Clusters/UPK_385/UPK_385_stars_in_region.tsv
# %ECSV 1.0
# ---
# datatype:
# - name: RA_ICRS_1
#   unit: deg
#   datatype: float64
#   format: '{:15.11f}'
#   description: Right ascension (ICRS) at Ep=2016.0 (ra)
#   meta: !!omap
#   - {ucd: POS_EQ_RA_MAIN}
#   - {width: 15}
#   - {precision: '11'}
# - name: DE_ICRS_1
#   unit: deg
#   datatype: float64
#   format: '{:15.11f}'
#   description: Declination (ICRS) at Ep=2016.0 (dec)
#   meta: !!omap
#   - {ucd: POS_EQ_DEC_MAIN}
#   - {width: 15}
#   - {precision: '11'}
# - name: e_RA_ICRS
#   unit: mas
#   datatype: float64
#   format: '{:7.4f}'
#   description: Standard error of right ascension (ra_error)
#   meta: !!omap
#   - {ucd: ERROR}
#   - {width: 7}
#   - {precision: '4'}
# - name: e_DE_ICRS
#   unit: mas
#   datatype: float64
#   format: '{:7.4f}'
#   description: Standard error of declination (dec_error)
#   meta: !!omap
#   - {ucd: ERROR}
#   - {width: 7}
#   - {precision: '4'}
# - name: _r_1
#   unit: ''
#   datatype: float64
#   format: '{:8.4f}'
#   description: Distance from center (075.72730725000+13.05989527000)[ICRS], at Epoch=J2016.0
#   meta: !!omap
#   - {ucd: POS_ANG_DIST_GENERAL}
#   - {width: 8}
#   - {precision: '4'}
# - name: HIP
#   datatype: int32
#   description: '? HIP cross-id number, van Leeuwen, Cat. I/311 (hip_original_ext_source_id)'
#   meta: !!omap
#   - {ucd: ID_NUMBER}
#   - {width: 6}
#   - values: {'null': -2147483648}
# - name: TYC2
#   datatype: string
#   description: Tycho-2 cross-id name, Hog et al., Cat. I/259 (tyc2_original_ext_source_id)
#   meta: !!omap
#   - {ucd: ID_CROSSID}
#   - {_votable_string_dtype: char}
# - name: Source
#   datatype: int64
#   description: Source identifier, identical to the Gaia-EDR3 source_id (id)
#   meta: !!omap
#   - {ucd: ID_MAIN}
#   - {width: 19}
# - name: rgeo
#   unit: pc
#   datatype: float64
#   format: '{:15.8f}'
#   description: '? Median of the geometric distance posterior (r_med_geo)'
#   meta: !!omap
#   - {ucd: PHYS_DISTANCE_TRUE}
#   - {width: 15}
#   - {precision: '8'}
#   - values: {'null': .nan}
# - name: Plx
#   unit: mas
#   datatype: float64
#   format: '{:9.4f}'
#   description: '? Parallax (parallax)'
#   meta: !!omap
#   - {ucd: POS_PARLX_TRIG}
#   - {width: 9}
#   - {precision: '4'}
#   - values: {'null': .nan}
# - name: e_Plx
#   unit: mas
#   datatype: float32
#   format: '{:7.4f}'
#   description: '? Standard error of parallax (parallax_error)'
#   meta: !!omap
#   - {ucd: ERROR}
#   - {width: 7}
#   - {precision: '4'}
#   - values: {'null': .nan}
# - name: pmRA
#   unit: mas / yr
#   datatype: float64
#   format: '{:9.3f}'
#   description: '? Proper motion in right ascension direction, pmRA*cosDE (pmra)'
#   meta: !!omap
#   - {ucd: POS_EQ_PMRA}
#   - {width: 9}
#   - {precision: '3'}
#   - values: {'null': .nan}
# - name: pmDE
#   unit: mas / yr
#   datatype: float64
#   format: '{:9.3f}'
#   description: '? Proper motion in declination direction (pmdec)'
#   meta: !!omap
#   - {ucd: POS_EQ_PMDEC}
#   - {width: 9}
#   - {precision: '3'}
#   - values: {'null': .nan}
# - name: e_pmRA
#   unit: mas / yr
#   datatype: float32
#   format: '{:6.3f}'
#   description: '? Standard error of proper motion in right ascension direction (pmra_error)'
#   meta: !!omap
#   - {ucd: ERROR}
#   - {width: 6}
#   - {precision: '3'}
#   - values: {'null': .nan}
# - name: e_pmDE
[...]
#         unit: &id001 !astropy.units.Unit {unit: deg}
#         value: !astropy.table.SerializedColumn {name: SkyCoord.dec}
#       distance: !astropy.table.SerializedColumn
#         __class__: astropy.coordinates.distances.Distance
#         unit: !astropy.units.Unit {unit: pc}
#         value: !astropy.table.SerializedColumn {name: SkyCoord.distance}
#       frame: icrs
#       obstime: !astropy.time.Time {format: jyear_str, in_subfmt: '*', jd1: 367701545.0, jd2: 0.0, out_subfmt: '*', precision: 3, scale: tt}
#       pm_dec: !astropy.table.SerializedColumn
#         __class__: astropy.units.quantity.Quantity
#         unit: !astropy.units.Unit {unit: mas / yr}
#         value: !astropy.table.SerializedColumn {name: SkyCoord.pm_dec}
#       pm_ra_cosdec: !astropy.table.SerializedColumn
#         __class__: astropy.units.quantity.Quantity
#         unit: !astropy.units.Unit {unit: mas / yr}
#         value: !astropy.table.SerializedColumn {name: SkyCoord.pm_ra_cosdec}
#       ra: !astropy.table.SerializedColumn
#         __class__: astropy.coordinates.angles.Longitude
#         unit: *id001
#         value: !astropy.table.SerializedColumn {name: SkyCoord.ra}
#         wrap_angle: !astropy.coordinates.Angle
#           unit: *id001
#           value: 360.0
#       representation_type: spherical
# schema: astropy-2.0
RA_ICRS_1 DE_ICRS_1 e_RA_ICRS e_DE_ICRS _r_1 HIP TYC2 Source rgeo Plx e_Plx pmRA pmDE e_pmRA e_pmDE RUWE Teff logg Gmag BP-RP BPmag RPmag RV e_RV b_rgeo B_rgeo FG e_FG FBP e_FBP FRP e_FRP RAVE5 RAVE6 e_Gmag e_BPmag e_RPmag e_BP-RP SkyCoord.ra SkyCoord.dec SkyCoord.distance SkyCoord.pm_ra_cosdec SkyCoord.pm_dec
[from data line 477]
75.28995583413 13.79925976264 0.0197 0.0142 51.1802 "" "" 3391631529284434688 332.055817 2.9673 0.0227 1.618 -19.514 0.026 0.021 1.049 4663.2 4.5461 14.413483 1.502944 15.110322 13.607378 37.4 2.52 329.528992 334.935944 32326.13418 7.9249 12339.0 20.325 28590.0 20.28 "" "" 0.002768146955796436 0.0033141475 0.003857054 0.0071712015 75.28995583413 13.79925976264 332.055817 1.618 -19.514
76.62448662632 12.61406700763 0.0201 0.0138 58.9087 "" "" 3388254967731543296 336.027252 2.9319 0.0239 12.839 3.92 0.025 0.019 1.02 4676.2 4.56 14.419808 1.33729 15.019212 13.681922 -25.65 3.71 333.477234 339.516388 32138.33358 7.1231 13419.0 29.24 26692.0 20.206 "" "" 0.0027658086684713107 0.0036581617 0.0038677203 0.0075258818 76.62448662632 12.61406700763 336.027252 12.839000000000002 3.920000000000001
75.18956463951 13.20968665716 0.159 0.0999 32.6806 "" "" 3391573530048483200 321.805664 3.0914 0.2299 2.695 -3.493 0.202 0.155 2.289 "" "" 14.421312 1.567122 14.732734 13.165612 -129.61 7.06 302.028961 346.932587 32093.86079 87.04 17471.0 2428.7 42945.0 3730.6 "" "" 0.004032648779529593 0.15095747 0.094392784 0.24535024 75.18956463951 13.20968665716 321.805664 2.6949999999999994 -3.493
76.0863638989 12.86792587729 0.0254 0.0178 23.9464 "" "" 3391326178585369088 284.898773 3.464 0.0319 6.304 -63.762 0.033 0.026 1.321 "" "" 14.422045 1.491456 15.109154 13.617698 68.73 2.92 282.453094 287.697266 32072.21089 7.3828 12353.0 26.484 28319.0 36.034 "" "" 0.0027666322246196503 0.0036336547 0.0040239706 0.0076576252 76.0863638989 12.86792587729 284.898773 6.304 -63.762
75.70488722496 13.81872359409 0.0233 0.015 45.5485 "" "" 3391716470853342336 315.737152 3.1323 0.0269 -16.347 -22.395 0.03 0.021 1.071 4749.6 4.6169 14.428202 1.539036 15.142925 13.603889 -60.88 3.43 313.202118 318.098663 31890.83946 9.4909 11974.0 26.719 28682.0 25.623 "" "" 0.002774202020793584 0.0036952232 0.0039018597 0.007597083 75.70488722496 13.81872359409 315.737152 -16.347000000000005 -22.395
75.79879677948 12.94485280572 0.0211 0.0154 8.0692 "" "" 3391337272485541248 307.582275 3.2076 0.0246 1.955 -3.882 0.029 0.023 1.068 4901.5 4.2067 14.428316 2.121715 15.466153 13.344439 28.69 12.55 305.635864 310.154175 31887.4805 75.306 8891.1 76.419 36424.0 486.12 "" "" 0.00376382236295497 0.009740095 0.014975152 0.024715247 75.79879677948 12.94485280572 307.582275 1.9549999999999998 -3.882
75.99668073341 11.68333943574 0.0201 0.0142 84.0885 "" "" 3292109685269201536 314.472198 3.1361 0.024 5.271 -5.271 0.025 0.02 1.034 4578.3 4.6373 14.429374 1.46657 15.106419 13.639849 -25.29 6.14 311.686218 316.947327 31856.43576 8.8579 12384.0 15.956 27747.0 23.828 "" "" 0.002771810025352955 0.003121214 0.0038926946 0.0070139086 75.99668073341 11.68333943574 314.472198 5.271000000000001 -5.271
73.66017877609 13.239457172 0.0223 0.0091 121.2548 "" "" 3296294048567125760 313.203247 3.1501 0.0235 17.267 -40.274 0.027 0.019 0.956 4666.0 4.5464 14.441883 1.612333 15.204741 13.592407 -94.87 2.65 311.219147 315.419067 31491.5173 5.9952 11312.0 11.493 28986.0 19.062 "" "" 0.002763062267885475 0.003000316 0.003846237 0.0068465527 73.66017877609 13.239457172 313.203247 17.266999999999996 -40.274
74.60030721972 12.04014395724 0.0211 0.0135 90.0003 "" "" 3295180518165935104 355.44458 2.767 0.0233 18.635 21.199 0.026 0.019 0.98 5046.9 4.594 14.445823 1.373406 15.062118 13.688712 23.26 5.11 352.322479 358.746399 31377.4521 6.4595 12899.0 14.013 26526.0 21.567 "" "" 0.002764371192688723 0.003029237 0.0038811069 0.0069103437 74.60030721972 12.04014395724 355.44458 18.635 21.198999999999998
77.4399249513 13.66484251881 0.0239 0.0149 106.3596 "" "" 3391802262824186752 351.962006 2.8036 0.0308 -1.688 14.576 0.033 0.02 0.946 4777.5 4.6121 14.451427 1.285767 15.020909 13.735143 -12.61 5.09 347.917908 355.611237 31215.9042 6.8044 13398.0 26.642 25416.0 19.15 "" "" 0.002765465748223581 0.0035279312 0.0038669046 0.007394836 77.4399249513 13.66484251881 351.962006 -1.688 14.576000000000002
77.92598757653 13.04881003373 0.0198 0.0146 128.5128 "" "" 3388708378839371904 358.559906 2.749 0.0224 3.56 -13.49 0.024 0.019 1.012 4640.4 4.557 14.452227 1.42399 15.103276 13.679286 33.0 3.1 355.989471 361.650604 31192.91188 7.9341 12420.0 17.667 26757.0 23.02 "" "" 0.00276912542409234 0.003189088 0.0038931048 0.007082193 77.92598757653 13.04881003373 358.559906 3.56 -13.490000000000002
76.42562619209 14.99385325397 0.0208 0.014 122.9509 "" "" 3392944453543074816 343.255005 2.8692 0.0234 12.357 -4.5 0.026 0.019 0.97 4753.5 4.5679 14.453365 1.371943 15.073611 13.701668 49.19 11.88 340.668213 345.442108 31160.22092 10.036 12764.0 34.451 26211.0 31.99 "" "" 0.0027774220393709443 0.0040463298 0.0040049553 0.0080512855 76.42562619209 14.99385325397 343.255005 12.357000000000001 -4.499999999999999
74.23060658443 14.56788207155 0.0209 0.0104 125.6606 "" "" 3392680467673670784 312.594482 3.1576 0.0227 -5.428 7.557 0.024 0.018 1.005 4640.4 4.5502 14.46694 1.51689 15.169426 13.652535 16.0 2.38 310.510773 314.946411 30773.06487 5.8629 11685.0 13.972 27425.0 17.146 "" "" 0.002763074084596435 0.0030774127 0.003839856 0.006917269 74.23060658443 14.56788207155 312.594482 -5.427999999999999 7.5569999999999995
75.97733348569 11.30014331997 0.285 0.1992 106.5984 "" "" 3292023751563599232 378.196991 2.8263 0.3251 -5.916 -12.741 0.36 0.277 15.206 4383.2 4.5397 14.474583 1.629583 15.189434 13.559851 -17.01 5.19 340.362366 422.777863 30557.20924 55.258 11472.0 18.256 29869.0 43.23 "" "" 0.003383293601068762 0.0032818143 0.0040930486 0.007374863 75.97733348569 11.30014331997 378.196991 -5.9159999999999995 -12.740999999999996
74.81099357931 11.18929707786 0.0211 0.014 124.4424 "" "" 3294982704856997120 352.176392 2.7986 0.0253 12.628 -7.946 0.025 0.02 1.007 4610.0 4.5388 14.475532 1.434541 15.131278 13.696737 -3.07 3.02 348.710632 355.02887 30530.51169 8.3386 12103.0 17.054 26331.0 19.87 "" "" 0.0027712317480901283 0.0031820722 0.0038671715 0.007049244 74.81099357931 11.18929707786 352.176392 12.628 -7.945999999999999
74.77142649033 14.93863212376 0.0231 0.0144 125.7111 "" "" 3392799455447966848 309.451385 3.1844 0.0263 -2.114 0.607 0.032 0.022 1.086 4747.6 4.6595 14.477104 1.432803 15.132868 13.700065 14.93 9.37 307.340576 311.62735 30486.32958 10.717 12086.0 21.572 26250.0 39.971 "" "" 0.0027816297974509316 0.003397134 0.0041251644 0.007522298 74.77142649033 14.93863212376 309.451385 -2.1139999999999994 0.607
76.38777341772 11.37900876824 0.0205 0.014 108.0336 "" "" 3292039179086214400 356.972656 2.7613 0.0227 -5.502 -4.447 0.025 0.02 1.058 4689.1 4.5609 14.483211 1.342417 15.083752 13.741335 -11.21 3.3 354.066376 359.461884 30315.3112 10.35 12645.0 25.519 25271.0 30.822 "" "" 0.0027801430300323517 0.0035476922 0.0040046605 0.0075523527 76.38777341772 11.37900876824 356.972656 -5.502000000000001 -4.447
74.35136734477 13.08577050302 0.0222 0.0129 80.4317 "" "" 3295500196876432000 325.648315 3.0249 0.0243 16.437 -28.656 0.028 0.023 0.967 4572.6 4.5325 14.483284 1.407137 15.120399 13.713263 58.55 4.74 322.115601 327.945679 30313.29914 6.2525 12225.0 18.671 25933.0 22.313 "" "" 0.0027644061851161473 0.0032457283 0.0038931242 0.0071388525 74.35136734477 13.08577050302 325.648315 16.437 -28.656
75.85477473337 13.39178825886 0.0207 0.0136 21.2599 "" "" 3391637649613658368 347.985901 2.8302 0.0237 -7.271 -7.42 0.025 0.019 1.043 4777.9 4.626 14.492193 1.339417 15.092808 13.75339 -0.53 4.27 345.14917 350.623077 30065.58005 14.323 12540.0 27.12 24992.0 35.557 "" "" 0.0028034483099554533 0.0036467272 0.0040828753 0.0077296025 75.85477473337 13.39178825886 347.985901 -7.271000000000001 -7.419999999999999
75.56799629358 14.56639272409 0.0212 0.0143 90.8652 "" "" 3392540073782408320 376.819244 2.6171 0.024 -9.24 -8.238 0.026 0.02 0.979 5483.7 4.553 14.492312 1.464077 15.157167 13.69309 0.5 4.25 373.647552 379.310577 30062.2605 7.7433 11818.0 27.06 26419.0 20.804 "" "" 0.0027694762218938886 0.0037370366 0.0038748826 0.007611919 75.56799629358 14.56639272409 376.819244 -9.24 -8.238
76.61119028012 14.34205347933 0.0607 0.0396 92.589 "" "" 3392086731394065920 288.229553 3.4274 0.0671 -6.492 -3.83 0.074 0.055 3.231 4202.1 4.3124 14.494181 1.836863 15.382209 13.545346 -30.74 3.17 282.284332 294.198151 30010.58628 18.416 9605.8 13.748 30270.0 25.63 "" "" 0.0028347300789602803 0.0031937023 0.0038895826 0.0070832847 76.61119028012 14.34205347933 288.229553 -6.492000000000001 -3.83
76.58275530316 13.17142608658 0.0235 0.016 50.4339 "" "" 3391385650996445312 336.289215 2.9225 0.0269 14.028 -27.282 0.03 0.021 1.1 "" "" 14.496934 1.497101 15.191281 13.69418 47.79 3.63 333.406616 339.169708 29934.57031 8.1284 11453.0 15.343 26393.0 17.662 "" "" 0.00277104817487794 0.0031465273 0.0038485876 0.006995115 76.58275530316 13.17142608658 336.289215 14.028 -27.282
74.36390402199 14.09150798641 0.0209 0.0125 100.7681 "" "" 3392460462268553472 359.734924 2.7335 0.0244 33.327 28.934 0.026 0.02 1.043 5011.8 4.6119 14.497778 1.361886 15.108298 13.746412 19.14 6.15 356.856995 362.661682 29911.32837 5.8314 12362.0 16.477 25153.0 17.22 "" "" 0.0027634388053084935 0.0031431343 0.0038517828 0.006994917 74.36390402199 14.09150798641 359.734924 33.327000000000005 28.934000000000005
75.55580100451 14.71301207017 0.0231 0.0141 99.6888 "" "" 3392546636492300288 261.659546 3.7721 0.0255 -9.485 -10.737 0.027 0.022 0.989 4467.5 4.6189 14.502657 1.626194 15.273481 13.647287 -13.42 3.08 259.817902 263.689575 29777.21827 8.8096 10618.0 14.836 27558.0 24.076 "" "" 0.0027739806674968374 0.0031759208 0.0038965982 0.007072519 75.55580100451 14.71301207017 261.659546 -9.484999999999998 -10.737
74.15062238428 12.5829229243 0.0282 0.0108 96.5794 "" "" 3295446806138171392 366.533508 2.6856 0.0287 51.633 -19.746 0.037 0.026 1.003 "" "" 14.502765 1.41997 15.145365 13.725395 38.14 3.43 362.810242 370.579559 29774.26442 6.0442 11947.0 12.821 25645.0 17.066 "" "" 0.0027641215446324134 0.0030236826 0.0038478267 0.0068715094 74.15062238428 12.5829229243 366.533508 51.63300000000001 -19.746
75.31741789316 11.13184514963 0.0216 0.0149 118.1557 "" "" 3291970322170210176 281.106995 3.5174 0.0264 -18.817 -3.463 0.028 0.022 1.117 "" "" 14.508246 1.565 15.236777 13.671778 -9.31 4.3 278.962463 283.010406 29624.31783 7.4572 10983.0 14.727 26943.0 15.703 "" "" 0.0027688420795395994 0.0031471506 0.0038319908 0.0069791414 75.31741789316 11.13184514963 281.106995 -18.817 -3.463
75.24722246585 13.31555691133 0.022 0.0146 31.9664 "" "" 3391598376432566400 342.634827 2.8734 0.0258 2.434 -3.825 0.028 0.021 1.045 4693.2 4.566 14.509632 1.386631 15.13847 13.751839 -3.86 4.29 339.544525 345.305359 29586.52685 8.975 12023.0 13.113 25028.0 26.856 "" "" 0.0027749350220065824 0.0030310566 0.0039548753 0.0069859317 75.24722246585 13.31555691133 342.634827 2.434 -3.8249999999999993
74.94054877987 11.90657056451 0.0252 0.0145 83.1428 "" "" 3295161379791888256 271.252319 3.6493 0.0278 3.341 -2.945 0.036 0.023 1.043 4479.0 4.5357 14.51509 1.647086 15.29799 13.650904 5.77 4.26 268.947235 273.511139 29438.16926 9.1627 10381.0 20.087 27466.0 18.381 "" "" 0.0027759667619621105 0.003492667 0.0038485948 0.007341262 74.94054877987 11.90657056451 271.252319 3.341000000000001 -2.9449999999999994
76.68072986114 12.67027809902 0.0225 0.0158 60.4705 "" "" 3388349006039325440 304.048615 3.2538 0.0262 -4.665 -5.466 0.028 0.022 1.099 4523.6 4.6101 14.516864 1.516338 15.217997 13.701658 -20.09 3.18 301.46814 307.215698 29390.11452 9.1921 11174.0 23.142 26212.0 23.671 "" "" 0.0027761667221360485 0.0035834832 0.0039044945 0.007487978 76.68072986114 12.67027809902 304.048615 -4.665 -5.466000000000001
75.29715245732 12.3964688625 0.0233 0.0159 47.0984 "" "" 3295219443454283904 369.254852 2.6631 0.0268 11.855 -21.502 0.03 0.023 1.147 "" "" 14.519073 "" "" "" 87.65 6.49 366.347931 373.067963 29330.34579 10.716 "" "" "" "" "" "" 0.0027837284480240233 "" "" "" 75.29715245732 12.3964688625 369.254852 11.855000000000002 -21.501999999999995
75.93897773424 12.1452882166 0.0203 0.0141 56.2586 "" "" 3391212585290587008 312.216248 3.1579 0.0227 9.298 -10.703 0.025 0.019 0.944 4498.7 4.6018 14.524291 1.476386 15.204428 13.728042 42.61 3.23 309.658966 314.474091 29189.75038 6.7685 11315.0 15.401 25582.0 29.315 "" "" 0.002766798219638242 0.0031573677 0.003978905 0.0071362723 75.93897773424 12.1452882166 312.216248 9.298000000000002 -10.703000000000003
75.2861727785 12.87721615003 0.0262 0.017 28.0252 "" "" 3391499557825191040 303.57309 3.2394 0.0282 2.156 -3.921 0.033 0.023 1.243 "" "" 14.525792 2.38641 15.791321 13.404911 15.74 5.93 300.593353 306.335327 29149.43086 68.311 6590.0 71.554 34450.0 208.91 "" "" 0.003750432534683372 0.012114574 0.0075916853 0.01970626 75.2861727785 12.87721615003 303.57309 2.156 -3.9210000000000003
76.91538288237 11.29296081656 0.0207 0.0145 126.8636 "" "" 3387909446202578944 345.037109 2.8536 0.024 1.108 -2.291 0.026 0.021 0.979 4697.6 4.5448 14.532786 1.427781 15.182395 13.754614 -10.35 4.42 342.638489 347.427246 28962.23793 14.865 11547.0 27.214 24964.0 46.899 "" "" 0.0028111077848579575 0.003785874 0.0042946762 0.0080805505 76.91538288237 11.29296081656 345.037109 1.108 -2.2910000000000004
74.31805761529 11.8156592975 0.0213 0.0111 111.314 "" "" 3295077370231265280 273.668365 3.611 0.0221 3.982 -6.615 0.027 0.02 1.065 4624.8 4.5159 14.534328 1.640038 15.306778 13.666739 4.89 7.06 271.945221 275.079224 28921.13979 39.765 10297.0 52.342 27068.0 110.31 "" "" 0.0031337399191527305 0.006184246 0.005819074 0.012003319 74.31805761529 11.8156592975 273.668365 3.9819999999999998 -6.615
74.60592573773 14.78839772842 0.0255 0.0145 122.5571 "" "" 3392773101528665984 304.66568 3.2366 0.0264 7.383 -23.773 0.033 0.022 0.996 4664.1 4.593 14.54989 1.582501 15.235373 13.652873 -57.22 5.23 302.34256 307.21167 28509.58593 11.773 10997.0 74.754 27416.0 124.3 "" "" 0.00279156053676852 0.007890279 0.0062060747 0.014096354 74.60592573773 14.78839772842 304.66568 7.382999999999998 -23.773
76.99173996304 14.7155082112 0.0218 0.0146 123.6584 "" "" 3392124767624369152 340.304626 2.9018 0.025 3.718 -13.22 0.027 0.021 1.06 4647.9 4.5476 14.556443 1.459422 15.224453 13.765031 -15.66 4.87 337.290039 343.044128 28338.02171 19.069 11108.0 33.139 24726.0 54.03 "" "" 0.002850539109948267 0.004275159 0.004462338 0.008737497 76.99173996304 14.7155082112 340.304626 3.7179999999999995 -13.219999999999999
77.54566936132 11.87704757383 0.1493 0.1061 128.0027 "" "" 3388049805733515776 331.077087 3.1013 0.1684 7.105 -11.894 0.197 0.15 6.994 4526.5 4.3192 14.556912 1.448937 15.139699 13.690762 -35.45 3.04 312.470764 345.923279 28325.77724 56.995 12010.0 17.856 26476.0 21.131 "" "" 0.0035163086675009943 0.0032234746 0.0038774516 0.0071009262 77.54566936132 11.87704757383 331.077087 7.1049999999999995 -11.894
76.54574576745 14.13185548337 0.0216 0.0148 80.0928 "" "" 3392075049083046784 342.854797 2.8732 0.0251 -7.793 -10.774 0.027 0.02 1.146 4772.3 4.5908 14.558695 1.459256 15.228652 13.769396 -1.3 4.56 339.728363 346.023895 28279.29927 7.7908 11065.0 16.371 24626.0 27.049 "" "" 0.0027715084335140933 0.00321955 0.0039630714 0.0071826214 76.54574576745 14.13185548337 342.854797 -7.793000000000001 -10.773999999999997
75.88606840101 11.65791720119 0.021 0.0143 84.6317 "" "" 3292104325150033024 361.025818 2.7276 0.0244 3.189 -10.166 0.026 0.02 1.013 4620.7 4.5902 14.559795 1.366343 15.177023 13.810679 37.61 6.46 357.859497 363.593353 28250.66483 10.762 11604.0 29.178 23708.0 26.518 "" "" 0.002786191079320378 0.003903623 0.0039697043 0.0078733275 75.88606840101 11.65791720119 361.025818 3.189 -10.165999999999999
