Clusters/UPK_385/UPK_385_members.tsv
# %ECSV 1.0
# ---
# datatype:
# - name: RA_ICRS_1
#   unit: deg
#   datatype: float64
#   format: '{:15.11f}'
#   description: Right ascension (ICRS) at Ep=2016.0 (ra)
#   meta: !!omap
#   - {ucd: POS_EQ_RA_MAIN}
#   - {width: 15}
#   - {precision: '11'}
# - name: DE_ICRS_1
#   unit: deg
#   datatype: float64
#   format: '{:15.11f}'
#   description: Declination (ICRS) at Ep=2016.0 (dec)
#   meta: !!omap
#   - {ucd: POS_EQ_DEC_MAIN}
#   - {width: 15}
#   - {precision: '11'}
# - name: e_RA_ICRS
#   unit: mas
#   datatype: float64
#   format: '{:7.4f}'
#   description: Standard error of right ascension (ra_error)
#   meta: !!omap
#   - {ucd: ERROR}
#   - {width: 7}
#   - {precision: '4'}
# - name: e_DE_ICRS
#   unit: mas
#   datatype: float64
#   format: '{:7.4f}'
#   description: Standard error of declination (dec_error)
#   meta: !!omap
#   - {ucd: ERROR}
#   - {width: 7}
#   - {precision: '4'}
# - name: _r_1
#   unit: ''
#   datatype: float64
#   format: '{:8.4f}'
#   description: Distance from center (075.72730725000+13.05989527000)[ICRS], at Epoch=J2016.0
#   meta: !!omap
#   - {ucd: POS_ANG_DIST_GENERAL}
#   - {width: 8}
#   - {precision: '4'}
# - name: HIP
#   datatype: int32
#   description: '? HIP cross-id number, van Leeuwen, Cat. I/311 (hip_original_ext_source_id)'
#   meta: !!omap
#   - {ucd: ID_NUMBER}
#   - {width: 6}
#   - values: {'null': -2147483648}
# - name: TYC2
#   datatype: string
#   description: Tycho-2 cross-id name, Hog et al., Cat. I/259 (tyc2_original_ext_source_id)
#   meta: !!omap
#   - {ucd: ID_CROSSID}
#   - {_votable_string_dtype: char}
# - name: Source
#   datatype: int64
#   description: Source identifier, identical to the Gaia-EDR3 source_id (id)
#   meta: !!omap
#   - {ucd: ID_MAIN}
#   - {width: 19}
# - name: rgeo
#   unit: pc
#   datatype: float64
#   format: '{:15.8f}'
#   description: '? Median of the geometric distance posterior (r_med_geo)'
#   meta: !!omap
#   - {ucd: PHYS_DISTANCE_TRUE}
#   - {width: 15}
#   - {precision: '8'}
#   - values: {'null': .nan}
# - name: Plx
#   unit: mas
#   datatype: float64
#   format: '{:9.4f}'
#   description: '? Parallax (parallax)'
#   meta: !!omap
#   - {ucd: POS_PARLX_TRIG}
#   - {width: 9}
#   - {precision: '4'}
#   - values: {'null': .nan}
# - name: e_Plx
#   unit: mas
#   datatype: float32
#   format: '{:7.4f}'
#   description: '? Standard error of parallax (parallax_error)'
#   meta: !!omap
#   - {ucd: ERROR}
#   - {width: 7}
#   - {precision: '4'}
#   - values: {'null': .nan}
# - name: pmRA
#   unit: mas / yr
#   datatype: float64
#   format: '{:9.3f}'
#   description: '? Proper motion in right ascension direction, pmRA*cosDE (pmra)'
#   meta: !!omap
#   - {ucd: POS_EQ_PMRA}
#   - {width: 9}
#   - {precision: '3'}
#   - values: {'null': .nan}
# - name: pmDE
#   unit: mas / yr
#   datatype: float64
#   format: '{:9.3f}'
#   description: '? Proper motion in declination direction (pmdec)'
#   meta: !!omap
#   - {ucd: POS_EQ_PMDEC}
#   - {width: 9}
#   - {precision: '3'}
#   - values: {'null': .nan}
# - name: e_pmRA
#   unit: mas / yr
#   datatype: float32
#   format: '{:6.3f}'
#   description: '? Standard error of proper motion in right ascension direction (pmra_error)'
#   meta: !!omap
#   - {ucd: ERROR}
#   - {width: 6}
#   - {precision: '3'}
#   - values: {'null': .nan}
# - name: e_pmDE
[...]
#       distance: !astropy.table.SerializedColumn
#         __class__: astropy.coordinates.distances.Distance
#         unit: !astropy.units.Unit {unit: pc}
#         value: !astropy.table.SerializedColumn {name: SkyCoord.distance}
#       frame: icrs
#       obstime: !astropy.time.Time {format: jyear_str, in_subfmt: '*', jd1: 367701545.0, jd2: 0.0, out_subfmt: '*', precision: 3, scale: tt}
#       pm_dec: !astropy.table.SerializedColumn
#         __class__: astropy.units.quantity.Quantity
#         unit: !astropy.units.Unit {unit: mas / yr}
#         value: !astropy.table.SerializedColumn {name: SkyCoord.pm_dec}
#       pm_ra_cosdec: !astropy.table.SerializedColumn
#         __class__: astropy.units.quantity.Quantity
#         unit: !astropy.units.Unit {unit: mas / yr}
#         value: !astropy.table.SerializedColumn {name: SkyCoord.pm_ra_cosdec}
#       ra: !astropy.table.SerializedColumn
#         __class__: astropy.coordinates.angles.Longitude
#         unit: *id001
#         value: !astropy.table.SerializedColumn {name: SkyCoord.ra}
#         wrap_angle: !astropy.coordinates.Angle
#           unit: *id001
#           value: 360.0
#       representation_type: spherical
# schema: astropy-2.0
RA_ICRS_1 DE_ICRS_1 e_RA_ICRS e_DE_ICRS _r_1 HIP TYC2 Source rgeo Plx e_Plx pmRA pmDE e_pmRA e_pmDE RUWE Teff logg Gmag BP-RP BPmag RPmag RV e_RV b_rgeo B_rgeo FG e_FG FBP e_FBP FRP e_FRP RAVE5 RAVE6 e_Gmag e_BPmag e_RPmag e_BP-RP SkyCoord.ra SkyCoord.dec SkyCoord.distance SkyCoord.pm_ra_cosdec SkyCoord.pm_dec rmRA rmDE e_rmRA e_rmDE rRV e_rRV v_pec v_pec3d e_vpec e_vpec3d Pmemb
75.16620093089 12.33606769108 0.0178 0.0118 54.4498 "" 693-424-1 3295213091196915200 301.687622 3.2868 0.0206 1.371 -4.162 0.022 0.018 1.037 8080.5 3.9357 9.390581 0.406842 9.530748 9.123906 "" "" 299.672272 303.439301 3301521.8671 841.21 2104300.0 1565.8 1776600.0 457.9 "" "" 0.0027691729723290583 0.0029047783 0.0037897276 0.006694506 75.16620093089 12.33606769108 301.687622 1.3709999999999996 -4.161999999999997 -0.44424133682250977 -0.698137819290161 0.34149623 0.33749622 "" "" 1.1833162616457142 "" 0.4007346747865007 "" 1.0
76.51199768732 12.46643947241 0.0216 0.0142 58.1062 "" 693-218-1 3388251772275879296 319.092346 3.0998 0.0235 1.603 -3.476 0.027 0.019 1.027 9114.3 4.3595 9.989999 0.292223 10.090644 9.798421 12.56 3.52 316.921753 321.318542 1900847.58313 917.49 1256500.0 1129.9 954530.0 506.9 "" "" 0.0028047147625642104 0.0029560602 0.0038231097 0.0067791697 76.51199768732 12.46643947241 319.092346 1.6029999999999995 -3.476 -0.21224133682250979 -0.012137819290161111 0.34649622 0.3384962 6.1195 6.6368423 0.32153905729532084 6.1279415479724 0.11140378036607919 6.62770224429067 1.0
75.48842067634 12.93200282263 0.0227 0.0131 15.9353 "" 693-729-1 3391503509195080704 318.43927 3.1152 0.024 2.019 -2.852 0.03 0.02 0.992 9377.7 4.2665 10.023827 0.324106 10.135353 9.811247 13.7 2.82 316.050293 320.855804 1842536.03582 745.75 1205800.0 1136.3 943320.0 404.7 "" "" 0.0027901431302167377 0.0029718508 0.003807978 0.006779829 75.48842067634 12.93200282263 318.43927 2.019 -2.852 0.20375866317749036 0.611862180709839 0.34949622 0.33949623 7.259499999999999 5.936842 0.973409825018639 7.324470420272227 0.3314535365054059 5.884345135230809 1.0
75.45060648911 12.91650737105 0.0229 0.0133 18.3227 "" 693-606-1 3391504093310637696 316.377167 3.1243 0.023 1.847 -3.43 0.031 0.021 1.128 6387.4 4.129 11.004693 0.704556 11.277402 10.572845 12.03 3.96 314.141663 318.158997 746568.36401 241.65 421170.0 232.37 467760.0 150.59 "" "" 0.0027776417998649668 0.0028537489 0.0037955113 0.0066492604 75.45060648911 12.91650737105 316.377167 1.847 -3.4300000000000006 0.03175866317749021 0.03386218070983871 0.3504962 0.3404962 5.589499999999999 7.0768423 0.06961988568208517 5.5899335576089255 0.024033623000872018 7.076293431495246 1.0
75.19007869405 13.20948767514 0.0225 0.0147 32.6484 "" 697-2128-1 3391573530046882304 306.600616 3.2267 0.0271 1.979 -4.132 0.029 0.021 1.159 5596.1 4.0485 11.080909 0.997818 11.491075 10.493257 23.47 2.27 304.314972 309.065186 695958.47968 823.16 345930.0 1327.6 503330.0 1419.9 "" "" 0.0030398852777339994 0.005014711 0.0048646615 0.009879373 75.19007869405 13.20948767514 306.600616 1.9790000000000003 -4.132 0.16375866317749033 -0.6681378192901608 0.3484962 0.3404962 17.0295 5.3868423 0.999735756862743 17.058820059826818 0.3408644808475001 5.377620652199661 1.0
75.75624607695 13.04239078031 0.014 0.0097 1.991 "" "" 3391342014129430656 310.823151 3.2029 0.016 1.948 -3.667 0.017 0.014 1.159 5439.6 4.0469 12.400357 1.332586 12.990147 11.65756 16.94 11.83 309.209259 312.457855 206444.76052 606.94 86968.0 831.56 172240.0 1196.6 "" "" 0.004216729574061609 0.010749872 0.008436783 0.019186655 75.75624607695 13.04239078031 310.823151 1.948 -3.667 0.1327586631774902 -0.20313781929016095 0.3364962 0.3334962 10.499500000000001 14.946842 0.3575294937509554 10.505585542410373 0.11955675020748573 14.938184530463191 1.0
75.78774934471 12.90050059539 0.0229 0.0156 10.1957 "" "" 3391335490074495872 312.53006 3.1524 0.0258 1.738 -3.397 0.031 0.023 1.552 "" "" 13.57089 1.908213 14.514443 12.606231 23.82 2.53 310.212158 314.444336 70240.96681 63.918 21362.0 71.567 71890.0 173.65 "" "" 0.002927103299087657 0.004584319 0.004600186 0.009184505 75.78774934471 12.90050059539 312.53006 1.7380000000000004 -3.3970000000000002 -0.07724133682250978 0.06686218070983907 0.3504962 0.34249622 17.3795 5.646842 0.15133985173781445 17.380158917591174 0.052528854284122635 5.646627937993445 1.0
75.64721495783 13.47598599025 0.0149 0.0103 25.3998 "" "" 3391560920022884992 310.993347 3.1779 0.016 2.073 -3.478 0.018 0.014 1.03 4539.1 4.2191 13.769207 1.566938 14.497671 12.930733 5.56 10.09 309.395874 312.724731 58514.5593 84.611 21694.0 127.73 53317.0 202.93 "" "" 0.0031712060471898924 0.006974983 0.005600058 0.0125750415 75.64721495783 13.47598599025 310.993347 2.073 -3.4780000000000006 0.2577586631774902 -0.014137819290161335 0.33749622 0.3334962 -0.8805000000000005 13.206842 0.38053534382817283 0.9592118628866235 0.12842470198572134 12.123210619704059 1.0
76.00085552269 12.98302810197 0.0179 0.0116 16.6427 "" "" 3391331298186380800 312.987701 3.1502 0.0205 2.098 -3.535 0.022 0.016 1.016 4202.6 4.1943 14.160506 1.80844 15.036223 13.227783 -17.96 4.42 310.804382 314.944305 40807.88311 50.369 13211.0 65.315 40555.0 149.84 "" "" 0.0030639369881437636 0.006049712 0.0055114357 0.011561148 76.00085552269 12.98302810197 312.987701 2.0979999999999994 -3.535 0.2827586631774901 -0.07113781929016127 0.34149623 0.33549622 -24.4005 7.5368423 0.43256205014037286 24.404333840062538 0.14756509119820857 7.535658787127067 1.0
75.79879677948 12.94485280572 0.0211 0.0154 8.0692 "" "" 3391337272485541248 307.582275 3.2076 0.0246 1.955 -3.882 0.029 0.023 1.068 4901.5 4.2067 14.428316 2.121715 15.466153 13.344439 28.69 12.55 305.635864 310.154175 31887.4805 75.306 8891.1 76.419 36424.0 486.12 "" "" 0.00376382236295497 0.009740095 0.014975152 0.024715247 75.79879677948 12.94485280572 307.582275 1.9549999999999998 -3.882 0.1397586631774903 -0.41813781929016125 0.3484962 0.34249622 22.2495 15.666842 0.6427708680046901 22.258782640538893 0.22053719088177448 15.660310169718224 1.0
75.24722246585 13.31555691133 0.022 0.0146 31.9664 "" "" 3391598376432566400 342.634827 2.8734 0.0258 2.434 -3.825 0.028 0.021 1.045 4693.2 4.566 14.509632 1.386631 15.13847 13.751839 -3.86 4.29 339.544525 345.305359 29586.52685 8.975 12023.0 13.113 25028.0 26.856 "" "" 0.0027749350220065824 0.0030310566 0.0039548753 0.0069859317 75.24722246585 13.31555691133 342.634827 2.434 -3.824999999999998 0.6187586631774904 -0.3611378192901613 0.3474962 0.3404962 -10.3005 7.406842 1.1635584521404343 10.366010250889559 0.40227823423977155 7.360171598790514 1.0
75.2861727785 12.87721615003 0.0262 0.017 28.0252 "" "" 3391499557825191040 303.57309 3.2394 0.0282 2.156 -3.921 0.033 0.023 1.243 "" "" 14.525792 2.38641 15.791321 13.404911 15.74 5.93 300.593353 306.335327 29149.43086 68.311 6590.0 71.554 34450.0 208.91 "" "" 0.003750432534683372 0.012114574 0.0075916853 0.01970626 75.2861727785 12.87721615003 303.57309 2.1560000000000006 -3.9210000000000007 0.3407586631774904 -0.45713781929016095 0.3524962 0.34249622 9.2995 9.046843 0.820435394913534 9.33562073390018 0.2839536694311829 9.01187371192422 1.0
75.5634759793 13.0197308427 0.0235 0.0149 9.875 "" "" 3391528523084596608 313.856781 3.143 0.0258 2.014 -3.524 0.03 0.022 1.003 3738.8 4.0874 14.638975 1.90757 15.574957 13.667387 20.47 5.61 310.556946 316.552429 26263.75423 36.514 8043.3 51.758 27052.0 148.03 "" "" 0.003141705652707974 0.007523164 0.007041425 0.014564589 75.5634759793 13.0197308427 313.856781 2.014 -3.5239999999999996 0.19875866317749002 -0.060137819290161154 0.34949622 0.34149623 14.029499999999999 8.726843 0.3089278823437878 14.032900864984738 0.10776402809874203 8.7247282577289 1.0
75.98119453325 13.096424903 0.0247 0.0185 14.9991 "" "" 3391346171658472192 309.958618 3.1747 0.0287 1.79 -3.306 0.031 0.024 1.082 "" "" 15.010756 2.340775 16.241428 13.900653 8.82 9.2 307.488068 312.510895 18648.50695 40.238 4353.6 47.887 21822.0 112.77 "" "" 0.0036166325659081093 0.012264058 0.006764953 0.01902901 75.98119453325 13.096424903 309.958618 1.79 -3.306 -0.02524133682250973 0.15786218070983882 0.3504962 0.3434962 2.3795 12.316842 0.23487783438465829 2.3910641662417236 0.08072103826207053 12.257275347822366 1.0
75.92764466131 12.93170796854 0.039 0.0263 14.0119 "" "" 3391324838555580800 330.181274 2.9847 0.0423 1.841 -3.352 0.049 0.036 1.311 3649.6 4.0798 15.491961 2.477038 16.751944 14.274905 "" "" 325.994904 334.725464 11971.88157 43.129 2720.4 59.574 15460.0 275.0 "" "" 0.004784430362466355 0.023939675 0.019679224 0.0436189 75.92764466131 12.93170796854 330.181274 1.8409999999999997 -3.3520000000000016 0.025758663177490204 0.111862180709839 0.3684962 0.35549623 "" "" 0.17965255080984727 "" 0.06398544510599691 "" 1.0
75.64708241925 13.72289467688 0.0555 0.0373 40.0546 "" "" 3391706643968285184 309.278442 3.1698 0.0633 1.4 -3.091 0.072 0.053 1.097 "" "" 15.564618 3.859993 18.015966 14.155973 35.43 6.24 304.420227 314.758759 11196.94547 10.036 849.24 12.092 17249.0 44.61 "" "" 0.0029221284666788596 0.01570915 0.004708336 0.020417487 75.64708241925 13.72289467688 309.278442 1.4 -3.0909999999999997 -0.41524133682250985 0.3728621807098387 0.3914962 0.37249622 28.9895 9.356842 0.8181317655947253 29.001042219821603 0.31345197615939346 9.353122260777766 1.0
75.75359004328 12.20201234773 0.0372 0.0258 51.496 "" "" 3391228184611812864 303.649384 3.2453 0.0445 1.843 -3.488 0.046 0.035 1.015 3573.8 4.2602 15.787912 2.496482 17.135513 14.639031 "" "" 299.808319 307.834198 9115.52971 13.988 1910.8 21.245 11055.0 45.076 "" "" 0.003219881895967047 0.012389884 0.0058208406 0.018210724 75.75359004328 12.20201234773 303.649384 1.843 -3.488 0.027758663177490206 -0.024137819290161122 0.36549622 0.3544962 "" "" 0.05294539130411672 "" 0.019102754750648293 "" 1.0
75.61843851418 13.7771694036 0.0473 0.0292 43.5029 "" "" 3391710560978349568 291.511505 3.3721 0.0553 1.908 -2.819 0.063 0.043 1.195 "" "" 15.810515 3.107758 17.591866 14.484108 "" "" 286.647858 295.463989 8927.72077 155.54 1255.1 103.43 12750.0 483.13 "" "" 0.01911546605914857 0.089516595 0.04131454 0.13083114 75.61843851418 13.7771694036 291.511505 1.908 -2.819 0.09275866317749015 0.6448621807098389 0.3824962 0.36249623 "" "" 0.9002186941311335 "" 0.32670070432469744 "" 1.0
75.66797499422 13.74850192589 0.0515 0.0334 41.4613 "" "" 3391707258148399872 308.149292 3.1655 0.0579 1.33 -2.916 0.07 0.051 1.008 "" "" 15.901449 3.551053 18.090904 14.539851 "" "" 302.881165 317.127167 8210.45555 9.8414 792.6 11.871 12112.0 32.195 "" "" 0.0030472045651593936 0.016499022 0.004755286 0.021254309 75.66797499422 13.74850192589 308.149292 1.3299999999999998 -2.916 -0.4852413368225097 0.5478621807098389 0.3894962 0.3704962 "" "" 1.0689680266400199 "" 0.4051026545762213 "" 1.0
76.03118598518 12.91476514473 0.043 0.0269 19.7856 "" "" 3391329683278681984 312.416779 3.1466 0.0489 1.874 -3.291 0.054 0.041 1.002 3471.9 4.0099 15.911546 2.78352 17.477459 14.693939 "" "" 308.29007 317.001038 8134.45521 15.246 1394.5 14.879 10510.0 59.192 "" "" 0.0034253134998978928 0.011915832 0.007188527 0.019104358 76.03118598518 12.91476514473 312.416779 1.874 -3.2910000000000013 0.058758663177490345 0.17286218070983894 0.3734962 0.36049622 "" "" 0.2703683481294416 "" 0.09783667621766533 "" 1.0
75.5916184175 12.84681819943 0.0754 0.0429 15.0465 "" "" 3391314320180789376 346.986084 2.845 0.0827 1.487 -3.585 0.113 0.073 1.437 3526.1 4.1878 15.954889 2.94028 17.623339 14.683059 "" "" 335.633362 357.252563 7816.11429 9.7551 1219.2 14.007 10615.0 26.041 "" "" 0.0030705102003774805 0.012781927 0.004623663 0.01740559 75.5916184175 12.84681819943 346.986084 1.4870000000000005 -3.585 -0.32824133682250967 -0.1211378192901611 0.43249622 0.39249623 "" "" 0.5754542683040205 "" 0.2462360898878854 "" 1.0
74.95720444497 13.2394383814 0.0592 0.0335 46.2662 "" "" 3391576798516904064 314.20459 3.1337 0.0631 1.408 -3.515 0.08 0.054 1.062 3470.7 4.2082 16.056555 3.02269 17.806026 14.783337 "" "" 308.041443 320.41568 7117.45828 9.9561 1030.4 15.677 9678.8 30.202 "" "" 0.003146174798960158 0.016752895 0.0050756293 0.021828525 74.95720444497 13.2394383814 314.20459 1.408 -3.5149999999999997 -0.40724133682250985 -0.05113781929016126 0.3994962 0.3734962 "" "" 0.6112797603047068 "" 0.24396513446684165 "" 1.0
75.56416878457 13.02030772239 0.0513 0.0331 9.8273 "" "" 3391528523084596480 305.115234 3.2101 0.0573 2.406 -3.366 0.067 0.05 1.094 3474.2 4.2898 16.196564 2.878196 17.793194 14.914998 "" "" 300.064911 310.889191 6256.35566 8.378 1042.7 20.135 8573.5 43.931 "" "" 0.0031153971722487584 0.021150893 0.0067256754 0.027876567 75.56416878457 13.02030772239 305.115234 2.406 -3.366 0.5907586631774904 0.09786218070983876 0.38649622 0.36949623 "" "" 0.866025953977769 "" 0.33433096409965385 "" 1.0
75.60367600635 12.72073167889 0.0865 0.0484 21.5963 "" "" 3391308208442279936 312.652283 3.1451 0.0958 1.695 -3.785 0.119 0.076 1.127 "" "" 16.323566 2.934154 17.752222 14.818068 "" "" 304.514465 322.457703 5565.70566 7.616 1082.7 20.95 9374.1 104.59 "" "" 0.0031303502530945757 0.021193221 0.012689795 0.033883017 75.60367600635 12.72073167889 312.652283 1.695 -3.785 -0.1202413368225097 -0.3211378192901613 0.43849623 0.39549622 "" "" 0.5081834109789037 "" 0.2037977915490799 "" 1.0
75.56891094868 13.76095881348 0.0776 0.0518 43.0677 "" "" 3391710079942015104 319.482147 3.0826 0.0907 1.024 -2.913 0.097 0.071 1.095 "" "" 16.420277 4.369645 19.301027 14.931382 "" "" 313.507172 328.608643 5091.38957 12.728 260.02 11.066 8445.1 47.82 "" "" 0.0038676716302061694 0.046291213 0.007216703 0.053507917 75.56891094868 13.76095881348 319.482147 1.024 -2.913 -0.7912413368225097 0.550862180709839 0.41649622 0.39049622 "" "" 1.4599985865657366 "" 0.5959573422725426 "" 1.0
75.98187067076 13.09655632625 0.0592 0.0441 15.0394 "" "" 3391346175953077632 305.077454 3.2425 0.0697 1.85 -3.469 0.074 0.057 1.246 "" "" 16.43653 2.980714 18.0898 15.109086 "" "" 298.36142 311.970642 5015.74062 5.136 793.41 21.743 7170.1 60.197 "" "" 0.0029711644245402373 0.029884586 0.009867803 0.03975239 75.98187067076 13.09655632625 305.077454 1.85 -3.4689999999999994 0.03475866317749032 -0.005137819290160994 0.39349622 0.37649623 "" "" 0.05080949538877446 "" 0.01997526612853332 "" 1.0
75.77494988148 12.68002045371 0.0682 0.0411 22.9622 "" "" 3391296491771481600 326.245087 3.0261 0.0734 2.113 -3.784 0.102 0.068 0.992 3555.9 4.3829 16.52154 2.824203 18.108793 15.28459 "" "" 318.249207 334.408569 4638.00181 4.6769 779.65 20.448 6099.9 21.273 "" "" 0.0029648724303227353 0.028612139 0.005349842 0.03396198 75.77494988148 12.68002045371 326.245087 2.113 -3.7839999999999994 0.2977586631774902 -0.32013781929016094 0.4214962 0.38749623 "" "" 0.6760949723912125 "" 0.2728872819893053 "" 1.0
75.66459844104 13.83525050496 0.082 0.0519 46.665 "" "" 3391716780090989440 309.534485 3.1868 0.0941 1.467 -3.101 0.111 0.08 1.021 "" "" 16.71073 4.127146 19.357437 15.230291 "" "" 301.111969 318.012726 3896.32387 8.8274 246.85 18.524 6412.7 37.226 "" "" 0.0036935712678242087 0.08152305 0.0073490357 0.08887209 75.66459844104 13.83525050496 309.534485 1.4669999999999996 -3.1010000000000018 -0.3482413368225097 0.3628621807098389 0.43049622 0.3994962 "" "" 0.7378991157217509 "" 0.30596869255031345 "" 1.0
76.01095360947 13.0488169229 0.066 0.0475 16.5923 "" "" 3391344934707859712 298.788391 3.2937 0.0739 1.971 -3.39 0.082 0.064 1.045 3421.3 4.2282 16.957834 3.199375 18.850172 15.650797 "" "" 292.543915 307.543274 3103.22163 2.9207 393.87 10.559 4353.5 11.03 "" "" 0.002938710816211164 0.029240208 0.004674474 0.03391468 76.01095360947 13.0488169229 298.788391 1.971 -3.39 0.15575866317749032 0.07386218070983874 0.40149623 0.38349622 "" "" 0.2441406148828771 "" 0.09722963221849452 "" 1.0
