Clusters/UBC_535/UBC_535_stars_in_region.tsv
# %ECSV 1.0
# ---
# datatype:
# - name: RA_ICRS_1
#   unit: deg
#   datatype: float64
#   format: '{:15.11f}'
#   description: Right ascension (ICRS) at Ep=2016.0 (ra)
#   meta: !!omap
#   - {ucd: POS_EQ_RA_MAIN}
#   - {width: 15}
#   - {precision: '11'}
# - name: DE_ICRS_1
#   unit: deg
#   datatype: float64
#   format: '{:15.11f}'
#   description: Declination (ICRS) at Ep=2016.0 (dec)
#   meta: !!omap
#   - {ucd: POS_EQ_DEC_MAIN}
#   - {width: 15}
#   - {precision: '11'}
# - name: e_RA_ICRS
#   unit: mas
#   datatype: float64
#   format: '{:7.4f}'
#   description: Standard error of right ascension (ra_error)
#   meta: !!omap
#   - {ucd: ERROR}
#   - {width: 7}
#   - {precision: '4'}
# - name: e_DE_ICRS
#   unit: mas
#   datatype: float64
#   format: '{:7.4f}'
#   description: Standard error of declination (dec_error)
#   meta: !!omap
#   - {ucd: ERROR}
#   - {width: 7}
#   - {precision: '4'}
# - name: _r_1
#   unit: ''
#   datatype: float64
#   format: '{:7.4f}'
#   description: Distance from center (237.51871415000-56.78129669000)[ICRS], at Epoch=J2016.0
#   meta: !!omap
#   - {ucd: POS_ANG_DIST_GENERAL}
#   - {width: 7}
#   - {precision: '4'}
# - name: HIP
#   datatype: int32
#   description: '? HIP cross-id number, van Leeuwen, Cat. I/311 (hip_original_ext_source_id)'
#   meta: !!omap
#   - {ucd: ID_NUMBER}
#   - {width: 6}
#   - values: {'null': -2147483648}
# - name: TYC2
#   datatype: string
#   description: Tycho-2 cross-id name, Hog et al., Cat. I/259 (tyc2_original_ext_source_id)
#   meta: !!omap
#   - {ucd: ID_CROSSID}
#   - {_votable_string_dtype: char}
# - name: Source
#   datatype: int64
#   description: Source identifier, identical to the Gaia-EDR3 source_id (id)
#   meta: !!omap
#   - {ucd: ID_MAIN}
#   - {width: 19}
# - name: rgeo
#   unit: pc
#   datatype: float64
#   format: '{:15.8f}'
#   description: '? Median of the geometric distance posterior (r_med_geo)'
#   meta: !!omap
#   - {ucd: PHYS_DISTANCE_TRUE}
#   - {width: 15}
#   - {precision: '8'}
#   - values: {'null': .nan}
# - name: Plx
#   unit: mas
#   datatype: float64
#   format: '{:9.4f}'
#   description: '? Parallax (parallax)'
#   meta: !!omap
#   - {ucd: POS_PARLX_TRIG}
#   - {width: 9}
#   - {precision: '4'}
#   - values: {'null': .nan}
# - name: e_Plx
#   unit: mas
#   datatype: float32
#   format: '{:7.4f}'
#   description: '? Standard error of parallax (parallax_error)'
#   meta: !!omap
#   - {ucd: ERROR}
#   - {width: 7}
#   - {precision: '4'}
#   - values: {'null': .nan}
# - name: pmRA
#   unit: mas / yr
#   datatype: float64
#   format: '{:9.3f}'
#   description: '? Proper motion in right ascension direction, pmRA*cosDE (pmra)'
#   meta: !!omap
#   - {ucd: POS_EQ_PMRA}
#   - {width: 9}
#   - {precision: '3'}
#   - values: {'null': .nan}
# - name: pmDE
#   unit: mas / yr
#   datatype: float64
#   format: '{:9.3f}'
#   description: '? Proper motion in declination direction (pmdec)'
#   meta: !!omap
#   - {ucd: POS_EQ_PMDEC}
#   - {width: 9}
#   - {precision: '3'}
#   - values: {'null': .nan}
# - name: e_pmRA
#   unit: mas / yr
#   datatype: float32
#   format: '{:6.3f}'
#   description: '? Standard error of proper motion in right ascension direction (pmra_error)'
#   meta: !!omap
#   - {ucd: ERROR}
#   - {width: 6}
#   - {precision: '3'}
#   - values: {'null': .nan}
# - name: e_pmDE
[...]
#         value: !astropy.table.SerializedColumn {name: SkyCoord.dec}
#       distance: !astropy.table.SerializedColumn
#         __class__: astropy.coordinates.distances.Distance
#         unit: !astropy.units.Unit {unit: pc}
#         value: !astropy.table.SerializedColumn {name: SkyCoord.distance}
#       frame: icrs
#       obstime: !astropy.time.Time {format: jyear_str, in_subfmt: '*', jd1: 367701545.0, jd2: 0.0, out_subfmt: '*', precision: 3, scale: tt}
#       pm_dec: !astropy.table.SerializedColumn
#         __class__: astropy.units.quantity.Quantity
#         unit: !astropy.units.Unit {unit: mas / yr}
#         value: !astropy.table.SerializedColumn {name: SkyCoord.pm_dec}
#       pm_ra_cosdec: !astropy.table.SerializedColumn
#         __class__: astropy.units.quantity.Quantity
#         unit: !astropy.units.Unit {unit: mas / yr}
#         value: !astropy.table.SerializedColumn {name: SkyCoord.pm_ra_cosdec}
#       ra: !astropy.table.SerializedColumn
#         __class__: astropy.coordinates.angles.Longitude
#         unit: *id001
#         value: !astropy.table.SerializedColumn {name: SkyCoord.ra}
#         wrap_angle: !astropy.coordinates.Angle
#           unit: *id001
#           value: 360.0
#       representation_type: spherical
# schema: astropy-2.0
RA_ICRS_1 DE_ICRS_1 e_RA_ICRS e_DE_ICRS _r_1 HIP TYC2 Source rgeo Plx e_Plx pmRA pmDE e_pmRA e_pmDE RUWE Teff logg Gmag BP-RP BPmag RPmag RV e_RV b_rgeo B_rgeo FG e_FG FBP e_FBP FRP e_FRP RAVE5 RAVE6 e_Gmag e_BPmag e_RPmag e_BP-RP SkyCoord.ra SkyCoord.dec SkyCoord.distance SkyCoord.pm_ra_cosdec SkyCoord.pm_dec rmRA rmDE e_rmRA e_rmDE rRV e_rRV v_pec v_pec3d e_vpec e_vpec3d
[from data line 1704]
237.7033339781 -56.75282209383 0.1143 0.0999 6.3066 "" "" 5883998272396181760 2939.50415 0.509 0.1617 -6.835 -6.897 0.17 0.153 2.416 6008.4 4.3823 16.84306 2.194667 17.691505 15.496839 "" "" 1978.14026 5140.49951 3449.23605 10.603 1145.0 30.635 5016.8 65.728 "" "" 0.004327949877326903 0.029183058 0.014718366 0.043901425 237.7033339781 -56.75282209383 2939.50415 -6.834999999999997 -6.896999999999998 -2.8688125228881836 -2.3754998893737795 0.22469029 0.20769028 "" "" 51.896604440257164 "" 11.310109373692994 ""
237.27111731531 -56.60303374911 0.0441 0.0424 13.4518 "" "" 5884012424233927552 3438.0105 0.303 0.064 -4.518 -4.47 0.072 0.068 1.075 6009.9 4.4172 16.843212 1.617637 17.526718 15.909081 "" "" 2794.08862 4433.92432 3448.7486 2.0788 1332.7 9.9627 3431.8 13.974 "" "" 0.0028319767373831115 0.008582696 0.0058162874 0.014398984 237.27111731531 -56.60303374911 3438.0105 -4.517999999999999 -4.470000000000003 -0.5518125228881834 0.05150011062622095 0.12669028 0.12269029 "" "" 9.031509035867137 "" 1.1438973718871555 ""
237.71465441655 -56.61847179418 0.0389 0.0345 11.7091 "" "" 5884002081977011584 2513.20312 0.3835 0.0592 -5.754 -5.207 0.061 0.054 0.937 "" "" 16.844738 1.58803 16.86397 15.27594 "" "" 2158.71362 2852.85303 3443.90612 19.92 2453.7 128.75 6148.7 1889.0 "" "" 0.006857891773753175 0.05703879 0.3335806 0.3906194 237.71465441655 -56.61847179418 2513.20312 -5.753999999999998 -5.206999999999998 -1.7878125228881832 -0.6854998893737791 0.11569029 0.10869029 "" "" 22.809357066522747 "" 2.618900099142633 ""
237.44821834392 -56.94621841075 0.0766 0.0695 10.1618 "" "" 5883968894771840896 3351.29297 0.3748 0.1047 -6.634 -6.375 0.123 0.107 1.698 "" "" 16.84474 1.954934 17.312695 15.35776 "" "" 2544.89111 5285.35791 3443.90348 3.0173 1623.1 10.155 5702.4 15.318 "" "" 0.00291490207142376 0.0073436587 0.004773883 0.012117542 237.44821834392 -56.94621841075 3351.29297 -6.634 -6.374999999999999 -2.667812522888184 -1.8534998893737793 0.1776903 0.1616903 "" "" 51.60267729932214 "" 8.908908621758904 ""
237.83557583013 -56.73243319687 0.0445 0.038 10.8266 "" "" 5883997757000064640 2490.01294 0.3907 0.0643 -3.096 -1.23 0.068 0.061 1.039 "" "" 16.844938 1.69626 17.653273 15.957013 "" "" 2161.77466 2965.11865 3443.27542 1.8246 1186.1 7.6904 3283.6 8.4011 "" "" 0.002814746678317375 0.007572445 0.00469044 0.0122628845 237.83557583013 -56.73243319687 2490.01294 -3.0960000000000036 -1.2299999999999998 0.8701874771118163 3.2915001106262207 0.12269029 0.11569029 "" "" 40.18316409227275 "" 4.6676949812067665 ""
237.56511037843 -57.01985743425 0.0402 0.0364 14.3941 "" "" 5883964771647082624 2589.22021 0.3803 0.0568 -3.642 -1.961 0.065 0.058 1.014 "" "" 16.84507 1.518442 17.39021 15.871767 "" "" 2307.11328 2934.57788 3442.85815 2.853 1511.2 21.553 3551.8 33.23 "" "" 0.0028984968275637454 0.015734328 0.0108382525 0.026572581 237.56511037843 -57.01985743425 2589.22021 -3.6419999999999995 -1.9609999999999999 0.3241874771118165 2.5605001106262204 0.119690284 0.112690285 "" "" 31.675645091486516 "" 3.5731426214077233 ""
237.3997405822 -56.72304259782 0.0452 0.0402 5.2473 "" "" 5884007893105510016 2880.41699 0.3293 0.0641 -0.888 -0.729 0.069 0.062 1.063 "" "" 16.847443 1.497776 17.53308 16.035303 "" "" 2476.99243 3406.48755 3435.33926 1.9446 1324.9 8.2984 3055.2 7.2506 "" "" 0.0028230319317440766 0.007350559 0.004574161 0.011924719 237.3997405822 -56.72304259782 2880.41699 -0.8879999999999997 -0.728999999999999 3.0781874771118165 3.7925001106262206 0.123690285 0.116690286 "" "" 66.68887785808008 "" 7.970614606902938 ""
237.17483456649 -56.83409066994 0.0431 0.0415 11.7312 "" "" 5883982776152077696 2577.48877 0.3977 0.061 -4.522 -4.807 0.066 0.066 0.969 8249.7 4.4139 16.847847 1.539182 17.526886 15.987704 "" "" 2229.03394 3104.2644 3434.06278 1.8069 1332.5 10.291 3192.1 14.917 "" "" 0.0028139211077855336 0.008837253 0.006326665 0.015163918 237.17483456649 -56.83409066994 2577.48877 -4.522 -4.807 -0.5558125228881838 -0.2854998893737797 0.120690286 0.120690286 "" "" 7.6339800855835005 "" 0.9213472410651145 ""
237.68638057305 -57.01169492002 0.0425 0.0376 14.8757 "" "" 5835949648658856576 2550.08032 0.3791 0.0611 -0.575 -0.102 0.072 0.061 0.972 4853.6 4.3569 16.848454 1.738579 17.661072 15.922493 "" "" 2210.12402 2990.05713 3432.14301 2.0013 1177.6 6.5989 3389.7 11.13 "" "" 0.0028271191860981966 0.006693401 0.005195467 0.011888867 237.68638057305 -57.01169492002 2550.08032 -0.575 -0.10200000000000012 3.3911874771118162 4.41950011062622 0.12669028 0.11569029 "" "" 67.33455904729917 "" 8.07237203378256 ""
237.61729607592 -56.59358988198 0.0399 0.0349 11.7215 "" "" 5884003151479412992 2764.52026 0.3462 0.0591 1.847 -3.774 0.064 0.056 0.987 4798.1 4.1422 16.84895 2.161866 17.983532 15.821666 "" "" 2319.22827 3266.52661 3430.57821 1.8402 874.99 7.8772 3719.6 6.4588 "" "" 0.0028161995935452964 0.0101649035 0.0042235143 0.014388418 237.61729607592 -56.59358988198 2764.52026 1.847 -3.774 5.813187477111816 0.7475001106262207 0.11869029 0.11069029 "" "" 76.80217728331053 "" 9.106010439263589 ""
237.63966587491 -56.90992420996 0.043 0.0386 8.6784 "" "" 5883989029625337472 3175.62158 0.3186 0.0598 -4.212 -4.766 0.071 0.062 1.035 4992.5 4.3446 16.84916 1.492552 17.544802 16.05225 "" "" 2683.81787 3669.86426 3429.91543 1.8422 1310.7 6.9838 3007.9 5.9303 "" "" 0.0028163538987180793 0.006422829 0.004343494 0.010766323 237.63966587491 -56.90992420996 3175.62158 -4.212 -4.766 -0.24581252288818334 -0.2444998893737793 0.12569028 0.116690286 "" "" 5.218750473562454 "" 0.6330233476204897 ""
237.69352261284 -56.75215730847 0.0424 0.0345 6.0082 "" "" 5883998272371955328 2460.17212 0.4151 0.06 -5.837 -7.135 0.066 0.055 1.032 5415.9 4.5802 16.849558 1.529966 17.536135 16.006168 "" "" 2101.72388 2761.73975 3428.6531 1.7684 1321.2 6.519 3138.3 7.9396 "" "" 0.0028116506948121503 0.0060402392 0.004672118 0.010712357 237.69352261284 -56.75215730847 2460.17212 -5.837 -7.135 -1.8708125228881833 -2.613499889373779 0.120690286 0.109690286 "" "" 37.48010044718218 "" 4.25536122637385 ""
237.55592245695 -57.05418896117 0.1489 0.1447 16.4188 "" "" 5883964153171740928 3156.67383 0.5037 0.2153 0.153 -3.599 0.24 0.213 3.762 "" "" 16.849756 1.427893 17.281183 15.853291 "" "" 1921.96326 5232.6958 3428.02621 9.306 1670.9 23.069 3612.8 28.65 "" "" 0.004034739389384694 0.015247497 0.009403002 0.0246505 237.55592245695 -57.05418896117 3156.67383 0.15300000000000158 -3.599000000000001 4.119187477111816 0.9225001106262205 0.29469028 0.2676903 "" "" 63.16059386968821 "" 18.534935985513783 ""
237.73290045367 -56.76474926392 0.0408 0.0346 7.1115 "" "" 5883997997518232320 2903.17896 0.3579 0.0594 -5.21 1.228 0.063 0.054 1.024 "" "" 16.851091 1.550272 17.547302 15.99703 "" "" 2494.88916 3386.40479 3423.81635 1.7375 1307.7 7.0869 3164.8 8.9471 "" "" 0.002809870509840544 0.006512026 0.0048688026 0.011380829 237.73290045367 -56.76474926392 2903.17896 -5.209999999999997 1.2279999999999982 -1.2438125228881836 5.7495001106262205 0.11769029 0.10869029 "" "" 80.94950148669126 "" 8.83228016874949 ""
237.64097843103 -56.89333070844 0.0441 0.0376 7.8287 "" "" 5883989132704574208 3063.72095 0.319 0.0599 -2.48 -2.524 0.069 0.06 1.039 9167.7 4.2346 16.851515 1.565325 17.499159 15.933834 "" "" 2619.96948 3633.64404 3422.48158 2.3164 1367.0 12.277 3354.5 21.05 "" "" 0.002851629204109008 0.010142315 0.0077912053 0.017933521 237.64097843103 -56.89333070844 3063.72095 -2.48 -2.524 1.4861874771118164 1.9975001106262207 0.123690285 0.11469029 "" "" 36.155964872005526 "" 4.2655341463742795 ""
237.42732195486 -56.73823475267 0.042 0.0373 3.9636 "" "" 5883996142092081280 2869.72852 0.3335 0.0592 -1.736 -3.491 0.067 0.061 0.962 8068.0 4.2708 16.852474 1.507586 17.553127 16.045542 "" "" 2424.41968 3346.09082 3419.45595 1.8923 1300.7 8.0876 3026.5 7.7863 "" "" 0.0028200701234090287 0.0073048463 0.0046995906 0.012004437 237.42732195486 -56.73823475267 2869.72852 -1.7360000000000002 -3.4910000000000005 2.2301874771118166 1.0305001106262206 0.12169029 0.11569029 "" "" 33.41810188559701 "" 4.032103360777802 ""
237.03406997337 -56.70343933119 0.0427 0.0397 16.617 "" "" 5883987586482229376 2758.59448 0.3733 0.0612 4.466 -2.2 0.072 0.064 1.023 "" "" 16.853445 1.751172 17.682474 15.931302 "" "" 2360.82495 3251.69507 3416.40196 1.7862 1154.6 17.467 3362.3 35.279 "" "" 0.002813187347986597 0.016660513 0.012002659 0.028663173 237.03406997337 -56.70343933119 2758.59448 4.466000000000001 -2.199999999999999 8.432187477111817 2.3215001106262205 0.12669028 0.11869029 "" "" 114.35938079407994 "" 14.425662873722406 ""
237.04417375133 -56.74458097435 0.0462 0.0444 15.7605 "" "" 5883986418284656640 2601.5144 0.3764 0.0643 -3.008 -3.749 0.073 0.076 1.033 7789.9 4.1819 16.854233 1.800314 17.718391 15.918077 "" "" 2233.64185 3235.35156 3413.92457 1.8069 1117.0 5.8366 3403.5 11.0 "" "" 0.002814607198429771 0.006322237 0.005157253 0.0114794895 237.04417375133 -56.74458097435 2601.5144 -3.007999999999999 -3.7489999999999997 0.9581874771118164 0.7725001106262206 0.12769029 0.13069028 "" "" 15.177269412225902 "" 1.9560526761454002 ""
237.61315472513 -57.01218614258 0.0771 0.0717 14.1948 "" "" 5883964702927592960 3193.46362 0.3841 0.1118 -0.03 0.772 0.123 0.114 2.363 5129.0 4.6985 16.855871 1.491918 17.413176 15.921258 "" "" 2414.25757 5083.45898 3408.77708 3.4629 1479.6 8.0895 3393.6 10.881 "" "" 0.0029678852915293206 0.0065591466 0.005138353 0.011697499 237.61315472513 -57.01218614258 3193.46362 -0.02999999999999997 0.7719999999999999 3.9361874771118166 5.293500110626221 0.1776903 0.1686903 "" "" 99.85237241031254 "" 17.16949458448801 ""
237.43055284057 -56.59020956918 0.0795 0.0715 11.8276 "" "" 5884014833778438656 3129.36865 0.4172 0.118 -3.577 -3.668 0.126 0.11 1.796 "" "" 16.85625 2.625278 17.60678 14.981502 "" "" 2302.72461 4711.32129 3407.58165 4.9393 1238.0 20.377 8064.1 82.984 "" "" 0.0031731004303858245 0.0180873 0.011794728 0.029882029 237.43055284057 -56.59020956918 3129.36865 -3.5770000000000035 -3.6679999999999975 0.38918747711181645 0.8535001106262206 0.18069029 0.16469029 "" "" 13.914223224652702 "" 2.331374726931432 ""
237.5937846599 -56.89676372136 0.0427 0.0371 7.3531 "" "" 5883989849906584448 3216.0769 0.3044 0.0606 -1.422 -0.424 0.067 0.06 1.017 6845.3 4.335 16.85901 1.486176 17.526659 16.040483 "" "" 2801.4082 4045.29541 3398.93057 1.7702 1332.8 7.1865 3040.6 9.0516 "" "" 0.002812745638317358 0.0064852256 0.004972974 0.0114581995 237.5937846599 -56.89676372136 3216.0769 -1.4219999999999997 -0.42399999999999993 2.5441874771118167 4.09750011062622 0.12169029 0.11469029 "" "" 73.52448626225495 "" 8.578855737540422 ""
237.98610899507 -56.71963288021 0.0417 0.0352 15.8148 "" "" 5835960575057176576 2826.68823 0.3521 0.0619 -2.334 -1.757 0.067 0.055 0.989 5274.6 4.6134 16.859901 1.277027 17.438532 16.161505 "" "" 2375.98511 3604.89062 3396.14276 1.7495 1445.5 6.0649 2719.9 11.318 "" "" 0.0028115150204455876 0.0053420067 0.005890294 0.011232301 237.98610899507 -56.71963288021 2826.68823 -2.3340000000000005 -1.757 1.6321874771118163 2.764500110626221 0.12169029 0.109690286 "" "" 43.01419395748969 "" 4.856919559890895 ""
237.11313684503 -56.69527432463 0.0582 0.0558 14.3099 "" "" 5884010367025474176 2500.43042 0.4 0.0878 -5.783 -5.015 0.091 0.089 1.6 6003.1 4.4348 16.860268 1.654874 17.52755 15.872676 "" "" 2137.66138 3155.73853 3394.99641 3.3832 1331.7 8.1297 3548.9 14.842 "" "" 0.0029601409887813567 0.007191484 0.005907766 0.013099249 237.11313684503 -56.69527432463 2500.43042 -5.782999999999998 -5.014999999999997 -1.816812522888184 -0.493499889373779 0.14569029 0.14369029 "" "" 22.313176927849515 "" 3.2477664773019965 ""
237.05893774939 -56.83674170864 0.055 0.0536 15.4638 "" "" 5883981470447336192 2961.75854 0.3366 0.0743 -3.209 -1.83 0.087 0.087 1.285 5020.1 4.2939 16.860308 1.920251 17.703485 15.783235 "" "" 2476.63184 3613.63257 3394.87657 2.6892 1132.5 6.2987 3853.6 19.368 "" "" 0.002886429355786509 0.006652057 0.0066378457 0.013289902 237.05893774939 -56.83674170864 2961.75854 -3.2090000000000005 -1.830000000000001 0.7571874771118163 2.6915001106262206 0.14169028 0.14169028 "" "" 39.252027544161315 "" 5.5616309308476835 ""
237.41531515958 -56.64362140036 0.0406 0.0354 8.9348 "" "" 5884008717757933952 2671.63696 0.3526 0.058 -4.675 -4.671 0.065 0.056 1.003 4909.8 4.3109 16.860691 1.608219 17.610006 16.001787 "" "" 2313.46436 3120.1958 3393.6733 1.6226 1234.3 5.9184 3151.0 8.5981 "" "" 0.002803796078256234 0.005906602 0.004802181 0.010708783 237.41531515958 -56.64362140036 2671.63696 -4.675 -4.670999999999999 -0.7088125228881834 -0.14949988937377956 0.119690284 0.11069029 "" "" 9.173570117225216 "" 1.094597796597226 ""
237.46132711586 -56.92897291727 0.0476 0.041 9.0584 "" "" 5883969032210965120 3042.39966 0.3407 0.0673 -3.833 -0.456 0.079 0.065 1.132 5322.2 4.3674 16.860968 1.493285 17.446026 15.952741 "" "" 2541.33667 3922.53882 3392.81099 2.042 1435.5 8.8076 3296.6 13.665 "" "" 0.0028317489377753004 0.007222326 0.005876978 0.0130993035 237.46132711586 -56.92897291727 3042.39966 -3.833 -0.4559999999999994 0.13318747711181622 4.06550011062622 0.1336903 0.119690284 "" "" 58.65992588905877 "" 7.021955073797419 ""
237.4071725057 -57.01235558282 0.0404 0.0366 14.3373 "" "" 5883965351388600960 2971.47046 0.3482 0.0571 0.394 -4.063 0.068 0.06 1.003 4977.3 4.319 16.861227 1.620812 17.642332 16.02152 "" "" 2500.70386 3539.21704 3392.00282 1.7518 1198.1 6.8823 3094.2 8.7799 "" "" 0.0028117976143779014 0.0068325154 0.004875976 0.0117084915 237.4071725057 -57.01235558282 2971.47046 0.39399999999999946 -4.063000000000001 4.3601874771118165 0.458500110626221 0.12269029 0.11469029 "" "" 61.75084618406103 "" 7.571000699227882 ""
237.27270952288 -56.77343190614 0.0408 0.0374 8.1008 "" "" 5884006067681751296 2757.24683 0.3675 0.0571 -3.933 -5.657 0.066 0.06 0.943 "" "" 16.861435 1.504379 17.516241 16.011862 "" "" 2363.41821 3388.74927 3391.35131 1.8454 1345.6 6.4971 3121.9 12.781 "" "" 0.0028179489958256193 0.005938646 0.0058345185 0.011773164 237.27270952288 -56.77343190614 2757.24683 -3.933 -5.657 0.03318747711181658 -1.1354998893737793 0.120690286 0.11469029 "" "" 14.846582580479279 "" 1.7028368615961083 ""
237.71935341338 -57.00635988835 0.0433 0.0395 15.0195 "" "" 5835949579939373440 2574.69141 0.3822 0.064 -1.136 -3.441 0.074 0.063 1.055 "" "" 16.862072 1.441141 17.473682 16.032541 "" "" 2262.4187 2956.67554 3389.35956 1.8409 1399.4 6.6227 3063.0 10.237 "" "" 0.0028177197588641267 0.0058469595 0.0052393824 0.011086342 237.71935341338 -57.00635988835 2574.69141 -1.1360000000000001 -3.440999999999999 2.8301874771118163 1.0805001106262209 0.12869029 0.11769029 "" "" 36.971267643149524 "" 4.7080585964480255 ""
237.7681324725 -56.93739088536 0.0431 0.0373 12.4358 "" "" 5835951813322572672 2738.36597 0.3784 0.0605 -5.906 -5.639 0.067 0.058 1.041 5312.6 4.3346 16.862549 1.700689 17.574257 15.873568 "" "" 2314.3916 3212.81665 3387.87456 2.3971 1275.6 8.0062 3545.9 19.904 "" "" 0.0028604098782169618 0.007363622 0.007171239 0.014534861 237.7681324725 -56.93739088536 2738.36597 -5.905999999999999 -5.638999999999999 -1.9398125228881833 -1.1174998893737795 0.12169029 0.112690285 "" "" 29.057713528881145 "" 3.4727190855999015 ""
