Clusters/UBC_535/UBC_535_stars_in_region.tsv
# %ECSV 1.0
# ---
# datatype:
# - name: RA_ICRS_1
#   unit: deg
#   datatype: float64
#   format: '{:15.11f}'
#   description: Right ascension (ICRS) at Ep=2016.0 (ra)
#   meta: !!omap
#   - {ucd: POS_EQ_RA_MAIN}
#   - {width: 15}
#   - {precision: '11'}
# - name: DE_ICRS_1
#   unit: deg
#   datatype: float64
#   format: '{:15.11f}'
#   description: Declination (ICRS) at Ep=2016.0 (dec)
#   meta: !!omap
#   - {ucd: POS_EQ_DEC_MAIN}
#   - {width: 15}
#   - {precision: '11'}
# - name: e_RA_ICRS
#   unit: mas
#   datatype: float64
#   format: '{:7.4f}'
#   description: Standard error of right ascension (ra_error)
#   meta: !!omap
#   - {ucd: ERROR}
#   - {width: 7}
#   - {precision: '4'}
# - name: e_DE_ICRS
#   unit: mas
#   datatype: float64
#   format: '{:7.4f}'
#   description: Standard error of declination (dec_error)
#   meta: !!omap
#   - {ucd: ERROR}
#   - {width: 7}
#   - {precision: '4'}
# - name: _r_1
#   unit: ''
#   datatype: float64
#   format: '{:7.4f}'
#   description: Distance from center (237.51871415000-56.78129669000)[ICRS], at Epoch=J2016.0
#   meta: !!omap
#   - {ucd: POS_ANG_DIST_GENERAL}
#   - {width: 7}
#   - {precision: '4'}
# - name: HIP
#   datatype: int32
#   description: '? HIP cross-id number, van Leeuwen, Cat. I/311 (hip_original_ext_source_id)'
#   meta: !!omap
#   - {ucd: ID_NUMBER}
#   - {width: 6}
#   - values: {'null': -2147483648}
# - name: TYC2
#   datatype: string
#   description: Tycho-2 cross-id name, Hog et al., Cat. I/259 (tyc2_original_ext_source_id)
#   meta: !!omap
#   - {ucd: ID_CROSSID}
#   - {_votable_string_dtype: char}
# - name: Source
#   datatype: int64
#   description: Source identifier, identical to the Gaia-EDR3 source_id (id)
#   meta: !!omap
#   - {ucd: ID_MAIN}
#   - {width: 19}
# - name: rgeo
#   unit: pc
#   datatype: float64
#   format: '{:15.8f}'
#   description: '? Median of the geometric distance posterior (r_med_geo)'
#   meta: !!omap
#   - {ucd: PHYS_DISTANCE_TRUE}
#   - {width: 15}
#   - {precision: '8'}
#   - values: {'null': .nan}
# - name: Plx
#   unit: mas
#   datatype: float64
#   format: '{:9.4f}'
#   description: '? Parallax (parallax)'
#   meta: !!omap
#   - {ucd: POS_PARLX_TRIG}
#   - {width: 9}
#   - {precision: '4'}
#   - values: {'null': .nan}
# - name: e_Plx
#   unit: mas
#   datatype: float32
#   format: '{:7.4f}'
#   description: '? Standard error of parallax (parallax_error)'
#   meta: !!omap
#   - {ucd: ERROR}
#   - {width: 7}
#   - {precision: '4'}
#   - values: {'null': .nan}
# - name: pmRA
#   unit: mas / yr
#   datatype: float64
#   format: '{:9.3f}'
#   description: '? Proper motion in right ascension direction, pmRA*cosDE (pmra)'
#   meta: !!omap
#   - {ucd: POS_EQ_PMRA}
#   - {width: 9}
#   - {precision: '3'}
#   - values: {'null': .nan}
# - name: pmDE
#   unit: mas / yr
#   datatype: float64
#   format: '{:9.3f}'
#   description: '? Proper motion in declination direction (pmdec)'
#   meta: !!omap
#   - {ucd: POS_EQ_PMDEC}
#   - {width: 9}
#   - {precision: '3'}
#   - values: {'null': .nan}
# - name: e_pmRA
#   unit: mas / yr
#   datatype: float32
#   format: '{:6.3f}'
#   description: '? Standard error of proper motion in right ascension direction (pmra_error)'
#   meta: !!omap
#   - {ucd: ERROR}
#   - {width: 6}
#   - {precision: '3'}
#   - values: {'null': .nan}
# - name: e_pmDE
[...]
#         value: !astropy.table.SerializedColumn {name: SkyCoord.dec}
#       distance: !astropy.table.SerializedColumn
#         __class__: astropy.coordinates.distances.Distance
#         unit: !astropy.units.Unit {unit: pc}
#         value: !astropy.table.SerializedColumn {name: SkyCoord.distance}
#       frame: icrs
#       obstime: !astropy.time.Time {format: jyear_str, in_subfmt: '*', jd1: 367701545.0, jd2: 0.0, out_subfmt: '*', precision: 3, scale: tt}
#       pm_dec: !astropy.table.SerializedColumn
#         __class__: astropy.units.quantity.Quantity
#         unit: !astropy.units.Unit {unit: mas / yr}
#         value: !astropy.table.SerializedColumn {name: SkyCoord.pm_dec}
#       pm_ra_cosdec: !astropy.table.SerializedColumn
#         __class__: astropy.units.quantity.Quantity
#         unit: !astropy.units.Unit {unit: mas / yr}
#         value: !astropy.table.SerializedColumn {name: SkyCoord.pm_ra_cosdec}
#       ra: !astropy.table.SerializedColumn
#         __class__: astropy.coordinates.angles.Longitude
#         unit: *id001
#         value: !astropy.table.SerializedColumn {name: SkyCoord.ra}
#         wrap_angle: !astropy.coordinates.Angle
#           unit: *id001
#           value: 360.0
#       representation_type: spherical
# schema: astropy-2.0
RA_ICRS_1 DE_ICRS_1 e_RA_ICRS e_DE_ICRS _r_1 HIP TYC2 Source rgeo Plx e_Plx pmRA pmDE e_pmRA e_pmDE RUWE Teff logg Gmag BP-RP BPmag RPmag RV e_RV b_rgeo B_rgeo FG e_FG FBP e_FBP FRP e_FRP RAVE5 RAVE6 e_Gmag e_BPmag e_RPmag e_BP-RP SkyCoord.ra SkyCoord.dec SkyCoord.distance SkyCoord.pm_ra_cosdec SkyCoord.pm_dec rmRA rmDE e_rmRA e_rmDE rRV e_rRV v_pec v_pec3d e_vpec e_vpec3d
[from data line 146]
237.7312008822 -56.89682388213 0.013 0.0109 9.8326 "" "" 5883990335295601920 2962.47192 0.3038 0.0177 -0.203 0.834 0.021 0.017 0.911 4962.6 2.7354 14.053802 1.978003 15.048482 13.070479 -18.49 2.93 2786.40771 3143.42676 45022.13945 19.302 13062.0 20.873 46878.0 47.9 "" "" 0.00279436226724005 0.003285616 0.0039388463 0.007224462 237.7312008822 -56.89682388213 2962.47192 -0.20300000000000012 0.834 3.7631874771118166 5.35550011062622 0.075690284 0.07169029 16.692000000000004 3.249 91.91202311078669 93.41543157486234 6.71295233852939 6.6303805783394525
238.03892474377 -56.76530648628 0.0126 0.0105 17.1299 "" "" 5835959647344174464 2798.5144 0.327 0.0182 -3.491 -5.583 0.019 0.017 1.013 4707.6 2.5875 14.055603 1.756709 14.909468 13.152759 -51.41 1.4 2635.3667 2969.44971 44947.49908 7.6946 14847.0 12.764 43457.0 19.235 "" "" 0.002761582218035076 0.0029421595 0.003809813 0.0067519723 238.03892474377 -56.76530648628 2798.5144 -3.4909999999999997 -5.583000000000007 0.4751874771118163 -1.0614998893737795 0.07369029 0.07169029 -16.227999999999994 1.719 15.427238573590815 22.390794403202584 1.1111936970526068 1.4623075423006644
237.85737664097 -56.97549872055 0.0126 0.0114 16.095 "" "" 5835950748170726272 2839.1687 0.3156 0.0181 -4.327 -4.415 0.02 0.018 1.12 "" "" 14.059186 1.814342 14.943181 13.128839 -25.47 1.47 2704.41211 2986.75977 44799.42297 29.87 14393.0 35.616 44425.0 74.414 "" "" 0.0028488315468922095 0.0038734183 0.0041941926 0.008067611 237.85737664097 -56.97549872055 2839.1687 -4.327 -4.415 -0.36081252288818355 0.10650011062622067 0.07469028 0.072690286 9.712000000000003 1.789 5.062798568298755 10.952391215765076 0.377340389781195 1.5959509623558026
237.03340273368 -56.69615432493 0.0129 0.0124 16.7675 "" "" 5883987655235334656 2676.36938 0.3364 0.0186 -3.835 -3.037 0.021 0.019 0.976 4865.5 2.8317 14.063478 2.002928 15.075753 13.072825 -11.36 1.72 2506.30908 2829.90771 44622.66579 10.851 12738.0 8.8995 46777.0 17.953 "" "" 0.0027679408433550975 0.0028914458 0.0038022848 0.0066937306 237.03340273368 -56.69615432493 2676.36938 -3.834999999999998 -3.036999999999998 0.13118747711181644 1.4845001106262208 0.075690284 0.07369029 23.822000000000003 2.039 18.90574764234608 30.41241486492111 1.393466929606721 1.816934513722082
237.97231164278 -56.86010775947 0.0124 0.0108 15.6268 "" "" 5835957482680357504 2729.69116 0.3297 0.018 -1.097 -2.573 0.02 0.017 0.936 4670.0 2.4955 14.067169 1.876866 14.997622 13.120755 -20.14 1.42 2611.3855 2839.76978 44471.22587 7.2211 13689.0 13.253 44757.0 21.757 "" "" 0.0027609546454942764 0.0029816062 0.003816057 0.006797663 237.97231164278 -56.86010775947 2729.69116 -1.097 -2.573 2.8691874771118164 1.9485001106262207 0.07469028 0.07169029 15.042000000000002 1.739 44.87501656979016 47.32894332370987 3.3098278189828707 3.1865151325817247
237.28188564124 -56.72323564493 0.0135 0.0114 8.534 "" "" 5884007343368294144 2437.74194 0.3744 0.0186 -0.724 -2.785 0.021 0.018 0.952 7034.7 3.378 14.067731 1.324776 14.630522 13.305746 1.93 5.61 2337.3811 2555.98218 44448.20507 10.384 19196.0 37.362 37745.0 113.77 "" "" 0.0027669708517553122 0.0035001037 0.0049993624 0.008499466 237.28188564124 -56.72323564493 2437.74194 -0.7240000000000001 -2.784999999999997 3.242187477111816 1.7365001106262206 0.075690284 0.072690286 37.112 5.929 42.49816940985853 56.42158228186299 3.18871951520638 4.58015021907088
237.7782091581 -56.75685958121 0.0125 0.0106 8.6575 "" "" 5883997374668039680 2626.59717 0.3401 0.0182 -3.913 -1.432 0.019 0.017 0.986 "" "" 14.080921 1.966466 15.067488 13.101022 -69.33 1.07 2503.53857 2780.50317 43911.50753 9.0869 12836.0 14.297 45577.0 21.536 "" "" 0.002764465566997567 0.0030409687 0.0038140435 0.006855012 237.7782091581 -56.75685958121 2626.59717 -3.9130000000000003 -1.4320000000000013 0.053187477111816595 3.0895001106262208 0.07369029 0.07169029 -34.147999999999996 1.389 38.47019399742308 51.43969022262252 2.757962523240951 2.259323001886181
237.30998537592 -56.5708046818 0.0123 0.0112 14.382 "" "" 5884012870910632192 2815.19214 0.3084 0.0181 -1.973 -0.886 0.021 0.018 1.018 "" "" 14.084966 2.373071 15.355356 12.982285 -32.28 1.13 2664.84912 2980.20093 43748.21838 10.576 9846.3 13.088 50844.0 27.762 "" "" 0.002767793655650526 0.0031413143 0.0038255958 0.0069669103 237.30998537592 -56.5708046818 2815.19214 -1.9729999999999992 -0.8859999999999997 1.9931874771118163 3.6355001106262206 0.075690284 0.072690286 2.902000000000001 1.449 55.32481789970479 55.400876163067096 4.060538898114328 4.055674603851609
237.20584410299 -56.87657685132 0.0133 0.0122 11.7548 "" "" 5883981814079266048 2459.64258 0.3668 0.0184 -4.186 -4.172 0.022 0.02 0.941 4837.4 2.4042 14.086579 2.091044 15.159717 13.068672 -58.29 1.98 2356.21216 2571.0127 43683.26456 8.9935 11790.0 12.911 46956.0 17.497 "" "" 0.002764372541639792 0.0030329349 0.0038009745 0.006833909 237.20584410299 -56.87657685132 2459.64258 -4.1860000000000035 -4.171999999999998 -0.21981252288818354 0.349500110626221 0.07669029 0.07469028 -23.107999999999997 2.299 4.81361791661052 23.60403739717241 0.36228521887843346 2.251898979774109
237.32239423139 -56.85232886866 0.0128 0.0117 7.7283 "" "" 5883970441004609280 2524.15283 0.3586 0.0187 -5.776 -4.61 0.021 0.019 0.915 "" "" 14.092013 1.90749 15.037261 13.129771 -51.28 1.82 2412.80054 2639.24121 43465.15868 9.0964 13198.0 12.472 44386.0 20.224 "" "" 0.0027646735367770673 0.002972835 0.0038116216 0.006784457 237.32239423139 -56.85232886866 2524.15283 -5.776 -4.610000000000002 -1.8098125228881834 -0.08849988937377962 0.075690284 0.07369029 -16.098 2.139 21.679347299447773 27.002586974771017 1.6408138930526486 1.833447718853542
237.19128388744 -56.62462776006 0.0125 0.012 14.3067 "" "" 5884011054220352640 2558.72437 0.3485 0.0187 -1.056 -2.948 0.021 0.019 0.988 "" "" 14.092338 1.027698 14.5139 13.486202 "" "" 2461.2915 2693.62646 43452.17637 6.6939 21373.0 11.331 31965.0 13.498 "" "" 0.0027603922365471807 0.002848925 0.0038070893 0.0066560144 237.19128388744 -56.62462776006 2558.72437 -1.056 -2.948 2.9101874771118164 1.5735001106262207 0.075690284 0.07369029 "" "" 40.124680760371625 "" 3.019081917396327 ""
237.30387521043 -56.78009716074 0.0124 0.0113 7.0623 "" "" 5884005900259161984 2611.66113 0.3422 0.0177 -2.591 -2.765 0.02 0.018 0.953 "" "" 14.094809 0.904225 14.453189 13.548964 "" "" 2493.13574 2731.90674 43353.40337 6.602 22602.0 13.934 30170.0 20.147 "" "" 0.0027602765362384056 0.002869334 0.003848299 0.006717633 237.30387521043 -56.78009716074 2611.66113 -2.5909999999999975 -2.7650000000000006 1.3751874771118162 1.7565001106262206 0.07469028 0.072690286 "" "" 27.615585661820766 "" 2.028550842453644 ""
237.95297663747 -56.85319828243 0.0128 0.0106 14.8988 "" "" 5835957517040111744 2955.55518 0.3032 0.0182 -3.886 -2.971 0.022 0.017 0.936 4806.2 2.391 14.096436 1.809047 14.961351 13.152305 -10.99 2.48 2801.79614 3127.59033 43288.46897 7.0465 14154.0 13.35 43475.0 138.55 "" "" 0.002760982631783747 0.0029721628 0.0051240767 0.0080962395 237.95297663747 -56.85319828243 2955.55518 -3.8859999999999983 -2.971 0.08018747711181629 1.5505001106262206 0.07669029 0.07169029 24.192 2.799 21.7504995597364 32.532093309501214 1.55959983435943 2.3280134190136854
237.64610043451 -56.79521670266 0.0133 0.0112 4.2689 "" "" 5883992225081299456 2942.44312 0.3021 0.0179 -3.704 -3.08 0.019 0.017 0.967 5005.7 2.6895 14.100787 1.875534 15.028124 13.15259 -74.3 2.01 2782.91699 3116.91064 43115.33924 7.7117 13310.0 15.841 43463.0 18.325 "" "" 0.002762155299061451 0.0030748695 0.0038070043 0.006881874 237.64610043451 -56.79521670266 2942.44312 -3.7040000000000015 -3.08 0.2621874771118162 1.4415001106262206 0.07369029 0.07169029 -39.117999999999995 2.329 20.434712867782814 44.13383525129816 1.4662969227826763 2.1730852732336654
237.72880488382 -56.97586426228 0.0164 0.0127 13.5545 "" "" 5835950198414700288 2813.81909 0.314 0.0199 -2.544 -2.24 0.029 0.02 1.114 6787.5 3.1739 14.104539 1.267309 14.642481 13.375172 "" "" 2650.0957 2983.45166 42966.63539 10.929 18986.0 32.145 35407.0 35.171 "" "" 0.0027691258874176583 0.003341288 0.003930253 0.0072715413 237.72880488382 -56.97586426228 2813.81909 -2.5439999999999996 -2.24 1.4221874771118164 2.2815001106262205 0.083690286 0.07469028 "" "" 35.857448108824414 "" 2.7722988468927032 ""
237.04923455614 -56.71671000336 0.0132 0.0128 15.9238 "" "" 5883986830601700480 2651.7019 0.3427 0.0194 -3.776 -3.779 0.022 0.021 0.931 "" "" 14.105966 0.917489 14.474029 13.55654 "" "" 2527.3562 2796.53027 42910.19074 8.1253 22172.0 11.836 29960.0 13.043 "" "" 0.0027629797155010317 0.002849733 0.0038088248 0.006658558 237.04923455614 -56.71671000336 2651.7019 -3.776 -3.779000000000001 0.1901874771118166 0.7425001106262208 0.07669029 0.075690284 "" "" 9.633824511717597 "" 0.7297837512571478 ""
237.21023635337 -56.8695727037 0.0133 0.0127 11.4291 "" "" 5883981917158496000 2773.79639 0.3293 0.0187 -0.572 -4.354 0.02 0.022 0.957 4754.2 2.3589 14.113792 2.024999 15.138094 13.113095 -31.15 1.77 2633.21167 2892.89966 42601.96291 11.878 12028.0 15.364 45073.0 27.331 "" "" 0.0027718996198344494 0.0031158389 0.0038362958 0.006952135 237.21023635337 -56.8695727037 2773.79639 -0.5720000000000005 -4.354000000000006 3.3941874771118163 0.1675001106262206 0.07469028 0.07669029 4.032000000000004 2.089 44.68038742614243 44.86194427964738 3.3374107465738323 3.3292025118296644
237.26037459318 -56.98525211176 0.0132 0.0129 14.8818 "" "" 5883967864023926656 2903.00586 0.3079 0.0188 -1.555 -6.758 0.022 0.021 0.946 "" "" 14.114231 1.91243 15.058599 13.146169 -93.81 1.76 2736.56006 3062.71484 42584.7649 8.6545 12941.0 13.228 43721.0 23.012 "" "" 0.0027641413931463834 0.0030027884 0.0038223418 0.0068251304 237.26037459318 -56.98525211176 2903.00586 -1.5550000000000002 -6.758000000000001 2.4111874771118167 -2.2364998893737793 0.07669029 0.075690284 -58.628 2.079 45.25376433900256 74.06176861816074 3.4496695173173055 2.6742312251794322
237.99245618225 -56.83076549829 0.019 0.0161 15.8422 "" "" 5835957894972800640 2932.84668 0.303 0.0275 -1.66 -6.731 0.03 0.025 1.0 5217.8 2.7807 14.11721 1.828084 14.814744 12.98666 -69.94 1.83 2724.91357 3124.09985 42468.06295 24.848 16200.0 94.159 50640.0 98.485 "" "" 0.002827604628126445 0.0068999133 0.0043292446 0.011229157 237.99245618225 -56.83076549829 2932.84668 -1.66 -6.731 2.3061874771118163 -2.209499889373779 0.08469029 0.079690285 -34.757999999999996 2.1490002 44.399297588942915 56.38631208362107 3.655624542594256 3.168675883275788
238.02524277306 -56.82686788237 0.0127 0.0108 16.8627 "" "" 5835957791918024192 2787.56006 0.3211 0.0188 -3.399 -5.141 0.02 0.017 0.959 4668.5 2.7209 14.117239 1.791148 14.988254 13.197105 -14.63 1.5 2654.22632 2933.20532 42466.96895 8.4578 13808.0 14.921 41717.0 25.924 "" "" 0.0027637923116798388 0.0030268084 0.0038391345 0.006865943 238.02524277306 -56.82686788237 2787.56006 -3.399 -5.141 0.5671874771118164 -0.6194998893737793 0.07469028 0.07169029 20.552 1.819 11.098019048712612 23.35702743941506 0.810971907445868 1.6462806019198555
237.79039712915 -56.89140612623 0.0132 0.0112 11.0978 "" "" 5835952053840913920 2624.61694 0.3435 0.0179 -4.381 -5.537 0.021 0.017 0.944 8247.8 3.6353 14.126217 1.027063 14.547891 13.520827 "" "" 2524.85034 2769.82349 42117.25023 8.4637 20714.0 17.035 30962.0 20.454 "" "" 0.002763945373456865 0.0029295592 0.0038468405 0.0067764 237.79039712915 -56.89140612623 2624.61694 -4.381 -5.536999999999997 -0.4148125228881838 -1.0154998893737792 0.075690284 0.07169029 "" "" 13.646866205450053 "" 0.9863387630150972 ""
237.53867141853 -56.97165585591 0.0128 0.0115 11.4403 "" "" 5883965729348368256 2487.60083 0.3651 0.0176 -5.293 -4.879 0.02 0.018 0.917 4936.4 3.0563 14.129076 1.819325 15.013988 13.194664 -26.79 2.13 2383.2876 2598.19189 42006.48564 8.9896 13484.0 15.703 41811.0 27.612 "" "" 0.0027650998775505618 0.003063296 0.0038467967 0.0069100927 237.53867141853 -56.97165585591 2487.60083 -5.293000000000003 -4.879 -1.3268125228881837 -0.35749988937377886 0.07469028 0.072690286 8.392000000000003 2.4490001 16.20269885431432 18.247002881667953 1.208018210610438 1.5553906163987343
237.62241603354 -56.77248002564 0.0132 0.0109 3.4499 "" "" 5883992293801277696 2859.28857 0.3113 0.0177 -2.254 -4.01 0.02 0.016 0.933 5006.4 2.7264 14.135785 1.854266 15.045738 13.191472 -17.25 1.83 2731.99927 3027.11401 41747.69954 7.2644 13095.0 14.998 41934.0 24.889 "" "" 0.002761789709801648 0.0030547318 0.003833927 0.0068886587 237.62241603354 -56.77248002564 2859.28857 -2.2540000000000022 -4.009999999999998 1.7121874771118164 0.5115001106262209 0.07469028 0.07069029 17.932000000000002 2.1490002 24.218689314363584 30.134723096548754 1.8011594177509864 1.931505837314098
237.68968541682 -56.88431057135 0.0134 0.0113 8.3486 "" "" 5883990575813783936 2635.70898 0.3399 0.0185 -3.449 -1.527 0.022 0.017 0.892 4851.9 2.7088 14.140295 1.879104 15.070597 13.191493 -69.4 1.46 2509.24609 2755.32104 41574.66996 7.8424 12799.0 12.617 41933.0 21.068 "" "" 0.0027629215063459376 0.0029884083 0.003818546 0.0068069543 237.68968541682 -56.88431057135 2635.70898 -3.4489999999999985 -1.527000000000001 0.5171874771118166 2.9945001106262206 0.07669029 0.07169029 -34.218 1.779 37.96494851092434 51.10977244556207 2.727402392886435 2.3501147840798637
237.66007226003 -56.71054496004 0.0128 0.011 6.2969 "" "" 5884001326042367104 2599.84644 0.3491 0.0191 -4.638 -4.518 0.021 0.018 0.945 "" "" 14.146034 0.951415 14.518878 13.567463 "" "" 2447.12598 2786.94165 41355.46339 8.331 21275.0 16.992 29660.0 59.461 "" "" 0.0027639876726621 0.0029218171 0.00436136 0.007283177 237.66007226003 -56.71054496004 2599.84644 -4.638 -4.518 -0.6718125228881835 0.003500110626220909 0.075690284 0.072690286 "" "" 8.279040896112354 "" 0.6266422989585122 ""
237.60253758506 -56.67025142711 0.0128 0.0117 7.2115 "" "" 5884001674010499840 2630.03711 0.3386 0.019 -1.35 -2.621 0.021 0.019 0.965 4577.6 2.4377 14.149974 2.222373 15.316021 13.093648 -7.71 1.11 2503.92261 2784.22339 41205.69592 9.2543 10210.0 11.236 45888.0 20.036 "" "" 0.002766089099829424 0.003035242 0.0038089976 0.0068442393 237.60253758506 -56.67025142711 2630.03711 -1.3500000000000008 -2.6210000000000004 2.6161874771118163 1.9005001106262207 0.075690284 0.07369029 27.472 1.429 40.31159816196187 48.78253509578492 3.023590002863785 2.6249534777047026
237.27231110805 -56.8296633551 0.0127 0.0116 8.5986 "" "" 5883982260755934720 2817.42896 0.3185 0.0181 -3.273 -2.894 0.02 0.019 0.942 5027.6 2.5774 14.165903 2.035025 15.196551 13.161527 -20.23 1.73 2661.35132 2971.26318 40605.54881 9.3576 11397.0 13.387 43107.0 18.957 "" "" 0.0027666575646362584 0.0030678124 0.0038094232 0.0068772356 237.27231110805 -56.8296633551 2817.42896 -3.2729999999999992 -2.894000000000001 0.6931874771118163 1.6275001106262206 0.07469028 0.07369029 14.952000000000002 2.049 23.62395035280951 27.958063850560336 1.7445040046025306 1.8367549524021145
237.41961937888 -56.95516419747 0.013 0.0117 10.9265 "" "" 5883968860456489600 2461.52441 0.3657 0.0183 -3.956 -4.579 0.021 0.018 0.994 "" "" 14.170217 1.062318 14.607049 13.544731 "" "" 2346.8877 2575.28247 40444.54781 6.7701 19615.0 14.138 30288.0 14.772 "" "" 0.002761307694560917 0.0028978381 0.0038162982 0.0067141363 237.41961937888 -56.95516419747 2461.52441 -3.9559999999999995 -4.578999999999999 0.010187477111816445 -0.057499889373779034 0.075690284 0.072690286 "" "" 0.6813355927502187 "" 0.04958993172389333 ""
