Clusters/UBC_535/UBC_535_stars_in_region.tsv
# %ECSV 1.0
# ---
# datatype:
# - name: RA_ICRS_1
#   unit: deg
#   datatype: float64
#   format: '{:15.11f}'
#   description: Right ascension (ICRS) at Ep=2016.0 (ra)
#   meta: !!omap
#   - {ucd: POS_EQ_RA_MAIN}
#   - {width: 15}
#   - {precision: '11'}
# - name: DE_ICRS_1
#   unit: deg
#   datatype: float64
#   format: '{:15.11f}'
#   description: Declination (ICRS) at Ep=2016.0 (dec)
#   meta: !!omap
#   - {ucd: POS_EQ_DEC_MAIN}
#   - {width: 15}
#   - {precision: '11'}
# - name: e_RA_ICRS
#   unit: mas
#   datatype: float64
#   format: '{:7.4f}'
#   description: Standard error of right ascension (ra_error)
#   meta: !!omap
#   - {ucd: ERROR}
#   - {width: 7}
#   - {precision: '4'}
# - name: e_DE_ICRS
#   unit: mas
#   datatype: float64
#   format: '{:7.4f}'
#   description: Standard error of declination (dec_error)
#   meta: !!omap
#   - {ucd: ERROR}
#   - {width: 7}
#   - {precision: '4'}
# - name: _r_1
#   unit: ''
#   datatype: float64
#   format: '{:7.4f}'
#   description: Distance from center (237.51871415000-56.78129669000)[ICRS], at Epoch=J2016.0
#   meta: !!omap
#   - {ucd: POS_ANG_DIST_GENERAL}
#   - {width: 7}
#   - {precision: '4'}
# - name: HIP
#   datatype: int32
#   description: '? HIP cross-id number, van Leeuwen, Cat. I/311 (hip_original_ext_source_id)'
#   meta: !!omap
#   - {ucd: ID_NUMBER}
#   - {width: 6}
#   - values: {'null': -2147483648}
# - name: TYC2
#   datatype: string
#   description: Tycho-2 cross-id name, Hog et al., Cat. I/259 (tyc2_original_ext_source_id)
#   meta: !!omap
#   - {ucd: ID_CROSSID}
#   - {_votable_string_dtype: char}
# - name: Source
#   datatype: int64
#   description: Source identifier, identical to the Gaia-EDR3 source_id (id)
#   meta: !!omap
#   - {ucd: ID_MAIN}
#   - {width: 19}
# - name: rgeo
#   unit: pc
#   datatype: float64
#   format: '{:15.8f}'
#   description: '? Median of the geometric distance posterior (r_med_geo)'
#   meta: !!omap
#   - {ucd: PHYS_DISTANCE_TRUE}
#   - {width: 15}
#   - {precision: '8'}
#   - values: {'null': .nan}
# - name: Plx
#   unit: mas
#   datatype: float64
#   format: '{:9.4f}'
#   description: '? Parallax (parallax)'
#   meta: !!omap
#   - {ucd: POS_PARLX_TRIG}
#   - {width: 9}
#   - {precision: '4'}
#   - values: {'null': .nan}
# - name: e_Plx
#   unit: mas
#   datatype: float32
#   format: '{:7.4f}'
#   description: '? Standard error of parallax (parallax_error)'
#   meta: !!omap
#   - {ucd: ERROR}
#   - {width: 7}
#   - {precision: '4'}
#   - values: {'null': .nan}
# - name: pmRA
#   unit: mas / yr
#   datatype: float64
#   format: '{:9.3f}'
#   description: '? Proper motion in right ascension direction, pmRA*cosDE (pmra)'
#   meta: !!omap
#   - {ucd: POS_EQ_PMRA}
#   - {width: 9}
#   - {precision: '3'}
#   - values: {'null': .nan}
# - name: pmDE
#   unit: mas / yr
#   datatype: float64
#   format: '{:9.3f}'
#   description: '? Proper motion in declination direction (pmdec)'
#   meta: !!omap
#   - {ucd: POS_EQ_PMDEC}
#   - {width: 9}
#   - {precision: '3'}
#   - values: {'null': .nan}
# - name: e_pmRA
#   unit: mas / yr
#   datatype: float32
#   format: '{:6.3f}'
#   description: '? Standard error of proper motion in right ascension direction (pmra_error)'
#   meta: !!omap
#   - {ucd: ERROR}
#   - {width: 6}
#   - {precision: '3'}
#   - values: {'null': .nan}
# - name: e_pmDE
[...]
#         value: !astropy.table.SerializedColumn {name: SkyCoord.dec}
#       distance: !astropy.table.SerializedColumn
#         __class__: astropy.coordinates.distances.Distance
#         unit: !astropy.units.Unit {unit: pc}
#         value: !astropy.table.SerializedColumn {name: SkyCoord.distance}
#       frame: icrs
#       obstime: !astropy.time.Time {format: jyear_str, in_subfmt: '*', jd1: 367701545.0, jd2: 0.0, out_subfmt: '*', precision: 3, scale: tt}
#       pm_dec: !astropy.table.SerializedColumn
#         __class__: astropy.units.quantity.Quantity
#         unit: !astropy.units.Unit {unit: mas / yr}
#         value: !astropy.table.SerializedColumn {name: SkyCoord.pm_dec}
#       pm_ra_cosdec: !astropy.table.SerializedColumn
#         __class__: astropy.units.quantity.Quantity
#         unit: !astropy.units.Unit {unit: mas / yr}
#         value: !astropy.table.SerializedColumn {name: SkyCoord.pm_ra_cosdec}
#       ra: !astropy.table.SerializedColumn
#         __class__: astropy.coordinates.angles.Longitude
#         unit: *id001
#         value: !astropy.table.SerializedColumn {name: SkyCoord.ra}
#         wrap_angle: !astropy.coordinates.Angle
#           unit: *id001
#           value: 360.0
#       representation_type: spherical
# schema: astropy-2.0
RA_ICRS_1 DE_ICRS_1 e_RA_ICRS e_DE_ICRS _r_1 HIP TYC2 Source rgeo Plx e_Plx pmRA pmDE e_pmRA e_pmDE RUWE Teff logg Gmag BP-RP BPmag RPmag RV e_RV b_rgeo B_rgeo FG e_FG FBP e_FBP FRP e_FRP RAVE5 RAVE6 e_Gmag e_BPmag e_RPmag e_BP-RP SkyCoord.ra SkyCoord.dec SkyCoord.distance SkyCoord.pm_ra_cosdec SkyCoord.pm_dec rmRA rmDE e_rmRA e_rmDE rRV e_rRV v_pec v_pec3d e_vpec e_vpec3d
[from data line 58]
237.54313755461 -57.04619712988 0.0113 0.0103 15.9141 "" "" 5883964354958628608 2943.66162 0.3024 0.0155 -3.553 -2.345 0.019 0.017 0.933 4925.8 2.7473 13.410006 1.788026 14.220054 12.432028 -21.39 1.57 2818.83032 3092.01099 81460.00086 19.113 28015.0 241.85 84401.0 353.82 "" "" 0.002767071619822059 0.009779502 0.005916106 0.015695607 237.54313755461 -57.04619712988 2943.66162 -3.553 -2.3450000000000006 0.41318747711181647 2.1765001106262205 0.07369029 0.07169029 13.792000000000002 1.889 30.910999313013036 33.84832554985685 2.218197983970285 2.1670070624639037
237.85202120051 -56.91067963296 0.011 0.0093 13.4119 "" "" 5835952088200609792 2550.0437 0.3537 0.0149 -3.398 -3.483 0.017 0.015 0.89 "" "" 13.410622 0.730718 13.690658 12.95994 "" "" 2458.91162 2646.05054 81413.82289 16.38 45620.0 19.072 51902.0 30.476 "" "" 0.002763965839856927 0.0028268495 0.0038327754 0.006659625 237.85202120051 -56.91067963296 2550.0437 -3.3980000000000015 -3.4830000000000005 0.5681874771118163 1.0385001106262206 0.07169029 0.06969029 "" "" 14.308514424882187 "" 1.0038296305245855 ""
237.55238345262 -56.62794562933 0.0109 0.0094 9.2677 "" "" 5884002807881995264 2446.69897 0.3706 0.0159 -2.837 -1.118 0.018 0.015 1.053 5064.7 2.6135 13.442624 1.938723 14.40403 12.465307 -20.39 0.8 2351.74976 2557.47925 79049.11469 13.993 23649.0 15.763 81853.0 21.855 "" "" 0.0027620151428125314 0.0028824937 0.0037904836 0.0066729775 237.55238345262 -56.62794562933 2446.69897 -2.8369999999999997 -1.1180000000000003 1.1291874771118162 3.4035001106262204 0.072690286 0.06969029 14.792000000000002 1.119 41.587269616949705 44.13959966054142 2.9108387641786506 2.7680411555474023
237.09942933502 -56.77125697965 0.0119 0.0112 13.7969 "" "" 5883986452644291712 2498.23291 0.3596 0.0158 -3.238 -3.98 0.019 0.018 0.897 9705.4 3.7636 13.451401 0.909475 13.811943 12.902468 "" "" 2420.06348 2617.03198 78412.71879 17.847 40798.0 35.869 54723.0 34.007 "" "" 0.0027663796414739926 0.0029489386 0.003839137 0.006788076 237.09942933502 -56.77125697965 2498.23291 -3.237999999999997 -3.980000000000001 0.7281874771118164 0.5415001106262207 0.07369029 0.072690286 "" "" 10.745772183933829 "" 0.7880495091892479 ""
237.76744475032 -56.56247375332 0.0106 0.0095 15.4795 "" "" 5884004113552050432 2587.48901 0.3452 0.0162 -5.693 -7.011 0.017 0.015 0.903 "" "" 13.476172 2.352065 14.735036 12.382971 -21.48 1.14 2500.92334 2692.22778 76643.95956 18.013 17434.0 13.698 88302.0 35.272 "" "" 0.0027671107628933524 0.0029176662 0.0038041843 0.0067218505 237.76744475032 -56.56247375332 2587.48901 -5.693 -7.010999999999999 -1.7268125228881832 -2.4894998893737794 0.07169029 0.06969029 13.702000000000002 1.459 37.15918328786397 39.60492023247956 2.6140076202609093 2.503988087129531
237.38357230041 -56.64357875073 0.0111 0.0095 9.3853 "" "" 5884008408520310272 2630.14966 0.335 0.0155 -3.056 -2.45 0.017 0.014 0.952 "" "" 13.482891 2.074084 14.542431 12.468347 -65.95 1.06 2537.89648 2784.02637 76171.09403 15.086 20818.0 14.453 81624.0 25.699 "" "" 0.0027636984738261105 0.0028901952 0.0037948098 0.006685005 237.38357230041 -56.64357875073 2630.14966 -3.056 -2.45 0.9101874771118164 2.0715001106262205 0.07169029 0.068690285 -30.768 1.379 28.20816692980355 41.7417118185115 1.9515697817840372 1.6650875767764508
237.94198053012 -56.65941817319 0.0104 0.0092 15.7376 "" "" 5883999715505887616 2789.71021 0.3175 0.0151 -0.801 -2.984 0.016 0.014 0.936 "" "" 13.495664 2.262157 14.685751 12.423594 -23.37 0.77 2666.0813 2926.802 75280.2768 15.908 18244.0 14.436 85059.0 26.531 "" "" 0.0027648561593619073 0.0029194392 0.0037945244 0.0067139636 237.94198053012 -56.65941817319 2789.71021 -0.8009999999999992 -2.9839999999999964 3.1651874771118162 1.5375001106262207 0.07069029 0.068690285 11.812000000000001 1.089 46.53057468921001 48.00643420322063 3.271697896097995 3.182416504421726
237.15935916195 -56.89867680256 0.0115 0.0105 13.7364 "" "" 5883980302250759552 2786.51123 0.3193 0.0156 -4.286 -5.063 0.018 0.017 0.902 4598.1 2.0004 13.499 2.389186 14.78317 12.393984 6.1 0.67 2653.93408 2934.33691 75049.33592 17.935 16678.0 17.539 87411.0 36.593 "" "" 0.002767509981851474 0.0030147515 0.0038066152 0.006821367 237.15935916195 -56.89867680256 2786.51123 -4.286 -5.063 -0.3198125228881832 -0.541499889373779 0.072690286 0.07169029 41.282000000000004 0.989 8.306414137168666 42.10938185034489 0.5976484092729969 0.9767087145944954
238.00863911813 -56.80770270938 0.0108 0.0089 16.176 "" "" 5835958032436224384 2691.15527 0.3355 0.015 -2.238 -3.136 0.016 0.014 0.907 10587.4 3.8111 13.500765 0.598237 13.722716 13.124479 "" "" 2580.21265 2809.55493 74927.42046 18.215 44293.0 26.06 44603.0 19.099 "" "" 0.002767933548100691 0.002862361 0.0038078695 0.0066702305 238.00863911813 -56.80770270938 2691.15527 -2.238 -3.136 1.7281874771118164 1.3855001106262206 0.07069029 0.068690285 "" "" 28.25475872228789 "" 1.975419691862056 ""
237.91891300355 -56.93045940938 0.0178 0.0156 15.8888 "" "" 5835951091768145152 2502.94116 0.3623 0.0256 -3.176 -3.717 0.028 0.024 1.758 9222.6 3.8671 13.50343 0.905566 13.860749 12.955183 "" "" 2361.44556 2637.35522 74743.67487 34.948 39005.0 55.605 52130.0 81.924 "" "" 0.0028016972000137145 0.0031907314 0.0041466956 0.0073374268 237.91891300355 -56.93045940938 2502.94116 -3.1760000000000006 -3.717000000000001 0.7901874771118162 0.8045001106262206 0.08269028 0.07869029 "" "" 13.37848972212127 "" 1.079365506889999 ""
237.56308908104 -56.85309379601 0.0119 0.0098 4.5476 "" "" 5883990232216278656 2617.04248 0.3457 0.0159 -2.89 -2.687 0.017 0.015 1.02 "" "" 13.520784 0.830191 13.844699 13.014508 "" "" 2491.91675 2747.96289 73558.5157 15.501 39586.0 26.299 49358.0 21.974 "" "" 0.0027648033652252855 0.002881898 0.0038101666 0.006692065 237.56308908104 -56.85309379601 2617.04248 -2.8900000000000006 -2.686999999999999 1.0761874771118163 1.8345001106262209 0.07169029 0.06969029 "" "" 26.38334024619341 "" 1.8523157185475552 ""
237.28329227756 -56.80313133212 0.0113 0.01 7.8462 "" "" 5884005762820192512 2627.52515 0.3377 0.0159 -0.037 -1.831 0.017 0.016 0.999 4939.5 2.6393 13.522943 2.174779 14.652149 12.47737 -4.25 1.54 2525.89795 2745.04663 73412.42038 15.915 18817.0 20.836 80949.0 30.257 "" "" 0.0027653555053090686 0.0030381589 0.0038011079 0.006839267 237.28329227756 -56.80313133212 2627.52515 -0.03699999999999881 -1.831000000000001 3.9291874771118165 2.6905001106262207 0.07169029 0.07069029 30.932000000000002 1.859 59.30904686045458 66.89059473121462 4.233041135009019 3.850447142942427
237.451949512 -56.59694224293 0.0105 0.0091 11.2779 "" "" 5884014765072682240 2454.5498 0.3663 0.016 -4.634 -4.687 0.017 0.014 0.946 4837.8 2.5746 13.533105 1.998177 14.541141 12.542963 -35.74 0.87 2359.80493 2577.20166 72728.51824 12.841 20843.0 17.622 76203.0 33.091 "" "" 0.0027619807502166503 0.0029372915 0.003808677 0.0067459685 237.451949512 -56.59694224293 2454.5498 -4.633999999999999 -4.686999999999998 -0.6678125228881839 -0.16549988937377957 0.07169029 0.068690285 -0.5579999999999998 1.189 8.004748681382376 8.024173817415278 0.5725006836672419 0.5770689130057711
237.56998459745 -57.0537767767 0.0111 0.01 16.4348 "" "" 5883964153171734144 2585.3125 0.3472 0.0155 -0.978 -2.675 0.019 0.016 1.103 "" "" 13.551639 1.679191 14.34871 12.669519 -39.61 1.58 2466.31665 2688.97241 71497.54324 12.417 24885.0 16.332 67819.0 26.65 "" "" 0.0027617647119689516 0.0028797223 0.0038033875 0.00668311 237.56998459745 -57.0537767767 2585.3125 -0.9779999999999991 -2.674999999999999 2.9881874771118166 1.8465001106262209 0.07369029 0.07069029 -4.427999999999997 1.899 43.04555644295721 43.272706334175766 3.136886973703235 3.126465305924227
237.78626123335 -56.85025038323 0.0109 0.0093 9.7116 "" "" 5883990885051528320 2597.7605 0.3458 0.0154 -3.281 -4.209 0.017 0.015 0.938 4663.3 2.3963 13.554154 1.736074 14.389037 12.652964 -33.6 1.36 2464.09619 2712.82593 71332.08831 9.5943 23977.0 16.474 68861.0 23.266 "" "" 0.002759187417478834 0.0028881722 0.0037971432 0.0066853156 237.78626123335 -56.85025038323 2597.7605 -3.2810000000000006 -4.209 0.6851874771118163 0.3125001106262211 0.07169029 0.06969029 1.5820000000000007 1.679 9.273035022141103 9.407013475160724 0.6616301527173912 0.7107052128328021
237.64603203279 -56.54365873286 0.0106 0.0092 14.8635 "" "" 5884004903826143488 2877.31348 0.3047 0.0161 -11.203 -11.994 0.017 0.014 0.994 5085.2 2.16 13.560235 2.310138 14.786399 12.476261 -18.54 0.87 2755.81934 3006.38428 70933.68913 19.174 16629.0 16.224 81031.0 35.485 "" "" 0.0027709064012238654 0.002984485 0.0038091724 0.0067936573 237.64603203279 -56.54365873286 2877.31348 -11.203 -11.994 -7.236812522888183 -7.472499889373779 0.07169029 0.068690285 16.642000000000003 1.189 141.87263624571034 142.84537472143663 9.953536161156174 9.8867257324193
237.29017243098 -56.99620391378 0.0115 0.011 14.9123 "" "" 5883967142469393280 2740.56177 0.3264 0.0157 -3.525 -3.837 0.019 0.018 0.849 "" "" 13.601046 0.908226 13.947381 13.039155 "" "" 2643.2561 2861.92456 68316.93179 15.529 36013.0 41.487 48250.0 70.446 "" "" 0.0027663510342500284 0.0030576906 0.0040983628 0.0071560536 237.29017243098 -56.99620391378 2740.56177 -3.5249999999999995 -3.837 0.4411874771118165 0.6845001106262205 0.07369029 0.072690286 "" "" 10.578786948788247 "" 0.7720949713039685 ""
237.80063403112 -56.84123756142 0.011 0.009 9.9333 "" "" 5883990988130748032 2616.44702 0.344 0.0151 -2.197 -2.653 0.017 0.015 0.977 "" "" 13.605707 1.787697 14.475843 12.688147 -37.99 1.22 2526.96558 2718.03491 68024.29651 9.7505 22135.0 15.655 66665.0 17.05 "" "" 0.0027597118341745126 0.0028939075 0.0037895693 0.0066834767 237.80063403112 -56.84123756142 2616.44702 -2.197 -2.652999999999998 1.7691874771118163 1.8685001106262207 0.07169029 0.06969029 -2.808 1.539 31.9126211771309 32.03592131334861 2.254396430287853 2.2497675008036904
237.64506610496 -56.65447051005 0.0194 0.0159 8.6725 "" "" 5884001738355155072 2543.71045 0.3576 0.0283 -3.722 -5.691 0.035 0.025 2.04 5026.3 2.9561 13.616806 2.111533 14.638063 12.52653 -40.43 0.88 2384.27319 2726.91919 67332.41117 21.539 19063.0 19.177 77365.0 60.945 "" "" 0.0027771241028880654 0.0029963332 0.0038749534 0.006871287 237.64506610496 -56.65447051005 2543.71045 -3.722000000000001 -5.691000000000001 0.24418747711181643 -1.1694998893737791 0.08969028 0.079690285 -5.2479999999999976 1.199 14.40497134888506 15.331167716850516 1.1543137629940228 1.1596389679697556
237.34283552096 -56.7595151171 0.0115 0.0101 5.9287 "" "" 5884006312576036480 2606.64673 0.3419 0.0161 -2.472 -1.282 0.019 0.016 0.932 "" "" 13.624645 2.061914 14.668416 12.606502 -29.6 1.43 2497.23608 2721.0647 66848.05157 12.299 18537.0 29.91 71872.0 72.593 "" "" 0.002762551877722244 0.0032945543 0.0039352663 0.007229821 237.34283552096 -56.7595151171 2606.64673 -2.472000000000002 -1.2819999999999987 1.4941874771118164 3.2395001106262207 0.07369029 0.07069029 5.582000000000001 1.749 44.078094320596314 44.43013755251479 3.1394929562253675 3.1223586954835576
237.77947763736 -56.90594259898 0.0117 0.0098 11.3647 "" "" 5835951950761687808 2600.05103 0.3489 0.016 -4.328 -5.196 0.018 0.015 0.869 5245.2 2.6104 13.640547 1.712214 14.461325 12.749111 -20.56 1.15 2480.2793 2704.55298 65876.13277 9.9553 22433.0 18.423 63025.0 21.751 "" "" 0.002760201264489615 0.0029291804 0.0037979113 0.006727092 237.77947763736 -56.90594259898 2600.05103 -4.328000000000001 -5.196 -0.3618125228881839 -0.674499889373779 0.072690286 0.06969029 14.622000000000003 1.469 9.433145755147287 17.40077937443761 0.6638267342662147 1.2857976954917132
237.43864697954 -56.82377575482 0.0115 0.0106 3.6626 "" "" 5883994149226951680 2889.89673 0.3109 0.0159 -2.792 -3.298 0.017 0.017 0.847 "" "" 13.652468 0.958955 13.955412 12.996457 "" "" 2772.12817 3042.03491 65156.77613 21.262 35748.0 151.87 50185.0 442.45 "" "" 0.002778005856043007 0.0053908257 0.010291352 0.015682178 237.43864697954 -56.82377575482 2889.89673 -2.792 -3.298 1.1741874771118166 1.2235001106262207 0.07169029 0.07169029 "" "" 23.228977557792433 "" 1.6652921646137164 ""
237.32264558373 -56.67722315528 0.0118 0.0103 8.9802 "" "" 5884008992635826816 2609.31885 0.3449 0.0164 -3.033 -2.814 0.018 0.016 0.918 "" "" 13.655589 0.986957 14.056017 13.06906 "" "" 2507.65088 2715.54492 64969.72912 12.098 32584.0 28.631 46939.0 23.005 "" "" 0.002762727640515561 0.0029487622 0.0038166586 0.0067654205 237.32264558373 -56.67722315528 2609.31885 -3.0330000000000013 -2.8140000000000023 0.9331874771118165 1.7075001106262206 0.072690286 0.07069029 "" "" 24.066807305007675 "" 1.7124796731884646 ""
237.7451839573 -56.74660866906 0.0115 0.0095 7.7329 "" "" 5883998031877999488 2715.7771 0.3296 0.0162 -0.536 1.018 0.017 0.015 0.881 "" "" 13.663157 1.982073 14.664457 12.682384 13.19 0.88 2597.71191 2854.37402 64518.40984 11.315 18605.0 14.154 67020.0 17.364 "" "" 0.002761891793311423 0.0029098634 0.003789836 0.0066996994 237.7451839573 -56.74660866906 2715.7771 -0.5359999999999999 1.018 3.4301874771118164 5.5395001106262205 0.07169029 0.06969029 48.372 1.199 83.87312178674078 96.8222647031841 5.892113469380954 5.13912405934696
237.63957696183 -56.99931385659 0.0112 0.01 13.6676 "" "" 5883988136272025856 2420.1001 0.3752 0.0153 -5.396 -6.276 0.018 0.016 0.981 4904.4 2.5432 13.685782 1.745398 14.528156 12.782759 -44.14 1.28 2334.8291 2492.98315 63187.85342 9.4161 21094.0 13.48 61102.0 20.442 "" "" 0.0027600664165729327 0.002875144 0.0037967972 0.006671941 237.63957696183 -56.99931385659 2420.1001 -5.396 -6.276 -1.4298125228881835 -1.754499889373779 0.072690286 0.07069029 -8.957999999999998 1.599 25.963206224139117 27.46513865679866 1.8562437317364373 1.8305972590927713
237.14061045762 -56.72059699413 0.0113 0.0106 12.9606 "" "" 5884010092147485056 2895.12769 0.3075 0.0165 -2.481 -2.738 0.019 0.017 0.887 9595.1 3.7416 13.691883 0.994617 14.095924 13.101308 "" "" 2772.72754 3052.99048 62833.83815 14.882 31409.0 23.808 45565.0 23.85 "" "" 0.002767294200119709 0.0029090128 0.003821871 0.006730884 237.14061045762 -56.72059699413 2895.12769 -2.480999999999998 -2.738000000000001 1.4851874771118165 1.7835001106262207 0.07369029 0.07169029 "" "" 31.849720437024107 "" 2.3096123976261755 ""
237.61439372075 -56.94373353115 0.0119 0.0105 10.239 "" "" 5883988617308433152 2705.43018 0.3234 0.0159 -1.858 -3.592 0.019 0.017 0.951 "" "" 13.725849 2.070306 14.784918 12.714612 14.4 1.63 2605.89233 2839.12939 60898.58913 11.792 16651.0 14.669 65060.0 29.144 "" "" 0.0027633291624566624 0.0029495656 0.0038105478 0.0067601134 237.61439372075 -56.94373353115 2705.43018 -1.8580000000000003 -3.5919999999999987 2.1081874771118163 0.9295001106262206 0.07369029 0.07169029 49.582 1.949 29.545919530786705 57.71772764861523 2.1677396138489216 2.008624240429131
237.61310470908 -56.93538956338 0.0121 0.0107 9.7503 "" "" 5883988617308446976 2439.47095 0.3706 0.016 -2.484 -3.535 0.019 0.017 0.933 "" "" 13.728179 1.823883 14.621044 12.797161 -49.08 1.41 2364.86108 2532.70215 60768.04508 9.7446 19364.0 14.975 60297.0 28.689 "" "" 0.002760815497151651 0.0029137696 0.0038145236 0.0067282934 237.61310470908 -56.93538956338 2439.47095 -2.484000000000002 -3.535000000000003 1.4821874771118164 0.9865001106262206 0.07369029 0.07169029 -13.897999999999996 1.729 20.587702469310035 24.83964365615647 1.504593106590979 1.578278260454928
