Clusters/ASCC_107/ASCC_107_stars_in_region.tsv
# %ECSV 1.0
# ---
# datatype:
# - name: RA_ICRS_1
#   unit: deg
#   datatype: float64
#   format: '{:15.11f}'
#   description: Right ascension (ICRS) at Ep=2016.0 (ra)
#   meta: !!omap
#   - {ucd: POS_EQ_RA_MAIN}
#   - {width: 15}
#   - {precision: '11'}
# - name: DE_ICRS_1
#   unit: deg
#   datatype: float64
#   format: '{:15.11f}'
#   description: Declination (ICRS) at Ep=2016.0 (dec)
#   meta: !!omap
#   - {ucd: POS_EQ_DEC_MAIN}
#   - {width: 15}
#   - {precision: '11'}
# - name: e_RA_ICRS
#   unit: mas
#   datatype: float64
#   format: '{:7.4f}'
#   description: Standard error of right ascension (ra_error)
#   meta: !!omap
#   - {ucd: ERROR}
#   - {width: 7}
#   - {precision: '4'}
# - name: e_DE_ICRS
#   unit: mas
#   datatype: float64
#   format: '{:7.4f}'
#   description: Standard error of declination (dec_error)
#   meta: !!omap
#   - {ucd: ERROR}
#   - {width: 7}
#   - {precision: '4'}
# - name: _r_1
#   unit: ''
#   datatype: float64
#   format: '{:7.4f}'
#   description: Distance from center (297.16230647000+22.00710607000)[ICRS], at Epoch=J2016.0
#   meta: !!omap
#   - {ucd: POS_ANG_DIST_GENERAL}
#   - {width: 7}
#   - {precision: '4'}
# - name: HIP
#   datatype: int32
#   description: '? HIP cross-id number, van Leeuwen, Cat. I/311 (hip_original_ext_source_id)'
#   meta: !!omap
#   - {ucd: ID_NUMBER}
#   - {width: 6}
#   - values: {'null': -2147483648}
# - name: TYC2
#   datatype: string
#   description: Tycho-2 cross-id name, Hog et al., Cat. I/259 (tyc2_original_ext_source_id)
#   meta: !!omap
#   - {ucd: ID_CROSSID}
#   - {_votable_string_dtype: char}
# - name: Source
#   datatype: int64
#   description: Source identifier, identical to the Gaia-EDR3 source_id (id)
#   meta: !!omap
#   - {ucd: ID_MAIN}
#   - {width: 19}
# - name: rgeo
#   unit: pc
#   datatype: float64
#   format: '{:15.8f}'
#   description: '? Median of the geometric distance posterior (r_med_geo)'
#   meta: !!omap
#   - {ucd: PHYS_DISTANCE_TRUE}
#   - {width: 15}
#   - {precision: '8'}
#   - values: {'null': .nan}
# - name: Plx
#   unit: mas
#   datatype: float64
#   format: '{:9.4f}'
#   description: '? Parallax (parallax)'
#   meta: !!omap
#   - {ucd: POS_PARLX_TRIG}
#   - {width: 9}
#   - {precision: '4'}
#   - values: {'null': .nan}
# - name: e_Plx
#   unit: mas
#   datatype: float32
#   format: '{:7.4f}'
#   description: '? Standard error of parallax (parallax_error)'
#   meta: !!omap
#   - {ucd: ERROR}
#   - {width: 7}
#   - {precision: '4'}
#   - values: {'null': .nan}
# - name: pmRA
#   unit: mas / yr
#   datatype: float64
#   format: '{:9.3f}'
#   description: '? Proper motion in right ascension direction, pmRA*cosDE (pmra)'
#   meta: !!omap
#   - {ucd: POS_EQ_PMRA}
#   - {width: 9}
#   - {precision: '3'}
#   - values: {'null': .nan}
# - name: pmDE
#   unit: mas / yr
#   datatype: float64
#   format: '{:9.3f}'
#   description: '? Proper motion in declination direction (pmdec)'
#   meta: !!omap
#   - {ucd: POS_EQ_PMDEC}
#   - {width: 9}
#   - {precision: '3'}
#   - values: {'null': .nan}
# - name: e_pmRA
#   unit: mas / yr
#   datatype: float32
#   format: '{:6.3f}'
#   description: '? Standard error of proper motion in right ascension direction (pmra_error)'
#   meta: !!omap
#   - {ucd: ERROR}
#   - {width: 6}
#   - {precision: '3'}
#   - values: {'null': .nan}
# - name: e_pmDE
[...]
#         value: !astropy.table.SerializedColumn {name: SkyCoord.dec}
#       distance: !astropy.table.SerializedColumn
#         __class__: astropy.coordinates.distances.Distance
#         unit: !astropy.units.Unit {unit: pc}
#         value: !astropy.table.SerializedColumn {name: SkyCoord.distance}
#       frame: icrs
#       obstime: !astropy.time.Time {format: jyear_str, in_subfmt: '*', jd1: 367701545.0, jd2: 0.0, out_subfmt: '*', precision: 3, scale: tt}
#       pm_dec: !astropy.table.SerializedColumn
#         __class__: astropy.units.quantity.Quantity
#         unit: !astropy.units.Unit {unit: mas / yr}
#         value: !astropy.table.SerializedColumn {name: SkyCoord.pm_dec}
#       pm_ra_cosdec: !astropy.table.SerializedColumn
#         __class__: astropy.units.quantity.Quantity
#         unit: !astropy.units.Unit {unit: mas / yr}
#         value: !astropy.table.SerializedColumn {name: SkyCoord.pm_ra_cosdec}
#       ra: !astropy.table.SerializedColumn
#         __class__: astropy.coordinates.angles.Longitude
#         unit: *id001
#         value: !astropy.table.SerializedColumn {name: SkyCoord.ra}
#         wrap_angle: !astropy.coordinates.Angle
#           unit: *id001
#           value: 360.0
#       representation_type: spherical
# schema: astropy-2.0
RA_ICRS_1 DE_ICRS_1 e_RA_ICRS e_DE_ICRS _r_1 HIP TYC2 Source rgeo Plx e_Plx pmRA pmDE e_pmRA e_pmDE RUWE Teff logg Gmag BP-RP BPmag RPmag RV e_RV b_rgeo B_rgeo FG e_FG FBP e_FBP FRP e_FRP RAVE5 RAVE6 e_Gmag e_BPmag e_RPmag e_BP-RP SkyCoord.ra SkyCoord.dec SkyCoord.distance SkyCoord.pm_ra_cosdec SkyCoord.pm_dec rmRA rmDE e_rmRA e_rmDE rRV e_rRV v_pec v_pec3d e_vpec e_vpec3d
[from data line 1631]
296.53588598331 22.45986000696 0.1615 0.1742 44.14 "" "" 1827783702876406784 881.675354 1.2974 0.2346 -2.699 -3.982 0.223 0.223 5.305 9253.5 3.5461 16.409456 2.100296 17.382961 15.282665 "" "" 698.655579 1094.79333 5142.38417 14.296 1521.4 6.9322 6110.7 18.357 "" "" 0.004086859901427098 0.0056797 0.004992191 0.010671891 296.53588598331 22.45986000696 881.675354 -2.6989999999999994 -3.9820000000000024 -2.507173909783363 1.1771305732727049 0.33651927 0.33651927 "" "" 11.575208218434515 "" 3.895280632907267 ""
297.02988016326 22.72468921087 0.0269 0.0344 43.6775 "" "" 1827820437760283520 1016.5968 0.9657 0.0443 -5.289 -8.109 0.031 0.048 1.001 4980.9 4.3734 16.409653 1.494539 17.096584 15.602045 "" "" 977.86969 1053.11292 5141.45072 1.949 1980.5 7.2354 4553.4 6.7497 "" "" 0.0027858902610445814 0.0048495876 0.004107798 0.008957386 297.02988016326 22.72468921087 1016.5968 -5.289 -8.109000000000002 -5.097173909783363 -2.949869426727295 0.14451925 0.16151926 "" "" 28.37820056951669 "" 4.227411818116348 ""
297.03507022889 22.08213695205 0.0342 0.0328 8.3867 "" "" 1827574181528209664 825.735718 1.1733 0.047 -0.276 -5.09 0.044 0.041 0.96 5094.9 4.3259 16.412857 2.053155 17.449972 15.396817 "" "" 791.802612 861.847107 5126.29945 7.2113 1430.3 8.9574 5500.9 22.337 "" "" 0.0031503233189569477 0.007349742 0.005806961 0.013156703 297.03507022889 22.08213695205 825.735718 -0.2760000000000007 -5.090000000000002 -0.08417390978336337 0.06913057327270522 0.15751925 0.15451926 "" "" 0.4263243766975405 "" 0.06664206891755962 ""
296.31724923761 21.73361446343 0.0399 0.0449 49.8334 "" "" 1827629088369118848 1012.58514 0.9685 0.0662 3.351 0.789 0.063 0.068 1.273 4600.0 4.2183 16.414598 1.788394 17.24535 15.456956 "" "" 943.266113 1083.9198 5118.08391 3.9663 1726.9 8.5957 5204.5 8.8521 "" "" 0.0028809274995228655 0.0060820524 0.004206418 0.01028847 296.31724923761 21.73361446343 1012.58514 3.351 0.7889999999999999 3.5428260902166366 5.948130573272705 0.17651926 0.18151927 "" "" 33.229369116855196 "" 5.988708414095233 ""
296.41630815327 22.23707576001 0.0307 0.0328 43.7003 "" "" 1827685747579011328 812.112 1.199 0.0466 8.236 -11.309 0.043 0.045 0.982 5103.2 4.6399 16.414919 1.630714 17.187231 15.556517 "" "" 780.877747 844.09021 5116.5713 2.42 1821.9 7.0277 4748.4 8.5827 "" "" 0.0028027658058880855 0.0050323852 0.0042585186 0.009290904 296.41630815327 22.23707576001 812.112 8.236000000000002 -11.309000000000001 8.427826090216637 -6.149869426727294 0.15651926 0.15851927 "" "" 40.161209502960574 "" 6.314027800639746 ""
296.59865324193 22.36316467921 0.059 0.0614 37.9085 "" "" 1827779102992013056 1010.72833 0.9853 0.0872 -1.454 -4.617 0.083 0.082 1.978 5867.1 4.5845 16.418621 1.665377 17.16131 15.495934 "" "" 940.445618 1116.43872 5099.15531 6.2486 1865.9 6.8338 5020.9 7.3717 "" "" 0.0030597336362882216 0.004857715 0.004101807 0.0089595225 296.59865324193 22.36316467921 1010.72833 -1.454000000000001 -4.617000000000001 -1.2621739097833633 0.5421305732727051 0.19651926 0.19551927 "" "" 6.581083657175944 "" 1.2922868497248927 ""
296.72307135436 22.32244173688 0.0323 0.0344 30.8813 "" "" 1827766458608099328 939.195923 1.0445 0.0478 6.136 -0.514 0.046 0.044 0.946 5240.8 4.2818 16.418907 2.04696 17.460226 15.413266 "" "" 900.047424 976.983032 5097.81235 2.7041 1416.9 7.7599 5418.2 8.8548 "" "" 0.0028148667515825415 0.0065683043 0.004175185 0.0107434895 296.72307135436 22.32244173688 939.195923 6.136000000000001 -0.5139999999999996 6.327826090216637 4.645130573272705 0.15951926 0.15751925 "" "" 34.94544119795615 "" 5.550096870423772 ""
296.88497557796 21.8754336364 0.0294 0.0326 17.339 "" "" 1827564320282714240 725.041443 1.3624 0.0431 15.381 -0.468 0.04 0.044 0.936 4665.9 4.399 16.419647 1.629442 17.182652 15.553209 "" "" 704.869751 743.393738 5094.343 2.3759 1829.6 6.1946 4762.9 14.249 "" "" 0.00280146312296247 0.004615018 0.0049833986 0.009598417 296.88497557796 21.8754336364 725.041443 15.381 -0.46799999999999986 15.572826090216637 4.691130573272705 0.15351926 0.15751925 "" "" 55.894634014796466 "" 8.599724995053274 ""
297.65469318751 21.78276338411 0.0309 0.0317 30.5387 "" "" 1827492439711843200 707.035217 1.3875 0.0469 -2.05 -2.188 0.041 0.045 1.007 4524.1 4.4584 16.419724 1.753623 17.273914 15.520291 "" "" 688.574707 729.496521 5093.97837 2.4219 1682.1 5.3588 4909.6 8.1027 "" "" 0.002803258551172448 0.0044440017 0.0041826484 0.00862665 297.65469318751 21.78276338411 707.035217 -2.05 -2.188 -1.8581739097833632 2.971130573272705 0.15451926 0.15851927 "" "" 11.744272640761022 "" 1.848605866756293 ""
297.22140570194 22.74011988522 0.0307 0.0336 44.1029 "" "" 1827809580081975424 730.619812 1.3464 0.0442 3.081 -4.896 0.035 0.046 1.078 4692.3 4.4227 16.419727 1.674074 17.207613 15.533539 "" "" 707.969238 750.280701 5093.96553 2.3346 1788.0 6.0285 4850.0 7.0498 "" "" 0.002799892070910668 0.004602813 0.0040956577 0.008698471 297.22140570194 22.74011988522 730.619812 3.0809999999999986 -4.896 3.2728260902166366 0.26313057327270517 0.14851926 0.15951926 "" "" 11.370820999674375 "" 1.689618803028273 ""
297.8364150645 22.04907747992 0.0889 0.097 37.5784 "" "" 1827526588951671296 827.46991 1.2822 0.1347 -7.953 -6.349 0.133 0.145 3.09 5758.5 4.6429 16.422737 1.670456 17.124792 15.454336 "" "" 743.26416 943.499512 5079.86572 13.763 1929.7 9.9413 5217.0 10.844 "" "" 0.0040304915220618414 0.006250715 0.0044019166 0.0106526315 297.8364150645 22.04907747992 827.46991 -7.952999999999999 -6.349000000000002 -7.761173909783364 -1.1898694267272951 0.24651927 0.25851926 "" "" 30.796599272333495 "" 7.600643364044256 ""
297.39859446869 21.77982637176 0.0299 0.0343 18.9476 "" "" 1827503915865861248 863.368713 1.1444 0.0458 -3.908 -14.899 0.04 0.048 0.969 4703.2 4.4542 16.42285 1.562782 17.1365 15.573717 "" "" 822.274902 896.172729 5079.33178 2.3469 1909.0 13.799 4673.8 17.51 "" "" 0.002800616970517447 0.008329353 0.00555241 0.013881763 297.39859446869 21.77982637176 863.368713 -3.907999999999997 -14.898999999999992 -3.7161739097833633 -9.739869426727294 0.15351926 0.16151926 "" "" 42.66183017520106 "" 6.84828040072175 ""
297.75047880835 22.55899662235 0.0279 0.0339 46.5062 "" "" 1827975846872173952 1014.6933 0.9527 0.045 -4.49 -7.838 0.033 0.048 0.974 5134.5 4.6208 16.423052 1.419797 17.064865 15.645068 "" "" 969.175842 1055.71216 5078.38738 1.7529 2039.3 5.6572 4376.5 8.1824 "" "" 0.0027806898436062736 0.004105699 0.0042900215 0.00839572 297.75047880835 22.55899662235 1014.6933 -4.489999999999995 -7.837999999999997 -4.2981739097833636 -2.678869426727295 0.14651926 0.16151926 "" "" 24.359156198708966 "" 3.674972770671604 ""
296.42327640856 22.4438280153 0.0431 0.0447 48.6979 "" "" 1827829130757392128 856.708191 1.1693 0.0655 5.097 1.697 0.063 0.06 1.381 5800.3 4.2839 16.423092 1.763508 17.24273 15.479221 "" "" 797.074097 907.755737 5078.20644 3.5814 1731.1 10.646 5098.8 10.287 "" "" 0.0028597391182331195 0.0072366334 0.0043683015 0.011604935 296.42327640856 22.4438280153 856.708191 5.097 1.6969999999999992 5.288826090216637 6.856130573272705 0.17651926 0.17351925 "" "" 35.16242255817322 "" 6.140922829736034 ""
297.01438117211 22.4453658469 0.0308 0.034 27.5492 "" "" 1827794530515841408 871.330383 1.1304 0.0447 3.984 -7.954 0.046 0.051 0.974 4765.4 4.3891 16.42341 1.72264 17.249342 15.526702 "" "" 839.430054 906.307312 5076.71251 21.729 1720.6 25.454 4880.6 58.055 "" "" 0.0054025247117793825 0.01630257 0.013456527 0.029759098 297.01438117211 22.4453658469 871.330383 3.983999999999998 -7.954000000000006 4.175826090216637 -2.7948694267272947 0.15951926 0.16451925 "" "" 20.75304038341489 "" 3.3429557383151063 ""
297.48927093921 21.30376267939 0.0303 0.0359 45.971 "" "" 1826630456970407296 861.973328 1.1405 0.0473 4.172 -9.825 0.042 0.046 0.963 4753.9 4.5069 16.424114 1.56845 17.158754 15.590304 "" "" 825.722534 915.222168 5073.42062 2.4647 1870.3 5.2432 4603.0 9.7357 "" "" 0.002805352180798649 0.004129102 0.0044223582 0.00855146 297.48927093921 21.30376267939 861.973328 4.172 -9.825 4.363826090216636 -4.665869426727294 0.15551926 0.15951926 "" "" 26.101959314132685 "" 4.115379450178039 ""
297.28850517113 21.84303019423 0.0414 0.0454 12.0936 "" "" 1827508245193150720 1014.3952 0.9677 0.0625 -10.695 -13.066 0.056 0.061 1.298 4987.2 4.5928 16.424435 1.540816 17.127028 15.586211 "" "" 950.814392 1083.6626 5071.92456 3.1775 1925.8 5.0113 4620.3 10.448 "" "" 0.002838038475971737 0.0039708097 0.0045068553 0.0084776655 297.28850517113 21.84303019423 1014.3952 -10.694999999999997 -13.066000000000011 -10.503173909783364 -7.906869426727296 0.16951926 0.17451926 "" "" 63.21231325579976 "" 10.831096160299063 ""
297.13664822556 21.84292214001 0.0383 0.041 9.954 "" "" 1827549236356279552 825.636597 1.1806 0.0595 -1.275 -0.895 0.052 0.053 1.231 4375.3 4.4062 16.424694 1.754906 17.2751 15.520195 "" "" 788.780396 871.596924 5070.71436 3.0808 1680.3 8.5349 4910.0 8.9929 "" "" 0.0028331850835099943 0.006180528 0.004270617 0.0104511455 297.13664822556 21.84292214001 825.636597 -1.275 -0.8950000000000001 -1.0831739097833633 4.2641305732727055 0.16551927 0.16651925 "" "" 17.217731378570363 "" 2.866043100303555 ""
297.55718337306 22.54676622595 0.0541 0.0667 39.1038 "" "" 1827986807630125952 847.526978 1.1724 0.0872 -1.527 -6.334 0.064 0.092 1.935 5290.4 4.6842 16.426327 1.471221 17.036806 15.565585 "" "" 794.777283 918.453613 5063.09513 3.3941 2092.6 9.5057 4709.0 11.529 "" "" 0.0028498303358476017 0.005666531 0.004620578 0.01028711 297.55718337306 22.54676622595 847.526978 -1.5269999999999988 -6.333999999999997 -1.3351739097833633 -1.1748694267272946 0.17751926 0.20551926 "" "" 7.144666911319291 "" 1.359242601895806 ""
296.41295087012 22.14114945784 0.0313 0.0331 42.4347 "" "" 1827679661585836544 752.572998 1.303 0.0447 3.021 2.272 0.044 0.044 0.911 4952.8 4.6148 16.426893 1.678018 17.236258 15.55824 "" "" 725.248718 774.681702 5060.45094 2.3938 1741.5 6.3507 4740.9 10.279 "" "" 0.002802779309853841 0.004843696 0.004452555 0.009296251 296.41295087012 22.14114945784 752.572998 3.021000000000003 2.2720000000000002 3.2128260902166366 7.431130573272705 0.15751925 0.15751925 "" "" 28.87974067154004 "" 4.549115122779133 ""
296.95253296154 21.49875191629 0.0545 0.0622 32.6647 "" "" 1827401867442800384 1005.2265 1.0175 0.0853 -1.287 -5.104 0.078 0.086 1.661 5271.2 4.6943 16.42706 1.424211 17.05089 15.626678 "" "" 921.985352 1138.71814 5059.67863 5.0452 2065.7 7.4091 4451.3 9.1247 "" "" 0.0029603843454993404 0.0047906307 0.004386026 0.009176657 296.95253296154 21.49875191629 1005.2265 -1.2870000000000004 -5.104000000000008 -1.0951739097833633 0.055130573272704986 0.19151926 0.19951926 "" "" 5.224863276542886 "" 1.0007698049742384 ""
297.55443075566 22.05492324385 0.0363 0.0384 21.9974 "" "" 1827534530395040384 721.963867 1.371 0.0514 -0.143 -6.939 0.054 0.055 1.061 5447.4 4.5708 16.427416 1.82043 17.244787 15.424357 "" "" 693.928894 743.708069 5058.01943 7.702 1727.8 35.499 5363.1 37.83 "" "" 0.0032132749143517943 0.022481116 0.008540295 0.03102141 297.55443075566 22.05492324385 721.963867 -0.14299999999999935 -6.939 0.04882609021663667 -1.779869426727295 0.16751926 0.16851926 "" "" 6.093198086742462 "" 1.0268166551351026 ""
297.36473110757 22.04934003161 0.0612 0.0635 11.5405 "" "" 1827558685265780480 786.306335 1.2809 0.0958 0.025 -5.214 0.091 0.1 1.89 "" "" 16.433615 1.586161 16.755278 15.169117 "" "" 729.327637 867.607178 5029.22458 5.5871 2712.1 38.412 6784.4 40.507 "" "" 0.0030077638534535783 0.015628573 0.007503773 0.023132347 297.36473110757 22.04934003161 786.306335 0.025000000000000022 -5.214 0.21682609021663665 -0.054869426727295334 0.20451926 0.21351926 "" "" 0.8336048339908521 "" 0.17094908005808696 ""
296.84570227891 22.75454641963 0.0282 0.0341 48.1636 "" "" 1827818547974302720 993.250183 0.9757 0.0464 -0.281 -5.527 0.032 0.047 0.978 5022.1 4.4705 16.434301 1.494695 17.119446 15.624751 "" "" 948.563416 1037.51501 5026.04603 2.3084 1939.3 4.6554 4459.2 7.9874 "" "" 0.002800081463584924 0.0038181434 0.0042504044 0.008068548 296.84570227891 22.75454641963 993.250183 -0.2810000000000008 -5.526999999999998 -0.08917390978336337 -0.36786942672729506 0.14551926 0.16051926 "" "" 1.7820899961104189 "" 0.28464198594443635 ""
296.76112538014 21.56457961031 0.0322 0.0332 34.7071 "" "" 1827444915854694656 882.083252 1.1129 0.047 2.371 -2.618 0.048 0.048 0.976 4689.3 4.3958 16.436802 1.560795 17.160503 15.599709 "" "" 850.231018 926.734314 5014.47749 2.5735 1867.3 5.3031 4563.3 10.345 "" "" 0.002811099063696538 0.004158467 0.004510215 0.008668682 296.76112538014 21.56457961031 882.083252 2.371 -2.618 2.5628260902166367 2.541130573272705 0.16151926 0.16151926 "" "" 15.089811750427835 "" 2.437295215613871 ""
297.35832103954 21.91175260496 0.0304 0.0353 12.317 "" "" 1827508966747613440 741.179565 1.3209 0.0462 4.272 -1.463 0.042 0.048 1.004 4870.7 4.5982 16.438326 1.705703 17.254019 15.548316 "" "" 720.001648 766.84491 5007.44666 2.5305 1713.2 8.973 4784.4 11.223 "" "" 0.0028094185285434886 0.0063342443 0.004557438 0.0108916825 297.35832103954 21.91175260496 741.179565 4.272 -1.463 4.463826090216637 3.696130573272705 0.15551926 0.16151926 "" "" 20.360488384157158 "" 3.216697023528538 ""
297.83047702309 22.56650121311 0.0329 0.0402 50.0257 "" "" 1827976048689939584 886.349243 1.089 0.0541 5.609 -2.483 0.038 0.051 1.245 4786.5 4.3501 16.439028 1.665955 17.223928 15.557973 "" "" 843.90033 926.90448 5004.20842 1.9183 1761.3 7.6853 4742.1 6.9096 "" "" 0.0027865775668402303 0.0054981103 0.0040971274 0.009595238 297.83047702309 22.56650121311 886.349243 5.609 -2.483 5.800826090216637 2.676130573272705 0.15151925 0.16451925 "" "" 26.8394252680871 "" 4.13005084539895 ""
297.32700111242 22.38989280329 0.0305 0.0348 24.7225 "" "" 1827603593471648896 799.573608 1.2163 0.0471 5.557 -24.151 0.042 0.05 0.979 5037.4 4.4685 16.439714 1.749884 17.279396 15.529512 "" "" 778.022156 828.312866 5001.05005 2.1618 1673.6 7.4638 4868.0 8.4632 "" "" 0.0027950063226185686 0.005588458 0.0042245397 0.009812998 297.32700111242 22.38989280329 799.573608 5.5569999999999995 -24.151000000000003 5.748826090216637 -18.991869426727295 0.15551926 0.16351926 "" "" 75.2041174718736 "" 12.247959388946763 ""
296.79451203639 22.68136886905 0.0382 0.0435 45.3129 "" "" 1827816653862595072 833.606323 1.1761 0.0632 -10.953 -11.942 0.044 0.061 1.304 "" "" 16.440357 1.533376 16.653143 15.119767 "" "" 790.836426 878.260803 4998.08856 3.0827 2979.6 28.514 7099.9 65.187 "" "" 0.0028355296292019807 0.010758326 0.010660966 0.021419292 296.79451203639 22.68136886905 833.606323 -10.953 -11.941999999999997 -10.761173909783363 -6.782869426727295 0.15751925 0.17451926 "" "" 50.26228917085978 "" 8.169323552036545 ""
297.80714484414 22.44118167272 0.0681 0.0724 44.2843 "" "" 1827969902637563520 1035.12439 0.9903 0.0972 -2.432 -2.877 0.078 0.094 2.373 5283.3 4.6841 16.440557 1.730985 17.224812 15.493827 "" "" 930.756836 1171.98926 4997.16863 7.169 1759.9 6.3365 5030.7 7.6349 "" "" 0.003165112975684367 0.004802785 0.004122973 0.008925758 297.80714484414 22.44118167272 1035.12439 -2.432 -2.877 -2.2401739097833633 2.2821305732727053 0.19151926 0.20751926 "" "" 15.690413016836466 "" 3.1353813323194255 ""
296.56961103932 21.57733880171 0.1595 0.1524 41.8958 "" "" 1827458835883188608 854.199036 1.3917 0.2297 -0.527 -7.651 0.231 0.221 5.269 "" "" 16.440748 1.880297 17.111086 15.230789 "" "" 679.639221 1077.1604 4996.29103 6.8272 1954.3 8.0474 6409.8 10.846 "" "" 0.0031293581195143095 0.005270049 0.004202252 0.009472301 296.56961103932 21.57733880171 854.199036 -0.5270000000000015 -7.651 -0.33517390978336337 -2.4918694267272947 0.34451926 0.33451927 "" "" 10.180198395608723 "" 3.4073081347646204 ""
