Clusters/ASCC_107/ASCC_107_stars_in_region.tsv
# %ECSV 1.0
# ---
# datatype:
# - name: RA_ICRS_1
#   unit: deg
#   datatype: float64
#   format: '{:15.11f}'
#   description: Right ascension (ICRS) at Ep=2016.0 (ra)
#   meta: !!omap
#   - {ucd: POS_EQ_RA_MAIN}
#   - {width: 15}
#   - {precision: '11'}
# - name: DE_ICRS_1
#   unit: deg
#   datatype: float64
#   format: '{:15.11f}'
#   description: Declination (ICRS) at Ep=2016.0 (dec)
#   meta: !!omap
#   - {ucd: POS_EQ_DEC_MAIN}
#   - {width: 15}
#   - {precision: '11'}
# - name: e_RA_ICRS
#   unit: mas
#   datatype: float64
#   format: '{:7.4f}'
#   description: Standard error of right ascension (ra_error)
#   meta: !!omap
#   - {ucd: ERROR}
#   - {width: 7}
#   - {precision: '4'}
# - name: e_DE_ICRS
#   unit: mas
#   datatype: float64
#   format: '{:7.4f}'
#   description: Standard error of declination (dec_error)
#   meta: !!omap
#   - {ucd: ERROR}
#   - {width: 7}
#   - {precision: '4'}
# - name: _r_1
#   unit: ''
#   datatype: float64
#   format: '{:7.4f}'
#   description: Distance from center (297.16230647000+22.00710607000)[ICRS], at Epoch=J2016.0
#   meta: !!omap
#   - {ucd: POS_ANG_DIST_GENERAL}
#   - {width: 7}
#   - {precision: '4'}
# - name: HIP
#   datatype: int32
#   description: '? HIP cross-id number, van Leeuwen, Cat. I/311 (hip_original_ext_source_id)'
#   meta: !!omap
#   - {ucd: ID_NUMBER}
#   - {width: 6}
#   - values: {'null': -2147483648}
# - name: TYC2
#   datatype: string
#   description: Tycho-2 cross-id name, Hog et al., Cat. I/259 (tyc2_original_ext_source_id)
#   meta: !!omap
#   - {ucd: ID_CROSSID}
#   - {_votable_string_dtype: char}
# - name: Source
#   datatype: int64
#   description: Source identifier, identical to the Gaia-EDR3 source_id (id)
#   meta: !!omap
#   - {ucd: ID_MAIN}
#   - {width: 19}
# - name: rgeo
#   unit: pc
#   datatype: float64
#   format: '{:15.8f}'
#   description: '? Median of the geometric distance posterior (r_med_geo)'
#   meta: !!omap
#   - {ucd: PHYS_DISTANCE_TRUE}
#   - {width: 15}
#   - {precision: '8'}
#   - values: {'null': .nan}
# - name: Plx
#   unit: mas
#   datatype: float64
#   format: '{:9.4f}'
#   description: '? Parallax (parallax)'
#   meta: !!omap
#   - {ucd: POS_PARLX_TRIG}
#   - {width: 9}
#   - {precision: '4'}
#   - values: {'null': .nan}
# - name: e_Plx
#   unit: mas
#   datatype: float32
#   format: '{:7.4f}'
#   description: '? Standard error of parallax (parallax_error)'
#   meta: !!omap
#   - {ucd: ERROR}
#   - {width: 7}
#   - {precision: '4'}
#   - values: {'null': .nan}
# - name: pmRA
#   unit: mas / yr
#   datatype: float64
#   format: '{:9.3f}'
#   description: '? Proper motion in right ascension direction, pmRA*cosDE (pmra)'
#   meta: !!omap
#   - {ucd: POS_EQ_PMRA}
#   - {width: 9}
#   - {precision: '3'}
#   - values: {'null': .nan}
# - name: pmDE
#   unit: mas / yr
#   datatype: float64
#   format: '{:9.3f}'
#   description: '? Proper motion in declination direction (pmdec)'
#   meta: !!omap
#   - {ucd: POS_EQ_PMDEC}
#   - {width: 9}
#   - {precision: '3'}
#   - values: {'null': .nan}
# - name: e_pmRA
#   unit: mas / yr
#   datatype: float32
#   format: '{:6.3f}'
#   description: '? Standard error of proper motion in right ascension direction (pmra_error)'
#   meta: !!omap
#   - {ucd: ERROR}
#   - {width: 6}
#   - {precision: '3'}
#   - values: {'null': .nan}
# - name: e_pmDE
[...]
#         unit: &id001 !astropy.units.Unit {unit: deg}
#         value: !astropy.table.SerializedColumn {name: SkyCoord.dec}
#       distance: !astropy.table.SerializedColumn
#         __class__: astropy.coordinates.distances.Distance
#         unit: !astropy.units.Unit {unit: pc}
#         value: !astropy.table.SerializedColumn {name: SkyCoord.distance}
#       frame: icrs
#       obstime: !astropy.time.Time {format: jyear_str, in_subfmt: '*', jd1: 367701545.0, jd2: 0.0, out_subfmt: '*', precision: 3, scale: tt}
#       pm_dec: !astropy.table.SerializedColumn
#         __class__: astropy.units.quantity.Quantity
#         unit: !astropy.units.Unit {unit: mas / yr}
#         value: !astropy.table.SerializedColumn {name: SkyCoord.pm_dec}
#       pm_ra_cosdec: !astropy.table.SerializedColumn
#         __class__: astropy.units.quantity.Quantity
#         unit: !astropy.units.Unit {unit: mas / yr}
#         value: !astropy.table.SerializedColumn {name: SkyCoord.pm_ra_cosdec}
#       ra: !astropy.table.SerializedColumn
#         __class__: astropy.coordinates.angles.core.Longitude
#         unit: *id001
#         value: !astropy.table.SerializedColumn {name: SkyCoord.ra}
#         wrap_angle: !astropy.coordinates.Angle
#           unit: *id001
#           value: 360.0
#       representation_type: spherical
# schema: astropy-2.0
RA_ICRS_1 DE_ICRS_1 e_RA_ICRS e_DE_ICRS _r_1 HIP TYC2 Source rgeo Plx e_Plx pmRA pmDE e_pmRA e_pmDE RUWE Teff logg Gmag BP-RP BPmag RPmag RV e_RV b_rgeo B_rgeo FG e_FG FBP e_FBP FRP e_FRP RAVE5 RAVE6 e_Gmag e_BPmag e_RPmag e_BP-RP SkyCoord.ra SkyCoord.dec SkyCoord.distance SkyCoord.pm_ra_cosdec SkyCoord.pm_dec
[from data line 5089]
297.47030039921 22.18382136209 0.0367 0.0371 20.1395 "" "" 1827585348449261056 961.429688 1.029 0.0547 -4.405 -3.801 0.057 0.057 0.949 5300.0 4.6458 16.573538 1.675877 17.313354 15.637478 "" "" 910.889221 1016.57336 4421.11193 5.8841 1622.1 19.43 4407.2 42.476 "" "" 0.0031112476907560072 0.01330121 0.0111257695 0.024426978 297.47030039921 22.18382136209 961.429688 -4.405 -3.801
296.78200746495 21.92916831138 0.0317 0.0374 21.6717 "" "" 1827474778802390016 793.271667 1.2473 0.048 1.39 -14.975 0.043 0.051 1.02 4785.0 4.6109 16.574444 1.726428 17.391905 15.665477 "" "" 758.397156 828.544373 4417.42277 2.2498 1508.9 6.0516 4295.0 8.8531 "" "" 0.0028102601211550424 0.005171687 0.004392299 0.009563986 296.78200746495 21.92916831138 793.271667 1.39 -14.975000000000001
296.7461066189 21.86638545238 0.1478 0.1602 24.6547 "" "" 1827471102317071232 1024.2002 1.1175 0.2082 -2.297 -2.849 0.191 0.214 4.445 4991.3 3.7274 16.574657 2.470218 17.806068 15.335851 "" "" 820.674805 1269.17126 4416.55589 11.426 1030.4 5.5086 5818.6 10.419 "" "" 0.003934673249813413 0.006440223 0.0042501152 0.010690339 296.7461066189 21.86638545238 1024.2002 -2.297 -2.849
297.28933348445 22.21188143674 0.0373 0.0422 14.1711 "" "" 1827587852369024128 1066.12341 0.9078 0.0551 -3.897 -5.608 0.056 0.057 0.94 5484.5 4.5463 16.574968 1.676287 17.378613 15.702326 "" "" 1000.12878 1131.76013 4415.29154 2.3938 1527.5 7.0759 4151.7 8.9725 "" "" 0.0028174973411162468 0.005751601 0.0044485466 0.0102001475 297.28933348445 22.21188143674 1066.12341 -3.8969999999999994 -5.608
297.17278382335 22.50460875678 0.0448 0.0537 29.8558 "" "" 1827796042322813952 1245.31506 0.7853 0.0669 0.361 -4.577 0.058 0.074 1.597 4827.7 4.3361 16.575157 1.71448 17.30034 15.58586 "" "" 1156.6488 1362.87817 4414.52328 4.451 1641.6 8.5534 4621.8 11.537 "" "" 0.002964822770580782 0.006307781 0.0046507064 0.010958487 297.17278382335 22.50460875678 1245.31506 0.3610000000000001 -4.577
297.64411510037 22.05182204176 0.0571 0.0528 26.9319 "" "" 1827532881127492224 1041.66699 0.9429 0.0827 0.125 2.859 0.084 0.078 1.486 5898.1 4.5967 16.575247 1.545933 17.139807 15.593874 "" "" 972.893311 1115.68018 4414.16117 3.6579 1903.2 15.476 4587.8 26.523 "" "" 0.002898497485643584 0.009259139 0.007326849 0.016585987 297.64411510037 22.05182204176 1041.66699 0.125 2.8590000000000004
297.36097004932 22.78176624748 0.0433 0.0478 47.7683 "" "" 1828184513550255488 778.401672 1.2514 0.066 6.863 -4.894 0.048 0.063 1.665 4504.6 4.4498 16.57528 1.830644 17.312763 15.48212 "" "" 739.236328 823.316956 4414.02864 2.9718 1623.0 21.121 5085.2 107.93 "" "" 0.0028506366281345614 0.0144021455 0.023351895 0.03775404 297.36097004932 22.78176624748 778.401672 6.863 -4.893999999999999
296.69178416368 21.93304511465 0.0347 0.0378 26.5556 "" "" 1827475328558313984 1007.88251 0.9822 0.0511 -0.577 -1.172 0.046 0.05 1.022 4927.6 4.4714 16.576218 1.599566 17.334389 15.734822 "" "" 962.769165 1050.21887 4410.21215 2.2128 1591.0 7.2287 4029.3 8.1213 "" "" 0.0028086572076736088 0.005667442 0.0043672277 0.010034669 296.69178416368 21.93304511465 1007.88251 -0.577 -1.1719999999999997
297.65857461886 21.58917748474 0.0367 0.0386 37.3248 "" "" 1826735048007711744 901.60083 1.0963 0.0522 -0.006 -4.023 0.05 0.052 1.114 4625.1 4.582 16.576237 1.822139 17.44768 15.625541 "" "" 856.244019 950.957031 4410.13526 2.6714 1433.3 7.3861 4456.0 8.979 "" "" 0.0028327240959696307 0.006252152 0.004366942 0.010619095 297.65857461886 21.58917748474 901.60083 -0.006000000000000005 -4.023
296.50314423224 21.47984047051 0.0345 0.0363 48.4803 "" "" 1827422861234529792 978.260742 0.9963 0.05 -3.688 -2.754 0.05 0.05 1.019 4655.4 4.4322 16.576645 1.637798 17.331566 15.693768 "" "" 936.483215 1027.72693 4408.47873 2.4352 1595.1 6.7151 4184.6 26.918 "" "" 0.002819838526242482 0.0053550852 0.007941158 0.013296243 296.50314423224 21.47984047051 978.260742 -3.6880000000000006 -2.7539999999999996
296.36140229406 21.78458336886 0.0354 0.0389 46.5437 "" "" 1827653483785011200 392.935822 2.5125 0.0542 15.493 8.324 0.052 0.055 0.925 "" "" 16.576653 1.997618 17.592617 15.594999 "" "" 385.838287 401.056305 4408.45087 2.5814 1254.2 7.6 4583.1 7.7023 "" "" 0.0028277165472847675 0.0071463645 0.004196804 0.011343168 296.36140229406 21.78458336886 392.935822 15.493000000000002 8.323999999999998
297.3176441379 21.39487378883 0.0391 0.0442 37.7408 "" "" 1827383072664278144 915.634766 1.0666 0.0597 2.576 -4.292 0.057 0.063 1.209 4743.9 4.47 16.577122 1.57928 17.314188 15.734908 "" "" 871.121033 956.079529 4406.54554 2.2686 1620.8 6.0993 4029.0 8.8603 "" "" 0.002811446301682303 0.004947589 0.004470428 0.009418016 297.3176441379 21.39487378883 915.634766 2.576 -4.292
296.65206140486 22.56694253315 0.1616 0.1956 43.9403 "" "" 1827790437385510272 1188.22852 1.1075 0.2586 -4.169 -6.474 0.224 0.255 5.554 "" "" 16.577385 2.938612 18.121008 15.182396 "" "" 865.029785 1786.3053 4405.4734 6.6349 770.93 7.2479 6701.9 12.256 "" "" 0.0032039990304328194 0.01058202 0.0042691957 0.014851215 296.65206140486 22.56694253315 1188.22852 -4.169 -6.474000000000002
296.98462896067 21.29536815915 0.0387 0.0393 43.8387 "" "" 1827377300227805824 1321.30469 0.7511 0.0554 1.112 -12.485 0.055 0.056 1.042 4819.3 4.4039 16.57743 1.48235 17.254965 15.772614 "" "" 1231.57678 1443.8302 4405.2875 2.1806 1711.7 8.2724 3891.5 8.3321 "" "" 0.0028072452481384693 0.005942914 0.004437097 0.010380011 296.98462896067 21.29536815915 1321.30469 1.1119999999999999 -12.485
297.35654108092 21.77189136746 0.0617 0.0721 17.7796 "" "" 1827504053304875776 904.776855 1.106 0.0966 -12.516 -18.043 0.084 0.103 1.895 4840.7 4.6858 16.577562 1.636293 17.266506 15.630213 "" "" 831.019714 1007.55731 4404.75487 5.0291 1693.6 9.3635 4436.8 15.909 "" "" 0.003021336991420572 0.0066195386 0.0054258713 0.0120454095 297.35654108092 21.77189136746 904.776855 -12.516000000000002 -18.043000000000003
296.9790334194 21.41951748134 0.0332 0.0355 36.7057 "" "" 1827392487233517824 1126.69739 0.8726 0.0483 -2.804 -9.226 0.048 0.052 1.001 4840.2 4.4547 16.579124 1.474166 17.257364 15.783198 "" "" 1058.03613 1207.07019 4398.42132 2.2366 1707.9 6.2583 3853.7 8.2529 "" "" 0.002810089151786324 0.0048593646 0.004437353 0.009296717 296.9790334194 21.41951748134 1126.69739 -2.804 -9.226
296.87312075138 21.52505918443 0.041 0.0488 33.1088 "" "" 1827443992468153344 848.844177 1.1257 0.0628 -1.227 -11.1 0.06 0.066 1.308 4667.2 4.3848 16.57992 1.679167 17.330385 15.651218 "" "" 810.08606 896.68866 4395.19993 3.7681 1596.8 7.0225 4351.8 6.2094 "" "" 0.0029083027150780855 0.005530357 0.004084571 0.009614928 296.87312075138 21.52505918443 848.844177 -1.2270000000000003 -11.1
298.05776290195 22.01338056526 0.0399 0.0349 49.8129 "" "" 1827523294759768448 1303.5094 0.7538 0.0515 -0.445 -5.403 0.055 0.047 0.939 5248.0 4.4584 16.580093 1.52206 17.274616 15.752556 "" "" 1223.37671 1397.53394 4394.50272 2.3854 1681.0 6.2346 3964.0 7.667 "" "" 0.0028176456151502442 0.0048990357 0.004323617 0.009222653 298.05776290195 22.01338056526 1303.5094 -0.44500000000000023 -5.4030000000000005
296.7236205046 21.28617774364 0.0355 0.0352 49.6948 "" "" 1827368980831793792 1062.31995 0.9246 0.0536 -2.662 -3.459 0.055 0.049 0.969 4939.7 4.4792 16.580853 1.511354 17.274975 15.763621 "" "" 1008.70972 1124.57178 4391.42992 2.2942 1680.5 6.2047 3923.8 8.4501 "" "" 0.0028130988353480763 0.0048841527 0.004444192 0.009328345 296.7236205046 21.28617774364 1062.31995 -2.662 -3.4590000000000005
297.81832656704 22.18339694742 0.034 0.0363 37.9734 "" "" 1827541264904347008 434.680664 2.2774 0.0488 -13.66 -7.708 0.051 0.05 0.916 4154.4 4.5726 16.580917 2.080457 17.645546 15.565089 "" "" 426.942291 441.913574 4391.16928 2.4534 1194.5 5.3775 4711.1 10.442 "" "" 0.002821306434095013 0.0056281616 0.004480509 0.01010867 297.81832656704 22.18339694742 434.680664 -13.660000000000004 -7.708
297.09026582894 21.90995979621 0.0333 0.037 7.0743 "" "" 1827553496963970304 880.722656 1.1139 0.051 -0.294 -5.102 0.044 0.047 0.985 4369.3 4.2269 16.581001 1.827474 17.475113 15.647639 "" "" 846.763611 917.31897 4390.82657 6.737 1397.6 7.2752 4366.2 20.096 "" "" 0.0032197758136432333 0.0063030017 0.006265472 0.012568474 297.09026582894 21.90995979621 880.722656 -0.29399999999999993 -5.102
296.90119903729 21.90852462191 0.0328 0.0362 15.6878 "" "" 1827564457721671552 1216.05542 0.8015 0.0465 -7.534 0.531 0.045 0.048 0.982 5275.7 4.5792 16.581017 1.552485 17.289286 15.736801 "" "" 1154.3678 1284.88501 4390.76339 12.524 1658.5 17.006 4022.0 32.123 "" "" 0.004145188312920833 0.011477284 0.00945939 0.020936675 296.90119903729 21.90852462191 1216.05542 -7.534000000000001 0.531
296.38782957129 22.43360757474 0.0471 0.0368 50.0535 "" "" 1827829062040030336 1008.29431 0.9645 0.061 3.495 -6.361 0.076 0.058 0.993 "" "" 16.58141 "" "" "" "" "" 950.745728 1067.01685 4389.17789 3.05 "" "" "" "" "" "" 0.002856748453227665 "" "" "" 296.38782957129 22.43360757474 1008.29431 3.4950000000000006 -6.360999999999999
296.71549421181 22.35581507246 0.0407 0.0444 32.4656 "" "" 1827784153873392640 479.158844 2.0617 0.061 13.556 -29.273 0.059 0.058 1.208 4073.6 4.3769 16.58197 2.091651 17.611391 15.51974 "" "" 466.217224 493.033997 4386.91002 3.3879 1232.7 8.3921 4912.0 7.6793 "" "" 0.0028800780113028323 0.007900669 0.0041430593 0.0120437285 296.71549421181 22.35581507246 479.158844 13.556000000000001 -29.273
297.70360684254 21.8660466729 0.0325 0.0357 31.2928 "" "" 1827516766408825088 1318.02332 0.7337 0.05 -0.507 -12.392 0.044 0.049 1.018 4965.7 4.3817 16.581991 1.474475 17.2432 15.768725 "" "" 1233.61658 1436.81128 4386.82344 2.1706 1730.4 6.7731 3905.4 11.637 "" "" 0.0028072044903524945 0.005083855 0.004974955 0.01005881 297.70360684254 21.8660466729 1318.02332 -0.5069999999999997 -12.392
296.69487399521 22.34869911997 0.0362 0.0384 33.0841 "" "" 1827778347050164480 1225.04797 0.7892 0.0527 0.206 7.39 0.052 0.05 1.039 5604.0 4.3475 16.582224 1.913264 17.499388 15.586123 "" "" 1161.58997 1303.9574 4385.88411 2.3218 1366.7 8.8287 4620.7 8.9853 "" "" 0.0028146308246816817 0.007548324 0.004329122 0.0118774455 296.69487399521 22.34869911997 1225.04797 0.20600000000000018 7.39
297.26326504287 22.81989998616 0.0281 0.035 49.0881 "" "" 1828185750501028736 1039.18164 0.9552 0.0482 9.107 -0.715 0.031 0.047 1.042 4636.1 4.1812 16.582483 1.576269 17.325628 15.749359 "" "" 987.384949 1096.94116 4384.83581 1.7874 1603.9 5.888 3975.7 6.2794 "" "" 0.0027906392304135907 0.004865347 0.004150238 0.009015584 297.26326504287 22.81989998616 1039.18164 9.107000000000001 -0.715
297.64156851681 21.53094830871 0.1308 0.1358 39.1071 "" "" 1826734223373974272 727.749023 1.4177 0.1872 1.932 -0.492 0.184 0.178 3.835 4801.1 4.4344 16.583126 1.67294 17.31766 15.644719 "" "" 639.369202 827.622253 4382.24435 13.006 1615.7 7.2072 4377.9 13.314 "" "" 0.004239725088385533 0.0055894 0.005018608 0.010608008 297.64156851681 21.53094830871 727.749023 1.932 -0.492
297.92532740142 21.64111100314 0.0387 0.0372 47.838 "" "" 1826756557205611392 950.632141 1.0191 0.0533 3.767 -3.423 0.05 0.052 1.06 "" "" 16.5834 1.534263 17.295193 15.76093 "" "" 904.950623 998.035278 4381.13047 2.3089 1649.5 7.934 3933.6 8.8115 "" "" 0.002814106491425141 0.0059209596 0.004494319 0.010415278 297.92532740142 21.64111100314 950.632141 3.767 -3.423
297.85665281184 22.44358578342 0.0323 0.0342 46.6169 "" "" 1827971135246952576 865.498352 1.1273 0.0478 -6.768 -6.989 0.036 0.046 1.008 4516.9 4.3678 16.583494 1.84077 17.468485 15.627715 "" "" 822.367798 906.962036 4380.75843 2.0542 1406.1 5.3832 4447.1 7.48 "" "" 0.0028019617458100526 0.0050063157 0.004197469 0.009203784 297.85665281184 22.44358578342 865.498352 -6.768000000000001 -6.989000000000001
296.92744680328 21.5853694082 0.0381 0.04 28.4868 "" "" 1827450074156156160 1279.64539 0.7674 0.0514 0.63 -5.451 0.049 0.052 1.053 5344.9 4.5884 16.583725 1.388289 17.212086 15.823796 "" "" 1198.08472 1369.33594 4379.82249 2.4777 1780.7 9.2177 3712.3 7.7958 "" "" 0.0028229492927957386 0.0062747374 0.0044138753 0.010688612 296.92744680328 21.5853694082 1279.64539 0.6300000000000001 -5.450999999999999
296.74648992809 21.9037311793 0.0334 0.0357 23.9564 "" "" 1827474259072100480 705.39801 1.3732 0.0475 -9.043 -10.509 0.045 0.046 0.984 3738.0 4.0975 16.584246 2.062682 17.627113 15.564431 "" "" 687.421936 729.031738 4377.72762 2.3677 1215.0 7.4097 4714.0 10.874 "" "" 0.0028172005552452237 0.0071852454 0.0045339093 0.011719154 296.74648992809 21.9037311793 705.39801 -9.043000000000001 -10.509
296.87268189814 21.65917129799 0.0335 0.0411 26.3822 "" "" 1827451822162374400 1290.30969 0.7669 0.0507 -2.374 6.621 0.049 0.053 0.986 5188.3 4.5999 16.58539 1.464957 17.261648 15.796691 "" "" 1184.20837 1407.30603 4373.11046 2.3711 1701.2 7.4623 3806.1 8.6509 "" "" 0.0028175061014574076 0.005519706 0.0045137163 0.010033422 296.87268189814 21.65917129799 1290.30969 -2.3739999999999997 6.621
297.69004565122 21.69415342724 0.0796 0.0872 34.8758 "" "" 1827487801104759040 1123.87927 0.8849 0.1201 -2.576 -3.254 0.107 0.125 2.399 5873.3 4.6099 16.585417 1.584533 17.212908 15.628375 "" "" 1013.97192 1308.42847 4373.00546 5.0903 1779.3 9.771 4444.3 14.238 "" "" 0.003031344322338729 0.0065828655 0.005136386 0.011719251 297.69004565122 21.69415342724 1123.87927 -2.5760000000000005 -3.254
296.90304046433 21.31025144097 0.0355 0.0372 44.2403 "" "" 1827389974632029184 956.560608 1.0242 0.0497 1.411 -6.208 0.052 0.057 0.904 4864.2 4.5991 16.585953 1.586323 17.303293 15.71697 "" "" 915.977783 1004.91937 4370.84891 2.3451 1637.2 6.4901 4096.1 9.8462 "" "" 0.0028162267378025823 0.00512929 0.0045929574 0.009722248 296.90304046433 21.31025144097 956.560608 1.411 -6.207999999999999
297.54696303506 21.69267819207 0.0351 0.0357 28.5445 "" "" 1827490133270588032 1208.46338 0.7992 0.05 -0.886 -1.813 0.05 0.047 1.016 5357.7 4.6063 16.586102 1.417496 17.207035 15.789539 "" "" 1149.41199 1279.26282 4370.24563 3.0732 1789.0 6.3685 3831.3 12.278 "" "" 0.002859147118372669 0.004766905 0.0051371227 0.009904028 297.54696303506 21.69267819207 1208.46338 -0.886 -1.8129999999999997
297.56194242984 21.61167626649 0.0902 0.1158 32.5346 "" "" 1827486289276882816 931.538696 1.1008 0.1416 -3.113 -3.684 0.135 0.13 2.015 "" "" 16.586689 "" "" "" "" "" 818.668274 1087.78992 4367.88823 10.928 "" "" "" "" "" "" 0.003869187336980341 "" "" "" 297.56194242984 21.61167626649 931.538696 -3.113 -3.684
296.78836178794 22.5624116433 0.0323 0.0393 39.2571 "" "" 1827788375801179904 1082.20776 0.897 0.0538 -3.804 -7.137 0.043 0.056 1.077 5367.5 4.6058 16.586857 1.569414 17.30393 15.734516 "" "" 1029.82507 1146.75537 4367.20871 2.7048 1636.2 6.0906 4030.4 6.8803 "" "" 0.0028361891795494845 0.0049111284 0.0042093997 0.009120528 296.78836178794 22.5624116433 1082.20776 -3.8040000000000003 -7.1370000000000005
297.14952675508 21.66654904624 0.0483 0.0518 20.4458 "" "" 1827498590105865344 1207.56812 0.802 0.0681 3.624 4.48 0.066 0.067 1.506 4643.1 4.3139 16.586918 1.707523 17.374754 15.667231 "" "" 1123.99878 1308.48474 4366.9648 3.9578 1532.9 7.0588 4288.1 11.732 "" "" 0.0029257580632525678 0.005725535 0.0048070443 0.010532579 297.14952675508 21.66654904624 1207.56812 3.6240000000000006 4.48
296.623681619 21.57747431865 0.0349 0.0337 39.5597 "" "" 1827447462808741632 763.899109 1.2894 0.0489 -11.189 -12.606 0.056 0.051 1.0 4662.3 4.6734 16.586954 1.650646 17.375162 15.724516 "" "" 735.608582 796.747314 4366.81913 2.116 1532.3 6.8582 4067.7 8.0392 "" "" 0.002805098720229198 0.005603542 0.0043460513 0.009949593 296.623681619 21.57747431865 763.899109 -11.189 -12.606
296.88852927873 21.66301044257 0.036 0.0421 25.6662 "" "" 1827451860855689856 1362.02698 0.7109 0.0537 0.251 -1.85 0.05 0.055 1.043 5214.5 4.6014 16.58698 1.392327 17.209948 15.81762 "" "" 1284.36841 1444.04321 4366.70956 2.3063 1784.2 9.194 3733.4 8.0573 "" "" 0.0028143595235981065 0.006251955 0.0044468315 0.010698786 296.88852927873 21.66301044257 1362.02698 0.2509999999999999 -1.85
