Clusters/ASCC_107/ASCC_107_stars_in_region.tsv
# %ECSV 1.0
# ---
# datatype:
# - name: RA_ICRS_1
#   unit: deg
#   datatype: float64
#   format: '{:15.11f}'
#   description: Right ascension (ICRS) at Ep=2016.0 (ra)
#   meta: !!omap
#   - {ucd: POS_EQ_RA_MAIN}
#   - {width: 15}
#   - {precision: '11'}
# - name: DE_ICRS_1
#   unit: deg
#   datatype: float64
#   format: '{:15.11f}'
#   description: Declination (ICRS) at Ep=2016.0 (dec)
#   meta: !!omap
#   - {ucd: POS_EQ_DEC_MAIN}
#   - {width: 15}
#   - {precision: '11'}
# - name: e_RA_ICRS
#   unit: mas
#   datatype: float64
#   format: '{:7.4f}'
#   description: Standard error of right ascension (ra_error)
#   meta: !!omap
#   - {ucd: ERROR}
#   - {width: 7}
#   - {precision: '4'}
# - name: e_DE_ICRS
#   unit: mas
#   datatype: float64
#   format: '{:7.4f}'
#   description: Standard error of declination (dec_error)
#   meta: !!omap
#   - {ucd: ERROR}
#   - {width: 7}
#   - {precision: '4'}
# - name: _r_1
#   unit: ''
#   datatype: float64
#   format: '{:7.4f}'
#   description: Distance from center (297.16230647000+22.00710607000)[ICRS], at Epoch=J2016.0
#   meta: !!omap
#   - {ucd: POS_ANG_DIST_GENERAL}
#   - {width: 7}
#   - {precision: '4'}
# - name: HIP
#   datatype: int32
#   description: '? HIP cross-id number, van Leeuwen, Cat. I/311 (hip_original_ext_source_id)'
#   meta: !!omap
#   - {ucd: ID_NUMBER}
#   - {width: 6}
#   - values: {'null': -2147483648}
# - name: TYC2
#   datatype: string
#   description: Tycho-2 cross-id name, Hog et al., Cat. I/259 (tyc2_original_ext_source_id)
#   meta: !!omap
#   - {ucd: ID_CROSSID}
#   - {_votable_string_dtype: char}
# - name: Source
#   datatype: int64
#   description: Source identifier, identical to the Gaia-EDR3 source_id (id)
#   meta: !!omap
#   - {ucd: ID_MAIN}
#   - {width: 19}
# - name: rgeo
#   unit: pc
#   datatype: float64
#   format: '{:15.8f}'
#   description: '? Median of the geometric distance posterior (r_med_geo)'
#   meta: !!omap
#   - {ucd: PHYS_DISTANCE_TRUE}
#   - {width: 15}
#   - {precision: '8'}
#   - values: {'null': .nan}
# - name: Plx
#   unit: mas
#   datatype: float64
#   format: '{:9.4f}'
#   description: '? Parallax (parallax)'
#   meta: !!omap
#   - {ucd: POS_PARLX_TRIG}
#   - {width: 9}
#   - {precision: '4'}
#   - values: {'null': .nan}
# - name: e_Plx
#   unit: mas
#   datatype: float32
#   format: '{:7.4f}'
#   description: '? Standard error of parallax (parallax_error)'
#   meta: !!omap
#   - {ucd: ERROR}
#   - {width: 7}
#   - {precision: '4'}
#   - values: {'null': .nan}
# - name: pmRA
#   unit: mas / yr
#   datatype: float64
#   format: '{:9.3f}'
#   description: '? Proper motion in right ascension direction, pmRA*cosDE (pmra)'
#   meta: !!omap
#   - {ucd: POS_EQ_PMRA}
#   - {width: 9}
#   - {precision: '3'}
#   - values: {'null': .nan}
# - name: pmDE
#   unit: mas / yr
#   datatype: float64
#   format: '{:9.3f}'
#   description: '? Proper motion in declination direction (pmdec)'
#   meta: !!omap
#   - {ucd: POS_EQ_PMDEC}
#   - {width: 9}
#   - {precision: '3'}
#   - values: {'null': .nan}
# - name: e_pmRA
#   unit: mas / yr
#   datatype: float32
#   format: '{:6.3f}'
#   description: '? Standard error of proper motion in right ascension direction (pmra_error)'
#   meta: !!omap
#   - {ucd: ERROR}
#   - {width: 6}
#   - {precision: '3'}
#   - values: {'null': .nan}
# - name: e_pmDE
[...]
#         unit: &id001 !astropy.units.Unit {unit: deg}
#         value: !astropy.table.SerializedColumn {name: SkyCoord.dec}
#       distance: !astropy.table.SerializedColumn
#         __class__: astropy.coordinates.distances.Distance
#         unit: !astropy.units.Unit {unit: pc}
#         value: !astropy.table.SerializedColumn {name: SkyCoord.distance}
#       frame: icrs
#       obstime: !astropy.time.Time {format: jyear_str, in_subfmt: '*', jd1: 367701545.0, jd2: 0.0, out_subfmt: '*', precision: 3, scale: tt}
#       pm_dec: !astropy.table.SerializedColumn
#         __class__: astropy.units.quantity.Quantity
#         unit: !astropy.units.Unit {unit: mas / yr}
#         value: !astropy.table.SerializedColumn {name: SkyCoord.pm_dec}
#       pm_ra_cosdec: !astropy.table.SerializedColumn
#         __class__: astropy.units.quantity.Quantity
#         unit: !astropy.units.Unit {unit: mas / yr}
#         value: !astropy.table.SerializedColumn {name: SkyCoord.pm_ra_cosdec}
#       ra: !astropy.table.SerializedColumn
#         __class__: astropy.coordinates.angles.core.Longitude
#         unit: *id001
#         value: !astropy.table.SerializedColumn {name: SkyCoord.ra}
#         wrap_angle: !astropy.coordinates.Angle
#           unit: *id001
#           value: 360.0
#       representation_type: spherical
# schema: astropy-2.0
RA_ICRS_1 DE_ICRS_1 e_RA_ICRS e_DE_ICRS _r_1 HIP TYC2 Source rgeo Plx e_Plx pmRA pmDE e_pmRA e_pmDE RUWE Teff logg Gmag BP-RP BPmag RPmag RV e_RV b_rgeo B_rgeo FG e_FG FBP e_FBP FRP e_FRP RAVE5 RAVE6 e_Gmag e_BPmag e_RPmag e_BP-RP SkyCoord.ra SkyCoord.dec SkyCoord.distance SkyCoord.pm_ra_cosdec SkyCoord.pm_dec
[from data line 5582]
297.94132664041 22.11263742735 0.0393 0.0384 43.7796 "" "" 1827528517440140288 1076.50879 0.9331 0.0538 0.804 -2.303 0.06 0.055 0.997 4915.8 4.3671 16.776749 1.580993 17.510895 15.929902 "" "" 1027.30359 1131.01514 3666.46137 2.0045 1352.3 5.6405 3366.6 9.6975 "" "" 0.002818533846949737 0.005319185 0.0049055857 0.010224771 297.94132664041 22.11263742735 1076.50879 0.8040000000000003 -2.303
297.87975004034 21.54566454984 0.0402 0.0433 48.6262 "" "" 1826731749472408576 846.909973 1.1489 0.0584 3.425 5.31 0.056 0.058 1.087 4546.0 4.3735 16.77687 1.700568 17.5799 15.879333 "" "" 811.277649 899.432922 3666.05041 5.0089 1269.0 9.6013 3527.2 15.124 "" "" 0.0031292756319673395 0.008675636 0.005996404 0.01467204 297.87975004034 21.54566454984 846.909973 3.4249999999999994 5.3100000000000005
297.44954001898 22.15350393566 0.0657 0.064 18.2263 "" "" 1827583733524267776 1338.14185 0.7843 0.0957 1.183 -6.896 0.096 0.091 1.585 6090.0 4.4867 16.776913 1.58852 17.19962 15.611099 "" "" 1158.50195 1520.55994 3665.91075 6.6716 1801.2 33.015 4515.6 77.103 "" "" 0.0033905904889934336 0.020095585 0.018920053 0.039015636 297.44954001898 22.15350393566 1338.14185 1.1830000000000003 -6.896
296.81530070269 21.26282897619 0.0434 0.0458 48.67 "" "" 1827365995873225856 831.209656 1.1709 0.0634 -1.618 -2.565 0.066 0.07 1.193 4430.6 4.5103 16.77703 1.711636 17.586168 15.874533 "" "" 790.659363 874.194275 3665.51126 2.7934 1261.7 7.5608 3542.8 9.4315 "" "" 0.002876873881269991 0.007079361 0.0047579575 0.011837319 296.81530070269 21.26282897619 831.209656 -1.6179999999999999 -2.565
297.1364529108 22.19974385085 0.0683 0.0781 11.6473 "" "" 1827576586709781120 851.658691 1.1864 0.1038 -0.732 -1.772 0.101 0.108 1.537 5527.6 4.6758 16.777082 1.838345 17.642653 15.804308 "" "" 788.258362 921.913086 3665.3336 5.3532 1197.7 7.1165 3779.5 11.395 "" "" 0.003179036243042508 0.007028759 0.0049999133 0.012028672 297.1364529108 22.19974385085 851.658691 -0.732 -1.772
296.87246544574 21.46944032449 0.0397 0.0451 36.0783 "" "" 1827396266804777344 1049.41553 0.9213 0.0614 -6.525 -6.371 0.058 0.067 0.982 4243.3 4.198 16.77741 1.602116 17.521454 15.919338 "" "" 997.280396 1115.54932 3664.22712 2.1621 1339.2 9.525 3399.6 8.3013 "" "" 0.002828818825082612 0.008210857 0.004616556 0.012827413 296.87246544574 21.46944032449 1049.41553 -6.525 -6.371000000000001
297.36202209665 21.35145012792 0.246 0.2711 40.8849 "" "" 1827381973152600064 513.02948 2.0653 0.3837 0.257 -5.739 0.366 0.394 5.866 "" "" 16.77745 1.809381 17.420364 15.610984 "" "" 420.145813 607.849609 3664.09105 15.017 1469.8 12.183 4516.1 43.027 "" "" 0.005233791933269607 0.009422141 0.011013111 0.020435251 297.36202209665 21.35145012792 513.02948 0.257 -5.738999999999999
296.83906784832 21.28056575 0.0387 0.0425 47.1727 "" "" 1827389497936131072 1112.34033 0.8889 0.0558 6.07 -1.306 0.06 0.063 1.014 4899.0 4.5432 16.777988 1.454322 17.43577 15.981448 "" "" 1032.22852 1189.63477 3662.27995 2.134 1449.1 6.4672 3210.5 11.607 "" "" 0.0028270200233578794 0.00559145 0.0054490017 0.011040451 296.83906784832 21.28056575 1112.34033 6.07 -1.3060000000000005
296.33561901228 21.68475197394 0.0391 0.0435 49.9368 "" "" 1827628603014380800 947.5849 1.0384 0.0608 0.513 -5.34 0.063 0.063 0.987 4846.4 4.6265 16.77806 1.609686 17.541435 15.931749 "" "" 888.671082 1008.51593 3662.0323 2.7749 1314.7 10.009 3360.9 9.9225 "" "" 0.0028755259594201027 0.008724081 0.004955671 0.013679752 296.33561901228 21.68475197394 947.5849 0.5129999999999998 -5.339999999999999
296.85815158583 22.05874111504 0.0404 0.0406 17.1979 "" "" 1827571192230496256 962.034668 1.0261 0.0533 5.293 -11.504 0.052 0.055 1.003 4487.6 4.3828 16.778929 1.643998 17.563694 15.919696 "" "" 912.625732 1006.71692 3659.10685 2.0168 1288.1 6.3628 3398.4 8.2946 "" "" 0.00281955770453357 0.0060455636 0.0046158647 0.010661429 296.85815158583 22.05874111504 962.034668 5.293 -11.504
297.29981003043 21.91613689133 0.0418 0.0454 9.3988 "" "" 1827556039585064704 1130.36987 0.8789 0.0623 0.348 -6.903 0.055 0.066 1.002 5070.0 4.6935 16.778934 1.50414 17.468739 15.964599 "" "" 1057.71631 1213.13135 3659.09048 3.7291 1405.8 6.9645 3260.8 9.0984 "" "" 0.0029692007014677285 0.0060594757 0.004843692 0.010903168 297.29981003043 21.91613689133 1130.36987 0.3480000000000003 -6.903
297.27050762418 21.97310828507 0.0696 0.0842 6.356 "" "" 1827557242176005120 1029.51904 0.9773 0.1082 -2.678 -12.1 0.097 0.112 1.698 5292.4 4.7013 16.779186 1.748117 17.572832 15.824715 "" "" 903.734985 1151.36426 3658.24056 4.294 1277.3 6.3982 3709.1 8.6711 "" "" 0.0030357778523801703 0.006112586 0.0045526153 0.010665201 297.27050762418 21.97310828507 1029.51904 -2.678 -12.1
297.05324211283 21.1898367974 0.0403 0.0424 49.4122 "" "" 1827372764742430976 1260.74365 0.7844 0.0589 -3.172 -3.074 0.066 0.064 1.011 5335.1 4.6653 16.779814 1.493654 17.4757 15.982046 "" "" 1172.99072 1367.21399 3656.12949 2.1954 1396.8 6.659 3208.8 7.2446 "" "" 0.0028314011303745045 0.0058801887 0.0045047295 0.010384918 297.05324211283 21.1898367974 1260.74365 -3.1720000000000006 -3.0740000000000007
296.66131460191 22.69755540319 0.0374 0.046 49.8906 "" "" 1827840160235064704 1290.078 0.7636 0.0621 -2.789 -3.026 0.044 0.064 1.203 5709.6 4.6277 16.780212 1.526791 17.453745 15.926954 "" "" 1190.3429 1383.69043 3654.782 2.2132 1425.3 5.7776 3375.8 9.1948 "" "" 0.0028326791585841834 0.005211056 0.0047988677 0.010009924 296.66131460191 22.69755540319 1290.078 -2.7890000000000006 -3.0260000000000002
297.25395218585 21.79497618872 0.097 0.124 13.7123 "" "" 1827502124819744896 1329.98218 0.8319 0.1516 -2.13 -8.037 0.129 0.168 2.309 "" "" 16.780306 1.795002 17.426165 15.631163 "" "" 1079.23145 1700.49683 3654.46857 4.2744 1462.0 6.6266 4433.0 11.15 "" "" 0.0030338882798270524 0.0056571094 0.0046627666 0.010319876 297.25395218585 21.79497618872 1329.98218 -2.1300000000000003 -8.037000000000003
296.48885694573 22.06908170285 0.0388 0.0384 37.6387 "" "" 1827667227679806720 1224.56165 0.7849 0.0542 -4.945 -14.011 0.052 0.05 0.971 4563.3 4.1702 16.780725 1.980166 17.783848 15.803682 "" "" 1148.26941 1313.83801 3653.05494 2.1985 1051.7 5.3212 3781.7 8.1119 "" "" 0.00283173997045331 0.0061613796 0.0044393386 0.010600718 296.48885694573 22.06908170285 1224.56165 -4.945 -14.011
297.32715070736 22.65628413678 0.0333 0.0379 40.0107 "" "" 1827804460480670976 1345.81531 0.7168 0.0513 -2.951 -7.52 0.038 0.049 1.049 4835.9 4.3993 16.781172 1.609767 17.5215 15.911733 "" "" 1274.0675 1425.66565 3651.55477 1.6117 1339.1 5.221 3423.5 9.182 "" "" 0.0027966831673162658 0.0050699823 0.0047711073 0.00984109 297.32715070736 22.65628413678 1345.81531 -2.9509999999999996 -7.52
297.09208411053 22.52649429702 0.0338 0.0409 31.4063 "" "" 1827796622138223488 1275.42285 0.758 0.0544 0.306 -10.291 0.044 0.055 0.947 5091.0 4.468 16.781263 1.546785 17.506786 15.960001 "" "" 1202.28809 1361.1925 3651.25131 1.8722 1357.4 5.7797 3274.6 9.0864 "" "" 0.00281100048457213 0.005399719 0.0048332363 0.010232955 297.09208411053 22.52649429702 1275.42285 0.30600000000000027 -10.291
297.61651952558 21.4286683707 0.0371 0.0438 42.9597 "" "" 1826726664235093632 1105.02576 0.8831 0.0534 -3.857 -5.728 0.05 0.057 0.982 4746.8 4.4454 16.781796 1.496472 17.48043 15.983958 "" "" 1034.88904 1186.80005 3649.45702 2.1747 1390.7 6.5895 3203.1 7.4387 "" "" 0.002830261704904228 0.005852431 0.0045432863 0.010395717 297.61651952558 21.4286683707 1105.02576 -3.857 -5.727999999999999
297.14231579009 21.58635003467 0.0352 0.0375 25.2699 "" "" 1827401278987017472 1335.03491 0.7425 0.0492 -2.025 -3.895 0.049 0.05 0.994 5031.4 4.6727 16.781939 1.452017 17.451164 15.999147 "" "" 1249.08484 1445.92761 3648.98076 1.9195 1428.7 5.5559 3158.6 8.1807 "" "" 0.002813891907321306 0.005060823 0.0047107586 0.009771582 297.14231579009 21.58635003467 1335.03491 -2.025 -3.8949999999999996
296.8454525133 22.11695241494 0.0384 0.0413 18.8115 "" "" 1827572360461643392 372.511292 2.6525 0.0534 -6.61 -17.065 0.05 0.053 1.007 "" "" 16.78199 2.173789 17.916086 15.742297 "" "" 365.360779 380.030121 3648.80242 2.4036 931.07 6.1621 4001.7 6.9817 "" "" 0.00284663323893963 0.007708418 0.0042275256 0.011935944 296.8454525133 22.11695241494 372.511292 -6.609999999999999 -17.065
297.87553670439 21.83424541633 0.0406 0.0405 41.0323 "" "" 1827513910207771392 1359.14209 0.7128 0.0566 -3.396 -9.791 0.056 0.058 1.04 5018.5 4.593 16.782293 1.524942 17.464933 15.939991 "" "" 1273.18872 1456.41406 3647.78863 2.0271 1410.7 7.7055 3335.5 18.742 "" "" 0.002820606576510322 0.0065540634 0.0071765035 0.013730567 297.87553670439 21.83424541633 1359.14209 -3.396 -9.791
296.63978201576 21.97540230343 0.0365 0.042 29.1325 "" "" 1827663310669426304 1085.57422 0.8988 0.0565 -3.868 -4.357 0.05 0.056 1.054 4642.3 4.3785 16.783304 1.596559 17.536839 15.94028 "" "" 1016.58167 1156.22009 3644.38884 2.419 1320.3 5.1123 3334.6 8.0728 "" "" 0.002848008475985594 0.0050457004 0.004603546 0.009649247 296.63978201576 21.97540230343 1085.57422 -3.8679999999999994 -4.357
296.60736676299 22.14295845043 0.0413 0.0435 31.914 "" "" 1827762438518713472 991.219666 0.9836 0.0618 -0.955 -2.598 0.056 0.057 1.046 "" "" 16.785086 2.003385 17.759825 15.756439 "" "" 923.77478 1042.85669 3638.41702 2.8107 1075.2 5.8672 3949.9 9.4987 "" "" 0.0028801511864834563 0.0065488205 0.004593572 0.011142393 296.60736676299 22.14295845043 991.219666 -0.9549999999999998 -2.598
297.89417978538 22.32999006091 0.0324 0.0397 45.045 "" "" 1827921111805454592 1186.26282 0.8276 0.0511 -4.635 -11.042 0.04 0.055 1.03 4775.6 4.1927 16.78524 1.569179 17.518085 15.948906 "" "" 1116.44238 1262.2561 3637.89834 1.9231 1343.3 6.046 3308.2 9.9741 "" "" 0.0028144644816890025 0.005627192 0.0049999226 0.010627115 297.89417978538 22.32999006091 1186.26282 -4.635 -11.042000000000002
297.78598107422 22.23582252427 0.0377 0.0416 37.2832 "" "" 1827544700878260096 1086.53064 0.8954 0.0565 12.179 1.777 0.055 0.058 0.976 4866.8 4.5351 16.785492 1.553675 17.405706 15.852032 "" "" 1028.99548 1143.63562 3637.0582 2.3916 1489.8 11.343 3617.0 42.967 "" "" 0.0028463137170547043 0.008724729 0.013439989 0.022164717 297.78598107422 22.23582252427 1086.53064 12.179000000000002 1.7769999999999995
297.50292628772 22.16105502343 0.0407 0.0407 21.0704 "" "" 1827584523815487104 1081.45374 0.8969 0.0565 -1.731 -6.215 0.062 0.06 1.046 4645.4 4.306 16.785547 1.835488 17.65425 15.818761 "" "" 1023.28363 1157.59619 3636.87138 2.4391 1185.0 10.201 3729.5 11.455 "" "" 0.002849913038271646 0.009754076 0.0050402945 0.01479437 297.50292628772 22.16105502343 1081.45374 -1.7309999999999999 -6.214999999999999
297.7822637292 22.11482257414 0.0384 0.0395 35.0746 "" "" 1827539512557626496 1238.88037 0.8005 0.0535 -21.182 -3.992 0.056 0.055 0.973 5325.1 4.6176 16.78594 1.538858 17.494692 15.955833 "" "" 1163.81116 1318.96265 3635.55769 2.0544 1372.6 10.502 3287.2 6.9434 "" "" 0.002822802275886814 0.008763212 0.004420767 0.013183979 297.7822637292 22.11482257414 1238.88037 -21.182 -3.992
296.58287956752 21.64598030098 0.0385 0.0401 38.8722 "" "" 1827459729236418432 1188.88452 0.8173 0.0578 1.122 -0.928 0.063 0.06 1.032 5145.3 4.5849 16.787004 1.512789 17.476234 15.963446 "" "" 1123.18726 1278.49805 3631.99483 1.9844 1396.1 8.3782 3264.2 7.7577 "" "" 0.0028184547602229976 0.0070879394 0.004576242 0.011664182 296.58287956752 21.64598030098 1188.88452 1.1219999999999999 -0.9280000000000002
296.63209472948 21.59618928057 0.0366 0.0381 38.4749 "" "" 1827447565887968384 860.026733 1.1474 0.0552 -8.806 -8.976 0.056 0.057 0.992 4504.5 4.4808 16.787115 1.663611 17.583097 15.919486 "" "" 822.996582 903.587646 3631.62564 1.889 1265.3 6.4068 3399.1 6.9574 "" "" 0.0028126020820090744 0.006165102 0.0043843416 0.010549444 296.63209472948 21.59618928057 860.026733 -8.806 -8.976
296.64548378299 21.95867934093 0.0361 0.0426 28.9013 "" "" 1827663237630477440 979.733765 1.0022 0.0551 2.137 2.138 0.048 0.055 0.978 5070.3 4.6551 16.78723 1.59098 17.521135 15.930156 "" "" 935.555176 1032.01599 3631.24224 2.185 1339.6 6.4711 3365.9 6.3908 "" "" 0.002831714278780286 0.005940771 0.004305045 0.010245817 296.64548378299 21.95867934093 979.733765 2.137 2.138
297.37327865489 21.70791502889 0.0386 0.0463 21.4541 "" "" 1827497039578079616 976.97406 1.0019 0.061 1.162 -3.343 0.054 0.066 1.033 4711.4 4.3848 16.78758 1.61695 17.431 15.81405 "" "" 915.49176 1033.51758 3630.0655 2.6295 1455.5 16.715 3745.7 45.239 "" "" 0.002865366785487051 0.012776995 0.01364684 0.026423834 297.37327865489 21.70791502889 976.97406 1.162 -3.3429999999999995
297.10336834188 21.26504376333 0.0395 0.0404 44.6449 "" "" 1827377506386060544 1181.97253 0.8393 0.0578 -4.954 -12.238 0.059 0.057 1.037 4818.7 4.487 16.787752 1.577638 17.517307 15.93967 "" "" 1101.66345 1268.09216 3629.49274 2.0085 1344.3 7.5812 3336.5 9.9062 "" "" 0.0028200680523407166 0.0067287805 0.004967422 0.011696203 297.10336834188 21.26504376333 1181.97253 -4.954 -12.238
297.72806375498 22.49762129792 0.035 0.0407 43.049 "" "" 1827973918386047616 538.712769 1.837 0.0533 -11.852 -5.244 0.04 0.061 0.985 3726.2 4.3872 16.787916 1.928781 17.731405 15.802625 "" "" 524.609253 552.677429 3628.9413 1.8287 1103.7 6.8601 3785.4 13.804 "" "" 0.0028091165018908956 0.0073025036 0.005473547 0.012776051 297.72806375498 22.49762129792 538.712769 -11.852 -5.244
297.61906177638 22.1374670141 0.0405 0.0406 26.5739 "" "" 1827537450972789120 1217.66284 0.7902 0.056 -6.983 -1.6 0.059 0.056 0.994 5106.7 4.3613 16.788486 1.637837 17.556572 15.918735 "" "" 1133.82654 1316.9989 3627.04138 2.2598 1296.5 7.6556 3401.5 9.9304 "" "" 0.0028371441330916672 0.0069919215 0.00493263 0.011924552 297.61906177638 22.1374670141 1217.66284 -6.982999999999999 -1.5999999999999999
297.32025553768 21.42988048776 0.0361 0.0433 35.7351 "" "" 1827383759859062016 994.347656 0.9793 0.0539 6.085 -1.212 0.05 0.058 1.016 4930.9 4.6686 16.78867 1.515413 17.460135 15.944721 "" "" 945.468079 1050.02112 3626.42431 2.7647 1417.0 14.88 3321.0 11.264 "" "" 0.00287696752236777 0.0117378235 0.0052768234 0.017014647 297.32025553768 21.42988048776 994.347656 6.084999999999999 -1.2120000000000002
297.68400561964 21.81593980311 0.0385 0.0388 31.2238 "" "" 1827515976134829312 1191.38281 0.8326 0.0582 5.549 -2.905 0.051 0.055 0.99 4763.2 4.3717 16.788788 1.544288 17.497438 15.953151 "" "" 1106.06445 1300.32275 3626.03405 2.1554 1369.1 7.238 3295.3 7.2262 "" "" 0.002829896452740799 0.0063821636 0.004466807 0.010848971 297.68400561964 21.81593980311 1191.38281 5.549000000000001 -2.9049999999999994
296.3263468262 22.19266141126 0.0509 0.0533 47.7874 "" "" 1827683960872687616 922.263428 1.0574 0.0723 0.642 -3.47 0.069 0.073 1.397 4780.3 4.3427 16.78928 1.634812 17.522303 15.88749 "" "" 879.048462 972.982544 3624.38902 3.9017 1338.1 5.8139 3500.8 7.8777 "" "" 0.002992975545881282 0.0054807817 0.00450032 0.009981101 296.3263468262 22.19266141126 922.263428 0.6420000000000001 -3.47
297.59782294429 22.72244641179 0.033 0.0434 49.2556 "" "" 1827993473419246976 769.255676 1.2549 0.0582 6.224 -4.962 0.036 0.056 1.027 4507.0 4.3664 16.789286 1.884101 17.721956 15.837855 "" "" 731.698914 810.443237 3624.36793 1.9615 1113.4 4.6267 3664.5 5.7807 "" "" 0.002817278986476381 0.0053047976 0.0041493597 0.009454157 297.59782294429 22.72244641179 769.255676 6.224 -4.962
296.9110558211 22.67319183951 0.0351 0.0415 42.3277 "" "" 1827814184287421184 1317.27295 0.7512 0.0569 2.304 5.862 0.041 0.059 0.999 5305.9 4.6183 16.789543 1.44507 17.436262 15.991192 "" "" 1239.99988 1409.23853 3623.51302 1.7364 1448.5 5.1404 3181.9 10.71 "" "" 0.0028040131168584623 0.0047571957 0.0052572857 0.010014482 296.9110558211 22.67319183951 1317.27295 2.304 5.862
