Clusters/ASCC_107/ASCC_107_stars_in_region.tsv
# %ECSV 1.0
# ---
# datatype:
# - name: RA_ICRS_1
#   unit: deg
#   datatype: float64
#   format: '{:15.11f}'
#   description: Right ascension (ICRS) at Ep=2016.0 (ra)
#   meta: !!omap
#   - {ucd: POS_EQ_RA_MAIN}
#   - {width: 15}
#   - {precision: '11'}
# - name: DE_ICRS_1
#   unit: deg
#   datatype: float64
#   format: '{:15.11f}'
#   description: Declination (ICRS) at Ep=2016.0 (dec)
#   meta: !!omap
#   - {ucd: POS_EQ_DEC_MAIN}
#   - {width: 15}
#   - {precision: '11'}
# - name: e_RA_ICRS
#   unit: mas
#   datatype: float64
#   format: '{:7.4f}'
#   description: Standard error of right ascension (ra_error)
#   meta: !!omap
#   - {ucd: ERROR}
#   - {width: 7}
#   - {precision: '4'}
# - name: e_DE_ICRS
#   unit: mas
#   datatype: float64
#   format: '{:7.4f}'
#   description: Standard error of declination (dec_error)
#   meta: !!omap
#   - {ucd: ERROR}
#   - {width: 7}
#   - {precision: '4'}
# - name: _r_1
#   unit: ''
#   datatype: float64
#   format: '{:7.4f}'
#   description: Distance from center (297.16230647000+22.00710607000)[ICRS], at Epoch=J2016.0
#   meta: !!omap
#   - {ucd: POS_ANG_DIST_GENERAL}
#   - {width: 7}
#   - {precision: '4'}
# - name: HIP
#   datatype: int32
#   description: '? HIP cross-id number, van Leeuwen, Cat. I/311 (hip_original_ext_source_id)'
#   meta: !!omap
#   - {ucd: ID_NUMBER}
#   - {width: 6}
#   - values: {'null': -2147483648}
# - name: TYC2
#   datatype: string
#   description: Tycho-2 cross-id name, Hog et al., Cat. I/259 (tyc2_original_ext_source_id)
#   meta: !!omap
#   - {ucd: ID_CROSSID}
#   - {_votable_string_dtype: char}
# - name: Source
#   datatype: int64
#   description: Source identifier, identical to the Gaia-EDR3 source_id (id)
#   meta: !!omap
#   - {ucd: ID_MAIN}
#   - {width: 19}
# - name: rgeo
#   unit: pc
#   datatype: float64
#   format: '{:15.8f}'
#   description: '? Median of the geometric distance posterior (r_med_geo)'
#   meta: !!omap
#   - {ucd: PHYS_DISTANCE_TRUE}
#   - {width: 15}
#   - {precision: '8'}
#   - values: {'null': .nan}
# - name: Plx
#   unit: mas
#   datatype: float64
#   format: '{:9.4f}'
#   description: '? Parallax (parallax)'
#   meta: !!omap
#   - {ucd: POS_PARLX_TRIG}
#   - {width: 9}
#   - {precision: '4'}
#   - values: {'null': .nan}
# - name: e_Plx
#   unit: mas
#   datatype: float32
#   format: '{:7.4f}'
#   description: '? Standard error of parallax (parallax_error)'
#   meta: !!omap
#   - {ucd: ERROR}
#   - {width: 7}
#   - {precision: '4'}
#   - values: {'null': .nan}
# - name: pmRA
#   unit: mas / yr
#   datatype: float64
#   format: '{:9.3f}'
#   description: '? Proper motion in right ascension direction, pmRA*cosDE (pmra)'
#   meta: !!omap
#   - {ucd: POS_EQ_PMRA}
#   - {width: 9}
#   - {precision: '3'}
#   - values: {'null': .nan}
# - name: pmDE
#   unit: mas / yr
#   datatype: float64
#   format: '{:9.3f}'
#   description: '? Proper motion in declination direction (pmdec)'
#   meta: !!omap
#   - {ucd: POS_EQ_PMDEC}
#   - {width: 9}
#   - {precision: '3'}
#   - values: {'null': .nan}
# - name: e_pmRA
#   unit: mas / yr
#   datatype: float32
#   format: '{:6.3f}'
#   description: '? Standard error of proper motion in right ascension direction (pmra_error)'
#   meta: !!omap
#   - {ucd: ERROR}
#   - {width: 6}
#   - {precision: '3'}
#   - values: {'null': .nan}
# - name: e_pmDE
[...]
#         unit: &id001 !astropy.units.Unit {unit: deg}
#         value: !astropy.table.SerializedColumn {name: SkyCoord.dec}
#       distance: !astropy.table.SerializedColumn
#         __class__: astropy.coordinates.distances.Distance
#         unit: !astropy.units.Unit {unit: pc}
#         value: !astropy.table.SerializedColumn {name: SkyCoord.distance}
#       frame: icrs
#       obstime: !astropy.time.Time {format: jyear_str, in_subfmt: '*', jd1: 367701545.0, jd2: 0.0, out_subfmt: '*', precision: 3, scale: tt}
#       pm_dec: !astropy.table.SerializedColumn
#         __class__: astropy.units.quantity.Quantity
#         unit: !astropy.units.Unit {unit: mas / yr}
#         value: !astropy.table.SerializedColumn {name: SkyCoord.pm_dec}
#       pm_ra_cosdec: !astropy.table.SerializedColumn
#         __class__: astropy.units.quantity.Quantity
#         unit: !astropy.units.Unit {unit: mas / yr}
#         value: !astropy.table.SerializedColumn {name: SkyCoord.pm_ra_cosdec}
#       ra: !astropy.table.SerializedColumn
#         __class__: astropy.coordinates.angles.core.Longitude
#         unit: *id001
#         value: !astropy.table.SerializedColumn {name: SkyCoord.ra}
#         wrap_angle: !astropy.coordinates.Angle
#           unit: *id001
#           value: 360.0
#       representation_type: spherical
# schema: astropy-2.0
RA_ICRS_1 DE_ICRS_1 e_RA_ICRS e_DE_ICRS _r_1 HIP TYC2 Source rgeo Plx e_Plx pmRA pmDE e_pmRA e_pmDE RUWE Teff logg Gmag BP-RP BPmag RPmag RV e_RV b_rgeo B_rgeo FG e_FG FBP e_FBP FRP e_FRP RAVE5 RAVE6 e_Gmag e_BPmag e_RPmag e_BP-RP SkyCoord.ra SkyCoord.dec SkyCoord.distance SkyCoord.pm_ra_cosdec SkyCoord.pm_dec
[from data line 6114]
296.87959114268 21.90817473927 0.0387 0.0449 16.815 "" "" 1827564560810697472 1330.38586 0.7228 0.0599 -1.503 -14.011 0.053 0.06 0.999 4752.8 4.376 16.966022 1.513929 17.668634 16.154705 "" "" 1226.65503 1454.39075 3079.90893 2.2695 1169.4 10.507 2737.0 11.535 "" "" 0.0028691231889967643 0.010146458 0.0059347856 0.016081244 296.87959114268 21.90817473927 1330.38586 -1.5029999999999994 -14.011000000000001
297.14837615797 22.08191724307 0.0488 0.0503 4.555 "" "" 1827561983820153984 991.067078 0.9813 0.0678 -8.438 -14.064 0.069 0.075 1.03 4611.2 4.4655 16.966167 1.836575 17.87642 16.039845 "" "" 930.064148 1050.71448 3079.49841 2.1676 965.72 5.835 3042.4 7.6073 "" "" 0.0028593417480969542 0.0071288603 0.004653374 0.011782235 297.14837615797 22.08191724307 991.067078 -8.438 -14.064
297.49826793697 21.65218063693 0.0414 0.0461 28.3487 "" "" 1827489759652387584 1048.80798 0.9372 0.0654 -0.865 -8.825 0.058 0.058 0.984 4545.7 4.4187 16.966417 1.616499 17.73312 16.116621 "" "" 970.886902 1140.28394 3078.79056 2.0254 1102.0 9.6733 2834.7 9.8966 "" "" 0.002846393069517672 0.009930568 0.005352762 0.015283329 297.49826793697 21.65218063693 1048.80798 -0.865 -8.825
297.10683312957 21.66035782154 0.0558 0.0578 21.0331 "" "" 1827405543902039552 1190.11121 0.8076 0.0737 -7.825 -8.675 0.084 0.08 1.048 "" "" 16.966576 1.703467 16.91427 15.210803 "" "" 1103.52454 1305.8833 3078.33819 8.7075 2342.7 61.915 6528.9 83.709 "" "" 0.004125987315806431 0.028830154 0.014424475 0.04325463 297.10683312957 21.66035782154 1190.11121 -7.825000000000001 -8.675
297.59499009347 22.6893539966 0.0367 0.0476 47.4572 "" "" 1827993129798130304 806.084106 1.2109 0.0637 1.131 -4.337 0.041 0.061 0.965 4551.0 4.665 16.966877 1.897648 17.905115 16.007467 "" "" 768.000122 849.510376 3077.48757 1.5611 940.53 7.8639 3134.5 6.1536 "" "" 0.0028098257684424296 0.0094971005 0.0043390114 0.013836112 297.59499009347 22.6893539966 806.084106 1.1310000000000002 -4.337
297.42928926676 22.34473046681 0.0407 0.0445 25.108 "" "" 1827596476663846912 1050.83008 0.9328 0.063 -1.203 -8.316 0.059 0.066 0.979 4507.4 4.1848 16.966969 1.738529 17.813778 16.075249 "" "" 991.645325 1123.93042 3077.22308 1.9926 1023.1 5.5622 2944.8 6.9168 "" "" 0.0028436010534152833 0.006528955 0.004559302 0.011088257 297.42928926676 22.34473046681 1050.83008 -1.2029999999999998 -8.316
297.19373420496 21.72831152134 0.0686 0.1273 16.819 "" "" 1827499311621638016 1204.25598 0.8513 0.1201 -2.277 -4.929 0.109 0.15 1.173 "" "" 16.967112 "" "" "" "" "" 1068.62097 1430.30835 3076.81935 6.508 "" "" "" "" "" "" 0.0035868905957962293 "" "" "" 297.19373420496 21.72831152134 1204.25598 -2.277 -4.929
297.36753585264 22.28624824401 0.0448 0.0486 20.2631 "" "" 1827590017032822272 1022.2663 0.9629 0.068 -7.386 -11.55 0.063 0.072 1.097 4427.0 4.3667 16.967253 1.732542 17.792252 16.05971 "" "" 954.681152 1089.57751 3076.41879 2.2912 1043.6 10.912 2987.3 13.553 "" "" 0.0028715236020811115 0.0116904285 0.006208679 0.017899107 297.36753585264 22.28624824401 1022.2663 -7.386000000000001 -11.549999999999999
296.93918396823 22.64616054683 0.0387 0.0473 40.2934 "" "" 1827813840689996288 968.108887 1.0127 0.0662 9.284 15.597 0.046 0.066 1.034 "" "" 16.968227 "" "" "" "" "" 902.230286 1061.66602 3073.66049 2.067 "" "" "" "" "" "" 0.0028504211025994044 "" "" "" 296.93918396823 22.64616054683 968.108887 9.283999999999999 15.597
296.83545447315 21.44707355906 0.0412 0.0475 38.2228 "" "" 1827396090687704960 1196.59412 0.8234 0.0658 -1.002 1.643 0.062 0.07 0.987 4871.2 4.5329 16.968294 1.573929 17.689848 16.11592 "" "" 1093.01929 1308.50818 3073.4727 2.2905 1146.8 6.9543 2836.6 11.254 "" "" 0.0028716722737201325 0.007150814 0.005730528 0.012881342 296.83545447315 21.44707355906 1196.59412 -1.002 1.6430000000000002
297.51854053056 21.68827217391 0.0841 0.0896 27.5597 "" "" 1827489931409930496 1102.76831 0.9702 0.1361 -4.218 -3.96 0.112 0.114 2.028 "" "" 16.968367 1.490145 17.329557 15.839413 "" "" 975.650085 1273.8717 3073.2676 5.2006 1598.1 26.968 3659.3 52.776 "" "" 0.0033117093623003485 0.018533075 0.016108587 0.03464166 297.51854053056 21.68827217391 1102.76831 -4.218 -3.96
296.79321792073 22.10687635063 0.0428 0.0452 21.3797 "" "" 1827758482828041728 1330.34875 0.7551 0.0598 -7.48 -7.966 0.055 0.062 0.991 5013.4 4.3625 16.96837 1.91478 17.922482 16.007702 "" "" 1238.69189 1430.74097 3073.25662 2.1311 925.6 8.4236 3133.8 7.1018 "" "" 0.0028563310235183792 0.010267337 0.0045097377 0.014777075 296.79321792073 22.10687635063 1330.34875 -7.48 -7.965999999999999
296.81584034406 21.84964383679 0.04 0.0467 21.474 "" "" 1827470135903420800 1202.12695 0.8028 0.0609 -1.064 2.731 0.053 0.062 1.004 4608.0 4.461 16.968521 1.633337 17.747917 16.11458 "" "" 1117.48389 1299.50012 3072.82904 1.9787 1087.1 6.1447 2840.1 6.398 "" "" 0.0028426378608222115 0.0067414916 0.004501783 0.011243274 296.81584034406 21.84964383679 1202.12695 -1.064 2.731
296.90320640307 21.93281124858 0.0474 0.0549 15.0905 "" "" 1827564766943975808 1209.28809 0.8095 0.0725 -1.43 -0.532 0.066 0.072 1.221 4609.5 4.3786 16.968948 1.660677 17.671278 16.010601 "" "" 1088.0083 1333.24219 3071.61872 2.4135 1166.6 7.4376 3125.5 13.477 "" "" 0.0028843688470931825 0.007463238 0.0060167667 0.013480005 296.90320640307 21.93281124858 1209.28809 -1.4300000000000002 -0.532
297.62209425928 22.49069804394 0.0356 0.0439 38.6503 "" "" 1827974644281382784 1266.87598 0.7738 0.0576 0.095 -4.691 0.044 0.062 1.021 5240.5 4.6245 16.969166 1.680771 17.754984 16.074213 "" "" 1183.85583 1388.91565 3071.00441 1.6375 1080.0 7.4911 2947.6 7.0052 "" "" 0.0028154836136253586 0.008031146 0.0045762276 0.012607373 297.62209425928 22.49069804394 1266.87598 0.09500000000000008 -4.691
297.27720332936 21.84482449916 0.045 0.0485 11.6493 "" "" 1827508245193163520 1013.08319 0.9565 0.0721 -5.091 -13.735 0.063 0.065 0.97 4429.7 4.389 16.969248 1.572815 17.70834 16.135525 "" "" 938.488159 1104.0332 3070.7738 2.0696 1127.4 6.5804 2785.8 8.873 "" "" 0.0028508328365256684 0.006924259 0.0051227515 0.0120470105 297.27720332936 21.84482449916 1013.08319 -5.091 -13.734999999999998
296.63652482811 22.35091966682 0.042 0.0473 35.7621 "" "" 1827778450156921984 755.688904 1.2894 0.0677 -4.87 -10.681 0.061 0.062 0.993 4966.7 4.6764 16.969372 1.923664 17.93664 16.012976 "" "" 716.198425 794.565491 3070.42102 1.9749 913.61 6.8644 3118.7 7.2027 "" "" 0.0028424423322018456 0.008621636 0.004535574 0.013157209 296.63652482811 22.35091966682 755.688904 -4.870000000000001 -10.681
297.58856980802 22.62499068658 0.0413 0.0488 43.9797 "" "" 1827988422537791744 923.56488 1.0528 0.068 -0.106 -4.505 0.046 0.067 1.008 4458.7 4.3959 16.969728 1.773436 17.83735 16.063915 "" "" 873.730652 982.033813 3069.41336 1.5563 1001.1 5.1925 2975.7 5.3411 "" "" 0.0028097769549286417 0.006284802 0.0042522377 0.0105370395 297.58856980802 22.62499068658 923.56488 -0.10599999999999998 -4.505
297.60779903916 21.96750797105 0.07 0.0738 24.899 "" "" 1827530746482651008 1133.05896 0.9329 0.1079 -7.646 -0.227 0.1 0.1 1.832 4673.7 4.3829 16.97007 1.63438 17.665836 16.031456 "" "" 992.898682 1291.59863 3068.45058 4.0285 1172.4 6.6905 3066.0 7.2055 "" "" 0.0031022032034406103 0.0067951963 0.004560099 0.011355296 297.60779903916 21.96750797105 1133.05896 -7.645999999999999 -0.22700000000000028
296.33047985382 22.06974514986 0.0429 0.0446 46.4152 "" "" 1827678940031285120 773.44519 1.262 0.0603 8.567 1.363 0.059 0.061 1.022 4503.5 4.5374 16.970112 1.803879 17.859446 16.055567 "" "" 742.80542 808.838745 3068.32911 2.0016 980.93 5.2759 2998.7 11.386 "" "" 0.0028448967697021106 0.0064719347 0.0055927522 0.012064687 296.33047985382 22.06974514986 773.44519 8.567 1.3629999999999998
297.60691106465 21.81532895925 0.0418 0.0455 27.2934 "" "" 1827493534885222400 558.903564 1.7631 0.0661 1.552 -36.937 0.058 0.064 1.032 4157.8 4.5276 16.971266 2.026375 17.996252 15.969877 "" "" 544.829163 576.253845 3065.07039 1.8072 864.8 6.0659 3244.9 8.1086 "" "" 0.00282870944197199 0.008110631 0.0046523907 0.0127630215 297.60691106465 21.81532895925 558.903564 1.5519999999999987 -36.937
296.4091434928 22.08172116998 0.0422 0.0419 42.1246 "" "" 1827679146189724416 636.078979 1.5377 0.0582 1.04 -15.564 0.057 0.056 1.0 4439.5 4.6229 16.972801 1.922897 17.930439 16.007542 "" "" 612.239868 658.092651 3060.73757 1.9261 918.84 4.7781 3134.3 8.8384 "" "" 0.0028387698648015157 0.006297792 0.0048638983 0.011161691 296.4091434928 22.08172116998 636.078979 1.04 -15.564000000000002
297.00817146932 22.55174652306 0.0382 0.0498 33.7804 "" "" 1827799164758968320 472.044952 2.077 0.0641 -76.738 -43.606 0.05 0.071 1.038 3649.9 4.3791 16.972967 2.023397 17.984972 15.961576 "" "" 457.34906 483.907013 3060.27354 1.8475 873.83 5.7236 3269.9 8.8803 "" "" 0.0028322114625475682 0.007639354 0.004793541 0.012432896 297.00817146932 22.55174652306 472.044952 -76.738 -43.606
297.40029756597 22.32796853185 0.0431 0.0454 23.356 "" "" 1827602322161292288 1214.42493 0.7995 0.0673 -6.786 -3.557 0.062 0.067 0.985 4971.2 4.6315 16.973278 1.687254 17.78936 16.102106 "" "" 1135.52905 1310.58557 3059.39423 1.8256 1046.3 6.4256 2872.9 8.6551 "" "" 0.002830465990397282 0.0072280313 0.0049982937 0.0122263245 297.40029756597 22.32796853185 1214.42493 -6.7860000000000005 -3.556999999999999
297.80369418479 22.44816343128 0.043 0.0509 44.3772 "" "" 1827969902637569536 852.557922 1.1585 0.0666 -5.98 -9.409 0.049 0.068 1.116 4644.9 4.3945 16.973846 1.707623 17.786663 16.07904 "" "" 799.722778 899.009827 3057.79136 1.7994 1048.9 6.1613 2934.6 7.6312 "" "" 0.0028284277968525376 0.006961309 0.0047175377 0.011678847 297.80369418479 22.44816343128 852.557922 -5.980000000000001 -9.409000000000002
297.12236733956 21.76376562862 0.0482 0.0475 14.7688 "" "" 1827547243491400832 1249.34924 0.8004 0.0713 -1.676 -7.348 0.071 0.064 1.018 4954.3 4.6973 16.9749 1.452961 17.632927 16.179966 "" "" 1135.44421 1404.46387 3054.83038 1.8314 1208.5 6.4894 2674.1 6.3638 "" "" 0.002831160931594088 0.0064634415 0.004578196 0.0110416375 297.12236733956 21.76376562862 1249.34924 -1.6759999999999997 -7.347999999999999
296.75618622569 22.69492730871 0.0377 0.0432 47.0217 "" "" 1827816516423700352 1123.82556 0.8697 0.0597 -0.266 -0.79 0.044 0.06 1.036 5024.0 4.6613 16.977058 1.549662 17.696568 16.146906 "" "" 1042.80957 1200.70862 3048.75851 1.6524 1139.7 6.5047 2756.7 7.3048 "" "" 0.002817458752698309 0.0067958985 0.00474984 0.011545738 296.75618622569 22.69492730871 1123.82556 -0.266 -0.79
296.4712020848 21.55040245022 0.0428 0.0466 47.2612 "" "" 1827435436899713920 1134.62134 0.8601 0.065 1.931 -2.154 0.065 0.068 1.026 4619.5 4.3841 16.97706 1.626289 17.745792 16.119503 "" "" 1064.85876 1230.73535 3048.75566 1.9692 1089.2 7.5599 2827.2 8.7813 "" "" 0.002843164294374083 0.008035808 0.0050651906 0.0131009985 296.4712020848 21.55040245022 1134.62134 1.9309999999999996 -2.154
297.16458906392 21.25610278563 0.0482 0.045 45.0604 "" "" 1827374791966951552 1248.65063 0.8011 0.0677 0.78 -3.982 0.077 0.069 1.046 5257.9 4.0321 16.977219 1.485701 17.597319 16.111618 "" "" 1140.7113 1362.79565 3048.30958 2.2173 1248.8 12.952 2847.8 12.383 "" "" 0.0028662684108987447 0.011601295 0.0060475003 0.017648796 297.16458906392 21.25610278563 1248.65063 0.7799999999999999 -3.9819999999999993
297.37902184799 22.26122746827 0.067 0.0692 19.4307 "" "" 1827589643416723712 593.7146 1.6717 0.1036 -2.482 1.38 0.094 0.1 1.457 4341.2 4.6721 16.977346 2.019534 17.987799 15.968265 "" "" 563.520264 631.066711 3047.95202 3.2156 871.56 5.8733 3249.8 6.588 "" "" 0.0029839332343085147 0.007830559 0.0043735746 0.012204134 297.37902184799 22.26122746827 593.7146 -2.482 1.38
296.60338985091 22.22844478207 0.0438 0.046 33.7866 "" "" 1827764156505704448 984.833374 0.9923 0.0684 10.917 0.568 0.065 0.064 1.048 5072.8 4.5359 16.977448 1.866638 17.886568 16.01993 "" "" 927.078613 1059.60901 3047.66878 2.0738 956.73 7.8551 3098.7 7.8717 "" "" 0.0028526489730082124 0.009340748 0.0046787774 0.014019526 296.60338985091 22.22844478207 984.833374 10.917 0.5680000000000001
297.43260680035 22.11577952394 0.0531 0.0514 16.3839 "" "" 1827583523058071168 979.88446 1.0103 0.0763 -2.222 -3.694 0.079 0.077 1.169 5180.8 4.6573 16.977625 1.729544 17.784111 16.054567 "" "" 910.752869 1055.13757 3047.17218 2.7126 1051.4 6.8111 3001.5 8.512 "" "" 0.0029199246193419275 0.0075667463 0.004874865 0.012441611 297.43260680035 22.11577952394 979.88446 -2.2220000000000004 -3.6940000000000004
296.67397424502 21.35369118353 0.0469 0.0504 47.7319 "" "" 1827417466741576576 1168.70251 0.8355 0.0752 -1.504 -4.329 0.067 0.071 1.169 5134.5 4.533 16.978043 1.687868 17.725613 16.037745 "" "" 1066.01733 1290.99915 3045.99745 2.1763 1109.6 7.235 3048.3 8.7963 "" "" 0.0028624385751756356 0.0076093986 0.0049091442 0.012518543 296.67397424502 21.35369118353 1168.70251 -1.504 -4.329000000000001
297.49100017996 22.0217702252 0.0459 0.0448 18.3049 "" "" 1827534732212622208 630.311401 1.5591 0.0611 6.124 -16.528 0.066 0.068 1.017 4318.0 4.6339 16.978712 1.940201 17.947525 16.007324 "" "" 608.450928 657.358215 3044.12346 2.0042 904.5 6.4404 3134.9 9.4122 "" "" 0.002846536852537878 0.008218969 0.004990998 0.013209967 297.49100017996 22.0217702252 630.311401 6.123999999999999 -16.528
296.37240903558 21.82199199071 0.0466 0.0477 45.3503 "" "" 1827654067900527744 1316.68567 0.758 0.0677 -3.212 -2.139 0.069 0.067 1.054 5193.6 4.666 16.97888 1.677931 17.783825 16.105894 "" "" 1202.89819 1442.40417 3043.6506 1.9459 1051.7 6.9748 2862.9 9.5542 "" "" 0.0028414127168082423 0.0077222157 0.005235697 0.012957913 296.37240903558 21.82199199071 1316.68567 -3.2119999999999997 -2.1390000000000002
296.86067530875 21.89222271546 0.2134 0.2427 18.1462 "" "" 1827470685659295232 521.170898 2.1303 0.3207 0.099 -0.35 0.293 0.334 6.001 "" "" 16.978928 1.735845 17.6944 15.958556 "" "" 431.484528 600.809875 3043.51809 13.962 1142.0 6.4552 3279.0 9.2321 "" "" 0.005692082958883096 0.0067416513 0.004860911 0.011602562 296.86067530875 21.89222271546 521.170898 0.09899999999999999 -0.35000000000000003
297.63200101782 22.50786217739 0.0422 0.1091 39.7867 "" "" 1827974678641264640 1377.78284 0.7503 0.1033 -3.872 -10.134 0.055 0.113 1.013 "" "" 16.979116 "" "" "" "" "" 1227.50623 1640.26526 3042.99013 2.6017 "" "" "" "" "" "" 0.0029074904985452107 "" "" "" 297.63200101782 22.50786217739 1377.78284 -3.8720000000000008 -10.134
297.58847789751 21.36150605073 0.0404 0.0441 45.4427 "" "" 1826721956946384640 962.125061 1.0401 0.0577 7.719 -1.6 0.053 0.06 0.985 4560.0 4.4915 16.97993 1.727955 17.818932 16.090977 "" "" 912.275146 1013.3349 3040.70737 1.8836 1018.2 4.7333 2902.5 6.7839 "" "" 0.002836219594957719 0.0057671336 0.004552295 0.0103194285 297.58847789751 21.36150605073 962.125061 7.719000000000001 -1.6000000000000003
297.74266901937 22.47386751742 0.0422 0.0475 42.6984 "" "" 1827970864710264960 421.06778 2.3587 0.0661 6.611 22.24 0.046 0.07 1.001 3850.0 4.6597 16.980444 2.112541 18.066885 15.954344 "" "" 410.759674 430.935791 3039.2684 1.8319 810.33 5.5141 3291.7 5.0671 "" "" 0.0028319703040115473 0.007897477 0.004132443 0.01202992 297.74266901937 22.47386751742 421.06778 6.610999999999999 22.240000000000002
296.70674747969 22.07473363209 0.0472 0.0478 25.6588 "" "" 1827758143551244160 903.546997 1.0885 0.0663 2.132 -7.695 0.064 0.066 1.057 4937.0 4.6654 16.980597 1.765057 17.827389 16.062332 "" "" 857.447144 954.724121 3038.8414 2.3036 1010.3 6.523 2980.1 7.3026 "" "" 0.002875620246099813 0.0075449254 0.0046219304 0.012166856 296.70674747969 22.07473363209 903.546997 2.1320000000000006 -7.694999999999999
