Clusters/ASCC_107/ASCC_107_stars_in_region.tsv
# %ECSV 1.0
# ---
# datatype:
# - name: RA_ICRS_1
#   unit: deg
#   datatype: float64
#   format: '{:15.11f}'
#   description: Right ascension (ICRS) at Ep=2016.0 (ra)
#   meta: !!omap
#   - {ucd: POS_EQ_RA_MAIN}
#   - {width: 15}
#   - {precision: '11'}
# - name: DE_ICRS_1
#   unit: deg
#   datatype: float64
#   format: '{:15.11f}'
#   description: Declination (ICRS) at Ep=2016.0 (dec)
#   meta: !!omap
#   - {ucd: POS_EQ_DEC_MAIN}
#   - {width: 15}
#   - {precision: '11'}
# - name: e_RA_ICRS
#   unit: mas
#   datatype: float64
#   format: '{:7.4f}'
#   description: Standard error of right ascension (ra_error)
#   meta: !!omap
#   - {ucd: ERROR}
#   - {width: 7}
#   - {precision: '4'}
# - name: e_DE_ICRS
#   unit: mas
#   datatype: float64
#   format: '{:7.4f}'
#   description: Standard error of declination (dec_error)
#   meta: !!omap
#   - {ucd: ERROR}
#   - {width: 7}
#   - {precision: '4'}
# - name: _r_1
#   unit: ''
#   datatype: float64
#   format: '{:7.4f}'
#   description: Distance from center (297.16230647000+22.00710607000)[ICRS], at Epoch=J2016.0
#   meta: !!omap
#   - {ucd: POS_ANG_DIST_GENERAL}
#   - {width: 7}
#   - {precision: '4'}
# - name: HIP
#   datatype: int32
#   description: '? HIP cross-id number, van Leeuwen, Cat. I/311 (hip_original_ext_source_id)'
#   meta: !!omap
#   - {ucd: ID_NUMBER}
#   - {width: 6}
#   - values: {'null': -2147483648}
# - name: TYC2
#   datatype: string
#   description: Tycho-2 cross-id name, Hog et al., Cat. I/259 (tyc2_original_ext_source_id)
#   meta: !!omap
#   - {ucd: ID_CROSSID}
#   - {_votable_string_dtype: char}
# - name: Source
#   datatype: int64
#   description: Source identifier, identical to the Gaia-EDR3 source_id (id)
#   meta: !!omap
#   - {ucd: ID_MAIN}
#   - {width: 19}
# - name: rgeo
#   unit: pc
#   datatype: float64
#   format: '{:15.8f}'
#   description: '? Median of the geometric distance posterior (r_med_geo)'
#   meta: !!omap
#   - {ucd: PHYS_DISTANCE_TRUE}
#   - {width: 15}
#   - {precision: '8'}
#   - values: {'null': .nan}
# - name: Plx
#   unit: mas
#   datatype: float64
#   format: '{:9.4f}'
#   description: '? Parallax (parallax)'
#   meta: !!omap
#   - {ucd: POS_PARLX_TRIG}
#   - {width: 9}
#   - {precision: '4'}
#   - values: {'null': .nan}
# - name: e_Plx
#   unit: mas
#   datatype: float32
#   format: '{:7.4f}'
#   description: '? Standard error of parallax (parallax_error)'
#   meta: !!omap
#   - {ucd: ERROR}
#   - {width: 7}
#   - {precision: '4'}
#   - values: {'null': .nan}
# - name: pmRA
#   unit: mas / yr
#   datatype: float64
#   format: '{:9.3f}'
#   description: '? Proper motion in right ascension direction, pmRA*cosDE (pmra)'
#   meta: !!omap
#   - {ucd: POS_EQ_PMRA}
#   - {width: 9}
#   - {precision: '3'}
#   - values: {'null': .nan}
# - name: pmDE
#   unit: mas / yr
#   datatype: float64
#   format: '{:9.3f}'
#   description: '? Proper motion in declination direction (pmdec)'
#   meta: !!omap
#   - {ucd: POS_EQ_PMDEC}
#   - {width: 9}
#   - {precision: '3'}
#   - values: {'null': .nan}
# - name: e_pmRA
#   unit: mas / yr
#   datatype: float32
#   format: '{:6.3f}'
#   description: '? Standard error of proper motion in right ascension direction (pmra_error)'
#   meta: !!omap
#   - {ucd: ERROR}
#   - {width: 6}
#   - {precision: '3'}
#   - values: {'null': .nan}
# - name: e_pmDE
[...]
#         value: !astropy.table.SerializedColumn {name: SkyCoord.dec}
#       distance: !astropy.table.SerializedColumn
#         __class__: astropy.coordinates.distances.Distance
#         unit: !astropy.units.Unit {unit: pc}
#         value: !astropy.table.SerializedColumn {name: SkyCoord.distance}
#       frame: icrs
#       obstime: !astropy.time.Time {format: jyear_str, in_subfmt: '*', jd1: 367701545.0, jd2: 0.0, out_subfmt: '*', precision: 3, scale: tt}
#       pm_dec: !astropy.table.SerializedColumn
#         __class__: astropy.units.quantity.Quantity
#         unit: !astropy.units.Unit {unit: mas / yr}
#         value: !astropy.table.SerializedColumn {name: SkyCoord.pm_dec}
#       pm_ra_cosdec: !astropy.table.SerializedColumn
#         __class__: astropy.units.quantity.Quantity
#         unit: !astropy.units.Unit {unit: mas / yr}
#         value: !astropy.table.SerializedColumn {name: SkyCoord.pm_ra_cosdec}
#       ra: !astropy.table.SerializedColumn
#         __class__: astropy.coordinates.angles.Longitude
#         unit: *id001
#         value: !astropy.table.SerializedColumn {name: SkyCoord.ra}
#         wrap_angle: !astropy.coordinates.Angle
#           unit: *id001
#           value: 360.0
#       representation_type: spherical
# schema: astropy-2.0
RA_ICRS_1 DE_ICRS_1 e_RA_ICRS e_DE_ICRS _r_1 HIP TYC2 Source rgeo Plx e_Plx pmRA pmDE e_pmRA e_pmDE RUWE Teff logg Gmag BP-RP BPmag RPmag RV e_RV b_rgeo B_rgeo FG e_FG FBP e_FBP FRP e_FRP RAVE5 RAVE6 e_Gmag e_BPmag e_RPmag e_BP-RP SkyCoord.ra SkyCoord.dec SkyCoord.distance SkyCoord.pm_ra_cosdec SkyCoord.pm_dec rmRA rmDE e_rmRA e_rmDE rRV e_rRV v_pec v_pec3d e_vpec e_vpec3d
[from data line 575]
297.33324896266 21.86034915274 0.0135 0.0155 12.9636 "" "" 1827507592358066304 985.217285 0.9776 0.0209 0.973 -5.576 0.019 0.022 0.933 5368.5 4.1208 14.578013 1.304213 15.149236 13.845022 2.48 4.76 964.890198 1006.67444 27780.58232 5.6868 11905.0 15.703 22969.0 14.526 "" "" 0.0027642696231444143 0.0031362395 0.0038412497 0.006977489 297.33324896266 21.86034915274 985.217285 0.9729999999999998 -5.575999999999999 1.1648260902166365 -0.41686942672729455 0.13251926 0.13551927 6.821428571428571 8.086616 5.7775167097622555 8.939328111591168 0.7676198284409368 6.190651310863469
297.60238857675 21.82486196107 0.0163 0.0163 26.8264 "" "" 1827493539223614592 920.476746 1.0489 0.024 -2.973 -12.649 0.021 0.023 1.238 5889.7 4.2706 14.585647 1.363129 15.185946 13.822818 -25.45 6.05 901.482849 941.917542 27585.9609 9.6802 11509.0 11.093 23444.0 17.486 "" "" 0.002781536877310218 0.0029799652 0.0038651675 0.0068451324 297.60238857675 21.82486196107 920.476746 -2.973 -12.649 -2.781173909783363 -7.489869426727294 0.13451926 0.13651925 -21.108571428571427 9.376616 34.858928779591096 40.75189202252708 4.750521437797248 6.332601945990498
296.91051582474 22.23699572433 0.014 0.0141 19.6501 "" "" 1827766802205209856 889.879883 1.0911 0.0194 -4.48 -5.376 0.02 0.019 1.046 5149.1 3.6488 14.594831 1.775672 15.456631 13.680959 37.75 3.2 876.614014 902.993896 27353.58191 7.0613 8969.4 12.613 26716.0 17.991 "" "" 0.002769539174034074 0.0031805874 0.003849456 0.0070300438 296.91051582474 22.23699572433 889.879883 -4.4799999999999995 -5.375999999999998 -4.288173909783364 -0.21686942672729526 0.13351926 0.13251926 42.09142857142857 6.5266156 18.11076570356744 45.822354736014915 2.418090040881771 6.0709086578341624
297.43235711898 21.90932683626 0.0139 0.0168 16.1322 "" "" 1827509482143557504 954.973083 1.0163 0.0215 -9.387 -9.89 0.018 0.022 1.028 6376.7 4.1499 14.595309 1.257068 15.139781 13.882713 11.59 5.23 933.490356 975.744202 27341.53499 5.6776 12009.0 14.865 22186.0 22.953 "" "" 0.00276452904454574 0.0030969733 0.0039427737 0.007039747 297.43235711898 21.90932683626 954.973083 -9.387 -9.89 -9.195173909783364 -4.7308694267272955 0.13151926 0.13551927 15.931428571428572 8.556616 46.80842468917846 49.445313612202135 6.195865907589783 6.48107269234921
296.79456098988 22.73085303868 0.0122 0.0149 47.9796 "" "" 1827817066179655296 745.033997 1.3088 0.0208 3.613 4.647 0.014 0.02 0.983 5783.6 4.2826 14.597247 1.258438 15.1472 13.888761 -38.23 7.52 732.504883 758.11615 27292.79483 4.587 11927.0 10.459 22062.0 10.954 "" "" 0.0027613559685922663 0.0029481426 0.0038176344 0.0067657772 296.79456098988 22.73085303868 745.033997 3.612999999999998 4.647 3.8048260902166366 9.806130573272705 0.12751926 0.13351926 -33.888571428571424 10.846616 37.145347747680304 50.281329862738176 4.931029737028982 8.167731934860877
297.00347892511 21.85012441539 0.0132 0.0146 12.9176 "" "" 1827551882056331904 980.817017 0.9831 0.0201 0.106 -4.735 0.017 0.018 1.001 6306.5 4.303 14.59794 1.058141 15.040317 13.982176 3.26 12.98 964.501038 1000.21045 27275.35312 6.7181 13161.0 12.977 20244.0 16.856 "" "" 0.0027682675089441165 0.0029885012 0.003886 0.0068745012 297.00347892511 21.85012441539 980.817017 0.10599999999999998 -4.735 0.29782609021663664 0.42413057327270476 0.13051926 0.13151926 7.601428571428571 16.306616 2.4094001199590718 7.9741410361611615 0.3160888458178057 15.544735729531144
296.8971419752 21.86761676439 0.0139 0.0155 16.9659 "" "" 1827564251563218432 859.719666 1.1313 0.0202 0.23 -5.421 0.019 0.02 1.074 5899.4 4.1904 14.599027 1.16726 15.094973 13.927712 24.0 6.35 847.471375 872.195374 27248.09209 8.6712 12515.0 19.935 21285.0 19.448 "" "" 0.0027768993999734083 0.0032826923 0.0039074104 0.0071901027 296.8971419752 21.86761676439 859.719666 0.22999999999999998 -5.420999999999998 0.42182609021663664 -0.2618694267272952 0.13251926 0.13351926 28.341428571428573 9.676616 2.023275309298962 28.413556912970375 0.2686873177418542 9.652070409274193
297.14965864389 22.52035726296 0.0121 0.0155 30.8031 "" "" 1827796866978149120 881.89386 1.1051 0.0197 4.335 4.24 0.016 0.022 0.996 5620.8 4.2763 14.601233 1.189298 15.113022 13.923724 -26.66 6.29 866.76239 896.884399 27192.7529 4.6997 12309.0 15.211 21363.0 15.004 "" "" 0.0027617025072112305 0.0030960038 0.003855543 0.0069515468 297.14965864389 22.52035726296 881.89386 4.334999999999999 4.24 4.526826090216637 9.399130573272705 0.12951925 0.13551927 -22.318571428571428 9.616615 43.609445789201686 48.988798644726586 5.861546591728507 6.813319011558842
296.77465957696 21.5755053841 0.0143 0.0156 33.7198 "" "" 1827445298145164544 984.031982 0.9817 0.0217 -10.278 -21.698 0.022 0.023 0.981 5278.6 3.8102 14.602706 1.549323 15.322424 13.773101 12.35 6.49 965.087341 1003.54614 27155.91085 6.3425 10150.0 11.264 24542.0 20.494 "" "" 0.002766964732123316 0.0030392155 0.0038866112 0.006925827 296.77465957696 21.5755053841 984.031982 -10.278000000000002 -21.697999999999983 -10.086173909783364 -16.538869426727295 0.13551927 0.13651925 16.69142857142857 9.816615 90.35592725197922 91.88469609962294 12.310894893243281 12.236700787996742
297.14376219191 22.21437526038 0.0149 0.0154 12.4788 "" "" 1827577170825335424 795.432007 1.2184 0.0218 -0.173 -5.354 0.022 0.02 1.016 5907.7 4.0734 14.608029 1.430818 15.252471 13.821653 -4.9 5.29 778.577942 807.729248 27023.08336 5.9634 10825.0 14.861 23469.0 20.861 "" "" 0.002765718106807094 0.0031633473 0.0039006555 0.0070640026 297.14376219191 22.21437526038 795.432007 -0.1729999999999997 -5.353999999999999 0.01882609021663667 -0.19486942672729501 0.13551927 0.13351926 -0.5585714285714287 8.616615 0.7381462223829085 0.9256683458099262 0.09857049142138623 5.200075240848293
297.34935217631 21.30134359587 0.0135 0.0157 43.6115 "" "" 1826631105449558272 879.339539 1.1018 0.0207 2.367 1.902 0.019 0.021 0.928 5499.1 4.2165 14.608414 1.318526 15.192368 13.873841 -11.45 15.76 864.831055 894.866699 27013.52404 9.9664 11441.0 16.601 22368.0 21.907 "" "" 0.0027842858889054593 0.0032042123 0.0039261254 0.007130338 297.34935217631 21.30134359587 879.339539 2.367 1.9019999999999992 2.5588260902166367 7.061130573272705 0.13251926 0.13451926 -7.108571428571428 19.086617 31.304159274829512 32.101124211762375 4.2037928854292375 5.888075809923594
296.41210045775 22.02023052822 0.0142 0.0142 41.7381 "" "" 1827666604885188736 735.550232 1.3262 0.0198 3.858 -8.911 0.019 0.019 1.036 5570.1 4.1598 14.60866 1.506429 15.30116 13.794731 -23.0 6.61 726.290894 746.982239 27007.41184 6.6629 10350.0 10.341 24058.0 17.673 "" "" 0.002768309468527626 0.0029936302 0.0038626238 0.0068562543 296.41210045775 22.02023052822 735.550232 3.858 -8.911 4.049826090216637 -3.7518694267272945 0.13251926 0.13251926 -18.658571428571427 9.936616 19.247803297734805 26.807092709642962 2.5507046505819444 7.154571812865495
297.62850345137 21.75296745375 0.0267 0.0257 30.1043 "" "" 1827491924315781504 822.956787 1.1875 0.0378 0.448 -1.091 0.035 0.036 1.781 5907.9 4.1294 14.610389 1.367825 15.206807 13.838983 -31.96 8.26 799.229126 853.745728 26964.42107 13.982 11290.0 12.929 23098.0 17.304 "" "" 0.002812249955088806 0.0030546654 0.0038659181 0.0069205835 297.62850345137 21.75296745375 822.956787 0.44799999999999984 -1.0910000000000013 0.6398260902166366 4.068130573272705 0.14851926 0.14951926 -27.61857142857143 11.586616 16.06409669962324 31.9505976552857 2.401505417742946 10.08816030439222
297.09268160593 22.51718115993 0.0392 0.0503 30.8477 "" "" 1827796626459977984 893.817383 1.0934 0.0643 3.547 -0.382 0.051 0.065 3.393 5750.0 4.4153 14.610962 1.234073 15.134897 13.900825 -52.56 5.98 847.51593 942.32074 26950.20399 10.305 12063.0 19.067 21819.0 16.793 "" "" 0.0027864211949758166 0.0032756932 0.003870661 0.007146354 297.09268160593 22.51718115993 893.817383 3.5469999999999984 -0.3819999999999994 3.738826090216637 4.777130573272705 0.16451925 0.17851925 -48.21857142857143 9.306616 25.700989844856593 54.64038350540438 4.45486634182492 8.475919838926227
296.84812190036 21.91024058127 0.0177 0.0203 18.4242 "" "" 1827565346735818496 904.599792 1.0773 0.0268 3.788 -16.847 0.025 0.028 1.407 6011.9 4.1419 14.624777 1.357838 15.221342 13.863504 -16.12 6.94 886.170166 928.770935 26609.44861 7.941 11140.0 14.711 22582.0 16.393 "" "" 0.002774306112361174 0.0031369987 0.0038606916 0.0069976905 296.84812190036 21.91024058127 904.599792 3.7880000000000003 -16.847 3.9798260902166365 -11.687869426727296 0.13851926 0.14151926 -11.778571428571428 10.266616 52.94096526595726 54.23541783916901 7.475821806648603 7.630419820630074
297.16883552572 21.26782501158 0.0145 0.0149 44.3584 "" "" 1827374791966957952 898.53479 1.0768 0.0214 -1.014 2.486 0.022 0.023 0.947 5384.0 4.2356 14.629122 1.286084 15.198627 13.912543 -37.14 5.43 878.576111 915.818359 26503.18917 5.5332 11375.0 10.265 21584.0 12.422 "" "" 0.0027646284918061525 0.0029572 0.0038306892 0.006787889 297.16883552572 21.26782501158 898.53479 -1.0140000000000002 2.486000000000001 -0.8221739097833634 7.645130573272706 0.13551927 0.13651925 -32.79857142857143 8.756616 32.7487789169038 46.34898929106594 4.4704657834927035 6.955196433372791
297.30457061831 22.22517963067 0.0162 0.0179 15.2884 "" "" 1827588234667500032 860.884583 1.1302 0.0244 -4.724 -2.301 0.024 0.024 1.132 5639.1 4.1466 14.629196 1.43413 15.274707 13.840577 4.93 9.34 842.891785 878.446106 26501.36079 7.8304 10606.0 11.389 23064.0 18.144 "" "" 0.002773933082290328 0.003023963 0.003874695 0.006898658 297.30457061831 22.22517963067 860.884583 -4.724 -2.301000000000001 -4.5321739097833635 2.858130573272705 0.13751926 0.13751926 9.271428571428572 12.6666155 21.864329702034173 23.74885894257566 3.0067663378309395 5.667062686826985
297.72083313981 22.14476182893 0.0148 0.0148 32.1343 "" "" 1827542433135402624 934.796875 1.0381 0.021 1.63 1.451 0.022 0.022 1.01 5749.1 4.1331 14.630581 1.364904 15.238195 13.873292 -22.96 5.26 917.823975 948.041077 26467.58896 5.808 10968.0 12.294 22379.0 16.047 "" "" 0.002765601818394438 0.0030440325 0.0038587358 0.0069027683 297.72083313981 22.14476182893 934.796875 1.63 1.4510000000000003 1.8218260902166366 6.610130573272706 0.13551927 0.13551927 -18.61857142857143 8.586616 30.381135789012085 35.63235347084454 4.1172292262784405 5.696801046962524
297.49574958534 21.79463348888 0.0139 0.0151 22.5188 "" "" 1827503464849539072 815.121704 1.1925 0.0208 -1.317 -1.625 0.019 0.02 1.062 5783.0 4.1742 14.637466 1.343234 15.227256 13.884022 -24.74 17.35 800.16333 827.263794 26300.27943 7.7799 11079.0 12.997 22159.0 13.676 "" "" 0.0027739756638638165 0.0030671416 0.0038383263 0.006905468 297.49574958534 21.79463348888 815.121704 -1.317 -1.625 -1.1251739097833633 3.534130573272705 0.13251926 0.13351926 -20.398571428571426 20.676617 14.330072437406374 24.92895289393127 1.9120263407622922 16.95468223963677
297.88597075632 21.73380886543 0.0241 0.0256 43.5035 "" "" 1826761195770559360 737.028442 1.3314 0.0351 -15.573 -14.622 0.032 0.036 2.162 6152.7 4.2992 14.637789 1.269305 15.14931 13.880005 -1.64 5.86 718.10614 754.609131 26292.46515 10.397 11904.0 21.605 22241.0 45.856 "" "" 0.0027885698791427394 0.0034158574 0.0043925866 0.007808444 297.88597075632 21.73380886543 737.028442 -15.573000000000004 -14.622000000000012 -15.381173909783364 -9.462869426727295 0.14551926 0.14951926 2.701428571428572 9.186616 63.089280320446754 63.14709025504216 9.250681709171566 9.25056486620243
296.78585760446 21.49789410379 0.0146 0.0155 37.0616 "" "" 1827443580158193280 696.663208 1.4088 0.0219 11.855 -5.266 0.021 0.022 0.993 5131.7 4.2474 14.639529 1.371329 15.251229 13.8799 -37.52 5.1 685.552185 707.520447 26250.34708 6.2397 10837.0 11.447 22243.0 18.631 "" "" 0.0027673803969813556 0.0030166728 0.003887259 0.0069039315 296.78585760446 21.49789410379 696.663208 11.854999999999995 -5.266000000000002 12.046826090216637 -0.10686942672729494 0.13451926 0.13551927 -33.17857142857143 8.426616 39.78239691635785 51.80209171888192 5.351501899577057 6.783764170071488
297.03231936586 22.55721257336 0.0127 0.0158 33.7862 "" "" 1827800642227741440 869.402283 1.1133 0.0206 -1.286 -9.12 0.017 0.022 0.957 5451.2 4.2362 14.640797 1.284689 15.206952 13.922263 -28.38 5.1 854.963745 885.893677 26219.72553 4.5096 11288.0 13.97 21392.0 13.981 "" "" 0.0027616409478781884 0.0030968678 0.0038454197 0.0069422876 297.03231936586 22.55721257336 869.402283 -1.286 -9.12 -1.0941739097833634 -3.960869426727294 0.13051926 0.13551927 -24.038571428571426 8.426616 16.933966378158665 29.40428767413247 2.2889786520403015 7.013910915662366
297.14864054134 22.24869916914 0.0172 0.0165 14.5155 "" "" 1827577372648973952 1004.42743 0.965 0.0226 0.971 -11.082 0.026 0.023 1.004 5666.4 4.0972 14.641789 1.442103 15.294959 13.852856 0.72 8.73 980.277649 1026.36462 26195.7803 6.2721 10410.0 18.927 22804.0 21.418 "" "" 0.0027675563996188727 0.0034178754 0.0039145383 0.0073324135 297.14864054134 22.24869916914 1004.42743 0.970999999999999 -11.082000000000004 1.1628260902166367 -5.922869426727296 0.13951926 0.13651925 5.061428571428571 12.056615 28.737016118009763 29.179344655945005 3.9263894646998305 4.396174337107794
296.56543193557 22.227164304 0.0139 0.0147 35.708 "" "" 1827775593977503744 748.999573 1.3069 0.0203 -3.101 -2.437 0.02 0.019 0.988 5823.9 4.1669 14.647285 1.407835 15.279367 13.871532 -45.91 6.31 736.749878 760.213562 26063.48797 6.6018 10560.0 11.374 22415.0 16.752 "" "" 0.002769010990801126 0.0030253283 0.0038655077 0.006890836 296.56543193557 22.227164304 748.999573 -3.101 -2.4369999999999994 -2.9091739097833633 2.7221305732727052 0.13351926 0.13251926 -41.568571428571424 9.636616 14.14468745580425 43.9092053427824 1.8819984013523532 9.14304616755363
297.26931121419 21.18563550567 0.0153 0.0153 49.6484 "" "" 1826622760388692864 990.48468 0.9738 0.0215 -7.084 -20.895 0.022 0.021 1.0 5280.1 4.1493 14.659007 1.294286 15.231778 13.937492 0.79 4.02 968.442139 1010.26849 25783.62025 5.1776 11033.0 14.32 21094.0 16.436 "" "" 0.002763932864135357 0.0031258443 0.0038729077 0.0069987522 297.26931121419 21.18563550567 990.48468 -7.084 -20.895 -6.892173909783363 -15.735869426727294 0.13551927 0.13451926 5.131428571428572 7.346616 80.65386171156676 80.81693490953619 10.862520525760926 10.850633440990201
297.9024515348 21.79889518385 0.0136 0.0156 43.0553 "" "" 1826763119915803648 794.162964 1.2259 0.0202 -9.684 -2.468 0.018 0.021 0.971 5736.6 4.298 14.659024 1.300474 15.234369 13.933895 -17.95 5.38 782.432678 805.27179 25783.20566 5.7956 11007.0 14.057 21164.0 21.844 "" "" 0.002766107684090139 0.0031157148 0.0039420193 0.007057734 297.9024515348 21.79889518385 794.162964 -9.683999999999987 -2.4680000000000026 -9.492173909783363 2.691130573272705 0.13151926 0.13451926 -13.608571428571427 8.706615 37.13997097980077 39.55465409666698 4.8929982427844845 5.484557800020554
296.71091451965 21.49495408748 0.0148 0.0152 39.7122 "" "" 1827442858603768320 768.497803 1.2648 0.0218 3.556 2.792 0.021 0.022 0.969 5985.5 4.2735 14.660574 1.240304 15.201242 13.960938 "" "" 754.026489 781.602661 25746.43478 6.0344 11348.0 12.753 20643.0 14.559 "" "" 0.002767046402146343 0.0030452984 0.0038561756 0.0069014737 296.71091451965 21.49495408748 768.497803 3.556 2.792 3.7478260902166367 7.951130573272705 0.13451926 0.13551927 "" "" 32.01968769288524 "" 4.333481347651754 ""
296.56352854875 21.89336702178 0.0137 0.015 34.0139 "" "" 1827661146005925888 893.293091 1.086 0.0203 -16.56 -13.876 0.019 0.02 0.924 5644.9 3.9044 14.663771 1.538857 15.369275 13.830418 7.99 7.63 878.338684 911.865356 25670.74836 5.387 9720.9 13.783 23280.0 29.256 "" "" 0.0027647244229081214 0.0031866771 0.0040181386 0.0072048157 296.56352854875 21.89336702178 893.293091 -16.559999999999995 -13.876000000000005 -16.368173909783362 -8.716869426727294 0.13251926 0.13351926 12.331428571428571 10.956615 78.52157310367798 79.48397054305032 10.423020802695724 10.436184615249482
