Clusters/ASCC_107/ASCC_107_members.tsv
# %ECSV 1.0
# ---
# datatype:
# - name: RA_ICRS_1
#   unit: deg
#   datatype: float64
#   format: '{:15.11f}'
#   description: Right ascension (ICRS) at Ep=2016.0 (ra)
#   meta: !!omap
#   - {ucd: POS_EQ_RA_MAIN}
#   - {width: 15}
#   - {precision: '11'}
# - name: DE_ICRS_1
#   unit: deg
#   datatype: float64
#   format: '{:15.11f}'
#   description: Declination (ICRS) at Ep=2016.0 (dec)
#   meta: !!omap
#   - {ucd: POS_EQ_DEC_MAIN}
#   - {width: 15}
#   - {precision: '11'}
# - name: e_RA_ICRS
#   unit: mas
#   datatype: float64
#   format: '{:7.4f}'
#   description: Standard error of right ascension (ra_error)
#   meta: !!omap
#   - {ucd: ERROR}
#   - {width: 7}
#   - {precision: '4'}
# - name: e_DE_ICRS
#   unit: mas
#   datatype: float64
#   format: '{:7.4f}'
#   description: Standard error of declination (dec_error)
#   meta: !!omap
#   - {ucd: ERROR}
#   - {width: 7}
#   - {precision: '4'}
# - name: _r_1
#   unit: ''
#   datatype: float64
#   format: '{:7.4f}'
#   description: Distance from center (297.16230647000+22.00710607000)[ICRS], at Epoch=J2016.0
#   meta: !!omap
#   - {ucd: POS_ANG_DIST_GENERAL}
#   - {width: 7}
#   - {precision: '4'}
# - name: HIP
#   datatype: int32
#   description: '? HIP cross-id number, van Leeuwen, Cat. I/311 (hip_original_ext_source_id)'
#   meta: !!omap
#   - {ucd: ID_NUMBER}
#   - {width: 6}
#   - values: {'null': -2147483648}
# - name: TYC2
#   datatype: string
#   description: Tycho-2 cross-id name, Hog et al., Cat. I/259 (tyc2_original_ext_source_id)
#   meta: !!omap
#   - {ucd: ID_CROSSID}
#   - {_votable_string_dtype: char}
# - name: Source
#   datatype: int64
#   description: Source identifier, identical to the Gaia-EDR3 source_id (id)
#   meta: !!omap
#   - {ucd: ID_MAIN}
#   - {width: 19}
# - name: rgeo
#   unit: pc
#   datatype: float64
#   format: '{:15.8f}'
#   description: '? Median of the geometric distance posterior (r_med_geo)'
#   meta: !!omap
#   - {ucd: PHYS_DISTANCE_TRUE}
#   - {width: 15}
#   - {precision: '8'}
#   - values: {'null': .nan}
# - name: Plx
#   unit: mas
#   datatype: float64
#   format: '{:9.4f}'
#   description: '? Parallax (parallax)'
#   meta: !!omap
#   - {ucd: POS_PARLX_TRIG}
#   - {width: 9}
#   - {precision: '4'}
#   - values: {'null': .nan}
# - name: e_Plx
#   unit: mas
#   datatype: float32
#   format: '{:7.4f}'
#   description: '? Standard error of parallax (parallax_error)'
#   meta: !!omap
#   - {ucd: ERROR}
#   - {width: 7}
#   - {precision: '4'}
#   - values: {'null': .nan}
# - name: pmRA
#   unit: mas / yr
#   datatype: float64
#   format: '{:9.3f}'
#   description: '? Proper motion in right ascension direction, pmRA*cosDE (pmra)'
#   meta: !!omap
#   - {ucd: POS_EQ_PMRA}
#   - {width: 9}
#   - {precision: '3'}
#   - values: {'null': .nan}
# - name: pmDE
#   unit: mas / yr
#   datatype: float64
#   format: '{:9.3f}'
#   description: '? Proper motion in declination direction (pmdec)'
#   meta: !!omap
#   - {ucd: POS_EQ_PMDEC}
#   - {width: 9}
#   - {precision: '3'}
#   - values: {'null': .nan}
# - name: e_pmRA
#   unit: mas / yr
#   datatype: float32
#   format: '{:6.3f}'
#   description: '? Standard error of proper motion in right ascension direction (pmra_error)'
#   meta: !!omap
#   - {ucd: ERROR}
#   - {width: 6}
#   - {precision: '3'}
#   - values: {'null': .nan}
# - name: e_pmDE
[...]
#       distance: !astropy.table.SerializedColumn
#         __class__: astropy.coordinates.distances.Distance
#         unit: !astropy.units.Unit {unit: pc}
#         value: !astropy.table.SerializedColumn {name: SkyCoord.distance}
#       frame: icrs
#       obstime: !astropy.time.Time {format: jyear_str, in_subfmt: '*', jd1: 367701545.0, jd2: 0.0, out_subfmt: '*', precision: 3, scale: tt}
#       pm_dec: !astropy.table.SerializedColumn
#         __class__: astropy.units.quantity.Quantity
#         unit: !astropy.units.Unit {unit: mas / yr}
#         value: !astropy.table.SerializedColumn {name: SkyCoord.pm_dec}
#       pm_ra_cosdec: !astropy.table.SerializedColumn
#         __class__: astropy.units.quantity.Quantity
#         unit: !astropy.units.Unit {unit: mas / yr}
#         value: !astropy.table.SerializedColumn {name: SkyCoord.pm_ra_cosdec}
#       ra: !astropy.table.SerializedColumn
#         __class__: astropy.coordinates.angles.Longitude
#         unit: *id001
#         value: !astropy.table.SerializedColumn {name: SkyCoord.ra}
#         wrap_angle: !astropy.coordinates.Angle
#           unit: *id001
#           value: 360.0
#       representation_type: spherical
# schema: astropy-2.0
RA_ICRS_1 DE_ICRS_1 e_RA_ICRS e_DE_ICRS _r_1 HIP TYC2 Source rgeo Plx e_Plx pmRA pmDE e_pmRA e_pmDE RUWE Teff logg Gmag BP-RP BPmag RPmag RV e_RV b_rgeo B_rgeo FG e_FG FBP e_FBP FRP e_FRP RAVE5 RAVE6 e_Gmag e_BPmag e_RPmag e_BP-RP SkyCoord.ra SkyCoord.dec SkyCoord.distance SkyCoord.pm_ra_cosdec SkyCoord.pm_dec rmRA rmDE e_rmRA e_rmDE rRV e_rRV v_pec v_pec3d e_vpec e_vpec3d Pmemb
[from data line 29]
297.10275121327 21.57649866472 0.017 0.0173 26.0486 "" "" 1827403894667134464 849.777161 1.1456 0.0234 -0.328 -5.16 0.025 0.023 1.255 6049.5 4.2067 14.877836 1.330714 15.439128 14.108414 -31.74 14.64 832.768555 865.985596 21077.1697 19.054 9115.2 36.921 18022.0 52.554 "" "" 0.0029249216555965684 0.0052082 0.004930318 0.010138517 297.10275121327 21.57649866472 849.777161 -0.32799999999999996 -5.16 -0.13617390978336336 -0.000869426727295064 0.13851926 0.13651925 -27.398571428571426 17.966616 0.548512027356346 27.404061410139285 0.0759794342587025 17.96301640656526 0.9
297.16421611657 22.05242967509 0.019 0.0206 2.7215 "" "" 1827561605863002880 851.790161 1.1417 0.029 -0.126 -5.18 0.027 0.029 1.04 5402.2 4.2188 15.040633 1.455989 15.703674 14.247685 -20.86 6.73 833.148682 871.360413 18142.35418 7.3449 7144.1 12.063 15852.0 17.809 "" "" 0.0027901614590430703 0.0033385647 0.003971345 0.0073099094 297.16421611657 22.05242967509 851.790161 -0.1259999999999999 -5.180000000000002 0.06582609021663666 -0.020869426727294638 0.14051926 0.14251927 -16.518571428571427 10.056616 0.2788089639523815 16.520924201726622 0.039229287809602546 10.055183671351038 1.0
297.23810442227 22.04849988178 0.019 0.0219 4.8931 "" "" 1827562121258977536 861.148926 1.1257 0.0295 -0.117 -5.268 0.027 0.029 0.95 5392.4 4.2297 15.266143 1.608017 16.0179 14.409883 "" "" 838.002686 888.004883 14739.73172 10.024 5348.8 17.415 13652.0 32.194 "" "" 0.002852539921236253 0.004503486 0.0045650005 0.009068487 297.23810442227 22.04849988178 861.148926 -0.11699999999999966 -5.268 0.07482609021663665 -0.10886942672729472 0.14051926 0.14251927 "" "" 0.5392286205978625 "" 0.0765061222723114 "" 1.0
297.09870426575 22.01089087606 0.0192 0.0192 3.5453 "" "" 1827561227905913728 847.045715 1.152 0.0269 -0.346 -5.273 0.026 0.025 1.017 5254.1 4.2852 15.312681 1.484115 15.994424 14.510309 "" "" 829.933411 867.655701 14121.29022 15.326 5465.7 26.046 12446.0 33.264 "" "" 0.002996719273345199 0.0058783055 0.0047648954 0.010643201 297.09870426575 22.01089087606 847.045715 -0.34599999999999986 -5.273 -0.15417390978336332 -0.11386942672729461 0.13951926 0.13851926 "" "" 0.769538200870985 "" 0.10709441524157276 "" 0.8
297.3420826702 22.08464763466 0.0225 0.024 11.0274 "" "" 1827559750436903680 845.006348 1.1511 0.0328 -0.056 -5.047 0.032 0.034 1.085 5680.3 4.3398 15.424214 1.523947 16.1092 14.585253 "" "" 822.635376 872.246033 12742.68503 14.623 4917.4 22.502 11616.0 54.737 "" "" 0.003023933751669017 0.005698183 0.006360768 0.012058951 297.3420826702 22.08464763466 845.006348 -0.05599999999999994 -5.047 0.13582609021663666 0.11213057327270537 0.14551926 0.14751926 "" "" 0.7054612372288179 "" 0.10323236923130022 "" 0.8
297.08268429919 21.87015290875 0.0188 0.0206 9.3359 "" "" 1827550301508277632 847.151733 1.1491 0.0284 -0.318 -5.195 0.025 0.027 0.979 5704.1 4.3779 15.437492 1.446107 16.093252 14.647145 "" "" 832.154602 868.201599 12587.8014 14.651 4990.2 20.626 10972.0 34.099 "" "" 0.0030312885451675427 0.0052843424 0.005066502 0.010350844 297.08268429919 21.87015290875 847.151733 -0.3179999999999996 -5.195 -0.12617390978336335 -0.035869426727295206 0.13851926 0.14051926 "" "" 0.5267268440839699 "" 0.0730411091035868 "" 1.0
297.41893433523 22.35573769588 0.0201 0.0213 25.3151 "" "" 1827608232036797568 840.643494 1.1617 0.0304 -0.207 -5.087 0.028 0.03 0.946 5142.4 4.2812 15.464456 1.615472 16.218344 14.602872 "" "" 821.683044 862.960022 12279.03736 11.818 4447.1 14.978 11429.0 30.785 "" "" 0.0029468207394136707 0.0045996993 0.0047787623 0.009378461 297.41893433523 22.35573769588 840.643494 -0.20700000000000007 -5.087000000000003 -0.015173909783363332 0.07213057327270533 0.14151926 0.14351925 "" "" 0.29370594260860533 "" 0.04212772979940277 "" 1.0
297.19174400199 21.95830842946 0.0218 0.0276 3.3548 "" "" 1827557036017683072 838.919434 1.1611 0.0362 -0.275 -5.549 0.03 0.037 0.904 4886.9 4.2412 15.728029 1.688614 16.531132 14.842518 "" "" 814.450684 868.798645 9632.41142 11.172 3334.0 15.048 9165.4 26.105 "" "" 0.0030294488370922333 0.005639116 0.004883309 0.010522425 297.19174400199 21.95830842946 838.919434 -0.27500000000000013 -5.549000000000006 -0.08317390978336336 -0.3898694267272953 0.14351925 0.15051925 "" "" 1.585194306790865 "" 0.23812998154400056 "" 0.9
297.41703097988 22.43146578768 0.022 0.0258 29.1286 "" "" 1827609503347164288 858.313232 1.1264 0.035 -0.383 -5.261 0.027 0.036 1.048 5165.8 4.3495 15.869647 1.641995 16.642593 15.000599 "" "" 831.757202 888.305969 8454.49683 12.215 3008.7 20.1 7923.5 30.782 "" "" 0.003170567299703821 0.0077715395 0.005663484 0.013435023 297.41703097988 22.43146578768 858.313232 -0.38300000000000023 -5.261000000000006 -0.19117390978336335 -0.10186942672729504 0.14051926 0.14951926 "" "" 0.8813036477109044 "" 0.12563736486308094 "" 1.0
297.22992788214 21.98746562036 0.0261 0.0307 3.9422 "" "" 1827557409639760768 808.578064 1.2141 0.0406 -0.301 -5.254 0.035 0.04 0.932 4766.9 4.3333 15.964775 1.662323 16.756832 15.094509 "" "" 786.717896 837.60199 7745.27383 10.26 2708.2 15.098 7267.0 28.526 "" "" 0.0031081115391169167 0.0066650254 0.0056963223 0.012361348 297.22992788214 21.98746562036 808.578064 -0.30100000000000005 -5.254 -0.10917390978336333 -0.09486942672729448 0.14851926 0.15351926 "" "" 0.5543350266619739 "" 0.08353318019882361 "" 1.0
297.33048117339 22.16856583126 0.0317 0.0342 13.4637 "" "" 1827586757198691328 855.008362 1.145 0.0479 -0.094 -4.914 0.049 0.05 1.08 4992.1 4.2841 16.14086 1.831141 17.032158 15.201017 "" "" 826.888733 885.948975 6585.7158 7.0576 2101.6 12.065 6588.0 15.202 "" "" 0.002990918972861281 0.006829065 0.004534379 0.011363444 297.33048117339 22.16856583126 855.008362 -0.09400000000000042 -4.914 0.09782609021663666 0.24513057327270538 0.16251926 0.16351926 "" "" 1.0696387811436299 "" 0.1747599830650894 "" 1.0
297.04972089242 22.09574187503 0.03 0.0306 8.2148 "" "" 1827574284607329792 824.595703 1.1814 0.0421 -0.254 -5.198 0.04 0.038 0.993 5784.7 4.4031 16.225384 1.92446 17.18684 15.26238 "" "" 797.969482 852.12146 6092.46689 2.9809 1822.6 7.1992 6226.0 9.1351 "" "" 0.002806062979066475 0.0051163733 0.0041014054 0.009217778 297.04972089242 22.09574187503 824.595703 -0.2539999999999991 -5.1979999999999995 -0.062173909783363346 -0.03886942672729532 0.15351926 0.15151925 "" "" 0.28659347708314875 "" 0.0438373031936968 "" 1.0
297.07883916827 21.81634394321 0.0293 0.0317 12.3528 "" "" 1827548514801844480 889.448059 1.0971 0.0428 -0.265 -4.956 0.039 0.043 1.014 4654.6 4.3975 16.269388 1.704829 17.065292 15.360463 "" "" 853.450195 916.036804 5850.47928 4.6281 2038.4 22.893 5688.2 28.803 "" "" 0.0028860829329697088 0.012508907 0.006671528 0.019180436 297.07883916827 21.81634394321 889.448059 -0.26500000000000035 -4.956 -0.07317390978336336 0.20313057327270467 0.15251926 0.15651926 "" "" 0.9102664501783866 "" 0.14206076082909644 "" 0.9
297.03507022889 22.08213695205 0.0342 0.0328 8.3867 "" "" 1827574181528209664 825.735718 1.1733 0.047 -0.276 -5.09 0.044 0.041 0.96 5094.9 4.3259 16.412857 2.053155 17.449972 15.396817 "" "" 791.802612 861.847107 5126.29945 7.2113 1430.3 8.9574 5500.9 22.337 "" "" 0.0031503233189569477 0.007349742 0.005806961 0.013156703 297.03507022889 22.08213695205 825.735718 -0.2760000000000006 -5.090000000000002 -0.08417390978336337 0.06913057327270522 0.15751925 0.15451926 "" "" 0.4263243766975405 "" 0.06664206891755962 "" 0.8
297.09026582894 21.90995979621 0.0333 0.037 7.0743 "" "" 1827553496963970304 880.722656 1.1139 0.051 -0.294 -5.102 0.044 0.047 0.985 4369.3 4.2269 16.581001 1.827474 17.475113 15.647639 "" "" 846.763611 917.31897 4390.82657 6.737 1397.6 7.2752 4366.2 20.096 "" "" 0.0032197758136432333 0.0063030017 0.006265472 0.012568474 297.09026582894 21.90995979621 880.722656 -0.29399999999999993 -5.102 -0.10217390978336333 0.057130573272704765 0.15751925 0.16051926 "" "" 0.48868818570302575 "" 0.07732950932118571 "" 0.9
297.22522287662 21.86983333325 0.0358 0.0456 8.9498 "" "" 1827549648673052416 799.893921 1.2123 0.0575 -0.107 -5.092 0.049 0.059 0.958 4444.0 4.3656 16.73122 1.901865 17.669369 15.767504 "" "" 764.504761 836.74292 3823.47524 6.8832 1168.6 9.611 3909.8 20.373 "" "" 0.0033781983906793975 0.009355264 0.0068037533 0.016159017 297.22522287662 21.86983333325 799.893921 -0.1069999999999992 -5.0920000000000005 0.08482609021663666 0.06713057327270544 0.16251926 0.17251927 "" "" 0.4101478161593073 "" 0.06826561130257795 "" 0.9
297.0904696928 21.86641289429 0.0403 0.0449 9.3405 "" "" 1827550335868005632 841.017883 1.1613 0.0618 -0.21 -5.205 0.053 0.059 0.951 3714.4 4.056 16.933788 1.952841 17.911484 15.958643 "" "" 799.822266 885.103027 3172.71753 3.3481 935.03 9.9908 3278.7 11.46 "" "" 0.0029840477701397784 0.011931909 0.00535588 0.017287789 297.0904696928 21.86641289429 841.017883 -0.2100000000000002 -5.205 -0.018173909783363335 -0.04586942672729499 0.16651925 0.17251927 "" "" 0.19668453028188562 "" 0.03377416875599508 "" 0.8
