Clusters/ASCC_107/ASCC_107_members.tsv
# %ECSV 1.0
# ---
# datatype:
# - name: RA_ICRS_1
#   unit: deg
#   datatype: float64
#   format: '{:15.11f}'
#   description: Right ascension (ICRS) at Ep=2016.0 (ra)
#   meta: !!omap
#   - {ucd: POS_EQ_RA_MAIN}
#   - {width: 15}
#   - {precision: '11'}
# - name: DE_ICRS_1
#   unit: deg
#   datatype: float64
#   format: '{:15.11f}'
#   description: Declination (ICRS) at Ep=2016.0 (dec)
#   meta: !!omap
#   - {ucd: POS_EQ_DEC_MAIN}
#   - {width: 15}
#   - {precision: '11'}
# - name: e_RA_ICRS
#   unit: mas
#   datatype: float64
#   format: '{:7.4f}'
#   description: Standard error of right ascension (ra_error)
#   meta: !!omap
#   - {ucd: ERROR}
#   - {width: 7}
#   - {precision: '4'}
# - name: e_DE_ICRS
#   unit: mas
#   datatype: float64
#   format: '{:7.4f}'
#   description: Standard error of declination (dec_error)
#   meta: !!omap
#   - {ucd: ERROR}
#   - {width: 7}
#   - {precision: '4'}
# - name: _r_1
#   unit: ''
#   datatype: float64
#   format: '{:7.4f}'
#   description: Distance from center (297.16230647000+22.00710607000)[ICRS], at Epoch=J2016.0
#   meta: !!omap
#   - {ucd: POS_ANG_DIST_GENERAL}
#   - {width: 7}
#   - {precision: '4'}
# - name: HIP
#   datatype: int32
#   description: '? HIP cross-id number, van Leeuwen, Cat. I/311 (hip_original_ext_source_id)'
#   meta: !!omap
#   - {ucd: ID_NUMBER}
#   - {width: 6}
#   - values: {'null': -2147483648}
# - name: TYC2
#   datatype: string
#   description: Tycho-2 cross-id name, Hog et al., Cat. I/259 (tyc2_original_ext_source_id)
#   meta: !!omap
#   - {ucd: ID_CROSSID}
#   - {_votable_string_dtype: char}
# - name: Source
#   datatype: int64
#   description: Source identifier, identical to the Gaia-EDR3 source_id (id)
#   meta: !!omap
#   - {ucd: ID_MAIN}
#   - {width: 19}
# - name: rgeo
#   unit: pc
#   datatype: float64
#   format: '{:15.8f}'
#   description: '? Median of the geometric distance posterior (r_med_geo)'
#   meta: !!omap
#   - {ucd: PHYS_DISTANCE_TRUE}
#   - {width: 15}
#   - {precision: '8'}
#   - values: {'null': .nan}
# - name: Plx
#   unit: mas
#   datatype: float64
#   format: '{:9.4f}'
#   description: '? Parallax (parallax)'
#   meta: !!omap
#   - {ucd: POS_PARLX_TRIG}
#   - {width: 9}
#   - {precision: '4'}
#   - values: {'null': .nan}
# - name: e_Plx
#   unit: mas
#   datatype: float32
#   format: '{:7.4f}'
#   description: '? Standard error of parallax (parallax_error)'
#   meta: !!omap
#   - {ucd: ERROR}
#   - {width: 7}
#   - {precision: '4'}
#   - values: {'null': .nan}
# - name: pmRA
#   unit: mas / yr
#   datatype: float64
#   format: '{:9.3f}'
#   description: '? Proper motion in right ascension direction, pmRA*cosDE (pmra)'
#   meta: !!omap
#   - {ucd: POS_EQ_PMRA}
#   - {width: 9}
#   - {precision: '3'}
#   - values: {'null': .nan}
# - name: pmDE
#   unit: mas / yr
#   datatype: float64
#   format: '{:9.3f}'
#   description: '? Proper motion in declination direction (pmdec)'
#   meta: !!omap
#   - {ucd: POS_EQ_PMDEC}
#   - {width: 9}
#   - {precision: '3'}
#   - values: {'null': .nan}
# - name: e_pmRA
#   unit: mas / yr
#   datatype: float32
#   format: '{:6.3f}'
#   description: '? Standard error of proper motion in right ascension direction (pmra_error)'
#   meta: !!omap
#   - {ucd: ERROR}
#   - {width: 6}
#   - {precision: '3'}
#   - values: {'null': .nan}
# - name: e_pmDE
[...]
#       distance: !astropy.table.SerializedColumn
#         __class__: astropy.coordinates.distances.Distance
#         unit: !astropy.units.Unit {unit: pc}
#         value: !astropy.table.SerializedColumn {name: SkyCoord.distance}
#       frame: icrs
#       obstime: !astropy.time.Time {format: jyear_str, in_subfmt: '*', jd1: 367701545.0, jd2: 0.0, out_subfmt: '*', precision: 3, scale: tt}
#       pm_dec: !astropy.table.SerializedColumn
#         __class__: astropy.units.quantity.Quantity
#         unit: !astropy.units.Unit {unit: mas / yr}
#         value: !astropy.table.SerializedColumn {name: SkyCoord.pm_dec}
#       pm_ra_cosdec: !astropy.table.SerializedColumn
#         __class__: astropy.units.quantity.Quantity
#         unit: !astropy.units.Unit {unit: mas / yr}
#         value: !astropy.table.SerializedColumn {name: SkyCoord.pm_ra_cosdec}
#       ra: !astropy.table.SerializedColumn
#         __class__: astropy.coordinates.angles.Longitude
#         unit: *id001
#         value: !astropy.table.SerializedColumn {name: SkyCoord.ra}
#         wrap_angle: !astropy.coordinates.Angle
#           unit: *id001
#           value: 360.0
#       representation_type: spherical
# schema: astropy-2.0
RA_ICRS_1 DE_ICRS_1 e_RA_ICRS e_DE_ICRS _r_1 HIP TYC2 Source rgeo Plx e_Plx pmRA pmDE e_pmRA e_pmDE RUWE Teff logg Gmag BP-RP BPmag RPmag RV e_RV b_rgeo B_rgeo FG e_FG FBP e_FBP FRP e_FRP RAVE5 RAVE6 e_Gmag e_BPmag e_RPmag e_BP-RP SkyCoord.ra SkyCoord.dec SkyCoord.distance SkyCoord.pm_ra_cosdec SkyCoord.pm_dec rmRA rmDE e_rmRA e_rmDE rRV e_rRV v_pec v_pec3d e_vpec e_vpec3d Pmemb
297.17084324992 21.98476752483 0.0182 0.0199 1.422 97471 1627-332-1 1827560055337367296 905.130127 1.0861 0.0281 0.115 -5.226 0.024 0.026 0.972 18863.6 3.4733 8.152393 0.281548 8.234911 7.953362 "" "" 883.81189 929.281494 10327361.03773 3664.4 6941500.0 5500.1 5221700.0 3229.8 "" "" 0.0027821221507038554 0.0029197836 0.0038385838 0.0067583676 297.17084324992 21.98476752483 905.130127 0.11499999999999999 -5.226 0.30682609021663665 -0.0668694267272949 0.13751926 0.13951926 "" "" 1.347280869023089 "" 0.18540009122556975 "" 1.0
297.10135591695 21.91424698051 0.0116 0.0137 6.5227 "" 1627-790-1 1827553496963958144 859.210205 1.1238 0.0186 0.014 -5.148 0.016 0.017 0.946 11621.6 3.914 11.037607 0.443225 11.193063 10.749838 -27.0 12.06 846.321167 872.173279 724275.30768 193.55 455190.0 219.15 397400.0 99.144 "" "" 0.0027705546431284864 0.0028387127 0.0037890763 0.006627789 297.10135591695 21.91424698051 859.210205 0.013999999999999568 -5.147999999999999 0.20582609021663667 0.01113057327270539 0.12951925 0.13051926 -22.658571428571427 15.386616 0.839483737989232 22.67411722934372 0.10873176470391795 15.376066927319552 1.0
297.23011232398 21.89114185616 0.0092 0.012 7.9152 "" 1627-880-1 1827555730347495936 855.315186 1.119 0.0149 -0.156 -5.183 0.013 0.016 0.867 "" "" 11.681152 0.626036 11.914623 11.288588 "" "" 843.563782 868.813965 400392.32588 70.59 234190.0 122.11 241950.0 64.135 "" "" 0.002761961273784049 0.0028470226 0.003790324 0.006637347 297.23011232398 21.89114185616 855.315186 -0.15600000000000036 -5.183 0.03582609021663666 -0.02386942672729475 0.12651926 0.12951925 "" "" 0.17453096835521242 "" 0.022243809913233985 "" 1.0
297.07444806332 22.00880815725 0.0086 0.0086 4.8884 "" 1627-149-1 1827555421109423360 853.197876 1.1435 0.0126 -0.131 -5.133 0.011 0.011 0.85 10265.2 4.2041 12.101328 0.602966 12.327161 11.724195 -3.99 32.72 842.704468 863.836853 271903.93871 40.892 160160.0 104.5 161990.0 53.447 "" "" 0.002760154253172398 0.0028786971 0.003796321 0.006675018 297.07444806332 22.00880815725 853.197876 -0.1310000000000009 -5.132999999999995 0.06082609021663665 0.02613057327270507 0.12451926 0.12451926 0.3514285714285714 36.046616 0.267728756536029 0.4417926299664299 0.0333373863065961 28.673664770264743 0.9
297.1535255193 22.1791311079 0.0079 0.0095 10.333 "" "" 1827575757737782784 842.198425 1.1644 0.0118 -0.289 -5.177 0.011 0.012 0.876 "" "" 12.112503 0.876768 12.461434 11.584666 -7.58 22.04 832.704407 851.430786 269119.66733 41.415 141530.0 71.396 184200.0 56.241 "" "" 0.0027603816188886098 0.0028434193 0.0037938927 0.006637312 297.1535255193 22.1791311079 842.198425 -0.28900000000000003 -5.176999999999999 -0.09717390978336332 -0.017869426727294524 0.12451926 0.12551926 -3.2385714285714284 25.366617 0.3944246623412475 3.262501450148672 0.04912641828108479 25.18055708258971 1.0
297.12351732176 21.81456081616 0.0082 0.009 11.7528 "" "" 1827547724527784960 853.966553 1.1469 0.0123 -0.132 -5.162 0.011 0.012 0.924 "" "" 12.280804 0.607507 12.510366 11.90286 -22.54 13.77 844.115967 864.692444 230475.71484 31.927 135290.0 60.21 137410.0 39.865 "" "" 0.0027594221397496317 0.002831701 0.0037924855 0.0066241864 297.12351732176 21.81456081616 853.966553 -0.13199999999999956 -5.162 0.05982609021663665 -0.0028694267272948437 0.12451926 0.12551926 -18.198571428571427 17.096617 0.2424425162202181 18.200186274170036 0.03018932107853799 17.09509982039901 1.0
297.15599210969 22.23986707001 0.0096 0.0106 13.9701 "" "" 1827577308264292096 864.593628 1.1252 0.014 -0.195 -5.071 0.015 0.014 0.865 "" "" 13.048718 1.129583 13.527462 12.397879 "" "" 853.926941 874.043762 113621.30723 19.203 53019.0 36.208 87098.0 23.869 "" "" 0.002761423775413807 0.0028870115 0.0037910761 0.0066780876 297.15599210969 22.23986707001 864.593628 -0.19499999999999984 -5.071000000000005 -0.003173909783363349 0.08813057327270535 0.12851925 0.12751926 "" "" 0.3614085496198907 "" 0.04608702250866432 "" 1.0
297.1760336548 21.98748406456 0.0092 0.0115 1.4033 "" "" 1827560059674709632 827.325623 1.1714 0.0143 -0.106 -5.026 0.012 0.015 1.055 7597.1 4.1849 13.186144 0.894353 13.546339 12.651986 "" "" 818.329834 839.447876 100112.73452 18.168 52105.0 47.545 68923.0 39.434 "" "" 0.0027623562346802003 0.002960839 0.0038300934 0.0067909323 297.1760336548 21.98748406456 827.325623 -0.10599999999999998 -5.025999999999999 0.08582609021663666 0.13313057327270528 0.12551926 0.12851925 "" "" 0.6211607403023955 "" 0.07928855844898637 "" 1.0
297.22560543127 22.10268774235 0.0097 0.0118 6.729 "" "" 1827563289490146432 850.660461 1.141 0.0145 -0.256 -5.155 0.014 0.015 0.931 "" "" 13.187582 0.979496 13.588272 12.608776 "" "" 838.877747 863.42627 99980.20942 17.962 50131.0 37.922 71721.0 28.948 "" "" 0.002762216001077351 0.00290854 0.0038047035 0.006713243 297.22560543127 22.10268774235 850.660461 -0.255999999999999 -5.154999999999999 -0.06417390978336335 0.0041305732727048294 0.12751926 0.12851925 "" "" 0.25929303282777494 "" 0.03306593087285938 "" 1.0
297.23981186777 21.95282964091 0.0091 0.0113 5.4038 "" "" 1827557104737080576 854.003174 1.141 0.0145 -0.15 -5.086 0.012 0.014 0.918 7486.2 4.1386 13.272116 0.914027 13.641003 12.726975 "" "" 844.894897 864.380554 92491.19703 21.74 47755.0 40.969 64323.0 39.299 "" "" 0.002767113528415365 0.002941539 0.0038371542 0.0067786933 297.23981186777 21.95282964091 854.003174 -0.15000000000000013 -5.086 0.04182609021663666 0.07313057327270478 0.12551926 0.12751926 "" "" 0.34102844572667124 "" 0.04332057738570678 "" 1.0
297.19792182322 21.98276040178 0.0106 0.0138 2.4616 "" "" 1827560025314935424 885.779663 1.0994 0.0176 -0.135 -5.107 0.014 0.019 1.031 5787.9 4.017 13.718492 1.289938 14.278976 12.989038 -10.93 6.99 874.036621 899.756958 61312.63101 40.268 26535.0 53.83 50529.0 91.439 "" "" 0.002846096187092854 0.003554766 0.00425959 0.007814356 297.19792182322 21.98276040178 885.779663 -0.13499999999999956 -5.107 0.05682609021663665 0.05213057327270487 0.12751926 0.13251926 -6.588571428571428 10.316615 0.3237768225727647 6.596522182197455 0.042035323229563826 10.304180749100196 1.0
297.29908106156 22.13887697561 0.0113 0.0136 10.9702 "" "" 1827586585399726208 848.772156 1.1414 0.0175 -0.168 -5.061 0.016 0.019 0.986 15012.0 4.6125 13.72387 1.219137 14.249885 13.030747 "" "" 835.946899 861.574341 61009.65794 10.932 27256.0 21.16 48625.0 21.653 "" "" 0.002762179950168525 0.00291471 0.0038101817 0.0067248917 297.29908106156 22.13887697561 848.772156 -0.16799999999999993 -5.061 0.023826090216636647 0.09813057327270513 0.12951925 0.13251926 "" "" 0.4062673237239426 "" 0.05377112052562409 "" 1.0
297.19453525591 21.88230069983 0.0101 0.0144 7.7001 "" "" 1827549889191614720 850.464722 1.1388 0.0171 -0.178 -5.131 0.014 0.019 0.948 6673.2 4.1913 13.82801 1.098196 14.2826 13.184404 -23.77 7.51 839.885681 863.595459 55429.7323 10.271 26447.0 46.973 42208.0 62.429 "" "" 0.0027626553453911694 0.0033917192 0.0041064112 0.00749813 297.19453525591 21.88230069983 850.464722 -0.17799999999999994 -5.131 0.013826090216636666 0.02813057327270485 0.12751926 0.13251926 -19.428571428571427 10.836616 0.12635682289534628 19.428982315134114 0.016623669528234748 10.83638638886882 1.0
297.58368036212 22.06487014456 0.0122 0.0125 23.6904 "" "" 1827535969163495040 970.240845 0.9988 0.0173 -0.229 -5.342 0.018 0.017 0.961 7539.1 4.099 13.936962 1.17013 14.434348 13.264218 "" "" 956.583435 985.237 50137.40746 9.7454 22997.0 21.998 39217.0 18.638 "" "" 0.002763390442875488 0.002977193 0.003814444 0.0067916373 297.58368036212 22.06487014456 970.240845 -0.22900000000000076 -5.341999999999997 -0.03717390978336335 -0.18286942672729456 0.13151926 0.13051926 "" "" 0.8582064560826175 "" 0.11204664999599966 "" 0.8
297.26419007434 21.78731482537 0.0107 0.0128 14.3555 "" "" 1827501407604339584 860.962952 1.1237 0.0162 -0.308 -5.108 0.014 0.017 0.951 5646.0 3.9322 14.002158 1.242987 14.545203 13.302217 0.24 5.31 849.951233 874.183533 47215.37371 11.308 20765.0 17.38 37868.0 22.606 "" "" 0.0027675631881693063 0.0029344277 0.0038345568 0.0067689847 297.26419007434 21.78731482537 860.962952 -0.30800000000000016 -5.108 -0.11617390978336334 0.051130573272705426 0.12751926 0.13051926 4.581428571428572 8.636616 0.5179885785355655 4.610618171416425 0.06630816420621338 8.581940991051985 1.0
297.0087259634 21.67023359987 0.0113 0.0118 21.9477 "" "" 1827452341891928064 881.83606 1.1003 0.0166 -0.162 -5.203 0.016 0.016 0.939 6448.8 4.1772 14.038744 1.131678 14.520375 13.388698 -12.4 4.84 870.837341 895.91803 45650.89991 7.8719 21245.0 26.44 34969.0 19.199 "" "" 0.0027616736050509456 0.00310014 0.003826103 0.006926243 297.0087259634 21.67023359987 881.83606 -0.16200000000000003 -5.203000000000001 0.029826090216636653 -0.04386942672729521 0.12951925 0.12951925 -8.05857142857143 8.1666155 0.22173674927252562 8.061621465646084 0.02871917834333141 8.16352576380875 1.0
297.36062709477 21.958604289 0.0113 0.0127 11.4114 "" "" 1827510753454053120 853.345337 1.1404 0.0162 -0.281 -5.136 0.016 0.017 0.981 5990.9 4.0159 14.065078 1.117118 14.53705 13.419932 -20.59 6.02 842.281677 868.909973 44556.96392 8.1506 20922.0 15.747 33977.0 16.256 "" "" 0.0027624689730965696 0.0029073758 0.0038149138 0.0067222896 297.36062709477 21.958604289 853.345337 -0.28100000000000136 -5.136000000000003 -0.08917390978336337 0.023130573272704957 0.12951925 0.13051926 -16.248571428571427 9.346616 0.37263230953491827 16.252843699103767 0.04828663455356687 9.344158977850839 1.0
297.26229687038 21.9592662672 0.0116 0.0135 6.2601 "" "" 1827557139097075968 867.59021 1.1199 0.0185 -0.087 -5.218 0.016 0.019 0.954 6139.5 4.1542 14.077481 1.180491 14.581829 13.401338 -2.95 5.21 853.585449 880.338745 44050.83177 7.91 20076.0 22.932 34564.0 22.964 "" "" 0.002762209081063269 0.0030533792 0.0038476067 0.0069009857 297.26229687038 21.9592662672 867.59021 -0.08700000000000019 -5.218 0.10482609021663666 -0.05886942672729489 0.12951925 0.13251926 1.3914285714285715 8.536615 0.49441175885659466 1.4766571899677416 0.0643945863812593 8.043934150628012 1.0
297.1134278428 22.02964732112 0.012 0.0133 3.0366 "" "" 1827561365344865408 866.576355 1.1224 0.0175 -0.161 -4.977 0.016 0.017 0.958 6273.1 4.1422 14.204839 1.296794 14.776775 13.479981 31.42 6.06 851.093567 881.95929 39175.19514 7.5771 16777.0 16.849 32149.0 17.732 "" "" 0.002763311195777114 0.0029956654 0.0038265313 0.0068221968 297.1134278428 22.02964732112 866.576355 -0.16100000000000003 -4.977 0.030826090216636653 0.18213057327270477 0.12951925 0.13051926 35.761428571428574 9.386616 0.7587541896050756 35.76947695158026 0.09901098065478338 9.384503934610608 1.0
297.18669445997 22.02969391144 0.0127 0.0153 1.9175 "" "" 1827560712509760512 837.841797 1.1607 0.0201 -0.19 -5.151 0.018 0.021 0.998 5656.2 4.1777 14.356946 1.26373 14.909987 13.646256 0.26 8.24 823.618896 852.352173 34054.02926 7.5726 14840.0 14.114 27584.0 19.392 "" "" 0.0027658778752423507 0.0029751223 0.0038556892 0.0068308115 297.18669445997 22.02969391144 837.841797 -0.1900000000000004 -5.151000000000003 0.0018260902166366555 0.008130573272705277 0.13151926 0.13451926 4.601428571428571 11.566615 0.033093889050558184 4.601547577006205 0.0044470486683733604 11.566315968029352 1.0
296.95041431277 21.91083930513 0.0116 0.0126 13.1299 "" "" 1827553050287535488 857.929565 1.1369 0.0174 -0.357 -5.201 0.016 0.016 0.903 5659.4 4.2003 14.368584 1.181086 14.875409 13.694324 5.46 6.13 841.86554 870.191467 33690.95822 13.221 15320.0 32.778 26389.0 26.219 "" "" 0.002788067476639943 0.0036306125 0.0039303196 0.007560932 296.95041431277 21.91083930513 857.929565 -0.3570000000000001 -5.201000000000001 -0.16517390978336333 -0.041869426727294545 0.12951925 0.12951925 9.801428571428572 9.456615 0.692938036932048 9.825892588657966 0.08974881759031562 9.43307296191097 0.9
297.14712934277 21.94097326703 0.0124 0.0153 4.0568 "" "" 1827553978000259200 838.535889 1.1624 0.0208 -0.372 -5.214 0.017 0.019 1.012 5900.4 4.1607 14.396857 1.160939 14.891686 13.730747 -26.67 6.49 823.748779 854.225037 32824.9191 21.171 15092.0 37.635 25519.0 46.536 "" "" 0.002842913918283856 0.0038878834 0.004266597 0.00815448 297.14712934277 21.94097326703 838.535889 -0.37200000000000005 -5.214 -0.18017390978336334 -0.054869426727295334 0.13051926 0.13251926 -22.32857142857143 9.816615 0.7486015845912619 22.341116945517044 0.09783488103717893 9.811103192467135 1.0
297.2327313559 22.04722073836 0.0142 0.016 4.5974 "" "" 1827562121258984704 876.657593 1.1124 0.0215 -0.097 -5.058 0.02 0.021 0.954 6059.9 4.0506 14.456751 1.401641 15.079653 13.678012 -8.09 6.82 861.766785 894.759155 31063.2049 6.2603 12693.0 27.216 26789.0 40.21 "" "" 0.0027639950344639512 0.0036338225 0.004115772 0.0077495947 297.2327313559 22.04722073836 876.657593 -0.09699999999999998 -5.058 0.09482609021663665 0.10113057327270525 0.13351926 0.13451926 -3.748571428571428 10.146616 0.5760736753444935 3.7925780986720565 0.07722401921258236 10.028887947364442 1.0
296.84827698961 22.32398269306 0.0136 0.0139 25.8061 "" "" 1827771509489492224 836.245422 1.1606 0.0192 -0.094 -5.233 0.018 0.019 0.926 7644.2 4.2013 14.469033 1.66163 15.255336 13.593706 34.55 7.99 821.236938 849.403992 30713.78169 6.5201 10796.0 11.849 28952.0 17.465 "" "" 0.0027649436475447806 0.0030339812 0.0038357135 0.0068696947 296.84827698961 22.32398269306 836.245422 -0.09399999999999997 -5.233 0.09782609021663666 -0.07386942672729457 0.13151926 0.13251926 38.89142857142857 11.316615 0.4858956152726946 38.894463756111506 0.06408150271876611 11.315732024871727 1.0
297.04494357496 22.1185167593 0.0144 0.0145 9.3421 "" "" 1827574387686557568 848.85083 1.1404 0.0205 -0.202 -5.154 0.019 0.019 1.044 7321.9 4.2045 14.489708 1.630637 15.2578 13.627163 -5.25 5.32 833.665466 864.383301 30134.47455 7.4016 10772.0 18.4 28073.0 17.814 "" "" 0.0027681954876196254 0.0033503012 0.0038416663 0.007191967 297.04494357496 22.1185167593 848.85083 -0.2020000000000005 -5.154 -0.010173909783363355 0.005130573272705163 0.13251926 0.13251926 -0.9085714285714284 8.646616 0.04584577222333639 0.909727363360628 0.006075447811405406 8.635629262641245 1.0
297.14376219191 22.21437526038 0.0149 0.0154 12.4788 "" "" 1827577170825335424 795.432007 1.2184 0.0218 -0.173 -5.354 0.022 0.02 1.016 5907.7 4.0734 14.608029 1.430818 15.252471 13.821653 -4.9 5.29 778.577942 807.729248 27023.08336 5.9634 10825.0 14.861 23469.0 20.861 "" "" 0.002765718106807094 0.0031633473 0.0039006555 0.0070640026 297.14376219191 22.21437526038 795.432007 -0.1729999999999997 -5.353999999999999 0.01882609021663667 -0.19486942672729501 0.13551927 0.13351926 -0.5585714285714287 8.616615 0.7381462223829085 0.9256683458099262 0.09857049142138623 5.200075240848293 1.0
297.06808035545 21.89217088962 0.0137 0.0147 8.6633 "" "" 1827553359525032448 876.526917 1.1094 0.0203 0.139 -5.242 0.018 0.02 1.009 5802.7 4.0236 14.683967 1.37408 15.292077 13.917997 -20.15 6.14 861.535278 889.922546 25197.64419 8.8442 10437.0 17.804 21476.0 28.684 "" "" 0.002781549188230936 0.0033489328 0.0040480415 0.0073969746 297.06808035545 21.89217088962 876.526917 0.13900000000000112 -5.241999999999999 0.33082609021663667 -0.08286942672729491 0.13151926 0.13351926 -15.808571428571426 9.466616 1.4169619326647607 15.871947320063342 0.18652629832340395 9.428830658590106 0.9
297.22148963141 21.96566442736 0.0158 0.0189 4.1261 "" "" 1827557001657908224 841.885986 1.1566 0.0264 -0.241 -5.205 0.022 0.025 1.055 5167.8 4.1322 14.751653 1.534464 15.457684 13.923221 "" "" 823.90155 860.215698 23674.75632 37.275 8960.7 48.86 21373.0 82.848 "" "" 0.003242531338814492 0.006544748 0.0056565274 0.012201276 297.22148963141 21.96566442736 841.885986 -0.24099999999999966 -5.205 -0.049173909783363334 -0.04586942672729499 0.13551927 0.13851926 "" "" 0.2683494025440224 "" 0.036743275092458345 "" 1.0
