Clusters/ASCC_107/ASCC_107_stars_in_region.tsv
# %ECSV 1.0
# ---
# datatype:
# - name: RA_ICRS_1
#   unit: deg
#   datatype: float64
#   format: '{:15.11f}'
#   description: Right ascension (ICRS) at Ep=2016.0 (ra)
#   meta: !!omap
#   - {ucd: POS_EQ_RA_MAIN}
#   - {width: 15}
#   - {precision: '11'}
# - name: DE_ICRS_1
#   unit: deg
#   datatype: float64
#   format: '{:15.11f}'
#   description: Declination (ICRS) at Ep=2016.0 (dec)
#   meta: !!omap
#   - {ucd: POS_EQ_DEC_MAIN}
#   - {width: 15}
#   - {precision: '11'}
# - name: e_RA_ICRS
#   unit: mas
#   datatype: float64
#   format: '{:7.4f}'
#   description: Standard error of right ascension (ra_error)
#   meta: !!omap
#   - {ucd: ERROR}
#   - {width: 7}
#   - {precision: '4'}
# - name: e_DE_ICRS
#   unit: mas
#   datatype: float64
#   format: '{:7.4f}'
#   description: Standard error of declination (dec_error)
#   meta: !!omap
#   - {ucd: ERROR}
#   - {width: 7}
#   - {precision: '4'}
# - name: _r_1
#   unit: ''
#   datatype: float64
#   format: '{:7.4f}'
#   description: Distance from center (297.16230647000+22.00710607000)[ICRS], at Epoch=J2016.0
#   meta: !!omap
#   - {ucd: POS_ANG_DIST_GENERAL}
#   - {width: 7}
#   - {precision: '4'}
# - name: HIP
#   datatype: int32
#   description: '? HIP cross-id number, van Leeuwen, Cat. I/311 (hip_original_ext_source_id)'
#   meta: !!omap
#   - {ucd: ID_NUMBER}
#   - {width: 6}
#   - values: {'null': -2147483648}
# - name: TYC2
#   datatype: string
#   description: Tycho-2 cross-id name, Hog et al., Cat. I/259 (tyc2_original_ext_source_id)
#   meta: !!omap
#   - {ucd: ID_CROSSID}
#   - {_votable_string_dtype: char}
# - name: Source
#   datatype: int64
#   description: Source identifier, identical to the Gaia-EDR3 source_id (id)
#   meta: !!omap
#   - {ucd: ID_MAIN}
#   - {width: 19}
# - name: rgeo
#   unit: pc
#   datatype: float64
#   format: '{:15.8f}'
#   description: '? Median of the geometric distance posterior (r_med_geo)'
#   meta: !!omap
#   - {ucd: PHYS_DISTANCE_TRUE}
#   - {width: 15}
#   - {precision: '8'}
#   - values: {'null': .nan}
# - name: Plx
#   unit: mas
#   datatype: float64
#   format: '{:9.4f}'
#   description: '? Parallax (parallax)'
#   meta: !!omap
#   - {ucd: POS_PARLX_TRIG}
#   - {width: 9}
#   - {precision: '4'}
#   - values: {'null': .nan}
# - name: e_Plx
#   unit: mas
#   datatype: float32
#   format: '{:7.4f}'
#   description: '? Standard error of parallax (parallax_error)'
#   meta: !!omap
#   - {ucd: ERROR}
#   - {width: 7}
#   - {precision: '4'}
#   - values: {'null': .nan}
# - name: pmRA
#   unit: mas / yr
#   datatype: float64
#   format: '{:9.3f}'
#   description: '? Proper motion in right ascension direction, pmRA*cosDE (pmra)'
#   meta: !!omap
#   - {ucd: POS_EQ_PMRA}
#   - {width: 9}
#   - {precision: '3'}
#   - values: {'null': .nan}
# - name: pmDE
#   unit: mas / yr
#   datatype: float64
#   format: '{:9.3f}'
#   description: '? Proper motion in declination direction (pmdec)'
#   meta: !!omap
#   - {ucd: POS_EQ_PMDEC}
#   - {width: 9}
#   - {precision: '3'}
#   - values: {'null': .nan}
# - name: e_pmRA
#   unit: mas / yr
#   datatype: float32
#   format: '{:6.3f}'
#   description: '? Standard error of proper motion in right ascension direction (pmra_error)'
#   meta: !!omap
#   - {ucd: ERROR}
#   - {width: 6}
#   - {precision: '3'}
#   - values: {'null': .nan}
# - name: e_pmDE
[...]
#         value: !astropy.table.SerializedColumn {name: SkyCoord.dec}
#       distance: !astropy.table.SerializedColumn
#         __class__: astropy.coordinates.distances.Distance
#         unit: !astropy.units.Unit {unit: pc}
#         value: !astropy.table.SerializedColumn {name: SkyCoord.distance}
#       frame: icrs
#       obstime: !astropy.time.Time {format: jyear_str, in_subfmt: '*', jd1: 367701545.0, jd2: 0.0, out_subfmt: '*', precision: 3, scale: tt}
#       pm_dec: !astropy.table.SerializedColumn
#         __class__: astropy.units.quantity.Quantity
#         unit: !astropy.units.Unit {unit: mas / yr}
#         value: !astropy.table.SerializedColumn {name: SkyCoord.pm_dec}
#       pm_ra_cosdec: !astropy.table.SerializedColumn
#         __class__: astropy.units.quantity.Quantity
#         unit: !astropy.units.Unit {unit: mas / yr}
#         value: !astropy.table.SerializedColumn {name: SkyCoord.pm_ra_cosdec}
#       ra: !astropy.table.SerializedColumn
#         __class__: astropy.coordinates.angles.Longitude
#         unit: *id001
#         value: !astropy.table.SerializedColumn {name: SkyCoord.ra}
#         wrap_angle: !astropy.coordinates.Angle
#           unit: *id001
#           value: 360.0
#       representation_type: spherical
# schema: astropy-2.0
RA_ICRS_1 DE_ICRS_1 e_RA_ICRS e_DE_ICRS _r_1 HIP TYC2 Source rgeo Plx e_Plx pmRA pmDE e_pmRA e_pmDE RUWE Teff logg Gmag BP-RP BPmag RPmag RV e_RV b_rgeo B_rgeo FG e_FG FBP e_FBP FRP e_FRP RAVE5 RAVE6 e_Gmag e_BPmag e_RPmag e_BP-RP SkyCoord.ra SkyCoord.dec SkyCoord.distance SkyCoord.pm_ra_cosdec SkyCoord.pm_dec rmRA rmDE e_rmRA e_rmDE rRV e_rRV v_pec v_pec3d e_vpec e_vpec3d
[from data line 1089]
297.45123210868 22.23675632728 0.0219 0.0227 21.1604 "" "" 1827588681343950208 865.758728 1.1168 0.0313 -0.203 -6.079 0.031 0.032 0.985 5758.1 4.3832 15.598671 1.522309 16.298212 14.775903 "" "" 847.145325 892.233337 10851.21905 3.462 4131.7 8.4321 9745.3 9.8311 "" "" 0.002777009103750259 0.003562981 0.003934895 0.007497876 297.45123210868 22.23675632728 865.758728 -0.2029999999999994 -6.079000000000001 -0.011173909783363356 -0.9198694267272947 0.14451925 0.14551926 "" "" 3.7751433203928313 "" 0.5493554944591172 ""
297.58192066747 21.39970213532 0.0201 0.0226 43.3055 "" "" 1826726488089100544 842.6922 1.1541 0.0294 0.909 -1.437 0.028 0.03 0.941 5610.8 4.5059 15.598954 1.33153 16.180677 14.849148 "" "" 823.880859 860.018494 10848.38661 3.9181 4604.1 9.8719 9109.6 20.287 "" "" 0.0027830843701758317 0.0036338086 0.0044866567 0.008120465 297.58192066747 21.39970213532 842.6922 0.9090000000000001 -1.4369999999999992 1.1008260902166367 3.722130573272705 0.14151926 0.14351925 "" "" 15.504128710703203 "" 2.222662870698256 ""
297.59501211092 21.30782502017 0.0204 0.0217 48.4005 "" "" 1826721475909967488 971.179199 0.9912 0.0286 4.038 -4.682 0.029 0.029 0.911 5664.7 4.5108 15.603207 1.320788 16.179403 14.858615 "" "" 946.061829 1005.49255 10805.98101 3.2188 4609.5 9.0429 9030.5 14.163 "" "" 0.0027742357060480467 0.0035102593 0.0041452753 0.007655535 297.59501211092 21.30782502017 971.179199 4.038 -4.682 4.229826090216637 0.4771305732727047 0.14251927 0.14251927 "" "" 19.595024595009647 "" 2.792668511036014 ""
297.22751260452 21.63992733824 0.0198 0.0251 22.3281 "" "" 1827495600808456960 881.197021 1.1113 0.0307 -6.221 -7.363 0.028 0.033 0.969 5488.8 4.4823 15.605689 1.403463 16.235163 14.831699 "" "" 857.252502 906.981873 10781.29843 3.5208 4378.8 8.2077 9257.2 11.466 "" "" 0.002778039778891316 0.0034535162 0.004011509 0.0074650254 297.22751260452 21.63992733824 881.197021 -6.221000000000001 -7.363000000000008 -6.029173909783363 -2.2038694267272954 0.14151926 0.14651926 "" "" 26.8127906333437 "" 3.8105732264003094 ""
297.77443496048 22.56163303806 0.0188 0.0228 47.5599 "" "" 1827975876891242240 733.004578 1.3429 0.0303 -6.398 -14.919 0.022 0.033 0.993 "" "" 15.606233 1.4324 16.256783 14.824383 "" "" 714.634705 752.267883 10775.90155 2.6842 4292.4 6.3976 9319.8 9.7743 "" "" 0.002768561383051429 0.0032254811 0.0039471923 0.0071726735 297.77443496048 22.56163303806 733.004578 -6.398 -14.918999999999999 -6.206173909783363 -9.759869426727295 0.13551927 0.14651926 "" "" 40.18528603010157 "" 5.764119389193878 ""
297.17711150823 22.70373448218 0.0203 0.0235 41.8058 "" "" 1827807930814325632 811.306152 1.1899 0.0303 -0.309 -0.73 0.024 0.034 0.915 4998.2 4.3662 15.609067 1.40737 16.247133 14.839764 "" "" 792.338684 833.474609 10747.81393 2.6949 4330.8 8.4232 9188.7 9.3584 "" "" 0.0027687365838150245 0.0034991924 0.0039378284 0.0074370205 297.17711150823 22.70373448218 811.306152 -0.309 -0.73 -0.11717390978336334 4.429130573272705 0.13751926 0.14751926 "" "" 17.03858475331839 "" 2.513404294967966 ""
296.78368444295 22.32853630245 0.0223 0.0237 28.5402 "" "" 1827772196684338688 1016.07092 0.9522 0.0322 -0.612 -3.296 0.032 0.034 1.021 5565.8 4.1886 15.611804 1.721818 16.43486 14.713042 "" "" 982.202393 1051.37878 10720.75209 3.3836 3643.1 8.0338 10326.0 9.4481 "" "" 0.002776546991682118 0.0036766299 0.003907765 0.007584395 296.78368444295 22.32853630245 1016.07092 -0.612 -3.2960000000000003 -0.42017390978336333 1.8631305732727053 0.14551926 0.14751926 "" "" 9.198520302873476 "" 1.356074280635581 ""
297.4041746538 22.35666456626 0.0212 0.0228 24.9092 "" "" 1827602425240616832 972.490906 1.0011 0.0316 0.129 -5.757 0.031 0.033 0.947 5366.3 4.3068 15.613745 1.545378 16.330402 14.785025 "" "" 945.968201 1001.25836 10701.60642 3.7764 4011.0 7.5004 9663.8 13.883 "" "" 0.0027818308419766246 0.003450665 0.004088594 0.0075392593 297.4041746538 22.35666456626 972.490906 0.12900000000000023 -5.757 0.32082609021663666 -0.5978694267272946 0.14451925 0.14651926 "" "" 3.12766916853902 "" 0.45687265404794025 ""
296.81675022836 22.55077634598 0.0332 0.0415 37.8439 "" "" 1827788208323063808 743.025879 1.3211 0.0557 -2.507 -1.934 0.046 0.058 1.816 4990.7 4.3694 15.61794 1.451972 16.272491 14.820519 "" "" 714.29126 782.627563 10660.33372 3.804 4230.8 9.6713 9353.0 9.8729 "" "" 0.002782425548617647 0.003734293 0.003949335 0.007683628 296.81675022836 22.55077634598 743.025879 -2.5070000000000006 -1.9339999999999988 -2.3151739097833635 3.225130573272705 0.15951926 0.17151925 "" "" 13.98237739275351 "" 2.34253583320835 ""
296.5381066369 21.51873601218 0.0228 0.0241 45.4801 "" "" 1827423445350074624 937.458557 1.0384 0.0328 -5.17 -10.786 0.033 0.036 0.98 5713.2 4.3875 15.618294 1.493266 16.304998 14.811732 "" "" 908.299744 968.178223 10656.85905 3.3625 4106.0 7.7602 9429.0 12.643 "" "" 0.002776535243281561 0.0034634909 0.00405008 0.007513571 296.5381066369 21.51873601218 937.458557 -5.17 -10.786000000000012 -4.978173909783363 -5.6268694267272945 0.14651926 0.14951926 "" "" 33.384035234529335 "" 4.947833233518508 ""
297.36217485623 22.40919053027 0.0201 0.0231 26.5572 "" "" 1827609400267930112 780.007935 1.25 0.0311 -2.893 -0.939 0.026 0.034 1.006 4969.1 4.3637 15.621125 1.507961 16.298035 14.790073 "" "" 762.519104 798.415161 10629.10523 3.2022 4132.4 17.918 9619.0 27.205 "" "" 0.0027746678341451923 0.005472455 0.0048696175 0.010342073 297.36217485623 22.40919053027 780.007935 -2.892999999999999 -0.9390000000000001 -2.701173909783363 4.220130573272705 0.13951926 0.14751926 "" "" 18.52527923244327 "" 2.6906060780234324 ""
296.79959315964 21.7736373422 0.0207 0.0245 24.5766 "" "" 1827456460727371520 887.582336 1.1018 0.0304 0.738 -11.147 0.03 0.033 1.058 5360.4 4.455 15.625299 1.400667 16.258694 14.858026 "" "" 862.047852 916.760132 10588.31318 3.3317 4284.9 9.2101 9035.4 14.571 "" "" 0.0027764193577266426 0.0036374824 0.004165267 0.0078027495 296.79959315964 21.7736373422 887.582336 0.7380000000000004 -11.146999999999998 0.9298260902166366 -5.987869426727295 0.14351925 0.14651926 "" "" 25.493727675412167 "" 3.733539285730894 ""
296.35811819479 21.6518081039 0.0214 0.0242 49.6055 "" "" 1827440659580083456 980.469849 0.9846 0.0336 0.436 -3.605 0.034 0.035 0.997 5404.1 4.3365 15.625685 1.438703 16.276905 14.838202 "" "" 953.690918 1008.25122 10584.56056 5.254 4213.6 12.607 9201.9 9.5505 "" "" 0.002807534011237619 0.004282265 0.0039438 0.008226065 296.35811819479 21.6518081039 980.469849 0.4359999999999998 -3.6050000000000044 0.6278260902166366 1.554130573272705 0.14751926 0.14851926 "" "" 7.789796851752338 "" 1.1558451553853462 ""
297.21503144876 22.67834869936 0.0186 0.0232 40.3807 "" "" 1827806934381888768 915.11676 1.0597 0.0301 -0.244 5.811 0.021 0.032 1.009 5659.3 4.4722 15.632728 1.400608 16.262287 14.861679 "" "" 891.563293 938.346741 10516.1271 2.5468 4270.7 6.4755 9005.1 7.7962 "" "" 0.0027678383189948014 0.0032396328 0.0038945205 0.0071341535 297.21503144876 22.67834869936 915.11676 -0.24399999999999988 5.811 -0.05217390978336334 10.970130573272705 0.13451926 0.14551926 "" "" 47.58516281211155 "" 6.924546125087208 ""
296.33604095686 22.14769045513 0.0205 0.0217 46.7088 "" "" 1827680593618284160 863.934631 1.1227 0.029 1.485 -0.007 0.028 0.03 0.972 5710.4 4.3897 15.635653 1.487853 16.319098 14.831244 "" "" 842.67627 889.465942 10487.83446 3.5235 4053.0 8.9438 9261.1 10.307 "" "" 0.0027793601167481648 0.003677691 0.0039678514 0.0076455427 296.33604095686 22.14769045513 863.934631 1.4849999999999999 -0.007000000000000255 1.6768260902166368 5.152130573272705 0.14151926 0.14351925 "" "" 22.187537687155533 "" 3.1801154021655393 ""
296.60098681805 22.38240019727 0.0213 0.0218 38.4638 "" "" 1827779549668624256 917.228027 1.058 0.0311 0.175 3.886 0.03 0.029 1.015 5475.4 4.2471 15.637998 1.622623 16.400396 14.777773 "" "" 889.191528 945.686279 10465.202 3.1146 3760.6 7.3744 9728.6 9.909 "" "" 0.0027742031660392607 0.0035097105 0.003937851 0.0074475617 296.60098681805 22.38240019727 917.228027 0.17499999999999927 3.886000000000002 0.36682609021663665 9.045130573272704 0.14351925 0.14251927 "" "" 39.35748611966891 "" 5.609264861373661 ""
296.93092326138 22.18636487206 0.0212 0.0212 16.7674 "" "" 1827578850117494656 959.844727 1.0056 0.0291 8.36 -5.893 0.029 0.028 1.02 5546.1 4.2001 15.63832 1.692455 16.444178 14.751722 "" "" 932.970459 987.133606 10462.09416 3.301 3612.0 7.8115 9964.8 13.299 "" "" 0.00277653464353645 0.003646708 0.0040476397 0.0076943478 296.93092326138 22.18636487206 959.844727 8.360000000000003 -5.893000000000002 8.551826090216636 -0.7338694267272947 0.14251927 0.14151926 "" "" 39.050933594216886 "" 5.565225890373775 ""
296.869963359 21.71799481665 0.0207 0.0245 23.789 "" "" 1827455090671146496 895.104248 1.0842 0.0316 -0.621 -5.282 0.03 0.034 1.049 4822.5 4.1963 15.640316 1.543386 16.355997 14.812612 "" "" 867.303101 922.634888 10442.87884 7.1492 3917.6 14.301 9421.4 19.281 "" "" 0.0028538180797676015 0.004847038 0.004384163 0.0092312 296.869963359 21.71799481665 895.104248 -0.6209999999999996 -5.282 -0.42917390978336334 -0.12286942672729495 0.14351925 0.14751926 "" "" 1.89405069167066 "" 0.27241404853451767 ""
297.38351583269 22.66227666243 0.02 0.0222 41.1827 "" "" 1827804597919831552 963.805237 1.0123 0.0306 1.589 -6.488 0.022 0.03 0.979 5536.6 4.3637 15.643485 1.446921 16.2949 14.84798 "" "" 937.781067 998.371948 10412.4469 2.6817 4144.4 7.7575 9119.4 13.989 "" "" 0.0027694731627701977 0.0034518442 0.004130087 0.007581931 297.38351583269 22.66227666243 963.805237 1.5890000000000004 -6.488000000000001 1.7808260902166366 -1.3288694267272954 0.13551927 0.14351925 "" "" 10.151016780735016 "" 1.4052430792681025 ""
297.15594211444 22.19085758304 0.027 0.0311 11.0308 "" "" 1827576895947406592 779.444702 1.2487 0.0403 1.796 -5.074 0.039 0.041 1.214 4960.5 4.2864 15.643729 1.670799 16.425367 14.754568 "" "" 754.954163 807.594177 10410.0999 5.6157 3675.1 9.1348 9938.7 10.535 "" "" 0.002816883179853526 0.0038817541 0.0039507276 0.0078324815 297.15594211444 22.19085758304 779.444702 1.7960000000000005 -5.073999999999999 1.9878260902166367 0.08513057327270523 0.15251926 0.15451926 "" "" 7.35089017969258 "" 1.1211793910660146 ""
297.64749290754 21.4618447297 0.0211 0.0225 42.4448 "" "" 1826727179626624384 826.997253 1.1789 0.0294 1.012 -6.093 0.028 0.03 1.002 5537.5 4.4164 15.643859 1.518937 16.338219 14.819282 "" "" 809.029724 846.391907 10408.85961 3.4809 3982.3 8.6873 9363.7 11.002 "" "" 0.002779140657218755 0.0036599024 0.0039888765 0.007648779 297.64749290754 21.4618447297 826.997253 1.012 -6.093 1.2038260902166367 -0.9338694267272949 0.14151926 0.14351925 "" "" 5.972400457960192 "" 0.8497170230618113 ""
297.29790353437 21.62987331576 0.0214 0.0266 23.8609 "" "" 1827494844894087936 794.93103 1.2263 0.0327 -3.259 -7.831 0.03 0.037 1.02 4980.6 4.3618 15.645241 1.460221 16.310017 14.849795 "" "" 771.793213 821.586609 10395.6215 4.455 4087.1 8.1967 9104.2 10.094 "" "" 0.0027943303362763963 0.003539256 0.00396646 0.007505716 297.29790353437 21.62987331576 794.93103 -3.259000000000003 -7.831000000000001 -3.0671739097833632 -2.6718694267272953 0.14351925 0.15051925 "" "" 15.32710394172043 "" 2.2466526610180164 ""
296.84154766488 22.72875922067 0.0263 0.0302 46.8141 "" "" 1827818307456108416 807.445862 1.212 0.0454 -15.95 -23.134 0.03 0.044 1.405 5333.6 4.4019 15.646624 1.329907 16.236519 14.906612 "" "" 773.741943 832.803101 10382.39351 2.3998 4373.3 8.5853 8640.0 9.1262 "" "" 0.0027667254234799363 0.0035111296 0.0039495514 0.007460681 296.84154766488 22.72875922067 807.445862 -15.950000000000003 -23.134 -15.758173909783363 -17.974869426727295 0.14351925 0.15751925 "" "" 91.4888026979411 "" 13.869172575427061 ""
297.34686150925 21.89000438331 0.0209 0.0246 12.444 "" "" 1827508760553082880 712.136536 1.3766 0.0326 1.532 -21.961 0.029 0.035 0.947 5377.3 4.5422 15.646903 1.484332 16.315842 14.83151 "" "" 695.345581 728.54071 10379.71803 3.5734 4065.2 9.1921 9258.8 13.557 "" "" 0.0027805581579903277 0.0037164807 0.0041001323 0.007816613 297.34686150925 21.89000438331 712.136536 1.5320000000000005 -21.961 1.7238260902166367 -16.801869426727293 0.14251927 0.14851926 "" "" 57.0128831749315 "" 8.464019362293335 ""
297.09802368058 22.60329626911 0.0196 0.024 35.949 "" "" 1827800474750726656 763.367554 1.2745 0.0323 1.011 -3.325 0.024 0.034 0.901 5178.8 4.4639 15.646907 1.444573 16.306112 14.861539 "" "" 746.409058 780.745544 10379.67936 3.1871 4101.8 8.89 9006.2 10.196 "" "" 0.0027754152543024322 0.0036499884 0.0039742407 0.0076242294 297.09802368058 22.60329626911 763.367554 1.0110000000000001 -3.3249999999999993 1.2028260902166366 1.834130573272705 0.13751926 0.14751926 "" "" 7.936368844110412 "" 1.1474770037556539 ""
297.26361239365 22.31792615511 0.0313 0.0401 19.4803 "" "" 1827601325711901568 994.714111 0.9793 0.0491 7.764 -9.765 0.044 0.06 1.276 "" "" 15.648396 1.587624 16.168945 14.581322 "" "" 949.696899 1036.70117 10365.45579 6.1754 4654.1 15.591 11658.0 41.562 "" "" 0.002830229552641265 0.0045841015 0.005409856 0.009993957 297.26361239365 22.31792615511 994.714111 7.764000000000002 -9.765 7.955826090216637 -4.6058694267272955 0.15751925 0.17351925 "" "" 43.34396338623977 "" 7.008050685906664 ""
297.39533385961 22.6296050555 0.0186 0.0219 39.5261 "" "" 1827616817623862016 964.659546 0.995 0.0299 -6.201 -7.654 0.021 0.029 0.938 5602.9 4.339 15.649474 1.43913 16.301468 14.862338 "" "" 935.820374 992.598694 10355.16753 2.8197 4119.4 7.2268 8999.6 8.3521 "" "" 0.0027711360818847316 0.003378327 0.003911397 0.007289724 297.39533385961 22.6296050555 964.659546 -6.201000000000002 -7.654000000000006 -6.009173909783363 -2.494869426727295 0.13451926 0.14251927 "" "" 29.750882575574845 "" 4.037940371837709 ""
296.98307623605 21.20551690347 0.0838 0.0949 49.1236 "" "" 1827375650960309376 975.665222 1.0551 0.1303 -2.704 -5.251 0.128 0.144 4.504 "" "" 15.649898 1.209128 16.04915 14.840022 "" "" 858.386658 1115.00732 10351.12567 11.853 5197.1 12.562 9186.5 14.718 "" "" 0.003022830858068526 0.0038304396 0.004160477 0.007990916 296.98307623605 21.20551690347 975.665222 -2.7039999999999997 -5.251000000000001 -2.5121739097833635 -0.09186942672729526 0.24151927 0.25751925 "" "" 11.625698972517025 "" 2.8080870012236767 ""
296.70620883325 21.39911429987 0.0222 0.0222 44.466 "" "" 1827441174976428032 907.145203 1.0706 0.033 4.467 2.58 0.034 0.033 0.971 5490.6 4.3862 15.652003 1.354552 16.256824 14.902272 "" "" 878.10376 934.216675 10331.07077 3.2424 4292.3 6.5331 8674.6 8.4679 "" "" 0.002776311426655086 0.0032428314 0.00392518 0.0071680117 296.70620883325 21.39911429987 907.145203 4.466999999999993 2.58 4.658826090216636 7.739130573272705 0.14751926 0.14651926 "" "" 38.84159386495299 "" 5.701398957810055 ""
297.08337022368 21.38790037535 0.021 0.022 37.4121 "" "" 1827385374767182080 1002.58435 0.9678 0.0313 -0.225 -9.707 0.029 0.031 0.971 5814.2 4.406 15.653064 1.33777 16.245182 14.907412 "" "" 970.219421 1034.25537 10320.98659 3.3092 4338.5 7.462 8633.6 9.192 "" "" 0.002777224395067611 0.0033574204 0.0039522103 0.0073096305 297.08337022368 21.38790037535 1002.58435 -0.2249999999999981 -9.707 -0.03317390978336335 -4.547869426727296 0.14251927 0.14451925 "" "" 21.613186634814618 "" 3.1235193372995216 ""
296.99689072304 21.99798331271 0.0215 0.0223 9.2183 "" "" 1827566897263052160 757.381226 1.2855 0.0307 -0.657 -0.261 0.028 0.028 0.997 4599.2 4.1948 15.654977 1.668551 16.451887 14.783336 "" "" 742.980286 772.15979 10302.82206 3.3483 3586.4 7.8668 9678.9 8.9322 "" "" 0.002777821783710918 0.0036683693 0.0039099464 0.0075783157 296.99689072304 21.99798331271 757.381226 -0.657 -0.261 -0.46517390978336337 4.898130573272705 0.14151926 0.14151926 "" "" 17.663345316962644 "" 2.499703618201936 ""
