Clusters/NGC_433/NGC_433_members.tsv
# %ECSV 1.0
# ---
# datatype:
# - name: RA_ICRS_1
#   unit: deg
#   datatype: float64
#   format: '{:15.11f}'
#   description: Right ascension (ICRS) at Ep=2016.0 (ra)
#   meta: !!omap
#   - {ucd: POS_EQ_RA_MAIN}
#   - {width: 15}
#   - {precision: '11'}
# - name: DE_ICRS_1
#   unit: deg
#   datatype: float64
#   format: '{:15.11f}'
#   description: Declination (ICRS) at Ep=2016.0 (dec)
#   meta: !!omap
#   - {ucd: POS_EQ_DEC_MAIN}
#   - {width: 15}
#   - {precision: '11'}
# - name: e_RA_ICRS
#   unit: mas
#   datatype: float64
#   format: '{:7.4f}'
#   description: Standard error of right ascension (ra_error)
#   meta: !!omap
#   - {ucd: ERROR}
#   - {width: 7}
#   - {precision: '4'}
# - name: e_DE_ICRS
#   unit: mas
#   datatype: float64
#   format: '{:7.4f}'
#   description: Standard error of declination (dec_error)
#   meta: !!omap
#   - {ucd: ERROR}
#   - {width: 7}
#   - {precision: '4'}
# - name: _r_1
#   unit: ''
#   datatype: float64
#   format: '{:7.4f}'
#   description: Distance from center (018.79291689000+60.13210061000)[ICRS], at Epoch=J2016.0
#   meta: !!omap
#   - {ucd: POS_ANG_DIST_GENERAL}
#   - {width: 7}
#   - {precision: '4'}
# - name: HIP
#   datatype: int32
#   description: '? HIP cross-id number, van Leeuwen, Cat. I/311 (hip_original_ext_source_id)'
#   meta: !!omap
#   - {ucd: ID_NUMBER}
#   - {width: 6}
#   - values: {'null': -2147483648}
# - name: TYC2
#   datatype: string
#   description: Tycho-2 cross-id name, Hog et al., Cat. I/259 (tyc2_original_ext_source_id)
#   meta: !!omap
#   - {ucd: ID_CROSSID}
#   - {_votable_string_dtype: char}
# - name: Source
#   datatype: int64
#   description: Source identifier, identical to the Gaia-EDR3 source_id (id)
#   meta: !!omap
#   - {ucd: ID_MAIN}
#   - {width: 19}
# - name: rgeo
#   unit: pc
#   datatype: float64
#   format: '{:15.8f}'
#   description: '? Median of the geometric distance posterior (r_med_geo)'
#   meta: !!omap
#   - {ucd: PHYS_DISTANCE_TRUE}
#   - {width: 15}
#   - {precision: '8'}
#   - values: {'null': .nan}
# - name: Plx
#   unit: mas
#   datatype: float64
#   format: '{:9.4f}'
#   description: '? Parallax (parallax)'
#   meta: !!omap
#   - {ucd: POS_PARLX_TRIG}
#   - {width: 9}
#   - {precision: '4'}
#   - values: {'null': .nan}
# - name: e_Plx
#   unit: mas
#   datatype: float32
#   format: '{:7.4f}'
#   description: '? Standard error of parallax (parallax_error)'
#   meta: !!omap
#   - {ucd: ERROR}
#   - {width: 7}
#   - {precision: '4'}
#   - values: {'null': .nan}
# - name: pmRA
#   unit: mas / yr
#   datatype: float64
#   format: '{:9.3f}'
#   description: '? Proper motion in right ascension direction, pmRA*cosDE (pmra)'
#   meta: !!omap
#   - {ucd: POS_EQ_PMRA}
#   - {width: 9}
#   - {precision: '3'}
#   - values: {'null': .nan}
# - name: pmDE
#   unit: mas / yr
#   datatype: float64
#   format: '{:9.3f}'
#   description: '? Proper motion in declination direction (pmdec)'
#   meta: !!omap
#   - {ucd: POS_EQ_PMDEC}
#   - {width: 9}
#   - {precision: '3'}
#   - values: {'null': .nan}
# - name: e_pmRA
#   unit: mas / yr
#   datatype: float32
#   format: '{:6.3f}'
#   description: '? Standard error of proper motion in right ascension direction (pmra_error)'
#   meta: !!omap
#   - {ucd: ERROR}
#   - {width: 6}
#   - {precision: '3'}
#   - values: {'null': .nan}
# - name: e_pmDE
[...]
#         unit: &id001 !astropy.units.Unit {unit: deg}
#         value: !astropy.table.SerializedColumn {name: SkyCoord.dec}
#       distance: !astropy.table.SerializedColumn
#         __class__: astropy.coordinates.distances.Distance
#         unit: !astropy.units.Unit {unit: pc}
#         value: !astropy.table.SerializedColumn {name: SkyCoord.distance}
#       frame: icrs
#       obstime: !astropy.time.Time {format: jyear_str, in_subfmt: '*', jd1: 367701545.0, jd2: 0.0, out_subfmt: '*', precision: 3, scale: tt}
#       pm_dec: !astropy.table.SerializedColumn
#         __class__: astropy.units.quantity.Quantity
#         unit: !astropy.units.Unit {unit: mas / yr}
#         value: !astropy.table.SerializedColumn {name: SkyCoord.pm_dec}
#       pm_ra_cosdec: !astropy.table.SerializedColumn
#         __class__: astropy.units.quantity.Quantity
#         unit: !astropy.units.Unit {unit: mas / yr}
#         value: !astropy.table.SerializedColumn {name: SkyCoord.pm_ra_cosdec}
#       ra: !astropy.table.SerializedColumn
#         __class__: astropy.coordinates.angles.Longitude
#         unit: *id001
#         value: !astropy.table.SerializedColumn {name: SkyCoord.ra}
#         wrap_angle: !astropy.coordinates.Angle
#           unit: *id001
#           value: 360.0
#       representation_type: spherical
# schema: astropy-2.0
RA_ICRS_1 DE_ICRS_1 e_RA_ICRS e_DE_ICRS _r_1 HIP TYC2 Source rgeo Plx e_Plx pmRA pmDE e_pmRA e_pmDE RUWE Teff logg Gmag BP-RP BPmag RPmag RV e_RV b_rgeo B_rgeo FG e_FG FBP e_FBP FRP e_FRP RAVE5 RAVE6 e_Gmag e_BPmag e_RPmag e_BP-RP SkyCoord.ra SkyCoord.dec SkyCoord.distance SkyCoord.pm_ra_cosdec SkyCoord.pm_dec Pmemb
18.79583006053 60.13685442805 0.0084 0.0103 0.2982 "" 4030-535-1 510385742779119616 1976.01367 0.4762 0.0147 -1.525 -0.906 0.011 0.013 0.943 "" "" 8.753914 1.583272 9.484573 7.901301 -38.22 0.13 1930.2605 2024.82056 5934458.49737 1173.8 2195800.0 930.01 5478200.0 1373.5 "" "" 0.0027636765092770594 0.0028278106 0.0037891725 0.006616983 18.79583006053 60.13685442805 1976.01367 -1.525 -0.9059999999999998 0.9
18.72316939892 60.09466176621 0.0105 0.0128 3.065 "" 4030-255-1 414308733116745216 2143.7251 0.4228 0.0178 -1.404 -0.793 0.014 0.017 1.113 12176.3 3.5446 11.507989 0.780471 11.809341 11.028871 "" "" 2064.36694 2234.25806 469624.76425 114.85 258040.0 103.35 307330.0 79.943 "" "" 0.0027680846383358916 0.0028238539 0.0037899194 0.0066137733 18.72316939892 60.09466176621 2143.7251 -1.404 -0.7929999999999999 0.8
18.76990668016 60.1144345003 0.0093 0.0107 1.2635 "" "" 510385601033773824 2041.30127 0.4538 0.0147 -1.539 -0.879 0.012 0.013 1.117 "" "" 11.965289 0.799854 12.273274 11.47342 "" "" 1986.87048 2094.09351 308198.82962 101.45 168310.0 130.43 204080.0 124.53 "" "" 0.0027784021933821602 0.0029142695 0.0038370115 0.006751281 18.76990668016 60.1144345003 2041.30127 -1.5389999999999997 -0.879 0.9
18.78669557875 60.12718486005 0.0103 0.0122 0.3486 "" "" 510385639699908608 1831.37598 0.5248 0.0167 -1.433 -0.841 0.013 0.016 1.13 "" "" 12.96356 0.967454 13.353134 12.38568 "" "" 1781.83374 1883.70996 122891.72122 20.02 62253.0 32.161 88082.0 28.795 "" "" 0.0027609915014387663 0.0028459916 0.0037960124 0.006642004 18.78669557875 60.12718486005 1831.37598 -1.4330000000000003 -0.8409999999999997 0.8
18.79074622922 60.15182424793 0.0078 0.0092 1.1852 "" "" 510385777138852224 1994.047 0.4685 0.0126 -1.403 -0.639 0.01 0.013 0.989 "" "" 13.381857 1.027865 13.799478 12.771612 "" "" 1945.75269 2049.14771 83599.57786 11.837 41269.0 31.604 61732.0 19.399 "" "" 0.002759605528051465 0.0029114217 0.0037947511 0.0067061726 18.79074622922 60.15182424793 1994.047 -1.4030000000000005 -0.6389999999999999 0.9
18.77625371773 60.1153959175 0.0083 0.0091 1.1192 "" "" 510385605340175232 1880.92981 0.4994 0.0127 -1.432 -0.787 0.011 0.012 0.966 11773.2 3.8205 13.399541 0.951905 13.780846 12.82894 "" "" 1835.75 1923.34595 82248.97059 12.727 41983.0 24.46 58557.0 26.951 "" "" 0.0027604374255681863 0.002860977 0.003812275 0.006673252 18.77625371773 60.1153959175 1880.92981 -1.432 -0.7870000000000001 0.9
18.79707886858 60.11760421283 0.0079 0.0096 0.8786 "" "" 510384883785668992 1972.16199 0.4775 0.0134 -1.454 -0.819 0.01 0.012 1.003 "" "" 13.480701 0.987927 13.879807 12.891879 "" "" 1924.77783 2029.44897 76324.86803 10.406 38326.0 32.338 55259.0 14.524 "" "" 0.0027592936619470344 0.0029367143 0.0037901402 0.0067268545 18.79707886858 60.11760421283 1972.16199 -1.4540000000000002 -0.8189999999999998 1.0
18.6709152981 60.11914254493 0.0086 0.0099 3.7281 "" "" 414309007994629888 1990.32166 0.477 0.0137 -1.339 -0.753 0.011 0.013 0.965 10989.2 4.0717 13.726282 0.837765 14.054061 13.216296 "" "" 1937.34473 2055.57251 60874.28225 8.7581 32643.0 16.503 40986.0 15.043 "" "" 0.0027597445558377553 0.0028436498 0.0038003323 0.006643982 18.6709152981 60.11914254493 1990.32166 -1.339 -0.753 0.8
18.77837164547 60.15565689331 0.0088 0.0106 1.4786 "" "" 510385777138850048 1878.82092 0.4965 0.0152 -1.444 -0.786 0.012 0.014 1.005 "" "" 13.788998 1.187653 14.288696 13.101043 "" "" 1833.65405 1927.56165 57457.60657 10.36 26299.0 18.555 45577.0 19.937 "" "" 0.002762266025826996 0.002893415 0.0038091068 0.006702522 18.77837164547 60.15565689331 1878.82092 -1.444 -0.7860000000000001 0.9
18.87261575719 60.14962428722 0.0108 0.0122 2.6026 "" "" 510385364822027136 2120.77563 0.4374 0.0172 -1.452 -0.712 0.014 0.016 1.004 "" "" 14.177296 1.001563 14.579503 13.57794 "" "" 2044.11731 2180.72388 40181.70801 6.4915 20119.0 18.853 29375.0 25.69 "" "" 0.002760897711914043 0.0029698794 0.0038968374 0.006866717 18.87261575719 60.14962428722 2120.77563 -1.452 -0.7120000000000001 0.9
18.68537569388 60.12825519252 0.0106 0.0125 3.2218 "" "" 414309111073837312 1962.15308 0.4812 0.0173 -1.347 -0.839 0.014 0.016 0.99 "" "" 14.39675 0.855073 14.733929 13.878856 "" "" 1888.30603 2030.32898 32828.15458 6.0783 17452.0 12.213 22265.0 11.943 "" "" 0.002762644076973067 0.002891773 0.003823991 0.006715764 18.68537569388 60.12825519252 1962.15308 -1.347 -0.8390000000000003 1.0
18.80150071112 60.11379575026 0.0107 0.0131 1.1279 "" "" 510384879479946368 2058.6936 0.4527 0.0183 -1.46 -0.798 0.014 0.017 0.986 "" "" 14.398614 0.950477 14.779853 13.829376 "" "" 1973.50818 2135.74951 32771.85782 5.0816 16729.0 17.194 23303.0 12.563 "" "" 0.002760458750607253 0.0030050483 0.0038244408 0.006829489 18.80150071112 60.11379575026 2058.6936 -1.4600000000000004 -0.7980000000000003 1.0
18.76227040125 60.11161288335 0.0119 0.0138 1.533 "" "" 510385601041010816 2078.21436 0.4481 0.0187 -1.504 -0.713 0.015 0.017 1.098 10501.6 3.9585 14.453146 0.978447 14.778912 13.800465 "" "" 2005.6792 2161.96704 31166.51199 8.9252 16744.0 79.208 23932.0 141.3 "" "" 0.002772807793094297 0.005845054 0.007441599 0.013286653 18.76227040125 60.11161288335 2078.21436 -1.504 -0.7129999999999999 0.8
18.70948330044 60.16559335035 0.0113 0.013 3.2011 "" "" 510386086376488704 2063.06104 0.4525 0.0183 -1.541 -0.878 0.014 0.017 0.984 9512.8 3.7404 14.483102 0.932295 14.855021 13.922727 "" "" 1982.85059 2151.16406 30318.36883 5.2016 15610.0 17.758 21383.0 13.106 "" "" 0.002761609660671385 0.0030513299 0.0038375217 0.0068888515 18.70948330044 60.16559335035 2063.06104 -1.541 -0.8779999999999999 1.0
18.67331465947 60.11665119716 0.0112 0.0134 3.6928 "" "" 414309007994632576 2034.29871 0.4671 0.0183 -1.409 -0.945 0.014 0.017 1.005 7444.3 4.0962 14.577402 0.892072 14.932816 14.040745 "" "" 1955.37305 2127.94385 27796.2238 4.7501 14531.0 10.818 19181.0 12.36 "" "" 0.0027615602623865874 0.0029048936 0.003843594 0.0067484877 18.67331465947 60.11665119716 2034.29871 -1.409 -0.9449999999999998 1.0
18.73267460549 60.15330169167 0.0123 0.0139 2.2037 "" "" 510386017657018880 1917.2804 0.4992 0.0197 -1.388 -0.828 0.016 0.018 1.029 9228.5 3.8648 14.619434 1.123974 15.063347 13.939373 "" "" 1838.80615 1988.9845 26740.70754 4.6888 12885.0 24.014 21058.0 98.434 "" "" 0.0027618893123887264 0.003446683 0.006327818 0.009774501 18.73267460549 60.15330169167 1917.2804 -1.388 -0.8279999999999998 1.0
18.95791202716 60.14011651327 0.0123 0.0142 4.9529 "" "" 510338291978104576 2019.84363 0.4652 0.0203 -1.521 -0.759 0.016 0.019 0.956 9222.7 3.9529 14.720418 0.913057 15.086343 14.173286 "" "" 1934.24341 2095.948 24365.74462 4.2609 12615.0 10.073 16976.0 15.589 "" "" 0.0027618541405618788 0.002921756 0.003908681 0.006830437 18.95791202716 60.14011651327 2019.84363 -1.521 -0.7590000000000001 0.8
18.83308490739 60.12189342214 0.0135 0.0162 1.3476 "" "" 510384918145406720 1927.96899 0.4874 0.0216 -1.511 -0.859 0.017 0.022 1.088 9424.1 3.7032 14.748297 1.125539 15.219692 14.094153 "" "" 1850.39612 2005.4729 23748.05817 4.7569 11157.0 13.852 18260.0 12.052 "" "" 0.0027638898579740922 0.0030987333 0.0038467203 0.0069454536 18.83308490739 60.12189342214 1927.96899 -1.511 -0.8589999999999999 0.9
18.79037854829 60.20726510047 0.0125 0.0145 4.5105 "" "" 510386395614112896 1959.53418 0.4808 0.0202 -1.487 -0.763 0.016 0.019 0.977 9343.4 3.8463 14.759213 0.867493 15.101814 14.234322 "" "" 1885.75085 2027.25647 23510.49265 4.2707 12436.0 11.141 16048.0 11.878 "" "" 0.0027623698237496793 0.0029548511 0.0038638737 0.006818725 18.79037854829 60.20726510047 1959.53418 -1.487 -0.7629999999999999 0.9
18.79861352755 60.22088107317 0.013 0.0155 5.3295 "" "" 510387873082856960 1850.60425 0.5125 0.021 -1.449 -0.791 0.016 0.02 1.075 "" "" 14.777863 0.90733 15.143876 14.236546 "" "" 1792.6825 1920.23755 23110.10332 4.5581 11964.0 15.268 16015.0 19.138 "" "" 0.0027636293406459035 0.0031152633 0.003995889 0.007111152 18.79861352755 60.22088107317 1850.60425 -1.449 -0.7910000000000001 0.9
18.6782464473 60.20511154021 0.0138 0.0153 5.5591 "" "" 510389075673705216 2040.22827 0.4593 0.0217 -1.427 -0.773 0.018 0.02 1.04 9413.2 4.1381 14.926837 0.927673 15.297702 14.370029 "" "" 1961.40637 2115.54517 20147.07364 4.6063 10383.0 14.844 14163.0 10.122 "" "" 0.0027664797945153446 0.0031928709 0.0038582159 0.007051087 18.6782464473 60.20511154021 2040.22827 -1.4269999999999996 -0.7729999999999999 1.0
18.8213084626 60.12425879615 0.0133 0.016 0.9702 "" "" 510384986864882816 1994.19299 0.4723 0.0225 -1.558 -0.852 0.017 0.02 1.001 7486.3 3.5597 14.938829 1.20784 15.400332 14.192492 "" "" 1920.57458 2071.40503 19925.77071 4.3355 9446.8 54.184 16679.0 118.96 "" "" 0.002765428977132357 0.006823947 0.008616872 0.01544082 18.8213084626 60.12425879615 1994.19299 -1.558 -0.8519999999999999 0.9
18.57176953486 60.06794191327 0.0135 0.0154 7.653 "" "" 414309970067347200 1900.22095 0.487 0.0221 -1.436 -0.945 0.017 0.019 1.008 7359.0 4.0073 14.981487 1.235417 15.516273 14.280855 "" "" 1818.48364 1979.17969 19158.06764 3.5174 8490.0 7.9488 15375.0 10.959 "" "" 0.002762521641769882 0.0029695742 0.003857802 0.006827376 18.57176953486 60.06794191327 1900.22095 -1.4359999999999997 -0.9450000000000001 0.8
18.61670135713 60.09083443819 0.0142 0.0164 5.8214 "" "" 414311516255553792 1981.72375 0.4773 0.0225 -1.508 -0.812 0.018 0.021 0.972 9762.5 4.4996 15.001494 0.871965 15.340391 14.468426 "" "" 1878.8429 2065.76514 18808.27191 4.1227 9983.0 12.692 12936.0 16.629 "" "" 0.0027655791878778936 0.0031129487 0.004028857 0.007141806 18.61670135713 60.09083443819 1981.72375 -1.508 -0.812 1.0
18.81541277514 60.09318584343 0.0139 0.0173 2.4298 "" "" 510384780706461824 1871.89258 0.5062 0.0232 -1.478 -0.736 0.018 0.023 0.982 8966.3 4.2637 15.129212 0.983597 15.5313 14.547703 "" "" 1791.47571 1958.1272 16720.97603 3.3714 8373.3 10.031 12025.0 10.449 "" "" 0.002764003006138773 0.0030784456 0.0038953568 0.006973802 18.81541277514 60.09318584343 1871.89258 -1.4780000000000002 -0.7359999999999999 0.9
18.8430812191 60.17094073737 0.0158 0.0185 2.7704 "" "" 510385536620673792 2010.19543 0.472 0.0256 -1.493 -0.654 0.02 0.024 1.013 8359.9 3.5799 15.166972 1.348711 15.761756 14.413045 "" "" 1900.40356 2116.16943 16149.45398 3.942 6772.0 11.419 13613.0 11.672 "" "" 0.0027680365651977165 0.0033371833 0.0038923454 0.0072295284 18.8430812191 60.17094073737 2010.19543 -1.4929999999999999 -0.6539999999999999 1.0
18.73003442289 60.13327184615 0.0147 0.0179 1.8802 "" "" 510385674059644160 2062.94751 0.4556 0.024 -1.43 -0.688 0.019 0.024 0.997 9252.3 4.0227 15.193864 1.060242 15.632798 14.572556 "" "" 1976.4845 2157.17627 15754.38195 3.1412 7626.0 7.9312 11753.0 10.712 "" "" 0.0027638113465838867 0.0030100024 0.0039067855 0.006916788 18.73003442289 60.13327184615 2062.94751 -1.4300000000000002 -0.6880000000000002 0.8
18.80775919461 60.12644388593 0.0153 0.0186 0.5585 "" "" 510384986864880640 2136.3418 0.4376 0.0261 -1.289 -0.654 0.021 0.023 1.027 8919.2 4.1533 15.256499 1.369474 15.856104 14.486629 "" "" 2001.66943 2295.75513 14871.24019 3.4316 6208.3 13.626 12721.0 19.591 "" "" 0.002766687322753631 0.0036692822 0.0041327486 0.007802031 18.80775919461 60.12644388593 2136.3418 -1.2889999999999997 -0.6540000000000001 0.8
18.96243158397 60.15593875559 0.0156 0.0179 5.2614 "" "" 510339769446849024 1941.13257 0.483 0.0253 -1.417 -0.846 0.02 0.023 1.003 "" "" 15.287456 1.31466 15.863765 14.549105 "" "" 1863.052 2046.49023 14453.21681 3.0937 6164.7 10.756 12009.0 9.9659 "" "" 0.002765103907885639 0.0033724855 0.0038853008 0.0072577866 18.96243158397 60.15593875559 1941.13257 -1.417 -0.8460000000000001 0.8
18.78109187559 60.11953033055 0.0169 0.0189 0.8329 "" "" 510385635394203776 1894.66907 0.497 0.0264 -1.532 -0.928 0.021 0.024 1.018 9199.3 4.0313 15.293716 1.289516 15.852089 14.562573 "" "" 1803.55859 2006.14807 14370.11697 3.3582 6231.3 10.331 11861.0 11.914 "" "" 0.002766978125928707 0.0033204337 0.003933587 0.007254021 18.78109187559 60.11953033055 1894.66907 -1.532 -0.9279999999999998 1.0
18.72196445984 60.18236361798 0.0154 0.0179 3.6855 "" "" 510386120736218368 2085.55591 0.4512 0.0249 -1.431 -0.781 0.02 0.023 1.041 "" "" 15.298598 1.059948 15.737186 14.677238 "" "" 1983.44824 2179.98804 14305.64074 3.0738 6927.0 8.0496 10672.0 11.748 "" "" 0.0027651786099012923 0.003062175 0.0039638667 0.007026042 18.72196445984 60.18236361798 2085.55591 -1.4309999999999996 -0.7810000000000001 0.9
18.77537155182 60.09736656289 0.0165 0.0198 2.149 "" "" 414308045921976192 1844.58838 0.5118 0.0271 -1.312 -0.791 0.021 0.025 1.107 9734.9 4.2208 15.30274 1.179028 15.800379 14.621351 "" "" 1769.88306 1935.95544 14251.17108 3.2606 6535.3 9.81 11236.0 10.755 "" "" 0.002766495537387599 0.0032312872 0.003919666 0.0071509536 18.77537155182 60.09736656289 1844.58838 -1.312 -0.7910000000000001 1.0
18.86047522019 60.13921191007 0.0162 0.0191 2.063 "" "" 510385330462259072 2138.51953 0.4393 0.0269 -1.405 -0.793 0.021 0.025 1.015 8826.4 4.1638 15.408233 1.402554 16.032606 14.630052 "" "" 2034.15051 2257.65308 12931.63717 2.9897 5276.8 9.3825 11146.0 11.49 "" "" 0.002766730484178424 0.003392922 0.0039416286 0.007334551 18.86047522019 60.13921191007 2138.51953 -1.4050000000000002 -0.7929999999999999 0.9
18.80748173114 60.11514736704 0.0168 0.02 1.1064 "" "" 510384879480616576 1921.02429 0.4892 0.0285 -1.424 -0.815 0.021 0.025 1.029 9243.2 4.233 15.42162 1.321121 16.002544 14.681423 "" "" 1830.46326 2050.49683 12773.1644 3.1057 5425.0 9.9777 10631.0 10.583 "" "" 0.0027679377578098373 0.0034311272 0.003930894 0.007362021 18.80748173114 60.11514736704 1921.02429 -1.4240000000000002 -0.815 0.9
18.82826517642 60.17074172611 0.018 0.0214 2.5475 "" "" 510385433541457920 2011.82446 0.4661 0.0298 -1.403 -0.799 0.023 0.028 1.123 8687.6 3.738 15.431454 1.210694 15.946896 14.736201 "" "" 1881.88379 2138.72095 12658.00799 2.9039 5710.3 9.2642 10108.0 11.2 "" "" 0.0027665557551919467 0.0032996663 0.003966234 0.0072659003 18.82826517642 60.17074172611 2011.82446 -1.403 -0.799 0.9
18.90999116501 60.16016721966 0.0177 0.0202 3.8811 "" "" 510385296102512640 1892.46326 0.5001 0.0281 -1.387 -0.87 0.023 0.026 1.012 7186.5 3.6179 15.461355 1.359999 16.060144 14.700146 "" "" 1796.55029 2014.60388 12314.16129 3.0618 5144.7 7.0528 10450.0 9.576 "" "" 0.0027685134554660726 0.0031623482 0.003908147 0.0070704953 18.90999116501 60.16016721966 1892.46326 -1.3869999999999998 -0.8699999999999999 1.0
18.82886449018 60.11688012118 0.0175 0.0221 1.4101 "" "" 510384918145408000 1852.20569 0.5131 0.0296 -1.4 -0.98 0.022 0.028 1.065 8751.4 4.1661 15.510615 1.477789 16.182241 14.704453 "" "" 1758.48181 1956.30334 11767.94345 2.8938 4597.5 8.3605 10408.0 10.332 "" "" 0.002768225454189657 0.003418084 0.0039300635 0.007348147 18.82886449018 60.11688012118 1852.20569 -1.4 -0.9800000000000002 1.0
18.90205638154 60.18209030168 0.0177 0.0204 4.4289 "" "" 510386773571250048 1935.87915 0.4833 0.0284 -1.437 -0.808 0.022 0.026 1.053 8499.6 3.7711 15.52888 1.156509 16.019001 14.862492 "" "" 1844.44934 2032.98474 11571.63427 2.8405 5343.4 8.9913 8998.3 8.2299 "" "" 0.0027681800074290637 0.003335091 0.0039076614 0.0072427522 18.90205638154 60.18209030168 1935.87915 -1.4369999999999996 -0.808 0.9
18.81948664568 60.09010243191 0.0177 0.0213 2.6421 "" "" 510384780706463104 1963.12695 0.4808 0.0299 -1.438 -0.772 0.022 0.027 1.057 8132.4 4.1666 15.53613 1.085918 15.992198 14.90628 "" "" 1851.39758 2076.97095 11494.62153 2.7825 5476.9 9.4944 8642.6 10.022 "" "" 0.0027678269079715904 0.0033656473 0.003983575 0.007349222 18.81948664568 60.09010243191 1963.12695 -1.4379999999999997 -0.7719999999999998 0.8
18.86129662852 60.07976337055 0.0173 0.0213 3.7473 "" "" 510384574548035456 1861.01404 0.5147 0.0283 -1.451 -0.889 0.022 0.027 1.002 "" "" 15.539061 1.054768 15.978069 14.923302 "" "" 1762.59399 1958.60901 11463.64294 2.8307 5548.7 9.0497 8508.2 9.1316 "" "" 0.002768332815658604 0.0033046554 0.0039549493 0.0072596045 18.86129662852 60.07976337055 1861.01404 -1.4510000000000003 -0.8890000000000001 0.9
