Clusters/NGC_433/NGC_433_stars_in_region.tsv
# %ECSV 1.0
# ---
# datatype:
# - name: RA_ICRS_1
#   unit: deg
#   datatype: float64
#   format: '{:15.11f}'
#   description: Right ascension (ICRS) at Ep=2016.0 (ra)
#   meta: !!omap
#   - {ucd: POS_EQ_RA_MAIN}
#   - {width: 15}
#   - {precision: '11'}
# - name: DE_ICRS_1
#   unit: deg
#   datatype: float64
#   format: '{:15.11f}'
#   description: Declination (ICRS) at Ep=2016.0 (dec)
#   meta: !!omap
#   - {ucd: POS_EQ_DEC_MAIN}
#   - {width: 15}
#   - {precision: '11'}
# - name: e_RA_ICRS
#   unit: mas
#   datatype: float64
#   format: '{:7.4f}'
#   description: Standard error of right ascension (ra_error)
#   meta: !!omap
#   - {ucd: ERROR}
#   - {width: 7}
#   - {precision: '4'}
# - name: e_DE_ICRS
#   unit: mas
#   datatype: float64
#   format: '{:7.4f}'
#   description: Standard error of declination (dec_error)
#   meta: !!omap
#   - {ucd: ERROR}
#   - {width: 7}
#   - {precision: '4'}
# - name: _r_1
#   unit: ''
#   datatype: float64
#   format: '{:7.4f}'
#   description: Distance from center (018.79291689000+60.13210061000)[ICRS], at Epoch=J2016.0
#   meta: !!omap
#   - {ucd: POS_ANG_DIST_GENERAL}
#   - {width: 7}
#   - {precision: '4'}
# - name: HIP
#   datatype: int32
#   description: '? HIP cross-id number, van Leeuwen, Cat. I/311 (hip_original_ext_source_id)'
#   meta: !!omap
#   - {ucd: ID_NUMBER}
#   - {width: 6}
#   - values: {'null': -2147483648}
# - name: TYC2
#   datatype: string
#   description: Tycho-2 cross-id name, Hog et al., Cat. I/259 (tyc2_original_ext_source_id)
#   meta: !!omap
#   - {ucd: ID_CROSSID}
#   - {_votable_string_dtype: char}
# - name: Source
#   datatype: int64
#   description: Source identifier, identical to the Gaia-EDR3 source_id (id)
#   meta: !!omap
#   - {ucd: ID_MAIN}
#   - {width: 19}
# - name: rgeo
#   unit: pc
#   datatype: float64
#   format: '{:15.8f}'
#   description: '? Median of the geometric distance posterior (r_med_geo)'
#   meta: !!omap
#   - {ucd: PHYS_DISTANCE_TRUE}
#   - {width: 15}
#   - {precision: '8'}
#   - values: {'null': .nan}
# - name: Plx
#   unit: mas
#   datatype: float64
#   format: '{:9.4f}'
#   description: '? Parallax (parallax)'
#   meta: !!omap
#   - {ucd: POS_PARLX_TRIG}
#   - {width: 9}
#   - {precision: '4'}
#   - values: {'null': .nan}
# - name: e_Plx
#   unit: mas
#   datatype: float32
#   format: '{:7.4f}'
#   description: '? Standard error of parallax (parallax_error)'
#   meta: !!omap
#   - {ucd: ERROR}
#   - {width: 7}
#   - {precision: '4'}
#   - values: {'null': .nan}
# - name: pmRA
#   unit: mas / yr
#   datatype: float64
#   format: '{:9.3f}'
#   description: '? Proper motion in right ascension direction, pmRA*cosDE (pmra)'
#   meta: !!omap
#   - {ucd: POS_EQ_PMRA}
#   - {width: 9}
#   - {precision: '3'}
#   - values: {'null': .nan}
# - name: pmDE
#   unit: mas / yr
#   datatype: float64
#   format: '{:9.3f}'
#   description: '? Proper motion in declination direction (pmdec)'
#   meta: !!omap
#   - {ucd: POS_EQ_PMDEC}
#   - {width: 9}
#   - {precision: '3'}
#   - values: {'null': .nan}
# - name: e_pmRA
#   unit: mas / yr
#   datatype: float32
#   format: '{:6.3f}'
#   description: '? Standard error of proper motion in right ascension direction (pmra_error)'
#   meta: !!omap
#   - {ucd: ERROR}
#   - {width: 6}
#   - {precision: '3'}
#   - values: {'null': .nan}
# - name: e_pmDE
[...]
#         value: !astropy.table.SerializedColumn {name: SkyCoord.dec}
#       distance: !astropy.table.SerializedColumn
#         __class__: astropy.coordinates.distances.Distance
#         unit: !astropy.units.Unit {unit: pc}
#         value: !astropy.table.SerializedColumn {name: SkyCoord.distance}
#       frame: icrs
#       obstime: !astropy.time.Time {format: jyear_str, in_subfmt: '*', jd1: 367701545.0, jd2: 0.0, out_subfmt: '*', precision: 3, scale: tt}
#       pm_dec: !astropy.table.SerializedColumn
#         __class__: astropy.units.quantity.Quantity
#         unit: !astropy.units.Unit {unit: mas / yr}
#         value: !astropy.table.SerializedColumn {name: SkyCoord.pm_dec}
#       pm_ra_cosdec: !astropy.table.SerializedColumn
#         __class__: astropy.units.quantity.Quantity
#         unit: !astropy.units.Unit {unit: mas / yr}
#         value: !astropy.table.SerializedColumn {name: SkyCoord.pm_ra_cosdec}
#       ra: !astropy.table.SerializedColumn
#         __class__: astropy.coordinates.angles.Longitude
#         unit: *id001
#         value: !astropy.table.SerializedColumn {name: SkyCoord.ra}
#         wrap_angle: !astropy.coordinates.Angle
#           unit: *id001
#           value: 360.0
#       representation_type: spherical
# schema: astropy-2.0
RA_ICRS_1 DE_ICRS_1 e_RA_ICRS e_DE_ICRS _r_1 HIP TYC2 Source rgeo Plx e_Plx pmRA pmDE e_pmRA e_pmDE RUWE Teff logg Gmag BP-RP BPmag RPmag RV e_RV b_rgeo B_rgeo FG e_FG FBP e_FBP FRP e_FRP RAVE5 RAVE6 e_Gmag e_BPmag e_RPmag e_BP-RP SkyCoord.ra SkyCoord.dec SkyCoord.distance SkyCoord.pm_ra_cosdec SkyCoord.pm_dec rmRA rmDE e_rmRA e_rmDE rRV e_rRV v_pec v_pec3d e_vpec e_vpec3d
[from data line 278]
18.37405557918 59.97859386141 0.0207 0.0239 15.5629 "" "" 414303922753474176 1997.75 0.4723 0.0342 -4.014 -1.488 0.026 0.033 0.995 5052.8 3.7648 15.734678 1.568887 16.466822 14.897935 "" "" 1875.20129 2170.57935 9573.60738 2.8844 3537.4 7.3239 8709.3 9.22 "" "" 0.0027746703309592187 0.003583048 0.003950298 0.007533346 18.37405557918 59.97859386141 1997.75 -4.013999999999997 -1.487999999999999 -2.5691667213439944 -0.6660740618705749 0.09527234 0.10227234 "" "" 25.13260749160529 "" 2.405902067693226 ""
18.4816399624 59.84691802657 0.0175 0.0222 19.4947 "" "" 414301070895292672 1637.07556 0.5865 0.0303 -2.271 -9.136 0.023 0.029 0.977 6682.8 3.9706 15.734819 1.308701 16.31164 15.002939 "" "" 1533.00085 1758.78186 9572.35946 2.293 4080.9 8.2948 7906.5 9.7203 "" "" 0.0027675678419450843 0.0035574243 0.0040081725 0.007565597 18.4816399624 59.84691802657 1637.07556 -2.2710000000000017 -9.136000000000006 -0.826166721343994 -8.314074061870574 0.09227234 0.09827234 "" "" 64.83277664959817 "" 6.36758009516022 ""
19.17125552555 60.06681019138 0.018 0.0207 11.9749 "" "" 510338326337886592 1600.06641 0.5926 0.0297 -2.691 -4.238 0.023 0.027 1.016 6889.5 4.2435 15.735557 1.42185 16.375925 14.954075 "" "" 1522.52588 1687.07336 9565.85944 2.3645 3846.3 7.3892 8270.4 8.6835 "" "" 0.0027683593939483112 0.0034836372 0.003947563 0.0074312002 19.17125552555 60.06681019138 1600.06641 -2.691 -4.238 -1.246166721343994 -3.4160740618705754 0.09227234 0.09627234 "" "" 27.578651754837296 "" 2.6423440553244384 ""
19.12806882458 60.34376758455 0.0188 0.0212 16.1534 "" "" 510348634259285376 1893.26392 0.5028 0.0291 -2.997 -2.177 0.026 0.03 0.962 6580.7 4.0382 15.739104 1.261927 16.289705 15.027779 "" "" 1804.11426 1981.54504 9534.65649 2.4928 4164.2 8.5312 7727.6 10.058 "" "" 0.0027699037586762267 0.0035683014 0.004034941 0.0076032425 19.12806882458 60.34376758455 1893.26392 -2.9970000000000008 -2.177 -1.552166721343994 -1.355074061870575 0.09527234 0.09927234 "" "" 18.49060939888432 "" 1.7940078550112162 ""
18.30805559397 60.01024472345 0.0201 0.0228 16.2519 "" "" 414304575588467840 1451.40027 0.6645 0.0332 1.098 -1.721 0.025 0.031 1.095 5775.0 4.3014 15.745034 1.368528 16.357943 14.989414 "" "" 1372.40051 1523.3689 9482.72012 2.3608 3910.6 7.2133 8005.6 10.527 "" "" 0.00276854709499169 0.0034345067 0.004040054 0.0074745608 18.30805559397 60.01024472345 1451.40027 1.0980000000000003 -1.7210000000000005 2.5428332786560057 -0.899074061870575 0.09427234 0.10027234 "" "" 18.555052925638947 "" 1.761946852782823 ""
18.67476621509 60.09715740902 0.0197 0.0229 4.1076 "" "" 414308904915432576 1614.00867 0.5884 0.0318 -1.262 -3.593 0.025 0.029 1.045 7189.4 4.3531 15.751148 1.3581 16.355095 14.996995 "" "" 1549.52271 1693.77625 9429.47278 2.489 3920.8 6.5262 7949.9 8.4394 "" "" 0.002770184744905021 0.0033243159 0.003951226 0.007275542 18.67476621509 60.09715740902 1614.00867 -1.2620000000000005 -3.5930000000000013 0.18283327865600585 -2.771074061870575 0.09427234 0.09827234 "" "" 21.245922070698573 "" 2.087525558755071 ""
18.26792853736 60.15748979682 0.0207 0.0235 15.7544 "" "" 414323267286012672 1811.79639 0.5189 0.0347 -1.414 -0.749 0.026 0.031 1.089 7317.2 4.2752 15.751335 1.363921 16.353582 14.989661 "" "" 1715.73572 1895.23328 9427.85441 2.5481 3926.3 8.6366 8003.8 13.527 "" "" 0.0027709023525995715 0.003672722 0.0042012916 0.007874014 18.26792853736 60.15748979682 1811.79639 -1.4139999999999997 -0.7490000000000008 0.030833278656005936 0.07292593812942505 0.09527234 0.10027234 "" "" 0.6799591652301401 "" 0.067676498399445 ""
18.52814589919 60.18320627005 0.0187 0.0216 8.4791 "" "" 414313161216292480 1693.41821 0.5607 0.0316 0.47 -0.998 0.024 0.027 0.951 7711.4 4.4081 15.752769 1.340774 16.347092 15.006318 "" "" 1605.34888 1776.6427 9415.41237 2.3829 3949.8 7.8958 7881.9 8.131 "" "" 0.0027689881574134954 0.0035349405 0.0039418573 0.007476798 18.52814589919 60.18320627005 1693.41821 0.47 -0.9980000000000001 1.9148332786560058 -0.17607406187057495 0.09327234 0.09627234 "" "" 15.43483032080042 "" 1.4400372170299642 ""
18.21843765753 60.20211953864 0.0186 0.0228 17.6543 "" "" 414324229358662272 2100.10767 0.4415 0.0317 -1.354 -0.735 0.024 0.031 1.034 7670.7 3.9935 15.754575 1.318876 16.335964 15.017088 "" "" 1983.84009 2242.36499 9399.75754 2.6532 3990.5 10.08 7804.1 8.1613 "" "" 0.00277231109206287 0.003912382 0.0039462554 0.007858638 18.21843765753 60.20211953864 2100.10767 -1.354 -0.735 0.09083327865600577 0.08692593812942506 0.09327234 0.10027234 "" "" 1.2515319073638118 "" 0.1210003577530362 ""
18.92870170473 60.24290458533 0.02 0.0238 7.7849 "" "" 510387563845202560 1472.00195 0.6469 0.0318 6.517 -5.199 0.025 0.03 1.039 6658.5 4.0051 15.755263 1.49401 16.436583 14.942573 "" "" 1416.73523 1545.81787 9393.80325 2.7392 3637.3 8.6151 8358.5 10.066 "" "" 0.002773449652766579 0.003794501 0.0039991713 0.0077936724 18.92870170473 60.24290458533 1472.00195 6.5169999999999995 -5.199000000000003 7.961833278656006 -4.377074061870575 0.09427234 0.09927234 "" "" 63.39341173787185 "" 6.051289152907106 ""
18.39551471026 60.27945036522 0.0182 0.0239 14.7829 "" "" 510402372892403584 1687.73071 0.5617 0.0315 -1.528 -2.356 0.025 0.033 1.023 7204.3 4.3345 15.777178 1.331622 16.366179 15.034556 "" "" 1598.56458 1786.00525 9206.10067 2.4682 3881.0 6.8267 7679.6 7.9995 "" "" 0.002770653970841708 0.00338119 0.003944972 0.007326162 18.39551471026 60.27945036522 1687.73071 -1.528 -2.356 -0.08316672134399417 -1.5340740618705748 0.09427234 0.10227234 "" "" 12.290373790512485 "" 1.2566883862702942 ""
19.33638686605 60.11965337496 0.0194 0.0213 16.2591 "" "" 510341659232663936 2088.63965 0.4465 0.0314 -3.161 -1.369 0.025 0.029 1.009 6975.7 4.3246 15.78058 1.236226 16.315615 15.079389 "" "" 1981.86304 2216.64307 9177.29555 2.5145 4066.0 9.5609 7368.9 6.6842 "" "" 0.0027713327397306566 0.003781931 0.0039055937 0.007687525 19.33638686605 60.11965337496 2088.63965 -3.1609999999999983 -1.3690000000000007 -1.7161667213439942 -0.547074061870575 0.09427234 0.09827234 "" "" 17.83269452836526 "" 1.6878359177679279 ""
18.92749263751 59.90757294175 0.0187 0.0222 14.0629 "" "" 414258224299384320 1765.18311 0.5416 0.0326 -1.841 -1.644 0.024 0.028 0.968 7214.1 4.3643 15.786097 1.226571 16.312073 15.085502 "" "" 1660.3009 1866.27124 9130.78289 2.5466 4079.3 8.5881 7327.5 7.2314 "" "" 0.002771910203619686 0.00360692 0.0039283372 0.0075352574 18.92749263751 59.90757294175 1765.18311 -1.8409999999999989 -1.6439999999999984 -0.3961667213439941 -0.8220740618705749 0.09327234 0.09727234 "" "" 7.635305622306029 "" 0.7370447493084744 ""
18.34356823966 60.23620845933 0.0195 0.0239 14.7892 "" "" 414325397589753472 1474.53674 0.6419 0.0332 -7.942 -5.533 0.027 0.034 1.047 5476.0 3.7874 15.78629 1.558193 16.510132 14.951939 "" "" 1375.54968 1569.60278 9129.1606 2.4536 3399.1 6.1529 8286.7 9.5738 "" "" 0.0027707293832621768 0.003412866 0.0039821076 0.0073949737 18.34356823966 60.23620845933 1474.53674 -7.9419999999999975 -5.533 -6.497166721343994 -4.711074061870575 0.09627234 0.10327234 "" "" 56.09211350435304 "" 5.538565255384614 ""
18.29422863461 60.11658640877 0.0193 0.0227 14.9334 "" "" 414322786249705344 1685.21973 0.5594 0.0325 4.861 1.628 0.025 0.032 0.969 5172.4 3.4019 15.803131 1.738357 16.635584 14.897227 "" "" 1587.74768 1796.552 8988.64311 2.5607 3028.2 6.1543 8715.0 10.434 "" "" 0.002772626883704211 0.0035572485 0.00399668 0.0075539285 18.29422863461 60.11658640877 1685.21973 4.860999999999998 1.6279999999999981 6.305833278656006 2.449925938129425 0.09427234 0.101272345 "" "" 54.038687365986384 "" 5.145548016591804 ""
18.10770021696 60.28701170956 0.0191 0.0238 22.4413 "" "" 414329280240166144 1896.74866 0.5047 0.0311 -1.497 0.251 0.025 0.034 1.021 6736.5 4.2957 15.814874 1.310397 16.390285 15.079888 "" "" 1776.80811 1993.82275 8891.95422 2.5207 3795.8 6.3588 7365.5 11.35 "" "" 0.002772457639486244 0.0033306535 0.0041331514 0.007463805 18.10770021696 60.28701170956 1896.74866 -1.497000000000001 0.251 -0.05216672134399425 1.072925938129425 0.09427234 0.10327234 "" "" 9.65763088328428 "" 0.9971700734344838 ""
19.51734843792 60.10436991032 0.0195 0.0221 21.7189 "" "" 510329289726866944 2035.55652 0.4668 0.0307 0.528 -1.469 0.025 0.028 0.98 7134.1 4.3578 15.818494 1.20666 16.338356 15.131696 "" "" 1917.66711 2188.94238 8862.35969 2.3264 3981.8 7.4534 7022.3 7.8142 "" "" 0.002770021628345156 0.003451885 0.003967797 0.007419682 19.51734843792 60.10436991032 2035.55652 0.5280000000000007 -1.4690000000000003 1.9728332786560059 -0.647074061870575 0.09427234 0.09727234 "" "" 20.032688354159582 "" 1.894449273300381 ""
19.02676566287 60.20724298918 0.0292 0.0322 8.309 "" "" 510340387922121728 2019.36316 0.4698 0.0457 -1.38 -0.696 0.036 0.042 1.623 6891.4 4.2234 15.819657 1.206634 16.286747 15.080113 "" "" 1901.96582 2193.19409 8852.86607 5.2343 4175.6 17.818 7364.0 33.808 "" "" 0.0028291138287784034 0.0054083215 0.0062553915 0.011663713 19.02676566287 60.20724298918 2019.36316 -1.3800000000000001 -0.696 0.06483327865600597 0.1259259381294251 0.10527234 0.111272335 "" "" 1.355706780275276 "" 0.14918501149140687 ""
18.54808160422 60.33793314244 0.2604 0.3233 14.3424 "" "" 510392507339695232 1844.38074 0.9823 0.4326 -3.932 -1.479 0.345 0.429 13.553 7802.8 4.3461 15.82547 1.402178 16.358591 14.956413 "" "" 1173.86487 4656.1709 8805.59796 20.788 3908.2 7.5428 8252.6 8.3975 "" "" 0.003763197147566995 0.0034894147 0.0039375513 0.007426966 18.54808160422 60.33793314244 1844.38074 -3.931999999999998 -1.479000000000001 -2.487166721343994 -0.657074061870575 0.41427234 0.49827233 "" "" 22.489713452962913 "" 9.451635256354832 ""
19.26082140947 60.33153329882 0.0194 0.0223 18.3703 "" "" 510347981424420480 1723.70093 0.5554 0.0315 -0.759 -2.538 0.026 0.031 1.033 6376.5 4.2921 15.827716 1.326691 16.410429 15.083738 "" "" 1632.40198 1803.96436 8787.39794 2.285 3726.0 10.653 7339.4 9.9793 "" "" 0.0027697467639609705 0.0041738795 0.004057472 0.008231351 19.26082140947 60.33153329882 1723.70093 -0.7590000000000006 -2.5380000000000003 0.6858332786560059 -1.7160740618705748 0.09527234 0.10027234 "" "" 15.099176240896263 "" 1.5038571974029504 ""
18.18756226778 60.13004127181 0.0205 0.0253 18.089 "" "" 414323537857200384 1801.42212 0.5235 0.0362 -1.083 -2.134 0.027 0.035 1.017 7279.4 4.3428 15.828824 1.298944 16.39949 15.100547 "" "" 1696.21826 1929.14734 8778.43484 2.7339 3763.8 9.7941 7226.7 9.9557 "" "" 0.002775990730310148 0.003970804 0.004064599 0.008035403 18.18756226778 60.13004127181 1801.42212 -1.083 -2.1339999999999977 0.3618332786560059 -1.3120740618705748 0.09627234 0.104272336 "" "" 11.621667545177942 "" 1.205483011328294 ""
18.1322307142 60.19154692698 0.0214 0.0248 20.0434 "" "" 414326943777996288 1926.7002 0.4958 0.0351 -4.088 1.513 0.027 0.035 0.979 8250.5 4.4041 15.834016 1.340341 16.428938 15.088597 "" "" 1813.5564 2051.84814 8736.55605 4.1858 3663.0 10.459 7306.7 11.232 "" "" 0.002803994948702751 0.004170821 0.0041315053 0.008302326 18.1322307142 60.19154692698 1926.7002 -4.088 1.513 -2.643166721343994 2.334925938129425 0.09627234 0.104272336 "" "" 32.20856804739184 "" 3.2162767866836206 ""
18.88352480612 59.94603591044 0.0192 0.0228 11.4893 "" "" 414259976646024576 1742.22229 0.5458 0.0333 2.583 -1.542 0.025 0.028 0.979 7150.7 4.2972 15.834464 1.257128 16.375843 15.118715 "" "" 1641.24109 1843.37671 8732.95451 2.4134 3846.6 13.115 7106.8 7.1493 "" "" 0.0027716094413102526 0.004635573 0.0039340425 0.008569615 18.88352480612 59.94603591044 1742.22229 2.583 -1.542 4.027833278656006 -0.720074061870575 0.09427234 0.09727234 "" "" 33.789743599749926 "" 3.1886259378222293 ""
19.17968383814 60.18738372842 0.0201 0.0228 12.0139 "" "" 510345026486810112 1626.16687 0.5843 0.033 1.179 -0.765 0.026 0.03 1.01 5644.0 4.0585 15.84069 1.491929 16.518967 15.027038 "" "" 1549.11938 1713.38562 8683.02528 3.598 3371.6 8.1956 7732.9 10.03 "" "" 0.0027918090764199204 0.0038406143 0.0040332275 0.007873842 19.17968383814 60.18738372842 1626.16687 1.1789999999999992 -0.7649999999999998 2.623833278656006 0.056925938129425036 0.09527234 0.09927234 "" "" 20.22934749335705 "" 1.9273361389711545 ""
18.87062159474 60.27536214783 0.0193 0.0244 8.9024 "" "" 510388491558116224 1877.47705 0.5088 0.0324 4.053 -1.705 0.025 0.03 1.001 7196.6 4.2465 15.840752 1.26422 16.391665 15.127444 "" "" 1755.4093 2003.26611 8682.52773 2.4517 3791.0 7.1432 7049.9 7.7643 "" "" 0.0027723241883821272 0.0034598191 0.0039640344 0.0074238535 18.87062159474 60.27536214783 1877.47705 4.053 -1.705 5.497833278656006 -0.883074061870575 0.09427234 0.09927234 "" "" 49.553665380395394 "" 4.677932294207974 ""
19.21996924927 60.04338348621 0.0187 0.0234 13.842 "" "" 510335302680925312 1898.01575 0.5037 0.033 -1.468 0.383 0.024 0.029 0.949 7152.6 4.3282 15.846121 1.407998 16.478262 15.070264 "" "" 1795.04712 1994.78333 8639.69569 2.3389 3500.4 8.4388 7431.1 8.6328 "" "" 0.002770953213740446 0.0038257516 0.003984299 0.0078100506 19.21996924927 60.04338348621 1898.01575 -1.4680000000000009 0.3829999999999999 -0.023166721343994112 1.204925938129425 0.09327234 0.09827234 "" "" 10.842233696876342 "" 1.065472136945917 ""
18.71261072588 60.16060159542 0.0212 0.0251 2.9457 "" "" 510385914577800064 1955.10828 0.4752 0.0344 -1.589 -0.844 0.027 0.031 1.058 7647.4 4.1904 15.852811 1.590404 16.593372 15.002968 "" "" 1836.50134 2079.23389 8586.62377 2.5115 3148.2 8.3657 7906.3 6.651 "" "" 0.0027735605355318914 0.0040135994 0.0038881793 0.007901778 18.71261072588 60.16060159542 1955.10828 -1.5889999999999997 -0.8440000000000002 -0.1441667213439941 -0.022074061870574924 0.09627234 0.10027234 "" "" 1.351593990501708 "" 0.13024747469261277 ""
18.62502164291 59.85391251684 0.0183 0.0233 17.435 "" "" 414299417323956864 2155.01538 0.4372 0.0318 11.828 7.011 0.024 0.03 1.005 7281.8 4.0547 15.853416 1.641009 16.626656 14.985646 "" "" 2010.22949 2311.73315 8581.84146 2.3741 3053.2 7.5018 8033.4 7.9596 "" "" 0.002771643165875346 0.003860258 0.0039295023 0.0077897604 18.62502164291 59.85391251684 2155.01538 11.828000000000001 7.011000000000001 13.272833278656005 7.832925938129425 0.09327234 0.09927234 "" "" 157.42778936567512 "" 14.933374884087597 ""
18.4958511062 59.94709149691 0.0205 0.0242 14.2287 "" "" 414303235558737280 2160.34741 0.4413 0.0338 3.742 -0.537 0.027 0.033 1.014 6538.1 4.2819 15.858544 1.276444 16.416796 15.140352 "" "" 1979.68127 2346.57275 8541.39659 2.5238 3704.2 10.268 6966.5 8.3158 "" "" 0.002773933959065606 0.004104026 0.0039954237 0.00809945 18.4958511062 59.94709149691 2160.34741 3.7419999999999995 -0.5369999999999997 5.186833278656006 0.284925938129425 0.09627234 0.10227234 "" "" 53.19349185688585 "" 5.122052057966599 ""
18.39329901467 60.285600066 0.0194 0.024 15.0578 "" "" 510402407252136704 1481.68811 0.6473 0.033 -5.454 -1.02 0.027 0.033 1.023 6855.3 4.3121 15.865672 1.395822 16.490795 15.094974 "" "" 1411.74438 1573.09802 8485.50731 2.5082 3460.2 9.735 7263.9 7.826 "" "" 0.0027739474879267985 0.0041371286 0.003956267 0.008093396 18.39329901467 60.285600066 1481.68811 -5.454 -1.0199999999999996 -4.009166721343994 -0.19807406187057497 0.09627234 0.10227234 "" "" 28.19152955398792 "" 2.714489241193898 ""
18.12020153328 60.20164882396 0.0351 0.0425 20.5085 "" "" 414326943777991808 1854.55713 0.5209 0.0573 3.467 0.531 0.046 0.06 1.636 "" "" 15.866872 1.459986 16.315683 14.855698 "" "" 1690.70923 2081.50293 8476.13937 4.8125 4065.8 13.368 9054.8 14.987 "" "" 0.00282343734336263 0.004530846 0.0041848677 0.008715713 18.12020153328 60.20164882396 1854.55713 3.467000000000002 0.5309999999999998 4.911833278656006 1.3529259381294252 0.11527234 0.12927234 "" "" 44.785945489706634 "" 5.209269936104045 ""
