Clusters/NGC_433/NGC_433_members.tsv
# %ECSV 1.0
# ---
# datatype:
# - name: RA_ICRS_1
#   unit: deg
#   datatype: float64
#   format: '{:15.11f}'
#   description: Right ascension (ICRS) at Ep=2016.0 (ra)
#   meta: !!omap
#   - {ucd: POS_EQ_RA_MAIN}
#   - {width: 15}
#   - {precision: '11'}
# - name: DE_ICRS_1
#   unit: deg
#   datatype: float64
#   format: '{:15.11f}'
#   description: Declination (ICRS) at Ep=2016.0 (dec)
#   meta: !!omap
#   - {ucd: POS_EQ_DEC_MAIN}
#   - {width: 15}
#   - {precision: '11'}
# - name: e_RA_ICRS
#   unit: mas
#   datatype: float64
#   format: '{:7.4f}'
#   description: Standard error of right ascension (ra_error)
#   meta: !!omap
#   - {ucd: ERROR}
#   - {width: 7}
#   - {precision: '4'}
# - name: e_DE_ICRS
#   unit: mas
#   datatype: float64
#   format: '{:7.4f}'
#   description: Standard error of declination (dec_error)
#   meta: !!omap
#   - {ucd: ERROR}
#   - {width: 7}
#   - {precision: '4'}
# - name: _r_1
#   unit: ''
#   datatype: float64
#   format: '{:7.4f}'
#   description: Distance from center (018.79291689000+60.13210061000)[ICRS], at Epoch=J2016.0
#   meta: !!omap
#   - {ucd: POS_ANG_DIST_GENERAL}
#   - {width: 7}
#   - {precision: '4'}
# - name: HIP
#   datatype: int32
#   description: '? HIP cross-id number, van Leeuwen, Cat. I/311 (hip_original_ext_source_id)'
#   meta: !!omap
#   - {ucd: ID_NUMBER}
#   - {width: 6}
#   - values: {'null': -2147483648}
# - name: TYC2
#   datatype: string
#   description: Tycho-2 cross-id name, Hog et al., Cat. I/259 (tyc2_original_ext_source_id)
#   meta: !!omap
#   - {ucd: ID_CROSSID}
#   - {_votable_string_dtype: char}
# - name: Source
#   datatype: int64
#   description: Source identifier, identical to the Gaia-EDR3 source_id (id)
#   meta: !!omap
#   - {ucd: ID_MAIN}
#   - {width: 19}
# - name: rgeo
#   unit: pc
#   datatype: float64
#   format: '{:15.8f}'
#   description: '? Median of the geometric distance posterior (r_med_geo)'
#   meta: !!omap
#   - {ucd: PHYS_DISTANCE_TRUE}
#   - {width: 15}
#   - {precision: '8'}
#   - values: {'null': .nan}
# - name: Plx
#   unit: mas
#   datatype: float64
#   format: '{:9.4f}'
#   description: '? Parallax (parallax)'
#   meta: !!omap
#   - {ucd: POS_PARLX_TRIG}
#   - {width: 9}
#   - {precision: '4'}
#   - values: {'null': .nan}
# - name: e_Plx
#   unit: mas
#   datatype: float32
#   format: '{:7.4f}'
#   description: '? Standard error of parallax (parallax_error)'
#   meta: !!omap
#   - {ucd: ERROR}
#   - {width: 7}
#   - {precision: '4'}
#   - values: {'null': .nan}
# - name: pmRA
#   unit: mas / yr
#   datatype: float64
#   format: '{:9.3f}'
#   description: '? Proper motion in right ascension direction, pmRA*cosDE (pmra)'
#   meta: !!omap
#   - {ucd: POS_EQ_PMRA}
#   - {width: 9}
#   - {precision: '3'}
#   - values: {'null': .nan}
# - name: pmDE
#   unit: mas / yr
#   datatype: float64
#   format: '{:9.3f}'
#   description: '? Proper motion in declination direction (pmdec)'
#   meta: !!omap
#   - {ucd: POS_EQ_PMDEC}
#   - {width: 9}
#   - {precision: '3'}
#   - values: {'null': .nan}
# - name: e_pmRA
#   unit: mas / yr
#   datatype: float32
#   format: '{:6.3f}'
#   description: '? Standard error of proper motion in right ascension direction (pmra_error)'
#   meta: !!omap
#   - {ucd: ERROR}
#   - {width: 6}
#   - {precision: '3'}
#   - values: {'null': .nan}
# - name: e_pmDE
[...]
#         unit: &id001 !astropy.units.Unit {unit: deg}
#         value: !astropy.table.SerializedColumn {name: SkyCoord.dec}
#       distance: !astropy.table.SerializedColumn
#         __class__: astropy.coordinates.distances.Distance
#         unit: !astropy.units.Unit {unit: pc}
#         value: !astropy.table.SerializedColumn {name: SkyCoord.distance}
#       frame: icrs
#       obstime: !astropy.time.Time {format: jyear_str, in_subfmt: '*', jd1: 367701545.0, jd2: 0.0, out_subfmt: '*', precision: 3, scale: tt}
#       pm_dec: !astropy.table.SerializedColumn
#         __class__: astropy.units.quantity.Quantity
#         unit: !astropy.units.Unit {unit: mas / yr}
#         value: !astropy.table.SerializedColumn {name: SkyCoord.pm_dec}
#       pm_ra_cosdec: !astropy.table.SerializedColumn
#         __class__: astropy.units.quantity.Quantity
#         unit: !astropy.units.Unit {unit: mas / yr}
#         value: !astropy.table.SerializedColumn {name: SkyCoord.pm_ra_cosdec}
#       ra: !astropy.table.SerializedColumn
#         __class__: astropy.coordinates.angles.Longitude
#         unit: *id001
#         value: !astropy.table.SerializedColumn {name: SkyCoord.ra}
#         wrap_angle: !astropy.coordinates.Angle
#           unit: *id001
#           value: 360.0
#       representation_type: spherical
# schema: astropy-2.0
RA_ICRS_1 DE_ICRS_1 e_RA_ICRS e_DE_ICRS _r_1 HIP TYC2 Source rgeo Plx e_Plx pmRA pmDE e_pmRA e_pmDE RUWE Teff logg Gmag BP-RP BPmag RPmag RV e_RV b_rgeo B_rgeo FG e_FG FBP e_FBP FRP e_FRP RAVE5 RAVE6 e_Gmag e_BPmag e_RPmag e_BP-RP SkyCoord.ra SkyCoord.dec SkyCoord.distance SkyCoord.pm_ra_cosdec SkyCoord.pm_dec Pmemb
[from data line 41]
18.71261072588 60.16060159542 0.0212 0.0251 2.9457 "" "" 510385914577800064 1955.10828 0.4752 0.0344 -1.589 -0.844 0.027 0.031 1.058 7647.4 4.1904 15.852811 1.590404 16.593372 15.002968 "" "" 1836.50134 2079.23389 8586.62377 2.5115 3148.2 8.3657 7906.3 6.651 "" "" 0.0027735605355318914 0.0040135994 0.0038881793 0.007901778 18.71261072588 60.16060159542 1955.10828 -1.589 -0.8440000000000001 0.9
18.871285613 60.00903184819 0.021 0.0252 7.7479 "" "" 414260590819910016 1879.25232 0.5008 0.0356 -1.416 -0.835 0.027 0.031 1.032 7625.8 4.3112 15.94042 1.224811 16.469383 15.244573 "" "" 1780.74084 1987.56543 7920.97457 2.3462 3529.1 7.9174 6328.9 8.5142 "" "" 0.002774024771159631 0.0037038096 0.00405181 0.0077556195 18.871285613 60.00903184819 1879.25232 -1.416 -0.8350000000000002 0.9
18.86891586558 60.10181318362 0.0207 0.025 2.9093 "" "" 510384711986983808 1934.85486 0.4959 0.0348 -1.346 -0.929 0.027 0.032 0.976 5762.7 4.2669 15.946582 1.262559 16.4404 15.17784 "" "" 1812.21619 2094.99731 7876.15057 2.6339 3624.6 15.804 6730.1 37.854 "" "" 0.0027791403150220673 0.005495099 0.0071817045 0.012676803 18.86891586558 60.10181318362 1934.85486 -1.3459999999999999 -0.9289999999999999 1.0
18.72479784329 60.09828930346 0.0215 0.0259 2.8745 "" "" 414308836195956864 1851.26904 0.5131 0.0361 -1.349 -0.871 0.027 0.033 1.05 8534.5 4.4265 15.995254 1.296856 16.560562 15.263706 "" "" 1753.46814 1964.26843 7530.87599 2.4265 3244.8 10.026 6218.4 10.206 "" "" 0.002777439756068797 0.004363439 0.0041784155 0.008541854 18.72479784329 60.09828930346 1851.26904 -1.3490000000000002 -0.871 0.8
18.80843230708 60.0618238002 0.0228 0.0282 4.2421 "" "" 414307942842795776 1712.06042 0.5596 0.04 -1.368 -0.844 0.029 0.035 1.024 7194.3 4.3535 16.056087 1.30099 16.630417 15.329427 "" "" 1612.53003 1824.38208 7120.51995 2.3754 3042.6 6.5486 5853.1 8.3965 "" "" 0.0027790247912884702 0.0036394838 0.0040877415 0.0077272253 18.80843230708 60.0618238002 1712.06042 -1.368 -0.8439999999999999 0.9
18.76622103854 60.16020755108 0.0239 0.0275 1.8654 "" "" 510385845858324480 1842.53418 0.5221 0.0398 -1.588 -0.773 0.031 0.035 0.999 9432.2 4.3023 16.0779 1.374205 16.684841 15.310636 "" "" 1728.35681 1978.87683 6978.89469 2.4239 2893.9 9.2896 5955.3 9.1927 "" "" 0.002781005405997067 0.004464553 0.004134316 0.00859887 18.76622103854 60.16020755108 1842.53418 -1.588 -0.7730000000000002 0.9
18.77953185324 60.23535303845 0.0233 0.0275 6.208 "" "" 510388079241279104 2090.13086 0.4546 0.038 -1.495 -0.833 0.03 0.035 1.029 7370.6 4.3548 16.16601 1.293568 16.72985 15.436283 "" "" 1926.80322 2259.24976 6434.91468 2.1652 2776.4 7.3214 5304.5 7.4167 "" "" 0.002779433724282345 0.0039977976 0.004072868 0.008070665 18.77953185324 60.23535303845 2090.13086 -1.4949999999999999 -0.8329999999999999 0.9
18.86560762869 60.16428921396 0.0252 0.0288 2.9057 "" "" 510385467901202048 1730.7373 0.5497 0.041 -1.517 -0.815 0.032 0.037 1.044 8563.5 4.2662 16.211622 1.449121 16.860899 15.411778 "" "" 1620.57751 1883.2887 6170.18269 2.3942 2460.7 7.8862 5425.6 9.3692 "" "" 0.002787342682401854 0.0044601453 0.004218885 0.00867903 18.86560762869 60.16428921396 1730.7373 -1.517 -0.815 0.9
18.75383246338 60.15797220099 0.0262 0.03 1.9423 "" "" 510385811498586880 2126.93237 0.4486 0.0434 -1.407 -0.813 0.034 0.036 1.036 8990.0 4.24 16.306005 1.491021 16.98525 15.494229 "" "" 1976.14282 2375.11353 5656.45732 2.1093 2194.4 8.0835 5028.8 6.3251 "" "" 0.0027849077249147165 0.0048765987 0.004018535 0.008895134 18.75383246338 60.15797220099 2126.93237 -1.4070000000000003 -0.813 0.8
18.82886977744 60.13409605163 0.0275 0.0341 1.0809 "" "" 510385021224615936 1868.56238 0.515 0.0477 -1.507 -0.909 0.035 0.045 1.023 8945.5 4.4779 16.371302 1.512219 17.0587 15.546481 "" "" 1711.38757 2035.5238 5326.3019 2.1115 2050.9 9.0215 4792.5 9.6442 "" "" 0.002788735981288493 0.0055312403 0.0043654838 0.009896724 18.82886977744 60.13409605163 1868.56238 -1.5070000000000001 -0.9089999999999999 0.9
18.78664418703 60.14452005267 0.0288 0.0343 0.7684 "" "" 510385742779117056 1881.57385 0.5093 0.0473 -1.504 -0.899 0.036 0.045 0.976 8927.1 4.467 16.54235 1.597015 17.284014 15.686998 "" "" 1707.66479 2052.94849 4549.95163 1.8768 1666.5 6.4065 4210.7 6.4708 "" "" 0.0027914802008289124 0.0050205886 0.0041313004 0.009151889 18.78664418703 60.14452005267 1881.57385 -1.5039999999999998 -0.8989999999999998 0.8
18.7240075685 60.16208670556 0.0348 0.0385 2.7336 "" "" 510386017657014016 1548.72595 0.614 0.0588 -1.453 -0.922 0.051 0.05 1.051 7656.5 4.4498 16.75269 1.524548 17.43975 15.915203 "" "" 1387.35999 1707.68591 3748.614 1.8244 1443.8 12.96 3412.5 12.279 "" "" 0.0028055320118731005 0.0101374425 0.005435656 0.015573098 18.7240075685 60.16208670556 1548.72595 -1.453 -0.9219999999999998 0.8
18.75878052643 60.11243352053 0.0341 0.0387 1.56 "" "" 510385605340176128 1746.31616 0.5552 0.0554 -1.492 -0.767 0.043 0.048 0.984 7648.4 4.4384 16.828814 1.50136 17.523651 16.022291 "" "" 1588.48169 1937.60327 3494.78978 1.7026 1336.5 7.0061 3092.0 7.4555 "" "" 0.0028056334623843375 0.0063386876 0.0045975423 0.01093623 18.75878052643 60.11243352053 1746.31616 -1.492 -0.767 0.8
