Clusters/NGC_433/NGC_433_stars_in_region.tsv
# %ECSV 1.0
# ---
# datatype:
# - name: RA_ICRS_1
#   unit: deg
#   datatype: float64
#   format: '{:15.11f}'
#   description: Right ascension (ICRS) at Ep=2016.0 (ra)
#   meta: !!omap
#   - {ucd: POS_EQ_RA_MAIN}
#   - {width: 15}
#   - {precision: '11'}
# - name: DE_ICRS_1
#   unit: deg
#   datatype: float64
#   format: '{:15.11f}'
#   description: Declination (ICRS) at Ep=2016.0 (dec)
#   meta: !!omap
#   - {ucd: POS_EQ_DEC_MAIN}
#   - {width: 15}
#   - {precision: '11'}
# - name: e_RA_ICRS
#   unit: mas
#   datatype: float64
#   format: '{:7.4f}'
#   description: Standard error of right ascension (ra_error)
#   meta: !!omap
#   - {ucd: ERROR}
#   - {width: 7}
#   - {precision: '4'}
# - name: e_DE_ICRS
#   unit: mas
#   datatype: float64
#   format: '{:7.4f}'
#   description: Standard error of declination (dec_error)
#   meta: !!omap
#   - {ucd: ERROR}
#   - {width: 7}
#   - {precision: '4'}
# - name: _r_1
#   unit: ''
#   datatype: float64
#   format: '{:7.4f}'
#   description: Distance from center (018.79291689000+60.13210061000)[ICRS], at Epoch=J2016.0
#   meta: !!omap
#   - {ucd: POS_ANG_DIST_GENERAL}
#   - {width: 7}
#   - {precision: '4'}
# - name: HIP
#   datatype: int32
#   description: '? HIP cross-id number, van Leeuwen, Cat. I/311 (hip_original_ext_source_id)'
#   meta: !!omap
#   - {ucd: ID_NUMBER}
#   - {width: 6}
#   - values: {'null': -2147483648}
# - name: TYC2
#   datatype: string
#   description: Tycho-2 cross-id name, Hog et al., Cat. I/259 (tyc2_original_ext_source_id)
#   meta: !!omap
#   - {ucd: ID_CROSSID}
#   - {_votable_string_dtype: char}
# - name: Source
#   datatype: int64
#   description: Source identifier, identical to the Gaia-EDR3 source_id (id)
#   meta: !!omap
#   - {ucd: ID_MAIN}
#   - {width: 19}
# - name: rgeo
#   unit: pc
#   datatype: float64
#   format: '{:15.8f}'
#   description: '? Median of the geometric distance posterior (r_med_geo)'
#   meta: !!omap
#   - {ucd: PHYS_DISTANCE_TRUE}
#   - {width: 15}
#   - {precision: '8'}
#   - values: {'null': .nan}
# - name: Plx
#   unit: mas
#   datatype: float64
#   format: '{:9.4f}'
#   description: '? Parallax (parallax)'
#   meta: !!omap
#   - {ucd: POS_PARLX_TRIG}
#   - {width: 9}
#   - {precision: '4'}
#   - values: {'null': .nan}
# - name: e_Plx
#   unit: mas
#   datatype: float32
#   format: '{:7.4f}'
#   description: '? Standard error of parallax (parallax_error)'
#   meta: !!omap
#   - {ucd: ERROR}
#   - {width: 7}
#   - {precision: '4'}
#   - values: {'null': .nan}
# - name: pmRA
#   unit: mas / yr
#   datatype: float64
#   format: '{:9.3f}'
#   description: '? Proper motion in right ascension direction, pmRA*cosDE (pmra)'
#   meta: !!omap
#   - {ucd: POS_EQ_PMRA}
#   - {width: 9}
#   - {precision: '3'}
#   - values: {'null': .nan}
# - name: pmDE
#   unit: mas / yr
#   datatype: float64
#   format: '{:9.3f}'
#   description: '? Proper motion in declination direction (pmdec)'
#   meta: !!omap
#   - {ucd: POS_EQ_PMDEC}
#   - {width: 9}
#   - {precision: '3'}
#   - values: {'null': .nan}
# - name: e_pmRA
#   unit: mas / yr
#   datatype: float32
#   format: '{:6.3f}'
#   description: '? Standard error of proper motion in right ascension direction (pmra_error)'
#   meta: !!omap
#   - {ucd: ERROR}
#   - {width: 6}
#   - {precision: '3'}
#   - values: {'null': .nan}
# - name: e_pmDE
[...]
#         value: !astropy.table.SerializedColumn {name: SkyCoord.dec}
#       distance: !astropy.table.SerializedColumn
#         __class__: astropy.coordinates.distances.Distance
#         unit: !astropy.units.Unit {unit: pc}
#         value: !astropy.table.SerializedColumn {name: SkyCoord.distance}
#       frame: icrs
#       obstime: !astropy.time.Time {format: jyear_str, in_subfmt: '*', jd1: 367701545.0, jd2: 0.0, out_subfmt: '*', precision: 3, scale: tt}
#       pm_dec: !astropy.table.SerializedColumn
#         __class__: astropy.units.quantity.Quantity
#         unit: !astropy.units.Unit {unit: mas / yr}
#         value: !astropy.table.SerializedColumn {name: SkyCoord.pm_dec}
#       pm_ra_cosdec: !astropy.table.SerializedColumn
#         __class__: astropy.units.quantity.Quantity
#         unit: !astropy.units.Unit {unit: mas / yr}
#         value: !astropy.table.SerializedColumn {name: SkyCoord.pm_ra_cosdec}
#       ra: !astropy.table.SerializedColumn
#         __class__: astropy.coordinates.angles.Longitude
#         unit: *id001
#         value: !astropy.table.SerializedColumn {name: SkyCoord.ra}
#         wrap_angle: !astropy.coordinates.Angle
#           unit: *id001
#           value: 360.0
#       representation_type: spherical
# schema: astropy-2.0
RA_ICRS_1 DE_ICRS_1 e_RA_ICRS e_DE_ICRS _r_1 HIP TYC2 Source rgeo Plx e_Plx pmRA pmDE e_pmRA e_pmDE RUWE Teff logg Gmag BP-RP BPmag RPmag RV e_RV b_rgeo B_rgeo FG e_FG FBP e_FBP FRP e_FRP RAVE5 RAVE6 e_Gmag e_BPmag e_RPmag e_BP-RP SkyCoord.ra SkyCoord.dec SkyCoord.distance SkyCoord.pm_ra_cosdec SkyCoord.pm_dec rmRA rmDE e_rmRA e_rmDE rRV e_rRV v_pec v_pec3d e_vpec e_vpec3d
[from data line 91]
18.13766586072 60.29619915789 0.0114 0.0137 21.8715 "" "" 414329177160948736 1847.41394 0.5085 0.0179 -1.857 -0.888 0.015 0.02 0.968 9266.0 4.0245 14.505438 0.830605 14.832918 14.002313 "" "" 1776.03149 1933.13586 29701.03661 5.6677 15931.0 12.358 19872.0 12.412 "" "" 0.002763098852434526 0.0029145146 0.0038397412 0.006754256 18.13766586072 60.29619915789 1847.41394 -1.8570000000000004 -0.8879999999999998 -0.4121667213439941 -0.06607406187057496 0.08427234 0.089272335 "" "" 3.655320372300009 "" 0.3085135470152861 ""
19.09718176355 60.23291333938 0.0115 0.0131 10.9082 "" "" 510346121695374976 1740.43115 0.5482 0.0182 0.162 -0.845 0.015 0.02 1.006 9017.9 4.2111 14.556637 0.79725 14.869633 14.072383 "" "" 1698.40662 1796.15979 28332.95432 5.4156 15402.0 12.268 18630.0 15.149 "" "" 0.002763124631628535 0.0029211207 0.0038811315 0.0068022525 19.09718176355 60.23291333938 1740.43115 0.16200000000000012 -0.845 1.6068332786560058 -0.023074061870574925 0.08427234 0.089272335 "" "" 13.257168614255937 "" 1.1172266912926523 ""
18.67331465947 60.11665119716 0.0112 0.0134 3.6928 "" "" 414309007994632576 2034.29871 0.4671 0.0183 -1.409 -0.945 0.014 0.017 1.005 7444.3 4.0962 14.577402 0.892072 14.932816 14.040745 "" "" 1955.37305 2127.94385 27796.2238 4.7501 14531.0 10.818 19181.0 12.36 "" "" 0.0027615602623865874 0.0029048936 0.003843594 0.0067484877 18.67331465947 60.11665119716 2034.29871 -1.409 -0.9449999999999998 0.03583327865600583 -0.1230740618705749 0.08327234 0.086272344 "" "" 1.2360281112845612 "" 0.10634992969744315 ""
18.31161643952 59.89338152283 0.0112 0.0139 20.334 "" "" 414302101687498880 1695.62878 0.5634 0.0194 1.037 3.764 0.015 0.019 1.017 6721.0 3.9175 14.581623 1.226419 15.110754 13.884335 2.27 5.34 1641.12085 1750.06482 27688.38897 4.7266 12334.0 15.423 22153.0 15.253 "" "" 0.00276154690709901 0.003102946 0.0038526063 0.0069555524 18.31161643952 59.89338152283 1695.62878 1.037 3.7640000000000025 2.481833278656006 4.585925938129424 0.08427234 0.08827234 40.49 5.4700003 41.90978441969831 58.27409484587116 3.6621712150580517 4.62404807581255
18.50055855584 59.82852964622 0.0107 0.0137 20.2182 "" "" 414298012878587520 1560.1073 0.6136 0.019 -2.638 -0.768 0.014 0.018 1.018 7337.2 3.9798 14.581957 1.099004 15.041763 13.942759 "" "" 1516.57886 1607.90967 27679.87274 4.5245 13144.0 15.456 20992.0 12.159 "" "" 0.002761029853714341 0.003068395 0.0038313468 0.0068997415 18.50055855584 59.82852964622 1560.1073 -2.637999999999998 -0.7679999999999997 -1.193166721343994 0.05392593812942503 0.08327234 0.08727234 "" "" 8.832365754449238 "" 0.7355654901910432 ""
18.18384903904 60.31971310714 0.0228 0.0294 21.3548 "" "" 414329555118065408 1859.07336 0.4973 0.0374 1.544 -3.59 0.031 0.042 2.11 5113.0 3.483 14.587866 1.827612 15.465734 13.638123 -26.59 2.5 1763.62378 1977.69006 27529.64211 10.323 8894.5 11.175 27791.0 13.005 "" "" 0.0027852363668807987 0.003105777 0.0038133804 0.0069191577 18.18384903904 60.31971310714 1859.07336 1.5440000000000005 -3.589999999999999 2.988833278656006 -2.768074061870575 0.10027234 0.111272335 11.629999999999999 2.63 35.897829211944575 37.73474582039663 3.786997409173382 3.6927094558283287
19.12356356056 60.06541677828 0.0112 0.0129 10.6684 "" "" 510336917588613248 1530.13928 0.6227 0.0189 -0.846 -2.853 0.015 0.018 1.067 "" "" 14.600706 1.298516 15.170073 13.871556 -53.17 6.88 1490.13513 1572.13208 27205.98182 5.0615 11679.0 10.414 22415.0 13.724 "" "" 0.0027627144460453746 0.00295336 0.0038373997 0.00679076 19.12356356056 60.06541677828 1530.13928 -0.8459999999999994 -2.8529999999999984 0.5988332786560059 -2.031074061870575 0.08427234 0.08727234 -14.950000000000003 7.01 15.358028876625323 21.432954788718643 1.336704705169173 4.982574810859483
18.73267460549 60.15330169167 0.0123 0.0139 2.2037 "" "" 510386017657018880 1917.2804 0.4992 0.0197 -1.388 -0.828 0.016 0.018 1.029 9228.5 3.8648 14.619434 1.123974 15.063347 13.939373 "" "" 1838.80615 1988.9845 26740.70754 4.6888 12885.0 24.014 21058.0 98.434 "" "" 0.0027618893123887264 0.003446683 0.006327818 0.009774501 18.73267460549 60.15330169167 1917.2804 -1.3879999999999995 -0.8279999999999992 0.05683327865600596 -0.006074061870574909 0.08527234 0.08727234 "" "" 0.5194370749442242 "" 0.04430548416778277 ""
18.7966039681 59.85406067883 0.0112 0.0136 16.6828 "" "" 414251970827034112 2111.37524 0.4422 0.019 -1.934 -1.566 0.015 0.016 1.032 7991.1 3.6818 14.662912 1.213935 15.176711 13.962776 "" "" 2031.84595 2203.22681 25691.05142 5.5461 11607.0 14.088 20609.0 10.929 "" "" 0.0027652713820711544 0.0030857217 0.003822988 0.0069087096 18.7966039681 59.85406067883 2111.37524 -1.9339999999999997 -1.565999999999999 -0.4891667213439941 -0.744074061870575 0.08427234 0.08527234 "" "" 8.911714613628197 "" 0.7572445149001187 ""
18.60250614808 60.12238701421 0.0265 0.03 5.7201 "" "" 414311997291863168 1720.95325 0.5583 0.0441 2.661 -1.309 0.035 0.038 2.26 7142.5 3.8088 14.671477 1.245316 15.198375 13.953059 "" "" 1593.64148 1866.04285 25489.17485 8.7467 11378.0 11.187 20794.0 10.017 "" "" 0.002780395823143616 0.0029874113 0.0038154009 0.006802812 18.60250614808 60.12238701421 1720.95325 2.6610000000000023 -1.3090000000000004 4.1058332786560054 -0.4870740618705749 0.104272336 0.10727234 "" "" 33.727436987875244 "" 3.51826272837053 ""
19.01280109449 60.39832319081 0.012 0.0146 17.2617 "" "" 510395913261490048 1848.85144 0.5093 0.0199 -1.953 -1.847 0.016 0.019 1.006 6963.6 3.8498 14.674356 1.246442 15.211932 13.96549 -35.12 6.48 1789.25977 1907.67114 25421.66534 4.6833 11237.0 14.437 20557.0 17.119 "" "" 0.002762570758984859 0.0031194333 0.0038860294 0.0070054624 19.01280109449 60.39832319081 1848.85144 -1.9529999999999998 -1.847 -0.5081667213439942 -1.025074061870575 0.08527234 0.08827234 3.1000000000000014 6.61 10.026558244965905 10.494849700671935 0.8792153205775675 2.125501581019899
19.22300390782 60.30244410902 0.0115 0.0139 16.3937 "" "" 510347534747670656 1665.84058 0.5695 0.0194 -4.114 0.056 0.015 0.019 1.056 4892.4 3.3497 14.68679 1.70194 15.503752 13.801812 -26.93 3.21 1615.8844 1713.33899 25132.19956 4.3687 8588.5 9.0683 23902.0 12.151 "" "" 0.0027617764667641374 0.0030164982 0.0038194738 0.006835972 19.22300390782 60.30244410902 1665.84058 -4.113999999999999 0.055999999999999384 -2.669166721343994 0.8779259381294251 0.08427234 0.08827234 11.29 3.3400002 22.18673942763983 24.894085772126434 1.8785768726670007 2.257806977461816
18.77776127037 59.92689130818 0.0369 0.0491 12.3209 "" "" 414305331502801152 1495.41504 0.6705 0.0657 2.612 -0.97 0.05 0.06 3.903 10062.6 4.1848 14.696421 0.964938 15.02509 14.060152 "" "" 1368.7843 1663.53735 24910.28138 8.1382 13347.0 15.731 18841.0 36.269 "" "" 0.0027780584800807073 0.0030696248 0.004318799 0.0073884237 18.77776127037 59.92689130818 1495.41504 2.611999999999998 -0.9699999999999993 4.056833278656006 -0.14807406187057492 0.11927234 0.12927234 "" "" 28.77506719796014 "" 3.432468363886638 ""
18.95791202716 60.14011651327 0.0123 0.0142 4.9529 "" "" 510338291978104576 2019.84363 0.4652 0.0203 -1.521 -0.759 0.016 0.019 0.956 9222.7 3.9529 14.720418 0.913057 15.086343 14.173286 "" "" 1934.24341 2095.948 24365.74462 4.2609 12615.0 10.073 16976.0 15.589 "" "" 0.0027618541405618788 0.002921756 0.003908681 0.006830437 18.95791202716 60.14011651327 2019.84363 -1.521 -0.7590000000000003 -0.07616672134399405 0.06292593812942504 0.08527234 0.08827234 "" "" 0.9458977808135938 "" 0.08182192456599376 ""
19.43348614054 60.27873085964 0.0121 0.0141 21.0266 "" "" 510344511090859264 1708.2771 0.554 0.0203 -0.209 1.227 0.016 0.019 0.986 "" "" 14.727225 1.131669 15.207245 14.075576 "" "" 1658.13452 1781.4093 24213.44148 4.0548 11285.0 12.834 18575.0 10.603 "" "" 0.0027613125938854423 0.0030511795 0.0038298604 0.0068810396 19.43348614054 60.27873085964 1708.2771 -0.2089999999999994 1.2269999999999992 1.2358332786560058 2.0489259381294254 0.08527234 0.08827234 "" "" 19.3748733308241 "" 1.6949552410252988 ""
19.0900568238 60.30061456303 0.0121 0.0141 13.4408 "" "" 510346984991856128 1529.4043 0.6246 0.02 -2.789 -2.391 0.016 0.019 1.018 7208.4 4.1073 14.737457 1.061962 15.159714 14.097752 "" "" 1488.72009 1574.75879 23986.32915 5.0787 11790.0 10.968 18199.0 12.759 "" "" 0.0027648936888513436 0.00296736 0.003855274 0.006822634 19.0900568238 60.30061456303 1529.4043 -2.7890000000000006 -2.3910000000000013 -1.3441667213439943 -1.569074061870575 0.08527234 0.08827234 "" "" 14.977951238090817 "" 1.3033094129871614 ""
18.83308490739 60.12189342214 0.0135 0.0162 1.3476 "" "" 510384918145406720 1927.96899 0.4874 0.0216 -1.511 -0.859 0.017 0.022 1.088 9424.1 3.7032 14.748297 1.125539 15.219692 14.094153 "" "" 1850.39612 2005.4729 23748.05817 4.7569 11157.0 13.852 18260.0 12.052 "" "" 0.0027638898579740922 0.0030987333 0.0038467203 0.0069454536 18.83308490739 60.12189342214 1927.96899 -1.511 -0.8589999999999993 -0.06616672134399404 -0.03707406187057494 0.086272344 0.09127234 "" "" 0.6931185072330538 "" 0.06064302321502931 ""
18.97723610825 60.43303643328 0.0169 0.021 18.8701 "" "" 510396772254911104 1582.55615 0.5968 0.0279 -1.293 -2.361 0.022 0.027 1.474 5007.5 3.4329 14.757963 1.824198 15.646745 13.822547 -31.2 2.58 1508.18237 1659.16138 23537.56473 6.8004 7528.7 10.22 23450.0 15.969 "" "" 0.0027731190484760865 0.003155519 0.0038510244 0.0070065437 18.97723610825 60.43303643328 1582.55615 -1.2930000000000001 -2.361 0.15183327865600593 -1.5390740618705752 0.09127234 0.09627234 7.02 2.71 11.60112510976791 13.559738338643836 1.1163227821110768 1.6972208524870842
18.79037854829 60.20726510047 0.0125 0.0145 4.5105 "" "" 510386395614112896 1959.53418 0.4808 0.0202 -1.487 -0.763 0.016 0.019 0.977 9343.4 3.8463 14.759213 0.867493 15.101814 14.234322 "" "" 1885.75085 2027.25647 23510.49265 4.2707 12436.0 11.141 16048.0 11.878 "" "" 0.0027623698237496793 0.0029548511 0.0038638737 0.006818725 18.79037854829 60.20726510047 1959.53418 -1.487 -0.7629999999999999 -0.04216672134399424 0.05892593812942504 0.08527234 0.08827234 "" "" 0.6730125854417683 "" 0.05873241521897373 ""
19.26824993751 60.3464600595 0.0122 0.0143 19.1267 "" "" 510348084503632896 1731.91492 0.5476 0.0197 0.838 -0.862 0.016 0.019 1.007 8595.5 4.198 14.773672 1.094381 15.226803 14.132421 "" "" 1661.11121 1792.6853 23199.45783 4.7093 11084.0 13.673 17627.0 12.516 "" "" 0.002764120764454271 0.0030949777 0.0038572077 0.006952185 19.26824993751 60.3464600595 1731.91492 0.8380000000000001 -0.8619999999999999 2.282833278656006 -0.04007406187057494 0.08527234 0.08827234 "" "" 18.743297405687745 "" 1.5983024931185157 ""
18.79861352755 60.22088107317 0.013 0.0155 5.3295 "" "" 510387873082856960 1850.60425 0.5125 0.021 -1.449 -0.791 0.016 0.02 1.075 "" "" 14.777863 0.90733 15.143876 14.236546 "" "" 1792.6825 1920.23755 23110.10332 4.5581 11964.0 15.268 16015.0 19.138 "" "" 0.0027636293406459035 0.0031152633 0.003995889 0.007111152 18.79861352755 60.22088107317 1850.60425 -1.449 -0.7910000000000001 -0.004166721343994206 0.030925938129425012 0.08527234 0.089272335 "" "" 0.27372928016394893 "" 0.024417360542583408 ""
18.35036584422 60.08145511335 0.0124 0.0145 13.578 "" "" 414310760341309824 1698.00977 0.556 0.0207 0.178 5.253 0.016 0.02 0.997 7158.9 3.9538 14.806822 1.248077 15.347669 14.099591 -23.64 6.98 1652.46252 1758.2605 22501.84048 4.1908 9916.3 9.3043 18169.0 9.8754 "" "" 0.002762730243237253 0.0029703293 0.0038251772 0.0067955065 18.35036584422 60.08145511335 1698.00977 0.17800000000000082 5.253000000000002 1.6228332786560058 6.074925938129425 0.08527234 0.089272335 14.579999999999998 7.11 50.60898112071407 52.66730836179872 4.504780792831639 4.755205836037286
18.62294092813 59.79854010707 0.0119 0.0158 20.6543 "" "" 414297050805927424 1520.98303 0.631 0.0213 0.22 -2.755 0.015 0.022 0.958 7399.1 3.9217 14.818607 1.086564 15.272951 14.186387 "" "" 1481.04797 1566.32349 22258.91542 4.1893 10623.0 15.119 16773.0 11.916 "" "" 0.002762887230291747 0.0031894925 0.0038572901 0.0070467824 18.62294092813 59.79854010707 1520.98303 0.21999999999999986 -2.7550000000000017 1.6648332786560058 -1.9330740618705748 0.08427234 0.09127234 "" "" 18.39252417810387 "" 1.6251479598927046 ""
18.34463455608 60.04010082659 0.014 0.0152 14.5048 "" "" 414304747387132544 1594.7168 0.603 0.0229 -10.404 -0.302 0.017 0.02 0.974 5750.5 3.4745 14.825097 1.55139 15.544586 13.993196 -51.84 5.71 1534.8728 1648.06616 22126.25011 4.3655 8271.5 14.404 20039.0 12.327 "" "" 0.002763634853001548 0.0033704308 0.0038379428 0.0072083734 18.34463455608 60.04010082659 1594.7168 -10.404000000000002 -0.3019999999999996 -8.959166721343994 0.519925938129425 0.086272344 0.089272335 -13.620000000000005 5.84 67.83590320092488 69.18969694315223 5.853057284260342 5.852551863349298
18.50254706421 59.8895859634 0.012 0.0154 16.9576 "" "" 414302617083490944 1620.75354 0.58 0.0205 1.337 0.619 0.017 0.021 1.006 4981.8 3.4045 14.831682 1.703184 15.645136 13.941952 -32.39 2.57 1571.25525 1675.63 21992.46808 4.0388 7539.8 12.662 21008.0 10.45 "" "" 0.0027625252292551865 0.003333107 0.0038177755 0.007150883 18.50254706421 59.8895859634 1620.75354 1.337 0.619 2.7818332786560056 1.440925938129425 0.086272344 0.09027234 5.829999999999998 2.6999998 24.0678592185303 24.763900083851773 2.0971247603709666 2.134999436306658
19.06491499305 60.07193094477 0.0127 0.0146 8.8999 "" "" 510337158106776448 1686.66101 0.5641 0.0213 -0.076 -3.446 0.017 0.02 1.073 "" "" 14.83714 1.744175 15.681291 13.937116 -37.43 2.83 1632.21387 1745.08557 21882.19173 4.1426 7292.9 9.9052 21101.0 12.467 "" "" 0.0027629763065450887 0.0031558874 0.003833435 0.0069893226 19.06491499305 60.07193094477 1686.66101 -0.07599999999999929 -3.445999999999998 1.3688332786560058 -2.624074061870575 0.086272344 0.089272335 0.7899999999999991 2.96 23.661650917951082 23.67483525102076 2.0973487549261978 2.0985065133028944
18.92449378273 60.43281900175 0.0149 0.0185 18.4626 "" "" 510396806614647552 1833.08984 0.5141 0.0247 -1.274 -1.945 0.021 0.024 1.208 9634.3 4.2524 14.849418 1.028128 15.251521 14.223393 "" "" 1755.94409 1915.59387 21636.12675 5.3735 10834.0 63.195 16211.0 34.527 "" "" 0.0027684835320174253 0.0069205165 0.0044307085 0.011351225 18.92449378273 60.43281900175 1833.08984 -1.274 -1.945 0.17083327865600584 -1.123074061870575 0.09027234 0.09327234 "" "" 9.870465229837986 "" 0.9199822958130082 ""
18.38543381363 59.95946343356 0.0134 0.0161 16.0099 "" "" 414303819674276352 2091.14087 0.4538 0.0235 -1.157 0.79 0.017 0.021 0.986 6581.4 3.9944 14.850916 1.257996 15.398654 14.140658 -58.73 7.15 1997.53955 2173.61694 21606.30555 4.4932 9461.4 10.533 17494.0 8.4904 "" "" 0.002764555897387813 0.003040727 0.0038159396 0.006856667 18.38543381363 59.95946343356 2091.14087 -1.1569999999999991 0.7899999999999996 0.28783327865600583 1.611925938129425 0.086272344 0.09027234 -20.509999999999998 7.28 16.230146836463103 26.154880354020992 1.4631703659415645 5.780545275161615
18.82327657462 59.89945195733 0.031 0.0375 13.9886 "" "" 414258018140957184 1557.16016 0.6251 0.0541 -0.919 0.551 0.041 0.046 2.605 7236.4 3.8299 14.86502 1.451135 15.508473 14.057339 9.67 7.15 1438.15979 1684.28174 21327.43981 7.0955 8551.2 10.81 18890.0 12.25 "" "" 0.002778896788218624 0.003109485 0.0038444076 0.0069538923 18.82327657462 59.89945195733 1557.16016 -0.9189999999999996 0.5509999999999997 0.5258332786560058 1.3729259381294252 0.11027234 0.11527234 47.89 7.28 10.851301691941345 49.10400033000905 1.24404619909098 7.105336929941863
