Clusters/NGC_433/NGC_433_stars_in_region.tsv
# %ECSV 1.0
# ---
# datatype:
# - name: RA_ICRS_1
#   unit: deg
#   datatype: float64
#   format: '{:15.11f}'
#   description: Right ascension (ICRS) at Ep=2016.0 (ra)
#   meta: !!omap
#   - {ucd: POS_EQ_RA_MAIN}
#   - {width: 15}
#   - {precision: '11'}
# - name: DE_ICRS_1
#   unit: deg
#   datatype: float64
#   format: '{:15.11f}'
#   description: Declination (ICRS) at Ep=2016.0 (dec)
#   meta: !!omap
#   - {ucd: POS_EQ_DEC_MAIN}
#   - {width: 15}
#   - {precision: '11'}
# - name: e_RA_ICRS
#   unit: mas
#   datatype: float64
#   format: '{:7.4f}'
#   description: Standard error of right ascension (ra_error)
#   meta: !!omap
#   - {ucd: ERROR}
#   - {width: 7}
#   - {precision: '4'}
# - name: e_DE_ICRS
#   unit: mas
#   datatype: float64
#   format: '{:7.4f}'
#   description: Standard error of declination (dec_error)
#   meta: !!omap
#   - {ucd: ERROR}
#   - {width: 7}
#   - {precision: '4'}
# - name: _r_1
#   unit: ''
#   datatype: float64
#   format: '{:7.4f}'
#   description: Distance from center (018.79291689000+60.13210061000)[ICRS], at Epoch=J2016.0
#   meta: !!omap
#   - {ucd: POS_ANG_DIST_GENERAL}
#   - {width: 7}
#   - {precision: '4'}
# - name: HIP
#   datatype: int32
#   description: '? HIP cross-id number, van Leeuwen, Cat. I/311 (hip_original_ext_source_id)'
#   meta: !!omap
#   - {ucd: ID_NUMBER}
#   - {width: 6}
#   - values: {'null': -2147483648}
# - name: TYC2
#   datatype: string
#   description: Tycho-2 cross-id name, Hog et al., Cat. I/259 (tyc2_original_ext_source_id)
#   meta: !!omap
#   - {ucd: ID_CROSSID}
#   - {_votable_string_dtype: char}
# - name: Source
#   datatype: int64
#   description: Source identifier, identical to the Gaia-EDR3 source_id (id)
#   meta: !!omap
#   - {ucd: ID_MAIN}
#   - {width: 19}
# - name: rgeo
#   unit: pc
#   datatype: float64
#   format: '{:15.8f}'
#   description: '? Median of the geometric distance posterior (r_med_geo)'
#   meta: !!omap
#   - {ucd: PHYS_DISTANCE_TRUE}
#   - {width: 15}
#   - {precision: '8'}
#   - values: {'null': .nan}
# - name: Plx
#   unit: mas
#   datatype: float64
#   format: '{:9.4f}'
#   description: '? Parallax (parallax)'
#   meta: !!omap
#   - {ucd: POS_PARLX_TRIG}
#   - {width: 9}
#   - {precision: '4'}
#   - values: {'null': .nan}
# - name: e_Plx
#   unit: mas
#   datatype: float32
#   format: '{:7.4f}'
#   description: '? Standard error of parallax (parallax_error)'
#   meta: !!omap
#   - {ucd: ERROR}
#   - {width: 7}
#   - {precision: '4'}
#   - values: {'null': .nan}
# - name: pmRA
#   unit: mas / yr
#   datatype: float64
#   format: '{:9.3f}'
#   description: '? Proper motion in right ascension direction, pmRA*cosDE (pmra)'
#   meta: !!omap
#   - {ucd: POS_EQ_PMRA}
#   - {width: 9}
#   - {precision: '3'}
#   - values: {'null': .nan}
# - name: pmDE
#   unit: mas / yr
#   datatype: float64
#   format: '{:9.3f}'
#   description: '? Proper motion in declination direction (pmdec)'
#   meta: !!omap
#   - {ucd: POS_EQ_PMDEC}
#   - {width: 9}
#   - {precision: '3'}
#   - values: {'null': .nan}
# - name: e_pmRA
#   unit: mas / yr
#   datatype: float32
#   format: '{:6.3f}'
#   description: '? Standard error of proper motion in right ascension direction (pmra_error)'
#   meta: !!omap
#   - {ucd: ERROR}
#   - {width: 6}
#   - {precision: '3'}
#   - values: {'null': .nan}
# - name: e_pmDE
[...]
#         value: !astropy.table.SerializedColumn {name: SkyCoord.dec}
#       distance: !astropy.table.SerializedColumn
#         __class__: astropy.coordinates.distances.Distance
#         unit: !astropy.units.Unit {unit: pc}
#         value: !astropy.table.SerializedColumn {name: SkyCoord.distance}
#       frame: icrs
#       obstime: !astropy.time.Time {format: jyear_str, in_subfmt: '*', jd1: 367701545.0, jd2: 0.0, out_subfmt: '*', precision: 3, scale: tt}
#       pm_dec: !astropy.table.SerializedColumn
#         __class__: astropy.units.quantity.Quantity
#         unit: !astropy.units.Unit {unit: mas / yr}
#         value: !astropy.table.SerializedColumn {name: SkyCoord.pm_dec}
#       pm_ra_cosdec: !astropy.table.SerializedColumn
#         __class__: astropy.units.quantity.Quantity
#         unit: !astropy.units.Unit {unit: mas / yr}
#         value: !astropy.table.SerializedColumn {name: SkyCoord.pm_ra_cosdec}
#       ra: !astropy.table.SerializedColumn
#         __class__: astropy.coordinates.angles.Longitude
#         unit: *id001
#         value: !astropy.table.SerializedColumn {name: SkyCoord.ra}
#         wrap_angle: !astropy.coordinates.Angle
#           unit: *id001
#           value: 360.0
#       representation_type: spherical
# schema: astropy-2.0
RA_ICRS_1 DE_ICRS_1 e_RA_ICRS e_DE_ICRS _r_1 HIP TYC2 Source rgeo Plx e_Plx pmRA pmDE e_pmRA e_pmDE RUWE Teff logg Gmag BP-RP BPmag RPmag RV e_RV b_rgeo B_rgeo FG e_FG FBP e_FBP FRP e_FRP RAVE5 RAVE6 e_Gmag e_BPmag e_RPmag e_BP-RP SkyCoord.ra SkyCoord.dec SkyCoord.distance SkyCoord.pm_ra_cosdec SkyCoord.pm_dec rmRA rmDE e_rmRA e_rmDE rRV e_rRV v_pec v_pec3d e_vpec e_vpec3d
[from data line 342]
18.57451355194 60.4195285374 0.0204 0.0251 18.429 "" "" 510393267561598464 1587.58972 0.6026 0.0355 -0.538 -1.266 0.027 0.032 0.988 7221.1 4.331 15.966074 1.522846 16.664537 15.141691 "" "" 1504.04785 1705.83716 7736.01228 2.4791 2948.5 7.6095 6958.0 9.9301 "" "" 0.0027772018080078975 0.003954321 0.004084691 0.008039013 18.57451355194 60.4195285374 1587.58972 -0.538 -1.266 0.9068332786560058 -0.44407406187057497 0.09627234 0.101272345 "" "" 7.598371732925092 "" 0.739013825763772 ""
19.30037109163 59.99415223617 0.0209 0.0251 17.3026 "" "" 510332794420270848 1637.81995 0.5788 0.0354 3.666 1.531 0.028 0.033 1.061 6540.4 4.0475 15.967094 1.721007 16.791178 15.07017 "" "" 1572.09497 1740.4375 7728.74528 2.3063 2623.9 9.692 7431.7 10.264 "" "" 0.0027743032792336537 0.004885546 0.0040659923 0.008951538 19.30037109163 59.99415223617 1637.81995 3.6660000000000004 1.5309999999999995 5.110833278656006 2.3529259381294247 0.09727234 0.10227234 "" "" 43.67958815253531 "" 4.287812446794114 ""
18.3699683139 59.88106494518 0.0206 0.0259 19.6926 "" "" 414301311413564288 1930.53271 0.4935 0.0358 -3.186 -0.565 0.028 0.036 1.0 6533.0 4.2779 15.96711 1.285214 16.531513 15.2463 "" "" 1786.12573 2062.40894 7728.63362 2.3636 3332.8 8.2678 6318.9 7.6485 "" "" 0.0027752554096944983 0.003878091 0.0040013534 0.007879444 18.3699683139 59.88106494518 1930.53271 -3.1859999999999977 -0.5650000000000005 -1.741166721343994 0.2569259381294251 0.09727234 0.10527234 "" "" 16.105464524464363 "" 1.5694721073536932 ""
18.20690595116 60.3408121613 0.0208 0.0266 21.4819 "" "" 414329688250965248 1896.55591 0.5054 0.0352 -4.925 -0.989 0.028 0.037 1.012 7782.3 4.2369 15.974009 1.447756 16.628418 15.180662 "" "" 1779.81421 2084.12695 7679.68375 2.2588 3048.2 7.1616 6712.6 9.0426 "" "" 0.00277376458651823 0.0037804847 0.0040525226 0.007833008 18.20690595116 60.3408121613 1896.55591 -4.925000000000003 -0.9889999999999999 -3.480166721343994 -0.16707406187057494 0.09727234 0.10627234 "" "" 31.321599288359334 "" 3.0474032500347046 ""
19.28378373564 59.98972653904 0.0215 0.0248 17.0008 "" "" 510332760060305152 1855.09753 0.5112 0.0368 -1.729 -0.592 0.027 0.031 1.051 9081.5 4.3103 15.974159 1.259598 16.520018 15.26042 "" "" 1740.52466 1974.46716 7678.61878 2.2463 3368.3 6.8631 6237.2 9.0392 "" "" 0.0027735667246403567 0.0035607712 0.0040938496 0.007654621 19.28378373564 59.98972653904 1855.09753 -1.7290000000000012 -0.592000000000001 -0.28416672134399423 0.22992593812942508 0.09627234 0.10027234 "" "" 3.214218517263086 "" 0.31459004181074807 ""
19.25715770364 60.24032964479 0.0221 0.0233 15.2956 "" "" 510345610602343552 1752.125 0.5537 0.0352 -1.914 -0.898 0.028 0.031 1.002 6529.0 4.3938 15.975435 1.165953 16.469759 15.303806 "" "" 1643.86499 1868.52222 7669.59848 2.2404 3527.9 9.0653 5992.9 8.8989 "" "" 0.0027735138974269843 0.0039457125 0.0041088895 0.008054602 19.25715770364 60.24032964479 1752.125 -1.9140000000000006 -0.8979999999999995 -0.46916672134399406 -0.07607406187057497 0.09727234 0.10027234 "" "" 3.9473536526074984 "" 0.384276239910705 ""
18.72479784329 60.09828930346 0.0215 0.0259 2.8745 "" "" 414308836195956864 1851.26904 0.5131 0.0361 -1.349 -0.871 0.027 0.033 1.05 8534.5 4.4265 15.995254 1.296856 16.560562 15.263706 "" "" 1753.46814 1964.26843 7530.87599 2.4265 3244.8 10.026 6218.4 10.206 "" "" 0.002777439756068797 0.004363439 0.0041784155 0.008541854 18.72479784329 60.09828930346 1851.26904 -1.3490000000000009 -0.8710000000000007 0.09583327865600588 -0.04907406187057495 0.09627234 0.10227234 "" "" 0.9447835587061924 "" 0.09216287963294298 ""
19.42964688431 60.0315368932 0.0211 0.0234 19.9871 "" "" 510322761376635904 1599.32153 0.5996 0.0335 6.245 -1.423 0.028 0.031 1.037 5601.6 3.6683 15.996294 1.490673 16.676886 15.186213 "" "" 1525.65869 1685.12817 7523.65775 2.119 2915.2 6.1166 6678.4 7.7646 "" "" 0.0027722370385104894 0.003602031 0.003984619 0.0075866496 19.42964688431 60.0315368932 1599.32153 6.245 -1.423 7.689833278656006 -0.601074061870575 0.09727234 0.10027234 "" "" 58.47277759444352 "" 5.688865274001216 ""
19.15341578536 59.81654980698 0.0215 0.0262 21.8083 "" "" 414253826252943488 1762.2666 0.5516 0.0365 -0.591 0.149 0.028 0.032 0.983 6702.0 4.2842 15.997602 1.525146 16.694014 15.168867 "" "" 1670.81604 1889.05945 7514.6061 2.3365 2869.5 6.9536 6786.0 6.8591 "" "" 0.002775923885709265 0.0038350266 0.0039354903 0.007770517 19.15341578536 59.81654980698 1762.2666 -0.5909999999999995 0.14900000000000005 0.8538332786560059 0.9709259381294251 0.09727234 0.101272345 "" "" 10.80022536702315 "" 1.07513790268743 ""
19.38151390052 60.36067392121 0.0215 0.0252 22.2541 "" "" 510368494189307520 2123.94751 0.4532 0.0356 -1.89 -1.364 0.029 0.035 0.989 7097.7 4.358 15.998321 1.288145 16.567238 15.279093 "" "" 1991.49377 2288.92578 7509.63063 2.2401 3224.9 7.7413 6130.9 11.342 "" "" 0.0027742895200514313 0.0038180847 0.004279969 0.008098054 19.38151390052 60.36067392121 2123.94751 -1.8900000000000003 -1.3639999999999988 -0.44516672134399404 -0.542074061870575 0.09827234 0.104272336 "" "" 7.061752361355196 "" 0.719579683150627 ""
18.41551056019 60.13798148783 0.0218 0.0252 11.2814 "" "" 414311344456815744 1779.25928 0.5316 0.0371 -1.566 -1.115 0.028 0.034 0.965 7442.9 4.3535 15.998981 1.253878 16.54334 15.289463 "" "" 1667.8927 1925.69849 7505.06756 2.3555 3296.7 8.516 6072.6 8.0874 "" "" 0.0027763121261672346 0.003956157 0.0040465477 0.008002704 18.41551056019 60.13798148783 1779.25928 -1.565999999999999 -1.1150000000000002 -0.1211667213439942 -0.29307406187057494 0.09727234 0.10327234 "" "" 2.6746069456491495 "" 0.27392895362634356 ""
18.14521435234 60.01860741952 0.0229 0.0262 20.5479 "" "" 414316876374789632 2140.73389 0.4397 0.0402 4.57 -1.913 0.029 0.035 1.068 7387.4 3.9168 16.000706 1.427355 16.6455 15.218145 "" "" 1959.69885 2380.56299 7493.15078 2.3744 3000.7 8.6083 6484.8 7.7728 "" "" 0.00277671668137541 0.0041816905 0.003997165 0.008178855 18.14521435234 60.01860741952 2140.73389 4.569999999999997 -1.9129999999999994 6.014833278656006 -1.091074061870575 0.09827234 0.104272336 "" "" 62.02900289425397 "" 6.107941123470208 ""
18.89459917485 59.99998110312 0.0214 0.0263 8.4917 "" "" 414260526402131456 2081.99316 0.4649 0.0372 -1.47 -0.691 0.028 0.034 0.982 7416.0 4.3832 16.003859 1.20629 16.524239 15.317948 "" "" 1935.78418 2253.11768 7471.42222 2.5014 3355.2 9.0963 5915.3 9.7481 "" "" 0.0027791943972766673 0.004055799 0.0041815178 0.008237317 18.89459917485 59.99998110312 2081.99316 -1.4699999999999998 -0.6910000000000007 -0.025166721343994114 0.1309259381294251 0.09727234 0.10327234 "" "" 1.3157155844476671 "" 0.13560363259850025 ""
18.53605460681 60.13893813097 0.0215 0.0248 7.6852 "" "" 414311894212631168 1713.60388 0.5616 0.0368 -2.86 -0.874 0.027 0.031 1.007 5683.4 4.0725 16.009333 1.521557 16.710575 15.189018 "" "" 1603.22021 1835.26965 7433.84271 2.2985 2826.1 8.4362 6661.2 8.2613 "" "" 0.0027756955948324614 0.0042766053 0.004012095 0.0082887 18.53605460681 60.13893813097 1713.60388 -2.8599999999999994 -0.8740000000000001 -1.415166721343994 -0.05207406187057495 0.09627234 0.10027234 "" "" 11.502446193454183 "" 1.1074309376618794 ""
19.19124221839 60.37169861249 0.0218 0.0246 18.6357 "" "" 510348806057972352 1559.07312 0.6212 0.0347 1.296 -2.164 0.029 0.034 0.999 7221.4 4.272 16.010536 1.309624 16.584469 15.274845 "" "" 1474.42102 1667.30908 7425.60922 2.3078 3174.2 7.0294 6154.9 7.2194 "" "" 0.002775905603879292 0.0036832362 0.003988179 0.007671415 19.19124221839 60.37169861249 1559.07312 1.2959999999999998 -2.164 2.740833278656006 -1.342074061870575 0.09827234 0.10327234 "" "" 22.552636386870216 "" 2.238551389383459 ""
18.2415768249 60.26912216462 0.0208 0.0262 18.3808 "" "" 414326119144243456 2158.03442 0.4382 0.0348 -2.916 -0.541 0.027 0.036 1.037 7342.9 4.0903 16.010859 1.353889 16.613115 15.259227 "" "" 1985.59753 2397.87964 7423.41399 2.1837 3091.5 8.2082 6244.1 7.1678 "" "" 0.002773769232199518 0.004011875 0.0039795875 0.007991463 18.2415768249 60.26912216462 2158.03442 -2.915999999999998 -0.5410000000000004 -1.471166721343994 0.280925938129425 0.09627234 0.10527234 "" "" 15.320595090993065 "" 1.4800185181713323 ""
18.49532215146 60.11273008724 0.0214 0.0248 8.9704 "" "" 414312478328205312 2033.54004 0.462 0.036 -3.64 2.725 0.027 0.031 0.983 7138.1 4.3516 16.01337 1.308209 16.582989 15.27478 "" "" 1882.77551 2163.17554 7406.2511 2.353 3178.5 9.6836 6155.3 10.772 "" "" 0.002776828284505579 0.004327421 0.004230133 0.008557554 18.49532215146 60.11273008724 2033.54004 -3.6399999999999997 2.7249999999999988 -2.1951667213439943 3.546925938129425 0.09627234 0.10027234 "" "" 40.206726143371775 "" 3.9877312461031273 ""
19.19975567883 59.85852455119 0.0205 0.0243 20.4559 "" "" 414254719606109184 1831.44983 0.5191 0.034 2.726 0.985 0.027 0.032 0.983 7322.2 4.2924 16.014053 1.327802 16.59905 15.271249 "" "" 1717.43604 1941.66296 7401.60047 2.1048 3131.8 7.0068 6175.3 7.9849 "" "" 0.0027725650700766995 0.0036994189 0.0040317066 0.0077311257 19.19975567883 59.85852455119 1831.44983 2.725999999999999 0.9850000000000003 4.170833278656006 1.806925938129425 0.09627234 0.101272345 "" "" 39.4591082942882 "" 3.8306750010908424 ""
18.45377817741 60.42878645806 0.0221 0.0274 20.4607 "" "" 510405121664740480 2018.45557 0.4642 0.038 -2.476 -0.172 0.029 0.034 1.078 "" "" 16.014637 1.323917 16.504263 15.180346 "" "" 1870.6582 2156.78076 7397.62167 2.9313 3417.5 39.761 6714.6 55.108 "" "" 0.0027887058347936915 0.0129365055 0.009679197 0.022615703 18.45377817741 60.42878645806 2018.45557 -2.476 -0.17199999999999893 -1.0311667213439941 0.6499259381294251 0.09827234 0.10327234 "" "" 11.661766585830108 "" 1.1629044302345084 ""
18.2279203205 60.01412895194 0.022 0.0249 18.3338 "" "" 414316189180030080 1808.17493 0.5264 0.037 1.843 -0.587 0.027 0.034 1.007 6855.3 4.2908 16.017286 1.303369 16.592981 15.289613 "" "" 1688.05188 1983.25708 7379.59479 2.2649 3149.4 8.9891 6071.7 7.457 "" "" 0.002775397261615785 0.004169947 0.004007721 0.008177668 18.2279203205 60.01412895194 1808.17493 1.843000000000001 -0.5870000000000004 3.287833278656006 0.23492593812942508 0.09627234 0.10327234 "" "" 28.251037869808595 "" 2.720834428197323 ""
18.80662100003 59.84017231927 0.02 0.025 17.5205 "" "" 414251902107566592 1471.36926 0.6613 0.0344 4.484 -1.199 0.026 0.03 0.979 4923.0 4.1392 16.01838 1.697649 16.827957 15.130308 "" "" 1398.77539 1534.04492 7372.15968 2.2254 2536.5 6.127 7031.3 7.6034 "" "" 0.0027747444881068223 0.0038292615 0.0039575477 0.0077868095 18.80662100003 59.84017231927 1471.36926 4.484 -1.199 5.928833278656006 -0.377074061870575 0.09527234 0.09927234 "" "" 41.432948443702706 "" 3.948095582535363 ""
18.58875517073 59.98861389873 0.0236 0.0267 10.5591 "" "" 414306362294895104 1638.79102 0.5748 0.0381 -0.618 -0.387 0.028 0.033 1.004 6876.4 4.351 16.023954 1.222117 16.552048 15.32993 "" "" 1528.61108 1745.2533 7334.40419 2.4835 3270.4 8.8601 5850.4 9.1495 "" "" 0.00277973903585504 0.004054282 0.004143297 0.0081975795 18.58875517073 59.98861389873 1638.79102 -0.618 -0.38700000000000007 0.8268332786560059 0.43492593812942504 0.09727234 0.10227234 "" "" 7.257093688659494 "" 0.7139349794216083 ""
19.42074621827 60.0434119006 0.0214 0.0253 19.524 "" "" 510334615486362624 2033.73792 0.4647 0.0352 -1.519 -2.303 0.028 0.033 1.005 5226.9 4.167 16.024796 1.539996 16.73405 15.194055 "" "" 1905.46179 2161.6958 7328.73231 2.1391 2765.6 6.6491 6630.3 8.1885 "" "" 0.0027734846327594743 0.0038208566 0.0040102038 0.00783106 19.42074621827 60.0434119006 2033.73792 -1.5189999999999988 -2.303 -0.07416672134399405 -1.4810740618705749 0.09727234 0.10227234 "" "" 14.29532222207693 "" 1.4618416136588677 ""
19.08806996622 60.05762630355 0.0225 0.0253 9.8955 "" "" 510336986308287616 1595.51404 0.6093 0.0378 0.435 0.145 0.03 0.036 1.082 7217.0 4.2931 16.034813 1.34654 16.630701 15.284162 "" "" 1506.25806 1709.41907 7261.42086 2.1543 3041.8 9.6654 6102.3 8.5151 "" "" 0.0027740848017616475 0.0044370303 0.0040717362 0.008508766 19.08806996622 60.05762630355 1595.51404 0.435 0.14500000000000002 1.879833278656006 0.9669259381294251 0.09927234 0.10527234 "" "" 15.987129447379749 "" 1.6076222563393545 ""
18.98395298003 60.23063481025 0.0237 0.0286 8.2121 "" "" 510387392046517376 1448.95386 0.672 0.0389 -4.031 -0.007 0.03 0.036 1.117 6557.8 4.0633 16.036804 1.398645 16.663464 15.264818 "" "" 1378.70605 1523.104 7248.11489 2.2319 2951.4 7.2668 6212.0 8.8665 "" "" 0.0027755297219501447 0.0038641053 0.004084761 0.007948866 18.98395298003 60.23063481025 1448.95386 -4.030999999999997 -0.0069999999999998085 -2.586166721343994 0.814925938129425 0.09927234 0.10527234 "" "" 18.62285905215863 "" 1.8591034155419202 ""
18.6364375491 60.11718288998 0.023 0.0267 4.7616 "" "" 414311928572391936 1958.854 0.4822 0.0381 -1.23 0.375 0.029 0.034 1.022 7349.6 4.3335 16.037373 1.398014 16.647236 15.249222 "" "" 1815.51709 2102.59424 7244.32025 2.3288 2995.9 10.586 6301.9 17.748 "" "" 0.002777338502836506 0.00474377 0.0048614372 0.0096052075 18.6364375491 60.11718288998 1958.854 -1.2300000000000009 0.375 0.21483327865600588 1.196925938129425 0.09827234 0.10327234 "" "" 11.29101367780735 "" 1.1643288202121136 ""
18.08039741474 60.12198999664 0.0235 0.027 21.302 "" "" 414320759024984064 1675.57373 0.5843 0.0399 -1.26 -2.372 0.031 0.038 1.053 5509.3 3.8859 16.04298 1.655639 16.822523 15.166884 "" "" 1560.22021 1804.64673 7207.00065 2.953 2549.2 7.0415 6798.4 8.6995 "" "" 0.0027910031863417105 0.0040962696 0.004026664 0.008122934 18.08039741474 60.12198999664 1675.57373 -1.2599999999999991 -2.3719999999999968 0.18483327865600585 -1.5500740618705748 0.10027234 0.10727234 "" "" 12.398242003433824 "" 1.3288109349026231 ""
19.08639136025 60.22655452558 0.0246 0.0253 10.4304 "" "" 510346125998421888 1583.49573 0.608 0.037 -0.865 -0.831 0.03 0.035 1.013 5941.4 4.3843 16.043982 1.304164 16.618004 15.31384 "" "" 1514.13184 1664.57959 7200.35875 2.4106 3077.6 11.975 5937.8 9.0537 "" "" 0.0027791934276948566 0.005062851 0.004126058 0.009188909 19.08639136025 60.22655452558 1583.49573 -0.865 -0.831 0.5798332786560059 -0.009074061870574912 0.09927234 0.104272336 "" "" 4.352627980635262 "" 0.43210102986322846 ""
19.01462474653 60.03081490434 0.0214 0.0249 8.9974 "" "" 510336505271770880 1645.00195 0.5845 0.0373 0.195 -1.365 0.027 0.032 1.03 7151.5 4.3624 16.049738 1.268744 16.599218 15.330475 "" "" 1546.50085 1770.91101 7162.28035 2.2134 3131.3 6.4108 5847.5 8.6262 "" "" 0.0027756747937756256 0.0035673727 0.0041047633 0.0076721357 19.01462474653 60.03081490434 1645.00195 0.19499999999999973 -1.3650000000000009 1.639833278656006 -0.5430740618705749 0.09627234 0.101272345 "" "" 13.469234166309198 "" 1.3035260116044567 ""
18.45291802581 60.0541315943 0.0612 0.073 11.1955 "" "" 414310451103693952 1477.3822 0.6781 0.1025 -0.938 0.332 0.077 0.097 2.745 "" "" 16.051554 1.293927 16.58509 15.291163 "" "" 1317.01099 1717.84485 7150.31864 6.867 3172.3 7.7473 6063.1 7.6463 "" "" 0.002946022015428136 0.0038491278 0.004019771 0.007868899 18.45291802581 60.0541315943 1477.3822 -0.9380000000000006 0.3320000000000002 0.5068332786560059 1.1539259381294251 0.14627233 0.16627234 "" "" 8.825809853688806 "" 1.4404088672811954 ""
