Clusters/Hogg_19/Hogg_19_stars_in_region.tsv
# %ECSV 1.0
# ---
# datatype:
# - name: RA_ICRS_1
#   unit: deg
#   datatype: float64
#   format: '{:15.11f}'
#   description: Right ascension (ICRS) at Ep=2016.0 (ra)
#   meta: !!omap
#   - {ucd: POS_EQ_RA_MAIN}
#   - {width: 15}
#   - {precision: '11'}
# - name: DE_ICRS_1
#   unit: deg
#   datatype: float64
#   format: '{:15.11f}'
#   description: Declination (ICRS) at Ep=2016.0 (dec)
#   meta: !!omap
#   - {ucd: POS_EQ_DEC_MAIN}
#   - {width: 15}
#   - {precision: '11'}
# - name: e_RA_ICRS
#   unit: mas
#   datatype: float64
#   format: '{:7.4f}'
#   description: Standard error of right ascension (ra_error)
#   meta: !!omap
#   - {ucd: ERROR}
#   - {width: 7}
#   - {precision: '4'}
# - name: e_DE_ICRS
#   unit: mas
#   datatype: float64
#   format: '{:7.4f}'
#   description: Standard error of declination (dec_error)
#   meta: !!omap
#   - {ucd: ERROR}
#   - {width: 7}
#   - {precision: '4'}
# - name: _r_1
#   unit: ''
#   datatype: float64
#   format: '{:7.4f}'
#   description: Distance from center (247.22981152000-49.10539588000)[ICRS], at Epoch=J2016.0
#   meta: !!omap
#   - {ucd: POS_ANG_DIST_GENERAL}
#   - {width: 7}
#   - {precision: '4'}
# - name: HIP
#   datatype: int32
#   description: '? HIP cross-id number, van Leeuwen, Cat. I/311 (hip_original_ext_source_id)'
#   meta: !!omap
#   - {ucd: ID_NUMBER}
#   - {width: 6}
#   - values: {'null': -2147483648}
# - name: TYC2
#   datatype: string
#   description: Tycho-2 cross-id name, Hog et al., Cat. I/259 (tyc2_original_ext_source_id)
#   meta: !!omap
#   - {ucd: ID_CROSSID}
#   - {_votable_string_dtype: char}
# - name: Source
#   datatype: int64
#   description: Source identifier, identical to the Gaia-EDR3 source_id (id)
#   meta: !!omap
#   - {ucd: ID_MAIN}
#   - {width: 19}
# - name: rgeo
#   unit: pc
#   datatype: float64
#   format: '{:15.8f}'
#   description: '? Median of the geometric distance posterior (r_med_geo)'
#   meta: !!omap
#   - {ucd: PHYS_DISTANCE_TRUE}
#   - {width: 15}
#   - {precision: '8'}
#   - values: {'null': .nan}
# - name: Plx
#   unit: mas
#   datatype: float64
#   format: '{:9.4f}'
#   description: '? Parallax (parallax)'
#   meta: !!omap
#   - {ucd: POS_PARLX_TRIG}
#   - {width: 9}
#   - {precision: '4'}
#   - values: {'null': .nan}
# - name: e_Plx
#   unit: mas
#   datatype: float32
#   format: '{:7.4f}'
#   description: '? Standard error of parallax (parallax_error)'
#   meta: !!omap
#   - {ucd: ERROR}
#   - {width: 7}
#   - {precision: '4'}
#   - values: {'null': .nan}
# - name: pmRA
#   unit: mas / yr
#   datatype: float64
#   format: '{:9.3f}'
#   description: '? Proper motion in right ascension direction, pmRA*cosDE (pmra)'
#   meta: !!omap
#   - {ucd: POS_EQ_PMRA}
#   - {width: 9}
#   - {precision: '3'}
#   - values: {'null': .nan}
# - name: pmDE
#   unit: mas / yr
#   datatype: float64
#   format: '{:9.3f}'
#   description: '? Proper motion in declination direction (pmdec)'
#   meta: !!omap
#   - {ucd: POS_EQ_PMDEC}
#   - {width: 9}
#   - {precision: '3'}
#   - values: {'null': .nan}
# - name: e_pmRA
#   unit: mas / yr
#   datatype: float32
#   format: '{:6.3f}'
#   description: '? Standard error of proper motion in right ascension direction (pmra_error)'
#   meta: !!omap
#   - {ucd: ERROR}
#   - {width: 6}
#   - {precision: '3'}
#   - values: {'null': .nan}
# - name: e_pmDE
[...]
#         value: !astropy.table.SerializedColumn {name: SkyCoord.dec}
#       distance: !astropy.table.SerializedColumn
#         __class__: astropy.coordinates.distances.Distance
#         unit: !astropy.units.Unit {unit: pc}
#         value: !astropy.table.SerializedColumn {name: SkyCoord.distance}
#       frame: icrs
#       obstime: !astropy.time.Time {format: jyear_str, in_subfmt: '*', jd1: 367701545.0, jd2: 0.0, out_subfmt: '*', precision: 3, scale: tt}
#       pm_dec: !astropy.table.SerializedColumn
#         __class__: astropy.units.quantity.Quantity
#         unit: !astropy.units.Unit {unit: mas / yr}
#         value: !astropy.table.SerializedColumn {name: SkyCoord.pm_dec}
#       pm_ra_cosdec: !astropy.table.SerializedColumn
#         __class__: astropy.units.quantity.Quantity
#         unit: !astropy.units.Unit {unit: mas / yr}
#         value: !astropy.table.SerializedColumn {name: SkyCoord.pm_ra_cosdec}
#       ra: !astropy.table.SerializedColumn
#         __class__: astropy.coordinates.angles.Longitude
#         unit: *id001
#         value: !astropy.table.SerializedColumn {name: SkyCoord.ra}
#         wrap_angle: !astropy.coordinates.Angle
#           unit: *id001
#           value: 360.0
#       representation_type: spherical
# schema: astropy-2.0
RA_ICRS_1 DE_ICRS_1 e_RA_ICRS e_DE_ICRS _r_1 HIP TYC2 Source rgeo Plx e_Plx pmRA pmDE e_pmRA e_pmDE RUWE Teff logg Gmag BP-RP BPmag RPmag RV e_RV b_rgeo B_rgeo FG e_FG FBP e_FBP FRP e_FRP RAVE5 RAVE6 e_Gmag e_BPmag e_RPmag e_BP-RP SkyCoord.ra SkyCoord.dec SkyCoord.distance SkyCoord.pm_ra_cosdec SkyCoord.pm_dec rmRA rmDE e_rmRA e_rmDE rRV e_rRV v_pec v_pec3d e_vpec e_vpec3d
[from data line 1295]
247.23744165579 -49.31573933324 0.0579 0.0377 12.6242 "" "" 5940655591127223296 2858.25293 0.3492 0.0622 -1.974 -2.887 0.07 0.057 1.022 "" "" 16.587595 2.185961 17.718792 15.532831 "" "" 2406.48633 3547.05273 4364.2386 3.3329 1116.6 10.635 4853.2 9.0347 "" "" 0.0028773764084529946 0.010710843 0.004285906 0.014996748 247.23744165579 -49.31573933324 2858.25293 -1.9739999999999998 -2.8869999999999996 0.14359996414184573 0.2196000461578369 0.13653074 0.123530746 "" "" 3.5548035984715893 "" 0.453463714302981 ""
247.2219336266 -48.84879176893 0.0486 0.03 15.3994 "" "" 5940765817166002432 2690.28979 0.3621 0.0595 -0.083 -1.409 0.058 0.044 0.981 "" "" 16.587934 1.801305 17.459475 15.65817 "" "" 2294.63965 3185.09961 4362.87338 2.2761 1417.8 6.7611 4324.0 6.2023 "" "" 0.0028129393066822976 0.0058815274 0.0040876796 0.0099692065 247.2219336266 -48.84879176893 2690.28979 -0.08299999999999991 -1.4089999999999998 2.0345999641418455 1.6976000461578369 0.12453074 0.11053074 "" "" 33.790186613355445 "" 4.020495637057351 ""
246.92360003329 -49.0385978392 0.0538 0.036 12.6859 "" "" 5941419025825610496 2242.91968 0.4307 0.0621 0.038 -0.005 0.066 0.051 1.022 "" "" 16.588314 2.157427 17.69014 15.532713 "" "" 1992.73254 2550.70728 4361.35444 2.4849 1146.5 8.4632 4853.7 9.3103 "" "" 0.0028239084195462233 0.008486445 0.004315221 0.012801666 246.92360003329 -49.0385978392 2242.91968 0.038 -0.005 2.1555999641418455 3.101600046157837 0.13253075 0.11753074 "" "" 40.156079180045175 "" 4.92385442467853 ""
247.16001005181 -49.12368993307 0.0647 0.0434 2.9529 "" "" 5940666483164580736 2065.67261 0.4847 0.0806 -4.421 -5.429 0.09 0.061 1.32 6364.5 4.326 16.588373 1.850692 17.352842 15.502151 "" "" 1783.01184 2461.81226 4361.11679 3.3544 1564.2 16.85 4992.3 58.765 "" "" 0.002879095492686957 0.012024062 0.013327445 0.025351506 247.16001005181 -49.12368993307 2065.67261 -4.421 -5.429 -2.3034000358581546 -2.3223999538421634 0.15653074 0.12753074 "" "" 32.02693283487209 "" 4.568655773832709 ""
246.94338148469 -49.19739299082 0.0496 0.0332 12.5227 "" "" 5941411230489847296 2339.51929 0.4185 0.0606 -1.826 -2.456 0.073 0.047 1.019 9279.8 4.3179 16.588533 1.900655 17.517221 15.616567 "" "" 2095.93945 2665.58862 4360.46925 2.3298 1344.4 7.7524 4493.0 10.241 "" "" 0.0028157265461026173 0.006854418 0.0045175306 0.011371949 246.94338148469 -49.19739299082 2339.51929 -1.826 -2.4559999999999995 0.29159996414184564 0.650600046157837 0.13953075 0.11353074 "" "" 7.906234813981248 "" 0.9351397552123567 ""
247.16471951773 -49.32895231289 0.0624 0.0359 13.6538 "" "" 5940655969074811776 2490.6062 0.3847 0.0719 -1.415 -3.662 0.083 0.058 1.134 "" "" 16.589308 1.826037 17.303514 15.477477 "" "" 2172.63159 2888.8147 4357.36398 2.9938 1636.9 10.582 5107.0 12.59 "" "" 0.0028545166751830684 0.007553158 0.004631192 0.01218435 247.16471951773 -49.32895231289 2490.6062 -1.415 -3.662 0.7025999641418457 -0.555399953842163 0.14953074 0.12453074 "" "" 10.573090439661595 "" 1.4849283978728662 ""
247.44081287124 -49.11568239653 0.0467 0.0305 8.3103 "" "" 5940746300842622720 2120.80469 0.4446 0.0609 -4.479 -5.577 0.069 0.049 0.993 7898.7 4.0128 16.589935 1.614629 17.343363 15.728734 "" "" 1923.07947 2393.15039 4354.84145 2.2481 1577.9 7.5312 4052.0 8.7209 "" "" 0.0028117499991922802 0.005885542 0.0044434476 0.0103289895 247.44081287124 -49.11568239653 2120.80469 -4.479000000000003 -5.577000000000007 -2.3614000358581544 -2.470399953842163 0.13553074 0.115530744 "" "" 34.354485287786616 "" 4.310735266012266 ""
247.12796950428 -48.90269423056 0.0473 0.0311 12.8057 "" "" 5940763996099423232 2436.05811 0.3881 0.0582 0.848 -0.955 0.06 0.045 0.999 7960.8 3.8744 16.589977 2.439472 17.896044 15.456572 "" "" 2109.56445 2735.65601 4354.67495 2.1527 948.42 6.3662 5206.3 8.7056 "" "" 0.002807109440910417 0.0078037744 0.004192819 0.011996593 247.12796950428 -48.90269423056 2436.05811 0.8480000000000001 -0.955 2.9655999641418456 2.151600046157837 0.12653074 0.11153074 "" "" 42.30674773392935 "" 5.143112083195993 ""
246.88452719893 -49.17677380433 0.0616 0.0354 14.2136 "" "" 5941411471008048128 2788.61426 0.3498 0.0692 -1.64 -3.741 0.076 0.054 1.027 "" "" 16.591045 2.029102 17.60599 15.576887 "" "" 2342.71021 3626.28906 4350.39588 2.1881 1238.9 9.4137 4660.2 11.064 "" "" 0.002808914662761691 0.00870895 0.0045747403 0.01328369 246.88452719893 -49.17677380433 2788.61426 -1.6399999999999992 -3.7410000000000014 0.4775999641418458 -0.6343999538421632 0.14253074 0.12053074 "" "" 10.496191012659393 "" 1.3532023271503413 ""
247.61664553806 -49.18190688312 0.0464 0.0315 15.862 "" "" 5940742418183819136 2375.94067 0.3977 0.0585 -3.535 -4.042 0.061 0.045 0.98 9542.1 4.2875 16.592113 1.435089 17.238918 15.803829 "" "" 2054.08862 2879.30786 4346.1197 2.2815 1737.2 7.1933 3781.2 7.0479 "" "" 0.002813652764995177 0.0052912063 0.0042871023 0.009578308 247.61664553806 -49.18190688312 2375.94067 -3.535 -4.042 -1.4174000358581544 -0.9353999538421629 0.12753074 0.11153074 "" "" 19.12543207031255 "" 2.3504549961036605 ""
247.3867365798 -48.97272194738 0.0496 0.0311 10.073 "" "" 5940760624519534592 2385.60474 0.4077 0.0627 -1.892 -0.805 0.068 0.048 0.935 9500.5 4.1617 16.592587 2.008666 17.593664 15.584998 "" "" 2036.5813 2905.68262 4344.22388 2.6226 1253.0 9.0716 4625.5 8.8591 "" "" 0.002832209950454703 0.008341133 0.004313696 0.012654829 247.3867365798 -48.97272194738 2385.60474 -1.892 -0.805 0.2255999641418458 2.3016000461578368 0.13453075 0.11453074 "" "" 26.150681431356606 "" 3.0004637689756586 ""
247.34603126563 -49.13480696995 0.0474 0.0318 4.8931 "" "" 5940664146702255744 2313.99731 0.4212 0.0649 -1.333 -3.385 0.07 0.05 1.01 "" "" 16.593723 1.40644 17.226768 15.820329 "" "" 2022.39441 2758.03125 4339.67911 2.4915 1756.7 8.4744 3724.1 9.5164 "" "" 0.002824950749237143 0.005934469 0.004688417 0.010622886 247.34603126563 -49.13480696995 2313.99731 -1.333 -3.3850000000000007 0.7845999641418457 -0.2783999538421629 0.13653074 0.116530746 "" "" 9.131461252988373 "" 1.227652547266104 ""
247.04226396507 -48.9663882626 0.0525 0.0329 11.1349 "" "" 5941420164021987456 2076.09668 0.4499 0.0619 -3.717 -9.476 0.063 0.047 0.963 4825.9 4.1697 16.593773 2.075695 17.64663 15.570934 "" "" 1841.1377 2386.24536 4339.48101 2.2484 1193.3 9.9472 4685.8 11.748 "" "" 0.002812161152311104 0.0094708875 0.0046576355 0.014128523 247.04226396507 -48.9663882626 2076.09668 -3.7170000000000005 -9.476 -1.5994000358581544 -6.369399953842164 0.12953074 0.11353074 "" "" 64.62524953606753 "" 7.402314564150683 ""
247.18938353398 -48.92135899908 0.0496 0.0315 11.1562 "" "" 5940763755581238912 2391.77466 0.4073 0.0577 -4.258 -5.897 0.063 0.049 1.005 8605.1 3.6632 16.59464 1.956924 17.563381 15.606457 "" "" 2150.03882 2760.52783 4336.01292 2.1534 1288.4 8.1709 4535.0 9.9959 "" "" 0.0028075857027821632 0.007429462 0.0044733505 0.011902813 247.18938353398 -48.92135899908 2391.77466 -4.257999999999999 -5.897 -2.1404000358581543 -2.7903999538421633 0.12953074 0.115530744 "" "" 39.86961975139789 "" 4.820472320260588 ""
247.42317695654 -48.91168526422 0.0495 0.0308 13.8925 "" "" 5940761212960963072 2030.18103 0.4912 0.0578 -6.335 -6.019 0.064 0.046 1.005 "" "" 16.595194 1.794361 17.469545 15.675184 "" "" 1818.69446 2263.8645 4333.80544 2.0434 1404.7 8.3864 4256.8 6.6152 "" "" 0.002802473724192021 0.007057109 0.004138913 0.011196022 247.42317695654 -48.91168526422 2030.18103 -6.334999999999998 -6.018999999999997 -4.217400035858154 -2.912399953842163 0.13053074 0.11253074 "" "" 49.32090606375852 "" 6.165223541874017 ""
246.85990817516 -49.15793958322 0.0571 0.0345 14.8604 "" "" 5941412295615432960 2083.30127 0.4893 0.0621 -2.049 -2.775 0.074 0.051 0.962 "" "" 16.596918 1.649669 17.367064 15.717395 "" "" 1835.71924 2424.10034 4326.92624 2.5902 1543.8 7.7638 4094.5 10.012 "" "" 0.0028309399165859284 0.006131778 0.0046186685 0.0107504465 246.85990817516 -49.15793958322 2083.30127 -2.049 -2.775 0.06859996414184577 0.331600046157837 0.14053074 0.11753074 "" "" 3.3438362195287348 "" 0.3964536420977025 ""
247.25389658109 -49.19341277758 0.0506 0.0336 5.3649 "" "" 5940663012830868096 2987.83398 0.3546 0.0659 -1.858 -2.659 0.071 0.051 0.995 9650.9 4.1829 16.59741 1.504126 17.203108 15.698982 "" "" 2548.64722 4823.45508 4324.96912 2.6303 1795.5 21.242 4164.5 61.611 "" "" 0.00283333656621525 0.013144551 0.016501376 0.029645927 247.25389658109 -49.19341277758 2987.83398 -1.858 -2.658999999999999 0.2595999641418456 0.4476000461578371 0.13753074 0.11753074 "" "" 7.328072624636383 "" 0.9004141650906534 ""
247.46824997289 -48.96229583853 0.0541 0.0338 12.7158 "" "" 5940760835004488704 2315.25562 0.4014 0.0675 -2.881 -3.043 0.073 0.053 0.983 8564.9 3.3255 16.597416 2.254354 17.604134 15.349779 "" "" 2015.06372 2926.51221 4324.94207 5.7651 1241.0 33.555 5744.4 60.669 "" "" 0.00311229694689731 0.029489167 0.012073682 0.041562848 247.46824997289 -48.96229583853 2315.25562 -2.8810000000000002 -3.042999999999998 -0.7634000358581541 0.06360004615783676 0.13953075 0.11953074 "" "" 8.406813970608187 "" 1.171932650675769 ""
247.45783661517 -49.09392535959 0.0468 0.0315 8.9843 "" "" 5940746438262320000 2781.11719 0.3553 0.0628 -2.977 -2.52 0.07 0.049 1.067 7320.7 3.7638 16.598362 1.88502 17.494932 15.609912 "" "" 2365.99243 3271.72974 4321.1756 2.7 1372.3 6.9906 4520.6 7.9785 "" "" 0.002837607549140659 0.006194759 0.004237416 0.010432175 247.45783661517 -49.09392535959 2781.11719 -2.977 -2.5200000000000005 -0.8594000358581542 0.5866000461578369 0.13653074 0.115530744 "" "" 13.716562560846361 "" 1.7862261740229488 ""
247.03499597416 -48.97303085977 0.0549 0.0337 11.0358 "" "" 5941420198381722880 2534.90503 0.3875 0.0639 -5.063 -0.235 0.065 0.048 1.008 6369.1 4.0183 16.60079 2.158807 17.688019 15.529212 "" "" 2172.04614 3098.90674 4311.52447 2.3988 1148.7 10.554 4869.4 21.82 "" "" 0.0028207605913716546 0.010358363 0.0061606993 0.016519062 247.03499597416 -48.97303085977 2534.90503 -5.062999999999997 -0.2349999999999992 -2.945400035858154 2.871600046157837 0.13153073 0.11453074 "" "" 49.426408687133446 "" 6.106086934370794 ""
247.1885285259 -49.3182782814 0.0529 0.0334 12.875 "" "" 5940655247529873024 2291.09058 0.4081 0.0635 -0.987 -0.151 0.07 0.052 0.971 8127.8 3.7164 16.602465 2.010895 17.61246 15.601564 "" "" 2013.87378 2772.77026 4304.87653 2.4304 1231.5 6.6556 4555.5 9.7776 "" "" 0.0028226805115014316 0.0064974157 0.0044400725 0.010937488 247.1885285259 -49.3182782814 2291.09058 -0.9870000000000004 -0.15099999999999997 1.1305999641418456 2.955600046157837 0.13653074 0.11853074 "" "" 34.36534143999275 "" 4.157437664270548 ""
247.38637379193 -49.10453603811 0.0459 0.0302 6.1501 "" "" 5940758086224333440 2069.61084 0.4567 0.0607 -0.629 -2.821 0.069 0.047 0.978 "" "" 16.602753 1.44181 17.258366 15.816556 "" "" 1880.60156 2307.58716 4303.73892 2.0483 1706.4 7.5433 3737.1 10.579 "" "" 0.002803356824173401 0.0055516833 0.0048713624 0.010423046 247.38637379193 -49.10453603811 2069.61084 -0.629 -2.821 1.4885999641418457 0.28560004615783674 0.13553074 0.11353074 "" "" 14.86943720677714 "" 2.004566119596181 ""
247.398371476 -49.20959830074 0.0505 0.0317 9.1014 "" "" 5940651845915789440 2043.16772 0.4683 0.0665 -1.456 -5.413 0.074 0.049 0.977 "" "" 16.604244 1.700438 17.417557 15.717119 "" "" 1824.85022 2284.64771 4297.82989 2.2532 1473.6 6.9621 4095.5 8.567 "" "" 0.0028135018925031993 0.005839351 0.0044092922 0.010248643 247.398371476 -49.20959830074 2043.16772 -1.4560000000000004 -5.4129999999999985 0.6615999641418457 -2.3063999538421633 0.14053074 0.115530744 "" "" 23.237416370633316 "" 2.7331445638192355 ""
246.94720273126 -49.17983690376 0.0546 0.0353 11.958 "" "" 5941411333569071360 2040.11658 0.4694 0.0659 -1.941 -1.665 0.081 0.053 0.948 "" "" 16.604332 1.869096 17.516161 15.647065 "" "" 1814.84058 2375.86646 4297.4823 2.9112 1345.7 10.348 4368.5 11.631 "" "" 0.0028517974368546845 0.008802853 0.0047581615 0.013561014 246.94720273126 -49.17983690376 2040.11658 -1.9410000000000003 -1.665 0.17659996414184564 1.4416000461578369 0.14753073 0.11953074 "" "" 14.04470484435833 "" 1.685256645171689 ""
247.19101315752 -48.87089346793 0.0471 0.0297 14.1528 "" "" 5940764374056545536 2619.36011 0.3675 0.0561 -1.212 -1.635 0.058 0.043 0.958 "" "" 16.604584 1.958523 17.57575 15.617228 "" "" 2305.34106 2967.39771 4296.48406 2.0971 1273.8 7.0358 4490.2 7.6656 "" "" 0.00280582080917286 0.006614338 0.0042094397 0.010823778 247.19101315752 -48.87089346793 2619.36011 -1.212 -1.6350000000000002 0.9055999641418457 1.471600046157837 0.12453074 0.10953075 "" "" 21.45348957453215 "" 2.4424359755640075 ""
247.21857744376 -49.07150137394 0.0479 0.0311 2.081 "" "" 5940665143134810752 2839.88086 0.3515 0.0619 -1.838 -2.976 0.073 0.048 0.977 "" "" 16.60771 1.406611 17.241093 15.834481 "" "" 2412.67773 3340.45361 4284.13068 2.0545 1733.7 7.4479 3675.9 7.6614 "" "" 0.0028040850778836553 0.005435119 0.0044050566 0.0098401755 247.21857744376 -49.07150137394 2839.88086 -1.8379999999999996 -2.9759999999999995 0.2795999641418456 0.13060004615783694 0.13953075 0.11453074 "" "" 4.154043905623164 "" 0.562428303086334 ""
247.33297915591 -49.24204241185 0.0498 0.0326 9.1432 "" "" 5940650162288608000 2466.49634 0.3996 0.0656 -2.187 -3.79 0.073 0.052 1.006 9324.5 4.1893 16.608229 1.641563 17.379272 15.73771 "" "" 2152.19849 2800.60303 4282.0838 2.3113 1526.5 6.5372 4018.6 11.504 "" "" 0.002816953935461106 0.0054225633 0.0048932773 0.010315841 247.33297915591 -49.24204241185 2466.49634 -2.1870000000000016 -3.7900000000000045 -0.06940003585815413 -0.6833999538421631 0.13953075 0.11853074 "" "" 8.030852576386375 "" 0.9537750260395677 ""
247.43762250166 -48.96181149121 0.0525 0.0334 11.8762 "" "" 5940760525766159232 2822.18311 0.3422 0.0658 -0.283 -2.705 0.077 0.055 1.037 9248.8 3.457 16.608665 1.802991 17.457596 15.654605 "" "" 2405.61426 3514.38062 4280.36489 3.0304 1420.3 9.8986 4338.3 12.99 "" "" 0.0028605336149023076 0.008064925 0.004985236 0.013050161 247.43762250166 -48.96181149121 2822.18311 -0.28299999999999975 -2.7050000000000005 1.8345999641418458 0.40160004615783684 0.14353074 0.12153074 "" "" 25.122838094443182 "" 3.582486824589422 ""
246.90566448926 -49.11740414079 0.0545 0.034 12.7514 "" "" 5941412089483385728 2177.37866 0.4505 0.0643 -3.758 -5.72 0.071 0.048 0.988 "" "" 16.608963 1.554428 17.329035 15.774607 "" "" 1912.37524 2503.69702 4279.19168 2.2114 1598.8 8.9959 3884.3 9.1973 "" "" 0.00281186904534692 0.00671608 0.0045708697 0.01128695 246.90566448926 -49.11740414079 2177.37866 -3.758 -5.719999999999997 -1.6404000358581543 -2.613399953842163 0.13753074 0.11453074 "" "" 31.84552237057532 "" 3.868391973493799 ""
247.26072256495 -49.154522946 0.0498 0.0313 3.1877 "" "" 5940664623409728896 2216.26758 0.4285 0.0686 0.333 0.806 0.072 0.048 1.023 "" "" 16.610743 1.600534 17.356337 15.755803 "" "" 1987.49426 2433.30493 4272.17995 2.2119 1559.1 6.6041 3952.2 9.664 "" "" 0.0028120783447571542 0.0053792107 0.004618661 0.009997872 247.26072256495 -49.154522946 2216.26758 0.333 0.806 2.450599964141846 3.912600046157837 0.13853073 0.11453074 "" "" 48.49888858689615 "" 5.905835415179639 ""
246.8603866817 -49.1848958169 0.0533 0.0334 15.2639 "" "" 5941410062258778880 2783.59619 0.3506 0.0642 -2.989 -4.469 0.069 0.051 1.001 7959.7 4.1586 16.61078 2.622351 18.05459 15.43224 "" "" 2302.65576 3469.47729 4272.02859 2.5655 819.56 6.141 5324.3 10.158 "" "" 0.0028314169522088207 0.0086006345 0.0043098195 0.012910454 246.8603866817 -49.1848958169 2783.59619 -2.988999999999998 -4.4689999999999985 -0.8714000358581542 -1.3623999538421634 0.13553074 0.11753074 "" "" 21.338288571738005 "" 2.625211271669503 ""
