Clusters/Hogg_19/Hogg_19_stars_in_region.tsv
# %ECSV 1.0
# ---
# datatype:
# - name: RA_ICRS_1
#   unit: deg
#   datatype: float64
#   format: '{:15.11f}'
#   description: Right ascension (ICRS) at Ep=2016.0 (ra)
#   meta: !!omap
#   - {ucd: POS_EQ_RA_MAIN}
#   - {width: 15}
#   - {precision: '11'}
# - name: DE_ICRS_1
#   unit: deg
#   datatype: float64
#   format: '{:15.11f}'
#   description: Declination (ICRS) at Ep=2016.0 (dec)
#   meta: !!omap
#   - {ucd: POS_EQ_DEC_MAIN}
#   - {width: 15}
#   - {precision: '11'}
# - name: e_RA_ICRS
#   unit: mas
#   datatype: float64
#   format: '{:7.4f}'
#   description: Standard error of right ascension (ra_error)
#   meta: !!omap
#   - {ucd: ERROR}
#   - {width: 7}
#   - {precision: '4'}
# - name: e_DE_ICRS
#   unit: mas
#   datatype: float64
#   format: '{:7.4f}'
#   description: Standard error of declination (dec_error)
#   meta: !!omap
#   - {ucd: ERROR}
#   - {width: 7}
#   - {precision: '4'}
# - name: _r_1
#   unit: ''
#   datatype: float64
#   format: '{:7.4f}'
#   description: Distance from center (247.22981152000-49.10539588000)[ICRS], at Epoch=J2016.0
#   meta: !!omap
#   - {ucd: POS_ANG_DIST_GENERAL}
#   - {width: 7}
#   - {precision: '4'}
# - name: HIP
#   datatype: int32
#   description: '? HIP cross-id number, van Leeuwen, Cat. I/311 (hip_original_ext_source_id)'
#   meta: !!omap
#   - {ucd: ID_NUMBER}
#   - {width: 6}
#   - values: {'null': -2147483648}
# - name: TYC2
#   datatype: string
#   description: Tycho-2 cross-id name, Hog et al., Cat. I/259 (tyc2_original_ext_source_id)
#   meta: !!omap
#   - {ucd: ID_CROSSID}
#   - {_votable_string_dtype: char}
# - name: Source
#   datatype: int64
#   description: Source identifier, identical to the Gaia-EDR3 source_id (id)
#   meta: !!omap
#   - {ucd: ID_MAIN}
#   - {width: 19}
# - name: rgeo
#   unit: pc
#   datatype: float64
#   format: '{:15.8f}'
#   description: '? Median of the geometric distance posterior (r_med_geo)'
#   meta: !!omap
#   - {ucd: PHYS_DISTANCE_TRUE}
#   - {width: 15}
#   - {precision: '8'}
#   - values: {'null': .nan}
# - name: Plx
#   unit: mas
#   datatype: float64
#   format: '{:9.4f}'
#   description: '? Parallax (parallax)'
#   meta: !!omap
#   - {ucd: POS_PARLX_TRIG}
#   - {width: 9}
#   - {precision: '4'}
#   - values: {'null': .nan}
# - name: e_Plx
#   unit: mas
#   datatype: float32
#   format: '{:7.4f}'
#   description: '? Standard error of parallax (parallax_error)'
#   meta: !!omap
#   - {ucd: ERROR}
#   - {width: 7}
#   - {precision: '4'}
#   - values: {'null': .nan}
# - name: pmRA
#   unit: mas / yr
#   datatype: float64
#   format: '{:9.3f}'
#   description: '? Proper motion in right ascension direction, pmRA*cosDE (pmra)'
#   meta: !!omap
#   - {ucd: POS_EQ_PMRA}
#   - {width: 9}
#   - {precision: '3'}
#   - values: {'null': .nan}
# - name: pmDE
#   unit: mas / yr
#   datatype: float64
#   format: '{:9.3f}'
#   description: '? Proper motion in declination direction (pmdec)'
#   meta: !!omap
#   - {ucd: POS_EQ_PMDEC}
#   - {width: 9}
#   - {precision: '3'}
#   - values: {'null': .nan}
# - name: e_pmRA
#   unit: mas / yr
#   datatype: float32
#   format: '{:6.3f}'
#   description: '? Standard error of proper motion in right ascension direction (pmra_error)'
#   meta: !!omap
#   - {ucd: ERROR}
#   - {width: 6}
#   - {precision: '3'}
#   - values: {'null': .nan}
# - name: e_pmDE
[...]
#         value: !astropy.table.SerializedColumn {name: SkyCoord.dec}
#       distance: !astropy.table.SerializedColumn
#         __class__: astropy.coordinates.distances.Distance
#         unit: !astropy.units.Unit {unit: pc}
#         value: !astropy.table.SerializedColumn {name: SkyCoord.distance}
#       frame: icrs
#       obstime: !astropy.time.Time {format: jyear_str, in_subfmt: '*', jd1: 367701545.0, jd2: 0.0, out_subfmt: '*', precision: 3, scale: tt}
#       pm_dec: !astropy.table.SerializedColumn
#         __class__: astropy.units.quantity.Quantity
#         unit: !astropy.units.Unit {unit: mas / yr}
#         value: !astropy.table.SerializedColumn {name: SkyCoord.pm_dec}
#       pm_ra_cosdec: !astropy.table.SerializedColumn
#         __class__: astropy.units.quantity.Quantity
#         unit: !astropy.units.Unit {unit: mas / yr}
#         value: !astropy.table.SerializedColumn {name: SkyCoord.pm_ra_cosdec}
#       ra: !astropy.table.SerializedColumn
#         __class__: astropy.coordinates.angles.Longitude
#         unit: *id001
#         value: !astropy.table.SerializedColumn {name: SkyCoord.ra}
#         wrap_angle: !astropy.coordinates.Angle
#           unit: *id001
#           value: 360.0
#       representation_type: spherical
# schema: astropy-2.0
RA_ICRS_1 DE_ICRS_1 e_RA_ICRS e_DE_ICRS _r_1 HIP TYC2 Source rgeo Plx e_Plx pmRA pmDE e_pmRA e_pmDE RUWE Teff logg Gmag BP-RP BPmag RPmag RV e_RV b_rgeo B_rgeo FG e_FG FBP e_FBP FRP e_FRP RAVE5 RAVE6 e_Gmag e_BPmag e_RPmag e_BP-RP SkyCoord.ra SkyCoord.dec SkyCoord.distance SkyCoord.pm_ra_cosdec SkyCoord.pm_dec rmRA rmDE e_rmRA e_rmDE rRV e_rRV v_pec v_pec3d e_vpec e_vpec3d
[from data line 628]
247.56691442013 -49.02955491102 0.0266 0.0182 14.0111 "" "" 5940747984461576704 2562.72827 0.3489 0.0366 -1.499 -1.96 0.042 0.029 1.027 "" "" 15.626701 1.737833 16.449991 14.712158 "" "" 2369.49683 2772.02637 10574.65393 3.2961 3592.7 9.2497 10335.0 9.0453 "" "" 0.0027760257219713127 0.003949537 0.0038970113 0.007846548 247.56691442013 -49.02955491102 2562.72827 -1.4990000000000006 -1.9600000000000004 0.6185999641418456 1.146600046157837 0.108530745 0.09553074 "" "" 15.825869261468503 "" 1.560609744072226 ""
247.53617493234 -49.19148174784 0.0298 0.02 13.086 "" "" 5940744960804243712 2223.61133 0.4251 0.0389 -3.17 -2.9 0.044 0.032 1.043 7447.5 3.8341 15.626866 1.393074 16.235111 14.842037 "" "" 2063.02295 2356.11035 10573.04905 3.6553 4379.0 14.488 9169.5 16.934 "" "" 0.0027807703863845616 0.004548493 0.00427834 0.008826833 247.53617493234 -49.19148174784 2223.61133 -3.17 -2.9000000000000012 -1.0524000358581542 0.206600046157837 0.11053074 0.09853074 "" "" 11.303929875227968 "" 1.2446621967926845 ""
247.36067822805 -48.90191037419 0.0307 0.0185 13.2512 "" "" 5940761625277846912 2114.04175 0.4363 0.0378 -2.147 -4.008 0.038 0.029 0.93 7949.2 4.1982 15.627423 1.546892 16.331192 14.7843 "" "" 1966.45752 2313.76514 10567.62142 4.2667 4008.1 9.893 9670.3 15.668 "" "" 0.0027899742233011265 0.0038686886 0.0041687246 0.0080374135 247.36067822805 -48.90191037419 2114.04175 -2.1470000000000002 -4.008000000000001 -0.029400035858154094 -0.9013999538421631 0.10453074 0.09553074 "" "" 9.037333557328099 "" 0.8634336707498534 ""
247.40705735743 -49.08023829792 0.3997 0.2767 7.1257 "" "" 5940758223663625856 2425.16626 1.5774 0.5169 -3.934 -3.38 0.591 0.421 10.679 "" "" 15.628203 1.345286 15.577393 14.232106 "" "" 1546.98328 3758.03369 10560.03376 24.603 8025.3 58.44 16081.0 124.5 "" "" 0.003740391023183435 0.008384189 0.009216382 0.01760057 247.40705735743 -49.08023829792 2425.16626 -3.934000000000001 -3.379999999999997 -1.8164000358581545 -0.273399953842163 0.6575308 0.48753074 "" "" 21.115240998603714 "" 13.814505016311884 ""
247.51638019617 -49.25891191261 0.0303 0.0199 14.5313 "" "" 5940650505885828736 2267.70288 0.4056 0.0399 -1.871 -4.841 0.041 0.03 0.989 7950.5 3.9856 15.628236 1.492999 16.308733 14.815734 "" "" 2105.63306 2566.86182 10559.72346 3.3072 4091.9 9.5569 9394.3 10.428 "" "" 0.0027762236551028088 0.0037703274 0.003966894 0.007737221 247.51638019617 -49.25891191261 2267.70288 -1.8709999999999996 -4.840999999999999 0.2465999641418457 -1.7343999538421633 0.10753074 0.09653074 "" "" 18.830408227835182 "" 1.8220463693422257 ""
246.95892752032 -49.22367684131 0.0328 0.0232 12.7794 "" "" 5940660504570098176 2128.16675 0.4225 0.0413 -3.111 -4.514 0.05 0.032 1.044 7488.4 2.8379 15.631561 2.974214 17.356375 14.382161 -35.83 5.21 1976.1106 2311.44141 10527.43111 4.6747 1559.1 6.9289 14005.0 13.355 "" "" 0.0027971824381736545 0.0055738254 0.0039186305 0.009492456 246.95892752032 -49.22367684131 2128.16675 -3.1110000000000007 -4.514000000000002 -0.9934000358581545 -1.4073999538421633 0.116530746 0.09853074 -11.679999999999996 13.94 17.3775286299012 20.93802524793195 1.8222055577641059 7.921940845621986
247.49734557079 -48.95269075907 0.0291 0.019 13.9543 "" "" 5940749221412919936 2216.4209 0.4158 0.0375 -1.591 -5.136 0.042 0.031 1.054 8880.8 3.8771 15.631925 1.790126 16.49511 14.704984 "" "" 2065.72046 2392.61572 10523.90516 3.5104 3446.5 7.0885 10403.0 9.1049 "" "" 0.002779019860572731 0.0035737383 0.0038970136 0.007470752 247.49734557079 -48.95269075907 2216.4209 -1.5910000000000004 -5.136000000000001 0.5265999641418457 -2.029399953842163 0.108530745 0.09753074 "" "" 22.02663435493206 "" 2.164360704035235 ""
247.3310079557 -49.20338543906 0.0293 0.0196 7.0948 "" "" 5940663528226888704 2825.45728 0.3134 0.0408 -1.932 -4.418 0.044 0.031 0.954 "" "" 15.635564 1.19263 16.145035 14.952405 "" "" 2500.85742 3320.95361 10488.69032 3.1829 4757.8 10.117 8283.2 9.74 "" "" 0.0027749495418004574 0.0036214916 0.003989193 0.0076106847 247.3310079557 -49.20338543906 2825.45728 -1.932 -4.418 0.18559996414184576 -1.3113999538421632 0.11053074 0.09753074 "" "" 17.738168156056414 "" 1.7348398735213983 ""
247.27018613452 -49.09573175061 0.0292 0.0194 1.6887 "" "" 5940665246213972608 2106.03589 0.4413 0.038 -4.08 -4.461 0.044 0.03 1.002 6508.2 3.5486 15.636858 1.492736 16.323904 14.831168 "" "" 1936.1875 2272.40015 10476.19619 3.0186 4035.1 11.156 9261.7 9.8332 "" "" 0.002773023630604609 0.0040982575 0.003951268 0.008049525 247.27018613452 -49.09573175061 2106.03589 -4.079999999999999 -4.461 -1.9624000358581544 -1.3543999538421634 0.11053074 0.09653074 "" "" 23.802639762888706 "" 2.528208689103061 ""
247.57229187045 -49.1306056718 0.0312 0.0211 13.534 "" "" 5940745579288180736 2826.24341 0.3206 0.0424 -2.008 -2.508 0.05 0.035 0.999 10123.6 3.7181 15.641172 1.566616 16.345762 14.779146 "" "" 2537.59229 3288.93604 10434.64559 3.3108 3954.7 14.427 9716.3 15.317 "" "" 0.0027767722923519185 0.0048449216 0.0041488833 0.008993804 247.57229187045 -49.1306056718 2826.24341 -2.008 -2.508 0.1095999641418457 0.5986000461578369 0.116530746 0.101530746 "" "" 8.152387145865903 "" 0.8319665017119043 ""
247.29044721181 -48.96248683467 0.0288 0.018 8.9001 "" "" 5940760113448944256 2071.56592 0.4402 0.0356 -1.28 -4.321 0.037 0.027 0.931 9864.4 4.1834 15.645567 1.660991 16.423563 14.762572 "" "" 1929.68298 2208.47046 10392.49962 3.1729 3681.2 10.598 9865.7 15.215 "" "" 0.0027751882966981787 0.004189936 0.004133698 0.008323634 247.29044721181 -48.96248683467 2071.56592 -1.2799999999999991 -4.321 0.8375999641418457 -1.2143999538421628 0.10353074 0.093530744 "" "" 14.485736001773411 "" 1.4031927317832311 ""
247.4608000291 -49.02392716584 0.0287 0.0205 10.3128 "" "" 5940748534217425792 2039.67407 0.4641 0.039 -2.685 -3.83 0.046 0.034 1.016 7742.8 3.5134 15.646212 2.623001 17.096472 14.473471 -96.95 4.55 1836.21497 2277.84326 10386.32975 4.1071 1980.7 8.9188 12876.0 10.796 "" "" 0.0027885693384821905 0.0056290757 0.0038874743 0.00951655 247.4608000291 -49.02392716584 2039.67407 -2.685 -3.83 -0.5674000358581544 -0.7233999538421632 0.11253074 0.10053074 -72.8 13.28 8.888567641504569 73.34062063220901 0.9356353020958146 13.182595694325045
247.31070743937 -49.10537576829 0.029 0.0201 3.1776 "" "" 5940664451611066496 2264.27637 0.4154 0.0413 -3.678 -4.409 0.046 0.032 0.935 6591.4 3.8644 15.651613 1.484292 16.327854 14.843562 "" "" 2069.57007 2535.62744 10334.78358 3.2772 4020.5 13.494 9156.6 14.145 "" "" 0.0027767473428908806 0.0045895735 0.0041348315 0.0087244045 247.31070743937 -49.10537576829 2264.27637 -3.678 -4.409 -1.5604000358581542 -1.302399953842163 0.11253074 0.09853074 "" "" 21.814251198905097 "" 2.334215408582442 ""
247.60733721426 -49.12318118818 0.0286 0.0199 14.865 "" "" 5940742658702039296 2699.47119 0.333 0.039 -1.508 -2.003 0.044 0.031 0.948 7553.3 3.5007 15.658121 1.428256 16.295177 14.866921 "" "" 2466.68213 3040.1333 10273.02008 3.4062 4143.3 9.4217 8961.7 10.942 "" "" 0.002778738148214063 0.0037256703 0.0040051327 0.007730803 247.60733721426 -49.12318118818 2699.47119 -1.508 -2.003 0.6095999641418457 1.1036000461578368 0.11053074 0.09753074 "" "" 16.13219550309812 "" 1.6248402206648376 ""
247.25578620318 -49.06090390971 0.0296 0.0195 2.858 "" "" 5940665486732372608 2427.68848 0.3808 0.0395 -3.324 -3.497 0.046 0.03 1.013 6784.4 3.8317 15.659015 1.622098 16.419418 14.79732 "" "" 2218.72168 2676.90088 10264.5707 2.7238 3695.3 11.437 9555.0 9.4852 "" "" 0.002770342383808229 0.0043677357 0.0039300625 0.008297798 247.25578620318 -49.06090390971 2427.68848 -3.324 -3.4969999999999994 -1.2064000358581541 -0.390399953842163 0.11253074 0.09653074 "" "" 14.59113548546479 "" 1.6212636363756892 ""
247.31628048678 -49.06560988799 0.0281 0.0191 4.1526 "" "" 5940759185735978624 2582.35522 0.3605 0.0362 -1.803 -1.637 0.044 0.029 0.967 "" "" 15.659345 1.159404 16.143232 14.983829 "" "" 2358.35303 2912.04712 10261.45166 3.066 4765.7 14.139 8046.9 13.446 "" "" 0.0027743518260829824 0.0042615854 0.004192267 0.0084538525 247.31628048678 -49.06560988799 2582.35522 -1.8029999999999993 -1.6369999999999991 0.31459996414184577 1.469600046157837 0.11053074 0.09553074 "" "" 18.395997968359207 "" 1.7703758882833778 ""
247.31757511887 -49.09093152861 0.0287 0.0202 3.5554 "" "" 5940664559019184000 2090.85425 0.4462 0.0406 -7.976 -6.852 0.045 0.031 0.973 "" "" 15.659617 1.935908 16.558949 14.62304 "" "" 1923.15735 2229.31958 10258.87382 9.7716 3249.7 21.405 11219.0 1.4407 "" "" 0.0029430067589014874 0.0076765097 0.0037819527 0.011458462 247.31757511887 -49.09093152861 2090.85425 -7.975999999999999 -6.851999999999997 -5.858400035858154 -3.7453999538421634 0.11153074 0.09753074 "" "" 68.91206654595562 "" 7.418825565206362 ""
247.59152254025 -49.07529155121 0.0274 0.0187 14.3267 "" "" 5940747297267588608 2538.95459 0.3684 0.0394 -1.868 -1.618 0.042 0.03 1.04 8596.4 3.4183 15.660239 1.565491 16.383102 14.817612 "" "" 2289.22437 2786.1604 10252.99799 3.0445 3821.0 8.1874 9378.1 10.232 "" "" 0.0027741176039366576 0.0036328235 0.003960681 0.0075935046 247.59152254025 -49.07529155121 2538.95459 -1.8680000000000003 -1.6179999999999999 0.2495999641418456 1.4886000461578368 0.108530745 0.09653074 "" "" 18.164861093020907 "" 1.7597874532235491 ""
247.52695326234 -49.14704331645 0.0291 0.0189 11.9315 "" "" 5940745338761642624 2236.98462 0.4123 0.038 -1.137 -1.631 0.046 0.031 0.952 9052.3 3.801 15.660315 1.161242 16.152527 14.991284 "" "" 2090.89258 2428.95776 10252.29221 2.9293 4725.0 8.9063 7991.8 7.5171 "" "" 0.002772728746892387 0.003460255 0.003914929 0.007375184 247.52695326234 -49.14704331645 2236.98462 -1.137 -1.630999999999999 0.9805999641418457 1.475600046157837 0.11253074 0.09753074 "" "" 18.78603148773636 "" 1.9229301350188674 ""
247.24699146518 -49.2622049515 0.0333 0.0212 9.4326 "" "" 5940661638441249664 2345.74756 0.392 0.0415 -2.853 -4.23 0.048 0.033 0.962 8693.5 3.4241 15.664037 1.50702 16.341454 14.834434 "" "" 2113.70264 2578.27466 10217.20591 3.5721 3970.4 10.9 9233.9 14.041 "" "" 0.0027813447532595444 0.004082836 0.0041242456 0.008207082 247.24699146518 -49.2622049515 2345.74756 -2.852999999999998 -4.23 -0.7354000358581545 -1.1233999538421635 0.11453074 0.09953074 "" "" 14.929260227303976 "" 1.5564837315756015 ""
247.28732059978 -49.00979394292 0.0318 0.0195 6.1657 "" "" 5940759598052855424 2059.20825 0.4444 0.0395 1.185 2.141 0.045 0.03 1.011 7550.1 3.4744 15.669818 2.556812 17.073624 14.516811 10.3 4.8 1908.70886 2230.25415 10162.9478 3.7412 2022.9 8.3201 12372.0 10.775 "" "" 0.0027841580027262265 0.0052655963 0.0038958776 0.009161474 247.28732059978 -49.00979394292 2059.20825 1.185 2.141 3.3025999641418458 5.247600046157837 0.11153074 0.09653074 34.45 13.53 60.51953268294392 69.63775079769533 6.113260147180272 8.545557330629702
247.28009693868 -49.247046958 0.0397 0.0255 8.7249 "" "" 5940661569722180096 2653.73389 0.336 0.0518 -2.555 -3.793 0.057 0.04 1.02 5351.3 2.807 15.670684 3.527904 17.853813 14.325909 -58.29 2.94 2319.1521 3151.13086 10154.84182 7.5389 986.03 9.2194 14750.0 28.207 "" "" 0.002870800828273057 0.010528112 0.004312161 0.014840273 247.28009693868 -49.247046958 2653.73389 -2.5550000000000006 -3.793 -0.43740003585815446 -0.6863999538421632 0.123530746 0.10653074 -34.14 11.67 10.238038335661093 35.64206824754235 1.1436537121061925 11.183015926752542
247.28714379652 -49.07670822167 0.0297 0.0204 2.835 "" "" 5940665383652937856 2471.02295 0.3682 0.0399 -1.118 -3.135 0.045 0.03 0.969 8746.8 3.5415 15.674356 1.021511 16.089478 15.067966 "" "" 2276.78174 2765.4624 10120.55237 3.4641 5007.6 22.657 7446.8 12.441 "" "" 0.0027802694255025314 0.0056495215 0.0041921246 0.009841646 247.28714379652 -49.07670822167 2471.02295 -1.1179999999999992 -3.1350000000000016 0.9995999641418456 -0.028399953842162873 0.11153074 0.09653074 "" "" 11.712687702255392 "" 1.3061925871957063 ""
246.84998338299 -49.1277061476 0.0317 0.0204 14.9763 "" "" 5941412501800259712 2915.7019 0.3004 0.0378 -2.157 -3.386 0.041 0.031 1.038 7077.0 3.012 15.677472 1.820817 16.564064 14.743247 "" "" 2633.99072 3251.99414 10091.55068 3.2217 3234.4 9.227 10043.0 11.838 "" "" 0.0027770368481452516 0.004168772 0.003990187 0.008158959 246.84998338299 -49.1277061476 2915.7019 -2.157 -3.3860000000000023 -0.039400035858154325 -0.2793999538421632 0.10753074 0.09753074 "" "" 3.8996312303352214 "" 0.38113240050551683 ""
247.36424064188 -49.06332928419 0.0269 0.0186 5.8546 "" "" 5940758498541206400 2273.30615 0.4063 0.0375 -2.948 -4.496 0.043 0.03 1.017 8953.6 3.5939 15.677609 1.253943 16.216202 14.962258 "" "" 2111.85938 2463.85474 10090.27116 2.9482 4455.9 9.4892 8208.3 9.9011 "" "" 0.0027735223455019444 0.0036236923 0.0039998633 0.0076235556 247.36424064188 -49.06332928419 2273.30615 -2.947999999999998 -4.495999999999996 -0.8304000358581543 -1.3893999538421635 0.10953075 0.09653074 "" "" 17.44161195803606 "" 1.746185452232201 ""
247.3183502778 -49.23498848905 0.0343 0.0235 8.516 "" "" 5940661913319148288 2120.97656 0.4531 0.0471 -1.82 -7.114 0.052 0.036 1.094 "" "" 15.677635 2.021067 16.688892 14.667826 "" "" 1909.68262 2358.81543 10090.03926 3.8295 2883.1 11.09 10765.0 13.79 "" "" 0.002785963575729326 0.0050226375 0.004027175 0.009049812 247.3183502778 -49.23498848905 2120.97656 -1.8199999999999994 -7.114 0.29759996414184564 -4.007399953842163 0.11853074 0.10253074 "" "" 40.399050888881554 "" 4.145964665602236 ""
247.22093772077 -49.0749396495 0.0298 0.02 1.8603 "" "" 5940665143134804096 2205.22729 0.4166 0.0402 -1.233 -2.473 0.047 0.031 1.023 9015.0 3.7847 15.678003 1.225816 16.203537 14.977721 "" "" 2034.8739 2367.80029 10086.61574 2.7507 4508.2 10.523 8092.3 9.7102 "" "" 0.002771183502744254 0.003769324 0.003997629 0.0077669527 247.22093772077 -49.0749396495 2205.22729 -1.233 -2.472999999999999 0.8845999641418456 0.633600046157837 0.11353074 0.09753074 "" "" 11.373688678291266 "" 1.232573641461818 ""
247.26707825851 -49.16052035081 0.029 0.0193 3.6166 "" "" 5940664627738606592 2105.91162 0.45 0.0409 -2.894 -3.819 0.044 0.031 0.944 7986.1 3.7245 15.680998 1.453145 16.33711 14.883966 "" "" 1973.70667 2323.15283 10058.83458 3.4778 3986.3 11.125 8822.1 12.55 "" "" 0.0027807743703703687 0.004119034 0.004082805 0.008201839 247.26707825851 -49.16052035081 2105.91162 -2.894 -3.819 -0.7764000358581544 -0.712399953842163 0.11053074 0.09753074 "" "" 10.51818359389506 "" 1.1021883809633521 ""
247.63593026754 -49.15866374266 0.0294 0.0197 16.261 "" "" 5940742349464353792 2351.87915 0.3901 0.0373 -1.712 -3.358 0.04 0.03 1.01 "" "" 15.681164 1.455776 16.3051 14.849323 "" "" 2189.2356 2547.729 10057.29845 3.8641 4105.6 12.297 9108.1 13.941 "" "" 0.002786718999739869 0.0042849 0.004128614 0.008413514 247.63593026754 -49.15866374266 2351.87915 -1.712 -3.3579999999999988 0.40559996414184574 -0.2513999538421632 0.10653074 0.09653074 "" "" 5.31970453347897 "" 0.5524610011301682 ""
247.2168523867 -49.14115224078 0.0561 0.0398 2.2049 "" "" 5940663425147814016 2475.83301 0.3837 0.0719 -2.006 -3.24 0.08 0.058 2.023 8706.3 3.4113 15.681562 1.439792 16.311401 14.87161 "" "" 2101.75073 2912.73877 10053.60754 6.3627 4081.8 9.3933 8923.1 10.503 "" "" 0.002839709094252932 0.003745381 0.0039896043 0.007734985 247.2168523867 -49.14115224078 2475.83301 -2.0060000000000016 -3.24 0.11159996414184592 -0.1333999538421633 0.14653075 0.12453074 "" "" 2.0410944215863798 "" 0.27356097884643565 ""
