Clusters/Hogg_19/Hogg_19_stars_in_region.tsv
# %ECSV 1.0
# ---
# datatype:
# - name: RA_ICRS_1
#   unit: deg
#   datatype: float64
#   format: '{:15.11f}'
#   description: Right ascension (ICRS) at Ep=2016.0 (ra)
#   meta: !!omap
#   - {ucd: POS_EQ_RA_MAIN}
#   - {width: 15}
#   - {precision: '11'}
# - name: DE_ICRS_1
#   unit: deg
#   datatype: float64
#   format: '{:15.11f}'
#   description: Declination (ICRS) at Ep=2016.0 (dec)
#   meta: !!omap
#   - {ucd: POS_EQ_DEC_MAIN}
#   - {width: 15}
#   - {precision: '11'}
# - name: e_RA_ICRS
#   unit: mas
#   datatype: float64
#   format: '{:7.4f}'
#   description: Standard error of right ascension (ra_error)
#   meta: !!omap
#   - {ucd: ERROR}
#   - {width: 7}
#   - {precision: '4'}
# - name: e_DE_ICRS
#   unit: mas
#   datatype: float64
#   format: '{:7.4f}'
#   description: Standard error of declination (dec_error)
#   meta: !!omap
#   - {ucd: ERROR}
#   - {width: 7}
#   - {precision: '4'}
# - name: _r_1
#   unit: ''
#   datatype: float64
#   format: '{:7.4f}'
#   description: Distance from center (247.22981152000-49.10539588000)[ICRS], at Epoch=J2016.0
#   meta: !!omap
#   - {ucd: POS_ANG_DIST_GENERAL}
#   - {width: 7}
#   - {precision: '4'}
# - name: HIP
#   datatype: int32
#   description: '? HIP cross-id number, van Leeuwen, Cat. I/311 (hip_original_ext_source_id)'
#   meta: !!omap
#   - {ucd: ID_NUMBER}
#   - {width: 6}
#   - values: {'null': -2147483648}
# - name: TYC2
#   datatype: string
#   description: Tycho-2 cross-id name, Hog et al., Cat. I/259 (tyc2_original_ext_source_id)
#   meta: !!omap
#   - {ucd: ID_CROSSID}
#   - {_votable_string_dtype: char}
# - name: Source
#   datatype: int64
#   description: Source identifier, identical to the Gaia-EDR3 source_id (id)
#   meta: !!omap
#   - {ucd: ID_MAIN}
#   - {width: 19}
# - name: rgeo
#   unit: pc
#   datatype: float64
#   format: '{:15.8f}'
#   description: '? Median of the geometric distance posterior (r_med_geo)'
#   meta: !!omap
#   - {ucd: PHYS_DISTANCE_TRUE}
#   - {width: 15}
#   - {precision: '8'}
#   - values: {'null': .nan}
# - name: Plx
#   unit: mas
#   datatype: float64
#   format: '{:9.4f}'
#   description: '? Parallax (parallax)'
#   meta: !!omap
#   - {ucd: POS_PARLX_TRIG}
#   - {width: 9}
#   - {precision: '4'}
#   - values: {'null': .nan}
# - name: e_Plx
#   unit: mas
#   datatype: float32
#   format: '{:7.4f}'
#   description: '? Standard error of parallax (parallax_error)'
#   meta: !!omap
#   - {ucd: ERROR}
#   - {width: 7}
#   - {precision: '4'}
#   - values: {'null': .nan}
# - name: pmRA
#   unit: mas / yr
#   datatype: float64
#   format: '{:9.3f}'
#   description: '? Proper motion in right ascension direction, pmRA*cosDE (pmra)'
#   meta: !!omap
#   - {ucd: POS_EQ_PMRA}
#   - {width: 9}
#   - {precision: '3'}
#   - values: {'null': .nan}
# - name: pmDE
#   unit: mas / yr
#   datatype: float64
#   format: '{:9.3f}'
#   description: '? Proper motion in declination direction (pmdec)'
#   meta: !!omap
#   - {ucd: POS_EQ_PMDEC}
#   - {width: 9}
#   - {precision: '3'}
#   - values: {'null': .nan}
# - name: e_pmRA
#   unit: mas / yr
#   datatype: float32
#   format: '{:6.3f}'
#   description: '? Standard error of proper motion in right ascension direction (pmra_error)'
#   meta: !!omap
#   - {ucd: ERROR}
#   - {width: 6}
#   - {precision: '3'}
#   - values: {'null': .nan}
# - name: e_pmDE
[...]
#         value: !astropy.table.SerializedColumn {name: SkyCoord.dec}
#       distance: !astropy.table.SerializedColumn
#         __class__: astropy.coordinates.distances.Distance
#         unit: !astropy.units.Unit {unit: pc}
#         value: !astropy.table.SerializedColumn {name: SkyCoord.distance}
#       frame: icrs
#       obstime: !astropy.time.Time {format: jyear_str, in_subfmt: '*', jd1: 367701545.0, jd2: 0.0, out_subfmt: '*', precision: 3, scale: tt}
#       pm_dec: !astropy.table.SerializedColumn
#         __class__: astropy.units.quantity.Quantity
#         unit: !astropy.units.Unit {unit: mas / yr}
#         value: !astropy.table.SerializedColumn {name: SkyCoord.pm_dec}
#       pm_ra_cosdec: !astropy.table.SerializedColumn
#         __class__: astropy.units.quantity.Quantity
#         unit: !astropy.units.Unit {unit: mas / yr}
#         value: !astropy.table.SerializedColumn {name: SkyCoord.pm_ra_cosdec}
#       ra: !astropy.table.SerializedColumn
#         __class__: astropy.coordinates.angles.Longitude
#         unit: *id001
#         value: !astropy.table.SerializedColumn {name: SkyCoord.ra}
#         wrap_angle: !astropy.coordinates.Angle
#           unit: *id001
#           value: 360.0
#       representation_type: spherical
# schema: astropy-2.0
RA_ICRS_1 DE_ICRS_1 e_RA_ICRS e_DE_ICRS _r_1 HIP TYC2 Source rgeo Plx e_Plx pmRA pmDE e_pmRA e_pmDE RUWE Teff logg Gmag BP-RP BPmag RPmag RV e_RV b_rgeo B_rgeo FG e_FG FBP e_FBP FRP e_FRP RAVE5 RAVE6 e_Gmag e_BPmag e_RPmag e_BP-RP SkyCoord.ra SkyCoord.dec SkyCoord.distance SkyCoord.pm_ra_cosdec SkyCoord.pm_dec rmRA rmDE e_rmRA e_rmDE rRV e_rRV v_pec v_pec3d e_vpec e_vpec3d
[from data line 597]
247.04414853632 -48.89295928868 0.0283 0.0182 14.6928 "" "" 5941420988655783424 2803.5752 0.3247 0.0361 -1.54 -2.394 0.039 0.027 0.958 8446.7 3.6508 15.577783 1.779284 16.433199 14.653915 "" "" 2558.4668 3117.02344 11062.00436 3.298 3648.7 8.3186 10904.0 9.2578 "" "" 0.0027742693337786542 0.0037299327 0.0038901772 0.00762011 247.04414853632 -48.89295928868 2803.5752 -1.54 -2.394 0.5775999641418457 0.7126000461578368 0.10553074 0.093530744 "" "" 12.189814791738558 "" 1.2002561040542883 ""
247.54475802748 -49.12870472619 0.0278 0.019 12.4471 "" "" 5940745751078509056 2335.07471 0.3963 0.0379 -2.412 -2.618 0.043 0.031 1.055 5084.9 3.3287 15.582071 2.084892 16.570557 14.485664 "" "" 2159.27979 2506.75659 11018.39694 3.7617 3215.1 34.968 12732.0 131.02 "" "" 0.002780141597927811 0.012133813 0.01179479 0.023928603 247.54475802748 -49.12870472619 2335.07471 -2.4119999999999995 -2.6179999999999994 -0.2944000358581542 0.48860004615783703 0.10953075 0.09753074 "" "" 6.313770931080049 "" 0.6368482850637768 ""
247.09793424705 -48.96050101064 0.033 0.0196 10.1239 "" "" 5940669884778817280 2122.18994 0.4409 0.0415 -2.927 -4.871 0.045 0.03 0.964 8479.4 3.4944 15.583388 1.46209 16.244377 14.782287 "" "" 1952.4397 2334.00024 11005.03374 2.9019 4341.8 8.6616 9688.2 13.576 "" "" 0.0027701542978186703 0.0035322057 0.004074124 0.00760633 247.09793424705 -48.96050101064 2122.18994 -2.9269999999999987 -4.871 -0.8094000358581543 -1.7643999538421635 0.11153074 0.09653074 "" "" 19.52682428107823 "" 1.939041555203266 ""
247.16111167449 -49.05122154047 0.0302 0.0192 4.2256 "" "" 5940668338590526208 2411.66821 0.3873 0.0392 -9.895 -11.098 0.041 0.029 0.994 9260.9 3.7977 15.58343 1.266278 16.12839 14.862111 "" "" 2190.21997 2619.9729 11004.60681 3.0038 4831.3 10.021 9001.5 16.229 "" "" 0.002771212574641086 0.0035856133 0.0042562336 0.007841847 247.16111167449 -49.05122154047 2411.66821 -9.895 -11.098 -7.777400035858154 -7.991399953842164 0.10753074 0.09553074 "" "" 127.47339029208364 "" 12.94431141266295 ""
246.98175133042 -49.04714830569 0.0313 0.0201 10.357 "" "" 5941418411675276288 2168.23022 0.4128 0.0367 -5.015 -5.266 0.038 0.029 1.01 7900.8 3.4179 15.583941 2.42655 16.890886 14.464336 -42.9 4.91 2018.01404 2372.35254 10999.44115 3.9665 2393.7 7.9977 12984.0 12.6 "" "" 0.0027829988117773273 0.0045765215 0.0039235004 0.008500022 246.98175133042 -49.04714830569 2168.23022 -5.015 -5.266 -2.897400035858154 -2.159399953842163 0.10453074 0.09553074 -18.749999999999996 13.639999 37.138211757903264 41.602995956720044 3.766132376414848 7.006653424547764
247.51653364635 -49.04566004744 0.0271 0.0184 11.8255 "" "" 5940748224979750784 2058.7019 0.4511 0.0379 -2.507 -4.478 0.044 0.03 0.971 8989.7 3.3279 15.584729 1.442682 16.231401 14.788719 "" "" 1909.47827 2253.29834 10991.45303 3.5121 4394.0 11.893 9631.0 12.078 "" "" 0.0027770751901185983 0.004052286 0.004017172 0.0080694575 247.51653364635 -49.04566004744 2058.7019 -2.507 -4.478 -0.3894000358581544 -1.3713999538421628 0.11053074 0.09653074 "" "" 13.911476244308934 "" 1.3583802822758222 ""
247.55756701948 -49.16899513802 0.0302 0.0184 13.42 "" "" 5940745063883461376 2780.70874 0.33 0.0389 -3.584 -4.212 0.04 0.03 0.947 "" "" 15.586628 1.749718 16.414288 14.66457 "" "" 2492.98389 3116.55615 10972.24321 3.9085 3712.8 8.7317 10798.0 15.917 "" "" 0.002782331926151693 0.0037821925 0.0041042864 0.007886479 247.55756701948 -49.16899513802 2780.70874 -3.5840000000000027 -4.212 -1.4664000358581544 -1.1053999538421628 0.10653074 0.09653074 "" "" 24.204324149669286 "" 2.4935175051926617 ""
246.98063423636 -49.01191048439 0.0328 0.0204 11.289 "" "" 5941418750947111296 2558.13794 0.3447 0.0382 -2.315 -4.097 0.039 0.029 0.993 "" "" 15.590181 1.727264 16.371735 14.644471 "" "" 2364.36499 2815.44604 10936.39598 3.7258 3861.2 22.716 10999.0 52.203 "" "" 0.002780037073682479 0.006970349 0.006390455 0.013360804 246.98063423636 -49.01191048439 2558.13794 -2.315 -4.097 -0.19740003585815424 -0.9903999538421635 0.10553074 0.09553074 "" "" 12.245381879323169 "" 1.174723681181244 ""
247.56208277114 -49.19871870717 0.0276 0.0182 14.1908 "" "" 5940741967179983872 2243.59448 0.4124 0.0357 -0.253 -0.057 0.038 0.029 0.972 7198.4 4.0023 15.590422 1.428737 16.231987 14.80325 "" "" 2087.14478 2418.00439 10933.97085 3.1011 4391.6 8.4219 9502.9 12.735 "" "" 0.002772474475559422 0.003481435 0.004049789 0.007531224 247.56208277114 -49.19871870717 2243.59448 -0.25299999999999995 -0.05700000000000005 1.8645999641418456 3.049600046157837 0.10453074 0.09553074 "" "" 38.013130958514786 "" 3.7276282494628425 ""
247.49386992998 -49.1890431733 0.031 0.0189 11.5148 "" "" 5940651330519674368 2336.58984 0.3939 0.0393 -10.183 -5.847 0.042 0.03 0.983 8132.1 4.0162 15.592394 1.846322 16.49546 14.649138 "" "" 2156.15601 2545.48877 10914.13237 3.4786 3445.3 7.9448 10952.0 12.802 "" "" 0.0027769660442852496 0.0037488 0.003986783 0.007735583 247.49386992998 -49.1890431733 2336.58984 -10.183 -5.847000000000003 -8.065400035858154 -2.7403999538421635 0.108530745 0.09653074 "" "" 94.34325762520108 "" 10.127845830417739 ""
246.8480189058 -49.11091451441 0.0316 0.0209 14.9997 "" "" 5941412536160013568 2734.98071 0.3365 0.0382 -1.483 -4.027 0.041 0.032 0.975 6708.1 3.506 15.597327 2.19178 16.720718 14.528938 "" "" 2442.80444 3037.45996 10864.64811 3.6485 2799.8 9.607 12234.0 30.333 "" "" 0.002779339206799617 0.0046545067 0.004640093 0.009294599 246.8480189058 -49.11091451441 2734.98071 -1.483 -4.027 0.6345999641418456 -0.9203999538421632 0.10753074 0.09853074 "" "" 14.493127427597772 "" 1.4713105271302689 ""
247.34222319729 -48.86451369408 0.0569 0.0364 15.1155 "" "" 5940762312472639744 2578.31226 0.3737 0.0742 -2.845 0.418 0.07 0.054 2.155 8229.8 4.0517 15.598474 1.769907 16.325914 14.556007 "" "" 2193.35938 3058.15332 10853.18863 8.0317 4027.6 18.388 11933.0 58.974 "" "" 0.002870081469555677 0.005688248 0.0065632034 0.012251452 247.34222319729 -48.86451369408 2578.31226 -2.8449999999999993 0.4180000000000005 -0.7274000358581545 3.524600046157837 0.13653074 0.12053074 "" "" 43.982597077491675 "" 5.33182332572498 ""
247.38572203122 -48.92340893735 0.0302 0.0187 12.5249 "" "" 5940761556558350208 2501.23218 0.3567 0.0385 -2.31 -2.798 0.039 0.029 1.001 8601.3 3.412 15.598514 1.522684 16.291761 14.769077 "" "" 2326.83325 2726.95337 10852.78595 3.1929 4156.4 10.206 9806.8 7.8606 "" "" 0.002773773870636552 0.003859104 0.0038782847 0.007737389 247.38572203122 -48.92340893735 2501.23218 -2.3099999999999996 -2.798 -0.19240003585815435 0.30860004615783687 0.10553074 0.09553074 "" "" 4.311546587273743 "" 0.42439508417185323 ""
247.31351282925 -48.89419827992 0.0283 0.0176 13.0932 "" "" 5940761865796032000 2284.4541 0.3941 0.0353 -2.481 -4.109 0.036 0.026 0.971 15013.4 3.7836 15.598796 2.474704 16.93896 14.464255 28.49 3.94 2122.73975 2523.99536 10849.96246 3.4992 2290.0 8.3513 12985.0 10.423 "" "" 0.0027774809597729297 0.004843849 0.003878565 0.008722414 247.31351282925 -48.89419827992 2284.4541 -2.481 -4.109000000000001 -0.36340003585815417 -1.002399953842163 0.10253074 0.09253074 52.64 12.67 11.54556723597619 53.891276871126806 1.0823637628907483 12.377993339142503
247.31582087685 -48.96564946551 0.0298 0.0183 9.0416 "" "" 5940760147808677248 2789.2854 0.3125 0.0369 -7.32 -7.747 0.042 0.029 0.922 "" "" 15.599178 2.721303 17.125912 14.404609 -62.26 3.92 2502.18433 3170.39966 10846.14271 3.8236 1927.8 9.8625 13719.0 11.677 "" "" 0.002781778417560994 0.0062159584 0.0038907253 0.010106684 247.31582087685 -48.96564946551 2789.2854 -7.319999999999999 -7.747 -5.202400035858155 -4.640399953842163 0.108530745 0.09553074 -38.11 12.65 92.1683335256007 99.73652192094113 9.490876690370554 10.014450073579868
247.31131879771 -48.95853947025 0.0302 0.0181 9.3766 "" "" 5940760147808679680 2715.71802 0.3308 0.0382 -1.377 -1.991 0.041 0.028 0.971 15004.5 3.7149 15.599728 2.282618 16.789434 14.506816 "" "" 2460.77539 3081.12158 10840.6552 3.4631 2628.1 11.94 12486.0 11.799 "" "" 0.002777064988559592 0.0056671686 0.0039161714 0.00958334 247.31131879771 -48.95853947025 2715.71802 -1.3770000000000002 -1.991 0.7405999641418457 1.1156000461578368 0.10753074 0.09453075 "" "" 17.236910640363412 "" 1.701099750287997 ""
247.01034046266 -49.30232793245 0.0305 0.021 14.6164 "" "" 5940657858870120192 2662.78906 0.3395 0.0384 -5.155 -5.66 0.046 0.031 1.042 4923.4 2.4319 15.602231 2.864028 17.224304 14.360276 -52.98 5.07 2391.47095 2978.05713 10815.68823 4.456 1760.7 7.5525 14291.0 26.059 "" "" 0.0027913942451527345 0.005429092 0.0042665326 0.009695625 247.01034046266 -49.30232793245 2662.78906 -5.155 -5.66 -3.0374000358581545 -2.5533999538421632 0.11253074 0.09753074 -28.829999999999995 13.799999 50.0835848101904 57.788704496982234 5.337710690760732 8.294469207022496
247.36045912829 -49.31116754478 0.0319 0.0211 13.3663 "" "" 5940649440733972608 2288.81934 0.3897 0.0391 -0.987 -3.121 0.04 0.031 1.049 7665.2 3.1621 15.60368 1.44945 16.257202 14.807752 "" "" 2105.0481 2583.09351 10801.2689 3.4822 4290.8 11.97 9463.6 10.401 "" "" 0.0027774645356299045 0.004118141 0.0039632875 0.008081429 247.36045912829 -49.31116754478 2288.81934 -0.9870000000000001 -3.1210000000000004 1.1305999641418456 -0.014399953842163082 0.10653074 0.09753074 "" "" 12.266878007222859 "" 1.306782451902236 ""
247.18555211107 -48.99982218863 0.0304 0.0193 6.5692 "" "" 5940668888346367488 2511.66382 0.3707 0.0375 -1.543 -2.511 0.039 0.029 0.987 8698.9 3.9089 15.604807 1.258723 16.146412 14.887689 "" "" 2305.89404 2737.67627 10790.05915 2.8668 4751.7 10.469 8791.9 10.703 "" "" 0.0027703796271121395 0.003675217 0.0040038396 0.0076790564 247.18555211107 -48.99982218863 2511.66382 -1.5430000000000006 -2.5109999999999997 0.5745999641418458 0.5956000461578368 0.10553074 0.09553074 "" "" 9.852691209914319 "" 0.9899557055318131 ""
247.07368274575 -49.0699889981 0.0338 0.0209 6.4924 "" "" 5940667582676298240 2658.16089 0.3586 0.0397 -1.696 -2.376 0.042 0.03 1.003 9087.1 3.5532 15.610464 1.216525 16.126085 14.90956 "" "" 2396.64844 2943.4292 10733.99238 3.273 4841.5 11.755 8616.6 10.185 "" "" 0.0027751380671129466 0.00383852 0.0039913342 0.007829854 247.07368274575 -49.0699889981 2658.16089 -1.696 -2.3759999999999994 0.42159996414184575 0.730600046157837 0.108530745 0.09653074 "" "" 10.628061628995772 "" 1.0592346996355213 ""
247.13719143934 -49.11584221987 0.032 0.0215 3.6914 "" "" 5940666586243814528 2530.37793 0.3602 0.0408 -2.312 -1.623 0.047 0.031 1.043 8948.6 3.6943 15.611467 1.692354 16.348373 14.656019 "" "" 2267.11938 2811.86987 10724.07774 4.6758 3945.2 30.427 10883.0 115.27 "" "" 0.002795691097765484 0.008826264 0.012104963 0.020931227 247.13719143934 -49.11584221987 2530.37793 -2.3119999999999994 -1.6229999999999998 -0.19440003585815413 1.483600046157837 0.11353074 0.09753074 "" "" 17.94639601696188 "" 1.7555618616179398 ""
247.15945013206 -49.02089522927 0.0313 0.0194 5.7755 "" "" 5940668819626885120 2949.82861 0.3108 0.041 -4.597 -5.719 0.044 0.03 1.022 4714.1 2.6823 15.611836 2.045065 16.650616 14.605551 "" "" 2649.81152 3261.60962 10720.42736 3.459 2986.6 8.83 11401.0 12.856 "" "" 0.0027775010884566556 0.00425315 0.003972736 0.008225886 247.15945013206 -49.02089522927 2949.82861 -4.597000000000001 -5.719000000000001 -2.4794000358581547 -2.6123999538421634 0.11053074 0.09653074 "" "" 50.35928634720389 "" 5.207244392427203 ""
247.2049327275 -48.84269144882 0.0293 0.0177 15.7927 "" "" 5940765885885486976 2425.96216 0.3777 0.0369 -2.997 -4.785 0.036 0.027 0.906 8385.0 3.1747 15.611859 1.4873 16.284609 14.797309 "" "" 2233.604 2620.81226 10720.20284 2.9299 4183.8 7.3091 9555.1 9.5771 "" "" 0.0027712530044295435 0.0033738448 0.0039329357 0.0073067807 247.2049327275 -48.84269144882 2425.96216 -2.997000000000001 -4.785000000000002 -0.8794000358581542 -1.6783999538421632 0.10253074 0.093530744 "" "" 21.788735027267283 "" 2.081716567141236 ""
246.93714465328 -48.99846524544 0.0318 0.021 13.1759 "" "" 5941419476827241216 2372.15112 0.3842 0.0384 -3.453 -4.729 0.039 0.029 1.055 7998.6 2.7836 15.615922 1.826035 16.492437 14.666402 "" "" 2178.43481 2614.91431 10680.16431 3.3612 3455.0 10.373 10779.0 10.899 "" "" 0.0027764268416122463 0.004290785 0.0039355997 0.008226385 246.93714465328 -48.99846524544 2372.15112 -3.4530000000000016 -4.729000000000001 -1.3354000358581541 -1.6223999538421632 0.10553074 0.09553074 "" "" 23.627044695847065 "" 2.3553872209119193 ""
247.49506357212 -49.17271034805 0.0281 0.0187 11.168 "" "" 5940745235682158080 2657.98877 0.3401 0.0378 0.043 -5.076 0.044 0.03 0.985 "" "" 15.616802 1.514714 16.310225 14.79551 "" "" 2427.15405 2949.67358 10671.50813 3.3853 4086.3 12.489 9570.9 12.729 "" "" 0.0027767640388986587 0.0043354896 0.0040458436 0.008381333 247.49506357212 -49.17271034805 2657.98877 0.04299999999999993 -5.0760000000000005 2.160599964141846 -1.9693999538421627 0.11053074 0.09653074 "" "" 36.83252009772722 "" 3.845698128728657 ""
247.32353341087 -49.08217992946 0.0476 0.0338 3.9369 "" "" 5940664589050032896 2428.46631 0.4013 0.0659 -1.877 -3.062 0.075 0.052 1.939 7672.6 3.1971 15.617452 1.393166 16.22441 14.831243 "" "" 2096.13208 2770.62451 10665.12633 6.5253 4422.4 10.971 9261.1 11.596 "" "" 0.002834267586841225 0.0038781231 0.0040164525 0.007894576 247.32353341087 -49.08217992946 2428.46631 -1.8769999999999998 -3.0619999999999994 0.2405999641418457 0.04460004615783708 0.14153075 0.11853074 "" "" 2.8167109309902703 "" 0.3966689891517246 ""
247.30166009262 -49.27236375532 0.0732 0.0492 10.4067 "" "" 5940661466642505344 2911.42725 0.3495 0.0932 -3.979 -3.349 0.098 0.074 1.225 3820.8 0.7233 15.61807 5.483995 19.522387 14.038391 -109.47 2.99 2263.86401 3932.76782 10659.05505 8.2037 212.06 7.5676 19222.0 20.047 "" "" 0.0028792483839547955 0.03884605 0.0039453655 0.042791415 247.30166009262 -49.27236375532 2911.42725 -3.979 -3.3489999999999993 -1.8614000358581544 -0.24239995384216328 0.16453074 0.14053074 -85.32 11.719999 25.904523161563368 89.16583830272651 4.252468237266402 11.282345050443048
247.37841113431 -49.29046634335 0.0312 0.0209 12.5398 "" "" 5940649853050851584 2212.57397 0.4158 0.0382 -3.1 -4.336 0.039 0.032 0.932 "" "" 15.621948 1.240667 16.149271 14.908604 "" "" 2068.90674 2381.7688 10621.05257 3.113 4739.2 13.367 8624.2 14.154 "" "" 0.002773636112654776 0.004142821 0.0041783866 0.008321207 247.37841113431 -49.29046634335 2212.57397 -3.1000000000000005 -4.336000000000004 -0.9824000358581544 -1.2293999538421634 0.10553074 0.09853074 "" "" 16.504345045936475 "" 1.6721572058004905 ""
247.44738512205 -48.87627377692 0.0287 0.0184 16.1977 "" "" 5940767225915192960 2197.72461 0.4226 0.0364 -2.205 -3.359 0.036 0.028 1.022 "" "" 15.622165 1.631766 16.384518 14.752751 "" "" 2037.26685 2379.52881 10618.93019 3.3049 3816.0 10.289 9955.4 12.409 "" "" 0.002775963436694666 0.004044131 0.0040143766 0.008058507 247.44738512205 -48.87627377692 2197.72461 -2.205 -3.359 -0.08740003585815437 -0.25239995384216307 0.10253074 0.09453075 "" "" 2.7824788471892803 "" 0.2655023598083206 ""
247.11585878229 -49.04165102751 0.0547 0.0332 5.8898 "" "" 5940669060145053184 2148.4856 0.4554 0.0654 0.237 -2.744 0.069 0.048 1.562 5801.2 4.1831 15.622993 1.426003 16.103313 14.677311 "" "" 1906.58655 2484.54663 10610.83473 7.386 4944.1 45.47 10672.0 101.95 "" "" 0.0028570899447566854 0.010367819 0.011039189 0.021407008 247.11585878229 -49.04165102751 2148.4856 0.237 -2.744 2.354599964141846 0.3626000461578367 0.13553074 0.11453074 "" "" 24.261488137706827 "" 3.277271103745943 ""
