Clusters/Czernik_8/Czernik_8_stars_in_region.tsv
# %ECSV 1.0
# ---
# datatype:
# - name: RA_ICRS_1
#   unit: deg
#   datatype: float64
#   format: '{:15.11f}'
#   description: Right ascension (ICRS) at Ep=2016.0 (ra)
#   meta: !!omap
#   - {ucd: POS_EQ_RA_MAIN}
#   - {width: 15}
#   - {precision: '11'}
# - name: DE_ICRS_1
#   unit: deg
#   datatype: float64
#   format: '{:15.11f}'
#   description: Declination (ICRS) at Ep=2016.0 (dec)
#   meta: !!omap
#   - {ucd: POS_EQ_DEC_MAIN}
#   - {width: 15}
#   - {precision: '11'}
# - name: e_RA_ICRS
#   unit: mas
#   datatype: float64
#   format: '{:7.4f}'
#   description: Standard error of right ascension (ra_error)
#   meta: !!omap
#   - {ucd: ERROR}
#   - {width: 7}
#   - {precision: '4'}
# - name: e_DE_ICRS
#   unit: mas
#   datatype: float64
#   format: '{:7.4f}'
#   description: Standard error of declination (dec_error)
#   meta: !!omap
#   - {ucd: ERROR}
#   - {width: 7}
#   - {precision: '4'}
# - name: _r_1
#   unit: ''
#   datatype: float64
#   format: '{:7.4f}'
#   description: Distance from center (038.24281610000+58.75909856000)[ICRS], at Epoch=J2016.0
#   meta: !!omap
#   - {ucd: POS_ANG_DIST_GENERAL}
#   - {width: 7}
#   - {precision: '4'}
# - name: HIP
#   datatype: int32
#   description: '? HIP cross-id number, van Leeuwen, Cat. I/311 (hip_original_ext_source_id)'
#   meta: !!omap
#   - {ucd: ID_NUMBER}
#   - {width: 6}
#   - values: {'null': -2147483648}
# - name: TYC2
#   datatype: string
#   description: Tycho-2 cross-id name, Hog et al., Cat. I/259 (tyc2_original_ext_source_id)
#   meta: !!omap
#   - {ucd: ID_CROSSID}
#   - {_votable_string_dtype: char}
# - name: Source
#   datatype: int64
#   description: Source identifier, identical to the Gaia-EDR3 source_id (id)
#   meta: !!omap
#   - {ucd: ID_MAIN}
#   - {width: 19}
# - name: rgeo
#   unit: pc
#   datatype: float64
#   format: '{:15.8f}'
#   description: '? Median of the geometric distance posterior (r_med_geo)'
#   meta: !!omap
#   - {ucd: PHYS_DISTANCE_TRUE}
#   - {width: 15}
#   - {precision: '8'}
#   - values: {'null': .nan}
# - name: Plx
#   unit: mas
#   datatype: float64
#   format: '{:9.4f}'
#   description: '? Parallax (parallax)'
#   meta: !!omap
#   - {ucd: POS_PARLX_TRIG}
#   - {width: 9}
#   - {precision: '4'}
#   - values: {'null': .nan}
# - name: e_Plx
#   unit: mas
#   datatype: float32
#   format: '{:7.4f}'
#   description: '? Standard error of parallax (parallax_error)'
#   meta: !!omap
#   - {ucd: ERROR}
#   - {width: 7}
#   - {precision: '4'}
#   - values: {'null': .nan}
# - name: pmRA
#   unit: mas / yr
#   datatype: float64
#   format: '{:9.3f}'
#   description: '? Proper motion in right ascension direction, pmRA*cosDE (pmra)'
#   meta: !!omap
#   - {ucd: POS_EQ_PMRA}
#   - {width: 9}
#   - {precision: '3'}
#   - values: {'null': .nan}
# - name: pmDE
#   unit: mas / yr
#   datatype: float64
#   format: '{:9.3f}'
#   description: '? Proper motion in declination direction (pmdec)'
#   meta: !!omap
#   - {ucd: POS_EQ_PMDEC}
#   - {width: 9}
#   - {precision: '3'}
#   - values: {'null': .nan}
# - name: e_pmRA
#   unit: mas / yr
#   datatype: float32
#   format: '{:6.3f}'
#   description: '? Standard error of proper motion in right ascension direction (pmra_error)'
#   meta: !!omap
#   - {ucd: ERROR}
#   - {width: 6}
#   - {precision: '3'}
#   - values: {'null': .nan}
# - name: e_pmDE
[...]
#         value: !astropy.table.SerializedColumn {name: SkyCoord.dec}
#       distance: !astropy.table.SerializedColumn
#         __class__: astropy.coordinates.distances.Distance
#         unit: !astropy.units.Unit {unit: pc}
#         value: !astropy.table.SerializedColumn {name: SkyCoord.distance}
#       frame: icrs
#       obstime: !astropy.time.Time {format: jyear_str, in_subfmt: '*', jd1: 367701545.0, jd2: 0.0, out_subfmt: '*', precision: 3, scale: tt}
#       pm_dec: !astropy.table.SerializedColumn
#         __class__: astropy.units.quantity.Quantity
#         unit: !astropy.units.Unit {unit: mas / yr}
#         value: !astropy.table.SerializedColumn {name: SkyCoord.pm_dec}
#       pm_ra_cosdec: !astropy.table.SerializedColumn
#         __class__: astropy.units.quantity.Quantity
#         unit: !astropy.units.Unit {unit: mas / yr}
#         value: !astropy.table.SerializedColumn {name: SkyCoord.pm_ra_cosdec}
#       ra: !astropy.table.SerializedColumn
#         __class__: astropy.coordinates.angles.Longitude
#         unit: *id001
#         value: !astropy.table.SerializedColumn {name: SkyCoord.ra}
#         wrap_angle: !astropy.coordinates.Angle
#           unit: *id001
#           value: 360.0
#       representation_type: spherical
# schema: astropy-2.0
RA_ICRS_1 DE_ICRS_1 e_RA_ICRS e_DE_ICRS _r_1 HIP TYC2 Source rgeo Plx e_Plx pmRA pmDE e_pmRA e_pmDE RUWE Teff logg Gmag BP-RP BPmag RPmag RV e_RV b_rgeo B_rgeo FG e_FG FBP e_FBP FRP e_FRP RAVE5 RAVE6 e_Gmag e_BPmag e_RPmag e_BP-RP SkyCoord.ra SkyCoord.dec SkyCoord.distance SkyCoord.pm_ra_cosdec SkyCoord.pm_dec rmRA rmDE e_rmRA e_rmDE rRV e_rRV v_pec v_pec3d e_vpec e_vpec3d
[from data line 95]
38.50315739505 58.58047050549 0.02 0.0224 13.4476 "" "" 458227625572097664 2698.0564 0.3386 0.032 -1.444 -0.64 0.027 0.028 0.961 9395.3 3.816 15.464266 1.145061 15.946945 14.801885 "" "" 2444.90479 2892.90405 12281.19427 3.3695 5710.0 8.2237 9514.9 9.5939 "" "" 0.0027713760279863605 0.0031984728 0.0039347433 0.007133216 38.50315739505 58.58047050549 2698.0564 -1.4439999999999995 -0.64 -1.9253571572303771 0.13071428298950194 0.08452218 0.085522175 "" "" 24.679663848577654 "" 2.0860928937083125 ""
38.02123023261 58.64499656269 0.0194 0.0222 9.7248 "" "" 458981650031840384 2232.16821 0.4274 0.0317 -0.33 -0.713 0.025 0.028 1.071 9237.1 3.5628 15.465858 1.08004 15.914215 14.834175 "" "" 2063.45483 2442.78809 12263.20109 3.3113 5884.8 8.6952 9236.1 10.712 "" "" 0.0027708731183210926 0.0032184885 0.003983641 0.00720213 38.02123023261 58.64499656269 2232.16821 -0.3299999999999999 -0.7129999999999994 -0.8113571572303773 0.057714282989501986 0.082522176 0.085522175 "" "" 8.606237091418588 "" 0.7103377465811033 ""
38.38765785618 58.98207218388 0.0196 0.0221 14.1126 "" "" 458993160544083840 2901.53833 0.3126 0.0297 -0.045 -0.319 0.026 0.028 1.019 6300.0 3.5598 15.491733 2.150659 16.604563 14.453904 "" "" 2666.16016 3179.00586 11974.39663 4.7236 3116.0 8.0338 13110.0 11.709 "" "" 0.0027884093443358545 0.0039523505 0.0039018025 0.0078541525 38.38765785618 58.98207218388 2901.53833 -0.04499999999999983 -0.319 -0.5263571572303772 0.45171428298950195 0.08352218 0.085522175 "" "" 9.539448586702413 "" 0.8049025878461057 ""
38.28142147741 58.52567089753 0.0212 0.0227 14.0574 "" "" 458228896882486528 2299.53735 0.4044 0.0326 -1.324 -1.649 0.029 0.029 1.058 8462.0 4.2434 15.500142 1.321425 16.081417 14.759993 "" "" 2138.00049 2462.55884 11882.01474 8.5915 5044.9 17.928 9889.2 24.375 "" "" 0.002864979862941289 0.004761517 0.0046309195 0.009392437 38.28142147741 58.52567089753 2299.53735 -1.324 -1.649 -1.8053571572303773 -0.8782857170104981 0.08652218 0.08652218 "" "" 21.88311091678719 "" 1.8933743930278377 ""
38.45928639267 58.76799489028 0.0211 0.0255 6.7564 "" "" 458238620690928896 2254.91699 0.4141 0.0334 -0.486 -1.039 0.029 0.033 1.037 9344.4 3.4517 15.538784 1.431694 16.165712 14.734018 "" "" 2086.21704 2428.10229 11466.5561 3.5779 4668.0 14.849 10129.0 17.623 "" "" 0.0027760695597644418 0.0044399803 0.0042251796 0.008665159 38.45928639267 58.76799489028 2254.91699 -0.486 -1.039 -0.9673571572303772 -0.26828571701049797 0.08652218 0.09052218 "" "" 10.729681557865293 "" 0.9314863764605338 ""
38.23539784674 58.72769489143 0.0188 0.0217 1.8983 "" "" 458983230579781120 2561.00391 0.3546 0.0302 0.469 -0.684 0.025 0.028 0.963 8992.6 3.461 15.549539 1.451713 16.202694 14.750981 "" "" 2391.15723 2750.70215 11353.54416 3.2703 4511.7 9.2926 9971.6 11.454 "" "" 0.002773011784310968 0.0035757355 0.003979836 0.0075555714 38.23539784674 58.72769489143 2561.00391 0.4690000000000001 -0.6840000000000003 -0.012357157230377225 0.0867142829895019 0.082522176 0.085522175 "" "" 1.0632729226299198 "" 0.09087101706322347 ""
38.63552425632 58.79633061616 0.0193 0.0223 12.4164 "" "" 458239303584067712 2176.84888 0.4251 0.0302 -0.23 -0.913 0.026 0.028 0.984 9785.4 3.8302 15.558824 1.464369 16.133307 14.668938 "" "" 2070.31592 2336.48779 11256.86358 3.99 4809.4 35.178 10754.0 146.41 "" "" 0.0027820659469846333 0.008417426 0.015257228 0.023674654 38.63552425632 58.79633061616 2176.84888 -0.23 -0.913 -0.7113571572303772 -0.14228571701049808 0.08352218 0.085522175 "" "" 7.4853597025078775 "" 0.6257760781781642 ""
38.4461387001 58.92382991247 0.0319 0.0363 11.7274 "" "" 458992026672732032 2561.45801 0.3648 0.0515 0.398 -1.08 0.045 0.047 1.797 9236.8 3.5574 15.560409 1.503098 16.236015 14.732917 "" "" 2228.56055 2876.36743 11240.44213 4.4408 4375.3 10.806 10139.0 10.177 "" "" 0.0027885092215974394 0.0038698334 0.0039333706 0.007803204 38.4461387001 58.92382991247 2561.45801 0.39800000000000013 -1.0800000000000003 -0.08335715723037718 -0.3092857170104981 0.10252218 0.104522176 "" "" 3.8891268649272615 "" 0.40597796993337665 ""
38.25876024203 58.76591096856 0.0693 0.0729 0.6428 "" "" 458983402378459776 2693.19775 0.4422 0.1065 0.142 -0.457 0.093 0.097 3.388 9406.2 3.6261 15.631343 1.528263 16.305246 14.776983 "" "" 2069.57642 3480.82666 10529.54745 11.826 4105.0 6.6822 9735.6 10.975 "" "" 0.0030130995438462406 0.0033028305 0.003972631 0.007275461 38.25876024203 58.76591096856 2693.19775 0.14200000000000004 -0.45699999999999996 -0.3393571572303772 0.31371428298950194 0.15052217 0.15452218 "" "" 5.899657586332786 "" 0.8989804009521061 ""
37.88455987158 58.64182302247 0.02 0.0225 13.1991 "" "" 458961205987068288 2893.15674 0.3122 0.0323 -0.347 -0.725 0.027 0.029 1.013 "" "" 15.636486 1.094161 16.094355 15.000194 "" "" 2647.82104 3201.40308 10479.78588 2.853 4985.1 13.161 7926.5 9.4974 "" "" 0.0027711290809867613 0.004000174 0.003997011 0.007997185 37.88455987158 58.64182302247 2893.15674 -0.34699999999999964 -0.724999999999999 -0.8283571572303772 0.045714282989501975 0.08452218 0.08652218 "" "" 11.3770132905751 "" 0.9616798714619266 ""
38.2404960814 58.76026907972 0.0285 0.0247 0.1007 "" "" 458984123929967232 2386.87524 0.3866 0.0359 0.578 -0.764 0.042 0.033 0.975 10130.7 3.8273 15.643705 1.446068 16.256203 14.810135 "" "" 2216.3916 2547.93628 10410.33699 4.6893 4294.7 13.109 9442.9 31.267 "" "" 0.0027983879308041376 0.0043322137 0.0052161403 0.009548354 38.2404960814 58.76026907972 2386.87524 0.578 -0.764 0.09664284276962276 0.006714282989501941 0.09952217 0.09052218 "" "" 1.0960323269928158 "" 0.10903426816024933 ""
38.21261246124 58.84634074208 0.0353 0.0397 5.318 "" "" 458993362400964096 2206.73657 0.4342 0.0561 -0.451 -1.134 0.05 0.052 1.784 9524.0 4.118 15.686133 1.247307 16.206465 14.959158 "" "" 1984.21667 2507.88354 10011.36629 4.4648 4496.0 10.303 8231.8 10.965 "" "" 0.0027975431836693575 0.003738384 0.0040466427 0.007785027 38.21261246124 58.84634074208 2206.73657 -0.45099999999999996 -1.134 -0.9323571572303773 -0.36328571701049794 0.107522175 0.10952218 "" "" 10.466552374504193 "" 1.1281678871329834 ""
38.42770761996 58.84864833177 0.0218 0.025 7.8668 "" "" 458991202039036160 2855.17822 0.3193 0.0341 -0.929 -0.459 0.03 0.033 1.083 "" "" 15.701108 1.283169 16.255543 14.972374 "" "" 2577.57983 3142.72949 9874.24143 3.2268 4297.3 12.853 8132.2 10.522 "" "" 0.002778070853005009 0.0042814165 0.0040320205 0.008313437 38.42770761996 58.84864833177 2855.17822 -0.9289999999999999 -0.45899999999999996 -1.4103571572303772 0.31171428298950193 0.08752218 0.09052218 "" "" 19.547766534379214 "" 1.7136389207672609 ""
38.22233488472 58.76586261922 0.0215 0.0237 0.7555 "" "" 458984123932966656 2787.66797 0.331 0.0327 0.361 -0.839 0.028 0.03 0.954 9977.5 3.828 15.712848 1.407736 16.244738 14.837002 "" "" 2549.74536 3059.64209 9768.04337 5.77 4340.3 37.549 9212.1 73.269 "" "" 0.0028289776174436725 0.009798619 0.009426295 0.019224914 38.22233488472 58.76586261922 2787.66797 0.361 -0.8389999999999999 -0.12035715723037721 -0.06828571701049801 0.085522175 0.08752218 "" "" 1.8284790636712913 "" 0.1572738496673103 ""
38.13669619591 58.65531385226 0.021 0.0238 7.0508 "" "" 458981168995496704 2345.79346 0.4025 0.0343 -0.304 -0.696 0.028 0.031 0.982 9267.0 3.8864 15.752213 1.144526 16.236397 15.091871 "" "" 2173.20361 2568.89795 9420.23722 2.9614 4373.8 8.2128 7284.7 9.8147 "" "" 0.002776380299996349 0.0034556345 0.004052599 0.007508233 38.13669619591 58.65531385226 2345.79346 -0.304 -0.6959999999999986 -0.7853571572303772 0.074714282989502 0.085522175 0.08852218 "" "" 8.771861602847979 "" 0.7504288166843931 ""
38.46405310614 58.55519901981 0.0244 0.026 14.0479 "" "" 458227419413690240 2635.4751 0.3589 0.0374 -1.133 0.334 0.032 0.033 1.008 9261.3 3.9726 15.782827 1.412913 16.415852 15.002938 "" "" 2352.22437 2924.42407 9158.32033 3.4402 3707.5 10.189 7906.5 10.552 "" "" 0.0027853410337784854 0.0040851333 0.00404764 0.008132773 38.46405310614 58.55519901981 2635.4751 -1.133 0.334 -1.6143571572303772 1.104714282989502 0.08952218 0.09052218 "" "" 24.436586483826375 "" 2.1954395883325035 ""
38.03767443382 58.8299129285 0.0241 0.0273 7.6629 "" "" 458988006582846848 2271.85425 0.4133 0.0368 -1.046 0.068 0.033 0.035 1.023 "" "" 15.787881 1.816064 16.672243 14.856179 "" "" 2069.69678 2467.38721 9115.78804 3.2671 2927.7 9.1711 9050.8 10.401 "" "" 0.0027826624014714524 0.004399149 0.003980012 0.008379161 38.03767443382 58.8299129285 2271.85425 -1.0459999999999998 0.06799999999999952 -1.5273571572303772 0.838714282989502 0.09052218 0.092522174 "" "" 18.764128413715984 "" 1.70733772072845 ""
38.31128340915 58.68600942267 0.0221 0.0267 4.8765 "" "" 458232264136725632 2675.53052 0.345 0.0378 -1.311 1.023 0.029 0.033 0.964 "" "" 15.791573 1.705993 16.601177 14.895184 "" "" 2453.7146 2935.55249 9084.84849 3.0981 3125.7 11.74 8731.4 9.7071 "" "" 0.0027800861271543927 0.0049411505 0.003967459 0.008908609 38.31128340915 58.68600942267 2675.53052 -1.3110000000000002 1.0230000000000001 -1.7923571572303771 1.7937142829895019 0.08652218 0.09052218 "" "" 32.158236252725104 "" 2.8474922204253645 ""
38.24945889439 58.7678163143 0.0236 0.0242 0.5624 "" "" 458984158292949760 2585.69775 0.3575 0.0352 0.551 -0.898 0.032 0.032 0.984 9492.8 3.649 15.796988 1.437776 16.438406 15.00063 "" "" 2377.78394 2853.21875 9039.65276 3.0957 3631.2 13.848 7923.3 13.333 "" "" 0.002780294711481572 0.00499294 0.0041978294 0.00919077 38.24945889439 58.7678163143 2585.69775 0.550999999999999 -0.8980000000000001 0.06964284276962285 -0.12728571701049807 0.08952218 0.08952218 "" "" 1.7782814713588821 "" 0.1591956392003572 ""
37.91255129187 58.78845203725 0.0237 0.0271 10.4228 "" "" 458986563473874816 2803.45459 0.3397 0.0363 -0.322 -1.006 0.031 0.034 1.034 9251.5 3.6658 15.803448 1.35093 16.397194 15.046264 "" "" 2519.55811 3097.84253 8986.02755 3.0744 3771.7 12.439 7597.2 10.432 "" "" 0.0027802472960926673 0.0045394646 0.0040628077 0.008602273 37.91255129187 58.78845203725 2803.45459 -0.32200000000000006 -1.0060000000000002 -0.8033571572303773 -0.23528571701049805 0.08852218 0.09152218 "" "" 11.123743597239653 "" 0.9873754375561293 ""
37.87471482624 58.87148875826 0.023 0.0271 13.2762 "" "" 459000273009424768 2479.96045 0.3707 0.0358 0.115 0.037 0.032 0.034 0.991 9269.9 3.9805 15.809346 1.280926 16.370562 15.089636 "" "" 2303.19214 2675.6958 8937.33895 4.2214 3865.4 18.886 7299.7 17.381 "" "" 0.002802638570760343 0.005993835 0.004578972 0.010572807 37.87471482624 58.87148875826 2479.96045 0.11499999999999998 0.037000000000000005 -0.3663571572303772 0.807714282989502 0.08952218 0.09152218 "" "" 10.425708288449764 "" 0.9506581252770097 ""
38.61805233032 58.65201460201 0.0252 0.0287 13.3434 "" "" 458234119562594432 2177.40991 0.4324 0.0403 -0.205 0.459 0.033 0.036 1.093 8046.1 4.1775 15.84288 1.707599 16.653383 14.945785 "" "" 1978.87695 2416.65283 8665.52074 3.0027 2979.0 9.271 8333.8 8.9021 "" "" 0.002780886674383843 0.0043820404 0.0039533284 0.008335369 38.61805233032 58.65201460201 2177.40991 -0.2049999999999998 0.4590000000000002 -0.6863571572303772 1.229714282989502 0.09052218 0.093522176 "" "" 14.534862291632562 "" 1.3491022568336328 ""
38.26001283281 58.65521669529 0.0269 0.0286 6.2559 "" "" 458231744441491584 3063.07031 0.3029 0.0412 -1.063 0.447 0.035 0.037 1.051 9737.1 3.8211 15.867416 1.268531 16.389786 15.121255 "" "" 2695.71411 3509.30347 8471.889 2.9667 3797.5 18.727 7090.2 26.813 "" "" 0.002781428618652958 0.0060375924 0.005580534 0.011618126 38.26001283281 58.65521669529 3063.07031 -1.0629999999999995 0.4469999999999995 -1.5443571572303771 1.217714282989502 0.092522174 0.09452218 "" "" 28.55427115448026 "" 2.6639417627787068 ""
37.96385243987 58.82822100002 0.0239 0.0277 9.6129 "" "" 458988144021807616 2329.10962 0.4038 0.0381 -0.905 -0.425 0.033 0.034 1.031 "" "" 15.883175 1.304776 16.45148 15.146705 "" "" 2150.59033 2539.52319 8349.81234 2.8389 3587.8 12.363 6925.9 13.178 "" "" 0.0027799384648563123 0.0046671415 0.0043071383 0.00897428 37.96385243987 58.82822100002 2329.10962 -0.905 -0.4250000000000002 -1.3863571572303772 0.34571428298950196 0.09052218 0.09152218 "" "" 15.774058427077387 "" 1.4288303986378417 ""
38.04027514297 58.6401845647 0.0244 0.0279 9.5271 "" "" 458981443873410816 3004.90552 0.3036 0.0407 0.214 -1.076 0.033 0.035 1.111 "" "" 15.8895 1.027846 16.309309 15.281463 "" "" 2670.39624 3518.82886 8301.3114 2.8349 4089.7 7.1196 6117.5 9.5189 "" "" 0.0027801558582831003 0.003370102 0.00413979 0.007509892 38.04027514297 58.6401845647 3004.90552 0.21400000000000052 -1.0760000000000005 -0.26735715723037723 -0.3052857170104981 0.09052218 0.092522174 "" "" 5.780009628646139 "" 0.5297923630041903 ""
38.04277913818 58.70151373398 0.0227 0.0256 7.1239 "" "" 458985120365401856 2640.06055 0.3488 0.0359 0.573 -1.966 0.03 0.033 0.98 7333.4 4.0405 15.900961 1.630356 16.662994 15.032639 "" "" 2410.04761 2845.5376 8214.14672 2.9732 2952.7 9.2683 7693.1 12.863 "" "" 0.0027832056568272245 0.004404521 0.004192767 0.008597288 38.04277913818 58.70151373398 2640.06055 0.5729999999999992 -1.9659999999999982 0.09164284276962276 -1.195285717010498 0.08752218 0.09052218 "" "" 15.001569014860154 "" 1.35771602074551 ""
38.20855934854 58.77690363159 0.0254 0.0286 1.509 "" "" 458984192652440448 2798.56299 0.3149 0.0398 0.582 -0.907 0.034 0.037 1.103 9259.9 3.5886 15.905825 1.366981 16.508045 15.141065 "" "" 2506.01855 3136.91235 8177.42882 2.9147 3405.6 9.744 6962.0 7.7279 "" "" 0.0027823644253572445 0.0041755526 0.003966886 0.008142439 38.20855934854 58.77690363159 2798.56299 0.582 -0.9070000000000014 0.10064284276962276 -0.13628571701049808 0.09152218 0.09452218 "" "" 2.247374235066152 "" 0.21007217563045902 ""
38.31682387241 58.90567537817 0.022 0.0245 9.0899 "" "" 458991098959806976 2869.1311 0.3173 0.0342 0.462 -0.801 0.03 0.032 0.958 "" "" 15.91757 1.134533 16.39394 15.259407 "" "" 2645.08203 3121.91333 8089.44109 2.4639 3783.0 7.7897 6243.0 9.1386 "" "" 0.0027750944514296416 0.0035753727 0.004099958 0.007675331 38.31682387241 58.90567537817 2869.1311 0.462 -0.801 -0.019357157230377176 -0.030285717010498092 0.08752218 0.08952218 "" "" 0.4888180676456757 "" 0.04347877731836356 ""
38.04892931308 58.84619355377 0.0452 0.0503 7.9761 "" "" 458988384533282176 2300.88232 0.4297 0.0704 0.406 0.311 0.061 0.065 1.729 5757.7 4.2385 15.936351 1.610153 16.490421 14.880268 "" "" 1991.35693 2799.68091 7950.71788 6.5947 3461.4 36.613 8852.2 74.324 "" "" 0.002898758187167535 0.011818469 0.009868351 0.021686818 38.04892931308 58.84619355377 2300.88232 0.4059999999999998 0.31099999999999994 -0.07535715723037717 1.081714282989502 0.11852218 0.122522175 "" "" 11.825965627896153 "" 1.4487182821302165 ""
38.016611621 58.84681702447 0.0251 0.0289 8.782 "" "" 458988075302309888 2497.57715 0.3748 0.0401 -2.131 0.299 0.034 0.036 1.032 9281.3 4.1262 15.954161 1.433998 16.59656 15.162561 "" "" 2286.29761 2756.03735 7821.36054 2.8398 3139.0 12.058 6825.5 11.155 "" "" 0.00278337788088735 0.005017941 0.004175205 0.009193146 38.016611621 58.84681702447 2497.57715 -2.1310000000000002 0.29899999999999893 -2.612357157230377 1.0697142829895019 0.09152218 0.093522176 "" "" 33.418807873599484 "" 3.0682493881385633 ""
