Clusters/Czernik_8/Czernik_8_stars_in_region.tsv
# %ECSV 1.0
# ---
# datatype:
# - name: RA_ICRS_1
#   unit: deg
#   datatype: float64
#   format: '{:15.11f}'
#   description: Right ascension (ICRS) at Ep=2016.0 (ra)
#   meta: !!omap
#   - {ucd: POS_EQ_RA_MAIN}
#   - {width: 15}
#   - {precision: '11'}
# - name: DE_ICRS_1
#   unit: deg
#   datatype: float64
#   format: '{:15.11f}'
#   description: Declination (ICRS) at Ep=2016.0 (dec)
#   meta: !!omap
#   - {ucd: POS_EQ_DEC_MAIN}
#   - {width: 15}
#   - {precision: '11'}
# - name: e_RA_ICRS
#   unit: mas
#   datatype: float64
#   format: '{:7.4f}'
#   description: Standard error of right ascension (ra_error)
#   meta: !!omap
#   - {ucd: ERROR}
#   - {width: 7}
#   - {precision: '4'}
# - name: e_DE_ICRS
#   unit: mas
#   datatype: float64
#   format: '{:7.4f}'
#   description: Standard error of declination (dec_error)
#   meta: !!omap
#   - {ucd: ERROR}
#   - {width: 7}
#   - {precision: '4'}
# - name: _r_1
#   unit: ''
#   datatype: float64
#   format: '{:7.4f}'
#   description: Distance from center (038.24281610000+58.75909856000)[ICRS], at Epoch=J2016.0
#   meta: !!omap
#   - {ucd: POS_ANG_DIST_GENERAL}
#   - {width: 7}
#   - {precision: '4'}
# - name: HIP
#   datatype: int32
#   description: '? HIP cross-id number, van Leeuwen, Cat. I/311 (hip_original_ext_source_id)'
#   meta: !!omap
#   - {ucd: ID_NUMBER}
#   - {width: 6}
#   - values: {'null': -2147483648}
# - name: TYC2
#   datatype: string
#   description: Tycho-2 cross-id name, Hog et al., Cat. I/259 (tyc2_original_ext_source_id)
#   meta: !!omap
#   - {ucd: ID_CROSSID}
#   - {_votable_string_dtype: char}
# - name: Source
#   datatype: int64
#   description: Source identifier, identical to the Gaia-EDR3 source_id (id)
#   meta: !!omap
#   - {ucd: ID_MAIN}
#   - {width: 19}
# - name: rgeo
#   unit: pc
#   datatype: float64
#   format: '{:15.8f}'
#   description: '? Median of the geometric distance posterior (r_med_geo)'
#   meta: !!omap
#   - {ucd: PHYS_DISTANCE_TRUE}
#   - {width: 15}
#   - {precision: '8'}
#   - values: {'null': .nan}
# - name: Plx
#   unit: mas
#   datatype: float64
#   format: '{:9.4f}'
#   description: '? Parallax (parallax)'
#   meta: !!omap
#   - {ucd: POS_PARLX_TRIG}
#   - {width: 9}
#   - {precision: '4'}
#   - values: {'null': .nan}
# - name: e_Plx
#   unit: mas
#   datatype: float32
#   format: '{:7.4f}'
#   description: '? Standard error of parallax (parallax_error)'
#   meta: !!omap
#   - {ucd: ERROR}
#   - {width: 7}
#   - {precision: '4'}
#   - values: {'null': .nan}
# - name: pmRA
#   unit: mas / yr
#   datatype: float64
#   format: '{:9.3f}'
#   description: '? Proper motion in right ascension direction, pmRA*cosDE (pmra)'
#   meta: !!omap
#   - {ucd: POS_EQ_PMRA}
#   - {width: 9}
#   - {precision: '3'}
#   - values: {'null': .nan}
# - name: pmDE
#   unit: mas / yr
#   datatype: float64
#   format: '{:9.3f}'
#   description: '? Proper motion in declination direction (pmdec)'
#   meta: !!omap
#   - {ucd: POS_EQ_PMDEC}
#   - {width: 9}
#   - {precision: '3'}
#   - values: {'null': .nan}
# - name: e_pmRA
#   unit: mas / yr
#   datatype: float32
#   format: '{:6.3f}'
#   description: '? Standard error of proper motion in right ascension direction (pmra_error)'
#   meta: !!omap
#   - {ucd: ERROR}
#   - {width: 6}
#   - {precision: '3'}
#   - values: {'null': .nan}
# - name: e_pmDE
[...]
#         value: !astropy.table.SerializedColumn {name: SkyCoord.dec}
#       distance: !astropy.table.SerializedColumn
#         __class__: astropy.coordinates.distances.Distance
#         unit: !astropy.units.Unit {unit: pc}
#         value: !astropy.table.SerializedColumn {name: SkyCoord.distance}
#       frame: icrs
#       obstime: !astropy.time.Time {format: jyear_str, in_subfmt: '*', jd1: 367701545.0, jd2: 0.0, out_subfmt: '*', precision: 3, scale: tt}
#       pm_dec: !astropy.table.SerializedColumn
#         __class__: astropy.units.quantity.Quantity
#         unit: !astropy.units.Unit {unit: mas / yr}
#         value: !astropy.table.SerializedColumn {name: SkyCoord.pm_dec}
#       pm_ra_cosdec: !astropy.table.SerializedColumn
#         __class__: astropy.units.quantity.Quantity
#         unit: !astropy.units.Unit {unit: mas / yr}
#         value: !astropy.table.SerializedColumn {name: SkyCoord.pm_ra_cosdec}
#       ra: !astropy.table.SerializedColumn
#         __class__: astropy.coordinates.angles.Longitude
#         unit: *id001
#         value: !astropy.table.SerializedColumn {name: SkyCoord.ra}
#         wrap_angle: !astropy.coordinates.Angle
#           unit: *id001
#           value: 360.0
#       representation_type: spherical
# schema: astropy-2.0
RA_ICRS_1 DE_ICRS_1 e_RA_ICRS e_DE_ICRS _r_1 HIP TYC2 Source rgeo Plx e_Plx pmRA pmDE e_pmRA e_pmDE RUWE Teff logg Gmag BP-RP BPmag RPmag RV e_RV b_rgeo B_rgeo FG e_FG FBP e_FBP FRP e_FRP RAVE5 RAVE6 e_Gmag e_BPmag e_RPmag e_BP-RP SkyCoord.ra SkyCoord.dec SkyCoord.distance SkyCoord.pm_ra_cosdec SkyCoord.pm_dec rmRA rmDE e_rmRA e_rmDE rRV e_rRV v_pec v_pec3d e_vpec e_vpec3d
[from data line 32]
38.08570989046 58.8982161307 0.0119 0.0139 9.6684 "" "" 458994500573340032 2206.21338 0.4213 0.0188 -0.478 -0.722 0.016 0.018 1.083 "" "" 14.292947 0.933186 14.664755 13.731569 "" "" 2121.97461 2308.75562 36121.68529 18.303 18600.0 33.402 25499.0 46.587 "" "" 0.002809706546443317 0.0034039181 0.0042683263 0.0076722447 38.08570989046 58.8982161307 2206.21338 -0.4779999999999999 -0.722 -0.9593571572303772 0.04871428298950198 0.07352218 0.07552218 "" "" 10.04535640126237 "" 0.7386088743922198 ""
38.16761930249 58.75690950405 0.1775 0.2079 2.3437 "" "" 458984261371926016 3145.15381 0.4223 0.2908 -1.832 -0.681 0.232 0.258 17.577 5820.7 4.4027 14.296282 1.369181 14.867406 13.498225 -60.55 6.71 1970.11536 5536.26221 36010.89621 47.468 15433.0 13.853 31613.0 20.633 "" "" 0.0031048410113367815 0.0029554788 0.003845242 0.006800721 38.16761930249 58.75690950405 3145.15381 -1.8319999999999999 -0.681 -2.313357157230377 0.0897142829895019 0.28952217 0.31552216 "" "" 34.51352005402655 "" 9.993837222356559 ""
38.49953918413 58.69985213519 0.0123 0.0138 8.7502 "" "" 458237315018244224 2686.25659 0.3261 0.0194 0.75 -1.243 0.017 0.018 1.087 "" "" 14.305383 2.695858 15.820916 13.125058 -72.19 1.38 2562.85254 2814.20898 35710.32648 10.737 6412.8 10.449 44579.0 22.583 "" "" 0.002774591398860422 0.0033037476 0.0038191944 0.0071229422 38.49953918413 58.69985213519 2686.25659 0.7500000000000002 -1.243 0.2686428427696228 -0.47228571701049815 0.07452218 0.07552218 "" "" 6.918321895862587 "" 0.5208040011819887 ""
38.03653168072 58.86830544589 0.0126 0.0145 9.1657 "" "" 458988693777582976 2636.42261 0.337 0.0202 2.053 -1.485 0.017 0.019 1.003 5234.6 2.8967 14.327588 2.210939 15.481054 13.270116 2.62 2.32 2482.98511 2783.69409 34987.38124 9.6034 8769.9 10.501 39004.0 23.874 "" "" 0.002771389948822225 0.003078178 0.0038373661 0.006915544 38.03653168072 58.86830544589 2636.42261 2.053 -1.4850000000000003 1.5716428427696227 -0.7142857170104981 0.07452218 0.07652218 "" "" 21.573511128049862 "" 1.6151734086478864 ""
38.4283337171 58.60065311257 0.0128 0.0144 11.1291 "" "" 458230821027758592 2767.59668 0.3318 0.021 0.6 -1.99 0.017 0.018 1.065 "" "" 14.332597 1.430324 14.956447 13.526123 "" "" 2623.45728 2931.52417 34826.35007 7.8322 14218.0 12.646 30811.0 22.001 "" "" 0.0027661183166905203 0.00295256 0.0038580815 0.006810642 38.4283337171 58.60065311257 2767.59668 0.6 -1.9900000000000002 0.11864284276962278 -1.219285717010498 0.07452218 0.07552218 "" "" 16.070632589785596 "" 1.2135394127924894 ""
38.11841887838 58.84006121158 0.0122 0.0143 6.2087 "" "" 458987697345736832 2159.53979 0.4276 0.0197 -0.361 -0.874 0.017 0.019 1.021 7490.3 3.4074 14.336963 1.184316 14.839187 13.654871 "" "" 2076.87183 2240.61963 34686.58337 8.2061 15840.0 18.702 27366.0 16.599 "" "" 0.002767267139239667 0.00307056 0.00383633 0.0069068903 38.11841887838 58.84006121158 2159.53979 -0.3610000000000002 -0.8740000000000012 -0.8423571572303772 -0.10328571701049805 0.07452218 0.07652218 "" "" 8.687127924858274 "" 0.6476444751931624 ""
38.30585611123 58.89102306314 0.1218 0.1358 8.154 "" "" 458990995880877696 3162.00635 0.3832 0.1862 -1.938 -2.733 0.169 0.184 10.325 6005.9 4.0437 14.399562 1.237141 14.907363 13.670222 0.28 6.42 2233.49805 5153.67773 32743.27184 37.819 14876.0 18.537 26982.0 16.716 "" "" 0.0030272779883995624 0.0031008848 0.0038387722 0.006939657 38.30585611123 58.89102306314 3162.00635 -1.9379999999999984 -2.7329999999999997 -2.419357157230377 -1.9622857170104981 0.22652218 0.24152218 "" "" 46.68885385572311 "" 10.859364911789996 ""
38.11539704383 58.64026661419 0.0118 0.0136 8.1616 "" "" 458981031556547840 2604.34448 0.3562 0.0192 -0.337 -0.71 0.016 0.017 1.021 9728.0 3.5282 14.405418 0.978593 14.800075 13.821482 "" "" 2461.28369 2742.05396 32567.12198 7.0119 16421.0 20.209 23473.0 13.223 "" "" 0.0027652189367227803 0.0030936163 0.0038285523 0.0069221687 38.11539704383 58.64026661419 2604.34448 -0.3369999999999995 -0.71 -0.8183571572303772 0.06071428298950199 0.07352218 0.07452218 "" "" 10.130050360784669 "" 0.7448392172273963 ""
38.32424086316 58.53758222391 0.0134 0.0152 13.5319 "" "" 458228828162995072 2274.9834 0.4046 0.0218 0.859 -0.724 0.018 0.019 1.072 9844.5 3.6512 14.430198 0.941173 14.807029 13.865856 "" "" 2175.80664 2370.75854 31832.27659 6.7481 16316.0 21.503 22533.0 19.698 "" "" 0.002764916823599443 0.003135686 0.0038967398 0.007032426 38.32424086316 58.53758222391 2274.9834 0.8590000000000001 -0.724 0.3776428427696228 0.046714282989501976 0.07552218 0.07652218 "" "" 4.103319813971127 "" 0.30995388934760953 ""
38.23370769742 58.69547819743 0.0119 0.0141 3.8277 "" "" 458982783903188992 2711.80933 0.3386 0.0198 0.285 -0.917 0.016 0.019 0.986 10632.2 3.6654 14.441142 1.141423 14.92015 13.778727 "" "" 2560.99756 2880.28198 31513.00614 6.6259 14701.0 14.631 24416.0 19.308 "" "" 0.002764761094920278 0.0029921017 0.0038756817 0.006867783 38.23370769742 58.69547819743 2711.80933 0.285 -0.9170000000000011 -0.19635715723037722 -0.14628571701049808 0.07352218 0.07652218 "" "" 3.147404265718172 "" 0.2348177370941553 ""
38.25569516619 58.53687998324 0.0128 0.0142 13.3392 "" "" 458228965601956224 2718.25098 0.3393 0.0201 -1.037 -0.152 0.017 0.018 1.009 9580.8 3.6715 14.466207 0.905217 14.825304 13.920087 "" "" 2593.63062 2871.67993 30793.83365 6.0551 16043.0 16.543 21435.0 14.661 "" "" 0.002763578892385791 0.003006409 0.0038516498 0.0068580587 38.25569516619 58.53687998324 2718.25098 -1.0370000000000008 -0.15200000000000044 -1.5183571572303771 0.6187142829895019 0.07452218 0.07552218 "" "" 21.125157780231895 "" 1.5773183852006087 ""
38.19974048187 58.57034465403 0.0129 0.0142 11.4047 "" "" 458229618436960768 2838.28003 0.3144 0.0207 1.272 -1.538 0.017 0.018 1.027 5030.5 2.9246 14.473392 2.048733 15.516969 13.468236 -6.89 1.98 2697.89697 3001.68433 30590.71861 11.938 8484.6 16.999 32499.0 43.269 "" "" 0.002787708286097009 0.0035379257 0.0040463964 0.0075843222 38.19974048187 58.57034465403 2838.28003 1.2719999999999998 -1.538 0.7906428427696228 -0.7672857170104981 0.07452218 0.07552218 "" "" 14.822277081016768 "" 1.111802041712597 ""
38.03902099594 58.9263667154 0.0129 0.0147 11.8637 "" "" 459006526481751296 2865.2229 0.318 0.0199 -1.901 0.362 0.019 0.02 1.04 8586.5 3.2805 14.477093 1.327629 15.056904 13.729275 "" "" 2716.62939 3005.17603 30486.6525 6.1715 12962.0 12.099 25553.0 14.325 "" "" 0.0027640724427258315 0.0029685227 0.0038280801 0.006796603 38.03902099594 58.9263667154 2865.2229 -1.9009999999999998 0.3620000000000001 -2.382357157230377 1.132714282989502 0.07652218 0.07752217 "" "" 35.82612120374511 "" 2.7481335736137757 ""
38.20581183643 58.89736350562 0.0139 0.0154 8.3751 "" "" 458993779019407232 2263.68945 0.4049 0.0216 2.275 -1.035 0.019 0.02 1.2 5373.2 3.2775 14.497222 2.066613 15.550303 13.48369 -29.35 2.09 2162.07935 2362.85327 29926.64555 6.6522 8228.0 11.469 32039.0 19.746 "" "" 0.002765869665339712 0.0031741844 0.0038381624 0.0070123468 38.20581183643 58.89736350562 2263.68945 2.275 -1.035 1.7936428427696227 -0.26428571701049797 0.07652218 0.07752217 "" "" 19.45338336285917 "" 1.489031296923824 ""
38.38668763937 58.69556158759 0.0134 0.0159 5.8833 "" "" 458232161057498112 2372.40405 0.3918 0.0211 -0.107 -0.933 0.017 0.021 1.057 "" "" 14.523832 1.381822 15.13436 13.752539 "" "" 2286.9646 2472.87671 29202.08653 6.394 12069.0 16.99 25012.0 14.154 "" "" 0.002765556853545821 0.0031813763 0.0038289975 0.0070103738 38.38668763937 58.69556158759 2372.40405 -0.10699999999999998 -0.933 -0.5883571572303772 -0.1622857170104981 0.07452218 0.078522176 "" "" 6.863262384383056 "" 0.5134545039006083 ""
38.24091755976 58.77036928489 0.0146 0.0159 0.6788 "" "" 458984123932964864 2678.76074 0.3457 0.0227 0.49 -0.78 0.021 0.021 1.159 "" "" 14.568678 1.414493 15.186522 13.772029 "" "" 2470.80957 2850.03394 28020.47741 7.815 11503.0 17.512 24567.0 15.403 "" "" 0.0027719102598560874 0.0032430165 0.0038401987 0.0070832153 38.24091755976 58.77036928489 2678.76074 0.4899999999999999 -0.78 0.008642842769622794 -0.009285717010498074 0.078522176 0.078522176 "" "" 0.16107260907867918 "" 0.012647771686446797 ""
38.35353210857 58.80580060625 0.0136 0.0159 4.4391 "" "" 458989380972917888 2333.5166 0.3936 0.0217 -0.819 -0.188 0.019 0.021 1.117 "" "" 14.593472 1.25188 15.130286 13.878407 "" "" 2248.88428 2443.25269 27387.87126 5.3673 12114.0 11.271 22274.0 14.584 "" "" 0.0027635236340427687 0.0029674086 0.0038456589 0.0068130675 38.35353210857 58.80580060625 2333.5166 -0.8190000000000002 -0.18800000000000003 -1.3003571572303771 0.582714282989502 0.07652218 0.078522176 "" "" 15.761193251248393 "" 1.2114094155584159 ""
38.4571786696 58.58581426885 0.0141 0.0161 12.3619 "" "" 458227866090266624 2381.38354 0.3864 0.023 -0.187 -1.04 0.019 0.021 1.081 7492.3 3.4903 14.597286 1.12621 15.063503 13.937293 "" "" 2244.20728 2499.69604 27291.81558 6.6169 12883.0 18.696 21098.0 12.686 "" "" 0.0027678661391330912 0.0032043217 0.0038353526 0.0070396746 38.4571786696 58.58581426885 2381.38354 -0.1870000000000001 -1.0399999999999998 -0.6683571572303773 -0.2692857170104981 0.07652218 0.078522176 "" "" 8.133580307866046 "" 0.6246966388947056 ""
38.26003263653 58.7441299621 0.013 0.0158 1.0458 "" "" 458983368018729088 2841.8313 0.3102 0.0216 0.472 -0.757 0.018 0.021 0.958 "" "" 14.609466 1.35802 15.205686 13.847666 "" "" 2708.19141 3014.14429 26987.372 6.6873 11302.0 15.672 22914.0 15.745 "" "" 0.002768423946387427 0.0031704432 0.0038523127 0.007022756 38.26003263653 58.7441299621 2841.8313 0.47199999999999986 -0.757 -0.009357157230377222 0.013714282989501947 0.07552218 0.078522176 "" "" 0.22363827826691096 "" 0.017350259987543044 ""
38.12566976883 58.98430986455 0.0143 0.0164 13.9927 "" "" 458995359566730752 2321.05981 0.4061 0.0216 -1.117 -0.101 0.02 0.021 1.001 7862.8 3.9072 14.611979 1.159788 15.100622 13.940834 "" "" 2203.32568 2438.84448 26924.9836 4.9012 12450.0 12.634 21029.0 18.111 "" "" 0.002762399378682953 0.0029998287 0.0038933402 0.006893169 38.12566976883 58.98430986455 2321.05981 -1.117 -0.10100000000000005 -1.5983571572303772 0.669714282989502 0.07752217 0.078522176 "" "" 19.066077032609485 "" 1.4809067212915694 ""
38.04680997033 58.94512519244 0.0132 0.0153 12.7116 "" "" 459006560841476352 2841.78955 0.3214 0.0208 0.344 -1.428 0.018 0.02 1.041 9226.6 3.5097 14.658337 1.200178 15.168911 13.968733 "" "" 2664.45361 3081.50317 25799.55143 4.8466 11691.0 11.511 20496.0 17.034 "" "" 0.002762859010766743 0.002987951 0.0038856082 0.006873559 38.04680997033 58.94512519244 2841.78955 0.3439999999999999 -1.4279999999999995 -0.13735715723037722 -0.657285717010498 0.07552218 0.07752217 "" "" 9.04495227925982 "" 0.7004367777931512 ""
38.683721113 58.77819094595 0.0145 0.0171 13.7642 "" "" 458236662183177216 2859.57812 0.311 0.0229 -1.73 -0.683 0.02 0.022 1.062 4762.3 2.6515 14.666352 2.461015 16.004536 13.543521 -80.12 2.3 2670.27271 3051.52881 25609.77556 7.362 5415.0 7.002 30321.0 13.196 "" "" 0.0027729415856192277 0.003123474 0.0038088062 0.00693228 38.683721113 58.77819094595 2859.57812 -1.73 -0.6829999999999999 -2.211357157230377 0.0877142829895019 0.07752217 0.07952218 "" "" 29.99719018559099 "" 2.3255428400687346 ""
37.98627997606 58.57845543671 0.0135 0.0149 13.4734 "" "" 458957701294210944 2658.88574 0.3413 0.0219 -0.937 -0.393 0.018 0.019 1.027 8008.9 3.4109 14.674068 1.23947 15.209283 13.969813 "" "" 2528.90015 2816.92993 25428.41451 4.7902 11264.0 13.089 20475.0 12.672 "" "" 0.002762901055713405 0.0030621565 0.0038386537 0.00690081 37.98627997606 58.57845543671 2658.88574 -0.937 -0.3930000000000004 -1.4183571572303773 0.37771428298950194 0.07552218 0.07652218 "" "" 18.49872095364192 "" 1.3982962600246585 ""
38.48539478957 58.85919951684 0.0134 0.0152 9.638 "" "" 458991270758789120 2181.22412 0.4267 0.0211 -0.831 -1.252 0.018 0.02 0.996 "" "" 14.738494 1.553462 15.452912 13.89945 -29.48 8.27 2097.98755 2268.17456 23963.43641 8.3869 9000.2 18.155 21846.0 20.445 "" "" 0.0027813997925889406 0.003547067 0.0039135916 0.0074606584 38.48539478957 58.85919951684 2181.22412 -0.8309999999999998 -1.252 -1.3123571572303772 -0.48128571701049805 0.07552218 0.07752217 "" "" 14.452125245790796 "" 1.0949224058064413 ""
38.57543786247 58.83004102877 0.014 0.0163 11.1819 "" "" 458240338675174656 2433.09058 0.3819 0.0219 -0.406 -0.586 0.019 0.021 1.02 9991.0 3.7661 14.743958 1.328682 15.323596 13.994914 "" "" 2320.80151 2640.21191 23843.16229 5.721 10139.0 15.864 20007.0 21.666 "" "" 0.0027676086011868386 0.0032666442 0.003958049 0.0072246934 38.57543786247 58.83004102877 2433.09058 -0.406 -0.586 -0.8873571572303772 0.184714282989502 0.07652218 0.078522176 "" "" 10.453127365470277 "" 0.8007752212275118 ""
38.20534563673 58.68274016406 0.023 0.0261 4.7279 "" "" 458982646464238976 2243.75293 0.413 0.0376 2.377 -1.61 0.031 0.034 1.747 8406.0 3.0541 14.789179 1.5503 15.496037 13.945737 -27.49 16.61 2094.71069 2393.56396 22870.4831 5.4682 8649.7 12.301 20935.0 17.939 "" "" 0.002767522005694918 0.0031889128 0.0038922091 0.007081122 38.20534563673 58.68274016406 2243.75293 2.3769999999999993 -1.61 1.8956428427696226 -0.8392857170104981 0.08852218 0.09152218 "" "" 22.048529158363806 "" 1.962777586903542 ""
38.20788219072 58.76659659871 0.0146 0.0159 1.1764 "" "" 458984089573472768 2684.48706 0.3417 0.0219 0.476 -0.782 0.019 0.02 1.026 10318.9 3.587 14.79231 1.325417 15.369272 14.043856 "" "" 2540.15234 2874.99658 22804.61639 6.4139 9720.9 17.408 19126.0 15.197 "" "" 0.002772190306005112 0.0034007956 0.0038765927 0.007277388 38.20788219072 58.76659659871 2684.48706 0.47599999999999976 -0.7819999999999997 -0.005357157230377219 -0.011285717010498075 0.07652218 0.07752217 "" "" 0.15896245467333522 "" 0.012294037719931043 ""
38.00408308427 58.73156628236 0.0147 0.0169 7.6133 "" "" 458985395242802176 2178.71362 0.4128 0.0239 0.89 -1.252 0.02 0.021 1.111 6525.7 2.8116 14.812599 2.560682 16.22 13.659317 13.71 2.05 2075.73999 2296.11157 22382.42981 7.9211 4440.4 11.028 27254.0 19.197 "" "" 0.0027819830644015765 0.0038802207 0.0038559812 0.007736202 38.00408308427 58.73156628236 2178.71362 0.8900000000000001 -1.252 0.4086428427696228 -0.48128571701049805 0.07752217 0.078522176 "" "" 6.520196878085706 "" 0.5092588068582355 ""
38.25431719353 58.91369077714 0.0144 0.0162 9.2824 "" "" 458994088257044864 2668.07886 0.3339 0.0229 -1.293 0.536 0.019 0.021 1.057 5799.5 2.7889 14.813925 2.101523 15.893868 13.792344 -48.27 2.47 2557.03491 2802.39478 22355.11284 6.0525 5996.1 9.6777 24111.0 17.701 "" "" 0.0027709564212859295 0.0032948253 0.0038625223 0.0071573476 38.25431719353 58.91369077714 2668.07886 -1.293 0.5360000000000007 -1.7743571572303771 1.306714282989502 0.07652218 0.078522176 "" "" 27.868233154164958 "" 2.1523015193675357 ""
38.29556756508 58.75618002136 0.0153 0.0165 1.6509 "" "" 458983333658984320 2839.91113 0.327 0.0231 0.47 -0.767 0.021 0.022 1.0 9981.5 4.0435 14.827437 1.457719 15.481428 14.023709 "" "" 2623.17896 3024.04956 22078.60629 5.6128 8766.9 11.64 19484.0 16.834 "" "" 0.002769110600734666 0.003140562 0.003894059 0.007034621 38.29556756508 58.75618002136 2839.91113 0.47 -0.7670000000000001 -0.011357157230377224 0.003714282989501938 0.078522176 0.07952218 "" "" 0.16084893033517378 "" 0.012645838948823398 ""
