Clusters/Czernik_8/Czernik_8_stars_in_region.tsv
# %ECSV 1.0
# ---
# datatype:
# - name: RA_ICRS_1
#   unit: deg
#   datatype: float64
#   format: '{:15.11f}'
#   description: Right ascension (ICRS) at Ep=2016.0 (ra)
#   meta: !!omap
#   - {ucd: POS_EQ_RA_MAIN}
#   - {width: 15}
#   - {precision: '11'}
# - name: DE_ICRS_1
#   unit: deg
#   datatype: float64
#   format: '{:15.11f}'
#   description: Declination (ICRS) at Ep=2016.0 (dec)
#   meta: !!omap
#   - {ucd: POS_EQ_DEC_MAIN}
#   - {width: 15}
#   - {precision: '11'}
# - name: e_RA_ICRS
#   unit: mas
#   datatype: float64
#   format: '{:7.4f}'
#   description: Standard error of right ascension (ra_error)
#   meta: !!omap
#   - {ucd: ERROR}
#   - {width: 7}
#   - {precision: '4'}
# - name: e_DE_ICRS
#   unit: mas
#   datatype: float64
#   format: '{:7.4f}'
#   description: Standard error of declination (dec_error)
#   meta: !!omap
#   - {ucd: ERROR}
#   - {width: 7}
#   - {precision: '4'}
# - name: _r_1
#   unit: ''
#   datatype: float64
#   format: '{:7.4f}'
#   description: Distance from center (038.24281610000+58.75909856000)[ICRS], at Epoch=J2016.0
#   meta: !!omap
#   - {ucd: POS_ANG_DIST_GENERAL}
#   - {width: 7}
#   - {precision: '4'}
# - name: HIP
#   datatype: int32
#   description: '? HIP cross-id number, van Leeuwen, Cat. I/311 (hip_original_ext_source_id)'
#   meta: !!omap
#   - {ucd: ID_NUMBER}
#   - {width: 6}
#   - values: {'null': -2147483648}
# - name: TYC2
#   datatype: string
#   description: Tycho-2 cross-id name, Hog et al., Cat. I/259 (tyc2_original_ext_source_id)
#   meta: !!omap
#   - {ucd: ID_CROSSID}
#   - {_votable_string_dtype: char}
# - name: Source
#   datatype: int64
#   description: Source identifier, identical to the Gaia-EDR3 source_id (id)
#   meta: !!omap
#   - {ucd: ID_MAIN}
#   - {width: 19}
# - name: rgeo
#   unit: pc
#   datatype: float64
#   format: '{:15.8f}'
#   description: '? Median of the geometric distance posterior (r_med_geo)'
#   meta: !!omap
#   - {ucd: PHYS_DISTANCE_TRUE}
#   - {width: 15}
#   - {precision: '8'}
#   - values: {'null': .nan}
# - name: Plx
#   unit: mas
#   datatype: float64
#   format: '{:9.4f}'
#   description: '? Parallax (parallax)'
#   meta: !!omap
#   - {ucd: POS_PARLX_TRIG}
#   - {width: 9}
#   - {precision: '4'}
#   - values: {'null': .nan}
# - name: e_Plx
#   unit: mas
#   datatype: float32
#   format: '{:7.4f}'
#   description: '? Standard error of parallax (parallax_error)'
#   meta: !!omap
#   - {ucd: ERROR}
#   - {width: 7}
#   - {precision: '4'}
#   - values: {'null': .nan}
# - name: pmRA
#   unit: mas / yr
#   datatype: float64
#   format: '{:9.3f}'
#   description: '? Proper motion in right ascension direction, pmRA*cosDE (pmra)'
#   meta: !!omap
#   - {ucd: POS_EQ_PMRA}
#   - {width: 9}
#   - {precision: '3'}
#   - values: {'null': .nan}
# - name: pmDE
#   unit: mas / yr
#   datatype: float64
#   format: '{:9.3f}'
#   description: '? Proper motion in declination direction (pmdec)'
#   meta: !!omap
#   - {ucd: POS_EQ_PMDEC}
#   - {width: 9}
#   - {precision: '3'}
#   - values: {'null': .nan}
# - name: e_pmRA
#   unit: mas / yr
#   datatype: float32
#   format: '{:6.3f}'
#   description: '? Standard error of proper motion in right ascension direction (pmra_error)'
#   meta: !!omap
#   - {ucd: ERROR}
#   - {width: 6}
#   - {precision: '3'}
#   - values: {'null': .nan}
# - name: e_pmDE
[...]
#         value: !astropy.table.SerializedColumn {name: SkyCoord.dec}
#       distance: !astropy.table.SerializedColumn
#         __class__: astropy.coordinates.distances.Distance
#         unit: !astropy.units.Unit {unit: pc}
#         value: !astropy.table.SerializedColumn {name: SkyCoord.distance}
#       frame: icrs
#       obstime: !astropy.time.Time {format: jyear_str, in_subfmt: '*', jd1: 367701545.0, jd2: 0.0, out_subfmt: '*', precision: 3, scale: tt}
#       pm_dec: !astropy.table.SerializedColumn
#         __class__: astropy.units.quantity.Quantity
#         unit: !astropy.units.Unit {unit: mas / yr}
#         value: !astropy.table.SerializedColumn {name: SkyCoord.pm_dec}
#       pm_ra_cosdec: !astropy.table.SerializedColumn
#         __class__: astropy.units.quantity.Quantity
#         unit: !astropy.units.Unit {unit: mas / yr}
#         value: !astropy.table.SerializedColumn {name: SkyCoord.pm_ra_cosdec}
#       ra: !astropy.table.SerializedColumn
#         __class__: astropy.coordinates.angles.Longitude
#         unit: *id001
#         value: !astropy.table.SerializedColumn {name: SkyCoord.ra}
#         wrap_angle: !astropy.coordinates.Angle
#           unit: *id001
#           value: 360.0
#       representation_type: spherical
# schema: astropy-2.0
RA_ICRS_1 DE_ICRS_1 e_RA_ICRS e_DE_ICRS _r_1 HIP TYC2 Source rgeo Plx e_Plx pmRA pmDE e_pmRA e_pmDE RUWE Teff logg Gmag BP-RP BPmag RPmag RV e_RV b_rgeo B_rgeo FG e_FG FBP e_FBP FRP e_FRP RAVE5 RAVE6 e_Gmag e_BPmag e_RPmag e_BP-RP SkyCoord.ra SkyCoord.dec SkyCoord.distance SkyCoord.pm_ra_cosdec SkyCoord.pm_dec rmRA rmDE e_rmRA e_rmDE rRV e_rRV v_pec v_pec3d e_vpec e_vpec3d
[from data line 222]
38.21986936919 58.76347191937 0.0342 0.0397 0.7607 "" "" 458984020848155520 2761.40894 0.3474 0.0541 0.525 -0.799 0.046 0.049 0.996 "" "" 16.680073 1.373006 16.822517 15.449512 "" "" 2406.2854 3302.39917 4007.90571 9.85 2549.2 731.35 5240.3 433.81 "" "" 0.003835608167659739 0.3115036 0.08996039 0.401464 38.21986936919 58.76347191937 2761.40894 0.5249999999999995 -0.7990000000000006 0.043642842769622825 -0.02828571701049809 0.10352218 0.10652217 "" "" 0.6807301751078214 "" 0.07108086811970225 ""
37.90745820866 58.7410874452 0.0353 0.0425 10.4942 "" "" 458985876279140480 2191.47705 0.4431 0.056 -0.666 -0.733 0.049 0.053 0.999 "" "" 16.683939 1.619688 17.446209 15.826521 "" "" 1939.75012 2513.17725 3993.66203 2.0006 1435.3 6.0847 3703.0 6.6249 "" "" 0.002808488695217318 0.0053824424 0.0042493343 0.009631777 37.90745820866 58.7410874452 2191.47705 -0.6659999999999999 -0.7330000000000002 -1.1473571572303771 0.03771428298950197 0.10652217 0.11052218 "" "" 11.924725566942888 "" 1.2703001235495572 ""
38.63153617167 58.84395863144 0.0364 0.0417 13.1106 "" "" 458240098148866944 2531.03711 0.3701 0.0553 -0.951 -0.357 0.053 0.052 0.952 9611.2 4.3192 16.700642 1.529442 17.278576 15.749134 "" "" 2257.56323 2944.8374 3932.69248 2.6315 1674.9 37.027 3976.5 52.125 "" "" 0.0028494906067823 0.024163987 0.014725379 0.038889367 38.63153617167 58.84395863144 2531.03711 -0.9509999999999998 -0.35700000000000004 -1.4323571572303773 0.41371428298950197 0.11052218 0.10952218 "" "" 17.886595548682397 "" 1.975494004097502 ""
38.33413307268 58.80414701018 0.0373 0.0432 3.9205 "" "" 458989380972919424 2810.73755 0.3263 0.0592 -1.768 0.269 0.052 0.057 1.108 8159.7 4.4212 16.702858 1.784302 17.56633 15.782028 "" "" 2422.55493 3314.31738 3924.67116 2.1447 1284.9 7.552 3857.9 11.174 "" "" 0.0028184775648050927 0.006964732 0.0049166037 0.011881336 38.33413307268 58.80414701018 2810.73755 -1.7680000000000002 0.269 -2.249357157230377 1.039714282989502 0.10952218 0.114522174 "" "" 33.01448414131604 "" 3.645420039443167 ""
38.02641156115 58.9475346256 0.0367 0.0466 13.1504 "" "" 459006629560953216 2568.57544 0.3666 0.0601 -1.203 0.392 0.05 0.059 1.083 9424.8 4.3259 16.704166 1.528725 17.39706 15.868336 "" "" 2281.69922 3064.83813 3919.94854 2.3094 1501.7 8.4589 3563.1 8.4821 "" "" 0.002828593790558944 0.0067222295 0.0045786547 0.011300884 38.02641156115 58.9475346256 2568.57544 -1.2029999999999996 0.392 -1.6843571572303773 1.1627142829895019 0.107522175 0.11652218 "" "" 24.91861828010629 "" 2.753678807462553 ""
37.83344019352 58.8254767646 0.0392 0.048 13.3355 "" "" 458998589382284672 2322.44409 0.4335 0.0593 -0.54 -2.288 0.053 0.059 1.043 "" "" 16.707888 1.660635 17.49052 15.829885 "" "" 2035.02966 2757.40112 3906.53382 2.033 1377.9 7.6158 3691.5 8.1336 "" "" 0.0028126582135463755 0.006617915 0.0044728657 0.011090781 37.83344019352 58.8254767646 2322.44409 -0.5400000000000006 -2.288000000000002 -1.0213571572303772 -1.5172857170104979 0.11052218 0.11652218 "" "" 20.13459311051882 "" 2.309133580033355 ""
38.33262595107 58.77450513534 0.0351 0.0408 2.943 "" "" 458989037375545088 2676.50244 0.3455 0.056 0.762 0.336 0.049 0.054 0.962 6382.2 4.0226 16.711142 2.285258 17.91799 15.632731 "" "" 2339.94531 3073.77832 3894.84607 2.1836 929.44 6.7861 4426.6 10.514 "" "" 0.0028217568150181583 0.00840396 0.0045753764 0.012979336 38.33262595107 58.77450513534 2676.50244 0.762 0.3360000000000007 0.2806428427696228 1.106714282989502 0.10652217 0.11152218 "" "" 14.484860429028155 "" 1.6110998764480156 ""
38.50898040028 58.90608289297 0.0382 0.0445 12.0866 "" "" 458991786154861568 2720.14185 0.3595 0.0604 0.478 -0.368 0.053 0.058 1.078 "" "" 16.715048 1.736969 17.542166 15.805197 "" "" 2217.479 3248.52661 3880.85558 2.0739 1313.9 8.7328 3776.4 10.962 "" "" 0.0028157471774746144 0.0077369404 0.0049210303 0.01265797 38.50898040028 58.90608289297 2720.14185 0.47800000000000004 -0.368 -0.003357157230377217 0.40271428298950196 0.11052218 0.115522176 "" "" 5.192565897836311 "" 0.5998547465817224 ""
38.0002712989 58.70063413828 0.0348 0.0406 8.3287 "" "" 458985154724657536 2246.90698 0.4377 0.0571 -2.209 0.041 0.044 0.05 0.957 4979.6 4.2622 16.715527 1.839722 17.621367 15.781645 "" "" 1976.85449 2516.7019 3879.14568 1.8634 1221.4 5.8467 3859.2 7.108 "" "" 0.002804247087460766 0.00589889 0.004275828 0.010174718 38.0002712989 58.70063413828 2246.90698 -2.2089999999999996 0.040999999999999016 -2.6903571572303773 0.811714282989502 0.10152218 0.107522175 "" "" 29.928972095205573 "" 3.053840984986934 ""
38.52573390528 58.92377120568 0.0343 0.0425 13.2198 "" "" 458991889233776256 2670.30811 0.3548 0.0566 0.52 -1.238 0.048 0.056 1.044 "" "" 16.721804 1.539898 17.422796 15.882898 "" "" 2284.68457 3212.03857 3856.78389 2.0236 1466.6 10.243 3515.6 12.437 "" "" 0.0028135944702304613 0.008080013 0.0053885756 0.013468589 38.52573390528 58.92377120568 2670.30811 0.52 -1.238 0.03864284276962282 -0.46728571701049804 0.10552218 0.11352218 "" "" 5.934746482700181 "" 0.6734141639832805 ""
38.18477696305 58.7711712853 0.0347 0.0389 1.9456 "" "" 458984295731658240 2551.4978 0.3917 0.0554 0.487 -0.81 0.046 0.049 0.969 "" "" 16.729904 1.469644 17.397882 15.928239 "" "" 2206.62573 3133.58423 3828.11444 2.0109 1500.6 7.188 3371.8 8.6962 "" "" 0.0028137290564658624 0.0059019513 0.004703717 0.010605669 38.18477696305 58.7711712853 2551.4978 0.4869999999999999 -0.81 0.005642842769622791 -0.0392857170104981 0.10352218 0.10652217 "" "" 0.48000157742247396 "" 0.051102104224484614 ""
38.21607888785 58.92940070289 0.0385 0.0473 10.2518 "" "" 458994191336255872 2658.02808 0.3607 0.0615 -0.367 -0.563 0.052 0.059 1.06 8870.9 4.3876 16.731115 1.445437 17.378689 15.933251 "" "" 2355.53564 3035.2251 3823.85044 3.0209 1527.4 9.6378 3356.3 9.7951 "" "" 0.0028857444699839224 0.007397315 0.004931935 0.012329251 38.21607888785 58.92940070289 2658.02808 -0.36699999999999994 -0.563 -0.8483571572303772 0.207714282989502 0.10952218 0.11652218 "" "" 11.004211536226588 "" 1.2096926916837114 ""
37.91324381962 58.83612007263 0.0356 0.0417 11.2384 "" "" 458999929412066304 2487.70581 0.3777 0.0566 1.647 2.831 0.05 0.053 1.007 8117.1 4.2541 16.735817 1.853427 17.637909 15.784482 "" "" 2168.02466 2807.72192 3807.32406 2.0413 1203.0 9.103 3849.2 7.8889 "" "" 0.0028161411945416674 0.00867654 0.0043858034 0.013062343 37.91324381962 58.83612007263 2487.70581 1.6469999999999998 2.831 1.1656428427696228 3.601714282989502 0.107522175 0.11052218 "" "" 44.6392260076524 "" 4.921084278960161 ""
38.38748733578 58.74534995841 0.0368 0.0423 4.5777 "" "" 458238448889596928 2186.53809 0.4506 0.0575 1.549 -0.297 0.052 0.057 1.045 5380.7 4.2419 16.740423 1.894248 17.677427 15.783179 "" "" 1933.17822 2625.46973 3791.20352 2.0711 1160.0 8.2788 3853.8 9.9031 "" "" 0.002818437508396176 0.008235821 0.0046976483 0.012933468 38.38748733578 58.74534995841 2186.53809 1.549 -0.29700000000000004 1.0676428427696227 0.47371428298950197 0.10952218 0.114522174 "" "" 12.105562947535327 "" 1.335972159505001 ""
38.64449627086 58.75904614998 0.0344 0.0395 12.4996 "" "" 458236249866323456 2735.54688 0.3664 0.0534 -3.816 1.955 0.047 0.05 0.979 7568.7 4.2191 16.75244 1.930718 17.708899 15.778181 "" "" 2411.90747 3111.09473 3749.48237 1.8177 1126.8 6.819 3871.6 8.2052 "" "" 0.00280514428676798 0.007138379 0.004424758 0.011563137 38.64449627086 58.75904614998 2735.54688 -3.815999999999999 1.9549999999999992 -4.297357157230377 2.725714282989502 0.104522176 0.107522175 "" "" 65.98504676111585 "" 6.954268318985419 ""
38.03507363346 58.57481019684 0.0364 0.0401 12.817 "" "" 458957014099443328 2538.05664 0.3715 0.0573 -0.646 -0.729 0.049 0.051 1.035 7833.5 4.3531 16.759443 1.298084 17.331854 16.03377 "" "" 2250.77539 2925.13184 3725.37104 1.8202 1594.7 5.8999 3059.5 8.115 "" "" 0.002805923152816461 0.0048908545 0.0047515235 0.0096423775 38.03507363346 58.57481019684 2538.05664 -0.6460000000000001 -0.729 -1.127357157230377 0.04171428298950197 0.10652217 0.10852218 "" "" 13.571825856580277 "" 1.4457378381309436 ""
38.23418081784 58.89880468275 0.0363 0.0407 8.3867 "" "" 458993950818097152 2545.14258 0.3977 0.0563 1.308 0.041 0.049 0.052 1.009 6880.1 4.3391 16.76789 1.684363 17.575068 15.890704 "" "" 2199.38062 3137.6543 3696.49439 1.8471 1274.6 7.2474 3490.4 7.715 "" "" 0.0028082253214436526 0.006774759 0.0044769445 0.011251703 38.23418081784 58.89880468275 2545.14258 1.3080000000000003 0.04099999999999994 0.8266428427696229 0.811714282989502 0.10652217 0.10952218 "" "" 13.976616962857529 "" 1.5095480855942809 ""
38.31284765207 58.84394327328 0.0357 0.0388 5.5365 "" "" 458990583564756480 2434.96899 0.3865 0.0535 -1.465 -0.892 0.05 0.051 1.01 7883.9 4.317 16.768892 1.356953 17.364202 16.00725 "" "" 2157.03003 2813.33716 3693.08836 1.9651 1547.9 5.9646 3135.1 8.7752 "" "" 0.002815235812760434 0.0050287745 0.004849661 0.009878436 38.31284765207 58.84394327328 2434.96899 -1.465 -0.8920000000000002 -1.9463571572303773 -0.12128571701049806 0.107522175 0.10852218 "" "" 22.507946594768487 "" 2.420190831383687 ""
38.25176561631 58.73288857323 0.0355 0.0402 1.5971 "" "" 458983196220041600 2516.28638 0.3807 0.0574 0.502 -0.715 0.05 0.051 0.989 9452.0 4.2514 16.776627 1.679689 17.573942 15.894253 "" "" 2222.11108 2982.00684 3666.87199 1.9461 1276.0 8.2012 3479.0 10.235 "" "" 0.00281492932129985 0.0075154523 0.0049483767 0.012463829 38.25176561631 58.73288857323 2516.28638 0.5019999999999997 -0.7150000000000009 0.020642842769622805 0.055714282989501984 0.107522175 0.10852218 "" "" 0.7086610666733084 "" 0.07682024671065513 ""
38.51269220706 58.70445444438 0.0366 0.0427 9.0215 "" "" 458237108859811072 2905.81909 0.3204 0.0578 -0.333 -0.314 0.05 0.058 1.014 9456.3 4.1885 16.778612 1.747766 17.609823 15.862058 "" "" 2452.36597 3660.34155 3660.17483 2.0026 1234.5 7.3632 3583.7 8.7379 "" "" 0.0028186299024011373 0.007051402 0.004614305 0.011665707 38.51269220706 58.70445444438 2905.81909 -0.3330000000000001 -0.3140000000000005 -0.8143571572303772 0.45671428298950195 0.107522175 0.115522176 "" "" 12.860171406868853 "" 1.4080544020869745 ""
37.93755577446 58.71714903892 0.036 0.0437 9.8325 "" "" 458985051645436800 2740.31274 0.3805 0.0596 0.454 -0.819 0.047 0.054 1.009 7145.8 4.3365 16.780134 1.623119 17.543081 15.919962 "" "" 2299.54053 3305.12427 3655.04465 1.8962 1312.8 6.986 3397.6 8.3572 "" "" 0.0028123053183552794 0.006416133 0.0046277386 0.011043872 37.93755577446 58.71714903892 2740.31274 0.454 -0.819 -0.027357157230377183 -0.048285717010498 0.104522176 0.11152218 "" "" 0.7208559841161158 "" 0.07919484463668665 ""
38.50427266746 58.67128390586 0.0352 0.0411 9.7017 "" "" 458237074500091264 2234.55566 0.4309 0.0564 -2.327 0.125 0.047 0.051 0.987 8778.3 4.4199 16.781202 1.77278 17.641357 15.868577 "" "" 1962.12866 2541.92871 3651.45193 2.047 1199.2 6.2568 3562.3 6.5545 "" "" 0.0028217475805314258 0.006314671 0.004274879 0.01058955 38.50427266746 58.67128390586 2234.55566 -2.3270000000000013 0.12499999999999872 -2.808357157230377 0.895714282989502 0.104522176 0.10852218 "" "" 31.22185953497629 "" 3.2751075921883137 ""
38.03231771688 58.77516237263 0.0368 0.042 6.6194 "" "" 458987010150472192 2297.67407 0.4248 0.0567 -0.152 -2.517 0.049 0.055 0.962 6725.2 4.2515 16.787628 1.980946 17.778576 15.79763 "" "" 2002.2821 2641.74976 3629.90831 1.9624 1056.8 7.1716 3802.8 8.7543 "" "" 0.002817148135311615 0.007878575 0.004531105 0.01240968 38.03231771688 58.77516237263 2297.67407 -0.15199999999999936 -2.5169999999999972 -0.6333571572303772 -1.746285717010498 0.10652217 0.11252218 "" "" 20.231008886001334 "" 2.2626604766900935 ""
38.48434839764 58.84941538978 0.036 0.0401 9.258 "" "" 458991270758790144 2689.64722 0.3501 0.0561 -1.089 -0.123 0.049 0.053 0.984 9099.6 4.4667 16.79039 1.529079 17.499273 15.970194 "" "" 2375.8291 3115.54395 3620.68395 1.9339 1366.8 8.7169 3244.0 9.3991 "" "" 0.0028156874877852847 0.0074654 0.0049172877 0.012382688 38.48434839764 58.84941538978 2689.64722 -1.089 -0.12299999999999953 -1.5703571572303772 0.647714282989502 0.10652217 0.11052218 "" "" 21.656505013897778 "" 2.3196936204745535 ""
38.63836426998 58.80418406094 0.0415 0.0489 12.5947 "" "" 458239685840149120 2422.61768 0.3805 0.0662 -0.38 -0.642 0.057 0.06 1.256 7304.5 4.3459 16.796423 1.820373 17.659277 15.838904 "" "" 2089.31958 2755.35864 3600.62014 3.6284 1179.5 4.852 3661.0 8.3311 "" "" 0.0029646032654351796 0.0052661956 0.004515338 0.009781534 38.63836426998 58.80418406094 2422.61768 -0.3800000000000002 -0.642 -0.8613571572303772 0.12871428298950194 0.114522174 0.11752218 "" "" 10.000967684927812 "" 1.1459962825286933 ""
38.20560248676 58.79461422372 0.0359 0.041 2.425 "" "" 458984433170602496 3119.00537 0.3116 0.0562 0.692 -1.049 0.049 0.051 0.97 9476.0 4.3414 16.797281 1.533345 17.509592 15.976247 "" "" 2567.13062 3580.64941 3597.77452 1.8999 1353.9 6.5638 3226.0 8.5689 "" "" 0.0028143421224517936 0.0059575015 0.0047540287 0.01071153 38.20560248676 58.79461422372 3119.00537 0.692 -1.049 0.21064284276962275 -0.278285717010498 0.10652217 0.10852218 "" "" 5.1599073447232735 "" 0.556227555150777 ""
38.11820857914 58.90436596943 0.0365 0.0434 9.5364 "" "" 458994466213595136 2210.3103 0.4507 0.058 -0.392 -0.937 0.051 0.056 0.972 8767.5 4.3446 16.801994 1.428186 17.44959 16.021404 "" "" 1925.11218 2500.16089 3582.19036 1.9667 1430.8 7.0725 3094.5 7.8074 "" "" 0.002819062937506073 0.0060488 0.00466771 0.01071651 38.11820857914 58.90436596943 2210.3103 -0.39200000000000007 -0.937 -0.8733571572303772 -0.1662857170104981 0.10852218 0.11352218 "" "" 9.31442524454071 "" 1.0124871115231862 ""
38.31481922859 58.82388169619 0.0406 0.0477 4.4855 "" "" 458990205606634368 2299.80396 0.4196 0.0661 -2.78 5.308 0.055 0.063 1.078 8532.9 4.3306 16.802149 1.667685 17.555649 15.887963 "" "" 2004.15894 2732.15869 3581.68433 2.3718 1297.6 11.093 3499.2 11.776 "" "" 0.002847580989815719 0.009692108 0.0052568535 0.014948962 38.31481922859 58.82388169619 2299.80396 -2.7799999999999963 5.307999999999997 -3.261357157230377 6.078714282989502 0.11252218 0.12052218 "" "" 75.1993897909816 "" 8.932245585798864 ""
38.15424289058 58.80080901728 0.0374 0.0443 3.7217 "" "" 458987319388625536 2722.22485 0.3528 0.0594 -1.065 -0.143 0.051 0.056 0.971 8188.5 4.34 16.816477 1.856045 17.730255 15.87421 "" "" 2388.22363 3225.38745 3534.72603 2.5317 1104.9 9.3472 3543.8 10.633 "" "" 0.0028629564115285164 0.009599515 0.0049896217 0.0145891365 38.15424289058 58.80080901728 2722.22485 -1.0650000000000002 -0.14299999999999985 -1.5463571572303771 0.6277142829895019 0.10852218 0.11352218 "" "" 21.534465184213758 "" 2.352498605083342 ""
37.88103921928 58.87196110486 0.0399 0.047 13.1219 "" "" 459000238649685888 2493.69678 0.3868 0.062 -0.875 -0.568 0.056 0.06 1.08 8164.3 4.2927 16.817507 1.66133 17.597631 15.936301 "" "" 2178.23901 2874.41577 3531.37604 1.9283 1248.4 7.2123 3346.9 7.8319 "" "" 0.0028183819660912222 0.0068651265 0.004553981 0.011419108 37.88103921928 58.87196110486 2493.69678 -0.8750000000000004 -0.568 -1.3563571572303772 0.202714282989502 0.11352218 0.11752218 "" "" 16.2103742805112 "" 1.841678118318738 ""
38.2206396994 58.74155602362 0.0364 0.0422 1.2587 "" "" 458983986494022144 2513.45117 0.384 0.0584 -1.797 0.115 0.049 0.054 1.013 5004.6 3.7436 16.823563 2.445435 18.151886 15.706451 "" "" 2184.62378 3107.80249 3511.73336 2.0127 749.31 7.4453 4136.0 6.7956 "" "" 0.002824714967768016 0.011143077 0.0041792393 0.015322316 38.2206396994 58.74155602362 2513.45117 -1.7970000000000002 0.11499999999999967 -2.278357157230377 0.8857142829895019 0.10652217 0.11152218 "" "" 29.122746266081446 "" 3.1217227219372092 ""
