Clusters/NGC_4755/NGC_4755_members.tsv
# %ECSV 1.0
# ---
# datatype:
# - name: RA_ICRS_1
#   unit: deg
#   datatype: float64
#   format: '{:15.11f}'
#   description: Right ascension (ICRS) at Ep=2016.0 (ra)
#   meta: !!omap
#   - {ucd: POS_EQ_RA_MAIN}
#   - {width: 15}
#   - {precision: '11'}
# - name: DE_ICRS_1
#   unit: deg
#   datatype: float64
#   format: '{:15.11f}'
#   description: Declination (ICRS) at Ep=2016.0 (dec)
#   meta: !!omap
#   - {ucd: POS_EQ_DEC_MAIN}
#   - {width: 15}
#   - {precision: '11'}
# - name: e_RA_ICRS
#   unit: mas
#   datatype: float64
#   format: '{:7.4f}'
#   description: Standard error of right ascension (ra_error)
#   meta: !!omap
#   - {ucd: ERROR}
#   - {width: 7}
#   - {precision: '4'}
# - name: e_DE_ICRS
#   unit: mas
#   datatype: float64
#   format: '{:7.4f}'
#   description: Standard error of declination (dec_error)
#   meta: !!omap
#   - {ucd: ERROR}
#   - {width: 7}
#   - {precision: '4'}
# - name: _r_1
#   unit: ''
#   datatype: float64
#   format: '{:7.4f}'
#   description: Distance from center (193.41891685000-60.37270118000)[ICRS], at Epoch=J2016.0
#   meta: !!omap
#   - {ucd: POS_ANG_DIST_GENERAL}
#   - {width: 7}
#   - {precision: '4'}
# - name: HIP
#   datatype: int32
#   description: '? HIP cross-id number, van Leeuwen, Cat. I/311 (hip_original_ext_source_id)'
#   meta: !!omap
#   - {ucd: ID_NUMBER}
#   - {width: 6}
#   - values: {'null': -2147483648}
# - name: TYC2
#   datatype: string
#   description: Tycho-2 cross-id name, Hog et al., Cat. I/259 (tyc2_original_ext_source_id)
#   meta: !!omap
#   - {ucd: ID_CROSSID}
#   - {_votable_string_dtype: char}
# - name: Source
#   datatype: int64
#   description: Source identifier, identical to the Gaia-EDR3 source_id (id)
#   meta: !!omap
#   - {ucd: ID_MAIN}
#   - {width: 19}
# - name: rgeo
#   unit: pc
#   datatype: float64
#   format: '{:15.8f}'
#   description: '? Median of the geometric distance posterior (r_med_geo)'
#   meta: !!omap
#   - {ucd: PHYS_DISTANCE_TRUE}
#   - {width: 15}
#   - {precision: '8'}
#   - values: {'null': .nan}
# - name: Plx
#   unit: mas
#   datatype: float64
#   format: '{:9.4f}'
#   description: '? Parallax (parallax)'
#   meta: !!omap
#   - {ucd: POS_PARLX_TRIG}
#   - {width: 9}
#   - {precision: '4'}
#   - values: {'null': .nan}
# - name: e_Plx
#   unit: mas
#   datatype: float32
#   format: '{:7.4f}'
#   description: '? Standard error of parallax (parallax_error)'
#   meta: !!omap
#   - {ucd: ERROR}
#   - {width: 7}
#   - {precision: '4'}
#   - values: {'null': .nan}
# - name: pmRA
#   unit: mas / yr
#   datatype: float64
#   format: '{:9.3f}'
#   description: '? Proper motion in right ascension direction, pmRA*cosDE (pmra)'
#   meta: !!omap
#   - {ucd: POS_EQ_PMRA}
#   - {width: 9}
#   - {precision: '3'}
#   - values: {'null': .nan}
# - name: pmDE
#   unit: mas / yr
#   datatype: float64
#   format: '{:9.3f}'
#   description: '? Proper motion in declination direction (pmdec)'
#   meta: !!omap
#   - {ucd: POS_EQ_PMDEC}
#   - {width: 9}
#   - {precision: '3'}
#   - values: {'null': .nan}
# - name: e_pmRA
#   unit: mas / yr
#   datatype: float32
#   format: '{:6.3f}'
#   description: '? Standard error of proper motion in right ascension direction (pmra_error)'
#   meta: !!omap
#   - {ucd: ERROR}
#   - {width: 6}
#   - {precision: '3'}
#   - values: {'null': .nan}
# - name: e_pmDE
[...]
#         unit: &id001 !astropy.units.Unit {unit: deg}
#         value: !astropy.table.SerializedColumn {name: SkyCoord.dec}
#       distance: !astropy.table.SerializedColumn
#         __class__: astropy.coordinates.distances.Distance
#         unit: !astropy.units.Unit {unit: pc}
#         value: !astropy.table.SerializedColumn {name: SkyCoord.distance}
#       frame: icrs
#       obstime: !astropy.time.Time {format: jyear_str, in_subfmt: '*', jd1: 367701545.0, jd2: 0.0, out_subfmt: '*', precision: 3, scale: tt}
#       pm_dec: !astropy.table.SerializedColumn
#         __class__: astropy.units.quantity.Quantity
#         unit: !astropy.units.Unit {unit: mas / yr}
#         value: !astropy.table.SerializedColumn {name: SkyCoord.pm_dec}
#       pm_ra_cosdec: !astropy.table.SerializedColumn
#         __class__: astropy.units.quantity.Quantity
#         unit: !astropy.units.Unit {unit: mas / yr}
#         value: !astropy.table.SerializedColumn {name: SkyCoord.pm_ra_cosdec}
#       ra: !astropy.table.SerializedColumn
#         __class__: astropy.coordinates.angles.Longitude
#         unit: *id001
#         value: !astropy.table.SerializedColumn {name: SkyCoord.ra}
#         wrap_angle: !astropy.coordinates.Angle
#           unit: *id001
#           value: 360.0
#       representation_type: spherical
# schema: astropy-2.0
RA_ICRS_1 DE_ICRS_1 e_RA_ICRS e_DE_ICRS _r_1 HIP TYC2 Source rgeo Plx e_Plx pmRA pmDE e_pmRA e_pmDE RUWE Teff logg Gmag BP-RP BPmag RPmag RV e_RV b_rgeo B_rgeo FG e_FG FBP e_FBP FRP e_FRP RAVE5 RAVE6 e_Gmag e_BPmag e_RPmag e_BP-RP SkyCoord.ra SkyCoord.dec SkyCoord.distance SkyCoord.pm_ra_cosdec SkyCoord.pm_dec Pmemb
[from data line 320]
193.29534585974 -60.25350523477 0.0142 0.0161 8.0393 "" "" 6056420937046147584 1908.86377 0.4785 0.0225 -4.674 -1.199 0.018 0.021 1.001 7197.5 3.7542 15.011265 0.86388 15.339581 14.475701 "" "" 1842.32825 2000.8584 18639.78905 4.3961 9990.4 17.643 12849.0 22.809 "" "" 0.0027671933217018577 0.0033854824 0.004242454 0.0076279365 193.29534585974 -60.25350523477 1908.86377 -4.674 -1.1989999999999996 1.0
193.17205436323 -60.38470493165 0.0146 0.0163 7.3563 "" "" 6056406540313900544 1801.56201 0.521 0.0219 -4.953 -1.268 0.018 0.021 0.965 9303.5 4.2342 15.015924 0.824898 15.339937 14.515039 "" "" 1737.32227 1862.75293 18559.95989 4.623 9987.2 12.664 12392.0 9.5065 "" "" 0.0027685605082701926 0.0031113434 0.0038700756 0.006981419 193.17205436323 -60.38470493165 1801.56201 -4.953 -1.2679999999999996 0.9
193.31844532912 -60.4205624352 0.0153 0.0183 4.137 "" "" 6056404066412687104 2076.229 0.449 0.0229 -4.704 -1.115 0.02 0.022 0.952 7876.1 3.9589 15.021813 0.75255 15.30786 14.55531 "" "" 1982.65356 2186.82349 18459.5643 4.517 10287.0 15.245 11941.0 13.786 "" "" 0.0027680992315624806 0.0032208713 0.00398183 0.0072027016 193.31844532912 -60.4205624352 2076.229 -4.703999999999998 -1.1149999999999995 1.0
193.32442128204 -60.22141434961 0.0146 0.0165 9.502 "" "" 6056421796039664384 1941.4248 0.4846 0.0234 -4.496 -1.017 0.019 0.022 0.996 9687.5 4.3118 15.022718 0.788614 15.315817 14.527203 "" "" 1829.99475 2080.4375 18444.18293 4.2431 10212.0 15.331 12254.0 23.012 "" "" 0.0027666182834407 0.0032313936 0.0042942907 0.0075256843 193.32442128204 -60.22141434961 1941.4248 -4.496 -1.0169999999999995 0.8
193.00657891516 -60.42943669554 0.0142 0.0165 12.6851 "" "" 6056406231076128384 2151.96387 0.4268 0.0217 -4.624 -1.105 0.018 0.022 1.072 7192.8 3.664 15.025857 0.990232 15.307813 14.31758 "" "" 2047.03174 2247.59082 18390.94326 7.1948 10287.0 49.06 14864.0 251.67 "" "" 0.0027878677607950783 0.00588191 0.018767634 0.024649546 193.00657891516 -60.42943669554 2151.96387 -4.624 -1.1049999999999995 0.9
193.34306429945 -60.38925612448 0.016 0.0193 2.4589 "" "" 6056404508751968896 1935.22803 0.4842 0.0253 -4.861 -0.941 0.019 0.024 1.038 9012.0 4.2243 15.033175 0.787959 15.336809 14.54885 "" "" 1843.86255 2063.06201 18267.39958 5.1544 10016.0 34.535 12012.0 22.683 "" "" 0.00277229924322519 0.004669003 0.0042996868 0.00896869 193.34306429945 -60.38925612448 1935.22803 -4.8610000000000015 -0.9410000000000004 1.0
193.47190759646 -60.40810878611 0.015 0.0168 2.6422 "" "" 6056403516656923008 1887.80701 0.4933 0.0227 -4.626 -0.967 0.02 0.023 0.972 7958.0 4.3386 15.034058 0.801965 15.345026 14.543061 "" "" 1805.47058 1969.53479 18252.55101 4.5402 9940.5 11.524 12076.0 14.466 "" "" 0.0027685243372323927 0.0030609397 0.003996915 0.007057855 193.47190759646 -60.40810878611 1887.80701 -4.625999999999999 -0.967 1.0
193.29975643345 -60.38224458177 0.0152 0.017 3.58 "" "" 6056407124429478784 2190.57275 0.4175 0.0236 -4.731 -1.193 0.019 0.022 1.058 "" "" 15.041194 0.811673 15.356608 14.544935 "" "" 2082.85864 2287.84937 18132.98115 4.5811 9835.0 13.291 12055.0 12.468 "" "" 0.0027689401527460733 0.0031524443 0.0039426773 0.007095122 193.29975643345 -60.38224458177 2190.57275 -4.731000000000002 -1.1930000000000003 0.8
193.77718354943 -60.22896822826 0.0153 0.0173 13.7039 "" "" 6056782264047517440 2025.88208 0.4576 0.024 -4.695 -1.393 0.02 0.022 0.955 8293.6 4.3795 15.045722 0.815914 15.366745 14.550831 "" "" 1929.6543 2130.14233 18057.51651 4.1471 9743.6 15.098 11990.0 11.929 "" "" 0.0027665800609238383 0.0032581363 0.0039307233 0.0071888594 193.77718354943 -60.22896822826 2025.88208 -4.695000000000004 -1.3930000000000007 0.8
193.69190747063 -60.44489112051 0.014 0.0173 9.175 "" "" 6056027140081509504 2060.7146 0.4469 0.0222 -4.754 -1.046 0.019 0.023 1.051 7984.8 4.1633 15.05258 0.798246 15.363791 14.565545 "" "" 1979.17273 2150.29224 17943.81098 4.8117 9770.1 11.601 11829.0 10.847 "" "" 0.002770659551366698 0.0030736115 0.003908318 0.0069819298 193.69190747063 -60.44489112051 2060.7146 -4.754 -1.0459999999999996 1.0
193.4476127026 -60.45481938846 0.0155 0.0164 4.9999 "" "" 6056403207419170048 1910.65894 0.4855 0.0226 -4.858 -1.082 0.02 0.022 0.968 8071.1 4.1111 15.05646 0.78837 15.364777 14.576406 "" "" 1837.54285 1996.14722 17879.79668 6.7094 9761.3 16.898 11711.0 13.894 "" "" 0.0027852796653846457 0.0033641828 0.0039928677 0.0073570507 193.4476127026 -60.45481938846 1910.65894 -4.857999999999998 -1.082 1.0
193.48737810616 -60.34738580216 0.0145 0.0178 2.5365 "" "" 6056779927585113600 2092.04785 0.4384 0.0234 -4.766 -1.093 0.019 0.022 0.979 8147.2 4.3064 15.073837 0.873719 15.416702 14.542983 "" "" 2001.79724 2193.46362 17595.92091 4.1618 9305.4 12.916 12077.0 13.388 "" "" 0.0027672613145417525 0.0031711417 0.0039664055 0.0071375472 193.48737810616 -60.34738580216 2092.04785 -4.766000000000002 -1.0930000000000004 1.0
192.92882617139 -60.34016245023 0.0144 0.017 14.6744 "" "" 6056419356498472576 1908.4762 0.4813 0.0222 -4.736 -1.08 0.018 0.023 0.975 8410.5 4.41 15.079586 0.835621 15.40934 14.573719 "" "" 1836.25647 1996.65222 17502.99062 3.9184 9368.7 10.208 11740.0 12.171 "" "" 0.002766020528449963 0.0030306012 0.003943437 0.0069740377 192.92882617139 -60.34016245023 1908.4762 -4.736 -1.08 1.0
193.31105872997 -60.33032475174 0.0149 0.0173 4.0882 "" "" 6056408189581442944 1957.77332 0.4811 0.0231 -4.703 -1.259 0.019 0.022 0.949 9394.6 4.3806 15.093903 0.879997 15.446119 14.566122 "" "" 1885.34717 2048.56641 17273.71515 3.7776 9056.7 14.35 11823.0 9.1921 "" "" 0.0027655320155714736 0.0032778818 0.0038725042 0.007150386 193.31105872997 -60.33032475174 1957.77332 -4.703 -1.259 1.0
193.34088273626 -60.37636742206 0.0158 0.0175 2.3249 "" "" 6056407468026878976 2149.62598 0.4353 0.0237 -4.501 -1.201 0.019 0.023 0.967 7863.3 4.0704 15.105337 0.96033 15.49233 14.532 "" "" 2040.54602 2249.39917 17092.74767 4.19 8679.3 20.677 12200.0 23.568 "" "" 0.0027681447242703066 0.0038046658 0.004322376 0.008127042 193.34088273626 -60.37636742206 2149.62598 -4.500999999999999 -1.2009999999999998 1.0
193.26457287988 -60.47652976251 0.0155 0.0176 7.7266 "" "" 6056402863821708800 1938.22253 0.482 0.0233 -4.739 -1.246 0.02 0.022 1.013 8033.4 4.221 15.118127 0.857715 15.457182 14.599467 "" "" 1843.57251 2049.11353 16892.575 3.8678 8964.9 13.197 11465.0 12.204 "" "" 0.0027665120460276553 0.0032155188 0.0039521405 0.0071676592 193.26457287988 -60.47652976251 1938.22253 -4.739 -1.2459999999999996 0.8
193.07828345557 -60.39232085143 0.015 0.0172 10.169 "" "" 6056406712112564096 1946.50464 0.479 0.0233 -4.755 -0.995 0.02 0.023 0.991 9379.1 4.3272 15.118605 0.857191 15.457829 14.600638 "" "" 1867.84827 2037.57043 16885.15574 4.3574 8959.5 10.229 11453.0 14.142 "" "" 0.0027695295046416216 0.0030531297 0.0040101213 0.007063251 193.07828345557 -60.39232085143 1946.50464 -4.755 -0.995 1.0
193.35961926338 -60.34880071538 0.018 0.0184 2.2699 "" "" 6056407777264565120 2030.56812 0.4581 0.0256 -4.531 -0.979 0.021 0.023 0.982 7180.2 3.7341 15.134526 0.816709 15.4389 14.622191 "" "" 1912.96887 2143.61328 16639.34698 4.4173 9117.1 31.228 11227.0 27.696 "" "" 0.0027703552362672488 0.0046492033 0.0046322374 0.009281441 193.35961926338 -60.34880071538 2030.56812 -4.530999999999998 -0.9789999999999996 0.8
193.26692902556 -60.32225563427 0.0154 0.0193 5.4329 "" "" 6056408430099616512 2079.16724 0.451 0.0256 -4.631 -1.141 0.02 0.025 0.946 8019.8 4.0565 15.150735 0.909561 15.514729 14.605167 "" "" 1987.34094 2174.09326 16392.7795 3.696 8502.1 15.617 11405.0 13.562 "" "" 0.0027661732240593486 0.0034296322 0.003993822 0.007423454 193.26692902556 -60.32225563427 2079.16724 -4.631000000000002 -1.141 1.0
193.41140421896 -60.39025960676 0.0183 0.0196 1.0768 "" "" 6056404375650410368 2129.84546 0.4305 0.0274 -4.864 -1.126 0.026 0.029 0.984 7474.9 4.0851 15.150916 0.86329 15.469414 14.606124 "" "" 2016.92273 2248.24951 16390.04577 4.325 8864.4 43.888 11395.0 53.688 "" "" 0.002770175766847445 0.0060565085 0.0063601853 0.012416694 193.41140421896 -60.39025960676 2129.84546 -4.864000000000002 -1.1260000000000003 1.0
193.18752157674 -60.21189238196 0.0155 0.0176 11.8505 "" "" 6056424544818731776 2008.89783 0.4642 0.025 -4.656 -1.234 0.021 0.024 0.97 "" "" 15.152874 1.124591 15.622385 14.497794 "" "" 1920.41541 2095.62646 16360.51677 4.1863 7699.5 9.8838 12590.0 11.33 "" "" 0.002769290750425085 0.0031189092 0.00390364 0.0070225494 193.18752157674 -60.21189238196 2008.89783 -4.6560000000000015 -1.2340000000000002 1.0
193.08745375007 -60.44783950522 0.0152 0.0173 10.8057 "" "" 6056405543881331712 1805.93201 0.5236 0.023 -4.727 -1.168 0.02 0.023 0.993 "" "" 15.162097 0.889353 15.488905 14.599552 "" "" 1729.2644 1890.7489 16222.13752 3.9581 8706.7 23.986 11464.0 67.814 "" "" 0.0027680260502729787 0.004090431 0.007452038 0.011542469 193.08745375007 -60.44783950522 1805.93201 -4.727 -1.1679999999999997 1.0
193.39052974257 -60.3612903037 0.0173 0.0189 1.0853 "" "" 6056407502386742016 1982.34314 0.4696 0.0254 -4.539 -1.123 0.022 0.026 0.957 7459.7 4.0222 15.176377 0.927411 15.546595 14.619184 "" "" 1872.46863 2075.84814 16010.15989 3.8896 8256.2 28.338 11259.0 24.094 "" "" 0.0027679173816092017 0.004655387 0.004436457 0.009091844 193.39052974257 -60.3612903037 1982.34314 -4.539000000000003 -1.1230000000000004 0.9
192.92608272483 -60.25458293383 0.0158 0.0177 16.2693 "" "" 6056423514026755456 2064.97388 0.4479 0.0246 -4.547 -1.02 0.022 0.025 1.038 7936.7 4.1248 15.177928 0.909008 15.519281 14.610273 "" "" 1978.10583 2156.42529 15987.3173 4.6524 8466.5 22.81 11351.0 29.434 "" "" 0.0027733765003722416 0.004042456 0.004712768 0.008755224 192.92608272483 -60.25458293383 2064.97388 -4.546999999999998 -1.02 1.0
193.27050462538 -60.59868220103 0.0152 0.0178 14.2509 "" "" 6055649251664439936 1941.85193 0.4781 0.0244 -4.588 -1.149 0.021 0.023 0.97 7459.0 4.0733 15.180977 0.883559 15.533349 14.64979 "" "" 1862.24255 2021.96045 15942.48856 4.1987 8357.5 10.683 10946.0 12.381 "" "" 0.0027701180750974988 0.003116274 0.0039739013 0.0070901755 193.27050462538 -60.59868220103 1941.85193 -4.588 -1.149 1.0
193.45948309234 -60.42029395959 0.0185 0.0188 3.0984 "" "" 6056403516656898048 1936.47253 0.4818 0.026 -4.681 -1.294 0.024 0.026 1.015 7105.6 4.1697 15.183642 0.981136 15.495131 14.513995 "" "" 1836.5437 2091.16846 15903.392 12.648 8656.9 37.373 12404.0 186.08 "" "" 0.0028874558308776862 0.005454864 0.016720524 0.022175388 193.45948309234 -60.42029395959 1936.47253 -4.681 -1.294 0.9
193.32016779983 -60.42030562035 0.0162 0.0192 4.0896 "" "" 6056404066412688512 1833.96399 0.5108 0.0244 -4.932 -1.045 0.021 0.023 0.966 7418.8 4.2324 15.183735 0.868115 15.523735 14.65562 "" "" 1737.42334 1919.23535 15902.03898 7.9194 8431.8 25.962 10887.0 21.612 "" "" 0.0028078739052825744 0.0043544224 0.0043507605 0.008705183 193.32016779983 -60.42030562035 1833.96399 -4.932 -1.0450000000000004 0.8
193.06921461816 -60.31434665722 0.015 0.0179 10.9564 "" "" 6056419592677176448 1777.47034 0.5245 0.0235 -4.817 -1.092 0.019 0.024 0.967 6579.0 3.6965 15.190835 1.264736 15.738044 14.473308 "" "" 1695.80554 1868.11938 15798.38039 4.6008 6921.5 11.305 12878.0 11.411 "" "" 0.002773402986146672 0.003306028 0.003899907 0.007205935 193.06921461816 -60.31434665722 1777.47034 -4.816999999999999 -1.0919999999999999 0.9
193.40713635547 -60.28895102872 0.016 0.0178 5.0372 "" "" 6056408808056773760 1904.28381 0.4885 0.0255 -4.613 -1.082 0.02 0.023 0.91 7987.5 4.3771 15.191749 0.963546 15.581682 14.618136 "" "" 1808.93494 1997.46729 15785.10149 3.5928 7993.6 10.504 11269.0 9.167 "" "" 0.0027663799945402976 0.003133777 0.0038812105 0.0070149875 193.40713635547 -60.28895102872 1904.28381 -4.612999999999999 -1.0820000000000003 1.0
193.30741609069 -60.45349646203 0.016 0.0181 5.8661 "" "" 6056403757174964608 1823.58105 0.5119 0.0249 -4.376 -1.016 0.02 0.023 0.996 7910.7 4.3007 15.192685 0.854086 15.528154 14.674068 "" "" 1750.09473 1914.36926 15771.48978 3.9383 8397.6 10.72 10704.0 13.017 "" "" 0.002768626926943579 0.0031154535 0.00400338 0.0071188333 193.30741609069 -60.45349646203 1823.58105 -4.375999999999999 -1.0159999999999996 0.8
193.11137752847 -60.33729110404 0.0153 0.0184 9.371 "" "" 6056418875461717376 2105.99878 0.4413 0.0239 -4.715 -1.175 0.02 0.023 0.959 8667.7 4.2385 15.205353 0.894695 15.562326 14.667631 "" "" 2002.74854 2210.20532 15588.55352 3.6585 8137.4 13.04 10767.0 9.459 "" "" 0.0027670777099741083 0.0032881892 0.0038978886 0.0071860775 193.11137752847 -60.33729110404 2105.99878 -4.715 -1.175 1.0
193.38452286977 -60.35913681505 0.0164 0.0187 1.3052 "" "" 6056407502386647424 1863.15283 0.5025 0.0251 -4.643 -1.148 0.023 0.027 0.938 7656.0 4.0557 15.213465 0.897882 15.572914 14.675032 "" "" 1789.55762 1976.81445 15472.50992 3.694 8058.4 23.851 10694.0 14.607 "" "" 0.0027674865688506567 0.0042557972 0.004059933 0.008315731 193.38452286977 -60.35913681505 1863.15283 -4.643 -1.1480000000000001 1.0
193.3876010776 -60.40436833249 0.017 0.0191 2.1147 "" "" 6056404272537639168 1871.276 0.4996 0.0257 -4.638 -1.028 0.022 0.025 0.977 7474.1 4.0419 15.222776 0.932776 15.587911 14.655134 "" "" 1789.04883 1966.5343 15340.38604 4.013 7947.9 28.584 10892.0 27.911 "" "" 0.002769920544353738 0.0047991914 0.004693026 0.009492218 193.3876010776 -60.40436833249 1871.276 -4.638000000000002 -1.0280000000000002 0.8
193.40188642026 -60.29616052935 0.0161 0.0184 4.6202 "" "" 6056408700640138368 2015.56177 0.4612 0.0253 -4.715 -0.985 0.02 0.024 0.974 8340.2 4.1393 15.226403 0.884472 15.578093 14.693621 "" "" 1913.90015 2097.2417 15289.22676 3.6844 8020.1 13.199 10513.0 12.447 "" "" 0.0027677148243582324 0.003313283 0.0039920122 0.007305295 193.40188642026 -60.29616052935 2015.56177 -4.714999999999998 -0.9849999999999997 1.0
193.62182145964 -60.31647054378 0.0151 0.0184 6.9041 "" "" 6056780271182548224 2035.36987 0.4485 0.0245 -4.755 -1.012 0.02 0.024 0.974 8091.3 4.1418 15.229448 0.942148 15.608685 14.666536 "" "" 1938.57971 2173.42212 15246.40996 3.5268 7797.3 8.3446 10778.0 13.067 "" "" 0.002766743029765608 0.0030224435 0.0040020533 0.007024497 193.62182145964 -60.31647054378 2035.36987 -4.755 -1.012 0.9
193.57516535179 -60.46326451739 0.0161 0.0182 7.1376 "" "" 6056026865203556224 1859.86157 0.5005 0.0248 -4.4 -1.248 0.021 0.024 0.998 7152.2 3.7905 15.240993 0.927388 15.608488 14.6811 "" "" 1773.4646 1960.44397 15085.15163 3.823 7798.7 14.375 10635.0 12.642 "" "" 0.0027690251355972557 0.0034336871 0.0039936774 0.0074273646 193.57516535179 -60.46326451739 1859.86157 -4.399999999999999 -1.2480000000000002 1.0
193.40058259347 -60.33158141918 0.0177 0.0195 2.5265 "" "" 6056407880343805824 2082.24219 0.4422 0.0275 -4.616 -0.925 0.023 0.026 1.055 8399.2 4.0346 15.24269 0.871558 15.572308 14.700749 "" "" 1967.27625 2192.55493 15061.58688 4.069 8062.9 20.815 10444.0 18.086 "" "" 0.002770888999309506 0.0039549163 0.0042212335 0.00817615 193.40058259347 -60.33158141918 2082.24219 -4.616 -0.9249999999999998 0.9
193.37510825858 -60.32762276796 0.0166 0.0196 3.001 "" "" 6056407845984129024 1861.28125 0.4981 0.0258 -4.428 -1.095 0.02 0.023 0.978 8928.5 3.9497 15.246482 0.949348 15.624847 14.6755 "" "" 1777.60608 1967.24719 15009.07162 3.6171 7682.1 15.147 10690.0 14.326 "" "" 0.002767716271437007 0.0035168119 0.0040497947 0.0075666066 193.37510825858 -60.32762276796 1861.28125 -4.428 -1.0949999999999995 1.0
192.93707571179 -60.41962570032 0.0158 0.0183 14.5566 "" "" 6056417982108920832 2085.65869 0.4446 0.0246 -4.569 -1.037 0.02 0.026 0.998 7960.7 4.1027 15.249311 0.82017 15.576125 14.755955 "" "" 1972.14551 2184.83862 14970.01198 3.504 8034.6 9.4522 9926.0 9.2968 "" "" 0.002767015455287299 0.0030686387 0.0039138007 0.006982439 192.93707571179 -60.41962570032 2085.65869 -4.569 -1.037 0.9
