Clusters/NGC_4755/NGC_4755_stars_in_region.tsv
# %ECSV 1.0
# ---
# datatype:
# - name: RA_ICRS_1
#   unit: deg
#   datatype: float64
#   format: '{:15.11f}'
#   description: Right ascension (ICRS) at Ep=2016.0 (ra)
#   meta: !!omap
#   - {ucd: POS_EQ_RA_MAIN}
#   - {width: 15}
#   - {precision: '11'}
# - name: DE_ICRS_1
#   unit: deg
#   datatype: float64
#   format: '{:15.11f}'
#   description: Declination (ICRS) at Ep=2016.0 (dec)
#   meta: !!omap
#   - {ucd: POS_EQ_DEC_MAIN}
#   - {width: 15}
#   - {precision: '11'}
# - name: e_RA_ICRS
#   unit: mas
#   datatype: float64
#   format: '{:7.4f}'
#   description: Standard error of right ascension (ra_error)
#   meta: !!omap
#   - {ucd: ERROR}
#   - {width: 7}
#   - {precision: '4'}
# - name: e_DE_ICRS
#   unit: mas
#   datatype: float64
#   format: '{:7.4f}'
#   description: Standard error of declination (dec_error)
#   meta: !!omap
#   - {ucd: ERROR}
#   - {width: 7}
#   - {precision: '4'}
# - name: _r_1
#   unit: ''
#   datatype: float64
#   format: '{:7.4f}'
#   description: Distance from center (193.41891685000-60.37270118000)[ICRS], at Epoch=J2016.0
#   meta: !!omap
#   - {ucd: POS_ANG_DIST_GENERAL}
#   - {width: 7}
#   - {precision: '4'}
# - name: HIP
#   datatype: int32
#   description: '? HIP cross-id number, van Leeuwen, Cat. I/311 (hip_original_ext_source_id)'
#   meta: !!omap
#   - {ucd: ID_NUMBER}
#   - {width: 6}
#   - values: {'null': -2147483648}
# - name: TYC2
#   datatype: string
#   description: Tycho-2 cross-id name, Hog et al., Cat. I/259 (tyc2_original_ext_source_id)
#   meta: !!omap
#   - {ucd: ID_CROSSID}
#   - {_votable_string_dtype: char}
# - name: Source
#   datatype: int64
#   description: Source identifier, identical to the Gaia-EDR3 source_id (id)
#   meta: !!omap
#   - {ucd: ID_MAIN}
#   - {width: 19}
# - name: rgeo
#   unit: pc
#   datatype: float64
#   format: '{:15.8f}'
#   description: '? Median of the geometric distance posterior (r_med_geo)'
#   meta: !!omap
#   - {ucd: PHYS_DISTANCE_TRUE}
#   - {width: 15}
#   - {precision: '8'}
#   - values: {'null': .nan}
# - name: Plx
#   unit: mas
#   datatype: float64
#   format: '{:9.4f}'
#   description: '? Parallax (parallax)'
#   meta: !!omap
#   - {ucd: POS_PARLX_TRIG}
#   - {width: 9}
#   - {precision: '4'}
#   - values: {'null': .nan}
# - name: e_Plx
#   unit: mas
#   datatype: float32
#   format: '{:7.4f}'
#   description: '? Standard error of parallax (parallax_error)'
#   meta: !!omap
#   - {ucd: ERROR}
#   - {width: 7}
#   - {precision: '4'}
#   - values: {'null': .nan}
# - name: pmRA
#   unit: mas / yr
#   datatype: float64
#   format: '{:9.3f}'
#   description: '? Proper motion in right ascension direction, pmRA*cosDE (pmra)'
#   meta: !!omap
#   - {ucd: POS_EQ_PMRA}
#   - {width: 9}
#   - {precision: '3'}
#   - values: {'null': .nan}
# - name: pmDE
#   unit: mas / yr
#   datatype: float64
#   format: '{:9.3f}'
#   description: '? Proper motion in declination direction (pmdec)'
#   meta: !!omap
#   - {ucd: POS_EQ_PMDEC}
#   - {width: 9}
#   - {precision: '3'}
#   - values: {'null': .nan}
# - name: e_pmRA
#   unit: mas / yr
#   datatype: float32
#   format: '{:6.3f}'
#   description: '? Standard error of proper motion in right ascension direction (pmra_error)'
#   meta: !!omap
#   - {ucd: ERROR}
#   - {width: 6}
#   - {precision: '3'}
#   - values: {'null': .nan}
# - name: e_pmDE
[...]
#         unit: &id001 !astropy.units.Unit {unit: deg}
#         value: !astropy.table.SerializedColumn {name: SkyCoord.dec}
#       distance: !astropy.table.SerializedColumn
#         __class__: astropy.coordinates.distances.Distance
#         unit: !astropy.units.Unit {unit: pc}
#         value: !astropy.table.SerializedColumn {name: SkyCoord.distance}
#       frame: icrs
#       obstime: !astropy.time.Time {format: jyear_str, in_subfmt: '*', jd1: 367701545.0, jd2: 0.0, out_subfmt: '*', precision: 3, scale: tt}
#       pm_dec: !astropy.table.SerializedColumn
#         __class__: astropy.units.quantity.Quantity
#         unit: !astropy.units.Unit {unit: mas / yr}
#         value: !astropy.table.SerializedColumn {name: SkyCoord.pm_dec}
#       pm_ra_cosdec: !astropy.table.SerializedColumn
#         __class__: astropy.units.quantity.Quantity
#         unit: !astropy.units.Unit {unit: mas / yr}
#         value: !astropy.table.SerializedColumn {name: SkyCoord.pm_ra_cosdec}
#       ra: !astropy.table.SerializedColumn
#         __class__: astropy.coordinates.angles.Longitude
#         unit: *id001
#         value: !astropy.table.SerializedColumn {name: SkyCoord.ra}
#         wrap_angle: !astropy.coordinates.Angle
#           unit: *id001
#           value: 360.0
#       representation_type: spherical
# schema: astropy-2.0
RA_ICRS_1 DE_ICRS_1 e_RA_ICRS e_DE_ICRS _r_1 HIP TYC2 Source rgeo Plx e_Plx pmRA pmDE e_pmRA e_pmDE RUWE Teff logg Gmag BP-RP BPmag RPmag RV e_RV b_rgeo B_rgeo FG e_FG FBP e_FBP FRP e_FRP RAVE5 RAVE6 e_Gmag e_BPmag e_RPmag e_BP-RP SkyCoord.ra SkyCoord.dec SkyCoord.distance SkyCoord.pm_ra_cosdec SkyCoord.pm_dec
[from data line 2452]
193.20730578905 -60.69249394199 0.0278 0.0321 20.1785 "" "" 6055645575172276864 1541.0459 0.6235 0.0419 -9.463 -0.302 0.038 0.044 0.982 5333.5 4.5814 16.441782 1.207561 16.965382 15.75782 "" "" 1462.31677 1633.49133 4991.531 2.1774 2234.9 6.7769 3944.8 9.4391 "" "" 0.0027957296034846813 0.004315574 0.0045861797 0.008901754 193.20730578905 -60.69249394199 1541.0459 -9.463 -0.3019999999999997
192.99731777593 -60.44653526934 0.0316 0.0351 13.2533 "" "" 6056405921838441856 2038.95508 0.4932 0.0457 -4.749 -1.191 0.039 0.05 1.059 4853.6 4.3854 16.441841 1.330524 17.030993 15.700468 "" "" 1877.59021 2219.85132 4991.26268 3.4037 2103.9 8.7053 4158.8 11.259 "" "" 0.0028530647350615535 0.0052883956 0.0047878698 0.010076266 192.99731777593 -60.44653526934 2038.95508 -4.7490000000000006 -1.1910000000000003
193.74371631643 -60.30651882284 0.035 0.0448 10.4293 "" "" 6056781027096818816 1590.78625 0.62 0.0592 -10.64 -0.033 0.044 0.058 1.28 5177.0 4.5892 16.442825 1.301187 16.99923 15.698042 "" "" 1459.31689 1764.82666 4986.73661 2.767 2166.3 8.9117 4168.1 10.347 "" "" 0.0028204128691729853 0.0052663623 0.0046419986 0.009908361 193.74371631643 -60.30651882284 1590.78625 -10.64 -0.03299999999999959
193.01096600874 -60.5909511503 0.0299 0.033 17.8021 "" "" 6056400596078829184 2113.68799 0.4657 0.0445 -5.321 -0.968 0.038 0.047 1.011 4989.8 4.3232 16.44313 1.331626 16.959166 15.62754 "" "" 1927.72412 2371.90942 4985.34039 4.0082 2247.8 12.369 4447.8 19.041 "" "" 0.0028902931079772564 0.0065939096 0.005990651 0.012584561 193.01096600874 -60.5909511503 2113.68799 -5.321 -0.968
194.18221294581 -60.40747994783 0.032 0.0387 22.7242 "" "" 6056019237341018112 1941.83716 0.4825 0.0514 -5.93 -0.373 0.044 0.059 1.095 6035.4 4.4555 16.444603 1.151277 16.90408 15.752803 "" "" 1795.7998 2150.16138 4978.58255 3.3463 2364.7 7.9423 3963.1 7.9227 "" "" 0.002850324081443242 0.0045916373 0.004358309 0.008949947 194.18221294581 -60.40747994783 1941.83716 -5.930000000000001 -0.3730000000000002
193.57234805577 -60.53401246136 0.0286 0.0323 10.6904 "" "" 6056023463589354880 1898.18628 0.4974 0.0439 -12.771 1.497 0.036 0.045 0.984 5496.2 4.5689 16.44464 1.184462 16.944267 15.759805 "" "" 1741.96912 2104.18677 4978.41764 1.9072 2278.8 7.6497 3937.6 8.8199 "" "" 0.002786538048708955 0.0045900904 0.004494236 0.009084326 193.57234805577 -60.53401246136 1898.18628 -12.771 1.4969999999999997
192.91600632976 -60.39912539344 0.0281 0.0344 14.995 "" "" 6056412381470685184 2035.02966 0.4807 0.043 -11.687 -3.813 0.035 0.05 1.056 5279.8 4.3235 16.445496 1.218544 16.924623 15.706079 "" "" 1840.552 2232.4729 4974.48874 2.2718 2320.4 17.542 4137.4 33.774 "" "" 0.0027995806242211356 0.008669333 0.009635142 0.018304475 192.91600632976 -60.39912539344 2035.02966 -11.687 -3.813
193.43350583568 -60.06446168507 0.0279 0.0318 18.4995 "" "" 6056801780380240512 1948.33899 0.5099 0.0425 -2.44 -1.157 0.036 0.045 1.013 5099.0 4.2895 16.446499 1.431611 17.09746 15.665849 "" "" 1763.30029 2146.16943 4969.8975 1.9761 1978.9 6.2102 4293.6 7.5104 "" "" 0.0027889348284415097 0.00440392 0.004229729 0.008633649 193.43350583568 -60.06446168507 1948.33899 -2.439999999999999 -1.157
194.01870599435 -60.57696718924 0.0397 0.049 21.5575 "" "" 6056008688900689408 2078.44604 0.4783 0.0663 -6.315 1.764 0.05 0.063 1.366 5439.2 4.6389 16.447529 1.254616 16.961752 15.707136 "" "" 1849.53259 2478.90161 4965.18576 4.0639 2242.4 8.1458 4133.4 9.8498 "" "" 0.0028950806633411268 0.004831228 0.00458015 0.009411378 194.01870599435 -60.57696718924 2078.44604 -6.315 1.7639999999999998
192.85060765778 -60.56172590153 0.0284 0.0383 20.2764 "" "" 6056398362695401472 1752.79443 0.5498 0.0456 -10.177 -2.087 0.039 0.051 1.018 5479.5 4.5615 16.447643 1.222529 16.976274 15.753745 "" "" 1611.31104 1949.41675 4964.66232 2.0595 2212.6 9.0003 3959.7 7.133 "" "" 0.0027918896243970173 0.005224034 0.0042554736 0.009479508 192.85060765778 -60.56172590153 1752.79443 -10.177 -2.087
193.85542528166 -60.24638994062 0.0296 0.0356 15.024 "" "" 6056781645572208768 1609.57556 0.611 0.0495 -4.994 -0.608 0.039 0.05 1.0 7560.4 4.4359 16.448334 1.225643 16.981379 15.755735 "" "" 1475.35413 1742.88477 4961.50555 2.028 2202.2 9.6808 3952.4 11.018 "" "" 0.002790831441398703 0.005528585 0.0048419526 0.010370538 193.85542528166 -60.24638994062 1609.57556 -4.994 -0.608
193.25209856119 -60.37940424618 0.0285 0.0347 4.9639 "" "" 6056407296228169728 1856.9928 0.5129 0.0434 -5.601 -2.098 0.037 0.047 0.975 5559.9 4.5453 16.448408 1.240197 16.99539 15.755193 "" "" 1724.24438 1996.30835 4961.1656 2.1245 2174.0 5.7097 3954.4 8.5887 "" "" 0.0027942725404140876 0.0039895205 0.004454727 0.008444248 193.25209856119 -60.37940424618 1856.9928 -5.601000000000002 -2.098
193.20304820481 -60.1762601615 0.0292 0.0353 13.4226 "" "" 6056424991495388160 2090.9834 0.4525 0.0447 -7.157 -0.672 0.04 0.05 0.983 6016.3 4.4193 16.448755 1.364766 17.033924 15.669158 "" "" 1944.61133 2310.03101 4959.5733 2.1269 2098.2 10.979 4280.5 21.234 "" "" 0.0027943848758094224 0.006329384 0.006579673 0.012909057 193.20304820481 -60.1762601615 2090.9834 -7.157 -0.6719999999999997
193.03419433361 -60.4715256624 0.0276 0.0322 12.8446 "" "" 6056405131564415616 1534.5636 0.6289 0.0412 -15.882 -0.2 0.035 0.046 0.994 7376.9 4.4198 16.449373 1.242319 16.98879 15.746471 "" "" 1454.28101 1615.13611 4956.75767 1.9381 2187.3 7.5616 3986.3 8.6422 "" "" 0.0027878325774464926 0.0046768975 0.0044524525 0.00912935 193.03419433361 -60.4715256624 1534.5636 -15.881999999999998 -0.19999999999999943
193.93431135765 -60.32904953915 0.0292 0.0383 15.5201 "" "" 6056029613982926592 2192.97266 0.4397 0.0491 -2.576 2.368 0.037 0.059 0.995 6451.7 4.2379 16.449638 1.439862 17.10766 15.667798 "" "" 1973.2959 2429.33838 4955.54545 2.147 1960.4 8.6821 4285.9 7.9234 "" "" 0.0027951857028367215 0.0055593313 0.004279327 0.009838658 193.93431135765 -60.32904953915 2192.97266 -2.576 2.3680000000000003
193.24556472715 -60.37128165575 0.1319 0.1591 5.1427 "" "" 6056407291890763008 1836.88098 0.7426 0.2031 -7.395 0.058 0.17 0.217 4.393 "" "" 16.451147 1.833586 17.201712 15.368126 "" "" 1285.78064 2800.99487 4948.66203 4.2788 1797.8 9.6835 5648.2 13.199 "" "" 0.0029108548040719362 0.006479614 0.0045520463 0.01103166 193.24556472715 -60.37128165575 1836.88098 -7.395 0.05799999999999992
192.71356539762 -60.49230321958 0.0284 0.0344 22.0817 "" "" 6056411591206089856 2122.71704 0.4491 0.0444 -13.548 0.981 0.036 0.049 0.991 5774.4 4.513 16.451523 1.187089 16.966892 15.779803 "" "" 1952.04883 2413.61279 4946.95191 2.0806 2231.8 7.2282 3865.8 9.2663 "" "" 0.0027929036326336553 0.004488894 0.0045887637 0.009077657 192.71356539762 -60.49230321958 2122.71704 -13.547999999999998 0.9809999999999999
193.78713545966 -60.53973673056 0.0314 0.0369 14.8026 "" "" 6056022776394603392 1587.48071 0.6129 0.0487 -10.405 1.056 0.041 0.05 1.053 5317.0 4.5877 16.452463 1.231596 16.988182 15.756586 "" "" 1473.18298 1708.60449 4942.67223 2.3694 2188.5 6.5082 3949.3 7.7679 "" "" 0.002804047949857432 0.0042673266 0.004340998 0.008608324 193.78713545966 -60.53973673056 1587.48071 -10.405 1.056
193.43561209839 -60.02015590961 0.0273 0.0332 21.1586 "" "" 6056802158337446144 2147.15674 0.4531 0.0426 -5.228 -0.082 0.035 0.044 0.999 7154.1 4.3487 16.453514 1.293882 17.024536 15.730654 "" "" 1958.61755 2406.12134 4937.89031 1.8792 2116.4 5.0609 4044.8 7.5227 "" "" 0.0027861299591028944 0.0038112735 0.0042850086 0.008096282 193.43561209839 -60.02015590961 2147.15674 -5.228 -0.08199999999999981
193.40961981848 -60.7276364579 0.0282 0.0332 21.2979 "" "" 6055634064658757504 1708.40442 0.5625 0.0435 -12.504 -0.666 0.039 0.045 0.959 5005.4 4.3963 16.453926 1.153822 16.943981 15.790159 "" "" 1571.21484 1857.92969 4936.01273 2.1109 2279.4 7.8485 3829.1 8.4896 "" "" 0.0027941690646988387 0.0046648667 0.0044808937 0.009145761 193.40961981848 -60.7276364579 1708.40442 -12.504000000000001 -0.6660000000000001
192.98889913957 -60.42716892157 0.0274 0.0316 13.1566 "" "" 6056406196716391936 2040.3114 0.4652 0.0421 -6.28 -0.944 0.033 0.044 0.983 5901.2 4.4743 16.454191 1.107501 16.917755 15.810254 "" "" 1847.05164 2235.18481 4934.81233 2.225 2335.2 5.237 3758.9 9.0208 "" "" 0.002798469908886806 0.0037032191 0.0045905234 0.008293742 192.98889913957 -60.42716892157 2040.3114 -6.279999999999999 -0.9439999999999997
192.85277186947 -60.53296583861 0.0294 0.0364 19.315 "" "" 6056399015530462848 2209.67676 0.4325 0.0458 -4.43 -0.97 0.039 0.054 1.059 4780.2 4.2919 16.454226 1.445515 17.103073 15.657558 "" "" 1994.31128 2551.21094 4934.64954 2.1648 1968.7 7.0712 4326.5 9.5887 "" "" 0.00279618606536273 0.00479512 0.004480395 0.009275515 192.85277186947 -60.53296583861 2209.67676 -4.43 -0.9700000000000002
193.97878076367 -60.24023869838 0.0315 0.0404 18.4406 "" "" 6056787349289310336 1936.30713 0.5153 0.0529 -13.14 -1.523 0.039 0.056 0.966 5021.8 3.7329 16.454754 1.523076 17.164793 15.641717 "" "" 1741.30371 2207.75049 4932.2512 2.0559 1859.9 9.6866 4390.1 9.2934 "" "" 0.002792240075061109 0.006305566 0.004423386 0.010728952 193.97878076367 -60.24023869838 1936.30713 -13.140000000000002 -1.5230000000000006
193.41555180033 -60.28636449291 0.0295 0.0334 5.1812 "" "" 6056408808056775168 1969.9447 0.485 0.046 -9.454 3.525 0.038 0.047 0.951 5638.9 4.4656 16.455866 1.434382 17.101158 15.666776 "" "" 1819.75745 2128.31885 4927.20574 2.177 1972.2 11.016 4289.9 9.77 "" "" 0.0027967685927196033 0.0066755973 0.0045164125 0.01119201 193.41555180033 -60.28636449291 1969.9447 -9.454000000000004 3.525
193.32564446691 -60.31680620999 0.0289 0.0336 4.3491 "" "" 6056408636258060160 2059.54736 0.4575 0.0447 -4.654 -0.974 0.036 0.044 1.021 4964.2 4.24 16.45635 1.575609 17.160023 15.584414 "" "" 1892.92505 2237.22754 4925.00248 4.5075 1868.1 15.265 4628.0 15.643 "" "" 0.0029290307823207646 0.009300389 0.0052679875 0.014568377 193.32564446691 -60.31680620999 2059.54736 -4.653999999999999 -0.9739999999999995
193.83471239726 -60.32591991106 0.0297 0.0392 12.657 "" "" 6056030198098410624 1844.49219 0.5258 0.0494 -10.051 -2.641 0.039 0.052 1.082 5117.3 4.3286 16.45673 1.297276 17.026596 15.729321 "" "" 1665.72864 2058.93652 4923.28246 2.1183 2112.4 6.6062 4049.8 5.8543 "" "" 0.0027946411538919166 0.0043947995 0.0040923227 0.008487122 193.83471239726 -60.32591991106 1844.49219 -10.051000000000002 -2.640999999999999
193.53971926967 -60.18788848282 0.0293 0.0341 11.6564 "" "" 6056796690801906432 1691.57544 0.5744 0.048 -13.101 -1.552 0.038 0.047 1.007 5038.0 4.2995 16.458263 1.661221 17.250822 15.589601 "" "" 1566.56128 1842.07471 4916.33491 2.1387 1718.3 4.5675 4605.9 6.7402 "" "" 0.002795509231403471 0.004014266 0.0040997765 0.008114043 193.53971926967 -60.18788848282 1691.57544 -13.101 -1.5520000000000005
193.50991697054 -60.6098937983 0.0357 0.041 14.4834 "" "" 6055647087000935296 2010.11316 0.4813 0.0546 -8.886 -1.671 0.049 0.056 1.312 5592.9 4.5944 16.458696 1.137751 16.91431 15.77656 "" "" 1829.11804 2239.14087 4914.37177 2.9592 2342.6 7.0237 3877.3 7.151 "" "" 0.002831821971965534 0.004287433 0.004277094 0.008564526 193.50991697054 -60.6098937983 2010.11316 -8.886 -1.671
192.98549903897 -60.30132459335 0.0291 0.0342 13.5637 "" "" 6056422448874532864 2094.67017 0.4695 0.0443 -4.661 -0.929 0.037 0.05 1.057 5847.0 4.5222 16.458895 1.215065 16.962189 15.747124 "" "" 1914.09741 2300.36963 4913.47421 2.1941 2241.5 9.1309 3983.9 17.059 "" "" 0.00279765120678814 0.0052293763 0.005991487 0.011220863 192.98549903897 -60.30132459335 2094.67017 -4.661 -0.929
192.67504245363 -60.37103222917 0.0474 0.0581 22.065 "" "" 6056416848236354560 1807.51025 0.5757 0.0745 -8.138 -0.972 0.059 0.082 1.743 5616.8 4.6131 16.45957 1.212741 16.934874 15.722133 "" "" 1586.10437 2093.23315 4910.41738 3.7853 2298.6 6.4373 4076.7 8.7486 "" "" 0.0028796347444035373 0.004126806 0.0044398853 0.008566691 192.67504245363 -60.37103222917 1807.51025 -8.138 -0.9719999999999999
192.85328574065 -60.12519643004 0.0288 0.0365 22.4532 "" "" 6056475122358321536 1995.93884 0.4764 0.0466 -7.302 -3.928 0.039 0.057 1.03 4952.2 4.3043 16.45961 1.446844 17.112625 15.665781 "" "" 1827.6167 2182.17651 4910.23683 2.2035 1951.5 6.6357 4293.8 7.1818 "" "" 0.0027980678060175687 0.0046276026 0.0041930396 0.008820642 192.85328574065 -60.12519643004 1995.93884 -7.3020000000000005 -3.9280000000000004
193.87703243024 -60.54611081243 0.0502 0.0588 17.0855 "" "" 6056012296673249792 1962.29211 0.512 0.0809 -10.124 -1.137 0.064 0.079 1.373 5881.3 4.6031 16.46074 1.05921 16.62023 15.56102 "" "" 1642.34644 2341.27856 4905.13558 5.3019 3071.3 88.952 4728.8 60.878 "" "" 0.002994833785271025 0.03156899 0.014479573 0.046048563 193.87703243024 -60.54611081243 1962.29211 -10.123999999999999 -1.1369999999999998
193.17561964545 -60.0114242676 0.0288 0.0366 22.8589 "" "" 6056474881821573504 2149.56323 0.4636 0.0475 -9.599 -0.797 0.041 0.053 0.896 5327.9 4.4549 16.460842 1.269321 17.00076 15.731439 "" "" 1971.13879 2359.48633 4904.67473 2.3438 2163.3 10.421 4041.9 9.4998 "" "" 0.002803744969486377 0.0059278887 0.00456022 0.010488109 193.17561964545 -60.0114242676 2149.56323 -9.599000000000002 -0.7970000000000005
193.70702104121 -60.13027295837 0.0312 0.0356 16.8863 "" "" 6056786627695172608 1952.55029 0.5138 0.0489 -13.791 0.256 0.039 0.048 1.053 7142.8 3.9843 16.462353 1.469115 17.099205 15.63009 "" "" 1792.50354 2186.95923 4897.85497 2.2198 1975.8 7.4371 4437.3 10.311 "" "" 0.0027989155485617923 0.004948444 0.00454411 0.009492554 193.70702104121 -60.13027295837 1952.55029 -13.790999999999999 0.25600000000000056
192.82510112153 -60.50425530143 0.0295 0.0382 19.2686 "" "" 6056399668329428608 1561.99756 0.626 0.0459 -7.359 -1.252 0.039 0.052 1.032 5808.4 4.4834 16.462374 1.437891 17.018929 15.581038 "" "" 1482.06372 1654.95667 4897.75466 2.4749 2127.4 22.64 4642.4 48.736 "" "" 0.0028094112822933852 0.011886622 0.012008326 0.023894947 192.82510112153 -60.50425530143 1561.99756 -7.359000000000001 -1.2519999999999998
193.67272022726 -60.39706652718 0.0291 0.0364 7.666 "" "" 6056028239593221504 1634.45508 0.59 0.0459 -11.121 -2.236 0.037 0.05 1.061 5469.4 4.611 16.463493 1.247572 16.999802 15.75223 "" "" 1512.13477 1746.71863 4892.71191 2.0314 2165.2 7.0492 3965.2 8.5807 "" "" 0.0027919522094755752 0.0045033246 0.004450173 0.008953498 193.67272022726 -60.39706652718 1634.45508 -11.121 -2.236
193.09580864033 -60.09200330204 0.0288 0.0363 19.3982 "" "" 6056473988486730368 1608.3363 0.6043 0.0456 -14.057 -0.763 0.039 0.052 1.04 5705.5 4.0688 16.463842 1.393229 17.061584 15.668355 "" "" 1484.34558 1743.88525 4891.13659 2.0758 2045.4 10.715 4283.7 26.341 "" "" 0.0027935844105140893 0.0063352357 0.0076718344 0.01400707 193.09580864033 -60.09200330204 1608.3363 -14.057 -0.7630000000000003
193.75015478906 -60.65864490158 0.0453 0.0478 19.7492 "" "" 6056009444789239424 1866.27539 0.536 0.0653 -3.366 -0.639 0.061 0.072 1.034 "" "" 16.463877 "" "" "" "" "" 1660.13831 2157.26953 4890.98129 4.668 "" "" "" "" "" "" 0.002943735205078591 "" "" "" 193.75015478906 -60.65864490158 1866.27539 -3.3659999999999997 -0.639
193.50638347723 -59.99811272695 0.0283 0.0357 22.6263 "" "" 6056802570654348544 1614.8313 0.6053 0.0458 -4.389 -0.519 0.037 0.048 1.104 5116.4 4.4931 16.464472 1.32529 17.051115 15.725825 "" "" 1499.39197 1746.22461 4888.30222 2.0154 2065.2 4.6982 4062.8 6.2963 "" "" 0.002791445806770534 0.0037263732 0.0041370178 0.007863391 193.50638347723 -59.99811272695 1614.8313 -4.389 -0.519
193.5902020338 -60.50459010579 0.0319 0.0336 9.3983 "" "" 6056026521606115328 2009.84985 0.4932 0.0468 -12.229 1.607 0.041 0.047 0.994 5442.6 4.5714 16.46519 1.286176 17.03296 15.746785 "" "" 1830.96973 2217.01392 4885.06965 2.0664 2100.1 6.2478 3985.1 6.3346 "" "" 0.0027933346060539117 0.004268299 0.0041547925 0.008423092 193.5902020338 -60.50459010579 2009.84985 -12.229000000000003 1.6070000000000007
