Clusters/NGC_4755/NGC_4755_stars_in_region.tsv
# %ECSV 1.0
# ---
# datatype:
# - name: RA_ICRS_1
#   unit: deg
#   datatype: float64
#   format: '{:15.11f}'
#   description: Right ascension (ICRS) at Ep=2016.0 (ra)
#   meta: !!omap
#   - {ucd: POS_EQ_RA_MAIN}
#   - {width: 15}
#   - {precision: '11'}
# - name: DE_ICRS_1
#   unit: deg
#   datatype: float64
#   format: '{:15.11f}'
#   description: Declination (ICRS) at Ep=2016.0 (dec)
#   meta: !!omap
#   - {ucd: POS_EQ_DEC_MAIN}
#   - {width: 15}
#   - {precision: '11'}
# - name: e_RA_ICRS
#   unit: mas
#   datatype: float64
#   format: '{:7.4f}'
#   description: Standard error of right ascension (ra_error)
#   meta: !!omap
#   - {ucd: ERROR}
#   - {width: 7}
#   - {precision: '4'}
# - name: e_DE_ICRS
#   unit: mas
#   datatype: float64
#   format: '{:7.4f}'
#   description: Standard error of declination (dec_error)
#   meta: !!omap
#   - {ucd: ERROR}
#   - {width: 7}
#   - {precision: '4'}
# - name: _r_1
#   unit: ''
#   datatype: float64
#   format: '{:7.4f}'
#   description: Distance from center (193.41891685000-60.37270118000)[ICRS], at Epoch=J2016.0
#   meta: !!omap
#   - {ucd: POS_ANG_DIST_GENERAL}
#   - {width: 7}
#   - {precision: '4'}
# - name: HIP
#   datatype: int32
#   description: '? HIP cross-id number, van Leeuwen, Cat. I/311 (hip_original_ext_source_id)'
#   meta: !!omap
#   - {ucd: ID_NUMBER}
#   - {width: 6}
#   - values: {'null': -2147483648}
# - name: TYC2
#   datatype: string
#   description: Tycho-2 cross-id name, Hog et al., Cat. I/259 (tyc2_original_ext_source_id)
#   meta: !!omap
#   - {ucd: ID_CROSSID}
#   - {_votable_string_dtype: char}
# - name: Source
#   datatype: int64
#   description: Source identifier, identical to the Gaia-EDR3 source_id (id)
#   meta: !!omap
#   - {ucd: ID_MAIN}
#   - {width: 19}
# - name: rgeo
#   unit: pc
#   datatype: float64
#   format: '{:15.8f}'
#   description: '? Median of the geometric distance posterior (r_med_geo)'
#   meta: !!omap
#   - {ucd: PHYS_DISTANCE_TRUE}
#   - {width: 15}
#   - {precision: '8'}
#   - values: {'null': .nan}
# - name: Plx
#   unit: mas
#   datatype: float64
#   format: '{:9.4f}'
#   description: '? Parallax (parallax)'
#   meta: !!omap
#   - {ucd: POS_PARLX_TRIG}
#   - {width: 9}
#   - {precision: '4'}
#   - values: {'null': .nan}
# - name: e_Plx
#   unit: mas
#   datatype: float32
#   format: '{:7.4f}'
#   description: '? Standard error of parallax (parallax_error)'
#   meta: !!omap
#   - {ucd: ERROR}
#   - {width: 7}
#   - {precision: '4'}
#   - values: {'null': .nan}
# - name: pmRA
#   unit: mas / yr
#   datatype: float64
#   format: '{:9.3f}'
#   description: '? Proper motion in right ascension direction, pmRA*cosDE (pmra)'
#   meta: !!omap
#   - {ucd: POS_EQ_PMRA}
#   - {width: 9}
#   - {precision: '3'}
#   - values: {'null': .nan}
# - name: pmDE
#   unit: mas / yr
#   datatype: float64
#   format: '{:9.3f}'
#   description: '? Proper motion in declination direction (pmdec)'
#   meta: !!omap
#   - {ucd: POS_EQ_PMDEC}
#   - {width: 9}
#   - {precision: '3'}
#   - values: {'null': .nan}
# - name: e_pmRA
#   unit: mas / yr
#   datatype: float32
#   format: '{:6.3f}'
#   description: '? Standard error of proper motion in right ascension direction (pmra_error)'
#   meta: !!omap
#   - {ucd: ERROR}
#   - {width: 6}
#   - {precision: '3'}
#   - values: {'null': .nan}
# - name: e_pmDE
[...]
#         unit: &id001 !astropy.units.Unit {unit: deg}
#         value: !astropy.table.SerializedColumn {name: SkyCoord.dec}
#       distance: !astropy.table.SerializedColumn
#         __class__: astropy.coordinates.distances.Distance
#         unit: !astropy.units.Unit {unit: pc}
#         value: !astropy.table.SerializedColumn {name: SkyCoord.distance}
#       frame: icrs
#       obstime: !astropy.time.Time {format: jyear_str, in_subfmt: '*', jd1: 367701545.0, jd2: 0.0, out_subfmt: '*', precision: 3, scale: tt}
#       pm_dec: !astropy.table.SerializedColumn
#         __class__: astropy.units.quantity.Quantity
#         unit: !astropy.units.Unit {unit: mas / yr}
#         value: !astropy.table.SerializedColumn {name: SkyCoord.pm_dec}
#       pm_ra_cosdec: !astropy.table.SerializedColumn
#         __class__: astropy.units.quantity.Quantity
#         unit: !astropy.units.Unit {unit: mas / yr}
#         value: !astropy.table.SerializedColumn {name: SkyCoord.pm_ra_cosdec}
#       ra: !astropy.table.SerializedColumn
#         __class__: astropy.coordinates.angles.Longitude
#         unit: *id001
#         value: !astropy.table.SerializedColumn {name: SkyCoord.ra}
#         wrap_angle: !astropy.coordinates.Angle
#           unit: *id001
#           value: 360.0
#       representation_type: spherical
# schema: astropy-2.0
RA_ICRS_1 DE_ICRS_1 e_RA_ICRS e_DE_ICRS _r_1 HIP TYC2 Source rgeo Plx e_Plx pmRA pmDE e_pmRA e_pmDE RUWE Teff logg Gmag BP-RP BPmag RPmag RV e_RV b_rgeo B_rgeo FG e_FG FBP e_FBP FRP e_FRP RAVE5 RAVE6 e_Gmag e_BPmag e_RPmag e_BP-RP SkyCoord.ra SkyCoord.dec SkyCoord.distance SkyCoord.pm_ra_cosdec SkyCoord.pm_dec
[from data line 1242]
192.75138419368 -60.21499535564 0.0171 0.019 21.9879 "" "" 6056465840885181696 1779.48755 0.5244 0.0256 3.672 -1.569 0.023 0.028 0.975 5027.8 3.5033 15.37254 1.747595 16.217173 14.469578 "" "" 1693.85754 1852.50281 13363.83541 3.4614 4451.9 6.2674 12922.0 7.9645 "" "" 0.00276963420867725 0.00318141 0.00383817 0.0070195803 192.75138419368 -60.21499535564 1779.48755 3.672 -1.5690000000000002
192.98462491586 -60.47407069957 0.0185 0.0212 14.2272 "" "" 6056405062844927488 2211.94751 0.4175 0.0281 -5.929 -0.753 0.024 0.03 1.196 7215.9 4.1241 15.374251 1.067624 15.80317 14.735546 "" "" 2100.5957 2334.26465 13342.77087 5.0314 6518.5 9.308 10114.0 9.9174 "" "" 0.002785572234312047 0.0031919694 0.00392647 0.0071184393 192.98462491586 -60.47407069957 2211.94751 -5.929 -0.7529999999999999
192.79814150193 -60.60235801998 0.0173 0.02 22.946 "" "" 6056395304678664832 1985.04736 0.4695 0.0277 -7.616 -0.981 0.026 0.029 0.998 5598.8 4.1223 15.375038 1.12824 15.855262 14.727022 "" "" 1842.93945 2085.8811 13333.10708 3.0778 6213.2 8.8858 10194.0 10.105 "" "" 0.002766695661846116 0.0031931372 0.0039296383 0.0071227755 192.79814150193 -60.60235801998 1985.04736 -7.616 -0.9810000000000001
193.93274422657 -60.43607830072 0.0169 0.022 15.6936 "" "" 6056025181576469248 1992.76343 0.4685 0.0274 -4.669 -1.156 0.023 0.03 1.031 7238.0 4.1677 15.377296 1.186049 15.882721 14.696672 "" "" 1887.14636 2129.78101 13305.41075 5.1223 6058.0 9.8681 10483.0 14.967 "" "" 0.00278684430002973 0.0033034799 0.0040849345 0.0073884143 193.93274422657 -60.43607830072 1992.76343 -4.669 -1.1560000000000001
193.34190787189 -60.35199673763 0.0186 0.0221 2.6008 "" "" 6056407742904964096 1890.29016 0.4967 0.0292 -8.552 -3.32 0.025 0.032 1.068 5410.6 4.1561 15.378037 1.26155 15.922386 14.660836 "" "" 1803.40063 1994.93933 13296.34563 3.4774 5840.7 15.762 10835.0 12.55 "" "" 0.002769913136354362 0.0040459945 0.003983122 0.008029116 193.34190787189 -60.35199673763 1890.29016 -8.551999999999998 -3.3199999999999994
193.66447131175 -60.25600652452 0.0174 0.0215 10.1125 "" "" 6056783638437000832 1995.65955 0.4747 0.0295 -4.613 -1.24 0.023 0.028 1.107 8423.9 3.8735 15.381542 1.015651 15.738032 14.722382 "" "" 1882.39612 2092.34351 13253.4805 4.6127 6921.6 20.949 10238.0 41.439 "" "" 0.0027811112629647578 0.0043108603 0.005796219 0.0101070795 193.66447131175 -60.25600652452 1995.65955 -4.6129999999999995 -1.2399999999999998
193.88591316642 -60.61685008032 0.0267 0.061 20.1252 "" "" 6056008139144777856 1896.47534 0.4999 0.0457 -4.604 -1.083 0.041 0.061 1.224 "" "" 15.38335 0.777372 15.37456 14.597188 "" "" 1754.86218 2064.3186 13231.42726 17.365 9673.7 187.09 11489.0 331.53 "" "" 0.003101967778344679 0.02118277 0.031557456 0.052740224 193.88591316642 -60.61685008032 1896.47534 -4.603999999999999 -1.083
192.94167875006 -60.22186615589 0.0166 0.0196 16.8288 "" "" 6056423891983894528 1833.54895 0.5083 0.0257 -3.158 -1.897 0.023 0.029 0.997 6641.6 4.0616 15.384503 1.268627 15.933657 14.66503 "" "" 1749.70459 1946.4176 13217.38183 3.325 5780.4 7.1829 10793.0 7.7347 "" "" 0.0027688246220977197 0.0030992425 0.0038586447 0.006957887 192.94167875006 -60.22186615589 1833.54895 -3.158 -1.897
193.52558122413 -60.4740068016 0.0167 0.0193 6.8502 "" "" 6056027586758040576 2113.93237 0.4301 0.0258 -6.506 -1.777 0.022 0.026 0.96 7413.7 3.888 15.385961 0.895794 15.734043 14.838249 "" "" 2000.92651 2234.39844 13199.64761 3.1341 6947.0 14.55 9201.5 15.5 "" "" 0.0027673539276239015 0.00359946 0.0041986564 0.0077981167 193.52558122413 -60.4740068016 2113.93237 -6.506 -1.7769999999999997
193.49830988634 -60.58437275311 0.0187 0.0215 12.9154 "" "" 6055647911634846080 2059.82812 0.451 0.0291 -5.916 -1.278 0.025 0.029 1.048 6656.6 4.1994 15.386278 1.012015 15.800664 14.788649 "" "" 1953.21472 2177.55957 13195.78982 2.998 6533.6 10.273 9631.6 10.58 "" "" 0.002766339940375086 0.0032709897 0.003963096 0.007234086 193.49830988634 -60.58437275311 2059.82812 -5.9159999999999995 -1.2779999999999998
193.25276386055 -60.21157141512 0.0173 0.0198 10.857 "" "" 6056421727320194432 1778.89734 0.5346 0.0282 -5.796 0.321 0.023 0.026 1.024 7088.5 4.2148 15.388083 1.182208 15.892384 14.710176 "" "" 1691.09729 1884.29321 13173.87507 3.1166 6004.3 7.807 10354.0 10.773 "" "" 0.0027672667109548345 0.003126976 0.0039446023 0.0070715784 193.25276386055 -60.21157141512 1778.89734 -5.796 0.3210000000000001
193.58560142817 -60.48538535276 0.0178 0.0204 8.3709 "" "" 6056026590325617792 1704.71716 0.5536 0.0275 -5.278 -0.865 0.023 0.027 1.043 5523.2 4.1776 15.392178 1.16318 15.881782 14.718601 "" "" 1623.42249 1790.39905 13124.29104 6.6184 6063.2 16.062 10273.0 14.826 "" "" 0.0028091937629611055 0.0040072044 0.004091334 0.008098539 193.58560142817 -60.48538535276 1704.71716 -5.277999999999998 -0.865
193.90475418522 -60.15340349491 0.0182 0.0212 19.5497 "" "" 6056785871820137472 1752.98511 0.5409 0.0297 -4.797 -1.045 0.024 0.028 0.95 8111.8 4.126 15.39224 1.023248 15.813985 14.790737 "" "" 1664.8501 1850.45435 13123.53672 3.5745 6453.9 6.9806 9613.1 9.1208 "" "" 0.0027711447015738603 0.0030272312 0.0039172573 0.0069444887 193.90475418522 -60.15340349491 1752.98511 -4.797000000000001 -1.0450000000000004
193.84222067045 -60.51183990877 0.0176 0.0243 15.0555 "" "" 6056024288223135360 2102.54932 0.4413 0.0292 -10.383 -4.726 0.024 0.031 1.007 6290.9 4.1143 15.392489 1.154443 15.885113 14.73067 "" "" 1993.73242 2243.70508 13120.53093 3.2024 6044.7 11.801 10160.0 13.51 "" "" 0.0027680345445470003 0.003504005 0.0040457486 0.0075497534 193.84222067045 -60.51183990877 2102.54932 -10.383000000000001 -4.726
193.87435032416 -60.47932615089 0.0174 0.0241 14.9271 "" "" 6056024700540050048 2100.83252 0.4348 0.0288 -8.687 -0.678 0.025 0.033 0.997 6019.1 3.7073 15.392545 1.177408 15.891344 14.713936 "" "" 1991.52563 2213.98779 13119.85508 3.0517 6010.1 9.8238 10318.0 16.887 "" "" 0.00276686969229686 0.0033067458 0.0041762865 0.0074830325 193.87435032416 -60.47932615089 2100.83252 -8.687 -0.6779999999999996
193.96406693657 -60.28839001711 0.0163 0.0211 16.9626 "" "" 6056030576055557248 1982.29504 0.4619 0.0284 0.666 -8.877 0.022 0.028 0.913 5434.9 3.2555 15.396181 1.62342 16.160229 14.536809 "" "" 1888.80627 2093.19434 13075.9858 3.1085 4691.6 6.7066 12146.0 8.044 "" "" 0.0027673830444419787 0.0031927899 0.003847177 0.007039967 193.96406693657 -60.28839001711 1982.29504 0.6660000000000004 -8.876999999999999
193.67513826308 -60.5273394562 0.0177 0.0206 11.9821 "" "" 6056023360510161152 2112.96704 0.4381 0.0271 -5.619 -0.192 0.023 0.028 0.994 7139.4 3.9503 15.399492 0.857582 15.739936 14.882354 "" "" 2013.60754 2244.89404 13036.1592 3.5308 6909.4 7.9096 8835.2 10.041 "" "" 0.002770968313672995 0.0030544829 0.00397571 0.0070301928 193.67513826308 -60.5273394562 2112.96704 -5.619 -0.19200000000000006
192.92851742368 -60.10829920056 0.0171 0.0204 21.5631 "" "" 6056472304859827712 1925.17334 0.4848 0.0273 -8.182 1.72 0.024 0.031 0.924 7140.6 4.2962 15.400745 1.113952 15.869003 14.755052 "" "" 1842.1073 2031.63989 13021.12513 3.3475 6135.0 9.0915 9934.3 8.1656 "" "" 0.002769422201305876 0.0032208385 0.0038833185 0.007104157 192.92851742368 -60.10829920056 1925.17334 -8.182 1.7200000000000002
193.37288574856 -60.72821295213 0.0198 0.0214 21.3739 "" "" 6055634236457444608 2196.40576 0.4168 0.0295 -5.357 -1.22 0.027 0.029 1.149 6261.0 4.0143 15.403922 1.077562 15.853295 14.775733 "" "" 2041.39771 2335.83643 12983.09043 4.2038 6224.4 9.8325 9746.9 12.79 "" "" 0.002777656834380093 0.0032751542 0.0040390026 0.0073141567 193.37288574856 -60.72821295213 2196.40576 -5.357000000000001 -1.2200000000000002
193.72459296921 -60.06667484737 0.0162 0.0196 20.497 "" "" 6056798859802517376 2199.09912 0.4186 0.0257 -5.957 -1.433 0.022 0.027 0.96 7138.9 4.1272 15.404501 1.160927 15.89919 14.738263 "" "" 2081.40332 2312.40503 12976.16781 2.7206 5966.8 7.2189 10089.0 9.6822 "" "" 0.002764707566351225 0.0030839131 0.0039203833 0.0070042964 193.72459296921 -60.06667484737 2199.09912 -5.956999999999999 -1.433
193.02210663181 -60.22758566736 0.0164 0.02 14.6615 "" "" 6056423960703133696 1954.84167 0.4788 0.0257 -4.689 -0.854 0.022 0.028 0.973 7975.0 3.99 15.406152 0.992782 15.806029 14.813248 "" "" 1859.06555 2060.17114 12956.45493 3.2778 6501.4 8.4597 9415.8 10.008 "" "" 0.002768977474941024 0.003127455 0.003951645 0.0070791002 193.02210663181 -60.22758566736 1954.84167 -4.689 -0.854
193.39140829889 -60.40387982477 0.0202 0.0214 2.0408 "" "" 6056404272571163136 1941.8175 0.4864 0.0296 -4.789 -1.167 0.026 0.028 1.061 6827.1 4.2156 15.407493 1.008084 15.817793 14.809709 "" "" 1827.80127 2039.05054 12940.46363 4.1043 6431.3 30.402 9446.6 16.155 "" "" 0.002776755962990045 0.0058418713 0.004210853 0.010052724 193.39140829889 -60.40387982477 1941.8175 -4.789 -1.167
193.1533118194 -60.40759215511 0.0209 0.0235 8.1475 "" "" 6056405750039868032 1787.64771 0.5187 0.0305 -4.073 0.045 0.027 0.034 1.13 6584.5 4.2245 15.40902 1.124643 15.879202 14.754559 "" "" 1682.48218 1873.52747 12922.26593 3.6992 6077.7 9.8929 9938.8 11.541 "" "" 0.0027727949015733367 0.0033027828 0.003984125 0.0072869076 193.1533118194 -60.40759215511 1787.64771 -4.073 0.045000000000000005
193.5661901731 -60.60864460948 0.0169 0.0196 14.8106 "" "" 6055646846482777728 1977.6676 0.4725 0.0272 -10.453 0.547 0.023 0.027 0.993 5701.8 4.1119 15.412113 1.110331 15.880105 14.769774 "" "" 1884.49536 2081.70776 12885.50969 3.0197 6072.6 9.4787 9800.5 9.9054 "" "" 0.002767043449987997 0.003264526 0.0039354693 0.007199995 193.5661901731 -60.60864460948 1977.6676 -10.452999999999998 0.5470000000000002
193.08529248039 -60.34014262785 0.0312 0.0371 10.0916 "" "" 6056418768043419776 2023.57849 0.4612 0.0494 -5.187 2.15 0.04 0.049 1.882 7293.4 4.0521 15.412419 1.152954 15.897008 14.744054 "" "" 1793.88977 2247.05054 12881.8696 4.4074 5978.8 10.109 10035.0 10.094 "" "" 0.0027802485476637094 0.0033399258 0.0039340123 0.007273938 193.08529248039 -60.34014262785 2023.57849 -5.186999999999999 2.1499999999999995
193.58159395621 -60.50065498916 0.0184 0.0196 9.0626 "" "" 6056026521606119808 1878.32849 0.4964 0.0275 -4.183 -1.036 0.023 0.026 0.963 7358.7 4.2815 15.412866 0.951735 15.799904 14.848168 "" "" 1789.95972 1997.3927 12876.57656 3.1622 6538.2 9.4245 9117.8 11.717 "" "" 0.0027681911668134274 0.0031991228 0.0040287017 0.0072278245 193.58159395621 -60.50065498916 1878.32849 -4.183 -1.036
193.92750683854 -60.19550526201 0.019 0.0232 18.489 "" "" 6056782573285219584 1778.87195 0.5321 0.0308 -4.454 0.174 0.025 0.031 0.952 15009.7 4.3471 15.416014 1.237277 15.948519 14.711242 "" "" 1692.39331 1891.16406 12839.29712 3.3565 5701.8 8.6475 10343.0 9.1628 "" "" 0.002769901279705201 0.003239834 0.003899856 0.00713969 193.92750683854 -60.19550526201 1778.87195 -4.454 0.17400000000000013
193.41172507676 -59.98529874397 0.016 0.0188 23.2451 "" "" 6056849368622621056 2189.5498 0.4248 0.025 -3.073 1.122 0.021 0.026 0.961 6731.6 3.9077 15.419798 1.235586 15.954852 14.719266 "" "" 2074.2251 2305.03223 12794.62554 2.8857 5668.6 7.0914 10267.0 7.6675 "" "" 0.002766180421490598 0.0031032076 0.003865383 0.0069685904 193.41172507676 -59.98529874397 2189.5498 -3.0730000000000004 1.1220000000000003
194.16330807985 -60.38983007756 0.0171 0.0201 22.0977 "" "" 6056031057092305024 1947.23792 0.4797 0.0276 -8.513 -1.725 0.023 0.028 0.997 6670.4 4.1473 15.421079 1.139991 15.905292 14.765302 "" "" 1843.01147 2059.10474 12779.53728 3.1698 5933.3 9.9148 9841.0 9.586 "" "" 0.0027684496486658585 0.003328179 0.00392457 0.007252749 194.16330807985 -60.38983007756 1947.23792 -8.513000000000002 -1.7250000000000003
193.12879301712 -60.08406182526 0.0164 0.0198 19.3555 "" "" 6056473266932234112 2200.37939 0.4261 0.0262 -0.524 -0.351 0.022 0.027 0.958 6002.8 3.9998 15.424491 1.216151 15.949149 14.732998 "" "" 2088.17456 2347.32397 12739.43758 3.0277 5698.5 8.2006 10138.0 7.7849 "" "" 0.0027673767350740544 0.0031978642 0.0038702497 0.007068114 193.12879301712 -60.08406182526 2200.37939 -0.524 -0.351
193.94158146583 -60.33149430857 0.0173 0.0235 15.7085 "" "" 6056029545263383808 1557.80151 0.5981 0.0294 -6.448 -2.692 0.023 0.029 1.035 5609.6 3.5282 15.424831 1.402725 16.055483 14.652758 "" "" 1490.92334 1660.99109 12735.45192 3.1541 5166.8 9.0496 10916.0 10.243 "" "" 0.002768410159016064 0.0033765878 0.003914291 0.007290879 193.94158146583 -60.33149430857 1557.80151 -6.448 -2.6919999999999997
193.24920136633 -60.17392799555 0.031 0.0402 12.9512 "" "" 6056425128905013120 1719.34924 0.5571 0.0522 -0.75 -1.632 0.044 0.056 2.296 6500.3 4.147 15.424871 1.253324 15.899194 14.64587 "" "" 1548.03259 1879.11584 12734.99358 7.2678 5966.8 11.727 10985.0 14.105 "" "" 0.0028241324023998027 0.0035126184 0.0040283087 0.0075409273 193.24920136633 -60.17392799555 1719.34924 -0.7499999999999998 -1.6319999999999997
193.56769689372 -60.38837953039 0.0178 0.023 4.5111 "" "" 6056778759353981184 1879.11377 0.4982 0.0291 -4.65 -1.052 0.023 0.032 1.007 7371.0 4.3201 15.429639 0.991688 15.836424 14.844736 "" "" 1789.3075 1975.80981 12679.18447 3.1979 6321.9 11.241 9146.7 11.261 "" "" 0.002768894741255489 0.003392946 0.004008805 0.007401751 193.56769689372 -60.38837953039 1879.11377 -4.65 -1.052
193.39118607539 -60.46469844619 0.0182 0.0207 5.5806 "" "" 6056403069980184704 1898.11523 0.4912 0.0281 -4.572 -1.201 0.023 0.027 1.051 6018.7 4.0494 15.4301 1.073394 15.879913 14.80652 "" "" 1802.48315 1998.87024 12673.80312 4.1507 6073.7 11.15 9474.4 11.523 "" "" 0.0027781697818237655 0.003428965 0.0040034293 0.0074323947 193.39118607539 -60.46469844619 1898.11523 -4.572 -1.2009999999999998
192.81555911569 -60.29429861795 0.0165 0.0193 18.5251 "" "" 6056417569800533120 1613.91431 0.5877 0.0257 -7.569 1.502 0.022 0.027 0.945 5274.1 4.1539 15.431564 1.311359 16.001669 14.69031 "" "" 1537.87402 1681.07666 12656.71157 3.0907 5429.4 9.0169 10545.0 14.879 "" "" 0.0027680469242199186 0.0033221026 0.004078072 0.0074001746 192.81555911569 -60.29429861795 1613.91431 -7.568999999999999 1.5020000000000002
193.78227175717 -60.23067990812 0.0196 0.0214 13.7577 "" "" 6056782264047515136 2201.40991 0.4199 0.0303 -6.142 -1.327 0.025 0.028 1.084 15041.1 4.5945 15.432803 1.173491 15.916116 14.742624 "" "" 2066.62378 2334.14307 12642.27913 3.4046 5874.5 10.853 10049.0 12.588 "" "" 0.0027707909155301304 0.00343636 0.004016652 0.007453012 193.78227175717 -60.23067990812 2201.40991 -6.1419999999999995 -1.327
192.83007578498 -60.47484400816 0.0203 0.023 18.4839 "" "" 6056411866074528256 1557.49231 0.61 0.0318 -1.513 -0.339 0.028 0.033 1.181 6472.5 3.8531 15.436266 1.220668 15.952746 14.732079 "" "" 1485.67261 1640.0647 12602.02761 4.2907 5679.6 8.7209 10147.0 10.214 "" "" 0.002780007900428318 0.0032502846 0.00393423 0.007184515 192.83007578498 -60.47484400816 1557.49231 -1.5130000000000001 -0.33899999999999997
193.19065057498 -60.27953193203 0.0217 0.0261 8.7877 "" "" 6056420490378012288 1774.87866 0.5338 0.0344 -6.928 0.72 0.028 0.034 1.264 6325.9 3.9479 15.436845 1.430222 16.078056 14.647834 "" "" 1679.42383 1870.05054 12595.30933 3.1094 5060.5 6.582 10965.0 10.803 "" "" 0.0027683266330949495 0.0031271854 0.003927846 0.007055031 193.19065057498 -60.27953193203 1774.87866 -6.928 0.7199999999999999
193.39295791119 -60.30555135923 0.0209 0.0244 4.1021 "" "" 6056408704977549824 2130.60596 0.4314 0.0321 -4.745 -1.012 0.026 0.032 1.223 4895.5 3.5113 15.437346 1.618457 16.1912 14.572743 "" "" 1975.31079 2268.81006 12589.49456 3.2722 4559.7 10.775 11751.0 11.703 "" "" 0.0027697338910573663 0.0037904943 0.0039310227 0.0077215172 193.39295791119 -60.30555135923 2130.60596 -4.745 -1.012
193.0531632226 -60.40443276446 0.0173 0.0205 11.0093 "" "" 6056406265435932544 1762.63733 0.5305 0.0272 -12.182 -0.942 0.021 0.026 1.02 6700.0 4.1615 15.439988 1.202669 15.958812 14.756143 "" "" 1680.70483 1844.41565 12558.89233 2.8944 5648.0 7.8389 9924.3 10.126 "" "" 0.002766659028832711 0.003171088 0.0039383946 0.007109483 193.0531632226 -60.40443276446 1762.63733 -12.181999999999999 -0.9419999999999998
