Clusters/NGC_4755/NGC_4755_members.tsv
# %ECSV 1.0
# ---
# datatype:
# - name: RA_ICRS_1
#   unit: deg
#   datatype: float64
#   format: '{:15.11f}'
#   description: Right ascension (ICRS) at Ep=2016.0 (ra)
#   meta: !!omap
#   - {ucd: POS_EQ_RA_MAIN}
#   - {width: 15}
#   - {precision: '11'}
# - name: DE_ICRS_1
#   unit: deg
#   datatype: float64
#   format: '{:15.11f}'
#   description: Declination (ICRS) at Ep=2016.0 (dec)
#   meta: !!omap
#   - {ucd: POS_EQ_DEC_MAIN}
#   - {width: 15}
#   - {precision: '11'}
# - name: e_RA_ICRS
#   unit: mas
#   datatype: float64
#   format: '{:7.4f}'
#   description: Standard error of right ascension (ra_error)
#   meta: !!omap
#   - {ucd: ERROR}
#   - {width: 7}
#   - {precision: '4'}
# - name: e_DE_ICRS
#   unit: mas
#   datatype: float64
#   format: '{:7.4f}'
#   description: Standard error of declination (dec_error)
#   meta: !!omap
#   - {ucd: ERROR}
#   - {width: 7}
#   - {precision: '4'}
# - name: _r_1
#   unit: ''
#   datatype: float64
#   format: '{:7.4f}'
#   description: Distance from center (193.41891685000-60.37270118000)[ICRS], at Epoch=J2016.0
#   meta: !!omap
#   - {ucd: POS_ANG_DIST_GENERAL}
#   - {width: 7}
#   - {precision: '4'}
# - name: HIP
#   datatype: int32
#   description: '? HIP cross-id number, van Leeuwen, Cat. I/311 (hip_original_ext_source_id)'
#   meta: !!omap
#   - {ucd: ID_NUMBER}
#   - {width: 6}
#   - values: {'null': -2147483648}
# - name: TYC2
#   datatype: string
#   description: Tycho-2 cross-id name, Hog et al., Cat. I/259 (tyc2_original_ext_source_id)
#   meta: !!omap
#   - {ucd: ID_CROSSID}
#   - {_votable_string_dtype: char}
# - name: Source
#   datatype: int64
#   description: Source identifier, identical to the Gaia-EDR3 source_id (id)
#   meta: !!omap
#   - {ucd: ID_MAIN}
#   - {width: 19}
# - name: rgeo
#   unit: pc
#   datatype: float64
#   format: '{:15.8f}'
#   description: '? Median of the geometric distance posterior (r_med_geo)'
#   meta: !!omap
#   - {ucd: PHYS_DISTANCE_TRUE}
#   - {width: 15}
#   - {precision: '8'}
#   - values: {'null': .nan}
# - name: Plx
#   unit: mas
#   datatype: float64
#   format: '{:9.4f}'
#   description: '? Parallax (parallax)'
#   meta: !!omap
#   - {ucd: POS_PARLX_TRIG}
#   - {width: 9}
#   - {precision: '4'}
#   - values: {'null': .nan}
# - name: e_Plx
#   unit: mas
#   datatype: float32
#   format: '{:7.4f}'
#   description: '? Standard error of parallax (parallax_error)'
#   meta: !!omap
#   - {ucd: ERROR}
#   - {width: 7}
#   - {precision: '4'}
#   - values: {'null': .nan}
# - name: pmRA
#   unit: mas / yr
#   datatype: float64
#   format: '{:9.3f}'
#   description: '? Proper motion in right ascension direction, pmRA*cosDE (pmra)'
#   meta: !!omap
#   - {ucd: POS_EQ_PMRA}
#   - {width: 9}
#   - {precision: '3'}
#   - values: {'null': .nan}
# - name: pmDE
#   unit: mas / yr
#   datatype: float64
#   format: '{:9.3f}'
#   description: '? Proper motion in declination direction (pmdec)'
#   meta: !!omap
#   - {ucd: POS_EQ_PMDEC}
#   - {width: 9}
#   - {precision: '3'}
#   - values: {'null': .nan}
# - name: e_pmRA
#   unit: mas / yr
#   datatype: float32
#   format: '{:6.3f}'
#   description: '? Standard error of proper motion in right ascension direction (pmra_error)'
#   meta: !!omap
#   - {ucd: ERROR}
#   - {width: 6}
#   - {precision: '3'}
#   - values: {'null': .nan}
# - name: e_pmDE
[...]
#         unit: &id001 !astropy.units.Unit {unit: deg}
#         value: !astropy.table.SerializedColumn {name: SkyCoord.dec}
#       distance: !astropy.table.SerializedColumn
#         __class__: astropy.coordinates.distances.Distance
#         unit: !astropy.units.Unit {unit: pc}
#         value: !astropy.table.SerializedColumn {name: SkyCoord.distance}
#       frame: icrs
#       obstime: !astropy.time.Time {format: jyear_str, in_subfmt: '*', jd1: 367701545.0, jd2: 0.0, out_subfmt: '*', precision: 3, scale: tt}
#       pm_dec: !astropy.table.SerializedColumn
#         __class__: astropy.units.quantity.Quantity
#         unit: !astropy.units.Unit {unit: mas / yr}
#         value: !astropy.table.SerializedColumn {name: SkyCoord.pm_dec}
#       pm_ra_cosdec: !astropy.table.SerializedColumn
#         __class__: astropy.units.quantity.Quantity
#         unit: !astropy.units.Unit {unit: mas / yr}
#         value: !astropy.table.SerializedColumn {name: SkyCoord.pm_ra_cosdec}
#       ra: !astropy.table.SerializedColumn
#         __class__: astropy.coordinates.angles.Longitude
#         unit: *id001
#         value: !astropy.table.SerializedColumn {name: SkyCoord.ra}
#         wrap_angle: !astropy.coordinates.Angle
#           unit: *id001
#           value: 360.0
#       representation_type: spherical
# schema: astropy-2.0
RA_ICRS_1 DE_ICRS_1 e_RA_ICRS e_DE_ICRS _r_1 HIP TYC2 Source rgeo Plx e_Plx pmRA pmDE e_pmRA e_pmDE RUWE Teff logg Gmag BP-RP BPmag RPmag RV e_RV b_rgeo B_rgeo FG e_FG FBP e_FBP FRP e_FRP RAVE5 RAVE6 e_Gmag e_BPmag e_RPmag e_BP-RP SkyCoord.ra SkyCoord.dec SkyCoord.distance SkyCoord.pm_ra_cosdec SkyCoord.pm_dec Pmemb
[from data line 400]
193.33008789701 -60.39176957354 0.0209 0.0239 2.8718 "" "" 6056404130795206272 1883.94275 0.4958 0.0336 -4.643 -0.935 0.027 0.03 0.985 5622.0 4.1921 15.69687 1.091398 16.150148 15.05875 "" "" 1734.44263 2042.3479 9912.85444 3.1979 4735.4 13.485 7510.3 13.417 "" "" 0.0027774937305034583 0.0041646836 0.004248053 0.0084127365 193.33008789701 -60.39176957354 1883.94275 -4.643000000000002 -0.9350000000000003 1.0
193.38893146394 -60.39521336438 0.0205 0.0271 1.6171 "" "" 6056404272571181312 1934.78271 0.4847 0.0343 -4.577 -1.084 0.029 0.031 1.053 6208.1 4.1205 15.707432 1.050779 16.13302 15.082241 "" "" 1800.34961 2091.20142 9816.88975 3.3525 4810.7 21.977 7349.6 23.188 "" "" 0.002780156296653057 0.005690954 0.005100762 0.010791716 193.38893146394 -60.39521336438 1934.78271 -4.576999999999998 -1.0839999999999996 1.0
193.90552395037 -60.57462394526 0.0213 0.0272 18.8099 "" "" 6056011403320008576 1947.26355 0.4863 0.0342 -4.777 -1.199 0.029 0.036 1.008 5820.3 4.0666 15.716062 1.174967 16.212162 15.037195 "" "" 1820.34399 2105.97168 9739.17136 6.7523 4472.5 12.96 7660.9 17.225 "" "" 0.0028562966249840397 0.00420515 0.0044992436 0.008704394 193.90552395037 -60.57462394526 1947.26355 -4.777000000000002 -1.1990000000000005 1.0
193.35212269943 -60.58764952609 0.0194 0.0233 13.0472 "" "" 6055650557334530304 2024.79675 0.4616 0.0313 -4.678 -1.216 0.026 0.029 0.992 6554.4 4.3047 15.723901 0.987974 16.117662 15.129688 "" "" 1907.8374 2217.60156 9669.10769 2.8075 4879.2 9.1352 7035.3 9.7663 "" "" 0.002773296439212047 0.003452145 0.0040688314 0.0075209765 193.35212269943 -60.58764952609 2024.79675 -4.678 -1.216 1.0
193.37029791864 -60.40599115917 0.021 0.0253 2.4632 "" "" 6056404238211419136 2037.68604 0.4725 0.0323 -4.739 -1.259 0.028 0.035 0.982 6790.6 4.2377 15.732227 1.063575 16.18031 15.116734 "" "" 1910.58228 2190.65503 9595.24365 2.7242 4605.7 14.611 7119.7 13.455 "" "" 0.002772509568277205 0.0044326815 0.0043004453 0.008733127 193.37029791864 -60.40599115917 2037.68604 -4.738999999999998 -1.259 0.8
193.33962749423 -60.36182996367 0.0223 0.0275 2.441 "" "" 6056407536746376832 1686.96558 0.5678 0.0363 -4.882 -1.106 0.029 0.034 1.199 6433.8 4.2653 15.754277 1.136083 16.135971 14.999888 "" "" 1568.9707 1782.92822 9402.33399 5.276 4797.6 31.958 7928.7 34.121 "" "" 0.0028218737278268608 0.0077519054 0.0060096136 0.0137615185 193.33962749423 -60.36182996367 1686.96558 -4.881999999999998 -1.1059999999999999 0.8
193.7959679286 -60.38432599966 0.02 0.0247 11.2036 "" "" 6056029064226978944 2040.65515 0.4568 0.0312 -4.7 -1.064 0.026 0.032 0.978 6043.6 4.0133 15.754553 1.191863 16.261448 15.069585 "" "" 1931.3479 2156.06348 9399.95137 4.3807 4274.0 10.694 7435.7 11.353 "" "" 0.0028013953027120103 0.0038942406 0.0041269585 0.008021199 193.7959679286 -60.38432599966 2040.65515 -4.7 -1.064 1.0
193.59071341836 -60.4434492215 0.0204 0.0228 6.6279 "" "" 6056027724197052416 1877.2467 0.4992 0.0311 -4.721 -1.245 0.026 0.03 0.961 6166.9 4.1346 15.761061 1.091339 16.216854 15.125515 "" "" 1777.1084 2008.46997 9343.77547 3.101 4453.2 10.084 7062.4 8.8278 "" "" 0.0027787819371782466 0.0037188276 0.0040156636 0.0077344915 193.59071341836 -60.4434492215 1877.2467 -4.720999999999998 -1.2449999999999997 0.8
193.40538475289 -60.34421408098 0.0203 0.0226 1.7558 "" "" 6056407674185358976 2001.81494 0.47 0.0319 -4.917 -1.212 0.025 0.031 0.995 7146.3 4.3265 15.773096 1.060565 16.215563 15.154998 "" "" 1871.90308 2124.7981 9240.77646 2.8412 4458.5 17.926 6873.2 26.778 "" "" 0.0027754689565120685 0.0051808604 0.005672467 0.010853328 193.40538475289 -60.34421408098 2001.81494 -4.917 -1.212 0.9
193.51653892632 -60.36051491663 0.0208 0.0278 2.987 "" "" 6056779682731297792 1937.71021 0.4834 0.0347 -4.721 -1.134 0.027 0.035 1.063 7226.3 4.3328 15.782004 1.129071 16.2561 15.127028 "" "" 1829.68713 2082.61475 9165.26799 3.1064 4295.1 8.7933 7052.6 10.803 "" "" 0.002779785305901719 0.0035673443 0.004129121 0.0076964656 193.51653892632 -60.36051491663 1937.71021 -4.721000000000001 -1.1340000000000003 1.0
193.42139877784 -60.34564125164 0.0317 0.036 1.6253 "" "" 6056407605432668672 1687.68945 0.5742 0.0502 -4.633 -1.169 0.048 0.05 1.175 6147.2 4.4402 15.786309 1.222439 16.160332 14.937893 "" "" 1564.17297 1808.14966 9128.99428 6.221 4691.2 53.297 8394.6 77.65 "" "" 0.002852930524468326 0.01264674 0.01073064 0.023377381 193.42139877784 -60.34564125164 1687.68945 -4.633000000000001 -1.1690000000000005 0.9
193.33680024736 -60.42714071152 0.0205 0.0233 4.0733 "" "" 6056403860254244736 1928.604 0.4887 0.0318 -4.654 -1.134 0.027 0.029 0.949 5504.4 4.2184 15.816957 1.122784 16.264313 15.141529 "" "" 1804.14514 2051.854 8874.90319 3.0495 4262.8 21.177 6959.0 24.221 "" "" 0.0027804621884475055 0.0060727247 0.005344538 0.011417262 193.33680024736 -60.42714071152 1928.604 -4.654 -1.134 1.0
193.43231234112 -60.38073604264 0.022 0.0282 0.6247 "" "" 6056404371316904960 2144.16553 0.4353 0.036 -4.848 -1.137 0.029 0.046 1.017 5907.6 4.0955 15.822365 1.206208 16.341728 15.13552 "" "" 1975.0304 2310.41724 8830.81946 7.232 3969.4 59.649 6997.6 43.951 "" "" 0.0028952377094102234 0.01655244 0.0077966317 0.024349073 193.43231234112 -60.38073604264 2144.16553 -4.848 -1.137 0.9
193.79255588342 -60.4787467196 0.0205 0.025 12.7636 "" "" 6056023910266057344 2236.2124 0.4192 0.0325 -4.729 -1.066 0.027 0.034 1.003 6572.9 4.0964 15.822402 1.024345 16.244726 15.220381 "" "" 2090.60205 2366.8894 8830.51268 2.428 4340.4 8.6625 6471.5 9.623 "" "" 0.002771445323755444 0.0035327724 0.004109774 0.007642546 193.79255588342 -60.4787467196 2236.2124 -4.729000000000002 -1.0659999999999998 0.9
193.57921503937 -60.33417098773 0.02 0.0248 5.2894 "" "" 6056779824506232960 1745.39038 0.5405 0.0319 -4.871 -1.11 0.026 0.034 1.0 6391.1 4.246 15.835742 1.102983 16.29754 15.194557 "" "" 1651.27722 1839.677 8722.68377 2.4649 4134.3 10.184 6627.3 11.006 "" "" 0.002772349816825579 0.0038649628 0.0041874642 0.008052427 193.57921503937 -60.33417098773 1745.39038 -4.871000000000002 -1.11 0.9
193.20657210751 -60.3891601764 0.0206 0.0234 6.3738 "" "" 6056407261868402432 2025.30872 0.4551 0.0318 -4.792 -1.125 0.027 0.03 1.063 7391.9 4.046 15.850904 1.123352 16.323557 15.200205 "" "" 1895.65601 2153.47314 8601.71631 2.6452 4036.4 10.592 6592.9 8.6383 "" "" 0.0027754763557706996 0.0039877854 0.004038249 0.008026035 193.20657210751 -60.3891601764 2025.30872 -4.791999999999999 -1.125 1.0
193.04224987586 -60.40567407382 0.0207 0.0237 11.3407 "" "" 6056406334155403264 2034.58545 0.4535 0.0317 -4.851 -1.032 0.026 0.033 0.997 5624.4 4.189 15.855474 1.209462 16.35792 15.148458 "" "" 1907.0387 2188.45288 8565.58567 2.4908 3910.7 15.566 6914.7 10.355 "" "" 0.002773350022096511 0.0051440713 0.004114288 0.00925836 193.04224987586 -60.40567407382 2034.58545 -4.850999999999996 -1.0319999999999996 1.0
193.32675478007 -60.17080132419 0.0224 0.024 12.4205 "" "" 6056422242716337152 1993.39697 0.4692 0.0344 -4.751 -1.133 0.033 0.033 0.994 7024.0 4.0665 15.90753 1.268086 16.460224 15.192138 "" "" 1867.29028 2115.82397 8164.59764 2.5616 3559.0 7.6393 6642.1 11.093 "" "" 0.0027762974939874044 0.0036354226 0.004191868 0.00782729 193.32675478007 -60.17080132419 1993.39697 -4.751000000000002 -1.1330000000000005 0.8
193.37270652757 -60.33588531662 0.022 0.024 2.6001 "" "" 6056407777264651520 1993.8324 0.4673 0.0327 -4.754 -1.052 0.028 0.031 1.012 6426.4 4.2908 15.908835 1.092457 16.350582 15.258125 "" "" 1857.24231 2128.30249 8154.78312 2.5037 3937.2 22.853 6250.4 27.007 "" "" 0.0027754113941345065 0.0068920646 0.006024283 0.012916347 193.37270652757 -60.33588531662 1993.8324 -4.754 -1.052 1.0
193.51098030538 -60.45448413056 0.0236 0.025 5.614 "" "" 6056027861635976960 2004.1134 0.4653 0.036 -4.82 -1.039 0.03 0.034 0.994 7210.0 4.3388 15.911805 1.071384 16.359785 15.288401 "" "" 1878.55408 2168.65283 8132.51127 2.5126 3903.9 6.3739 6078.5 10.679 "" "" 0.002775664535308337 0.0033056694 0.0042334595 0.007539129 193.51098030538 -60.45448413056 2004.1134 -4.820000000000002 -1.0390000000000004 1.0
193.23789714057 -60.21718332744 0.0217 0.0237 10.772 "" "" 6056421727320183936 1901.26135 0.5087 0.034 -4.796 -1.287 0.028 0.031 0.984 6597.8 4.3299 15.919157 1.14445 16.376913 15.232463 "" "" 1766.38696 2027.552 8077.63304 2.624 3842.8 13.566 6399.9 22.433 "" "" 0.002777802347145651 0.0047409097 0.00536352 0.010104429 193.23789714057 -60.21718332744 1901.26135 -4.796000000000002 -1.287 0.9
193.83426620552 -60.2854217582 0.0221 0.0267 13.4018 "" "" 6056780992737118208 1830.50513 0.5184 0.0384 -4.715 -0.995 0.028 0.034 0.965 6092.3 4.2474 15.929442 1.209852 16.439465 15.229612 "" "" 1720.80542 1968.38538 8001.46749 2.4778 3627.7 11.666 6416.7 9.405 "" "" 0.0027757578998414243 0.0044694273 0.0041007544 0.008570181 193.83426620552 -60.2854217582 1830.50513 -4.715000000000002 -0.995 0.9
193.52534128533 -60.37388556907 0.0215 0.0265 3.1574 "" "" 6056778931152681600 1890.44604 0.5037 0.0355 -4.596 -0.905 0.03 0.035 0.978 7387.2 4.249 15.930158 1.10849 16.394606 15.286116 "" "" 1757.92444 2033.59167 7996.20111 2.6496 3780.7 11.821 6091.3 9.8504 "" "" 0.0027787085926968434 0.0043942346 0.004167309 0.008561544 193.52534128533 -60.37388556907 1890.44604 -4.596 -0.905 0.9
193.51710170745 -60.32311112819 0.0223 0.0266 4.165 "" "" 6056780030664358784 2115.65259 0.4388 0.0361 -4.623 -1.017 0.029 0.037 1.019 6090.5 4.2043 15.957691 1.215851 16.470543 15.254692 "" "" 1975.90503 2288.6543 7795.97283 2.9223 3525.3 12.455 6270.2 19.979 "" "" 0.002785215698335389 0.0047433632 0.005123676 0.009867039 193.51710170745 -60.32311112819 2115.65259 -4.623000000000002 -1.0170000000000003 1.0
193.31918032384 -60.30728420434 0.022 0.0249 4.9168 "" "" 6056408842416498048 2074.40283 0.45 0.0347 -4.697 -0.991 0.029 0.033 1.055 7191.3 4.3512 15.970176 1.118328 16.44696 15.328632 "" "" 1952.40356 2252.66455 7706.8441 2.2602 3602.7 9.3446 5857.4 7.4243 "" "" 0.00277365787826281 0.0039643147 0.004022138 0.007986452 193.31918032384 -60.30728420434 2074.40283 -4.696999999999998 -0.9909999999999995 0.9
193.38917567513 -60.36267695395 0.026 0.0264 1.0678 "" "" 6056407498053080192 2117.20337 0.4427 0.0374 -4.673 -1.259 0.032 0.037 0.994 6184.0 4.1411 15.977963 1.173469 16.470173 15.296703 "" "" 1955.99524 2318.36255 7651.76685 3.6403 3526.5 14.0 6032.2 14.786 "" "" 0.002803319071964568 0.0051345704 0.0046223826 0.0097569525 193.38917567513 -60.36267695395 2117.20337 -4.672999999999998 -1.2589999999999995 0.9
193.2244035342 -60.26415727045 0.0233 0.0249 8.707 "" "" 6056421345023915264 1944.81775 0.4886 0.0351 -4.787 -1.091 0.03 0.033 1.007 7114.2 4.321 15.983993 1.179879 16.484402 15.304522 "" "" 1801.93591 2149.37402 7609.38853 2.6491 3480.6 9.3283 5988.9 8.2343 "" "" 0.0027811258475286247 0.004031421 0.004063521 0.008094942 193.2244035342 -60.26415727045 1944.81775 -4.787 -1.091 0.8
193.37608569829 -60.37181492483 0.0236 0.0297 1.2716 "" "" 6056407502386628992 2022.71338 0.4579 0.0394 -4.653 -1.278 0.03 0.037 1.029 6131.6 4.3697 15.992389 1.082501 16.435719 15.353217 "" "" 1854.82153 2205.17725 7550.77024 2.7137 3640.2 20.618 5726.3 19.523 "" "" 0.0027828134664270787 0.0067529557 0.0052901823 0.012043138 193.37608569829 -60.37181492483 2022.71338 -4.653 -1.2779999999999996 0.9
193.41521406486 -60.37586082494 0.0257 0.0316 0.2191 "" "" 6056404577475330176 2047.48279 0.4665 0.0455 -4.671 -1.285 0.035 0.044 1.012 6053.9 4.3966 16.002024 1.045849 16.392668 15.346819 "" "" 1845.86938 2228.67456 7484.05696 3.1234 3787.5 82.874 5760.1 39.027 "" "" 0.0027923303264025985 0.023920199 0.008270361 0.03219056 193.41521406486 -60.37586082494 2047.48279 -4.671 -1.2849999999999995 0.8
193.28230151338 -60.48107456263 0.0245 0.0275 7.6581 "" "" 6056402829461963648 2049.60425 0.4562 0.0376 -4.58 -1.205 0.03 0.033 0.951 6227.7 4.4593 16.002487 1.132855 16.478775 15.34592 "" "" 1911.30042 2229.66895 7480.85958 2.634 3498.7 7.3165 5764.9 8.0587 "" "" 0.0027817138823740812 0.00359725 0.0040727463 0.0076699965 193.28230151338 -60.48107456263 2049.60425 -4.580000000000002 -1.2050000000000005 0.9
193.16717523195 -60.26773676359 0.0232 0.026 9.7775 "" "" 6056421276304433280 2001.33398 0.476 0.0378 -4.774 -1.029 0.032 0.035 0.99 7371.3 4.0066 16.004753 1.161068 16.492216 15.331148 "" "" 1876.16553 2132.87061 7465.27623 2.4631 3455.7 6.5997 5843.8 9.9654 "" "" 0.0027785098962553267 0.0034762938 0.0042085364 0.00768483 193.16717523195 -60.26773676359 2001.33398 -4.774 -1.029 1.0
193.0415212381 -60.28364540643 0.0225 0.0258 12.4178 "" "" 6056419906253920128 2026.52454 0.4676 0.0356 -4.59 -1.152 0.029 0.035 1.055 7099.2 4.2799 16.015724 1.151602 16.502184 15.350582 "" "" 1873.50366 2212.67969 7390.21874 2.4194 3424.1 8.3336 5740.2 7.6909 "" "" 0.0027781526020214634 0.003842878 0.0040496774 0.007892556 193.0415212381 -60.28364540643 2026.52454 -4.590000000000001 -1.1520000000000001 0.9
193.97749899424 -60.50052948339 0.0231 0.028 18.2278 "" "" 6056012812069378944 1736.41272 0.5558 0.0378 -4.621 -1.074 0.03 0.035 1.018 5567.5 4.4835 16.019352 1.167402 16.524076 15.356674 "" "" 1639.75476 1844.45862 7365.56317 2.5581 3355.7 6.403 5708.1 7.6222 "" "" 0.002781003466812016 0.00347519 0.0040479247 0.007523115 193.97749899424 -60.50052948339 1736.41272 -4.621 -1.0740000000000003 0.9
192.9800468953 -60.1338353648 0.023 0.0259 19.3933 "" "" 6056472339219570944 2037.23779 0.4728 0.036 -4.645 -1.098 0.03 0.035 0.926 7114.5 4.348 16.024288 1.125699 16.494864 15.369164 "" "" 1908.23267 2168.87158 7332.14834 2.5098 3447.2 10.714 5642.8 8.7471 "" "" 0.002780271906896372 0.0043786187 0.00413719 0.008515809 192.9800468953 -60.1338353648 2037.23779 -4.644999999999998 -1.0979999999999999 0.9
193.52375260224 -60.40016595475 0.0246 0.0266 3.5181 "" "" 6056778656274758784 1771.4856 0.5276 0.0371 -4.944 -1.073 0.033 0.037 0.989 6039.4 4.3202 16.035397 1.078817 16.492022 15.413204 "" "" 1648.82751 1890.49048 7257.51581 2.5265 3456.3 7.3896 5418.5 7.5443 "" "" 0.002781123799380872 0.0036295375 0.0040704976 0.0077000353 193.52375260224 -60.40016595475 1771.4856 -4.944000000000002 -1.0730000000000002 0.9
193.00375805993 -60.23260920638 0.0229 0.0271 14.9313 "" "" 6056423960703378176 2078.49072 0.451 0.0361 -4.593 -1.131 0.031 0.038 0.997 6087.1 4.169 16.036245 1.239813 16.568672 15.328859 "" "" 1941.59851 2233.94653 7251.84769 2.6779 3220.7 7.4363 5856.2 9.1585 "" "" 0.0027843375026941576 0.0037509224 0.0041432916 0.007894214 193.00375805993 -60.23260920638 2078.49072 -4.593000000000001 -1.1310000000000002 0.9
193.41951578302 -60.43790858274 0.0239 0.0295 3.9125 "" "" 6056403379217894400 2142.36621 0.4422 0.0379 -4.759 -1.124 0.031 0.038 0.96 5779.3 4.0239 16.041996 1.243849 16.557697 15.313849 "" "" 1995.01147 2353.70532 7213.53859 6.6608 3253.4 15.218 5937.7 20.798 "" "" 0.002932043430348277 0.005794591 0.0053615877 0.011156179 193.41951578302 -60.43790858274 2142.36621 -4.759 -1.124 0.9
193.31615307794 -60.45641856141 0.0237 0.026 5.8735 "" "" 6056403001260713728 2081.92578 0.4613 0.0368 -4.66 -1.202 0.03 0.033 0.958 5884.9 4.182 16.046286 1.254674 16.58923 15.334556 "" "" 1931.38391 2223.53027 7185.09093 7.9239 3160.3 14.14 5825.5 29.395 "" "" 0.003004247295629049 0.005602133 0.006655681 0.012257814 193.31615307794 -60.45641856141 2081.92578 -4.659999999999999 -1.2019999999999997 1.0
194.00270913241 -60.24213618553 0.0241 0.0323 19.0372 "" "" 6056036726449250816 1536.64856 0.6257 0.0436 -4.677 -1.222 0.031 0.042 0.996 6092.3 4.3658 16.049683 1.260466 16.594658 15.334192 "" "" 1433.06628 1639.90454 7162.64517 2.7783 3144.5 9.6317 5827.5 20.441 "" "" 0.002787319709783302 0.004341077 0.005365421 0.009706498 194.00270913241 -60.24213618553 1536.64856 -4.676999999999998 -1.222 0.8
