Clusters/NGC_4755/NGC_4755_members.tsv
# %ECSV 1.0
# ---
# datatype:
# - name: RA_ICRS_1
#   unit: deg
#   datatype: float64
#   format: '{:15.11f}'
#   description: Right ascension (ICRS) at Ep=2016.0 (ra)
#   meta: !!omap
#   - {ucd: POS_EQ_RA_MAIN}
#   - {width: 15}
#   - {precision: '11'}
# - name: DE_ICRS_1
#   unit: deg
#   datatype: float64
#   format: '{:15.11f}'
#   description: Declination (ICRS) at Ep=2016.0 (dec)
#   meta: !!omap
#   - {ucd: POS_EQ_DEC_MAIN}
#   - {width: 15}
#   - {precision: '11'}
# - name: e_RA_ICRS
#   unit: mas
#   datatype: float64
#   format: '{:7.4f}'
#   description: Standard error of right ascension (ra_error)
#   meta: !!omap
#   - {ucd: ERROR}
#   - {width: 7}
#   - {precision: '4'}
# - name: e_DE_ICRS
#   unit: mas
#   datatype: float64
#   format: '{:7.4f}'
#   description: Standard error of declination (dec_error)
#   meta: !!omap
#   - {ucd: ERROR}
#   - {width: 7}
#   - {precision: '4'}
# - name: _r_1
#   unit: ''
#   datatype: float64
#   format: '{:7.4f}'
#   description: Distance from center (193.41891685000-60.37270118000)[ICRS], at Epoch=J2016.0
#   meta: !!omap
#   - {ucd: POS_ANG_DIST_GENERAL}
#   - {width: 7}
#   - {precision: '4'}
# - name: HIP
#   datatype: int32
#   description: '? HIP cross-id number, van Leeuwen, Cat. I/311 (hip_original_ext_source_id)'
#   meta: !!omap
#   - {ucd: ID_NUMBER}
#   - {width: 6}
#   - values: {'null': -2147483648}
# - name: TYC2
#   datatype: string
#   description: Tycho-2 cross-id name, Hog et al., Cat. I/259 (tyc2_original_ext_source_id)
#   meta: !!omap
#   - {ucd: ID_CROSSID}
#   - {_votable_string_dtype: char}
# - name: Source
#   datatype: int64
#   description: Source identifier, identical to the Gaia-EDR3 source_id (id)
#   meta: !!omap
#   - {ucd: ID_MAIN}
#   - {width: 19}
# - name: rgeo
#   unit: pc
#   datatype: float64
#   format: '{:15.8f}'
#   description: '? Median of the geometric distance posterior (r_med_geo)'
#   meta: !!omap
#   - {ucd: PHYS_DISTANCE_TRUE}
#   - {width: 15}
#   - {precision: '8'}
#   - values: {'null': .nan}
# - name: Plx
#   unit: mas
#   datatype: float64
#   format: '{:9.4f}'
#   description: '? Parallax (parallax)'
#   meta: !!omap
#   - {ucd: POS_PARLX_TRIG}
#   - {width: 9}
#   - {precision: '4'}
#   - values: {'null': .nan}
# - name: e_Plx
#   unit: mas
#   datatype: float32
#   format: '{:7.4f}'
#   description: '? Standard error of parallax (parallax_error)'
#   meta: !!omap
#   - {ucd: ERROR}
#   - {width: 7}
#   - {precision: '4'}
#   - values: {'null': .nan}
# - name: pmRA
#   unit: mas / yr
#   datatype: float64
#   format: '{:9.3f}'
#   description: '? Proper motion in right ascension direction, pmRA*cosDE (pmra)'
#   meta: !!omap
#   - {ucd: POS_EQ_PMRA}
#   - {width: 9}
#   - {precision: '3'}
#   - values: {'null': .nan}
# - name: pmDE
#   unit: mas / yr
#   datatype: float64
#   format: '{:9.3f}'
#   description: '? Proper motion in declination direction (pmdec)'
#   meta: !!omap
#   - {ucd: POS_EQ_PMDEC}
#   - {width: 9}
#   - {precision: '3'}
#   - values: {'null': .nan}
# - name: e_pmRA
#   unit: mas / yr
#   datatype: float32
#   format: '{:6.3f}'
#   description: '? Standard error of proper motion in right ascension direction (pmra_error)'
#   meta: !!omap
#   - {ucd: ERROR}
#   - {width: 6}
#   - {precision: '3'}
#   - values: {'null': .nan}
# - name: e_pmDE
[...]
#         unit: &id001 !astropy.units.Unit {unit: deg}
#         value: !astropy.table.SerializedColumn {name: SkyCoord.dec}
#       distance: !astropy.table.SerializedColumn
#         __class__: astropy.coordinates.distances.Distance
#         unit: !astropy.units.Unit {unit: pc}
#         value: !astropy.table.SerializedColumn {name: SkyCoord.distance}
#       frame: icrs
#       obstime: !astropy.time.Time {format: jyear_str, in_subfmt: '*', jd1: 367701545.0, jd2: 0.0, out_subfmt: '*', precision: 3, scale: tt}
#       pm_dec: !astropy.table.SerializedColumn
#         __class__: astropy.units.quantity.Quantity
#         unit: !astropy.units.Unit {unit: mas / yr}
#         value: !astropy.table.SerializedColumn {name: SkyCoord.pm_dec}
#       pm_ra_cosdec: !astropy.table.SerializedColumn
#         __class__: astropy.units.quantity.Quantity
#         unit: !astropy.units.Unit {unit: mas / yr}
#         value: !astropy.table.SerializedColumn {name: SkyCoord.pm_ra_cosdec}
#       ra: !astropy.table.SerializedColumn
#         __class__: astropy.coordinates.angles.Longitude
#         unit: *id001
#         value: !astropy.table.SerializedColumn {name: SkyCoord.ra}
#         wrap_angle: !astropy.coordinates.Angle
#           unit: *id001
#           value: 360.0
#       representation_type: spherical
# schema: astropy-2.0
RA_ICRS_1 DE_ICRS_1 e_RA_ICRS e_DE_ICRS _r_1 HIP TYC2 Source rgeo Plx e_Plx pmRA pmDE e_pmRA e_pmDE RUWE Teff logg Gmag BP-RP BPmag RPmag RV e_RV b_rgeo B_rgeo FG e_FG FBP e_FBP FRP e_FRP RAVE5 RAVE6 e_Gmag e_BPmag e_RPmag e_BP-RP SkyCoord.ra SkyCoord.dec SkyCoord.distance SkyCoord.pm_ra_cosdec SkyCoord.pm_dec Pmemb
[from data line 240]
193.38542960412 -60.42746910672 0.011 0.0132 3.4327 "" "" 6056403413577652992 1933.14539 0.4774 0.0168 -4.728 -1.129 0.014 0.018 0.935 9510.8 4.1452 14.353149 0.546741 14.552911 14.006169 "" "" 1869.11316 2004.04688 34173.30538 8.1749 20618.0 13.803 19801.0 19.35 "" "" 0.002767534706532469 0.0028832923 0.003925489 0.006808781 193.38542960412 -60.42746910672 1933.14539 -4.728 -1.1289999999999993 1.0
193.32647330935 -60.22165565346 0.0116 0.0127 9.4703 "" "" 6056421796039663872 2037.97766 0.4579 0.0184 -4.597 -1.007 0.016 0.017 0.934 9778.8 3.9297 14.357852 0.628103 14.582194 13.954091 "" "" 1965.66919 2108.40625 34025.61647 7.6268 20070.0 17.916 20774.0 17.568 "" "" 0.0027660471098024386 0.0029537124 0.0038893158 0.006843028 193.32647330935 -60.22165565346 2037.97766 -4.597000000000002 -1.007 0.9
193.42295359601 -60.3966723171 0.0113 0.0136 1.4432 "" "" 6056404306930923392 1831.84583 0.5027 0.0178 -4.737 -1.129 0.014 0.017 0.994 9550.5 4.1337 14.358622 0.570785 14.571036 14.000252 "" "" 1763.93604 1889.10706 34001.49268 9.1862 20277.0 36.075 19909.0 31.071 "" "" 0.0027708904994688892 0.0033935667 0.004141848 0.007535415 193.42295359601 -60.3966723171 1831.84583 -4.736999999999999 -1.129 1.0
193.66263749723 -60.3022084585 0.0112 0.0135 8.3822 "" "" 6056780339902048256 1979.29773 0.4674 0.018 -4.417 -1.139 0.015 0.017 1.011 9699.4 3.9134 14.373785 0.641827 14.60814 13.966313 "" "" 1923.00696 2049.79541 33529.92392 7.9178 19596.0 13.263 20542.0 12.318 "" "" 0.002767223116011848 0.0028853167 0.00383505 0.006720367 193.66263749723 -60.3022084585 1979.29773 -4.417 -1.1389999999999998 0.9
193.17328273367 -60.2012988961 0.0117 0.0131 12.6145 "" "" 6056424819696652416 2091.30542 0.4456 0.018 -4.693 -1.079 0.015 0.018 1.052 "" "" 14.379182 0.704955 14.647604 13.942649 "" "" 2025.53467 2156.41357 33363.69569 7.2906 18896.0 15.704 20994.0 15.037 "" "" 0.002765516015700026 0.002932447 0.0038585598 0.006791007 193.17328273367 -60.2012988961 2091.30542 -4.693000000000001 -1.0790000000000004 1.0
192.76391576059 -60.41237963146 0.0112 0.013 19.5617 "" "" 6056412862507043456 1984.86243 0.4648 0.0173 -4.771 -1.085 0.014 0.017 0.998 9541.9 4.1714 14.383892 0.546611 14.586734 14.040123 "" "" 1924.2876 2052.1123 33219.24822 9.2757 19986.0 16.373 19192.0 11.177 "" "" 0.0027719486513280217 0.0029285129 0.003831911 0.006760424 192.76391576059 -60.41237963146 1984.86243 -4.771000000000002 -1.0850000000000004 1.0
193.58485770194 -60.3742852447 0.0108 0.0135 4.9228 "" "" 6056778793713730048 1972.76147 0.4727 0.0174 -4.743 -1.049 0.014 0.018 0.907 9448.8 4.0399 14.384605 0.622799 14.619568 13.996769 "" "" 1906.91394 2039.33252 33197.42932 8.099 19391.0 15.061 19973.0 11.856 "" "" 0.002768023028566708 0.0029148224 0.0038339407 0.006748763 193.58485770194 -60.3742852447 1972.76147 -4.743000000000002 -1.0490000000000004 1.0
192.95451681668 -60.2974821321 0.0111 0.0131 14.5103 "" "" 6056422513254971264 2039.69653 0.4517 0.0176 -4.615 -1.013 0.014 0.019 0.979 "" "" 14.387798 0.634259 14.626367 13.992107 "" "" 1967.27295 2116.0354 33099.95551 7.4498 19269.0 13.982 20059.0 15.124 "" "" 0.0027661352724041672 0.0028992638 0.0038670227 0.0067662867 192.95451681668 -60.2974821321 2039.69653 -4.615 -1.013 0.9
193.40483131451 -60.2985165596 0.0112 0.0131 4.4707 "" "" 6056408739337291520 1954.55273 0.4714 0.0177 -4.624 -1.283 0.014 0.016 0.935 "" "" 14.389102 0.665558 14.636262 13.970704 "" "" 1881.76721 2024.09497 33060.24432 7.7373 19095.0 25.058 20459.0 28.943 "" "" 0.00276701230725284 0.0031329023 0.0040795757 0.0072124777 193.40483131451 -60.2985165596 1954.55273 -4.6240000000000006 -1.2829999999999997 1.0
193.36006220705 -60.42948847932 0.0115 0.0136 3.8277 "" "" 6056404169491885056 1941.13892 0.4769 0.0178 -4.627 -1.223 0.015 0.018 0.952 9249.5 4.2066 14.39446 0.547212 14.592975 14.045763 "" "" 1873.44604 2000.75684 32897.48337 7.8493 19871.0 18.619 19092.0 34.144 "" "" 0.00276747160178991 0.0029698492 0.004249002 0.007218851 193.36006220705 -60.42948847932 1941.13892 -4.627 -1.2229999999999999 1.0
193.45678667119 -60.48672203546 0.0128 0.0137 6.9325 "" "" 6055652309681320832 1899.24048 0.4867 0.0192 -4.604 -1.114 0.017 0.019 1.046 8460.6 4.3365 14.403266 0.577232 14.616718 14.039486 "" "" 1837.8136 1966.05872 32631.75449 9.4926 19441.0 16.167 19203.0 12.959 "" "" 0.002773363517880129 0.00293262 0.0038497504 0.0067823706 193.45678667119 -60.48672203546 1899.24048 -4.604000000000002 -1.114 0.9
193.29574924224 -60.32942548235 0.0116 0.014 4.484 "" "" 6056408258300919296 1948.49341 0.4764 0.0181 -4.636 -1.152 0.015 0.017 0.881 "" "" 14.407875 0.612074 14.637308 14.025234 "" "" 1876.36487 2015.32129 32493.50914 8.7278 19076.0 19.643 19456.0 12.493 "" "" 0.002770710662856428 0.003005826 0.003843146 0.006848972 193.29574924224 -60.32942548235 1948.49341 -4.636000000000002 -1.1520000000000001 1.0
193.39308458289 -60.35654786068 0.0116 0.0145 1.2356 "" "" 6056407502386651648 1845.77112 0.5026 0.0188 -4.678 -0.846 0.015 0.019 0.975 "" "" 14.416863 0.598516 14.624328 14.025811 "" "" 1780.74988 1907.49426 32225.63389 10.146 19306.0 86.295 19446.0 32.637 "" "" 0.0027764439827709423 0.0055979863 0.0041957437 0.00979373 193.39308458289 -60.35654786068 1845.77112 -4.677999999999998 -0.8459999999999994 0.9
193.28969400466 -60.32600763729 0.0115 0.0132 4.7499 "" "" 6056408258300922368 2090.23853 0.4443 0.018 -4.733 -1.093 0.015 0.016 0.941 "" "" 14.420566 0.660546 14.672385 14.011839 "" "" 2014.57874 2161.5769 32115.9186 7.5569 18470.0 18.415 19698.0 14.341 "" "" 0.0027671387112038117 0.0029928016 0.0038611603 0.006853962 193.28969400466 -60.32600763729 2090.23853 -4.7330000000000005 -1.093 1.0
193.39918297209 -60.36258956997 0.0187 0.0183 0.8431 "" "" 6056407605465858688 1768.73401 0.5393 0.0295 -4.871 -1.336 0.027 0.027 1.39 "" "" 14.422851 0.634348 14.637999 14.003651 "" "" 1679.40344 1883.87317 32048.4058 14.84 19064.0 67.938 19847.0 44.724 "" "" 0.002800811772064639 0.0047703134 0.0045021963 0.00927251 193.39918297209 -60.36258956997 1768.73401 -4.8709999999999996 -1.3359999999999996 0.9
193.50039929415 -60.35769204907 0.0114 0.0169 2.5797 "" "" 6056779721426673920 2044.39856 0.4546 0.0204 -4.752 -1.354 0.015 0.02 0.959 "" "" 14.424413 0.768162 14.70367 13.935509 "" "" 1961.33191 2130.25903 32002.34719 8.545 17945.0 47.901 21133.0 39.252 "" "" 0.002770529527392094 0.0040229964 0.0042837486 0.008306745 193.50039929415 -60.35769204907 2044.39856 -4.752000000000002 -1.3540000000000003 0.8
193.63463895566 -60.35382059644 0.011 0.0135 6.4999 "" "" 6056779171670873216 1952.86206 0.4727 0.0175 -4.633 -1.144 0.014 0.018 0.946 9290.6 3.9691 14.456546 0.656325 14.705368 14.049043 "" "" 1895.31665 2024.25476 31069.07566 7.3531 17917.0 14.762 19034.0 10.893 "" "" 0.002767276299876214 0.0029300626 0.003830119 0.006760182 193.63463895566 -60.35382059644 1952.86206 -4.633 -1.1440000000000003 1.0
192.9884151642 -60.39067393263 0.0114 0.0131 12.8112 "" "" 6056418016468215424 1967.66309 0.4662 0.0177 -4.582 -1.269 0.014 0.018 0.899 9581.4 4.0481 14.457349 0.609555 14.684807 14.075252 "" "" 1912.30103 2033.36169 31046.12404 7.4505 18260.0 11.403 18581.0 11.651 "" "" 0.002767612549828326 0.002871369 0.0038402101 0.006711579 192.9884151642 -60.39067393263 1967.66309 -4.582000000000002 -1.2690000000000001 1.0
193.42464889024 -60.39195698604 0.0123 0.0153 1.1678 "" "" 6056404375616968832 1883.50562 0.4892 0.0198 -4.642 -1.097 0.016 0.019 0.878 9179.4 3.8826 14.461878 0.634098 14.700909 14.066811 "" "" 1823.28186 1949.07825 30916.86673 9.662 17991.0 26.257 18726.0 35.192 "" "" 0.0027761340466196096 0.003208729 0.00429501 0.007503739 193.42464889024 -60.39195698604 1883.50562 -4.642 -1.0970000000000004 1.0
193.25477206889 -60.32527390966 0.0111 0.0136 5.6424 "" "" 6056408430099611904 2024.06421 0.4563 0.0181 -4.672 -1.072 0.014 0.018 0.931 8402.7 4.3773 14.473036 0.649353 14.719963 14.07061 "" "" 1958.90491 2080.90112 30600.76498 7.2355 17678.0 15.516 18660.0 12.524 "" "" 0.0027672540225403453 0.0029484173 0.0038489932 0.0067974105 193.25477206889 -60.32527390966 2024.06421 -4.672 -1.072 1.0
193.50232621078 -60.35500701135 0.0118 0.0151 2.6928 "" "" 6056779755786415104 1904.17151 0.4845 0.0205 -4.786 -1.217 0.015 0.019 0.974 9152.8 3.9998 14.485077 0.661093 14.736115 14.075023 "" "" 1837.71057 1970.84619 30263.28125 8.8162 17417.0 17.394 18584.0 16.806 "" "" 0.0027734149949462336 0.0029934528 0.00390484 0.006898293 193.50232621078 -60.35500701135 1904.17151 -4.785999999999999 -1.217 1.0
193.28129106348 -60.44023731979 0.0119 0.0137 5.7489 "" "" 6056403722815248896 2063.26758 0.4458 0.018 -4.807 -1.055 0.015 0.017 0.975 9271.6 4.0378 14.487657 0.653684 14.733884 14.0802 "" "" 1992.69897 2136.81226 30191.45914 8.0345 17453.0 16.704 18496.0 16.03 "" "" 0.002770428202580977 0.002977392 0.0038947617 0.006872154 193.28129106348 -60.44023731979 2063.26758 -4.807000000000002 -1.0550000000000002 1.0
193.61292496848 -60.32914658133 0.0122 0.016 6.3236 "" "" 6056780202463052544 1963.71179 0.4663 0.0206 -4.759 -1.0 0.016 0.019 1.178 "" "" 14.491299 0.717867 14.755761 14.037894 "" "" 1891.75879 2047.27039 30090.34341 7.5 17105.0 17.12 19231.0 15.32 "" "" 0.0027685779925037818 0.0029943178 0.0038770908 0.006871409 193.61292496848 -60.32914658133 1963.71179 -4.759 -1.0 0.8
193.56266039829 -60.40566291448 0.0126 0.0157 4.698 "" "" 6056778686305719808 1929.46997 0.4825 0.02 -4.841 -1.155 0.018 0.02 1.122 9499.5 4.1414 14.495737 0.573246 14.690863 14.117617 "" "" 1862.44519 2000.06262 29967.5931 9.2048 18158.0 24.025 17869.0 32.445 "" "" 0.0027754291602093985 0.003138266 0.004262639 0.0074009052 193.56266039829 -60.40566291448 1929.46997 -4.840999999999998 -1.155 1.0
193.40353134607 -60.33207273792 0.0131 0.0148 2.4801 "" "" 6056407880343803520 2041.16821 0.4558 0.0204 -4.649 -1.128 0.017 0.02 1.124 "" "" 14.506266 0.811225 14.818093 14.006868 "" "" 1929.96106 2121.52466 29678.3996 6.8077 16150.0 26.351 19788.0 20.783 "" "" 0.00276655284524093 0.0033050524 0.003947668 0.00725272 193.40353134607 -60.33207273792 2041.16821 -4.649 -1.1279999999999997 0.8
193.3458256621 -60.42585094073 0.0125 0.0146 3.8551 "" "" 6056403860254462464 2009.55859 0.4612 0.019 -4.766 -1.12 0.016 0.019 0.945 8985.5 4.2198 14.515951 0.664315 14.768063 14.103747 "" "" 1940.95935 2100.69165 29414.83773 7.6473 16912.0 14.973 18099.0 14.182 "" "" 0.0027697411813213334 0.0029511112 0.003873954 0.0068250652 193.3458256621 -60.42585094073 2009.55859 -4.766 -1.1199999999999997 0.8
193.54332908374 -60.55992311908 0.0124 0.0141 11.8206 "" "" 6055647945994481664 1973.85742 0.4717 0.0193 -4.627 -0.941 0.016 0.018 0.968 8289.0 4.3804 14.531528 0.585572 14.752151 14.166578 "" "" 1909.70276 2054.70581 28995.80634 8.2559 17162.0 10.446 17082.0 13.179 "" "" 0.0027726081990163283 0.0028673643 0.0038710984 0.0067384625 193.54332908374 -60.55992311908 1973.85742 -4.627 -0.9410000000000003 0.9
192.88115896297 -60.46968381026 0.0124 0.0142 16.9565 "" "" 6056400149401600256 1791.68872 0.5166 0.0184 -4.804 -1.058 0.016 0.019 1.023 9409.3 4.1546 14.566535 0.622839 14.801251 14.178412 "" "" 1746.05054 1848.89197 28075.83026 7.1649 16403.0 14.579 16896.0 10.76 "" "" 0.0027692167748366303 0.0029523347 0.0038421103 0.006794445 192.88115896297 -60.46968381026 1791.68872 -4.804000000000002 -1.0580000000000003 1.0
193.45065678812 -60.30945294326 0.0127 0.0141 3.9101 "" "" 6056783226120038144 1849.62646 0.5004 0.019 -4.731 -1.111 0.016 0.018 0.976 "" "" 14.575912 0.707697 14.838942 14.131245 "" "" 1782.47083 1924.97058 27834.3998 6.472 15843.0 21.617 17647.0 45.179 "" "" 0.0027668614069927336 0.0031590655 0.0046915007 0.007850566 193.45065678812 -60.30945294326 1849.62646 -4.731 -1.1110000000000004 1.0
193.50223227654 -60.37628887544 0.0121 0.0148 2.4805 "" "" 6056779652707571712 2077.28369 0.4448 0.0195 -4.885 -0.968 0.016 0.021 0.933 9180.9 4.0185 14.576189 0.689302 14.83936 14.150059 "" "" 2003.87244 2160.5791 27827.30948 7.1266 15837.0 18.103 17343.0 16.406 "" "" 0.0027693150191941355 0.0030537427 0.003916454 0.006970197 193.50223227654 -60.37628887544 2077.28369 -4.884999999999998 -0.9679999999999997 1.0
193.41883150534 -60.30099196892 0.0135 0.0145 4.3026 "" "" 6056407983423046912 2032.33069 0.4522 0.0202 -4.642 -1.048 0.016 0.019 0.985 9160.7 3.954 14.585264 0.648689 14.83031 14.181621 "" "" 1950.31104 2128.8418 27595.67942 6.2972 15970.0 12.64 16847.0 11.841 "" "" 0.002766437110986763 0.0029195065 0.0038556545 0.0067751613 193.41883150534 -60.30099196892 2032.33069 -4.642 -1.048 0.9
193.20022701823 -60.26581981762 0.0121 0.0143 9.129 "" "" 6056421246283766272 2001.80847 0.4605 0.0197 -4.654 -1.205 0.016 0.018 0.975 "" "" 14.585455 0.668516 14.840624 14.172108 "" "" 1926.47729 2082.323 27590.81862 6.9837 15819.0 8.9937 16995.0 12.037 "" "" 0.0027689915797746083 0.0028576364 0.003856822 0.0067144586 193.20022701823 -60.26581981762 2001.80847 -4.654000000000002 -1.2050000000000005 0.9
193.53633053153 -60.30146794669 0.012 0.0148 5.5156 "" "" 6056783088681105792 2126.60449 0.4355 0.0195 -4.482 -1.197 0.016 0.019 1.023 9714.6 3.942 14.619312 0.689081 14.867659 14.178577 "" "" 2036.68408 2223.57031 26743.71078 7.1773 15430.0 21.9 16894.0 36.81 "" "" 0.0027706846209788892 0.003187433 0.004458723 0.007646156 193.53633053153 -60.30146794669 2126.60449 -4.482000000000002 -1.197 1.0
193.2847218823 -60.35156696895 0.0267 0.0301 4.1787 "" "" 6056408150884253696 1934.65894 0.4791 0.0413 -4.749 -1.342 0.034 0.04 2.06 8752.1 3.5739 14.625823 0.659037 14.864896 14.205859 "" "" 1819.67151 2085.33398 26583.82282 7.8938 15469.0 17.639 16475.0 19.012 "" "" 0.0027741179120488995 0.0030525073 0.003981653 0.00703416 193.2847218823 -60.35156696895 1934.65894 -4.749 -1.3420000000000003 0.9
193.70085871527 -60.55860064665 0.0148 0.0176 13.9265 "" "" 6056022707675096064 1909.95056 0.4968 0.0225 -4.617 -1.069 0.019 0.025 1.143 "" "" 14.626471 0.674286 14.882794 14.208509 "" "" 1820.35913 1993.63171 26567.96779 7.2116 15216.0 10.588 16434.0 14.903 "" "" 0.002771036713990901 0.0028906465 0.003905527 0.0067961738 193.70085871527 -60.55860064665 1909.95056 -4.617 -1.069 1.0
193.40040458857 -60.37835355928 0.0157 0.0182 0.6453 "" "" 6056404478729820032 1962.59741 0.4725 0.0243 -4.786 -0.925 0.019 0.027 1.168 10869.4 4.1918 14.635048 0.698091 14.859779 14.161689 "" "" 1867.33301 2058.31812 26358.92178 8.3452 15542.0 55.07 17159.0 37.614 "" "" 0.0027766793840489335 0.0047523845 0.004466347 0.009218732 193.40040458857 -60.37835355928 1962.59741 -4.785999999999999 -0.9250000000000004 0.9
193.4267335469 -60.38482330169 0.0151 0.0203 0.7634 "" "" 6056404375650421888 2180.30322 0.4194 0.0228 -4.693 -1.048 0.019 0.03 0.995 9568.8 4.1824 14.642625 0.624813 14.862501 14.237688 "" "" 2078.92847 2280.83374 26175.60252 8.623 15503.0 66.673 15999.0 50.209 "" "" 0.002778438281446417 0.0054394933 0.0050885715 0.010528065 193.4267335469 -60.38482330169 2180.30322 -4.692999999999998 -1.048 1.0
193.39771889921 -60.32539841694 0.0139 0.0146 2.9071 "" "" 6056407880343812608 1956.17603 0.4732 0.0202 -4.657 -1.05 0.018 0.021 0.963 9271.2 4.1607 14.644373 0.655357 14.895075 14.239717 "" "" 1878.41992 2023.68945 26133.50249 7.3534 15045.0 21.63 15969.0 16.563 "" "" 0.002772205120436995 0.0031971252 0.003943587 0.0071407123 193.39771889921 -60.32539841694 1956.17603 -4.657 -1.05 0.9
193.28685618609 -60.41543463212 0.0129 0.0151 4.6795 "" "" 6056404100772432640 1824.60095 0.5103 0.0195 -4.695 -1.297 0.016 0.019 1.028 8204.7 4.3212 14.646134 0.710446 14.919025 14.208579 "" "" 1770.573 1889.00867 26091.1458 6.2542 14717.0 15.801 16433.0 11.497 "" "" 0.002767584373321426 0.0030238917 0.0038549628 0.0068788547 193.28685618609 -60.41543463212 1824.60095 -4.695 -1.297 1.0
