Clusters/NGC_4755/NGC_4755_stars_in_region.tsv
# %ECSV 1.0
# ---
# datatype:
# - name: RA_ICRS_1
#   unit: deg
#   datatype: float64
#   format: '{:15.11f}'
#   description: Right ascension (ICRS) at Ep=2016.0 (ra)
#   meta: !!omap
#   - {ucd: POS_EQ_RA_MAIN}
#   - {width: 15}
#   - {precision: '11'}
# - name: DE_ICRS_1
#   unit: deg
#   datatype: float64
#   format: '{:15.11f}'
#   description: Declination (ICRS) at Ep=2016.0 (dec)
#   meta: !!omap
#   - {ucd: POS_EQ_DEC_MAIN}
#   - {width: 15}
#   - {precision: '11'}
# - name: e_RA_ICRS
#   unit: mas
#   datatype: float64
#   format: '{:7.4f}'
#   description: Standard error of right ascension (ra_error)
#   meta: !!omap
#   - {ucd: ERROR}
#   - {width: 7}
#   - {precision: '4'}
# - name: e_DE_ICRS
#   unit: mas
#   datatype: float64
#   format: '{:7.4f}'
#   description: Standard error of declination (dec_error)
#   meta: !!omap
#   - {ucd: ERROR}
#   - {width: 7}
#   - {precision: '4'}
# - name: _r_1
#   unit: ''
#   datatype: float64
#   format: '{:7.4f}'
#   description: Distance from center (193.41891685000-60.37270118000)[ICRS], at Epoch=J2016.0
#   meta: !!omap
#   - {ucd: POS_ANG_DIST_GENERAL}
#   - {width: 7}
#   - {precision: '4'}
# - name: HIP
#   datatype: int32
#   description: '? HIP cross-id number, van Leeuwen, Cat. I/311 (hip_original_ext_source_id)'
#   meta: !!omap
#   - {ucd: ID_NUMBER}
#   - {width: 6}
#   - values: {'null': -2147483648}
# - name: TYC2
#   datatype: string
#   description: Tycho-2 cross-id name, Hog et al., Cat. I/259 (tyc2_original_ext_source_id)
#   meta: !!omap
#   - {ucd: ID_CROSSID}
#   - {_votable_string_dtype: char}
# - name: Source
#   datatype: int64
#   description: Source identifier, identical to the Gaia-EDR3 source_id (id)
#   meta: !!omap
#   - {ucd: ID_MAIN}
#   - {width: 19}
# - name: rgeo
#   unit: pc
#   datatype: float64
#   format: '{:15.8f}'
#   description: '? Median of the geometric distance posterior (r_med_geo)'
#   meta: !!omap
#   - {ucd: PHYS_DISTANCE_TRUE}
#   - {width: 15}
#   - {precision: '8'}
#   - values: {'null': .nan}
# - name: Plx
#   unit: mas
#   datatype: float64
#   format: '{:9.4f}'
#   description: '? Parallax (parallax)'
#   meta: !!omap
#   - {ucd: POS_PARLX_TRIG}
#   - {width: 9}
#   - {precision: '4'}
#   - values: {'null': .nan}
# - name: e_Plx
#   unit: mas
#   datatype: float32
#   format: '{:7.4f}'
#   description: '? Standard error of parallax (parallax_error)'
#   meta: !!omap
#   - {ucd: ERROR}
#   - {width: 7}
#   - {precision: '4'}
#   - values: {'null': .nan}
# - name: pmRA
#   unit: mas / yr
#   datatype: float64
#   format: '{:9.3f}'
#   description: '? Proper motion in right ascension direction, pmRA*cosDE (pmra)'
#   meta: !!omap
#   - {ucd: POS_EQ_PMRA}
#   - {width: 9}
#   - {precision: '3'}
#   - values: {'null': .nan}
# - name: pmDE
#   unit: mas / yr
#   datatype: float64
#   format: '{:9.3f}'
#   description: '? Proper motion in declination direction (pmdec)'
#   meta: !!omap
#   - {ucd: POS_EQ_PMDEC}
#   - {width: 9}
#   - {precision: '3'}
#   - values: {'null': .nan}
# - name: e_pmRA
#   unit: mas / yr
#   datatype: float32
#   format: '{:6.3f}'
#   description: '? Standard error of proper motion in right ascension direction (pmra_error)'
#   meta: !!omap
#   - {ucd: ERROR}
#   - {width: 6}
#   - {precision: '3'}
#   - values: {'null': .nan}
# - name: e_pmDE
[...]
#         unit: &id001 !astropy.units.Unit {unit: deg}
#         value: !astropy.table.SerializedColumn {name: SkyCoord.dec}
#       distance: !astropy.table.SerializedColumn
#         __class__: astropy.coordinates.distances.Distance
#         unit: !astropy.units.Unit {unit: pc}
#         value: !astropy.table.SerializedColumn {name: SkyCoord.distance}
#       frame: icrs
#       obstime: !astropy.time.Time {format: jyear_str, in_subfmt: '*', jd1: 367701545.0, jd2: 0.0, out_subfmt: '*', precision: 3, scale: tt}
#       pm_dec: !astropy.table.SerializedColumn
#         __class__: astropy.units.quantity.Quantity
#         unit: !astropy.units.Unit {unit: mas / yr}
#         value: !astropy.table.SerializedColumn {name: SkyCoord.pm_dec}
#       pm_ra_cosdec: !astropy.table.SerializedColumn
#         __class__: astropy.units.quantity.Quantity
#         unit: !astropy.units.Unit {unit: mas / yr}
#         value: !astropy.table.SerializedColumn {name: SkyCoord.pm_ra_cosdec}
#       ra: !astropy.table.SerializedColumn
#         __class__: astropy.coordinates.angles.Longitude
#         unit: *id001
#         value: !astropy.table.SerializedColumn {name: SkyCoord.ra}
#         wrap_angle: !astropy.coordinates.Angle
#           unit: *id001
#           value: 360.0
#       representation_type: spherical
# schema: astropy-2.0
RA_ICRS_1 DE_ICRS_1 e_RA_ICRS e_DE_ICRS _r_1 HIP TYC2 Source rgeo Plx e_Plx pmRA pmDE e_pmRA e_pmDE RUWE Teff logg Gmag BP-RP BPmag RPmag RV e_RV b_rgeo B_rgeo FG e_FG FBP e_FBP FRP e_FRP RAVE5 RAVE6 e_Gmag e_BPmag e_RPmag e_BP-RP SkyCoord.ra SkyCoord.dec SkyCoord.distance SkyCoord.pm_ra_cosdec SkyCoord.pm_dec
[from data line 239]
192.90312012053 -60.34003686812 0.0099 0.0112 15.4318 "" "" 6056419352158801920 1988.65125 0.4756 0.0152 -4.744 -1.026 0.013 0.016 0.948 "" "" 12.909599 0.400086 13.051242 12.651155 "" "" 1942.05701 2039.23364 129153.78376 67.978 82209.0 141.95 68976.0 100.64 "" "" 0.0028139572600221216 0.0033615006 0.0040979586 0.007459459 192.90312012053 -60.34003686812 1988.65125 -4.744 -1.0259999999999998
192.92987692453 -60.39354260009 0.0091 0.0106 14.5547 "" "" 6056418256986830592 1817.46057 0.5408 0.0138 -7.678 -0.136 0.012 0.015 0.969 "" "" 12.914024 1.507522 13.609562 12.10204 -52.01 0.56 1756.70679 1868.79773 128628.45555 17.082 49158.0 31.553 114380.0 31.418 "" "" 0.0027590902996893684 0.0028758857 0.0037911301 0.006667016 192.92987692453 -60.39354260009 1817.46057 -7.678 -0.13600000000000007
193.43595725104 -60.37559001371 0.0171 0.0204 0.5343 "" "" 6056404581775514624 2050.20361 0.4579 0.0265 -4.766 -0.821 0.022 0.026 1.374 "" "" 12.915061 0.379769 13.029844 12.650075 "" "" 1946.55908 2167.2749 128505.7169 37.067 83845.0 257.99 69044.0 132.66 "" "" 0.0027730613026333696 0.0043526967 0.0043168976 0.008669594 193.43595725104 -60.37559001371 2050.20361 -4.765999999999999 -0.8209999999999997
193.84167281386 -60.5871297688 0.0101 0.0132 17.9368 "" "" 6056009960210963328 2149.8457 0.4353 0.0171 -4.17 -1.844 0.015 0.018 0.961 "" "" 12.918739 0.503686 13.103764 12.600078 "" "" 2086.74268 2216.72412 128071.06097 23.507 78327.0 39.829 72298.0 30.564 "" "" 0.0027625175409826917 0.0028442668 0.0038071517 0.0066514183 193.84167281386 -60.5871297688 2149.8457 -4.17 -1.8439999999999999
193.47950994025 -60.44729691312 0.0102 0.0122 4.8224 "" "" 6055652618918986240 2025.50952 0.4664 0.0156 -4.714 -1.145 0.013 0.016 0.896 "" "" 12.922626 0.354773 13.045167 12.690394 "" "" 1956.48608 2078.43872 127613.33334 24.769 82670.0 40.57 66527.0 38.559 "" "" 0.0027633672664644482 0.002840589 0.0038314143 0.0066720033 193.47950994025 -60.44729691312 2025.50952 -4.714 -1.145
193.39206609117 -60.39592739116 0.0119 0.0157 1.605 "" "" 6056404268237674752 1846.78064 0.5067 0.0201 -4.628 -1.081 0.016 0.022 1.029 "" "" 12.925896 0.476795 13.098807 12.622012 "" "" 1786.65491 1927.9425 127229.64679 32.209 78685.0 49.614 70852.0 37.669 "" "" 0.002768995847063651 0.0028729297 0.0038232098 0.0066961395 193.39206609117 -60.39592739116 1846.78064 -4.628 -1.081
193.71903028119 -60.52570810178 0.0105 0.0121 12.773 "" "" 6056023012574116224 2004.40222 0.4732 0.0167 -4.848 -1.237 0.014 0.017 0.901 "" "" 12.933147 0.353457 13.040426 12.686969 "" "" 1934.03198 2107.01025 126382.69584 25.306 83032.0 144.21 66738.0 155.0 "" "" 0.0027638835551634694 0.003367631 0.0045433897 0.007911021 193.71903028119 -60.52570810178 2004.40222 -4.848 -1.237
193.4595447614 -60.71216358877 0.011 0.0124 20.403 "" "" 6055634202097797760 2024.1311 0.465 0.0166 -3.836 -0.101 0.014 0.017 1.004 10824.8 3.9294 12.948155 0.391011 13.08825 12.697239 "" "" 1965.92529 2079.64526 124647.75209 26.771 79454.0 40.005 66109.0 20.518 "" "" 0.002765170086474216 0.0028432186 0.0037943749 0.0066375937 193.4595447614 -60.71216358877 2024.1311 -3.836 -0.10100000000000003
193.58826506396 -60.2761095795 0.0289 0.0329 7.6742 "" "" 6056783500998004096 2002.02759 0.5009 0.0458 -11.351 -0.612 0.038 0.041 3.122 "" "" 12.956607 0.953359 13.340938 12.387579 "" "" 1844.29614 2244.70361 123681.29628 24.287 62957.0 31.27 87928.0 25.248 "" "" 0.0027635566031167453 0.0028418063 0.0037922186 0.006634025 193.58826506396 -60.2761095795 2002.02759 -11.351000000000003 -0.6120000000000004
193.46102451455 -60.35611824719 0.0152 0.0165 1.5971 "" "" 6056404616168635520 1870.45203 0.506 0.0228 -4.594 -1.06 0.019 0.022 1.328 12682.4 3.862 12.957423 0.428477 13.085467 12.65699 "" "" 1802.07336 1932.26038 123588.37414 38.172 79658.0 151.52 68606.0 134.56 "" "" 0.0027756522753397406 0.003471333 0.0043380302 0.0078093633 193.46102451455 -60.35611824719 1870.45203 -4.594 -1.06
193.51873820038 -60.31738747795 0.0093 0.0115 4.4493 "" "" 6056780129407916160 1825.42334 0.5316 0.0153 -8.078 0.349 0.013 0.015 1.02 4750.8 2.4936 12.963938 1.742297 13.806495 12.064198 -0.35 0.42 1775.2124 1870.45752 122848.98847 17.235 41003.0 29.257 118430.0 36.724 "" "" 0.0027595274133577954 0.0028957247 0.003794348 0.006690073 193.51873820038 -60.31738747795 1825.42334 -8.078 0.34900000000000003
193.49671573583 -60.33552927605 0.0357 0.0961 3.2102 "" "" 6056780030629135872 1613.33484 0.6225 0.0672 -5.977 -1.666 0.062 0.11 2.143 "" "" 12.966459 "" "" "" -70.8 6.34 1441.16345 1794.97583 122564.06857 336.08 "" "" "" "" "" "" 0.004056517818169049 "" "" "" 193.49671573583 -60.33552927605 1613.33484 -5.977 -1.666
193.34166177849 -60.41693104651 0.0099 0.012 3.5052 "" "" 6056403860254271104 1915.79675 0.4913 0.0154 -4.591 -1.234 0.014 0.015 0.899 "" "" 12.966699 0.372055 13.09783 12.725775 "" "" 1871.29077 1978.36096 122537.01781 32.337 78756.0 37.03 64394.0 29.825 "" "" 0.0027701775742337786 0.0028364866 0.0038126905 0.006649177 193.34166177849 -60.41693104651 1915.79675 -4.591000000000001 -1.2340000000000004
193.37806920899 -60.63031424902 0.0131 0.0147 15.5038 "" "" 6055647361878786944 2184.83887 0.4256 0.0209 -4.625 -1.139 0.018 0.018 1.181 "" "" 12.968422 0.431039 13.121875 12.690836 "" "" 2094.12036 2291.77881 122342.67768 26.932 77031.0 29.442 66500.0 22.142 "" "" 0.0027656671669463754 0.0028208608 0.0037966322 0.006617493 193.37806920899 -60.63031424902 2184.83887 -4.624999999999999 -1.139
193.45380984423 -60.65815819163 0.0105 0.012 17.1584 "" "" 6055646296726858880 1865.74963 0.5069 0.0166 -5.702 -0.939 0.014 0.015 1.038 "" "" 12.970482 0.439097 13.127808 12.68871 "" "" 1809.38818 1927.15637 122110.80182 23.884 76611.0 30.43 66631.0 23.504 "" "" 0.0027634918351347668 0.0028233011 0.003798738 0.006622039 193.45380984423 -60.65815819163 1865.74963 -5.702000000000001 -0.9389999999999998
192.83160007245 -60.15582649329 0.0105 0.0126 21.7903 "" "" 6056472133061054848 1752.54175 0.5505 0.0163 -8.488 -0.152 0.014 0.018 1.115 "" "" 12.97126 1.846071 13.87978 12.033709 22.08 0.79 1690.39343 1809.37305 122023.32636 18.703 38327.0 21.457 121810.0 25.193 "" "" 0.0027603411719258073 0.0028556115 0.003786047 0.0066416585 192.83160007245 -60.15582649329 1752.54175 -8.488000000000003 -0.1520000000000003
193.67170415123 -60.69570178716 0.0101 0.012 20.7665 "" "" 6056008929418972800 1947.5022 0.4856 0.0167 -4.613 -1.414 0.014 0.017 0.952 "" "" 12.971309 0.346798 13.091175 12.744377 "" "" 1881.55603 2018.72168 122017.82718 66.365 79240.0 118.92 63301.0 87.263 "" "" 0.002817891426595581 0.003231111 0.004064964 0.007296075 193.67170415123 -60.69570178716 1947.5022 -4.6129999999999995 -1.414
193.3257607512 -60.34199277933 0.0085 0.0099 3.3222 "" "" 6056407811624308480 2014.005 0.4613 0.0135 -4.74 -0.946 0.011 0.013 0.909 7193.6 3.6646 13.002682 0.41614 13.150206 12.734066 "" "" 1960.53125 2074.69556 118542.47998 31.121 75047.0 34.262 63905.0 26.185 "" "" 0.0027700246339781662 0.0028338577 0.0038054755 0.0066393334 193.3257607512 -60.34199277933 2014.005 -4.739999999999999 -0.9460000000000001
193.59658051928 -60.70173079528 0.0101 0.0109 20.4261 "" "" 6055633858500363008 1863.13208 0.5078 0.0157 -7.135 -1.87 0.013 0.014 0.99 "" "" 13.013564 0.88614 13.368566 12.482426 "" "" 1813.73999 1917.20569 117360.30337 22.175 61375.0 52.836 80573.0 34.767 "" "" 0.002762946794869583 0.0029425626 0.0038083082 0.0067508705 193.59658051928 -60.70173079528 1863.13208 -7.135000000000001 -1.8700000000000006
193.13676659377 -60.7036929523 0.0081 0.0092 21.5343 "" "" 6055645364689535616 2221.32275 0.4242 0.0124 -7.417 1.416 0.011 0.012 0.972 5074.5 2.7755 13.033234 1.447966 13.694345 12.24638 -44.67 0.84 2158.40234 2291.9165 115253.23236 26.216 45465.0 37.328 100140.0 71.765 "" "" 0.002766366160891381 0.0029291082 0.0038586461 0.0067877546 193.13676659377 -60.7036929523 2221.32275 -7.416999999999999 1.415999999999999
193.51664597731 -60.00026453011 0.0072 0.0086 22.5356 "" "" 6056802501934869760 1612.99377 0.5937 0.0116 -11.909 0.183 0.009 0.011 1.06 5021.3 2.9074 13.035097 1.721166 13.861618 12.140452 -24.28 0.7 1576.5647 1646.5769 115055.61249 13.889 38974.0 17.95 110400.0 28.006 "" "" 0.00275843569735061 0.0028346248 0.0037894046 0.0066240295 193.51664597731 -60.00026453011 1612.99377 -11.909000000000002 0.18300000000000058
193.43770756706 -60.36857736289 0.0083 0.0101 0.6098 "" "" 6056404616168616192 2011.76538 0.4625 0.0139 -4.556 -1.322 0.011 0.013 0.94 7147.2 3.4428 13.03965 0.407465 13.183997 12.776532 "" "" 1954.81165 2077.81714 114574.22042 40.278 72748.0 47.259 61453.0 48.152 "" "" 0.002781631351695738 0.002877938 0.003873949 0.006751887 193.43770756706 -60.36857736289 2011.76538 -4.556 -1.3219999999999996
193.11735184617 -60.32358365786 0.008 0.009 9.4242 "" "" 6056418871122660608 1801.55054 0.5321 0.0126 -10.322 -0.579 0.01 0.012 1.007 5050.3 2.8604 13.044275 1.64954 13.82623 12.17669 -3.48 0.68 1761.68408 1835.92053 114087.15512 17.668 40265.0 24.483 106780.0 37.896 "" "" 0.0027604457914427124 0.0028672083 0.003798974 0.0066661825 193.11735184617 -60.32358365786 1801.55054 -10.322 -0.579
193.22036142039 -60.29686424421 0.008 0.0093 7.4479 "" "" 6056420215491567488 1960.52869 0.4753 0.0125 -4.735 -1.102 0.01 0.012 0.932 "" "" 13.046032 0.461164 13.211451 12.750287 "" "" 1913.56763 2007.89343 113902.68449 70.067 70931.0 107.88 62957.0 96.64 "" "" 0.0028351127485392374 0.0032422028 0.0041305395 0.0073727425 193.22036142039 -60.29686424421 1960.52869 -4.734999999999999 -1.102
193.51409459371 -60.53756795075 0.0077 0.009 10.285 "" "" 6055651175809996288 1702.41138 0.5525 0.0119 -5.62 0.385 0.01 0.012 0.96 "" "" 13.046766 0.621704 13.278254 12.656549 "" "" 1671.90747 1739.33191 113825.70513 28.173 66698.0 28.194 68634.0 22.835 "" "" 0.002768394032514669 0.0028276644 0.0037966059 0.00662427 193.51409459371 -60.53756795075 1702.41138 -5.619999999999998 0.3850000000000001
194.03301535569 -60.39165479486 0.0076 0.0095 18.2451 "" "" 6056025353375250048 1869.62329 0.4988 0.0122 -4.01 -0.699 0.01 0.012 0.966 "" "" 13.055378 0.436972 13.205077 12.768106 "" "" 1831.05847 1909.06482 112926.3743 30.297 71349.0 27.898 61932.0 36.201 "" "" 0.0027706750871294363 0.0028222818 0.003832297 0.0066545787 194.03301535569 -60.39165479486 1869.62329 -4.01 -0.6989999999999997
193.79934459835 -60.49423851358 0.0075 0.0099 13.4175 "" "" 6056023154351791488 1972.61365 0.4754 0.0121 -7.927 -0.079 0.01 0.013 0.824 "" "" 13.057405 0.688143 13.320254 12.632112 "" "" 1913.88147 2023.1012 112715.79989 23.556 64167.0 38.036 70196.0 27.791 "" "" 0.0027646472764647294 0.0028634337 0.0038037477 0.0066671814 193.79934459835 -60.49423851358 1972.61365 -7.9270000000000005 -0.07900000000000006
193.35877108568 -60.57427413374 0.0076 0.0097 12.2244 "" "" 6055650660413768832 1664.6001 0.568 0.0122 -16.192 -1.214 0.011 0.013 0.971 "" "" 13.059234 1.554913 13.780584 12.225672 87.4 0.66 1623.64526 1698.6781 112526.11748 15.204 41994.0 23.211 102070.0 41.545 "" "" 0.002759222746707068 0.002853976 0.003805131 0.0066591073 193.35877108568 -60.57427413374 1664.6001 -16.192 -1.2140000000000006
193.51342458006 -60.40034723534 0.0108 0.0134 3.2562 "" "" 6056778823737824384 1916.26672 0.4864 0.017 -4.71 -0.973 0.015 0.018 1.357 7026.5 3.5828 13.064356 0.439786 13.21986 12.780074 "" "" 1852.48279 1982.06824 111996.5023 48.908 70384.0 106.74 61253.0 56.975 "" "" 0.0027958167070343963 0.003239785 0.0039119865 0.0071517713 193.51342458006 -60.40034723534 1916.26672 -4.710000000000001 -0.9730000000000002
193.78542798307 -60.26468003142 0.0077 0.0091 12.6721 "" "" 6056781989169559296 1841.91113 0.5084 0.0125 -4.609 -0.733 0.01 0.012 0.919 "" "" 13.067725 0.551457 13.268736 12.717279 "" "" 1802.76111 1883.70618 111649.48223 26.329 67286.0 29.099 64900.0 18.886 "" "" 0.002767190654154352 0.002829403 0.0037925653 0.006621968 193.78542798307 -60.26468003142 1841.91113 -4.608999999999998 -0.7329999999999998
193.49433169665 -60.62844425738 0.0079 0.009 15.5055 "" "" 6055646915202204928 1677.151 0.561 0.0126 -5.439 -0.877 0.011 0.012 0.962 "" "" 13.071177 0.683748 13.330192 12.646443 "" "" 1641.90735 1710.70007 111295.03154 21.83 63583.0 30.783 69276.0 27.644 "" "" 0.002763537994498787 0.0028392521 0.003804134 0.006643386 193.49433169665 -60.62844425738 1677.151 -5.439 -0.877
193.4239193406 -60.37881821317 0.0087 0.0124 0.3959 "" "" 6056404581775485824 2062.04468 0.4447 0.0143 -4.76 -1.1 0.012 0.021 1.016 "" "" 13.071266 0.390153 13.20523 12.815077 "" "" 2010.76648 2122.73901 111285.96392 39.996 71339.0 115.1 59310.0 56.101 "" "" 0.0027828141682528225 0.0032944928 0.003916432 0.007210925 193.4239193406 -60.37881821317 2062.04468 -4.759999999999999 -1.1000000000000003
193.1151138919 -60.51014082155 0.0076 0.0091 12.2009 "" "" 6056402039188369152 1783.1759 0.5221 0.0116 -4.025 -0.039 0.01 0.013 0.985 "" "" 13.08778 0.487809 13.263836 12.776027 "" "" 1753.12378 1820.31482 109606.13414 33.112 67590.0 36.463 61482.0 32.736 "" "" 0.002774774565931081 0.0028509863 0.0038233395 0.006674326 193.1151138919 -60.51014082155 1783.1759 -4.0249999999999995 -0.03899999999999994
193.39357466692 -60.36020462314 0.008 0.0107 1.0618 "" "" 6056407498053082112 1906.7478 0.4868 0.0125 -4.84 -0.96 0.011 0.015 0.911 7493.9 3.8689 13.099865 0.393969 13.232634 12.838665 "" "" 1851.71021 1960.1394 108392.90116 62.613 69561.0 155.23 58035.0 103.57 "" "" 0.002825798373449228 0.003695329 0.0042471276 0.007942457 193.39357466692 -60.36020462314 1906.7478 -4.839999999999999 -0.9599999999999995
193.47110885084 -60.36581757071 0.0102 0.0114 1.6024 "" "" 6056779721426665728 2106.38525 0.4397 0.0157 -4.827 -1.2 0.012 0.014 1.093 6904.2 3.5407 13.101238 0.466998 13.220175 12.753177 "" "" 2049.47021 2171.2876 108255.82572 60.115 70363.0 474.91 62790.0 671.32 "" "" 0.002820513344963761 0.007841305 0.012207912 0.020049218 193.47110885084 -60.36581757071 2106.38525 -4.827000000000001 -1.2
193.78172025883 -60.27428209588 0.0079 0.0093 12.2892 "" "" 6056781233255301760 1770.57239 0.5308 0.0127 -6.961 -1.389 0.01 0.012 0.99 "" "" 13.106575 1.803865 13.987358 12.183493 -14.34 0.81 1724.42847 1812.31738 107725.08568 16.479 34712.0 28.973 106110.0 31.822 "" "" 0.002760321472841508 0.0029336496 0.003793382 0.0067270314 193.78172025883 -60.27428209588 1770.57239 -6.961 -1.3890000000000002
193.47143850941 -60.35685362742 0.0094 0.0101 1.8254 "" "" 6056779923256304000 1940.24146 0.4759 0.0142 -4.367 -1.074 0.011 0.013 1.068 "" "" 13.109474 0.519611 13.289206 12.769594 "" "" 1887.36438 1992.22412 107437.82992 34.094 66029.0 198.78 61847.0 123.48 "" "" 0.0027767787391113612 0.0042975363 0.004356916 0.008654453 193.47143850941 -60.35685362742 1940.24146 -4.367 -1.0740000000000003
192.8438053335 -60.16167841622 0.0081 0.0099 21.2882 "" "" 6056472064341578368 2039.47754 0.4546 0.0128 -5.735 -0.114 0.011 0.014 0.969 7911.7 3.4027 13.10974 0.943562 13.490057 12.546495 "" "" 1982.37378 2091.82861 107411.47807 23.221 54877.0 34.354 75956.0 35.599 "" "" 0.0027652999853107763 0.002871764 0.003813485 0.0066852486 192.8438053335 -60.16167841622 2039.47754 -5.735 -0.1140000000000001
193.76321109204 -60.07325532498 0.0074 0.009 20.6894 "" "" 6056799169040155264 1602.96875 0.591 0.0119 -3.352 -1.493 0.01 0.012 0.997 4909.9 2.9343 13.112551 1.681338 13.914681 12.233343 -2.61 0.85 1573.78674 1634.89087 107133.77164 14.088 37115.0 19.637 101350.0 23.923 "" "" 0.002759016789597099 0.0028486904 0.0037880612 0.006636752 193.76321109204 -60.07325532498 1602.96875 -3.352 -1.4930000000000003
