Clusters/Collinder_69/Collinder_69_stars_in_region.tsv
# %ECSV 1.0
# ---
# datatype:
# - name: RA_ICRS_1
#   unit: deg
#   datatype: float64
#   format: '{:15.11f}'
#   description: Right ascension (ICRS) at Ep=2016.0 (ra)
#   meta: !!omap
#   - {ucd: POS_EQ_RA_MAIN}
#   - {width: 15}
#   - {precision: '11'}
# - name: DE_ICRS_1
#   unit: deg
#   datatype: float64
#   format: '{:15.11f}'
#   description: Declination (ICRS) at Ep=2016.0 (dec)
#   meta: !!omap
#   - {ucd: POS_EQ_DEC_MAIN}
#   - {width: 15}
#   - {precision: '11'}
# - name: e_RA_ICRS
#   unit: mas
#   datatype: float64
#   format: '{:7.4f}'
#   description: Standard error of right ascension (ra_error)
#   meta: !!omap
#   - {ucd: ERROR}
#   - {width: 7}
#   - {precision: '4'}
# - name: e_DE_ICRS
#   unit: mas
#   datatype: float64
#   format: '{:7.4f}'
#   description: Standard error of declination (dec_error)
#   meta: !!omap
#   - {ucd: ERROR}
#   - {width: 7}
#   - {precision: '4'}
# - name: _r_1
#   unit: ''
#   datatype: float64
#   format: '{:8.4f}'
#   description: Distance from center (083.76610690000+09.84909478000)[ICRS], at Epoch=J2016.0
#   meta: !!omap
#   - {ucd: POS_ANG_DIST_GENERAL}
#   - {width: 8}
#   - {precision: '4'}
# - name: HIP
#   datatype: int32
#   description: '? HIP cross-id number, van Leeuwen, Cat. I/311 (hip_original_ext_source_id)'
#   meta: !!omap
#   - {ucd: ID_NUMBER}
#   - {width: 6}
#   - values: {'null': -2147483648}
# - name: TYC2
#   datatype: string
#   description: Tycho-2 cross-id name, Hog et al., Cat. I/259 (tyc2_original_ext_source_id)
#   meta: !!omap
#   - {ucd: ID_CROSSID}
#   - {_votable_string_dtype: char}
# - name: Source
#   datatype: int64
#   description: Source identifier, identical to the Gaia-EDR3 source_id (id)
#   meta: !!omap
#   - {ucd: ID_MAIN}
#   - {width: 19}
# - name: rgeo
#   unit: pc
#   datatype: float64
#   format: '{:15.8f}'
#   description: '? Median of the geometric distance posterior (r_med_geo)'
#   meta: !!omap
#   - {ucd: PHYS_DISTANCE_TRUE}
#   - {width: 15}
#   - {precision: '8'}
#   - values: {'null': .nan}
# - name: Plx
#   unit: mas
#   datatype: float64
#   format: '{:9.4f}'
#   description: '? Parallax (parallax)'
#   meta: !!omap
#   - {ucd: POS_PARLX_TRIG}
#   - {width: 9}
#   - {precision: '4'}
#   - values: {'null': .nan}
# - name: e_Plx
#   unit: mas
#   datatype: float32
#   format: '{:7.4f}'
#   description: '? Standard error of parallax (parallax_error)'
#   meta: !!omap
#   - {ucd: ERROR}
#   - {width: 7}
#   - {precision: '4'}
#   - values: {'null': .nan}
# - name: pmRA
#   unit: mas / yr
#   datatype: float64
#   format: '{:9.3f}'
#   description: '? Proper motion in right ascension direction, pmRA*cosDE (pmra)'
#   meta: !!omap
#   - {ucd: POS_EQ_PMRA}
#   - {width: 9}
#   - {precision: '3'}
#   - values: {'null': .nan}
# - name: pmDE
#   unit: mas / yr
#   datatype: float64
#   format: '{:9.3f}'
#   description: '? Proper motion in declination direction (pmdec)'
#   meta: !!omap
#   - {ucd: POS_EQ_PMDEC}
#   - {width: 9}
#   - {precision: '3'}
#   - values: {'null': .nan}
# - name: e_pmRA
#   unit: mas / yr
#   datatype: float32
#   format: '{:6.3f}'
#   description: '? Standard error of proper motion in right ascension direction (pmra_error)'
#   meta: !!omap
#   - {ucd: ERROR}
#   - {width: 6}
#   - {precision: '3'}
#   - values: {'null': .nan}
# - name: e_pmDE
[...]
#         value: !astropy.table.SerializedColumn {name: SkyCoord.dec}
#       distance: !astropy.table.SerializedColumn
#         __class__: astropy.coordinates.distances.Distance
#         unit: !astropy.units.Unit {unit: pc}
#         value: !astropy.table.SerializedColumn {name: SkyCoord.distance}
#       frame: icrs
#       obstime: !astropy.time.Time {format: jyear_str, in_subfmt: '*', jd1: 367701545.0, jd2: 0.0, out_subfmt: '*', precision: 3, scale: tt}
#       pm_dec: !astropy.table.SerializedColumn
#         __class__: astropy.units.quantity.Quantity
#         unit: !astropy.units.Unit {unit: mas / yr}
#         value: !astropy.table.SerializedColumn {name: SkyCoord.pm_dec}
#       pm_ra_cosdec: !astropy.table.SerializedColumn
#         __class__: astropy.units.quantity.Quantity
#         unit: !astropy.units.Unit {unit: mas / yr}
#         value: !astropy.table.SerializedColumn {name: SkyCoord.pm_ra_cosdec}
#       ra: !astropy.table.SerializedColumn
#         __class__: astropy.coordinates.angles.Longitude
#         unit: *id001
#         value: !astropy.table.SerializedColumn {name: SkyCoord.ra}
#         wrap_angle: !astropy.coordinates.Angle
#           unit: *id001
#           value: 360.0
#       representation_type: spherical
# schema: astropy-2.0
RA_ICRS_1 DE_ICRS_1 e_RA_ICRS e_DE_ICRS _r_1 HIP TYC2 Source rgeo Plx e_Plx pmRA pmDE e_pmRA e_pmDE RUWE Teff logg Gmag BP-RP BPmag RPmag RV e_RV b_rgeo B_rgeo FG e_FG FBP e_FBP FRP e_FRP RAVE5 RAVE6 e_Gmag e_BPmag e_RPmag e_BP-RP SkyCoord.ra SkyCoord.dec SkyCoord.distance SkyCoord.pm_ra_cosdec SkyCoord.pm_dec rmRA rmDE e_rmRA e_rmDE rRV e_rRV v_pec v_pec3d e_vpec e_vpec3d
[from data line 1955]
85.63514260949 9.57300867915 0.0566 0.0422 111.7694 "" "" 3336370250968703488 369.083344 2.6773 0.0737 1.771 -1.981 0.078 0.048 1.721 3525.2 4.1179 15.670345 2.820005 17.249096 14.429091 "" "" 359.001892 378.22171 10158.01034 15.768 1721.0 27.413 13413.0 42.777 "" "" 0.003229895012479478 0.01751781 0.0051257857 0.022643596 85.63514260949 9.57300867915 369.083344 1.7710000000000001 -1.9810000000000019 0.6526349506378173 0.09018821144103994 0.55042183 0.52042186 "" "" 1.1526058495264817 "" 0.6337888146563139 ""
85.97130436528 10.8186105148 0.0316 0.0248 142.5708 "" "" 3336977490624805376 444.307831 2.2004 0.045 0.52 -11.662 0.042 0.029 1.055 4587.8 4.6128 15.670536 1.722771 16.497467 14.774696 "" "" 436.595093 452.580597 10156.22743 3.8215 3439.0 10.596 9756.2 13.395 "" "" 0.0027854420748962285 0.004356148 0.004062742 0.00841889 85.97130436528 10.8186105148 444.307831 0.52 -11.661999999999999 -0.5983650493621826 -9.59081178855896 0.5144219 0.50142187 "" "" 20.237705387350797 "" 10.148661318996739 ""
85.77822120192 9.7303870815 0.0399 0.0288 119.1817 "" "" 3336465805401439744 387.856079 2.5404 0.0465 1.863 -2.196 0.052 0.033 1.108 6016.3 4.55 15.671222 2.048261 16.36402 14.315759 "" "" 380.513733 392.985565 10149.81463 141.8 3888.7 226.05 14889.0 303.28 "" "" 0.015416711229064718 0.063175455 0.022436403 0.08561186 85.77822120192 9.7303870815 387.856079 1.8629999999999982 -2.1959999999999975 0.7446349506378174 -0.12481178855896014 0.5244219 0.5054219 "" "" 1.3880621786776282 "" 0.7272221771536108 ""
82.27950297317 9.29921839847 0.0533 0.0441 93.9378 "" "" 3338026424717551616 404.133942 2.4245 0.0711 8.944 -5.621 0.062 0.048 1.677 4324.2 4.6364 15.675092 1.851773 16.58554 14.733768 "" "" 393.945618 413.18399 10113.70163 3.5794 3171.0 11.161 10131.0 13.779 "" "" 0.0027819857349885087 0.004731673 0.004057628 0.008789301 82.27950297317 9.29921839847 404.133942 8.944 -5.621 7.825634950637818 -3.5498117885589604 0.53442186 0.52042186 "" "" 16.460938366320253 "" 8.758187385136216 ""
83.43533383392 9.04475284687 0.0347 0.0264 52.0801 "" "" 3337782023898351104 450.608429 2.1854 0.0428 5.719 -21.03 0.042 0.029 1.005 4456.5 4.5887 15.675205 1.725817 16.506042 14.780226 "" "" 442.134308 459.276581 10112.64441 3.5323 3411.9 7.8897 9706.6 13.741 "" "" 0.0027812972451100003 0.0037534623 0.004079965 0.007833427 83.43533383392 9.04475284687 450.608429 5.719000000000003 -21.029999999999998 4.600634950637818 -18.95881178855896 0.5144219 0.50142187 "" "" 41.66903150594958 "" 20.924256500037863 ""
83.55586706396 12.02638513824 0.0308 0.0234 131.2231 "" "" 3340768434918993536 364.031586 2.6985 0.0369 -2.7 9.767 0.038 0.026 0.993 4301.6 4.6537 15.676091 1.790072 16.546902 14.756829 "" "" 359.20224 369.874512 10104.3947 3.8901 3285.9 12.067 9918.1 12.028 "" "" 0.002786846280548684 0.0048665088 0.00400218 0.008868689 83.55586706396 12.02638513824 364.031586 -2.6999999999999966 9.767 -3.818365049362183 11.83818821144104 0.5104219 0.49842185 "" "" 21.463191644985635 "" 10.722258107282878 ""
83.76187483629 11.91220166575 0.0328 0.0253 123.7867 "" "" 3340716414275399040 382.460388 2.5644 0.0367 12.822 -23.806 0.043 0.029 0.99 "" "" 15.677089 1.748403 16.525066 14.776663 "" "" 376.680756 387.310272 10095.11591 3.5649 3352.7 8.0306 9738.5 12.996 "" "" 0.002781868171405029 0.0038142228 0.0040476006 0.007861823 83.76187483629 11.91220166575 382.460388 12.822000000000013 -23.805999999999997 11.703634950637817 -21.73481178855896 0.51542187 0.50142187 "" "" 44.75152846258639 "" 22.581738299275884 ""
84.41807300395 8.90862763058 0.0323 0.0259 68.3642 "" "" 3334808424763537792 390.789795 2.5122 0.0402 1.245 -2.443 0.043 0.03 1.09 3642.5 4.0316 15.679329 2.379265 16.93951 14.560246 "" "" 384.328888 396.208893 10074.30388 13.076 2288.8 19.87 11887.0 46.567 "" "" 0.003094792335793089 0.009830013 0.0056898724 0.015519885 84.41807300395 8.90862763058 390.789795 1.2450000000000003 -2.443 0.1266349506378175 -0.37181178855896 0.51542187 0.50242186 "" "" 0.7275736423444448 "" 0.36654340998624146 ""
85.82596412741 9.52620227285 0.031 0.0237 123.3594 "" "" 3336180924514673792 352.160248 2.7957 0.0379 5.335 -21.222 0.041 0.027 1.079 4312.0 4.6339 15.67938 1.741985 16.523039 14.781054 "" "" 347.861206 356.883423 10073.82812 3.0123 3358.9 11.367 9699.2 12.564 "" "" 0.002774381577770938 0.004613614 0.0040325867 0.008646201 85.82596412741 9.52620227285 352.160248 5.335000000000001 -21.22199999999998 4.216634950637817 -19.15081178855896 0.51342183 0.49942186 "" "" 32.73300079435117 "" 16.369048189867456 ""
82.89537199942 10.28650584466 0.0387 0.0312 57.7477 "" "" 3338259521182698496 443.289764 2.2248 0.0471 9.678 -6.556 0.051 0.036 1.241 4425.3 4.5338 15.680132 1.642029 16.45984 14.817812 "" "" 434.471069 453.498016 10066.8591 3.5476 3560.2 10.386 9376.3 11.763 "" "" 0.0027817594498389 0.0042210487 0.0040173447 0.008238394 82.89537199942 10.28650584466 443.289764 9.678000000000013 -6.556 8.559634950637818 -4.48481178855896 0.5234219 0.50842184 "" "" 20.30462826357329 "" 10.563026710301449 ""
83.64652598652 9.46365391402 0.0322 0.0246 24.1839 "" "" 3337902798379039360 389.104218 2.5149 0.0388 1.991 -2.292 0.043 0.03 1.105 "" "" 15.681498 2.616933 17.115665 14.498733 "" "" 382.613068 395.107056 10054.20532 11.566 1946.0 16.871 12580.0 40.864 "" "" 0.003025189435012619 0.009817702 0.0051693576 0.014987059 83.64652598652 9.46365391402 389.104218 1.9909999999999994 -2.292 0.8726349506378175 -0.22081178855895978 0.51542187 0.50242186 "" "" 1.6601743278249208 "" 0.8544068256862857 ""
84.35842303039 11.92152558887 0.0373 0.0287 129.15 "" "" 3339980256880334720 381.75177 2.5873 0.0446 7.182 -3.146 0.053 0.033 1.005 "" "" 15.681499 1.698224 16.494621 14.796397 "" "" 375.52301 388.287048 10054.18639 3.0865 3448.0 9.9513 9563.1 13.269 "" "" 0.0027754067361670455 0.0041957353 0.004068564 0.0082642995 84.35842303039 11.92152558887 381.75177 7.182 -3.146 6.063634950637818 -1.0748117885589599 0.52542186 0.5054219 "" "" 11.143204726241915 "" 5.8482197891665715 ""
82.20131049549 9.83117376688 0.0359 0.0272 92.5127 "" "" 3338125376467055104 445.888763 2.2063 0.041 2.066 -4.895 0.048 0.032 1.025 4453.4 4.6388 15.681605 1.653739 16.468319 14.81458 "" "" 439.184448 453.633759 10053.20792 2.9427 3532.6 12.208 9404.3 11.54 "" "" 0.002773588234083442 0.004675821 0.004007339 0.00868316 82.20131049549 9.83117376688 445.888763 2.066 -4.895 0.9476349506378172 -2.8238117885589595 0.52042186 0.50442183 "" "" 6.2952618711711805 "" 3.185807649105368 ""
84.12844793193 9.16692361844 0.0317 0.024 46.2064 "" "" 3334875529334273664 392.532654 2.5063 0.0369 1.104 -2.289 0.039 0.028 1.077 "" "" 15.681941 2.31539 16.871424 14.556034 "" "" 387.183899 397.370667 10050.10058 155.44 2437.0 164.96 11933.0 461.11 "" "" 0.017017096448088343 0.07354619 0.042124446 0.11567064 84.12844793193 9.16692361844 392.532654 1.1039999999999999 -2.289 -0.014365049362182525 -0.2178117885589601 0.51142186 0.5004219 "" "" 0.40614206603595904 "" 0.20326193663194 ""
82.66485009716 11.04229998637 0.0342 0.0238 96.6837 "" "" 3339066047320960896 391.47168 2.502 0.0414 0.355 -1.335 0.043 0.028 1.035 3631.5 4.0118 15.682613 2.433178 16.97476 14.541582 "" "" 385.429779 397.926361 10043.87858 17.343 2215.7 25.688 12093.0 78.053 "" "" 0.0033326471204669964 0.012893147 0.007961945 0.020855092 82.66485009716 11.04229998637 391.47168 0.35500000000000004 -1.335 -0.7633650493621826 0.7361882114410401 0.51542187 0.5004219 "" "" 1.9678722434166218 "" 1.000168906306227 ""
82.90554483733 10.60711618975 0.0366 0.0258 68.1945 "" "" 3338288963181215104 395.959503 2.48 0.0416 -3.143 -11.056 0.05 0.03 1.066 4442.1 4.6651 15.683348 1.703256 16.50237 14.799115 "" "" 391.236633 403.176666 10037.0878 3.3152 3423.5 10.47 9539.2 14.27 "" "" 0.0027785594954529216 0.0043371217 0.004113601 0.008450722 82.90554483733 10.60711618975 395.959503 -3.143 -11.056 -4.261365049362182 -8.98481178855896 0.52242184 0.50242186 "" "" 18.663654301878562 "" 9.446680496912716 ""
83.26656099853 8.75760373192 0.0298 0.0235 71.8591 "" "" 3337766871253805952 383.610962 2.5614 0.0364 0.759 -2.536 0.038 0.029 0.946 3611.8 4.06 15.684302 2.404242 16.967556 14.563314 "" "" 376.597992 389.158936 10028.26892 8.1708 2230.5 16.883 11853.0 30.831 "" "" 0.002893849366462695 0.008678842 0.0047179866 0.013396829 83.26656099853 8.75760373192 383.610962 0.759 -2.536 -0.3593650493621826 -0.46481178855896 0.5104219 0.50142187 "" "" 1.0683178631403616 "" 0.5392951093996216 ""
84.36769054783 9.05720035714 0.0336 0.0277 59.3737 "" "" 3334880859389275264 408.797638 2.4077 0.044 1.54 -2.276 0.043 0.032 1.063 "" "" 15.684806 2.74354 17.21345 14.46991 "" "" 399.572449 416.852386 10023.61618 21.449 1778.4 23.015 12918.0 67.7 "" "" 0.0036041021849587897 0.014325305 0.006830859 0.021156164 84.36769054783 9.05720035714 408.797638 1.539999999999999 -2.2759999999999994 0.4216349506378174 -0.20481178855895976 0.51542187 0.50442183 "" "" 0.9082917495306587 "" 0.466262519625724 ""
83.81694464183 9.89373800371 0.0371 0.0297 4.0256 "" "" 3337990518790730624 386.800415 2.538 0.0492 0.849 -1.99 0.047 0.035 1.073 "" "" 15.685129 2.448376 16.996508 14.548132 "" "" 379.806824 392.981354 10020.63517 8.6967 2171.8 14.598 12020.0 45.351 "" "" 0.002911991691283179 0.0078130895 0.005573559 0.013386648 83.81694464183 9.89373800371 386.800415 0.8489999999999999 -1.99 -0.26936504936218264 0.08118821144104005 0.5194219 0.50742185 "" "" 0.5158080804981336 "" 0.26741199118945386 ""
83.240494821 8.9152759004 0.0333 0.0248 64.0888 "" "" 3337773502683285120 404.472656 2.4436 0.0389 -4.72 -2.051 0.046 0.03 1.068 4404.1 4.5758 15.685245 1.679349 16.488646 14.809297 "" "" 398.947266 411.278412 10019.5674 3.1771 3467.0 13.926 9450.2 17.719 "" "" 0.0027767454093575628 0.005177288 0.004292781 0.009470069 83.240494821 8.9152759004 404.472656 -4.72 -2.0509999999999975 -5.838365049362182 0.020188211441039883 0.5184218 0.50242186 "" "" 11.193382663976479 "" 5.802891802210484 ""
81.8563825757 9.09365273593 0.3566 0.2415 121.7707 "" "" 3337655648780394496 376.320923 2.7625 0.3925 -3.806 1.22 0.463 0.301 7.919 5164.2 3.9316 15.698148 1.469231 16.328768 14.859537 "" "" 329.052673 438.777283 9901.19172 24.483 4017.1 10.165 9022.8 15.504 "" "" 0.003847023920063407 0.0039157574 0.0042147744 0.008130532 81.8563825757 9.09365273593 376.320923 -3.8059999999999996 1.22 -4.924365049362183 3.29118821144104 0.9354218 0.7734219 "" "" 10.565121367044682 "" 9.3877356170438 ""
82.51300797113 10.23248149437 0.0708 0.0564 77.5255 "" "" 3338244574696280320 403.536896 2.4477 0.0834 -8.089 -24.524 0.086 0.063 2.188 4475.8 4.7118 15.701192 1.683065 16.478643 14.795578 "" "" 391.284454 415.325623 9873.47138 5.214 3499.1 12.353 9570.3 12.479 "" "" 0.0028143432930972092 0.004740996 0.0040358393 0.008776835 82.51300797113 10.23248149437 403.536896 -8.089 -24.52399999999999 -9.207365049362183 -22.45281178855896 0.55842185 0.53542185 "" "" 46.417737044328284 "" 25.009566045481233 ""
82.36125562197 8.83070724905 0.0421 0.032 103.2049 "" "" 3337442721481335552 394.583557 2.4882 0.0502 48.221 -53.474 0.05 0.036 1.369 4314.4 4.6804 15.703756 1.663856 16.492073 14.828217 "" "" 387.212708 401.862427 9850.18302 3.2052 3456.1 7.6958 9286.9 15.257 "" "" 0.002777877859347403 0.0036918877 0.0041791536 0.007871041 82.36125562197 8.83070724905 394.583557 48.22100000000001 -53.474 47.102634950637814 -51.40281178855896 0.52242184 0.50842184 "" "" 130.39952027363842 "" 67.13737546004222 ""
84.08475237764 9.73406142428 0.046 0.0357 20.0647 "" "" 3337936024245899904 444.803253 2.2019 0.0544 1.087 -1.883 0.055 0.041 1.375 3643.5 4.002 15.704515 2.403571 16.924562 14.520991 "" "" 434.050171 457.965424 9843.30047 25.904 2320.6 40.971 12324.0 110.34 "" "" 0.003969350978038748 0.019371048 0.010429729 0.029800776 84.08475237764 9.73406142428 444.803253 1.0869999999999997 -1.883 -0.03136504936218265 0.18818821144104003 0.52742183 0.51342183 "" "" 0.4022429608414918 "" 0.20667453933723204 ""
85.18337113075 10.92491784636 0.0392 0.0321 105.6524 "" "" 3339667853843197952 396.383209 2.4763 0.0425 1.092 -1.902 0.055 0.036 1.07 3579.4 4.0025 15.704674 2.423954 16.99576 14.571806 "" "" 389.654236 402.650452 9841.85826 11.148 2173.3 13.809 11761.0 31.779 "" "" 0.0030173274129134905 0.007441574 0.0047844024 0.012225976 85.18337113075 10.92491784636 396.383209 1.0919999999999999 -1.9020000000000004 -0.026365049362182535 0.16918821144104013 0.52742183 0.50842184 "" "" 0.3217168784643958 "" 0.163715446585477 ""
85.13309767132 10.82384783279 0.0289 0.023 99.6541 "" "" 3339618586273992704 426.907898 2.3045 0.0347 -8.817 -12.266 0.037 0.026 1.006 4416.0 4.5016 15.705079 1.777962 16.5681 14.790138 "" "" 420.9617 432.041626 9838.18876 2.8737 3222.4 8.2504 9618.4 10.759 "" "" 0.002773511669079491 0.0039385986 0.0039697243 0.007908323 85.13309767132 10.82384783279 426.907898 -8.816999999999998 -12.266 -9.935365049362183 -10.19481178855896 0.5094218 0.49842185 "" "" 28.805882922231675 "" 14.512694455586463 ""
82.81413636227 7.86908076222 0.0314 0.024 131.5234 "" "" 3334298530542895488 407.26651 2.4186 0.0389 5.536 -24.488 0.042 0.029 1.031 "" "" 15.705838 1.732573 16.543818 14.811245 "" "" 400.372223 412.909424 9831.31392 3.2608 3295.3 9.8488 9433.2 14.146 "" "" 0.002778753251404233 0.0042795995 0.0041151736 0.008394773 82.81413636227 7.86908076222 407.26651 5.535999999999999 -24.488 4.417634950637817 -22.41681178855896 0.5144219 0.50142187 "" "" 44.10667651981526 "" 22.137754865880837 ""
83.98274016407 9.9393563602 0.0365 0.0282 13.9029 "" "" 3339490591953049600 388.951477 2.5293 0.0469 0.881 -1.793 0.045 0.033 1.022 3636.2 4.0341 15.707934 2.412787 16.991453 14.578666 "" "" 383.021027 397.090881 9812.34579 21.665 2181.9 22.548 11687.0 89.287 "" "" 0.0036521929156137587 0.01156184 0.009115293 0.020677133 83.98274016407 9.9393563602 388.951477 0.8809999999999999 -1.7929999999999997 -0.2373650493621826 0.2781882114410401 0.51742184 0.5054219 "" "" 0.6742012685972628 "" 0.34418781814802984 ""
82.15133962024 10.43527585232 0.0321 0.0236 101.65 "" "" 3339015297987738368 388.601257 2.527 0.039 1.475 -1.995 0.037 0.026 1.004 3623.2 4.0171 15.709655 2.348686 16.946848 14.598162 "" "" 384.194855 393.676025 9796.80913 27.493 2273.4 29.814 11479.0 85.084 "" "" 0.004107985131633144 0.014509448 0.008890902 0.02340035 82.15133962024 10.43527585232 388.601257 1.475 -1.995 0.35663495063781747 0.07618821144103993 0.5094218 0.49842185 "" "" 0.6717337187639484 "" 0.34187664614011537 ""
86.09333142621 9.40750190227 0.0301 0.0243 140.1924 "" "" 3336254523073172736 441.220184 2.2309 0.0406 42.595 2.708 0.037 0.027 0.985 4523.2 4.7022 15.711436 1.527119 16.419168 14.89205 "" "" 433.271027 449.178619 9780.74842 2.5998 3696.1 8.4172 8756.7 11.008 "" "" 0.0027703930708549984 0.0037280882 0.004018284 0.0077463724 86.09333142621 9.40750190227 441.220184 42.59499999999995 2.7079999999999997 41.476634950637816 4.77918821144104 0.5094218 0.49942186 "" "" 87.31750711117219 "" 44.470113487005996 ""
82.41649693721 9.71522269989 0.0362 0.0268 80.2024 "" "" 3338073149664591744 408.869873 2.3977 0.0412 36.89 -6.383 0.049 0.032 1.073 4479.5 4.6662 15.714023 1.628916 16.483643 14.854727 "" "" 403.756042 415.539917 9757.48167 3.2854 3483.0 10.868 9062.9 9.5193 "" "" 0.0027794663946269288 0.004388893 0.0039476915 0.008336585 82.41649693721 9.71522269989 408.869873 36.88999999999999 -6.3830000000000044 35.77163495063782 -4.31181178855896 0.52142185 0.50442183 "" "" 69.828790712347 "" 36.393530021954 ""
