Clusters/Collinder_69/Collinder_69_members.tsv
# %ECSV 1.0
# ---
# datatype:
# - name: RA_ICRS_1
#   unit: deg
#   datatype: float64
#   format: '{:15.11f}'
#   description: Right ascension (ICRS) at Ep=2016.0 (ra)
#   meta: !!omap
#   - {ucd: POS_EQ_RA_MAIN}
#   - {width: 15}
#   - {precision: '11'}
# - name: DE_ICRS_1
#   unit: deg
#   datatype: float64
#   format: '{:15.11f}'
#   description: Declination (ICRS) at Ep=2016.0 (dec)
#   meta: !!omap
#   - {ucd: POS_EQ_DEC_MAIN}
#   - {width: 15}
#   - {precision: '11'}
# - name: e_RA_ICRS
#   unit: mas
#   datatype: float64
#   format: '{:7.4f}'
#   description: Standard error of right ascension (ra_error)
#   meta: !!omap
#   - {ucd: ERROR}
#   - {width: 7}
#   - {precision: '4'}
# - name: e_DE_ICRS
#   unit: mas
#   datatype: float64
#   format: '{:7.4f}'
#   description: Standard error of declination (dec_error)
#   meta: !!omap
#   - {ucd: ERROR}
#   - {width: 7}
#   - {precision: '4'}
# - name: _r_1
#   unit: ''
#   datatype: float64
#   format: '{:8.4f}'
#   description: Distance from center (083.76610690000+09.84909478000)[ICRS], at Epoch=J2016.0
#   meta: !!omap
#   - {ucd: POS_ANG_DIST_GENERAL}
#   - {width: 8}
#   - {precision: '4'}
# - name: HIP
#   datatype: int32
#   description: '? HIP cross-id number, van Leeuwen, Cat. I/311 (hip_original_ext_source_id)'
#   meta: !!omap
#   - {ucd: ID_NUMBER}
#   - {width: 6}
#   - values: {'null': -2147483648}
# - name: TYC2
#   datatype: string
#   description: Tycho-2 cross-id name, Hog et al., Cat. I/259 (tyc2_original_ext_source_id)
#   meta: !!omap
#   - {ucd: ID_CROSSID}
#   - {_votable_string_dtype: char}
# - name: Source
#   datatype: int64
#   description: Source identifier, identical to the Gaia-EDR3 source_id (id)
#   meta: !!omap
#   - {ucd: ID_MAIN}
#   - {width: 19}
# - name: rgeo
#   unit: pc
#   datatype: float64
#   format: '{:15.8f}'
#   description: '? Median of the geometric distance posterior (r_med_geo)'
#   meta: !!omap
#   - {ucd: PHYS_DISTANCE_TRUE}
#   - {width: 15}
#   - {precision: '8'}
#   - values: {'null': .nan}
# - name: Plx
#   unit: mas
#   datatype: float64
#   format: '{:9.4f}'
#   description: '? Parallax (parallax)'
#   meta: !!omap
#   - {ucd: POS_PARLX_TRIG}
#   - {width: 9}
#   - {precision: '4'}
#   - values: {'null': .nan}
# - name: e_Plx
#   unit: mas
#   datatype: float32
#   format: '{:7.4f}'
#   description: '? Standard error of parallax (parallax_error)'
#   meta: !!omap
#   - {ucd: ERROR}
#   - {width: 7}
#   - {precision: '4'}
#   - values: {'null': .nan}
# - name: pmRA
#   unit: mas / yr
#   datatype: float64
#   format: '{:9.3f}'
#   description: '? Proper motion in right ascension direction, pmRA*cosDE (pmra)'
#   meta: !!omap
#   - {ucd: POS_EQ_PMRA}
#   - {width: 9}
#   - {precision: '3'}
#   - values: {'null': .nan}
# - name: pmDE
#   unit: mas / yr
#   datatype: float64
#   format: '{:9.3f}'
#   description: '? Proper motion in declination direction (pmdec)'
#   meta: !!omap
#   - {ucd: POS_EQ_PMDEC}
#   - {width: 9}
#   - {precision: '3'}
#   - values: {'null': .nan}
# - name: e_pmRA
#   unit: mas / yr
#   datatype: float32
#   format: '{:6.3f}'
#   description: '? Standard error of proper motion in right ascension direction (pmra_error)'
#   meta: !!omap
#   - {ucd: ERROR}
#   - {width: 6}
#   - {precision: '3'}
#   - values: {'null': .nan}
# - name: e_pmDE
[...]
#         unit: &id001 !astropy.units.Unit {unit: deg}
#         value: !astropy.table.SerializedColumn {name: SkyCoord.dec}
#       distance: !astropy.table.SerializedColumn
#         __class__: astropy.coordinates.distances.Distance
#         unit: !astropy.units.Unit {unit: pc}
#         value: !astropy.table.SerializedColumn {name: SkyCoord.distance}
#       frame: icrs
#       obstime: !astropy.time.Time {format: jyear_str, in_subfmt: '*', jd1: 367701545.0, jd2: 0.0, out_subfmt: '*', precision: 3, scale: tt}
#       pm_dec: !astropy.table.SerializedColumn
#         __class__: astropy.units.quantity.Quantity
#         unit: !astropy.units.Unit {unit: mas / yr}
#         value: !astropy.table.SerializedColumn {name: SkyCoord.pm_dec}
#       pm_ra_cosdec: !astropy.table.SerializedColumn
#         __class__: astropy.units.quantity.Quantity
#         unit: !astropy.units.Unit {unit: mas / yr}
#         value: !astropy.table.SerializedColumn {name: SkyCoord.pm_ra_cosdec}
#       ra: !astropy.table.SerializedColumn
#         __class__: astropy.coordinates.angles.Longitude
#         unit: *id001
#         value: !astropy.table.SerializedColumn {name: SkyCoord.ra}
#         wrap_angle: !astropy.coordinates.Angle
#           unit: *id001
#           value: 360.0
#       representation_type: spherical
# schema: astropy-2.0
RA_ICRS_1 DE_ICRS_1 e_RA_ICRS e_DE_ICRS _r_1 HIP TYC2 Source rgeo Plx e_Plx pmRA pmDE e_pmRA e_pmDE RUWE Teff logg Gmag BP-RP BPmag RPmag RV e_RV b_rgeo B_rgeo FG e_FG FBP e_FBP FRP e_FRP RAVE5 RAVE6 e_Gmag e_BPmag e_RPmag e_BP-RP SkyCoord.ra SkyCoord.dec SkyCoord.distance SkyCoord.pm_ra_cosdec SkyCoord.pm_dec Pmemb
[from data line 40]
84.25352612978 9.81791534814 0.0129 0.0102 28.8762 "" "" 3339437476093315584 390.409485 2.5372 0.0149 0.942 -2.067 0.016 0.012 1.136 5212.7 4.0887 12.02873 1.149168 12.520841 11.371673 27.44 2.9 388.351288 392.56546 290706.39455 370.07 133990.0 599.15 224120.0 716.89 "" "" 0.003082549969083459 0.005599633 0.005132736 0.0107323695 84.25352612978 9.81791534814 390.409485 0.9419999999999998 -2.067 1.0
84.45893137229 8.97859806093 0.0186 0.0151 66.4056 "" "" 3334832476580230144 407.274109 2.4355 0.0242 0.95 -2.365 0.024 0.018 1.549 "" "" 12.117691 1.11477 12.589044 11.474274 25.67 3.46 403.522247 410.916931 267836.88455 620.67 125830.0 1011.7 203910.0 1246.2 "" "" 0.003731241455657555 0.009164611 0.0076363315 0.016800942 84.45893137229 8.97859806093 407.274109 0.9499999999999998 -2.365 1.0
81.94881227624 11.26697954066 0.0154 0.0114 136.8459 "" "" 3339317182648307456 389.150635 2.56 0.018 0.303 -2.358 0.019 0.013 1.321 5513.0 4.0364 12.17114 1.394148 12.792915 11.398767 39.77 4.96 386.750397 391.786865 254971.14497 433.11 104290.0 598.87 218600.0 903.2 "" "" 0.003315604044317029 0.0068305405 0.0058658174 0.012696357 81.94881227624 11.26697954066 389.150635 0.303 -2.358 1.0
83.32495223427 9.20408394654 0.0187 0.0138 46.6815 "" "" 3337798958953066496 405.118042 2.4487 0.022 1.306 -2.906 0.022 0.016 1.556 5624.7 4.0795 12.194215 1.180114 12.699526 11.519412 2.19 6.85 401.55542 409.436279 249609.25752 224.72 113660.0 375.65 195610.0 533.62 "" "" 0.0029235672395404493 0.004545505 0.0048017055 0.009347211 83.32495223427 9.20408394654 405.118042 1.306 -2.9059999999999997 0.8
83.02769260614 9.89946707129 0.0115 0.0088 43.753 "" "" 3338166986111279232 399.056274 2.483 0.0133 1.609 -2.104 0.014 0.01 0.999 5648.4 4.0255 12.2964 1.068669 12.747058 11.678389 26.36 2.98 396.970337 401.127869 227188.77157 217.15 108790.0 393.53 168970.0 479.85 "" "" 0.0029442718641287985 0.004817685 0.004877567 0.009695252 83.02769260614 9.89946707129 399.056274 1.6089999999999998 -2.104 0.8
82.73410771022 10.24998303826 0.0558 0.0429 65.5429 "" "" 3338237943266739328 357.86142 2.7885 0.0692 1.172 -1.916 0.067 0.047 5.356 5359.2 3.7322 12.317013 1.409044 12.948708 11.539663 23.3 6.96 350.285034 365.336945 222916.29652 272.0 90351.0 391.36 192000.0 742.89 "" "" 0.0030572688627781464 0.00546832 0.005650815 0.011119135 82.73410771022 10.24998303826 357.86142 1.172 -1.9159999999999997 0.8
83.52312103577 9.71293189282 0.0105 0.008 16.5276 "" "" 3337958663016889600 392.923431 2.5285 0.0123 0.919 -2.089 0.014 0.009 0.985 5169.2 4.0923 12.392747 1.26524 12.950322 11.685082 26.27 2.77 391.195618 394.872467 207896.82651 277.84 90217.0 442.63 167930.0 689.71 "" "" 0.0031140370954170255 0.0060134185 0.0058454005 0.011858819 83.52312103577 9.71293189282 392.923431 0.919 -2.0890000000000004 1.0
83.77891575752 8.80283676815 0.0126 0.0101 62.7801 "" "" 3334768395668521344 393.031311 2.5306 0.013 0.988 -2.481 0.015 0.011 0.995 "" "" 12.402001 1.264503 12.956291 11.691789 33.29 11.12 391.050323 394.917603 206132.39155 260.3 89722.0 402.37 166890.0 519.2 "" "" 0.0030775896308598886 0.0056119007 0.0050688246 0.010680726 83.77891575752 8.80283676815 393.031311 0.9880000000000001 -2.481 1.0
83.77526908694 10.0055023689 0.0367 0.0271 9.4001 "" "" 3338005362197689472 393.302673 2.5241 0.0446 2.004 -1.724 0.045 0.033 2.672 5269.2 3.904 12.490663 1.141354 12.980906 11.839553 25.86 1.1 387.266724 400.047394 189968.57278 45.083 87711.0 59.444 145660.0 72.725 "" "" 0.002767341798424294 0.0028855668 0.0038180603 0.0067036273 83.77526908694 10.0055023689 393.302673 2.004 -1.7240000000000002 1.0
83.78473000882 9.71491904568 0.0113 0.0086 8.1255 "" "" 3337979003982003200 397.170502 2.4981 0.0137 1.675 -2.011 0.015 0.01 1.02 "" "" 12.526786 1.216278 13.054034 11.837756 28.44 4.17 395.127167 398.8638 183752.11887 181.64 81998.0 264.64 145900.0 366.63 "" "" 0.002956969477931772 0.0044792597 0.0046612783 0.009140538 83.78473000882 9.71491904568 397.170502 1.6750000000000003 -2.011 1.0
84.32106775297 8.95046096349 0.0116 0.0092 63.1371 "" "" 3334856322238658688 388.319672 2.5545 0.0141 1.556 -2.528 0.014 0.01 0.981 5023.9 4.1182 12.547536 1.223244 13.082019 11.858775 "" "" 386.165375 390.568634 180273.63848 235.31 79912.0 393.92 143100.0 544.64 "" "" 0.0030984282139231187 0.0060356865 0.0055999835 0.01163567 84.32106775297 8.95046096349 388.319672 1.556 -2.5279999999999996 1.0
83.9763954281 10.07312364722 0.0116 0.0088 18.3061 "" "" 3339494959935297792 399.939758 2.4818 0.0138 0.914 -1.923 0.014 0.01 1.026 5049.0 4.1065 12.655761 1.321716 13.245433 11.923717 44.14 29.98 398.204773 402.485687 163170.85262 262.44 68745.0 380.28 134790.0 532.49 "" "" 0.003262093442165305 0.0066224854 0.0057167397 0.012339225 83.9763954281 10.07312364722 399.939758 0.914 -1.9230000000000003 1.0
84.78840537404 9.4250142833 0.0257 0.0201 65.6073 "" "" 3336396604887956480 411.053101 2.4139 0.0327 1.07 -2.197 0.033 0.024 2.226 "" "" 12.656642 1.089004 13.12129 12.032286 35.43 2.75 405.884033 416.108856 163038.44119 1774.6 77073.0 2940.2 121970.0 3650.6 "" "" 0.012134701150238476 0.041512806 0.03271546 0.074228264 84.78840537404 9.4250142833 411.053101 1.0700000000000005 -2.197 1.0
82.24388937535 10.76044444817 0.0123 0.0098 105.1884 "" "" 3339031820725164928 395.955688 2.5061 0.0151 1.465 -1.88 0.015 0.011 0.971 "" "" 12.702462 1.424511 13.350771 11.92626 26.24 6.49 394.13739 397.832031 156301.01212 159.76 62389.0 250.96 134480.0 343.47 "" "" 0.00297041495591113 0.005182571 0.004687585 0.009870156 82.24388937535 10.76044444817 395.955688 1.4650000000000003 -1.8800000000000001 1.0
84.12297511827 9.0673993721 0.0111 0.0087 51.4379 "" "" 3334861995892958720 394.846741 2.5115 0.0131 1.168 -2.382 0.014 0.01 1.041 5011.9 4.1171 12.721563 1.299403 13.293339 11.993936 22.64 6.59 393.044434 396.821686 153575.34502 201.65 65778.0 299.68 126350.0 423.38 "" "" 0.0031022823732789664 0.0056791985 0.0052459305 0.010925129 84.12297511827 9.0673993721 394.846741 1.168 -2.382 1.0
84.21700798356 9.56729168746 0.0202 0.0162 31.5752 "" "" 3337916885871639296 414.429535 2.3913 0.0254 0.606 -2.245 0.027 0.019 1.514 5140.3 3.7753 12.806347 1.509338 13.501991 11.992653 "" "" 411.323944 418.234131 142039.17655 288.42 54278.0 376.82 126500.0 626.05 "" "" 0.0035287835810278697 0.008037463 0.006569346 0.014606809 84.21700798356 9.56729168746 414.429535 0.6059999999999999 -2.245 1.0
82.34529092898 10.33303111563 0.0142 0.0106 88.8106 "" "" 3338999595587301248 383.335449 2.5902 0.0176 0.053 -1.358 0.017 0.012 1.177 5265.0 3.8012 12.811871 1.560095 13.526166 11.966071 28.07 8.45 381.090881 385.968628 141318.39042 446.32 53082.0 589.23 129640.0 1051.0 "" "" 0.004398871757726519 0.012370836 0.009579211 0.021950047 82.34529092898 10.33303111563 383.335449 0.053000000000000005 -1.3580000000000005 1.0
84.39923546068 9.01942205375 0.0154 0.0121 62.3085 "" "" 3334880481432156672 379.719849 2.611 0.0197 1.359 -2.655 0.019 0.014 1.261 "" "" 12.875364 1.553594 13.600285 12.046691 23.65 3.54 376.6698 382.098816 133291.01454 102.19 49580.0 120.87 120360.0 224.86 "" "" 0.002878311724297127 0.0038459182 0.0042893062 0.008135225 84.39923546068 9.01942205375 379.719849 1.359 -2.6549999999999994 0.8
83.50840796637 9.68501244567 0.0246 0.0191 18.1415 "" "" 3337958461154914688 411.801117 2.4071 0.0286 1.676 -2.427 0.031 0.022 1.876 5235.5 3.8318 12.878632 1.425996 13.526349 12.100353 25.37 3.14 406.801483 416.650177 132890.59884 88.633 53073.0 126.26 114560.0 223.76 "" "" 0.0028488901889868667 0.003802196 0.004333703 0.008135899 83.50840796637 9.68501244567 411.801117 1.6759999999999997 -2.427 0.9
85.12759646038 9.34407144449 0.0129 0.0103 86.057 "" "" 3336349875644014592 393.046692 2.5194 0.0153 1.361 -2.092 0.017 0.011 0.987 5031.4 4.1818 12.908378 1.236343 13.447942 12.211598 "" "" 390.534821 395.447601 129299.15263 182.58 57048.0 288.14 103400.0 383.41 "" "" 0.0031531425089768657 0.006152879 0.005521948 0.011674827 85.12759646038 9.34407144449 393.046692 1.3610000000000002 -2.092 1.0
84.07740596359 9.75244075733 0.0135 0.0103 19.2974 "" "" 3337936092965373568 391.786469 2.528 0.016 1.511 -2.259 0.016 0.012 0.847 4932.7 4.1532 12.936932 1.245113 13.483606 12.238493 27.62 4.73 389.103638 394.345612 125943.00826 219.46 55204.0 348.59 100870.0 451.01 "" "" 0.003342334189321096 0.0074019814 0.0061522624 0.013554243 84.07740596359 9.75244075733 391.786469 1.5109999999999995 -2.2589999999999995 1.0
85.37306484023 9.12232087798 0.0124 0.0096 104.6194 "" "" 3336143197519784064 398.922974 2.4767 0.0149 1.346 -2.631 0.016 0.011 1.151 5818.2 3.903 13.004601 1.507597 13.695697 12.1881 "" "" 396.423126 401.846375 118333.19849 553.6 45409.0 785.61 105660.0 1254.4 "" "" 0.005778603287115006 0.01899015 0.01343255 0.0324227 85.37306484023 9.12232087798 398.922974 1.3459999999999999 -2.631 0.8
83.28380880429 9.61962503435 0.0135 0.0106 31.6705 "" "" 3337962240726177280 387.638397 2.5489 0.0161 0.799 -2.109 0.016 0.011 0.947 4780.0 4.1225 13.014252 1.374697 13.634336 12.259639 23.18 4.87 385.497864 389.647705 117285.95211 187.76 48049.0 251.07 98924.0 391.26 "" "" 0.0032577404823674583 0.0063222814 0.0057205223 0.012042804 83.28380880429 9.61962503435 387.638397 0.799 -2.1089999999999995 1.0
82.65062917579 10.51505560722 0.0138 0.0107 77.0456 "" "" 3338281610197395712 390.441345 2.5256 0.0161 0.201 -1.486 0.018 0.013 1.137 4910.9 4.1382 13.016351 1.331662 13.61306 12.281398 18.64 32.82 388.131287 392.613739 117059.45961 293.07 49000.0 460.12 96961.0 635.46 "" "" 0.0038704864095699854 0.010570188 0.008057072 0.01862726 82.65062917579 10.51505560722 390.441345 0.201 -1.486 1.0
83.16046026381 11.49430848152 0.0131 0.0102 104.9731 "" "" 3340605294880674944 395.621033 2.4916 0.0154 -0.118 -1.551 0.017 0.012 0.987 5708.8 4.4725 13.045974 0.89951 13.41167 12.512159 10.13 1.49 393.317291 398.462555 113908.74082 24.413 58986.0 42.219 78396.0 35.376 "" "" 0.0027651286957532345 0.0028963685 0.0038110057 0.006707374 83.16046026381 11.49430848152 395.621033 -0.11799999999999994 -1.551 0.9
82.69349685354 8.78547442433 0.0127 0.0101 90.0318 "" "" 3337802914619222016 390.855988 2.5165 0.0145 0.402 -2.516 0.015 0.012 1.063 4806.7 4.1181 13.072313 1.441167 13.718786 12.277619 24.84 8.35 388.276184 393.05838 111178.64455 199.31 44453.0 279.78 97299.0 416.13 "" "" 0.0033734642250556252 0.0073811286 0.005987134 0.013368262 82.69349685354 8.78547442433 390.855988 0.40199999999999997 -2.516 1.0
83.55708188112 9.48880352534 0.0119 0.0092 24.9032 "" "" 3337903824874463872 398.645752 2.4652 0.0142 1.857 -1.998 0.015 0.01 1.091 5002.5 4.212 13.240195 1.321036 13.797997 12.476961 23.08 3.71 396.216583 401.270386 95250.83783 147.8 41325.0 218.9 80979.0 364.0 "" "" 0.0032295664639479032 0.0063922727 0.0061726654 0.0125649385 83.55708188112 9.48880352534 398.645752 1.8570000000000002 -1.9979999999999998 1.0
83.823872238 9.39572425309 0.0117 0.0092 27.416 "" "" 3337888328631664256 405.249115 2.425 0.014 1.397 -2.082 0.014 0.011 1.038 4802.6 4.1545 13.358413 1.357554 13.961246 12.603692 28.97 3.58 402.963287 407.772675 85424.35442 153.56 35556.0 206.02 72058.0 329.65 "" "" 0.003376545036452216 0.0068820007 0.0062413886 0.013123389 83.823872238 9.39572425309 405.249115 1.397 -2.0819999999999994 1.0
82.82240397979 11.24901859693 0.0222 0.0169 100.7654 "" "" 3340576978159752832 396.423706 2.4725 0.027 0.865 -1.108 0.026 0.019 1.846 5442.7 3.709 13.392606 2.01781 14.398142 12.380332 "" "" 393.023834 400.684143 82775.9763 159.07 23777.0 167.92 88517.0 436.11 "" "" 0.003456163906336364 0.0081596505 0.006549679 0.014709329 82.82240397979 11.24901859693 396.423706 0.865 -1.108 0.9
83.78979892868 9.53586459467 0.0129 0.0097 18.846 "" "" 3337925372727104768 397.431976 2.4767 0.0146 1.495 -2.138 0.016 0.011 0.992 4679.2 4.17 13.428818 1.407149 14.06725 12.660101 27.25 2.45 395.363159 399.647217 80060.76884 97.878 32249.0 135.95 68410.0 217.08 "" "" 0.0030583788721788813 0.005360465 0.005114067 0.010474532 83.78979892868 9.53586459467 397.431976 1.4949999999999999 -2.1379999999999995 1.0
83.32396670885 9.87937319756 0.1666 0.1263 26.1993 "" "" 3337976465657814400 407.783936 2.4513 0.2011 1.611 -2.665 0.208 0.147 16.428 5727.5 3.7943 13.530703 1.021767 13.927428 12.905662 -0.18 2.6 371.349884 435.912689 72889.63388 85.718 36681.0 22.002 54562.0 22.776 "" "" 0.003036785360924971 0.002865165 0.00380646 0.006671625 83.32396670885 9.87937319756 407.783936 1.611 -2.6649999999999996 0.8
83.24576504228 11.77198824282 0.0226 0.0165 119.3792 "" "" 3340663672076059648 396.605804 2.4766 0.0275 1.85 -2.135 0.03 0.02 1.673 "" "" 13.546701 1.62259 14.298334 12.675744 71.5 6.54 391.975922 401.188538 71823.44844 115.38 26067.0 135.23 67431.0 267.12 "" "" 0.0032609683985024944 0.0062857657 0.005725598 0.012011364 83.24576504228 11.77198824282 396.605804 1.8499999999999999 -2.1350000000000002 1.0
85.14671992835 9.90421508605 0.0179 0.015 81.676 "" "" 3336442990534596864 386.73465 2.5464 0.017 1.462 -2.161 0.025 0.017 1.067 4586.3 4.1264 13.577227 1.577073 14.310562 12.733489 -1.12 3.68 384.389709 388.853027 69832.26222 134.32 25775.0 203.48 63939.0 348.41 "" "" 0.003457326696636201 0.009014014 0.0070204097 0.016034424 85.14671992835 9.90421508605 386.73465 1.4619999999999997 -2.161 1.0
82.5162547714 9.44877503947 0.0181 0.0149 77.734 "" "" 3338052606838125184 397.648376 2.4779 0.0226 0.314 -2.183 0.025 0.018 1.339 "" "" 13.588676 1.476405 14.259254 12.782849 30.45 3.68 393.651215 401.448029 69099.78093 113.69 27022.0 161.53 61097.0 309.3 "" "" 0.003283730354232957 0.0070645683 0.0066704554 0.013735024 82.5162547714 9.44877503947 397.648376 0.314 -2.1830000000000003 1.0
85.92534166294 10.03905693324 0.0142 0.0112 128.1155 "" "" 3336492915234886912 408.619812 2.4025 0.0178 1.788 -1.891 0.02 0.013 1.12 4756.1 4.1137 13.640064 1.7313 14.392117 12.660817 29.28 5.33 405.463531 411.021576 65905.42793 375.64 23909.0 497.77 68365.0 1123.5 "" "" 0.006774030001931592 0.022775881 0.018238697 0.04101458 85.92534166294 10.03905693324 408.619812 1.788 -1.8910000000000002 1.0
84.99502446643 9.34939220322 0.0139 0.0107 78.642 "" "" 3336344790402760832 386.95108 2.5431 0.0166 1.572 -2.201 0.018 0.012 1.183 "" "" 13.668804 1.698266 14.479908 12.781642 27.11 3.04 384.206146 388.924866 64183.77195 69.274 22052.0 89.671 61165.0 152.86 "" "" 0.0029941617888745897 0.0052227443 0.0046525598 0.009875304 84.99502446643 9.34939220322 386.95108 1.572 -2.2009999999999996 1.0
83.6968795889 10.04523484846 0.0156 0.0117 12.4593 "" "" 3338006530428799360 390.60141 2.5183 0.0189 0.569 -1.613 0.019 0.013 1.11 5134.1 4.166 13.691669 1.637214 14.457344 12.82013 -19.7 5.13 387.571747 393.699768 62846.25552 305.9 22515.0 382.85 59035.0 757.38 "" "" 0.005959895983018161 0.018671745 0.014432896 0.033104643 83.6968795889 10.04523484846 390.60141 0.569 -1.613 1.0
83.98096801335 9.94189347776 0.0156 0.0119 13.8668 "" "" 3339490596248857856 384.037109 2.5566 0.0194 0.91 -1.976 0.019 0.014 1.048 5274.3 3.9504 13.700617 1.898411 14.636405 12.737994 -19.61 5.08 380.868469 386.600159 62330.39806 214.12 19092.0 253.3 63674.0 559.27 "" "" 0.004637126861223946 0.014672563 0.010257989 0.024930552 83.98096801335 9.94189347776 384.037109 0.91 -1.9759999999999998 1.0
85.06492542251 9.39110433223 0.0127 0.0098 81.5992 "" "" 3336351009515382656 403.669708 2.4344 0.0151 1.842 -2.319 0.016 0.011 1.032 4664.8 4.1562 13.726509 1.44493 14.383089 12.938159 40.19 3.58 400.713379 406.374817 60861.59061 94.028 24109.0 139.97 52954.0 216.64 "" "" 0.0032257526909133544 0.0068933917 0.005832134 0.012725526 85.06492542251 9.39110433223 403.669708 1.8420000000000003 -2.3190000000000004 1.0
