Clusters/Collinder_69/Collinder_69_stars_in_region.tsv
# %ECSV 1.0
# ---
# datatype:
# - name: RA_ICRS_1
#   unit: deg
#   datatype: float64
#   format: '{:15.11f}'
#   description: Right ascension (ICRS) at Ep=2016.0 (ra)
#   meta: !!omap
#   - {ucd: POS_EQ_RA_MAIN}
#   - {width: 15}
#   - {precision: '11'}
# - name: DE_ICRS_1
#   unit: deg
#   datatype: float64
#   format: '{:15.11f}'
#   description: Declination (ICRS) at Ep=2016.0 (dec)
#   meta: !!omap
#   - {ucd: POS_EQ_DEC_MAIN}
#   - {width: 15}
#   - {precision: '11'}
# - name: e_RA_ICRS
#   unit: mas
#   datatype: float64
#   format: '{:7.4f}'
#   description: Standard error of right ascension (ra_error)
#   meta: !!omap
#   - {ucd: ERROR}
#   - {width: 7}
#   - {precision: '4'}
# - name: e_DE_ICRS
#   unit: mas
#   datatype: float64
#   format: '{:7.4f}'
#   description: Standard error of declination (dec_error)
#   meta: !!omap
#   - {ucd: ERROR}
#   - {width: 7}
#   - {precision: '4'}
# - name: _r_1
#   unit: ''
#   datatype: float64
#   format: '{:8.4f}'
#   description: Distance from center (083.76610690000+09.84909478000)[ICRS], at Epoch=J2016.0
#   meta: !!omap
#   - {ucd: POS_ANG_DIST_GENERAL}
#   - {width: 8}
#   - {precision: '4'}
# - name: HIP
#   datatype: int32
#   description: '? HIP cross-id number, van Leeuwen, Cat. I/311 (hip_original_ext_source_id)'
#   meta: !!omap
#   - {ucd: ID_NUMBER}
#   - {width: 6}
#   - values: {'null': -2147483648}
# - name: TYC2
#   datatype: string
#   description: Tycho-2 cross-id name, Hog et al., Cat. I/259 (tyc2_original_ext_source_id)
#   meta: !!omap
#   - {ucd: ID_CROSSID}
#   - {_votable_string_dtype: char}
# - name: Source
#   datatype: int64
#   description: Source identifier, identical to the Gaia-EDR3 source_id (id)
#   meta: !!omap
#   - {ucd: ID_MAIN}
#   - {width: 19}
# - name: rgeo
#   unit: pc
#   datatype: float64
#   format: '{:15.8f}'
#   description: '? Median of the geometric distance posterior (r_med_geo)'
#   meta: !!omap
#   - {ucd: PHYS_DISTANCE_TRUE}
#   - {width: 15}
#   - {precision: '8'}
#   - values: {'null': .nan}
# - name: Plx
#   unit: mas
#   datatype: float64
#   format: '{:9.4f}'
#   description: '? Parallax (parallax)'
#   meta: !!omap
#   - {ucd: POS_PARLX_TRIG}
#   - {width: 9}
#   - {precision: '4'}
#   - values: {'null': .nan}
# - name: e_Plx
#   unit: mas
#   datatype: float32
#   format: '{:7.4f}'
#   description: '? Standard error of parallax (parallax_error)'
#   meta: !!omap
#   - {ucd: ERROR}
#   - {width: 7}
#   - {precision: '4'}
#   - values: {'null': .nan}
# - name: pmRA
#   unit: mas / yr
#   datatype: float64
#   format: '{:9.3f}'
#   description: '? Proper motion in right ascension direction, pmRA*cosDE (pmra)'
#   meta: !!omap
#   - {ucd: POS_EQ_PMRA}
#   - {width: 9}
#   - {precision: '3'}
#   - values: {'null': .nan}
# - name: pmDE
#   unit: mas / yr
#   datatype: float64
#   format: '{:9.3f}'
#   description: '? Proper motion in declination direction (pmdec)'
#   meta: !!omap
#   - {ucd: POS_EQ_PMDEC}
#   - {width: 9}
#   - {precision: '3'}
#   - values: {'null': .nan}
# - name: e_pmRA
#   unit: mas / yr
#   datatype: float32
#   format: '{:6.3f}'
#   description: '? Standard error of proper motion in right ascension direction (pmra_error)'
#   meta: !!omap
#   - {ucd: ERROR}
#   - {width: 6}
#   - {precision: '3'}
#   - values: {'null': .nan}
# - name: e_pmDE
[...]
#         value: !astropy.table.SerializedColumn {name: SkyCoord.dec}
#       distance: !astropy.table.SerializedColumn
#         __class__: astropy.coordinates.distances.Distance
#         unit: !astropy.units.Unit {unit: pc}
#         value: !astropy.table.SerializedColumn {name: SkyCoord.distance}
#       frame: icrs
#       obstime: !astropy.time.Time {format: jyear_str, in_subfmt: '*', jd1: 367701545.0, jd2: 0.0, out_subfmt: '*', precision: 3, scale: tt}
#       pm_dec: !astropy.table.SerializedColumn
#         __class__: astropy.units.quantity.Quantity
#         unit: !astropy.units.Unit {unit: mas / yr}
#         value: !astropy.table.SerializedColumn {name: SkyCoord.pm_dec}
#       pm_ra_cosdec: !astropy.table.SerializedColumn
#         __class__: astropy.units.quantity.Quantity
#         unit: !astropy.units.Unit {unit: mas / yr}
#         value: !astropy.table.SerializedColumn {name: SkyCoord.pm_ra_cosdec}
#       ra: !astropy.table.SerializedColumn
#         __class__: astropy.coordinates.angles.Longitude
#         unit: *id001
#         value: !astropy.table.SerializedColumn {name: SkyCoord.ra}
#         wrap_angle: !astropy.coordinates.Angle
#           unit: *id001
#           value: 360.0
#       representation_type: spherical
# schema: astropy-2.0
RA_ICRS_1 DE_ICRS_1 e_RA_ICRS e_DE_ICRS _r_1 HIP TYC2 Source rgeo Plx e_Plx pmRA pmDE e_pmRA e_pmDE RUWE Teff logg Gmag BP-RP BPmag RPmag RV e_RV b_rgeo B_rgeo FG e_FG FBP e_FBP FRP e_FRP RAVE5 RAVE6 e_Gmag e_BPmag e_RPmag e_BP-RP SkyCoord.ra SkyCoord.dec SkyCoord.distance SkyCoord.pm_ra_cosdec SkyCoord.pm_dec rmRA rmDE e_rmRA e_rmDE rRV e_rRV v_pec v_pec3d e_vpec e_vpec3d
[from data line 2439]
84.82151397549 10.20976152145 0.0597 0.0526 66.0048 "" "" 3339469155771861504 471.272064 2.096 0.0624 -1.541 -9.976 0.089 0.061 1.009 4356.4 4.5927 16.341312 1.873122 17.265467 15.392344 "" "" 457.065063 488.761108 5475.47502 2.932 1695.2 8.9757 5523.6 9.474 "" "" 0.002815990410989241 0.0063900636 0.004213272 0.010603336 84.82151397549 10.20976152145 471.272064 -1.541 -9.97599999999999 -2.6593650493621825 -7.904811788558961 0.5614219 0.5334219 "" "" 18.63049654677484 "" 9.992196452861004 ""
84.07184797329 11.08620567902 0.4742 0.3664 76.3871 "" "" 3339864425906564736 380.719055 3.2529 0.6197 4.831 -1.015 0.616 0.439 9.695 "" "" 16.342218 1.168733 16.70905 15.540317 "" "" 286.216217 708.856567 5470.91202 23.92 2830.1 10.957 4819.8 9.4071 "" "" 0.005488758775189529 0.0050452664 0.004332932 0.0093781985 84.07184797329 11.08620567902 380.719055 4.831000000000001 -1.015 3.712634950637818 1.0561882114410401 1.0884218 0.9114219 "" "" 6.965692700847358 "" 7.496326334886572 ""
84.52671095524 9.13837400714 0.0673 0.0564 62.0034 "" "" 3334883230211178368 476.990875 2.0634 0.071 12.517 -5.67 0.092 0.067 1.055 4191.9 4.6492 16.343723 1.936986 17.307438 15.370452 "" "" 462.46463 492.273163 5463.33393 2.9426 1631.0 11.154 5636.1 19.92 "" "" 0.0028166940457626487 0.007932012 0.005386021 0.013318033 84.52671095524 9.13837400714 476.990875 12.517000000000012 -5.67 11.398634950637817 -3.59881178855896 0.56442183 0.53942186 "" "" 27.025555366821983 "" 15.193808285603712 ""
83.78888298037 10.09786616627 0.2514 0.1904 14.9868 "" "" 3338007045824851840 326.451843 3.1453 0.3534 0.396 -3.514 0.301 0.24 5.461 4797.2 4.7058 16.344097 1.614403 17.039442 15.425039 "" "" 289.587006 357.683807 5461.45048 15.314 2087.6 9.6469 5359.7 13.314 "" "" 0.00410612954254281 0.005740883 0.0046430505 0.010383934 83.78888298037 10.09786616627 326.451843 0.396 -3.514 -0.7223650493621826 -1.4428117885589598 0.7734219 0.71242183 "" "" 2.4967651023822532 "" 1.8103023390676702 ""
84.79011108115 9.19960274957 0.1029 0.0785 72.0425 "" "" 3334843643495715328 324.603333 3.054 0.1357 -3.957 2.96 0.127 0.089 2.284 "" "" 16.345217 2.502756 17.63563 15.132874 "" "" 312.587738 343.902252 5455.81838 8.7601 1205.5 8.4787 7014.7 10.85 "" "" 0.0032605066084059856 0.008130131 0.004135697 0.012265828 84.79011108115 9.19960274957 324.603333 -3.9570000000000007 2.960000000000001 -5.0753650493621825 5.03118821144104 0.59942186 0.5614219 "" "" 10.995716565703027 "" 6.387397991481265 ""
84.55423471569 9.21682954257 0.0673 0.0551 60.1157 "" "" 3334890033439358976 342.292389 2.8874 0.0639 7.363 -30.436 0.094 0.063 1.024 3799.4 4.605 16.345701 2.185518 17.473228 15.28771 "" "" 336.461365 350.300354 5453.3887 3.1709 1400.0 10.638 6082.4 10.897 "" "" 0.0028267185183278956 0.008709091 0.0042505753 0.012959667 84.55423471569 9.21682954257 342.292389 7.363 -30.436 6.244634950637818 -28.36481178855896 0.56642187 0.53542185 "" "" 47.12301418088746 "" 25.30008045634886 ""
82.4731936226 11.65854421567 0.0468 0.0364 132.6445 "" "" 3340836329760997760 459.313446 2.1513 0.0575 17.213 -15.22 0.056 0.04 0.988 "" "" 16.348278 1.914049 17.298084 15.384035 "" "" 443.364014 472.114777 5440.46307 2.6624 1645.1 11.339 5566.0 15.022 "" "" 0.0028060822472866648 0.00798676 0.004782286 0.012769045 82.4731936226 11.65854421567 459.313446 17.213 -15.220000000000002 16.09463495063782 -13.14881178855896 0.5284219 0.51242185 "" "" 45.24738077033028 "" 23.62258448826668 ""
85.75725522217 11.15829781485 0.0456 0.0347 141.309 "" "" 3340008844182862592 389.671143 2.5327 0.0633 5.356 -3.661 0.063 0.044 1.029 "" "" 16.348392 2.003537 17.35406 15.350522 "" "" 381.487457 399.019501 5439.88518 2.3466 1562.4 8.769 5740.5 11.844 "" "" 0.0027948424454086167 0.0067021204 0.004393393 0.011095514 85.75725522217 11.15829781485 389.671143 5.356 -3.6609999999999996 4.237634950637817 -1.58981178855896 0.53542185 0.51642185 "" "" 8.359785171046354 "" 4.4567201730203365 ""
83.3759761911 7.95036928168 0.0785 0.0637 116.2469 "" "" 3334277158785734016 448.732056 2.2116 0.0918 -3.33 8.017 0.096 0.071 1.76 3654.7 4.2886 16.348572 2.070057 17.388386 15.318329 "" "" 429.037445 472.842926 5438.98764 5.7176 1513.8 9.7543 5913.3 10.519 "" "" 0.0029823608097595466 0.0075319014 0.0042442875 0.011776188 83.3759761911 7.95036928168 448.732056 -3.3300000000000005 8.017 -4.448365049362183 10.08818821144104 0.56842184 0.54342186 "" "" 23.45091955921252 "" 12.841002363068037 ""
86.01648173532 9.05598293198 0.0533 0.042 141.4336 "" "" 3336101489093219712 467.542542 2.1281 0.0673 1.693 -3.648 0.069 0.047 1.195 4275.4 4.4572 16.35184 1.742948 17.15859 15.415643 "" "" 452.279327 483.133484 5422.64015 2.8639 1870.6 7.4703 5406.3 9.8885 "" "" 0.0028143556344682155 0.00515609 0.0042693648 0.009425455 86.01648173532 9.05598293198 467.542542 1.693 -3.648 0.5746349506378174 -1.57681178855896 0.54142183 0.5194219 "" "" 3.7192681787407724 "" 1.9416405352637174 ""
83.01913422256 9.42194057729 0.0485 0.0368 51.0809 "" "" 3337865548126728576 347.553223 2.8301 0.0527 14.481 -17.186 0.06 0.043 0.991 4498.1 4.4858 16.35198 2.146541 17.460361 15.313821 "" "" 340.496735 354.310028 5421.93699 2.9223 1416.7 8.3727 5937.9 10.403 "" "" 0.002816777090244866 0.00699708 0.0042310744 0.011228154 83.01913422256 9.42194057729 347.553223 14.480999999999998 -17.186 13.362634950637817 -15.11481178855896 0.5324218 0.51542187 "" "" 33.23580703856351 "" 17.38059397761825 ""
82.36630288184 10.43846663241 0.0463 0.0349 89.9202 "" "" 3339010144026840320 390.945374 2.527 0.0553 2.308 -14.415 0.052 0.039 1.012 "" "" 16.353378 2.018517 17.373337 15.35482 "" "" 382.927887 397.966675 5414.95915 2.6872 1534.9 8.8524 5717.8 11.991 "" "" 0.0028075072416870804 0.0068553826 0.0044122743 0.011267656 82.36630288184 10.43846663241 390.945374 2.3079999999999994 -14.415000000000013 1.1896349506378172 -12.343811788558959 0.5244219 0.51142186 "" "" 22.98006733318992 "" 11.75529258850789 ""
84.9265609714 10.67145691755 0.0432 0.0324 84.4314 "" "" 3339592129275539840 374.569122 2.6279 0.0522 -0.646 -48.341 0.053 0.038 0.965 4099.2 4.6609 16.354895 1.904077 17.297129 15.393052 "" "" 367.822937 381.951935 5407.40259 2.6982 1646.5 10.507 5520.0 9.7768 "" "" 0.0028080771129798186 0.0074692448 0.0042404835 0.011709728 84.9265609714 10.67145691755 374.569122 -0.6459999999999995 -48.340999999999944 -1.7643650493621825 -46.26981178855896 0.52542186 0.5104219 "" "" 82.20979452306472 "" 41.96349395855856 ""
83.35415266119 8.52365258723 0.0439 0.0332 83.1854 "" "" 3334734177666072576 385.458496 2.5528 0.0524 0.809 -2.606 0.057 0.039 0.987 3570.7 4.2711 16.355947 2.755605 17.89669 15.141086 "" "" 378.322479 393.144287 5402.16666 5.0626 947.85 8.2326 6961.8 17.921 "" "" 0.0029371881587621643 0.0098343305 0.0047005475 0.014534878 83.35415266119 8.52365258723 385.458496 0.8089999999999999 -2.605999999999997 -0.30936504936218256 -0.5348117885589598 0.52942187 0.51142186 "" "" 1.1288450376638428 "" 0.5824770073359313 ""
83.77868233256 10.76398255778 0.1099 0.0841 54.8983 "" "" 3339757915013376000 324.421844 3.0584 0.1392 5.299 -11.193 0.134 0.098 2.669 "" "" 16.358675 2.552217 17.666142 15.113924 "" "" 312.258484 339.830536 5388.61418 14.013 1172.1 9.6786 7138.2 17.278 "" "" 0.0039450721069305235 0.009389589 0.0046032844 0.013992873 83.77868233256 10.76398255778 324.421844 5.299 -11.193 4.180634950637818 -9.12181178855896 0.6064218 0.5704219 "" "" 15.430185958647993 "" 8.900628129951139 ""
84.85563000806 9.56214092555 0.0433 0.0341 66.6962 "" "" 3336407011591325952 387.565643 2.5471 0.0499 2.707 -2.756 0.054 0.04 1.046 "" "" 16.359594 1.941683 17.327394 15.385712 "" "" 380.012878 393.641541 5384.04927 2.9442 1601.2 11.137 5557.4 13.898 "" "" 0.00281856245971497 0.008050702 0.0046536163 0.012704318 84.85563000806 9.56214092555 387.565643 2.707 -2.7559999999999993 1.5886349506378172 -0.6848117885589597 0.52642184 0.51242185 "" "" 3.1780245643184597 "" 1.6660880127119702 ""
81.61478609288 9.17254814439 0.0648 0.041 133.6191 "" "" 3337699281351303552 464.951416 2.1407 0.0717 0.94 -8.976 0.078 0.045 0.99 4161.5 4.6492 16.360744 1.931985 17.323532 15.391547 "" "" 450.677856 479.592651 5378.34479 2.6481 1607.0 7.9168 5527.6 11.625 "" "" 0.002806699423173537 0.0060328217 0.00441561 0.010448432 81.61478609288 9.17254814439 464.951416 0.94 -8.976 -0.17836504936218267 -6.904811788558961 0.55042183 0.51742184 "" "" 15.222381912112667 "" 7.876738540320071 ""
82.31105814863 9.12925382945 0.0438 0.0347 96.3325 "" "" 3338015154723392768 377.633728 2.6157 0.0539 -0.471 -21.745 0.053 0.039 0.929 3949.9 4.4813 16.361692 2.148242 17.470915 15.322673 "" "" 368.995453 387.104645 5373.65622 2.5034 1403.0 8.9547 5889.6 10.931 "" "" 0.0028013621558816057 0.0074703754 0.0042830347 0.01175341 82.31105814863 9.12925382945 377.633728 -0.4709999999999999 -21.745 -1.5893650493621827 -19.67381178855896 0.52542186 0.51142186 "" "" 35.330534210987096 "" 18.072058280321066 ""
84.0221727258 7.59979875868 0.4339 0.3665 135.8094 "" "" 3334425008740340736 425.316711 2.3088 0.0821 -4.453 -10.879 0.344 0.326 0.99 "" "" 16.36469 "" "" "" "" "" 413.641876 438.633057 5358.83557 6.1465 "" "" "" "" "" "" 0.003023676059446765 "" "" "" 84.0221727258 7.59979875868 425.316711 -4.452999999999995 -10.879000000000001 -5.571365049362183 -8.80781178855896 0.81642187 0.79842186 "" "" 21.010723314763673 "" 16.88436311138986 ""
86.07773813983 9.86439773002 0.0452 0.0387 136.6533 "" "" 3336474807652948992 401.043243 2.455 0.0531 1.884 -2.14 0.062 0.042 1.049 3587.8 4.3398 16.365654 2.866075 17.98302 15.116946 "" "" 392.54422 407.229736 5354.08684 6.4194 875.4 9.9335 7118.4 21.622 "" "" 0.003047357427460637 0.012632259 0.005015963 0.017648222 86.07773813983 9.86439773002 401.043243 1.8839999999999995 -2.14 0.7656349506378173 -0.06881178855896009 0.53442186 0.5144219 "" "" 1.4612962752225835 "" 0.7807188399088066 ""
82.4343497114 9.12378283823 0.0449 0.0364 90.029 "" "" 3337826966435746176 471.093201 2.0984 0.0555 -10.421 -3.437 0.054 0.041 1.03 "" "" 16.365788 2.150066 17.473291 15.323225 "" "" 458.792999 483.916656 5353.424 2.5612 1399.9 10.352 5886.6 10.31 "" "" 0.002803855956321184 0.008499821 0.0042308155 0.012730636 82.4343497114 9.12378283823 471.093201 -10.420999999999998 -3.4369999999999967 -11.539365049362182 -1.3658117885589598 0.52642184 0.51342183 "" "" 25.947054838458847 "" 13.654493011809032 ""
84.37280336198 8.60164342728 0.0501 0.0402 83.0245 "" "" 3334781903343079296 339.354279 2.8948 0.0577 -6.413 -7.738 0.061 0.045 0.962 "" "" 16.365929 "" "" "" "" "" 334.127319 346.508209 5352.73125 4.1491 "" "" "" "" "" "" 0.0028809842378066264 "" "" "" 84.37280336198 8.60164342728 339.354279 -6.413000000000008 -7.738 -7.531365049362183 -5.66681178855896 0.5334219 0.51742184 "" "" 15.160789112072395 "" 8.000257443703648 ""
85.47018278865 8.96848236356 0.043 0.0347 113.8686 "" "" 3336126159387588096 357.311188 2.7658 0.0485 23.614 -24.076 0.053 0.038 0.969 "" "" 16.366785 2.375888 17.625381 15.249494 "" "" 352.101501 363.659607 5348.5086 2.6393 1216.9 7.4911 6300.3 9.5256 "" "" 0.002806927420346342 0.0072426856 0.004120489 0.011363175 85.47018278865 8.96848236356 357.311188 23.614 -24.076 22.495634950637818 -22.00481178855896 0.52542186 0.5104219 "" "" 53.29675216935793 "" 27.61526156142631 ""
82.38454930155 11.46132046769 0.0425 0.0311 126.4646 "" "" 3340639276659478912 434.856842 2.2805 0.0534 1.006 -6.557 0.052 0.035 0.975 4156.4 4.5564 16.370079 2.019088 17.386297 15.367209 "" "" 424.479309 444.043549 5332.31103 2.4904 1516.7 9.8509 5652.9 13.661 "" "" 0.0028015926337866684 0.0075837364 0.004600892 0.012184628 82.38454930155 11.46132046769 434.856842 1.006 -6.557 -0.11236504936218261 -4.48581178855896 0.5244219 0.50742185 "" "" 9.249151728215988 "" 4.693321938124106 ""
83.22975329424 10.35174122915 0.0526 0.0367 43.7416 "" "" 3338219732603448320 402.932587 2.4529 0.0608 0.496 -1.787 0.07 0.043 1.054 3593.6 4.3325 16.373049 2.619168 17.737612 15.118443 "" "" 392.654541 412.933289 5317.74591 5.0889 1097.4 23.83 7108.5 83.119 "" "" 0.0029447131790899285 0.023741245 0.013246022 0.036987267 83.22975329424 10.35174122915 402.932587 0.4959999999999996 -1.7870000000000004 -0.6223650493621826 0.2841882114410401 0.5424219 0.51542187 "" "" 1.3067141934287354 "" 0.7028296114827557 ""
81.85201620403 8.68604916864 0.0451 0.0348 133.1034 "" "" 3337601394753639296 393.37027 2.5089 0.0574 1.421 -2.229 0.06 0.042 1.047 3507.4 4.0437 16.374397 2.687552 17.870474 15.182921 "" "" 385.691986 400.924957 5311.13844 3.2082 971.02 9.0767 6698.7 15.59 "" "" 0.002832298700249546 0.010525571 0.004546285 0.015071856 81.85201620403 8.68604916864 393.37027 1.421 -2.229 0.3026349506378174 -0.15781178855896005 0.5324218 0.5144219 "" "" 0.6363980053695494 "" 0.33641601455289066 ""
84.12203159816 8.54673653226 0.0464 0.0359 80.935 "" "" 3334699504393543168 457.417877 2.1582 0.0554 -2.152 -0.049 0.056 0.039 1.044 3603.4 4.0686 16.375238 1.893915 17.310394 15.416479 "" "" 447.901367 469.41214 5307.03192 2.4483 1626.5 11.596 5402.1 11.324 "" "" 0.0028004775018912152 0.008228183 0.0044117626 0.012639945 84.12203159816 8.54673653226 457.417877 -2.152000000000003 -0.04899999999999995 -3.2703650493621828 2.02218821144104 0.5284219 0.51142186 "" "" 8.336721181417799 "" 4.366566612409991 ""
85.30660558935 9.96590286928 0.0656 0.0503 91.3207 "" "" 3336444605442268416 355.173187 2.7995 0.0811 -13.457 -15.758 0.09 0.06 1.227 "" "" 16.377039 1.969086 17.15754 15.188454 "" "" 342.583527 364.09906 5298.23712 5.2446 1872.4 72.816 6664.6 80.873 "" "" 0.002957509979673503 0.04231542 0.013706453 0.056021873 85.30660558935 9.96590286928 355.173187 -13.456999999999985 -15.758 -14.575365049362183 -13.686811788558959 0.56242186 0.5324218 "" "" 33.66073999560852 "" 18.46521864302911 ""
83.55142589276 11.26551747262 0.0717 0.0557 85.9235 "" "" 3339838248081413632 419.460938 2.3588 0.0877 -1.098 -4.899 0.091 0.063 1.471 "" "" 16.378553 2.616561 17.78059 15.164029 "" "" 404.39212 433.489777 5290.84949 8.9123 1054.8 8.261 6816.3 12.645 "" "" 0.003307059935138332 0.008949352 0.00428259 0.013231942 83.55142589276 11.26551747262 419.460938 -1.098 -4.899000000000002 -2.2163650493621825 -2.82781178855896 0.56342185 0.53542185 "" "" 7.1435270378340485 "" 3.902123607408074 ""
84.69396922221 8.76709698648 0.0485 0.0413 85.0456 "" "" 3334811280919306880 392.800842 2.5151 0.0585 9.278 -7.333 0.06 0.045 0.986 3852.9 4.5891 16.380518 2.108828 17.459517 15.350689 "" "" 385.599701 402.518188 5281.28905 2.9671 1417.8 8.507 5739.6 10.953 "" "" 0.0028220323593310527 0.007086937 0.0043100617 0.011396999 84.69396922221 8.76709698648 392.800842 9.277999999999999 -7.3329999999999975 8.159634950637818 -5.26181178855896 0.5324218 0.51742184 "" "" 18.077109791569935 "" 9.545806269279144 ""
82.14145256366 8.36398987459 0.2495 0.1992 131.1623 "" "" 3337390559102643328 436.821472 2.3537 0.334 1.83 3.388 0.341 0.243 5.793 5763.7 4.6031 16.383852 1.085047 16.763264 15.678217 "" "" 387.004181 505.915833 5265.08919 19.318 2692.2 9.9913 4244.9 11.329 "" "" 0.004843679044690445 0.0049011232 0.0047623734 0.009663496 82.14145256366 8.36398987459 436.821472 1.8300000000000016 3.3879999999999995 0.7116349506378175 5.45918821144104 0.81342185 0.71542186 "" "" 11.39906608636094 "" 8.17506043297426 ""
82.97147667843 10.28611696387 0.0473 0.0364 53.7704 "" "" 3338259692981362048 365.934967 2.6961 0.0533 15.702 -23.055 0.063 0.042 1.024 3697.9 4.5675 16.386997 1.996788 17.38911 15.392323 "" "" 359.366089 371.95816 5249.86249 2.4221 1512.8 14.239 5523.7 9.5838 "" "" 0.0028004839512321303 0.010593379 0.0042228405 0.014816219 82.97147667843 10.28611696387 365.934967 15.702 -23.055 14.583634950637817 -20.98381178855896 0.53542185 0.5144219 "" "" 44.324083314976214 "" 23.10855780496306 ""
