Clusters/Collinder_69/Collinder_69_members.tsv
# %ECSV 1.0
# ---
# datatype:
# - name: RA_ICRS_1
#   unit: deg
#   datatype: float64
#   format: '{:15.11f}'
#   description: Right ascension (ICRS) at Ep=2016.0 (ra)
#   meta: !!omap
#   - {ucd: POS_EQ_RA_MAIN}
#   - {width: 15}
#   - {precision: '11'}
# - name: DE_ICRS_1
#   unit: deg
#   datatype: float64
#   format: '{:15.11f}'
#   description: Declination (ICRS) at Ep=2016.0 (dec)
#   meta: !!omap
#   - {ucd: POS_EQ_DEC_MAIN}
#   - {width: 15}
#   - {precision: '11'}
# - name: e_RA_ICRS
#   unit: mas
#   datatype: float64
#   format: '{:7.4f}'
#   description: Standard error of right ascension (ra_error)
#   meta: !!omap
#   - {ucd: ERROR}
#   - {width: 7}
#   - {precision: '4'}
# - name: e_DE_ICRS
#   unit: mas
#   datatype: float64
#   format: '{:7.4f}'
#   description: Standard error of declination (dec_error)
#   meta: !!omap
#   - {ucd: ERROR}
#   - {width: 7}
#   - {precision: '4'}
# - name: _r_1
#   unit: ''
#   datatype: float64
#   format: '{:8.4f}'
#   description: Distance from center (083.76610690000+09.84909478000)[ICRS], at Epoch=J2016.0
#   meta: !!omap
#   - {ucd: POS_ANG_DIST_GENERAL}
#   - {width: 8}
#   - {precision: '4'}
# - name: HIP
#   datatype: int32
#   description: '? HIP cross-id number, van Leeuwen, Cat. I/311 (hip_original_ext_source_id)'
#   meta: !!omap
#   - {ucd: ID_NUMBER}
#   - {width: 6}
#   - values: {'null': -2147483648}
# - name: TYC2
#   datatype: string
#   description: Tycho-2 cross-id name, Hog et al., Cat. I/259 (tyc2_original_ext_source_id)
#   meta: !!omap
#   - {ucd: ID_CROSSID}
#   - {_votable_string_dtype: char}
# - name: Source
#   datatype: int64
#   description: Source identifier, identical to the Gaia-EDR3 source_id (id)
#   meta: !!omap
#   - {ucd: ID_MAIN}
#   - {width: 19}
# - name: rgeo
#   unit: pc
#   datatype: float64
#   format: '{:15.8f}'
#   description: '? Median of the geometric distance posterior (r_med_geo)'
#   meta: !!omap
#   - {ucd: PHYS_DISTANCE_TRUE}
#   - {width: 15}
#   - {precision: '8'}
#   - values: {'null': .nan}
# - name: Plx
#   unit: mas
#   datatype: float64
#   format: '{:9.4f}'
#   description: '? Parallax (parallax)'
#   meta: !!omap
#   - {ucd: POS_PARLX_TRIG}
#   - {width: 9}
#   - {precision: '4'}
#   - values: {'null': .nan}
# - name: e_Plx
#   unit: mas
#   datatype: float32
#   format: '{:7.4f}'
#   description: '? Standard error of parallax (parallax_error)'
#   meta: !!omap
#   - {ucd: ERROR}
#   - {width: 7}
#   - {precision: '4'}
#   - values: {'null': .nan}
# - name: pmRA
#   unit: mas / yr
#   datatype: float64
#   format: '{:9.3f}'
#   description: '? Proper motion in right ascension direction, pmRA*cosDE (pmra)'
#   meta: !!omap
#   - {ucd: POS_EQ_PMRA}
#   - {width: 9}
#   - {precision: '3'}
#   - values: {'null': .nan}
# - name: pmDE
#   unit: mas / yr
#   datatype: float64
#   format: '{:9.3f}'
#   description: '? Proper motion in declination direction (pmdec)'
#   meta: !!omap
#   - {ucd: POS_EQ_PMDEC}
#   - {width: 9}
#   - {precision: '3'}
#   - values: {'null': .nan}
# - name: e_pmRA
#   unit: mas / yr
#   datatype: float32
#   format: '{:6.3f}'
#   description: '? Standard error of proper motion in right ascension direction (pmra_error)'
#   meta: !!omap
#   - {ucd: ERROR}
#   - {width: 6}
#   - {precision: '3'}
#   - values: {'null': .nan}
# - name: e_pmDE
[...]
#         unit: &id001 !astropy.units.Unit {unit: deg}
#         value: !astropy.table.SerializedColumn {name: SkyCoord.dec}
#       distance: !astropy.table.SerializedColumn
#         __class__: astropy.coordinates.distances.Distance
#         unit: !astropy.units.Unit {unit: pc}
#         value: !astropy.table.SerializedColumn {name: SkyCoord.distance}
#       frame: icrs
#       obstime: !astropy.time.Time {format: jyear_str, in_subfmt: '*', jd1: 367701545.0, jd2: 0.0, out_subfmt: '*', precision: 3, scale: tt}
#       pm_dec: !astropy.table.SerializedColumn
#         __class__: astropy.units.quantity.Quantity
#         unit: !astropy.units.Unit {unit: mas / yr}
#         value: !astropy.table.SerializedColumn {name: SkyCoord.pm_dec}
#       pm_ra_cosdec: !astropy.table.SerializedColumn
#         __class__: astropy.units.quantity.Quantity
#         unit: !astropy.units.Unit {unit: mas / yr}
#         value: !astropy.table.SerializedColumn {name: SkyCoord.pm_ra_cosdec}
#       ra: !astropy.table.SerializedColumn
#         __class__: astropy.coordinates.angles.Longitude
#         unit: *id001
#         value: !astropy.table.SerializedColumn {name: SkyCoord.ra}
#         wrap_angle: !astropy.coordinates.Angle
#           unit: *id001
#           value: 360.0
#       representation_type: spherical
# schema: astropy-2.0
RA_ICRS_1 DE_ICRS_1 e_RA_ICRS e_DE_ICRS _r_1 HIP TYC2 Source rgeo Plx e_Plx pmRA pmDE e_pmRA e_pmDE RUWE Teff logg Gmag BP-RP BPmag RPmag RV e_RV b_rgeo B_rgeo FG e_FG FBP e_FBP FRP e_FRP RAVE5 RAVE6 e_Gmag e_BPmag e_RPmag e_BP-RP SkyCoord.ra SkyCoord.dec SkyCoord.distance SkyCoord.pm_ra_cosdec SkyCoord.pm_dec Pmemb
[from data line 161]
84.91226970791 9.61613186087 0.0249 0.0208 69.2062 "" "" 3336408699515800576 391.136108 2.5111 0.0308 1.366 -2.201 0.032 0.024 0.984 3737.2 4.014 15.140231 2.228923 16.299185 14.070262 5.47 4.41 386.373016 395.392578 16552.14851 37.985 4128.0 39.073 18666.0 107.35 "" "" 0.0037148306428648023 0.010648913 0.0072988663 0.017947778 84.91226970791 9.61613186087 391.136108 1.366 -2.2009999999999996 1.0
82.91086086875 11.8073211031 0.0282 0.0212 127.8465 "" "" 3340678446763632512 368.436005 2.6627 0.0317 1.781 -2.516 0.04 0.024 1.006 3855.7 4.1264 15.145881 2.23776 16.313606 14.075846 15.66 8.43 364.292511 372.692444 16466.24032 16.706 4073.6 19.183 18570.0 48.836 "" "" 0.00296735423848061 0.005824621 0.0047367173 0.010561338 82.91086086875 11.8073211031 368.436005 1.781 -2.516 1.0
82.96851569454 9.38577416157 0.0318 0.023 54.7632 "" "" 3337863868794835072 384.46521 2.5481 0.0356 1.897 -1.956 0.04 0.027 1.233 3740.5 4.0161 15.147867 2.347523 16.382868 14.035345 13.31 6.21 379.493683 388.818909 16436.14138 28.383 3821.8 41.613 19276.0 100.56 "" "" 0.0033327337064589808 0.01214665 0.006809259 0.018955909 82.96851569454 9.38577416157 384.46521 1.8970000000000002 -1.9560000000000002 0.9
83.80223963226 9.92209213319 0.0332 0.0256 4.8728 "" "" 3337990823733216000 390.219757 2.5121 0.0428 1.11 -1.409 0.044 0.03 1.19 "" "" 15.155541 2.529229 16.52073 13.9915 -127.44 7.29 385.250519 396.321106 16320.37891 31.465 3366.1 46.738 20071.0 124.07 "" "" 0.00346027446113988 0.01533138 0.0077024978 0.023033878 83.80223963226 9.92209213319 390.219757 1.11 -1.4089999999999998 1.0
83.45275763852 9.37847802651 0.0247 0.0198 33.7779 "" "" 3337896716705396096 391.637085 2.4987 0.0303 0.798 -2.185 0.03 0.022 1.013 6278.1 4.3317 15.165968 2.202886 16.303486 14.1006 -13.44 6.79 386.935272 396.534607 16164.3996 19.534 4111.7 26.61 18152.0 63.415 "" "" 0.0030517713676344485 0.0075603393 0.005354547 0.012914887 83.45275763852 9.37847802651 391.637085 0.798 -2.185 1.0
83.72397894861 9.4491292853 0.0278 0.0233 24.127 "" "" 3337900908593416448 400.279846 2.454 0.033 1.624 -2.14 0.034 0.026 1.015 6164.5 4.4077 15.17667 2.022691 16.187263 14.164573 "" "" 394.713837 405.835999 16005.85353 57.631 4576.3 67.18 17113.0 152.79 "" "" 0.004782739776878286 0.016180964 0.010404473 0.026585437 83.72397894861 9.4491292853 400.279846 1.624 -2.14 1.0
83.35592648699 10.50991765722 0.0271 0.0203 46.4633 "" "" 3339724001951778560 393.37616 2.4869 0.034 0.686 -1.85 0.033 0.023 1.036 3733.8 4.0128 15.189608 2.267648 16.374313 14.106666 22.05 5.31 388.264832 400.077606 15816.2556 26.896 3852.0 30.488 18051.0 77.072 "" "" 0.003316731537611229 0.0090350555 0.005981126 0.015016181 83.35592648699 10.50991765722 393.37616 0.686 -1.8499999999999999 1.0
84.23960227034 9.89050451296 0.0237 0.0189 28.0993 "" "" 3339440121793155840 399.408966 2.4664 0.0278 0.949 -2.237 0.029 0.021 1.003 "" "" 15.194758 2.16996 16.311428 14.141468 25.35 8.39 394.835052 404.185089 15741.39585 32.723 4081.7 38.414 17481.0 124.38 "" "" 0.003561727115129266 0.010592256 0.008600123 0.019192379 84.23960227034 9.89050451296 399.408966 0.9490000000000002 -2.237 1.0
84.65953367748 9.40897484805 0.0262 0.0194 59.0803 "" "" 3336397910558041088 393.413208 2.491 0.0312 1.364 -2.063 0.031 0.021 1.016 4077.5 4.1584 15.195044 2.203847 16.334463 14.130616 "" "" 388.656006 398.595154 15737.27098 175.0 3996.1 165.29 17657.0 572.49 "" "" 0.01238390168723136 0.04499571 0.03540494 0.080400646 84.65953367748 9.40897484805 393.413208 1.3639999999999999 -2.0630000000000006 1.0
82.8447503791 10.138005122 0.0261 0.0202 57.1356 "" "" 3338232651867367424 390.046539 2.5231 0.0301 1.513 -2.13 0.033 0.023 1.057 3992.2 4.2331 15.197159 2.091577 16.263186 14.171609 "" "" 386.247925 394.441742 15706.64359 19.243 4267.2 30.294 17003.0 52.246 "" "" 0.0030596069782200417 0.008197395 0.0050412244 0.01323862 82.8447503791 10.138005122 390.046539 1.5129999999999995 -2.1299999999999994 1.0
83.84402270719 8.6979147657 0.0306 0.0244 69.2247 "" "" 3334754999667421568 385.028748 2.5511 0.0344 0.952 -2.425 0.037 0.028 1.0 6236.5 4.3825 15.198201 2.134166 16.2872 14.153035 58.78 15.2 381.053162 389.093323 15691.56502 33.983 4173.9 42.894 17296.0 97.722 "" "" 0.003622250595160747 0.011501378 0.0072051645 0.018706543 83.84402270719 8.6979147657 385.028748 0.9519999999999998 -2.425 1.0
83.70423080385 9.96723670052 0.0312 0.0233 7.9763 "" "" 3338003816009483136 381.822601 2.5713 0.0358 0.744 -1.992 0.042 0.027 1.016 "" "" 15.203444 2.49937 16.549055 14.049686 35.82 8.0 376.46225 387.713715 15615.98619 14.746 3279.4 17.322 19023.0 57.178 "" "" 0.002939884989447415 0.0063776528 0.0049933656 0.011371018 83.70423080385 9.96723670052 381.822601 0.744 -1.992 1.0
83.82298898934 9.39517769302 0.0262 0.0214 27.4421 "" "" 3337888332929166208 400.369904 2.4466 0.0311 1.73 -2.194 0.033 0.025 1.308 6216.0 4.3831 15.208299 2.063803 16.224298 14.160496 "" "" 394.51712 406.388275 15546.30688 46.541 4422.8 53.134 17177.0 144.85 "" "" 0.004261067138414427 0.0133387465 0.009905155 0.0232439 83.82298898934 9.39517769302 400.369904 1.7300000000000002 -2.194 0.8
83.05451626438 11.21373358393 0.0301 0.0224 92.0107 "" "" 3340573718281237888 408.491638 2.4095 0.0345 0.322 -1.205 0.036 0.025 1.221 "" "" 15.217206 2.366532 16.469786 14.103253 -5.06 21.17 402.427856 414.254486 15419.28802 25.478 3527.8 26.86 18107.0 68.255 "" "" 0.0032878972067417306 0.008724767 0.005570826 0.014295593 83.05451626438 11.21373358393 408.491638 0.32199999999999995 -1.2049999999999998 1.0
83.3649225082 10.79524239966 0.0279 0.0222 61.5102 "" "" 3339785368444424064 388.297913 2.5375 0.0313 2.065 -2.988 0.037 0.027 1.101 "" "" 15.219896 2.119151 16.314764 14.195613 "" "" 383.580994 392.886353 15381.12447 282.31 4069.2 284.76 16631.0 867.68 "" "" 0.02011752150904602 0.07603034 0.056771453 0.13280179 83.3649225082 10.79524239966 388.297913 2.065 -2.988 0.8
83.95568044583 9.63833884185 0.0334 0.0259 16.899 "" "" 3337927876691169792 404.407867 2.4391 0.0363 1.69 -2.223 0.046 0.031 1.044 6222.9 4.3732 15.22479 2.143505 16.322292 14.178787 "" "" 397.352478 410.666504 15311.95802 18.002 4041.1 27.113 16891.0 49.316 "" "" 0.003036641755561164 0.007800616 0.0049328 0.012733416 83.95568044583 9.63833884185 404.407867 1.69 -2.2230000000000003 1.0
82.76362637387 10.47878433948 0.0324 0.0258 70.2326 "" "" 3338280618061748224 383.334229 2.5572 0.0357 0.226 -1.794 0.044 0.03 1.224 "" "" 15.229856 2.568057 16.619734 14.051677 "" "" 378.920319 389.180115 15240.68373 27.331 3072.7 26.909 18988.0 103.97 "" "" 0.003373834983992863 0.009909204 0.0070446404 0.016953845 82.76362637387 10.47878433948 383.334229 0.22600000000000003 -1.7940000000000003 1.0
83.3176599739 10.46467751197 0.0348 0.0251 45.4494 "" "" 3338222618823510016 404.524872 2.4226 0.0423 0.744 -1.864 0.042 0.027 1.116 5634.0 4.2976 15.234168 2.270759 16.430756 14.159997 "" "" 398.501923 410.776276 15180.2671 226.04 3656.9 263.13 17185.0 679.22 "" "" 0.01640013952416277 0.07817329 0.043078743 0.12125203 83.3176599739 10.46467751197 404.524872 0.744 -1.8640000000000005 1.0
82.45340674545 11.11350683688 0.0287 0.0217 108.4128 "" "" 3339114906868952448 397.006104 2.4788 0.0345 1.699 -1.768 0.04 0.026 1.103 6006.5 4.4479 15.243653 2.062588 16.28393 14.221342 75.1 6.22 390.876099 402.422821 15048.23024 21.669 4186.4 33.823 16241.0 58.625 "" "" 0.0031679796436474574 0.009204999 0.0054445975 0.014649596 82.45340674545 11.11350683688 397.006104 1.6989999999999998 -1.768 0.9
83.92674934315 10.94332318211 0.0312 0.024 66.3346 "" "" 3339767054703698432 387.977356 2.5278 0.036 1.871 -1.65 0.042 0.027 1.069 4522.4 4.1571 15.249633 2.261541 16.40266 14.141119 "" "" 382.592346 393.175659 14965.58585 191.93 3752.8 167.56 17487.0 492.3 "" "" 0.0141942933241233 0.04855762 0.03079878 0.0793564 83.92674934315 10.94332318211 387.977356 1.871 -1.6500000000000001 1.0
83.82475507279 9.9046418087 0.0315 0.0253 4.8089 "" "" 3337990553150464640 401.350189 2.4506 0.0413 0.721 -2.103 0.04 0.03 1.037 3744.9 4.0187 15.256308 2.254954 16.426325 14.171371 "" "" 394.302826 408.935638 14873.86453 25.017 3671.9 28.804 17006.0 76.489 "" "" 0.0033055410843038217 0.008962377 0.0061750454 0.015137423 83.82475507279 9.9046418087 401.350189 0.7209999999999999 -2.103 1.0
83.32149788527 8.7685729695 0.0271 0.0208 69.9721 "" "" 3337767107475194752 397.602875 2.4645 0.0335 0.482 -2.382 0.036 0.027 1.089 4630.4 4.2732 15.257369 2.012409 16.263529 14.25112 "" "" 392.54834 403.397369 14859.33196 42.5 4265.8 51.875 15802.0 122.42 "" "" 0.00415152247544824 0.013494877 0.009221397 0.022716274 83.32149788527 8.7685729695 397.602875 0.4820000000000001 -2.382 1.0
85.13468204213 10.10631878738 0.0268 0.0214 82.3319 "" "" 3336462025829623040 413.112183 2.3773 0.0314 1.468 -1.941 0.037 0.024 1.023 3784.2 4.037 15.257876 2.246226 16.4255 14.179275 -1.27 9.86 406.605774 418.42981 14852.38254 20.907 3674.7 26.109 16883.0 80.775 "" "" 0.0031508112642986198 0.0082033165 0.0064239814 0.014627298 85.13468204213 10.10631878738 413.112183 1.468 -1.941 1.0
82.70328292 10.08936264224 0.0271 0.0213 64.4397 "" "" 3338227119949555456 391.777985 2.5062 0.0322 0.358 -1.703 0.032 0.023 1.035 "" "" 15.263099 2.113907 16.320854 14.206947 "" "" 386.23526 397.655975 14781.11474 92.677 4046.5 78.197 16458.0 311.47 "" "" 0.007343987538043059 0.021166127 0.020892397 0.042058524 82.70328292 10.08936264224 391.777985 0.358 -1.703 1.0
85.19732374773 9.1504750914 0.0293 0.0229 94.5 "" "" 3336326029985617280 379.172852 2.5857 0.0372 1.18 -2.332 0.036 0.025 1.128 "" "" 15.273955 2.455924 16.582443 14.126519 4.03 7.12 375.092224 386.728027 14634.04914 34.485 3180.1 32.317 17724.0 110.34 "" "" 0.003760033331412378 0.011380856 0.007744066 0.019124921 85.19732374773 9.1504750914 379.172852 1.18 -2.332 1.0
83.52065839944 9.95104227373 0.0276 0.0206 15.7444 "" "" 3338000994215337472 391.249756 2.5164 0.0326 0.281 -1.95 0.036 0.024 1.038 "" "" 15.276177 2.1443 16.34949 14.205189 "" "" 386.448822 396.803497 14604.12893 35.134 3941.1 50.599 16485.0 86.011 "" "" 0.0037966338882799715 0.014216051 0.0068098744 0.021025926 83.52065839944 9.95104227373 391.249756 0.281 -1.9500000000000002 1.0
82.74171235653 10.02091668346 0.0288 0.0222 61.4134 "" "" 3338225608121079424 400.450653 2.4557 0.0312 0.28 -1.638 0.035 0.025 1.023 3650.7 4.0577 15.288888 2.195209 16.416199 14.22099 "" "" 395.009308 405.193329 14434.16634 50.776 3706.3 71.488 16247.0 131.43 "" "" 0.004709494012922969 0.021126991 0.009561682 0.030688673 82.74171235653 10.02091668346 400.450653 0.28 -1.6380000000000001 1.0
82.24554371755 10.87917624681 0.0269 0.0204 108.967 "" "" 3339103705594339200 396.531097 2.476 0.0318 0.163 -1.43 0.035 0.024 0.995 "" "" 15.300842 2.199417 16.438503 14.239086 "" "" 391.853333 401.751892 14276.11156 29.998 3630.9 30.581 15978.0 87.287 "" "" 0.00357724759376766 0.009560732 0.0070330864 0.016593818 82.24554371755 10.87917624681 396.531097 0.16299999999999998 -1.4299999999999997 0.9
84.59165892637 9.41753877301 0.031 0.0246 55.2745 "" "" 3336398765253890944 397.030029 2.4608 0.0398 0.769 -2.194 0.037 0.027 1.078 "" "" 15.332852 2.65645 16.803179 14.146729 -18.99 5.06 391.027344 403.288422 13861.35438 25.7 2595.0 26.776 17397.0 73.093 "" "" 0.003412346325142137 0.011545183 0.0059239124 0.017469095 84.59165892637 9.41753877301 397.030029 0.769 -2.194 0.9
83.54110264241 10.51262894406 0.0282 0.0219 41.9709 "" "" 3339721901710924800 399.857758 2.455 0.0348 1.699 -1.855 0.032 0.024 1.021 "" "" 15.35092 2.168575 16.46221 14.293634 61.33 7.93 394.287354 405.082184 13632.6018 41.344 3552.5 51.143 15195.0 130.09 "" "" 0.004293478342130935 0.015877705 0.010034339 0.025912043 83.54110264241 10.51262894406 399.857758 1.699 -1.8549999999999998 1.0
83.96843025376 11.02706540544 0.0315 0.0251 71.6794 "" "" 3339770181439859840 399.666473 2.4522 0.0386 0.774 -1.485 0.042 0.029 1.031 "" "" 15.356343 2.214212 16.501326 14.287114 54.68 8.78 393.617401 405.78064 13564.67457 13.353 3426.8 21.129 15287.0 41.693 "" "" 0.0029553525450990827 0.0072526284 0.004801284 0.0120539125 83.96843025376 11.02706540544 399.666473 0.7740000000000001 -1.4850000000000003 0.9
82.88891963825 8.79100211532 0.0279 0.0216 82.0227 "" "" 3337761167537063168 379.462189 2.5891 0.0348 0.556 -2.518 0.033 0.024 1.078 3771.1 4.0293 15.357796 2.302044 16.566608 14.264565 29.0 8.82 374.428741 385.098785 13546.54832 8.209 3226.8 9.8854 15607.0 26.73 "" "" 0.002832785487617849 0.0043414924 0.004212077 0.008553569 82.88891963825 8.79100211532 379.462189 0.556 -2.5180000000000002 0.8
82.98048842968 10.39606575769 0.0314 0.0244 56.8357 "" "" 3338264846942073088 385.549225 2.5464 0.0363 1.603 -2.009 0.042 0.028 1.11 6081.0 4.4548 15.360012 2.106992 16.429081 14.322089 -57.06 5.64 380.872559 390.381348 13518.92006 26.291 3662.6 32.264 14802.0 78.731 "" "" 0.0034713379694008696 0.009962971 0.0069017387 0.01686471 82.98048842968 10.39606575769 385.549225 1.6030000000000002 -2.009 0.9
83.64837526609 9.99535902947 0.035 0.0259 11.1997 "" "" 3338004881161375744 364.875 2.685 0.0413 1.281 -2.058 0.047 0.031 1.075 "" "" 15.360504 2.533761 16.732233 14.198472 35.49 6.04 359.168152 370.21759 13512.79199 21.578 2770.3 21.26 16587.0 90.932 "" "" 0.0032554159145342034 0.008786975 0.007050653 0.015837628 83.64837526609 9.99535902947 364.875 1.281 -2.058 1.0
83.82940927724 9.37612005111 0.0266 0.0217 28.6245 "" "" 3337887748813618304 382.732788 2.5658 0.032 0.86 -2.139 0.032 0.024 0.935 3749.7 4.0961 15.373372 2.229065 16.530048 14.300983 -7.18 7.5 378.123199 387.367737 13353.58674 17.32 3337.3 21.246 15093.0 51.012 "" "" 0.0030943347117950806 0.007453948 0.0052678115 0.012721759 83.82940927724 9.37612005111 382.732788 0.8599999999999999 -2.1389999999999993 1.0
84.44647144644 9.96803635863 0.0605 0.0469 40.8413 "" "" 3339446237824570752 401.989105 2.4266 0.0763 0.876 -1.824 0.074 0.055 1.527 "" "" 15.388972 2.597585 16.4944 13.896815 "" "" 389.776031 414.747742 13163.08767 35.239 3448.7 44.6 21899.0 290.56 "" "" 0.004005034319489543 0.0143157225 0.0148932645 0.029208988 84.44647144644 9.96803635863 401.989105 0.8760000000000001 -1.824 0.9
82.14617122981 10.21243999424 0.0314 0.022 98.1616 "" "" 3338903903715553408 389.536621 2.5106 0.0374 1.512 -2.086 0.037 0.025 1.08 6167.0 4.423 15.393914 2.18511 16.521374 14.336264 "" "" 383.33429 396.049316 13103.31576 20.113 3364.1 25.323 14610.0 64.618 "" "" 0.003220124052154608 0.008635949 0.006110933 0.014746882 82.14617122981 10.21243999424 389.536621 1.5120000000000002 -2.0859999999999994 1.0
84.03883737873 9.78406928267 0.0367 0.0288 16.5895 "" "" 3337939391500257792 395.45932 2.4781 0.0418 1.079 -2.354 0.044 0.031 1.144 "" "" 15.398208 2.660331 16.864212 14.203881 "" "" 387.987305 400.589752 13051.59373 14.917 2453.2 16.834 16505.0 48.594 "" "" 0.003021863830033306 0.007955708 0.0049499623 0.01290567 84.03883737873 9.78406928267 395.45932 1.0789999999999997 -2.354 1.0
82.75724002948 10.55859178044 0.0378 0.0295 73.2207 "" "" 3338283366840803584 373.172363 2.6413 0.0438 1.23 -2.246 0.051 0.034 1.433 "" "" 15.398308 2.510761 16.750366 14.239605 "" "" 366.876129 379.759186 13050.38974 17.12 2724.4 20.294 15970.0 54.156 "" "" 0.0031016849120836043 0.008555393 0.0052763377 0.013831731 82.75724002948 10.55859178044 373.172363 1.23 -2.2459999999999996 0.9
82.84044601295 12.0430691037 0.0359 0.0276 142.4841 "" "" 3340874224256985856 398.030609 2.4654 0.039 0.285 -0.948 0.05 0.033 1.021 "" "" 15.40284 2.808991 16.99068 14.18169 9.72 7.49 390.52951 403.2547 12996.04083 10.417 2183.5 10.004 16845.0 37.781 "" "" 0.0028894923036723186 0.005703522 0.004495966 0.010199487 82.84044601295 12.0430691037 398.030609 0.285 -0.9479999999999998 0.9
