Clusters/Collinder_69/Collinder_69_members.tsv
# %ECSV 1.0
# ---
# datatype:
# - name: RA_ICRS_1
#   unit: deg
#   datatype: float64
#   format: '{:15.11f}'
#   description: Right ascension (ICRS) at Ep=2016.0 (ra)
#   meta: !!omap
#   - {ucd: POS_EQ_RA_MAIN}
#   - {width: 15}
#   - {precision: '11'}
# - name: DE_ICRS_1
#   unit: deg
#   datatype: float64
#   format: '{:15.11f}'
#   description: Declination (ICRS) at Ep=2016.0 (dec)
#   meta: !!omap
#   - {ucd: POS_EQ_DEC_MAIN}
#   - {width: 15}
#   - {precision: '11'}
# - name: e_RA_ICRS
#   unit: mas
#   datatype: float64
#   format: '{:7.4f}'
#   description: Standard error of right ascension (ra_error)
#   meta: !!omap
#   - {ucd: ERROR}
#   - {width: 7}
#   - {precision: '4'}
# - name: e_DE_ICRS
#   unit: mas
#   datatype: float64
#   format: '{:7.4f}'
#   description: Standard error of declination (dec_error)
#   meta: !!omap
#   - {ucd: ERROR}
#   - {width: 7}
#   - {precision: '4'}
# - name: _r_1
#   unit: ''
#   datatype: float64
#   format: '{:8.4f}'
#   description: Distance from center (083.76610690000+09.84909478000)[ICRS], at Epoch=J2016.0
#   meta: !!omap
#   - {ucd: POS_ANG_DIST_GENERAL}
#   - {width: 8}
#   - {precision: '4'}
# - name: HIP
#   datatype: int32
#   description: '? HIP cross-id number, van Leeuwen, Cat. I/311 (hip_original_ext_source_id)'
#   meta: !!omap
#   - {ucd: ID_NUMBER}
#   - {width: 6}
#   - values: {'null': -2147483648}
# - name: TYC2
#   datatype: string
#   description: Tycho-2 cross-id name, Hog et al., Cat. I/259 (tyc2_original_ext_source_id)
#   meta: !!omap
#   - {ucd: ID_CROSSID}
#   - {_votable_string_dtype: char}
# - name: Source
#   datatype: int64
#   description: Source identifier, identical to the Gaia-EDR3 source_id (id)
#   meta: !!omap
#   - {ucd: ID_MAIN}
#   - {width: 19}
# - name: rgeo
#   unit: pc
#   datatype: float64
#   format: '{:15.8f}'
#   description: '? Median of the geometric distance posterior (r_med_geo)'
#   meta: !!omap
#   - {ucd: PHYS_DISTANCE_TRUE}
#   - {width: 15}
#   - {precision: '8'}
#   - values: {'null': .nan}
# - name: Plx
#   unit: mas
#   datatype: float64
#   format: '{:9.4f}'
#   description: '? Parallax (parallax)'
#   meta: !!omap
#   - {ucd: POS_PARLX_TRIG}
#   - {width: 9}
#   - {precision: '4'}
#   - values: {'null': .nan}
# - name: e_Plx
#   unit: mas
#   datatype: float32
#   format: '{:7.4f}'
#   description: '? Standard error of parallax (parallax_error)'
#   meta: !!omap
#   - {ucd: ERROR}
#   - {width: 7}
#   - {precision: '4'}
#   - values: {'null': .nan}
# - name: pmRA
#   unit: mas / yr
#   datatype: float64
#   format: '{:9.3f}'
#   description: '? Proper motion in right ascension direction, pmRA*cosDE (pmra)'
#   meta: !!omap
#   - {ucd: POS_EQ_PMRA}
#   - {width: 9}
#   - {precision: '3'}
#   - values: {'null': .nan}
# - name: pmDE
#   unit: mas / yr
#   datatype: float64
#   format: '{:9.3f}'
#   description: '? Proper motion in declination direction (pmdec)'
#   meta: !!omap
#   - {ucd: POS_EQ_PMDEC}
#   - {width: 9}
#   - {precision: '3'}
#   - values: {'null': .nan}
# - name: e_pmRA
#   unit: mas / yr
#   datatype: float32
#   format: '{:6.3f}'
#   description: '? Standard error of proper motion in right ascension direction (pmra_error)'
#   meta: !!omap
#   - {ucd: ERROR}
#   - {width: 6}
#   - {precision: '3'}
#   - values: {'null': .nan}
# - name: e_pmDE
[...]
#         unit: &id001 !astropy.units.Unit {unit: deg}
#         value: !astropy.table.SerializedColumn {name: SkyCoord.dec}
#       distance: !astropy.table.SerializedColumn
#         __class__: astropy.coordinates.distances.Distance
#         unit: !astropy.units.Unit {unit: pc}
#         value: !astropy.table.SerializedColumn {name: SkyCoord.distance}
#       frame: icrs
#       obstime: !astropy.time.Time {format: jyear_str, in_subfmt: '*', jd1: 367701545.0, jd2: 0.0, out_subfmt: '*', precision: 3, scale: tt}
#       pm_dec: !astropy.table.SerializedColumn
#         __class__: astropy.units.quantity.Quantity
#         unit: !astropy.units.Unit {unit: mas / yr}
#         value: !astropy.table.SerializedColumn {name: SkyCoord.pm_dec}
#       pm_ra_cosdec: !astropy.table.SerializedColumn
#         __class__: astropy.units.quantity.Quantity
#         unit: !astropy.units.Unit {unit: mas / yr}
#         value: !astropy.table.SerializedColumn {name: SkyCoord.pm_ra_cosdec}
#       ra: !astropy.table.SerializedColumn
#         __class__: astropy.coordinates.angles.Longitude
#         unit: *id001
#         value: !astropy.table.SerializedColumn {name: SkyCoord.ra}
#         wrap_angle: !astropy.coordinates.Angle
#           unit: *id001
#           value: 360.0
#       representation_type: spherical
# schema: astropy-2.0
RA_ICRS_1 DE_ICRS_1 e_RA_ICRS e_DE_ICRS _r_1 HIP TYC2 Source rgeo Plx e_Plx pmRA pmDE e_pmRA e_pmDE RUWE Teff logg Gmag BP-RP BPmag RPmag RV e_RV b_rgeo B_rgeo FG e_FG FBP e_FBP FRP e_FRP RAVE5 RAVE6 e_Gmag e_BPmag e_RPmag e_BP-RP SkyCoord.ra SkyCoord.dec SkyCoord.distance SkyCoord.pm_ra_cosdec SkyCoord.pm_dec Pmemb
[from data line 365]
83.0425330605 9.90032202418 0.0553 0.0431 42.8815 "" "" 3338166956047633792 391.137604 2.5218 0.0663 1.51 -2.298 0.067 0.049 1.005 3474.5 4.2565 16.627447 3.008305 18.3789 15.370596 "" "" 381.538422 402.597504 4206.95219 3.7617 607.93 11.369 5635.3 12.121 "" "" 0.0029213507656815595 0.020495342 0.004442683 0.024938025 83.0425330605 9.90032202418 391.137604 1.5100000000000002 -2.298 0.9
85.35960337268 9.17333056924 0.0534 0.0418 102.6425 "" "" 3336144365751496064 398.399109 2.4647 0.0678 1.454 -2.278 0.07 0.049 1.131 "" "" 16.627996 2.867831 18.25954 15.391709 "" "" 390.078308 407.890686 4204.82533 4.138 678.58 11.219 5526.8 17.433 "" "" 0.0029552396291294514 0.018166088 0.005100226 0.023266314 85.35960337268 9.17333056924 398.399109 1.4539999999999997 -2.278 1.0
82.44353787193 10.60039112729 0.0537 0.04 90.1696 "" "" 3339014056740819840 408.953949 2.3967 0.0646 0.744 -2.163 0.063 0.044 1.065 3463.9 4.1589 16.628199 3.055806 18.408043 15.352237 "" "" 398.152374 419.237549 4204.04323 2.8577 591.83 6.9131 5731.4 13.864 "" "" 0.0028524510677126655 0.012985659 0.0046023284 0.017587988 82.44353787193 10.60039112729 408.953949 0.744 -2.1629999999999994 1.0
82.58970829763 10.58381461089 0.0574 0.0448 82.2715 "" "" 3339033401273497472 415.180847 2.3721 0.0684 1.746 -1.953 0.074 0.052 1.054 3383.1 3.9435 16.640608 2.95777 18.345541 15.387771 "" "" 405.995514 427.537262 4156.26698 7.9402 626.9 9.1338 5546.9 30.165 "" "" 0.0034487864756795523 0.016063126 0.0070104147 0.023073541 82.58970829763 10.58381461089 415.180847 1.7459999999999996 -1.953 0.9
82.68065971378 10.19473221517 0.0677 0.0544 67.4026 "" "" 3338237286135043840 408.631836 2.3918 0.0849 1.499 -2.125 0.08 0.061 1.326 "" "" 16.64345 3.084531 18.348022 15.263492 "" "" 394.672729 419.966736 4145.40104 4.1005 625.47 9.5025 6219.6 59.908 "" "" 0.002957230769936649 0.016729446 0.011119914 0.027849361 82.68065971378 10.19473221517 408.631836 1.4989999999999999 -2.125 1.0
84.04688845568 9.7739645719 0.0519 0.043 17.2016 "" "" 3337939322780781696 410.323425 2.4144 0.0656 0.77 -2.081 0.065 0.05 1.056 "" "" 16.650896 2.401947 17.900764 15.498817 "" "" 397.085144 420.956909 4117.06977 149.12 944.3 110.31 5007.6 531.93 "" "" 0.03942169872148506 0.1268628 0.11539373 0.24225652 84.04688845568 9.7739645719 410.323425 0.7699999999999999 -2.0809999999999995 1.0
83.82575551595 9.87338030837 0.068 0.055 3.8153 "" "" 3337987392054541056 375.244537 2.6123 0.0802 0.703 -1.663 0.09 0.064 1.017 3472.6 4.2504 16.65759 2.964027 18.35633 15.392304 "" "" 365.016968 387.315186 4091.76034 3.6623 620.7 12.647 5523.8 22.756 "" "" 0.0029216683846280795 0.02229755 0.00585576 0.02815331 83.82575551595 9.87338030837 375.244537 0.703 -1.6629999999999998 0.8
82.89112264535 10.53884528604 0.058 0.0431 66.2005 "" "" 3338279690348780544 406.244995 2.4369 0.0717 1.353 -1.755 0.075 0.052 0.991 "" "" 16.65997 2.858466 18.313242 15.454776 "" "" 396.863617 415.925476 4082.80506 11.015 645.83 10.58 5214.9 68.18 "" "" 0.004021448380324812 0.018004067 0.014689509 0.032693576 82.89112264535 10.53884528604 406.244995 1.3530000000000002 -1.7550000000000001 0.9
82.84130138176 11.91570014706 0.06 0.0462 135.4398 "" "" 3340871028801246976 402.54834 2.4512 0.0716 0.517 -1.73 0.088 0.053 1.001 3583.4 4.3911 16.667122 2.941187 18.364319 15.423132 "" "" 391.526794 412.57312 4056.00134 4.5629 616.15 8.899 5369.1 18.636 "" "" 0.003013912873397707 0.015927484 0.0053372066 0.02126469 82.84130138176 11.91570014706 402.54834 0.517 -1.7300000000000002 1.0
82.38829103426 10.81509086726 0.0597 0.0443 99.8673 "" "" 3339055052204800000 397.001099 2.473 0.0703 1.515 -1.985 0.077 0.051 1.049 3442.5 4.0662 16.677378 2.729077 18.192984 15.463906 "" "" 386.477631 407.643005 4017.87025 3.6778 721.48 11.95 5171.3 17.035 "" "" 0.0029290796302010383 0.018198404 0.0052034203 0.023401825 82.38829103426 10.81509086726 397.001099 1.5149999999999997 -1.9850000000000003 0.9
83.83336428984 9.81836931921 0.0721 0.0563 4.3827 "" "" 3337986636140305408 404.599915 2.4654 0.0844 1.185 -2.108 0.094 0.067 1.019 3455.0 3.9534 16.686361 2.870748 18.307596 15.436849 "" "" 389.288574 417.598053 3984.76155 3.4385 649.2 14.162 5301.7 14.269 "" "" 0.0029102511805306134 0.023848616 0.0047773104 0.028625926 83.83336428984 9.81836931921 404.599915 1.1849999999999998 -2.108 1.0
82.68784652186 10.3434119756 0.0558 0.0443 70.2604 "" "" 3338252683594489216 389.046722 2.5173 0.0659 1.403 -1.908 0.067 0.049 1.001 3467.0 4.2542 16.688795 3.015226 18.433918 15.418692 "" "" 381.016846 397.845917 3975.83658 3.9201 577.9 10.168 5391.2 15.267 "" "" 0.0029559757329000206 0.019305931 0.0048720697 0.024178002 82.68784652186 10.3434119756 389.046722 1.4029999999999998 -1.908 0.8
83.09393430328 10.69769491753 0.061 0.0453 64.5539 "" "" 3338288452082005760 395.4711 2.4977 0.0762 0.424 -1.6 0.07 0.05 1.02 3470.2 4.2472 16.69478 3.1936 18.572428 15.378828 "" "" 383.763306 409.108704 3953.98214 3.7776 508.68 11.765 5592.8 16.012 "" "" 0.0029441105131955128 0.025265973 0.004893469 0.030159442 83.09393430328 10.69769491753 395.4711 0.424 -1.6000000000000003 0.9
83.38072876084 10.66845592674 0.0609 0.046 54.1716 "" "" 3339774510767127808 399.267029 2.4613 0.0731 1.479 -2.168 0.069 0.051 1.074 3419.0 4.1974 16.694975 3.170314 18.573997 15.403684 "" "" 388.250793 412.180817 3953.27053 3.8377 507.95 9.5336 5466.2 30.826 "" "" 0.00295003321550395 0.020568067 0.0071953745 0.027763441 83.38072876084 10.66845592674 399.267029 1.479 -2.1680000000000006 0.9
84.53053013209 9.24222065658 0.0907 0.0776 58.0657 "" "" 3334891059934725120 398.377075 2.4953 0.0828 1.347 -2.492 0.125 0.091 1.064 3571.9 4.2049 16.696379 2.995267 18.429417 15.43415 "" "" 385.55957 413.35495 3948.16392 3.3035 580.3 11.763 5314.9 11.906 "" "" 0.002901220416871504 0.022184627 0.004494353 0.02667898 84.53053013209 9.24222065658 398.377075 1.347 -2.492 1.0
84.30149264101 9.09532805259 0.0534 0.0424 55.2207 "" "" 3334884879478669568 385.089111 2.5579 0.065 1.249 -2.512 0.069 0.048 1.0 3468.6 4.2868 16.71751 2.962497 18.42806 15.465564 "" "" 377.007874 393.998749 3872.06664 15.549 581.02 14.067 5163.4 50.993 "" "" 0.005157631656534095 0.026434284 0.011369141 0.037803426 84.30149264101 9.09532805259 385.089111 1.2489999999999999 -2.512 1.0
83.61279822161 9.44797833913 0.0484 0.037 25.7188 "" "" 3337902660940094080 384.086365 2.5685 0.0579 1.771 -2.125 0.061 0.042 0.964 3517.4 4.3207 16.717718 2.845193 18.32273 15.477536 "" "" 374.876434 394.466553 3871.3207 9.1802 640.21 11.775 5106.7 29.552 "" "" 0.0037710189422290727 0.020163279 0.007332155 0.027495435 83.61279822161 9.44797833913 384.086365 1.7709999999999997 -2.1249999999999996 0.8
83.79715771322 10.01397390695 0.0973 0.0789 10.0615 "" "" 3338005327837946368 396.948364 2.4684 0.1116 0.84 -2.192 0.117 0.093 1.443 "" "" 16.726778 3.18253 18.548744 15.366214 "" "" 383.00058 416.336456 3839.15418 5.8666 519.9 11.873 5658.1 12.179 "" "" 0.0032162767297028404 0.02495154 0.0044435863 0.029395126 83.79715771322 10.01397390695 396.948364 0.8399999999999997 -2.192 0.8
82.87204164065 8.98625367653 0.0548 0.042 74.032 "" "" 3337812913302996608 376.767242 2.6256 0.0649 1.531 -2.175 0.072 0.05 1.008 3531.7 4.5233 16.72783 2.770142 18.29091 15.520769 "" "" 367.802704 384.625977 3835.43128 2.9542 659.25 6.4786 4907.4 12.173 "" "" 0.0028794353863342017 0.011028563 0.0046408097 0.015669372 82.87204164065 8.98625367653 376.767242 1.5310000000000001 -2.1750000000000003 0.9
83.71917455396 9.93055322113 0.063 0.0461 5.6199 "" "" 3337991373488829440 369.996826 2.6683 0.0724 1.047 -1.699 0.08 0.055 1.071 3488.8 4.3232 16.735504 2.682866 18.207273 15.524407 "" "" 360.074463 379.422974 3808.42401 67.905 712.05 50.498 4891.0 285.8 "" "" 0.019554000607906376 0.07705006 0.063556224 0.14060628 83.71917455396 9.93055322113 369.996826 1.047 -1.6990000000000003 1.0
83.73184009344 9.96613110949 0.0669 0.0504 7.3084 "" "" 3338003639915443200 404.451935 2.4295 0.08 0.693 -2.196 0.088 0.063 1.042 3512.3 4.2797 16.756197 2.914727 18.424116 15.509389 "" "" 392.50708 415.228882 3736.52877 3.1067 583.14 12.738 4959.1 15.359 "" "" 0.0028994311674299927 0.023880176 0.0050587826 0.028938958 83.73184009344 9.96613110949 404.451935 0.6929999999999998 -2.196 1.0
84.04314610983 10.00509270788 0.056 0.0444 18.86 "" "" 3339491283443598976 386.092133 2.545 0.0715 0.804 -2.218 0.069 0.051 1.032 "" "" 16.75948 3.065931 18.5383 15.472368 "" "" 376.364899 396.956299 3725.2476 4.561 524.92 8.2203 5131.1 20.76 "" "" 0.0030592284200818623 0.017230151 0.005794859 0.02302501 84.04314610983 10.00509270788 386.092133 0.804 -2.2179999999999995 1.0
82.02496821882 11.25786295673 0.0626 0.0465 133.0097 "" "" 3339316598532751360 378.546478 2.5952 0.0697 1.727 -2.235 0.081 0.054 1.032 3480.2 4.3007 16.760181 2.864489 18.38729 15.5228 "" "" 370.046417 391.090179 3722.83771 2.2428 603.26 6.7741 4898.2 7.3483 "" "" 0.0028318950414444955 0.012507096 0.0041154344 0.01662253 82.02496821882 11.25786295673 378.546478 1.7269999999999999 -2.235 1.0
83.14910498999 10.83879753723 0.0571 0.0463 69.6599 "" "" 3339795259751347712 411.758392 2.39 0.074 1.315 -2.387 0.065 0.051 1.069 3463.0 4.1525 16.761145 2.702734 18.258053 15.555319 "" "" 400.312775 422.947906 3719.53463 4.8125 679.51 9.0476 4753.7 21.893 "" "" 0.003092762390361142 0.014723252 0.0062679285 0.02099118 83.14910498999 10.83879753723 411.758392 1.315 -2.3869999999999996 0.8
83.81389420746 9.81025091452 0.0698 0.0571 3.6624 "" "" 3337986494405621248 378.351196 2.6184 0.086 0.619 -1.937 0.093 0.066 0.991 3475.8 4.243 16.76808 3.043923 18.539164 15.49524 "" "" 367.413788 392.121002 3695.85162 2.9605 524.51 8.6129 5024.1 12.25 "" "" 0.0028893227887960295 0.018045716 0.0046143136 0.02266003 83.81389420746 9.81025091452 378.351196 0.6190000000000001 -1.9369999999999998 1.0
85.28887746263 9.25631596143 0.0666 0.0517 96.8648 "" "" 3336333520408537216 404.073212 2.4108 0.0782 1.512 -2.466 0.093 0.061 1.069 "" "" 16.76901 2.650654 17.786077 15.135424 "" "" 393.879608 415.165375 3692.68845 73.751 1049.5 59.817 6998.2 290.89 "" "" 0.02185885672752225 0.061945178 0.045288123 0.1072333 85.28887746263 9.25631596143 404.073212 1.512 -2.466 0.8
83.87748542964 9.08582050838 0.0584 0.042 46.2684 "" "" 3334870375373464832 385.124146 2.537 0.0707 1.896 -2.071 0.069 0.047 0.991 3436.1 4.2196 16.770933 2.75987 18.322535 15.562664 "" "" 377.336945 395.681244 3686.15607 3.0161 640.33 8.7711 4721.6 13.19 "" "" 0.0028949955888332673 0.015131645 0.0048459396 0.019977584 83.87748542964 9.08582050838 385.124146 1.8959999999999995 -2.0709999999999997 0.9
84.20910391039 10.5603681259 0.0654 0.0444 50.0557 "" "" 3339549312744278400 399.845673 2.4776 0.0732 0.841 -1.879 0.083 0.053 1.095 "" "" 16.773697 2.068867 17.716356 15.64749 "" "" 391.712555 413.36084 3676.78566 102.7 1119.1 101.69 4366.8 344.9 "" "" 0.030451696400461626 0.09869777 0.08583721 0.18453497 84.20910391039 10.5603681259 399.845673 0.841 -1.879 1.0
84.43362286246 10.13049776091 0.056 0.0419 42.9055 "" "" 3339452903615729024 402.01947 2.4715 0.0667 1.8 -1.944 0.069 0.048 1.037 3471.0 4.4107 16.778906 2.699766 18.28349 15.583723 "" "" 391.072144 415.974365 3659.1873 6.7538 663.77 14.103 4630.9 24.22 "" "" 0.003406996170967475 0.023236563 0.0068212175 0.03005778 84.43362286246 10.13049776091 402.01947 1.7999999999999998 -1.944 0.9
84.57715137555 9.34122058403 0.0653 0.0497 56.8403 "" "" 3334895973377414272 389.361755 2.5325 0.0792 0.953 -2.452 0.078 0.055 1.096 3510.9 4.3237 16.779457 2.873318 18.418404 15.545086 "" "" 376.510559 400.802521 3657.32726 3.5311 586.21 8.461 4798.7 15.021 "" "" 0.002947990154762595 0.015917312 0.005082734 0.021000046 84.57715137555 9.34122058403 389.361755 0.9529999999999998 -2.4520000000000004 0.8
84.35998855274 9.23415352124 0.0723 0.0618 50.9524 "" "" 3334888659049851520 383.748718 2.5466 0.0884 0.943 -2.375 0.094 0.071 1.001 3383.5 4.4074 16.780657 3.016611 18.53095 15.514339 "" "" 370.08255 396.491302 3653.29047 3.997 528.49 8.9603 4936.5 13.073 "" "" 0.003000476484760967 0.018618405 0.0047487863 0.02336719 84.35998855274 9.23415352124 383.748718 0.9430000000000001 -2.3750000000000004 0.9
84.33895011139 11.63720976944 0.0518 0.0389 112.4752 "" "" 3339954796314284800 388.6604 2.5371 0.0604 1.167 -0.912 0.066 0.045 0.988 3462.5 4.2566 16.786568 2.975156 18.498423 15.523267 "" "" 380.428894 397.559052 3633.45393 2.9358 544.56 6.9126 4896.1 9.7925 "" "" 0.002891605853101629 0.01406184 0.004358819 0.018420659 84.33895011139 11.63720976944 388.6604 1.167 -0.9120000000000001 0.8
85.26396297405 9.31192102716 0.0637 0.0498 94.2966 "" "" 3336338326475610752 393.396484 2.4936 0.0784 1.363 -2.105 0.078 0.057 1.15 3332.2 4.0659 16.79253 3.402707 18.85389 15.451182 "" "" 383.609741 406.798157 3613.55861 3.6404 392.52 6.0944 5232.2 12.676 "" "" 0.0029644881478693903 0.01708686 0.0046046437 0.021691503 85.26396297405 9.31192102716 393.396484 1.3630000000000002 -2.105 0.9
84.21281430229 8.97313857611 0.0613 0.0502 58.8339 "" "" 3334856051658223360 375.314789 2.6237 0.0752 1.13 -2.271 0.076 0.056 1.106 "" "" 16.796509 3.019089 18.549067 15.529978 "" "" 366.429474 385.0289 3600.33687 3.4429 519.74 8.4669 4865.9 10.985 "" "" 0.0029444473972351677 0.017906064 0.0045046224 0.022410687 84.21281430229 8.97313857611 375.314789 1.1300000000000001 -2.271 1.0
82.22230846751 10.76183784921 0.0586 0.0457 106.3216 "" "" 3339031515784062848 398.752991 2.4653 0.0697 1.526 -1.807 0.071 0.05 1.051 3460.9 4.4039 16.803669 2.817153 18.40224 15.585088 "" "" 385.926361 409.068024 3576.67201 3.1674 595.0 6.7074 4625.1 11.603 "" "" 0.002918264295936726 0.012553442 0.0046586213 0.017212063 82.22230846751 10.76183784921 398.752991 1.526 -1.8070000000000002 0.9
84.69497536548 8.98283109303 0.0749 0.065 75.6595 "" "" 3334830518076442496 409.198761 2.4149 0.0773 1.11 -2.006 0.099 0.075 1.018 3425.5 4.2119 16.810293 3.099025 18.629948 15.530923 "" "" 397.267853 421.738739 3554.91952 3.6579 482.43 7.5554 4861.7 13.045 "" "" 0.0029731967782543763 0.017231256 0.004771881 0.022003137 84.69497536548 8.98283109303 409.198761 1.1099999999999999 -2.006 1.0
82.86253927729 10.56613597711 0.0622 0.0454 68.5401 "" "" 3338282920164186752 379.035797 2.5838 0.0727 1.575 -1.857 0.083 0.054 0.964 3503.3 4.2656 16.8115 2.918563 18.464003 15.54544 "" "" 368.349487 388.411469 3550.96305 2.8842 562.1 9.843 4797.1 15.851 "" "" 0.0028930054169487357 0.019216102 0.005210997 0.0244271 82.86253927729 10.56613597711 379.035797 1.5749999999999997 -1.8570000000000002 0.9
84.13866533677 9.55427556999 0.0808 0.0659 28.2559 "" "" 3337919565931446016 437.12616 2.2244 0.0959 1.081 -2.064 0.1 0.075 0.985 3427.0 4.2196 16.813164 3.023835 18.565918 15.542083 "" "" 417.870148 456.152954 3545.52879 3.3927 511.74 9.5529 4812.0 14.658 "" "" 0.00294468625829226 0.02045912 0.005022146 0.025481265 84.13866533677 9.55427556999 437.12616 1.0809999999999997 -2.064 1.0
83.65761042065 8.15761644535 0.0584 0.046 101.6921 "" "" 3334661712977872640 375.306946 2.6225 0.0681 1.698 -2.637 0.072 0.056 1.001 3516.0 4.5143 16.822966 2.839774 18.44344 15.603665 "" "" 365.804016 386.690796 3513.66741 3.008 572.85 7.3406 4546.7 11.698 "" "" 0.002907873463188214 0.014189836 0.004699685 0.01888952 83.65761042065 8.15761644535 375.306946 1.698 -2.6369999999999996 1.0
84.14149026639 8.85541826178 0.0641 0.05 63.6278 "" "" 3334848385140730112 378.976959 2.5847 0.075 1.223 -2.546 0.081 0.056 1.067 3409.0 4.1697 16.824142 3.242387 18.742702 15.500316 "" "" 368.833069 388.661469 3509.86208 3.2595 434.85 9.6709 5000.7 18.102 "" "" 0.002934013827805693 0.024307035 0.0054525756 0.02975961 84.14149026639 8.85541826178 378.976959 1.2229999999999996 -2.5460000000000003 0.9
