Clusters/Collinder_69/Collinder_69_stars_in_region.tsv
# %ECSV 1.0
# ---
# datatype:
# - name: RA_ICRS_1
#   unit: deg
#   datatype: float64
#   format: '{:15.11f}'
#   description: Right ascension (ICRS) at Ep=2016.0 (ra)
#   meta: !!omap
#   - {ucd: POS_EQ_RA_MAIN}
#   - {width: 15}
#   - {precision: '11'}
# - name: DE_ICRS_1
#   unit: deg
#   datatype: float64
#   format: '{:15.11f}'
#   description: Declination (ICRS) at Ep=2016.0 (dec)
#   meta: !!omap
#   - {ucd: POS_EQ_DEC_MAIN}
#   - {width: 15}
#   - {precision: '11'}
# - name: e_RA_ICRS
#   unit: mas
#   datatype: float64
#   format: '{:7.4f}'
#   description: Standard error of right ascension (ra_error)
#   meta: !!omap
#   - {ucd: ERROR}
#   - {width: 7}
#   - {precision: '4'}
# - name: e_DE_ICRS
#   unit: mas
#   datatype: float64
#   format: '{:7.4f}'
#   description: Standard error of declination (dec_error)
#   meta: !!omap
#   - {ucd: ERROR}
#   - {width: 7}
#   - {precision: '4'}
# - name: _r_1
#   unit: ''
#   datatype: float64
#   format: '{:8.4f}'
#   description: Distance from center (083.76610690000+09.84909478000)[ICRS], at Epoch=J2016.0
#   meta: !!omap
#   - {ucd: POS_ANG_DIST_GENERAL}
#   - {width: 8}
#   - {precision: '4'}
# - name: HIP
#   datatype: int32
#   description: '? HIP cross-id number, van Leeuwen, Cat. I/311 (hip_original_ext_source_id)'
#   meta: !!omap
#   - {ucd: ID_NUMBER}
#   - {width: 6}
#   - values: {'null': -2147483648}
# - name: TYC2
#   datatype: string
#   description: Tycho-2 cross-id name, Hog et al., Cat. I/259 (tyc2_original_ext_source_id)
#   meta: !!omap
#   - {ucd: ID_CROSSID}
#   - {_votable_string_dtype: char}
# - name: Source
#   datatype: int64
#   description: Source identifier, identical to the Gaia-EDR3 source_id (id)
#   meta: !!omap
#   - {ucd: ID_MAIN}
#   - {width: 19}
# - name: rgeo
#   unit: pc
#   datatype: float64
#   format: '{:15.8f}'
#   description: '? Median of the geometric distance posterior (r_med_geo)'
#   meta: !!omap
#   - {ucd: PHYS_DISTANCE_TRUE}
#   - {width: 15}
#   - {precision: '8'}
#   - values: {'null': .nan}
# - name: Plx
#   unit: mas
#   datatype: float64
#   format: '{:9.4f}'
#   description: '? Parallax (parallax)'
#   meta: !!omap
#   - {ucd: POS_PARLX_TRIG}
#   - {width: 9}
#   - {precision: '4'}
#   - values: {'null': .nan}
# - name: e_Plx
#   unit: mas
#   datatype: float32
#   format: '{:7.4f}'
#   description: '? Standard error of parallax (parallax_error)'
#   meta: !!omap
#   - {ucd: ERROR}
#   - {width: 7}
#   - {precision: '4'}
#   - values: {'null': .nan}
# - name: pmRA
#   unit: mas / yr
#   datatype: float64
#   format: '{:9.3f}'
#   description: '? Proper motion in right ascension direction, pmRA*cosDE (pmra)'
#   meta: !!omap
#   - {ucd: POS_EQ_PMRA}
#   - {width: 9}
#   - {precision: '3'}
#   - values: {'null': .nan}
# - name: pmDE
#   unit: mas / yr
#   datatype: float64
#   format: '{:9.3f}'
#   description: '? Proper motion in declination direction (pmdec)'
#   meta: !!omap
#   - {ucd: POS_EQ_PMDEC}
#   - {width: 9}
#   - {precision: '3'}
#   - values: {'null': .nan}
# - name: e_pmRA
#   unit: mas / yr
#   datatype: float32
#   format: '{:6.3f}'
#   description: '? Standard error of proper motion in right ascension direction (pmra_error)'
#   meta: !!omap
#   - {ucd: ERROR}
#   - {width: 6}
#   - {precision: '3'}
#   - values: {'null': .nan}
# - name: e_pmDE
[...]
#         value: !astropy.table.SerializedColumn {name: SkyCoord.dec}
#       distance: !astropy.table.SerializedColumn
#         __class__: astropy.coordinates.distances.Distance
#         unit: !astropy.units.Unit {unit: pc}
#         value: !astropy.table.SerializedColumn {name: SkyCoord.distance}
#       frame: icrs
#       obstime: !astropy.time.Time {format: jyear_str, in_subfmt: '*', jd1: 367701545.0, jd2: 0.0, out_subfmt: '*', precision: 3, scale: tt}
#       pm_dec: !astropy.table.SerializedColumn
#         __class__: astropy.units.quantity.Quantity
#         unit: !astropy.units.Unit {unit: mas / yr}
#         value: !astropy.table.SerializedColumn {name: SkyCoord.pm_dec}
#       pm_ra_cosdec: !astropy.table.SerializedColumn
#         __class__: astropy.units.quantity.Quantity
#         unit: !astropy.units.Unit {unit: mas / yr}
#         value: !astropy.table.SerializedColumn {name: SkyCoord.pm_ra_cosdec}
#       ra: !astropy.table.SerializedColumn
#         __class__: astropy.coordinates.angles.Longitude
#         unit: *id001
#         value: !astropy.table.SerializedColumn {name: SkyCoord.ra}
#         wrap_angle: !astropy.coordinates.Angle
#           unit: *id001
#           value: 360.0
#       representation_type: spherical
# schema: astropy-2.0
RA_ICRS_1 DE_ICRS_1 e_RA_ICRS e_DE_ICRS _r_1 HIP TYC2 Source rgeo Plx e_Plx pmRA pmDE e_pmRA e_pmDE RUWE Teff logg Gmag BP-RP BPmag RPmag RV e_RV b_rgeo B_rgeo FG e_FG FBP e_FBP FRP e_FRP RAVE5 RAVE6 e_Gmag e_BPmag e_RPmag e_BP-RP SkyCoord.ra SkyCoord.dec SkyCoord.distance SkyCoord.pm_ra_cosdec SkyCoord.pm_dec rmRA rmDE e_rmRA e_rmDE rRV e_rRV v_pec v_pec3d e_vpec e_vpec3d
[from data line 2536]
83.59755468195 10.74893007541 0.0469 0.0384 54.8993 "" "" 3339781996893568000 419.480255 2.3556 0.0546 6.944 -15.422 0.061 0.043 1.022 4285.0 4.6573 16.476582 1.924619 17.435335 15.510716 "" "" 409.255402 430.93335 4834.08082 2.6082 1449.7 8.0186 4953.0 16.274 "" "" 0.002816905056919485 0.006621959 0.005197113 0.011819072 83.59755468195 10.74893007541 419.480255 6.943999999999999 -15.421999999999999 5.825634950637817 -13.35081178855896 0.5334219 0.51542187 "" "" 28.963052866424093 "" 15.012793381448933 ""
84.39835681829 9.76014214505 0.0443 0.034 37.76 "" "" 3339422804485016704 395.058624 2.4861 0.0567 0.704 -1.921 0.053 0.039 0.93 3415.7 4.0149 16.477692 2.795168 18.0432 15.248032 "" "" 386.770691 403.183289 4829.14269 8.8595 828.2 14.556 6308.8 33.917 "" "" 0.003399908967682887 0.019285224 0.006953785 0.02623901 84.39835681829 9.76014214505 395.058624 0.704 -1.9209999999999994 -0.41436504936218266 0.15018821144104 0.52542186 0.51142186 "" "" 0.825326655744392 "" 0.4323188184821669 ""
83.25142773724 11.69713820662 0.1149 0.0837 114.9572 "" "" 3340661816647914880 375.649109 2.656 0.1488 2.292 -1.246 0.153 0.106 2.504 "" "" 16.478497 2.950304 17.947134 14.99683 "" "" 353.580261 398.826294 4825.56092 9.8556 904.82 12.269 7951.1 104.19 "" "" 0.003536807026401484 0.014984218 0.014720747 0.029704966 83.25142773724 11.69713820662 375.649109 2.292 -1.246 1.1736349506378172 0.82518821144104 0.6254219 0.57842183 "" "" 2.5545876011642368 "" 1.5589992262986334 ""
83.16348397588 9.27489350318 0.0532 0.0422 49.5804 "" "" 3337846723285370496 379.621429 2.5872 0.0652 0.519 -2.169 0.062 0.049 0.982 3435.6 4.0176 16.480581 2.881652 18.126257 15.244605 "" "" 368.202545 390.130188 4816.30753 4.8848 767.21 10.526 6328.7 16.381 "" "" 0.002967217356456936 0.015155186 0.004709716 0.019864902 83.16348397588 9.27489350318 379.621429 0.5189999999999999 -2.1689999999999974 -0.5993650493621826 -0.09781178855896 0.53442186 0.52142185 "" "" 1.0927676245339095 "" 0.5836347602705367 ""
83.84633611302 7.97639579172 0.043 0.0349 112.4625 "" "" 3334643257501369600 449.186951 2.203 0.0526 -0.834 -11.249 0.055 0.039 1.049 4238.8 4.6771 16.487362 1.982972 17.488493 15.505521 "" "" 438.710571 459.713287 4786.32028 2.5732 1380.4 8.1727 4976.8 9.8561 "" "" 0.002816470333359705 0.007007564 0.004348229 0.011355793 83.84633611302 7.97639579172 449.186951 -0.8339999999999999 -11.249000000000002 -1.9523650493621827 -9.17781178855896 0.52742183 0.51142186 "" "" 19.97814925194991 "" 10.231307809450577 ""
83.7431895087 9.89642500384 0.0695 0.0539 3.1464 "" "" 3337991034186817024 361.722565 2.7154 0.0768 0.735 -1.875 0.087 0.063 1.098 3530.9 4.2609 16.489058 3.213003 18.391323 15.17832 "" "" 352.954742 371.667633 4778.85167 4.2204 601.02 17.411 6727.1 16.654 "" "" 0.0029173957976269794 0.0315763 0.004637736 0.036214035 83.7431895087 9.89642500384 361.722565 0.735 -1.8749999999999996 -0.38336504936218263 0.19618821144104004 0.55942184 0.53542185 "" "" 0.738375712868394 "" 0.40944877949120456 ""
84.08287296877 7.64287837902 0.0463 0.0359 133.699 "" "" 3334426486209076992 371.699829 2.6468 0.0554 1.199 -33.688 0.059 0.041 1.074 "" "" 16.496063 2.415449 17.777597 15.362148 "" "" 363.307648 379.169525 4748.12155 2.9122 1057.7 11.899 5679.4 12.256 "" "" 0.0028346502628808683 0.012529035 0.0044467216 0.016975757 84.08287296877 7.64287837902 371.699829 1.1989999999999996 -33.688 0.08063495063781745 -31.616811788558962 0.53142184 0.51342183 "" "" 55.704488320089254 "" 28.59990716449394 ""
82.02493490397 9.80643986327 0.0477 0.037 102.9689 "" "" 3338136268504086912 469.152832 2.1133 0.055 10.707 -3.691 0.061 0.042 0.99 4419.2 4.641 16.497936 1.84973 17.41579 15.56606 "" "" 458.924438 481.893646 4739.93272 2.1948 1476.0 8.8568 4706.9 10.839 "" "" 0.0028008107991310247 0.0070873373 0.004531538 0.011618875 82.02493490397 9.80643986327 469.152832 10.707000000000011 -3.6910000000000025 9.588634950637818 -1.6198117885589598 0.5334219 0.5144219 "" "" 21.625169926123203 "" 11.524136165931873 ""
83.2140452837 10.96685780095 0.0494 0.0386 74.5597 "" "" 3339803098069121024 405.514343 2.4382 0.0557 1.47 -1.782 0.059 0.044 0.985 3628.6 4.4568 16.498991 2.595351 17.927994 15.332643 "" "" 397.621033 413.227142 4735.3327 4.0782 920.91 10.403 5835.8 13.396 "" "" 0.0029096628518792862 0.012578314 0.004527168 0.017105483 83.2140452837 10.96685780095 405.514343 1.4700000000000006 -1.7819999999999994 0.35163495063781736 0.28918821144104 0.53142184 0.51642185 "" "" 0.8751048219029904 "" 0.4597987544166398 ""
82.55696585635 11.13548407428 0.0529 0.0372 105.0989 "" "" 3339115246170890496 463.320312 2.1319 0.0605 20.298 -4.385 0.065 0.041 1.058 "" "" 16.500444 1.786589 17.367962 15.581373 "" "" 450.46936 477.612213 4728.99503 2.3462 1542.5 8.4426 4641.0 15.868 "" "" 0.002807481378523077 0.0065650097 0.0052975826 0.011862593 82.55696585635 11.13548407428 463.320312 20.298 -4.385 19.179634950637816 -2.3138117885589597 0.5374218 0.51342183 "" "" 42.42653384799877 "" 22.7866602256487 ""
82.03992667585 8.87140851285 0.1108 0.0754 117.8304 "" "" 3337628745105259776 464.595001 2.1315 0.1307 5.792 -26.086 0.136 0.087 2.069 4137.1 4.676 16.501549 1.959564 17.428785 15.469221 "" "" 442.842438 488.579651 4724.1926 5.1551 1458.5 8.2995 5146.0 13.231 "" "" 0.002999244518289851 0.006779128 0.004698568 0.011477696 82.03992667585 8.87140851285 464.595001 5.792000000000007 -26.086000000000002 4.673634950637817 -24.01481178855896 0.60842186 0.55942184 "" "" 53.87714334494123 "" 30.24044265483943 ""
83.54326380763 10.2167613749 0.0577 0.0429 25.6903 "" "" 3338200216274107392 389.193054 2.5368 0.0665 0.821 -1.719 0.068 0.048 1.1 3485.2 4.2457 16.50173 3.230242 18.41662 15.186379 "" "" 381.067261 397.509247 4723.40299 3.4917 587.18 10.309 6677.4 14.069 "" "" 0.002869839219482623 0.01926517 0.004417787 0.023682956 83.54326380763 10.2167613749 389.193054 0.8210000000000007 -1.719 -0.29736504936218267 0.35218821144103996 0.54042184 0.52042186 "" "" 0.8503242705140093 "" 0.44968350292335857 ""
83.06572377774 7.64544948773 0.0474 0.0365 138.5881 "" "" 3334242111852723328 377.472412 2.5996 0.06 1.104 -2.312 0.059 0.043 0.888 3567.8 4.3221 16.502125 2.832744 18.110798 15.278054 "" "" 369.444 386.968964 4721.6822 3.6851 778.21 11.496 6136.7 20.657 "" "" 0.0028826789008165954 0.016279772 0.0052574575 0.02153723 83.06572377774 7.64544948773 377.472412 1.1040000000000003 -2.3120000000000034 -0.014365049362182525 -0.2408117885589598 0.53142184 0.51542187 "" "" 0.4316310050343726 "" 0.2224969250182903 ""
83.5739264788 9.23846136003 0.0499 0.0391 38.3621 "" "" 3337890871252429824 381.904449 2.5796 0.0566 -1.091 -13.689 0.061 0.044 1.018 4118.0 4.6754 16.505049 2.027656 17.526863 15.499208 "" "" 374.104919 389.425476 4708.98319 2.5263 1332.5 7.3062 5005.8 12.618 "" "" 0.0028162162536236575 0.006574598 0.0046662344 0.0112408325 83.5739264788 9.23846136003 381.904449 -1.0909999999999986 -13.688999999999998 -2.209365049362183 -11.61781178855896 0.5334219 0.51642185 "" "" 21.407789069826315 "" 11.068353864694712 ""
85.88195265866 10.17815954153 0.051 0.0427 126.5659 "" "" 3336521262019010560 392.158112 2.5259 0.0619 10.338 1.232 0.066 0.049 1.082 4002.7 4.6904 16.506075 1.990138 17.503462 15.513324 "" "" 382.352295 401.139923 4704.53594 2.0546 1361.5 9.8572 4941.2 9.5779 "" "" 0.0027958231922213836 0.008341185 0.004325843 0.012667028 85.88195265866 10.17815954153 392.158112 10.338 1.232 9.219634950637817 3.3031882114410402 0.53842187 0.52142185 "" "" 18.2044536990679 "" 9.766964254050002 ""
84.46682875659 10.30027823253 0.0539 0.0409 49.4609 "" "" 3339526983211594752 459.590607 2.1509 0.0571 9.536 -19.366 0.075 0.05 1.074 4317.6 4.6494 16.507343 1.86941 17.428814 15.559404 "" "" 447.63269 471.206879 4699.04511 2.5087 1458.4 7.9025 4735.8 11.183 "" "" 0.002815631320336542 0.0065112873 0.0045669414 0.011078229 84.46682875659 10.30027823253 459.590607 9.536 -19.36600000000001 8.417634950637817 -17.29481178855896 0.5474219 0.52242184 "" "" 41.90164125931265 "" 22.094804544936814 ""
84.82861092022 10.26104004056 0.0972 0.0782 67.4618 "" "" 3339469602448446208 424.669037 2.3648 0.131 -0.907 -1.236 0.129 0.096 1.875 4171.5 4.6953 16.508158 1.821231 17.351208 15.529977 "" "" 403.918365 447.97403 4695.51996 7.5455 1566.5 10.428 4865.9 16.99 "" "" 0.0032612693321620485 0.00774748 0.005353079 0.013100559 84.82861092022 10.26104004056 424.669037 -0.9069999999999998 -1.236 -2.0253650493621826 0.83518821144104 0.60142183 0.56842184 "" "" 4.409947341857503 "" 2.631588633263256 ""
82.80208895939 10.42317871839 0.0544 0.0433 66.5462 "" "" 3338276529252885760 354.239899 2.7909 0.0697 28.859 -10.795 0.074 0.05 1.022 3580.1 4.4302 16.508497 2.394585 17.793646 15.399061 "" "" 345.482483 363.125824 4694.05546 2.7648 1042.2 8.8301 5489.5 10.278 "" "" 0.002828559401584878 0.009612802 0.0042913994 0.013904202 82.80208895939 10.42317871839 354.239899 28.859 -10.794999999999998 27.74063495063782 -8.72381178855896 0.5464219 0.52242184 "" "" 48.82818238310199 "" 26.57743906301898 ""
84.026275817 10.76036084459 0.0483 0.0364 56.792 "" "" 3339744132462358144 476.934265 2.0582 0.0574 -4.587 7.657 0.065 0.043 1.086 4742.8 4.5139 16.509277 2.107386 17.574118 15.466732 "" "" 464.233276 488.999512 4690.68165 2.6726 1275.8 10.134 5157.8 8.2158 "" "" 0.0028239116819011893 0.009064389 0.00415629 0.013220679 84.026275817 10.76036084459 476.934265 -4.587 7.656999999999995 -5.705365049362182 9.72818821144104 0.5374218 0.51542187 "" "" 25.49537261581739 "" 13.286676554751674 ""
85.78168441374 9.5622600112 0.0491 0.0374 120.4393 "" "" 3336182028321892608 474.586578 2.0561 0.0623 3.23 -8.867 0.065 0.044 1.14 4316.6 4.6006 16.509323 1.911342 17.460377 15.549035 "" "" 464.234009 487.368988 4690.4862 2.5213 1416.7 10.224 4781.3 11.401 "" "" 0.0028164521933791184 0.008317468 0.004581082 0.012898549 85.78168441374 9.5622600112 474.586578 3.23 -8.867000000000012 2.1116349506378174 -6.795811788558961 0.5374218 0.51642185 "" "" 16.008457048425353 "" 8.297264130729838 ""
83.22783363224 10.14510976875 0.0685 0.0498 36.429 "" "" 3338207534899205888 398.901184 2.4679 0.0826 1.863 -1.891 0.089 0.057 1.04 3466.5 4.0838 16.510323 2.709305 18.017576 15.308271 "" "" 387.62915 411.416656 4686.16921 23.69 847.98 22.225 5968.3 80.716 "" "" 0.006141488636684332 0.028592894 0.01516221 0.043755103 83.22783363224 10.14510976875 398.901184 1.8630000000000004 -1.891 0.7446349506378174 0.18018821144104002 0.5614219 0.52942187 "" "" 1.4485845571260036 "" 0.8107721352393007 ""
82.96721882492 10.06240528287 0.0497 0.0398 48.9155 "" "" 3338185471649933952 411.558716 2.3735 0.0596 1.57 -2.063 0.061 0.044 1.077 3488.2 4.1111 16.51035 2.893026 18.157375 15.264349 "" "" 400.598053 422.629669 4686.0481 3.7187 745.53 7.0229 6214.7 11.441 "" "" 0.002886893533925629 0.010601405 0.0042753834 0.0148767885 82.96721882492 10.06240528287 411.558716 1.5699999999999996 -2.063 0.45163495063781744 0.008188211441039872 0.5334219 0.51642185 "" "" 0.8811889726430051 "" 0.4700406291683773 ""
82.09473130541 10.04122898357 0.0595 0.0431 99.4459 "" "" 3338143660144519936 448.511383 2.2005 0.0652 1.4 -7.168 0.08 0.049 1.022 3632.9 4.148 16.51104 2.391581 17.782175 15.390595 "" "" 436.539825 459.860718 4683.06942 3.187 1053.3 9.7534 5532.5 10.978 "" "" 0.002852672030251954 0.010433743 0.004350306 0.014784049 82.09473130541 10.04122898357 448.511383 1.399999999999999 -7.168000000000001 0.2816349506378173 -5.09681178855896 0.55242187 0.52142185 "" "" 10.852065921888128 "" 5.659558691811004 ""
84.48770545118 8.72010483917 0.0451 0.0365 80.0893 "" "" 3334789767426526336 440.99469 2.2403 0.0559 14.331 -12.397 0.057 0.042 0.977 3621.2 4.2621 16.511257 2.005459 17.521158 15.515699 "" "" 430.065948 449.864899 4682.13331 2.7734 1339.5 11.84 4930.4 11.136 "" "" 0.002829380617689454 0.009994324 0.0045052683 0.014499593 84.48770545118 8.72010483917 440.99469 14.330999999999996 -12.397 13.212634950637817 -10.32581178855896 0.52942187 0.5144219 "" "" 35.05228685867844 "" 18.35985564585988 ""
83.9665550345 11.2046403501 0.0537 0.0397 82.1877 "" "" 3339913285454572672 421.78006 2.3196 0.0677 -4.924 1.755 0.065 0.046 0.966 4265.1 4.5874 16.511547 1.943893 17.484022 15.54013 "" "" 412.661774 432.183167 4680.88726 2.3559 1386.1 10.531 4820.7 13.178 "" "" 0.0028089856744148677 0.008708068 0.004805491 0.0135135595 83.9665550345 11.2046403501 421.78006 -4.923999999999996 1.7550000000000003 -6.042365049362183 3.82618821144104 0.5374218 0.5184218 "" "" 14.298377035712415 "" 7.607495925073647 ""
84.88247323318 9.93670088142 0.063 0.0513 66.195 "" "" 3336453023578233344 396.578308 2.4753 0.0772 1.289 -2.192 0.079 0.06 1.18 3469.5 4.1628 16.51181 3.0894 18.310135 15.220735 "" "" 384.99054 408.64743 4679.7505 6.6583 647.68 7.1806 6469.4 19.486 "" "" 0.0031588156266547144 0.012356319 0.004997836 0.017354155 84.88247323318 9.93670088142 396.578308 1.2889999999999997 -2.1920000000000006 0.1706349506378173 -0.12081178855896013 0.5514219 0.5324218 "" "" 0.3930126383548633 "" 0.21425137189633342 ""
85.46565352856 8.555684444 0.0477 0.0364 127.1004 "" "" 3334558668122819584 396.077454 2.4967 0.0614 0.191 -26.562 0.061 0.042 0.995 4098.5 4.6622 16.511948 2.015075 17.52862 15.513545 "" "" 387.709076 406.183044 4679.15897 2.5692 1330.4 8.1777 4940.2 12.403 "" "" 0.0028190747348384565 0.0072335787 0.0046598436 0.011893422 85.46565352856 8.555684444 396.077454 0.19100000000000023 -26.56200000000001 -0.9273650493621826 -24.49081178855896 0.5334219 0.5144219 "" "" 46.012175912386745 "" 23.670944824756514 ""
83.57760383954 8.43352705632 0.0484 0.0393 85.6649 "" "" 3334717478833207040 327.277313 3.0184 0.0594 2.394 -2.82 0.061 0.046 1.023 3915.0 4.7078 16.51683 2.129383 17.612051 15.482668 "" "" 321.437531 333.204834 4658.16386 2.8058 1232.0 9.3206 5082.7 11.545 "" "" 0.0028318691197670373 0.008675004 0.0045128423 0.013187846 83.57760383954 8.43352705632 327.277313 2.3939999999999975 -2.8200000000000003 1.2756349506378175 -0.7488117885589598 0.5334219 0.5184218 "" "" 2.2946385793595034 "" 1.2152824326954992 ""
84.03237398142 11.22266793617 0.0492 0.0382 83.8977 "" "" 3339913560332489472 471.694946 2.0881 0.062 4.138 -9.936 0.057 0.044 1.003 4323.5 4.6731 16.517944 1.923856 17.470322 15.546466 "" "" 459.867554 484.022522 4653.38393 2.281 1403.7 12.875 4792.6 11.062 "" "" 0.0028062490709318405 0.010342064 0.0045347465 0.014876811 84.03237398142 11.22266793617 471.694946 4.138 -9.936 3.0196349506378173 -7.86481178855896 0.52942187 0.51642185 "" "" 18.835951030782784 "" 9.75909968348679 ""
83.85286405125 10.37282138221 0.0538 0.0431 31.8387 "" "" 3339709433422784768 378.587952 2.6029 0.061 0.78 -2.097 0.065 0.049 1.095 "" "" 16.519674 3.417168 18.59581 15.178642 "" "" 369.373322 386.041626 4645.97354 4.7129 497.84 7.8576 6725.1 17.217 "" "" 0.0029672916405951485 0.017362252 0.004691474 0.022053726 83.85286405125 10.37282138221 378.587952 0.78 -2.097000000000001 -0.3383650493621826 -0.025811788558959936 0.5374218 0.52142185 "" "" 0.6089625627935092 "" 0.3272142338590869 ""
83.54669828011 10.74114389098 0.0474 0.037 55.0679 "" "" 3339780729879715712 407.093475 2.3978 0.0558 1.972 -2.33 0.061 0.042 0.968 3386.8 4.1235 16.520456 3.178543 18.3972 15.218657 "" "" 398.074005 418.910553 4642.62897 5.1353 597.77 9.3319 6481.8 24.948 "" "" 0.003005674381503096 0.017177748 0.0056344587 0.022812206 83.54669828011 10.74114389098 407.093475 1.9719999999999993 -2.3300000000000005 0.8536349506378174 -0.25881178855896003 0.5334219 0.5144219 "" "" 1.7212369440483806 "" 0.9154373498261774 ""
