Clusters/Markarian_50/Markarian_50_members.tsv
# %ECSV 1.0
# ---
# datatype:
# - name: RA_ICRS_1
#   unit: deg
#   datatype: float64
#   format: '{:15.11f}'
#   description: Right ascension (ICRS) at Ep=2016.0 (ra)
#   meta: !!omap
#   - {ucd: POS_EQ_RA_MAIN}
#   - {width: 15}
#   - {precision: '11'}
# - name: DE_ICRS_1
#   unit: deg
#   datatype: float64
#   format: '{:15.11f}'
#   description: Declination (ICRS) at Ep=2016.0 (dec)
#   meta: !!omap
#   - {ucd: POS_EQ_DEC_MAIN}
#   - {width: 15}
#   - {precision: '11'}
# - name: e_RA_ICRS
#   unit: mas
#   datatype: float64
#   format: '{:7.4f}'
#   description: Standard error of right ascension (ra_error)
#   meta: !!omap
#   - {ucd: ERROR}
#   - {width: 7}
#   - {precision: '4'}
# - name: e_DE_ICRS
#   unit: mas
#   datatype: float64
#   format: '{:7.4f}'
#   description: Standard error of declination (dec_error)
#   meta: !!omap
#   - {ucd: ERROR}
#   - {width: 7}
#   - {precision: '4'}
# - name: _r_1
#   unit: ''
#   datatype: float64
#   format: '{:7.4f}'
#   description: Distance from center (348.81191506000+60.45060355000)[ICRS], at Epoch=J2016.0
#   meta: !!omap
#   - {ucd: POS_ANG_DIST_GENERAL}
#   - {width: 7}
#   - {precision: '4'}
# - name: HIP
#   datatype: int32
#   description: '? HIP cross-id number, van Leeuwen, Cat. I/311 (hip_original_ext_source_id)'
#   meta: !!omap
#   - {ucd: ID_NUMBER}
#   - {width: 6}
#   - values: {'null': -2147483648}
# - name: TYC2
#   datatype: string
#   description: Tycho-2 cross-id name, Hog et al., Cat. I/259 (tyc2_original_ext_source_id)
#   meta: !!omap
#   - {ucd: ID_CROSSID}
#   - {_votable_string_dtype: char}
# - name: Source
#   datatype: int64
#   description: Source identifier, identical to the Gaia-EDR3 source_id (id)
#   meta: !!omap
#   - {ucd: ID_MAIN}
#   - {width: 19}
# - name: rgeo
#   unit: pc
#   datatype: float64
#   format: '{:15.8f}'
#   description: '? Median of the geometric distance posterior (r_med_geo)'
#   meta: !!omap
#   - {ucd: PHYS_DISTANCE_TRUE}
#   - {width: 15}
#   - {precision: '8'}
#   - values: {'null': .nan}
# - name: Plx
#   unit: mas
#   datatype: float64
#   format: '{:9.4f}'
#   description: '? Parallax (parallax)'
#   meta: !!omap
#   - {ucd: POS_PARLX_TRIG}
#   - {width: 9}
#   - {precision: '4'}
#   - values: {'null': .nan}
# - name: e_Plx
#   unit: mas
#   datatype: float32
#   format: '{:7.4f}'
#   description: '? Standard error of parallax (parallax_error)'
#   meta: !!omap
#   - {ucd: ERROR}
#   - {width: 7}
#   - {precision: '4'}
#   - values: {'null': .nan}
# - name: pmRA
#   unit: mas / yr
#   datatype: float64
#   format: '{:9.3f}'
#   description: '? Proper motion in right ascension direction, pmRA*cosDE (pmra)'
#   meta: !!omap
#   - {ucd: POS_EQ_PMRA}
#   - {width: 9}
#   - {precision: '3'}
#   - values: {'null': .nan}
# - name: pmDE
#   unit: mas / yr
#   datatype: float64
#   format: '{:9.3f}'
#   description: '? Proper motion in declination direction (pmdec)'
#   meta: !!omap
#   - {ucd: POS_EQ_PMDEC}
#   - {width: 9}
#   - {precision: '3'}
#   - values: {'null': .nan}
# - name: e_pmRA
#   unit: mas / yr
#   datatype: float32
#   format: '{:6.3f}'
#   description: '? Standard error of proper motion in right ascension direction (pmra_error)'
#   meta: !!omap
#   - {ucd: ERROR}
#   - {width: 6}
#   - {precision: '3'}
#   - values: {'null': .nan}
# - name: e_pmDE
[...]
#       distance: !astropy.table.SerializedColumn
#         __class__: astropy.coordinates.distances.Distance
#         unit: !astropy.units.Unit {unit: pc}
#         value: !astropy.table.SerializedColumn {name: SkyCoord.distance}
#       frame: icrs
#       obstime: !astropy.time.Time {format: jyear_str, in_subfmt: '*', jd1: 367701545.0, jd2: 0.0, out_subfmt: '*', precision: 3, scale: tt}
#       pm_dec: !astropy.table.SerializedColumn
#         __class__: astropy.units.quantity.Quantity
#         unit: !astropy.units.Unit {unit: mas / yr}
#         value: !astropy.table.SerializedColumn {name: SkyCoord.pm_dec}
#       pm_ra_cosdec: !astropy.table.SerializedColumn
#         __class__: astropy.units.quantity.Quantity
#         unit: !astropy.units.Unit {unit: mas / yr}
#         value: !astropy.table.SerializedColumn {name: SkyCoord.pm_ra_cosdec}
#       ra: !astropy.table.SerializedColumn
#         __class__: astropy.coordinates.angles.Longitude
#         unit: *id001
#         value: !astropy.table.SerializedColumn {name: SkyCoord.ra}
#         wrap_angle: !astropy.coordinates.Angle
#           unit: *id001
#           value: 360.0
#       representation_type: spherical
# schema: astropy-2.0
RA_ICRS_1 DE_ICRS_1 e_RA_ICRS e_DE_ICRS _r_1 HIP TYC2 Source rgeo Plx e_Plx pmRA pmDE e_pmRA e_pmDE RUWE Teff logg Gmag BP-RP BPmag RPmag RV e_RV b_rgeo B_rgeo FG e_FG FBP e_FBP FRP e_FRP RAVE5 RAVE6 e_Gmag e_BPmag e_RPmag e_BP-RP SkyCoord.ra SkyCoord.dec SkyCoord.distance SkyCoord.pm_ra_cosdec SkyCoord.pm_dec rmRA rmDE e_rmRA e_rmDE rRV e_rRV v_pec v_pec3d e_vpec e_vpec3d Pmemb
348.80163366429 60.45050067316 0.0162 0.0153 0.3043 114791 4279-2192-1 2013906561622284288 2880.07446 0.3377 0.019 -3.445 -2.696 0.019 0.019 1.293 6083.7 2.2141 10.265836 0.974477 10.277728 9.303251 "" "" 2703.37939 3066.55908 1474389.84028 2210.0 1057600.0 40781.0 1506100.0 54776.0 "" "" 0.0032000532959860785 0.0419588 0.039668057 0.08162686 348.80163366429 60.45050067316 2880.07446 -3.4450000000000003 -2.696000000000001 -0.03033334732055648 -0.052866598129272635 0.07354254 0.07354254 "" "" 0.832071856406594 "" 0.061192680075516565 "" 0.9
348.81947014515 60.4353324285 0.0105 0.0098 0.9432 "" 4279-2212-1 2013906492910288512 2900.9397 0.3316 0.0128 -3.366 -2.684 0.013 0.012 0.954 17145.3 3.3449 10.549721 0.681006 10.802911 10.121905 "" "" 2805.39893 3011.78662 1135163.21361 410.99 652010.0 612.7 708590.0 570.19 "" "" 0.002783219875710969 0.0029708606 0.0038790503 0.006849911 348.81947014515 60.4353324285 2900.9397 -3.3659999999999983 -2.6840000000000015 0.048666652679443256 -0.040866598129272624 0.06754254 0.06654254 "" "" 0.8738326459465413 "" 0.058661092890753254 "" 0.8
348.80500654711 60.43934230585 0.0139 0.0118 0.7059 "" "" 2013906492910285824 2777.65796 0.3144 0.016 -3.367 -2.773 0.017 0.015 1.184 "" "" 11.76338 0.862867 12.097995 11.235127 "" "" 2664.51855 2908.13159 371188.60569 67.893 197800.0 164.43 254160.0 112.41 "" "" 0.0027624675378126445 0.00293252 0.0038097664 0.0067422865 348.80500654711 60.43934230585 2777.65796 -3.367 -2.7730000000000006 0.047666652679443366 -0.1298665981292726 0.071542546 0.06954254 "" "" 1.8213737097645932 "" 0.12710090910228755 "" 0.9
348.74956742687 60.45426950851 0.0093 0.0085 1.8579 "" "" 2014094264572576128 2822.06006 0.3365 0.0108 -3.555 -2.628 0.012 0.011 0.956 17605.8 3.6797 12.222601 0.702324 12.487668 11.785344 "" "" 2747.39185 2894.45508 243167.94796 42.809 138150.0 90.568 153120.0 43.097 "" "" 0.00276194209767906 0.0028795286 0.0037917162 0.0066712447 348.74956742687 60.45426950851 2822.06006 -3.555000000000001 -2.628 -0.1403333473205568 0.015133401870727425 0.06654254 0.06554254 "" "" 1.8880616254919909 "" 0.125614879667209 "" 1.0
348.80997530064 60.43839561121 0.0092 0.0089 0.7347 "" "" 2013906492910286464 2733.69531 0.3475 0.0113 -3.338 -2.647 0.011 0.011 0.987 6285.8 3.0105 12.296298 0.74934 12.582906 11.833566 "" "" 2649.00024 2848.64404 227210.05157 50.021 126550.0 91.361 146460.0 68.466 "" "" 0.0027656687947802323 0.002898179 0.0038133103 0.0067114895 348.80997530064 60.43839561121 2733.69531 -3.3379999999999983 -2.6469999999999985 0.07666665267944328 -0.0038665981292722584 0.06554254 0.06554254 "" "" 0.9946873186499964 "" 0.06519433480673863 "" 0.8
348.80781052868 60.4502339648 0.0104 0.0094 0.1235 "" "" 2013906561629759872 2671.71362 0.3445 0.0124 -3.433 -2.512 0.013 0.012 1.04 11144.5 3.7172 13.518436 1.102993 13.961194 12.858201 "" "" 2580.57666 2753.50415 73717.75424 15.671 35558.0 87.32 57000.0 82.014 "" "" 0.002764970389365696 0.0038592657 0.004089524 0.00794879 348.80781052868 60.4502339648 2671.71362 -3.433 -2.512 -0.01833334732055647 0.13113340187072753 0.06754254 0.06654254 "" "" 1.6768143298712128 "" 0.11161187371112584 "" 0.8
348.8062440053 60.44998917895 0.011 0.0103 0.1718 "" "" 2013906557327926784 2862.97754 0.3197 0.0135 -3.355 -2.689 0.013 0.013 1.116 15125.9 3.6448 13.584785 1.102 14.023884 12.921884 "" "" 2745.29614 3005.77661 69347.80279 16.163 33563.0 55.241 53753.0 176.9 "" "" 0.002766916305172542 0.0033133707 0.0052010594 0.00851443 348.8062440053 60.44998917895 2862.97754 -3.355 -2.689 0.05966665267944338 -0.04586659812927252 0.06754254 0.06754254 "" "" 1.0212976151325945 "" 0.068981033027237 "" 0.9
348.79043447818 60.42484424159 0.0104 0.0096 1.6713 "" "" 2013906492910289024 2921.47705 0.3144 0.0124 -3.379 -2.701 0.014 0.013 0.974 "" "" 13.65197 0.904941 14.011047 13.106107 "" "" 2824.77759 3009.57788 65186.65204 20.024 33962.0 42.676 45364.0 43.039 "" "" 0.002775431899355499 0.003105866 0.0039172457 0.007023112 348.79043447818 60.42484424159 2921.47705 -3.3789999999999996 -2.7009999999999983 0.035666652679443356 -0.05786659812927253 0.06854254 0.06754254 "" "" 0.9413096523872646 "" 0.0638389797158473 "" 1.0
348.80692904712 60.43475829408 0.0114 0.0099 0.9621 "" "" 2013906492910287872 2907.6604 0.3151 0.0134 -3.381 -2.64 0.014 0.013 1.004 "" "" 13.761407 0.91015 14.123771 13.213621 "" "" 2802.95557 3002.36108 58936.46236 12.647 30613.0 27.232 41088.0 24.33 "" "" 0.00276515304511037 0.002952603 0.0038336748 0.0067862775 348.80692904712 60.43475829408 2907.6604 -3.3810000000000002 -2.640000000000001 0.033666652679443576 0.0031334018707274147 0.06854254 0.06754254 "" "" 0.46600958838105533 "" 0.03193750778525412 "" 1.0
348.82542069514 60.43485280502 0.0297 0.0257 1.0261 "" "" 2013906389831074176 2525.12817 0.3694 0.0347 -3.446 -2.652 0.04 0.035 2.694 "" "" 13.976238 0.879699 14.318853 13.439155 "" "" 2330.66772 2842.95752 48356.13552 14.221 25579.0 22.588 33381.0 22.602 "" "" 0.0027737598549000286 0.002950306 0.0038502158 0.006800522 348.82542069514 60.43485280502 2525.12817 -3.4460000000000006 -2.6519999999999992 -0.031333347320556815 -0.008866598129272596 0.09454254 0.08954254 "" "" 0.38975854785005837 "" 0.036707832904972294 "" 1.0
348.89609042523 60.4572667946 0.0143 0.0133 2.5224 "" "" 2013906802147934464 2900.25342 0.3191 0.0172 -3.406 -2.597 0.017 0.017 1.073 9234.6 3.5089 14.367476 1.104275 14.820335 13.716061 "" "" 2765.23267 3049.05225 33725.31387 6.73 16117.0 16.379 25866.0 29.029 "" "" 0.002763825602612739 0.0030004182 0.0039709546 0.0069713728 348.89609042523 60.4572667946 2900.25342 -3.406000000000001 -2.5969999999999995 0.00866665267944322 0.046133401870727564 0.071542546 0.071542546 "" "" 0.6452991946871919 "" 0.04616634741844639 "" 1.0
348.87316964168 60.51078143569 0.0141 0.0133 4.0393 "" "" 2014095024790366208 2691.89575 0.3439 0.0167 -3.384 -2.623 0.018 0.018 0.953 11190.2 3.8254 14.501465 1.100491 14.958256 13.857765 "" "" 2564.96509 2806.58252 29809.92477 7.1481 14194.0 14.866 22701.0 14.536 "" "" 0.002767592892840711 0.0030129943 0.0038427936 0.0068557877 348.87316964168 60.51078143569 2691.89575 -3.384 -2.623 0.030666652679443462 0.02013340187072732 0.07254254 0.07254254 "" "" 0.46808683877242063 "" 0.033956208566378654 "" 1.0
348.76129715995 60.47319700181 0.0186 0.0165 2.0198 "" "" 2014094475034552832 2943.85449 0.3106 0.0218 -3.465 -2.63 0.022 0.022 1.002 11426.3 4.0213 15.06661 1.042158 15.490653 14.448495 "" "" 2752.33032 3140.87329 17713.42636 5.1424 8692.7 14.824 13175.0 16.296 "" "" 0.0027732906546471393 0.0033486234 0.004010885 0.0073595084 348.76129715995 60.47319700181 2943.85449 -3.465 -2.63 -0.0503333473205565 0.013133401870727646 0.07654254 0.07654254 "" "" 0.725860441419101 "" 0.055559202876835946 "" 0.9
348.77036640149 60.42360204215 0.0204 0.0192 2.0341 "" "" 2013906458550549376 2919.92407 0.3189 0.0252 -3.459 -2.626 0.027 0.025 1.008 "" "" 15.410114 0.93363 15.785542 14.851912 "" "" 2721.6333 3148.64624 12909.25011 3.6272 6625.2 12.462 9086.4 11.508 "" "" 0.0027721571178085103 0.0034577325 0.004021767 0.0074794996 348.77036640149 60.42360204215 2919.92407 -3.4589999999999996 -2.626 -0.044333347320556715 0.01713340187072765 0.081542544 0.07954254 "" "" 0.6578213020845569 "" 0.0534712864344231 "" 1.0
348.77719669924 60.51301592705 0.0321 0.0285 3.8828 "" "" 2014095402747483520 2458.9707 0.3819 0.0379 -3.441 -2.549 0.039 0.036 0.993 9416.3 4.1982 16.239796 1.204783 16.754448 15.549665 "" "" 2252.48364 2700.08447 6012.12971 2.4274 2714.2 8.9497 4778.5 10.287 "" "" 0.0027899739388493783 0.0045389337 0.004443745 0.008982679 348.77719669924 60.51301592705 2458.9707 -3.441 -2.548999999999998 -0.026333347320556477 0.0941334018707276 0.093542546 0.09054254 "" "" 1.1392961886858035 "" 0.10340663525668414 "" 0.8
