Clusters/Markarian_50/Markarian_50_stars_in_region.tsv
# %ECSV 1.0
# ---
# datatype:
# - name: RA_ICRS_1
#   unit: deg
#   datatype: float64
#   format: '{:15.11f}'
#   description: Right ascension (ICRS) at Ep=2016.0 (ra)
#   meta: !!omap
#   - {ucd: POS_EQ_RA_MAIN}
#   - {width: 15}
#   - {precision: '11'}
# - name: DE_ICRS_1
#   unit: deg
#   datatype: float64
#   format: '{:15.11f}'
#   description: Declination (ICRS) at Ep=2016.0 (dec)
#   meta: !!omap
#   - {ucd: POS_EQ_DEC_MAIN}
#   - {width: 15}
#   - {precision: '11'}
# - name: e_RA_ICRS
#   unit: mas
#   datatype: float64
#   format: '{:7.4f}'
#   description: Standard error of right ascension (ra_error)
#   meta: !!omap
#   - {ucd: ERROR}
#   - {width: 7}
#   - {precision: '4'}
# - name: e_DE_ICRS
#   unit: mas
#   datatype: float64
#   format: '{:7.4f}'
#   description: Standard error of declination (dec_error)
#   meta: !!omap
#   - {ucd: ERROR}
#   - {width: 7}
#   - {precision: '4'}
# - name: _r_1
#   unit: ''
#   datatype: float64
#   format: '{:7.4f}'
#   description: Distance from center (348.81191506000+60.45060355000)[ICRS], at Epoch=J2016.0
#   meta: !!omap
#   - {ucd: POS_ANG_DIST_GENERAL}
#   - {width: 7}
#   - {precision: '4'}
# - name: HIP
#   datatype: int32
#   description: '? HIP cross-id number, van Leeuwen, Cat. I/311 (hip_original_ext_source_id)'
#   meta: !!omap
#   - {ucd: ID_NUMBER}
#   - {width: 6}
#   - values: {'null': -2147483648}
# - name: TYC2
#   datatype: string
#   description: Tycho-2 cross-id name, Hog et al., Cat. I/259 (tyc2_original_ext_source_id)
#   meta: !!omap
#   - {ucd: ID_CROSSID}
#   - {_votable_string_dtype: char}
# - name: Source
#   datatype: int64
#   description: Source identifier, identical to the Gaia-EDR3 source_id (id)
#   meta: !!omap
#   - {ucd: ID_MAIN}
#   - {width: 19}
# - name: rgeo
#   unit: pc
#   datatype: float64
#   format: '{:15.8f}'
#   description: '? Median of the geometric distance posterior (r_med_geo)'
#   meta: !!omap
#   - {ucd: PHYS_DISTANCE_TRUE}
#   - {width: 15}
#   - {precision: '8'}
#   - values: {'null': .nan}
# - name: Plx
#   unit: mas
#   datatype: float64
#   format: '{:9.4f}'
#   description: '? Parallax (parallax)'
#   meta: !!omap
#   - {ucd: POS_PARLX_TRIG}
#   - {width: 9}
#   - {precision: '4'}
#   - values: {'null': .nan}
# - name: e_Plx
#   unit: mas
#   datatype: float32
#   format: '{:7.4f}'
#   description: '? Standard error of parallax (parallax_error)'
#   meta: !!omap
#   - {ucd: ERROR}
#   - {width: 7}
#   - {precision: '4'}
#   - values: {'null': .nan}
# - name: pmRA
#   unit: mas / yr
#   datatype: float64
#   format: '{:9.3f}'
#   description: '? Proper motion in right ascension direction, pmRA*cosDE (pmra)'
#   meta: !!omap
#   - {ucd: POS_EQ_PMRA}
#   - {width: 9}
#   - {precision: '3'}
#   - values: {'null': .nan}
# - name: pmDE
#   unit: mas / yr
#   datatype: float64
#   format: '{:9.3f}'
#   description: '? Proper motion in declination direction (pmdec)'
#   meta: !!omap
#   - {ucd: POS_EQ_PMDEC}
#   - {width: 9}
#   - {precision: '3'}
#   - values: {'null': .nan}
# - name: e_pmRA
#   unit: mas / yr
#   datatype: float32
#   format: '{:6.3f}'
#   description: '? Standard error of proper motion in right ascension direction (pmra_error)'
#   meta: !!omap
#   - {ucd: ERROR}
#   - {width: 6}
#   - {precision: '3'}
#   - values: {'null': .nan}
# - name: e_pmDE
[...]
#         unit: &id001 !astropy.units.Unit {unit: deg}
#         value: !astropy.table.SerializedColumn {name: SkyCoord.dec}
#       distance: !astropy.table.SerializedColumn
#         __class__: astropy.coordinates.distances.Distance
#         unit: !astropy.units.Unit {unit: pc}
#         value: !astropy.table.SerializedColumn {name: SkyCoord.distance}
#       frame: icrs
#       obstime: !astropy.time.Time {format: jyear_str, in_subfmt: '*', jd1: 367701545.0, jd2: 0.0, out_subfmt: '*', precision: 3, scale: tt}
#       pm_dec: !astropy.table.SerializedColumn
#         __class__: astropy.units.quantity.Quantity
#         unit: !astropy.units.Unit {unit: mas / yr}
#         value: !astropy.table.SerializedColumn {name: SkyCoord.pm_dec}
#       pm_ra_cosdec: !astropy.table.SerializedColumn
#         __class__: astropy.units.quantity.Quantity
#         unit: !astropy.units.Unit {unit: mas / yr}
#         value: !astropy.table.SerializedColumn {name: SkyCoord.pm_ra_cosdec}
#       ra: !astropy.table.SerializedColumn
#         __class__: astropy.coordinates.angles.Longitude
#         unit: *id001
#         value: !astropy.table.SerializedColumn {name: SkyCoord.ra}
#         wrap_angle: !astropy.coordinates.Angle
#           unit: *id001
#           value: 360.0
#       representation_type: spherical
# schema: astropy-2.0
RA_ICRS_1 DE_ICRS_1 e_RA_ICRS e_DE_ICRS _r_1 HIP TYC2 Source rgeo Plx e_Plx pmRA pmDE e_pmRA e_pmDE RUWE Teff logg Gmag BP-RP BPmag RPmag RV e_RV b_rgeo B_rgeo FG e_FG FBP e_FBP FRP e_FRP RAVE5 RAVE6 e_Gmag e_BPmag e_RPmag e_BP-RP SkyCoord.ra SkyCoord.dec SkyCoord.distance SkyCoord.pm_ra_cosdec SkyCoord.pm_dec
[from data line 244]
348.67108888921 60.48482945949 0.0335 0.0305 4.6437 "" "" 2014001497581313152 2285.24902 0.4312 0.0397 -2.682 -2.125 0.042 0.039 1.044 8507.6 4.4226 16.291437 1.271694 16.825293 15.553598 "" "" 2055.76245 2446.9353 5732.86276 2.5448 2542.7 11.407 4761.2 17.869 "" "" 0.002797153901694442 0.005613357 0.0055576847 0.011171041 348.67108888921 60.48482945949 2285.24902 -2.682000000000001 -2.125
348.97565197434 60.46331436964 0.0313 0.0315 4.9038 "" "" 2013906114953331584 2552.68555 0.3694 0.0392 -4.946 -2.794 0.039 0.042 0.983 8225.7 4.402 16.298962 1.57373 17.028183 15.454453 "" "" 2301.84912 2929.19507 5693.27549 2.5102 2109.3 8.0031 5216.5 11.706 "" "" 0.0027965962340281516 0.0049754707 0.0044966554 0.009472126 348.97565197434 60.46331436964 2552.68555 -4.946 -2.7940000000000005
348.9253567313 60.33944312212 0.0306 0.0292 7.4693 "" "" 2013901201510608128 2800.24976 0.342 0.0379 -4.699 -2.012 0.039 0.038 0.994 8940.0 4.3651 16.300188 1.49885 16.98383 15.48498 "" "" 2558.59448 3169.54688 5686.84738 2.3311 2197.3 9.441 5071.8 9.3142 "" "" 0.002791032661527446 0.005435752 0.0042731073 0.009708859 348.9253567313 60.33944312212 2800.24976 -4.698999999999999 -2.0119999999999996
348.4468355354 60.47140771564 0.0355 0.0359 10.8713 "" "" 2014002906330547840 2240.30957 0.4084 0.0456 -3.322 -0.153 0.045 0.042 1.065 "" "" 16.303848 3.055331 18.0886 15.033269 "" "" 2065.38037 2465.73926 5667.70386 7.5143 794.29 9.1492 7688.7 30.531 "" "" 0.0031086802035260623 0.012813752 0.0057333577 0.01854711 348.4468355354 60.47140771564 2240.30957 -3.3220000000000005 -0.15300000000000005
348.67623712353 60.46216178922 0.032 0.0305 4.0735 "" "" 2014001424560716416 2872.59961 0.329 0.0392 -4.302 -1.281 0.039 0.038 0.982 7665.1 4.1854 16.312067 1.503892 16.994917 15.491025 "" "" 2594.38354 3211.55981 5624.96511 2.6607 2175.0 9.2043 5043.7 8.7684 "" "" 0.0028027744201265348 0.0053755175 0.0042245146 0.009600032 348.67623712353 60.46216178922 2872.59961 -4.3020000000000005 -1.2810000000000001
348.98652638354 60.53637260593 0.0333 0.0307 7.2875 "" "" 2014094921711392896 2871.50439 0.3373 0.0402 -3.655 -2.375 0.043 0.039 1.011 9446.8 3.6567 16.312387 1.30898 16.883175 15.574195 "" "" 2606.49756 3196.98486 5623.30801 2.6709 2410.7 8.7844 4671.8 8.8601 "" "" 0.0028031637928514724 0.0048412443 0.0043039103 0.009145155 348.98652638354 60.53637260593 2871.50439 -3.654999999999999 -2.374999999999999
348.64237559421 60.62854306075 0.0307 0.03 11.7904 "" "" 2014018024615358080 2622.13916 0.3449 0.0365 -2.959 -0.069 0.037 0.037 1.0 8202.9 3.5932 16.322113 2.718804 17.845863 15.127059 "" "" 2411.13037 2836.43677 5573.15867 2.811 993.28 7.8101 7052.4 10.219 "" "" 0.002809213982190676 0.008981465 0.0040937536 0.0130752195 348.64237559421 60.62854306075 2622.13916 -2.959 -0.06899999999999998
348.82309755006 60.43228850215 0.0327 0.0311 1.1477 "" "" 2013906389831074432 2934.26929 0.329 0.0403 -3.365 -2.708 0.041 0.042 1.021 9557.4 4.2922 16.328077 1.136334 16.804323 15.66799 "" "" 2606.00366 3417.55981 5542.63147 2.639 2592.3 13.024 4285.1 16.394 "" "" 0.002803395381091832 0.006127032 0.0056158695 0.011742901 348.82309755006 60.43228850215 2934.26929 -3.365 -2.7080000000000006
348.41658548244 60.35231126562 0.036 0.0334 13.1163 "" "" 2013998370845162368 2533.53687 0.3697 0.0453 -1.278 -2.112 0.046 0.04 1.053 8416.6 4.2579 16.332138 1.587644 17.06794 15.480296 "" "" 2325.85278 2821.06104 5521.94115 2.9516 2033.5 8.1453 5093.8 9.3556 "" "" 0.0028157762019111673 0.0051670745 0.0042732065 0.0094402805 348.41658548244 60.35231126562 2533.53687 -1.2780000000000005 -2.112
349.00039990758 60.23842190943 0.0314 0.031 13.9063 "" "" 2013888350968775680 2299.17505 0.4159 0.0384 -3.878 -2.14 0.04 0.041 0.967 7440.6 4.1803 16.335258 1.647783 17.110416 15.462633 "" "" 2116.45972 2584.10962 5506.09218 2.6765 1955.5 9.0656 5177.3 8.4522 "" "" 0.0028054117214380827 0.005755028 0.004174392 0.00992942 349.00039990758 60.23842190943 2299.17505 -3.8780000000000006 -2.14
349.22309526204 60.48378332344 0.0329 0.0321 12.3226 "" "" 2013904843643054848 2792.04614 0.3496 0.0416 -2.174 -1.522 0.042 0.041 1.018 8588.4 4.3327 16.338469 1.167914 16.835201 15.667287 "" "" 2478.96729 3176.19482 5489.83643 2.6414 2519.6 9.5406 4287.9 7.9116 "" "" 0.0028044047578483 0.0049686013 0.0042774878 0.009246089 349.22309526204 60.48378332344 2792.04614 -2.1739999999999995 -1.522
349.2415095803 60.52458910268 0.031 0.0289 13.451 "" "" 2013907970379218432 2721.92822 0.3581 0.0382 -3.374 -2.38 0.039 0.037 0.957 "" "" 16.344872 1.168258 16.841072 15.672814 "" "" 2442.78076 3040.51831 5457.55868 2.4379 2506.0 9.1965 4266.1 9.7049 "" "" 0.00279768018874912 0.0048642266 0.0045148944 0.009379121 349.2415095803 60.52458910268 2721.92822 -3.374 -2.3800000000000003
348.57558783873 60.24388241385 0.033 0.0317 14.2497 "" "" 2013807502500806272 2714.94653 0.3523 0.0401 -2.004 1.654 0.042 0.041 1.008 7842.7 4.0229 16.357798 1.482483 17.020075 15.537592 "" "" 2452.09106 3083.62476 5392.96816 2.5844 2125.1 9.9217 4831.9 17.562 "" "" 0.0028040157631325064 0.0057862625 0.0054640933 0.011250356 348.57558783873 60.24388241385 2714.94653 -2.004 1.6540000000000004
348.7877012548 60.49366524867 0.0336 0.0306 2.6811 "" "" 2014094578113766016 2685.81177 0.3492 0.041 -3.435 -2.613 0.042 0.043 0.986 "" "" 16.370768 1.327345 16.956022 15.628677 "" "" 2437.70996 2945.20337 5328.92657 2.423 2254.3 6.192 4443.1 10.503 "" "" 0.0027991964692188334 0.004083974 0.004568475 0.008652449 348.7877012548 60.49366524867 2685.81177 -3.4349999999999996 -2.613
348.60748336719 60.53654051926 0.0364 0.0332 7.9425 "" "" 2014004967910607360 2340.86353 0.4053 0.0444 -3.327 -1.84 0.047 0.041 1.039 8598.2 3.6563 16.3712 1.648096 17.113054 15.464958 "" "" 2115.17383 2627.06128 5326.80155 2.9626 1950.7 8.7424 5166.2 16.702 "" "" 0.0028207139368951906 0.005609115 0.005157969 0.010767084 348.60748336719 60.53654051926 2340.86353 -3.326999999999999 -1.8399999999999999
348.78920692732 60.29304621632 0.0324 0.0309 9.4774 "" "" 2013807949177416192 2708.41943 0.3393 0.0411 -4.654 -3.773 0.04 0.037 1.05 "" "" 16.373743 1.359787 16.969893 15.610105 "" "" 2463.02734 3046.10596 5314.34087 2.4838 2225.7 9.9523 4519.8 8.8274 "" "" 0.002801658941040458 0.0055995705 0.0043336176 0.009933189 348.78920692732 60.29304621632 2708.41943 -4.654000000000001 -3.7730000000000006
349.12981009333 60.28333675963 0.0332 0.03 13.7718 "" "" 2013889794077499392 2319.88721 0.4128 0.0405 -3.961 -2.266 0.041 0.038 0.98 8201.5 4.4168 16.375834 1.439652 17.031406 15.591755 "" "" 2116.17139 2545.22778 5304.12463 2.2862 2103.1 9.7778 4596.8 10.436 "" "" 0.0027947794545372315 0.005767645 0.004512157 0.010279802 349.12981009333 60.28333675963 2319.88721 -3.9610000000000003 -2.266
348.92792589381 60.62560187634 0.0315 0.0332 11.0439 "" "" 2014099384174220416 3090.1665 0.3088 0.0393 -2.356 -1.493 0.042 0.044 1.002 9296.0 3.9638 16.382994 1.276169 16.934732 15.658564 "" "" 2774.50269 3474.75977 5269.25462 2.4291 2298.9 5.9941 4322.5 10.679 "" "" 0.0028004122230718175 0.003974818 0.0046345307 0.008609349 348.92792589381 60.62560187634 3090.1665 -2.3560000000000003 -1.4930000000000003
349.17497918601 60.49422851589 0.0335 0.0311 11.0505 "" "" 2013907832940271744 2533.81274 0.3794 0.0413 -4.331 -2.068 0.041 0.041 1.031 9211.3 4.289 16.385838 1.213863 16.914658 15.700794 "" "" 2346.07593 2775.19824 5255.4721 2.4263 2341.8 10.422 4157.6 9.0793 "" "" 0.0028005435322846868 0.0055797063 0.00446155 0.010041256 349.17497918601 60.49422851589 2533.81274 -4.331 -2.0680000000000005
348.60869037185 60.66510820076 0.0313 0.0302 14.1974 "" "" 2014019089767207168 2626.65259 0.3601 0.0372 -3.596 -2.062 0.038 0.039 1.001 7998.2 3.712 16.386932 1.668377 17.169891 15.501514 "" "" 2437.51514 2880.30518 5250.17384 2.3235 1851.2 8.7459 4995.2 9.6962 "" "" 0.002796903564007098 0.005839253 0.0043272846 0.010166537 348.60869037185 60.66510820076 2626.65259 -3.5959999999999996 -2.0620000000000003
348.89105514206 60.2310439346 0.0317 0.0313 13.3815 "" "" 2013888625846388352 3102.14453 0.3038 0.0391 -4.322 -2.303 0.04 0.038 1.0 8865.2 4.2004 16.388042 1.340551 16.97788 15.637329 "" "" 2739.41284 3466.7085 5244.80996 2.6367 2209.3 9.1807 4407.8 9.1772 "" "" 0.0028088639809553877 0.005304807 0.0044038366 0.009708643 348.89105514206 60.2310439346 3102.14453 -4.321999999999999 -2.303
348.76240822038 60.66288565679 0.0331 0.0313 12.8203 "" "" 2014111929782006400 2365.91089 0.4144 0.0389 -3.039 -2.527 0.042 0.043 1.01 7902.5 4.2459 16.398613 1.512763 17.093998 15.581235 "" "" 2183.66577 2561.98291 5193.99308 2.4498 1985.3 6.5329 4641.6 9.3342 "" "" 0.0028025050169452562 0.0045331754 0.004364742 0.008897917 348.76240822038 60.66288565679 2365.91089 -3.039 -2.527
348.79291084729 60.49922861799 0.0398 0.0352 2.9711 "" "" 2014094578113765632 2397.87354 0.4111 0.048 -0.226 -1.345 0.049 0.047 1.126 7618.3 4.1456 16.40261 1.732471 17.216778 15.484306 "" "" 2070.375 2617.23755 5174.90653 2.5583 1773.0 10.615 5075.0 13.236 "" "" 0.002807114460041321 0.007073851 0.0047225174 0.011796368 348.79291084729 60.49922861799 2397.87354 -0.22600000000000006 -1.3449999999999998
348.50411199529 60.31101743234 0.0352 0.0326 12.3877 "" "" 2013810216920078592 2483.95581 0.3816 0.0423 -1.321 2.12 0.045 0.041 1.02 7823.8 4.1931 16.409706 1.520038 17.074402 15.554364 "" "" 2256.34473 2797.1272 5141.19994 3.1287 2021.4 18.409 4757.9 15.205 "" "" 0.002833434826352943 0.010273987 0.005130569 0.015404556 348.50411199529 60.31101743234 2483.95581 -1.321 2.1199999999999997
348.86220224596 60.2880660381 0.0332 0.0313 9.8657 "" "" 2013900784885919744 2525.48218 0.3721 0.0409 -5.383 -3.384 0.041 0.039 1.031 6651.0 3.9448 16.410852 1.926801 17.370108 15.443307 "" "" 2218.19287 2812.37207 5135.77086 2.2609 1539.5 9.2286 5270.3 10.292 "" "" 0.0027964699342501224 0.0070813503 0.0043335 0.01141485 348.86220224596 60.2880660381 2525.48218 -5.383 -3.383999999999999
348.97616911016 60.68202104426 0.0916 0.1148 14.7054 "" "" 2014101175186507008 2515.96094 0.5247 0.1144 6.434 -3.01 0.13 0.159 3.035 "" "" 16.411991 1.499395 16.495604 14.996208 "" "" 1845.32959 3143.771 5130.38924 6.7558 3444.9 17.747 7955.6 15.549 "" "" 0.0031041724396544228 0.006250656 0.0043343725 0.010585029 348.97616911016 60.68202104426 2515.96094 6.434000000000001 -3.01
349.17644415662 60.46887543865 0.0357 0.0343 10.8391 "" "" 2013904809283316864 2452.19043 0.3918 0.0443 0.137 -1.269 0.044 0.047 1.056 7469.4 4.2948 16.418194 1.342065 17.01278 15.670714 "" "" 2185.29297 2839.85791 5101.1648 2.4699 2139.5 9.5561 4274.4 7.1571 "" "" 0.002805021431088625 0.0055948403 0.0041938927 0.009788733 349.17644415662 60.46887543865 2452.19043 0.137 -1.269
348.42291389609 60.45429951595 0.0371 0.0367 11.5122 "" "" 2014002803251338368 2586.85474 0.3834 0.0466 -4.431 -1.999 0.048 0.044 1.102 7966.7 3.9556 16.42614 1.514019 17.07497 15.560951 "" "" 2272.97583 3014.64478 5063.96826 2.7017 2020.4 16.57 4729.1 14.919 "" "" 0.002815550884010961 0.009331406 0.0051005585 0.014431965 348.42291389609 60.45429951595 2586.85474 -4.431 -1.999
348.71735010639 60.5027240128 0.034 0.0306 4.1949 "" "" 2014001531941049216 2296.98511 0.4081 0.0404 -2.617 -2.272 0.043 0.04 0.992 8449.2 4.2733 16.429045 1.54367 17.135363 15.591693 "" "" 2136.55493 2489.77661 5050.43156 2.4572 1911.0 10.196 4597.1 7.7674 "" "" 0.0028055005602291316 0.0064298008 0.004201082 0.010630883 348.71735010639 60.5027240128 2296.98511 -2.617 -2.2719999999999994
348.93317550926 60.32983766057 0.0325 0.032 8.0887 "" "" 2013901579467732608 3034.23804 0.3205 0.0409 -4.768 -2.809 0.041 0.041 0.979 8257.9 4.3101 16.432438 1.547214 17.150282 15.603068 "" "" 2661.42383 3493.57349 5034.67991 2.4071 1885.0 7.6237 4549.2 10.809 "" "" 0.002803791841815475 0.0052026235 0.004575888 0.009778512 348.93317550926 60.32983766057 3034.23804 -4.768 -2.809
349.04673226042 60.6496350142 0.0325 0.0337 13.8055 "" "" 2014097975425126016 2305.22729 0.4222 0.0398 -6.977 -3.603 0.042 0.044 1.003 "" "" 16.442392 1.422137 17.080042 15.657905 "" "" 2096.27075 2574.93018 4988.72431 2.1431 2010.9 12.538 4325.1 7.6843 "" "" 0.002794519114512964 0.0073220446 0.004243203 0.011565248 349.04673226042 60.6496350142 2305.22729 -6.977 -3.6030000000000006
348.6584025983 60.25310167398 0.0521 0.0487 12.6959 "" "" 2013807463836669056 2693.91455 0.3494 0.0617 -3.631 -2.844 0.067 0.06 1.503 9279.5 3.7513 16.442463 1.353045 17.019905 15.66686 "" "" 2325.3772 3186.49634 4988.39999 3.5899 2125.5 11.469 4289.6 8.8232 "" "" 0.002863965188614904 0.0064890245 0.00438988 0.010878905 348.6584025983 60.25310167398 2693.91455 -3.631 -2.8439999999999994
349.21712497419 60.44249425097 0.0366 0.0323 12.0017 "" "" 2013903812850932480 3033.70801 0.313 0.0438 -2.301 -2.002 0.049 0.042 0.947 8260.7 4.3665 16.443905 1.186091 16.953714 15.767623 "" "" 2722.00952 3471.02832 4981.78533 2.784 2259.1 11.337 3909.4 10.756 "" "" 0.002821335286265261 0.006121484 0.004817377 0.0109388605 349.21712497419 60.44249425097 3033.70801 -2.301 -2.002
349.20848537793 60.53628444345 0.0357 0.0328 12.7972 "" "" 2013908240951767424 2688.34839 0.3461 0.043 -3.847 -1.573 0.042 0.043 1.003 "" "" 16.444344 1.509123 17.126244 15.617121 "" "" 2413.96265 3039.25562 4979.77305 2.7436 1927.2 15.849 4490.7 10.3 "" "" 0.0028195061101719565 0.009354723 0.004526058 0.013880781 349.20848537793 60.53628444345 2688.34839 -3.8469999999999995 -1.573
348.89728258971 60.58463213778 0.0324 0.0336 8.4276 "" "" 2014096158661931136 2728.52759 0.3523 0.0408 -3.428 -2.521 0.044 0.045 0.995 9252.8 4.1711 16.445095 1.292772 17.01731 15.724537 "" "" 2406.94995 3126.72388 4976.32064 2.2461 2130.6 10.562 4067.6 11.901 "" "" 0.002798560970869686 0.0060625314 0.004937088 0.01099962 348.89728258971 60.58463213778 2728.52759 -3.4280000000000004 -2.521
348.88910050356 60.58583605543 0.0332 0.034 8.428 "" "" 2014096227381404544 2760.24243 0.343 0.0416 -2.737 -1.79 0.045 0.045 1.037 9262.9 3.4983 16.450167 1.55081 17.163624 15.612814 "" "" 2440.82617 3076.1875 4953.13478 2.4769 1861.9 10.828 4508.5 8.8631 "" "" 0.0028083045323017103 0.006903172 0.0043404414 0.011243613 348.88910050356 60.58583605543 2760.24243 -2.7370000000000005 -1.7900000000000003
348.7750634521 60.65983146888 0.0323 0.0317 12.6006 "" "" 2014100208807424000 2907.88501 0.3223 0.0385 -3.591 -2.142 0.04 0.042 0.95 9429.5 3.6037 16.452185 1.56503 17.17193 15.6069 "" "" 2617.05469 3260.77661 4943.93359 2.279 1847.8 7.406 4533.1 9.7118 "" "" 0.0028004071701900673 0.0051693157 0.004437846 0.009607162 348.7750634521 60.65983146888 2907.88501 -3.591 -2.1419999999999995
348.4593946514 60.37669385714 0.0359 0.0334 11.3456 "" "" 2013999264198351744 2616.68213 0.3714 0.0439 -1.9 -2.126 0.048 0.042 0.974 "" "" 16.453758 1.400765 17.07845 15.677684 "" "" 2305.93677 2938.1748 4936.77699 2.3263 2013.9 8.4724 4247.0 12.914 "" "" 0.0028024173887419776 0.0053524273 0.005018287 0.010370715 348.4593946514 60.37669385714 2616.68213 -1.8999999999999997 -2.126
348.6993773372 60.41915629377 0.0355 0.0318 3.8288 "" "" 2014000329350263808 2372.08008 0.4047 0.0425 -3.303 -2.695 0.046 0.04 0.982 9442.4 3.9679 16.45498 1.420277 17.08666 15.666384 "" "" 2162.94727 2602.3064 4931.22346 2.3166 1998.7 8.4862 4291.5 8.1642 "" "" 0.0028021330958184093 0.005388513 0.0043069813 0.009695495 348.6993773372 60.41915629377 2372.08008 -3.3030000000000004 -2.6949999999999994
349.01408512121 60.51639974612 0.0346 0.0338 7.1624 "" "" 2013908657573937536 2827.29272 0.3288 0.043 -4.889 -2.251 0.043 0.044 1.005 6885.4 3.7112 16.464094 2.068975 17.517447 15.448471 "" "" 2538.64722 3118.24731 4890.00442 2.7598 1344.1 7.134 5245.3 9.6873 "" "" 0.0028226349604566357 0.006402635 0.00427838 0.0106810145 349.01408512121 60.51639974612 2827.29272 -4.889 -2.2509999999999994
