Clusters/Markarian_50/Markarian_50_stars_in_region.tsv
# %ECSV 1.0
# ---
# datatype:
# - name: RA_ICRS_1
#   unit: deg
#   datatype: float64
#   format: '{:15.11f}'
#   description: Right ascension (ICRS) at Ep=2016.0 (ra)
#   meta: !!omap
#   - {ucd: POS_EQ_RA_MAIN}
#   - {width: 15}
#   - {precision: '11'}
# - name: DE_ICRS_1
#   unit: deg
#   datatype: float64
#   format: '{:15.11f}'
#   description: Declination (ICRS) at Ep=2016.0 (dec)
#   meta: !!omap
#   - {ucd: POS_EQ_DEC_MAIN}
#   - {width: 15}
#   - {precision: '11'}
# - name: e_RA_ICRS
#   unit: mas
#   datatype: float64
#   format: '{:7.4f}'
#   description: Standard error of right ascension (ra_error)
#   meta: !!omap
#   - {ucd: ERROR}
#   - {width: 7}
#   - {precision: '4'}
# - name: e_DE_ICRS
#   unit: mas
#   datatype: float64
#   format: '{:7.4f}'
#   description: Standard error of declination (dec_error)
#   meta: !!omap
#   - {ucd: ERROR}
#   - {width: 7}
#   - {precision: '4'}
# - name: _r_1
#   unit: ''
#   datatype: float64
#   format: '{:7.4f}'
#   description: Distance from center (348.81191506000+60.45060355000)[ICRS], at Epoch=J2016.0
#   meta: !!omap
#   - {ucd: POS_ANG_DIST_GENERAL}
#   - {width: 7}
#   - {precision: '4'}
# - name: HIP
#   datatype: int32
#   description: '? HIP cross-id number, van Leeuwen, Cat. I/311 (hip_original_ext_source_id)'
#   meta: !!omap
#   - {ucd: ID_NUMBER}
#   - {width: 6}
#   - values: {'null': -2147483648}
# - name: TYC2
#   datatype: string
#   description: Tycho-2 cross-id name, Hog et al., Cat. I/259 (tyc2_original_ext_source_id)
#   meta: !!omap
#   - {ucd: ID_CROSSID}
#   - {_votable_string_dtype: char}
# - name: Source
#   datatype: int64
#   description: Source identifier, identical to the Gaia-EDR3 source_id (id)
#   meta: !!omap
#   - {ucd: ID_MAIN}
#   - {width: 19}
# - name: rgeo
#   unit: pc
#   datatype: float64
#   format: '{:15.8f}'
#   description: '? Median of the geometric distance posterior (r_med_geo)'
#   meta: !!omap
#   - {ucd: PHYS_DISTANCE_TRUE}
#   - {width: 15}
#   - {precision: '8'}
#   - values: {'null': .nan}
# - name: Plx
#   unit: mas
#   datatype: float64
#   format: '{:9.4f}'
#   description: '? Parallax (parallax)'
#   meta: !!omap
#   - {ucd: POS_PARLX_TRIG}
#   - {width: 9}
#   - {precision: '4'}
#   - values: {'null': .nan}
# - name: e_Plx
#   unit: mas
#   datatype: float32
#   format: '{:7.4f}'
#   description: '? Standard error of parallax (parallax_error)'
#   meta: !!omap
#   - {ucd: ERROR}
#   - {width: 7}
#   - {precision: '4'}
#   - values: {'null': .nan}
# - name: pmRA
#   unit: mas / yr
#   datatype: float64
#   format: '{:9.3f}'
#   description: '? Proper motion in right ascension direction, pmRA*cosDE (pmra)'
#   meta: !!omap
#   - {ucd: POS_EQ_PMRA}
#   - {width: 9}
#   - {precision: '3'}
#   - values: {'null': .nan}
# - name: pmDE
#   unit: mas / yr
#   datatype: float64
#   format: '{:9.3f}'
#   description: '? Proper motion in declination direction (pmdec)'
#   meta: !!omap
#   - {ucd: POS_EQ_PMDEC}
#   - {width: 9}
#   - {precision: '3'}
#   - values: {'null': .nan}
# - name: e_pmRA
#   unit: mas / yr
#   datatype: float32
#   format: '{:6.3f}'
#   description: '? Standard error of proper motion in right ascension direction (pmra_error)'
#   meta: !!omap
#   - {ucd: ERROR}
#   - {width: 6}
#   - {precision: '3'}
#   - values: {'null': .nan}
# - name: e_pmDE
[...]
#         unit: &id001 !astropy.units.Unit {unit: deg}
#         value: !astropy.table.SerializedColumn {name: SkyCoord.dec}
#       distance: !astropy.table.SerializedColumn
#         __class__: astropy.coordinates.distances.Distance
#         unit: !astropy.units.Unit {unit: pc}
#         value: !astropy.table.SerializedColumn {name: SkyCoord.distance}
#       frame: icrs
#       obstime: !astropy.time.Time {format: jyear_str, in_subfmt: '*', jd1: 367701545.0, jd2: 0.0, out_subfmt: '*', precision: 3, scale: tt}
#       pm_dec: !astropy.table.SerializedColumn
#         __class__: astropy.units.quantity.Quantity
#         unit: !astropy.units.Unit {unit: mas / yr}
#         value: !astropy.table.SerializedColumn {name: SkyCoord.pm_dec}
#       pm_ra_cosdec: !astropy.table.SerializedColumn
#         __class__: astropy.units.quantity.Quantity
#         unit: !astropy.units.Unit {unit: mas / yr}
#         value: !astropy.table.SerializedColumn {name: SkyCoord.pm_ra_cosdec}
#       ra: !astropy.table.SerializedColumn
#         __class__: astropy.coordinates.angles.Longitude
#         unit: *id001
#         value: !astropy.table.SerializedColumn {name: SkyCoord.ra}
#         wrap_angle: !astropy.coordinates.Angle
#           unit: *id001
#           value: 360.0
#       representation_type: spherical
# schema: astropy-2.0
RA_ICRS_1 DE_ICRS_1 e_RA_ICRS e_DE_ICRS _r_1 HIP TYC2 Source rgeo Plx e_Plx pmRA pmDE e_pmRA e_pmDE RUWE Teff logg Gmag BP-RP BPmag RPmag RV e_RV b_rgeo B_rgeo FG e_FG FBP e_FBP FRP e_FRP RAVE5 RAVE6 e_Gmag e_BPmag e_RPmag e_BP-RP SkyCoord.ra SkyCoord.dec SkyCoord.distance SkyCoord.pm_ra_cosdec SkyCoord.pm_dec
[from data line 326]
348.80185791382 60.44047234391 0.0415 0.0379 0.6768 "" "" 2013906492910285440 2640.44629 0.3644 0.0493 -3.496 -2.603 0.05 0.05 0.982 "" "" 16.683174 1.408583 17.29424 15.885658 "" "" 2312.7793 2993.27783 3996.47554 2.4413 1650.9 16.534 3506.7 17.449 "" "" 0.002834020425619667 0.01122607 0.006593249 0.017819319 348.80185791382 60.44047234391 2640.44629 -3.4960000000000004 -2.6029999999999998
348.38516975093 60.33323314523 0.0422 0.0412 14.4784 "" "" 2013998267765955072 2865.49536 0.3326 0.0543 -3.217 -1.706 0.055 0.05 0.903 9062.5 3.4921 16.68427 2.115168 17.753355 15.638187 "" "" 2453.97925 3230.8103 3992.43951 2.5734 1081.6 9.027 4404.4 10.676 "" "" 0.002842807246518783 0.009481361 0.004605419 0.01408678 348.38516975093 60.33323314523 2865.49536 -3.2170000000000005 -1.7060000000000004
348.7645885168 60.42393824883 0.0398 0.0371 2.1266 "" "" 2013906458550697344 2144.88379 0.4493 0.0484 -2.461 -1.551 0.052 0.049 1.038 8790.6 4.3438 16.690527 1.346382 17.28704 15.940659 "" "" 1922.0238 2363.45435 3969.50421 2.1528 1661.9 11.265 3333.5 12.097 "" "" 0.002817536694746047 0.0078706965 0.0054596434 0.01333034 348.7645885168 60.42393824883 2144.88379 -2.461 -1.5510000000000002
349.05432229872 60.27919032165 0.0423 0.0417 12.5499 "" "" 2013888557126912384 2482.26392 0.3974 0.0539 -2.899 -2.338 0.056 0.055 1.047 6335.5 4.0833 16.700531 2.040443 17.731186 15.690743 "" "" 2127.92456 2857.82959 3933.09352 2.379 1103.9 8.0109 4196.2 11.582 "" "" 0.002832504009195826 0.008358531 0.0048233066 0.013181837 349.05432229872 60.27919032165 2482.26392 -2.8989999999999996 -2.338
348.83137584643 60.3732922472 0.0392 0.036 4.6744 "" "" 2013905187240244608 3163.28369 0.3044 0.0486 -4.419 -2.172 0.05 0.047 0.998 7653.6 4.2751 16.702913 1.529602 17.410667 15.881065 "" "" 2776.21533 4662.23047 3924.47296 3.3505 1483.0 7.8768 3521.5 10.91 "" "" 0.002907062273516703 0.0064063044 0.005059488 0.011465793 348.83137584643 60.3732922472 3163.28369 -4.418999999999999 -2.172
348.40198747449 60.57781920557 0.0376 0.0376 14.3115 "" "" 2014016856384233344 2467.62891 0.3843 0.0479 -5.233 -2.169 0.05 0.045 1.018 7202.7 4.3034 16.703264 1.751697 17.540615 15.788918 "" "" 2178.99976 2895.63745 3923.20304 2.0971 1315.7 7.0727 3833.5 12.454 "" "" 0.0028157796816053785 0.006469143 0.0051696524 0.011638796 348.40198747449 60.57781920557 2467.62891 -5.233 -2.169
348.42047740015 60.56345440278 0.0399 0.0382 13.3993 "" "" 2014017509219279104 2362.69287 0.4044 0.0506 -2.988 -1.52 0.053 0.046 1.017 8413.4 4.4228 16.70498 1.66446 17.491892 15.827432 "" "" 2145.65723 2663.84521 3917.01039 2.1758 1376.1 7.915 3699.9 8.3385 "" "" 0.002820552731943822 0.0068398667 0.0045023565 0.011342224 348.42047740015 60.56345440278 2362.69287 -2.9880000000000004 -1.52
349.1496267472 60.54084742554 0.0413 0.0372 11.3535 "" "" 2013908932451860480 2537.21655 0.3787 0.0495 -2.492 -1.91 0.055 0.05 0.972 "" "" 16.719805 1.513739 17.412117 15.898378 "" "" 2256.22168 2864.99097 3863.89027 2.2355 1481.1 7.8885 3465.8 7.899 "" "" 0.002826018676467677 0.0064206887 0.004517414 0.010938102 349.1496267472 60.54084742554 2537.21655 -2.4919999999999995 -1.9099999999999997
348.75394681106 60.29563925572 0.0415 0.0393 9.4555 "" "" 2013807983537145856 2500.86572 0.3861 0.0512 -3.382 -1.31 0.053 0.048 1.043 7653.2 4.3041 16.719961 1.791125 17.562557 15.771432 "" "" 2229.29907 2961.6084 3863.33326 2.3378 1289.4 8.888 3895.7 13.341 "" "" 0.0028325689015982008 0.007987307 0.005301734 0.013289042 348.75394681106 60.29563925572 2500.86572 -3.3819999999999997 -1.3099999999999998
348.98048596784 60.47659688449 0.0405 0.0381 5.2243 "" "" 2013906870867566208 2523.67651 0.3738 0.0499 -7.752 -0.957 0.05 0.049 0.992 8152.0 4.2885 16.722416 1.601848 17.464783 15.862935 "" "" 2267.00757 2890.80054 3854.60624 2.2759 1410.9 11.031 3580.8 11.801 "" "" 0.002828912336366507 0.008935529 0.005204532 0.01414006 348.98048596784 60.47659688449 2523.67651 -7.752 -0.9569999999999997
348.80406442697 60.42395484166 0.0413 0.0363 1.6157 "" "" 2013906286751860352 2851.90039 0.3363 0.0502 -4.456 -3.604 0.053 0.047 0.968 7181.5 4.3468 16.726013 1.606497 17.472591 15.866095 "" "" 2462.89648 3457.58154 3841.86125 2.0097 1400.8 7.6261 3570.4 11.061 "" "" 0.0028132476230488626 0.0065363073 0.0050593875 0.011595694 348.80406442697 60.42395484166 2851.90039 -4.456 -3.604
349.08526852236 60.58124652835 0.0418 0.041 11.2519 "" "" 2014096635396286592 2354.83472 0.4062 0.0518 -3.462 -2.456 0.06 0.056 1.156 "" "" 16.730562 1.343614 17.298721 15.955108 "" "" 2120.69824 2626.5752 3825.79534 2.5879 1644.1 8.4744 3289.4 8.9987 "" "" 0.002851521687803782 0.006253335 0.004806858 0.011060193 349.08526852236 60.58124652835 2354.83472 -3.462000000000001 -2.456000000000001
348.95976707885 60.56027528423 0.0397 0.0399 7.8979 "" "" 2014095261006806784 2460.4126 0.3961 0.0504 -3.059 -0.419 0.054 0.051 1.036 9488.2 4.1666 16.744385 1.666261 17.526766 15.860505 "" "" 2185.78662 2768.79468 3777.40131 2.1532 1332.6 8.8051 3588.9 9.4599 "" "" 0.002823971999740652 0.007697449 0.0047406764 0.012438126 348.95976707885 60.56027528423 2460.4126 -3.0589999999999997 -0.4189999999999999
348.70577003337 60.41503808373 0.0456 0.0413 3.7986 "" "" 2013812656461489024 2244.55371 0.4381 0.0545 -1.511 -1.777 0.057 0.051 1.114 9109.5 4.4511 16.744606 1.604548 17.495533 15.890985 "" "" 1967.29089 2722.52612 3776.62588 2.1608 1371.5 7.0965 3489.5 10.724 "" "" 0.0028244795922164555 0.0062726117 0.0050415606 0.011314172 348.70577003337 60.41503808373 2244.55371 -1.5110000000000001 -1.777
348.6588813227 60.51875262844 0.0486 0.0422 6.0977 "" "" 2014004727396692480 2527.69604 0.3484 0.0576 -1.776 -2.975 0.062 0.053 1.056 "" "" 16.747297 3.064059 18.536057 15.471997 "" "" 2187.44092 2946.46484 3767.27906 2.6572 526.01 5.1592 5132.9 11.981 "" "" 0.0028597646059982116 0.011008554 0.004550418 0.015558972 348.6588813227 60.51875262844 2527.69604 -1.776 -2.9750000000000005
348.90393153922 60.45068549057 0.0428 0.0381 2.7228 "" "" 2013906729122865536 2566.97217 0.3588 0.0511 -3.231 -0.496 0.052 0.05 0.938 9741.3 3.9461 16.759275 2.48194 18.082088 15.600148 "" "" 2267.33081 3039.7417 3725.94836 2.2503 799.06 8.5485 4561.4 12.448 "" "" 0.0028322741478350633 0.011945835 0.00480238 0.016748216 348.90393153922 60.45068549057 2566.97217 -3.230999999999999 -0.49599999999999994
348.87383135441 60.40701466565 0.0405 0.0368 3.1939 "" "" 2013905530839684864 2867.44409 0.332 0.0499 -1.942 -2.426 0.052 0.047 1.007 8483.2 4.4766 16.771708 1.465094 17.437859 15.972765 "" "" 2507.29956 3253.74536 3683.52638 2.3062 1446.3 5.4017 3236.3 7.0609 "" "" 0.0028379335977548087 0.004922244 0.0044603953 0.009382639 348.87383135441 60.40701466565 2867.44409 -1.9419999999999997 -2.426
349.02790033266 60.59906170789 0.0414 0.0401 10.9546 "" "" 2014097533051478016 2691.39819 0.3669 0.0511 -3.334 -2.508 0.057 0.054 1.01 9321.3 3.7319 16.777536 1.488557 17.449713 15.961156 "" "" 2332.89746 3148.5 3663.80596 1.9936 1430.6 8.4466 3271.1 11.674 "" "" 0.0028179455219943493 0.0069913394 0.00541275 0.01240409 349.02790033266 60.59906170789 2691.39819 -3.334 -2.508
348.63382373797 60.54513697523 0.0421 0.0373 7.737 "" "" 2014004967914838784 2368.15039 0.42 0.0505 -2.695 -2.078 0.054 0.047 0.974 8154.7 4.37 16.787418 1.703404 17.587204 15.8838 "" "" 2104.36963 2623.5647 3630.60813 2.0589 1260.5 11.757 3512.7 11.04 "" "" 0.0028232773880106517 0.010504277 0.005091934 0.015596211 348.63382373797 60.54513697523 2368.15039 -2.6949999999999994 -2.078
348.72637624016 60.45934838911 0.0412 0.0405 2.5846 "" "" 2014000638587886720 2744.22534 0.3364 0.0511 -3.343 -2.592 0.051 0.055 1.068 8319.1 4.4517 16.788458 1.441909 17.438135 15.996226 "" "" 2393.54565 3089.47388 3627.13318 2.0671 1446.0 9.0433 3167.1 7.3969 "" "" 0.002823942885779331 0.0073411134 0.0045512556 0.011892369 348.72637624016 60.45934838911 2744.22534 -3.343 -2.5919999999999996
348.82858714451 60.45640053213 0.0418 0.0392 0.6036 "" "" 2013906664708975360 2654.42651 0.3617 0.0525 -3.384 -2.722 0.05 0.05 1.008 8565.6 4.4795 16.79316 1.465458 17.458569 15.993111 "" "" 2336.53833 3213.55371 3611.46136 3.5033 1419.0 8.2024 3176.2 9.9154 "" "" 0.0029497558375918323 0.006868276 0.005076609 0.011944884 348.82858714451 60.45640053213 2654.42651 -3.384 -2.7219999999999995
348.73959844119 60.62084710839 0.039 0.0371 10.4352 "" "" 2014100006952414848 2652.44873 0.3476 0.0464 -3.802 -1.964 0.049 0.047 1.023 9295.8 3.7208 16.80068 1.503646 17.482603 15.978957 "" "" 2337.71313 3106.12964 3586.52876 1.9702 1388.0 5.5774 3217.9 10.758 "" "" 0.0028191345203944867 0.0051787244 0.005240154 0.010418879 348.73959844119 60.62084710839 2652.44873 -3.802000000000001 -1.9640000000000002
348.84887269366 60.24150150484 0.0401 0.0398 12.594 "" "" 2013888866364552192 2959.40088 0.3131 0.0505 -3.976 -5.034 0.05 0.049 0.964 5670.8 4.3587 16.813017 1.752833 17.681412 15.928578 "" "" 2548.6665 3429.2627 3546.01009 3.441 1155.7 15.55 3370.8 19.369 "" "" 0.002949886077269315 0.0148727 0.007294237 0.022166938 348.84887269366 60.24150150484 2959.40088 -3.976000000000001 -5.033999999999999
349.17591560561 60.45826546866 0.0401 0.0382 10.7795 "" "" 2013904603124894080 2713.09082 0.3515 0.0501 -2.06 -1.785 0.049 0.049 1.024 "" "" 16.815962 1.338242 17.405058 16.066816 "" "" 2405.56226 3205.28564 3536.40817 2.0295 1490.7 9.0192 2967.8 10.162 "" "" 0.0028248948420194963 0.007137042 0.005301384 0.012438426 349.17591560561 60.45826546866 2713.09082 -2.06 -1.785
349.15099021175 60.56914480431 0.0392 0.0389 12.2837 "" "" 2013909207329741568 2982.61987 0.3092 0.049 -3.895 -2.721 0.055 0.053 1.018 9262.9 3.8512 16.821022 1.63345 17.588749 15.955299 "" "" 2640.573 3323.9751 3519.9594 1.9552 1258.7 9.0523 3288.8 7.8956 "" "" 0.00282054955051678 0.008291917 0.00459108 0.012882996 349.15099021175 60.56914480431 2982.61987 -3.8950000000000005 -2.721
348.84725415541 60.64986558306 0.042 0.0419 12.0011 "" "" 2014100350549968000 2651.27734 0.3411 0.0497 -3.102 -1.759 0.052 0.056 0.952 6999.7 3.3467 16.823334 3.025888 18.588236 15.562348 "" "" 2351.16455 3020.52197 3512.47376 2.3846 501.33 7.3118 4723.0 11.145 "" "" 0.0028522108237569854 0.016079186 0.004565938 0.020645123 348.84725415541 60.64986558306 2651.27734 -3.1019999999999994 -1.759
348.47470718782 60.34456652288 0.0612 0.0526 11.8476 "" "" 2013998233406226304 2844.47583 0.3013 0.0708 -3.301 -2.025 0.08 0.065 1.0 7309.9 3.1652 16.827438 3.077594 18.643818 15.566224 "" "" 2398.05859 3503.59595 3499.22141 2.9343 476.31 6.4605 4706.2 11.249 "" "" 0.0029018465779153085 0.0149885295 0.004584615 0.019573145 348.47470718782 60.34456652288 2844.47583 -3.301 -2.025
348.39035994685 60.36704838858 0.0427 0.0421 13.4586 "" "" 2013999191177301248 2466.04614 0.3906 0.0554 -2.423 -0.22 0.055 0.05 0.999 "" "" 16.827671 1.742489 17.663727 15.921238 "" "" 2201.47729 2880.35767 3498.47038 2.0941 1174.7 9.1831 3393.6 8.3612 "" "" 0.0028309280395405756 0.008934483 0.004630295 0.0135647785 348.39035994685 60.36704838858 2466.04614 -2.423 -0.21999999999999992
348.66071357582 60.35720159647 0.0441 0.0394 7.1751 "" "" 2013812175425168000 2391.55835 0.4001 0.0553 -3.293 -0.437 0.058 0.05 0.975 5033.5 4.2895 16.82881 1.640338 17.582706 15.942369 "" "" 2097.90503 2760.22949 3494.80383 2.7681 1265.7 7.6802 3328.2 11.206 "" "" 0.0028864056657054243 0.007154669 0.0052580945 0.012412764 348.66071357582 60.35720159647 2391.55835 -3.293 -0.437
349.06463855258 60.51782224141 0.0424 0.0412 8.4896 "" "" 2013908481469855744 2258.83301 0.4353 0.0532 -4.098 -0.373 0.054 0.053 0.972 8447.8 4.4348 16.830942 1.605433 17.580177 15.974745 "" "" 2040.93518 2540.72583 3487.94548 2.0862 1268.7 9.2531 3230.4 11.939 "" "" 0.0028308137378742666 0.008395862 0.0055122986 0.013908161 349.06463855258 60.51782224141 2258.83301 -4.098 -0.37299999999999994
349.02209886793 60.62590980426 0.0411 0.0413 12.211 "" "" 2014097807929369856 2552.95532 0.362 0.0508 -5.679 -3.099 0.054 0.055 1.057 7194.9 4.2595 16.832542 1.650866 17.607819 15.956953 "" "" 2309.77295 2896.62085 3482.80994 2.088 1236.8 7.1191 3283.8 8.4948 "" "" 0.0028311625169314307 0.0068441317 0.004708753 0.011552885 349.02209886793 60.62590980426 2552.95532 -5.679 -3.0989999999999998
348.92116204946 60.54765172082 0.0442 0.0465 6.6577 "" "" 2014095230949021696 2802.7251 0.3479 0.0584 -5.584 -3.176 0.058 0.058 1.035 7835.6 4.2973 16.838743 1.766892 17.688465 15.921574 "" "" 2423.62158 3418.75269 3462.97621 2.0754 1148.2 6.7345 3392.6 7.4591 "" "" 0.0028311113956503925 0.0069525656 0.004470142 0.011422708 348.92116204946 60.54765172082 2802.7251 -5.5840000000000005 -3.176
348.48969145996 60.46818077922 0.0448 0.0427 9.5903 "" "" 2014004108921400192 2433.85083 0.3954 0.057 -3.446 -2.69 0.059 0.05 0.942 8495.3 4.4621 16.846533 1.691019 17.646965 15.955946 "" "" 2171.23535 2834.18896 3438.21829 2.1354 1193.0 9.0078 3286.8 8.1715 "" "" 0.0028366362727602194 0.008659712 0.0046443515 0.013304064 348.48969145996 60.46818077922 2433.85083 -3.4459999999999997 -2.6900000000000004
348.66928775188 60.60221822917 0.0404 0.0393 10.0241 "" "" 2014006136145906688 2618.32397 0.3629 0.0488 -4.876 -2.776 0.049 0.05 0.989 7656.3 4.4328 16.84999 1.575209 17.579445 16.004236 "" "" 2321.51074 3033.41138 3427.28586 2.0098 1269.5 8.2367 3143.9 8.4552 "" "" 0.0028279252580178994 0.007576861 0.004775981 0.012352842 348.66928775188 60.60221822917 2618.32397 -4.8759999999999994 -2.7759999999999994
348.57718473143 60.66214357251 0.0445 0.0395 14.4577 "" "" 2014018986687987328 2279.32251 0.4132 0.0509 -0.946 -0.545 0.052 0.049 1.027 9114.4 4.4662 16.850128 1.812347 17.727356 15.91501 "" "" 2087.19678 2577.10767 3426.85096 1.9284 1107.8 8.0648 3413.1 7.3041 "" "" 0.0028222481449954756 0.008382185 0.004436481 0.012818666 348.57718473143 60.66214357251 2279.32251 -0.9460000000000002 -0.5450000000000002
349.1511225304 60.44887091761 0.0435 0.0418 10.0381 "" "" 2013904225167773184 3027.64917 0.3171 0.0546 -1.474 0.017 0.053 0.053 1.134 8505.3 4.4572 16.857496 1.528229 17.561087 16.032858 "" "" 2555.5896 3468.35962 3403.67459 2.0419 1291.2 7.1741 3062.1 6.7163 "" "" 0.0028312610211839377 0.0066465223 0.0044670864 0.011113608 349.1511225304 60.44887091761 3027.64917 -1.474 0.01700000000000001
348.89637752138 60.20820429609 0.0393 0.04 14.7587 "" "" 2013887869932151680 2288.00903 0.4213 0.0497 -1.395 -1.774 0.05 0.049 1.003 8555.6 4.4757 16.85967 1.498095 17.545916 16.047821 "" "" 2044.11755 2591.0498 3396.86623 1.9161 1309.3 8.7822 3020.2 11.27 "" "" 0.0028225649631826405 0.0077988324 0.0055405893 0.013339422 348.89637752138 60.20820429609 2288.00903 -1.3950000000000002 -1.774
349.15806230717 60.27654112908 0.0436 0.0393 14.6474 "" "" 2013889725358027264 2758.68652 0.3566 0.053 0.354 -0.482 0.054 0.049 1.006 7123.5 4.3313 16.860353 1.571707 17.594465 16.022758 "" "" 2379.12036 3266.75146 3394.73181 1.9881 1252.1 9.3993 3090.7 12.352 "" "" 0.0028277374529883576 0.0086147925 0.005754299 0.014369091 349.15806230717 60.27654112908 2758.68652 0.354 -0.48199999999999993
348.69502633886 60.286412092 0.0449 0.0428 10.4439 "" "" 2013808052256616832 2757.229 0.3379 0.0533 -4.103 0.282 0.058 0.058 0.998 6154.4 4.315 16.864016 1.623303 17.626 16.002697 "" "" 2397.68262 3187.45483 3383.29864 1.913 1216.2 7.5327 3148.3 6.9449 "" "" 0.0028228823693936473 0.0072805244 0.0044743693 0.011754894 348.69502633886 60.286412092 2757.229 -4.102999999999999 0.2819999999999999
348.65710927897 60.48213713 0.0451 0.0409 4.9541 "" "" 2014001600660527104 3114.15015 0.3019 0.0536 -3.474 -2.547 0.057 0.052 1.015 8190.7 4.292 16.864422 1.574594 17.590267 16.015673 "" "" 2687.35522 3806.12964 3382.03611 1.9242 1256.9 5.677 3110.9 8.2913 "" "" 0.002823716613965801 0.0056421077 0.0047599906 0.010402098 348.65710927897 60.48213713 3114.15015 -3.4739999999999998 -2.5470000000000006
