Clusters/Markarian_50/Markarian_50_stars_in_region.tsv
# %ECSV 1.0
# ---
# datatype:
# - name: RA_ICRS_1
#   unit: deg
#   datatype: float64
#   format: '{:15.11f}'
#   description: Right ascension (ICRS) at Ep=2016.0 (ra)
#   meta: !!omap
#   - {ucd: POS_EQ_RA_MAIN}
#   - {width: 15}
#   - {precision: '11'}
# - name: DE_ICRS_1
#   unit: deg
#   datatype: float64
#   format: '{:15.11f}'
#   description: Declination (ICRS) at Ep=2016.0 (dec)
#   meta: !!omap
#   - {ucd: POS_EQ_DEC_MAIN}
#   - {width: 15}
#   - {precision: '11'}
# - name: e_RA_ICRS
#   unit: mas
#   datatype: float64
#   format: '{:7.4f}'
#   description: Standard error of right ascension (ra_error)
#   meta: !!omap
#   - {ucd: ERROR}
#   - {width: 7}
#   - {precision: '4'}
# - name: e_DE_ICRS
#   unit: mas
#   datatype: float64
#   format: '{:7.4f}'
#   description: Standard error of declination (dec_error)
#   meta: !!omap
#   - {ucd: ERROR}
#   - {width: 7}
#   - {precision: '4'}
# - name: _r_1
#   unit: ''
#   datatype: float64
#   format: '{:7.4f}'
#   description: Distance from center (348.81191506000+60.45060355000)[ICRS], at Epoch=J2016.0
#   meta: !!omap
#   - {ucd: POS_ANG_DIST_GENERAL}
#   - {width: 7}
#   - {precision: '4'}
# - name: HIP
#   datatype: int32
#   description: '? HIP cross-id number, van Leeuwen, Cat. I/311 (hip_original_ext_source_id)'
#   meta: !!omap
#   - {ucd: ID_NUMBER}
#   - {width: 6}
#   - values: {'null': -2147483648}
# - name: TYC2
#   datatype: string
#   description: Tycho-2 cross-id name, Hog et al., Cat. I/259 (tyc2_original_ext_source_id)
#   meta: !!omap
#   - {ucd: ID_CROSSID}
#   - {_votable_string_dtype: char}
# - name: Source
#   datatype: int64
#   description: Source identifier, identical to the Gaia-EDR3 source_id (id)
#   meta: !!omap
#   - {ucd: ID_MAIN}
#   - {width: 19}
# - name: rgeo
#   unit: pc
#   datatype: float64
#   format: '{:15.8f}'
#   description: '? Median of the geometric distance posterior (r_med_geo)'
#   meta: !!omap
#   - {ucd: PHYS_DISTANCE_TRUE}
#   - {width: 15}
#   - {precision: '8'}
#   - values: {'null': .nan}
# - name: Plx
#   unit: mas
#   datatype: float64
#   format: '{:9.4f}'
#   description: '? Parallax (parallax)'
#   meta: !!omap
#   - {ucd: POS_PARLX_TRIG}
#   - {width: 9}
#   - {precision: '4'}
#   - values: {'null': .nan}
# - name: e_Plx
#   unit: mas
#   datatype: float32
#   format: '{:7.4f}'
#   description: '? Standard error of parallax (parallax_error)'
#   meta: !!omap
#   - {ucd: ERROR}
#   - {width: 7}
#   - {precision: '4'}
#   - values: {'null': .nan}
# - name: pmRA
#   unit: mas / yr
#   datatype: float64
#   format: '{:9.3f}'
#   description: '? Proper motion in right ascension direction, pmRA*cosDE (pmra)'
#   meta: !!omap
#   - {ucd: POS_EQ_PMRA}
#   - {width: 9}
#   - {precision: '3'}
#   - values: {'null': .nan}
# - name: pmDE
#   unit: mas / yr
#   datatype: float64
#   format: '{:9.3f}'
#   description: '? Proper motion in declination direction (pmdec)'
#   meta: !!omap
#   - {ucd: POS_EQ_PMDEC}
#   - {width: 9}
#   - {precision: '3'}
#   - values: {'null': .nan}
# - name: e_pmRA
#   unit: mas / yr
#   datatype: float32
#   format: '{:6.3f}'
#   description: '? Standard error of proper motion in right ascension direction (pmra_error)'
#   meta: !!omap
#   - {ucd: ERROR}
#   - {width: 6}
#   - {precision: '3'}
#   - values: {'null': .nan}
# - name: e_pmDE
[...]
#         unit: &id001 !astropy.units.Unit {unit: deg}
#         value: !astropy.table.SerializedColumn {name: SkyCoord.dec}
#       distance: !astropy.table.SerializedColumn
#         __class__: astropy.coordinates.distances.Distance
#         unit: !astropy.units.Unit {unit: pc}
#         value: !astropy.table.SerializedColumn {name: SkyCoord.distance}
#       frame: icrs
#       obstime: !astropy.time.Time {format: jyear_str, in_subfmt: '*', jd1: 367701545.0, jd2: 0.0, out_subfmt: '*', precision: 3, scale: tt}
#       pm_dec: !astropy.table.SerializedColumn
#         __class__: astropy.units.quantity.Quantity
#         unit: !astropy.units.Unit {unit: mas / yr}
#         value: !astropy.table.SerializedColumn {name: SkyCoord.pm_dec}
#       pm_ra_cosdec: !astropy.table.SerializedColumn
#         __class__: astropy.units.quantity.Quantity
#         unit: !astropy.units.Unit {unit: mas / yr}
#         value: !astropy.table.SerializedColumn {name: SkyCoord.pm_ra_cosdec}
#       ra: !astropy.table.SerializedColumn
#         __class__: astropy.coordinates.angles.Longitude
#         unit: *id001
#         value: !astropy.table.SerializedColumn {name: SkyCoord.ra}
#         wrap_angle: !astropy.coordinates.Angle
#           unit: *id001
#           value: 360.0
#       representation_type: spherical
# schema: astropy-2.0
RA_ICRS_1 DE_ICRS_1 e_RA_ICRS e_DE_ICRS _r_1 HIP TYC2 Source rgeo Plx e_Plx pmRA pmDE e_pmRA e_pmDE RUWE Teff logg Gmag BP-RP BPmag RPmag RV e_RV b_rgeo B_rgeo FG e_FG FBP e_FBP FRP e_FRP RAVE5 RAVE6 e_Gmag e_BPmag e_RPmag e_BP-RP SkyCoord.ra SkyCoord.dec SkyCoord.distance SkyCoord.pm_ra_cosdec SkyCoord.pm_dec
[from data line 81]
348.91543892316 60.57768752126 0.016 0.0178 8.2151 "" "" 2014096055582722432 2758.77466 0.3392 0.0211 -4.397 -2.152 0.023 0.024 1.136 10835.4 3.7372 14.71551 0.929507 15.086335 14.156828 "" "" 2604.19531 2952.53491 24476.12386 5.863 12615.0 16.129 17236.0 16.006 "" "" 0.0027675674028230066 0.0031164212 0.0039115604 0.007027982 348.91543892316 60.57768752126 2758.77466 -4.397 -2.152
349.16597017702 60.62645858376 0.044 0.0456 14.8491 "" "" 2014097258173580672 2423.80518 0.3917 0.0563 -3.443 -1.451 0.059 0.059 3.339 6082.4 2.8137 14.722831 2.164275 15.813501 13.649226 -63.83 2.82 2184.95166 2747.86157 24311.64469 16.796 6456.8 13.571 27509.0 20.467 "" "" 0.0028555963976632528 0.0036045318 0.0038647468 0.0074692788 349.16597017702 60.62645858376 2423.80518 -3.443 -1.451
349.01914569071 60.60680975257 0.0157 0.0163 11.1921 "" "" 2014097601770950272 2532.05859 0.3613 0.0194 -3.742 -2.336 0.021 0.021 1.095 4822.3 2.3574 14.724191 1.985955 15.726038 13.740083 -88.1 2.35 2416.6189 2641.19653 24281.20753 6.4013 6998.4 13.651 25300.0 20.912 "" "" 0.002770147952167393 0.0035028888 0.0038844694 0.007387358 349.01914569071 60.60680975257 2532.05859 -3.741999999999999 -2.3359999999999994
349.0943787621 60.45416322233 0.0152 0.0147 8.3605 "" "" 2013904362606709248 2992.72021 0.3063 0.019 -4.37 -2.085 0.019 0.019 0.976 10559.9 3.8399 14.765113 0.84446 15.092789 14.248329 "" "" 2800.37842 3191.92651 23383.07346 5.7041 12540.0 15.29 15843.0 14.337 "" "" 0.0027680206128758568 0.003088299 0.0039050083 0.0069933073 349.0943787621 60.45416322233 2992.72021 -4.37 -2.085
348.88110899218 60.59800439782 0.0185 0.0185 9.0769 "" "" 2014099182318894336 2725.35913 0.3364 0.0229 -2.621 0.412 0.025 0.025 1.239 8002.2 3.6482 14.780289 1.405586 15.411022 14.005436 -16.13 12.61 2554.84985 2898.84131 23058.50256 5.2505 9354.2 16.408 19815.0 18.228 "" "" 0.002766389347932005 0.0033781712 0.0039091287 0.0072873 348.88110899218 60.59800439782 2725.35913 -2.6210000000000004 0.41200000000000003
349.18315137797 60.60992484279 0.017 0.0161 14.5416 "" "" 2014097086374904960 2789.64307 0.3166 0.0212 -1.48 -2.884 0.024 0.021 1.165 "" "" 14.782854 2.66096 16.267643 13.606683 -31.88 3.37 2643.46948 2912.125 23004.08463 8.4151 4249.7 10.395 28608.0 17.386 "" "" 0.002783798665683759 0.0038520338 0.0038365494 0.007688583 349.18315137797 60.60992484279 2789.64307 -1.4799999999999998 -2.884000000000001
349.23298764122 60.38318519333 0.016 0.0156 13.1122 "" "" 2013891649503601280 2165.80811 0.4352 0.0204 -2.407 -2.295 0.021 0.02 1.047 9201.0 3.8271 14.810998 0.942806 15.192008 14.249202 "" "" 2052.72192 2251.96094 22415.4551 5.0872 11445.0 12.291 15830.0 14.914 "" "" 0.002766316416256251 0.0030240016 0.0039153635 0.006939365 349.23298764122 60.38318519333 2165.80811 -2.407 -2.295
349.10653050079 60.29752804145 0.0163 0.0156 12.6773 "" "" 2013890034595661568 2854.2019 0.3201 0.0205 -3.902 -2.083 0.021 0.02 1.035 "" "" 14.824813 1.182325 15.322598 14.140273 "" "" 2716.44531 3024.17065 22132.05469 4.8846 10148.0 14.819 17500.0 13.097 "" "" 0.00276572041350896 0.0032091772 0.0038657456 0.007074923 349.10653050079 60.29752804145 2854.2019 -3.902 -2.083
348.48566572648 60.53690674131 0.0157 0.0157 10.9436 "" "" 2014005517670622848 2477.1228 0.3744 0.02 -3.431 -0.461 0.021 0.019 1.018 "" "" 14.835763 1.446796 15.483119 14.036323 "" "" 2337.06836 2628.21582 21909.95446 5.1516 8753.3 14.586 19259.0 14.061 "" "" 0.0027671211999423817 0.0033254 0.003861618 0.007187018 348.48566572648 60.53690674131 2477.1228 -3.431000000000001 -0.461
348.94053813557 60.68097330532 0.1259 0.137 14.333 "" "" 2014100419269442176 2186.25952 0.5202 0.1585 -0.32 0.491 0.166 0.19 8.353 9104.7 4.4376 14.838182 1.498512 15.48485 13.986338 20.73 28.42 1528.56873 2948.52148 21861.19556 23.416 8739.3 23.238 20166.0 29.375 "" "" 0.0029906947136090507 0.0040149475 0.0040969527 0.0081119 348.94053813557 60.68097330532 2186.25952 -0.32 0.491
348.79524939318 60.60130064437 0.0157 0.0154 9.0552 "" "" 2014099113599403648 2865.74463 0.3261 0.0192 -2.214 -1.402 0.021 0.021 1.087 "" "" 14.876401 1.886022 15.793028 13.907006 "" "" 2676.73169 3089.16821 21105.04682 6.7298 6579.7 12.085 21695.0 14.065 "" "" 0.0027769859689042247 0.0034295497 0.0038443708 0.007273921 348.79524939318 60.60130064437 2865.74463 -2.214 -1.4019999999999997
349.03646220788 60.37871677725 0.0163 0.0154 7.9278 "" "" 2013901751266420096 2617.25049 0.3568 0.0206 -2.236 -2.047 0.02 0.019 1.035 8971.9 3.6016 14.896226 1.542044 15.603585 14.061542 -25.14 7.37 2475.34277 2753.7959 20723.18492 9.0134 7834.0 15.816 18817.0 25.73 "" "" 0.0027954952239415774 0.0035482168 0.004060518 0.007608735 349.03646220788 60.37871677725 2617.25049 -2.2360000000000007 -2.047
348.85530919677 60.27762450173 0.0167 0.0164 10.4583 "" "" 2013900789193757184 2353.55249 0.3924 0.0213 -4.25 -4.381 0.021 0.019 1.054 4603.6 2.5022 14.908427 2.377172 16.183529 13.806356 -80.16 2.77 2221.73511 2479.91504 20491.60338 6.5785 4592.0 10.377 23802.0 15.326 "" "" 0.0027772796370301033 0.0037154995 0.003843497 0.007558997 348.85530919677 60.27762450173 2353.55249 -4.25 -4.381
348.71089640664 60.29229563488 0.0177 0.0165 9.9599 "" "" 2013808082311998848 2890.40308 0.3227 0.0209 -4.424 -2.118 0.023 0.021 1.066 7998.9 3.091 14.920237 1.019252 15.323888 14.304636 "" "" 2703.99512 3080.4895 20269.91647 5.4341 10136.0 15.527 15042.0 17.746 "" "" 0.0027706519344413306 0.0032482753 0.0039905463 0.0072388216 348.71089640664 60.29229563488 2890.40308 -4.424000000000001 -2.1180000000000003
348.72128013271 60.54831467184 0.0175 0.0164 6.4453 "" "" 2014098666922624128 2348.39307 0.4037 0.0211 -2.485 -1.472 0.024 0.021 1.092 "" "" 14.953135 1.072474 15.395663 14.323189 "" "" 2210.4126 2486.47241 19664.96217 3.9267 9487.5 11.654 14787.0 10.611 "" "" 0.002763836386584162 0.003092526 0.0038588527 0.0069513787 348.72128013271 60.54831467184 2348.39307 -2.4850000000000003 -1.4720000000000002
348.61274754141 60.5068412492 0.0176 0.0166 6.7866 "" "" 2014004658677213568 2820.43579 0.3266 0.0206 -2.49 -1.48 0.022 0.021 1.014 9424.4 3.756 14.963638 1.031308 15.385102 14.353794 "" "" 2670.5188 3005.50928 19475.63155 5.0039 9580.2 20.463 14376.0 18.194 "" "" 0.002769405691941739 0.003628121 0.004021423 0.0076495437 348.61274754141 60.5068412492 2820.43579 -2.49 -1.48
348.48538723251 60.2837821249 0.0178 0.0174 13.9291 "" "" 2013810113840879744 2874.43701 0.3204 0.0224 -3.519 -2.194 0.024 0.021 1.018 9809.9 3.0875 14.972337 1.406848 15.59556 14.188712 "" "" 2706.01831 3044.78003 19320.21127 6.2307 7892.1 14.358 16737.0 17.343 "" "" 0.002777479376588027 0.0034185853 0.0039432803 0.0073618656 348.48538723251 60.2837821249 2874.43701 -3.519 -2.194
348.96253704984 60.44909974204 0.0172 0.0176 4.458 "" "" 2013906114953339904 2357.72681 0.396 0.0217 -4.451 -3.126 0.021 0.023 1.055 9022.2 3.5536 15.00046 1.350822 15.593179 14.242356 "" "" 2232.96143 2503.61987 18826.20481 4.3408 7909.4 19.779 15930.0 18.803 "" "" 0.002766669444017827 0.0038931724 0.0039907517 0.007883924 348.96253704984 60.44909974204 2357.72681 -4.451 -3.126
348.83631513483 60.35371613545 0.0185 0.0178 5.858 "" "" 2013902159275456512 2553.24927 0.363 0.0226 -4.604 -1.901 0.025 0.024 1.156 10582.2 3.9546 15.029567 1.086806 15.380882 14.294076 "" "" 2439.70801 2700.8208 18328.21469 7.2507 9617.5 68.804 15189.0 143.61 "" "" 0.0027885977523853965 0.008253338 0.010939107 0.019192446 348.83631513483 60.35371613545 2553.24927 -4.603999999999999 -1.9009999999999998
348.40993837215 60.39501961374 0.0203 0.0199 12.3631 "" "" 2013999401637280000 2841.67944 0.3172 0.025 -4.749 0.715 0.026 0.024 1.025 6927.5 3.1122 15.059579 2.64458 16.532932 13.888352 -31.46 2.71 2634.46313 3080.78247 17828.51391 7.1367 3328.5 7.4673 22071.0 16.305 "" "" 0.0027893872530137163 0.0037037963 0.0038635572 0.0075673535 348.40993837215 60.39501961374 2841.67944 -4.749 0.7150000000000003
348.53447691145 60.25286306162 0.0178 0.0181 14.442 "" "" 2013809048689019776 2660.77905 0.3518 0.0228 -2.96 -1.948 0.024 0.022 0.923 9203.1 3.7956 15.061202 0.936899 15.437282 14.500382 "" "" 2533.19775 2823.51318 17801.87691 4.3717 9130.7 17.483 12560.0 13.058 "" "" 0.0027681909075593205 0.0034795005 0.0039443485 0.007423849 348.53447691145 60.25286306162 2660.77905 -2.96 -1.948
348.53879658292 60.59973488793 0.0208 0.0212 12.0448 "" "" 2014017676718543488 2417.61841 0.3789 0.0259 -7.057 -3.58 0.027 0.027 1.387 5308.0 3.0701 15.065658 2.317115 16.250992 13.933877 -82.95 4.55 2287.21094 2550.68066 17728.9782 7.6546 4315.4 20.059 21164.0 78.815 "" "" 0.0027949128854859702 0.0057666996 0.005534615 0.011301314 348.53879658292 60.59973488793 2417.61841 -7.057 -3.580000000000001
348.76129715995 60.47319700181 0.0186 0.0165 2.0198 "" "" 2014094475034552832 2943.85449 0.3106 0.0218 -3.465 -2.63 0.022 0.022 1.002 11426.3 4.0213 15.06661 1.042158 15.490653 14.448495 "" "" 2752.33032 3140.87329 17713.42636 5.1424 8692.7 14.824 13175.0 16.296 "" "" 0.0027732906546471393 0.0033486234 0.004010885 0.0073595084 348.76129715995 60.47319700181 2943.85449 -3.465 -2.63
348.59003199776 60.61128530183 0.0169 0.0169 11.6551 "" "" 2014017887176405504 2754.68091 0.3285 0.0204 -3.138 -0.747 0.022 0.022 0.991 6089.0 3.1258 15.099256 2.254882 16.282602 14.02772 -80.05 3.3 2618.75928 2881.83667 17188.74015 4.6929 4191.6 9.9073 19412.0 17.545 "" "" 0.0027712199333402724 0.0037908722 0.0039047026 0.007695575 348.59003199776 60.61128530183 2754.68091 -3.138 -0.7470000000000001
348.74918254349 60.22273987708 0.0178 0.0178 13.7981 "" "" 2013806712226875008 2779.45337 0.3407 0.0215 -4.613 -2.339 0.022 0.022 0.972 4987.9 3.0562 15.118237 1.947722 16.093872 14.146151 -99.4 4.7 2607.61597 2971.03809 16890.85364 4.5567 4987.3 7.9186 17406.0 9.4195 "" "" 0.0027708448741645963 0.0032797582 0.0038247816 0.00710454 348.74918254349 60.22273987708 2779.45337 -4.613 -2.3389999999999995
349.10040815999 60.42088959314 0.0183 0.0173 8.7246 "" "" 2013904087728827520 2841.68579 0.3228 0.023 -3.302 -2.136 0.023 0.022 1.004 11376.0 3.4855 15.129628 1.156869 15.612143 14.455274 "" "" 2655.25708 3010.07837 16714.57636 7.6451 7772.5 15.933 13093.0 18.631 "" "" 0.002799715539453226 0.0035691264 0.0040829736 0.0076521 349.10040815999 60.42088959314 2841.68579 -3.302 -2.136
349.28105210247 60.52547094546 0.0197 0.0191 14.5754 "" "" 2013910925316725632 2859.59155 0.3291 0.0253 -3.479 -2.319 0.024 0.024 1.163 11334.0 3.8803 15.141638 1.175229 15.58447 14.409241 "" "" 2647.5625 3074.22461 16530.71867 5.2564 7973.1 18.045 13660.0 18.004 "" "" 0.0027768651378272204 0.0037179638 0.004041227 0.007759191 349.28105210247 60.52547094546 2859.59155 -3.4789999999999996 -2.3189999999999995
349.03988090887 60.23770497641 0.0184 0.0194 14.4559 "" "" 2013888247889278080 2229.37427 0.4211 0.0229 -3.98 -1.895 0.023 0.025 1.014 7430.2 3.3674 15.149996 1.715389 15.967457 14.252068 -30.7 7.61 2124.41333 2335.81177 16403.95201 5.2555 5603.2 9.1008 15788.0 13.924 "" "" 0.002777190633769838 0.0033007378 0.0038987983 0.007199536 349.03988090887 60.23770497641 2229.37427 -3.980000000000001 -1.895
348.57841314971 60.26517159759 0.0187 0.0179 13.1072 "" "" 2013810560517508736 2528.93237 0.3732 0.0224 -2.574 -1.524 0.024 0.023 1.049 7729.6 4.1248 15.176746 0.879321 15.526683 14.647362 "" "" 2360.88232 2694.65869 16004.7256 4.2924 8409.0 11.956 10970.0 11.555 "" "" 0.002770664349346418 0.0031887444 0.003948624 0.0071373684 348.57841314971 60.26517159759 2528.93237 -2.574 -1.524
349.12667186841 60.26659869402 0.0204 0.0188 14.4612 "" "" 2013889690998289152 2655.05542 0.3486 0.0245 -3.993 -2.331 0.024 0.023 1.093 "" "" 15.205656 1.475169 15.867058 14.391889 "" "" 2463.53271 2832.55029 15584.19292 9.6078 6146.0 15.249 13880.0 22.211 "" "" 0.002835461308904986 0.0038783846 0.004159607 0.008037992 349.12667186841 60.26659869402 2655.05542 -3.993 -2.3310000000000004
348.5425761122 60.47439636797 0.0197 0.019 8.0938 "" "" 2014004177640884352 2230.55225 0.4223 0.0242 -1.85 -0.731 0.025 0.023 0.97 9242.8 3.6721 15.213029 1.22515 15.73278 14.50763 "" "" 2140.85254 2333.27417 15478.72526 4.0213 6955.1 11.514 12477.0 17.829 "" "" 0.002769720636667027 0.0033189955 0.0040854327 0.007404428 348.5425761122 60.47439636797 2230.55225 -1.8500000000000003 -0.731
348.43356949521 60.42685919933 0.0198 0.0199 11.2897 "" "" 2014002528373451776 2771.50342 0.3242 0.0246 -1.514 -0.079 0.025 0.025 1.079 6641.3 3.3034 15.230614 2.355755 16.487236 14.131481 -30.37 5.7 2591.8667 2943.33984 15230.05232 5.8135 3471.5 8.347 17643.0 15.006 "" "" 0.0027863145990846975 0.0038210198 0.0038905656 0.0077115856 348.43356949521 60.42685919933 2771.50342 -1.5140000000000002 -0.079
348.41633325198 60.32032390432 0.0228 0.0211 14.095 "" "" 2013998095967328896 2820.98169 0.3276 0.0277 -3.056 -2.928 0.032 0.026 1.106 8500.1 3.8838 15.234341 1.670815 16.021357 14.350542 "" "" 2589.38745 3084.33032 15177.8635 4.8987 5331.8 10.817 14419.0 16.217 "" "" 0.002777514495262051 0.003554853 0.0039717588 0.007526612 348.41633325198 60.32032390432 2820.98169 -3.0560000000000005 -2.928
349.07575922661 60.40102172244 0.0188 0.0178 8.3604 "" "" 2013903984649623040 2902.59863 0.323 0.0239 -4.787 -2.659 0.024 0.023 1.02 9988.0 3.8758 15.235738 1.064466 15.673799 14.609333 "" "" 2707.97363 3213.60303 15158.33521 3.8585 7343.4 12.483 11361.0 11.574 "" "" 0.0027691460635351395 0.0033453582 0.003937914 0.007283272 349.07575922661 60.40102172244 2902.59863 -4.787000000000001 -2.659
348.4652392883 60.49170757149 0.0194 0.0184 10.5443 "" "" 2014005139713532032 2249.3894 0.4202 0.0235 -3.555 -1.863 0.025 0.022 1.001 7919.7 3.476 15.23617 1.674803 16.024965 14.350162 -55.55 27.74 2141.93677 2365.16772 15152.31337 4.8078 5314.1 12.973 14424.0 16.608 "" "" 0.0027767734924929897 0.0038484323 0.0039807735 0.007829206 348.4652392883 60.49170757149 2249.3894 -3.555 -1.863
348.71010483679 60.6730118848 0.018 0.0181 13.6781 "" "" 2014112101580460928 2188.9436 0.4316 0.0216 -1.636 -1.934 0.022 0.023 0.968 8631.7 3.9625 15.238489 1.40063 15.865055 14.464425 "" "" 2081.74487 2295.22778 15119.97981 6.8657 6157.4 13.762 12983.0 15.117 "" "" 0.002799080330639049 0.0036977988 0.003985213 0.0076830117 348.71010483679 60.6730118848 2188.9436 -1.636 -1.9339999999999997
349.11484361161 60.52882395669 0.0204 0.0195 10.1085 "" "" 2013908554494739712 2188.47021 0.4386 0.0245 -2.911 -1.958 0.027 0.027 0.969 "" "" 15.266955 1.23745 15.801756 14.564306 "" "" 2075.14673 2317.50952 14728.70313 4.0765 6527.0 15.16 11842.0 12.175 "" "" 0.002771658493360599 0.0037609176 0.0039407844 0.007701702 349.11484361161 60.52882395669 2188.47021 -2.911 -1.9580000000000002
348.97422360384 60.48966759487 0.02 0.0184 5.3416 "" "" 2013906939587033216 2691.44946 0.351 0.0242 -4.309 -2.081 0.025 0.024 0.99 9002.8 3.5186 15.271379 1.311355 15.844242 14.532887 "" "" 2526.6189 2885.53149 14668.82316 4.4771 6276.5 14.985 12190.0 19.556 "" "" 0.0027751760046611017 0.0038084635 0.0041614454 0.007969908 348.97422360384 60.48966759487 2691.44946 -4.309 -2.081
348.92917144289 60.51788381629 0.0191 0.0194 5.3207 "" "" 2014094852991916416 2762.34839 0.3389 0.0236 -3.318 -2.69 0.025 0.027 0.993 7988.6 4.161 15.282261 1.095228 15.734852 14.639624 "" "" 2604.6731 2925.28149 14522.53168 3.927 6941.9 11.71 11049.0 12.708 "" "" 0.002770917740475066 0.0033375707 0.0039803423 0.0073179128 348.92917144289 60.51788381629 2762.34839 -3.318 -2.6900000000000004
348.84640917443 60.51657802224 0.0196 0.0186 4.0877 "" "" 2014094715552718976 2576.48364 0.3608 0.024 -4.615 -2.596 0.024 0.023 0.974 "" "" 15.283131 1.475603 15.953041 14.477438 "" "" 2418.0813 2740.93164 14510.90774 8.5642 5678.1 15.656 12829.0 22.584 "" "" 0.002828851844895031 0.004092314 0.004235192 0.0083275065 348.84640917443 60.51657802224 2576.48364 -4.615 -2.596
