Clusters/NGC_1977/NGC_1977_members.tsv
# %ECSV 1.0
# ---
# datatype:
# - name: RA_ICRS_1
#   unit: deg
#   datatype: float64
#   format: '{:15.11f}'
#   description: Right ascension (ICRS) at Ep=2016.0 (ra)
#   meta: !!omap
#   - {ucd: POS_EQ_RA_MAIN}
#   - {width: 15}
#   - {precision: '11'}
# - name: DE_ICRS_1
#   unit: deg
#   datatype: float64
#   format: '{:15.11f}'
#   description: Declination (ICRS) at Ep=2016.0 (dec)
#   meta: !!omap
#   - {ucd: POS_EQ_DEC_MAIN}
#   - {width: 15}
#   - {precision: '11'}
# - name: e_RA_ICRS
#   unit: mas
#   datatype: float64
#   format: '{:7.4f}'
#   description: Standard error of right ascension (ra_error)
#   meta: !!omap
#   - {ucd: ERROR}
#   - {width: 7}
#   - {precision: '4'}
# - name: e_DE_ICRS
#   unit: mas
#   datatype: float64
#   format: '{:7.4f}'
#   description: Standard error of declination (dec_error)
#   meta: !!omap
#   - {ucd: ERROR}
#   - {width: 7}
#   - {precision: '4'}
# - name: _r_1
#   unit: ''
#   datatype: float64
#   format: '{:7.4f}'
#   description: Distance from center (083.76980610000-04.78720522000)[ICRS], at Epoch=J2016.0
#   meta: !!omap
#   - {ucd: POS_ANG_DIST_GENERAL}
#   - {width: 7}
#   - {precision: '4'}
# - name: HIP
#   datatype: int32
#   description: '? HIP cross-id number, van Leeuwen, Cat. I/311 (hip_original_ext_source_id)'
#   meta: !!omap
#   - {ucd: ID_NUMBER}
#   - {width: 6}
#   - values: {'null': -2147483648}
# - name: TYC2
#   datatype: string
#   description: Tycho-2 cross-id name, Hog et al., Cat. I/259 (tyc2_original_ext_source_id)
#   meta: !!omap
#   - {ucd: ID_CROSSID}
#   - {_votable_string_dtype: char}
# - name: Source
#   datatype: int64
#   description: Source identifier, identical to the Gaia-EDR3 source_id (id)
#   meta: !!omap
#   - {ucd: ID_MAIN}
#   - {width: 19}
# - name: rgeo
#   unit: pc
#   datatype: float64
#   format: '{:15.8f}'
#   description: '? Median of the geometric distance posterior (r_med_geo)'
#   meta: !!omap
#   - {ucd: PHYS_DISTANCE_TRUE}
#   - {width: 15}
#   - {precision: '8'}
#   - values: {'null': .nan}
# - name: Plx
#   unit: mas
#   datatype: float64
#   format: '{:9.4f}'
#   description: '? Parallax (parallax)'
#   meta: !!omap
#   - {ucd: POS_PARLX_TRIG}
#   - {width: 9}
#   - {precision: '4'}
#   - values: {'null': .nan}
# - name: e_Plx
#   unit: mas
#   datatype: float32
#   format: '{:7.4f}'
#   description: '? Standard error of parallax (parallax_error)'
#   meta: !!omap
#   - {ucd: ERROR}
#   - {width: 7}
#   - {precision: '4'}
#   - values: {'null': .nan}
# - name: pmRA
#   unit: mas / yr
#   datatype: float64
#   format: '{:9.3f}'
#   description: '? Proper motion in right ascension direction, pmRA*cosDE (pmra)'
#   meta: !!omap
#   - {ucd: POS_EQ_PMRA}
#   - {width: 9}
#   - {precision: '3'}
#   - values: {'null': .nan}
# - name: pmDE
#   unit: mas / yr
#   datatype: float64
#   format: '{:9.3f}'
#   description: '? Proper motion in declination direction (pmdec)'
#   meta: !!omap
#   - {ucd: POS_EQ_PMDEC}
#   - {width: 9}
#   - {precision: '3'}
#   - values: {'null': .nan}
# - name: e_pmRA
#   unit: mas / yr
#   datatype: float32
#   format: '{:6.3f}'
#   description: '? Standard error of proper motion in right ascension direction (pmra_error)'
#   meta: !!omap
#   - {ucd: ERROR}
#   - {width: 6}
#   - {precision: '3'}
#   - values: {'null': .nan}
# - name: e_pmDE
[...]
#       distance: !astropy.table.SerializedColumn
#         __class__: astropy.coordinates.distances.Distance
#         unit: !astropy.units.Unit {unit: pc}
#         value: !astropy.table.SerializedColumn {name: SkyCoord.distance}
#       frame: icrs
#       obstime: !astropy.time.Time {format: jyear_str, in_subfmt: '*', jd1: 367701545.0, jd2: 0.0, out_subfmt: '*', precision: 3, scale: tt}
#       pm_dec: !astropy.table.SerializedColumn
#         __class__: astropy.units.quantity.Quantity
#         unit: !astropy.units.Unit {unit: mas / yr}
#         value: !astropy.table.SerializedColumn {name: SkyCoord.pm_dec}
#       pm_ra_cosdec: !astropy.table.SerializedColumn
#         __class__: astropy.units.quantity.Quantity
#         unit: !astropy.units.Unit {unit: mas / yr}
#         value: !astropy.table.SerializedColumn {name: SkyCoord.pm_ra_cosdec}
#       ra: !astropy.table.SerializedColumn
#         __class__: astropy.coordinates.angles.Longitude
#         unit: *id001
#         value: !astropy.table.SerializedColumn {name: SkyCoord.ra}
#         wrap_angle: !astropy.coordinates.Angle
#           unit: *id001
#           value: 360.0
#       representation_type: spherical
# schema: astropy-2.0
RA_ICRS_1 DE_ICRS_1 e_RA_ICRS e_DE_ICRS _r_1 HIP TYC2 Source rgeo Plx e_Plx pmRA pmDE e_pmRA e_pmDE RUWE Teff logg Gmag BP-RP BPmag RPmag RV e_RV b_rgeo B_rgeo FG e_FG FBP e_FBP FRP e_FRP RAVE5 RAVE6 e_Gmag e_BPmag e_RPmag e_BP-RP SkyCoord.ra SkyCoord.dec SkyCoord.distance SkyCoord.pm_ra_cosdec SkyCoord.pm_dec rmRA rmDE e_rmRA e_rmDE rRV e_rRV v_pec v_pec3d e_vpec e_vpec3d Pmemb
[from data line 61]
83.89377482627 -4.78191821556 0.0322 0.0267 7.419 "" "" 3209574707493411712 372.626007 2.6336 0.0468 1.31 -0.894 0.041 0.035 1.202 "" "" 15.746748 2.956547 17.415504 14.458958 "" "" 367.610229 378.405701 9467.76956 59.835 1476.4 69.671 13049.0 136.31 "" "" 0.0073942377764238025 0.05131157 0.011954743 0.063266315 83.89377482627 -4.78191821556 372.626007 1.31 -0.894 0.07982140541076665 -0.1411071481704712 0.46473604 0.45873603 "" "" 0.28634286194882075 "" 0.13177433808956177 "" 1.0
83.79208510009 -4.85227595294 0.0377 0.0341 4.1252 "" "" 3209572611549411200 389.93985 2.5258 0.0521 0.573 -1.143 0.047 0.039 1.01 3639.7 4.0085 15.760769 2.483649 17.05161 14.567962 30.37 10.61 382.598694 396.018463 9346.29244 8.7257 2064.3 58.551 11802.0 40.826 "" "" 0.0029358580493973703 0.030921537 0.005328223 0.03624976 83.79208510009 -4.85227595294 389.93985 0.5730000000000003 -1.143 -0.6571785945892334 -0.3901071481704712 0.47073603 0.46273604 11.234687500000003 12.420849 1.41256163008853 11.323141506731014 0.662017799622018 12.324096499871542 1.0
83.65821698402 -4.85247297313 0.0259 0.0236 7.7361 "" "" 3209552678602713344 387.602203 2.5343 0.0356 1.578 -0.087 0.033 0.027 1.004 4806.9 4.2575 15.805328 2.345009 17.04461 14.6996 "" "" 381.719025 393.514709 8970.47314 17.944 2077.7 23.099 10455.0 49.526 "" "" 0.003508373861908329 0.012389041 0.006382495 0.018771537 83.65821698402 -4.85247297313 387.602203 1.578 -0.08699999999999997 0.34782140541076667 0.6658928518295288 0.45673603 0.45073605 "" "" 1.3802424987745752 "" 0.6239094574013885 "" 1.0
83.76242780319 -4.80911052258 0.0328 0.029 1.3864 "" "" 3209576013163656064 388.11145 2.5161 0.0519 2.021 -2.05 0.044 0.036 1.021 3530.2 4.3261 15.883457 2.033416 16.83617 14.802754 "" "" 380.381958 395.968781 8347.64524 35.323 2517.4 58.25 9507.3 80.195 "" "" 0.00535716735554445 0.025277263 0.009907472 0.035184734 83.76242780319 -4.80911052258 388.11145 2.021 -2.0500000000000003 0.7908214054107665 -1.297107148170471 0.46773604 0.45973605 "" "" 2.7947432866103004 "" 1.2909411059205247 "" 1.0
83.72447100077 -4.93951586243 0.0287 0.0255 9.5321 "" "" 3209548216135201408 381.564972 2.5671 0.0385 1.351 -1.504 0.035 0.03 1.029 6008.9 4.2193 15.884558 2.877541 17.495747 14.618205 "" "" 376.290405 387.921539 8339.1836 17.253 1371.3 20.309 11269.0 65.036 "" "" 0.003554939980430884 0.01632007 0.0073175756 0.023637645 83.72447100077 -4.93951586243 381.564972 1.351 -1.5040000000000004 0.12082140541076658 -0.7511071481704712 0.45873603 0.45373604 "" "" 1.3759289386704396 "" 0.6244829977425221 "" 1.0
83.8693784881 -4.79072662055 0.0475 0.0413 5.9572 "" "" 3209574776212894976 404.843445 2.4126 0.07 1.686 -0.724 0.061 0.049 1.017 "" "" 15.892684 2.984825 17.600298 14.615473 "" "" 392.494843 418.957947 8277.00132 23.089 1245.4 31.622 11297.0 79.286 "" "" 0.004094486548198137 0.027708806 0.008505813 0.03621462 83.8693784881 -4.79072662055 404.843445 1.6860000000000004 -0.7240000000000002 0.45582140541076654 0.02889285182952883 0.48473603 0.47273603 "" "" 0.8764575402508732 "" 0.42480897501558756 "" 1.0
83.84520021417 -4.77820306838 0.029 0.026 4.5401 "" "" 3209576322401123200 382.648071 2.5699 0.043 0.756 -0.738 0.036 0.031 1.054 3572.7 4.1358 15.919957 2.638609 17.377794 14.739185 "" "" 377.153046 388.532837 8071.6763 41.782 1528.6 34.35 10081.0 169.83 "" "" 0.0062592454270602275 0.02455719 0.018677281 0.04323447 83.84520021417 -4.77820306838 382.648071 0.7559999999999999 -0.7379999999999999 -0.4741785945892334 0.01489285182952882 0.45973605 0.45473602 "" "" 0.860466392920855 "" 0.39558320312032735 "" 1.0
84.01397736255 -4.96124228129 0.0282 0.026 17.9477 "" "" 3209555569119322624 380.871429 2.5659 0.0394 1.976 -0.572 0.037 0.032 1.042 3483.2 4.0078 15.938793 2.604793 17.356419 14.751626 "" "" 374.13147 387.90033 7932.85631 6.372 1559.0 11.969 9965.7 20.408 "" "" 0.002890045427799586 0.008790166 0.0043848855 0.013175052 84.01397736255 -4.96124228129 380.871429 1.976 -0.5720000000000003 0.7458214054107666 0.18089285182952886 0.46073604 0.45573604 "" "" 1.385491880296296 "" 0.6379631338540886 "" 1.0
83.9187337808 -4.87393897725 0.0369 0.0346 10.3132 "" "" 3209560138964360064 369.060089 2.6556 0.0544 1.337 -1.122 0.05 0.044 0.993 "" "" 15.945519 2.532652 17.25443 14.721779 "" "" 362.265076 375.750793 7883.86502 8.1746 1712.6 57.304 10243.0 35.233 "" "" 0.002976433926565753 0.03643598 0.0053132977 0.041749276 83.9187337808 -4.87393897725 369.060089 1.3370000000000002 -1.122 0.10682140541076657 -0.3691071481704713 0.47373605 0.46773604 "" "" 0.6721922056269686 "" 0.3147220525436729 "" 1.0
83.73351542675 -4.63667624977 0.0281 0.0241 9.2888 "" "" 3209627415332067968 384.688263 2.5716 0.0405 1.032 0.189 0.038 0.03 1.008 3476.5 4.0206 16.0269 2.657291 17.48317 14.825878 "" "" 378.060181 391.80368 7314.53737 4.7066 1387.2 14.659 9306.9 17.128 "" "" 0.002842510808928284 0.011807726 0.0042750775 0.016082803 83.73351542675 -4.63667624977 384.688263 1.0320000000000003 0.18899999999999995 -0.19817859458923337 0.9418928518295289 0.46173602 0.45373604 "" "" 1.755073060002393 "" 0.7969401422984564 "" 1.0
83.58619948999 -4.58388335568 0.0283 0.0252 16.4126 "" "" 3209630438989062528 388.559113 2.5289 0.0407 1.178 -0.055 0.038 0.031 1.011 3567.5 4.1736 16.028152 2.746564 17.567417 14.820853 "" "" 381.234253 395.703918 7306.10373 7.6465 1283.7 12.089 9350.1 33.877 "" "" 0.002980438850559337 0.010598577 0.0054551405 0.016053718 83.58619948999 -4.58388335568 388.559113 1.1780000000000006 -0.05499999999999999 -0.05217859458923346 0.6978928518295288 0.46173602 0.45473602 "" "" 1.288945786353781 "" 0.5861806216252519 "" 1.0
83.84390312988 -4.8769697048 0.0501 0.0442 6.9737 "" "" 3209571683836467584 390.880859 2.499 0.0693 1.363 -1.156 0.061 0.052 0.888 "" "" 16.06673 2.964411 17.705479 14.741068 "" "" 382.100311 401.224792 7051.05803 24.213 1130.4 44.241 10063.0 91.059 "" "" 0.00463600114592087 0.042584475 0.010526568 0.053111043 83.84390312988 -4.8769697048 390.880859 1.363 -1.156 0.1328214054107666 -0.4031071481704711 0.48473603 0.47573602 "" "" 0.7863648388048268 "" 0.3748010902125742 "" 1.0
83.68134412139 -4.86009590638 0.0317 0.0281 6.8629 "" "" 3209552304944061312 388.73349 2.5336 0.0445 0.838 -0.777 0.04 0.033 1.087 "" "" 16.073046 2.80187 17.61077 14.808899 "" "" 383.138153 396.08194 7010.16287 16.469 1233.4 20.948 9453.6 62.934 "" "" 0.003754727841415975 0.01864998 0.008156368 0.026806347 83.68134412139 -4.86009590638 388.73349 0.8380000000000004 -0.7770000000000002 -0.39217859458923343 -0.024107148170471215 0.46373603 0.45673603 "" "" 0.7239909508204572 "" 0.3357217536047793 "" 1.0
83.83416219541 -4.69289654465 0.0424 0.0358 6.843 "" "" 3209579517856776832 376.342377 2.5958 0.061 1.926 -0.266 0.054 0.043 0.843 3434.1 4.0044 16.12261 2.758834 17.631588 14.872754 "" "" 368.468933 385.6763 6697.3512 21.013 1210.0 28.086 8913.7 88.855 "" "" 0.004381333224224196 0.025355626 0.011463914 0.03681954 83.83416219541 -4.69289654465 376.342377 1.9259999999999995 -0.26599999999999996 0.6958214054107665 0.4868928518295288 0.47773603 0.46673605 "" "" 1.5149523820818591 "" 0.7183124830078922 "" 1.0
83.92927349547 -4.78343186313 0.0347 0.0301 9.5374 "" "" 3209574673133667712 390.411835 2.5424 0.052 0.918 -0.884 0.045 0.037 1.085 3511.2 3.9733 16.146788 2.618801 17.566977 14.948175 "" "" 381.812469 399.313904 6549.85374 5.4879 1284.2 18.9 8315.5 19.945 "" "" 0.0029016109438334495 0.016220912 0.004589711 0.020810623 83.92927349547 -4.78343186313 390.411835 0.9179999999999997 -0.8840000000000003 -0.31217859458923336 -0.1311071481704712 0.46873605 0.46073604 "" "" 0.6265821817245716 "" 0.2929555564822676 "" 1.0
83.80499778251 -4.6984825804 0.0365 0.031 5.7242 "" "" 3209579311698352128 397.05127 2.4768 0.0497 0.505 -0.532 0.047 0.037 1.098 3517.3 3.9965 16.168955 2.764045 17.692616 14.928571 "" "" 390.219879 403.745514 6417.48021 5.0832 1143.9 25.586 8467.0 26.066 "" "" 0.0028864137412512574 0.024444789 0.0050453856 0.029490175 83.80499778251 -4.6984825804 397.05127 0.505 -0.5319999999999999 -0.7251785945892334 0.22089285182952878 0.47073603 0.46073604 "" "" 1.4267145267707488 "" 0.6704063562237933 "" 1.0
83.85703870345 -4.82537919319 0.0464 0.0417 5.6963 "" "" 3209573058225987712 378.669373 2.5838 0.0715 1.304 -1.427 0.06 0.049 1.131 "" "" 16.257914 2.475285 17.502144 15.026859 "" "" 368.572418 391.211395 5912.64059 25.125 1363.2 47.002 7734.2 82.856 "" "" 0.005373822906517292 0.037539113 0.012230034 0.04976915 83.85703870345 -4.82537919319 378.669373 1.304 -1.4269999999999994 0.07382140541076665 -0.6741071481704712 0.48373604 0.47273603 "" "" 1.217183576958378 "" 0.5755670205855932 "" 1.0
83.84536022301 -4.62800083796 0.0317 0.0269 10.5668 "" "" 3209632775451232768 387.707855 2.542 0.0494 0.486 -1.178 0.041 0.035 1.025 3556.5 4.0049 16.26507 2.765518 17.774958 15.009439 "" "" 380.15979 393.786865 5873.79784 11.516 1060.3 16.071 7859.3 50.893 "" "" 0.003481809318985888 0.016691392 0.007982134 0.024673525 83.84536022301 -4.62800083796 387.707855 0.486 -1.178 -0.7441785945892334 -0.4251071481704711 0.46473604 0.45873603 "" "" 1.5750129324126572 "" 0.7296515907363197 "" 1.0
83.88940389334 -4.93383494235 0.0367 0.0346 11.3369 "" "" 3209559211251444992 382.272888 2.5543 0.0568 0.813 -0.144 0.048 0.043 1.189 "" "" 16.280155 3.067534 18.032644 14.96511 "" "" 372.996948 390.677155 5792.75322 7.7735 836.29 28.491 8186.8 28.379 "" "" 0.003116825704920338 0.037094295 0.005333728 0.042428024 83.88940389334 -4.93383494235 382.272888 0.8129999999999995 -0.14399999999999996 -0.41717859458923345 0.6088928518295288 0.47173604 0.46673605 "" "" 1.3374137962531 "" 0.6263632380571678 "" 1.0
83.54318885115 -4.47392118246 0.0355 0.0322 23.1733 "" "" 3209645278098087680 396.38858 2.4921 0.0498 0.612 -0.3 0.046 0.039 1.016 3575.5 4.3528 16.280317 2.63565 17.718245 15.082595 "" "" 388.242767 403.742798 5791.88608 20.295 1117.2 22.819 7347.2 75.141 "" "" 0.0046974170099796115 0.022351185 0.011729556 0.03408074 83.54318885115 -4.47392118246 396.38858 0.612 -0.3 -0.6181785945892334 0.4528928518295288 0.46973604 0.46273604 "" "" 1.439837463772317 "" 0.6728404479534739 "" 1.0
83.70185503185 -4.84759961795 0.0357 0.0314 5.4439 "" "" 3209552339303795072 392.867889 2.5054 0.0525 0.917 -0.724 0.046 0.038 1.016 3619.4 4.6702 16.290373 2.017124 17.190247 15.173122 "" "" 384.776978 400.862061 5738.48525 57.684 1816.8 92.288 6759.4 125.7 "" "" 0.011256390188152806 0.055222683 0.020541377 0.07576406 83.70185503185 -4.84759961795 392.867889 0.9169999999999995 -0.724 -0.31317859458923336 0.02889285182952883 0.46973604 0.46173602 "" "" 0.5856758728053553 "" 0.27507385643287074 "" 1.0
83.85485241409 -4.56433432947 0.0349 0.0293 14.3067 "" "" 3209633290847280256 382.025665 2.562 0.0536 1.234 -0.743 0.047 0.038 1.095 3474.8 4.1765 16.334894 2.945251 18.017435 15.072185 "" "" 375.437317 388.413727 5507.93493 5.2261 848.09 11.644 7418.0 17.67 "" "" 0.0029416085277485164 0.01516568 0.0045795767 0.019745257 83.85485241409 -4.56433432947 382.025665 1.234 -0.743 0.0038214054107665874 0.009892851829528815 0.47073603 0.46173602 "" "" 0.01920403231473569 "" 0.008889824135144856 "" 1.0
83.85566180724 -4.56359449516 0.0331 0.0275 14.3655 "" "" 3209633290847279744 390.040985 2.5226 0.0511 1.1 -0.832 0.044 0.036 1.008 "" "" 16.342693 2.949965 18.027227 15.077263 "" "" 382.864471 398.110596 5468.51111 4.3595 840.48 10.465 7383.3 18.233 "" "" 0.0028880729335940946 0.013803671 0.0046338593 0.01843753 83.85566180724 -4.56359449516 390.040985 1.1000000000000008 -0.832 -0.1301785945892333 -0.07910714817047115 0.46773604 0.45973605 "" "" 0.28162670039527293 "" 0.13112315991250484 "" 1.0
83.78625414916 -4.78123999005 0.0409 0.0366 1.0465 "" "" 3209576459840251776 391.157501 2.5383 0.0624 1.144 -0.245 0.051 0.041 1.263 5415.7 4.7609 16.357498 1.721078 17.114618 15.39354 "" "" 381.976379 401.308044 5394.45645 75.361 1947.9 69.579 5517.5 250.78 "" "" 0.015416051175125702 0.038882744 0.049493115 0.08837586 83.78625414916 -4.78123999005 391.157501 1.144 -0.24499999999999994 -0.08617859458923349 0.5078928518295288 0.47473603 0.46473604 "" "" 0.9551369655076013 "" 0.44415666501121637 "" 1.0
83.8822142066 -4.83129841712 0.054 0.0478 7.2227 "" "" 3209572233592263168 379.79245 2.5817 0.0856 1.427 -1.173 0.071 0.059 1.026 "" "" 16.357983 2.991416 18.053564 15.062148 "" "" 368.453979 392.761719 5392.04729 5.4056 820.33 43.312 7486.8 36.667 "" "" 0.00296252353066423 0.057392847 0.006523726 0.06391657 83.8822142066 -4.83129841712 379.79245 1.4270000000000003 -1.173 0.19682140541076665 -0.42010714817047123 0.49473605 0.48273605 "" "" 0.8351697224003541 "" 0.4049886858865421 "" 1.0
83.859690117 -4.82401321245 0.0493 0.0444 5.8102 "" "" 3209573058226152064 401.851929 2.439 0.0731 1.452 -1.251 0.064 0.052 0.953 3430.6 4.2392 16.360874 2.714027 17.803034 15.089007 "" "" 391.013031 411.208557 5377.70493 4.5738 1033.2 25.923 7303.9 19.199 "" "" 0.002905944667009453 0.027383652 0.0047359075 0.032119557 83.859690117 -4.82401321245 401.851929 1.4520000000000004 -1.2510000000000001 0.22182140541076656 -0.4981071481704711 0.48773605 0.47573602 "" "" 1.0386115559950824 "" 0.49618919418477003 "" 1.0
83.81839693967 -4.96723688422 0.0348 0.0317 11.1857 "" "" 3209535812269642624 377.31073 2.609 0.0512 1.454 -1.53 0.046 0.038 1.057 "" "" 16.362246 3.029691 18.114351 15.084661 "" "" 367.905396 385.471191 5370.91407 4.0926 775.67 21.184 7333.2 15.86 "" "" 0.002876847876114752 0.029783074 0.0044494653 0.03423254 83.81839693967 -4.96723688422 377.31073 1.454 -1.53 0.22382140541076656 -0.7771071481704712 0.46973604 0.46173602 "" "" 1.4463172405318 "" 0.6687101615257541 "" 1.0
83.84483802376 -4.72388856324 0.0498 0.0431 5.8788 "" "" 3209578280906199168 401.068237 2.4368 0.0828 1.385 -0.977 0.067 0.053 1.129 "" "" 16.373774 2.561807 17.623804 15.061997 "" "" 388.58255 411.541351 5314.19129 32.23 1218.7 66.572 7487.9 130.04 "" "" 0.007138090900075205 0.05937439 0.019230673 0.07860506 83.84483802376 -4.72388856324 401.068237 1.3850000000000002 -0.977 0.1548214054107666 -0.22410714817047117 0.49073604 0.47673604 "" "" 0.5178214912945396 "" 0.2492293136546227 "" 1.0
83.87512507859 -4.57437317798 0.0356 0.0299 14.2386 "" "" 3209633393926493184 378.884552 2.5898 0.0551 0.873 -1.022 0.048 0.039 1.043 "" "" 16.375917 3.118619 18.19939 15.080771 "" "" 369.887695 387.208099 5303.71346 4.8787 717.23 10.938 7359.5 17.989 "" "" 0.0029307426004661847 0.016791286 0.0046181013 0.021409387 83.87512507859 -4.57437317798 378.884552 0.8730000000000001 -1.0219999999999998 -0.3571785945892334 -0.2691071481704712 0.47173604 0.46273604 "" "" 0.8031469833397116 "" 0.37627202697011414 "" 1.0
83.93790331848 -4.86164119736 0.039 0.0352 10.9978 "" "" 3209560173324262016 379.388062 2.5854 0.0578 1.492 -0.975 0.051 0.043 1.154 "" "" 16.397259 3.216072 18.278055 15.061983 "" "" 370.288544 387.987946 5200.47442 4.3225 667.11 22.206 7488.0 20.857 "" "" 0.002899341292300693 0.036248296 0.0048404033 0.0410887 83.93790331848 -4.86164119736 379.388062 1.492 -0.975 0.2618214054107666 -0.22210714817047117 0.47473603 0.46673605 "" "" 0.6174272774963313 "" 0.2910581199647856 "" 1.0
