Clusters/NGC_1977/NGC_1977_stars_in_region.tsv
# %ECSV 1.0
# ---
# datatype:
# - name: RA_ICRS_1
#   unit: deg
#   datatype: float64
#   format: '{:15.11f}'
#   description: Right ascension (ICRS) at Ep=2016.0 (ra)
#   meta: !!omap
#   - {ucd: POS_EQ_RA_MAIN}
#   - {width: 15}
#   - {precision: '11'}
# - name: DE_ICRS_1
#   unit: deg
#   datatype: float64
#   format: '{:15.11f}'
#   description: Declination (ICRS) at Ep=2016.0 (dec)
#   meta: !!omap
#   - {ucd: POS_EQ_DEC_MAIN}
#   - {width: 15}
#   - {precision: '11'}
# - name: e_RA_ICRS
#   unit: mas
#   datatype: float64
#   format: '{:7.4f}'
#   description: Standard error of right ascension (ra_error)
#   meta: !!omap
#   - {ucd: ERROR}
#   - {width: 7}
#   - {precision: '4'}
# - name: e_DE_ICRS
#   unit: mas
#   datatype: float64
#   format: '{:7.4f}'
#   description: Standard error of declination (dec_error)
#   meta: !!omap
#   - {ucd: ERROR}
#   - {width: 7}
#   - {precision: '4'}
# - name: _r_1
#   unit: ''
#   datatype: float64
#   format: '{:7.4f}'
#   description: Distance from center (083.76980610000-04.78720522000)[ICRS], at Epoch=J2016.0
#   meta: !!omap
#   - {ucd: POS_ANG_DIST_GENERAL}
#   - {width: 7}
#   - {precision: '4'}
# - name: HIP
#   datatype: int32
#   description: '? HIP cross-id number, van Leeuwen, Cat. I/311 (hip_original_ext_source_id)'
#   meta: !!omap
#   - {ucd: ID_NUMBER}
#   - {width: 6}
#   - values: {'null': -2147483648}
# - name: TYC2
#   datatype: string
#   description: Tycho-2 cross-id name, Hog et al., Cat. I/259 (tyc2_original_ext_source_id)
#   meta: !!omap
#   - {ucd: ID_CROSSID}
#   - {_votable_string_dtype: char}
# - name: Source
#   datatype: int64
#   description: Source identifier, identical to the Gaia-EDR3 source_id (id)
#   meta: !!omap
#   - {ucd: ID_MAIN}
#   - {width: 19}
# - name: rgeo
#   unit: pc
#   datatype: float64
#   format: '{:15.8f}'
#   description: '? Median of the geometric distance posterior (r_med_geo)'
#   meta: !!omap
#   - {ucd: PHYS_DISTANCE_TRUE}
#   - {width: 15}
#   - {precision: '8'}
#   - values: {'null': .nan}
# - name: Plx
#   unit: mas
#   datatype: float64
#   format: '{:9.4f}'
#   description: '? Parallax (parallax)'
#   meta: !!omap
#   - {ucd: POS_PARLX_TRIG}
#   - {width: 9}
#   - {precision: '4'}
#   - values: {'null': .nan}
# - name: e_Plx
#   unit: mas
#   datatype: float32
#   format: '{:7.4f}'
#   description: '? Standard error of parallax (parallax_error)'
#   meta: !!omap
#   - {ucd: ERROR}
#   - {width: 7}
#   - {precision: '4'}
#   - values: {'null': .nan}
# - name: pmRA
#   unit: mas / yr
#   datatype: float64
#   format: '{:9.3f}'
#   description: '? Proper motion in right ascension direction, pmRA*cosDE (pmra)'
#   meta: !!omap
#   - {ucd: POS_EQ_PMRA}
#   - {width: 9}
#   - {precision: '3'}
#   - values: {'null': .nan}
# - name: pmDE
#   unit: mas / yr
#   datatype: float64
#   format: '{:9.3f}'
#   description: '? Proper motion in declination direction (pmdec)'
#   meta: !!omap
#   - {ucd: POS_EQ_PMDEC}
#   - {width: 9}
#   - {precision: '3'}
#   - values: {'null': .nan}
# - name: e_pmRA
#   unit: mas / yr
#   datatype: float32
#   format: '{:6.3f}'
#   description: '? Standard error of proper motion in right ascension direction (pmra_error)'
#   meta: !!omap
#   - {ucd: ERROR}
#   - {width: 6}
#   - {precision: '3'}
#   - values: {'null': .nan}
# - name: e_pmDE
[...]
#         value: !astropy.table.SerializedColumn {name: SkyCoord.dec}
#       distance: !astropy.table.SerializedColumn
#         __class__: astropy.coordinates.distances.Distance
#         unit: !astropy.units.Unit {unit: pc}
#         value: !astropy.table.SerializedColumn {name: SkyCoord.distance}
#       frame: icrs
#       obstime: !astropy.time.Time {format: jyear_str, in_subfmt: '*', jd1: 367701545.0, jd2: 0.0, out_subfmt: '*', precision: 3, scale: tt}
#       pm_dec: !astropy.table.SerializedColumn
#         __class__: astropy.units.quantity.Quantity
#         unit: !astropy.units.Unit {unit: mas / yr}
#         value: !astropy.table.SerializedColumn {name: SkyCoord.pm_dec}
#       pm_ra_cosdec: !astropy.table.SerializedColumn
#         __class__: astropy.units.quantity.Quantity
#         unit: !astropy.units.Unit {unit: mas / yr}
#         value: !astropy.table.SerializedColumn {name: SkyCoord.pm_ra_cosdec}
#       ra: !astropy.table.SerializedColumn
#         __class__: astropy.coordinates.angles.Longitude
#         unit: *id001
#         value: !astropy.table.SerializedColumn {name: SkyCoord.ra}
#         wrap_angle: !astropy.coordinates.Angle
#           unit: *id001
#           value: 360.0
#       representation_type: spherical
# schema: astropy-2.0
RA_ICRS_1 DE_ICRS_1 e_RA_ICRS e_DE_ICRS _r_1 HIP TYC2 Source rgeo Plx e_Plx pmRA pmDE e_pmRA e_pmDE RUWE Teff logg Gmag BP-RP BPmag RPmag RV e_RV b_rgeo B_rgeo FG e_FG FBP e_FBP FRP e_FRP RAVE5 RAVE6 e_Gmag e_BPmag e_RPmag e_BP-RP SkyCoord.ra SkyCoord.dec SkyCoord.distance SkyCoord.pm_ra_cosdec SkyCoord.pm_dec rmRA rmDE e_rmRA e_rmDE rRV e_rRV v_pec v_pec3d e_vpec e_vpec3d
[from data line 1414]
83.77934682693 -4.91577185775 0.0198 0.018 7.7351 "" "" 3209547941257283328 378.417236 2.597 0.0273 1.285 0.69 0.025 0.021 1.042 3969.2 4.2701 15.125425 2.074767 16.177418 14.102651 0.43 12.17 374.988068 381.660706 16779.40471 20.45 4618.0 28.96 18117.0 59.873 "" "" 0.003056595031443326 0.0073582917 0.0052113775 0.01256967 83.77934682693 -4.91577185775 378.417236 1.285 0.6899999999999998 0.05482140541076652 1.4428928518295288 0.44873604 0.44473603 -18.705312499999998 13.980849 2.589980951171352 18.883768613549748 1.1518728561375582 13.849628004429954
83.61955534374 -6.36886652709 0.0194 0.0185 95.3229 "" "" 3017138044960728704 380.249542 2.5806 0.0271 1.546 0.388 0.025 0.022 1.017 3946.5 4.2713 15.126906 2.131101 16.210697 14.079596 -20.15 10.22 376.751556 384.235016 16756.53312 15.261 4478.6 21.59 18506.0 51.694 "" "" 0.0029273846563496768 0.0059312666 0.004845817 0.010777084 83.61955534374 -6.36886652709 380.249542 1.5460000000000027 0.388 0.31582140541076664 1.1408928518295287 0.44873604 0.44573605 -39.285312499999996 12.030849 2.133658676330833 39.343211327619635 0.9515056030325508 12.013255270182324
83.80695532249 -3.47554157392 0.02 0.0173 78.7312 "" "" 3215912601752118528 363.958771 2.7102 0.0278 -1.591 28.803 0.025 0.021 1.114 4363.2 4.6319 15.127881 1.544242 15.84421 14.299968 27.25 7.43 360.437988 368.737366 16741.49521 4.3015 6276.7 17.678 15107.0 18.674 "" "" 0.002769406247247233 0.0041395556 0.004010604 0.00815016 83.80695532249 -3.47554157392 363.958771 -1.5910000000000026 28.803 -2.8211785945892336 29.55589285182953 0.44873604 0.44473603 8.114687500000002 9.240849 51.22053572175035 51.859342772983155 22.78147600340197 22.547264850848
84.56100820198 -5.09716549024 0.0182 0.0155 50.8207 "" "" 3017387462312794368 362.367981 2.722 0.027 0.549 0.073 0.026 0.02 1.025 "" "" 15.12873 2.158567 16.237635 14.079068 24.71 6.55 359.559753 365.706635 16728.41144 49.732 4368.8 46.501 18515.0 146.4 "" "" 0.004243869672363695 0.011888506 0.009380107 0.021268614 84.56100820198 -5.09716549024 362.367981 0.549 0.07299999999999998 -0.6811785945892334 0.8258928518295288 0.44973603 0.44373605 5.574687500000003 8.360849 1.8388234591495753 5.870128826233296 0.8204368414183083 7.9442092729476945
83.68086735498 -5.50194403376 0.0345 0.0286 43.2124 "" "" 3017268921203929984 379.911499 2.5786 0.0515 1.871 -1.314 0.048 0.038 1.08 6557.9 4.3822 15.132074 2.147472 16.140308 13.992836 "" "" 371.885437 387.254272 16676.96294 43.34 4778.5 129.96 20046.0 173.4 "" "" 0.003943760294438531 0.0296601 0.010123653 0.039783753 83.68086735498 -5.50194403376 379.911499 1.871 -1.314 0.6408214054107666 -0.5611071481704712 0.47173604 0.46173602 "" "" 1.5338309085938817 "" 0.716947272463169 ""
83.77274222081 -4.41852179922 0.018 0.0148 22.1217 "" "" 3209639269441739776 377.80014 2.5945 0.027 1.093 0.576 0.025 0.02 1.046 3721.9 4.01 15.133936 2.281901 16.31914 14.037238 "" "" 374.41922 381.220001 16648.40139 52.101 4052.9 60.353 19243.0 215.62 "" "" 0.004374566820048844 0.016407024 0.012739322 0.029146347 83.77274222081 -4.41852179922 377.80014 1.093 0.576 -0.13717859458923343 1.3288928518295289 0.44873604 0.44373605 "" "" 2.392390632457573 "" 1.0617167861242869 ""
83.37049096165 -5.15841849308 0.0208 0.0168 32.6465 "" "" 3209446614386993408 427.474335 2.2898 0.0314 7.464 19.526 0.026 0.02 1.02 8151.3 4.4036 15.135046 2.42907 16.439873 14.010802 107.14 3.3 422.041901 433.41275 16631.37977 20.419 3626.3 23.243 19717.0 63.268 "" "" 0.0030608301630856817 0.007497603 0.0051401746 0.012637777 83.37049096165 -5.15841849308 427.474335 7.464 19.526 6.233821405410767 20.27889285182953 0.44973603 0.44373605 88.0046875 5.1108494 42.98728440585712 97.9424915068159 19.097413758201608 9.557485487941396
83.87359014034 -5.52012086559 0.0332 0.0299 44.4101 "" "" 3017347261418863744 396.794556 2.4665 0.056 -0.349 -0.977 0.043 0.037 0.967 "" "" 15.137321 2.310132 16.28824 13.978108 14.55 6.71 385.945007 411.065369 16596.56941 31.488 4169.9 124.28 20320.0 130.18 "" "" 0.0034402141580817396 0.032479424 0.00791621 0.040395632 83.87359014034 -5.52012086559 396.794556 -0.3489999999999994 -0.9769999999999999 -1.5791785945892334 -0.22410714817047117 0.46673605 0.46073604 -4.585312499999997 8.520849 2.9998882680915298 5.479454383758425 1.3998028935365552 7.171475421218408
84.17790733185 -5.56992275216 0.0538 0.0465 52.9169 "" "" 3017297130563756928 425.887573 2.3187 0.0804 1.085 1.986 0.072 0.056 2.081 "" "" 15.139307 2.287888 15.846958 13.559071 "" "" 407.616943 439.80481 16566.23601 12.989 6260.9 28.52 29890.0 60.224 "" "" 0.0028838307024915593 0.00567856 0.0043668435 0.010045404 84.17790733185 -5.56992275216 425.887573 1.0850000000000013 1.986000000000001 -0.14517859458923343 2.7388928518295286 0.49573603 0.47973603 "" "" 5.536784347182339 "" 2.6564472764463756 ""
83.84338988387 -5.41931652906 0.0583 0.0455 38.1808 "" "" 3017360936597500160 397.969147 2.4725 0.0895 3.369 -1.078 0.083 0.061 0.949 "" "" 15.142232 0.712545 13.608293 12.895747 "" "" 386.253967 413.122986 16521.66516 86.543 49215.0 4016.2 55063.0 3689.2 "" "" 0.006319542363606922 0.088645644 0.07284202 0.16148767 83.84338988387 -5.41931652906 397.969147 3.369 -1.0780000000000014 2.138821405410767 -0.32510714817047126 0.50673604 0.48473603 "" "" 4.080960103080864 "" 2.065985084560993 ""
84.13147827575 -6.14104727239 0.059 0.058 84.0536 "" "" 3017168483394207872 394.062103 2.4876 0.0762 1.007 0.449 0.067 0.06 1.33 "" "" 15.144392 "" "" "" "" "" 384.492676 405.842285 16488.83102 363.94 "" "" "" "" "" "" 0.02412214946846791 "" "" "" 84.13147827575 -6.14104727239 394.062103 1.007 0.449 -0.2231785945892335 1.2018928518295289 0.49073604 0.48373604 "" "" 2.2833365008399826 "" 1.1050686218751633 ""
84.35800898658 -3.93231765571 0.023 0.0211 62.2038 "" "" 3215684212571028352 396.563385 2.4808 0.026 5.771 -35.238 0.027 0.024 0.945 "" "" 15.144828 1.559243 15.877693 14.31845 "" "" 392.395416 399.904877 16482.21291 4.4143 6086.1 14.76 14852.0 17.205 "" "" 0.0027706217328473033 0.0038364565 0.003983172 0.007819628 84.35800898658 -3.93231765571 396.563385 5.771000000000007 -35.23799999999999 4.5408214054107665 -34.48510714817047 0.45073605 0.44773602 "" "" 65.38155188363383 "" 29.27703001908314 ""
83.85451131713 -5.39826326366 0.035 0.0315 37.0113 "" "" 3017361074019679616 388.944 2.5341 0.0523 0.661 2.109 0.045 0.04 0.905 "" "" 15.146874 0.840562 13.002398 12.161836 "" "" 380.325867 396.519714 16451.17534 257.23 85992.0 2004.0 108250.0 2140.6 "" "" 0.017198677042952488 0.025455905 0.0218001 0.047256008 83.85451131713 -5.39826326366 388.944 0.661 2.1089999999999995 -0.5691785945892334 2.861892851829529 0.46873605 0.46373603 "" "" 5.379504983710991 "" 2.495699005406215 ""
84.31628424943 -3.42988092747 0.0273 0.0261 87.7605 "" "" 3215997607744480384 399.621948 2.4618 0.033 5.582 -23.979 0.032 0.028 1.03 4400.5 4.5868 15.147543 1.584319 15.894128 14.309809 -58.47 7.28 395.15686 404.763062 16441.04726 5.1377 5994.7 15.104 14970.0 21.087 "" "" 0.0027761309640152113 0.003907483 0.0040771007 0.007984584 84.31628424943 -3.42988092747 399.621948 5.582 -23.979000000000003 4.3518214054107665 -23.22610714817047 0.45573604 0.45173603 -77.6053125 9.090849 44.76067702892646 89.58851899830982 20.226109057587617 12.811486919219131
82.76471166627 -4.47904560995 0.2053 0.1721 62.888 "" "" 3209822647363944448 345.872375 3.0215 0.2965 8.348 -24.319 0.259 0.213 10.651 4230.1 4.5194 15.14892 1.685605 15.905203 14.219598 -21.75 3.66 306.582825 385.082642 16420.21593 18.352 5933.8 9.5072 16267.0 14.641 "" "" 0.003010697130993214 0.0032880362 0.0039036733 0.0071917092 82.76471166627 -4.47904560995 345.872375 8.348 -24.318999999999996 7.117821405410767 -23.56610714817047 0.68273604 0.63673604 -40.8853125 5.470849 40.35890845300942 57.44954542675731 25.858280889059333 18.578271305265556
82.96225940212 -5.70192365279 0.0192 0.0176 73.0764 "" "" 3209386411830477952 352.248596 2.7923 0.0272 1.042 -0.471 0.023 0.02 0.981 4023.8 4.3076 15.151026 2.080676 16.204552 14.123876 "" "" 349.517578 355.477448 16388.38968 29.369 4504.0 37.362 17767.0 107.78 "" "" 0.0033730639234392087 0.00942879 0.0075937114 0.017022502 82.96225940212 -5.70192365279 352.248596 1.042 -0.47100000000000014 -0.18817859458923336 0.28189285182952883 0.44673604 0.44373605 "" "" 0.5659003041385907 "" 0.25163491498280993 ""
84.76112637198 -4.24353270379 0.0224 0.0216 67.675 "" "" 3215612950473838720 393.203156 2.5014 0.0284 2.139 -20.472 0.026 0.024 0.99 4608.3 4.5622 15.151813 1.536768 15.865249 14.328481 "" "" 389.722595 397.463501 16376.51928 6.6351 6156.3 18.8 14715.0 22.586 "" "" 0.002790214694539803 0.0043333895 0.0041304873 0.008463876 84.76112637198 -4.24353270379 393.203156 2.1389999999999993 -20.472 0.9088214054107664 -19.719107148170472 0.44973603 0.44773602 "" "" 36.79114846486037 "" 16.472878879098058 ""
84.31977719621 -4.02076192822 0.0196 0.0167 56.5439 "" "" 3215681120194601344 357.654175 2.753 0.0258 0.994 -0.934 0.025 0.02 1.004 "" "" 15.152844 2.116005 16.235172 14.119167 -14.55 9.5 354.697144 360.231873 16360.97109 12.774 4378.7 15.2 17844.0 36.965 "" "" 0.002882773763945452 0.004689369 0.004398011 0.00908738 84.31977719621 -4.02076192822 357.654175 0.994 -0.9339999999999999 -0.2361785945892334 -0.18110714817047124 0.44873604 0.44373605 -33.685312499999995 11.310849 0.5045564840425985 33.68909104544445 0.2254818253588672 11.309581076819944
83.97524193221 -4.7887386568 0.0223 0.0186 12.2835 "" "" 3209574054658370304 384.511108 2.555 0.031 1.15 -0.712 0.029 0.022 1.188 "" "" 15.153193 2.295079 16.322071 14.026992 "" "" 379.493774 390.502228 16355.71148 102.56 4041.9 161.78 19425.0 243.89 "" "" 0.007344623483960615 0.04354686 0.014146136 0.057692997 83.97524193221 -4.7887386568 384.511108 1.1499999999999995 -0.7119999999999991 -0.08017859458923349 0.04089285182952884 0.45273602 0.44573605 "" "" 0.1640408664941915 "" 0.07403163238355322 ""
83.82496795948 -5.82724931767 0.0413 0.0396 62.4896 "" "" 3017238822073418368 366.83548 2.6856 0.0591 0.888 0.181 0.057 0.053 1.55 "" "" 15.153261 2.334591 15.906313 13.571722 -46.45 10.96 358.561981 376.187317 16354.69382 52.419 5927.8 109.02 29544.0 449.12 "" "" 0.004438660470072953 0.020162104 0.016932251 0.037094355 83.82496795948 -5.82724931767 366.83548 0.8879999999999999 0.18099999999999997 -0.3421785945892334 0.9338928518295289 0.48073605 0.47673604 -65.5853125 12.770849 1.729421921010675 65.60811013817978 0.8252995573012879 12.766430123290789
84.7713695133 -5.07221743964 0.0197 0.0165 62.2658 "" "" 3023346231207609472 423.872406 2.3219 0.0303 4.922 -2.685 0.028 0.021 1.029 4522.5 4.5926 15.154174 1.521536 15.857178 14.335642 "" "" 418.321014 429.909546 16340.95 7.1741 6202.2 16.482 14618.0 25.93 "" "" 0.0027962475112765506 0.004013715 0.0042418046 0.008255519 84.7713695133 -5.07221743964 423.872406 4.922 -2.685 3.6918214054107663 -1.9321071481704712 0.45173603 0.44473603 "" "" 8.37183495886576 "" 3.7693365123517557 ""
83.77388208106 -5.40514703267 0.041 0.0364 37.0773 "" "" 3017363612347068544 373.141632 2.6341 0.065 1.777 -1.303 0.059 0.045 1.467 "" "" 15.15616 1.26014 14.746757 13.486616 "" "" 365.588806 381.931488 16311.07128 513.02 17247.0 1057.4 31953.0 1585.5 "" "" 0.03425983115356887 0.06662408 0.05400636 0.12063044 83.77388208106 -5.40514703267 373.141632 1.7770000000000001 -1.303 0.5468214054107665 -0.5501071481704711 0.48273605 0.46873605 "" "" 1.3718838399078992 "" 0.6526677219199077 ""
83.85548014038 -3.55817559804 0.0205 0.0182 73.9198 "" "" 3215911021204363648 354.668823 2.7764 0.0267 1.673 -1.8 0.025 0.021 1.051 3708.3 4.0164 15.15674 2.278624 16.34374 14.065116 -12.36 9.42 351.135223 357.31781 16302.36642 33.816 3962.1 42.345 18755.0 119.69 "" "" 0.003558642466475725 0.011934558 0.007892627 0.019827185 83.85548014038 -3.55817559804 354.668823 1.6730000000000018 -1.8000000000000003 0.44282140541076664 -1.0471071481704712 0.44873604 0.44473603 -31.495312499999997 11.230849 1.9112640590562857 31.553250859081007 0.8511722608682779 11.21034564189334
83.9390795614 -5.46968053614 0.0316 0.0294 42.1795 "" "" 3017347948613138176 397.659241 2.4665 0.0477 1.351 -0.175 0.039 0.033 1.122 "" "" 15.156885 1.959481 15.93784 13.978359 "" "" 391.200226 404.317261 16300.19633 308.63 5758.1 415.95 20315.0 1053.3 "" "" 0.02074129376230133 0.07848034 0.0564204 0.13490075 83.9390795614 -5.46968053614 397.659241 1.3510000000000015 -0.17500000000000007 0.12082140541076658 0.5778928518295288 0.46273604 0.45673603 "" "" 1.112825128006709 "" 0.5085487230750875 ""
83.62607410213 -5.19672087401 0.0208 0.0191 26.0296 "" "" 3209523889440506240 389.404053 2.5126 0.0318 0.855 -0.828 0.026 0.021 1.054 5910.3 4.1306 15.157211 2.464739 16.452589 13.98785 "" "" 383.926666 393.919617 16295.29881 89.898 3584.1 80.84 20138.0 272.29 "" "" 0.0065931361819780675 0.024647402 0.015159143 0.039806545 83.62607410213 -5.19672087401 389.404053 0.8549999999999999 -0.828 -0.3751785945892334 -0.07510714817047115 0.44973603 0.44473603 "" "" 0.7062353284551288 "" 0.3174841365262794 ""
84.21219911286 -5.55124182926 0.0192 0.0177 52.9182 "" "" 3017297302359395840 388.502838 2.5262 0.0269 1.295 -0.934 0.026 0.021 1.039 "" "" 15.158797 2.560673 16.552181 13.991509 31.5 6.57 384.481049 392.803558 16271.51338 10.819 3270.0 14.933 20070.0 26.318 "" "" 0.002848323104657994 0.005689353 0.0040386575 0.009728011 84.21219911286 -5.55124182926 388.502838 1.295000000000001 -0.9340000000000009 0.06482140541076653 -0.18110714817047124 0.44973603 0.44473603 12.364687500000002 8.38085 0.3542279859206071 12.369760484288516 0.1577400766148636 8.377413970980337
82.94381331969 -5.24533918132 0.0198 0.0172 56.5062 "" "" 3209488327109455488 422.481384 2.3196 0.0283 18.886 -30.426 0.026 0.021 1.011 5528.7 4.5501 15.159211 1.730221 15.987267 14.257046 55.6 5.0 417.910248 427.603729 16265.30934 4.9065 5501.9 11.037 15716.0 16.852 "" "" 0.0027747174169032445 0.0035396097 0.0039546336 0.0074942433 82.94381331969 -5.24533918132 422.481384 18.886 -30.426 17.655821405410766 -29.67310714817047 0.44973603 0.44473603 36.464687500000004 6.810849 69.14556987751584 78.17149907836668 30.84229744680887 27.465519114303053
83.36092807563 -5.00795612126 0.0935 0.0767 27.801 "" "" 3209589447818838528 369.646759 2.6646 0.1185 -1.107 -0.833 0.11 0.089 1.904 "" "" 15.160062 2.566925 15.854223 13.287298 "" "" 356.717499 386.436615 16252.57175 27.398 6219.1 36.164 38392.0 165.5 "" "" 0.0033078344805065455 0.0069026 0.00601579 0.01291839 83.36092807563 -5.00795612126 369.646759 -1.1069999999999998 -0.833 -2.3371785945892336 -0.08010714817047115 0.53373605 0.512736 "" "" 4.097435221487231 "" 2.186849907518912 ""
84.10437440284 -4.23635175916 0.0185 0.0156 38.6375 "" "" 3215653769842935296 375.072327 2.6234 0.0269 -8.943 0.071 0.023 0.019 1.052 4240.3 4.4435 15.16075 1.799887 16.035273 14.235386 71.2 6.53 371.569427 379.108734 16242.26855 4.1092 5263.9 10.747 16033.0 14.641 "" "" 0.0027689783730304456 0.0035635289 0.003907268 0.007470797 84.10437440284 -4.23635175916 375.072327 -8.943000000000001 0.071 -10.173178594589233 0.8238928518295288 0.44673604 0.44273603 52.064687500000005 8.340849 18.14552844912817 55.13612143750027 8.10579063101409 8.315710717790573
