Clusters/NGC_1977/NGC_1977_stars_in_region.tsv
# %ECSV 1.0
# ---
# datatype:
# - name: RA_ICRS_1
#   unit: deg
#   datatype: float64
#   format: '{:15.11f}'
#   description: Right ascension (ICRS) at Ep=2016.0 (ra)
#   meta: !!omap
#   - {ucd: POS_EQ_RA_MAIN}
#   - {width: 15}
#   - {precision: '11'}
# - name: DE_ICRS_1
#   unit: deg
#   datatype: float64
#   format: '{:15.11f}'
#   description: Declination (ICRS) at Ep=2016.0 (dec)
#   meta: !!omap
#   - {ucd: POS_EQ_DEC_MAIN}
#   - {width: 15}
#   - {precision: '11'}
# - name: e_RA_ICRS
#   unit: mas
#   datatype: float64
#   format: '{:7.4f}'
#   description: Standard error of right ascension (ra_error)
#   meta: !!omap
#   - {ucd: ERROR}
#   - {width: 7}
#   - {precision: '4'}
# - name: e_DE_ICRS
#   unit: mas
#   datatype: float64
#   format: '{:7.4f}'
#   description: Standard error of declination (dec_error)
#   meta: !!omap
#   - {ucd: ERROR}
#   - {width: 7}
#   - {precision: '4'}
# - name: _r_1
#   unit: ''
#   datatype: float64
#   format: '{:7.4f}'
#   description: Distance from center (083.76980610000-04.78720522000)[ICRS], at Epoch=J2016.0
#   meta: !!omap
#   - {ucd: POS_ANG_DIST_GENERAL}
#   - {width: 7}
#   - {precision: '4'}
# - name: HIP
#   datatype: int32
#   description: '? HIP cross-id number, van Leeuwen, Cat. I/311 (hip_original_ext_source_id)'
#   meta: !!omap
#   - {ucd: ID_NUMBER}
#   - {width: 6}
#   - values: {'null': -2147483648}
# - name: TYC2
#   datatype: string
#   description: Tycho-2 cross-id name, Hog et al., Cat. I/259 (tyc2_original_ext_source_id)
#   meta: !!omap
#   - {ucd: ID_CROSSID}
#   - {_votable_string_dtype: char}
# - name: Source
#   datatype: int64
#   description: Source identifier, identical to the Gaia-EDR3 source_id (id)
#   meta: !!omap
#   - {ucd: ID_MAIN}
#   - {width: 19}
# - name: rgeo
#   unit: pc
#   datatype: float64
#   format: '{:15.8f}'
#   description: '? Median of the geometric distance posterior (r_med_geo)'
#   meta: !!omap
#   - {ucd: PHYS_DISTANCE_TRUE}
#   - {width: 15}
#   - {precision: '8'}
#   - values: {'null': .nan}
# - name: Plx
#   unit: mas
#   datatype: float64
#   format: '{:9.4f}'
#   description: '? Parallax (parallax)'
#   meta: !!omap
#   - {ucd: POS_PARLX_TRIG}
#   - {width: 9}
#   - {precision: '4'}
#   - values: {'null': .nan}
# - name: e_Plx
#   unit: mas
#   datatype: float32
#   format: '{:7.4f}'
#   description: '? Standard error of parallax (parallax_error)'
#   meta: !!omap
#   - {ucd: ERROR}
#   - {width: 7}
#   - {precision: '4'}
#   - values: {'null': .nan}
# - name: pmRA
#   unit: mas / yr
#   datatype: float64
#   format: '{:9.3f}'
#   description: '? Proper motion in right ascension direction, pmRA*cosDE (pmra)'
#   meta: !!omap
#   - {ucd: POS_EQ_PMRA}
#   - {width: 9}
#   - {precision: '3'}
#   - values: {'null': .nan}
# - name: pmDE
#   unit: mas / yr
#   datatype: float64
#   format: '{:9.3f}'
#   description: '? Proper motion in declination direction (pmdec)'
#   meta: !!omap
#   - {ucd: POS_EQ_PMDEC}
#   - {width: 9}
#   - {precision: '3'}
#   - values: {'null': .nan}
# - name: e_pmRA
#   unit: mas / yr
#   datatype: float32
#   format: '{:6.3f}'
#   description: '? Standard error of proper motion in right ascension direction (pmra_error)'
#   meta: !!omap
#   - {ucd: ERROR}
#   - {width: 6}
#   - {precision: '3'}
#   - values: {'null': .nan}
# - name: e_pmDE
[...]
#         value: !astropy.table.SerializedColumn {name: SkyCoord.dec}
#       distance: !astropy.table.SerializedColumn
#         __class__: astropy.coordinates.distances.Distance
#         unit: !astropy.units.Unit {unit: pc}
#         value: !astropy.table.SerializedColumn {name: SkyCoord.distance}
#       frame: icrs
#       obstime: !astropy.time.Time {format: jyear_str, in_subfmt: '*', jd1: 367701545.0, jd2: 0.0, out_subfmt: '*', precision: 3, scale: tt}
#       pm_dec: !astropy.table.SerializedColumn
#         __class__: astropy.units.quantity.Quantity
#         unit: !astropy.units.Unit {unit: mas / yr}
#         value: !astropy.table.SerializedColumn {name: SkyCoord.pm_dec}
#       pm_ra_cosdec: !astropy.table.SerializedColumn
#         __class__: astropy.units.quantity.Quantity
#         unit: !astropy.units.Unit {unit: mas / yr}
#         value: !astropy.table.SerializedColumn {name: SkyCoord.pm_ra_cosdec}
#       ra: !astropy.table.SerializedColumn
#         __class__: astropy.coordinates.angles.Longitude
#         unit: *id001
#         value: !astropy.table.SerializedColumn {name: SkyCoord.ra}
#         wrap_angle: !astropy.coordinates.Angle
#           unit: *id001
#           value: 360.0
#       representation_type: spherical
# schema: astropy-2.0
RA_ICRS_1 DE_ICRS_1 e_RA_ICRS e_DE_ICRS _r_1 HIP TYC2 Source rgeo Plx e_Plx pmRA pmDE e_pmRA e_pmDE RUWE Teff logg Gmag BP-RP BPmag RPmag RV e_RV b_rgeo B_rgeo FG e_FG FBP e_FBP FRP e_FRP RAVE5 RAVE6 e_Gmag e_BPmag e_RPmag e_BP-RP SkyCoord.ra SkyCoord.dec SkyCoord.distance SkyCoord.pm_ra_cosdec SkyCoord.pm_dec rmRA rmDE e_rmRA e_rmDE rRV e_rRV v_pec v_pec3d e_vpec e_vpec3d
83.76118125097 -6.00202262683 0.0768 0.0685 72.8909 26199 4778-1403-1 3017187866581304832 381.727966 2.6166 0.1203 1.111 1.681 0.097 0.083 0.993 23082.5 3.7127 4.716487 -0.37281 4.591117 4.963928 "" "" 366.056824 399.223755 244541281.69918 232580.0 199050000.0 138550.0 81957000.0 117330.0 "" "" 0.0029424671401209472 0.0028907058 0.0040865284 0.006977234 83.76118125097 -6.00202262683 381.727966 1.1109999999999998 1.681 -0.11917859458923341 2.433892851829529 0.52073604 0.50673604 "" "" 4.4091391422781125 "" 2.234419394536477 ""
83.8186196663 -5.38969608473 0.0761 0.0651 36.267 26221 4774-931-1 3017364063330718080 393.427368 2.5014 0.1352 2.262 0.994 0.101 0.082 1.358 "" "" 4.96096 0.172552 5.007546 4.834994 "" "" 373.591797 411.628326 195237210.94576 195870.0 135640000.0 166340.0 92291000.0 145750.0 "" "" 0.0029628139025701075 0.0030915814 0.0041501475 0.0072417287 83.8186196663 -5.38969608473 393.427368 2.2619999999999996 0.9940000000000003 1.0318214054107666 1.7468928518295288 0.52473605 0.50573605 "" "" 3.783518777492942 "" 1.9323113994874102 ""
83.84542669572 -5.41605398039 0.1339 0.1132 38.0006 "" "" 3017360936587007616 333.819092 2.9728 0.2136 1.089 2.394 0.169 0.137 2.614 17766.3 3.689 5.001814 -0.004442 4.963159 4.967601 "" "" 315.059113 360.656494 188027355.37935 345470.0 141300000.0 139530.0 81680000.0 172610.0 "" "" 0.0034016580814137595 0.0029890672 0.004421327 0.007410394 83.84542669572 -5.41605398039 333.819092 1.089 2.394 -0.14117859458923343 3.146892851829529 0.592736 0.56073606 "" "" 4.984344790180092 "" 2.795231356608506 ""
83.75420018048 -6.00927299262 0.0791 0.0676 73.33 "" "" 3017187866581306368 355.604797 2.7919 0.1094 0.961 -1.004 0.098 0.086 1.434 19013.2 3.8995 5.678608 -0.321848 5.511381 5.833229 "" "" 338.456909 370.438751 100810007.36179 89705.0 85283000.0 84706.0 36802000.0 51367.0 "" "" 0.0029197952031668087 0.0029913166 0.0040718876 0.0070632044 83.75420018048 -6.00927299262 355.604797 0.961 -1.004 -0.26917859458923343 -0.2511071481704712 0.521736 0.50973606 "" "" 0.6204898688077581 "" 0.3202888340056905 ""
84.14872921756 -6.06474999548 0.0548 0.0473 79.9243 26345 4778-1379-1 3017175462715713920 388.821777 2.5777 0.0867 1.553 0.154 0.07 0.061 1.054 19807.7 3.8404 5.723025 -0.337691 5.596659 5.93435 "" "" 375.36142 401.588409 96769083.06465 52382.0 78841000.0 65361.0 33529000.0 41009.0 "" "" 0.0028173042182382496 0.002931762 0.004005894 0.006937656 84.14872921756 -6.06474999548 388.821777 1.5529999999999997 0.15399999999999983 0.32282140541076654 0.9068928518295288 0.49373603 0.48473603 "" "" 1.7741530281006157 "" 0.861806352956586 ""
84.36399983411 -5.93839815466 0.0422 0.0369 77.6581 26427 4778-1343-1 3017271326397223424 362.859711 2.7353 0.0738 2.263 -1.804 0.053 0.044 0.962 20960.4 3.9121 5.992947 -0.327456 5.870187 6.197643 "" "" 352.74942 372.31308 75468905.75137 32851.0 61283000.0 62186.0 26309000.0 36481.0 "" "" 0.0027955592679057752 0.0029998112 0.0040682084 0.0070680194 84.36399983411 -5.93839815466 362.859711 2.263 -1.8040000000000007 1.0328214054107665 -1.0511071481704712 0.47673604 0.46773604 "" "" 2.534554522128055 "" 1.1967621740209236 ""
84.47243276705 -4.81402828333 0.0329 0.0242 42.0405 26477 4775-733-1 3023415294281663104 447.622101 2.1972 0.0555 -1.218 1.467 0.046 0.032 1.079 14486.8 3.5135 6.15851 -0.021085 6.12927 6.150355 "" "" 438.386993 459.666992 64795184.66117 19908.0 48274000.0 39942.0 27480000.0 17046.0 "" "" 0.0027754404585943406 0.002931222 0.003838921 0.0067701433 84.47243276705 -4.81402828333 447.622101 -1.2179999999999984 1.467 -2.4481785945892334 2.219892851829529 0.46973604 0.45573604 "" "" 7.011824892499086 "" 3.2497804365085448 ""
83.40711479031 -3.4631980766 0.0124 0.0103 82.3521 26070 4770-1717-1 3215950981579934976 382.979797 2.5879 0.0172 -9.051 -6.209 0.017 0.013 0.97 "" "" 6.21796 1.634904 6.99359 5.358686 26.0 0.12 380.193726 385.3479 61342677.6918 11601.0 21776000.0 16835.0 56975000.0 47180.0 "" "" 0.002762960496231237 0.0029136934 0.0038848515 0.006798545 83.40711479031 -3.4631980766 382.979797 -9.051 -6.209 -10.281178594589234 -5.456107148170471 0.44073603 0.43673605 6.864687500000002 1.9308492 21.128981281050084 22.21616043441398 9.293797353073675 8.859105120376935
83.8600083242 -5.41688643835 0.0306 0.0276 38.1635 "" 4774-934-1 3017360833515044480 412.00119 2.387 0.0499 1.161 0.162 0.041 0.033 1.012 "" "" 6.30193 -0.070048 6.250096 6.320144 "" "" 403.449127 419.687622 56777305.64009 20830.0 43190000.0 40038.0 23502000.0 18897.0 "" "" 0.002783963562102401 0.0029661572 0.003878898 0.006845055 83.8600083242 -5.41688643835 412.00119 1.161 0.16200000000000006 -0.06917859458923337 0.9148928518295288 0.46473604 0.45673603 "" "" 1.791781470466186 "" 0.8184533514944007 ""
83.89960687665 -3.25284498365 0.0681 0.0547 92.3888 "" 4770-1716-1 3215970150016618880 320.767731 3.0994 0.0866 1.262 -1.407 0.075 0.063 1.447 15424.7 3.8735 6.393733 -0.179091 6.299786 6.478877 "" "" 313.85199 329.998016 52173895.54306 41038.0 41257000.0 77567.0 20305000.0 33425.0 "" "" 0.0028846322580112944 0.003457151 0.0041806814 0.0076378323 83.89960687665 -3.25284498365 320.767731 1.262 -1.407 0.03182140541076661 -0.6541071481704712 0.49873602 0.48673603 "" "" 0.995706223085951 "" 0.4846746519077368 ""
83.87949487326 -4.36404250049 0.0582 0.0409 26.2236 "" "" 3209641193587057280 386.191681 2.5686 0.0909 2.952 0.628 0.069 0.05 1.405 14995.6 3.6001 6.449434 -0.216994 6.361136 6.57813 "" "" 372.33905 402.627045 49564757.0939 14693.0 38991000.0 31225.0 18531000.0 11237.0 "" "" 0.0027740549351154636 0.0029225082 0.0038362988 0.006758807 83.87949487326 -4.36404250049 386.191681 2.9520000000000035 0.628 1.7218214054107666 1.380892851829529 0.49273604 0.47373605 "" "" 4.040304767142312 "" 1.9611132831993112 ""
83.84298368107 -4.42431864957 0.1774 0.1321 22.2087 "" "" 3209639853557281024 365.668915 2.8221 0.2956 2.232 -1.412 0.23 0.183 3.708 "" "" 6.455401 -0.213171 6.134155 6.347325 "" "" 321.894623 419.268494 49293117.20849 54517.0 48057000.0 46070.0 22921000.0 16956.0 "" "" 0.003005612303290467 0.0029779868 0.0038637843 0.0068417713 83.84298368107 -4.42431864957 365.668915 2.232 -1.4119999999999997 1.0018214054107668 -0.6591071481704711 0.65373605 0.60673606 "" "" 2.0785292982920316 "" 1.3300549712213974 ""
84.06262132442 -5.64792136711 0.0379 0.0314 54.5262 26314 4778-1378-1 3017294622299833216 374.333344 2.6585 0.0537 1.205 -0.149 0.051 0.039 1.024 16898.4 3.9034 6.519926 -0.286512 6.41025 6.696762 "" "" 366.932861 383.175751 46448992.38102 14574.0 37266000.0 31358.0 16613000.0 13098.0 "" "" 0.002776299991775077 0.0029359374 0.0038751112 0.006811049 84.06262132442 -5.64792136711 374.333344 1.2049999999999987 -0.14899999999999983 -0.025178594589233327 0.6038928518295288 0.47473603 0.46273604 "" "" 1.0724422124579625 "" 0.4962802847943087 ""
83.84111801342 -4.49416653106 0.0427 0.0349 18.0921 26233 4774-922-1 3209634905754969856 355.592407 2.7835 0.0677 1.477 1.554 0.058 0.044 1.337 17486.2 4.043 6.5692 -0.204784 6.456429 6.661214 "" "" 347.057953 363.909515 44388125.46416 25295.0 35715000.0 31506.0 17166000.0 18189.0 "" "" 0.002823933487072884 0.0029499822 0.0039506 0.0069005825 83.84111801342 -4.49416653106 355.592407 1.477 1.5540000000000005 0.2468214054107667 2.306892851829529 0.48173603 0.46773604 "" "" 3.910478633804043 "" 1.8297005582849875 ""
83.82191416804 -5.38793457013 0.0222 0.0207 36.178 "" 4774-930-1 3017364063330465152 432.380341 2.282 0.0346 1.822 0.393 0.028 0.024 1.138 "" "" 6.583162 0.264507 6.639319 6.374812 "" "" 425.982697 438.747894 43820958.89466 15342.0 30178000.0 45438.0 22348000.0 19768.0 "" "" 0.002781417454189005 0.0032338023 0.0038994972 0.0071332995 83.82191416804 -5.38793457013 432.380341 1.8219999999999985 0.393 0.5918214054107667 1.1458928518295288 0.45173603 0.44773602 "" "" 2.6432155360490044 "" 1.1856970274347325 ""
83.81594522279 -5.38731408296 0.0432 0.0352 36.112 "" "" 3017364132050194688 372.895477 2.6427 0.0718 1.355 0.25 0.058 0.048 1.485 "" "" 6.62754 0.15438 6.640292 6.485911 "" "" 363.466125 384.894318 42065973.82869 19734.0 30151000.0 34523.0 20174000.0 52456.0 "" "" 0.002802002406187246 0.0030545907 0.004717379 0.00777197 83.81594522279 -5.38731408296 372.895477 1.355 0.24999999999999994 0.12482140541076658 1.0028928518295288 0.48173603 0.47173604 "" "" 1.7863146225594388 "" 0.8429443260852294 ""
83.88069121857 -5.26737626988 0.0381 0.0317 29.5627 26258 4774-906-1 3017367396223983616 409.474792 2.4059 0.0585 0.922 1.718 0.05 0.038 2.411 "" "" 6.735891 0.569099 6.90479 6.335692 "" "" 399.688629 419.977203 38070652.09841 13599.0 23632000.0 23005.0 23168000.0 12195.0 "" "" 0.002782481123617949 0.002983647 0.0038223476 0.0068059945 83.88069121857 -5.26737626988 409.474792 0.9220000000000002 1.718 -0.30817859458923336 2.470892851829529 0.47373605 0.46173602 "" "" 4.832939488718332 "" 2.2324419786817598 ""
82.27857332227 -5.44482912433 0.0146 0.0117 97.4614 25686 4761-972-1 3209094942465195904 402.495026 2.4576 0.0216 6.375 4.446 0.02 0.015 1.018 "" "" 7.011272 1.612445 7.772954 6.160509 63.23 0.12 398.930939 407.121735 29541880.77782 5588.2 10623000.0 7701.6 27224000.0 15525.0 "" "" 0.0027629640502229024 0.0028990784 0.0038297635 0.006728842 82.27857332227 -5.44482912433 402.495026 6.375 4.446 5.144821405410767 5.1988928518295285 0.44373605 0.43873602 44.0946875 1.9308492 13.954243918803842 46.24999880073653 6.1568493504134665 2.6152420736809012
84.4031424605 -4.93412543557 0.0413 0.0333 38.8761 26442 4775-734-1 3017406566325664128 371.174561 2.6675 0.0642 -0.251 3.145 0.054 0.042 1.249 "" "" 7.110159 -0.236208 7.014611 7.250819 "" "" 362.413116 380.484955 26970125.30926 21292.0 21359000.0 52444.0 9973100.0 30348.0 "" "" 0.0028855673243704002 0.003859005 0.0050198953 0.0088789 84.4031424605 -4.93412543557 371.174561 -0.25100000000000033 3.145 -1.4811785945892333 3.897892851829529 0.47773603 0.46573603 "" "" 7.336258084431414 "" 3.427992327066098 ""
83.81561452437 -6.03273797551 0.0565 0.0483 74.782 "" 4778-1358-1 3017184602406157568 374.759583 2.6524 0.0802 1.392 2.039 0.069 0.059 1.866 14086.4 3.7521 7.130989 -0.179711 7.050983 7.230694 "" "" 364.462128 383.357147 26457642.80776 10423.0 20655000.0 13797.0 10160000.0 6213.7 "" "" 0.002788321921180507 0.002882885 0.0038372711 0.0067201564 83.81561452437 -6.03273797551 374.759583 1.3919999999999997 2.039 0.1618214054107665 2.791892851829529 0.49273604 0.48273605 "" "" 4.967731545187393 "" 2.3982711577893108 ""
84.02608048899 -4.42577478397 0.0289 0.0228 26.5553 "" 4774-921-1 3215640949363313408 375.380676 2.6363 0.0456 1.193 -0.465 0.039 0.03 0.929 16221.7 4.0655 7.13743 -0.218143 7.028607 7.24675 "" "" 367.557465 383.898376 26301153.7169 8453.3 21085000.0 13732.0 10011000.0 19256.0 "" "" 0.002777330115173774 0.0028783758 0.0043180003 0.007196376 84.02608048899 -4.42577478397 375.380676 1.1930000000000014 -0.465 -0.03717859458923334 0.2878928518295288 0.46273604 0.45373604 "" "" 0.5165028070524394 "" 0.23443293329318943 ""
83.860239158 -5.9123392022 0.0376 0.0315 67.7238 "" "" 3017190477921606400 355.041779 2.787 0.0476 1.129 1.622 0.05 0.039 0.901 16592.9 4.1746 7.206835 -0.24142 7.101154 7.342574 "" "" 350.11972 361.96463 24672480.35976 30347.0 19722000.0 81512.0 9164900.0 77064.0 "" "" 0.0030618969741576956 0.0052841096 0.009880887 0.015164997 83.860239158 -5.9123392022 355.041779 1.129 1.6219999999999999 -0.1011785945892334 2.3748928518295287 0.47373605 0.46273604 "" "" 4.000327976171744 "" 1.8511765978591774 ""
83.88898149901 -4.83754700958 0.0304 0.0253 7.7391 "" 4774-927-1 3209572233592263424 379.299286 2.6181 0.0438 1.49 0.742 0.037 0.03 0.882 "" "" 7.304882 -0.225979 7.212213 7.438193 "" "" 372.964172 387.270386 22542069.21977 11939.0 17805000.0 25489.0 8392300.0 10218.0 "" "" 0.0028146866646158197 0.0031938849 0.004003902 0.007197787 83.88898149901 -4.83754700958 379.299286 1.4899999999999995 0.7420000000000001 0.2598214054107666 1.4948928518295288 0.46073604 0.45373604 "" "" 2.727928635860676 "" 1.2383236514911604 ""
83.76995259048 -4.73184007295 0.0552 0.0467 3.3219 "" "" 3209577692491953024 362.119507 2.7552 0.0769 0.971 0.113 0.072 0.057 2.315 "" "" 7.310183 -0.078137 7.262246 7.340383 "" "" 351.380066 372.48114 22432291.17214 7436.5 17003000.0 10843.0 9183400.0 3797.4 "" "" 0.0027787298778846553 0.002874795 0.0038059547 0.00668075 83.76995259048 -4.73184007295 362.119507 0.9709999999999999 0.11299999999999995 -0.2591785945892334 0.8658928518295288 0.49573603 0.48073605 "" "" 1.5514093307829404 "" 0.7477591929839186 ""
82.25377236399 -4.69249076704 0.0713 0.0574 90.8289 25673 4761-1622-1 3209766434832803840 411.363678 2.3912 0.1071 12.183 -12.768 0.088 0.071 1.641 "" "" 7.327372 6.339122 11.864823 5.525702 "" "" 395.928253 427.581818 22079943.0668 409990.0 245180.0 18731.0 48851000.0 2906400.0 "" "" 0.020347835324872606 0.08299383 0.06470656 0.14770038 82.25377236399 -4.69249076704 411.363678 12.183 -12.768 10.952821405410766 -12.015107148170472 0.51173604 0.49473605 "" "" 31.701158005906564 "" 15.930552622714782 ""
83.97534416201 -5.62839733738 0.0385 0.0328 51.9442 "" 4778-1369-1 3017342485415388160 372.087494 2.6595 0.0652 0.941 0.079 0.052 0.04 1.033 "" "" 7.370096 -0.123293 6.984904 7.108197 "" "" 364.384888 381.98175 21227958.88351 17427.0 21951000.0 49227.0 11373000.0 47587.0 "" "" 0.002895903851221479 0.0037031842 0.0059094913 0.009612676 83.97534416201 -5.62839733738 372.087494 0.9409999999999991 0.079 -0.28917859458923345 0.8318928518295288 0.47573602 0.46373603 "" "" 1.5533234761548085 "" 0.722364737967942 ""
83.7958918731 -5.92691174529 0.0301 0.0266 68.4001 "" 4778-1370-1 3017190821518793984 378.851929 2.6184 0.0426 1.445 -0.072 0.039 0.034 1.035 "" "" 7.421674 -0.17392 7.346273 7.520192 "" "" 373.661224 384.992767 20243112.19595 6146.3 15736000.0 12695.0 7781800.0 4053.6 "" "" 0.002774970696185238 0.0029244279 0.003821465 0.0067458926 83.7958918731 -5.92691174529 378.851929 1.445 -0.07200000000000001 0.21482140541076666 0.6808928518295289 0.46273604 0.45773605 "" "" 1.282130207377661 "" 0.5874604379984782 ""
83.74585915903 -4.3542614752 0.0327 0.0255 26.0161 "" 4774-917-1 3209653043398183808 366.417664 2.7086 0.0548 0.867 -1.297 0.042 0.032 0.986 "" "" 7.54078 -0.167091 7.469799 7.636889 "" "" 358.202087 375.378693 18139901.06858 6004.4 14044000.0 8826.6 6988800.0 3692.5 "" "" 0.002778659102569837 0.0028724018 0.0038226685 0.0066950703 83.74585915903 -4.3542614752 366.417664 0.867 -1.2969999999999997 -0.3631785945892334 -0.5441071481704711 0.46573603 0.45573604 "" "" 1.1361924741799867 "" 0.5213321101457322 ""
84.76001492386 -5.19447906049 0.0279 0.0228 64.0332 26581 4775-728-1 3017339354370313600 333.394257 2.9763 0.0415 1.77 -3.273 0.038 0.029 1.044 "" "" 7.578749 -0.163116 7.508288 7.671405 "" "" 329.014862 338.865509 17516495.90794 4898.8 13555000.0 4978.1 6770100.0 2618.4 "" "" 0.002772001075207266 0.0028185174 0.0038026385 0.006621156 84.76001492386 -5.19447906049 333.394257 1.77 -3.2729999999999984 0.5398214054107666 -2.5201071481704713 0.46173602 0.45273602 "" "" 4.072838994513657 "" 1.8455443065800636 ""
83.237847336 -4.5664946317 0.0225 0.0197 34.4575 26000 4774-924-1 3209621745975125632 423.82019 2.331 0.031 0.853 -2.568 0.029 0.024 1.001 "" "" 7.610349 0.046124 7.605971 7.559847 "" "" 417.055298 430.546539 17014024.20951 6055.2 12389000.0 7678.6 7502700.0 3884.2 "" "" 0.002782283288794606 0.0028701713 0.0038209523 0.0066911234 83.237847336 -4.5664946317 423.82019 0.853 -2.5680000000000005 -0.3771785945892334 -1.8151071481704713 0.45273602 0.44773602 "" "" 3.7242773824027533 "" 1.6682680743036764 ""
