Clusters/NGC_1977/NGC_1977_members.tsv
# %ECSV 1.0
# ---
# datatype:
# - name: RA_ICRS_1
#   unit: deg
#   datatype: float64
#   format: '{:15.11f}'
#   description: Right ascension (ICRS) at Ep=2016.0 (ra)
#   meta: !!omap
#   - {ucd: POS_EQ_RA_MAIN}
#   - {width: 15}
#   - {precision: '11'}
# - name: DE_ICRS_1
#   unit: deg
#   datatype: float64
#   format: '{:15.11f}'
#   description: Declination (ICRS) at Ep=2016.0 (dec)
#   meta: !!omap
#   - {ucd: POS_EQ_DEC_MAIN}
#   - {width: 15}
#   - {precision: '11'}
# - name: e_RA_ICRS
#   unit: mas
#   datatype: float64
#   format: '{:7.4f}'
#   description: Standard error of right ascension (ra_error)
#   meta: !!omap
#   - {ucd: ERROR}
#   - {width: 7}
#   - {precision: '4'}
# - name: e_DE_ICRS
#   unit: mas
#   datatype: float64
#   format: '{:7.4f}'
#   description: Standard error of declination (dec_error)
#   meta: !!omap
#   - {ucd: ERROR}
#   - {width: 7}
#   - {precision: '4'}
# - name: _r_1
#   unit: ''
#   datatype: float64
#   format: '{:7.4f}'
#   description: Distance from center (083.76980610000-04.78720522000)[ICRS], at Epoch=J2016.0
#   meta: !!omap
#   - {ucd: POS_ANG_DIST_GENERAL}
#   - {width: 7}
#   - {precision: '4'}
# - name: HIP
#   datatype: int32
#   description: '? HIP cross-id number, van Leeuwen, Cat. I/311 (hip_original_ext_source_id)'
#   meta: !!omap
#   - {ucd: ID_NUMBER}
#   - {width: 6}
#   - values: {'null': -2147483648}
# - name: TYC2
#   datatype: string
#   description: Tycho-2 cross-id name, Hog et al., Cat. I/259 (tyc2_original_ext_source_id)
#   meta: !!omap
#   - {ucd: ID_CROSSID}
#   - {_votable_string_dtype: char}
# - name: Source
#   datatype: int64
#   description: Source identifier, identical to the Gaia-EDR3 source_id (id)
#   meta: !!omap
#   - {ucd: ID_MAIN}
#   - {width: 19}
# - name: rgeo
#   unit: pc
#   datatype: float64
#   format: '{:15.8f}'
#   description: '? Median of the geometric distance posterior (r_med_geo)'
#   meta: !!omap
#   - {ucd: PHYS_DISTANCE_TRUE}
#   - {width: 15}
#   - {precision: '8'}
#   - values: {'null': .nan}
# - name: Plx
#   unit: mas
#   datatype: float64
#   format: '{:9.4f}'
#   description: '? Parallax (parallax)'
#   meta: !!omap
#   - {ucd: POS_PARLX_TRIG}
#   - {width: 9}
#   - {precision: '4'}
#   - values: {'null': .nan}
# - name: e_Plx
#   unit: mas
#   datatype: float32
#   format: '{:7.4f}'
#   description: '? Standard error of parallax (parallax_error)'
#   meta: !!omap
#   - {ucd: ERROR}
#   - {width: 7}
#   - {precision: '4'}
#   - values: {'null': .nan}
# - name: pmRA
#   unit: mas / yr
#   datatype: float64
#   format: '{:9.3f}'
#   description: '? Proper motion in right ascension direction, pmRA*cosDE (pmra)'
#   meta: !!omap
#   - {ucd: POS_EQ_PMRA}
#   - {width: 9}
#   - {precision: '3'}
#   - values: {'null': .nan}
# - name: pmDE
#   unit: mas / yr
#   datatype: float64
#   format: '{:9.3f}'
#   description: '? Proper motion in declination direction (pmdec)'
#   meta: !!omap
#   - {ucd: POS_EQ_PMDEC}
#   - {width: 9}
#   - {precision: '3'}
#   - values: {'null': .nan}
# - name: e_pmRA
#   unit: mas / yr
#   datatype: float32
#   format: '{:6.3f}'
#   description: '? Standard error of proper motion in right ascension direction (pmra_error)'
#   meta: !!omap
#   - {ucd: ERROR}
#   - {width: 6}
#   - {precision: '3'}
#   - values: {'null': .nan}
# - name: e_pmDE
[...]
#       distance: !astropy.table.SerializedColumn
#         __class__: astropy.coordinates.distances.Distance
#         unit: !astropy.units.Unit {unit: pc}
#         value: !astropy.table.SerializedColumn {name: SkyCoord.distance}
#       frame: icrs
#       obstime: !astropy.time.Time {format: jyear_str, in_subfmt: '*', jd1: 367701545.0, jd2: 0.0, out_subfmt: '*', precision: 3, scale: tt}
#       pm_dec: !astropy.table.SerializedColumn
#         __class__: astropy.units.quantity.Quantity
#         unit: !astropy.units.Unit {unit: mas / yr}
#         value: !astropy.table.SerializedColumn {name: SkyCoord.pm_dec}
#       pm_ra_cosdec: !astropy.table.SerializedColumn
#         __class__: astropy.units.quantity.Quantity
#         unit: !astropy.units.Unit {unit: mas / yr}
#         value: !astropy.table.SerializedColumn {name: SkyCoord.pm_ra_cosdec}
#       ra: !astropy.table.SerializedColumn
#         __class__: astropy.coordinates.angles.Longitude
#         unit: *id001
#         value: !astropy.table.SerializedColumn {name: SkyCoord.ra}
#         wrap_angle: !astropy.coordinates.Angle
#           unit: *id001
#           value: 360.0
#       representation_type: spherical
# schema: astropy-2.0
RA_ICRS_1 DE_ICRS_1 e_RA_ICRS e_DE_ICRS _r_1 HIP TYC2 Source rgeo Plx e_Plx pmRA pmDE e_pmRA e_pmDE RUWE Teff logg Gmag BP-RP BPmag RPmag RV e_RV b_rgeo B_rgeo FG e_FG FBP e_FBP FRP e_FRP RAVE5 RAVE6 e_Gmag e_BPmag e_RPmag e_BP-RP SkyCoord.ra SkyCoord.dec SkyCoord.distance SkyCoord.pm_ra_cosdec SkyCoord.pm_dec rmRA rmDE e_rmRA e_rmDE rRV e_rRV v_pec v_pec3d e_vpec e_vpec3d Pmemb
[from data line 92]
83.95980206112 -4.70227820767 0.0394 0.0308 12.4511 "" "" 3209581476361838592 386.229034 2.537 0.0585 1.213 -0.622 0.049 0.037 1.017 "" "" 16.422377 3.232509 18.335365 15.102857 "" "" 376.978638 395.097321 5081.54781 5.2492 632.81 11.772 7211.3 23.163 "" "" 0.0029748411202782836 0.020389479 0.0051425574 0.025532037 83.95980206112 -4.70227820767 386.229034 1.213 -0.6219999999999997 -0.01717859458923332 0.1308928518295288 0.47273603 0.46073604 "" "" 0.24168381524028879 "" 0.11140217982475134 "" 1.0
83.86659797247 -4.84413331646 0.054 0.0496 6.7199 "" "" 3209572130513055104 394.949982 2.4806 0.0838 1.049 -1.122 0.07 0.057 0.889 3516.0 4.2171 16.544823 2.928817 18.171354 15.242537 "" "" 383.421967 408.249237 4539.60001 4.1283 736.0 49.237 6340.8 20.036 "" "" 0.0029268891792705574 0.07268725 0.0051043015 0.07779156 83.86659797247 -4.84413331646 394.949982 1.0489999999999993 -1.1219999999999994 -0.18117859458923347 -0.3691071481704713 0.49373603 0.48073605 "" "" 0.7697474935116918 "" 0.37200931928320385 "" 1.0
83.82856515509 -4.73615321026 0.0561 0.0496 4.6612 "" "" 3209578177827165568 405.753632 2.4095 0.0859 0.897 -0.676 0.072 0.059 0.909 "" "" 16.569014 3.166503 18.368567 15.202064 "" "" 395.048584 421.812317 4439.5715 5.3925 613.75 25.923 6581.6 22.724 "" "" 0.003054665031019782 0.045943115 0.0053231833 0.051266298 83.82856515509 -4.73615321026 405.753632 0.8969999999999998 -0.6760000000000005 -0.3331785945892334 0.07689285182952876 0.49573603 0.48273605 "" "" 0.6576367352115935 "" 0.325587290315966 "" 1.0
83.81359964239 -5.00929541596 0.0375 0.0338 13.5802 "" "" 3209535125074880896 388.871857 2.5365 0.0559 2.026 -1.821 0.05 0.04 1.015 3475.3 4.1724 16.56961 3.063035 18.353651 15.290616 "" "" 379.919464 396.516693 4437.13209 3.3982 622.24 8.5441 6066.1 18.778 "" "" 0.00287805649071799 0.015167305 0.005057649 0.020224955 83.81359964239 -5.00929541596 388.871857 2.026000000000001 -1.8210000000000002 0.7958214054107664 -1.0681071481704711 0.47373605 0.46373603 "" "" 2.455185197218474 "" 1.1473824353221471 "" 1.0
83.6984947495 -4.83369329655 0.049 0.0424 5.0949 "" "" 3209552442383007744 376.488892 2.6069 0.0677 0.592 -1.061 0.064 0.052 1.014 5814.1 4.312 16.58563 2.702318 17.957134 15.254816 "" "" 368.448578 385.393066 4372.14595 11.414 896.53 25.942 6269.5 43.132 "" "" 0.003952954423809917 0.031540524 0.008371201 0.039911725 83.6984947495 -4.83369329655 376.488892 0.592 -1.061 -0.6381785945892334 -0.30810714817047113 0.48773605 0.47573602 "" "" 1.2646481092206663 "" 0.6139745743155801 "" 1.0
83.82763298769 -4.89600441252 0.0471 0.0424 7.3869 "" "" 3209571477678049408 379.429077 2.5861 0.0629 1.02 0.004 0.059 0.05 0.945 3422.2 4.2075 16.586132 2.554043 17.948992 15.394949 "" "" 370.729309 388.514465 4370.12441 15.951 903.27 26.956 5510.3 68.146 "" "" 0.0048266704993693635 0.032521192 0.013949077 0.04647027 83.82763298769 -4.89600441252 379.429077 1.0199999999999994 0.004000000000000003 -0.21017859458923338 0.7568928518295288 0.48273605 0.47373605 "" "" 1.4127759483856137 "" 0.670201168152459 "" 1.0
83.82864972524 -4.74106677817 0.0689 0.0612 4.4769 "" "" 3209578109107513856 401.3255 2.4531 0.1117 1.461 -1.105 0.09 0.072 1.155 "" "" 16.678715 3.260541 18.519028 15.258487 "" "" 386.827148 417.750061 4012.92373 5.4479 534.33 20.622 6248.3 22.342 "" "" 0.0031248064970762148 0.041995827 0.0054180864 0.047413915 83.82864972524 -4.74106677817 401.3255 1.4609999999999992 -1.105 0.23082140541076668 -0.3521071481704712 0.513736 0.49573603 "" "" 0.8008994153898137 "" 0.40142219872051965 "" 1.0
83.79504966108 -4.73633242947 0.0477 0.0422 3.4052 "" "" 3209577421912751616 384.963104 2.5382 0.0677 0.489 -1.2 0.063 0.051 0.94 3534.5 4.0053 16.691412 2.488848 17.879787 15.39094 "" "" 374.058716 398.793945 3966.26569 9.8323 962.72 62.802 5530.7 40.307 "" "" 0.0038517618459246957 0.07088176 0.008768952 0.079650715 83.79504966108 -4.73633242947 384.963104 0.48900000000000005 -1.2 -0.7411785945892334 -0.44710714817047115 0.48673603 0.47473603 "" "" 1.5794685145985228 "" 0.7637732950197741 "" 1.0
83.68654707957 -4.94467695216 0.0431 0.038 10.6792 "" "" 3209546910465148928 387.904358 2.5133 0.058 1.32 -1.301 0.052 0.044 1.003 3494.5 4.4094 16.722626 2.550212 18.072163 15.521951 "" "" 378.771423 397.606293 3853.86216 24.858 806.4 20.971 4902.1 84.92 "" "" 0.007525695788160668 0.02837286 0.01918437 0.047557227 83.68654707957 -4.94467695216 387.904358 1.3200000000000003 -1.301 0.08982140541076666 -0.5481071481704711 0.47573602 0.46773604 "" "" 1.0212288486057197 "" 0.47788097595650686 "" 1.0
83.5849736316 -4.97232921309 0.0421 0.0388 15.6675 "" "" 3209549315646870656 400.67865 2.4469 0.0631 1.262 -0.712 0.054 0.044 1.019 "" "" 16.760073 3.023507 18.515959 15.492452 "" "" 390.841644 411.756805 3723.20865 5.614 535.84 10.322 5037.1 26.519 "" "" 0.003204986206048374 0.021100057 0.0068525677 0.027952624 83.5849736316 -4.97232921309 400.67865 1.262 -0.712 0.03182140541076661 0.04089285182952884 0.47773603 0.46773604 "" "" 0.09840852237796188 "" 0.04640281791205991 "" 1.0
83.54369388976 -4.83161485547 0.0408 0.0357 13.7791 "" "" 3209598656231133824 370.469635 2.662 0.0587 1.257 -0.629 0.053 0.044 0.977 3481.2 4.2677 16.808352 3.1467 18.670382 15.523682 "" "" 361.914032 378.702637 3561.28194 3.7073 464.8 10.618 4894.2 14.785 "" "" 0.002978130519604827 0.024959257 0.0050041615 0.029963419 83.54369388976 -4.83161485547 370.469635 1.257 -0.629 0.026821405410766497 0.1238928518295288 0.47673604 0.46773604 "" "" 0.22259891350298486 "" 0.10420804699687727 "" 1.0
83.90302120082 -5.16678548497 0.0526 0.0483 24.1267 "" "" 3209527806450735872 374.561218 2.6259 0.0737 1.397 -0.202 0.068 0.06 1.034 3181.8 4.4078 16.825428 2.644781 18.174957 15.530176 "" "" 363.593231 387.980072 3505.7063 34.075 733.56 36.554 4865.1 132.65 "" "" 0.0109069730854874 0.054175176 0.02984355 0.08401872 83.90302120082 -5.16678548497 374.561218 1.3969999999999998 -0.20200000000000015 0.16682140541076662 0.5508928518295289 0.49173605 0.48373604 "" "" 1.0219271564199002 "" 0.495034903595914 "" 1.0
83.66583798998 -4.79225249043 0.0482 0.0411 6.2237 "" "" 3209553576254369792 382.920105 2.5715 0.0644 0.88 -0.276 0.063 0.049 1.0 "" "" 16.854082 3.579046 19.046885 15.467838 "" "" 375.38501 391.375397 3414.39627 2.3637 328.6 11.341 5152.6 14.419 "" "" 0.0028559995572324734 0.037575837 0.0048492365 0.042425074 83.66583798998 -4.79225249043 382.920105 0.8800000000000001 -0.276 -0.3501785945892334 0.4768928518295288 0.48673603 0.47273603 "" "" 1.0738724321319848 "" 0.5129749001812911 "" 1.0
83.77893752011 -4.81939241941 0.0557 0.0485 2.0069 "" "" 3209575807005072000 375.943817 2.6132 0.0829 1.358 -1.062 0.075 0.06 0.957 3517.1 4.2969 16.866796 2.792774 18.399185 15.606411 "" "" 363.811066 388.207123 3374.64817 2.7272 596.68 16.185 4535.2 13.216 "" "" 0.002891655919879141 0.02958257 0.004928917 0.034511488 83.77893752011 -4.81939241941 375.943817 1.3579999999999999 -1.0620000000000003 0.1278214054107667 -0.30910714817047125 0.49873602 0.48373604 "" "" 0.5960576562497777 "" 0.2896573838868674 "" 1.0
83.81520519147 -4.95387604907 0.0506 0.046 10.362 "" "" 3209547593361280000 394.383911 2.512 0.0713 0.949 -1.112 0.065 0.054 1.17 "" "" 16.870874 3.206485 18.585337 15.378852 "" "" 383.778442 403.884888 3361.99288 3.889 502.67 12.492 5592.6 14.444 "" "" 0.0030280603799264913 0.027125828 0.0047060456 0.031831875 83.81520519147 -4.95387604907 394.383911 0.949 -1.1119999999999999 -0.28117859458923344 -0.3591071481704713 0.48873603 0.47773603 "" "" 0.8526079824875575 "" 0.41091130541559806 "" 1.0
83.54348768019 -4.43300505736 0.0474 0.0414 25.1962 "" "" 3209648718369726720 382.424286 2.5616 0.0685 0.347 0.007 0.062 0.05 0.995 3419.8 4.1155 16.87253 2.921949 18.550808 15.628859 "" "" 373.804871 392.478882 3356.87154 2.8268 518.91 9.2947 4442.4 14.563 "" "" 0.0029030532729114734 0.019646807 0.005191525 0.024838332 83.54348768019 -4.43300505736 382.424286 0.347 0.007000000000000001 -0.8831785945892334 0.7598928518295288 0.48573604 0.47373605 "" "" 2.1119536347409364 "" 1.015148579260359 "" 1.0
83.52093865269 -4.66759926834 0.0447 0.0387 16.5212 "" "" 3209606009215121024 392.755402 2.5152 0.0629 1.591 0.165 0.06 0.049 0.995 3441.1 4.2549 16.90141 2.972816 18.614267 15.641451 "" "" 383.066986 404.28949 3268.76303 3.4127 489.45 11.216 4391.1 16.913 "" "" 0.002979381629075323 0.025036165 0.0056366525 0.030672818 83.52093865269 -4.66759926834 392.755402 1.591000000000001 0.1650000000000001 0.36082140541076657 0.9178928518295288 0.48373604 0.47273603 "" "" 1.8360913801975698 "" 0.8707169454542403 "" 1.0
83.5197670606 -4.98676218391 0.0487 0.0421 19.152 "" "" 3209543646290052480 386.845154 2.5434 0.0693 1.656 -0.215 0.06 0.05 1.02 "" "" 16.910324 3.4794 19.032171 15.552772 "" "" 379.493896 395.678558 3242.03179 2.6474 333.08 14.514 4764.9 16.499 "" "" 0.0028944506864567905 0.04739329 0.005330801 0.05272409 83.5197670606 -4.98676218391 386.845154 1.6560000000000001 -0.21500000000000002 0.4258214054107665 0.5378928518295288 0.48373604 0.47373605 "" "" 1.2579568046337828 "" 0.6008170813707583 "" 1.0
83.85604495758 -4.90110292678 0.0584 0.0533 8.5606 "" "" 3209571305879349248 384.507996 2.5518 0.0848 1.925 -0.37 0.075 0.066 1.015 "" "" 16.929226 2.819459 18.426178 15.606719 "" "" 370.543396 398.127258 3186.07618 3.6531 582.03 35.511 4533.9 30.172 "" "" 0.003023496572968573 0.06630202 0.008154068 0.07445608 83.85604495758 -4.90110292678 384.507996 1.9249999999999996 -0.3699999999999999 0.6948214054107666 0.3828928518295288 0.49873602 0.48973602 "" "" 1.4459106954449172 "" 0.7181175592111687 "" 1.0
83.66602448117 -4.79109216827 0.0498 0.0429 6.2095 "" "" 3209553576254369536 387.846954 2.5417 0.0666 0.809 -0.459 0.065 0.051 1.001 "" "" 16.931921 3.4797 19.037495 15.557795 "" "" 378.867157 397.44043 3178.17646 2.4874 331.45 10.121 4742.9 11.513 "" "" 0.002883377710962715 0.033270728 0.004607578 0.037878305 83.66602448117 -4.79109216827 387.846954 0.809 -0.459 -0.42117859458923335 0.2938928518295288 0.48873603 0.47473603 "" "" 0.9441626800203223 "" 0.4571599179075865 "" 1.0
