Clusters/NGC_1977/NGC_1977_stars_in_region.tsv
# %ECSV 1.0
# ---
# datatype:
# - name: RA_ICRS_1
#   unit: deg
#   datatype: float64
#   format: '{:15.11f}'
#   description: Right ascension (ICRS) at Ep=2016.0 (ra)
#   meta: !!omap
#   - {ucd: POS_EQ_RA_MAIN}
#   - {width: 15}
#   - {precision: '11'}
# - name: DE_ICRS_1
#   unit: deg
#   datatype: float64
#   format: '{:15.11f}'
#   description: Declination (ICRS) at Ep=2016.0 (dec)
#   meta: !!omap
#   - {ucd: POS_EQ_DEC_MAIN}
#   - {width: 15}
#   - {precision: '11'}
# - name: e_RA_ICRS
#   unit: mas
#   datatype: float64
#   format: '{:7.4f}'
#   description: Standard error of right ascension (ra_error)
#   meta: !!omap
#   - {ucd: ERROR}
#   - {width: 7}
#   - {precision: '4'}
# - name: e_DE_ICRS
#   unit: mas
#   datatype: float64
#   format: '{:7.4f}'
#   description: Standard error of declination (dec_error)
#   meta: !!omap
#   - {ucd: ERROR}
#   - {width: 7}
#   - {precision: '4'}
# - name: _r_1
#   unit: ''
#   datatype: float64
#   format: '{:7.4f}'
#   description: Distance from center (083.76980610000-04.78720522000)[ICRS], at Epoch=J2016.0
#   meta: !!omap
#   - {ucd: POS_ANG_DIST_GENERAL}
#   - {width: 7}
#   - {precision: '4'}
# - name: HIP
#   datatype: int32
#   description: '? HIP cross-id number, van Leeuwen, Cat. I/311 (hip_original_ext_source_id)'
#   meta: !!omap
#   - {ucd: ID_NUMBER}
#   - {width: 6}
#   - values: {'null': -2147483648}
# - name: TYC2
#   datatype: string
#   description: Tycho-2 cross-id name, Hog et al., Cat. I/259 (tyc2_original_ext_source_id)
#   meta: !!omap
#   - {ucd: ID_CROSSID}
#   - {_votable_string_dtype: char}
# - name: Source
#   datatype: int64
#   description: Source identifier, identical to the Gaia-EDR3 source_id (id)
#   meta: !!omap
#   - {ucd: ID_MAIN}
#   - {width: 19}
# - name: rgeo
#   unit: pc
#   datatype: float64
#   format: '{:15.8f}'
#   description: '? Median of the geometric distance posterior (r_med_geo)'
#   meta: !!omap
#   - {ucd: PHYS_DISTANCE_TRUE}
#   - {width: 15}
#   - {precision: '8'}
#   - values: {'null': .nan}
# - name: Plx
#   unit: mas
#   datatype: float64
#   format: '{:9.4f}'
#   description: '? Parallax (parallax)'
#   meta: !!omap
#   - {ucd: POS_PARLX_TRIG}
#   - {width: 9}
#   - {precision: '4'}
#   - values: {'null': .nan}
# - name: e_Plx
#   unit: mas
#   datatype: float32
#   format: '{:7.4f}'
#   description: '? Standard error of parallax (parallax_error)'
#   meta: !!omap
#   - {ucd: ERROR}
#   - {width: 7}
#   - {precision: '4'}
#   - values: {'null': .nan}
# - name: pmRA
#   unit: mas / yr
#   datatype: float64
#   format: '{:9.3f}'
#   description: '? Proper motion in right ascension direction, pmRA*cosDE (pmra)'
#   meta: !!omap
#   - {ucd: POS_EQ_PMRA}
#   - {width: 9}
#   - {precision: '3'}
#   - values: {'null': .nan}
# - name: pmDE
#   unit: mas / yr
#   datatype: float64
#   format: '{:9.3f}'
#   description: '? Proper motion in declination direction (pmdec)'
#   meta: !!omap
#   - {ucd: POS_EQ_PMDEC}
#   - {width: 9}
#   - {precision: '3'}
#   - values: {'null': .nan}
# - name: e_pmRA
#   unit: mas / yr
#   datatype: float32
#   format: '{:6.3f}'
#   description: '? Standard error of proper motion in right ascension direction (pmra_error)'
#   meta: !!omap
#   - {ucd: ERROR}
#   - {width: 6}
#   - {precision: '3'}
#   - values: {'null': .nan}
# - name: e_pmDE
[...]
#         value: !astropy.table.SerializedColumn {name: SkyCoord.dec}
#       distance: !astropy.table.SerializedColumn
#         __class__: astropy.coordinates.distances.Distance
#         unit: !astropy.units.Unit {unit: pc}
#         value: !astropy.table.SerializedColumn {name: SkyCoord.distance}
#       frame: icrs
#       obstime: !astropy.time.Time {format: jyear_str, in_subfmt: '*', jd1: 367701545.0, jd2: 0.0, out_subfmt: '*', precision: 3, scale: tt}
#       pm_dec: !astropy.table.SerializedColumn
#         __class__: astropy.units.quantity.Quantity
#         unit: !astropy.units.Unit {unit: mas / yr}
#         value: !astropy.table.SerializedColumn {name: SkyCoord.pm_dec}
#       pm_ra_cosdec: !astropy.table.SerializedColumn
#         __class__: astropy.units.quantity.Quantity
#         unit: !astropy.units.Unit {unit: mas / yr}
#         value: !astropy.table.SerializedColumn {name: SkyCoord.pm_ra_cosdec}
#       ra: !astropy.table.SerializedColumn
#         __class__: astropy.coordinates.angles.Longitude
#         unit: *id001
#         value: !astropy.table.SerializedColumn {name: SkyCoord.ra}
#         wrap_angle: !astropy.coordinates.Angle
#           unit: *id001
#           value: 360.0
#       representation_type: spherical
# schema: astropy-2.0
RA_ICRS_1 DE_ICRS_1 e_RA_ICRS e_DE_ICRS _r_1 HIP TYC2 Source rgeo Plx e_Plx pmRA pmDE e_pmRA e_pmDE RUWE Teff logg Gmag BP-RP BPmag RPmag RV e_RV b_rgeo B_rgeo FG e_FG FBP e_FBP FRP e_FRP RAVE5 RAVE6 e_Gmag e_BPmag e_RPmag e_BP-RP SkyCoord.ra SkyCoord.dec SkyCoord.distance SkyCoord.pm_ra_cosdec SkyCoord.pm_dec rmRA rmDE e_rmRA e_rmDE rRV e_rRV v_pec v_pec3d e_vpec e_vpec3d
[from data line 377]
84.04025319174 -5.46422886353 0.0098 0.0095 43.7185 "" "" 3017348803299280896 375.928741 2.6362 0.0129 11.492 -6.882 0.013 0.011 0.982 5650.8 4.3123 12.505127 0.903676 12.875493 11.971817 -24.62 0.71 374.475281 377.522522 187454.47981 37.267 96654.0 54.92 128950.0 50.347 "" "" 0.002763762074991687 0.00285756 0.0038030816 0.0066606416 84.04025319174 -5.46422886353 375.928741 11.492 -6.882 10.261821405410767 -6.129107148170471 0.43673605 0.43473604 -43.7553125 2.5208492 21.298833194987225 48.66382298423076 9.29078665100899 4.655361661799525
83.55263346058 -4.84019332979 0.008 0.0075 13.368 "" "" 3209598587511657216 389.277832 2.5569 0.0116 1.315 -0.291 0.011 0.009 1.03 5111.2 3.7929 12.505301 1.439836 13.155522 11.715687 25.51 38.16 387.745026 391.23172 187424.59051 286.37 74681.0 402.78 163260.0 657.69 "" "" 0.00321617827091971 0.006486508 0.005780524 0.012267033 83.55263346058 -4.84019332979 389.277832 1.3150000000000008 -0.29100000000000004 0.08482140541076655 0.4618928518295288 0.43473604 0.43273604 6.374687500000004 39.970848 0.8665255686889984 6.433312310454707 0.37503350627743737 39.60663816471336
84.39746497705 -6.09639016527 0.0086 0.0078 87.0385 "" "" 3016987476288866048 419.156952 2.3647 0.0133 -1.597 1.591 0.011 0.01 0.992 6324.7 4.2691 12.506424 0.897167 12.868791 11.971623 32.45 2.87 416.900482 421.062408 187230.82765 37.242 97252.0 68.657 128980.0 49.867 "" "" 0.002763770892911897 0.0028935387 0.0038026224 0.006696161 84.39746497705 -6.09639016527 419.156952 -1.5970000000000022 1.591 -2.8271785945892334 2.343892851829529 0.43473604 0.43373603 13.314687500000005 4.680849 7.296406662930803 15.182834169334702 3.169040750302457 4.378307622915812
83.82692297329 -5.27712568889 0.0124 0.0114 29.5928 "" "" 3017367494996951424 390.368652 2.546 0.0176 1.739 1.306 0.016 0.014 1.474 "" "" 12.506571 1.474485 13.166553 11.692067 -22.29 5.91 387.50351 392.688568 187205.48101 224.5 73926.0 333.45 166850.0 522.14 "" "" 0.0030474711067780503 0.0056363745 0.005082135 0.01071851 83.82692297329 -5.27712568889 390.368652 1.7389999999999997 1.3059999999999987 0.5088214054107667 2.058892851829529 0.43973604 0.43773603 -41.4253125 7.720849 3.9242806345231176 41.610773775804134 1.718251775540617 7.6881447957711195
84.74740390845 -4.88962904275 0.0382 0.0324 58.769 "" "" 3023399935478580992 422.254852 2.332 0.0512 10.238 3.414 0.053 0.043 4.327 "" "" 12.507206 0.881883 12.863629 11.981747 -17.56 1.6 414.200623 431.934998 187095.86163 28.714 97716.0 46.884 127780.0 44.683 "" "" 0.0027603541516429083 0.0028383837 0.0037984042 0.006636788 84.74740390845 -4.88962904275 422.254852 10.238 3.413999999999997 9.007821405410766 4.1668928518295285 0.47673604 0.46673605 -36.6953125 3.410849 19.864588654552666 41.727063662415055 9.43545421012831 5.4012886156774504
83.95845873651 -4.1372975392 0.0108 0.0092 40.5945 "" "" 3215662187978842368 320.260437 3.0997 0.0159 -5.357 15.234 0.014 0.012 1.133 5746.6 4.441 12.508249 0.830043 12.833737 12.003695 30.43 1.16 318.6716 321.973114 186916.29501 39.534 100440.0 65.311 125220.0 41.604 "" "" 0.0027648732373773827 0.0028781039 0.0037965584 0.006674662 83.95845873651 -4.1372975392 320.260437 -5.357 15.234 -6.587178594589234 15.986892851829529 0.43773603 0.43573603 11.294687500000002 2.970849 26.24802605912094 28.57496872654366 11.444844588809833 10.5782367689448
83.9198355732 -4.80849826894 0.0098 0.0089 9.0607 "" "" 3209573775484007040 374.184509 2.6614 0.014 0.746 0.039 0.013 0.011 1.059 4966.3 4.1351 12.514225 1.219638 13.043262 11.823624 21.97 4.29 372.212189 376.138397 185890.37564 159.29 82816.0 225.72 147810.0 322.75 "" "" 0.0029081572255338314 0.004067204 0.0044614132 0.008528617 83.9198355732 -4.80849826894 374.184509 0.7460000000000001 0.039000000000000035 -0.4841785945892334 0.7918928518295288 0.43673605 0.43473604 2.834687500000001 6.100849 1.6462569987509545 3.2780505378338445 0.7165846791154133 5.287956671389473
83.80669123884 -5.51601684978 0.0114 0.0104 43.7842 "" "" 3017265377852811776 383.547729 2.5971 0.0169 1.739 0.376 0.015 0.012 1.107 5346.0 3.6599 12.52581 1.577584 13.253396 11.675812 "" "" 381.27478 385.408508 183917.25407 856.62 68243.0 1363.0 169370.0 2378.4 "" "" 0.005758879590196839 0.021863896 0.01570803 0.037571926 83.80669123884 -5.51601684978 383.547729 1.739 0.376 0.5088214054107667 1.1288928518295287 0.43873602 0.43573603 "" "" 2.2511844667487906 "" 0.9820657841275634 ""
85.12221196173 -4.72418954241 0.0116 0.0112 80.9533 "" "" 3023428827721714560 365.502808 2.7097 0.0147 7.687 6.083 0.012 0.012 1.012 5755.4 4.3532 12.53209 0.82731 12.863586 12.036277 61.75 0.93 363.844696 367.466003 182856.65791 44.199 97720.0 66.872 121520.0 85.486 "" "" 0.0027677902505525353 0.0028874015 0.0038557875 0.006743189 85.12221196173 -4.72418954241 365.502808 7.687 6.082999999999999 6.456821405410767 6.835892851829529 0.43573603 0.43573603 42.6146875 2.7408493 16.29086895813767 45.62240679900469 7.098518570611211 3.60268113957792
83.77956821751 -4.31395931224 0.0113 0.0082 28.4008 "" "" 3209654250287645440 390.059418 2.5404 0.0181 4.123 -19.439 0.013 0.011 0.978 5696.6 4.3516 12.536306 0.79949 12.855248 12.055758 -52.16 1.41 386.785767 392.864655 182147.91891 30.564 98473.0 42.139 119360.0 48.755 "" "" 0.002761336709402508 0.0028285885 0.0038053135 0.006633902 83.77956821751 -4.31395931224 390.059418 4.122999999999995 -19.439 2.892821405410767 -18.68610714817047 0.43673605 0.43473604 -71.2953125 3.220849 34.959952219344686 79.40541444795511 15.1999914954479 7.29023640974855
82.78370778427 -4.50742876082 0.0092 0.0082 61.314 "" "" 3209819554987492992 397.044159 2.4957 0.0125 0.166 -23.262 0.011 0.01 0.985 5882.1 4.3866 12.549873 0.785513 12.862621 12.077108 -31.43 0.86 395.092529 398.755402 179886.03678 32.132 97807.0 44.609 117030.0 42.816 "" "" 0.0027621371522196193 0.0028337727 0.0038001991 0.006633972 82.78370778427 -4.50742876082 397.044159 0.16600000000000012 -23.26199999999999 -1.0641785945892335 -22.50910714817047 0.43473604 0.43373603 -50.5653125 2.6708493 42.40921592189248 65.99539698594405 18.394499483129472 11.996295790409475
83.91502016258 -4.42027128319 0.0099 0.0076 23.6671 "" "" 3209640055417083520 354.502655 2.8031 0.0159 1.553 -1.859 0.013 0.011 1.075 5492.1 4.0367 12.559648 1.297353 13.128558 11.831205 15.04 6.76 352.569214 356.169586 178273.95015 320.36 76559.0 464.52 146780.0 619.73 "" "" 0.0033761657999482105 0.0071541998 0.005941234 0.013095434 83.91502016258 -4.42027128319 354.502655 1.5529999999999988 -1.8589999999999998 0.32282140541076654 -1.1061071481704712 0.43673605 0.43473604 -4.095312499999999 8.570849 1.9361795706176463 4.529942141168402 0.8420316419247462 7.756864786019781
83.82452718055 -5.70969487742 0.012 0.0111 55.4459 "" "" 3017246651795678720 380.72522 2.6167 0.017 1.859 -1.392 0.016 0.014 1.296 4998.7 3.7654 12.559769 1.584711 13.171754 11.587043 43.45 4.43 377.554688 383.070129 178253.93308 603.05 73572.0 1355.2 183800.0 4182.2 "" "" 0.004591710965709338 0.020193009 0.024992345 0.045185354 83.82452718055 -5.70969487742 380.72522 1.8590000000000002 -1.3920000000000006 0.6288214054107666 -0.6391071481704711 0.43973604 0.43773603 24.314687500000005 6.240849 1.6180206574804838 24.36846361736189 0.709859563778533 6.227255141728247
83.84714972114 -4.72385349674 0.0162 0.0141 5.9863 "" "" 3209578276615162112 387.866272 2.5633 0.026 1.18 -1.066 0.021 0.017 1.868 5544.5 3.7609 12.561725 1.514975 13.251259 11.736284 22.15 5.19 384.205994 391.788788 177933.10128 199.91 68378.0 271.86 160190.0 426.62 "" "" 0.00301326957847627 0.0051399474 0.0047586514 0.009898599 83.84714972114 -4.72385349674 387.866272 1.18 -1.0660000000000003 -0.05017859458923346 -0.31310714817047125 0.44473603 0.44073603 3.014687500000001 7.0008492 0.5829884958740436 3.0705400679648744 0.25700268361459183 6.8736782682158255
84.42444562865 -5.79827906896 0.0129 0.0128 72.1789 "" "" 3017274831093556864 363.083069 2.7365 0.0197 4.854 -32.449 0.016 0.014 1.132 "" "" 12.562585 0.875851 12.91779 12.04194 -5.94 0.94 359.943481 365.843689 177792.30949 36.033 92961.0 39.55 120890.0 43.213 "" "" 0.0027640928471929413 0.002828148 0.0037992569 0.006627405 84.42444562865 -5.79827906896 363.083069 4.854 -32.449 3.6238214054107667 -31.69610714817047 0.43973604 0.43773603 -25.0753125 2.7508492 54.90479706860375 60.35982138904335 24.035228179406566 21.892888761582853
83.43416030338 -4.66630256546 0.0085 0.008 21.341 "" "" 3209617549788459392 386.731903 2.5615 0.0117 6.25 4.386 0.011 0.01 0.959 5919.0 4.4151 12.592598 0.785287 12.904299 12.119012 25.23 1.68 384.655121 388.419495 172944.83949 33.059 94123.0 49.256 112600.0 35.857 "" "" 0.002763125614273514 0.0028474338 0.003795164 0.0066425977 83.43416030338 -4.66630256546 386.731903 6.25 4.386000000000001 5.019821405410767 5.138892851829529 0.43473604 0.43373603 6.094687500000003 3.490849 13.168670143969162 14.51065432995084 5.7181605622730896 5.3924862982858155
83.83403277445 -5.44419198032 0.0168 0.0147 39.6056 "" "" 3017360313812222720 385.498322 2.5822 0.0227 1.569 1.891 0.022 0.018 0.99 7800.0 4.0561 12.5947 1.668111 13.260269 11.592158 25.38 5.96 381.97406 389.064758 172610.37774 198.85 67812.0 1137.5 182930.0 1178.9 "" "" 0.0030259304197887515 0.018424971 0.007952531 0.026377503 83.83403277445 -5.44419198032 385.498322 1.5690000000000008 1.8909999999999998 0.33882140541076655 2.643892851829529 0.44573605 0.44173604 6.244687500000001 7.770849 4.8705940990290735 7.919520746241726 2.1518331549200282 6.268741843946339
83.23823558622 -3.37021450194 0.0088 0.0077 90.7764 "" "" 3215954928653282048 415.482635 2.3807 0.013 -1.767 -5.929 0.011 0.01 1.018 6291.6 4.2728 12.596862 0.953107 12.987454 12.034348 11.54 1.94 413.378174 417.980591 172266.96769 32.021 87184.0 52.245 121740.0 53.36 "" "" 0.0027627014677881184 0.0028650244 0.0038092255 0.0066742497 83.23823558622 -3.37021450194 415.482635 -1.7670000000000017 -5.929000000000001 -2.9971785945892333 -5.1761071481704715 0.43473604 0.43373603 -7.595312499999999 3.7508492 11.779369363105427 14.015788046525355 5.112097240356138 4.752950061486773
84.07076600127 -5.19521688195 0.0098 0.0097 30.3795 "" "" 3017371588112037248 392.440186 2.5403 0.0147 3.009 1.362 0.013 0.011 1.15 "" "" 12.598325 1.803858 13.470102 11.666244 "" "" 390.238983 394.607086 172034.93586 1429.1 55895.0 1779.0 170870.0 3537.5 "" "" 0.009430726182196333 0.034668762 0.022793375 0.057462137 84.07076600127 -5.19521688195 392.440186 3.008999999999998 1.3619999999999983 1.7788214054107665 2.114892851829529 0.43673605 0.43473604 "" "" 5.14058525658463 "" 2.239063196802659 ""
85.10713124664 -5.31005652274 0.0094 0.0081 85.8639 "" "" 3023323588140007424 341.301788 2.9032 0.0148 28.261 -8.329 0.013 0.01 1.104 "" "" 12.598453 0.879073 12.955013 12.07594 72.02 0.9 339.485138 343.119293 172014.75583 27.829 89828.0 42.677 117160.0 41.266 "" "" 0.0027609135212730445 0.0028374512 0.0037986801 0.0066361316 85.10713124664 -5.31005652274 341.301788 28.260999999999996 -8.32899999999999 27.030821405410766 -7.576107148170472 0.43673605 0.43373603 52.8846875 2.7108493 45.414788161357784 69.70863042488827 19.824383455535678 13.078192340113251
82.26755215118 -4.73941285166 0.215 0.1733 89.8697 "" "" 3209765129162239744 330.502625 3.126 0.2907 -7.469 -4.495 0.275 0.22 23.332 5597.2 4.5825 12.599652 0.908316 12.883645 11.975329 20.97 1.9 305.817871 368.655884 171824.75642 420.62 95931.0 128.72 128540.0 113.22 "" "" 0.0038283013835329165 0.0031476063 0.0038984995 0.007046106 82.26755215118 -4.73941285166 330.502625 -7.469 -4.495 -8.699178594589235 -3.7421071481704713 0.6987361 0.643736 1.8346875000000011 3.7108493 14.835384706605335 14.948401841522582 10.242891685111802 10.175648288377575
83.78755553698 -4.46419051554 0.009 0.0079 19.4099 "" "" 3209638199991213184 394.445465 2.5202 0.0141 0.388 0.372 0.012 0.01 1.063 5521.8 3.9303 12.6112 1.308427 13.185377 11.87695 "" "" 392.458252 396.713715 170006.89519 260.88 72655.0 366.59 140730.0 616.96 "" "" 0.00321988301632533 0.0061478396 0.006077832 0.012225672 83.78755553698 -4.46419051554 394.445465 0.388 0.372 -0.8421785945892334 1.1248928518295287 0.43573603 0.43373603 "" "" 2.627303426552411 "" 1.1414463132986785 ""
83.28113859338 -5.34022365994 0.1442 0.0866 44.2035 "" "" 3209439605000410496 395.389252 2.5697 0.1765 1.836 2.001 0.162 0.107 5.762 "" "" 12.621785 "" "" "" "" "" 365.697784 425.170685 168357.58644 781.04 "" "" "" "" "" "" 0.005741283158389034 "" "" "" 83.28113859338 -5.34022365994 395.389252 1.8360000000000012 2.001 0.6058214054107667 2.7538928518295287 0.58573604 0.530736 "" "" 5.284605679753771 "" 2.8188071967170334 ""
83.73675658238 -5.19250351729 0.0252 0.0241 24.398 "" "" 3209522618130302720 373.109924 2.6682 0.035 0.321 0.845 0.033 0.03 3.015 5033.1 4.1276 12.62464 1.333905 13.202644 11.868739 11.48 35.93 366.672302 378.071442 167915.53042 388.87 71509.0 583.86 141800.0 770.62 "" "" 0.0037301606468632623 0.009293597 0.0070071076 0.016300704 83.73675658238 -5.19250351729 373.109924 0.32099999999999973 0.845 -0.9091785945892334 1.5978928518295288 0.45673603 0.45373604 -7.655312499999997 37.74085 3.2513593063355093 8.317159780330707 1.4776503579787943 34.742380818466884
83.64645825478 -5.53621968384 0.0285 0.0233 45.5413 "" "" 3017267306296233216 418.235779 2.3764 0.0407 1.116 0.599 0.038 0.028 2.675 6602.7 3.722 12.634851 1.621256 13.382689 11.761433 19.66 3.4 411.473602 424.664337 166343.79412 250.02 60582.0 447.09 156530.0 598.78 "" "" 0.0032023231431597184 0.008484542 0.0056154863 0.014100028 83.64645825478 -5.53621968384 418.235779 1.1160000000000014 0.5989999999999993 -0.1141785945892333 1.3518928518295288 0.46173602 0.45173603 0.5246875000000024 5.2108493 2.6895848768469333 2.7402853468972874 1.2151749904337426 1.5549858924194604
83.20741640228 -4.4714138668 0.0086 0.0078 38.6031 "" "" 3209812236363311232 432.109131 2.295 0.0119 3.908 -4.713 0.011 0.009 0.972 6838.1 4.1701 12.639361 1.237168 13.175831 11.938663 34.2 0.93 429.770538 434.420807 165654.11703 24.544 73297.0 35.851 132950.0 46.634 "" "" 0.0027600122558198215 0.0028402582 0.0037985211 0.0066387793 83.20741640228 -4.4714138668 432.109131 3.9080000000000004 -4.713000000000003 2.6778214054107665 -3.9601071481704713 0.43473604 0.43273604 15.064687500000005 2.7408493 9.791406213417412 17.967093396228716 4.243248658060461 3.260136453080069
83.75994378469 -5.26331571183 0.0143 0.0129 28.5727 "" "" 3209521037582290304 387.256256 2.5766 0.0202 0.542 0.263 0.019 0.016 1.149 6643.5 3.4602 12.640215 2.658126 14.125036 11.46691 18.38 5.59 385.023254 390.217072 165523.86474 706.97 30578.0 471.71 205300.0 2415.3 "" "" 0.005394097557588788 0.016979866 0.01332079 0.030300654 83.75994378469 -5.26331571183 387.256256 0.5420000000000007 0.263 -0.6881785945892334 1.0158928518295287 0.44273603 0.43973604 -0.7553124999999987 7.4008493 2.2523487388670387 2.3756203009176757 0.9925692683377685 2.534254957227805
82.73941489547 -3.75601873306 0.011 0.0094 87.3434 "" "" 3210682328018301440 343.221893 2.8892 0.0161 -9.503 20.113 0.014 0.011 1.167 5852.0 4.3968 12.640604 0.914926 13.01237 12.097444 55.68 1.61 341.347839 344.921112 165464.55215 33.988 85206.0 39.723 114860.0 36.939 "" "" 0.0027643313086046974 0.0028357108 0.0037954773 0.006631188 82.73941489547 -3.75601873306 343.221893 -9.503 20.113 -10.733178594589234 20.86589285182953 0.43773603 0.43473604 36.5446875 3.4208493 38.17386607565913 52.84655367793641 16.619582451297067 12.236054019137233
