Clusters/NGC_1977/NGC_1977_members.tsv
# %ECSV 1.0
# ---
# datatype:
# - name: RA_ICRS_1
#   unit: deg
#   datatype: float64
#   format: '{:15.11f}'
#   description: Right ascension (ICRS) at Ep=2016.0 (ra)
#   meta: !!omap
#   - {ucd: POS_EQ_RA_MAIN}
#   - {width: 15}
#   - {precision: '11'}
# - name: DE_ICRS_1
#   unit: deg
#   datatype: float64
#   format: '{:15.11f}'
#   description: Declination (ICRS) at Ep=2016.0 (dec)
#   meta: !!omap
#   - {ucd: POS_EQ_DEC_MAIN}
#   - {width: 15}
#   - {precision: '11'}
# - name: e_RA_ICRS
#   unit: mas
#   datatype: float64
#   format: '{:7.4f}'
#   description: Standard error of right ascension (ra_error)
#   meta: !!omap
#   - {ucd: ERROR}
#   - {width: 7}
#   - {precision: '4'}
# - name: e_DE_ICRS
#   unit: mas
#   datatype: float64
#   format: '{:7.4f}'
#   description: Standard error of declination (dec_error)
#   meta: !!omap
#   - {ucd: ERROR}
#   - {width: 7}
#   - {precision: '4'}
# - name: _r_1
#   unit: ''
#   datatype: float64
#   format: '{:7.4f}'
#   description: Distance from center (083.76980610000-04.78720522000)[ICRS], at Epoch=J2016.0
#   meta: !!omap
#   - {ucd: POS_ANG_DIST_GENERAL}
#   - {width: 7}
#   - {precision: '4'}
# - name: HIP
#   datatype: int32
#   description: '? HIP cross-id number, van Leeuwen, Cat. I/311 (hip_original_ext_source_id)'
#   meta: !!omap
#   - {ucd: ID_NUMBER}
#   - {width: 6}
#   - values: {'null': -2147483648}
# - name: TYC2
#   datatype: string
#   description: Tycho-2 cross-id name, Hog et al., Cat. I/259 (tyc2_original_ext_source_id)
#   meta: !!omap
#   - {ucd: ID_CROSSID}
#   - {_votable_string_dtype: char}
# - name: Source
#   datatype: int64
#   description: Source identifier, identical to the Gaia-EDR3 source_id (id)
#   meta: !!omap
#   - {ucd: ID_MAIN}
#   - {width: 19}
# - name: rgeo
#   unit: pc
#   datatype: float64
#   format: '{:15.8f}'
#   description: '? Median of the geometric distance posterior (r_med_geo)'
#   meta: !!omap
#   - {ucd: PHYS_DISTANCE_TRUE}
#   - {width: 15}
#   - {precision: '8'}
#   - values: {'null': .nan}
# - name: Plx
#   unit: mas
#   datatype: float64
#   format: '{:9.4f}'
#   description: '? Parallax (parallax)'
#   meta: !!omap
#   - {ucd: POS_PARLX_TRIG}
#   - {width: 9}
#   - {precision: '4'}
#   - values: {'null': .nan}
# - name: e_Plx
#   unit: mas
#   datatype: float32
#   format: '{:7.4f}'
#   description: '? Standard error of parallax (parallax_error)'
#   meta: !!omap
#   - {ucd: ERROR}
#   - {width: 7}
#   - {precision: '4'}
#   - values: {'null': .nan}
# - name: pmRA
#   unit: mas / yr
#   datatype: float64
#   format: '{:9.3f}'
#   description: '? Proper motion in right ascension direction, pmRA*cosDE (pmra)'
#   meta: !!omap
#   - {ucd: POS_EQ_PMRA}
#   - {width: 9}
#   - {precision: '3'}
#   - values: {'null': .nan}
# - name: pmDE
#   unit: mas / yr
#   datatype: float64
#   format: '{:9.3f}'
#   description: '? Proper motion in declination direction (pmdec)'
#   meta: !!omap
#   - {ucd: POS_EQ_PMDEC}
#   - {width: 9}
#   - {precision: '3'}
#   - values: {'null': .nan}
# - name: e_pmRA
#   unit: mas / yr
#   datatype: float32
#   format: '{:6.3f}'
#   description: '? Standard error of proper motion in right ascension direction (pmra_error)'
#   meta: !!omap
#   - {ucd: ERROR}
#   - {width: 6}
#   - {precision: '3'}
#   - values: {'null': .nan}
# - name: e_pmDE
[...]
#       distance: !astropy.table.SerializedColumn
#         __class__: astropy.coordinates.distances.Distance
#         unit: !astropy.units.Unit {unit: pc}
#         value: !astropy.table.SerializedColumn {name: SkyCoord.distance}
#       frame: icrs
#       obstime: !astropy.time.Time {format: jyear_str, in_subfmt: '*', jd1: 367701545.0, jd2: 0.0, out_subfmt: '*', precision: 3, scale: tt}
#       pm_dec: !astropy.table.SerializedColumn
#         __class__: astropy.units.quantity.Quantity
#         unit: !astropy.units.Unit {unit: mas / yr}
#         value: !astropy.table.SerializedColumn {name: SkyCoord.pm_dec}
#       pm_ra_cosdec: !astropy.table.SerializedColumn
#         __class__: astropy.units.quantity.Quantity
#         unit: !astropy.units.Unit {unit: mas / yr}
#         value: !astropy.table.SerializedColumn {name: SkyCoord.pm_ra_cosdec}
#       ra: !astropy.table.SerializedColumn
#         __class__: astropy.coordinates.angles.Longitude
#         unit: *id001
#         value: !astropy.table.SerializedColumn {name: SkyCoord.ra}
#         wrap_angle: !astropy.coordinates.Angle
#           unit: *id001
#           value: 360.0
#       representation_type: spherical
# schema: astropy-2.0
RA_ICRS_1 DE_ICRS_1 e_RA_ICRS e_DE_ICRS _r_1 HIP TYC2 Source rgeo Plx e_Plx pmRA pmDE e_pmRA e_pmDE RUWE Teff logg Gmag BP-RP BPmag RPmag RV e_RV b_rgeo B_rgeo FG e_FG FBP e_FBP FRP e_FRP RAVE5 RAVE6 e_Gmag e_BPmag e_RPmag e_BP-RP SkyCoord.ra SkyCoord.dec SkyCoord.distance SkyCoord.pm_ra_cosdec SkyCoord.pm_dec rmRA rmDE e_rmRA e_rmDE rRV e_rRV v_pec v_pec3d e_vpec e_vpec3d Pmemb
83.76995259048 -4.73184007295 0.0552 0.0467 3.3219 "" "" 3209577692491953024 362.119507 2.7552 0.0769 0.971 0.113 0.072 0.057 2.315 "" "" 7.310183 -0.078137 7.262246 7.340383 "" "" 351.380066 372.48114 22432291.17214 7436.5 17003000.0 10843.0 9183400.0 3797.4 "" "" 0.0027787298778846553 0.002874795 0.0038059547 0.00668075 83.76995259048 -4.73184007295 362.119507 0.9709999999999999 0.11299999999999995 -0.2591785945892334 0.8658928518295288 0.49573603 0.48073605 "" "" 1.5514093307829404 "" 0.7477591929839186 "" 1.0
83.73433307943 -4.7659427646 0.0177 0.0154 2.4751 "" 4774-943-1 3209576940876434176 393.694305 2.5121 0.0256 1.991 -0.707 0.025 0.019 1.143 "" "" 8.841397 0.14731 8.877208 8.729897 25.38 3.01 389.561646 398.104065 5475049.11592 1273.8 3841800.0 2165.4 2553900.0 696.42 "" "" 0.0027668750233870447 0.0028564928 0.0037909606 0.0066474536 83.73433307943 -4.7659427646 393.694305 1.9909999999999999 -0.707 0.7608214054107667 0.04589285182952885 0.44873604 0.44273603 6.244687500000001 4.8208494 1.4223577959035454 6.404625178121188 0.6382324742918246 4.702598707962265 1.0
83.59642772545 -4.50393937466 0.0108 0.0102 19.909 "" "" 3209644212945429248 399.19165 2.4802 0.0155 0.612 -0.91 0.014 0.012 1.119 5544.0 4.0177 11.814918 1.196676 12.326728 11.130052 29.13 2.12 396.534943 401.957031 353980.87754 442.71 160220.0 641.86 279990.0 851.89 "" "" 0.003071749993680389 0.0051675853 0.0050196 0.010187185 83.59642772545 -4.50393937466 399.19165 0.6119999999999999 -0.91 -0.6181785945892334 -0.15710714817047122 0.43773603 0.43573603 9.994687500000001 3.930849 1.2068822614576729 10.067290748541907 0.5281497234773367 3.903014183833608 1.0
83.83964325079 -4.84591225879 0.0134 0.0121 5.4628 "" "" 3209572852067565568 383.758942 2.5849 0.0187 1.079 -1.026 0.016 0.015 1.405 5020.8 3.5344 11.873307 1.482145 12.52484 11.042695 22.61 4.76 381.115601 386.582397 335446.99741 1547.0 133500.0 2492.4 303450.0 4086.8 "" "" 0.005715186012225988 0.020461457 0.015102985 0.03556444 83.83964325079 -4.84591225879 383.758942 1.079 -1.0260000000000007 -0.15117859458923344 -0.2731071481704712 0.43973604 0.43873602 3.4746875000000017 6.5708494 0.5678204352031769 3.5207773671861995 0.2492565783653312 6.484956199762105 1.0
83.86202873152 -4.79187578944 0.0123 0.0112 5.5212 "" "" 3209574776212896384 392.725464 2.5273 0.0181 1.463 -1.18 0.015 0.013 1.284 5206.4 3.6791 11.966862 1.341905 12.556318 11.214414 19.9 4.81 390.215149 395.441132 307752.85257 755.92 129680.0 1032.2 259060.0 1808.4 "" "" 0.0038345613382136995 0.009081272 0.008469162 0.017550435 83.86202873152 -4.79187578944 392.725464 1.4629999999999996 -1.1799999999999993 0.23282140541076668 -0.42710714817047113 0.43873602 0.43673605 0.7646875000000009 6.620849 0.9055218424976951 1.185207483901731 0.3958896260715438 4.282420109447715 1.0
83.55263346058 -4.84019332979 0.008 0.0075 13.368 "" "" 3209598587511657216 389.277832 2.5569 0.0116 1.315 -0.291 0.011 0.009 1.03 5111.2 3.7929 12.505301 1.439836 13.155522 11.715687 25.51 38.16 387.745026 391.23172 187424.59051 286.37 74681.0 402.78 163260.0 657.69 "" "" 0.00321617827091971 0.006486508 0.005780524 0.012267033 83.55263346058 -4.84019332979 389.277832 1.3150000000000006 -0.29100000000000004 0.08482140541076655 0.4618928518295288 0.43473604 0.43273604 6.374687500000004 39.970848 0.8665255686889984 6.433312310454707 0.37503350627743737 39.60663816471336 1.0
83.84714972114 -4.72385349674 0.0162 0.0141 5.9863 "" "" 3209578276615162112 387.866272 2.5633 0.026 1.18 -1.066 0.021 0.017 1.868 5544.5 3.7609 12.561725 1.514975 13.251259 11.736284 22.15 5.19 384.205994 391.788788 177933.10128 199.91 68378.0 271.86 160190.0 426.62 "" "" 0.00301326957847627 0.0051399474 0.0047586514 0.009898599 83.84714972114 -4.72385349674 387.866272 1.18 -1.0660000000000003 -0.05017859458923346 -0.31310714817047125 0.44473603 0.44073603 3.014687500000001 7.0008492 0.5829884958740436 3.0705400679648744 0.25700268361459183 6.8736782682158255 1.0
83.71368436423 -4.79919444243 0.0265 0.0231 3.4318 "" "" 3209576769077759744 388.649139 2.5503 0.0378 0.653 -0.829 0.035 0.029 2.463 "" "" 12.903767 1.712741 13.719721 12.00698 "" "" 382.554443 394.976776 129849.50053 195.74 44415.0 234.22 124840.0 461.77 "" "" 0.0032047634666119663 0.006369237 0.0055147232 0.01188396 83.71368436423 -4.79919444243 388.649139 0.653 -0.829 -0.5771785945892334 -0.07610714817047115 0.45873603 0.45273602 "" "" 1.0724805125201815 "" 0.4918761891239487 "" 1.0
83.82173211426 -4.68710835631 0.0117 0.0105 6.7609 "" "" 3209579341762702464 380.608337 2.6065 0.0165 1.175 0.038 0.016 0.013 1.006 4960.5 4.0932 12.964886 1.577658 13.690744 12.113087 30.99 34.4 378.608215 383.220306 122741.83372 375.9 45616.0 537.93 113220.0 1031.7 "" "" 0.004318338022733678 0.013104114 0.010590899 0.023695013 83.82173211426 -4.68710835631 380.608337 1.175 0.038 -0.055178594589233354 0.7908928518295288 0.43973604 0.43673605 11.8546875 36.21085 1.430305106603727 11.940661138338738 0.6246866544829783 35.95020685495273 1.0
83.71277953535 -4.72818397514 0.0084 0.0078 4.916 "" "" 3209624529114069888 389.648834 2.5261 0.0127 1.766 -0.718 0.011 0.01 1.005 "" "" 13.155997 1.624669 13.921605 12.296936 "" "" 387.436218 391.108795 102931.41421 83.295 36879.0 99.441 95584.0 211.36 "" "" 0.0028920134733906905 0.004044236 0.0044774683 0.008521704 83.71277953535 -4.72818397514 389.648834 1.7659999999999991 -0.718 0.5358214054107666 0.03489285182952884 0.43473604 0.43373603 "" "" 0.991723674975075 "" 0.43113384334884014 "" 1.0
83.86609252389 -4.75093615836 0.0099 0.009 6.1547 "" "" 3209577937308816896 392.32486 2.5087 0.0136 1.768 -0.752 0.012 0.011 1.055 "" "" 13.164274 1.525757 13.868674 12.342917 29.96 32.7 389.554108 394.872528 102149.6595 86.91 38721.0 106.86 91620.0 175.81 "" "" 0.0029060478485352535 0.004094286 0.0043155975 0.008409884 83.86609252389 -4.75093615836 392.32486 1.768 -0.7520000000000002 0.5378214054107666 0.0008928518295288068 0.43573603 0.43473604 10.824687500000003 34.51085 1.0001447321497887 10.870793391372283 0.4357990925993917 34.36450281005391 1.0
83.72974867782 -4.80771233121 0.0307 0.0263 2.6926 "" "" 3209575978803775488 432.084259 2.2749 0.0449 1.275 -1.681 0.04 0.033 3.652 "" "" 13.369024 1.764255 14.212235 12.447981 28.56 2.89 423.272156 439.50708 84593.49579 201.31 28218.0 244.24 83170.0 503.76 "" "" 0.0037772504492153223 0.009803015 0.0075849444 0.01738796 83.72974867782 -4.80771233121 432.084259 1.275 -1.6810000000000003 0.04482140541076651 -0.9281071481704712 0.46373603 0.45673603 9.424687500000001 4.7008495 1.9030524404519829 9.614902134903222 0.8692238464998538 4.611061814785141 1.0
83.70098035771 -4.79449035723 0.0148 0.013 4.1383 "" "" 3209576769077761152 391.008118 2.5169 0.0205 0.744 -0.425 0.019 0.015 1.665 "" "" 13.39537 2.195463 14.519098 12.323635 "" "" 388.193359 394.08316 82565.54512 133.31 21270.0 149.76 93262.0 426.34 "" "" 0.0032657138557555506 0.008137836 0.0062384824 0.014376318 83.70098035771 -4.79449035723 391.008118 0.7439999999999999 -0.425 -0.4861785945892334 0.3278928518295288 0.44273603 0.43873602 "" "" 1.0868501986685053 "" 0.4798327742234287 "" 1.0
83.92820699071 -5.198548562 0.0095 0.0089 26.4343 "" "" 3017373924574255488 389.29126 2.5247 0.0141 1.26 -0.523 0.012 0.011 1.066 5077.2 4.1023 13.424715 1.795006 14.29113 12.496124 18.72 4.47 387.133942 391.776245 80363.82692 255.94 26240.0 316.47 79562.0 651.72 "" "" 0.004421343537578998 0.013388586 0.009663363 0.02305195 83.92820699071 -5.198548562 389.29126 1.2599999999999998 -0.523 0.02982140541076661 0.2298928518295288 0.43573603 0.43473604 -0.41531249999999886 6.280849 0.42776178756627103 0.5962085369718725 0.1859705536895599 4.377206415398642 1.0
83.87095910975 -5.10111858195 0.0107 0.0101 19.7816 "" "" 3209529112120792320 392.68866 2.5027 0.0148 2.054 -1.103 0.014 0.012 0.992 4804.2 4.1573 13.673626 1.533449 14.378757 12.845308 38.78 3.64 390.534576 394.760254 63899.34396 96.415 24206.0 129.76 57681.0 234.08 "" "" 0.003205551071680661 0.006454489 0.0058049615 0.012259451 83.87095910975 -5.10111858195 392.68866 2.054 -1.103 0.8238214054107664 -0.35010714817047117 0.43773603 0.43573603 19.644687500000003 5.4508495 1.666144043927565 19.715217040341496 0.7288225042996695 5.431698806499598 1.0
83.82441014307 -4.74792906981 0.0117 0.0106 4.0265 "" "" 3209578074747777792 391.613037 2.5136 0.0183 1.255 -0.605 0.015 0.012 1.009 5330.0 4.1821 13.903509 1.746463 14.731356 12.984893 198.96 13.45 389.36499 394.516754 51706.27042 133.39 17493.0 206.18 50723.0 336.13 "" "" 0.003929004154149007 0.013097595 0.008127162 0.021224758 83.82441014307 -4.74792906981 391.613037 1.255 -0.6049999999999996 0.024821405410766495 0.14789285182952883 0.43873602 0.43573603 179.8246875 15.260849 0.2783650715311431 179.82490295169274 0.12131664641366083 15.260830715860699 1.0
83.76110124248 -4.82483341992 0.0209 0.0185 2.3169 "" "" 3209575703925864576 380.041748 2.5908 0.0321 1.377 -1.334 0.026 0.023 1.777 "" "" 13.969032 2.427351 15.266351 12.839 24.35 5.6 375.602783 383.895935 48678.12427 128.73 10688.0 129.07 58017.0 379.17 "" "" 0.003979426664497406 0.013405114 0.008039557 0.02144467 83.76110124248 -4.82483341992 380.041748 1.377 -1.3340000000000007 0.1468214054107666 -0.5811071481704713 0.44973603 0.44673604 5.214687500000004 7.410849 1.0797003129437936 5.32529046047511 0.4825360164845111 7.257589824297525 1.0
83.88634614816 -4.83662506721 0.0144 0.013 7.5725 "" "" 3209572233592263808 390.562775 2.5229 0.0228 1.68 -1.507 0.018 0.015 1.286 5719.3 4.1878 13.991981 1.805156 14.834926 13.02977 "" "" 387.368774 393.675598 47660.04281 696.24 15902.0 948.58 48669.0 1899.6 "" "" 0.016098481374405133 0.06482599 0.04254557 0.107371554 83.88634614816 -4.83662506721 390.562775 1.6799999999999997 -1.507 0.44982140541076654 -0.7541071481704711 0.44173604 0.43873602 "" "" 1.6255530031250673 "" 0.7144716778560838 "" 1.0
83.81973338094 -4.7623902077 0.0245 0.0216 3.3359 "" "" 3209576597279031680 385.046875 2.5638 0.0368 0.808 -0.659 0.03 0.025 1.991 "" "" 14.00232 1.817097 14.878349 13.061253 26.53 3.78 380.067261 390.619232 47208.30944 1136.9 15278.0 1014.9 47278.0 3088.9 "" "" 0.02629214819057085 0.07217816 0.07103699 0.14321515 83.81973338094 -4.7623902077 385.046875 0.8080000000000003 -0.6589999999999997 -0.42217859458923335 0.09389285182952878 0.45373604 0.44873604 7.394687500000003 5.590849 0.7893534950623677 7.436698337489795 0.35797308917243514 5.559395365795088 1.0
83.91676191712 -4.76539336656 0.0123 0.011 8.8837 "" "" 3209574741853143552 386.394226 2.5532 0.0183 1.413 -0.701 0.016 0.013 1.068 5398.5 4.1662 14.059869 1.91197 14.985003 13.073033 -19.03 4.62 383.620697 388.568512 44771.24753 352.1 13849.0 387.5 46768.0 891.79 "" "" 0.008972234077361155 0.03050715 0.021045364 0.05155251 83.91676191712 -4.76539336656 386.394226 1.4130000000000003 -0.7009999999999998 0.18282140541076664 0.05189285182952885 0.43973604 0.43673605 -38.1653125 6.430849 0.34806632239143503 38.16689964337474 0.15297969582127938 6.4305818043670175 1.0
83.67030793511 -4.672297756 0.0116 0.0105 9.1066 "" "" 3209625731704909952 392.430389 2.5074 0.017 0.673 -0.422 0.015 0.012 1.036 "" "" 14.070089 1.85485 14.977443 13.122593 8.52 6.14 389.919098 394.822845 44351.78277 28.243 13946.0 44.086 44681.0 65.4 "" "" 0.0028407413854323405 0.004423256 0.004099914 0.00852317 83.67030793511 -4.672297756 392.430389 0.6729999999999996 -0.42199999999999993 -0.5571785945892334 0.3308928518295288 0.43873602 0.43573603 -10.615312499999998 7.950849 1.2054066811160513 10.683532409251887 0.5279148678149516 7.900303293067646 1.0
83.84103185914 -4.83880969287 0.0208 0.0187 5.2651 "" "" 3209572916491595904 401.522339 2.4451 0.0304 0.368 -1.737 0.026 0.024 1.652 "" "" 14.102227 2.014131 15.065172 13.051042 36.34 3.85 397.990906 406.365265 43058.18318 37.872 12863.0 214.11 47724.0 119.0 "" "" 0.002916118161813948 0.018286645 0.004648993 0.022935638 83.84103185914 -4.83880969287 401.522339 0.368 -1.7370000000000005 -0.8621785945892334 -0.9841071481704713 0.44973603 0.44773602 17.204687500000006 5.660849 2.4901009336741073 17.383954516523023 1.1170732622978414 5.604757776619397 1.0
83.64358913459 -4.68629706702 0.0118 0.0104 9.6756 "" "" 3209625525546487168 390.387909 2.5132 0.0167 0.97 -0.278 0.016 0.012 0.998 4528.1 4.1536 14.114636 1.629154 14.876891 13.247737 22.18 4.6 388.236481 392.653412 42568.89073 105.84 15299.0 133.29 39817.0 236.66 "" "" 0.0038573356257056313 0.009862216 0.0074785408 0.017340757 83.64358913459 -4.68629706702 390.387909 0.97 -0.278 -0.2601785945892334 0.4748928518295288 0.43973604 0.43573603 3.044687500000002 6.410849 1.0020020790733974 3.2053283980153537 0.43753697272101105 6.091093519426757 1.0
83.87874261122 -4.92165551806 0.0118 0.0112 10.3679 "" "" 3209559486129350912 388.675598 2.5296 0.0183 1.905 -1.178 0.016 0.014 1.051 5777.8 4.2775 14.135627 1.674894 14.891895 13.217001 "" "" 385.63913 391.784882 41753.78569 130.94 15089.0 188.61 40960.0 321.03 "" "" 0.004380061853765555 0.013855369 0.009311138 0.023166507 83.87874261122 -4.92165551806 388.675598 1.9050000000000002 -1.1780000000000002 0.6748214054107666 -0.4251071481704711 0.43973604 0.43773603 "" "" 1.4693603639634303 "" 0.6452971738961338 "" 1.0
83.80214092831 -4.86545372124 0.0134 0.0121 5.0774 "" "" 3209572405390981760 387.439148 2.5339 0.0184 1.407 -0.735 0.017 0.014 1.056 7989.9 4.2824 14.180141 2.033201 15.17698 13.143779 17.7 4.73 384.868988 389.769287 40076.527 72.968 11604.0 112.54 43817.0 217.42 "" "" 0.003391105825263716 0.010893276 0.0065808864 0.017474163 83.80214092831 -4.86545372124 387.439148 1.407 -0.735 0.17682140541076663 0.017892851829528822 0.44073603 0.43773603 -1.4353124999999984 6.540849 0.3263840353579303 1.4719539772672148 0.14383931137103165 6.378107030894439 1.0
83.87723481671 -4.85808396991 0.0136 0.0127 7.7032 "" "" 3209572061793579264 383.580963 2.5668 0.0201 1.402 -1.46 0.018 0.016 1.064 4936.9 4.2013 14.292407 1.812825 15.155781 13.342956 -24.81 5.9 380.134125 386.516266 36139.64963 79.866 11833.0 117.68 36473.0 192.38 "" "" 0.0036536146486940385 0.011152391 0.0068614925 0.018013883 83.87723481671 -4.85808396991 383.580963 1.4019999999999997 -1.4600000000000002 0.17182140541076651 -0.7071071481704712 0.44173604 0.43973604 -43.9453125 7.7108493 1.3230548464854939 43.96522449447364 0.5819427428696109 7.707376911984635 1.0
83.62526525783 -4.83072886954 0.0144 0.0132 9.0279 "" "" 3209553026498569344 384.935791 2.5566 0.0204 1.641 0.19 0.018 0.015 1.106 5743.5 4.3075 14.437437 1.779019 15.261075 13.482056 -45.48 7.97 381.463104 388.244781 31620.73481 190.4 10740.0 226.6 32088.0 524.76 "" "" 0.007094517836629424 0.023076916 0.018153656 0.041230574 83.62526525783 -4.83072886954 384.935791 1.6409999999999991 0.19 0.4108214054107666 0.9428928518295288 0.44173604 0.43873602 -64.61531249999999 9.780849 1.8766045261523923 64.64255760735516 0.8242348189683412 9.776756371626007 1.0
83.77369474239 -4.98165594708 0.0411 0.0367 11.6694 "" "" 3209547043605422976 419.127716 2.3442 0.0609 1.866 -0.725 0.053 0.045 3.189 "" "" 14.460435 2.199856 15.587476 13.38762 20.87 5.95 408.817322 429.764984 30958.00122 21.281 7951.1 20.438 35003.0 43.967 "" "" 0.0028546155558658386 0.0039463723 0.0040179146 0.007964287 83.77369474239 -4.98165594708 419.127716 1.8659999999999999 -0.7250000000000001 0.6358214054107667 0.02789285182952883 0.47673604 0.46873605 1.7346875000000033 7.760849 1.2643792591420846 2.146577656085367 0.602755893554192 6.28172095154667 1.0
83.84491847381 -4.48086035448 0.0153 0.0126 18.9216 "" "" 3209637895052204800 389.92569 2.519 0.0239 1.215 -0.704 0.02 0.015 1.102 "" "" 14.535272 1.75495 15.346215 13.591266 "" "" 386.934723 393.201385 28896.01721 135.26 9929.6 212.13 29017.0 277.26 "" "" 0.005781090784810682 0.02336223 0.011041284 0.034403514 83.84491847381 -4.48086035448 389.92569 1.215 -0.7039999999999998 -0.015178594589233319 0.04889285182952885 0.44373605 0.43873602 "" "" 0.09462055125623041 "" 0.04155524835043147 "" 1.0
