Clusters/NGC_1348/NGC_1348_stars_in_region.tsv
# %ECSV 1.0
# ---
# datatype:
# - name: RA_ICRS_1
#   unit: deg
#   datatype: float64
#   format: '{:15.11f}'
#   description: Right ascension (ICRS) at Ep=2016.0 (ra)
#   meta: !!omap
#   - {ucd: POS_EQ_RA_MAIN}
#   - {width: 15}
#   - {precision: '11'}
# - name: DE_ICRS_1
#   unit: deg
#   datatype: float64
#   format: '{:15.11f}'
#   description: Declination (ICRS) at Ep=2016.0 (dec)
#   meta: !!omap
#   - {ucd: POS_EQ_DEC_MAIN}
#   - {width: 15}
#   - {precision: '11'}
# - name: e_RA_ICRS
#   unit: mas
#   datatype: float64
#   format: '{:7.4f}'
#   description: Standard error of right ascension (ra_error)
#   meta: !!omap
#   - {ucd: ERROR}
#   - {width: 7}
#   - {precision: '4'}
# - name: e_DE_ICRS
#   unit: mas
#   datatype: float64
#   format: '{:7.4f}'
#   description: Standard error of declination (dec_error)
#   meta: !!omap
#   - {ucd: ERROR}
#   - {width: 7}
#   - {precision: '4'}
# - name: _r_1
#   unit: ''
#   datatype: float64
#   format: '{:7.4f}'
#   description: Distance from center (053.52651303000+51.41439706000)[ICRS], at Epoch=J2016.0
#   meta: !!omap
#   - {ucd: POS_ANG_DIST_GENERAL}
#   - {width: 7}
#   - {precision: '4'}
# - name: HIP
#   datatype: int32
#   description: '? HIP cross-id number, van Leeuwen, Cat. I/311 (hip_original_ext_source_id)'
#   meta: !!omap
#   - {ucd: ID_NUMBER}
#   - {width: 6}
#   - values: {'null': -2147483648}
# - name: TYC2
#   datatype: string
#   description: Tycho-2 cross-id name, Hog et al., Cat. I/259 (tyc2_original_ext_source_id)
#   meta: !!omap
#   - {ucd: ID_CROSSID}
#   - {_votable_string_dtype: char}
# - name: Source
#   datatype: int64
#   description: Source identifier, identical to the Gaia-EDR3 source_id (id)
#   meta: !!omap
#   - {ucd: ID_MAIN}
#   - {width: 19}
# - name: rgeo
#   unit: pc
#   datatype: float64
#   format: '{:15.8f}'
#   description: '? Median of the geometric distance posterior (r_med_geo)'
#   meta: !!omap
#   - {ucd: PHYS_DISTANCE_TRUE}
#   - {width: 15}
#   - {precision: '8'}
#   - values: {'null': .nan}
# - name: Plx
#   unit: mas
#   datatype: float64
#   format: '{:9.4f}'
#   description: '? Parallax (parallax)'
#   meta: !!omap
#   - {ucd: POS_PARLX_TRIG}
#   - {width: 9}
#   - {precision: '4'}
#   - values: {'null': .nan}
# - name: e_Plx
#   unit: mas
#   datatype: float32
#   format: '{:7.4f}'
#   description: '? Standard error of parallax (parallax_error)'
#   meta: !!omap
#   - {ucd: ERROR}
#   - {width: 7}
#   - {precision: '4'}
#   - values: {'null': .nan}
# - name: pmRA
#   unit: mas / yr
#   datatype: float64
#   format: '{:9.3f}'
#   description: '? Proper motion in right ascension direction, pmRA*cosDE (pmra)'
#   meta: !!omap
#   - {ucd: POS_EQ_PMRA}
#   - {width: 9}
#   - {precision: '3'}
#   - values: {'null': .nan}
# - name: pmDE
#   unit: mas / yr
#   datatype: float64
#   format: '{:9.3f}'
#   description: '? Proper motion in declination direction (pmdec)'
#   meta: !!omap
#   - {ucd: POS_EQ_PMDEC}
#   - {width: 9}
#   - {precision: '3'}
#   - values: {'null': .nan}
# - name: e_pmRA
#   unit: mas / yr
#   datatype: float32
#   format: '{:6.3f}'
#   description: '? Standard error of proper motion in right ascension direction (pmra_error)'
#   meta: !!omap
#   - {ucd: ERROR}
#   - {width: 6}
#   - {precision: '3'}
#   - values: {'null': .nan}
# - name: e_pmDE
[...]
#         unit: &id001 !astropy.units.Unit {unit: deg}
#         value: !astropy.table.SerializedColumn {name: SkyCoord.dec}
#       distance: !astropy.table.SerializedColumn
#         __class__: astropy.coordinates.distances.Distance
#         unit: !astropy.units.Unit {unit: pc}
#         value: !astropy.table.SerializedColumn {name: SkyCoord.distance}
#       frame: icrs
#       obstime: !astropy.time.Time {format: jyear_str, in_subfmt: '*', jd1: 367701545.0, jd2: 0.0, out_subfmt: '*', precision: 3, scale: tt}
#       pm_dec: !astropy.table.SerializedColumn
#         __class__: astropy.units.quantity.Quantity
#         unit: !astropy.units.Unit {unit: mas / yr}
#         value: !astropy.table.SerializedColumn {name: SkyCoord.pm_dec}
#       pm_ra_cosdec: !astropy.table.SerializedColumn
#         __class__: astropy.units.quantity.Quantity
#         unit: !astropy.units.Unit {unit: mas / yr}
#         value: !astropy.table.SerializedColumn {name: SkyCoord.pm_ra_cosdec}
#       ra: !astropy.table.SerializedColumn
#         __class__: astropy.coordinates.angles.Longitude
#         unit: *id001
#         value: !astropy.table.SerializedColumn {name: SkyCoord.ra}
#         wrap_angle: !astropy.coordinates.Angle
#           unit: *id001
#           value: 360.0
#       representation_type: spherical
# schema: astropy-2.0
RA_ICRS_1 DE_ICRS_1 e_RA_ICRS e_DE_ICRS _r_1 HIP TYC2 Source rgeo Plx e_Plx pmRA pmDE e_pmRA e_pmDE RUWE Teff logg Gmag BP-RP BPmag RPmag RV e_RV b_rgeo B_rgeo FG e_FG FBP e_FBP FRP e_FRP RAVE5 RAVE6 e_Gmag e_BPmag e_RPmag e_BP-RP SkyCoord.ra SkyCoord.dec SkyCoord.distance SkyCoord.pm_ra_cosdec SkyCoord.pm_dec
[from data line 163]
53.51786850971 51.70449862034 0.0321 0.0299 17.4091 "" "" 442362600493492608 1733.08899 0.5375 0.0443 0.79 -0.146 0.04 0.04 1.066 "" "" 16.044554 2.163846 17.168219 15.004373 "" "" 1597.12341 1877.92151 7196.56495 3.2269 1854.1 8.7388 7896.0 11.223 "" "" 0.0027979994224272896 0.0058285557 0.0040823077 0.009910863 53.51786850971 51.70449862034 1733.08899 0.7900000000000003 -0.146
53.80404897559 51.3455846152 0.0337 0.0313 11.1835 "" "" 442152387612991616 2333.97583 0.3821 0.0468 -0.953 -2.085 0.049 0.045 0.912 5176.1 3.1929 16.046328 2.876475 17.699358 14.822883 "" "" 2131.18823 2591.38745 7184.81146 3.5778 1136.8 9.8354 9332.7 11.68 "" "" 0.0028078646036352574 0.009799226 0.00401623 0.013815456 53.80404897559 51.3455846152 2333.97583 -0.9529999999999996 -2.085
53.66260952147 51.18847286321 0.0313 0.0275 14.485 "" "" 442056042907412864 1826.48926 0.517 0.0407 -0.201 0.825 0.042 0.04 0.944 8294.0 4.3751 16.046333 2.014401 17.059214 15.044812 "" "" 1698.32288 1953.78601 7184.77336 2.7339 2049.9 9.7906 7607.3 11.295 "" "" 0.0027861212114653157 0.00588861 0.0041088257 0.009997436 53.66260952147 51.18847286321 1826.48926 -0.2010000000000001 0.825
53.15384842527 51.56953546306 0.0368 0.0311 16.7469 "" "" 442313809664839936 2428.78589 0.4033 0.0503 1.168 -0.819 0.057 0.049 1.066 7599.3 4.3297 16.056576 1.552831 16.773346 15.220515 "" "" 2158.41821 2736.29102 7117.32107 3.0604 2667.3 10.678 6470.7 13.754 "" "" 0.002794592447342256 0.0051650116 0.004428291 0.009593302 53.15384842527 51.56953546306 2428.78589 1.168 -0.8189999999999998
53.62780255078 51.22037605265 0.0381 0.0339 12.2453 "" "" 442056283420547968 2313.42798 0.4067 0.0519 1.954 -2.89 0.053 0.05 1.275 5043.5 3.2866 16.0603 2.6502 17.502508 14.852308 "" "" 2093.99341 2621.70972 7092.94179 4.1254 1362.7 7.5301 9083.1 10.989 "" "" 0.002826758641496225 0.0066166962 0.0040011443 0.010617841 53.62780255078 51.22037605265 2313.42798 1.954 -2.8899999999999997
53.44890240562 51.47664861439 0.0311 0.0267 4.7301 "" "" 442261960819644800 1908.96155 0.5038 0.0439 1.281 -0.773 0.046 0.037 0.946 8279.5 4.3712 16.063002 1.587727 16.798616 15.21089 "" "" 1751.53174 2095.17261 7075.31972 3.3429 2606.0 9.8434 6528.3 13.227 "" "" 0.0028026664695571636 0.0049602073 0.004372974 0.009333181 53.44890240562 51.47664861439 1908.96155 1.2809999999999997 -0.7729999999999999
53.8186458193 51.60504831565 0.0338 0.0341 15.807 "" "" 442351502298305536 1890.94946 0.4941 0.0478 0.132 -1.153 0.047 0.05 1.136 7151.3 4.2068 16.066515 2.00894 17.071966 15.063026 "" "" 1753.6167 2162.55371 7052.46088 3.5058 2026.0 10.369 7480.8 12.872 "" "" 0.0028076841151207905 0.0062179295 0.004215908 0.010433838 53.8186458193 51.60504831565 1890.94946 0.132 -1.1530000000000002
53.51235503253 51.43010747167 0.0329 0.028 1.0813 "" "" 442343496479040384 2133.64209 0.4348 0.0455 1.205 -0.823 0.052 0.041 0.972 "" "" 16.07168 1.418061 16.690067 15.272006 "" "" 1948.76697 2355.97119 7018.99282 2.809 2880.0 11.756 6171.0 21.099 "" "" 0.0027893708275817226 0.0052370713 0.005297557 0.010534628 53.51235503253 51.43010747167 2133.64209 1.205 -0.823
53.66915160904 51.10768390423 0.0313 0.029 19.1662 "" "" 442054427999716864 2119.60767 0.4404 0.0421 0.963 -1.065 0.041 0.042 1.041 9273.1 4.0614 16.075993 1.602443 16.822369 15.219926 "" "" 1936.75391 2321.12964 6991.16544 2.508 2549.6 11.768 6474.2 12.195 "" "" 0.002782713786037632 0.0057357377 0.0042972392 0.010032977 53.66915160904 51.10768390423 2119.60767 0.9629999999999999 -1.065
53.05377371996 51.51872394468 0.0318 0.0292 18.7461 "" "" 442311954239020800 2499.20947 0.3795 0.0448 0.368 0.269 0.049 0.047 1.05 7201.3 4.3324 16.081408 1.542501 16.792927 15.250425 "" "" 2207.99292 2783.15601 6956.3908 2.9724 2619.7 7.5011 6294.9 9.593 "" "" 0.002794103719540706 0.004177308 0.004125699 0.008303007 53.05377371996 51.51872394468 2499.20947 0.36799999999999994 0.2690000000000001
53.26683011806 51.55825287699 0.0296 0.0265 12.9859 "" "" 442266702463523968 2324.75562 0.4051 0.0419 0.246 -1.476 0.041 0.037 0.991 9399.1 4.1687 16.093174 1.283771 16.646175 15.362405 "" "" 2138.09155 2553.39282 6881.40526 2.9607 2998.8 13.618 5678.0 12.576 "" "" 0.002794638379408897 0.0056652264 0.0044795745 0.010144801 53.26683011806 51.55825287699 2324.75562 0.2460000000000001 -1.476
53.77844588001 51.63606993707 0.0321 0.0344 16.2895 "" "" 442352533090452992 1897.63428 0.491 0.0458 -2.383 -3.299 0.047 0.052 1.059 7109.8 4.0902 16.107433 2.156249 17.219025 15.062776 "" "" 1771.81897 2102.53076 6791.61757 2.9179 1769.3 8.6636 7482.5 10.208 "" "" 0.002794527050086806 0.0060041333 0.0040592765 0.01006341 53.77844588001 51.63606993707 1897.63428 -2.383 -3.2989999999999995
53.70254588193 51.43975366664 0.0324 0.0297 6.7589 "" "" 442340094865192960 2116.14087 0.4506 0.0463 1.281 -0.866 0.049 0.043 0.968 9335.0 4.1367 16.130875 1.610364 16.88325 15.272885 "" "" 1925.91345 2343.94238 6646.56346 2.6301 2410.6 10.227 6166.0 10.256 "" "" 0.002788615323690077 0.005385404 0.0041886847 0.009574089 53.70254588193 51.43975366664 2116.14087 1.2810000000000001 -0.8660000000000001
53.66100507658 51.57534816174 0.032 0.0313 10.8857 "" "" 442346103521217280 2153.33179 0.4324 0.0457 0.102 0.279 0.044 0.043 1.009 6646.7 4.1183 16.13603 1.922434 17.088568 15.166134 "" "" 1969.65186 2378.92358 6615.0737 2.7778 1995.2 10.821 6803.1 17.554 "" "" 0.002792786124136098 0.006516101 0.004704491 0.011220591 53.66100507658 51.57534816174 2153.33179 0.10199999999999997 0.279
53.20110168647 51.59851467633 0.0304 0.0289 16.4233 "" "" 442313947104688128 2458.61401 0.3769 0.0465 2.131 -0.884 0.044 0.044 0.969 8478.8 4.4578 16.140362 1.52354 16.836393 15.312853 "" "" 2200.94702 2827.40771 6588.73635 2.8987 2516.9 11.711 5943.2 10.281 "" "" 0.002796418314854176 0.005771175 0.004220346 0.009991521 53.20110168647 51.59851467633 2458.61401 2.1310000000000002 -0.8840000000000001
53.26422390251 51.55015965373 0.0311 0.0283 12.7438 "" "" 442266633744052608 1760.66223 0.5388 0.0444 -1.82 -1.969 0.043 0.039 0.994 4922.3 3.6917 16.150915 2.138856 17.258034 15.119178 "" "" 1613.46228 1959.28394 6525.00375 2.8973 1706.9 8.9642 7103.7 12.857 "" "" 0.002797178876639727 0.0063480656 0.004259724 0.01060779 53.26422390251 51.55015965373 1760.66223 -1.8199999999999998 -1.969
53.58718523916 51.49242604088 0.0319 0.0305 5.2024 "" "" 442344286753007744 2390.92285 0.3881 0.0471 0.922 -0.559 0.046 0.043 0.963 7789.2 4.2624 16.155804 1.919518 17.10441 15.184892 "" "" 2131.17114 2691.35522 6495.68889 2.8797 1966.3 11.118 6686.5 11.613 "" "" 0.0027970469401337045 0.006743366 0.004223689 0.010967055 53.58718523916 51.49242604088 2390.92285 0.9220000000000002 -0.559
53.63538562454 51.67070762602 0.0344 0.033 15.9062 "" "" 442359473757300736 1761.36597 0.5536 0.0509 0.15 -0.355 0.048 0.047 1.06 6309.3 4.1082 16.156359 1.881993 17.086292 15.204299 "" "" 1613.12598 1945.88367 6492.37449 2.8533 1999.4 6.9257 6568.1 10.794 "" "" 0.0027963324982769205 0.0046828613 0.0041794064 0.008862268 53.63538562454 51.67070762602 1761.36597 0.15 -0.355
53.15233052177 51.35329099716 0.0349 0.0302 14.4834 "" "" 442260208473140480 2432.08862 0.385 0.0462 -0.195 0.167 0.045 0.042 1.003 8514.3 4.1646 16.157 1.443356 16.806381 15.363025 "" "" 2219.28174 2711.25757 6488.54325 2.8254 2587.4 11.673 5674.8 11.171 "" "" 0.0027955872798961856 0.0056372113 0.004341864 0.009979075 53.15233052177 51.35329099716 2432.08862 -0.19500000000000003 0.16700000000000004
53.75894183881 51.40874417925 0.0347 0.0325 8.7049 "" "" 442340472822316288 1981.59265 0.4839 0.0492 1.291 -0.788 0.053 0.047 1.093 9363.2 4.1854 16.201454 1.550118 16.918413 15.368296 "" "" 1816.0896 2221.21729 6228.2345 2.5815 2333.7 8.5527 5647.3 12.903 "" "" 0.002791828626387318 0.004859847 0.0045207962 0.009380643 53.75894183881 51.40874417925 1981.59265 1.291 -0.788
53.70941835694 51.45647320096 0.0348 0.0332 7.2923 "" "" 442341572333940608 1820.01465 0.5178 0.0497 2.756 -6.905 0.049 0.047 0.998 4980.3 3.5687 16.201675 2.452843 17.533436 15.080593 "" "" 1663.90637 1997.16919 6226.97092 3.019 1324.5 8.8556 7360.7 12.61 "" "" 0.0028051523319687546 0.00777698 0.0042122966 0.011989277 53.70941835694 51.45647320096 1820.01465 2.756 -6.905000000000001
53.34012527594 51.32582879313 0.0383 0.0349 8.7739 "" "" 442247701529025792 2390.55981 0.3814 0.0535 0.484 -1.023 0.055 0.048 1.193 9450.4 4.3614 16.205196 1.266843 16.748735 15.481893 "" "" 2122.33179 2782.49463 6206.81107 3.7444 2728.5 11.159 5086.3 8.6437 "" "" 0.002832103095602503 0.0052442844 0.004205729 0.009450013 53.34012527594 51.32582879313 2390.55981 0.48400000000000004 -1.023
53.76638871216 51.34227118308 0.0347 0.0314 9.9715 "" "" 442338651756190208 1953.97339 0.4751 0.0469 -0.378 -1.954 0.051 0.046 0.943 8065.6 4.1213 16.211872 2.223565 17.359753 15.136188 "" "" 1807.8092 2151.43799 6168.76453 2.8592 1554.2 7.7095 6993.3 11.776 "" "" 0.0028008988964860174 0.0060655586 0.0041983677 0.010263926 53.76638871216 51.34227118308 1953.97339 -0.3780000000000001 -1.9540000000000004
54.06094097886 51.35622483117 0.0349 0.0358 20.3136 "" "" 442154513618084608 2420.38379 0.4015 0.0549 1.598 -1.658 0.055 0.053 1.018 8289.9 4.1389 16.225183 2.045768 17.257504 15.211736 "" "" 2155.53467 2713.74707 6093.58747 2.9325 1707.7 10.975 6523.2 13.072 "" "" 0.0028044249618394863 0.007514949 0.0043609105 0.011875859 54.06094097886 51.35622483117 2420.38379 1.5979999999999999 -1.6579999999999995
53.56395276733 51.38301194192 0.0379 0.0326 2.3474 "" "" 442342396967674752 2247.59106 0.4229 0.0508 1.501 -1.354 0.055 0.047 1.048 "" "" 16.24038 "" "" "" "" "" 2062.73389 2513.11646 6008.90559 5.2727 "" "" "" "" "" "" 0.0029153817933932837 "" "" "" 53.56395276733 51.38301194192 2247.59106 1.5010000000000001 -1.354
53.48013279594 51.37901592844 0.0352 0.0326 2.7425 "" "" 442249453874936448 1794.54333 0.5297 0.0487 1.713 -5.641 0.05 0.045 1.028 6131.4 4.1091 16.253149 1.785827 17.104055 15.318229 "" "" 1663.94128 1953.14905 5938.63761 2.5663 1967.0 12.558 5913.8 13.443 "" "" 0.00279498206244995 0.007472192 0.004513867 0.011986059 53.48013279594 51.37901592844 1794.54333 1.7130000000000005 -5.641
53.48384419496 51.51962406217 0.0385 0.0367 6.5119 "" "" 442356003424670976 2083.12036 0.4535 0.0551 1.955 -3.057 0.054 0.049 1.057 5100.1 3.7126 16.254988 2.207349 17.407728 15.200379 "" "" 1869.37488 2395.69067 5928.59614 2.8603 1487.0 8.2442 6591.8 12.532 "" "" 0.002804670973274052 0.006634732 0.0043063248 0.010941057 53.48384419496 51.51962406217 2083.12036 1.9549999999999998 -3.057
53.81309250241 51.67451026748 0.0329 0.0346 18.9188 "" "" 442352670529399424 2189.58862 0.4291 0.046 0.155 -1.553 0.046 0.054 0.98 "" "" 16.258696 1.832766 17.146742 15.313976 "" "" 1999.93823 2473.59888 5908.38258 2.6318 1891.1 7.8958 5937.0 11.473 "" "" 0.0027974421055025705 0.005323068 0.0043227207 0.009645788 53.81309250241 51.67451026748 2189.58862 0.15500000000000008 -1.5529999999999997
53.13078131486 51.61710893976 0.0333 0.0329 19.1378 "" "" 442314840456968064 1738.09106 0.5434 0.0523 0.374 -0.192 0.048 0.048 1.003 7188.2 4.353 16.271309 1.538601 16.983131 15.444531 "" "" 1590.01709 1931.42444 5840.13718 2.6905 2198.7 9.2208 5264.4 8.8345 "" "" 0.002800353292629714 0.0053401925 0.0041956585 0.009535851 53.13078131486 51.61710893976 1738.09106 0.374 -0.192
53.12111105013 51.3975475868 0.0343 0.0315 15.207 "" "" 442263472648260864 1961.1571 0.4885 0.0464 0.507 -2.646 0.046 0.043 1.078 6783.4 4.3013 16.284914 1.49468 16.974327 15.479647 "" "" 1808.49365 2155.20337 5767.4178 2.5677 2216.6 13.903 5096.8 11.286 "" "" 0.0027973995054706297 0.0073594023 0.0044792634 0.011838665 53.12111105013 51.3975475868 1961.1571 0.5070000000000001 -2.646
53.58020359742 51.69481267318 0.0325 0.0315 16.9437 "" "" 442362291255843584 1992.13367 0.4739 0.0464 1.475 -1.188 0.043 0.042 1.027 7190.5 4.3277 16.28749 1.70903 17.10744 15.398411 "" "" 1854.37256 2164.56348 5753.74094 2.5568 1960.8 9.2864 5492.8 11.094 "" "" 0.0027972427762060015 0.0058502974 0.0043695 0.0102197975 53.58020359742 51.69481267318 1992.13367 1.475 -1.1880000000000002
53.50386398627 51.48137849841 0.0358 0.0311 4.1072 "" "" 442355659826415488 2428.72412 0.3856 0.0495 2.151 -0.832 0.054 0.043 1.012 7875.3 4.1671 16.294262 1.985755 17.294256 15.308501 "" "" 2149.49316 2738.04297 5717.97338 2.7281 1650.9 9.7219 5967.0 10.967 "" "" 0.0028035921764969053 0.0069760233 0.004273854 0.0112498775 53.50386398627 51.48137849841 2428.72412 2.151 -0.8319999999999999
53.32020177337 51.24625678665 0.035 0.0334 12.7122 "" "" 442246086620712320 1855.79407 0.4903 0.0511 0.26 -3.316 0.046 0.047 1.031 6699.5 4.2276 16.307556 1.852512 17.216377 15.363865 "" "" 1711.4198 2042.32642 5648.38135 2.7752 1773.6 11.445 5670.4 18.285 "" "" 0.0028064852442542336 0.0075413734 0.005151843 0.012693217 53.32020177337 51.24625678665 1855.79407 0.26000000000000023 -3.3160000000000007
53.14065652321 51.3060580743 0.0351 0.0316 15.8504 "" "" 442254023720271744 1783.81055 0.5287 0.0505 -0.19 -1.043 0.046 0.043 0.983 7668.4 4.4065 16.309967 1.469399 16.97964 15.51024 "" "" 1657.95032 1943.57141 5635.85205 2.7094 2205.8 11.936 4955.2 17.676 "" "" 0.0028043238803031134 0.006504008 0.0054114535 0.011915462 53.14065652321 51.3060580743 1783.81055 -0.1900000000000001 -1.0430000000000001
52.99059657095 51.4236385358 0.035 0.0329 20.0601 "" "" 442305528968032768 2345.04956 0.4254 0.0516 -0.215 -0.406 0.052 0.05 1.101 8240.9 4.4264 16.318718 1.59626 17.060886 15.464626 "" "" 2078.09326 2665.34326 5590.61605 2.7391 2046.7 11.336 5167.8 11.26 "" "" 0.0028062007111464725 0.0066293045 0.0044587213 0.011088026 52.99059657095 51.4236385358 2345.04956 -0.21500000000000002 -0.406
53.08368177028 51.51404239526 0.0386 0.0351 17.5997 "" "" 442311782440324992 2302.2959 0.4085 0.053 0.589 -1.24 0.061 0.056 1.052 9317.2 4.3287 16.326618 1.152099 16.812439 15.66034 "" "" 1979.91882 2683.25708 5550.08435 2.5784 2573.0 10.584 4315.4 9.9779 "" "" 0.002801108473408585 0.005266084 0.00453716 0.009803244 53.08368177028 51.51404239526 2302.2959 0.5889999999999999 -1.2399999999999998
53.3063254581 51.66880896376 0.0337 0.03 17.3357 "" "" 442408402024775680 1841.99805 0.5259 0.0477 1.17 -1.898 0.048 0.044 1.028 7478.8 4.3366 16.330124 1.543164 17.041622 15.498458 "" "" 1711.79211 1987.703 5532.18978 2.3676 2083.4 7.7031 5009.3 8.0636 "" "" 0.002794225935054092 0.004888783 0.00416393 0.009052713 53.3063254581 51.66880896376 1841.99805 1.1700000000000002 -1.8980000000000001
53.65077655721 51.36412777417 0.038 0.033 5.5447 "" "" 442339270231482752 2405.05298 0.4068 0.0523 -2.741 -0.471 0.057 0.05 0.953 6689.1 4.2243 16.352154 1.919228 17.307867 15.388639 "" "" 2160.2688 2751.22876 5421.07457 2.4438 1630.3 8.2247 5542.5 9.7665 "" "" 0.0027984543161985944 0.0061471364 0.0042360374 0.010383174 53.65077655721 51.36412777417 2405.05298 -2.741 -0.471
53.23372914689 51.64958801328 0.0367 0.0339 17.8481 "" "" 442314599938772480 1810.80981 0.5273 0.0521 0.311 0.207 0.054 0.05 0.95 7586.3 4.3802 16.368626 1.556956 17.087238 15.530282 "" "" 1681.44165 1987.66638 5339.44661 2.7538 1997.7 8.0899 4864.6 11.859 "" "" 0.0028116453463568492 0.0052073933 0.004614045 0.009821438 53.23372914689 51.64958801328 1810.80981 0.31099999999999994 0.20700000000000002
53.44508924367 51.61338428329 0.0357 0.0306 12.3203 "" "" 442360538909233280 2458.01807 0.3856 0.0497 1.357 -0.216 0.046 0.042 0.993 "" "" 16.379421 1.795667 17.252623 15.456956 "" "" 2198.40015 2784.10278 5286.62218 2.491 1715.4 9.178 5204.5 9.1624 "" "" 0.0028024116297277043 0.006444408 0.0042352364 0.0106796445 53.44508924367 51.61338428329 2458.01807 1.3569999999999998 -0.21599999999999994
