Clusters/NGC_1348/NGC_1348_stars_in_region.tsv
# %ECSV 1.0
# ---
# datatype:
# - name: RA_ICRS_1
#   unit: deg
#   datatype: float64
#   format: '{:15.11f}'
#   description: Right ascension (ICRS) at Ep=2016.0 (ra)
#   meta: !!omap
#   - {ucd: POS_EQ_RA_MAIN}
#   - {width: 15}
#   - {precision: '11'}
# - name: DE_ICRS_1
#   unit: deg
#   datatype: float64
#   format: '{:15.11f}'
#   description: Declination (ICRS) at Ep=2016.0 (dec)
#   meta: !!omap
#   - {ucd: POS_EQ_DEC_MAIN}
#   - {width: 15}
#   - {precision: '11'}
# - name: e_RA_ICRS
#   unit: mas
#   datatype: float64
#   format: '{:7.4f}'
#   description: Standard error of right ascension (ra_error)
#   meta: !!omap
#   - {ucd: ERROR}
#   - {width: 7}
#   - {precision: '4'}
# - name: e_DE_ICRS
#   unit: mas
#   datatype: float64
#   format: '{:7.4f}'
#   description: Standard error of declination (dec_error)
#   meta: !!omap
#   - {ucd: ERROR}
#   - {width: 7}
#   - {precision: '4'}
# - name: _r_1
#   unit: ''
#   datatype: float64
#   format: '{:7.4f}'
#   description: Distance from center (053.52651303000+51.41439706000)[ICRS], at Epoch=J2016.0
#   meta: !!omap
#   - {ucd: POS_ANG_DIST_GENERAL}
#   - {width: 7}
#   - {precision: '4'}
# - name: HIP
#   datatype: int32
#   description: '? HIP cross-id number, van Leeuwen, Cat. I/311 (hip_original_ext_source_id)'
#   meta: !!omap
#   - {ucd: ID_NUMBER}
#   - {width: 6}
#   - values: {'null': -2147483648}
# - name: TYC2
#   datatype: string
#   description: Tycho-2 cross-id name, Hog et al., Cat. I/259 (tyc2_original_ext_source_id)
#   meta: !!omap
#   - {ucd: ID_CROSSID}
#   - {_votable_string_dtype: char}
# - name: Source
#   datatype: int64
#   description: Source identifier, identical to the Gaia-EDR3 source_id (id)
#   meta: !!omap
#   - {ucd: ID_MAIN}
#   - {width: 19}
# - name: rgeo
#   unit: pc
#   datatype: float64
#   format: '{:15.8f}'
#   description: '? Median of the geometric distance posterior (r_med_geo)'
#   meta: !!omap
#   - {ucd: PHYS_DISTANCE_TRUE}
#   - {width: 15}
#   - {precision: '8'}
#   - values: {'null': .nan}
# - name: Plx
#   unit: mas
#   datatype: float64
#   format: '{:9.4f}'
#   description: '? Parallax (parallax)'
#   meta: !!omap
#   - {ucd: POS_PARLX_TRIG}
#   - {width: 9}
#   - {precision: '4'}
#   - values: {'null': .nan}
# - name: e_Plx
#   unit: mas
#   datatype: float32
#   format: '{:7.4f}'
#   description: '? Standard error of parallax (parallax_error)'
#   meta: !!omap
#   - {ucd: ERROR}
#   - {width: 7}
#   - {precision: '4'}
#   - values: {'null': .nan}
# - name: pmRA
#   unit: mas / yr
#   datatype: float64
#   format: '{:9.3f}'
#   description: '? Proper motion in right ascension direction, pmRA*cosDE (pmra)'
#   meta: !!omap
#   - {ucd: POS_EQ_PMRA}
#   - {width: 9}
#   - {precision: '3'}
#   - values: {'null': .nan}
# - name: pmDE
#   unit: mas / yr
#   datatype: float64
#   format: '{:9.3f}'
#   description: '? Proper motion in declination direction (pmdec)'
#   meta: !!omap
#   - {ucd: POS_EQ_PMDEC}
#   - {width: 9}
#   - {precision: '3'}
#   - values: {'null': .nan}
# - name: e_pmRA
#   unit: mas / yr
#   datatype: float32
#   format: '{:6.3f}'
#   description: '? Standard error of proper motion in right ascension direction (pmra_error)'
#   meta: !!omap
#   - {ucd: ERROR}
#   - {width: 6}
#   - {precision: '3'}
#   - values: {'null': .nan}
# - name: e_pmDE
[...]
#         unit: &id001 !astropy.units.Unit {unit: deg}
#         value: !astropy.table.SerializedColumn {name: SkyCoord.dec}
#       distance: !astropy.table.SerializedColumn
#         __class__: astropy.coordinates.distances.Distance
#         unit: !astropy.units.Unit {unit: pc}
#         value: !astropy.table.SerializedColumn {name: SkyCoord.distance}
#       frame: icrs
#       obstime: !astropy.time.Time {format: jyear_str, in_subfmt: '*', jd1: 367701545.0, jd2: 0.0, out_subfmt: '*', precision: 3, scale: tt}
#       pm_dec: !astropy.table.SerializedColumn
#         __class__: astropy.units.quantity.Quantity
#         unit: !astropy.units.Unit {unit: mas / yr}
#         value: !astropy.table.SerializedColumn {name: SkyCoord.pm_dec}
#       pm_ra_cosdec: !astropy.table.SerializedColumn
#         __class__: astropy.units.quantity.Quantity
#         unit: !astropy.units.Unit {unit: mas / yr}
#         value: !astropy.table.SerializedColumn {name: SkyCoord.pm_ra_cosdec}
#       ra: !astropy.table.SerializedColumn
#         __class__: astropy.coordinates.angles.Longitude
#         unit: *id001
#         value: !astropy.table.SerializedColumn {name: SkyCoord.ra}
#         wrap_angle: !astropy.coordinates.Angle
#           unit: *id001
#           value: 360.0
#       representation_type: spherical
# schema: astropy-2.0
RA_ICRS_1 DE_ICRS_1 e_RA_ICRS e_DE_ICRS _r_1 HIP TYC2 Source rgeo Plx e_Plx pmRA pmDE e_pmRA e_pmDE RUWE Teff logg Gmag BP-RP BPmag RPmag RV e_RV b_rgeo B_rgeo FG e_FG FBP e_FBP FRP e_FRP RAVE5 RAVE6 e_Gmag e_BPmag e_RPmag e_BP-RP SkyCoord.ra SkyCoord.dec SkyCoord.distance SkyCoord.pm_ra_cosdec SkyCoord.pm_dec
[from data line 286]
53.00216438664 51.36680670948 0.0492 0.0397 19.8384 "" "" 442257906370691456 2260.22412 0.4219 0.0684 1.095 0.289 0.062 0.057 1.021 7640.7 4.4498 16.841955 1.594871 17.587988 15.993117 "" "" 1965.06445 2683.05762 3452.74895 2.6062 1259.6 9.406 3176.2 12.322 "" "" 0.002874617471509795 0.0085743535 0.005659102 0.014233455 53.00216438664 51.36680670948 2260.22412 1.0950000000000002 0.2889999999999999
53.29674864637 51.71637867161 0.0448 0.043 20.0432 "" "" 442408779981882112 2405.0957 0.4039 0.065 1.922 -2.644 0.063 0.064 1.013 5017.5 4.2751 16.842642 1.949667 17.817263 15.867596 "" "" 2033.07629 3026.97925 3450.56152 2.0592 1019.8 9.0577 3565.5 9.8337 "" "" 0.0028304791734350084 0.010038872 0.004821889 0.014860761 53.29674864637 51.71637867161 2405.0957 1.9219999999999997 -2.644
53.38377261932 51.70732621155 0.0437 0.0436 18.3645 "" "" 442408883061090304 2289.16162 0.4151 0.0618 0.667 -1.502 0.06 0.063 0.967 8138.1 4.2902 16.844927 1.646205 17.618675 15.97247 "" "" 2009.07654 2622.15601 3443.30843 1.9946 1224.5 8.1906 3237.2 8.7237 "" "" 0.002826189268120501 0.007779959 0.0047795875 0.012559546 53.38377261932 51.70732621155 2289.16162 0.6669999999999999 -1.5019999999999998
53.56843997071 51.16970615883 0.0479 0.0433 14.7655 "" "" 442055664950295424 2419.33032 0.4054 0.0662 -0.609 0.791 0.066 0.063 0.992 4931.4 3.6454 16.856627 2.598968 18.303802 15.704835 "" "" 2032.87854 2863.86255 3406.40369 2.2485 651.47 11.221 4142.1 9.103 "" "" 0.002847000135933562 0.018907856 0.004469585 0.02337744 53.56843997071 51.16970615883 2419.33032 -0.609 0.7910000000000001
53.26256246665 51.38018139952 0.0462 0.043 10.092 "" "" 442260448992427648 1922.90576 0.4962 0.0659 1.192 -0.659 0.064 0.058 0.964 5721.8 4.6228 16.858772 1.55254 17.581442 16.028902 "" "" 1729.95422 2202.12573 3399.67895 1.8683 1267.2 9.2877 3073.2 8.263 "" "" 0.0028191847230821135 0.008432672 0.004775536 0.013208209 53.26256246665 51.38018139952 1922.90576 1.192 -0.659
53.52371637826 51.73226961514 0.044 0.0418 19.0726 "" "" 442363390767461376 2420.14404 0.3895 0.0637 0.218 2.26 0.06 0.056 0.995 5380.8 4.0017 16.870668 2.273636 18.075706 15.802071 "" "" 2125.89233 2779.54517 3362.63417 1.9653 803.77 8.3413 3787.3 9.297 "" "" 0.0028274471381541967 0.011607791 0.004624637 0.016232427 53.52371637826 51.73226961514 2420.14404 0.21799999999999986 2.2600000000000002
53.30596684648 51.61137822308 0.047 0.0408 14.405 "" "" 442267454080238720 2001.37573 0.485 0.068 2.214 -1.723 0.067 0.057 0.98 6042.6 4.4798 16.8745 1.698121 17.690296 15.992175 "" "" 1780.64209 2327.42456 3350.78658 2.075 1146.3 8.8714 3179.0 8.7028 "" "" 0.002836167200434728 0.008853824 0.0048081493 0.013661973 53.30596684648 51.61137822308 2001.37573 2.2139999999999995 -1.723
53.31877276862 51.29128237528 0.0496 0.0432 10.7313 "" "" 442247495369953152 2099.17505 0.4504 0.0695 0.652 -1.438 0.067 0.061 0.984 9048.8 4.3776 16.877062 1.435699 17.531048 16.095348 "" "" 1819.65369 2398.33618 3342.88769 2.0728 1327.4 10.169 2890.8 9.015 "" "" 0.002836374550548357 0.008773162 0.005074242 0.013847404 53.31877276862 51.29128237528 2099.17505 0.6520000000000001 -1.438
53.74785754793 51.35917021806 0.0504 0.0448 8.9258 "" "" 442338686112430336 2382.97803 0.3832 0.0684 1.033 -1.854 0.075 0.066 1.071 8973.4 4.323 16.885592 1.879579 17.810797 15.931218 "" "" 2101.47461 2768.8562 3316.73279 1.9109 1025.9 11.275 3362.6 7.5948 "" "" 0.002825435142920627 0.012254486 0.00450525 0.016759736 53.74785754793 51.35917021806 2382.97803 1.033 -1.854
53.50968812326 51.24925991187 0.055 0.0501 9.9283 "" "" 442244673572513920 2103.06372 0.4599 0.0755 -0.832 -1.258 0.075 0.072 1.19 8244.7 4.4172 16.88646 1.787722 17.735893 15.948172 "" "" 1775.97949 2518.91553 3314.0804 3.0044 1099.2 9.1089 3310.5 9.6288 "" "" 0.002925849985936976 0.00942003 0.004925065 0.014345095 53.50968812326 51.24925991187 2103.06372 -0.8319999999999999 -1.258
53.60352188628 51.44455562245 0.0477 0.044 3.402 "" "" 442343221601127552 2025.67896 0.4692 0.0653 0.883 0.218 0.071 0.062 0.922 6737.2 4.3451 16.89194 2.013396 17.905607 15.892211 "" "" 1787.64746 2343.47241 3297.39799 2.1576 940.1 9.4847 3485.6 8.7069 "" "" 0.0028454360094406113 0.0113037955 0.0046518133 0.015955608 53.60352188628 51.44455562245 2025.67896 0.883 0.21799999999999992
53.84878293481 51.2086686275 0.0544 0.046 17.2759 "" "" 442146374658799360 2454.73193 0.3718 0.0741 -0.705 2.194 0.076 0.069 1.024 6518.6 4.2623 16.895102 2.385814 18.175291 15.789477 "" "" 2094.00073 2908.30347 3287.80611 2.105 733.33 8.7478 3831.5 12.476 "" "" 0.0028416552170297668 0.013248743 0.0051751654 0.018423907 53.84878293481 51.2086686275 2454.73193 -0.705 2.194
53.30254685734 51.39151815444 0.0477 0.0433 8.4948 "" "" 442259830515955456 2450.16724 0.3881 0.0659 -0.006 -1.102 0.067 0.061 0.987 5272.8 4.313 16.907408 1.877327 17.658218 15.780891 "" "" 2082.49072 2952.48535 3250.74771 2.4089 1180.7 29.219 3861.9 91.09 "" "" 0.002870385045071394 0.027013395 0.025886457 0.052899852 53.30254685734 51.39151815444 2450.16724 -0.006000000000000172 -1.102
53.39934615133 51.54893321213 0.0455 0.0417 9.3669 "" "" 442356965496465920 2373.13086 0.4228 0.0641 1.307 -0.77 0.063 0.057 0.972 6054.2 4.4703 16.908495 1.643217 17.68563 16.042414 "" "" 2028.96826 2758.82202 3247.49658 1.7947 1151.2 6.6626 3035.2 8.3401 "" "" 0.0028198965049222565 0.0068753376 0.0048150048 0.011690343 53.39934615133 51.54893321213 2373.13086 1.3069999999999997 -0.77
53.41820026357 51.18624915377 0.048 0.0472 14.2792 "" "" 442242891165662336 2359.15015 0.3864 0.0701 -0.147 -1.588 0.066 0.067 0.995 4854.8 4.1947 16.91152 2.134668 18.01152 15.876852 "" "" 2012.74573 2683.72607 3238.46123 1.9807 852.72 8.3807 3535.2 12.824 "" "" 0.002834212234995708 0.01102958 0.005458546 0.016488126 53.41820026357 51.18624915377 2359.15015 -0.1469999999999999 -1.5879999999999999
53.28889235362 51.60947191738 0.0454 0.0433 14.6876 "" "" 442267419720496896 1975.64062 0.495 0.0664 0.659 -3.61 0.066 0.063 0.961 5194.5 4.39 16.911924 1.540209 17.626202 16.085993 "" "" 1749.33875 2307.01758 3237.25423 1.9274 1216.0 8.6439 2915.8 6.9016 "" "" 0.0028301337374124305 0.008206789 0.004570352 0.012777141 53.28889235362 51.60947191738 1975.64062 0.6589999999999997 -3.6099999999999994
53.366447177 51.53643642872 0.0469 0.0427 9.4551 "" "" 442266049629751424 2168.55688 0.4352 0.0653 0.39 -2.63 0.065 0.058 0.995 6147.9 4.4793 16.915844 1.629343 17.682583 16.05324 "" "" 1954.33948 2405.08838 3225.59278 2.0697 1154.5 11.134 3005.1 12.654 "" "" 0.0028420287469444637 0.010836215 0.00593175 0.016767964 53.366447177 51.53643642872 2168.55688 0.3899999999999999 -2.6300000000000003
53.41652504135 51.37912474415 0.0518 0.0441 4.6295 "" "" 442249316435998720 2305.58618 0.4345 0.0687 0.542 -2.276 0.073 0.061 1.121 5067.3 4.3275 16.921345 1.788078 17.716185 15.928106 "" "" 2015.55432 2749.90039 3209.28828 2.535 1119.3 13.504 3372.2 23.659 "" "" 0.0028857056160265016 0.013392925 0.00850345 0.021896375 53.41652504135 51.37912474415 2305.58618 0.542 -2.276
53.03944420328 51.54752059683 0.0514 0.0475 19.8756 "" "" 442312813232462848 1810.0658 0.5409 0.0716 -2.013 -1.42 0.085 0.076 1.042 5503.4 4.6612 16.930685 1.617209 17.67769 16.060482 "" "" 1590.53296 2128.39551 3181.80021 2.1826 1159.7 8.5018 2985.1 12.392 "" "" 0.002854203990898418 0.00843444 0.0058820555 0.0143164955 53.03944420328 51.54752059683 1810.0658 -2.013 -1.4199999999999997
53.06273538503 51.56615401234 0.0532 0.0521 19.573 "" "" 442313191189568768 1728.61707 0.5743 0.0779 15.37 -7.476 0.086 0.083 1.038 5488.3 4.7184 16.934752 1.648373 17.711502 16.06313 "" "" 1508.41125 1996.54407 3169.90468 2.2131 1124.1 7.4678 2977.9 9.9871 "" "" 0.0028576878066859323 0.0077337883 0.005248106 0.012981894 53.06273538503 51.56615401234 1728.61707 15.369999999999997 -7.476000000000001
53.30934648399 51.62191723421 0.046 0.042 14.8585 "" "" 442267458377733760 1883.13672 0.5224 0.067 4.953 -2.129 0.066 0.058 0.971 5773.1 4.6362 16.93844 1.640964 17.709867 16.068903 "" "" 1682.75073 2144.6062 3159.15348 1.9121 1125.8 7.3141 2962.1 13.006 "" "" 0.0028326021263250867 0.0075855996 0.0060836207 0.013669221 53.30934648399 51.62191723421 1883.13672 4.953 -2.129
53.75747792935 51.41907397004 0.0526 0.0481 8.647 "" "" 442341263096297856 1940.81982 0.5137 0.0752 3.444 -0.914 0.083 0.069 1.041 6084.0 4.4214 16.93976 1.984696 17.936546 15.95185 "" "" 1681.00598 2193.71265 3155.31511 2.0606 913.69 8.9429 3299.3 13.732 "" "" 0.0028450900896505346 0.01098702 0.0058910544 0.016878074 53.75747792935 51.41907397004 1940.81982 3.444 -0.9139999999999999
53.628808141 51.67781769334 0.0482 0.0465 16.2596 "" "" 442359473757298432 1990.43652 0.4889 0.0693 -4.361 3.385 0.063 0.062 0.917 4983.0 4.3198 16.939774 1.873666 17.865398 15.991733 "" "" 1771.72437 2322.0542 3155.27773 1.9035 975.57 6.1419 3180.3 16.729 "" "" 0.0028321036407269566 0.007383004 0.0068484563 0.01423146 53.628808141 51.67781769334 1990.43652 -4.360999999999999 3.385
53.35606395881 51.22473566838 0.0476 0.0459 13.0518 "" "" 442245811742814336 1888.95374 0.5233 0.0687 -0.577 -4.423 0.064 0.063 0.973 6515.3 4.3877 16.94418 1.832787 17.840395 16.007608 "" "" 1688.36108 2142.03491 3142.49693 1.9493 998.3 7.8016 3134.1 10.8 "" "" 0.002836436472976841 0.008931889 0.00531807 0.014249959 53.35606395881 51.22473566838 1888.95374 -0.5769999999999995 -4.423
53.25195220565 51.18159609283 0.0555 0.0516 17.3553 "" "" 442240004947084160 2103.18994 0.4868 0.0717 -2.557 -3.099 0.068 0.071 0.975 5759.6 4.6109 16.947622 1.723229 17.773264 16.050035 "" "" 1788.00391 2531.81494 3132.55017 1.8998 1062.0 6.8082 3014.0 8.6271 "" "" 0.0028329081197248406 0.0074987826 0.004893039 0.0123918215 53.25195220565 51.18159609283 2103.18994 -2.557 -3.099
53.62106187761 51.39918204907 0.0507 0.0458 3.6546 "" "" 442342500046886272 2113.1272 0.464 0.07 1.38 -0.775 0.077 0.065 0.973 8931.1 4.3597 16.951025 2.059266 17.999554 15.940288 "" "" 1830.16736 2495.72046 3122.74806 2.0324 862.18 8.9847 3334.6 9.5229 "" "" 0.0028444903884722746 0.011653315 0.0048885196 0.016541835 53.62106187761 51.39918204907 2113.1272 1.38 -0.7749999999999999
53.58183247463 51.43434830923 0.0566 0.0549 2.3909 "" "" 442342843644007552 2215.83691 0.4327 0.0717 -0.023 -1.991 0.085 0.079 1.002 4992.2 4.2644 16.953886 2.127136 18.049002 15.921865 "" "" 1908.34741 2570.57373 3114.52698 2.0965 823.79 8.1202 3391.7 10.397 "" "" 0.0028506013772810783 0.011059968 0.005035963 0.01609593 53.58183247463 51.43434830923 2215.83691 -0.0229999999999998 -1.991
53.0556570671 51.32549076318 0.0485 0.044 18.426 "" "" 442257180517587584 2141.99219 0.4526 0.071 4.367 0.565 0.064 0.062 0.972 5606.1 4.5797 16.960522 1.592024 17.702618 16.110594 "" "" 1903.23511 2510.07471 3095.54927 2.0311 1133.4 9.298 2850.5 11.551 "" "" 0.0028459250051787646 0.009333777 0.005800092 0.015133869 53.0556570671 51.32549076318 2141.99219 4.367 0.5649999999999997
53.61427417341 51.14759785223 0.0504 0.0473 16.3433 "" "" 442055493151604352 1848.04895 0.5245 0.0682 0.571 -1.337 0.068 0.069 0.991 9050.4 4.4911 16.96199 1.888615 17.893927 16.005312 "" "" 1666.04211 2105.57129 3091.3664 1.7854 950.27 10.338 3140.8 6.5143 "" "" 0.002825773187319291 0.012136811 0.0043994137 0.016536225 53.61427417341 51.14759785223 1848.04895 0.571 -1.3370000000000002
53.06005759474 51.41982025267 0.0488 0.0444 17.4572 "" "" 442258456127236608 2220.90015 0.4496 0.0726 -4.371 -4.649 0.068 0.066 1.01 5048.4 4.5508 16.962975 1.578707 17.700687 16.12198 "" "" 1884.52356 2621.03906 3088.56788 2.0747 1135.4 9.2494 2820.8 14.051 "" "" 0.0028502118682481935 0.009274474 0.0065979715 0.015872445 53.06005759474 51.41982025267 2220.90015 -4.371000000000001 -4.649
53.69400374562 51.52001294521 0.0522 0.0499 8.9079 "" "" 442345008307771264 2174.44727 0.4644 0.0715 1.153 0.121 0.073 0.071 1.0 8414.8 4.4894 16.969448 1.752661 17.808847 16.056187 "" "" 1882.93176 2521.94849 3070.20666 1.9498 1027.7 7.9762 2997.0 11.363 "" "" 0.002840286430811407 0.008876551 0.005588335 0.014464886 53.69400374562 51.52001294521 2174.44727 1.1530000000000002 0.12099999999999997
53.11173908023 51.60735237526 0.0487 0.0468 19.3371 "" "" 442313431707702912 1869.52893 0.5327 0.0683 -1.346 -4.009 0.073 0.072 0.97 4672.6 4.3673 16.972685 1.677115 17.774342 16.097227 "" "" 1673.88513 2096.76709 3061.0681 1.9872 1060.9 9.6506 2885.8 9.2578 "" "" 0.0028440453928009835 0.010263079 0.005139621 0.0154027 53.11173908023 51.60735237526 1869.52893 -1.3459999999999996 -4.009000000000001
53.47030977946 51.1279339365 0.0512 0.0526 17.3168 "" "" 442241718634578944 1939.16577 0.4931 0.0738 1.663 -2.586 0.072 0.079 1.003 4933.9 4.2375 16.97627 2.316213 18.209814 15.893601 "" "" 1692.5741 2242.83569 3050.9729 1.8975 710.38 5.8623 3481.1 9.658 "" "" 0.0028368571728494014 0.009384257 0.0048329644 0.014217221 53.47030977946 51.1279339365 1939.16577 1.663 -2.5860000000000003
53.46983759577 51.39314930478 0.0509 0.0463 2.475 "" "" 442249518296189440 2310.9209 0.4184 0.0703 1.096 -0.757 0.074 0.065 1.028 5222.3 4.5129 16.979874 1.692305 17.785673 16.093369 "" "" 2019.66736 2718.91748 3040.86482 1.85 1049.9 10.616 2896.1 7.9864 "" "" 0.0028333905646397753 0.011327371 0.0048216362 0.016149007 53.46983759577 51.39314930478 2310.9209 1.096 -0.7570000000000001
53.20716139535 51.32774576695 0.0519 0.0471 13.0428 "" "" 442259899235502464 2287.36621 0.4125 0.0739 0.875 -1.329 0.068 0.063 0.969 5554.1 4.6546 16.986528 1.551405 17.710014 16.15861 "" "" 1976.17664 2692.48926 3022.28694 1.8664 1125.7 7.9005 2727.2 7.2201 "" "" 0.0028357271332923833 0.008114788 0.004748266 0.012863054 53.20716139535 51.32774576695 2287.36621 0.8749999999999999 -1.3290000000000002
53.81359967821 51.18895028454 0.0508 0.046 17.2904 "" "" 442145962341947264 1871.90186 0.5142 0.0716 -1.029 -1.816 0.071 0.068 1.006 7442.5 4.3355 16.988094 2.189207 18.127935 15.938728 "" "" 1698.47473 2130.60352 3017.92919 1.8772 766.02 8.6749 3339.4 8.5784 "" "" 0.002836878652735469 0.012608174 0.004697099 0.017305274 53.81359967821 51.18895028454 1871.90186 -1.0289999999999995 -1.816
53.19490215401 51.28220388325 0.0512 0.048 14.7426 "" "" 442253160428029568 2183.02075 0.4425 0.0748 0.697 -1.217 0.067 0.069 0.974 5147.3 4.3785 16.990177 1.645123 17.773632 16.12851 "" "" 1814.20996 2612.37793 3012.14618 2.028 1061.6 7.6258 2803.8 9.8495 "" "" 0.002850639856686942 0.008283249 0.0053694546 0.013652704 53.19490215401 51.28220388325 2183.02075 0.697 -1.217
