Clusters/NGC_1348/NGC_1348_stars_in_region.tsv
# %ECSV 1.0
# ---
# datatype:
# - name: RA_ICRS_1
#   unit: deg
#   datatype: float64
#   format: '{:15.11f}'
#   description: Right ascension (ICRS) at Ep=2016.0 (ra)
#   meta: !!omap
#   - {ucd: POS_EQ_RA_MAIN}
#   - {width: 15}
#   - {precision: '11'}
# - name: DE_ICRS_1
#   unit: deg
#   datatype: float64
#   format: '{:15.11f}'
#   description: Declination (ICRS) at Ep=2016.0 (dec)
#   meta: !!omap
#   - {ucd: POS_EQ_DEC_MAIN}
#   - {width: 15}
#   - {precision: '11'}
# - name: e_RA_ICRS
#   unit: mas
#   datatype: float64
#   format: '{:7.4f}'
#   description: Standard error of right ascension (ra_error)
#   meta: !!omap
#   - {ucd: ERROR}
#   - {width: 7}
#   - {precision: '4'}
# - name: e_DE_ICRS
#   unit: mas
#   datatype: float64
#   format: '{:7.4f}'
#   description: Standard error of declination (dec_error)
#   meta: !!omap
#   - {ucd: ERROR}
#   - {width: 7}
#   - {precision: '4'}
# - name: _r_1
#   unit: ''
#   datatype: float64
#   format: '{:7.4f}'
#   description: Distance from center (053.52651303000+51.41439706000)[ICRS], at Epoch=J2016.0
#   meta: !!omap
#   - {ucd: POS_ANG_DIST_GENERAL}
#   - {width: 7}
#   - {precision: '4'}
# - name: HIP
#   datatype: int32
#   description: '? HIP cross-id number, van Leeuwen, Cat. I/311 (hip_original_ext_source_id)'
#   meta: !!omap
#   - {ucd: ID_NUMBER}
#   - {width: 6}
#   - values: {'null': -2147483648}
# - name: TYC2
#   datatype: string
#   description: Tycho-2 cross-id name, Hog et al., Cat. I/259 (tyc2_original_ext_source_id)
#   meta: !!omap
#   - {ucd: ID_CROSSID}
#   - {_votable_string_dtype: char}
# - name: Source
#   datatype: int64
#   description: Source identifier, identical to the Gaia-EDR3 source_id (id)
#   meta: !!omap
#   - {ucd: ID_MAIN}
#   - {width: 19}
# - name: rgeo
#   unit: pc
#   datatype: float64
#   format: '{:15.8f}'
#   description: '? Median of the geometric distance posterior (r_med_geo)'
#   meta: !!omap
#   - {ucd: PHYS_DISTANCE_TRUE}
#   - {width: 15}
#   - {precision: '8'}
#   - values: {'null': .nan}
# - name: Plx
#   unit: mas
#   datatype: float64
#   format: '{:9.4f}'
#   description: '? Parallax (parallax)'
#   meta: !!omap
#   - {ucd: POS_PARLX_TRIG}
#   - {width: 9}
#   - {precision: '4'}
#   - values: {'null': .nan}
# - name: e_Plx
#   unit: mas
#   datatype: float32
#   format: '{:7.4f}'
#   description: '? Standard error of parallax (parallax_error)'
#   meta: !!omap
#   - {ucd: ERROR}
#   - {width: 7}
#   - {precision: '4'}
#   - values: {'null': .nan}
# - name: pmRA
#   unit: mas / yr
#   datatype: float64
#   format: '{:9.3f}'
#   description: '? Proper motion in right ascension direction, pmRA*cosDE (pmra)'
#   meta: !!omap
#   - {ucd: POS_EQ_PMRA}
#   - {width: 9}
#   - {precision: '3'}
#   - values: {'null': .nan}
# - name: pmDE
#   unit: mas / yr
#   datatype: float64
#   format: '{:9.3f}'
#   description: '? Proper motion in declination direction (pmdec)'
#   meta: !!omap
#   - {ucd: POS_EQ_PMDEC}
#   - {width: 9}
#   - {precision: '3'}
#   - values: {'null': .nan}
# - name: e_pmRA
#   unit: mas / yr
#   datatype: float32
#   format: '{:6.3f}'
#   description: '? Standard error of proper motion in right ascension direction (pmra_error)'
#   meta: !!omap
#   - {ucd: ERROR}
#   - {width: 6}
#   - {precision: '3'}
#   - values: {'null': .nan}
# - name: e_pmDE
[...]
#         unit: &id001 !astropy.units.Unit {unit: deg}
#         value: !astropy.table.SerializedColumn {name: SkyCoord.dec}
#       distance: !astropy.table.SerializedColumn
#         __class__: astropy.coordinates.distances.Distance
#         unit: !astropy.units.Unit {unit: pc}
#         value: !astropy.table.SerializedColumn {name: SkyCoord.distance}
#       frame: icrs
#       obstime: !astropy.time.Time {format: jyear_str, in_subfmt: '*', jd1: 367701545.0, jd2: 0.0, out_subfmt: '*', precision: 3, scale: tt}
#       pm_dec: !astropy.table.SerializedColumn
#         __class__: astropy.units.quantity.Quantity
#         unit: !astropy.units.Unit {unit: mas / yr}
#         value: !astropy.table.SerializedColumn {name: SkyCoord.pm_dec}
#       pm_ra_cosdec: !astropy.table.SerializedColumn
#         __class__: astropy.units.quantity.Quantity
#         unit: !astropy.units.Unit {unit: mas / yr}
#         value: !astropy.table.SerializedColumn {name: SkyCoord.pm_ra_cosdec}
#       ra: !astropy.table.SerializedColumn
#         __class__: astropy.coordinates.angles.Longitude
#         unit: *id001
#         value: !astropy.table.SerializedColumn {name: SkyCoord.ra}
#         wrap_angle: !astropy.coordinates.Angle
#           unit: *id001
#           value: 360.0
#       representation_type: spherical
# schema: astropy-2.0
RA_ICRS_1 DE_ICRS_1 e_RA_ICRS e_DE_ICRS _r_1 HIP TYC2 Source rgeo Plx e_Plx pmRA pmDE e_pmRA e_pmDE RUWE Teff logg Gmag BP-RP BPmag RPmag RV e_RV b_rgeo B_rgeo FG e_FG FBP e_FBP FRP e_FRP RAVE5 RAVE6 e_Gmag e_BPmag e_RPmag e_BP-RP SkyCoord.ra SkyCoord.dec SkyCoord.distance SkyCoord.pm_ra_cosdec SkyCoord.pm_dec
[from data line 81]
53.12186643591 51.40672402981 0.0204 0.0187 15.1505 "" "" 442263537070641024 1696.81421 0.551 0.0283 -0.779 0.752 0.028 0.026 1.188 7480.8 4.0972 15.074593 1.238224 15.580799 14.342575 "" "" 1630.90674 1786.02026 17583.67347 6.4332 8000.1 22.458 14525.0 26.915 "" "" 0.0027838069014428264 0.004132156 0.004281518 0.008413674 53.12186643591 51.40672402981 1696.81421 -0.779 0.752
53.10596169254 51.48378498345 0.02 0.0187 16.2672 "" "" 442264778318253824 2245.59229 0.412 0.0286 0.452 -0.051 0.028 0.028 1.091 8055.2 3.9216 15.081363 1.533861 15.787164 14.253303 -21.59 7.81 2110.80444 2381.21094 17474.38251 5.0274 6615.3 13.439 15770.0 16.712 "" "" 0.0027729700471291587 0.0035566916 0.003950644 0.0075073354 53.10596169254 51.48378498345 2245.59229 0.45200000000000007 -0.050999999999999976
53.81964467928 51.55551892367 0.0228 0.0228 13.8437 "" "" 442351124341190144 2183.5686 0.4252 0.0333 0.892 -0.415 0.033 0.033 1.217 10809.7 4.1218 15.149517 1.426169 15.783349 14.35718 "" "" 2065.26758 2325.83398 16411.18135 9.9339 6638.6 20.645 14331.0 30.019 "" "" 0.0028326161949838715 0.0043801353 0.0044109044 0.00879104 53.81964467928 51.55551892367 2183.5686 0.892 -0.4149999999999999
53.47858962999 51.36495074862 0.0198 0.0185 3.4672 "" "" 442248697960703616 2274.8728 0.4135 0.0269 1.307 -0.991 0.027 0.026 1.095 9251.4 3.7873 15.151121 1.216533 15.672574 14.456041 "" "" 2134.23438 2425.57422 16386.96198 4.6295 7351.7 15.389 13084.0 13.709 "" "" 0.002772340940154379 0.0035986563 0.00394688 0.0075455364 53.47858962999 51.36495074862 2274.8728 1.307 -0.991
53.1575286392 51.45484584357 0.0198 0.0191 14.0134 "" "" 442264812678004352 2375.95459 0.3874 0.0297 -1.037 -0.708 0.027 0.025 1.053 5387.7 3.1613 15.159281 2.05528 16.205858 14.150578 11.67 4.31 2222.91943 2523.31104 16264.25901 5.4534 4498.6 9.773 17335.0 15.308 "" "" 0.0027792660146600825 0.0036535691 0.0038991007 0.00755267 53.1575286392 51.45484584357 2375.95459 -1.0369999999999997 -0.708
53.55619791767 51.35147710351 0.0195 0.0184 3.9355 "" "" 442248491803000832 2016.69934 0.4573 0.0275 1.234 -0.698 0.028 0.027 1.01 "" "" 15.168927 1.231854 15.697824 14.46597 "" "" 1915.77942 2133.56982 16120.40442 4.181 7182.7 11.79 12965.0 13.535 "" "" 0.0027696726282684103 0.0033107696 0.0039456915 0.0072564613 53.55619791767 51.35147710351 2016.69934 1.234 -0.6980000000000001
53.51462937519 51.39349944971 0.0207 0.0184 1.3304 "" "" 442248835399627648 2107.74585 0.4392 0.0282 1.097 -0.841 0.029 0.026 0.962 9478.3 3.8496 15.184186 1.322287 15.761296 14.43901 "" "" 1987.65515 2255.51172 15895.42738 3.9316 6774.8 11.56 13291.0 14.642 "" "" 0.002768376288619293 0.0033492146 0.003964137 0.007313351 53.51462937519 51.39349944971 2107.74585 1.097 -0.841
53.25456520679 51.55921015556 0.0198 0.0175 13.369 "" "" 442266702463525632 2465.3833 0.3719 0.0276 0.346 -1.529 0.027 0.024 1.047 10055.0 4.0061 15.189832 1.149492 15.635526 14.486033 "" "" 2267.23633 2639.24072 15812.99366 4.9608 7606.9 34.774 12728.0 48.756 "" "" 0.002776293754765716 0.0056938105 0.0056197215 0.011313532 53.25456520679 51.55921015556 2465.3833 0.3459999999999999 -1.5290000000000001
53.57275083459 51.40025920516 0.0214 0.0194 1.9273 "" "" 442342637485841664 2333.57397 0.3934 0.0304 -2.977 -1.038 0.031 0.029 1.038 5177.9 2.8129 15.205332 2.456099 16.537086 14.080988 -40.23 4.6 2148.25122 2514.11133 15588.84245 4.7869 3315.8 13.158 18483.0 25.811 "" "" 0.002775417905977592 0.0051330496 0.004072173 0.009205222 53.57275083459 51.40025920516 2333.57397 -2.977 -1.038
53.50994988457 51.35006116497 0.1131 0.1046 3.9097 "" "" 442248423082801280 1848.68274 0.5497 0.1468 -0.325 0.704 0.156 0.147 5.471 "" "" 15.236055 1.816478 16.09306 14.276582 5.02 7.01 1455.52087 2529.3291 15153.90576 14.643 4991.1 11.849 15436.0 14.485 "" "" 0.0029482987384190874 0.0037985381 0.0039143036 0.007712842 53.50994988457 51.35006116497 1848.68274 -0.32500000000000007 0.704
53.30493461958 51.39901917812 0.0206 0.0186 8.3442 "" "" 442259830515949056 1995.88379 0.459 0.0283 0.048 -2.294 0.029 0.026 0.978 6477.7 3.8755 15.254312 1.577876 15.984715 14.406838 "" "" 1894.37988 2107.01123 14901.22355 3.7229 5514.8 14.977 13691.0 16.564 "" "" 0.002768640588241842 0.0040594866 0.00400115 0.008060636 53.30493461958 51.39901917812 1995.88379 0.04799999999999993 -2.2940000000000005
53.71894098845 51.50791861158 0.0212 0.0202 9.1232 "" "" 442344939588295040 2197.95068 0.4218 0.03 0.763 -0.353 0.03 0.029 1.012 9224.1 3.9656 15.256866 1.618828 16.00878 14.389952 "" "" 2047.48853 2338.82544 14866.21052 3.9641 5393.9 10.921 13905.0 15.808 "" "" 0.002770488655228247 0.0035521123 0.0039758384 0.0075279507 53.71894098845 51.50791861158 2197.95068 0.7630000000000001 -0.3530000000000001
53.47653108173 51.31894070808 0.0207 0.0196 6.0257 "" "" 442248010765972224 1721.47913 0.5453 0.0283 2.616 -1.504 0.029 0.028 1.05 "" "" 15.288488 2.10297 16.366766 14.263796 22.31 10.98 1643.13977 1800.92957 14439.47251 4.3886 3878.9 12.561 15619.0 13.956 "" "" 0.0027750102509339182 0.004488518 0.0039019084 0.008390427 53.47653108173 51.31894070808 1721.47913 2.6159999999999997 -1.504
53.22385781773 51.36983496755 0.0209 0.0196 11.6423 "" "" 442260105393898240 1986.68005 0.4681 0.0298 1.738 -1.677 0.029 0.027 0.934 7139.6 3.9873 15.288629 1.647462 16.063469 14.416007 "" "" 1869.44507 2143.78369 14437.6077 4.073 5129.0 8.8885 13575.0 14.714 "" "" 0.002772292838040379 0.0033653155 0.0039583663 0.007323682 53.22385781773 51.36983496755 1986.68005 1.738 -1.677
53.19954396733 51.35225837927 0.0242 0.0221 12.7989 "" "" 442260071035320192 1849.62561 0.509 0.0338 2.249 -1.456 0.032 0.03 1.026 6418.5 3.8691 15.291623 1.595453 16.038275 14.442822 -48.81 6.34 1744.26758 1978.8075 14397.84844 4.0603 5249.4 11.089 13244.0 14.063 "" "" 0.002772280477777255 0.0036118403 0.00395131 0.0075631505 53.19954396733 51.35225837927 1849.62561 2.2489999999999997 -1.456
53.56418829709 51.38352372443 0.0235 0.0206 2.3282 "" "" 442342392669296768 2317.65698 0.3989 0.0321 0.67 -1.223 0.034 0.03 1.037 10198.6 3.6583 15.32515 1.391844 15.833073 14.441229 "" "" 2162.55615 2542.89771 13960.04623 6.9459 6341.4 92.6 13264.0 187.23 "" "" 0.0028077786148765532 0.016098056 0.015784997 0.031883053 53.56418829709 51.38352372443 2317.65698 0.6700000000000002 -1.2230000000000003
53.0567121751 51.49959324889 0.0214 0.0203 18.2927 "" "" 442311748080602240 2277.84424 0.4027 0.0306 -0.703 0.268 0.031 0.031 1.013 7495.6 4.008 15.325219 1.605071 16.072165 14.467093 "" "" 2133.65454 2453.91968 13959.15953 4.2688 5088.0 12.742 12952.0 12.734 "" "" 0.0027752531466286364 0.0038959207 0.0039272383 0.007823159 53.0567121751 51.49959324889 2277.84424 -0.7030000000000001 0.26799999999999996
53.36834641126 51.48774239567 0.0244 0.0207 7.3717 "" "" 442262716733897344 2247.89331 0.4057 0.0345 1.239 -0.819 0.035 0.028 1.04 9048.0 4.0653 15.370863 1.469548 16.036034 14.566485 "" "" 2089.78247 2413.91455 13384.47735 3.6985 5260.2 13.704 11819.0 11.474 "" "" 0.0027716061571828655 0.0039731534 0.0039236126 0.007896766 53.36834641126 51.48774239567 2247.89331 1.2390000000000003 -0.819
53.68126042327 51.09333521636 0.0238 0.0225 20.1211 "" "" 442051404342743808 2474.03613 0.3628 0.0313 6.502 1.223 0.031 0.032 1.073 6758.4 3.2818 15.402311 2.447383 16.722471 14.275088 -53.6 8.74 2318.39062 2781.04321 13002.36542 4.152 2795.3 8.7032 15457.0 16.764 "" "" 0.0027770475877212297 0.0043832073 0.0039585773 0.008341785 53.68126042327 51.09333521636 2474.03613 6.502000000000001 1.2230000000000003
53.56257507421 51.65387374709 0.0231 0.0215 14.4315 "" "" 442359130159932928 1916.75659 0.4772 0.032 2.716 -1.511 0.03 0.028 1.009 6086.5 3.2842 15.418798 2.382301 16.695461 14.31316 9.81 4.74 1802.57214 2026.57629 12806.41256 4.9304 2865.7 12.525 14924.0 16.314 "" "" 0.0027868468870574934 0.0055048806 0.0039613587 0.009466239 53.56257507421 51.65387374709 1916.75659 2.716 -1.5109999999999997
53.34012655284 51.26111015184 0.0233 0.021 11.5499 "" "" 442246464577817856 2396.84375 0.3865 0.0315 0.976 -1.806 0.031 0.03 0.994 7495.5 3.8363 15.419809 1.49659 16.10485 14.608261 "" "" 2237.61914 2634.30054 12794.49122 4.0364 4937.2 12.892 11372.0 13.107 "" "" 0.0027765292196021674 0.0039777723 0.003981167 0.007958939 53.34012655284 51.26111015184 2396.84375 0.9759999999999999 -1.806
53.56052557218 51.36200510118 0.024 0.0218 3.3917 "" "" 442342328248849024 2138.12866 0.4362 0.0333 0.54 -1.645 0.035 0.032 1.015 9259.5 4.1061 15.42291 1.52095 16.117071 14.596121 "" "" 2009.60107 2325.96924 12758.01026 4.5139 4881.9 16.051 11500.0 17.783 "" "" 0.0027819697123478856 0.0045307996 0.0041355193 0.008666319 53.56052557218 51.36200510118 2138.12866 0.54 -1.645
53.54882052473 51.39340552731 0.0232 0.021 1.5111 "" "" 442342603125845120 1867.64868 0.5105 0.0317 1.411 -0.551 0.033 0.03 0.985 7983.6 3.6662 15.440311 1.376985 16.048407 14.671421 "" "" 1759.86792 1984.10864 12555.17274 4.5398 5200.6 10.485 10730.0 17.372 "" "" 0.002783148519472303 0.003546354 0.004168172 0.007714526 53.54882052473 51.39340552731 1867.64868 1.411 -0.5509999999999999
53.713940871 51.53447278404 0.024 0.0234 10.0483 "" "" 442345042667506816 2169.79419 0.4323 0.0343 1.108 -0.186 0.034 0.033 1.06 "" "" 15.44629 1.26829 15.993287 14.724998 "" "" 2028.64294 2362.56299 12486.21239 4.5462 5471.4 9.1936 10213.0 16.924 "" "" 0.0027835341752597414 0.0033336694 0.0041857813 0.007519451 53.713940871 51.53447278404 2169.79419 1.108 -0.18599999999999994
53.45347608822 51.51839580399 0.0233 0.0211 6.811 "" "" 442356656258825472 2392.52295 0.3884 0.0331 0.105 -2.29 0.033 0.029 0.974 10024.4 4.2716 15.449444 1.310645 16.021011 14.710366 "" "" 2202.26489 2537.60278 12449.99752 3.897 5333.5 10.721 10352.0 11.358 "" "" 0.002776200003272625 0.003542344 0.0039626756 0.0075050197 53.45347608822 51.51839580399 2392.52295 0.1050000000000001 -2.29
53.68127375651 51.6393017105 0.0233 0.0222 14.6789 "" "" 442358374245679616 2124.11377 0.432 0.0329 0.168 -2.273 0.031 0.03 1.099 7468.3 3.9211 15.450255 1.902989 16.387302 14.484313 "" "" 1999.39246 2276.91846 12440.69305 4.0369 3806.2 10.138 12748.0 9.2235 "" "" 0.002777753286651068 0.0040184823 0.003860159 0.007878642 53.68127375651 51.6393017105 2124.11377 0.16800000000000004 -2.273
53.4477990321 51.52088847387 0.0231 0.0215 7.0343 "" "" 442356656258825216 1984.44202 0.4664 0.0336 3.248 -5.895 0.032 0.029 1.124 6872.8 3.978 15.466199 1.814931 16.345388 14.530458 "" "" 1858.74695 2116.37769 12259.34113 3.6045 3956.0 8.8205 12217.0 11.017 "" "" 0.002773751340641878 0.0036939657 0.0039041447 0.0075981105 53.4477990321 51.52088847387 1984.44202 3.2479999999999993 -5.895
53.86069442425 51.51488176385 0.0225 0.0216 13.8705 "" "" 442347894525787648 1761.9884 0.535 0.0331 1.91 -3.232 0.034 0.031 0.994 6981.5 3.4937 15.467481 1.909173 16.410988 14.501815 "" "" 1671.23779 1872.13452 12244.87691 4.4539 3724.1 9.6208 12544.0 14.905 "" "" 0.0027834784120930843 0.003956311 0.0039935024 0.007949813 53.86069442425 51.51488176385 1761.9884 1.9099999999999997 -3.232
53.57444497518 51.21828551644 0.0233 0.0206 11.9032 "" "" 442243612720163456 1863.96558 0.4958 0.0304 1.21 -0.792 0.032 0.031 1.004 9707.6 3.8563 15.474722 1.692544 16.259087 14.566543 "" "" 1750.94788 1957.10303 12163.48501 3.6029 4283.3 12.521 11818.0 27.016 "" "" 0.0027740254368908823 0.0042259083 0.0045215087 0.0087474175 53.57444497518 51.21828551644 1863.96558 1.21 -0.792
53.37527695147 51.18718029896 0.0228 0.0226 14.7664 "" "" 442242719366386304 1909.97986 0.4898 0.0339 -0.506 -2.194 0.03 0.032 1.074 7887.2 4.0953 15.475923 1.691582 16.278187 14.586605 "" "" 1809.86365 2077.07568 12150.04147 4.2909 4208.6 11.775 11602.0 15.583 "" "" 0.002781872384178202 0.0041246554 0.004050966 0.008175621 53.37527695147 51.18718029896 1909.97986 -0.5059999999999999 -2.194
53.30126876284 51.55366076475 0.0223 0.0204 11.8595 "" "" 442266255786922496 2050.396 0.449 0.0322 -1.562 1.369 0.031 0.028 0.998 7985.9 4.0924 15.487108 1.476972 16.15871 14.681739 "" "" 1937.94104 2196.78271 12025.51281 3.3581 4698.2 14.727 10628.0 14.599 "" "" 0.002771951178696713 0.0044008936 0.004063006 0.0084639 53.30126876284 51.55366076475 2050.396 -1.562 1.3690000000000002
53.31176952501 51.35179775963 0.0238 0.022 8.8753 "" "" 442259521278339200 1892.95007 0.5018 0.0336 2.368 -2.635 0.033 0.031 0.971 6697.3 3.9297 15.519691 1.723997 16.344238 14.620241 "" "" 1735.42932 2034.06067 11669.97914 3.6656 3960.2 11.679 11248.0 10.063 "" "" 0.0027763455237342473 0.004247052 0.003902211 0.008149263 53.31176952501 51.35179775963 1892.95007 2.3679999999999994 -2.635
53.03172687782 51.53749051047 0.0261 0.0252 19.9108 "" "" 442312778872731776 2001.42371 0.4831 0.036 -2.597 2.955 0.044 0.042 0.982 7024.1 3.9646 15.538217 1.657371 16.320436 14.663066 "" "" 1830.37451 2172.93848 11472.55059 13.811 4048.0 23.574 10813.0 40.705 "" "" 0.003049614301479373 0.006911169 0.00556677 0.012477939 53.03172687782 51.53749051047 2001.42371 -2.597 2.9550000000000005
53.86818271108 51.68118591901 0.0246 0.0235 20.4634 "" "" 442352979767041536 1784.03088 0.5111 0.0336 9.256 -10.074 0.033 0.035 1.0 5165.4 2.9793 15.539633 2.600088 16.979813 14.379725 68.03 8.79 1701.07971 1885.75317 11457.59424 4.5664 2205.4 12.646 14037.0 17.05 "" "" 0.002789091995458247 0.00682237 0.0040028645 0.010825234 53.86818271108 51.68118591901 1784.03088 9.256 -10.073999999999998
53.37312561844 51.32619593036 0.0253 0.0224 7.8113 "" "" 442247461010177408 1832.47791 0.5223 0.0351 3.525 -2.987 0.035 0.03 1.003 6614.7 3.9809 15.557063 1.688317 16.360664 14.672347 "" "" 1726.48242 1940.58875 11275.12867 3.9134 3900.8 10.124 10721.0 11.388 "" "" 0.002780970661825634 0.00396554 0.003951429 0.007916968 53.37312561844 51.32619593036 1832.47791 3.5249999999999995 -2.987
53.65396038278 51.13986196336 0.0255 0.0228 17.1526 "" "" 442055080834743424 2219.34937 0.411 0.0335 -0.6 -3.025 0.033 0.032 1.057 7126.3 3.0904 15.579439 2.121656 16.66495 14.543294 "" "" 2075.71826 2365.30469 11045.1356 3.7372 2947.4 12.532 12074.0 19.787 "" "" 0.0027797027876126606 0.0053941086 0.004177283 0.009571392 53.65396038278 51.13986196336 2219.34937 -0.6000000000000003 -3.0249999999999995
53.34908266482 51.53060602328 0.024 0.0211 9.6223 "" "" 442265946549281664 2460.57788 0.3865 0.0339 1.978 -0.105 0.032 0.029 0.975 7965.6 4.1515 15.589214 1.578526 16.320946 14.742419 "" "" 2250.3689 2672.18213 10946.13727 3.4364 4046.1 13.322 10051.0 11.98 "" "" 0.0027763231370146117 0.0045348164 0.003994803 0.008529619 53.34908266482 51.53060602328 2460.57788 1.9779999999999998 -0.10500000000000012
53.08409229458 51.22628235749 0.0267 0.0237 20.0653 "" "" 442252546251593856 2176.98535 0.4255 0.0375 1.032 -0.316 0.034 0.032 1.061 8132.0 4.2997 15.599065 1.597393 16.336807 14.739414 "" "" 2025.71606 2396.9314 10847.283 3.8507 3987.4 9.2416 10078.0 13.692 "" "" 0.0027821473694463407 0.0037573096 0.004057043 0.007814353 53.08409229458 51.22628235749 2176.98535 1.032 -0.316
53.3665068797 51.24010215237 0.0258 0.0254 12.0562 "" "" 442246189699920896 2246.41675 0.4083 0.0354 -0.642 0.9 0.035 0.037 0.987 8046.2 4.2572 15.601686 1.690552 16.403692 14.71314 "" "" 2067.74829 2441.84497 10821.11733 3.4981 3749.2 13.458 10325.0 11.922 "" "" 0.00277758483719631 0.0047931373 0.003981886 0.008775024 53.3665068797 51.24010215237 2246.41675 -0.6420000000000001 0.9000000000000001
53.63360137234 51.41215083744 0.0263 0.0235 4.0097 "" "" 442342878004006016 1818.94202 0.5066 0.0368 1.218 -0.897 0.041 0.034 0.993 9439.9 3.8753 15.605242 1.533348 16.30768 14.774332 "" "" 1698.15308 1957.22546 10785.74026 3.6345 4095.9 9.7633 9759.5 9.8073 "" "" 0.0027795045360445468 0.003805656 0.0039337166 0.0077393726 53.63360137234 51.41215083744 1818.94202 1.2180000000000002 -0.897
