Clusters/NGC_1348/NGC_1348_members.tsv
# %ECSV 1.0
# ---
# datatype:
# - name: RA_ICRS_1
#   unit: deg
#   datatype: float64
#   format: '{:15.11f}'
#   description: Right ascension (ICRS) at Ep=2016.0 (ra)
#   meta: !!omap
#   - {ucd: POS_EQ_RA_MAIN}
#   - {width: 15}
#   - {precision: '11'}
# - name: DE_ICRS_1
#   unit: deg
#   datatype: float64
#   format: '{:15.11f}'
#   description: Declination (ICRS) at Ep=2016.0 (dec)
#   meta: !!omap
#   - {ucd: POS_EQ_DEC_MAIN}
#   - {width: 15}
#   - {precision: '11'}
# - name: e_RA_ICRS
#   unit: mas
#   datatype: float64
#   format: '{:7.4f}'
#   description: Standard error of right ascension (ra_error)
#   meta: !!omap
#   - {ucd: ERROR}
#   - {width: 7}
#   - {precision: '4'}
# - name: e_DE_ICRS
#   unit: mas
#   datatype: float64
#   format: '{:7.4f}'
#   description: Standard error of declination (dec_error)
#   meta: !!omap
#   - {ucd: ERROR}
#   - {width: 7}
#   - {precision: '4'}
# - name: _r_1
#   unit: ''
#   datatype: float64
#   format: '{:7.4f}'
#   description: Distance from center (053.52651303000+51.41439706000)[ICRS], at Epoch=J2016.0
#   meta: !!omap
#   - {ucd: POS_ANG_DIST_GENERAL}
#   - {width: 7}
#   - {precision: '4'}
# - name: HIP
#   datatype: int32
#   description: '? HIP cross-id number, van Leeuwen, Cat. I/311 (hip_original_ext_source_id)'
#   meta: !!omap
#   - {ucd: ID_NUMBER}
#   - {width: 6}
#   - values: {'null': -2147483648}
# - name: TYC2
#   datatype: string
#   description: Tycho-2 cross-id name, Hog et al., Cat. I/259 (tyc2_original_ext_source_id)
#   meta: !!omap
#   - {ucd: ID_CROSSID}
#   - {_votable_string_dtype: char}
# - name: Source
#   datatype: int64
#   description: Source identifier, identical to the Gaia-EDR3 source_id (id)
#   meta: !!omap
#   - {ucd: ID_MAIN}
#   - {width: 19}
# - name: rgeo
#   unit: pc
#   datatype: float64
#   format: '{:15.8f}'
#   description: '? Median of the geometric distance posterior (r_med_geo)'
#   meta: !!omap
#   - {ucd: PHYS_DISTANCE_TRUE}
#   - {width: 15}
#   - {precision: '8'}
#   - values: {'null': .nan}
# - name: Plx
#   unit: mas
#   datatype: float64
#   format: '{:9.4f}'
#   description: '? Parallax (parallax)'
#   meta: !!omap
#   - {ucd: POS_PARLX_TRIG}
#   - {width: 9}
#   - {precision: '4'}
#   - values: {'null': .nan}
# - name: e_Plx
#   unit: mas
#   datatype: float32
#   format: '{:7.4f}'
#   description: '? Standard error of parallax (parallax_error)'
#   meta: !!omap
#   - {ucd: ERROR}
#   - {width: 7}
#   - {precision: '4'}
#   - values: {'null': .nan}
# - name: pmRA
#   unit: mas / yr
#   datatype: float64
#   format: '{:9.3f}'
#   description: '? Proper motion in right ascension direction, pmRA*cosDE (pmra)'
#   meta: !!omap
#   - {ucd: POS_EQ_PMRA}
#   - {width: 9}
#   - {precision: '3'}
#   - values: {'null': .nan}
# - name: pmDE
#   unit: mas / yr
#   datatype: float64
#   format: '{:9.3f}'
#   description: '? Proper motion in declination direction (pmdec)'
#   meta: !!omap
#   - {ucd: POS_EQ_PMDEC}
#   - {width: 9}
#   - {precision: '3'}
#   - values: {'null': .nan}
# - name: e_pmRA
#   unit: mas / yr
#   datatype: float32
#   format: '{:6.3f}'
#   description: '? Standard error of proper motion in right ascension direction (pmra_error)'
#   meta: !!omap
#   - {ucd: ERROR}
#   - {width: 6}
#   - {precision: '3'}
#   - values: {'null': .nan}
# - name: e_pmDE
[...]
#       distance: !astropy.table.SerializedColumn
#         __class__: astropy.coordinates.distances.Distance
#         unit: !astropy.units.Unit {unit: pc}
#         value: !astropy.table.SerializedColumn {name: SkyCoord.distance}
#       frame: icrs
#       obstime: !astropy.time.Time {format: jyear_str, in_subfmt: '*', jd1: 367701545.0, jd2: 0.0, out_subfmt: '*', precision: 3, scale: tt}
#       pm_dec: !astropy.table.SerializedColumn
#         __class__: astropy.units.quantity.Quantity
#         unit: !astropy.units.Unit {unit: mas / yr}
#         value: !astropy.table.SerializedColumn {name: SkyCoord.pm_dec}
#       pm_ra_cosdec: !astropy.table.SerializedColumn
#         __class__: astropy.units.quantity.Quantity
#         unit: !astropy.units.Unit {unit: mas / yr}
#         value: !astropy.table.SerializedColumn {name: SkyCoord.pm_ra_cosdec}
#       ra: !astropy.table.SerializedColumn
#         __class__: astropy.coordinates.angles.Longitude
#         unit: *id001
#         value: !astropy.table.SerializedColumn {name: SkyCoord.ra}
#         wrap_angle: !astropy.coordinates.Angle
#           unit: *id001
#           value: 360.0
#       representation_type: spherical
# schema: astropy-2.0
RA_ICRS_1 DE_ICRS_1 e_RA_ICRS e_DE_ICRS _r_1 HIP TYC2 Source rgeo Plx e_Plx pmRA pmDE e_pmRA e_pmDE RUWE Teff logg Gmag BP-RP BPmag RPmag RV e_RV b_rgeo B_rgeo FG e_FG FBP e_FBP FRP e_FRP RAVE5 RAVE6 e_Gmag e_BPmag e_RPmag e_BP-RP SkyCoord.ra SkyCoord.dec SkyCoord.distance SkyCoord.pm_ra_cosdec SkyCoord.pm_dec rmRA rmDE e_rmRA e_rmDE rRV e_rRV v_pec v_pec3d e_vpec e_vpec3d Pmemb
53.56205725922 51.41308777352 0.0111 0.0105 1.3324 "" "" 442342706205058304 2041.3147 0.4726 0.0146 1.289 -0.891 0.016 0.015 1.046 15001.1 3.5431 12.079477 1.353523 12.677147 11.323624 "" "" 1987.71326 2108.06055 277431.61009 55.369 116030.0 93.361 234270.0 94.18 "" "" 0.0027638276228766517 0.002923739 0.003804503 0.006728242 53.56205725922 51.41308777352 2041.3147 1.2890000000000006 -0.891 0.0512187137603759 -0.08556249475479127 0.070388496 0.069388494 "" "" 0.9648845474277555 "" 0.06720777273111811 "" 1.0
53.42832885815 51.37654514802 0.0107 0.0097 4.3207 "" "" 442249316435997952 1908.62842 0.502 0.0144 1.143 -0.837 0.015 0.013 1.023 15000.9 3.7235 12.604684 0.997439 13.012365 12.014926 4.88 17.83 1846.33972 1966.53967 171030.31514 39.107 85206.0 69.065 123930.0 57.322 "" "" 0.002766481904278156 0.0029256714 0.0038126006 0.006738272 53.42832885815 51.37654514802 1908.62842 1.1429999999999998 -0.8370000000000001 -0.09478128623962401 -0.031562494754791226 0.069388494 0.06738849 23.7075 20.073124 0.903770388022164 23.724720381160783 0.06253318097829179 20.058554171577356 1.0
53.45761454931 51.3766545596 0.0091 0.0085 3.4324 "" "" 442249483934777728 1944.49121 0.4933 0.0122 1.148 -0.753 0.013 0.012 0.909 "" "" 12.729125 1.069286 13.171645 12.102359 -47.96 17.4 1899.12378 1998.74121 152509.40367 58.821 73580.0 94.424 114340.0 138.81 "" "" 0.002786959851515004 0.0031187104 0.0040026368 0.007121347 53.45761454931 51.3766545596 1944.49121 1.1479999999999986 -0.7529999999999992 -0.08978128623962411 0.05243750524520874 0.06738849 0.066388495 -29.1325 19.643124 0.9583069363494245 29.148257382462088 0.06433646025694414 19.63250477953756 1.0
53.52462432407 51.43183692242 0.011 0.0094 1.0488 "" "" 442343530838778240 1980.41968 0.4814 0.0152 1.158 -0.774 0.016 0.013 0.975 15000.6 3.7529 12.764908 1.162461 13.257628 12.095167 -1.05 30.65 1933.79565 2046.07568 147565.14308 28.724 67978.0 56.526 115100.0 54.126 "" "" 0.0027634136079170038 0.0029326002 0.003813713 0.0067463135 53.52462432407 51.43183692242 1980.41968 1.1579999999999986 -0.774 -0.0797812862396241 0.03143750524520872 0.070388496 0.06738849 17.7775 32.893124 0.8049683323730104 17.795715222101173 0.05634195976380523 32.859455196629774 1.0
53.56100247997 51.4025617333 0.0105 0.0095 1.4732 "" "" 442342637485582208 2076.02808 0.4469 0.0142 1.34 -0.709 0.015 0.013 1.082 "" "" 13.209757 1.26623 13.757694 12.491465 "" "" 2023.46912 2137.54321 97958.94458 40.641 42888.0 54.811 79905.0 94.704 "" "" 0.00279189769012336 0.0031161532 0.003992448 0.0071086013 53.56100247997 51.4025617333 2076.02808 1.3400000000000007 -0.7090000000000001 0.10221871376037606 0.09643750524520878 0.069388494 0.06738849 "" "" 1.3828738273035905 "" 0.09466314233805417 "" 0.9
53.55181742496 51.39474925289 0.0128 0.0113 1.5122 "" "" 442342603125844992 2154.76514 0.4261 0.0175 1.183 -0.81 0.018 0.016 1.165 11721.5 3.8291 13.630944 1.239197 14.163801 12.924604 "" "" 2070.75854 2243.2749 66461.34311 16.698 29505.0 28.763 53619.0 23.976 "" "" 0.00276879048782036 0.0029841792 0.003810437 0.006794616 53.55181742496 51.39474925289 2154.76514 1.1829999999999998 -0.81 -0.05478128623962397 -0.004562494754791313 0.07238849 0.070388496 "" "" 0.5614505985682061 "" 0.04063493326648872 "" 1.0
53.4533522225 51.39061062918 0.0119 0.0109 3.088 "" "" 442249728752841216 2125.82764 0.4371 0.0161 1.203 -0.734 0.017 0.015 1.024 10695.3 3.889 13.660021 1.16899 14.155806 12.986815 "" "" 2059.73804 2187.61523 64705.08273 12.274 29723.0 20.821 50633.0 22.388 "" "" 0.0027630068410245683 0.0028919715 0.00380975 0.006701722 53.4533522225 51.39061062918 2125.82764 1.2030000000000003 -0.7340000000000007 -0.034781286239623954 0.07143750524520875 0.0713885 0.069388494 "" "" 0.8006195275362658 "" 0.055864175840809265 "" 1.0
53.53925676643 51.40379180659 0.0135 0.0126 0.7952 "" "" 442342671845321088 2000.55115 0.4664 0.0173 1.264 -0.809 0.018 0.017 1.016 15002.8 3.9115 13.79435 1.265212 14.341661 13.076449 "" "" 1941.09851 2063.89038 57175.1146 16.642 25047.0 28.078 46621.0 34.138 "" "" 0.002773384541883725 0.0030440826 0.003862097 0.0069061797 53.53925676643 51.40379180659 2000.55115 1.2640000000000002 -0.8090000000000002 0.02621871376037599 -0.003562494754791312 0.07238849 0.0713885 "" "" 0.25090647071370814 "" 0.01815822372161348 "" 0.9
53.63311803572 51.42226606993 0.0127 0.0109 4.0168 "" "" 442342878004004608 2258.49072 0.4079 0.017 1.244 -0.796 0.019 0.016 1.007 15000.9 3.9074 13.825647 1.516119 14.519001 13.002882 -31.18 5.9 2171.7207 2369.21509 55550.49431 17.985 21272.0 28.734 49889.0 36.719 "" "" 0.0027776525874792634 0.003152137 0.0038629412 0.0070150783 53.63311803572 51.42226606993 2258.49072 1.2439999999999996 -0.7960000000000003 0.006218713760375971 0.0094375052452087 0.073388495 0.070388496 -12.3525 8.143126 0.12099244373091157 12.353092544842362 0.008627977765078308 8.142734930522398 1.0
53.56193896285 51.36971531072 0.0126 0.0114 2.991 "" "" 442342328248199936 2173.59741 0.4217 0.0173 1.215 -0.776 0.018 0.017 1.086 11102.4 3.6765 13.96994 1.395155 14.590927 13.195772 "" "" 2103.98169 2266.82935 48637.44307 9.3559 19909.0 19.069 41769.0 22.894 "" "" 0.00276322432387509 0.0029776662 0.0038259474 0.0068036136 53.56193896285 51.36971531072 2173.59741 1.215 -0.776 -0.022781286239623944 0.029437505245208717 0.07238849 0.0713885 "" "" 0.38350332493634104 "" 0.027522000378253288 "" 1.0
53.52174866062 51.39895677084 0.0138 0.0122 0.9434 "" "" 442248835399622656 2221.05615 0.4141 0.0188 1.275 -0.875 0.019 0.017 0.991 11334.9 4.1297 14.137909 1.315993 14.714357 13.398364 "" "" 2136.052 2322.12061 41666.12667 9.2128 17769.0 22.091 34659.0 17.432 "" "" 0.0027657587863302883 0.0030995272 0.0038186293 0.0069181565 53.52174866062 51.39895677084 2221.05615 1.2749999999999995 -0.875 0.03721871376037589 -0.06956249475479126 0.073388495 0.0713885 "" "" 0.8305747398508052 "" 0.059667183800732194 "" 1.0
53.50304009353 51.38381614329 0.0141 0.0127 2.0344 "" "" 442248801039899264 2066.00146 0.4503 0.0195 1.215 -0.776 0.02 0.018 1.001 10439.4 3.807 14.295683 1.163796 14.787528 13.623732 "" "" 1991.21204 2146.34961 36030.76056 7.2101 16611.0 20.114 28162.0 16.704 "" "" 0.0027638730087487353 0.003084394 0.0038338562 0.00691825 53.50304009353 51.38381614329 2066.00146 1.2149999999999996 -0.7759999999999987 -0.022781286239623944 0.029437505245208717 0.07438849 0.07238849 "" "" 0.3645194025297145 "" 0.026662420799536162 "" 1.0
53.52595839895 51.40014550423 0.0152 0.0134 0.8553 "" "" 442342671845321984 2274.37378 0.4061 0.0206 1.263 -0.786 0.021 0.019 1.037 10214.9 3.6419 14.415461 1.317977 14.992095 13.674118 "" "" 2162.63208 2388.9375 32267.29543 7.7725 13759.0 17.938 26885.0 17.01 "" "" 0.0027677044012674556 0.0031286902 0.0038413035 0.006969994 53.52595839895 51.40014550423 2274.37378 1.263 -0.786 0.025218713760375877 0.019437505245208708 0.07538849 0.073388495 "" "" 0.3432545903412535 "" 0.025623752291908962 "" 1.0
53.57444631835 51.36664598956 0.0159 0.0138 3.3807 "" "" 442342328248199808 2220.12378 0.4172 0.0216 1.266 -0.711 0.023 0.02 0.978 10405.6 3.8803 14.460436 1.391855 15.079745 13.68789 "" "" 2107.11938 2320.2937 30957.96153 8.5566 12692.0 16.982 26546.0 19.239 "" "" 0.0027716139870132216 0.0031457043 0.003860428 0.007006132 53.57444631835 51.36664598956 2220.12378 1.266 -0.7110000000000003 0.02821871376037599 0.09443750524520877 0.077388495 0.07438849 "" "" 1.0372204745406715 "" 0.07741702638919393 "" 1.0
53.49661181408 51.42808348122 0.0176 0.0152 1.3878 "" "" 442249866191760640 2182.3562 0.4205 0.0234 1.202 -1.046 0.027 0.021 0.977 9023.8 3.5658 14.488936 1.323248 15.069395 13.746147 "" "" 2069.40015 2286.0188 30155.89173 7.7233 12813.0 19.225 25159.0 21.32 "" "" 0.002769316276522984 0.0032309315 0.0038897616 0.007120693 53.49661181408 51.42808348122 2182.3562 1.2020000000000004 -1.046 -0.035781286239624066 -0.2405624947547913 0.081388496 0.07538849 "" "" 2.515843419962518 "" 0.1900050666309413 "" 0.9
53.5002794162 51.40741132191 0.0165 0.0144 1.0675 "" "" 442249660033342976 1972.63184 0.4687 0.0229 1.32 -0.689 0.024 0.02 1.092 11418.3 4.0678 14.508244 1.231411 15.036633 13.805222 "" "" 1884.50317 2051.50073 29624.36009 6.7585 13206.0 17.75 23827.0 16.331 "" "" 0.002766431743546699 0.0031487572 0.003851948 0.007000705 53.5002794162 51.40741132191 1972.63184 1.3200000000000007 -0.689 0.08221871376037604 0.1164375052452088 0.0783885 0.07438849 "" "" 1.3327868071562243 "" 0.10094899625164538 "" 0.9
53.5671363947 51.39840413078 0.0156 0.0141 1.7979 "" "" 442342637485582592 2131.73779 0.4376 0.0213 1.279 -0.816 0.022 0.02 1.046 9233.7 3.63 14.528286 1.383031 15.142171 13.75914 "" "" 2057.03687 2239.73096 29082.54968 6.2041 11983.0 21.661 24860.0 18.205 "" "" 0.002765038134494482 0.0034112963 0.0038621093 0.007273406 53.5671363947 51.39840413078 2131.73779 1.2789999999999995 -0.8159999999999998 0.04121871376037589 -0.010562494754791207 0.07638849 0.07438849 "" "" 0.42994928041366953 "" 0.032790842439435544 "" 1.0
53.54842762496 51.36884214282 0.0158 0.0145 2.8538 "" "" 442248560522477056 2020.26807 0.4558 0.0222 1.192 -0.878 0.023 0.022 1.075 9000.6 3.5667 14.600627 1.295224 15.166549 13.871325 "" "" 1945.71936 2108.13159 27207.96659 6.536 11716.0 15.496 22420.0 19.162 "" "" 0.0027676373086657053 0.0031380313 0.0038916369 0.0070296684 53.54842762496 51.36884214282 2020.26807 1.192 -0.878 -0.045781286239624075 -0.07256249475479126 0.077388495 0.07638849 "" "" 0.8216046410547867 "" 0.06299616314786027 "" 1.0
53.55534386186 51.42521473042 0.0174 0.0149 1.259 "" "" 442342809284272128 2125.3938 0.4315 0.0231 1.317 -0.774 0.026 0.021 0.986 10217.5 4.0881 14.653346 1.24677 15.189386 13.942616 "" "" 2021.32092 2245.85254 25918.40417 12.541 11473.0 23.395 20995.0 44.051 "" "" 0.002804956573228763 0.0035618367 0.0044128518 0.007974688 53.55534386186 51.42521473042 2125.3938 1.3169999999999997 -0.7740000000000005 0.07921871376037593 0.03143750524520872 0.080388494 0.07538849 "" "" 0.8586245811385083 "" 0.06845524752112049 "" 1.0
53.44231993387 51.42680112181 0.0187 0.0159 3.2369 "" "" 442261548502817408 1919.81982 0.4859 0.0269 1.231 -0.77 0.026 0.022 1.003 9986.2 4.0274 14.799425 1.201656 15.308557 14.1069 "" "" 1837.94458 2021.099 22655.66799 6.4974 10280.0 26.728 18047.0 19.109 "" "" 0.002772858680356322 0.0039691175 0.0039503635 0.007919481 53.44231993387 51.42680112181 1919.81982 1.2310000000000003 -0.7700000000000005 -0.006781286239623929 0.03543750524520872 0.080388494 0.07638849 "" "" 0.3283306174915213 "" 0.02512824347749964 "" 1.0
53.60209045034 51.5136737662 0.0196 0.0178 6.5926 "" "" 442344389832217472 2166.92896 0.4219 0.0279 1.235 -0.738 0.028 0.025 1.068 10232.8 4.1372 14.880287 1.291067 15.440454 14.149386 "" "" 2030.03455 2294.7312 21029.64053 5.6122 9104.1 14.639 17354.0 14.637 "" "" 0.002770513541877279 0.003291341 0.0038887435 0.0071800845 53.60209045034 51.5136737662 2166.92896 1.235 -0.738 -0.0027812862396239257 0.06743750524520875 0.08238849 0.07938849 "" "" 0.6932558633256456 "" 0.055040135582662165 "" 1.0
53.47858962999 51.36495074862 0.0198 0.0185 3.4672 "" "" 442248697960703616 2274.8728 0.4135 0.0269 1.307 -0.991 0.027 0.026 1.095 9251.4 3.7873 15.151121 1.216533 15.672574 14.456041 "" "" 2134.23438 2425.57422 16386.96198 4.6295 7351.7 15.389 13084.0 13.709 "" "" 0.002772340940154379 0.0035986563 0.00394688 0.0075455364 53.47858962999 51.36495074862 2274.8728 1.307 -0.991 0.06921871376037592 -0.18556249475479125 0.081388496 0.080388494 "" "" 2.135576375039091 "" 0.17193804814383543 "" 1.0
53.55619791767 51.35147710351 0.0195 0.0184 3.9355 "" "" 442248491803000832 2016.69934 0.4573 0.0275 1.234 -0.698 0.028 0.027 1.01 "" "" 15.168927 1.231854 15.697824 14.46597 "" "" 1915.77942 2133.56982 16120.40442 4.181 7182.7 11.79 12965.0 13.535 "" "" 0.0027696726282684103 0.0033107696 0.0039456915 0.0072564613 53.55619791767 51.35147710351 2016.69934 1.2339999999999995 -0.6980000000000006 -0.0037812862396240376 0.10743750524520879 0.08238849 0.081388496 "" "" 1.0276476361989328 "" 0.08363997455625483 "" 1.0
53.51462937519 51.39349944971 0.0207 0.0184 1.3304 "" "" 442248835399627648 2107.74585 0.4392 0.0282 1.097 -0.841 0.029 0.026 0.962 9478.3 3.8496 15.184186 1.322287 15.761296 14.43901 "" "" 1987.65515 2255.51172 15895.42738 3.9316 6774.8 11.56 13291.0 14.642 "" "" 0.002768376288619293 0.0033492146 0.003964137 0.007313351 53.51462937519 51.39349944971 2107.74585 1.097 -0.841 -0.14078128623962405 -0.03556249475479123 0.08338849 0.080388494 "" "" 1.4506870113490584 "" 0.12071397576547563 "" 1.0
53.36834641126 51.48774239567 0.0244 0.0207 7.3717 "" "" 442262716733897344 2247.89331 0.4057 0.0345 1.239 -0.819 0.035 0.028 1.04 9048.0 4.0653 15.370863 1.469548 16.036034 14.566485 "" "" 2089.78247 2413.91455 13384.47735 3.6985 5260.2 13.704 11819.0 11.474 "" "" 0.0027716061571828655 0.0039731534 0.0039236126 0.007896766 53.36834641126 51.48774239567 2247.89331 1.2390000000000003 -0.819 0.0012187137603760778 -0.01356249475479121 0.08938849 0.08238849 "" "" 0.14509083122747743 "" 0.011962292377068126 "" 0.9
53.57444497518 51.21828551644 0.0233 0.0206 11.9032 "" "" 442243612720163456 1863.96558 0.4958 0.0304 1.21 -0.792 0.032 0.031 1.004 9707.6 3.8563 15.474722 1.692544 16.259087 14.566543 "" "" 1750.94788 1957.10303 12163.48501 3.6029 4283.3 12.521 11818.0 27.016 "" "" 0.0027740254368908823 0.0042259083 0.0045215087 0.0087474175 53.57444497518 51.21828551644 1863.96558 1.21 -0.792 -0.02778128623962406 0.013437505245208703 0.0863885 0.0853885 "" "" 0.2726580129170003 "" 0.023503063903949503 "" 0.9
53.63360137234 51.41215083744 0.0263 0.0235 4.0097 "" "" 442342878004006016 1818.94202 0.5066 0.0368 1.218 -0.897 0.041 0.034 0.993 9439.9 3.8753 15.605242 1.533348 16.30768 14.774332 "" "" 1698.15308 1957.22546 10785.74026 3.6345 4095.9 9.7633 9759.5 9.8073 "" "" 0.0027795045360445468 0.003805656 0.0039337166 0.0077393726 53.63360137234 51.41215083744 1818.94202 1.2180000000000009 -0.8969999999999998 -0.019781286239624052 -0.09156249475479128 0.095388494 0.088388495 "" "" 0.8076449948131196 "" 0.07164813386808705 "" 1.0
53.41674371068 51.37519789758 0.0249 0.022 4.7349 "" "" 442249316436001152 2003.66675 0.4649 0.0337 1.242 -0.834 0.035 0.031 1.047 9263.5 4.1518 15.606774 1.209424 16.124788 14.915364 "" "" 1877.64551 2116.07178 10770.53151 3.0752 4847.3 9.9509 8570.6 14.56 "" "" 0.0027727042573544502 0.0035711282 0.0042054537 0.0077765817 53.41674371068 51.37519789758 2003.66675 1.242 -0.834 0.0042187137603759695 -0.028562494754791223 0.08938849 0.0853885 "" "" 0.27421186484019927 "" 0.023438492620354443 "" 1.0
53.52427717002 51.40661259389 0.0272 0.0236 0.4745 "" "" 442343427759565312 2155.88184 0.437 0.0365 1.285 -0.78 0.038 0.033 0.998 9241.6 4.1666 15.718834 1.567246 16.436132 14.868886 "" "" 2011.94141 2394.63184 9714.33926 3.5425 3638.8 12.464 8945.5 37.445 "" "" 0.0027836220568809964 0.004649284 0.0059109065 0.01056019 53.52427717002 51.40661259389 2155.88184 1.285 -0.7800000000000002 0.0472187137603759 0.025437505245208714 0.092388496 0.08738849 "" "" 0.5480858499966399 "" 0.05003349225651557 "" 1.0
53.46161078359 51.46830782617 0.0282 0.0237 4.0441 "" "" 442355591106942336 1916.75061 0.4829 0.0382 1.24 -0.749 0.043 0.033 0.946 6877.4 3.6782 15.736434 1.385321 16.348932 14.963612 "" "" 1779.8634 2101.99829 9558.13794 6.2456 3943.2 11.18 8198.1 41.253 "" "" 0.002845191836691973 0.004154667 0.0066432646 0.010797931 53.46161078359 51.46830782617 1916.75061 1.2399999999999998 -0.7489999999999999 0.0022187137603759677 0.05643750524520874 0.09738849 0.08738849 "" "" 0.513153269405078 "" 0.04485206174163105 "" 1.0
