Clusters/LP_1888/LP_1888_stars_in_region.tsv
# %ECSV 1.0
# ---
# datatype:
# - name: RA_ICRS_1
#   unit: deg
#   datatype: float64
#   format: '{:15.11f}'
#   description: Right ascension (ICRS) at Ep=2016.0 (ra)
#   meta: !!omap
#   - {ucd: POS_EQ_RA_MAIN}
#   - {width: 15}
#   - {precision: '11'}
# - name: DE_ICRS_1
#   unit: deg
#   datatype: float64
#   format: '{:15.11f}'
#   description: Declination (ICRS) at Ep=2016.0 (dec)
#   meta: !!omap
#   - {ucd: POS_EQ_DEC_MAIN}
#   - {width: 15}
#   - {precision: '11'}
# - name: e_RA_ICRS
#   unit: mas
#   datatype: float64
#   format: '{:7.4f}'
#   description: Standard error of right ascension (ra_error)
#   meta: !!omap
#   - {ucd: ERROR}
#   - {width: 7}
#   - {precision: '4'}
# - name: e_DE_ICRS
#   unit: mas
#   datatype: float64
#   format: '{:7.4f}'
#   description: Standard error of declination (dec_error)
#   meta: !!omap
#   - {ucd: ERROR}
#   - {width: 7}
#   - {precision: '4'}
# - name: _r_1
#   unit: ''
#   datatype: float64
#   format: '{:7.4f}'
#   description: Distance from center (014.62621825000+63.27620105000)[ICRS], at Epoch=J2016.0
#   meta: !!omap
#   - {ucd: POS_ANG_DIST_GENERAL}
#   - {width: 7}
#   - {precision: '4'}
# - name: HIP
#   datatype: int32
#   description: '? HIP cross-id number, van Leeuwen, Cat. I/311 (hip_original_ext_source_id)'
#   meta: !!omap
#   - {ucd: ID_NUMBER}
#   - {width: 6}
#   - values: {'null': -2147483648}
# - name: TYC2
#   datatype: string
#   description: Tycho-2 cross-id name, Hog et al., Cat. I/259 (tyc2_original_ext_source_id)
#   meta: !!omap
#   - {ucd: ID_CROSSID}
#   - {_votable_string_dtype: char}
# - name: Source
#   datatype: int64
#   description: Source identifier, identical to the Gaia-EDR3 source_id (id)
#   meta: !!omap
#   - {ucd: ID_MAIN}
#   - {width: 19}
# - name: rgeo
#   unit: pc
#   datatype: float64
#   format: '{:15.8f}'
#   description: '? Median of the geometric distance posterior (r_med_geo)'
#   meta: !!omap
#   - {ucd: PHYS_DISTANCE_TRUE}
#   - {width: 15}
#   - {precision: '8'}
#   - values: {'null': .nan}
# - name: Plx
#   unit: mas
#   datatype: float64
#   format: '{:9.4f}'
#   description: '? Parallax (parallax)'
#   meta: !!omap
#   - {ucd: POS_PARLX_TRIG}
#   - {width: 9}
#   - {precision: '4'}
#   - values: {'null': .nan}
# - name: e_Plx
#   unit: mas
#   datatype: float32
#   format: '{:7.4f}'
#   description: '? Standard error of parallax (parallax_error)'
#   meta: !!omap
#   - {ucd: ERROR}
#   - {width: 7}
#   - {precision: '4'}
#   - values: {'null': .nan}
# - name: pmRA
#   unit: mas / yr
#   datatype: float64
#   format: '{:9.3f}'
#   description: '? Proper motion in right ascension direction, pmRA*cosDE (pmra)'
#   meta: !!omap
#   - {ucd: POS_EQ_PMRA}
#   - {width: 9}
#   - {precision: '3'}
#   - values: {'null': .nan}
# - name: pmDE
#   unit: mas / yr
#   datatype: float64
#   format: '{:9.3f}'
#   description: '? Proper motion in declination direction (pmdec)'
#   meta: !!omap
#   - {ucd: POS_EQ_PMDEC}
#   - {width: 9}
#   - {precision: '3'}
#   - values: {'null': .nan}
# - name: e_pmRA
#   unit: mas / yr
#   datatype: float32
#   format: '{:6.3f}'
#   description: '? Standard error of proper motion in right ascension direction (pmra_error)'
#   meta: !!omap
#   - {ucd: ERROR}
#   - {width: 6}
#   - {precision: '3'}
#   - values: {'null': .nan}
# - name: e_pmDE
[...]
#         unit: &id001 !astropy.units.Unit {unit: deg}
#         value: !astropy.table.SerializedColumn {name: SkyCoord.dec}
#       distance: !astropy.table.SerializedColumn
#         __class__: astropy.coordinates.distances.Distance
#         unit: !astropy.units.Unit {unit: pc}
#         value: !astropy.table.SerializedColumn {name: SkyCoord.distance}
#       frame: icrs
#       obstime: !astropy.time.Time {format: jyear_str, in_subfmt: '*', jd1: 367701545.0, jd2: 0.0, out_subfmt: '*', precision: 3, scale: tt}
#       pm_dec: !astropy.table.SerializedColumn
#         __class__: astropy.units.quantity.Quantity
#         unit: !astropy.units.Unit {unit: mas / yr}
#         value: !astropy.table.SerializedColumn {name: SkyCoord.pm_dec}
#       pm_ra_cosdec: !astropy.table.SerializedColumn
#         __class__: astropy.units.quantity.Quantity
#         unit: !astropy.units.Unit {unit: mas / yr}
#         value: !astropy.table.SerializedColumn {name: SkyCoord.pm_ra_cosdec}
#       ra: !astropy.table.SerializedColumn
#         __class__: astropy.coordinates.angles.Longitude
#         unit: *id001
#         value: !astropy.table.SerializedColumn {name: SkyCoord.ra}
#         wrap_angle: !astropy.coordinates.Angle
#           unit: *id001
#           value: 360.0
#       representation_type: spherical
# schema: astropy-2.0
RA_ICRS_1 DE_ICRS_1 e_RA_ICRS e_DE_ICRS _r_1 HIP TYC2 Source rgeo Plx e_Plx pmRA pmDE e_pmRA e_pmDE RUWE Teff logg Gmag BP-RP BPmag RPmag RV e_RV b_rgeo B_rgeo FG e_FG FBP e_FBP FRP e_FRP RAVE5 RAVE6 e_Gmag e_BPmag e_RPmag e_BP-RP SkyCoord.ra SkyCoord.dec SkyCoord.distance SkyCoord.pm_ra_cosdec SkyCoord.pm_dec
[from data line 1379]
14.84393107492 63.3882113876 0.028 0.0328 8.9185 "" "" 523729244094808832 2854.70752 0.3466 0.041 -3.174 1.057 0.037 0.049 0.956 6549.0 4.2561 16.33002 1.59593 17.080387 15.484457 "" "" 2487.198 3424.3479 5532.71869 2.3573 2010.3 7.8362 5074.3 8.7881 "" "" 0.002793883170585293 0.0050692004 0.004221317 0.009290517 14.84393107492 63.3882113876 2854.70752 -3.1740000000000004 1.0570000000000004
14.1985431098 63.26270625778 0.0287 0.0316 11.5703 "" "" 523713747851666816 2967.76538 0.3028 0.0382 -0.952 -1.714 0.038 0.046 1.01 7981.6 4.2683 16.331106 1.154526 16.82218 15.667654 "" "" 2640.9165 3350.88379 5527.19205 2.433 2550.0 9.1567 4286.4 7.841 "" "" 0.002796462752642352 0.004794282 0.0042694677 0.00906375 14.1985431098 63.26270625778 2967.76538 -0.952 -1.7139999999999997
13.50070002866 63.15240452479 0.028 0.0307 31.3261 "" "" 523755391856731648 2853.88452 0.3344 0.0388 -4.4 -0.634 0.035 0.044 1.0 7467.2 4.3689 16.332514 1.252931 16.877377 15.624446 "" "" 2546.68311 3201.20947 5520.02854 2.2906 2423.6 6.1031 4460.5 6.963 "" "" 0.002791912367310643 0.0039064474 0.004142019 0.008048466 13.50070002866 63.15240452479 2853.88452 -4.400000000000001 -0.6340000000000002
15.55039465034 63.14147231712 0.0266 0.0323 26.2683 "" "" 522961883753592448 2769.02808 0.3412 0.0391 -0.736 -1.171 0.035 0.053 0.96 7478.6 4.3398 16.333248 1.267799 16.88556 15.61776 "" "" 2493.22388 3090.46362 5516.29213 2.3128 2405.4 6.7605 4488.0 7.6863 "" "" 0.0027926705343767557 0.004134828 0.004212048 0.008346876 15.55039465034 63.14147231712 2769.02808 -0.736 -1.171
13.86986924344 63.09385287894 0.029 0.0326 23.2118 "" "" 523708422092348672 2515.26733 0.3727 0.0418 -6.662 0.631 0.035 0.045 1.062 5555.1 4.1844 16.333813 1.660571 17.114338 15.453767 "" "" 2260.56274 2840.11426 5513.42842 2.4915 1948.4 8.752 5219.8 10.942 "" "" 0.002798663528392016 0.0056187417 0.0044117775 0.010030519 13.86986924344 63.09385287894 2515.26733 -6.662000000000002 0.6310000000000003
13.61101587515 63.56521744521 0.0311 0.0338 32.3028 "" "" 523791469582872576 2793.1521 0.3427 0.0443 -4.106 -0.789 0.041 0.049 1.102 7322.5 4.3534 16.335619 1.124649 16.810179 15.68553 "" "" 2520.4458 3198.44263 5504.25827 2.4595 2578.4 9.4782 4216.4 10.381 "" "" 0.0027977054749472132 0.0048697493 0.0046291905 0.00949894 13.61101587515 63.56521744521 2793.1521 -4.106000000000001 -0.789
13.80592386336 63.25649337098 0.0274 0.0317 22.1717 "" "" 523716256112554880 2447.24414 0.3944 0.0396 -0.293 -2.046 0.035 0.045 1.047 7215.4 4.1673 16.33663 1.401246 16.95885 15.557605 "" "" 2206.9314 2779.95435 5499.13817 2.3741 2248.4 8.1826 4743.7 7.28 "" "" 0.002794906657071945 0.0048371446 0.0041303867 0.008967532 13.80592386336 63.25649337098 2447.24414 -0.29300000000000004 -2.0459999999999994
14.24782538817 63.01780455243 0.0264 0.0305 18.5886 "" "" 523692547893312768 2150.19336 0.4469 0.0384 7.432 -6.429 0.032 0.041 0.974 5074.0 4.17 16.33881 1.582191 17.07975 15.497559 "" "" 1989.56812 2339.66577 5488.11135 2.2448 2011.5 6.795 5013.4 10.774 "" "" 0.002790880265645934 0.0046083694 0.0044416185 0.009049987 14.24782538817 63.01780455243 2150.19336 7.432000000000001 -6.429
14.89282175865 62.89385574532 0.0336 0.0392 24.0563 "" "" 522941787608916992 2333.61182 0.414 0.0477 -3.798 0.326 0.041 0.054 1.201 7387.9 4.1413 16.341032 1.263769 16.875635 15.611866 "" "" 2117.21948 2608.4397 5476.88873 3.0888 2427.5 11.13 4512.4 9.5625 "" "" 0.0028225393073663834 0.0057066754 0.004424662 0.010131337 14.89282175865 62.89385574532 2333.61182 -3.798 0.326
14.96866690025 63.29043024498 0.0303 0.0373 9.2768 "" "" 522977659176939264 2828.40137 0.3366 0.0454 0.377 -0.572 0.043 0.07 1.105 7091.8 4.343 16.34128 1.514942 17.007675 15.492733 "" "" 2525.59717 3199.82568 5475.64268 2.5297 2149.5 17.024 5035.8 21.054 "" "" 0.0028006057873966113 0.009040356 0.005906702 0.014947058 14.96866690025 63.29043024498 2828.40137 0.3770000000000001 -0.572
14.89003526057 62.86582339521 0.0289 0.0338 25.6449 "" "" 522941375292074624 2108.052 0.4521 0.0419 4.062 -1.195 0.035 0.048 1.005 6345.8 4.0986 16.341314 1.436648 16.994675 15.558026 "" "" 1952.12744 2323.63672 5475.46947 2.0994 2175.4 7.0423 4741.8 9.4095 "" "" 0.0027865908397721184 0.0044876295 0.0043503586 0.008837989 14.89003526057 62.86582339521 2108.052 4.062 -1.195
15.52500862792 63.25683801759 0.0284 0.0336 24.2864 "" "" 522962884489172224 2228.82178 0.4321 0.0408 -1.025 -0.678 0.038 0.058 1.067 7419.0 4.2821 16.341614 1.452623 17.003513 15.55089 "" "" 2014.87744 2455.61328 5473.95498 2.3733 2157.8 7.6583 4773.1 9.3456 "" "" 0.002795242399263452 0.004757503 0.0043362346 0.009093737 15.52500862792 63.25683801759 2228.82178 -1.025 -0.6779999999999999
15.65651782704 63.07958858212 0.0267 0.0349 30.2852 "" "" 522959272413335040 2828.44092 0.3349 0.0391 -0.295 -2.347 0.035 0.056 1.046 8309.8 4.4322 16.342148 1.190715 16.850119 15.659404 "" "" 2516.06812 3195.54199 5471.26129 2.1237 2485.2 6.833 4319.1 7.3496 "" "" 0.002787363695086627 0.004086136 0.0042067976 0.008292934 15.65651782704 63.07958858212 2828.44092 -0.2950000000000001 -2.347
13.97225136596 63.2187296148 0.0272 0.0319 17.9959 "" "" 523712613980324096 2484.94116 0.3851 0.0381 -1.434 1.126 0.035 0.046 0.982 7282.3 4.3185 16.343288 1.337133 16.921535 15.584402 "" "" 2252.97705 2824.11719 5465.51937 2.134 2327.0 11.154 4628.0 10.156 "" "" 0.002787741088301088 0.0059050247 0.0044677258 0.01037275 13.97225136596 63.2187296148 2484.94116 -1.434 1.126
13.97006679752 62.98534495148 0.0278 0.0314 24.9225 "" "" 523703439930386560 2532.92261 0.3793 0.0413 -4.489 -1.487 0.033 0.044 0.973 7192.5 4.3462 16.343729 1.428366 16.989489 15.561123 "" "" 2335.10669 2804.98145 5463.29697 2.2351 2185.9 6.9088 4728.3 6.6713 "" "" 0.0027908944910503353 0.0044227736 0.0040780436 0.008500817 13.97006679752 62.98534495148 2532.92261 -4.489 -1.4870000000000003
14.87883322783 63.56158794324 0.0349 0.0365 18.4174 "" "" 524108055902813952 2695.42065 0.3523 0.0482 3.781 0.289 0.045 0.052 1.095 5204.3 4.2406 16.34558 1.557961 17.064926 15.506966 "" "" 2411.73022 2999.30078 5453.99981 2.6228 2039.1 9.3489 4970.2 8.8511 "" "" 0.0028043544308372858 0.005706536 0.0042452575 0.009951794 14.87883322783 63.56158794324 2695.42065 3.7809999999999997 0.2890000000000001
15.36025318446 63.71203306058 0.0293 0.0321 32.7128 "" "" 523365786779684480 2881.63745 0.3347 0.0421 -2.683 -0.355 0.037 0.049 0.99 9308.2 4.2803 16.345798 1.232756 16.870024 15.637268 "" "" 2555.08936 3231.48193 5452.89872 2.4042 2440.1 10.377 4408.1 8.7804 "" "" 0.002796595676268793 0.0053948625 0.0043544 0.009749263 15.36025318446 63.71203306058 2881.63745 -2.683 -0.35499999999999987
15.26389685468 63.68941186391 0.0282 0.0323 30.1074 "" "" 523364962145970048 2323.93188 0.4046 0.0408 -0.341 -1.201 0.036 0.051 0.943 7506.6 4.1935 16.347033 1.43394 16.995354 15.561414 "" "" 2117.62891 2633.98096 5446.70186 2.1812 2174.1 8.2795 4727.1 7.5664 "" "" 0.0027894152660944984 0.004988103 0.0041598007 0.009147904 15.26389685468 63.68941186391 2323.93188 -0.341 -1.2010000000000003
14.79104342827 62.7821528035 0.0328 0.0361 29.9803 "" "" 522935598551421568 2946.08936 0.3418 0.0468 -2.568 -0.305 0.036 0.052 1.047 7876.4 4.3637 16.34732 1.113368 16.816212 15.702844 "" "" 2569.39575 3346.89355 5445.25652 2.5181 2564.1 9.7413 4149.7 8.3558 "" "" 0.002800692901470185 0.004979888 0.0043661566 0.009346045 14.79104342827 62.7821528035 2946.08936 -2.5679999999999996 -0.30500000000000016
14.62666835777 62.75761989988 0.0319 0.0369 31.1149 "" "" 522934159747084672 2879.43091 0.3246 0.0456 -3.882 0.073 0.036 0.049 0.952 7177.1 4.3391 16.347837 1.383779 16.967615 15.583836 "" "" 2455.84302 3365.75879 5442.66316 2.3994 2230.3 8.0806 4630.5 7.1626 "" "" 0.0027965858711227155 0.004822788 0.004135732 0.00895852 14.62666835777 62.75761989988 2879.43091 -3.882 0.07299999999999993
14.39311858918 63.54103357419 0.0325 0.0352 17.0787 "" "" 523746488376102656 2946.29053 0.33 0.0461 0.955 -1.058 0.043 0.052 1.038 7649.4 4.2531 16.347933 1.521275 17.036276 15.515001 "" "" 2620.19067 3408.57666 5442.18905 2.6866 2093.7 7.7858 4933.5 13.208 "" "" 0.0028069682435101348 0.0049077994 0.0047679 0.009675699 14.39311858918 63.54103357419 2946.29053 0.9549999999999998 -1.058
14.96014097552 63.77370832443 0.029 0.0301 31.158 "" "" 524117062458365440 2405.33203 0.3922 0.0395 -2.565 -0.222 0.035 0.043 0.986 7583.7 4.1455 16.34795 1.445085 16.990353 15.545268 "" "" 2240.66504 2617.67554 5442.10406 2.4114 2184.1 7.6694 4797.9 11.2 "" "" 0.0027970050808910486 0.00472445 0.0045505366 0.009274987 14.96014097552 63.77370832443 2405.33203 -2.5650000000000004 -0.22199999999999998
13.66278539426 63.30589879982 0.0265 0.032 26.0422 "" "" 523763535114642816 2561.59814 0.3708 0.0395 0.824 -1.986 0.035 0.047 1.01 7223.8 4.3404 16.349352 1.423554 16.986485 15.56293 "" "" 2307.02075 2809.40234 5435.07959 2.2932 2191.9 6.2379 4720.5 8.1108 "" "" 0.002793142506162849 0.0041632224 0.004214723 0.008377945 13.66278539426 63.30589879982 2561.59814 0.8239999999999998 -1.986
15.130065254 63.38282480064 0.0295 0.0312 15.0018 "" "" 522979342803648896 2205.42676 0.4372 0.0417 -0.275 7.069 0.041 0.044 0.943 7483.8 4.3815 16.351334 1.534399 17.05699 15.522591 "" "" 2018.89746 2402.66333 5425.16918 2.2943 2054.1 9.5624 4899.2 10.025 "" "" 0.002793316051871471 0.005773388 0.0043840203 0.010157408 15.130065254 63.38282480064 2205.42676 -0.2750000000000006 7.068999999999999
14.53859082902 63.09839082777 0.0289 0.0369 10.929 "" "" 523696739781541504 2161.79907 0.4379 0.0411 -1.377 1.43 0.035 0.052 0.91 7207.5 4.3195 16.351341 1.44079 17.004898 15.564108 "" "" 2014.86694 2330.1543 5425.12921 2.2284 2155.1 7.0373 4715.4 9.5174 "" "" 0.0027911789984040505 0.0045116264 0.0043687546 0.008880381 14.53859082902 63.09839082777 2161.79907 -1.3770000000000002 1.4300000000000002
13.84892809245 63.28083329149 0.0274 0.0306 20.9724 "" "" 523716015594371968 2251.23413 0.4296 0.0387 -1.74 -0.507 0.035 0.042 0.966 7660.5 4.3738 16.352068 1.217891 16.876572 15.658681 "" "" 2068.14282 2522.43872 5421.50288 2.2114 2425.4 6.1527 4322.0 8.339 "" "" 0.002790684380420604 0.0039205938 0.0043211267 0.0082417205 13.84892809245 63.28083329149 2251.23413 -1.7399999999999998 -0.5070000000000001
15.84406552989 63.27596958121 0.0305 0.036 32.8589 "" "" 523336031246561792 2142.56958 0.445 0.0451 -1.168 -0.64 0.037 0.058 0.975 "" "" 16.352087 1.3032 16.926992 15.623793 "" "" 1950.46497 2341.61475 5421.40322 2.2001 2315.4 9.8982 4463.1 13.352 "" "" 0.0027903274311464033 0.0054155504 0.0049833828 0.010398934 15.84406552989 63.27596958121 2142.56958 -1.168 -0.6399999999999999
14.54954005816 63.54767495109 0.0304 0.035 16.4181 "" "" 523736047322890880 2697.8811 0.3432 0.0442 3.365 -0.569 0.041 0.056 1.021 5248.1 3.7677 16.352722 1.865925 17.269596 15.403671 "" "" 2441.68921 3093.10571 5418.24008 2.4395 1688.8 7.8409 5466.3 9.2144 "" "" 0.002798348465676987 0.005761612 0.004199208 0.009960821 14.54954005816 63.54767495109 2697.8811 3.3649999999999993 -0.5689999999999998
15.56848595455 63.03736599865 0.0302 0.0346 29.2755 "" "" 522958894458126976 2121.6167 0.445 0.0401 0.663 -0.709 0.04 0.057 1.05 6038.7 4.4079 16.357216 1.345512 16.923424 15.577911 "" "" 1914.76123 2294.31543 5395.85594 2.5218 2323.0 11.826 4655.8 17.083 "" "" 0.002801655364244267 0.006191614 0.0054912786 0.011682892 15.56848595455 63.03736599865 2121.6167 0.663 -0.709
15.00776416341 62.77371103328 0.0291 0.0313 31.8874 "" "" 522937900655209088 2454.92651 0.3889 0.0405 -2.517 -0.61 0.035 0.044 1.022 8152.3 4.2837 16.357601 1.393067 16.97868 15.585612 "" "" 2224.43896 2737.74487 5393.93799 2.9998 2207.7 7.5976 4622.9 9.5693 "" "" 0.002820707945558653 0.0046632825 0.0043971306 0.009060413 15.00776416341 62.77371103328 2454.92651 -2.517 -0.61
14.86060266429 63.22466688311 0.0275 0.0339 7.0445 "" "" 523722131629078912 2463.7085 0.3872 0.04 -6.191 -4.758 0.037 0.048 0.999 7118.5 4.1848 16.357838 1.829242 17.25293 15.423688 "" "" 2263.98486 2692.99097 5392.77051 2.4224 1714.9 7.039 5366.4 8.3286 "" "" 0.0027981505854995908 0.0052579152 0.00413801 0.009395925 14.86060266429 63.22466688311 2463.7085 -6.191 -4.757999999999999
13.82819475981 63.59306898975 0.0293 0.0318 28.6352 "" "" 523745564970237184 2971.83447 0.3291 0.0434 -2.103 -0.249 0.04 0.046 1.044 7124.7 4.2881 16.358475 1.360077 16.939661 15.579584 "" "" 2600.42432 3352.78711 5389.60429 2.3217 2288.5 10.182 4648.6 32.567 "" "" 0.0027947341357942184 0.0055785594 0.0084935995 0.014072159 13.82819475981 63.59306898975 2971.83447 -2.103 -0.249
13.98502330135 62.8998118097 0.0287 0.0336 28.5168 "" "" 523608194734889600 2515.28198 0.3896 0.0417 -3.409 -0.989 0.034 0.047 0.997 7336.5 4.246 16.360435 1.465437 17.028429 15.562992 "" "" 2253.71069 2848.38257 5379.87494 2.3191 2108.8 7.8017 4720.2 9.4831 "" "" 0.002794787887263134 0.004890764 0.0043636877 0.009254452 13.98502330135 62.8998118097 2515.28198 -3.4090000000000007 -0.9889999999999999
15.43445595904 62.85728144464 0.0302 0.0328 33.3801 "" "" 522950858580935552 2869.70898 0.323 0.0407 -2.805 -1.259 0.035 0.05 0.985 7850.5 4.158 16.360994 1.440601 17.010569 15.569967 "" "" 2584.46704 3270.40186 5377.11219 2.2061 2143.8 12.825 4690.0 9.9625 "" "" 0.00279109591449914 0.007069202 0.00442751 0.0114967115 15.43445595904 62.85728144464 2869.70898 -2.805 -1.2589999999999997
13.57721721439 63.46512112005 0.0317 0.0337 30.4024 "" "" 523767211606499712 2113.94629 0.4512 0.0448 0.596 -1.058 0.043 0.05 0.997 7148.1 4.3274 16.36104 1.36403 16.968765 15.604735 "" "" 1920.07947 2305.09082 5376.88411 2.3965 2228.0 7.5984 4542.2 7.1428 "" "" 0.002797492678958275 0.004636361 0.004147147 0.008783508 13.57721721439 63.46512112005 2113.94629 0.5959999999999999 -1.0580000000000003
15.36460862296 63.10863809299 0.027 0.0341 22.3673 "" "" 522971818021199872 2756.07886 0.3389 0.0405 -3.004 0.023 0.034 0.052 1.027 5348.9 3.6488 16.362513 1.97987 17.340677 15.360807 "" "" 2519.77783 3226.07471 5369.59352 38.925 1581.8 45.375 5686.4 116.38 "" "" 0.008339015505628261 0.031269804 0.022540193 0.053809997 15.36460862296 63.10863809299 2756.07886 -3.0040000000000004 0.023000000000000055
13.64478534238 63.16918660298 0.0264 0.0309 27.2952 "" "" 523709865201278848 2957.74536 0.3203 0.0383 -2.654 -1.494 0.034 0.044 0.994 7185.6 4.302 16.364748 1.351826 16.967215 15.615389 "" "" 2702.91919 3228.47437 5358.55368 1.9692 2231.2 8.1139 4497.8 9.5651 "" "" 0.0027840592232655204 0.0048347185 0.0044288775 0.009263596 13.64478534238 63.16918660298 2957.74536 -2.654 -1.4939999999999998
14.9541389442 63.75311284696 0.0321 0.0342 29.9297 "" "" 524116925019428480 2433.96387 0.3931 0.0435 0.908 -0.721 0.039 0.052 1.075 6752.7 4.3109 16.36596 1.538631 17.07573 15.537098 "" "" 2170.04956 2780.13281 5352.57545 2.2711 2018.9 8.1165 4834.1 8.8498 "" "" 0.002793566525518614 0.0051805163 0.0042701894 0.009450706 14.9541389442 63.75311284696 2433.96387 0.9079999999999999 -0.721
14.26916712279 63.58160024525 0.0287 0.032 20.6783 "" "" 523747557835224192 2823.80078 0.342 0.0419 -2.844 -0.402 0.039 0.049 1.009 8104.7 4.2367 16.3661 1.33848 16.960527 15.622047 "" "" 2587.40137 3142.38574 5351.8801 2.9678 2244.9 7.9804 4470.3 10.87 "" "" 0.0028203345453512514 0.004762586 0.0046101795 0.009372765 14.26916712279 63.58160024525 2823.80078 -2.8439999999999994 -0.40200000000000014
13.85787775784 62.9196872897 0.0293 0.0338 29.8771 "" "" 523609156807547136 2676.65137 0.3553 0.0416 -3.571 2.186 0.034 0.047 1.029 4961.4 4.1451 16.366163 1.757733 17.088564 15.330831 "" "" 2394.34033 3042.39893 5351.57031 2.8916 1995.2 13.956 5845.6 94.941 "" "" 0.002817082014142949 0.008090821 0.018034386 0.026125208 13.85787775784 62.9196872897 2676.65137 -3.571 2.186
