Clusters/LP_1888/LP_1888_stars_in_region.tsv
# %ECSV 1.0
# ---
# datatype:
# - name: RA_ICRS_1
#   unit: deg
#   datatype: float64
#   format: '{:15.11f}'
#   description: Right ascension (ICRS) at Ep=2016.0 (ra)
#   meta: !!omap
#   - {ucd: POS_EQ_RA_MAIN}
#   - {width: 15}
#   - {precision: '11'}
# - name: DE_ICRS_1
#   unit: deg
#   datatype: float64
#   format: '{:15.11f}'
#   description: Declination (ICRS) at Ep=2016.0 (dec)
#   meta: !!omap
#   - {ucd: POS_EQ_DEC_MAIN}
#   - {width: 15}
#   - {precision: '11'}
# - name: e_RA_ICRS
#   unit: mas
#   datatype: float64
#   format: '{:7.4f}'
#   description: Standard error of right ascension (ra_error)
#   meta: !!omap
#   - {ucd: ERROR}
#   - {width: 7}
#   - {precision: '4'}
# - name: e_DE_ICRS
#   unit: mas
#   datatype: float64
#   format: '{:7.4f}'
#   description: Standard error of declination (dec_error)
#   meta: !!omap
#   - {ucd: ERROR}
#   - {width: 7}
#   - {precision: '4'}
# - name: _r_1
#   unit: ''
#   datatype: float64
#   format: '{:7.4f}'
#   description: Distance from center (014.62621825000+63.27620105000)[ICRS], at Epoch=J2016.0
#   meta: !!omap
#   - {ucd: POS_ANG_DIST_GENERAL}
#   - {width: 7}
#   - {precision: '4'}
# - name: HIP
#   datatype: int32
#   description: '? HIP cross-id number, van Leeuwen, Cat. I/311 (hip_original_ext_source_id)'
#   meta: !!omap
#   - {ucd: ID_NUMBER}
#   - {width: 6}
#   - values: {'null': -2147483648}
# - name: TYC2
#   datatype: string
#   description: Tycho-2 cross-id name, Hog et al., Cat. I/259 (tyc2_original_ext_source_id)
#   meta: !!omap
#   - {ucd: ID_CROSSID}
#   - {_votable_string_dtype: char}
# - name: Source
#   datatype: int64
#   description: Source identifier, identical to the Gaia-EDR3 source_id (id)
#   meta: !!omap
#   - {ucd: ID_MAIN}
#   - {width: 19}
# - name: rgeo
#   unit: pc
#   datatype: float64
#   format: '{:15.8f}'
#   description: '? Median of the geometric distance posterior (r_med_geo)'
#   meta: !!omap
#   - {ucd: PHYS_DISTANCE_TRUE}
#   - {width: 15}
#   - {precision: '8'}
#   - values: {'null': .nan}
# - name: Plx
#   unit: mas
#   datatype: float64
#   format: '{:9.4f}'
#   description: '? Parallax (parallax)'
#   meta: !!omap
#   - {ucd: POS_PARLX_TRIG}
#   - {width: 9}
#   - {precision: '4'}
#   - values: {'null': .nan}
# - name: e_Plx
#   unit: mas
#   datatype: float32
#   format: '{:7.4f}'
#   description: '? Standard error of parallax (parallax_error)'
#   meta: !!omap
#   - {ucd: ERROR}
#   - {width: 7}
#   - {precision: '4'}
#   - values: {'null': .nan}
# - name: pmRA
#   unit: mas / yr
#   datatype: float64
#   format: '{:9.3f}'
#   description: '? Proper motion in right ascension direction, pmRA*cosDE (pmra)'
#   meta: !!omap
#   - {ucd: POS_EQ_PMRA}
#   - {width: 9}
#   - {precision: '3'}
#   - values: {'null': .nan}
# - name: pmDE
#   unit: mas / yr
#   datatype: float64
#   format: '{:9.3f}'
#   description: '? Proper motion in declination direction (pmdec)'
#   meta: !!omap
#   - {ucd: POS_EQ_PMDEC}
#   - {width: 9}
#   - {precision: '3'}
#   - values: {'null': .nan}
# - name: e_pmRA
#   unit: mas / yr
#   datatype: float32
#   format: '{:6.3f}'
#   description: '? Standard error of proper motion in right ascension direction (pmra_error)'
#   meta: !!omap
#   - {ucd: ERROR}
#   - {width: 6}
#   - {precision: '3'}
#   - values: {'null': .nan}
# - name: e_pmDE
[...]
#         unit: &id001 !astropy.units.Unit {unit: deg}
#         value: !astropy.table.SerializedColumn {name: SkyCoord.dec}
#       distance: !astropy.table.SerializedColumn
#         __class__: astropy.coordinates.distances.Distance
#         unit: !astropy.units.Unit {unit: pc}
#         value: !astropy.table.SerializedColumn {name: SkyCoord.distance}
#       frame: icrs
#       obstime: !astropy.time.Time {format: jyear_str, in_subfmt: '*', jd1: 367701545.0, jd2: 0.0, out_subfmt: '*', precision: 3, scale: tt}
#       pm_dec: !astropy.table.SerializedColumn
#         __class__: astropy.units.quantity.Quantity
#         unit: !astropy.units.Unit {unit: mas / yr}
#         value: !astropy.table.SerializedColumn {name: SkyCoord.pm_dec}
#       pm_ra_cosdec: !astropy.table.SerializedColumn
#         __class__: astropy.units.quantity.Quantity
#         unit: !astropy.units.Unit {unit: mas / yr}
#         value: !astropy.table.SerializedColumn {name: SkyCoord.pm_ra_cosdec}
#       ra: !astropy.table.SerializedColumn
#         __class__: astropy.coordinates.angles.Longitude
#         unit: *id001
#         value: !astropy.table.SerializedColumn {name: SkyCoord.ra}
#         wrap_angle: !astropy.coordinates.Angle
#           unit: *id001
#           value: 360.0
#       representation_type: spherical
# schema: astropy-2.0
RA_ICRS_1 DE_ICRS_1 e_RA_ICRS e_DE_ICRS _r_1 HIP TYC2 Source rgeo Plx e_Plx pmRA pmDE e_pmRA e_pmDE RUWE Teff logg Gmag BP-RP BPmag RPmag RV e_RV b_rgeo B_rgeo FG e_FG FBP e_FBP FRP e_FRP RAVE5 RAVE6 e_Gmag e_BPmag e_RPmag e_BP-RP SkyCoord.ra SkyCoord.dec SkyCoord.distance SkyCoord.pm_ra_cosdec SkyCoord.pm_dec
[from data line 120]
15.6332783644 63.51151201537 0.0083 0.0097 30.5222 "" "" 523359288485935872 2535.51245 0.3625 0.0123 -2.852 -0.466 0.011 0.014 1.033 "" "" 13.352982 0.926971 13.723245 12.796273 "" "" 2448.13599 2621.59595 85852.73838 15.497 44271.0 30.568 60346.0 25.758 "" "" 0.0027622814176980434 0.0028891277 0.0038076893 0.006696817 15.6332783644 63.51151201537 2535.51245 -2.852 -0.46600000000000014
15.28161482614 62.84408862962 0.009 0.0091 31.4576 "" "" 522939279348063232 2591.59497 0.3517 0.0121 -2.48 -0.987 0.011 0.013 1.073 "" "" 13.355165 2.121492 14.449141 12.327649 -93.56 0.57 2522.45947 2666.21411 85680.32201 14.513 22686.0 15.282 92918.0 31.433 "" "" 0.002761450980865876 0.0028844364 0.003797187 0.0066816234 15.28161482614 62.84408862962 2591.59497 -2.4799999999999995 -0.9870000000000001
14.55690984891 63.5754155368 0.0086 0.0098 18.049 "" "" 523736528359217920 2568.29126 0.3589 0.0125 -2.553 -0.276 0.011 0.014 0.982 12152.2 3.9579 13.361734 0.755981 13.652631 12.89665 "" "" 2490.6228 2686.88379 85163.36861 19.758 47246.0 25.881 55017.0 30.005 "" "" 0.0027668102583341524 0.0028528557 0.003825487 0.006678343 14.55690984891 63.5754155368 2568.29126 -2.553 -0.27599999999999997
13.95471441714 63.53716055293 0.0175 0.0166 23.8841 "" "" 523744083194392064 2657.03784 0.3452 0.0245 1.065 -1.238 0.021 0.022 2.351 5063.8 2.5332 13.367773 1.868544 14.213606 12.345062 -42.56 0.89 2510.30957 2800.0542 84691.06444 27.627 28182.0 77.761 91439.0 160.47 "" "" 0.0027779904265451947 0.004093889 0.0042325268 0.008326416 13.95471441714 63.53716055293 2657.03784 1.065 -1.2380000000000002
13.95576834028 63.56999404314 0.0083 0.0089 25.1919 "" "" 523745358811817472 2518.57739 0.3647 0.0123 1.362 -1.265 0.01 0.011 1.049 4960.6 2.6239 13.371143 1.876924 14.301139 12.424215 -19.24 0.78 2441.77222 2587.36841 84428.58091 12.792 25999.0 20.666 85010.0 28.568 "" "" 0.0027602265434061354 0.002920593 0.0037969532 0.006717546 13.95576834028 63.56999404314 2518.57739 1.362 -1.2650000000000001
14.31297841656 63.08081865406 0.0079 0.0097 14.4686 "" "" 523699041883817600 2277.18115 0.4085 0.012 -0.139 -0.869 0.01 0.013 0.95 "" "" 13.378273 1.859798 14.29292 12.433122 -71.98 0.93 2207.26733 2344.57153 83875.95815 12.661 26197.0 27.116 84316.0 38.868 "" "" 0.00276019014373119 0.0030079943 0.0038123785 0.006820373 14.31297841656 63.08081865406 2277.18115 -0.13900000000000007 -0.869
14.53422912966 63.32305419553 0.008 0.0103 3.7487 "" "" 523726426596298880 2773.55591 0.3258 0.0123 -2.061 -0.324 0.01 0.014 1.06 "" "" 13.414678 1.018823 13.830776 12.811954 "" "" 2683.5415 2881.97192 81110.21689 11.818 40096.0 25.335 59481.0 20.403 "" "" 0.0027598577971016864 0.0028732712 0.0037976874 0.0066709584 14.53422912966 63.32305419553 2773.55591 -2.061 -0.3240000000000001
15.31806295404 63.60527007467 0.0087 0.0103 27.098 "" "" 523363587756473600 2644.53076 0.3492 0.013 -1.786 1.06 0.011 0.015 1.06 "" "" 13.417284 1.92641 14.376745 12.450335 -19.01 0.94 2556.82935 2710.01538 80915.78401 14.647 24250.0 18.291 82990.0 43.44 "" "" 0.0027623206515364493 0.0029078694 0.0038218722 0.0067297416 15.31806295404 63.60527007467 2644.53076 -1.7859999999999998 1.06
14.23926107229 63.51037241119 0.0083 0.009 17.4795 "" "" 523746870640485248 2064.91797 0.4529 0.012 -2.61 -1.474 0.011 0.013 1.036 5185.0 2.9241 13.419766 1.798705 14.294666 12.495961 -39.72 1.2 2008.92236 2122.91504 80730.96453 12.896 26155.0 17.849 79574.0 28.964 "" "" 0.00276077334138293 0.002886874 0.0037999877 0.0066868616 14.23926107229 63.51037241119 2064.91797 -2.61 -1.474
15.23075798155 63.59299110692 0.0479 0.0578 24.9883 "" "" 523364240591507840 2719.39844 0.3411 0.0728 -0.507 -0.282 0.062 0.081 6.07 7097.0 3.2938 13.421521 1.049312 13.843286 12.793974 "" "" 2272.57715 3353.05957 80600.58597 35.789 39637.0 29.934 60474.0 26.943 "" "" 0.0027971786286022098 0.0029081556 0.0038102127 0.0067183683 15.23075798155 63.59299110692 2719.39844 -0.5070000000000001 -0.282
15.7257646096 63.06918651692 0.0077 0.0098 32.2602 "" "" 522956287419490176 2486.56299 0.3703 0.0115 -2.812 -1.19 0.01 0.014 1.007 12730.7 3.874 13.430718 0.744409 13.716105 12.971696 "" "" 2417.88037 2563.90649 79920.71394 12.833 44563.0 22.654 51343.0 21.084 "" "" 0.002760830182221777 0.002844238 0.00380559 0.006649828 15.7257646096 63.06918651692 2486.56299 -2.8120000000000003 -1.19
15.43441645024 62.98446816365 0.0086 0.0093 28.0482 "" "" 522953435561246208 2828.19727 0.3261 0.0116 -2.324 -0.23 0.01 0.014 1.005 15006.0 3.7442 13.436229 0.908128 13.797864 12.889736 "" "" 2721.00366 2901.00024 79516.1329 19.684 41331.0 44.107 55369.0 32.519 "" "" 0.0027683979571741075 0.003021182 0.003832799 0.006853981 15.43441645024 62.98446816365 2828.19727 -2.3239999999999994 -0.22999999999999995
15.28731796776 63.45306896593 0.0089 0.0097 20.7083 "" "" 523355066541457152 2682.76025 0.3436 0.0125 -2.32 -0.43 0.012 0.014 0.953 15003.3 3.7818 13.463279 0.98951 13.864693 12.875183 "" "" 2590.07715 2756.44385 77559.53474 12.212 38863.0 27.68 56116.0 19.568 "" "" 0.0027606184486607434 0.002895351 0.0037982978 0.006693649 15.28731796776 63.45306896593 2682.76025 -2.32 -0.43000000000000005
15.44883443032 63.42335946254 0.0095 0.01 23.8343 "" "" 523353279835095680 2839.54761 0.3236 0.0135 -2.855 -0.017 0.012 0.015 1.016 9493.5 3.2004 13.484571 1.216412 14.003454 12.787043 "" "" 2728.70679 2985.9519 76053.31174 10.614 34201.0 21.793 60861.0 24.817 "" "" 0.002759483526575444 0.0028746624 0.0038052246 0.006679887 15.44883443032 63.42335946254 2839.54761 -2.855 -0.017000000000000043
13.94283322472 63.55905289571 0.0085 0.0093 24.9933 "" "" 523745221372867968 2631.35596 0.3478 0.0127 -2.946 -0.52 0.011 0.012 0.994 12483.0 3.8131 13.502155 0.658026 13.74971 13.091684 "" "" 2526.70312 2728.75439 74831.54422 14.757 43205.0 26.24 45971.0 21.019 "" "" 0.002763626720900731 0.002867031 0.003811845 0.006678876 13.94283322472 63.55905289571 2631.35596 -2.9459999999999993 -0.52
15.35614302882 63.45631296696 0.0093 0.0105 22.4104 "" "" 523353554712969344 2628.11084 0.3518 0.0137 -2.238 -0.408 0.012 0.015 0.912 6681.5 3.4685 13.534036 0.941652 13.912262 12.97061 "" "" 2551.78638 2705.81201 72666.20613 17.475 37197.0 36.981 51394.0 37.182 "" "" 0.0027676638680103754 0.002991692 0.0038601467 0.006851839 15.35614302882 63.45631296696 2628.11084 -2.2379999999999995 -0.40800000000000003
15.40123442016 63.23492869633 0.0085 0.0107 21.0719 "" "" 522974360641790336 2484.10107 0.3727 0.0132 -1.499 -0.036 0.011 0.016 1.04 11723.0 3.8345 13.53928 0.875869 13.884439 13.008571 "" "" 2395.81567 2577.27588 72316.08491 12.195 38163.0 22.811 49628.0 18.669 "" "" 0.0027613968141442335 0.0028646488 0.003801387 0.006666036 15.40123442016 63.23492869633 2484.10107 -1.499 -0.035999999999999956
14.88278038736 63.55300057564 0.0106 0.0107 17.9801 "" "" 524108060207046656 2650.13208 0.3466 0.0148 -2.588 -0.438 0.014 0.015 0.997 13179.0 3.8293 13.540375 0.78144 13.843036 13.061596 "" "" 2537.97705 2739.64233 72243.17028 15.465 39646.0 37.512 47263.0 20.126 "" "" 0.0027651056844061805 0.0029732783 0.0038075563 0.006780835 14.88278038736 63.55300057564 2650.13208 -2.5879999999999996 -0.43799999999999994
15.0923383321 63.19160185572 0.0102 0.0112 13.5793 "" "" 522976181707783424 2379.70728 0.3937 0.0149 -2.652 -0.418 0.012 0.015 1.32 "" "" 13.544782 0.910046 13.891193 12.981148 "" "" 2294.01025 2460.4939 71950.52991 16.139 37926.0 29.633 50898.0 35.661 "" "" 0.0027660622212789987 0.002916283 0.0038551786 0.0067714616 15.0923383321 63.19160185572 2379.70728 -2.652 -0.41800000000000015
15.38182136297 63.29857803055 0.0089 0.01 20.4234 "" "" 522975735031311616 2890.57349 0.3065 0.0133 -1.804 0.752 0.012 0.015 1.015 "" "" 13.550804 2.168557 14.676889 12.508332 -59.82 0.95 2783.36572 2974.62012 71552.54129 14.451 18393.0 16.081 78673.0 40.861 "" "" 0.0027640319661104444 0.002947226 0.0038212196 0.0067684455 15.38182136297 63.29857803055 2890.57349 -1.804 0.7519999999999999
14.81808905711 62.9091484395 0.0088 0.0095 22.631 "" "" 522942646602365696 2585.7561 0.3538 0.0126 -0.669 -0.668 0.011 0.012 0.976 12732.0 4.0682 13.552083 0.734793 13.832994 13.098201 "" "" 2513.80737 2667.10547 71468.33539 14.729 40015.0 25.144 45696.0 28.557 "" "" 0.0027643911219875144 0.0028723679 0.0038398057 0.0067121736 14.81808905711 62.9091484395 2585.7561 -0.6689999999999999 -0.6680000000000001
15.38672514367 63.55667115614 0.0091 0.0107 26.4601 "" "" 523360220502142336 2001.99768 0.4636 0.0137 -1.033 0.284 0.012 0.015 1.047 "" "" 13.555809 2.042751 14.597005 12.554254 -48.98 0.89 1951.80066 2060.79932 71223.44787 13.813 19798.0 16.329 75415.0 20.872 "" "" 0.0027633544222903164 0.002930351 0.0037913087 0.0067216596 15.38672514367 63.55667115614 2001.99768 -1.0330000000000001 0.28400000000000003
13.85276620703 63.34616312327 0.0086 0.0096 21.2619 "" "" 523718455135766016 2238.49316 0.4156 0.0123 0.207 -1.164 0.011 0.013 1.025 5359.0 2.766 13.556894 1.828808 14.453371 12.624563 -16.55 0.92 2189.66772 2286.39917 71152.28783 11.447 22598.0 12.139 70686.0 18.657 "" "" 0.002760851362410276 0.0028504739 0.003790231 0.006640705 13.85276620703 63.34616312327 2238.49316 0.20699999999999996 -1.1639999999999997
15.62229047711 63.24909068598 0.0086 0.0107 26.9369 "" "" 523337955391918592 2601.2832 0.3523 0.0131 -2.704 -0.182 0.011 0.016 1.032 "" "" 13.558251 2.022914 14.582399 12.559485 -70.67 0.98 2514.40234 2698.49487 71063.46175 14.071 20066.0 14.777 75052.0 27.612 "" "" 0.0027636944178973982 0.0029024715 0.0038004322 0.0067029037 15.62229047711 63.24909068598 2601.2832 -2.7039999999999997 -0.18200000000000005
14.51630174283 63.27744771023 0.0083 0.0109 2.9666 "" "" 523724773024368896 2633.65771 0.3489 0.0127 -2.672 0.068 0.011 0.015 0.897 13391.2 3.9908 13.564692 0.746157 13.851866 13.105709 "" "" 2562.90527 2702.95093 70643.08707 46.499 39325.0 69.796 45381.0 106.33 "" "" 0.002846493530735439 0.0033909366 0.0045558023 0.007946739 14.51630174283 63.27744771023 2633.65771 -2.6719999999999997 0.06799999999999994
15.39497422355 62.93086835482 0.0266 0.0322 29.4056 "" "" 522951678910770944 2340.85352 0.3947 0.0385 -2.052 -0.545 0.032 0.042 2.568 19161.8 4.4967 13.573704 0.856282 13.84321 12.986928 "" "" 2164.0061 2589.14062 70059.20736 108.65 39640.0 177.73 50628.0 216.84 "" "" 0.00322907877096878 0.005610932 0.0059923464 0.011603279 15.39497422355 62.93086835482 2340.85352 -2.052 -0.5449999999999999
14.11602852282 62.98769040094 0.0098 0.0108 22.1595 "" "" 523703989686206336 2606.5708 0.3539 0.0144 0.926 -0.528 0.012 0.015 1.171 4922.0 2.8105 13.58063 1.728421 14.413581 12.68516 -26.13 1.16 2496.58447 2696.53491 69613.6898 10.062 23441.0 15.025 66849.0 26.021 "" "" 0.002759785741313415 0.0028756496 0.003802938 0.0066785878 14.11602852282 62.98769040094 2606.5708 0.9260000000000002 -0.528
14.95729310741 62.8731809837 0.0143 0.0155 25.8 "" "" 522941615811699584 2722.11841 0.3448 0.0209 -0.537 -1.902 0.017 0.02 1.059 "" "" 13.581014 1.828427 14.476104 12.647676 -41.01 1.1 2589.63672 2886.26147 69589.10833 16.842 22130.0 23.192 69197.0 35.459 "" "" 0.002767821843241951 0.0030132586 0.0038201145 0.006833373 14.95729310741 62.8731809837 2722.11841 -0.5369999999999999 -1.9019999999999997
15.18739802024 62.96177721677 0.0156 0.0171 24.2417 "" "" 522964155799462528 2560.95044 0.3612 0.0227 -3.298 0.362 0.02 0.023 1.93 5417.8 2.6673 13.583377 1.833293 14.48139 12.648097 -37.91 1.19 2421.03076 2696.64453 69437.80393 12.034 22022.0 14.149 69170.0 38.931 "" "" 0.002761737748109013 0.00287605 0.0038284662 0.0067045162 15.18739802024 62.96177721677 2560.95044 -3.297999999999999 0.36199999999999993
15.5026016022 63.200347318 0.0089 0.0099 24.1104 "" "" 522962334733374464 2509.18408 0.3705 0.0126 -1.582 -0.096 0.011 0.016 1.054 11335.5 3.9819 13.583924 0.892103 13.939172 13.047069 "" "" 2440.51953 2585.22998 69402.82289 11.637 36287.0 21.816 47899.0 23.61 "" "" 0.0027613278012467335 0.0028655075 0.003817085 0.0066825924 15.5026016022 63.200347318 2509.18408 -1.582 -0.096
13.82307302539 63.58381199028 0.0127 0.0147 28.3764 "" "" 523745187013118464 2176.98633 0.4302 0.0196 -2.082 -1.779 0.017 0.02 1.602 4802.1 2.779 13.598762 1.856532 14.51444 12.657908 -9.34 1.11 2094.31128 2269.17993 68460.77443 12.188 21362.0 20.998 68548.0 29.546 "" "" 0.0027620918491412945 0.0029873133 0.0038082455 0.006795559 13.82307302539 63.58381199028 2176.98633 -2.082 -1.7789999999999997
13.53950953154 63.0498295046 0.0086 0.0104 32.4178 "" "" 523660593337955968 2543.63452 0.3626 0.0129 -2.148 -0.468 0.011 0.014 1.008 6752.6 3.3139 13.602901 0.608959 13.828831 13.219871 "" "" 2454.771 2627.8457 68200.25364 33.514 40168.0 54.938 40852.0 44.537 "" "" 0.002806501585402404 0.0031607242 0.0039604055 0.00712113 13.53950953154 63.0498295046 2543.63452 -2.148 -0.468
14.00644403197 63.03718253545 0.0089 0.0099 22.0821 "" "" 523704333283545216 2308.67676 0.396 0.0128 -0.48 -1.185 0.011 0.013 0.993 4906.6 2.6648 13.611959 1.881774 14.544467 12.662693 -61.66 0.88 2245.93823 2378.26587 67633.73202 12.158 20779.0 12.32 68247.0 23.517 "" "" 0.0027622241930799585 0.0028634681 0.0037978548 0.006661323 14.00644403197 63.03718253545 2308.67676 -0.48000000000000004 -1.185
15.45603507076 63.07399436525 0.0132 0.0144 25.5342 "" "" 522959929552506240 2266.83472 0.406 0.0182 -4.793 -3.794 0.017 0.022 1.013 5065.7 2.6785 13.616125 1.769543 14.47455 12.705008 -78.67 1.03 2184.65674 2356.14038 67374.69155 10.189 22161.0 21.91 65638.0 19.33 "" "" 0.002760208198108394 0.002989535 0.0037928831 0.006782418 15.45603507076 63.07399436525 2266.83472 -4.793 -3.7939999999999996
14.23476780955 63.27750274611 0.0085 0.0099 10.5619 "" "" 523737043755242496 2593.41675 0.3557 0.0122 -0.763 0.405 0.01 0.013 0.994 5557.6 2.8291 13.621972 1.695347 14.433109 12.737762 -30.84 1.26 2492.10425 2699.48828 67012.79908 9.7001 23024.0 17.194 63687.0 22.006 "" "" 0.0027597986794554315 0.002905592 0.003797956 0.006703548 14.23476780955 63.27750274611 2593.41675 -0.763 0.405
13.90325725154 63.65656108713 0.0087 0.0097 29.9383 "" "" 523751681003645056 2480.40259 0.3716 0.0132 -2.957 -0.424 0.011 0.013 1.024 9349.5 3.5789 13.62838 0.733704 13.91127 13.177567 "" "" 2395.45605 2572.12476 66618.47191 12.705 37231.0 21.966 42475.0 18.155 "" "" 0.002763089728530971 0.0028627585 0.0038077673 0.0066705258 13.90325725154 63.65656108713 2480.40259 -2.957 -0.4239999999999999
14.57915558167 63.27852807146 0.0086 0.0112 1.2774 "" "" 523726014279476864 2717.64771 0.3377 0.0134 -0.756 -0.029 0.011 0.015 0.948 10755.7 3.5062 13.640218 0.845661 13.9734 13.127739 "" "" 2616.12427 2828.18701 65896.10789 11.607 35161.0 19.994 44470.0 21.843 "" "" 0.002761949151612776 0.0028576606 0.0038168223 0.006674483 14.57915558167 63.27852807146 2717.64771 -0.756 -0.028999999999999984
13.52157265967 63.10967348445 0.0098 0.0106 31.5162 "" "" 523754670302234624 2815.37769 0.3259 0.014 -2.375 -0.657 0.011 0.014 1.256 16899.3 4.0064 13.649836 0.777445 13.843612 13.066167 "" "" 2730.39062 2934.94556 65314.94697 21.916 39625.0 421.08 47064.0 437.53 "" "" 0.002779300696825657 0.01187029 0.010777903 0.022648193 13.52157265967 63.10967348445 2815.37769 -2.375 -0.657
15.16329620473 62.81201675514 0.01 0.0102 31.4491 "" "" 522937527001425792 2074.39331 0.4446 0.0135 6.305 -1.424 0.012 0.015 1.126 4938.2 2.5958 13.655252 1.995859 14.66296 12.667101 -41.82 0.83 2018.01282 2141.95776 64989.91935 11.757 18631.0 17.707 67970.0 36.453 "" "" 0.0027623121273663924 0.0029748688 0.0038239758 0.006798845 15.16329620473 62.81201675514 2074.39331 6.305000000000001 -1.4240000000000002
