Clusters/LP_1888/LP_1888_stars_in_region.tsv
# %ECSV 1.0
# ---
# datatype:
# - name: RA_ICRS_1
#   unit: deg
#   datatype: float64
#   format: '{:15.11f}'
#   description: Right ascension (ICRS) at Ep=2016.0 (ra)
#   meta: !!omap
#   - {ucd: POS_EQ_RA_MAIN}
#   - {width: 15}
#   - {precision: '11'}
# - name: DE_ICRS_1
#   unit: deg
#   datatype: float64
#   format: '{:15.11f}'
#   description: Declination (ICRS) at Ep=2016.0 (dec)
#   meta: !!omap
#   - {ucd: POS_EQ_DEC_MAIN}
#   - {width: 15}
#   - {precision: '11'}
# - name: e_RA_ICRS
#   unit: mas
#   datatype: float64
#   format: '{:7.4f}'
#   description: Standard error of right ascension (ra_error)
#   meta: !!omap
#   - {ucd: ERROR}
#   - {width: 7}
#   - {precision: '4'}
# - name: e_DE_ICRS
#   unit: mas
#   datatype: float64
#   format: '{:7.4f}'
#   description: Standard error of declination (dec_error)
#   meta: !!omap
#   - {ucd: ERROR}
#   - {width: 7}
#   - {precision: '4'}
# - name: _r_1
#   unit: ''
#   datatype: float64
#   format: '{:7.4f}'
#   description: Distance from center (014.62621825000+63.27620105000)[ICRS], at Epoch=J2016.0
#   meta: !!omap
#   - {ucd: POS_ANG_DIST_GENERAL}
#   - {width: 7}
#   - {precision: '4'}
# - name: HIP
#   datatype: int32
#   description: '? HIP cross-id number, van Leeuwen, Cat. I/311 (hip_original_ext_source_id)'
#   meta: !!omap
#   - {ucd: ID_NUMBER}
#   - {width: 6}
#   - values: {'null': -2147483648}
# - name: TYC2
#   datatype: string
#   description: Tycho-2 cross-id name, Hog et al., Cat. I/259 (tyc2_original_ext_source_id)
#   meta: !!omap
#   - {ucd: ID_CROSSID}
#   - {_votable_string_dtype: char}
# - name: Source
#   datatype: int64
#   description: Source identifier, identical to the Gaia-EDR3 source_id (id)
#   meta: !!omap
#   - {ucd: ID_MAIN}
#   - {width: 19}
# - name: rgeo
#   unit: pc
#   datatype: float64
#   format: '{:15.8f}'
#   description: '? Median of the geometric distance posterior (r_med_geo)'
#   meta: !!omap
#   - {ucd: PHYS_DISTANCE_TRUE}
#   - {width: 15}
#   - {precision: '8'}
#   - values: {'null': .nan}
# - name: Plx
#   unit: mas
#   datatype: float64
#   format: '{:9.4f}'
#   description: '? Parallax (parallax)'
#   meta: !!omap
#   - {ucd: POS_PARLX_TRIG}
#   - {width: 9}
#   - {precision: '4'}
#   - values: {'null': .nan}
# - name: e_Plx
#   unit: mas
#   datatype: float32
#   format: '{:7.4f}'
#   description: '? Standard error of parallax (parallax_error)'
#   meta: !!omap
#   - {ucd: ERROR}
#   - {width: 7}
#   - {precision: '4'}
#   - values: {'null': .nan}
# - name: pmRA
#   unit: mas / yr
#   datatype: float64
#   format: '{:9.3f}'
#   description: '? Proper motion in right ascension direction, pmRA*cosDE (pmra)'
#   meta: !!omap
#   - {ucd: POS_EQ_PMRA}
#   - {width: 9}
#   - {precision: '3'}
#   - values: {'null': .nan}
# - name: pmDE
#   unit: mas / yr
#   datatype: float64
#   format: '{:9.3f}'
#   description: '? Proper motion in declination direction (pmdec)'
#   meta: !!omap
#   - {ucd: POS_EQ_PMDEC}
#   - {width: 9}
#   - {precision: '3'}
#   - values: {'null': .nan}
# - name: e_pmRA
#   unit: mas / yr
#   datatype: float32
#   format: '{:6.3f}'
#   description: '? Standard error of proper motion in right ascension direction (pmra_error)'
#   meta: !!omap
#   - {ucd: ERROR}
#   - {width: 6}
#   - {precision: '3'}
#   - values: {'null': .nan}
# - name: e_pmDE
[...]
#         unit: &id001 !astropy.units.Unit {unit: deg}
#         value: !astropy.table.SerializedColumn {name: SkyCoord.dec}
#       distance: !astropy.table.SerializedColumn
#         __class__: astropy.coordinates.distances.Distance
#         unit: !astropy.units.Unit {unit: pc}
#         value: !astropy.table.SerializedColumn {name: SkyCoord.distance}
#       frame: icrs
#       obstime: !astropy.time.Time {format: jyear_str, in_subfmt: '*', jd1: 367701545.0, jd2: 0.0, out_subfmt: '*', precision: 3, scale: tt}
#       pm_dec: !astropy.table.SerializedColumn
#         __class__: astropy.units.quantity.Quantity
#         unit: !astropy.units.Unit {unit: mas / yr}
#         value: !astropy.table.SerializedColumn {name: SkyCoord.pm_dec}
#       pm_ra_cosdec: !astropy.table.SerializedColumn
#         __class__: astropy.units.quantity.Quantity
#         unit: !astropy.units.Unit {unit: mas / yr}
#         value: !astropy.table.SerializedColumn {name: SkyCoord.pm_ra_cosdec}
#       ra: !astropy.table.SerializedColumn
#         __class__: astropy.coordinates.angles.Longitude
#         unit: *id001
#         value: !astropy.table.SerializedColumn {name: SkyCoord.ra}
#         wrap_angle: !astropy.coordinates.Angle
#           unit: *id001
#           value: 360.0
#       representation_type: spherical
# schema: astropy-2.0
RA_ICRS_1 DE_ICRS_1 e_RA_ICRS e_DE_ICRS _r_1 HIP TYC2 Source rgeo Plx e_Plx pmRA pmDE e_pmRA e_pmDE RUWE Teff logg Gmag BP-RP BPmag RPmag RV e_RV b_rgeo B_rgeo FG e_FG FBP e_FBP FRP e_FRP RAVE5 RAVE6 e_Gmag e_BPmag e_RPmag e_BP-RP SkyCoord.ra SkyCoord.dec SkyCoord.distance SkyCoord.pm_ra_cosdec SkyCoord.pm_dec
[from data line 40]
15.20197771338 63.34067670827 0.0075 0.0083 15.9923 "" 4021-810-1 522978960542090368 2574.62988 0.3687 0.0108 -2.763 -0.504 0.01 0.011 1.002 17501.2 3.7416 12.334328 0.828668 12.658979 11.830312 "" "" 2510.52539 2646.93872 219389.40234 33.254 117980.0 61.365 146900.0 40.111 "" "" 0.002760230593009653 0.0028467458 0.0037909914 0.006637737 15.20197771338 63.34067670827 2574.62988 -2.7629999999999995 -0.504
14.922384513 63.05214513373 0.008 0.0093 15.6549 "" "" 522968446463469184 2837.80688 0.3477 0.012 -0.076 -0.54 0.01 0.012 0.979 "" "" 12.363821 2.333381 13.609025 11.275644 -76.45 0.23 2735.1355 2932.78809 213509.96975 46.916 49182.0 49.766 244850.0 95.944 "" "" 0.0027656297666112644 0.002998672 0.0038032525 0.0068019247 14.922384513 63.05214513373 2837.80688 -0.076 -0.54
15.19435681348 63.24944342385 0.0194 0.0221 15.42 "" "" 522976800183990016 2585.41284 0.3829 0.0286 0.845 -1.764 0.026 0.028 1.072 4580.4 2.1445 12.372987 2.482221 13.720995 11.238774 -17.12 0.42 2404.67822 2790.56714 211715.15338 60.199 44363.0 60.259 253310.0 121.45 "" "" 0.0027725612823674504 0.0031559477 0.0038150633 0.006971011 15.19435681348 63.24944342385 2585.41284 0.8450000000000001 -1.764
14.49482948928 63.37498283719 0.0061 0.0077 6.9031 "" "" 523726903325797888 2737.87549 0.3574 0.0092 -2.808 -0.617 0.008 0.011 0.889 "" "" 12.39114 1.753675 13.239544 11.485869 -74.25 0.53 2663.99023 2808.35181 208204.82571 28.364 69119.0 36.399 201750.0 51.425 "" "" 0.002759287429748657 0.0028481504 0.0037895008 0.0066376515 14.49482948928 63.37498283719 2737.87549 -2.808 -0.6170000000000002
13.81243219642 63.64281755033 0.0079 0.0087 30.9813 "" 4021-302-1 523792667865023616 2661.14648 0.3506 0.0117 -2.862 -0.562 0.01 0.012 0.952 14715.2 3.8505 12.391434 0.560313 12.596494 12.036181 "" "" 2590.39868 2741.58447 208148.41309 54.596 124970.0 90.136 121530.0 96.936 "" "" 0.002769998195174113 0.0028979806 0.003877333 0.0067753135 13.81243219642 63.64281755033 2661.14648 -2.8620000000000005 -0.5620000000000002
15.48867675953 63.55340641833 0.007 0.0078 28.5119 "" 4021-760-1 523360083063194368 2508.27588 0.3802 0.0102 -2.652 -0.522 0.009 0.011 0.92 17219.8 3.8456 12.441897 0.818086 12.761649 11.943563 "" "" 2436.33179 2566.83398 198695.42641 28.041 107340.0 49.35 132350.0 36.933 "" "" 0.0027595773838026963 0.00283447 0.0037915069 0.006625977 15.48867675953 63.55340641833 2508.27588 -2.6520000000000006 -0.5220000000000001
15.06545597408 63.6834644861 0.0076 0.0083 27.1215 "" "" 524115408889168000 2028.23242 0.4868 0.0113 -3.113 -3.046 0.01 0.011 1.0 4872.5 2.2194 12.459017 2.125205 13.556782 11.431577 -35.51 0.27 1987.49097 2075.58618 195586.95952 30.337 51606.0 34.501 212090.0 67.86 "" "" 0.002760461902532228 0.0028830415 0.0037953139 0.0066783554 15.06545597408 63.6834644861 2028.23242 -3.113 -3.046
13.73539549784 63.21724494125 0.0269 0.0321 24.3186 "" 4021-1387-1 523710238852694528 2475.76489 0.3883 0.0388 -2.497 -0.543 0.035 0.043 3.699 12715.6 3.7294 12.487 0.653503 12.731481 12.077977 "" "" 2271.34644 2772.83618 190610.33833 50.977 110360.0 84.316 116940.0 77.732 "" "" 0.0027705783311155366 0.0029108655 0.003847673 0.0067585385 13.73539549784 63.21724494125 2475.76489 -2.4969999999999994 -0.5429999999999999
13.67877871867 63.27559348585 0.0069 0.0087 25.5633 "" "" 523716457965629952 2648.10645 0.3585 0.0102 -2.944 -0.613 0.009 0.012 0.973 15223.0 3.6947 12.489507 0.688904 12.749501 12.060597 "" "" 2573.27954 2728.95312 190170.88407 73.119 108550.0 141.79 118830.0 163.69 "" "" 0.0027867649321317188 0.0031299142 0.004064554 0.007194468 13.67877871867 63.27559348585 2648.10645 -2.9439999999999995 -0.6130000000000001
14.16537316126 63.45421292738 0.0086 0.0094 16.3625 "" "" 523740509782189696 2802.65576 0.3526 0.0123 -3.404 -1.073 0.011 0.013 1.047 4638.6 2.0456 12.494756 2.269415 13.693825 11.42441 -75.0 0.45 2695.37891 2925.11841 189253.67467 40.495 45487.0 32.075 213500.0 78.736 "" "" 0.0027650968677366172 0.0028933021 0.003800533 0.0066938354 14.16537316126 63.45421292738 2802.65576 -3.4039999999999995 -1.073
14.21047448964 63.46554770073 0.0106 0.0115 15.9396 "" "" 523740857686145408 2872.90747 0.3343 0.0153 -3.979 0.829 0.014 0.016 1.056 4858.5 1.8323 12.505598 2.659585 13.992528 11.332943 -63.34 0.29 2773.26929 3016.25098 187373.28086 65.513 34547.0 60.389 232260.0 245.16 "" "" 0.002781348139940061 0.00337447 0.003949321 0.007323791 14.21047448964 63.46554770073 2872.90747 -3.979 0.8290000000000002
15.13219186126 62.99337677327 0.0081 0.0091 21.8211 "" "" 522964465037098880 2815.37646 0.3343 0.0118 -2.316 -0.194 0.009 0.011 1.015 17900.1 3.9596 12.525956 0.660086 12.773134 12.113049 "" "" 2715.00171 2921.84741 183892.59963 33.266 106210.0 57.511 113220.0 26.334 "" "" 0.0027623116707823307 0.0028514354 0.0037878093 0.006639245 15.13219186126 62.99337677327 2815.37646 -2.3160000000000003 -0.1939999999999999
14.12983638715 63.33753250166 0.0073 0.0081 13.8757 "" "" 523738104600507520 2127.77319 0.465 0.0104 -2.786 -2.69 0.009 0.011 0.983 "" "" 12.52747 2.120696 13.621977 11.501281 -103.51 0.29 2074.50854 2164.97778 183636.48956 32.695 48599.0 33.988 198910.0 79.022 "" "" 0.002762092836856666 0.0028916446 0.003803916 0.0066955606 14.12983638715 63.33753250166 2127.77319 -2.786 -2.6899999999999995
13.70324877598 63.11861817634 0.0077 0.0091 26.7008 "" "" 523707975415716864 2734.18213 0.3587 0.0114 -6.751 1.082 0.009 0.012 1.036 "" "" 12.58743 2.177099 13.720963 11.543863 -127.94 0.29 2637.4917 2867.98682 173770.04038 31.249 44364.0 33.055 191260.0 86.96 "" "" 0.0027622293529286613 0.0029050775 0.003811485 0.0067165624 13.70324877598 63.11861817634 2734.18213 -6.7509999999999994 1.0819999999999999
13.79360014109 63.06690550463 0.0075 0.009 25.8076 "" "" 523706841544406016 2003.2356 0.4795 0.0112 -1.304 -0.246 0.009 0.012 0.964 "" "" 12.595993 0.625045 12.829164 12.20412 "" "" 1957.18787 2052.61694 172404.94369 27.361 100870.0 47.965 104110.0 29.556 "" "" 0.002760702737268057 0.0028375331 0.0037919302 0.0066294633 13.79360014109 63.06690550463 2003.2356 -1.3040000000000003 -0.246
15.39644151729 63.05474370235 0.0075 0.0085 24.7334 "" "" 522965800762301184 2297.20581 0.425 0.0105 -1.889 -1.913 0.01 0.013 0.956 "" "" 12.607671 2.192758 13.753497 11.56074 -43.55 0.32 2243.15967 2364.58813 170560.50435 31.574 43054.0 32.077 188310.0 68.372 "" "" 0.002762641229985395 0.002905064 0.0037998855 0.00670495 15.39644151729 63.05474370235 2297.20581 -1.8890000000000002 -1.9130000000000005
15.08876526997 63.13333019806 0.0075 0.0083 15.166 "" "" 522969756436881152 2642.99121 0.3558 0.0107 -2.347 -0.512 0.01 0.011 0.99 15894.3 3.8154 12.629351 0.65635 12.87489 12.21854 "" "" 2551.36353 2707.83276 167188.60414 32.924 96708.0 61.49 102740.0 42.155 "" "" 0.0027636035504222264 0.0028743043 0.0038055466 0.0066798506 15.08876526997 63.13333019806 2642.99121 -2.347 -0.5120000000000002
15.47924967003 63.04005650831 0.0082 0.0098 27.1074 "" 4021-1261-1 522953813518335744 2462.8606 0.3839 0.0118 -2.255 -0.618 0.01 0.014 1.055 14700.7 3.9036 12.635295 0.559499 12.840542 12.281043 "" "" 2403.69287 2525.15869 166275.68383 36.047 99816.0 57.772 96993.0 48.67 "" "" 0.0027653556562456092 0.0028600602 0.003818448 0.006678508 15.47924967003 63.04005650831 2462.8606 -2.255 -0.6179999999999999
14.53589220558 63.39640706009 0.0091 0.0108 7.6114 "" "" 523732920586791808 2164.37207 0.4452 0.0137 -3.91 -0.36 0.012 0.015 1.14 "" "" 12.640429 0.903357 12.999659 12.096302 -63.74 16.56 2100.81421 2216.33276 165491.20545 23.352 86209.0 48.614 114980.0 35.644 "" "" 0.0027595762778341725 0.002856555 0.0037943395 0.0066508944 14.53589220558 63.39640706009 2164.37207 -3.9099999999999993 -0.36000000000000004
14.07555793642 63.02152213791 0.0078 0.0091 21.3587 "" "" 523704092765394048 2842.91699 0.3436 0.0114 -4.096 -0.066 0.009 0.012 1.076 4833.2 2.0831 12.658678 1.956672 13.640386 11.683714 -77.48 0.35 2738.94727 2943.00269 162732.97078 32.894 47782.0 42.803 168140.0 82.212 "" "" 0.0027640467311393106 0.0029548262 0.003816484 0.00677131 14.07555793642 63.02152213791 2842.91699 -4.096 -0.06599999999999975
15.19410738597 63.12538994847 0.0087 0.0094 17.8292 "" "" 522967175153293568 2329.69873 0.4063 0.0123 -2.294 -0.835 0.011 0.012 1.05 "" "" 12.66682 0.657783 12.914092 12.25631 "" "" 2251.37329 2397.37744 161517.19428 26.093 93278.0 49.618 99228.0 35.859 "" "" 0.002760897419543857 0.0028493165 0.0037996944 0.006649011 15.19410738597 63.12538994847 2329.69873 -2.2940000000000005 -0.8350000000000001
14.06988554602 63.68260711092 0.0093 0.0103 28.5786 "" "" 523752673129561216 2824.56128 0.3342 0.0135 -2.915 -0.48 0.012 0.014 1.03 "" "" 12.684733 0.594262 12.905388 12.311126 "" "" 2737.14038 2931.93188 158874.24306 50.129 94029.0 109.73 94343.0 85.182 "" "" 0.0027765354846668463 0.0030643793 0.00390445 0.0069688293 14.06988554602 63.68260711092 2824.56128 -2.9150000000000005 -0.4799999999999999
14.57434686779 63.67493057943 0.0085 0.0094 23.9641 "" "" 524112767491129856 2634.66187 0.3589 0.0115 -2.194 -0.817 0.011 0.013 0.957 13598.8 3.8309 12.692008 0.696419 12.956529 12.26011 "" "" 2557.30518 2716.12207 157813.31102 27.194 89703.0 63.174 98881.0 45.658 "" "" 0.0027616648214455124 0.0028930467 0.003812488 0.0067055346 14.57434686779 63.67493057943 2634.66187 -2.194 -0.8169999999999997
13.98732646981 63.44376527092 0.0072 0.008 19.9125 "" "" 523742025917254272 2194.26685 0.4432 0.0107 0.075 0.729 0.009 0.011 1.02 5017.9 2.5276 12.713469 1.94721 13.689396 11.742186 -31.26 0.4 2149.50928 2257.43555 154724.57147 20.44 45673.0 25.992 159330.0 45.551 "" "" 0.002759050947343848 0.0028577656 0.003792107 0.0066498728 13.98732646981 63.44376527092 2194.26685 0.07500000000000001 0.7290000000000001
14.34581505989 62.97050437138 0.009 0.0104 19.8562 "" 4021-422-1 523691650235500416 2385.72388 0.3948 0.0129 -2.43 -0.758 0.011 0.013 1.056 15004.6 3.7844 12.719218 0.543334 12.91645 12.373116 "" "" 2323.30615 2459.79468 153907.36113 26.669 93076.0 44.831 89107.0 34.572 "" "" 0.0027617357795620785 0.0028387553 0.0038027852 0.0066415407 14.34581505989 62.97050437138 2385.72388 -2.4300000000000006 -0.7579999999999999
14.83195891487 63.73975298698 0.1622 0.1898 28.3529 "" "" 524119605081686528 2575.57373 0.6204 0.2423 -3.168 1.318 0.206 0.244 7.164 6097.0 2.8872 12.724806 1.739283 13.470478 11.731195 -51.55 0.62 1630.64551 4364.03662 153117.41737 330.23 55876.0 49.586 160950.0 44.205 "" "" 0.0036159326938342506 0.002951848 0.0037911278 0.0067429757 14.83195891487 63.73975298698 2575.57373 -3.168 1.3180000000000003
13.92312435795 63.17858993412 0.0075 0.0095 19.8845 "" "" 523714980496589952 2727.71338 0.3542 0.0112 -3.023 -0.312 0.009 0.012 1.033 "" "" 12.731042 2.107687 13.816168 11.708481 -67.7 0.57 2656.70044 2819.41284 152240.39103 24.751 40640.0 28.825 164350.0 55.807 "" "" 0.0027609686239700535 0.0028944917 0.003797321 0.0066918125 13.92312435795 63.17858993412 2727.71338 -3.023 -0.3119999999999997
14.20311393463 63.03098443005 0.0078 0.0092 18.6522 "" "" 523692749747126016 2033.34827 0.47 0.0115 -0.081 0.17 0.009 0.012 1.007 "" "" 12.731268 0.756991 13.02273 12.265738 "" "" 1977.13586 2091.6189 152208.71136 21.269 84397.0 39.154 98370.0 26.546 "" "" 0.0027594940113457368 0.0028352714 0.003790722 0.006625993 14.20311393463 63.03098443005 2033.34827 -0.08099999999999999 0.16999999999999998
14.55795845898 63.82980374615 0.0079 0.0092 33.2662 "" "" 524126923703201280 2574.42725 0.3772 0.0113 -1.969 0.213 0.01 0.012 1.014 "" "" 12.759504 1.863991 13.675027 11.811036 -74.36 4.33 2504.53271 2659.1167 148301.3173 42.393 46281.0 53.983 149540.0 122.64 "" "" 0.002772745238370091 0.003064127 0.0038828584 0.0069469856 14.55795845898 63.82980374615 2574.42725 -1.969 0.213
14.39216058151 63.03374854363 0.0169 0.0208 15.8694 "" "" 523697594470235776 2522.69922 0.3774 0.025 -2.347 -0.687 0.022 0.027 2.108 18381.2 4.1811 12.780342 0.53494 12.951237 12.416297 "" "" 2382.12646 2697.28735 145482.25021 242.74 90141.0 427.53 85633.0 492.79 "" "" 0.003297511693476851 0.005856861 0.0073021883 0.01315905 14.39216058151 63.03374854363 2522.69922 -2.3470000000000004 -0.6870000000000002
15.24840619384 62.96646043048 0.0084 0.0094 25.1042 "" "" 522963743482601856 2808.21777 0.3406 0.0119 -2.354 -0.635 0.01 0.012 1.024 "" "" 12.793623 0.864775 13.135002 12.270227 "" "" 2708.39526 2890.70142 143713.49928 21.025 76106.0 41.948 97964.0 34.53 "" "" 0.0027598949041695475 0.0028536243 0.003798708 0.0066523324 15.24840619384 62.96646043048 2808.21777 -2.3539999999999996 -0.6349999999999998
14.39072621864 63.63584358872 0.0105 0.0105 22.4834 "" 4021-129-1 523748824838866688 2403.60596 0.3896 0.0138 -2.033 -0.474 0.014 0.016 1.026 13640.4 3.7343 12.821743 0.60838 13.048283 12.439902 "" "" 2310.68311 2498.0144 140039.16107 36.544 82434.0 69.797 83791.0 58.327 "" "" 0.0027698492127333175 0.0029377118 0.0038542098 0.0067919213 14.39072621864 63.63584358872 2403.60596 -2.0330000000000004 -0.474
13.63433327652 63.04714360309 0.0082 0.0099 30.1791 "" "" 523707356940492160 2684.82544 0.3665 0.0125 -0.42 -2.158 0.01 0.013 1.039 4752.2 2.1424 12.829366 1.950211 13.808432 11.858221 -29.02 0.42 2595.34033 2783.72852 139059.38419 20.833 40930.0 27.59 143180.0 45.983 "" "" 0.0027601172211826923 0.0028845593 0.003795433 0.006679992 13.63433327652 63.04714360309 2684.82544 -0.42 -2.1579999999999995
14.44268489876 63.20058884061 0.0089 0.0107 6.7207 "" "" 523724055774427264 2689.12573 0.3499 0.0127 -2.709 -0.6 0.011 0.014 1.025 12938.6 3.6778 12.831885 0.63965 13.071289 12.431639 "" "" 2599.08643 2763.74097 138737.08219 28.884 80705.0 38.536 84431.0 30.71 "" "" 0.002764576708236078 0.002837925 0.0037999584 0.0066378834 14.44268489876 63.20058884061 2689.12573 -2.709 -0.5999999999999999
15.32503196613 63.32398188504 0.0093 0.0103 19.0561 "" "" 522975803750784768 2617.1582 0.3609 0.0136 -2.528 -0.522 0.012 0.014 1.003 15845.3 3.9237 12.841039 0.828393 13.165593 12.3372 "" "" 2539.56665 2700.73535 137572.43695 21.865 73991.0 42.051 92104.0 33.194 "" "" 0.002760718504373761 0.0028575866 0.0037995842 0.006657171 15.32503196613 63.32398188504 2617.1582 -2.528 -0.5219999999999999
14.57056014013 63.03734770682 0.0095 0.0118 14.4103 "" "" 523694884355697024 2369.17578 0.4003 0.0141 -1.546 -0.355 0.012 0.015 1.035 7916.0 3.1084 12.895156 0.765566 13.191373 12.425807 "" "" 2296.0459 2466.67969 130883.33013 20.085 72255.0 34.537 84886.0 28.432 "" "" 0.0027603531774196954 0.0028380235 0.0037968375 0.006634861 14.57056014013 63.03734770682 2369.17578 -1.5460000000000003 -0.35500000000000015
14.11222681027 63.02809862671 0.0093 0.0107 20.3857 "" "" 523704230204344576 2694.90308 0.3508 0.0136 -1.151 -1.233 0.011 0.014 1.027 13780.9 3.756 12.901623 0.717159 13.173595 12.456436 "" "" 2609.53198 2799.05981 130106.09654 77.372 73448.0 176.22 82525.0 170.6 "" "" 0.002829960934842518 0.003817174 0.004395619 0.008212793 14.11222681027 63.02809862671 2694.90308 -1.151 -1.2330000000000003
13.46442672172 63.14567931209 0.0108 0.0123 32.3785 "" "" 523755048259349120 2250.97729 0.4323 0.0155 1.764 -2.602 0.013 0.016 1.278 4872.5 2.6293 12.901974 1.904082 13.849302 11.94522 -44.86 0.29 2167.73999 2325.66089 130064.04977 22.876 39418.0 26.78 132150.0 43.425 "" "" 0.0027619297446296954 0.0028860269 0.0037961847 0.0066822115 13.46442672172 63.14567931209 2250.97729 1.7640000000000002 -2.6020000000000003
15.66683580867 63.11884744008 0.0102 0.0128 29.6943 "" "" 522961029063356032 2759.70776 0.343 0.0155 -1.601 -0.022 0.013 0.018 1.1 "" "" 12.935269 0.939354 13.31405 12.374696 "" "" 2655.13208 2878.69019 126135.94078 18.913 64535.0 30.245 88977.0 33.339 "" "" 0.0027601253967414817 0.002836189 0.0038012138 0.006637403 15.66683580867 63.11884744008 2759.70776 -1.6009999999999998 -0.022000000000000065
