Clusters/UFMG_53/UFMG_53_stars_in_region.tsv
# %ECSV 1.0
# ---
# datatype:
# - name: RA_ICRS_1
#   unit: deg
#   datatype: float64
#   format: '{:15.11f}'
#   description: Right ascension (ICRS) at Ep=2016.0 (ra)
#   meta: !!omap
#   - {ucd: POS_EQ_RA_MAIN}
#   - {width: 15}
#   - {precision: '11'}
# - name: DE_ICRS_1
#   unit: deg
#   datatype: float64
#   format: '{:15.11f}'
#   description: Declination (ICRS) at Ep=2016.0 (dec)
#   meta: !!omap
#   - {ucd: POS_EQ_DEC_MAIN}
#   - {width: 15}
#   - {precision: '11'}
# - name: e_RA_ICRS
#   unit: mas
#   datatype: float64
#   format: '{:7.4f}'
#   description: Standard error of right ascension (ra_error)
#   meta: !!omap
#   - {ucd: ERROR}
#   - {width: 7}
#   - {precision: '4'}
# - name: e_DE_ICRS
#   unit: mas
#   datatype: float64
#   format: '{:7.4f}'
#   description: Standard error of declination (dec_error)
#   meta: !!omap
#   - {ucd: ERROR}
#   - {width: 7}
#   - {precision: '4'}
# - name: _r_1
#   unit: ''
#   datatype: float64
#   format: '{:7.4f}'
#   description: Distance from center (195.42511868000-64.03400097000)[ICRS], at Epoch=J2016.0
#   meta: !!omap
#   - {ucd: POS_ANG_DIST_GENERAL}
#   - {width: 7}
#   - {precision: '4'}
# - name: HIP
#   datatype: int32
#   description: '? HIP cross-id number, van Leeuwen, Cat. I/311 (hip_original_ext_source_id)'
#   meta: !!omap
#   - {ucd: ID_NUMBER}
#   - {width: 6}
#   - values: {'null': -2147483648}
# - name: TYC2
#   datatype: string
#   description: Tycho-2 cross-id name, Hog et al., Cat. I/259 (tyc2_original_ext_source_id)
#   meta: !!omap
#   - {ucd: ID_CROSSID}
#   - {_votable_string_dtype: char}
# - name: Source
#   datatype: int64
#   description: Source identifier, identical to the Gaia-EDR3 source_id (id)
#   meta: !!omap
#   - {ucd: ID_MAIN}
#   - {width: 19}
# - name: rgeo
#   unit: pc
#   datatype: float64
#   format: '{:15.8f}'
#   description: '? Median of the geometric distance posterior (r_med_geo)'
#   meta: !!omap
#   - {ucd: PHYS_DISTANCE_TRUE}
#   - {width: 15}
#   - {precision: '8'}
#   - values: {'null': .nan}
# - name: Plx
#   unit: mas
#   datatype: float64
#   format: '{:9.4f}'
#   description: '? Parallax (parallax)'
#   meta: !!omap
#   - {ucd: POS_PARLX_TRIG}
#   - {width: 9}
#   - {precision: '4'}
#   - values: {'null': .nan}
# - name: e_Plx
#   unit: mas
#   datatype: float32
#   format: '{:7.4f}'
#   description: '? Standard error of parallax (parallax_error)'
#   meta: !!omap
#   - {ucd: ERROR}
#   - {width: 7}
#   - {precision: '4'}
#   - values: {'null': .nan}
# - name: pmRA
#   unit: mas / yr
#   datatype: float64
#   format: '{:9.3f}'
#   description: '? Proper motion in right ascension direction, pmRA*cosDE (pmra)'
#   meta: !!omap
#   - {ucd: POS_EQ_PMRA}
#   - {width: 9}
#   - {precision: '3'}
#   - values: {'null': .nan}
# - name: pmDE
#   unit: mas / yr
#   datatype: float64
#   format: '{:9.3f}'
#   description: '? Proper motion in declination direction (pmdec)'
#   meta: !!omap
#   - {ucd: POS_EQ_PMDEC}
#   - {width: 9}
#   - {precision: '3'}
#   - values: {'null': .nan}
# - name: e_pmRA
#   unit: mas / yr
#   datatype: float32
#   format: '{:6.3f}'
#   description: '? Standard error of proper motion in right ascension direction (pmra_error)'
#   meta: !!omap
#   - {ucd: ERROR}
#   - {width: 6}
#   - {precision: '3'}
#   - values: {'null': .nan}
# - name: e_pmDE
[...]
#         value: !astropy.table.SerializedColumn {name: SkyCoord.dec}
#       distance: !astropy.table.SerializedColumn
#         __class__: astropy.coordinates.distances.Distance
#         unit: !astropy.units.Unit {unit: pc}
#         value: !astropy.table.SerializedColumn {name: SkyCoord.distance}
#       frame: icrs
#       obstime: !astropy.time.Time {format: jyear_str, in_subfmt: '*', jd1: 367701545.0, jd2: 0.0, out_subfmt: '*', precision: 3, scale: tt}
#       pm_dec: !astropy.table.SerializedColumn
#         __class__: astropy.units.quantity.Quantity
#         unit: !astropy.units.Unit {unit: mas / yr}
#         value: !astropy.table.SerializedColumn {name: SkyCoord.pm_dec}
#       pm_ra_cosdec: !astropy.table.SerializedColumn
#         __class__: astropy.units.quantity.Quantity
#         unit: !astropy.units.Unit {unit: mas / yr}
#         value: !astropy.table.SerializedColumn {name: SkyCoord.pm_ra_cosdec}
#       ra: !astropy.table.SerializedColumn
#         __class__: astropy.coordinates.angles.Longitude
#         unit: *id001
#         value: !astropy.table.SerializedColumn {name: SkyCoord.ra}
#         wrap_angle: !astropy.coordinates.Angle
#           unit: *id001
#           value: 360.0
#       representation_type: spherical
# schema: astropy-2.0
RA_ICRS_1 DE_ICRS_1 e_RA_ICRS e_DE_ICRS _r_1 HIP TYC2 Source rgeo Plx e_Plx pmRA pmDE e_pmRA e_pmDE RUWE Teff logg Gmag BP-RP BPmag RPmag RV e_RV b_rgeo B_rgeo FG e_FG FBP e_FBP FRP e_FRP RAVE5 RAVE6 e_Gmag e_BPmag e_RPmag e_BP-RP SkyCoord.ra SkyCoord.dec SkyCoord.distance SkyCoord.pm_ra_cosdec SkyCoord.pm_dec rmRA rmDE e_rmRA e_rmDE rRV e_rRV v_pec v_pec3d e_vpec e_vpec3d
[from data line 432]
195.32498356388 -64.15238052511 0.0372 0.0399 7.5723 "" "" 5861905166756855552 3118.39624 0.3173 0.0519 -5.949 -0.61 0.044 0.055 0.996 9358.4 3.9973 16.710907 1.875235 17.633993 15.758759 "" "" 2675.98584 3792.61548 3895.68666 2.2142 1207.3 5.0251 3941.4 9.0321 "" "" 0.0028235801015871536 0.0053110723 0.0045248442 0.009835917 195.32498356388 -64.15238052511 3118.39624 -5.949000000000002 -0.6100000000000004 2.840416313171387 0.36366666793823244 0.18712783 0.19812784 "" "" 42.327473472188046 "" 7.928374398287373 ""
195.28840595083 -64.01998970231 0.0364 0.039 3.6894 "" "" 5861921620719067136 2634.49536 0.3755 0.0501 -9.549 0.513 0.043 0.053 1.004 7167.5 4.3235 16.71184 1.888429 17.652252 15.763824 "" "" 2322.55713 3052.30225 3892.34035 2.0189 1187.2 6.1133 3923.1 10.152 "" "" 0.0028122825994329813 0.006248392 0.0047093155 0.010957708 195.28840595083 -64.01998970231 2634.49536 -9.549000000000007 0.5130000000000001 -0.7595836868286128 1.4866666679382323 0.18612783 0.19612783 "" "" 20.847576382342783 "" 4.04651500375249 ""
195.1644485969 -64.25651138943 0.0359 0.0406 14.9919 "" "" 5861903586208799232 2340.41943 0.4021 0.0516 -7.852 -2.743 0.042 0.055 1.026 8501.7 4.4216 16.714903 1.668504 17.506254 15.83775 "" "" 2114.17822 2600.78149 3881.37783 2.1838 1358.0 8.3099 3664.9 8.2967 "" "" 0.0028222253180793314 0.0072059627 0.004508336 0.011714298 195.1644485969 -64.25651138943 2340.41943 -7.852000000000005 -2.7430000000000003 0.9374163131713864 -1.7693333320617675 0.18512782 0.19812784 "" "" 22.212925514425315 "" 4.33935177841422 ""
195.65167353113 -64.03509806754 0.0386 0.0421 5.9519 "" "" 5862281234069170560 3067.10107 0.3476 0.052 -8.009 -2.851 0.048 0.062 1.08 6847.5 4.1261 16.715803 1.978219 17.698168 15.719949 "" "" 2581.42554 3717.30029 3878.15506 2.3198 1138.0 5.7054 4084.9 8.7578 "" "" 0.0028308271472312183 0.00611681 0.0044387146 0.010555524 195.65167353113 -64.03509806754 3067.10107 -8.008999999999999 -2.8509999999999995 0.7804163131713864 -1.8773333320617676 0.19112784 0.20512784 "" "" 29.5570935397092 "" 6.003802275801232 ""
194.8760288201 -64.02559471324 0.0355 0.0419 14.4357 "" "" 5861923927175268608 2787.38135 0.3424 0.0529 -11.723 0.783 0.046 0.062 1.044 9485.6 4.035 16.716751 1.68016 17.509623 15.829462 "" "" 2437.69824 3194.67383 3874.77296 2.1588 1353.8 6.4057 3693.0 11.365 "" "" 0.0028209404361308147 0.0058461167 0.0050445967 0.010890713 194.8760288201 -64.02559471324 2787.38135 -11.722999999999999 0.7829999999999989 -2.933583686828614 1.7566666679382323 0.18912783 0.20512784 "" "" 45.17677799530059 "" 8.74077446446409 ""
195.11902739111 -63.99898037244 0.0339 0.0393 8.316 "" "" 5861922239194375424 2830.96338 0.3219 0.049 -5.267 -1.303 0.042 0.056 1.051 9294.6 3.7279 16.724833 2.080874 17.770746 15.689872 "" "" 2463.67847 3311.63965 3846.04236 2.1814 1064.4 8.2396 4199.6 8.9456 "" "" 0.0028232975921946213 0.0088557955 0.004430854 0.01328665 195.11902739111 -63.99898037244 2830.96338 -5.267000000000002 -1.3030000000000015 3.5224163131713864 -0.3293333320617675 0.18512782 0.19912782 "" "" 47.47262412249733 "" 8.79447882681878 ""
195.61122434577 -63.97589857258 0.0354 0.0393 6.0088 "" "" 5862284807482007424 2462.90088 0.3901 0.0475 -9.334 -0.192 0.042 0.056 1.026 7697.9 4.2625 16.727488 1.836623 17.631952 15.795329 "" "" 2177.57642 2734.46021 3836.64326 1.962 1209.6 5.6649 3810.9 5.44 "" "" 0.002810706017131221 0.0058000297 0.0040848292 0.0098848585 195.61122434577 -63.97589857258 2462.90088 -9.33399999999999 -0.19199999999999934 -0.5445836868286129 0.7816666679382325 0.18512782 0.19912782 "" "" 11.121576143516391 "" 2.1649679884753525 ""
195.10258830632 -63.84908202266 0.0349 0.0401 13.9774 "" "" 5861974229836728320 2644.36475 0.3658 0.0492 -6.631 -0.927 0.042 0.056 0.994 7190.2 4.3314 16.731508 1.5112 17.43306 15.92186 "" "" 2382.1377 3126.23169 3822.46282 1.9424 1452.8 6.1151 3391.7 7.3835 "" "" 0.002810015254554134 0.0053544845 0.004457601 0.009812085 195.10258830632 -63.84908202266 2644.36475 -6.631000000000001 -0.9270000000000003 2.1584163131713865 0.046666667938232376 0.18512782 0.19912782 "" "" 27.060536291787773 "" 5.009841917266298 ""
195.77253941635 -64.0373571113 0.0401 0.0415 9.1285 "" "" 5862281955623678720 2868.01465 0.339 0.0535 -6.108 -0.888 0.05 0.065 1.063 "" "" 16.738743 1.902163 17.679436 15.777272 "" "" 2428.3374 3433.50977 3797.07753 2.1353 1157.8 5.9041 3874.8 8.7648 "" "" 0.00282215912264093 0.0061999336 0.004507255 0.010707188 195.77253941635 -64.0373571113 2868.01465 -6.1080000000000005 -0.8879999999999992 2.681416313171387 0.08566666793823241 0.19312783 0.20812783 "" "" 36.47081613685522 "" 7.044108879638665 ""
195.82667777021 -63.99613908061 0.0374 0.0402 10.7979 "" "" 5862283192574295808 2443.65356 0.3964 0.0499 -10.716 1.805 0.046 0.062 0.996 6576.4 4.0271 16.73877 1.856761 17.603495 15.746734 "" "" 2151.70605 2776.22363 3796.98574 2.2197 1241.7 6.7821 3985.3 22.581 "" "" 0.002827481947285912 0.0065538324 0.0072200494 0.013773882 195.82667777021 -63.99613908061 2443.65356 -10.71600000000001 1.8049999999999993 -1.9265836868286126 2.778666667938232 0.18912783 0.20512784 "" "" 39.16450399357975 "" 7.835784220045274 ""
195.20844039551 -64.22759213173 0.0378 0.0422 12.9265 "" "" 5861903792367259392 2726.95215 0.3583 0.0534 -4.573 -1.663 0.047 0.059 1.036 9336.7 4.1211 16.739918 1.60926 17.480125 15.870866 "" "" 2366.4895 3137.74316 3792.97356 2.3883 1391.1 5.5891 3554.8 8.557 "" "" 0.0028388669789881013 0.005178227 0.004595037 0.009773264 195.20844039551 -64.22759213173 2726.95215 -4.573 -1.663 4.216416313171386 -0.6893333320617676 0.19012782 0.20212783 "" "" 55.22390505010056 "" 10.517381442893871 ""
195.08894876691 -63.99366644227 0.0349 0.0412 9.163 "" "" 5861922479712548480 2704.75122 0.3576 0.0508 -7.29 -1.979 0.045 0.058 1.036 8280.1 4.3161 16.741543 1.59266 17.472246 15.879586 "" "" 2409.10693 3119.81128 3787.29609 1.9803 1401.3 5.4531 3526.3 8.6594 "" "" 0.002813198052254308 0.0050632493 0.004625187 0.009688436 195.08894876691 -63.99366644227 2704.75122 -7.290000000000001 -1.9790000000000003 1.4994163131713867 -1.0053333320617677 0.18812783 0.20112783 "" "" 23.144304891418184 "" 4.449575310483563 ""
195.40358763823 -63.88224197491 0.0334 0.0387 9.1232 "" "" 5862298547046855296 2941.42993 0.3402 0.0474 -5.315 -1.434 0.041 0.055 1.08 5675.2 4.1923 16.742912 1.723404 17.515743 15.792339 "" "" 2551.76489 3716.70435 3782.52752 2.4625 1346.2 6.7367 3821.4 14.544 "" "" 0.00284453969994008 0.0061078276 0.0055999234 0.011707751 195.40358763823 -63.88224197491 2941.42993 -5.314999999999997 -1.434 3.4744163131713863 -0.4603333320617675 0.18412784 0.19812784 "" "" 48.864952476304154 "" 9.00964018892476 ""
195.82601595936 -63.87789483103 0.0362 0.04 14.1161 "" "" 5862287728059835776 3158.60742 0.3075 0.0503 -7.881 -0.419 0.047 0.065 0.995 "" "" 16.747034 2.07454 17.788198 15.713658 "" "" 2726.37769 3681.22095 3768.19318 2.0616 1047.5 6.1334 4108.6 15.853 "" "" 0.00281862381601255 0.0069426293 0.005642162 0.0125847915 195.82601595936 -63.87789483103 3158.60742 -7.881 -0.4189999999999996 0.9084163131713865 0.5546666679382324 0.19012782 0.20812783 "" "" 15.935476307348484 "" 3.1102917506058425 ""
195.07404091275 -64.23113682069 0.04 0.0422 14.9788 "" "" 5861903173891959936 2854.59692 0.3593 0.0546 -7.403 -1.655 0.048 0.06 0.973 8465.0 4.475 16.751678 1.677529 17.545837 15.868308 "" "" 2461.8562 3358.27856 3752.11127 2.1768 1309.4 8.1462 3563.2 7.999 "" "" 0.0028264032312811777 0.0073082987 0.0044971607 0.01180546 195.07404091275 -64.23113682069 2854.59692 -7.402999999999995 -1.655000000000001 1.3864163131713871 -0.6813333320617676 0.19112784 0.20312783 "" "" 20.902180679053384 "" 4.0449999860729715 ""
195.23148393626 -64.14143997893 0.055 0.0572 8.2056 "" "" 5861907881176189952 2983.97974 0.3659 0.0766 -9.009 -0.812 0.064 0.079 1.529 7226.6 4.3452 16.752945 1.782692 17.57589 15.793198 "" "" 2399.57373 4125.04395 3747.73497 3.3845 1273.7 5.368 3818.4 7.2904 "" "" 0.0029245820325549936 0.0053594075 0.004310563 0.009669971 195.23148393626 -64.14143997893 2983.97974 -9.009 -0.8120000000000012 -0.21958368682861362 0.16166666793823237 0.20712784 0.22212783 "" "" 3.8567702858161135 "" 0.8196455928085468 ""
195.63746149687 -64.02747689209 0.0376 0.04 5.5927 "" "" 5862281435896977920 2982.13745 0.3295 0.051 -7.59 -0.034 0.048 0.061 0.987 8598.2 4.4367 16.75954 1.635867 17.526344 15.890477 "" "" 2577.13818 3459.62134 3725.03901 1.9726 1333.2 6.2666 3491.1 10.54 "" "" 0.002814668826759149 0.0058163484 0.005002869 0.010819217 195.63746149687 -64.02747689209 2982.13745 -7.59 -0.03399999999999971 1.1994163131713869 0.9396666679382324 0.19112784 0.20412783 "" "" 21.53759295251244 "" 4.225109781655806 ""
195.59880752743 -64.16705434424 0.0358 0.039 9.1898 "" "" 5862092148098872832 2722.25049 0.347 0.0494 -5.654 -0.991 0.044 0.059 1.02 9371.7 3.7965 16.763641 1.770383 17.61158 15.841197 "" "" 2465.71631 3083.83203 3710.99061 2.1409 1232.5 6.6924 3653.2 5.8653 "" "" 0.002825620023173381 0.0065224036 0.0041620173 0.010684421 195.59880752743 -64.16705434424 2722.25049 -5.654 -0.9910000000000007 3.135416313171387 -0.01733333206176757 0.18712783 0.20212783 "" "" 40.45836015827673 "" 7.570904374777285 ""
195.78690079728 -63.88621264553 0.0366 0.0431 13.0167 "" "" 5862287693700093440 3020.93555 0.3084 0.0509 -7.238 -1.257 0.044 0.067 1.081 9040.9 4.4525 16.76453 1.787394 17.63471 15.847317 "" "" 2572.78052 3602.85547 3707.95953 2.1001 1206.5 8.1795 3632.7 8.4219 "" "" 0.002823107256638893 0.007871855 0.0045408863 0.012412742 195.78690079728 -63.88621264553 3020.93555 -7.2379999999999995 -1.257 1.5514163131713863 -0.2833333320617675 0.18712783 0.21012783 "" "" 22.582528543051506 "" 4.243576973979412 ""
195.40146890917 -64.05324846677 0.2701 0.2989 1.3113 "" "" 5862284051567608320 2567.61768 0.649 0.385 -5.234 0.901 0.34 0.399 6.361 9472.5 3.9369 16.767447 1.867359 17.558676 15.691317 "" "" 1775.41687 4080.71631 3698.00947 14.809 1294.0 10.626 4194.0 26.747 "" "" 0.005147449711705102 0.009342182 0.007888508 0.01723069 195.40146890917 -64.05324846677 2567.61768 -5.233999999999996 0.9010000000000008 3.5554163131713867 1.8746666679382324 0.48312783 0.54212785 "" "" 48.91781191800326 "" 24.29060176146008 ""
195.27331811782 -63.98572718903 0.0342 0.0386 4.9315 "" "" 5861921899950809600 2561.07788 0.3748 0.0488 -6.855 0.811 0.043 0.056 1.023 5549.7 4.2054 16.767635 1.887792 17.712107 15.824315 "" "" 2255.03735 2991.7981 3697.36511 1.9392 1123.5 5.122 3710.5 9.3891 "" "" 0.0028135495741802353 0.0056820707 0.004672443 0.010354513 195.27331811782 -63.98572718903 2561.07788 -6.855 0.8109999999999993 1.9344163131713863 1.7846666679382324 0.18612783 0.19912782 "" "" 31.950213931568495 "" 6.141292747396531 ""
195.87112350283 -64.01420028199 0.0407 0.0428 11.7809 "" "" 5862282196141869312 2596.39819 0.3746 0.0534 -5.278 -0.757 0.049 0.07 1.063 5360.1 4.2039 16.77437 1.931956 17.720507 15.78855 "" "" 2273.87109 2978.12622 3674.5059 2.1307 1114.8 7.1701 3834.8 13.743 "" "" 0.0028263323305615182 0.007519953 0.0054243654 0.012944318 195.87112350283 -64.01420028199 2596.39819 -5.278 -0.7569999999999993 3.511416313171387 0.21666666793823242 0.19212782 0.21312782 "" "" 43.296933772583685 "" 8.322181962494325 ""
195.815826069 -63.95440610622 0.0412 0.0437 11.3339 "" "" 5862283570531450624 2858.71216 0.3399 0.0536 -6.327 -0.775 0.048 0.065 1.069 "" "" 16.775845 2.019842 17.793655 15.773813 "" "" 2489.40576 3463.05518 3669.51681 2.176 1042.2 6.2285 3887.2 11.356 "" "" 0.0028295427926591744 0.0070631495 0.0049340012 0.01199715 195.815826069 -63.95440610622 2858.71216 -6.327 -0.7750000000000001 2.4624163131713868 0.1986666679382324 0.19112784 0.20812783 "" "" 33.47488725592 "" 6.401825550217286 ""
195.59405776953 -63.98082555962 0.037 0.0404 5.4693 "" "" 5862284807482002304 2891.19458 0.3248 0.0502 -7.451 -2.065 0.044 0.058 1.009 7968.9 4.0488 16.77673 2.137862 17.883093 15.745231 "" "" 2507.22632 3270.40405 3666.52647 2.1459 959.8 7.9626 3990.9 7.8991 "" "" 0.002827645943571305 0.009429631 0.0043476215 0.013777252 195.59405776953 -63.98082555962 2891.19458 -7.451 -2.065 1.338416313171387 -1.0913333320617675 0.18712783 0.20112783 "" "" 23.666616926797666 "" 4.563886210989874 ""
195.93397966169 -64.08193657855 0.0393 0.0434 13.6625 "" "" 5862093458142723712 2761.46973 0.3523 0.0533 -5.054 -1.657 0.051 0.068 1.062 5778.9 4.2099 16.777283 1.832632 17.654615 15.821983 "" "" 2339.50293 3221.22974 3664.65784 2.091 1184.6 6.0884 3718.5 9.853 "" "" 0.002824106236316041 0.006238953 0.0047497675 0.010988721 195.93397966169 -64.08193657855 2761.46973 -5.053999999999997 -1.6569999999999998 3.7354163131713864 -0.6833333320617676 0.19412783 0.21112783 "" "" 49.705616807622185 "" 9.677761226285138 ""
195.62620246505 -63.91178674226 0.0333 0.0382 9.0442 "" "" 5862287418822170240 2405.81348 0.3984 0.0466 -2.991 -0.912 0.041 0.057 0.975 8275.7 4.2804 16.779173 1.744951 17.615206 15.870254 "" "" 2197.29834 2668.8833 3658.28749 2.3903 1228.4 5.846 3556.8 7.2133 "" "" 0.002845181117425425 0.005872268 0.0043740277 0.0102462955 195.62620246505 -63.91178674226 2405.81348 -2.9909999999999997 -0.9119999999999995 5.798416313171387 0.06166666793823239 0.18412784 0.20012783 "" "" 66.12630382471167 "" 12.175818171805572 ""
195.11337679014 -64.0521447429 0.0362 0.0427 8.2589 "" "" 5861921315835129728 2438.41919 0.396 0.0521 -8.949 -1.895 0.043 0.056 1.017 "" "" 16.77939 1.792385 17.636381 15.843996 "" "" 2179.66626 2755.91968 3657.55579 1.9926 1204.7 8.1807 3643.8 12.409 "" "" 0.0028180950272169115 0.007883152 0.005287261 0.013170414 195.11337679014 -64.0521447429 2438.41919 -8.949000000000007 -1.8950000000000014 -0.15958368682861312 -0.9213333320617676 0.18612783 0.19912782 "" "" 10.80742991208429 "" 2.14809759209251 ""
195.87192781469 -64.11800192135 0.0384 0.0403 12.7578 "" "" 5862093251984144384 2530.7832 0.3721 0.0516 -1.558 -3.811 0.047 0.06 1.042 8025.2 4.4228 16.779415 1.848885 17.676569 15.827683 "" "" 2175.53638 3008.67017 3657.4671 2.1221 1160.9 7.9658 3699.0 8.4741 "" "" 0.002826417012304697 0.007955389 0.0045244386 0.012479828 195.87192781469 -64.11800192135 2530.7832 -1.5579999999999994 -3.811 7.231416313171387 -2.8373333320617675 0.19012782 0.20312783 "" "" 93.18580568907468 "" 17.88357310571996 ""
195.46168269148 -63.80003825377 0.0365 0.0408 14.0709 "" "" 5862302365309562240 3010.25317 0.3214 0.0502 -4.124 -1.481 0.045 0.056 1.054 "" "" 16.780632 1.518175 17.425583 15.907408 "" "" 2638.4165 3381.91309 3653.37021 1.9386 1462.8 15.056 3437.1 23.328 "" "" 0.002814908991571717 0.011518094 0.008281676 0.019799769 195.46168269148 -63.80003825377 3010.25317 -4.124 -1.481 4.665416313171387 -0.5073333320617677 0.18812783 0.19912782 "" "" 66.96139593781841 "" 12.60615900748468 ""
195.34096098755 -64.07766785629 0.0419 0.0463 3.427 "" "" 5861908705809955072 2773.1626 0.347 0.0601 -4.232 0.656 0.051 0.062 1.141 6030.6 4.2912 16.783678 1.858655 17.63575 15.777095 "" "" 2335.27344 3398.37842 3643.13761 2.4354 1205.4 6.7573 3875.4 13.616 "" "" 0.002849312200592423 0.0066955434 0.005369866 0.012065409 195.34096098755 -64.07766785629 2773.1626 -4.232 0.6560000000000001 4.5574163131713865 1.6296666679382326 0.19412783 0.20512784 "" "" 63.621135956375376 "" 12.431953862067141 ""
