Clusters/UFMG_53/UFMG_53_stars_in_region.tsv
# %ECSV 1.0
# ---
# datatype:
# - name: RA_ICRS_1
#   unit: deg
#   datatype: float64
#   format: '{:15.11f}'
#   description: Right ascension (ICRS) at Ep=2016.0 (ra)
#   meta: !!omap
#   - {ucd: POS_EQ_RA_MAIN}
#   - {width: 15}
#   - {precision: '11'}
# - name: DE_ICRS_1
#   unit: deg
#   datatype: float64
#   format: '{:15.11f}'
#   description: Declination (ICRS) at Ep=2016.0 (dec)
#   meta: !!omap
#   - {ucd: POS_EQ_DEC_MAIN}
#   - {width: 15}
#   - {precision: '11'}
# - name: e_RA_ICRS
#   unit: mas
#   datatype: float64
#   format: '{:7.4f}'
#   description: Standard error of right ascension (ra_error)
#   meta: !!omap
#   - {ucd: ERROR}
#   - {width: 7}
#   - {precision: '4'}
# - name: e_DE_ICRS
#   unit: mas
#   datatype: float64
#   format: '{:7.4f}'
#   description: Standard error of declination (dec_error)
#   meta: !!omap
#   - {ucd: ERROR}
#   - {width: 7}
#   - {precision: '4'}
# - name: _r_1
#   unit: ''
#   datatype: float64
#   format: '{:7.4f}'
#   description: Distance from center (195.42511868000-64.03400097000)[ICRS], at Epoch=J2016.0
#   meta: !!omap
#   - {ucd: POS_ANG_DIST_GENERAL}
#   - {width: 7}
#   - {precision: '4'}
# - name: HIP
#   datatype: int32
#   description: '? HIP cross-id number, van Leeuwen, Cat. I/311 (hip_original_ext_source_id)'
#   meta: !!omap
#   - {ucd: ID_NUMBER}
#   - {width: 6}
#   - values: {'null': -2147483648}
# - name: TYC2
#   datatype: string
#   description: Tycho-2 cross-id name, Hog et al., Cat. I/259 (tyc2_original_ext_source_id)
#   meta: !!omap
#   - {ucd: ID_CROSSID}
#   - {_votable_string_dtype: char}
# - name: Source
#   datatype: int64
#   description: Source identifier, identical to the Gaia-EDR3 source_id (id)
#   meta: !!omap
#   - {ucd: ID_MAIN}
#   - {width: 19}
# - name: rgeo
#   unit: pc
#   datatype: float64
#   format: '{:15.8f}'
#   description: '? Median of the geometric distance posterior (r_med_geo)'
#   meta: !!omap
#   - {ucd: PHYS_DISTANCE_TRUE}
#   - {width: 15}
#   - {precision: '8'}
#   - values: {'null': .nan}
# - name: Plx
#   unit: mas
#   datatype: float64
#   format: '{:9.4f}'
#   description: '? Parallax (parallax)'
#   meta: !!omap
#   - {ucd: POS_PARLX_TRIG}
#   - {width: 9}
#   - {precision: '4'}
#   - values: {'null': .nan}
# - name: e_Plx
#   unit: mas
#   datatype: float32
#   format: '{:7.4f}'
#   description: '? Standard error of parallax (parallax_error)'
#   meta: !!omap
#   - {ucd: ERROR}
#   - {width: 7}
#   - {precision: '4'}
#   - values: {'null': .nan}
# - name: pmRA
#   unit: mas / yr
#   datatype: float64
#   format: '{:9.3f}'
#   description: '? Proper motion in right ascension direction, pmRA*cosDE (pmra)'
#   meta: !!omap
#   - {ucd: POS_EQ_PMRA}
#   - {width: 9}
#   - {precision: '3'}
#   - values: {'null': .nan}
# - name: pmDE
#   unit: mas / yr
#   datatype: float64
#   format: '{:9.3f}'
#   description: '? Proper motion in declination direction (pmdec)'
#   meta: !!omap
#   - {ucd: POS_EQ_PMDEC}
#   - {width: 9}
#   - {precision: '3'}
#   - values: {'null': .nan}
# - name: e_pmRA
#   unit: mas / yr
#   datatype: float32
#   format: '{:6.3f}'
#   description: '? Standard error of proper motion in right ascension direction (pmra_error)'
#   meta: !!omap
#   - {ucd: ERROR}
#   - {width: 6}
#   - {precision: '3'}
#   - values: {'null': .nan}
# - name: e_pmDE
[...]
#         value: !astropy.table.SerializedColumn {name: SkyCoord.dec}
#       distance: !astropy.table.SerializedColumn
#         __class__: astropy.coordinates.distances.Distance
#         unit: !astropy.units.Unit {unit: pc}
#         value: !astropy.table.SerializedColumn {name: SkyCoord.distance}
#       frame: icrs
#       obstime: !astropy.time.Time {format: jyear_str, in_subfmt: '*', jd1: 367701545.0, jd2: 0.0, out_subfmt: '*', precision: 3, scale: tt}
#       pm_dec: !astropy.table.SerializedColumn
#         __class__: astropy.units.quantity.Quantity
#         unit: !astropy.units.Unit {unit: mas / yr}
#         value: !astropy.table.SerializedColumn {name: SkyCoord.pm_dec}
#       pm_ra_cosdec: !astropy.table.SerializedColumn
#         __class__: astropy.units.quantity.Quantity
#         unit: !astropy.units.Unit {unit: mas / yr}
#         value: !astropy.table.SerializedColumn {name: SkyCoord.pm_ra_cosdec}
#       ra: !astropy.table.SerializedColumn
#         __class__: astropy.coordinates.angles.Longitude
#         unit: *id001
#         value: !astropy.table.SerializedColumn {name: SkyCoord.ra}
#         wrap_angle: !astropy.coordinates.Angle
#           unit: *id001
#           value: 360.0
#       representation_type: spherical
# schema: astropy-2.0
RA_ICRS_1 DE_ICRS_1 e_RA_ICRS e_DE_ICRS _r_1 HIP TYC2 Source rgeo Plx e_Plx pmRA pmDE e_pmRA e_pmDE RUWE Teff logg Gmag BP-RP BPmag RPmag RV e_RV b_rgeo B_rgeo FG e_FG FBP e_FBP FRP e_FRP RAVE5 RAVE6 e_Gmag e_BPmag e_RPmag e_BP-RP SkyCoord.ra SkyCoord.dec SkyCoord.distance SkyCoord.pm_ra_cosdec SkyCoord.pm_dec rmRA rmDE e_rmRA e_rmDE rRV e_rRV v_pec v_pec3d e_vpec e_vpec3d
[from data line 463]
195.83729300475 -64.12348572973 0.0397 0.0416 12.0704 "" "" 5862092942746494336 2914.78394 0.3041 0.0543 -8.319 -1.557 0.049 0.065 1.054 "" "" 16.785412 3.151422 18.603136 15.451714 "" "" 2576.08545 3362.23071 3637.32399 2.2914 494.5 8.0697 5229.6 60.133 "" "" 0.0028389465647384315 0.017936375 0.013043953 0.030980328 195.83729300475 -64.12348572973 2914.78394 -8.319 -1.557 0.4704163131713859 -0.5833333320617675 0.19212782 0.20812783 "" "" 10.353480795719962 "" 2.0911366140982444 ""
195.44560375955 -64.05511060843 0.0392 0.0398 1.3761 "" "" 5862283948488393600 2626.06152 0.3548 0.0527 -8.788 -0.869 0.048 0.055 0.999 9259.8 4.2552 16.78855 1.617517 17.514503 15.896987 "" "" 2343.56104 3082.52588 3626.82737 2.1319 1347.8 6.0089 3470.3 16.085 "" "" 0.002828268491603763 0.0055871173 0.00629358 0.011880698 195.44560375955 -64.05511060843 2626.06152 -8.788 -0.869 0.001416313171386463 0.10466666793823243 0.19112784 0.19812784 "" "" 1.3029609305173149 "" 0.2581511892823265 ""
194.96358972667 -63.93467534344 0.0348 0.0409 13.5293 "" "" 5861926671600677376 2721.21997 0.3693 0.05 -5.37 -1.09 0.045 0.06 1.015 9357.2 4.3596 16.794329 1.548743 17.512325 15.963582 "" "" 2332.27075 3296.00439 3607.57382 1.8105 1350.5 4.9918 3263.8 6.991 "" "" 0.0028086816882942002 0.004887794 0.004437597 0.009325391 194.96358972667 -63.93467534344 2721.21997 -5.369999999999999 -1.0900000000000007 3.4194163131713866 -0.11633333206176766 0.18812783 0.20312783 "" "" 44.13114172791818 "" 8.303091740270057 ""
194.8840340041 -64.08336479711 0.0372 0.0423 14.5074 "" "" 5861920422481876736 2326.82568 0.4408 0.0537 -3.244 -1.687 0.045 0.057 1.013 8157.6 4.3108 16.796532 1.734438 17.62485 15.890411 "" "" 2023.12427 2728.46729 3600.26113 2.0029 1217.5 5.8803 3491.4 7.5601 "" "" 0.0028207492961453656 0.0059399987 0.0044509456 0.010390945 194.8840340041 -64.08336479711 2326.82568 -3.2439999999999998 -1.687 5.545416313171387 -0.7133333320617676 0.18812783 0.20012783 "" "" 61.665187505640766 "" 11.613360555870187 ""
195.91947997202 -63.92175827886 0.0373 0.0407 14.6524 "" "" 5862289583486052480 2393.79883 0.4001 0.05 -5.895 -0.424 0.045 0.066 0.989 5541.3 4.3704 16.800009 1.529529 17.501879 15.97235 "" "" 2131.68311 2742.63647 3588.74844 1.9502 1363.5 8.6308 3237.6 5.0833 "" "" 0.002817783326857955 0.0074173776 0.004146048 0.011563426 195.91947997202 -63.92175827886 2393.79883 -5.895 -0.4239999999999994 2.894416313171387 0.5496666679382325 0.18812783 0.20912783 "" "" 33.428764969586204 "" 6.314628153684457 ""
195.35907114637 -64.17226972141 0.042 0.0486 8.4747 "" "" 5861904342123118848 2707.2439 0.3482 0.0609 -7.844 -1.219 0.051 0.064 1.152 15011.2 4.3203 16.804432 2.869828 18.44302 15.573192 "" "" 2341.6333 3110.0022 3574.1581 2.7356 573.07 5.4197 4676.1 10.12 "" "" 0.0028779084562197753 0.01064048 0.004450285 0.0150907645 195.35907114637 -64.17226972141 2707.2439 -7.844 -1.2190000000000005 0.9454163131713864 -0.24533333206176766 0.19412783 0.20712784 "" "" 12.533720768071502 "" 2.4437449825462916 ""
195.47141859114 -63.99077689825 0.0372 0.0387 2.8649 "" "" 5862285460281478784 2922.98926 0.3245 0.0491 -8.142 -0.065 0.046 0.055 1.03 "" "" 16.804785 1.641648 17.559704 15.918056 "" "" 2565.68018 3476.37085 3572.99877 1.9254 1292.8 6.0515 3403.6 14.147 "" "" 0.002816754081295351 0.005797785 0.00588638 0.011684164 195.47141859114 -63.99077689825 2922.98926 -8.142000000000001 -0.0650000000000006 0.6474163131713873 0.9086666679382325 0.18912783 0.19812784 "" "" 15.458215683751794 "" 3.0165745808632742 ""
194.96326497232 -63.94041457398 0.0347 0.041 13.3878 "" "" 5861926469796041984 2805.84888 0.3358 0.0503 -7.802 -0.18 0.045 0.06 0.995 9250.8 4.2824 16.812214 1.796646 17.686834 15.890188 "" "" 2521.54541 3156.18701 3548.63679 2.4384 1150.0 5.7773 3492.1 8.3947 "" "" 0.0028545366346562056 0.0061266734 0.0045930273 0.010719701 194.96326497232 -63.94041457398 2805.84888 -7.802 -0.1799999999999998 0.9874163131713871 0.7936666679382325 0.18812783 0.20312783 "" "" 16.84869634006598 "" 3.27123162435236 ""
195.66987412677 -63.98285135146 0.0418 0.0443 7.13 "" "" 5862286044432585216 2776.50854 0.338 0.0546 -5.405 -2.66 0.048 0.065 1.06 7342.1 3.4397 16.814835 2.544674 18.204504 15.65983 "" "" 2448.9646 3277.28369 3540.07658 2.4459 713.86 5.7078 4317.4 7.3182 "" "" 0.0028556120468098026 0.009118572 0.004203654 0.013322226 195.66987412677 -63.98285135146 2776.50854 -5.404999999999997 -2.6599999999999997 3.3844163131713865 -1.6863333320617677 0.19112784 0.20812783 "" "" 49.763957306956556 "" 9.6854239825705 ""
195.21475803773 -64.15187803093 0.0414 0.0448 8.9684 "" "" 5861907881176182912 2779.08618 0.3652 0.0583 -7.303 -0.582 0.05 0.064 1.019 7990.2 4.3699 16.815458 1.947534 17.776375 15.828841 "" "" 2293.95166 3352.23828 3538.04734 2.094 1058.9 10.413 3695.1 7.8905 "" "" 0.0028292609973603754 0.011035454 0.0044338536 0.015469308 195.21475803773 -64.15187803093 2779.08618 -7.303000000000001 -0.5820000000000003 1.4864163131713868 0.39166666793823246 0.19312783 0.20712784 "" "" 20.24870099465655 "" 3.9296129518382843 ""
195.95051586961 -64.07188356146 0.0388 0.0416 13.9789 "" "" 5862093458142731008 2497.06396 0.3796 0.0521 -4.902 -1.157 0.048 0.066 1.067 9016.7 4.2644 16.816893 1.764592 17.657001 15.892409 "" "" 2196.49561 2850.32861 3533.37221 1.9317 1182.0 6.3234 3484.9 12.345 "" "" 0.002818531361687821 0.006443811 0.005392265 0.011836076 195.95051586961 -64.07188356146 2497.06396 -4.902 -1.1570000000000003 3.8874163131713866 -0.1833333320617676 0.19112784 0.20912783 "" "" 46.062922543794336 "" 8.805833179158595 ""
195.32918660609 -64.03569871587 0.0394 0.0439 2.5221 "" "" 5861909800975646848 2683.26587 0.3661 0.0534 -10.498 -1.219 0.047 0.059 1.062 6740.5 4.3195 16.817663 1.857004 17.714405 15.857401 "" "" 2347.52075 3099.07007 3530.86528 2.1213 1121.1 13.351 3599.1 19.205 "" "" 0.0028314802692999265 0.013227481 0.0069172927 0.020144774 195.32918660609 -64.03569871587 2683.26587 -10.498 -1.2189999999999999 -1.7085836868286126 -0.24533333206176766 0.19012782 0.20212783 "" "" 21.95380769289204 "" 4.179515862288397 ""
194.97945917249 -63.89213034424 0.0373 0.0434 14.499 "" "" 5861973714440549888 2854.98022 0.3398 0.0538 -4.113 -2.433 0.046 0.063 0.982 7033.5 4.2218 16.827787 1.756395 17.671738 15.915342 "" "" 2483.68018 3392.8313 3498.09737 2.0079 1166.1 4.9148 3412.1 8.8526 "" "" 0.0028249212820324393 0.00535963 0.004713674 0.010073304 194.97945917249 -63.89213034424 2854.98022 -4.113 -2.433 4.676416313171386 -1.4593333320617674 0.18912783 0.20612782 "" "" 66.29392078202612 "" 12.642099201397732 ""
195.89684550194 -64.12821884378 0.0989 0.1055 13.6018 "" "" 5862093041455930880 3222.8728 0.3671 0.1339 -8.642 -1.882 0.117 0.172 2.389 "" "" 16.831892 1.979591 17.722118 15.742527 "" "" 2331.61597 5091.08203 3484.89687 7.5031 1113.2 6.8524 4000.8 21.362 "" "" 0.0036133484230179654 0.007242385 0.006920363 0.014162747 195.89684550194 -64.12821884378 3222.8728 -8.641999999999998 -1.8819999999999995 0.14741631317138726 -0.9083333320617675 0.26012784 0.31512785 "" "" 14.05763267028964 "" 4.411803950403041 ""
194.86601116646 -64.07300215661 0.0355 0.0413 14.863 "" "" 5861920250646280576 2770.46436 0.3543 0.0519 -8.858 -0.99 0.042 0.056 0.978 9378.5 4.1785 16.833395 1.607928 17.5689 15.960971 "" "" 2451.00635 3243.05591 3480.07535 1.8668 1281.9 7.7993 3271.7 16.955 "" "" 0.0028162027609851545 0.0071708937 0.006778107 0.013949001 194.86601116646 -64.07300215661 2770.46436 -8.858 -0.990000000000002 -0.06858368682861382 -0.01633333206176757 0.18512782 0.19912782 "" "" 0.9258293432342535 "" 0.17211724103870016 ""
195.84876184306 -63.95658853273 0.0639 0.069 12.0738 "" "" 5862283604891188736 2386.71875 0.4469 0.0799 -8.645 -2.052 0.075 0.107 1.866 5884.9 4.5929 16.836428 1.740268 17.572817 15.832549 "" "" 1989.78735 2778.17773 3470.36798 3.8641 1277.3 9.2605 3682.5 36.952 "" "" 0.0030088659098781918 0.0083515225 0.011531717 0.01988324 195.84876184306 -63.95658853273 2386.71875 -8.645 -2.0519999999999996 0.14441631317138715 -1.0783333320617676 0.21812783 0.25012782 "" "" 12.308152278332612 "" 3.072108550967381 ""
195.03112156016 -64.07444966609 0.0426 0.048 10.6238 "" "" 5861919700927390848 2351.19409 0.4071 0.0612 -3.453 -2.393 0.05 0.067 1.192 9289.8 4.1689 16.8373 1.710666 17.649483 15.938817 "" "" 2029.19202 2823.9126 3467.58145 1.975 1190.2 6.0983 3339.1 7.8253 "" "" 0.0028238625267263894 0.006223552 0.004556096 0.010779648 195.03112156016 -64.07444966609 2351.19409 -3.453 -2.393000000000002 5.336416313171387 -1.4193333320617674 0.19312783 0.21012783 "" "" 61.54016880419833 "" 11.957061580117875 ""
195.73271566725 -64.15755041386 0.0379 0.0425 10.9526 "" "" 5862092770947774592 2456.88867 0.3867 0.0547 -9.053 -1.72 0.047 0.064 1.001 4990.5 3.6101 16.837896 2.440749 18.152521 15.711772 "" "" 2156.49585 2819.88867 3465.67758 2.1546 748.87 5.3617 4115.8 9.8911 "" "" 0.0028367961421039882 0.00825914 0.0045925896 0.01285173 195.73271566725 -64.15755041386 2456.88867 -9.052999999999995 -1.7200000000000002 -0.2635836868286141 -0.7463333320617676 0.19012782 0.20712784 "" "" 9.217662919718961 "" 1.8924966337371107 ""
194.9150588785 -64.04508397137 0.063 0.0776 13.4132 "" "" 5861920731728019712 3225.59546 0.317 0.0922 -6.672 -0.677 0.078 0.106 1.779 "" "" 16.84207 2.618721 18.223032 15.604311 "" "" 2496.50366 4467.44971 3452.38333 3.2569 701.79 5.9212 4544.0 13.349 "" "" 0.0029395400378475424 0.009576157 0.0049454225 0.014521579 194.9150588785 -64.04508397137 3225.59546 -6.672 -0.6770000000000005 2.117416313171387 0.2966666679382324 0.22112784 0.24912784 "" "" 32.690069450378765 "" 7.247397876344007 ""
195.4710457351 -64.18202712838 0.0378 0.0407 8.9627 "" "" 5862279378643155456 2393.51831 0.405 0.0524 -7.024 -10.531 0.045 0.057 1.005 7457.6 4.0453 16.84597 2.360865 18.110859 15.749994 "" "" 2152.63574 2765.23804 3440.00001 1.9097 778.17 4.7415 3973.4 10.444 "" "" 0.0028204762996620484 0.0071798656 0.0047358316 0.011915697 195.4710457351 -64.18202712838 2393.51831 -7.024000000000001 -10.530999999999999 1.7654163131713867 -9.557333332061768 0.18812783 0.20012783 "" "" 110.26495183777858 "" 22.0246947805149 ""
195.19118524231 -63.92082931152 0.04 0.0461 9.1667 "" "" 5861926053125405824 2952.1687 0.3578 0.0576 -9.636 -0.014 0.052 0.068 1.13 "" "" 16.846113 2.383085 18.098434 15.715349 "" "" 2475.67944 3804.01953 3439.54866 2.2888 787.12 8.7149 4102.2 8.3943 "" "" 0.0028484694809351343 0.012340702 0.004384042 0.016724745 195.19118524231 -63.92082931152 2952.1687 -9.636 -0.014000000000000394 -0.8465836868286125 0.9596666679382324 0.19512783 0.21112783 "" "" 17.9073747030819 "" 3.6581165967642217 ""
195.31482482678 -63.83536626898 0.0379 0.0435 12.2677 "" "" 5862302571467951104 2915.22095 0.3251 0.053 -4.138 0.296 0.046 0.063 1.013 9400.4 4.1925 16.851929 1.701039 17.665924 15.964885 "" "" 2544.04517 3481.56494 3421.17498 1.9013 1172.3 6.6953 3259.9 7.0225 "" "" 0.0028206154421624545 0.0067997323 0.004444568 0.011244301 195.31482482678 -63.83536626898 2915.22095 -4.137999999999998 0.29599999999999926 4.651416313171387 1.2696666679382325 0.18912783 0.20612782 "" "" 66.62543661030303 "" 12.682528113210239 ""
195.23718766353 -63.97546777908 0.0359 0.0397 6.0629 "" "" 5861922690224802560 2734.65869 0.3558 0.0508 -10.426 1.207 0.047 0.057 0.995 8282.1 4.4342 16.856134 1.747408 17.69646 15.949053 "" "" 2389.35767 3197.7229 3407.94839 1.7468 1139.8 5.0187 3307.8 6.3353 "" "" 0.0028109597857311633 0.0055353097 0.004313689 0.009848999 195.23718766353 -63.97546777908 2734.65869 -10.426 1.207 -1.6365836868286134 2.1806666679382323 0.19012782 0.20012783 "" "" 35.34145090371678 "" 6.947542649851806 ""
195.88117414844 -64.09697966364 0.0383 0.0431 12.5495 "" "" 5862093320703634688 2662.55396 0.3624 0.0526 -6.388 -1.086 0.047 0.064 1.046 "" "" 16.861645 1.793193 17.72042 15.927228 "" "" 2329.39404 3153.93921 3390.69681 1.9309 1114.9 6.0776 3374.9 8.9319 "" "" 0.0028238408311228235 0.0065433257 0.004747692 0.011291018 195.88117414844 -64.09697966364 2662.55396 -6.387999999999994 -1.0859999999999994 2.401416313171387 -0.11233333206176765 0.19012782 0.20712784 "" "" 30.340228948959137 "" 5.769697972108506 ""
195.95788206652 -63.96703521417 0.0418 0.046 14.5772 "" "" 5862288483974577920 2911.58154 0.3303 0.0573 -6.406 -0.542 0.051 0.072 1.057 9392.6 3.9621 16.862637 1.838443 17.759804 15.921361 "" "" 2471.87622 3522.93091 3387.60247 1.9963 1075.2 6.933 3393.2 7.9585 "" "" 0.002828631950994646 0.007536458 0.0045572426 0.0120937005 195.95788206652 -63.96703521417 2911.58154 -6.406 -0.5419999999999999 2.383416313171387 0.4316666679382324 0.19412783 0.21512783 "" "" 33.428407844854355 "" 6.512843113532488 ""
195.60181770706 -63.88985990035 0.0966 0.1083 9.8211 "" "" 5862299204213700480 2823.44629 0.359 0.1355 -5.881 -0.933 0.118 0.157 2.628 7495.5 4.2272 16.863491 2.039829 17.851744 15.811914 "" "" 2092.05859 3808.06348 3384.9366 5.3231 987.91 5.0936 3753.1 6.3022 "" "" 0.0032414574107381233 0.0062547973 0.0041961484 0.010450946 195.60181770706 -63.88985990035 2823.44629 -5.881000000000001 -0.9330000000000004 2.9084163131713865 0.04066666793823237 0.26112783 0.30012783 "" "" 38.92753412112728 "" 10.165381407286665 ""
195.95712092146 -63.97842080198 0.0412 0.0442 14.3817 "" "" 5862288415255099392 2330.90063 0.4165 0.0554 -5.578 -1.503 0.049 0.07 0.982 "" "" 16.866457 1.779897 17.726847 15.94695 "" "" 2017.4353 2843.87476 3375.69884 1.9292 1108.4 4.2726 3314.2 8.5869 "" "" 0.002824323414397888 0.005030035 0.0047113844 0.00974142 195.95712092146 -63.97842080198 2330.90063 -5.578000000000003 -1.5030000000000003 3.2114163131713864 -0.5293333320617675 0.19212782 0.21312782 "" "" 35.95998907315083 "" 6.929947900771898 ""
195.73008308977 -64.05457912643 0.0508 0.0506 8.1032 "" "" 5862281852544448256 2796.12915 0.3349 0.0647 -5.679 -1.464 0.065 0.083 1.089 6086.8 4.4628 16.873123 1.668358 17.623938 15.95558 "" "" 2392.29419 3419.81055 3355.03798 2.2288 1218.5 6.3301 3288.0 17.851 "" "" 0.0028481608150756205 0.00629278 0.007002153 0.013294933 195.73008308977 -64.05457912643 2796.12915 -5.679 -1.464 3.1104163131713864 -0.49033333206176755 0.20812783 0.22612783 "" "" 41.733468204951635 "" 8.704878518685877 ""
195.30648373375 -63.96821654761 0.0378 0.0434 5.0314 "" "" 5862297280068156416 2710.2981 0.3538 0.0535 -10.372 -1.661 0.049 0.061 1.073 "" "" 16.873205 1.791627 17.731314 15.939687 "" "" 2397.95776 3192.38745 3354.78527 1.9645 1103.8 4.8636 3336.4 8.9024 "" "" 0.0028277224789837042 0.0055382093 0.0047619874 0.010300197 195.30648373375 -63.96821654761 2710.2981 -10.371999999999996 -1.6609999999999974 -1.5825836868286132 -0.6873333320617676 0.19212782 0.20412783 "" "" 22.165865359758968 "" 4.3019881642834905 ""
194.94825712911 -64.08316518992 0.0365 0.0427 12.8591 "" "" 5861920383767504128 2684.46777 0.3705 0.0533 -5.342 -2.217 0.045 0.06 1.005 9028.6 4.2907 16.875467 1.673897 17.664272 15.990376 "" "" 2361.61792 3057.75073 3347.8002 1.8855 1174.1 7.4644 3184.3 7.3157 "" "" 0.0028223594252939138 0.007445216 0.004528329 0.011973545 194.94825712911 -64.08316518992 2684.46777 -5.342 -2.216999999999999 3.447416313171387 -1.2433333320617677 0.18812783 0.20312783 "" "" 46.63194694271505 "" 8.856092132464171 ""
195.35724142524 -64.04400102843 0.0454 0.0502 1.8811 "" "" 5862284841841594240 2774.5625 0.3287 0.0633 -4.532 -0.744 0.055 0.068 1.165 8557.4 4.4097 16.877205 1.983638 17.700895 15.717258 "" "" 2360.55029 3337.66577 3342.45119 3.6153 1135.2 20.761 4095.0 51.295 "" "" 0.0029951503413213738 0.02005146 0.014115567 0.03416703 195.35724142524 -64.04400102843 2774.5625 -4.532 -0.7440000000000005 4.257416313171387 0.22966666793823243 0.19812784 0.21112783 "" "" 56.07250652887018 "" 11.111708672755368 ""
