Clusters/UFMG_53/UFMG_53_stars_in_region.tsv
# %ECSV 1.0
# ---
# datatype:
# - name: RA_ICRS_1
#   unit: deg
#   datatype: float64
#   format: '{:15.11f}'
#   description: Right ascension (ICRS) at Ep=2016.0 (ra)
#   meta: !!omap
#   - {ucd: POS_EQ_RA_MAIN}
#   - {width: 15}
#   - {precision: '11'}
# - name: DE_ICRS_1
#   unit: deg
#   datatype: float64
#   format: '{:15.11f}'
#   description: Declination (ICRS) at Ep=2016.0 (dec)
#   meta: !!omap
#   - {ucd: POS_EQ_DEC_MAIN}
#   - {width: 15}
#   - {precision: '11'}
# - name: e_RA_ICRS
#   unit: mas
#   datatype: float64
#   format: '{:7.4f}'
#   description: Standard error of right ascension (ra_error)
#   meta: !!omap
#   - {ucd: ERROR}
#   - {width: 7}
#   - {precision: '4'}
# - name: e_DE_ICRS
#   unit: mas
#   datatype: float64
#   format: '{:7.4f}'
#   description: Standard error of declination (dec_error)
#   meta: !!omap
#   - {ucd: ERROR}
#   - {width: 7}
#   - {precision: '4'}
# - name: _r_1
#   unit: ''
#   datatype: float64
#   format: '{:7.4f}'
#   description: Distance from center (195.42511868000-64.03400097000)[ICRS], at Epoch=J2016.0
#   meta: !!omap
#   - {ucd: POS_ANG_DIST_GENERAL}
#   - {width: 7}
#   - {precision: '4'}
# - name: HIP
#   datatype: int32
#   description: '? HIP cross-id number, van Leeuwen, Cat. I/311 (hip_original_ext_source_id)'
#   meta: !!omap
#   - {ucd: ID_NUMBER}
#   - {width: 6}
#   - values: {'null': -2147483648}
# - name: TYC2
#   datatype: string
#   description: Tycho-2 cross-id name, Hog et al., Cat. I/259 (tyc2_original_ext_source_id)
#   meta: !!omap
#   - {ucd: ID_CROSSID}
#   - {_votable_string_dtype: char}
# - name: Source
#   datatype: int64
#   description: Source identifier, identical to the Gaia-EDR3 source_id (id)
#   meta: !!omap
#   - {ucd: ID_MAIN}
#   - {width: 19}
# - name: rgeo
#   unit: pc
#   datatype: float64
#   format: '{:15.8f}'
#   description: '? Median of the geometric distance posterior (r_med_geo)'
#   meta: !!omap
#   - {ucd: PHYS_DISTANCE_TRUE}
#   - {width: 15}
#   - {precision: '8'}
#   - values: {'null': .nan}
# - name: Plx
#   unit: mas
#   datatype: float64
#   format: '{:9.4f}'
#   description: '? Parallax (parallax)'
#   meta: !!omap
#   - {ucd: POS_PARLX_TRIG}
#   - {width: 9}
#   - {precision: '4'}
#   - values: {'null': .nan}
# - name: e_Plx
#   unit: mas
#   datatype: float32
#   format: '{:7.4f}'
#   description: '? Standard error of parallax (parallax_error)'
#   meta: !!omap
#   - {ucd: ERROR}
#   - {width: 7}
#   - {precision: '4'}
#   - values: {'null': .nan}
# - name: pmRA
#   unit: mas / yr
#   datatype: float64
#   format: '{:9.3f}'
#   description: '? Proper motion in right ascension direction, pmRA*cosDE (pmra)'
#   meta: !!omap
#   - {ucd: POS_EQ_PMRA}
#   - {width: 9}
#   - {precision: '3'}
#   - values: {'null': .nan}
# - name: pmDE
#   unit: mas / yr
#   datatype: float64
#   format: '{:9.3f}'
#   description: '? Proper motion in declination direction (pmdec)'
#   meta: !!omap
#   - {ucd: POS_EQ_PMDEC}
#   - {width: 9}
#   - {precision: '3'}
#   - values: {'null': .nan}
# - name: e_pmRA
#   unit: mas / yr
#   datatype: float32
#   format: '{:6.3f}'
#   description: '? Standard error of proper motion in right ascension direction (pmra_error)'
#   meta: !!omap
#   - {ucd: ERROR}
#   - {width: 6}
#   - {precision: '3'}
#   - values: {'null': .nan}
# - name: e_pmDE
[...]
#         value: !astropy.table.SerializedColumn {name: SkyCoord.dec}
#       distance: !astropy.table.SerializedColumn
#         __class__: astropy.coordinates.distances.Distance
#         unit: !astropy.units.Unit {unit: pc}
#         value: !astropy.table.SerializedColumn {name: SkyCoord.distance}
#       frame: icrs
#       obstime: !astropy.time.Time {format: jyear_str, in_subfmt: '*', jd1: 367701545.0, jd2: 0.0, out_subfmt: '*', precision: 3, scale: tt}
#       pm_dec: !astropy.table.SerializedColumn
#         __class__: astropy.units.quantity.Quantity
#         unit: !astropy.units.Unit {unit: mas / yr}
#         value: !astropy.table.SerializedColumn {name: SkyCoord.pm_dec}
#       pm_ra_cosdec: !astropy.table.SerializedColumn
#         __class__: astropy.units.quantity.Quantity
#         unit: !astropy.units.Unit {unit: mas / yr}
#         value: !astropy.table.SerializedColumn {name: SkyCoord.pm_ra_cosdec}
#       ra: !astropy.table.SerializedColumn
#         __class__: astropy.coordinates.angles.Longitude
#         unit: *id001
#         value: !astropy.table.SerializedColumn {name: SkyCoord.ra}
#         wrap_angle: !astropy.coordinates.Angle
#           unit: *id001
#           value: 360.0
#       representation_type: spherical
# schema: astropy-2.0
RA_ICRS_1 DE_ICRS_1 e_RA_ICRS e_DE_ICRS _r_1 HIP TYC2 Source rgeo Plx e_Plx pmRA pmDE e_pmRA e_pmDE RUWE Teff logg Gmag BP-RP BPmag RPmag RV e_RV b_rgeo B_rgeo FG e_FG FBP e_FBP FRP e_FRP RAVE5 RAVE6 e_Gmag e_BPmag e_RPmag e_BP-RP SkyCoord.ra SkyCoord.dec SkyCoord.distance SkyCoord.pm_ra_cosdec SkyCoord.pm_dec rmRA rmDE e_rmRA e_rmDE rRV e_rRV v_pec v_pec3d e_vpec e_vpec3d
[from data line 273]
195.60446263469 -63.88410218556 0.0267 0.0314 10.1591 "" "" 5862299238573548800 2378.94385 0.3941 0.0398 -7.255 -0.946 0.034 0.045 1.103 8037.1 4.2143 16.252588 1.830858 17.129942 15.299084 "" "" 2203.1687 2586.73486 5941.71226 3.17 1920.6 5.8194 6019.0 9.1788 "" "" 0.002815551295898515 0.004313657 0.004126151 0.008439808 195.60446263469 -63.88410218556 2378.94385 -7.255 -0.946 1.5344163131713868 0.02766666793823247 0.17712784 0.18812783 "" "" 17.30518813192234 "" 3.065294349072619 ""
195.20222445519 -64.13688213934 0.0289 0.03 8.5009 "" "" 5861908156054099968 2801.04541 0.328 0.0408 -8.695 0.534 0.035 0.04 0.998 9018.0 4.2056 16.254314 1.864074 17.165283 15.301209 "" "" 2508.27979 3206.20972 5932.27563 2.4456 1859.1 6.2766 6007.2 9.2583 "" "" 0.002791439344537367 0.0046067047 0.0041332534 0.008739958 195.20222445519 -64.13688213934 2801.04541 -8.695000000000006 0.5339999999999989 0.09441631317138643 1.5076666679382325 0.17812783 0.18312782 "" "" 20.056436051977233 "" 3.6725050006257636 ""
195.12808010095 -64.10787410041 0.0275 0.0314 8.9653 "" "" 5861908911968361472 2841.94263 0.328 0.0416 -5.071 -1.368 0.035 0.044 0.997 9243.6 3.4872 16.259289 1.763428 17.099203 15.335775 "" "" 2537.96338 3197.1748 5905.15718 2.4781 1975.8 9.393 5819.0 12.215 "" "" 0.002792738347547062 0.00586748 0.0044134078 0.010280888 195.12808010095 -64.10787410041 2841.94263 -5.071 -1.368 3.718416313171387 -0.3943333320617677 0.17812783 0.18712783 "" "" 50.37094979006607 "" 8.977635319253498 ""
195.41449312553 -63.88838212172 0.0273 0.0305 8.7416 "" "" 5862298860616157184 2573.91577 0.35 0.0391 -10.337 -5.13 0.034 0.042 1.045 8131.6 3.7997 16.263124 2.684869 17.761272 15.076404 "" "" 2362.74072 2830.06982 5884.32938 2.5737 1073.8 5.7089 7389.2 15.554 "" "" 0.0027959438211063305 0.0064113317 0.0044166665 0.010827998 195.41449312553 -63.88838212172 2573.91577 -10.337000000000009 -5.130000000000003 -1.547583686828613 -4.1563333320617675 0.17712784 0.18512782 "" "" 54.10983375007168 "" 9.965534400808572 ""
195.89860801512 -63.94931727761 0.0313 0.0328 13.4539 "" "" 5862283428761892352 2317.10229 0.4178 0.042 -6.877 -2.163 0.038 0.049 1.08 "" "" 16.268633 1.365597 16.871756 15.506159 "" "" 2124.1355 2610.7356 5854.546 2.4715 2436.2 8.6893 4973.9 11.035 "" "" 0.0027931825485792727 0.0047730105 0.004481742 0.009254753 195.89860801512 -63.94931727761 2317.10229 -6.877000000000001 -2.163 1.912416313171387 -1.1893333320617674 0.18112783 0.19212782 "" "" 24.7347055922691 "" 4.557659375643429 ""
195.72393525307 -63.83218723405 0.0263 0.0327 14.4462 "" "" 5862299960130005632 2715.85059 0.3495 0.0373 -4.173 0.614 0.034 0.047 1.018 9107.4 3.7451 16.26917 1.575056 16.998505 15.423449 "" "" 2437.60327 3039.54932 5851.64809 2.2762 2167.8 7.2725 5367.6 8.7354 "" "" 0.002787499924041513 0.0045882673 0.0041720355 0.008760303 195.72393525307 -63.83218723405 2715.85059 -4.172999999999999 0.6139999999999992 4.616416313171387 1.5876666679382323 0.17712784 0.19012782 "" "" 62.84407297991098 "" 11.220658463960737 ""
195.36769907069 -64.11359355143 0.0335 0.0342 5.0075 "" "" 5861905475953816960 2905.13379 0.3344 0.0463 -6.029 -0.73 0.04 0.047 1.126 15014.2 4.1048 16.272493 2.611365 17.670683 15.059318 "" "" 2597.7356 3405.19678 5833.77109 3.1266 1167.2 8.1325 7506.4 17.998 "" "" 0.002816095748238865 0.008063048 0.0045891902 0.012652239 195.36769907069 -64.11359355143 2905.13379 -6.028999999999999 -0.7300000000000003 2.760416313171387 0.24366666793823244 0.18312782 0.19012782 "" "" 38.159659891799315 "" 6.990199761638875 ""
195.87226502933 -63.93139821857 0.0458 0.0517 13.2811 "" "" 5862283707970421888 2872.6875 0.3299 0.0622 -6.165 -1.346 0.056 0.081 1.755 9059.9 4.2728 16.273962 1.407938 16.866169 15.458231 "" "" 2429.24658 3755.13818 5825.89002 5.3474 2448.8 8.0494 5198.4 12.045 "" "" 0.00293000460542412 0.0045301327 0.0045401044 0.009070237 195.87226502933 -63.93139821857 2872.6875 -6.165 -1.346 2.6244163131713867 -0.37233333206176766 0.19912782 0.22412783 "" "" 36.093314585902505 "" 7.206079642374997 ""
195.53504210824 -63.86111927876 0.0275 0.0308 10.7698 "" "" 5862298826256452608 2922.50391 0.3069 0.0386 -7.433 -0.775 0.034 0.044 1.01 15010.1 4.0102 16.282774 2.863728 17.92068 15.056952 "" "" 2672.82446 3176.80786 5778.79367 2.8396 927.14 6.1698 7522.8 11.783 "" "" 0.0028064968527495076 0.007745231 0.004144363 0.011889594 195.53504210824 -63.86111927876 2922.50391 -7.432999999999997 -0.774999999999999 1.356416313171387 0.1986666679382324 0.17712784 0.18712783 "" "" 18.990455802575116 "" 3.3678367038022095 ""
195.23498152539 -63.92240289413 0.026 0.0288 8.3597 "" "" 5861926018765666944 2423.54492 0.4086 0.037 -5.407 -1.723 0.034 0.04 0.948 7785.6 4.2062 16.292156 1.702783 17.10172 15.398938 "" "" 2196.17993 2758.73877 5729.06943 2.2629 1971.2 4.7534 5490.1 7.1145 "" "" 0.0027884945563126464 0.003826208 0.0040327813 0.00785899 195.23498152539 -63.92240289413 2423.54492 -5.406999999999995 -1.7229999999999988 3.3824163131713867 -0.7493333320617677 0.17712784 0.18312782 "" "" 39.79793871162493 "" 7.060674072960653 ""
195.24272752302 -64.20216354511 0.0295 0.0321 11.1635 "" "" 5861904582641263104 2784.01709 0.3443 0.042 -6.434 -1.172 0.035 0.045 0.99 9393.2 4.2344 16.297926 1.567054 17.021793 15.45474 "" "" 2496.71729 3096.39746 5698.70302 2.4933 2121.8 8.2785 5215.1 7.2106 "" "" 0.002795969371579688 0.0050724773 0.004066604 0.009139081 195.24272752302 -64.20216354511 2784.01709 -6.434000000000005 -1.1720000000000008 2.3554163131713866 -0.1983333320617675 0.17812783 0.18812783 "" "" 31.192637167972123 "" 5.558533845539366 ""
195.4327842517 -63.83150439857 0.0271 0.0303 12.1515 "" "" 5862301987352410240 2743.95972 0.3317 0.038 -8.854 -3.564 0.034 0.043 0.969 "" "" 16.300755 2.936053 18.004831 15.068778 "" "" 2481.94922 3058.05347 5683.87584 2.768 857.99 6.1026 7441.3 7.5941 "" "" 0.002805594416844038 0.008211077 0.003938459 0.012149536 195.4327842517 -63.83150439857 2743.95972 -8.854 -3.5640000000000023 -0.06458368682861249 -2.5903333320617676 0.17712784 0.18612783 "" "" 33.70130138494788 "" 6.272566101079197 ""
195.21273487792 -64.04510025696 0.0273 0.0312 5.6179 "" "" 5861921448937749376 2533.03418 0.3809 0.0392 -8.599 -0.85 0.033 0.041 1.006 "" "" 16.305977 1.505595 16.994488 15.488893 "" "" 2278.99414 2851.40137 5656.61108 2.3863 2175.8 5.0583 5053.6 9.2146 "" "" 0.0027931308658765024 0.0037624761 0.0042664916 0.008028967 195.21273487792 -64.04510025696 2533.03418 -8.599 -0.8500000000000011 0.19041631317138652 0.12366666793823244 0.17612782 0.18412784 "" "" 2.726097475654758 "" 0.4867134100927949 ""
195.04809977498 -63.95139322376 0.0317 0.0387 11.0884 "" "" 5861925782564933632 2611.15308 0.3428 0.0461 -6.324 -0.399 0.041 0.055 1.156 15007.0 4.0017 16.312416 2.736799 17.824749 15.08795 "" "" 2337.50977 3063.52734 5623.16179 2.9648 1012.8 7.3105 7311.0 13.812 "" "" 0.002814158972023941 0.008318835 0.004300125 0.01261896 195.04809977498 -63.95139322376 2611.15308 -6.323999999999999 -0.39899999999999947 2.465416313171387 0.5746666679382324 0.18412784 0.19812784 "" "" 31.332101576951498 "" 5.792528273959305 ""
195.77330678862 -63.84871481326 0.0281 0.0305 14.4158 "" "" 5862299719609793664 2369.73535 0.3962 0.0391 -6.555 -0.93 0.035 0.044 1.087 9398.5 3.9667 16.314127 1.451532 16.969175 15.517643 "" "" 2192.45044 2579.84692 5614.30788 2.2216 2227.1 6.9814 4921.5 10.954 "" "" 0.002788614492209978 0.0044010147 0.004485927 0.008886942 195.77330678862 -63.84871481326 2369.73535 -6.555000000000001 -0.9300000000000003 2.234416313171387 0.04366666793823237 0.17812783 0.18712783 "" "" 25.102975321667458 "" 4.471626832671546 ""
195.67724222639 -64.00271906914 0.0316 0.0338 6.8877 "" "" 5862283020775593216 2702.59497 0.3361 0.0433 -8.878 -4.933 0.04 0.052 0.993 7807.1 3.4472 16.319393 3.016817 18.081783 15.064966 "" "" 2457.70215 3001.09399 5587.13483 3.1481 799.29 4.9465 7467.4 8.776 "" "" 0.0028224181398771205 0.0072754915 0.0039889733 0.011264465 195.67724222639 -64.00271906914 2702.59497 -8.878 -4.933 -0.0885836868286134 -3.9593333320617674 0.18312782 0.19512783 "" "" 50.732941295351 "" 9.899113509971915 ""
194.98072503864 -64.1578900311 0.0299 0.0345 13.8181 "" "" 5861907468859305856 2870.88013 0.321 0.0439 -5.085 -1.349 0.037 0.05 0.974 "" "" 16.32206 1.98016 17.306913 15.326754 "" "" 2569.44336 3213.75684 5573.43334 2.7624 1631.7 7.0643 5867.6 10.466 "" "" 0.0028073785693940793 0.005466322 0.004246672 0.009712994 194.98072503864 -64.1578900311 2870.88013 -5.0850000000000035 -1.3490000000000002 3.7044163131713868 -0.37533333206176756 0.18012783 0.19312783 "" "" 50.6676806309184 "" 9.133591414790388 ""
195.10354199383 -64.02341754656 0.0265 0.0335 8.4733 "" "" 5861922140468899712 2673.92261 0.3633 0.0398 -6.665 -0.542 0.033 0.045 1.006 9623.4 4.311 16.322063 1.388795 16.906216 15.517421 "" "" 2413.48755 3065.55811 5573.41867 2.3776 2360.1 23.506 4922.5 39.662 "" "" 0.0027939786729640767 0.0111678215 0.009529574 0.020697396 195.10354199383 -64.02341754656 2673.92261 -6.665 -0.5419999999999998 2.1244163131713867 0.4316666679382324 0.17612782 0.18812783 "" "" 27.475911843531176 "" 4.8527721806534805 ""
195.57632297514 -63.99515227235 0.0293 0.0316 4.608 "" "" 5862284704402775424 2636.2981 0.3597 0.0389 -6.87 -0.888 0.036 0.047 0.992 "" "" 16.323267 1.893871 17.260456 15.366585 "" "" 2394.49634 3000.80225 5567.23893 2.4247 1703.1 6.5204 5656.2 8.0165 "" "" 0.0027956030068174774 0.0050063934 0.0040806443 0.009087037 195.57632297514 -63.99515227235 2636.2981 -6.869999999999999 -0.888 1.9194163131713866 0.08566666793823241 0.17912783 0.19012782 "" "" 24.009005052511196 "" 4.301222031465278 ""
195.5991053027 -64.10463250208 0.0305 0.0313 6.2288 "" "" 5862280198946329344 2547.47754 0.357 0.0406 -6.238 0.018 0.037 0.046 0.978 8482.4 4.1374 16.32342 1.577205 17.02641 15.449204 "" "" 2275.55493 2790.89258 5566.45364 4.5988 2112.8 11.695 5241.8 24.181 "" "" 0.002897652533719849 0.0066259913 0.0062745526 0.012900544 195.5991053027 -64.10463250208 2547.47754 -6.238 0.01799999999999949 2.5514163131713863 0.9916666679382324 0.18012783 0.18912783 "" "" 33.05371518794115 "" 5.993777663638005 ""
195.65036550591 -64.18736690295 0.0293 0.0323 10.9315 "" "" 5862091156040036480 2470.89966 0.3891 0.0407 -4.364 -0.442 0.036 0.046 0.985 9343.8 3.7 16.323935 1.573108 17.048841 15.475734 "" "" 2227.16211 2763.71802 5563.81622 2.5765 2069.6 7.5531 5115.2 8.5106 "" "" 0.0028008179849211686 0.0048462367 0.004188905 0.009035142 195.65036550591 -64.18736690295 2470.89966 -4.363999999999999 -0.4419999999999994 4.425416313171387 0.5316666679382325 0.17912783 0.18912783 "" "" 52.203469489229775 "" 9.358725846146907 ""
195.29877627225 -64.13721423236 0.0312 0.0332 7.0232 "" "" 5861905334202980864 2360.86621 0.4072 0.0437 -6.223 -0.025 0.038 0.045 1.019 4850.6 3.4872 16.328003 2.391898 17.61758 15.225682 "" "" 2135.01611 2647.76294 5543.01009 2.5741 1225.7 6.1186 6440.0 7.5219 "" "" 0.0028010727305263976 0.0060959402 0.0039864643 0.010082405 195.29877627225 -64.13721423236 2360.86621 -6.223 -0.025000000000001067 2.566416313171387 0.9486666679382324 0.18112783 0.18812783 "" "" 30.618788672853224 "" 5.572116160534031 ""
195.26729210726 -64.24152349066 0.0308 0.0344 13.1186 "" "" 5861903483129605120 2385.99805 0.39 0.0446 -8.823 1.37 0.039 0.047 1.11 4865.1 3.5441 16.330824 2.177295 17.387054 15.20976 "" "" 2154.53345 2667.16138 5528.6286 2.656 1515.6 10.516 6535.1 68.922 "" "" 0.0028042561683506062 0.008033491 0.012058232 0.020091724 195.26729210726 -64.24152349066 2385.99805 -8.823000000000002 1.3700000000000028 -0.03358368682861368 2.3436666679382325 0.18212783 0.19012782 "" "" 26.508725810410603 "" 5.040003622600268 ""
195.82304687978 -64.04605860679 0.032 0.0324 10.4764 "" "" 5862282093062626816 2921.56982 0.3244 0.0422 -6.067 -0.133 0.041 0.049 0.983 11276.2 4.0883 16.334799 2.921642 18.016342 15.0947 "" "" 2596.18213 3358.82446 5508.42618 2.9883 848.95 4.7513 7265.7 7.6029 "" "" 0.0028175733298148203 0.006686486 0.003946455 0.0106329415 195.82304687978 -64.04605860679 2921.56982 -6.067000000000001 -0.13299999999999895 2.7224163131713865 0.8406666679382324 0.18412784 0.19212782 "" "" 39.45721100770271 "" 7.293192770701818 ""
195.40936688342 -64.03337913876 0.0291 0.031 0.4155 "" "" 5862284876201340032 2654.86987 0.3716 0.0404 -7.445 -0.437 0.036 0.042 0.987 9095.6 4.1752 16.3364 1.652381 17.11709 15.464709 "" "" 2392.36133 2959.83545 5500.30452 2.5532 1943.5 6.5684 5167.4 7.8498 "" "" 0.0028010347917805435 0.0046097515 0.004123598 0.008733349 195.40936688342 -64.03337913876 2654.86987 -7.445 -0.437000000000001 1.3444163131713864 0.5366666679382324 0.17912783 0.18512782 "" "" 18.216373592787136 "" 3.278297910901613 ""
195.08780020294 -63.95462072863 0.0305 0.0353 10.0714 "" "" 5861925542083099520 2543.93677 0.3766 0.0443 -5.979 -0.902 0.038 0.049 1.129 9425.0 4.3317 16.336678 1.410181 16.967905 15.557724 "" "" 2303.9563 2913.25293 5498.90319 2.3081 2229.7 6.1129 4743.2 10.086 "" "" 0.002792753959473138 0.004079876 0.0044287615 0.008508638 195.08780020294 -63.95462072863 2543.93677 -5.979000000000004 -0.9020000000000006 2.8104163131713866 0.0716666679382324 0.18112783 0.19212782 "" "" 33.89974803353981 "" 6.140437523293584 ""
195.65519503607 -64.11829028777 0.0349 0.0383 7.8739 "" "" 5862280031478276352 2766.78125 0.3463 0.0478 -5.44 -1.676 0.042 0.056 1.186 7485.3 3.867 16.341707 1.996433 17.33341 15.336977 "" "" 2456.61841 3139.81641 5473.483 2.7933 1592.4 5.8845 5812.6 7.9547 "" "" 0.0028104807376482304 0.004886996 0.0040609734 0.008947969 195.65519503607 -64.11829028777 2766.78125 -5.44 -1.676 3.3494163131713863 -0.7023333320617675 0.18512782 0.19912782 "" "" 44.88137298395999 "" 8.33621030287609 ""
194.88525171767 -64.0481158387 0.0337 0.0407 14.2041 "" "" 5861923652297326080 2548.65527 0.3653 0.0502 -13.307 -2.77 0.042 0.059 1.114 8835.6 4.0683 16.346565 2.189435 17.30127 15.111835 "" "" 2292.88208 2872.06519 5449.05277 3.7283 1640.2 26.239 7152.0 126.2 "" "" 0.0028537078743949337 0.01759168 0.019527487 0.037119165 194.88525171767 -64.0481158387 2548.65527 -13.307000000000002 -2.7700000000000005 -4.517583686828614 -1.7963333320617676 0.18512782 0.20212783 "" "" 58.73144615237722 "" 11.014471869957333 ""
195.29958773137 -64.26181808049 0.0302 0.0325 14.058 "" "" 5861715741554247424 2669.12891 0.3606 0.0415 -5.462 -0.288 0.035 0.045 0.958 9425.4 4.3207 16.353168 1.382587 16.976778 15.594191 "" "" 2408.49683 2990.9314 5416.0119 2.3725 2211.6 7.8738 4586.5 7.7351 "" "" 0.002796067628871045 0.0047672726 0.0041995957 0.008966869 195.29958773137 -64.26181808049 2669.12891 -5.462000000000001 -0.2879999999999992 3.327416313171387 0.6856666679382324 0.17812783 0.18812783 "" "" 42.98187729332236 "" 7.674246671857678 ""
195.77645456413 -64.01017540801 0.0323 0.036 9.3436 "" "" 5862282814617159680 2449.84937 0.3836 0.0443 -6.053 -3.586 0.04 0.053 1.03 8558.4 4.1827 16.355312 1.774092 17.204454 15.430363 "" "" 2183.27734 2749.33276 5405.32389 2.5379 1793.2 5.5748 5333.5 9.8364 "" "" 0.0028020810529736525 0.0043793097 0.004277065 0.008656375 195.77645456413 -64.01017540801 2449.84937 -6.053 -3.586 2.736416313171387 -2.6123333320617674 0.18312782 0.19612783 "" "" 43.93107470653291 "" 8.32220240803165 ""
195.35821289056 -64.03139022095 0.0309 0.033 1.7647 "" "" 5862284906230542720 2332.31665 0.4134 0.0411 -5.235 -0.976 0.036 0.045 1.045 8589.9 4.4099 16.35749 1.562591 17.06829 15.5057 "" "" 2114.67554 2541.57739 5394.49304 2.6711 2032.8 8.373 4976.0 7.2432 "" "" 0.0028072778996210005 0.0052711153 0.00409652 0.0093676355 195.35821289056 -64.03139022095 2332.31665 -5.234999999999998 -0.975999999999999 3.5544163131713864 -0.002333332061767557 0.17912783 0.18812783 "" "" 39.294723877489105 "" 7.0387786682377556 ""
