Clusters/UBC_31/UBC_31_members.tsv
# %ECSV 1.0
# ---
# datatype:
# - name: RA_ICRS_1
#   unit: deg
#   datatype: float64
#   format: '{:15.11f}'
#   description: Right ascension (ICRS) at Ep=2016.0 (ra)
#   meta: !!omap
#   - {ucd: POS_EQ_RA_MAIN}
#   - {width: 15}
#   - {precision: '11'}
# - name: DE_ICRS_1
#   unit: deg
#   datatype: float64
#   format: '{:15.11f}'
#   description: Declination (ICRS) at Ep=2016.0 (dec)
#   meta: !!omap
#   - {ucd: POS_EQ_DEC_MAIN}
#   - {width: 15}
#   - {precision: '11'}
# - name: e_RA_ICRS
#   unit: mas
#   datatype: float64
#   format: '{:7.4f}'
#   description: Standard error of right ascension (ra_error)
#   meta: !!omap
#   - {ucd: ERROR}
#   - {width: 7}
#   - {precision: '4'}
# - name: e_DE_ICRS
#   unit: mas
#   datatype: float64
#   format: '{:7.4f}'
#   description: Standard error of declination (dec_error)
#   meta: !!omap
#   - {ucd: ERROR}
#   - {width: 7}
#   - {precision: '4'}
# - name: _r_1
#   unit: ''
#   datatype: float64
#   format: '{:8.4f}'
#   description: Distance from center (061.11140951000+32.84309638000)[ICRS], at Epoch=J2016.0
#   meta: !!omap
#   - {ucd: POS_ANG_DIST_GENERAL}
#   - {width: 8}
#   - {precision: '4'}
# - name: HIP
#   datatype: int32
#   description: '? HIP cross-id number, van Leeuwen, Cat. I/311 (hip_original_ext_source_id)'
#   meta: !!omap
#   - {ucd: ID_NUMBER}
#   - {width: 6}
#   - values: {'null': -2147483648}
# - name: TYC2
#   datatype: string
#   description: Tycho-2 cross-id name, Hog et al., Cat. I/259 (tyc2_original_ext_source_id)
#   meta: !!omap
#   - {ucd: ID_CROSSID}
#   - {_votable_string_dtype: char}
# - name: Source
#   datatype: int64
#   description: Source identifier, identical to the Gaia-EDR3 source_id (id)
#   meta: !!omap
#   - {ucd: ID_MAIN}
#   - {width: 19}
# - name: rgeo
#   unit: pc
#   datatype: float64
#   format: '{:15.8f}'
#   description: '? Median of the geometric distance posterior (r_med_geo)'
#   meta: !!omap
#   - {ucd: PHYS_DISTANCE_TRUE}
#   - {width: 15}
#   - {precision: '8'}
#   - values: {'null': .nan}
# - name: Plx
#   unit: mas
#   datatype: float64
#   format: '{:9.4f}'
#   description: '? Parallax (parallax)'
#   meta: !!omap
#   - {ucd: POS_PARLX_TRIG}
#   - {width: 9}
#   - {precision: '4'}
#   - values: {'null': .nan}
# - name: e_Plx
#   unit: mas
#   datatype: float32
#   format: '{:7.4f}'
#   description: '? Standard error of parallax (parallax_error)'
#   meta: !!omap
#   - {ucd: ERROR}
#   - {width: 7}
#   - {precision: '4'}
#   - values: {'null': .nan}
# - name: pmRA
#   unit: mas / yr
#   datatype: float64
#   format: '{:9.3f}'
#   description: '? Proper motion in right ascension direction, pmRA*cosDE (pmra)'
#   meta: !!omap
#   - {ucd: POS_EQ_PMRA}
#   - {width: 9}
#   - {precision: '3'}
#   - values: {'null': .nan}
# - name: pmDE
#   unit: mas / yr
#   datatype: float64
#   format: '{:9.3f}'
#   description: '? Proper motion in declination direction (pmdec)'
#   meta: !!omap
#   - {ucd: POS_EQ_PMDEC}
#   - {width: 9}
#   - {precision: '3'}
#   - values: {'null': .nan}
# - name: e_pmRA
#   unit: mas / yr
#   datatype: float32
#   format: '{:6.3f}'
#   description: '? Standard error of proper motion in right ascension direction (pmra_error)'
#   meta: !!omap
#   - {ucd: ERROR}
#   - {width: 6}
#   - {precision: '3'}
#   - values: {'null': .nan}
# - name: e_pmDE
[...]
#       distance: !astropy.table.SerializedColumn
#         __class__: astropy.coordinates.distances.Distance
#         unit: !astropy.units.Unit {unit: pc}
#         value: !astropy.table.SerializedColumn {name: SkyCoord.distance}
#       frame: icrs
#       obstime: !astropy.time.Time {format: jyear_str, in_subfmt: '*', jd1: 367701545.0, jd2: 0.0, out_subfmt: '*', precision: 3, scale: tt}
#       pm_dec: !astropy.table.SerializedColumn
#         __class__: astropy.units.quantity.Quantity
#         unit: !astropy.units.Unit {unit: mas / yr}
#         value: !astropy.table.SerializedColumn {name: SkyCoord.pm_dec}
#       pm_ra_cosdec: !astropy.table.SerializedColumn
#         __class__: astropy.units.quantity.Quantity
#         unit: !astropy.units.Unit {unit: mas / yr}
#         value: !astropy.table.SerializedColumn {name: SkyCoord.pm_ra_cosdec}
#       ra: !astropy.table.SerializedColumn
#         __class__: astropy.coordinates.angles.Longitude
#         unit: *id001
#         value: !astropy.table.SerializedColumn {name: SkyCoord.ra}
#         wrap_angle: !astropy.coordinates.Angle
#           unit: *id001
#           value: 360.0
#       representation_type: spherical
# schema: astropy-2.0
RA_ICRS_1 DE_ICRS_1 e_RA_ICRS e_DE_ICRS _r_1 HIP TYC2 Source rgeo Plx e_Plx pmRA pmDE e_pmRA e_pmDE RUWE Teff logg Gmag BP-RP BPmag RPmag RV e_RV b_rgeo B_rgeo FG e_FG FBP e_FBP FRP e_FRP RAVE5 RAVE6 e_Gmag e_BPmag e_RPmag e_BP-RP SkyCoord.ra SkyCoord.dec SkyCoord.distance SkyCoord.pm_ra_cosdec SkyCoord.pm_dec rmRA rmDE e_rmRA e_rmDE rRV e_rRV v_pec v_pec3d e_vpec e_vpec3d Pmemb
61.49802461935 33.01513006443 0.017 0.0104 22.037 "" 2362-1759-1 170220072320010752 349.342957 2.8315 0.0209 3.88 -5.275 0.028 0.015 1.004 "" "" 10.147686 0.341113 10.264475 9.923362 16.97 1.41 346.686829 352.207001 1643887.82101 362.75 1070600.0 449.1 850770.0 157.4 "" "" 0.0027657169699894122 0.002827098 0.0037847161 0.006611814 61.49802461935 33.01513006443 349.342957 3.88 -5.275000000000002 0.11149991035461415 0.15247831344604457 0.18075965 0.16775966 -3.1622727272727253 3.5651484 0.3127909024834135 3.1777046669458238 0.05392527907129292 3.547838835475233 0.83
61.57018983043 33.54897791838 0.0153 0.0102 48.2114 "" 2362-54-1 170659017978660608 359.50589 2.751 0.0191 3.914 -5.395 0.019 0.014 1.092 "" "" 10.709857 0.466057 10.877871 10.411814 15.93 1.81 357.066925 361.698761 979498.99097 225.48 608510.0 261.47 542540.0 181.7 "" "" 0.0027666328392608815 0.002828904 0.0037968338 0.006625738 61.57018983043 33.54897791838 359.50589 3.9140000000000015 -5.395 0.1454999103546144 0.03247831344604535 0.17175965 0.16675965 -4.2022727272727245 3.9651484 0.25404220246877884 4.2099445976182786 0.04357475039069115 3.9579235491916838 0.83
60.97752245512 32.2355407907 0.0182 0.0112 37.077 "" 2362-3057-1 170063494992055296 349.515442 2.8295 0.0226 3.771 -5.522 0.026 0.017 1.284 7488.5 4.219 10.907909 0.609978 11.136837 10.526859 19.37 0.74 347.560516 351.714752 816174.66426 260.51 479380.0 373.39 487990.0 230.22 "" "" 0.002777028291461074 0.0029155149 0.0038139345 0.006729449 60.97752245512 32.2355407907 349.515442 3.771 -5.522 0.0024999103546141654 -0.09452168655395532 0.17875966 0.16975966 -0.7622727272727232 2.8951485 0.15664913920493995 0.7782021996611448 0.02659371635688126 2.8358910933229087 0.91
59.42151779185 32.8823261513 0.019 0.0116 85.1994 "" 2361-2338-1 170390015585048192 348.398071 2.8368 0.0231 3.753 -5.586 0.028 0.016 1.092 "" "" 11.069797 0.805236 11.386388 10.581152 20.48 1.83 345.653473 350.30191 703117.54719 186.87 380940.0 195.18 464190.0 173.36 "" "" 0.0027703891792927463 0.002845085 0.0038010718 0.006646157 59.42151779185 32.8823261513 348.398071 3.753 -5.586 -0.015500089645385629 -0.15852168655395538 0.18075965 0.16875966 0.3477272727272762 3.9851484 0.2630322452809233 0.4360048374225604 0.044420175530685536 3.1783914576374515 0.87
63.53947835585 31.33085741127 0.0213 0.0124 153.1831 "" "" 166441978568551040 359.660278 2.7374 0.0235 3.683 -5.576 0.027 0.02 1.145 6784.9 4.1159 11.235743 0.802795 11.551901 10.749105 20.22 1.46 355.799744 363.377228 603461.59033 182.63 327080.0 136.12 397660.0 129.2 "" "" 0.002774843605684315 0.0028265198 0.0037958086 0.0066223284 63.53947835585 31.33085741127 359.660278 3.683 -5.5760000000000005 -0.08550008964538591 -0.1485216865539547 0.17975965 0.17275965 0.08772727272727465 3.6151485 0.2921561796159409 0.3050431242758105 0.050989514768573704 1.040825935024358 0.92
59.30389435758 32.01181861752 0.0182 0.0118 104.2438 "" "" 168797819668765440 367.89682 2.6708 0.0221 3.668 -5.287 0.03 0.017 1.041 "" "" 11.260452 0.702499 11.526686 10.824186 17.72 4.26 364.902008 371.848907 589883.15112 236.06 334770.0 335.28 371090.0 244.72 "" "" 0.002789367632253476 0.0029945725 0.0038466072 0.00684118 59.30389435758 32.01181861752 367.89682 3.668 -5.287000000000002 -0.10050008964538559 0.140478313446045 0.18275966 0.16975966 -2.4122727272727253 6.4151487 0.3012057154811404 2.4310048526858803 0.05249092341186087 6.365720082586082 0.85
60.23391135171 31.71700948664 0.0221 0.015 80.9091 "" 2357-1345-1 170033498940384640 364.000336 2.7025 0.0264 3.752 -5.397 0.028 0.02 1.304 6263.3 3.8335 11.377637 1.126342 11.852142 10.725801 21.34 1.16 361.391174 367.21582 529531.83176 480.81 248060.0 694.5 406290.0 883.17 "" "" 0.0029263743120716123 0.004126162 0.004455766 0.008581928 60.23391135171 31.71700948664 364.000336 3.7520000000000016 -5.3969999999999985 -0.016500089645385962 0.03047831344604468 0.18075965 0.17275965 1.2077272727272756 3.3151484 0.05979767130831416 1.2092067345095132 0.01044097331920389 3.3110923171092765 0.91
61.33281498146 34.31946737368 0.0192 0.0124 89.2708 "" "" 170915960101380224 352.755951 2.7908 0.0216 3.736 -5.336 0.029 0.019 1.196 5970.6 4.1163 11.647598 0.996937 12.044907 11.04797 29.36 15.55 350.545258 355.25705 412959.56013 349.4 207710.0 550.86 301970.0 705.25 "" "" 0.0029044219297937324 0.0040095174 0.0045512277 0.008560745 61.33281498146 34.31946737368 352.755951 3.7359999999999998 -5.336000000000003 -0.03250008964538553 0.09147831344604462 0.18175966 0.17175965 9.227727272727275 17.705149 0.16232399315784998 9.229154874558638 0.028067308617323018 17.702410002021814 0.84
61.0408873624 34.89642234827 0.0155 0.0096 123.2496 "" 2366-2227-1 219032581794191232 352.929016 2.7833 0.0184 3.933 -5.425 0.02 0.013 1.253 6299.0 4.1972 11.725514 0.883146 12.079837 11.196691 17.67 1.71 350.569794 355.380432 384362.46723 120.94 201130.0 155.25 263320.0 124.48 "" "" 0.0027764183768559545 0.0029133153 0.0038140747 0.00672739 61.0408873624 34.89642234827 352.929016 3.933 -5.425000000000001 0.1644999103546141 0.0024783134460450995 0.17275965 0.16575965 -2.4622727272727225 3.8651485 0.27522042066448354 2.4776063576407346 0.0475465558093371 3.8412312006415448 0.9
60.97453199297 34.3810895188 0.015 0.0084 92.5327 "" 2366-2920-1 170943104294742656 365.472443 2.7012 0.0173 3.441 -5.47 0.021 0.012 1.04 6280.8 4.1533 11.960421 0.973256 12.359494 11.386238 16.35 1.59 363.017181 368.164124 309583.92626 114.3 155460.0 201.79 221140.0 186.76 "" "" 0.0027843271568589304 0.0031258906 0.0038890238 0.0070149144 60.97453199297 34.3810895188 365.472443 3.441 -5.470000000000001 -0.3275000896453859 -0.04252168655395483 0.17375965 0.16475965 -3.782272727272723 3.7451487 0.5721033492733034 3.8252959657679786 0.09932529581981062 3.7030566352982164 0.82
60.6952195168 31.98400661289 0.0127 0.0082 55.6894 "" "" 170064250906098560 377.499451 2.6283 0.0161 3.797 -5.462 0.017 0.012 0.915 5106.1 4.1377 12.775681 1.345387 13.375998 12.030611 24.99 4.08 374.907532 379.674225 146107.99334 175.83 60956.0 241.12 122160.0 428.44 "" "" 0.003049425841386279 0.005121542 0.0053650546 0.010486597 60.6952195168 31.98400661289 377.499451 3.797 -5.462 0.02849991035461441 -0.03452168655395482 0.16975966 0.16475965 4.857727272727274 6.2351484 0.08010186518586494 4.858387650754581 0.013361334439421491 6.234300919048746 0.86
61.20120082292 34.97063281 0.0118 0.0075 127.7304 "" "" 171089992176509824 353.234955 2.7921 0.0146 3.58 -5.133 0.015 0.011 0.954 5347.9 4.3824 13.047055 1.005148 13.463723 12.458575 -40.54 1.54 351.462128 355.31366 113795.38043 18.783 56225.0 28.438 82362.0 28.646 "" "" 0.0027611421521222938 0.0028436978 0.0037982007 0.0066418983 61.20120082292 34.97063281 353.234955 3.58 -5.133000000000003 -0.18850008964538567 0.2944783134460449 0.16775966 0.16375965 -60.67227272727273 3.6951485 0.5854179361046563 60.67509696780447 0.09655430599944585 3.6949765875762313 0.84
59.95671317805 32.47458426053 0.032 0.0193 62.3779 "" "" 170307895810677632 346.894501 2.8357 0.0407 3.433 -5.37 0.043 0.027 2.363 4897.4 4.2245 13.25952 1.48102 13.90054 12.41952 15.53 2.49 341.913208 352.168823 93570.49847 152.32 37601.0 200.87 85379.0 341.88 "" "" 0.003273468992364979 0.0064363736 0.005760653 0.012197027 59.95671317805 32.47458426053 346.894501 3.4330000000000003 -5.37 -0.3355000896453859 0.057478313446044815 0.19575965 0.17975965 -4.602272727272725 4.6451483 0.5596933422903352 4.63618063642935 0.10932018957737819 4.61119366686748 0.88
64.20106295652 32.23283798003 0.0157 0.0091 160.5063 "" "" 166594707603193472 355.611237 2.7693 0.0167 3.835 -5.564 0.019 0.015 1.006 4842.6 4.1949 13.562648 1.544977 14.279629 12.734652 21.1 3.27 353.603485 357.722015 70776.25044 78.561 26520.0 105.23 63870.0 176.36 "" "" 0.003007356575884289 0.0051327543 0.0048240605 0.009956814 64.20106295652 32.23283798003 355.611237 3.8350000000000013 -5.564000000000002 0.06649991035461422 -0.13652168655395513 0.17175965 0.16775966 0.9677272727272772 5.4251485 0.2559689695597951 1.0010075862637993 0.04313949559898872 5.24479118260676 0.91
62.68494716803 33.67673860047 0.0276 0.0153 93.4562 "" "" 170717601333293696 365.515564 2.7026 0.0333 4.015 -5.631 0.037 0.022 1.883 "" "" 13.856113 1.751704 14.693423 12.941719 7.98 4.03 361.56601 369.773407 54013.37563 38.005 18115.0 47.417 52780.0 106.54 "" "" 0.0028592666537698482 0.0039826953 0.0043688645 0.00835156 62.68494716803 33.67673860047 365.515564 4.015000000000002 -5.631 0.24649991035461394 -0.2035216865539553 0.18975966 0.17475966 -12.152272727272724 6.1851487 0.5538270214202895 12.16488622255349 0.10180826166491742 6.178737213690291 0.91
58.76526924192 31.53369199774 0.0163 0.0114 142.6989 "" "" 168668420893860608 363.326721 2.7108 0.0207 3.677 -5.491 0.022 0.016 1.011 4821.9 4.2646 14.051102 1.636584 14.805984 13.169399 16.88 5.53 360.645935 366.229736 45134.22465 79.938 16331.0 108.34 42796.0 208.76 "" "" 0.0033599981706252282 0.007724321 0.006506457 0.014230778 58.76526924192 31.53369199774 363.326721 3.6770000000000005 -5.491 -0.0915000896453857 -0.06352168655395474 0.17475966 0.16875966 -3.252272727272725 7.6851487 0.1918288027871356 3.2579251345205456 0.033154009150107015 7.671815450364756 0.93
61.54601042089 34.20656693429 0.019 0.0117 84.6468 "" "" 170904861906231296 344.894714 2.8563 0.0261 3.865 -5.527 0.03 0.018 1.028 4501.0 4.1706 14.166552 1.771421 15.021187 13.249765 -14.0 6.71 342.135986 348.472137 40581.32145 59.561 13395.0 77.35 39742.0 140.9 "" "" 0.0031829429385455714 0.006862456 0.0053945435 0.0122569995 61.54601042089 34.20656693429 344.894714 3.865 -5.527 0.09649991035461447 -0.09952168655395521 0.18275966 0.17075965 -34.13227272727272 8.865149 0.22662373942504407 34.13302506148842 0.04003909455592151 8.864953149425917 0.83
63.49269828611 32.10936000894 0.0207 0.0125 128.3175 "" "" 169504496409025152 347.598206 2.8296 0.0242 3.799 -5.469 0.033 0.025 0.978 4615.5 4.3264 14.336366 1.65957 15.114053 13.454483 16.83 4.45 345.277954 350.812012 34705.68001 86.595 12297.0 117.02 32913.0 226.58 "" "" 0.00386402977945786 0.010702134 0.008375615 0.019077748 63.49269828611 32.10936000894 347.598206 3.7989999999999995 -5.468999999999998 0.03049991035461419 -0.041521686553955384 0.18575966 0.17775966 -3.302272727272726 6.6051483 0.0848849039042804 3.3033635301310826 0.01533053132910463 6.602967242781421 0.92
63.11668724453 31.2423027483 0.0197 0.0115 140.0881 "" "" 169069742639811968 360.25296 2.7371 0.0229 3.62 -5.525 0.027 0.02 1.082 4263.3 4.2548 14.549974 1.792867 15.421579 13.628713 30.42 8.82 356.40921 363.554199 28507.35249 21.425 9263.7 35.601 28033.0 65.266 "" "" 0.0028736108782198735 0.005019488 0.004546809 0.009566297 63.11668724453 31.2423027483 360.25296 3.62 -5.525 -0.14850008964538564 -0.09752168655395543 0.17975965 0.17275965 10.287727272727277 10.975148 0.30337050767165713 10.292199284066626 0.05390270357588031 10.970379560030915 0.92
61.86134063074 33.98092049833 0.0226 0.0132 77.9187 "" "" 170707499569245824 350.375336 2.8136 0.0272 3.734 -5.513 0.037 0.02 1.069 5516.2 4.4376 14.576633 1.894044 15.510562 13.616518 -18.62 6.06 347.421204 353.38916 27815.94483 28.981 8534.8 52.723 28350.0 74.999 "" "" 0.0029784944560356363 0.00726426 0.0047469693 0.01201123 61.86134063074 33.98092049833 350.375336 3.734 -5.513 -0.034500089645385756 -0.08552168655395498 0.18975966 0.17275965 -38.752272727272725 8.215149 0.15315422641487567 38.752575369206035 0.026838481828128223 8.215084769476954 0.89
61.13827184005 31.56985366839 0.0205 0.0131 76.4067 "" "" 169277172379154944 380.166809 2.582 0.0237 3.521 -5.355 0.028 0.018 1.091 4439.9 4.2089 14.685407 1.961556 15.584053 13.622497 18.67 7.04 377.082825 383.477875 25164.25796 18.384 7976.2 27.784 28194.0 63.876 "" "" 0.0028672196295346916 0.004699859 0.0045093787 0.009209238 61.13827184005 31.56985366839 380.166809 3.521 -5.355 -0.24750008964538583 0.0724783134460445 0.18075965 0.17075965 -1.4622727272727225 9.195148 0.4647228802164572 1.5343431442549889 0.08364548656696458 8.763275065191669 0.84
60.97072188669 31.20904646278 0.0199 0.0128 98.3038 "" "" 169239720264748800 361.420898 2.7199 0.0239 3.764 -5.293 0.028 0.018 0.99 4449.9 4.1647 14.714172 2.045094 15.744657 13.699563 46.72 5.14 357.98587 365.140869 24506.29317 41.697 6879.5 49.752 26262.0 119.18 "" "" 0.0033173072294339313 0.008332965 0.0062097497 0.014542715 60.97072188669 31.20904646278 361.420898 3.764 -5.292999999999998 -0.004500089645385952 0.13447831344604477 0.18075965 0.17075965 26.587727272727275 7.2951484 0.23050846572142286 26.588726477243977 0.03936419822594585 7.294874228908503 0.9
61.64108674745 33.27979986423 0.0241 0.0153 37.3626 "" "" 170646579753471488 365.550903 2.6972 0.0281 3.648 -5.267 0.031 0.022 0.965 4963.8 4.2383 15.004081 2.163291 16.11559 13.952298 -27.45 6.5 361.122467 369.940125 18763.5179 16.739 4888.6 27.066 20808.0 47.699 "" "" 0.0029206085090815776 0.0066272183 0.004525288 0.011152506 61.64108674745 33.27979986423 365.550903 3.6479999999999997 -5.267000000000001 -0.12050008964538561 0.16047831344604457 0.18375966 0.17475966 -47.58227272727272 8.6551485 0.347725241114508 47.58354327638779 0.0619149044387175 8.654917413064473 0.85
61.23448133829 31.37075056605 0.0234 0.0153 88.5619 "" "" 169224876857398400 355.944427 2.7649 0.0276 3.658 -5.399 0.032 0.021 1.006 4181.5 4.2137 15.04554 2.031791 16.072622 14.040832 22.27 5.33 352.727692 359.846283 18060.54532 21.426 5085.9 32.434 19179.0 69.438 "" "" 0.0030415253039304544 0.007465039 0.0054530688 0.012918107 61.23448133829 31.37075056605 355.944427 3.657999999999999 -5.399000000000002 -0.11050008964538582 0.0284783134460449 0.18475966 0.17375965 2.1377272727272754 7.4851484 0.19252513976098146 2.146379235364054 0.035442672021381995 7.4549767954553 0.9
59.6063588394 32.48118365388 0.0243 0.0169 79.0628 "" "" 170316691903765504 351.452942 2.798 0.029 3.872 -5.28 0.032 0.024 0.973 4195.5 4.2934 15.057353 2.191305 16.195164 14.003859 24.92 6.99 347.720062 355.1409 17865.10051 11.574 4543.1 16.755 19843.0 42.656 "" "" 0.002843687904862012 0.004880442 0.0044419803 0.009322422 59.6063588394 32.48118365388 351.452942 3.872000000000001 -5.28 0.10349991035461414 0.14747831344604467 0.18475966 0.17675966 4.7877272727272775 9.145148 0.30014680583783754 4.797126279666946 0.053858051968538774 9.12723081524902 0.84
61.7634139332 33.90349780707 0.027 0.0161 71.521 "" "" 170701108657762560 357.239471 2.7598 0.0325 3.81 -5.35 0.036 0.022 0.986 4726.1 4.429 15.117673 1.960319 16.088015 14.127695 "" "" 353.046356 361.362701 16899.65168 39.956 5014.3 46.578 17704.0 97.046 "" "" 0.003765814704113216 0.01046428 0.007050159 0.01751444 61.7634139332 33.90349780707 357.239471 3.8100000000000005 -5.35 0.04149991035461431 0.07747831344604528 0.18875965 0.17475966 "" "" 0.14883008264079586 "" 0.026488217828061482 "" 0.93
61.70959420013 33.78243387133 0.0269 0.0164 63.8439 "" "" 170697878842621184 353.742523 2.782 0.032 3.852 -5.498 0.036 0.023 1.044 4014.0 4.2252 15.197528 2.200782 16.33389 14.133109 121.3 8.63 350.374939 357.08786 15701.29375 19.462 3998.2 21.889 17616.0 61.095 "" "" 0.003066420047548634 0.0065663774 0.0053350464 0.011901423 61.70959420013 33.78243387133 353.742523 3.852000000000001 -5.498 0.08349991035461413 -0.0705216865539553 0.18875965 0.17575966 101.16772727272728 10.785149 0.1832603721600759 101.16789325617555 0.03362081998155065 10.785130925873434 0.87
63.97070407697 33.17702570396 0.0299 0.016 145.2476 "" "" 169720687881995776 354.23465 2.7765 0.0327 4.018 -5.868 0.042 0.028 1.059 6023.9 4.4513 15.426606 2.299144 16.63812 14.338977 -19.47 14.66 350.06485 358.399658 12714.64486 17.646 3021.1 21.885 14574.0 58.841 "" "" 0.003140437488767425 0.008345375 0.0057878494 0.014133224 63.97070407697 33.17702570396 354.23465 4.018000000000001 -5.868 0.24949991035461405 -0.4405216865539554 0.19475965 0.18075965 -39.60227272727272 16.815147 0.8500643158501459 39.61139500833529 0.15663087632026376 16.81127530224573 0.84
