Clusters/UBC_31/UBC_31_stars_in_region.tsv
# %ECSV 1.0
# ---
# datatype:
# - name: RA_ICRS_1
#   unit: deg
#   datatype: float64
#   format: '{:15.11f}'
#   description: Right ascension (ICRS) at Ep=2016.0 (ra)
#   meta: !!omap
#   - {ucd: POS_EQ_RA_MAIN}
#   - {width: 15}
#   - {precision: '11'}
# - name: DE_ICRS_1
#   unit: deg
#   datatype: float64
#   format: '{:15.11f}'
#   description: Declination (ICRS) at Ep=2016.0 (dec)
#   meta: !!omap
#   - {ucd: POS_EQ_DEC_MAIN}
#   - {width: 15}
#   - {precision: '11'}
# - name: e_RA_ICRS
#   unit: mas
#   datatype: float64
#   format: '{:7.4f}'
#   description: Standard error of right ascension (ra_error)
#   meta: !!omap
#   - {ucd: ERROR}
#   - {width: 7}
#   - {precision: '4'}
# - name: e_DE_ICRS
#   unit: mas
#   datatype: float64
#   format: '{:7.4f}'
#   description: Standard error of declination (dec_error)
#   meta: !!omap
#   - {ucd: ERROR}
#   - {width: 7}
#   - {precision: '4'}
# - name: _r_1
#   unit: ''
#   datatype: float64
#   format: '{:8.4f}'
#   description: Distance from center (061.11140951000+32.84309638000)[ICRS], at Epoch=J2016.0
#   meta: !!omap
#   - {ucd: POS_ANG_DIST_GENERAL}
#   - {width: 8}
#   - {precision: '4'}
# - name: HIP
#   datatype: int32
#   description: '? HIP cross-id number, van Leeuwen, Cat. I/311 (hip_original_ext_source_id)'
#   meta: !!omap
#   - {ucd: ID_NUMBER}
#   - {width: 6}
#   - values: {'null': -2147483648}
# - name: TYC2
#   datatype: string
#   description: Tycho-2 cross-id name, Hog et al., Cat. I/259 (tyc2_original_ext_source_id)
#   meta: !!omap
#   - {ucd: ID_CROSSID}
#   - {_votable_string_dtype: char}
# - name: Source
#   datatype: int64
#   description: Source identifier, identical to the Gaia-EDR3 source_id (id)
#   meta: !!omap
#   - {ucd: ID_MAIN}
#   - {width: 19}
# - name: rgeo
#   unit: pc
#   datatype: float64
#   format: '{:15.8f}'
#   description: '? Median of the geometric distance posterior (r_med_geo)'
#   meta: !!omap
#   - {ucd: PHYS_DISTANCE_TRUE}
#   - {width: 15}
#   - {precision: '8'}
#   - values: {'null': .nan}
# - name: Plx
#   unit: mas
#   datatype: float64
#   format: '{:9.4f}'
#   description: '? Parallax (parallax)'
#   meta: !!omap
#   - {ucd: POS_PARLX_TRIG}
#   - {width: 9}
#   - {precision: '4'}
#   - values: {'null': .nan}
# - name: e_Plx
#   unit: mas
#   datatype: float32
#   format: '{:7.4f}'
#   description: '? Standard error of parallax (parallax_error)'
#   meta: !!omap
#   - {ucd: ERROR}
#   - {width: 7}
#   - {precision: '4'}
#   - values: {'null': .nan}
# - name: pmRA
#   unit: mas / yr
#   datatype: float64
#   format: '{:9.3f}'
#   description: '? Proper motion in right ascension direction, pmRA*cosDE (pmra)'
#   meta: !!omap
#   - {ucd: POS_EQ_PMRA}
#   - {width: 9}
#   - {precision: '3'}
#   - values: {'null': .nan}
# - name: pmDE
#   unit: mas / yr
#   datatype: float64
#   format: '{:9.3f}'
#   description: '? Proper motion in declination direction (pmdec)'
#   meta: !!omap
#   - {ucd: POS_EQ_PMDEC}
#   - {width: 9}
#   - {precision: '3'}
#   - values: {'null': .nan}
# - name: e_pmRA
#   unit: mas / yr
#   datatype: float32
#   format: '{:6.3f}'
#   description: '? Standard error of proper motion in right ascension direction (pmra_error)'
#   meta: !!omap
#   - {ucd: ERROR}
#   - {width: 6}
#   - {precision: '3'}
#   - values: {'null': .nan}
# - name: e_pmDE
[...]
#         value: !astropy.table.SerializedColumn {name: SkyCoord.dec}
#       distance: !astropy.table.SerializedColumn
#         __class__: astropy.coordinates.distances.Distance
#         unit: !astropy.units.Unit {unit: pc}
#         value: !astropy.table.SerializedColumn {name: SkyCoord.distance}
#       frame: icrs
#       obstime: !astropy.time.Time {format: jyear_str, in_subfmt: '*', jd1: 367701545.0, jd2: 0.0, out_subfmt: '*', precision: 3, scale: tt}
#       pm_dec: !astropy.table.SerializedColumn
#         __class__: astropy.units.quantity.Quantity
#         unit: !astropy.units.Unit {unit: mas / yr}
#         value: !astropy.table.SerializedColumn {name: SkyCoord.pm_dec}
#       pm_ra_cosdec: !astropy.table.SerializedColumn
#         __class__: astropy.units.quantity.Quantity
#         unit: !astropy.units.Unit {unit: mas / yr}
#         value: !astropy.table.SerializedColumn {name: SkyCoord.pm_ra_cosdec}
#       ra: !astropy.table.SerializedColumn
#         __class__: astropy.coordinates.angles.Longitude
#         unit: *id001
#         value: !astropy.table.SerializedColumn {name: SkyCoord.ra}
#         wrap_angle: !astropy.coordinates.Angle
#           unit: *id001
#           value: 360.0
#       representation_type: spherical
# schema: astropy-2.0
RA_ICRS_1 DE_ICRS_1 e_RA_ICRS e_DE_ICRS _r_1 HIP TYC2 Source rgeo Plx e_Plx pmRA pmDE e_pmRA e_pmDE RUWE Teff logg Gmag BP-RP BPmag RPmag RV e_RV b_rgeo B_rgeo FG e_FG FBP e_FBP FRP e_FRP RAVE5 RAVE6 e_Gmag e_BPmag e_RPmag e_BP-RP SkyCoord.ra SkyCoord.dec SkyCoord.distance SkyCoord.pm_ra_cosdec SkyCoord.pm_dec rmRA rmDE e_rmRA e_rmDE rRV e_rRV v_pec v_pec3d e_vpec e_vpec3d
[from data line 198]
62.64986484838 31.96708330433 0.0235 0.0147 93.9993 "" 2362-2889-1 169161895457740032 344.176056 2.8711 0.0276 4.617 -18.502 0.028 0.02 1.536 "" "" 11.163565 0.955692 11.552891 10.597198 -46.53 0.3 340.770599 348.466125 644942.40102 172.36 326780.0 131.3 457380.0 107.02 "" "" 0.002770556464878728 0.002824068 0.0037879106 0.0066119786 62.64986484838 31.96708330433 344.176056 4.617000000000001 -18.502000000000002 0.8484999103546143 -13.074521686553954 0.18075965 0.17275965 -66.66227272727272 2.4551485 21.374572238219518 70.0052208305363 3.6933973532767967 2.595673054369706
60.96054214607 30.95505481138 0.045 0.0301 113.5428 "" 2358-1788-1 169185363158433920 343.224701 2.8816 0.0537 10.958 -12.754 0.063 0.042 2.411 6427.2 4.0666 11.182825 0.879733 11.536433 10.6567 7.61 1.17 337.080566 350.671295 633602.26873 166.07 331770.0 174.54 432990.0 163.4 "" "" 0.0027699770929894645 0.002848036 0.0038015267 0.0066495626 60.96054214607 30.95505481138 343.224701 10.957999999999998 -12.753999999999994 7.189499910354614 -7.326521686553955 0.21575966 0.19475965 -12.522272727272725 3.3251486 16.699706257354904 20.873128738599224 3.428950688786169 3.391957427532337
59.08469698013 31.29167659993 0.0755 0.0534 138.8605 "" "" 168461403469294464 416.205841 2.3692 0.09 -4.589 -6.358 0.099 0.072 5.762 5281.9 3.5006 11.18713 1.48095 11.866142 10.385192 -44.57 0.36 400.259094 434.511505 631094.8848 291.4 244880.0 101.02 556010.0 130.77 "" "" 0.0028005563653768274 0.002825891 0.0037879988 0.0066138897 59.08469698013 31.29167659993 416.205841 -4.589000000000001 -6.357999999999998 -8.357500089645386 -0.9305216865539547 0.25175965 0.22475965 -64.70227272727273 2.5151486 16.589688323256304 66.79522329281613 4.171420289035809 2.647476099981582
58.98481402858 33.56495137194 0.0202 0.0144 115.2102 "" 2361-241-1 218507805512547968 308.321808 3.2035 0.0238 9.436 -20.826 0.027 0.021 1.238 6614.9 4.1205 11.19743 0.842153 11.532405 10.690252 -4.46 0.95 306.159607 310.157501 625136.49247 196.11 333010.0 157.47 419810.0 130.83 "" "" 0.0027762925272181442 0.0028370123 0.0037944978 0.0066315103 58.98481402858 33.56495137194 308.321808 9.435999999999996 -20.826 5.667499910354614 -15.398521686553956 0.17975965 0.17375965 -24.592272727272725 3.1051486 23.97995503770434 34.34848062873937 4.184173901166606 3.6708979483841397
60.62342749644 31.31868278478 0.0183 0.0126 94.769 "" 2357-621-1 169255766262035584 441.459778 2.2285 0.0212 11.143 -9.774 0.024 0.017 0.984 "" "" 11.19982 1.042431 11.634729 10.592299 28.96 0.34 436.496155 446.363922 623761.74925 178.59 303060.0 142.99 459450.0 145.07 "" "" 0.0027728004582459305 0.0028368067 0.003794898 0.006631705 60.62342749644 31.31868278478 441.459778 11.143 -9.773999999999997 7.374499910354615 -4.346521686553954 0.17675966 0.16975966 8.827727272727277 2.4951484 17.91219780878474 19.969366518312135 3.1343064637119347 3.020055249965381
57.47438857965 33.23533242699 0.0317 0.0239 184.4321 "" "" 217182653483568512 402.832825 2.4496 0.0383 -4.173 -15.651 0.043 0.033 1.486 "" "" 11.207722 2.297117 12.425358 10.128241 12.38 0.17 396.255768 408.59079 619238.89575 271.16 146310.0 132.21 704470.0 314.37 "" "" 0.00279603798998727 0.002957636 0.003810312 0.006767948 57.47438857965 33.23533242699 402.832825 -4.173 -15.651000000000002 -7.941500089645386 -10.223521686553955 0.19575965 0.18575966 -7.752272727272723 2.3251486 24.718631241109332 25.90576119074602 4.6862771515481345 4.5253403188376735
61.8118267095 31.01129542652 0.0321 0.0229 115.5496 "" "" 169010575169025664 331.580505 2.9845 0.0361 3.702 -5.701 0.041 0.03 1.979 "" "" 11.209316 1.143649 11.694745 10.551096 30.64 6.18 327.434784 335.549286 618329.71897 209.26 286760.0 197.45 477220.0 190.18 "" "" 0.002779712937989734 0.0028885873 0.0038040692 0.0066926563 61.8118267095 31.01129542652 331.580505 3.702 -5.700999999999999 -0.06650008964538578 -0.2735216865539547 0.19375965 0.18275966 10.507727272727276 8.335148 0.4424147822829344 10.51703681069906 0.08113487306917266 8.327770397530863
61.44876928694 30.07119873456 0.0287 0.0184 167.2074 "" 2358-852-1 167393949478483072 384.25766 2.5654 0.0342 5.285 -5.818 0.041 0.026 2.07 "" "" 11.214312 0.991874 11.619063 10.62719 4.46 2.16 379.91571 390.24176 615491.71958 154.33 307460.0 119.95 444920.0 113.76 "" "" 0.0027687369312838503 0.002822139 0.0037895637 0.006611703 61.44876928694 30.07119873456 384.25766 5.284999999999999 -5.818 1.5164999103546144 -0.3905216865539547 0.19375965 0.17875966 -15.672272727272723 4.3151484 2.8522384464772825 15.929701710753392 0.5500850595638312 4.246556572789832
58.07708851998 32.00919728386 0.026 0.0198 161.6055 "" "" 216778308081539200 374.655304 2.6358 0.0323 26.598 -8.289 0.037 0.029 1.639 "" "" 11.222444 1.184751 11.729906 10.545155 29.04 0.4 370.471893 379.259003 610898.80546 108.15 277620.0 126.55 479840.0 156.31 "" "" 0.002762016479853502 0.0028337245 0.003795895 0.0066296197 58.07708851998 32.00919728386 374.655304 26.598000000000003 -8.289000000000001 22.829499910354613 -2.861521686553955 0.18975966 0.18175966 8.907727272727275 2.5551486 40.859371631152115 41.81908482090309 7.7485092667787985 7.590225951506444
59.30366229352 30.8095608685 0.0166 0.0122 152.898 "" "" 168388285946228608 335.104034 2.9532 0.0209 11.442 -15.347 0.031 0.018 1.11 "" "" 11.223107 1.345551 11.821584 10.476033 18.75 0.31 332.885437 337.54953 610525.45523 106.3 255140.0 132.05 511380.0 105.91 "" "" 0.0027617975200538267 0.0028461933 0.0037860654 0.0066322586 59.30366229352 30.8095608685 335.104034 11.442000000000007 -15.34699999999999 7.673499910354614 -9.919521686553955 0.18375966 0.17075965 -1.3822727272727242 2.4651484 19.920217372992305 19.96811804051214 3.5007645062276134 3.496533355128365
63.53947835585 31.33085741127 0.0213 0.0124 153.1831 "" "" 166441978568551040 359.660278 2.7374 0.0235 3.683 -5.576 0.027 0.02 1.145 6784.9 4.1159 11.235743 0.802795 11.551901 10.749105 20.22 1.46 355.799744 363.377228 603461.59033 182.63 327080.0 136.12 397660.0 129.2 "" "" 0.002774843605684315 0.0028265198 0.0037958086 0.0066223284 63.53947835585 31.33085741127 359.660278 3.683 -5.5760000000000005 -0.08550008964538591 -0.1485216865539547 0.17975965 0.17275965 0.08772727272727465 3.6151485 0.2921561796159409 0.3050431242758105 0.050989514768573704 1.040825935024358
62.93303284351 33.52140741584 0.0295 0.0164 100.1178 "" 2362-380-1 169966909769162624 323.726776 3.0348 0.0368 -2.124 -24.233 0.043 0.024 1.754 6967.8 4.114 11.239034 0.823433 11.562812 10.739379 5.72 0.4 319.627228 328.018066 601635.31883 159.79 323810.0 116.46 401240.0 88.663 "" "" 0.0027703687513473034 0.0028173625 0.0037869893 0.006604352 62.93303284351 33.52140741584 323.726776 -2.1240000000000014 -24.232999999999997 -5.892500089645386 -18.805521686553956 0.19575965 0.17675966 -14.412272727272725 2.5551486 30.23983072949528 33.4986711335512 5.399038992072989 4.996245843732607
62.88123143024 32.94907173859 0.0296 0.019 89.388 "" 2362-1801-1 169796004430148224 439.516937 2.2371 0.0349 -0.129 -20.552 0.041 0.027 1.696 6555.8 3.8238 11.260358 0.91791 11.629557 10.711647 -32.3 0.37 432.563721 445.493469 589934.08214 213.56 304500.0 135.74 411620.0 88.526 "" "" 0.002783212652943498 0.0028318376 0.0037865886 0.006618426 62.88123143024 32.94907173859 439.516937 -0.12899999999999956 -20.552 -3.8975000896453857 -15.124521686553955 0.19375965 0.17975965 -52.43227272727272 2.5251484 32.53845646958856 61.70813862668697 5.87849920439435 3.7698379149114305
59.30389435758 32.01181861752 0.0182 0.0118 104.2438 "" "" 168797819668765440 367.89682 2.6708 0.0221 3.668 -5.287 0.03 0.017 1.041 "" "" 11.260452 0.702499 11.526686 10.824186 17.72 4.26 364.902008 371.848907 589883.15112 236.06 334770.0 335.28 371090.0 244.72 "" "" 0.002789367632253476 0.0029945725 0.0038466072 0.00684118 59.30389435758 32.01181861752 367.89682 3.668 -5.287000000000002 -0.10050008964538559 0.140478313446045 0.18275966 0.16975966 -2.4122727272727253 6.4151487 0.3012057154811404 2.4310048526858803 0.05249092341186087 6.365720082586082
62.14883859116 31.03585893335 0.0888 0.0507 120.6136 "" "" 169002431907679104 432.644501 2.2794 0.1003 1.799 -8.606 0.135 0.071 2.994 "" "" 11.261364 0.847555 10.641629 9.794074 "" "" 415.201874 456.558838 589387.56751 577.58 756420.0 1813.6 958360.0 1649.1 "" "" 0.002953616990560947 0.00381596 0.004215947 0.008031907 62.14883859116 31.03585893335 432.644501 1.799 -8.606 -1.9695000896453858 -3.178521686553955 0.28775966 0.22375965 "" "" 7.66819419348418 "" 1.8649719140714849 ""
62.4476962402 32.91382794629 0.0206 0.0131 67.4679 "" "" 169816242315836160 368.568268 2.6752 0.0243 17.273 -37.159 0.031 0.018 1.187 "" "" 11.267013 1.052844 11.705799 10.652955 34.83 0.24 365.600861 371.754181 586329.41231 144.75 283860.0 109.54 434490.0 92.404 "" "" 0.002768327179032555 0.0028214522 0.003786429 0.0066078813 62.4476962402 32.91382794629 368.568268 17.273 -37.159 13.504499910354614 -31.731521686553954 0.18375966 0.17075965 14.697727272727274 2.3951485 60.24692278892863 62.013828236278066 10.411672950727867 10.130938894538424
58.89107838542 33.69982936342 0.0224 0.0161 122.668 "" 2361-74-1 218547731528502272 380.714111 2.5788 0.0264 2.306 -5.591 0.03 0.022 1.135 "" "" 11.27834 0.812976 11.597687 10.784711 -6.71 0.55 377.273621 383.718567 580243.86019 155.89 313580.0 141.32 384830.0 105.78 "" "" 0.0027707176963212483 0.0028327492 0.0037911467 0.006623896 58.89107838542 33.69982936342 380.714111 2.306 -5.591 -1.4625000896453857 -0.16352168655395527 0.18275966 0.17475966 -26.842272727272725 2.7051485 2.655651211054692 26.973321792468674 0.4850892633906303 2.692429196758255
62.93544856415 31.29055796585 0.0224 0.0144 131.4442 "" "" 169068024652904448 313.82724 3.1402 0.0254 -0.512 -11.07 0.033 0.023 1.449 7259.2 4.219 11.278996 0.882529 11.631295 10.748766 6.19 7.05 311.503479 316.127655 579893.32632 240.26 304020.0 130.4 397790.0 176.18 "" "" 0.0027917996019047532 0.0028287661 0.0038098507 0.006638617 62.93544856415 31.29055796585 313.82724 -0.512 -11.07 -4.280500089645386 -5.642521686553955 0.18575966 0.17575966 -13.942272727272723 9.205149 10.535397152230031 17.475169869184946 1.8908620666401494 7.432119722229265
63.97372028271 32.37945826807 0.0175 0.0094 147.3087 "" 2375-1589-1 169596992824457600 441.624451 2.2335 0.0196 17.185 -20.634 0.023 0.017 1.109 "" "" 11.289315 1.50197 11.984343 10.482372 -12.87 0.2 437.574615 445.304169 574408.4035 123.23 219620.0 104.17 508400.0 113.25 "" "" 0.002765148174993651 0.0028372977 0.0037871124 0.00662441 63.97372028271 32.37945826807 441.624451 17.184999999999995 -20.634 13.416499910354613 -15.206521686553955 0.17575966 0.16975966 -33.002272727272725 2.3551486 42.450179884088094 53.769580408970334 7.318903078855041 5.956221117099926
59.30902308715 32.15541472122 0.018 0.0127 100.1045 "" 2361-2024-1 168801358721782144 331.93689 2.9723 0.0211 4.012 -5.285 0.027 0.019 1.03 6960.0 4.0943 11.302631 0.928767 11.679209 10.750442 20.04 2.6 329.854279 333.892914 567406.41446 212.25 290890.0 161.18 397170.0 134.9 "" "" 0.002785092567950826 0.0028542895 0.003797331 0.0066516204 59.30902308715 32.15541472122 331.93689 4.012 -5.285 0.24349991035461382 0.14247831344604478 0.17975965 0.17175965 -0.09227272727272506 4.7551484 0.4438838300191197 0.45337303707961 0.07890188353405723 0.9708695929995983
60.56909864285 33.43518388872 0.0185 0.0123 44.7703 "" 2361-552-1 170490311661886592 305.600708 3.235 0.0226 34.706 -31.521 0.027 0.018 1.14 "" "" 11.303899 1.026287 11.72926 10.702973 37.93 0.63 303.598267 308.340912 566744.54353 167.57 277790.0 99.42 414920.0 98.776 "" "" 0.0027739581447254933 0.0028170985 0.0037882098 0.0066053085 60.56909864285 33.43518388872 305.600708 34.706 -31.521 30.937499910354617 -26.093521686553956 0.17975965 0.17075965 17.797727272727276 2.7851486 58.6259305437709 61.26792658640758 10.322529933686384 9.910481303526645
58.30157311135 31.28035320098 0.0253 0.0183 170.8845 "" 2356-1409-1 168637668927938048 311.154358 3.1851 0.0318 3.72 -5.767 0.036 0.024 1.466 "" "" 11.311097 0.989456 11.716311 10.726854 14.02 3.07 308.153503 314.713165 562999.43298 182.82 281120.0 130.38 405900.0 123.15 "" "" 0.0027777854457076553 0.0028352446 0.0037937106 0.0066289552 58.30157311135 31.28035320098 311.154358 3.7200000000000006 -5.767000000000001 -0.04850008964538555 -0.3395216865539554 0.18875965 0.17675966 -6.112272727272725 5.225148 0.5058341808808119 6.1331677060968515 0.08953649573156473 5.20735197350247
60.50574580968 34.34664950012 0.0213 0.0139 95.1555 "" 2365-1506-1 218988566972772352 363.641876 2.7105 0.0253 2.792 -6.292 0.028 0.019 1.424 "" "" 11.315511 0.789994 11.626119 10.836124 23.14 2.54 360.237183 366.025177 560715.15275 204.61 305470.0 175.77 367040.0 150.39 "" "" 0.002783659425893693 0.002859257 0.0038054741 0.006664731 60.50574580968 34.34664950012 363.641876 2.792 -6.292 -0.9765000896453859 -0.8645216865539549 0.18075965 0.17175965 3.0077272727272764 4.6951485 2.248008903397777 3.754992327137718 0.3975861524903445 3.768311781348393
63.65618157052 35.02247991242 0.0238 0.0147 182.0497 "" 2379-2500-1 176828480802720512 338.182373 2.9167 0.0283 9.56 -14.855 0.031 0.021 1.677 "" "" 11.316582 0.820083 11.638524 10.818441 16.67 0.52 334.545532 341.276123 560162.31169 145.09 302000.0 112.25 373060.0 99.938 "" "" 0.002769634398175192 0.002819203 0.0037905572 0.00660976 63.65618157052 35.02247991242 338.182373 9.560000000000002 -14.855000000000002 5.791499910354615 -9.427521686553956 0.18375966 0.17375965 -3.4622727272727225 2.6751485 17.73596615925902 18.070745088136174 3.1313890136405202 3.115822357759842
60.11105124833 33.72404527345 0.0225 0.0139 72.8789 "" 2361-535-1 170536559869237120 441.99234 2.2193 0.0291 5.093 -4.991 0.039 0.02 1.294 "" "" 11.318744 0.602802 11.546059 10.943256 6.06 2.26 436.207581 448.096741 559048.18036 190.15 328850.0 180.75 332550.0 125.85 "" "" 0.002779958078946919 0.002853275 0.0038016515 0.0066549266 60.11105124833 33.72404527345 441.99234 5.093000000000003 -4.991000000000006 1.3244999103546142 0.43647831344604526 0.19175966 0.17275965 -14.072272727272725 4.4151487 2.9216759513885204 14.372371066586952 0.555067002350654 4.324431793212512
59.99978426696 34.47863137685 0.0228 0.0164 112.7442 "" 2365-2358-1 218680257039136896 375.878937 2.6169 0.0252 9.892 -22.041 0.027 0.022 1.278 "" "" 11.320435 0.924053 11.695337 10.771284 -29.77 0.54 372.259827 379.23053 558178.26332 197.12 286600.0 121.07 389620.0 128.03 "" "" 0.00278187081769951 0.002827616 0.0037961844 0.0066238004 59.99978426696 34.47863137685 375.878937 9.892000000000001 -22.041 6.123499910354614 -16.613521686553955 0.17975965 0.17475966 -49.902272727272724 2.6951485 31.546378176223456 59.03736782229044 5.5321366571111 3.7320497684354517
63.61497593977 31.80132974719 0.027 0.0155 141.4878 "" "" 169483601388254848 369.867462 2.671 0.0291 -14.119 -33.507 0.049 0.029 1.48 5669.2 3.8087 11.321001 1.040346 11.754255 10.713909 -26.32 0.32 365.737 374.47168 557887.32454 159.7 271470.0 115.73 410770.0 122.62 "" "" 0.0027727940422823936 0.002828301 0.0037932536 0.0066215545 63.61497593977 31.80132974719 369.867462 -14.118999999999996 -33.507 -17.887500089645386 -28.079521686553953 0.20175965 0.18175966 -46.45227272727273 2.4751484 58.36830425424096 74.59673305879132 10.95875500593222 8.712114977845719
