Clusters/UBC_31/UBC_31_stars_in_region.tsv
# %ECSV 1.0
# ---
# datatype:
# - name: RA_ICRS_1
#   unit: deg
#   datatype: float64
#   format: '{:15.11f}'
#   description: Right ascension (ICRS) at Ep=2016.0 (ra)
#   meta: !!omap
#   - {ucd: POS_EQ_RA_MAIN}
#   - {width: 15}
#   - {precision: '11'}
# - name: DE_ICRS_1
#   unit: deg
#   datatype: float64
#   format: '{:15.11f}'
#   description: Declination (ICRS) at Ep=2016.0 (dec)
#   meta: !!omap
#   - {ucd: POS_EQ_DEC_MAIN}
#   - {width: 15}
#   - {precision: '11'}
# - name: e_RA_ICRS
#   unit: mas
#   datatype: float64
#   format: '{:7.4f}'
#   description: Standard error of right ascension (ra_error)
#   meta: !!omap
#   - {ucd: ERROR}
#   - {width: 7}
#   - {precision: '4'}
# - name: e_DE_ICRS
#   unit: mas
#   datatype: float64
#   format: '{:7.4f}'
#   description: Standard error of declination (dec_error)
#   meta: !!omap
#   - {ucd: ERROR}
#   - {width: 7}
#   - {precision: '4'}
# - name: _r_1
#   unit: ''
#   datatype: float64
#   format: '{:8.4f}'
#   description: Distance from center (061.11140951000+32.84309638000)[ICRS], at Epoch=J2016.0
#   meta: !!omap
#   - {ucd: POS_ANG_DIST_GENERAL}
#   - {width: 8}
#   - {precision: '4'}
# - name: HIP
#   datatype: int32
#   description: '? HIP cross-id number, van Leeuwen, Cat. I/311 (hip_original_ext_source_id)'
#   meta: !!omap
#   - {ucd: ID_NUMBER}
#   - {width: 6}
#   - values: {'null': -2147483648}
# - name: TYC2
#   datatype: string
#   description: Tycho-2 cross-id name, Hog et al., Cat. I/259 (tyc2_original_ext_source_id)
#   meta: !!omap
#   - {ucd: ID_CROSSID}
#   - {_votable_string_dtype: char}
# - name: Source
#   datatype: int64
#   description: Source identifier, identical to the Gaia-EDR3 source_id (id)
#   meta: !!omap
#   - {ucd: ID_MAIN}
#   - {width: 19}
# - name: rgeo
#   unit: pc
#   datatype: float64
#   format: '{:15.8f}'
#   description: '? Median of the geometric distance posterior (r_med_geo)'
#   meta: !!omap
#   - {ucd: PHYS_DISTANCE_TRUE}
#   - {width: 15}
#   - {precision: '8'}
#   - values: {'null': .nan}
# - name: Plx
#   unit: mas
#   datatype: float64
#   format: '{:9.4f}'
#   description: '? Parallax (parallax)'
#   meta: !!omap
#   - {ucd: POS_PARLX_TRIG}
#   - {width: 9}
#   - {precision: '4'}
#   - values: {'null': .nan}
# - name: e_Plx
#   unit: mas
#   datatype: float32
#   format: '{:7.4f}'
#   description: '? Standard error of parallax (parallax_error)'
#   meta: !!omap
#   - {ucd: ERROR}
#   - {width: 7}
#   - {precision: '4'}
#   - values: {'null': .nan}
# - name: pmRA
#   unit: mas / yr
#   datatype: float64
#   format: '{:9.3f}'
#   description: '? Proper motion in right ascension direction, pmRA*cosDE (pmra)'
#   meta: !!omap
#   - {ucd: POS_EQ_PMRA}
#   - {width: 9}
#   - {precision: '3'}
#   - values: {'null': .nan}
# - name: pmDE
#   unit: mas / yr
#   datatype: float64
#   format: '{:9.3f}'
#   description: '? Proper motion in declination direction (pmdec)'
#   meta: !!omap
#   - {ucd: POS_EQ_PMDEC}
#   - {width: 9}
#   - {precision: '3'}
#   - values: {'null': .nan}
# - name: e_pmRA
#   unit: mas / yr
#   datatype: float32
#   format: '{:6.3f}'
#   description: '? Standard error of proper motion in right ascension direction (pmra_error)'
#   meta: !!omap
#   - {ucd: ERROR}
#   - {width: 6}
#   - {precision: '3'}
#   - values: {'null': .nan}
# - name: e_pmDE
[...]
#         value: !astropy.table.SerializedColumn {name: SkyCoord.dec}
#       distance: !astropy.table.SerializedColumn
#         __class__: astropy.coordinates.distances.Distance
#         unit: !astropy.units.Unit {unit: pc}
#         value: !astropy.table.SerializedColumn {name: SkyCoord.distance}
#       frame: icrs
#       obstime: !astropy.time.Time {format: jyear_str, in_subfmt: '*', jd1: 367701545.0, jd2: 0.0, out_subfmt: '*', precision: 3, scale: tt}
#       pm_dec: !astropy.table.SerializedColumn
#         __class__: astropy.units.quantity.Quantity
#         unit: !astropy.units.Unit {unit: mas / yr}
#         value: !astropy.table.SerializedColumn {name: SkyCoord.pm_dec}
#       pm_ra_cosdec: !astropy.table.SerializedColumn
#         __class__: astropy.units.quantity.Quantity
#         unit: !astropy.units.Unit {unit: mas / yr}
#         value: !astropy.table.SerializedColumn {name: SkyCoord.pm_ra_cosdec}
#       ra: !astropy.table.SerializedColumn
#         __class__: astropy.coordinates.angles.Longitude
#         unit: *id001
#         value: !astropy.table.SerializedColumn {name: SkyCoord.ra}
#         wrap_angle: !astropy.coordinates.Angle
#           unit: *id001
#           value: 360.0
#       representation_type: spherical
# schema: astropy-2.0
RA_ICRS_1 DE_ICRS_1 e_RA_ICRS e_DE_ICRS _r_1 HIP TYC2 Source rgeo Plx e_Plx pmRA pmDE e_pmRA e_pmDE RUWE Teff logg Gmag BP-RP BPmag RPmag RV e_RV b_rgeo B_rgeo FG e_FG FBP e_FBP FRP e_FRP RAVE5 RAVE6 e_Gmag e_BPmag e_RPmag e_BP-RP SkyCoord.ra SkyCoord.dec SkyCoord.distance SkyCoord.pm_ra_cosdec SkyCoord.pm_dec rmRA rmDE e_rmRA e_rmDE rRV e_rRV v_pec v_pec3d e_vpec e_vpec3d
[from data line 3332]
58.4627159665 31.77747977013 0.0647 0.0447 148.7496 "" "" 168724118029898112 367.388184 2.6747 0.0879 3.621 -4.946 0.091 0.065 1.058 3413.9 4.0304 16.916344 3.111539 18.750427 15.638888 "" "" 355.643677 382.190399 3224.10306 2.6746 431.76 9.8754 4401.5 14.643 "" "" 0.002898797608908798 0.024989676 0.00522787 0.030217545 58.4627159665 31.77747977013 367.388184 3.6209999999999996 -4.946 -0.14750008964538575 0.4814783134460452 0.24375966 0.21775965 "" "" 0.8769180434353118 "" 0.19301918740890406 ""
60.21854331996 35.4569664429 0.0736 0.0505 162.9757 "" "" 219306600710799360 346.175659 2.8414 0.0858 -27.785 -19.246 0.096 0.072 1.02 3770.6 4.6733 16.918476 2.307666 18.145037 15.837371 "" "" 335.678345 357.437897 3217.77967 2.3486 754.05 11.975 3666.1 12.116 "" "" 0.002867016110826032 0.01746677 0.0052114357 0.022678206 60.21854331996 35.4569664429 346.175659 -27.785 -19.246000000000002 -31.553500089645386 -13.818521686553954 0.24875966 0.22475965 "" "" 56.52264149449833 "" 13.851221475354818 ""
62.80975479675 32.85759033506 0.0652 0.0427 85.6093 "" "" 169789368700881152 336.705841 2.9287 0.0805 4.111 -5.815 0.09 0.06 1.066 3425.2 4.2227 16.918707 3.335475 18.923622 15.588147 "" "" 329.403931 344.725189 3217.09799 2.356 368.1 6.639 4612.1 9.9067 "" "" 0.002867753970824778 0.019779963 0.004441014 0.024220977 62.80975479675 32.85759033506 336.705841 4.110999999999998 -5.814999999999994 0.342499910354614 -0.38752168655395547 0.24275966 0.21275966 "" "" 0.8254181937560616 "" 0.18687999140176192 ""
62.22572116177 34.50238917102 0.0622 0.0389 114.0487 "" "" 170819581036030464 375.122559 2.6161 0.0775 3.808 -5.422 0.085 0.055 1.044 3439.4 4.0238 16.919102 3.001091 18.660744 15.659653 "" "" 362.540863 386.915558 3215.92499 3.1071 468.94 8.8238 4318.1 15.501 "" "" 0.002948250488404365 0.020619385 0.005429051 0.026048437 62.22572116177 34.50238917102 375.122559 3.808 -5.422000000000001 0.03949991035461409 0.005478313446045213 0.23775965 0.20775965 "" "" 0.07090631024812309 "" 0.0168210049939258 ""
64.24497365673 33.06900569702 0.0664 0.0412 158.3354 "" "" 169705221702499712 348.877075 2.8367 0.0799 2.433 -5.269 0.1 0.085 1.024 3701.5 4.626 16.919756 2.159052 18.035858 15.876806 "" "" 340.927246 357.735474 3213.99168 2.0368 833.82 8.0249 3535.4 10.63 "" "" 0.00283993299828385 0.010815506 0.0049940767 0.015809583 64.24497365673 33.06900569702 348.877075 2.433 -5.269 -1.335500089645386 0.1584783134460448 0.25275967 0.23775965 "" "" 2.2239813753402737 "" 0.5616831179945292 ""
58.44147746232 34.14426195094 0.0638 0.0468 154.7247 "" "" 218739768106570496 324.959106 3.0445 0.0802 3.698 -17.83 0.086 0.064 1.073 3812.6 4.6916 16.920921 2.524668 18.303446 15.778778 "" "" 317.139832 332.478333 3210.54371 2.1798 651.69 7.7719 3869.4 11.551 "" "" 0.0028522264670310135 0.013245443 0.004978839 0.018224282 58.44147746232 34.14426195094 324.959106 3.6980000000000013 -17.83 -0.07050008964538579 -12.402521686553953 0.23875967 0.21675965 "" "" 19.103989216972977 "" 4.14098832144234 ""
60.88793375268 30.6680396982 0.0721 0.0465 131.0004 "" "" 167667109398912000 417.90451 2.369 0.0898 36.44 -17.932 0.098 0.065 1.143 3673.3 4.3657 16.92294 2.687183 18.416525 15.729342 "" "" 403.279114 434.444733 3204.57845 2.0777 587.23 9.9829 4049.7 9.275 "" "" 0.0028438217607021114 0.018667195 0.004524066 0.023191262 60.88793375268 30.6680396982 417.90451 36.43999999999998 -17.93199999999998 32.67149991035461 -12.504521686553954 0.25075966 0.21775965 "" "" 69.2961081643156 "" 17.101536128192812 ""
63.76639040184 35.01933343899 0.0648 0.0361 185.7768 "" "" 176817966722757632 382.690094 2.5678 0.0766 5.146 -23.406 0.088 0.055 1.002 3839.6 4.6792 16.923267 2.32697 18.164639 15.837668 "" "" 372.753357 394.266754 3203.6098 2.238 740.56 6.2027 3665.1 9.2693 "" "" 0.0028578108754669343 0.009512205 0.004671586 0.014183791 63.76639040184 35.01933343899 382.690094 5.146 -23.406 1.3774999103546142 -17.978521686553954 0.24075966 0.20775965 "" "" 32.70774299511006 "" 6.802145458931747 ""
58.82944870159 33.03851883007 0.2416 0.1512 115.5001 "" "" 218443346641079936 344.942596 2.8759 0.2909 4.428 -4.469 0.349 0.209 2.06 "" "" 16.92373 3.087042 18.001667 14.914625 "" "" 313.351837 385.179169 3202.24643 8.3189 860.5 11.764 8576.5 27.38 "" "" 0.003943013026967215 0.015103197 0.0051281517 0.020231348 58.82944870159 33.03851883007 344.942596 4.428 -4.468999999999999 0.6594999103546142 0.9584783134460446 0.50175965 0.36175966 "" "" 1.9022766638077224 "" 0.7836706159058302 ""
60.81338921741 31.19725198286 0.0566 0.035 99.9075 "" "" 169238964350243584 390.247467 2.548 0.0707 -7.663 5.659 0.086 0.05 0.968 4248.1 4.6555 16.925215 2.219083 18.092926 15.873843 "" "" 381.101013 401.757751 3197.86947 1.8597 791.13 9.6272 3545.0 9.2429 "" "" 0.0028267399665997317 0.013503642 0.0047220145 0.018225657 60.81338921741 31.19725198286 390.247467 -7.663 5.6590000000000025 -11.431500089645386 11.086478313446044 0.23875967 0.20275965 "" "" 29.456680731909984 "" 6.54059777303043 ""
59.66605476922 34.67071956842 0.0619 0.0438 131.2329 "" "" 218695748983138176 444.061707 2.2149 0.0741 30.887 -16.638 0.083 0.063 0.995 5019.1 4.6139 16.926558 2.146808 18.02816 15.881352 "" "" 428.064392 458.84079 3193.91878 1.9378 839.76 13.257 3520.6 9.4548 "" "" 0.0028329699082674056 0.017365756 0.004773437 0.022139192 59.66605476922 34.67071956842 444.061707 30.887 -16.638000000000012 27.118499910354615 -11.210521686553957 0.23575965 0.21575966 "" "" 61.76545492614706 "" 14.388120298760947 ""
64.06738495384 34.34088559714 0.0696 0.0471 172.9124 "" "" 176029685601599488 380.981506 2.5788 0.0797 2.345 -19.63 0.102 0.082 0.919 "" "" 16.927961 2.298144 18.138994 15.84085 "" "" 371.219116 391.913208 3189.78841 2.3678 758.26 7.6344 3654.4 11.11 "" "" 0.0028707739051900293 0.011281997 0.005017884 0.016299881 64.06738495384 34.34088559714 380.981506 2.345000000000009 -19.63 -1.4235000896453855 -14.202521686553954 0.25475967 0.23475966 "" "" 25.776160558176308 "" 6.056546033040207 ""
60.84235780822 31.04903066266 0.0603 0.0368 108.5119 "" "" 169189933003633024 428.554138 2.2862 0.0734 0.657 -8.948 0.092 0.051 0.979 3503.5 4.023 16.929314 2.284181 18.134245 15.850064 "" "" 414.541138 445.367218 3185.81991 2.576 761.59 12.961 3623.5 9.0618 "" "" 0.0028918007625612393 0.018686907 0.0046536364 0.023340544 60.84235780822 31.04903066266 428.554138 0.656999999999998 -8.948 -3.1115000896453857 -3.5205216865539555 0.24475965 0.20375966 "" "" 9.54419635550063 "" 2.125224930114267 ""
60.30283742659 35.40986582458 0.0645 0.047 159.1543 "" "" 219118171905348096 401.618622 2.4746 0.0749 -6.379 -3.414 0.084 0.07 1.014 3826.1 4.6174 16.93043 2.266828 18.12307 15.856242 "" "" 388.891388 412.268158 3182.546 2.337 769.46 10.483 3603.0 8.0599 "" "" 0.002868350963359713 0.015052748 0.0044925204 0.019545268 60.30283742659 35.40986582458 401.618622 -6.379 -3.4139999999999997 -10.147500089645385 2.0134783134460448 0.23675966 0.22275966 "" "" 19.694117843689973 "" 4.652626375671736 ""
61.50985754228 35.7797581301 0.0628 0.0395 177.3022 "" "" 219191117630414464 347.661255 2.8435 0.0779 -1.901 -1.412 0.085 0.058 1.008 "" "" 16.932722 2.342277 18.177668 15.835391 "" "" 337.536346 357.676422 3175.83426 1.92 731.73 7.8872 3672.8 10.446 "" "" 0.002832428038487563 0.012030989 0.0048805187 0.016911507 61.50985754228 35.7797581301 347.661255 -1.9010000000000005 -1.4119999999999988 -5.6695000896453855 4.015478313446045 0.23775965 0.21075965 "" "" 11.448830513268437 "" 2.6228619800544215 ""
63.42067265101 30.61619515375 0.0797 0.046 178.1471 "" "" 165983791455899904 421.871887 2.332 0.0917 -5.898 -7.608 0.137 0.08 1.002 3766.9 4.5974 16.932987 2.330307 18.1728 15.842493 "" "" 406.359039 441.669769 3175.05718 5.5441 735.02 10.691 3648.9 20.069 "" "" 0.0033445528364944325 0.01603682 0.007067058 0.023103878 63.42067265101 30.61619515375 421.871887 -5.898 -7.608 -9.666500089645385 -2.1805216865539547 0.28975964 0.23275965 "" "" 19.81552586009296 "" 5.692215155809133 ""
61.66954820094 34.25269568223 0.0639 0.0373 89.0616 "" "" 170904690107512832 397.326538 2.4835 0.0805 -3.792 3.951 0.087 0.056 1.0 3599.9 4.4639 16.935677 2.168836 18.06087 15.892034 "" "" 386.878418 411.335266 3167.20557 1.9478 814.83 8.6717 3486.1 9.7649 "" "" 0.002835072370160589 0.011886878 0.0048510754 0.016737953 61.66954820094 34.25269568223 397.326538 -3.791999999999997 3.950999999999996 -7.560500089645386 9.378478313446045 0.23975965 0.20875967 "" "" 22.687418706713775 "" 5.02501378284047 ""
62.08619998935 32.32549108474 0.0693 0.041 58.2504 "" "" 169422170475970432 365.056824 2.7067 0.0808 3.378 -5.486 0.095 0.056 0.983 3460.8 4.0342 16.937609 2.958899 18.649145 15.690247 "" "" 353.948303 378.092621 3161.57462 2.9713 473.98 8.0777 4198.2 14.143 "" "" 0.00293819514767595 0.018712603 0.005259483 0.023972087 62.08619998935 32.32549108474 365.056824 3.378 -5.485999999999999 -0.39050008964538563 -0.058521686553954844 0.24775966 0.20875967 "" "" 0.6832551478145139 "" 0.16874294652895774 ""
60.93070484032 31.55022365428 0.0651 0.0444 78.113 "" "" 169266245982388992 406.068115 2.4232 0.0793 -3.647 -1.845 0.086 0.062 1.097 4152.7 4.6462 16.940407 2.264513 18.128454 15.863941 "" "" 394.677185 420.443085 3153.43506 1.9424 765.66 7.3292 3577.5 8.6054 "" "" 0.0028353214017508 0.010761109 0.0045939595 0.015355069 60.93070484032 31.55022365428 406.068115 -3.647 -1.8449999999999998 -7.415500089645386 3.582478313446045 0.23875967 0.21475965 "" "" 15.85142339511927 "" 3.7156809339030614 ""
58.6249102329 34.69016852782 0.0645 0.0459 166.3125 "" "" 218921565482388352 428.332489 2.3183 0.0828 -10.232 -8.702 0.098 0.062 0.984 3609.3 4.42 16.941048 2.077905 17.999266 15.921361 "" "" 411.703064 448.260132 3151.57485 1.8697 862.4 9.425 3393.2 11.238 "" "" 0.0028296083592540913 0.012189429 0.005216704 0.017406134 58.6249102329 34.69016852782 428.332489 -10.232 -8.702 -14.000500089645385 -3.274521686553955 0.25075966 0.21475965 "" "" 29.192274429385513 "" 7.269474762309667 ""
63.37979101346 32.46716401165 0.0591 0.0358 116.7859 "" "" 169568371162269696 312.743744 3.1599 0.0669 20.762 -3.135 0.082 0.06 1.028 3753.6 4.6788 16.941214 2.381991 18.214373 15.832381 "" "" 305.729065 319.273651 3151.09229 1.9255 707.4 8.1085 3683.0 9.8724 "" "" 0.002834069914607101 0.012754078 0.0047701015 0.01752418 63.37979101346 32.46716401165 312.743744 20.762 -3.135 16.993499910354615 2.292478313446045 0.23475966 0.21275966 "" "" 25.41944798128278 "" 5.9579262432708635 ""
60.78513100059 34.16660682591 0.064 0.0402 81.0709 "" "" 170933827165513600 305.760071 3.2553 0.0861 19.912 -26.8 0.085 0.058 1.014 "" "" 16.941227 2.416032 18.237167 15.821136 "" "" 297.507416 315.467804 3151.05531 2.1282 692.71 9.4668 3721.4 10.589 "" "" 0.0028512305928319686 0.015098078 0.0048813997 0.019979477 60.78513100059 34.16660682591 305.760071 19.912 -26.799999999999997 16.143499910354613 -21.372521686553956 0.23775965 0.21075965 "" "" 38.81851995112025 "" 8.576951833207723 ""
64.31831140474 33.56785310998 0.0889 0.0558 166.7562 "" "" 175737524745052288 319.881744 3.123 0.0993 24.027 -30.501 0.111 0.085 1.14 3683.9 4.6848 16.942865 2.424758 18.249323 15.824565 "" "" 310.724792 331.587341 3146.30195 2.6205 685.0 9.9189 3709.6 10.324 "" "" 0.002899919159306637 0.015967289 0.004838816 0.020806104 64.31831140474 33.56785310998 319.881744 24.027000000000005 -30.501 20.258499910354615 -25.073521686553956 0.26375967 0.23775965 "" "" 48.8758165356658 "" 12.138517804167366 ""
60.28724145692 35.68848910135 0.0685 0.0453 175.5444 "" "" 219318111223126144 376.404419 2.6276 0.0833 25.793 -71.476 0.093 0.066 1.015 3837.8 4.6974 16.946518 2.066146 18.004602 15.938457 "" "" 366.404053 388.504059 3135.73765 2.0289 858.18 12.89 3340.2 9.2672 "" "" 0.0028434649896382546 0.016544897 0.0048329877 0.021377884 60.28724145692 35.68848910135 376.404419 25.793 -71.476 22.024499910354614 -66.04852168655395 0.24575967 0.21875966 "" "" 124.21994381028851 "" 27.528340117775073 ""
60.9501952785 30.35755222753 0.061 0.0416 149.36 "" "" 167465383374748416 324.134735 3.0655 0.0735 3.929 -12.512 0.086 0.057 1.067 3745.0 4.6246 16.947163 2.64427 18.401583 15.757313 "" "" 317.309143 332.146179 3133.87287 2.3918 595.37 7.9911 3946.7 12.822 "" "" 0.002877227771073043 0.014837534 0.0051696976 0.020007232 60.9501952785 30.35755222753 324.134735 3.9290000000000003 -12.512 0.16049991035461408 -7.0845216865539555 0.23875967 0.20975965 "" "" 10.88744242394747 "" 2.283919298682401 ""
59.81101858731 33.41889115566 0.061 0.0395 73.909 "" "" 170431552210658432 376.150879 2.6189 0.0748 3.539 -4.886 0.08 0.054 1.019 "" "" 16.950722 2.823978 18.482656 15.658678 "" "" 365.90332 385.785339 3123.61973 2.4394 552.53 8.8283 4322.0 11.982 "" "" 0.002882835203233863 0.017570792 0.0048315553 0.022402346 59.81101858731 33.41889115566 376.150879 3.5389999999999997 -4.885999999999998 -0.2295000896453856 0.5414783134460448 0.23275965 0.20675966 "" "" 1.0485672190367905 "" 0.22117010004807097 ""
61.92289059695 35.21553254911 0.0639 0.0405 147.9529 "" "" 171108855672634112 370.188568 2.66 0.0749 16.201 -13.837 0.09 0.06 1.018 "" "" 16.951025 2.281905 18.157703 15.875798 "" "" 361.449158 383.512115 3122.74449 1.9355 745.31 8.054 3538.7 9.5203 "" "" 0.002836308765710623 0.012059931 0.004776605 0.016836535 61.92289059695 35.21553254911 370.188568 16.201 -13.836999999999998 12.432499910354615 -8.409521686553955 0.24275966 0.21275966 "" "" 26.337194778317613 "" 6.15651177088928 ""
61.60256683238 30.19956688316 0.0618 0.0349 160.5881 "" "" 167402367614341504 425.109863 2.3063 0.0734 -4.807 -15.318 0.082 0.048 1.022 4300.6 4.6623 16.951101 2.341865 18.203516 15.861651 "" "" 411.868225 439.067291 3122.52883 1.6656 714.51 7.031 3585.1 8.0726 "" "" 0.0028155284101215442 0.011042304 0.004501176 0.01554348 61.60256683238 30.19956688316 425.109863 -4.807 -15.318 -8.575500089645386 -9.890521686553955 0.23475966 0.20075965 "" "" 26.37766229016181 "" 5.697763674348177 ""
63.12630584264 35.05723300706 0.056 0.0348 166.4401 "" "" 176852979295831552 430.139679 2.3046 0.0681 -5.833 1.71 0.076 0.051 0.991 5254.7 4.5631 16.951468 2.216993 18.115213 15.89822 "" "" 417.177368 440.898163 3121.47182 1.5395 775.05 5.6834 3466.3 7.7231 "" "" 0.002806871919130108 0.0084363995 0.004487278 0.012923677 63.12630584264 35.05723300706 430.139679 -5.833000000000002 1.7099999999999997 -9.601500089645386 7.137478313446045 0.22875965 0.20375966 "" "" 24.392528778802998 "" 5.370923942839715 ""
61.35095769261 34.63407318075 0.0597 0.0399 108.1211 "" "" 170976467600516224 312.841309 3.1636 0.0711 -20.276 -2.653 0.079 0.058 1.018 3782.8 4.8154 16.952993 2.283266 18.166039 15.882772 "" "" 306.6008 319.88855 3117.09191 1.9156 739.61 8.2671 3516.0 9.6406 "" "" 0.002834959147259115 0.01245259 0.0048110583 0.017263649 61.35095769261 34.63407318075 312.841309 -20.276 -2.653000000000001 -24.044500089645386 2.774478313446045 0.23175967 0.21075965 "" "" 35.8913966258217 "" 8.308717773576541 ""
58.78394996795 31.24566951087 0.0549 0.0382 152.3005 "" "" 168642822888817664 336.929077 2.9265 0.0689 1.532 -15.308 0.088 0.058 1.02 3909.9 4.4832 16.953283 2.547401 18.357939 15.810538 "" "" 329.714661 345.57431 3116.25579 1.9022 619.79 7.7194 3757.9 8.5276 "" "" 0.0028339058231550453 0.013807546 0.0045115463 0.018319093 58.78394996795 31.24566951087 336.929077 1.5319999999999991 -15.308 -2.2365000896453857 -9.880521686553955 0.24075966 0.21075965 "" "" 16.178821822293354 "" 3.435089328665513 ""
