Clusters/UBC_31/UBC_31_stars_in_region.tsv
# %ECSV 1.0
# ---
# datatype:
# - name: RA_ICRS_1
#   unit: deg
#   datatype: float64
#   format: '{:15.11f}'
#   description: Right ascension (ICRS) at Ep=2016.0 (ra)
#   meta: !!omap
#   - {ucd: POS_EQ_RA_MAIN}
#   - {width: 15}
#   - {precision: '11'}
# - name: DE_ICRS_1
#   unit: deg
#   datatype: float64
#   format: '{:15.11f}'
#   description: Declination (ICRS) at Ep=2016.0 (dec)
#   meta: !!omap
#   - {ucd: POS_EQ_DEC_MAIN}
#   - {width: 15}
#   - {precision: '11'}
# - name: e_RA_ICRS
#   unit: mas
#   datatype: float64
#   format: '{:7.4f}'
#   description: Standard error of right ascension (ra_error)
#   meta: !!omap
#   - {ucd: ERROR}
#   - {width: 7}
#   - {precision: '4'}
# - name: e_DE_ICRS
#   unit: mas
#   datatype: float64
#   format: '{:7.4f}'
#   description: Standard error of declination (dec_error)
#   meta: !!omap
#   - {ucd: ERROR}
#   - {width: 7}
#   - {precision: '4'}
# - name: _r_1
#   unit: ''
#   datatype: float64
#   format: '{:8.4f}'
#   description: Distance from center (061.11140951000+32.84309638000)[ICRS], at Epoch=J2016.0
#   meta: !!omap
#   - {ucd: POS_ANG_DIST_GENERAL}
#   - {width: 8}
#   - {precision: '4'}
# - name: HIP
#   datatype: int32
#   description: '? HIP cross-id number, van Leeuwen, Cat. I/311 (hip_original_ext_source_id)'
#   meta: !!omap
#   - {ucd: ID_NUMBER}
#   - {width: 6}
#   - values: {'null': -2147483648}
# - name: TYC2
#   datatype: string
#   description: Tycho-2 cross-id name, Hog et al., Cat. I/259 (tyc2_original_ext_source_id)
#   meta: !!omap
#   - {ucd: ID_CROSSID}
#   - {_votable_string_dtype: char}
# - name: Source
#   datatype: int64
#   description: Source identifier, identical to the Gaia-EDR3 source_id (id)
#   meta: !!omap
#   - {ucd: ID_MAIN}
#   - {width: 19}
# - name: rgeo
#   unit: pc
#   datatype: float64
#   format: '{:15.8f}'
#   description: '? Median of the geometric distance posterior (r_med_geo)'
#   meta: !!omap
#   - {ucd: PHYS_DISTANCE_TRUE}
#   - {width: 15}
#   - {precision: '8'}
#   - values: {'null': .nan}
# - name: Plx
#   unit: mas
#   datatype: float64
#   format: '{:9.4f}'
#   description: '? Parallax (parallax)'
#   meta: !!omap
#   - {ucd: POS_PARLX_TRIG}
#   - {width: 9}
#   - {precision: '4'}
#   - values: {'null': .nan}
# - name: e_Plx
#   unit: mas
#   datatype: float32
#   format: '{:7.4f}'
#   description: '? Standard error of parallax (parallax_error)'
#   meta: !!omap
#   - {ucd: ERROR}
#   - {width: 7}
#   - {precision: '4'}
#   - values: {'null': .nan}
# - name: pmRA
#   unit: mas / yr
#   datatype: float64
#   format: '{:9.3f}'
#   description: '? Proper motion in right ascension direction, pmRA*cosDE (pmra)'
#   meta: !!omap
#   - {ucd: POS_EQ_PMRA}
#   - {width: 9}
#   - {precision: '3'}
#   - values: {'null': .nan}
# - name: pmDE
#   unit: mas / yr
#   datatype: float64
#   format: '{:9.3f}'
#   description: '? Proper motion in declination direction (pmdec)'
#   meta: !!omap
#   - {ucd: POS_EQ_PMDEC}
#   - {width: 9}
#   - {precision: '3'}
#   - values: {'null': .nan}
# - name: e_pmRA
#   unit: mas / yr
#   datatype: float32
#   format: '{:6.3f}'
#   description: '? Standard error of proper motion in right ascension direction (pmra_error)'
#   meta: !!omap
#   - {ucd: ERROR}
#   - {width: 6}
#   - {precision: '3'}
#   - values: {'null': .nan}
# - name: e_pmDE
[...]
#         unit: &id001 !astropy.units.Unit {unit: deg}
#         value: !astropy.table.SerializedColumn {name: SkyCoord.dec}
#       distance: !astropy.table.SerializedColumn
#         __class__: astropy.coordinates.distances.Distance
#         unit: !astropy.units.Unit {unit: pc}
#         value: !astropy.table.SerializedColumn {name: SkyCoord.distance}
#       frame: icrs
#       obstime: !astropy.time.Time {format: jyear_str, in_subfmt: '*', jd1: 367701545.0, jd2: 0.0, out_subfmt: '*', precision: 3, scale: tt}
#       pm_dec: !astropy.table.SerializedColumn
#         __class__: astropy.units.quantity.Quantity
#         unit: !astropy.units.Unit {unit: mas / yr}
#         value: !astropy.table.SerializedColumn {name: SkyCoord.pm_dec}
#       pm_ra_cosdec: !astropy.table.SerializedColumn
#         __class__: astropy.units.quantity.Quantity
#         unit: !astropy.units.Unit {unit: mas / yr}
#         value: !astropy.table.SerializedColumn {name: SkyCoord.pm_ra_cosdec}
#       ra: !astropy.table.SerializedColumn
#         __class__: astropy.coordinates.angles.Longitude
#         unit: *id001
#         value: !astropy.table.SerializedColumn {name: SkyCoord.ra}
#         wrap_angle: !astropy.coordinates.Angle
#           unit: *id001
#           value: 360.0
#       representation_type: spherical
# schema: astropy-2.0
RA_ICRS_1 DE_ICRS_1 e_RA_ICRS e_DE_ICRS _r_1 HIP TYC2 Source rgeo Plx e_Plx pmRA pmDE e_pmRA e_pmDE RUWE Teff logg Gmag BP-RP BPmag RPmag RV e_RV b_rgeo B_rgeo FG e_FG FBP e_FBP FRP e_FRP RAVE5 RAVE6 e_Gmag e_BPmag e_RPmag e_BP-RP SkyCoord.ra SkyCoord.dec SkyCoord.distance SkyCoord.pm_ra_cosdec SkyCoord.pm_dec
[from data line 2407]
62.74366562441 34.55674651497 0.0527 0.0304 131.1834 "" "" 170830988464096384 443.094177 2.2206 0.0603 3.659 -0.579 0.076 0.043 1.139 4432.4 4.5233 15.90214 2.095215 16.83235 14.737135 "" "" 431.464966 453.724915 8205.22896 4.2401 2526.3 19.339 10100.0 158.82 "" "" 0.002811863839473739 0.008767222 0.017486244 0.026253466 62.74366562441 34.55674651497 443.094177 3.659 -0.579
61.62750893347 31.8880249398 0.036 0.0221 62.9909 "" "" 169380217235334528 449.617218 2.1728 0.0439 4.972 -15.661 0.052 0.031 1.087 4478.4 4.5948 15.903132 1.818875 16.795866 14.976991 "" "" 442.33255 458.105591 8197.73296 3.1271 2612.6 11.461 8097.7 13.501 "" "" 0.0027862737097136374 0.005520011 0.004190535 0.009710546 61.62750893347 31.8880249398 449.617218 4.9719999999999995 -15.661000000000001
63.72583270109 34.82993008585 0.0359 0.0223 176.5884 "" "" 176805734655980928 326.757202 3.0069 0.0412 -10.601 -7.564 0.05 0.036 0.963 3659.8 4.3707 15.903278 2.000073 16.902605 14.902532 "" "" 322.539398 330.883179 8196.62857 10.924 2368.0 17.896 8672.5 31.815 "" "" 0.0031121728002296927 0.008666791 0.005490732 0.0141575225 63.72583270109 34.82993008585 326.757202 -10.601 -7.564
62.36597443808 34.71950654692 0.0366 0.0221 128.7976 "" "" 170846312912466560 315.974518 3.1169 0.0425 17.386 -7.688 0.049 0.031 1.032 4758.5 4.5236 15.90329 2.133817 16.991606 14.857789 "" "" 311.194397 320.360596 8196.54776 7.6721 2181.6 14.929 9037.4 23.17 "" "" 0.002936764716904393 0.007936478 0.0046938425 0.01263032 62.36597443808 34.71950654692 315.974518 17.386 -7.687999999999999
61.66861971412 30.88522481755 0.0359 0.0257 120.8545 "" "" 168984942804232960 349.708984 2.8077 0.0409 29.088 17.658 0.049 0.036 0.986 4470.1 4.603 15.90374 2.055324 16.954346 14.899022 "" "" 345.298462 355.309448 8193.1459 2.8425 2257.8 9.8618 8700.6 10.83 "" "" 0.0027809491582423424 0.0055022794 0.0040137484 0.009516028 61.66861971412 30.88522481755 349.708984 29.088 17.658
59.11482367063 33.20554870451 0.0395 0.0282 102.7665 "" "" 218439773230668416 348.752228 2.8182 0.047 25.396 15.374 0.065 0.041 0.989 4422.1 4.67 15.903784 2.00215 16.914143 14.911992 "" "" 344.321594 353.718445 8192.81465 3.2594 2342.9 7.885 8597.3 13.342 "" "" 0.0027889722501155028 0.0045974986 0.0041379626 0.008735461 59.11482367063 33.20554870451 348.752228 25.396 15.374000000000002
58.05620577606 34.09192845813 0.0426 0.0336 170.2787 "" "" 218780617536546048 438.720459 2.242 0.0546 -2.978 -8.138 0.064 0.057 1.14 4611.0 4.6203 15.903901 1.919072 16.706043 14.786971 "" "" 429.974731 449.386475 8191.92784 3.6882 2837.9 13.065 9646.5 19.142 "" "" 0.002798345664041723 0.0057244822 0.0043503447 0.010074827 58.05620577606 34.09192845813 438.720459 -2.9780000000000006 -8.138
60.04599148623 35.16363990863 0.0387 0.0252 148.9737 "" "" 219090374877122176 329.30127 2.9884 0.0474 18.604 -12.83 0.054 0.036 0.963 4138.1 4.6619 15.90493 2.047228 16.944153 14.896925 "" "" 324.175964 335.187317 8184.17273 3.1325 2279.1 9.6178 8717.4 16.069 "" "" 0.0027864825433409255 0.005364512 0.0042765858 0.009641098 60.04599148623 35.16363990863 329.30127 18.604000000000003 -12.83
63.18012334742 31.93378294474 0.0442 0.0253 118.1598 "" "" 169480444591971456 361.373413 2.7118 0.0515 3.664 -5.449 0.065 0.044 1.065 3567.9 4.0063 15.90496 2.706491 17.410576 14.704085 "" "" 355.984497 368.731171 8183.94788 8.0103 1483.2 12.47 10412.0 21.457 "" "" 0.0029531539509042052 0.0095452275 0.004392043 0.01393727 63.18012334742 31.93378294474 361.373413 3.6639999999999997 -5.449
63.73668000993 34.71722719569 0.0394 0.0222 172.5719 "" "" 176803810510675840 442.965393 2.2094 0.0451 6.177 -17.509 0.052 0.036 1.12 4506.2 4.5663 15.905588 1.805056 16.784739 14.979683 "" "" 434.615356 452.02301 8179.21594 3.6996 2639.5 10.689 8077.6 15.734 "" "" 0.002798743609394375 0.0052074143 0.00433086 0.009538274 63.73668000993 34.71722719569 442.965393 6.1770000000000005 -17.509
58.75138668634 34.67602079414 0.0995 0.0752 161.0906 "" "" 218917820270899712 362.768219 2.6887 0.1203 7.135 -10.94 0.139 0.101 2.909 3749.0 4.2341 15.905884 2.05472 16.890171 14.835451 "" "" 346.005615 377.488861 8176.98827 4.8042 2395.2 19.621 9225.2 41.934 "" "" 0.0028281981460830862 0.009321516 0.0062161926 0.015537709 58.75138668634 34.67602079414 362.768219 7.135 -10.939999999999998
57.85810956404 32.49178925426 0.0373 0.0273 165.6606 "" "" 216856923159532544 335.259308 2.9477 0.0508 1.828 -2.942 0.054 0.037 0.918 "" "" 15.908936 "" "" "" "" "" 328.669312 341.449585 8154.03281 3.1885 "" "" "" "" "" "" 0.002787837858651045 "" "" "" 57.85810956404 32.49178925426 335.259308 1.828 -2.942
62.30572495545 32.38607534114 0.0422 0.025 66.2956 "" "" 169751508569368960 426.082977 2.3092 0.052 -5.883 -7.197 0.06 0.034 1.124 3781.7 4.223 15.908997 1.993543 16.910793 14.917251 "" "" 415.090607 436.075012 8153.57273 4.2247 2350.2 9.2536 8555.7 12.573 "" "" 0.0028121642991957114 0.005104917 0.0041023744 0.0092072915 62.30572495545 32.38607534114 426.082977 -5.883 -7.197
64.75503470773 33.4690844635 0.0446 0.0289 186.8261 "" "" 175697942326405376 399.237762 2.4762 0.0492 15.66 -4.13 0.073 0.051 1.021 4354.0 4.6258 15.910762 1.840753 16.813915 14.973163 "" "" 391.80661 407.692078 8140.33081 3.6132 2569.5 14.328 8126.3 17.337 "" "" 0.002797147747813016 0.006666269 0.0044327457 0.011099014 64.75503470773 33.4690844635 399.237762 15.66 -4.129999999999999
59.68681647019 32.53498502774 0.1095 0.074 74.2741 "" "" 170320196597045504 411.359985 2.3684 0.11 20.966 -25.883 0.197 0.115 1.608 "" "" 15.910892 "" "" "" "" "" 397.880066 430.079742 8139.35542 13.291 "" "" "" "" "" "" 0.0032764425375073013 "" "" "" 59.68681647019 32.53498502774 411.359985 20.966 -25.882999999999996
64.09036160556 33.63224483626 0.0436 0.0232 156.8081 "" "" 175924201205232896 379.947784 2.5959 0.0471 13.364 -6.561 0.061 0.043 1.04 4481.2 4.6669 15.911517 1.888936 16.844767 14.955831 "" "" 370.992828 385.573853 8134.6687 3.2323 2497.5 9.8959 8257.1 15.12 "" "" 0.002788890286646197 0.005127628 0.004270416 0.009398044 64.09036160556 33.63224483626 379.947784 13.364000000000004 -6.560999999999999
59.57588386212 33.1548946961 0.0383 0.026 79.5005 "" "" 170420630111873920 440.505859 2.2372 0.0473 -5.725 8.695 0.057 0.039 1.037 4527.4 4.6722 15.913216 1.676181 16.713346 15.037166 "" "" 431.500763 448.016785 8121.95653 3.0517 2818.9 12.219 7661.1 8.8627 "" "" 0.002785356619794768 0.0054712323 0.0039826287 0.009453861 59.57588386212 33.1548946961 440.505859 -5.7250000000000005 8.695
59.04857282485 32.8297977877 0.0438 0.0288 103.9958 "" "" 218424861104397312 436.160797 2.2704 0.0553 3.997 -0.334 0.059 0.041 1.12 4442.0 4.5167 15.914326 1.890373 16.806059 14.915686 "" "" 425.326324 447.533081 8113.65528 3.3461 2588.2 12.414 8568.1 21.798 "" "" 0.0027914655094045974 0.0059079793 0.004681188 0.0105891675 59.04857282485 32.8297977877 436.160797 3.997 -0.33400000000000013
59.67030444438 34.94328833789 0.0468 0.031 145.0136 "" "" 218893493576195072 388.630341 2.5244 0.0541 6.765 -15.756 0.062 0.043 1.253 4294.4 4.6164 15.915232 1.92257 16.862791 14.940221 "" "" 379.235565 397.469238 8106.88602 2.7522 2456.4 11.98 8376.6 10.265 "" "" 0.0027798654939236857 0.0059853275 0.0040067397 0.009992067 59.67030444438 34.94328833789 388.630341 6.765 -15.756000000000002
61.70316998895 35.47563808856 0.0362 0.0237 160.6606 "" "" 171127890967641600 436.073303 2.2668 0.0458 -9.335 -5.334 0.052 0.035 1.039 4397.7 4.5828 15.916029 1.826688 16.794916 14.968228 "" "" 428.619415 442.72406 8100.93221 3.0943 2614.9 10.991 8163.3 25.098 "" "" 0.002786355953794896 0.0053489613 0.0050424747 0.0103914365 61.70316998895 35.47563808856 436.073303 -9.335 -5.334
59.21682002228 34.03050865144 0.107 0.0808 118.6318 "" "" 218559409541839104 392.446747 2.4966 0.1046 3.325 -4.529 0.142 0.118 1.159 "" "" 15.918127 2.637303 16.791206 14.153903 "" "" 377.552704 412.538513 8085.29722 20.029 2623.8 25.239 17282.0 81.687 "" "" 0.0038504198168956894 0.010810255 0.0063734404 0.017183695 59.21682002228 34.03050865144 392.446747 3.325 -4.529
58.49764768203 33.94613514057 0.0385 0.0246 146.7025 "" "" 218722656957143296 391.55957 2.4994 0.0483 3.369 -4.728 0.05 0.034 1.015 "" "" 15.918503 2.903996 17.58382 14.679824 "" "" 383.546478 399.305176 8082.50043 11.254 1264.4 12.389 10647.0 37.593 "" "" 0.003142806875700311 0.0109982025 0.00538331 0.016381513 58.49764768203 33.94613514057 391.55957 3.369 -4.728
60.92397302214 33.00400146377 0.0356 0.0214 13.5026 "" "" 170252370473918592 367.503235 2.6781 0.0426 21.775 -31.455 0.051 0.031 1.009 4168.2 4.5186 15.919624 1.990156 16.91929 14.929134 "" "" 361.773804 374.867249 8074.15256 2.9287 2331.8 9.6574 8462.6 10.808 "" "" 0.0027833229764070233 0.0052920035 0.0040257317 0.009317735 60.92397302214 33.00400146377 367.503235 21.775 -31.455000000000002
64.30558517852 34.45346063264 0.0381 0.0266 186.502 "" "" 175990378060831232 415.072174 2.3715 0.044 11.209 -20.717 0.053 0.042 0.988 4361.9 4.5641 15.922069 1.962407 16.908506 14.946099 "" "" 407.515686 422.147217 8055.99637 4.1878 2355.1 10.062 8331.4 13.705 "" "" 0.0028125331265869144 0.0054132137 0.0041801413 0.009593355 64.30558517852 34.45346063264 415.072174 11.209 -20.717000000000002
59.94084211153 29.96208764489 0.0363 0.0239 182.9555 "" "" 167532453583269760 386.850677 2.5472 0.0474 -3.985 -23.047 0.05 0.032 1.016 4541.0 4.5921 15.922338 1.979183 16.919827 14.940643 "" "" 380.078003 394.370789 8054.0019 2.8043 2330.7 8.7711 8373.4 10.112 "" "" 0.002781133435003865 0.0049477224 0.004000362 0.008948084 59.94084211153 29.96208764489 386.850677 -3.984999999999998 -23.046999999999997
60.02048661498 30.129046429 0.0348 0.023 172.1402 "" "" 167543895376109056 314.846771 3.1291 0.0443 20.939 -5.627 0.056 0.034 1.003 4206.8 4.6611 15.92432 2.141954 17.034302 14.892347 "" "" 309.828796 319.921539 8039.31125 3.2202 2097.5 7.1303 8754.3 9.3425 "" "" 0.00278943120616983 0.004626841 0.0039530094 0.00857985 60.02048661498 30.129046429 314.846771 20.939 -5.626999999999999
59.126966633 34.10981945003 0.0437 0.0312 125.0549 "" "" 218560753869188352 420.278534 2.3394 0.0494 -2.485 -13.941 0.057 0.043 0.965 4399.6 4.6174 15.926557 1.846192 16.83295 14.986758 "" "" 411.928833 430.720795 8022.76654 3.1079 2524.9 8.6266 8025.2 10.495 "" "" 0.0027872373530092036 0.0046417364 0.0040372983 0.008679034 59.126966633 34.10981945003 420.278534 -2.485 -13.941
59.42549173088 32.93925881911 0.0381 0.0253 85.1351 "" "" 170390977657709952 357.24823 2.7393 0.0472 3.373 -5.487 0.058 0.035 1.012 3568.8 4.1455 15.928122 2.653018 17.394613 14.741595 "" "" 351.544891 363.896912 8011.21013 4.6175 1505.1 12.384 10058.0 16.996 "" "" 0.002825492980092875 0.009359051 0.004201162 0.013560213 59.42549173088 32.93925881911 357.24823 3.3730000000000016 -5.487
60.5515992735 32.16642698336 0.042 0.0258 49.5052 "" "" 170070229500546304 361.794586 2.7092 0.0528 3.603 -5.244 0.061 0.038 0.971 3633.7 4.0259 15.928586 2.541508 17.297401 14.755894 "" "" 353.405365 368.978271 8007.78124 31.009 1646.1 32.955 9926.6 107.52 "" "" 0.005026771546265781 0.021914838 0.012352529 0.034267366 60.5515992735 32.16642698336 361.794586 3.6029999999999998 -5.244000000000001
62.13300759027 32.17831980483 0.0374 0.0237 65.2896 "" "" 169367297973836544 402.887054 2.4472 0.0468 6.618 -0.893 0.055 0.033 0.982 4363.1 4.6381 15.928676 1.86774 16.849543 14.981803 "" "" 392.108582 412.486816 8007.12444 6.208 2486.6 15.543 8061.9 17.919 "" "" 0.0028810389940358964 0.007337792 0.0044841343 0.011821926 62.13300759027 32.17831980483 402.887054 6.618 -0.893
63.82803128697 33.78632375323 0.0402 0.0217 147.4936 "" "" 175940384641887872 389.126007 2.5304 0.0432 -1.025 -30.26 0.055 0.037 1.032 4467.5 4.6479 15.929103 1.895789 16.868465 14.972676 "" "" 382.898834 395.519226 8003.97154 3.0089 2443.6 7.1779 8129.9 12.225 "" "" 0.0027853870420768696 0.0042375117 0.0041169417 0.008354453 63.82803128697 33.78632375323 389.126007 -1.0249999999999995 -30.26
63.58882794865 32.63116452443 0.0437 0.0217 125.6763 "" "" 169664406630759424 371.819397 2.6408 0.0468 2.919 -5.38 0.059 0.038 1.113 3538.0 4.006 15.9323 2.659128 17.39973 14.740602 "" "" 366.416626 377.828491 7980.44207 7.565 1498.0 11.712 10067.0 30.237 "" "" 0.0029412707948116715 0.008935539 0.0049918373 0.013927376 63.58882794865 32.63116452443 371.819397 2.9190000000000005 -5.380000000000001
62.61964163275 34.86897253653 0.038 0.0231 142.9022 "" "" 170854078213392384 402.109253 2.4534 0.0488 4.852 -8.068 0.069 0.036 0.944 4425.6 4.6022 15.933052 1.839044 16.837072 14.998029 "" "" 394.019104 409.092041 7974.9115 3.1606 2515.3 7.2054 7942.3 12.484 "" "" 0.002788717377105623 0.004178347 0.0041468316 0.008325178 62.61964163275 34.86897253653 402.109253 4.852 -8.068
61.82975365628 30.06253985182 0.0448 0.0305 170.8353 "" "" 168886089837917824 361.627533 2.7237 0.056 -6.685 -14.939 0.058 0.041 0.982 4665.1 4.6061 15.933191 2.172289 17.05874 14.886452 "" "" 355.281158 367.241425 7973.89235 4.532 2050.8 8.1441 8801.9 15.255 "" "" 0.0028235759805984866 0.005135701 0.0042219283 0.009357629 61.82975365628 30.06253985182 361.627533 -6.685000000000002 -14.939
63.73574135964 31.52631205798 0.0437 0.0249 154.9154 "" "" 166450912100707968 450.626251 2.1842 0.0509 8.291 5.112 0.068 0.046 0.992 "" "" 15.933489 1.70677 16.662922 14.956152 "" "" 439.374634 460.684875 7971.70776 4.1743 2952.9 47.195 8254.6 48.194 "" "" 0.0028133646279694057 0.017575765 0.0073801586 0.024955925 63.73574135964 31.52631205798 450.626251 8.291000000000002 5.112
59.57150811697 33.58707693571 0.0369 0.0258 89.2604 "" "" 218476400711870720 414.428955 2.3746 0.0442 -4.041 -10.151 0.049 0.037 1.064 4480.3 4.6648 15.935595 1.89862 16.877808 14.979188 "" "" 407.127808 419.948639 7956.25954 3.2792 2422.7 8.9171 8081.3 14.188 "" "" 0.0027914219769584136 0.004873884 0.004232878 0.009106762 59.57150811697 33.58707693571 414.428955 -4.041000000000001 -10.151
60.97775073143 32.14176725527 0.0387 0.0217 42.6199 "" "" 170061845724312832 424.279602 2.3215 0.0468 -6.121 2.033 0.062 0.033 0.961 4425.5 4.5921 15.936083 1.874402 16.867754 14.993352 "" "" 415.609406 434.076935 7952.68475 3.0168 2445.2 7.949 7976.6 10.64 "" "" 0.002785933213580443 0.0044992166 0.0040473696 0.008546586 60.97775073143 32.14176725527 424.279602 -6.121 2.033
57.86931260613 34.26622787775 0.0369 0.0267 183.2086 "" "" 218797836064470144 359.528809 2.7415 0.0467 1.96 -9.613 0.048 0.037 0.968 4384.4 4.6756 15.93968 1.907496 16.88645 14.978954 "" "" 353.818329 366.101532 7926.37625 6.4227 2403.5 13.709 8083.1 19.462 "" "" 0.002892365453889347 0.006792321 0.0045953905 0.011387711 57.86931260613 34.26622787775 359.528809 1.9599999999999997 -9.612999999999998
59.36586101614 31.84725661808 0.0324 0.0222 106.7645 "" "" 168781017756737664 393.034912 2.5091 0.0389 -0.122 -4.054 0.051 0.032 0.983 5097.2 4.6454 15.941697 2.032819 16.961079 14.92826 "" "" 385.707397 399.209198 7911.66202 6.9413 2243.8 14.379 8469.4 18.932 "" "" 0.002915335494481777 0.007496355 0.004491549 0.011987904 59.36586101614 31.84725661808 393.034912 -0.12199999999999989 -4.053999999999999
62.51670945435 31.57320056926 0.0343 0.0209 104.378 "" "" 169136606690432896 323.23349 3.0621 0.0403 24.184 -11.69 0.045 0.028 1.049 4350.3 4.6714 15.943387 2.028716 16.9717 14.942985 "" "" 318.58194 326.646545 7899.36241 2.6474 2222.0 9.5119 8355.3 8.4531 "" "" 0.00277924345191492 0.005420987 0.003935773 0.0093567595 62.51670945435 31.57320056926 323.23349 24.184000000000005 -11.690000000000001
58.61733056983 31.20303096997 0.0378 0.0275 160.5529 "" "" 168643613162813184 396.907928 2.4911 0.0448 3.831 -23.076 0.063 0.044 1.077 4642.1 4.6115 15.946296 2.016525 16.968042 14.951517 "" "" 389.251953 404.872131 7878.22474 2.6827 2229.5 8.8581 8289.9 11.497 "" "" 0.002780014241616143 0.0051374794 0.0040683015 0.009205781 58.61733056983 31.20303096997 396.907928 3.8310000000000013 -23.076
