Clusters/UBC_31/UBC_31_stars_in_region.tsv
# %ECSV 1.0
# ---
# datatype:
# - name: RA_ICRS_1
#   unit: deg
#   datatype: float64
#   format: '{:15.11f}'
#   description: Right ascension (ICRS) at Ep=2016.0 (ra)
#   meta: !!omap
#   - {ucd: POS_EQ_RA_MAIN}
#   - {width: 15}
#   - {precision: '11'}
# - name: DE_ICRS_1
#   unit: deg
#   datatype: float64
#   format: '{:15.11f}'
#   description: Declination (ICRS) at Ep=2016.0 (dec)
#   meta: !!omap
#   - {ucd: POS_EQ_DEC_MAIN}
#   - {width: 15}
#   - {precision: '11'}
# - name: e_RA_ICRS
#   unit: mas
#   datatype: float64
#   format: '{:7.4f}'
#   description: Standard error of right ascension (ra_error)
#   meta: !!omap
#   - {ucd: ERROR}
#   - {width: 7}
#   - {precision: '4'}
# - name: e_DE_ICRS
#   unit: mas
#   datatype: float64
#   format: '{:7.4f}'
#   description: Standard error of declination (dec_error)
#   meta: !!omap
#   - {ucd: ERROR}
#   - {width: 7}
#   - {precision: '4'}
# - name: _r_1
#   unit: ''
#   datatype: float64
#   format: '{:8.4f}'
#   description: Distance from center (061.11140951000+32.84309638000)[ICRS], at Epoch=J2016.0
#   meta: !!omap
#   - {ucd: POS_ANG_DIST_GENERAL}
#   - {width: 8}
#   - {precision: '4'}
# - name: HIP
#   datatype: int32
#   description: '? HIP cross-id number, van Leeuwen, Cat. I/311 (hip_original_ext_source_id)'
#   meta: !!omap
#   - {ucd: ID_NUMBER}
#   - {width: 6}
#   - values: {'null': -2147483648}
# - name: TYC2
#   datatype: string
#   description: Tycho-2 cross-id name, Hog et al., Cat. I/259 (tyc2_original_ext_source_id)
#   meta: !!omap
#   - {ucd: ID_CROSSID}
#   - {_votable_string_dtype: char}
# - name: Source
#   datatype: int64
#   description: Source identifier, identical to the Gaia-EDR3 source_id (id)
#   meta: !!omap
#   - {ucd: ID_MAIN}
#   - {width: 19}
# - name: rgeo
#   unit: pc
#   datatype: float64
#   format: '{:15.8f}'
#   description: '? Median of the geometric distance posterior (r_med_geo)'
#   meta: !!omap
#   - {ucd: PHYS_DISTANCE_TRUE}
#   - {width: 15}
#   - {precision: '8'}
#   - values: {'null': .nan}
# - name: Plx
#   unit: mas
#   datatype: float64
#   format: '{:9.4f}'
#   description: '? Parallax (parallax)'
#   meta: !!omap
#   - {ucd: POS_PARLX_TRIG}
#   - {width: 9}
#   - {precision: '4'}
#   - values: {'null': .nan}
# - name: e_Plx
#   unit: mas
#   datatype: float32
#   format: '{:7.4f}'
#   description: '? Standard error of parallax (parallax_error)'
#   meta: !!omap
#   - {ucd: ERROR}
#   - {width: 7}
#   - {precision: '4'}
#   - values: {'null': .nan}
# - name: pmRA
#   unit: mas / yr
#   datatype: float64
#   format: '{:9.3f}'
#   description: '? Proper motion in right ascension direction, pmRA*cosDE (pmra)'
#   meta: !!omap
#   - {ucd: POS_EQ_PMRA}
#   - {width: 9}
#   - {precision: '3'}
#   - values: {'null': .nan}
# - name: pmDE
#   unit: mas / yr
#   datatype: float64
#   format: '{:9.3f}'
#   description: '? Proper motion in declination direction (pmdec)'
#   meta: !!omap
#   - {ucd: POS_EQ_PMDEC}
#   - {width: 9}
#   - {precision: '3'}
#   - values: {'null': .nan}
# - name: e_pmRA
#   unit: mas / yr
#   datatype: float32
#   format: '{:6.3f}'
#   description: '? Standard error of proper motion in right ascension direction (pmra_error)'
#   meta: !!omap
#   - {ucd: ERROR}
#   - {width: 6}
#   - {precision: '3'}
#   - values: {'null': .nan}
# - name: e_pmDE
[...]
#         value: !astropy.table.SerializedColumn {name: SkyCoord.dec}
#       distance: !astropy.table.SerializedColumn
#         __class__: astropy.coordinates.distances.Distance
#         unit: !astropy.units.Unit {unit: pc}
#         value: !astropy.table.SerializedColumn {name: SkyCoord.distance}
#       frame: icrs
#       obstime: !astropy.time.Time {format: jyear_str, in_subfmt: '*', jd1: 367701545.0, jd2: 0.0, out_subfmt: '*', precision: 3, scale: tt}
#       pm_dec: !astropy.table.SerializedColumn
#         __class__: astropy.units.quantity.Quantity
#         unit: !astropy.units.Unit {unit: mas / yr}
#         value: !astropy.table.SerializedColumn {name: SkyCoord.pm_dec}
#       pm_ra_cosdec: !astropy.table.SerializedColumn
#         __class__: astropy.units.quantity.Quantity
#         unit: !astropy.units.Unit {unit: mas / yr}
#         value: !astropy.table.SerializedColumn {name: SkyCoord.pm_ra_cosdec}
#       ra: !astropy.table.SerializedColumn
#         __class__: astropy.coordinates.angles.Longitude
#         unit: *id001
#         value: !astropy.table.SerializedColumn {name: SkyCoord.ra}
#         wrap_angle: !astropy.coordinates.Angle
#           unit: *id001
#           value: 360.0
#       representation_type: spherical
# schema: astropy-2.0
RA_ICRS_1 DE_ICRS_1 e_RA_ICRS e_DE_ICRS _r_1 HIP TYC2 Source rgeo Plx e_Plx pmRA pmDE e_pmRA e_pmDE RUWE Teff logg Gmag BP-RP BPmag RPmag RV e_RV b_rgeo B_rgeo FG e_FG FBP e_FBP FRP e_FRP RAVE5 RAVE6 e_Gmag e_BPmag e_RPmag e_BP-RP SkyCoord.ra SkyCoord.dec SkyCoord.distance SkyCoord.pm_ra_cosdec SkyCoord.pm_dec rmRA rmDE e_rmRA e_rmDE rRV e_rRV v_pec v_pec3d e_vpec e_vpec3d
[from data line 1329]
59.93329940915 34.21991989527 0.0181 0.0142 101.4683 "" "" 218620264936038656 437.829681 2.2495 0.0213 24.753 5.366 0.025 0.021 1.059 5089.6 4.4369 14.234026 1.35109 14.837495 13.486404 42.85 2.57 433.574524 441.599457 38136.09315 5.898 15864.0 12.854 31959.0 20.018 "" "" 0.0027604320837628167 0.0029255725 0.0038400805 0.006765653 59.93329940915 34.21991989527 437.829681 24.753 5.366 20.984499910354614 10.793478313446045 0.17775966 0.17375965 22.717727272727277 4.725148 48.97247277186287 53.985166683348 8.664714040914356 8.107774784693962
59.4452678207 33.34325000637 0.0176 0.0119 88.9646 "" "" 218463447090539648 360.815826 2.7262 0.0219 3.169 -27.407 0.024 0.018 0.973 "" "" 14.235386 1.398602 14.870415 13.471813 47.05 3.68 357.573303 363.769165 38088.35383 5.6944 15390.0 17.595 32392.0 15.244 "" "" 0.0027600974910299276 0.0030538272 0.0038137652 0.006867592 59.4452678207 33.34325000637 360.815826 3.1689999999999987 -27.406999999999993 -0.5995000896453857 -21.979521686553955 0.17675966 0.17075965 26.917727272727273 5.835149 37.60483115309491 46.24594433657619 6.421558410101419 6.229075548839375
64.51438220913 33.31566823163 0.0587 0.0427 173.4094 "" "" 175666739387292032 381.228027 2.5745 0.0651 -22.809 -20.203 0.075 0.065 2.871 "" "" 14.238289 1.238047 14.327423 13.089376 -6.27 5.34 372.454437 390.328156 37986.67796 36.696 25377.0 608.24 46069.0 1091.0 "" "" 0.002948197296230388 0.026172249 0.025988536 0.052160785 64.51438220913 33.31566823163 381.228027 -22.80900000000001 -20.203 -26.577500089645387 -14.775521686553954 0.22775966 0.21775965 -26.402272727272724 7.4951487 54.948873081337986 60.9627645212574 12.38760094660989 11.627860177775597
61.08877806237 33.1444409397 0.0179 0.0111 18.1165 "" "" 170277487442622208 337.512695 2.9219 0.0206 3.85 -5.66 0.027 0.016 0.959 4641.6 4.2162 14.238343 1.763063 15.088252 13.325189 -20.49 8.26 335.463348 339.520386 37984.76702 71.955 12593.0 92.534 37075.0 192.23 "" "" 0.0034382988626269883 0.008451877 0.0067804274 0.015232304 61.08877806237 33.1444409397 337.512695 3.8500000000000005 -5.66 0.08149991035461435 -0.23252168655395522 0.17975965 0.16875966 -40.62227272727272 10.415149 0.3941789754773273 40.62418514374945 0.06700958606769142 10.414658453765464
61.19095551372 35.35399316608 0.0222 0.0134 150.7056 "" "" 219154799387146624 435.779358 2.2531 0.0252 -9.93 -15.03 0.029 0.019 1.318 5212.9 4.5274 14.238931 1.226253 14.77535 13.549097 -11.22 2.91 431.028625 440.219391 37964.22693 5.3132 16799.0 14.548 30166.0 18.464 "" "" 0.0027595069779085897 0.0029443372 0.003837364 0.006781701 61.19095551372 35.35399316608 435.779358 -9.93 -15.029999999999998 -13.698500089645385 -9.602521686553954 0.18175966 0.17175965 -31.352272727272727 5.0651484 34.55519416658247 46.658616021647106 6.169024849729951 5.697151834311668
58.45620912467 31.78666637342 0.0169 0.0116 148.8058 "" "" 168724118029551616 396.290863 2.4836 0.0227 2.536 -4.876 0.024 0.017 1.024 5397.6 4.5497 14.23918 1.260282 14.791608 13.531326 -32.04 2.83 392.895874 399.129639 37955.50919 6.0653 16549.0 17.548 30664.0 15.989 "" "" 0.002760777421891843 0.0030183587 0.0038215483 0.006839907 58.45620912467 31.78666637342 396.290863 2.536000000000003 -4.876 -1.2325000896453857 0.5514783134460446 0.17675966 0.16975966 -52.17227272727273 4.9851484 2.536341611047353 52.23388814071623 0.4454104266841645 4.979314889792373
59.60932699553 35.38274912497 0.0196 0.0134 169.6612 "" "" 219293440930898560 330.944458 2.9888 0.0242 17.306 4.416 0.027 0.019 1.093 4510.3 4.4454 14.240526 1.394667 14.873303 13.478637 35.86 2.58 328.396484 333.732025 37908.47277 6.5837 15350.0 13.834 32189.0 16.517 "" "" 0.002761764955378088 0.0029567757 0.0038202237 0.0067769997 59.60932699553 35.38274912497 330.944458 17.306 4.416 13.537499910354615 9.843478313446045 0.17975965 0.17175965 15.727727272727275 4.7351484 26.256385778127346 30.606522169222973 4.648265360976565 4.6713647937588805
61.99727480157 32.53789592743 0.0194 0.0105 48.3355 "" "" 169429557819353728 345.802246 2.8463 0.0222 6.282 -1.556 0.026 0.015 1.009 4712.8 4.4723 14.241525 1.317201 14.827314 13.510114 -35.95 2.31 343.043091 348.642242 37873.62155 5.5186 16014.0 15.445 31269.0 15.787 "" "" 0.002759858290928492 0.0029801994 0.0038189278 0.006799127 61.99727480157 32.53789592743 345.802246 6.282 -1.556 2.5134999103546143 3.871478313446045 0.17875966 0.16775966 -56.08227272727272 4.4651484 7.565843942624599 56.59031108608917 1.2944793209442587 4.428445696905346
63.37338319077 33.45199001293 0.017 0.0098 119.3576 "" "" 169927430430098560 441.329163 2.2181 0.0199 11.027 4.941 0.024 0.017 1.057 5310.5 4.5399 14.241815 1.194098 14.75819 13.564093 24.83 3.41 437.910797 445.865082 37863.5154 5.4371 17066.0 13.623 29752.0 14.042 "" "" 0.002759727697459529 0.0029216786 0.0038139632 0.0067356415 63.37338319077 33.45199001293 441.329163 11.02699999999999 4.941000000000003 7.2584999103546135 10.368478313446044 0.17675966 0.16975966 4.697727272727274 5.5651484 26.476480008361268 26.890009950947945 4.556425893612159 4.59049326223951
60.48908376816 33.22885472333 0.0174 0.0116 38.9303 "" "" 170460315607286144 337.006531 2.9223 0.0203 3.612 -5.505 0.024 0.016 1.099 4630.1 4.2319 14.242285 1.749167 15.020023 13.270856 23.17 7.85 334.342804 339.32785 37847.10777 48.12 13409.0 57.224 38978.0 139.74 "" "" 0.0030817854087802935 0.0054087033 0.0054254094 0.010834113 60.48908376816 33.22885472333 337.006531 3.6119999999999997 -5.504999999999994 -0.15650008964538564 -0.07752168655395497 0.17675966 0.16875966 3.0377272727272775 10.005148 0.2789844735061339 3.0505113210621917 0.04888152867127677 9.9632194761225
63.36450702541 31.66012530226 0.1296 0.0782 134.5637 "" "" 169461134419347328 304.633453 3.2512 0.1463 -10.242 -7.492 0.193 0.137 7.262 "" "" 14.245607 1.577817 14.965842 13.388025 2.82 3.94 290.05777 320.026733 37731.46088 30.996 14095.0 26.747 34990.0 38.982 "" "" 0.0028960856703152175 0.0034684232 0.0039682332 0.0074366564 63.36450702541 31.66012530226 304.633453 -10.242 -7.491999999999999 -14.010500089645387 -2.064521686553955 0.34575966 0.28975964 -17.312272727272724 6.0951486 20.449098037718723 26.79329015891297 7.048071649534237 6.666809528779654
59.94429716252 31.83455702014 0.0157 0.0103 84.629 "" "" 168585373406257280 414.073792 2.3757 0.0187 9.596 8.031 0.023 0.015 1.017 5491.6 4.6143 14.24881 1.233889 14.786597 13.552709 64.1 3.85 411.042786 417.204651 37620.35262 5.7285 16626.0 24.544 30066.0 18.655 "" "" 0.00276027575419579 0.0032177703 0.003838952 0.0070567224 59.94429716252 31.83455702014 414.073792 9.596 8.031 5.827499910354614 13.458478313446046 0.17575966 0.16775966 43.967727272727274 6.0051484 28.785023774122585 52.55224671891515 4.866048254766427 5.687402023550926
60.59964430576 33.77981045827 0.0198 0.0137 61.7835 "" "" 170548860655705856 409.173889 2.4023 0.0243 10.938 -13.203 0.029 0.02 1.218 5071.6 4.471 14.249391 1.309958 14.830211 13.520253 -57.56 6.79 405.143311 413.385986 37600.21617 5.7016 15971.0 15.72 30978.0 23.499 "" "" 0.002760234619624215 0.002987827 0.0038680818 0.006855909 60.59964430576 33.77981045827 409.173889 10.938000000000002 -13.203000000000003 7.169499910354615 -7.7755216865539545 0.18175966 0.17275965 -77.69227272727272 8.945148 20.51278209391012 80.35461076230264 3.6297809967675034 8.698269750321622
59.53479636237 34.96582418591 0.0176 0.0124 149.6126 "" "" 218896207995537408 346.12912 2.8442 0.0219 16.592 -5.972 0.025 0.017 1.036 4620.5 4.4072 14.253329 1.434858 14.909852 13.474994 -2.47 3.77 343.660126 348.571838 37464.06527 14.436 14841.0 24.351 32297.0 46.23 "" "" 0.0027869014015223063 0.003310389 0.004086445 0.007396834 59.53479636237 34.96582418591 346.12912 16.592000000000002 -5.972000000000001 12.823499910354613 -0.5445216865539555 0.17775966 0.16975966 -22.602272727272723 5.9251485 21.057860109790386 30.891685043738185 3.7429417054304768 5.030295061693372
63.2166476578 30.89571121403 0.0222 0.0124 158.6097 "" "" 166041240938229120 305.914886 3.2284 0.024 6.746 -8.362 0.033 0.021 1.07 4838.1 4.5524 14.25426 1.499377 14.944061 13.444684 19.73 5.39 303.098083 308.274445 37431.96079 39.88 14381.0 58.522 33211.0 116.1 "" "" 0.0029882844339332564 0.0052255476 0.005356297 0.0105818445 63.2166476578 30.89571121403 305.914886 6.7459999999999996 -8.362 2.9774999103546147 -2.934521686553955 0.18575966 0.17375965 -0.4022727272727238 7.5451484 6.061937322430239 6.075270154337183 1.0908269881988744 1.197617246613152
60.13708000917 30.05197907284 0.3989 0.2621 174.7326 "" "" 167539428610907264 405.892395 2.5474 0.4991 3.961 -0.843 0.582 0.346 7.317 "" "" 14.254306 1.37732 14.570813 13.193493 8.38 3.21 339.761261 493.820251 37430.4039 79.586 20281.0 23.793 41856.0 31.742 "" "" 0.0035945963247652614 0.0030671626 0.0038680336 0.006935196 60.13708000917 30.05197907284 405.892395 3.9610000000000003 -0.8430000000000001 0.1924999103546141 4.584478313446045 0.7347597 0.49875963 -11.752272727272723 5.3651485 8.827987255782125 14.698614670929022 4.407575647529623 5.040750317055486
58.90387432545 31.86491961365 0.0176 0.0115 126.3441 "" "" 168770228798713088 422.538177 2.3344 0.0241 -2.47 -11.254 0.026 0.017 1.031 5320.9 4.4636 14.255469 1.358489 14.864064 13.505575 4.55 3.96 417.717255 426.053619 37390.30681 29.924 15481.0 45.639 31400.0 78.141 "" "" 0.0028890879353742262 0.0042462107 0.004645873 0.008892084 58.90387432545 31.86491961365 422.538177 -2.4699999999999998 -11.254 -6.238500089645386 -5.826521686553955 0.17875966 0.16975966 -15.582272727272724 6.1151485 17.096627561082872 23.132269609994733 2.9854873866340936 4.673013192669187
61.95723694814 34.58216810705 0.6651 0.432 112.559 "" "" 171009762184463232 332.514923 3.5831 0.8752 -14.268 -13.32 0.775 0.632 56.432 "" "" 14.258491 0.951223 13.976624 13.025401 15.01 4.15 248.249329 416.664276 37286.41996 122.36 35056.0 50.695 48865.0 72.243 "" "" 0.004504064661465398 0.0032016025 0.004106131 0.0073077334 61.95723694814 34.58216810705 332.514923 -14.267999999999999 -13.32 -18.036500089645386 -7.892521686553955 0.92775965 0.7847597 -5.122272727272724 6.3051486 31.03026035321213 31.450194522143907 28.122763711262404 27.766254952326484
57.65256471711 31.78717306694 0.0276 0.0192 186.4683 "" "" 216762536961709568 384.403748 2.5651 0.0348 21.246 11.254 0.041 0.026 1.704 5101.3 4.3463 14.259307 1.576766 14.994142 13.417376 27.22 2.86 379.424591 389.159943 37258.37401 6.0668 13733.0 12.178 34057.0 19.724 "" "" 0.0027609861375611023 0.0029516143 0.0038313337 0.006782948 57.65256471711 31.78717306694 384.403748 21.246000000000006 11.253999999999996 17.477499910354613 16.681478313446043 0.19375965 0.17875966 7.087727272727275 5.015148 44.02240030153529 44.589321661146364 8.221594732173331 8.156115402367215
58.58303974941 30.72787000654 0.0198 0.0126 180.9159 "" "" 168413815231755392 413.992859 2.3661 0.0271 -10.467 1.419 0.029 0.018 1.178 5006.0 4.3693 14.266369 1.500611 14.916955 13.416344 -43.55 1.91 409.480286 417.966797 37016.83434 7.2208 14745.0 14.623 34089.0 21.672 "" "" 0.0027634481025360542 0.0029907264 0.0038418977 0.006832624 58.58303974941 30.72787000654 413.992859 -10.466999999999997 1.4190000000000011 -14.235500089645386 6.846478313446045 0.18175966 0.17075965 -63.68227272727272 4.0651484 30.997531994775386 70.82569342744105 5.571639266704091 4.39388682885387
64.40941422615 33.08215953665 0.018 0.0124 166.6381 "" "" 175662448716849920 439.689941 2.2346 0.0201 17.439 -21.668 0.026 0.02 0.933 5329.7 4.4819 14.26812 1.306188 14.847398 13.54121 12.57 3.4 436.240936 443.425812 36957.18668 6.7145 15720.0 22.612 30386.0 22.713 "" "" 0.002762372335619866 0.0031975152 0.0038655363 0.0070630517 64.40941422615 33.08215953665 439.689941 17.438999999999986 -21.667999999999985 13.670499910354614 -16.240521686553954 0.17875966 0.17275965 -7.562272727272724 5.5551486 44.242366546074976 44.884016825579536 7.75448483072273 7.700719265370864
59.6221837415 34.45288344561 0.0172 0.0125 121.9056 "" "" 218688640815366784 373.152374 2.6349 0.0204 3.402 -5.221 0.024 0.018 1.079 "" "" 14.269281 1.781648 15.13173 13.350082 18.65 3.43 370.416168 376.655304 36917.67648 13.101 12098.0 15.418 36235.0 38.699 "" "" 0.0027821290991071543 0.0031144253 0.0039532674 0.0070676925 59.6221837415 34.45288344561 373.152374 3.4019999999999997 -5.221 -0.3665000896453856 0.20647831344604484 0.17675966 0.17075965 -1.4822727272727256 5.585149 0.7440407433274772 1.658532202204054 0.1304548021623835 4.991933675645272
59.50726797038 34.11843698236 0.019 0.0119 110.9018 "" "" 218639987425958912 416.324524 2.3579 0.0246 22.71 -6.312 0.032 0.018 1.121 4771.7 4.3993 14.26968 1.355653 14.876843 13.52119 1.6 6.13 412.197052 419.690948 36904.09902 6.2012 15300.0 18.882 30952.0 21.062 "" "" 0.0027613537590980403 0.00309523 0.0038509185 0.0069461484 59.50726797038 34.11843698236 416.324524 22.71 -6.312 18.941499910354615 -0.8845216865539554 0.18475966 0.17075965 -18.532272727272723 8.285149 37.41947682525481 41.75718355341747 6.91251307018932 7.2035928746460955
61.11612641264 35.69623206423 0.0207 0.0143 171.1883 "" "" 219210565242694528 398.982452 2.4687 0.0244 8.021 -13.576 0.03 0.022 1.028 5003.1 4.5074 14.271855 1.338823 14.872263 13.53344 8.78 3.14 395.500732 402.379852 36830.23173 9.7427 15364.0 17.711 30604.0 23.341 "" "" 0.002770248876052661 0.0030580275 0.003869034 0.0069270614 61.11612641264 35.69623206423 398.982452 8.020999999999997 -13.575999999999992 4.252499910354615 -8.148521686553956 0.18275966 0.17475966 -11.352272727272725 5.295149 17.38259630802526 20.761231911477545 3.0680733254311896 3.870653093484789
61.1759144173 34.82748635856 0.0542 0.035 119.1068 "" "" 170994265944959360 452.922058 2.1652 0.0646 18.797 -28.365 0.072 0.049 3.105 4743.3 4.3582 14.275785 1.404445 14.911202 13.506757 21.41 4.81 437.662231 466.358582 36697.17732 9.4296 14823.0 18.901 31366.0 24.854 "" "" 0.0027694085074363903 0.0031147571 0.0038760654 0.0069908225 61.1759144173 34.82748635856 452.922058 18.797 -28.365000000000002 15.028499910354615 -22.937521686553954 0.22475965 0.20175965 1.277727272727276 6.9651484 58.87170419188215 58.88556819323344 12.300288955851089 12.298321646087679
60.71676886501 35.65453960985 0.0188 0.0115 169.8178 "" "" 219218811579418368 416.041626 2.363 0.0207 -1.792 -6.829 0.027 0.016 0.995 5058.9 4.4694 14.275845 1.315995 14.860121 13.544126 -8.47 3.79 411.878967 420.020294 36695.15917 14.239 15537.0 23.802 30305.0 29.928 "" "" 0.002787343900139098 0.003248325 0.003928537 0.007176862 60.71676886501 35.65453960985 416.041626 -1.7919999999999998 -6.829 -5.560500089645386 -1.4015216865539548 0.17975965 0.16875966 -28.602272727272727 5.9451485 11.308464649491313 30.75664770247375 2.025589692499156 5.578652441284772
59.01051981259 32.89397040168 0.1009 0.0687 105.9167 "" "" 218425994975675520 392.38443 2.5337 0.1282 3.787 -0.704 0.141 0.094 5.113 5444.6 4.6241 14.276535 1.380889 14.863793 13.482904 3.96 10.64 373.674805 414.143524 36671.84899 50.022 15485.0 46.321 32062.0 78.213 "" "" 0.003128118418330534 0.004281745 0.0046150503 0.008896795 59.01051981259 32.89397040168 392.38443 3.787 -0.704 0.01849991035461418 4.723478313446045 0.29375964 0.24675965 -16.172272727272723 12.795149 8.785275079067157 18.404441403644057 2.167858367768144 11.290820074520257
59.60877265508 31.14030183795 0.0174 0.0112 127.6094 "" "" 168487894828697856 351.618408 2.797 0.0218 4.139 -9.353 0.022 0.016 1.039 5280.9 4.5376 14.277035 1.42911 14.926088 13.496979 0.63 4.48 349.090515 354.483337 36654.97642 76.164 14621.0 121.09 31649.0 181.13 "" "" 0.0035610914495402745 0.009414924 0.007272866 0.01668779 59.60877265508 31.14030183795 351.618408 4.1389999999999985 -9.353 0.3704999103546145 -3.925521686553955 0.17475966 0.16875966 -19.502272727272725 6.6351485 6.5716301623970965 20.579722168198796 1.1093803371466888 6.297737373532241
