Clusters/UBC_31/UBC_31_members.tsv
# %ECSV 1.0
# ---
# datatype:
# - name: RA_ICRS_1
#   unit: deg
#   datatype: float64
#   format: '{:15.11f}'
#   description: Right ascension (ICRS) at Ep=2016.0 (ra)
#   meta: !!omap
#   - {ucd: POS_EQ_RA_MAIN}
#   - {width: 15}
#   - {precision: '11'}
# - name: DE_ICRS_1
#   unit: deg
#   datatype: float64
#   format: '{:15.11f}'
#   description: Declination (ICRS) at Ep=2016.0 (dec)
#   meta: !!omap
#   - {ucd: POS_EQ_DEC_MAIN}
#   - {width: 15}
#   - {precision: '11'}
# - name: e_RA_ICRS
#   unit: mas
#   datatype: float64
#   format: '{:7.4f}'
#   description: Standard error of right ascension (ra_error)
#   meta: !!omap
#   - {ucd: ERROR}
#   - {width: 7}
#   - {precision: '4'}
# - name: e_DE_ICRS
#   unit: mas
#   datatype: float64
#   format: '{:7.4f}'
#   description: Standard error of declination (dec_error)
#   meta: !!omap
#   - {ucd: ERROR}
#   - {width: 7}
#   - {precision: '4'}
# - name: _r_1
#   unit: ''
#   datatype: float64
#   format: '{:8.4f}'
#   description: Distance from center (061.11140951000+32.84309638000)[ICRS], at Epoch=J2016.0
#   meta: !!omap
#   - {ucd: POS_ANG_DIST_GENERAL}
#   - {width: 8}
#   - {precision: '4'}
# - name: HIP
#   datatype: int32
#   description: '? HIP cross-id number, van Leeuwen, Cat. I/311 (hip_original_ext_source_id)'
#   meta: !!omap
#   - {ucd: ID_NUMBER}
#   - {width: 6}
#   - values: {'null': -2147483648}
# - name: TYC2
#   datatype: string
#   description: Tycho-2 cross-id name, Hog et al., Cat. I/259 (tyc2_original_ext_source_id)
#   meta: !!omap
#   - {ucd: ID_CROSSID}
#   - {_votable_string_dtype: char}
# - name: Source
#   datatype: int64
#   description: Source identifier, identical to the Gaia-EDR3 source_id (id)
#   meta: !!omap
#   - {ucd: ID_MAIN}
#   - {width: 19}
# - name: rgeo
#   unit: pc
#   datatype: float64
#   format: '{:15.8f}'
#   description: '? Median of the geometric distance posterior (r_med_geo)'
#   meta: !!omap
#   - {ucd: PHYS_DISTANCE_TRUE}
#   - {width: 15}
#   - {precision: '8'}
#   - values: {'null': .nan}
# - name: Plx
#   unit: mas
#   datatype: float64
#   format: '{:9.4f}'
#   description: '? Parallax (parallax)'
#   meta: !!omap
#   - {ucd: POS_PARLX_TRIG}
#   - {width: 9}
#   - {precision: '4'}
#   - values: {'null': .nan}
# - name: e_Plx
#   unit: mas
#   datatype: float32
#   format: '{:7.4f}'
#   description: '? Standard error of parallax (parallax_error)'
#   meta: !!omap
#   - {ucd: ERROR}
#   - {width: 7}
#   - {precision: '4'}
#   - values: {'null': .nan}
# - name: pmRA
#   unit: mas / yr
#   datatype: float64
#   format: '{:9.3f}'
#   description: '? Proper motion in right ascension direction, pmRA*cosDE (pmra)'
#   meta: !!omap
#   - {ucd: POS_EQ_PMRA}
#   - {width: 9}
#   - {precision: '3'}
#   - values: {'null': .nan}
# - name: pmDE
#   unit: mas / yr
#   datatype: float64
#   format: '{:9.3f}'
#   description: '? Proper motion in declination direction (pmdec)'
#   meta: !!omap
#   - {ucd: POS_EQ_PMDEC}
#   - {width: 9}
#   - {precision: '3'}
#   - values: {'null': .nan}
# - name: e_pmRA
#   unit: mas / yr
#   datatype: float32
#   format: '{:6.3f}'
#   description: '? Standard error of proper motion in right ascension direction (pmra_error)'
#   meta: !!omap
#   - {ucd: ERROR}
#   - {width: 6}
#   - {precision: '3'}
#   - values: {'null': .nan}
# - name: e_pmDE
[...]
#         unit: &id001 !astropy.units.Unit {unit: deg}
#         value: !astropy.table.SerializedColumn {name: SkyCoord.dec}
#       distance: !astropy.table.SerializedColumn
#         __class__: astropy.coordinates.distances.Distance
#         unit: !astropy.units.Unit {unit: pc}
#         value: !astropy.table.SerializedColumn {name: SkyCoord.distance}
#       frame: icrs
#       obstime: !astropy.time.Time {format: jyear_str, in_subfmt: '*', jd1: 367701545.0, jd2: 0.0, out_subfmt: '*', precision: 3, scale: tt}
#       pm_dec: !astropy.table.SerializedColumn
#         __class__: astropy.units.quantity.Quantity
#         unit: !astropy.units.Unit {unit: mas / yr}
#         value: !astropy.table.SerializedColumn {name: SkyCoord.pm_dec}
#       pm_ra_cosdec: !astropy.table.SerializedColumn
#         __class__: astropy.units.quantity.Quantity
#         unit: !astropy.units.Unit {unit: mas / yr}
#         value: !astropy.table.SerializedColumn {name: SkyCoord.pm_ra_cosdec}
#       ra: !astropy.table.SerializedColumn
#         __class__: astropy.coordinates.angles.Longitude
#         unit: *id001
#         value: !astropy.table.SerializedColumn {name: SkyCoord.ra}
#         wrap_angle: !astropy.coordinates.Angle
#           unit: *id001
#           value: 360.0
#       representation_type: spherical
# schema: astropy-2.0
RA_ICRS_1 DE_ICRS_1 e_RA_ICRS e_DE_ICRS _r_1 HIP TYC2 Source rgeo Plx e_Plx pmRA pmDE e_pmRA e_pmDE RUWE Teff logg Gmag BP-RP BPmag RPmag RV e_RV b_rgeo B_rgeo FG e_FG FBP e_FBP FRP e_FRP RAVE5 RAVE6 e_Gmag e_BPmag e_RPmag e_BP-RP SkyCoord.ra SkyCoord.dec SkyCoord.distance SkyCoord.pm_ra_cosdec SkyCoord.pm_dec Pmemb
[from data line 40]
59.28732557227 33.6183730298 0.0426 0.0306 102.6852 "" "" 218484956286468352 345.282532 2.8538 0.051 3.361 -5.401 0.058 0.043 0.943 3514.8 4.0319 16.265696 2.834247 17.875668 15.041421 "" "" 339.225708 352.048279 5870.40855 4.0406 966.38 8.0717 7631.1 15.2 "" "" 0.002854866769909006 0.0094881505 0.0043543843 0.013842534 59.28732557227 33.6183730298 345.282532 3.3609999999999998 -5.401 0.9
61.33453946156 34.00548083148 0.0502 0.0332 70.6324 "" "" 170872666831445632 367.022186 2.6707 0.0603 3.839 -5.312 0.072 0.047 1.066 3436.4 4.0161 16.358145 2.843363 17.966549 15.123186 "" "" 358.863983 375.073303 5391.24551 4.3395 888.79 8.529 7077.6 19.159 "" "" 0.002890594553865852 0.010786067 0.004787683 0.015573749 61.33453946156 34.00548083148 367.022186 3.8390000000000004 -5.312000000000001 0.81
61.27886200733 34.32496793581 0.0497 0.0328 89.3053 "" "" 170916166259820544 356.560883 2.7608 0.0547 3.97 -5.29 0.092 0.051 1.016 3530.1 4.1114 16.363409 2.632842 17.816542 15.1837 "" "" 350.482361 365.10498 5365.16679 5.5553 1020.5 13.434 6693.9 19.218 "" "" 0.0029758434706124897 0.014562572 0.004898995 0.019461568 61.27886200733 34.32496793581 356.560883 3.9699999999999998 -5.289999999999999 0.82
60.98920027893 31.70150506369 0.0529 0.0347 68.7755 "" "" 169291672188568320 348.418671 2.8349 0.0647 3.886 -5.401 0.068 0.047 1.023 "" "" 16.383663 2.791583 17.961575 15.169992 "" "" 340.184753 358.564392 5266.0048 4.4136 892.87 9.2104 6778.9 13.626 "" "" 0.002901701036937265 0.011542228 0.004364238 0.015906466 60.98920027893 31.70150506369 348.418671 3.886 -5.401 0.87
59.61350362096 31.61495196899 0.0517 0.0331 105.875 "" "" 168586163680325248 355.821655 2.7699 0.0695 3.753 -5.466 0.086 0.048 1.002 3521.6 4.1571 16.594074 2.803749 18.176006 15.372257 "" "" 346.455414 364.752075 4338.27429 4.0012 732.85 13.37 5626.7 13.372 "" "" 0.0029316454719796646 0.020003548 0.0045761964 0.024579745 59.61350362096 31.61495196899 355.821655 3.753 -5.465999999999999 0.83
61.05735830057 34.00881719831 0.0524 0.0358 69.9956 "" "" 170886479446050176 348.780243 2.804 0.0633 3.994 -5.19 0.074 0.051 0.987 3567.8 4.285 16.753489 3.121061 18.58713 15.466068 "" "" 340.971863 357.494843 3745.8579 3.1304 501.84 9.3678 5161.0 14.169 "" "" 0.002900873284823157 0.020458492 0.0048133945 0.025271885 61.05735830057 34.00881719831 348.780243 3.9939999999999998 -5.19 0.81
