Clusters/UBC_31/UBC_31_stars_in_region.tsv
# %ECSV 1.0
# ---
# datatype:
# - name: RA_ICRS_1
#   unit: deg
#   datatype: float64
#   format: '{:15.11f}'
#   description: Right ascension (ICRS) at Ep=2016.0 (ra)
#   meta: !!omap
#   - {ucd: POS_EQ_RA_MAIN}
#   - {width: 15}
#   - {precision: '11'}
# - name: DE_ICRS_1
#   unit: deg
#   datatype: float64
#   format: '{:15.11f}'
#   description: Declination (ICRS) at Ep=2016.0 (dec)
#   meta: !!omap
#   - {ucd: POS_EQ_DEC_MAIN}
#   - {width: 15}
#   - {precision: '11'}
# - name: e_RA_ICRS
#   unit: mas
#   datatype: float64
#   format: '{:7.4f}'
#   description: Standard error of right ascension (ra_error)
#   meta: !!omap
#   - {ucd: ERROR}
#   - {width: 7}
#   - {precision: '4'}
# - name: e_DE_ICRS
#   unit: mas
#   datatype: float64
#   format: '{:7.4f}'
#   description: Standard error of declination (dec_error)
#   meta: !!omap
#   - {ucd: ERROR}
#   - {width: 7}
#   - {precision: '4'}
# - name: _r_1
#   unit: ''
#   datatype: float64
#   format: '{:8.4f}'
#   description: Distance from center (061.11140951000+32.84309638000)[ICRS], at Epoch=J2016.0
#   meta: !!omap
#   - {ucd: POS_ANG_DIST_GENERAL}
#   - {width: 8}
#   - {precision: '4'}
# - name: HIP
#   datatype: int32
#   description: '? HIP cross-id number, van Leeuwen, Cat. I/311 (hip_original_ext_source_id)'
#   meta: !!omap
#   - {ucd: ID_NUMBER}
#   - {width: 6}
#   - values: {'null': -2147483648}
# - name: TYC2
#   datatype: string
#   description: Tycho-2 cross-id name, Hog et al., Cat. I/259 (tyc2_original_ext_source_id)
#   meta: !!omap
#   - {ucd: ID_CROSSID}
#   - {_votable_string_dtype: char}
# - name: Source
#   datatype: int64
#   description: Source identifier, identical to the Gaia-EDR3 source_id (id)
#   meta: !!omap
#   - {ucd: ID_MAIN}
#   - {width: 19}
# - name: rgeo
#   unit: pc
#   datatype: float64
#   format: '{:15.8f}'
#   description: '? Median of the geometric distance posterior (r_med_geo)'
#   meta: !!omap
#   - {ucd: PHYS_DISTANCE_TRUE}
#   - {width: 15}
#   - {precision: '8'}
#   - values: {'null': .nan}
# - name: Plx
#   unit: mas
#   datatype: float64
#   format: '{:9.4f}'
#   description: '? Parallax (parallax)'
#   meta: !!omap
#   - {ucd: POS_PARLX_TRIG}
#   - {width: 9}
#   - {precision: '4'}
#   - values: {'null': .nan}
# - name: e_Plx
#   unit: mas
#   datatype: float32
#   format: '{:7.4f}'
#   description: '? Standard error of parallax (parallax_error)'
#   meta: !!omap
#   - {ucd: ERROR}
#   - {width: 7}
#   - {precision: '4'}
#   - values: {'null': .nan}
# - name: pmRA
#   unit: mas / yr
#   datatype: float64
#   format: '{:9.3f}'
#   description: '? Proper motion in right ascension direction, pmRA*cosDE (pmra)'
#   meta: !!omap
#   - {ucd: POS_EQ_PMRA}
#   - {width: 9}
#   - {precision: '3'}
#   - values: {'null': .nan}
# - name: pmDE
#   unit: mas / yr
#   datatype: float64
#   format: '{:9.3f}'
#   description: '? Proper motion in declination direction (pmdec)'
#   meta: !!omap
#   - {ucd: POS_EQ_PMDEC}
#   - {width: 9}
#   - {precision: '3'}
#   - values: {'null': .nan}
# - name: e_pmRA
#   unit: mas / yr
#   datatype: float32
#   format: '{:6.3f}'
#   description: '? Standard error of proper motion in right ascension direction (pmra_error)'
#   meta: !!omap
#   - {ucd: ERROR}
#   - {width: 6}
#   - {precision: '3'}
#   - values: {'null': .nan}
# - name: e_pmDE
[...]
#         unit: &id001 !astropy.units.Unit {unit: deg}
#         value: !astropy.table.SerializedColumn {name: SkyCoord.dec}
#       distance: !astropy.table.SerializedColumn
#         __class__: astropy.coordinates.distances.Distance
#         unit: !astropy.units.Unit {unit: pc}
#         value: !astropy.table.SerializedColumn {name: SkyCoord.distance}
#       frame: icrs
#       obstime: !astropy.time.Time {format: jyear_str, in_subfmt: '*', jd1: 367701545.0, jd2: 0.0, out_subfmt: '*', precision: 3, scale: tt}
#       pm_dec: !astropy.table.SerializedColumn
#         __class__: astropy.units.quantity.Quantity
#         unit: !astropy.units.Unit {unit: mas / yr}
#         value: !astropy.table.SerializedColumn {name: SkyCoord.pm_dec}
#       pm_ra_cosdec: !astropy.table.SerializedColumn
#         __class__: astropy.units.quantity.Quantity
#         unit: !astropy.units.Unit {unit: mas / yr}
#         value: !astropy.table.SerializedColumn {name: SkyCoord.pm_ra_cosdec}
#       ra: !astropy.table.SerializedColumn
#         __class__: astropy.coordinates.angles.Longitude
#         unit: *id001
#         value: !astropy.table.SerializedColumn {name: SkyCoord.ra}
#         wrap_angle: !astropy.coordinates.Angle
#           unit: *id001
#           value: 360.0
#       representation_type: spherical
# schema: astropy-2.0
RA_ICRS_1 DE_ICRS_1 e_RA_ICRS e_DE_ICRS _r_1 HIP TYC2 Source rgeo Plx e_Plx pmRA pmDE e_pmRA e_pmDE RUWE Teff logg Gmag BP-RP BPmag RPmag RV e_RV b_rgeo B_rgeo FG e_FG FBP e_FBP FRP e_FRP RAVE5 RAVE6 e_Gmag e_BPmag e_RPmag e_BP-RP SkyCoord.ra SkyCoord.dec SkyCoord.distance SkyCoord.pm_ra_cosdec SkyCoord.pm_dec
[from data line 1715]
60.91643507736 31.47493867435 0.0241 0.0174 82.6846 "" "" 169253670318169344 370.059357 2.6556 0.027 -0.474 -9.574 0.031 0.024 1.057 4752.7 4.5301 14.895559 1.593207 15.644063 14.050856 -7.78 5.58 366.393372 373.59613 20735.9095 7.2731 7547.3 14.112 19003.0 18.078 "" "" 0.00278151288936007 0.003450569 0.003917982 0.0073685506 60.91643507736 31.47493867435 370.059357 -0.4739999999999993 -9.574
61.14266420393 32.28528284326 0.022 0.0148 33.5061 "" "" 170157022200435072 308.627533 3.2014 0.0259 1.211 3.745 0.032 0.021 1.049 "" "" 14.8958 1.656209 15.684368 14.028159 -20.82 3.26 306.576447 310.97226 20731.32056 4.6882 7272.3 12.157 19404.0 18.194 "" "" 0.002766238255263969 0.0033285595 0.0039140917 0.007242651 61.14266420393 32.28528284326 308.627533 1.2109999999999996 3.7450000000000006
63.83357556832 32.06675337104 0.0303 0.0174 145.4732 "" "" 169495287999094528 371.033752 2.657 0.0345 6.346 2.395 0.04 0.029 1.455 "" "" 14.896443 1.571847 15.617353 14.045507 14.52 4.36 366.445374 375.621613 20719.02892 7.0984 7735.3 11.489 19097.0 17.69 "" "" 0.002780315781673655 0.0032226634 0.0039109136 0.007133577 63.83357556832 32.06675337104 371.033752 6.346000000000001 2.394999999999999
59.02121839426 34.48053406079 0.0317 0.0214 143.3388 "" "" 218854598352571904 433.039001 2.2698 0.0427 4.884 -11.135 0.052 0.031 1.449 4657.9 4.4553 14.90031 1.440613 15.553978 14.113365 6.47 10.25 425.093506 440.592682 20645.3564 4.4909 8200.2 18.076 17940.0 12.051 "" "" 0.0027654237275895987 0.0036760122 0.0038491106 0.0075251227 59.02121839426 34.48053406079 433.039001 4.884 -11.135
62.32327574657 30.77138218501 0.0887 0.0618 138.8113 "" "" 168937010969517312 336.169739 2.9313 0.1062 8.455 -20.438 0.117 0.083 3.782 "" "" 14.9047 2.22756 16.04069 13.813129 25.39 6.42 323.12149 350.24704 20562.05804 13.074 5237.7 17.048 23654.0 16.483 "" "" 0.0028404868739905077 0.0045026285 0.0038543667 0.008356995 62.32327574657 30.77138218501 336.169739 8.455 -20.437999999999995
62.9652399879 32.16212531007 0.0259 0.0145 102.3172 "" "" 169545315777979520 360.931488 2.7251 0.032 15.358 -3.111 0.044 0.023 1.007 "" "" 14.906363 1.56856 15.639244 14.070684 40.21 3.8 356.171448 365.193298 20530.61014 4.2565 7580.9 15.716 18659.0 17.689 "" "" 0.002764499830251296 0.003584878 0.003917036 0.007501914 62.9652399879 32.16212531007 360.931488 15.358 -3.111000000000001
63.06688912842 34.98367276869 0.1402 0.0758 161.1623 "" "" 176850917711588096 353.141205 2.8192 0.1649 16.937 -12.05 0.189 0.119 7.466 4437.4 4.4484 14.906613 1.713535 15.705301 13.991766 23.81 2.52 334.70993 374.661316 20525.86633 14.102 7133.4 11.632 20066.0 16.111 "" "" 0.00285450782394733 0.0033044696 0.003878615 0.0071830847 63.06688912842 34.98367276869 353.141205 16.937 -12.049999999999999
58.10461486353 34.47297652666 0.0228 0.017 179.1859 "" "" 218807113193704832 405.329895 2.423 0.028 -6.923 -9.062 0.031 0.025 0.981 4710.9 4.5627 14.908409 1.44492 15.570712 14.125792 -67.03 3.67 401.327118 410.657715 20491.93706 4.3579 8074.8 13.987 17735.0 12.606 "" "" 0.002764977919436337 0.003364824 0.0038573707 0.0072221947 58.10461486353 34.47297652666 405.329895 -6.923 -9.062000000000001
62.87304771114 33.25658233291 0.0241 0.0138 92.0026 "" "" 169942102038612352 360.099152 2.7405 0.0294 15.448 -11.832 0.032 0.019 0.997 4658.2 4.5975 14.908691 1.574365 15.647585 14.07322 4.59 4.5 356.454529 363.979584 20486.62253 4.9834 7522.9 11.338 18615.0 16.931 "" "" 0.002767949030302342 0.0032346067 0.003906266 0.0071408725 62.87304771114 33.25658233291 360.099152 15.448 -11.831999999999999
60.8671870189 30.68316316988 0.2224 0.1487 130.1933 "" "" 167667934033312384 419.504089 2.4107 0.2771 0.614 -8.567 0.287 0.2 8.909 5757.4 4.6035 14.910299 1.296497 15.426799 14.130301 -23.69 4.04 377.06781 467.248718 20456.2984 43.642 9219.3 13.754 17662.0 13.129 "" "" 0.003599612396805923 0.003226256 0.0038645961 0.007090852 60.8671870189 30.68316316988 419.504089 0.6140000000000003 -8.567
59.01344662935 35.24734958372 0.0249 0.0171 178.0007 "" "" 218960529425493504 374.905914 2.6273 0.0271 3.629 -4.55 0.035 0.025 1.083 "" "" 14.910776 1.982969 15.886869 13.9039 "" "" 371.662872 377.620697 20447.31521 307.79 6034.9 349.05 21757.0 948.28 "" "" 0.01657403562565233 0.06285938 0.04747255 0.11033193 59.01344662935 35.24734958372 374.905914 3.6289999999999996 -4.55
61.96566977334 33.76287874852 0.0894 0.0573 69.8615 "" "" 170683756987560320 404.192169 2.469 0.1074 20.771 -29.207 0.128 0.087 3.473 "" "" 14.912947 1.486231 15.498528 14.012297 48.1 6.14 386.162933 425.74646 20406.48127 26.645 8629.9 211.27 19690.0 199.96 "" "" 0.003098636396319906 0.026726129 0.0116558345 0.038381964 61.96566977334 33.76287874852 404.192169 20.771 -29.207
63.74603205677 32.89706785472 0.031 0.0144 132.8057 "" "" 169675917143015040 415.824646 2.3614 0.0307 15.688 -6.792 0.046 0.027 1.01 4818.5 4.6378 14.913103 1.532112 15.626212 14.0941 2.15 3.66 411.697937 420.04425 20403.54133 7.3411 7672.4 14.619 18261.0 17.986 "" "" 0.0027828746399786103 0.0034734462 0.0039277617 0.007401208 63.74603205677 32.89706785472 415.824646 15.688000000000002 -6.791999999999998
61.36498953374 34.66057132212 0.0219 0.0143 109.7797 "" "" 170976708118671872 363.5354 2.7122 0.0262 6.06 -17.037 0.029 0.021 1.019 4602.3 4.5802 14.913507 1.581125 15.657534 14.076408 5.46 3.9 360.22699 366.551117 20395.9434 8.4328 7454.2 13.464 18561.0 19.115 "" "" 0.002791648818562319 0.0034104132 0.0039413157 0.007351729 61.36498953374 34.66057132212 363.5354 6.0600000000000005 -17.037
60.85151856928 32.5967397069 0.0228 0.0153 19.7636 "" "" 170225363719995520 355.055786 2.7835 0.027 10.377 -20.529 0.031 0.021 1.022 4600.2 4.5731 14.913566 1.624011 15.682475 14.058464 -19.87 3.43 351.732208 358.435516 20394.8533 4.9047 7285.0 11.858 18870.0 13.721 "" "" 0.0027676642735086003 0.0033027774 0.0038609582 0.0071637356 60.85151856928 32.5967397069 355.055786 10.376999999999999 -20.529000000000003
61.40534488511 35.82049137106 0.027 0.0178 179.236 "" "" 219194587963992832 449.022766 2.1864 0.0327 4.212 -2.331 0.037 0.027 1.259 4502.7 4.4055 14.914884 1.588076 15.66059 14.072515 25.86 4.67 442.851196 456.142639 20370.10026 4.8396 7433.3 13.234 18627.0 14.972 "" "" 0.002767368636102386 0.003394344 0.0038788295 0.0072731734 61.40534488511 35.82049137106 449.022766 4.212 -2.3310000000000004
61.8628576869 30.99093686986 0.0215 0.0144 117.5335 "" "" 168999099016409472 412.064392 2.387 0.0256 -3.62 -9.266 0.029 0.019 1.052 5051.8 4.5684 14.915119 1.56894 15.648778 14.079838 24.98 5.95 408.175354 417.466217 20365.67959 5.414 7514.6 10.698 18502.0 16.577 "" "" 0.0027703966361224087 0.0031897007 0.0039025652 0.007092266 61.8628576869 30.99093686986 412.064392 -3.62 -9.265999999999998
63.27556184053 35.16440690899 0.0226 0.0142 176.0165 "" "" 176878508581331584 336.282654 2.9445 0.0274 5.158 -12.22 0.03 0.022 1.04 4583.1 4.5457 14.915283 1.610685 15.67144 14.060755 2.6 5.42 333.588837 338.812653 20362.61537 15.52 7359.4 29.384 18830.0 46.106 "" "" 0.0028769065529116733 0.0051553464 0.0046207337 0.00977608 63.27556184053 35.16440690899 336.282654 5.158 -12.22
61.81479416252 31.51847566049 0.0249 0.0144 87.1343 "" "" 169311772636848000 396.764954 2.4762 0.0316 15.168 -6.087 0.036 0.021 1.048 4715.2 4.501 14.916753 1.516447 15.620367 14.10392 39.83 3.94 391.264069 402.18869 20335.06634 5.1375 7713.8 12.744 18096.0 14.064 "" "" 0.0027689405055714607 0.0033170143 0.003872436 0.0071894503 61.81479416252 31.51847566049 396.764954 15.168000000000001 -6.086999999999998
59.94029343055 30.00427339965 0.0231 0.0145 180.5709 "" "" 167536989068727680 351.972748 2.8061 0.0297 -6.443 -10.347 0.037 0.021 0.995 4687.9 4.5218 14.917443 1.642241 15.695377 14.053136 -8.05 5.81 348.851318 355.485107 20322.13461 7.0228 7198.9 15.891 18963.0 18.383 "" "" 0.002780749185868736 0.0036781933 0.0039232057 0.007601399 59.94029343055 30.00427339965 351.972748 -6.443 -10.347
61.60061186722 34.98702618733 0.0214 0.0138 130.9211 "" "" 171081333522355712 388.035461 2.5392 0.0261 -0.669 -2.751 0.031 0.021 1.053 4662.4 4.5813 14.922319 1.516011 15.625537 14.109526 -20.73 5.18 383.869049 391.787201 20231.06899 5.8093 7677.2 17.345 18003.0 16.821 "" "" 0.00277290239120459 0.0037151321 0.0039131623 0.0076282946 61.60061186722 34.98702618733 388.035461 -0.669 -2.7509999999999994
58.54346796586 34.10956042516 0.0224 0.0168 149.2932 "" "" 218759284438213504 325.142426 3.0327 0.0273 2.668 -16.628 0.031 0.025 0.995 4549.3 4.5581 14.922348 1.67306 15.723828 14.050768 -6.75 3.19 321.990906 328.26944 20230.53414 5.5865 7012.7 16.117 19004.0 31.551 "" "" 0.0027715843586721277 0.003743205 0.004187241 0.007930446 58.54346796586 34.10956042516 325.142426 2.668 -16.628
58.10752869784 33.45414231278 0.0224 0.0155 155.2842 "" "" 217206464781552896 379.359528 2.5836 0.0288 3.467 -4.752 0.032 0.022 1.024 4279.0 4.2953 14.923401 1.91809 15.876381 13.958291 19.2 6.47 376.383392 383.664062 20210.9401 22.707 6093.5 33.06 20694.0 61.578 "" "" 0.0030132644631648275 0.006518002 0.0049720793 0.011490081 58.10752869784 33.45414231278 379.359528 3.467 -4.752
60.45644354334 34.59489659244 0.051 0.0326 110.0724 "" "" 219008048944380672 368.842072 2.6731 0.0626 10.496 -55.33 0.072 0.047 2.373 4944.3 4.6907 14.923952 1.508608 15.595956 14.087348 58.25 7.26 362.112671 376.604431 20200.67162 10.769 7889.2 11.89 18375.0 12.253 "" "" 0.0028154585987618702 0.0032346023 0.003848104 0.0070827063 60.45644354334 34.59489659244 368.842072 10.496000000000004 -55.33
61.25184821538 32.55512080957 0.0789 0.0492 18.677 "" "" 170180283743196544 366.025787 2.7255 0.0906 -10.092 -25.481 0.102 0.067 3.652 4439.6 4.4201 14.924041 1.62628 15.692606 14.066326 -37.27 3.77 353.314697 381.429504 20199.0227 4.1704 7217.3 10.019 18734.0 20.679 "" "" 0.0027644240346830526 0.003171235 0.0039648497 0.007136085 61.25184821538 32.55512080957 366.025787 -10.091999999999997 -25.480999999999998
62.52743593817 30.03386455695 0.0239 0.0145 183.4743 "" "" 165871194592871680 355.181702 2.7763 0.0283 -28.709 3.982 0.035 0.021 0.969 4734.9 4.4728 14.924543 1.701532 15.739902 14.03837 -59.23 3.65 352.291992 358.650879 20189.68519 4.2811 6909.6 14.203 19223.0 13.644 "" "" 0.002764921766060677 0.003572939 0.0038571486 0.007430088 62.52743593817 30.03386455695 355.181702 -28.709 3.9819999999999993
58.82472572359 32.42535327908 0.0228 0.0156 118.2258 "" "" 168872620818935552 322.960724 3.0517 0.0279 -0.438 -11.435 0.034 0.023 0.986 4728.5 4.6348 14.926122 1.714596 15.749379 14.034783 12.82 4.02 320.165222 325.912445 20160.3536 6.5822 6849.6 14.961 19286.0 25.766 "" "" 0.0027780296351294564 0.0036618265 0.0040481836 0.00771001 58.82472572359 32.42535327908 322.960724 -0.43800000000000017 -11.435000000000002
57.69974449575 32.15797233422 0.0217 0.016 177.4583 "" "" 216841942316819200 425.973694 2.307 0.0301 1.676 -5.262 0.031 0.022 1.014 4915.2 4.5145 14.926814 1.559659 15.653318 14.093659 -19.33 4.82 420.755768 431.279694 20147.49516 5.158 7483.2 13.655 18268.0 16.486 "" "" 0.0027693053225938736 0.003422018 0.003904329 0.007326347 57.69974449575 32.15797233422 425.973694 1.676 -5.261999999999999
61.94726035047 29.96774008469 0.024 0.0151 177.7498 "" "" 165881502514460672 409.092468 2.4075 0.0292 9.608 -5.015 0.032 0.02 1.087 4708.6 4.4099 14.92791 1.621698 15.688829 14.067131 2.48 3.17 403.176971 414.027252 20127.17598 9.8518 7242.4 13.604 18720.0 24.787 "" "" 0.002806104328197838 0.003456055 0.0040435707 0.007499626 61.94726035047 29.96774008469 409.092468 9.608 -5.015000000000001
58.36229531646 32.18640401648 0.2413 0.1646 144.5597 "" "" 216878123122045696 320.792297 3.1813 0.3212 -1.179 -1.861 0.375 0.248 11.687 5185.9 4.6614 14.92799 1.542238 15.557414 14.015176 28.39 4.03 291.389404 353.502991 20125.6808 64.668 8174.3 14.273 19638.0 25.973 "" "" 0.004445536065731132 0.0033732844 0.0040429905 0.007416275 58.36229531646 32.18640401648 320.792297 -1.179 -1.8609999999999998
60.13811920629 32.81457796381 0.0221 0.0147 49.1006 "" "" 170342221189155072 336.897827 2.9307 0.0265 -28.852 13.038 0.034 0.022 0.999 4575.5 4.5507 14.930254 1.653849 15.7196 14.065751 -31.95 4.72 333.442566 340.339417 20083.7718 4.8035 7040.1 10.615 18744.0 13.007 "" "" 0.0027675300525453 0.003234969 0.003853748 0.007088717 60.13811920629 32.81457796381 336.897827 -28.851999999999997 13.037999999999998
60.15145425793 31.0350103888 0.0225 0.0151 118.9858 "" "" 167747305027856000 452.920441 2.1682 0.0279 9.535 -8.817 0.032 0.022 1.005 5108.6 4.5443 14.934931 1.441089 15.590521 14.149432 27.5 4.52 446.634796 459.59967 19997.442 5.1805 7928.8 9.4488 17353.0 17.278 "" "" 0.002769639242491428 0.0030755764 0.003930952 0.0070065283 60.15145425793 31.0350103888 452.920441 9.535 -8.817000000000002
60.29087734435 35.8625085433 0.0371 0.0228 185.6657 "" "" 219321753355079936 352.355499 2.7978 0.0429 6.892 -5.637 0.052 0.033 1.765 4478.7 4.3945 14.937005 1.705261 15.750422 14.04516 -19.54 5.33 346.389526 356.608276 19959.27883 6.1244 6843.0 16.481 19103.0 19.1 "" "" 0.0027753882543336827 0.0038239963 0.0039321976 0.007756194 60.29087734435 35.8625085433 352.355499 6.892000000000001 -5.637
58.00795227873 33.05829832717 0.0227 0.0153 156.7807 "" "" 216980343343245312 364.974976 2.698 0.0295 -3.781 1.584 0.03 0.021 1.021 4562.5 4.521 14.939025 1.534482 15.652888 14.118406 15.91 4.79 360.997314 368.781952 19922.16986 4.4459 7486.2 15.206 17856.0 15.239 "" "" 0.002765953191796397 0.0035564904 0.0038913148 0.0074478053 58.00795227873 33.05829832717 364.974976 -3.7809999999999997 1.5839999999999996
61.30848956244 31.59722191777 0.0251 0.0154 75.4188 "" "" 169275282593515904 367.856384 2.6824 0.0326 24.6 -8.975 0.035 0.022 1.049 4609.2 4.4712 14.943068 1.719467 15.767171 14.047704 -68.9 3.97 362.735565 372.263367 19848.14151 4.3768 6738.3 14.664 19058.0 18.194 "" "" 0.0027657027192194397 0.0036562083 0.0039189397 0.007575148 61.30848956244 31.59722191777 367.856384 24.6 -8.975000000000001
62.90964241427 30.81970881754 0.0294 0.0156 152.1169 "" "" 166028184237689472 449.469238 2.1745 0.0343 29.984 -46.11 0.042 0.026 1.125 4785.2 4.4885 14.947118 1.516983 15.649873 14.13289 27.26 4.54 443.691101 455.419067 19774.23665 4.623 7507.0 13.007 17620.0 30.817 "" "" 0.0027669876617447994 0.0033651094 0.004229617 0.007594726 62.90964241427 30.81970881754 449.469238 29.984000000000005 -46.11
62.11642986488 34.38251768133 0.1023 0.0646 105.1327 "" "" 170816110702468480 394.652222 2.4693 0.1231 1.733 -11.979 0.127 0.089 4.422 "" "" 14.947817 1.76744 15.718802 13.951363 -1.14 3.64 379.171356 418.734253 19761.51152 21.65 7045.2 19.012 20826.0 31.485 "" "" 0.003001113783675287 0.0040459363 0.004120439 0.008166375 62.11642986488 34.38251768133 394.652222 1.7329999999999999 -11.979000000000001
60.99251082958 30.63091423065 0.0229 0.0143 132.8695 "" "" 167664085741933696 398.723083 2.4691 0.0281 10.72 5.802 0.032 0.021 0.993 "" "" 14.947983 1.596663 15.697371 14.100709 -4.1 6.67 393.255005 402.3909 19758.49166 4.3043 7185.7 14.609 18150.0 13.995 "" "" 0.002765453389200302 0.0035577442 0.003870995 0.007428739 60.99251082958 30.63091423065 398.723083 10.72 5.802000000000001
61.417357229 35.80832246077 0.0229 0.0158 178.5579 "" "" 219194519244517248 348.367584 2.8252 0.0269 -18.331 -2.634 0.031 0.023 0.987 4629.0 4.6454 14.950167 1.489145 15.63321 14.144065 -72.21 3.55 345.377747 350.814911 19718.7801 4.4199 7623.1 11.982 17439.0 18.064 "" "" 0.002766046916088237 0.0032706882 0.003943166 0.007213854 61.417357229 35.80832246077 348.367584 -18.330999999999996 -2.6340000000000003
