Clusters/UBC_31/UBC_31_stars_in_region.tsv
# %ECSV 1.0
# ---
# datatype:
# - name: RA_ICRS_1
#   unit: deg
#   datatype: float64
#   format: '{:15.11f}'
#   description: Right ascension (ICRS) at Ep=2016.0 (ra)
#   meta: !!omap
#   - {ucd: POS_EQ_RA_MAIN}
#   - {width: 15}
#   - {precision: '11'}
# - name: DE_ICRS_1
#   unit: deg
#   datatype: float64
#   format: '{:15.11f}'
#   description: Declination (ICRS) at Ep=2016.0 (dec)
#   meta: !!omap
#   - {ucd: POS_EQ_DEC_MAIN}
#   - {width: 15}
#   - {precision: '11'}
# - name: e_RA_ICRS
#   unit: mas
#   datatype: float64
#   format: '{:7.4f}'
#   description: Standard error of right ascension (ra_error)
#   meta: !!omap
#   - {ucd: ERROR}
#   - {width: 7}
#   - {precision: '4'}
# - name: e_DE_ICRS
#   unit: mas
#   datatype: float64
#   format: '{:7.4f}'
#   description: Standard error of declination (dec_error)
#   meta: !!omap
#   - {ucd: ERROR}
#   - {width: 7}
#   - {precision: '4'}
# - name: _r_1
#   unit: ''
#   datatype: float64
#   format: '{:8.4f}'
#   description: Distance from center (061.11140951000+32.84309638000)[ICRS], at Epoch=J2016.0
#   meta: !!omap
#   - {ucd: POS_ANG_DIST_GENERAL}
#   - {width: 8}
#   - {precision: '4'}
# - name: HIP
#   datatype: int32
#   description: '? HIP cross-id number, van Leeuwen, Cat. I/311 (hip_original_ext_source_id)'
#   meta: !!omap
#   - {ucd: ID_NUMBER}
#   - {width: 6}
#   - values: {'null': -2147483648}
# - name: TYC2
#   datatype: string
#   description: Tycho-2 cross-id name, Hog et al., Cat. I/259 (tyc2_original_ext_source_id)
#   meta: !!omap
#   - {ucd: ID_CROSSID}
#   - {_votable_string_dtype: char}
# - name: Source
#   datatype: int64
#   description: Source identifier, identical to the Gaia-EDR3 source_id (id)
#   meta: !!omap
#   - {ucd: ID_MAIN}
#   - {width: 19}
# - name: rgeo
#   unit: pc
#   datatype: float64
#   format: '{:15.8f}'
#   description: '? Median of the geometric distance posterior (r_med_geo)'
#   meta: !!omap
#   - {ucd: PHYS_DISTANCE_TRUE}
#   - {width: 15}
#   - {precision: '8'}
#   - values: {'null': .nan}
# - name: Plx
#   unit: mas
#   datatype: float64
#   format: '{:9.4f}'
#   description: '? Parallax (parallax)'
#   meta: !!omap
#   - {ucd: POS_PARLX_TRIG}
#   - {width: 9}
#   - {precision: '4'}
#   - values: {'null': .nan}
# - name: e_Plx
#   unit: mas
#   datatype: float32
#   format: '{:7.4f}'
#   description: '? Standard error of parallax (parallax_error)'
#   meta: !!omap
#   - {ucd: ERROR}
#   - {width: 7}
#   - {precision: '4'}
#   - values: {'null': .nan}
# - name: pmRA
#   unit: mas / yr
#   datatype: float64
#   format: '{:9.3f}'
#   description: '? Proper motion in right ascension direction, pmRA*cosDE (pmra)'
#   meta: !!omap
#   - {ucd: POS_EQ_PMRA}
#   - {width: 9}
#   - {precision: '3'}
#   - values: {'null': .nan}
# - name: pmDE
#   unit: mas / yr
#   datatype: float64
#   format: '{:9.3f}'
#   description: '? Proper motion in declination direction (pmdec)'
#   meta: !!omap
#   - {ucd: POS_EQ_PMDEC}
#   - {width: 9}
#   - {precision: '3'}
#   - values: {'null': .nan}
# - name: e_pmRA
#   unit: mas / yr
#   datatype: float32
#   format: '{:6.3f}'
#   description: '? Standard error of proper motion in right ascension direction (pmra_error)'
#   meta: !!omap
#   - {ucd: ERROR}
#   - {width: 6}
#   - {precision: '3'}
#   - values: {'null': .nan}
# - name: e_pmDE
[...]
#         unit: &id001 !astropy.units.Unit {unit: deg}
#         value: !astropy.table.SerializedColumn {name: SkyCoord.dec}
#       distance: !astropy.table.SerializedColumn
#         __class__: astropy.coordinates.distances.Distance
#         unit: !astropy.units.Unit {unit: pc}
#         value: !astropy.table.SerializedColumn {name: SkyCoord.distance}
#       frame: icrs
#       obstime: !astropy.time.Time {format: jyear_str, in_subfmt: '*', jd1: 367701545.0, jd2: 0.0, out_subfmt: '*', precision: 3, scale: tt}
#       pm_dec: !astropy.table.SerializedColumn
#         __class__: astropy.units.quantity.Quantity
#         unit: !astropy.units.Unit {unit: mas / yr}
#         value: !astropy.table.SerializedColumn {name: SkyCoord.pm_dec}
#       pm_ra_cosdec: !astropy.table.SerializedColumn
#         __class__: astropy.units.quantity.Quantity
#         unit: !astropy.units.Unit {unit: mas / yr}
#         value: !astropy.table.SerializedColumn {name: SkyCoord.pm_ra_cosdec}
#       ra: !astropy.table.SerializedColumn
#         __class__: astropy.coordinates.angles.Longitude
#         unit: *id001
#         value: !astropy.table.SerializedColumn {name: SkyCoord.ra}
#         wrap_angle: !astropy.coordinates.Angle
#           unit: *id001
#           value: 360.0
#       representation_type: spherical
# schema: astropy-2.0
RA_ICRS_1 DE_ICRS_1 e_RA_ICRS e_DE_ICRS _r_1 HIP TYC2 Source rgeo Plx e_Plx pmRA pmDE e_pmRA e_pmDE RUWE Teff logg Gmag BP-RP BPmag RPmag RV e_RV b_rgeo B_rgeo FG e_FG FBP e_FBP FRP e_FRP RAVE5 RAVE6 e_Gmag e_BPmag e_RPmag e_BP-RP SkyCoord.ra SkyCoord.dec SkyCoord.distance SkyCoord.pm_ra_cosdec SkyCoord.pm_dec
[from data line 1916]
61.38812111638 32.62215908995 0.0262 0.0181 19.2557 "" "" 170192618889213824 328.564087 3.004 0.0308 12.179 -15.47 0.035 0.025 1.049 4497.0 4.6071 15.18125 1.785049 16.049992 14.264943 21.7 4.91 325.130402 332.222687 15938.48028 5.8621 5193.0 11.864 15602.0 20.746 "" "" 0.0027841071981429453 0.0037333455 0.00404574 0.007779085 61.38812111638 32.62215908995 328.564087 12.179000000000002 -15.47
61.93134937433 33.94208829765 0.0274 0.0164 77.6856 "" "" 170706365697881088 337.114899 2.9198 0.0333 28.493 -20.45 0.042 0.024 1.006 4469.9 4.6167 15.181511 1.739904 16.022017 14.282113 -17.73 5.62 333.209869 341.555054 15934.64226 4.641 5328.6 14.552 15357.0 12.233 "" "" 0.0027734070072654164 0.0040714424 0.0038770773 0.00794852 61.93134937433 33.94208829765 337.114899 28.493000000000002 -20.450000000000003
63.39428703199 33.24214444392 0.0271 0.0149 117.2865 "" "" 169886954658396288 320.896942 3.0763 0.0325 7.728 13.748 0.042 0.025 1.006 4360.0 4.5609 15.185199 1.772198 16.045921 14.273724 -9.06 5.77 317.678497 324.213623 15880.60719 4.0419 5212.5 10.905 15476.0 14.056 "" "" 0.002769142983281867 0.0035978535 0.003905912 0.0075037656 63.39428703199 33.24214444392 320.896942 7.7280000000000015 13.748
61.22230321742 31.42620228684 0.0266 0.0178 85.2001 "" "" 169225632771630464 388.125336 2.5399 0.0308 -3.945 1.295 0.04 0.025 1.104 4736.2 4.5928 15.186399 1.660917 15.976826 14.315908 -24.22 4.81 383.81546 392.535431 15863.05837 7.0282 5555.0 16.072 14887.0 20.884 "" "" 0.0027969964646827 0.004201529 0.00407475 0.008276279 61.22230321742 31.42620228684 388.125336 -3.945 1.2950000000000004
58.6497177889 34.0481360939 0.0261 0.0184 142.8797 "" "" 218746502615542528 439.630127 2.2419 0.0327 -7.734 -2.996 0.035 0.027 1.052 4683.9 4.4956 15.187304 1.533809 15.898038 14.364229 "" "" 433.916382 444.891968 15849.84168 4.3978 5973.1 13.121 14239.0 10.384 "" "" 0.0027717402871734777 0.0036706065 0.003861432 0.0075320387 58.6497177889 34.0481360939 439.630127 -7.734000000000001 -2.9959999999999996
58.63523050285 34.3793466691 0.0299 0.021 154.2818 "" "" 218772478577374720 390.785461 2.509 0.0375 3.537 -4.575 0.04 0.028 1.079 4019.6 4.1429 15.187892 2.249963 16.355028 14.105065 -43.89 8.8 385.097168 396.167725 15841.27059 62.165 3921.1 56.427 18077.0 162.92 "" "" 0.005073982005217682 0.015871573 0.010489758 0.026361331 58.63523050285 34.3793466691 390.785461 3.5370000000000004 -4.575000000000001
60.19338437876 31.55819879777 0.0259 0.0173 90.087 "" "" 168527820844732416 420.269714 2.3323 0.0314 9.618 -4.934 0.037 0.024 1.06 4560.5 4.442 15.188648 1.657291 15.974258 14.316967 7.06 5.43 415.198853 424.805359 15830.24468 7.3319 5568.2 12.365 14872.0 22.208 "" "" 0.0028008328580389316 0.0036875654 0.004112463 0.0078000287 60.19338437876 31.55819879777 420.269714 9.618 -4.934
58.2338233198 34.55153939778 0.0268 0.0188 176.4561 "" "" 218831749126565120 354.607758 2.7787 0.0328 19.608 -5.726 0.043 0.028 1.012 "" "" 15.189351 1.657153 15.980492 14.323339 2.21 5.65 349.978058 359.113281 15819.99581 5.5706 5536.3 13.908 14785.0 13.803 "" "" 0.0027817176732212023 0.0039018537 0.0039129476 0.007814801 58.2338233198 34.55153939778 354.607758 19.608000000000004 -5.725999999999999
64.62859414296 32.8587190063 0.028 0.0209 177.2783 "" "" 175641557995935616 403.070282 2.4383 0.0315 21.098 -8.551 0.037 0.032 0.99 4634.6 4.5985 15.190837 1.576668 15.928615 14.351947 "" "" 398.291199 407.935547 15798.36288 6.2081 5807.3 19.108 14401.0 19.855 "" "" 0.002788156902989279 0.0045329235 0.0040650372 0.008597961 64.62859414296 32.8587190063 403.070282 21.097999999999995 -8.551000000000002
58.23532997829 32.88979817401 0.0271 0.0185 144.9663 "" "" 216962991675380480 405.212128 2.4377 0.0351 41.444 -26.668 0.037 0.026 0.99 4593.9 4.5793 15.19171 1.587545 15.937154 14.349608 "" "" 399.930176 413.109131 15785.64917 4.0686 5761.8 15.81 14432.0 13.709 "" "" 0.002769494316314457 0.0040817414 0.0039175753 0.007999317 58.23532997829 32.88979817401 405.212128 41.444 -26.668
61.49189864695 30.76330249371 0.026 0.0165 126.2866 "" "" 168982881219963136 414.442291 2.3726 0.0305 -1.49 -5.426 0.041 0.023 1.063 5022.2 4.6314 15.19667 1.726629 16.028744 14.302115 5.46 5.75 409.537537 420.650024 15713.7159 6.5523 5295.7 9.6363 15077.0 20.999 "" "" 0.0027922667788736464 0.0034188102 0.0040706834 0.0074894936 61.49189864695 30.76330249371 414.442291 -1.4899999999999998 -5.426000000000002
61.70959420013 33.78243387133 0.0269 0.0164 63.8439 "" "" 170697878842621184 353.742523 2.782 0.032 3.852 -5.498 0.036 0.023 1.044 4014.0 4.2252 15.197528 2.200782 16.33389 14.133109 121.3 8.63 350.374939 357.08786 15701.29375 19.462 3998.2 21.889 17616.0 61.095 "" "" 0.003066420047548634 0.0065663774 0.0053350464 0.011901423 61.70959420013 33.78243387133 353.742523 3.8520000000000003 -5.498
60.60283500517 34.58347515896 0.3929 0.2241 107.4629 "" "" 219001383155124224 397.308563 2.6882 0.4475 3.832 -10.751 0.564 0.316 14.633 5188.8 4.705 15.200304 1.287587 15.708009 14.420422 "" "" 334.737457 492.823486 15661.21 40.71 7115.6 12.004 13520.0 13.556 "" "" 0.003944243013124665 0.0033376536 0.003933044 0.0072706975 60.60283500517 34.58347515896 397.308563 3.832 -10.750999999999998
63.7566006476 31.27455263412 0.0269 0.0158 164.1535 "" "" 166432048604412288 435.682709 2.2478 0.0296 5.856 -0.591 0.037 0.027 1.037 4639.3 4.5179 15.201192 1.48524 15.882183 14.396943 "" "" 429.576691 441.257629 15648.40721 3.8174 6061.0 9.8165 13816.0 12.865 "" "" 0.0027680213118217384 0.0032980735 0.0039122696 0.007210343 63.7566006476 31.27455263412 435.682709 5.856 -0.5909999999999997
58.84596107714 30.98871714283 0.0227 0.0159 160.2764 "" "" 168446800580534784 307.970825 3.2098 0.0284 9.876 0.389 0.037 0.023 1.031 4547.1 4.6083 15.202439 1.860148 16.120441 14.260294 -19.63 3.58 305.016724 310.741943 15630.43531 4.2109 4866.8 11.287 15669.0 18.202 "" "" 0.002770802509178907 0.0037583876 0.00398428 0.0077426676 58.84596107714 30.98871714283 307.970825 9.876 0.38899999999999946
60.76597174282 32.8646736716 0.0255 0.0153 17.4593 "" "" 170249552975415552 371.354004 2.6447 0.0292 3.729 -5.082 0.035 0.022 1.05 "" "" 15.203744 2.000654 16.205412 14.204758 70.81 8.98 367.457458 375.268066 15611.65955 13.106 4500.4 15.033 16491.0 41.235 "" "" 0.0029021678968932253 0.0045758537 0.0046533914 0.009229245 60.76597174282 32.8646736716 371.354004 3.729 -5.082
59.45247449893 34.93630152096 0.031 0.0206 150.3282 "" "" 218896345434510464 306.854462 3.2199 0.0368 -26.958 -16.814 0.04 0.03 1.226 4311.0 4.5322 15.204158 1.789317 16.06692 14.277602 -5.87 6.99 302.906616 310.491028 15605.71185 4.9162 5112.7 13.02 15421.0 14.451 "" "" 0.0027764684743301292 0.003928093 0.0039139385 0.007842031 59.45247449893 34.93630152096 306.854462 -26.958000000000002 -16.814000000000004
62.1220888541 34.74709981291 0.0295 0.0183 124.8593 "" "" 171036116106970880 414.681458 2.3824 0.0347 13.42 -12.527 0.041 0.026 1.178 4544.4 4.5485 15.204948 1.61657 15.958191 14.34162 "" "" 408.924072 420.141815 15594.35635 6.1899 5651.2 9.5636 14538.0 14.573 "" "" 0.0027888203479881158 0.0033408243 0.0039329673 0.0072737914 62.1220888541 34.74709981291 414.681458 13.419999999999998 -12.526999999999997
63.81040193151 33.9410149443 0.0468 0.0245 150.3935 "" "" 175946569394722304 385.435974 2.5596 0.0509 20.211 -32.609 0.064 0.042 1.622 4442.7 4.3552 15.205861 1.781047 16.026386 14.245339 17.03 7.92 378.027008 392.90448 15581.25444 6.768 5307.2 12.335 15886.0 14.992 "" "" 0.0027953898840465128 0.0037620398 0.0039158147 0.0076778545 63.81040193151 33.9410149443 385.435974 20.211 -32.609
62.04488078264 33.05015304695 0.028 0.0184 48.6149 "" "" 170583151676715648 350.060913 2.8135 0.0342 18.433 -19.807 0.04 0.027 0.999 4580.8 4.646 15.208679 1.781287 16.071365 14.290078 36.03 4.81 344.657715 354.057007 15540.86229 4.4296 5091.8 13.676 15245.0 17.189 "" "" 0.002772644754984077 0.004035971 0.0039727017 0.008008673 62.04488078264 33.05015304695 350.060913 18.433 -19.807000000000002
59.8783440051 30.81953318146 0.0239 0.0157 136.7165 "" "" 168465148682085760 371.94519 2.6419 0.0288 14.585 -1.589 0.036 0.023 1.023 4519.0 4.5612 15.210044 1.707786 16.025457 14.317672 -8.84 5.09 367.600433 376.607147 15521.3391 3.9948 5311.7 8.585 14862.0 11.512 "" "" 0.0027694542223396256 0.003296122 0.003871823 0.0071679447 59.8783440051 30.81953318146 371.94519 14.585000000000003 -1.5889999999999997
64.25340093167 32.75294226244 0.0311 0.0161 158.5531 "" "" 169643859507387904 371.037079 2.662 0.0347 14.863 -11.334 0.045 0.029 1.108 4177.5 4.4253 15.213042 1.786207 16.07929 14.293083 36.61 10.41 366.824982 376.211639 15478.53566 5.0943 5054.8 11.689 15203.0 16.687 "" "" 0.002778395164232726 0.0037534977 0.0039628167 0.0077163144 64.25340093167 32.75294226244 371.037079 14.863 -11.334000000000001
63.81499489294 33.42235172966 0.0274 0.0169 140.2108 "" "" 169915026564865664 432.232483 2.2696 0.0335 1.308 -1.331 0.041 0.034 1.001 4739.5 4.5446 15.213839 1.54127 15.929097 14.387827 "" "" 425.916748 437.417664 15467.18645 6.1859 5804.7 15.566 13932.0 17.906 "" "" 0.002789326386211136 0.0040326254 0.004028767 0.008061392 63.81499489294 33.42235172966 432.232483 1.3080000000000003 -1.331
61.89713054314 35.33577790838 0.0254 0.0165 154.571 "" "" 171116273077724416 343.358704 2.8703 0.0315 10.812 -18.28 0.037 0.025 0.991 "" "" 15.215179 1.654643 15.994779 14.340136 18.01 5.41 339.662659 346.817719 15448.09479 4.1302 5463.9 16.96 14558.0 21.62 "" "" 0.002770569106380677 0.0043752557 0.004108969 0.008484225 61.89713054314 35.33577790838 343.358704 10.812000000000001 -18.28
64.48780655126 31.78103530228 0.03 0.0157 182.676 "" "" 166516985875269888 322.494293 3.0525 0.0337 8.959 -11.72 0.037 0.026 1.034 4504.8 4.6412 15.215693 1.760278 16.069416 14.309138 34.28 15.17 319.400665 325.827942 15440.78644 5.6039 5100.9 12.111 14980.0 16.297 "" "" 0.0027833541749005923 0.0037987307 0.003959664 0.007758395 64.48780655126 31.78103530228 322.494293 8.959 -11.719999999999999
61.52131977756 30.81396770862 0.0268 0.0172 123.5276 "" "" 168983499695243264 451.934631 2.1609 0.0314 -3.22 5.584 0.036 0.023 1.05 5105.4 4.6011 15.215733 1.578651 15.954442 14.375791 "" "" 446.173004 460.201538 15440.23285 4.6472 5670.7 16.684 14088.0 14.973 "" "" 0.0027746310937352674 0.004241364 0.003951621 0.008192984 61.52131977756 30.81396770862 451.934631 -3.2200000000000006 5.5840000000000005
62.72584090904 32.66217352404 0.0266 0.0177 82.1848 "" "" 169782535412896384 347.586304 2.8427 0.0332 3.791 -5.838 0.037 0.024 1.038 5894.3 4.4536 15.216136 2.183287 16.344551 14.161264 -5.52 10.48 343.990967 351.023193 15434.48586 21.598 3959.1 22.835 17165.0 58.561 "" "" 0.0031464399952117303 0.0068556936 0.005291926 0.01214762 62.72584090904 32.66217352404 347.586304 3.7910000000000004 -5.838000000000001
60.99687477042 34.01427158818 0.0242 0.0158 70.5042 "" "" 170881566003472896 373.884216 2.6317 0.0304 0.297 -15.595 0.035 0.023 0.989 4499.5 4.5794 15.216778 1.666681 15.993604 14.326922 -30.2 11.47 370.240082 377.35141 15425.3691 4.6124 5469.9 9.8386 14736.0 11.743 "" "" 0.0027743805036788975 0.0034057063 0.003877154 0.0072828606 60.99687477042 34.01427158818 373.884216 0.29700000000000015 -15.595
62.84687763335 31.23431592146 0.0322 0.0201 130.7954 "" "" 169066993860771968 305.242126 3.2323 0.0369 6.487 -9.571 0.049 0.031 1.131 "" "" 15.216969 2.103746 16.300545 14.196798 11.59 4.49 301.617493 309.668243 15422.66307 5.1937 4122.9 11.287 16613.0 17.033 "" "" 0.00277947381090938 0.004076753 0.003939912 0.008016665 62.84687763335 31.23431592146 305.242126 6.486999999999998 -9.570999999999998
63.72801977808 30.93566456288 0.0253 0.0148 175.6776 "" "" 165995370687611648 440.849609 2.2259 0.029 -23.48 -24.233 0.034 0.024 0.945 4672.5 4.552 15.218229 1.422115 15.86247 14.440354 "" "" 435.631805 447.000641 15404.76088 3.4946 6172.0 12.47 13274.0 15.466 "" "" 0.002766306881704962 0.0035492384 0.0039854767 0.0075347153 63.72801977808 30.93566456288 440.849609 -23.480000000000008 -24.232999999999997
61.91607774351 30.34606888455 0.0264 0.0163 155.3613 "" "" 168899593214376192 400.868469 2.4521 0.0315 12.92 -17.101 0.039 0.022 1.019 5221.5 4.5676 15.21888 1.882756 16.151121 14.268365 -90.15 5.23 396.601532 405.520355 15395.53675 3.5931 4731.2 9.0471 15553.0 10.685 "" "" 0.002766947532159013 0.0034778614 0.0038522857 0.007330147 61.91607774351 30.34606888455 400.868469 12.92 -17.101
60.15289082126 34.18357627971 0.0249 0.0172 93.6363 "" "" 218608926222612224 397.895538 2.4711 0.0294 -3.806 -17.31 0.034 0.025 0.961 4602.8 4.6602 15.219268 1.646934 16.00545 14.358515 "" "" 393.257385 402.378906 15390.02889 3.8304 5410.5 10.674 14314.0 12.6 "" "" 0.002768539710292352 0.0035175416 0.003898351 0.0074158926 60.15289082126 34.18357627971 397.895538 -3.8059999999999987 -17.310000000000002
59.26041264737 34.96392056592 0.028 0.0214 157.1195 "" "" 218903251741939328 391.875854 2.5118 0.0349 12.314 -17.213 0.039 0.03 1.082 4492.6 4.6052 15.21999 1.601538 15.973266 14.371728 "" "" 385.018311 397.843475 15379.80585 4.6879 5573.3 13.123 14141.0 15.13 "" "" 0.002775123775889136 0.0037842721 0.003953885 0.007738157 59.26041264737 34.96392056592 391.875854 12.314 -17.213
58.53103605017 30.78904837495 0.0276 0.0179 180.2551 "" "" 168418247638001408 372.484222 2.6529 0.0369 9.304 -21.986 0.043 0.027 1.128 4525.2 4.486 15.221725 1.777149 16.080591 14.303442 66.76 10.19 366.996643 377.509766 15355.25243 3.8179 5048.7 9.5654 15058.0 13.592 "" "" 0.0027685131900435814 0.0034664914 0.0039043808 0.0073708724 58.53103605017 30.78904837495 372.484222 9.304 -21.986000000000004
62.05678748738 35.43977453497 0.025 0.0162 162.7174 "" "" 171118751277191040 419.05368 2.3409 0.0295 20.478 -25.826 0.034 0.023 1.002 4579.1 4.6352 15.22205 1.607712 15.979966 14.372254 "" "" 412.717957 424.708221 15350.65149 3.819 5539.0 10.226 14134.0 17.977 "" "" 0.0027685286686138654 0.0034355395 0.0040237717 0.0074593113 62.05678748738 35.43977453497 419.05368 20.478000000000005 -25.826
61.43913401781 34.33315354268 0.0259 0.017 90.8914 "" "" 170921285860797440 402.449554 2.4399 0.0324 11.677 -12.116 0.039 0.024 0.959 4512.9 4.6651 15.224976 1.610882 15.985414 14.374533 "" "" 396.820709 407.919342 15309.33721 5.5929 5511.3 11.592 14104.0 16.595 "" "" 0.002783723909643271 0.003605563 0.003989451 0.007595014 61.43913401781 34.33315354268 402.449554 11.677000000000001 -12.116
60.30807489812 35.81612130646 0.2113 0.1501 182.7661 "" "" 219321439819858688 421.20108 2.5154 0.2565 2.382 -1.041 0.298 0.214 6.111 "" "" 15.231082 1.259172 15.105843 13.84667 6.19 6.6 370.45694 460.546478 15223.4862 20.698 12390.0 20.846 22935.0 22.84 "" "" 0.003125842155997003 0.003334968 0.0039310055 0.0072659734 60.30807489812 35.81612130646 421.20108 2.3820000000000006 -1.041
63.97600495727 31.33320328989 0.0342 0.0166 171.4877 "" "" 166386448932211200 334.464447 2.9229 0.038 4.492 -6.526 0.05 0.03 1.135 "" "" 15.232807 2.891439 16.818813 13.927375 "" "" 330.156677 338.865265 15199.31687 14.172 2557.9 16.211 21292.0 50.243 "" "" 0.0029354122602702907 0.0074251597 0.004565928 0.011991087 63.97600495727 31.33320328989 334.464447 4.492000000000001 -6.526
58.89316703805 30.78226985914 0.0254 0.0178 167.5635 "" "" 168408695630707840 334.251648 2.9551 0.0338 22.939 3.8 0.039 0.025 1.001 5272.2 4.629 15.233965 1.891772 16.166504 14.274732 -15.29 4.75 330.445068 338.547028 15183.105 3.3737 4664.6 8.7405 15462.0 12.306 "" "" 0.00276586184104386 0.0034531173 0.0038769105 0.007330028 58.89316703805 30.78226985914 334.251648 22.938999999999997 3.7999999999999994
