Clusters/UBC_31/UBC_31_members.tsv
# %ECSV 1.0
# ---
# datatype:
# - name: RA_ICRS_1
#   unit: deg
#   datatype: float64
#   format: '{:15.11f}'
#   description: Right ascension (ICRS) at Ep=2016.0 (ra)
#   meta: !!omap
#   - {ucd: POS_EQ_RA_MAIN}
#   - {width: 15}
#   - {precision: '11'}
# - name: DE_ICRS_1
#   unit: deg
#   datatype: float64
#   format: '{:15.11f}'
#   description: Declination (ICRS) at Ep=2016.0 (dec)
#   meta: !!omap
#   - {ucd: POS_EQ_DEC_MAIN}
#   - {width: 15}
#   - {precision: '11'}
# - name: e_RA_ICRS
#   unit: mas
#   datatype: float64
#   format: '{:7.4f}'
#   description: Standard error of right ascension (ra_error)
#   meta: !!omap
#   - {ucd: ERROR}
#   - {width: 7}
#   - {precision: '4'}
# - name: e_DE_ICRS
#   unit: mas
#   datatype: float64
#   format: '{:7.4f}'
#   description: Standard error of declination (dec_error)
#   meta: !!omap
#   - {ucd: ERROR}
#   - {width: 7}
#   - {precision: '4'}
# - name: _r_1
#   unit: ''
#   datatype: float64
#   format: '{:8.4f}'
#   description: Distance from center (061.11140951000+32.84309638000)[ICRS], at Epoch=J2016.0
#   meta: !!omap
#   - {ucd: POS_ANG_DIST_GENERAL}
#   - {width: 8}
#   - {precision: '4'}
# - name: HIP
#   datatype: int32
#   description: '? HIP cross-id number, van Leeuwen, Cat. I/311 (hip_original_ext_source_id)'
#   meta: !!omap
#   - {ucd: ID_NUMBER}
#   - {width: 6}
#   - values: {'null': -2147483648}
# - name: TYC2
#   datatype: string
#   description: Tycho-2 cross-id name, Hog et al., Cat. I/259 (tyc2_original_ext_source_id)
#   meta: !!omap
#   - {ucd: ID_CROSSID}
#   - {_votable_string_dtype: char}
# - name: Source
#   datatype: int64
#   description: Source identifier, identical to the Gaia-EDR3 source_id (id)
#   meta: !!omap
#   - {ucd: ID_MAIN}
#   - {width: 19}
# - name: rgeo
#   unit: pc
#   datatype: float64
#   format: '{:15.8f}'
#   description: '? Median of the geometric distance posterior (r_med_geo)'
#   meta: !!omap
#   - {ucd: PHYS_DISTANCE_TRUE}
#   - {width: 15}
#   - {precision: '8'}
#   - values: {'null': .nan}
# - name: Plx
#   unit: mas
#   datatype: float64
#   format: '{:9.4f}'
#   description: '? Parallax (parallax)'
#   meta: !!omap
#   - {ucd: POS_PARLX_TRIG}
#   - {width: 9}
#   - {precision: '4'}
#   - values: {'null': .nan}
# - name: e_Plx
#   unit: mas
#   datatype: float32
#   format: '{:7.4f}'
#   description: '? Standard error of parallax (parallax_error)'
#   meta: !!omap
#   - {ucd: ERROR}
#   - {width: 7}
#   - {precision: '4'}
#   - values: {'null': .nan}
# - name: pmRA
#   unit: mas / yr
#   datatype: float64
#   format: '{:9.3f}'
#   description: '? Proper motion in right ascension direction, pmRA*cosDE (pmra)'
#   meta: !!omap
#   - {ucd: POS_EQ_PMRA}
#   - {width: 9}
#   - {precision: '3'}
#   - values: {'null': .nan}
# - name: pmDE
#   unit: mas / yr
#   datatype: float64
#   format: '{:9.3f}'
#   description: '? Proper motion in declination direction (pmdec)'
#   meta: !!omap
#   - {ucd: POS_EQ_PMDEC}
#   - {width: 9}
#   - {precision: '3'}
#   - values: {'null': .nan}
# - name: e_pmRA
#   unit: mas / yr
#   datatype: float32
#   format: '{:6.3f}'
#   description: '? Standard error of proper motion in right ascension direction (pmra_error)'
#   meta: !!omap
#   - {ucd: ERROR}
#   - {width: 6}
#   - {precision: '3'}
#   - values: {'null': .nan}
# - name: e_pmDE
[...]
#         unit: &id001 !astropy.units.Unit {unit: deg}
#         value: !astropy.table.SerializedColumn {name: SkyCoord.dec}
#       distance: !astropy.table.SerializedColumn
#         __class__: astropy.coordinates.distances.Distance
#         unit: !astropy.units.Unit {unit: pc}
#         value: !astropy.table.SerializedColumn {name: SkyCoord.distance}
#       frame: icrs
#       obstime: !astropy.time.Time {format: jyear_str, in_subfmt: '*', jd1: 367701545.0, jd2: 0.0, out_subfmt: '*', precision: 3, scale: tt}
#       pm_dec: !astropy.table.SerializedColumn
#         __class__: astropy.units.quantity.Quantity
#         unit: !astropy.units.Unit {unit: mas / yr}
#         value: !astropy.table.SerializedColumn {name: SkyCoord.pm_dec}
#       pm_ra_cosdec: !astropy.table.SerializedColumn
#         __class__: astropy.units.quantity.Quantity
#         unit: !astropy.units.Unit {unit: mas / yr}
#         value: !astropy.table.SerializedColumn {name: SkyCoord.pm_ra_cosdec}
#       ra: !astropy.table.SerializedColumn
#         __class__: astropy.coordinates.angles.Longitude
#         unit: *id001
#         value: !astropy.table.SerializedColumn {name: SkyCoord.ra}
#         wrap_angle: !astropy.coordinates.Angle
#           unit: *id001
#           value: 360.0
#       representation_type: spherical
# schema: astropy-2.0
RA_ICRS_1 DE_ICRS_1 e_RA_ICRS e_DE_ICRS _r_1 HIP TYC2 Source rgeo Plx e_Plx pmRA pmDE e_pmRA e_pmDE RUWE Teff logg Gmag BP-RP BPmag RPmag RV e_RV b_rgeo B_rgeo FG e_FG FBP e_FBP FRP e_FRP RAVE5 RAVE6 e_Gmag e_BPmag e_RPmag e_BP-RP SkyCoord.ra SkyCoord.dec SkyCoord.distance SkyCoord.pm_ra_cosdec SkyCoord.pm_dec Pmemb
61.49802461935 33.01513006443 0.017 0.0104 22.037 "" 2362-1759-1 170220072320010752 349.342957 2.8315 0.0209 3.88 -5.275 0.028 0.015 1.004 "" "" 10.147686 0.341113 10.264475 9.923362 16.97 1.41 346.686829 352.207001 1643887.82101 362.75 1070600.0 449.1 850770.0 157.4 "" "" 0.0027657169699894122 0.002827098 0.0037847161 0.006611814 61.49802461935 33.01513006443 349.342957 3.88 -5.275000000000001 0.83
61.57018983043 33.54897791838 0.0153 0.0102 48.2114 "" 2362-54-1 170659017978660608 359.50589 2.751 0.0191 3.914 -5.395 0.019 0.014 1.092 "" "" 10.709857 0.466057 10.877871 10.411814 15.93 1.81 357.066925 361.698761 979498.99097 225.48 608510.0 261.47 542540.0 181.7 "" "" 0.0027666328392608815 0.002828904 0.0037968338 0.006625738 61.57018983043 33.54897791838 359.50589 3.9140000000000006 -5.395 0.83
60.97752245512 32.2355407907 0.0182 0.0112 37.077 "" 2362-3057-1 170063494992055296 349.515442 2.8295 0.0226 3.771 -5.522 0.026 0.017 1.284 7488.5 4.219 10.907909 0.609978 11.136837 10.526859 19.37 0.74 347.560516 351.714752 816174.66426 260.51 479380.0 373.39 487990.0 230.22 "" "" 0.002777028291461074 0.0029155149 0.0038139345 0.006729449 60.97752245512 32.2355407907 349.515442 3.771 -5.522 0.91
59.42151779185 32.8823261513 0.019 0.0116 85.1994 "" 2361-2338-1 170390015585048192 348.398071 2.8368 0.0231 3.753 -5.586 0.028 0.016 1.092 "" "" 11.069797 0.805236 11.386388 10.581152 20.48 1.83 345.653473 350.30191 703117.54719 186.87 380940.0 195.18 464190.0 173.36 "" "" 0.0027703891792927463 0.002845085 0.0038010718 0.006646157 59.42151779185 32.8823261513 348.398071 3.753 -5.586 0.87
63.53947835585 31.33085741127 0.0213 0.0124 153.1831 "" "" 166441978568551040 359.660278 2.7374 0.0235 3.683 -5.576 0.027 0.02 1.145 6784.9 4.1159 11.235743 0.802795 11.551901 10.749105 20.22 1.46 355.799744 363.377228 603461.59033 182.63 327080.0 136.12 397660.0 129.2 "" "" 0.002774843605684315 0.0028265198 0.0037958086 0.0066223284 63.53947835585 31.33085741127 359.660278 3.683 -5.5760000000000005 0.92
59.30389435758 32.01181861752 0.0182 0.0118 104.2438 "" "" 168797819668765440 367.89682 2.6708 0.0221 3.668 -5.287 0.03 0.017 1.041 "" "" 11.260452 0.702499 11.526686 10.824186 17.72 4.26 364.902008 371.848907 589883.15112 236.06 334770.0 335.28 371090.0 244.72 "" "" 0.002789367632253476 0.0029945725 0.0038466072 0.00684118 59.30389435758 32.01181861752 367.89682 3.668 -5.287000000000001 0.85
60.23391135171 31.71700948664 0.0221 0.015 80.9091 "" 2357-1345-1 170033498940384640 364.000336 2.7025 0.0264 3.752 -5.397 0.028 0.02 1.304 6263.3 3.8335 11.377637 1.126342 11.852142 10.725801 21.34 1.16 361.391174 367.21582 529531.83176 480.81 248060.0 694.5 406290.0 883.17 "" "" 0.0029263743120716123 0.004126162 0.004455766 0.008581928 60.23391135171 31.71700948664 364.000336 3.7520000000000002 -5.397 0.91
61.33281498146 34.31946737368 0.0192 0.0124 89.2708 "" "" 170915960101380224 352.755951 2.7908 0.0216 3.736 -5.336 0.029 0.019 1.196 5970.6 4.1163 11.647598 0.996937 12.044907 11.04797 29.36 15.55 350.545258 355.25705 412959.56013 349.4 207710.0 550.86 301970.0 705.25 "" "" 0.0029044219297937324 0.0040095174 0.0045512277 0.008560745 61.33281498146 34.31946737368 352.755951 3.7359999999999998 -5.336000000000001 0.84
61.0408873624 34.89642234827 0.0155 0.0096 123.2496 "" 2366-2227-1 219032581794191232 352.929016 2.7833 0.0184 3.933 -5.425 0.02 0.013 1.253 6299.0 4.1972 11.725514 0.883146 12.079837 11.196691 17.67 1.71 350.569794 355.380432 384362.46723 120.94 201130.0 155.25 263320.0 124.48 "" "" 0.0027764183768559545 0.0029133153 0.0038140747 0.00672739 61.0408873624 34.89642234827 352.929016 3.933 -5.425000000000001 0.9
60.97453199297 34.3810895188 0.015 0.0084 92.5327 "" 2366-2920-1 170943104294742656 365.472443 2.7012 0.0173 3.441 -5.47 0.021 0.012 1.04 6280.8 4.1533 11.960421 0.973256 12.359494 11.386238 16.35 1.59 363.017181 368.164124 309583.92626 114.3 155460.0 201.79 221140.0 186.76 "" "" 0.0027843271568589304 0.0031258906 0.0038890238 0.0070149144 60.97453199297 34.3810895188 365.472443 3.441 -5.470000000000001 0.82
60.6952195168 31.98400661289 0.0127 0.0082 55.6894 "" "" 170064250906098560 377.499451 2.6283 0.0161 3.797 -5.462 0.017 0.012 0.915 5106.1 4.1377 12.775681 1.345387 13.375998 12.030611 24.99 4.08 374.907532 379.674225 146107.99334 175.83 60956.0 241.12 122160.0 428.44 "" "" 0.003049425841386279 0.005121542 0.0053650546 0.010486597 60.6952195168 31.98400661289 377.499451 3.797 -5.462 0.86
61.20120082292 34.97063281 0.0118 0.0075 127.7304 "" "" 171089992176509824 353.234955 2.7921 0.0146 3.58 -5.133 0.015 0.011 0.954 5347.9 4.3824 13.047055 1.005148 13.463723 12.458575 -40.54 1.54 351.462128 355.31366 113795.38043 18.783 56225.0 28.438 82362.0 28.646 "" "" 0.0027611421521222938 0.0028436978 0.0037982007 0.0066418983 61.20120082292 34.97063281 353.234955 3.58 -5.133000000000001 0.84
59.95671317805 32.47458426053 0.032 0.0193 62.3779 "" "" 170307895810677632 346.894501 2.8357 0.0407 3.433 -5.37 0.043 0.027 2.363 4897.4 4.2245 13.25952 1.48102 13.90054 12.41952 15.53 2.49 341.913208 352.168823 93570.49847 152.32 37601.0 200.87 85379.0 341.88 "" "" 0.003273468992364979 0.0064363736 0.005760653 0.012197027 59.95671317805 32.47458426053 346.894501 3.4330000000000003 -5.37 0.88
64.20106295652 32.23283798003 0.0157 0.0091 160.5063 "" "" 166594707603193472 355.611237 2.7693 0.0167 3.835 -5.564 0.019 0.015 1.006 4842.6 4.1949 13.562648 1.544977 14.279629 12.734652 21.1 3.27 353.603485 357.722015 70776.25044 78.561 26520.0 105.23 63870.0 176.36 "" "" 0.003007356575884289 0.0051327543 0.0048240605 0.009956814 64.20106295652 32.23283798003 355.611237 3.8350000000000004 -5.564 0.91
62.68494716803 33.67673860047 0.0276 0.0153 93.4562 "" "" 170717601333293696 365.515564 2.7026 0.0333 4.015 -5.631 0.037 0.022 1.883 "" "" 13.856113 1.751704 14.693423 12.941719 7.98 4.03 361.56601 369.773407 54013.37563 38.005 18115.0 47.417 52780.0 106.54 "" "" 0.0028592666537698482 0.0039826953 0.0043688645 0.00835156 62.68494716803 33.67673860047 365.515564 4.015000000000001 -5.631 0.91
58.76526924192 31.53369199774 0.0163 0.0114 142.6989 "" "" 168668420893860608 363.326721 2.7108 0.0207 3.677 -5.491 0.022 0.016 1.011 4821.9 4.2646 14.051102 1.636584 14.805984 13.169399 16.88 5.53 360.645935 366.229736 45134.22465 79.938 16331.0 108.34 42796.0 208.76 "" "" 0.0033599981706252282 0.007724321 0.006506457 0.014230778 58.76526924192 31.53369199774 363.326721 3.6770000000000005 -5.491 0.93
61.54601042089 34.20656693429 0.019 0.0117 84.6468 "" "" 170904861906231296 344.894714 2.8563 0.0261 3.865 -5.527 0.03 0.018 1.028 4501.0 4.1706 14.166552 1.771421 15.021187 13.249765 -14.0 6.71 342.135986 348.472137 40581.32145 59.561 13395.0 77.35 39742.0 140.9 "" "" 0.0031829429385455714 0.006862456 0.0053945435 0.0122569995 61.54601042089 34.20656693429 344.894714 3.865 -5.527 0.83
63.49269828611 32.10936000894 0.0207 0.0125 128.3175 "" "" 169504496409025152 347.598206 2.8296 0.0242 3.799 -5.469 0.033 0.025 0.978 4615.5 4.3264 14.336366 1.65957 15.114053 13.454483 16.83 4.45 345.277954 350.812012 34705.68001 86.595 12297.0 117.02 32913.0 226.58 "" "" 0.00386402977945786 0.010702134 0.008375615 0.019077748 63.49269828611 32.10936000894 347.598206 3.799 -5.468999999999999 0.92
63.11668724453 31.2423027483 0.0197 0.0115 140.0881 "" "" 169069742639811968 360.25296 2.7371 0.0229 3.62 -5.525 0.027 0.02 1.082 4263.3 4.2548 14.549974 1.792867 15.421579 13.628713 30.42 8.82 356.40921 363.554199 28507.35249 21.425 9263.7 35.601 28033.0 65.266 "" "" 0.0028736108782198735 0.005019488 0.004546809 0.009566297 63.11668724453 31.2423027483 360.25296 3.62 -5.525 0.92
61.86134063074 33.98092049833 0.0226 0.0132 77.9187 "" "" 170707499569245824 350.375336 2.8136 0.0272 3.734 -5.513 0.037 0.02 1.069 5516.2 4.4376 14.576633 1.894044 15.510562 13.616518 -18.62 6.06 347.421204 353.38916 27815.94483 28.981 8534.8 52.723 28350.0 74.999 "" "" 0.0029784944560356363 0.00726426 0.0047469693 0.01201123 61.86134063074 33.98092049833 350.375336 3.734 -5.513 0.89
61.13827184005 31.56985366839 0.0205 0.0131 76.4067 "" "" 169277172379154944 380.166809 2.582 0.0237 3.521 -5.355 0.028 0.018 1.091 4439.9 4.2089 14.685407 1.961556 15.584053 13.622497 18.67 7.04 377.082825 383.477875 25164.25796 18.384 7976.2 27.784 28194.0 63.876 "" "" 0.0028672196295346916 0.004699859 0.0045093787 0.009209238 61.13827184005 31.56985366839 380.166809 3.521 -5.355 0.84
60.97072188669 31.20904646278 0.0199 0.0128 98.3038 "" "" 169239720264748800 361.420898 2.7199 0.0239 3.764 -5.293 0.028 0.018 0.99 4449.9 4.1647 14.714172 2.045094 15.744657 13.699563 46.72 5.14 357.98587 365.140869 24506.29317 41.697 6879.5 49.752 26262.0 119.18 "" "" 0.0033173072294339313 0.008332965 0.0062097497 0.014542715 60.97072188669 31.20904646278 361.420898 3.7639999999999993 -5.293 0.9
61.64108674745 33.27979986423 0.0241 0.0153 37.3626 "" "" 170646579753471488 365.550903 2.6972 0.0281 3.648 -5.267 0.031 0.022 0.965 4963.8 4.2383 15.004081 2.163291 16.11559 13.952298 -27.45 6.5 361.122467 369.940125 18763.5179 16.739 4888.6 27.066 20808.0 47.699 "" "" 0.0029206085090815776 0.0066272183 0.004525288 0.011152506 61.64108674745 33.27979986423 365.550903 3.6479999999999997 -5.267000000000001 0.85
61.23448133829 31.37075056605 0.0234 0.0153 88.5619 "" "" 169224876857398400 355.944427 2.7649 0.0276 3.658 -5.399 0.032 0.021 1.006 4181.5 4.2137 15.04554 2.031791 16.072622 14.040832 22.27 5.33 352.727692 359.846283 18060.54532 21.426 5085.9 32.434 19179.0 69.438 "" "" 0.0030415253039304544 0.007465039 0.0054530688 0.012918107 61.23448133829 31.37075056605 355.944427 3.6579999999999995 -5.399000000000001 0.9
59.6063588394 32.48118365388 0.0243 0.0169 79.0628 "" "" 170316691903765504 351.452942 2.798 0.029 3.872 -5.28 0.032 0.024 0.973 4195.5 4.2934 15.057353 2.191305 16.195164 14.003859 24.92 6.99 347.720062 355.1409 17865.10051 11.574 4543.1 16.755 19843.0 42.656 "" "" 0.002843687904862012 0.004880442 0.0044419803 0.009322422 59.6063588394 32.48118365388 351.452942 3.8720000000000003 -5.28 0.84
61.7634139332 33.90349780707 0.027 0.0161 71.521 "" "" 170701108657762560 357.239471 2.7598 0.0325 3.81 -5.35 0.036 0.022 0.986 4726.1 4.429 15.117673 1.960319 16.088015 14.127695 "" "" 353.046356 361.362701 16899.65168 39.956 5014.3 46.578 17704.0 97.046 "" "" 0.003765814704113216 0.01046428 0.007050159 0.01751444 61.7634139332 33.90349780707 357.239471 3.8100000000000005 -5.35 0.93
61.70959420013 33.78243387133 0.0269 0.0164 63.8439 "" "" 170697878842621184 353.742523 2.782 0.032 3.852 -5.498 0.036 0.023 1.044 4014.0 4.2252 15.197528 2.200782 16.33389 14.133109 121.3 8.63 350.374939 357.08786 15701.29375 19.462 3998.2 21.889 17616.0 61.095 "" "" 0.003066420047548634 0.0065663774 0.0053350464 0.011901423 61.70959420013 33.78243387133 353.742523 3.8520000000000003 -5.498 0.87
63.97070407697 33.17702570396 0.0299 0.016 145.2476 "" "" 169720687881995776 354.23465 2.7765 0.0327 4.018 -5.868 0.042 0.028 1.059 6023.9 4.4513 15.426606 2.299144 16.63812 14.338977 -19.47 14.66 350.06485 358.399658 12714.64486 17.646 3021.1 21.885 14574.0 58.841 "" "" 0.003140437488767425 0.008345375 0.0057878494 0.014133224 63.97070407697 33.17702570396 354.23465 4.018000000000001 -5.868 0.84
60.37970715927 33.97543581551 0.0291 0.0206 77.1935 "" "" 170569442138824448 344.146759 2.8593 0.0347 4.015 -5.349 0.042 0.03 1.023 6015.0 4.4927 15.440118 2.176074 16.562927 14.386853 21.38 8.39 339.158478 348.956329 12557.39918 24.338 3237.8 32.497 13945.0 65.282 "" "" 0.0034669734915376404 0.011248798 0.0063338876 0.017582685 60.37970715927 33.97543581551 344.146759 4.014999999999999 -5.348999999999999 0.89
63.26902097197 31.28351171232 0.0329 0.02 144.189 "" "" 166068522570432256 359.226654 2.7314 0.0378 3.947 -5.598 0.045 0.033 0.975 4663.1 4.2542 15.570146 2.210146 16.717596 14.50745 "" "" 353.866241 363.630127 11140.08793 19.485 2807.9 22.442 12479.0 68.719 "" "" 0.0033463674670698926 0.009115228 0.0070732585 0.016188487 63.26902097197 31.28351171232 359.226654 3.947 -5.597999999999999 0.89
60.02737112644 32.17693333638 0.0325 0.0225 67.8676 "" "" 170106169786672384 357.185577 2.7606 0.0395 3.827 -5.501 0.043 0.033 1.066 3746.8 4.1217 15.621099 2.430615 16.920809 14.490193 "" "" 350.656525 363.787872 10629.36919 17.24 2328.6 21.926 12679.0 48.835 "" "" 0.0032699900810481647 0.010597161 0.005636644 0.016233806 60.02737112644 32.17693333638 357.185577 3.826999999999999 -5.501 0.88
59.82286860005 32.56812696761 0.033 0.0203 67.114 "" "" 170321296108632064 358.34668 2.7278 0.0397 3.773 -5.445 0.048 0.03 1.083 3627.3 4.0513 15.625524 2.838348 17.233913 14.395565 "" "" 353.803497 363.800446 10586.12269 18.256 1745.2 21.833 13833.0 60.836 "" "" 0.0033313031017575766 0.013866515 0.0060896506 0.019956166 59.82286860005 32.56812696761 358.34668 3.7729999999999992 -5.445 0.84
60.61627943682 30.99651751321 0.0327 0.0208 113.6274 "" "" 167734695004022016 359.291168 2.7268 0.0412 3.574 -5.368 0.052 0.03 1.001 4161.2 4.3755 15.658157 2.420498 16.963179 14.542681 "" "" 354.697266 364.928711 10272.68019 7.2802 2239.5 14.847 12081.0 23.67 "" "" 0.0028607432784209354 0.0077198627 0.004336928 0.01205679 60.61627943682 30.99651751321 359.291168 3.5740000000000007 -5.368000000000001 0.8
61.46314338088 32.55780413085 0.035 0.0226 24.6657 "" "" 170188392641405696 344.435883 2.859 0.0439 3.723 -5.567 0.046 0.032 1.084 3775.8 4.2161 15.665376 2.410337 16.951653 14.541316 "" "" 340.24704 348.784119 10204.60806 12.894 2263.4 17.003 12096.0 51.133 "" "" 0.0030779603567612727 0.008620258 0.0059455046 0.014565763 61.46314338088 32.55780413085 344.435883 3.722999999999999 -5.567000000000001 0.9
59.00002277836 31.02711805377 0.0355 0.0258 153.0615 "" "" 168448209329793024 355.72229 2.7724 0.0418 3.734 -5.411 0.057 0.037 1.04 3732.4 4.0223 15.773877 2.606247 17.205826 14.599579 "" "" 350.163696 359.963287 9234.13049 9.1947 1791.0 11.773 11464.0 36.377 "" "" 0.002959825452412232 0.0076630185 0.005114016 0.012777034 59.00002277836 31.02711805377 355.72229 3.7340000000000004 -5.410999999999999 0.9
60.5515992735 32.16642698336 0.042 0.0258 49.5052 "" "" 170070229500546304 361.794586 2.7092 0.0528 3.603 -5.244 0.061 0.038 0.971 3633.7 4.0259 15.928586 2.541508 17.297401 14.755894 "" "" 353.405365 368.978271 8007.78124 31.009 1646.1 32.955 9926.6 107.52 "" "" 0.005026771546265781 0.021914838 0.012352529 0.034267366 60.5515992735 32.16642698336 361.794586 3.6029999999999998 -5.244000000000001 0.83
62.21226131853 33.65594011928 0.0403 0.0226 73.6862 "" "" 170637440062774528 363.130096 2.6995 0.0463 3.813 -5.297 0.059 0.032 1.013 3874.8 4.5013 15.947253 2.333778 17.181335 14.847557 "" "" 357.083496 371.184387 7871.2848 5.2614 1831.8 7.75 9122.9 15.783 "" "" 0.002849295599596408 0.005374542 0.004220426 0.009594968 62.21226131853 33.65594011928 363.130096 3.813 -5.296999999999999 0.81
61.76254310169 30.80273932177 0.036 0.0236 126.8412 "" "" 168995216366192000 350.810242 2.7935 0.0429 3.798 -5.674 0.051 0.032 0.981 "" "" 15.963845 2.702672 17.476854 14.774182 "" "" 344.935242 357.746155 7751.90697 7.4397 1395.3 10.277 9760.8 30.545 "" "" 0.0029457716849059555 0.008469703 0.0050821034 0.013551806 61.76254310169 30.80273932177 350.810242 3.7979999999999996 -5.6739999999999995 0.81
62.83094424218 34.48992133686 0.047 0.028 130.9017 "" "" 170829648439510656 337.107483 2.9369 0.0545 3.885 -5.461 0.062 0.04 1.001 3565.6 4.1929 16.222107 3.018384 17.975498 14.957114 "" "" 330.664032 343.398285 6110.88643 3.4426 881.49 7.6247 8247.3 13.227 "" "" 0.002822394631444013 0.009797101 0.0041612326 0.013958333 62.83094424218 34.48992133686 337.107483 3.885 -5.460999999999999 0.85
