Clusters/UBC_415/UBC_415_stars_in_region.tsv
# %ECSV 1.0
# ---
# datatype:
# - name: RA_ICRS_1
#   unit: deg
#   datatype: float64
#   format: '{:15.11f}'
#   description: Right ascension (ICRS) at Ep=2016.0 (ra)
#   meta: !!omap
#   - {ucd: POS_EQ_RA_MAIN}
#   - {width: 15}
#   - {precision: '11'}
# - name: DE_ICRS_1
#   unit: deg
#   datatype: float64
#   format: '{:15.11f}'
#   description: Declination (ICRS) at Ep=2016.0 (dec)
#   meta: !!omap
#   - {ucd: POS_EQ_DEC_MAIN}
#   - {width: 15}
#   - {precision: '11'}
# - name: e_RA_ICRS
#   unit: mas
#   datatype: float64
#   format: '{:7.4f}'
#   description: Standard error of right ascension (ra_error)
#   meta: !!omap
#   - {ucd: ERROR}
#   - {width: 7}
#   - {precision: '4'}
# - name: e_DE_ICRS
#   unit: mas
#   datatype: float64
#   format: '{:7.4f}'
#   description: Standard error of declination (dec_error)
#   meta: !!omap
#   - {ucd: ERROR}
#   - {width: 7}
#   - {precision: '4'}
# - name: _r_1
#   unit: ''
#   datatype: float64
#   format: '{:7.4f}'
#   description: Distance from center (042.55542516000+72.90119812000)[ICRS], at Epoch=J2016.0
#   meta: !!omap
#   - {ucd: POS_ANG_DIST_GENERAL}
#   - {width: 7}
#   - {precision: '4'}
# - name: HIP
#   datatype: int32
#   description: '? HIP cross-id number, van Leeuwen, Cat. I/311 (hip_original_ext_source_id)'
#   meta: !!omap
#   - {ucd: ID_NUMBER}
#   - {width: 6}
#   - values: {'null': -2147483648}
# - name: TYC2
#   datatype: string
#   description: Tycho-2 cross-id name, Hog et al., Cat. I/259 (tyc2_original_ext_source_id)
#   meta: !!omap
#   - {ucd: ID_CROSSID}
#   - {_votable_string_dtype: char}
# - name: Source
#   datatype: int64
#   description: Source identifier, identical to the Gaia-EDR3 source_id (id)
#   meta: !!omap
#   - {ucd: ID_MAIN}
#   - {width: 19}
# - name: rgeo
#   unit: pc
#   datatype: float64
#   format: '{:15.8f}'
#   description: '? Median of the geometric distance posterior (r_med_geo)'
#   meta: !!omap
#   - {ucd: PHYS_DISTANCE_TRUE}
#   - {width: 15}
#   - {precision: '8'}
#   - values: {'null': .nan}
# - name: Plx
#   unit: mas
#   datatype: float64
#   format: '{:9.4f}'
#   description: '? Parallax (parallax)'
#   meta: !!omap
#   - {ucd: POS_PARLX_TRIG}
#   - {width: 9}
#   - {precision: '4'}
#   - values: {'null': .nan}
# - name: e_Plx
#   unit: mas
#   datatype: float32
#   format: '{:7.4f}'
#   description: '? Standard error of parallax (parallax_error)'
#   meta: !!omap
#   - {ucd: ERROR}
#   - {width: 7}
#   - {precision: '4'}
#   - values: {'null': .nan}
# - name: pmRA
#   unit: mas / yr
#   datatype: float64
#   format: '{:9.3f}'
#   description: '? Proper motion in right ascension direction, pmRA*cosDE (pmra)'
#   meta: !!omap
#   - {ucd: POS_EQ_PMRA}
#   - {width: 9}
#   - {precision: '3'}
#   - values: {'null': .nan}
# - name: pmDE
#   unit: mas / yr
#   datatype: float64
#   format: '{:9.3f}'
#   description: '? Proper motion in declination direction (pmdec)'
#   meta: !!omap
#   - {ucd: POS_EQ_PMDEC}
#   - {width: 9}
#   - {precision: '3'}
#   - values: {'null': .nan}
# - name: e_pmRA
#   unit: mas / yr
#   datatype: float32
#   format: '{:6.3f}'
#   description: '? Standard error of proper motion in right ascension direction (pmra_error)'
#   meta: !!omap
#   - {ucd: ERROR}
#   - {width: 6}
#   - {precision: '3'}
#   - values: {'null': .nan}
# - name: e_pmDE
[...]
#         value: !astropy.table.SerializedColumn {name: SkyCoord.dec}
#       distance: !astropy.table.SerializedColumn
#         __class__: astropy.coordinates.distances.Distance
#         unit: !astropy.units.Unit {unit: pc}
#         value: !astropy.table.SerializedColumn {name: SkyCoord.distance}
#       frame: icrs
#       obstime: !astropy.time.Time {format: jyear_str, in_subfmt: '*', jd1: 367701545.0, jd2: 0.0, out_subfmt: '*', precision: 3, scale: tt}
#       pm_dec: !astropy.table.SerializedColumn
#         __class__: astropy.units.quantity.Quantity
#         unit: !astropy.units.Unit {unit: mas / yr}
#         value: !astropy.table.SerializedColumn {name: SkyCoord.pm_dec}
#       pm_ra_cosdec: !astropy.table.SerializedColumn
#         __class__: astropy.units.quantity.Quantity
#         unit: !astropy.units.Unit {unit: mas / yr}
#         value: !astropy.table.SerializedColumn {name: SkyCoord.pm_ra_cosdec}
#       ra: !astropy.table.SerializedColumn
#         __class__: astropy.coordinates.angles.Longitude
#         unit: *id001
#         value: !astropy.table.SerializedColumn {name: SkyCoord.ra}
#         wrap_angle: !astropy.coordinates.Angle
#           unit: *id001
#           value: 360.0
#       representation_type: spherical
# schema: astropy-2.0
RA_ICRS_1 DE_ICRS_1 e_RA_ICRS e_DE_ICRS _r_1 HIP TYC2 Source rgeo Plx e_Plx pmRA pmDE e_pmRA e_pmDE RUWE Teff logg Gmag BP-RP BPmag RPmag RV e_RV b_rgeo B_rgeo FG e_FG FBP e_FBP FRP e_FRP RAVE5 RAVE6 e_Gmag e_BPmag e_RPmag e_BP-RP SkyCoord.ra SkyCoord.dec SkyCoord.distance SkyCoord.pm_ra_cosdec SkyCoord.pm_dec rmRA rmDE e_rmRA e_rmDE rRV e_rRV v_pec v_pec3d e_vpec e_vpec3d
[from data line 315]
42.42799476697 72.16812712082 0.0149 0.0162 44.0441 "" "" 545712226736142720 884.672058 1.0971 0.021 1.031 -1.033 0.017 0.02 1.049 5762.9 4.311 14.95976 1.202499 15.480846 14.278347 "" "" 868.269958 901.905701 19545.32815 3.8723 8771.6 11.272 15411.0 15.29 "" "" 0.0027637039508859027 0.0031195707 0.0039298995 0.00704947 42.42799476697 72.16812712082 884.672058 1.0310000000000004 -1.0330000000000001 2.3592500505447385 0.59800004196167 0.13876283 0.14176284 "" "" 10.206007700568637 "" 1.418081653113887 ""
42.03686199688 72.69479003357 0.0143 0.0164 15.4286 "" "" 545744146932688000 1058.4624 0.9139 0.021 -1.586 0.931 0.018 0.022 0.962 6486.1 4.2017 14.975285 1.405392 15.606333 14.200941 -39.09 5.71 1036.48035 1082.46692 19267.84316 4.3588 7814.2 11.484 16549.0 12.03 "" "" 0.002766246018823402 0.0032142017 0.0038609134 0.007075115 42.03686199688 72.69479003357 1058.4624 -1.5859999999999999 0.9310000000000013 -0.2577499494552613 2.56200004196167 0.13976283 0.14376283 -13.604444444444447 8.408889 12.918725991800702 18.760980515239666 1.8567219229644125 6.230265994861727
42.59961557057 72.417669842 0.0195 0.022 29.0225 "" "" 545725283436615040 871.193665 1.1292 0.0279 -0.062 4.638 0.023 0.027 1.312 5509.9 3.8596 14.976751 1.544668 15.689311 14.144643 -57.71 4.88 850.985046 892.699585 19241.82255 5.1099 7239.2 14.32 17430.0 13.193 "" "" 0.0027703652914718223 0.003521041 0.003867699 0.00738874 42.59961557057 72.417669842 871.193665 -0.0619999999999985 4.6380000000000035 1.2662500505447387 6.26900004196167 0.14476283 0.14876284 -32.224444444444444 7.578889 26.410377986115805 41.66440789357982 3.924795246028111 6.367835751908674
42.04154833293 73.15267487753 0.0148 0.0163 17.5691 "" "" 545982362998184704 724.30072 1.3527 0.0203 17.419 -12.789 0.019 0.023 1.043 5550.1 4.4379 14.984155 1.247769 15.531655 14.283886 "" "" 714.189392 735.398865 19111.06134 3.9994 8370.6 10.489 15332.0 13.981 "" "" 0.0027646727527285346 0.0031041966 0.0039069112 0.007011108 42.04154833293 73.15267487753 724.30072 17.419 -12.789 18.74725005054474 -11.15799995803833 0.14076284 0.14476283 "" "" 74.9001426908547 "" 10.622341522742886 ""
42.54968102548 73.32465662773 0.018 0.0196 25.4077 "" "" 547486426186007424 1014.85553 0.9492 0.0238 1.543 0.574 0.02 0.025 0.978 7068.7 4.2057 14.987567 1.377846 15.602201 14.224355 "" "" 994.070984 1042.04529 19051.08793 4.5117 7844.0 11.284 16196.0 16.044 "" "" 0.002767291601974636 0.0031975836 0.0039294437 0.007127027 42.54968102548 73.32465662773 1014.85553 1.5430000000000001 0.5740000000000006 2.871250050544739 2.2050000419616698 0.14176284 0.14676283 "" "" 17.414833902792125 "" 2.5014321823921053 ""
44.21016616207 72.4107930172 0.0148 0.0185 41.7322 "" "" 545689171351835264 961.075684 1.0138 0.0225 -6.528 1.685 0.018 0.023 1.018 5732.4 4.1592 14.989471 1.34249 15.588233 14.245743 -55.14 7.49 939.058777 981.895874 19017.70243 3.9771 7945.5 10.062 15880.0 11.467 "" "" 0.0027646597950523395 0.0031105531 0.0038598452 0.006970398 44.21016616207 72.4107930172 961.075684 -6.528 1.6849999999999992 -5.199749949455261 3.31600004196167 0.13976283 0.14476283 -29.654444444444444 10.188889 28.094265564430913 40.84940431528238 3.967657120492199 7.883877960395655
42.87876615335 73.49251195133 0.0193 0.0237 35.9192 "" "" 547489278044247936 912.530396 1.0683 0.0273 1.787 3.254 0.022 0.03 1.134 5446.8 4.2577 14.991071 1.323629 15.573857 14.250228 -49.26 15.89 888.208435 937.017639 18989.71412 4.9453 8051.4 12.27 15815.0 14.649 "" "" 0.0027697897875640933 0.0032438873 0.0039108996 0.007154787 42.87876615335 73.49251195133 912.530396 1.7870000000000006 3.2539999999999973 3.1152500505447387 4.8850000419616695 0.14376283 0.15176283 -23.77444444444444 18.58889 25.06042708599235 34.54343952727224 3.746382566036679 13.079272602062044
41.10063984296 73.28361953097 0.0158 0.0158 34.217 "" "" 546028164529147776 902.315613 1.0797 0.0208 -0.06 -1.696 0.018 0.02 1.024 5731.5 4.2804 14.991487 1.270505 15.547972 14.277467 "" "" 887.338684 919.390076 18982.42538 4.1202 8245.7 10.761 15423.0 12.427 "" "" 0.002765379960649087 0.0031293365 0.0038793103 0.0070086466 41.10063984296 73.28361953097 902.315613 -0.06000000000000072 -1.6959999999999997 1.2682500505447387 -0.06499995803833003 0.13976283 0.14176284 "" "" 5.431394431609163 "" 0.7591357388443212 ""
41.90630491319 73.17112407883 0.0151 0.0163 19.7843 "" "" 545977518275073280 951.652283 1.0181 0.0202 -1.444 -5.551 0.018 0.023 0.945 5419.9 4.2712 14.998118 1.320099 15.584318 14.264219 "" "" 934.447327 972.975281 18866.84217 3.6418 7974.2 11.428 15612.0 12.536 "" "" 0.002763279107757485 0.0031947081 0.0038786326 0.007073341 41.90630491319 73.17112407883 951.652283 -1.4440000000000002 -5.551 -0.11574994945526118 -3.9199999580383302 0.13976283 0.14476283 "" "" 17.690167589788413 "" 2.5608029808644592 ""
40.80466133762 73.44684377261 0.0184 0.0196 44.678 "" "" 546046272111225344 926.600891 1.046 0.0248 1.377 -6.075 0.022 0.025 1.191 5548.5 4.2044 14.999089 1.455998 15.661887 14.20589 -40.1 6.62 903.552917 949.369507 18849.98625 4.0339 7424.4 13.168 16474.0 14.076 "" "" 0.002765099429091129 0.0033901723 0.0038915733 0.007281746 40.80466133762 73.44684377261 926.600891 1.3769999999999984 -6.074999999999999 2.7052500505447385 -4.44399995803833 0.14376283 0.14676283 -14.614444444444445 9.318889 22.85047518763379 27.124273312301302 3.335204829151204 5.753661709673168
43.02905090768 73.53430799684 0.0177 0.0199 38.8623 "" "" 547495428437396480 837.52179 1.1689 0.0243 4.637 -5.017 0.02 0.027 0.982 5629.6 4.3336 15.008077 1.292759 15.579714 14.286955 "" "" 822.516479 853.240234 18694.59101 4.8719 8008.1 13.978 15289.0 17.461 "" "" 0.0027698102824910667 0.0033729186 0.0039775968 0.0073505156 43.02905090768 73.53430799684 837.52179 4.637 -5.017 5.965250050544738 -3.3859999580383304 0.14176284 0.14876284 "" "" 27.230185271035204 "" 3.9075335951964765 ""
40.99271664055 72.76845571117 0.0153 0.018 28.7943 "" "" 545941440549950976 918.26239 1.0642 0.0227 5.15 -1.675 0.02 0.026 0.984 5908.6 4.1811 15.01201 1.352324 15.615417 14.263092 -55.6 4.15 896.713135 934.933533 18627.00477 4.1034 7749.1 15.606 15629.0 14.512 "" "" 0.0027656819338660052 0.0035448787 0.0039115306 0.0074564093 40.99271664055 72.76845571117 918.26239 5.149999999999999 -1.6749999999999998 6.478250050544739 -0.04399995803833012 0.14176284 0.14776284 -30.114444444444445 6.848889 28.19764655948877 41.2551455662367 3.9973863640706577 5.6972574451549685
45.00118466116 72.88233693489 0.0144 0.0167 43.1811 "" "" 547215499649457920 814.137451 1.2042 0.0202 -3.778 4.98 0.019 0.022 1.011 5558.9 4.3479 15.015339 1.298341 15.58958 14.291239 "" "" 801.449707 826.242432 18569.96909 3.8878 7935.7 14.575 15229.0 15.592 "" "" 0.0027646806116572034 0.0034295036 0.0039394693 0.007368973 45.00118466116 72.88233693489 814.137451 -3.7780000000000005 4.98 -2.4497499494552613 6.61100004196167 0.14076284 0.14376283 "" "" 27.20715230730457 "" 3.901613307490416 ""
42.44969496387 72.90151959303 0.015 0.0174 1.8653 "" "" 545958276821820416 852.256958 1.1394 0.0221 -1.303 -1.68 0.019 0.023 1.061 5148.9 4.1932 15.018485 1.427661 15.664309 14.236648 -17.78 13.37 835.934631 871.862854 18516.2427 14.289 7407.9 25.209 16014.0 47.755 "" "" 0.0028798966377890506 0.004629926 0.0049766204 0.009606546 42.44969496387 72.90151959303 852.256958 -1.303 -1.68 0.025250050544738833 -0.048999958038330016 0.14076284 0.14476283 7.705555555555556 16.06889 0.22268085116723946 7.708772482129023 0.0320510666722776 16.06218398061652
42.79461573382 73.39860217403 0.0174 0.0211 30.1327 "" "" 547476874178724736 812.167847 1.2007 0.0248 9.735 -21.381 0.02 0.026 1.021 5831.7 4.3478 15.029242 1.285755 15.594777 14.309022 "" "" 796.792786 832.416748 18333.70447 4.0603 7897.8 13.9 14981.0 17.608 "" "" 0.0027657923959648625 0.00338179 0.003989013 0.0073708026 42.79461573382 73.39860217403 812.167847 9.734999999999998 -21.38099999999998 11.063250050544738 -19.74999995803833 0.14176284 0.14776284 "" "" 87.14716679324884 "" 12.754175766380946 ""
43.97296040565 72.70937192488 0.0145 0.0173 27.6514 "" "" 545709409237308288 829.020264 1.1763 0.0206 8.507 -1.889 0.018 0.022 1.007 5676.5 4.3143 15.029737 1.370491 15.64252 14.272029 16.68 6.37 816.032959 846.347778 18325.34311 3.8984 7558.0 11.36 15501.0 12.774 "" "" 0.0027649841393411426 0.0032323634 0.003883847 0.0071162106 43.97296040565 72.70937192488 829.020264 8.506999999999998 -1.888999999999996 9.835250050544738 -0.2579999580383301 0.13976283 0.14376283 42.16555555555556 9.068889 38.661461485074575 57.20701599865655 5.403543275965923 7.616883884022918
42.8710361934 73.25898086317 0.0158 0.0171 22.1631 "" "" 547473403845324032 896.188232 1.0825 0.0209 21.097 -6.597 0.018 0.021 1.003 5345.3 4.2718 15.03505 1.427583 15.684647 14.257064 1.73 6.88 877.605957 915.024414 18235.8767 3.9997 7270.4 10.893 15716.0 9.4675 "" "" 0.0027655918289703667 0.0032297485 0.00383556 0.0070653083 42.8710361934 73.25898086317 896.188232 21.097 -6.5969999999999995 22.42525005054474 -4.9659999580383305 0.13976283 0.14276284 27.215555555555557 9.578889 97.56872395314015 101.29334804438837 13.650304149004283 13.39788993656278
43.99045085126 73.1638849767 0.0155 0.0176 29.6599 "" "" 547284425284321152 817.214783 1.1944 0.0212 1.111 -1.733 0.019 0.023 0.955 5808.2 4.3889 15.035942 1.222051 15.56513 14.34308 "" "" 802.098022 831.410522 18220.9073 7.506 8116.4 14.848 14519.0 15.533 "" "" 0.002791385583150189 0.00342493 0.0039538536 0.0073787835 43.99045085126 73.1638849767 817.214783 1.1109999999999995 -1.7330000000000005 2.4392500505447385 -0.10199995803833017 0.14076284 0.14476283 "" "" 9.456931599756746 "" 1.331251475386176 ""
43.11598800592 72.71936494399 0.014 0.016 14.759 "" "" 545753252263505408 984.538513 0.9874 0.0202 2.032 -7.41 0.017 0.021 0.975 6226.1 4.2396 15.04093 1.471462 15.712998 14.241536 -25.17 4.52 963.804321 1004.2489 18137.39372 3.6597 7083.0 8.9892 15942.0 11.256 "" "" 0.0027640158681624355 0.0031118721 0.0038563446 0.006968217 43.11598800592 72.71936494399 984.538513 2.0320000000000005 -7.4100000000000055 3.360250050544739 -5.77899995803833 0.13876283 0.14276284 0.31555555555555515 7.2188888 31.196588032193176 31.198183924052703 4.422516298287329 4.4228928074296645
44.31277421836 73.13594950416 0.0151 0.0167 33.8619 "" "" 547271849620077184 745.483276 1.3102 0.0211 2.167 -1.447 0.018 0.021 1.012 5680.6 4.4095 15.040977 1.284165 15.607315 14.32315 "" "" 735.399597 757.088806 18136.61003 4.2424 7807.1 10.894 14788.0 11.546 "" "" 0.0027670000709819017 0.0031749601 0.003873285 0.007048245 44.31277421836 73.13594950416 745.483276 2.167 -1.447 3.4952500505447386 0.18400004196166986 0.13976283 0.14276284 "" "" 12.367885028439623 "" 1.7286742964426598 ""
42.23062732435 73.32274887442 0.0824 0.0834 25.9188 "" "" 545985833331695872 884.572998 1.1204 0.1065 11.801 -4.74 0.091 0.109 5.171 5384.9 4.5573 15.050198 1.523392 15.737771 14.214379 -5.73 6.89 811.26947 986.618896 17983.22675 13.228 6923.2 9.8368 16346.0 16.645 "" "" 0.0028687305000196814 0.0031882375 0.003937775 0.0071260124 42.23062732435 73.32274887442 884.572998 11.801 -4.74 13.129250050544739 -3.1089999580383303 0.21276283 0.23076284 19.755555555555556 9.588888 56.5716852421445 59.92192876105467 12.092575629195123 11.846099118913932
41.54338870788 73.18033869885 0.016 0.0174 24.3762 "" "" 545980404493105024 948.325989 1.0317 0.0226 0.064 -1.591 0.019 0.023 1.02 5892.1 4.2593 15.058406 1.262935 15.607302 14.344367 "" "" 926.818848 969.142456 17847.79168 3.7169 7807.2 11.45 14501.0 13.26 "" "" 0.0027645823120919385 0.0032125658 0.0039076097 0.0071201753 41.54338870788 73.18033869885 948.325989 0.0640000000000005 -1.5910000000000002 1.3922500505447388 0.04000004196166995 0.14076284 0.14476283 "" "" 6.260837114447843 "" 0.8813141343015667 ""
41.70874983057 73.48358472672 0.016 0.0157 37.9043 "" "" 546038506810589952 850.518982 1.1505 0.0209 1.495 -6.32 0.018 0.02 0.986 5874.4 4.3797 15.067199 1.207354 15.58812 14.380767 "" "" 831.484924 867.256714 17703.8334 3.5847 7946.4 11.207 14023.0 12.162 "" "" 0.0027640766490405495 0.0031827257 0.0038949233 0.0070776492 41.70874983057 73.48358472672 850.518982 1.495000000000001 -6.3199999999999985 2.823250050544739 -4.68899995803833 0.13976283 0.14176284 "" "" 22.065555077979266 "" 3.116394795398733 ""
41.89384493257 72.58382385133 0.0153 0.0171 22.3893 "" "" 545742050988652160 887.810669 1.0957 0.0225 4.909 -0.958 0.019 0.023 0.944 5860.2 4.2696 15.071214 1.315801 15.653297 14.337497 "" "" 871.786621 906.433899 17638.48025 3.6483 7483.4 9.9631 14593.0 13.799 "" "" 0.0027644568247402837 0.0031423774 0.003916345 0.0070587224 41.89384493257 72.58382385133 887.810669 4.909 -0.9579999999999993 6.237250050544739 0.67300004196167 0.14076284 0.14476283 "" "" 26.400088091570634 "" 3.717383620781637 ""
41.83856077713 73.29148449735 0.0173 0.0167 26.5471 "" "" 545987139001775104 750.385254 1.3011 0.0225 18.797 -8.394 0.019 0.021 1.0 5646.3 4.3832 15.076885 1.363954 15.688696 14.324741 "" "" 738.147888 761.250732 17546.58989 4.0686 7243.3 13.52 14766.0 13.263 "" "" 0.002766797704221654 0.003448491 0.0039031762 0.007351667 41.83856077713 73.29148449735 750.385254 18.796999999999997 -8.393999999999998 20.12525005054474 -6.76299995803833 0.14076284 0.14276284 "" "" 75.51568676282078 "" 10.645224797091132 ""
44.44979772545 73.15406738169 0.0157 0.0169 36.4816 "" "" 547273395808295680 898.338013 1.0865 0.021 -5.594 12.442 0.018 0.022 0.999 5603.7 4.3556 15.077853 1.308218 15.656341 14.348123 "" "" 880.713318 913.94165 17530.956 3.6217 7462.4 12.083 14451.0 18.991 "" "" 0.0027644349035593086 0.0032978228 0.004039751 0.007337574 44.44979772545 73.15406738169 898.338013 -5.593999999999999 12.442 -4.2657499494552615 14.07300004196167 0.13976283 0.14376283 "" "" 62.61697927927146 "" 8.98118682626079 ""
42.76899020635 72.17074438381 0.0163 0.0188 43.9955 "" "" 545671201208517248 828.018677 1.1838 0.0245 1.653 1.918 0.019 0.026 1.084 5709.6 4.3351 15.085004 1.339376 15.681731 14.342355 "" "" 809.486267 843.905457 17415.87838 4.0728 7289.9 14.561 14528.0 12.064 "" "" 0.0027669942873500613 0.003533863 0.0038854335 0.0074192965 42.76899020635 72.17074438381 828.018677 1.653000000000001 1.9180000000000008 2.981250050544739 3.54900004196167 0.14076284 0.14776284 "" "" 18.191499455156784 "" 2.636091538376769 ""
43.66792497068 73.0320248441 0.0163 0.0213 21.0694 "" "" 547275972788733056 828.289185 1.1817 0.0235 -9.303 1.323 0.02 0.028 1.067 5817.8 4.4801 15.087324 1.34932 15.68872 14.3394 "" "" 812.531433 845.010132 17378.69181 4.2422 7243.2 14.347 14568.0 15.369 "" "" 0.0027680374594716266 0.003522787 0.003949145 0.007471932 43.66792497068 73.0320248441 828.289185 -9.302999999999995 1.3230000000000024 -7.974749949455262 2.95400004196167 0.14176284 0.14976284 "" "" 33.38856908873012 "" 4.766280503409358 ""
43.87817495789 72.92291301562 0.0148 0.0201 23.3564 "" "" 547262744289485440 955.123413 1.0103 0.0221 7.178 -1.421 0.018 0.023 1.01 6019.4 4.3782 15.096488 1.302722 15.666375 14.363653 "" "" 934.972168 978.276367 17232.63024 3.8145 7393.8 12.548 14246.0 12.301 "" "" 0.002765781723321406 0.0033436841 0.0038939228 0.0072376067 43.87817495789 72.92291301562 955.123413 7.177999999999999 -1.4210000000000005 8.50625005054474 0.21000004196166988 0.13976283 0.14476283 "" "" 38.521951967373504 "" 5.384056585413703 ""
