Clusters/UBC_415/UBC_415_stars_in_region.tsv
# %ECSV 1.0
# ---
# datatype:
# - name: RA_ICRS_1
#   unit: deg
#   datatype: float64
#   format: '{:15.11f}'
#   description: Right ascension (ICRS) at Ep=2016.0 (ra)
#   meta: !!omap
#   - {ucd: POS_EQ_RA_MAIN}
#   - {width: 15}
#   - {precision: '11'}
# - name: DE_ICRS_1
#   unit: deg
#   datatype: float64
#   format: '{:15.11f}'
#   description: Declination (ICRS) at Ep=2016.0 (dec)
#   meta: !!omap
#   - {ucd: POS_EQ_DEC_MAIN}
#   - {width: 15}
#   - {precision: '11'}
# - name: e_RA_ICRS
#   unit: mas
#   datatype: float64
#   format: '{:7.4f}'
#   description: Standard error of right ascension (ra_error)
#   meta: !!omap
#   - {ucd: ERROR}
#   - {width: 7}
#   - {precision: '4'}
# - name: e_DE_ICRS
#   unit: mas
#   datatype: float64
#   format: '{:7.4f}'
#   description: Standard error of declination (dec_error)
#   meta: !!omap
#   - {ucd: ERROR}
#   - {width: 7}
#   - {precision: '4'}
# - name: _r_1
#   unit: ''
#   datatype: float64
#   format: '{:7.4f}'
#   description: Distance from center (042.55542516000+72.90119812000)[ICRS], at Epoch=J2016.0
#   meta: !!omap
#   - {ucd: POS_ANG_DIST_GENERAL}
#   - {width: 7}
#   - {precision: '4'}
# - name: HIP
#   datatype: int32
#   description: '? HIP cross-id number, van Leeuwen, Cat. I/311 (hip_original_ext_source_id)'
#   meta: !!omap
#   - {ucd: ID_NUMBER}
#   - {width: 6}
#   - values: {'null': -2147483648}
# - name: TYC2
#   datatype: string
#   description: Tycho-2 cross-id name, Hog et al., Cat. I/259 (tyc2_original_ext_source_id)
#   meta: !!omap
#   - {ucd: ID_CROSSID}
#   - {_votable_string_dtype: char}
# - name: Source
#   datatype: int64
#   description: Source identifier, identical to the Gaia-EDR3 source_id (id)
#   meta: !!omap
#   - {ucd: ID_MAIN}
#   - {width: 19}
# - name: rgeo
#   unit: pc
#   datatype: float64
#   format: '{:15.8f}'
#   description: '? Median of the geometric distance posterior (r_med_geo)'
#   meta: !!omap
#   - {ucd: PHYS_DISTANCE_TRUE}
#   - {width: 15}
#   - {precision: '8'}
#   - values: {'null': .nan}
# - name: Plx
#   unit: mas
#   datatype: float64
#   format: '{:9.4f}'
#   description: '? Parallax (parallax)'
#   meta: !!omap
#   - {ucd: POS_PARLX_TRIG}
#   - {width: 9}
#   - {precision: '4'}
#   - values: {'null': .nan}
# - name: e_Plx
#   unit: mas
#   datatype: float32
#   format: '{:7.4f}'
#   description: '? Standard error of parallax (parallax_error)'
#   meta: !!omap
#   - {ucd: ERROR}
#   - {width: 7}
#   - {precision: '4'}
#   - values: {'null': .nan}
# - name: pmRA
#   unit: mas / yr
#   datatype: float64
#   format: '{:9.3f}'
#   description: '? Proper motion in right ascension direction, pmRA*cosDE (pmra)'
#   meta: !!omap
#   - {ucd: POS_EQ_PMRA}
#   - {width: 9}
#   - {precision: '3'}
#   - values: {'null': .nan}
# - name: pmDE
#   unit: mas / yr
#   datatype: float64
#   format: '{:9.3f}'
#   description: '? Proper motion in declination direction (pmdec)'
#   meta: !!omap
#   - {ucd: POS_EQ_PMDEC}
#   - {width: 9}
#   - {precision: '3'}
#   - values: {'null': .nan}
# - name: e_pmRA
#   unit: mas / yr
#   datatype: float32
#   format: '{:6.3f}'
#   description: '? Standard error of proper motion in right ascension direction (pmra_error)'
#   meta: !!omap
#   - {ucd: ERROR}
#   - {width: 6}
#   - {precision: '3'}
#   - values: {'null': .nan}
# - name: e_pmDE
[...]
#         value: !astropy.table.SerializedColumn {name: SkyCoord.dec}
#       distance: !astropy.table.SerializedColumn
#         __class__: astropy.coordinates.distances.Distance
#         unit: !astropy.units.Unit {unit: pc}
#         value: !astropy.table.SerializedColumn {name: SkyCoord.distance}
#       frame: icrs
#       obstime: !astropy.time.Time {format: jyear_str, in_subfmt: '*', jd1: 367701545.0, jd2: 0.0, out_subfmt: '*', precision: 3, scale: tt}
#       pm_dec: !astropy.table.SerializedColumn
#         __class__: astropy.units.quantity.Quantity
#         unit: !astropy.units.Unit {unit: mas / yr}
#         value: !astropy.table.SerializedColumn {name: SkyCoord.pm_dec}
#       pm_ra_cosdec: !astropy.table.SerializedColumn
#         __class__: astropy.units.quantity.Quantity
#         unit: !astropy.units.Unit {unit: mas / yr}
#         value: !astropy.table.SerializedColumn {name: SkyCoord.pm_ra_cosdec}
#       ra: !astropy.table.SerializedColumn
#         __class__: astropy.coordinates.angles.Longitude
#         unit: *id001
#         value: !astropy.table.SerializedColumn {name: SkyCoord.ra}
#         wrap_angle: !astropy.coordinates.Angle
#           unit: *id001
#           value: 360.0
#       representation_type: spherical
# schema: astropy-2.0
RA_ICRS_1 DE_ICRS_1 e_RA_ICRS e_DE_ICRS _r_1 HIP TYC2 Source rgeo Plx e_Plx pmRA pmDE e_pmRA e_pmDE RUWE Teff logg Gmag BP-RP BPmag RPmag RV e_RV b_rgeo B_rgeo FG e_FG FBP e_FBP FRP e_FRP RAVE5 RAVE6 e_Gmag e_BPmag e_RPmag e_BP-RP SkyCoord.ra SkyCoord.dec SkyCoord.distance SkyCoord.pm_ra_cosdec SkyCoord.pm_dec rmRA rmDE e_rmRA e_rmDE rRV e_rRV v_pec v_pec3d e_vpec e_vpec3d
[from data line 854]
41.60555127461 73.20075580612 0.0394 0.0411 24.4757 "" "" 545980541932048896 834.88916 1.194 0.0511 -2.888 -1.36 0.045 0.051 0.956 4609.6 4.5776 16.85151 1.695166 17.666643 15.971478 "" "" 800.132751 874.944153 3422.49973 1.8361 1171.5 6.6094 3240.2 8.5897 "" "" 0.0028162149061367013 0.0067310645 0.004750592 0.011481657 41.60555127461 73.20075580612 834.88916 -2.888 -1.3600000000000008 -1.5597499494552611 0.2710000419616698 0.16676283 0.17276284 "" "" 6.264988898410272 "" 1.045887986731652 ""
44.6716608474 72.87063169869 0.0345 0.0384 37.4084 "" "" 547212544711972096 900.210632 1.0789 0.0481 8.955 -1.338 0.045 0.05 1.011 4640.6 4.5534 16.852602 1.727432 17.68884 15.961409 "" "" 858.136475 935.921204 3419.05112 1.8484 1147.8 13.487 3270.4 10.373 "" "" 0.002817147715373572 0.013059278 0.0051130163 0.018172294 44.6716608474 72.87063169869 900.210632 8.955 -1.3379999999999996 10.283250050544739 0.29300004196166984 0.16676283 0.17176284 "" "" 43.89641922970298 "" 7.320471754836113 ""
42.98863994642 72.67780685824 0.0353 0.04 15.4531 "" "" 545752904368738560 778.436646 1.2617 0.051 12.538 -7.279 0.043 0.053 1.033 4655.1 4.6478 16.86542 1.835274 17.777266 15.941992 "" "" 749.088806 802.243958 3378.92551 1.7481 1058.1 8.0089 3329.4 8.1265 "" "" 0.002811993467543168 0.00867882 0.004615923 0.013294743 42.98863994642 72.67780685824 778.436646 12.538000000000002 -7.279000000000007 13.866250050544739 -5.64799995803833 0.16476284 0.17476283 "" "" 55.24501130622365 "" 9.182967238629283 ""
43.9743091802 72.514495678 0.0376 0.0438 34.3306 "" "" 545702743448152064 848.330933 1.1505 0.0536 1.474 -0.62 0.043 0.055 0.959 4646.4 4.5066 16.86985 1.83191 17.759645 15.927735 "" "" 809.000427 887.776001 3365.1688 1.8883 1075.4 9.1025 3373.4 14.471 "" "" 0.0028218722132412675 0.009604215 0.0059980205 0.015602235 43.9743091802 72.514495678 848.330933 1.473999999999999 -0.6199999999999999 2.802250050544739 1.0110000419616698 0.16476284 0.17676283 "" "" 11.979015643417782 "" 1.9907813603803175 ""
42.89756486477 72.16329935468 0.0372 0.042 44.7005 "" "" 545670342215055104 980.544983 1.0113 0.0575 -0.202 0.95 0.047 0.06 0.998 4987.6 4.632 16.877605 1.640377 17.657738 16.01736 "" "" 922.459595 1040.18774 3341.21471 1.8795 1181.2 7.7763 3106.1 7.9369 "" "" 0.002822198228553948 0.007673099 0.004688357 0.012361456 42.89756486477 72.16329935468 980.544983 -0.20199999999999985 0.95 1.1262500505447388 2.58100004196167 0.16876283 0.18176283 "" "" 13.088276704997693 "" 2.3525732427355 ""
43.27982749694 72.86087216653 0.0336 0.0415 13.0207 "" "" 545771978320841984 837.541382 1.1725 0.0478 1.996 0.097 0.043 0.054 1.028 4574.9 4.6307 16.88026 1.677368 17.692532 16.015163 "" "" 806.629883 875.504456 3333.05501 1.8138 1143.9 8.2278 3112.4 8.4104 "" "" 0.0028179573186511682 0.008292913 0.0047845067 0.01307742 43.27982749694 72.86087216653 837.541382 1.996 0.09700000000000077 3.3242500505447388 1.72800004196167 0.16476284 0.17576283 "" "" 14.873594143270076 "" 2.486321621222061 ""
44.30444622563 73.03651486276 0.0349 0.0412 31.7894 "" "" 547267966969669888 841.299927 1.1722 0.0512 4.964 -4.332 0.046 0.057 1.026 4635.4 4.6462 16.881021 1.760204 17.747887 15.987682 "" "" 810.443665 868.03009 3330.71862 1.6951 1087.1 8.403 3192.2 7.0349 "" "" 0.002810180615947698 0.008844117 0.0044731246 0.013317241 44.30444622563 73.03651486276 841.299927 4.964 -4.332 6.292250050544739 -2.70099995803833 0.16776283 0.17876284 "" "" 27.30606841316039 "" 4.628958776592149 ""
43.48292936168 72.91685729007 0.0348 0.041 16.3818 "" "" 545773966888588160 1000.59436 0.9747 0.0496 3.877 5.76 0.042 0.051 1.02 4548.3 4.1917 16.88149 1.585749 17.629438 16.04369 "" "" 948.587097 1056.57043 3329.27899 1.7459 1212.4 8.5455 3031.7 8.5733 "" "" 0.002813533362783416 0.0081455 0.0048693633 0.013014863 43.48292936168 72.91685729007 1000.59436 3.8769999999999953 5.76 5.2052500505447385 7.39100004196167 0.16376284 0.17276284 "" "" 42.87504440274946 "" 7.281544437958274 ""
44.799726858 72.7106694141 0.0362 0.0418 41.4124 "" "" 547207356391535360 1008.32446 0.9618 0.054 2.026 12.993 0.043 0.053 1.032 4625.6 4.4741 16.881596 1.875547 17.808514 15.932967 "" "" 957.243286 1062.63098 3328.95894 1.7213 1028.0 8.7597 3357.2 10.214 "" "" 0.002811931613391098 0.009663259 0.0050194883 0.014682747 44.799726858 72.7106694141 1008.32446 2.026 12.993 3.3542500505447386 14.62400004196167 0.16476284 0.17476283 "" "" 71.70976922781819 "" 12.497339000978473 ""
42.12662615464 72.29656747644 0.0394 0.0392 37.0846 "" "" 545717518135810048 873.009827 1.108 0.0516 -6.753 2.171 0.046 0.052 0.932 4760.8 4.6203 16.882454 1.651571 17.657991 16.00642 "" "" 839.286682 922.520569 3326.33019 1.8876 1180.9 9.7656 3137.5 9.5821 "" "" 0.002823366709873208 0.009402173 0.005027814 0.0144299865 42.12662615464 72.29656747644 873.009827 -6.752999999999997 2.1709999999999967 -5.424749949455261 3.8020000419616697 0.16776283 0.17376283 "" "" 27.41234598352284 "" 4.653592983340186 ""
42.34992864946 73.04340850028 0.0391 0.0436 9.2651 "" "" 545966145201708800 932.116394 1.0578 0.0548 3.024 5.405 0.049 0.055 1.037 4392.3 4.3549 16.885103 1.716528 17.718748 16.00222 "" "" 883.136047 975.970703 3318.22327 1.7417 1116.7 9.8288 3149.7 8.8607 "" "" 0.0028136392011208454 0.009955266 0.0048593176 0.014814584 42.34992864946 73.04340850028 932.116394 3.0240000000000005 5.405000000000001 4.352250050544739 7.03600004196167 0.17076284 0.17676283 "" "" 36.55332546630503 "" 6.4013270326583225 ""
43.28087213808 72.60391519708 0.0377 0.0418 22.0159 "" "" 545748918638983552 720.464478 1.3659 0.0555 20.627 -23.028 0.044 0.056 0.978 4496.6 4.6782 16.88839 1.716749 17.709908 15.993158 "" "" 692.479065 758.594421 3308.19285 1.7813 1125.8 9.9183 3176.1 11.311 "" "" 0.0028166584818589 0.009963971 0.005406889 0.01537086 43.28087213808 72.60391519708 720.464478 20.62699999999999 -23.028 21.955250050544738 -21.39699995803833 0.16576284 0.17776284 "" "" 104.69442683575815 "" 17.97740753102759 ""
43.52280753539 72.53035861436 0.0366 0.0427 28.1503 "" "" 545700647504122880 857.718567 1.1484 0.0545 -0.331 -4.373 0.042 0.056 0.915 4482.0 4.5487 16.889738 1.718759 17.727076 16.008316 "" "" 820.005859 898.286133 3304.08484 2.0115 1108.1 9.297 3132.1 7.2049 "" "" 0.0028334949426059137 0.009527099 0.004530072 0.0140571715 43.52280753539 72.53035861436 857.718567 -0.3310000000000004 -4.373000000000003 0.9972500505447388 -2.7419999580383303 0.16376284 0.17776284 "" "" 11.862228671538807 "" 2.0899436404160077 ""
40.71071567306 72.81375696681 0.0389 0.048 33.0414 "" "" 545945117041671936 724.411926 1.3317 0.0571 5.043 -0.321 0.05 0.062 0.955 4520.7 4.6659 16.893332 1.857449 17.81641 15.958961 "" "" 693.347778 756.063232 3293.17164 1.9191 1020.6 8.5557 3277.7 9.4035 "" "" 0.0028270331791227046 0.009519804 0.004897586 0.01441739 40.71071567306 72.81375696681 724.411926 5.042999999999998 -0.3209999999999998 6.371250050544739 1.31000004196167 0.17176284 0.18376283 "" "" 22.334690590979942 "" 3.8475042122286998 ""
44.0377077369 73.08585636508 0.0383 0.0417 28.2726 "" "" 547266386421699328 731.054443 1.3438 0.0525 2.634 -5.302 0.045 0.054 0.956 4573.2 4.5911 16.893599 1.745489 17.748938 16.003448 "" "" 699.603821 763.978882 3292.36068 1.7896 1086.0 8.0235 3146.1 9.6475 "" "" 0.0028178153249294583 0.008492958 0.0050367313 0.013529689 44.0377077369 73.08585636508 731.054443 2.634 -5.302 3.9622500505447387 -3.6709999580383297 0.16676283 0.17576283 "" "" 18.71709536010396 "" 3.2002267797260497 ""
43.72883499059 73.20854157391 0.0577 0.0648 27.5875 "" "" 547282599921804288 754.808289 1.3016 0.079 2.269 0.43 0.07 0.086 1.475 4374.1 4.4957 16.898132 1.86485 17.774927 15.910077 "" "" 707.024963 801.733276 3278.63843 3.0714 1060.3 8.0667 3428.7 8.5786 "" "" 0.0029370560803778163 0.008718728 0.0046543693 0.013373097 43.72883499059 73.20854157391 754.808289 2.2689999999999997 0.4299999999999996 3.597250050544739 2.06100004196167 0.19176283 0.20776284 "" "" 14.832924262528383 "" 2.904859487662185 ""
41.06983423922 72.34199748561 0.0385 0.0488 42.8289 "" "" 545826369786268160 866.193359 1.1184 0.0563 -0.275 -5.118 0.048 0.061 0.985 4534.8 4.53 16.903349 1.800596 17.795172 15.994575 "" "" 824.174133 904.811646 3262.92835 1.7994 1040.8 10.476 3172.0 10.782 "" "" 0.0028196257241618525 0.011278862 0.005282409 0.016561272 41.06983423922 72.34199748561 866.193359 -0.2749999999999999 -5.117999999999996 1.0532500505447389 -3.4869999580383304 0.16976283 0.18276283 "" "" 14.955611582313402 "" 2.717607762081588 ""
42.68111068821 73.31653198742 0.0524 0.0524 25.0162 "" "" 547474537716531712 809.52832 1.2097 0.0637 7.737 -0.9 0.057 0.074 1.038 4503.0 4.4323 16.903917 1.785624 17.774542 15.988917 "" "" 765.118958 853.122314 3261.22066 1.9078 1060.7 15.389 3188.5 12.863 "" "" 0.0028275795609474545 0.015997434 0.0057852105 0.021782644 42.68111068821 73.31653198742 809.52832 7.737 -0.8999999999999987 9.065250050544739 0.7310000419616699 0.17876284 0.19576284 "" "" 34.89776296000662 "" 6.242436825568098 ""
42.85494426687 72.77795453913 0.0356 0.0407 9.0992 "" "" 545766274604329088 884.454773 1.1122 0.0501 22.378 -12.131 0.045 0.058 0.987 4550.4 4.5387 16.918148 1.85954 17.84445 15.98491 "" "" 847.491455 918.032837 3218.75256 1.6384 994.57 8.7221 3200.3 8.6793 "" "" 0.0028101993751729025 0.009921993 0.0047910414 0.014713034 42.85494426687 72.77795453913 884.454773 22.377999999999993 -12.131000000000007 23.70625005054474 -10.49999995803833 0.16676283 0.17976284 "" "" 108.69634696393167 "" 18.365712610039594 ""
41.96290538237 73.26806544793 0.0446 0.0443 24.3211 "" "" 545984287141841792 1043.99866 0.9333 0.0559 3.386 2.096 0.047 0.055 1.038 4619.6 4.3752 16.91832 1.794599 17.75726 15.962661 "" "" 988.122253 1090.75134 3218.24085 1.7186 1077.7 7.632 3266.6 18.172 "" "" 0.0028156635264483753 0.00817951 0.00712491 0.01530442 41.96290538237 73.26806544793 1043.99866 3.386 2.096 4.714250050544739 3.72700004196167 0.16876283 0.17676283 "" "" 29.738577139575078 "" 5.11158220109429 ""
42.72970377473 72.66749478182 0.0355 0.0402 14.3597 "" "" 545763250947407360 787.800781 1.2489 0.0513 22.983 1.827 0.045 0.059 0.965 4748.7 4.649 16.920443 1.73007 17.751738 16.021667 "" "" 754.463013 830.947998 3211.95598 1.7573 1083.2 7.4706 3093.8 7.8421 "" "" 0.0028186252734701996 0.00799103 0.0046752314 0.012666261 42.72970377473 72.66749478182 787.800781 22.982999999999997 1.827000000000001 24.31125005054474 3.45800004196167 0.16676283 0.18076283 "" "" 91.69622900778545 "" 15.31802568811814 ""
42.57259072366 73.5847127541 0.0442 0.0498 41.012 "" "" 547493882249167104 982.96344 0.9779 0.0606 -1.693 1.243 0.05 0.059 1.013 4679.3 4.6275 16.925076 1.57769 17.676294 16.098604 "" "" 933.963379 1030.15588 3198.28295 1.9986 1161.2 8.2838 2882.1 11.453 "" "" 0.0028376251714234153 0.008232686 0.005735764 0.013968449 42.57259072366 73.5847127541 982.96344 -1.6929999999999992 1.242999999999999 -0.3647499494552613 2.8740000419616702 0.17176284 0.18076283 "" "" 13.49808680290151 "" 2.4380738381247102 ""
42.22705243914 72.61062651611 0.0387 0.0436 18.3865 "" "" 545742738183643008 1025.3645 0.9356 0.0577 -3.544 2.777 0.046 0.062 0.951 4881.5 4.6061 16.92799 1.659117 17.718775 16.059658 "" "" 975.713379 1079.15344 3189.70732 1.955 1116.6 10.687 2987.4 8.9363 "" "" 0.0028345410341931608 0.0107596675 0.004983162 0.01574283 42.22705243914 72.61062651611 1025.3645 -3.544 2.777 -2.2157499494552613 4.40800004196167 0.16776283 0.18376283 "" "" 23.97822410238951 "" 4.3316578206165195 ""
44.71525480277 72.50678232804 0.0367 0.0467 45.2117 "" "" 547191825789856000 922.721558 1.0495 0.0547 -2.935 3.474 0.042 0.056 0.978 4479.2 4.3945 16.929441 1.74363 17.743523 15.999892 "" "" 889.75116 966.747803 3185.44476 1.7559 1091.5 10.2 3156.5 17.078 "" "" 0.0028195699909803694 0.010522792 0.0069850576 0.01750785 44.71525480277 72.50678232804 922.721558 -2.934999999999999 3.474 -1.6067499494552613 5.10500004196167 0.16376284 0.17776284 "" "" 23.407539505120152 "" 4.132519292231701 ""
42.67780523295 73.22391364464 0.0409 0.0455 19.4807 "" "" 545972055076628864 1020.45459 0.9629 0.055 -3.301 0.786 0.046 0.058 1.006 "" "" 16.92947 1.823436 17.817585 15.994149 "" "" 970.08374 1089.22498 3185.35881 1.7389 1019.5 8.6174 3173.2 9.3467 "" "" 0.002818349120526286 0.009592042 0.0049508833 0.014542926 42.67780523295 73.22391364464 1020.45459 -3.301000000000001 0.7859999999999996 -1.9727499494552614 2.41700004196167 0.16776283 0.17976284 "" "" 15.090703174848173 "" 2.6418338121013445 ""
41.560565539 72.41334509293 0.0414 0.0456 34.254 "" "" 545732632122684800 968.502808 1.0176 0.0607 2.273 7.858 0.047 0.058 1.067 4688.5 4.5319 16.929855 1.896686 17.882452 15.985766 "" "" 918.138367 1020.78326 3184.23383 1.7583 960.37 8.737 3197.8 8.6009 "" "" 0.0028197921812135466 0.01026404 0.0047761346 0.015040174 41.560565539 72.41334509293 968.502808 2.273000000000001 7.857999999999999 3.601250050544739 9.48900004196167 0.16876283 0.17976284 "" "" 46.592839702943664 "" 8.312873504558375 ""
44.38368942102 73.06736251375 0.0369 0.0409 33.6118 "" "" 547268138768351744 864.998352 1.1322 0.0533 9.711 0.073 0.046 0.053 0.984 4637.3 4.5228 16.931269 1.719477 17.758753 16.039276 "" "" 826.500549 904.937256 3180.08681 1.7525 1076.3 10.787 3044.0 8.9886 "" "" 0.0028195376295443034 0.011233594 0.004956062 0.016189657 44.38368942102 73.06736251375 864.998352 9.710999999999999 0.07299999999999922 11.039250050544739 1.7040000419616699 0.16776283 0.17476283 "" "" 45.79798529792534 "" 7.6908122141918485 ""
42.75526803499 72.78720002549 0.0359 0.0418 7.7002 "" "" 545766137165376128 840.722107 1.1747 0.0513 12.125 -13.292 0.045 0.059 0.93 4643.1 4.5013 16.932484 1.715857 17.764978 16.049122 "" "" 808.070679 876.104004 3176.53118 1.6935 1070.1 7.6721 3016.5 8.4881 "" "" 0.002815464763775649 0.008269153 0.0048597967 0.013128949 42.75526803499 72.78720002549 840.722107 12.124999999999996 -13.292000000000005 13.453250050544739 -11.66099995803833 0.16676283 0.18076283 "" "" 70.94782824267531 "" 12.267425020049014 ""
43.08949001654 72.64772367228 0.0364 0.0422 17.9259 "" "" 545751912233740544 1062.76111 0.9105 0.0531 3.836 -9.577 0.045 0.057 1.02 4703.8 4.4546 16.93475 1.631699 17.708824 16.077126 "" "" 1015.83942 1120.9657 3169.90726 1.8179 1126.9 9.6941 2939.7 8.4226 "" "" 0.002824798942324959 0.009747844 0.0048949565 0.014642801 43.08949001654 72.64772367228 1062.76111 3.8360000000000034 -9.577000000000009 5.164250050544739 -7.94599995803833 0.16676283 0.17876284 "" "" 47.73890577424702 "" 8.367918665932102 ""
41.63550953647 73.15832392536 0.0382 0.042 22.3052 "" "" 545980232694418432 742.788208 1.3227 0.0519 6.03 2.108 0.046 0.052 1.0 4284.7 4.6088 16.93802 1.992013 17.943714 15.951701 "" "" 717.136414 770.039429 3160.37222 1.7373 907.68 9.5308 3299.7 6.4899 "" "" 0.0028192219228241307 0.011736892 0.0043409495 0.016077843 41.63550953647 73.15832392536 742.788208 6.03 2.1080000000000005 7.358250050544739 3.73900004196167 0.16776283 0.17376283 "" "" 29.059845513189632 "" 4.911448000813745 ""
42.14609625366 72.58849836536 0.0425 0.0458 20.1266 "" "" 545742596447072256 902.669617 1.0908 0.0612 -5.609 4.756 0.053 0.063 1.109 4376.9 4.6516 16.93866 1.879986 17.872652 15.992666 "" "" 860.945923 943.490723 3158.51588 1.8577 969.07 9.276 3177.5 9.187 "" "" 0.0028283522851862146 0.010760763 0.0049130446 0.015673807 42.14609625366 72.58849836536 902.669617 -5.609 4.756 -4.280749949455261 6.38700004196167 0.17476283 0.18476284 "" "" 32.897977476390984 "" 5.978286994309412 ""
42.66328676588 72.89746276098 0.0362 0.0419 1.9162 "" "" 545770810089747456 850.264893 1.1425 0.051 0.11 -0.859 0.046 0.056 1.002 4675.5 4.546 16.942163 1.838701 17.849033 16.010332 "" "" 809.258545 894.564575 3148.33539 1.742 990.38 9.4533 3126.3 11.367 "" "" 0.0028200507307222446 0.010732516 0.0054651373 0.016197653 42.66328676588 72.89746276098 850.264893 0.10999999999999993 -0.859 1.4382500505447389 0.7720000419616699 0.16776283 0.17776284 "" "" 6.578763953092588 "" 1.1187228488494292 ""
