Clusters/UBC_415/UBC_415_stars_in_region.tsv
# %ECSV 1.0
# ---
# datatype:
# - name: RA_ICRS_1
#   unit: deg
#   datatype: float64
#   format: '{:15.11f}'
#   description: Right ascension (ICRS) at Ep=2016.0 (ra)
#   meta: !!omap
#   - {ucd: POS_EQ_RA_MAIN}
#   - {width: 15}
#   - {precision: '11'}
# - name: DE_ICRS_1
#   unit: deg
#   datatype: float64
#   format: '{:15.11f}'
#   description: Declination (ICRS) at Ep=2016.0 (dec)
#   meta: !!omap
#   - {ucd: POS_EQ_DEC_MAIN}
#   - {width: 15}
#   - {precision: '11'}
# - name: e_RA_ICRS
#   unit: mas
#   datatype: float64
#   format: '{:7.4f}'
#   description: Standard error of right ascension (ra_error)
#   meta: !!omap
#   - {ucd: ERROR}
#   - {width: 7}
#   - {precision: '4'}
# - name: e_DE_ICRS
#   unit: mas
#   datatype: float64
#   format: '{:7.4f}'
#   description: Standard error of declination (dec_error)
#   meta: !!omap
#   - {ucd: ERROR}
#   - {width: 7}
#   - {precision: '4'}
# - name: _r_1
#   unit: ''
#   datatype: float64
#   format: '{:7.4f}'
#   description: Distance from center (042.55542516000+72.90119812000)[ICRS], at Epoch=J2016.0
#   meta: !!omap
#   - {ucd: POS_ANG_DIST_GENERAL}
#   - {width: 7}
#   - {precision: '4'}
# - name: HIP
#   datatype: int32
#   description: '? HIP cross-id number, van Leeuwen, Cat. I/311 (hip_original_ext_source_id)'
#   meta: !!omap
#   - {ucd: ID_NUMBER}
#   - {width: 6}
#   - values: {'null': -2147483648}
# - name: TYC2
#   datatype: string
#   description: Tycho-2 cross-id name, Hog et al., Cat. I/259 (tyc2_original_ext_source_id)
#   meta: !!omap
#   - {ucd: ID_CROSSID}
#   - {_votable_string_dtype: char}
# - name: Source
#   datatype: int64
#   description: Source identifier, identical to the Gaia-EDR3 source_id (id)
#   meta: !!omap
#   - {ucd: ID_MAIN}
#   - {width: 19}
# - name: rgeo
#   unit: pc
#   datatype: float64
#   format: '{:15.8f}'
#   description: '? Median of the geometric distance posterior (r_med_geo)'
#   meta: !!omap
#   - {ucd: PHYS_DISTANCE_TRUE}
#   - {width: 15}
#   - {precision: '8'}
#   - values: {'null': .nan}
# - name: Plx
#   unit: mas
#   datatype: float64
#   format: '{:9.4f}'
#   description: '? Parallax (parallax)'
#   meta: !!omap
#   - {ucd: POS_PARLX_TRIG}
#   - {width: 9}
#   - {precision: '4'}
#   - values: {'null': .nan}
# - name: e_Plx
#   unit: mas
#   datatype: float32
#   format: '{:7.4f}'
#   description: '? Standard error of parallax (parallax_error)'
#   meta: !!omap
#   - {ucd: ERROR}
#   - {width: 7}
#   - {precision: '4'}
#   - values: {'null': .nan}
# - name: pmRA
#   unit: mas / yr
#   datatype: float64
#   format: '{:9.3f}'
#   description: '? Proper motion in right ascension direction, pmRA*cosDE (pmra)'
#   meta: !!omap
#   - {ucd: POS_EQ_PMRA}
#   - {width: 9}
#   - {precision: '3'}
#   - values: {'null': .nan}
# - name: pmDE
#   unit: mas / yr
#   datatype: float64
#   format: '{:9.3f}'
#   description: '? Proper motion in declination direction (pmdec)'
#   meta: !!omap
#   - {ucd: POS_EQ_PMDEC}
#   - {width: 9}
#   - {precision: '3'}
#   - values: {'null': .nan}
# - name: e_pmRA
#   unit: mas / yr
#   datatype: float32
#   format: '{:6.3f}'
#   description: '? Standard error of proper motion in right ascension direction (pmra_error)'
#   meta: !!omap
#   - {ucd: ERROR}
#   - {width: 6}
#   - {precision: '3'}
#   - values: {'null': .nan}
# - name: e_pmDE
[...]
#         value: !astropy.table.SerializedColumn {name: SkyCoord.dec}
#       distance: !astropy.table.SerializedColumn
#         __class__: astropy.coordinates.distances.Distance
#         unit: !astropy.units.Unit {unit: pc}
#         value: !astropy.table.SerializedColumn {name: SkyCoord.distance}
#       frame: icrs
#       obstime: !astropy.time.Time {format: jyear_str, in_subfmt: '*', jd1: 367701545.0, jd2: 0.0, out_subfmt: '*', precision: 3, scale: tt}
#       pm_dec: !astropy.table.SerializedColumn
#         __class__: astropy.units.quantity.Quantity
#         unit: !astropy.units.Unit {unit: mas / yr}
#         value: !astropy.table.SerializedColumn {name: SkyCoord.pm_dec}
#       pm_ra_cosdec: !astropy.table.SerializedColumn
#         __class__: astropy.units.quantity.Quantity
#         unit: !astropy.units.Unit {unit: mas / yr}
#         value: !astropy.table.SerializedColumn {name: SkyCoord.pm_ra_cosdec}
#       ra: !astropy.table.SerializedColumn
#         __class__: astropy.coordinates.angles.Longitude
#         unit: *id001
#         value: !astropy.table.SerializedColumn {name: SkyCoord.ra}
#         wrap_angle: !astropy.coordinates.Angle
#           unit: *id001
#           value: 360.0
#       representation_type: spherical
# schema: astropy-2.0
RA_ICRS_1 DE_ICRS_1 e_RA_ICRS e_DE_ICRS _r_1 HIP TYC2 Source rgeo Plx e_Plx pmRA pmDE e_pmRA e_pmDE RUWE Teff logg Gmag BP-RP BPmag RPmag RV e_RV b_rgeo B_rgeo FG e_FG FBP e_FBP FRP e_FRP RAVE5 RAVE6 e_Gmag e_BPmag e_RPmag e_BP-RP SkyCoord.ra SkyCoord.dec SkyCoord.distance SkyCoord.pm_ra_cosdec SkyCoord.pm_dec rmRA rmDE e_rmRA e_rmDE rRV e_rRV v_pec v_pec3d e_vpec e_vpec3d
[from data line 566]
44.17845047289 72.37361711302 0.021 0.0243 42.9685 "" "" 545688827754461312 1018.60535 0.9495 0.0306 -2.866 1.386 0.025 0.031 0.975 5349.5 4.4596 15.854691 1.502695 16.551722 15.049027 "" "" 981.30542 1051.70288 8571.76993 3.1656 3271.4 10.49 7577.9 11.516 "" "" 0.0027843428017667615 0.0044616004 0.0041238503 0.008585451 44.17845047289 72.37361711302 1018.60535 -2.8660000000000014 1.3860000000000003 -1.5377499494552613 3.01700004196167 0.14676283 0.15276283 "" "" 16.34965233593117 "" 2.4777076862211898 ""
44.01742876465 73.44532262848 0.0239 0.0269 41.3579 "" "" 547292568542800640 962.672791 1.013 0.0336 -2.24 4.674 0.027 0.034 1.002 5414.1 4.5243 15.861419 1.38346 16.484985 15.101525 "" "" 930.526733 988.664124 8518.81718 2.7206 3478.7 9.3374 7220.2 11.016 "" "" 0.002777052610581557 0.0040346193 0.004126477 0.008161096 44.01742876465 73.44532262848 962.672791 -2.240000000000002 4.674000000000004 -0.9117499494552614 6.30500004196167 0.14876284 0.15576284 "" "" 29.069404878970783 "" 4.523856777673049 ""
41.02086013176 73.50266039066 0.0288 0.0293 44.8344 "" "" 546040911992022016 900.324158 1.0791 0.0367 -0.394 19.342 0.034 0.038 1.275 5803.3 4.4809 15.86154 1.51048 16.549448 15.038968 "" "" 865.985413 930.737183 8517.86844 3.3163 3278.2 9.9322 7648.4 12.337 "" "" 0.0027875575283251835 0.004313477 0.0041654315 0.008478908 41.02086013176 73.50266039066 900.324158 -0.39400000000000013 19.342 0.9342500505447388 20.97300004196167 0.15576284 0.15976283 "" "" 89.59179937022077 "" 14.31273854334545 ""
43.60225819518 72.99944553494 0.0213 0.027 19.3361 "" "" 547275560471885056 977.345459 0.9943 0.0304 5.769 -4.823 0.025 0.033 1.009 4822.8 4.1889 15.864161 1.468119 16.536846 15.068727 "" "" 951.210327 1006.80371 8497.32317 2.7456 3316.5 10.644 7441.6 10.369 "" "" 0.0027775639117085128 0.0044639977 0.004070925 0.008534923 43.60225819518 72.99944553494 977.345459 5.769 -4.822999999999996 7.097250050544739 -3.1919999580383305 0.14676283 0.15476283 "" "" 36.05111789863441 "" 5.340577338701094 ""
42.06614607061 73.25009301424 0.0246 0.0249 22.6107 "" "" 545983977906152192 716.323547 1.3609 0.0322 8.182 -16.226 0.026 0.033 1.029 5010.7 4.4962 15.866076 1.527796 16.576103 15.048307 "" "" 698.037109 736.27124 8482.35624 2.8069 3198.7 9.2904 7582.9 11.085 "" "" 0.0027786458084494265 0.0042106127 0.004099128 0.008309741 42.06614607061 73.25009301424 716.323547 8.182000000000002 -16.226 9.51025005054474 -14.59499995803833 0.14776284 0.15476283 "" "" 59.147650005895485 "" 9.032442248657645 ""
42.50051953254 72.84442742692 0.0213 0.0239 3.5417 "" "" 545770294693701888 723.901123 1.3524 0.0302 -3.327 -4.806 0.026 0.031 0.965 "" "" 15.866505 1.397644 16.502398 15.104753 "" "" 704.924988 741.167664 8479.00418 3.172 3423.4 11.002 7198.7 10.353 "" "" 0.002785097322631389 0.004467691 0.004089248 0.008556939 42.50051953254 72.84442742692 723.901123 -3.327 -4.806 -1.9987499494552612 -3.17499995803833 0.14776284 0.15276283 "" "" 12.873346320956538 "" 1.9485161222395144 ""
44.28210899181 73.267354901 0.0245 0.0248 37.2983 "" "" 547286516932092160 723.851257 1.3534 0.0317 6.948 -12.315 0.029 0.034 0.99 4975.2 4.4879 15.868024 1.540662 16.586561 15.045899 "" "" 708.572021 738.849365 8467.15018 2.8712 3168.1 8.7782 7599.7 7.868 "" "" 0.002779809322850038 0.004103087 0.0039430005 0.008046087 44.28210899181 73.267354901 723.851257 6.948000000000002 -12.31499999999999 8.27625005054474 -10.68399995803833 0.15076283 0.15576284 "" "" 46.36930447168181 "" 7.1365484746189365 ""
40.95108905794 72.53553388626 0.0244 0.0321 36.0409 "" "" 545925428911912192 791.137695 1.2303 0.0349 9.135 -4.916 0.029 0.038 1.006 5182.9 4.464 15.891503 1.525356 16.59875 15.073393 "" "" 771.945557 812.879517 8286.01267 2.7856 3132.7 9.4166 7409.7 9.2272 "" "" 0.0027793915178107175 0.0042937472 0.004013947 0.008307694 40.95108905794 72.53553388626 791.137695 9.134999999999998 -4.915999999999998 10.463250050544739 -3.2849999580383304 0.15076283 0.15976283 "" "" 41.1254408786891 "" 6.234294734971882 ""
41.20512816685 73.32947568025 0.0563 0.0604 34.8415 "" "" 546030019955005056 810.307678 1.2137 0.0777 4.817 1.937 0.067 0.078 2.687 6575.6 4.0263 15.895454 1.748987 16.693281 14.944294 "" "" 766.516174 869.703735 8255.90726 5.8871 2871.5 16.062 8345.3 30.8 "" "" 0.0028620266354945855 0.006683441 0.0055082473 0.012191689 41.20512816685 73.32947568025 810.307678 4.817 1.9369999999999994 6.145250050544739 3.56800004196167 0.18876284 0.19976284 "" "" 27.293000965132247 "" 5.229221288327504 ""
42.53839213597 72.30991602341 0.0239 0.0254 35.4782 "" "" 545719923317475328 847.469604 1.1479 0.0338 -4.541 -5.026 0.027 0.033 0.972 5196.3 4.3805 15.901736 1.59855 16.65327 15.054721 "" "" 823.417236 868.664368 8208.28033 2.737 2979.3 9.8385 7538.2 9.6235 "" "" 0.002779002798105988 0.004543151 0.004025538 0.008568689 42.53839213597 72.30991602341 847.469604 -4.540999999999999 -5.026000000000005 -3.2127499494552616 -3.39499995803833 0.14876284 0.15476283 "" "" 18.77613495663911 "" 2.8531787275966707 ""
40.69725430763 72.63562867515 0.0246 0.0319 36.6681 "" "" 545938794850127104 1021.72101 0.946 0.035 6.49 1.291 0.029 0.042 1.007 5116.0 4.3029 15.902804 1.540131 16.619038 15.078907 "" "" 992.694519 1055.95398 8200.20714 2.866 3074.7 10.3 7372.2 9.867 "" "" 0.0027813280469556126 0.004584077 0.0040491223 0.008633199 40.69725430763 72.63562867515 1021.72101 6.49 1.2910000000000026 7.818250050544739 2.92200004196167 0.15076283 0.16376284 "" "" 40.42147158582793 "" 6.160869827081502 ""
41.02408131705 72.96899426322 0.0224 0.0255 27.2672 "" "" 545952504385657984 919.158875 1.0525 0.0328 7.592 -3.467 0.03 0.034 1.073 "" "" 15.903165 1.415937 16.548536 15.132599 "" "" 896.592957 946.65686 8197.48798 2.6631 3281.0 8.7584 7016.5 11.716 "" "" 0.0027778051259171547 0.0040230798 0.004191715 0.008214794 41.02408131705 72.96899426322 919.158875 7.591999999999998 -3.466999999999999 8.920250050544738 -1.8359999580383302 0.15176283 0.15576284 "" "" 39.678527026272384 "" 6.0282573735388985 ""
43.70816148149 73.14512679456 0.0241 0.0278 24.94 "" "" 547278859006720768 815.839294 1.1983 0.033 0.36 -4.038 0.029 0.035 0.971 "" "" 15.919433 1.494752 16.608232 15.113481 "" "" 796.323608 843.661865 8075.58289 2.9599 3105.4 12.345 7141.1 10.892 "" "" 0.002783909629062048 0.0051394855 0.004126275 0.00926576 43.70816148149 73.14512679456 815.839294 0.3600000000000003 -4.038 1.6882500505447386 -2.4069999580383303 0.15076283 0.15676284 "" "" 11.369365951820743 "" 1.760092850716946 ""
42.98863336782 73.61926623886 0.0247 0.0294 43.7294 "" "" 547496974625591040 934.174194 1.045 0.0345 -1.047 5.104 0.029 0.04 1.074 4759.6 4.1943 15.91969 1.414192 16.561058 15.146866 "" "" 899.748718 980.642517 8073.663 2.5759 3243.4 9.3035 6924.9 9.7711 "" "" 0.002777010088165244 0.004181429 0.0040780758 0.008259505 42.98863336782 73.61926623886 934.174194 -1.0469999999999993 5.104 0.28125005054473884 6.73500004196167 0.15076283 0.16176283 "" "" 29.84847543339914 "" 4.827821797882859 ""
40.31601442554 73.26116609522 0.0858 0.089 44.6668 "" "" 546019780753012096 934.887512 1.0579 0.1176 -4.413 1.506 0.098 0.114 3.687 5449.6 4.7072 15.919757 1.328558 16.486052 15.157494 "" "" 837.530212 1051.89429 8073.17013 6.474 3475.3 10.935 6857.4 9.7135 "" "" 0.0028896112694217946 0.0044108815 0.0040803184 0.008491199 40.31601442554 73.26116609522 934.887512 -4.413 1.506 -3.0847499494552615 3.13700004196167 0.21976283 0.23576283 "" "" 19.49622697709197 "" 4.445871303588052 ""
41.58031290453 73.01599675043 0.0236 0.0267 18.4777 "" "" 545973979222097152 744.379639 1.3122 0.0335 -1.667 1.764 0.031 0.037 0.939 "" "" 15.921216 1.436335 16.573936 15.137602 "" "" 722.460205 766.077637 8062.32407 4.8539 3205.1 13.376 6984.2 14.848 "" "" 0.002831795657926074 0.005321317 0.0044284947 0.009749811 41.58031290453 73.01599675043 744.379639 -1.6670000000000016 1.764000000000002 -0.33874994945526127 3.39500004196167 0.15276283 0.15876284 "" "" 12.03826248019743 "" 1.9105300754174852 ""
44.27745091122 73.36200857406 0.0258 0.0256 40.7811 "" "" 547288170495748608 916.592407 1.0661 0.0334 3.335 1.867 0.029 0.034 0.955 4950.0 4.4175 15.921575 1.45359 16.586136 15.132545 "" "" 892.079346 952.253906 8059.66256 2.64 3169.3 11.718 7016.8 13.598 "" "" 0.0027781773997872434 0.004888762 0.0043256027 0.009214364 44.27745091122 73.36200857406 916.592407 3.3350000000000026 1.8670000000000018 4.663250050544739 3.49800004196167 0.15076283 0.15576284 "" "" 25.32669146524103 "" 3.8643992235277658 ""
42.73051284864 72.5498000211 0.023 0.0252 21.3134 "" "" 545750361747882112 848.048035 1.1453 0.0336 -1.225 -1.654 0.028 0.033 1.014 4884.3 4.2923 15.933509 1.728306 16.76179 15.033484 "" "" 829.267395 872.687805 7971.55589 9.6459 2695.9 14.494 7687.1 27.666 "" "" 0.003052510066995098 0.0064698234 0.0054362603 0.011906084 42.73051284864 72.5498000211 848.048035 -1.225 -1.6540000000000017 0.10325005054473868 -0.022999958038329993 0.14976284 0.15476283 "" "" 0.42521199982391045 "" 0.0637830637859028 ""
43.42226831415 73.07201414521 0.0253 0.0298 18.3472 "" "" 547276934861401344 1036.89551 0.9359 0.034 7.453 -1.562 0.033 0.038 0.93 5276.8 4.3246 15.940945 1.477129 16.617128 15.139999 "" "" 1006.18915 1068.72144 7917.14758 2.9589 3080.1 10.602 6968.8 12.021 "" "" 0.002785039170834269 0.0046638795 0.0042179804 0.0088818595 43.42226831415 73.07201414521 1036.89551 7.452999999999998 -1.5620000000000003 8.781250050544738 0.06900004196166987 0.15476283 0.15976283 "" "" 43.16016402516347 "" 6.6796028523514765 ""
40.88524291957 72.91297109575 0.0213 0.0248 29.4617 "" "" 545951920269842176 928.007263 1.044 0.03 4.177 1.142 0.028 0.032 1.005 5474.0 4.5446 15.94999 1.344251 16.54589 15.20164 "" "" 903.919739 957.420898 7851.46309 2.4418 3289.0 11.58 6584.2 9.7449 "" "" 0.002775933336487448 0.0047326526 0.00410682 0.008839473 40.88524291957 72.91297109575 928.007263 4.177 1.142 5.505250050544738 2.77300004196167 0.14976284 0.15376283 "" "" 27.114782666596042 "" 4.082968243915886 ""
44.25516099035 72.50673175389 0.0233 0.0279 38.4623 "" "" 545703087045849088 887.104858 1.1016 0.0327 0.379 4.117 0.027 0.034 0.984 4997.4 4.3947 15.957788 1.557853 16.685461 15.127608 "" "" 862.123291 910.018799 7795.27076 2.4628 2892.2 11.146 7048.8 14.691 "" "" 0.002776590292764249 0.005029193 0.0044050342 0.009434227 44.25516099035 72.50673175389 887.104858 0.37900000000000045 4.117 1.7072500505447388 5.74800004196167 0.14876284 0.15576284 "" "" 25.21321097059378 "" 3.913270026754833 ""
42.8685601594 73.38534488257 0.0281 0.0311 29.5552 "" "" 547476599300819456 885.92218 1.1085 0.038 11.93 0.917 0.032 0.04 1.071 "" "" 15.957793 1.597687 16.709717 15.11203 "" "" 863.173279 917.206482 7795.23843 3.0422 2828.3 15.086 7150.7 12.246 "" "" 0.0027877107299573984 0.0064283526 0.0042120125 0.010640365 42.8685601594 73.38534488257 885.92218 11.930000000000005 0.9170000000000011 13.258250050544738 2.5480000419616697 0.15376283 0.16176283 "" "" 56.69381488641589 "" 8.7339608549959 ""
41.46305837698 73.11330569022 0.0236 0.026 22.9965 "" "" 545978549067264256 733.267822 1.333 0.0323 -1.576 -6.632 0.029 0.033 0.979 4876.2 4.5121 15.959811 1.517398 16.666765 15.149367 "" "" 719.491333 746.972595 7780.76412 2.8023 2942.5 8.757 6908.9 11.019 "" "" 0.002782929843333156 0.0042691533 0.004157199 0.008426352 41.46305837698 73.11330569022 733.267822 -1.576 -6.632 -0.2477499494552613 -5.00099995803833 0.15076283 0.15476283 "" "" 17.403239383523687 "" 2.693206422789812 ""
45.01579585894 72.85446782856 0.0217 0.0269 43.5487 "" "" 547214640656006912 751.628601 1.2952 0.0328 9.368 -3.229 0.028 0.035 0.982 4892.6 4.4854 15.961706 1.541809 16.683544 15.141735 "" "" 731.877686 770.975281 7767.19299 3.1453 2897.3 10.042 6957.7 11.731 "" "" 0.002790178319048613 0.0046846895 0.004199384 0.008884073 45.01579585894 72.85446782856 751.628601 9.368 -3.2289999999999988 10.696250050544739 -1.5979999580383302 0.14976284 0.15676284 "" "" 38.53067114382495 "" 5.776485723928462 ""
41.19132602112 72.86623361693 0.0223 0.0264 24.1789 "" "" 545948033322721152 732.421814 1.3422 0.033 8.262 -8.929 0.03 0.037 0.959 4979.9 4.5148 15.967393 1.490217 16.655539 15.165321 "" "" 716.132568 754.057129 7726.61927 3.3808 2973.0 10.555 6808.2 11.753 "" "" 0.0027959752242012266 0.004758525 0.00421862 0.008977145 41.19132602112 72.86623361693 732.421814 8.262 -8.929000000000002 9.59025005054474 -7.29799995803833 0.15176283 0.15876284 "" "" 41.8382308815332 "" 6.458432601529688 ""
43.41700717203 73.42576236262 0.5187 0.4638 34.8531 "" "" 547479171985099776 1003.72375 1.472 0.6437 2.229 -2.139 0.595 0.585 12.153 "" "" 15.968049 1.401489 16.01821 14.61672 "" "" 654.438965 1576.77026 7721.95205 18.151 5347.3 24.737 11284.0 16.832 "" "" 0.003755663027535672 0.0057456517 0.0041117757 0.009857427 43.41700717203 73.42576236262 1003.72375 2.2290000000000005 -2.1390000000000002 3.557250050544739 -0.5079999580383299 0.71676284 0.7067628 "" "" 17.095855801966245 "" 12.250280701939745 ""
43.33607170408 73.16977202503 0.0241 0.0282 21.1291 "" "" 547281573426535936 806.902832 1.2106 0.0337 -0.608 1.652 0.03 0.035 0.951 4772.5 4.391 15.968073 1.442193 16.625603 15.18341 "" "" 786.352966 825.822083 7721.77985 2.5739 3056.2 7.6479 6695.7 10.756 "" "" 0.002778986688958767 0.0038944795 0.0041624177 0.008056898 43.33607170408 73.16977202503 806.902832 -0.6079999999999995 1.6520000000000001 0.7202500505447388 3.28300004196167 0.15176283 0.15676284 "" "" 12.855182637485855 "" 2.012308287009078 ""
42.98772317152 72.58122289972 0.1318 0.1356 20.6833 "" "" 545750159887112320 1007.6709 0.9685 0.188 0.038 0.61 0.157 0.176 6.726 "" "" 15.971257 1.336488 16.415083 15.078595 "" "" 862.628296 1211.36267 7699.16742 9.3691 3710.1 11.819 7374.3 13.192 "" "" 0.0030557221355401783 0.0044438737 0.0042492608 0.008693134 42.98772317152 72.58122289972 1007.6709 0.03799999999999998 0.6100000000000007 1.3662500505447388 2.24100004196167 0.27876285 0.29776284 "" "" 12.536212270748278 "" 3.669803598790453 ""
42.85538897596 73.44151251276 0.03 0.0338 32.8348 "" "" 547488797007925504 850.759155 1.1494 0.0411 3.874 5.139 0.035 0.044 1.174 5531.9 4.5391 15.972502 1.464407 16.635181 15.170774 "" "" 826.077271 876.376709 7690.35091 3.389 3029.3 10.341 6774.0 11.349 "" "" 0.0027965546048633032 0.0046391767 0.004194347 0.008833524 42.85538897596 73.44151251276 850.759155 3.8740000000000006 5.139000000000001 5.202250050544739 6.77000004196167 0.15676284 0.16576284 "" "" 34.43005638444052 "" 5.59418539007961 ""
43.13740339226 72.21752698492 0.025 0.0262 42.3338 "" "" 545672232000634240 1007.14886 0.9698 0.0341 3.867 -5.532 0.031 0.035 1.031 5702.8 4.3892 15.981114 1.558497 16.706503 15.148006 "" "" 965.056885 1041.95752 7629.58785 2.6322 2836.7 7.1853 6917.6 9.575 "" "" 0.002780665023347687 0.0039176974 0.0040672105 0.007984908 43.13740339226 72.21752698492 1007.14886 3.8670000000000018 -5.532000000000002 5.195250050544739 -3.90099995803833 0.15276283 0.15676284 "" "" 31.01498491008786 "" 4.78303641405729 ""
40.74873898158 72.72577631963 0.0246 0.0311 33.7142 "" "" 545940203599382784 927.312988 1.0426 0.0343 4.037 -11.165 0.029 0.039 1.031 5156.8 4.4022 15.982851 1.585709 16.727087 15.141378 "" "" 897.122009 959.364014 7617.39562 2.6848 2783.4 9.7607 6960.0 9.3898 "" "" 0.0027817672969957324 0.00472032 0.004053307 0.008773627 40.74873898158 72.72577631963 927.312988 4.036999999999997 -11.164999999999992 5.365250050544739 -9.53399995803833 0.15076283 0.16076283 "" "" 48.08626356393857 "" 7.617600726310418 ""
41.73779181602 72.33196644568 0.0244 0.0272 37.1652 "" "" 545728955631870464 992.842285 0.9807 0.0345 4.501 0.216 0.029 0.037 1.011 5296.7 4.329 15.983885 1.669757 16.7708 15.101043 "" "" 960.801941 1023.34894 7610.14246 2.5428 2673.6 9.062 7223.4 12.896 "" "" 0.0027791003874172615 0.004618193 0.0042474726 0.008865666 41.73779181602 72.33196644568 992.842285 4.501000000000001 0.2160000000000019 5.829250050544739 1.84700004196167 0.15076283 0.15876284 "" "" 28.776994262200745 "" 4.360008671872285 ""
