Clusters/Pismis_8/Pismis_8_stars_in_region.tsv
# %ECSV 1.0
# ---
# datatype:
# - name: RA_ICRS_1
#   unit: deg
#   datatype: float64
#   format: '{:15.11f}'
#   description: Right ascension (ICRS) at Ep=2016.0 (ra)
#   meta: !!omap
#   - {ucd: POS_EQ_RA_MAIN}
#   - {width: 15}
#   - {precision: '11'}
# - name: DE_ICRS_1
#   unit: deg
#   datatype: float64
#   format: '{:15.11f}'
#   description: Declination (ICRS) at Ep=2016.0 (dec)
#   meta: !!omap
#   - {ucd: POS_EQ_DEC_MAIN}
#   - {width: 15}
#   - {precision: '11'}
# - name: e_RA_ICRS
#   unit: mas
#   datatype: float64
#   format: '{:7.4f}'
#   description: Standard error of right ascension (ra_error)
#   meta: !!omap
#   - {ucd: ERROR}
#   - {width: 7}
#   - {precision: '4'}
# - name: e_DE_ICRS
#   unit: mas
#   datatype: float64
#   format: '{:7.4f}'
#   description: Standard error of declination (dec_error)
#   meta: !!omap
#   - {ucd: ERROR}
#   - {width: 7}
#   - {precision: '4'}
# - name: _r_1
#   unit: ''
#   datatype: float64
#   format: '{:7.4f}'
#   description: Distance from center (130.40900809000-46.27080585000)[ICRS], at Epoch=J2016.0
#   meta: !!omap
#   - {ucd: POS_ANG_DIST_GENERAL}
#   - {width: 7}
#   - {precision: '4'}
# - name: HIP
#   datatype: int32
#   description: '? HIP cross-id number, van Leeuwen, Cat. I/311 (hip_original_ext_source_id)'
#   meta: !!omap
#   - {ucd: ID_NUMBER}
#   - {width: 6}
#   - values: {'null': -2147483648}
# - name: TYC2
#   datatype: string
#   description: Tycho-2 cross-id name, Hog et al., Cat. I/259 (tyc2_original_ext_source_id)
#   meta: !!omap
#   - {ucd: ID_CROSSID}
#   - {_votable_string_dtype: char}
# - name: Source
#   datatype: int64
#   description: Source identifier, identical to the Gaia-EDR3 source_id (id)
#   meta: !!omap
#   - {ucd: ID_MAIN}
#   - {width: 19}
# - name: rgeo
#   unit: pc
#   datatype: float64
#   format: '{:15.8f}'
#   description: '? Median of the geometric distance posterior (r_med_geo)'
#   meta: !!omap
#   - {ucd: PHYS_DISTANCE_TRUE}
#   - {width: 15}
#   - {precision: '8'}
#   - values: {'null': .nan}
# - name: Plx
#   unit: mas
#   datatype: float64
#   format: '{:9.4f}'
#   description: '? Parallax (parallax)'
#   meta: !!omap
#   - {ucd: POS_PARLX_TRIG}
#   - {width: 9}
#   - {precision: '4'}
#   - values: {'null': .nan}
# - name: e_Plx
#   unit: mas
#   datatype: float32
#   format: '{:7.4f}'
#   description: '? Standard error of parallax (parallax_error)'
#   meta: !!omap
#   - {ucd: ERROR}
#   - {width: 7}
#   - {precision: '4'}
#   - values: {'null': .nan}
# - name: pmRA
#   unit: mas / yr
#   datatype: float64
#   format: '{:9.3f}'
#   description: '? Proper motion in right ascension direction, pmRA*cosDE (pmra)'
#   meta: !!omap
#   - {ucd: POS_EQ_PMRA}
#   - {width: 9}
#   - {precision: '3'}
#   - values: {'null': .nan}
# - name: pmDE
#   unit: mas / yr
#   datatype: float64
#   format: '{:9.3f}'
#   description: '? Proper motion in declination direction (pmdec)'
#   meta: !!omap
#   - {ucd: POS_EQ_PMDEC}
#   - {width: 9}
#   - {precision: '3'}
#   - values: {'null': .nan}
# - name: e_pmRA
#   unit: mas / yr
#   datatype: float32
#   format: '{:6.3f}'
#   description: '? Standard error of proper motion in right ascension direction (pmra_error)'
#   meta: !!omap
#   - {ucd: ERROR}
#   - {width: 6}
#   - {precision: '3'}
#   - values: {'null': .nan}
# - name: e_pmDE
[...]
#         unit: &id001 !astropy.units.Unit {unit: deg}
#         value: !astropy.table.SerializedColumn {name: SkyCoord.dec}
#       distance: !astropy.table.SerializedColumn
#         __class__: astropy.coordinates.distances.Distance
#         unit: !astropy.units.Unit {unit: pc}
#         value: !astropy.table.SerializedColumn {name: SkyCoord.distance}
#       frame: icrs
#       obstime: !astropy.time.Time {format: jyear_str, in_subfmt: '*', jd1: 367701545.0, jd2: 0.0, out_subfmt: '*', precision: 3, scale: tt}
#       pm_dec: !astropy.table.SerializedColumn
#         __class__: astropy.units.quantity.Quantity
#         unit: !astropy.units.Unit {unit: mas / yr}
#         value: !astropy.table.SerializedColumn {name: SkyCoord.pm_dec}
#       pm_ra_cosdec: !astropy.table.SerializedColumn
#         __class__: astropy.units.quantity.Quantity
#         unit: !astropy.units.Unit {unit: mas / yr}
#         value: !astropy.table.SerializedColumn {name: SkyCoord.pm_ra_cosdec}
#       ra: !astropy.table.SerializedColumn
#         __class__: astropy.coordinates.angles.Longitude
#         unit: *id001
#         value: !astropy.table.SerializedColumn {name: SkyCoord.ra}
#         wrap_angle: !astropy.coordinates.Angle
#           unit: *id001
#           value: 360.0
#       representation_type: spherical
# schema: astropy-2.0
RA_ICRS_1 DE_ICRS_1 e_RA_ICRS e_DE_ICRS _r_1 HIP TYC2 Source rgeo Plx e_Plx pmRA pmDE e_pmRA e_pmDE RUWE Teff logg Gmag BP-RP BPmag RPmag RV e_RV b_rgeo B_rgeo FG e_FG FBP e_FBP FRP e_FRP RAVE5 RAVE6 e_Gmag e_BPmag e_RPmag e_BP-RP SkyCoord.ra SkyCoord.dec SkyCoord.distance SkyCoord.pm_ra_cosdec SkyCoord.pm_dec
[from data line 524]
130.48279212889 -46.62234664416 0.0208 0.0218 21.3119 "" "" 5329821219108420480 1665.3938 0.5694 0.0243 -9.168 9.717 0.028 0.026 0.986 5519.5 4.1595 15.567412 1.315605 16.146973 14.831368 "" "" 1593.23267 1726.14502 11168.16322 3.4341 4749.3 12.07 9260.0 16.142 "" "" 0.00277547245046774 0.003924142 0.0042268024 0.0081509445 130.48279212889 -46.62234664416 1665.3938 -9.168000000000001 9.717000000000002
130.28458397554 -45.99544869118 0.0203 0.0208 17.3125 "" "" 5522008120695408000 2050.0896 0.4519 0.0232 -4.978 5.504 0.026 0.026 0.967 7149.8 4.295 15.572032 0.983116 15.969967 14.986851 "" "" 1958.37036 2132.22754 11120.74474 2.8832 5590.2 13.284 8024.5 9.9861 "" "" 0.0027696618630670636 0.0038002152 0.004013642 0.007813858 130.28458397554 -45.99544869118 2050.0896 -4.978 5.504
130.4824597999 -46.49614870034 0.023 0.0237 13.8581 "" "" 5329824414563499264 1931.3457 0.4854 0.026 -3.738 2.84 0.029 0.027 1.001 7130.8 4.4763 15.572174 0.993598 15.97614 14.982542 "" "" 1832.34741 2046.08765 11119.29042 3.6313 5558.5 13.616 8056.4 13.645 "" "" 0.0027780413156121815 0.0038546748 0.004203006 0.008057681 130.4824597999 -46.49614870034 1931.3457 -3.7379999999999995 2.839999999999999
129.90816756388 -46.34681726558 0.0232 0.0239 21.253 "" "" 5521621642362253696 1707.80969 0.5428 0.0271 -4.4 3.445 0.031 0.032 0.935 6014.2 4.1863 15.572552 1.334878 16.161139 14.826261 "" "" 1637.86475 1804.89062 11115.42538 3.719 4687.7 14.101 9303.7 14.959 "" "" 0.0027791637900979405 0.004295546 0.0041630776 0.008458624 129.90816756388 -46.34681726558 1707.80969 -4.4 3.445000000000001
130.51803564785 -46.5817534646 0.02 0.022 19.194 "" "" 5329821734504464128 1972.00525 0.4754 0.0236 -5.336 2.184 0.026 0.027 0.969 6041.7 4.12 15.574995 1.093079 16.01013 14.917051 "" "" 1880.85571 2056.90137 11090.43654 3.5364 5387.2 16.214 8557.3 29.933 "" "" 0.0027769856606473325 0.0042969016 0.0053579276 0.009654829 130.51803564785 -46.5817534646 1972.00525 -5.335999999999999 2.184
130.5038645371 -46.29455549793 0.0217 0.0255 4.1835 "" "" 5521986061743713024 1683.68726 0.5602 0.0268 -2.064 0.388 0.029 0.03 0.952 7233.5 4.2239 15.577971 1.407721 16.208921 14.801201 "" "" 1620.02869 1782.6665 11060.08122 4.144 4485.9 11.594 9520.9 12.967 "" "" 0.0027851892719197332 0.0039571985 0.004058366 0.008015565 130.5038645371 -46.29455549793 1683.68726 -2.064 0.3879999999999999
129.93188107125 -46.31594285855 0.0226 0.0236 19.9652 "" "" 5521623154190742784 1638.26343 0.5819 0.0258 -5.907 5.098 0.029 0.032 1.006 7203.7 4.1033 15.581168 1.162442 16.072306 14.909863 "" "" 1575.77417 1693.25146 11027.56158 3.3009 5087.4 8.2897 8614.2 11.427 "" "" 0.0027744209111938744 0.0033037823 0.0040445128 0.0073482953 129.93188107125 -46.31594285855 1638.26343 -5.907 5.098
130.02579259933 -46.38986504874 0.0671 0.0654 17.4097 "" "" 5521618859223510784 1672.38965 0.5701 0.075 -4.791 5.047 0.088 0.089 2.919 6374.2 4.4347 15.582482 1.240047 16.104538 14.864491 "" "" 1447.41382 1896.29626 11014.22068 7.637 4938.6 9.4277 8981.8 16.79 "" "" 0.0028563145889549473 0.0034757631 0.004289875 0.0077656377 130.02579259933 -46.38986504874 1672.38965 -4.791000000000001 5.047
130.53319092615 -46.16587203142 0.0205 0.0226 8.1375 "" "" 5521990253631761280 1970.24207 0.4776 0.0253 -6.19 2.888 0.027 0.027 1.014 6959.3 4.1345 15.584748 1.425244 16.22866 14.803416 "" "" 1845.4126 2088.34888 10991.25652 3.2008 4405.1 9.6387 9501.5 11.073 "" "" 0.00277340218891786 0.0036645434 0.0039855666 0.00765011 130.53319092615 -46.16587203142 1970.24207 -6.190000000000001 2.888000000000001
130.46938415846 -45.92017478266 0.0221 0.0255 21.1873 "" "" 5522009632524036224 2062.61719 0.4474 0.0281 -7.402 8.542 0.031 0.033 0.991 7082.8 4.0493 15.585553 1.124016 16.059744 14.935728 "" "" 1944.80334 2176.84863 10983.11397 3.7425 5146.6 10.44 8411.4 14.833 "" "" 0.00278004739373145 0.0035546864 0.00423669 0.007791376 130.46938415846 -45.92017478266 2062.61719 -7.402 8.542
130.62664539135 -46.15057788169 0.021 0.0235 11.5626 "" "" 5521988707443583744 1933.65393 0.4877 0.0266 -0.876 6.682 0.027 0.026 0.996 6825.8 3.9211 15.58808 1.482884 16.261034 14.77815 "" "" 1832.22253 2017.75562 10957.57995 3.1676 4275.7 12.615 9725.2 13.551 "" "" 0.002773138893131313 0.0042481166 0.0040709283 0.0083190445 130.62664539135 -46.15057788169 1933.65393 -0.8760000000000001 6.682
130.07653277134 -46.38755155336 0.023 0.0236 15.4535 "" "" 5521618172028765824 1474.41907 0.6447 0.0268 -5.358 4.003 0.03 0.032 1.049 6579.5 4.3417 15.589025 1.209007 16.106829 14.897821 "" "" 1418.67114 1534.16736 10948.05415 3.4748 4928.2 9.8681 8710.2 8.9395 "" "" 0.002776785841328892 0.0035371655 0.0039402326 0.007477398 130.07653277134 -46.38755155336 1474.41907 -5.357999999999999 4.003
130.25883388086 -46.46388298824 0.023 0.0227 13.1477 "" "" 5521980495466221568 1800.90454 0.5247 0.0256 -5.72 5.087 0.03 0.029 1.017 7089.0 3.888 15.592895 1.28428 16.154278 14.869998 "" "" 1733.16479 1866.13562 10909.09754 3.4646 4717.4 13.977 8936.3 10.181 "" "" 0.002776812582521724 0.004258333 0.0039766575 0.008234991 130.25883388086 -46.46388298824 1800.90454 -5.72 5.086999999999999
130.48470626793 -45.95805873359 0.0208 0.025 19.0271 "" "" 5522006402708661888 2082.28271 0.4462 0.0263 -7.154 7.975 0.029 0.03 0.992 "" "" 15.593071 1.649036 16.375212 14.726176 "" "" 1985.69922 2199.60693 10907.32515 3.5183 3848.9 9.7121 10202.0 11.607 "" "" 0.0027774884891350804 0.003910362 0.0039761285 0.00788649 130.48470626793 -45.95805873359 2082.28271 -7.154000000000001 7.975
130.61650546863 -46.1124646619 0.0219 0.0241 12.8271 "" "" 5521992109057662720 1663.93579 0.5629 0.0265 -8.295 7.366 0.028 0.029 0.997 5284.5 3.818 15.594726 1.531419 16.300495 14.769076 "" "" 1598.84668 1735.50818 10890.71816 3.4512 4123.1 13.167 9806.8 13.799 "" "" 0.002776719057591985 0.004450504 0.004076477 0.008526981 130.61650546863 -46.1124646619 1663.93579 -8.295 7.366
130.27835550166 -46.37523947034 0.0248 0.0243 8.2807 "" "" 5521981388819410304 1860.1532 0.5062 0.0284 -3.646 6.523 0.033 0.03 1.053 7409.4 4.3765 15.598245 1.245765 16.137913 14.892148 "" "" 1782.23901 1937.99695 10855.47711 3.5121 4789.1 9.0464 8755.9 11.244 "" "" 0.002777621408552425 0.0034628415 0.0040283613 0.007491203 130.27835550166 -46.37523947034 1860.1532 -3.646 6.523
129.92469194684 -46.26719360206 0.0281 0.0303 20.0888 "" "" 5521623532133583232 1964.86621 0.468 0.0322 -4.673 1.385 0.036 0.039 1.393 6260.5 4.278 15.600718 1.09253 15.993754 14.901224 "" "" 1847.35742 2092.12598 10830.77303 5.4481 5469.1 39.339 8683.0 31.57 "" "" 0.0028089262116756794 0.008293114 0.0054650693 0.0137581825 129.92469194684 -46.26719360206 1964.86621 -4.673 1.3850000000000002
130.76837447788 -46.26131383146 0.0212 0.0223 14.9169 "" "" 5329833691692642048 1573.17639 0.6064 0.0254 -5.525 10.854 0.028 0.027 1.005 5809.1 4.2171 15.601456 1.191268 16.113905 14.922637 "" "" 1497.3512 1650.79675 10823.42165 3.2664 4896.1 13.011 8513.4 10.523 "" "" 0.0027747348139364005 0.004013697 0.004010581 0.008024278 130.76837447788 -46.26131383146 1573.17639 -5.5249999999999995 10.854
130.30630706357 -46.58706293864 0.0202 0.0234 19.4449 "" "" 5521600648562901376 1799.79126 0.5179 0.0242 -6.792 8.357 0.026 0.029 0.996 5531.6 4.1538 15.609582 1.356876 16.210238 14.853361 "" "" 1727.01819 1896.99939 10742.71282 3.3587 4480.5 12.27 9074.3 12.497 "" "" 0.0027761517877618303 0.004077464 0.0040644226 0.008141886 130.30630706357 -46.58706293864 1799.79126 -6.792 8.356999999999998
130.40622884158 -46.28147328945 0.022 0.0243 0.6503 "" "" 5521983553482944256 1564.40161 0.6019 0.0265 -5.61 5.119 0.03 0.028 0.967 7985.5 4.1309 15.611707 1.34732 16.207443 14.860124 "" "" 1510.96899 1636.30652 10721.7094 3.5899 4492.0 13.725 9018.0 16.024 "" "" 0.0027791986094942906 0.0043347604 0.004243309 0.0085780695 130.40622884158 -46.28147328945 1564.40161 -5.61 5.119
129.89038842797 -46.28009860388 0.0411 0.0488 21.5151 "" "" 5521622020305045120 1924.29028 0.4865 0.0498 -5.815 4.87 0.056 0.077 1.721 "" "" 15.612633 1.234099 15.793138 14.559038 "" "" 1770.61218 2084.01587 10712.56919 9.1414 6579.0 26.972 11900.0 29.024 "" "" 0.0029069199559259296 0.005253406 0.004614777 0.009868182 129.89038842797 -46.28009860388 1924.29028 -5.8149999999999995 4.869999999999999
130.4157131546 -46.03893365109 0.0218 0.0235 13.9151 "" "" 5522004272404866048 1593.74841 0.5911 0.0256 -3.51 5.86 0.03 0.03 1.041 6677.2 4.2138 15.615047 1.122201 16.090738 14.968537 "" "" 1522.28735 1662.2616 10688.78393 3.4241 5001.7 11.285 8161.0 9.902 "" "" 0.002777185877919875 0.0037129433 0.004002394 0.0077153374 130.4157131546 -46.03893365109 1593.74841 -3.5099999999999993 5.86
129.90321539273 -46.29493026482 0.0235 0.0255 21.023 "" "" 5521621951599879424 1875.77283 0.5 0.0279 -5.674 5.23 0.032 0.034 1.043 7139.5 4.206 15.620344 1.140194 16.09874 14.958546 "" "" 1779.703 1982.17175 10636.75555 3.8845 4965.0 13.015 8236.4 13.178 "" "" 0.002783703786071153 0.0039856364 0.0041594957 0.008145132 129.90321539273 -46.29493026482 1875.77283 -5.674000000000001 5.23
130.87599885323 -46.27645370452 0.0237 0.0237 19.3704 "" "" 5329853272435765632 1655.28406 0.577 0.0275 2.509 16.129 0.033 0.03 1.016 6141.8 4.2415 15.620991 1.144943 16.104517 14.959574 "" "" 1589.20447 1739.1427 10630.41646 3.4209 4938.7 11.648 8228.7 12.068 "" "" 0.0027773845608500304 0.003787131 0.0041011204 0.007888252 130.87599885323 -46.27645370452 1655.28406 2.5089999999999995 16.128999999999998
130.35536267072 -46.39904139842 0.0241 0.0248 8.0087 "" "" 5521978227723504768 2030.39209 0.4595 0.028 -2.971 1.757 0.032 0.033 1.027 8567.2 4.2461 15.621568 1.164937 16.117924 14.952987 "" "" 1904.60425 2146.90381 10624.77132 3.9545 4878.1 9.669 8278.7 10.834 "" "" 0.002784796549600947 0.003523695 0.004037644 0.007561339 130.35536267072 -46.39904139842 2030.39209 -2.971 1.757
130.10655374447 -46.25949408739 0.0247 0.0244 12.5639 "" "" 5521995167074032640 1689.35474 0.5554 0.0274 -5.877 5.082 0.034 0.032 1.138 6426.3 4.1538 15.624833 1.172499 16.103527 14.931028 "" "" 1604.19189 1778.85303 10592.8662 4.0948 4943.2 14.384 8447.9 12.982 "" "" 0.0027871026476287883 0.0042150267 0.0041312836 0.00834631 130.10655374447 -46.25949408739 1689.35474 -5.877 5.082000000000001
130.07718084338 -46.33371564909 0.0229 0.0234 14.2632 "" "" 5521619408979331072 1481.13354 0.6418 0.0256 -3.413 5.965 0.03 0.031 0.998 5674.9 3.891 15.628545 1.473468 16.30142 14.827952 "" "" 1419.9519 1545.86267 10556.71779 3.2325 4119.5 9.1481 9289.2 13.783 "" "" 0.002775304716176963 0.0036875913 0.0041084033 0.0077959946 130.07718084338 -46.33371564909 1481.13354 -3.4129999999999994 5.965000000000002
130.58226300352 -46.54501413169 0.0213 0.0262 17.9461 "" "" 5329820428833908736 2052.4729 0.4516 0.0251 -3.852 6.352 0.029 0.032 0.94 6110.5 4.0855 15.629013 1.057972 16.067413 15.009441 "" "" 1946.26465 2149.46387 10552.15923 3.1433 5110.4 14.323 7859.3 9.9294 "" "" 0.002774236982641651 0.004128554 0.0040206127 0.008149167 130.58226300352 -46.54501413169 2052.4729 -3.8519999999999994 6.3519999999999985
130.04535687306 -46.06477545925 0.0206 0.0222 19.523 "" "" 5522047393878781824 1616.75232 0.5795 0.0241 -5.194 6.418 0.027 0.029 0.991 6556.6 4.2643 15.632221 1.107323 16.09989 14.992567 "" "" 1559.36682 1676.85449 10521.02808 3.1123 4959.8 9.4443 7982.4 14.054 "" "" 0.0027739764878440924 0.00347265 0.004235308 0.007707958 130.04535687306 -46.06477545925 1616.75232 -5.193999999999999 6.417999999999999
130.75270234813 -46.19896138415 0.0226 0.0243 14.9012 "" "" 5329834172728949504 1848.38855 0.5038 0.0274 -0.897 5.115 0.031 0.03 1.009 6133.6 4.1494 15.633093 1.126852 16.104841 14.977989 "" "" 1769.13452 1949.42236 10512.58378 3.0882 4937.2 10.471 8090.3 10.47 "" "" 0.002773719058414048 0.0036176424 0.0040321243 0.0076497667 130.75270234813 -46.19896138415 1848.38855 -0.8969999999999998 5.115
129.91487752778 -46.19093782815 0.0216 0.0243 21.0614 "" "" 5521671257827170432 1497.29272 0.6354 0.0255 -4.74 7.999 0.027 0.032 1.065 6895.5 4.3114 15.635093 1.290056 16.199425 14.909368 "" "" 1437.93591 1570.38049 10493.24002 3.055 4525.3 12.926 8618.1 12.114 "" "" 0.0027733930974046576 0.0041716895 0.004075892 0.008247581 129.91487752778 -46.19093782815 1497.29272 -4.740000000000001 7.998999999999999
130.09466079719 -46.15378621747 0.0252 0.0238 14.8202 "" "" 5521999805638642176 1742.93481 0.5307 0.0282 -5.858 5.119 0.035 0.032 1.069 7463.0 4.1799 15.635262 1.137145 16.105375 14.96823 "" "" 1668.11829 1829.28589 10491.59739 4.2503 4934.8 8.3512 8163.3 9.7001 "" "" 0.002790207041156051 0.0033408212 0.0039935163 0.0073343376 130.09466079719 -46.15378621747 1742.93481 -5.858 5.119000000000001
130.41707906372 -46.35882688821 0.0243 0.0252 5.2918 "" "" 5521979808271300864 2077.78418 0.4472 0.0289 -5.307 2.701 0.031 0.028 1.054 5148.4 3.5916 15.638985 1.695866 16.449549 14.753683 "" "" 1962.43677 2203.34741 10455.6987 3.3025 3594.2 10.065 9946.8 12.474 "" "" 0.0027765797391223995 0.0041266573 0.0040171705 0.008143827 130.41707906372 -46.35882688821 2077.78418 -5.307 2.7010000000000005
130.2785902106 -46.17339006473 0.0212 0.0225 7.967 "" "" 5521997159938978944 2031.37012 0.4692 0.0243 -4.218 0.908 0.028 0.029 1.019 5698.7 4.1783 15.641538 1.181139 16.12951 14.948372 "" "" 1947.27026 2128.02979 10431.14216 2.9837 4826.3 24.069 8314.0 15.455 "" "" 0.0027727671812292115 0.006091237 0.0042845323 0.01037577 130.2785902106 -46.17339006473 2031.37012 -4.218 0.908
130.42237089962 -46.17067228868 0.0216 0.026 6.0336 "" "" 5521990700308282880 1443.19312 0.6545 0.0278 -5.756 1.981 0.03 0.031 1.01 7653.7 4.0205 15.64401 1.841054 16.544441 14.703387 "" "" 1375.79468 1509.21631 10407.41254 3.5938 3293.4 11.624 10418.0 8.8597 "" "" 0.0027807107653338796 0.004740247 0.0038905365 0.008630783 130.42237089962 -46.17067228868 1443.19312 -5.756 1.9809999999999999
130.76923558254 -46.3455101013 0.0229 0.0238 15.5886 "" "" 5329832076784967168 2102.10425 0.4492 0.0268 -5.885 6.732 0.032 0.029 1.058 6951.0 4.4303 15.645377 1.009227 16.061184 15.051957 "" "" 1986.44763 2229.01953 10394.31832 3.341 5139.8 13.52 7557.4 10.45 "" "" 0.0027773330400157107 0.0039927005 0.0040666494 0.00805935 130.76923558254 -46.3455101013 2102.10425 -5.884999999999999 6.732000000000001
130.00410414925 -46.29258317726 0.0223 0.0238 16.8408 "" "" 5521622879312863488 1633.78406 0.5812 0.0259 -7.117 8.279 0.03 0.032 0.947 7074.7 4.2684 15.645511 1.366221 16.255203 14.888982 "" "" 1564.71155 1698.31897 10393.03893 3.4856 4298.7 9.4551 8781.4 9.5255 "" "" 0.002779277206572476 0.0036726135 0.003958635 0.007631249 130.00410414925 -46.29258317726 1633.78406 -7.117000000000002 8.279000000000002
130.55766454412 -46.08900890002 0.0256 0.0286 12.5348 "" "" 5521992723226439936 1711.08716 0.5582 0.0317 -4.966 -0.306 0.032 0.032 1.139 7233.6 4.079 15.648502 1.373772 16.246784 14.873013 "" "" 1618.61304 1829.93384 10364.44301 4.1977 4332.1 14.141 8911.5 12.323 "" "" 0.0027901890837731193 0.0045106197 0.0040666773 0.0085772965 130.55766454412 -46.08900890002 1711.08716 -4.966000000000001 -0.30599999999999955
130.55697549162 -46.44527616196 0.0237 0.0267 12.1295 "" "" 5329824929959594240 1988.20105 0.4739 0.0271 -5.812 6.879 0.03 0.032 1.027 6392.7 4.2584 15.64974 1.077719 16.097977 15.020258 "" "" 1904.22351 2113.98242 10352.63339 3.624 4968.5 9.2228 7781.4 9.4476 "" "" 0.002781409952712182 0.003441932 0.004002678 0.00744461 130.55697549162 -46.44527616196 1988.20105 -5.812000000000001 6.879
130.56749143405 -46.13136796379 0.0227 0.0246 10.6447 "" "" 5521991799819993984 2034.8186 0.4573 0.0275 -3.226 5.769 0.029 0.028 0.982 7656.0 4.3152 15.64996 1.158338 16.13948 14.981143 "" "" 1931.54272 2157.24585 10350.54197 3.825 4782.2 12.49 8066.8 9.8082 "" "" 0.0027843804263921537 0.0039782147 0.004003303 0.007981518 130.56749143405 -46.13136796379 2034.8186 -3.225999999999999 5.769
