Clusters/Pismis_8/Pismis_8_stars_in_region.tsv
# %ECSV 1.0
# ---
# datatype:
# - name: RA_ICRS_1
#   unit: deg
#   datatype: float64
#   format: '{:15.11f}'
#   description: Right ascension (ICRS) at Ep=2016.0 (ra)
#   meta: !!omap
#   - {ucd: POS_EQ_RA_MAIN}
#   - {width: 15}
#   - {precision: '11'}
# - name: DE_ICRS_1
#   unit: deg
#   datatype: float64
#   format: '{:15.11f}'
#   description: Declination (ICRS) at Ep=2016.0 (dec)
#   meta: !!omap
#   - {ucd: POS_EQ_DEC_MAIN}
#   - {width: 15}
#   - {precision: '11'}
# - name: e_RA_ICRS
#   unit: mas
#   datatype: float64
#   format: '{:7.4f}'
#   description: Standard error of right ascension (ra_error)
#   meta: !!omap
#   - {ucd: ERROR}
#   - {width: 7}
#   - {precision: '4'}
# - name: e_DE_ICRS
#   unit: mas
#   datatype: float64
#   format: '{:7.4f}'
#   description: Standard error of declination (dec_error)
#   meta: !!omap
#   - {ucd: ERROR}
#   - {width: 7}
#   - {precision: '4'}
# - name: _r_1
#   unit: ''
#   datatype: float64
#   format: '{:7.4f}'
#   description: Distance from center (130.40900809000-46.27080585000)[ICRS], at Epoch=J2016.0
#   meta: !!omap
#   - {ucd: POS_ANG_DIST_GENERAL}
#   - {width: 7}
#   - {precision: '4'}
# - name: HIP
#   datatype: int32
#   description: '? HIP cross-id number, van Leeuwen, Cat. I/311 (hip_original_ext_source_id)'
#   meta: !!omap
#   - {ucd: ID_NUMBER}
#   - {width: 6}
#   - values: {'null': -2147483648}
# - name: TYC2
#   datatype: string
#   description: Tycho-2 cross-id name, Hog et al., Cat. I/259 (tyc2_original_ext_source_id)
#   meta: !!omap
#   - {ucd: ID_CROSSID}
#   - {_votable_string_dtype: char}
# - name: Source
#   datatype: int64
#   description: Source identifier, identical to the Gaia-EDR3 source_id (id)
#   meta: !!omap
#   - {ucd: ID_MAIN}
#   - {width: 19}
# - name: rgeo
#   unit: pc
#   datatype: float64
#   format: '{:15.8f}'
#   description: '? Median of the geometric distance posterior (r_med_geo)'
#   meta: !!omap
#   - {ucd: PHYS_DISTANCE_TRUE}
#   - {width: 15}
#   - {precision: '8'}
#   - values: {'null': .nan}
# - name: Plx
#   unit: mas
#   datatype: float64
#   format: '{:9.4f}'
#   description: '? Parallax (parallax)'
#   meta: !!omap
#   - {ucd: POS_PARLX_TRIG}
#   - {width: 9}
#   - {precision: '4'}
#   - values: {'null': .nan}
# - name: e_Plx
#   unit: mas
#   datatype: float32
#   format: '{:7.4f}'
#   description: '? Standard error of parallax (parallax_error)'
#   meta: !!omap
#   - {ucd: ERROR}
#   - {width: 7}
#   - {precision: '4'}
#   - values: {'null': .nan}
# - name: pmRA
#   unit: mas / yr
#   datatype: float64
#   format: '{:9.3f}'
#   description: '? Proper motion in right ascension direction, pmRA*cosDE (pmra)'
#   meta: !!omap
#   - {ucd: POS_EQ_PMRA}
#   - {width: 9}
#   - {precision: '3'}
#   - values: {'null': .nan}
# - name: pmDE
#   unit: mas / yr
#   datatype: float64
#   format: '{:9.3f}'
#   description: '? Proper motion in declination direction (pmdec)'
#   meta: !!omap
#   - {ucd: POS_EQ_PMDEC}
#   - {width: 9}
#   - {precision: '3'}
#   - values: {'null': .nan}
# - name: e_pmRA
#   unit: mas / yr
#   datatype: float32
#   format: '{:6.3f}'
#   description: '? Standard error of proper motion in right ascension direction (pmra_error)'
#   meta: !!omap
#   - {ucd: ERROR}
#   - {width: 6}
#   - {precision: '3'}
#   - values: {'null': .nan}
# - name: e_pmDE
[...]
#         unit: &id001 !astropy.units.Unit {unit: deg}
#         value: !astropy.table.SerializedColumn {name: SkyCoord.dec}
#       distance: !astropy.table.SerializedColumn
#         __class__: astropy.coordinates.distances.Distance
#         unit: !astropy.units.Unit {unit: pc}
#         value: !astropy.table.SerializedColumn {name: SkyCoord.distance}
#       frame: icrs
#       obstime: !astropy.time.Time {format: jyear_str, in_subfmt: '*', jd1: 367701545.0, jd2: 0.0, out_subfmt: '*', precision: 3, scale: tt}
#       pm_dec: !astropy.table.SerializedColumn
#         __class__: astropy.units.quantity.Quantity
#         unit: !astropy.units.Unit {unit: mas / yr}
#         value: !astropy.table.SerializedColumn {name: SkyCoord.pm_dec}
#       pm_ra_cosdec: !astropy.table.SerializedColumn
#         __class__: astropy.units.quantity.Quantity
#         unit: !astropy.units.Unit {unit: mas / yr}
#         value: !astropy.table.SerializedColumn {name: SkyCoord.pm_ra_cosdec}
#       ra: !astropy.table.SerializedColumn
#         __class__: astropy.coordinates.angles.Longitude
#         unit: *id001
#         value: !astropy.table.SerializedColumn {name: SkyCoord.ra}
#         wrap_angle: !astropy.coordinates.Angle
#           unit: *id001
#           value: 360.0
#       representation_type: spherical
# schema: astropy-2.0
RA_ICRS_1 DE_ICRS_1 e_RA_ICRS e_DE_ICRS _r_1 HIP TYC2 Source rgeo Plx e_Plx pmRA pmDE e_pmRA e_pmDE RUWE Teff logg Gmag BP-RP BPmag RPmag RV e_RV b_rgeo B_rgeo FG e_FG FBP e_FBP FRP e_FRP RAVE5 RAVE6 e_Gmag e_BPmag e_RPmag e_BP-RP SkyCoord.ra SkyCoord.dec SkyCoord.distance SkyCoord.pm_ra_cosdec SkyCoord.pm_dec
[from data line 201]
130.74015601005 -46.43284271946 0.0127 0.0126 16.8106 "" "" 5329827197702132736 1959.36401 0.4762 0.0146 -3.75 2.735 0.017 0.016 1.016 8224.6 4.3058 14.308365 0.592896 14.519938 13.927043 "" "" 1902.13965 2020.88025 35612.35475 9.1193 21254.0 24.379 21298.0 68.38 "" "" 0.0027693117831441155 0.0030554873 0.0051415176 0.008197005 130.74015601005 -46.43284271946 1959.36401 -3.749999999999999 2.7350000000000003
130.2143257644 -46.37479583553 0.014 0.0127 10.1982 "" "" 5521981904215473280 1548.70032 0.6131 0.0158 -4.725 5.689 0.019 0.016 1.054 9247.3 4.1915 14.313356 0.805358 14.629745 13.824387 "" "" 1511.32874 1583.0835 35449.02604 7.4376 19210.0 17.385 23410.0 13.821 "" "" 0.0027647209682242274 0.0029581292 0.0038333556 0.0067914845 130.2143257644 -46.37479583553 1548.70032 -4.725 5.689000000000002
130.03971142969 -46.35862787418 0.0638 0.0606 16.186 "" "" 5521619202820891904 1775.25879 0.5495 0.0694 -1.502 1.531 0.082 0.083 4.685 7098.0 3.7986 14.318644 1.02463 14.730433 13.705804 "" "" 1588.05835 2009.24316 35276.79728 17.412 17508.0 20.573 26112.0 19.941 "" "" 0.0028069517813149513 0.003068018 0.0038692649 0.006937283 130.03971142969 -46.35862787418 1775.25879 -1.5019999999999998 1.5310000000000001
130.08004759568 -46.34554703116 0.0136 0.0147 14.3529 "" "" 5521619408979336320 2069.19482 0.4516 0.0156 -1.001 1.917 0.018 0.02 0.98 9624.2 4.2359 14.324697 0.810002 14.613177 13.803175 "" "" 2004.17224 2138.16333 35080.66533 7.2746 19505.0 66.529 23872.0 109.74 "" "" 0.002764503652592884 0.004636756 0.0062606134 0.01089737 130.08004759568 -46.34554703116 2069.19482 -1.0009999999999997 1.9169999999999998
130.8656510601 -46.42789787679 0.0128 0.0129 21.1307 "" "" 5329827781817746688 1605.10925 0.5869 0.0147 -1.561 2.43 0.017 0.016 0.935 6020.6 3.9493 14.325028 0.997248 14.724392 13.727144 18.98 9.48 1573.2688 1642.46838 35069.9764 6.8254 17606.0 30.299 25604.0 59.894 "" "" 0.0027634110586962925 0.0033580235 0.0045534954 0.007911519 130.8656510601 -46.42789787679 1605.10925 -1.5610000000000004 2.4300000000000006
130.09948765714 -46.39178845019 0.0134 0.0133 14.7352 "" "" 5521618481266420096 1779.24231 0.5248 0.0155 -5.858 5.211 0.018 0.017 0.938 8400.5 4.3066 14.33213 0.711378 14.606134 13.894756 "" "" 1737.92883 1819.77246 34841.33903 9.3828 19632.0 17.285 21941.0 18.784 "" "" 0.0027707906968673437 0.0029493836 0.0038920075 0.0068413913 130.09948765714 -46.39178845019 1779.24231 -5.857999999999999 5.210999999999999
130.52074159982 -45.96954095971 0.0126 0.0146 18.6636 "" "" 5522005608128706176 1815.32556 0.5181 0.0161 -5.689 4.976 0.018 0.018 1.025 9625.4 4.2579 14.333507 0.654914 14.575791 13.920877 "" "" 1769.08484 1857.9657 34797.19138 9.8444 20188.0 16.431 21419.0 22.536 "" "" 0.0027723886302372346 0.0029267624 0.0039482536 0.006875016 130.52074159982 -45.96954095971 1815.32556 -5.689000000000001 4.976000000000001
130.53542869198 -46.02200912222 0.0137 0.0151 15.8258 "" "" 5522004856520501248 1935.56042 0.4768 0.0169 -3.287 6.332 0.018 0.018 1.125 6640.5 3.8886 14.333999 1.06991 14.78178 13.71187 38.2 7.4 1868.1051 1998.85815 34781.41229 6.3631 16700.0 17.252 25966.0 13.57 "" "" 0.0027624705365329114 0.0030071728 0.0038217385 0.0068289116 130.53542869198 -46.02200912222 1935.56042 -3.287 6.332000000000001
130.45689591145 -46.47939304918 0.0135 0.015 12.6713 "" "" 5329824689441394816 1643.93787 0.5783 0.0161 -5.745 5.002 0.017 0.016 1.006 9298.3 4.182 14.347788 0.656448 14.599008 13.942559 "" "" 1599.65808 1702.30261 34342.47259 11.035 19761.0 19.314 20996.0 16.884 "" "" 0.0027773189390651984 0.0029851538 0.0038789208 0.0068640746 130.45689591145 -46.47939304918 1643.93787 -5.745000000000001 5.002
130.49033377742 -46.54925304993 0.0129 0.0137 17.0422 "" "" 5329822078101309440 1586.07104 0.5936 0.0148 -5.694 7.049 0.017 0.016 1.069 7957.0 4.0749 14.350395 0.879796 14.699659 13.819863 "" "" 1554.8407 1630.46899 34260.09707 6.0613 18012.0 17.327 23508.0 12.415 "" "" 0.0027620078590789537 0.0029792474 0.0038226314 0.006801879 130.49033377742 -46.54925304993 1586.07104 -5.694 7.049000000000001
130.77147565356 -46.37025153372 0.0282 0.0275 16.1615 "" "" 5329829121847475968 2083.76562 0.4531 0.032 -3.006 3.777 0.042 0.035 2.122 "" "" 14.359077 2.247098 15.527905 13.280807 30.21 2.18 1975.50232 2213.59692 33987.22882 14.93 8399.5 10.828 38622.0 21.656 "" "" 0.002796295048667569 0.0031215486 0.0038281004 0.006949649 130.77147565356 -46.37025153372 2083.76562 -3.0060000000000002 3.7769999999999992
130.29019373988 -45.93906723079 0.0235 0.0235 20.5088 "" "" 5522008807890142720 1820.25085 0.5124 0.0269 -3.061 4.209 0.032 0.03 1.907 7062.9 3.7789 14.359445 0.849349 14.667167 13.817818 "" "" 1741.41504 1922.99854 33975.74243 16.215 18559.0 20.679 23552.0 23.508 "" "" 0.002803620797811441 0.0030411459 0.0039316854 0.006972831 130.29019373988 -45.93906723079 1820.25085 -3.060999999999999 4.209
130.23366890219 -46.13658840373 0.0127 0.0128 10.8566 "" "" 5522000458473790848 1648.96631 0.5724 0.0147 -3.994 5.588 0.016 0.016 0.946 6682.2 3.7004 14.369079 1.271987 14.925206 13.653219 31.21 6.8 1609.25378 1687.86401 33675.60716 5.6648 14633.0 14.783 27408.0 15.322 "" "" 0.0027613667629628543 0.0029980266 0.0038278103 0.006825837 130.23366890219 -46.13658840373 1648.96631 -3.9939999999999998 5.587999999999999
130.38344281518 -46.25196324619 0.0127 0.0142 1.5501 "" "" 5521984378116431488 1780.60278 0.5278 0.0157 -5.742 4.962 0.018 0.017 0.984 "" "" 14.378839 0.91795 14.746591 13.828641 "" "" 1728.46875 1821.49524 33374.20999 6.983 17250.0 18.511 23319.0 15.249 "" "" 0.0027646693566824726 0.0030236598 0.0038454935 0.006869153 130.38344281518 -46.25196324619 1780.60278 -5.741999999999999 4.962
130.33258919796 -46.27939355482 0.0186 0.0194 3.2108 "" "" 5521984000159288064 1514.71936 0.6232 0.0221 -6.628 6.527 0.025 0.023 1.507 8147.6 4.0388 14.382285 1.140666 14.862127 13.721461 "" "" 1471.90686 1570.36499 33268.47199 6.8005 15508.0 13.717 25738.0 13.5 "" "" 0.0027642442044437114 0.0029508155 0.0038220468 0.0067728623 130.33258919796 -46.27939355482 1514.71936 -6.628 6.527000000000001
130.04454543352 -46.08678876141 0.038 0.0438 18.7394 "" "" 5522047325159324416 1777.74829 0.5455 0.0463 -6.172 4.762 0.05 0.056 3.931 7647.1 4.0099 14.403468 0.769808 14.637245 13.867437 "" "" 1665.41431 1962.80444 32625.6678 22.131 19077.0 19.555 22500.0 25.106 "" "" 0.0028520527036092883 0.0030039449 0.0039688074 0.0069727525 130.04454543352 -46.08678876141 1777.74829 -6.171999999999999 4.762
129.9772471904 -46.39489775098 0.0146 0.0145 19.3747 "" "" 5521617622272910464 1713.41748 0.5483 0.0169 -5.874 4.879 0.019 0.02 0.994 9483.3 4.1209 14.407326 0.77477 14.684861 13.910091 "" "" 1668.47778 1763.94641 32509.9549 8.75 18259.0 25.67 21633.0 138.7 "" "" 0.0027707732346668253 0.0031804084 0.007920985 0.011101393 129.9772471904 -46.39489775098 1713.41748 -5.873999999999999 4.878999999999999
129.94895510104 -46.32781799331 0.0142 0.0148 19.3751 "" "" 5521622398276510464 1723.21545 0.5512 0.0164 -5.785 5.18 0.018 0.02 1.051 9421.8 4.1729 14.407584 0.708116 14.678049 13.969933 "" "" 1665.81287 1780.32788 32502.23149 9.2191 18374.0 18.371 20473.0 18.164 "" "" 0.0027724774289059374 0.0029939082 0.0039002106 0.006894119 129.94895510104 -46.32781799331 1723.21545 -5.785000000000001 5.18
130.12241402884 -46.4031838415 0.0146 0.0139 14.284 "" "" 5521618206388524032 1738.22485 0.5351 0.0163 -5.847 5.013 0.018 0.017 0.978 9033.5 4.2101 14.409958 0.75681 14.704624 13.947814 "" "" 1695.62988 1785.4458 32431.23307 9.6429 17929.0 16.273 20895.0 24.442 "" "" 0.002774167629369823 0.002959082 0.003987071 0.006946153 130.12241402884 -46.4031838415 1738.22485 -5.847000000000001 5.013
130.46738397615 -46.36634590652 0.014 0.0152 6.2219 "" "" 5521979945710288896 1988.53918 0.4675 0.0171 -3.214 7.412 0.018 0.017 1.02 4783.2 2.969 14.41153 1.853527 15.326934 13.473407 45.47 2.85 1933.93555 2063.55029 32384.3245 8.3438 10107.0 19.653 32344.0 23.359 "" "" 0.002769484324576295 0.003498892 0.0038598676 0.0073587596 130.46738397615 -46.36634590652 1988.53918 -3.213999999999999 7.411999999999999
130.50848248675 -46.43054955596 0.0144 0.0143 10.4325 "" "" 5329824861240093568 1538.83777 0.6145 0.0162 -5.663 5.562 0.019 0.016 0.946 9188.1 4.3657 14.415092 0.823732 14.740343 13.916611 "" "" 1497.89062 1579.98682 32278.24142 7.6222 17349.0 15.858 21504.0 19.73 "" "" 0.002767223034128155 0.0029614116 0.003908462 0.0068698735 130.50848248675 -46.43054955596 1538.83777 -5.663 5.561999999999999
130.42000570447 -46.27174232704 0.013 0.0142 0.4596 "" "" 5521983656561964544 1690.72998 0.5597 0.0161 -5.718 5.084 0.018 0.016 1.008 9923.1 4.0711 14.421554 1.057765 14.858664 13.800899 "" "" 1639.21399 1739.95923 32086.71844 6.0762 15558.0 19.54 23922.0 19.12 "" "" 0.0027629806928867852 0.003105563 0.0038777296 0.0069832928 130.42000570447 -46.27174232704 1690.72998 -5.718 5.0840000000000005
130.44611757612 -46.45267107334 0.0146 0.016 11.0196 "" "" 5521978365162501760 1963.45837 0.4764 0.0176 -4.703 4.225 0.019 0.017 1.003 9540.0 4.0592 14.422389 0.597022 14.629837 14.032815 "" "" 1910.49255 2036.91809 32062.03752 10.561 19208.0 63.341 19321.0 81.475 "" "" 0.0027784332163585473 0.004539168 0.0059368336 0.010476002 130.44611757612 -46.45267107334 1963.45837 -4.702999999999999 4.225
130.43420155312 -46.63054297297 0.0131 0.0155 21.6093 "" "" 5329821150388963840 1625.69934 0.5783 0.016 -5.829 5.054 0.016 0.018 1.024 8736.4 4.1801 14.424201 0.70092 14.689289 13.988369 "" "" 1595.0708 1674.71094 32008.56699 10.594 18184.0 23.587 20128.0 18.685 "" "" 0.002778654720838032 0.0031254552 0.0039114687 0.007036924 130.43420155312 -46.63054297297 1625.69934 -5.829000000000001 5.054000000000002
129.91963543197 -46.28998541961 0.0132 0.0146 20.3258 "" "" 5521623429068637184 1690.82471 0.5564 0.0157 -5.901 5.07 0.017 0.019 0.973 9242.7 4.1821 14.428583 0.696694 14.685302 13.988607 "" "" 1643.24316 1735.97351 31879.64859 9.1024 18251.0 31.078 20124.0 38.043 "" "" 0.0027727047476948283 0.0033471063 0.0043007573 0.0076478636 129.91963543197 -46.28998541961 1690.82471 -5.900999999999999 5.070000000000001
130.74860634934 -46.09373785281 0.0134 0.0144 17.6605 "" "" 5522012518743107584 2043.35034 0.456 0.0164 -5.142 5.125 0.017 0.017 1.058 9159.0 4.0961 14.432339 0.957101 14.821394 13.864293 "" "" 1989.97107 2118.21777 31769.55805 5.7815 16101.0 20.651 22565.0 13.899 "" "" 0.002762395550894652 0.0031183744 0.0038380949 0.0069564693 130.74860634934 -46.09373785281 2043.35034 -5.142 5.125
130.863299424 -46.13660584995 0.0138 0.0142 20.5113 "" "" 5329857984028823424 1814.75317 0.5137 0.0162 -2.931 2.218 0.019 0.019 0.969 9198.1 4.1923 14.442422 0.71261 14.715838 14.003228 "" "" 1761.48718 1868.26123 31475.88271 8.7305 17745.0 15.74 19855.0 13.853 "" "" 0.002771729033952422 0.0029516998 0.0038545525 0.0068062525 130.863299424 -46.13660584995 1814.75317 -2.931 2.218
130.71059135033 -46.4324771897 0.0131 0.0136 15.8142 "" "" 5329827438220285952 1637.18896 0.5763 0.0153 -1.469 -0.07 0.017 0.016 1.014 6629.1 3.9898 14.44944 0.99641 14.856765 13.860354 10.33 7.95 1601.48108 1671.51782 31273.09912 6.0644 15585.0 12.975 22647.0 18.451 "" "" 0.002763352646273289 0.0029329336 0.00388152 0.0068144538 130.71059135033 -46.4324771897 1637.18896 -1.4689999999999999 -0.07000000000000006
130.25019315019 -46.01799911434 0.0127 0.0129 16.5429 "" "" 5522007983256870912 1702.34973 0.5515 0.0148 -5.825 4.956 0.017 0.017 0.96 "" "" 14.450818 0.672582 14.70649 14.033908 "" "" 1658.29126 1746.14563 31233.42504 8.0062 17899.0 13.887 19302.0 15.31 "" "" 0.0027693404767263462 0.0029145563 0.003876257 0.006790813 130.25019315019 -46.01799911434 1702.34973 -5.825 4.956000000000001
130.6577845994 -46.51797185819 0.0141 0.0165 18.0529 "" "" 5329820703711842304 1796.80164 0.5202 0.0163 -4.422 7.595 0.018 0.019 1.107 7072.5 4.0106 14.453032 0.872457 14.796233 13.923777 46.02 10.95 1748.75903 1855.00977 31169.8164 9.6833 16479.0 30.235 21362.0 36.794 "" "" 0.0027758888979189144 0.0034283188 0.004216742 0.0076450603 130.6577845994 -46.51797185819 1796.80164 -4.422 7.594999999999999
130.14787714992 -46.36035548187 0.0144 0.0136 12.082 "" "" 5521618446906692096 1572.07739 0.6027 0.0159 -5.625 3.23 0.019 0.018 0.945 8618.3 4.2093 14.461219 1.000124 14.871967 13.871843 "" "" 1533.37817 1607.9519 30935.64333 7.0696 15368.0 15.731 22409.0 14.715 "" "" 0.002766469307962884 0.0030033677 0.0038460412 0.006849409 130.14787714992 -46.36035548187 1572.07739 -5.625 3.23
130.71625885522 -46.11922159859 0.0138 0.0162 15.6703 "" "" 5521988913602050816 2044.7146 0.4547 0.0174 -9.007 7.44 0.018 0.018 1.043 4715.3 3.034 14.461267 1.980045 15.460497 13.480452 83.21 1.72 1971.50623 2113.27368 30934.28143 7.5736 8937.5 9.2719 32135.0 24.8 "" "" 0.002768112955961345 0.0030089424 0.0038711524 0.0068800948 130.71625885522 -46.11922159859 2044.7146 -9.007 7.440000000000001
130.41712541669 -46.13144073994 0.0133 0.0144 8.3687 "" "" 5522002657497214336 1609.47681 0.5867 0.016 -4.322 3.13 0.017 0.017 1.037 9001.5 3.8275 14.462197 1.289541 15.025434 13.735892 "" "" 1580.27344 1649.15649 30907.79339 6.9056 13343.0 16.767 25398.0 14.682 "" "" 0.0027659781635514654 0.0031058819 0.0038311433 0.006937025 130.41712541669 -46.13144073994 1609.47681 -4.321999999999999 3.1299999999999994
130.43526239874 -46.61932954145 0.0138 0.0154 20.9396 "" "" 5329821356547390848 1830.13562 0.5125 0.0169 -5.698 4.93 0.018 0.018 0.975 9338.3 4.1985 14.463874 0.72609 14.744246 14.018157 "" "" 1768.36511 1887.49512 30860.08338 9.8301 17287.0 14.074 19584.0 16.28 "" "" 0.0027769407958118547 0.0029268407 0.003885659 0.0068125 130.43526239874 -46.61932954145 1830.13562 -5.6979999999999995 4.93
130.58350113841 -45.94966495005 0.0141 0.0166 20.5902 "" "" 5522028942697891328 1730.89771 0.5446 0.0186 -5.82 7.335 0.02 0.019 1.074 6287.9 3.7969 14.466799 1.308816 15.042957 13.734141 30.49 6.99 1684.8584 1785.64014 30777.05611 7.9434 13129.0 14.349 25439.0 19.885 "" "" 0.002769533225405154 0.003032018 0.0038735003 0.0069055185 130.58350113841 -45.94966495005 1730.89771 -5.82 7.334999999999998
130.2249520967 -46.33730365334 0.0147 0.014 8.6094 "" "" 5521982110373900928 1672.31958 0.5623 0.0164 -5.493 5.017 0.018 0.018 0.905 9732.8 4.2535 14.474019 0.920186 14.843395 13.923209 "" "" 1634.03906 1718.68579 30573.08167 5.716 15778.0 15.833 21373.0 12.487 "" "" 0.0027627875147692034 0.0029953471 0.0038322455 0.006827593 130.2249520967 -46.33730365334 1672.31958 -5.493 5.017000000000001
130.14376223988 -45.98526334682 0.0136 0.0138 20.3759 "" "" 5522049489822989696 1563.10803 0.6069 0.0155 -6.211 5.941 0.018 0.018 1.066 5796.8 3.5531 14.488765 1.404618 15.120489 13.715871 48.03 5.33 1529.60632 1612.83081 30160.66087 7.6927 12224.0 15.257 25871.0 17.752 "" "" 0.0027692014890457924 0.003101841 0.0038521108 0.006953952 130.14376223988 -45.98526334682 1563.10803 -6.211000000000001 5.940999999999999
129.95719735748 -46.4102982006 0.0146 0.0158 20.5012 "" "" 5521617484834626688 1431.80713 0.6631 0.0175 -4.976 4.725 0.019 0.021 0.956 8467.0 4.22 14.488958 0.903554 14.849839 13.946285 "" "" 1391.74231 1468.84216 30155.29013 8.5374 15685.0 26.733 20924.0 25.147 "" "" 0.002772413494395408 0.0033480402 0.0039982996 0.0073463395 129.95719735748 -46.4102982006 1431.80713 -4.976000000000001 4.725
130.62568093238 -46.42523365047 0.0141 0.0148 12.8989 "" "" 5329830118279831552 1837.40881 0.5074 0.0164 -4.769 3.069 0.018 0.017 1.057 6359.4 3.7086 14.493394 1.069365 14.92411 13.854746 25.86 12.21 1789.88977 1895.63416 30032.35222 6.5436 14648.0 30.839 22765.0 46.262 "" "" 0.0027654570539951185 0.0036069548 0.0043762834 0.007983238 130.62568093238 -46.42523365047 1837.40881 -4.768999999999999 3.068999999999999
