Clusters/Pismis_8/Pismis_8_stars_in_region.tsv
# %ECSV 1.0
# ---
# datatype:
# - name: RA_ICRS_1
#   unit: deg
#   datatype: float64
#   format: '{:15.11f}'
#   description: Right ascension (ICRS) at Ep=2016.0 (ra)
#   meta: !!omap
#   - {ucd: POS_EQ_RA_MAIN}
#   - {width: 15}
#   - {precision: '11'}
# - name: DE_ICRS_1
#   unit: deg
#   datatype: float64
#   format: '{:15.11f}'
#   description: Declination (ICRS) at Ep=2016.0 (dec)
#   meta: !!omap
#   - {ucd: POS_EQ_DEC_MAIN}
#   - {width: 15}
#   - {precision: '11'}
# - name: e_RA_ICRS
#   unit: mas
#   datatype: float64
#   format: '{:7.4f}'
#   description: Standard error of right ascension (ra_error)
#   meta: !!omap
#   - {ucd: ERROR}
#   - {width: 7}
#   - {precision: '4'}
# - name: e_DE_ICRS
#   unit: mas
#   datatype: float64
#   format: '{:7.4f}'
#   description: Standard error of declination (dec_error)
#   meta: !!omap
#   - {ucd: ERROR}
#   - {width: 7}
#   - {precision: '4'}
# - name: _r_1
#   unit: ''
#   datatype: float64
#   format: '{:7.4f}'
#   description: Distance from center (130.40900809000-46.27080585000)[ICRS], at Epoch=J2016.0
#   meta: !!omap
#   - {ucd: POS_ANG_DIST_GENERAL}
#   - {width: 7}
#   - {precision: '4'}
# - name: HIP
#   datatype: int32
#   description: '? HIP cross-id number, van Leeuwen, Cat. I/311 (hip_original_ext_source_id)'
#   meta: !!omap
#   - {ucd: ID_NUMBER}
#   - {width: 6}
#   - values: {'null': -2147483648}
# - name: TYC2
#   datatype: string
#   description: Tycho-2 cross-id name, Hog et al., Cat. I/259 (tyc2_original_ext_source_id)
#   meta: !!omap
#   - {ucd: ID_CROSSID}
#   - {_votable_string_dtype: char}
# - name: Source
#   datatype: int64
#   description: Source identifier, identical to the Gaia-EDR3 source_id (id)
#   meta: !!omap
#   - {ucd: ID_MAIN}
#   - {width: 19}
# - name: rgeo
#   unit: pc
#   datatype: float64
#   format: '{:15.8f}'
#   description: '? Median of the geometric distance posterior (r_med_geo)'
#   meta: !!omap
#   - {ucd: PHYS_DISTANCE_TRUE}
#   - {width: 15}
#   - {precision: '8'}
#   - values: {'null': .nan}
# - name: Plx
#   unit: mas
#   datatype: float64
#   format: '{:9.4f}'
#   description: '? Parallax (parallax)'
#   meta: !!omap
#   - {ucd: POS_PARLX_TRIG}
#   - {width: 9}
#   - {precision: '4'}
#   - values: {'null': .nan}
# - name: e_Plx
#   unit: mas
#   datatype: float32
#   format: '{:7.4f}'
#   description: '? Standard error of parallax (parallax_error)'
#   meta: !!omap
#   - {ucd: ERROR}
#   - {width: 7}
#   - {precision: '4'}
#   - values: {'null': .nan}
# - name: pmRA
#   unit: mas / yr
#   datatype: float64
#   format: '{:9.3f}'
#   description: '? Proper motion in right ascension direction, pmRA*cosDE (pmra)'
#   meta: !!omap
#   - {ucd: POS_EQ_PMRA}
#   - {width: 9}
#   - {precision: '3'}
#   - values: {'null': .nan}
# - name: pmDE
#   unit: mas / yr
#   datatype: float64
#   format: '{:9.3f}'
#   description: '? Proper motion in declination direction (pmdec)'
#   meta: !!omap
#   - {ucd: POS_EQ_PMDEC}
#   - {width: 9}
#   - {precision: '3'}
#   - values: {'null': .nan}
# - name: e_pmRA
#   unit: mas / yr
#   datatype: float32
#   format: '{:6.3f}'
#   description: '? Standard error of proper motion in right ascension direction (pmra_error)'
#   meta: !!omap
#   - {ucd: ERROR}
#   - {width: 6}
#   - {precision: '3'}
#   - values: {'null': .nan}
# - name: e_pmDE
[...]
#         unit: &id001 !astropy.units.Unit {unit: deg}
#         value: !astropy.table.SerializedColumn {name: SkyCoord.dec}
#       distance: !astropy.table.SerializedColumn
#         __class__: astropy.coordinates.distances.Distance
#         unit: !astropy.units.Unit {unit: pc}
#         value: !astropy.table.SerializedColumn {name: SkyCoord.distance}
#       frame: icrs
#       obstime: !astropy.time.Time {format: jyear_str, in_subfmt: '*', jd1: 367701545.0, jd2: 0.0, out_subfmt: '*', precision: 3, scale: tt}
#       pm_dec: !astropy.table.SerializedColumn
#         __class__: astropy.units.quantity.Quantity
#         unit: !astropy.units.Unit {unit: mas / yr}
#         value: !astropy.table.SerializedColumn {name: SkyCoord.pm_dec}
#       pm_ra_cosdec: !astropy.table.SerializedColumn
#         __class__: astropy.units.quantity.Quantity
#         unit: !astropy.units.Unit {unit: mas / yr}
#         value: !astropy.table.SerializedColumn {name: SkyCoord.pm_ra_cosdec}
#       ra: !astropy.table.SerializedColumn
#         __class__: astropy.coordinates.angles.Longitude
#         unit: *id001
#         value: !astropy.table.SerializedColumn {name: SkyCoord.ra}
#         wrap_angle: !astropy.coordinates.Angle
#           unit: *id001
#           value: 360.0
#       representation_type: spherical
# schema: astropy-2.0
RA_ICRS_1 DE_ICRS_1 e_RA_ICRS e_DE_ICRS _r_1 HIP TYC2 Source rgeo Plx e_Plx pmRA pmDE e_pmRA e_pmDE RUWE Teff logg Gmag BP-RP BPmag RPmag RV e_RV b_rgeo B_rgeo FG e_FG FBP e_FBP FRP e_FRP RAVE5 RAVE6 e_Gmag e_BPmag e_RPmag e_BP-RP SkyCoord.ra SkyCoord.dec SkyCoord.distance SkyCoord.pm_ra_cosdec SkyCoord.pm_dec
[from data line 688]
130.7886519269 -46.17334668295 0.0338 0.0337 16.8096 "" "" 5329857674791160832 1819.09448 0.5213 0.0392 -2.891 2.822 0.044 0.043 1.282 6003.4 4.3314 15.900475 1.410621 16.488468 15.077848 "" "" 1721.85742 1938.10999 8217.82215 3.9783 3467.6 12.663 7379.4 45.373 "" "" 0.002805005729757769 0.0048482423 0.0076713436 0.012519586 130.7886519269 -46.17334668295 1819.09448 -2.891 2.822
130.18146765715 -46.51690937019 0.026 0.027 17.5129 "" "" 5521604703012047232 1531.28674 0.6148 0.0302 -0.957 -0.312 0.032 0.034 0.993 6691.3 4.3394 15.902229 1.390523 16.520576 15.130054 "" "" 1463.20117 1606.32751 8204.55837 3.0285 3366.6 8.9737 7032.9 12.087 "" "" 0.0027843144728889905 0.0040200134 0.0042149294 0.008234942 130.18146765715 -46.51690937019 1531.28674 -0.957 -0.31200000000000006
130.76587209701 -46.16023751007 0.0255 0.0259 16.2333 "" "" 5522011281792568448 1726.84827 0.5425 0.03 -5.246 6.443 0.034 0.031 1.028 6049.4 4.2664 15.90515 1.21195 16.424765 15.212814 "" "" 1623.67578 1820.49072 8182.5113 2.9326 3677.1 9.7788 6516.8 10.587 "" "" 0.0027826621482920787 0.004015225 0.004170721 0.008185945 130.76587209701 -46.16023751007 1726.84827 -5.246 6.443
130.60256654827 -46.48906712643 0.0254 0.0277 15.3521 "" "" 5329823894852732800 2010.10498 0.4631 0.0295 -5.672 9.245 0.034 0.033 0.994 6510.0 4.3678 15.911482 1.092318 16.369705 15.277387 "" "" 1892.04028 2163.53833 8134.93459 3.1548 3868.4 13.308 6140.5 12.979 "" "" 0.002787306827739304 0.0046622143 0.004421566 0.00908378 130.60256654827 -46.48906712643 2010.10498 -5.672000000000001 9.244999999999997
129.98182068461 -46.27910123082 0.0259 0.0288 17.7232 "" "" 5521623325989447040 1763.99426 0.5347 0.0305 -5.953 5.298 0.034 0.037 1.068 7483.2 4.3082 15.914099 1.37304 16.521854 15.148814 "" "" 1686.26147 1883.48022 8115.35263 3.2881 3362.6 9.6311 6912.5 9.5478 "" "" 0.0027902165689429517 0.004177986 0.0040660426 0.008244028 129.98182068461 -46.27910123082 1763.99426 -5.953000000000001 5.298000000000001
130.67302761926 -46.45147125657 0.0261 0.0274 15.3953 "" "" 5329826922824197376 1685.98438 0.5663 0.0302 -3.027 6.033 0.034 0.032 1.043 5232.4 4.3763 15.916327 1.223936 16.450117 15.226181 "" "" 1608.10706 1772.78943 8098.71626 3.1249 3592.3 10.081 6437.0 13.13 "" "" 0.002786986545822619 0.004131407 0.0043804576 0.008511865 130.67302761926 -46.45147125657 1685.98438 -3.0270000000000006 6.0329999999999995
130.72108551746 -46.28902884159 0.0261 0.0291 12.9874 "" "" 5329833245016027648 1504.10938 0.6418 0.032 -4.112 1.026 0.033 0.032 0.959 5870.4 4.5216 15.919671 1.177407 16.427519 15.250112 "" "" 1429.37817 1569.36841 8073.80807 3.1599 3667.8 9.4843 6296.7 8.9583 "" "" 0.0027878946212100053 0.003958188 0.00408286 0.008041048 130.72108551746 -46.28902884159 1504.10938 -4.112 1.0259999999999998
130.73708410667 -46.2323414803 0.0249 0.0276 13.806 "" "" 5329833966570521856 1870.58044 0.4975 0.0308 -5.787 5.904 0.033 0.031 0.958 6593.9 4.4046 15.91985 1.056269 16.3598 15.303532 "" "" 1772.54431 1977.50342 8072.47337 3.0295 3903.9 13.012 5994.4 9.302 "" "" 0.0027852855969066966 0.004569581 0.004137918 0.008707499 130.73708410667 -46.2323414803 1870.58044 -5.787000000000001 5.904000000000002
130.6633558518 -46.2759634527 0.0264 0.0282 10.5531 "" "" 5521987092535933056 2078.78809 0.4387 0.0324 -4.553 3.991 0.035 0.031 1.035 6880.1 4.3672 15.91995 1.08184 16.373026 15.291185 "" "" 1964.73865 2223.53857 8071.73693 2.8151 3856.6 8.8818 6063.0 7.6884 "" "" 0.002781218064234566 0.0037466479 0.004022353 0.0077690007 130.6633558518 -46.2759634527 2078.78809 -4.552999999999999 3.991
129.97804298612 -46.39515303748 0.0304 0.0308 19.3502 "" "" 5521617622258838912 1480.38721 0.6485 0.0357 -9.323 9.359 0.04 0.042 1.137 "" "" 15.922373 1.305918 16.41333 15.107412 "" "" 1405.40759 1547.20203 8053.73715 4.0601 3716.1 47.022 7181.1 63.605 "" "" 0.0028091598927548734 0.014018925 0.010332668 0.024351593 129.97804298612 -46.39515303748 1480.38721 -9.323 9.359000000000002
130.12150886406 -46.40653689989 0.0925 0.084 14.4275 "" "" 5521618206389117440 1714.84595 0.5992 0.0991 -4.46 4.602 0.116 0.1 3.031 6887.1 4.4462 15.925552 1.245453 16.431597 15.186144 "" "" 1453.08447 2040.31726 8030.19235 13.777 3654.1 10.997 6678.8 8.9494 "" "" 0.003325898683846729 0.004296711 0.0040497323 0.008346444 130.12150886406 -46.40653689989 1714.84595 -4.460000000000001 4.602
130.69576909929 -46.04248414221 0.0252 0.0281 18.158 "" "" 5522015782918203648 1482.85925 0.6361 0.0317 -5.048 16.125 0.032 0.033 0.998 6751.2 4.3304 15.926008 1.538645 16.638575 15.09993 "" "" 1412.55408 1548.11768 8026.8191 3.205 3019.9 10.401 7230.8 13.355 "" "" 0.0027892165099469737 0.0046656705 0.0042784344 0.008944105 130.69576909929 -46.04248414221 1482.85925 -5.048 16.125000000000004
130.17115853815 -46.02884814811 0.0245 0.0273 17.5642 "" "" 5522002279544138368 2001.88806 0.4741 0.0291 -4.242 3.795 0.032 0.035 1.039 5386.2 4.2836 15.929662 1.121677 16.405703 15.284025 "" "" 1901.20471 2108.01758 7999.85332 2.846 3742.3 7.5409 6103.1 10.025 "" "" 0.002782262467159156 0.0035456375 0.004179041 0.007724678 130.17115853815 -46.02884814811 2001.88806 -4.241999999999999 3.795
130.6967316133 -46.35185954882 0.0277 0.0291 12.8781 "" "" 5329830874194087936 1526.8302 0.6278 0.0322 -6.99 6.375 0.036 0.032 1.009 5967.7 4.4727 15.930746 1.066286 16.375095 15.308809 "" "" 1452.82019 1619.01648 7991.86746 3.2716 3849.3 10.345 5965.3 11.442 "" "" 0.002790938431267054 0.004037238 0.0043151723 0.00835241 130.6967316133 -46.35185954882 1526.8302 -6.99 6.375000000000002
130.011172338 -46.33141511154 0.0271 0.0274 16.8873 "" "" 5521622192118109696 1752.19421 0.5369 0.0315 -4.798 3.758 0.036 0.036 1.032 6124.5 4.2718 15.931758 1.25969 16.47881 15.219119 "" "" 1657.45081 1846.21436 7984.42619 3.0188 3498.6 14.888 6479.0 14.894 "" "" 0.00278573168642346 0.0053973924 0.0045291563 0.009926548 130.011172338 -46.33141511154 1752.19421 -4.798 3.758
130.16255129925 -46.50256253958 0.0273 0.0274 17.2454 "" "" 5521604874810739968 1640.79199 0.586 0.0312 -8.019 8.274 0.033 0.035 0.944 5781.1 4.4136 15.934123 1.235867 16.461535 15.225667 "" "" 1552.5105 1729.93738 7967.05058 2.9999 3554.7 10.629 6440.1 10.472 "" "" 0.0027854845670374504 0.0042807395 0.004171406 0.008452145 130.16255129925 -46.50256253958 1640.79199 -8.019 8.273999999999997
130.87518067499 -46.18362799696 0.0269 0.026 20.0444 "" "" 5329857125035390848 1812.14453 0.516 0.0309 -6.509 8.015 0.036 0.033 0.983 6163.5 4.3141 15.937641 1.181683 16.419363 15.23768 "" "" 1704.73157 1916.0354 7941.27357 3.2249 3695.5 10.855 6369.2 16.731 "" "" 0.0027903747820535803 0.0042374525 0.0047347727 0.008972226 130.87518067499 -46.18362799696 1812.14453 -6.509000000000001 8.015
130.04734146651 -46.2748792308 0.2072 0.2223 15.0016 "" "" 5521622810593320192 1766.09229 0.8032 0.2462 -7.193 5.524 0.276 0.301 8.047 "" "" 15.93827 1.420341 16.460266 15.039925 "" "" 1166.04028 2433.99219 7936.68274 19.283 3558.9 10.778 7641.7 16.494 "" "" 0.0038144928706809705 0.004312393 0.0044469764 0.008759369 130.04734146651 -46.2748792308 1766.09229 -7.193 5.524000000000001
130.64674797756 -46.21916545547 0.0271 0.0299 10.3401 "" "" 5521987470493037184 1734.80725 0.5391 0.0344 -2.162 8.186 0.034 0.032 0.927 5918.3 4.3513 15.938449 1.231037 16.474941 15.243904 "" "" 1622.43848 1857.6853 7935.37057 3.1105 3511.1 8.3881 6332.8 10.069 "" "" 0.0027879944105692047 0.0038096062 0.004154975 0.007964581 130.64674797756 -46.21916545547 1734.80725 -2.162000000000001 8.186
130.17225944709 -45.97492838011 0.0475 0.0521 20.3 "" "" 5522049421103426944 2028.32983 0.4935 0.0559 -6.733 13.027 0.062 0.067 2.007 "" "" 15.939006 1.292908 16.489428 15.19652 "" "" 1805.86536 2244.34521 7931.30389 5.9896 3464.5 7.8636 6615.3 6.8373 "" "" 0.0028747307738460812 0.003722653 0.0039424608 0.0076651135 130.17225944709 -45.97492838011 2028.32983 -6.733 13.027000000000001
130.88519677809 -46.36601599467 0.026 0.0276 20.543 "" "" 5329828503372244736 2042.68091 0.4656 0.0313 -5.301 4.546 0.034 0.034 1.024 6231.7 4.4532 15.943814 1.051869 16.387402 15.335532 "" "" 1937.25342 2143.41113 7896.25208 3.3011 3805.9 11.15 5820.3 10.994 "" "" 0.0027924570390869996 0.004231169 0.0042999685 0.008531137 130.88519677809 -46.36601599467 2042.68091 -5.301000000000001 4.546000000000001
130.20066157827 -46.24860919579 0.0252 0.0265 8.7449 "" "" 5521995373232551808 1585.14001 0.6009 0.0301 0.317 -0.22 0.034 0.034 0.975 6146.6 4.2492 15.946778 1.327321 16.532875 15.205554 "" "" 1524.43408 1654.08179 7874.72337 2.7187 3328.6 5.426 6560.5 10.246 "" "" 0.0027807008538712117 0.0033041646 0.004142346 0.0074465107 130.20066157827 -46.24860919579 1585.14001 0.31700000000000006 -0.22000000000000003
129.94748787205 -46.32017214375 0.0369 0.0382 19.3608 "" "" 5521622398276505984 1787.36401 0.5275 0.0421 -5.757 4.989 0.047 0.049 1.355 7444.0 4.3685 15.95023 1.276183 16.491074 15.21489 "" "" 1668.09705 1927.82617 7849.73639 4.0531 3459.3 10.927 6504.3 10.21 "" "" 0.0028117728830542015 0.0044211824 0.004145891 0.008567073 129.94748787205 -46.32017214375 1787.36401 -5.757 4.988999999999999
130.55309501948 -46.32877271981 0.0262 0.0309 6.9117 "" "" 5521985202750442240 1999.67395 0.4676 0.0323 -2.842 1.117 0.036 0.036 0.995 5327.9 3.7647 15.951708 1.595651 16.694155 15.098504 "" "" 1866.41772 2142.73853 7839.05303 3.0887 2869.2 14.988 7240.3 10.434 "" "" 0.0027883325792109116 0.0063207857 0.004090461 0.010411247 130.55309501948 -46.32877271981 1999.67395 -2.842 1.1170000000000004
130.55439882587 -46.32726937825 0.0282 0.0341 6.9139 "" "" 5521985202750442368 1714.32544 0.5477 0.0359 -5.063 4.256 0.038 0.037 1.081 7100.3 4.3593 15.954579 1.380091 16.565163 15.185072 "" "" 1629.1842 1816.83521 7818.34719 3.3487 3231.1 11.487 6685.4 8.9645 "" "" 0.002794288264356888 0.0047627916 0.0040500974 0.008812889 130.55439882587 -46.32726937825 1714.32544 -5.062999999999999 4.256
130.65642353979 -46.33258760366 0.0264 0.0285 10.9051 "" "" 5329831595748566656 1463.89612 0.6516 0.0327 -5.989 -4.432 0.035 0.032 1.007 6133.8 4.4271 15.955593 1.174611 16.452518 15.277907 "" "" 1391.99548 1544.37476 7811.05388 3.2667 3584.3 11.88 6137.6 11.749 "" "" 0.0027924845628007205 0.004553585 0.0043131686 0.008866753 130.65642353979 -46.33258760366 1463.89612 -5.988999999999999 -4.432
130.74977701919 -46.00076363032 0.0251 0.0289 21.5234 "" "" 5522016263954553856 1591.91833 0.5933 0.0314 -5.563 7.715 0.033 0.034 1.01 6728.9 4.1654 15.957996 1.668949 16.749777 15.080828 "" "" 1529.76306 1671.78027 7793.7838 3.0932 2725.9 7.7265 7359.1 7.6509 "" "" 0.0027888116817476978 0.0041540363 0.003944349 0.008098385 130.74977701919 -46.00076363032 1591.91833 -5.562999999999999 7.715
130.76913829148 -46.41544270347 0.0265 0.0266 17.2574 "" "" 5329827335141095680 1770.42737 0.5395 0.03 -8.144 3.025 0.036 0.033 1.037 5459.1 3.9472 15.959239 1.2059 16.481224 15.275324 "" "" 1666.02368 1875.70752 7784.8631 2.9687 3490.8 10.954 6152.2 9.9071 "" "" 0.002786254908615584 0.0044037136 0.0041642077 0.008567922 130.76913829148 -46.41544270347 1770.42737 -8.144 3.0250000000000004
130.22666501789 -46.26492999161 0.0265 0.0267 7.5713 "" "" 5521994647379295872 1959.55298 0.4861 0.0305 -5.469 4.766 0.037 0.033 1.038 6617.2 4.1122 15.959289 1.374199 16.563576 15.189377 "" "" 1847.28076 2067.49194 7784.50986 3.5007 3235.8 10.974 6659.0 17.184 "" "" 0.0027982465388113214 0.0046199197 0.0047046673 0.009324587 130.22666501789 -46.26492999161 1959.55298 -5.469 4.766
130.39444328889 -46.22608659662 0.0261 0.03 2.7504 "" "" 5521984549915120000 1787.86047 0.5326 0.0332 -5.673 4.955 0.036 0.036 1.063 7493.4 4.2448 15.962754 1.517149 16.64976 15.13261 "" "" 1680.47314 1922.02649 7759.70318 3.2369 2988.9 8.239 7016.4 9.5149 "" "" 0.0027922954086975864 0.004091736 0.0040560537 0.008147789 130.39444328889 -46.22608659662 1787.86047 -5.673 4.955
130.53099734578 -46.56888546255 0.025 0.03 18.5829 "" "" 5329821768863688320 2064.80811 0.4566 0.0306 -5.136 3.448 0.032 0.034 0.937 5968.1 4.3848 15.962974 1.120907 16.436947 15.31604 "" "" 1940.18176 2188.86987 7758.1333 3.0292 3636.1 9.5694 5925.7 11.997 "" "" 0.002787742235500879 0.003993728 0.0043721376 0.008365866 130.53099734578 -46.56888546255 2064.80811 -5.136000000000001 3.4479999999999995
130.83250012061 -46.07251608732 0.0294 0.0283 21.2407 "" "" 5522012243865252736 1602.48157 0.5931 0.0337 -6.464 4.649 0.039 0.034 1.082 6071.8 4.3789 15.963029 1.220906 16.482288 15.261382 "" "" 1522.36646 1681.08667 7757.73697 3.3185 3487.4 8.3219 6231.7 13.184 "" "" 0.002794189571715157 0.0038075764 0.0044226726 0.0082302485 130.83250012061 -46.07251608732 1602.48157 -6.464 4.649
130.18941962063 -46.06316426637 0.0257 0.0272 15.4426 "" "" 5522002004661926656 1682.54919 0.5677 0.0297 -5.637 5.074 0.035 0.035 0.965 6090.1 4.4287 15.96547 1.130989 16.445734 15.314745 "" "" 1596.4364 1766.74182 7740.31279 3.2419 3606.8 9.1169 5932.8 8.7832 "" "" 0.0027925937797793465 0.0039136745 0.004106992 0.008020666 130.18941962063 -46.06316426637 1682.54919 -5.637 5.074000000000001
130.41710846497 -46.36643447645 0.0285 0.03 5.7475 "" "" 5521979808271303168 1972.59192 0.4794 0.0347 -4.506 4.375 0.036 0.033 1.05 6908.3 4.4175 15.969402 1.243399 16.505383 15.261984 "" "" 1854.89917 2108.1123 7712.33233 3.2655 3414.0 9.7147 6228.2 12.121 "" "" 0.0027934077534743098 0.004162949 0.004329955 0.008492904 130.41710846497 -46.36643447645 1972.59192 -4.506 4.375
130.13096211105 -46.15307437748 0.0245 0.0266 13.534 "" "" 5521999118443902976 1671.11975 0.5738 0.0297 -4.869 6.615 0.031 0.034 0.997 7068.0 4.3448 15.969546 1.250498 16.507938 15.257441 "" "" 1587.8363 1758.71875 7711.31264 2.6954 3406.0 9.0597 6254.3 9.5708 "" "" 0.0027813332374920356 0.0040156506 0.0041284654 0.008144116 130.13096211105 -46.15307437748 1671.11975 -4.869 6.614999999999998
129.92518823888 -46.21019082443 0.0254 0.0294 20.4042 "" "" 5521670669410051072 1829.80481 0.5137 0.0306 -5.847 5.006 0.032 0.038 1.061 6014.7 4.3217 15.9711 1.260559 16.465324 15.204765 "" "" 1743.34229 1924.07886 7700.2819 4.319 3542.3 26.927 6565.3 24.774 "" "" 0.0028218154359029054 0.008712163 0.0055739693 0.0142861325 129.92518823888 -46.21019082443 1829.80481 -5.8469999999999995 5.005999999999999
130.5305150651 -45.95468713317 0.0244 0.0281 19.6289 "" "" 5522005715513930240 1505.06885 0.6381 0.0313 -11.851 10.301 0.033 0.033 0.984 5088.7 4.3135 15.973951 1.267219 16.521076 15.253858 "" "" 1444.23804 1570.13196 7680.08714 3.2615 3365.0 8.6892 6275.0 13.354 "" "" 0.0027936326581538204 0.003955418 0.0044297324 0.00838515 130.5305150651 -45.95468713317 1505.06885 -11.851 10.301000000000002
130.23257017005 -46.55419612458 0.0272 0.0266 18.5037 "" "" 5521601782434280960 1759.82593 0.5411 0.031 -5.773 5.056 0.034 0.034 1.01 5385.2 4.2878 15.976073 1.252178 16.521301 15.269123 "" "" 1658.54712 1837.57495 7665.09547 2.7725 3364.3 11.703 6187.4 9.2462 "" "" 0.002783166371760677 0.004695684 0.004112927 0.008808611 130.23257017005 -46.55419612458 1759.82593 -5.773 5.056
130.63915572965 -46.24371101992 0.0284 0.0295 9.6852 "" "" 5521987367413825792 1711.81128 0.5535 0.0349 -5.683 4.966 0.037 0.032 1.055 5225.9 4.2658 15.978145 1.305906 16.553043 15.247137 "" "" 1585.86401 1834.21716 7650.48402 5.1973 3267.4 11.581 6314.0 12.381 "" "" 0.0028523365531900047 0.0047533573 0.004337783 0.009091141 130.63915572965 -46.24371101992 1711.81128 -5.683 4.965999999999999
