Clusters/IC_4996/IC_4996_stars_in_region.tsv
# %ECSV 1.0
# ---
# datatype:
# - name: RA_ICRS_1
#   unit: deg
#   datatype: float64
#   format: '{:15.11f}'
#   description: Right ascension (ICRS) at Ep=2016.0 (ra)
#   meta: !!omap
#   - {ucd: POS_EQ_RA_MAIN}
#   - {width: 15}
#   - {precision: '11'}
# - name: DE_ICRS_1
#   unit: deg
#   datatype: float64
#   format: '{:15.11f}'
#   description: Declination (ICRS) at Ep=2016.0 (dec)
#   meta: !!omap
#   - {ucd: POS_EQ_DEC_MAIN}
#   - {width: 15}
#   - {precision: '11'}
# - name: e_RA_ICRS
#   unit: mas
#   datatype: float64
#   format: '{:7.4f}'
#   description: Standard error of right ascension (ra_error)
#   meta: !!omap
#   - {ucd: ERROR}
#   - {width: 7}
#   - {precision: '4'}
# - name: e_DE_ICRS
#   unit: mas
#   datatype: float64
#   format: '{:7.4f}'
#   description: Standard error of declination (dec_error)
#   meta: !!omap
#   - {ucd: ERROR}
#   - {width: 7}
#   - {precision: '4'}
# - name: _r_1
#   unit: ''
#   datatype: float64
#   format: '{:7.4f}'
#   description: Distance from center (304.13830714000+37.64890599000)[ICRS], at Epoch=J2016.0
#   meta: !!omap
#   - {ucd: POS_ANG_DIST_GENERAL}
#   - {width: 7}
#   - {precision: '4'}
# - name: HIP
#   datatype: int32
#   description: '? HIP cross-id number, van Leeuwen, Cat. I/311 (hip_original_ext_source_id)'
#   meta: !!omap
#   - {ucd: ID_NUMBER}
#   - {width: 6}
#   - values: {'null': -2147483648}
# - name: TYC2
#   datatype: string
#   description: Tycho-2 cross-id name, Hog et al., Cat. I/259 (tyc2_original_ext_source_id)
#   meta: !!omap
#   - {ucd: ID_CROSSID}
#   - {_votable_string_dtype: char}
# - name: Source
#   datatype: int64
#   description: Source identifier, identical to the Gaia-EDR3 source_id (id)
#   meta: !!omap
#   - {ucd: ID_MAIN}
#   - {width: 19}
# - name: rgeo
#   unit: pc
#   datatype: float64
#   format: '{:15.8f}'
#   description: '? Median of the geometric distance posterior (r_med_geo)'
#   meta: !!omap
#   - {ucd: PHYS_DISTANCE_TRUE}
#   - {width: 15}
#   - {precision: '8'}
#   - values: {'null': .nan}
# - name: Plx
#   unit: mas
#   datatype: float64
#   format: '{:9.4f}'
#   description: '? Parallax (parallax)'
#   meta: !!omap
#   - {ucd: POS_PARLX_TRIG}
#   - {width: 9}
#   - {precision: '4'}
#   - values: {'null': .nan}
# - name: e_Plx
#   unit: mas
#   datatype: float32
#   format: '{:7.4f}'
#   description: '? Standard error of parallax (parallax_error)'
#   meta: !!omap
#   - {ucd: ERROR}
#   - {width: 7}
#   - {precision: '4'}
#   - values: {'null': .nan}
# - name: pmRA
#   unit: mas / yr
#   datatype: float64
#   format: '{:9.3f}'
#   description: '? Proper motion in right ascension direction, pmRA*cosDE (pmra)'
#   meta: !!omap
#   - {ucd: POS_EQ_PMRA}
#   - {width: 9}
#   - {precision: '3'}
#   - values: {'null': .nan}
# - name: pmDE
#   unit: mas / yr
#   datatype: float64
#   format: '{:9.3f}'
#   description: '? Proper motion in declination direction (pmdec)'
#   meta: !!omap
#   - {ucd: POS_EQ_PMDEC}
#   - {width: 9}
#   - {precision: '3'}
#   - values: {'null': .nan}
# - name: e_pmRA
#   unit: mas / yr
#   datatype: float32
#   format: '{:6.3f}'
#   description: '? Standard error of proper motion in right ascension direction (pmra_error)'
#   meta: !!omap
#   - {ucd: ERROR}
#   - {width: 6}
#   - {precision: '3'}
#   - values: {'null': .nan}
# - name: e_pmDE
[...]
#         unit: &id001 !astropy.units.Unit {unit: deg}
#         value: !astropy.table.SerializedColumn {name: SkyCoord.dec}
#       distance: !astropy.table.SerializedColumn
#         __class__: astropy.coordinates.distances.Distance
#         unit: !astropy.units.Unit {unit: pc}
#         value: !astropy.table.SerializedColumn {name: SkyCoord.distance}
#       frame: icrs
#       obstime: !astropy.time.Time {format: jyear_str, in_subfmt: '*', jd1: 367701545.0, jd2: 0.0, out_subfmt: '*', precision: 3, scale: tt}
#       pm_dec: !astropy.table.SerializedColumn
#         __class__: astropy.units.quantity.Quantity
#         unit: !astropy.units.Unit {unit: mas / yr}
#         value: !astropy.table.SerializedColumn {name: SkyCoord.pm_dec}
#       pm_ra_cosdec: !astropy.table.SerializedColumn
#         __class__: astropy.units.quantity.Quantity
#         unit: !astropy.units.Unit {unit: mas / yr}
#         value: !astropy.table.SerializedColumn {name: SkyCoord.pm_ra_cosdec}
#       ra: !astropy.table.SerializedColumn
#         __class__: astropy.coordinates.angles.Longitude
#         unit: *id001
#         value: !astropy.table.SerializedColumn {name: SkyCoord.ra}
#         wrap_angle: !astropy.coordinates.Angle
#           unit: *id001
#           value: 360.0
#       representation_type: spherical
# schema: astropy-2.0
RA_ICRS_1 DE_ICRS_1 e_RA_ICRS e_DE_ICRS _r_1 HIP TYC2 Source rgeo Plx e_Plx pmRA pmDE e_pmRA e_pmDE RUWE Teff logg Gmag BP-RP BPmag RPmag RV e_RV b_rgeo B_rgeo FG e_FG FBP e_FBP FRP e_FRP RAVE5 RAVE6 e_Gmag e_BPmag e_RPmag e_BP-RP SkyCoord.ra SkyCoord.dec SkyCoord.distance SkyCoord.pm_ra_cosdec SkyCoord.pm_dec
[from data line 282]
304.25698975444 37.45627578325 0.0132 0.017 12.8629 "" "" 2060662056659736960 1974.64404 0.4744 0.0177 -2.661 -5.346 0.018 0.022 0.929 8798.0 3.999 14.543161 0.834059 14.87232 14.038261 "" "" 1900.74951 2044.85974 28686.801 6.7931 15363.0 17.38 19224.0 12.817 "" "" 0.002767289699158212 0.003048561 0.0038480815 0.0068966425 304.25698975444 37.45627578325 1974.64404 -2.6609999999999996 -5.346
303.75259179699 37.59838678933 0.0147 0.0171 18.579 "" "" 2060845846900247168 1589.90942 0.5968 0.0193 -1.009 -5.357 0.021 0.021 1.204 6446.9 3.7304 14.545181 1.259113 15.095167 13.836054 -31.12 8.76 1553.77026 1638.6073 28633.47862 5.3062 12513.0 18.295 23160.0 14.201 "" "" 0.0027626566798659227 0.0032101385 0.0038375692 0.0070477077 303.75259179699 37.59838678933 1589.90942 -1.0089999999999995 -5.357000000000001
304.32658652331 37.4862279831 0.0128 0.0155 13.2457 "" "" 2060661781781764608 1795.45093 0.5271 0.0172 -4.145 -8.515 0.018 0.02 1.048 5764.1 3.6399 14.546179 1.437145 15.198466 13.761321 -7.9 6.37 1741.13281 1844.03723 28607.1929 6.382 11377.0 14.424 24810.0 14.397 "" "" 0.0027659462783286787 0.0031112463 0.0038315374 0.0069427835 304.32658652331 37.4862279831 1795.45093 -4.145 -8.515000000000002
304.07923332583 37.9553107231 0.0358 0.0428 18.5964 "" "" 2060880893835143040 1691.76221 0.5738 0.0471 -1.08 -3.647 0.049 0.053 3.57 "" "" 14.552453 1.140152 15.032468 13.892316 "" "" 1580.44116 1793.45752 28442.35118 17.306 13257.0 28.621 21990.0 42.384 "" "" 0.002833410624301565 0.0036441106 0.0043200697 0.007964181 304.07923332583 37.9553107231 1691.76221 -1.08 -3.647
304.31866390738 37.50412381641 0.0127 0.0153 12.2073 "" "" 2060664015164790656 1918.35742 0.4902 0.0168 -3.085 -5.749 0.017 0.019 1.018 "" "" 14.555612 0.920769 14.924457 14.003688 "" "" 1862.63025 1981.10388 28359.7291 6.5791 14643.0 14.451 19846.0 18.656 "" "" 0.002766808900231918 0.0029888393 0.0039147697 0.0069036093 304.31866390738 37.50412381641 1918.35742 -3.0849999999999995 -5.748999999999999
304.21553680763 37.71206872439 0.0124 0.0166 5.2737 "" "" 2060857048176242944 2035.9873 0.4633 0.0172 -1.962 -4.563 0.017 0.02 0.992 "" "" 14.568226 0.777415 14.872902 14.095487 "" "" 1969.37427 2099.97729 28032.15819 6.1982 15355.0 15.669 18237.0 20.149 "" "" 0.0027657588120030517 0.0030020953 0.0039651846 0.00696728 304.21553680763 37.71206872439 2035.9873 -1.9620000000000002 -4.563
304.19747704216 37.61649504829 0.0177 0.0234 3.4185 "" "" 2060667210620712960 2106.23828 0.4524 0.026 -2.89 -5.768 0.024 0.031 1.37 "" "" 14.571647 1.072261 15.010783 13.938522 "" "" 1997.19299 2229.58765 27943.95627 27.39 13524.0 48.006 21074.0 89.187 "" "" 0.0029536990317251695 0.0047580004 0.0059495466 0.010707547 304.19747704216 37.61649504829 2106.23828 -2.89 -5.767999999999999
304.36131538136 37.75031243175 0.0121 0.0152 12.2108 "" "" 2060675560037068800 1745.84912 0.5436 0.0165 0.084 -2.645 0.016 0.019 0.986 6404.7 3.8033 14.571869 0.877963 14.923919 14.045956 "" "" 1695.04004 1796.77722 27938.23971 5.887 14650.0 13.305 19089.0 12.796 "" "" 0.0027648019810158297 0.0029592828 0.0038488216 0.0068081045 304.36131538136 37.75031243175 1745.84912 0.08399999999999996 -2.645
304.13918222845 37.83712810352 0.0308 0.0385 11.2934 "" "" 2060861789805312384 2049.76782 0.4695 0.0419 -1.933 -7.772 0.04 0.045 2.597 6084.6 2.8321 14.577717 2.52049 15.899798 13.379309 -4.7 2.18 1864.06482 2292.57715 27788.18539 17.793 5963.4 14.179 35272.0 25.694 "" "" 0.0028416720865135606 0.0038012245 0.0038612513 0.007662476 304.13918222845 37.83712810352 2049.76782 -1.9330000000000003 -7.772000000000002
304.21656586902 37.33323662846 0.0127 0.016 19.3031 "" "" 2060637145847901312 2044.42358 0.4636 0.0172 -2.775 -5.661 0.017 0.021 0.986 "" "" 14.578882 0.972574 14.963529 13.990954 "" "" 1978.1687 2114.07446 27758.37441 5.6096 14126.0 17.694 20081.0 32.603 "" "" 0.002764042588091344 0.0031039624 0.0041702637 0.0072742263 304.21656586902 37.33323662846 2044.42358 -2.7750000000000004 -5.661
304.2907127717 37.67026688506 0.0124 0.0167 7.3517 "" "" 2060668997327050240 1937.1311 0.4869 0.0176 -2.649 -5.386 0.017 0.021 0.998 6983.0 3.6525 14.580828 1.08068 15.033041 13.952361 "" "" 1878.60522 2000.65393 27708.67071 5.8713 13250.0 13.552 20807.0 15.363 "" "" 0.0027649082158118466 0.0030030352 0.0038634683 0.0068665035 304.2907127717 37.67026688506 1937.1311 -2.649 -5.386
304.199939247 37.63003693836 0.0234 0.0311 3.1395 "" "" 2060668756801609216 1569.48633 0.6134 0.0334 -4.588 -7.135 0.034 0.039 1.877 6289.8 3.7273 14.583479 1.242586 15.090311 13.847725 -37.03 18.75 1489.82422 1640.65479 27641.1009 13.93 12569.0 20.391 22912.0 36.902 "" "" 0.0028091246658633953 0.003299642 0.0041643274 0.0074639693 304.199939247 37.63003693836 1569.48633 -4.588 -7.135
304.13571246872 37.71554883849 0.1 0.1265 4.0005 "" "" 2060857597932170880 1842.37585 0.5807 0.1428 -2.191 -6.539 0.137 0.148 7.759 9184.3 3.988 14.58948 0.976118 14.935907 13.959789 "" "" 1440.50964 2380.9751 27488.7234 24.652 14490.0 14.94 20665.0 14.883 "" "" 0.002922305044029216 0.0030063645 0.0038594266 0.006865791 304.13571246872 37.71554883849 1842.37585 -2.191 -6.539
304.05193652644 37.91670549093 0.0121 0.0154 16.5818 "" "" 2060874880880923392 1707.25806 0.5558 0.017 -10.405 -12.025 0.017 0.018 0.96 "" "" 14.599907 1.59469 15.350714 13.756023 -10.69 2.31 1658.078 1758.90149 27226.00725 5.0723 9888.5 10.604 24932.0 16.476 "" "" 0.002762735085809156 0.0030233483 0.0038468854 0.0068702335 304.05193652644 37.91670549093 1707.25806 -10.404999999999998 -12.024999999999999
303.82399683362 37.63770530577 0.0132 0.0136 14.9479 "" "" 2060846156137874176 1524.49121 0.6246 0.017 -7.582 -10.109 0.019 0.017 0.977 "" "" 14.607705 1.189399 15.120635 13.931236 "" "" 1491.56372 1574.8949 27031.15254 4.8135 12223.0 11.743 21216.0 13.035 "" "" 0.0027620951447473513 0.0029787757 0.0038378001 0.006816576 303.82399683362 37.63770530577 1524.49121 -7.582000000000001 -10.109000000000002
304.22616755636 37.68615502381 0.1031 0.1312 4.7337 "" "" 2060856601499608192 1694.03015 0.6471 0.1427 0.423 -3.683 0.139 0.162 10.093 5598.5 3.948 14.617156 1.314011 15.162666 13.848656 11.17 4.31 1405.86047 2102.35645 26796.88735 32.718 11758.0 18.135 22893.0 14.279 "" "" 0.0030576329851339334 0.0032541202 0.0038395745 0.007093695 304.22616755636 37.68615502381 1694.03015 0.42300000000000004 -3.6829999999999994
304.26176274432 37.95460529445 0.0126 0.0163 19.2531 "" "" 2060869898718585600 1760.19385 0.5394 0.017 -2.833 -5.539 0.016 0.021 0.934 9199.1 4.1456 14.617334 0.87779 14.969683 14.091892 "" "" 1715.76123 1814.04419 26792.49327 5.5675 14046.0 16.69 18298.0 16.099 "" "" 0.0027645419757503435 0.0030739943 0.0038982355 0.00697223 304.26176274432 37.95460529445 1760.19385 -2.833 -5.539
304.30959464201 37.77423721551 0.081 0.0993 11.0748 "" "" 2060863198569364608 1718.33521 0.6353 0.108 -1.885 -2.615 0.106 0.123 6.378 7197.8 3.0349 14.617687 1.009334 14.959565 13.950232 "" "" 1428.31982 2352.21631 26783.77907 23.166 14177.0 17.158 20848.0 13.956 "" "" 0.0029109559224060827 0.0030841099 0.0038486335 0.0069327434 304.30959464201 37.77423721551 1718.33521 -1.8850000000000002 -2.6150000000000007
304.43716849776 37.78090274756 0.0134 0.0149 16.2462 "" "" 2060676419030465408 1915.42065 0.4912 0.017 -2.687 -5.27 0.019 0.02 0.975 "" "" 14.618249 1.074599 15.06858 13.99398 "" "" 1864.64868 1974.67224 26769.93012 8.0094 12823.0 16.797 20025.0 15.675 "" "" 0.002774403377967085 0.0031317335 0.0038737615 0.007005495 304.43716849776 37.78090274756 1915.42065 -2.6869999999999994 -5.2700000000000005
303.72532288122 37.64361089403 0.0132 0.0173 19.6225 "" "" 2060846774613216128 1927.06189 0.4937 0.0179 -2.668 -5.33 0.019 0.021 1.01 7095.1 3.5952 14.628519 1.229647 15.160939 13.931293 "" "" 1864.04382 1991.56018 26517.8886 5.5464 11777.0 12.248 21215.0 11.995 "" "" 0.0027646625332049574 0.003009991 0.0038289127 0.0068389038 303.72532288122 37.64361089403 1927.06189 -2.6680000000000006 -5.33
304.11140151137 37.65459308289 0.0133 0.0161 1.3229 "" "" 2060855914304960512 1874.97546 0.509 0.0189 -2.287 -5.165 0.018 0.02 0.992 "" "" 14.633651 0.983985 15.035035 14.05105 "" "" 1807.3219 1937.48206 26392.85217 6.436 13225.0 12.937 18999.0 19.923 "" "" 0.002768011522322742 0.0029854795 0.003947151 0.00693263 304.11140151137 37.65459308289 1874.97546 -2.287 -5.165
304.36959139493 37.50241449298 0.0129 0.0156 14.0789 "" "" 2060663327969952896 1967.13281 0.4799 0.0172 -2.688 -5.286 0.018 0.02 0.948 "" "" 14.634452 0.815206 14.95444 14.139235 "" "" 1895.99524 2030.37939 26373.3846 5.5652 14244.0 14.721 17517.0 14.14 "" "" 0.002764829041258011 0.0030073486 0.0038796708 0.0068870196 304.36959139493 37.50241449298 1967.13281 -2.688 -5.286
303.78569662755 37.55095813452 0.0355 0.044 17.7626 "" "" 2060833649171841152 1900.86499 0.4927 0.0501 -1.684 -4.779 0.052 0.057 3.524 11501.7 4.4133 14.635241 1.000514 14.964862 13.964348 "" "" 1741.56934 2073.8042 26354.24329 15.803 14108.0 49.841 20579.0 75.537 "" "" 0.002831192937199541 0.0047431746 0.0054923813 0.0102355555 303.78569662755 37.55095813452 1900.86499 -1.6840000000000004 -4.779
304.11191071835 37.88807923772 0.0128 0.0159 14.4049 "" "" 2060862923691840640 1724.31165 0.5565 0.0172 -2.556 -5.43 0.017 0.019 1.001 "" "" 14.638761 0.864441 14.97618 14.111739 "" "" 1674.97595 1783.84021 26268.91075 6.135 13962.0 19.199 17966.0 27.221 "" "" 0.002766963469212136 0.0031644984 0.0041218796 0.007286378 304.11191071835 37.88807923772 1724.31165 -2.5559999999999996 -5.429999999999999
303.92293018771 37.66475536832 0.0151 0.0172 10.2747 "" "" 2060836157453972608 1987.07617 0.475 0.0205 1.054 -2.139 0.021 0.023 1.207 7551.4 3.7889 14.639934 1.398615 15.264465 13.86585 "" "" 1916.01306 2073.31348 26240.57326 5.8675 10706.0 12.9 22533.0 16.558 "" "" 0.0027659951438560675 0.0030816447 0.0038626762 0.006944321 303.92293018771 37.66475536832 1987.07617 1.054 -2.139
304.20682270809 37.60587157666 0.0132 0.0172 4.1554 "" "" 2060667004462262144 1901.40955 0.4992 0.0191 -2.589 -5.386 0.019 0.021 0.965 "" "" 14.641741 0.813432 14.96473 14.151298 "" "" 1833.45813 1973.95325 26196.92156 6.3159 14110.0 13.279 17324.0 12.233 "" "" 0.0027677264306214936 0.0029713814 0.00385636 0.0068277414 304.20682270809 37.60587157666 1901.40955 -2.589 -5.386000000000001
303.74133632905 37.68537724188 0.0143 0.0165 18.9805 "" "" 2060847393088515968 2053.31348 0.4578 0.0184 -1.886 -3.502 0.021 0.022 0.892 "" "" 14.648443 0.994967 15.057023 14.062056 "" "" 1980.09961 2149.96997 26035.71129 5.3652 12960.0 11.912 18808.0 12.242 "" "" 0.0027643893230929056 0.0029632635 0.003844886 0.0068081496 303.74133632905 37.68537724188 2053.31348 -1.8859999999999997 -3.502
304.31505269791 37.47324372441 0.0131 0.0166 13.4816 "" "" 2060661747422027776 1898.73547 0.5016 0.0177 -2.735 -5.335 0.018 0.02 0.971 "" "" 14.654737 0.84901 14.991794 14.142783 "" "" 1831.56543 1973.27747 25885.20287 5.5107 13763.0 14.682 17460.0 13.801 "" "" 0.0027649984071959305 0.0030210188 0.0038755955 0.006896614 304.31505269791 37.47324372441 1898.73547 -2.735 -5.335
304.28569317979 37.94411000929 0.0136 0.0172 19.0408 "" "" 2060869658204363648 1527.3905 0.6236 0.0185 -10.552 -10.317 0.018 0.022 0.935 6280.5 3.8676 14.655742 1.423922 15.299275 13.875353 -27.88 4.25 1486.70068 1567.63513 25861.28257 5.853 10368.0 13.549 22337.0 13.643 "" "" 0.002766255797606577 0.0031302052 0.00383712 0.006967325 304.28569317979 37.94411000929 1527.3905 -10.552 -10.316999999999998
304.4287949753 37.47876861526 0.0132 0.0157 17.178 "" "" 2060651645658814720 1695.18506 0.5622 0.0185 -2.939 -5.364 0.018 0.018 0.978 "" "" 14.658824 0.9635 15.050232 14.086732 "" "" 1636.93542 1755.70532 25787.97407 4.9228 13041.0 14.66 18385.0 12.655 "" "" 0.0027631045690009945 0.0030454448 0.0038525648 0.0068980097 304.4287949753 37.47876861526 1695.18506 -2.9390000000000005 -5.364000000000001
303.93184033238 37.40127746531 0.0128 0.0135 17.8123 "" "" 2060828048556010624 1546.47656 0.6191 0.0167 2.204 -1.378 0.018 0.018 0.929 "" "" 14.658936 1.055309 15.100268 14.044959 "" "" 1507.78979 1577.69348 25785.31182 7.6215 12454.0 15.191 19106.0 20.389 "" "" 0.002773946100387505 0.003088518 0.003952997 0.007041515 303.93184033238 37.40127746531 1546.47656 2.204 -1.3780000000000001
304.26101297002 37.38815189393 0.0139 0.0187 16.6995 "" "" 2060660991507767680 2038.7688 0.4647 0.0195 -2.553 -5.44 0.019 0.023 1.088 9198.1 4.0164 14.663704 0.845545 14.996557 14.151012 "" "" 1958.38672 2113.07788 25672.32052 6.2588 13702.0 17.384 17328.0 11.806 "" "" 0.002768005473532459 0.0031116782 0.0038510961 0.0069627743 304.26101297002 37.38815189393 2038.7688 -2.553 -5.44
304.12736718764 37.65726683288 0.0134 0.0156 0.7223 "" "" 2060855158390698496 2062.78027 0.46 0.0181 -2.835 -5.251 0.018 0.019 0.969 8997.5 3.9495 14.666338 0.893962 15.024231 14.130269 "" "" 1995.75903 2130.94141 25610.12274 5.6679 13357.0 13.506 17662.0 29.74 "" "" 0.002765778091931743 0.0029983858 0.004198341 0.007196727 304.12736718764 37.65726683288 2062.78027 -2.835000000000001 -5.251000000000001
304.51688935645 37.71756622144 0.0132 0.0149 18.4426 "" "" 2060672948696724736 2194.30811 0.4206 0.0168 -7.362 -10.364 0.019 0.02 1.022 5030.2 3.3245 14.672431 1.855455 15.584625 13.72917 -31.71 2.32 2127.35938 2265.23535 25466.79112 6.0265 7972.0 11.329 25556.0 15.928 "" "" 0.0027672734882357207 0.0031883705 0.0038394846 0.007027855 304.51688935645 37.71756622144 2194.30811 -7.362 -10.364
303.91274031783 37.4002162095 0.0134 0.0144 18.381 "" "" 2060828151635222016 1501.0127 0.6338 0.0179 -0.872 -4.06 0.018 0.019 0.995 6426.9 3.9271 14.679682 1.330135 15.269865 13.93973 -45.73 5.96 1462.14807 1538.97571 25297.28109 5.0353 10653.0 15.319 21051.0 16.106 "" "" 0.0027637823968755105 0.0031972905 0.0038695962 0.007066887 303.91274031783 37.4002162095 1501.0127 -0.8719999999999999 -4.06
304.21123922801 37.41704037496 0.0135 0.0163 14.3382 "" "" 2060638417158234112 1942.00708 0.4869 0.0177 -4.653 -5.462 0.018 0.022 0.956 "" "" 14.679943 1.153754 15.169941 14.016187 "" "" 1885.96973 2007.18298 25291.20928 5.3252 11680.0 14.783 19619.0 17.94 "" "" 0.0027647876644866414 0.0031102127 0.0039076097 0.0070178225 304.21123922801 37.41704037496 1942.00708 -4.653 -5.461999999999999
304.12212408309 37.62419142895 0.0137 0.0154 1.6704 "" "" 2060855055311453824 1896.35632 0.4981 0.0181 -2.6 -5.229 0.018 0.019 0.961 7990.3 4.2447 14.685424 0.924061 15.054009 14.129949 "" "" 1829.74841 1960.69141 25163.85579 5.0733 12996.0 18.595 17668.0 17.981 "" "" 0.0027640015959313246 0.0031934942 0.0039375992 0.007131093 304.12212408309 37.62419142895 1896.35632 -2.6000000000000005 -5.229
304.51441217349 37.74992741498 0.0133 0.0146 18.8559 "" "" 2060673051775977600 1951.33228 0.4829 0.017 -2.587 -5.278 0.02 0.021 1.013 8641.6 4.0395 14.685621 0.883 15.038186 14.155186 "" "" 1895.6344 2020.02063 25159.29076 5.6665 13187.0 10.904 17262.0 16.655 "" "" 0.002766150160980226 0.002931047 0.003921875 0.006852922 304.51441217349 37.74992741498 1951.33228 -2.5870000000000006 -5.278
304.07432262757 37.92128699299 0.0122 0.0155 16.6221 "" "" 2060874777801679872 1869.31494 0.5076 0.0166 -0.664 -3.746 0.016 0.018 1.07 8911.2 4.1812 14.686502 0.860722 15.029503 14.168781 "" "" 1818.1554 1944.56897 25138.86085 4.9011 13293.0 13.301 17047.0 11.513 "" "" 0.0027634392100067923 0.0029942095 0.003849859 0.0068440684 304.07432262757 37.92128699299 1869.31494 -0.6639999999999998 -3.7460000000000004
304.10727313366 37.70600780363 0.0126 0.0155 3.7296 "" "" 2060856326621877120 2178.4873 0.4262 0.0173 -0.672 -1.797 0.017 0.019 0.97 "" "" 14.688254 1.041012 15.120661 14.079649 "" "" 2111.34839 2266.19312 25098.3309 4.7326 12222.0 12.825 18505.0 11.023 "" "" 0.0027629157339247898 0.0030138118 0.00383432 0.006848132 304.10727313366 37.70600780363 2178.4873 -0.6719999999999998 -1.797
