Clusters/IC_4996/IC_4996_members.tsv
# %ECSV 1.0
# ---
# datatype:
# - name: RA_ICRS_1
#   unit: deg
#   datatype: float64
#   format: '{:15.11f}'
#   description: Right ascension (ICRS) at Ep=2016.0 (ra)
#   meta: !!omap
#   - {ucd: POS_EQ_RA_MAIN}
#   - {width: 15}
#   - {precision: '11'}
# - name: DE_ICRS_1
#   unit: deg
#   datatype: float64
#   format: '{:15.11f}'
#   description: Declination (ICRS) at Ep=2016.0 (dec)
#   meta: !!omap
#   - {ucd: POS_EQ_DEC_MAIN}
#   - {width: 15}
#   - {precision: '11'}
# - name: e_RA_ICRS
#   unit: mas
#   datatype: float64
#   format: '{:7.4f}'
#   description: Standard error of right ascension (ra_error)
#   meta: !!omap
#   - {ucd: ERROR}
#   - {width: 7}
#   - {precision: '4'}
# - name: e_DE_ICRS
#   unit: mas
#   datatype: float64
#   format: '{:7.4f}'
#   description: Standard error of declination (dec_error)
#   meta: !!omap
#   - {ucd: ERROR}
#   - {width: 7}
#   - {precision: '4'}
# - name: _r_1
#   unit: ''
#   datatype: float64
#   format: '{:7.4f}'
#   description: Distance from center (304.13830714000+37.64890599000)[ICRS], at Epoch=J2016.0
#   meta: !!omap
#   - {ucd: POS_ANG_DIST_GENERAL}
#   - {width: 7}
#   - {precision: '4'}
# - name: HIP
#   datatype: int32
#   description: '? HIP cross-id number, van Leeuwen, Cat. I/311 (hip_original_ext_source_id)'
#   meta: !!omap
#   - {ucd: ID_NUMBER}
#   - {width: 6}
#   - values: {'null': -2147483648}
# - name: TYC2
#   datatype: string
#   description: Tycho-2 cross-id name, Hog et al., Cat. I/259 (tyc2_original_ext_source_id)
#   meta: !!omap
#   - {ucd: ID_CROSSID}
#   - {_votable_string_dtype: char}
# - name: Source
#   datatype: int64
#   description: Source identifier, identical to the Gaia-EDR3 source_id (id)
#   meta: !!omap
#   - {ucd: ID_MAIN}
#   - {width: 19}
# - name: rgeo
#   unit: pc
#   datatype: float64
#   format: '{:15.8f}'
#   description: '? Median of the geometric distance posterior (r_med_geo)'
#   meta: !!omap
#   - {ucd: PHYS_DISTANCE_TRUE}
#   - {width: 15}
#   - {precision: '8'}
#   - values: {'null': .nan}
# - name: Plx
#   unit: mas
#   datatype: float64
#   format: '{:9.4f}'
#   description: '? Parallax (parallax)'
#   meta: !!omap
#   - {ucd: POS_PARLX_TRIG}
#   - {width: 9}
#   - {precision: '4'}
#   - values: {'null': .nan}
# - name: e_Plx
#   unit: mas
#   datatype: float32
#   format: '{:7.4f}'
#   description: '? Standard error of parallax (parallax_error)'
#   meta: !!omap
#   - {ucd: ERROR}
#   - {width: 7}
#   - {precision: '4'}
#   - values: {'null': .nan}
# - name: pmRA
#   unit: mas / yr
#   datatype: float64
#   format: '{:9.3f}'
#   description: '? Proper motion in right ascension direction, pmRA*cosDE (pmra)'
#   meta: !!omap
#   - {ucd: POS_EQ_PMRA}
#   - {width: 9}
#   - {precision: '3'}
#   - values: {'null': .nan}
# - name: pmDE
#   unit: mas / yr
#   datatype: float64
#   format: '{:9.3f}'
#   description: '? Proper motion in declination direction (pmdec)'
#   meta: !!omap
#   - {ucd: POS_EQ_PMDEC}
#   - {width: 9}
#   - {precision: '3'}
#   - values: {'null': .nan}
# - name: e_pmRA
#   unit: mas / yr
#   datatype: float32
#   format: '{:6.3f}'
#   description: '? Standard error of proper motion in right ascension direction (pmra_error)'
#   meta: !!omap
#   - {ucd: ERROR}
#   - {width: 6}
#   - {precision: '3'}
#   - values: {'null': .nan}
# - name: e_pmDE
[...]
#       distance: !astropy.table.SerializedColumn
#         __class__: astropy.coordinates.distances.Distance
#         unit: !astropy.units.Unit {unit: pc}
#         value: !astropy.table.SerializedColumn {name: SkyCoord.distance}
#       frame: icrs
#       obstime: !astropy.time.Time {format: jyear_str, in_subfmt: '*', jd1: 367701545.0, jd2: 0.0, out_subfmt: '*', precision: 3, scale: tt}
#       pm_dec: !astropy.table.SerializedColumn
#         __class__: astropy.units.quantity.Quantity
#         unit: !astropy.units.Unit {unit: mas / yr}
#         value: !astropy.table.SerializedColumn {name: SkyCoord.pm_dec}
#       pm_ra_cosdec: !astropy.table.SerializedColumn
#         __class__: astropy.units.quantity.Quantity
#         unit: !astropy.units.Unit {unit: mas / yr}
#         value: !astropy.table.SerializedColumn {name: SkyCoord.pm_ra_cosdec}
#       ra: !astropy.table.SerializedColumn
#         __class__: astropy.coordinates.angles.Longitude
#         unit: *id001
#         value: !astropy.table.SerializedColumn {name: SkyCoord.ra}
#         wrap_angle: !astropy.coordinates.Angle
#           unit: *id001
#           value: 360.0
#       representation_type: spherical
# schema: astropy-2.0
RA_ICRS_1 DE_ICRS_1 e_RA_ICRS e_DE_ICRS _r_1 HIP TYC2 Source rgeo Plx e_Plx pmRA pmDE e_pmRA e_pmDE RUWE Teff logg Gmag BP-RP BPmag RPmag RV e_RV b_rgeo B_rgeo FG e_FG FBP e_FBP FRP e_FRP RAVE5 RAVE6 e_Gmag e_BPmag e_RPmag e_BP-RP SkyCoord.ra SkyCoord.dec SkyCoord.distance SkyCoord.pm_ra_cosdec SkyCoord.pm_dec rmRA rmDE e_rmRA e_rmDE rRV e_rRV v_pec v_pec3d e_vpec e_vpec3d Pmemb
304.13522198015 37.64503885287 0.0154 0.0176 0.2744 "" 3151-3455-1 2060855089671196160 1727.99792 0.5575 0.0205 -2.558 -5.3 0.021 0.022 1.33 "" "" 8.876118 0.54332 9.06553 8.52221 8.18 13.28 1671.88306 1784.04309 5302731.60273 3307.4 3230000.0 5081.3 3092200.0 6695.8 "" "" 0.0028373187060545123 0.0032714568 0.0044509657 0.0077224225 304.13522198015 37.64503885287 1727.99792 -2.558 -5.299999999999999 0.103808490753174 0.07072324752807635 0.14036493 0.14136493 17.453333333333333 25.349998 1.0288386348084375 17.48363101249048 0.14473980750808887 25.306070467423016 0.9
304.12435364445 37.64310789792 0.0078 0.0095 0.7486 "" 3151-3461-1 2060855158390686080 1960.04651 0.4927 0.0107 -2.636 -5.4 0.011 0.012 0.749 20385.4 3.4595 9.670052 0.517755 9.851148 9.333393 -37.75 14.2 1922.45874 2004.6178 2552266.23825 620.16 1566600.0 728.42 1464900.0 543.56 "" "" 0.002767921345975297 0.0028354726 0.0038007933 0.0066362657 304.12435364445 37.64310789792 1960.04651 -2.6359999999999997 -5.400000000000004 0.025808490753173707 -0.029276752471924183 0.13036492 0.13136493 -28.476666666666667 26.27 0.36259691164963037 28.47897506872012 0.04747429825846083 26.26787111410578 1.0
304.14164509098 37.64255860886 0.0105 0.0123 0.4125 "" "" 2060855085361885568 2014.77844 0.4461 0.0141 -2.531 -5.31 0.014 0.016 0.856 17359.4 3.8556 11.238509 0.539687 11.436306 10.896619 "" "" 1947.92957 2072.25391 601926.20833 296.46 363830.0 337.81 347140.0 372.84 "" "" 0.0028067315748310424 0.0029666966 0.003955194 0.00692189 304.14164509098 37.64255860886 2014.77844 -2.531 -5.31 0.1308084907531737 0.06072324752807656 0.13336493 0.13536492 "" "" 1.3772673136627336 "" 0.184170513833189 "" 1.0
304.12114279096 37.64779399115 0.0082 0.0097 0.8181 "" 3151-3454-1 2060855158390697472 2038.34668 0.4468 0.011 -2.691 -5.533 0.011 0.012 0.891 19838.2 3.8711 11.701953 0.837398 12.025735 11.188337 "" "" 2004.36987 2087.33838 392794.61701 119.63 211410.0 300.3 265350.0 199.66 "" "" 0.00277509172833553 0.0031880364 0.00386667 0.007054706 304.12114279096 37.64779399115 2038.34668 -2.691 -5.533000000000001 -0.02919150924682601 -0.1622767524719242 0.13036492 0.13136493 "" "" 1.5930454206862013 "" 0.2092205447993075 "" 0.8
304.17758590499 37.65347591211 0.0096 0.0122 1.886 "" "" 2060856494106524160 2055.38354 0.4674 0.0134 -2.514 -5.536 0.013 0.015 1.09 13120.2 4.0759 12.329215 0.546412 12.529905 11.983494 "" "" 1996.62292 2120.18994 220424.90781 46.264 132880.0 85.668 127570.0 73.974 "" "" 0.0027647276260603175 0.0028766326 0.0038314625 0.006708095 304.17758590499 37.65347591211 2055.38354 -2.514 -5.536000000000003 0.14780849075317404 -0.16527675247192342 0.13236493 0.13436492 "" "" 2.160198887852188 "" 0.2883430534172666 "" 0.9
304.13090469109 37.64750795557 0.0079 0.0094 0.3615 "" "" 2060855154077607808 1915.59607 0.5046 0.0107 -2.315 -5.302 0.011 0.012 0.89 12542.3 4.0058 12.596961 0.70052 12.863747 12.163226 "" "" 1881.26721 1948.5304 172251.26818 36.561 97705.0 88.106 108110.0 62.944 "" "" 0.0027649407576471486 0.0029569617 0.003831883 0.0067888447 304.13090469109 37.64750795557 1915.59607 -2.3150000000000004 -5.3020000000000005 0.3468084907531739 0.06872324752807657 0.13036492 0.13136493 "" "" 3.210225740447974 "" 0.4186225777380706 "" 0.8
304.14351378306 37.66524620696 0.0082 0.0097 1.0111 "" "" 2060855295830651392 1912.35193 0.4952 0.0109 -2.482 -5.346 0.012 0.012 0.9 12633.8 4.1436 13.032745 0.681938 13.292783 12.610845 "" "" 1877.13831 1946.72754 115305.16117 34.34 65812.0 60.815 71585.0 48.118 "" "" 0.0027742289130210005 0.0029650726 0.0038492011 0.006814274 304.14351378306 37.66524620696 1912.35193 -2.482000000000001 -5.346000000000002 0.17980849075317362 0.024723247528076087 0.13136493 0.13136493 "" "" 1.6452175444086306 "" 0.21612388211992276 "" 0.8
304.1381436661 37.66075674886 0.0085 0.01 0.7111 "" "" 2060855261469901312 1898.61365 0.4963 0.0113 -2.652 -5.274 0.012 0.013 0.994 15000.2 4.2237 13.204809 0.714408 13.47921 12.764802 "" "" 1861.27905 1937.58057 98406.30745 20.514 55428.0 28.425 62121.0 31.663 "" "" 0.0027646006824835977 0.0028451835 0.0038196829 0.0066648666 304.1381436661 37.66075674886 1898.61365 -2.652 -5.2739999999999965 0.009808490753173693 0.09672324752807615 0.13136493 0.13236493 "" "" 0.874918196235674 "" 0.11579961229121784 "" 0.9
304.19653405239 37.63990018205 0.0081 0.0108 2.8186 "" "" 2060668756808955008 1939.99182 0.4845 0.0114 -2.708 -5.261 0.011 0.013 0.969 "" "" 13.216601 0.55279 13.420375 12.867585 "" "" 1896.97021 1979.40747 97343.31175 30.085 58515.0 40.423 56510.0 32.915 "" "" 0.0027756780941951592 0.0028892234 0.0038319263 0.0067211497 304.19653405239 37.63990018205 1939.99182 -2.707999999999999 -5.260999999999999 -0.04619150924682636 0.10972324752807605 0.13036492 0.13236493 "" "" 1.0947294041770335 "" 0.14457628625199503 "" 1.0
304.13695829583 37.67247351118 0.0086 0.0103 1.4155 "" "" 2060855291516573056 1967.4071 0.4821 0.0117 -2.566 -5.4 0.012 0.013 1.072 10188.3 4.1124 13.352699 0.754761 13.644449 12.889689 "" "" 1918.4126 2012.2511 85875.0215 15.192 47603.0 28.758 55371.0 21.858 "" "" 0.0027620069658372457 0.00286623 0.0038036068 0.006669837 304.13695829583 37.67247351118 1967.4071 -2.566 -5.4 0.09580849075317399 -0.029276752471924183 0.13136493 0.13236493 "" "" 0.9342464400721303 "" 0.12280727936171264 "" 0.9
304.1376955127 37.63299739873 0.0107 0.0114 0.955 "" "" 2060855089671179776 1907.32153 0.493 0.0137 -2.765 -5.27 0.015 0.015 0.987 "" "" 13.559617 0.747985 13.847809 13.099824 "" "" 1857.2467 1962.55591 70974.0798 16.219 39472.0 29.012 45628.0 27.511 "" "" 0.0027664687243156164 0.0029020477 0.003835658 0.006737706 304.1376955127 37.63299739873 1907.32153 -2.765000000000001 -5.270000000000003 -0.1031915092468263 0.1007232475280766 0.13436492 0.13436492 "" "" 1.303670156713678 "" 0.17516753354205636 "" 1.0
304.18466979577 37.61720388512 0.0094 0.0121 2.9105 "" "" 2060667244980463616 2091.36865 0.4484 0.0135 -2.736 -5.28 0.013 0.015 0.956 10639.0 4.0553 13.646709 0.660926 13.896235 13.235309 "" "" 2033.03638 2149.13867 65503.34439 22.939 37751.0 36.291 40275.0 50.137 "" "" 0.0027814307243623606 0.0029790022 0.0040137935 0.0069927955 304.18466979577 37.61720388512 2091.36865 -2.7360000000000015 -5.28 -0.07419150924682638 0.09072324752807592 0.13236493 0.13436492 "" "" 1.1617820266183596 "" 0.15517575368550182 "" 0.9
304.16192691362 37.63227935877 0.0097 0.0125 1.5015 "" "" 2060854917872453504 1893.52234 0.4978 0.0139 -2.632 -5.321 0.014 0.016 0.937 7126.7 3.5782 13.761459 0.66189 14.008097 13.346207 "" "" 1850.05566 1951.82373 58933.59611 16.277 34055.0 30.579 36364.0 57.99 "" "" 0.002771590254583299 0.0029555892 0.004157113 0.0071127024 304.16192691362 37.63227935877 1893.52234 -2.632 -5.321 0.02980849075317371 0.04972324752807644 0.13336493 0.13536492 "" "" 0.5203309236405349 "" 0.07016093262938977 "" 1.0
304.11342184105 37.61198530964 0.0094 0.011 2.5111 "" "" 2060854677354330880 1894.84143 0.4992 0.0126 -2.818 -5.34 0.013 0.014 0.952 10946.0 4.0009 13.812565 0.836892 14.140808 13.303916 "" "" 1852.55286 1936.21191 56223.89907 28.742 30137.0 55.327 37809.0 58.137 "" "" 0.00281066775394082 0.0034290066 0.0041316943 0.007560701 304.11342184105 37.61198530964 1894.84143 -2.818 -5.34 -0.15619150924682623 0.030723247528076314 0.13236493 0.13336493 "" "" 1.4297233007647725 "" 0.18929867451487234 "" 0.9
304.1333228204 37.63449842463 0.0108 0.0129 0.8963 "" "" 2060855089671187712 2121.32446 0.4425 0.0147 -2.689 -5.843 0.015 0.016 0.993 10460.6 3.9882 13.999429 0.765383 14.296344 13.530961 "" "" 2058.31934 2181.22583 47334.20333 9.8108 26114.0 30.788 30674.0 25.717 "" "" 0.0027644947065361626 0.003069791 0.0038874585 0.0069572497 304.1333228204 37.63449842463 2121.32446 -2.689 -5.843 -0.02719150924682623 -0.4722767524719238 0.13436492 0.13536492 "" "" 4.756643963570351 "" 0.6438670711401583 "" 0.8
304.16906427848 37.66519301227 0.0103 0.0135 1.7577 "" "" 2060856704578874880 1999.3175 0.4714 0.0143 -2.85 -5.726 0.014 0.017 0.977 "" "" 14.011868 0.732899 14.291058 13.558159 "" "" 1947.78723 2055.32129 46795.01943 12.561 26242.0 19.073 29915.0 31.247 "" "" 0.0027706906306047777 0.002899615 0.0039458666 0.0068454817 304.16906427848 37.66519301227 1999.3175 -2.8500000000000014 -5.726000000000004 -0.18819150924682626 -0.3552767524719238 0.13336493 0.13636492 "" "" 3.810055710006728 "" 0.5170751353757451 "" 0.8
304.13022384081 37.62488211042 0.0108 0.0125 1.4917 "" "" 2060855055311443072 1972.07886 0.478 0.0142 -2.746 -5.336 0.014 0.016 0.926 7965.2 3.6716 14.045082 0.876398 14.375348 13.49895 "" "" 1912.11267 2019.79272 45385.16973 11.424 24282.0 58.24 31592.0 110.5 "" "" 0.002768840637932564 0.0038166079 0.005357752 0.00917436 304.13022384081 37.62488211042 1972.07886 -2.7459999999999987 -5.335999999999998 -0.08419150924682617 0.03472324752807587 0.13336493 0.13536492 "" "" 0.8512995172219091 "" 0.11378259287256283 "" 1.0
304.1200957672 37.63398947864 0.0109 0.0125 1.2448 "" "" 2060855055311466368 1986.83386 0.4758 0.0144 -2.482 -5.388 0.016 0.016 1.006 "" "" 14.069177 0.798687 14.38214 13.583453 "" "" 1934.46033 2036.4834 44389.07456 8.1555 24130.0 18.593 29226.0 20.34 "" "" 0.0027625317337408297 0.0029128927 0.0038541788 0.006767072 304.1200957672 37.63398947864 1986.83386 -2.482 -5.388 0.17980849075317362 -0.01727675247192373 0.13536492 0.13536492 "" "" 1.7011618434645936 "" 0.2302776366790422 "" 0.9
304.20702033883 37.64851422577 0.0105 0.0141 3.2644 "" "" 2060668791168691968 1905.81226 0.4974 0.015 -2.64 -5.327 0.015 0.017 0.943 9112.7 4.1568 14.086904 0.650084 14.336133 13.686049 "" "" 1845.44519 1960.31396 43670.1987 10.429 25175.0 25.49 26591.0 20.448 "" "" 0.002767493356158728 0.0029989257 0.0038705044 0.00686943 304.20702033883 37.64851422577 1905.81226 -2.640000000000001 -5.327 0.021808490753173704 0.043723247528076215 0.13436492 0.13636492 "" "" 0.441382313112912 "" 0.06001423354088819 "" 1.0
304.16887833354 37.63598472874 0.0112 0.0154 1.6464 "" "" 2060854917872449920 1937.49255 0.4883 0.0158 -2.666 -5.359 0.015 0.018 0.925 8378.4 3.7712 14.153398 0.922247 14.526853 13.604606 "" "" 1882.27454 2000.46326 41075.92062 7.5706 21119.0 21.369 28663.0 18.211 "" "" 0.002762577264124531 0.0029986573 0.00384182 0.006840477 304.16887833354 37.63598472874 1937.49255 -2.666000000000001 -5.358999999999998 -0.004191509246826097 0.011723247528076186 0.13436492 0.13736492 "" "" 0.11433753640981237 "" 0.015667465724116633 "" 1.0
304.14925990471 37.64791033545 0.0123 0.0151 0.5237 "" "" 2060855192750395008 1989.36536 0.4783 0.0167 -2.607 -5.214 0.017 0.018 1.136 7980.4 4.0477 14.291176 0.793098 14.60162 13.808521 "" "" 1925.14917 2052.87891 36180.66569 6.3545 19714.0 16.553 23755.0 17.868 "" "" 0.002761910983469138 0.0029353274 0.00386661 0.0068019372 304.14925990471 37.64791033545 1989.36536 -2.607000000000001 -5.214000000000002 0.05480849075317362 0.15672324752807576 0.13636492 0.13736492 "" "" 1.5656004116091118 "" 0.21488852645642265 "" 0.9
304.15530115655 37.631395508 0.012 0.0141 1.325 "" "" 2060854986591936256 2059.65479 0.4567 0.0162 -2.493 -5.38 0.016 0.017 1.103 8814.9 4.0757 14.313619 0.75423 14.598126 13.843897 "" "" 1991.80505 2132.95068 35440.4544 9.3984 19777.0 18.684 22993.0 19.762 "" "" 0.00277032309384388 0.0029727384 0.0038928818 0.00686562 304.15530115655 37.631395508 2059.65479 -2.492999999999999 -5.380000000000003 0.16880849075317395 -0.009276752471923722 0.13536492 0.13636492 "" "" 1.6505240465426116 "" 0.2234280431989378 "" 0.9
304.11309186939 37.62639419304 0.0124 0.0139 1.8055 "" "" 2060855055312478080 1961.42578 0.4824 0.0164 -2.729 -5.284 0.019 0.02 0.953 7977.6 4.0682 14.347786 0.839421 14.679605 13.840183 "" "" 1886.44495 2021.63086 34342.54143 6.8003 18347.0 17.765 23072.0 14.333 "" "" 0.0027636950745577064 0.0029816553 0.003839097 0.0068207523 304.11309186939 37.62639419304 1961.42578 -2.729 -5.284 -0.06719150924682626 0.08672324752807636 0.13836493 0.13936493 "" "" 1.0199631109379912 "" 0.1417653449954726 "" 0.9
304.16494432458 37.6581110534 0.0117 0.0165 1.3806 "" "" 2060855020951691648 1900.48328 0.4945 0.0169 -2.601 -5.372 0.016 0.02 0.964 "" "" 14.390657 0.757534 14.677359 13.919825 "" "" 1846.14575 1962.68677 33012.89324 7.2033 18385.0 26.296 21440.0 29.406 "" "" 0.0027654860086460714 0.003193215 0.004062175 0.00725539 304.16494432458 37.6581110534 1900.48328 -2.601 -5.372 0.06080849075317385 -0.0012767524719237144 0.13536492 0.13936493 "" "" 0.5479012941950968 "" 0.07416759479672842 "" 1.0
304.17608128768 37.66014192715 0.0122 0.0152 1.9168 "" "" 2060856498420428032 2083.4314 0.4557 0.0167 -2.624 -5.335 0.016 0.019 1.009 7482.3 4.0307 14.398535 0.790419 14.702374 13.911955 "" "" 2018.86731 2156.35425 32774.2677 7.3254 17967.0 16.513 21596.0 14.215 "" "" 0.0027659862457743317 0.002963241 0.0038463569 0.006809598 304.17608128768 37.66014192715 2083.4314 -2.624 -5.335 0.03780849075317372 0.03572324752807621 0.13536492 0.13836493 "" "" 0.51367915366461 "" 0.07026520271470509 "" 1.0
304.12736718764 37.65726683288 0.0134 0.0156 0.7223 "" "" 2060855158390698496 2062.78027 0.46 0.0181 -2.835 -5.251 0.018 0.019 0.969 8997.5 3.9495 14.666338 0.893962 15.024231 14.130269 "" "" 1995.75903 2130.94141 25610.12274 5.6679 13357.0 13.506 17662.0 29.74 "" "" 0.002765778091931743 0.0029983858 0.004198341 0.007196727 304.12736718764 37.65726683288 2062.78027 -2.8350000000000017 -5.251000000000001 -0.17319150924682614 0.11972324752807584 0.13736492 0.13836493 "" "" 2.058614638347914 "" 0.28344872808401983 "" 0.9
304.12212408309 37.62419142895 0.0137 0.0154 1.6704 "" "" 2060855055311453824 1896.35632 0.4981 0.0181 -2.6 -5.229 0.018 0.019 0.961 7990.3 4.2447 14.685424 0.924061 15.054009 14.129949 "" "" 1829.74841 1960.69141 25163.85579 5.0733 12996.0 18.595 17668.0 17.981 "" "" 0.0027640015959313246 0.0031934942 0.0039375992 0.007131093 304.12212408309 37.62419142895 1896.35632 -2.600000000000002 -5.229000000000001 0.06180849075317374 0.14172324752807608 0.13736492 0.13836493 "" "" 1.3897914612541369 "" 0.19207697005270916 "" 1.0
304.1523060424 37.66002162631 0.0135 0.0162 0.9418 "" "" 2060855227110142976 1867.10645 0.5086 0.0182 -2.604 -5.362 0.019 0.021 0.986 7116.6 3.7058 14.741985 1.026977 15.167555 14.140578 "" "" 1811.17725 1924.70764 23886.50366 5.321 11706.0 13.046 17496.0 14.507 "" "" 0.002765915022973309 0.00304125 0.0038851225 0.0069263726 304.1523060424 37.66002162631 1867.10645 -2.603999999999999 -5.362 0.057808490753173736 0.008723247528076072 0.13836493 0.14036493 "" "" 0.5174020615672783 "" 0.07161349918399941 "" 1.0
304.13310855766 37.65348067644 0.0144 0.0168 0.3692 "" "" 2060855261469900288 2018.78455 0.472 0.0193 -2.896 -5.374 0.021 0.022 0.995 8993.2 4.1039 14.785958 0.899151 15.140885 14.241734 "" "" 1931.70105 2098.37915 22938.41027 5.0403 11997.0 16.889 15939.0 17.073 "" "" 0.0027656293051020885 0.0031813919 0.0039542704 0.0071356623 304.13310855766 37.65348067644 2018.78455 -2.896000000000001 -5.373999999999999 -0.23419150924682608 -0.003276752471923494 0.14036493 0.14136493 "" "" 2.241206978638483 "" 0.31458730098484067 "" 1.0
304.14573417915 37.6827373954 0.0146 0.0174 2.0603 "" "" 2060855295829655040 1844.7251 0.5134 0.0199 -2.967 -5.459 0.02 0.021 0.936 "" "" 14.85288 0.903956 15.214941 14.310985 "" "" 1772.22388 1911.14905 21567.25518 5.4671 11206.0 15.092 14954.0 16.102 "" "" 0.0027690319075381483 0.003150113 0.00395607 0.007106183 304.14573417915 37.6827373954 1844.7251 -2.9670000000000005 -5.459 -0.30519150924682625 -0.08827675247192346 0.13936493 0.14036493 "" "" 2.777986448722437 "" 0.3873690694595423 "" 0.8
