Clusters/IC_4996/IC_4996_stars_in_region.tsv
# %ECSV 1.0
# ---
# datatype:
# - name: RA_ICRS_1
#   unit: deg
#   datatype: float64
#   format: '{:15.11f}'
#   description: Right ascension (ICRS) at Ep=2016.0 (ra)
#   meta: !!omap
#   - {ucd: POS_EQ_RA_MAIN}
#   - {width: 15}
#   - {precision: '11'}
# - name: DE_ICRS_1
#   unit: deg
#   datatype: float64
#   format: '{:15.11f}'
#   description: Declination (ICRS) at Ep=2016.0 (dec)
#   meta: !!omap
#   - {ucd: POS_EQ_DEC_MAIN}
#   - {width: 15}
#   - {precision: '11'}
# - name: e_RA_ICRS
#   unit: mas
#   datatype: float64
#   format: '{:7.4f}'
#   description: Standard error of right ascension (ra_error)
#   meta: !!omap
#   - {ucd: ERROR}
#   - {width: 7}
#   - {precision: '4'}
# - name: e_DE_ICRS
#   unit: mas
#   datatype: float64
#   format: '{:7.4f}'
#   description: Standard error of declination (dec_error)
#   meta: !!omap
#   - {ucd: ERROR}
#   - {width: 7}
#   - {precision: '4'}
# - name: _r_1
#   unit: ''
#   datatype: float64
#   format: '{:7.4f}'
#   description: Distance from center (304.13830714000+37.64890599000)[ICRS], at Epoch=J2016.0
#   meta: !!omap
#   - {ucd: POS_ANG_DIST_GENERAL}
#   - {width: 7}
#   - {precision: '4'}
# - name: HIP
#   datatype: int32
#   description: '? HIP cross-id number, van Leeuwen, Cat. I/311 (hip_original_ext_source_id)'
#   meta: !!omap
#   - {ucd: ID_NUMBER}
#   - {width: 6}
#   - values: {'null': -2147483648}
# - name: TYC2
#   datatype: string
#   description: Tycho-2 cross-id name, Hog et al., Cat. I/259 (tyc2_original_ext_source_id)
#   meta: !!omap
#   - {ucd: ID_CROSSID}
#   - {_votable_string_dtype: char}
# - name: Source
#   datatype: int64
#   description: Source identifier, identical to the Gaia-EDR3 source_id (id)
#   meta: !!omap
#   - {ucd: ID_MAIN}
#   - {width: 19}
# - name: rgeo
#   unit: pc
#   datatype: float64
#   format: '{:15.8f}'
#   description: '? Median of the geometric distance posterior (r_med_geo)'
#   meta: !!omap
#   - {ucd: PHYS_DISTANCE_TRUE}
#   - {width: 15}
#   - {precision: '8'}
#   - values: {'null': .nan}
# - name: Plx
#   unit: mas
#   datatype: float64
#   format: '{:9.4f}'
#   description: '? Parallax (parallax)'
#   meta: !!omap
#   - {ucd: POS_PARLX_TRIG}
#   - {width: 9}
#   - {precision: '4'}
#   - values: {'null': .nan}
# - name: e_Plx
#   unit: mas
#   datatype: float32
#   format: '{:7.4f}'
#   description: '? Standard error of parallax (parallax_error)'
#   meta: !!omap
#   - {ucd: ERROR}
#   - {width: 7}
#   - {precision: '4'}
#   - values: {'null': .nan}
# - name: pmRA
#   unit: mas / yr
#   datatype: float64
#   format: '{:9.3f}'
#   description: '? Proper motion in right ascension direction, pmRA*cosDE (pmra)'
#   meta: !!omap
#   - {ucd: POS_EQ_PMRA}
#   - {width: 9}
#   - {precision: '3'}
#   - values: {'null': .nan}
# - name: pmDE
#   unit: mas / yr
#   datatype: float64
#   format: '{:9.3f}'
#   description: '? Proper motion in declination direction (pmdec)'
#   meta: !!omap
#   - {ucd: POS_EQ_PMDEC}
#   - {width: 9}
#   - {precision: '3'}
#   - values: {'null': .nan}
# - name: e_pmRA
#   unit: mas / yr
#   datatype: float32
#   format: '{:6.3f}'
#   description: '? Standard error of proper motion in right ascension direction (pmra_error)'
#   meta: !!omap
#   - {ucd: ERROR}
#   - {width: 6}
#   - {precision: '3'}
#   - values: {'null': .nan}
# - name: e_pmDE
[...]
#         unit: &id001 !astropy.units.Unit {unit: deg}
#         value: !astropy.table.SerializedColumn {name: SkyCoord.dec}
#       distance: !astropy.table.SerializedColumn
#         __class__: astropy.coordinates.distances.Distance
#         unit: !astropy.units.Unit {unit: pc}
#         value: !astropy.table.SerializedColumn {name: SkyCoord.distance}
#       frame: icrs
#       obstime: !astropy.time.Time {format: jyear_str, in_subfmt: '*', jd1: 367701545.0, jd2: 0.0, out_subfmt: '*', precision: 3, scale: tt}
#       pm_dec: !astropy.table.SerializedColumn
#         __class__: astropy.units.quantity.Quantity
#         unit: !astropy.units.Unit {unit: mas / yr}
#         value: !astropy.table.SerializedColumn {name: SkyCoord.pm_dec}
#       pm_ra_cosdec: !astropy.table.SerializedColumn
#         __class__: astropy.units.quantity.Quantity
#         unit: !astropy.units.Unit {unit: mas / yr}
#         value: !astropy.table.SerializedColumn {name: SkyCoord.pm_ra_cosdec}
#       ra: !astropy.table.SerializedColumn
#         __class__: astropy.coordinates.angles.Longitude
#         unit: *id001
#         value: !astropy.table.SerializedColumn {name: SkyCoord.ra}
#         wrap_angle: !astropy.coordinates.Angle
#           unit: *id001
#           value: 360.0
#       representation_type: spherical
# schema: astropy-2.0
RA_ICRS_1 DE_ICRS_1 e_RA_ICRS e_DE_ICRS _r_1 HIP TYC2 Source rgeo Plx e_Plx pmRA pmDE e_pmRA e_pmDE RUWE Teff logg Gmag BP-RP BPmag RPmag RV e_RV b_rgeo B_rgeo FG e_FG FBP e_FBP FRP e_FRP RAVE5 RAVE6 e_Gmag e_BPmag e_RPmag e_BP-RP SkyCoord.ra SkyCoord.dec SkyCoord.distance SkyCoord.pm_ra_cosdec SkyCoord.pm_dec
[from data line 323]
304.42875168256 37.66290602763 0.0138 0.0151 13.8221 "" "" 2060671054600695040 1540.23926 0.6161 0.0179 -4.839 -8.257 0.019 0.02 1.02 7527.1 3.8839 14.698815 1.433985 15.344602 13.910617 -37.59 5.71 1494.83276 1586.90405 24855.38268 6.8535 9944.3 18.921 21623.0 20.577 "" "" 0.0027715365939283932 0.003471699 0.0039180685 0.0073897676 304.42875168256 37.66290602763 1540.23926 -4.839000000000001 -8.257
304.26348073516 37.36970955343 0.0134 0.0186 17.7797 "" "" 2060637317646590848 1858.43994 0.5103 0.0192 -2.726 -5.377 0.019 0.023 0.991 "" "" 14.710213 0.945597 15.068253 14.122656 "" "" 1790.96838 1925.78125 24595.8315 5.1554 12827.0 33.959 17787.0 27.005 "" "" 0.002764702502387733 0.0040059313 0.004123226 0.008129157 304.26348073516 37.36970955343 1858.43994 -2.726 -5.377000000000001
304.4845117268 37.64368534075 0.0125 0.0142 16.4504 "" "" 2060670371716313216 1772.73596 0.5345 0.0163 -3.23 -6.559 0.017 0.018 1.026 8527.9 3.9118 14.713922 1.207871 15.232607 14.024736 "" "" 1726.95081 1822.27576 24511.96554 9.5438 11025.0 16.897 19465.0 24.991 "" "" 0.002787560530368345 0.0032486874 0.0040282602 0.0072769476 304.4845117268 37.64368534075 1772.73596 -3.229999999999999 -6.558999999999999
304.5179418781 37.78280404344 0.0147 0.016 19.7286 "" "" 2060673738970777728 1858.72534 0.5089 0.0189 -0.557 -4.536 0.02 0.023 1.101 "" "" 14.719914 1.004942 15.13277 14.127828 "" "" 1802.40857 1908.83105 24377.07193 4.6875 12087.0 12.5 17702.0 14.121 "" "" 0.0027632186887010524 0.0030076248 0.0038773513 0.0068849763 304.5179418781 37.78280404344 1858.72534 -0.5570000000000005 -4.536
304.16003796452 37.81284424748 0.0129 0.0169 9.8902 "" "" 2060861514942410624 1679.77356 0.5681 0.018 -0.553 -2.435 0.017 0.02 0.993 6653.2 4.0035 14.720337 1.329779 15.310136 13.980357 -32.58 6.72 1631.19702 1730.04614 24367.56051 5.5548 10265.0 10.201 20278.0 14.873 "" "" 0.002766414141228732 0.0029915243 0.0038623675 0.0068538915 304.16003796452 37.81284424748 1679.77356 -0.553 -2.4349999999999996
304.26766917823 37.38231948408 0.0133 0.0188 17.1391 "" "" 2060660785349322752 1919.1897 0.4909 0.019 -2.795 -5.344 0.019 0.023 0.978 "" "" 14.722873 1.075521 15.169865 14.094344 "" "" 1838.84949 1988.33496 24310.72005 6.9236 11681.0 16.147 18257.0 14.991 "" "" 0.002772616524804403 0.0031682153 0.0038831064 0.0070513217 304.26766917823 37.38231948408 1919.1897 -2.7950000000000004 -5.344
303.99493071128 37.84891508394 0.0129 0.0154 13.7942 "" "" 2060874090606947200 1771.06738 0.5373 0.0173 -2.988 -5.94 0.018 0.019 0.962 6696.0 3.9625 14.728724 1.072492 15.175755 14.103264 42.23 9.67 1715.81958 1831.39197 24180.05219 5.1472 11618.0 10.408 18107.0 15.526 "" "" 0.0027649965656163424 0.0029548455 0.0038923565 0.006847202 303.99493071128 37.84891508394 1771.06738 -2.9880000000000004 -5.94
304.21273475926 37.62621274984 0.0141 0.0178 3.7894 "" "" 2060668688089453824 1623.61743 0.5912 0.0201 11.464 15.25 0.021 0.024 0.913 5635.0 3.5332 14.739402 1.526689 15.439708 13.913019 -287.37 5.95 1575.73328 1667.06287 23943.41993 6.07 9110.3 12.406 21575.0 18.576 "" "" 0.0027690344515964005 0.003157694 0.003893277 0.0070509706 304.21273475926 37.62621274984 1623.61743 11.463999999999999 15.249999999999996
304.1523060424 37.66002162631 0.0135 0.0162 0.9418 "" "" 2060855227110142976 1867.10645 0.5086 0.0182 -2.604 -5.362 0.019 0.021 0.986 7116.6 3.7058 14.741985 1.026977 15.167555 14.140578 "" "" 1811.17725 1924.70764 23886.50366 5.321 11706.0 13.046 17496.0 14.507 "" "" 0.002765915022973309 0.00304125 0.0038851225 0.0069263726 304.1523060424 37.66002162631 1867.10645 -2.6039999999999996 -5.362
303.77218438841 37.61685362438 0.014 0.016 17.5028 "" "" 2060846259217104512 1579.94617 0.6015 0.0184 -4.167 -3.589 0.02 0.02 0.953 6672.1 4.026 14.744288 1.300067 15.31433 14.014263 -46.62 10.95 1540.47034 1633.56494 23835.88076 5.2187 10226.0 13.402 19654.0 15.539 "" "" 0.0027655555534247737 0.0031320634 0.0038756419 0.007007705 303.77218438841 37.61685362438 1579.94617 -4.167 -3.5890000000000004
304.44218421738 37.59903578539 0.0136 0.0156 14.7476 "" "" 2060669817649927296 1933.13416 0.492 0.0184 -2.651 -5.568 0.019 0.019 1.011 7995.3 4.323 14.744609 0.944827 15.126155 14.181328 "" "" 1858.01611 2001.11633 23828.86565 5.0935 12161.0 15.257 16851.0 14.455 "" "" 0.0027650769273427013 0.0031049147 0.0038924485 0.006997363 304.44218421738 37.59903578539 1933.13416 -2.651 -5.568000000000001
304.40575205433 37.63936767945 0.0154 0.0184 12.719 "" "" 2060670921472229888 1523.0083 0.6303 0.0204 0.319 -5.793 0.022 0.026 1.203 5932.8 3.5839 14.746164 1.633431 15.515464 13.882032 14.25 7.86 1471.35864 1562.87305 23794.74738 6.2395 8496.3 15.095 22200.0 13.847 "" "" 0.002769990172775725 0.003392051 0.0038395766 0.0072316276 304.40575205433 37.63936767945 1523.0083 0.31899999999999995 -5.793000000000001
304.2942608248 37.55996568082 0.0131 0.0165 9.1341 "" "" 2060664393122001280 1730.73743 0.5527 0.0181 -0.908 -4.344 0.018 0.021 1.03 "" "" 14.747013 1.382089 15.364568 13.982479 25.38 8.63 1666.15723 1788.80322 23776.14098 4.7057 9763.1 11.067 20238.0 13.287 "" "" 0.002763686883993362 0.0030495524 0.0038460172 0.0068955696 304.2942608248 37.55996568082 1730.73743 -0.908 -4.343999999999999
303.83897335253 37.42170179009 0.0137 0.015 19.7147 "" "" 2060823306912128384 2100.87891 0.4488 0.0182 -1.524 -1.895 0.018 0.018 1.016 "" "" 14.748431 1.006518 15.155638 14.149119 "" "" 2020.47144 2188.50562 23745.10855 7.4341 11835.0 18.715 17358.0 16.147 "" "" 0.0027762089226082386 0.003276096 0.0039120074 0.007188103 303.83897335253 37.42170179009 2100.87891 -1.5239999999999998 -1.895
304.09284180896 37.60731331996 0.0138 0.0155 3.3008 "" "" 2060854711714092544 1571.61768 0.6109 0.0182 -2.1 -10.486 0.02 0.02 0.969 7081.0 3.8846 14.752504 1.454151 15.413604 13.959453 -28.23 13.42 1529.65784 1620.91272 23656.20167 5.5437 9332.0 15.587 20672.0 12.84 "" "" 0.002767043046470678 0.003327724 0.003839078 0.007166802 304.09284180896 37.60731331996 1571.61768 -2.1000000000000005 -10.486
303.86137103194 37.47656733399 0.0146 0.0148 16.7454 "" "" 2060832377883117184 1749.00806 0.5399 0.0182 0.76 -1.266 0.02 0.019 0.983 9021.1 4.4473 14.753267 0.930009 15.128187 14.198178 "" "" 1691.3208 1815.4408 23639.58671 4.869 12138.0 12.664 16592.0 10.959 "" "" 0.0027643802979365 0.003011354 0.0038468167 0.006858171 303.86137103194 37.47656733399 1749.00806 0.7600000000000001 -1.266
304.39045205793 37.68852883133 0.0135 0.0161 12.2089 "" "" 2060674082568227712 2095.18042 0.4459 0.0182 -4.556 -7.226 0.02 0.022 0.992 6894.8 3.7017 14.755662 1.453535 15.413832 13.960297 -14.49 9.22 2020.74988 2170.96997 23587.49461 5.836 9330.1 13.762 20656.0 12.483 "" "" 0.0027683844680670227 0.0032171048 0.0038359156 0.0070530204 304.39045205793 37.68852883133 2095.18042 -4.556 -7.226
303.97287775679 37.35101505054 0.0135 0.0153 19.5313 "" "" 2060639928987195904 1626.62305 0.589 0.0175 -0.206 -2.581 0.019 0.021 0.962 "" "" 14.757965 0.986446 15.163797 14.177351 "" "" 1585.15271 1672.53845 23537.52884 5.14 11746.0 10.197 16913.0 14.819 "" "" 0.0027655025795513565 0.0029450734 0.003897271 0.006842344 303.97287775679 37.35101505054 1626.62305 -0.20600000000000007 -2.5809999999999995
304.45290205205 37.46717215095 0.0134 0.0162 18.5149 "" "" 2060651370780869504 1546.79651 0.6094 0.0187 -6.237 -9.875 0.019 0.019 1.025 4826.6 3.2527 14.759422 1.835962 15.660399 13.824437 -20.33 3.68 1501.57056 1596.12463 23505.94426 5.8083 7434.6 9.8366 23409.0 13.82 "" "" 0.002768350772888355 0.003138254 0.0038333526 0.0069716065 304.45290205205 37.46717215095 1546.79651 -6.237000000000001 -9.875
303.87444988365 37.46975316301 0.0143 0.0143 16.5241 "" "" 2060829422945612672 1576.39331 0.6044 0.0181 -0.478 -0.897 0.02 0.019 1.03 "" "" 14.764847 0.991389 15.169404 14.178015 "" "" 1537.64062 1623.61646 23388.81403 4.5532 11686.0 12.642 16903.0 14.287 "" "" 0.002763415370491701 0.0030273146 0.0038892035 0.0069165183 303.87444988365 37.46975316301 1576.39331 -0.47799999999999987 -0.897
304.30931826567 37.76632346517 0.0135 0.0169 10.7484 "" "" 2060675491317666432 2229.32983 0.42 0.0185 -2.826 -8.093 0.019 0.022 1.01 "" "" 14.765452 1.048105 15.201204 14.153099 -1.54 15.91 2151.80176 2335.54761 23375.76738 7.3948 11348.0 14.977 17295.0 18.799 "" "" 0.0027766452605653474 0.0031366197 0.0039593545 0.007095974 304.30931826567 37.76632346517 2229.32983 -2.826 -8.093
303.81559376065 37.51687415872 0.0153 0.0151 17.2687 "" "" 2060832618401305344 1880.46594 0.5046 0.0194 0.025 -1.133 0.021 0.019 0.951 6803.0 3.6546 14.770922 1.096437 15.233011 14.136574 "" "" 1817.62817 1940.92554 23258.29612 5.2658 11021.0 12.833 17560.0 13.345 "" "" 0.0027662637404330987 0.003063228 0.0038684045 0.0069316328 303.81559376065 37.51687415872 1880.46594 0.025000000000000022 -1.133
304.15894137383 37.3388904906 0.0137 0.0169 18.6268 "" "" 2060637661244471808 1652.53113 0.5766 0.0185 -3.229 -5.813 0.02 0.025 1.045 "" "" 14.771526 1.222382 15.295764 14.073381 "" "" 1609.0708 1713.78333 23245.35643 6.7963 10402.0 14.489 18613.0 20.562 "" "" 0.002773545941263094 0.0031736703 0.0039651417 0.007138812 304.15894137383 37.3388904906 1652.53113 -3.2289999999999996 -5.812999999999998
304.1365120898 37.86070850462 0.0136 0.017 12.7084 "" "" 2060861892899621504 1931.35864 0.489 0.0188 -0.54 -4.192 0.018 0.02 0.993 5347.4 3.5832 14.777649 1.505607 15.469954 13.964347 -10.51 4.22 1862.47729 2007.89014 23114.64368 5.8294 8860.0 12.53 20579.0 15.224 "" "" 0.0027688924392925765 0.0031847637 0.0038637898 0.007048554 304.1365120898 37.86070850462 1931.35864 -0.5400000000000004 -4.192
304.13113428415 37.71508757733 0.0133 0.0167 3.9855 "" "" 2060857597932176768 1763.80127 0.54 0.0184 -5.726 -5.364 0.018 0.02 0.918 "" "" 14.780163 1.032395 15.209401 14.177006 "" "" 1705.92786 1819.51794 23061.19209 4.867 11263.0 12.114 16918.0 11.724 "" "" 0.0027648318695172092 0.0030246882 0.0038535488 0.0068782372 304.13113428415 37.71508757733 1763.80127 -5.726000000000001 -5.364
304.13310855766 37.65348067644 0.0144 0.0168 0.3692 "" "" 2060855261469900288 2018.78455 0.472 0.0193 -2.896 -5.374 0.021 0.022 0.995 8993.2 4.1039 14.785958 0.899151 15.140885 14.241734 "" "" 1931.70105 2098.37915 22938.41027 5.0403 11997.0 16.889 15939.0 17.073 "" "" 0.0027656293051020885 0.0031813919 0.0039542704 0.0071356623 304.13310855766 37.65348067644 2018.78455 -2.896 -5.373999999999999
303.83866398765 37.75442913575 0.0219 0.0237 15.5702 "" "" 2060849282874102528 2236.04272 0.4156 0.0295 -2.31 -4.159 0.032 0.032 1.58 6636.1 3.5308 14.787317 1.506406 15.456009 13.949603 -10.87 6.78 2132.78589 2370.17847 22909.71325 8.1798 8974.6 18.278 20860.0 13.569 "" "" 0.0027824570334508657 0.003560151 0.0038448037 0.0074049546 303.83866398765 37.75442913575 2236.04272 -2.31 -4.159
304.04554855044 37.58141854797 0.0134 0.0156 5.986 "" "" 2060831858176434176 2045.5105 0.4635 0.0181 -2.496 -5.518 0.019 0.02 0.921 "" "" 14.789404 1.061732 15.226623 14.16489 "" "" 1966.50537 2122.25464 22865.73668 4.9576 11086.0 21.179 17108.0 22.205 "" "" 0.0027653577740637354 0.003476699 0.0040335595 0.007510259 304.04554855044 37.58141854797 2045.5105 -2.496 -5.518000000000001
304.01177797766 37.48400383254 0.0145 0.0158 11.5804 "" "" 2060830144499652096 1884.37585 0.4984 0.0185 -2.305 -3.892 0.02 0.023 0.941 "" "" 14.798771 0.995842 15.203636 14.207794 "" "" 1819.07703 1957.33997 22669.30665 4.7725 11323.0 15.573 16445.0 17.265 "" "" 0.0027647851136252282 0.0031646278 0.003947536 0.007112164 304.01177797766 37.48400383254 1884.37585 -2.305 -3.8920000000000003
304.22377604464 37.35935724841 0.014 0.0192 17.8429 "" "" 2060637386366072064 1530.66028 0.622 0.0196 -4.396 -3.665 0.019 0.025 0.942 "" "" 14.799307 1.192685 15.308476 14.115791 "" "" 1483.33289 1572.62817 22658.13293 4.825 10281.0 14.149 17900.0 11.764 "" "" 0.002765003655734446 0.0031650818 0.003846152 0.007011234 304.22377604464 37.35935724841 1530.66028 -4.396000000000001 -3.6650000000000005
304.16503784866 37.53741811066 0.0139 0.0173 6.8089 "" "" 2060666351627219968 2015.11328 0.4664 0.019 -0.03 -4.98 0.019 0.023 0.98 4986.2 3.2781 14.805613 1.941229 15.77267 13.831441 -21.46 2.56 1927.19153 2088.20239 22526.90903 6.347 6704.2 13.024 23259.0 14.509 "" "" 0.0027722498571873676 0.0034976928 0.0038395887 0.0073372815 304.16503784866 37.53741811066 2015.11328 -0.03000000000000047 -4.98
304.16420673806 37.42192978742 0.0142 0.0169 13.6742 "" "" 2060638554597201152 1503.27246 0.6349 0.0187 -2.677 -10.718 0.019 0.023 0.948 6664.0 3.945 14.806326 1.401827 15.435056 14.033229 3.9 6.71 1464.77002 1550.72144 22512.12505 5.2684 9149.4 11.994 19314.0 11.808 "" "" 0.002767011174056557 0.0031322234 0.0038372306 0.0069694538 304.16420673806 37.42192978742 1503.27246 -2.6769999999999996 -10.718
304.2559895902 37.44940951279 0.0141 0.0183 13.2142 "" "" 2060661953580516736 1803.56372 0.5273 0.0196 -0.073 -0.392 0.02 0.022 0.984 "" "" 14.807516 1.012423 15.225196 14.212772 "" "" 1727.54321 1896.67004 22487.45871 4.9306 11100.0 10.792 16370.0 14.855 "" "" 0.0027655851573244084 0.0029831794 0.003905695 0.0068888743 304.2559895902 37.44940951279 1803.56372 -0.07300000000000001 -0.39199999999999996
304.50533807998 37.72872003417 0.0388 0.0406 18.0728 "" "" 2060673017416230144 2002.72058 0.4704 0.0485 -4.204 -6.233 0.056 0.058 3.11 7052.9 3.8343 14.81056 1.258363 15.349361 14.090999 7.92 11.83 1812.48535 2228.76001 22424.49691 8.6739 9900.8 12.866 18313.0 13.054 "" "" 0.0027871423259417487 0.0031266115 0.003857812 0.0069844234 304.50533807998 37.72872003417 2002.72058 -4.204 -6.232999999999999
304.25914080792 37.50932847693 0.0142 0.018 10.1562 "" "" 2060662743854551552 1712.04382 0.5526 0.0191 -0.384 -3.58 0.019 0.022 1.061 "" "" 14.812473 1.199839 15.321366 14.121528 "" "" 1661.9967 1775.24707 22385.00872 5.4489 10159.0 12.262 17805.0 75.33 "" "" 0.002767966230477276 0.0030826028 0.005948496 0.009031098 304.25914080792 37.50932847693 1712.04382 -0.3839999999999997 -3.58
304.24876943224 37.36109179559 0.014 0.02 18.0515 "" "" 2060637283286853632 2024.5603 0.4717 0.0197 -2.671 -5.353 0.019 0.025 0.965 "" "" 14.816023 1.2889 15.375649 14.086748 "" "" 1954.71777 2085.2417 22311.96271 9.6631 9664.0 15.621 18385.0 37.106 "" "" 0.0027951562020079005 0.003296219 0.004368705 0.0076649245 304.24876943224 37.36109179559 2024.5603 -2.671 -5.353
304.41042562919 37.54508389704 0.0142 0.0159 14.358 "" "" 2060663671567326848 1794.65771 0.5326 0.0182 -2.946 -4.337 0.02 0.02 1.004 6416.6 3.8908 14.820077 1.443189 15.474857 14.031669 -5.81 5.81 1736.06287 1844.39795 22228.79045 5.0089 8820.1 9.3865 19342.0 13.098 "" "" 0.002766160620260973 0.003019956 0.003850234 0.0068701897 304.41042562919 37.54508389704 1794.65771 -2.9460000000000006 -4.337000000000001
304.25748524169 37.4073824142 0.0145 0.0201 15.5615 "" "" 2060661090281756928 1782.55627 0.5325 0.0199 -2.656 -5.428 0.02 0.025 0.985 "" "" 14.825156 1.037124 15.235892 14.198769 "" "" 1725.33228 1852.33142 22125.05843 8.278 10992.0 17.239 16583.0 26.525 "" "" 0.002785104505801727 0.0032687187 0.0041592955 0.007428014 304.25748524169 37.4073824142 1782.55627 -2.6560000000000006 -5.428
304.25175618637 37.43228846824 0.0154 0.0187 14.0732 "" "" 2060661953580504832 2031.61694 0.4692 0.0203 -2.647 -5.285 0.021 0.023 1.016 9003.8 4.0393 14.82664 0.904304 15.190184 14.285879 "" "" 1957.82642 2117.68823 22094.8322 5.5154 11464.0 19.647 15304.0 15.466 "" "" 0.0027686177747772538 0.0033537115 0.0039354335 0.007289145 304.25175618637 37.43228846824 2031.61694 -2.6469999999999994 -5.284999999999999
