Clusters/IC_4996/IC_4996_members.tsv
# %ECSV 1.0
# ---
# datatype:
# - name: RA_ICRS_1
#   unit: deg
#   datatype: float64
#   format: '{:15.11f}'
#   description: Right ascension (ICRS) at Ep=2016.0 (ra)
#   meta: !!omap
#   - {ucd: POS_EQ_RA_MAIN}
#   - {width: 15}
#   - {precision: '11'}
# - name: DE_ICRS_1
#   unit: deg
#   datatype: float64
#   format: '{:15.11f}'
#   description: Declination (ICRS) at Ep=2016.0 (dec)
#   meta: !!omap
#   - {ucd: POS_EQ_DEC_MAIN}
#   - {width: 15}
#   - {precision: '11'}
# - name: e_RA_ICRS
#   unit: mas
#   datatype: float64
#   format: '{:7.4f}'
#   description: Standard error of right ascension (ra_error)
#   meta: !!omap
#   - {ucd: ERROR}
#   - {width: 7}
#   - {precision: '4'}
# - name: e_DE_ICRS
#   unit: mas
#   datatype: float64
#   format: '{:7.4f}'
#   description: Standard error of declination (dec_error)
#   meta: !!omap
#   - {ucd: ERROR}
#   - {width: 7}
#   - {precision: '4'}
# - name: _r_1
#   unit: ''
#   datatype: float64
#   format: '{:7.4f}'
#   description: Distance from center (304.13830714000+37.64890599000)[ICRS], at Epoch=J2016.0
#   meta: !!omap
#   - {ucd: POS_ANG_DIST_GENERAL}
#   - {width: 7}
#   - {precision: '4'}
# - name: HIP
#   datatype: int32
#   description: '? HIP cross-id number, van Leeuwen, Cat. I/311 (hip_original_ext_source_id)'
#   meta: !!omap
#   - {ucd: ID_NUMBER}
#   - {width: 6}
#   - values: {'null': -2147483648}
# - name: TYC2
#   datatype: string
#   description: Tycho-2 cross-id name, Hog et al., Cat. I/259 (tyc2_original_ext_source_id)
#   meta: !!omap
#   - {ucd: ID_CROSSID}
#   - {_votable_string_dtype: char}
# - name: Source
#   datatype: int64
#   description: Source identifier, identical to the Gaia-EDR3 source_id (id)
#   meta: !!omap
#   - {ucd: ID_MAIN}
#   - {width: 19}
# - name: rgeo
#   unit: pc
#   datatype: float64
#   format: '{:15.8f}'
#   description: '? Median of the geometric distance posterior (r_med_geo)'
#   meta: !!omap
#   - {ucd: PHYS_DISTANCE_TRUE}
#   - {width: 15}
#   - {precision: '8'}
#   - values: {'null': .nan}
# - name: Plx
#   unit: mas
#   datatype: float64
#   format: '{:9.4f}'
#   description: '? Parallax (parallax)'
#   meta: !!omap
#   - {ucd: POS_PARLX_TRIG}
#   - {width: 9}
#   - {precision: '4'}
#   - values: {'null': .nan}
# - name: e_Plx
#   unit: mas
#   datatype: float32
#   format: '{:7.4f}'
#   description: '? Standard error of parallax (parallax_error)'
#   meta: !!omap
#   - {ucd: ERROR}
#   - {width: 7}
#   - {precision: '4'}
#   - values: {'null': .nan}
# - name: pmRA
#   unit: mas / yr
#   datatype: float64
#   format: '{:9.3f}'
#   description: '? Proper motion in right ascension direction, pmRA*cosDE (pmra)'
#   meta: !!omap
#   - {ucd: POS_EQ_PMRA}
#   - {width: 9}
#   - {precision: '3'}
#   - values: {'null': .nan}
# - name: pmDE
#   unit: mas / yr
#   datatype: float64
#   format: '{:9.3f}'
#   description: '? Proper motion in declination direction (pmdec)'
#   meta: !!omap
#   - {ucd: POS_EQ_PMDEC}
#   - {width: 9}
#   - {precision: '3'}
#   - values: {'null': .nan}
# - name: e_pmRA
#   unit: mas / yr
#   datatype: float32
#   format: '{:6.3f}'
#   description: '? Standard error of proper motion in right ascension direction (pmra_error)'
#   meta: !!omap
#   - {ucd: ERROR}
#   - {width: 6}
#   - {precision: '3'}
#   - values: {'null': .nan}
# - name: e_pmDE
[...]
#       distance: !astropy.table.SerializedColumn
#         __class__: astropy.coordinates.distances.Distance
#         unit: !astropy.units.Unit {unit: pc}
#         value: !astropy.table.SerializedColumn {name: SkyCoord.distance}
#       frame: icrs
#       obstime: !astropy.time.Time {format: jyear_str, in_subfmt: '*', jd1: 367701545.0, jd2: 0.0, out_subfmt: '*', precision: 3, scale: tt}
#       pm_dec: !astropy.table.SerializedColumn
#         __class__: astropy.units.quantity.Quantity
#         unit: !astropy.units.Unit {unit: mas / yr}
#         value: !astropy.table.SerializedColumn {name: SkyCoord.pm_dec}
#       pm_ra_cosdec: !astropy.table.SerializedColumn
#         __class__: astropy.units.quantity.Quantity
#         unit: !astropy.units.Unit {unit: mas / yr}
#         value: !astropy.table.SerializedColumn {name: SkyCoord.pm_ra_cosdec}
#       ra: !astropy.table.SerializedColumn
#         __class__: astropy.coordinates.angles.Longitude
#         unit: *id001
#         value: !astropy.table.SerializedColumn {name: SkyCoord.ra}
#         wrap_angle: !astropy.coordinates.Angle
#           unit: *id001
#           value: 360.0
#       representation_type: spherical
# schema: astropy-2.0
RA_ICRS_1 DE_ICRS_1 e_RA_ICRS e_DE_ICRS _r_1 HIP TYC2 Source rgeo Plx e_Plx pmRA pmDE e_pmRA e_pmDE RUWE Teff logg Gmag BP-RP BPmag RPmag RV e_RV b_rgeo B_rgeo FG e_FG FBP e_FBP FRP e_FRP RAVE5 RAVE6 e_Gmag e_BPmag e_RPmag e_BP-RP SkyCoord.ra SkyCoord.dec SkyCoord.distance SkyCoord.pm_ra_cosdec SkyCoord.pm_dec rmRA rmDE e_rmRA e_rmDE rRV e_rRV v_pec v_pec3d e_vpec e_vpec3d Pmemb
[from data line 31]
304.18318279599 37.65941909883 0.0166 0.0202 2.2231 "" "" 2060856498420418688 1960.09912 0.4904 0.0229 -2.722 -5.291 0.023 0.025 0.977 8223.5 4.0639 15.096046 0.973072 15.487873 14.514801 "" "" 1878.17529 2037.84021 17239.63167 4.6649 8715.0 14.24 12395.0 12.214 "" "" 0.0027709389409064987 0.0033064054 0.0039278967 0.0072343023 304.18318279599 37.65941909883 1960.09912 -2.722 -5.291 -0.06019150924682615 0.0797232475280758 0.14236492 0.14436492 "" "" 0.9281022783694042 "" 0.133314467163366 "" 0.8
304.13494813431 37.64843712424 0.0182 0.0221 0.162 "" "" 2060855085358131328 1834.37402 0.5178 0.0235 -2.791 -5.621 0.026 0.03 1.052 9695.4 4.3693 15.195301 1.132407 15.660689 14.528282 "" "" 1761.84973 1897.04895 15733.52949 4.6328 7432.6 30.603 12242.0 38.144 "" "" 0.002773805520184549 0.0052696895 0.005072299 0.010341989 304.13494813431 37.64843712424 1834.37402 -2.791 -5.621 -0.1291915092468261 -0.25027675247192427 0.14536493 0.14936492 "" "" 2.4489614324290976 "" 0.3637498393480921 "" 0.9
304.14887095011 37.62791576311 0.019 0.024 1.3557 "" "" 2060854883512727552 1920.80945 0.4915 0.0268 -2.594 -5.436 0.029 0.032 1.094 6548.3 4.0096 15.206803 1.29424 15.763297 14.469057 "" "" 1834.92273 2014.8064 15567.73768 5.1412 6762.4 14.289 12928.0 23.226 "" "" 0.0027785527793981295 0.003612237 0.004253064 0.0078653 304.14887095011 37.62791576311 1920.80945 -2.5939999999999994 -5.435999999999999 0.06780849075317397 -0.06527675247192377 0.14836493 0.15136492 "" "" 0.8569512164632891 "" 0.12838446868324369 "" 0.8
304.07741356223 37.67000982737 0.0167 0.0201 3.1574 "" "" 2060856154823187328 1865.65393 0.5104 0.0226 -2.677 -5.401 0.024 0.027 1.021 6697.6 4.0447 15.257304 1.289252 15.8234 14.534147 "" "" 1792.26392 1954.77979 14860.20963 3.4768 6398.2 9.2895 12176.0 13.254 "" "" 0.0027670053987776835 0.0032046838 0.003959864 0.0071645477 304.07741356223 37.67000982737 1865.65393 -2.677 -5.401 -0.015191509246826218 -0.03027675247192363 0.14336492 0.14636493 "" "" 0.29955660886172447 "" 0.04366532314350741 "" 1.0
304.12286175347 37.6525455477 0.0189 0.0212 0.7655 "" "" 2060855158390700032 1964.42505 0.482 0.0252 -2.714 -5.286 0.024 0.026 1.043 "" "" 15.324888 1.324479 15.889101 14.564622 "" "" 1861.67932 2052.83252 13963.41254 3.9348 6022.5 38.301 11839.0 33.287 "" "" 0.002772254844359536 0.0074473307 0.0048582605 0.012305591 304.12286175347 37.6525455477 1964.42505 -2.714 -5.285999999999997 -0.05219150924682614 0.08472324752807658 0.14336492 0.14536493 "" "" 0.9265628389659729 "" 0.13418250904371515 "" 1.0
304.1291019624 37.67409944481 0.0198 0.022 1.5736 "" "" 2060856017384173568 1972.79053 0.4769 0.0259 -2.621 -5.267 0.026 0.027 1.007 6674.3 3.9472 15.388792 1.448243 16.045923 14.59768 "" "" 1876.95508 2080.21558 13165.27445 4.1682 5212.5 9.1209 11484.0 16.637 "" "" 0.002776680319960061 0.0033755626 0.004093629 0.007469191 304.1291019624 37.67409944481 1972.79053 -2.6210000000000004 -5.266999999999998 0.04080849075317383 0.10372324752807582 0.14536493 0.14636493 "" "" 1.042287017561832 "" 0.15241496536664573 "" 0.9
304.18292471051 37.66034032045 0.019 0.0234 2.2277 "" "" 2060856498420420096 1992.41724 0.4762 0.0262 -2.682 -5.402 0.025 0.029 0.992 7226.4 4.1791 15.403543 1.145086 15.880771 14.735684 "" "" 1910.08154 2088.01538 12987.62065 4.0436 6068.9 14.355 10113.0 13.477 "" "" 0.002775978693222068 0.003792144 0.0040468797 0.007839024 304.18292471051 37.66034032045 1992.41724 -2.6819999999999995 -5.401999999999999 -0.02019150924682611 -0.03127675247192396 0.14436492 0.14836493 "" "" 0.35158443435722636 "" 0.051753067555138206 "" 0.9
304.12366538333 37.63431852476 0.0194 0.021 1.118 "" "" 2060855055311462400 1974.79712 0.484 0.0253 -2.676 -5.292 0.027 0.027 0.957 7863.9 4.157 15.419696 1.18148 15.924536 14.743056 "" "" 1888.42981 2072.1084 12795.82899 3.4988 5829.1 12.072 10045.0 10.903 "" "" 0.0027712677114564333 0.0035834357 0.003958855 0.0075422907 304.12366538333 37.63431852476 1974.79712 -2.676000000000001 -5.292 -0.014191509246826328 0.07872324752807636 0.14636493 0.14636493 "" "" 0.7487698553247202 "" 0.10959364543294678 "" 1.0
304.11076339917 37.70033838986 0.0183 0.0225 3.3517 "" "" 2060856326621867264 1962.74365 0.4869 0.0257 -2.57 -5.412 0.025 0.028 0.983 7648.9 4.0892 15.543364 1.435729 16.190046 14.754317 "" "" 1875.82629 2050.91211 11418.29176 3.8315 4564.6 11.201 9941.0 14.573 "" "" 0.0027793027808545776 0.0038578992 0.004100857 0.007958756 304.11076339917 37.70033838986 1962.74365 -2.570000000000001 -5.411999999999999 0.09180849075317399 -0.04127675247192375 0.14436492 0.14736493 "" "" 0.9364869144296655 "" 0.13567233625000058 "" 0.9
304.10629857195 37.66033245186 0.0195 0.0236 1.6679 "" "" 2060855914304973312 1921.05396 0.4982 0.0268 -2.678 -5.448 0.027 0.029 1.005 6342.7 4.0053 15.63095 1.469872 16.301138 14.831265 "" "" 1841.70142 1997.55054 10533.35529 3.7268 4120.6 10.3 9260.9 14.943 "" "" 0.002781969758462592 0.0038923703 0.0041656783 0.008058049 304.10629857195 37.66033245186 1921.05396 -2.678 -5.448 -0.016191509246826108 -0.07727675247192423 0.14636493 0.14836493 "" "" 0.7189463416298776 "" 0.1066063445952091 "" 0.9
304.07122911406 37.64922968879 0.0201 0.0236 3.1867 "" "" 2060855570690511744 1890.80029 0.4986 0.0274 -2.605 -5.251 0.027 0.031 0.936 6830.9 4.1143 15.669373 1.500927 16.32944 14.828512 "" "" 1783.42261 2011.72583 10167.11643 3.5788 4014.6 17.354 9284.4 20.526 "" "" 0.0027816988059990847 0.0054600774 0.0044772103 0.009937288 304.07122911406 37.64922968879 1890.80029 -2.605 -5.251 0.056808490753173846 0.11972324752807584 0.14636493 0.15036492 "" "" 1.1876730447019666 "" 0.17772084209479197 "" 1.0
304.09055002068 37.60176815177 0.0247 0.0292 3.6262 "" "" 2060854539915397888 2179.85156 0.4422 0.0333 -2.842 -5.304 0.035 0.038 0.954 7087.3 4.2513 16.142916 1.472968 16.814976 15.342008 "" "" 2052.92944 2321.00781 6573.25009 2.6718 2567.0 7.3332 5785.7 8.7786 "" "" 0.002790438638341624 0.004171959 0.0041228128 0.008294772 304.09055002068 37.60176815177 2179.85156 -2.8420000000000005 -5.303999999999999 -0.18019150924682625 0.0667232475280759 0.15436493 0.15736492 "" "" 1.9853716861050268 "" 0.3071960775825557 "" 0.8
304.12555382504 37.637512171 0.0293 0.03 0.9135 "" "" 2060855089671200896 2214.48413 0.4354 0.0369 -2.785 -5.36 0.038 0.038 1.008 5039.9 4.1708 16.152836 1.579891 16.86583 15.285938 "" "" 2057.95361 2386.50806 6513.47329 4.5635 2449.5 15.37 6092.3 34.087 "" "" 0.0028583988511174884 0.007361945 0.007154502 0.014516447 304.12555382504 37.637512171 2214.48413 -2.784999999999998 -5.359999999999996 -0.12319150924682631 0.010723247528075852 0.15736492 0.15736492 "" "" 1.2979883343414804 "" 0.20425783011120988 "" 0.9
304.18030971386 37.61256686643 0.0285 0.0402 2.9559 "" "" 2060667244980464512 2081.81323 0.4586 0.0429 -2.551 -5.401 0.04 0.049 1.03 5335.6 3.7707 16.315022 1.757413 17.1584 15.400987 "" "" 1910.28772 2277.21924 5609.68243 8.0213 1870.9 13.923 5479.8 20.986 "" "" 0.003162599678824298 0.0085481 0.0056189923 0.014167092 304.18030971386 37.61256686643 2081.81323 -2.5509999999999997 -5.401 0.11080849075317367 -0.03027675247192363 0.15936492 0.16836493 "" "" 1.1335172921246135 "" 0.18137016282530874 "" 0.8
304.14230487548 37.65291892054 0.0286 0.0342 0.3067 "" "" 2060855192750409856 1787.37671 0.5276 0.0393 -2.712 -5.512 0.04 0.042 0.967 4984.2 4.1772 16.381014 1.653911 17.154991 15.501081 "" "" 1655.06775 1919.72083 5278.86978 5.5561 1876.8 14.069 4997.2 16.742 "" "" 0.002982897902521724 0.008603947 0.005245498 0.013849445 304.14230487548 37.65291892054 1787.37671 -2.7119999999999993 -5.5120000000000005 -0.05019150924682636 -0.1412767524719234 0.15936492 0.16136493 "" "" 1.2702121100402732 "" 0.2046845435232315 "" 0.8
304.11370688783 37.64551146383 0.0306 0.0364 1.1863 "" "" 2060855124030967040 1965.17432 0.4897 0.0416 -2.668 -5.434 0.043 0.045 0.969 5215.9 3.768 16.554277 1.713057 17.369158 15.656101 "" "" 1834.86584 2121.68506 4500.24028 5.1811 1540.8 13.354 4332.3 15.146 "" "" 0.003025606287978326 0.00981494 0.0053564776 0.015171418 304.11370688783 37.64551146383 1965.17432 -2.6680000000000006 -5.4339999999999975 -0.006191509246826321 -0.06327675247192399 0.16236493 0.16436493 "" "" 0.5922331812440123 "" 0.09733120257736862 "" 0.8
