Clusters/IC_4996/IC_4996_stars_in_region.tsv
# %ECSV 1.0
# ---
# datatype:
# - name: RA_ICRS_1
#   unit: deg
#   datatype: float64
#   format: '{:15.11f}'
#   description: Right ascension (ICRS) at Ep=2016.0 (ra)
#   meta: !!omap
#   - {ucd: POS_EQ_RA_MAIN}
#   - {width: 15}
#   - {precision: '11'}
# - name: DE_ICRS_1
#   unit: deg
#   datatype: float64
#   format: '{:15.11f}'
#   description: Declination (ICRS) at Ep=2016.0 (dec)
#   meta: !!omap
#   - {ucd: POS_EQ_DEC_MAIN}
#   - {width: 15}
#   - {precision: '11'}
# - name: e_RA_ICRS
#   unit: mas
#   datatype: float64
#   format: '{:7.4f}'
#   description: Standard error of right ascension (ra_error)
#   meta: !!omap
#   - {ucd: ERROR}
#   - {width: 7}
#   - {precision: '4'}
# - name: e_DE_ICRS
#   unit: mas
#   datatype: float64
#   format: '{:7.4f}'
#   description: Standard error of declination (dec_error)
#   meta: !!omap
#   - {ucd: ERROR}
#   - {width: 7}
#   - {precision: '4'}
# - name: _r_1
#   unit: ''
#   datatype: float64
#   format: '{:7.4f}'
#   description: Distance from center (304.13830714000+37.64890599000)[ICRS], at Epoch=J2016.0
#   meta: !!omap
#   - {ucd: POS_ANG_DIST_GENERAL}
#   - {width: 7}
#   - {precision: '4'}
# - name: HIP
#   datatype: int32
#   description: '? HIP cross-id number, van Leeuwen, Cat. I/311 (hip_original_ext_source_id)'
#   meta: !!omap
#   - {ucd: ID_NUMBER}
#   - {width: 6}
#   - values: {'null': -2147483648}
# - name: TYC2
#   datatype: string
#   description: Tycho-2 cross-id name, Hog et al., Cat. I/259 (tyc2_original_ext_source_id)
#   meta: !!omap
#   - {ucd: ID_CROSSID}
#   - {_votable_string_dtype: char}
# - name: Source
#   datatype: int64
#   description: Source identifier, identical to the Gaia-EDR3 source_id (id)
#   meta: !!omap
#   - {ucd: ID_MAIN}
#   - {width: 19}
# - name: rgeo
#   unit: pc
#   datatype: float64
#   format: '{:15.8f}'
#   description: '? Median of the geometric distance posterior (r_med_geo)'
#   meta: !!omap
#   - {ucd: PHYS_DISTANCE_TRUE}
#   - {width: 15}
#   - {precision: '8'}
#   - values: {'null': .nan}
# - name: Plx
#   unit: mas
#   datatype: float64
#   format: '{:9.4f}'
#   description: '? Parallax (parallax)'
#   meta: !!omap
#   - {ucd: POS_PARLX_TRIG}
#   - {width: 9}
#   - {precision: '4'}
#   - values: {'null': .nan}
# - name: e_Plx
#   unit: mas
#   datatype: float32
#   format: '{:7.4f}'
#   description: '? Standard error of parallax (parallax_error)'
#   meta: !!omap
#   - {ucd: ERROR}
#   - {width: 7}
#   - {precision: '4'}
#   - values: {'null': .nan}
# - name: pmRA
#   unit: mas / yr
#   datatype: float64
#   format: '{:9.3f}'
#   description: '? Proper motion in right ascension direction, pmRA*cosDE (pmra)'
#   meta: !!omap
#   - {ucd: POS_EQ_PMRA}
#   - {width: 9}
#   - {precision: '3'}
#   - values: {'null': .nan}
# - name: pmDE
#   unit: mas / yr
#   datatype: float64
#   format: '{:9.3f}'
#   description: '? Proper motion in declination direction (pmdec)'
#   meta: !!omap
#   - {ucd: POS_EQ_PMDEC}
#   - {width: 9}
#   - {precision: '3'}
#   - values: {'null': .nan}
# - name: e_pmRA
#   unit: mas / yr
#   datatype: float32
#   format: '{:6.3f}'
#   description: '? Standard error of proper motion in right ascension direction (pmra_error)'
#   meta: !!omap
#   - {ucd: ERROR}
#   - {width: 6}
#   - {precision: '3'}
#   - values: {'null': .nan}
# - name: e_pmDE
[...]
#         unit: &id001 !astropy.units.Unit {unit: deg}
#         value: !astropy.table.SerializedColumn {name: SkyCoord.dec}
#       distance: !astropy.table.SerializedColumn
#         __class__: astropy.coordinates.distances.Distance
#         unit: !astropy.units.Unit {unit: pc}
#         value: !astropy.table.SerializedColumn {name: SkyCoord.distance}
#       frame: icrs
#       obstime: !astropy.time.Time {format: jyear_str, in_subfmt: '*', jd1: 367701545.0, jd2: 0.0, out_subfmt: '*', precision: 3, scale: tt}
#       pm_dec: !astropy.table.SerializedColumn
#         __class__: astropy.units.quantity.Quantity
#         unit: !astropy.units.Unit {unit: mas / yr}
#         value: !astropy.table.SerializedColumn {name: SkyCoord.pm_dec}
#       pm_ra_cosdec: !astropy.table.SerializedColumn
#         __class__: astropy.units.quantity.Quantity
#         unit: !astropy.units.Unit {unit: mas / yr}
#         value: !astropy.table.SerializedColumn {name: SkyCoord.pm_ra_cosdec}
#       ra: !astropy.table.SerializedColumn
#         __class__: astropy.coordinates.angles.Longitude
#         unit: *id001
#         value: !astropy.table.SerializedColumn {name: SkyCoord.ra}
#         wrap_angle: !astropy.coordinates.Angle
#           unit: *id001
#           value: 360.0
#       representation_type: spherical
# schema: astropy-2.0
RA_ICRS_1 DE_ICRS_1 e_RA_ICRS e_DE_ICRS _r_1 HIP TYC2 Source rgeo Plx e_Plx pmRA pmDE e_pmRA e_pmDE RUWE Teff logg Gmag BP-RP BPmag RPmag RV e_RV b_rgeo B_rgeo FG e_FG FBP e_FBP FRP e_FRP RAVE5 RAVE6 e_Gmag e_BPmag e_RPmag e_BP-RP SkyCoord.ra SkyCoord.dec SkyCoord.distance SkyCoord.pm_ra_cosdec SkyCoord.pm_dec
[from data line 1421]
304.34620301475 37.50344555596 0.0367 0.0441 13.1873 "" "" 2060663293610245248 2017.7019 0.4768 0.0489 -4.47 -8.186 0.05 0.055 0.99 5440.6 4.5655 16.843819 1.483971 17.531164 16.047194 "" "" 1854.15771 2211.64917 3446.82396 2.0352 1327.2 6.4326 3021.9 7.9935 "" "" 0.0028289173070606623 0.0059562325 0.0047467873 0.01070302 304.34620301475 37.50344555596 2017.7019 -4.47 -8.185999999999998
304.06514154367 37.82608383056 0.0393 0.0497 11.1832 "" "" 2060862133417854464 1854.47546 0.5199 0.0529 -0.497 -6.539 0.054 0.061 0.987 "" "" 16.844206 1.37548 17.1866 15.81112 "" "" 1681.55212 2009.33887 3445.59393 3.84 1823.0 27.077 3755.9 53.106 "" "" 0.003009307251621164 0.016366024 0.015809985 0.03217601 304.06514154367 37.82608383056 1854.47546 -0.49699999999999966 -6.538999999999999
303.98993566528 37.94984776648 0.0349 0.0405 19.3783 "" "" 2060875946032939264 2037.6936 0.4671 0.0473 -4.6 -6.344 0.047 0.049 0.98 4730.9 4.3485 16.848433 1.362736 17.468904 16.106169 "" "" 1852.71228 2258.33179 3432.20928 1.8024 1405.6 5.8722 2862.1 8.61 "" "" 0.0028136949520562887 0.0053253574 0.004995176 0.010320533 303.98993566528 37.94984776648 2037.6936 -4.6 -6.343999999999999
304.48767134089 37.66714936453 0.0334 0.0369 16.6309 "" "" 2060670539204627200 2188.92749 0.4475 0.0431 -2.62 -4.767 0.046 0.047 0.94 7722.5 4.1561 16.850023 1.499332 17.542074 16.042742 "" "" 2002.15393 2429.10986 3427.18692 1.7326 1314.0 6.1465 3034.3 7.0211 "" "" 0.0028094606124165478 0.0057947175 0.0045382115 0.010332929 304.48767134089 37.66714936453 2188.92749 -2.6199999999999997 -4.7669999999999995
304.2507155123 37.81709307462 0.0364 0.0447 11.4142 "" "" 2060864263721369728 1838.20801 0.5221 0.0484 -0.655 -5.652 0.049 0.057 0.978 5441.0 4.5869 16.852116 1.435722 17.500235 16.064512 "" "" 1677.67957 2037.03625 3420.58575 1.9497 1365.6 7.6641 2974.1 6.6172 "" "" 0.002823964526778744 0.006701863 0.0044854577 0.011187321 304.2507155123 37.81709307462 1838.20801 -0.655 -5.651999999999999
303.88696568935 37.52212966484 0.0388 0.0391 14.1659 "" "" 2060832824559313920 1743.68567 0.56 0.0482 -2.754 -5.505 0.055 0.052 1.045 6682.1 4.3557 16.852839 1.446709 17.516577 16.069868 "" "" 1620.51636 1862.21118 3418.30926 2.0462 1345.2 6.0056 2959.4 7.2674 "" "" 0.0028309340590806525 0.005592916 0.004625211 0.010218127 303.88696568935 37.52212966484 1743.68567 -2.7539999999999996 -5.504999999999999
304.0352390001 37.34267570915 0.0363 0.0416 19.0176 "" "" 2060639551030069888 1579.76062 0.6116 0.0478 -7.066 -5.812 0.053 0.058 0.972 5251.7 4.5835 16.852959 1.463116 17.521622 16.058506 "" "" 1468.2334 1730.53748 3417.93247 1.8803 1339.0 5.5368 2990.6 7.9264 "" "" 0.0028193171518062026 0.005285932 0.004750237 0.010036169 304.0352390001 37.34267570915 1579.76062 -7.065999999999999 -5.812
304.38860077782 37.89709194758 0.0346 0.042 19.0435 "" "" 2060865844269234304 2050.75464 0.4657 0.0463 -1.395 -3.614 0.045 0.06 0.935 5018.3 4.3969 16.853945 1.383629 17.483633 16.100004 "" "" 1873.57495 2282.05151 3414.82605 2.3158 1386.6 6.2545 2878.4 7.9507 "" "" 0.0028520049085094023 0.0056364518 0.0048247087 0.010461161 304.38860077782 37.89709194758 2050.75464 -1.395 -3.6140000000000003
304.48084465504 37.78109985923 0.0368 0.0412 18.0897 "" "" 2060676281584738176 2020.07056 0.4714 0.0481 -2.498 -5.793 0.053 0.061 1.029 5747.1 4.5692 16.85424 1.52546 17.459587 15.934127 "" "" 1866.64539 2215.24292 3413.89855 2.4053 1417.7 12.659 3353.6 58.671 "" "" 0.0028595392087448464 0.010088331 0.019367218 0.02945555 304.48084465504 37.78109985923 2020.07056 -2.498 -5.793000000000001
304.21476594593 37.91937867328 0.0348 0.0447 16.6284 "" "" 2060868279500721920 2217.99365 0.4445 0.0469 -2.25 -0.064 0.046 0.056 0.984 4890.7 4.4126 16.8545 1.497414 17.542423 16.04501 "" "" 2035.30249 2590.23877 3413.08562 1.7864 1313.6 7.3521 3028.0 10.932 "" "" 0.002813311536544913 0.006686714 0.005445076 0.01213179 304.21476594593 37.91937867328 2217.99365 -2.25 -0.06399999999999992
304.08679079231 37.95406277388 0.035 0.0448 18.4716 "" "" 2060880889525731072 1912.42749 0.5091 0.0494 -1.339 -5.41 0.048 0.055 1.01 6366.9 4.4168 16.85514 1.477417 17.53899 16.061573 "" "" 1764.37134 2122.13574 3411.07145 1.7998 1317.7 5.8964 2982.1 6.9837 "" "" 0.002814244474100682 0.0056026117 0.004555088 0.0101577 304.08679079231 37.95406277388 1912.42749 -1.339 -5.41
304.34258343811 37.4222036733 0.0372 0.0458 16.7177 "" "" 2060649549714820352 1923.56543 0.501 0.0506 -1.082 -4.999 0.05 0.056 1.015 5052.5 4.3557 16.858541 1.577549 17.59636 16.01881 "" "" 1746.94629 2142.02148 3400.39949 1.977 1249.9 8.149 3101.9 7.0012 "" "" 0.002826705730696213 0.0076087452 0.0045043393 0.012113085 304.34258343811 37.4222036733 1923.56543 -1.0820000000000003 -4.9990000000000006
304.52485327464 37.68990117575 0.036 0.0394 18.5223 "" "" 2060672020983750016 2234.73218 0.4351 0.0461 -4.137 -6.31 0.051 0.056 1.038 5711.6 4.4864 16.858639 1.56382 17.589138 16.025318 "" "" 2037.61304 2539.07568 3400.09811 1.9317 1258.2 5.2889 3083.4 7.6478 "" "" 0.0028235227969353014 0.0053492617 0.0046406677 0.009989929 304.52485327464 37.68990117575 2234.73218 -4.137 -6.309999999999999
304.10341078528 37.49654448368 0.0373 0.0416 9.2911 "" "" 2060642780845064704 1720.06335 0.5678 0.0486 -2.168 -4.039 0.052 0.055 0.956 5234.9 4.6197 16.859077 1.437029 17.52082 16.083792 "" "" 1575.6167 1916.43335 3398.72233 2.3662 1339.9 6.9841 2921.7 7.1665 "" "" 0.0028571249466092167 0.0063097286 0.0046234294 0.010933158 304.10341078528 37.49654448368 1720.06335 -2.168 -4.039
303.80320938696 37.48997385618 0.0413 0.042 18.5714 "" "" 2060832584041553024 1590.30725 0.6254 0.0534 2.203 -0.016 0.056 0.055 0.969 4910.0 4.3713 16.859968 1.499754 17.553503 16.05375 "" "" 1466.33301 1707.96899 3395.9384 2.0659 1300.2 5.7197 3003.7 7.8091 "" "" 0.0028333816632339455 0.005531514 0.0047171507 0.010248665 303.80320938696 37.48997385618 1590.30725 2.203 -0.016000000000000084
303.9239611174 37.87612130646 0.0357 0.0409 17.0067 "" "" 2060873880137864192 1915.45679 0.4968 0.0483 -5.714 -6.161 0.048 0.049 0.995 5528.4 4.6282 16.860186 1.4238 17.47819 16.05439 "" "" 1745.94995 2070.60718 3395.25838 2.1442 1393.6 7.3318 3001.9 7.8459 "" "" 0.0028393549090435957 0.0063571446 0.0047261436 0.011083288 303.9239611174 37.87612130646 1915.45679 -5.7139999999999995 -6.161
303.77299296422 37.64487912324 0.0354 0.0423 17.3568 "" "" 2060846362296329600 1980.39294 0.4791 0.0486 -0.097 -3.029 0.051 0.057 0.981 4694.1 4.3216 16.860575 1.557707 17.573591 16.015884 "" "" 1821.30078 2231.25806 3394.04019 1.9394 1276.4 9.9799 3110.3 13.853 "" "" 0.002824303582391971 0.008935913 0.0061374605 0.015073374 303.77299296422 37.64487912324 1980.39294 -0.0970000000000002 -3.0289999999999995
304.09348764408 37.43748593608 0.0478 0.0555 12.8632 "" "" 2060641440815251072 1759.96924 0.5768 0.0636 -3.698 -6.262 0.071 0.079 1.324 5469.5 4.6384 16.861712 1.48459 17.503672 16.019081 "" "" 1577.41431 1997.99341 3390.48994 2.7903 1361.3 8.018 3101.2 9.5334 "" "" 0.0028965839350507594 0.0069771274 0.0050421935 0.012019321 304.09348764408 37.43748593608 1759.96924 -3.6979999999999995 -6.262
304.13686961324 37.63951469058 0.0532 0.061 0.5676 "" "" 2060855089671187840 2072.70801 0.4718 0.0706 -2.685 -5.227 0.068 0.075 1.538 "" "" 16.862389 1.910137 17.671368 15.76123 "" "" 1848.96118 2317.44971 3388.37219 3.8737 1166.5 16.259 3932.5 55.056 "" "" 0.003022001066419479 0.015388357 0.015663378 0.031051736 304.13686961324 37.63951469058 2072.70801 -2.685 -5.227
304.26025693951 37.95389932382 0.0363 0.0455 19.1912 "" "" 2060869894409467264 2215.25269 0.4227 0.0481 -0.007 -2.375 0.046 0.057 1.033 7119.6 4.3282 16.86309 1.504774 17.546732 16.041958 "" "" 1983.79187 2452.13745 3386.18587 1.9085 1308.3 6.7908 3036.5 9.0014 "" "" 0.0028224553956165046 0.006288458 0.0049641547 0.011252613 304.26025693951 37.95389932382 2215.25269 -0.006999999999999895 -2.375
304.28102287813 37.62925455162 0.0384 0.0472 6.8825 "" "" 2060667829095918592 2027.0636 0.4741 0.0536 -4.509 -4.583 0.058 0.061 1.024 4679.3 4.3341 16.863518 1.531406 17.57823 16.046824 "" "" 1827.78137 2270.30249 3384.85168 2.0123 1270.9 7.3334 3022.9 7.9886 "" "" 0.002829915803818386 0.0068581896 0.004745148 0.011603338 304.28102287813 37.62925455162 2027.0636 -4.509 -4.583
304.25753692958 37.35546459044 0.0411 0.056 18.4986 "" "" 2060637248927112960 2230.90112 0.4391 0.0603 -4.393 -5.363 0.056 0.067 1.137 4906.6 4.314 16.865252 1.623022 17.633429 16.010406 "" "" 1954.82349 2644.27686 3379.45186 2.3208 1207.9 7.4549 3126.0 7.4242 "" "" 0.0028544235912164226 0.007258617 0.0045752525 0.011833869 304.25753692958 37.35546459044 2230.90112 -4.392999999999999 -5.363
304.152148598 37.81356754851 0.0347 0.0466 9.9015 "" "" 2060861480582683648 1716.32642 0.5734 0.0487 -3.989 -6.06 0.047 0.058 0.997 5419.7 4.6267 16.866438 1.474932 17.536406 16.061474 "" "" 1570.25513 1875.2168 3375.75783 2.3686 1320.9 6.9624 2982.4 8.6393 "" "" 0.00285869527862272 0.006366805 0.0049168584 0.011283664 304.152148598 37.81356754851 1716.32642 -3.988999999999999 -6.059999999999998
304.07236676353 37.9214109987 0.058 0.0744 16.6466 "" "" 2060874773488349056 1930.69739 0.5263 0.0809 -4.632 -4.901 0.078 0.09 1.509 "" "" 16.86726 1.43342 17.309105 15.875685 "" "" 1645.45508 2276.97021 3373.20745 3.9775 1628.5 10.712 3539.0 29.401 "" "" 0.0030382238248880243 0.0076674777 0.009779769 0.017447246 304.07236676353 37.9214109987 1930.69739 -4.632000000000001 -4.901
304.00527320662 37.82196265142 0.0366 0.0415 12.1517 "" "" 2060872544418670848 2008.73987 0.4873 0.0506 -5.217 -9.378 0.051 0.051 0.991 4608.5 4.3268 16.867418 1.704511 17.688168 15.983657 "" "" 1841.39819 2231.35522 3372.71245 1.8345 1148.5 5.7655 3204.0 6.6671 "" "" 0.0028178978619932417 0.006123085 0.0044031856 0.010526271 304.00527320662 37.82196265142 2008.73987 -5.2170000000000005 -9.378000000000002
303.95799865108 37.5526465147 0.0371 0.0404 10.3356 "" "" 2060831445859456000 1756.71985 0.5486 0.0479 -4.87 -12.907 0.053 0.056 1.011 5369.9 4.6082 16.86874 1.514025 17.543999 16.029974 "" "" 1616.85034 1908.25061 3368.60949 2.0906 1311.6 8.2295 3070.2 12.304 "" "" 0.0028365162117180817 0.0073615913 0.005763352 0.013124943 303.95799865108 37.5526465147 1756.71985 -4.870000000000001 -12.907
303.77785267281 37.50701120627 0.0397 0.0426 19.1381 "" "" 2060827533160275456 1825.96008 0.5435 0.0515 -4.372 -2.596 0.056 0.055 0.959 5283.7 4.5818 16.869469 1.520428 17.572554 16.052126 "" "" 1666.35583 2052.71851 3366.35098 1.9086 1277.6 5.875 3008.2 8.2179 "" "" 0.0028232463573652136 0.0057194675 0.0048042876 0.010523755 303.77785267281 37.50701120627 1825.96008 -4.372 -2.5959999999999996
303.96934239251 37.41278226679 0.0368 0.0423 16.2896 "" "" 2060828392153411584 1535.03796 0.634 0.0499 -0.705 -5.401 0.053 0.056 1.051 5177.2 4.6108 16.870165 1.489569 17.522175 16.032606 "" "" 1427.13599 1663.7179 3364.19374 2.7902 1338.3 8.8491 3062.8 14.551 "" "" 0.002898736055347693 0.0077022403 0.006394591 0.014096832 303.96934239251 37.41278226679 1535.03796 -0.7049999999999998 -5.401
304.13537614599 37.63521259688 0.0392 0.0467 0.8333 "" "" 2060855089671185408 2162.09375 0.4613 0.0557 -2.5 -5.361 0.056 0.057 1.026 4722.3 4.3567 16.872437 1.719551 17.694954 15.975403 "" "" 1881.13135 2501.10938 3357.16069 4.6188 1141.4 16.02 3228.5 15.991 "" "" 0.003134184664991056 0.015492066 0.0065729544 0.022065021 304.13537614599 37.63521259688 2162.09375 -2.5 -5.360999999999999
304.52272041694 37.58520158408 0.0384 0.0389 18.6653 "" "" 2060658242728570240 2131.63379 0.4371 0.05 -4.443 -9.661 0.051 0.048 0.952 4823.3 4.1646 16.872612 1.931006 17.830685 15.899678 "" "" 1941.43201 2401.68066 3356.61741 1.9721 1007.3 7.529 3461.7 8.3955 "" "" 0.0028281979325739857 0.008581526 0.0046062344 0.0131877605 304.52272041694 37.58520158408 2131.63379 -4.443 -9.660999999999998
304.12155314836 37.31719037087 0.0401 0.0486 19.9189 "" "" 2060636218135422336 2072.31934 0.4685 0.0553 -3.824 -5.862 0.058 0.068 1.01 4792.7 4.3019 16.872707 1.56908 17.574745 16.005665 "" "" 1861.66345 2271.72827 3356.32078 2.3486 1275.0 13.68 3139.7 22.497 "" "" 0.00285814752721442 0.011978793 0.008649097 0.02062789 304.12155314836 37.31719037087 2072.31934 -3.8240000000000003 -5.862000000000002
303.91200704479 37.67120212458 0.0369 0.0421 10.8319 "" "" 2060836363612411008 1994.80566 0.49 0.0501 -1.845 -4.515 0.053 0.056 1.022 4930.9 4.3657 16.874546 1.621256 17.636976 16.01572 "" "" 1824.02832 2240.57007 3350.64181 1.9845 1204.0 6.0224 3110.8 9.3546 "" "" 0.0028293652679768737 0.0061056633 0.004994364 0.011100028 303.91200704479 37.67120212458 1994.80566 -1.8449999999999998 -4.515
304.17227508805 37.50594286576 0.0377 0.0449 8.7285 "" "" 2060665492633723136 1694.30969 0.5671 0.0506 0.446 -9.124 0.051 0.058 0.973 4717.9 4.3006 16.874691 1.533669 17.550781 16.017113 "" "" 1540.40796 1886.42419 3350.19561 2.0625 1303.5 8.4618 3106.8 15.549 "" "" 0.002835237541240549 0.0075803474 0.006619006 0.014199354 304.17227508805 37.50594286576 1694.30969 0.44599999999999973 -9.124
303.95584915452 37.59404716141 0.0363 0.0407 9.2748 "" "" 2060834611265703552 1948.86963 0.5036 0.0475 0.2 -3.454 0.052 0.055 0.97 4936.4 4.4547 16.8748 1.534313 17.594301 16.059988 "" "" 1788.49915 2164.97437 3349.86312 1.9041 1252.3 6.002 2986.5 4.971 "" "" 0.0028235893718197547 0.005904532 0.004189235 0.010093767 303.95584915452 37.59404716141 1948.86963 0.20000000000000018 -3.4539999999999997
304.26757190022 37.76693280454 0.0348 0.0446 9.3701 "" "" 2060863129849923968 2093.83569 0.4667 0.0475 -2.99 -5.069 0.046 0.056 0.978 5662.1 4.567 16.876514 1.371036 17.48945 16.118414 "" "" 1904.00452 2367.95923 3344.57802 1.8934 1379.2 5.8821 2830.0 6.5342 "" "" 0.00282304437801216 0.005406176 0.0045352047 0.0099413805 304.26757190022 37.76693280454 2093.83569 -2.99 -5.069000000000001
303.79019979381 37.75876849952 0.0387 0.042 17.7912 "" "" 2060849214154652800 1593.95972 0.6079 0.052 -1.09 -5.137 0.053 0.057 0.991 6740.6 4.3464 16.8767 1.722158 17.69271 15.970552 "" "" 1484.27197 1721.23999 3344.00685 1.9791 1143.8 5.9116 3242.9 7.6582 "" "" 0.002829256795021537 0.006266899 0.0045670345 0.010833934 303.79019979381 37.75876849952 1593.95972 -1.0900000000000003 -5.136999999999999
304.06096142417 37.76847159071 0.0362 0.0425 8.0588 "" "" 2060859693876370560 2043.80347 0.4829 0.0485 -1.494 -2.716 0.05 0.052 0.991 4833.8 4.2922 16.877474 1.597418 17.60308 16.005663 "" "" 1851.12781 2222.52051 3341.61877 2.0159 1242.2 7.8936 3139.7 16.281 "" "" 0.002832102519103741 0.007442178 0.006780997 0.014223175 304.06096142417 37.76847159071 2043.80347 -1.494 -2.716
303.85367148629 37.47444152694 0.0405 0.0408 17.1128 "" "" 2060832274803900032 2203.73462 0.4329 0.0516 0.411 -3.782 0.057 0.057 0.918 5302.9 4.6034 16.878582 1.378542 17.501793 16.123251 "" "" 1996.42737 2439.78711 3338.21473 1.8395 1363.6 7.3658 2817.5 7.4159 "" "" 0.002819527820921936 0.006494734 0.004738192 0.011232926 303.85367148629 37.47444152694 2203.73462 0.4109999999999999 -3.782
304.14701682162 37.68348002766 0.0408 0.0487 2.1153 "" "" 2060855295812448640 1532.69849 0.6309 0.0566 3.577 -3.441 0.057 0.059 1.094 5131.6 4.5939 16.879877 1.507448 17.546986 16.039537 "" "" 1422.19946 1654.40417 3334.23127 2.018 1308.0 12.909 3043.3 13.28 "" "" 0.002832597063217199 0.011072726 0.006060575 0.017133301 304.14701682162 37.68348002766 1532.69849 3.5769999999999995 -3.441
303.90450523844 37.52106110601 0.0391 0.0404 13.5062 "" "" 2060829972701021440 1635.63831 0.6032 0.0504 -1.097 -1.865 0.055 0.052 0.964 4603.7 4.3553 16.879934 1.676302 17.683182 16.00688 "" "" 1504.0083 1750.21228 3334.05571 1.9456 1153.8 7.2552 3136.2 7.4051 "" "" 0.0028272282588385723 0.007375352 0.004566816 0.011942169 303.90450523844 37.52106110601 1635.63831 -1.0970000000000002 -1.8650000000000007
