Clusters/UPK_265/UPK_265_members.tsv
# %ECSV 1.0
# ---
# datatype:
# - name: RA_ICRS_1
#   unit: deg
#   datatype: float64
#   format: '{:15.11f}'
#   description: Right ascension (ICRS) at Ep=2016.0 (ra)
#   meta: !!omap
#   - {ucd: POS_EQ_RA_MAIN}
#   - {width: 15}
#   - {precision: '11'}
# - name: DE_ICRS_1
#   unit: deg
#   datatype: float64
#   format: '{:15.11f}'
#   description: Declination (ICRS) at Ep=2016.0 (dec)
#   meta: !!omap
#   - {ucd: POS_EQ_DEC_MAIN}
#   - {width: 15}
#   - {precision: '11'}
# - name: e_RA_ICRS
#   unit: mas
#   datatype: float64
#   format: '{:7.4f}'
#   description: Standard error of right ascension (ra_error)
#   meta: !!omap
#   - {ucd: ERROR}
#   - {width: 7}
#   - {precision: '4'}
# - name: e_DE_ICRS
#   unit: mas
#   datatype: float64
#   format: '{:7.4f}'
#   description: Standard error of declination (dec_error)
#   meta: !!omap
#   - {ucd: ERROR}
#   - {width: 7}
#   - {precision: '4'}
# - name: _r_1
#   unit: ''
#   datatype: float64
#   format: '{:7.4f}'
#   description: Distance from center (032.02881954000+65.42989921000)[ICRS], at Epoch=J2016.0
#   meta: !!omap
#   - {ucd: POS_ANG_DIST_GENERAL}
#   - {width: 7}
#   - {precision: '4'}
# - name: HIP
#   datatype: int32
#   description: '? HIP cross-id number, van Leeuwen, Cat. I/311 (hip_original_ext_source_id)'
#   meta: !!omap
#   - {ucd: ID_NUMBER}
#   - {width: 6}
#   - values: {'null': -2147483648}
# - name: TYC2
#   datatype: string
#   description: Tycho-2 cross-id name, Hog et al., Cat. I/259 (tyc2_original_ext_source_id)
#   meta: !!omap
#   - {ucd: ID_CROSSID}
#   - {_votable_string_dtype: char}
# - name: Source
#   datatype: int64
#   description: Source identifier, identical to the Gaia-EDR3 source_id (id)
#   meta: !!omap
#   - {ucd: ID_MAIN}
#   - {width: 19}
# - name: rgeo
#   unit: pc
#   datatype: float64
#   format: '{:15.8f}'
#   description: '? Median of the geometric distance posterior (r_med_geo)'
#   meta: !!omap
#   - {ucd: PHYS_DISTANCE_TRUE}
#   - {width: 15}
#   - {precision: '8'}
#   - values: {'null': .nan}
# - name: Plx
#   unit: mas
#   datatype: float64
#   format: '{:9.4f}'
#   description: '? Parallax (parallax)'
#   meta: !!omap
#   - {ucd: POS_PARLX_TRIG}
#   - {width: 9}
#   - {precision: '4'}
#   - values: {'null': .nan}
# - name: e_Plx
#   unit: mas
#   datatype: float32
#   format: '{:7.4f}'
#   description: '? Standard error of parallax (parallax_error)'
#   meta: !!omap
#   - {ucd: ERROR}
#   - {width: 7}
#   - {precision: '4'}
#   - values: {'null': .nan}
# - name: pmRA
#   unit: mas / yr
#   datatype: float64
#   format: '{:9.3f}'
#   description: '? Proper motion in right ascension direction, pmRA*cosDE (pmra)'
#   meta: !!omap
#   - {ucd: POS_EQ_PMRA}
#   - {width: 9}
#   - {precision: '3'}
#   - values: {'null': .nan}
# - name: pmDE
#   unit: mas / yr
#   datatype: float64
#   format: '{:9.3f}'
#   description: '? Proper motion in declination direction (pmdec)'
#   meta: !!omap
#   - {ucd: POS_EQ_PMDEC}
#   - {width: 9}
#   - {precision: '3'}
#   - values: {'null': .nan}
# - name: e_pmRA
#   unit: mas / yr
#   datatype: float32
#   format: '{:6.3f}'
#   description: '? Standard error of proper motion in right ascension direction (pmra_error)'
#   meta: !!omap
#   - {ucd: ERROR}
#   - {width: 6}
#   - {precision: '3'}
#   - values: {'null': .nan}
# - name: e_pmDE
[...]
#         unit: &id001 !astropy.units.Unit {unit: deg}
#         value: !astropy.table.SerializedColumn {name: SkyCoord.dec}
#       distance: !astropy.table.SerializedColumn
#         __class__: astropy.coordinates.distances.Distance
#         unit: !astropy.units.Unit {unit: pc}
#         value: !astropy.table.SerializedColumn {name: SkyCoord.distance}
#       frame: icrs
#       obstime: !astropy.time.Time {format: jyear_str, in_subfmt: '*', jd1: 367701545.0, jd2: 0.0, out_subfmt: '*', precision: 3, scale: tt}
#       pm_dec: !astropy.table.SerializedColumn
#         __class__: astropy.units.quantity.Quantity
#         unit: !astropy.units.Unit {unit: mas / yr}
#         value: !astropy.table.SerializedColumn {name: SkyCoord.pm_dec}
#       pm_ra_cosdec: !astropy.table.SerializedColumn
#         __class__: astropy.units.quantity.Quantity
#         unit: !astropy.units.Unit {unit: mas / yr}
#         value: !astropy.table.SerializedColumn {name: SkyCoord.pm_ra_cosdec}
#       ra: !astropy.table.SerializedColumn
#         __class__: astropy.coordinates.angles.Longitude
#         unit: *id001
#         value: !astropy.table.SerializedColumn {name: SkyCoord.ra}
#         wrap_angle: !astropy.coordinates.Angle
#           unit: *id001
#           value: 360.0
#       representation_type: spherical
# schema: astropy-2.0
RA_ICRS_1 DE_ICRS_1 e_RA_ICRS e_DE_ICRS _r_1 HIP TYC2 Source rgeo Plx e_Plx pmRA pmDE e_pmRA e_pmDE RUWE Teff logg Gmag BP-RP BPmag RPmag RV e_RV b_rgeo B_rgeo FG e_FG FBP e_FBP FRP e_FRP RAVE5 RAVE6 e_Gmag e_BPmag e_RPmag e_BP-RP SkyCoord.ra SkyCoord.dec SkyCoord.distance SkyCoord.pm_ra_cosdec SkyCoord.pm_dec Pmemb
31.9222553674 65.49217250311 0.0097 0.0116 4.5839 "" 4041-636-1 518517627692367104 845.221985 1.1607 0.0158 -0.65 -0.351 0.012 0.013 1.212 "" "" 10.551573 0.832107 10.878008 10.045901 "" "" 833.195984 859.317871 1133228.88885 146.38 608430.0 213.19 759970.0 163.85 "" "" 0.002758887123363898 0.0028159863 0.0037866242 0.0066026105 31.9222553674 65.49217250311 845.221985 -0.6500000000000001 -0.35100000000000015 1.0
33.56382330758 64.96684864211 0.0075 0.0085 47.5845 "" "" 515437380230180096 823.980469 1.1944 0.0121 -0.606 -0.588 0.009 0.01 0.967 9001.4 4.2586 12.611585 0.771726 12.916157 12.144431 "" "" 817.872314 833.148987 169946.6883 22.792 93101.0 36.53 110000.0 28.941 "" "" 0.002759165082282395 0.0028225046 0.0037901618 0.0066126664 33.56382330758 64.96684864211 823.980469 -0.6060000000000001 -0.588 0.9
31.36210586141 65.44327825836 0.0073 0.0087 16.6485 "" "" 518507732087202688 845.381958 1.1681 0.0111 -0.658 -0.557 0.009 0.01 0.99 8888.2 4.2021 12.671031 0.987157 13.059211 12.072054 "" "" 837.734985 854.142212 160891.91749 20.919 81608.0 135.1 117580.0 305.99 "" "" 0.002758934092289881 0.003318995 0.004718822 0.008037817 31.36210586141 65.44327825836 845.381958 -0.658 -0.557 1.0
32.42350908175 65.11654948561 0.0082 0.0092 21.2508 "" "" 515480845299905280 833.51123 1.1785 0.0131 -0.737 -0.406 0.009 0.011 1.056 6698.3 3.8729 12.86061 1.081711 13.31595 12.23424 "" "" 822.801147 841.125244 135114.70432 18.465 64422.0 22.121 101270.0 32.33 "" "" 0.0027593125207096463 0.0028149672 0.003795243 0.00661021 32.42350908175 65.11654948561 833.51123 -0.7369999999999998 -0.4059999999999998 1.0
32.65204660981 65.38621751901 0.0092 0.0106 15.7806 "" "" 515511013151096192 858.402527 1.1375 0.0142 -0.494 -0.384 0.011 0.013 1.117 "" "" 13.003433 1.003992 13.417835 12.413843 "" "" 849.61792 869.381226 118460.48019 16.788 58652.0 24.336 85826.0 29.815 "" "" 0.002759613184133141 0.0028263042 0.0037981556 0.0066244598 32.65204660981 65.38621751901 858.402527 -0.494 -0.384 1.0
30.20623165125 65.65487044619 0.0072 0.0081 47.2427 "" "" 518569472236564864 830.851929 1.175 0.0106 -0.596 -0.468 0.009 0.01 0.963 "" "" 13.054018 0.971472 13.452449 12.480977 "" "" 824.822998 839.235291 113067.92246 17.16 56812.0 30.955 80680.0 33.855 "" "" 0.0027602430262992925 0.0028521952 0.0038067435 0.0066589387 30.20623165125 65.65487044619 830.851929 -0.596 -0.4680000000000002 1.0
32.34045387806 65.49081441612 0.0066 0.0076 8.5828 "" "" 518514741474337920 899.952148 1.0803 0.0107 -0.392 -0.289 0.008 0.009 0.996 "" "" 13.080641 1.252871 13.624361 12.371491 "" "" 892.872375 907.265869 110329.2216 15.079 48492.0 22.63 89241.0 27.052 "" "" 0.0027593131694832827 0.002835803 0.0037936855 0.0066294884 32.34045387806 65.49081441612 899.952148 -0.392 -0.289 0.9
31.52219664061 65.65213259644 0.0077 0.0086 18.3356 "" "" 518534395244518528 838.694092 1.1588 0.0115 -0.671 -0.635 0.009 0.01 0.975 8175.9 4.0751 13.191028 1.193852 13.704995 12.511143 "" "" 831.492371 848.211914 99663.40678 11.239 45021.0 24.276 78470.0 20.363 "" "" 0.0027580392438153216 0.0028509286 0.0037898694 0.006640798 31.52219664061 65.65213259644 838.694092 -0.671 -0.635 0.9
31.68359417868 65.49522180573 0.0076 0.0084 9.4529 "" "" 518506323337516672 821.003052 1.1879 0.0115 -0.588 -0.445 0.009 0.01 0.98 "" "" 13.31754 1.076539 13.769011 12.692472 "" "" 814.29126 828.95575 88701.40461 18.059 42444.0 32.791 66400.0 36.659 "" "" 0.0027641729013308815 0.0029135284 0.0038266226 0.006740151 31.68359417868 65.49522180573 821.003052 -0.588 -0.44499999999999995 1.0
31.16937541629 65.52912709146 0.0074 0.0084 22.2136 "" "" 518509278275013888 827.77301 1.1748 0.0111 -0.61 -0.51 0.008 0.01 1.016 6853.3 4.0887 13.353603 1.031734 13.783052 12.751318 "" "" 820.656311 835.079285 85803.58597 12.718 41898.0 28.129 62897.0 33.01 "" "" 0.0027600159328945635 0.0028838145 0.0038220969 0.0067059114 31.16937541629 65.52912709146 827.77301 -0.6100000000000001 -0.51 1.0
32.82835552411 65.33890113539 0.0074 0.0091 20.7141 "" "" 515506993061737344 874.613403 1.1118 0.0121 -0.445 -0.422 0.009 0.011 0.959 "" "" 13.434085 1.071091 13.882818 12.811728 "" "" 864.756775 885.449097 79673.27844 11.055 38220.0 19.851 59493.0 23.865 "" "" 0.0027594356226205807 0.002846586 0.003804394 0.00665098 32.82835552411 65.33890113539 874.613403 -0.44499999999999995 -0.4219999999999998 1.0
34.14254762737 65.20337872001 0.0078 0.0092 54.6752 "" "" 515527918137896704 826.514038 1.1794 0.0136 -0.494 -0.466 0.009 0.011 0.942 6802.3 4.175 13.48944 0.982872 13.89301 12.910138 -4.84 3.92 818.041504 835.874756 75713.06688 10.789 37863.0 21.839 54338.0 23.813 "" "" 0.0027596605555625644 0.002859585 0.0038092155 0.0066688005 34.14254762737 65.20337872001 826.514038 -0.494 -0.46599999999999997 1.0
33.84113627435 65.25658281962 0.0081 0.0094 46.5387 "" "" 515540596881340544 860.953674 1.1336 0.0128 -0.388 -0.312 0.009 0.012 0.963 6992.9 4.1848 13.578901 0.972359 13.978273 13.005915 "" "" 851.392212 870.333008 69724.64305 8.8943 35003.0 22.579 49750.0 16.772 "" "" 0.0027587989515592817 0.002876727 0.0037970652 0.0066737924 33.84113627435 65.25658281962 860.953674 -0.388 -0.31199999999999994 0.9
30.75919655234 65.5116285937 0.0083 0.0095 32.003 "" "" 518552399748190080 850.511353 1.1425 0.0127 -0.575 -0.432 0.01 0.011 0.973 7031.0 4.3013 13.796569 1.114615 14.26884 13.154225 11.41 6.94 842.231201 860.129517 57058.35089 6.8787 26784.0 14.508 43398.0 15.822 "" "" 0.0027584274484494676 0.0028514764 0.0038000545 0.006651531 30.75919655234 65.5116285937 850.511353 -0.575 -0.43199999999999994 1.0
31.16584484984 65.06792160407 0.0095 0.0107 30.6859 "" "" 518118745492653696 902.819641 1.0789 0.0154 -0.442 -0.246 0.011 0.013 0.992 7064.2 4.282 14.118895 1.163882 14.616033 13.45215 -5.8 6.18 890.95282 916.786072 42402.24374 6.0378 19454.0 12.097 32984.0 13.652 "" "" 0.002759654159519171 0.0028706898 0.0038060048 0.0066766944 31.16584484984 65.06792160407 902.819641 -0.4420000000000001 -0.24599999999999994 0.8
31.74622625595 65.42817309183 0.0097 0.0113 7.0512 "" "" 518493816392790784 833.249329 1.1659 0.0151 -0.591 -0.452 0.012 0.013 0.97 6388.7 4.2476 14.23885 1.271611 14.796305 13.524693 7.04 4.56 824.045715 842.805969 37967.03757 5.4784 16478.0 13.775 30852.0 13.997 "" "" 0.002759770507643077 0.0029340843 0.0038113464 0.0067454306 31.74622625595 65.42817309183 833.249329 -0.591 -0.4520000000000001 1.0
31.53698362754 65.3304061817 0.0124 0.0146 13.6665 "" "" 518497424165396608 844.781433 1.1525 0.0193 -0.458 -0.483 0.015 0.017 1.322 5808.1 3.9898 14.25259 1.348879 14.847504 13.498625 -14.53 4.76 832.304382 858.846436 37489.60397 11.165 15719.0 14.74 31602.0 20.522 "" "" 0.0027742285936046035 0.002970119 0.0038445864 0.006814705 31.53698362754 65.3304061817 844.781433 -0.45799999999999996 -0.4829999999999998 1.0
31.9071152171 65.79760857878 0.012 0.0131 22.2676 "" "" 518539995881821824 846.438782 1.1489 0.0179 -0.597 -0.544 0.014 0.016 0.972 6273.7 4.1243 14.475804 1.533672 15.184448 13.650776 -33.89 6.2 835.660278 859.446472 30522.85089 5.5446 11525.0 12.834 27469.0 15.124 "" "" 0.0027623700771530974 0.0030408646 0.0038263663 0.006867231 31.9071152171 65.79760857878 846.438782 -0.597 -0.544 1.0
33.78159954788 65.28440083399 0.0114 0.0136 44.7094 "" "" 515543826697007744 847.995911 1.1468 0.0191 -0.461 -0.402 0.014 0.018 1.0 6037.6 4.2208 14.65431 1.283681 15.218266 13.934585 -14.17 11.9 831.135071 861.098633 25895.41087 5.6042 11171.0 11.032 21151.0 12.068 "" "" 0.0027653211370310305 0.0029890998 0.0038298152 0.006818915 33.78159954788 65.28440083399 847.995911 -0.4610000000000001 -0.4020000000000001 1.0
31.3626946265 65.48908649022 0.0132 0.0154 16.9755 "" "" 518508316202355328 829.024719 1.1739 0.0207 -0.593 -0.363 0.015 0.018 1.108 5387.9 4.1397 14.830416 1.604659 15.582955 13.978296 -22.45 5.9 815.130188 841.729492 22018.13188 27.257 7984.3 38.671 20316.0 67.462 "" "" 0.0030656668985662126 0.005953005 0.005223232 0.011176237 31.3626946265 65.48908649022 829.024719 -0.593 -0.363 1.0
29.66932767342 65.84001091694 0.0139 0.0154 63.3713 "" "" 518763128021219072 848.978455 1.1419 0.0215 -0.671 -0.552 0.016 0.019 1.018 6088.3 4.245 14.878075 1.600935 15.62818 14.027245 -20.3 8.27 832.365173 865.433899 21072.54773 4.6165 7658.5 10.74 19420.0 13.087 "" "" 0.002765568014024559 0.0031785765 0.003849554 0.007028131 29.66932767342 65.84001091694 848.978455 -0.6710000000000003 -0.5520000000000003 0.8
32.71138124628 65.49344815233 0.014 0.0158 17.4302 "" "" 515517850738950016 837.907715 1.16 0.0212 -0.491 -0.559 0.017 0.019 1.071 5904.1 4.247 15.108552 1.603376 15.8586 14.255223 -3.58 9.34 825.628113 851.419556 17042.21077 3.748 6194.1 8.3643 15742.0 10.852 "" "" 0.002765647353663473 0.0031519227 0.0038527825 0.0070047053 32.71138124628 65.49344815233 837.907715 -0.49099999999999994 -0.5589999999999999 1.0
30.66060361018 65.68942164332 0.0149 0.0165 37.3638 "" "" 518567792910856704 781.885376 1.2472 0.0228 -0.652 -0.477 0.017 0.019 1.005 5953.5 4.3376 15.152786 1.566535 15.881472 14.314937 "" "" 768.283325 794.891235 16361.84962 4.8417 6065.0 13.087 14900.0 16.261 "" "" 0.002773988669362098 0.0036433116 0.0039607747 0.0076040863 30.66060361018 65.68942164332 781.885376 -0.6519999999999999 -0.477 0.8
32.42373106234 65.28143055664 0.0156 0.0167 13.3032 "" "" 515508638026339712 850.207397 1.1471 0.0235 -0.576 -0.562 0.018 0.02 0.978 "" "" 15.313986 1.595577 16.061304 14.465727 "" "" 836.359924 867.102112 14104.3316 4.6882 5139.2 9.0459 12968.0 11.592 "" "" 0.002778854593183679 0.0033819082 0.0039020071 0.0072839153 32.42373106234 65.28143055664 850.207397 -0.576 -0.562 1.0
31.41893679122 65.44859495453 0.0163 0.0191 15.2514 "" "" 518504914588282368 836.243042 1.16 0.0251 -0.531 -0.319 0.019 0.022 0.98 5825.6 4.1967 15.420369 1.512302 16.11402 14.601717 "" "" 818.406555 852.653687 12787.89225 8.4213 4895.6 12.531 11441.0 19.397 "" "" 0.0028465787664226127 0.003938076 0.0042038183 0.008141894 31.41893679122 65.44859495453 836.243042 -0.531 -0.319 1.0
31.31592647854 65.53714683602 0.0181 0.0204 18.8794 "" "" 518509381354219136 836.262939 1.1674 0.0272 -0.599 -0.409 0.021 0.024 1.019 5628.4 4.3814 15.681593 1.602373 16.436155 14.833782 "" "" 812.750732 855.583191 10053.32157 4.7328 3638.8 7.8801 9239.4 12.611 "" "" 0.002802328515337142 0.0036487533 0.00405954 0.0077082934 31.31592647854 65.53714683602 836.262939 -0.599 -0.40900000000000003 1.0
33.6483214448 65.07989292662 0.0191 0.0221 45.7733 "" "" 515444183458282368 877.826965 1.1051 0.0307 -0.55 -0.538 0.023 0.027 0.988 5613.2 4.539 15.708965 1.440146 16.364565 14.924418 "" "" 855.283142 901.568665 9803.04025 4.4228 3886.8 8.0723 8499.5 12.896 "" "" 0.0027985245910379453 0.0035874324 0.004122801 0.0077102333 33.6483214448 65.07989292662 877.826965 -0.5500000000000003 -0.538 1.0
33.53242482662 64.85213332551 0.0177 0.0218 51.3793 "" "" 515434322213566080 826.513916 1.1801 0.0295 -0.666 -0.654 0.02 0.026 1.027 5396.2 4.4287 15.716937 1.486649 16.400219 14.91357 "" "" 807.879211 844.404175 9731.31947 3.6788 3761.2 8.3188 8584.8 8.6042 "" "" 0.002785723862055619 0.0036812513 0.003932923 0.0076141744 33.53242482662 64.85213332551 826.513916 -0.6659999999999999 -0.6540000000000001 0.8
30.56796331165 65.44902821188 0.0185 0.0211 36.4499 "" "" 518176710372878464 863.878601 1.1291 0.029 -0.651 -0.575 0.023 0.026 0.965 5520.6 4.4987 15.795013 1.473289 16.4686 14.995311 "" "" 844.112732 883.35437 9056.10569 6.2146 3531.6 14.919 7962.2 17.247 "" "" 0.002854280289362576 0.0053686225 0.004451382 0.009820005 30.56796331165 65.44902821188 863.878601 -0.6510000000000002 -0.575 0.9
31.55737877542 65.46407081146 0.0216 0.024 11.9315 "" "" 518505120746697216 806.213562 1.2037 0.0325 -0.586 -0.546 0.024 0.028 0.995 5625.8 4.312 15.882472 1.875033 16.805882 14.930848 "" "" 786.48645 826.806396 8355.21723 5.841 2588.6 12.018 8449.3 17.192 "" "" 0.0028579542007127275 0.0057614045 0.004377691 0.010139096 31.55737877542 65.46407081146 806.213562 -0.5860000000000002 -0.546 0.8
32.07680948444 65.77471895035 0.0229 0.0259 20.7233 "" "" 518539136888476544 838.115723 1.1543 0.0343 -0.457 -0.433 0.027 0.031 0.995 5649.1 4.4604 15.9648 1.677093 16.76263 15.085538 "" "" 819.4245 859.948669 7745.09267 4.2367 2693.8 12.055 7327.3 12.545 "" "" 0.0028186035945115084 0.0056029167 0.0042117876 0.009814704 32.07680948444 65.77471895035 838.115723 -0.45699999999999996 -0.4329999999999999 1.0
32.44799652453 65.42395616378 0.0253 0.0275 10.465 "" "" 515511940864011392 904.728088 1.0791 0.037 -0.323 -0.48 0.03 0.033 1.098 5589.7 4.352 16.220528 1.864611 17.133959 15.269348 "" "" 873.1828 935.156494 6119.78304 3.1309 1913.5 6.4884 6186.1 9.8219 "" "" 0.002810752900576212 0.0046194186 0.004153966 0.008773385 32.44799652453 65.42395616378 904.728088 -0.32299999999999995 -0.4800000000000001 0.9
29.96864120518 66.00886420061 0.0262 0.0279 61.5612 "" "" 518771683595984640 818.916321 1.1923 0.0398 -0.633 -0.529 0.028 0.032 0.972 5465.3 4.3951 16.231855 1.967788 17.220036 15.252248 "" "" 793.111511 847.198792 6056.2579 3.214 1767.7 8.8652 6284.3 12.24 "" "" 0.002814921753701514 0.006118329 0.0043307836 0.010449112 29.96864120518 66.00886420061 818.916321 -0.633 -0.529 1.0
31.2919049773 65.29354494953 0.0258 0.0311 20.1665 "" "" 518496393373290880 839.167419 1.1602 0.0418 -0.54 -0.307 0.03 0.037 0.978 4795.4 4.4684 16.407187 1.581765 17.150702 15.568936 "" "" 815.592834 868.687622 5153.14137 5.7247 1884.2 10.091 4694.4 13.659 "" "" 0.0030077585812591447 0.00644953 0.0049258126 0.0113753425 31.2919049773 65.29354494953 839.167419 -0.54 -0.307 0.8
32.67065766497 65.44336094748 0.0274 0.0308 16.029 "" "" 515517094824739200 824.059937 1.1852 0.0416 -0.533 -0.564 0.031 0.037 1.017 5256.5 4.5385 16.510073 1.833133 17.411707 15.578574 "" "" 790.083069 853.985229 4687.24231 3.6765 1481.6 8.4636 4653.0 12.19 "" "" 0.0028839263832665246 0.006800942 0.0047301687 0.011531111 32.67065766497 65.44336094748 824.059937 -0.5330000000000001 -0.5639999999999998 1.0
