Clusters/UPK_265/UPK_265_stars_in_region.tsv
# %ECSV 1.0
# ---
# datatype:
# - name: RA_ICRS_1
#   unit: deg
#   datatype: float64
#   format: '{:15.11f}'
#   description: Right ascension (ICRS) at Ep=2016.0 (ra)
#   meta: !!omap
#   - {ucd: POS_EQ_RA_MAIN}
#   - {width: 15}
#   - {precision: '11'}
# - name: DE_ICRS_1
#   unit: deg
#   datatype: float64
#   format: '{:15.11f}'
#   description: Declination (ICRS) at Ep=2016.0 (dec)
#   meta: !!omap
#   - {ucd: POS_EQ_DEC_MAIN}
#   - {width: 15}
#   - {precision: '11'}
# - name: e_RA_ICRS
#   unit: mas
#   datatype: float64
#   format: '{:7.4f}'
#   description: Standard error of right ascension (ra_error)
#   meta: !!omap
#   - {ucd: ERROR}
#   - {width: 7}
#   - {precision: '4'}
# - name: e_DE_ICRS
#   unit: mas
#   datatype: float64
#   format: '{:7.4f}'
#   description: Standard error of declination (dec_error)
#   meta: !!omap
#   - {ucd: ERROR}
#   - {width: 7}
#   - {precision: '4'}
# - name: _r_1
#   unit: ''
#   datatype: float64
#   format: '{:7.4f}'
#   description: Distance from center (032.02881954000+65.42989921000)[ICRS], at Epoch=J2016.0
#   meta: !!omap
#   - {ucd: POS_ANG_DIST_GENERAL}
#   - {width: 7}
#   - {precision: '4'}
# - name: HIP
#   datatype: int32
#   description: '? HIP cross-id number, van Leeuwen, Cat. I/311 (hip_original_ext_source_id)'
#   meta: !!omap
#   - {ucd: ID_NUMBER}
#   - {width: 6}
#   - values: {'null': -2147483648}
# - name: TYC2
#   datatype: string
#   description: Tycho-2 cross-id name, Hog et al., Cat. I/259 (tyc2_original_ext_source_id)
#   meta: !!omap
#   - {ucd: ID_CROSSID}
#   - {_votable_string_dtype: char}
# - name: Source
#   datatype: int64
#   description: Source identifier, identical to the Gaia-EDR3 source_id (id)
#   meta: !!omap
#   - {ucd: ID_MAIN}
#   - {width: 19}
# - name: rgeo
#   unit: pc
#   datatype: float64
#   format: '{:15.8f}'
#   description: '? Median of the geometric distance posterior (r_med_geo)'
#   meta: !!omap
#   - {ucd: PHYS_DISTANCE_TRUE}
#   - {width: 15}
#   - {precision: '8'}
#   - values: {'null': .nan}
# - name: Plx
#   unit: mas
#   datatype: float64
#   format: '{:9.4f}'
#   description: '? Parallax (parallax)'
#   meta: !!omap
#   - {ucd: POS_PARLX_TRIG}
#   - {width: 9}
#   - {precision: '4'}
#   - values: {'null': .nan}
# - name: e_Plx
#   unit: mas
#   datatype: float32
#   format: '{:7.4f}'
#   description: '? Standard error of parallax (parallax_error)'
#   meta: !!omap
#   - {ucd: ERROR}
#   - {width: 7}
#   - {precision: '4'}
#   - values: {'null': .nan}
# - name: pmRA
#   unit: mas / yr
#   datatype: float64
#   format: '{:9.3f}'
#   description: '? Proper motion in right ascension direction, pmRA*cosDE (pmra)'
#   meta: !!omap
#   - {ucd: POS_EQ_PMRA}
#   - {width: 9}
#   - {precision: '3'}
#   - values: {'null': .nan}
# - name: pmDE
#   unit: mas / yr
#   datatype: float64
#   format: '{:9.3f}'
#   description: '? Proper motion in declination direction (pmdec)'
#   meta: !!omap
#   - {ucd: POS_EQ_PMDEC}
#   - {width: 9}
#   - {precision: '3'}
#   - values: {'null': .nan}
# - name: e_pmRA
#   unit: mas / yr
#   datatype: float32
#   format: '{:6.3f}'
#   description: '? Standard error of proper motion in right ascension direction (pmra_error)'
#   meta: !!omap
#   - {ucd: ERROR}
#   - {width: 6}
#   - {precision: '3'}
#   - values: {'null': .nan}
# - name: e_pmDE
[...]
#         value: !astropy.table.SerializedColumn {name: SkyCoord.dec}
#       distance: !astropy.table.SerializedColumn
#         __class__: astropy.coordinates.distances.Distance
#         unit: !astropy.units.Unit {unit: pc}
#         value: !astropy.table.SerializedColumn {name: SkyCoord.distance}
#       frame: icrs
#       obstime: !astropy.time.Time {format: jyear_str, in_subfmt: '*', jd1: 367701545.0, jd2: 0.0, out_subfmt: '*', precision: 3, scale: tt}
#       pm_dec: !astropy.table.SerializedColumn
#         __class__: astropy.units.quantity.Quantity
#         unit: !astropy.units.Unit {unit: mas / yr}
#         value: !astropy.table.SerializedColumn {name: SkyCoord.pm_dec}
#       pm_ra_cosdec: !astropy.table.SerializedColumn
#         __class__: astropy.units.quantity.Quantity
#         unit: !astropy.units.Unit {unit: mas / yr}
#         value: !astropy.table.SerializedColumn {name: SkyCoord.pm_ra_cosdec}
#       ra: !astropy.table.SerializedColumn
#         __class__: astropy.coordinates.angles.Longitude
#         unit: *id001
#         value: !astropy.table.SerializedColumn {name: SkyCoord.ra}
#         wrap_angle: !astropy.coordinates.Angle
#           unit: *id001
#           value: 360.0
#       representation_type: spherical
# schema: astropy-2.0
RA_ICRS_1 DE_ICRS_1 e_RA_ICRS e_DE_ICRS _r_1 HIP TYC2 Source rgeo Plx e_Plx pmRA pmDE e_pmRA e_pmDE RUWE Teff logg Gmag BP-RP BPmag RPmag RV e_RV b_rgeo B_rgeo FG e_FG FBP e_FBP FRP e_FRP RAVE5 RAVE6 e_Gmag e_BPmag e_RPmag e_BP-RP SkyCoord.ra SkyCoord.dec SkyCoord.distance SkyCoord.pm_ra_cosdec SkyCoord.pm_dec rmRA rmDE e_rmRA e_rmDE rRV e_rRV v_pec v_pec3d e_vpec e_vpec3d
[from data line 977]
31.52935412958 64.53513108309 0.0127 0.0149 55.1612 "" "" 515086258067126400 682.054443 1.4373 0.0203 -5.076 -1.487 0.015 0.019 0.965 5714.5 4.4593 15.042285 1.344178 15.634935 14.290757 "" "" 673.225708 691.043762 18114.77223 17.656 7611.0 27.439 15235.0 40.476 "" "" 0.002951551984082661 0.0048069283 0.004754409 0.0095613375 31.52935412958 64.53513108309 682.054443 -5.076 -1.487 -4.518714273929596 -1.0224571342468263 0.108656384 0.112656385 "" "" 14.978030467703164 "" 1.6304276677433975 ""
33.2022872463 65.22149721579 0.0137 0.0165 31.9411 "" "" 515496238463877120 708.801697 1.3727 0.0218 32.5 -8.348 0.016 0.02 1.003 5802.1 4.3696 15.043429 1.472931 15.715373 14.242442 37.96 4.47 699.595276 719.993896 18095.67878 3.4288 7067.5 10.212 15929.0 12.721 "" "" 0.0027629898775322153 0.0032009687 0.0038775697 0.0070785386 33.2022872463 65.22149721579 708.801697 32.5 -8.347999999999999 33.057285726070404 -7.883457134246827 0.109656386 0.11365639 47.88227272727273 6.824909 114.17775313564414 123.8114346602648 12.545319458943931 11.86644293698043
31.60885698197 65.20284802535 0.0144 0.0168 17.2138 "" "" 518483985207778688 848.105042 1.1477 0.0232 -1.707 2.07 0.017 0.019 1.056 5826.9 4.2827 15.043926 1.380476 15.654394 14.273918 -12.5 6.7 831.647888 864.480225 18087.40699 5.3417 7475.8 9.3376 15474.0 14.52 "" "" 0.002773914931773707 0.0031022802 0.0039142915 0.0070165717 31.60885698197 65.20284802535 848.105042 -1.7069999999999994 2.069999999999999 -1.149714273929596 2.5345428657531737 0.11065638 0.112656385 -2.5777272727272713 9.054909 11.18818753217324 11.481298626359246 1.2566303311143552 2.3732825512083053
34.35402999598 65.3329014602 0.013 0.0168 58.4049 "" "" 515535923957031040 888.674011 1.0923 0.0226 0.789 2.251 0.015 0.022 0.981 6304.0 4.2361 15.046421 1.592958 15.789353 14.196396 0.3 6.26 872.925232 907.104126 18045.8872 3.793 6602.0 8.3776 16619.0 9.6429 "" "" 0.002764754569722116 0.003111788 0.0038315274 0.0069433153 34.35402999598 65.3329014602 888.674011 0.7889999999999994 2.2510000000000003 1.3462857260704042 2.7155428657531737 0.108656384 0.11565638 10.22227272727273 8.614909 12.767315864385456 16.355403207861688 1.459422484773537 5.503599005611298
30.91838311624 64.48186137399 0.0133 0.0155 63.4883 "" "" 518064903781980032 945.225769 1.0278 0.0208 -0.842 -2.179 0.015 0.018 1.009 5407.7 4.2011 15.04751 1.3612 15.651232 14.290031 "" "" 928.445129 965.966736 18027.7999 8.2127 7497.6 14.731 15246.0 19.452 "" "" 0.00279936308464838 0.003512214 0.004025256 0.0075374697 30.91838311624 64.48186137399 945.225769 -0.841999999999999 -2.1789999999999976 -0.2847142739295959 -1.714457134246826 0.108656384 0.11165638 "" "" 7.786601650728238 "" 0.8688050452977119 ""
33.61398361575 64.884641901 0.0132 0.016 51.6402 "" "" 515435765322545408 843.789368 1.1473 0.0222 8.933 -5.809 0.016 0.02 0.997 5789.4 4.2224 15.048703 1.422774 15.69197 14.269196 -8.1 4.87 828.590881 859.46283 18007.99735 3.5364 7221.5 8.944 15541.0 10.327 "" "" 0.0027635575928544797 0.0030973044 0.003847629 0.0069449334 33.61398361575 64.884641901 843.789368 8.933 -5.809 9.490285726070404 -5.344457134246826 0.109656386 0.11365639 1.822272727272729 7.224909 43.56195468203918 43.6000524496542 4.819377484920001 4.8246254083088544
32.32316299352 65.76803709827 0.0154 0.0175 21.5602 "" "" 518527969973504128 736.665405 1.3286 0.0233 22.012 -10.78 0.018 0.021 1.07 5759.6 4.1129 15.049523 1.754438 15.894978 14.140539 1.93 3.54 726.062195 746.226013 17994.39623 4.1827 5990.0 11.006 17496.0 12.206 "" "" 0.002766854132670834 0.0034299828 0.003854539 0.007284522 32.32316299352 65.76803709827 736.665405 22.012 -10.78 22.569285726070405 -10.315457134246826 0.11165638 0.11465638 11.852272727272728 5.894909 86.64866379595816 87.45551615779672 9.720292556809202 9.663693609210055
31.62718652048 64.58454977616 0.0133 0.0156 51.7325 "" "" 515088216572470528 742.168335 1.3164 0.0209 16.076 -10.915 0.016 0.019 1.025 5614.3 4.4222 15.04968 1.313054 15.630764 14.31771 "" "" 730.177734 754.167847 17991.80778 3.4538 7640.3 8.997 14862.0 9.8967 "" "" 0.0027631919515411192 0.0030691517 0.0038479154 0.006917067 31.62718652048 64.58454977616 742.168335 16.076 -10.915 16.633285726070405 -10.450457134246825 0.109656386 0.112656385 "" "" 69.10443362874263 "" 7.636987673599605 ""
30.33767623882 65.47917347636 0.0145 0.0174 42.2539 "" "" 518189079878675840 978.318665 0.9892 0.0231 -4.653 -3.354 0.018 0.021 1.116 5367.2 4.1821 15.051665 1.441956 15.704042 14.262087 -41.95 6.09 955.225342 1000.22754 17958.93722 4.0554 7141.7 8.3866 15643.0 11.17 "" "" 0.0027662068810819056 0.0030676802 0.0038580801 0.0069257603 30.33767623882 65.47917347636 978.318665 -4.653 -3.354 -4.0957142739295955 -2.8894571342468263 0.11165638 0.11465638 -32.027727272727276 8.444909 23.243507929185697 39.57317241655408 2.61866432484101 7.005640581764713
34.55128007767 65.89546845797 0.0135 0.0165 68.335 "" "" 515588322558525184 1003.89886 0.9619 0.0234 2.185 1.415 0.016 0.02 0.989 5804.1 4.0045 15.056181 1.604619 15.808803 14.204184 3.47 8.06 978.29718 1029.80164 17884.39244 3.4836 6484.8 8.9466 16500.0 15.343 "" "" 0.002763424517888911 0.0031668253 0.0039119083 0.0070787333 34.55128007767 65.89546845797 1003.89886 2.1850000000000014 1.4149999999999998 2.742285726070404 1.8795428657531739 0.109656386 0.11365639 13.39227272727273 10.414909 15.819935259300353 20.727356811955243 1.755230370181602 6.861292061605792
31.25584108375 65.37172901751 0.0139 0.0159 19.6188 "" "" 518501272456074752 800.57605 1.2221 0.0205 -0.491 -5.679 0.016 0.019 0.968 5723.3 4.3365 15.056231 1.363482 15.664871 14.30139 "" "" 789.135315 812.702698 17883.58074 3.5594 7404.0 8.8545 15087.0 11.798 "" "" 0.0027637812622369235 0.0030774982 0.0038735773 0.0069510755 31.25584108375 65.37172901751 800.57605 -0.4909999999999983 -5.679 0.06628572607040406 -5.214457134246826 0.109656386 0.112656385 "" "" 19.789058098599444 "" 2.229354278077625 ""
31.17286276515 65.40853699305 0.0139 0.0152 21.4017 "" "" 518501616053434880 933.340393 1.0449 0.0202 -3.098 0.34 0.017 0.018 0.981 5522.7 4.2609 15.059972 1.461249 15.714075 14.252826 -36.29 5.77 913.27356 951.692444 17822.07022 3.5277 7076.0 10.112 15777.0 32.428 "" "" 0.0027636888317663895 0.0031925603 0.00438906 0.0075816205 31.17286276515 65.40853699305 933.340393 -3.0980000000000003 0.34000000000000036 -2.540714273929596 0.8045428657531739 0.11065638 0.11165638 -26.367727272727272 8.124909 11.790292576250385 28.883698526374882 1.305750024922751 7.4362997255148935
30.8255874999 65.10440028479 0.015 0.0156 35.968 "" "" 518121150674327168 1014.49072 0.9539 0.0223 -2.567 -3.369 0.018 0.02 0.962 5373.6 4.2267 15.062339 1.370613 15.677827 14.307214 "" "" 993.617493 1036.80896 17783.25904 3.4374 7316.2 9.28 15006.0 9.7645 "" "" 0.0027633011659576783 0.003111533 0.0038448488 0.0069563817 30.8255874999 65.10440028479 1014.49072 -2.567000000000003 -3.3689999999999998 -2.009714273929596 -2.9044571342468264 0.11165638 0.11365639 "" "" 16.98414197055781 "" 1.919424143146344 ""
33.62025856214 65.46423860435 0.0125 0.0151 39.7302 "" "" 515594335513529600 820.845764 1.1811 0.0206 2.599 6.304 0.015 0.019 1.004 5669.8 4.2225 15.063715 1.51451 15.763298 14.248788 -22.29 5.34 804.634705 834.728149 17760.73531 3.51 6762.3 8.6764 15836.0 9.5596 "" "" 0.002763662425113408 0.003118599 0.003835792 0.006954391 33.62025856214 65.46423860435 820.845764 2.599000000000001 6.304 3.1562857260704043 6.768542865753174 0.108656384 0.112656385 -12.36772727272727 7.694909 29.057678050457927 31.580204742474777 3.2530774016867605 4.247460752374392
33.38252972448 64.90035460804 0.0133 0.0151 46.6164 "" "" 515435456084900992 838.297546 1.1647 0.0211 4.814 0.14 0.016 0.019 1.037 5961.3 4.2376 15.066293 1.425628 15.710783 14.285155 "" "" 825.453186 854.054016 17718.60524 3.2442 7097.5 7.7585 15314.0 10.403 "" "" 0.0027624822713497635 0.003032106 0.003850677 0.006882783 33.38252972448 64.90035460804 838.297546 4.814 0.14000000000000096 5.371285726070404 0.6045428657531738 0.109656386 0.112656385 "" "" 21.477724649978125 "" 2.355986559396842 ""
32.09516919284 64.33464089986 0.019 0.0232 65.7372 "" "" 515065882742739968 807.12738 1.2045 0.0321 -5.214 -13.413 0.024 0.03 1.534 5731.6 4.4361 15.068074 1.28663 15.623467 14.336838 "" "" 786.841003 823.319946 17689.55369 7.1897 7691.8 18.758 14602.0 20.193 "" "" 0.002790433837117884 0.0038465331 0.004066706 0.007913239 32.09516919284 64.33464089986 807.12738 -5.2139999999999995 -13.412999999999998 -4.656714273929596 -12.948457134246826 0.11765638 0.123656385 "" "" 52.64416526110725 "" 6.474394151760835 ""
30.09927126635 65.15509938504 0.0157 0.0179 51.1208 "" "" 518166196293285248 1003.6698 0.9674 0.025 3.225 -4.82 0.018 0.021 1.077 5960.3 4.0724 15.070086 1.370042 15.680284 14.310242 "" "" 974.4104 1030.59839 17656.82399 3.8436 7299.7 10.598 14964.0 11.209 "" "" 0.0027654383496131365 0.0032046558 0.0038658972 0.007070553 30.09927126635 65.15509938504 1003.6698 3.2250000000000005 -4.82 3.782285726070404 -4.3554571342468265 0.11165638 0.11465638 "" "" 27.443073403379756 "" 3.1113959920058325 ""
32.93488264602 66.47583961097 0.0136 0.0154 66.5498 "" "" 518673689622359680 767.622559 1.2785 0.0211 14.855 -6.654 0.017 0.019 0.977 5753.6 4.3948 15.07155 1.346446 15.671076 14.32463 "" "" 752.845276 783.639038 17633.01309 3.4989 7361.8 7.3035 14767.0 10.577 "" "" 0.00276373016612811 0.0029908651 0.0038585614 0.006849427 32.93488264602 66.47583961097 767.622559 14.854999999999988 -6.654000000000004 15.412285726070404 -6.189457134246826 0.11065638 0.112656385 "" "" 60.43116078255647 "" 6.704009050748324 ""
29.53312197217 65.41948674195 0.0137 0.0157 62.275 "" "" 518372285999421440 902.640198 1.0767 0.0215 -11.2 2.872 0.017 0.019 0.998 5504.9 4.2609 15.072533 1.412218 15.709499 14.297281 "" "" 885.514465 919.182739 17617.07055 3.289 7105.9 9.4169 15144.0 11.26 "" "" 0.0027627661562678926 0.0031393177 0.0038646373 0.007003955 29.53312197217 65.41948674195 902.640198 -11.199999999999998 2.872 -10.642714273929595 3.3365428657531737 0.11065638 0.112656385 "" "" 47.72028208661539 "" 5.289164835389534 ""
34.22093791145 65.84573119718 0.0143 0.0172 59.713 "" "" 515629382447210240 809.831665 1.2012 0.0241 7.599 -1.834 0.017 0.021 1.073 5809.1 3.9579 15.075104 1.681817 15.875976 14.194159 -25.46 4.98 795.46106 827.307312 17575.39552 4.0519 6095.7 10.986 16653.0 13.042 "" "" 0.0027666666620142204 0.0034079328 0.0038738546 0.0072817877 34.22093791145 65.84573119718 809.831665 7.5989999999999975 -1.8340000000000025 8.156285726070404 -1.3694571342468262 0.11065638 0.11465638 -15.537727272727272 7.3349094 31.746982101678253 35.34532276505524 3.516549053917482 4.513671801364015
33.23799332756 65.21309206064 0.0142 0.0172 32.9661 "" "" 515496169744401664 761.744324 1.2746 0.0226 6.799 -0.803 0.016 0.02 0.946 5742.5 4.2415 15.075955 1.46205 15.743892 14.281842 -32.52 4.21 750.904602 772.886353 17561.61787 3.3249 6884.3 7.797 15361.0 10.639 "" "" 0.0027629774285072364 0.0030491245 0.003853466 0.0069025904 33.23799332756 65.21309206064 761.744324 6.7990000000000075 -0.8030000000000006 7.356285726070404 -0.3384571342468262 0.109656386 0.11365639 -22.597727272727276 6.564909 26.589204256535695 34.89474259667691 2.915904802031074 4.797002643573586
30.1973857999 64.78644646948 0.0147 0.0168 60.2433 "" "" 518133932498121472 835.04071 1.1695 0.0235 -3.178 0.097 0.018 0.019 0.957 5684.8 4.3838 15.07842 1.255887 15.62615 14.370263 "" "" 819.02124 847.582336 17521.81022 3.8308 7672.8 10.641 14160.0 9.5434 "" "" 0.0027655263980364245 0.0031705413 0.00384957 0.007020111 30.1973857999 64.78644646948 835.04071 -3.1780000000000004 0.09700000000000009 -2.620714273929596 0.5615428657531738 0.11165638 0.112656385 "" "" 10.608481988393702 "" 1.184972395250636 ""
34.27343278837 65.59609121026 0.0128 0.0152 56.7022 "" "" 515555096690765440 759.646912 1.2869 0.0214 -6.01 -0.365 0.015 0.019 1.001 5798.0 4.3086 15.078611 1.565925 15.808381 14.242456 -45.52 4.4 746.44458 775.036194 17518.70701 3.2632 6487.3 10.902 15929.0 11.151 "" "" 0.0027627323816591513 0.003333796 0.0038550515 0.0071888473 34.27343278837 65.59609121026 759.646912 -6.009999999999996 -0.36499999999999727 -5.452714273929596 0.09954286575317384 0.108656384 0.112656385 -35.597727272727276 6.7549095 19.637003419058697 40.65476712838968 2.1337124355180017 6.003788260994687
31.38812002506 64.6536432334 0.0275 0.0296 49.3185 "" "" 518090570507508864 957.265503 1.0134 0.0427 4.192 0.069 0.035 0.035 1.931 "" "" 15.08007 1.400118 15.709332 14.309215 "" "" 919.338196 992.815247 17495.19198 4.281 7107.0 9.0165 14979.0 11.949 "" "" 0.002768099104290581 0.0031116584 0.0038773539 0.0069890125 31.38812002506 64.6536432334 957.265503 4.192000000000005 0.06900000000000113 4.749285726070404 0.5335428657531738 0.12865639 0.12865639 "" "" 21.68515048373325 "" 2.7899331199250392 ""
32.84837303538 64.55550026078 0.0132 0.0149 56.4309 "" "" 515403295368795136 751.152588 1.3009 0.0221 2.321 -10.515 0.016 0.018 0.975 5610.7 4.436 15.082061 1.292061 15.65182 14.359759 "" "" 740.16394 765.045898 17463.14029 3.3738 7493.6 9.184 14297.0 9.7784 "" "" 0.002763293032085509 0.0030912284 0.003851644 0.0069428724 32.84837303538 64.55550026078 751.152588 2.321 -10.515000000000002 2.8782857260704042 -10.050457134246827 0.109656386 0.11165638 "" "" 37.22280312920998 "" 4.150567438455205 ""
32.8425754753 65.80636256517 0.0147 0.0162 30.2728 "" "" 518619847911754624 819.22876 1.1803 0.0236 -9.365 5.808 0.018 0.021 1.004 6316.1 4.088 15.082672 2.115625 16.173162 14.057537 -25.04 5.64 802.393982 836.003662 17453.30807 4.4465 4636.1 8.6595 18886.0 13.491 "" "" 0.0027691698060351632 0.0034493136 0.0038581416 0.007307455 32.8425754753 65.80636256517 819.22876 -9.365 5.808000000000002 -8.807714273929596 6.272542865753174 0.11165638 0.11465638 -15.11772727272727 7.9949093 41.988377741965905 44.6270046417478 4.731033126036877 5.2104886158606565
31.09120649888 64.40116385495 0.0136 0.0163 66.17 "" "" 518063529392496384 899.835083 1.0801 0.022 -0.954 -2.173 0.017 0.02 0.966 6156.5 4.441 15.085211 1.29656 15.653837 14.357277 "" "" 884.125488 915.913879 17412.54924 4.5765 7479.7 7.9291 14330.0 11.685 "" "" 0.00277005787017022 0.0030182411 0.0038816931 0.0068999343 31.09120649888 64.40116385495 899.835083 -0.9539999999999997 -2.173 -0.3967142739295959 -1.7084571342468262 0.11065638 0.11365639 "" "" 7.480818387591076 "" 0.8491090019354195 ""
32.95231191499 65.71271412688 0.0154 0.017 28.5136 "" "" 515614813918476928 804.935486 1.2081 0.0246 8.125 -6.192 0.019 0.022 1.0 5847.6 4.2679 15.086236 1.644811 15.865694 14.220883 -9.6 3.7 787.802429 821.325378 17396.11903 3.2958 6153.7 9.1067 16248.0 11.127 "" "" 0.002762987802701947 0.0032197363 0.0038518275 0.007071564 32.95231191499 65.71271412688 804.935486 8.124999999999996 -6.192000000000005 8.682285726070404 -5.727457134246826 0.112656385 0.11565638 0.32227272727272904 6.054909 39.68484128237333 39.68614981725874 4.507182277374259 4.50730186123376
33.63333434014 65.66966369404 0.0137 0.0162 42.3627 "" "" 515605223249032064 766.671021 1.2731 0.0222 5.119 -5.302 0.016 0.019 0.996 5219.4 4.1975 15.08668 1.553842 15.797507 14.243666 43.87 10.73 753.529846 778.812622 17388.99221 3.5183 6552.6 18.25 15911.0 26.017 "" "" 0.002764063491109178 0.0041145203 0.004175595 0.008290116 33.63333434014 65.66966369404 766.671021 5.119 -5.302 5.676285726070404 -4.837457134246826 0.109656386 0.112656385 53.792272727272724 13.0849085 27.10239124198247 60.2341117324625 3.0064258331338207 11.763558672680938
