Clusters/UPK_265/UPK_265_stars_in_region.tsv
# %ECSV 1.0
# ---
# datatype:
# - name: RA_ICRS_1
#   unit: deg
#   datatype: float64
#   format: '{:15.11f}'
#   description: Right ascension (ICRS) at Ep=2016.0 (ra)
#   meta: !!omap
#   - {ucd: POS_EQ_RA_MAIN}
#   - {width: 15}
#   - {precision: '11'}
# - name: DE_ICRS_1
#   unit: deg
#   datatype: float64
#   format: '{:15.11f}'
#   description: Declination (ICRS) at Ep=2016.0 (dec)
#   meta: !!omap
#   - {ucd: POS_EQ_DEC_MAIN}
#   - {width: 15}
#   - {precision: '11'}
# - name: e_RA_ICRS
#   unit: mas
#   datatype: float64
#   format: '{:7.4f}'
#   description: Standard error of right ascension (ra_error)
#   meta: !!omap
#   - {ucd: ERROR}
#   - {width: 7}
#   - {precision: '4'}
# - name: e_DE_ICRS
#   unit: mas
#   datatype: float64
#   format: '{:7.4f}'
#   description: Standard error of declination (dec_error)
#   meta: !!omap
#   - {ucd: ERROR}
#   - {width: 7}
#   - {precision: '4'}
# - name: _r_1
#   unit: ''
#   datatype: float64
#   format: '{:7.4f}'
#   description: Distance from center (032.02881954000+65.42989921000)[ICRS], at Epoch=J2016.0
#   meta: !!omap
#   - {ucd: POS_ANG_DIST_GENERAL}
#   - {width: 7}
#   - {precision: '4'}
# - name: HIP
#   datatype: int32
#   description: '? HIP cross-id number, van Leeuwen, Cat. I/311 (hip_original_ext_source_id)'
#   meta: !!omap
#   - {ucd: ID_NUMBER}
#   - {width: 6}
#   - values: {'null': -2147483648}
# - name: TYC2
#   datatype: string
#   description: Tycho-2 cross-id name, Hog et al., Cat. I/259 (tyc2_original_ext_source_id)
#   meta: !!omap
#   - {ucd: ID_CROSSID}
#   - {_votable_string_dtype: char}
# - name: Source
#   datatype: int64
#   description: Source identifier, identical to the Gaia-EDR3 source_id (id)
#   meta: !!omap
#   - {ucd: ID_MAIN}
#   - {width: 19}
# - name: rgeo
#   unit: pc
#   datatype: float64
#   format: '{:15.8f}'
#   description: '? Median of the geometric distance posterior (r_med_geo)'
#   meta: !!omap
#   - {ucd: PHYS_DISTANCE_TRUE}
#   - {width: 15}
#   - {precision: '8'}
#   - values: {'null': .nan}
# - name: Plx
#   unit: mas
#   datatype: float64
#   format: '{:9.4f}'
#   description: '? Parallax (parallax)'
#   meta: !!omap
#   - {ucd: POS_PARLX_TRIG}
#   - {width: 9}
#   - {precision: '4'}
#   - values: {'null': .nan}
# - name: e_Plx
#   unit: mas
#   datatype: float32
#   format: '{:7.4f}'
#   description: '? Standard error of parallax (parallax_error)'
#   meta: !!omap
#   - {ucd: ERROR}
#   - {width: 7}
#   - {precision: '4'}
#   - values: {'null': .nan}
# - name: pmRA
#   unit: mas / yr
#   datatype: float64
#   format: '{:9.3f}'
#   description: '? Proper motion in right ascension direction, pmRA*cosDE (pmra)'
#   meta: !!omap
#   - {ucd: POS_EQ_PMRA}
#   - {width: 9}
#   - {precision: '3'}
#   - values: {'null': .nan}
# - name: pmDE
#   unit: mas / yr
#   datatype: float64
#   format: '{:9.3f}'
#   description: '? Proper motion in declination direction (pmdec)'
#   meta: !!omap
#   - {ucd: POS_EQ_PMDEC}
#   - {width: 9}
#   - {precision: '3'}
#   - values: {'null': .nan}
# - name: e_pmRA
#   unit: mas / yr
#   datatype: float32
#   format: '{:6.3f}'
#   description: '? Standard error of proper motion in right ascension direction (pmra_error)'
#   meta: !!omap
#   - {ucd: ERROR}
#   - {width: 6}
#   - {precision: '3'}
#   - values: {'null': .nan}
# - name: e_pmDE
[...]
#         value: !astropy.table.SerializedColumn {name: SkyCoord.dec}
#       distance: !astropy.table.SerializedColumn
#         __class__: astropy.coordinates.distances.Distance
#         unit: !astropy.units.Unit {unit: pc}
#         value: !astropy.table.SerializedColumn {name: SkyCoord.distance}
#       frame: icrs
#       obstime: !astropy.time.Time {format: jyear_str, in_subfmt: '*', jd1: 367701545.0, jd2: 0.0, out_subfmt: '*', precision: 3, scale: tt}
#       pm_dec: !astropy.table.SerializedColumn
#         __class__: astropy.units.quantity.Quantity
#         unit: !astropy.units.Unit {unit: mas / yr}
#         value: !astropy.table.SerializedColumn {name: SkyCoord.pm_dec}
#       pm_ra_cosdec: !astropy.table.SerializedColumn
#         __class__: astropy.units.quantity.Quantity
#         unit: !astropy.units.Unit {unit: mas / yr}
#         value: !astropy.table.SerializedColumn {name: SkyCoord.pm_ra_cosdec}
#       ra: !astropy.table.SerializedColumn
#         __class__: astropy.coordinates.angles.Longitude
#         unit: *id001
#         value: !astropy.table.SerializedColumn {name: SkyCoord.ra}
#         wrap_angle: !astropy.coordinates.Angle
#           unit: *id001
#           value: 360.0
#       representation_type: spherical
# schema: astropy-2.0
RA_ICRS_1 DE_ICRS_1 e_RA_ICRS e_DE_ICRS _r_1 HIP TYC2 Source rgeo Plx e_Plx pmRA pmDE e_pmRA e_pmDE RUWE Teff logg Gmag BP-RP BPmag RPmag RV e_RV b_rgeo B_rgeo FG e_FG FBP e_FBP FRP e_FRP RAVE5 RAVE6 e_Gmag e_BPmag e_RPmag e_BP-RP SkyCoord.ra SkyCoord.dec SkyCoord.distance SkyCoord.pm_ra_cosdec SkyCoord.pm_dec rmRA rmDE e_rmRA e_rmDE rRV e_rRV v_pec v_pec3d e_vpec e_vpec3d
[from data line 2305]
32.44419800674 65.7909606257 0.0325 0.0387 23.9839 "" "" 518528244851401088 851.195007 1.1492 0.0503 7.652 -6.979 0.04 0.048 1.017 4765.9 4.4651 16.746216 1.951497 17.732721 15.781224 "" "" 817.708008 884.796509 3771.03457 1.7418 1102.4 8.3157 3860.7 8.3809 "" "" 0.0028005858998424622 0.0086522335 0.0044540884 0.013106322 32.44419800674 65.7909606257 851.195007 7.652000000000001 -6.979000000000001 8.209285726070405 -6.514457134246826 0.13365638 0.14165638 "" "" 42.28330605901182 "" 5.784484274809747 ""
31.54833662221 64.47457395441 0.05 0.0596 58.6042 "" "" 515083062611837568 764.377869 1.2828 0.0771 5.771 -5.536 0.058 0.072 1.732 4395.0 4.502 16.74692 2.017253 17.723953 15.7067 "" "" 728.453125 811.351196 3768.58934 7.0226 1111.3 6.8892 4135.0 7.1919 "" "" 0.0034183643277339937 0.00728613 0.004224897 0.011511027 31.54833662221 64.47457395441 764.377869 5.770999999999995 -5.535999999999994 6.328285726070404 -5.071457134246826 0.15165639 0.16565639 "" "" 29.38258885513663 "" 4.621289661147928 ""
30.36026047759 65.64982597604 0.0317 0.0357 43.5011 "" "" 518566830838228224 866.545959 1.124 0.0471 -2.271 5.096 0.038 0.042 1.024 4840.8 4.508 16.748276 1.762669 17.60274 15.840071 "" "" 833.826965 904.640625 3763.88772 1.647 1242.6 6.0487 3657.0 7.1317 "" "" 0.002795980233332992 0.005976417 0.004332077 0.010308495 30.36026047759 65.64982597604 866.545959 -2.271 5.096 -1.7137142739295959 5.560542865753174 0.13165638 0.13565639 "" "" 23.89960235533035 "" 3.233953107112716 ""
30.68455345341 66.4293601084 0.0329 0.0352 68.3944 "" "" 518805768456220928 827.704834 1.1864 0.05 5.47 0.393 0.044 0.044 0.973 4896.1 4.4711 16.748474 2.026617 17.783318 15.756701 "" "" 800.18396 860.8526 3763.2011 1.8328 1052.2 8.0169 3948.9 7.6459 "" "" 0.002805602722671042 0.0087302895 0.0043246998 0.013054989 30.68455345341 66.4293601084 827.704834 5.47 0.39300000000000007 6.027285726070404 0.8575428657531738 0.13765639 0.13765639 "" "" 23.885116172559616 "" 3.2879388829756313 ""
32.14551841465 66.15798278008 0.0403 0.0453 43.7792 "" "" 518642349248156544 897.696594 1.0932 0.0664 0.53 -0.313 0.051 0.058 1.26 4895.2 4.4082 16.749796 2.283415 17.92499 15.641575 "" "" 843.219666 963.956604 3758.62022 4.2875 923.47 8.369 4390.6 16.346 "" "" 0.0030208773032035837 0.010227499 0.005533775 0.015761273 32.14551841465 66.15798278008 897.696594 0.53 -0.313 1.087285726070404 0.15154286575317383 0.14465639 0.15165639 "" "" 4.67121074119714 "" 0.676358354015947 ""
32.54921920098 66.47893279377 0.0348 0.0395 64.2144 "" "" 518676610199921152 707.776917 1.3856 0.0564 15.91 -0.934 0.041 0.048 1.076 4565.5 4.6613 16.750237 1.81852 17.654308 15.835788 "" "" 683.154968 739.544556 3757.09262 1.8121 1184.9 7.6628 3671.5 10.114 "" "" 0.0028046418181655827 0.007555564 0.0048196767 0.012375241 32.54921920098 66.47893279377 707.776917 15.91 -0.9339999999999928 16.467285726070404 -0.4694571342468262 0.13465638 0.14165638 "" "" 55.267926135429356 "" 7.442501447080429 ""
32.42835464332 65.9704396659 0.0343 0.0386 33.8993 "" "" 518624211598489344 836.895264 1.1734 0.0535 3.323 -2.135 0.042 0.049 0.998 5173.6 4.4839 16.756126 2.042081 17.800346 15.758266 "" "" 802.664185 869.939758 3736.7666 2.1835 1035.8 8.0386 3943.2 9.426 "" "" 0.0028274169790589564 0.008876087 0.0045847343 0.0134608215 32.42835464332 65.9704396659 836.895264 3.323 -2.135 3.880285726070404 -1.670457134246826 0.13565639 0.14265639 "" "" 16.75840197244214 "" 2.2921217631619824 ""
31.1919214493 66.49983471308 0.0335 0.0365 67.3738 "" "" 518712550486837376 968.069275 1.0108 0.049 6.076 -0.409 0.044 0.045 1.0 5481.9 4.5293 16.756697 1.97369 17.748583 15.774893 "" "" 923.654236 1019.88513 3734.80451 2.2597 1086.4 7.6393 3883.3 8.3186 "" "" 0.002832547057100619 0.008128508 0.004437691 0.0125661995 31.1919214493 66.49983471308 968.069275 6.075999999999999 -0.4089999999999994 6.633285726070404 0.05554286575317385 0.13765639 0.13865638 "" "" 30.438882717636414 "" 4.19010887258255 ""
31.65873170943 65.7467959053 0.0326 0.0359 21.1126 "" "" 518536594267742464 997.758423 0.9846 0.0506 1.549 -5.002 0.039 0.043 0.98 4937.2 4.4285 16.756893 1.968018 17.74884 15.780822 "" "" 949.066956 1042.79541 3734.12821 1.7742 1086.1 6.6205 3862.2 7.5609 "" "" 0.0028031960393570714 0.007182389 0.0043360717 0.011518461 31.65873170943 65.7467959053 997.758423 1.5490000000000006 -5.002000000000001 2.106285726070404 -4.537457134246826 0.13265638 0.13665639 "" "" 23.658674689681387 "" 3.216535165885087 ""
32.45799096192 65.66162617317 0.0406 0.0479 17.5196 "" "" 518522781653052160 969.713745 1.0135 0.0651 -5.446 -1.315 0.049 0.059 1.231 4729.3 4.3723 16.756987 1.958106 17.72884 15.770734 "" "" 913.684631 1020.53259 3733.8103 2.0029 1106.3 6.4108 3898.2 8.5571 "" "" 0.0028162021738710693 0.0068825674 0.0044681155 0.011350683 32.45799096192 65.66162617317 969.713745 -5.446 -1.314999999999999 -4.888714273929596 -0.8504571342468261 0.14265639 0.15265638 "" "" 22.808181084529725 "" 3.2606598632012673 ""
32.34712237495 64.76887142672 0.0348 0.0387 40.4685 "" "" 515457102721081088 781.310669 1.267 0.0543 1.736 -0.491 0.043 0.048 1.127 4614.5 4.6624 16.759357 1.828329 17.613184 15.784855 "" "" 749.769409 817.721741 3725.66379 3.2973 1230.7 7.5309 3847.8 16.843 "" "" 0.0029180682268188456 0.007205943 0.0060721445 0.013278088 32.34712237495 64.76887142672 781.310669 1.7360000000000015 -0.4910000000000007 2.293285726070404 -0.026457134246826164 0.13665639 0.14165638 "" "" 8.49354836474876 "" 1.1607034012296658 ""
32.04666462254 64.2893693277 0.0308 0.0355 68.4333 "" "" 515065332986949120 885.376648 1.097 0.0483 4.537 0.665 0.036 0.044 1.008 "" "" 16.761269 1.780078 17.628912 15.848834 "" "" 849.749756 923.819336 3719.11079 1.6187 1213.0 4.9269 3627.6 6.7062 "" "" 0.0027955494618493284 0.0052185273 0.0042792996 0.009497827 32.04666462254 64.2893693277 885.376648 4.537000000000002 0.665 5.094285726070404 1.1295428657531739 0.12965637 0.13765639 "" "" 21.898340205745566 "" 2.8477092277470573 ""
29.96732190845 66.1412393877 0.0328 0.0364 66.2916 "" "" 518774947771065728 887.559814 1.0876 0.0503 1.531 -1.242 0.038 0.044 0.961 5597.1 4.3191 16.762064 2.341911 18.00734 15.665428 "" "" 848.345215 934.08075 3716.38914 2.0354 856.01 5.8346 4295.2 8.4356 "" "" 0.0028187557722700314 0.007908938 0.0043394254 0.012248363 29.96732190845 66.1412393877 887.559814 1.531 -1.2419999999999995 2.0882857260704037 -0.7774571342468262 0.13165638 0.13765639 "" "" 9.374585633311659 "" 1.2412073321888308 ""
33.62420426253 65.74747530932 0.0327 0.0376 43.9089 "" "" 515606808098421760 734.265747 1.3418 0.0534 9.645 -13.289 0.039 0.045 1.007 4753.0 4.6027 16.76437 1.956598 17.74761 15.791012 "" "" 703.179443 763.241699 3708.50192 1.8249 1087.4 6.7369 3826.1 9.0231 "" "" 0.002806641980663734 0.007282313 0.004565069 0.011847382 33.62420426253 65.74747530932 734.265747 9.644999999999998 -13.289 10.202285726070404 -12.824457134246826 0.13265638 0.13865638 "" "" 57.035714399222286 "" 7.777516533113257 ""
34.23418000254 64.87331155367 0.0305 0.0385 64.8565 "" "" 515425457401202816 857.759583 1.1372 0.0504 0.578 -1.988 0.035 0.048 1.036 4503.8 4.4404 16.766388 1.98417 17.764545 15.780375 "" "" 823.233887 900.928955 3701.61746 1.8558 1070.5 6.536 3863.7 7.0836 "" "" 0.002808573812072761 0.0071922895 0.0042715394 0.011463828 34.23418000254 64.87331155367 857.759583 0.5780000000000014 -1.9879999999999982 1.135285726070404 -1.5234571342468262 0.12865639 0.14165638 "" "" 7.724763805307079 "" 1.0594996603620337 ""
33.71818216001 65.55093437245 0.0321 0.0375 42.6706 "" "" 515595812982235136 823.642578 1.1964 0.0531 -2.373 -0.063 0.038 0.047 1.022 4766.0 4.6252 16.768768 1.823973 17.65216 15.828188 "" "" 789.385376 861.781128 3693.50841 3.3402 1187.3 7.8848 3697.3 11.494 "" "" 0.002925042649360887 0.0077313483 0.005067178 0.012798526 33.71818216001 65.55093437245 823.642578 -2.3730000000000007 -0.06299999999999994 -1.8157142739295962 0.4015428657531738 0.13165638 0.14065638 "" "" 7.259940794388799 "" 0.9589630136152703 ""
31.55853983012 65.81645157139 0.0366 0.0393 25.9527 "" "" 518537899937781632 905.741699 1.0869 0.0572 -0.791 -3.565 0.043 0.046 1.168 5336.0 4.6246 16.768888 1.839261 17.613132 15.773871 "" "" 861.255676 956.684204 3693.10065 2.2752 1230.7 7.5009 3887.0 14.867 "" "" 0.0028353481536644645 0.007181549 0.0056150556 0.012796605 31.55853983012 65.81645157139 905.741699 -0.7909999999999998 -3.565 -0.23371427392959598 -3.100457134246826 0.13665639 0.13965638 "" "" 13.34869543430327 "" 1.8640066316232946 ""
34.43258179512 65.96267343244 0.0319 0.0397 67.4135 "" "" 515636460553249280 871.373352 1.1288 0.0528 -0.274 -0.203 0.035 0.046 1.036 5269.3 4.59 16.773413 1.930133 17.732439 15.802306 "" "" 836.374023 904.437866 3677.74844 4.5692 1102.7 10.118 3786.5 17.068 "" "" 0.0030677912511336315 0.010345695 0.006183488 0.016529182 34.43258179512 65.96267343244 871.373352 -0.274 -0.203 0.28328572607040403 0.2615428657531738 0.12865639 0.13965638 "" "" 1.592476630956338 "" 0.21312185230667194 ""
32.15632080225 65.27117927811 0.0336 0.0366 10.0435 "" "" 518488078316765824 935.709045 1.0442 0.0501 9.495 -1.729 0.038 0.045 1.051 5002.9 4.6145 16.775232 1.787867 17.648043 15.860175 "" "" 888.943909 980.663818 3671.58584 1.8194 1191.8 6.3732 3589.9 6.9498 "" "" 0.002807357372295804 0.006441654 0.0043245526 0.010766206 32.15632080225 65.27117927811 935.709045 9.494999999999997 -1.7289999999999999 10.052285726070403 -1.2644571342468263 0.13165638 0.13865638 "" "" 44.93584726985315 "" 5.921118528849532 ""
31.404557643 64.38796002007 0.0324 0.0373 64.5017 "" "" 515061828292226176 932.427246 1.045 0.0488 3.198 -6.095 0.037 0.044 1.0 5417.3 4.5478 16.776312 1.93738 17.743484 15.806105 "" "" 897.301575 985.996704 3667.94032 1.7439 1091.5 7.744 3773.3 7.0381 "" "" 0.002803258589180319 0.008192856 0.0042877714 0.012480628 31.404557643 64.38796002007 932.427246 3.1979999999999986 -6.095000000000002 3.755285726070404 -5.630457134246826 0.13065639 0.13765639 "" "" 29.91204017971448 "" 4.054270718570045 ""
31.10429652904 64.62664806717 0.0334 0.0384 53.5821 "" "" 518067755640138112 790.167542 1.2398 0.0517 2.338 -4.876 0.041 0.046 1.056 4691.5 4.5464 16.776686 1.748537 17.625967 15.87743 "" "" 761.757568 824.276062 3666.67664 1.696 1216.3 7.8284 3533.3 5.9746 "" "" 0.002800713337434835 0.007524495 0.0042017037 0.011726199 31.10429652904 64.62664806717 790.167542 2.338000000000001 -4.876 2.895285726070404 -4.4114571342468265 0.13465638 0.13965638 "" "" 19.763346359798938 "" 2.7307036557473663 ""
33.87050286889 65.23979833829 0.0385 0.0449 47.5014 "" "" 515540523863372928 786.008972 1.2485 0.0621 -0.533 -1.478 0.045 0.057 1.301 4852.6 4.635 16.777397 1.689795 17.556889 15.867094 "" "" 749.819031 831.061768 3664.27475 4.6809 1296.2 8.7507 3567.1 13.413 "" "" 0.0030847143388031423 0.007842943 0.0055633807 0.013406323 33.87050286889 65.23979833829 786.008972 -0.5329999999999999 -1.4780000000000002 0.024285726070404023 -1.0134571342468262 0.13865638 0.15065639 "" "" 3.77690348987137 "" 0.5689896588389154 ""
33.52491197189 65.28695648136 0.2265 0.2624 38.396 "" "" 515497784653379072 886.453552 1.4128 0.3699 -1.419 -2.412 0.265 0.328 9.907 "" "" 16.77874 1.531036 17.235357 15.704321 "" "" 680.073608 1161.98511 3659.74467 4.5033 1742.9 7.3865 4144.1 7.0059 "" "" 0.003062134629869045 0.005381262 0.0042015286 0.009582791 33.52491197189 65.28695648136 886.453552 -1.4189999999999996 -2.4119999999999995 -0.861714273929596 -1.947457134246826 0.35865638 0.4216564 "" "" 8.948077001701284 "" 3.686619218560967 ""
30.75453113881 64.54924579405 0.0327 0.0363 61.9398 "" "" 518069026950533760 836.554382 1.1774 0.0472 6.332 -0.694 0.037 0.042 1.02 4607.2 4.4746 16.77908 1.657372 17.574244 15.916871 "" "" 805.898132 864.282104 3658.60094 1.7439 1275.6 6.0919 3407.3 5.3625 "" "" 0.002803501542137168 0.005888207 0.004147721 0.010035928 30.75453113881 64.54924579405 836.554382 6.332000000000002 -0.6939999999999993 6.889285726070404 -0.22945713424682612 0.13065639 0.13565639 "" "" 27.333010505027037 "" 3.5713868488751848 ""
33.19961080271 64.99917012694 0.0327 0.0363 39.18 "" "" 515439819771600384 887.875549 1.1015 0.0502 -4.344 0.015 0.039 0.046 0.962 4971.7 4.5989 16.781021 1.819498 17.639898 15.8204 "" "" 852.452209 919.601929 3652.06213 1.8246 1200.8 11.7 3723.9 18.28 "" "" 0.0028082082193688573 0.010940641 0.006533712 0.017474353 33.19961080271 64.99917012694 887.875549 -4.344 0.014999999999998934 -3.7867142739295963 0.47954286575317384 0.13265638 0.13965638 "" "" 16.06378152773917 "" 2.132784032749088 ""
32.40401223508 64.47811813907 0.0309 0.0358 57.8963 "" "" 515073682403207424 760.968872 1.3019 0.0525 5.664 -3.064 0.037 0.045 1.05 4597.2 4.5457 16.78107 1.727479 17.624352 15.896873 "" "" 727.89447 790.281921 3651.8968 1.7109 1218.1 5.7814 3470.6 8.5192 "" "" 0.00280187932743271 0.0058600516 0.0046245703 0.010484622 32.40401223508 64.47811813907 760.968872 5.664 -3.064 6.221285726070404 -2.5994571342468262 0.13065639 0.13865638 "" "" 24.320218094821264 "" 3.207257410378956 ""
33.37022663259 64.85782794018 0.0306 0.0365 48.1923 "" "" 515434871969562368 737.389465 1.3231 0.0513 -2.366 -1.119 0.035 0.044 1.033 4409.2 4.5153 16.783012 2.030002 17.819778 15.789777 "" "" 708.200073 767.739685 3645.37305 1.716 1017.4 6.9173 3830.4 8.74 "" "" 0.0028023213675534464 0.007891625 0.0045189722 0.012410598 33.37022663259 64.85782794018 737.389465 -2.366 -1.1189999999999998 -1.808714273929596 -0.6544571342468262 0.12865639 0.13765639 "" "" 6.7229848505285315 "" 0.8721745810185397 ""
31.72321211573 65.55285005414 0.0703 0.0799 10.5962 "" "" 518530031557762944 865.269775 1.1493 0.1075 3.135 -3.81 0.082 0.091 2.147 4596.2 4.3913 16.784414 1.800992 17.6091 15.808108 "" "" 792.67627 938.765808 3640.66676 4.0545 1235.3 5.2471 3766.3 7.2994 "" "" 0.0030089593673722527 0.0053901593 0.0043256884 0.009715848 31.72321211573 65.55285005414 865.269775 3.1350000000000002 -3.810000000000001 3.692285726070404 -3.3454571342468262 0.17565638 0.18465638 "" "" 20.43501708520716 "" 3.6735970865127756 ""
33.943754595 65.13882577197 0.0312 0.037 51.1133 "" "" 515445214250381952 803.654419 1.2154 0.0533 -10.379 0.426 0.035 0.044 1.003 4775.2 4.672 16.785055 1.707514 17.580828 15.873314 "" "" 767.642212 840.91748 3638.51801 1.7831 1267.9 9.4674 3546.8 15.359 "" "" 0.0028062246213467223 0.008573883 0.0060323514 0.014606235 33.943754595 65.13882577197 803.654419 -10.379000000000003 0.42600000000000265 -9.821714273929596 0.8905428657531738 0.12865639 0.13765639 "" "" 37.56755116213599 "" 4.836157989929246 ""
34.51553120709 65.34915775388 0.0362 0.0459 62.3195 "" "" 515535614719373696 890.231506 1.1013 0.0646 3.191 -2.318 0.043 0.06 1.194 4804.0 4.5274 16.78553 1.965486 17.779585 15.814099 "" "" 842.384766 949.826904 3636.9284 1.723 1055.8 5.1775 3745.6 7.2369 "" "" 0.0028029207885226113 0.0060110935 0.004322536 0.010333629 34.51553120709 65.34915775388 890.231506 3.1910000000000003 -2.3179999999999987 3.748285726070404 -1.8534571342468262 0.13665639 0.15365638 "" "" 17.644667943956474 "" 2.4730636983281697 ""
31.67050505351 65.11069867043 0.0336 0.0386 21.1586 "" "" 518479041705508992 687.153931 1.4327 0.0551 6.986 -4.997 0.037 0.044 1.042 4591.8 4.5874 16.785683 1.966813 17.790686 15.823873 "" "" 662.070557 717.557129 3636.41611 1.9648 1045.1 5.9916 3712.0 6.998 "" "" 0.0028170785835360352 0.006821313 0.0042980695 0.011119382 31.67050505351 65.11069867043 687.153931 6.985999999999999 -4.996999999999996 7.543285726070404 -4.532457134246826 0.13065639 0.13765639 "" "" 28.663365567005584 "" 3.7993080781722965 ""
