Clusters/UPK_265/UPK_265_stars_in_region.tsv
# %ECSV 1.0
# ---
# datatype:
# - name: RA_ICRS_1
#   unit: deg
#   datatype: float64
#   format: '{:15.11f}'
#   description: Right ascension (ICRS) at Ep=2016.0 (ra)
#   meta: !!omap
#   - {ucd: POS_EQ_RA_MAIN}
#   - {width: 15}
#   - {precision: '11'}
# - name: DE_ICRS_1
#   unit: deg
#   datatype: float64
#   format: '{:15.11f}'
#   description: Declination (ICRS) at Ep=2016.0 (dec)
#   meta: !!omap
#   - {ucd: POS_EQ_DEC_MAIN}
#   - {width: 15}
#   - {precision: '11'}
# - name: e_RA_ICRS
#   unit: mas
#   datatype: float64
#   format: '{:7.4f}'
#   description: Standard error of right ascension (ra_error)
#   meta: !!omap
#   - {ucd: ERROR}
#   - {width: 7}
#   - {precision: '4'}
# - name: e_DE_ICRS
#   unit: mas
#   datatype: float64
#   format: '{:7.4f}'
#   description: Standard error of declination (dec_error)
#   meta: !!omap
#   - {ucd: ERROR}
#   - {width: 7}
#   - {precision: '4'}
# - name: _r_1
#   unit: ''
#   datatype: float64
#   format: '{:7.4f}'
#   description: Distance from center (032.02881954000+65.42989921000)[ICRS], at Epoch=J2016.0
#   meta: !!omap
#   - {ucd: POS_ANG_DIST_GENERAL}
#   - {width: 7}
#   - {precision: '4'}
# - name: HIP
#   datatype: int32
#   description: '? HIP cross-id number, van Leeuwen, Cat. I/311 (hip_original_ext_source_id)'
#   meta: !!omap
#   - {ucd: ID_NUMBER}
#   - {width: 6}
#   - values: {'null': -2147483648}
# - name: TYC2
#   datatype: string
#   description: Tycho-2 cross-id name, Hog et al., Cat. I/259 (tyc2_original_ext_source_id)
#   meta: !!omap
#   - {ucd: ID_CROSSID}
#   - {_votable_string_dtype: char}
# - name: Source
#   datatype: int64
#   description: Source identifier, identical to the Gaia-EDR3 source_id (id)
#   meta: !!omap
#   - {ucd: ID_MAIN}
#   - {width: 19}
# - name: rgeo
#   unit: pc
#   datatype: float64
#   format: '{:15.8f}'
#   description: '? Median of the geometric distance posterior (r_med_geo)'
#   meta: !!omap
#   - {ucd: PHYS_DISTANCE_TRUE}
#   - {width: 15}
#   - {precision: '8'}
#   - values: {'null': .nan}
# - name: Plx
#   unit: mas
#   datatype: float64
#   format: '{:9.4f}'
#   description: '? Parallax (parallax)'
#   meta: !!omap
#   - {ucd: POS_PARLX_TRIG}
#   - {width: 9}
#   - {precision: '4'}
#   - values: {'null': .nan}
# - name: e_Plx
#   unit: mas
#   datatype: float32
#   format: '{:7.4f}'
#   description: '? Standard error of parallax (parallax_error)'
#   meta: !!omap
#   - {ucd: ERROR}
#   - {width: 7}
#   - {precision: '4'}
#   - values: {'null': .nan}
# - name: pmRA
#   unit: mas / yr
#   datatype: float64
#   format: '{:9.3f}'
#   description: '? Proper motion in right ascension direction, pmRA*cosDE (pmra)'
#   meta: !!omap
#   - {ucd: POS_EQ_PMRA}
#   - {width: 9}
#   - {precision: '3'}
#   - values: {'null': .nan}
# - name: pmDE
#   unit: mas / yr
#   datatype: float64
#   format: '{:9.3f}'
#   description: '? Proper motion in declination direction (pmdec)'
#   meta: !!omap
#   - {ucd: POS_EQ_PMDEC}
#   - {width: 9}
#   - {precision: '3'}
#   - values: {'null': .nan}
# - name: e_pmRA
#   unit: mas / yr
#   datatype: float32
#   format: '{:6.3f}'
#   description: '? Standard error of proper motion in right ascension direction (pmra_error)'
#   meta: !!omap
#   - {ucd: ERROR}
#   - {width: 6}
#   - {precision: '3'}
#   - values: {'null': .nan}
# - name: e_pmDE
[...]
#         value: !astropy.table.SerializedColumn {name: SkyCoord.dec}
#       distance: !astropy.table.SerializedColumn
#         __class__: astropy.coordinates.distances.Distance
#         unit: !astropy.units.Unit {unit: pc}
#         value: !astropy.table.SerializedColumn {name: SkyCoord.distance}
#       frame: icrs
#       obstime: !astropy.time.Time {format: jyear_str, in_subfmt: '*', jd1: 367701545.0, jd2: 0.0, out_subfmt: '*', precision: 3, scale: tt}
#       pm_dec: !astropy.table.SerializedColumn
#         __class__: astropy.units.quantity.Quantity
#         unit: !astropy.units.Unit {unit: mas / yr}
#         value: !astropy.table.SerializedColumn {name: SkyCoord.pm_dec}
#       pm_ra_cosdec: !astropy.table.SerializedColumn
#         __class__: astropy.units.quantity.Quantity
#         unit: !astropy.units.Unit {unit: mas / yr}
#         value: !astropy.table.SerializedColumn {name: SkyCoord.pm_ra_cosdec}
#       ra: !astropy.table.SerializedColumn
#         __class__: astropy.coordinates.angles.Longitude
#         unit: *id001
#         value: !astropy.table.SerializedColumn {name: SkyCoord.ra}
#         wrap_angle: !astropy.coordinates.Angle
#           unit: *id001
#           value: 360.0
#       representation_type: spherical
# schema: astropy-2.0
RA_ICRS_1 DE_ICRS_1 e_RA_ICRS e_DE_ICRS _r_1 HIP TYC2 Source rgeo Plx e_Plx pmRA pmDE e_pmRA e_pmDE RUWE Teff logg Gmag BP-RP BPmag RPmag RV e_RV b_rgeo B_rgeo FG e_FG FBP e_FBP FRP e_FRP RAVE5 RAVE6 e_Gmag e_BPmag e_RPmag e_BP-RP SkyCoord.ra SkyCoord.dec SkyCoord.distance SkyCoord.pm_ra_cosdec SkyCoord.pm_dec rmRA rmDE e_rmRA e_rmDE rRV e_rRV v_pec v_pec3d e_vpec e_vpec3d
[from data line 493]
33.87726401624 65.56337974922 0.0091 0.0107 46.6884 "" "" 515600760784550144 772.637024 1.2608 0.0154 -1.486 -0.759 0.011 0.013 0.956 6261.0 4.1037 14.030835 1.307522 14.607914 13.300392 -20.8 3.01 762.991943 782.175354 45984.64644 6.1457 19600.0 14.846 37932.0 14.235 "" "" 0.0027591384358220785 0.002908844 0.0038012818 0.006710126 33.87726401624 65.56337974922 772.637024 -1.4859999999999995 -0.7589999999999999 -0.9287142739295959 -0.2944571342468262 0.10465638 0.10665639 -10.877727272727272 5.364909 3.5680932876240763 11.447979748803833 0.3740812370575456 5.09900281884527
32.51479171449 64.83992884553 0.0096 0.0107 37.4611 "" "" 515458477110536704 861.604614 1.1269 0.015 -0.83 -2.626 0.012 0.013 0.979 6629.3 4.2051 14.031481 1.121492 14.501505 13.380012 -33.81 3.34 850.049866 873.365417 45957.29515 6.547 21618.0 12.657 35250.0 20.736 "" "" 0.0027596581100449613 0.0028616672 0.003832969 0.0066946363 32.51479171449 64.83992884553 861.604614 -0.83 -2.626 -0.2727142739295959 -2.161457134246826 0.105656385 0.10665639 -23.887727272727275 5.694909 8.89738899944324 25.49092083985222 0.9488245913150313 5.347006749352273
34.56313641304 65.34698822232 0.0088 0.0109 63.5179 "" "" 515536886029692160 749.613708 1.3025 0.0153 10.84 -10.382 0.011 0.014 1.043 "" "" 14.033766 1.828072 14.929248 13.101176 7.37 1.83 742.410156 755.761353 45860.68628 7.6966 14579.0 12.03 45571.0 19.458 "" "" 0.0027613387128216397 0.0029304768 0.0038077084 0.006738185 34.56313641304 65.34698822232 749.613708 10.84 -10.382 11.397285726070404 -9.917457134246826 0.10465638 0.10765638 17.292272727272728 4.1849093 53.681560747186936 56.397984541367265 5.688072117747763 5.564079524953473
32.22697661582 64.77252670446 0.0095 0.0102 39.7587 "" "" 515456930922393216 787.427551 1.2397 0.0147 3.428 0.102 0.012 0.013 1.022 "" "" 14.036015 1.26378 14.588541 13.324761 9.91 2.8 778.8125 797.358765 45765.7723 5.539 19953.0 11.222 37090.0 15.45 "" "" 0.0027584519056814455 0.0028562092 0.0038063466 0.006662556 32.22697661582 64.77252670446 787.427551 3.428000000000003 0.10199999999999912 3.985285726070404 0.5665428657531738 0.105656385 0.10665639 19.83227272727273 5.154909 15.024257021035504 24.880661980000863 1.587707683338322 4.219325915272359
29.80965873805 66.03574889219 0.0105 0.0119 65.6909 "" "" 518767045031293440 922.868835 1.0498 0.0165 -7.022 6.64 0.012 0.014 1.036 6681.8 3.82 14.037785 1.847491 14.945223 13.097732 -3.43 3.29 910.949097 934.903809 45691.24482 12.446 14366.0 19.441 45716.0 26.995 "" "" 0.0027711470541774198 0.0031533882 0.0038333747 0.006986763 29.80965873805 66.03574889219 922.868835 -7.022 6.640000000000004 -6.464714273929596 7.1045428657531735 0.105656385 0.10765638 6.492272727272729 5.644909 42.018608209448345 42.51720876332793 4.485701654093344 4.516119632173955
32.49968844404 64.98522126054 0.0094 0.0109 29.1925 "" "" 515465864454106496 873.276062 1.1102 0.0159 4.46 -2.108 0.011 0.012 0.949 5976.0 3.999 14.040164 1.442532 14.693007 13.250476 58.44 2.61 863.479797 884.205078 45591.21645 6.877 18122.0 13.542 39716.0 15.734 "" "" 0.002760183142566474 0.0029057383 0.0038037794 0.006709518 32.49968844404 64.98522126054 873.276062 4.4600000000000035 -2.1080000000000023 5.017285726070404 -1.6434571342468263 0.10465638 0.105656385 68.36227272727272 4.964909 21.853971976322573 71.77044254830751 2.2892844133272114 4.78023949019959
33.15913867089 64.46654242945 0.0092 0.0112 64.5397 "" "" 515387249371281920 792.080078 1.2311 0.0157 -0.707 -3.782 0.01 0.013 1.004 5961.5 4.0398 14.041021 1.229437 14.574052 13.344615 -69.17 3.22 780.638 802.370117 45555.20986 6.5299 20221.0 11.732 36418.0 11.116 "" "" 0.002759711948814063 0.0028603955 0.0037938838 0.0066542793 33.15913867089 64.46654242945 792.080078 -0.7070000000000003 -3.7820000000000005 -0.1497142739295959 -3.317457134246826 0.10365638 0.10665639 -59.247727272727275 5.574909 12.4679357164933 60.54537643795834 1.329710025859252 5.4622916796417424
30.83277503817 64.70209895202 0.0096 0.0108 53.122 "" "" 518071707010008832 783.627869 1.2417 0.0142 16.166 -9.139 0.012 0.013 0.984 6056.1 4.2134 14.042665 1.130887 14.489052 13.358165 24.29 6.48 775.251099 792.180054 45486.33278 7.246 21867.0 54.499 35966.0 104.96 "" "" 0.002760743381031287 0.0038868166 0.004931858 0.008818675 30.83277503817 64.70209895202 783.627869 16.166000000000004 -9.139 16.723285726070404 -8.674457134246826 0.105656385 0.10665639 34.212272727272726 8.834909 69.97615589851102 77.89186093230799 7.40831873971723 7.704131257408158
31.39399653721 66.36344882027 0.0094 0.0111 58.132 "" "" 518706537532695296 814.34552 1.1941 0.0146 -5.049 -1.871 0.012 0.014 0.991 6100.5 4.0527 14.049685 1.468351 14.720632 13.25228 -34.17 3.99 805.327515 823.046936 45193.19634 6.2392 17667.0 15.129 39650.0 12.637 "" "" 0.0027593943524016214 0.0029410042 0.0037951905 0.0067361947 31.39399653721 66.36344882027 814.34552 -5.0489999999999995 -1.8709999999999996 -4.491714273929596 -1.4064571342468262 0.105656385 0.10765638 -24.247727272727275 6.344909 18.168095008364556 30.299042132145416 1.9228476611518486 5.206964854560239
32.28861712283 65.64747491449 0.01 0.0115 14.563 "" "" 518525461712652544 797.958801 1.2218 0.0154 -1.182 -5.571 0.012 0.014 1.097 6305.1 4.0803 14.05039 1.511274 14.738338 13.227063 -28.33 3.84 788.950439 808.082153 45163.80714 7.1499 17381.0 13.938 40582.0 24.647 "" "" 0.0027606762360454923 0.0029228586 0.003836476 0.0067593344 32.28861712283 65.64747491449 797.958801 -1.1820000000000004 -5.571 -0.6247142739295959 -5.106457134246826 0.105656385 0.10765638 -18.40772727272727 6.194909 19.45827689739121 26.78561112169472 2.094239085278661 4.520956718132158
31.52948858517 65.02775387433 0.01 0.011 27.1986 "" "" 518105963669995264 812.641602 1.1984 0.0161 -3.397 3.537 0.012 0.013 0.955 5877.2 4.0225 14.052488 1.343111 14.650204 13.307093 -36.98 3.75 802.817078 822.170227 45076.62556 6.1436 18851.0 13.754 37698.0 13.506 "" "" 0.0027592909886166995 0.0029004454 0.0037993467 0.006699792 31.52948858517 65.02775387433 812.641602 -3.396999999999999 3.5369999999999946 -2.8397142739295957 4.001542865753174 0.105656385 0.10665639 -27.05772727272727 6.104909 18.900464126472162 33.00527456879204 2.009544604467527 5.135400016982905
33.99547885802 65.65084845009 0.0092 0.0109 50.6222 "" "" 515602959807759360 871.46521 1.1131 0.0155 -3.157 -1.924 0.011 0.014 1.012 "" "" 14.059262 1.662371 14.849278 13.186908 -39.41 2.25 860.522034 883.72522 44796.25275 6.8722 15693.0 12.992 42111.0 16.55 "" "" 0.0027603500905510306 0.002931383 0.0038033936 0.0067347763 33.99547885802 65.65084845009 871.46521 -3.157 -1.9239999999999997 -2.599714273929596 -1.459457134246826 0.10465638 0.10765638 -29.48772727272727 4.604909 12.315253426719446 31.956087474455764 1.297819252994606 4.278549496474306
33.96512133636 65.42971178215 0.0091 0.0111 48.3059 "" "" 515546575475720320 974.483704 0.9938 0.015 -2.734 2.314 0.011 0.014 1.021 7435.9 4.1202 14.067157 1.250476 14.610832 13.360356 "" "" 959.344177 990.944214 44471.71531 12.926 19547.0 28.998 35894.0 31.224 "" "" 0.002773333353945086 0.0032217035 0.003895608 0.0071173115 33.96512133636 65.42971178215 974.483704 -2.734 2.314 -2.176714273929596 2.778542865753174 0.10465638 0.10765638 "" "" 16.303611012029453 "" 1.7367486836856336 ""
31.18228091689 65.3877439737 0.0214 0.0237 21.2874 "" "" 518501581693710720 909.114746 1.073 0.0313 -0.321 -0.549 0.024 0.028 2.679 6234.5 4.176 14.067479 1.171429 14.547784 13.376355 -12.26 5.15 873.72699 940.632874 44458.53961 13.472 20716.0 15.933 35368.0 19.381 "" "" 0.0027748933395645324 0.0029124506 0.0038259258 0.0067383763 31.18228091689 65.3877439737 909.114746 -0.32100000000000006 -0.5489999999999999 0.23628572607040405 -0.08445713424682622 0.11765638 0.12165639 -2.337727272727271 7.5049095 1.0812921073395552 2.57568659255114 0.1277182590669436 6.811766316914895
31.76564006625 65.4128189398 0.0098 0.0112 6.6475 "" "" 518493713313585536 975.026855 0.9917 0.0152 -0.49 0.579 0.011 0.013 1.141 5864.5 3.9683 14.071292 1.496481 14.759001 13.26252 -21.02 3.36 962.222473 989.246094 44302.66242 7.1446 17054.0 14.777 39278.0 24.22 "" "" 0.0027608780258527948 0.0029445034 0.0038382227 0.0067827264 31.76564006625 65.4128189398 975.026855 -0.48999999999999994 0.579 0.06728572607040406 1.0435428657531738 0.10465638 0.10665639 -11.09772727272727 5.714909 4.832881163581368 12.104391391603887 0.5154180010897333 5.243667212756881
32.86061109541 64.55417027274 0.0088 0.01 56.6201 "" "" 515403329728533888 761.446777 1.2825 0.0148 -2.281 -1.032 0.011 0.012 0.954 5752.4 4.1995 14.071903 1.207555 14.5945 13.386945 -26.52 2.97 753.845398 769.140015 44277.75219 8.9502 19843.0 17.516 35025.0 22.457 "" "" 0.0027640469731587836 0.0029501866 0.0038429599 0.0067931465 32.86061109541 64.55417027274 761.446777 -2.2810000000000006 -1.0320000000000014 -1.723714273929596 -0.5674571342468262 0.10465638 0.105656385 -16.59772727272727 5.324909 6.549782050608566 17.843323556173853 0.6861196957013661 4.95958998249907
30.64737623885 66.29213067813 0.0103 0.0115 61.8464 "" "" 518802641720115840 744.227539 1.3106 0.0162 6.277 -2.008 0.013 0.015 1.21 "" "" 14.078734 1.680301 14.871266 13.190966 -28.98 2.97 735.311035 752.733826 44000.05026 9.1327 15378.0 14.646 41954.0 16.125 "" "" 0.0027645207564588525 0.0029756203 0.0038023503 0.0067779706 30.64737623885 66.29213067813 744.227539 6.277000000000001 -2.007999999999997 6.834285726070404 -1.5434571342468262 0.10665639 0.108656384 -19.05772727272727 5.324909 24.71606685847466 31.21026962001838 2.6385466562635744 3.865028714018337
33.67216074558 66.23121079983 0.0146 0.0152 62.7761 "" "" 515658175907781632 984.624817 0.9796 0.0222 1.95 -4.036 0.016 0.018 1.534 "" "" 14.078806 1.495305 14.765802 13.270497 -15.75 4.43 964.872986 1006.06421 43997.12548 6.9043 16947.0 19.608 38991.0 18.223 "" "" 0.002760583070364895 0.0030599232 0.0038132947 0.006873218 33.67216074558 66.23121079983 984.624817 1.9500000000000004 -4.036 2.5072857260704042 -3.5714571342468258 0.109656386 0.11165638 -5.827727272727271 6.7849092 20.365870583919673 21.18327382172675 2.260613381920392 2.8649206523749617
32.42439839036 64.6899092577 0.0099 0.0114 45.5132 "" "" 515455487813426944 723.149109 1.3512 0.0158 -4.557 -4.074 0.012 0.014 1.029 5893.6 4.1556 14.078861 1.214471 14.604509 13.390038 -60.51 2.66 712.889465 732.278809 43994.87835 6.2082 19661.0 12.224 34926.0 17.016 "" "" 0.0027595765600055525 0.0028706675 0.0038162204 0.0066868877 32.42439839036 64.6899092577 723.149109 -4.557 -4.073999999999999 -3.9997142739295963 -3.609457134246826 0.105656385 0.10765638 -50.58772727272727 5.0149093 18.467113042306103 53.85306318805966 1.9678319420262678 4.7589199339429715
32.42973458796 64.37467509017 0.0092 0.0109 64.13 "" "" 515025819288228864 937.312805 1.0324 0.0156 1.113 -1.028 0.011 0.014 0.922 7809.4 4.1938 14.082606 1.230726 14.614668 13.383942 -16.28 6.15 924.193542 953.464722 43843.40368 6.6279 19478.0 15.335 35122.0 18.275 "" "" 0.002760204531683384 0.002918172 0.003821372 0.0067395438 32.42973458796 64.37467509017 937.312805 1.113 -1.028 1.670285726070404 -0.5634571342468262 0.10465638 0.10765638 -6.3577272727272724 8.5049095 7.831720217937172 10.08744455481298 0.822070867609782 5.398179811503675
32.26027480601 64.85870314626 0.0096 0.0106 34.7653 "" "" 515469437867072896 880.057007 1.1074 0.0154 2.571 -2.374 0.012 0.013 0.97 6565.7 4.1646 14.084779 1.181993 14.591676 13.409682 -28.47 7.92 869.776245 889.666626 43755.76072 5.4768 19895.0 16.668 34299.0 16.615 "" "" 0.002758669591456722 0.0029347013 0.0038158025 0.0067505036 32.26027480601 64.85870314626 880.057007 2.571000000000001 -2.374000000000001 3.1282857260704042 -1.9094571342468263 0.105656385 0.10665639 -18.547727272727272 10.274909 15.288423040532225 24.03651526427547 1.6194836758364484 7.995244960968869
33.39080489534 65.61925219744 0.0096 0.0113 35.711 "" "" 515599729992387072 993.818481 0.9708 0.015 0.725 -8.455 0.012 0.014 1.0 6295.0 3.7992 14.084927 1.518172 14.783961 13.265789 -2.09 2.68 981.372803 1011.02917 43749.81763 7.0407 16666.0 12.4 39160.0 15.22 "" "" 0.0027608548445204797 0.0029047583 0.0038028671 0.0067076255 33.39080489534 65.61925219744 993.818481 0.7250000000000063 -8.454999999999995 1.2822857260704041 -7.990457134246826 0.105656385 0.10765638 7.832272727272729 5.0349092 38.1222404111297 38.91850087090137 4.102205602259056 4.1440617010331335
34.29318219759 65.95474926653 0.0098 0.0112 64.1769 "" "" 515636254394829952 764.285767 1.2784 0.0159 -0.809 -6.049 0.011 0.013 0.996 6326.5 4.1221 14.086695 1.511456 14.783316 13.27186 -0.45 4.13 754.774048 772.243652 43678.62596 7.3398 16676.0 14.827 38942.0 17.247 "" "" 0.0027613541507585716 0.0029524486 0.0038098497 0.0067622983 34.29318219759 65.95474926653 764.285767 -0.8089999999999997 -6.0489999999999995 -0.251714273929596 -5.5844571342468265 0.10465638 0.10665639 9.47227272727273 6.484909 20.25143488424006 22.357203883546124 2.1598635319339072 3.3729039011644915
31.77750252838 66.03023330946 0.0105 0.0109 36.5493 "" "" 518594009391898368 951.949585 1.0168 0.0165 -4.927 -1.215 0.013 0.014 1.026 6408.7 3.8356 14.088623 1.76803 14.943819 13.175789 0.11 4.37 937.80957 968.363525 43601.09048 8.1578 14384.0 17.452 42544.0 17.744 "" "" 0.0027627986035724523 0.0030855094 0.0038064136 0.006891923 31.77750252838 66.03023330946 951.949585 -4.927 -1.2149999999999994 -4.3697142739295955 -0.7504571342468263 0.10665639 0.10765638 10.032272727272728 6.724909 20.005868648326025 22.380377039908296 2.134329447999215 3.56754126647672
30.66035409909 65.5150267675 0.0159 0.0182 34.4654 "" "" 518552605906620928 677.066345 1.4402 0.0248 5.249 0.504 0.02 0.022 1.772 5718.5 4.1669 14.088661 1.26381 14.643185 13.379375 -24.86 3.33 668.956482 688.574829 43599.5842 5.8012 18973.0 12.257 35270.0 14.914 "" "" 0.002759104794395979 0.002876982 0.003807165 0.006684147 30.66035409909 65.5150267675 677.066345 5.249 0.5040000000000001 5.806285726070404 0.9685428657531738 0.11365639 0.11565638 -14.93772727272727 5.684909 18.891551991309296 24.08373793070175 2.1481771562104015 3.9079647006302936
33.1913164712 65.72587303764 0.0097 0.0108 33.8669 "" "" 515613508247289088 850.334412 1.1395 0.0154 8.837 -3.793 0.012 0.013 1.002 5032.4 3.5373 14.091945 1.92299 15.053857 13.130867 -8.84 1.13 838.526184 863.512756 43467.93882 7.7414 12998.0 14.457 44342.0 14.795 "" "" 0.002762096829209444 0.0030402902 0.003796704 0.0068369946 33.1913164712 65.72587303764 850.334412 8.837 -3.793000000000003 9.394285726070404 -3.3284571342468263 0.105656385 0.10665639 1.0822727272727288 3.484909 40.17084855743516 40.18542507029866 4.248805826377713 4.248301527477653
33.18841044201 64.74800792557 0.0096 0.0109 50.3247 "" "" 515409239603604096 861.738831 1.1264 0.0157 6.438 0.945 0.011 0.013 0.983 5538.9 4.0649 14.09249 1.404956 14.72409 13.319134 -55.74 1.92 849.841919 873.703003 43446.07234 5.9367 17611.0 15.224 37282.0 18.851 "" "" 0.00275931156299032 0.0029438022 0.0038190456 0.006762848 33.18841044201 64.74800792557 861.738831 6.437999999999999 0.9450000000000007 6.995285726070404 1.4095428657531737 0.10465638 0.10665639 -45.817727272727275 4.274909 29.147529915925183 54.3032469806159 3.052770476400717 3.961657929904938
