Clusters/UBC_396/UBC_396_stars_in_region.tsv
# %ECSV 1.0
# ---
# datatype:
# - name: RA_ICRS_1
#   unit: deg
#   datatype: float64
#   format: '{:15.11f}'
#   description: Right ascension (ICRS) at Ep=2016.0 (ra)
#   meta: !!omap
#   - {ucd: POS_EQ_RA_MAIN}
#   - {width: 15}
#   - {precision: '11'}
# - name: DE_ICRS_1
#   unit: deg
#   datatype: float64
#   format: '{:15.11f}'
#   description: Declination (ICRS) at Ep=2016.0 (dec)
#   meta: !!omap
#   - {ucd: POS_EQ_DEC_MAIN}
#   - {width: 15}
#   - {precision: '11'}
# - name: e_RA_ICRS
#   unit: mas
#   datatype: float64
#   format: '{:7.4f}'
#   description: Standard error of right ascension (ra_error)
#   meta: !!omap
#   - {ucd: ERROR}
#   - {width: 7}
#   - {precision: '4'}
# - name: e_DE_ICRS
#   unit: mas
#   datatype: float64
#   format: '{:7.4f}'
#   description: Standard error of declination (dec_error)
#   meta: !!omap
#   - {ucd: ERROR}
#   - {width: 7}
#   - {precision: '4'}
# - name: _r_1
#   unit: ''
#   datatype: float64
#   format: '{:7.4f}'
#   description: Distance from center (337.29571585000+66.52050447000)[ICRS], at Epoch=J2016.0
#   meta: !!omap
#   - {ucd: POS_ANG_DIST_GENERAL}
#   - {width: 7}
#   - {precision: '4'}
# - name: HIP
#   datatype: int32
#   description: '? HIP cross-id number, van Leeuwen, Cat. I/311 (hip_original_ext_source_id)'
#   meta: !!omap
#   - {ucd: ID_NUMBER}
#   - {width: 6}
#   - values: {'null': -2147483648}
# - name: TYC2
#   datatype: string
#   description: Tycho-2 cross-id name, Hog et al., Cat. I/259 (tyc2_original_ext_source_id)
#   meta: !!omap
#   - {ucd: ID_CROSSID}
#   - {_votable_string_dtype: char}
# - name: Source
#   datatype: int64
#   description: Source identifier, identical to the Gaia-EDR3 source_id (id)
#   meta: !!omap
#   - {ucd: ID_MAIN}
#   - {width: 19}
# - name: rgeo
#   unit: pc
#   datatype: float64
#   format: '{:15.8f}'
#   description: '? Median of the geometric distance posterior (r_med_geo)'
#   meta: !!omap
#   - {ucd: PHYS_DISTANCE_TRUE}
#   - {width: 15}
#   - {precision: '8'}
#   - values: {'null': .nan}
# - name: Plx
#   unit: mas
#   datatype: float64
#   format: '{:9.4f}'
#   description: '? Parallax (parallax)'
#   meta: !!omap
#   - {ucd: POS_PARLX_TRIG}
#   - {width: 9}
#   - {precision: '4'}
#   - values: {'null': .nan}
# - name: e_Plx
#   unit: mas
#   datatype: float32
#   format: '{:7.4f}'
#   description: '? Standard error of parallax (parallax_error)'
#   meta: !!omap
#   - {ucd: ERROR}
#   - {width: 7}
#   - {precision: '4'}
#   - values: {'null': .nan}
# - name: pmRA
#   unit: mas / yr
#   datatype: float64
#   format: '{:9.3f}'
#   description: '? Proper motion in right ascension direction, pmRA*cosDE (pmra)'
#   meta: !!omap
#   - {ucd: POS_EQ_PMRA}
#   - {width: 9}
#   - {precision: '3'}
#   - values: {'null': .nan}
# - name: pmDE
#   unit: mas / yr
#   datatype: float64
#   format: '{:9.3f}'
#   description: '? Proper motion in declination direction (pmdec)'
#   meta: !!omap
#   - {ucd: POS_EQ_PMDEC}
#   - {width: 9}
#   - {precision: '3'}
#   - values: {'null': .nan}
# - name: e_pmRA
#   unit: mas / yr
#   datatype: float32
#   format: '{:6.3f}'
#   description: '? Standard error of proper motion in right ascension direction (pmra_error)'
#   meta: !!omap
#   - {ucd: ERROR}
#   - {width: 6}
#   - {precision: '3'}
#   - values: {'null': .nan}
# - name: e_pmDE
[...]
#         value: !astropy.table.SerializedColumn {name: SkyCoord.dec}
#       distance: !astropy.table.SerializedColumn
#         __class__: astropy.coordinates.distances.Distance
#         unit: !astropy.units.Unit {unit: pc}
#         value: !astropy.table.SerializedColumn {name: SkyCoord.distance}
#       frame: icrs
#       obstime: !astropy.time.Time {format: jyear_str, in_subfmt: '*', jd1: 367701545.0, jd2: 0.0, out_subfmt: '*', precision: 3, scale: tt}
#       pm_dec: !astropy.table.SerializedColumn
#         __class__: astropy.units.quantity.Quantity
#         unit: !astropy.units.Unit {unit: mas / yr}
#         value: !astropy.table.SerializedColumn {name: SkyCoord.pm_dec}
#       pm_ra_cosdec: !astropy.table.SerializedColumn
#         __class__: astropy.units.quantity.Quantity
#         unit: !astropy.units.Unit {unit: mas / yr}
#         value: !astropy.table.SerializedColumn {name: SkyCoord.pm_ra_cosdec}
#       ra: !astropy.table.SerializedColumn
#         __class__: astropy.coordinates.angles.Longitude
#         unit: *id001
#         value: !astropy.table.SerializedColumn {name: SkyCoord.ra}
#         wrap_angle: !astropy.coordinates.Angle
#           unit: *id001
#           value: 360.0
#       representation_type: spherical
# schema: astropy-2.0
RA_ICRS_1 DE_ICRS_1 e_RA_ICRS e_DE_ICRS _r_1 HIP TYC2 Source rgeo Plx e_Plx pmRA pmDE e_pmRA e_pmDE RUWE Teff logg Gmag BP-RP BPmag RPmag RV e_RV b_rgeo B_rgeo FG e_FG FBP e_FBP FRP e_FRP RAVE5 RAVE6 e_Gmag e_BPmag e_RPmag e_BP-RP SkyCoord.ra SkyCoord.dec SkyCoord.distance SkyCoord.pm_ra_cosdec SkyCoord.pm_dec rmRA rmDE e_rmRA e_rmDE rRV e_rRV v_pec v_pec3d e_vpec e_vpec3d
[from data line 149]
336.48429962779 66.35829643074 0.0138 0.0131 21.7581 "" "" 2218780040693257856 983.583008 0.9884 0.0148 -4.475 -5.869 0.018 0.016 1.094 "" "" 14.180367 1.382974 14.798259 13.415285 "" "" 970.123901 997.167297 40068.20419 7.6596 16448.0 17.618 34123.0 23.876 "" "" 0.002763126480044528 0.003022837 0.0038549788 0.006877816 336.48429962779 66.35829643074 983.583008 -4.475 -5.869 -2.231249904632568 -3.0093000354766843 0.08195223 0.07995223 "" "" 17.465688462636425 "" 1.4089112603053837 ""
336.24151120047 66.27827326347 0.0178 0.0173 29.1974 "" "" 2218756091955611776 1113.95837 0.8714 0.0192 -0.776 -0.421 0.025 0.021 1.582 "" "" 14.1859 1.474892 14.779119 13.304227 -34.99 12.37 1092.70532 1138.03223 39864.53275 15.108 16741.0 229.64 37798.0 139.4 "" "" 0.0027858754387274647 0.01515239 0.0055061355 0.020658527 336.24151120047 66.27827326347 1113.95837 -0.776 -0.42099999999999993 1.4677500953674316 2.4386999645233156 0.08895223 0.08495223 -3.177500000000002 15.299999 15.029042191154037 15.361269981140497 1.2930089896123274 3.4082929774227706
337.45436147026 66.48478587387 0.0132 0.0143 4.3585 "" "" 2218773752861449984 1063.81042 0.9141 0.0151 -2.306 -2.719 0.019 0.018 1.044 9198.8 4.1655 14.186016 1.181642 14.690928 13.509287 "" "" 1048.21277 1081.35413 39860.2695 9.8082 18157.0 20.84 31293.0 29.676 "" "" 0.0027682421338858306 0.0030558128 0.003917125 0.006972938 337.45436147026 66.48478587387 1063.81042 -2.305999999999999 -2.7190000000000007 -0.06224990463256841 0.14069996452331557 0.08295223 0.08195223 "" "" 0.775810676826694 "" 0.06370706222514097 ""
337.61101505529 65.97321913114 0.0135 0.0126 33.7096 "" "" 2206692697053612416 868.321716 1.1222 0.0143 -0.779 -3.42 0.017 0.016 1.033 7202.4 4.1568 14.193318 1.339729 14.786461 13.446732 "" "" 858.198303 878.925781 39593.09492 14.346 16628.0 28.523 33149.0 44.414 "" "" 0.0027832631748849392 0.0033546514 0.004049677 0.0074043283 337.61101505529 65.97321913114 868.321716 -0.7790000000000001 -3.4200000000000004 1.4647500953674317 -0.5603000354766845 0.08095223 0.07995223 "" "" 6.454701255266188 "" 0.5217029762927184 ""
336.02779768252 66.71558297496 0.0144 0.0136 32.3799 "" "" 2218850478156696448 933.637939 1.044 0.0164 -4.877 2.857 0.019 0.017 1.018 4903.4 3.4539 14.201 1.79507 15.076233 13.281163 -28.0 2.07 921.296631 947.608215 39313.94738 11.249 12733.0 20.664 38609.0 37.139 "" "" 0.002772778714976994 0.0032999578 0.003921032 0.00722099 336.02779768252 66.71558297496 933.637939 -4.877000000000001 2.8569999999999993 -2.633249904632568 5.716699964523316 0.08295223 0.08095223 3.8125 5.0 27.853823467025908 28.11353122576819 2.2646788637497997 2.3439727619016004
335.94783777572 66.74291980652 0.0138 0.0129 34.7416 "" "" 2218851199711175424 987.767029 0.9822 0.0154 1.074 -5.551 0.018 0.016 0.943 7029.4 3.8992 14.207216 1.495592 14.888998 13.393406 11.83 4.24 974.331848 1003.05872 39089.49772 9.9154 15129.0 18.394 34817.0 17.792 "" "" 0.002769050058870547 0.0030866778 0.00381989 0.006906568 335.94783777572 66.74291980652 987.767029 1.0739999999999998 -5.551 3.3177500953674315 -2.6913000354766847 0.08195223 0.07995223 43.6425 7.1699996 20.001887647770783 48.007742247725474 1.6234409984297253 6.55304773433079
337.13476036792 66.92553373137 0.012 0.0123 24.5996 "" "" 2224850169511487232 887.782043 1.0986 0.0136 -4.352 -3.461 0.016 0.016 0.984 6226.3 4.1416 14.210665 1.288434 14.777012 13.488578 -23.64 4.04 876.897705 899.039062 38965.54265 6.9039 16773.0 19.419 31895.0 18.211 "" "" 0.002762027469800599 0.0030602508 0.0038298862 0.0068901367 337.13476036792 66.92553373137 887.782043 -4.351999999999998 -3.460999999999998 -2.1082499046325687 -0.6013000354766844 0.07995223 0.07995223 8.1725 6.97 9.225484948045535 12.324744572469431 0.7375981178572124 4.654646332099703
336.50805041188 66.73778284161 0.0139 0.0128 22.8341 "" "" 2218845324196371712 973.539734 1.0021 0.0151 4.175 2.259 0.018 0.016 1.035 6528.7 3.884 14.218751 1.512254 14.912479 13.400226 -56.15 2.9 958.614624 987.585449 38676.42841 8.7757 14806.0 22.997 34599.0 18.165 "" "" 0.00276631157252394 0.0032602078 0.0038221276 0.0070823357 336.50805041188 66.73778284161 973.539734 4.175 2.2590000000000003 6.4187500953674315 5.118699964523316 0.08195223 0.07995223 -24.3375 5.83 37.884941200681126 45.02868725633767 3.07552305266521 4.077347347401331
338.01964171653 66.66682014453 0.0132 0.0127 19.3595 "" "" 2224787291190435328 1059.10547 0.9191 0.0146 -2.046 -1.367 0.017 0.015 0.989 "" "" 14.232814 1.207338 14.750282 13.542944 "" "" 1045.20752 1074.03699 38178.69795 6.9528 17191.0 16.099 30338.0 17.424 "" "" 0.0027624056221387605 0.0029696575 0.0038304788 0.0068001365 338.01964171653 66.66682014453 1059.10547 -2.046 -1.367 0.19775009536743182 1.4926999645233154 0.08095223 0.07895223 "" "" 7.559064506009144 "" 0.5970690008583471 ""
338.23054293173 65.99292967377 0.0136 0.0136 38.8841 "" "" 2212693384838767488 1110.48975 0.8694 0.0147 -1.606 -1.417 0.019 0.017 1.087 "" "" 14.235542 1.788904 15.095455 13.306551 58.04 5.6 1090.18823 1127.62366 38082.88629 8.3907 12509.0 18.828 37717.0 18.514 "" "" 0.00276568514771748 0.0032335222 0.003816774 0.0070502963 338.23054293173 65.99292967377 1110.48975 -1.6060000000000003 -1.4170000000000003 0.6377500953674315 1.4426999645233154 0.08295223 0.08095223 89.85249999999999 8.53 8.302856695761765 90.23529899967282 0.6748771804693559 8.494040495417527
336.41765702816 66.75374738558 0.015 0.0128 25.1456 "" "" 2218840445113513728 1009.79956 0.9608 0.0157 4.114 2.395 0.02 0.016 1.03 7177.0 4.0557 14.251043 1.337418 14.842298 13.50488 -22.84 6.83 996.006653 1028.68311 37543.04594 8.9638 15794.0 16.438 31420.0 18.306 "" "" 0.002767488054995596 0.0030103098 0.0038319547 0.0068422644 336.41765702816 66.75374738558 1009.79956 4.114000000000001 2.3950000000000005 6.3577500953674315 5.254699964523315 0.08395223 0.07995223 8.9725 9.76 39.47961207039701 40.48636221592448 3.251233619800062 3.8379527004263463
337.91044949229 66.57490484718 0.0168 0.0175 15.0377 "" "" 2212771347084912000 852.798401 1.1453 0.019 -11.985 -8.413 0.022 0.022 1.549 6302.4 4.0478 14.264385 1.398703 14.890392 13.49169 -36.36 4.25 839.422791 868.858093 37084.52015 7.801 15110.0 13.389 31804.0 18.122 "" "" 0.002764769891985024 0.002951378 0.0038296815 0.0067810593 337.91044949229 66.57490484718 852.798401 -11.985000000000008 -8.413 -9.741249904632568 -5.553300035476685 0.08595223 0.08595223 -4.547499999999999 7.18 45.32586083843606 45.55341279196622 3.895858806570178 3.9421074913646925
338.09495205712 66.6038978069 0.0125 0.0123 19.7191 "" "" 2212777050801495808 1243.7345 0.7729 0.0143 1.923 1.914 0.016 0.016 1.019 "" "" 14.266604 1.316455 14.843628 13.527173 "" "" 1222.59119 1266.15833 37008.79986 6.0267 15775.0 15.809 30781.0 16.867 "" "" 0.0027609871486576096 0.0029948219 0.0038259234 0.0068207453 338.09495205712 66.6038978069 1243.7345 1.9230000000000005 1.9139999999999993 4.166750095367432 4.773699964523315 0.07995223 0.07995223 "" "" 37.355013152948224 "" 2.986616698126342 ""
338.01747738773 66.76730538951 0.0138 0.0132 22.672 "" "" 2224791620517916032 1136.6217 0.8511 0.0149 -2.153 -1.141 0.018 0.017 1.022 7449.1 4.0457 14.282223 1.195562 14.790437 13.594874 -109.54 13.99 1115.15918 1154.64551 36480.24911 7.0849 16567.0 14.923 28921.0 19.992 "" "" 0.002763377023657816 0.0029566064 0.003853183 0.0068097897 338.01747738773 66.76730538951 1136.6217 -2.1529999999999982 -1.1409999999999991 0.09075009536743162 1.7186999645233154 0.08195223 0.08095223 -77.7275 16.92 9.272544340834342 78.27863268352826 0.7506590543082517 16.8011075338422
338.0417566318 66.20899882162 0.015 0.0147 25.9107 "" "" 2212746986030545280 1158.49121 0.8252 0.016 5.378 -2.988 0.021 0.02 1.284 "" "" 14.297255 2.527052 15.682149 13.155097 32.66 2.36 1138.37988 1176.57996 35978.64086 9.4784 7287.1 18.955 43363.0 26.832 "" "" 0.0027701270169475205 0.0039700223 0.00383863 0.0078086522 338.0417566318 66.20899882162 1158.49121 5.378 -2.988 7.621750095367432 -0.12830003547668456 0.08495223 0.08395223 64.4725 5.29 41.858851902523746 76.86915336366998 3.555990932986168 4.841032827278625
338.81689595219 66.59327923806 0.0124 0.012 36.5717 "" "" 2212785090980616192 1051.89539 0.9207 0.0136 -2.019 -1.267 0.016 0.015 0.989 "" "" 14.298605 1.5395 15.001381 13.461881 "" "" 1039.10486 1068.23706 35933.91922 7.534 13642.0 16.068 32689.0 17.51 "" "" 0.0027647076882997886 0.0030692702 0.0038238673 0.0068931375 338.81689595219 66.59327923806 1051.89539 -2.0189999999999997 -1.2670000000000015 0.2247500953674315 1.5926999645233155 0.07995223 0.07895223 "" "" 8.01985248507882 "" 0.6333427940115514 ""
336.48068887993 66.56408078001 0.0137 0.0127 19.641 "" "" 2218787428036928000 863.455566 1.1308 0.0154 10.439 -0.214 0.018 0.015 1.091 5649.0 4.1021 14.2988 1.383779 14.867722 13.483943 11.99 7.11 854.371033 877.465393 35927.45919 218.11 15429.0 286.33 32032.0 563.82 "" "" 0.007144052186127692 0.020341262 0.019481005 0.039822266 336.48068887993 66.56408078001 863.455566 10.439000000000007 -0.21399999999999916 12.682750095367432 2.6456999645233155 0.08195223 0.07895223 43.8025 10.04 53.02509286408541 68.77731805977085 4.33900736780209 7.216412292962204
336.14665337418 66.20258873902 0.0134 0.0127 33.5855 "" "" 2218743516290933504 1144.95654 0.8384 0.0144 2.619 4.287 0.017 0.015 1.007 5429.4 3.4906 14.323429 1.983019 15.319904 13.336885 -79.52 1.79 1121.33203 1163.10229 35121.67414 12.182 10173.0 17.677 36678.0 34.759 "" "" 0.0027809366605567295 0.003368141 0.0039169407 0.007285082 336.14665337418 66.20258873902 1144.95654 2.6190000000000015 4.287000000000001 4.862750095367431 7.146699964523315 0.08095223 0.07895223 -47.707499999999996 4.72 46.91271807944909 66.90895809868712 3.733810589618984 4.263788649084069
336.93915762761 66.61746869265 0.0146 0.0144 10.3061 "" "" 2218790245535820288 1153.58752 0.8405 0.0164 3.152 -0.634 0.02 0.019 1.002 "" "" 14.327713 1.366887 14.935522 13.568635 "" "" 1134.80505 1175.15161 34983.36835 7.2351 14495.0 15.494 29628.0 14.064 "" "" 0.0027644548738560743 0.0030219133 0.0038143608 0.006836274 336.93915762761 66.61746869265 1153.58752 3.151999999999999 -0.633999999999999 5.395750095367432 2.2256999645233155 0.08395223 0.08295223 "" "" 31.915475110798894 "" 2.6747582945870767 ""
336.8184627499 67.07480678703 0.0123 0.013 35.1193 "" "" 2218862778943402112 1147.85815 0.8438 0.0137 1.327 1.443 0.017 0.018 1.015 7196.9 4.1013 14.335228 1.275454 14.892925 13.617472 7.42 6.63 1131.70874 1166.22168 34742.06452 6.3587 15075.0 18.0 28325.0 15.141 "" "" 0.0027624768249415108 0.0030766386 0.0038236845 0.006900323 336.8184627499 67.07480678703 1147.85815 1.3269999999999997 1.443 3.5707500953674316 4.302699964523315 0.08095223 0.08195223 39.2325 9.559999 30.421823722646806 49.64550749928734 2.4807742921426863 7.70624209002064
338.21512097834 66.23524149418 0.0127 0.0127 27.9559 "" "" 2212747810664756480 876.378113 1.1159 0.014 -0.587 -2.464 0.018 0.017 1.137 6539.3 4.1049 14.339416 1.334568 14.929878 13.59531 6.82 7.72 867.242676 886.297363 34608.31064 7.0423 14570.0 13.76 28909.0 17.618 "" "" 0.002764163582607218 0.0029726156 0.0038368667 0.0068094824 338.21512097834 66.23524149418 876.378113 -0.5869999999999996 -2.4640000000000004 1.6567500953674317 0.39569996452331546 0.08195223 0.08095223 38.6325 10.65 7.075768547660161 39.27513916958229 0.5794953553761223 10.476259298821708
336.74898147874 67.0967973688 0.0815 0.0839 36.9116 "" "" 2218865905679576576 1162.22412 0.8614 0.0886 -7.055 -4.977 0.113 0.109 6.18 6165.8 4.25 14.368903 1.21941 14.857295 13.637885 -14.99 7.38 1059.02258 1290.24146 33681.04483 42.653 15578.0 14.84 27797.0 22.012 "" "" 0.0030793326278299514 0.0029757055 0.0038759443 0.00685165 336.74898147874 67.0967973688 1162.22412 -7.0550000000000015 -4.976999999999995 -4.811249904632568 -2.117300035476685 0.17695223 0.17295223 16.822499999999998 10.309999 28.95790880013048 33.489654944873266 5.105552196228811 6.80518385288501
336.22265516265 66.92247513257 0.0132 0.0139 35.0578 "" "" 2218857178306025088 995.69696 0.9759 0.0149 2.771 -3.485 0.018 0.017 1.04 7070.3 4.0128 14.370595 1.376273 14.98395 13.607677 4.66 7.53 979.567749 1007.46594 33628.59585 6.9357 13862.0 18.951 28582.0 20.235 "" "" 0.002764404559305796 0.0031604248 0.003856756 0.007017181 336.22265516265 66.92247513257 995.69696 2.771 -3.484999999999996 5.0147500953674315 -0.6253000354766844 0.08195223 0.08095223 36.4725 10.46 23.850916650137943 43.57877328817124 1.9542728202831876 8.8194138213394
337.51987883999 66.43195797853 0.0147 0.0156 7.5527 "" "" 2212768529586366464 990.529541 0.9845 0.0162 -2.211 -2.882 0.019 0.02 1.067 7983.1 4.2359 14.372393 1.235507 14.906422 13.670915 "" "" 974.823914 1003.78973 33572.96123 6.0589 14888.0 20.047 26964.0 16.647 "" "" 0.0027622785577289654 0.003149983 0.0038383645 0.0069883475 337.51987883999 66.43195797853 990.529541 -2.210999999999998 -2.8819999999999992 0.032750095367431786 -0.022300035476684688 0.08295223 0.08395223 "" "" 0.18602712802599858 "" 0.015490535836165468 ""
337.48409246617 67.14259601974 0.0129 0.013 37.5894 "" "" 2224857041459136128 1190.44336 0.8092 0.0141 -8.738 -7.179 0.017 0.016 1.072 5473.7 3.4874 14.375072 1.975256 15.365805 13.390549 -24.61 2.25 1167.72717 1208.10156 33490.22901 7.8806 9752.0 14.827 34909.0 22.765 "" "" 0.002767139680230635 0.0032419218 0.003845132 0.0070870537 337.48409246617 67.14259601974 1190.44336 -8.738000000000003 -7.179000000000006 -6.494249904632568 -4.319300035476685 0.08095223 0.07995223 7.202500000000001 5.18 44.01004594671697 44.59551715679659 3.5492719577954883 3.6012008282165997
336.07648864043 66.57306335669 0.0143 0.0133 29.285 "" "" 2218836596822469248 1131.21167 0.8544 0.0163 0.501 -1.126 0.019 0.016 0.956 7907.7 3.976 14.406048 1.519073 15.103074 13.584001 -6.89 5.45 1112.74963 1148.63953 32548.24387 7.0145 12422.0 16.23 29212.0 18.683 "" "" 0.0027652377395359375 0.0031300788 0.0038426446 0.0069727236 336.07648864043 66.57306335669 1131.21167 0.5009999999999998 -1.1259999999999997 2.7447500953674315 1.7336999645233155 0.08295223 0.07995223 24.9225 8.379999 17.407223937864117 30.39971137154018 1.4292695029943026 6.918724181558301
338.45586093853 66.47986538266 0.0128 0.0132 27.8627 "" "" 2212760145810297728 890.542786 1.098 0.0148 -3.032 -2.646 0.016 0.016 1.02 7208.5 4.1966 14.414164 1.37776 15.02829 13.65053 "" "" 877.528259 903.310913 32305.86612 7.0143 13308.0 15.237 27476.0 12.691 "" "" 0.002765386266655488 0.0030545671 0.003812509 0.0068670763 338.45586093853 66.47986538266 890.542786 -3.0320000000000014 -2.6460000000000004 -0.7882499046325684 0.21369996452331552 0.07995223 0.07995223 "" "" 3.4474491372618057 "" 0.27563125509098463 ""
338.69454175584 66.6466090682 0.0133 0.0126 34.2012 "" "" 2212774748699344256 979.421509 0.9945 0.0145 -1.593 -2.076 0.018 0.016 1.022 7464.6 3.8235 14.415782 1.875791 15.332501 13.456711 28.88 3.57 967.551208 991.789734 32257.74388 8.3889 10056.0 15.895 32845.0 17.307 "" "" 0.0027697497509521687 0.0032757102 0.003822438 0.007098148 338.69454175584 66.6466090682 979.421509 -1.5930000000000006 -2.0760000000000005 0.6507500953674317 0.7836999645233154 0.08195223 0.07995223 60.692499999999995 6.5 4.729070552855944 60.876462319552445 0.3819879504511729 6.4804256172334505
336.00450768191 66.80629971489 0.0155 0.0153 35.1541 "" "" 2218854738764207872 947.021667 1.0276 0.0176 -2.614 -2.552 0.02 0.018 1.098 7422.1 4.0319 14.434203 1.525437 15.134412 13.608974 -42.05 6.22 932.264221 963.681396 31715.06483 13.021 12068.0 18.989 28548.0 33.673 "" "" 0.002791145490254186 0.003271651 0.0039904625 0.0072621135 336.00450768191 66.80629971489 947.021667 -2.614 -2.552 -0.37024990463256824 0.3076999645233154 0.08395223 0.08195223 -10.237499999999997 9.15 2.1610334515555762 10.463100488322864 0.17967051142366428 8.952788505791592
