Clusters/UBC_396/UBC_396_members.tsv
# %ECSV 1.0
# ---
# datatype:
# - name: RA_ICRS_1
#   unit: deg
#   datatype: float64
#   format: '{:15.11f}'
#   description: Right ascension (ICRS) at Ep=2016.0 (ra)
#   meta: !!omap
#   - {ucd: POS_EQ_RA_MAIN}
#   - {width: 15}
#   - {precision: '11'}
# - name: DE_ICRS_1
#   unit: deg
#   datatype: float64
#   format: '{:15.11f}'
#   description: Declination (ICRS) at Ep=2016.0 (dec)
#   meta: !!omap
#   - {ucd: POS_EQ_DEC_MAIN}
#   - {width: 15}
#   - {precision: '11'}
# - name: e_RA_ICRS
#   unit: mas
#   datatype: float64
#   format: '{:7.4f}'
#   description: Standard error of right ascension (ra_error)
#   meta: !!omap
#   - {ucd: ERROR}
#   - {width: 7}
#   - {precision: '4'}
# - name: e_DE_ICRS
#   unit: mas
#   datatype: float64
#   format: '{:7.4f}'
#   description: Standard error of declination (dec_error)
#   meta: !!omap
#   - {ucd: ERROR}
#   - {width: 7}
#   - {precision: '4'}
# - name: _r_1
#   unit: ''
#   datatype: float64
#   format: '{:7.4f}'
#   description: Distance from center (337.29571585000+66.52050447000)[ICRS], at Epoch=J2016.0
#   meta: !!omap
#   - {ucd: POS_ANG_DIST_GENERAL}
#   - {width: 7}
#   - {precision: '4'}
# - name: HIP
#   datatype: int32
#   description: '? HIP cross-id number, van Leeuwen, Cat. I/311 (hip_original_ext_source_id)'
#   meta: !!omap
#   - {ucd: ID_NUMBER}
#   - {width: 6}
#   - values: {'null': -2147483648}
# - name: TYC2
#   datatype: string
#   description: Tycho-2 cross-id name, Hog et al., Cat. I/259 (tyc2_original_ext_source_id)
#   meta: !!omap
#   - {ucd: ID_CROSSID}
#   - {_votable_string_dtype: char}
# - name: Source
#   datatype: int64
#   description: Source identifier, identical to the Gaia-EDR3 source_id (id)
#   meta: !!omap
#   - {ucd: ID_MAIN}
#   - {width: 19}
# - name: rgeo
#   unit: pc
#   datatype: float64
#   format: '{:15.8f}'
#   description: '? Median of the geometric distance posterior (r_med_geo)'
#   meta: !!omap
#   - {ucd: PHYS_DISTANCE_TRUE}
#   - {width: 15}
#   - {precision: '8'}
#   - values: {'null': .nan}
# - name: Plx
#   unit: mas
#   datatype: float64
#   format: '{:9.4f}'
#   description: '? Parallax (parallax)'
#   meta: !!omap
#   - {ucd: POS_PARLX_TRIG}
#   - {width: 9}
#   - {precision: '4'}
#   - values: {'null': .nan}
# - name: e_Plx
#   unit: mas
#   datatype: float32
#   format: '{:7.4f}'
#   description: '? Standard error of parallax (parallax_error)'
#   meta: !!omap
#   - {ucd: ERROR}
#   - {width: 7}
#   - {precision: '4'}
#   - values: {'null': .nan}
# - name: pmRA
#   unit: mas / yr
#   datatype: float64
#   format: '{:9.3f}'
#   description: '? Proper motion in right ascension direction, pmRA*cosDE (pmra)'
#   meta: !!omap
#   - {ucd: POS_EQ_PMRA}
#   - {width: 9}
#   - {precision: '3'}
#   - values: {'null': .nan}
# - name: pmDE
#   unit: mas / yr
#   datatype: float64
#   format: '{:9.3f}'
#   description: '? Proper motion in declination direction (pmdec)'
#   meta: !!omap
#   - {ucd: POS_EQ_PMDEC}
#   - {width: 9}
#   - {precision: '3'}
#   - values: {'null': .nan}
# - name: e_pmRA
#   unit: mas / yr
#   datatype: float32
#   format: '{:6.3f}'
#   description: '? Standard error of proper motion in right ascension direction (pmra_error)'
#   meta: !!omap
#   - {ucd: ERROR}
#   - {width: 6}
#   - {precision: '3'}
#   - values: {'null': .nan}
# - name: e_pmDE
[...]
#       distance: !astropy.table.SerializedColumn
#         __class__: astropy.coordinates.distances.Distance
#         unit: !astropy.units.Unit {unit: pc}
#         value: !astropy.table.SerializedColumn {name: SkyCoord.distance}
#       frame: icrs
#       obstime: !astropy.time.Time {format: jyear_str, in_subfmt: '*', jd1: 367701545.0, jd2: 0.0, out_subfmt: '*', precision: 3, scale: tt}
#       pm_dec: !astropy.table.SerializedColumn
#         __class__: astropy.units.quantity.Quantity
#         unit: !astropy.units.Unit {unit: mas / yr}
#         value: !astropy.table.SerializedColumn {name: SkyCoord.pm_dec}
#       pm_ra_cosdec: !astropy.table.SerializedColumn
#         __class__: astropy.units.quantity.Quantity
#         unit: !astropy.units.Unit {unit: mas / yr}
#         value: !astropy.table.SerializedColumn {name: SkyCoord.pm_ra_cosdec}
#       ra: !astropy.table.SerializedColumn
#         __class__: astropy.coordinates.angles.Longitude
#         unit: *id001
#         value: !astropy.table.SerializedColumn {name: SkyCoord.ra}
#         wrap_angle: !astropy.coordinates.Angle
#           unit: *id001
#           value: 360.0
#       representation_type: spherical
# schema: astropy-2.0
RA_ICRS_1 DE_ICRS_1 e_RA_ICRS e_DE_ICRS _r_1 HIP TYC2 Source rgeo Plx e_Plx pmRA pmDE e_pmRA e_pmDE RUWE Teff logg Gmag BP-RP BPmag RPmag RV e_RV b_rgeo B_rgeo FG e_FG FBP e_FBP FRP e_FRP RAVE5 RAVE6 e_Gmag e_BPmag e_RPmag e_BP-RP SkyCoord.ra SkyCoord.dec SkyCoord.distance SkyCoord.pm_ra_cosdec SkyCoord.pm_dec rmRA rmDE e_rmRA e_rmDE rRV e_rRV v_pec v_pec3d e_vpec e_vpec3d Pmemb
337.29292689882 66.55845037604 0.0106 0.0115 2.2777 "" 4276-8-1 2218778765083807872 1033.60181 0.9488 0.012 -2.273 -2.874 0.015 0.016 0.885 "" "" 10.068045 1.04143 10.492112 9.450683 "" "" 1022.22638 1048.64783 1769003.88767 1187.6 868100.0 795.89 1314900.0 1282.6 "" "" 0.002850101601348373 0.002962417 0.0039249645 0.0068873814 337.29292689882 66.55845037604 1033.60181 -2.2729999999999997 -2.8739999999999997 -0.02924990463256849 -0.01430003547668468 0.07895223 0.07995223 "" "" 0.1595123653793941 "" 0.01262478510343981 "" 1.0
337.20773365356 66.36360536906 0.0115 0.0132 9.6475 "" 4276-654-1 2218771278960067584 1001.1524 0.9783 0.0138 -2.145 -3.079 0.015 0.016 1.099 "" "" 10.235904 1.284555 10.792094 9.50754 -46.89 5.46 988.187439 1015.72693 1515602.86665 613.67 658540.0 512.48 1247800.0 489.89 "" "" 0.002790170581980937 0.0029152958 0.0038033442 0.00671864 337.20773365356 66.36360536906 1001.1524 -2.1450000000000022 -3.0789999999999997 0.09875009536743162 -0.21930003547668475 0.07895223 0.07995223 -15.0775 8.389999 1.1413215549407556 15.120635606407966 0.09105980007419584 8.366067524037874 0.99
337.29824820828 66.49997447141 0.0099 0.0104 1.2333 "" "" 2218777635511876608 1051.06702 0.9124 0.0114 -2.22 -2.918 0.014 0.013 0.926 "" "" 11.635643 0.948776 12.01557 11.066793 "" "" 1040.75623 1064.3811 417531.70977 84.844 213400.0 144.32 296780.0 111.83 "" "" 0.002764139120804349 0.0028851693 0.0038014608 0.00668663 337.29824820828 66.49997447141 1051.06702 -2.2199999999999998 -2.9180000000000006 0.023750095367431445 -0.05830003547668472 0.07795223 0.076952234 "" "" 0.313630766296773 "" 0.02417947670537911 "" 0.99
337.07305656912 66.56086738581 0.0086 0.0096 5.8438 "" "" 2218790344315637760 1023.34125 0.9651 0.0099 -2.083 -3.02 0.012 0.012 1.049 "" "" 12.321323 1.201042 12.829571 11.628529 "" "" 1013.30255 1032.78101 222032.97274 40.098 100830.0 66.274 176910.0 55.229 "" "" 0.002762288200435571 0.0028799872 0.003794551 0.0066745384 337.07305656912 66.56086738581 1023.34125 -2.083 -3.0200000000000005 0.16075009536743146 -0.1603000354766846 0.07595223 0.07595223 "" "" 1.1011769252331334 "" 0.08363684517062005 "" 0.85
337.28438782972 66.51310677254 0.009 0.0098 0.52 "" "" 2218777699931918848 995.23114 0.9914 0.0105 -2.232 -2.883 0.013 0.013 1.027 "" "" 12.61757 1.049927 13.048042 11.998116 -49.96 33.34 984.280212 1002.55103 169012.46885 37.277 82452.0 82.63 125870.0 43.018 "" "" 0.00276570679450862 0.0029948233 0.0037975542 0.0067923777 337.28438782972 66.51310677254 995.23114 -2.232 -2.883 0.011750095367431435 -0.023300035476684577 0.076952234 0.076952234 -18.1475 36.27 0.12310110438219422 18.147917515018083 0.009472904979066948 36.26916602214033 0.99
337.10979256937 66.30742277363 0.0118 0.0127 13.5417 "" "" 2218771034143242112 982.597961 1.0061 0.0138 -2.306 -3.017 0.015 0.015 1.164 "" "" 12.856088 0.850067 13.190371 12.340303 "" "" 968.357727 995.108337 135678.69933 26.799 72322.0 47.839 91841.0 33.312 "" "" 0.0027636532528486587 0.0028811174 0.003799844 0.0066809617 337.10979256937 66.30742277363 982.597961 -2.306 -3.0169999999999995 -0.06224990463256841 -0.15730003547668447 0.07895223 0.07895223 "" "" 0.7879098126158961 "" 0.06220723714918038 "" 0.97
337.59119137806 66.51950713576 0.0111 0.0117 7.0638 "" "" 2224778666896103808 986.557129 1.0032 0.0127 -2.227 -2.938 0.016 0.015 1.022 "" "" 12.898919 1.255547 13.438226 12.182679 "" "" 974.275879 1000.45801 130430.46377 25.761 57561.0 65.101 106190.0 41.899 "" "" 0.002763652361915887 0.0030484307 0.0038035838 0.0068520145 337.59119137806 66.51950713576 986.557129 -2.2270000000000003 -2.938 0.016750095367431772 -0.07830003547668474 0.07995223 0.07895223 "" "" 0.3744372886396634 "" 0.029579143715225912 "" 1.0
336.81601203168 66.63931292752 0.0109 0.0098 13.4792 "" "" 2218794128186244992 1012.40356 0.9607 0.0115 -2.298 -2.878 0.014 0.013 0.995 9497.6 4.0389 13.590804 1.198087 14.102795 12.904708 "" "" 1001.14624 1025.32239 68964.41594 25.842 31210.0 44.713 54610.0 52.418 "" "" 0.0027851946935574913 0.0031944585 0.0039204354 0.0071148938 336.81601203168 66.63931292752 1012.40356 -2.297999999999999 -2.877999999999999 -0.0542499046325684 -0.018300035476684684 0.07795223 0.076952234 "" "" 0.27474685758134226 "" 0.0213892222992376 "" 0.99
337.02111172574 66.54036179649 0.0116 0.0125 6.6691 "" "" 2218788871146302720 1021.58856 0.953 0.0134 -2.286 -2.727 0.017 0.017 1.019 "" "" 13.92274 1.164914 14.415682 13.250768 "" "" 1009.13434 1033.42908 50798.47532 9.281 23396.0 22.874 39706.0 22.6 "" "" 0.0027624515716151727 0.002985273 0.003829573 0.006814846 337.02111172574 66.54036179649 1021.58856 -2.286 -2.727 -0.04224990463256839 0.13269996452331556 0.08095223 0.08095223 "" "" 0.6743600114848335 "" 0.054590944807419835 "" 0.99
337.14549047365 66.68297937095 0.0126 0.0128 10.3849 "" "" 2218792302820840448 1037.90601 0.9366 0.0143 -2.202 -2.538 0.017 0.017 1.008 "" "" 14.124704 1.320266 14.701948 13.381682 "" "" 1022.99731 1054.2572 42175.97156 8.2441 17974.0 17.717 35195.0 18.671 "" "" 0.002763481514271323 0.0029883776 0.0038230205 0.006811398 337.14549047365 66.68297937095 1037.90601 -2.202 -2.5379999999999994 0.04175009536743168 0.3216999645233156 0.08095223 0.08095223 "" "" 1.595931618286872 "" 0.12919421882457552 "" 0.97
337.45436147026 66.48478587387 0.0132 0.0143 4.3585 "" "" 2218773752861449984 1063.81042 0.9141 0.0151 -2.306 -2.719 0.019 0.018 1.044 9198.8 4.1655 14.186016 1.181642 14.690928 13.509287 "" "" 1048.21277 1081.35413 39860.2695 9.8082 18157.0 20.84 31293.0 29.676 "" "" 0.0027682421338858306 0.0030558128 0.003917125 0.006972938 337.45436147026 66.48478587387 1063.81042 -2.305999999999999 -2.7190000000000007 -0.06224990463256841 0.14069996452331557 0.08295223 0.08195223 "" "" 0.775810676826694 "" 0.06370706222514097 "" 0.98
337.51987883999 66.43195797853 0.0147 0.0156 7.5527 "" "" 2212768529586366464 990.529541 0.9845 0.0162 -2.211 -2.882 0.019 0.02 1.067 7983.1 4.2359 14.372393 1.235507 14.906422 13.670915 "" "" 974.823914 1003.78973 33572.96123 6.0589 14888.0 20.047 26964.0 16.647 "" "" 0.0027622785577289654 0.003149983 0.0038383645 0.0069883475 337.51987883999 66.43195797853 990.529541 -2.210999999999998 -2.8819999999999992 0.032750095367431786 -0.022300035476684688 0.08295223 0.08395223 "" "" 0.18602712802599858 "" 0.015490535836165468 "" 1.0
337.38473351394 66.33028955438 0.0141 0.0154 11.6111 "" "" 2206762103725235584 1007.63794 0.9675 0.0165 -2.219 -2.847 0.019 0.019 1.001 7942.0 4.2767 14.465211 1.323065 15.041718 13.718653 "" "" 988.796448 1021.1568 30822.1209 7.0168 13144.0 17.199 25805.0 31.338 "" "" 0.0027663846178116987 0.0031310404 0.004002782 0.0071338224 337.38473351394 66.33028955438 1007.63794 -2.218999999999998 -2.847 0.02475009536743178 0.012699964523315455 0.08295223 0.08295223 "" "" 0.13286574279367105 "" 0.011021509810627874 "" 0.99
337.35716727642 66.67631703451 0.0156 0.0155 9.4628 "" "" 2224796121643115904 1009.97797 0.9655 0.0176 -2.321 -2.904 0.021 0.02 1.002 "" "" 14.551143 1.351111 15.147621 13.796511 "" "" 989.241211 1029.37 28476.70838 7.0237 11923.0 17.404 24019.0 15.99 "" "" 0.0027683032556347215 0.0032088617 0.0038478782 0.00705674 337.35716727642 66.67631703451 1009.97797 -2.321 -2.904 -0.07724990463256853 -0.044300035476684485 0.08495223 0.08395223 "" "" 0.4263123915949461 "" 0.036111154604811624 "" 1.0
337.53003928302 66.74488253444 0.0149 0.0151 14.5718 "" "" 2224796808837881216 1019.11945 0.9566 0.0169 -2.294 -2.714 0.019 0.017 0.979 "" "" 14.56215 1.281677 15.121852 13.840175 21.63 10.69 1002.07654 1035.48828 28189.4661 6.3011 12209.0 12.287 23072.0 15.38 "" "" 0.002765987773762634 0.002996495 0.0038480589 0.006844554 337.53003928302 66.74488253444 1019.11945 -2.293999999999998 -2.713999999999998 -0.0502499046325684 0.14569996452331546 0.08295223 0.08095223 53.442499999999995 13.619999 0.7445048563731712 53.44768557880839 0.060429354402270874 13.618677524106767 0.99
337.19156989637 66.41530110542 0.0154 0.0171 6.7874 "" "" 2218773855940662272 1021.53131 0.9507 0.0191 -2.341 -2.947 0.021 0.021 0.998 "" "" 14.597803 1.414554 15.226715 13.812161 "" "" 998.432678 1037.60327 27278.81068 6.5036 11085.0 16.918 23675.0 27.39 "" "" 0.0027674526423393025 0.003245133 0.0039826534 0.0072277864 337.19156989637 66.41530110542 1021.53131 -2.341 -2.947 -0.09724990463256855 -0.08730003547668463 0.08495223 0.08495223 "" "" 0.6327894221963178 "" 0.05375687112567965 "" 0.99
336.88576034022 66.6047399732 0.0203 0.0193 11.0118 "" "" 2218793063034364928 1009.16742 0.9639 0.0219 -2.301 -2.889 0.027 0.025 1.022 8164.6 4.4024 15.097106 1.528198 15.796963 14.268764 -52.03 9.11 988.886414 1030.04956 17222.81939 4.9718 6555.9 13.456 15547.0 12.916 "" "" 0.002773089370135626 0.0035708759 0.003885528 0.007456404 336.88576034022 66.6047399732 1009.16742 -2.301 -2.888999999999997 -0.057249904632568516 -0.02930003547668436 0.09095223 0.08895223 -20.2175 12.039999 0.30763384966792434 20.21984037611231 0.0278533957349709 12.038605427678906 0.99
337.6908495261 66.44822516744 0.02 0.022 10.4062 "" "" 2212768048550046720 1036.26562 0.9352 0.0236 -2.211 -2.843 0.027 0.028 0.918 10312.1 4.3421 15.395589 1.766428 16.243156 14.476728 "" "" 1011.6413 1062.08667 13083.11676 4.0968 4346.6 11.746 12837.0 12.646 "" "" 0.002776216523365273 0.0040488993 0.0039278152 0.0079767145 337.6908495261 66.44822516744 1036.26562 -2.211000000000001 -2.8429999999999995 0.032750095367431786 0.016699964523315458 0.09095223 0.091952235 "" "" 0.18057209544883107 "" 0.016460860618059382 "" 0.99
337.6559142966 66.53231352696 0.0266 0.0283 8.6377 "" "" 2224779079212967296 978.159973 0.9986 0.0305 -2.166 -2.766 0.037 0.035 0.979 7229.3 4.3382 16.016157 1.866208 16.933216 15.067008 "" "" 951.431641 1009.32147 7387.26988 3.0865 2302.1 9.522 7453.4 11.279 "" "" 0.002792413680154461 0.0052870368 0.0041210693 0.009408106 337.6559142966 66.53231352696 978.159973 -2.165999999999999 -2.765999999999999 0.07775009536743172 0.09369996452331542 0.10095223 0.098952234 "" "" 0.564523563726349 "" 0.056323990101647375 "" 0.97
337.32795687759 66.5603181297 0.0275 0.0303 2.5099 "" "" 2218778116548208000 975.384216 1.0042 0.0323 -2.233 -2.811 0.039 0.039 0.987 6920.5 4.3248 16.071083 1.935548 17.026945 15.091397 "" "" 942.718506 1002.1167 7022.85105 9.3605 2111.7 13.49 7287.8 24.273 "" "" 0.003112233494908609 0.007476097 0.0052307323 0.012706829 337.32795687759 66.5603181297 975.384216 -2.2329999999999988 -2.8110000000000004 0.010750095367431545 0.04869996452331549 0.10295223 0.10295223 "" "" 0.2305758829938281 "" 0.02373830064588099 "" 0.99
