Clusters/UBC_396/UBC_396_stars_in_region.tsv
# %ECSV 1.0
# ---
# datatype:
# - name: RA_ICRS_1
#   unit: deg
#   datatype: float64
#   format: '{:15.11f}'
#   description: Right ascension (ICRS) at Ep=2016.0 (ra)
#   meta: !!omap
#   - {ucd: POS_EQ_RA_MAIN}
#   - {width: 15}
#   - {precision: '11'}
# - name: DE_ICRS_1
#   unit: deg
#   datatype: float64
#   format: '{:15.11f}'
#   description: Declination (ICRS) at Ep=2016.0 (dec)
#   meta: !!omap
#   - {ucd: POS_EQ_DEC_MAIN}
#   - {width: 15}
#   - {precision: '11'}
# - name: e_RA_ICRS
#   unit: mas
#   datatype: float64
#   format: '{:7.4f}'
#   description: Standard error of right ascension (ra_error)
#   meta: !!omap
#   - {ucd: ERROR}
#   - {width: 7}
#   - {precision: '4'}
# - name: e_DE_ICRS
#   unit: mas
#   datatype: float64
#   format: '{:7.4f}'
#   description: Standard error of declination (dec_error)
#   meta: !!omap
#   - {ucd: ERROR}
#   - {width: 7}
#   - {precision: '4'}
# - name: _r_1
#   unit: ''
#   datatype: float64
#   format: '{:7.4f}'
#   description: Distance from center (337.29571585000+66.52050447000)[ICRS], at Epoch=J2016.0
#   meta: !!omap
#   - {ucd: POS_ANG_DIST_GENERAL}
#   - {width: 7}
#   - {precision: '4'}
# - name: HIP
#   datatype: int32
#   description: '? HIP cross-id number, van Leeuwen, Cat. I/311 (hip_original_ext_source_id)'
#   meta: !!omap
#   - {ucd: ID_NUMBER}
#   - {width: 6}
#   - values: {'null': -2147483648}
# - name: TYC2
#   datatype: string
#   description: Tycho-2 cross-id name, Hog et al., Cat. I/259 (tyc2_original_ext_source_id)
#   meta: !!omap
#   - {ucd: ID_CROSSID}
#   - {_votable_string_dtype: char}
# - name: Source
#   datatype: int64
#   description: Source identifier, identical to the Gaia-EDR3 source_id (id)
#   meta: !!omap
#   - {ucd: ID_MAIN}
#   - {width: 19}
# - name: rgeo
#   unit: pc
#   datatype: float64
#   format: '{:15.8f}'
#   description: '? Median of the geometric distance posterior (r_med_geo)'
#   meta: !!omap
#   - {ucd: PHYS_DISTANCE_TRUE}
#   - {width: 15}
#   - {precision: '8'}
#   - values: {'null': .nan}
# - name: Plx
#   unit: mas
#   datatype: float64
#   format: '{:9.4f}'
#   description: '? Parallax (parallax)'
#   meta: !!omap
#   - {ucd: POS_PARLX_TRIG}
#   - {width: 9}
#   - {precision: '4'}
#   - values: {'null': .nan}
# - name: e_Plx
#   unit: mas
#   datatype: float32
#   format: '{:7.4f}'
#   description: '? Standard error of parallax (parallax_error)'
#   meta: !!omap
#   - {ucd: ERROR}
#   - {width: 7}
#   - {precision: '4'}
#   - values: {'null': .nan}
# - name: pmRA
#   unit: mas / yr
#   datatype: float64
#   format: '{:9.3f}'
#   description: '? Proper motion in right ascension direction, pmRA*cosDE (pmra)'
#   meta: !!omap
#   - {ucd: POS_EQ_PMRA}
#   - {width: 9}
#   - {precision: '3'}
#   - values: {'null': .nan}
# - name: pmDE
#   unit: mas / yr
#   datatype: float64
#   format: '{:9.3f}'
#   description: '? Proper motion in declination direction (pmdec)'
#   meta: !!omap
#   - {ucd: POS_EQ_PMDEC}
#   - {width: 9}
#   - {precision: '3'}
#   - values: {'null': .nan}
# - name: e_pmRA
#   unit: mas / yr
#   datatype: float32
#   format: '{:6.3f}'
#   description: '? Standard error of proper motion in right ascension direction (pmra_error)'
#   meta: !!omap
#   - {ucd: ERROR}
#   - {width: 6}
#   - {precision: '3'}
#   - values: {'null': .nan}
# - name: e_pmDE
[...]
#         value: !astropy.table.SerializedColumn {name: SkyCoord.dec}
#       distance: !astropy.table.SerializedColumn
#         __class__: astropy.coordinates.distances.Distance
#         unit: !astropy.units.Unit {unit: pc}
#         value: !astropy.table.SerializedColumn {name: SkyCoord.distance}
#       frame: icrs
#       obstime: !astropy.time.Time {format: jyear_str, in_subfmt: '*', jd1: 367701545.0, jd2: 0.0, out_subfmt: '*', precision: 3, scale: tt}
#       pm_dec: !astropy.table.SerializedColumn
#         __class__: astropy.units.quantity.Quantity
#         unit: !astropy.units.Unit {unit: mas / yr}
#         value: !astropy.table.SerializedColumn {name: SkyCoord.pm_dec}
#       pm_ra_cosdec: !astropy.table.SerializedColumn
#         __class__: astropy.units.quantity.Quantity
#         unit: !astropy.units.Unit {unit: mas / yr}
#         value: !astropy.table.SerializedColumn {name: SkyCoord.pm_ra_cosdec}
#       ra: !astropy.table.SerializedColumn
#         __class__: astropy.coordinates.angles.Longitude
#         unit: *id001
#         value: !astropy.table.SerializedColumn {name: SkyCoord.ra}
#         wrap_angle: !astropy.coordinates.Angle
#           unit: *id001
#           value: 360.0
#       representation_type: spherical
# schema: astropy-2.0
RA_ICRS_1 DE_ICRS_1 e_RA_ICRS e_DE_ICRS _r_1 HIP TYC2 Source rgeo Plx e_Plx pmRA pmDE e_pmRA e_pmDE RUWE Teff logg Gmag BP-RP BPmag RPmag RV e_RV b_rgeo B_rgeo FG e_FG FBP e_FBP FRP e_FRP RAVE5 RAVE6 e_Gmag e_BPmag e_RPmag e_BP-RP SkyCoord.ra SkyCoord.dec SkyCoord.distance SkyCoord.pm_ra_cosdec SkyCoord.pm_dec rmRA rmDE e_rmRA e_rmDE rRV e_rRV v_pec v_pec3d e_vpec e_vpec3d
[from data line 29]
337.07305656912 66.56086738581 0.0086 0.0096 5.8438 "" "" 2218790344315637760 1023.34125 0.9651 0.0099 -2.083 -3.02 0.012 0.012 1.049 "" "" 12.321323 1.201042 12.829571 11.628529 "" "" 1013.30255 1032.78101 222032.97274 40.098 100830.0 66.274 176910.0 55.229 "" "" 0.002762288200435571 0.0028799872 0.003794551 0.0066745384 337.07305656912 66.56086738581 1023.34125 -2.083 -3.0200000000000005 0.16075009536743146 -0.1603000354766846 0.07595223 0.07595223 "" "" 1.1011769252331334 "" 0.08363684517062005 ""
336.31501782952 66.21068253628 0.0098 0.0093 30.0333 "" "" 2218743722449832192 1145.69653 0.8666 0.0105 -5.919 1.838 0.013 0.011 1.114 5133.1 2.7721 12.382099 2.025056 13.410025 11.384969 -58.42 0.35 1131.16675 1162.10474 209945.75064 32.518 59075.0 31.846 221400.0 64.785 "" "" 0.002760447351420812 0.002850898 0.0037927118 0.00664361 336.31501782952 66.21068253628 1145.69653 -5.919000000000001 1.8379999999999987 -3.675249904632568 4.6976999645233155 0.076952234 0.07495223 -26.6075 3.2799997 32.39108998843981 41.91827485583353 2.452582531045979 2.8153559721167998
337.12663947197 66.98828052038 0.0155 0.016 28.3507 "" "" 2224853498107794432 1009.13458 0.9776 0.0172 -2.013 -2.874 0.021 0.02 1.863 "" "" 12.389534 0.852237 12.724765 11.872528 "" "" 992.770813 1031.15198 208513.08972 28.967 111050.0 56.141 141300.0 34.737 "" "" 0.0027594455602372356 0.0028436473 0.0037887956 0.0066324426 337.12663947197 66.98828052038 1009.13458 -2.013 -2.873999999999999 0.23075009536743174 -0.01430003547668468 0.08495223 0.08395223 "" "" 1.1058638998435735 "" 0.09394139588554641 ""
336.07780010006 66.18173962713 0.0091 0.0086 35.6693 "" "" 2218743374555863680 1182.06262 0.8438 0.0099 -1.195 -2.061 0.012 0.01 1.066 5801.8 2.7531 12.395481 2.002645 13.407022 11.404377 -29.71 0.35 1164.34961 1200.99841 207374.01454 40.649 59239.0 57.688 217470.0 97.764 "" "" 0.002763527328242172 0.0029837813 0.0038107694 0.0067945505 336.07780010006 66.18173962713 1182.06262 -1.1949999999999998 -2.061 1.0487500953674316 0.7986999645233155 0.07595223 0.07395223 2.102499999999999 3.2799997 7.386156777116644 7.679571484539103 0.5556179974309703 1.0449703331669624
338.34673150709 66.77835346435 0.0152 0.0149 29.3947 "" "" 2224789623354173056 1227.35779 0.8095 0.0172 -0.811 1.456 0.021 0.019 1.586 "" "" 12.475129 2.071879 13.535681 11.463801 -58.8 0.66 1208.35315 1250.71301 192705.86321 31.124 52619.0 43.952 205890.0 54.702 "" "" 0.002760894732090332 0.0029338575 0.0037903744 0.006724232 338.34673150709 66.77835346435 1227.35779 -0.8109999999999995 1.4560000000000006 1.4327500953674317 4.315699964523315 0.08495223 0.08295223 -26.987499999999997 3.59 26.454782806691718 37.791277956682436 2.199792642553925 2.990621805720663
337.30373965379 66.46955095581 0.0108 0.0113 3.0632 "" "" 2218774611854904704 1015.81586 0.9721 0.0125 -2.659 -2.998 0.016 0.014 1.144 "" "" 12.535012 1.044287 12.961566 11.917279 -56.94 14.66 1003.9328 1027.70044 182365.20082 32.242 89287.0 65.321 135600.0 38.687 "" "" 0.002761998724672492 0.0029010295 0.003792055 0.0066930847 337.30373965379 66.46955095581 1015.81586 -2.6590000000000042 -2.998000000000002 -0.41524990463256817 -0.1383000354766848 0.07995223 0.07795223 -25.127499999999998 17.59 2.107390635085572 25.21571635981905 0.16807449593098484 17.52846774006686
338.12538229172 66.78073084164 0.0102 0.0099 25.16 "" "" 2224789043537068032 1074.21497 0.9147 0.011 -1.518 -1.409 0.014 0.013 1.075 "" "" 12.566532 0.750528 12.853976 12.103448 -48.67 35.03 1063.86633 1085.25378 177146.96772 64.926 98589.0 121.86 114230.0 127.54 "" "" 0.002783907245976099 0.0030961346 0.0039690384 0.0070651732 338.12538229172 66.78073084164 1074.21497 -1.518 -1.409 0.7257500953674316 1.4506999645233154 0.07795223 0.076952234 -16.8575 37.96 8.259429859200617 18.772146596728216 0.6372434832938353 34.089459407438405
337.70191976102 66.08040826608 0.0105 0.0105 28.1642 "" "" 2206740521508950784 1223.41748 0.8089 0.0115 -5.248 -4.715 0.014 0.013 1.157 "" "" 12.575689 2.272756 13.772249 11.499494 -13.42 0.5 1204.96033 1241.63745 175659.27457 39.287 42317.0 31.603 199230.0 62.372 "" "" 0.0027659999531574886 0.002905601 0.003794636 0.0067002373 337.70191976102 66.08040826608 1223.41748 -5.247999999999999 -4.714999999999999 -3.0042499046325686 -1.8553000354766844 0.07795223 0.076952234 18.3925 3.4299998 20.476014266593044 27.52364831369057 1.5905241859357488 2.5794786024910676
336.54431022095 66.48064008129 0.0088 0.0088 18.1352 "" "" 2218786053647436288 871.39447 1.1363 0.0098 5.524 1.484 0.012 0.011 1.051 7086.6 3.7072 12.604537 1.083776 13.056095 11.97232 -6.34 10.48 864.361694 878.599426 171053.44304 46.76 81842.0 88.595 128890.0 94.798 "" "" 0.002771259801522073 0.0030276116 0.0038628248 0.0068904366 336.54431022095 66.48064008129 871.39447 5.524 1.484 7.767750095367432 4.343699964523315 0.07595223 0.07495223 25.4725 13.41 36.759642555553 44.72269644220955 2.7832643466754754 7.973118894166253
338.42784829405 66.69422873379 0.01 0.0094 28.9131 "" "" 2212778631349469184 881.667236 1.1279 0.0112 6.588 2.99 0.013 0.012 1.18 "" "" 12.605101 1.599854 13.357815 11.75796 35.54 0.53 873.250549 889.096375 170964.64317 26.589 61986.0 34.434 157030.0 47.457 "" "" 0.0027604894881023694 0.002854615 0.003793599 0.006648214 338.42784829405 66.69422873379 881.667236 6.5879999999999965 2.990000000000001 8.831750095367433 5.849699964523316 0.076952234 0.07595223 67.35249999999999 3.4599998 44.270645340375545 80.599313242132 3.3932867456525857 3.4400090496998708
337.28438782972 66.51310677254 0.009 0.0098 0.52 "" "" 2218777699931918848 995.23114 0.9914 0.0105 -2.232 -2.883 0.013 0.013 1.027 "" "" 12.61757 1.049927 13.048042 11.998116 -49.96 33.34 984.280212 1002.55103 169012.46885 37.277 82452.0 82.63 125870.0 43.018 "" "" 0.00276570679450862 0.0029948233 0.0037975542 0.0067923777 337.28438782972 66.51310677254 995.23114 -2.232 -2.883 0.011750095367431435 -0.023300035476684577 0.076952234 0.076952234 -18.1475 36.27 0.12310110438219422 18.147917515018083 0.009472904979066948 36.26916602214033
337.06532658274 65.94927863547 0.0111 0.0121 34.7232 "" "" 2206735681086243584 1134.07422 0.874 0.013 0.306 -6.161 0.015 0.013 1.2 4599.7 2.4246 12.646313 2.209765 13.80359 11.593824 -71.37 0.39 1117.07959 1149.30945 164596.9362 31.68 41113.0 33.561 182650.0 62.782 "" "" 0.00276323336469151 0.002927554 0.003797763 0.006725317 337.06532658274 65.94927863547 1134.07422 0.3060000000000005 -6.161 2.5497500953674317 -3.301300035476684 0.07895223 0.076952234 -39.557500000000005 3.3199997 22.42291348127465 45.470681270888484 1.7423844211220851 3.0133489966457185
337.0713519542 66.90445404883 0.0209 0.0267 23.6437 "" "" 2224850032072532992 1017.70618 0.9707 0.024 0.113 -2.214 0.031 0.041 1.442 "" "" 12.673887 "" "" "" "" "" 997.780945 1045.65955 160469.19108 217.11 "" "" "" "" "" "" 0.0031224441981975997 "" "" "" 337.0713519542 66.90445404883 1017.70618 0.1130000000000001 -2.2140000000000026 2.3567500953674316 0.6456999645233155 0.094952226 0.10495223 "" "" 11.787766990385977 "" 1.1279054479368562 ""
336.82213046742 66.02645841464 0.0263 0.0262 31.7711 "" "" 2206748050591990784 1078.33325 0.9218 0.0284 -2.454 -1.836 0.036 0.032 3.266 "" "" 12.673954 1.024955 13.091949 12.066994 "" "" 1046.94568 1116.42285 160459.34949 27.202 79184.0 41.777 118130.0 28.058 "" "" 0.0027614611342793548 0.0028483644 0.0037881697 0.006636534 336.82213046742 66.02645841464 1078.33325 -2.454 -1.8360000000000003 -0.21024990463256854 1.0236999645233154 0.09995223 0.09595223 "" "" 5.341654469900223 "" 0.5134257185397396 ""
337.50902296569 66.51451101546 0.0104 0.0114 5.1124 "" "" 2224779349792414464 1261.96472 0.7828 0.0121 -5.603 -3.12 0.015 0.015 1.173 "" "" 12.715462 2.102991 13.794033 11.691042 -40.43 0.55 1242.64478 1286.28857 154440.81416 31.722 41477.0 44.379 167010.0 51.422 "" "" 0.002764330390733282 0.00302235 0.0037941376 0.0068164878 337.50902296569 66.51451101546 1261.96472 -5.603 -3.12 -3.359249904632568 -0.2603000354766847 0.07895223 0.07895223 -8.6175 3.4799998 20.15430338589731 21.9193350998791 1.5912272067542326 2.0031168768596266
336.68019748343 66.26047950827 0.0102 0.01 21.4982 "" "" 2218765364786412928 1037.81921 0.9557 0.0112 -0.205 0.89 0.013 0.013 1.145 "" "" 12.733315 1.488599 13.411704 11.923105 -23.7 3.06 1024.04077 1051.59216 151922.05413 27.065 58984.0 37.27 134870.0 40.303 "" "" 0.002762101093258138 0.002873273 0.0037932827 0.006666556 336.68019748343 66.26047950827 1037.81921 -0.20500000000000002 0.89 2.0387500953674316 3.7496999645233156 0.076952234 0.076952234 8.1125 5.99 20.99594938688099 22.508721574235803 1.6156852083935573 2.6328983100870085
337.65257181021 66.78995417606 0.0107 0.0102 18.258 "" "" 2224798423745584128 980.227783 1.0081 0.0121 -0.504 -5.721 0.014 0.013 1.125 5445.0 3.0399 12.767904 1.955339 13.74691 11.791572 -11.52 0.54 965.430542 995.393188 147158.4146 27.588 43316.0 34.263 152240.0 37.427 "" "" 0.0027628282206129907 0.0029193521 0.0037887958 0.006708148 337.65257181021 66.78995417606 980.227783 -0.5040000000000016 -5.721 1.7397500953674316 -2.8613000354766847 0.07795223 0.076952234 20.2925 3.4699998 15.558980567206373 25.570831674795123 1.2015176962109035 2.849117158317462
338.03662434145 67.04037565917 0.01 0.0099 35.7784 "" "" 2224811480446595456 1233.34509 0.8029 0.011 4.946 0.926 0.014 0.012 1.128 "" "" 12.802016 2.026997 13.830434 11.803437 -36.84 0.43 1216.25928 1251.24536 142606.85171 26.194 40109.0 25.444 150590.0 51.5 "" "" 0.0027625279835568582 0.0028739239 0.003797578 0.006671502 338.03662434145 67.04037565917 1233.34509 4.946 0.9260000000000002 7.189750095367431 3.7856999645233156 0.07795223 0.07595223 -5.027500000000003 3.36 47.502226677994514 47.767533907640384 3.6824905728831046 3.6790730464633414
336.16460073174 66.9255636265 0.0322 0.0331 36.1921 "" "" 2218857899860520064 890.175537 1.1099 0.0349 -8.066 -3.87 0.042 0.04 2.976 "" "" 12.829062 0.897104 13.190754 12.29365 "" "" 868.486877 917.033508 139098.32279 23.322 72296.0 42.925 95873.0 31.251 "" "" 0.0027613272490167855 0.0028636714 0.0037959162 0.006659588 336.16460073174 66.9255636265 890.175537 -8.065999999999999 -3.869999999999998 -5.822249904632569 -1.0103000354766847 0.10595223 0.10395223 "" "" 24.933701860164543 "" 2.640337105151947 ""
337.10979256937 66.30742277363 0.0118 0.0127 13.5417 "" "" 2218771034143242112 982.597961 1.0061 0.0138 -2.306 -3.017 0.015 0.015 1.164 "" "" 12.856088 0.850067 13.190371 12.340303 "" "" 968.357727 995.108337 135678.69933 26.799 72322.0 47.839 91841.0 33.312 "" "" 0.0027636532528486587 0.0028811174 0.003799844 0.0066809617 337.10979256937 66.30742277363 982.597961 -2.306 -3.0169999999999995 -0.06224990463256841 -0.15730003547668447 0.07895223 0.07895223 "" "" 0.7879098126158961 "" 0.06220723714918038 ""
338.71375555826 66.43882717279 0.0123 0.0123 34.3053 "" "" 2212757431391012096 1226.67737 0.8026 0.0137 -5.08 -2.999 0.016 0.016 1.141 "" "" 12.872874 2.165938 13.9958 11.829862 -35.78 0.6 1206.32336 1243.13647 133597.05759 27.014 34443.0 31.55 146960.0 40.213 "" "" 0.002764052785636198 0.0029621208 0.003791041 0.0067531615 338.71375555826 66.43882717279 1226.67737 -5.079999999999999 -2.9989999999999988 -2.8362499046325684 -0.13930003547668468 0.07995223 0.07995223 -3.967500000000001 3.5299997 16.51111344487573 16.981104894545467 1.3201003816333083 1.5256993120145879
336.84816328505 66.97045593826 0.0105 0.011 29.0041 "" "" 2218861198395472256 890.246277 1.1101 0.0116 -2.472 -3.793 0.014 0.015 1.093 6404.3 3.7272 12.889481 1.248922 13.432862 12.18394 -10.36 1.37 880.562622 901.486755 131569.30707 18.544 57846.0 33.139 106070.0 30.829 "" "" 0.0027595664905118314 0.002858659 0.0037925334 0.0066511924 336.84816328505 66.97045593826 890.246277 -2.4720000000000013 -3.7930000000000024 -0.22824990463256833 -0.9333000354766847 0.07795223 0.07895223 21.4525 4.2999997 4.054375168390841 21.832263150119463 0.3198745210335766 4.2256205567952065
337.14668299119 66.84610482881 0.0122 0.0122 19.854 "" "" 2224848653384687872 1044.07324 0.9459 0.0138 1.309 0.009 0.016 0.016 1.164 "" "" 12.892728 1.141863 13.373624 12.231761 "" "" 1027.15417 1059.70996 131176.40475 23.874 61090.0 31.174 101500.0 33.483 "" "" 0.0027623968569055845 0.002844647 0.003796315 0.0066409623 337.14668299119 66.84610482881 1044.07324 1.3090000000000002 0.00899999999999996 3.552750095367432 2.8686999645233153 0.07995223 0.07995223 "" "" 22.59839906693908 "" 1.806792457223808 ""
337.59119137806 66.51950713576 0.0111 0.0117 7.0638 "" "" 2224778666896103808 986.557129 1.0032 0.0127 -2.227 -2.938 0.016 0.015 1.022 "" "" 12.898919 1.255547 13.438226 12.182679 "" "" 974.275879 1000.45801 130430.46377 25.761 57561.0 65.101 106190.0 41.899 "" "" 0.002763652361915887 0.0030484307 0.0038035838 0.0068520145 337.59119137806 66.51950713576 986.557129 -2.2270000000000003 -2.938 0.016750095367431772 -0.07830003547668474 0.07995223 0.07895223 "" "" 0.3744372886396634 "" 0.029579143715225912 ""
336.69606242093 66.50628088496 0.0471 0.0479 14.3643 "" "" 2218783575447740544 917.051636 1.0719 0.053 11.29 4.883 0.061 0.057 4.325 6643.8 3.9907 12.9217 1.050356 13.313654 12.263298 -13.15 3.42 875.779358 967.897461 127722.37249 55.693 64559.0 45.327 98591.0 54.317 "" "" 0.0027956980516324575 0.002892429 0.0038264254 0.0067188544 336.69606242093 66.50628088496 917.051636 11.289999999999996 4.882999999999996 13.53375009536743 7.742699964523315 0.12495223 0.12095223 18.6625 6.35 67.77587702009828 70.29835284054305 8.402707491975864 8.274734382138945
336.53801094842 66.54328843472 0.012 0.0114 18.1563 "" "" 2218787526817650816 956.080505 1.0384 0.0136 0.221 0.825 0.016 0.014 1.025 "" "" 12.926006 1.213177 13.443219 12.230042 "" "" 942.440369 969.316772 127216.69564 22.882 57297.0 48.2 101660.0 43.327 "" "" 0.002762232170598637 0.0029358584 0.0038076043 0.0067434628 336.53801094842 66.54328843472 956.080505 0.2210000000000001 0.8249999999999997 2.4647500953674317 3.6846999645233156 0.07995223 0.07795223 "" "" 20.08982982586243 "" 1.578576914938379 ""
338.73952150313 66.30363691871 0.0108 0.0111 37.0255 "" "" 2212708090806758400 875.453674 1.1186 0.0121 -1.461 -4.272 0.014 0.013 1.219 "" "" 13.032483 1.029119 13.459668 12.43055 "" "" 868.002991 883.761108 115332.9661 25.416 56435.0 49.477 84516.0 43.074 "" "" 0.0027656892169918984 0.002948069 0.0038196759 0.006767745 338.73952150313 66.30363691871 875.453674 -1.4609999999999999 -4.272 0.7827500953674316 -1.4123000354766848 0.07795223 0.076952234 "" "" 6.7004829436909 "" 0.5171994993082237 ""
337.03106100052 66.51999197983 0.6115 0.5128 6.3268 "" "" 2218777051396308736 1186.89807 1.6083 0.6278 5.916 4.39 0.804 0.681 58.522 "" "" 13.035963 1.149238 13.146098 11.996861 -18.38 2.5 711.358948 1884.03235 114963.8965 282.03 75332.0 96.023 126010.0 67.284 "" "" 0.0038322577434747227 0.0031145406 0.0038235874 0.006938128 337.03106100052 66.51999197983 1186.89807 5.915999999999998 4.389999999999999 8.159750095367432 7.249699964523315 0.8679522 0.7449522 13.432500000000001 5.43 61.407294552745576 62.859270442295596 50.10711233453023 48.963447415986174
338.50663906027 66.42433572438 0.0305 0.0321 29.5712 "" "" 2212756091361197056 858.197205 1.1481 0.0353 -2.019 3.291 0.038 0.04 3.429 "" "" 13.048762 1.304297 13.624501 12.320204 -17.77 2.31 835.830444 884.392883 113616.60143 17.166 48486.0 37.176 93557.0 27.132 "" "" 0.0027601990427736987 0.002911711 0.0037924754 0.0067041866 338.50663906027 66.42433572438 858.197205 -2.019000000000002 3.2909999999999995 0.2247500953674315 6.150699964523316 0.101952225 0.10395223 14.0425 5.24 25.03685212755308 28.706023247864884 2.6025704577894606 3.4239026125845102
