Clusters/UBC_396/UBC_396_stars_in_region.tsv
# %ECSV 1.0
# ---
# datatype:
# - name: RA_ICRS_1
#   unit: deg
#   datatype: float64
#   format: '{:15.11f}'
#   description: Right ascension (ICRS) at Ep=2016.0 (ra)
#   meta: !!omap
#   - {ucd: POS_EQ_RA_MAIN}
#   - {width: 15}
#   - {precision: '11'}
# - name: DE_ICRS_1
#   unit: deg
#   datatype: float64
#   format: '{:15.11f}'
#   description: Declination (ICRS) at Ep=2016.0 (dec)
#   meta: !!omap
#   - {ucd: POS_EQ_DEC_MAIN}
#   - {width: 15}
#   - {precision: '11'}
# - name: e_RA_ICRS
#   unit: mas
#   datatype: float64
#   format: '{:7.4f}'
#   description: Standard error of right ascension (ra_error)
#   meta: !!omap
#   - {ucd: ERROR}
#   - {width: 7}
#   - {precision: '4'}
# - name: e_DE_ICRS
#   unit: mas
#   datatype: float64
#   format: '{:7.4f}'
#   description: Standard error of declination (dec_error)
#   meta: !!omap
#   - {ucd: ERROR}
#   - {width: 7}
#   - {precision: '4'}
# - name: _r_1
#   unit: ''
#   datatype: float64
#   format: '{:7.4f}'
#   description: Distance from center (337.29571585000+66.52050447000)[ICRS], at Epoch=J2016.0
#   meta: !!omap
#   - {ucd: POS_ANG_DIST_GENERAL}
#   - {width: 7}
#   - {precision: '4'}
# - name: HIP
#   datatype: int32
#   description: '? HIP cross-id number, van Leeuwen, Cat. I/311 (hip_original_ext_source_id)'
#   meta: !!omap
#   - {ucd: ID_NUMBER}
#   - {width: 6}
#   - values: {'null': -2147483648}
# - name: TYC2
#   datatype: string
#   description: Tycho-2 cross-id name, Hog et al., Cat. I/259 (tyc2_original_ext_source_id)
#   meta: !!omap
#   - {ucd: ID_CROSSID}
#   - {_votable_string_dtype: char}
# - name: Source
#   datatype: int64
#   description: Source identifier, identical to the Gaia-EDR3 source_id (id)
#   meta: !!omap
#   - {ucd: ID_MAIN}
#   - {width: 19}
# - name: rgeo
#   unit: pc
#   datatype: float64
#   format: '{:15.8f}'
#   description: '? Median of the geometric distance posterior (r_med_geo)'
#   meta: !!omap
#   - {ucd: PHYS_DISTANCE_TRUE}
#   - {width: 15}
#   - {precision: '8'}
#   - values: {'null': .nan}
# - name: Plx
#   unit: mas
#   datatype: float64
#   format: '{:9.4f}'
#   description: '? Parallax (parallax)'
#   meta: !!omap
#   - {ucd: POS_PARLX_TRIG}
#   - {width: 9}
#   - {precision: '4'}
#   - values: {'null': .nan}
# - name: e_Plx
#   unit: mas
#   datatype: float32
#   format: '{:7.4f}'
#   description: '? Standard error of parallax (parallax_error)'
#   meta: !!omap
#   - {ucd: ERROR}
#   - {width: 7}
#   - {precision: '4'}
#   - values: {'null': .nan}
# - name: pmRA
#   unit: mas / yr
#   datatype: float64
#   format: '{:9.3f}'
#   description: '? Proper motion in right ascension direction, pmRA*cosDE (pmra)'
#   meta: !!omap
#   - {ucd: POS_EQ_PMRA}
#   - {width: 9}
#   - {precision: '3'}
#   - values: {'null': .nan}
# - name: pmDE
#   unit: mas / yr
#   datatype: float64
#   format: '{:9.3f}'
#   description: '? Proper motion in declination direction (pmdec)'
#   meta: !!omap
#   - {ucd: POS_EQ_PMDEC}
#   - {width: 9}
#   - {precision: '3'}
#   - values: {'null': .nan}
# - name: e_pmRA
#   unit: mas / yr
#   datatype: float32
#   format: '{:6.3f}'
#   description: '? Standard error of proper motion in right ascension direction (pmra_error)'
#   meta: !!omap
#   - {ucd: ERROR}
#   - {width: 6}
#   - {precision: '3'}
#   - values: {'null': .nan}
# - name: e_pmDE
[...]
#         value: !astropy.table.SerializedColumn {name: SkyCoord.dec}
#       distance: !astropy.table.SerializedColumn
#         __class__: astropy.coordinates.distances.Distance
#         unit: !astropy.units.Unit {unit: pc}
#         value: !astropy.table.SerializedColumn {name: SkyCoord.distance}
#       frame: icrs
#       obstime: !astropy.time.Time {format: jyear_str, in_subfmt: '*', jd1: 367701545.0, jd2: 0.0, out_subfmt: '*', precision: 3, scale: tt}
#       pm_dec: !astropy.table.SerializedColumn
#         __class__: astropy.units.quantity.Quantity
#         unit: !astropy.units.Unit {unit: mas / yr}
#         value: !astropy.table.SerializedColumn {name: SkyCoord.pm_dec}
#       pm_ra_cosdec: !astropy.table.SerializedColumn
#         __class__: astropy.units.quantity.Quantity
#         unit: !astropy.units.Unit {unit: mas / yr}
#         value: !astropy.table.SerializedColumn {name: SkyCoord.pm_ra_cosdec}
#       ra: !astropy.table.SerializedColumn
#         __class__: astropy.coordinates.angles.Longitude
#         unit: *id001
#         value: !astropy.table.SerializedColumn {name: SkyCoord.ra}
#         wrap_angle: !astropy.coordinates.Angle
#           unit: *id001
#           value: 360.0
#       representation_type: spherical
# schema: astropy-2.0
RA_ICRS_1 DE_ICRS_1 e_RA_ICRS e_DE_ICRS _r_1 HIP TYC2 Source rgeo Plx e_Plx pmRA pmDE e_pmRA e_pmDE RUWE Teff logg Gmag BP-RP BPmag RPmag RV e_RV b_rgeo B_rgeo FG e_FG FBP e_FBP FRP e_FRP RAVE5 RAVE6 e_Gmag e_BPmag e_RPmag e_BP-RP SkyCoord.ra SkyCoord.dec SkyCoord.distance SkyCoord.pm_ra_cosdec SkyCoord.pm_dec rmRA rmDE e_rmRA e_rmDE rRV e_rRV v_pec v_pec3d e_vpec e_vpec3d
[from data line 894]
338.21745202429 66.82777933446 0.048 0.0435 28.6253 "" "" 2224793609084070400 1092.8302 0.8898 0.0519 2.914 -1.145 0.062 0.058 1.042 4767.8 4.3602 16.850622 1.698665 17.6639 15.965236 "" "" 1036.78064 1165.20508 3425.29624 2.3337 1174.5 7.2237 3258.8 9.2568 "" "" 0.002852890592926649 0.0072372346 0.0048780483 0.012115283 338.21745202429 66.82777933446 1092.8302 2.913999999999999 -1.1450000000000005 5.157750095367431 1.7146999645233154 0.12595223 0.12195223 "" "" 28.15498204349633 "" 3.5351351252159104 ""
337.24478561046 66.57056532114 0.0414 0.0474 3.2406 "" "" 2218778803742968960 1262.9729 0.7681 0.0491 -3.473 -1.44 0.057 0.062 1.045 "" "" 16.850666 1.984525 17.825544 15.84102 "" "" 1190.49414 1346.49072 3425.15327 2.27 1012.0 18.051 3653.8 11.192 "" "" 0.0028477295287079756 0.019566191 0.005034304 0.024600495 337.24478561046 66.57056532114 1262.9729 -3.4730000000000003 -1.4400000000000013 -1.2292499046325682 1.4196999645233155 0.12095223 0.12595223 "" "" 11.24218374905274 "" 1.3921711677017303 ""
336.1408475346 66.78539652378 0.0446 0.0422 31.7275 "" "" 2218852952057847680 1171.6748 0.8341 0.0497 -1.599 -4.824 0.056 0.051 1.037 5059.2 4.3663 16.851093 1.720283 17.669102 15.948819 "" "" 1104.62524 1235.64502 3423.80927 2.2969 1168.9 9.3968 3308.5 11.721 "" "" 0.002849969107390762 0.0091633685 0.005392472 0.01455584 336.1408475346 66.78539652378 1171.6748 -1.5989999999999978 -4.823999999999994 0.6447500953674317 -1.9643000354766844 0.11995223 0.11495223 "" "" 11.481845495342505 "" 1.32555646154978 ""
337.85691992605 66.85978637957 0.047 0.0435 24.3296 "" "" 2224804883376398208 1188.2522 0.8137 0.0486 -2.96 -1.547 0.057 0.052 1.034 4644.4 4.3765 16.851196 1.676445 17.650793 15.974348 "" "" 1113.55298 1250.88074 3423.48112 2.1702 1188.8 8.0082 3231.6 7.0742 "" "" 0.0028399822462118847 0.00782806 0.0044646035 0.012292663 337.85691992605 66.85978637957 1188.2522 -2.960000000000003 -1.5470000000000015 -0.7162499046325683 1.3126999645233155 0.12095223 0.11595223 "" "" 8.42251545717534 "" 0.9864295967940289 ""
337.48850292039 66.92714161553 0.0458 0.0477 24.8227 "" "" 2224803990023144320 1191.6676 0.8191 0.0519 -10.489 -7.043 0.064 0.058 1.065 5424.4 4.6224 16.858818 1.747099 17.702444 15.955345 "" "" 1110.92432 1266.61499 3399.53345 2.1966 1133.5 8.6034 3288.7 11.828 "" "" 0.0028432298075083046 0.008700399 0.005434342 0.01413474 337.48850292039 66.92714161553 1191.6676 -10.489000000000004 -7.042999999999995 -8.24524990463257 -4.183300035476685 0.12795223 0.12195223 "" "" 52.224736790171775 "" 6.619331710794663 ""
338.06299730298 66.95104675513 0.0465 0.0458 31.5899 "" "" 2224806425266700288 1174.1947 0.8324 0.0479 -1.132 -1.457 0.06 0.054 0.995 4870.9 4.4216 16.859182 1.646052 17.644453 15.998401 "" "" 1102.22058 1250.83984 3398.39402 2.156 1195.7 13.225 3160.8 8.8516 "" "" 0.0028401141365583535 0.012328628 0.0048506227 0.01717925 338.06299730298 66.95104675513 1174.1947 -1.1319999999999988 -1.4569999999999985 1.1117500953674317 1.4026999645233154 0.123952225 0.11795223 "" "" 9.961725748889668 "" 1.1984214348241644 ""
336.74748058494 66.49089562788 0.0426 0.0414 13.2332 "" "" 2218783304868391040 986.054382 1.002 0.0474 8.567 0.99 0.057 0.051 1.029 5115.4 4.5877 16.861654 1.886113 17.79872 15.912606 "" "" 930.439392 1043.6272 3390.66392 2.0553 1037.4 8.1048 3420.7 8.5326 "" "" 0.002832830855558419 0.008929541 0.0046495604 0.013579102 336.74748058494 66.49089562788 986.054382 8.567 0.9899999999999994 10.810750095367432 3.8496999645233156 0.12095223 0.11495223 "" "" 53.63641501336293 "" 6.452029522266061 ""
338.43892954254 66.73145490236 0.0439 0.0404 30.0118 "" "" 2212779490343190400 1109.09363 0.878 0.0482 -2.067 -1.199 0.055 0.052 1.03 4902.6 4.3142 16.86188 1.880779 17.79137 15.910591 "" "" 1056.8479 1170.16492 3389.96581 3.4216 1044.4 7.7666 3427.1 11.152 "" "" 0.002965251414155665 0.008542506 0.005173606 0.013716112 338.43892954254 66.73145490236 1109.09363 -2.067000000000001 -1.1990000000000016 0.17675009536743147 1.6606999645233154 0.11895223 0.11595223 "" "" 8.77978040222092 "" 1.0183339167490069 ""
336.50893087035 66.66905339446 0.0506 0.0455 20.7624 "" "" 2218836047066681728 914.4599 1.067 0.0543 7.844 5.663 0.071 0.06 1.006 4668.5 4.484 16.862078 1.823224 17.76129 15.938066 "" "" 865.376709 970.441956 3389.34686 2.5641 1073.7 7.3778 3341.4 9.4382 "" "" 0.002875143778345842 0.007965186 0.004867132 0.0128323175 336.50893087035 66.66905339446 914.4599 7.844000000000001 5.662999999999999 10.087750095367433 8.522699964523316 0.13495223 0.123952225 "" "" 57.242045969424346 "" 7.46914316239606 ""
336.58226626248 66.86818088289 0.0419 0.0435 26.8696 "" "" 2218847248341696384 1167.44958 0.8417 0.046 -4.671 -5.391 0.056 0.063 0.983 4692.5 4.3243 16.862906 1.75592 17.713072 15.957151 "" "" 1116.62524 1225.70459 3386.75893 2.0211 1122.5 9.1921 3283.2 8.2722 "" "" 0.002830477383006718 0.009318567 0.0046655196 0.013984086 336.58226626248 66.86818088289 1167.44958 -4.670999999999999 -5.390999999999995 -2.4272499046325686 -2.5313000354766846 0.11995223 0.12695223 "" "" 19.406703183197575 "" 2.3996099868039047 ""
336.97040316507 65.9745017936 0.0418 0.0476 33.6902 "" "" 2206736643158896512 1051.47168 0.9178 0.0488 -2.299 -2.936 0.055 0.054 1.032 4846.8 4.3848 16.864296 2.04415 17.896612 15.852462 "" "" 1008.93561 1115.58728 3382.42672 5.2917 947.92 14.167 3615.5 22.387 "" "" 0.0032368242578034944 0.016464846 0.007712335 0.02417718 336.97040316507 65.9745017936 1051.47168 -2.2990000000000004 -2.936 -0.05524990463256829 -0.07630003547668451 0.11895223 0.11795223 "" "" 0.4695065842699085 "" 0.05554129587620234 ""
336.4504976956 66.33621610915 0.0478 0.0424 23.0982 "" "" 2218779937614046080 1209.6864 0.7932 0.0498 -3.845 0.252 0.06 0.052 1.018 5794.3 4.5018 16.86609 1.878451 17.790167 15.911715 "" "" 1146.98523 1296.98425 3376.83709 2.2174 1045.6 6.8161 3423.5 10.85 "" "" 0.0028460648611613416 0.007607856 0.00511118 0.012719035 336.4504976956 66.33621610915 1209.6864 -3.8450000000000006 0.25199999999999967 -1.6012499046325686 3.111699964523315 0.123952225 0.11595223 "" "" 20.065975979576002 "" 2.3612066730127874 ""
338.66684066641 66.69227290032 0.0446 0.0393 34.2504 "" "" 2212775642052527232 1036.11975 0.9404 0.047 -1.957 -1.508 0.059 0.051 0.995 8344.6 4.4462 16.877926 2.181457 17.993238 15.811782 "" "" 986.840393 1085.61121 3340.22746 2.3513 867.2 14.936 3753.6 11.384 "" "" 0.002859357199869588 0.018906912 0.0050126393 0.02391955 338.66684066641 66.69227290032 1036.11975 -1.9569999999999983 -1.5079999999999998 0.28675009536743157 1.3516999645233154 0.12295223 0.11495223 "" "" 6.786212799580507 "" 0.7825059130354027 ""
336.04412257067 66.22229625287 0.0414 0.0403 35.0145 "" "" 2218755473481389440 1073.45251 0.9016 0.045 -11.117 7.028 0.055 0.049 0.981 5258.7 4.585 16.879175 1.795191 17.752834 15.957643 "" "" 1028.77783 1138.22107 3336.3898 2.0028 1082.1 7.2134 3281.7 9.0679 "" "" 0.002831355755015364 0.007756834 0.004825368 0.0125822015 336.04412257067 66.22229625287 1073.45251 -11.116999999999997 7.028000000000003 -8.87324990463257 9.887699964523314 0.11895223 0.11295223 "" "" 67.59817596011546 "" 7.818891815170935 ""
336.24130531647 66.90238588982 0.0426 0.0427 33.92 "" "" 2218856899130422656 1196.2948 0.817 0.0459 3.31 -5.917 0.056 0.053 0.994 5422.7 4.6344 16.881153 1.627995 17.650026 16.022032 "" "" 1142.25452 1265.82678 3330.31828 2.167 1189.6 10.601 3092.8 12.249 "" "" 0.0028444503723322797 0.010069705 0.0057248687 0.015794573 336.24130531647 66.90238588982 1196.2948 3.3100000000000005 -5.917000000000003 5.553750095367432 -3.0573000354766844 0.11995223 0.116952226 "" "" 35.948615665411666 "" 4.287277522777316 ""
335.97941370536 66.13887853478 0.042 0.04 39.1097 "" "" 2218741832663752960 1156.55933 0.8514 0.0452 2.141 2.43 0.054 0.048 1.019 5472.5 4.5677 16.881525 1.867949 17.806988 15.939039 "" "" 1098.51196 1213.85852 3329.17463 2.2017 1029.5 7.9222 3338.4 8.9905 "" "" 0.002847343367045259 0.008808531 0.0047784103 0.013586941 335.97941370536 66.13887853478 1156.55933 2.1409999999999996 2.4299999999999984 4.384750095367432 5.289699964523315 0.11795223 0.11195223 "" "" 37.66597995915472 "" 4.310262498006804 ""
336.51152490818 66.01732644942 0.0413 0.0404 35.6369 "" "" 2206727499171563008 1103.68262 0.8867 0.0444 -3.698 -0.775 0.056 0.048 1.002 4667.8 4.3318 16.883009 1.851505 17.794474 15.942968 "" "" 1057.74731 1166.15588 3324.62898 2.0444 1041.4 9.4915 3326.4 8.9765 "" "" 0.0028350559160836668 0.010281425 0.004782071 0.015063496 336.51152490818 66.01732644942 1103.68262 -3.6980000000000013 -0.7750000000000006 -1.4542499046325683 2.0846999645233155 0.11995223 0.11195223 "" "" 13.297385399904217 "" 1.5243109664532615 ""
337.69982489975 66.47234512163 0.042 0.0452 10.0922 "" "" 2212768907543499264 1189.68652 0.8235 0.0493 -1.585 -2.581 0.058 0.055 0.902 "" "" 16.884811 2.11222 17.967443 15.855224 "" "" 1118.15967 1261.20178 3319.11628 2.0949 888.05 6.5423 3606.4 8.1055 "" "" 0.0028392590003280278 0.008471343 0.004498715 0.012970058 337.69982489975 66.47234512163 1189.68652 -1.5850000000000004 -2.581 0.6587500953674317 0.27869996452331547 0.12195223 0.11895223 "" "" 4.033545063743408 "" 0.4900819581950575 ""
336.61281813933 66.5208585421 0.0455 0.0436 16.3247 "" "" 2218786534683766656 993.613342 0.9749 0.0522 1.37 -2.218 0.062 0.054 1.042 5563.0 4.5948 16.8899 1.92332 17.846018 15.922698 "" "" 946.469238 1051.58447 3303.59492 2.3913 993.14 6.5777 3389.1 9.2081 "" "" 0.002865212104565773 0.0077133127 0.004794345 0.0125076575 336.61281813933 66.5208585421 993.613342 1.3699999999999999 -2.218 3.6137500953674317 0.6416999645233155 0.12595223 0.11795223 "" "" 17.286026243156876 "" 2.1731167498430723 ""
337.58741496641 66.96899212379 0.0491 0.0477 27.7823 "" "" 2224804436699741952 908.383179 1.0736 0.053 -3.002 1.386 0.063 0.051 0.975 4661.6 4.4177 16.891489 1.935542 17.86246 15.926917 "" "" 868.48822 948.832947 3298.76603 2.2561 978.21 10.558 3375.9 12.368 "" "" 0.0028536263977786565 0.012046138 0.005486892 0.01753303 337.58741496641 66.96899212379 908.383179 -3.002 1.3860000000000001 -0.7582499046325681 4.2456999645233156 0.12695223 0.11495223 "" "" 18.570112462499083 "" 2.1419109687057474 ""
337.19334926332 65.88268112345 0.0444 0.0435 38.3496 "" "" 2206731729716374016 1099.70886 0.8938 0.0498 1.037 -0.455 0.055 0.052 0.994 5568.7 4.6375 16.892027 1.795901 17.765066 15.969165 "" "" 1044.1394 1146.70129 3297.13151 2.4292 1070.0 10.506 3247.1 10.402 "" "" 0.002869089644681052 0.011019596 0.0051362533 0.01615585 337.19334926332 65.88268112345 1099.70886 1.037 -0.4549999999999996 3.2807500953674316 2.4046999645233154 0.11895223 0.11595223 "" "" 21.20319483648123 "" 2.5001205474153325 ""
336.43847335916 66.51978832726 0.0408 0.0419 20.4928 "" "" 2218787011422094592 928.381531 1.0533 0.0476 8.095 -8.259 0.055 0.051 1.012 5626.9 4.5483 16.892551 2.027482 17.91974 15.892259 "" "" 888.665161 969.227661 3295.53569 2.2266 927.94 6.2456 3485.4 10.846 "" "" 0.0028512999903709617 0.007822213 0.005069408 0.01289162 336.43847335916 66.51978832726 928.381531 8.095 -8.259 10.338750095367432 -5.399300035476685 0.11895223 0.11495223 "" "" 51.32649973658781 "" 6.061992000907355 ""
337.02177313532 66.03840575517 0.0441 0.049 29.6719 "" "" 2206749047024428416 1189.67236 0.8269 0.0508 -1.609 -1.528 0.057 0.055 1.015 5237.0 4.6021 16.894743 1.744409 17.740011 15.995603 "" "" 1102.12439 1251.9259 3288.89031 2.7251 1095.0 8.9411 3169.0 9.9017 "" "" 0.002898464960054893 0.009294158 0.0050786175 0.014372775 337.02177313532 66.03840575517 1189.67236 -1.6090000000000004 -1.528 0.6347500953674317 1.3316999645233154 0.12095223 0.11895223 "" "" 8.318946570532363 "" 0.9926584818318811 ""
338.79603424919 66.3305456806 0.0435 0.0402 37.7623 "" "" 2212708296965186816 1040.47644 0.928 0.0455 -2.027 -2.133 0.054 0.049 1.029 8529.8 4.4663 16.902676 2.089236 17.952202 15.862966 "" "" 998.851501 1083.49976 3264.95023 2.0823 900.61 12.535 3580.7 9.8669 "" "" 0.0028410001972146368 0.015367075 0.004820247 0.020187322 338.79603424919 66.3305456806 1040.47644 -2.027 -2.133 0.2167500953674315 0.7266999645233154 0.11795223 0.11295223 "" "" 3.740005563617932 "" 0.4240006115899627 ""
338.48437438023 66.553556979 0.0396 0.0395 28.465 "" "" 2212773752266671104 992.792664 0.97 0.0448 1.364 -0.594 0.05 0.049 0.991 5687.0 4.5335 16.90484 1.961837 17.884748 15.922912 "" "" 950.254761 1036.69177 3258.44789 2.0596 958.34 7.6897 3388.4 6.7569 "" "" 0.0028394997696001216 0.009147823 0.004355613 0.013503436 338.48437438023 66.553556979 992.792664 1.3640000000000008 -0.5939999999999994 3.6077500953674315 2.2656999645233156 0.113952234 0.11295223 "" "" 20.047781819787623 "" 2.2788370276252143 ""
337.41472623085 67.13647054022 0.0426 0.0412 37.0646 "" "" 2224857110178608384 971.210083 1.0114 0.045 10.726 2.009 0.057 0.055 0.943 4591.6 4.4451 16.905306 1.77883 17.77821 15.999379 "" "" 935.259216 1010.21503 3257.04848 1.8872 1057.1 7.2352 3158.0 6.6662 "" "" 0.0028262259518886034 0.0079377415 0.004420001 0.0123577425 337.41472623085 67.13647054022 971.210083 10.726 2.0089999999999995 12.969750095367433 4.868699964523316 0.12095223 0.11895223 "" "" 63.77494930140071 "" 7.698083002278995 ""
336.54423471273 66.60907966071 0.0469 0.0438 18.7032 "" "" 2218834844475866496 960.177002 1.0273 0.0525 -1.061 -4.85 0.061 0.055 1.058 5250.6 4.6411 16.908033 1.749603 17.749542 15.999939 "" "" 897.992798 1013.9198 3248.88007 2.1025 1085.4 12.296 3156.3 12.857 "" "" 0.0028434975157945255 0.012612308 0.005817546 0.018429855 336.54423471273 66.60907966071 960.177002 -1.0609999999999984 -4.849999999999999 1.1827500953674317 -1.9903000354766842 0.12495223 0.11895223 "" "" 10.53706878709771 "" 1.270211037173039 ""
338.06432463606 66.3943998642 0.04 0.04 19.9136 "" "" 2212753376941822464 1034.33179 0.9338 0.0448 -2.037 -1.445 0.053 0.054 1.012 7670.7 4.2208 16.909174 2.142263 18.001827 15.859564 "" "" 994.334106 1080.08594 3245.4686 2.8474 860.37 10.664 3592.0 13.576 "" "" 0.0029153340432420374 0.013743544 0.0055787866 0.01932233 338.06432463606 66.3943998642 1034.33179 -2.036999999999998 -1.4449999999999998 0.20675009536743172 1.4146999645233154 0.116952226 0.11795223 "" "" 7.009573231367709 "" 0.826648804757064 ""
337.57855121597 66.81468829997 0.0528 0.0552 18.8874 "" "" 2224799415879857152 1117.27734 0.8561 0.0597 -14.614 -8.619 0.065 0.063 1.076 "" "" 16.909645 1.8888 17.778187 15.889387 "" "" 1050.35217 1201.95569 3244.06021 2.4097 1057.2 7.4134 3494.6 43.166 "" "" 0.0028709255814245685 0.008108668 0.013933586 0.022042254 337.57855121597 66.81468829997 1117.27734 -14.613999999999999 -8.619 -12.37024990463257 -5.759300035476684 0.12895223 0.12695223 "" "" 72.26376143877823 "" 9.292990989976426 ""
338.62098953907 66.50709413525 0.0438 0.044 31.6992 "" "" 2212760970444030720 1100.86292 0.8952 0.0495 -12.017 -6.456 0.055 0.054 1.078 5024.1 4.3144 16.910433 1.918005 17.855139 15.937134 "" "" 1038.12878 1160.15564 3241.70825 2.1818 984.83 7.6889 3344.3 7.8396 "" "" 0.002850574729397599 0.008924103 0.0045564794 0.013480583 338.62098953907 66.50709413525 1100.86292 -12.016999999999992 -6.455999999999995 -9.773249904632568 -3.596300035476685 0.11895223 0.11795223 "" "" 54.34078882069166 "" 6.45750148364672 ""
336.91336466049 65.97943543141 0.0432 0.0462 33.7532 "" "" 2206736677518623488 1193.73035 0.8083 0.0482 -1.339 -1.56 0.057 0.052 0.917 4936.7 4.4706 16.911528 1.713837 17.712759 15.998922 "" "" 1128.08972 1267.87708 3238.4407 2.0736 1122.8 11.187 3159.3 13.006 "" "" 0.0028416721198339726 0.011171751 0.005853361 0.017025111 336.91336466049 65.97943543141 1193.73035 -1.339 -1.56 0.9047500953674317 1.2996999645233154 0.12095223 0.11595223 "" "" 8.96046189219929 "" 1.0538189655930195 ""
