Clusters/FSR_0165/FSR_0165_stars_in_region.tsv
# %ECSV 1.0
# ---
# datatype:
# - name: RA_ICRS_1
#   unit: deg
#   datatype: float64
#   format: '{:15.11f}'
#   description: Right ascension (ICRS) at Ep=2016.0 (ra)
#   meta: !!omap
#   - {ucd: POS_EQ_RA_MAIN}
#   - {width: 15}
#   - {precision: '11'}
# - name: DE_ICRS_1
#   unit: deg
#   datatype: float64
#   format: '{:15.11f}'
#   description: Declination (ICRS) at Ep=2016.0 (dec)
#   meta: !!omap
#   - {ucd: POS_EQ_DEC_MAIN}
#   - {width: 15}
#   - {precision: '11'}
# - name: e_RA_ICRS
#   unit: mas
#   datatype: float64
#   format: '{:7.4f}'
#   description: Standard error of right ascension (ra_error)
#   meta: !!omap
#   - {ucd: ERROR}
#   - {width: 7}
#   - {precision: '4'}
# - name: e_DE_ICRS
#   unit: mas
#   datatype: float64
#   format: '{:7.4f}'
#   description: Standard error of declination (dec_error)
#   meta: !!omap
#   - {ucd: ERROR}
#   - {width: 7}
#   - {precision: '4'}
# - name: _r_1
#   unit: ''
#   datatype: float64
#   format: '{:7.4f}'
#   description: Distance from center (299.53070663000+26.78110606000)[ICRS], at Epoch=J2016.0
#   meta: !!omap
#   - {ucd: POS_ANG_DIST_GENERAL}
#   - {width: 7}
#   - {precision: '4'}
# - name: HIP
#   datatype: int32
#   description: '? HIP cross-id number, van Leeuwen, Cat. I/311 (hip_original_ext_source_id)'
#   meta: !!omap
#   - {ucd: ID_NUMBER}
#   - {width: 6}
#   - values: {'null': -2147483648}
# - name: TYC2
#   datatype: string
#   description: Tycho-2 cross-id name, Hog et al., Cat. I/259 (tyc2_original_ext_source_id)
#   meta: !!omap
#   - {ucd: ID_CROSSID}
#   - {_votable_string_dtype: char}
# - name: Source
#   datatype: int64
#   description: Source identifier, identical to the Gaia-EDR3 source_id (id)
#   meta: !!omap
#   - {ucd: ID_MAIN}
#   - {width: 19}
# - name: rgeo
#   unit: pc
#   datatype: float64
#   format: '{:15.8f}'
#   description: '? Median of the geometric distance posterior (r_med_geo)'
#   meta: !!omap
#   - {ucd: PHYS_DISTANCE_TRUE}
#   - {width: 15}
#   - {precision: '8'}
#   - values: {'null': .nan}
# - name: Plx
#   unit: mas
#   datatype: float64
#   format: '{:9.4f}'
#   description: '? Parallax (parallax)'
#   meta: !!omap
#   - {ucd: POS_PARLX_TRIG}
#   - {width: 9}
#   - {precision: '4'}
#   - values: {'null': .nan}
# - name: e_Plx
#   unit: mas
#   datatype: float32
#   format: '{:7.4f}'
#   description: '? Standard error of parallax (parallax_error)'
#   meta: !!omap
#   - {ucd: ERROR}
#   - {width: 7}
#   - {precision: '4'}
#   - values: {'null': .nan}
# - name: pmRA
#   unit: mas / yr
#   datatype: float64
#   format: '{:9.3f}'
#   description: '? Proper motion in right ascension direction, pmRA*cosDE (pmra)'
#   meta: !!omap
#   - {ucd: POS_EQ_PMRA}
#   - {width: 9}
#   - {precision: '3'}
#   - values: {'null': .nan}
# - name: pmDE
#   unit: mas / yr
#   datatype: float64
#   format: '{:9.3f}'
#   description: '? Proper motion in declination direction (pmdec)'
#   meta: !!omap
#   - {ucd: POS_EQ_PMDEC}
#   - {width: 9}
#   - {precision: '3'}
#   - values: {'null': .nan}
# - name: e_pmRA
#   unit: mas / yr
#   datatype: float32
#   format: '{:6.3f}'
#   description: '? Standard error of proper motion in right ascension direction (pmra_error)'
#   meta: !!omap
#   - {ucd: ERROR}
#   - {width: 6}
#   - {precision: '3'}
#   - values: {'null': .nan}
# - name: e_pmDE
[...]
#         value: !astropy.table.SerializedColumn {name: SkyCoord.dec}
#       distance: !astropy.table.SerializedColumn
#         __class__: astropy.coordinates.distances.Distance
#         unit: !astropy.units.Unit {unit: pc}
#         value: !astropy.table.SerializedColumn {name: SkyCoord.distance}
#       frame: icrs
#       obstime: !astropy.time.Time {format: jyear_str, in_subfmt: '*', jd1: 367701545.0, jd2: 0.0, out_subfmt: '*', precision: 3, scale: tt}
#       pm_dec: !astropy.table.SerializedColumn
#         __class__: astropy.units.quantity.Quantity
#         unit: !astropy.units.Unit {unit: mas / yr}
#         value: !astropy.table.SerializedColumn {name: SkyCoord.pm_dec}
#       pm_ra_cosdec: !astropy.table.SerializedColumn
#         __class__: astropy.units.quantity.Quantity
#         unit: !astropy.units.Unit {unit: mas / yr}
#         value: !astropy.table.SerializedColumn {name: SkyCoord.pm_ra_cosdec}
#       ra: !astropy.table.SerializedColumn
#         __class__: astropy.coordinates.angles.Longitude
#         unit: *id001
#         value: !astropy.table.SerializedColumn {name: SkyCoord.ra}
#         wrap_angle: !astropy.coordinates.Angle
#           unit: *id001
#           value: 360.0
#       representation_type: spherical
# schema: astropy-2.0
RA_ICRS_1 DE_ICRS_1 e_RA_ICRS e_DE_ICRS _r_1 HIP TYC2 Source rgeo Plx e_Plx pmRA pmDE e_pmRA e_pmDE RUWE Teff logg Gmag BP-RP BPmag RPmag RV e_RV b_rgeo B_rgeo FG e_FG FBP e_FBP FRP e_FRP RAVE5 RAVE6 e_Gmag e_BPmag e_RPmag e_BP-RP SkyCoord.ra SkyCoord.dec SkyCoord.distance SkyCoord.pm_ra_cosdec SkyCoord.pm_dec rmRA rmDE e_rmRA e_rmDE rRV e_rRV v_pec v_pec3d e_vpec e_vpec3d
[from data line 268]
299.61590585798 26.71535698607 0.0206 0.0292 6.0333 "" "" 2027290607447092608 2508.34229 0.3502 0.0372 -2.29 -3.299 0.03 0.038 0.979 "" "" 15.912608 3.571212 18.1222 14.550988 9.16 4.61 2309.90015 2760.8147 8126.49821 3.7428 770.08 6.8098 11988.0 11.435 "" "" 0.0028003292728537295 0.009998347 0.0039187116 0.013917059 299.61590585798 26.71535698607 2508.34229 -2.29 -3.2989999999999995 0.5092222309112548 2.3131110916137696 0.11153088 0.11953087 3.713333333333332 14.616667 28.160376164889414 28.404148115944547 3.3559542027652416 3.836842117184753
299.56301561363 26.80107688115 0.0176 0.0254 2.1048 "" "" 2027292119275674496 2666.56836 0.3485 0.0314 -2.751 -5.646 0.024 0.032 0.982 7979.2 3.2137 15.916144 1.703102 16.723286 15.020184 "" "" 2482.21069 2939.23047 8100.07634 2.8548 2793.2 7.2483 7781.9 8.8442 "" "" 0.0027817650152177735 0.003965243 0.003975721 0.007940965 299.56301561363 26.80107688115 2666.56836 -2.7510000000000003 -5.646 0.04822223091125499 -0.033888908386230376 0.10553087 0.113530874 "" "" 0.744965350159088 "" 0.08063589330654662 ""
299.60012210999 27.0190631365 0.0201 0.0286 14.7526 "" "" 2027315415178801024 2040.90369 0.4543 0.0369 -0.282 -3.716 0.028 0.039 1.073 7730.0 3.8732 15.927089 2.093399 16.99794 14.904541 "" "" 1894.99622 2194.25244 8018.83218 2.7433 2168.9 7.434 8656.5 8.1801 "" "" 0.0027802438159168306 0.004651229 0.0039161677 0.008567397 299.60012210999 27.0190631365 2040.90369 -0.2819999999999997 -3.7159999999999993 2.517222230911255 1.8961110916137693 0.10953088 0.12053087 "" "" 30.486772296173495 "" 3.4643913747407 ""
299.54337599349 26.7594161573 0.0286 0.0464 1.4677 "" "" 2027290435639052800 1961.11523 0.4724 0.0535 -2.696 -4.237 0.04 0.054 1.082 "" "" 15.937024 "" "" "" "" "" 1764.49402 2214.21509 7945.791 9.6009 "" "" "" "" "" "" 0.0030516975525382486 "" "" "" 299.54337599349 26.7594161573 1961.11523 -2.6960000000000015 -4.237 0.10322223091125471 1.3751110916137694 0.121530876 0.13553087 "" "" 12.81856366686547 "" 1.7363572748505078 ""
299.51465481476 26.79575912215 0.0189 0.0269 1.2297 "" "" 2027295005493735808 2023.2312 0.4685 0.0338 -2.836 -5.009 0.026 0.034 1.05 9004.0 3.4603 15.942467 1.670208 16.71196 15.041752 "" "" 1892.93298 2157.28784 7906.05748 2.9634 2822.5 6.7289 7628.8 12.116 "" "" 0.002785212385861825 0.0038059107 0.004154171 0.007960081 299.51465481476 26.79575912215 2023.2312 -2.8359999999999994 -5.009 -0.03677776908874497 0.6031110916137692 0.10753088 0.11553088 "" "" 5.794649215676316 "" 0.6692950951520779 ""
299.68464414836 27.03716709732 0.0221 0.0291 17.4321 "" "" 2027305068581912832 2434.12231 0.3721 0.0398 -4.696 -2.595 0.031 0.037 1.226 6332.0 3.4986 15.942541 2.817517 17.523119 14.705602 "" "" 2172.90234 2695.44482 7905.51713 4.0421 1337.1 4.4014 10397.0 9.1252 "" "" 0.002810688133006507 0.0045341295 0.003897665 0.008431794 299.68464414836 27.03716709732 2434.12231 -4.696 -2.5949999999999998 -1.8967777690887448 3.0171110916137693 0.11253087 0.11853088 "" "" 41.118285633033906 "" 4.8051863528033 ""
299.54815239002 26.48586943697 0.0582 0.0869 17.7389 "" "" 2027215978092351744 2035.34656 0.5592 0.1089 -2.301 -4.305 0.08 0.108 3.273 8070.8 2.5154 15.94287 2.136038 16.99945 14.863413 "" "" 1655.14978 2635.66187 7903.12432 7.1166 2165.9 6.7037 8990.7 11.659 "" "" 0.0029236370080188007 0.0043678177 0.0040331245 0.008400942 299.54815239002 26.48586943697 2035.34656 -2.301 -4.305 0.4982222309112547 1.3071110916137698 0.16153088 0.18953088 "" "" 13.495408112347295 "" 2.513010381466326 ""
299.5515391195 26.78432412938 0.0183 0.0261 1.1324 "" "" 2027292016196459648 2755.06616 0.3241 0.0326 -4.337 -9.988 0.025 0.033 0.977 7234.4 3.5985 15.948437 2.571389 17.361456 14.790067 "" "" 2497.64185 3075.02197 7862.70384 2.8872 1551.8 6.1178 9619.0 11.221 "" "" 0.0027840148470134156 0.005109484 0.0039859633 0.009095447 299.5515391195 26.78432412938 2755.06616 -4.337 -9.987999999999992 -1.5377777690887449 -4.37588890838623 0.106530875 0.11453088 "" "" 60.57068988094466 "" 6.885618368547309 ""
299.52674521494 26.7322476818 0.0199 0.0297 2.9392 "" "" 2027290298212607232 2327.59888 0.4014 0.0362 -2.711 -5.537 0.027 0.036 1.046 "" "" 15.951282 1.854079 16.851856 14.997777 "" "" 2128.79883 2581.32031 7842.13439 2.5744 2481.3 7.0417 7944.1 9.9411 "" "" 0.002778277693027181 0.0041567967 0.0040161815 0.008172978 299.52674521494 26.7322476818 2327.59888 -2.711 -5.537 0.08822223091125503 0.07511109161376961 0.10853088 0.117530875 "" "" 1.2783241976736426 "" 0.14368475655793275 ""
299.51386514267 26.78640251524 0.0189 0.0279 0.9564 "" "" 2027293523710420736 2852.84937 0.308 0.0353 -2.314 -5.9 0.026 0.036 0.974 9241.0 3.8755 15.95434 2.453439 17.255054 14.801616 "" "" 2637.87817 3197.29736 7820.07504 3.2795 1711.6 11.779 9517.3 14.851 "" "" 0.0027926886347226947 0.00797585 0.004141746 0.012117596 299.51386514267 26.78640251524 2852.84937 -2.313999999999999 -5.900000000000001 0.4852222309112548 -0.2878889083862308 0.10753088 0.117530875 "" "" 7.629385872546116 "" 0.8409256664559613 ""
299.51098342456 26.7033196105 0.0194 0.0291 4.7853 "" "" 2027289675419624960 2081.16016 0.4496 0.036 -2.822 -5.605 0.027 0.034 1.072 9180.8 3.4888 15.9554 2.086338 17.014177 14.927839 "" "" 1945.41199 2233.29126 7812.43877 2.7879 2136.7 5.3524 8472.7 7.1697 "" "" 0.002782428141182545 0.0038964213 0.003889454 0.0077858754 299.51098342456 26.7033196105 2081.16016 -2.822 -5.605 -0.02277776908874518 0.007111091613769105 0.10853088 0.11553088 "" "" 0.23539131584440437 "" 0.025697836468375052 ""
299.41687609927 26.7940056837 0.0188 0.0258 6.1458 "" "" 2027294283939305216 2463.18579 0.3709 0.0349 -2.817 -5.401 0.025 0.032 1.02 9002.9 3.4911 15.955701 1.637289 16.717918 15.080629 "" "" 2253.0647 2732.14209 7810.27759 2.448 2807.0 7.0838 7360.5 8.2372 "" "" 0.0027762559992453263 0.003910571 0.003969898 0.007880469 299.41687609927 26.7940056837 2463.18579 -2.817000000000001 -5.401000000000001 -0.017777769088745288 0.21111109161376973 0.106530875 0.113530874 "" "" 2.473551795291746 "" 0.2807063095200559 ""
299.77467187031 26.61064445944 0.0184 0.024 16.6021 "" "" 2027239033478101376 2847.71118 0.3088 0.0331 -1.424 -3.875 0.025 0.031 1.024 6354.8 2.6026 15.958703 2.925016 17.649092 14.724075 "" "" 2608.27808 3146.65869 7788.71253 2.9376 1190.6 6.4652 10222.0 7.7733 "" "" 0.0027855838909362986 0.006522663 0.0038685163 0.0103911795 299.77467187031 26.61064445944 2847.71118 -1.424 -3.875 1.375222230911255 1.7371110916137695 0.106530875 0.11253087 "" "" 29.906222388690058 "" 3.297397058426722 ""
299.22936343493 26.76021177869 0.0189 0.026 16.1913 "" "" 2027282876505284736 2288.21436 0.4214 0.0351 -1.863 -4.968 0.026 0.033 1.06 8993.9 3.5027 15.960943 1.697524 16.745268 15.047744 "" "" 2105.73413 2466.56738 7772.65772 2.7085 2737.2 6.8292 7586.8 21.013 "" "" 0.002781174469702286 0.003888831 0.0048297644 0.008718595 299.22936343493 26.76021177869 2288.21436 -1.863 -4.968 0.9362222309112549 0.6441110916137696 0.10753088 0.11453088 "" "" 12.325483189102293 "" 1.3536879337071515 ""
299.2563747226 26.76738959773 0.0182 0.0243 14.7182 "" "" 2027283013944221696 2252.14478 0.4114 0.0329 -2.85 -5.057 0.024 0.031 0.951 "" "" 15.968395 1.722224 16.766676 15.044452 "" "" 2076.24048 2438.17212 7719.49312 2.6856 2683.8 14.515 7609.9 22.228 "" "" 0.00278109084940317 0.00650125 0.0049336865 0.011434937 299.2563747226 26.76738959773 2252.14478 -2.85 -5.057 -0.050777769088745206 0.5551110916137691 0.10553087 0.11253087 "" "" 5.950643572972319 "" 0.6692961329982331 ""
299.83078044745 26.74801673034 0.0434 0.0555 16.1976 "" "" 2027249307040112896 2135.30249 0.4726 0.0747 -6.899 -6.599 0.061 0.072 2.637 7616.2 4.1811 15.970652 1.815989 16.821411 15.005423 "" "" 1852.71741 2480.86743 7703.46566 7.9671 2551.8 6.0264 7888.4 9.2909 "" "" 0.0029753450747187454 0.0037894165 0.0039898604 0.007779277 299.83078044745 26.74801673034 2135.30249 -6.898999999999999 -6.599 -4.099777769088745 -0.9868889083862307 0.14253087 0.15353087 "" "" 42.68051073720149 "" 6.109938678955038 ""
299.69655662487 26.65988589663 0.0185 0.0253 11.4849 "" "" 2027242465138171904 2828.59985 0.31 0.0332 0.762 -3.03 0.026 0.032 0.994 "" "" 15.973602 3.072656 17.779491 14.706836 "" "" 2597.22437 3088.31665 7682.55638 3.3899 1055.9 6.2957 10385.0 9.5784 "" "" 0.00279665948794522 0.0070492895 0.003909801 0.010959091 299.69655662487 26.65988589663 2828.59985 0.7620000000000002 -3.0300000000000002 3.561222230911255 2.5821110916137697 0.10753088 0.113530874 "" "" 58.97743327724293 "" 6.466013473955545 ""
299.50088018406 26.49969364303 0.0186 0.0272 16.9603 "" "" 2027216905805324544 2005.35828 0.4602 0.0356 -3.217 -6.218 0.026 0.034 1.024 8791.6 3.6151 15.975117 2.246517 17.145996 14.899479 "" "" 1872.26245 2157.74463 7671.85033 3.0851 1892.4 5.4806 8696.9 11.585 "" "" 0.0027896984555433203 0.0042038523 0.0040466636 0.008250516 299.50088018406 26.49969364303 2005.35828 -3.2169999999999996 -6.218 -0.4177777690887452 -0.6058889083862304 0.10753088 0.11553088 "" "" 6.995609116365239 "" 0.7906074379318805 ""
299.52952786423 26.725733967 0.0187 0.0277 3.3229 "" "" 2027290092051096704 2415.40063 0.3943 0.0351 -2.842 -5.61 0.027 0.038 0.985 9021.3 3.6161 15.977096 1.89928 16.906927 15.007647 "" "" 2236.73071 2640.22046 7657.88032 4.3543 2358.6 7.0229 7872.3 18.142 "" "" 0.0028236350770668704 0.004270411 0.004532585 0.008802996 299.52952786423 26.725733967 2415.40063 -2.842 -5.61 -0.0427777690887452 0.0021110916137692115 0.10853088 0.11953087 "" "" 0.49035866664055766 "" 0.05323282416977409 ""
299.5435490733 26.87581229892 0.0189 0.0265 5.7238 "" "" 2027296620401460992 2778.18604 0.3338 0.0336 -1.874 -4.805 0.025 0.034 1.017 "" "" 15.977662 1.703043 16.785982 15.082939 "" "" 2549.97754 3033.93604 7653.88295 2.6281 2636.5 6.5256 7344.8 8.1392 "" "" 0.0027804270636779494 0.0038738425 0.003966275 0.007840117 299.5435490733 26.87581229892 2778.18604 -1.8739999999999999 -4.804999999999999 0.9252222309112548 0.8071110916137698 0.106530875 0.11553088 "" "" 16.16825729780862 "" 1.7867551116122058 ""
299.32729382218 26.90164619877 0.0191 0.0256 13.0727 "" "" 2027307924755577088 2413.06152 0.3649 0.0335 -0.908 -4.052 0.027 0.032 0.988 4847.8 2.8462 15.980557 2.6457 17.454195 14.808495 "" "" 2260.91919 2657.4917 7633.4999 2.8398 1424.7 5.077 9457.2 8.4021 "" "" 0.002784768481120345 0.004770205 0.0039005373 0.008670742 299.32729382218 26.90164619877 2413.06152 -0.9080000000000005 -4.052 1.891222230911255 1.56011109161377 0.10853088 0.113530874 "" "" 28.041943586273725 "" 3.1009568400447485 ""
299.55696162119 27.07678368141 0.0213 0.0296 17.7962 "" "" 2027316617769685376 1951.93506 0.4863 0.0368 -4.582 -4.993 0.029 0.039 1.079 7518.4 3.9338 15.98514 1.992983 16.981634 14.988651 "" "" 1844.56311 2062.11865 7601.35076 2.6019 2201.7 6.4986 8011.2 9.1456 "" "" 0.002780270987218613 0.0042491276 0.0039774403 0.008226568 299.55696162119 27.07678368141 1951.93506 -4.581999999999998 -4.993 -1.782777769088745 0.6191110916137692 0.110530876 0.12053087 "" "" 17.46087406831681 "" 1.9495081817067914 ""
299.25059564763 26.70467782138 0.0196 0.0264 15.6938 "" "" 2027280333884604416 2846.91235 0.31 0.0341 -1.889 -3.124 0.028 0.037 0.985 "" "" 15.986101 2.842148 17.608217 14.766069 "" "" 2583.96069 3157.55786 7594.62134 3.0931 1236.3 7.5637 9834.0 8.389 "" "" 0.0027905777751318812 0.007204755 0.0038912173 0.011095973 299.25059564763 26.70467782138 2846.91235 -1.8890000000000002 -3.124 0.9102222309112549 2.4881110916137694 0.10953088 0.11853088 "" "" 35.751666235536554 "" 4.20098013988249 ""
299.54349364203 26.73245776328 0.0186 0.027 2.9982 "" "" 2027290195130302720 2125.59131 0.4431 0.0344 -2.854 -5.582 0.026 0.034 1.002 9165.5 3.5241 15.986636 1.68258 16.778143 15.095563 "" "" 1972.85754 2311.69897 7590.8843 2.9675 2655.6 7.3995 7259.9 10.149 "" "" 0.0027878206493308325 0.0041154954 0.004072772 0.008188267 299.54349364203 26.73245776328 2125.59131 -2.854 -5.582000000000001 -0.05477776908874521 0.03011109161376968 0.10753088 0.11553088 "" "" 0.6297895876514031 "" 0.06892378305973994 ""
299.39356793368 26.61197484066 0.0197 0.0257 12.5307 "" "" 2027265559196983936 2825.46729 0.3263 0.0368 -1.659 -4.03 0.029 0.035 1.014 "" "" 15.988852 2.795894 17.57835 14.782456 "" "" 2528.46436 3170.52515 7575.40951 3.3905 1270.8 5.0137 9686.7 8.9806 "" "" 0.00279784315668489 0.0051121404 0.003911132 0.009023272 299.39356793368 26.61197484066 2825.46729 -1.6589999999999991 -4.03 1.1402222309112549 1.5821110916137693 0.110530876 0.11653088 "" "" 26.11813689577491 "" 2.990922790771746 ""
299.57141012868 26.58905659508 0.0197 0.029 11.7278 "" "" 2027241129422281088 2284.49048 0.4183 0.0365 -4.122 -8.22 0.027 0.037 1.045 "" "" 15.999482 1.656077 16.777185 15.121108 "" "" 2102.12354 2495.95679 7501.60106 2.4624 2657.9 6.2006 7091.1 7.4527 "" "" 0.0027782737889038185 0.0037683777 0.0039478904 0.0077162683 299.57141012868 26.58905659508 2284.49048 -4.121999999999999 -8.219999999999994 -1.322777769088745 -2.607888908386231 0.10853088 0.11853088 "" "" 31.664433185687237 "" 3.6906301089183233 ""
299.72305501493 26.81483093151 0.0302 0.0446 10.4983 "" "" 2027297341955790720 2493.91333 0.3745 0.0505 -3.619 -3.029 0.044 0.06 1.165 4620.8 2.7407 15.999919 2.839816 17.390987 14.551171 -20.52 6.25 2238.3623 2839.25903 7498.58527 7.6184 1510.2 13.123 11986.0 17.061 "" "" 0.0029679259599584033 0.009838522 0.004083153 0.013921675 299.72305501493 26.81483093151 2493.91333 -3.6190000000000015 -3.028999999999998 -0.8197777690887453 2.5831110916137696 0.12553087 0.14153087 -25.96666666666667 16.256668 32.0361834204288 41.23814770240214 4.489640055076977 10.814313218831305
299.5975139789 26.74217239822 0.0207 0.0296 4.274 "" "" 2027290916684764416 2631.49121 0.3584 0.0386 -2.065 -4.243 0.03 0.038 1.094 9117.2 3.4602 16.000753 1.841687 16.892515 15.050828 "" "" 2352.22485 2907.32935 7492.81514 2.6517 2390.1 9.4965 7565.3 7.9269 "" "" 0.0027819832026769733 0.005137599 0.003946889 0.009084488 299.5975139789 26.74217239822 2631.49121 -2.065 -4.243 0.7342222309112549 1.3691110916137692 0.11153088 0.11953087 "" "" 19.377965905506194 "" 2.282552954831539 ""
299.49844892995 26.61193606507 0.0204 0.0297 10.2964 "" "" 2027264906361918080 2488.2334 0.3586 0.0375 -0.812 -4.369 0.029 0.038 1.034 4815.6 2.5307 16.00424 3.026321 17.774818 14.748497 "" "" 2290.08667 2760.10352 7468.79909 3.2731 1060.4 5.1455 9994.5 8.0776 "" "" 0.00279610152543253 0.0059616715 0.0038799134 0.009841585 299.49844892995 26.61193606507 2488.2334 -0.812 -4.369 1.9872222309112548 1.2431110916137698 0.110530876 0.11953087 "" "" 27.64577059250867 "" 3.1276922408670167 ""
299.4326477302 26.77568605598 0.0185 0.0254 5.2626 "" "" 2027294009061379072 2181.29419 0.4363 0.0338 -1.991 -4.332 0.025 0.032 0.988 "" "" 16.005707 1.689597 16.805494 15.115897 "" "" 2041.54407 2325.72925 7458.72004 2.3675 2589.5 6.5995 7125.2 7.2225 "" "" 0.0027767890713142535 0.0039295927 0.0039363643 0.007865957 299.4326477302 26.77568605598 2181.29419 -1.991 -4.332 0.8082222309112548 1.2801110916137697 0.106530875 0.113530874 "" "" 15.652767515336635 "" 1.7465442182014546 ""
299.60049521897 26.69476554299 0.0191 0.0278 6.3892 "" "" 2027289061258867200 2059.99878 0.4604 0.0345 -2.806 -4.678 0.028 0.034 1.042 "" "" 16.007198 1.969289 16.990156 15.020867 "" "" 1903.79761 2193.25415 7448.48055 2.6932 2184.5 6.124 7777.0 10.188 "" "" 0.0027831468472537257 0.0041290913 0.0040381625 0.008167254 299.60049521897 26.69476554299 2059.99878 -2.806 -4.6780000000000035 -0.006777769088745167 0.9341110916137696 0.10953088 0.11553088 "" "" 9.121269036997369 "" 1.0537854168041252 ""
