Clusters/FSR_0165/FSR_0165_members.tsv
# %ECSV 1.0
# ---
# datatype:
# - name: RA_ICRS_1
#   unit: deg
#   datatype: float64
#   format: '{:15.11f}'
#   description: Right ascension (ICRS) at Ep=2016.0 (ra)
#   meta: !!omap
#   - {ucd: POS_EQ_RA_MAIN}
#   - {width: 15}
#   - {precision: '11'}
# - name: DE_ICRS_1
#   unit: deg
#   datatype: float64
#   format: '{:15.11f}'
#   description: Declination (ICRS) at Ep=2016.0 (dec)
#   meta: !!omap
#   - {ucd: POS_EQ_DEC_MAIN}
#   - {width: 15}
#   - {precision: '11'}
# - name: e_RA_ICRS
#   unit: mas
#   datatype: float64
#   format: '{:7.4f}'
#   description: Standard error of right ascension (ra_error)
#   meta: !!omap
#   - {ucd: ERROR}
#   - {width: 7}
#   - {precision: '4'}
# - name: e_DE_ICRS
#   unit: mas
#   datatype: float64
#   format: '{:7.4f}'
#   description: Standard error of declination (dec_error)
#   meta: !!omap
#   - {ucd: ERROR}
#   - {width: 7}
#   - {precision: '4'}
# - name: _r_1
#   unit: ''
#   datatype: float64
#   format: '{:7.4f}'
#   description: Distance from center (299.53070663000+26.78110606000)[ICRS], at Epoch=J2016.0
#   meta: !!omap
#   - {ucd: POS_ANG_DIST_GENERAL}
#   - {width: 7}
#   - {precision: '4'}
# - name: HIP
#   datatype: int32
#   description: '? HIP cross-id number, van Leeuwen, Cat. I/311 (hip_original_ext_source_id)'
#   meta: !!omap
#   - {ucd: ID_NUMBER}
#   - {width: 6}
#   - values: {'null': -2147483648}
# - name: TYC2
#   datatype: string
#   description: Tycho-2 cross-id name, Hog et al., Cat. I/259 (tyc2_original_ext_source_id)
#   meta: !!omap
#   - {ucd: ID_CROSSID}
#   - {_votable_string_dtype: char}
# - name: Source
#   datatype: int64
#   description: Source identifier, identical to the Gaia-EDR3 source_id (id)
#   meta: !!omap
#   - {ucd: ID_MAIN}
#   - {width: 19}
# - name: rgeo
#   unit: pc
#   datatype: float64
#   format: '{:15.8f}'
#   description: '? Median of the geometric distance posterior (r_med_geo)'
#   meta: !!omap
#   - {ucd: PHYS_DISTANCE_TRUE}
#   - {width: 15}
#   - {precision: '8'}
#   - values: {'null': .nan}
# - name: Plx
#   unit: mas
#   datatype: float64
#   format: '{:9.4f}'
#   description: '? Parallax (parallax)'
#   meta: !!omap
#   - {ucd: POS_PARLX_TRIG}
#   - {width: 9}
#   - {precision: '4'}
#   - values: {'null': .nan}
# - name: e_Plx
#   unit: mas
#   datatype: float32
#   format: '{:7.4f}'
#   description: '? Standard error of parallax (parallax_error)'
#   meta: !!omap
#   - {ucd: ERROR}
#   - {width: 7}
#   - {precision: '4'}
#   - values: {'null': .nan}
# - name: pmRA
#   unit: mas / yr
#   datatype: float64
#   format: '{:9.3f}'
#   description: '? Proper motion in right ascension direction, pmRA*cosDE (pmra)'
#   meta: !!omap
#   - {ucd: POS_EQ_PMRA}
#   - {width: 9}
#   - {precision: '3'}
#   - values: {'null': .nan}
# - name: pmDE
#   unit: mas / yr
#   datatype: float64
#   format: '{:9.3f}'
#   description: '? Proper motion in declination direction (pmdec)'
#   meta: !!omap
#   - {ucd: POS_EQ_PMDEC}
#   - {width: 9}
#   - {precision: '3'}
#   - values: {'null': .nan}
# - name: e_pmRA
#   unit: mas / yr
#   datatype: float32
#   format: '{:6.3f}'
#   description: '? Standard error of proper motion in right ascension direction (pmra_error)'
#   meta: !!omap
#   - {ucd: ERROR}
#   - {width: 6}
#   - {precision: '3'}
#   - values: {'null': .nan}
# - name: e_pmDE
[...]
#       distance: !astropy.table.SerializedColumn
#         __class__: astropy.coordinates.distances.Distance
#         unit: !astropy.units.Unit {unit: pc}
#         value: !astropy.table.SerializedColumn {name: SkyCoord.distance}
#       frame: icrs
#       obstime: !astropy.time.Time {format: jyear_str, in_subfmt: '*', jd1: 367701545.0, jd2: 0.0, out_subfmt: '*', precision: 3, scale: tt}
#       pm_dec: !astropy.table.SerializedColumn
#         __class__: astropy.units.quantity.Quantity
#         unit: !astropy.units.Unit {unit: mas / yr}
#         value: !astropy.table.SerializedColumn {name: SkyCoord.pm_dec}
#       pm_ra_cosdec: !astropy.table.SerializedColumn
#         __class__: astropy.units.quantity.Quantity
#         unit: !astropy.units.Unit {unit: mas / yr}
#         value: !astropy.table.SerializedColumn {name: SkyCoord.pm_ra_cosdec}
#       ra: !astropy.table.SerializedColumn
#         __class__: astropy.coordinates.angles.Longitude
#         unit: *id001
#         value: !astropy.table.SerializedColumn {name: SkyCoord.ra}
#         wrap_angle: !astropy.coordinates.Angle
#           unit: *id001
#           value: 360.0
#       representation_type: spherical
# schema: astropy-2.0
RA_ICRS_1 DE_ICRS_1 e_RA_ICRS e_DE_ICRS _r_1 HIP TYC2 Source rgeo Plx e_Plx pmRA pmDE e_pmRA e_pmDE RUWE Teff logg Gmag BP-RP BPmag RPmag RV e_RV b_rgeo B_rgeo FG e_FG FBP e_FBP FRP e_FRP RAVE5 RAVE6 e_Gmag e_BPmag e_RPmag e_BP-RP SkyCoord.ra SkyCoord.dec SkyCoord.distance SkyCoord.pm_ra_cosdec SkyCoord.pm_dec rmRA rmDE e_rmRA e_rmDE rRV e_rRV v_pec v_pec3d e_vpec e_vpec3d Pmemb
299.56784051642 26.7639621315 0.006 0.0091 2.2394 "" "" 2027291741318524672 2342.854 0.4144 0.0114 -2.744 -5.742 0.008 0.011 0.925 7961.5 2.6857 12.749993 1.612647 13.498458 11.885811 -17.29 7.78 2281.57715 2401.40112 149606.12074 76.627 54454.0 88.295 139580.0 203.8 "" "" 0.0028108792389261 0.003299141 0.004098394 0.0073975353 299.56784051642 26.7639621315 2342.854 -2.744 -5.742 0.055222230911254666 -0.12988890838623046 0.08953088 0.09253088 -22.736666666666668 8.613889 1.5673826270644864 22.790627446622324 0.14432140430834134 8.59349959055935 1.0
299.54978844801 26.72589530241 0.0081 0.0118 3.4668 "" "" 2027290126410815488 2259.92163 0.4199 0.0149 -2.762 -5.613 0.011 0.014 1.036 "" "" 12.984838 1.561896 13.705213 12.143316 -29.87 19.0 2198.84009 2329.76001 120506.87628 25.842 45012.0 32.766 110110.0 31.634 "" "" 0.0027651399823853283 0.0028999485 0.0037922321 0.0066921804 299.54978844801 26.72589530241 2259.92163 -2.762 -5.613 0.03722223091125487 -0.0008889083862309022 0.09253088 0.095530875 -35.31666666666667 19.833889 0.3988392812569327 35.318918686968864 0.03690564127988694 19.832624354863178 1.0
299.52781928959 26.78467137633 0.0067 0.011 0.264 "" "" 2027294936774242944 2548.08252 0.3678 0.0138 -2.8 -5.561 0.009 0.015 0.969 10798.0 3.4988 13.246463 1.378016 13.857169 12.479153 "" "" 2417.93237 2626.75708 94702.57105 23.949 39134.0 30.916 80816.0 36.71 "" "" 0.0027689667721778662 0.0029190339 0.003811425 0.0067304587 299.52781928959 26.78467137633 2548.08252 -2.8 -5.561 -0.0007777690887449396 0.05111109161376959 0.09053087 0.09653088 "" "" 0.6173866928790216 "" 0.059596048002143145 "" 1.0
299.40313845245 26.97662543032 0.0072 0.0096 13.5732 "" "" 2027309745821684224 2338.22559 0.394 0.0123 -2.779 -5.679 0.01 0.012 1.044 "" "" 13.488582 1.472064 14.151305 12.679241 63.5 3.24 2274.90186 2421.44263 75772.95981 24.128 29847.0 25.783 67214.0 56.373 "" "" 0.0027769255487161584 0.0029435875 0.0038875379 0.0068311254 299.40313845245 26.97662543032 2338.22559 -2.779 -5.679 0.020222230911254968 -0.06688890838623074 0.091530874 0.09353088 58.053333333333335 4.073889 0.774481395567039 58.05849922744465 0.07230947812314223 4.073526408872722 0.9
299.51685739751 26.79423234858 0.008 0.0117 1.0819 "" "" 2027295005493733632 2410.58447 0.3819 0.0148 -2.822 -5.648 0.011 0.014 0.953 10131.5 3.7303 13.785673 1.356542 14.383633 13.027091 "" "" 2330.65186 2512.44824 57633.84928 18.729 24097.0 28.739 48789.0 32.576 "" "" 0.0027778185666269637 0.003076002 0.0038482803 0.0069242823 299.51685739751 26.79423234858 2410.58447 -2.821999999999999 -5.648 -0.02277776908874518 -0.035888908386230156 0.09253088 0.095530875 "" "" 0.48569161459200405 "" 0.045984877580670075 "" 1.0
299.52960409351 26.71180460654 0.0085 0.0121 4.1585 "" "" 2027289988971871360 2286.62671 0.402 0.0149 -2.796 -5.627 0.011 0.015 0.986 "" "" 13.932291 1.84625 14.831315 12.985065 "" "" 2208.20874 2380.02979 50353.5786 11.824 15955.0 14.105 50714.0 24.518 "" "" 0.0027670905149885325 0.002950652 0.0038156589 0.006766311 299.52960409351 26.71180460654 2286.62671 -2.7959999999999994 -5.627 0.003222230911255064 -0.014888908386230248 0.09253088 0.09653088 "" "" 0.1651109859528079 "" 0.015909345064551397 "" 1.0
299.54290221644 26.73554355559 0.0086 0.0123 2.8107 "" "" 2027290195130304768 2451.96094 0.3762 0.016 -2.808 -5.6 0.012 0.015 0.933 9789.1 3.5467 14.052007 1.612208 14.800466 13.188257 "" "" 2388.61719 2535.78979 45096.61657 21.1 16415.0 25.349 42059.0 53.589 "" "" 0.00280175878943891 0.0032551847 0.004024607 0.007279792 299.54290221644 26.73554355559 2451.96094 -2.808 -5.599999999999999 -0.008777769088744947 0.012111091613769887 0.09353088 0.09653088 "" "" 0.1738408498274135 "" 0.016603252957783202 "" 1.0
299.55814176695 26.75409668345 0.0091 0.0134 2.1878 "" "" 2027291706958790144 2322.78613 0.4014 0.0165 -2.737 -5.583 0.013 0.017 0.988 7944.4 3.7366 14.313901 1.592425 15.049422 13.456997 "" "" 2240.79834 2461.92578 35431.22893 9.8915 13051.0 11.885 32837.0 22.749 "" "" 0.00277194247454934 0.0029601764 0.0038535057 0.006813682 299.55814176695 26.75409668345 2322.78613 -2.7370000000000023 -5.583000000000002 0.06222223091125478 0.029111091613769347 0.09453088 0.09853087 "" "" 0.7563370797446382 "" 0.07204986400566922 "" 0.9
299.50880039229 26.7650779334 0.0111 0.0164 1.5172 "" "" 2027293424945760128 2851.73486 0.3186 0.0207 -2.879 -5.605 0.015 0.02 1.346 9329.5 3.4245 14.367249 1.698023 15.128586 13.430563 "" "" 2688.63525 3018.56445 33732.37243 13.689 12133.0 21.976 33646.0 52.715 "" "" 0.0027903264895052225 0.0034135557 0.0041445633 0.007558119 299.50880039229 26.7650779334 2851.73486 -2.8789999999999996 -5.605 -0.07977776908874512 0.007111091613769105 0.09653088 0.10153088 "" "" 1.08264942541415 "" 0.10455286523225443 "" 1.0
299.54102122748 26.75354157808 0.0109 0.0161 1.7437 "" "" 2027290435648486400 2471.02026 0.3794 0.02 -2.839 -5.613 0.015 0.02 1.181 9169.0 3.3814 14.427877 1.646381 15.193397 13.547015 "" "" 2356.32886 2642.10107 31900.36651 8.3315 11430.0 12.873 30224.0 15.706 "" "" 0.002769873321349837 0.0030463592 0.0038212636 0.006867623 299.54102122748 26.75354157808 2471.02026 -2.839000000000002 -5.613 -0.039777769088745085 -0.0008889083862309022 0.09653088 0.10153088 "" "" 0.4660188487408927 "" 0.04498640132503563 "" 0.9
299.67690222763 26.69085274229 0.0096 0.0137 9.5234 "" "" 2027243465884471808 2441.01758 0.3735 0.0179 -2.732 -5.589 0.014 0.017 1.035 "" "" 14.491757 1.74758 15.326243 13.578663 "" "" 2335.28491 2542.99487 30077.64215 6.3067 10114.0 9.3731 29356.0 12.906 "" "" 0.0027647093011716585 0.0029660559 0.0038094055 0.006775461 299.67690222763 26.69085274229 2441.01758 -2.732000000000001 -5.589000000000004 0.06722223091125468 0.02311109161376912 0.095530875 0.09853087 "" "" 0.8224732601242574 "" 0.07883605910814094 "" 1.0
299.60576155502 26.53425166501 0.0102 0.0155 15.3483 "" "" 2027216493488408448 2535.87866 0.3634 0.0201 -2.944 -5.534 0.014 0.02 1.015 9841.9 3.5252 14.496217 1.36373 15.09869 13.73496 "" "" 2419.13257 2724.04199 29954.36052 9.0364 12472.0 16.616 25420.0 20.746 "" "" 0.0027747197245412024 0.003142829 0.0038818684 0.0070246975 299.60576155502 26.53425166501 2535.87866 -2.943999999999999 -5.534 -0.14477776908874507 0.07811109161376972 0.095530875 0.10153088 "" "" 1.9773625956982033 "" 0.19163820181677726 "" 1.0
299.55512348888 26.94319100595 0.01 0.0142 9.8125 "" "" 2027302942593345536 2350.18213 0.3926 0.0179 -2.83 -5.575 0.014 0.019 0.98 9557.4 3.5321 14.559559 1.586619 15.293603 13.706984 "" "" 2243.9104 2465.32251 28256.82312 6.9283 10423.0 10.755 26083.0 12.651 "" "" 0.0027681506886744157 0.0030066867 0.0038158942 0.006822581 299.55512348888 26.94319100595 2350.18213 -2.83 -5.575 -0.030777769088745188 0.037111091613769354 0.095530875 0.10053088 "" "" 0.5370874793199778 "" 0.052915973403458834 "" 1.0
299.50910035508 26.74578745306 0.0102 0.0152 2.4146 "" "" 2027290366929032832 2618.2334 0.3547 0.0191 -2.829 -5.595 0.014 0.018 1.016 9883.2 3.6611 14.60655 1.67502 15.396378 13.721357 "" "" 2514.69116 2739.24829 27059.924 8.5595 9481.3 12.955 25740.0 17.82 "" "" 0.00277664147159978 0.003160045 0.0038534044 0.0070134494 299.50910035508 26.74578745306 2618.2334 -2.829 -5.595 -0.0297777690887453 0.01711109161376978 0.095530875 0.099530876 "" "" 0.42622271514965254 "" 0.04114722711522345 "" 1.0
299.54256432544 26.74404478278 0.011 0.0157 2.3126 "" "" 2027290195130311168 2461.9292 0.3741 0.0201 -2.748 -5.623 0.015 0.019 1.016 "" "" 14.738755 1.697957 15.540843 13.842886 "" "" 2329.15576 2591.46069 23957.67058 15.41 8300.0 18.668 23015.0 44.711 "" "" 0.002842446619032428 0.003707879 0.0043281238 0.0080360025 299.54256432544 26.74404478278 2461.9292 -2.7480000000000007 -5.623 0.05122223091125466 -0.010888908386230689 0.09653088 0.10053088 "" "" 0.6110970906560923 "" 0.05909751755249332 "" 1.0
299.57344174673 26.7343712202 0.0115 0.0167 3.6201 "" "" 2027290160770538496 2428.31909 0.3835 0.0222 -2.859 -5.613 0.017 0.021 1.033 "" "" 14.809397 1.630536 15.566949 13.936413 "" "" 2297.35352 2550.20532 22448.54716 5.9657 8102.8 9.8648 21115.0 17.141 "" "" 0.0027703865173952912 0.003087442 0.0038807963 0.0069682384 299.57344174673 26.7343712202 2428.31909 -2.859 -5.613 -0.0597777690887451 -0.0008889083862309022 0.09853087 0.102530874 "" "" 0.688132088162102 "" 0.06780287670025308 "" 0.8
299.53991987186 26.75361049069 0.0116 0.0167 1.722 "" "" 2027290435648487808 2323.16138 0.3963 0.0214 -2.808 -5.706 0.016 0.02 1.008 9510.9 3.4789 14.92223 1.649466 15.682836 14.033369 "" "" 2215.61011 2470.40869 20232.74087 6.5087 7282.5 15.534 19311.0 23.407 "" "" 0.002777369325950411 0.0036261028 0.004001957 0.00762806 299.53991987186 26.75361049069 2323.16138 -2.808 -5.706 -0.008777769088744947 -0.09388890838623087 0.09753088 0.10153088 "" "" 1.0383930066075568 "" 0.10539366849740756 "" 0.9
299.56065806273 26.73380969759 0.0136 0.02 3.26 "" "" 2027290160770548864 2498.00122 0.3694 0.0252 -2.77 -5.534 0.02 0.025 1.043 "" "" 15.187044 1.567626 15.906652 14.339025 "" "" 2361.3042 2662.33813 15853.64284 4.6013 5925.9 10.158 14573.0 11.117 "" "" 0.002773281436780166 0.0033539345 0.0038690735 0.007223008 299.56065806273 26.73380969759 2498.00122 -2.7700000000000005 -5.534 0.029222230911254865 0.07811109161376972 0.10153088 0.106530875 "" "" 0.9874800741751748 "" 0.10460347536641103 "" 1.0
299.52631560935 26.71074880607 0.0133 0.0198 4.228 "" "" 2027290053376770176 2377.78955 0.3837 0.0244 -2.83 -5.651 0.019 0.025 0.966 "" "" 15.253263 1.951466 16.217022 14.265556 "" "" 2257.51855 2482.89453 14915.62571 4.2137 4452.5 6.269 15593.0 14.476 "" "" 0.002772339885906324 0.0031814985 0.003911484 0.0070929825 299.52631560935 26.71074880607 2377.78955 -2.83 -5.651 -0.030777769088745188 -0.03888890838623027 0.10053088 0.106530875 "" "" 0.5589662811901314 "" 0.05827837842282477 "" 0.8
299.54974739409 26.80986732219 0.0136 0.0193 2.0045 "" "" 2027295074213191168 2338.08276 0.4046 0.0246 -2.804 -5.656 0.019 0.024 0.959 "" "" 15.264135 1.353392 15.857204 14.503812 "" "" 2218.98389 2467.15283 14767.00853 3.789 6202.1 8.9684 12521.0 9.4256 "" "" 0.0027693678933950008 0.0032015555 0.0038667487 0.0070683043 299.54974739409 26.80986732219 2338.08276 -2.804000000000001 -5.656000000000001 -0.004777769088744943 -0.04388890838623016 0.10053088 0.10553087 "" "" 0.4892729428345926 "" 0.051605420571585896 "" 1.0
299.58260641608 26.85662452745 0.0142 0.019 5.3154 "" "" 2027295692679101312 2640.53833 0.3475 0.024 -2.79 -5.621 0.019 0.024 0.943 "" "" 15.278768 1.446277 15.922919 14.476643 "" "" 2482.22192 2801.2688 14569.3324 3.7879 5837.8 9.5217 12838.0 12.058 "" "" 0.002769742319820477 0.0033047043 0.0039145444 0.0072192485 299.58260641608 26.85662452745 2640.53833 -2.789999999999999 -5.620999999999999 0.009222230911254847 -0.00888890838623091 0.10053088 0.10553087 "" "" 0.1603153582716718 "" 0.016507543764685797 "" 0.8
299.55625107143 26.75394764223 0.0133 0.0207 2.1279 "" "" 2027291706958792192 2397.63135 0.3859 0.0244 -2.869 -5.548 0.018 0.026 1.001 "" "" 15.28301 1.628155 16.036455 14.4083 "" "" 2276.84741 2543.29199 14512.5209 4.5635 5258.2 9.545 13672.0 9.1584 "" "" 0.0027763918909951843 0.0034160605 0.0038487255 0.007264786 299.55625107143 26.75394764223 2397.63135 -2.869 -5.548 -0.06977776908874533 0.06411109161376949 0.099530876 0.10753088 "" "" 1.0769085527402955 "" 0.1112121678521287 "" 1.0
299.59572311768 26.87804126819 0.0147 0.0207 6.7783 "" "" 2027295727048218752 2051.93457 0.4537 0.0257 -2.865 -5.59 0.019 0.026 1.053 "" "" 15.403159 1.602923 16.142881 14.539958 "" "" 1933.56445 2168.88745 12992.2128 4.1123 4767.2 7.5401 12111.0 9.1468 "" "" 0.0027766688602403515 0.003276287 0.0038673151 0.0071436022 299.59572311768 26.87804126819 2051.93457 -2.865 -5.590000000000001 -0.06577776908874533 0.022111091613769673 0.10053088 0.10753088 "" "" 0.6749440013309873 "" 0.0683472708963772 "" 1.0
299.57549211153 26.74625370012 0.0163 0.0242 3.1827 "" "" 2027291638239293568 2223.35059 0.4202 0.0298 -2.892 -5.619 0.023 0.031 1.021 7932.1 3.466 15.69609 1.626577 16.446941 14.820364 "" "" 2070.11914 2396.53467 9919.98331 3.0268 3602.8 6.9152 9354.3 11.896 "" "" 0.0027751642803258304 0.0034825176 0.0040237033 0.0075062206 299.57549211153 26.74625370012 2223.35059 -2.8919999999999995 -5.619 -0.09277776908874502 -0.006888908386230241 0.10453088 0.11253087 "" "" 0.9804470190878972 "" 0.10253163106287615 "" 0.9
299.62966297535 26.67974030384 0.0162 0.0233 8.0691 "" "" 2027242057135217664 2363.31763 0.3935 0.0297 -2.734 -5.605 0.023 0.032 1.015 "" "" 15.722219 2.02056 16.733084 14.712523 "" "" 2198.80542 2541.03809 9684.09647 3.1598 2768.1 6.6488 10331.0 8.6291 "" "" 0.002778001277262783 0.003819166 0.0038866631 0.007705829 299.62966297535 26.67974030384 2363.31763 -2.7339999999999973 -5.605 0.0652222309112549 0.007111091613769105 0.10453088 0.113530874 "" "" 0.7349573663086417 "" 0.07690674737227465 "" 0.8
299.58654607509 26.77967200434 0.0163 0.0238 2.9922 "" "" 2027291844397732992 2366.15869 0.3939 0.0291 -2.697 -5.707 0.022 0.03 0.989 8291.3 3.4225 15.754231 1.784571 16.607203 14.822632 "" "" 2225.97827 2531.31421 9402.73268 2.8848 3108.4 8.0842 9334.8 8.9772 "" "" 0.0027753829963313888 0.0039697033 0.0039209644 0.007890668 299.58654607509 26.77967200434 2366.15869 -2.6969999999999996 -5.707000000000001 0.10222223091125482 -0.09488890838623032 0.10353088 0.11153088 "" "" 1.5642952757216213 "" 0.16786111942045198 "" 0.9
299.5326131748 26.76819235546 0.0173 0.0261 0.7815 "" "" 2027290504367979776 2129.33936 0.4417 0.031 -2.766 -5.57 0.024 0.033 1.014 "" "" 15.77635 1.699992 16.568514 14.868522 "" "" 2015.21509 2242.00073 9213.11708 3.4545 3221.2 8.5155 8948.5 11.392 "" "" 0.002785232698044625 0.004002908 0.0040242057 0.008027114 299.5326131748 26.76819235546 2129.33936 -2.766 -5.57 0.03322223091125487 0.04211109161376925 0.10553087 0.11453088 "" "" 0.5413744221829799 "" 0.06018157232239631 "" 0.9
299.53765620035 26.79366314505 0.0173 0.0243 0.8404 "" "" 2027294971133977216 2209.17578 0.4182 0.0309 -2.854 -5.624 0.024 0.031 1.011 8937.2 3.4975 15.791524 1.451389 16.444807 14.993418 "" "" 2081.57544 2356.19922 9085.25823 2.8386 3609.9 6.6596 7976.1 9.0798 "" "" 0.0027761240565280275 0.0034346746 0.0039763507 0.0074110255 299.53765620035 26.79366314505 2209.17578 -2.854 -5.624 -0.05477776908874521 -0.011888908386230135 0.10553087 0.11253087 "" "" 0.5869596655456486 "" 0.06213304053863813 "" 0.9
299.53288086372 26.70696010139 0.0174 0.0256 4.4503 "" "" 2027289988971865600 2407.39087 0.3933 0.0314 -2.613 -5.722 0.024 0.032 0.976 9256.2 3.6234 15.824442 1.902961 16.759972 14.857011 "" "" 2250.46484 2578.89209 8813.93468 3.553 2700.4 8.3037 9043.9 10.401 "" "" 0.0027898650477080618 0.004351032 0.003980311 0.0083313435 299.53288086372 26.70696010139 2407.39087 -2.6130000000000004 -5.7219999999999995 0.1862222309112549 -0.10988890838623089 0.10553087 0.113530874 "" "" 2.4673780153162808 "" 0.26562323794960535 "" 0.9
299.56301561363 26.80107688115 0.0176 0.0254 2.1048 "" "" 2027292119275674496 2666.56836 0.3485 0.0314 -2.751 -5.646 0.024 0.032 0.982 7979.2 3.2137 15.916144 1.703102 16.723286 15.020184 "" "" 2482.21069 2939.23047 8100.07634 2.8548 2793.2 7.2483 7781.9 8.8442 "" "" 0.0027817650152177735 0.003965243 0.003975721 0.007940965 299.56301561363 26.80107688115 2666.56836 -2.7510000000000003 -5.646 0.04822223091125499 -0.033888908386230376 0.10553087 0.113530874 "" "" 0.744965350159088 "" 0.08063589330654662 "" 0.9
299.51098342456 26.7033196105 0.0194 0.0291 4.7853 "" "" 2027289675419624960 2081.16016 0.4496 0.036 -2.822 -5.605 0.027 0.034 1.072 9180.8 3.4888 15.9554 2.086338 17.014177 14.927839 "" "" 1945.41199 2233.29126 7812.43877 2.7879 2136.7 5.3524 8472.7 7.1697 "" "" 0.002782428141182545 0.0038964213 0.003889454 0.0077858754 299.51098342456 26.7033196105 2081.16016 -2.822 -5.605 -0.02277776908874518 0.007111091613769105 0.10853088 0.11553088 "" "" 0.23539131584440437 "" 0.025697836468375052 "" 0.8
