Clusters/FSR_0165/FSR_0165_stars_in_region.tsv
# %ECSV 1.0
# ---
# datatype:
# - name: RA_ICRS_1
#   unit: deg
#   datatype: float64
#   format: '{:15.11f}'
#   description: Right ascension (ICRS) at Ep=2016.0 (ra)
#   meta: !!omap
#   - {ucd: POS_EQ_RA_MAIN}
#   - {width: 15}
#   - {precision: '11'}
# - name: DE_ICRS_1
#   unit: deg
#   datatype: float64
#   format: '{:15.11f}'
#   description: Declination (ICRS) at Ep=2016.0 (dec)
#   meta: !!omap
#   - {ucd: POS_EQ_DEC_MAIN}
#   - {width: 15}
#   - {precision: '11'}
# - name: e_RA_ICRS
#   unit: mas
#   datatype: float64
#   format: '{:7.4f}'
#   description: Standard error of right ascension (ra_error)
#   meta: !!omap
#   - {ucd: ERROR}
#   - {width: 7}
#   - {precision: '4'}
# - name: e_DE_ICRS
#   unit: mas
#   datatype: float64
#   format: '{:7.4f}'
#   description: Standard error of declination (dec_error)
#   meta: !!omap
#   - {ucd: ERROR}
#   - {width: 7}
#   - {precision: '4'}
# - name: _r_1
#   unit: ''
#   datatype: float64
#   format: '{:7.4f}'
#   description: Distance from center (299.53070663000+26.78110606000)[ICRS], at Epoch=J2016.0
#   meta: !!omap
#   - {ucd: POS_ANG_DIST_GENERAL}
#   - {width: 7}
#   - {precision: '4'}
# - name: HIP
#   datatype: int32
#   description: '? HIP cross-id number, van Leeuwen, Cat. I/311 (hip_original_ext_source_id)'
#   meta: !!omap
#   - {ucd: ID_NUMBER}
#   - {width: 6}
#   - values: {'null': -2147483648}
# - name: TYC2
#   datatype: string
#   description: Tycho-2 cross-id name, Hog et al., Cat. I/259 (tyc2_original_ext_source_id)
#   meta: !!omap
#   - {ucd: ID_CROSSID}
#   - {_votable_string_dtype: char}
# - name: Source
#   datatype: int64
#   description: Source identifier, identical to the Gaia-EDR3 source_id (id)
#   meta: !!omap
#   - {ucd: ID_MAIN}
#   - {width: 19}
# - name: rgeo
#   unit: pc
#   datatype: float64
#   format: '{:15.8f}'
#   description: '? Median of the geometric distance posterior (r_med_geo)'
#   meta: !!omap
#   - {ucd: PHYS_DISTANCE_TRUE}
#   - {width: 15}
#   - {precision: '8'}
#   - values: {'null': .nan}
# - name: Plx
#   unit: mas
#   datatype: float64
#   format: '{:9.4f}'
#   description: '? Parallax (parallax)'
#   meta: !!omap
#   - {ucd: POS_PARLX_TRIG}
#   - {width: 9}
#   - {precision: '4'}
#   - values: {'null': .nan}
# - name: e_Plx
#   unit: mas
#   datatype: float32
#   format: '{:7.4f}'
#   description: '? Standard error of parallax (parallax_error)'
#   meta: !!omap
#   - {ucd: ERROR}
#   - {width: 7}
#   - {precision: '4'}
#   - values: {'null': .nan}
# - name: pmRA
#   unit: mas / yr
#   datatype: float64
#   format: '{:9.3f}'
#   description: '? Proper motion in right ascension direction, pmRA*cosDE (pmra)'
#   meta: !!omap
#   - {ucd: POS_EQ_PMRA}
#   - {width: 9}
#   - {precision: '3'}
#   - values: {'null': .nan}
# - name: pmDE
#   unit: mas / yr
#   datatype: float64
#   format: '{:9.3f}'
#   description: '? Proper motion in declination direction (pmdec)'
#   meta: !!omap
#   - {ucd: POS_EQ_PMDEC}
#   - {width: 9}
#   - {precision: '3'}
#   - values: {'null': .nan}
# - name: e_pmRA
#   unit: mas / yr
#   datatype: float32
#   format: '{:6.3f}'
#   description: '? Standard error of proper motion in right ascension direction (pmra_error)'
#   meta: !!omap
#   - {ucd: ERROR}
#   - {width: 6}
#   - {precision: '3'}
#   - values: {'null': .nan}
# - name: e_pmDE
[...]
#         value: !astropy.table.SerializedColumn {name: SkyCoord.dec}
#       distance: !astropy.table.SerializedColumn
#         __class__: astropy.coordinates.distances.Distance
#         unit: !astropy.units.Unit {unit: pc}
#         value: !astropy.table.SerializedColumn {name: SkyCoord.distance}
#       frame: icrs
#       obstime: !astropy.time.Time {format: jyear_str, in_subfmt: '*', jd1: 367701545.0, jd2: 0.0, out_subfmt: '*', precision: 3, scale: tt}
#       pm_dec: !astropy.table.SerializedColumn
#         __class__: astropy.units.quantity.Quantity
#         unit: !astropy.units.Unit {unit: mas / yr}
#         value: !astropy.table.SerializedColumn {name: SkyCoord.pm_dec}
#       pm_ra_cosdec: !astropy.table.SerializedColumn
#         __class__: astropy.units.quantity.Quantity
#         unit: !astropy.units.Unit {unit: mas / yr}
#         value: !astropy.table.SerializedColumn {name: SkyCoord.pm_ra_cosdec}
#       ra: !astropy.table.SerializedColumn
#         __class__: astropy.coordinates.angles.Longitude
#         unit: *id001
#         value: !astropy.table.SerializedColumn {name: SkyCoord.ra}
#         wrap_angle: !astropy.coordinates.Angle
#           unit: *id001
#           value: 360.0
#       representation_type: spherical
# schema: astropy-2.0
RA_ICRS_1 DE_ICRS_1 e_RA_ICRS e_DE_ICRS _r_1 HIP TYC2 Source rgeo Plx e_Plx pmRA pmDE e_pmRA e_pmDE RUWE Teff logg Gmag BP-RP BPmag RPmag RV e_RV b_rgeo B_rgeo FG e_FG FBP e_FBP FRP e_FRP RAVE5 RAVE6 e_Gmag e_BPmag e_RPmag e_BP-RP SkyCoord.ra SkyCoord.dec SkyCoord.distance SkyCoord.pm_ra_cosdec SkyCoord.pm_dec rmRA rmDE e_rmRA e_rmDE rRV e_rRV v_pec v_pec3d e_vpec e_vpec3d
[from data line 147]
299.71733405033 26.99511516975 0.0137 0.0174 16.2672 "" "" 2027303939026103552 2727.41821 0.326 0.024 -5.901 -9.587 0.019 0.022 1.006 "" "" 15.277301 2.457639 16.60801 14.150371 1.33 3.34 2562.79053 2920.20068 14589.03512 4.0607 3106.1 4.7647 17338.0 11.661 "" "" 0.0027718434297407473 0.0032494515 0.0038492812 0.0070987325 299.71733405033 26.99511516975 2727.41821 -5.901 -9.587000000000002 -3.101777769088745 -3.97488890838623 0.10053088 0.10353088 -4.116666666666668 13.346667 65.1815080093433 65.31137673343389 6.674964526142396 6.714599943723208
299.58260641608 26.85662452745 0.0142 0.019 5.3154 "" "" 2027295692679101312 2640.53833 0.3475 0.024 -2.79 -5.621 0.019 0.024 0.943 "" "" 15.278768 1.446277 15.922919 14.476643 "" "" 2482.22192 2801.2688 14569.3324 3.7879 5837.8 9.5217 12838.0 12.058 "" "" 0.002769742319820477 0.0033047043 0.0039145444 0.0072192485 299.58260641608 26.85662452745 2640.53833 -2.789999999999999 -5.620999999999999 0.009222230911254847 -0.00888890838623091 0.10053088 0.10553087 "" "" 0.1603153582716718 "" 0.016507543764685797 ""
299.55625107143 26.75394764223 0.0133 0.0207 2.1279 "" "" 2027291706958792192 2397.63135 0.3859 0.0244 -2.869 -5.548 0.018 0.026 1.001 "" "" 15.28301 1.628155 16.036455 14.4083 "" "" 2276.84741 2543.29199 14512.5209 4.5635 5258.2 9.545 13672.0 9.1584 "" "" 0.0027763918909951843 0.0034160605 0.0038487255 0.007264786 299.55625107143 26.75394764223 2397.63135 -2.869 -5.548 -0.06977776908874533 0.06411109161376949 0.099530876 0.10753088 "" "" 1.0769085527402955 "" 0.1112121678521287 ""
299.61437968941 27.06511483222 0.0145 0.0198 17.6186 "" "" 2027317030086514560 2163.2312 0.4096 0.0255 -1.254 -1.912 0.021 0.026 1.041 "" "" 15.284363 2.828221 16.899376 14.071155 7.11 2.57 2038.56677 2271.52417 14494.44311 5.4511 2375.0 6.1123 18651.0 14.192 "" "" 0.002785411894095213 0.0039487826 0.0038686267 0.007817409 299.61437968941 27.06511483222 2163.2312 -1.254 -1.912 1.5452222309112549 3.7001110916137696 0.102530874 0.10753088 1.6633333333333322 12.576667 41.11539828935933 41.149029809588825 4.3912545304186095 4.417018798031414
299.79607756811 26.96042553953 0.0138 0.0182 17.8182 "" "" 2027300984088558848 2193.78174 0.4214 0.0246 -3.31 -5.874 0.019 0.023 1.013 9115.4 3.5791 15.287402 1.62129 16.044682 14.423391 "" "" 2070.49316 2318.2959 14453.92572 3.766 5218.5 7.0863 13483.0 8.285 "" "" 0.0027698044340425223 0.0031557458 0.0038378157 0.0069935615 299.79607756811 26.96042553953 2193.78174 -3.3099999999999996 -5.873999999999999 -0.5107777690887452 -0.26188890838623013 0.10053088 0.10453088 "" "" 5.96878739054002 "" 0.6050950252792687 ""
299.48174843424 26.48666180736 0.0146 0.0198 17.8607 "" "" 2027215393976845824 2061.44971 0.4398 0.0287 0.404 -4.05 0.021 0.025 1.011 4800.2 2.7422 15.30043 2.870108 16.95033 14.080223 -0.73 3.48 1946.86768 2175.15283 14281.52148 5.054 2266.1 6.5578 18496.0 11.542 "" "" 0.002781980925304371 0.0042020334 0.0038396318 0.008041665 299.48174843424 26.48666180736 2061.44971 0.4040000000000006 -4.049999999999998 3.203222230911255 1.5621110916137697 0.102530874 0.106530875 -6.176666666666668 13.486668 34.82306795479563 35.36661240344381 3.5976202028340047 4.2539417763437415
299.61674611748 26.9694236538 0.014 0.02 12.2013 "" "" 2027303286190693760 2145.44165 0.4366 0.0252 -4.693 -6.716 0.019 0.026 1.009 4814.0 2.9607 15.303969 2.331514 16.545458 14.213943 -0.4 4.15 2024.04297 2277.79175 14235.04382 4.3591 3290.3 6.9214 16352.0 10.984 "" "" 0.002775307320442814 0.0036057432 0.0038491068 0.00745485 299.61674611748 26.9694236538 2145.44165 -4.693 -6.716000000000001 -1.8937777690887447 -1.1038889083862307 0.10053088 0.10753088 -5.8466666666666685 14.156668 22.291544572313498 23.045530380760397 2.281571781851838 4.215423367354106
299.77836923924 26.90385827613 0.0153 0.0183 15.167 "" "" 2027299644058755328 2286.72534 0.399 0.0255 -1.351 -2.481 0.02 0.022 0.935 4979.0 2.5025 15.309739 2.531152 16.697538 14.166387 -17.19 3.59 2156.18042 2418.07739 14159.60598 4.7863 2860.2 6.5523 17085.0 9.7578 "" "" 0.0027796551482210698 0.00373785 0.0038299153 0.007567765 299.77836923924 26.90385827613 2286.72534 -1.3510000000000009 -2.481 1.448222230911255 3.1311110916137697 0.10153088 0.10353088 -22.63666666666667 13.596667 37.39278403632642 43.71085649772978 3.8582334939488905 7.776516251229261
299.78421712275 26.74961755882 0.0139 0.0177 13.7117 "" "" 2027249238320469120 2111.4231 0.4274 0.0248 -3.558 -9.804 0.02 0.023 1.05 5024.7 2.7005 15.312727 2.837316 16.934984 14.097669 -13.23 2.77 1998.70935 2205.5083 14120.69149 4.5729 2298.4 7.1094 18201.0 11.852 "" "" 0.0027776641817852574 0.004366218 0.003844942 0.00821116 299.78421712275 26.74961755882 2111.4231 -3.557999999999999 -9.803999999999993 -0.758777769088745 -4.191888908386231 0.10153088 0.10453088 -18.67666666666667 12.776667 42.634789458434646 46.54614001120638 4.452650598394433 6.55107211483672
299.42646440148 27.05165783191 0.0156 0.0204 17.1644 "" "" 2027319194749761024 2119.03101 0.4275 0.027 3.728 -1.818 0.021 0.026 1.073 4576.1 2.0865 15.324852 2.736211 16.865639 14.129428 -57.72 3.32 1994.97363 2253.46997 13963.87301 5.2005 2450.0 5.5946 17676.0 12.705 "" "" 0.0027848326507631167 0.0037325495 0.0038591118 0.007591661 299.42646440148 27.05165783191 2119.03101 3.728 -1.8180000000000003 6.527222230911255 3.7941110916137695 0.102530874 0.10753088 -63.166666666666664 13.326667 75.83203927389347 98.69410295562294 7.872605674084802 10.456596203381332
299.5957411962 26.57261307316 0.0168 0.0264 12.9864 "" "" 2027240339148282880 2393.86182 0.3898 0.0321 -0.933 -2.742 0.023 0.033 1.171 8745.4 3.4729 15.325942 1.716598 16.14166 14.425062 "" "" 2227.18604 2552.44165 13949.86166 3.8614 4772.6 9.0285 13463.0 9.7128 "" "" 0.0027716623904032794 0.00346463 0.0038596997 0.0073243296 299.5957411962 26.57261307316 2393.86182 -0.933 -2.741999999999998 1.8662222309112548 2.8701110916137695 0.10453088 0.11453088 "" "" 38.84608104058116 "" 4.337276312749222 ""
299.46493763597 26.78894722533 0.0147 0.0208 3.554 "" "" 2027293665463977856 2719.64014 0.3388 0.0263 -1.189 -3.871 0.02 0.026 1.064 "" "" 15.327785 1.466861 15.986719 14.519858 "" "" 2543.78516 2898.39697 13926.21153 3.6397 5504.6 9.5205 12337.0 10.184 "" "" 0.0027698937279498153 0.0033632314 0.0038841995 0.007247431 299.46493763597 26.78894722533 2719.64014 -1.1889999999999998 -3.871000000000003 1.6102222309112548 1.7411110916137695 0.10153088 0.10753088 "" "" 30.571967181324467 "" 3.2041726495895135 ""
299.42443596093 26.59377851233 0.0143 0.0185 12.601 "" "" 2027265387398274176 2018.36462 0.4511 0.0261 -4.632 -7.481 0.019 0.023 0.982 "" "" 15.335556 3.018223 17.099396 14.081173 -18.03 2.66 1905.38379 2124.98535 13826.88084 5.1057 1975.4 5.2636 18479.0 14.122 "" "" 0.002784335561514217 0.004019283 0.0038693922 0.007888676 299.42443596093 26.59377851233 2018.36462 -4.632 -7.481 -1.8327777690887448 -1.8688889083862303 0.10053088 0.10453088 -23.47666666666667 12.666667 25.042687978833364 34.326230480246195 2.5691139698820313 8.86352418380874
299.33911964575 27.02598254756 0.0144 0.0186 17.9153 "" "" 2027313800270894336 2791.84741 0.3162 0.0251 -2.764 -5.751 0.02 0.023 1.014 4827.0 2.6631 15.337304 2.547073 16.736633 14.18956 10.34 2.92 2616.13647 2993.65039 13804.64417 4.1426 2759.1 6.1708 16724.0 9.498 "" "" 0.002774517132995532 0.0036988622 0.003829353 0.007528215 299.33911964575 27.02598254756 2791.84741 -2.764 -5.751 0.03522223091125509 -0.1388889083862308 0.10153088 0.10453088 4.893333333333332 12.926667 1.8961481307655816 5.247865170230358 0.19786693803294908 12.05358792215112
299.39972995773 26.6514936859 0.0144 0.0183 10.4763 "" "" 2027265765355423872 2876.98755 0.3108 0.0262 -2.732 -5.486 0.021 0.024 1.023 8493.0 2.5927 15.351432 1.963706 16.327103 14.363397 "" "" 2697.91846 3079.15283 13626.17464 3.7597 4023.2 7.2251 14250.0 9.5331 "" "" 0.0027715580000233723 0.003403951 0.003848546 0.0072524967 299.39972995773 26.6514936859 2876.98755 -2.732 -5.486 0.06722223091125468 0.12611109161376977 0.102530874 0.10553087 "" "" 1.9488317503654313 "" 0.2043827093090287 ""
299.651333849 26.54572205627 0.0145 0.0203 15.5337 "" "" 2027237143692561664 2824.73267 0.3111 0.0256 -4.536 -2.455 0.021 0.025 1.031 4796.1 2.3104 15.354568 2.578467 16.776083 14.197616 -56.87 3.36 2654.125 3043.53955 13586.88505 4.0256 2660.6 7.5988 16600.0 10.707 "" "" 0.0027740354447600953 0.004171416 0.0038437152 0.008015132 299.651333849 26.54572205627 2824.73267 -4.536 -2.455 -1.7367777690887447 3.1571110916137695 0.102530874 0.106530875 -62.31666666666666 13.366667 48.245379225808556 78.80979356074043 5.095440600391011 11.020009760706541
299.63750024708 26.94198742201 0.0142 0.0203 11.2184 "" "" 2027302427197201024 2102.26733 0.4417 0.0253 -2.384 -4.479 0.02 0.026 1.032 "" "" 15.373606 1.74096 16.206434 14.465474 "" "" 2007.34912 2202.1167 13350.7138 3.3875 4496.2 6.173 12971.0 8.9627 "" "" 0.0027690579262703496 0.0031633966 0.0038531234 0.00701652 299.63750024708 26.94198742201 2102.26733 -2.3839999999999995 -4.479000000000001 0.415222230911255 1.1331110916137694 0.10153088 0.10753088 "" "" 12.025390824938404 "" 1.2847705691817892 ""
299.44428670097 26.70996946025 0.0148 0.0202 6.2975 "" "" 2027292737751016320 2198.58325 0.4102 0.0271 -6.376 -6.059 0.021 0.026 0.954 15005.8 3.7515 15.374613 2.800519 16.965939 14.16542 -17.76 3.71 2046.58875 2354.89624 13338.33365 4.827 2233.8 5.9877 17100.0 12.031 "" "" 0.002783194677638003 0.004031747 0.0038558077 0.007887555 299.44428670097 26.70996946025 2198.58325 -6.3759999999999994 -6.059000000000001 -3.5767777690887455 -0.44688890838623063 0.102530874 0.10753088 -23.20666666666667 13.716667 37.56442912868504 44.15467940707734 3.854469941070852 7.919910002754576
299.79903088547 26.87901442904 0.0149 0.0189 15.521 "" "" 2027299369180837888 1952.33386 0.4801 0.0259 0.419 -4.566 0.02 0.024 1.045 7308.9 3.5836 15.379321 1.388619 15.997821 14.609201 "" "" 1878.14014 2052.05127 13280.61869 3.2849 5448.6 11.131 11363.0 9.2702 "" "" 0.002768376690816235 0.0035643855 0.0038817925 0.0074461782 299.79903088547 26.87901442904 1952.33386 0.4190000000000009 -4.566000000000001 3.218222230911255 1.0461110916137697 0.10153088 0.10553087 "" "" 31.31553793555579 "" 3.1916772864512155 ""
299.26601360115 26.64118875024 0.0187 0.0238 16.4846 "" "" 2027268101817705472 2215.82031 0.3943 0.0344 0.729 -0.269 0.026 0.031 0.978 "" "" 15.398871 3.598495 17.638569 14.040074 0.39 2.64 2066.85693 2440.96826 13043.62674 6.0616 1202.2 6.5619 19192.0 17.032 "" "" 0.002801137387860904 0.006550194 0.003900274 0.010450468 299.26601360115 26.64118875024 2215.82031 0.7290000000000002 -0.26900000000000013 3.528222230911255 5.343111091613769 0.10753088 0.11253087 -5.056666666666668 12.6466675 67.24963266773258 67.43947636008707 7.467162734987998 7.506279383724165
299.59572311768 26.87804126819 0.0147 0.0207 6.7783 "" "" 2027295727048218752 2051.93457 0.4537 0.0257 -2.865 -5.59 0.019 0.026 1.053 "" "" 15.403159 1.602923 16.142881 14.539958 "" "" 1933.56445 2168.88745 12992.2128 4.1123 4767.2 7.5401 12111.0 9.1468 "" "" 0.0027766688602403515 0.003276287 0.0038673151 0.0071436022 299.59572311768 26.87804126819 2051.93457 -2.865 -5.590000000000001 -0.06577776908874533 0.022111091613769673 0.10053088 0.10753088 "" "" 0.6749440013309873 "" 0.0683472708963772 ""
299.6222723981 26.66074613267 0.014 0.0205 8.7311 "" "" 2027242022775477120 2203.10303 0.4233 0.0257 -1.366 -4.792 0.02 0.026 1.031 8391.2 3.3602 15.403313 1.852955 16.30337 14.450415 "" "" 2096.93335 2330.2915 12990.38021 3.7602 4112.2 7.5499 13152.0 10.245 "" "" 0.0027731858584750507 0.0034290864 0.003872858 0.0073019443 299.6222723981 26.66074613267 2203.10303 -1.3660000000000008 -4.792000000000002 1.4332222309112548 0.8201110916137697 0.10153088 0.10753088 "" "" 17.243780215704742 "" 1.7768565575970703 ""
299.82686693823 26.73069507326 0.0151 0.0205 16.1528 "" "" 2027248929082779008 2661.01074 0.3238 0.0271 0.461 -3.672 0.021 0.026 1.082 "" "" 15.418306 2.907117 17.093937 14.18682 -10.52 4.46 2500.66943 2869.37134 12812.21634 4.3057 1985.4 5.429 16766.0 11.007 "" "" 0.002779374563295547 0.004074241 0.0038460111 0.007920252 299.82686693823 26.73069507326 2661.01074 0.4610000000000002 -3.672 3.2602222309112547 1.9401110916137694 0.102530874 0.10753088 -15.966666666666669 14.466667 47.852192303606564 50.44568120965152 4.970010250093815 6.572104053103714
299.34865621051 26.94398914126 0.0146 0.0195 13.8009 "" "" 2027311051491774592 2073.37134 0.4517 0.0259 -1.585 -4.459 0.021 0.025 0.957 7258.5 3.2681 15.434025 1.797748 16.302874 14.505126 "" "" 1965.48132 2207.66821 12628.06546 3.239 4114.0 7.5691 12506.0 12.967 "" "" 0.002769357704877406 0.0034315267 0.0039434833 0.0073750103 299.34865621051 26.94398914126 2073.37134 -1.5849999999999997 -4.458999999999999 1.214222230911255 1.15311109161377 0.102530874 0.106530875 "" "" 16.456766250169654 "" 1.7188563316897238 ""
299.50294431323 26.78215649542 0.015 0.0214 1.4884 "" "" 2027293493665249792 2356.68555 0.393 0.0274 -1.657 -4.856 0.02 0.027 1.059 "" "" 15.438751 1.684347 16.231707 14.547359 "" "" 2191.24072 2541.4856 12573.21077 3.5753 4392.7 6.8306 12029.0 8.9768 "" "" 0.00277256357437857 0.0032612009 0.0038652585 0.0071264594 299.50294431323 26.78215649542 2356.68555 -1.657 -4.856 1.1422222309112549 0.7561110916137697 0.10153088 0.10853088 "" "" 15.301706583222952 "" 1.586997120382856 ""
299.52914216578 26.75539382175 0.0148 0.0221 1.545 "" "" 2027290470008235776 2791.78394 0.3153 0.0275 -3.601 -2.139 0.02 0.027 0.999 "" "" 15.439064 2.666921 16.929543 14.262622 32.43 3.12 2630.75073 3025.57617 12569.58611 3.77 2309.9 6.5108 15635.0 9.8708 "" "" 0.0027744971086319315 0.0041413223 0.0038410383 0.00798236 299.52914216578 26.75539382175 2791.78394 -3.601 -2.139 -0.8017777690887451 3.4731110916137697 0.10153088 0.10853088 26.98333333333333 13.126667 47.168648513611714 54.341344116413076 5.103062010296063 7.880721120082397
299.40177765346 26.61029809062 0.0213 0.0284 12.361 "" "" 2027265456117764352 1998.81543 0.4535 0.0409 -3.332 -7.914 0.03 0.038 1.386 "" "" 15.452132 3.096242 17.27193 14.175689 -3.05 3.04 1858.03333 2147.82007 12419.20583 5.8173 1685.2 5.4071 16939.0 12.399 "" "" 0.002801862643829105 0.004463297 0.0038620373 0.008325335 299.40177765346 26.61029809062 1998.81543 -3.3320000000000025 -7.913999999999997 -0.532777769088745 -2.30188890838623 0.11153088 0.11953087 -8.496666666666668 13.046667 22.385517543565424 23.943782912015383 2.6669448439803602 5.258451799018616
299.75135387726 26.72232771222 0.0141 0.019 12.3367 "" "" 2027243225366267008 2453.75244 0.3725 0.0262 -1.596 -4.06 0.02 0.025 0.99 "" "" 15.458457 2.713126 16.976225 14.263099 22.93 3.65 2280.68433 2605.13892 12347.0682 3.9445 2212.7 4.6283 15629.0 14.754 "" "" 0.002777066845010896 0.0035975873 0.003915897 0.0075134845 299.75135387726 26.72232771222 2453.75244 -1.5960000000000005 -4.06 1.2032222309112548 1.55211109161377 0.10153088 0.106530875 17.48333333333333 13.656668 22.841374135425642 28.76448012460743 2.3910807931110294 8.515046833624318
299.70101878546 26.84512812159 0.0153 0.0192 9.896 "" "" 2027297616833720064 2139.52271 0.4241 0.0264 1.852 -3.361 0.02 0.024 1.016 4815.2 2.8547 15.45897 2.679532 16.947508 14.267976 1.01 15.62 2038.05823 2254.87598 12341.23361 73.794 2272.0 54.144 15559.0 261.7 "" "" 0.007052620477611497 0.02602417 0.018648896 0.044673067 299.70101878546 26.84512812159 2139.52271 1.8519999999999999 -3.3609999999999998 4.651222230911255 2.2511110916137693 0.10153088 0.10553087 -4.436666666666668 25.626667 52.40370700382678 52.59118290031168 5.361006175601741 5.7627828476916045
