Clusters/UBC_536/UBC_536_stars_in_region.tsv
# %ECSV 1.0
# ---
# datatype:
# - name: RA_ICRS_1
#   unit: deg
#   datatype: float64
#   format: '{:15.11f}'
#   description: Right ascension (ICRS) at Ep=2016.0 (ra)
#   meta: !!omap
#   - {ucd: POS_EQ_RA_MAIN}
#   - {width: 15}
#   - {precision: '11'}
# - name: DE_ICRS_1
#   unit: deg
#   datatype: float64
#   format: '{:15.11f}'
#   description: Declination (ICRS) at Ep=2016.0 (dec)
#   meta: !!omap
#   - {ucd: POS_EQ_DEC_MAIN}
#   - {width: 15}
#   - {precision: '11'}
# - name: e_RA_ICRS
#   unit: mas
#   datatype: float64
#   format: '{:7.4f}'
#   description: Standard error of right ascension (ra_error)
#   meta: !!omap
#   - {ucd: ERROR}
#   - {width: 7}
#   - {precision: '4'}
# - name: e_DE_ICRS
#   unit: mas
#   datatype: float64
#   format: '{:7.4f}'
#   description: Standard error of declination (dec_error)
#   meta: !!omap
#   - {ucd: ERROR}
#   - {width: 7}
#   - {precision: '4'}
# - name: _r_1
#   unit: ''
#   datatype: float64
#   format: '{:7.4f}'
#   description: Distance from center (237.67281380000-55.61729668000)[ICRS], at Epoch=J2016.0
#   meta: !!omap
#   - {ucd: POS_ANG_DIST_GENERAL}
#   - {width: 7}
#   - {precision: '4'}
# - name: HIP
#   datatype: int32
#   description: '? HIP cross-id number, van Leeuwen, Cat. I/311 (hip_original_ext_source_id)'
#   meta: !!omap
#   - {ucd: ID_NUMBER}
#   - {width: 6}
#   - values: {'null': -2147483648}
# - name: TYC2
#   datatype: string
#   description: Tycho-2 cross-id name, Hog et al., Cat. I/259 (tyc2_original_ext_source_id)
#   meta: !!omap
#   - {ucd: ID_CROSSID}
#   - {_votable_string_dtype: char}
# - name: Source
#   datatype: int64
#   description: Source identifier, identical to the Gaia-EDR3 source_id (id)
#   meta: !!omap
#   - {ucd: ID_MAIN}
#   - {width: 19}
# - name: rgeo
#   unit: pc
#   datatype: float64
#   format: '{:15.8f}'
#   description: '? Median of the geometric distance posterior (r_med_geo)'
#   meta: !!omap
#   - {ucd: PHYS_DISTANCE_TRUE}
#   - {width: 15}
#   - {precision: '8'}
#   - values: {'null': .nan}
# - name: Plx
#   unit: mas
#   datatype: float64
#   format: '{:9.4f}'
#   description: '? Parallax (parallax)'
#   meta: !!omap
#   - {ucd: POS_PARLX_TRIG}
#   - {width: 9}
#   - {precision: '4'}
#   - values: {'null': .nan}
# - name: e_Plx
#   unit: mas
#   datatype: float32
#   format: '{:7.4f}'
#   description: '? Standard error of parallax (parallax_error)'
#   meta: !!omap
#   - {ucd: ERROR}
#   - {width: 7}
#   - {precision: '4'}
#   - values: {'null': .nan}
# - name: pmRA
#   unit: mas / yr
#   datatype: float64
#   format: '{:9.3f}'
#   description: '? Proper motion in right ascension direction, pmRA*cosDE (pmra)'
#   meta: !!omap
#   - {ucd: POS_EQ_PMRA}
#   - {width: 9}
#   - {precision: '3'}
#   - values: {'null': .nan}
# - name: pmDE
#   unit: mas / yr
#   datatype: float64
#   format: '{:9.3f}'
#   description: '? Proper motion in declination direction (pmdec)'
#   meta: !!omap
#   - {ucd: POS_EQ_PMDEC}
#   - {width: 9}
#   - {precision: '3'}
#   - values: {'null': .nan}
# - name: e_pmRA
#   unit: mas / yr
#   datatype: float32
#   format: '{:6.3f}'
#   description: '? Standard error of proper motion in right ascension direction (pmra_error)'
#   meta: !!omap
#   - {ucd: ERROR}
#   - {width: 6}
#   - {precision: '3'}
#   - values: {'null': .nan}
# - name: e_pmDE
[...]
#         value: !astropy.table.SerializedColumn {name: SkyCoord.dec}
#       distance: !astropy.table.SerializedColumn
#         __class__: astropy.coordinates.distances.Distance
#         unit: !astropy.units.Unit {unit: pc}
#         value: !astropy.table.SerializedColumn {name: SkyCoord.distance}
#       frame: icrs
#       obstime: !astropy.time.Time {format: jyear_str, in_subfmt: '*', jd1: 367701545.0, jd2: 0.0, out_subfmt: '*', precision: 3, scale: tt}
#       pm_dec: !astropy.table.SerializedColumn
#         __class__: astropy.units.quantity.Quantity
#         unit: !astropy.units.Unit {unit: mas / yr}
#         value: !astropy.table.SerializedColumn {name: SkyCoord.pm_dec}
#       pm_ra_cosdec: !astropy.table.SerializedColumn
#         __class__: astropy.units.quantity.Quantity
#         unit: !astropy.units.Unit {unit: mas / yr}
#         value: !astropy.table.SerializedColumn {name: SkyCoord.pm_ra_cosdec}
#       ra: !astropy.table.SerializedColumn
#         __class__: astropy.coordinates.angles.Longitude
#         unit: *id001
#         value: !astropy.table.SerializedColumn {name: SkyCoord.ra}
#         wrap_angle: !astropy.coordinates.Angle
#           unit: *id001
#           value: 360.0
#       representation_type: spherical
# schema: astropy-2.0
RA_ICRS_1 DE_ICRS_1 e_RA_ICRS e_DE_ICRS _r_1 HIP TYC2 Source rgeo Plx e_Plx pmRA pmDE e_pmRA e_pmDE RUWE Teff logg Gmag BP-RP BPmag RPmag RV e_RV b_rgeo B_rgeo FG e_FG FBP e_FBP FRP e_FRP RAVE5 RAVE6 e_Gmag e_BPmag e_RPmag e_BP-RP SkyCoord.ra SkyCoord.dec SkyCoord.distance SkyCoord.pm_ra_cosdec SkyCoord.pm_dec rmRA rmDE e_rmRA e_rmDE rRV e_rRV v_pec v_pec3d e_vpec e_vpec3d
[from data line 471]
238.0609882227 -55.47992655948 0.0176 0.0144 15.5412 "" "" 5884586236196922752 2279.74683 0.3945 0.0265 -1.931 -3.095 0.028 0.025 0.967 "" "" 14.958335 1.708727 15.768192 14.059465 "" "" 2153.32886 2418.35547 19570.99001 3.769 6731.9 9.8466 18853.0 10.702 "" "" 0.0027632424645082972 0.0032104598 0.0038293058 0.007039766 238.0609882227 -55.47992655948 2279.74683 -1.9310000000000014 -3.095000000000002 1.4509999694824218 1.6744287300109861 0.09126589 0.08826588 "" "" 23.94233228036801 "" 2.144390663283693 ""
237.21785772416 -55.54042760505 0.0172 0.0146 16.1049 "" "" 5884221507605609088 1798.42468 0.5104 0.0249 -0.826 -5.62 0.027 0.024 1.027 "" "" 14.959326 1.943054 15.919149 13.976095 74.68 7.53 1730.04321 1863.36633 19553.12973 4.2844 5858.1 8.2002 20357.0 11.326 "" "" 0.0027655716865741644 0.003177247 0.0038273525 0.0070045996 237.21785772416 -55.54042760505 1798.42468 -0.8259999999999994 -5.619999999999998 2.555999969482422 -0.8505712699890138 0.090265885 0.08726588 121.58857142857144 8.122444 22.963464305174302 123.73803536074037 2.0660522526764 7.990552861185124
237.2871348066 -55.77039799578 0.0163 0.0144 15.9527 "" "" 5884191197946106496 2253.06665 0.406 0.0266 -4.272 -3.222 0.027 0.023 1.018 "" "" 14.959615 1.994739 15.9473 13.952561 -8.08 13.05 2125.86987 2395.9834 19547.93711 4.4597 5708.2 11.167 20803.0 11.521 "" "" 0.0027664319164128833 0.003506647 0.0038269158 0.0073335627 237.2871348066 -55.77039799578 2253.06665 -4.272 -3.2219999999999978 -0.8900000305175784 1.5474287300109864 0.090265885 0.086265884 38.82857142857143 13.642445 19.06420026085034 43.256232970168355 1.6638716306876062 12.267955052624599
237.25981213657 -55.35297142093 0.0179 0.0159 21.1818 "" "" 5884225321536732288 1766.85132 0.5108 0.0247 -3.164 -6.356 0.028 0.025 0.946 "" "" 14.968961 3.040878 16.75165 13.710772 -10.44 1.67 1690.99451 1853.86755 19380.3921 6.1214 2721.2 9.0764 25993.0 18.109 "" "" 0.0027765795828881726 0.004571613 0.0038543348 0.008425947 237.25981213657 -55.35297142093 1766.85132 -3.164 -6.356 0.21799996948242173 -1.5865712699890135 0.09126589 0.08826588 36.46857142857143 2.2624445 13.412180037413346 38.856701808012545 1.1845958908109082 2.1624047603909986
237.23326740305 -55.78356970981 0.0165 0.0145 17.8995 "" "" 5884191236674318592 2223.58008 0.4014 0.0267 0.352 -1.84 0.028 0.023 1.022 6900.3 2.5083 14.974578 2.930119 16.665462 13.735344 -56.56 2.66 2089.49951 2362.09375 19280.37401 5.2826 2946.0 7.9783 25411.0 16.641 "" "" 0.002771332399358784 0.004053495 0.0038456828 0.007899178 237.23326740305 -55.78356970981 2223.58008 0.352 -1.84 3.7339999694824217 2.9294287300109865 0.09126589 0.086265884 -9.651428571428575 3.2524445 50.02151596905631 50.94410793518661 4.471619180028904 4.433665029811935
237.71897659371 -55.86905618527 0.0172 0.0144 15.1858 "" "" 5884199208133863680 1745.47937 0.5289 0.0246 -0.601 -4.58 0.026 0.024 0.952 "" "" 14.978738 2.143261 16.081652 13.938391 -72.19 3.93 1678.81348 1832.53772 19206.65596 4.1294 5043.8 9.2644 21077.0 15.008 "" "" 0.0027651907111916796 0.0034296 0.003857644 0.0072872443 237.71897659371 -55.86905618527 1745.47937 -0.6009999999999991 -4.58 2.780999969482422 0.18942873001098626 0.08926588 0.08726588 -25.28142857142857 4.5224447 23.06211925690932 34.220052238886964 2.0584497994709023 3.617691459213736
238.34291900769 -55.68058412006 0.0185 0.0147 23.0024 "" "" 5884158182603501440 1769.79407 0.5318 0.0257 -6.006 -5.077 0.029 0.025 0.951 7048.0 3.5732 14.979022 1.577497 15.711103 14.133605 -41.3 7.72 1690.82617 1867.94788 19201.6145 4.3669 7095.4 12.677 17608.0 8.808 "" "" 0.002766362210325841 0.0033982338 0.0038182065 0.0072164405 238.34291900769 -55.68058412006 1769.79407 -6.0059999999999985 -5.077 -2.6240000305175784 -0.30757126998901363 0.09226588 0.08826588 5.60857142857143 8.312445 22.162974644260355 22.861616709050022 2.0437105954409045 2.8432346917269196
237.5567056694 -55.55779058891 0.0181 0.0162 5.3149 "" "" 5884207351392456704 2183.0459 0.4147 0.025 -1.3 -1.239 0.031 0.027 0.984 8401.0 3.1749 14.980248 1.719981 15.794502 14.074521 -40.19 16.69 2070.26245 2323.36963 19179.94578 4.2312 6570.8 8.7605 18593.0 12.352 "" "" 0.002765711281740566 0.0031433203 0.0038475955 0.006990916 237.5567056694 -55.55779058891 2183.0459 -1.3 -1.2390000000000003 2.081999969482422 3.5304287300109864 0.09426588 0.090265885 6.71857142857143 17.282444 42.410990081714004 42.939856564176594 3.872751837878737 4.684351367949045
238.05910144909 -55.37029956998 0.0262 0.0217 19.7994 "" "" 5884587266999473024 2290.86646 0.3993 0.0388 -3.658 -3.486 0.039 0.038 0.954 4814.9 2.7452 14.981174 2.371926 16.24841 13.876483 -5.72 2.91 2056.21094 2508.81299 19163.58621 4.8001 4325.7 6.3086 22313.0 11.677 "" "" 0.0027687089362195224 0.0032081648 0.0038218547 0.0070300195 238.05910144909 -55.37029956998 2290.86646 -3.6580000000000013 -3.4860000000000024 -0.27600003051757804 1.2834287300109861 0.10226588 0.10126588 41.18857142857143 3.5024445 14.254985844832833 43.58558291181747 1.4441767211126375 3.3433577418861926
237.90299651664 -55.88014443593 0.0196 0.0164 17.5824 "" "" 5884151482453845504 1621.40759 0.5787 0.0271 0.592 -1.271 0.031 0.026 1.23 "" "" 14.982191 1.515942 15.602522 14.08658 "" "" 1564.13611 1682.62866 19145.66617 6.0345 7841.7 50.867 18388.0 117.46 "" "" 0.0027764903025915113 0.007575433 0.007898439 0.0154738715 237.90299651664 -55.88014443593 1621.40759 0.592 -1.271 3.973999969482422 3.4984287300109864 0.09426588 0.08926588 "" "" 40.69069442712664 "" 3.7482721123079137 ""
237.48619438945 -55.7389575237 0.017 0.0149 9.6511 "" "" 5884180482075353472 2170.40088 0.4316 0.0278 -2.106 -3.846 0.029 0.024 0.968 "" "" 14.983002 1.557642 15.698308 14.140666 "" "" 2045.36011 2300.48218 19131.36691 3.9725 7179.5 9.1564 17494.0 9.8696 "" "" 0.0027645280300657477 0.003114873 0.0038286985 0.0069435714 237.48619438945 -55.7389575237 2170.40088 -2.1060000000000016 -3.846 1.275999969482422 0.9234287300109862 0.09226588 0.08726588 "" "" 16.20401458277916 "" 1.4677344001648776 ""
237.96556098077 -55.96460676248 0.036 0.0305 23.06 "" "" 5884147771601900800 1759.54297 0.5382 0.0489 -2.081 -3.734 0.056 0.051 2.117 "" "" 14.98474 1.85163 15.880074 14.028444 "" "" 1643.35278 1914.10278 19100.76338 6.1706 6072.8 6.8657 19399.0 10.858 "" "" 0.002777555910292458 0.0030482446 0.0038279283 0.006876173 237.96556098077 -55.96460676248 1759.54297 -2.0810000000000004 -3.7340000000000027 1.300999969482422 1.0354287300109863 0.119265884 0.11426588 "" "" 13.867663389167127 "" 1.6274015294893323 ""
237.4304677979 -55.47515544432 0.0195 0.0162 11.8493 "" "" 5884220339374503552 1912.89612 0.48 0.0256 -1.05 -1.779 0.031 0.028 0.966 "" "" 14.98665 2.626194 16.445883 13.819689 -70.02 2.37 1835.67834 1993.3313 19067.20125 5.3134 3606.3 6.7791 23512.0 14.532 "" "" 0.002771882259690754 0.003456959 0.0038384954 0.0072954544 237.4304677979 -55.47515544432 1912.89612 -1.0499999999999994 -1.7790000000000001 2.331999969482422 2.9904287300109864 0.09426588 0.09126589 -23.11142857142857 2.9624443 34.38448924433279 41.42983503715507 3.177532687040733 3.112192678516667
237.82147071135 -55.2698318916 0.0181 0.015 21.453 "" "" 5884592180431951616 2021.4198 0.4518 0.0266 -5.006 -4.882 0.028 0.024 1.066 "" "" 14.987509 2.05907 16.033142 13.974072 -12.07 3.16 1921.53601 2158.78931 19052.11056 7.9277 5274.2 13.204 20395.0 20.426 "" "" 0.0027921131595743426 0.0038953023 0.003932701 0.007828003 237.82147071135 -55.2698318916 2021.4198 -5.006 -4.882 -1.6240000305175784 -0.11257126998901335 0.09126589 0.08726588 34.83857142857143 3.7524445 15.597742957921104 38.170874296576585 1.42325000613463 3.4738863674768616
237.80246439588 -55.87543103079 0.0181 0.015 16.0951 "" "" 5884152135289175040 2297.3374 0.3997 0.0257 -4.328 -3.051 0.027 0.026 0.948 8226.9 3.3403 14.988961 1.61495 15.604976 13.990025 "" "" 2171.37964 2457.19507 19026.6409 8.8203 7824.0 73.097 20098.0 137.55 "" "" 0.0028009144971246603 0.010520412 0.008336644 0.018857054 237.80246439588 -55.87543103079 2297.3374 -4.328000000000001 -3.0509999999999993 -0.9460000305175784 1.7184287300109862 0.090265885 0.08926588 "" "" 21.360714076325685 "" 1.9117722114775546 ""
237.46008927918 -55.29615498067 0.0194 0.0179 20.5828 "" "" 5884230750375648640 1852.29199 0.4894 0.0256 -1.363 -4.042 0.03 0.03 1.016 "" "" 14.991637 2.836068 16.60944 13.773372 -25.49 1.78 1773.62292 1949.56213 18979.81309 5.4821 3102.0 8.1597 24536.0 16.628 "" "" 0.002773109417664776 0.0039927093 0.0038503418 0.007843051 237.46008927918 -55.29615498067 1852.29199 -1.3630000000000009 -4.042 2.018999969482422 0.7274287300109865 0.09326588 0.09326588 21.41857142857143 2.3724444 18.84199208749935 28.52675705134049 1.7573150412874756 2.126084792547356
237.52439862339 -55.99119701421 0.018 0.0154 22.9855 "" "" 5884173266529944576 2334.53979 0.3895 0.0279 -4.467 -3.039 0.028 0.023 1.008 "" "" 14.992645 1.903285 15.912771 14.009486 1.56 5.7 2155.31299 2517.30786 18962.18821 4.6462 5892.6 15.601 19741.0 38.434 "" "" 0.002768133377058601 0.004006006 0.00433036 0.008336365 237.52439862339 -55.99119701421 2334.53979 -4.466999999999999 -3.0389999999999997 -1.0850000305175778 1.7304287300109862 0.09126589 0.086265884 48.46857142857143 6.292444 22.60119498749026 53.47912145117088 1.9822548945356533 5.764096153271166
237.34591525154 -55.67784762357 0.016 0.014 11.6488 "" "" 5884193573136438016 1913.05396 0.4811 0.0251 -2.204 -2.936 0.027 0.023 0.997 "" "" 14.993286 1.691237 15.791902 14.100665 "" "" 1823.24561 2023.34399 18951.00976 6.2293 6586.5 10.9 18151.0 16.754 "" "" 0.0027783372738154383 0.003318657 0.003909997 0.007228654 237.34591525154 -55.67784762357 1913.05396 -2.203999999999999 -2.936000000000001 1.1779999694824217 1.8334287300109864 0.090265885 0.086265884 "" "" 19.761197968963796 "" 1.728187745217442 ""
237.97345962889 -55.32538218382 0.0184 0.0147 20.2809 "" "" 5884588263421666688 1973.65491 0.4774 0.0277 -1.014 -2.236 0.031 0.025 0.989 "" "" 14.995573 1.293694 15.554638 14.260944 "" "" 1855.17627 2098.23755 18911.13353 3.8354 8195.2 11.699 15660.0 11.182 "" "" 0.0027641051844650376 0.0031917624 0.0038580783 0.007049841 237.97345962889 -55.32538218382 1973.65491 -1.014 -2.236 2.3679999694824216 2.533428730010986 0.09426588 0.08826588 "" "" 32.441764896587 "" 2.955859431071115 ""
237.94309120753 -55.80415020526 0.0218 0.0182 14.4623 "" "" 5884153475305195136 2161.20898 0.4174 0.0276 -4.688 -6.917 0.032 0.031 1.174 4578.9 2.6303 14.996603 2.508155 16.316597 13.808442 -61.02 2.77 2048.69751 2256.72339 18893.1933 6.4137 4062.4 17.754 23756.0 150.4 "" "" 0.0027798629484924193 0.0055045653 0.007844314 0.013348879 237.94309120753 -55.80415020526 2161.20898 -4.687999999999997 -6.917000000000002 -1.3060000305175778 -2.1475712699890135 0.09526588 0.09426588 -14.111428571428576 3.3624444 25.74865516671058 29.361976418843167 2.4341980025132894 2.67733978651766
238.18995768323 -55.86784815266 0.0197 0.0163 23.0448 "" "" 5884149352149908608 1601.22864 0.5835 0.0257 -4.583 -4.38 0.032 0.028 0.983 8370.9 3.7387 14.997888 1.464379 15.655401 14.191022 "" "" 1553.10071 1673.4259 18870.86154 4.215 7468.9 12.274 16701.0 14.106 "" "" 0.002765971915840648 0.0033118827 0.0038890461 0.007200929 238.18995768323 -55.86784815266 1601.22864 -4.582999999999999 -4.379999999999999 -1.2010000305175783 0.38942873001098643 0.09526588 0.09126589 "" "" 9.5826020335888 "" 0.9093179076033049 ""
238.02734328544 -55.58892664472 0.0177 0.0159 12.1368 "" "" 5884163233485374080 2146.33545 0.4235 0.0258 -5.005 -4.768 0.029 0.026 1.003 8241.4 3.6431 15.003266 1.849215 15.898986 14.04977 -31.72 9.89 2057.57178 2291.16406 18777.60844 4.2411 5967.9 8.1076 19022.0 23.948 "" "" 0.0027662111428082927 0.0031560583 0.0040189736 0.007175032 238.02734328544 -55.58892664472 2146.33545 -5.004999999999999 -4.767999999999999 -1.623000030517578 0.0014287300109865342 0.09226588 0.08926588 15.188571428571429 10.482445 16.511808251789468 22.43507329572781 1.5234765073659686 7.184659204414973
237.53561019674 -55.96418902644 0.0463 0.0401 21.3219 "" "" 5884173747566306816 1668.5874 0.5711 0.0738 -6.576 -2.356 0.077 0.06 2.908 6347.2 3.4937 15.006103 2.11118 16.059538 13.948358 -18.59 6.9 1478.12659 1845.6344 18728.61789 19.559 5147.6 14.485 20884.0 17.102 "" "" 0.0029795070460454033 0.0041375384 0.0038825572 0.0080200955 237.53561019674 -55.96418902644 1668.5874 -6.575999999999999 -2.356 -3.1940000305175777 2.4134287300109865 0.14026588 0.12326588 28.318571428571428 7.4924445 31.662382349277596 42.47879404817123 4.253411571437789 5.916058526090838
237.20377572249 -55.52944293433 0.0176 0.0156 16.7607 "" "" 5884221571958669696 2041.12061 0.444 0.0251 -5.031 -5.501 0.027 0.026 1.042 "" "" 15.008423 2.523904 16.390541 13.866637 -46.06 3.81 1952.62878 2142.90332 18688.64335 5.0278 3794.9 8.3911 22517.0 14.275 "" "" 0.0027707596517463195 0.0036808343 0.0038415506 0.0075223846 237.20377572249 -55.52944293433 2041.12061 -5.031000000000002 -5.500999999999999 -1.6490000305175778 -0.731571269989014 0.090265885 0.08926588 0.8485714285714252 4.4024444 17.453491414918034 17.474107589230567 1.5725978668937117 1.585224945917324
237.53971441408 -55.29456034691 0.0199 0.0182 19.8866 "" "" 5884229272906881792 1774.3324 0.5279 0.0245 -1.317 -2.551 0.03 0.031 0.98 "" "" 15.009673 1.645613 15.77907 14.133457 "" "" 1703.6676 1847.81287 18667.13358 3.8516 6664.8 8.8701 17611.0 11.477 "" "" 0.0027644121629931515 0.0031421413 0.0038450463 0.0069871875 237.53971441408 -55.29456034691 1774.3324 -1.316999999999999 -2.5509999999999984 2.0649999694824217 2.218428730010986 0.09326588 0.09426588 "" "" 25.48990945698704 "" 2.39102945989747 ""
237.55852554551 -55.92487449873 0.018 0.0147 18.8535 "" "" 5884175362474059008 2274.20459 0.4025 0.0258 -4.465 -3.049 0.028 0.023 0.983 "" "" 15.009685 1.828135 15.897744 14.069609 -48.29 10.14 2139.81738 2459.34619 18666.90773 4.3389 5974.7 8.0474 18677.0 12.402 "" "" 0.002766853486791727 0.0031501807 0.0038475324 0.006997713 237.55852554551 -55.92487449873 2274.20459 -4.465 -3.049 -1.083000030517578 1.7204287300109864 0.09126589 0.086265884 -1.3814285714285717 10.732445 21.914329157328616 21.95782701711857 1.9221905951399636 2.033740075289264
237.70433346844 -55.84557821919 0.022 0.0189 13.7382 "" "" 5884199306844300544 2275.58203 0.3981 0.0315 -4.532 -4.265 0.035 0.03 1.04 6900.1 3.6038 15.010866 1.825918 15.819824 13.993906 -31.95 8.56 2116.85864 2460.19214 18646.62937 6.6035 6419.3 12.629 20026.0 73.237 "" "" 0.002782019208787869 0.0035139204 0.0054817623 0.008995683 237.70433346844 -55.84557821919 2275.58203 -4.532 -4.265 -1.1500000305175782 0.5044287300109866 0.09826589 0.09326588 14.958571428571428 9.152445 13.545017813740198 20.17985051377271 1.3203204658225862 6.84200346322679
237.82623279509 -55.7024092002 0.0195 0.0172 7.283 "" "" 5884202025632586368 2351.13403 0.3864 0.0264 1.074 -0.951 0.032 0.032 0.974 4948.5 2.5764 15.012484 2.457957 16.346678 13.88872 -28.32 3.17 2209.76416 2533.55835 18618.86756 4.6379 3951.4 7.5509 22063.0 13.463 "" "" 0.0027685617998538963 0.0034770332 0.0038370125 0.007314046 237.82623279509 -55.7024092002 2351.13403 1.0740000000000005 -0.9510000000000005 4.455999969482422 3.8184287300109863 0.09526588 0.09526588 18.588571428571427 3.7624445 65.39795722825036 67.98843870382056 6.230193960402783 6.080459407280552
