Clusters/UBC_536/UBC_536_members.tsv
# %ECSV 1.0
# ---
# datatype:
# - name: RA_ICRS_1
#   unit: deg
#   datatype: float64
#   format: '{:15.11f}'
#   description: Right ascension (ICRS) at Ep=2016.0 (ra)
#   meta: !!omap
#   - {ucd: POS_EQ_RA_MAIN}
#   - {width: 15}
#   - {precision: '11'}
# - name: DE_ICRS_1
#   unit: deg
#   datatype: float64
#   format: '{:15.11f}'
#   description: Declination (ICRS) at Ep=2016.0 (dec)
#   meta: !!omap
#   - {ucd: POS_EQ_DEC_MAIN}
#   - {width: 15}
#   - {precision: '11'}
# - name: e_RA_ICRS
#   unit: mas
#   datatype: float64
#   format: '{:7.4f}'
#   description: Standard error of right ascension (ra_error)
#   meta: !!omap
#   - {ucd: ERROR}
#   - {width: 7}
#   - {precision: '4'}
# - name: e_DE_ICRS
#   unit: mas
#   datatype: float64
#   format: '{:7.4f}'
#   description: Standard error of declination (dec_error)
#   meta: !!omap
#   - {ucd: ERROR}
#   - {width: 7}
#   - {precision: '4'}
# - name: _r_1
#   unit: ''
#   datatype: float64
#   format: '{:7.4f}'
#   description: Distance from center (237.67281380000-55.61729668000)[ICRS], at Epoch=J2016.0
#   meta: !!omap
#   - {ucd: POS_ANG_DIST_GENERAL}
#   - {width: 7}
#   - {precision: '4'}
# - name: HIP
#   datatype: int32
#   description: '? HIP cross-id number, van Leeuwen, Cat. I/311 (hip_original_ext_source_id)'
#   meta: !!omap
#   - {ucd: ID_NUMBER}
#   - {width: 6}
#   - values: {'null': -2147483648}
# - name: TYC2
#   datatype: string
#   description: Tycho-2 cross-id name, Hog et al., Cat. I/259 (tyc2_original_ext_source_id)
#   meta: !!omap
#   - {ucd: ID_CROSSID}
#   - {_votable_string_dtype: char}
# - name: Source
#   datatype: int64
#   description: Source identifier, identical to the Gaia-EDR3 source_id (id)
#   meta: !!omap
#   - {ucd: ID_MAIN}
#   - {width: 19}
# - name: rgeo
#   unit: pc
#   datatype: float64
#   format: '{:15.8f}'
#   description: '? Median of the geometric distance posterior (r_med_geo)'
#   meta: !!omap
#   - {ucd: PHYS_DISTANCE_TRUE}
#   - {width: 15}
#   - {precision: '8'}
#   - values: {'null': .nan}
# - name: Plx
#   unit: mas
#   datatype: float64
#   format: '{:9.4f}'
#   description: '? Parallax (parallax)'
#   meta: !!omap
#   - {ucd: POS_PARLX_TRIG}
#   - {width: 9}
#   - {precision: '4'}
#   - values: {'null': .nan}
# - name: e_Plx
#   unit: mas
#   datatype: float32
#   format: '{:7.4f}'
#   description: '? Standard error of parallax (parallax_error)'
#   meta: !!omap
#   - {ucd: ERROR}
#   - {width: 7}
#   - {precision: '4'}
#   - values: {'null': .nan}
# - name: pmRA
#   unit: mas / yr
#   datatype: float64
#   format: '{:9.3f}'
#   description: '? Proper motion in right ascension direction, pmRA*cosDE (pmra)'
#   meta: !!omap
#   - {ucd: POS_EQ_PMRA}
#   - {width: 9}
#   - {precision: '3'}
#   - values: {'null': .nan}
# - name: pmDE
#   unit: mas / yr
#   datatype: float64
#   format: '{:9.3f}'
#   description: '? Proper motion in declination direction (pmdec)'
#   meta: !!omap
#   - {ucd: POS_EQ_PMDEC}
#   - {width: 9}
#   - {precision: '3'}
#   - values: {'null': .nan}
# - name: e_pmRA
#   unit: mas / yr
#   datatype: float32
#   format: '{:6.3f}'
#   description: '? Standard error of proper motion in right ascension direction (pmra_error)'
#   meta: !!omap
#   - {ucd: ERROR}
#   - {width: 6}
#   - {precision: '3'}
#   - values: {'null': .nan}
# - name: e_pmDE
[...]
#       distance: !astropy.table.SerializedColumn
#         __class__: astropy.coordinates.distances.Distance
#         unit: !astropy.units.Unit {unit: pc}
#         value: !astropy.table.SerializedColumn {name: SkyCoord.distance}
#       frame: icrs
#       obstime: !astropy.time.Time {format: jyear_str, in_subfmt: '*', jd1: 367701545.0, jd2: 0.0, out_subfmt: '*', precision: 3, scale: tt}
#       pm_dec: !astropy.table.SerializedColumn
#         __class__: astropy.units.quantity.Quantity
#         unit: !astropy.units.Unit {unit: mas / yr}
#         value: !astropy.table.SerializedColumn {name: SkyCoord.pm_dec}
#       pm_ra_cosdec: !astropy.table.SerializedColumn
#         __class__: astropy.units.quantity.Quantity
#         unit: !astropy.units.Unit {unit: mas / yr}
#         value: !astropy.table.SerializedColumn {name: SkyCoord.pm_ra_cosdec}
#       ra: !astropy.table.SerializedColumn
#         __class__: astropy.coordinates.angles.Longitude
#         unit: *id001
#         value: !astropy.table.SerializedColumn {name: SkyCoord.ra}
#         wrap_angle: !astropy.coordinates.Angle
#           unit: *id001
#           value: 360.0
#       representation_type: spherical
# schema: astropy-2.0
RA_ICRS_1 DE_ICRS_1 e_RA_ICRS e_DE_ICRS _r_1 HIP TYC2 Source rgeo Plx e_Plx pmRA pmDE e_pmRA e_pmDE RUWE Teff logg Gmag BP-RP BPmag RPmag RV e_RV b_rgeo B_rgeo FG e_FG FBP e_FBP FRP e_FRP RAVE5 RAVE6 e_Gmag e_BPmag e_RPmag e_BP-RP SkyCoord.ra SkyCoord.dec SkyCoord.distance SkyCoord.pm_ra_cosdec SkyCoord.pm_dec rmRA rmDE e_rmRA e_rmDE rRV e_rRV v_pec v_pec3d e_vpec e_vpec3d Pmemb
237.72277236286 -55.60136555824 0.0121 0.0109 1.9443 "" "" 5884203537461366912 1926.68652 0.4761 0.0171 -3.545 -4.707 0.02 0.018 0.803 "" "" 10.643329 2.540638 12.042382 9.501744 -44.35 0.13 1876.72473 1985.38306 1041394.84954 230.76 208190.0 143.05 1254500.0 434.71 "" "" 0.002765803819957392 0.0028881826 0.0037980622 0.006686245 237.72277236286 -55.60136555824 1926.68652 -3.5450000000000004 -4.707000000000001 -0.16300003051757805 0.06242873001098648 0.083265886 0.08126588 2.558571428571426 0.7224444 1.594041628329008 3.014507665929517 0.1323257426542919 0.6171561634625351 0.93
237.51898673058 -55.74010717972 0.0151 0.0135 9.021 "" 8701-1435-1 5884203881058591360 1748.01611 0.5489 0.024 -3.44 -4.735 0.026 0.022 1.221 "" "" 11.331409 1.349379 11.92426 10.574882 "" "" 1674.53687 1811.39868 552564.79389 213.7 232120.0 129.73 466880.0 72.091 "" "" 0.0027871320755367334 0.0028553924 0.0037830984 0.0066384906 237.51898673058 -55.74010717972 1748.01611 -3.44 -4.735 -0.05800003051757807 0.03442873001098601 0.08926588 0.08526588 "" "" 0.5588535545111176 "" 0.049313877963081794 "" 0.93
237.70767843261 -55.674570698 0.0095 0.0083 3.6335 "" "" 5884202914620572800 1787.68506 0.5528 0.013 -3.303 -4.729 0.016 0.014 0.863 "" "" 12.551696 1.365735 13.152492 11.786756 -44.48 7.09 1751.16541 1823.63696 179584.25083 24.134 74889.0 38.165 152920.0 43.42 "" "" 0.002759180886446256 0.002844504 0.0037919343 0.0066364384 237.70767843261 -55.674570698 1787.68506 -3.303 -4.729000000000001 0.07899996948242194 0.040428730010986236 0.079265885 0.07726588 2.4285714285714306 7.6824446 0.7519826089715758 2.5423290557811704 0.0592975693076335 7.33871118423183 0.92
237.66461989223 -55.63190093557 0.011 0.0101 0.9192 "" "" 5884205972637351424 1813.14172 0.512 0.0149 -3.339 -4.776 0.019 0.017 0.961 "" "" 13.128661 1.281446 13.677139 12.395694 "" "" 1763.0105 1864.76904 105555.81944 22.919 46191.0 32.117 87273.0 47.498 "" "" 0.002765386755409268 0.002890494 0.0038252973 0.0067157913 237.66461989223 -55.63190093557 1813.14172 -3.339 -4.776 0.04299996948242191 -0.006571269989013473 0.08226588 0.08026588 "" "" 0.37384467396718524 "" 0.030737802136077387 "" 0.98
237.69873896075 -55.7091929737 0.0105 0.0091 5.5831 "" "" 5884202575388474240 1789.99231 0.5222 0.0151 -3.362 -4.654 0.018 0.015 0.956 "" "" 13.514096 1.225522 14.037993 12.812471 "" "" 1738.91028 1834.4231 74013.06514 14.634 33130.0 23.244 59452.0 31.459 "" "" 0.0027636704260859354 0.0028922854 0.0038227995 0.006715085 237.69873896075 -55.7091929737 1789.99231 -3.362 -4.654 0.019999969482421776 0.11542873001098641 0.08126588 0.07826588 "" "" 0.9939545969082382 "" 0.07788126001249 "" 0.93
237.69965728896 -55.59994491629 0.0125 0.011 1.3826 "" "" 5884206492398882304 1778.15454 0.5215 0.0172 -3.354 -4.763 0.021 0.019 1.033 "" "" 13.788233 1.351273 14.381137 13.029864 "" "" 1728.72583 1828.41553 57498.14108 9.3518 24152.0 18.227 48665.0 17.167 "" "" 0.0027609732658861502 0.0029079951 0.003798739 0.006706734 237.69965728896 -55.59994491629 1778.15454 -3.354 -4.763000000000001 0.027999969482421783 0.006428730010986428 0.08426588 0.08226588 "" "" 0.24213681996671227 "" 0.02037989582473316 "" 0.97
237.62206492889 -55.43465215156 0.013 0.011 11.0934 "" "" 5884226146170596736 1788.93481 0.5228 0.0168 -3.347 -4.661 0.02 0.018 0.956 "" "" 13.810071 1.237485 14.338652 13.101167 "" "" 1732.7467 1828.54041 56353.16178 13.967 25116.0 26.008 45571.0 36.936 "" "" 0.0027684296452883637 0.0030081705 0.0038804815 0.006888652 237.62206492889 -55.43465215156 1788.93481 -3.3470000000000026 -4.660999999999998 0.0349999694824219 0.10842873001098674 0.083265886 0.08126588 "" "" 0.9661400866896837 "" 0.07869858893804726 "" 0.88
237.6794355326 -55.52684765218 0.0125 0.0114 5.4316 "" "" 5884212780231542656 1889.86292 0.49 0.0181 -3.355 -4.805 0.021 0.019 1.01 "" "" 13.820224 1.381853 14.431351 13.049498 "" "" 1827.36731 1942.19592 55828.67128 9.7417 23061.0 17.553 47792.0 17.691 "" "" 0.0027618258250155705 0.0029099842 0.003800691 0.0067106755 237.6794355326 -55.52684765218 1889.86292 -3.355 -4.804999999999999 0.026999969482421893 -0.03557126998901339 0.08426588 0.08226588 "" "" 0.4000417986223765 "" 0.0332044885224512 "" 0.97
237.53107670724 -55.65329219321 0.0117 0.0106 5.2638 "" "" 5884205289808039552 1712.35217 0.5413 0.0183 -3.386 -4.775 0.02 0.017 0.977 "" "" 13.9636 1.249821 14.501915 13.252094 "" "" 1664.91382 1772.50305 48922.29457 8.4424 21610.0 15.973 39657.0 12.788 "" "" 0.00276168322376811 0.002903289 0.003795564 0.006698853 237.53107670724 -55.65329219321 1712.35217 -3.386000000000001 -4.775 -0.004000030517578246 -0.005571269989014027 0.083265886 0.08026588 "" "" 0.055667513738806025 "" 0.0045256990157508765 "" 0.96
237.83586713285 -55.64359196916 0.0147 0.0127 5.7438 "" "" 5884208279105635200 1733.92639 0.5423 0.0204 -3.315 -4.921 0.025 0.023 0.986 "" "" 14.171819 1.225457 14.692326 13.466868 "" "" 1673.1604 1798.83606 40384.92384 7.2132 18134.0 14.687 32539.0 15.273 "" "" 0.0027621361613074584 0.0029254593 0.0038135857 0.006739045 237.83586713285 -55.64359196916 1733.92639 -3.3149999999999995 -4.920999999999999 0.06699996948242193 -0.15157126998901393 0.08826588 0.086265884 "" "" 1.362014613765855 "" 0.11794495760712212 "" 0.88
237.64143045138 -55.62765988331 0.0155 0.014 1.2317 "" "" 5884206011362528768 1827.56738 0.5079 0.0217 -3.35 -4.835 0.027 0.023 0.974 9153.9 3.6317 14.50601 1.392003 15.119033 13.72703 "" "" 1751.77991 1924.63562 29685.38229 5.7895 12241.0 11.527 25606.0 17.543 "" "" 0.0027634448289982293 0.0029715928 0.0038518882 0.006823481 237.64143045138 -55.62765988331 1827.56738 -3.35 -4.835 0.031999969482421786 -0.06557126998901364 0.090265885 0.086265884 "" "" 0.6320537598965943 "" 0.0550200061031027 "" 0.94
237.69408973893 -55.60881603954 0.0157 0.0141 0.8824 "" "" 5884206389319653888 1917.61084 0.491 0.0221 -3.459 -4.899 0.026 0.024 0.987 "" "" 14.543231 1.452828 15.193805 13.740976 "" "" 1831.98352 1991.84021 28684.96805 5.064 11426.0 9.2535 25279.0 13.356 "" "" 0.00276197907293167 0.0029254423 0.0038226682 0.0067481105 237.69408973893 -55.60881603954 1917.61084 -3.4590000000000023 -4.898999999999998 -0.0770000305175782 -0.1295712699890137 0.08926588 0.08726588 "" "" 1.3700019224891795 "" 0.12027554548956669 "" 0.89
237.66949903311 -55.52167370258 0.016 0.0144 5.7385 "" "" 5884213536145796224 1795.32043 0.5191 0.0221 -3.359 -4.749 0.027 0.024 0.971 8593.9 3.5011 14.589546 1.44424 15.235875 13.791635 "" "" 1727.16785 1875.83008 27487.05252 4.7469 10992.0 11.381 24127.0 15.272 "" "" 0.0027616926794471644 0.0030081195 0.0038413596 0.006849479 237.66949903311 -55.52167370258 1795.32043 -3.3590000000000004 -4.748999999999997 0.02299996948242189 0.020428730010986662 0.090265885 0.08726588 "" "" 0.2617833296459962 "" 0.02328702810495707 "" 0.96
237.38364098912 -55.69416596592 0.017 0.0149 10.8206 "" "" 5884193298258518528 1919.49707 0.4858 0.0264 -3.418 -4.766 0.029 0.025 0.983 "" "" 15.160301 1.631681 15.92173 14.290049 "" "" 1832.58337 2012.02344 16248.98268 3.4259 5844.2 9.1707 15245.0 11.612 "" "" 0.0027648130379941635 0.0032692135 0.0038688048 0.0071380185 237.38364098912 -55.69416596592 1919.49707 -3.418000000000001 -4.766 -0.036000030517578274 0.003428730010986314 0.09226588 0.08826588 "" "" 0.32902549573541506 "" 0.03034625048682143 "" 0.96
237.8202677438 -55.63286470008 0.0203 0.0182 5.0818 "" "" 5884208347825124096 1806.05505 0.5178 0.029 -3.352 -4.738 0.033 0.031 0.999 8787.6 3.535 15.176702 1.398246 15.798887 14.400641 "" "" 1721.16675 1933.52625 16005.37061 3.3918 6544.3 7.9157 13769.0 11.296 "" "" 0.00276491023891078 0.0030837797 0.0038829278 0.0069667073 237.8202677438 -55.63286470008 1806.05505 -3.352 -4.738000000000001 0.029999969482422006 0.031428730010985895 0.09626588 0.09426588 "" "" 0.3719487365718714 "" 0.0354186797606757 "" 0.95
237.55715214232 -55.66835595516 0.0193 0.0177 4.9723 "" "" 5884204533893751552 1845.99695 0.5029 0.0312 -3.395 -4.71 0.032 0.029 1.013 "" "" 15.339179 1.530373 16.036777 14.506405 "" "" 1735.89954 1955.54932 13780.82522 3.2527 5256.6 7.5586 12491.0 8.3031 "" "" 0.0027672120087897825 0.0031972518 0.0038476752 0.007044927 237.55715214232 -55.66835595516 1845.99695 -3.3949999999999982 -4.709999999999999 -0.013000030517578143 0.059428730010986364 0.09526588 0.09226588 "" "" 0.5322989954987739 "" 0.04918709020897682 "" 0.89
237.88560597029 -55.50131277929 0.0278 0.0246 10.0283 "" "" 5884211405841958272 1685.91614 0.5525 0.0409 -3.406 -4.773 0.044 0.04 0.995 "" "" 15.916657 1.972606 16.895632 14.923026 "" "" 1553.82458 1805.19141 8096.24397 2.4828 2383.2 6.3066 8510.4 10.004 "" "" 0.0027753642765732654 0.0040050056 0.003989064 0.00799407 237.88560597029 -55.50131277929 1685.91614 -3.4060000000000015 -4.773000000000005 -0.024000030517578264 -0.0035712699890133592 0.10726588 0.10326588 "" "" 0.19390177039881976 "" 0.020782549528180188 "" 0.89
237.93970699444 -55.61180856584 0.0314 0.0271 9.0498 "" "" 5884208588343279360 1701.51147 0.5786 0.042 -3.49 -4.743 0.05 0.046 0.948 "" "" 16.12771 1.594807 16.866512 15.271706 "" "" 1607.3606 1826.55615 6665.96286 2.6246 2448.0 6.2126 6172.7 8.2173 "" "" 0.0027882854743355506 0.0039213942 0.0040463335 0.007967727 237.93970699444 -55.61180856584 1701.51147 -3.4900000000000015 -4.743000000000001 -0.10800003051757834 0.026428730010986 0.11326589 0.10926588 "" "" 0.8967390873550223 "" 0.10137066840315773 "" 0.85
237.7156889683 -55.56739522632 0.0313 0.0287 3.3283 "" "" 5884212466627978240 1773.75049 0.5429 0.0458 -3.442 -4.744 0.053 0.048 0.973 8178.9 3.6058 16.155962 1.607521 16.905426 15.297905 "" "" 1636.82678 1923.24817 6494.74611 2.2208 2361.8 6.0941 6025.5 8.017 "" "" 0.002780219269804901 0.003953916 0.0040460536 0.00799997 237.7156889683 -55.56739522632 1773.75049 -3.442 -4.744 -0.060000030517578296 0.025428730010986555 0.11626588 0.11126588 "" "" 0.547889242787343 "" 0.06329135046069218 "" 0.91
237.75902571445 -55.74560227838 0.0319 0.0284 8.2322 "" "" 5884201682035155968 1886.50281 0.4964 0.0426 -3.297 -4.759 0.05 0.048 1.022 7871.7 3.4809 16.21325 1.66343 16.997715 15.334285 "" "" 1750.02478 2044.41235 6160.93715 2.2502 2169.4 5.9002 5827.0 7.1054 "" "" 0.0027837100811319896 0.004062607 0.004004565 0.008067172 237.75902571445 -55.74560227838 1886.50281 -3.297000000000005 -4.759000000000003 0.08499996948242172 0.010428730010985987 0.11326589 0.11126588 "" "" 0.765771050536204 "" 0.0867132222309678 "" 0.83
237.38315719026 -55.59319210601 0.034 0.0301 9.9234 "" "" 5884217689308177408 1700.53149 0.5665 0.0497 -3.308 -4.916 0.053 0.048 0.955 9452.3 4.2894 16.51362 1.919632 17.465313 15.545681 "" "" 1572.96497 1869.11169 4671.95819 1.9328 1410.2 5.5611 4796.1 7.4172 "" "" 0.0027916920567067263 0.0051104794 0.004135589 0.009246068 237.38315719026 -55.59319210601 1700.53149 -3.307999999999999 -4.915999999999994 0.07399996948242205 -0.14657126998901404 0.11626588 0.11126588 "" "" 1.3234757195116522 "" 0.14862567573200094 "" 0.85
