Clusters/UBC_536/UBC_536_stars_in_region.tsv
# %ECSV 1.0
# ---
# datatype:
# - name: RA_ICRS_1
#   unit: deg
#   datatype: float64
#   format: '{:15.11f}'
#   description: Right ascension (ICRS) at Ep=2016.0 (ra)
#   meta: !!omap
#   - {ucd: POS_EQ_RA_MAIN}
#   - {width: 15}
#   - {precision: '11'}
# - name: DE_ICRS_1
#   unit: deg
#   datatype: float64
#   format: '{:15.11f}'
#   description: Declination (ICRS) at Ep=2016.0 (dec)
#   meta: !!omap
#   - {ucd: POS_EQ_DEC_MAIN}
#   - {width: 15}
#   - {precision: '11'}
# - name: e_RA_ICRS
#   unit: mas
#   datatype: float64
#   format: '{:7.4f}'
#   description: Standard error of right ascension (ra_error)
#   meta: !!omap
#   - {ucd: ERROR}
#   - {width: 7}
#   - {precision: '4'}
# - name: e_DE_ICRS
#   unit: mas
#   datatype: float64
#   format: '{:7.4f}'
#   description: Standard error of declination (dec_error)
#   meta: !!omap
#   - {ucd: ERROR}
#   - {width: 7}
#   - {precision: '4'}
# - name: _r_1
#   unit: ''
#   datatype: float64
#   format: '{:7.4f}'
#   description: Distance from center (237.67281380000-55.61729668000)[ICRS], at Epoch=J2016.0
#   meta: !!omap
#   - {ucd: POS_ANG_DIST_GENERAL}
#   - {width: 7}
#   - {precision: '4'}
# - name: HIP
#   datatype: int32
#   description: '? HIP cross-id number, van Leeuwen, Cat. I/311 (hip_original_ext_source_id)'
#   meta: !!omap
#   - {ucd: ID_NUMBER}
#   - {width: 6}
#   - values: {'null': -2147483648}
# - name: TYC2
#   datatype: string
#   description: Tycho-2 cross-id name, Hog et al., Cat. I/259 (tyc2_original_ext_source_id)
#   meta: !!omap
#   - {ucd: ID_CROSSID}
#   - {_votable_string_dtype: char}
# - name: Source
#   datatype: int64
#   description: Source identifier, identical to the Gaia-EDR3 source_id (id)
#   meta: !!omap
#   - {ucd: ID_MAIN}
#   - {width: 19}
# - name: rgeo
#   unit: pc
#   datatype: float64
#   format: '{:15.8f}'
#   description: '? Median of the geometric distance posterior (r_med_geo)'
#   meta: !!omap
#   - {ucd: PHYS_DISTANCE_TRUE}
#   - {width: 15}
#   - {precision: '8'}
#   - values: {'null': .nan}
# - name: Plx
#   unit: mas
#   datatype: float64
#   format: '{:9.4f}'
#   description: '? Parallax (parallax)'
#   meta: !!omap
#   - {ucd: POS_PARLX_TRIG}
#   - {width: 9}
#   - {precision: '4'}
#   - values: {'null': .nan}
# - name: e_Plx
#   unit: mas
#   datatype: float32
#   format: '{:7.4f}'
#   description: '? Standard error of parallax (parallax_error)'
#   meta: !!omap
#   - {ucd: ERROR}
#   - {width: 7}
#   - {precision: '4'}
#   - values: {'null': .nan}
# - name: pmRA
#   unit: mas / yr
#   datatype: float64
#   format: '{:9.3f}'
#   description: '? Proper motion in right ascension direction, pmRA*cosDE (pmra)'
#   meta: !!omap
#   - {ucd: POS_EQ_PMRA}
#   - {width: 9}
#   - {precision: '3'}
#   - values: {'null': .nan}
# - name: pmDE
#   unit: mas / yr
#   datatype: float64
#   format: '{:9.3f}'
#   description: '? Proper motion in declination direction (pmdec)'
#   meta: !!omap
#   - {ucd: POS_EQ_PMDEC}
#   - {width: 9}
#   - {precision: '3'}
#   - values: {'null': .nan}
# - name: e_pmRA
#   unit: mas / yr
#   datatype: float32
#   format: '{:6.3f}'
#   description: '? Standard error of proper motion in right ascension direction (pmra_error)'
#   meta: !!omap
#   - {ucd: ERROR}
#   - {width: 6}
#   - {precision: '3'}
#   - values: {'null': .nan}
# - name: e_pmDE
[...]
#         value: !astropy.table.SerializedColumn {name: SkyCoord.dec}
#       distance: !astropy.table.SerializedColumn
#         __class__: astropy.coordinates.distances.Distance
#         unit: !astropy.units.Unit {unit: pc}
#         value: !astropy.table.SerializedColumn {name: SkyCoord.distance}
#       frame: icrs
#       obstime: !astropy.time.Time {format: jyear_str, in_subfmt: '*', jd1: 367701545.0, jd2: 0.0, out_subfmt: '*', precision: 3, scale: tt}
#       pm_dec: !astropy.table.SerializedColumn
#         __class__: astropy.units.quantity.Quantity
#         unit: !astropy.units.Unit {unit: mas / yr}
#         value: !astropy.table.SerializedColumn {name: SkyCoord.pm_dec}
#       pm_ra_cosdec: !astropy.table.SerializedColumn
#         __class__: astropy.units.quantity.Quantity
#         unit: !astropy.units.Unit {unit: mas / yr}
#         value: !astropy.table.SerializedColumn {name: SkyCoord.pm_ra_cosdec}
#       ra: !astropy.table.SerializedColumn
#         __class__: astropy.coordinates.angles.Longitude
#         unit: *id001
#         value: !astropy.table.SerializedColumn {name: SkyCoord.ra}
#         wrap_angle: !astropy.coordinates.Angle
#           unit: *id001
#           value: 360.0
#       representation_type: spherical
# schema: astropy-2.0
RA_ICRS_1 DE_ICRS_1 e_RA_ICRS e_DE_ICRS _r_1 HIP TYC2 Source rgeo Plx e_Plx pmRA pmDE e_pmRA e_pmDE RUWE Teff logg Gmag BP-RP BPmag RPmag RV e_RV b_rgeo B_rgeo FG e_FG FBP e_FBP FRP e_FRP RAVE5 RAVE6 e_Gmag e_BPmag e_RPmag e_BP-RP SkyCoord.ra SkyCoord.dec SkyCoord.distance SkyCoord.pm_ra_cosdec SkyCoord.pm_dec rmRA rmDE e_rmRA e_rmDE rRV e_rRV v_pec v_pec3d e_vpec e_vpec3d
[from data line 1908]
237.77050763223 -55.63889168351 0.0445 0.0386 3.5539 "" "" 5884203262583624192 1667.30725 0.5783 0.0613 -6.908 -2.989 0.073 0.071 1.017 6864.6 4.0168 16.74715 2.025711 17.77149 15.745779 "" "" 1529.0752 1853.80945 3767.78778 1.8114 1063.7 6.1844 3988.8 9.0887 "" "" 0.0028043271040399677 0.0069016633 0.0045170737 0.0114187375 237.77050763223 -55.63889168351 1667.30725 -6.908 -2.9890000000000025 -3.5260000305175785 1.7804287300109864 0.13626587 0.13426588 "" "" 31.217096358903746 "" 4.241214842455425 ""
237.36714543032 -55.8621721578 0.0396 0.0344 17.9574 "" "" 5884178145613293568 2358.7771 0.4177 0.0623 -4.196 -3.934 0.063 0.055 1.026 "" "" 16.74879 1.762973 17.579428 15.816455 "" "" 2099.0332 2658.2876 3762.09911 1.7831 1269.5 5.1725 3737.5 9.9327 "" "" 0.0028029631730827806 0.005230177 0.0047549373 0.009985114 237.36714543032 -55.8621721578 2358.7771 -4.196 -3.9339999999999993 -0.8140000305175779 0.8354287300109862 0.12626588 0.11826588 "" "" 13.041287130970769 "" 1.594002523992636 ""
237.649341287 -55.99469376323 0.0396 0.0322 22.6577 "" "" 5884126537281200000 1936.13098 0.4894 0.0575 -3.455 -6.171 0.06 0.049 0.923 "" "" 16.749208 2.026265 17.78217 15.755904 "" "" 1768.07861 2140.21558 3760.65213 1.7579 1053.3 5.2759 3951.8 7.9406 "" "" 0.0028016724465086957 0.0061123576 0.0043638595 0.010476217 237.649341287 -55.99469376323 1936.13098 -3.455000000000001 -6.171000000000005 -0.0730000305175782 -1.401571269989014 0.12326588 0.112265885 "" "" 12.880020048997926 "" 1.446388878890126 ""
237.3084506289 -55.93206769032 0.0411 0.0367 22.5363 "" "" 5884171681615439488 1946.45288 0.4984 0.064 -6.801 -5.294 0.063 0.057 1.051 7041.1 4.1304 16.74954 2.32343 17.98324 15.65981 "" "" 1726.39832 2304.87622 3759.50156 1.8467 875.23 4.612 4317.5 8.1499 "" "" 0.002806460923574277 0.006365361 0.0042993147 0.010664675 237.3084506289 -55.93206769032 1946.45288 -6.801000000000001 -5.293999999999997 -3.4190000305175783 -0.5245712699890133 0.12626588 0.120265886 "" "" 31.913453278507834 "" 4.025278876599524 ""
237.17142883283 -55.80666195578 0.0426 0.0368 20.4035 "" "" 5884190790003088128 1682.21265 0.5833 0.0654 -1.659 -2.032 0.067 0.055 1.029 9246.4 3.776 16.749819 2.083944 17.807373 15.723429 "" "" 1518.93445 1865.31165 3758.53892 2.0466 1029.1 7.8411 4071.8 7.6933 "" "" 0.0028180335373981344 0.008730492 0.0043002293 0.013030721 237.17142883283 -55.80666195578 1682.21265 -1.659 -2.032 1.7229999694824218 2.7374287300109863 0.13026589 0.11826588 "" "" 25.791207647071612 "" 3.1411413771488323 ""
237.98406715353 -55.33775690616 0.0465 0.0386 19.8325 "" "" 5884588263421646592 1626.00195 0.5934 0.0683 -3.484 -2.316 0.069 0.064 1.104 9459.0 3.997 16.750006 1.876722 17.575157 15.698435 "" "" 1454.1405 1811.49023 3757.89054 2.6219 1274.5 11.038 4166.6 38.208 "" "" 0.0028575569542884194 0.009808409 0.010649464 0.020457873 237.98406715353 -55.33775690616 1626.00195 -3.484 -2.316 -0.10200003051757811 2.4534287300109865 0.13226588 0.12726589 "" "" 18.925521341677957 "" 2.4087397087354896 ""
237.71553424353 -55.78559885256 0.0407 0.0351 10.2009 "" "" 5884200032768203392 2301.7229 0.4417 0.0579 -2.839 -4.276 0.064 0.057 1.024 7754.2 4.0574 16.750563 1.907003 17.679514 15.772511 "" "" 2006.96497 2671.26758 3755.96713 1.9752 1157.7 4.55 3891.8 7.399 "" "" 0.002813857955781975 0.0050984086 0.0043063387 0.009404747 237.71553424353 -55.78559885256 2301.7229 -2.8390000000000004 -4.276 0.5429999694824219 0.4934287300109865 0.12726589 0.120265886 "" "" 8.004827771061828 "" 0.9937899228607869 ""
237.68471434899 -55.38103639892 0.0501 0.0456 14.1814 "" "" 5884216078766556160 2164.50586 0.4409 0.0603 1.618 -3.797 0.075 0.068 0.959 7135.7 4.2615 16.751225 2.193007 17.889917 15.696911 "" "" 1941.70361 2524.8938 3753.67834 1.924 953.78 5.2666 4172.5 10.479 "" "" 0.0028109592388753345 0.0066127093 0.0046603624 0.011273071 237.68471434899 -55.38103639892 2164.50586 1.6179999999999986 -3.7970000000000033 4.999999969482422 0.9724287300109862 0.13826588 0.13126588 "" "" 52.259964671976206 "" 7.212762972235314 ""
238.26399604133 -55.6968978699 0.0431 0.0328 20.5727 "" "" 5884157942085350016 1738.53125 0.5544 0.0603 -2.041 -2.874 0.067 0.054 0.925 6892.8 4.3267 16.752352 1.61095 17.51269 15.90174 "" "" 1603.68384 1917.28699 3749.78023 1.8993 1350.0 6.7602 3455.1 12.417 "" "" 0.0028096652536524925 0.0061110356 0.0054322043 0.01154324 238.26399604133 -55.6968978699 1738.53125 -2.0410000000000004 -2.8740000000000028 1.340999969482422 1.8954287300109862 0.13026589 0.11726588 "" "" 19.133425483726583 "" 2.3296235002414245 ""
237.53361683582 -55.53709485545 0.0449 0.0394 6.7414 "" "" 5884219171143270656 2070.35181 0.4757 0.0582 -4.738 -4.919 0.071 0.062 0.997 "" "" 16.753328 2.088002 17.817919 15.729917 "" "" 1883.88184 2370.04175 3746.40939 1.8348 1019.2 5.0764 4047.5 7.2453 "" "" 0.002806160158932161 0.0060851756 0.004249833 0.010335009 237.53361683582 -55.53709485545 2070.35181 -4.738000000000001 -4.9190000000000005 -1.3560000305175786 -0.14957126998901327 0.13426588 0.12526588 "" "" 13.38776988473443 "" 1.796120408074038 ""
238.04432128492 -55.75198909529 0.0439 0.0362 14.9405 "" "" 5884159660072299520 1699.68164 0.5677 0.0567 -2.381 -1.949 0.072 0.065 0.978 "" "" 16.753626 1.830654 17.63894 15.808287 "" "" 1555.07617 1845.37036 3745.38294 1.6587 1201.8 5.5299 3765.7 10.38 "" "" 0.00279696112667542 0.005722199 0.004820841 0.01054304 238.04432128492 -55.75198909529 1699.68164 -2.3810000000000002 -1.9489999999999996 1.000999969482422 2.8204287300109865 0.13526589 0.12826589 "" "" 24.111422199127926 "" 3.1120091802291614 ""
237.7176985718 -55.87341717178 0.0389 0.0319 15.4418 "" "" 5884152272727975424 2042.2229 0.4844 0.0554 -4.155 -3.427 0.062 0.054 1.031 7044.7 3.9616 16.75379 1.677317 17.554646 15.877329 "" "" 1832.52783 2324.47534 3744.821 1.6109 1298.8 5.7002 3533.7 7.097 "" "" 0.002794624047354602 0.0055218865 0.0043633245 0.009885211 237.7176985718 -55.87341717178 2042.2229 -4.154999999999997 -3.427 -0.7730000305175784 1.3424287300109863 0.12526588 0.11726588 "" "" 14.995290598033424 "" 1.7890597292390178 ""
237.61911448765 -55.8939586518 0.0823 0.0743 16.6984 "" "" 5884175465553676928 2195.87183 0.5399 0.1221 -5.701 -8.919 0.13 0.122 2.803 4682.4 4.6116 16.754007 1.662991 17.457956 15.794966 "" "" 1653.98071 2911.4563 3744.06604 4.2992 1419.8 8.4726 3812.2 29.15 "" "" 0.0030242514583244916 0.007054333 0.009121861 0.016176194 237.61911448765 -55.8939586518 2195.87183 -5.701 -8.919000000000002 -2.3190000305175777 -4.149571269989014 0.19326589 0.18526588 "" "" 49.47751355878116 "" 9.262229952221826 ""
238.21201113319 -55.44311284597 0.0421 0.0332 21.0828 "" "" 5884539678755905792 2129.42188 0.4648 0.0622 0.871 -2.913 0.065 0.053 1.052 "" "" 16.755402 1.821432 17.638792 15.81736 "" "" 1887.55469 2399.8396 3739.26195 1.7444 1202.0 6.4727 3734.3 8.778 "" "" 0.0028014884657223942 0.006478278 0.004560409 0.011038687 238.21201113319 -55.44311284597 2129.42188 0.871 -2.913 4.252999969482422 1.8564287300109865 0.12826589 0.11626588 "" "" 46.83880432409192 "" 5.921455474764782 ""
238.13743717877 -55.49987613061 0.0418 0.0342 17.2689 "" "" 5884539060280569856 1714.69482 0.5827 0.0637 -2.865 -4.872 0.069 0.055 1.02 8369.0 4.3003 16.75814 1.840179 17.661667 15.821487 "" "" 1544.14941 1931.5 3729.84228 1.7231 1176.9 5.6455 3720.2 9.0402 "" "" 0.002800602909177266 0.0059084967 0.004609201 0.010517698 238.13743717877 -55.49987613061 1714.69482 -2.8650000000000007 -4.872000000000001 0.5169999694824217 -0.10257126998901356 0.13226588 0.11826588 "" "" 4.283896650999171 "" 0.5644581884571115 ""
238.00269803242 -55.7205417303 0.0432 0.0368 12.7664 "" "" 5884160003669763840 1814.52515 0.5178 0.0567 -0.579 0.205 0.069 0.066 1.043 4799.2 4.1885 16.758287 2.258066 17.934679 15.676613 "" "" 1661.59863 2160.74023 3729.33641 1.7676 915.26 6.1496 4251.2 16.569 "" "" 0.00280296468887107 0.007810404 0.00567367 0.013484074 238.00269803242 -55.7205417303 1814.52515 -0.579 0.20499999999999996 2.802999969482422 4.974428730010986 0.13226588 0.12926587 "" "" 49.10907910010795 "" 6.383943999823856 ""
238.13881479743 -55.6922369426 0.041 0.0346 16.4027 "" "" 5884157392329615872 1606.7948 0.5977 0.0547 -1.861 -3.069 0.063 0.057 1.002 6399.8 4.0253 16.758364 1.746876 17.597197 15.850321 "" "" 1483.03003 1744.53369 3729.07426 2.1433 1248.9 7.7425 3622.7 13.548 "" "" 0.0028251025148198793 0.00728636 0.0055471114 0.012833471 238.13881479743 -55.6922369426 1606.7948 -1.861000000000001 -3.0690000000000035 1.5209999694824219 1.7004287300109864 0.12626588 0.120265886 "" "" 17.37580375885744 "" 2.1366830595928628 ""
238.17704382033 -55.48126144356 0.0426 0.0345 18.9611 "" "" 5884539506957177600 2055.9231 0.4715 0.0642 -3.163 -3.783 0.065 0.057 0.975 8488.4 4.2493 16.758898 1.687685 17.567099 15.879414 "" "" 1832.91943 2370.31909 3727.24126 1.6435 1284.0 7.259 3526.9 8.0014 "" "" 0.002796603039120093 0.006742528 0.004511209 0.011253737 238.17704382033 -55.48126144356 2055.9231 -3.163000000000001 -3.7830000000000004 0.21899996948242206 0.9864287300109864 0.12826589 0.120265886 "" "" 9.846879820133584 "" 1.188061060484591 ""
238.04252371046 -55.50308905688 0.0417 0.034 14.2946 "" "" 5884210890449913344 1742.00476 0.5467 0.061 -1.216 -0.764 0.066 0.058 1.033 7582.0 3.8183 16.7596 1.802209 17.642927 15.840718 "" "" 1568.49402 1925.77258 3724.8328 1.6619 1197.4 5.0932 3654.9 7.3896 "" "" 0.002797579760428088 0.005395657 0.004370644 0.009766301 238.04252371046 -55.50308905688 1742.00476 -1.2160000000000002 -0.7640000000000001 2.1659999694824217 4.005428730010986 0.12926587 0.12126588 "" "" 37.59930850858099 "" 4.629282836344299 ""
238.13655530712 -55.5228045097 0.0442 0.0343 16.7223 "" "" 5884538957201321984 1750.28076 0.5557 0.0628 0.364 -9.429 0.068 0.057 1.017 4924.0 4.2549 16.759626 2.049593 17.67121 15.621616 "" "" 1579.05054 1974.27759 3724.73914 2.9005 1166.6 11.08 4472.1 37.402 "" "" 0.0028821206047478297 0.01068279 0.009835567 0.020518357 238.13655530712 -55.5228045097 1750.28076 0.3639999999999981 -9.429 3.7459999694824218 -4.659571269989014 0.13126588 0.120265886 "" "" 49.60076404683163 "" 6.185217121457029 ""
237.97808812729 -55.27795062692 0.0404 0.0333 22.8577 "" "" 5884592901986399744 1821.27368 0.5296 0.0583 -3.034 -4.53 0.061 0.053 1.001 7988.9 4.1817 16.759672 2.026851 17.77249 15.745639 "" "" 1621.11572 2028.54602 3724.58709 1.7655 1062.7 5.2832 3989.4 7.5238 "" "" 0.0028029727693884713 0.006076222 0.0042984374 0.01037466 237.97808812729 -55.27795062692 1821.27368 -3.0340000000000016 -4.530000000000004 0.34799996948242207 0.23942873001098608 0.12426588 0.11626588 "" "" 3.646595629438515 "" 0.4439838123325378 ""
237.84432336116 -55.40242865 0.0408 0.0341 14.1478 "" "" 5884215254132788608 2226.79053 0.4482 0.0581 -2.85 -2.84 0.062 0.056 0.965 "" "" 16.760487 2.224916 17.925196 15.700279 "" "" 1933.42822 2580.08325 3721.79515 1.8599 923.29 6.0225 4159.6 8.2617 "" "" 0.002808234196559845 0.0076119252 0.0043513286 0.011963254 237.84432336116 -55.40242865 2226.79053 -2.8499999999999996 -2.8400000000000016 0.5319999694824218 1.9294287300109865 0.12526588 0.119265884 "" "" 21.125060332531756 "" 2.5286631375574657 ""
237.57295330216 -55.68824936864 0.0415 0.0355 5.4361 "" "" 5884204465174218112 1692.74036 0.5842 0.0592 -3.721 -6.307 0.067 0.055 0.962 8273.1 4.1872 16.760603 1.835754 17.664356 15.828602 "" "" 1571.21375 1897.62512 3721.39553 1.8085 1174.0 7.3842 3695.9 7.009 "" "" 0.002805386329480831 0.007377048 0.0043038684 0.011680916 237.57295330216 -55.68824936864 1692.74036 -3.720999999999999 -6.306999999999997 -0.3390000305175782 -1.537571269989014 0.13026589 0.11826588 "" "" 12.633131632152812 "" 1.501434438014361 ""
237.96907643219 -55.92956698947 0.0411 0.0337 21.237 "" "" 5884148390077250432 1860.11243 0.5186 0.0562 -2.123 -5.035 0.063 0.056 1.056 "" "" 16.760738 1.897764 17.70067 15.802906 "" "" 1677.26904 2105.71362 3720.93206 1.8403 1135.4 5.4553 3784.4 8.0795 "" "" 0.0028071588859106653 0.005915976 0.0044336 0.010349576 237.96907643219 -55.92956698947 1860.11243 -2.123 -5.035 1.2589999694824217 -0.2655712699890138 0.12626588 0.119265884 "" "" 11.344789154250495 "" 1.4291668384460308 ""
237.83370519219 -55.50198444917 0.0466 0.0405 8.8133 "" "" 5884210168891578112 1668.88062 0.6078 0.0644 1.624 -1.954 0.074 0.07 1.052 "" "" 16.761286 1.858374 17.662252 15.803879 "" "" 1496.11511 1958.12036 3719.05258 1.8203 1176.3 8.1646 3781.0 9.9434 "" "" 0.002806099208869317 0.008035945 0.004736718 0.012772663 237.83370519219 -55.50198444917 1668.88062 1.6240000000000006 -1.9540000000000002 5.005999969482422 2.8154287300109866 0.13726589 0.13326588 "" "" 45.43315343221066 "" 6.193238946173961 ""
237.16650435402 -55.53240315623 0.0401 0.0348 17.9133 "" "" 5884222297879619456 1785.13562 0.5457 0.0572 -3.766 -3.296 0.06 0.057 1.0 8911.7 4.2435 16.76163 2.047309 17.801859 15.75455 "" "" 1617.81091 1987.8324 3717.88002 1.9487 1034.4 8.1224 3956.7 5.9654 "" "" 0.0028134751276946294 0.008970469 0.0041186498 0.0130891185 237.16650435402 -55.53240315623 1785.13562 -3.765999999999999 -3.2959999999999994 -0.38400003051757814 1.4734287300109865 0.12326588 0.120265886 "" "" 12.883927145679356 "" 1.5519838719074437 ""
238.11015771732 -55.37242118087 0.0416 0.0334 20.9005 "" "" 5884587026471458816 1661.01807 0.5932 0.0608 -2.232 -3.57 0.062 0.056 0.981 7149.1 4.3089 16.762672 1.772944 17.62567 15.852725 "" "" 1528.2688 1817.6239 3714.30426 1.7187 1216.6 6.3477 3614.7 8.2903 "" "" 0.0028007484719230658 0.006314764 0.0045259786 0.010840742 238.11015771732 -55.37242118087 1661.01807 -2.2320000000000015 -3.570000000000002 1.1499999694824217 1.1994287300109865 0.12526588 0.119265884 "" "" 13.082660271182455 "" 1.5983933709133578 ""
237.8943443564 -55.33080932352 0.0431 0.0357 18.7676 "" "" 5884591046560498688 1622.56409 0.593 0.0634 0.147 -3.176 0.069 0.059 1.035 7031.3 4.015 16.763428 1.911941 17.715637 15.803696 "" "" 1493.75171 1782.61609 3711.72384 2.0304 1119.9 6.5032 3781.6 7.3609 "" "" 0.002818604995536192 0.0068946145 0.0043301433 0.011224758 237.8943443564 -55.33080932352 1622.56409 0.1469999999999998 -3.176000000000001 3.5289999694824217 1.5934287300109862 0.13226588 0.12226588 "" "" 29.77984172773973 "" 3.89002914247484 ""
237.44235234172 -55.31489698111 0.0451 0.0405 19.7649 "" "" 5884230612936686080 1996.76697 0.4812 0.057 -4.315 -5.507 0.065 0.065 0.985 9478.1 3.9934 16.76361 2.103794 17.82545 15.721657 "" "" 1806.45654 2268.26318 3711.10011 2.2289 1012.1 5.575 4078.5 11.91 "" "" 0.002831434246152242 0.0065994537 0.004933169 0.011532623 237.44235234172 -55.31489698111 1996.76697 -4.315000000000001 -5.507 -0.9330000305175785 -0.7375712699890133 0.12826589 0.12826589 "" "" 11.256600897569468 "" 1.443837904347162 ""
237.96131204095 -55.50328049969 0.0425 0.0334 11.9428 "" "" 5884210718647155840 2364.31274 0.4137 0.0607 -5.279 -4.381 0.069 0.059 0.942 "" "" 16.764198 2.205382 17.917698 15.712316 "" "" 2103.10376 2689.10986 3709.09111 2.3918 929.69 6.4861 4113.7 9.6035 "" "" 0.0028428820124513873 0.008072316 0.0045506344 0.012622951 237.96131204095 -55.50328049969 2364.31274 -5.279 -4.381000000000006 -1.897000030517578 0.3884287300109861 0.13226588 0.12226588 "" "" 21.70046958982732 "" 2.861817359576822 ""
