Clusters/UBC_536/UBC_536_stars_in_region.tsv
# %ECSV 1.0
# ---
# datatype:
# - name: RA_ICRS_1
#   unit: deg
#   datatype: float64
#   format: '{:15.11f}'
#   description: Right ascension (ICRS) at Ep=2016.0 (ra)
#   meta: !!omap
#   - {ucd: POS_EQ_RA_MAIN}
#   - {width: 15}
#   - {precision: '11'}
# - name: DE_ICRS_1
#   unit: deg
#   datatype: float64
#   format: '{:15.11f}'
#   description: Declination (ICRS) at Ep=2016.0 (dec)
#   meta: !!omap
#   - {ucd: POS_EQ_DEC_MAIN}
#   - {width: 15}
#   - {precision: '11'}
# - name: e_RA_ICRS
#   unit: mas
#   datatype: float64
#   format: '{:7.4f}'
#   description: Standard error of right ascension (ra_error)
#   meta: !!omap
#   - {ucd: ERROR}
#   - {width: 7}
#   - {precision: '4'}
# - name: e_DE_ICRS
#   unit: mas
#   datatype: float64
#   format: '{:7.4f}'
#   description: Standard error of declination (dec_error)
#   meta: !!omap
#   - {ucd: ERROR}
#   - {width: 7}
#   - {precision: '4'}
# - name: _r_1
#   unit: ''
#   datatype: float64
#   format: '{:7.4f}'
#   description: Distance from center (237.67281380000-55.61729668000)[ICRS], at Epoch=J2016.0
#   meta: !!omap
#   - {ucd: POS_ANG_DIST_GENERAL}
#   - {width: 7}
#   - {precision: '4'}
# - name: HIP
#   datatype: int32
#   description: '? HIP cross-id number, van Leeuwen, Cat. I/311 (hip_original_ext_source_id)'
#   meta: !!omap
#   - {ucd: ID_NUMBER}
#   - {width: 6}
#   - values: {'null': -2147483648}
# - name: TYC2
#   datatype: string
#   description: Tycho-2 cross-id name, Hog et al., Cat. I/259 (tyc2_original_ext_source_id)
#   meta: !!omap
#   - {ucd: ID_CROSSID}
#   - {_votable_string_dtype: char}
# - name: Source
#   datatype: int64
#   description: Source identifier, identical to the Gaia-EDR3 source_id (id)
#   meta: !!omap
#   - {ucd: ID_MAIN}
#   - {width: 19}
# - name: rgeo
#   unit: pc
#   datatype: float64
#   format: '{:15.8f}'
#   description: '? Median of the geometric distance posterior (r_med_geo)'
#   meta: !!omap
#   - {ucd: PHYS_DISTANCE_TRUE}
#   - {width: 15}
#   - {precision: '8'}
#   - values: {'null': .nan}
# - name: Plx
#   unit: mas
#   datatype: float64
#   format: '{:9.4f}'
#   description: '? Parallax (parallax)'
#   meta: !!omap
#   - {ucd: POS_PARLX_TRIG}
#   - {width: 9}
#   - {precision: '4'}
#   - values: {'null': .nan}
# - name: e_Plx
#   unit: mas
#   datatype: float32
#   format: '{:7.4f}'
#   description: '? Standard error of parallax (parallax_error)'
#   meta: !!omap
#   - {ucd: ERROR}
#   - {width: 7}
#   - {precision: '4'}
#   - values: {'null': .nan}
# - name: pmRA
#   unit: mas / yr
#   datatype: float64
#   format: '{:9.3f}'
#   description: '? Proper motion in right ascension direction, pmRA*cosDE (pmra)'
#   meta: !!omap
#   - {ucd: POS_EQ_PMRA}
#   - {width: 9}
#   - {precision: '3'}
#   - values: {'null': .nan}
# - name: pmDE
#   unit: mas / yr
#   datatype: float64
#   format: '{:9.3f}'
#   description: '? Proper motion in declination direction (pmdec)'
#   meta: !!omap
#   - {ucd: POS_EQ_PMDEC}
#   - {width: 9}
#   - {precision: '3'}
#   - values: {'null': .nan}
# - name: e_pmRA
#   unit: mas / yr
#   datatype: float32
#   format: '{:6.3f}'
#   description: '? Standard error of proper motion in right ascension direction (pmra_error)'
#   meta: !!omap
#   - {ucd: ERROR}
#   - {width: 6}
#   - {precision: '3'}
#   - values: {'null': .nan}
# - name: e_pmDE
[...]
#         value: !astropy.table.SerializedColumn {name: SkyCoord.dec}
#       distance: !astropy.table.SerializedColumn
#         __class__: astropy.coordinates.distances.Distance
#         unit: !astropy.units.Unit {unit: pc}
#         value: !astropy.table.SerializedColumn {name: SkyCoord.distance}
#       frame: icrs
#       obstime: !astropy.time.Time {format: jyear_str, in_subfmt: '*', jd1: 367701545.0, jd2: 0.0, out_subfmt: '*', precision: 3, scale: tt}
#       pm_dec: !astropy.table.SerializedColumn
#         __class__: astropy.units.quantity.Quantity
#         unit: !astropy.units.Unit {unit: mas / yr}
#         value: !astropy.table.SerializedColumn {name: SkyCoord.pm_dec}
#       pm_ra_cosdec: !astropy.table.SerializedColumn
#         __class__: astropy.units.quantity.Quantity
#         unit: !astropy.units.Unit {unit: mas / yr}
#         value: !astropy.table.SerializedColumn {name: SkyCoord.pm_ra_cosdec}
#       ra: !astropy.table.SerializedColumn
#         __class__: astropy.coordinates.angles.Longitude
#         unit: *id001
#         value: !astropy.table.SerializedColumn {name: SkyCoord.ra}
#         wrap_angle: !astropy.coordinates.Angle
#           unit: *id001
#           value: 360.0
#       representation_type: spherical
# schema: astropy-2.0
RA_ICRS_1 DE_ICRS_1 e_RA_ICRS e_DE_ICRS _r_1 HIP TYC2 Source rgeo Plx e_Plx pmRA pmDE e_pmRA e_pmDE RUWE Teff logg Gmag BP-RP BPmag RPmag RV e_RV b_rgeo B_rgeo FG e_FG FBP e_FBP FRP e_FRP RAVE5 RAVE6 e_Gmag e_BPmag e_RPmag e_BP-RP SkyCoord.ra SkyCoord.dec SkyCoord.distance SkyCoord.pm_ra_cosdec SkyCoord.pm_dec rmRA rmDE e_rmRA e_rmDE rRV e_rRV v_pec v_pec3d e_vpec e_vpec3d
[from data line 1971]
237.35562620208 -55.56670237846 0.041 0.0353 11.1744 "" "" 5884218513942170368 2226.12866 0.4541 0.0584 -2.77 -2.115 0.064 0.054 0.978 "" "" 16.781456 2.01304 17.800634 15.787594 "" "" 1959.9541 2569.92432 3650.59904 1.7093 1035.5 6.0661 3838.1 7.7651 "" "" 0.0028018257896213006 0.0069454745 0.0043713693 0.011316843 237.35562620208 -55.56670237846 2226.12866 -2.7700000000000005 -2.115 0.6119999694824219 2.654428730010986 0.12726589 0.11726588 "" "" 28.743935937869924 "" 3.3857759736768416 ""
237.39354866791 -55.67032877118 0.0389 0.0332 9.977 "" "" 5884216800321257728 1963.49609 0.5008 0.0575 -4.742 -4.174 0.062 0.053 1.04 "" "" 16.78208 2.18413 17.919315 15.735186 "" "" 1781.09326 2235.93066 3648.50593 1.8208 928.31 5.5738 4027.9 7.0937 "" "" 0.0028080919761393824 0.0070910323 0.004235562 0.011326594 237.39354866791 -55.67032877118 1963.49609 -4.742 -4.174 -1.3600000305175781 0.595428730010986 0.12526588 0.11626588 "" "" 13.817437943684624 "" 1.7114606435190984 ""
238.07582611841 -55.51367802617 0.0562 0.0467 15.0204 "" "" 5884163916317718656 1795.01025 0.554 0.0835 -4.84 -3.736 0.096 0.078 1.383 "" "" 16.783054 1.832648 17.63391 15.801261 "" "" 1581.70813 2042.47766 3645.23118 2.859 1207.4 5.5985 3790.1 10.142 "" "" 0.002883910109434626 0.005755857 0.0047670472 0.010522904 238.07582611841 -55.51367802617 1795.01025 -4.840000000000002 -3.736000000000004 -1.458000030517578 1.0334287300109861 0.15926588 0.14126588 "" "" 15.205299795634751 "" 2.333737555933631 ""
237.48664730311 -55.98146784139 0.0564 0.0506 22.7344 "" "" 5884174056736014080 1753.71655 0.5689 0.0919 -4.272 -2.639 0.09 0.078 1.334 "" "" 16.78378 2.153808 17.704025 15.550218 "" "" 1523.17737 2222.90186 3642.79807 3.0027 1131.9 18.034 4776.1 93.465 "" "" 0.0028970215148953213 0.017522069 0.021580625 0.039102696 237.48664730311 -55.98146784139 1753.71655 -4.272 -2.6390000000000002 -0.8900000305175784 2.1304287300109865 0.1532659 0.14126588 "" "" 19.1926534396666 "" 2.746710728690397 ""
238.01527566493 -55.36630723034 0.0429 0.0354 19.0339 "" "" 5884587988543687808 2353.18213 0.4316 0.0617 -3.179 -3.501 0.063 0.058 0.977 9267.4 4.2253 16.785788 1.718295 17.606842 15.888547 "" "" 2022.46667 2837.68091 3636.06263 1.8808 1237.9 5.8283 3497.4 7.3818 "" "" 0.002811973726552692 0.0058237757 0.004419866 0.010243641 238.01527566493 -55.36630723034 2353.18213 -3.179 -3.501 0.20299996948242205 1.2684287300109864 0.12626588 0.12126588 "" "" 14.328202281229922 "" 1.7393471100165305 ""
237.26077913311 -55.47844690568 0.0423 0.0368 16.2789 "" "" 5884222160440695040 2297.57104 0.4311 0.0578 -3.02 -5.458 0.061 0.06 0.955 7802.8 3.6664 16.787426 2.095492 17.850922 15.755429 "" "" 2049.79614 2575.55933 3630.58382 1.9814 988.66 8.8492 3953.5 9.1933 "" "" 0.0028183145280547836 0.010110714 0.0045451033 0.014655817 237.26077913311 -55.47844690568 2297.57104 -3.0199999999999974 -5.457999999999995 0.36199996948242186 -0.6885712699890139 0.12426588 0.12326588 "" "" 8.47203134981759 "" 1.0461527278499707 ""
237.62291044137 -55.44069413965 0.0499 0.0426 10.7308 "" "" 5884226146170594688 2048.56543 0.5135 0.0629 -2.825 -4.486 0.071 0.065 1.056 "" "" 16.78764 1.877935 17.713041 15.835106 "" "" 1799.2627 2430.10034 3629.87095 1.922 1122.5 6.5506 3673.8 8.08 "" "" 0.002814656383103398 0.0069231973 0.0044705593 0.011393757 237.62291044137 -55.44069413965 2048.56543 -2.825 -4.485999999999999 0.5569999694824217 0.28342873001098656 0.13426588 0.12826589 "" "" 6.068531809432092 "" 0.8074421392373666 ""
237.81063417333 -55.81461069287 0.0409 0.0358 12.7222 "" "" 5884152891203319552 2141.86475 0.4691 0.0583 -0.457 -3.456 0.063 0.058 1.017 6986.9 3.7244 16.787817 1.951115 17.764517 15.813402 "" "" 1903.61108 2526.26465 3629.27645 1.7361 1070.6 4.9664 3748.0 8.0336 "" "" 0.002803843294816369 0.0057578245 0.004438425 0.01019625 237.81063417333 -55.81461069287 2141.86475 -0.4570000000000003 -3.456 2.924999969482422 1.3134287300109864 0.12626588 0.12126588 "" "" 32.552335094537355 "" 4.083391076969048 ""
237.77380031632 -55.57263328225 0.0444 0.0384 4.3478 "" "" 5884209580416130048 1684.38721 0.6004 0.0634 -5.461 -5.441 0.078 0.064 0.975 8335.8 4.4067 16.788065 1.983156 17.758198 15.775042 "" "" 1525.24695 1888.57581 3628.44414 1.8471 1076.8 5.5066 3882.8 11.201 "" "" 0.002810208797194336 0.0062139407 0.0049085435 0.011122484 237.77380031632 -55.57263328225 1684.38721 -5.461 -5.441000000000002 -2.0790000305175784 -0.6715712699890135 0.14126588 0.12726589 "" "" 17.443246829178946 "" 2.442106446736663 ""
237.5660132547 -55.67838436203 0.0402 0.0359 5.1487 "" "" 5884204465174244224 2268.75342 0.4254 0.0608 -3.306 -4.094 0.064 0.055 1.032 9466.6 3.9152 16.788157 1.95109 17.748966 15.797876 "" "" 2054.12451 2590.40405 3628.14345 2.3064 1086.0 9.8207 3802.0 10.23 "" "" 0.00284045145519191 0.010207073 0.004776838 0.014983911 237.5660132547 -55.67838436203 2268.75342 -3.306 -4.093999999999997 0.07599996948242183 0.675428730010986 0.12726589 0.11826588 "" "" 7.309323934862821 "" 0.8652969935385108 ""
238.14826335977 -55.43508611846 0.0525 0.0414 19.5 "" "" 5884539816194892672 2064.79492 0.4509 0.076 -1.841 -4.112 0.08 0.066 1.143 "" "" 16.788399 1.919715 17.327778 15.408063 "" "" 1808.20032 2409.73608 3627.32856 3.4421 1600.7 21.841 5444.2 40.047 "" "" 0.0029416481348854243 0.015074956 0.008835666 0.023910623 238.14826335977 -55.43508611846 2064.79492 -1.840999999999999 -4.112000000000002 1.540999969482422 0.6574287300109862 0.14326587 0.12926587 "" "" 16.397144637900176 "" 2.315286038384152 ""
237.36360966021 -55.84878249144 0.0419 0.036 17.3788 "" "" 5884178897168189184 2148.53882 0.4645 0.065 -5.539 -5.212 0.066 0.057 1.041 8954.3 4.15 16.78852 1.994159 17.750093 15.755935 "" "" 1883.8136 2392.67114 3626.92584 1.8983 1084.9 7.4287 3951.7 8.1079 "" "" 0.0028133101314864544 0.007940763 0.004387048 0.012327811 237.36360966021 -55.84878249144 2148.53882 -5.539 -5.212000000000004 -2.157000030517578 -0.4425712699890134 0.12926587 0.120265886 "" "" 22.424670654968267 "" 2.8908646320445084 ""
237.84113243626 -55.38267800769 0.0421 0.0357 15.1949 "" "" 5884215563370453248 1823.43555 0.5473 0.0607 -4.883 -4.269 0.063 0.057 0.983 8492.4 4.4021 16.788872 1.905612 17.723936 15.818324 "" "" 1622.63525 2109.03955 3625.75265 1.7651 1111.3 7.339 3731.0 11.766 "" "" 0.002805559934605173 0.007693925 0.005099724 0.012793649 237.84113243626 -55.38267800769 1823.43555 -4.882999999999999 -4.269000000000001 -1.5010000305175781 0.5004287300109862 0.12626588 0.120265886 "" "" 13.675288145936996 "" 1.7186906915832332 ""
237.44956224064 -55.76383439907 0.0394 0.0339 11.5893 "" "" 5884181100550634752 1678.12512 0.5774 0.06 -7.885 -15.797 0.065 0.056 1.013 "" "" 16.789557 1.906446 17.729418 15.822971 "" "" 1535.06299 1912.16553 3623.46759 1.6692 1105.7 6.8438 3715.1 8.6927 "" "" 0.002800347950199657 0.0072764396 0.00455385 0.011830289 237.44956224064 -55.76383439907 1678.12512 -7.8849999999999945 -15.79699999999999 -4.503000030517578 -11.027571269989014 0.12826589 0.119265884 "" "" 94.74796878099232 "" 11.425964382069086 ""
237.83066678978 -55.41720883349 0.043 0.0348 13.1484 "" "" 5884215219773039488 1845.11121 0.5376 0.0603 -0.221 -0.66 0.065 0.058 1.005 "" "" 16.789965 1.913842 17.705011 15.791169 "" "" 1650.22278 2050.37964 3622.103 1.8732 1130.9 5.0362 3825.5 12.036 "" "" 0.002811951036179038 0.0055823815 0.0050943894 0.010676771 237.83066678978 -55.41720883349 1845.11121 -0.22100000000000003 -0.66 3.160999969482422 4.109428730010986 0.12826589 0.12126588 "" "" 45.34298120588285 "" 5.618639078518755 ""
237.77130825152 -55.86810886583 0.0431 0.0349 15.412 "" "" 5884152341447427840 2043.39905 0.5068 0.0624 -3.835 -1.45 0.066 0.058 1.015 8672.2 3.9261 16.790781 1.86013 17.58756 15.72743 "" "" 1805.26636 2376.19849 3619.38414 2.7306 1260.1 15.121 4056.8 33.597 "" "" 0.0028744995296316506 0.013324079 0.009753675 0.023077754 237.77130825152 -55.86810886583 2043.39905 -3.8349999999999995 -1.4500000000000006 -0.4530000305175781 3.319428730010986 0.12926587 0.12126588 "" "" 32.44903608169731 "" 3.93986066002334 ""
237.25462331368 -55.63756811414 0.0449 0.038 14.218 "" "" 5884194569568876544 2368.15479 0.4158 0.0642 -3.683 -3.268 0.072 0.062 1.041 7932.9 4.2608 16.791208 2.432409 17.92034 15.48793 "" "" 1990.47852 2816.35889 3617.95557 2.7285 927.43 16.63 5058.1 99.276 "" "" 0.0028744121126655694 0.01966755 0.021642435 0.041309986 237.25462331368 -55.63756811414 2368.15479 -3.683 -3.268 -0.30100003051757795 1.5014287300109865 0.13526589 0.12526588 "" "" 17.188959775973398 "" 2.1600856629849114 ""
237.78605093498 -55.80709093463 0.0399 0.0337 12.0137 "" "" 5884152856843598720 2160.73071 0.4557 0.0568 -5.089 -4.087 0.064 0.056 1.022 6403.2 3.9959 16.79136 2.048157 17.830656 15.782499 "" "" 1879.33594 2426.39307 3617.45092 1.6818 1007.3 5.334 3856.2 6.4487 "" "" 0.0028011756534160243 0.006390621 0.004192897 0.010583518 237.78605093498 -55.80709093463 2160.73071 -5.089 -4.087 -1.7070000305175785 0.6824287300109866 0.12726589 0.119265884 "" "" 18.8282060808178 "" 2.3759991689340714 ""
237.51836226714 -55.75606828668 0.04 0.0348 9.8294 "" "" 5884180413355852544 1727.87219 0.5603 0.0599 -4.091 -3.245 0.066 0.055 1.002 "" "" 16.791906 2.302396 17.959185 15.656789 "" "" 1564.21924 1924.84717 3615.62913 2.3489 894.83 6.5314 4329.6 16.801 "" "" 0.002844171009798153 0.008401667 0.0056599244 0.014061591 237.51836226714 -55.75606828668 1727.87219 -4.091 -3.245 -0.7090000305175783 1.5244287300109862 0.12926587 0.11826588 "" "" 13.76953796467289 "" 1.656416171170761 ""
237.45964913808 -55.41136228281 0.0445 0.0393 14.3218 "" "" 5884226970804354176 1871.95374 0.5039 0.0575 -0.376 -1.821 0.068 0.064 1.008 "" "" 16.792099 2.483104 18.142977 15.659873 "" "" 1709.52942 2103.33081 3614.98907 2.2338 755.49 5.5561 4317.3 8.7595 "" "" 0.0028358251099032126 0.008458283 0.0043745195 0.012832802 237.45964913808 -55.41136228281 1871.95374 -0.37599999999999995 -1.8210000000000002 3.005999969482422 2.9484287300109866 0.13126588 0.12726589 "" "" 37.36103112573812 "" 4.831529051875155 ""
237.39784016097 -55.30634845666 0.0455 0.0419 20.8704 "" "" 5884230509857485568 2129.4873 0.4696 0.0589 -2.17 -3.062 0.067 0.067 1.02 8930.3 3.6307 16.792135 1.918652 17.740574 15.821922 "" "" 1880.7561 2373.18896 3614.86658 1.8179 1094.4 7.2035 3718.7 7.5768 "" "" 0.002808899827844075 0.00767184 0.004379205 0.012051045 237.39784016097 -55.30634845666 2129.4873 -2.17 -3.0620000000000003 1.211999969482422 1.7074287300109865 0.13026589 0.13026589 "" "" 21.134957937647094 "" 2.7531641386610137 ""
238.01818983326 -55.82874786989 0.0457 0.0366 17.2386 "" "" 5884150623460419584 1652.79041 0.6062 0.059 -1.06 -2.408 0.071 0.064 0.98 7774.3 4.3089 16.792824 1.74459 17.634403 15.889813 "" "" 1481.53625 1825.06653 3612.5764 1.7783 1206.9 5.9494 3493.3 9.0835 "" "" 0.0028066765180420525 0.0060357503 0.0047174343 0.010753185 238.01818983326 -55.82874786989 1652.79041 -1.060000000000001 -2.4080000000000017 2.321999969482422 2.3614287300109864 0.13426588 0.12726589 "" "" 25.945403607845435 "" 3.3924600285250395 ""
237.07130194295 -55.55029268663 0.0423 0.0356 20.7908 "" "" 5884199001975304832 1651.72949 0.5992 0.0612 -3.727 0.877 0.061 0.056 0.956 "" "" 16.79286 2.191524 17.935781 15.744257 "" "" 1511.41357 1814.04358 3612.46044 1.9537 914.33 5.8062 3994.4 9.7315 "" "" 0.0028171940243464206 0.0074378415 0.0046130917 0.012050933 237.07130194295 -55.55029268663 1651.72949 -3.727000000000001 0.877 -0.345000030517578 5.646428730010986 0.12426588 0.119265884 "" "" 44.289448988224045 "" 5.283061139488354 ""
238.01513040696 -55.41116732997 0.0455 0.0352 16.9764 "" "" 5884587473148393088 2358.41626 0.4168 0.0634 -1.0 -2.325 0.067 0.061 1.014 "" "" 16.792978 1.66906 17.582148 15.913088 "" "" 2039.31519 2769.69849 3612.06608 1.6708 1266.4 6.7376 3419.2 8.0673 "" "" 0.002800716560109044 0.0064149867 0.0045657447 0.010980731 238.01513040696 -55.41116732997 2358.41626 -0.9999999999999996 -2.325 2.381999969482422 2.444428730010986 0.13026589 0.12426588 "" "" 38.154522830587595 "" 4.85415734695676 ""
238.11207946858 -55.80462371802 0.0473 0.0372 18.6224 "" "" 5884156395885793920 1987.58228 0.4852 0.0595 -5.261 -7.548 0.072 0.064 0.947 7164.1 4.2948 16.793768 1.861887 17.711868 15.849981 "" "" 1804.82764 2227.31738 3609.43649 1.7163 1123.8 5.9516 3623.8 6.4612 "" "" 0.0028032705194469087 0.0063912226 0.0042463243 0.010637547 238.11207946858 -55.80462371802 1987.58228 -5.261 -7.548000000000002 -1.8790000305175782 -2.7785712699890137 0.13526589 0.12726589 "" "" 31.60100822879093 "" 4.102740056837643 ""
237.62315984326 -55.38248392609 0.0589 0.0515 14.1895 "" "" 5884226386688789248 1714.83606 0.5658 0.0745 -5.102 -8.474 0.086 0.08 1.337 8304.1 4.3475 16.793993 2.314903 17.993767 15.678864 "" "" 1490.9718 2031.39404 3608.68974 2.7934 866.78 6.9081 4242.4 7.6813 "" "" 0.0028806479446530607 0.009091863 0.0042600753 0.013351939 237.62315984326 -55.38248392609 1714.83606 -5.102 -8.473999999999995 -1.7200000305175784 -3.704571269989014 0.14926589 0.14326587 "" "" 33.19924756317995 "" 4.792248242018113 ""
237.61449417594 -55.45185900902 0.0437 0.038 10.1219 "" "" 5884225768213471488 2180.07593 0.4467 0.0575 -4.299 -4.64 0.068 0.061 0.989 "" "" 16.794012 1.814026 17.672743 15.858717 "" "" 1933.37085 2472.70581 3608.62748 1.8854 1165.0 6.8169 3594.8 8.2606 "" "" 0.002813108355121129 0.0069387937 0.004528629 0.011467423 237.61449417594 -55.45185900902 2180.07593 -4.299 -4.639999999999999 -0.9170000305175785 0.12942873001098665 0.13126588 0.12426588 "" "" 9.569796252209866 "" 1.2549135068813142 ""
237.65571461394 -55.56797545072 0.0457 0.0412 3.0155 "" "" 5884206835996344064 2014.02991 0.5179 0.0656 -3.617 -4.631 0.074 0.066 1.044 "" "" 16.795149 1.816061 17.662464 15.846403 "" "" 1753.71692 2297.729 3604.8492 1.8327 1176.1 5.4546 3635.8 8.6574 "" "" 0.002810067381468663 0.0057568527 0.0045790314 0.010335884 237.65571461394 -55.56797545072 2014.02991 -3.617000000000003 -4.631 -0.23500003051757812 0.1384287300109861 0.13726589 0.12926587 "" "" 2.603720244755172 "" 0.3521539746243201 ""
237.52725659726 -55.40950017977 0.0434 0.0381 13.4126 "" "" 5884226833365389440 2357.34033 0.4103 0.0559 -2.076 -2.252 0.066 0.061 0.999 "" "" 16.795774 2.120284 17.881147 15.760863 "" "" 2080.38452 2781.97485 3602.77451 1.844 961.52 5.6626 3933.8 7.6687 "" "" 0.0028108011079324017 0.0069763903 0.0043316996 0.01130809 237.52725659726 -55.40950017977 2357.34033 -2.076 -2.2520000000000002 1.3059999694824218 2.5174287300109865 0.12926587 0.12426588 "" "" 31.68924645199194 "" 3.9720206286669644 ""
237.80074007417 -55.54833759731 0.0452 0.0396 5.995 "" "" 5884209997092657920 2169.37305 0.4495 0.0631 -1.677 -2.462 0.07 0.065 0.976 "" "" 16.796713 2.313848 18.02798 15.714133 "" "" 1884.99927 2539.90698 3599.66335 1.8325 839.89 5.1594 4106.8 8.9281 "" "" 0.002810211827676916 0.0072297216 0.0044559026 0.011685625 237.80074007417 -55.54833759731 2169.37305 -1.6769999999999992 -2.4619999999999997 1.7049999694824218 2.307428730010986 0.13326588 0.12826589 "" "" 29.501597776270305 "" 3.8367916543518996 ""
238.0567475791 -55.61905270831 0.0447 0.0375 13.009 "" "" 5884162919885198336 1707.01416 0.5704 0.0588 -3.686 -4.09 0.068 0.062 0.991 8170.6 4.2521 16.797163 1.885821 17.730669 15.844848 "" "" 1575.28516 1941.90674 3598.1717 1.7171 1104.5 5.1609 3641.0 8.5374 "" "" 0.0028036132382105367 0.005789875 0.00455686 0.010346735 238.0567475791 -55.61905270831 1707.01416 -3.686 -4.09 -0.30400003051757807 0.6794287300109865 0.13126588 0.12526588 "" "" 6.022624651432858 "" 0.7605762850181691 ""
