Clusters/Kronberger_69/Kronberger_69_members.tsv
# %ECSV 1.0
# ---
# datatype:
# - name: RA_ICRS_1
#   unit: deg
#   datatype: float64
#   format: '{:15.11f}'
#   description: Right ascension (ICRS) at Ep=2016.0 (ra)
#   meta: !!omap
#   - {ucd: POS_EQ_RA_MAIN}
#   - {width: 15}
#   - {precision: '11'}
# - name: DE_ICRS_1
#   unit: deg
#   datatype: float64
#   format: '{:15.11f}'
#   description: Declination (ICRS) at Ep=2016.0 (dec)
#   meta: !!omap
#   - {ucd: POS_EQ_DEC_MAIN}
#   - {width: 15}
#   - {precision: '11'}
# - name: e_RA_ICRS
#   unit: mas
#   datatype: float64
#   format: '{:7.4f}'
#   description: Standard error of right ascension (ra_error)
#   meta: !!omap
#   - {ucd: ERROR}
#   - {width: 7}
#   - {precision: '4'}
# - name: e_DE_ICRS
#   unit: mas
#   datatype: float64
#   format: '{:7.4f}'
#   description: Standard error of declination (dec_error)
#   meta: !!omap
#   - {ucd: ERROR}
#   - {width: 7}
#   - {precision: '4'}
# - name: _r_1
#   unit: ''
#   datatype: float64
#   format: '{:7.4f}'
#   description: Distance from center (300.49010674000+31.42290605000)[ICRS], at Epoch=J2016.0
#   meta: !!omap
#   - {ucd: POS_ANG_DIST_GENERAL}
#   - {width: 7}
#   - {precision: '4'}
# - name: HIP
#   datatype: int32
#   description: '? HIP cross-id number, van Leeuwen, Cat. I/311 (hip_original_ext_source_id)'
#   meta: !!omap
#   - {ucd: ID_NUMBER}
#   - {width: 6}
#   - values: {'null': -2147483648}
# - name: TYC2
#   datatype: string
#   description: Tycho-2 cross-id name, Hog et al., Cat. I/259 (tyc2_original_ext_source_id)
#   meta: !!omap
#   - {ucd: ID_CROSSID}
#   - {_votable_string_dtype: char}
# - name: Source
#   datatype: int64
#   description: Source identifier, identical to the Gaia-EDR3 source_id (id)
#   meta: !!omap
#   - {ucd: ID_MAIN}
#   - {width: 19}
# - name: rgeo
#   unit: pc
#   datatype: float64
#   format: '{:15.8f}'
#   description: '? Median of the geometric distance posterior (r_med_geo)'
#   meta: !!omap
#   - {ucd: PHYS_DISTANCE_TRUE}
#   - {width: 15}
#   - {precision: '8'}
#   - values: {'null': .nan}
# - name: Plx
#   unit: mas
#   datatype: float64
#   format: '{:9.4f}'
#   description: '? Parallax (parallax)'
#   meta: !!omap
#   - {ucd: POS_PARLX_TRIG}
#   - {width: 9}
#   - {precision: '4'}
#   - values: {'null': .nan}
# - name: e_Plx
#   unit: mas
#   datatype: float32
#   format: '{:7.4f}'
#   description: '? Standard error of parallax (parallax_error)'
#   meta: !!omap
#   - {ucd: ERROR}
#   - {width: 7}
#   - {precision: '4'}
#   - values: {'null': .nan}
# - name: pmRA
#   unit: mas / yr
#   datatype: float64
#   format: '{:9.3f}'
#   description: '? Proper motion in right ascension direction, pmRA*cosDE (pmra)'
#   meta: !!omap
#   - {ucd: POS_EQ_PMRA}
#   - {width: 9}
#   - {precision: '3'}
#   - values: {'null': .nan}
# - name: pmDE
#   unit: mas / yr
#   datatype: float64
#   format: '{:9.3f}'
#   description: '? Proper motion in declination direction (pmdec)'
#   meta: !!omap
#   - {ucd: POS_EQ_PMDEC}
#   - {width: 9}
#   - {precision: '3'}
#   - values: {'null': .nan}
# - name: e_pmRA
#   unit: mas / yr
#   datatype: float32
#   format: '{:6.3f}'
#   description: '? Standard error of proper motion in right ascension direction (pmra_error)'
#   meta: !!omap
#   - {ucd: ERROR}
#   - {width: 6}
#   - {precision: '3'}
#   - values: {'null': .nan}
# - name: e_pmDE
[...]
#       distance: !astropy.table.SerializedColumn
#         __class__: astropy.coordinates.distances.Distance
#         unit: !astropy.units.Unit {unit: pc}
#         value: !astropy.table.SerializedColumn {name: SkyCoord.distance}
#       frame: icrs
#       obstime: !astropy.time.Time {format: jyear_str, in_subfmt: '*', jd1: 367701545.0, jd2: 0.0, out_subfmt: '*', precision: 3, scale: tt}
#       pm_dec: !astropy.table.SerializedColumn
#         __class__: astropy.units.quantity.Quantity
#         unit: !astropy.units.Unit {unit: mas / yr}
#         value: !astropy.table.SerializedColumn {name: SkyCoord.pm_dec}
#       pm_ra_cosdec: !astropy.table.SerializedColumn
#         __class__: astropy.units.quantity.Quantity
#         unit: !astropy.units.Unit {unit: mas / yr}
#         value: !astropy.table.SerializedColumn {name: SkyCoord.pm_ra_cosdec}
#       ra: !astropy.table.SerializedColumn
#         __class__: astropy.coordinates.angles.Longitude
#         unit: *id001
#         value: !astropy.table.SerializedColumn {name: SkyCoord.ra}
#         wrap_angle: !astropy.coordinates.Angle
#           unit: *id001
#           value: 360.0
#       representation_type: spherical
# schema: astropy-2.0
RA_ICRS_1 DE_ICRS_1 e_RA_ICRS e_DE_ICRS _r_1 HIP TYC2 Source rgeo Plx e_Plx pmRA pmDE e_pmRA e_pmDE RUWE Teff logg Gmag BP-RP BPmag RPmag RV e_RV b_rgeo B_rgeo FG e_FG FBP e_FBP FRP e_FRP RAVE5 RAVE6 e_Gmag e_BPmag e_RPmag e_BP-RP SkyCoord.ra SkyCoord.dec SkyCoord.distance SkyCoord.pm_ra_cosdec SkyCoord.pm_dec rmRA rmDE e_rmRA e_rmDE rRV e_rRV v_pec v_pec3d e_vpec e_vpec3d Pmemb
300.53498909387 31.4157412842 0.006 0.0072 2.338 "" "" 2030897963346667264 2794.91602 0.3446 0.0092 -2.74 -5.318 0.008 0.009 0.861 "" "" 12.316681 1.177032 12.805828 11.628797 "" "" 2733.60547 2871.68872 222984.35281 60.191 103060.0 169.95 176860.0 200.41 "" "" 0.00277086330098734 0.0033152162 0.003974593 0.007289809 300.53498909387 31.4157412842 2794.91602 -2.74 -5.318 0.04153324127197244 -0.04553334045410118 0.0587909 0.059790898 "" "" 0.8164723152115844 "" 0.04844851515491422 "" 1.0
300.49944506493 31.42737237464 0.0088 0.0107 0.5481 "" "" 2030898684901171456 2747.50122 0.3497 0.0133 -2.646 -5.43 0.012 0.013 1.074 "" "" 12.816889 1.173596 13.264339 12.090743 -16.88 23.3 2655.24805 2845.13843 140666.69473 39.396 67559.0 281.74 115570.0 875.57 "" "" 0.002772048502650992 0.005318481 0.009052347 0.014370829 300.49944506493 31.42737237464 2747.50122 -2.646 -5.43 0.13553324127197275 -0.15753334045410128 0.0627909 0.0637909 0.0 46.6 2.706373861992888 2.706373861992888 0.17149608687371032 0.17149608687371032 0.9
300.48282432128 31.54341848976 0.0087 0.0099 7.2403 "" "" 2030908413035187712 2418.91846 0.3838 0.0126 -2.834 -5.303 0.011 0.013 0.968 10912.9 3.7126 13.551447 1.18954 14.05659 12.86705 "" "" 2351.75903 2497.76025 71510.17766 14.988 32567.0 23.96 56538.0 26.162 "" "" 0.0027647014240177823 0.0029022605 0.0038126288 0.0067148893 300.48282432128 31.54341848976 2418.91846 -2.8340000000000005 -5.303 -0.05246675872802742 -0.0305333404541015 0.0617909 0.0637909 "" "" 0.6960188581584306 "" 0.04336402763335582 "" 0.9
300.51015605595 31.39679826968 0.0084 0.01 1.8729 "" "" 2030897830235411200 2738.5293 0.3343 0.0126 -2.793 -5.165 0.011 0.012 0.977 11676.7 3.5059 13.70878 1.244058 14.242084 12.998026 "" "" 2632.88525 2843.88843 61863.50928 30.529 27453.0 42.652 50113.0 61.365 "" "" 0.002806932583893347 0.0032604411 0.0040064133 0.0072668544 300.51015605595 31.39679826968 2738.5293 -2.793000000000001 -5.165000000000002 -0.011466758728027493 0.1074666595458984 0.0617909 0.0627909 "" "" 1.402903316507705 "" 0.08807389455366015 "" 1.0
300.52049481924 31.4260762813 0.0119 0.014 1.5674 "" "" 2030898723588612096 2458.7959 0.376 0.0174 -2.786 -5.283 0.016 0.018 1.005 "" "" 14.584633 1.227272 15.107849 13.880577 "" "" 2354.1687 2570.19946 27611.73374 6.2209 12367.0 12.826 22229.0 12.989 "" "" 0.002766157283193705 0.0030088203 0.0038322606 0.006841081 300.52049481924 31.4260762813 2458.7959 -2.7860000000000014 -5.2829999999999995 -0.004466758728027376 -0.010533340454101925 0.0667909 0.0687909 "" "" 0.1333447571300987 "" 0.009132760523846874 "" 1.0
300.52444778029 31.43337485688 0.0129 0.0149 1.867 "" "" 2030898757948351232 2521.18677 0.3691 0.0189 -2.711 -5.276 0.017 0.019 1.093 "" "" 14.701401 1.173365 15.198247 14.024882 "" "" 2410.84375 2657.65063 24796.26433 4.9001 11379.0 11.348 19463.0 12.762 "" "" 0.0027636613724567596 0.002992901 0.00384585 0.006838751 300.52444778029 31.43337485688 2521.18677 -2.7109999999999994 -5.276 0.0705332412719728 -0.0035333404541013635 0.067790896 0.0697909 "" "" 0.8439591896262661 "" 0.05721703676437255 "" 0.8
300.49500358052 31.40811718263 0.0145 0.0182 0.9221 "" "" 2030898654869140608 2510.9939 0.3682 0.0222 -2.793 -5.2 0.019 0.022 1.023 "" "" 15.019373 1.480099 15.687642 14.207543 "" "" 2388.01392 2648.57031 18501.10524 4.7514 7250.4 11.031 16449.0 10.388 "" "" 0.002769393199843327 0.0032424896 0.0038410772 0.007083567 300.49500358052 31.40811718263 2510.9939 -2.793 -5.2 -0.011466758728027493 0.07246665954589826 0.0697909 0.0727909 "" "" 0.8732373207093191 "" 0.06350102592147139 "" 0.8
300.50973949576 31.40198748938 0.0147 0.0175 1.6081 "" "" 2030898616182468096 2359.90161 0.3974 0.0219 -2.749 -5.339 0.02 0.021 0.945 "" "" 15.199889 1.449842 15.779257 14.329415 "" "" 2259.57788 2488.53931 15667.18337 4.755 6663.7 33.575 14703.0 143.03 "" "" 0.0027749547548494022 0.006140938 0.011217808 0.017358746 300.50973949576 31.40198748938 2359.90161 -2.7490000000000014 -5.339 0.032533241271972546 -0.06653334045410197 0.0707909 0.0717909 "" "" 0.8284463739910201 "" 0.05931595143244415 "" 0.9
300.55814936692 31.48970035066 0.0145 0.0176 5.3094 "" "" 2030904873982085248 2466.07568 0.3743 0.0215 -2.789 -5.233 0.019 0.023 1.0 "" "" 15.206674 1.080341 15.654733 14.574391 "" "" 2357.875 2577.51831 15569.59962 3.4897 7473.5 10.442 11733.0 10.219 "" "" 0.0027660458435079705 0.0031758966 0.0038958893 0.0070717856 300.55814936692 31.48970035066 2466.07568 -2.7889999999999997 -5.233000000000002 -0.007466758728027489 0.039466659545898786 0.0697909 0.0737909 "" "" 0.4695173987064916 "" 0.03458291337153404 "" 0.8
300.516401028 31.41254682906 0.0161 0.0198 1.4829 "" "" 2030898620509394944 2315.56812 0.406 0.024 -2.828 -5.224 0.021 0.024 1.051 "" "" 15.315885 1.33644 15.899246 14.562806 "" "" 2183.73413 2474.15527 14079.6846 3.6401 5966.5 8.1362 11859.0 9.6975 "" "" 0.0027695816874284047 0.003158656 0.0038822663 0.0070409225 300.516401028 31.41254682906 2315.56812 -2.827999999999999 -5.224000000000001 -0.04646675872802719 0.04846665954589824 0.0717909 0.074790895 "" "" 0.736947196473365 "" 0.05406935478908102 "" 0.8
300.45874475987 31.42599946935 0.0165 0.0205 1.6164 "" "" 2030898551789951232 2307.27515 0.4047 0.0249 -2.8 -5.26 0.022 0.025 1.025 6939.4 3.7403 15.374773 1.305798 15.943291 14.637493 "" "" 2188.07642 2480.56567 13336.3678 3.9397 5729.3 9.2304 11070.0 8.6493 "" "" 0.0027739253780665637 0.0032931447 0.0038734179 0.0071665626 300.45874475987 31.42599946935 2307.27515 -2.800000000000001 -5.26 -0.018466758728027166 0.01246665954589865 0.0727909 0.0757909 "" "" 0.24367477814136093 "" 0.01796936211485111 "" 0.8
300.48620377273 31.42621202837 0.0203 0.0256 0.2816 "" "" 2030898895387319296 2166.40698 0.4356 0.031 -2.785 -5.368 0.027 0.03 1.071 9247.6 3.6056 15.814656 1.528024 16.51359 14.985566 "" "" 2053.88574 2318.67163 8893.73496 3.1808 3388.3 8.3634 8034.0 8.1444 "" "" 0.0027825478623813168 0.0038687382 0.0039363904 0.0078051286 300.48620377273 31.42621202837 2166.40698 -2.785 -5.368 -0.003466758728027486 -0.09553334045410189 0.0777909 0.0807909 "" "" 0.9816555234275528 "" 0.07930503175750368 "" 0.9
300.42174661295 31.45501380452 0.0203 0.0267 3.9947 "" "" 2030901781605382528 2316.35791 0.4071 0.0316 -2.825 -5.234 0.027 0.034 0.946 "" "" 15.830804 1.288403 16.392574 15.104172 "" "" 2156.43213 2454.31519 8762.44548 2.7114 3787.8 8.4184 7202.6 9.9595 "" "" 0.0027757271342692285 0.003688885 0.0040666545 0.0077555394 300.42174661295 31.45501380452 2316.35791 -2.8249999999999997 -5.234 -0.04346675872802752 0.03846665954589845 0.0777909 0.0847909 "" "" 0.6372902647790755 "" 0.05158220394554014 "" 0.9
300.62040624923 31.5057262092 0.0224 0.0273 8.3163 "" "" 2030904560417719552 2520.28076 0.374 0.033 -2.852 -5.239 0.03 0.034 0.956 "" "" 16.09097 1.209086 16.611216 15.40213 "" "" 2354.25415 2722.52026 6895.39091 2.3725 3096.9 6.7223 5474.0 8.0613 "" "" 0.002780529392411338 0.0036523084 0.004103687 0.0077559957 300.62040624923 31.5057262092 2520.28076 -2.852 -5.239 -0.07046675872802721 0.03346665954589856 0.0807909 0.0847909 "" "" 0.9319192937799571 "" 0.07599038793823645 "" 0.8
300.39289633715 31.43803311343 0.0248 0.0328 5.0589 "" "" 2030901712885911552 2325.28101 0.4188 0.0377 -2.792 -5.215 0.032 0.042 0.995 "" "" 16.153057 1.382865 16.7693 15.386435 "" "" 2133.30005 2599.50342 6512.14354 2.8157 2677.3 7.6195 5553.7 9.2922 "" "" 0.0027950259503930447 0.004163285 0.004193302 0.008356586 300.39289633715 31.43803311343 2325.28101 -2.792 -5.215 -0.010466758728027159 0.05746665954589858 0.0827909 0.0927909 "" "" 0.6438080287417933 "" 0.05954362830987255 "" 1.0
