Clusters/Kronberger_69/Kronberger_69_stars_in_region.tsv
# %ECSV 1.0
# ---
# datatype:
# - name: RA_ICRS_1
#   unit: deg
#   datatype: float64
#   format: '{:15.11f}'
#   description: Right ascension (ICRS) at Ep=2016.0 (ra)
#   meta: !!omap
#   - {ucd: POS_EQ_RA_MAIN}
#   - {width: 15}
#   - {precision: '11'}
# - name: DE_ICRS_1
#   unit: deg
#   datatype: float64
#   format: '{:15.11f}'
#   description: Declination (ICRS) at Ep=2016.0 (dec)
#   meta: !!omap
#   - {ucd: POS_EQ_DEC_MAIN}
#   - {width: 15}
#   - {precision: '11'}
# - name: e_RA_ICRS
#   unit: mas
#   datatype: float64
#   format: '{:7.4f}'
#   description: Standard error of right ascension (ra_error)
#   meta: !!omap
#   - {ucd: ERROR}
#   - {width: 7}
#   - {precision: '4'}
# - name: e_DE_ICRS
#   unit: mas
#   datatype: float64
#   format: '{:7.4f}'
#   description: Standard error of declination (dec_error)
#   meta: !!omap
#   - {ucd: ERROR}
#   - {width: 7}
#   - {precision: '4'}
# - name: _r_1
#   unit: ''
#   datatype: float64
#   format: '{:7.4f}'
#   description: Distance from center (300.49010674000+31.42290605000)[ICRS], at Epoch=J2016.0
#   meta: !!omap
#   - {ucd: POS_ANG_DIST_GENERAL}
#   - {width: 7}
#   - {precision: '4'}
# - name: HIP
#   datatype: int32
#   description: '? HIP cross-id number, van Leeuwen, Cat. I/311 (hip_original_ext_source_id)'
#   meta: !!omap
#   - {ucd: ID_NUMBER}
#   - {width: 6}
#   - values: {'null': -2147483648}
# - name: TYC2
#   datatype: string
#   description: Tycho-2 cross-id name, Hog et al., Cat. I/259 (tyc2_original_ext_source_id)
#   meta: !!omap
#   - {ucd: ID_CROSSID}
#   - {_votable_string_dtype: char}
# - name: Source
#   datatype: int64
#   description: Source identifier, identical to the Gaia-EDR3 source_id (id)
#   meta: !!omap
#   - {ucd: ID_MAIN}
#   - {width: 19}
# - name: rgeo
#   unit: pc
#   datatype: float64
#   format: '{:15.8f}'
#   description: '? Median of the geometric distance posterior (r_med_geo)'
#   meta: !!omap
#   - {ucd: PHYS_DISTANCE_TRUE}
#   - {width: 15}
#   - {precision: '8'}
#   - values: {'null': .nan}
# - name: Plx
#   unit: mas
#   datatype: float64
#   format: '{:9.4f}'
#   description: '? Parallax (parallax)'
#   meta: !!omap
#   - {ucd: POS_PARLX_TRIG}
#   - {width: 9}
#   - {precision: '4'}
#   - values: {'null': .nan}
# - name: e_Plx
#   unit: mas
#   datatype: float32
#   format: '{:7.4f}'
#   description: '? Standard error of parallax (parallax_error)'
#   meta: !!omap
#   - {ucd: ERROR}
#   - {width: 7}
#   - {precision: '4'}
#   - values: {'null': .nan}
# - name: pmRA
#   unit: mas / yr
#   datatype: float64
#   format: '{:9.3f}'
#   description: '? Proper motion in right ascension direction, pmRA*cosDE (pmra)'
#   meta: !!omap
#   - {ucd: POS_EQ_PMRA}
#   - {width: 9}
#   - {precision: '3'}
#   - values: {'null': .nan}
# - name: pmDE
#   unit: mas / yr
#   datatype: float64
#   format: '{:9.3f}'
#   description: '? Proper motion in declination direction (pmdec)'
#   meta: !!omap
#   - {ucd: POS_EQ_PMDEC}
#   - {width: 9}
#   - {precision: '3'}
#   - values: {'null': .nan}
# - name: e_pmRA
#   unit: mas / yr
#   datatype: float32
#   format: '{:6.3f}'
#   description: '? Standard error of proper motion in right ascension direction (pmra_error)'
#   meta: !!omap
#   - {ucd: ERROR}
#   - {width: 6}
#   - {precision: '3'}
#   - values: {'null': .nan}
# - name: e_pmDE
[...]
#         value: !astropy.table.SerializedColumn {name: SkyCoord.dec}
#       distance: !astropy.table.SerializedColumn
#         __class__: astropy.coordinates.distances.Distance
#         unit: !astropy.units.Unit {unit: pc}
#         value: !astropy.table.SerializedColumn {name: SkyCoord.distance}
#       frame: icrs
#       obstime: !astropy.time.Time {format: jyear_str, in_subfmt: '*', jd1: 367701545.0, jd2: 0.0, out_subfmt: '*', precision: 3, scale: tt}
#       pm_dec: !astropy.table.SerializedColumn
#         __class__: astropy.units.quantity.Quantity
#         unit: !astropy.units.Unit {unit: mas / yr}
#         value: !astropy.table.SerializedColumn {name: SkyCoord.pm_dec}
#       pm_ra_cosdec: !astropy.table.SerializedColumn
#         __class__: astropy.units.quantity.Quantity
#         unit: !astropy.units.Unit {unit: mas / yr}
#         value: !astropy.table.SerializedColumn {name: SkyCoord.pm_ra_cosdec}
#       ra: !astropy.table.SerializedColumn
#         __class__: astropy.coordinates.angles.Longitude
#         unit: *id001
#         value: !astropy.table.SerializedColumn {name: SkyCoord.ra}
#         wrap_angle: !astropy.coordinates.Angle
#           unit: *id001
#           value: 360.0
#       representation_type: spherical
# schema: astropy-2.0
RA_ICRS_1 DE_ICRS_1 e_RA_ICRS e_DE_ICRS _r_1 HIP TYC2 Source rgeo Plx e_Plx pmRA pmDE e_pmRA e_pmDE RUWE Teff logg Gmag BP-RP BPmag RPmag RV e_RV b_rgeo B_rgeo FG e_FG FBP e_FBP FRP e_FRP RAVE5 RAVE6 e_Gmag e_BPmag e_RPmag e_BP-RP SkyCoord.ra SkyCoord.dec SkyCoord.distance SkyCoord.pm_ra_cosdec SkyCoord.pm_dec rmRA rmDE e_rmRA e_rmDE rRV e_rRV v_pec v_pec3d e_vpec e_vpec3d
300.26251045884 31.29054965745 0.0113 0.0145 14.1085 "" "" 2030875771289870080 3085.47534 0.3018 0.0174 -1.341 -4.697 0.015 0.019 1.048 4522.7 1.4225 11.496241 2.376015 12.776021 10.400006 -2.35 0.61 2930.99805 3237.08984 474734.14434 143.61 105930.0 79.444 548470.0 226.73 "" "" 0.002774826747003252 0.0029065579 0.0038059393 0.006712497 300.26251045884 31.29054965745 3085.47534 -1.341 -4.696999999999999 1.4405332412719727 0.5754666595458984 0.0657909 0.0697909 "" "" 22.6868979257134 "" 1.5054050228051217 ""
300.48027630996 31.57912508591 0.0307 0.0331 9.3866 "" "" 2030909272028656512 2295.64941 0.4069 0.0413 -2.447 -5.818 0.04 0.043 0.982 "" "" 11.640128 4.439508 14.613214 10.173706 12.94 0.44 2099.48804 2538.30176 415810.3967 852.69 19504.0 225.37 675580.0 3840.5 "" "" 0.0035424614558241065 0.012852274 0.00723733 0.020089604 300.48027630996 31.57912508591 2295.64941 -2.4470000000000005 -5.818000000000001 0.3345332412719726 -0.5455333404541012 0.0907909 0.0937909 "" "" 6.963394407171058 "" 0.6474611515727177 ""
300.39737379261 31.48488829206 0.0288 0.0368 6.0298 "" "" 2030902670632006784 2680.66357 0.3567 0.0417 -4.057 -7.279 0.036 0.047 1.062 3505.8 0.2204 11.755237 4.408977 14.706155 10.297177 -23.96 0.7 2430.33813 2997.9375 373983.17954 982.09 17904.0 277.67 602960.0 4059.5 "" "" 0.003964968529368145 0.017068096 0.00822907 0.025297165 300.39737379261 31.48488829206 2680.66357 -4.057 -7.279000000000002 -1.2754667587280277 -2.0065333404541015 0.0867909 0.0977909 "" "" 30.210632660562727 "" 2.862647065423914 ""
300.28361276869 31.59851078487 0.0189 0.0226 14.9192 "" "" 2030951324020336768 2835.16187 0.337 0.0279 -1.558 -2.114 0.025 0.029 1.06 3691.4 0.1904 11.813486 3.340358 13.836638 10.49628 8.92 0.22 2622.43188 3067.90283 354447.72294 426.82 39881.0 275.02 501930.0 1438.3 "" "" 0.0030497787200885374 0.007990245 0.004895244 0.012885489 300.28361276869 31.59851078487 2835.16187 -1.5579999999999994 -2.114 1.2235332412719726 3.1584666595458986 0.0757909 0.0797909 "" "" 45.51909944215104 "" 3.608772954699053 ""
300.41122429582 31.62220703439 0.0243 0.0304 12.6203 "" "" 2030956718501074176 2367.99072 0.3978 0.0355 -1.777 -8.151 0.032 0.039 1.029 "" "" 11.874572 4.096148 14.542889 10.44674 3.11 0.26 2227.97803 2586.8811 335056.46458 379.66 20809.0 168.84 525370.0 1565.8 "" "" 0.003017508692411063 0.009240743 0.0049754186 0.014216161 300.41122429582 31.62220703439 2367.99072 -1.777000000000002 -8.151 1.0045332412719727 -2.8785333404541014 0.0827909 0.089790896 "" "" 34.22031460322211 "" 3.047578746615669 ""
300.61528582466 31.54048665192 0.0084 0.0099 9.5288 "" 2670-2560-1 2030906901206750080 2398.8833 0.3948 0.0129 -2.455 -5.163 0.011 0.013 1.024 11313.3 3.434 12.094584 0.861944 12.433414 11.571469 "" "" 2311.24438 2475.10254 273598.24346 79.57 145230.0 144.75 186450.0 144.29 "" "" 0.002773354516932059 0.002992673 0.003871655 0.006864328 300.61528582466 31.54048665192 2398.8833 -2.455 -5.163 0.3265332412719726 0.10946665954589818 0.0617909 0.0637909 "" "" 3.915997929022915 "" 0.24277577880570703 ""
300.48767217865 31.66535626917 0.4442 0.3189 14.5475 "" "" 2030958578245183744 2750.63184 1.1978 0.4754 7.901 2.517 0.618 0.473 14.339 "" "" 12.114028 0.599852 11.567005 10.967154 "" "" 1386.71533 5080.33154 268741.93302 447.6 322560.0 1568.9 325310.0 2033.7 "" "" 0.003295734511903465 0.005972696 0.00776883 0.013741526 300.48767217865 31.66535626917 2750.63184 7.901000000000007 2.5170000000000026 10.682533241271972 7.789466659545898 0.6687909 0.5237909 "" "" 172.3740815352744 "" 107.26791825520556 ""
300.35693605685 31.49518573865 0.0102 0.0133 8.0785 "" "" 2030902915476792576 2291.73486 0.4308 0.0152 1.876 -3.934 0.013 0.016 1.129 "" "" 12.203982 2.373082 13.470226 11.097144 -39.26 0.27 2230.27612 2379.47998 247373.81896 49.032 55889.0 38.261 288600.0 122.3 "" "" 0.002763711659013053 0.002887476 0.0038072853 0.006694761 300.35693605685 31.49518573865 2291.73486 1.876 -3.934 4.657533241271972 1.3384666595458983 0.0637909 0.0667909 "" "" 52.64168175660948 "" 3.3703684761760533 ""
300.53498909387 31.4157412842 0.006 0.0072 2.338 "" "" 2030897963346667264 2794.91602 0.3446 0.0092 -2.74 -5.318 0.008 0.009 0.861 "" "" 12.316681 1.177032 12.805828 11.628797 "" "" 2733.60547 2871.68872 222984.35281 60.191 103060.0 169.95 176860.0 200.41 "" "" 0.00277086330098734 0.0033152162 0.003974593 0.007289809 300.53498909387 31.4157412842 2794.91602 -2.74 -5.318 0.04153324127197244 -0.04553334045410118 0.0587909 0.059790898 "" "" 0.8164723152115844 "" 0.04844851515491422 ""
300.38564762141 31.265289873 0.0087 0.0119 10.8668 "" "" 2030895111482679040 2959.83447 0.3291 0.0136 -2.675 -5.549 0.012 0.015 0.983 "" "" 12.515632 2.541979 13.914124 11.372146 10.69 0.3 2809.88477 3112.5271 185649.56095 46.205 37134.0 34.428 224030.0 92.961 "" "" 0.0027685391254291696 0.0029661972 0.0038061398 0.006772337 300.38564762141 31.265289873 2959.83447 -2.6749999999999963 -5.549 0.10653324127197283 -0.27653334045410194 0.0627909 0.0657909 "" "" 4.157598344126961 "" 0.27195241387856184 ""
300.67926233836 31.27849357697 0.0157 0.0187 13.0007 "" "" 2030881440639183488 3038.89795 0.3104 0.0232 -1.053 -2.818 0.021 0.023 1.173 "" "" 12.754876 3.263006 14.716521 11.453515 -32.76 0.56 2851.62866 3240.51709 148934.8728 74.245 17734.0 45.008 207850.0 219.88 "" "" 0.002807977421101336 0.0039214883 0.0039500576 0.007871546 300.67926233836 31.27849357697 3038.89795 -1.053 -2.818 1.7285332412719727 2.4544666595458984 0.0717909 0.0737909 "" "" 43.242488795773355 "" 3.162491836512081 ""
300.61964845304 31.31730105698 0.0287 0.032 9.1755 "" "" 2030884769207621888 3074.32178 0.3189 0.0401 -5.029 -6.97 0.039 0.04 1.079 "" "" 12.806566 4.488543 15.825753 11.33721 -7.43 0.48 2724.90674 3468.34717 142010.43704 218.51 6384.3 76.631 231350.0 935.14 "" "" 0.0032222244798374338 0.013327473 0.00579172 0.019119192 300.61964845304 31.31730105698 3074.32178 -5.029 -6.969999999999999 -2.2474667587280273 -1.6975333404541013 0.089790896 0.0907909 "" "" 41.04298112649509 "" 3.7002478689477694 ""
300.49944506493 31.42737237464 0.0088 0.0107 0.5481 "" "" 2030898684901171456 2747.50122 0.3497 0.0133 -2.646 -5.43 0.012 0.013 1.074 "" "" 12.816889 1.173596 13.264339 12.090743 -16.88 23.3 2655.24805 2845.13843 140666.69473 39.396 67559.0 281.74 115570.0 875.57 "" "" 0.002772048502650992 0.005318481 0.009052347 0.014370829 300.49944506493 31.42737237464 2747.50122 -2.646 -5.43 0.13553324127197275 -0.15753334045410128 0.0627909 0.0637909 "" "" 2.706373861992888 "" 0.17149608687371032 ""
300.62371662299 31.5320884658 0.0088 0.0105 9.4688 "" "" 2030906832487266560 2897.15405 0.3304 0.0133 -2.575 -5.46 0.012 0.013 1.052 "" "" 12.8614 0.966526 13.247821 12.281295 "" "" 2786.73438 3002.88647 135016.56122 65.155 68594.0 100.47 96971.0 115.95 "" "" 0.002804693718647427 0.0032115495 0.003996141 0.0072076903 300.62371662299 31.5320884658 2897.15405 -2.575000000000003 -5.460000000000004 0.20653324127197248 -0.18753334045410153 0.0627909 0.0637909 "" "" 3.830970002478518 "" 0.24228876478065978 ""
300.66532823077 31.45114243948 0.0318 0.0359 9.1287 "" "" 2030892470115810944 3160.19336 0.3114 0.0453 -4.213 -5.864 0.042 0.045 1.106 "" "" 12.892528 4.594458 16.005772 11.411314 -0.53 0.39 2746.3457 3610.98413 131200.53622 352.01 5408.9 92.507 216090.0 1475.4 "" "" 0.004009673868941716 0.018777518 0.008320917 0.027098436 300.66532823077 31.45114243948 3160.19336 -4.213 -5.864 -1.4314667587280274 -0.5915333404541014 0.0927909 0.0957909 "" "" 23.201064748602334 "" 2.163139323638263 ""
300.61290475175 31.35635493936 0.0376 0.0426 7.45 "" "" 2030885632527504768 3176.2146 0.3193 0.0523 -2.12 -5.319 0.052 0.054 1.062 "" "" 12.91267 5.319609 16.664812 11.345203 -12.24 0.56 2692.25757 3833.19604 128788.98191 394.35 2947.8 41.558 229660.0 1593.0 "" "" 0.004317886769249081 0.0155589 0.008426162 0.023985062 300.61290475175 31.35635493936 3176.2146 -2.12 -5.319 0.6615332412719725 -0.04653334045410151 0.1027909 0.104790896 "" "" 9.984162367378008 "" 1.026380298504628 ""
300.68708563059 31.32868177642 0.0096 0.0114 11.5663 "" "" 2030890374171704448 2721.06958 0.3494 0.0147 -2.618 -5.723 0.013 0.014 0.994 15000.6 3.4423 12.92549 1.202239 13.437881 12.235642 -69.91 25.83 2632.38037 2824.95361 127277.17598 81.541 57579.0 110.17 101130.0 196.4 "" "" 0.0028417647696069802 0.003478607 0.004327788 0.007806395 300.68708563059 31.32868177642 2721.06958 -2.6179999999999977 -5.723 0.16353324127197277 -0.4505333404541014 0.0637909 0.0647909 "" "" 6.181880673314125 "" 0.39981485410538403 ""
300.55713157918 31.53828996363 0.0092 0.0106 7.726 "" "" 2030908516114371072 2787.66235 0.3416 0.0136 -1.037 -5.249 0.012 0.013 1.01 "" "" 12.932014 1.954119 13.909981 11.955862 30.13 0.6 2686.65381 2879.33154 126514.82014 28.389 37276.0 31.43 130860.0 59.41 "" "" 0.002766070423954337 0.002936514 0.0038113906 0.0067479047 300.55713157918 31.53828996363 2787.66235 -1.0369999999999975 -5.2490000000000006 1.7445332412719727 0.02346665954589877 0.0627909 0.0637909 "" "" 23.053509483418203 "" 1.4475548232816946 ""
300.52091660614 31.65972166904 0.0087 0.009 14.296 "" "" 2030911608491062656 2393.19482 0.3883 0.0125 -2.532 -4.47 0.013 0.012 0.981 4733.9 2.214 13.040464 2.058915 14.090205 12.03129 27.73 10.38 2337.68604 2462.56592 114488.29038 24.198 31574.0 23.171 122080.0 39.303 "" "" 0.0027648598442710577 0.002901708 0.0037955118 0.00669722 300.52091660614 31.65972166904 2393.19482 -2.532 -4.47 0.24953324127197263 0.8024666595458987 0.0637909 0.0627909 "" "" 9.532927110640196 "" 0.5994276842158529 ""
300.25617485767 31.35462005329 0.0072 0.0097 12.6629 "" "" 2030876836441827200 2385.17505 0.3873 0.0111 -2.133 -5.923 0.01 0.012 1.003 12342.8 3.7898 13.093515 0.904245 13.453673 12.549428 "" "" 2322.22974 2454.7439 109028.59882 21.19 56748.0 36.57 75751.0 28.488 "" "" 0.0027633886888536224 0.0028765602 0.0038013747 0.006677935 300.25617485767 31.35462005329 2385.17505 -2.133 -5.923 0.6485332412719726 -0.6505333404541016 0.060790896 0.0627909 "" "" 10.385215841348929 "" 0.6418278214127096 ""
300.46913172138 31.31301649283 0.0072 0.0092 6.6804 "" "" 2030895528132768896 2995.22266 0.3018 0.0111 -2.567 -5.662 0.01 0.011 0.965 "" "" 13.109719 1.092255 13.562959 12.470704 "" "" 2908.86792 3095.81274 107413.5142 54.694 51314.0 85.352 81447.0 101.11 "" "" 0.002810236533428105 0.00332362 0.0040125353 0.0073361555 300.46913172138 31.31301649283 2995.22266 -2.5670000000000037 -5.662000000000001 0.21453324127197249 -0.3895333404541015 0.060790896 0.0617909 "" "" 6.31360617068071 "" 0.3886631972197235 ""
300.35023394364 31.48726092508 0.0102 0.013 8.134 "" "" 2030902812397577728 2494.68115 0.366 0.015 -2.682 -5.029 0.013 0.017 1.431 5010.5 2.6763 13.197826 1.95342 14.174367 12.220947 9.01 1.27 2408.59277 2583.99146 99041.30243 22.802 29219.0 18.608 102510.0 34.327 "" "" 0.0027666355732314917 0.002874569 0.0037968294 0.0066713984 300.35023394364 31.48726092508 2494.68115 -2.682 -5.029 0.09953324127197272 0.24346665954589852 0.0637909 0.067790896 "" "" 3.1102314397385067 "" 0.209109271092305 ""
300.59869044098 31.5803436792 0.009 0.0097 10.9585 "" "" 2030910165381938048 2139.41528 0.4342 0.0132 -1.183 -1.376 0.012 0.013 1.095 4933.5 2.6558 13.289853 1.91225 14.221971 12.309721 -2.5 1.22 2070.50317 2205.82007 90992.46495 17.925 27966.0 28.77 94465.0 329.92 "" "" 0.00276360918268977 0.0030054327 0.005353744 0.008359177 300.59869044098 31.5803436792 2139.41528 -1.1830000000000007 -1.3760000000000006 1.5985332412719726 3.8964666595458985 0.0627909 0.0637909 "" "" 42.709337404274045 "" 2.718355813877865 ""
300.51566132012 31.34583298889 0.008 0.0096 4.8061 "" "" 2030897138712951552 2602.66455 0.333 0.012 -3.235 -8.502 0.011 0.012 0.969 "" "" 13.304396 3.031322 15.080114 12.048792 36.39 0.48 2516.38818 2674.91675 89781.85971 38.956 12687.0 19.886 120130.0 85.988 "" "" 0.002795303477665418 0.0032682146 0.003858459 0.0071266736 300.51566132012 31.34583298889 2602.66455 -3.2349999999999994 -8.501999999999999 -0.4534667587280272 -3.2295333404541022 0.0617909 0.0627909 "" "" 40.232392147794265 "" 2.525456333680313 ""
300.5942059034 31.59752110607 0.009 0.0101 11.7525 "" "" 2030910229774972032 2587.63867 0.3461 0.0136 -2.788 -4.041 0.012 0.013 0.957 4656.8 2.3269 13.37514 2.217609 14.537783 12.320173 28.09 0.69 2501.46875 2692.19531 84118.3038 22.923 20908.0 19.749 93560.0 47.804 "" "" 0.002771160443824689 0.0029726757 0.0038198791 0.0067925546 300.5942059034 31.59752110607 2587.63867 -2.788000000000003 -4.041 -0.0064667587280271555 1.231466659545898 0.0627909 0.0637909 "" "" 15.104648407545122 "" 0.9635387405453498 ""
300.38473169606 31.30730016564 0.0078 0.0108 8.7896 "" "" 2030896077888625280 2542.34619 0.3553 0.0122 -0.654 -2.242 0.011 0.014 1.034 4679.2 2.1667 13.383969 2.231358 14.553453 12.322095 -12.75 9.29 2478.9187 2636.98071 83437.09112 17.408 20608.0 22.643 93394.0 35.672 "" "" 0.0027646161547535343 0.003034498 0.0038020655 0.0068365633 300.38473169606 31.30730016564 2542.34619 -0.654 -2.242 2.1275332412719727 3.0304666595458984 0.0617909 0.0647909 "" "" 44.62042993147119 "" 2.847499319618387 ""
300.20173294905 31.45708660478 0.0091 0.0105 14.904 "" "" 2030948643956573952 2306.61157 0.3926 0.013 0.282 -2.917 0.012 0.013 1.142 "" "" 13.421427 2.434936 14.73778 12.302844 -20.56 1.21 2238.30737 2383.17603 80607.62525 25.223 17390.0 22.907 95065.0 43.332 "" "" 0.002776186544533985 0.0031353603 0.0038116463 0.0069470066 300.20173294905 31.45708660478 2306.61157 0.28200000000000125 -2.9169999999999994 3.0635332412719727 2.3554666595458986 0.0627909 0.0637909 "" "" 42.25061318682881 "" 2.668729529728832 ""
300.48442080878 31.61594083139 0.0304 0.0374 11.5857 "" "" 2030909959200023552 2468.55249 0.3651 0.0441 -2.932 -5.56 0.041 0.048 2.187 3884.5 0.9012 13.434602 3.407124 15.40442 11.997296 "" "" 2240.29907 2784.63989 79635.38707 82.069 9411.3 233.59 125960.0 330.61 "" "" 0.002973846256223887 0.027092207 0.0047333743 0.03182558 300.48442080878 31.61594083139 2468.55249 -2.9319999999999977 -5.5600000000000005 -0.15046675872802728 -0.28753334045410117 0.0917909 0.0987909 "" "" 3.7972325935584825 "" 0.36957919526952526 ""
300.48592607512 31.66390997586 0.0093 0.0107 14.4618 "" "" 2030958578256162304 2866.23462 0.3156 0.0146 -2.939 -6.204 0.014 0.016 1.078 "" "" 13.510153 2.14891 14.621148 12.472238 -2.83 1.17 2757.48315 2975.74634 74282.31916 18.491 19362.0 28.212 81332.0 34.225 "" "" 0.002768543976546419 0.0032074584 0.0038068977 0.007014356 300.48592607512 31.66390997586 2866.23462 -2.938999999999999 -6.204000000000001 -0.1574667587280274 -0.9315333404541013 0.0647909 0.0667909 "" "" 12.835310859207139 "" 0.8565792153474767 ""
300.6844897041 31.55965461785 0.0092 0.0097 12.893 "" "" 2030906626328864384 2486.9353 0.373 0.0137 -3.457 -4.965 0.012 0.012 0.935 11353.1 3.8176 13.541941 0.90541 13.903912 12.998502 "" "" 2415.79419 2577.57935 72139.06266 55.384 37485.0 111.02 50091.0 136.37 "" "" 0.0028786482299087857 0.0042573954 0.004798001 0.009055397 300.6844897041 31.55965461785 2486.9353 -3.457 -4.965 -0.6754667587280272 0.3074666595458986 0.0627909 0.0627909 "" "" 8.748554087117311 "" 0.5493295889303266 ""
300.45149669578 31.38551907695 0.0079 0.0101 2.9902 "" "" 2030898139472921088 2732.53223 0.3335 0.0121 -2.732 -5.318 0.011 0.013 0.999 11616.4 3.6382 13.544027 1.18001 14.042905 12.862895 "" "" 2651.65625 2835.49219 72000.54905 16.16 32980.0 26.183 56754.0 34.924 "" "" 0.0027660752103563493 0.0029202814 0.003837982 0.0067582633 300.45149669578 31.38551907695 2732.53223 -2.7319999999999993 -5.318000000000004 0.04953324127197245 -0.04553334045410118 0.0617909 0.0637909 "" "" 0.8714462142826919 "" 0.05465258934537347 ""
