Clusters/Kronberger_69/Kronberger_69_stars_in_region.tsv
# %ECSV 1.0
# ---
# datatype:
# - name: RA_ICRS_1
#   unit: deg
#   datatype: float64
#   format: '{:15.11f}'
#   description: Right ascension (ICRS) at Ep=2016.0 (ra)
#   meta: !!omap
#   - {ucd: POS_EQ_RA_MAIN}
#   - {width: 15}
#   - {precision: '11'}
# - name: DE_ICRS_1
#   unit: deg
#   datatype: float64
#   format: '{:15.11f}'
#   description: Declination (ICRS) at Ep=2016.0 (dec)
#   meta: !!omap
#   - {ucd: POS_EQ_DEC_MAIN}
#   - {width: 15}
#   - {precision: '11'}
# - name: e_RA_ICRS
#   unit: mas
#   datatype: float64
#   format: '{:7.4f}'
#   description: Standard error of right ascension (ra_error)
#   meta: !!omap
#   - {ucd: ERROR}
#   - {width: 7}
#   - {precision: '4'}
# - name: e_DE_ICRS
#   unit: mas
#   datatype: float64
#   format: '{:7.4f}'
#   description: Standard error of declination (dec_error)
#   meta: !!omap
#   - {ucd: ERROR}
#   - {width: 7}
#   - {precision: '4'}
# - name: _r_1
#   unit: ''
#   datatype: float64
#   format: '{:7.4f}'
#   description: Distance from center (300.49010674000+31.42290605000)[ICRS], at Epoch=J2016.0
#   meta: !!omap
#   - {ucd: POS_ANG_DIST_GENERAL}
#   - {width: 7}
#   - {precision: '4'}
# - name: HIP
#   datatype: int32
#   description: '? HIP cross-id number, van Leeuwen, Cat. I/311 (hip_original_ext_source_id)'
#   meta: !!omap
#   - {ucd: ID_NUMBER}
#   - {width: 6}
#   - values: {'null': -2147483648}
# - name: TYC2
#   datatype: string
#   description: Tycho-2 cross-id name, Hog et al., Cat. I/259 (tyc2_original_ext_source_id)
#   meta: !!omap
#   - {ucd: ID_CROSSID}
#   - {_votable_string_dtype: char}
# - name: Source
#   datatype: int64
#   description: Source identifier, identical to the Gaia-EDR3 source_id (id)
#   meta: !!omap
#   - {ucd: ID_MAIN}
#   - {width: 19}
# - name: rgeo
#   unit: pc
#   datatype: float64
#   format: '{:15.8f}'
#   description: '? Median of the geometric distance posterior (r_med_geo)'
#   meta: !!omap
#   - {ucd: PHYS_DISTANCE_TRUE}
#   - {width: 15}
#   - {precision: '8'}
#   - values: {'null': .nan}
# - name: Plx
#   unit: mas
#   datatype: float64
#   format: '{:9.4f}'
#   description: '? Parallax (parallax)'
#   meta: !!omap
#   - {ucd: POS_PARLX_TRIG}
#   - {width: 9}
#   - {precision: '4'}
#   - values: {'null': .nan}
# - name: e_Plx
#   unit: mas
#   datatype: float32
#   format: '{:7.4f}'
#   description: '? Standard error of parallax (parallax_error)'
#   meta: !!omap
#   - {ucd: ERROR}
#   - {width: 7}
#   - {precision: '4'}
#   - values: {'null': .nan}
# - name: pmRA
#   unit: mas / yr
#   datatype: float64
#   format: '{:9.3f}'
#   description: '? Proper motion in right ascension direction, pmRA*cosDE (pmra)'
#   meta: !!omap
#   - {ucd: POS_EQ_PMRA}
#   - {width: 9}
#   - {precision: '3'}
#   - values: {'null': .nan}
# - name: pmDE
#   unit: mas / yr
#   datatype: float64
#   format: '{:9.3f}'
#   description: '? Proper motion in declination direction (pmdec)'
#   meta: !!omap
#   - {ucd: POS_EQ_PMDEC}
#   - {width: 9}
#   - {precision: '3'}
#   - values: {'null': .nan}
# - name: e_pmRA
#   unit: mas / yr
#   datatype: float32
#   format: '{:6.3f}'
#   description: '? Standard error of proper motion in right ascension direction (pmra_error)'
#   meta: !!omap
#   - {ucd: ERROR}
#   - {width: 6}
#   - {precision: '3'}
#   - values: {'null': .nan}
# - name: e_pmDE
[...]
#         value: !astropy.table.SerializedColumn {name: SkyCoord.dec}
#       distance: !astropy.table.SerializedColumn
#         __class__: astropy.coordinates.distances.Distance
#         unit: !astropy.units.Unit {unit: pc}
#         value: !astropy.table.SerializedColumn {name: SkyCoord.distance}
#       frame: icrs
#       obstime: !astropy.time.Time {format: jyear_str, in_subfmt: '*', jd1: 367701545.0, jd2: 0.0, out_subfmt: '*', precision: 3, scale: tt}
#       pm_dec: !astropy.table.SerializedColumn
#         __class__: astropy.units.quantity.Quantity
#         unit: !astropy.units.Unit {unit: mas / yr}
#         value: !astropy.table.SerializedColumn {name: SkyCoord.pm_dec}
#       pm_ra_cosdec: !astropy.table.SerializedColumn
#         __class__: astropy.units.quantity.Quantity
#         unit: !astropy.units.Unit {unit: mas / yr}
#         value: !astropy.table.SerializedColumn {name: SkyCoord.pm_ra_cosdec}
#       ra: !astropy.table.SerializedColumn
#         __class__: astropy.coordinates.angles.Longitude
#         unit: *id001
#         value: !astropy.table.SerializedColumn {name: SkyCoord.ra}
#         wrap_angle: !astropy.coordinates.Angle
#           unit: *id001
#           value: 360.0
#       representation_type: spherical
# schema: astropy-2.0
RA_ICRS_1 DE_ICRS_1 e_RA_ICRS e_DE_ICRS _r_1 HIP TYC2 Source rgeo Plx e_Plx pmRA pmDE e_pmRA e_pmDE RUWE Teff logg Gmag BP-RP BPmag RPmag RV e_RV b_rgeo B_rgeo FG e_FG FBP e_FBP FRP e_FRP RAVE5 RAVE6 e_Gmag e_BPmag e_RPmag e_BP-RP SkyCoord.ra SkyCoord.dec SkyCoord.distance SkyCoord.pm_ra_cosdec SkyCoord.pm_dec rmRA rmDE e_rmRA e_rmDE rRV e_rRV v_pec v_pec3d e_vpec e_vpec3d
[from data line 510]
300.25480130198 31.56618446589 0.0311 0.0409 14.7929 "" "" 2030951190912062208 2322.33911 0.4156 0.0466 -4.701 -4.812 0.042 0.051 0.989 6768.1 4.1852 16.55394 1.796019 17.42677 15.630751 "" "" 2097.3252 2592.37988 4501.64065 2.5602 1461.2 6.6244 4434.6 6.7306 "" "" 0.0028236640756760427 0.0056580314 0.0041230097 0.009781041 300.25480130198 31.56618446589 2322.33911 -4.700999999999995 -4.812000000000004 -1.919466758728027 0.46046665954589816 0.0927909 0.1017909 "" "" 21.728750447759353 "" 2.027357445859088 ""
300.6989360707 31.38340360815 0.0341 0.0414 10.9539 "" "" 2030891164445705984 2730.15747 0.3661 0.051 -2.787 -5.665 0.046 0.05 1.172 "" "" 16.558035 1.553832 17.222364 15.668532 "" "" 2372.02881 3179.20679 4484.69213 2.7119 1763.9 13.92 4283.0 17.766 "" "" 0.002832462254607814 0.0090110535 0.005879346 0.014890399 300.6989360707 31.38340360815 2730.15747 -2.787 -5.665 -0.005466758728027266 -0.3925333404541016 0.096790895 0.1007909 "" "" 5.080245526449298 "" 0.5120386714598063 ""
300.50411858555 31.2480346373 0.0306 0.0376 10.5168 "" "" 2030883296065229056 2561.22925 0.3706 0.0467 -2.607 -4.026 0.042 0.045 1.046 "" "" 16.559933 1.469641 17.230803 15.761162 "" "" 2324.72559 2867.21753 4476.8579 2.1563 1750.2 5.4908 3932.7 7.3789 "" "" 0.0028045081795511615 0.004403108 0.004293454 0.008696562 300.50411858555 31.2480346373 2561.22925 -2.607 -4.026 0.17453324127197245 1.2464666595458986 0.0927909 0.0957909 "" "" 15.280012510679974 "" 1.4628182311247833 ""
300.36518940113 31.62568392042 0.0301 0.0402 13.7421 "" "" 2030957410025033728 2428.45483 0.398 0.0456 -3.159 -6.603 0.039 0.051 0.951 6727.4 4.2344 16.562838 1.58064 17.296076 15.715436 "" "" 2206.13574 2768.24731 4464.90145 2.3121 1648.1 7.6812 4101.9 7.4848 "" "" 0.002812098727793664 0.0057784882 0.0042671678 0.010045656 300.36518940113 31.62568392042 2428.45483 -3.1590000000000007 -6.603 -0.37746675872802715 -1.3305333404541013 0.089790896 0.1017909 "" "" 15.920003804211996 "" 1.607064232373025 ""
300.60163523939 31.45095586236 0.1181 0.1646 5.9523 "" "" 2030903980636817792 2813.71802 0.6429 0.191 -0.19 -3.616 0.16 0.194 5.926 "" "" 16.564018 1.78183 17.178858 15.397028 "" "" 1549.21179 5026.23926 4460.04505 5.0673 1836.0 6.9172 5499.8 9.6493 "" "" 0.003018852306148771 0.004951532 0.004232303 0.009183835 300.60163523939 31.45095586236 2813.71802 -0.19000000000000028 -3.6159999999999988 2.5915332412719727 1.6564666595458983 0.2107909 0.24479091 "" "" 41.020673907903664 "" 9.073423154077787 ""
300.56853941882 31.25617367764 0.0398 0.0468 10.7812 "" "" 2030884047652956160 2451.42749 0.3981 0.0611 -10.843 -5.093 0.054 0.056 1.679 5451.0 4.5602 16.565676 1.362875 17.121088 15.758213 "" "" 2154.92578 2902.30884 4453.24138 3.3094 1936.3 8.2076 3943.4 9.7672 "" "" 0.0028710294205590483 0.0053819623 0.0046384847 0.010020447 300.56853941882 31.25617367764 2451.42749 -10.843 -5.093 -8.061466758728027 0.17946665954589847 0.104790896 0.1067909 "" "" 93.69556936229925 "" 9.818536393670312 ""
300.68651696368 31.58846446855 0.0318 0.0356 14.1289 "" "" 2030907416602889728 2137.39111 0.4384 0.0469 -2.38 -5.868 0.041 0.043 0.958 7069.4 4.3112 16.566532 1.637446 17.33213 15.694684 "" "" 1952.2865 2344.12402 4449.73025 2.2261 1594.3 7.6999 4181.0 7.6921 "" "" 0.002808348689194494 0.005939834 0.0042747837 0.0102146175 300.68651696368 31.58846446855 2137.39111 -2.38 -5.868 0.40153324127197276 -0.5955333404541019 0.0917909 0.0937909 "" "" 7.2767999153462535 "" 0.6779828074205337 ""
300.67570415868 31.27466229996 0.0339 0.0414 13.0214 "" "" 2030881406279446912 3044.10425 0.3076 0.051 -2.414 -4.678 0.048 0.051 1.154 8467.6 3.9011 16.56826 1.967483 17.540413 15.572929 "" "" 2689.26172 3579.6853 4442.65489 3.2364 1316.0 6.0835 4677.2 9.074 "" "" 0.0028665966840503384 0.00574247 0.0043267277 0.010069197 300.67570415868 31.27466229996 3044.10425 -2.414 -4.678 0.3675332412719725 0.5944666595458985 0.0987909 0.1017909 "" "" 10.084570022507934 "" 1.0182410710813197 ""
300.70636796913 31.28449860741 0.0306 0.0384 13.8473 "" "" 2030887109996526208 2431.67139 0.3921 0.0476 -2.672 -5.842 0.043 0.049 1.152 9004.2 3.6268 16.568743 1.675947 17.305346 15.629398 "" "" 2167.17578 2786.57568 4440.683 2.6971 1634.1 15.388 4440.2 14.111 "" "" 0.002833133088164718 0.010598048 0.005117572 0.01571562 300.70636796913 31.28449860741 2431.67139 -2.6719999999999997 -5.841999999999997 0.1095332412719725 -0.5695333404541012 0.0937909 0.0997909 "" "" 6.684810725917313 "" 0.6656942401751224 ""
300.29505196011 31.25347139865 0.0296 0.0406 14.2572 "" "" 2030872541474389120 2967.95044 0.3135 0.0493 -6.725 -11.156 0.042 0.05 1.057 "" "" 16.569437 1.652264 17.354713 15.70245 "" "" 2569.70142 3370.55176 4437.83918 37.173 1561.5 42.63 4151.2 105.38 "" "" 0.009502752072712756 0.02977236 0.027819792 0.057592154 300.29505196011 31.25347139865 2967.95044 -6.725 -11.156000000000002 -3.943466758728027 -5.883533340454102 0.0927909 0.1007909 "" "" 99.64226607196062 "" 9.802868773460853 ""
300.4750918024 31.57075078144 0.0315 0.0354 8.9039 "" "" 2030909272028656128 2740.88818 0.3368 0.0438 -2.247 -4.091 0.04 0.044 1.017 9387.5 4.3612 16.570229 1.668822 17.35451 15.685687 "" "" 2444.38867 3057.24683 4434.61048 2.1895 1561.8 6.8693 4215.8 7.7897 "" "" 0.0028069824093894078 0.0055307923 0.004278831 0.0098096235 300.4750918024 31.57075078144 2740.88818 -2.247 -4.090999999999999 0.5345332412719728 1.1814666595458982 0.0907909 0.0947909 "" "" 16.847273306784594 "" 1.5857197861341203 ""
300.44328417044 31.43204356342 0.0302 0.039 2.4591 "" "" 2030901506727458176 2646.91382 0.3688 0.0476 -0.454 -3.967 0.039 0.046 0.98 8431.2 4.0906 16.573092 1.735961 17.405287 15.669326 "" "" 2350.80273 2989.77832 4422.93357 2.6397 1490.4 8.5293 4279.8 6.9195 "" "" 0.002830491246312226 0.0068111946 0.004167151 0.010978346 300.44328417044 31.43204356342 2646.91382 -0.45400000000000007 -3.9669999999999987 2.3275332412719725 1.3054666595458984 0.089790896 0.096790895 "" "" 33.481783504489755 "" 3.0640778402899036 ""
300.53402420688 31.50820496682 0.0301 0.0345 5.5897 "" "" 2030905144533290240 2326.55981 0.4057 0.0433 -4.129 -6.231 0.039 0.042 0.982 8250.5 4.2114 16.574768 1.620895 17.332485 15.71159 "" "" 2087.67065 2641.60229 4416.10484 2.0418 1593.8 7.253 4116.4 7.0206 "" "" 0.0028006761498359516 0.005674308 0.004208644 0.009882952 300.53402420688 31.50820496682 2326.55981 -4.129 -6.231 -1.347466758728027 -0.9585333404541014 0.089790896 0.0927909 "" "" 18.23592432879659 "" 1.656003651691522 ""
300.33478441507 31.59588411407 0.0311 0.0389 13.0707 "" "" 2030951495820725632 2661.89697 0.344 0.0453 -1.462 -3.657 0.041 0.048 0.994 7983.8 4.1785 16.575712 1.746864 17.415602 15.668737 "" "" 2419.61621 2958.78662 4412.27149 2.2511 1476.3 8.9324 4282.2 8.7538 "" "" 0.0028104502538625576 0.0071372613 0.004382908 0.01152017 300.33478441507 31.59588411407 2661.89697 -1.4619999999999989 -3.657 1.3195332412719727 1.6154666595458984 0.0917909 0.0987909 "" "" 26.318380380558274 "" 2.527902705159186 ""
300.25028845952 31.34476859231 0.0297 0.0385 13.1482 "" "" 2030876802082087680 2453.38672 0.393 0.0453 -2.283 -6.347 0.039 0.05 0.997 8482.8 4.2439 16.577206 1.482424 17.248024 15.7656 "" "" 2193.70435 2739.89966 4406.20205 2.1687 1722.7 6.8429 3916.7 10.035 "" "" 0.002806664113281261 0.005136624 0.004692758 0.0098293815 300.25028845952 31.34476859231 2453.38672 -2.2830000000000004 -6.3469999999999995 0.49853324127197274 -1.074533340454102 0.089790896 0.1007909 "" "" 13.775187872025688 "" 1.3628026194123535 ""
300.46260497175 31.29683025418 0.0297 0.0365 7.6947 "" "" 2030895493773026944 2449.87061 0.3855 0.0445 -1.95 -9.396 0.041 0.044 0.959 6607.4 4.0916 16.578852 1.802372 17.436188 15.633816 "" "" 2143.62549 2705.16211 4399.52585 2.3683 1448.6 6.6447 4422.1 7.9784 "" "" 0.00281662625045618 0.005708585 0.004256877 0.009965463 300.46260497175 31.29683025418 2449.87061 -1.949999999999997 -9.396000000000003 0.8315332412719727 -4.123533340454102 0.0917909 0.0947909 "" "" 48.84796354973825 "" 4.624703188903399 ""
300.49776378564 31.58585941355 0.0324 0.0357 9.785 "" "" 2030909684345512448 2279.61963 0.4178 0.0464 -3.846 -0.539 0.041 0.044 1.009 5762.7 4.3405 16.58235 1.566337 17.313131 15.746795 "" "" 2064.17725 2534.854 4385.37358 2.1775 1622.4 5.425 3985.1 6.9597 "" "" 0.0028075660254643408 0.0045788162 0.0042283754 0.008807192 300.49776378564 31.58585941355 2279.61963 -3.8459999999999983 -0.539000000000001 -1.0644667587280274 4.733466659545899 0.0917909 0.0947909 "" "" 52.42432570669932 "" 4.9618924686058925 ""
300.29212327286 31.5928215019 0.0321 0.0406 14.3703 "" "" 2030951259631521920 2627.72681 0.3555 0.0476 -0.761 -1.486 0.042 0.05 1.0 "" "" 16.58374 1.523821 17.282423 15.758602 "" "" 2358.04688 2932.11963 4379.76353 2.2519 1669.0 8.2904 3942.0 8.9716 "" "" 0.0028113028736333743 0.006072169 0.004515496 0.010587665 300.29212327286 31.5928215019 2627.72681 -0.761 -1.486 2.0205332412719725 3.7864666595458987 0.0927909 0.1007909 "" "" 53.45668251430077 "" 5.296142334022943 ""
300.36840519108 31.29591158165 0.0292 0.0391 9.8458 "" "" 2030895936116889088 2969.0022 0.3369 0.0474 -3.406 -6.214 0.041 0.049 1.03 6970.7 4.0956 16.58589 1.670021 17.377378 15.707357 "" "" 2556.23047 3427.40918 4371.10124 2.1773 1529.2 6.6154 4132.5 7.2069 "" "" 0.0028078949931948246 0.005463186 0.0042271717 0.009690357 300.36840519108 31.29591158165 2969.0022 -3.4060000000000024 -6.214000000000003 -0.6244667587280275 -0.941533340454102 0.0917909 0.0997909 "" "" 15.899728337715828 "" 1.5488972927392737 ""
300.54896036101 31.3948751911 0.0294 0.0364 3.4513 "" "" 2030897692796444160 2276.77417 0.4252 0.0452 -2.261 -4.431 0.04 0.047 0.997 7657.1 4.1946 16.589571 1.702908 17.385681 15.682774 "" "" 2075.53687 2538.82739 4356.30891 2.1471 1517.6 8.8181 4227.2 9.9402 "" "" 0.0028068045343425043 0.0068981983 0.0045609223 0.011459121 300.54896036101 31.3948751911 2276.77417 -2.261 -4.431 0.5205332412719725 0.8414666595458984 0.0907909 0.0977909 "" "" 10.678107774401516 "" 1.0240809138023592 ""
300.41367729331 31.31449947365 0.0296 0.0397 7.592 "" "" 2030896387126416384 2639.39673 0.3711 0.0464 -1.314 -4.167 0.041 0.048 1.076 "" "" 16.600882 1.489754 17.285315 15.795561 "" "" 2342.89795 3000.3999 4311.16062 2.5793 1664.5 8.0054 3810.1 6.1652 "" "" 0.0028308553823664182 0.005920528 0.004167764 0.010088292 300.41367729331 31.31449947365 2639.39673 -1.3139999999999996 -4.167000000000005 1.4675332412719726 1.1054666595458986 0.0917909 0.0987909 "" "" 22.986116505064295 "" 2.169543970362587 ""
300.50723522269 31.50910349865 0.0304 0.0354 5.2456 "" "" 2030908035078047232 2978.65234 0.306 0.0444 -2.598 -6.828 0.039 0.043 1.029 8050.9 4.1961 16.601591 1.880929 17.52278 15.64185 "" "" 2630.09058 3419.59717 4308.3407 2.18 1337.5 5.9562 4389.5 8.7623 "" "" 0.0028095560009444697 0.00558235 0.00435673 0.00993908 300.50723522269 31.50910349865 2978.65234 -2.5979999999999994 -6.828000000000003 0.1835332412719728 -1.5555333404541019 0.089790896 0.0937909 "" "" 22.11462319267289 "" 2.0729615250006264 ""
300.70266257903 31.46515964232 0.0294 0.0357 11.172 "" "" 2030893913224806400 2891.56934 0.3291 0.0443 -2.999 -4.13 0.039 0.046 0.956 6350.9 4.0503 16.603668 2.028356 17.626638 15.598283 "" "" 2560.64941 3400.1499 4300.10933 2.1292 1215.5 4.4946 4569.3 8.1182 "" "" 0.0028072772993755725 0.004889111 0.0042432067 0.009132318 300.70266257903 31.46515964232 2891.56934 -2.998999999999998 -4.13 -0.21746675872802745 1.1424666595458985 0.089790896 0.096790895 "" "" 15.939845194530996 "" 1.539066936198848 ""
300.50601247715 31.27559116498 0.0448 0.0513 8.8764 "" "" 2030883639636212864 2654.34082 0.375 0.0671 -4.006 -1.859 0.06 0.061 1.555 6024.5 4.1355 16.605223 1.900235 17.335981 15.435746 "" "" 2276.20728 3255.16553 4293.95527 3.2158 1588.6 16.406 5307.1 42.529 "" "" 0.0028727960474187173 0.011554696 0.009486054 0.021040749 300.50601247715 31.27559116498 2654.34082 -4.006 -1.8589999999999995 -1.2244667587280276 3.4134666595458985 0.11079089 0.111790895 "" "" 45.62633971990748 "" 5.095428260121127 ""
300.54106568457 31.61735713228 0.0355 0.038 11.9547 "" "" 2030911230533885824 2960.07129 0.3154 0.0514 -2.155 -6.262 0.047 0.048 1.026 7075.5 4.1186 16.608912 1.447569 17.271194 15.823626 "" "" 2585.44824 3439.90137 4279.39035 2.4819 1686.3 8.2804 3712.9 7.064 "" "" 0.0028263578470608063 0.0060173753 0.0043070563 0.010324432 300.54106568457 31.61735713228 2960.07129 -2.1550000000000002 -6.2620000000000005 0.6265332412719729 -0.9895333404541011 0.0977909 0.0987909 "" "" 16.43286430315889 "" 1.6187318879584072 ""
300.47041278986 31.51622735808 0.0304 0.0384 5.6893 "" "" 2030908275596232832 2414.41699 0.3958 0.0454 -0.089 -3.097 0.038 0.047 0.976 "" "" 16.610262 1.622917 17.375902 15.752985 "" "" 2201.16162 2606.13159 4274.07703 2.1558 1531.3 6.0808 3962.5 8.4896 "" "" 0.0028092156275383996 0.0051355395 0.004437884 0.009573423 300.47041278986 31.51622735808 2414.41699 -0.08900000000000008 -3.097 2.6925332412719727 2.1754666595458985 0.08879089 0.0977909 "" "" 39.61524567988338 "" 3.6624432327983554 ""
300.50300409955 31.18990051941 0.0316 0.037 13.996 "" "" 2030881990395135488 2376.22144 0.3996 0.0482 -4.302 -5.527 0.047 0.045 1.0 6717.5 4.0568 16.614708 1.645407 17.383005 15.737598 "" "" 2133.08887 2618.55688 4256.60488 2.3994 1521.3 6.2191 4019.0 8.4222 "" "" 0.0028224731108562368 0.005242652 0.004411412 0.009654064 300.50300409955 31.18990051941 2376.22144 -4.302 -5.527000000000001 -1.520466758728027 -0.2545333404541017 0.0977909 0.0957909 "" "" 17.363764285115753 "" 1.6970808204549568 ""
300.38998517223 31.19064239641 0.0305 0.0434 14.851 "" "" 2030859484772937856 2802.09644 0.3709 0.0481 -0.631 -1.994 0.044 0.053 0.972 "" "" 16.614925 1.622489 17.367037 15.744548 "" "" 2439.45288 3576.29639 4255.75312 2.2774 1543.8 5.9647 3993.4 7.453 "" "" 0.0028159132796952663 0.0050380807 0.0042883316 0.009326412 300.38998517223 31.19064239641 2802.09644 -0.631 -1.9940000000000002 2.1505332412719724 3.2784666595458987 0.0947909 0.103790894 "" "" 52.07660536145862 "" 5.268465610352504 ""
300.49075490158 31.41394808622 0.0296 0.0384 0.5385 "" "" 2030898654869144448 2354.41309 0.425 0.047 -2.808 -5.242 0.04 0.046 0.968 "" "" 16.61841 1.538398 17.329895 15.791497 "" "" 2095.09326 2801.97046 4242.11446 1.9064 1597.6 6.3556 3824.4 7.536 "" "" 0.0027981892983865455 0.0051421155 0.0043429215 0.009485037 300.49075490158 31.41394808622 2354.41309 -2.808 -5.242000000000001 -0.026466758728027173 0.030466659545898445 0.0907909 0.096790895 "" "" 0.4503834690079031 "" 0.0424518757814628 ""
300.6017757661 31.52437882505 0.0299 0.0367 8.35 "" "" 2030905389378151040 2692.5188 0.3573 0.0446 -4.248 -9.057 0.039 0.045 0.939 7072.0 4.0833 16.619972 1.594453 17.361565 15.767112 "" "" 2403.20508 2992.14453 4236.01975 2.1145 1551.6 6.5171 3911.2 10.08 "" "" 0.002808116673561339 0.0053462056 0.0047025 0.010048706 300.6017757661 31.52437882505 2692.5188 -4.248 -9.057 -1.4664667587280276 -3.784533340454102 0.089790896 0.0957909 "" "" 51.79958739957419 "" 4.922469269702129 ""
300.60583464071 31.51777767406 0.0323 0.0396 8.2144 "" "" 2030905389378145280 2539.77441 0.372 0.0464 -2.389 -2.658 0.042 0.049 1.021 4852.5 4.1139 16.620922 2.028758 17.65411 15.625352 "" "" 2289.1145 2975.05933 4232.31176 2.2172 1185.1 6.8038 4456.7 7.727 "" "" 0.002813416222613202 0.006829318 0.0042222408 0.011051559 300.60583464071 31.51777767406 2539.77441 -2.3889999999999985 -2.6579999999999995 0.39253324127197287 2.6144666595458985 0.0927909 0.0997909 "" "" 31.82710278071582 "" 3.1713126290258096 ""
300.65550757059 31.54483414117 0.1437 0.0759 11.1867 "" "" 2030906213988146688 2887.19458 0.4857 0.1122 -4.99 -5.583 0.156 0.091 1.632 "" "" 16.622707 "" "" "" "" "" 1939.59302 4609.36914 4225.36299 7.0738 "" "" "" "" "" "" 0.0033008610453588807 "" "" "" 300.65550757059 31.54483414117 2887.19458 -4.99 -5.583 -2.2084667587280276 -0.31053334045410175 0.2067909 0.1417909 "" "" 30.520851798361708 "" 6.278932624340487 ""
