Clusters/Kronberger_69/Kronberger_69_stars_in_region.tsv
# %ECSV 1.0
# ---
# datatype:
# - name: RA_ICRS_1
#   unit: deg
#   datatype: float64
#   format: '{:15.11f}'
#   description: Right ascension (ICRS) at Ep=2016.0 (ra)
#   meta: !!omap
#   - {ucd: POS_EQ_RA_MAIN}
#   - {width: 15}
#   - {precision: '11'}
# - name: DE_ICRS_1
#   unit: deg
#   datatype: float64
#   format: '{:15.11f}'
#   description: Declination (ICRS) at Ep=2016.0 (dec)
#   meta: !!omap
#   - {ucd: POS_EQ_DEC_MAIN}
#   - {width: 15}
#   - {precision: '11'}
# - name: e_RA_ICRS
#   unit: mas
#   datatype: float64
#   format: '{:7.4f}'
#   description: Standard error of right ascension (ra_error)
#   meta: !!omap
#   - {ucd: ERROR}
#   - {width: 7}
#   - {precision: '4'}
# - name: e_DE_ICRS
#   unit: mas
#   datatype: float64
#   format: '{:7.4f}'
#   description: Standard error of declination (dec_error)
#   meta: !!omap
#   - {ucd: ERROR}
#   - {width: 7}
#   - {precision: '4'}
# - name: _r_1
#   unit: ''
#   datatype: float64
#   format: '{:7.4f}'
#   description: Distance from center (300.49010674000+31.42290605000)[ICRS], at Epoch=J2016.0
#   meta: !!omap
#   - {ucd: POS_ANG_DIST_GENERAL}
#   - {width: 7}
#   - {precision: '4'}
# - name: HIP
#   datatype: int32
#   description: '? HIP cross-id number, van Leeuwen, Cat. I/311 (hip_original_ext_source_id)'
#   meta: !!omap
#   - {ucd: ID_NUMBER}
#   - {width: 6}
#   - values: {'null': -2147483648}
# - name: TYC2
#   datatype: string
#   description: Tycho-2 cross-id name, Hog et al., Cat. I/259 (tyc2_original_ext_source_id)
#   meta: !!omap
#   - {ucd: ID_CROSSID}
#   - {_votable_string_dtype: char}
# - name: Source
#   datatype: int64
#   description: Source identifier, identical to the Gaia-EDR3 source_id (id)
#   meta: !!omap
#   - {ucd: ID_MAIN}
#   - {width: 19}
# - name: rgeo
#   unit: pc
#   datatype: float64
#   format: '{:15.8f}'
#   description: '? Median of the geometric distance posterior (r_med_geo)'
#   meta: !!omap
#   - {ucd: PHYS_DISTANCE_TRUE}
#   - {width: 15}
#   - {precision: '8'}
#   - values: {'null': .nan}
# - name: Plx
#   unit: mas
#   datatype: float64
#   format: '{:9.4f}'
#   description: '? Parallax (parallax)'
#   meta: !!omap
#   - {ucd: POS_PARLX_TRIG}
#   - {width: 9}
#   - {precision: '4'}
#   - values: {'null': .nan}
# - name: e_Plx
#   unit: mas
#   datatype: float32
#   format: '{:7.4f}'
#   description: '? Standard error of parallax (parallax_error)'
#   meta: !!omap
#   - {ucd: ERROR}
#   - {width: 7}
#   - {precision: '4'}
#   - values: {'null': .nan}
# - name: pmRA
#   unit: mas / yr
#   datatype: float64
#   format: '{:9.3f}'
#   description: '? Proper motion in right ascension direction, pmRA*cosDE (pmra)'
#   meta: !!omap
#   - {ucd: POS_EQ_PMRA}
#   - {width: 9}
#   - {precision: '3'}
#   - values: {'null': .nan}
# - name: pmDE
#   unit: mas / yr
#   datatype: float64
#   format: '{:9.3f}'
#   description: '? Proper motion in declination direction (pmdec)'
#   meta: !!omap
#   - {ucd: POS_EQ_PMDEC}
#   - {width: 9}
#   - {precision: '3'}
#   - values: {'null': .nan}
# - name: e_pmRA
#   unit: mas / yr
#   datatype: float32
#   format: '{:6.3f}'
#   description: '? Standard error of proper motion in right ascension direction (pmra_error)'
#   meta: !!omap
#   - {ucd: ERROR}
#   - {width: 6}
#   - {precision: '3'}
#   - values: {'null': .nan}
# - name: e_pmDE
[...]
#         value: !astropy.table.SerializedColumn {name: SkyCoord.dec}
#       distance: !astropy.table.SerializedColumn
#         __class__: astropy.coordinates.distances.Distance
#         unit: !astropy.units.Unit {unit: pc}
#         value: !astropy.table.SerializedColumn {name: SkyCoord.distance}
#       frame: icrs
#       obstime: !astropy.time.Time {format: jyear_str, in_subfmt: '*', jd1: 367701545.0, jd2: 0.0, out_subfmt: '*', precision: 3, scale: tt}
#       pm_dec: !astropy.table.SerializedColumn
#         __class__: astropy.units.quantity.Quantity
#         unit: !astropy.units.Unit {unit: mas / yr}
#         value: !astropy.table.SerializedColumn {name: SkyCoord.pm_dec}
#       pm_ra_cosdec: !astropy.table.SerializedColumn
#         __class__: astropy.units.quantity.Quantity
#         unit: !astropy.units.Unit {unit: mas / yr}
#         value: !astropy.table.SerializedColumn {name: SkyCoord.pm_ra_cosdec}
#       ra: !astropy.table.SerializedColumn
#         __class__: astropy.coordinates.angles.Longitude
#         unit: *id001
#         value: !astropy.table.SerializedColumn {name: SkyCoord.ra}
#         wrap_angle: !astropy.coordinates.Angle
#           unit: *id001
#           value: 360.0
#       representation_type: spherical
# schema: astropy-2.0
RA_ICRS_1 DE_ICRS_1 e_RA_ICRS e_DE_ICRS _r_1 HIP TYC2 Source rgeo Plx e_Plx pmRA pmDE e_pmRA e_pmDE RUWE Teff logg Gmag BP-RP BPmag RPmag RV e_RV b_rgeo B_rgeo FG e_FG FBP e_FBP FRP e_FRP RAVE5 RAVE6 e_Gmag e_BPmag e_RPmag e_BP-RP SkyCoord.ra SkyCoord.dec SkyCoord.distance SkyCoord.pm_ra_cosdec SkyCoord.pm_dec rmRA rmDE e_rmRA e_rmDE rRV e_rRV v_pec v_pec3d e_vpec e_vpec3d
[from data line 607]
300.50645553031 31.59420656727 0.0371 0.041 10.312 "" "" 2030909684345617152 2975.00073 0.3466 0.0526 -2.341 -5.179 0.048 0.052 0.945 7992.4 4.2688 16.738554 1.375176 17.35599 15.980814 "" "" 2550.52124 3560.70703 3797.73778 2.2233 1559.6 5.8516 3212.4 6.1503 "" "" 0.0028276848916514784 0.004937593 0.004313317 0.00925091 300.50645553031 31.59420656727 2975.00073 -2.3410000000000006 -5.179 0.44053324127197246 0.09346665954589817 0.0987909 0.1027909 "" "" 6.350462261666645 "" 0.6284832416383849 ""
300.74801746945 31.35506964372 0.0321 0.0423 13.8228 "" "" 2030887968990108288 2206.45264 0.4486 0.049 -2.881 -8.143 0.044 0.055 0.985 7012.8 4.2483 16.73866 1.571029 17.473108 15.90208 "" "" 2006.73328 2550.39087 3797.36658 2.0612 1400.1 6.296 3454.0 8.7332 "" "" 0.00281764167668819 0.0056233895 0.0046711774 0.010294567 300.74801746945 31.35506964372 2206.45264 -2.881 -8.143 -0.09946675872802713 -2.8705333404541022 0.0947909 0.1057909 "" "" 30.039736386116985 "" 3.1775549974726403 ""
300.25119944162 31.31572122933 0.0321 0.0426 13.8259 "" "" 2030875874369119616 2397.89771 0.4105 0.0508 -1.125 -3.672 0.045 0.055 1.035 5644.4 4.4414 16.738821 1.408824 17.37318 15.964356 "" "" 2116.97729 2778.94824 3796.80366 1.9966 1535.1 6.5694 3261.5 7.923 "" "" 0.002813853594597894 0.0054197563 0.0046087164 0.010028472 300.25119944162 31.31572122933 2397.89771 -1.124999999999999 -3.6720000000000006 1.6565332412719727 1.6004666595458983 0.0957909 0.1057909 "" "" 26.180388046671112 "" 2.6374860182373756 ""
300.29730208984 31.55106369897 0.0343 0.0424 12.5078 "" "" 2030950946064728192 2365.26392 0.4019 0.049 -3.583 -7.146 0.045 0.054 0.971 8265.6 4.402 16.739365 1.578455 17.473923 15.895468 "" "" 2107.92529 2629.08374 3794.90396 2.0757 1399.1 5.8309 3475.1 8.1559 "" "" 0.002818592849599777 0.005316011 0.0045581697 0.009874181 300.29730208984 31.55106369897 2365.26392 -3.582999999999999 -7.146000000000003 -0.8014667587280275 -1.8735333404541015 0.0957909 0.104790896 "" "" 22.846070979150532 "" 2.3634234489672314 ""
300.33626834334 31.60517648291 0.0341 0.0427 13.473 "" "" 2030951568869143424 2291.02222 0.4157 0.0499 -5.709 -6.815 0.045 0.054 1.034 6910.8 4.2952 16.739397 1.702737 17.547739 15.845002 "" "" 2041.2489 2634.88867 3794.79215 1.9896 1307.1 7.4563 3640.5 8.4939 "" "" 0.0028135091093049705 0.006793009 0.0045498195 0.011342829 300.33626834334 31.60517648291 2291.02222 -5.709 -6.8149999999999995 -2.927466758728027 -1.542533340454102 0.0957909 0.104790896 "" "" 35.933887720932965 "" 3.5149493973511508 ""
300.54993100297 31.52666540178 0.0345 0.0378 6.9375 "" "" 2030905526817132160 3137.26025 0.3161 0.0482 -0.168 -1.983 0.043 0.047 1.019 8011.0 4.206 16.741716 1.676553 17.53859 15.862037 "" "" 2666.19116 3740.35254 3786.69262 1.8898 1318.2 4.745 3583.8 7.1526 "" "" 0.002808094045997477 0.0048020044 0.004356524 0.009158528 300.54993100297 31.52666540178 3137.26025 -0.16799999999999948 -1.9829999999999997 2.6135332412719725 3.2894666595458983 0.0937909 0.0977909 "" "" 62.47630743506379 "" 6.014139009863723 ""
300.50159203925 31.62580735565 0.0479 0.0578 12.1882 "" "" 2030910027943053824 2912.85718 0.3623 0.073 -2.318 -6.233 0.061 0.067 1.523 6121.5 4.5067 16.744581 1.588505 17.216322 15.627817 "" "" 2474.72217 3761.52686 3776.71524 3.9912 1773.7 27.569 4446.6 66.219 "" "" 0.0029846789389333813 0.017104933 0.01660467 0.0337096 300.50159203925 31.62580735565 2912.85718 -2.3180000000000023 -6.232999999999999 0.4635332412719726 -0.9605333404541012 0.111790895 0.1177909 "" "" 14.725526222111872 "" 1.7181917904471211 ""
300.54373029378 31.62133816269 0.0368 0.0416 12.2177 "" "" 2030911230533892864 2613.31372 0.3702 0.0551 -1.695 -4.0 0.05 0.054 1.074 5178.8 4.3414 16.747072 1.435024 17.391535 15.956511 "" "" 2303.50854 2989.88696 3768.05865 2.0083 1509.4 7.2183 3285.1 9.5036 "" "" 0.002815431582320904 0.0058944393 0.004914206 0.010808645 300.54373029378 31.62133816269 2613.31372 -1.6949999999999998 -3.9999999999999982 1.0865332412719726 1.2724666595458984 0.1007909 0.104790896 "" "" 20.726579971868542 "" 2.137390162892593 ""
300.2438487739 31.36111669166 0.0309 0.0424 13.1463 "" "" 2030877042600277120 2948.28418 0.3306 0.0502 -1.034 -2.994 0.043 0.058 0.986 8185.4 4.2069 16.75015 1.532065 17.453863 15.921798 "" "" 2598.39429 3461.30176 3757.39169 1.918 1425.2 6.4203 3391.9 7.9542 "" "" 0.002810508003498487 0.0056309504 0.004557019 0.01018797 300.2438487739 31.36111669166 2948.28418 -1.034 -2.994 1.7475332412719726 2.278466659545898 0.0937909 0.1087909 "" "" 40.128272160343826 "" 4.152836423298382 ""
300.5529542028 31.34923967654 0.032 0.0365 5.468 "" "" 2030885735606668928 2675.54468 0.347 0.0462 -2.625 -5.425 0.043 0.045 1.019 "" "" 16.750484 1.713343 17.5478 15.834457 "" "" 2396.72168 3013.1167 3756.23769 2.1124 1307.1 5.9234 3676.0 6.9518 "" "" 0.0028221632833390835 0.00565631 0.0043011215 0.009957431 300.5529542028 31.34923967654 2675.54468 -2.625 -5.425 0.15653324127197266 -0.15253334045410138 0.0937909 0.0957909 "" "" 2.771813259418276 "" 0.2626855606373589 ""
300.38892108275 31.33350925523 0.0326 0.0414 7.459 "" "" 2030896661977404160 2200.54272 0.4495 0.0498 -2.256 -10.284 0.045 0.054 0.988 6903.0 4.2503 16.751482 1.914547 17.670662 15.756115 "" "" 1978.34485 2484.2688 3752.78727 2.3562 1167.2 5.5867 3951.0 21.387 "" "" 0.0028383941267731147 0.0058984384 0.0069874655 0.012885904 300.38892108275 31.33350925523 2200.54272 -2.256 -10.284000000000002 0.5255332412719729 -5.011533340454102 0.0957909 0.104790896 "" "" 52.559789970524726 "" 5.50286100392449 ""
300.49455198259 31.58833885865 0.0355 0.0379 9.9286 "" "" 2030909649985776000 2191.31226 0.4414 0.0493 0.243 -5.672 0.046 0.048 1.007 8240.1 4.3504 16.755129 1.690569 17.553766 15.863197 "" "" 1975.07349 2394.25049 3740.20191 1.9894 1299.9 5.4626 3580.0 7.9549 "" "" 0.0028151899988418153 0.0053481306 0.0044837613 0.009831892 300.49455198259 31.58833885865 2191.31226 0.24299999999999966 -5.672000000000001 3.0245332412719725 -0.39953334045410127 0.096790895 0.0987909 "" "" 31.68819179083217 "" 3.0682264111659476 ""
300.42874517898 31.22800615688 0.0338 0.0409 12.1095 "" "" 2030883021187359488 2516.01929 0.3915 0.0518 -2.385 -5.959 0.046 0.049 1.035 6009.3 4.224 16.75559 1.788359 17.59508 15.806721 "" "" 2203.21484 3045.10156 3738.61285 2.0895 1251.4 6.3355 3771.1 7.6998 "" "" 0.002821349602371297 0.006164392 0.0043815677 0.01054596 300.42874517898 31.22800615688 2516.01929 -2.385 -5.959 0.39653324127197287 -0.6865333404541012 0.096790895 0.0997909 "" "" 9.455140174833065 "" 0.9365217926108464 ""
300.34252604841 31.49702558121 0.0351 0.0493 8.7652 "" "" 2030949747802960256 2365.33496 0.4183 0.0536 -3.687 -5.904 0.046 0.064 1.058 7492.8 4.2121 16.755816 1.606167 17.500093 15.893927 "" "" 2061.17749 2718.02124 3737.84037 2.3721 1365.8 4.9268 3480.1 7.7862 "" "" 0.0028401669605288018 0.0048087733 0.0044927276 0.0093015 300.34252604841 31.49702558121 2365.33496 -3.6869999999999994 -5.904000000000001 -0.9054667587280272 -0.6315333404541015 0.096790895 0.1147909 "" "" 12.377136598826542 "" 1.2751960306801158 ""
300.36227442782 31.23454151262 0.0331 0.0473 13.0635 "" "" 2030871579401621248 2911.20435 0.3365 0.0546 -2.331 -3.915 0.045 0.056 1.058 "" "" 16.756048 1.549863 17.405394 15.855531 "" "" 2520.43286 3486.04102 3737.0391 2.6977 1490.3 6.4601 3605.3 11.883 "" "" 0.00286462729293337 0.0054713204 0.005204792 0.010676112 300.36227442782 31.23454151262 2911.20435 -2.3309999999999986 -3.914999999999996 0.4505332412719727 1.3574666595458984 0.0957909 0.1067909 "" "" 19.73656522066296 "" 2.0871534586389457 ""
300.30653309411 31.34928056915 0.0317 0.0439 10.3888 "" "" 2030899445143044608 3150.08594 0.3218 0.049 -2.965 -6.202 0.043 0.056 1.033 9207.7 4.2127 16.759497 1.834404 17.59609 15.761686 "" "" 2628.31689 3979.15894 3725.18672 2.2798 1250.2 8.3484 3930.8 14.54 "" "" 0.0028343085454310864 0.0077685253 0.0055148005 0.013283325 300.30653309411 31.34928056915 3150.08594 -2.965 -6.202 -0.1834667587280272 -0.9295333404541015 0.0937909 0.1067909 "" "" 14.147004437393791 "" 1.5042811682088018 ""
300.65667338636 31.22012987944 0.0328 0.036 14.8632 "" "" 2030880684724919168 2813.71045 0.3363 0.0478 -1.234 -3.05 0.045 0.046 0.954 "" "" 16.760902 1.400956 17.39098 15.990024 "" "" 2479.75415 3151.09888 3720.36404 2.0341 1510.2 5.6497 3185.3 7.2187 "" "" 0.0028185418872939197 0.00492778 0.004509773 0.009437554 300.65667338636 31.22012987944 2813.71045 -1.234 -3.05 1.5475332412719727 2.2224666595458986 0.0957909 0.096790895 "" "" 36.11890939812604 "" 3.4842288033238473 ""
300.30207679225 31.45789572331 0.033 0.0472 9.8517 "" "" 2030948197289313152 2923.85962 0.3253 0.054 -2.477 -4.378 0.043 0.057 1.063 "" "" 16.761631 1.506605 17.440226 15.93362 "" "" 2507.84497 3500.98755 3717.87358 1.9561 1443.2 8.3559 3355.1 7.9532 "" "" 0.002813913236251042 0.006877636 0.0045724986 0.011450134 300.30207679225 31.45789572331 2923.85962 -2.477 -4.378 0.3045332412719728 0.8944666595458983 0.0937909 0.1077909 "" "" 13.09527580497836 "" 1.3936307962169727 ""
300.59058595926 31.64930908502 0.035 0.0432 14.5235 "" "" 2030911020049184768 2207.29712 0.4344 0.0531 -4.25 -8.457 0.047 0.056 0.989 6966.7 4.0399 16.761812 1.477494 17.422333 15.944839 "" "" 1985.79163 2484.41528 3717.24888 2.2026 1467.2 6.8705 3320.6 10.147 "" "" 0.0028294295331149403 0.0057995017 0.0050290436 0.010828545 300.59058595926 31.64930908502 2207.29712 -4.25 -8.457 -1.4684667587280273 -3.1845333404541023 0.0977909 0.1067909 "" "" 36.6902062804402 "" 3.8623191581380736 ""
300.57050158811 31.40272327548 0.0323 0.0393 4.2911 "" "" 2030897727156178944 2395.21704 0.4036 0.0484 -5.704 -10.096 0.045 0.049 0.936 8073.3 4.2602 16.762178 1.729867 17.590849 15.860982 "" "" 2177.91748 2686.92017 3715.99792 1.8604 1256.3 6.5628 3587.3 8.6616 "" "" 0.002808426123419916 0.006320937 0.0045995805 0.010920517 300.57050158811 31.40272327548 2395.21704 -5.703999999999999 -10.095999999999997 -2.922466758728027 -4.823533340454102 0.0957909 0.0997909 "" "" 64.03044501669864 "" 6.3219017360206164 ""
300.4967274097 31.19276516445 0.033 0.0425 13.8126 "" "" 2030882024754883456 2954.8855 0.3237 0.0533 -2.256 -5.163 0.047 0.049 0.962 6707.6 4.2409 16.765152 1.765045 17.627066 15.86202 "" "" 2546.5332 3443.77197 3705.83188 2.0846 1215.0 5.4671 3583.9 7.6648 "" "" 0.0028221979413213514 0.005626075 0.004435717 0.010061792 300.4967274097 31.19276516445 2954.8855 -2.256000000000001 -5.163 0.5255332412719729 0.10946665954589818 0.0977909 0.0997909 "" "" 7.518686523297628 "" 0.7358905249031439 ""
300.41565539476 31.49148503668 0.035 0.047 5.6082 "" "" 2030902984196237696 2306.47266 0.4232 0.0521 0.309 -6.44 0.043 0.058 0.928 "" "" 16.765793 1.591288 17.509382 15.918095 "" "" 2023.48413 2721.39136 3703.65009 2.0315 1354.1 6.4478 3403.5 11.739 "" "" 0.002818946214500698 0.0058748005 0.0053204624 0.011195263 300.41565539476 31.49148503668 2306.47266 0.30900000000000016 -6.4399999999999995 3.090533241271973 -1.167533340454102 0.0937909 0.1087909 "" "" 36.118455316863994 "" 3.4598850760558726 ""
300.70445637604 31.57252789341 0.0355 0.0387 14.172 "" "" 2030906656362065024 2384.24561 0.422 0.052 -0.981 -2.656 0.048 0.051 0.987 6073.2 4.3762 16.767668 1.568431 17.4927 15.92427 "" "" 2091.64966 2617.9668 3697.25759 2.1181 1375.1 6.2504 3384.2 7.0178 "" "" 0.0028246547672396817 0.0056692567 0.004399195 0.010068452 300.70445637604 31.57252789341 2384.24561 -0.9810000000000001 -2.6559999999999997 1.8005332412719728 2.6164666595458983 0.0987909 0.1017909 "" "" 35.89450319234778 "" 3.619476851650943 ""
300.66129614101 31.33690561482 0.0318 0.0393 10.1745 "" "" 2030890649049633920 2188.77368 0.4427 0.0493 -0.466 -3.539 0.044 0.051 1.027 "" "" 16.77313 1.526961 17.476095 15.949134 "" "" 1981.63062 2405.62329 3678.70044 1.9087 1396.3 4.4804 3307.5 5.8325 "" "" 0.0028123187762968778 0.004463454 0.004236678 0.008700132 300.66129614101 31.33690561482 2188.77368 -0.4659999999999999 -3.5389999999999984 2.3155332412719725 1.7334666595458983 0.0947909 0.1017909 "" "" 30.009152088383548 "" 2.921778599744092 ""
300.26221370691 31.51566994805 0.0354 0.0453 12.9225 "" "" 2030949335486160000 2167.04346 0.4442 0.0509 -5.624 -5.331 0.046 0.055 1.01 4682.4 4.1737 16.773523 1.9194 17.729055 15.809655 "" "" 2020.76379 2356.57593 3677.36939 2.0657 1106.1 6.694 3760.9 6.6392 "" "" 0.002822013465859526 0.007138623 0.004237613 0.011376236 300.26221370691 31.51566994805 2167.04346 -5.6240000000000006 -5.331000000000001 -2.842466758728027 -0.05853334045410197 0.096790895 0.1057909 "" "" 29.203400123642695 "" 2.826739813969143 ""
300.61022973007 31.30444430926 0.0323 0.037 9.4018 "" "" 2030884670454696960 2712.38379 0.3366 0.0466 -1.343 -3.801 0.046 0.047 0.997 4877.1 3.5156 16.776823 2.436069 18.100637 15.664569 "" "" 2372.98755 3094.3877 3666.21416 2.1352 785.53 6.3518 4298.6 8.8325 "" "" 0.0028269476294282337 0.009211982 0.004388697 0.013600679 300.61022973007 31.30444430926 2712.38379 -1.3429999999999982 -3.800999999999998 1.4385332412719727 1.4714666595458983 0.096790895 0.0977909 "" "" 26.456675410091208 "" 2.574327003990728 ""
300.22602744529 31.50226580953 0.0379 0.0495 14.3295 "" "" 2030949232406812416 2585.92505 0.3768 0.0573 -2.855 -5.401 0.049 0.058 1.075 8217.3 4.1851 16.777205 1.84548 17.680426 15.834946 "" "" 2275.95972 3027.30298 3664.92096 2.4183 1156.8 5.749 3674.3 8.672 "" "" 0.0028469373164491923 0.00607454 0.0045662113 0.010640752 300.22602744529 31.50226580953 2585.92505 -2.854999999999998 -5.400999999999996 -0.07346675872802733 -0.12853334045410136 0.0997909 0.1087909 "" "" 1.8146654120498438 "" 0.1935252736546656 ""
300.60162966068 31.23168507713 0.0315 0.0381 12.8182 "" "" 2030883777101449856 2300.98682 0.4207 0.0488 -0.552 -2.325 0.045 0.047 1.025 "" "" 16.780485 1.479157 17.440512 15.961354 "" "" 2060.53638 2603.42529 3653.86943 1.9775 1442.8 5.8104 3270.5 9.4039 "" "" 0.0028172810774141953 0.00518684 0.004902035 0.010088875 300.60162966068 31.23168507713 2300.98682 -0.5520000000000003 -2.325 2.2295332412719726 2.9474666595458983 0.0957909 0.0977909 "" "" 40.308073288260736 "" 3.912615574880758 ""
300.30659908929 31.49312507579 0.0349 0.0455 10.2939 "" "" 2030949782162717440 2440.28247 0.3911 0.0539 -4.256 -6.269 0.044 0.057 0.992 7893.8 4.3236 16.78651 1.574472 17.507246 15.932775 "" "" 2187.14355 2715.30884 3633.64566 2.1739 1356.8 7.081 3357.7 7.3551 "" "" 0.0028308517217391733 0.0063160523 0.00446544 0.010781492 300.30659908929 31.49312507579 2440.28247 -4.256 -6.269 -1.4744667587280276 -0.9965333404541017 0.0947909 0.1077909 "" "" 20.585027428126594 "" 2.038966353994478 ""
300.49070799666 31.44659638748 0.0441 0.0671 1.4218 "" "" 2030899067186017152 2384.6792 0.3675 0.0706 -2.848 -4.19 0.058 0.088 1.142 "" "" 16.78658 2.744965 18.008953 15.263988 "" "" 2003.34241 2922.19604 3633.41805 3.061 854.74 6.5746 6216.7 24.651 "" "" 0.0029031777040157583 0.008805172 0.0057287826 0.014533954 300.49070799666 31.44659638748 2384.6792 -2.848 -4.1899999999999995 -0.06646675872802721 1.082466659545898 0.1087909 0.1387909 "" "" 12.258575674864444 "" 1.7001463032778026 ""
