Clusters/LP_2219/LP_2219_members.tsv
# %ECSV 1.0
# ---
# datatype:
# - name: RA_ICRS_1
#   unit: deg
#   datatype: float64
#   format: '{:15.11f}'
#   description: Right ascension (ICRS) at Ep=2016.0 (ra)
#   meta: !!omap
#   - {ucd: POS_EQ_RA_MAIN}
#   - {width: 15}
#   - {precision: '11'}
# - name: DE_ICRS_1
#   unit: deg
#   datatype: float64
#   format: '{:15.11f}'
#   description: Declination (ICRS) at Ep=2016.0 (dec)
#   meta: !!omap
#   - {ucd: POS_EQ_DEC_MAIN}
#   - {width: 15}
#   - {precision: '11'}
# - name: e_RA_ICRS
#   unit: mas
#   datatype: float64
#   format: '{:7.4f}'
#   description: Standard error of right ascension (ra_error)
#   meta: !!omap
#   - {ucd: ERROR}
#   - {width: 7}
#   - {precision: '4'}
# - name: e_DE_ICRS
#   unit: mas
#   datatype: float64
#   format: '{:7.4f}'
#   description: Standard error of declination (dec_error)
#   meta: !!omap
#   - {ucd: ERROR}
#   - {width: 7}
#   - {precision: '4'}
# - name: _r_1
#   unit: ''
#   datatype: float64
#   format: '{:7.4f}'
#   description: Distance from center (130.78360810000-45.77770584000)[ICRS], at Epoch=J2016.0
#   meta: !!omap
#   - {ucd: POS_ANG_DIST_GENERAL}
#   - {width: 7}
#   - {precision: '4'}
# - name: HIP
#   datatype: int32
#   description: '? HIP cross-id number, van Leeuwen, Cat. I/311 (hip_original_ext_source_id)'
#   meta: !!omap
#   - {ucd: ID_NUMBER}
#   - {width: 6}
#   - values: {'null': -2147483648}
# - name: TYC2
#   datatype: string
#   description: Tycho-2 cross-id name, Hog et al., Cat. I/259 (tyc2_original_ext_source_id)
#   meta: !!omap
#   - {ucd: ID_CROSSID}
#   - {_votable_string_dtype: char}
# - name: Source
#   datatype: int64
#   description: Source identifier, identical to the Gaia-EDR3 source_id (id)
#   meta: !!omap
#   - {ucd: ID_MAIN}
#   - {width: 19}
# - name: rgeo
#   unit: pc
#   datatype: float64
#   format: '{:15.8f}'
#   description: '? Median of the geometric distance posterior (r_med_geo)'
#   meta: !!omap
#   - {ucd: PHYS_DISTANCE_TRUE}
#   - {width: 15}
#   - {precision: '8'}
#   - values: {'null': .nan}
# - name: Plx
#   unit: mas
#   datatype: float64
#   format: '{:9.4f}'
#   description: '? Parallax (parallax)'
#   meta: !!omap
#   - {ucd: POS_PARLX_TRIG}
#   - {width: 9}
#   - {precision: '4'}
#   - values: {'null': .nan}
# - name: e_Plx
#   unit: mas
#   datatype: float32
#   format: '{:7.4f}'
#   description: '? Standard error of parallax (parallax_error)'
#   meta: !!omap
#   - {ucd: ERROR}
#   - {width: 7}
#   - {precision: '4'}
#   - values: {'null': .nan}
# - name: pmRA
#   unit: mas / yr
#   datatype: float64
#   format: '{:9.3f}'
#   description: '? Proper motion in right ascension direction, pmRA*cosDE (pmra)'
#   meta: !!omap
#   - {ucd: POS_EQ_PMRA}
#   - {width: 9}
#   - {precision: '3'}
#   - values: {'null': .nan}
# - name: pmDE
#   unit: mas / yr
#   datatype: float64
#   format: '{:9.3f}'
#   description: '? Proper motion in declination direction (pmdec)'
#   meta: !!omap
#   - {ucd: POS_EQ_PMDEC}
#   - {width: 9}
#   - {precision: '3'}
#   - values: {'null': .nan}
# - name: e_pmRA
#   unit: mas / yr
#   datatype: float32
#   format: '{:6.3f}'
#   description: '? Standard error of proper motion in right ascension direction (pmra_error)'
#   meta: !!omap
#   - {ucd: ERROR}
#   - {width: 6}
#   - {precision: '3'}
#   - values: {'null': .nan}
# - name: e_pmDE
[...]
#       distance: !astropy.table.SerializedColumn
#         __class__: astropy.coordinates.distances.Distance
#         unit: !astropy.units.Unit {unit: pc}
#         value: !astropy.table.SerializedColumn {name: SkyCoord.distance}
#       frame: icrs
#       obstime: !astropy.time.Time {format: jyear_str, in_subfmt: '*', jd1: 367701545.0, jd2: 0.0, out_subfmt: '*', precision: 3, scale: tt}
#       pm_dec: !astropy.table.SerializedColumn
#         __class__: astropy.units.quantity.Quantity
#         unit: !astropy.units.Unit {unit: mas / yr}
#         value: !astropy.table.SerializedColumn {name: SkyCoord.pm_dec}
#       pm_ra_cosdec: !astropy.table.SerializedColumn
#         __class__: astropy.units.quantity.Quantity
#         unit: !astropy.units.Unit {unit: mas / yr}
#         value: !astropy.table.SerializedColumn {name: SkyCoord.pm_ra_cosdec}
#       ra: !astropy.table.SerializedColumn
#         __class__: astropy.coordinates.angles.Longitude
#         unit: *id001
#         value: !astropy.table.SerializedColumn {name: SkyCoord.ra}
#         wrap_angle: !astropy.coordinates.Angle
#           unit: *id001
#           value: 360.0
#       representation_type: spherical
# schema: astropy-2.0
RA_ICRS_1 DE_ICRS_1 e_RA_ICRS e_DE_ICRS _r_1 HIP TYC2 Source rgeo Plx e_Plx pmRA pmDE e_pmRA e_pmDE RUWE Teff logg Gmag BP-RP BPmag RPmag RV e_RV b_rgeo B_rgeo FG e_FG FBP e_FBP FRP e_FRP RAVE5 RAVE6 e_Gmag e_BPmag e_RPmag e_BP-RP SkyCoord.ra SkyCoord.dec SkyCoord.distance SkyCoord.pm_ra_cosdec SkyCoord.pm_dec rmRA rmDE e_rmRA e_rmDE rRV e_rRV v_pec v_pec3d e_vpec e_vpec3d Pmemb
[from data line 31]
131.41684069168 -45.63210401847 0.0098 0.0109 27.9343 "" "" 5329965804881084800 1451.90259 0.6553 0.012 -5.112 4.482 0.015 0.015 1.144 8116.2 4.1154 13.529036 0.757245 13.822194 13.064949 "" "" 1426.22034 1475.22949 73001.60626 15.928 40415.0 29.584 47117.0 27.035 "" "" 0.002765485117211741 0.0029011548 0.0038303824 0.006731537 131.41684069168 -45.63210401847 1451.90259 -5.112000000000001 4.482000000000003 -0.07309533309936533 -0.17117678451538065 0.09188346 0.09188346 "" "" 1.2809508452695768 "" 0.11769819344388867 "" 1.0
130.91601776364 -46.40407282314 0.0102 0.0107 37.9837 "" "" 5329816477463839872 1388.7373 0.6841 0.0122 -5.074 4.63 0.014 0.014 0.925 8400.0 4.3378 13.553467 0.459911 13.723153 13.263242 "" "" 1366.56018 1412.3114 71377.25439 27.503 44275.0 29.521 39252.0 19.499 "" "" 0.0027868997052607463 0.0028825551 0.0038176735 0.006700229 130.91601776364 -46.40407282314 1388.7373 -5.074 4.63 -0.03509533309936508 -0.023176784515380966 0.090883456 0.090883456 "" "" 0.2768492955214723 "" 0.025161020815375842 "" 1.0
130.60580264216 -45.82342616813 0.0096 0.0112 7.9273 "" "" 5522030935562690048 1442.22021 0.6583 0.0126 -5.078 4.658 0.013 0.013 0.899 "" "" 13.564412 0.555003 13.77087 13.215867 "" "" 1418.61658 1464.64209 70661.31423 18.55 42371.0 27.135 41003.0 17.569 "" "" 0.0027700234624954117 0.0028755034 0.0038079068 0.00668341 130.60580264216 -45.82342616813 1442.22021 -5.077999999999999 4.6579999999999995 -0.039095333099365526 0.004823215484619503 0.08988346 0.08988346 "" "" 0.2692867502024882 "" 0.02420442526975504 "" 1.0
131.1672603923 -45.43672235779 0.0098 0.0108 26.0364 "" "" 5522137175869206144 1475.99487 0.6405 0.0116 -5.011 4.643 0.012 0.013 0.979 9984.1 4.242 13.577213 0.568893 13.789818 13.220925 "" "" 1449.83081 1509.66895 69833.10178 18.749 41638.0 25.795 40812.0 23.457 "" "" 0.0027706971412020526 0.0028700987 0.0038305542 0.0067006527 131.1672603923 -45.43672235779 1475.99487 -5.011000000000001 4.643000000000001 0.027904666900634645 -0.010176784515381065 0.08888346 0.08988346 "" "" 0.20780496346148758 "" 0.018494939558819114 "" 1.0
130.92235196102 -45.93989879525 0.0124 0.0125 11.3276 "" "" 5522015301881972352 1526.48853 0.6207 0.0148 -4.952 4.562 0.016 0.016 1.344 "" "" 13.585416 0.688311 13.847728 13.159417 "" "" 1488.18176 1559.93396 69307.53303 13.216 39475.0 29.627 43191.0 17.278 "" "" 0.0027630875695622455 0.0029067276 0.0038042574 0.0067109847 130.92235196102 -45.93989879525 1526.48853 -4.952 4.562 0.08690466690063481 -0.09117678451538058 0.09288346 0.09288346 "" "" 0.9113821306984342 "" 0.08465232588529598 "" 0.9
130.58113855075 -45.65614513946 0.0095 0.0119 11.1866 "" "" 5522037081649995392 1478.92847 0.6406 0.013 -5.045 4.596 0.013 0.014 1.016 9474.8 4.0451 13.647307 0.569469 13.858867 13.289398 "" "" 1451.71191 1506.71826 65467.22937 21.126 39072.0 27.379 38318.0 18.263 "" "" 0.0027775066660310583 0.0028920374 0.0038146444 0.006706682 130.58113855075 -45.65614513946 1478.92847 -5.045000000000002 4.596 -0.006095333099365163 -0.057176784515380774 0.08988346 0.090883456 "" "" 0.4030873048988214 "" 0.03662946261031778 "" 0.9
131.22335765215 -46.18388362691 0.0182 0.0187 30.4974 "" "" 5329848672540194944 1518.0896 0.6231 0.0212 -5.007 4.665 0.023 0.024 1.667 "" "" 13.69287 0.817743 14.011697 13.193953 25.32 23.38 1466.5094 1564.91736 62776.70562 17.438 33942.0 26.775 41839.0 24.678 "" "" 0.0027717770915279424 0.0029186646 0.0038332548 0.006751919 131.22335765215 -46.18388362691 1518.0896 -5.007 4.664999999999999 0.03190466690063509 0.011823215484619176 0.09988346 0.100883454 15.937500000000002 24.231928 0.24483474505637204 15.939380486781376 0.02448463422194093 24.229069054602533 0.8
130.56564234232 -46.03708873465 0.0101 0.0114 18.0281 "" "" 5521993414727657600 1536.37781 0.6177 0.0128 -5.026 4.607 0.013 0.013 1.027 9816.6 4.2219 13.693632 0.578231 13.910145 13.331914 "" "" 1497.81177 1571.93958 62732.68481 17.542 37270.0 21.832 36846.0 24.219 "" "" 0.002771996693125782 0.0028617384 0.0038461715 0.00670791 130.56564234232 -46.03708873465 1536.37781 -5.026 4.607000000000001 0.012904666900634965 -0.04617678451538065 0.08988346 0.08988346 "" "" 0.34916395511826404 "" 0.0313840649500847 "" 0.9
131.22801846012 -45.53088191585 0.0104 0.0113 23.8054 "" "" 5522123672492113408 1421.84851 0.6667 0.012 -5.155 4.677 0.015 0.014 1.005 7600.2 3.9797 13.77369 0.8651 14.117275 13.252175 "" "" 1398.79529 1449.27917 58273.42803 20.332 30797.0 33.359 39654.0 38.146 "" "" 0.002781239762551363 0.0030278973 0.0039210455 0.006948943 131.22801846012 -45.53088191585 1421.84851 -5.155 4.676999999999997 -0.11609533309936548 0.023823215484618743 0.09188346 0.090883456 "" "" 0.7987353939277076 "" 0.07335846409701706 "" 1.0
130.8709543649 -45.66189483472 0.0103 0.0106 7.8531 "" "" 5522038666503689344 1436.70215 0.6592 0.0126 -5.032 4.692 0.014 0.013 0.956 9440.8 4.1474 13.7902 0.610877 14.021452 13.410575 "" "" 1416.20129 1464.95898 57394.03344 18.578 33638.0 28.472 34271.0 17.346 "" "" 0.0027776433336827717 0.0029376175 0.0038191252 0.0067567425 130.8709543649 -45.66189483472 1436.70215 -5.032 4.692000000000002 0.006904666900634737 0.03882321548461931 0.090883456 0.08988346 "" "" 0.26853358966503066 "" 0.02414500628737896 "" 1.0
131.02324599962 -45.44209394957 0.0263 0.0279 22.509 "" "" 5522136179436671872 1522.71973 0.6198 0.031 -5.02 4.59 0.034 0.035 2.589 7291.5 3.6663 13.818081 0.647451 14.06009 13.412639 "" "" 1450.09351 1612.4071 55938.95804 16.708 32462.0 27.14 34206.0 19.733 "" "" 0.002774338446974423 0.002934115 0.0038309316 0.0067650466 131.02324599962 -45.44209394957 1522.71973 -5.02 4.59 0.018904666900635192 -0.063176784515381 0.11088346 0.11188346 "" "" 0.47596790407571565 "" 0.053213980907024595 "" 0.8
130.62795747173 -45.67127395948 0.0103 0.0133 9.1261 "" "" 5522037120316006144 1429.44678 0.6641 0.0141 -4.961 4.655 0.014 0.016 0.995 "" "" 13.824615 0.646029 14.070449 13.42442 "" "" 1401.33838 1457.63562 55603.32683 17.61 32154.0 25.479 33837.0 24.042 "" "" 0.0027766940363435247 0.002919801 0.003857311 0.0067771124 130.62795747173 -45.67127395948 1429.44678 -4.961 4.655000000000001 0.07790466690063447 0.0018232154846193893 0.090883456 0.09288346 "" "" 0.5279936604717848 "" 0.04798647311392267 "" 0.9
130.91937472866 -45.88292370488 0.0104 0.0106 8.4895 "" "" 5522021486634848000 1423.17334 0.6665 0.0125 -5.026 4.699 0.013 0.013 0.971 7697.8 4.1781 13.831869 0.757198 14.126832 13.369634 "" "" 1398.78186 1446.48657 55233.03559 10.513 30527.0 19.978 35588.0 17.536 "" "" 0.0027630593365526646 0.0028792229 0.0038170603 0.006696283 130.91937472866 -45.88292370488 1423.17334 -5.026 4.699 0.012904666900634965 0.045823215484618984 0.08988346 0.08988346 "" "" 0.32114014685017417 "" 0.028865188055885928 "" 1.0
131.15103502495 -45.74171950444 0.0111 0.0116 15.5313 "" "" 5522117178501738624 1553.42798 0.6066 0.0129 -5.204 4.728 0.014 0.015 1.084 9284.2 4.0538 13.856573 0.863779 14.199617 13.335838 "" "" 1521.02637 1584.0509 53990.50124 9.3011 28548.0 21.789 36713.0 24.504 "" "" 0.0027616615385693453 0.002910628 0.0038482302 0.0067588584 131.15103502495 -45.74171950444 1553.42798 -5.204000000000001 4.728 -0.16509533309936497 0.0748232154846189 0.090883456 0.09188346 "" "" 1.334658281711737 "" 0.12152682072957605 "" 0.8
130.90209215355 -45.9073104319 0.0107 0.0118 9.2194 "" "" 5522015576759847424 1426.40637 0.6652 0.0135 -5.106 4.562 0.015 0.014 0.925 "" "" 13.866948 0.689058 14.130567 13.441508 "" "" 1395.52075 1456.46289 53477.05803 10.685 30422.0 20.889 33308.0 18.384 "" "" 0.0027638470598691967 0.0028880504 0.0038265963 0.0067146467 130.90209215355 -45.9073104319 1426.40637 -5.106 4.562 -0.0670953330993651 -0.09117678451538058 0.09188346 0.090883456 "" "" 0.7653864034481466 "" 0.0698307910280996 "" 1.0
131.12027681121 -45.78125126446 0.0115 0.0122 14.0896 "" "" 5522023135902403072 1541.10449 0.6096 0.0136 -5.105 4.751 0.015 0.016 1.149 "" "" 13.898083 1.178538 14.395085 13.216547 "" "" 1512.4353 1566.95605 51965.34766 12.659 23844.0 23.444 40977.0 28.599 "" "" 0.0027679856506666036 0.0029874155 0.0038545993 0.006842015 131.12027681121 -45.78125126446 1541.10449 -5.105000000000003 4.750999999999998 -0.06609533309936566 0.09782321548461947 0.09188346 0.09288346 "" "" 0.8624030046649614 "" 0.07983367319769774 "" 0.8
129.74708657801 -45.88546715615 0.0113 0.0134 43.8124 "" "" 5521690190042831488 1422.85034 0.668 0.0131 -5.1 4.716 0.015 0.017 0.953 9523.0 4.2212 13.93044 0.599435 14.156748 13.557313 "" "" 1393.32642 1446.34814 50439.47955 17.661 29697.0 29.207 29939.0 25.014 "" "" 0.0027814227910733422 0.0029875226 0.0038867227 0.0068742456 129.74708657801 -45.88546715615 1422.85034 -5.1 4.716000000000001 -0.06109533309936488 0.06282321548461933 0.09188346 0.093883455 "" "" 0.5910185321598967 "" 0.054915500829269645 "" 1.0
130.79098545347 -45.66186287306 0.0111 0.0117 6.9574 "" "" 5522039216259476992 1374.6748 0.6898 0.0138 -5.04 4.631 0.015 0.014 1.034 "" "" 13.973808 0.643045 14.218456 13.575412 "" "" 1348.78247 1400.75684 48464.46169 15.062 28057.0 27.557 29444.0 17.214 "" "" 0.002775904961005706 0.0029870102 0.003832316 0.0068193264 130.79098545347 -45.66186287306 1374.6748 -5.04 4.631 -0.00109533309936527 -0.022176784515380632 0.09188346 0.090883456 "" "" 0.14467915664890685 "" 0.013149295806442685 "" 1.0
130.88743328771 -45.92573457532 0.0109 0.0115 9.8849 "" "" 5522015542400106496 1409.40479 0.6759 0.0134 -5.063 4.626 0.015 0.014 0.931 "" "" 14.003382 0.768367 14.301083 13.532716 "" "" 1382.80774 1433.89722 47162.18729 9.0393 26001.0 19.887 30625.0 16.805 "" "" 0.0027631673193426153 0.0029111274 0.003826053 0.0067371805 130.88743328771 -45.92573457532 1409.40479 -5.062999999999999 4.625999999999999 -0.024095333099364957 -0.027176784515380525 0.09188346 0.090883456 "" "" 0.24264048492733034 "" 0.02215912349085841 "" 1.0
130.03515771205 -45.86257691769 0.0118 0.0121 31.7077 "" "" 5522054712502844928 1476.85181 0.6418 0.0141 -5.035 4.709 0.017 0.017 0.939 9353.8 4.1828 14.042926 0.674476 14.300342 13.625866 "" "" 1445.87585 1508.37146 45475.40144 12.762 26018.0 26.387 28107.0 17.638 "" "" 0.0027721163305212252 0.002999591 0.003840305 0.0068398956 130.03515771205 -45.86257691769 1476.85181 -5.035 4.709 0.0039046669006346235 0.05582321548461877 0.093883455 0.093883455 "" "" 0.39173279443420866 "" 0.03677722809980544 "" 0.9
131.42705808241 -45.95650908388 0.0136 0.0132 28.9445 "" "" 5329945738794291072 1448.58301 0.6605 0.0158 -5.022 4.407 0.018 0.018 1.102 8071.3 4.133 14.048746 0.706661 14.310163 13.603502 "" "" 1410.44568 1482.18738 45232.26512 12.618 25784.0 21.245 28692.0 19.971 "" "" 0.0027719170189562333 0.0029300794 0.0038541986 0.006784278 131.42705808241 -45.95650908388 1448.58301 -5.022000000000001 4.407 0.016904666900634524 -0.24617678451538083 0.09488346 0.09488346 "" "" 1.694300169712097 "" 0.16076105700351803 "" 0.8
130.98797347225 -45.84778091681 0.0106 0.0116 9.5248 "" "" 5522021830232269568 1493.67419 0.6352 0.0129 -5.118 4.657 0.014 0.016 1.025 9194.6 3.9733 14.053822 0.929882 14.429551 13.499669 "" "" 1457.0282 1522.34424 45021.31801 7.6527 23099.0 16.048 31571.0 20.828 "" "" 0.002761494009308036 0.0028903352 0.003846659 0.0067369943 130.98797347225 -45.84778091681 1493.67419 -5.118 4.656999999999998 -0.07909533309936556 0.003823215484619169 0.090883456 0.09288346 "" "" 0.5606500159105744 "" 0.05095645359489907 "" 0.9
131.05878347919 -45.77231754825 0.0115 0.0124 11.5203 "" "" 5522023616938747136 1424.79871 0.6641 0.0135 -5.095 4.572 0.015 0.016 0.973 7970.7 4.0366 14.177927 0.932318 14.55136 13.619042 "" "" 1402.50769 1447.29993 40158.35501 6.4782 20648.0 17.619 28284.0 18.84 "" "" 0.002760881359621089 0.0029399625 0.0038479553 0.0067879176 131.05878347919 -45.77231754825 1424.79871 -5.095 4.572000000000001 -0.056095333099364986 -0.0811767845153808 0.09188346 0.09288346 "" "" 0.6663924897873668 "" 0.061682256360446566 "" 1.0
129.8076783552 -45.75417679525 0.0124 0.0146 40.8721 "" "" 5522069517238278912 1588.49133 0.5944 0.0151 -4.95 4.538 0.017 0.019 1.168 "" "" 14.210923 0.786776 14.514848 13.728072 "" "" 1542.61951 1637.15588 38956.26627 7.3144 21354.0 21.181 25582.0 18.536 "" "" 0.0027628512615601696 0.002990794 0.0038603905 0.006851184 129.8076783552 -45.75417679525 1588.49133 -4.949999999999999 4.538 0.08890466690063459 -0.1151767845153806 0.093883455 0.09588346 "" "" 1.095521399295116 "" 0.10422970852154015 "" 0.8
130.0886507996 -45.34742829296 0.0133 0.013 38.9711 "" "" 5522292859847015168 1392.604 0.683 0.0158 -5.088 4.757 0.017 0.017 0.931 7908.5 4.3722 14.217579 0.719854 14.496131 13.776277 "" "" 1362.96143 1427.73242 38718.18986 9.0862 21725.0 19.93 24471.0 14.483 "" "" 0.0027670760890049413 0.0029626207 0.00383362 0.006796241 130.0886507996 -45.34742829296 1392.604 -5.088000000000003 4.757 -0.04909533309936531 0.10382321548461881 0.093883455 0.093883455 "" "" 0.7580921276679269 "" 0.07117230800188391 "" 0.9
130.62980168053 -45.94562722685 0.0118 0.0138 11.9504 "" "" 5522029011417392000 1487.28809 0.6379 0.0151 -4.993 4.591 0.017 0.016 0.974 10036.9 4.3777 14.221029 0.686017 14.483694 13.797677 "" "" 1458.43591 1517.26819 38595.35052 10.606 21976.0 18.117 23993.0 17.402 "" "" 0.0027714271116835933 0.0029302246 0.0038605505 0.006790775 130.62980168053 -45.94562722685 1487.28809 -4.993 4.591 0.04590466690063444 -0.06217678451538067 0.093883455 0.09288346 "" "" 0.5448496070435452 "" 0.050800396408824576 "" 0.9
131.19773253582 -46.1462136536 0.0138 0.0135 28.0571 "" "" 5329849050497247872 1409.74011 0.675 0.0162 -5.072 4.619 0.019 0.018 0.97 7495.6 4.0711 14.243389 0.693263 14.509999 13.816736 "" "" 1377.979 1446.21667 37808.65555 10.322 21450.0 23.039 23576.0 16.218 "" "" 0.002771218131891951 0.003024069 0.0038524743 0.006876543 131.19773253582 -46.1462136536 1409.74011 -5.072000000000001 4.619 -0.0330953330993653 -0.03417678451538109 0.09588346 0.09488346 "" "" 0.31790225557606 "" 0.03031792342611791 "" 1.0
130.47428014859 -45.56673357434 0.0125 0.0133 18.1224 "" "" 5522085430110215424 1419.73792 0.6693 0.0154 -5.207 4.6 0.017 0.016 0.993 9271.3 4.1994 14.272063 0.764738 14.568132 13.803394 "" "" 1395.01514 1447.44604 36823.17882 9.45 20331.0 19.438 23867.0 20.981 "" "" 0.002769372954647388 0.0029770103 0.0038980378 0.0068750484 130.47428014859 -45.56673357434 1419.73792 -5.207 4.6 -0.16809533309936509 -0.053176784515381215 0.093883455 0.09288346 "" "" 1.1864615174589805 "" 0.11128169456520011 "" 1.0
130.4097791593 -45.72116256273 0.0127 0.014 16.0149 "" "" 5522082028496199040 1555.89233 0.6098 0.0165 -5.114 4.607 0.017 0.018 1.082 "" "" 14.316421 0.820156 14.634948 13.814792 "" "" 1517.60718 1592.38684 35349.10657 8.5994 19118.0 14.451 23618.0 16.398 "" "" 0.0027679510228712663 0.0029083642 0.003853827 0.006762191 130.4097791593 -45.72116256273 1555.89233 -5.114 4.607 -0.07509533309936511 -0.04617678451538065 0.093883455 0.09488346 "" "" 0.6501494905572224 "" 0.06121734956275855 "" 0.9
131.4174421076 -45.41506338407 0.0124 0.0128 34.3731 "" "" 5522127726941319552 1456.85706 0.6483 0.0145 -5.036 4.616 0.016 0.017 0.971 9494.6 4.1706 14.34742 0.954546 14.728496 13.77395 "" "" 1432.51123 1484.98596 34354.13438 6.1037 17540.0 18.689 24523.0 33.047 "" "" 0.0027620646057484655 0.0030204921 0.004052712 0.007073204 131.4174421076 -45.41506338407 1456.85706 -5.036 4.615999999999997 0.0029046669006351777 -0.0371767845153812 0.09288346 0.093883455 "" "" 0.2575067699207348 "" 0.02417407106540056 "" 0.9
