Clusters/LP_2219/LP_2219_members.tsv
# %ECSV 1.0
# ---
# datatype:
# - name: RA_ICRS_1
#   unit: deg
#   datatype: float64
#   format: '{:15.11f}'
#   description: Right ascension (ICRS) at Ep=2016.0 (ra)
#   meta: !!omap
#   - {ucd: POS_EQ_RA_MAIN}
#   - {width: 15}
#   - {precision: '11'}
# - name: DE_ICRS_1
#   unit: deg
#   datatype: float64
#   format: '{:15.11f}'
#   description: Declination (ICRS) at Ep=2016.0 (dec)
#   meta: !!omap
#   - {ucd: POS_EQ_DEC_MAIN}
#   - {width: 15}
#   - {precision: '11'}
# - name: e_RA_ICRS
#   unit: mas
#   datatype: float64
#   format: '{:7.4f}'
#   description: Standard error of right ascension (ra_error)
#   meta: !!omap
#   - {ucd: ERROR}
#   - {width: 7}
#   - {precision: '4'}
# - name: e_DE_ICRS
#   unit: mas
#   datatype: float64
#   format: '{:7.4f}'
#   description: Standard error of declination (dec_error)
#   meta: !!omap
#   - {ucd: ERROR}
#   - {width: 7}
#   - {precision: '4'}
# - name: _r_1
#   unit: ''
#   datatype: float64
#   format: '{:7.4f}'
#   description: Distance from center (130.78360810000-45.77770584000)[ICRS], at Epoch=J2016.0
#   meta: !!omap
#   - {ucd: POS_ANG_DIST_GENERAL}
#   - {width: 7}
#   - {precision: '4'}
# - name: HIP
#   datatype: int32
#   description: '? HIP cross-id number, van Leeuwen, Cat. I/311 (hip_original_ext_source_id)'
#   meta: !!omap
#   - {ucd: ID_NUMBER}
#   - {width: 6}
#   - values: {'null': -2147483648}
# - name: TYC2
#   datatype: string
#   description: Tycho-2 cross-id name, Hog et al., Cat. I/259 (tyc2_original_ext_source_id)
#   meta: !!omap
#   - {ucd: ID_CROSSID}
#   - {_votable_string_dtype: char}
# - name: Source
#   datatype: int64
#   description: Source identifier, identical to the Gaia-EDR3 source_id (id)
#   meta: !!omap
#   - {ucd: ID_MAIN}
#   - {width: 19}
# - name: rgeo
#   unit: pc
#   datatype: float64
#   format: '{:15.8f}'
#   description: '? Median of the geometric distance posterior (r_med_geo)'
#   meta: !!omap
#   - {ucd: PHYS_DISTANCE_TRUE}
#   - {width: 15}
#   - {precision: '8'}
#   - values: {'null': .nan}
# - name: Plx
#   unit: mas
#   datatype: float64
#   format: '{:9.4f}'
#   description: '? Parallax (parallax)'
#   meta: !!omap
#   - {ucd: POS_PARLX_TRIG}
#   - {width: 9}
#   - {precision: '4'}
#   - values: {'null': .nan}
# - name: e_Plx
#   unit: mas
#   datatype: float32
#   format: '{:7.4f}'
#   description: '? Standard error of parallax (parallax_error)'
#   meta: !!omap
#   - {ucd: ERROR}
#   - {width: 7}
#   - {precision: '4'}
#   - values: {'null': .nan}
# - name: pmRA
#   unit: mas / yr
#   datatype: float64
#   format: '{:9.3f}'
#   description: '? Proper motion in right ascension direction, pmRA*cosDE (pmra)'
#   meta: !!omap
#   - {ucd: POS_EQ_PMRA}
#   - {width: 9}
#   - {precision: '3'}
#   - values: {'null': .nan}
# - name: pmDE
#   unit: mas / yr
#   datatype: float64
#   format: '{:9.3f}'
#   description: '? Proper motion in declination direction (pmdec)'
#   meta: !!omap
#   - {ucd: POS_EQ_PMDEC}
#   - {width: 9}
#   - {precision: '3'}
#   - values: {'null': .nan}
# - name: e_pmRA
#   unit: mas / yr
#   datatype: float32
#   format: '{:6.3f}'
#   description: '? Standard error of proper motion in right ascension direction (pmra_error)'
#   meta: !!omap
#   - {ucd: ERROR}
#   - {width: 6}
#   - {precision: '3'}
#   - values: {'null': .nan}
# - name: e_pmDE
[...]
#       distance: !astropy.table.SerializedColumn
#         __class__: astropy.coordinates.distances.Distance
#         unit: !astropy.units.Unit {unit: pc}
#         value: !astropy.table.SerializedColumn {name: SkyCoord.distance}
#       frame: icrs
#       obstime: !astropy.time.Time {format: jyear_str, in_subfmt: '*', jd1: 367701545.0, jd2: 0.0, out_subfmt: '*', precision: 3, scale: tt}
#       pm_dec: !astropy.table.SerializedColumn
#         __class__: astropy.units.quantity.Quantity
#         unit: !astropy.units.Unit {unit: mas / yr}
#         value: !astropy.table.SerializedColumn {name: SkyCoord.pm_dec}
#       pm_ra_cosdec: !astropy.table.SerializedColumn
#         __class__: astropy.units.quantity.Quantity
#         unit: !astropy.units.Unit {unit: mas / yr}
#         value: !astropy.table.SerializedColumn {name: SkyCoord.pm_ra_cosdec}
#       ra: !astropy.table.SerializedColumn
#         __class__: astropy.coordinates.angles.Longitude
#         unit: *id001
#         value: !astropy.table.SerializedColumn {name: SkyCoord.ra}
#         wrap_angle: !astropy.coordinates.Angle
#           unit: *id001
#           value: 360.0
#       representation_type: spherical
# schema: astropy-2.0
RA_ICRS_1 DE_ICRS_1 e_RA_ICRS e_DE_ICRS _r_1 HIP TYC2 Source rgeo Plx e_Plx pmRA pmDE e_pmRA e_pmDE RUWE Teff logg Gmag BP-RP BPmag RPmag RV e_RV b_rgeo B_rgeo FG e_FG FBP e_FBP FRP e_FRP RAVE5 RAVE6 e_Gmag e_BPmag e_RPmag e_BP-RP SkyCoord.ra SkyCoord.dec SkyCoord.distance SkyCoord.pm_ra_cosdec SkyCoord.pm_dec rmRA rmDE e_rmRA e_rmDE rRV e_rRV v_pec v_pec3d e_vpec e_vpec3d Pmemb
[from data line 62]
131.05734330078 -45.89181535826 0.0132 0.0136 13.335 "" "" 5522020765080435328 1411.41162 0.6714 0.0152 -5.049 4.668 0.018 0.018 1.081 8345.9 4.1385 14.367583 0.813328 14.68887 13.875543 "" "" 1381.09119 1445.3335 33722.00957 7.9231 18192.0 16.597 22333.0 19.946 "" "" 0.0027671039144926495 0.0029607809 0.0039017978 0.006862579 131.05734330078 -45.89181535826 1411.41162 -5.048999999999998 4.668000000000001 -0.010095333099365611 0.01482321548461929 0.09488346 0.09488346 "" "" 0.11998291200313417 "" 0.011384393450932338 "" 0.9
130.78950612658 -45.45802220747 0.0137 0.0144 19.1826 "" "" 5522045882048601216 1472.17395 0.6447 0.0168 -5.142 4.75 0.018 0.017 1.02 11209.3 4.4126 14.471285 0.843574 14.778704 13.93513 "" "" 1429.29871 1500.547 30650.17376 8.4261 16747.0 44.973 21140.0 110.96 "" "" 0.002771440209708996 0.0040356177 0.006838158 0.010873776 130.78950612658 -45.45802220747 1472.17395 -5.1419999999999995 4.75 -0.10309533309936558 0.09682321548461914 0.09488346 0.093883455 "" "" 0.9869364593415948 "" 0.09318270834535025 "" 1.0
130.6027950216 -45.5737101334 0.0161 0.0177 14.3969 "" "" 5522084639836274944 1525.66052 0.6191 0.0203 -5.093 4.473 0.022 0.022 1.044 "" "" 14.511807 0.889665 14.866025 13.97636 "" "" 1480.46863 1571.80334 29527.34001 8.3608 15453.0 22.904 20352.0 16.136 "" "" 0.0027724183092548618 0.003220982 0.003876176 0.0070971576 130.6027950216 -45.5737101334 1525.66052 -5.093 4.473000000000001 -0.054095333099365206 -0.180176784515381 0.09888346 0.09888346 "" "" 1.360430627100629 "" 0.1345240840719267 "" 1.0
130.10077454803 -45.62533890617 0.0134 0.014 30.0382 "" "" 5522076152979470208 1233.10229 0.7719 0.0158 -5.226 4.531 0.019 0.019 0.981 6858.2 4.2461 14.541404 0.953661 14.929441 13.97578 10.63 12.06 1210.67139 1252.7688 28733.28553 5.5301 14576.0 15.008 20363.0 22.276 "" "" 0.0027632327921366397 0.0030057915 0.0039616213 0.006967413 130.10077454803 -45.62533890617 1233.10229 -5.226 4.531 -0.1870953330993652 -0.12217678451538116 0.09588346 0.09588346 1.2475000000000023 12.911929 1.306069203331121 1.8061209853966027 0.12523043271646694 8.918816682363014 0.8
131.32618435225 -46.01159790132 0.015 0.0172 26.6513 "" "" 5329863412867948160 1464.14111 0.6483 0.0178 -5.085 4.61 0.019 0.021 0.989 7117.7 4.1613 14.553981 0.830294 14.880449 14.050156 "" "" 1418.6106 1503.82886 28402.34931 12.473 15249.0 33.358 19015.0 24.413 "" "" 0.002796271191292928 0.0036641746 0.004028255 0.0076924297 131.32618435225 -46.01159790132 1464.14111 -5.085 4.610000000000001 -0.0460953330993652 -0.04317678451538054 0.09588346 0.097883455 "" "" 0.43832282004756923 "" 0.042439854786403414 "" 1.0
130.58288234792 -45.87974613316 0.0147 0.0183 10.388 "" "" 5522030214008188800 1376.55579 0.69 0.0199 -4.993 4.726 0.021 0.021 1.074 6841.4 4.1126 14.562405 1.139779 15.044022 13.904243 5.42 15.48 1338.74597 1418.66418 28182.85318 8.1125 13116.0 18.483 21750.0 16.434 "" "" 0.0027729885440456055 0.0031821362 0.0038673931 0.0070495293 130.58288234792 -45.87974613316 1376.55579 -4.992999999999999 4.725999999999998 0.04590466690063444 0.07282321548461912 0.097883455 0.097883455 -3.9624999999999986 16.331928 0.5616874471014182 4.002111822304731 0.054979908208154626 16.17028107778386 0.9
130.94413673268 -45.95289122929 0.0135 0.0135 12.4687 "" "" 5522014477248275456 1470.83972 0.6451 0.016 -5.041 4.701 0.018 0.017 0.935 8031.1 4.2876 14.584043 0.910995 14.951614 14.040619 "" "" 1438.32715 1497.13806 27626.73319 5.7495 14281.0 16.165 19183.0 13.641 "" "" 0.002764569720823269 0.0030488386 0.003857436 0.0069062747 130.94413673268 -45.95289122929 1470.83972 -5.0409999999999995 4.700999999999999 -0.002095333099365604 0.047823215484618764 0.09488346 0.093883455 "" "" 0.3337328197687694 "" 0.03133263293245558 "" 1.0
130.22394302003 -45.61038348837 0.0134 0.0145 25.5134 "" "" 5522075637583549440 1390.5354 0.6848 0.0163 -5.11 4.672 0.018 0.019 1.022 6871.3 4.1149 14.629848 1.054549 15.066814 14.012265 27.03 7.44 1361.16724 1422.17993 26485.43839 10.39 12844.0 18.463 19690.0 28.705 "" "" 0.0027880461155431325 0.0031970157 0.0040974505 0.0072944663 130.22394302003 -45.61038348837 1390.5354 -5.109999999999999 4.671999999999999 -0.07109533309936555 0.01882321548461885 0.09488346 0.09588346 17.6475 8.291928 0.48474490678317084 17.65415627762064 0.046026182520326635 8.288802020374009 0.9
130.78800768534 -45.60359586187 0.0153 0.0152 10.4482 "" "" 5522042652233301888 1460.14905 0.6515 0.018 -5.051 4.666 0.021 0.018 1.043 6663.8 4.1015 14.651312 1.001447 15.06067 14.059223 -6.08 12.56 1427.96875 1488.40515 25967.02123 7.227 12917.0 19.766 18857.0 15.907 "" "" 0.002771840516527 0.0032473665 0.0038887747 0.007136141 130.78800768534 -45.60359586187 1460.14905 -5.051 4.666 -0.01209533309936539 0.01282321548461951 0.097883455 0.09488346 -15.462499999999999 13.411929 0.12200242943079716 15.462981305129583 0.011749754061747629 13.411511667375116 0.8
130.65177325884 -45.68451256136 0.0142 0.017 7.8583 "" "" 5522036330042021376 1418.8584 0.6718 0.0188 -5.116 4.625 0.019 0.02 1.041 7652.4 4.3311 14.694722 0.909505 15.060204 14.150699 18.31 9.68 1386.41931 1463.28503 24949.26385 4.9241 12922.0 16.537 17333.0 10.681 "" "" 0.002763640319667099 0.0031170007 0.0038381459 0.006955147 130.65177325884 -45.68451256136 1418.8584 -5.116 4.625 -0.0770953330993649 -0.02817678451538086 0.09588346 0.09688346 8.9275 10.531929 0.5520402000706627 8.944551673085357 0.05299687276329389 10.511851714824239 1.0
130.83883135651 -45.83449870525 0.0138 0.0153 4.1166 "" "" 5522019699928384256 1466.00537 0.6516 0.0171 -5.048 4.617 0.018 0.019 0.915 9207.5 4.1415 14.706249 1.111548 15.172357 14.060808 "" "" 1431.49353 1501.16357 24685.79567 5.1252 11654.0 13.828 18829.0 15.06 "" "" 0.0027645257341343005 0.0030732234 0.003877867 0.0069510904 130.83883135651 -45.83449870525 1466.00537 -5.048 4.617000000000001 -0.009095333099365277 -0.036176784515380866 0.09488346 0.09588346 "" "" 0.2592108281411879 "" 0.024838696044295346 "" 0.9
131.20392139285 -45.66321989801 0.0143 0.0171 18.8993 "" "" 5522118518531535744 1481.1637 0.6468 0.0177 -4.912 4.643 0.02 0.022 1.06 8395.1 4.2119 14.708527 1.13388 15.188362 14.054482 "" "" 1446.78992 1522.65076 24634.062 5.39 11483.0 18.409 18939.0 13.273 "" "" 0.0027655424636130062 0.003288577 0.0038552198 0.007143797 131.20392139285 -45.66321989801 1481.1637 -4.911999999999998 4.642999999999999 0.12690466690063484 -0.010176784515381065 0.09688346 0.09888346 "" "" 0.8938218308768303 "" 0.08660809204422558 "" 0.8
131.06514976492 -45.85757785578 0.014 0.0149 12.7111 "" "" 5522022345628397056 1462.40259 0.6443 0.017 -5.164 4.826 0.018 0.019 1.024 8194.9 4.3158 14.710337 1.048772 15.146247 14.097475 "" "" 1428.19812 1499.97656 24593.03516 5.7358 11938.0 12.116 18204.0 12.283 "" "" 0.002766931907505702 0.002999881 0.0038497294 0.0068496102 131.06514976492 -45.85757785578 1462.40259 -5.163999999999997 4.8260000000000005 -0.12509533309936494 0.17282321548461876 0.09488346 0.09588346 "" "" 1.478872395720232 "" 0.14129270275172284 "" 1.0
131.29057789237 -45.61898902132 0.0142 0.016 23.2818 "" "" 5522119446244373632 1408.53662 0.6739 0.017 -5.096 4.435 0.019 0.02 1.057 "" "" 14.732038 1.052577 15.166896 14.114319 -18.14 22.97 1379.9491 1449.23389 24106.37022 15.358 11713.0 35.343 17924.0 33.224 "" "" 0.002840820117389938 0.0043032547 0.0042818203 0.008585075 131.29057789237 -45.61898902132 1408.53662 -5.096 4.434999999999999 -0.05709533309936532 -0.21817678451538125 0.09588346 0.09688346 -27.5225 23.821928 1.5057014664088482 27.563656200800825 0.14578152913928505 23.78636005384715 1.0
130.31466931741 -46.33341859327 0.0166 0.0161 38.639 "" "" 5521981560617874816 1417.30933 0.672 0.0189 -5.049 4.627 0.021 0.02 0.988 8896.2 4.3383 14.736493 1.056185 15.175126 14.118941 "" "" 1386.92798 1456.66467 24007.64784 5.5609 11624.0 15.55 17848.0 15.864 "" "" 0.0027667736368653466 0.0031455746 0.003900646 0.007046221 130.31466931741 -46.33341859327 1417.30933 -5.0489999999999995 4.627000000000002 -0.010095333099365611 -0.02617678451538108 0.097883455 0.09688346 "" "" 0.18848158411875957 "" 0.01828526138947921 "" 0.9
131.33887243182 -46.08438811794 0.0155 0.0164 29.5893 "" "" 5329850905923263488 1348.04846 0.7023 0.0181 -4.987 4.585 0.02 0.022 0.989 6838.6 4.3102 14.752296 0.908033 15.117914 14.209881 "" "" 1321.83276 1383.3717 23660.73947 5.2731 12253.0 11.868 16414.0 14.929 "" "" 0.002765924621865217 0.0029817706 0.003906264 0.0068880348 131.33887243182 -46.08438811794 1348.04846 -4.987 4.584999999999999 0.051904666900634666 -0.0681767845153809 0.09688346 0.09888346 "" "" 0.5475149935447264 "" 0.05374096362133829 "" 1.0
131.59417728502 -45.54525633867 0.0141 0.0155 36.7401 "" "" 5329972981757215104 1442.16565 0.6562 0.0174 -5.034 4.606 0.02 0.02 0.941 7087.2 4.2274 14.76755 1.037225 15.19689 14.159665 "" "" 1407.85925 1478.021 23330.64062 5.2438 11394.0 10.753 17191.0 16.03 "" "" 0.0027661056002216684 0.002972367 0.0039126338 0.0068850005 131.59417728502 -45.54525633867 1442.16565 -5.0340000000000025 4.606000000000002 0.0049046669006349575 -0.04717678451538099 0.09688346 0.09688346 "" "" 0.3242322812456055 "" 0.0314127455358732 "" 1.0
130.4685911305 -45.58159292481 0.0161 0.0158 17.6874 "" "" 5522085327031176064 1477.44348 0.6383 0.019 -5.004 4.728 0.022 0.02 0.99 7577.4 4.3167 14.80703 0.953286 15.194118 14.240831 "" "" 1442.09143 1519.94385 22497.53188 7.1137 11423.0 18.076 15952.0 17.181 "" "" 0.0027766257142599927 0.0032767192 0.003956158 0.0072328774 130.4685911305 -45.58159292481 1477.44348 -5.004000000000001 4.7280000000000015 0.034904666900635206 0.0748232154846189 0.09888346 0.09688346 "" "" 0.5782039650976861 "" 0.05622682445970991 "" 0.9
130.84067818776 -45.54098361063 0.0158 0.016 14.4036 "" "" 5522044473299439104 1442.5769 0.6616 0.0191 -4.927 4.613 0.022 0.019 1.025 7228.9 4.2339 14.819531 0.94115 15.199542 14.258392 "" "" 1405.54614 1485.07007 22239.992 4.9937 11366.0 16.179 15696.0 16.833 "" "" 0.0027660842247878787 0.0031896099 0.0039546834 0.0071442933 130.84067818776 -45.54098361063 1442.5769 -4.927 4.613 0.11190466690063516 -0.040176784515380426 0.09888346 0.09588346 "" "" 0.8130051745155101 "" 0.08011802570342431 "" 1.0
130.93412610695 -46.03222058829 0.0157 0.0156 16.5134 "" "" 5329860423570248960 1424.2948 0.6686 0.0184 -4.89 4.536 0.02 0.02 0.933 6895.1 4.2805 14.827315 0.978398 15.225913 14.247515 "" "" 1388.73267 1466.8866 22081.0972 4.6808 11093.0 17.414 15854.0 25.642 "" "" 0.0027649161900034965 0.0032695655 0.004167427 0.0074369926 130.93412610695 -46.03222058829 1424.2948 -4.89 4.536 0.14890466690063509 -0.11717678451538127 0.09688346 0.09688346 "" "" 1.2792151428782979 "" 0.12393479025129082 "" 0.9
130.69111140035 -45.86309922018 0.0155 0.0184 6.4195 "" "" 5522031141721176192 1444.08301 0.6567 0.0201 -4.997 4.76 0.021 0.021 1.091 7115.4 4.2321 14.832623 0.969912 15.225456 14.255544 "" "" 1398.19189 1492.15918 21973.4322 4.8518 11098.0 14.194 15738.0 14.3 "" "" 0.0027657298681093563 0.0031166205 0.0039060172 0.007022638 130.69111140035 -45.86309922018 1444.08301 -4.997 4.76 0.04190466690063488 0.10682321548461893 0.097883455 0.097883455 "" "" 0.785447612717252 "" 0.07688232641188338 "" 0.9
130.60412070673 -45.60874577375 0.0159 0.0184 12.6236 "" "" 5522084433677851904 1433.58655 0.6595 0.0209 -5.053 4.674 0.022 0.022 1.035 7483.3 4.1315 14.851069 1.00006 15.25842 14.25836 "" "" 1392.06348 1470.30469 21603.25005 14.694 10766.0 32.843 15697.0 23.2 "" "" 0.0028525704969122466 0.004330765 0.0041059484 0.008436713 130.60412070673 -45.60874577375 1433.58655 -5.053 4.674 -0.01409533309936517 0.020823215484619517 0.09888346 0.09888346 "" "" 0.17086716044382866 "" 0.01689593559479367 "" 1.0
130.87569561848 -45.97974316023 0.0158 0.0159 12.7179 "" "" 5522014747820995328 1463.19446 0.6513 0.0188 -4.956 4.577 0.022 0.02 0.991 7759.6 4.1423 14.85942 1.046703 15.293034 14.24633 "" "" 1423.62 1510.64343 21437.72334 4.9416 10428.0 16.267 15872.0 19.873 "" "" 0.002766663287949667 0.003263984 0.0040164376 0.0072804214 130.87569561848 -45.97974316023 1463.19446 -4.955999999999999 4.577000000000002 0.08290466690063436 -0.0761767845153809 0.09888346 0.09688346 "" "" 0.7808596527924373 "" 0.07650313099794988 "" 0.8
130.79459983904 -45.51947361977 0.0161 0.0165 15.5008 "" "" 5522045401012275968 1433.54004 0.6575 0.0197 -5.056 4.704 0.022 0.019 1.023 7109.7 4.2824 14.869304 1.022462 15.293407 14.270946 "" "" 1394.70764 1470.30127 21243.46376 5.0638 10424.0 19.051 15516.0 14.989 "" "" 0.0027674483387515533 0.0034238137 0.003922223 0.007346037 130.79459983904 -45.51947361977 1433.54004 -5.055999999999998 4.703999999999999 -0.017095333099365284 0.05082321548461888 0.09888346 0.09588346 "" "" 0.3643560193302431 "" 0.03504837503663958 "" 1.0
130.84553182767 -45.62142032581 0.0166 0.0164 9.7296 "" "" 5522039559856871936 1466.18311 0.6503 0.0194 -4.979 4.676 0.022 0.021 0.957 6965.4 4.2035 14.888803 0.973478 15.281203 14.307725 "" "" 1427.16846 1507.77747 20865.35911 5.271 10542.0 17.33 14999.0 16.355 "" "" 0.0027689380616014968 0.0033122061 0.0039604707 0.0072726766 130.84553182767 -45.62142032581 1466.18311 -4.978999999999999 4.676000000000002 0.05990466690063467 0.022823215484619297 0.09888346 0.097883455 "" "" 0.44551196298428186 "" 0.04399754155564401 "" 0.8
130.83483827762 -45.78275526358 0.0154 0.0165 2.165 "" "" 5522025884681269248 1422.92688 0.6675 0.019 -5.104 4.585 0.02 0.02 1.055 5764.2 4.0719 14.950577 1.300776 15.520197 14.219421 "" "" 1384.06384 1462.0061 19711.3303 10.231 8459.4 18.628 16270.0 25.204 "" "" 0.0028123600818785615 0.0036743947 0.004136737 0.007811132 130.83483827762 -45.78275526358 1422.92688 -5.104 4.585 -0.06509533309936533 -0.0681767845153809 0.09688346 0.09688346 "" "" 0.6357718321053504 "" 0.061595775423956056 "" 1.0
130.70672298858 -46.18683371084 0.0168 0.0182 24.7561 "" "" 5521987951529389184 1296.84326 0.7417 0.0209 -5.009 4.577 0.022 0.021 1.021 9128.8 4.2827 14.970583 1.165798 15.464335 14.298537 "" "" 1264.15222 1334.36414 19351.44479 5.1659 8906.0 12.316 15127.0 14.607 "" "" 0.002770522710478869 0.003168502 0.0039221034 0.0070906053 130.70672298858 -46.18683371084 1296.84326 -5.009 4.577 0.029904666900634425 -0.0761767845153809 0.09888346 0.097883455 "" "" 0.503051204135905 "" 0.049307860585835604 "" 0.9
131.4295246685 -45.6899195519 0.0166 0.0165 27.5587 "" "" 5329964636650005504 1438.23071 0.6567 0.0191 -4.984 4.659 0.022 0.022 1.049 6903.2 4.2602 14.982323 1.024952 15.405762 14.38081 "" "" 1397.68384 1478.59473 19143.33103 4.4906 9399.7 10.378 14023.0 12.348 "" "" 0.002767066350605677 0.0030367777 0.00389843 0.0069352076 131.4295246685 -45.6899195519 1438.23071 -4.984 4.659 0.05490466690063478 0.005823215484618949 0.09888346 0.09888346 "" "" 0.37639615282596506 "" 0.03721935297430242 "" 0.9
131.00386842797 -45.93493515279 0.0162 0.0162 13.18 "" "" 5522020215324612480 1362.72864 0.6953 0.0189 -4.898 4.665 0.022 0.021 1.031 7059.0 4.3837 14.982645 1.000852 15.392141 14.39129 "" "" 1334.10974 1396.06274 19137.6562 4.3825 9518.3 12.781 13888.0 14.792 "" "" 0.002766515390762809 0.003148101 0.003952342 0.0071004434 131.00386842797 -45.93493515279 1362.72864 -4.898 4.664999999999999 0.14090466690063508 0.011823215484619176 0.09888346 0.097883455 "" "" 0.9133487324678035 "" 0.09030872688360311 "" 0.9
130.74576794977 -45.1989455103 0.0163 0.0183 34.7621 "" "" 5522192838646856960 1391.42493 0.6837 0.0201 -5.05 4.712 0.021 0.021 0.957 7096.0 4.2812 15.051071 1.084187 15.503405 14.419218 "" "" 1362.02344 1429.27258 17968.76413 3.9871 8591.2 13.101 13535.0 13.647 "" "" 0.0027658324736175377 0.0032444268 0.003934735 0.0071791615 130.74576794977 -45.1989455103 1391.42493 -5.049999999999998 4.711999999999997 -0.011095333099365057 0.058823215484618885 0.097883455 0.097883455 "" "" 0.3948010679699928 "" 0.03864449275034692 "" 0.9
