Clusters/LP_2219/LP_2219_stars_in_region.tsv
# %ECSV 1.0
# ---
# datatype:
# - name: RA_ICRS_1
#   unit: deg
#   datatype: float64
#   format: '{:15.11f}'
#   description: Right ascension (ICRS) at Ep=2016.0 (ra)
#   meta: !!omap
#   - {ucd: POS_EQ_RA_MAIN}
#   - {width: 15}
#   - {precision: '11'}
# - name: DE_ICRS_1
#   unit: deg
#   datatype: float64
#   format: '{:15.11f}'
#   description: Declination (ICRS) at Ep=2016.0 (dec)
#   meta: !!omap
#   - {ucd: POS_EQ_DEC_MAIN}
#   - {width: 15}
#   - {precision: '11'}
# - name: e_RA_ICRS
#   unit: mas
#   datatype: float64
#   format: '{:7.4f}'
#   description: Standard error of right ascension (ra_error)
#   meta: !!omap
#   - {ucd: ERROR}
#   - {width: 7}
#   - {precision: '4'}
# - name: e_DE_ICRS
#   unit: mas
#   datatype: float64
#   format: '{:7.4f}'
#   description: Standard error of declination (dec_error)
#   meta: !!omap
#   - {ucd: ERROR}
#   - {width: 7}
#   - {precision: '4'}
# - name: _r_1
#   unit: ''
#   datatype: float64
#   format: '{:7.4f}'
#   description: Distance from center (130.78360810000-45.77770584000)[ICRS], at Epoch=J2016.0
#   meta: !!omap
#   - {ucd: POS_ANG_DIST_GENERAL}
#   - {width: 7}
#   - {precision: '4'}
# - name: HIP
#   datatype: int32
#   description: '? HIP cross-id number, van Leeuwen, Cat. I/311 (hip_original_ext_source_id)'
#   meta: !!omap
#   - {ucd: ID_NUMBER}
#   - {width: 6}
#   - values: {'null': -2147483648}
# - name: TYC2
#   datatype: string
#   description: Tycho-2 cross-id name, Hog et al., Cat. I/259 (tyc2_original_ext_source_id)
#   meta: !!omap
#   - {ucd: ID_CROSSID}
#   - {_votable_string_dtype: char}
# - name: Source
#   datatype: int64
#   description: Source identifier, identical to the Gaia-EDR3 source_id (id)
#   meta: !!omap
#   - {ucd: ID_MAIN}
#   - {width: 19}
# - name: rgeo
#   unit: pc
#   datatype: float64
#   format: '{:15.8f}'
#   description: '? Median of the geometric distance posterior (r_med_geo)'
#   meta: !!omap
#   - {ucd: PHYS_DISTANCE_TRUE}
#   - {width: 15}
#   - {precision: '8'}
#   - values: {'null': .nan}
# - name: Plx
#   unit: mas
#   datatype: float64
#   format: '{:9.4f}'
#   description: '? Parallax (parallax)'
#   meta: !!omap
#   - {ucd: POS_PARLX_TRIG}
#   - {width: 9}
#   - {precision: '4'}
#   - values: {'null': .nan}
# - name: e_Plx
#   unit: mas
#   datatype: float32
#   format: '{:7.4f}'
#   description: '? Standard error of parallax (parallax_error)'
#   meta: !!omap
#   - {ucd: ERROR}
#   - {width: 7}
#   - {precision: '4'}
#   - values: {'null': .nan}
# - name: pmRA
#   unit: mas / yr
#   datatype: float64
#   format: '{:9.3f}'
#   description: '? Proper motion in right ascension direction, pmRA*cosDE (pmra)'
#   meta: !!omap
#   - {ucd: POS_EQ_PMRA}
#   - {width: 9}
#   - {precision: '3'}
#   - values: {'null': .nan}
# - name: pmDE
#   unit: mas / yr
#   datatype: float64
#   format: '{:9.3f}'
#   description: '? Proper motion in declination direction (pmdec)'
#   meta: !!omap
#   - {ucd: POS_EQ_PMDEC}
#   - {width: 9}
#   - {precision: '3'}
#   - values: {'null': .nan}
# - name: e_pmRA
#   unit: mas / yr
#   datatype: float32
#   format: '{:6.3f}'
#   description: '? Standard error of proper motion in right ascension direction (pmra_error)'
#   meta: !!omap
#   - {ucd: ERROR}
#   - {width: 6}
#   - {precision: '3'}
#   - values: {'null': .nan}
# - name: e_pmDE
[...]
#         value: !astropy.table.SerializedColumn {name: SkyCoord.dec}
#       distance: !astropy.table.SerializedColumn
#         __class__: astropy.coordinates.distances.Distance
#         unit: !astropy.units.Unit {unit: pc}
#         value: !astropy.table.SerializedColumn {name: SkyCoord.distance}
#       frame: icrs
#       obstime: !astropy.time.Time {format: jyear_str, in_subfmt: '*', jd1: 367701545.0, jd2: 0.0, out_subfmt: '*', precision: 3, scale: tt}
#       pm_dec: !astropy.table.SerializedColumn
#         __class__: astropy.units.quantity.Quantity
#         unit: !astropy.units.Unit {unit: mas / yr}
#         value: !astropy.table.SerializedColumn {name: SkyCoord.pm_dec}
#       pm_ra_cosdec: !astropy.table.SerializedColumn
#         __class__: astropy.units.quantity.Quantity
#         unit: !astropy.units.Unit {unit: mas / yr}
#         value: !astropy.table.SerializedColumn {name: SkyCoord.pm_ra_cosdec}
#       ra: !astropy.table.SerializedColumn
#         __class__: astropy.coordinates.angles.Longitude
#         unit: *id001
#         value: !astropy.table.SerializedColumn {name: SkyCoord.ra}
#         wrap_angle: !astropy.coordinates.Angle
#           unit: *id001
#           value: 360.0
#       representation_type: spherical
# schema: astropy-2.0
RA_ICRS_1 DE_ICRS_1 e_RA_ICRS e_DE_ICRS _r_1 HIP TYC2 Source rgeo Plx e_Plx pmRA pmDE e_pmRA e_pmDE RUWE Teff logg Gmag BP-RP BPmag RPmag RV e_RV b_rgeo B_rgeo FG e_FG FBP e_FBP FRP e_FRP RAVE5 RAVE6 e_Gmag e_BPmag e_RPmag e_BP-RP SkyCoord.ra SkyCoord.dec SkyCoord.distance SkyCoord.pm_ra_cosdec SkyCoord.pm_dec rmRA rmDE e_rmRA e_rmDE rRV e_rRV v_pec v_pec3d e_vpec e_vpec3d
[from data line 175]
130.0291031664 -45.70058520829 0.0634 0.0713 31.9322 "" "" 5522074091395142016 1641.98279 0.6209 0.0763 -2.962 3.69 0.082 0.094 6.352 5022.2 2.6704 12.885302 1.647288 13.659852 12.012564 27.9 0.68 1476.79333 1868.40247 132076.71743 42.699 46933.0 28.991 124200.0 45.582 "" "" 0.0027775880356073306 0.0028696423 0.0038003298 0.006669972 130.0291031664 -45.70058520829 1641.98279 -2.9619999999999997 3.6900000000000004 2.0769046669006346 -0.9631767845153809 0.15888345 0.17088345 18.5175 1.5319285 17.81820987652849 25.69798454069924 2.8700254362913737 2.275655573406685
130.24277780621 -46.02334557068 0.0105 0.0111 26.966 "" "" 5522002107741167360 1250.04602 0.7823 0.0123 -10.896 8.563 0.014 0.014 1.034 "" "" 12.885786 0.81631 13.207059 12.390749 "" "" 1234.20703 1267.52588 132017.76018 22.813 71219.0 41.805 87672.0 31.475 "" "" 0.0027617005430875564 0.0028620313 0.0037994292 0.0066614607 130.24277780621 -46.02334557068 1250.04602 -10.896 8.563000000000002 -5.857095333099366 3.9098232154846198 0.090883456 0.090883456 "" "" 41.726445982803774 "" 3.792243624631341 ""
131.21904247032 -45.86509911764 0.0112 0.0127 18.9472 "" "" 5329868257591415424 1529.93665 0.646 0.0141 -5.662 4.771 0.015 0.017 1.085 7375.3 3.7867 12.895663 0.929739 13.270641 12.340902 "" "" 1493.01965 1560.94836 130822.15744 23.305 67168.0 31.049 91790.0 27.753 "" "" 0.0027621004876069687 0.00283495 0.0037936121 0.006628562 131.21904247032 -45.86509911764 1529.93665 -5.661999999999999 4.771000000000003 -0.6230953330993652 0.11782321548461905 0.09188346 0.093883455 "" "" 4.598700045968769 "" 0.42286530873371936 ""
131.57301365173 -45.77014720727 0.0111 0.0109 33.0392 "" "" 5329966182838521600 1349.90723 0.7225 0.0126 -5.806 8.129 0.014 0.014 1.002 "" "" 12.899551 0.835496 13.229089 12.393593 "" "" 1322.76831 1375.67908 130354.51136 19.824 69788.0 26.853 87442.0 30.07 "" "" 0.002760263164974576 0.0028212727 0.0037977798 0.0066190525 131.57301365173 -45.77014720727 1349.90723 -5.805999999999997 8.129000000000005 -0.7670953330993653 3.4758232154846187 0.090883456 0.090883456 "" "" 22.775443412883124 "" 2.0699110131798086 ""
131.07697373787 -46.33674129819 0.0115 0.0119 35.6969 "" "" 5329840426202914688 1508.26978 0.6432 0.0137 -6.264 7.638 0.016 0.015 1.021 9224.5 3.9466 12.9095 0.558956 13.117619 12.558663 "" "" 1484.6438 1538.52698 129165.52289 31.986 77334.0 64.601 75109.0 29.951 "" "" 0.002768407286637269 0.0029338785 0.0038041002 0.0067379787 131.07697373787 -46.33674129819 1508.26978 -6.264 7.638 -1.2250953330993655 2.984823215484619 0.09288346 0.09188346 "" "" 23.066586174695974 "" 2.122778785812507 ""
131.73949100828 -45.75585441511 0.012 0.0118 40.0296 "" "" 5329955462600006784 1330.46094 0.7391 0.0141 -2.972 -3.704 0.016 0.015 1.113 "" "" 12.920628 2.114199 14.011927 11.897728 21.25 0.33 1301.44092 1354.19653 127848.51277 20.614 33935.0 27.641 138060.0 41.473 "" "" 0.0027608759420299726 0.0029269685 0.003793429 0.0067203976 131.73949100828 -45.75585441511 1330.46094 -2.9720000000000004 -3.7040000000000006 2.066904666900635 -8.357176784515381 0.09288346 0.09188346 11.867500000000001 1.1819286 54.29152720136575 55.57344223733705 4.991638776957442 4.883023791188211
131.56697893089 -46.16562182938 0.0199 0.0212 40.1104 "" "" 5329892893514577792 1150.15173 0.8452 0.0225 -12.881 4.475 0.026 0.028 1.736 9539.3 4.2614 12.921641 0.582573 13.139962 12.557389 "" "" 1118.95251 1179.37891 127729.20396 25.55 75759.0 28.169 75197.0 25.032 "" "" 0.0027638664366266504 0.002819224 0.0037966243 0.0066158483 131.56697893089 -46.16562182938 1150.15173 -12.881000000000009 4.474999999999999 -7.8420953330993655 -0.17817678451538121 0.10288346 0.10488346 "" "" 42.76393530556031 "" 4.399746105329721 ""
130.3991759367 -45.19463852082 0.0103 0.0121 38.5406 "" "" 5522113330217282560 1157.16809 0.8415 0.0132 -5.296 5.444 0.014 0.015 0.967 "" "" 12.925204 0.526549 13.119586 12.593037 "" "" 1143.66553 1170.83057 127310.72505 22.642 77194.0 47.773 72768.0 23.301 "" "" 0.002762078132823843 0.0028699366 0.0037953388 0.0066652754 130.3991759367 -45.19463852082 1157.16809 -5.296 5.444 -0.2570953330993655 0.7908232154846191 0.090883456 0.09188346 "" "" 4.561111453707648 "" 0.4186568599143268 ""
130.91775905138 -45.86634436334 0.0113 0.0115 7.7297 "" "" 5522021555354315648 1518.08936 0.6391 0.0133 -5.017 4.797 0.015 0.014 1.048 10821.3 4.1485 12.930733 0.810737 13.247247 12.43651 "" "" 1489.28735 1543.34607 126664.17396 24.46 68631.0 55.272 84053.0 33.803 "" "" 0.002763285910281057 0.0029239734 0.0038045216 0.006728495 130.91775905138 -45.86634436334 1518.08936 -5.017 4.797 0.021904666900634417 0.14382321548461885 0.09188346 0.090883456 "" "" 1.0468491727342282 "" 0.09516513086812081 ""
130.24725954385 -46.34883442077 0.0141 0.0136 40.9005 "" "" 5521982415303989376 1195.47388 0.8153 0.0163 -4.752 2.091 0.018 0.017 1.166 9002.0 3.9745 12.947003 0.970339 13.339587 12.369248 "" "" 1173.5885 1218.58813 124780.09604 31.394 63035.0 72.953 89425.0 57.712 "" "" 0.002768828039129954 0.0030600668 0.003843788 0.006903855 130.24725954385 -46.34883442077 1195.47388 -4.751999999999999 2.091 0.286904666900635 -2.5621767845153807 0.09488346 0.093883455 "" "" 14.609433259762069 "" 1.3717659356493326 ""
131.32648866946 -45.52349743936 0.0213 0.0239 27.4059 "" "" 5522120923713108096 1302.07349 0.7426 0.0251 -4.66 2.752 0.029 0.031 1.859 "" "" 12.95151 0.575397 13.164874 12.589478 "" "" 1258.14233 1342.38306 124263.25048 33.472 74040.0 44.307 73007.0 28.196 "" "" 0.0027707978988146358 0.0028648197 0.0038025726 0.0066673923 131.32648866946 -45.52349743936 1302.07349 -4.66 2.752 0.3789046669006346 -1.901176784515381 0.10588346 0.10788345 "" "" 11.96450259399566 "" 1.289865853331354 ""
130.27469425254 -45.15699649279 0.019 0.0224 42.9601 "" "" 5522301827738623744 1577.26746 0.6184 0.0243 -13.635 -0.999 0.027 0.032 1.865 4504.9 2.2635 12.970266 1.615889 13.734011 12.118122 54.87 1.26 1515.64551 1640.85181 122135.03788 19.699 43834.0 31.277 112700.0 31.213 "" "" 0.0027608794530494286 0.0028957245 0.0037913255 0.0066870498 130.27469425254 -45.15699649279 1577.26746 -13.634999999999998 -0.9990000000000017 -8.596095333099365 -5.6521767845153805 0.10388346 0.108883455 45.4875 2.1119285 76.91455176872604 89.35860859499793 8.108152612495976 7.061330833368247
130.22615013234 -45.83582585509 0.0112 0.0114 23.5749 "" "" 5522057014605568640 1248.66614 0.7747 0.0131 -3.148 0.874 0.016 0.015 1.023 "" "" 12.973702 0.696571 13.242041 12.545469 "" "" 1223.79858 1267.82568 121749.06177 34.926 68961.0 52.586 76027.0 58.234 "" "" 0.0027728683820459604 0.0029104138 0.0038697992 0.0067802127 130.22615013234 -45.83582585509 1248.66614 -3.1479999999999997 0.873999999999999 1.8909046669006346 -3.7791767845153807 0.09288346 0.09188346 "" "" 25.011365879716596 "" 2.3031603976471864 ""
131.15341324609 -45.72347523591 0.0097 0.0107 15.8208 "" "" 5522117934415980544 1429.28711 0.672 0.0117 -5.031 4.611 0.013 0.014 0.935 "" "" 12.979559 0.637085 13.219001 12.581916 "" "" 1406.8584 1460.16321 121094.16008 26.317 70440.0 37.228 73518.0 27.552 "" "" 0.00276540526761051 0.002848564 0.0038012224 0.0066497866 131.15341324609 -45.72347523591 1429.28711 -5.030999999999999 4.611000000000001 0.007904666900635071 -0.042176784515381094 0.08988346 0.090883456 "" "" 0.29071520724289907 "" 0.026411390345620064 ""
130.62305193957 -45.83464339593 0.014 0.0172 7.5343 "" "" 5522030729404269312 1286.76636 0.7494 0.0183 -5.981 6.642 0.019 0.02 1.33 "" "" 12.98633 0.543879 13.185863 12.641985 "" "" 1261.75208 1311.48157 120341.35992 32.94 72623.0 44.801 69561.0 26.568 "" "" 0.0027713012839652297 0.0028694363 0.0038020639 0.0066715004 130.62305193957 -45.83464339593 1286.76636 -5.9810000000000025 6.642000000000001 -0.9420953330993651 1.9888232154846195 0.09588346 0.09688346 "" "" 13.422504060751484 "" 1.2979691597073135 ""
131.28559597453 -46.14224019131 0.0122 0.0125 30.2782 "" "" 5329849222296059648 1239.60718 0.7762 0.0154 -8.607 12.944 0.016 0.016 1.055 "" "" 12.996828 0.523893 13.192075 12.668181 "" "" 1220.14087 1262.39465 119183.31595 33.003 72208.0 44.837 67902.0 40.165 "" "" 0.0027716746312401674 0.0028704645 0.0038335603 0.006704025 131.28559597453 -46.14224019131 1239.60718 -8.607000000000003 12.943999999999994 -3.5680953330993646 8.29082321548462 0.09288346 0.09288346 "" "" 53.034534488897826 "" 4.926031074680649 ""
131.38284086743 -46.16030216583 0.0216 0.0219 33.9329 "" "" 5329846812804815360 1339.91211 0.72 0.0247 -2.046 3.641 0.029 0.029 1.782 6314.2 3.8347 12.99711 0.973861 13.367204 12.393343 23.44 3.75 1285.02319 1392.90686 119152.34051 34.293 61452.0 51.691 87462.0 100.9 "" "" 0.0027729831220555013 0.0029358347 0.0039815344 0.006917369 131.38284086743 -46.16030216583 1339.91211 -2.0460000000000003 3.640999999999999 2.992904666900635 -1.0121767845153808 0.10588346 0.10588346 14.057500000000003 4.6019287 20.066101546515075 24.500239540156638 2.1246681955747424 3.1622852892384534
131.27809526488 -46.05687454156 0.0129 0.0141 26.582 "" "" 5329862863112105856 1499.79639 0.6398 0.0154 -6.184 6.047 0.016 0.018 1.177 "" "" 12.99773 0.932565 13.375644 12.443079 30.33 5.16 1474.1145 1527.03101 119084.37062 27.266 60976.0 40.845 83546.0 41.977 "" "" 0.0027665119698341433 0.0028833991 0.0038185492 0.006701948 131.27809526488 -46.05687454156 1499.79639 -6.183999999999997 6.047000000000002 -1.1450953330993654 1.3938232154846188 0.09288346 0.09488346 20.947499999999998 6.0119286 12.823852600818789 24.56112684258454 1.20650193622967 5.165957490868576
131.33879036009 -46.06309415008 0.0106 0.0111 28.813 "" "" 5329850974642722304 1283.88586 0.7518 0.0123 -5.698 7.791 0.013 0.014 1.077 8113.9 4.0419 13.016341 0.653239 13.266091 12.612852 "" "" 1263.52759 1308.6405 117060.46192 30.383 67450.0 46.48 71452.0 34.017 "" "" 0.002769693487425362 0.0028887414 0.0038145657 0.006703307 131.33879036009 -46.06309415008 1283.88586 -5.698 7.791 -0.6590953330993656 3.1378232154846195 0.08988346 0.090883456 "" "" 19.51230256710625 "" 1.7725253330856288 ""
131.77204038414 -45.59249923764 0.008 0.0088 42.8952 "" "" 5329957352385593600 1635.03259 0.5788 0.0099 -3.942 4.661 0.011 0.01 0.928 "" "" 13.053351 0.624771 13.288009 12.663238 "" "" 1612.47742 1663.57886 113137.35756 28.282 66102.0 37.371 68212.0 26.83 "" "" 0.002768655567328459 0.0028568916 0.0038034332 0.0066603245 131.77204038414 -45.59249923764 1635.03259 -3.942 4.661 1.0969046669006346 0.007823215484618729 0.08788346 0.086883456 "" "" 8.50128713170783 "" 0.7471220767367119 ""
130.84859592287 -45.40646338182 0.0228 0.0247 22.441 "" "" 5522046363088155392 1482.63879 0.6412 0.0269 -6.406 7.529 0.028 0.03 2.026 "" "" 13.056268 0.692493 13.31739 12.624896 "" "" 1431.86365 1545.79895 112833.93144 46.215 64337.0 35.985 70664.0 24.368 "" "" 0.002790976148243006 0.0028554911 0.0037978822 0.006653373 130.84859592287 -45.40646338182 1482.63879 -6.405999999999997 7.5290000000000035 -1.367095333099365 2.875823215484619 0.10488346 0.10688346 "" "" 22.37782510787728 "" 2.3836328550982113 ""
131.41800867268 -45.39722838763 0.0088 0.0087 35.0815 "" "" 5522129273129539456 1429.75281 0.6674 0.0101 -5.056 4.623 0.011 0.011 0.974 13334.1 4.0629 13.063942 0.834345 13.389988 12.555643 "" "" 1409.72852 1454.92273 112039.14218 51.996 60176.0 65.905 75318.0 136.54 "" "" 0.0028010143372663152 0.0030329875 0.0042612003 0.007294188 131.41800867268 -45.39722838763 1429.75281 -5.055999999999999 4.622999999999999 -0.017095333099365284 -0.03017678451538064 0.08788346 0.08788346 "" "" 0.23504554807663852 "" 0.02065661544470381 ""
130.12274495927 -45.4371693792 0.0088 0.0093 34.4518 "" "" 5522081272580204672 1218.2771 0.786 0.0106 -7.16 7.241 0.011 0.013 0.961 8144.7 4.1305 13.064484 0.581093 13.281638 12.700545 "" "" 1199.22339 1234.55176 111983.32282 29.611 66491.0 30.311 65908.0 39.146 "" "" 0.0027702368744800965 0.0028337298 0.003834004 0.006667734 130.12274495927 -45.4371693792 1218.2771 -7.160000000000002 7.241 -2.1210953330993654 2.587823215484619 0.08788346 0.08988346 "" "" 19.322060228264 "" 1.7213088166028807 ""
130.1342920739 -46.12154849842 0.008 0.0089 34.0493 "" "" 5521999908717874176 1679.30896 0.5631 0.0098 -6.406 6.601 0.01 0.011 0.94 "" "" 13.070323 0.635539 13.311142 12.675603 "" "" 1654.55334 1703.52649 111382.64933 25.633 64708.0 27.084 67440.0 24.198 "" "" 0.0027666264917073895 0.0028269358 0.0037994068 0.0066263424 130.1342920739 -46.12154849842 1679.30896 -6.405999999999999 6.600999999999999 -1.367095333099365 1.9478232154846191 0.086883456 0.08788346 "" "" 18.942220284962403 "" 1.6584802126363203 ""
129.95716248393 -45.67050652958 0.0102 0.0115 35.2095 "" "" 5522077252490968064 1278.56018 0.7475 0.0125 -7.25 5.791 0.014 0.014 1.358 "" "" 13.116627 0.684883 13.378496 12.693613 "" "" 1257.23608 1298.97571 106732.36936 20.173 60816.0 34.919 66330.0 26.52 "" "" 0.0027629514240219864 0.0028589645 0.0038042304 0.006663195 129.95716248393 -45.67050652958 1278.56018 -7.250000000000002 5.791000000000003 -2.2110953330993652 1.1378232154846195 0.090883456 0.090883456 "" "" 15.070222244463356 "" 1.3696338828352679 ""
130.34033738016 -46.34984498955 0.0097 0.0103 38.974 "" "" 5521981491898425344 1681.67493 0.5611 0.0119 -5.875 5.104 0.012 0.012 0.969 11653.1 4.0041 13.117382 0.876549 13.463261 12.586712 "" "" 1647.43408 1715.80017 106658.09784 19.567 56249.0 26.683 73194.0 44.683 "" "" 0.0027625104008064 0.0028373084 0.0038370625 0.0066743707 130.34033738016 -46.34984498955 1681.67493 -5.875000000000001 5.104000000000001 -0.8360953330993652 0.45082321548461923 0.08888346 0.08888346 "" "" 7.571730414829273 "" 0.6730015941864528 ""
130.3851420813 -45.96118149382 0.0087 0.0095 19.9577 "" "" 5522007674018887936 1390.59351 0.6854 0.0103 -5.134 3.935 0.012 0.012 0.946 "" "" 13.120432 0.741391 13.407539 12.666148 "" "" 1373.25366 1408.33398 106358.90751 17.973 59211.0 26.726 68030.0 28.19 "" "" 0.0027614220185026425 0.002832881 0.0038060662 0.006638947 130.3851420813 -45.96118149382 1390.59351 -5.134 3.934999999999997 -0.09509533309936558 -0.7181767845153808 0.08888346 0.08888346 "" "" 4.775118447109647 "" 0.42442904742619436 ""
130.40495500125 -45.84691142147 0.0087 0.0099 16.3709 "" "" 5522010800755025536 1434.71179 0.6623 0.0111 -5.176 4.646 0.011 0.012 1.043 "" "" 13.126961 0.572109 13.337078 12.764969 "" "" 1413.16675 1456.93335 105721.29683 26.002 63181.0 33.631 62111.0 35.778 "" "" 0.0027682299802501958 0.0028493954 0.0038307803 0.0066801757 130.40495500125 -45.84691142147 1434.71179 -5.176 4.646 -0.1370953330993654 -0.007176784515380952 0.08788346 0.08888346 "" "" 0.9335980525339532 "" 0.08205039073496748 ""
130.48718183658 -45.25955413594 0.0085 0.0095 33.4937 "" "" 5522109722444856192 1552.29468 0.6058 0.0107 -5.278 3.683 0.011 0.012 0.977 9865.5 3.9843 13.148926 0.432859 13.305498 12.872639 "" "" 1527.73413 1578.47302 103603.95226 25.901 65046.0 38.454 56247.0 27.742 "" "" 0.0027686577798991686 0.0028630476 0.0038171313 0.006680179 130.48718183658 -45.25955413594 1552.29468 -5.278 3.682999999999999 -0.23909533309936482 -0.970176784515381 0.08788346 0.08888346 "" "" 7.35202336652878 "" 0.6530545451611443 ""
