Clusters/LP_2219/LP_2219_stars_in_region.tsv
# %ECSV 1.0
# ---
# datatype:
# - name: RA_ICRS_1
#   unit: deg
#   datatype: float64
#   format: '{:15.11f}'
#   description: Right ascension (ICRS) at Ep=2016.0 (ra)
#   meta: !!omap
#   - {ucd: POS_EQ_RA_MAIN}
#   - {width: 15}
#   - {precision: '11'}
# - name: DE_ICRS_1
#   unit: deg
#   datatype: float64
#   format: '{:15.11f}'
#   description: Declination (ICRS) at Ep=2016.0 (dec)
#   meta: !!omap
#   - {ucd: POS_EQ_DEC_MAIN}
#   - {width: 15}
#   - {precision: '11'}
# - name: e_RA_ICRS
#   unit: mas
#   datatype: float64
#   format: '{:7.4f}'
#   description: Standard error of right ascension (ra_error)
#   meta: !!omap
#   - {ucd: ERROR}
#   - {width: 7}
#   - {precision: '4'}
# - name: e_DE_ICRS
#   unit: mas
#   datatype: float64
#   format: '{:7.4f}'
#   description: Standard error of declination (dec_error)
#   meta: !!omap
#   - {ucd: ERROR}
#   - {width: 7}
#   - {precision: '4'}
# - name: _r_1
#   unit: ''
#   datatype: float64
#   format: '{:7.4f}'
#   description: Distance from center (130.78360810000-45.77770584000)[ICRS], at Epoch=J2016.0
#   meta: !!omap
#   - {ucd: POS_ANG_DIST_GENERAL}
#   - {width: 7}
#   - {precision: '4'}
# - name: HIP
#   datatype: int32
#   description: '? HIP cross-id number, van Leeuwen, Cat. I/311 (hip_original_ext_source_id)'
#   meta: !!omap
#   - {ucd: ID_NUMBER}
#   - {width: 6}
#   - values: {'null': -2147483648}
# - name: TYC2
#   datatype: string
#   description: Tycho-2 cross-id name, Hog et al., Cat. I/259 (tyc2_original_ext_source_id)
#   meta: !!omap
#   - {ucd: ID_CROSSID}
#   - {_votable_string_dtype: char}
# - name: Source
#   datatype: int64
#   description: Source identifier, identical to the Gaia-EDR3 source_id (id)
#   meta: !!omap
#   - {ucd: ID_MAIN}
#   - {width: 19}
# - name: rgeo
#   unit: pc
#   datatype: float64
#   format: '{:15.8f}'
#   description: '? Median of the geometric distance posterior (r_med_geo)'
#   meta: !!omap
#   - {ucd: PHYS_DISTANCE_TRUE}
#   - {width: 15}
#   - {precision: '8'}
#   - values: {'null': .nan}
# - name: Plx
#   unit: mas
#   datatype: float64
#   format: '{:9.4f}'
#   description: '? Parallax (parallax)'
#   meta: !!omap
#   - {ucd: POS_PARLX_TRIG}
#   - {width: 9}
#   - {precision: '4'}
#   - values: {'null': .nan}
# - name: e_Plx
#   unit: mas
#   datatype: float32
#   format: '{:7.4f}'
#   description: '? Standard error of parallax (parallax_error)'
#   meta: !!omap
#   - {ucd: ERROR}
#   - {width: 7}
#   - {precision: '4'}
#   - values: {'null': .nan}
# - name: pmRA
#   unit: mas / yr
#   datatype: float64
#   format: '{:9.3f}'
#   description: '? Proper motion in right ascension direction, pmRA*cosDE (pmra)'
#   meta: !!omap
#   - {ucd: POS_EQ_PMRA}
#   - {width: 9}
#   - {precision: '3'}
#   - values: {'null': .nan}
# - name: pmDE
#   unit: mas / yr
#   datatype: float64
#   format: '{:9.3f}'
#   description: '? Proper motion in declination direction (pmdec)'
#   meta: !!omap
#   - {ucd: POS_EQ_PMDEC}
#   - {width: 9}
#   - {precision: '3'}
#   - values: {'null': .nan}
# - name: e_pmRA
#   unit: mas / yr
#   datatype: float32
#   format: '{:6.3f}'
#   description: '? Standard error of proper motion in right ascension direction (pmra_error)'
#   meta: !!omap
#   - {ucd: ERROR}
#   - {width: 6}
#   - {precision: '3'}
#   - values: {'null': .nan}
# - name: e_pmDE
[...]
#         value: !astropy.table.SerializedColumn {name: SkyCoord.dec}
#       distance: !astropy.table.SerializedColumn
#         __class__: astropy.coordinates.distances.Distance
#         unit: !astropy.units.Unit {unit: pc}
#         value: !astropy.table.SerializedColumn {name: SkyCoord.distance}
#       frame: icrs
#       obstime: !astropy.time.Time {format: jyear_str, in_subfmt: '*', jd1: 367701545.0, jd2: 0.0, out_subfmt: '*', precision: 3, scale: tt}
#       pm_dec: !astropy.table.SerializedColumn
#         __class__: astropy.units.quantity.Quantity
#         unit: !astropy.units.Unit {unit: mas / yr}
#         value: !astropy.table.SerializedColumn {name: SkyCoord.pm_dec}
#       pm_ra_cosdec: !astropy.table.SerializedColumn
#         __class__: astropy.units.quantity.Quantity
#         unit: !astropy.units.Unit {unit: mas / yr}
#         value: !astropy.table.SerializedColumn {name: SkyCoord.pm_ra_cosdec}
#       ra: !astropy.table.SerializedColumn
#         __class__: astropy.coordinates.angles.Longitude
#         unit: *id001
#         value: !astropy.table.SerializedColumn {name: SkyCoord.ra}
#         wrap_angle: !astropy.coordinates.Angle
#           unit: *id001
#           value: 360.0
#       representation_type: spherical
# schema: astropy-2.0
RA_ICRS_1 DE_ICRS_1 e_RA_ICRS e_DE_ICRS _r_1 HIP TYC2 Source rgeo Plx e_Plx pmRA pmDE e_pmRA e_pmDE RUWE Teff logg Gmag BP-RP BPmag RPmag RV e_RV b_rgeo B_rgeo FG e_FG FBP e_FBP FRP e_FRP RAVE5 RAVE6 e_Gmag e_BPmag e_RPmag e_BP-RP SkyCoord.ra SkyCoord.dec SkyCoord.distance SkyCoord.pm_ra_cosdec SkyCoord.pm_dec rmRA rmDE e_rmRA e_rmDE rRV e_rRV v_pec v_pec3d e_vpec e_vpec3d
[from data line 1426]
130.74561515901 -46.23958354126 0.0207 0.0215 27.7579 "" "" 5329833966570530432 1236.78186 0.7687 0.0246 0.23 -4.77 0.028 0.026 0.992 5994.1 4.3519 15.543474 1.104655 16.008835 14.90418 "" "" 1200.57202 1272.98486 11417.13619 3.2837 5393.7 13.739 8659.4 11.22 "" "" 0.002772959088075471 0.0039285757 0.0040327143 0.00796129 130.74561515901 -46.23958354126 1236.78186 0.22999999999999754 -4.77 5.268904666900635 -9.42317678451538 0.10488346 0.10288346 "" "" 63.2909739045539 "" 6.541965460294289 ""
131.72350475566 -45.94754060893 0.0253 0.0279 40.5718 "" "" 5329948865530450944 1179.56079 0.8208 0.0309 2.061 -8.193 0.033 0.038 1.173 "" "" 15.544271 "" "" "" "" "" 1130.72546 1226.11523 11408.75207 5.0599 "" "" "" "" "" "" 0.0027970816216406403 "" "" "" 131.72350475566 -45.94754060893 1179.56079 2.061 -8.193 7.099904666900635 -12.84617678451538 0.10988346 0.11488345 "" "" 82.06437900052016 "" 9.3334457714002 ""
131.21394660554 -45.31297698417 0.0228 0.0251 33.2339 "" "" 5522143704219471872 1595.49634 0.5926 0.0257 -6.688 13.33 0.029 0.032 1.071 7111.8 4.0958 15.547694 1.478283 16.22075 14.742468 "" "" 1535.5553 1656.27209 11372.84659 3.4719 4437.3 13.133 10050.0 10.013 "" "" 0.0027751848007302113 0.004255727 0.0039311433 0.00818687 131.21394660554 -45.31297698417 1595.49634 -6.688000000000002 13.330000000000007 -1.649095333099365 8.67682321548462 0.10588346 0.108883455 "" "" 66.79444104858779 "" 7.2659166437500575 ""
130.26867253669 -45.84528646683 0.0202 0.0207 21.9136 "" "" 5522056327410850688 1223.823 0.7865 0.0239 1.11 -12.376 0.028 0.027 0.965 5177.3 4.3058 15.549492 1.202992 16.068657 14.865664 "" "" 1190.46594 1264.70398 11354.03249 3.3509 5104.5 11.128 8972.1 9.8623 "" "" 0.002773890038646986 0.0036588903 0.003963342 0.007622232 130.26867253669 -45.84528646683 1223.823 1.1099999999999999 -12.375999999999998 6.148904666900635 -17.02917678451538 0.10488346 0.10388346 "" "" 105.02741573924462 "" 10.922776884099916 ""
130.39365108955 -46.0487838422 0.0213 0.0228 23.0116 "" "" 5522004238045116672 1407.38635 0.6708 0.0251 -5.076 3.934 0.028 0.028 1.049 6470.7 4.3589 15.551557 1.114765 16.02103 14.906265 "" "" 1366.51282 1452.05725 11332.45812 3.2487 5333.4 10.05 8642.8 7.2856 "" "" 0.0027728444156032784 0.0034598832 0.0038886233 0.0073485067 130.39365108955 -46.0487838422 1407.38635 -5.075999999999999 3.934 -0.03709533309936486 -0.7191767845153807 0.10488346 0.10488346 "" "" 4.804014330379204 "" 0.5038616553835625 ""
131.51326598647 -45.37227362557 0.0223 0.0226 39.1256 "" "" 5522129513647756032 1562.84583 0.6056 0.0282 -7.691 2.262 0.029 0.03 0.985 7129.5 4.0982 15.551753 1.719835 16.370396 14.65056 "" "" 1492.57031 1643.49341 11330.40433 3.9803 3866.0 9.9068 10938.0 10.778 "" "" 0.0027815939225105195 0.0039402987 0.0039278893 0.0078681875 131.51326598647 -45.37227362557 1562.84583 -7.691000000000005 2.2620000000000005 -2.652095333099365 -2.391176784515381 0.10588346 0.10688346 "" "" 26.452841272089245 "" 2.8128105757531086 ""
130.2545290489 -46.24993172723 0.0201 0.0211 35.9001 "" "" 5521994686037841408 1421.7002 0.6674 0.0235 -9.858 7.204 0.028 0.027 1.0 5774.7 4.0311 15.553066 1.471621 16.226063 14.754442 "" "" 1374.61743 1471.23096 11316.70807 3.3463 4415.6 7.8415 9939.9 17.039 "" "" 0.0027739612078866156 0.0033915613 0.0042128 0.0076043615 130.2545290489 -46.24993172723 1421.7002 -9.858000000000008 7.2040000000000015 -4.819095333099366 2.550823215484619 0.10488346 0.10388346 "" "" 36.74401318884706 "" 3.845827629007891 ""
130.75446839459 -45.23003509764 0.0202 0.023 32.8831 "" "" 5522192014013160192 1153.33862 0.8352 0.0248 -5.331 4.114 0.026 0.027 1.022 "" "" 15.553471 1.451787 16.211805 14.760018 "" "" 1125.89795 1194.88245 11312.49522 3.4083 4474.0 14.841 9889.0 11.572 "" "" 0.0027746702918771795 0.0045559118 0.003987222 0.008543134 130.75446839459 -45.23003509764 1153.33862 -5.331 4.113999999999999 -0.29209533309936564 -0.539176784515381 0.10288346 0.10388346 "" "" 3.3523331212789604 "" 0.3474941710298098 ""
131.39900146007 -45.38090273345 0.0217 0.0218 35.1384 "" "" 5522130750598269952 1595.10144 0.598 0.0254 -5.058 3.955 0.027 0.028 1.005 7048.8 4.1485 15.554791 1.301834 16.124166 14.822332 "" "" 1530.9519 1657.17737 11298.73995 4.1351 4850.1 12.357 9337.4 11.182 "" "" 0.0027838249881252807 0.003928997 0.003996787 0.007925784 131.39900146007 -45.38090273345 1595.10144 -5.058000000000001 3.955 -0.019095333099365064 -0.6981767845153808 0.10388346 0.10488346 "" "" 5.28073563335179 "" 0.5538579076964352 ""
130.23545804834 -45.59117691727 0.0207 0.0216 25.5573 "" "" 5522075775022502144 1681.18762 0.5583 0.0247 -4.504 4.721 0.028 0.028 1.034 6196.0 4.2049 15.556088 1.121831 16.028032 14.906201 "" "" 1606.43347 1759.70068 11285.25581 3.3306 5299.1 7.471 8643.3 8.8805 "" "" 0.002773890016829975 0.0031824845 0.003940576 0.0071230605 130.23545804834 -45.59117691727 1681.18762 -4.504 4.721 0.5349046669006352 0.06782321548461923 0.10488346 0.10488346 "" "" 4.2966919100275645 "" 0.4506519234901534 ""
131.49351206091 -45.4642000275 0.0245 0.0258 35.2319 "" "" 5522127898740062976 1327.54395 0.716 0.0292 0.243 7.382 0.031 0.035 1.16 6338.3 4.1328 15.556705 1.425398 16.197634 14.772236 "" "" 1282.54053 1374.95105 11278.84254 4.2755 4532.8 11.916 9778.3 11.367 "" "" 0.00278588972451924 0.0039914474 0.0039845603 0.007976008 131.49351206091 -45.4642000275 1327.54395 0.24299999999999988 7.381999999999998 5.281904666900635 2.728823215484619 0.10788345 0.11188346 "" "" 37.41030076993612 "" 4.067936602247562 ""
130.32345568797 -45.23658362934 0.048 0.0428 37.7955 "" "" 5522107660853639552 1474.38403 0.6638 0.0521 -2.67 4.578 0.076 0.061 1.815 "" "" 15.557409 1.322949 15.520947 14.197997 "" "" 1361.39221 1593.31323 11271.52987 10.958 8453.5 134.45 16594.0 194.15 "" "" 0.002950583685156676 0.01749222 0.013253419 0.030745639 130.32345568797 -45.23658362934 1474.38403 -2.67 4.578 2.368904666900635 -0.07517678451538057 0.15288346 0.13788345 "" "" 16.563614801339963 "" 2.532064945800003 ""
131.18796887043 -45.74445614981 0.0212 0.0235 17.0433 "" "" 5522116937983580672 1471.16467 0.65 0.0249 -5.077 4.515 0.028 0.031 1.08 7146.9 4.3508 15.55813 1.286769 16.120789 14.83402 "" "" 1420.59216 1528.36035 11264.04984 3.4569 4865.2 12.724 9237.4 8.601 "" "" 0.002775395024785579 0.0039809556 0.0039122524 0.007893208 131.18796887043 -45.74445614981 1471.16467 -5.077 4.515000000000001 -0.03809533309936519 -0.13817678451538118 0.10488346 0.10788345 "" "" 0.9995003672511302 "" 0.10762047711878095 ""
129.90870242583 -45.73284155933 0.0194 0.0225 36.7252 "" "" 5522068250239506304 1433.33606 0.6633 0.0238 -1.596 1.366 0.026 0.028 0.998 6720.0 4.2816 15.5587 1.315572 16.133986 14.818414 "" "" 1382.13306 1485.92908 11258.14872 3.0957 4806.4 11.235 9371.2 10.898 "" "" 0.002771447482619424 0.0037717465 0.003984716 0.0077564623 129.90870242583 -45.73284155933 1433.33606 -1.596 1.366 3.4429046669006347 -3.2871767845153808 0.10288346 0.10488346 "" "" 32.34058894216648 "" 3.3583118093271382 ""
131.11633225744 -45.17464897452 0.0208 0.0225 38.7968 "" "" 5522148961259279488 1239.1084 0.7679 0.0253 -2.307 2.873 0.029 0.028 0.977 5217.5 4.2453 15.55921 1.353894 16.162682 14.808787 "" "" 1193.64551 1289.13623 11252.85378 3.4772 4681.1 11.644 9454.6 13.258 "" "" 0.0027756709126323894 0.0038831565 0.0040745246 0.007957681 131.11633225744 -45.17464897452 1239.1084 -2.307000000000003 2.8730000000000007 2.731904666900635 -1.7801767845153806 0.10588346 0.10488346 "" "" 19.151461310057776 "" 2.0221337247639615 ""
131.36758866323 -45.93622879673 0.0211 0.0231 26.1909 "" "" 5329957489824803200 1600.47864 0.5894 0.0265 -4.477 6.294 0.028 0.033 1.042 6339.1 4.1646 15.560908 1.086634 16.016027 14.929394 "" "" 1532.45557 1682.6687 11235.2646 3.2997 5358.0 9.6205 8460.6 10.228 "" "" 0.0027737102093561023 0.0034037519 0.0040008123 0.007404564 131.36758866323 -45.93622879673 1600.47864 -4.477 6.293999999999999 0.5619046669006345 1.6408232154846187 0.10488346 0.10988346 "" "" 13.157393400116327 "" 1.439015876914771 ""
130.54290416329 -45.2405373455 0.0212 0.0234 33.7818 "" "" 5522110581438345984 1429.41846 0.668 0.0262 -1.927 3.343 0.029 0.03 1.05 5796.5 4.3819 15.562416 1.008169 15.973605 14.965436 "" "" 1374.71875 1479.48328 11219.67251 3.7234 5571.5 11.154 8184.3 12.164 "" "" 0.002778779803480288 0.0035368989 0.004109466 0.007646365 130.54290416329 -45.2405373455 1429.41846 -1.9269999999999998 3.3429999999999986 3.1119046669006347 -1.3101767845153809 0.10588346 0.10688346 "" "" 22.877045798134006 "" 2.425759066197757 ""
131.40629868695 -45.53273419013 0.0211 0.0236 29.9668 "" "" 5522125837155747456 1146.86621 0.841 0.0244 -10.372 11.315 0.029 0.033 0.965 5958.8 4.3782 15.566813 1.190959 16.073965 14.883006 "" "" 1117.29846 1173.07544 11174.32854 3.5996 5079.6 15.102 8829.9 11.562 "" "" 0.0027774294101812853 0.0042667114 0.0040379325 0.008304644 131.40629868695 -45.53273419013 1146.86621 -10.372 11.315000000000001 -5.333095333099365 6.661823215484619 0.10588346 0.10988346 "" "" 46.389723831332496 "" 5.025805182410301 ""
130.90403609379 -45.5827255939 0.0218 0.0233 12.7416 "" "" 5522041140404846336 1628.01392 0.5855 0.0255 -6.587 7.963 0.029 0.027 0.995 5368.2 4.1865 15.568401 1.268331 16.121185 14.852855 "" "" 1560.57544 1706.86096 11157.99218 3.6409 4863.4 8.6122 9078.5 14.235 "" "" 0.002778003585321875 0.003388451 0.0041451147 0.0075335656 130.90403609379 -45.5827255939 1628.01392 -6.586999999999994 7.963000000000001 -1.548095333099365 3.309823215484619 0.10588346 0.10388346 "" "" 28.196938384280916 "" 2.9393978830812943 ""
130.58279558417 -45.36274800704 0.021 0.0236 26.2873 "" "" 5522096631384648320 1411.60706 0.6773 0.0265 -5.011 4.706 0.027 0.029 1.061 5964.2 4.3674 15.569504 1.072289 16.016893 14.944604 "" "" 1359.83423 1473.75098 11146.67432 4.0524 5353.8 11.144 8342.9 10.095 "" "" 0.0027834501712169016 0.0035906164 0.004001209 0.0075918254 130.58279558417 -45.36274800704 1411.60706 -5.011000000000001 4.706000000000001 0.027904666900634645 0.052823215484619546 0.10388346 0.10588346 "" "" 0.399726699419439 "" 0.042151314763636476 ""
130.35325884823 -45.426620358 0.0226 0.0229 27.7505 "" "" 5522101854065264640 1650.53992 0.575 0.0269 -4.807 5.661 0.029 0.029 0.979 6616.6 4.1697 15.569505 1.264465 16.118612 14.854147 "" "" 1575.21326 1715.78992 11146.66211 3.4864 4875.0 7.7657 9067.7 9.8317 "" "" 0.0027761685320485986 0.0032827356 0.00395848 0.0072412156 130.35325884823 -45.426620358 1650.53992 -4.806999999999999 5.660999999999998 0.23190466690063438 1.0078232154846187 0.10588346 0.10588346 "" "" 8.090813904900727 "" 0.8566833443062059 ""
130.23434885363 -45.57596571878 0.0206 0.0216 26.0138 "" "" 5522075843742326912 1598.71387 0.5923 0.0245 -4.287 3.371 0.027 0.028 1.008 6654.5 4.2878 15.572506 1.131128 16.052273 14.921145 "" "" 1541.66211 1651.57703 11115.89176 3.1918 5182.1 10.892 8525.1 9.7126 "" "" 0.002772901293767123 0.003604556 0.003976661 0.0075812167 130.23434885363 -45.57596571878 1598.71387 -4.286999999999999 3.3710000000000013 0.7519046669006348 -1.2821767845153809 0.10388346 0.10488346 "" "" 11.263676253315603 "" 1.178501276933959 ""
131.36212782368 -46.0053406813 0.0223 0.0236 27.7529 "" "" 5329851730556947328 1573.16248 0.6022 0.0259 -9.187 5.539 0.029 0.03 0.981 5409.8 4.2835 15.573998 1.082416 16.02636 14.943944 "" "" 1514.68542 1631.91919 11100.6342 4.0422 5307.3 12.348 8348.0 11.981 "" "" 0.0027835409264201105 0.0037637926 0.0040880125 0.007851806 131.36212782368 -46.0053406813 1573.16248 -9.187000000000006 5.539000000000005 -4.148095333099365 0.8858232154846188 0.10588346 0.10688346 "" "" 31.628903165454656 "" 3.35036330613352 ""
130.90643594327 -45.40240463673 0.0209 0.0224 23.1011 "" "" 5522140057786538880 1653.78125 0.5767 0.0245 -6.721 6.022 0.027 0.028 1.039 6862.4 4.2029 15.579738 1.161132 16.062496 14.901364 "" "" 1576.78308 1726.12463 11042.09963 3.9093 5133.6 14.885 8681.9 15.325 "" "" 0.002782003732166381 0.0042066257 0.004237537 0.008444162 130.90643594327 -45.40240463673 1653.78125 -6.721000000000004 6.022 -1.6820953330993653 1.3688232154846194 0.10388346 0.10488346 "" "" 17.00002320076425 "" 1.7728134230696468 ""
130.6752333507 -45.88253250439 0.2636 0.3118 7.7516 "" "" 5522029629892939520 1543.47644 1.2048 0.3306 -2.883 0.904 0.364 0.362 13.102 9224.6 3.4764 15.581914 1.800818 16.37967 14.578851 "" "" 849.226074 2465.25244 11019.98505 27.665 3833.1 12.874 11685.0 18.494 "" "" 0.003875705191850947 0.004591591 0.004151705 0.008743296 130.6752333507 -45.88253250439 1543.47644 -2.883000000000001 0.9040000000000008 2.1559046669006348 -3.749176784515381 0.44088346 0.43888345 "" "" 31.640877040340758 "" 13.902409558547042 ""
130.50462341867 -46.28043467286 0.0226 0.0247 32.3251 "" "" 5521986302261874944 1340.13123 0.7088 0.0276 -1.713 -0.9 0.031 0.029 0.979 6630.1 4.2338 15.582872 1.548723 16.303173 14.75445 "" "" 1292.04224 1392.71228 11010.26352 3.6802 4112.9 8.1957 9939.8 11.321 "" "" 0.0027791172195024234 0.0035307074 0.0039765467 0.0075072544 130.50462341867 -46.28043467286 1340.13123 -1.7130000000000005 -0.8999999999999999 3.3259046669006347 -5.553176784515381 0.10788345 0.10588346 "" "" 41.11777876427682 "" 4.375553244257097 ""
130.92802029203 -45.7401855844 0.0203 0.0225 6.4508 "" "" 5522026262638625280 1552.33997 0.6185 0.0251 -4.556 0.988 0.028 0.028 1.076 6062.6 4.1743 15.585553 1.190035 16.0932 14.903166 "" "" 1484.28113 1614.96375 10983.109 3.4447 4990.4 7.5894 8667.5 15.075 "" "" 0.0027762830242364744 0.0032421395 0.004224888 0.0074670278 130.92802029203 -45.7401855844 1552.33997 -4.556 0.9879999999999995 0.4829046669006347 -3.665176784515381 0.10488346 0.10488346 "" "" 27.201778176328663 "" 2.8530166728748187 ""
130.79816869598 -46.0396929608 0.0216 0.0219 15.731 "" "" 5522013064194598528 1253.91199 0.7628 0.0258 -9.708 4.748 0.027 0.026 0.972 7202.7 4.2926 15.586035 1.450096 16.240543 14.790447 "" "" 1215.02307 1295.83667 10978.24287 3.5304 4357.1 13.785 9615.7 9.7568 "" "" 0.0027773543162757978 0.004425454 0.003936674 0.0083621275 130.79816869598 -46.0396929608 1253.91199 -9.708 4.748 -4.669095333099365 0.09482321548461936 0.10388346 0.10288346 "" "" 27.756690357237275 "" 2.883449648713516 ""
130.18646750107 -45.58036853944 0.0213 0.0218 27.6914 "" "" 5522075981180848128 1630.95154 0.5774 0.025 -2.31 1.246 0.028 0.028 1.02 6219.1 4.1726 15.586153 1.147571 16.074247 14.926677 "" "" 1562.25146 1697.09253 10977.05196 3.2564 5078.3 12.754 8481.8 9.5347 "" "" 0.0027740820002520854 0.00390134 0.003971572 0.007872912 130.18646750107 -45.58036853944 1630.95154 -2.3099999999999996 1.246 2.7289046669006347 -3.407176784515381 0.10488346 0.10488346 "" "" 33.746807893085034 "" 3.539482049708772 ""
130.65060800307 -45.99055488343 0.021 0.0258 13.9268 "" "" 5522016882429779072 1279.53357 0.7526 0.0279 -7.944 10.624 0.027 0.028 0.999 5747.0 4.3916 15.587061 1.216226 16.112902 14.896676 "" "" 1233.10327 1321.03308 10967.87132 3.8098 4900.7 10.327 8719.4 11.35 "" "" 0.0027810115023606968 0.00360827 0.004034989 0.007643259 130.65060800307 -45.99055488343 1279.53357 -7.944000000000001 10.623999999999999 -2.905095333099365 5.97082321548462 0.10388346 0.10488346 "" "" 40.271851461111325 "" 4.216172297147875 ""
