Clusters/LP_2219/LP_2219_stars_in_region.tsv
# %ECSV 1.0
# ---
# datatype:
# - name: RA_ICRS_1
#   unit: deg
#   datatype: float64
#   format: '{:15.11f}'
#   description: Right ascension (ICRS) at Ep=2016.0 (ra)
#   meta: !!omap
#   - {ucd: POS_EQ_RA_MAIN}
#   - {width: 15}
#   - {precision: '11'}
# - name: DE_ICRS_1
#   unit: deg
#   datatype: float64
#   format: '{:15.11f}'
#   description: Declination (ICRS) at Ep=2016.0 (dec)
#   meta: !!omap
#   - {ucd: POS_EQ_DEC_MAIN}
#   - {width: 15}
#   - {precision: '11'}
# - name: e_RA_ICRS
#   unit: mas
#   datatype: float64
#   format: '{:7.4f}'
#   description: Standard error of right ascension (ra_error)
#   meta: !!omap
#   - {ucd: ERROR}
#   - {width: 7}
#   - {precision: '4'}
# - name: e_DE_ICRS
#   unit: mas
#   datatype: float64
#   format: '{:7.4f}'
#   description: Standard error of declination (dec_error)
#   meta: !!omap
#   - {ucd: ERROR}
#   - {width: 7}
#   - {precision: '4'}
# - name: _r_1
#   unit: ''
#   datatype: float64
#   format: '{:7.4f}'
#   description: Distance from center (130.78360810000-45.77770584000)[ICRS], at Epoch=J2016.0
#   meta: !!omap
#   - {ucd: POS_ANG_DIST_GENERAL}
#   - {width: 7}
#   - {precision: '4'}
# - name: HIP
#   datatype: int32
#   description: '? HIP cross-id number, van Leeuwen, Cat. I/311 (hip_original_ext_source_id)'
#   meta: !!omap
#   - {ucd: ID_NUMBER}
#   - {width: 6}
#   - values: {'null': -2147483648}
# - name: TYC2
#   datatype: string
#   description: Tycho-2 cross-id name, Hog et al., Cat. I/259 (tyc2_original_ext_source_id)
#   meta: !!omap
#   - {ucd: ID_CROSSID}
#   - {_votable_string_dtype: char}
# - name: Source
#   datatype: int64
#   description: Source identifier, identical to the Gaia-EDR3 source_id (id)
#   meta: !!omap
#   - {ucd: ID_MAIN}
#   - {width: 19}
# - name: rgeo
#   unit: pc
#   datatype: float64
#   format: '{:15.8f}'
#   description: '? Median of the geometric distance posterior (r_med_geo)'
#   meta: !!omap
#   - {ucd: PHYS_DISTANCE_TRUE}
#   - {width: 15}
#   - {precision: '8'}
#   - values: {'null': .nan}
# - name: Plx
#   unit: mas
#   datatype: float64
#   format: '{:9.4f}'
#   description: '? Parallax (parallax)'
#   meta: !!omap
#   - {ucd: POS_PARLX_TRIG}
#   - {width: 9}
#   - {precision: '4'}
#   - values: {'null': .nan}
# - name: e_Plx
#   unit: mas
#   datatype: float32
#   format: '{:7.4f}'
#   description: '? Standard error of parallax (parallax_error)'
#   meta: !!omap
#   - {ucd: ERROR}
#   - {width: 7}
#   - {precision: '4'}
#   - values: {'null': .nan}
# - name: pmRA
#   unit: mas / yr
#   datatype: float64
#   format: '{:9.3f}'
#   description: '? Proper motion in right ascension direction, pmRA*cosDE (pmra)'
#   meta: !!omap
#   - {ucd: POS_EQ_PMRA}
#   - {width: 9}
#   - {precision: '3'}
#   - values: {'null': .nan}
# - name: pmDE
#   unit: mas / yr
#   datatype: float64
#   format: '{:9.3f}'
#   description: '? Proper motion in declination direction (pmdec)'
#   meta: !!omap
#   - {ucd: POS_EQ_PMDEC}
#   - {width: 9}
#   - {precision: '3'}
#   - values: {'null': .nan}
# - name: e_pmRA
#   unit: mas / yr
#   datatype: float32
#   format: '{:6.3f}'
#   description: '? Standard error of proper motion in right ascension direction (pmra_error)'
#   meta: !!omap
#   - {ucd: ERROR}
#   - {width: 6}
#   - {precision: '3'}
#   - values: {'null': .nan}
# - name: e_pmDE
[...]
#         value: !astropy.table.SerializedColumn {name: SkyCoord.dec}
#       distance: !astropy.table.SerializedColumn
#         __class__: astropy.coordinates.distances.Distance
#         unit: !astropy.units.Unit {unit: pc}
#         value: !astropy.table.SerializedColumn {name: SkyCoord.distance}
#       frame: icrs
#       obstime: !astropy.time.Time {format: jyear_str, in_subfmt: '*', jd1: 367701545.0, jd2: 0.0, out_subfmt: '*', precision: 3, scale: tt}
#       pm_dec: !astropy.table.SerializedColumn
#         __class__: astropy.units.quantity.Quantity
#         unit: !astropy.units.Unit {unit: mas / yr}
#         value: !astropy.table.SerializedColumn {name: SkyCoord.pm_dec}
#       pm_ra_cosdec: !astropy.table.SerializedColumn
#         __class__: astropy.units.quantity.Quantity
#         unit: !astropy.units.Unit {unit: mas / yr}
#         value: !astropy.table.SerializedColumn {name: SkyCoord.pm_ra_cosdec}
#       ra: !astropy.table.SerializedColumn
#         __class__: astropy.coordinates.angles.Longitude
#         unit: *id001
#         value: !astropy.table.SerializedColumn {name: SkyCoord.ra}
#         wrap_angle: !astropy.coordinates.Angle
#           unit: *id001
#           value: 360.0
#       representation_type: spherical
# schema: astropy-2.0
RA_ICRS_1 DE_ICRS_1 e_RA_ICRS e_DE_ICRS _r_1 HIP TYC2 Source rgeo Plx e_Plx pmRA pmDE e_pmRA e_pmDE RUWE Teff logg Gmag BP-RP BPmag RPmag RV e_RV b_rgeo B_rgeo FG e_FG FBP e_FBP FRP e_FRP RAVE5 RAVE6 e_Gmag e_BPmag e_RPmag e_BP-RP SkyCoord.ra SkyCoord.dec SkyCoord.distance SkyCoord.pm_ra_cosdec SkyCoord.pm_dec rmRA rmDE e_rmRA e_rmDE rRV e_rRV v_pec v_pec3d e_vpec e_vpec3d
[from data line 3138]
130.33857245012 -45.57107027481 0.0432 0.047 22.4014 "" "" 5522087766572570240 1367.78979 0.7149 0.053 0.432 -4.156 0.06 0.058 0.991 4901.8 4.7086 16.910631 1.375561 17.502897 16.127337 "" "" 1278.23267 1468.83813 3241.11239 2.1579 1362.3 10.404 2806.9 13.549 "" "" 0.002848566942415761 0.008748712 0.0064614704 0.015210182 130.33857245012 -45.57107027481 1367.78979 0.43199999999999994 -4.155999999999999 5.470904666900635 -8.80917678451538 0.13688345 0.13488346 "" "" 67.23065703161578 "" 9.105929326283821 ""
131.67782137513 -45.63127532807 0.0386 0.0433 38.485 "" "" 5329968794178446336 1536.13794 0.6167 0.0492 -6.464 7.079 0.054 0.057 0.987 5308.6 4.5832 16.910667 1.593967 17.661257 16.06729 "" "" 1424.00183 1682.61511 3241.00514 1.8327 1177.4 6.3719 2966.5 8.1434 "" "" 0.0028228937563478016 0.0065046465 0.004813208 0.011317855 131.67782137513 -45.63127532807 1536.13794 -6.464000000000001 7.078999999999997 -1.4250953330993656 2.425823215484619 0.13088346 0.13388346 "" "" 20.485574359819196 "" 2.7270436106830505 ""
130.22229680333 -45.75122336505 0.0425 0.0453 23.5482 "" "" 5522061928048076800 1555.09985 0.621 0.0523 -6.832 5.464 0.054 0.057 1.155 5102.6 4.6491 16.911007 1.383255 17.514006 16.13075 "" "" 1445.16284 1689.64392 3239.9918 1.9755 1348.4 15.077 2798.1 16.255 "" "" 0.0028337311509498086 0.012456559 0.0073529985 0.019809557 130.22229680333 -45.75122336505 1555.09985 -6.832000000000001 5.464 -1.793095333099365 0.8108232154846196 0.13088346 0.13388346 "" "" 14.505722083601968 "" 1.9060167327194433 ""
130.11537064277 -45.52835989492 0.044 0.0453 31.769 "" "" 5522080001270686720 1308.04053 0.7442 0.0519 -8.172 20.605 0.058 0.06 1.051 4942.0 4.7137 16.911472 1.33704 17.511503 16.174463 "" "" 1214.22156 1413.19031 3238.60467 1.9633 1351.5 10.362 2687.7 8.0379 "" "" 0.0028328443321096923 0.008779541 0.004982662 0.013762202 130.11537064277 -45.52835989492 1308.04053 -8.172 20.604999999999997 -3.133095333099366 15.95182321548462 0.13488346 0.13688345 "" "" 100.79272477215612 "" 13.789421217809888 ""
130.00625976928 -46.00672140859 0.0439 0.0471 35.2508 "" "" 5522048596469512448 1385.66357 0.7051 0.0518 3.316 6.616 0.059 0.06 1.005 5265.3 4.6635 16.911562 1.507481 17.60028 16.0928 "" "" 1305.46191 1481.52856 3238.33546 1.998 1245.4 6.7215 2897.6 9.647 "" "" 0.002835582927230614 0.006490156 0.005229736 0.011719892 130.00625976928 -46.00672140859 1385.66357 3.3160000000000003 6.615999999999999 8.354904666900634 1.9628232154846188 0.13588345 0.13688345 "" "" 56.369407431087375 "" 7.662628301005156 ""
131.19703339097 -45.83284132838 0.0396 0.043 17.6055 "" "" 5329869077911043328 1195.27173 0.8136 0.0484 0.666 1.098 0.048 0.055 1.0 5188.2 4.6847 16.911661 1.454815 17.576822 16.122007 "" "" 1143.44653 1273.68066 3238.04023 2.0326 1272.6 6.3133 2820.7 11.569 "" "" 0.0028383607533803284 0.006066057 0.005840711 0.011906767 131.19703339097 -45.83284132838 1195.27173 0.6659999999999998 1.0979999999999999 5.704904666900635 -3.555176784515381 0.12488346 0.13188346 "" "" 38.084055240857715 "" 4.832120898526464 ""
131.39525544981 -45.98944473923 0.0478 0.0453 28.5312 "" "" 5329945601355335680 1221.76721 0.8022 0.055 -6.905 3.175 0.061 0.06 0.953 4741.8 4.4799 16.914845 1.519396 17.625622 16.106226 "" "" 1135.64856 1312.84973 3228.55795 2.1403 1216.7 8.775 2862.0 8.576 "" "" 0.0028477798686672258 0.008312721 0.0049868263 0.013299547 131.39525544981 -45.98944473923 1221.76721 -6.904999999999998 3.174999999999999 -1.8660953330993655 -1.478176784515381 0.13788345 0.13688345 "" "" 13.786550414293835 "" 1.8956337271222339 ""
130.81286570681 -46.28710798345 0.0437 0.0438 30.5884 "" "" 5329832695260261888 1384.60681 0.7147 0.0514 -6.549 -2.3 0.058 0.053 1.007 4478.5 4.3923 16.915936 1.518843 17.622002 16.103159 "" "" 1297.08203 1466.21265 3225.31585 2.0538 1220.7 8.8507 2870.1 8.5185 "" "" 0.002840736036784133 0.008351987 0.0049667004 0.013318688 130.81286570681 -46.28710798345 1384.60681 -6.5489999999999995 -2.3000000000000025 -1.5100953330993656 -6.953176784515381 0.13488346 0.12988345 "" "" 46.69776967744794 "" 6.075977590770262 ""
129.89729598558 -45.84199075977 0.0437 0.0493 37.2677 "" "" 5522065123503383552 1152.89087 0.8557 0.0527 -4.364 4.711 0.06 0.065 1.052 4749.9 4.6873 16.91667 1.476683 17.59606 16.119377 "" "" 1079.8136 1230.427 3223.13625 2.0696 1250.2 6.6764 2827.5 8.3607 "" "" 0.0028421506921131206 0.006434535 0.004958895 0.01139343 129.89729598558 -45.84199075977 1152.89087 -4.364 4.7109999999999985 0.6749046669006349 0.05782321548461944 0.13688345 0.14188346 "" "" 3.7016648789115023 "" 0.506833982109511 ""
130.16478883407 -46.13361648242 0.0399 0.0426 33.5008 "" "" 5522000630272410752 1406.76099 0.6905 0.0479 -5.66 1.322 0.05 0.057 0.976 4818.9 4.5569 16.917788 1.430204 17.573675 16.14347 "" "" 1318.62964 1503.60999 3219.82349 2.0448 1276.3 6.0532 2765.5 5.6659 "" "" 0.0028402850067230567 0.005856736 0.0043854117 0.010242147 130.16478883407 -46.13361648242 1406.76099 -5.66 1.322000000000001 -0.6210953330993654 -3.331176784515381 0.12688346 0.13388346 "" "" 22.59523440048616 "" 3.0199489938982325 ""
130.07228523453 -45.31116588819 0.0464 0.0492 40.9513 "" "" 5522293993720586880 1517.83972 0.6438 0.0555 -2.979 2.184 0.058 0.06 1.044 4970.8 4.6378 16.920036 1.552639 17.658918 16.10628 "" "" 1405.11292 1633.25891 3213.15792 2.2075 1179.9 9.296 2861.8 8.4083 "" "" 0.0028545030811354256 0.008997665 0.0049457 0.013943365 130.07228523453 -45.31116588819 1517.83972 -2.979 2.184 2.0599046669006347 -2.4691767845153807 0.13488346 0.13688345 "" "" 23.134780882386334 "" 3.147863583585713 ""
131.73309578751 -45.53444541039 0.038 0.0425 42.4098 "" "" 5329992914715651840 1581.35291 0.618 0.0474 -2.473 -4.531 0.053 0.054 1.024 5405.2 4.6471 16.920122 1.515909 17.619015 16.103106 "" "" 1459.05554 1711.36194 3212.90355 1.9301 1224.1 9.6991 2870.2 8.5827 "" "" 0.0028314668394379067 0.009043941 0.004982418 0.014026359 131.73309578751 -45.53444541039 1581.35291 -2.473 -4.531 2.565904666900635 -9.18417678451538 0.12988345 0.13088346 "" "" 71.47724942313967 "" 9.350032512535002 ""
131.23292637914 -45.86556458997 0.042 0.0495 19.5132 "" "" 5329868188871951744 1512.80896 0.6359 0.0506 -7.933 12.06 0.053 0.062 1.027 4896.6 4.6261 16.920471 1.525768 17.616795 16.091026 "" "" 1409.0127 1644.88672 3211.87106 2.0012 1226.6 8.3172 2902.3 8.5535 "" "" 0.0028371496742283855 0.00787304 0.004952029 0.012825068 131.23292637914 -45.86556458997 1512.80896 -7.933000000000001 12.060000000000002 -2.894095333099365 7.40682321548462 0.12988345 0.13888346 "" "" 57.02265493094259 "" 7.853456008210158 ""
131.19169026906 -45.1933853523 0.0397 0.0451 39.0361 "" "" 5522148377143801856 1262.85999 0.7716 0.0471 -5.307 3.544 0.05 0.056 0.969 5432.4 4.6871 16.924868 1.448935 17.510311 16.061377 "" "" 1210.81812 1338.93335 3198.89098 2.4833 1353.0 11.25 2982.7 21.372 "" "" 0.0028813534597994126 0.0094490815 0.008649083 0.018098164 131.19169026906 -45.1933853523 1262.85999 -5.307 3.544 -0.2680953330993656 -1.1091767845153808 0.12688346 0.13288346 "" "" 6.830677182722743 "" 0.905470175994461 ""
131.30047730357 -46.1556426793 0.047 0.0483 31.2867 "" "" 5329848397662371072 1675.50537 0.5918 0.0551 -6.705 3.882 0.067 0.063 1.029 5059.8 4.7106 16.92495 1.293322 17.491434 16.198112 "" "" 1536.59802 1825.00623 3198.65118 2.795 1376.7 9.9594 2629.7 12.027 "" "" 0.002914080298729163 0.008335353 0.006240299 0.014575652 131.30047730357 -46.1556426793 1675.50537 -6.705 3.881999999999999 -1.6660953330993653 -0.7711767845153807 0.14388347 0.13988346 "" "" 14.580652356230646 "" 2.087742600981171 ""
130.13307305024 -45.72269539623 0.0391 0.0446 27.4353 "" "" 5522061721881110784 1500.38159 0.6626 0.0496 -9.544 3.043 0.053 0.057 1.038 4685.5 4.5629 16.92517 1.357161 17.316034 15.958873 "" "" 1408.10474 1625.45837 3198.00122 2.4599 1618.1 37.937 3278.0 76.814 "" "" 0.0028791075975938907 0.025607975 0.025721442 0.05132942 130.13307305024 -45.72269539623 1500.38159 -9.544 3.043000000000003 -4.505095333099366 -1.6101767845153807 0.12988345 0.13388346 "" "" 34.0243031664709 "" 4.434820004962502 ""
131.60098122329 -45.32358968134 0.083 0.0553 43.8386 "" "" 5522152431589446656 1568.01196 0.6171 0.0653 -3.962 2.878 0.113 0.071 1.027 "" "" 16.92595 "" "" "" "" "" 1434.42737 1697.8031 3195.71053 3.1211 "" "" "" "" "" "" 0.002952322931003251 "" "" "" 131.60098122329 -45.32358968134 1568.01196 -3.9619999999999997 2.878 1.0769046669006346 -1.7751767845153807 0.18988346 0.14788346 "" "" 15.43176244285977 "" 2.4732181797969277 ""
131.34468566403 -45.82898690216 0.0424 0.0452 23.6692 "" "" 5329959379610270080 1571.04309 0.6282 0.0513 -2.997 0.952 0.052 0.06 0.973 4661.2 4.3842 16.926601 1.334742 17.521856 16.187115 "" "" 1460.22534 1684.78003 3193.78799 1.8214 1338.7 6.9024 2656.5 7.8411 "" "" 0.002824037006914993 0.0062549063 0.0049552014 0.011210108 131.34468566403 -45.82898690216 1571.04309 -2.997 0.9520000000000015 2.041904666900635 -3.701176784515381 0.12888345 0.13688345 "" "" 31.477877028939744 "" 4.251374013987743 ""
131.41541547806 -46.2986970157 0.0406 0.0429 40.861 "" "" 5329796789332430848 1329.20654 0.7444 0.0484 -7.339 11.332 0.053 0.06 1.004 4931.2 4.7165 16.926704 1.325953 17.514574 16.188622 "" "" 1229.55115 1427.52954 3193.4854 2.0222 1347.7 8.4903 2652.8 11.314 "" "" 0.0028398008946497787 0.007387166 0.0059771277 0.013364294 131.41541547806 -46.2986970157 1329.20654 -7.339000000000001 11.332000000000004 -2.3000953330993656 6.67882321548462 0.12988345 0.13688345 "" "" 44.50497306008631 "" 6.059722387933242 ""
131.62918958807 -45.92443157608 0.044 0.0509 36.418 "" "" 5329944020807314688 1519.66479 0.6292 0.0524 -5.189 3.676 0.055 0.06 0.981 5214.3 4.7174 16.927635 1.356268 17.526466 16.170198 "" "" 1406.22742 1631.21399 3190.74893 6.5611 1333.0 19.477 2698.2 20.953 "" "" 0.0035462984115056484 0.016107626 0.00923965 0.025347278 131.62918958807 -45.92443157608 1519.66479 -5.188999999999999 3.6759999999999975 -0.1500953330993653 -0.9771767845153807 0.13188346 0.13688345 "" "" 7.121360869076628 "" 0.9739904018773211 ""
130.40224058352 -45.66755812062 0.0445 0.0453 17.2878 "" "" 5522083192421265024 1551.66003 0.6361 0.0555 -6.841 4.385 0.058 0.059 0.988 4812.4 4.4549 16.927958 1.601393 17.684052 16.082659 "" "" 1438.84473 1676.89246 3189.80431 2.1397 1152.9 9.8207 2924.8 10.414 "" "" 0.002849950391933698 0.009660294 0.0054063452 0.0150666395 130.40224058352 -45.66755812062 1551.66003 -6.841000000000001 4.385 -1.8020953330993654 -0.2681767845153811 0.13488346 0.13588345 "" "" 13.40013123790843 "" 1.8077474842364631 ""
131.6705686465 -45.43402716274 0.0439 0.0449 42.5593 "" "" 5329997274092635264 1622.91309 0.6225 0.0534 -5.554 3.985 0.056 0.061 1.055 5101.0 4.6502 16.928875 1.446155 17.595465 16.14931 "" "" 1494.7561 1814.55835 3187.1093 2.203 1250.9 6.6233 2750.6 7.26 "" "" 0.0028556989983348938 0.0063901166 0.004743002 0.0111331185 131.6705686465 -45.43402716274 1622.91309 -5.554000000000002 3.9849999999999977 -0.5150953330993655 -0.668176784515381 0.13288346 0.13788345 "" "" 6.490042456186526 "" 0.882912837108775 ""
130.27143310715 -45.44640502891 0.0437 0.0466 29.2784 "" "" 5522100995071599360 1275.06287 0.7713 0.0533 -6.788 3.545 0.056 0.062 0.989 4801.1 4.7135 16.929094 1.340096 17.459192 16.119097 "" "" 1186.96887 1365.97412 3186.46259 2.4604 1418.2 27.276 2828.3 32.026 "" "" 0.00288003587047938 0.021067362 0.012862035 0.033929396 130.27143310715 -45.44640502891 1275.06287 -6.788000000000004 3.5450000000000035 -1.7490953330993655 -1.108176784515381 0.13288346 0.13888346 "" "" 12.514296771918755 "" 1.6847921943660735 ""
130.93444321036 -45.99614392263 0.0415 0.0418 14.5416 "" "" 5522014133650900224 1558.1449 0.6349 0.0485 -5.067 4.663 0.057 0.052 0.993 5061.2 4.6041 16.92962 1.551907 17.638092 16.086185 "" "" 1449.24683 1713.28857 3184.91943 4.2429 1202.8 8.8922 2915.3 13.261 "" "" 0.003111890836782555 0.008497875 0.0062189233 0.014716798 130.93444321036 -45.99614392263 1558.1449 -5.067 4.663000000000002 -0.028095333099365405 0.009823215484619396 0.13388346 0.12888345 "" "" 0.21981870127810138 "" 0.02931236346163833 ""
130.18799994491 -46.32354387204 0.0437 0.044 41.0816 "" "" 5521993891456911232 1274.70374 0.7564 0.0515 -2.157 4.131 0.057 0.056 1.045 4800.7 4.3893 16.929688 1.656296 17.697008 16.040712 "" "" 1196.13306 1362.08704 3184.7228 2.1578 1139.2 5.394 3040.0 8.3462 "" "" 0.002851833068372413 0.005849225 0.0048134364 0.010662662 130.18799994491 -46.32354387204 1274.70374 -2.157 4.131 2.8819046669006347 -0.5221767845153806 0.13388346 0.13288346 "" "" 17.696269099321917 "" 2.368677285541503 ""
131.19870839012 -45.95305741685 0.173 0.1906 20.2849 "" "" 5329867364237634816 1660.28442 0.7887 0.2077 -2.596 3.018 0.215 0.222 4.93 "" "" 16.93054 1.340299 17.326792 15.986493 "" "" 1205.37622 2504.42188 3182.22648 5.749 1602.1 14.35 3195.7 11.105 "" "" 0.003382191919107601 0.01011728 0.0053402814 0.015457561 131.19870839012 -45.95305741685 1660.28442 -2.596000000000001 3.0180000000000007 2.4429046669006347 -1.635176784515381 0.29188347 0.29888347 "" "" 23.134364323024208 "" 6.803056565298828 ""
131.16391936589 -45.13016960812 0.0384 0.0462 42.0202 "" "" 5522149511015112320 1402.73816 0.6897 0.0479 -4.327 1.102 0.052 0.057 1.041 5122.6 4.6698 16.932333 1.483389 17.535233 16.051844 "" "" 1326.32593 1503.62109 3176.97339 2.2282 1322.3 9.1221 3009.0 26.398 "" "" 0.0028586112534399167 0.007992936 0.010247573 0.01824051 131.16391936589 -45.13016960812 1402.73816 -4.327 1.1020000000000012 0.7119046669006348 -3.5511767845153805 0.12888345 0.13388346 "" "" 24.081482425321877 "" 3.219543835622759 ""
130.41481232519 -45.4547650772 0.0454 0.046 24.7991 "" "" 5522089862516422528 1462.00159 0.6706 0.0527 3.177 0.386 0.058 0.056 0.988 4893.6 4.7072 16.93321 1.35026 17.541927 16.191668 "" "" 1345.13367 1567.88818 3174.40849 1.9257 1314.2 8.7345 2645.4 9.261 "" "" 0.0028329489962934996 0.0077367146 0.0053601176 0.013096832 130.41481232519 -45.4547650772 1462.00159 3.1770000000000005 0.386 8.215904666900634 -4.267176784515381 0.13488346 0.13288346 "" "" 64.15664551311852 "" 8.626570398366988 ""
130.61216029775 -45.19527145242 0.0459 0.0474 35.6824 "" "" 5522111096834450176 1416.16748 0.6866 0.0537 -15.042 15.618 0.061 0.055 1.115 5155.3 4.6973 16.933254 1.304249 17.50632 16.202072 "" "" 1314.87915 1523.30505 3174.27881 1.9986 1358.0 8.5469 2620.2 7.9627 "" "" 0.002838856283203119 0.0073810304 0.005017024 0.012398055 130.61216029775 -45.19527145242 1416.16748 -15.042000000000009 15.61800000000001 -10.003095333099365 10.96482321548462 0.13788345 0.13188346 "" "" 99.6298841489627 "" 13.414364862103067 ""
130.43334248118 -45.95978719275 0.0418 0.0486 18.2617 "" "" 5522006157884555008 1258.64282 0.7906 0.0512 -0.833 1.058 0.054 0.061 0.988 4934.7 4.7134 16.933306 1.433342 17.588236 16.154894 "" "" 1193.09045 1369.646 3174.12884 2.0129 1259.3 9.4875 2736.5 9.6113 "" "" 0.002840045954074043 0.008642655 0.005368953 0.014011608 130.43334248118 -45.95978719275 1258.64282 -0.833 1.0580000000000003 4.205904666900635 -3.595176784515381 0.13088346 0.13788345 "" "" 33.01014872554271 "" 4.419511882008648 ""
131.15959969741 -45.8785698177 0.0417 0.0425 16.8444 "" "" 5329868498108901376 1428.21045 0.6821 0.0487 -0.654 2.03 0.054 0.053 1.044 5139.1 4.6781 16.933363 1.319836 17.526155 16.20632 "" "" 1342.63586 1534.65857 3173.96116 2.0211 1333.4 6.86 2609.9 7.6743 "" "" 0.0028407361473546233 0.0062439237 0.00494734 0.011191264 131.15959969741 -45.8785698177 1428.21045 -0.6539999999999999 2.03 4.384904666900635 -2.623176784515381 0.13088346 0.12988345 "" "" 34.59083569279097 "" 4.51827713056711 ""
