Clusters/LP_2219/LP_2219_members.tsv
# %ECSV 1.0
# ---
# datatype:
# - name: RA_ICRS_1
#   unit: deg
#   datatype: float64
#   format: '{:15.11f}'
#   description: Right ascension (ICRS) at Ep=2016.0 (ra)
#   meta: !!omap
#   - {ucd: POS_EQ_RA_MAIN}
#   - {width: 15}
#   - {precision: '11'}
# - name: DE_ICRS_1
#   unit: deg
#   datatype: float64
#   format: '{:15.11f}'
#   description: Declination (ICRS) at Ep=2016.0 (dec)
#   meta: !!omap
#   - {ucd: POS_EQ_DEC_MAIN}
#   - {width: 15}
#   - {precision: '11'}
# - name: e_RA_ICRS
#   unit: mas
#   datatype: float64
#   format: '{:7.4f}'
#   description: Standard error of right ascension (ra_error)
#   meta: !!omap
#   - {ucd: ERROR}
#   - {width: 7}
#   - {precision: '4'}
# - name: e_DE_ICRS
#   unit: mas
#   datatype: float64
#   format: '{:7.4f}'
#   description: Standard error of declination (dec_error)
#   meta: !!omap
#   - {ucd: ERROR}
#   - {width: 7}
#   - {precision: '4'}
# - name: _r_1
#   unit: ''
#   datatype: float64
#   format: '{:7.4f}'
#   description: Distance from center (130.78360810000-45.77770584000)[ICRS], at Epoch=J2016.0
#   meta: !!omap
#   - {ucd: POS_ANG_DIST_GENERAL}
#   - {width: 7}
#   - {precision: '4'}
# - name: HIP
#   datatype: int32
#   description: '? HIP cross-id number, van Leeuwen, Cat. I/311 (hip_original_ext_source_id)'
#   meta: !!omap
#   - {ucd: ID_NUMBER}
#   - {width: 6}
#   - values: {'null': -2147483648}
# - name: TYC2
#   datatype: string
#   description: Tycho-2 cross-id name, Hog et al., Cat. I/259 (tyc2_original_ext_source_id)
#   meta: !!omap
#   - {ucd: ID_CROSSID}
#   - {_votable_string_dtype: char}
# - name: Source
#   datatype: int64
#   description: Source identifier, identical to the Gaia-EDR3 source_id (id)
#   meta: !!omap
#   - {ucd: ID_MAIN}
#   - {width: 19}
# - name: rgeo
#   unit: pc
#   datatype: float64
#   format: '{:15.8f}'
#   description: '? Median of the geometric distance posterior (r_med_geo)'
#   meta: !!omap
#   - {ucd: PHYS_DISTANCE_TRUE}
#   - {width: 15}
#   - {precision: '8'}
#   - values: {'null': .nan}
# - name: Plx
#   unit: mas
#   datatype: float64
#   format: '{:9.4f}'
#   description: '? Parallax (parallax)'
#   meta: !!omap
#   - {ucd: POS_PARLX_TRIG}
#   - {width: 9}
#   - {precision: '4'}
#   - values: {'null': .nan}
# - name: e_Plx
#   unit: mas
#   datatype: float32
#   format: '{:7.4f}'
#   description: '? Standard error of parallax (parallax_error)'
#   meta: !!omap
#   - {ucd: ERROR}
#   - {width: 7}
#   - {precision: '4'}
#   - values: {'null': .nan}
# - name: pmRA
#   unit: mas / yr
#   datatype: float64
#   format: '{:9.3f}'
#   description: '? Proper motion in right ascension direction, pmRA*cosDE (pmra)'
#   meta: !!omap
#   - {ucd: POS_EQ_PMRA}
#   - {width: 9}
#   - {precision: '3'}
#   - values: {'null': .nan}
# - name: pmDE
#   unit: mas / yr
#   datatype: float64
#   format: '{:9.3f}'
#   description: '? Proper motion in declination direction (pmdec)'
#   meta: !!omap
#   - {ucd: POS_EQ_PMDEC}
#   - {width: 9}
#   - {precision: '3'}
#   - values: {'null': .nan}
# - name: e_pmRA
#   unit: mas / yr
#   datatype: float32
#   format: '{:6.3f}'
#   description: '? Standard error of proper motion in right ascension direction (pmra_error)'
#   meta: !!omap
#   - {ucd: ERROR}
#   - {width: 6}
#   - {precision: '3'}
#   - values: {'null': .nan}
# - name: e_pmDE
[...]
#       distance: !astropy.table.SerializedColumn
#         __class__: astropy.coordinates.distances.Distance
#         unit: !astropy.units.Unit {unit: pc}
#         value: !astropy.table.SerializedColumn {name: SkyCoord.distance}
#       frame: icrs
#       obstime: !astropy.time.Time {format: jyear_str, in_subfmt: '*', jd1: 367701545.0, jd2: 0.0, out_subfmt: '*', precision: 3, scale: tt}
#       pm_dec: !astropy.table.SerializedColumn
#         __class__: astropy.units.quantity.Quantity
#         unit: !astropy.units.Unit {unit: mas / yr}
#         value: !astropy.table.SerializedColumn {name: SkyCoord.pm_dec}
#       pm_ra_cosdec: !astropy.table.SerializedColumn
#         __class__: astropy.units.quantity.Quantity
#         unit: !astropy.units.Unit {unit: mas / yr}
#         value: !astropy.table.SerializedColumn {name: SkyCoord.pm_ra_cosdec}
#       ra: !astropy.table.SerializedColumn
#         __class__: astropy.coordinates.angles.Longitude
#         unit: *id001
#         value: !astropy.table.SerializedColumn {name: SkyCoord.ra}
#         wrap_angle: !astropy.coordinates.Angle
#           unit: *id001
#           value: 360.0
#       representation_type: spherical
# schema: astropy-2.0
RA_ICRS_1 DE_ICRS_1 e_RA_ICRS e_DE_ICRS _r_1 HIP TYC2 Source rgeo Plx e_Plx pmRA pmDE e_pmRA e_pmDE RUWE Teff logg Gmag BP-RP BPmag RPmag RV e_RV b_rgeo B_rgeo FG e_FG FBP e_FBP FRP e_FRP RAVE5 RAVE6 e_Gmag e_BPmag e_RPmag e_BP-RP SkyCoord.ra SkyCoord.dec SkyCoord.distance SkyCoord.pm_ra_cosdec SkyCoord.pm_dec rmRA rmDE e_rmRA e_rmDE rRV e_rRV v_pec v_pec3d e_vpec e_vpec3d Pmemb
[from data line 124]
130.12156222115 -45.43257888175 0.0288 0.0274 34.6565 "" "" 5522104740283027840 1416.01086 0.6758 0.033 -5.078 4.76 0.038 0.04 0.98 5750.4 4.4717 15.988809 1.223493 16.51013 15.286637 "" "" 1353.23706 1494.61572 7575.70933 11.021 3399.1 19.242 6088.4 30.207 "" "" 0.003175946633757157 0.0067499257 0.006580354 0.01333028 130.12156222115 -45.43257888175 1416.01086 -5.078 4.76 -0.039095333099365526 0.10682321548461893 0.11488345 0.11688346 "" "" 0.7634948240187337 "" 0.08906090777272518 "" 1.0
130.88048099395 -46.30088770493 0.026 0.0274 31.6491 "" "" 5329853001866877440 1431.19104 0.6698 0.031 -4.969 4.634 0.035 0.033 0.973 5802.3 4.489 15.993002 1.191277 16.497726 15.30645 "" "" 1384.94678 1487.20947 7546.51016 14.224 3438.2 24.48 5978.3 35.765 "" "" 0.003432160071957024 0.008218568 0.0075149015 0.01573347 130.88048099395 -46.30088770493 1431.19104 -4.968999999999997 4.634000000000001 0.06990466690063446 -0.01917678451538052 0.11188346 0.10988346 "" "" 0.4917427797719665 "" 0.05494962428637598 "" 0.9
130.60425135129 -45.71065005281 0.0249 0.0313 8.5198 "" "" 5522035952084465024 1494.05237 0.6371 0.0343 -4.999 4.601 0.036 0.037 1.011 5243.4 4.2848 15.994744 1.382351 16.604755 15.222404 "" "" 1417.59741 1576.92664 7534.40854 5.1336 3115.4 15.142 6459.5 19.865 "" "" 0.0028529020667670746 0.0059693074 0.0050430666 0.0110123735 130.60425135129 -45.71065005281 1494.05237 -4.998999999999998 4.6009999999999955 0.0399046669006351 -0.05217678451538088 0.112883456 0.11388346 "" "" 0.4651836707661145 "" 0.05280552518118578 "" 0.9
131.16585974604 -46.02656707549 0.0263 0.0272 21.8559 "" "" 5329862691313234560 1396.47156 0.6889 0.031 -5.03 4.512 0.037 0.037 1.006 5501.7 4.5035 15.996325 1.129602 16.479603 15.35 "" "" 1338.55432 1459.6842 7523.44829 5.9134 3496.0 12.334 5743.3 16.474 "" "" 0.0028844504045691514 0.0047389735 0.0048972094 0.009636182 131.16585974604 -46.02656707549 1396.47156 -5.030000000000001 4.512000000000004 0.008904666900634517 -0.1411767845153813 0.11388346 0.11388346 "" "" 0.9363450275414114 "" 0.10663420969046951 "" 0.8
130.40213776491 -45.69075158202 0.0272 0.0303 16.806 "" "" 5522082956209129984 1448.45325 0.6695 0.0347 -5.036 4.672 0.037 0.04 0.987 5200.8 4.4153 16.236729 1.307918 16.814636 15.506719 "" "" 1381.11694 1531.08398 6029.13589 7.4437 2567.8 14.133 4971.3 18.53 "" "" 0.003064091592816097 0.006595109 0.005537299 0.012132408 130.40213776491 -45.69075158202 1448.45325 -5.035999999999998 4.672000000000001 0.0029046669006351777 0.01882321548461885 0.11388346 0.11688346 "" "" 0.13076359523796519 "" 0.015275091307949505 "" 0.9
130.76381458312 -46.0481318941 0.0314 0.0314 16.2466 "" "" 5522013205937866496 1369.40527 0.7022 0.0365 -5.057 4.569 0.041 0.038 0.965 5937.6 4.3945 16.268337 1.505432 16.955843 15.450411 "" "" 1314.70251 1437.51416 5856.14043 3.613 2254.7 14.265 5235.9 14.273 "" "" 0.0028355766666077783 0.007414257 0.0048003723 0.012214629 130.76381458312 -46.0481318941 1369.40527 -5.0569999999999995 4.569000000000002 -0.018095333099365618 -0.08417678451538091 0.11788346 0.11488345 "" "" 0.5588720349208414 "" 0.06428012868932224 "" 1.0
130.91012297783 -45.81060272019 0.0304 0.0344 5.6487 "" "" 5522024922608647168 1447.47888 0.6652 0.0379 -5.15 4.557 0.039 0.042 1.01 5031.9 4.2325 16.382372 1.763617 17.23182 15.468203 "" "" 1371.94421 1512.87219 5272.27811 5.8479 1748.6 10.034 5150.8 18.578 "" "" 0.003007003396415039 0.0068265293 0.0054423525 0.012268882 130.91012297783 -45.81060272019 1447.47888 -5.15 4.557 -0.11109533309936559 -0.09617678451538048 0.115883455 0.11888346 "" "" 1.008180958486138 "" 0.11813667616231274 "" 0.8
130.41511291935 -45.89421185758 0.0306 0.0329 16.9161 "" "" 5522009598164223872 1427.88831 0.6775 0.0374 -5.025 4.733 0.042 0.041 0.955 5441.5 4.5013 16.403732 1.34439 16.99962 15.655231 "" "" 1362.44409 1515.30652 5169.5612 5.7647 2165.6 17.69 4335.8 15.414 "" "" 0.003009594101231486 0.009297523 0.0054020523 0.014699575 130.41511291935 -45.89421185758 1427.88831 -5.025000000000001 4.733000000000002 0.01390466690063441 0.07982321548461879 0.11888346 0.11788346 "" "" 0.5483940987582581 "" 0.06466280964840489 "" 0.9
131.15399626772 -45.81783684691 0.0338 0.0353 15.6799 "" "" 5329869249709739008 1490.00122 0.6498 0.0397 -5.122 4.622 0.042 0.044 1.074 6031.8 4.3879 16.4352 1.571272 17.162718 15.591446 "" "" 1406.87463 1574.21326 5021.88177 2.5817 1863.5 10.54 4598.1 9.3883 "" "" 0.002811287782066926 0.006745095 0.0043815607 0.011126656 131.15399626772 -45.81783684691 1490.00122 -5.122000000000001 4.622 -0.08309533309936512 -0.031176784515380973 0.11888346 0.12088346 "" "" 0.6268167585901071 "" 0.07467398058982697 "" 1.0
130.21975752874 -46.18461933512 0.0329 0.0354 33.8931 "" "" 5521997263018139264 1588.08093 0.6057 0.0387 -5.121 4.711 0.042 0.044 1.036 5681.5 4.4948 16.440027 1.404844 17.076172 15.671328 "" "" 1493.82837 1705.04871 4999.61034 5.4843 2018.1 10.93 4272.0 14.049 "" "" 0.0030017086385866897 0.0065087136 0.005199303 0.0117080165 130.21975752874 -46.18461933512 1588.08093 -5.121000000000001 4.711 -0.08209533309936567 0.05782321548461944 0.11888346 0.12088346 "" "" 0.7558741151695612 "" 0.09036502016863428 "" 0.8
130.00385920947 -45.68670911114 0.0312 0.035 33.1096 "" "" 5522074052736950400 1472.93005 0.6573 0.0389 -4.97 4.709 0.043 0.043 1.004 5643.1 4.5402 16.47015 1.44295 17.130163 15.687213 "" "" 1385.96582 1541.62268 4862.80319 4.1298 1920.2 8.1545 4209.9 12.218 "" "" 0.0029055142557236823 0.0053892876 0.004920643 0.010309931 130.00385920947 -45.68670911114 1472.93005 -4.97 4.709 0.06890466690063501 0.05582321548461877 0.11988346 0.11988346 "" "" 0.6191338516884556 "" 0.07422391006886342 "" 1.0
130.51967243051 -45.86685624267 0.0353 0.0422 12.264 "" "" 5522033272024877696 1511.71692 0.6475 0.0466 -5.001 4.569 0.049 0.053 1.071 5554.4 4.6352 16.601355 1.392068 17.223701 15.831634 "" "" 1410.73975 1610.4386 4309.28066 9.5439 1761.7 12.12 3685.6 25.946 "" "" 0.0036570422730744997 0.007973667 0.008526739 0.016500406 130.51967243051 -45.86685624267 1511.71692 -5.0009999999999994 4.568999999999999 0.03790466690063443 -0.08417678451538091 0.12588346 0.12988345 "" "" 0.6615035645086719 "" 0.08547803055253204 "" 0.8
130.08988427783 -45.33796704909 0.041 0.0396 39.3128 "" "" 5522293164775926144 1615.11584 0.6029 0.0478 -5.312 4.644 0.051 0.051 1.075 5255.6 4.65 16.629246 1.283872 17.190552 15.90668 "" "" 1494.52039 1733.88318 4199.99264 4.3892 1816.3 12.425 3439.4 17.714 "" "" 0.0029798012653341 0.007934127 0.0067492896 0.014683416 130.08988427783 -45.33796704909 1615.11584 -5.312 4.644 -0.2730953330993655 -0.009176784515380731 0.12788346 0.12788346 "" "" 2.0919020747776114 "" 0.2675196838763056 "" 0.9
130.97218816436 -45.38512527433 0.0341 0.0388 24.8504 "" "" 5522139684129911936 1479.93823 0.6501 0.0416 -5.068 4.662 0.041 0.044 1.025 4794.3 4.3337 16.647034 1.499507 17.331835 15.832328 "" "" 1394.07642 1575.84119 4131.74 5.8957 1594.7 10.825 3683.2 17.112 "" "" 0.003161016011419349 0.007880569 0.006303059 0.014183628 130.97218816436 -45.38512527433 1479.93823 -5.068 4.661999999999999 -0.02909533309936485 0.008823215484619062 0.11788346 0.12088346 "" "" 0.21327943036280103 "" 0.02519662871877619 "" 0.8
131.29298837458 -45.94062623109 0.0391 0.0426 23.422 "" "" 5329864615451768320 1553.21216 0.6277 0.047 -4.998 4.591 0.051 0.057 1.001 6950.6 4.3254 16.695915 1.490764 17.347763 15.856999 "" "" 1439.04529 1654.30872 3949.85097 6.5254 1571.5 14.308 3600.5 22.047 "" "" 0.00328772911597568 0.010271502 0.0076474636 0.017918965 131.29298837458 -45.94062623109 1553.21216 -4.997999999999999 4.591000000000001 0.040904666900634545 -0.06217678451538067 0.12788346 0.13388346 "" "" 0.5479367928815925 "" 0.07238233586956395 "" 0.8
130.50280919964 -46.06001885712 0.0377 0.0427 20.5984 "" "" 5522004714775230848 1326.21399 0.7496 0.0475 -5.087 4.726 0.047 0.049 0.92 5247.7 4.6301 16.731514 1.452176 17.371792 15.919616 "" "" 1213.30225 1430.65894 3822.44345 6.3137 1537.1 13.817 3398.7 17.023 "" "" 0.003287540877244222 0.010150692 0.0066224397 0.016773133 130.50280919964 -46.06001885712 1326.21399 -5.087 4.725999999999999 -0.04809533309936498 0.07282321548461912 0.123883456 0.12588346 "" "" 0.5486132586961326 "" 0.06872994949979655 "" 0.8
130.23994542344 -45.63562319304 0.0369 0.0383 24.3223 "" "" 5522063817833603200 1422.18896 0.6749 0.044 -5.089 4.715 0.05 0.051 0.966 5182.7 4.6078 16.742786 1.473341 17.414581 15.94124 "" "" 1335.84045 1505.11865 3782.9621 4.9684 1477.7 8.8723 3331.7 13.837 "" "" 0.00310244509291644 0.0070909164 0.0058835954 0.012974512 130.23994542344 -45.63562319304 1422.18896 -5.088999999999999 4.715 -0.050095333099365646 0.061823215484619 0.12688346 0.12788346 "" "" 0.5364066780627073 "" 0.06838544295782512 "" 1.0
130.86598605084 -45.46267386642 0.0414 0.0413 19.2154 "" "" 5522045293628344960 1564.11072 0.6312 0.0479 -5.036 4.702 0.054 0.049 0.976 5115.1 4.6315 16.812515 1.434773 17.43698 16.002207 "" "" 1439.08276 1709.14404 3547.64842 5.3703 1447.5 13.872 3149.7 18.051 "" "" 0.003208276428302206 0.010772671 0.0072802277 0.018052898 130.86598605084 -45.46267386642 1564.11072 -5.035999999999999 4.701999999999998 0.0029046669006351777 0.0488232154846191 0.13088346 0.12588346 "" "" 0.36260972286846704 "" 0.045653087705652885 "" 0.8
131.26933443341 -45.72730367061 0.0368 0.0415 20.5588 "" "" 5329963812016476416 1356.34412 0.6999 0.044 -5.104 4.669 0.047 0.052 0.944 5290.0 4.665 16.831799 1.410469 17.469492 16.059023 "" "" 1288.2384 1455.15796 3485.19932 3.8793 1404.8 9.5157 2989.2 12.0 "" "" 0.0030087014755369695 0.007865944 0.005769006 0.01363495 131.26933443341 -45.72730367061 1356.34412 -5.103999999999999 4.668999999999999 -0.06509533309936533 0.015823215484618736 0.123883456 0.12888345 "" "" 0.43068906227127907 "" 0.05347767463932927 "" 0.9
130.78296266368 -45.73795878081 0.0398 0.0449 2.385 "" "" 5522037944949704704 1529.60132 0.6436 0.051 -4.966 4.622 0.054 0.05 1.057 5075.2 4.6039 16.838488 1.368002 17.455633 16.087631 "" "" 1396.58643 1647.63696 3463.79175 3.0073 1422.9 6.678 2911.4 8.4076 "" "" 0.0029121080939744533 0.0058095017 0.004910655 0.010720156 130.78296266368 -45.73795878081 1529.60132 -4.966 4.622 0.07290466690063457 -0.031176784515380973 0.13088346 0.12688346 "" "" 0.5748852497671093 "" 0.07489207043880923 "" 1.0
130.79238325649 -46.01516243771 0.0401 0.0444 14.2521 "" "" 5522013343376825472 1282.88171 0.7624 0.0498 -5.13 4.566 0.052 0.052 0.997 4850.9 4.3951 16.901932 1.837188 17.806646 15.969459 "" "" 1211.53589 1366.2738 3267.18823 3.31 1029.8 8.8475 3246.2 11.335 "" "" 0.0029667673275548486 0.009736427 0.005353178 0.015089605 130.79238325649 -46.01516243771 1282.88171 -5.13 4.5660000000000025 -0.09109533309936513 -0.08717678451538102 0.12888345 0.12888345 "" "" 0.7667226098803918 "" 0.09881785609237705 "" 0.9
130.48366678326 -45.52125303456 0.0466 0.0497 19.8753 "" "" 5522088861776044544 1331.974 0.7309 0.0577 -4.842 4.611 0.063 0.058 1.006 4993.9 4.7091 16.966812 1.480242 17.641703 16.16146 "" "" 1226.38025 1458.23816 3077.66833 6.9087 1198.8 14.071 2720.0 18.95 "" "" 0.0036785788318299388 0.013045771 0.008455843 0.021501614 130.48366678326 -45.52125303456 1331.974 -4.8420000000000005 4.610999999999998 0.19690466690063513 -0.042176784515381094 0.13988346 0.13488346 "" "" 1.2713680120797672 "" 0.17756926273324344 "" 0.8
131.18965366831 -46.13049321091 0.0463 0.0471 27.1097 "" "" 5329860801527743232 1465.71167 0.6713 0.0545 -4.854 4.603 0.06 0.058 0.943 5046.7 4.7268 16.978365 1.271921 17.544388 16.272467 "" "" 1374.68372 1557.80786 3045.09317 2.3031 1311.2 11.922 2455.7 8.0378 "" "" 0.0028750861420516276 0.01025871 0.0051877573 0.015446467 131.18965366831 -46.13049321091 1465.71167 -4.854000000000001 4.603000000000002 0.18490466690063467 -0.0501767845153811 0.13688345 0.13488346 "" "" 1.3310794205916385 "" 0.18202139778965704 "" 0.9
