Clusters/Czernik_6/Czernik_6_stars_in_region.tsv
# %ECSV 1.0
# ---
# datatype:
# - name: RA_ICRS_1
#   unit: deg
#   datatype: float64
#   format: '{:15.11f}'
#   description: Right ascension (ICRS) at Ep=2016.0 (ra)
#   meta: !!omap
#   - {ucd: POS_EQ_RA_MAIN}
#   - {width: 15}
#   - {precision: '11'}
# - name: DE_ICRS_1
#   unit: deg
#   datatype: float64
#   format: '{:15.11f}'
#   description: Declination (ICRS) at Ep=2016.0 (dec)
#   meta: !!omap
#   - {ucd: POS_EQ_DEC_MAIN}
#   - {width: 15}
#   - {precision: '11'}
# - name: e_RA_ICRS
#   unit: mas
#   datatype: float64
#   format: '{:7.4f}'
#   description: Standard error of right ascension (ra_error)
#   meta: !!omap
#   - {ucd: ERROR}
#   - {width: 7}
#   - {precision: '4'}
# - name: e_DE_ICRS
#   unit: mas
#   datatype: float64
#   format: '{:7.4f}'
#   description: Standard error of declination (dec_error)
#   meta: !!omap
#   - {ucd: ERROR}
#   - {width: 7}
#   - {precision: '4'}
# - name: _r_1
#   unit: ''
#   datatype: float64
#   format: '{:7.4f}'
#   description: Distance from center (030.52661814000+62.83889937000)[ICRS], at Epoch=J2016.0
#   meta: !!omap
#   - {ucd: POS_ANG_DIST_GENERAL}
#   - {width: 7}
#   - {precision: '4'}
# - name: HIP
#   datatype: int32
#   description: '? HIP cross-id number, van Leeuwen, Cat. I/311 (hip_original_ext_source_id)'
#   meta: !!omap
#   - {ucd: ID_NUMBER}
#   - {width: 6}
#   - values: {'null': -2147483648}
# - name: TYC2
#   datatype: string
#   description: Tycho-2 cross-id name, Hog et al., Cat. I/259 (tyc2_original_ext_source_id)
#   meta: !!omap
#   - {ucd: ID_CROSSID}
#   - {_votable_string_dtype: char}
# - name: Source
#   datatype: int64
#   description: Source identifier, identical to the Gaia-EDR3 source_id (id)
#   meta: !!omap
#   - {ucd: ID_MAIN}
#   - {width: 19}
# - name: rgeo
#   unit: pc
#   datatype: float64
#   format: '{:15.8f}'
#   description: '? Median of the geometric distance posterior (r_med_geo)'
#   meta: !!omap
#   - {ucd: PHYS_DISTANCE_TRUE}
#   - {width: 15}
#   - {precision: '8'}
#   - values: {'null': .nan}
# - name: Plx
#   unit: mas
#   datatype: float64
#   format: '{:9.4f}'
#   description: '? Parallax (parallax)'
#   meta: !!omap
#   - {ucd: POS_PARLX_TRIG}
#   - {width: 9}
#   - {precision: '4'}
#   - values: {'null': .nan}
# - name: e_Plx
#   unit: mas
#   datatype: float32
#   format: '{:7.4f}'
#   description: '? Standard error of parallax (parallax_error)'
#   meta: !!omap
#   - {ucd: ERROR}
#   - {width: 7}
#   - {precision: '4'}
#   - values: {'null': .nan}
# - name: pmRA
#   unit: mas / yr
#   datatype: float64
#   format: '{:9.3f}'
#   description: '? Proper motion in right ascension direction, pmRA*cosDE (pmra)'
#   meta: !!omap
#   - {ucd: POS_EQ_PMRA}
#   - {width: 9}
#   - {precision: '3'}
#   - values: {'null': .nan}
# - name: pmDE
#   unit: mas / yr
#   datatype: float64
#   format: '{:9.3f}'
#   description: '? Proper motion in declination direction (pmdec)'
#   meta: !!omap
#   - {ucd: POS_EQ_PMDEC}
#   - {width: 9}
#   - {precision: '3'}
#   - values: {'null': .nan}
# - name: e_pmRA
#   unit: mas / yr
#   datatype: float32
#   format: '{:6.3f}'
#   description: '? Standard error of proper motion in right ascension direction (pmra_error)'
#   meta: !!omap
#   - {ucd: ERROR}
#   - {width: 6}
#   - {precision: '3'}
#   - values: {'null': .nan}
# - name: e_pmDE
[...]
#         unit: &id001 !astropy.units.Unit {unit: deg}
#         value: !astropy.table.SerializedColumn {name: SkyCoord.dec}
#       distance: !astropy.table.SerializedColumn
#         __class__: astropy.coordinates.distances.Distance
#         unit: !astropy.units.Unit {unit: pc}
#         value: !astropy.table.SerializedColumn {name: SkyCoord.distance}
#       frame: icrs
#       obstime: !astropy.time.Time {format: jyear_str, in_subfmt: '*', jd1: 367701545.0, jd2: 0.0, out_subfmt: '*', precision: 3, scale: tt}
#       pm_dec: !astropy.table.SerializedColumn
#         __class__: astropy.units.quantity.Quantity
#         unit: !astropy.units.Unit {unit: mas / yr}
#         value: !astropy.table.SerializedColumn {name: SkyCoord.pm_dec}
#       pm_ra_cosdec: !astropy.table.SerializedColumn
#         __class__: astropy.units.quantity.Quantity
#         unit: !astropy.units.Unit {unit: mas / yr}
#         value: !astropy.table.SerializedColumn {name: SkyCoord.pm_ra_cosdec}
#       ra: !astropy.table.SerializedColumn
#         __class__: astropy.coordinates.angles.Longitude
#         unit: *id001
#         value: !astropy.table.SerializedColumn {name: SkyCoord.ra}
#         wrap_angle: !astropy.coordinates.Angle
#           unit: *id001
#           value: 360.0
#       representation_type: spherical
# schema: astropy-2.0
RA_ICRS_1 DE_ICRS_1 e_RA_ICRS e_DE_ICRS _r_1 HIP TYC2 Source rgeo Plx e_Plx pmRA pmDE e_pmRA e_pmDE RUWE Teff logg Gmag BP-RP BPmag RPmag RV e_RV b_rgeo B_rgeo FG e_FG FBP e_FBP FRP e_FRP RAVE5 RAVE6 e_Gmag e_BPmag e_RPmag e_BP-RP SkyCoord.ra SkyCoord.dec SkyCoord.distance SkyCoord.pm_ra_cosdec SkyCoord.pm_dec
[from data line 120]
30.46362224222 62.61141942239 0.0125 0.0149 13.7583 "" "" 508800659324318464 1887.11035 0.5014 0.0214 3.009 -1.798 0.016 0.018 1.031 6500.0 3.7774 14.994825 1.197708 15.502227 14.304519 "" "" 1817.22168 1959.08557 18924.16504 3.7642 8600.5 7.2711 15044.0 8.849 "" "" 0.0027637709048411474 0.0029372792 0.0038329605 0.0067702397 30.46362224222 62.61141942239 1887.11035 3.0090000000000003 -1.798
30.13039745233 63.01198265138 0.0131 0.0157 14.9976 "" "" 508891506475928192 2707.11963 0.3369 0.0241 -0.393 0.338 0.016 0.018 1.024 9232.0 3.9423 14.996498 1.204709 15.510773 14.306064 "" "" 2536.74609 2912.55981 18895.02001 3.291 8533.1 11.356 15022.0 9.9944 "" "" 0.002761802020709351 0.0031421063 0.0038477955 0.006989902 30.13039745233 63.01198265138 2707.11963 -0.39300000000000007 0.3380000000000001
30.73474048011 63.0177487424 0.0121 0.0141 12.1429 "" "" 508882710383126272 2705.55371 0.3365 0.0215 -0.487 -0.393 0.015 0.017 0.996 7999.3 3.8833 15.004443 0.829439 15.329611 14.500172 "" "" 2578.19995 2840.95288 18757.25559 3.4238 10083.0 9.1428 12563.0 9.545 "" "" 0.0027624382997063967 0.0029587632 0.0038683594 0.0068271225 30.73474048011 63.0177487424 2705.55371 -0.487 -0.39299999999999996
30.83159941684 62.87315676349 0.0129 0.0151 8.5978 "" "" 508832648241724672 2002.62549 0.4718 0.0221 -3.13 2.304 0.016 0.018 0.984 6828.7 3.595 15.024675 1.38597 15.642974 14.257004 -14.66 14.57 1914.14563 2106.14209 18410.9623 3.4583 7554.9 7.9394 15717.0 9.9049 "" "" 0.0027628576647813433 0.0030144511 0.0038408206 0.0068552718 30.83159941684 62.87315676349 2002.62549 -3.13 2.3039999999999994
30.88183215799 62.77934357037 0.0127 0.0147 10.3739 "" "" 508828799951117184 2374.49878 0.3944 0.0219 -0.045 -0.393 0.015 0.018 0.922 6089.6 3.2287 15.026648 1.367395 15.634733 14.267338 -38.57 6.59 2252.04907 2515.62769 18377.5544 3.3437 7612.4 8.9205 15568.0 8.516 "" "" 0.0027623926299427063 0.0030665637 0.0038257635 0.006892327 30.88183215799 62.77934357037 2374.49878 -0.04500000000000001 -0.393
30.10444222719 62.62000366915 0.012 0.015 17.5271 "" "" 508846525272144384 2555.53589 0.363 0.0216 -1.038 -0.348 0.015 0.018 0.981 9894.3 3.8431 15.028954 0.856625 15.35415 14.497525 "" "" 2438.04858 2717.14917 18338.54641 3.3821 9857.3 12.308 12594.0 16.736 "" "" 0.002762586567167541 0.0031020779 0.0040454245 0.007147502 30.10444222719 62.62000366915 2555.53589 -1.038 -0.3480000000000001
30.56080902648 62.83722661197 0.0135 0.0171 0.9419 "" "" 508827008941619968 2677.38208 0.3502 0.025 -1.161 -0.143 0.017 0.021 1.041 7987.5 4.0982 15.053398 0.937161 15.432877 14.495715 "" "" 2500.71362 2879.84253 17930.2929 3.629 9167.8 12.341 12615.0 8.9806 "" "" 0.0027640691658170845 0.0031497835 0.0038576098 0.007007393 30.56080902648 62.83722661197 2677.38208 -1.161 -0.143
30.3809468027 62.7209925887 0.0123 0.0154 8.1259 "" "" 508871642241213184 2146.01562 0.4339 0.0228 -4.59 -1.934 0.016 0.02 0.96 6571.6 3.8187 15.078753 1.388702 15.700686 14.311984 "" "" 2058.48145 2260.30762 17516.418 3.3671 7163.8 8.5273 14940.0 10.462 "" "" 0.002763213277210127 0.003074949 0.0038550994 0.0069300486 30.3809468027 62.7209925887 2146.01562 -4.59 -1.9340000000000004
30.86315530523 63.06539202518 0.0126 0.0149 16.4008 "" "" 514841101330064128 2126.95068 0.4374 0.0222 -0.285 1.459 0.015 0.018 0.992 5832.2 3.7692 15.079176 1.481067 15.753922 14.272856 1.86 3.92 2048.36304 2217.06201 17509.59969 3.197 6821.0 11.235 15489.0 10.498 "" "" 0.0027624424695412496 0.0033140907 0.003850357 0.0071644476 30.86315530523 63.06539202518 2126.95068 -0.2849999999999999 1.459
30.32824334539 62.84867958828 0.0138 0.0163 5.4641 "" "" 508873639412358144 2732.54248 0.3338 0.025 -1.996 -1.619 0.017 0.02 0.991 4924.1 3.2797 15.08564 1.791134 15.956891 14.165757 -109.0 3.15 2597.26392 2944.06445 17405.67414 3.5341 5658.0 9.2598 17094.0 10.012 "" "" 0.0027641251958855713 0.0033079332 0.0038325083 0.007140442 30.32824334539 62.84867958828 2732.54248 -1.996 -1.6190000000000002
30.58872076409 62.64951241286 0.013 0.0155 11.4906 "" "" 508823405472344320 2401.46973 0.3889 0.0218 -3.027 1.46 0.017 0.02 0.995 7933.3 3.7355 15.094442 0.938345 15.474028 14.535683 "" "" 2301.00977 2540.20776 17265.12487 5.6153 8826.8 13.618 12159.0 14.399 "" "" 0.0027778563949223817 0.0032543703 0.0039921044 0.0072464747 30.58872076409 62.64951241286 2401.46973 -3.0270000000000006 1.46
30.92091605311 62.72209625041 0.0159 0.019 12.8923 "" "" 508822031082714752 2167.48706 0.4343 0.0293 -3.643 3.242 0.02 0.023 1.253 7142.2 4.1476 15.104822 1.193247 15.612014 14.418767 "" "" 2034.38257 2299.0437 17100.85153 3.4336 7773.4 7.658 13541.0 8.5506 "" "" 0.002763930779807295 0.002988165 0.003841064 0.006829229 30.92091605311 62.72209625041 2167.48706 -3.6429999999999993 3.242
30.65197202204 62.7528759552 0.0235 0.0231 6.2018 "" "" 508825771989583360 2022.12598 0.4628 0.0343 -1.648 -0.152 0.035 0.026 1.246 "" "" 15.125342 "" "" "" "" "" 1858.51807 2242.98682 16780.69263 8.2776 "" "" "" "" "" "" 0.002806889404548138 "" "" "" 30.65197202204 62.7528759552 2022.12598 -1.648 -0.15199999999999989
30.41363078316 62.91641559026 0.014 0.0165 5.5842 "" "" 508875700996595328 2615.73486 0.3506 0.0247 -1.203 -0.171 0.017 0.019 0.957 "" "" 15.129817 0.73901 15.41323 14.67422 "" "" 2476.55981 2763.16016 16711.66623 3.4186 9335.2 11.261 10702.0 9.9087 "" "" 0.0027642573670483618 0.003082273 0.003910788 0.006993061 30.41363078316 62.91641559026 2615.73486 -1.2030000000000003 -0.1709999999999999
30.74436148604 62.8499956815 0.0136 0.016 5.9998 "" "" 508832373363841280 2678.65356 0.3459 0.0235 -2.097 0.619 0.016 0.019 1.041 5228.4 3.538 15.137532 1.675345 15.930914 14.255569 -42.64 5.35 2524.78442 2848.48389 16593.3485 3.1405 5795.0 7.5863 15737.0 11.41 "" "" 0.002762972173377169 0.0031313389 0.0038604948 0.0069918334 30.74436148604 62.8499956815 2678.65356 -2.097 0.619
30.28842227531 62.68247202393 0.0125 0.0156 11.4403 "" "" 508848213204906112 2620.90381 0.3576 0.0231 0.398 -1.101 0.015 0.019 0.978 "" "" 15.152076 0.921011 15.485535 14.564524 "" "" 2473.35474 2786.02051 16372.55236 5.1871 8733.8 28.956 11840.0 41.548 "" "" 0.002776708715332035 0.0045543923 0.005366533 0.009920925 30.28842227531 62.68247202393 2620.90381 0.398 -1.101
30.56740904515 62.62905261932 0.0408 0.0493 12.6406 "" "" 508823268033860352 2573.6084 0.3695 0.0699 1.093 -0.713 0.053 0.063 3.335 6526.2 3.798 15.159313 1.353699 15.741479 14.38778 "" "" 2192.16309 3054.01953 16263.78565 5.9702 6899.6 8.0438 13933.0 9.3264 "" "" 0.002783996746227017 0.0030638657 0.0038486249 0.0069124904 30.56740904515 62.62905261932 2573.6084 1.093 -0.7130000000000001
30.32174713094 62.88267677561 0.0215 0.0249 6.1919 "" "" 508875219955547008 2728.50488 0.3506 0.036 -1.338 -0.352 0.024 0.029 1.247 10528.7 4.0403 15.171277 0.987637 15.228104 14.240466 "" "" 2453.28638 3016.08325 16085.54963 9.9518 11071.0 137.76 15958.0 110.35 "" "" 0.0028360184902668814 0.013795272 0.008405487 0.02220076 30.32174713094 62.88267677561 2728.50488 -1.338 -0.35200000000000004
30.481931124 62.75236910726 0.0137 0.0164 5.3346 "" "" 508825226538377216 2291.76807 0.4088 0.0258 -2.574 2.186 0.017 0.02 0.993 6299.7 3.8977 15.197877 1.387814 15.817292 14.429478 "" "" 2173.97681 2401.77856 15696.257 3.1321 6434.3 8.9676 13408.0 10.333 "" "" 0.0027638248383421073 0.003174091 0.0038708977 0.0070449887 30.481931124 62.75236910726 2291.76807 -2.5740000000000003 2.186
30.02581808504 62.88513630032 0.0531 0.0703 13.9839 "" "" 508877418983264768 2025.45447 0.5096 0.102 0.865 -0.544 0.068 0.088 4.464 6009.4 4.4641 15.204013 1.246707 15.636125 14.389418 "" "" 1676.05347 2541.70215 15607.79197 9.3685 7602.7 8.5176 13912.0 11.793 "" "" 0.0028313446210914747 0.00304379 0.0038898322 0.006933622 30.02581808504 62.88513630032 2025.45447 0.865 -0.544
30.65035747276 62.57849000401 0.0127 0.0154 15.9911 "" "" 508796707954419072 2588.54565 0.359 0.0223 -0.523 -0.817 0.016 0.019 0.972 9411.0 4.2723 15.216304 0.767815 15.514467 14.746653 "" "" 2447.63892 2750.03809 15432.10841 3.12 8504.1 9.0744 10011.0 8.61 "" "" 0.0027640502692244896 0.003021139 0.0038930315 0.0069141705 30.65035747276 62.57849000401 2588.54565 -0.523 -0.817
30.46350975443 62.98380314649 0.014 0.0172 8.8636 "" "" 508881782670227456 2403.90063 0.3845 0.0255 -1.323 0.706 0.017 0.021 1.004 6803.4 3.5508 15.227534 1.398707 15.853538 14.45483 "" "" 2252.19946 2569.38501 15273.30524 3.0912 6223.0 9.6191 13099.0 11.431 "" "" 0.0027640689446453907 0.00325601 0.0038963375 0.0071523474 30.46350975443 62.98380314649 2403.90063 -1.3230000000000002 0.706
30.83296378906 62.70974469377 0.0143 0.0165 11.4352 "" "" 508822340320377600 2015.81848 0.4623 0.0251 -2.07 0.349 0.018 0.02 0.977 6944.6 4.0731 15.233751 1.194471 15.745275 14.550803 "" "" 1933.00537 2112.6543 15186.09652 2.8271 6875.5 7.6585 11990.0 9.7075 "" "" 0.002762723979293937 0.0030409957 0.0038802645 0.00692126 30.83296378906 62.70974469377 2015.81848 -2.0700000000000003 0.349
31.03781719082 62.6710786316 0.0146 0.0175 17.2786 "" "" 508809902095426944 1931.07227 0.4877 0.0262 -5.706 -0.692 0.018 0.021 1.069 6633.8 4.0188 15.249184 1.329255 15.835746 14.506491 "" "" 1836.15088 2028.48218 14971.77033 2.9194 6325.8 7.6959 12490.0 10.379 "" "" 0.002763441915730561 0.0030870393 0.0038855819 0.006972621 31.03781719082 62.6710786316 1931.07227 -5.706 -0.692
31.08671170691 62.79571695964 0.0136 0.0161 15.5691 "" "" 508828318915057536 2698.8291 0.3401 0.0241 -2.953 0.881 0.016 0.019 0.962 8508.0 3.6026 15.274625 0.869032 15.617397 14.748365 "" "" 2531.26221 2874.13135 14625.03172 2.8247 7735.0 8.8941 9995.7 9.3257 "" "" 0.0027632885802831944 0.0030567367 0.003912776 0.0069695124 31.08671170691 62.79571695964 2698.8291 -2.9529999999999994 0.881
30.3514581885 62.68915054159 0.013 0.0164 10.1913 "" "" 508848144485423104 2014.86072 0.458 0.0242 -3.371 -0.867 0.017 0.021 0.996 7049.9 3.969 15.276475 1.192392 15.786113 14.59372 "" "" 1929.99109 2111.23364 14600.13494 2.7399 6621.7 7.3027 11526.0 8.6982 "" "" 0.002762843523947017 0.003036249 0.0038671796 0.0069034286 30.3514581885 62.68915054159 2014.86072 -3.3709999999999996 -0.8670000000000001
30.21287044331 62.78511800472 0.0133 0.0163 9.1867 "" "" 508849553234657664 2307.51001 0.4051 0.0244 -2.9 -0.866 0.017 0.021 0.966 7736.6 4.0314 15.281885 1.17134 15.779161 14.607821 "" "" 2188.98511 2443.60474 14527.56627 2.6327 6664.3 9.1119 11377.0 9.3835 "" "" 0.0027623365447111124 0.003160502 0.0038840226 0.007044525 30.21287044331 62.78511800472 2307.51001 -2.9 -0.8659999999999998
30.19301896634 62.88848029603 0.0162 0.0192 9.6019 "" "" 508876903587583744 2536.70801 0.3652 0.0293 -0.708 -0.619 0.02 0.024 1.136 8624.4 3.5278 15.287495 0.946132 15.665404 14.719273 "" "" 2358.04883 2714.17725 14452.69151 3.1016 7400.4 9.2834 10267.0 9.9953 "" "" 0.0027651545633728377 0.0031048486 0.003924409 0.0070292577 30.19301896634 62.88848029603 2536.70801 -0.708 -0.6190000000000002
31.08941120424 62.83589997924 0.0139 0.0167 15.4165 "" "" 508830105621432320 1840.0603 0.5087 0.0245 -3.971 -0.109 0.017 0.02 0.961 6773.3 3.5832 15.288281 1.821824 16.173735 14.351911 -21.95 4.87 1745.25769 1915.14197 14442.22799 3.2934 4633.6 6.7491 14401.0 9.3695 "" "" 0.0027664219909770667 0.0032071776 0.0038448307 0.007052008 31.08941120424 62.83589997924 1840.0603 -3.971 -0.10899999999999999
30.53265764299 62.83495461075 0.0239 0.0322 0.2888 "" "" 508873948645294976 2354.23364 0.4135 0.0478 -1.58 0.349 0.031 0.038 1.625 "" "" 15.293606 0.8959 15.464094 14.568194 "" "" 2087.84009 2746.81836 14371.57434 6.9083 8908.0 10.628 11800.0 10.586 "" "" 0.0028043134309883 0.0030762064 0.0039028798 0.0069790864 30.53265764299 62.83495461075 2354.23364 -1.58 0.34899999999999987
30.18405920366 62.90416559469 0.015 0.0179 10.1573 "" "" 508876903587461248 2115.12939 0.44 0.0267 5.524 -0.581 0.019 0.022 0.987 5147.8 3.4006 15.311872 1.764026 16.15393 14.389905 "" "" 1992.15186 2234.08618 14131.82708 3.2879 4718.9 18.165 13906.0 21.949 "" "" 0.002766875397133303 0.00502522 0.0041497615 0.009174982 30.18405920366 62.90416559469 2115.12939 5.523999999999999 -0.5809999999999997
30.91621858133 62.85877734011 0.0145 0.0171 10.7339 "" "" 508829727663970816 2497.28516 0.3681 0.0256 -2.159 0.335 0.018 0.02 1.015 7168.9 3.9594 15.322286 1.293418 15.88813 14.594712 "" "" 2318.6145 2667.06006 13996.92496 2.7817 6027.9 9.3543 11515.0 11.178 "" "" 0.002763756217497356 0.003259429 0.0039235903 0.007183019 30.91621858133 62.85877734011 2497.28516 -2.159 0.335
30.65184063338 62.89000761218 0.0173 0.0203 4.5985 "" "" 508833472875440256 2332.64136 0.4051 0.0309 -1.247 -0.117 0.021 0.025 1.165 9761.4 4.3965 15.327661 0.931214 15.673648 14.742434 "" "" 2200.66895 2474.53882 13927.78548 2.9375 7344.4 19.253 10050.0 29.064 "" "" 0.002764819467741107 0.003985717 0.0049135117 0.008899229 30.65184063338 62.89000761218 2332.64136 -1.247 -0.11699999999999992
30.60850435101 62.78367769819 0.0146 0.0175 4.0022 "" "" 508826704007714176 1950.22827 0.481 0.0256 1.981 2.59 0.018 0.022 1.001 6315.8 4.0273 15.341942 1.305996 15.917166 14.61117 "" "" 1850.00684 2052.53247 13745.79885 2.7791 5868.8 8.4134 11342.0 9.9044 "" "" 0.0027640504643951587 0.0031949508 0.0038964928 0.0070914435 30.60850435101 62.78367769819 1950.22827 1.9809999999999999 2.589999999999999
30.25375181382 62.73729697987 0.0138 0.0166 9.6546 "" "" 508849243997029248 2034.53784 0.4614 0.0251 -1.445 -0.453 0.018 0.021 1.017 9028.0 4.4507 15.373033 0.980865 15.773952 14.793086 "" "" 1935.99561 2168.74487 13357.76238 2.7405 6696.3 7.4202 9592.3 7.048 "" "" 0.0027643096019603695 0.0030385063 0.003862659 0.0069011655 30.25375181382 62.73729697987 2034.53784 -1.4450000000000003 -0.45299999999999985
29.94959690622 62.79863796966 0.0156 0.0199 15.9986 "" "" 508853195366561664 2254.2666 0.4196 0.0285 -0.71 -0.032 0.02 0.024 1.151 9822.0 4.2696 15.374144 0.950812 15.704057 14.753244 "" "" 2094.8999 2440.08496 13344.10399 3.3694 7141.6 24.814 9950.9 42.863 "" "" 0.0027689253063498094 0.0046921805 0.006012965 0.010705145 29.94959690622 62.79863796966 2254.2666 -0.71 -0.03199999999999996
30.40907724493 62.72463943223 0.0146 0.0178 7.5765 "" "" 508871612187856000 1968.97083 0.4775 0.0271 -1.187 0.244 0.019 0.022 0.957 7082.5 4.2005 15.378316 1.160595 15.864445 14.70385 "" "" 1873.16272 2077.06763 13292.9184 2.8807 6160.8 8.6442 10414.0 8.5771 "" "" 0.002765348154939868 0.003178958 0.003883731 0.0070626894 30.40907724493 62.72463943223 1968.97083 -1.187 0.24400000000000005
30.50888241174 62.82768022539 0.0152 0.0185 0.8302 "" "" 508873983009750656 1825.39978 0.5149 0.028 7.931 -4.736 0.018 0.022 1.032 5380.8 3.5234 15.389054 1.504308 16.068466 14.564158 "" "" 1746.04028 1910.45959 13162.09055 2.8645 5105.4 10.425 11844.0 8.9887 "" "" 0.002765433621811299 0.003563741 0.0038681636 0.007431905 30.50888241174 62.82768022539 1825.39978 7.930999999999999 -4.735999999999999
30.77836440598 62.76965178244 0.016 0.0192 8.0572 "" "" 508825982452587776 2513.71167 0.3713 0.0277 -5.369 1.165 0.019 0.024 1.009 6842.7 3.6966 15.397799 1.16101 15.889272 14.728262 "" "" 2352.26001 2693.13672 13056.5092 2.7908 6021.5 7.5085 10182.0 9.6541 "" "" 0.002765076420027276 0.0031012865 0.0039170757 0.007018362 30.77836440598 62.76965178244 2513.71167 -5.369000000000001 1.1650000000000003
30.71296245409 62.70867678306 0.0151 0.0178 9.3388 "" "" 508825398337100672 2366.04468 0.3988 0.0259 -2.912 -1.172 0.019 0.022 1.004 7186.3 4.23 15.401099 1.21803 15.926143 14.708113 "" "" 2223.08813 2544.88354 13016.8828 2.6084 5820.5 7.4088 10373.0 7.7636 "" "" 0.0027638966110782146 0.0031136805 0.0038657554 0.0069794357 30.71296245409 62.70867678306 2366.04468 -2.912 -1.1720000000000002
