Clusters/Czernik_6/Czernik_6_stars_in_region.tsv
# %ECSV 1.0
# ---
# datatype:
# - name: RA_ICRS_1
#   unit: deg
#   datatype: float64
#   format: '{:15.11f}'
#   description: Right ascension (ICRS) at Ep=2016.0 (ra)
#   meta: !!omap
#   - {ucd: POS_EQ_RA_MAIN}
#   - {width: 15}
#   - {precision: '11'}
# - name: DE_ICRS_1
#   unit: deg
#   datatype: float64
#   format: '{:15.11f}'
#   description: Declination (ICRS) at Ep=2016.0 (dec)
#   meta: !!omap
#   - {ucd: POS_EQ_DEC_MAIN}
#   - {width: 15}
#   - {precision: '11'}
# - name: e_RA_ICRS
#   unit: mas
#   datatype: float64
#   format: '{:7.4f}'
#   description: Standard error of right ascension (ra_error)
#   meta: !!omap
#   - {ucd: ERROR}
#   - {width: 7}
#   - {precision: '4'}
# - name: e_DE_ICRS
#   unit: mas
#   datatype: float64
#   format: '{:7.4f}'
#   description: Standard error of declination (dec_error)
#   meta: !!omap
#   - {ucd: ERROR}
#   - {width: 7}
#   - {precision: '4'}
# - name: _r_1
#   unit: ''
#   datatype: float64
#   format: '{:7.4f}'
#   description: Distance from center (030.52661814000+62.83889937000)[ICRS], at Epoch=J2016.0
#   meta: !!omap
#   - {ucd: POS_ANG_DIST_GENERAL}
#   - {width: 7}
#   - {precision: '4'}
# - name: HIP
#   datatype: int32
#   description: '? HIP cross-id number, van Leeuwen, Cat. I/311 (hip_original_ext_source_id)'
#   meta: !!omap
#   - {ucd: ID_NUMBER}
#   - {width: 6}
#   - values: {'null': -2147483648}
# - name: TYC2
#   datatype: string
#   description: Tycho-2 cross-id name, Hog et al., Cat. I/259 (tyc2_original_ext_source_id)
#   meta: !!omap
#   - {ucd: ID_CROSSID}
#   - {_votable_string_dtype: char}
# - name: Source
#   datatype: int64
#   description: Source identifier, identical to the Gaia-EDR3 source_id (id)
#   meta: !!omap
#   - {ucd: ID_MAIN}
#   - {width: 19}
# - name: rgeo
#   unit: pc
#   datatype: float64
#   format: '{:15.8f}'
#   description: '? Median of the geometric distance posterior (r_med_geo)'
#   meta: !!omap
#   - {ucd: PHYS_DISTANCE_TRUE}
#   - {width: 15}
#   - {precision: '8'}
#   - values: {'null': .nan}
# - name: Plx
#   unit: mas
#   datatype: float64
#   format: '{:9.4f}'
#   description: '? Parallax (parallax)'
#   meta: !!omap
#   - {ucd: POS_PARLX_TRIG}
#   - {width: 9}
#   - {precision: '4'}
#   - values: {'null': .nan}
# - name: e_Plx
#   unit: mas
#   datatype: float32
#   format: '{:7.4f}'
#   description: '? Standard error of parallax (parallax_error)'
#   meta: !!omap
#   - {ucd: ERROR}
#   - {width: 7}
#   - {precision: '4'}
#   - values: {'null': .nan}
# - name: pmRA
#   unit: mas / yr
#   datatype: float64
#   format: '{:9.3f}'
#   description: '? Proper motion in right ascension direction, pmRA*cosDE (pmra)'
#   meta: !!omap
#   - {ucd: POS_EQ_PMRA}
#   - {width: 9}
#   - {precision: '3'}
#   - values: {'null': .nan}
# - name: pmDE
#   unit: mas / yr
#   datatype: float64
#   format: '{:9.3f}'
#   description: '? Proper motion in declination direction (pmdec)'
#   meta: !!omap
#   - {ucd: POS_EQ_PMDEC}
#   - {width: 9}
#   - {precision: '3'}
#   - values: {'null': .nan}
# - name: e_pmRA
#   unit: mas / yr
#   datatype: float32
#   format: '{:6.3f}'
#   description: '? Standard error of proper motion in right ascension direction (pmra_error)'
#   meta: !!omap
#   - {ucd: ERROR}
#   - {width: 6}
#   - {precision: '3'}
#   - values: {'null': .nan}
# - name: e_pmDE
[...]
#         unit: &id001 !astropy.units.Unit {unit: deg}
#         value: !astropy.table.SerializedColumn {name: SkyCoord.dec}
#       distance: !astropy.table.SerializedColumn
#         __class__: astropy.coordinates.distances.Distance
#         unit: !astropy.units.Unit {unit: pc}
#         value: !astropy.table.SerializedColumn {name: SkyCoord.distance}
#       frame: icrs
#       obstime: !astropy.time.Time {format: jyear_str, in_subfmt: '*', jd1: 367701545.0, jd2: 0.0, out_subfmt: '*', precision: 3, scale: tt}
#       pm_dec: !astropy.table.SerializedColumn
#         __class__: astropy.units.quantity.Quantity
#         unit: !astropy.units.Unit {unit: mas / yr}
#         value: !astropy.table.SerializedColumn {name: SkyCoord.pm_dec}
#       pm_ra_cosdec: !astropy.table.SerializedColumn
#         __class__: astropy.units.quantity.Quantity
#         unit: !astropy.units.Unit {unit: mas / yr}
#         value: !astropy.table.SerializedColumn {name: SkyCoord.pm_ra_cosdec}
#       ra: !astropy.table.SerializedColumn
#         __class__: astropy.coordinates.angles.Longitude
#         unit: *id001
#         value: !astropy.table.SerializedColumn {name: SkyCoord.ra}
#         wrap_angle: !astropy.coordinates.Angle
#           unit: *id001
#           value: 360.0
#       representation_type: spherical
# schema: astropy-2.0
RA_ICRS_1 DE_ICRS_1 e_RA_ICRS e_DE_ICRS _r_1 HIP TYC2 Source rgeo Plx e_Plx pmRA pmDE e_pmRA e_pmDE RUWE Teff logg Gmag BP-RP BPmag RPmag RV e_RV b_rgeo B_rgeo FG e_FG FBP e_FBP FRP e_FRP RAVE5 RAVE6 e_Gmag e_BPmag e_RPmag e_BP-RP SkyCoord.ra SkyCoord.dec SkyCoord.distance SkyCoord.pm_ra_cosdec SkyCoord.pm_dec
[from data line 407]
30.23850133961 62.93509968478 0.028 0.032 9.7666 "" "" 508878552854870144 2084.90112 0.4702 0.0466 -0.426 -0.508 0.032 0.036 1.029 7198.9 4.3646 16.432827 1.300686 17.009012 15.708326 "" "" 1896.91467 2324.53613 5032.87197 1.7769 2146.9 6.3339 4128.8 5.2998 "" "" 0.0027818573566636205 0.004248002 0.0040281564 0.008276159 30.23850133961 62.93509968478 2084.90112 -0.426 -0.5079999999999999
30.8003715763 62.68711420828 0.0254 0.0306 11.8089 "" "" 508822202881760256 2058.59839 0.4723 0.0435 0.94 -2.463 0.033 0.038 0.999 6944.1 4.3574 16.43431 1.222552 16.952297 15.729745 "" "" 1866.84192 2257.58594 5025.99895 1.8018 2262.0 6.5137 4048.2 8.4829 "" "" 0.0027826769340514 0.004190477 0.004411344 0.008601821 30.8003715763 62.68711420828 2058.59839 0.9400000000000002 -2.463
30.60083435281 62.90996137015 0.0266 0.0307 4.7224 "" "" 508880477000223872 2098.81763 0.4558 0.0465 -1.763 0.364 0.031 0.035 1.009 7105.7 4.3547 16.437765 1.319237 17.019304 15.700067 "" "" 1931.7124 2318.39233 5010.03802 1.7609 2126.6 7.6279 4160.4 7.512 "" "" 0.0027816208254837394 0.0047907834 0.0042575696 0.009048353 30.60083435281 62.90996137015 2098.81763 -1.763 0.364
30.81244403931 62.66159763277 0.0247 0.0287 13.2222 "" "" 508822099802263040 2520.53467 0.3751 0.0412 -1.064 -0.389 0.03 0.034 0.988 7629.7 4.4393 16.438982 1.050363 16.88094 15.830577 "" "" 2275.64087 2777.23364 5004.4221 1.7366 2415.7 6.2093 3689.2 7.0303 "" "" 0.0027809604500091557 0.00394632 0.004308665 0.008254985 30.81244403931 62.66159763277 2520.53467 -1.064 -0.3889999999999999
30.53927903961 62.69256739332 0.0254 0.0288 8.7868 "" "" 508824470624193536 2579.51465 0.3602 0.0417 -0.855 0.043 0.031 0.035 0.982 7663.4 4.3647 16.439264 1.080454 16.888727 15.808273 "" "" 2379.44897 2820.47632 5003.12192 1.766 2398.4 8.1358 3765.7 6.4335 "" "" 0.0027818455024583174 0.0046205646 0.0042100437 0.008830609 30.53927903961 62.69256739332 2579.51465 -0.855 0.04299999999999993
30.609098943 63.05955557049 0.0278 0.0329 13.4293 "" "" 508883775534988928 2349.14551 0.414 0.0508 0.377 -3.015 0.032 0.036 1.04 5309.3 4.3467 16.441088 1.248142 16.974058 15.725916 "" "" 2087.0376 2583.35278 4994.72172 1.8238 2217.1 9.9511 4062.5 8.716 "" "" 0.0027836959792286197 0.0056153964 0.004439587 0.010054983 30.609098943 63.05955557049 2349.14551 0.37700000000000045 -3.015000000000001
30.90463830751 62.82074323073 0.026 0.0305 10.4142 "" "" 508829521505579520 1867.09741 0.5232 0.0449 -6.043 -4.117 0.03 0.036 0.974 6544.6 4.3823 16.44394 1.375592 17.063389 15.687797 "" "" 1732.05078 2031.25391 4981.62123 1.8297 2042.0 5.745 4207.6 6.8895 "" "" 0.0027840285515255947 0.004137126 0.0041766283 0.008313755 30.90463830751 62.82074323073 1867.09741 -6.042999999999999 -4.117
30.12736790083 63.04427005015 0.0332 0.0392 16.4494 "" "" 508891987512239488 2317.4187 0.4082 0.0574 1.392 -1.673 0.037 0.043 1.28 6873.5 4.36 16.444098 1.422411 17.08273 15.660318 "" "" 2100.81934 2587.0188 4980.89882 2.2649 2006.0 6.5862 4315.5 6.8277 "" "" 0.0027992020076079305 0.004526858 0.004151445 0.008678303 30.12736790083 63.04427005015 2317.4187 1.3919999999999995 -1.6729999999999996
31.00111552603 63.03128367394 0.0259 0.0294 17.3505 "" "" 514840139257398912 2137.33301 0.4512 0.0421 -0.318 -2.134 0.031 0.035 1.051 6841.1 4.3378 16.445717 1.330342 17.032331 15.701989 "" "" 1906.97974 2396.47778 4973.47894 1.7953 2101.3 5.6015 4153.0 7.5919 "" "" 0.0027830546612566155 0.0040201875 0.0042688507 0.008289038 31.00111552603 63.03128367394 2137.33301 -0.31800000000000006 -2.1340000000000003
30.36927962391 62.8498031336 0.0262 0.031 4.358 "" "" 508873467613663872 1961.47314 0.5052 0.0472 -1.726 0.898 0.032 0.037 1.089 6000.8 4.3693 16.448118 1.387448 17.062538 15.67509 "" "" 1767.49646 2152.41357 4962.48379 2.055 2043.6 7.0278 4257.2 8.0773 "" "" 0.002791762803369888 0.0046611265 0.0043043364 0.008965462 30.36927962391 62.8498031336 1961.47314 -1.726 0.8980000000000001
30.40382199569 62.59840450579 0.0492 0.0425 14.8196 "" "" 508800315731744512 2354.48022 0.4255 0.0626 -1.923 -1.035 0.065 0.051 1.036 "" "" 16.451181 "" "" "" "" "" 2042.64478 2943.50195 4948.50492 5.6685 "" "" "" "" "" "" 0.0030230115836890146 "" "" "" 30.40382199569 62.59840450579 2354.48022 -1.9230000000000003 -1.035
30.83495351166 62.85629718246 0.0263 0.0303 8.507 "" "" 508832613881999744 1988.41711 0.4801 0.0441 0.252 0.283 0.031 0.034 0.979 6819.0 4.3592 16.452906 1.376537 17.063032 15.686495 "" "" 1803.23132 2238.60962 4940.65098 1.7389 2042.7 7.2922 4212.7 7.326 "" "" 0.0027816928571929673 0.004775777 0.004224777 0.009000555 30.83495351166 62.85629718246 1988.41711 0.252 0.28300000000000003
31.0358598275 62.80307713655 0.0272 0.0321 14.1209 "" "" 508828559432915840 2125.40063 0.4557 0.0479 1.761 2.321 0.031 0.036 1.079 7349.3 4.3334 16.454895 1.354922 17.033674 15.678752 "" "" 1907.66699 2310.3186 4931.60759 1.918 2098.7 6.4409 4242.8 7.2803 "" "" 0.0027874892970151176 0.00434604 0.0042136237 0.008559664 31.0358598275 62.80307713655 2125.40063 1.761 2.321
30.63832723171 62.85759161299 0.026 0.0301 3.2578 "" "" 508827494280992256 2570.50073 0.3734 0.0441 -1.214 -0.156 0.032 0.036 0.969 5961.6 4.2951 16.45778 1.370566 17.071733 15.701167 "" "" 2282.76099 2911.66943 4918.51826 3.4265 2026.4 8.0825 4156.2 9.668 "" "" 0.0028572542729109565 0.005151589 0.004545589 0.009697178 30.63832723171 62.85759161299 2570.50073 -1.2140000000000002 -0.1559999999999999
30.1797342446 63.01811930675 0.027 0.0319 14.33 "" "" 508880167762509440 2584.57324 0.3708 0.048 -1.427 -0.19 0.031 0.036 1.024 7495.6 4.2067 16.466223 1.413846 17.101078 15.687232 "" "" 2326.0564 3034.48291 4880.42333 1.6946 1972.4 6.201 4209.8 5.482 "" "" 0.0027809914766685697 0.004408691 0.004035181 0.0084438715 30.1797342446 63.01811930675 2584.57324 -1.4269999999999998 -0.1900000000000001
30.49168953072 62.85410899758 0.0261 0.0309 1.322 "" "" 508874223527896320 1971.04224 0.4837 0.0472 1.452 -1.502 0.032 0.037 0.988 5932.2 4.6058 16.46657 1.347328 17.062695 15.715366 "" "" 1815.61499 2146.36108 4878.86071 1.7754 2043.3 6.8492 4102.2 6.8942 "" "" 0.002783503165614587 0.004585893 0.0041968147 0.008782707 30.49168953072 62.85410899758 1971.04224 1.4519999999999997 -1.5019999999999996
30.16613137808 62.83482080668 0.0252 0.0287 9.8773 "" "" 508876285107536640 2032.09265 0.4714 0.0435 -4.639 -2.892 0.031 0.035 0.961 6745.0 4.3156 16.466705 1.370307 17.077274 15.706967 "" "" 1855.04663 2247.97949 4878.25774 1.7035 2016.1 6.2626 4134.0 6.3288 "" "" 0.0027812835041577 0.0043771663 0.004128745 0.008505911 30.16613137808 62.83482080668 2032.09265 -4.638999999999999 -2.8920000000000003
30.34036093388 62.62667575427 0.0249 0.0301 13.7242 "" "" 508800590604838272 2429.01855 0.3837 0.044 -2.831 -0.166 0.031 0.036 1.033 7149.3 4.3657 16.471106 1.281269 17.03194 15.750671 "" "" 2223.0498 2684.92285 4858.52234 1.713 2102.0 7.2063 3970.9 6.6174 "" "" 0.0027817852169844406 0.004651891 0.004190164 0.008842055 30.34036093388 62.62667575427 2429.01855 -2.831 -0.1660000000000002
30.65486300388 62.58743874191 0.0233 0.0285 15.4945 "" "" 508820175659978624 1871.06567 0.517 0.0405 -1.739 2.157 0.029 0.035 0.962 4910.2 4.1877 16.474306 1.464606 17.147427 15.68282 "" "" 1732.35046 2044.6228 4844.22183 1.7509 1889.9 7.2912 4227.0 6.8782 "" "" 0.002783125996438211 0.0050329594 0.0041719317 0.009204891 30.65486300388 62.58743874191 1871.06567 -1.7390000000000003 2.157
30.57840297085 62.91032359859 0.026 0.0309 4.5135 "" "" 508880442640486656 2196.00928 0.4349 0.047 -5.397 -2.399 0.03 0.036 1.002 5088.3 4.3605 16.476366 1.558891 17.205 15.646109 "" "" 1974.93774 2437.95532 4835.04163 1.7604 1792.3 5.1611 4372.3 6.9749 "" "" 0.0027835333144723097 0.0041904575 0.0041573565 0.008347814 30.57840297085 62.91032359859 2196.00928 -5.397 -2.3989999999999996
30.37368041643 63.05378097941 0.0982 0.109 13.5516 "" "" 508885287363492992 2541.26953 0.4536 0.1701 1.442 0.134 0.105 0.122 3.99 "" "" 16.47742 1.403556 16.965618 15.562062 "" "" 1939.48816 3435.30371 4830.34656 5.3578 2234.4 6.6276 4724.3 7.8365 "" "" 0.003007010706218712 0.004261044 0.0041865567 0.0084476005 30.37368041643 63.05378097941 2541.26953 1.4419999999999997 0.13399999999999998
30.5379003007 62.58303402079 0.0249 0.0296 15.3551 "" "" 508799662891920128 2545.92236 0.3663 0.0412 1.881 0.044 0.031 0.037 1.024 5762.8 4.1381 16.48023 1.522449 17.179817 15.657369 "" "" 2325.91479 2800.97437 4817.86149 1.7762 1834.4 5.5674 4327.2 6.8923 "" "" 0.002784243523996107 0.0043178042 0.0041562435 0.008474048 30.5379003007 62.58303402079 2545.92236 1.881 0.04399999999999995
30.2910241093 62.67792746945 0.0234 0.0291 11.6254 "" "" 508847835247787008 2332.12354 0.4021 0.042 1.463 0.967 0.028 0.035 1.012 5570.0 3.7847 16.481035 1.479602 17.161161 15.68156 "" "" 2128.88159 2561.55273 4814.2912 1.6188 1866.2 7.3646 4231.9 6.5353 "" "" 0.002779401200146853 0.005113049 0.0041346145 0.009247663 30.2910241093 62.67792746945 2332.12354 1.463 0.9670000000000003
30.97129886743 62.82855254528 0.0262 0.0303 12.1976 "" "" 508829379778040192 2401.39893 0.4022 0.0449 -2.688 0.903 0.03 0.035 0.987 7099.4 4.3534 16.482674 1.307957 17.047676 15.739719 "" "" 2141.52759 2748.37256 4807.03849 1.8048 2071.8 7.8119 4011.2 8.5074 "" "" 0.00278531129520385 0.004954266 0.004425651 0.009379917 30.97129886743 62.82855254528 2401.39893 -2.688 0.9030000000000002
30.83592476832 62.73888836226 0.0269 0.0309 10.3934 "" "" 508822752637208704 1840.74194 0.5279 0.0459 2.386 -0.087 0.033 0.038 0.954 5349.5 4.4821 16.483084 1.317876 17.0663 15.748424 "" "" 1700.15784 1984.50586 4805.21952 1.6425 2036.6 6.1648 3979.1 6.4559 "" "" 0.0027802015750918226 0.0043111863 0.0041697486 0.008480934 30.83592476832 62.73888836226 1840.74194 2.3860000000000006 -0.08700000000000012
30.67667195108 62.9714417866 0.0269 0.0316 8.9475 "" "" 508881061115722368 2509.54541 0.3809 0.0463 -0.398 0.66 0.031 0.038 0.973 4938.8 4.0913 16.490416 2.033831 17.523857 15.490026 "" "" 2259.46655 2827.94043 4772.87702 1.8352 1336.2 5.307 5048.3 6.4352 "" "" 0.0027867673668559383 0.005136183 0.0040248265 0.009161009 30.67667195108 62.9714417866 2509.54541 -0.39799999999999996 0.6600000000000003
30.34503962565 62.64429604697 0.0244 0.0294 12.6977 "" "" 508847560369896832 2055.23535 0.477 0.0427 -3.701 1.168 0.03 0.036 1.03 5419.5 4.3323 16.492573 1.269648 17.040636 15.770988 "" "" 1867.90381 2297.83154 4763.40461 1.728 2085.3 6.3943 3897.3 8.0345 "" "" 0.0027833291801474796 0.0043438547 0.0043924637 0.008736318 30.34503962565 62.64429604697 2055.23535 -3.701 1.1680000000000001
29.91750458189 62.83938800749 0.0255 0.031 16.6832 "" "" 508865152555460224 1913.9231 0.498 0.0464 2.091 -2.058 0.032 0.036 1.059 6041.4 4.2174 16.493439 1.3693 17.10572 15.736421 "" "" 1789.99451 2074.94922 4759.60843 1.719 1963.9 5.3009 4023.4 7.1635 "" "" 0.0027830836405727337 0.0040464043 0.004245072 0.008291476 29.91750458189 62.83938800749 1913.9231 2.091 -2.058
30.22674141012 62.97903996905 0.0286 0.033 11.7406 "" "" 508879446208029568 2157.70264 0.4497 0.0497 2.491 1.309 0.033 0.038 0.974 4961.7 4.2885 16.49746 1.530641 17.205875 15.675235 "" "" 1949.69409 2409.93677 4742.01613 1.7967 1790.9 5.5257 4256.6 5.7828 "" "" 0.0027858603642841526 0.004359738 0.004057022 0.00841676 30.22674141012 62.97903996905 2157.70264 2.4909999999999997 1.3089999999999997
29.97449482851 62.96622906661 0.0272 0.0306 16.9134 "" "" 508889616690354560 2473.53784 0.3858 0.0482 -1.434 0.141 0.034 0.036 1.035 7662.2 4.2793 16.500568 1.424523 17.143124 15.7186 "" "" 2258.54199 2743.875 4728.45618 1.8197 1897.4 7.4102 4089.9 7.218 "" "" 0.002786821741872749 0.005075932 0.0042373743 0.009313306 29.97449482851 62.96622906661 2473.53784 -1.4340000000000002 0.14100000000000001
30.26533551983 62.84141189481 0.0374 0.0427 7.1577 "" "" 508873570692889600 2434.55664 0.3832 0.0643 -2.299 0.324 0.045 0.051 1.497 8082.8 4.2265 16.503607 1.179454 16.958838 15.779384 "" "" 2134.58276 3027.22314 4715.23869 3.3912 2248.4 7.0399 3867.3 6.3984 "" "" 0.002863832067164405 0.0043979273 0.0041845613 0.008582489 30.26533551983 62.84141189481 2434.55664 -2.299 0.32400000000000023
31.12511691487 62.79138215957 0.0267 0.0309 16.6517 "" "" 508818045353287168 2475.69678 0.378 0.045 0.507 0.881 0.031 0.036 0.977 6729.7 4.3509 16.508059 1.53758 17.216326 15.678746 "" "" 2180.80713 2822.28589 4695.94984 1.7301 1773.7 7.1021 4242.9 7.1813 "" "" 0.0027842051470032578 0.0051657576 0.004202465 0.009368222 31.12511691487 62.79138215957 2475.69678 0.507 0.881
30.50708225882 62.6537092805 0.0253 0.0298 11.1244 "" "" 508824298825542400 2523.94873 0.3762 0.0419 -0.024 1.537 0.031 0.036 1.016 7159.7 4.3553 16.508202 1.250018 17.052608 15.80259 "" "" 2277.32031 2877.68042 4695.32937 1.6488 2062.4 5.6111 3785.5 6.081 "" "" 0.0027815736433013136 0.0040633385 0.0041624126 0.008225751 30.50708225882 62.6537092805 2523.94873 -0.02400000000000002 1.5370000000000001
29.94146447804 62.97766777954 0.0266 0.0302 18.0272 "" "" 508890441324070400 2481.98169 0.3809 0.0471 -0.281 -1.471 0.032 0.035 1.036 7880.6 4.177 16.511974 1.347936 17.111109 15.763173 "" "" 2211.02393 2785.88794 4679.04295 1.9126 1954.2 6.714 3925.4 7.2921 "" "" 0.002790833496780548 0.004658297 0.004283897 0.008942194 29.94146447804 62.97766777954 2481.98169 -0.28099999999999997 -1.4709999999999999
30.36392644944 62.78858093088 0.0254 0.0307 5.3857 "" "" 508872471181294464 2192.08618 0.4373 0.0464 0.385 1.108 0.033 0.039 0.987 5950.2 4.4981 16.512487 1.243426 17.024956 15.781529 "" "" 1969.50598 2429.21094 4676.82836 1.6721 2115.6 6.9244 3859.6 20.066 "" "" 0.002782530227656451 0.004518116 0.006793132 0.011311248 30.36392644944 62.78858093088 2192.08618 0.3850000000000001 1.108
30.31120519851 62.86323484131 0.0277 0.0311 6.0757 "" "" 508873708131821440 2277.79761 0.433 0.0484 -3.029 -0.009 0.034 0.038 0.968 4862.3 4.1469 16.51252 1.744034 17.354406 15.610373 "" "" 2029.61658 2562.0896 4676.68893 1.8014 1561.9 6.8854 4518.7 6.8486 "" "" 0.0027868782259784022 0.005540194 0.0041220845 0.009662278 30.31120519851 62.86323484131 2277.79761 -3.0289999999999995 -0.009000000000000024
30.28901029554 62.88076227616 0.0266 0.0307 6.9716 "" "" 508876693123440128 1926.18848 0.5152 0.0463 -3.274 -0.641 0.031 0.037 1.019 5788.1 4.4254 16.51775 1.48657 17.200003 15.713432 "" "" 1778.30554 2146.24072 4654.21664 1.6187 1800.6 6.2919 4109.5 6.0726 "" "" 0.0027810751694979756 0.0047094505 0.0041058245 0.0088152755 30.28901029554 62.88076227616 1926.18848 -3.274 -0.6409999999999998
30.28654036658 63.1175737425 0.0275 0.0319 17.9556 "" "" 508886764832194176 2581.77148 0.3651 0.0486 -0.422 2.509 0.032 0.037 0.965 7718.7 4.1777 16.518124 1.468798 17.184639 15.715841 "" "" 2341.77197 2971.39233 4652.61294 1.749 1826.3 6.0566 4100.4 6.8413 "" "" 0.002785385756333292 0.0045551877 0.00419109 0.008746278 30.28654036658 63.1175737425 2581.77148 -0.4219999999999998 2.509
30.52181780602 62.7431849932 0.0257 0.0304 5.7444 "" "" 508825157818907904 1950.90137 0.4923 0.046 -0.294 1.209 0.032 0.038 0.996 4967.9 4.3031 16.518938 1.315387 17.095518 15.780131 "" "" 1800.95325 2138.24756 4649.12769 1.7116 1982.5 6.3956 3864.6 8.043 "" "" 0.002784163233269141 0.0044780974 0.00440337 0.008881467 30.52181780602 62.7431849932 1950.90137 -0.294 1.209
31.02414725759 62.95224455523 0.0269 0.0305 15.2063 "" "" 508831926687170048 2601.69482 0.3716 0.0444 0.79 -1.159 0.031 0.036 0.988 7508.9 4.4142 16.520273 1.227271 17.050058 15.822787 "" "" 2321.02808 2983.5376 4643.41116 1.6851 2067.3 5.6451 3715.7 6.1353 "" "" 0.002783350010791708 0.0040712366 0.0041830223 0.008254259 31.02414725759 62.95224455523 2601.69482 0.7899999999999998 -1.1589999999999998
