Clusters/Czernik_6/Czernik_6_stars_in_region.tsv
# %ECSV 1.0
# ---
# datatype:
# - name: RA_ICRS_1
#   unit: deg
#   datatype: float64
#   format: '{:15.11f}'
#   description: Right ascension (ICRS) at Ep=2016.0 (ra)
#   meta: !!omap
#   - {ucd: POS_EQ_RA_MAIN}
#   - {width: 15}
#   - {precision: '11'}
# - name: DE_ICRS_1
#   unit: deg
#   datatype: float64
#   format: '{:15.11f}'
#   description: Declination (ICRS) at Ep=2016.0 (dec)
#   meta: !!omap
#   - {ucd: POS_EQ_DEC_MAIN}
#   - {width: 15}
#   - {precision: '11'}
# - name: e_RA_ICRS
#   unit: mas
#   datatype: float64
#   format: '{:7.4f}'
#   description: Standard error of right ascension (ra_error)
#   meta: !!omap
#   - {ucd: ERROR}
#   - {width: 7}
#   - {precision: '4'}
# - name: e_DE_ICRS
#   unit: mas
#   datatype: float64
#   format: '{:7.4f}'
#   description: Standard error of declination (dec_error)
#   meta: !!omap
#   - {ucd: ERROR}
#   - {width: 7}
#   - {precision: '4'}
# - name: _r_1
#   unit: ''
#   datatype: float64
#   format: '{:7.4f}'
#   description: Distance from center (030.52661814000+62.83889937000)[ICRS], at Epoch=J2016.0
#   meta: !!omap
#   - {ucd: POS_ANG_DIST_GENERAL}
#   - {width: 7}
#   - {precision: '4'}
# - name: HIP
#   datatype: int32
#   description: '? HIP cross-id number, van Leeuwen, Cat. I/311 (hip_original_ext_source_id)'
#   meta: !!omap
#   - {ucd: ID_NUMBER}
#   - {width: 6}
#   - values: {'null': -2147483648}
# - name: TYC2
#   datatype: string
#   description: Tycho-2 cross-id name, Hog et al., Cat. I/259 (tyc2_original_ext_source_id)
#   meta: !!omap
#   - {ucd: ID_CROSSID}
#   - {_votable_string_dtype: char}
# - name: Source
#   datatype: int64
#   description: Source identifier, identical to the Gaia-EDR3 source_id (id)
#   meta: !!omap
#   - {ucd: ID_MAIN}
#   - {width: 19}
# - name: rgeo
#   unit: pc
#   datatype: float64
#   format: '{:15.8f}'
#   description: '? Median of the geometric distance posterior (r_med_geo)'
#   meta: !!omap
#   - {ucd: PHYS_DISTANCE_TRUE}
#   - {width: 15}
#   - {precision: '8'}
#   - values: {'null': .nan}
# - name: Plx
#   unit: mas
#   datatype: float64
#   format: '{:9.4f}'
#   description: '? Parallax (parallax)'
#   meta: !!omap
#   - {ucd: POS_PARLX_TRIG}
#   - {width: 9}
#   - {precision: '4'}
#   - values: {'null': .nan}
# - name: e_Plx
#   unit: mas
#   datatype: float32
#   format: '{:7.4f}'
#   description: '? Standard error of parallax (parallax_error)'
#   meta: !!omap
#   - {ucd: ERROR}
#   - {width: 7}
#   - {precision: '4'}
#   - values: {'null': .nan}
# - name: pmRA
#   unit: mas / yr
#   datatype: float64
#   format: '{:9.3f}'
#   description: '? Proper motion in right ascension direction, pmRA*cosDE (pmra)'
#   meta: !!omap
#   - {ucd: POS_EQ_PMRA}
#   - {width: 9}
#   - {precision: '3'}
#   - values: {'null': .nan}
# - name: pmDE
#   unit: mas / yr
#   datatype: float64
#   format: '{:9.3f}'
#   description: '? Proper motion in declination direction (pmdec)'
#   meta: !!omap
#   - {ucd: POS_EQ_PMDEC}
#   - {width: 9}
#   - {precision: '3'}
#   - values: {'null': .nan}
# - name: e_pmRA
#   unit: mas / yr
#   datatype: float32
#   format: '{:6.3f}'
#   description: '? Standard error of proper motion in right ascension direction (pmra_error)'
#   meta: !!omap
#   - {ucd: ERROR}
#   - {width: 6}
#   - {precision: '3'}
#   - values: {'null': .nan}
# - name: e_pmDE
[...]
#         unit: &id001 !astropy.units.Unit {unit: deg}
#         value: !astropy.table.SerializedColumn {name: SkyCoord.dec}
#       distance: !astropy.table.SerializedColumn
#         __class__: astropy.coordinates.distances.Distance
#         unit: !astropy.units.Unit {unit: pc}
#         value: !astropy.table.SerializedColumn {name: SkyCoord.distance}
#       frame: icrs
#       obstime: !astropy.time.Time {format: jyear_str, in_subfmt: '*', jd1: 367701545.0, jd2: 0.0, out_subfmt: '*', precision: 3, scale: tt}
#       pm_dec: !astropy.table.SerializedColumn
#         __class__: astropy.units.quantity.Quantity
#         unit: !astropy.units.Unit {unit: mas / yr}
#         value: !astropy.table.SerializedColumn {name: SkyCoord.pm_dec}
#       pm_ra_cosdec: !astropy.table.SerializedColumn
#         __class__: astropy.units.quantity.Quantity
#         unit: !astropy.units.Unit {unit: mas / yr}
#         value: !astropy.table.SerializedColumn {name: SkyCoord.pm_ra_cosdec}
#       ra: !astropy.table.SerializedColumn
#         __class__: astropy.coordinates.angles.Longitude
#         unit: *id001
#         value: !astropy.table.SerializedColumn {name: SkyCoord.ra}
#         wrap_angle: !astropy.coordinates.Angle
#           unit: *id001
#           value: 360.0
#       representation_type: spherical
# schema: astropy-2.0
RA_ICRS_1 DE_ICRS_1 e_RA_ICRS e_DE_ICRS _r_1 HIP TYC2 Source rgeo Plx e_Plx pmRA pmDE e_pmRA e_pmDE RUWE Teff logg Gmag BP-RP BPmag RPmag RV e_RV b_rgeo B_rgeo FG e_FG FBP e_FBP FRP e_FRP RAVE5 RAVE6 e_Gmag e_BPmag e_RPmag e_BP-RP SkyCoord.ra SkyCoord.dec SkyCoord.distance SkyCoord.pm_ra_cosdec SkyCoord.pm_dec
[from data line 571]
30.33695974654 62.8892407842 0.0325 0.0384 6.0051 "" "" 508875254320026112 2244.23022 0.4262 0.0594 -0.436 -0.913 0.039 0.046 0.986 5737.3 4.5356 16.83608 1.353819 17.44477 16.090952 "" "" 1969.74829 2646.37354 3471.47715 1.474 1437.2 5.8976 2902.5 7.9419 "" "" 0.002793620733518129 0.005256924 0.0048072347 0.010064159 30.33695974654 62.8892407842 2244.23022 -0.43599999999999994 -0.913
30.38103298636 62.60951933815 0.0293 0.0342 14.3331 "" "" 508800521885367552 2574.86719 0.3737 0.0487 -1.314 -0.459 0.036 0.041 1.023 7370.4 4.4145 16.84557 1.311235 17.422228 16.110992 "" "" 2238.65771 3018.802 3441.27329 1.3775 1467.3 5.1979 2849.5 5.7217 "" "" 0.0027893857205132395 0.004751673 0.004363102 0.009114775 30.38103298636 62.60951933815 2574.86719 -1.314 -0.45899999999999996
31.0366925477 62.8413854104 0.0307 0.0355 13.9709 "" "" 508830139984047616 2092.26587 0.4558 0.0524 1.329 -1.824 0.037 0.041 1.005 6660.8 4.3594 16.845737 1.526705 17.555878 16.029173 "" "" 1889.75354 2289.77271 3440.7393 1.5023 1297.4 5.0407 3072.5 6.446 "" "" 0.0027958036499580088 0.005057609 0.0044127395 0.009470349 31.0366925477 62.8413854104 2092.26587 1.3290000000000002 -1.8240000000000003
30.81297420648 62.97458523221 0.0303 0.0351 11.292 "" "" 508835500099955072 2628.02783 0.3694 0.0511 -0.345 -1.629 0.035 0.043 1.021 7429.4 4.3646 16.848251 1.375769 17.460531 16.084763 "" "" 2264.81226 2951.5083 3432.78047 1.4202 1416.5 6.1062 2919.1 7.1247 "" "" 0.0027916946334506487 0.0054489234 0.004615853 0.010064777 30.81297420648 62.97458523221 2628.02783 -0.3450000000000001 -1.6290000000000002
30.52490907888 62.7915180294 0.0306 0.0361 2.8433 "" "" 508826841446039296 2243.27051 0.4408 0.055 -0.934 -0.021 0.037 0.043 0.992 5206.8 4.5089 16.849047 1.310829 17.429348 16.118519 "" "" 2005.99109 2498.30566 3430.26762 1.4132 1457.7 6.0771 2829.8 5.7311 "" "" 0.002791391702345955 0.005317265 0.0043725176 0.009689783 30.52490907888 62.7915180294 2243.27051 -0.934 -0.02099999999999999
30.82694427645 63.04608873006 0.0311 0.0363 14.8905 "" "" 508836324733650432 2492.94287 0.3829 0.053 -4.559 0.909 0.036 0.044 1.005 6743.9 4.3398 16.85085 1.441208 17.512281 16.071074 "" "" 2173.83569 2773.96265 3424.58067 1.433 1350.5 4.6861 2956.2 6.7389 "" "" 0.002792525244868911 0.004688104 0.0045176847 0.009205788 30.82694427645 63.04608873006 2492.94287 -4.559 0.909
30.29146182616 62.81743218322 0.0297 0.0347 6.5707 "" "" 508873124016306432 2353.63623 0.4029 0.0537 -3.049 0.187 0.037 0.043 0.995 7333.6 4.3545 16.855719 1.212111 17.387045 16.174934 "" "" 2119.39331 2762.12305 3409.25531 1.3929 1515.7 6.5134 2686.5 6.9841 "" "" 0.002790799914781315 0.00543636 0.0047170697 0.01015343 30.29146182616 62.81743218322 2353.63623 -3.049 0.1870000000000001
31.07906457372 62.81284639902 0.0309 0.0361 15.2185 "" "" 508829865103272832 1973.58435 0.4737 0.0532 -1.013 -1.379 0.037 0.043 0.965 6347.9 4.4909 16.860998 1.386499 17.478575 16.092075 "" "" 1784.38599 2204.62231 3392.71328 1.5436 1393.1 4.2538 2899.5 4.7079 "" "" 0.0027992514173343654 0.0043331366 0.004170318 0.008503455 31.07906457372 62.81284639902 1973.58435 -1.0130000000000001 -1.3790000000000002
30.93281759111 62.81826829622 0.0336 0.0383 11.1982 "" "" 508829315347149952 2683.89868 0.3537 0.0568 -1.323 -0.558 0.038 0.044 0.958 9360.6 4.3844 16.864006 1.089836 17.319345 16.22951 "" "" 2326.34912 3151.95337 3383.32911 1.7101 1613.2 6.2688 2554.8 5.9005 "" "" 0.0028094400639562906 0.0050582513 0.004535606 0.009593857 30.93281759111 62.81826829622 2683.89868 -1.323 -0.558
30.19563161166 63.02884036053 0.032 0.038 14.5442 "" "" 508880202122241408 2505.48462 0.3741 0.0569 -3.035 0.094 0.037 0.045 1.035 7204.8 4.343 16.865988 1.568151 17.589617 16.021465 "" "" 2199.11548 2921.01855 3377.16227 1.523 1257.7 5.4626 3094.4 5.5196 "" "" 0.002798487382706809 0.005479318 0.0042466945 0.009726012 30.19563161166 63.02884036053 2505.48462 -3.035 0.09399999999999979
30.68799207911 62.98280614266 0.0312 0.0359 9.695 "" "" 508881095475451136 2505.74561 0.3825 0.054 -1.763 -0.148 0.036 0.043 0.992 7582.9 4.4425 16.868626 1.278908 17.42625 16.147343 "" "" 2245.68799 2980.31616 3368.96632 1.4496 1461.9 5.5389 2755.6 6.9339 "" "" 0.002794644532375783 0.004970652 0.004663445 0.009634097 30.68799207911 62.98280614266 2505.74561 -1.763 -0.14800000000000002
30.29492285146 62.75108144425 0.0307 0.0364 8.2556 "" "" 508872677339742208 2249.94653 0.4336 0.0552 -2.072 -0.058 0.04 0.045 1.053 5713.9 4.591 16.869244 1.453262 17.52179 16.068527 "" "" 2010.18787 2586.95435 3367.05049 1.4403 1338.8 6.1382 2963.1 6.3649 "" "" 0.0027941889608432448 0.0057065687 0.004441056 0.010147625 30.29492285146 62.75108144425 2249.94653 -2.072 -0.05799999999999998
30.62341935069 63.0053931858 0.0344 0.0411 10.3336 "" "" 508881439072823552 2449.99609 0.3898 0.0631 -2.73 -1.199 0.04 0.049 1.109 5619.7 4.6246 16.871864 1.426119 17.488302 16.062183 "" "" 2201.24438 2933.20483 3358.93219 1.9181 1380.7 6.1869 2980.5 7.5993 "" "" 0.002824215651142326 0.00560847 0.0046847686 0.010293239 30.62341935069 63.0053931858 2449.99609 -2.73 -1.1989999999999996
30.1266597719 62.73599820994 0.0327 0.0381 12.5914 "" "" 508851924056625408 2089.12866 0.4721 0.057 -2.749 -0.613 0.041 0.047 1.107 5550.6 4.6136 16.872921 1.411415 17.484648 16.073233 "" "" 1895.5083 2382.61792 3355.66107 2.153 1385.3 5.9559 2950.3 7.0102 "" "" 0.002842016204997203 0.0054382877 0.004575934 0.010014221 30.1266597719 62.73599820994 2089.12866 -2.749 -0.6129999999999999
30.16882060445 62.87434131867 0.0317 0.0363 10.0222 "" "" 508876491270625792 2502.00269 0.3886 0.057 1.326 -0.44 0.038 0.044 1.032 5580.9 4.5861 16.873598 1.462736 17.538013 16.075277 "" "" 2167.82739 2767.90527 3353.57257 1.4932 1318.9 5.5839 2944.7 6.1891 "" "" 0.002797408623446572 0.0053772745 0.0044148765 0.009792151 30.16882060445 62.87434131867 2502.00269 1.326 -0.44
31.071195454 62.93924132799 0.0333 0.0385 16.0613 "" "" 508831686169006080 2514.12061 0.384 0.0547 -0.944 -0.261 0.039 0.045 1.035 7391.9 4.3053 16.88338 1.302607 17.453869 16.151262 "" "" 2202.28735 2875.19067 3323.48855 1.7657 1425.2 6.1542 2745.7 5.9145 "" "" 0.0028150525778884916 0.005455794 0.004444504 0.009900298 31.071195454 62.93924132799 2514.12061 -0.944 -0.261
30.33216085855 62.9860355852 0.0333 0.0372 10.3035 "" "" 508879136970376192 1888.4425 0.5069 0.0571 -1.056 -0.46 0.04 0.043 0.971 7339.1 4.4359 16.883493 1.376707 17.498547 16.12184 "" "" 1714.82104 2058.42236 3323.14661 1.5183 1367.7 9.9379 2821.1 6.9329 "" "" 0.0027996183462567093 0.008367983 0.004626348 0.01299433 30.33216085855 62.9860355852 1888.4425 -1.056 -0.4600000000000001
30.74711799142 62.84808225261 0.0387 0.0459 6.0635 "" "" 508832373363843456 1907.12769 0.5221 0.0681 -0.67 0.041 0.046 0.053 1.264 "" "" 16.885319 1.249258 17.261776 16.012518 "" "" 1691.68921 2419.80957 3317.56354 3.6051 1701.0 29.884 3120.0 32.916 "" "" 0.002997299958168865 0.019277731 0.012061909 0.031339638 30.74711799142 62.84808225261 1907.12769 -0.6699999999999999 0.04100000000000006
30.81955618104 62.94670788749 0.0318 0.0371 10.2947 "" "" 508835289638925568 2154.97559 0.4426 0.0549 0.725 -2.445 0.037 0.043 0.999 5033.5 4.4029 16.885399 1.659777 17.679308 16.019531 "" "" 1918.84448 2441.25366 3317.31634 1.4429 1158.0 5.5312 3099.9 7.453 "" "" 0.002795498378230279 0.0058889696 0.004593249 0.010482218 30.81955618104 62.94670788749 2154.97559 0.7249999999999999 -2.445
30.88457281983 62.66433667244 0.0322 0.0389 14.3664 "" "" 508821412607487744 2406.99072 0.3916 0.0564 0.564 -1.31 0.038 0.045 1.01 7134.6 4.3447 16.885735 1.290209 17.459345 16.169136 "" "" 2135.04248 2756.7749 3316.29033 1.4244 1418.0 7.5223 2700.9 8.3806 "" "" 0.002794505936844768 0.006399923 0.0050629396 0.011462863 30.88457281983 62.66433667244 2406.99072 0.5640000000000001 -1.31
29.93512392283 62.84644729313 0.0311 0.0365 16.205 "" "" 508865530512572672 2426.27832 0.3918 0.0561 -0.832 -1.402 0.038 0.043 1.016 5855.5 4.5629 16.895185 1.407059 17.529972 16.122913 "" "" 2155.87769 2751.29199 3287.55175 1.5338 1328.7 5.5486 2818.3 5.1775 "" "" 0.0028014960456773 0.005323733 0.004273427 0.00959716 29.93512392283 62.84644729313 2426.27832 -0.8320000000000001 -1.402
30.68710840472 62.58582557194 0.0292 0.0354 15.8132 "" "" 508820003858289408 2359.45142 0.4217 0.0511 -0.853 -0.596 0.036 0.043 0.998 5485.1 4.3926 16.902634 1.272045 17.455894 16.18385 "" "" 2114.02466 2711.24463 3265.07438 1.4168 1422.5 4.9867 2664.5 5.4803 "" "" 0.0027953089022782615 0.004719299 0.0043898257 0.009109125 30.68710840472 62.58582557194 2359.45142 -0.8530000000000001 -0.5960000000000001
30.66418886363 62.5419625216 0.0295 0.0359 18.2142 "" "" 508796398716797056 2087.24512 0.4729 0.0528 -1.463 1.174 0.036 0.044 1.046 5892.5 4.4574 16.907793 1.351011 17.509935 16.158924 "" "" 1857.19861 2390.01733 3249.59804 1.3454 1353.5 6.1038 2726.4 5.7719 "" "" 0.0027917476407379625 0.005635478 0.0044234656 0.010058943 30.66418886363 62.5419625216 2087.24512 -1.463 1.1740000000000002
29.90079006814 62.85019948943 0.0311 0.0368 17.1512 "" "" 508865221274923776 2588.25293 0.3802 0.0549 -1.575 1.306 0.038 0.043 1.017 7687.1 4.3715 16.911572 1.344114 17.516281 16.172167 "" "" 2217.26465 2939.37915 3238.30957 1.4314 1345.6 6.7953 2693.3 6.7311 "" "" 0.002796803636800441 0.006152086 0.004652598 0.010804684 29.90079006814 62.85019948943 2588.25293 -1.5749999999999997 1.306
30.54527970192 62.75439698941 0.031 0.0366 5.0959 "" "" 508825050436101888 2560.63867 0.3771 0.0542 0.54 -0.316 0.038 0.045 1.014 8258.4 4.4497 16.911932 1.136488 17.398321 16.261833 "" "" 2210.77344 2884.81177 3237.23183 1.4525 1500.0 6.2399 2479.8 5.9139 "" "" 0.0027980544695394047 0.00530892 0.0045812856 0.009890206 30.54527970192 62.75439698941 2560.63867 0.54 -0.31600000000000006
30.24711987524 62.81798252617 0.0308 0.0369 7.7602 "" "" 508873158377592832 2012.38831 0.4773 0.0554 -3.123 0.439 0.038 0.044 1.0 7191.5 4.2902 16.912287 1.322493 17.496546 16.174053 "" "" 1831.43896 2215.96753 3236.17697 1.3823 1370.2 6.8982 2688.7 6.7122 "" "" 0.002794076556062869 0.0061370265 0.004650855 0.010787882 30.24711987524 62.81798252617 2012.38831 -3.123 0.4390000000000001
30.53660415285 62.55938020788 0.0285 0.0348 16.7734 "" "" 508799181855596800 2627.35376 0.3692 0.051 -1.133 0.245 0.035 0.043 1.012 7197.5 4.341 16.913895 1.381128 17.53121 16.150082 "" "" 2293.71631 2951.62891 3231.38766 1.3785 1327.2 4.9931 2748.7 5.4578 "" "" 0.0027939787797469267 0.004946683 0.004351015 0.009297699 30.53660415285 62.55938020788 2627.35376 -1.133 0.2449999999999999
30.74401333777 63.10306220597 0.0327 0.0379 16.9219 "" "" 508883569376518656 2592.07446 0.3545 0.0559 -0.184 2.488 0.038 0.045 1.037 6694.6 4.3282 16.914665 1.523615 17.618452 16.094837 "" "" 2216.88135 3292.22729 3229.09161 1.4179 1224.7 5.5243 2892.2 7.0878 "" "" 0.002796261567053459 0.0056365123 0.0046220585 0.01025857 30.74401333777 63.10306220597 2592.07446 -0.18399999999999983 2.488
30.8711283295 62.74722060504 0.0345 0.0392 10.935 "" "" 508822890076152704 2517.16162 0.4124 0.0564 -0.962 1.343 0.042 0.047 1.02 6868.5 4.3577 16.916101 1.228903 17.453375 16.224472 "" "" 2172.08472 2837.45703 3224.826 1.4427 1425.8 6.6184 2566.7 5.4581 "" "" 0.0027978066569722833 0.005760665 0.0044288137 0.010189479 30.8711283295 62.74722060504 2517.16162 -0.962 1.3430000000000004
31.02801739082 62.98640378103 0.0317 0.0381 16.3089 "" "" 514839726940547200 2567.27905 0.3744 0.0528 0.712 2.461 0.038 0.046 1.036 6098.8 4.4783 16.918053 1.365635 17.50956 16.143925 "" "" 2271.97144 2868.94653 3219.03509 1.4036 1353.9 6.2939 2764.3 7.379 "" "" 0.0027956951004395334 0.0057671573 0.0047627315 0.010529889 31.02801739082 62.98640378103 2567.27905 0.712 2.461
30.51063436759 62.83837239308 0.0329 0.0397 0.4389 "" "" 508873983009742592 1863.82117 0.5254 0.0595 -0.926 -0.336 0.04 0.047 1.004 4736.2 4.2917 16.921055 1.649708 17.626385 15.976677 "" "" 1650.03601 2149.1272 3210.14796 5.8405 1215.8 17.03 3224.7 18.503 "" "" 0.0033902640956969426 0.015461996 0.0072866096 0.022748606 30.51063436759 62.83837239308 1863.82117 -0.9259999999999999 -0.336
30.67063202801 62.89450229081 0.0332 0.0387 5.1633 "" "" 508833507235174272 2142.84326 0.461 0.0588 -0.701 -0.5 0.039 0.046 0.968 5626.3 4.6479 16.923517 1.29961 17.496752 16.197142 "" "" 1898.57263 2421.98657 3202.87301 1.4318 1370.0 6.7842 2632.1 6.0144 "" "" 0.0027977431903521304 0.006057406 0.0045209215 0.010578327 30.67063202801 62.89450229081 2142.84326 -0.701 -0.5000000000000001
30.1015940726 62.87550113137 0.0316 0.0367 11.8394 "" "" 508877281544313216 2672.00195 0.3667 0.0564 -2.218 -0.547 0.039 0.044 0.992 5246.0 4.3715 16.924421 1.385471 17.54629 16.160818 "" "" 2289.9021 3078.71338 3200.20591 1.4723 1308.9 6.1694 2721.6 7.2372 "" "" 0.0028002317690012106 0.0058287396 0.0047559864 0.010584726 30.1015940726 62.87550113137 2672.00195 -2.218 -0.547
30.13453771494 62.72225588423 0.0295 0.0355 12.836 "" "" 508848969119131008 2511.12866 0.3951 0.0526 -2.574 -0.748 0.037 0.044 1.02 5755.6 4.6098 16.925003 1.341145 17.456345 16.1152 "" "" 2187.68359 2787.26392 3198.49606 1.4623 1421.9 10.023 2838.4 18.443 "" "" 0.0027996755623417367 0.008146115 0.008003335 0.01614945 30.13453771494 62.72225588423 2511.12866 -2.5740000000000003 -0.748
30.58441976974 62.64236714465 0.0318 0.0357 11.8984 "" "" 508823302393134464 2699.53174 0.3472 0.0525 -3.234 -1.664 0.041 0.045 0.921 6334.1 4.4936 16.938908 1.197561 17.454533 16.256971 "" "" 2344.7666 3059.25122 3157.79091 1.3993 1424.3 4.3211 2491.0 5.1656 "" "" 0.0027970098470417363 0.0043168464 0.0043992004 0.008716047 30.58441976974 62.64236714465 2699.53174 -3.234 -1.664
31.04149019437 62.75454767509 0.0351 0.0394 15.0018 "" "" 508827769159287168 2263.22949 0.4326 0.0594 -2.316 -0.363 0.041 0.046 1.038 5159.7 4.3835 16.940516 1.351385 17.53234 16.180954 "" "" 1995.12988 2735.36328 3153.12241 1.5812 1325.8 6.17 2671.6 5.4639 "" "" 0.0028085996435114726 0.0057719806 0.00438343 0.0101554105 31.04149019437 62.75454767509 2263.22949 -2.316 -0.36300000000000027
30.91785793272 63.08111113332 0.0328 0.0378 18.0301 "" "" 514841032610580736 1878.07092 0.5085 0.0553 2.163 3.499 0.039 0.046 0.955 5605.0 4.6381 16.941729 1.457544 17.601187 16.143642 "" "" 1698.28894 2124.19727 3149.59661 1.4496 1244.3 7.607 2765.0 6.2003 "" "" 0.002800267647337275 0.007200214 0.0044957083 0.011695922 30.91785793272 63.08111113332 1878.07092 2.163 3.499
30.83003508377 62.99978224789 0.0358 0.042 12.7226 "" "" 508835912416803200 2661.20801 0.3513 0.0613 -2.97 1.378 0.041 0.05 1.15 7189.5 4.3248 16.948322 1.271061 17.501644 16.230583 "" "" 2325.59692 3114.15503 3130.53112 1.6436 1363.8 4.3677 2552.3 5.0986 "" "" 0.0028136685380934 0.0044582267 0.0043575154 0.008815742 30.83003508377 62.99978224789 2661.20801 -2.9699999999999998 1.3779999999999997
30.68482609317 62.88973373541 0.0339 0.0394 5.296 "" "" 508833507235176832 2569.06177 0.3795 0.0588 1.785 -1.806 0.04 0.047 1.008 "" "" 16.950123 1.497583 17.647562 16.149979 "" "" 2210.26685 3060.0813 3125.34511 1.421 1192.3 4.7664 2748.9 4.9064 "" "" 0.002799192943100078 0.005159852 0.0042472496 0.009407101 30.68482609317 62.88973373541 2569.06177 1.7849999999999997 -1.8059999999999998
30.615279185 62.88269992513 0.0331 0.0392 3.577 "" "" 508827563000447488 2624.91089 0.3524 0.058 -1.529 -0.147 0.039 0.046 0.994 9495.8 4.3827 16.952782 1.248703 17.480707 16.232004 "" "" 2328.14185 3055.88452 3117.69998 1.4771 1390.4 7.2729 2548.9 8.6316 "" "" 0.0028029262324685542 0.006327646 0.0052727736 0.01160042 30.615279185 62.88269992513 2624.91089 -1.529 -0.14699999999999994
