Clusters/UBC_192/UBC_192_members.tsv
# %ECSV 1.0
# ---
# datatype:
# - name: RA_ICRS_1
#   unit: deg
#   datatype: float64
#   format: '{:15.11f}'
#   description: Right ascension (ICRS) at Ep=2016.0 (ra)
#   meta: !!omap
#   - {ucd: POS_EQ_RA_MAIN}
#   - {width: 15}
#   - {precision: '11'}
# - name: DE_ICRS_1
#   unit: deg
#   datatype: float64
#   format: '{:15.11f}'
#   description: Declination (ICRS) at Ep=2016.0 (dec)
#   meta: !!omap
#   - {ucd: POS_EQ_DEC_MAIN}
#   - {width: 15}
#   - {precision: '11'}
# - name: e_RA_ICRS
#   unit: mas
#   datatype: float64
#   format: '{:7.4f}'
#   description: Standard error of right ascension (ra_error)
#   meta: !!omap
#   - {ucd: ERROR}
#   - {width: 7}
#   - {precision: '4'}
# - name: e_DE_ICRS
#   unit: mas
#   datatype: float64
#   format: '{:7.4f}'
#   description: Standard error of declination (dec_error)
#   meta: !!omap
#   - {ucd: ERROR}
#   - {width: 7}
#   - {precision: '4'}
# - name: _r_1
#   unit: ''
#   datatype: float64
#   format: '{:7.4f}'
#   description: Distance from center (037.02161556000+57.17239869000)[ICRS], at Epoch=J2016.0
#   meta: !!omap
#   - {ucd: POS_ANG_DIST_GENERAL}
#   - {width: 7}
#   - {precision: '4'}
# - name: HIP
#   datatype: int32
#   description: '? HIP cross-id number, van Leeuwen, Cat. I/311 (hip_original_ext_source_id)'
#   meta: !!omap
#   - {ucd: ID_NUMBER}
#   - {width: 6}
#   - values: {'null': -2147483648}
# - name: TYC2
#   datatype: string
#   description: Tycho-2 cross-id name, Hog et al., Cat. I/259 (tyc2_original_ext_source_id)
#   meta: !!omap
#   - {ucd: ID_CROSSID}
#   - {_votable_string_dtype: char}
# - name: Source
#   datatype: int64
#   description: Source identifier, identical to the Gaia-EDR3 source_id (id)
#   meta: !!omap
#   - {ucd: ID_MAIN}
#   - {width: 19}
# - name: rgeo
#   unit: pc
#   datatype: float64
#   format: '{:15.8f}'
#   description: '? Median of the geometric distance posterior (r_med_geo)'
#   meta: !!omap
#   - {ucd: PHYS_DISTANCE_TRUE}
#   - {width: 15}
#   - {precision: '8'}
#   - values: {'null': .nan}
# - name: Plx
#   unit: mas
#   datatype: float64
#   format: '{:9.4f}'
#   description: '? Parallax (parallax)'
#   meta: !!omap
#   - {ucd: POS_PARLX_TRIG}
#   - {width: 9}
#   - {precision: '4'}
#   - values: {'null': .nan}
# - name: e_Plx
#   unit: mas
#   datatype: float32
#   format: '{:7.4f}'
#   description: '? Standard error of parallax (parallax_error)'
#   meta: !!omap
#   - {ucd: ERROR}
#   - {width: 7}
#   - {precision: '4'}
#   - values: {'null': .nan}
# - name: pmRA
#   unit: mas / yr
#   datatype: float64
#   format: '{:9.3f}'
#   description: '? Proper motion in right ascension direction, pmRA*cosDE (pmra)'
#   meta: !!omap
#   - {ucd: POS_EQ_PMRA}
#   - {width: 9}
#   - {precision: '3'}
#   - values: {'null': .nan}
# - name: pmDE
#   unit: mas / yr
#   datatype: float64
#   format: '{:9.3f}'
#   description: '? Proper motion in declination direction (pmdec)'
#   meta: !!omap
#   - {ucd: POS_EQ_PMDEC}
#   - {width: 9}
#   - {precision: '3'}
#   - values: {'null': .nan}
# - name: e_pmRA
#   unit: mas / yr
#   datatype: float32
#   format: '{:6.3f}'
#   description: '? Standard error of proper motion in right ascension direction (pmra_error)'
#   meta: !!omap
#   - {ucd: ERROR}
#   - {width: 6}
#   - {precision: '3'}
#   - values: {'null': .nan}
# - name: e_pmDE
[...]
#         unit: &id001 !astropy.units.Unit {unit: deg}
#         value: !astropy.table.SerializedColumn {name: SkyCoord.dec}
#       distance: !astropy.table.SerializedColumn
#         __class__: astropy.coordinates.distances.Distance
#         unit: !astropy.units.Unit {unit: pc}
#         value: !astropy.table.SerializedColumn {name: SkyCoord.distance}
#       frame: icrs
#       obstime: !astropy.time.Time {format: jyear_str, in_subfmt: '*', jd1: 367701545.0, jd2: 0.0, out_subfmt: '*', precision: 3, scale: tt}
#       pm_dec: !astropy.table.SerializedColumn
#         __class__: astropy.units.quantity.Quantity
#         unit: !astropy.units.Unit {unit: mas / yr}
#         value: !astropy.table.SerializedColumn {name: SkyCoord.pm_dec}
#       pm_ra_cosdec: !astropy.table.SerializedColumn
#         __class__: astropy.units.quantity.Quantity
#         unit: !astropy.units.Unit {unit: mas / yr}
#         value: !astropy.table.SerializedColumn {name: SkyCoord.pm_ra_cosdec}
#       ra: !astropy.table.SerializedColumn
#         __class__: astropy.coordinates.angles.Longitude
#         unit: *id001
#         value: !astropy.table.SerializedColumn {name: SkyCoord.ra}
#         wrap_angle: !astropy.coordinates.Angle
#           unit: *id001
#           value: 360.0
#       representation_type: spherical
# schema: astropy-2.0
RA_ICRS_1 DE_ICRS_1 e_RA_ICRS e_DE_ICRS _r_1 HIP TYC2 Source rgeo Plx e_Plx pmRA pmDE e_pmRA e_pmDE RUWE Teff logg Gmag BP-RP BPmag RPmag RV e_RV b_rgeo B_rgeo FG e_FG FBP e_FBP FRP e_FRP RAVE5 RAVE6 e_Gmag e_BPmag e_RPmag e_BP-RP SkyCoord.ra SkyCoord.dec SkyCoord.distance SkyCoord.pm_ra_cosdec SkyCoord.pm_dec Pmemb
[from data line 159]
36.58395826577 57.0565783072 0.0174 0.0214 15.8612 "" "" 457666187450069120 1987.84326 0.4697 0.0307 -0.468 -1.037 0.023 0.026 0.983 9505.3 4.4368 15.309442 0.779897 15.612192 14.832295 "" "" 1881.67932 2130.53442 14163.46915 3.7962 7772.1 12.228 9252.1 9.3712 "" "" 0.0027706451599318165 0.0032715488 0.003936127 0.007207676 36.58395826577 57.0565783072 1987.84326 -0.46799999999999997 -1.0369999999999995 0.84
37.47274640025 57.24908003617 0.0172 0.0188 15.3637 "" "" 458034317686911744 2176.73926 0.428 0.0288 -0.514 -1.308 0.024 0.023 1.0 9406.7 4.1743 15.323527 0.98711 15.727324 14.740213 "" "" 2050.81836 2309.18872 13980.92653 3.2652 6990.2 8.6061 10071.0 9.721 "" "" 0.002766963538057303 0.0030938445 0.003921994 0.0070158383 37.47274640025 57.24908003617 2176.73926 -0.514 -1.3080000000000003 0.97
37.21212262442 57.12308632791 0.0166 0.0196 6.8704 "" "" 457659487300742016 1925.22742 0.488 0.0274 -0.295 -1.316 0.022 0.024 1.02 9310.1 4.3057 15.329164 0.848574 15.665738 14.817164 "" "" 1836.21094 2023.29675 13908.52261 3.2624 7398.1 7.653 9381.9 8.4698 "" "" 0.002767064693582769 0.0030077405 0.0039044186 0.006912159 37.21212262442 57.12308632791 1925.22742 -0.29500000000000004 -1.3160000000000003 0.95
37.32177109131 57.47136722939 0.0187 0.0206 20.404 "" "" 458056995113904512 2308.53564 0.3985 0.0297 -0.289 -1.066 0.025 0.025 1.012 8746.6 3.5807 15.377625 1.025929 15.80047 14.774542 "" "" 2159.3479 2455.43433 13301.37754 3.3249 6534.7 9.8925 9757.6 10.213 "" "" 0.002768654213012796 0.0032382982 0.0039465367 0.007184835 37.32177109131 57.47136722939 2308.53564 -0.289 -1.0659999999999996 0.92
36.8033643681 57.26244293549 0.0179 0.0238 8.9141 "" "" 457676456705894272 2563.96533 0.366 0.0322 -0.544 -1.114 0.024 0.03 1.032 7446.2 4.1065 15.407383 1.107822 15.870832 14.763011 "" "" 2377.55249 2838.27222 12941.76171 4.4574 6124.7 11.695 9861.7 12.372 "" "" 0.002780580393991098 0.0034760863 0.0040173465 0.0074934326 36.8033643681 57.26244293549 2563.96533 -0.5439999999999998 -1.1139999999999999 0.9
36.75658755881 56.93413720118 0.0197 0.0222 16.708 "" "" 457661480165775360 1994.1322 0.4655 0.0327 -0.474 -1.127 0.027 0.028 1.033 7807.1 4.1303 15.423987 1.14616 15.910666 14.764506 "" "" 1855.81714 2182.4104 12745.34675 3.3087 5904.1 10.618 9848.2 14.406 "" "" 0.002769699120624204 0.0034055389 0.0040995334 0.0075050723 36.75658755881 56.93413720118 1994.1322 -0.4739999999999998 -1.1270000000000002 0.85
37.63221948325 57.27030066168 0.0184 0.019 20.6861 "" "" 458039196769744896 2295.70947 0.4049 0.0287 -0.348 -0.973 0.025 0.024 1.023 9251.7 4.2016 15.442809 0.982683 15.843809 14.861126 "" "" 2167.91309 2426.02393 12526.30764 3.1903 6279.0 8.9305 9009.6 9.6636 "" "" 0.002769161406989442 0.0031889917 0.0039547314 0.007143723 37.63221948325 57.27030066168 2295.70947 -0.3479999999999998 -0.9729999999999996 0.83
36.86210473484 57.34260063467 0.0184 0.0225 11.4491 "" "" 457677904120399616 2315.17163 0.4056 0.0323 -0.3 -1.031 0.026 0.027 0.964 9246.4 4.2183 15.462355 0.844028 15.795513 14.951485 "" "" 2172.69775 2492.99048 12302.82811 3.2592 6564.6 14.484 8290.2 10.605 "" "" 0.002770292217700964 0.0036774569 0.0040265075 0.0077039646 36.86210473484 57.34260063467 2315.17163 -0.30000000000000016 -1.031 0.86
37.38588321176 56.80690127919 0.0187 0.0233 24.9538 "" "" 457604168120601088 2199.34546 0.4272 0.034 -0.475 -1.176 0.024 0.029 0.976 8978.1 4.3091 15.466008 0.880317 15.819838 14.939521 "" "" 2012.7655 2390.07739 12261.49193 3.1902 6419.2 8.7398 8382.0 10.787 "" "" 0.0027697632516441714 0.0031575689 0.0040293997 0.007186969 37.38588321176 56.80690127919 2199.34546 -0.4750000000000001 -1.1759999999999997 0.86
36.85240770904 57.52412030787 0.0195 0.0224 21.8026 "" "" 458805281494525952 2276.27759 0.417 0.0324 -0.449 -0.971 0.025 0.029 0.97 9433.0 4.3133 15.512917 1.101105 15.973937 14.872832 "" "" 2102.19507 2443.40942 11743.02582 3.1705 5569.8 12.876 8913.0 14.17 "" "" 0.0027708697666541772 0.0037529876 0.0041549015 0.007907889 36.85240770904 57.52412030787 2276.27759 -0.44899999999999995 -0.9709999999999999 0.91
36.61900156924 57.28731127021 0.0186 0.024 14.7818 "" "" 458426808979362688 2329.2749 0.4021 0.0329 -0.419 -1.126 0.025 0.03 1.008 9251.2 4.3508 15.518916 0.911789 15.887459 14.97567 "" "" 2165.57056 2490.03467 11678.32192 3.3002 6031.6 12.127 8107.6 11.669 "" "" 0.0027723506463300292 0.003542647 0.0040897 0.007632347 36.61900156924 57.28731127021 2329.2749 -0.419 -1.126 0.85
36.8721769059 57.22760038651 0.0185 0.0237 5.8789 "" "" 457676151773799552 2147.21753 0.4349 0.0317 -0.263 -1.077 0.025 0.029 1.001 9269.9 4.3683 15.535887 0.920787 15.908813 14.988027 "" "" 2023.11011 2296.59424 11497.19474 3.053 5914.1 10.422 8015.8 9.586 "" "" 0.00277036312895552 0.003383168 0.0039962004 0.0073793684 36.8721769059 57.22760038651 2147.21753 -0.26299999999999985 -1.077 0.81
37.12047412379 57.2560306661 0.0195 0.0229 5.9578 "" "" 458047958502895744 2006.39392 0.4704 0.0322 -0.557 -1.176 0.027 0.029 1.005 7665.0 4.2192 15.535964 1.16386 15.995842 14.831982 "" "" 1893.59497 2146.91455 11496.3834 3.1847 5458.6 20.189 9254.8 62.124 "" "" 0.0027716873516959117 0.0048898505 0.008209793 0.013099643 37.12047412379 57.2560306661 2006.39392 -0.5570000000000003 -1.176 0.82
36.81621191406 56.98582989346 0.021 0.0246 13.045 "" "" 457663163792903424 2257.52954 0.4138 0.0367 -0.534 -1.093 0.028 0.03 1.027 8794.5 4.2575 15.561529 0.953211 15.951222 14.998012 "" "" 2079.03247 2457.15405 11228.84651 3.5656 5687.6 11.964 7942.4 10.982 "" "" 0.0027768059957236613 0.0036057062 0.004066631 0.0076723373 36.81621191406 56.98582989346 2257.52954 -0.534 -1.0929999999999995 0.95
36.91858992842 57.09554222144 0.0207 0.0266 5.7025 "" "" 457670344978118016 2009.0343 0.4756 0.035 -0.571 -1.229 0.028 0.033 1.029 9086.6 4.4743 15.64142 0.985984 16.044827 15.058843 "" "" 1882.22607 2132.17383 10432.26453 2.9874 5217.8 10.792 7509.7 11.684 "" "" 0.00277280659254879 0.0035816082 0.0041397205 0.0077213286 36.91858992842 57.09554222144 2009.0343 -0.571 -1.2289999999999996 0.9
36.60090065243 57.34358437796 0.0227 0.027 17.0849 "" "" 458427771051782144 2124.76416 0.4465 0.039 -0.54 -1.155 0.031 0.033 0.998 9102.6 4.3899 15.652588 0.979753 16.054771 15.075019 "" "" 1952.4696 2380.73975 10325.51603 3.6205 5170.2 8.7003 7398.6 12.533 "" "" 0.0027814961289901368 0.003335142 0.004203141 0.0075382832 36.60090065243 57.34358437796 2124.76416 -0.5400000000000003 -1.1550000000000002 0.87
36.63580947955 57.15989874881 0.0198 0.0243 12.5735 "" "" 457669176746987520 1945.46704 0.4906 0.0354 -0.291 -1.155 0.027 0.031 1.018 7920.7 4.3751 15.678591 0.948796 16.062141 15.113345 "" "" 1836.92004 2137.83569 10081.16211 2.938 5135.2 10.179 7142.0 7.4196 "" "" 0.0027734295988810337 0.0035237463 0.003944106 0.007467852 36.63580947955 57.15989874881 1945.46704 -0.291 -1.155 0.95
37.20210726494 56.83847078199 0.0202 0.0231 20.8855 "" "" 457651928158541568 1973.63672 0.4762 0.0364 -0.18 -1.232 0.026 0.029 0.957 7191.3 4.3446 15.694841 1.192649 16.206497 15.013848 "" "" 1861.01318 2118.24878 9931.39605 2.4993 4495.9 13.408 7827.4 10.139 "" "" 0.002768834667241533 0.004274277 0.0040325704 0.008306848 37.20210726494 56.83847078199 1973.63672 -0.17999999999999972 -1.2319999999999998 0.83
36.80536062923 57.27785792251 0.0208 0.0272 9.4538 "" "" 457677251285398144 2120.29614 0.4529 0.0384 -0.31 -1.058 0.029 0.034 0.941 8505.2 4.4492 15.694975 0.939741 16.075504 15.135763 "" "" 1964.99719 2294.50366 9930.17381 3.258 5072.4 10.941 6996.0 10.765 "" "" 0.00277825164752053 0.0036427367 0.004132171 0.007774908 36.80536062923 57.27785792251 2120.29614 -0.31000000000000005 -1.0579999999999996 0.87
36.36809540559 57.20823618849 0.021 0.0245 21.3551 "" "" 458420830384787072 2390.36914 0.3887 0.0349 -0.577 -1.157 0.028 0.031 0.993 7587.3 4.1937 15.725017 1.070212 16.172003 15.10179 "" "" 2251.89233 2601.51855 9659.17783 3.0297 4641.0 14.797 7218.4 10.42 "" "" 0.002776286234013956 0.00444615 0.0040914724 0.008537622 36.36809540559 57.20823618849 2390.36914 -0.5769999999999998 -1.1569999999999996 0.9
37.10896705441 57.50561759871 0.0222 0.0246 20.1922 "" "" 458055311486720256 2229.19946 0.423 0.0344 -0.38 -1.14 0.028 0.03 0.983 9308.5 4.1158 15.72614 1.153809 16.215675 15.061867 "" "" 2057.13062 2391.35352 9649.18814 2.906 4458.1 8.5999 7488.8 13.357 "" "" 0.0027746547955330163 0.0034888003 0.0042466247 0.0077354247 37.10896705441 57.50561759871 2229.19946 -0.38 -1.1399999999999997 0.93
36.97039576483 57.46309998406 0.0205 0.0247 17.5208 "" "" 458054040176437248 2216.46265 0.4227 0.034 -0.452 -1.129 0.028 0.03 1.011 8071.0 3.5884 15.726901 1.073671 16.174448 15.100777 "" "" 2089.48804 2385.88916 9642.42891 2.6609 4630.6 10.02 7225.2 9.0313 "" "" 0.0027715626894067166 0.003647557 0.0040156636 0.0076632206 36.97039576483 57.46309998406 2216.46265 -0.45199999999999985 -1.1290000000000002 0.94
36.75705310992 57.29597668663 0.0217 0.027 11.3482 "" "" 457677491803558912 2332.34155 0.4034 0.0399 -0.353 -1.109 0.031 0.035 0.95 8454.1 4.4206 15.742928 1.001099 16.15533 15.154232 "" "" 2166.91797 2603.1001 9501.13998 3.0378 4712.9 11.302 6878.1 8.6863 "" "" 0.00277710232430478 0.0038163224 0.0040204264 0.007836749 36.75705310992 57.29597668663 2332.34155 -0.353 -1.109 0.93
36.94826231455 57.34357905823 0.0216 0.0249 10.5431 "" "" 458052459628574592 2361.92383 0.4015 0.035 -0.336 -1.036 0.03 0.031 0.969 9085.2 4.3759 15.753794 1.036732 16.181942 15.14521 "" "" 2186.79517 2516.64771 9406.52816 2.793 4598.7 11.1 6935.4 9.7865 "" "" 0.002774115573403474 0.003827918 0.00407811 0.007906028 36.94826231455 57.34357905823 2361.92383 -0.3359999999999999 -1.0360000000000005 0.81
37.30685908731 56.8334020876 0.0213 0.0286 22.3736 "" "" 457604889675095552 1873.16125 0.4935 0.0421 -0.416 -1.035 0.028 0.035 1.01 7486.2 4.3265 15.764495 1.103604 16.228695 15.125091 "" "" 1718.86462 2086.64673 9314.26575 2.5457 4404.9 10.049 7065.2 11.344 "" "" 0.0027712536517232964 0.0037309725 0.004162059 0.007893031 37.30685908731 56.8334020876 1873.16125 -0.4159999999999999 -1.0350000000000001 0.85
36.72951863306 56.91673230892 0.0228 0.0264 18.0612 "" "" 457661583245006464 2135.09644 0.4353 0.0385 -0.47 -1.241 0.032 0.033 0.914 8253.2 4.1947 15.76921 0.975379 16.17149 15.196111 "" "" 1936.97131 2353.35742 9273.91242 3.1086 4643.2 10.702 6617.8 10.256 "" "" 0.002779251606652431 0.003747998 0.0041370243 0.007885022 36.72951863306 56.91673230892 2135.09644 -0.4700000000000002 -1.241 0.92
36.91504772598 57.37387127413 0.0231 0.0266 12.5729 "" "" 458053284262274304 2155.84692 0.4286 0.0391 -0.518 -1.05 0.033 0.032 0.955 6626.1 4.0502 15.863028 1.470658 16.532871 15.062213 "" "" 1969.85413 2335.95874 8506.20245 5.902 3328.7 11.832 7486.4 18.183 "" "" 0.0028564492113696423 0.0047622677 0.0046084393 0.009370707 36.91504772598 57.37387127413 2155.84692 -0.518 -1.0500000000000003 0.94
36.9775361338 57.27134596685 0.0223 0.0257 6.1071 "" "" 457673780951814400 2216.57251 0.4304 0.0381 -0.49 -1.076 0.031 0.032 1.004 7807.5 4.3693 15.878058 1.066653 16.323727 15.257073 "" "" 2048.84497 2489.5791 8389.2563 2.6329 4035.8 8.1653 6256.5 11.496 "" "" 0.0027763104314384806 0.00355112 0.004273604 0.007824725 36.9775361338 57.27134596685 2216.57251 -0.49 -1.076 0.89
36.89987827829 56.79291963548 0.0222 0.0248 23.114 "" "" 457648079867892096 2273.76392 0.416 0.0368 -0.371 -1.19 0.029 0.031 0.999 7719.6 4.4011 15.894134 1.194143 16.407393 15.213249 "" "" 2118.37549 2474.9248 8265.96105 2.4807 3736.5 9.3615 6514.2 8.4073 "" "" 0.002774520047268625 0.003896751 0.0040307897 0.007927541 36.89987827829 56.79291963548 2273.76392 -0.37100000000000016 -1.19 0.92
37.86886917945 57.09736608767 0.0227 0.0245 27.9511 "" "" 457987416642422016 2470.87573 0.384 0.0352 -0.501 -1.102 0.03 0.03 1.023 8025.8 4.0704 15.950256 1.122674 16.426214 15.30354 "" "" 2248.85767 2693.36938 7849.53742 2.2593 3672.2 8.8406 5994.4 8.5296 "" "" 0.002772985305023161 0.0038232487 0.004082955 0.007906204 37.86886917945 57.09736608767 2470.87573 -0.501 -1.1019999999999999 0.93
37.07822206522 57.19253840172 0.0236 0.028 2.2019 "" "" 457672303483109248 2209.58862 0.432 0.0395 -0.503 -1.164 0.032 0.035 0.963 8078.8 4.2798 15.963967 1.097117 16.424023 15.326905 "" "" 2028.28296 2408.32275 7751.03672 2.8587 3679.7 9.8093 5866.7 8.9676 "" "" 0.0027842662211564994 0.0040202322 0.004127716 0.008147948 37.07822206522 57.19253840172 2209.58862 -0.5029999999999997 -1.1639999999999995 0.93
37.00244025385 57.31345436835 0.0237 0.0268 8.4862 "" "" 458049229813187456 2140.92651 0.4498 0.0397 -0.456 -1.132 0.033 0.033 0.99 7427.5 4.3366 16.00702 1.143042 16.492912 15.349871 "" "" 1960.09253 2301.44067 7449.69555 2.4743 3453.4 9.1562 5743.9 7.9526 "" "" 0.0027788179479065664 0.0040089674 0.0040673628 0.008076331 37.00244025385 57.31345436835 2140.92651 -0.4560000000000003 -1.1320000000000001 0.91
37.71023045897 57.10557173186 0.0244 0.0274 22.7743 "" "" 457984633503625984 2239.62231 0.422 0.038 -0.504 -1.221 0.032 0.033 0.992 7592.4 4.4011 16.05037 1.209156 16.569979 15.360823 "" "" 2059.43237 2425.23315 7158.12554 2.47 3216.8 7.5028 5686.3 9.3955 "" "" 0.0027806743042541934 0.0037680021 0.004183545 0.007951546 37.71023045897 57.10557173186 2239.62231 -0.504 -1.221 0.95
37.59700934876 57.15628745568 0.0236 0.026 18.7447 "" "" 457985973533387008 2433.78223 0.3922 0.0379 -0.355 -1.104 0.031 0.032 1.05 7951.0 4.0295 16.052296 1.143084 16.534264 15.39118 "" "" 2241.8689 2683.10107 7145.42927 2.3456 3324.4 9.0242 5529.5 10.82 "" "" 0.002778275996064819 0.0040585026 0.0043355986 0.008394102 37.59700934876 57.15628745568 2433.78223 -0.35500000000000004 -1.104 0.94
37.17817873948 57.17585700749 0.0238 0.0263 5.0965 "" "" 458035657716592128 2321.49194 0.4128 0.0382 -0.266 -1.104 0.032 0.033 0.996 7348.3 4.3483 16.06625 1.108005 16.536034 15.428028 "" "" 2140.46338 2518.42603 7054.17928 2.3517 3319.0 7.882 5345.0 8.4888 "" "" 0.002778993333810407 0.0037991174 0.004154164 0.0079532815 37.17817873948 57.17585700749 2321.49194 -0.26599999999999996 -1.1039999999999999 0.92
37.5415559753 57.02520082131 0.0259 0.0281 19.109 "" "" 457983430912891648 2208.02612 0.44 0.0417 -0.419 -1.183 0.036 0.035 1.037 7749.1 4.4056 16.083775 1.216423 16.604082 15.387659 "" "" 2024.98218 2358.11987 6941.23489 2.4841 3117.3 7.6924 5547.5 7.8181 "" "" 0.0027825828425415327 0.0038682348 0.0040773796 0.007945614 37.5415559753 57.02520082131 2208.02612 -0.41900000000000015 -1.1829999999999998 0.92
36.98687350849 57.30099679425 0.0252 0.0301 7.7979 "" "" 458049195453457024 1930.04468 0.4939 0.0421 -0.385 -1.064 0.034 0.036 0.953 6648.9 4.3815 16.086384 1.400022 16.716692 15.316669 "" "" 1779.49548 2115.0083 6924.57717 2.7565 2810.2 11.683 5922.3 9.3784 "" "" 0.002789012355893422 0.005306539 0.004152092 0.009458631 36.98687350849 57.30099679425 1930.04468 -0.3849999999999999 -1.064 0.94
37.38463999741 57.31102411864 0.0252 0.0277 14.4252 "" "" 458037684941061120 2087.77808 0.458 0.0409 -0.41 -1.166 0.034 0.034 1.046 8475.5 4.2444 16.143677 1.257005 16.69305 15.436046 "" "" 1884.25659 2406.55835 6568.65386 2.3127 2872.1 7.5663 5305.7 8.4345 "" "" 0.0027817112982517424 0.0039957776 0.004154853 0.008150631 37.38463999741 57.31102411864 2087.77808 -0.4099999999999998 -1.166 0.84
37.13998733411 57.51854855852 0.028 0.0302 21.1196 "" "" 458055345846862976 2101.65405 0.4508 0.0433 -0.6 -1.403 0.036 0.037 0.998 8772.5 4.3114 16.22962 1.288129 16.789682 15.501554 "" "" 1931.86206 2348.80273 6068.74462 2.4285 2627.5 7.8774 4995.0 9.1632 "" "" 0.002789364951835717 0.0042872755 0.0042720973 0.008559372 37.13998733411 57.51854855852 2101.65405 -0.6 -1.403 0.91
