Clusters/UBC_192/UBC_192_members.tsv
# %ECSV 1.0
# ---
# datatype:
# - name: RA_ICRS_1
#   unit: deg
#   datatype: float64
#   format: '{:15.11f}'
#   description: Right ascension (ICRS) at Ep=2016.0 (ra)
#   meta: !!omap
#   - {ucd: POS_EQ_RA_MAIN}
#   - {width: 15}
#   - {precision: '11'}
# - name: DE_ICRS_1
#   unit: deg
#   datatype: float64
#   format: '{:15.11f}'
#   description: Declination (ICRS) at Ep=2016.0 (dec)
#   meta: !!omap
#   - {ucd: POS_EQ_DEC_MAIN}
#   - {width: 15}
#   - {precision: '11'}
# - name: e_RA_ICRS
#   unit: mas
#   datatype: float64
#   format: '{:7.4f}'
#   description: Standard error of right ascension (ra_error)
#   meta: !!omap
#   - {ucd: ERROR}
#   - {width: 7}
#   - {precision: '4'}
# - name: e_DE_ICRS
#   unit: mas
#   datatype: float64
#   format: '{:7.4f}'
#   description: Standard error of declination (dec_error)
#   meta: !!omap
#   - {ucd: ERROR}
#   - {width: 7}
#   - {precision: '4'}
# - name: _r_1
#   unit: ''
#   datatype: float64
#   format: '{:7.4f}'
#   description: Distance from center (037.02161556000+57.17239869000)[ICRS], at Epoch=J2016.0
#   meta: !!omap
#   - {ucd: POS_ANG_DIST_GENERAL}
#   - {width: 7}
#   - {precision: '4'}
# - name: HIP
#   datatype: int32
#   description: '? HIP cross-id number, van Leeuwen, Cat. I/311 (hip_original_ext_source_id)'
#   meta: !!omap
#   - {ucd: ID_NUMBER}
#   - {width: 6}
#   - values: {'null': -2147483648}
# - name: TYC2
#   datatype: string
#   description: Tycho-2 cross-id name, Hog et al., Cat. I/259 (tyc2_original_ext_source_id)
#   meta: !!omap
#   - {ucd: ID_CROSSID}
#   - {_votable_string_dtype: char}
# - name: Source
#   datatype: int64
#   description: Source identifier, identical to the Gaia-EDR3 source_id (id)
#   meta: !!omap
#   - {ucd: ID_MAIN}
#   - {width: 19}
# - name: rgeo
#   unit: pc
#   datatype: float64
#   format: '{:15.8f}'
#   description: '? Median of the geometric distance posterior (r_med_geo)'
#   meta: !!omap
#   - {ucd: PHYS_DISTANCE_TRUE}
#   - {width: 15}
#   - {precision: '8'}
#   - values: {'null': .nan}
# - name: Plx
#   unit: mas
#   datatype: float64
#   format: '{:9.4f}'
#   description: '? Parallax (parallax)'
#   meta: !!omap
#   - {ucd: POS_PARLX_TRIG}
#   - {width: 9}
#   - {precision: '4'}
#   - values: {'null': .nan}
# - name: e_Plx
#   unit: mas
#   datatype: float32
#   format: '{:7.4f}'
#   description: '? Standard error of parallax (parallax_error)'
#   meta: !!omap
#   - {ucd: ERROR}
#   - {width: 7}
#   - {precision: '4'}
#   - values: {'null': .nan}
# - name: pmRA
#   unit: mas / yr
#   datatype: float64
#   format: '{:9.3f}'
#   description: '? Proper motion in right ascension direction, pmRA*cosDE (pmra)'
#   meta: !!omap
#   - {ucd: POS_EQ_PMRA}
#   - {width: 9}
#   - {precision: '3'}
#   - values: {'null': .nan}
# - name: pmDE
#   unit: mas / yr
#   datatype: float64
#   format: '{:9.3f}'
#   description: '? Proper motion in declination direction (pmdec)'
#   meta: !!omap
#   - {ucd: POS_EQ_PMDEC}
#   - {width: 9}
#   - {precision: '3'}
#   - values: {'null': .nan}
# - name: e_pmRA
#   unit: mas / yr
#   datatype: float32
#   format: '{:6.3f}'
#   description: '? Standard error of proper motion in right ascension direction (pmra_error)'
#   meta: !!omap
#   - {ucd: ERROR}
#   - {width: 6}
#   - {precision: '3'}
#   - values: {'null': .nan}
# - name: e_pmDE
[...]
#         unit: &id001 !astropy.units.Unit {unit: deg}
#         value: !astropy.table.SerializedColumn {name: SkyCoord.dec}
#       distance: !astropy.table.SerializedColumn
#         __class__: astropy.coordinates.distances.Distance
#         unit: !astropy.units.Unit {unit: pc}
#         value: !astropy.table.SerializedColumn {name: SkyCoord.distance}
#       frame: icrs
#       obstime: !astropy.time.Time {format: jyear_str, in_subfmt: '*', jd1: 367701545.0, jd2: 0.0, out_subfmt: '*', precision: 3, scale: tt}
#       pm_dec: !astropy.table.SerializedColumn
#         __class__: astropy.units.quantity.Quantity
#         unit: !astropy.units.Unit {unit: mas / yr}
#         value: !astropy.table.SerializedColumn {name: SkyCoord.pm_dec}
#       pm_ra_cosdec: !astropy.table.SerializedColumn
#         __class__: astropy.units.quantity.Quantity
#         unit: !astropy.units.Unit {unit: mas / yr}
#         value: !astropy.table.SerializedColumn {name: SkyCoord.pm_ra_cosdec}
#       ra: !astropy.table.SerializedColumn
#         __class__: astropy.coordinates.angles.Longitude
#         unit: *id001
#         value: !astropy.table.SerializedColumn {name: SkyCoord.ra}
#         wrap_angle: !astropy.coordinates.Angle
#           unit: *id001
#           value: 360.0
#       representation_type: spherical
# schema: astropy-2.0
RA_ICRS_1 DE_ICRS_1 e_RA_ICRS e_DE_ICRS _r_1 HIP TYC2 Source rgeo Plx e_Plx pmRA pmDE e_pmRA e_pmDE RUWE Teff logg Gmag BP-RP BPmag RPmag RV e_RV b_rgeo B_rgeo FG e_FG FBP e_FBP FRP e_FRP RAVE5 RAVE6 e_Gmag e_BPmag e_RPmag e_BP-RP SkyCoord.ra SkyCoord.dec SkyCoord.distance SkyCoord.pm_ra_cosdec SkyCoord.pm_dec Pmemb
36.40592794583 57.19954840751 0.0102 0.0123 20.0851 "" 3694-2055-1 458420796025051648 2259.20874 0.4206 0.0175 -0.394 -1.166 0.015 0.016 1.01 "" "" 9.457549 0.344931 9.566647 9.221716 "" "" 2179.54004 2348.2627 3104038.65863 829.21 2035900.0 1599.5 1623600.0 1034.9 "" "" 0.002770544005166102 0.0029176476 0.0038422225 0.00675987 36.40592794583 57.19954840751 2259.20874 -0.39400000000000035 -1.1660000000000004 0.94
36.46069896207 57.25421841853 0.0112 0.0139 18.8742 "" 3694-1954-1 458421345780820352 2397.32568 0.3977 0.0198 -0.651 -1.191 0.015 0.019 1.127 "" "" 10.054465 0.41606 10.193321 9.777261 "" "" 2291.50244 2516.43335 1791268.92243 529.53 1143100.0 687.21 973320.0 279.63 "" "" 0.0027739513748922307 0.002865501 0.0037922321 0.006657733 36.46069896207 57.25421841853 2397.32568 -0.6509999999999998 -1.1909999999999996 0.88
36.47845420228 57.24019916272 0.0101 0.0129 18.1137 "" 3694-1727-1 458421139622398976 2296.45947 0.417 0.018 -0.336 -1.118 0.014 0.017 0.986 "" "" 10.066344 0.398837 10.198822 9.799985 -58.38 8.16 2213.9978 2373.62695 1771777.51016 529.57 1137300.0 730.99 953160.0 299.2 "" "" 0.00277436500890398 0.0028761155 0.0037947176 0.006670833 36.47845420228 57.24019916272 2296.45947 -0.33599999999999985 -1.118 0.96
36.94124642474 57.1488591743 0.0118 0.0153 2.972 "" 3695-1777-1 457670581190409344 2144.78467 0.44 0.0203 -0.369 -1.199 0.016 0.019 1.101 17690.0 3.5809 10.975785 0.538652 11.166682 10.62803 "" "" 2048.6145 2233.2937 766712.59926 276.42 466380.0 344.08 444580.0 213.42 "" "" 0.0027829861374725137 0.0029028747 0.0038151518 0.0067180265 36.94124642474 57.1488591743 2144.78467 -0.369 -1.199 0.93
36.54833641356 56.93430702618 0.0135 0.0156 21.0376 "" 3694-1750-1 457665122298061184 2353.29126 0.3767 0.0233 -0.644 -1.133 0.019 0.019 1.101 16687.1 3.7313 11.094626 0.404156 11.231776 10.827621 "" "" 2210.77026 2504.88257 687220.41026 239.61 439240.0 249.86 369920.0 140.08 "" "" 0.00278120406547482 0.0028577086 0.0038016792 0.0066593876 36.54833641356 56.93430702618 2353.29126 -0.6440000000000002 -1.1330000000000002 0.86
37.24763921219 56.83689448836 0.0158 0.0194 21.4422 "" 3695-2171-1 457605027114051456 2363.57544 0.3711 0.0291 -0.468 -1.184 0.021 0.025 1.494 17271.4 3.5679 11.219707 0.381774 11.348575 10.966801 "" "" 2222.60083 2538.62158 612440.57561 241.34 394450.0 193.4 325420.0 133.69 "" "" 0.0027883406225034557 0.002840499 0.0038056122 0.006646111 37.24763921219 56.83689448836 2363.57544 -0.468 -1.1840000000000002 0.91
37.37207766795 56.9610041022 0.0139 0.0163 17.0753 "" 3695-1628-1 457607363576207360 2561.22192 0.3536 0.0234 -0.3 -1.131 0.018 0.02 1.167 17459.0 3.6245 11.301111 0.416259 11.44288 11.026621 "" "" 2383.34839 2707.7229 568201.35108 195.8 361630.0 205.99 307970.0 90.379 "" "" 0.0027806061435080368 0.0028578893 0.0037927893 0.006650679 37.37207766795 56.9610041022 2561.22192 -0.2999999999999997 -1.1310000000000004 0.83
37.0187843015 56.99577988872 0.0143 0.0161 10.5975 "" 3695-1686-1 457656807241277952 1935.0072 0.4662 0.0236 -0.63 -1.343 0.02 0.021 1.31 14464.1 4.0586 11.470174 0.444657 11.624922 11.180264 "" "" 1848.94275 2030.08044 486269.86126 149.71 305810.0 188.56 267330.0 101.51 "" "" 0.00277552265793471 0.0028693588 0.0038018017 0.0066711605 37.0187843015 56.99577988872 1935.0072 -0.63 -1.343 0.83
36.67131445174 57.12236139159 0.0137 0.0173 11.7905 "" 3695-1244-1 457668249034080768 2274.38599 0.3816 0.0251 -0.362 -1.251 0.019 0.021 1.178 16535.6 3.6646 11.528365 0.38952 11.661332 11.271812 "" "" 2158.23291 2413.03931 460893.4414 216.39 295720.0 187.23 245720.0 144.77 "" "" 0.00280207760738621 0.0028736019 0.0038331342 0.006706736 36.67131445174 57.12236139159 2274.38599 -0.36199999999999993 -1.2510000000000003 0.91
37.03239389205 57.28665874714 0.0131 0.0158 6.8645 "" "" 458048954935297152 2203.86694 0.397 0.0223 -0.637 -1.287 0.018 0.02 1.181 15039.4 3.725 11.583373 0.542462 11.77819 11.235727 "" "" 2102.88135 2331.92139 438124.39222 118.79 265550.0 141.46 254020.0 78.576 "" "" 0.002771001328901063 0.0028494857 0.003794275 0.006643761 37.03239389205 57.28665874714 2203.86694 -0.6370000000000001 -1.287 0.94
36.71059387533 57.33892299652 0.0116 0.0151 14.2025 "" 3695-1170-1 458428286440421888 2124.021 0.4118 0.0206 -0.464 -1.207 0.016 0.02 1.287 15495.0 3.6893 11.769588 0.470442 11.936016 11.465574 "" "" 2050.26611 2227.22388 369072.29326 285.51 229620.0 491.47 205560.0 283.71 "" "" 0.0028804935054459243 0.0036311725 0.00406562 0.0076967925 36.71059387533 57.33892299652 2124.021 -0.46400000000000013 -1.207 0.94
37.52476657974 57.30940449882 0.0093 0.0107 18.2872 "" "" 458040365000838912 2320.1897 0.394 0.0159 -0.373 -1.193 0.013 0.013 1.132 17695.3 3.8872 11.932839 0.753327 12.215866 11.462539 "" "" 2235.31738 2416.78613 317549.03848 243.37 177450.0 175.91 206130.0 193.83 "" "" 0.002878227883725461 0.0029905685 0.0039148517 0.00690542 37.52476657974 57.30940449882 2320.1897 -0.37299999999999983 -1.193 0.94
36.90335328015 57.08026747667 0.0101 0.0127 6.7373 "" "" 457669932661273856 2155.55981 0.4307 0.0173 -0.467 -1.232 0.013 0.016 1.089 15113.7 3.9277 12.034125 0.502598 12.215159 11.712562 -11.36 21.38 2047.38501 2255.11719 289265.36775 56.319 177560.0 94.346 163730.0 61.245 "" "" 0.002763417232238149 0.0028491868 0.0038011407 0.0066503277 36.90335328015 57.08026747667 2155.55981 -0.46699999999999964 -1.2319999999999998 0.96
37.28470184939 57.20435291125 0.0101 0.0117 8.7659 "" 3695-1587-1 458035382838669184 2379.30469 0.3819 0.0166 -0.363 -1.097 0.013 0.014 1.141 16380.8 3.896 12.049646 0.516216 12.246128 11.729912 "" "" 2293.10278 2504.65796 285159.85547 280.08 172570.0 63.588 161140.0 163.0 "" "" 0.0029544859190533783 0.002818706 0.0039357236 0.0067544295 37.28470184939 57.20435291125 2379.30469 -0.3630000000000001 -1.097 0.82
36.8119371263 57.21265781986 0.0091 0.013 7.2318 "" 3695-1799-1 457674669999273088 2253.24512 0.4123 0.0158 -0.548 -1.226 0.012 0.016 1.058 15154.4 3.7999 12.123659 0.477842 12.294904 11.817061 "" "" 2170.65234 2332.87158 266368.63295 89.88 164990.0 144.93 148710.0 108.12 "" "" 0.002779569518924695 0.0029486686 0.0038609402 0.006809609 36.8119371263 57.21265781986 2253.24512 -0.5480000000000003 -1.2260000000000004 0.87
36.80657352173 57.38162412917 0.0071 0.0089 14.361 "" "" 457678247717777536 2068.46362 0.4625 0.0123 -0.616 -1.343 0.01 0.011 0.893 14254.6 3.9294 12.310624 0.65231 12.555732 11.903421 "" "" 2007.3335 2124.73901 224231.65414 52.298 129750.0 91.032 137340.0 81.551 "" "" 0.002766932243932572 0.0028922842 0.003833975 0.0067262594 36.80657352173 57.38162412917 2068.46362 -0.6160000000000001 -1.3430000000000004 0.85
36.94194347204 57.25672614717 0.008 0.0107 5.6833 "" 3695-1237-1 457673712232348928 2419.59473 0.3882 0.0142 -0.426 -0.959 0.011 0.013 1.03 16144.2 3.8507 12.375637 0.592414 12.595157 12.002743 "" "" 2341.92627 2508.20215 211199.09361 46.362 125130.0 86.599 125330.0 62.86 "" "" 0.0027656092815953447 0.002889578 0.0038184118 0.0067079896 36.94194347204 57.25672614717 2419.59473 -0.4260000000000001 -0.9590000000000003 0.82
36.53330350738 57.13951599412 0.0086 0.0107 16.0123 "" "" 458419520407692544 2054.37744 0.4613 0.0153 -0.65 -1.228 0.011 0.013 1.069 12882.1 3.9838 12.376472 0.434841 12.530863 12.096022 "" "" 1991.16309 2108.4939 211036.67776 52.943 132760.0 92.509 115010.0 53.101 "" "" 0.002768750651464333 0.0028909212 0.0038124823 0.006703404 36.53330350738 57.13951599412 2054.37744 -0.6499999999999999 -1.2279999999999998 0.93
37.197520465 57.20763778548 0.0069 0.008 6.0972 "" "" 458035863875164928 2102.56128 0.4538 0.0115 -0.368 -1.057 0.009 0.01 0.939 11071.4 3.6859 12.459435 0.579735 12.674822 12.095087 -43.08 14.89 2052.02539 2144.68701 195511.53358 29.019 116280.0 49.386 115110.0 35.223 "" "" 0.0027600288423806434 0.0028280185 0.0037939562 0.0066219745 37.197520465 57.20763778548 2102.56128 -0.36799999999999977 -1.057 0.94
36.5179766465 57.29659197265 0.0083 0.0104 17.9718 "" 3694-1687-1 458427182629317632 2114.24976 0.4521 0.0144 -0.576 -1.185 0.012 0.014 1.075 14108.0 3.9263 12.459655 0.57323 12.671854 12.098624 "" "" 2045.53491 2182.62231 195472.17187 38.532 116590.0 76.434 114740.0 45.157 "" "" 0.002763619971990733 0.002879529 0.0038034606 0.0066829897 36.5179766465 57.29659197265 2114.24976 -0.5760000000000003 -1.185 0.87
36.91111396027 57.08464313378 0.0092 0.0123 6.3775 "" "" 457669962715121152 2318.20557 0.4075 0.0162 -0.519 -1.129 0.012 0.015 1.169 6584.4 3.1788 12.471955 0.611748 12.665178 12.053431 "" "" 2220.26758 2406.05835 193270.01028 41.193 117310.0 330.19 119620.0 408.2 "" "" 0.002765020845505186 0.0041381367 0.00529255 0.009430687 36.91111396027 57.08464313378 2318.20557 -0.519 -1.129 0.92
37.30116604307 57.1391096456 0.0076 0.0091 9.3137 "" 3695-1475-1 458031740706424832 2147.2002 0.4408 0.0131 -0.413 -1.22 0.01 0.011 0.989 15665.9 3.9219 12.477577 0.521515 12.666801 12.145287 "" "" 2094.92651 2219.77856 192271.98068 83.421 117140.0 148.29 109910.0 120.42 "" "" 0.002795298652797513 0.0031103343 0.003962168 0.0070725023 37.30116604307 57.1391096456 2147.2002 -0.4129999999999997 -1.22 0.97
37.50530030117 56.93642113805 0.0078 0.0093 21.2029 "" 3695-1251-1 457606710741179648 1985.79541 0.4774 0.0135 -0.317 -1.237 0.01 0.011 0.984 15418.3 4.0598 12.516766 0.558611 12.722533 12.163922 "" "" 1933.24011 2038.85388 185455.79647 31.057 111280.0 48.323 108040.0 31.716 "" "" 0.0027613127640312056 0.0028297242 0.0037927977 0.006622522 37.50530030117 56.93642113805 1985.79541 -0.31700000000000017 -1.237 0.83
37.12762812518 57.11012543664 0.0082 0.0094 5.0864 "" "" 457659792232563200 2240.97437 0.4201 0.0138 -0.415 -1.155 0.011 0.012 1.018 14146.7 3.9095 12.684406 0.568472 12.894328 12.325856 "" "" 2168.68237 2311.67505 158922.03513 29.931 94992.0 48.545 93071.0 31.292 "" "" 0.002762897665928992 0.0028448051 0.0037969702 0.0066417754 37.12762812518 57.11012543664 2240.97437 -0.41500000000000015 -1.1549999999999998 0.95
36.72081538159 57.18601580572 0.0091 0.0124 9.8163 "" "" 457674395121367552 2098.30859 0.4565 0.0171 -0.256 -1.18 0.012 0.015 1.081 15040.7 4.0556 12.687017 0.464238 12.85289 12.388652 "" "" 2021.04907 2162.84497 158540.41455 71.715 98687.0 132.96 87841.0 93.733 "" "" 0.0027987489461400185 0.0031503707 0.0039529726 0.0071033435 36.72081538159 57.18601580572 2098.30859 -0.25600000000000017 -1.1799999999999997 0.92
37.47352469792 57.37190936417 0.0077 0.0083 18.926 "" "" 458043800974652544 2207.5686 0.4297 0.0123 -0.413 -1.147 0.01 0.011 0.96 15012.5 3.7774 12.759574 0.855773 13.097409 12.241636 "" "" 2150.71948 2273.68506 148291.8353 50.528 78787.0 111.42 100580.0 108.18 "" "" 0.002780044959050219 0.0031847488 0.003955683 0.007140432 37.47352469792 57.37190936417 2207.5686 -0.4129999999999997 -1.1470000000000002 0.96
36.6816596165 57.00120550768 0.0098 0.0116 15.111 "" "" 457662820195520256 2171.50854 0.436 0.0173 -0.428 -1.393 0.013 0.014 1.116 6913.0 3.3494 12.788535 0.581802 13.00559 12.423788 "" "" 2097.61353 2241.94849 144388.51049 31.199 85739.0 58.62 85044.0 33.109 "" "" 0.0027652897971132025 0.0028872285 0.003802946 0.0066901743 36.6816596165 57.00120550768 2171.50854 -0.4280000000000001 -1.3930000000000007 0.96
37.41443994825 56.84201255998 0.0098 0.011 23.6151 "" "" 457604339919268608 2453.21387 0.3848 0.0173 -0.597 -1.204 0.012 0.014 1.041 12865.2 3.9442 12.839193 0.575757 13.053023 12.477266 "" "" 2362.9668 2582.4856 137806.44079 31.586 82074.0 71.017 80956.0 38.847 "" "" 0.0027665355751658066 0.0029440864 0.0038151229 0.0067592096 37.41443994825 56.84201255998 2453.21387 -0.5969999999999999 -1.204 0.94
36.70813051311 57.36856936233 0.012 0.0155 15.555 "" "" 458428630045480704 2175.42285 0.4355 0.0216 -0.532 -1.056 0.017 0.02 1.345 12710.6 4.0902 12.919868 0.674228 13.176831 12.502604 "" "" 2076.94336 2280.97827 127938.06032 41.171 73229.0 50.666 79089.0 46.898 "" "" 0.0027773847162645133 0.0028895251 0.0038338266 0.006723352 36.70813051311 57.36856936233 2175.42285 -0.5319999999999997 -1.0559999999999996 0.97
37.15809415407 57.42137478781 0.0125 0.0155 15.5799 "" "" 458051497555814400 2054.13696 0.4671 0.0214 -0.454 -0.993 0.017 0.019 1.286 "" "" 12.934251 0.782583 13.233663 12.451079 "" "" 1960.96228 2153.18774 126254.41274 68.434 69495.0 89.448 82933.0 93.911 "" "" 0.002817468147084053 0.0031205707 0.003974329 0.0070949 37.15809415407 57.42137478781 2054.13696 -0.4540000000000003 -0.9930000000000001 0.82
36.86300281277 56.85150409752 0.0102 0.0113 19.9387 "" "" 457648560904200448 2539.41382 0.3656 0.0177 -0.299 -1.073 0.014 0.014 0.956 14805.4 3.9404 12.941669 0.512929 13.12853 12.615601 "" "" 2425.38843 2655.0061 125394.7554 29.559 76561.0 52.161 71272.0 37.048 "" "" 0.0027671815308347495 0.0028865589 0.003821289 0.006707848 36.86300281277 56.85150409752 2539.41382 -0.29900000000000015 -1.073 0.82
37.47676897073 57.24602092084 0.0092 0.0105 15.4355 "" "" 458034317686912640 2336.09448 0.3974 0.0162 -0.315 -1.091 0.012 0.013 1.007 15377.6 3.8078 12.952284 0.75835 13.244198 12.485847 "" "" 2249.62378 2440.5542 124174.74306 23.672 68824.0 45.318 80319.0 31.38 "" "" 0.002763083360286655 0.0028803044 0.0038031123 0.0066834167 37.47676897073 57.24602092084 2336.09448 -0.3149999999999997 -1.091 0.94
36.78090834254 56.99135804239 0.0112 0.0134 13.4012 "" "" 457663404311070208 2390.56177 0.389 0.0197 -0.428 -1.165 0.015 0.016 1.166 12319.6 3.9012 12.966866 0.583078 13.183843 12.600764 "" "" 2265.34229 2564.13037 122518.17935 60.267 72758.0 117.66 72252.0 85.649 "" "" 0.0028066041628517498 0.0032966414 0.0039925226 0.007289164 36.78090834254 56.99135804239 2390.56177 -0.42800000000000016 -1.165 0.97
37.16584290142 56.838528417 0.0128 0.0158 20.579 "" "" 457646121362760960 2041.39307 0.4623 0.0232 -0.406 -1.233 0.016 0.02 1.387 10858.0 3.9971 12.972327 0.55478 13.177341 12.622561 "" "" 1943.83447 2134.3728 121903.40234 34.554 73195.0 38.044 70816.0 30.367 "" "" 0.002772454380018939 0.0028466666 0.0038079512 0.006654618 37.16584290142 56.838528417 2041.39307 -0.406 -1.233 0.96
36.79162825374 57.06868211679 0.009 0.0112 9.7388 "" "" 457664778700541824 2212.7605 0.4263 0.016 -0.591 -1.0 0.013 0.014 1.037 5015.5 2.6719 12.9837 1.772522 13.844109 12.071587 -24.99 0.53 2136.88403 2281.14941 120633.20242 17.386 39607.0 24.88 117630.0 37.471 "" "" 0.002759759989337338 0.002872318 0.0037951742 0.006667492 36.79162825374 57.06868211679 2212.7605 -0.5910000000000002 -1.0 0.95
36.7354911385 57.26575527522 0.0096 0.0125 10.8523 "" "" 457675979975092224 2655.03467 0.3411 0.0167 -0.406 -1.096 0.013 0.016 1.041 13754.5 3.9095 13.008007 0.519592 13.1977 12.678108 "" "" 2538.36597 2787.49072 117962.47224 31.032 71835.0 73.033 67284.0 24.335 "" "" 0.0027700846149212146 0.003000586 0.0037997274 0.0068003135 36.7354911385 57.26575527522 2655.03467 -0.4060000000000001 -1.096 0.94
37.56138080943 57.11668468297 0.0091 0.0106 17.8852 "" "" 457985389417878272 2390.35034 0.3907 0.0149 -0.46 -1.139 0.012 0.013 1.147 14786.3 3.9461 13.027301 0.624767 13.260036 12.635269 "" "" 2319.86841 2485.28784 115884.78747 29.274 67827.0 43.571 69992.0 31.564 "" "" 0.002768937341865392 0.0028760214 0.0038109664 0.006686988 37.56138080943 57.11668468297 2390.35034 -0.45999999999999985 -1.1390000000000005 0.93
36.39479188309 57.09961664926 0.0111 0.0136 20.8705 "" "" 458417699341569920 2427.96118 0.3785 0.0193 -0.472 -1.174 0.015 0.018 1.513 14286.7 3.9526 13.054419 0.603933 13.276973 12.673039 "" "" 2331.61157 2534.84546 113026.16499 39.122 66777.0 62.643 67599.0 65.474 "" "" 0.0027808310447367847 0.002970258 0.0039229584 0.0068932166 36.39479188309 57.09961664926 2427.96118 -0.4720000000000001 -1.1739999999999995 0.95
36.73239300442 57.35519167821 0.0084 0.0108 14.4343 "" "" 458428423887052544 2311.31274 0.3991 0.0151 -0.312 -1.134 0.012 0.014 1.089 12682.3 3.9895 13.068776 0.647756 13.312435 12.66468 "" "" 2232.67065 2427.89917 111541.42487 32.063 64631.0 42.413 68122.0 30.638 "" "" 0.002772939801152811 0.0028797046 0.0038107974 0.006690502 36.73239300442 57.35519167821 2311.31274 -0.312 -1.1340000000000001 0.91
