Clusters/UBC_192/UBC_192_stars_in_region.tsv
# %ECSV 1.0
# ---
# datatype:
# - name: RA_ICRS_1
#   unit: deg
#   datatype: float64
#   format: '{:15.11f}'
#   description: Right ascension (ICRS) at Ep=2016.0 (ra)
#   meta: !!omap
#   - {ucd: POS_EQ_RA_MAIN}
#   - {width: 15}
#   - {precision: '11'}
# - name: DE_ICRS_1
#   unit: deg
#   datatype: float64
#   format: '{:15.11f}'
#   description: Declination (ICRS) at Ep=2016.0 (dec)
#   meta: !!omap
#   - {ucd: POS_EQ_DEC_MAIN}
#   - {width: 15}
#   - {precision: '11'}
# - name: e_RA_ICRS
#   unit: mas
#   datatype: float64
#   format: '{:7.4f}'
#   description: Standard error of right ascension (ra_error)
#   meta: !!omap
#   - {ucd: ERROR}
#   - {width: 7}
#   - {precision: '4'}
# - name: e_DE_ICRS
#   unit: mas
#   datatype: float64
#   format: '{:7.4f}'
#   description: Standard error of declination (dec_error)
#   meta: !!omap
#   - {ucd: ERROR}
#   - {width: 7}
#   - {precision: '4'}
# - name: _r_1
#   unit: ''
#   datatype: float64
#   format: '{:7.4f}'
#   description: Distance from center (037.02161556000+57.17239869000)[ICRS], at Epoch=J2016.0
#   meta: !!omap
#   - {ucd: POS_ANG_DIST_GENERAL}
#   - {width: 7}
#   - {precision: '4'}
# - name: HIP
#   datatype: int32
#   description: '? HIP cross-id number, van Leeuwen, Cat. I/311 (hip_original_ext_source_id)'
#   meta: !!omap
#   - {ucd: ID_NUMBER}
#   - {width: 6}
#   - values: {'null': -2147483648}
# - name: TYC2
#   datatype: string
#   description: Tycho-2 cross-id name, Hog et al., Cat. I/259 (tyc2_original_ext_source_id)
#   meta: !!omap
#   - {ucd: ID_CROSSID}
#   - {_votable_string_dtype: char}
# - name: Source
#   datatype: int64
#   description: Source identifier, identical to the Gaia-EDR3 source_id (id)
#   meta: !!omap
#   - {ucd: ID_MAIN}
#   - {width: 19}
# - name: rgeo
#   unit: pc
#   datatype: float64
#   format: '{:15.8f}'
#   description: '? Median of the geometric distance posterior (r_med_geo)'
#   meta: !!omap
#   - {ucd: PHYS_DISTANCE_TRUE}
#   - {width: 15}
#   - {precision: '8'}
#   - values: {'null': .nan}
# - name: Plx
#   unit: mas
#   datatype: float64
#   format: '{:9.4f}'
#   description: '? Parallax (parallax)'
#   meta: !!omap
#   - {ucd: POS_PARLX_TRIG}
#   - {width: 9}
#   - {precision: '4'}
#   - values: {'null': .nan}
# - name: e_Plx
#   unit: mas
#   datatype: float32
#   format: '{:7.4f}'
#   description: '? Standard error of parallax (parallax_error)'
#   meta: !!omap
#   - {ucd: ERROR}
#   - {width: 7}
#   - {precision: '4'}
#   - values: {'null': .nan}
# - name: pmRA
#   unit: mas / yr
#   datatype: float64
#   format: '{:9.3f}'
#   description: '? Proper motion in right ascension direction, pmRA*cosDE (pmra)'
#   meta: !!omap
#   - {ucd: POS_EQ_PMRA}
#   - {width: 9}
#   - {precision: '3'}
#   - values: {'null': .nan}
# - name: pmDE
#   unit: mas / yr
#   datatype: float64
#   format: '{:9.3f}'
#   description: '? Proper motion in declination direction (pmdec)'
#   meta: !!omap
#   - {ucd: POS_EQ_PMDEC}
#   - {width: 9}
#   - {precision: '3'}
#   - values: {'null': .nan}
# - name: e_pmRA
#   unit: mas / yr
#   datatype: float32
#   format: '{:6.3f}'
#   description: '? Standard error of proper motion in right ascension direction (pmra_error)'
#   meta: !!omap
#   - {ucd: ERROR}
#   - {width: 6}
#   - {precision: '3'}
#   - values: {'null': .nan}
# - name: e_pmDE
[...]
#         value: !astropy.table.SerializedColumn {name: SkyCoord.dec}
#       distance: !astropy.table.SerializedColumn
#         __class__: astropy.coordinates.distances.Distance
#         unit: !astropy.units.Unit {unit: pc}
#         value: !astropy.table.SerializedColumn {name: SkyCoord.distance}
#       frame: icrs
#       obstime: !astropy.time.Time {format: jyear_str, in_subfmt: '*', jd1: 367701545.0, jd2: 0.0, out_subfmt: '*', precision: 3, scale: tt}
#       pm_dec: !astropy.table.SerializedColumn
#         __class__: astropy.units.quantity.Quantity
#         unit: !astropy.units.Unit {unit: mas / yr}
#         value: !astropy.table.SerializedColumn {name: SkyCoord.pm_dec}
#       pm_ra_cosdec: !astropy.table.SerializedColumn
#         __class__: astropy.units.quantity.Quantity
#         unit: !astropy.units.Unit {unit: mas / yr}
#         value: !astropy.table.SerializedColumn {name: SkyCoord.pm_ra_cosdec}
#       ra: !astropy.table.SerializedColumn
#         __class__: astropy.coordinates.angles.Longitude
#         unit: *id001
#         value: !astropy.table.SerializedColumn {name: SkyCoord.ra}
#         wrap_angle: !astropy.coordinates.Angle
#           unit: *id001
#           value: 360.0
#       representation_type: spherical
# schema: astropy-2.0
RA_ICRS_1 DE_ICRS_1 e_RA_ICRS e_DE_ICRS _r_1 HIP TYC2 Source rgeo Plx e_Plx pmRA pmDE e_pmRA e_pmDE RUWE Teff logg Gmag BP-RP BPmag RPmag RV e_RV b_rgeo B_rgeo FG e_FG FBP e_FBP FRP e_FRP RAVE5 RAVE6 e_Gmag e_BPmag e_RPmag e_BP-RP SkyCoord.ra SkyCoord.dec SkyCoord.distance SkyCoord.pm_ra_cosdec SkyCoord.pm_dec rmRA rmDE e_rmRA e_rmDE rRV e_rRV v_pec v_pec3d e_vpec e_vpec3d
[from data line 1655]
36.53147342204 57.01178556577 0.0333 0.0384 18.6586 "" "" 457665637694072192 2311.84546 0.4114 0.0584 -1.608 0.377 0.046 0.05 0.935 6039.8 4.4865 16.592623 1.309799 17.176155 15.866356 "" "" 2075.64233 2588.16138 4344.07539 2.1629 1840.6 8.9565 3569.6 9.9135 "" "" 0.002807849836236962 0.005974784 0.0048348536 0.010809638 36.53147342204 57.01178556577 2311.84546 -1.6080000000000005 0.377 -1.1865454511642457 1.527166630744934 0.15379664 0.15779665 "" "" 21.1924113600728 "" 3.312436400742173 ""
37.97042338335 57.28766563701 0.0331 0.0362 31.5799 "" "" 457990509019227008 2418.29517 0.3864 0.052 -0.587 -0.577 0.043 0.044 0.94 6025.9 4.4271 16.594309 1.486674 17.276129 15.789454 "" "" 2126.7395 2718.38428 4337.33519 1.8001 1678.7 7.4606 3831.6 7.7495 "" "" 0.0027919233630540057 0.0055739246 0.0043710205 0.009944946 37.97042338335 57.28766563701 2418.29517 -0.587 -0.5770000000000005 -0.16554545116424557 0.5731666307449341 0.15079665 0.15179664 "" "" 6.838597916980442 "" 1.037551233665417 ""
36.36684619423 56.97241371866 0.0338 0.0386 24.4951 "" "" 457642925906038656 2512.9248 0.3825 0.0537 -0.47 -1.106 0.05 0.049 0.915 6554.7 4.4006 16.594824 1.323316 17.185438 15.862123 "" "" 2182.20093 2905.6311 4335.28392 2.0148 1824.9 5.8428 3583.5 13.039 "" "" 0.002801142722211114 0.0044574765 0.005467251 0.0099247275 36.36684619423 56.97241371866 2512.9248 -0.4700000000000001 -1.1060000000000003 -0.04854545116424558 0.04416663074493399 0.15779665 0.15679665 "" "" 0.7817412360662189 "" 0.12300273299466043 ""
37.30443280146 56.73445984096 0.0347 0.0381 27.858 "" "" 457597708489853440 1959.43591 0.4834 0.0579 -0.119 0.652 0.047 0.049 1.013 5720.4 4.6309 16.596132 1.322297 17.148834 15.826537 "" "" 1755.36426 2310.12476 4330.0607 2.0286 1887.5 10.188 3702.9 20.357 "" "" 0.002801878548605225 0.0064906995 0.0070648277 0.013555527 37.30443280146 56.73445984096 1959.43591 -0.119 0.652 0.3024545488357544 1.8021666307449342 0.15479665 0.15679665 "" "" 16.972117846946027 "" 2.6602470816920243 ""
37.03634608332 57.16719943104 0.0319 0.0404 0.5718 "" "" 457671959885750784 1918.85339 0.479 0.0544 -0.5 -1.238 0.044 0.051 0.997 5168.4 4.5191 16.597736 1.321046 17.182796 15.861751 "" "" 1755.24939 2131.67676 4323.66289 1.9745 1829.4 9.0864 3584.7 9.8102 "" "" 0.0027995773191069914 0.0060717724 0.0048075425 0.010879315 37.03634608332 57.16719943104 1918.85339 -0.4999999999999999 -1.2379999999999998 -0.0785454511642456 -0.08783336925506591 0.15179664 0.15879664 "" "" 1.0717138036403606 "" 0.16689267685311546 ""
36.32759619835 57.2772775477 0.0335 0.0418 23.4039 "" "" 458424262052152704 2352.7085 0.4144 0.0612 -0.275 -1.17 0.044 0.049 1.021 "" "" 16.59948 "" "" "" "" "" 2096.37451 2608.60303 4316.72897 3.1834 "" "" "" "" "" "" 0.0028693000925199804 "" "" "" 36.32759619835 57.2772775477 2352.7085 -0.2749999999999998 -1.1700000000000006 0.14645454883575437 -0.019833369255065847 0.15179664 0.15679665 "" "" 1.6481457744652632 "" 0.2503337971774453 ""
36.37200469947 57.00329556675 0.035 0.0398 23.483 "" "" 458393686190423680 1924.49573 0.5025 0.0573 -0.935 -0.925 0.049 0.051 1.028 7168.7 4.3387 16.600748 1.465024 17.267756 15.802732 "" "" 1736.30042 2132.70947 4311.68948 3.1169 1691.7 10.309 3785.0 9.9823 "" "" 0.0028649285972087903 0.007180595 0.0047416296 0.011922224 36.37200469947 57.00329556675 1924.49573 -0.9349999999999997 -0.9249999999999994 -0.5135454511642457 0.22516663074493404 0.15679665 0.15879664 "" "" 5.11512852788797 "" 0.8036933848743784 ""
36.38707485448 57.0804848728 0.0308 0.0375 21.3883 "" "" 458417600569435264 2457.97437 0.3909 0.053 0.042 -1.213 0.043 0.047 0.971 6863.4 4.3368 16.60084 1.523289 17.305803 15.782515 "" "" 2196.94409 2845.55835 4311.32682 1.9736 1633.4 7.7023 3856.1 7.7296 "" "" 0.0027997886938995707 0.005830721 0.004361229 0.01019195 36.38707485448 57.0804848728 2457.97437 0.04200000000000048 -1.213 0.4634545488357544 -0.062833369255066 0.15079665 0.15479665 "" "" 5.449014457732865 "" 0.8220916561259628 ""
36.89134031074 57.56111176648 0.0328 0.0391 23.7006 "" "" 458806892100809984 1989.4386 0.4851 0.0537 0.332 1.347 0.043 0.05 1.029 5232.8 4.3145 16.601194 1.649896 17.381235 15.731339 "" "" 1809.79614 2242.73877 4309.91418 2.0798 1523.8 6.4576 4042.2 8.4772 "" "" 0.0028046919687534063 0.0053810533 0.004412296 0.00979335 36.89134031074 57.56111176648 1989.4386 0.332 1.347 0.7534545488357545 2.497166630744934 0.15079665 0.15779665 "" "" 24.596663031730394 "" 3.867197607884666 ""
36.91517102798 57.18215112739 0.0346 0.0442 3.5109 "" "" 457672887598686080 2363.10034 0.4115 0.0595 -0.385 -1.062 0.046 0.054 1.063 7138.8 4.3617 16.603104 1.269491 17.155333 15.885841 "" "" 2065.89868 2728.19849 4302.34291 1.932 1876.2 8.9553 3506.1 10.511 "" "" 0.002798124785710727 0.0058857137 0.0049878266 0.01087354 36.91517102798 57.18215112739 2363.10034 -0.3850000000000001 -1.062 0.036454548835754386 0.08816663074493403 0.15379664 0.16179664 "" "" 1.0686507928945699 "" 0.17168247036007425 ""
37.52845140015 57.27308528762 0.0335 0.0359 17.5366 "" "" 458040124482685568 2275.44092 0.4223 0.0539 1.122 -0.679 0.045 0.043 1.009 "" "" 16.60425 1.46952 17.253838 15.784318 "" "" 1985.91626 2592.10254 4297.8093 1.8556 1713.5 8.6683 3849.7 11.908 "" "" 0.002794912603845588 0.006160614 0.0050559645 0.011216579 37.52845140015 57.27308528762 2275.44092 1.122 -0.6789999999999998 1.5434545488357545 0.47116663074493403 0.15279666 0.15079665 "" "" 17.40544923131959 "" 2.6565447782518654 ""
37.37566478329 57.05592677155 0.0328 0.0355 13.4861 "" "" 458030435036526464 1846.05505 0.5247 0.0534 -0.819 -2.214 0.047 0.044 0.993 5697.2 4.5515 16.604742 1.383489 17.228415 15.844926 "" "" 1691.15527 2029.40051 4295.85633 1.761 1754.1 7.8601 3640.7 6.3276 "" "" 0.0027910359769724117 0.0056084692 0.0042242873 0.009832757 37.37566478329 57.05592677155 1846.05505 -0.8189999999999997 -2.2140000000000013 -0.39754545116424556 -1.0638333692550659 0.15479665 0.15179664 "" "" 9.937598633529886 "" 1.5121787592673124 ""
37.55019881581 57.04422240552 0.0336 0.0389 18.8619 "" "" 457983465272608512 2418.52441 0.3957 0.055 2.702 1.18 0.047 0.047 1.025 "" "" 16.604845 1.418246 17.210354 15.792108 "" "" 2100.23071 2839.4187 4295.44705 2.1155 1783.5 9.3912 3822.2 9.3857 "" "" 0.002806727310941062 0.0063615837 0.004625133 0.0109867165 37.55019881581 57.04422240552 2418.52441 2.702 1.1800000000000006 3.1234545488357544 2.330166630744934 0.15479665 0.15479665 "" "" 44.67303267715989 "" 6.9152355824225324 ""
36.91804738591 56.93962523212 0.0327 0.0372 14.3694 "" "" 457651447122148224 1910.35828 0.5167 0.0588 -3.575 1.818 0.045 0.048 0.98 5457.2 4.5751 16.60573 1.479582 17.282461 15.802879 "" "" 1716.80774 2134.32251 4291.94717 1.9383 1668.9 9.7612 3784.5 10.228 "" "" 0.0027986095914490465 0.0069362745 0.0047847596 0.011721034 36.91804738591 56.93962523212 1910.35828 -3.574999999999999 1.8179999999999978 -3.153545451164246 2.968166630744934 0.15279666 0.15579665 "" "" 39.21480898447463 "" 6.047439492308547 ""
36.61000550274 57.2353954748 0.034 0.0427 13.9007 "" "" 458426018705387648 1972.8186 0.4822 0.062 -0.369 -1.087 0.046 0.054 1.064 6715.3 4.3681 16.607197 1.257158 17.158398 15.901239 "" "" 1761.78223 2206.05322 4286.15416 1.9735 1870.9 6.359 3456.7 8.8235 "" "" 0.0028003038294335003 0.004626383 0.0046866336 0.009313017 36.61000550274 57.2353954748 1972.8186 -0.3689999999999997 -1.0870000000000002 0.0524545488357544 0.06316663074493412 0.15379664 0.16179664 "" "" 0.767792489290334 "" 0.12175674256466051 ""
36.59106294319 57.04328022046 0.0339 0.04 16.0258 "" "" 457666118730377856 2502.67944 0.376 0.0631 -0.493 -1.158 0.046 0.047 0.996 5642.2 4.5755 16.608778 1.401146 17.23241 15.831264 "" "" 2132.3291 2867.52979 4279.92076 5.1583 1747.6 10.794 3686.8 17.196 "" "" 0.0030502672950245154 0.0072633135 0.006318926 0.013582239 36.59106294319 57.04328022046 2502.67944 -0.4930000000000002 -1.1580000000000001 -0.0715454511642456 -0.007833369255065836 0.15379664 0.15479665 "" "" 0.8537941898139141 "" 0.13132082645603457 ""
37.8785282928 57.3217734302 0.0327 0.038 29.2243 "" "" 457994460388630912 2247.28662 0.4153 0.0519 0.605 -3.357 0.044 0.046 0.995 4941.7 4.3171 16.609634 1.640349 17.392778 15.752429 "" "" 2044.5592 2530.5564 4276.54412 1.8957 1507.7 7.0503 3964.5 7.5602 "" "" 0.0027970382848953087 0.0057932846 0.0043093595 0.010102645 37.8785282928 57.3217734302 2247.28662 0.6050000000000015 -3.357000000000002 1.0264545488357544 -2.206833369255066 0.15179664 0.15379664 "" "" 25.925918955039908 "" 3.978146192899616 ""
37.16032872163 57.05192351362 0.034 0.0385 8.525 "" "" 457658628307348608 2663.31543 0.3661 0.0582 -1.143 -2.42 0.047 0.049 0.972 5842.3 4.5944 16.609896 1.21314 17.130909 15.917769 "" "" 2335.24097 3226.85059 4275.51325 1.8586 1918.9 9.879 3404.5 10.933 "" "" 0.002795452180044499 0.006247342 0.0051420387 0.01138938 37.16032872163 57.05192351362 2663.31543 -1.1429999999999998 -2.42 -0.7215454511642456 -1.2698333692550658 0.15479665 0.15679665 "" "" 18.43771193498705 "" 2.8820147544126127 ""
36.07834423397 57.03840468511 0.0338 0.0376 31.7709 "" "" 458396160091583232 2049.46094 0.4598 0.0529 -0.614 -0.913 0.049 0.047 1.042 6107.2 4.4566 16.61065 1.286919 17.167109 15.88019 "" "" 1854.82458 2248.61011 4272.54962 2.1897 1856.0 7.7031 3524.4 9.2677 "" "" 0.002810946423925755 0.005300096 0.0047365534 0.010036649 36.07834423397 57.03840468511 2049.46094 -0.614 -0.9130000000000003 -0.1925454511642456 0.23716663074493405 0.15679665 0.15479665 "" "" 2.9676279395370306 "" 0.4617458748451601 ""
36.95703703946 57.11296924832 0.0561 0.0701 4.1393 "" "" 457670271954137088 1860.31384 0.5229 0.0966 -3.112 -0.926 0.079 0.091 1.874 5271.6 4.7369 16.611095 1.408102 17.15674 15.748638 "" "" 1594.44714 2085.25562 4270.79509 3.931 1873.8 12.876 3978.4 20.667 "" "" 0.0029309545116238994 0.007965408 0.0067893597 0.014754768 36.95703703946 57.11296924832 1860.31384 -3.112 -0.9260000000000002 -2.6905454511642457 0.22416663074493404 0.18679665 0.19879664 "" "" 23.807129763660548 "" 4.449124338647939 ""
36.63915782845 56.68768017353 0.0334 0.0381 31.664 "" "" 457622997257986944 1973.8252 0.4812 0.0547 -0.442 -1.46 0.045 0.047 1.123 7145.3 4.3511 16.61163 1.281468 17.169205 15.887736 "" "" 1791.25439 2178.09009 4268.6912 2.0341 1852.4 6.6312 3500.0 7.723 "" "" 0.0028034731798706925 0.004784509 0.0044747475 0.0092592565 36.63915782845 56.68768017353 1973.8252 -0.44199999999999984 -1.4600000000000004 -0.02054545116424561 -0.3098333692550659 0.15279666 0.15479665 "" "" 2.9051460114146894 "" 0.44968158259370444 ""
37.03611677392 57.36768171662 0.0324 0.0372 11.7264 "" "" 458052734506453376 2434.69263 0.3769 0.055 -0.773 -0.55 0.045 0.045 0.978 8502.1 4.4858 16.611712 1.209137 17.132607 15.92347 "" "" 2193.71875 2825.08447 4268.37011 2.0307 1915.9 13.016 3386.7 8.067 "" "" 0.0028033208777394174 0.007886219 0.0045795287 0.012465747 37.03611677392 57.36768171662 2434.69263 -0.7729999999999999 -0.55 -0.3515454511642456 0.600166630744934 0.15279666 0.15279666 "" "" 8.026908604579404 "" 1.226484791941095 ""
36.63558374066 57.22099507345 0.0322 0.041 12.8824 "" "" 457675395859582720 2175.06299 0.4463 0.0632 -0.64 -0.911 0.044 0.054 0.972 6359.0 4.4955 16.612465 1.192371 17.125248 15.932877 "" "" 1870.87073 2535.25366 4265.4094 2.0382 1928.9 7.7683 3357.4 9.0545 "" "" 0.0028037395974989826 0.005186979 0.0047809505 0.00996793 36.63558374066 57.22099507345 2175.06299 -0.6400000000000001 -0.9110000000000005 -0.21854545116424562 0.23916663074493405 0.15179664 0.16179664 "" "" 3.3401645810442724 "" 0.5254916842460925 ""
36.30523159744 56.83296287439 0.031 0.0376 31.0278 "" "" 457640005328301440 1886.37903 0.5067 0.0531 -0.67 -1.173 0.041 0.047 1.016 6702.5 4.369 16.612495 1.292885 17.177256 15.884371 "" "" 1743.55713 2037.65759 4265.2866 2.1007 1838.7 10.39 3510.8 10.63 "" "" 0.0028067299263635965 0.0067398646 0.005009059 0.011748923 36.30523159744 56.83296287439 1886.37903 -0.67 -1.1730000000000005 -0.24854545116424565 -0.02283336925506596 0.14879665 0.15479665 "" "" 2.231711717588541 "" 0.3321855265158584 ""
36.64538933144 57.46791378355 0.0341 0.0419 21.5161 "" "" 458430309366755712 2076.06299 0.4558 0.0595 -0.564 -1.38 0.046 0.054 1.112 7490.4 4.4133 16.613132 1.401522 17.245394 15.843872 "" "" 1868.81287 2390.19995 4262.79085 2.0185 1726.9 6.7353 3644.3 7.4305 "" "" 0.0028028739111737636 0.0050711953 0.0043800008 0.009451196 36.64538933144 57.46791378355 2076.06299 -0.5639999999999998 -1.3800000000000008 -0.14254545116424555 -0.2298333692550658 0.15379664 0.16179664 "" "" 2.6613623913612594 "" 0.42479189488812746 ""
36.66544602895 56.93525098124 0.0365 0.0401 18.3721 "" "" 457662373518981376 2391.22266 0.4046 0.0586 -0.408 -1.117 0.051 0.052 1.022 5712.6 4.6177 16.614296 1.273757 17.171846 15.898089 "" "" 2085.90527 2749.35034 4258.2207 2.1543 1847.9 8.3297 3466.7 8.4365 "" "" 0.002809539068559359 0.0056336066 0.0046114093 0.010245016 36.66544602895 56.93525098124 2391.22266 -0.408 -1.117 0.01345454883575442 0.03316663074493409 0.15879664 0.15979666 "" "" 0.4056779911492371 "" 0.06476881300915435 ""
36.85474648492 56.77967112199 0.036 0.0372 24.1872 "" "" 457647736270515968 2514.2251 0.3874 0.0573 3.017 -3.266 0.048 0.048 1.079 6469.5 4.2771 16.615034 1.3129 17.197725 15.884826 "" "" 2213.02075 2883.52954 4255.32531 2.032 1804.4 8.213 3509.4 7.594 "" "" 0.0028036744018039655 0.0056751524 0.0044501163 0.010125268 36.85474648492 56.77967112199 2514.2251 3.017 -3.266 3.4384545488357543 -2.115833369255066 0.15579665 0.15579665 "" "" 48.11412348751194 "" 7.496019116154746 ""
36.72455588227 57.57847931047 0.0322 0.037 26.1912 "" "" 458809262927263488 2585.73926 0.3624 0.0535 -0.076 -1.46 0.042 0.046 0.98 8439.4 4.4482 16.616964 1.436205 17.255606 15.819401 "" "" 2270.64062 2986.81226 4247.77322 2.0073 1710.7 10.505 3727.3 8.0448 "" "" 0.002802682385045209 0.0072275326 0.0044469335 0.011674466 36.72455588227 57.57847931047 2585.73926 -0.07599999999999996 -1.46 0.3454545488357544 -0.3098333692550659 0.14979665 0.15379664 "" "" 5.687493983542212 "" 0.8621836372827074 ""
37.49126093901 57.31134982467 0.0313 0.0348 17.3777 "" "" 458040399360578304 1833.70264 0.5291 0.051 1.929 -4.928 0.043 0.043 0.972 4868.8 4.3368 16.618376 1.526456 17.294838 15.768382 "" "" 1655.13342 2010.13696 4242.25111 1.9866 1650.0 9.2908 3906.7 11.061 "" "" 0.002801838512628072 0.0067201597 0.004871695 0.0115918545 37.49126093901 57.31134982467 1833.70264 1.9289999999999976 -4.928 2.3504545488357547 -3.777833369255066 0.15079665 0.15079665 "" "" 38.67258752997048 "" 5.831696717517003 ""
36.61498696092 56.86817700868 0.0369 0.0387 22.5734 "" "" 457638356060960384 1903.02246 0.5184 0.0563 -2.527 -0.941 0.049 0.05 1.028 5535.6 4.5788 16.61982 1.403081 17.248413 15.845332 "" "" 1723.7207 2162.44678 4236.6108 2.1089 1722.1 9.3612 3639.4 10.377 "" "" 0.0028078254880703523 0.006528275 0.0048854286 0.011413704 36.61498696092 56.86817700868 1903.02246 -2.5270000000000024 -0.9410000000000012 -2.1055454511642457 0.20916663074493413 0.15679665 0.15779665 "" "" 19.086192988729458 "" 2.9928382073557684 ""
36.55596027612 57.31696357705 0.0339 0.0415 17.4283 "" "" 458427324375219328 2361.87549 0.4012 0.0605 0.549 -0.359 0.047 0.053 1.005 7207.9 4.3361 16.620592 1.31288 17.198347 15.885468 "" "" 2067.85034 2725.23389 4233.60364 2.0862 1803.3 12.04 3507.3 8.9917 "" "" 0.0028067838984910266 0.0077675087 0.0046937903 0.012461299 36.55596027612 57.31696357705 2361.87549 0.549 -0.3590000000000001 0.9704545488357544 0.7911666307449341 0.15479665 0.16079664 "" "" 14.01749836708938 "" 2.203827181127309 ""
