Clusters/UBC_192/UBC_192_stars_in_region.tsv
# %ECSV 1.0
# ---
# datatype:
# - name: RA_ICRS_1
#   unit: deg
#   datatype: float64
#   format: '{:15.11f}'
#   description: Right ascension (ICRS) at Ep=2016.0 (ra)
#   meta: !!omap
#   - {ucd: POS_EQ_RA_MAIN}
#   - {width: 15}
#   - {precision: '11'}
# - name: DE_ICRS_1
#   unit: deg
#   datatype: float64
#   format: '{:15.11f}'
#   description: Declination (ICRS) at Ep=2016.0 (dec)
#   meta: !!omap
#   - {ucd: POS_EQ_DEC_MAIN}
#   - {width: 15}
#   - {precision: '11'}
# - name: e_RA_ICRS
#   unit: mas
#   datatype: float64
#   format: '{:7.4f}'
#   description: Standard error of right ascension (ra_error)
#   meta: !!omap
#   - {ucd: ERROR}
#   - {width: 7}
#   - {precision: '4'}
# - name: e_DE_ICRS
#   unit: mas
#   datatype: float64
#   format: '{:7.4f}'
#   description: Standard error of declination (dec_error)
#   meta: !!omap
#   - {ucd: ERROR}
#   - {width: 7}
#   - {precision: '4'}
# - name: _r_1
#   unit: ''
#   datatype: float64
#   format: '{:7.4f}'
#   description: Distance from center (037.02161556000+57.17239869000)[ICRS], at Epoch=J2016.0
#   meta: !!omap
#   - {ucd: POS_ANG_DIST_GENERAL}
#   - {width: 7}
#   - {precision: '4'}
# - name: HIP
#   datatype: int32
#   description: '? HIP cross-id number, van Leeuwen, Cat. I/311 (hip_original_ext_source_id)'
#   meta: !!omap
#   - {ucd: ID_NUMBER}
#   - {width: 6}
#   - values: {'null': -2147483648}
# - name: TYC2
#   datatype: string
#   description: Tycho-2 cross-id name, Hog et al., Cat. I/259 (tyc2_original_ext_source_id)
#   meta: !!omap
#   - {ucd: ID_CROSSID}
#   - {_votable_string_dtype: char}
# - name: Source
#   datatype: int64
#   description: Source identifier, identical to the Gaia-EDR3 source_id (id)
#   meta: !!omap
#   - {ucd: ID_MAIN}
#   - {width: 19}
# - name: rgeo
#   unit: pc
#   datatype: float64
#   format: '{:15.8f}'
#   description: '? Median of the geometric distance posterior (r_med_geo)'
#   meta: !!omap
#   - {ucd: PHYS_DISTANCE_TRUE}
#   - {width: 15}
#   - {precision: '8'}
#   - values: {'null': .nan}
# - name: Plx
#   unit: mas
#   datatype: float64
#   format: '{:9.4f}'
#   description: '? Parallax (parallax)'
#   meta: !!omap
#   - {ucd: POS_PARLX_TRIG}
#   - {width: 9}
#   - {precision: '4'}
#   - values: {'null': .nan}
# - name: e_Plx
#   unit: mas
#   datatype: float32
#   format: '{:7.4f}'
#   description: '? Standard error of parallax (parallax_error)'
#   meta: !!omap
#   - {ucd: ERROR}
#   - {width: 7}
#   - {precision: '4'}
#   - values: {'null': .nan}
# - name: pmRA
#   unit: mas / yr
#   datatype: float64
#   format: '{:9.3f}'
#   description: '? Proper motion in right ascension direction, pmRA*cosDE (pmra)'
#   meta: !!omap
#   - {ucd: POS_EQ_PMRA}
#   - {width: 9}
#   - {precision: '3'}
#   - values: {'null': .nan}
# - name: pmDE
#   unit: mas / yr
#   datatype: float64
#   format: '{:9.3f}'
#   description: '? Proper motion in declination direction (pmdec)'
#   meta: !!omap
#   - {ucd: POS_EQ_PMDEC}
#   - {width: 9}
#   - {precision: '3'}
#   - values: {'null': .nan}
# - name: e_pmRA
#   unit: mas / yr
#   datatype: float32
#   format: '{:6.3f}'
#   description: '? Standard error of proper motion in right ascension direction (pmra_error)'
#   meta: !!omap
#   - {ucd: ERROR}
#   - {width: 6}
#   - {precision: '3'}
#   - values: {'null': .nan}
# - name: e_pmDE
[...]
#         value: !astropy.table.SerializedColumn {name: SkyCoord.dec}
#       distance: !astropy.table.SerializedColumn
#         __class__: astropy.coordinates.distances.Distance
#         unit: !astropy.units.Unit {unit: pc}
#         value: !astropy.table.SerializedColumn {name: SkyCoord.distance}
#       frame: icrs
#       obstime: !astropy.time.Time {format: jyear_str, in_subfmt: '*', jd1: 367701545.0, jd2: 0.0, out_subfmt: '*', precision: 3, scale: tt}
#       pm_dec: !astropy.table.SerializedColumn
#         __class__: astropy.units.quantity.Quantity
#         unit: !astropy.units.Unit {unit: mas / yr}
#         value: !astropy.table.SerializedColumn {name: SkyCoord.pm_dec}
#       pm_ra_cosdec: !astropy.table.SerializedColumn
#         __class__: astropy.units.quantity.Quantity
#         unit: !astropy.units.Unit {unit: mas / yr}
#         value: !astropy.table.SerializedColumn {name: SkyCoord.pm_ra_cosdec}
#       ra: !astropy.table.SerializedColumn
#         __class__: astropy.coordinates.angles.Longitude
#         unit: *id001
#         value: !astropy.table.SerializedColumn {name: SkyCoord.ra}
#         wrap_angle: !astropy.coordinates.Angle
#           unit: *id001
#           value: 360.0
#       representation_type: spherical
# schema: astropy-2.0
RA_ICRS_1 DE_ICRS_1 e_RA_ICRS e_DE_ICRS _r_1 HIP TYC2 Source rgeo Plx e_Plx pmRA pmDE e_pmRA e_pmDE RUWE Teff logg Gmag BP-RP BPmag RPmag RV e_RV b_rgeo B_rgeo FG e_FG FBP e_FBP FRP e_FRP RAVE5 RAVE6 e_Gmag e_BPmag e_RPmag e_BP-RP SkyCoord.ra SkyCoord.dec SkyCoord.distance SkyCoord.pm_ra_cosdec SkyCoord.pm_dec rmRA rmDE e_rmRA e_rmDE rRV e_rRV v_pec v_pec3d e_vpec e_vpec3d
[from data line 364]
37.77267441603 57.07736929409 0.012 0.0138 25.1165 "" "" 457981644206410240 2191.10913 0.4264 0.0199 -0.276 -1.178 0.016 0.017 1.103 9198.8 3.8492 14.347551 0.76986 14.647944 13.878083 "" "" 2102.0752 2281.64624 34349.96377 7.3719 18890.0 13.186 22281.0 11.35 "" "" 0.00276515529257244 0.0028912702 0.0038196363 0.0067109065 37.77267441603 57.07736929409 2191.10913 -0.2760000000000002 -1.178 0.14545454883575437 -0.027833369255065854 0.12379665 0.124796644 "" "" 1.5380792687359057 "" 0.1904636008448167 ""
36.61416206276 57.35672385557 0.0118 0.0151 17.2361 "" "" 458427805411506176 2362.18555 0.3937 0.0208 -0.291 -1.124 0.016 0.019 0.992 10537.2 4.0619 14.354147 0.750217 14.642172 13.891954 "" "" 2242.36035 2471.35474 34141.9292 7.5857 18991.0 15.059 21998.0 15.876 "" "" 0.0027658599883062787 0.0029199768 0.0038597567 0.0067797336 36.61416206276 57.35672385557 2362.18555 -0.291 -1.124 0.1304545488357544 0.026166630744933972 0.12379665 0.12679665 "" "" 1.4897616460740917 "" 0.18460236758624382 ""
37.69799676387 57.30336713532 0.0113 0.0122 23.3249 "" "" 458039712165804544 2510.44019 0.3659 0.0177 -0.177 -1.074 0.015 0.015 0.989 11779.5 4.1813 14.361989 0.673668 14.616103 13.942435 "" "" 2402.10596 2650.10034 33896.2027 6.9431 19453.0 15.788 20998.0 13.33 "" "" 0.0027642809769993955 0.0029260088 0.0038417175 0.0067677265 37.69799676387 57.30336713532 2510.44019 -0.177 -1.074 0.2444545488357544 0.07616663074493402 0.12279665 0.12279665 "" "" 3.0468119230563344 "" 0.3741382889546303 ""
37.3009814598 57.3245079346 0.0142 0.0157 12.8657 "" "" 458038303416348416 2269.33008 0.4087 0.0234 -0.31 -1.145 0.019 0.02 1.287 10103.6 3.7916 14.363155 0.859183 14.699794 13.840611 "" "" 2149.65723 2396.29053 33859.82572 6.6693 18009.0 12.396 23063.0 13.281 "" "" 0.002763606965097757 0.002888522 0.003830749 0.006719271 37.3009814598 57.3245079346 2269.33008 -0.30999999999999966 -1.1450000000000002 0.1114545488357544 0.005166630744934064 0.12679665 0.12779665 "" "" 1.2001621881843845 "" 0.15217912605354605 ""
37.09821797975 56.73655583529 0.0129 0.0136 26.2704 "" "" 457645331088835200 2437.94141 0.3805 0.0212 -0.36 -1.156 0.017 0.018 1.019 "" "" 14.36908 0.593284 14.590352 13.997068 "" "" 2318.04858 2563.5415 33675.57338 9.1013 19919.0 15.577 19968.0 11.75 "" "" 0.0027709012676010235 0.0029164976 0.0038330026 0.0067495005 37.09821797975 56.73655583529 2437.94141 -0.36 -1.156 0.06145454883575441 -0.0058333692550658345 0.124796644 0.12579665 "" "" 0.713351211068483 "" 0.08903023232465937 ""
37.748120646 57.4884499656 0.0118 0.0132 30.2197 "" "" 458066753280603648 2240.93774 0.4106 0.019 -0.397 -0.964 0.016 0.017 1.054 10713.6 3.9315 14.37192 0.964936 14.761726 13.79679 "" "" 2162.5061 2330.06152 33587.58229 6.2082 17011.0 18.043 24013.0 23.465 "" "" 0.0027626189013395643 0.003018483 0.0039254758 0.006943959 37.748120646 57.4884499656 2240.93774 -0.39700000000000035 -0.9640000000000006 0.024454548835754375 0.18616663074493411 0.12379665 0.124796644 "" "" 1.994457992366368 "" 0.24886796652130722 ""
36.71995182391 57.04467765973 0.0139 0.0165 12.4634 "" "" 457664469462923904 2655.71191 0.3453 0.0242 0.339 0.146 0.019 0.021 1.177 5013.8 3.2065 14.381584 1.69477 15.190412 13.495642 -33.87 3.14 2502.82764 2790.47754 33289.93653 6.6812 11462.0 10.165 31689.0 19.395 "" "" 0.0027639232419052876 0.0029516406 0.003837357 0.006788998 36.71995182391 57.04467765973 2655.71191 0.3389999999999999 0.14599999999999985 0.7604545488357544 1.296166630744934 0.12679665 0.12879665 -5.140000000000001 14.802 18.917070202670097 19.60293715372135 2.426823310403763 4.532992386409545
36.66203765363 57.31347924941 0.0125 0.0158 14.4196 "" "" 458426740259881728 2178.93506 0.4256 0.0212 -0.402 -1.086 0.017 0.02 0.93 9250.1 4.1951 14.384667 0.779588 14.689683 13.910095 "" "" 2094.03735 2306.28687 33195.54154 7.5487 18178.0 17.163 21633.0 12.885 "" "" 0.0027663600233903927 0.0029725246 0.0038343093 0.0068068337 36.66203765363 57.31347924941 2178.93506 -0.4020000000000001 -1.0859999999999999 0.01945454883575437 0.064166630744934 0.124796644 0.12779665 "" "" 0.6925128836384942 "" 0.0883278134879219 ""
37.21204440004 57.55528118131 0.0127 0.0142 23.785 "" "" 458061564959075584 2222.96899 0.4182 0.0202 -0.465 -1.141 0.016 0.018 1.081 9632.2 3.7955 14.387573 1.105683 14.817321 13.711638 "" "" 2135.14673 2338.24976 33106.82217 6.4802 16162.0 64.791 25972.0 60.997 "" "" 0.002763503789641374 0.0051700817 0.0045591495 0.009729231 37.21204440004 57.55528118131 2222.96899 -0.46499999999999975 -1.1410000000000005 -0.04354545116424563 0.009166630744934068 0.12379665 0.12579665 "" "" 0.46888888805120005 "" 0.058086973404610436 ""
36.36177575725 57.47503681774 0.0113 0.0138 28.0461 "" "" 458444160646872448 2112.53418 0.4387 0.019 -0.396 -1.109 0.016 0.018 1.044 9278.1 3.931 14.388238 0.926432 14.761715 13.835283 "" "" 2032.00757 2178.22949 33086.55745 5.5284 17011.0 15.168 23176.0 15.694 "" "" 0.0027612860503780797 0.00295335 0.0038502312 0.0068035815 36.36177575725 57.47503681774 2112.53418 -0.39600000000000035 -1.1089999999999998 0.025454548835754376 0.041166630744934096 0.12379665 0.12579665 "" "" 0.4846559214770281 "" 0.06070154161384757 ""
37.35881661039 57.08329607972 0.0121 0.0156 12.2135 "" "" 458031294029981952 2532.68311 0.3632 0.0209 -0.359 -1.03 0.016 0.02 1.001 10084.7 3.6482 14.390814 0.678486 14.645747 13.967261 "" "" 2425.08374 2655.59814 33008.14974 7.8494 18929.0 15.941 20524.0 10.233 "" "" 0.0027673907430907276 0.002936168 0.0038179536 0.0067541217 37.35881661039 57.08329607972 2532.68311 -0.35900000000000015 -1.030000000000001 0.06245454883575441 0.12016663074493406 0.12379665 0.12779665 "" "" 1.6257952293053015 "" 0.2064052795209533 ""
37.20109745194 57.10923232641 0.0117 0.0139 6.9645 "" "" 457659178063109504 2027.0011 0.4657 0.0191 -3.158 2.121 0.016 0.017 1.002 7081.0 3.9117 14.39246 1.239751 14.928578 13.688828 "" "" 1941.81653 2112.79663 32958.13418 5.4114 14588.0 14.83 26523.0 20.409 "" "" 0.0027610810524882476 0.003000551 0.0038706218 0.0068711727 37.20109745194 57.10923232641 2027.0011 -3.158 2.1209999999999996 -2.7365454511642455 3.271166630744934 0.12379665 0.124796644 "" "" 40.97691605230283 "" 5.09695097805396 ""
36.71968473929 57.1854984707 0.0205 0.0276 9.8505 "" "" 457674399427191552 2015.3208 0.4572 0.0375 -0.377 -0.965 0.028 0.034 1.945 "" "" 14.3935 0.595973 14.56956 13.973587 "" "" 1871.19202 2198.47314 32926.56819 18.578 20305.0 109.47 20404.0 147.15 "" "" 0.002822599469733087 0.006484492 0.008694524 0.015179016 36.71968473929 57.1854984707 2015.3208 -0.377 -0.9649999999999999 0.04445454883575439 0.1851666307449341 0.13579665 0.14179665 "" "" 1.8190880611508533 "" 0.2573577108870947 ""
36.43421859836 56.75304563033 0.0119 0.014 31.6585 "" "" 457635882159851392 1825.09131 0.5134 0.0198 1.844 -3.11 0.016 0.018 0.952 8990.4 4.1168 14.394245 0.89205 14.747973 13.855924 "" "" 1767.69336 1883.15356 32903.99528 34.833 17228.0 65.716 22740.0 66.583 "" "" 0.0029854449295077575 0.004993726 0.0049386313 0.009932358 36.43421859836 56.75304563033 1825.09131 1.8440000000000003 -3.1100000000000003 2.2654545488357547 -1.9598333692550658 0.12379665 0.12579665 "" "" 25.914173763098805 "" 3.2303744994132035 ""
36.13484060583 57.09929973873 0.011 0.013 29.2035 "" "" 458397912438156928 2410.72437 0.3878 0.0187 -0.459 1.367 0.015 0.017 0.974 6459.7 3.7603 14.394822 1.251588 14.938671 13.687083 -2.22 7.95 2299.59912 2530.79419 32886.53221 5.3631 14453.0 12.501 26566.0 15.832 "" "" 0.002761003420633775 0.002943969 0.00383437 0.006778339 36.13484060583 57.09929973873 2410.72437 -0.4590000000000001 1.367 -0.037545451164245625 2.517166630744934 0.12279665 0.124796644 26.509999999999998 19.612 28.76644345947473 39.118900410251264 3.5899429048150444 13.550255080278239
37.56898269406 57.21435926728 0.0114 0.0122 17.9712 "" "" 458033321254509184 2225.2085 0.4119 0.0184 -0.185 -1.189 0.015 0.015 0.957 "" "" 14.396558 0.753831 14.686526 13.932695 "" "" 2129.99512 2328.77319 32833.99096 6.1825 18231.0 11.824 21188.0 12.933 "" "" 0.002762894297469935 0.0028776564 0.0038370474 0.0067147035 37.56898269406 57.21435926728 2225.2085 -0.185 -1.189 0.2364545488357544 -0.038833369255065975 0.12279665 0.12279665 "" "" 2.5274120293991906 "" 0.3103577234311878 ""
37.34040905339 57.36233123784 0.0118 0.0133 15.3895 "" "" 458038818812385664 2092.17017 0.4408 0.0185 2.886 0.641 0.016 0.017 1.005 "" "" 14.410838 2.004746 15.423123 13.418377 -18.28 1.81 2013.29565 2166.50659 32404.9481 6.8279 9250.6 18.123 34026.0 22.876 "" "" 0.002764801144207086 0.0035084942 0.0038492277 0.007357722 37.34040905339 57.36233123784 2092.17017 2.886 0.641 3.3074545488357545 1.791166630744934 0.12379665 0.124796644 10.449999999999996 13.472 37.30059097997124 38.73676015692474 4.6261732663645025 5.749119144228133
36.36632579908 56.99927742007 0.0129 0.0149 23.7555 "" "" 458393583111213440 2032.25757 0.4575 0.0205 -0.457 -0.997 0.018 0.019 1.008 9155.4 3.8247 14.417368 0.825038 14.742869 13.917831 "" "" 1963.0957 2118.84351 32210.6558 7.1726 17309.0 19.466 21480.0 20.535 "" "" 0.0027659070568806063 0.0030456495 0.0039193253 0.006964975 36.36632579908 56.99927742007 2032.25757 -0.457 -0.9969999999999997 -0.03554545116424562 0.15316663074493408 0.12579665 0.12679665 "" "" 1.5146491007600191 "" 0.19197531311277788 ""
37.37482117969 57.1287389157 0.011 0.0126 11.7901 "" "" 458031878145526912 2281.44604 0.4045 0.0187 -0.42 -1.021 0.014 0.016 0.999 10515.7 3.9451 14.422117 0.730139 14.701009 13.97087 "" "" 2186.15942 2398.60571 32070.06863 6.5253 17989.0 15.441 20456.0 15.925 "" "" 0.002764162218434397 0.0029416967 0.0038727468 0.0068144435 37.37482117969 57.1287389157 2281.44604 -0.41999999999999976 -1.0209999999999995 0.00145454883575441 0.12916663074493417 0.121796645 0.12379665 "" "" 1.3969035122741191 "" 0.1729316228037586 ""
36.61742187756 57.3919238219 0.0122 0.0162 18.5825 "" "" 458429592117855872 2140.58594 0.4315 0.0221 -0.402 -1.196 0.017 0.02 0.986 10613.9 4.0872 14.423818 0.765206 14.719878 13.954672 "" "" 2043.33313 2278.30298 32019.88176 7.146 17679.0 15.097 20763.0 17.042 "" "" 0.0027659541795321727 0.0029401844 0.0038830258 0.00682321 36.61742187756 57.3919238219 2140.58594 -0.402 -1.196 0.01945454883575437 -0.04583336925506587 0.124796644 0.12779665 "" "" 0.5052016909229575 "" 0.06433401525431187 ""
37.55556564796 57.52356645529 0.0123 0.0135 27.2528 "" "" 458047305667916672 2117.63208 0.446 0.0204 -0.392 -1.063 0.016 0.018 0.964 10698.1 4.0508 14.424217 0.826543 14.74764 13.921097 "" "" 2029.2323 2200.05908 32008.10111 7.4288 17233.0 17.611 21415.0 17.904 "" "" 0.0027668191649129334 0.0030026908 0.0038868624 0.0068895533 37.55556564796 57.52356645529 2117.63208 -0.3919999999999999 -1.0630000000000002 0.02945454883575438 0.08716663074493414 0.12379665 0.12579665 "" "" 0.923543838173498 "" 0.11599077706002431 ""
37.16836733902 57.60608810113 0.4061 0.4944 26.4505 "" "" 458062630110944256 2454.17017 1.2172 0.6691 -2.627 -4.295 0.506 0.587 35.445 "" "" 14.425118 1.944449 15.273861 13.329412 8.09 2.26 1221.19519 3211.82153 31981.57931 133.87 10614.0 17.642 36931.0 17.802 "" "" 0.005314726357715982 0.0033229222 0.003815447 0.007138369 37.16836733902 57.60608810113 2454.17017 -2.627 -4.295 -2.2055454511642454 -3.144833369255066 0.61379665 0.6947967 36.81999999999999 13.922 44.683162585194886 57.89902778644007 29.900889849741727 24.715918968744695
37.57693805089 57.47962214772 0.035 0.0383 25.7554 "" "" 458046068717345664 2665.55835 0.3522 0.0577 -0.786 -0.802 0.046 0.048 3.141 5512.1 3.251 14.433167 1.940615 15.392839 13.452225 -69.46 2.67 2271.31934 3198.92603 31745.32606 11.663 9512.2 11.901 32981.0 16.609 "" "" 0.0027840445110587525 0.0031032711 0.003818728 0.006921999 37.57693805089 57.47962214772 2665.55835 -0.7859999999999997 -0.8020000000000002 -0.36454545116424564 0.34816663074493404 0.15379664 0.15579665 -40.73 14.332 6.3691328750128795 41.2249773023536 0.9856483521570449 14.160738086541974
36.25849206863 56.87994335761 0.012 0.014 30.4779 "" "" 457640726882915584 2407.61475 0.3803 0.02 -0.612 -1.138 0.016 0.018 1.015 10239.9 4.0383 14.442615 0.763868 14.736632 13.972764 "" "" 2290.57178 2537.6792 31470.29034 7.957 17409.0 23.835 20420.0 20.799 "" "" 0.0027689619447277495 0.0031614455 0.0039378568 0.0070993025 36.25849206863 56.87994335761 2407.61475 -0.6120000000000001 -1.138 -0.1905454511642456 0.012166630744934182 0.12379665 0.12579665 "" "" 2.1789508673835565 "" 0.2697646537738306 ""
36.82387352746 57.10289463723 0.012 0.015 7.6706 "" "" 457670722935244544 2518.1521 0.3634 0.0203 -0.512 0.929 0.016 0.019 0.994 "" "" 14.446986 1.247076 14.986239 13.739163 -34.11 21.02 2407.87988 2665.36548 31343.84212 5.4546 13833.0 12.982 25322.0 14.02 "" "" 0.00276179100365545 0.0029704026 0.0038268908 0.006797293 36.82387352746 57.10289463723 2518.1521 -0.512 0.929 -0.09054545116424562 2.0791666307449344 0.12379665 0.12679665 -5.380000000000003 32.682 24.840539744537036 25.416467394190015 3.1495577742230187 7.571849671022792
36.51605887419 57.42259216541 0.0119 0.0141 22.2244 "" "" 458431378824230656 2426.08447 0.3835 0.0206 -0.403 -0.907 0.017 0.018 1.075 7970.4 4.0067 14.455015 0.989941 14.858898 13.868958 "" "" 2304.10474 2549.45142 31112.9263 5.9688 15555.0 20.09 22469.0 16.414 "" "" 0.002763181959360574 0.0031227286 0.0038617111 0.0069844397 36.51605887419 57.42259216541 2426.08447 -0.4030000000000001 -0.9070000000000001 0.01845454883575437 0.24316663074493405 0.124796644 0.12579665 "" "" 2.8043702353167657 "" 0.35276437304887875 ""
37.83349011375 57.46060380393 0.0132 0.0147 31.4792 "" "" 458065756848194560 2514.91821 0.3641 0.0211 -0.334 -1.215 0.018 0.018 1.102 11075.0 3.9886 14.45665 1.054528 14.887126 13.832598 "" "" 2375.49048 2639.93262 31066.09446 41.001 15155.0 52.324 23234.0 116.11 "" "" 0.0031056633540098156 0.0046730144 0.0066124024 0.011285417 37.83349011375 57.46060380393 2514.91821 -0.3339999999999999 -1.2150000000000003 0.08745454883575438 -0.064833369255066 0.12579665 0.12579665 "" "" 1.2977524883752012 "" 0.1632529102196937 ""
36.75347976042 56.75830088063 0.0115 0.013 26.3483 "" "" 457625127561719808 2383.06445 0.3832 0.0193 -0.446 -0.767 0.015 0.016 1.006 9854.2 4.2129 14.460458 0.890309 14.814839 13.92453 "" "" 2271.69995 2493.0957 30957.32776 5.9324 16199.0 14.057 21347.0 18.949 "" "" 0.0027631646537070206 0.00294495 0.003900331 0.006845281 36.75347976042 56.75830088063 2383.06445 -0.44599999999999995 -0.7669999999999998 -0.024545451164245613 0.38316663074493407 0.12279665 0.12379665 "" "" 4.337016509008374 "" 0.5368904582239137 ""
36.44518501626 57.1660610157 0.0121 0.0145 18.7548 "" "" 458419730873180288 2452.83008 0.3739 0.0213 -0.543 -1.186 0.016 0.018 1.043 9920.6 4.0924 14.464433 0.656661 14.711703 14.055042 "" "" 2330.98413 2598.81396 30844.21618 7.1418 17813.0 14.334 18930.0 16.974 "" "" 0.0027667651358436077 0.00292376 0.0039027587 0.006826519 36.44518501626 57.1660610157 2452.83008 -0.5429999999999998 -1.1860000000000006 -0.12154545116424564 -0.03583336925506586 0.12379665 0.12579665 "" "" 1.4732702924133727 "" 0.18262329535627753 ""
