Clusters/UBC_192/UBC_192_stars_in_region.tsv
# %ECSV 1.0
# ---
# datatype:
# - name: RA_ICRS_1
#   unit: deg
#   datatype: float64
#   format: '{:15.11f}'
#   description: Right ascension (ICRS) at Ep=2016.0 (ra)
#   meta: !!omap
#   - {ucd: POS_EQ_RA_MAIN}
#   - {width: 15}
#   - {precision: '11'}
# - name: DE_ICRS_1
#   unit: deg
#   datatype: float64
#   format: '{:15.11f}'
#   description: Declination (ICRS) at Ep=2016.0 (dec)
#   meta: !!omap
#   - {ucd: POS_EQ_DEC_MAIN}
#   - {width: 15}
#   - {precision: '11'}
# - name: e_RA_ICRS
#   unit: mas
#   datatype: float64
#   format: '{:7.4f}'
#   description: Standard error of right ascension (ra_error)
#   meta: !!omap
#   - {ucd: ERROR}
#   - {width: 7}
#   - {precision: '4'}
# - name: e_DE_ICRS
#   unit: mas
#   datatype: float64
#   format: '{:7.4f}'
#   description: Standard error of declination (dec_error)
#   meta: !!omap
#   - {ucd: ERROR}
#   - {width: 7}
#   - {precision: '4'}
# - name: _r_1
#   unit: ''
#   datatype: float64
#   format: '{:7.4f}'
#   description: Distance from center (037.02161556000+57.17239869000)[ICRS], at Epoch=J2016.0
#   meta: !!omap
#   - {ucd: POS_ANG_DIST_GENERAL}
#   - {width: 7}
#   - {precision: '4'}
# - name: HIP
#   datatype: int32
#   description: '? HIP cross-id number, van Leeuwen, Cat. I/311 (hip_original_ext_source_id)'
#   meta: !!omap
#   - {ucd: ID_NUMBER}
#   - {width: 6}
#   - values: {'null': -2147483648}
# - name: TYC2
#   datatype: string
#   description: Tycho-2 cross-id name, Hog et al., Cat. I/259 (tyc2_original_ext_source_id)
#   meta: !!omap
#   - {ucd: ID_CROSSID}
#   - {_votable_string_dtype: char}
# - name: Source
#   datatype: int64
#   description: Source identifier, identical to the Gaia-EDR3 source_id (id)
#   meta: !!omap
#   - {ucd: ID_MAIN}
#   - {width: 19}
# - name: rgeo
#   unit: pc
#   datatype: float64
#   format: '{:15.8f}'
#   description: '? Median of the geometric distance posterior (r_med_geo)'
#   meta: !!omap
#   - {ucd: PHYS_DISTANCE_TRUE}
#   - {width: 15}
#   - {precision: '8'}
#   - values: {'null': .nan}
# - name: Plx
#   unit: mas
#   datatype: float64
#   format: '{:9.4f}'
#   description: '? Parallax (parallax)'
#   meta: !!omap
#   - {ucd: POS_PARLX_TRIG}
#   - {width: 9}
#   - {precision: '4'}
#   - values: {'null': .nan}
# - name: e_Plx
#   unit: mas
#   datatype: float32
#   format: '{:7.4f}'
#   description: '? Standard error of parallax (parallax_error)'
#   meta: !!omap
#   - {ucd: ERROR}
#   - {width: 7}
#   - {precision: '4'}
#   - values: {'null': .nan}
# - name: pmRA
#   unit: mas / yr
#   datatype: float64
#   format: '{:9.3f}'
#   description: '? Proper motion in right ascension direction, pmRA*cosDE (pmra)'
#   meta: !!omap
#   - {ucd: POS_EQ_PMRA}
#   - {width: 9}
#   - {precision: '3'}
#   - values: {'null': .nan}
# - name: pmDE
#   unit: mas / yr
#   datatype: float64
#   format: '{:9.3f}'
#   description: '? Proper motion in declination direction (pmdec)'
#   meta: !!omap
#   - {ucd: POS_EQ_PMDEC}
#   - {width: 9}
#   - {precision: '3'}
#   - values: {'null': .nan}
# - name: e_pmRA
#   unit: mas / yr
#   datatype: float32
#   format: '{:6.3f}'
#   description: '? Standard error of proper motion in right ascension direction (pmra_error)'
#   meta: !!omap
#   - {ucd: ERROR}
#   - {width: 6}
#   - {precision: '3'}
#   - values: {'null': .nan}
# - name: e_pmDE
[...]
#         value: !astropy.table.SerializedColumn {name: SkyCoord.dec}
#       distance: !astropy.table.SerializedColumn
#         __class__: astropy.coordinates.distances.Distance
#         unit: !astropy.units.Unit {unit: pc}
#         value: !astropy.table.SerializedColumn {name: SkyCoord.distance}
#       frame: icrs
#       obstime: !astropy.time.Time {format: jyear_str, in_subfmt: '*', jd1: 367701545.0, jd2: 0.0, out_subfmt: '*', precision: 3, scale: tt}
#       pm_dec: !astropy.table.SerializedColumn
#         __class__: astropy.units.quantity.Quantity
#         unit: !astropy.units.Unit {unit: mas / yr}
#         value: !astropy.table.SerializedColumn {name: SkyCoord.pm_dec}
#       pm_ra_cosdec: !astropy.table.SerializedColumn
#         __class__: astropy.units.quantity.Quantity
#         unit: !astropy.units.Unit {unit: mas / yr}
#         value: !astropy.table.SerializedColumn {name: SkyCoord.pm_ra_cosdec}
#       ra: !astropy.table.SerializedColumn
#         __class__: astropy.coordinates.angles.Longitude
#         unit: *id001
#         value: !astropy.table.SerializedColumn {name: SkyCoord.ra}
#         wrap_angle: !astropy.coordinates.Angle
#           unit: *id001
#           value: 360.0
#       representation_type: spherical
# schema: astropy-2.0
RA_ICRS_1 DE_ICRS_1 e_RA_ICRS e_DE_ICRS _r_1 HIP TYC2 Source rgeo Plx e_Plx pmRA pmDE e_pmRA e_pmDE RUWE Teff logg Gmag BP-RP BPmag RPmag RV e_RV b_rgeo B_rgeo FG e_FG FBP e_FBP FRP e_FRP RAVE5 RAVE6 e_Gmag e_BPmag e_RPmag e_BP-RP SkyCoord.ra SkyCoord.dec SkyCoord.distance SkyCoord.pm_ra_cosdec SkyCoord.pm_dec rmRA rmDE e_rmRA e_rmDE rRV e_rRV v_pec v_pec3d e_vpec e_vpec3d
[from data line 1274]
36.52285842108 57.12955708954 0.0258 0.0328 16.4346 "" "" 458419421635547520 2510.66821 0.3859 0.0456 0.094 -0.93 0.034 0.041 0.986 7456.0 4.2921 16.215103 1.116168 16.687902 15.571734 "" "" 2225.33936 2896.59033 6150.42597 2.1474 2885.7 8.6524 4682.4 7.5531 "" "" 0.0027812752172195706 0.004287533 0.0041654613 0.008452995 36.52285842108 57.12955708954 2510.66821 0.09400000000000014 -0.9300000000000002 0.5154545488357544 0.22016663074493403 0.14179665 0.14879665 "" "" 6.670336848318648 "" 0.9531848945743937 ""
37.33233584917 57.66907185549 0.0283 0.0301 31.4457 "" "" 458063798342016384 1820.29272 0.5231 0.0443 -2.92 0.095 0.039 0.039 1.012 7140.5 4.3591 16.215725 1.555052 16.938316 15.383265 "" "" 1701.90198 1992.07031 6146.9064 2.4378 2291.3 8.6988 5570.0 7.9451 "" "" 0.0027887629326432107 0.004977493 0.0040843864 0.0090618795 37.33233584917 57.66907185549 1820.29272 -2.92 0.09499999999999997 -2.4985454511642455 1.245166630744934 0.14679664 0.14679664 "" "" 24.086662625739486 "" 3.535841232211209 ""
37.52976089458 57.18908407758 0.0249 0.027 16.5549 "" "" 458032805858443008 2117.00073 0.4434 0.0408 -2.697 -4.284 0.033 0.033 1.005 6411.5 4.0681 16.216805 1.450026 16.875153 15.425127 "" "" 1953.40369 2311.30762 6140.80139 2.0891 2428.6 7.586 5359.3 7.2602 "" "" 0.002779967917645122 0.004391669 0.0040555014 0.00844717 37.52976089458 57.18908407758 2117.00073 -2.697 -4.284 -2.2755454511642457 -3.1338333692550657 0.14079665 0.14079665 "" "" 38.86250335522573 "" 5.471710146069997 ""
36.32318117204 56.97798367946 0.0323 0.0387 25.5906 "" "" 458393239513862272 2263.8479 0.435 0.0545 -5.307 2.203 0.049 0.049 1.087 7134.0 4.3468 16.217224 1.364188 16.825153 15.460965 "" "" 2046.30884 2585.2522 6138.42575 2.3602 2543.1 9.2128 5185.3 9.4231 "" "" 0.002786765728954143 0.0048224027 0.0042634215 0.009085825 36.32318117204 56.97798367946 2263.8479 -5.307000000000002 2.203000000000002 -4.885545451164246 3.353166630744934 0.15679665 0.15679665 "" "" 63.58506315753239 "" 9.969924835810973 ""
37.28421856651 57.64709661467 0.0272 0.0304 29.7193 "" "" 458063557823856256 2449.03198 0.3903 0.0437 -0.25 -0.989 0.036 0.039 1.009 8790.7 4.3576 16.219028 1.32529 16.797146 15.471856 "" "" 2213.04492 2685.99512 6128.23753 2.3919 2609.5 10.571 5133.5 11.255 "" "" 0.002787718008758533 0.0052086404 0.0044665644 0.009675205 37.28421856651 57.64709661467 2449.03198 -0.25 -0.989 0.1714545488357544 0.1611666307449341 0.14379665 0.14679664 "" "" 2.731588873855164 "" 0.3966585697731078 ""
36.77497237517 57.10002235891 0.0252 0.031 9.1293 "" "" 457665087938160512 2366.21045 0.3906 0.0428 -0.511 -1.155 0.034 0.039 1.031 6686.1 4.3113 16.223295 1.421606 16.863256 15.44165 "" "" 2182.91309 2637.8064 6104.20317 4.3973 2455.4 9.6236 5278.3 14.444 "" "" 0.0028641793965756114 0.0050885575 0.004807409 0.009895966 36.77497237517 57.10002235891 2366.21045 -0.511 -1.1550000000000002 -0.08954545116424562 -0.004833369255065945 0.14179665 0.14679664 "" "" 1.005789214505835 "" 0.14263240569942187 ""
37.27542698956 56.86544968275 0.0303 0.0364 20.1967 "" "" 457605542510108672 2673.47583 0.3372 0.0568 1.482 0.008 0.039 0.045 0.965 7144.9 4.3836 16.224352 1.245407 16.766752 15.521345 "" "" 2310.69409 3111.67407 6098.25928 2.3756 2683.6 7.0485 4904.8 8.1484 "" "" 0.002787593647664757 0.0039896388 0.004187747 0.008177386 37.27542698956 56.86544968275 2673.47583 1.482 0.008000000000000075 1.9034545488357544 1.158166630744934 0.14679664 0.15279666 "" "" 28.235266250696995 "" 4.191290734820918 ""
36.21924010986 57.16713874073 0.0258 0.0337 26.1023 "" "" 458421895536708096 2627.81519 0.3508 0.0471 -0.484 -1.007 0.034 0.042 0.988 7346.6 4.3499 16.225363 1.173581 16.727453 15.553872 "" "" 2333.86035 2957.03809 6092.58038 2.2904 2782.5 11.113 4760.0 9.7975 "" "" 0.0027853881257149343 0.0051564174 0.0043906625 0.00954708 36.21924010986 57.16713874073 2627.81519 -0.484 -1.007 -0.06254545116424559 0.1431666307449342 0.14179665 0.14979665 "" "" 1.9460085871569663 "" 0.2890669199433259 ""
37.84864953874 56.95694053574 0.0264 0.0289 29.9162 "" "" 457979720061179648 2332.72046 0.4029 0.0423 2.221 -0.621 0.036 0.035 1.065 7124.1 4.4717 16.226799 1.234544 16.75058 15.516036 "" "" 2147.61279 2596.54614 6084.534 2.3297 2723.9 8.1827 4928.8 9.5797 "" "" 0.0027865048674991953 0.0042922064 0.0043286146 0.008620821 37.84864953874 56.95694053574 2332.72046 2.2209999999999996 -0.6210000000000003 2.6424545488357545 0.5291666307449341 0.14379665 0.14279665 "" "" 29.797964985905555 "" 4.283702562395074 ""
36.60943471675 56.80128089723 0.0263 0.0317 26.0263 "" "" 457636981671445120 2639.13892 0.37 0.0447 1.093 -0.413 0.034 0.04 1.049 5426.2 4.2627 16.227575 1.417003 16.86546 15.448457 "" "" 2352.3186 2975.2666 6080.18199 2.3478 2450.4 9.5325 5245.4 8.7872 "" "" 0.0027870336425773034 0.005062092 0.0041942736 0.009256366 36.60943471675 56.80128089723 2639.13892 1.0930000000000004 -0.41300000000000003 1.5144545488357544 0.737166630744934 0.14179665 0.14779665 "" "" 21.070230318593833 "" 3.0123144262755086 ""
36.3792326062 57.45342713803 0.0271 0.0327 26.7876 "" "" 458432370951032192 1807.42419 0.5442 0.0491 -5.276 -2.764 0.038 0.043 1.012 6807.4 4.378 16.228716 1.391475 16.845598 15.454123 "" "" 1651.90527 1979.66089 6073.79484 2.4613 2495.6 11.948 5218.1 13.178 "" "" 0.002790227238227679 0.0058995998 0.00466927 0.01056887 36.3792326062 57.45342713803 1807.42419 -5.276 -2.764 -4.854545451164245 -1.6138333692550657 0.14579664 0.15079665 "" "" 43.82774932398319 "" 6.41208224960855 ""
37.71110417549 57.27274033236 0.0265 0.029 23.1914 "" "" 457992604962787840 2464.72949 0.3849 0.041 -0.252 -1.13 0.035 0.035 0.975 7427.9 4.3547 16.228777 1.229968 16.76076 15.530791 "" "" 2246.31079 2771.1543 6073.45833 2.5747 2698.4 9.8025 4862.3 7.6956 "" "" 0.0027934996053021305 0.004831301 0.004151703 0.008983004 37.71110417549 57.27274033236 2464.72949 -0.25199999999999967 -1.13 0.1694545488357544 0.02016663074493419 0.14279665 0.14279665 "" "" 1.9936767779674422 "" 0.2846903661310157 ""
37.13998733411 57.51854855852 0.028 0.0302 21.1196 "" "" 458055345846862976 2101.65405 0.4508 0.0433 -0.6 -1.403 0.036 0.037 0.998 8772.5 4.3114 16.22962 1.288129 16.789682 15.501554 "" "" 1931.86206 2348.80273 6068.74462 2.4285 2627.5 7.8774 4995.0 9.1632 "" "" 0.002789364951835717 0.0042872755 0.0042720973 0.008559372 37.13998733411 57.51854855852 2101.65405 -0.6 -1.403 -0.17854545116424558 -0.25283336925506594 0.14379665 0.14479664 "" "" 3.083397794983516 "" 0.4454420225648955 ""
36.455514761 57.1795341414 0.028 0.0333 18.4166 "" "" 458419765232908928 2580.77197 0.3594 0.0481 2.63 0.683 0.039 0.041 1.028 6017.1 4.4178 16.23083 1.28778 16.770071 15.482291 "" "" 2349.79199 2930.65698 6061.98685 2.8623 2675.4 29.0 5084.4 25.342 "" "" 0.002802606580391336 0.012095065 0.0066006905 0.018695755 36.455514761 57.1795341414 2580.77197 2.6300000000000003 0.6829999999999996 3.0514545488357543 1.8331666307449341 0.14679664 0.14879665 "" "" 43.546014297420406 "" 6.415620234925661 ""
36.58576208576 56.8833616387 0.0328 0.0363 22.4345 "" "" 457638424780434688 1818.91467 0.5282 0.0528 -1.109 -0.576 0.044 0.047 1.114 6650.8 4.3609 16.231552 1.354676 16.805923 15.451247 "" "" 1647.36499 1980.12988 6057.95225 3.5026 2588.5 7.4624 5231.9 8.907 "" "" 0.002825927029835847 0.004193139 0.0042071743 0.008400314 36.58576208576 56.8833616387 1818.91467 -1.109 -0.576 -0.6875454511642456 0.5741666307449341 0.15179664 0.15479665 "" "" 7.722934594320092 "" 1.181889608735093 ""
37.44501299153 56.7355723438 0.0285 0.0329 29.6452 "" "" 457600491628642304 2055.4082 0.4867 0.0491 2.206 -1.073 0.038 0.041 1.021 6656.9 4.3616 16.232525 1.378732 16.85223 15.473498 "" "" 1903.92188 2260.60571 6052.52964 2.0871 2480.4 6.9404 5125.8 6.9213 "" "" 0.002780640464605453 0.0041248593 0.004053769 0.008178629 37.44501299153 56.7355723438 2055.4082 2.2060000000000004 -1.073 2.6274545488357544 0.07716663074493413 0.14579664 0.14879665 "" "" 25.609367953000323 "" 3.7338267361770527 ""
37.14424033255 57.02343967984 0.0425 0.0486 9.7904 "" "" 457657047759412224 2374.13794 0.4087 0.0739 -1.91 0.124 0.061 0.063 1.572 9101.9 4.3692 16.23369 0.974033 16.601336 15.627302 "" "" 1980.01025 2872.84253 6046.03325 4.0415 3125.2 11.352 4448.7 7.8541 "" "" 0.0028493025624218744 0.004831034 0.004237692 0.009068726 37.14424033255 57.02343967984 2374.13794 -1.9100000000000001 0.1240000000000002 -1.4885454511642455 1.2741666307449342 0.16879664 0.17079665 "" "" 22.049995936890898 "" 3.74067722677491 ""
37.50544639022 57.06768309614 0.0261 0.0292 16.9659 "" "" 457983740150775936 2341.13745 0.3987 0.0418 -0.264 -1.127 0.035 0.036 1.014 8308.4 4.4594 16.233973 1.179129 16.737751 15.558622 "" "" 2156.14355 2627.94043 6044.45873 2.0156 2756.2 6.8154 4739.2 8.5288 "" "" 0.0027790054384477683 0.0038720751 0.0042545903 0.008126665 37.50544639022 57.06768309614 2341.13745 -0.264 -1.127 0.15745454883575438 0.02316663074493408 0.14279665 0.14379665 "" "" 1.7660828952651138 "" 0.2522282721563679 ""
37.17469663192 56.91215531635 0.0284 0.0322 16.3946 "" "" 457652443554557952 1891.61426 0.5127 0.0503 -1.023 -0.505 0.038 0.04 0.943 5828.8 4.5852 16.23615 1.184163 16.728424 15.544261 "" "" 1723.94751 2064.42603 6032.35094 2.3258 2780.0 19.165 4802.3 14.742 "" "" 0.0027869381249887733 0.007988078 0.005039089 0.013027167 37.17469663192 56.91215531635 1891.61426 -1.023 -0.5049999999999997 -0.6015454511642455 0.6451666307449341 0.14579664 0.14779665 "" "" 7.909112747789301 "" 1.1616107886475497 ""
37.4430801836 57.14544352555 0.0251 0.0282 13.8089 "" "" 458031225310493056 2004.95947 0.464 0.0424 1.461 0.136 0.032 0.034 0.976 6012.9 4.3685 16.237772 1.594589 16.86114 15.26655 "" "" 1862.24792 2231.45654 6023.34277 9.3722 2460.1 16.703 6202.1 150.44 "" "" 0.00323199726418971 0.007882042 0.026605744 0.034487784 37.4430801836 57.14544352555 2004.95947 1.461000000000001 0.13599999999999976 1.8824545488357545 1.2861666307449342 0.13979664 0.14179665 "" "" 21.6668719777996 "" 3.0428139876374676 ""
36.88385708417 57.61142463492 0.0262 0.0302 26.7155 "" "" 458808133352781440 2174.17871 0.4397 0.0415 -0.271 0.271 0.034 0.038 0.965 9061.8 4.4835 16.238583 1.455855 16.894936 15.43908 "" "" 2010.22705 2339.94312 6018.85591 2.6079 2384.7 5.8242 5290.9 10.566 "" "" 0.0027951923322907875 0.0038492389 0.004357172 0.008206411 36.88385708417 57.61142463492 2174.17871 -0.271 0.271 0.15045454883575438 1.421166630744934 0.14179665 0.14579664 "" "" 14.727830895544956 "" 2.146624197042051 ""
37.98863286273 57.10431408395 0.0255 0.0293 31.7466 "" "" 457986866886585984 1903.59753 0.5148 0.0421 0.186 -0.891 0.034 0.035 0.965 7221.6 4.3485 16.238758 1.382767 16.85711 15.474342 "" "" 1757.77551 2058.18994 6017.87696 2.1341 2469.3 7.2189 5121.8 6.9986 "" "" 0.002782092435533689 0.004226109 0.004060142 0.008286251 37.98863286273 57.10431408395 1903.59753 0.1860000000000004 -0.891 0.6074545488357543 0.25916663074493407 0.14179665 0.14279665 "" "" 5.959098431783905 "" 0.8459005879867189 ""
36.61411432368 57.20102852571 0.0297 0.0351 13.3604 "" "" 457669485984602368 2615.83984 0.368 0.0511 -0.457 -1.115 0.041 0.046 1.074 7143.4 4.3101 16.239239 1.239262 16.777443 15.538181 "" "" 2292.51196 2941.20825 6015.21177 2.5006 2657.3 10.234 4829.3 6.9908 "" "" 0.002792044082919301 0.005026903 0.0040931576 0.00912006 36.61411432368 57.20102852571 2615.83984 -0.4570000000000003 -1.1149999999999998 -0.03554545116424562 0.03516663074493409 0.14879665 0.15379664 "" "" 0.6199752461815885 "" 0.09379637409837928 ""
36.43194517127 57.52499210998 0.0275 0.0335 28.4942 "" "" 458445912993476608 2233.34839 0.4184 0.0467 -3.057 0.183 0.036 0.043 1.029 5710.0 4.0459 16.23963 1.746929 17.080141 15.333212 "" "" 2034.24316 2469.15308 6013.04837 2.4304 2010.8 8.4012 5832.8 9.6727 "" "" 0.0027900485560776547 0.0053256536 0.0041863536 0.009512007 36.43194517127 57.52499210998 2233.34839 -3.057 0.18299999999999983 -2.6355454511642455 1.3331666307449341 0.14379665 0.15079665 "" "" 31.26644716289095 "" 4.541458208273133 ""
37.18186389798 57.35109774355 0.0273 0.0315 11.9163 "" "" 458050221942484992 1957.26318 0.496 0.0454 -0.274 2.208 0.038 0.039 0.962 7163.5 4.3624 16.239986 1.454388 16.899652 15.445265 "" "" 1806.17468 2137.88501 6011.07488 2.3004 2374.4 7.9884 5260.8 8.4086 "" "" 0.0027864732607521332 0.004596549 0.004158761 0.0087553095 37.18186389798 57.35109774355 1957.26318 -0.2739999999999999 2.208000000000001 0.14745454883575437 3.3581666307449343 0.14579664 0.14679664 "" "" 31.185166793592877 "" 4.577818013500011 ""
36.71540088193 56.8808919011 0.0288 0.0315 20.147 "" "" 457660930410006144 2534.21191 0.3717 0.0459 -0.153 -1.247 0.039 0.04 0.997 7075.4 4.3426 16.241106 1.287411 16.808504 15.521093 "" "" 2216.55957 2882.96802 6004.88434 2.6997 2582.4 8.5469 4905.9 10.099 "" "" 0.002798224430642865 0.004549484 0.004390797 0.008940281 36.71540088193 56.8808919011 2534.21191 -0.15300000000000052 -1.2470000000000003 0.26845454883575437 -0.09683336925506603 0.14679664 0.14779665 "" "" 3.428090457468476 "" 0.5036280386364601 ""
36.86739597916 57.60852670116 0.0268 0.0312 26.6386 "" "" 458807751094319872 2144.42114 0.445 0.0453 -0.517 -1.522 0.035 0.04 0.99 8297.4 4.4174 16.24136 1.558966 16.963446 15.40448 "" "" 1972.19006 2390.32788 6003.47872 4.2109 2238.9 9.0011 5462.2 11.967 "" "" 0.002858625884219398 0.005180575 0.0044656466 0.009646222 36.86739597916 57.60852670116 2144.42114 -0.5169999999999996 -1.5219999999999991 -0.09554545116424562 -0.37183336925506594 0.14279665 0.14779665 "" "" 3.9023025673477334 "" 0.5755579490293619 ""
37.51266439803 56.82660443088 0.027 0.0353 26.229 "" "" 457602759371305216 2414.87744 0.4038 0.0489 0.855 -0.408 0.035 0.042 1.016 6841.1 4.3492 16.241522 1.288124 16.804731 15.516607 "" "" 2160.27417 2796.62476 6002.58366 2.1735 2591.3 7.5127 4926.2 6.5615 "" "" 0.002783226076109219 0.0042063626 0.004046615 0.008252978 37.51266439803 56.82660443088 2414.87744 0.8550000000000002 -0.4079999999999999 1.2764545488357544 0.7421666307449342 0.14279665 0.14979665 "" "" 16.901154696902417 "" 2.4438594237665123 ""
37.39550845707 56.98032392535 0.0281 0.0309 16.7775 "" "" 457607775893063808 2332.46094 0.4127 0.0472 0.032 0.847 0.037 0.038 1.009 6510.4 4.3863 16.242493 1.370899 16.856432 15.485533 "" "" 2046.61084 2658.20508 5997.21977 2.3324 2470.8 7.788 5069.3 8.7608 "" "" 0.0027874882606472515 0.0044155284 0.0042195404 0.008635068 37.39550845707 56.98032392535 2332.46094 0.031999999999999695 0.8470000000000004 0.4534545488357544 1.997166630744934 0.14479664 0.14579664 "" "" 22.642388493930742 "" 3.3000778019358608 ""
36.57361365891 57.22473324968 0.0281 0.0359 14.8964 "" "" 458420177549868032 2633.12744 0.3714 0.0496 -0.437 -1.043 0.039 0.048 0.983 5290.6 4.287 16.244144 1.375664 16.828136 15.452473 "" "" 2345.65088 3030.08569 5988.10356 4.4747 2536.1 17.724 5226.0 26.987 "" "" 0.002872290024430734 0.008084601 0.006761592 0.014846193 36.57361365891 57.22473324968 2633.12744 -0.43699999999999983 -1.0429999999999993 -0.015545451164245605 0.10716663074493415 0.14679664 0.15579665 "" "" 1.3515484103912447 "" 0.21032313125662824 ""
37.01406270374 56.68708867042 0.0259 0.0296 29.1197 "" "" 457643338224025344 2514.27051 0.3698 0.0436 -0.901 2.913 0.035 0.037 0.961 5455.4 4.2762 16.246061 1.370769 16.856686 15.485917 "" "" 2242.90088 2748.62427 5977.53915 2.3042 2470.3 7.7407 5067.5 9.1405 "" "" 0.002786925379865072 0.004399971 0.004256647 0.008656618 37.01406270374 56.68708867042 2514.27051 -0.9009999999999999 2.913 -0.47954545116424563 4.063166630744934 0.14279665 0.14479664 "" "" 48.75945242661444 "" 7.058874286309926 ""
