Clusters/UBC_192/UBC_192_members.tsv
# %ECSV 1.0
# ---
# datatype:
# - name: RA_ICRS_1
#   unit: deg
#   datatype: float64
#   format: '{:15.11f}'
#   description: Right ascension (ICRS) at Ep=2016.0 (ra)
#   meta: !!omap
#   - {ucd: POS_EQ_RA_MAIN}
#   - {width: 15}
#   - {precision: '11'}
# - name: DE_ICRS_1
#   unit: deg
#   datatype: float64
#   format: '{:15.11f}'
#   description: Declination (ICRS) at Ep=2016.0 (dec)
#   meta: !!omap
#   - {ucd: POS_EQ_DEC_MAIN}
#   - {width: 15}
#   - {precision: '11'}
# - name: e_RA_ICRS
#   unit: mas
#   datatype: float64
#   format: '{:7.4f}'
#   description: Standard error of right ascension (ra_error)
#   meta: !!omap
#   - {ucd: ERROR}
#   - {width: 7}
#   - {precision: '4'}
# - name: e_DE_ICRS
#   unit: mas
#   datatype: float64
#   format: '{:7.4f}'
#   description: Standard error of declination (dec_error)
#   meta: !!omap
#   - {ucd: ERROR}
#   - {width: 7}
#   - {precision: '4'}
# - name: _r_1
#   unit: ''
#   datatype: float64
#   format: '{:7.4f}'
#   description: Distance from center (037.02161556000+57.17239869000)[ICRS], at Epoch=J2016.0
#   meta: !!omap
#   - {ucd: POS_ANG_DIST_GENERAL}
#   - {width: 7}
#   - {precision: '4'}
# - name: HIP
#   datatype: int32
#   description: '? HIP cross-id number, van Leeuwen, Cat. I/311 (hip_original_ext_source_id)'
#   meta: !!omap
#   - {ucd: ID_NUMBER}
#   - {width: 6}
#   - values: {'null': -2147483648}
# - name: TYC2
#   datatype: string
#   description: Tycho-2 cross-id name, Hog et al., Cat. I/259 (tyc2_original_ext_source_id)
#   meta: !!omap
#   - {ucd: ID_CROSSID}
#   - {_votable_string_dtype: char}
# - name: Source
#   datatype: int64
#   description: Source identifier, identical to the Gaia-EDR3 source_id (id)
#   meta: !!omap
#   - {ucd: ID_MAIN}
#   - {width: 19}
# - name: rgeo
#   unit: pc
#   datatype: float64
#   format: '{:15.8f}'
#   description: '? Median of the geometric distance posterior (r_med_geo)'
#   meta: !!omap
#   - {ucd: PHYS_DISTANCE_TRUE}
#   - {width: 15}
#   - {precision: '8'}
#   - values: {'null': .nan}
# - name: Plx
#   unit: mas
#   datatype: float64
#   format: '{:9.4f}'
#   description: '? Parallax (parallax)'
#   meta: !!omap
#   - {ucd: POS_PARLX_TRIG}
#   - {width: 9}
#   - {precision: '4'}
#   - values: {'null': .nan}
# - name: e_Plx
#   unit: mas
#   datatype: float32
#   format: '{:7.4f}'
#   description: '? Standard error of parallax (parallax_error)'
#   meta: !!omap
#   - {ucd: ERROR}
#   - {width: 7}
#   - {precision: '4'}
#   - values: {'null': .nan}
# - name: pmRA
#   unit: mas / yr
#   datatype: float64
#   format: '{:9.3f}'
#   description: '? Proper motion in right ascension direction, pmRA*cosDE (pmra)'
#   meta: !!omap
#   - {ucd: POS_EQ_PMRA}
#   - {width: 9}
#   - {precision: '3'}
#   - values: {'null': .nan}
# - name: pmDE
#   unit: mas / yr
#   datatype: float64
#   format: '{:9.3f}'
#   description: '? Proper motion in declination direction (pmdec)'
#   meta: !!omap
#   - {ucd: POS_EQ_PMDEC}
#   - {width: 9}
#   - {precision: '3'}
#   - values: {'null': .nan}
# - name: e_pmRA
#   unit: mas / yr
#   datatype: float32
#   format: '{:6.3f}'
#   description: '? Standard error of proper motion in right ascension direction (pmra_error)'
#   meta: !!omap
#   - {ucd: ERROR}
#   - {width: 6}
#   - {precision: '3'}
#   - values: {'null': .nan}
# - name: e_pmDE
[...]
#         unit: &id001 !astropy.units.Unit {unit: deg}
#         value: !astropy.table.SerializedColumn {name: SkyCoord.dec}
#       distance: !astropy.table.SerializedColumn
#         __class__: astropy.coordinates.distances.Distance
#         unit: !astropy.units.Unit {unit: pc}
#         value: !astropy.table.SerializedColumn {name: SkyCoord.distance}
#       frame: icrs
#       obstime: !astropy.time.Time {format: jyear_str, in_subfmt: '*', jd1: 367701545.0, jd2: 0.0, out_subfmt: '*', precision: 3, scale: tt}
#       pm_dec: !astropy.table.SerializedColumn
#         __class__: astropy.units.quantity.Quantity
#         unit: !astropy.units.Unit {unit: mas / yr}
#         value: !astropy.table.SerializedColumn {name: SkyCoord.pm_dec}
#       pm_ra_cosdec: !astropy.table.SerializedColumn
#         __class__: astropy.units.quantity.Quantity
#         unit: !astropy.units.Unit {unit: mas / yr}
#         value: !astropy.table.SerializedColumn {name: SkyCoord.pm_ra_cosdec}
#       ra: !astropy.table.SerializedColumn
#         __class__: astropy.coordinates.angles.Longitude
#         unit: *id001
#         value: !astropy.table.SerializedColumn {name: SkyCoord.ra}
#         wrap_angle: !astropy.coordinates.Angle
#           unit: *id001
#           value: 360.0
#       representation_type: spherical
# schema: astropy-2.0
RA_ICRS_1 DE_ICRS_1 e_RA_ICRS e_DE_ICRS _r_1 HIP TYC2 Source rgeo Plx e_Plx pmRA pmDE e_pmRA e_pmDE RUWE Teff logg Gmag BP-RP BPmag RPmag RV e_RV b_rgeo B_rgeo FG e_FG FBP e_FBP FRP e_FRP RAVE5 RAVE6 e_Gmag e_BPmag e_RPmag e_BP-RP SkyCoord.ra SkyCoord.dec SkyCoord.distance SkyCoord.pm_ra_cosdec SkyCoord.pm_dec Pmemb
[from data line 79]
36.67608709622 57.20410872161 0.0108 0.0143 11.3941 "" "" 457675120981686144 2612.16455 0.3536 0.0197 -0.278 -1.338 0.015 0.018 1.025 10947.3 4.0945 14.16024 0.588281 14.378674 13.790393 "" "" 2479.49731 2768.85449 40817.91303 13.543 24207.0 16.442 24155.0 16.094 "" "" 0.002778769539080724 0.0028859824 0.0038479918 0.0067339744 36.67608709622 57.20410872161 2612.16455 -0.27799999999999975 -1.338 0.92
36.38326854368 57.19669363832 0.0109 0.013 20.8076 "" "" 458420761665317376 2406.33765 0.3856 0.018 -0.448 -1.254 0.015 0.017 0.95 10190.9 3.9177 14.180961 0.597266 14.402364 13.805098 "" "" 2305.51782 2521.91187 40046.30271 9.58 23685.0 23.398 23830.0 15.268 "" "" 0.002767535132259161 0.0029892267 0.0038428684 0.006832095 36.38326854368 57.19669363832 2406.33765 -0.44800000000000006 -1.254 0.97
37.42803995395 56.96508098447 0.0108 0.0126 18.1788 "" "" 457607501015158784 2166.08984 0.43 0.0183 -0.442 -1.174 0.014 0.016 1.035 11193.2 4.0521 14.200347 0.65911 14.44933 13.79022 "" "" 2093.60864 2245.26611 39337.59848 10.18 22682.0 17.087 24159.0 15.16 "" "" 0.0027696091977725936 0.0029075823 0.0038403007 0.006747883 37.42803995395 56.96508098447 2166.08984 -0.44199999999999995 -1.174 0.95
37.18950704913 56.83477096112 0.0106 0.0123 20.9873 "" "" 457646052643284864 2147.91895 0.4357 0.0195 -0.319 -1.24 0.014 0.016 0.987 10404.0 4.04 14.217272 0.582663 14.43347 13.850807 "" "" 2064.69873 2230.52686 38729.15839 7.9749 23016.0 21.655 22847.0 12.018 "" "" 0.002764375603511638 0.0029712925 0.0038222906 0.006793583 37.18950704913 56.83477096112 2147.91895 -0.319 -1.2400000000000002 0.97
36.54319408051 57.27994017448 0.0116 0.0148 16.8253 "" "" 458427118216831744 2168.27856 0.4349 0.021 -0.348 -1.106 0.016 0.019 1.071 11229.0 4.1784 14.244308 0.753616 14.534409 13.780792 "" "" 2072.29614 2282.08301 37776.64924 7.9863 20973.0 25.384 24369.0 16.496 "" "" 0.002764864396786461 0.003084132 0.0038501814 0.006934313 36.54319408051 57.27994017448 2168.27856 -0.348 -1.1059999999999999 0.95
36.83269526268 56.96306797519 0.0111 0.0127 13.9901 "" "" 457663060713704832 2065.48096 0.4501 0.0196 -0.463 -1.229 0.015 0.016 0.987 7181.2 3.573 14.249807 0.680291 14.506388 13.826097 "" "" 1985.24817 2163.37988 37585.78784 8.3448 21521.0 16.221 23373.0 28.322 "" "" 0.0027658447235693177 0.0029077046 0.0040018256 0.00690953 36.83269526268 56.96306797519 2065.48096 -0.46299999999999997 -1.229 0.92
36.74679245962 57.30883084678 0.0122 0.0154 12.1088 "" "" 457677594882769664 2045.82568 0.4529 0.0226 -0.281 -1.116 0.017 0.019 1.067 10563.1 4.0888 14.309504 0.61019 14.538117 13.927927 "" "" 1948.60803 2152.02588 35575.02853 9.1997 20901.0 15.782 21281.0 14.657 "" "" 0.0027695887655562676 0.002908119 0.0038526498 0.0067607686 36.74679245962 57.30883084678 2045.82568 -0.28100000000000025 -1.116 0.89
37.20636634819 56.80909771956 0.0111 0.0131 22.6191 "" "" 457599117238969600 2249.19727 0.4148 0.0197 -0.354 -1.144 0.014 0.017 0.965 10294.3 3.9708 14.320876 0.610663 14.549106 13.938442 "" "" 2159.30566 2357.12061 35204.35634 7.9501 20691.0 15.091 21076.0 12.484 "" "" 0.0027662080384638545 0.0029003667 0.0038337093 0.006734076 37.20636634819 56.80909771956 2249.19727 -0.35399999999999976 -1.1439999999999997 0.97
36.61416206276 57.35672385557 0.0118 0.0151 17.2361 "" "" 458427805411506176 2362.18555 0.3937 0.0208 -0.291 -1.124 0.016 0.019 0.992 10537.2 4.0619 14.354147 0.750217 14.642172 13.891954 "" "" 2242.36035 2471.35474 34141.9292 7.5857 18991.0 15.059 21998.0 15.876 "" "" 0.0027658599883062787 0.0029199768 0.0038597567 0.0067797336 36.61416206276 57.35672385557 2362.18555 -0.291 -1.124 0.94
37.3009814598 57.3245079346 0.0142 0.0157 12.8657 "" "" 458038303416348416 2269.33008 0.4087 0.0234 -0.31 -1.145 0.019 0.02 1.287 10103.6 3.7916 14.363155 0.859183 14.699794 13.840611 "" "" 2149.65723 2396.29053 33859.82572 6.6693 18009.0 12.396 23063.0 13.281 "" "" 0.002763606965097757 0.002888522 0.003830749 0.006719271 37.3009814598 57.3245079346 2269.33008 -0.3099999999999998 -1.145 0.96
37.09821797975 56.73655583529 0.0129 0.0136 26.2704 "" "" 457645331088835200 2437.94141 0.3805 0.0212 -0.36 -1.156 0.017 0.018 1.019 "" "" 14.36908 0.593284 14.590352 13.997068 "" "" 2318.04858 2563.5415 33675.57338 9.1013 19919.0 15.577 19968.0 11.75 "" "" 0.0027709012676010235 0.0029164976 0.0038330026 0.0067495005 37.09821797975 56.73655583529 2437.94141 -0.36 -1.156 0.96
36.66203765363 57.31347924941 0.0125 0.0158 14.4196 "" "" 458426740259881728 2178.93506 0.4256 0.0212 -0.402 -1.086 0.017 0.02 0.93 9250.1 4.1951 14.384667 0.779588 14.689683 13.910095 "" "" 2094.03735 2306.28687 33195.54154 7.5487 18178.0 17.163 21633.0 12.885 "" "" 0.0027663600233903927 0.0029725246 0.0038343093 0.0068068337 36.66203765363 57.31347924941 2178.93506 -0.4020000000000001 -1.0859999999999999 0.93
37.56898269406 57.21435926728 0.0114 0.0122 17.9712 "" "" 458033321254509184 2225.2085 0.4119 0.0184 -0.185 -1.189 0.015 0.015 0.957 "" "" 14.396558 0.753831 14.686526 13.932695 "" "" 2129.99512 2328.77319 32833.99096 6.1825 18231.0 11.824 21188.0 12.933 "" "" 0.002762894297469935 0.0028776564 0.0038370474 0.0067147035 37.56898269406 57.21435926728 2225.2085 -0.185 -1.189 0.91
36.61742187756 57.3919238219 0.0122 0.0162 18.5825 "" "" 458429592117855872 2140.58594 0.4315 0.0221 -0.402 -1.196 0.017 0.02 0.986 10613.9 4.0872 14.423818 0.765206 14.719878 13.954672 "" "" 2043.33313 2278.30298 32019.88176 7.146 17679.0 15.097 20763.0 17.042 "" "" 0.0027659541795321727 0.0029401844 0.0038830258 0.00682321 36.61742187756 57.3919238219 2140.58594 -0.402 -1.196 0.96
36.44518501626 57.1660610157 0.0121 0.0145 18.7548 "" "" 458419730873180288 2452.83008 0.3739 0.0213 -0.543 -1.186 0.016 0.018 1.043 9920.6 4.0924 14.464433 0.656661 14.711703 14.055042 "" "" 2330.98413 2598.81396 30844.21618 7.1418 17813.0 14.334 18930.0 16.974 "" "" 0.0027667651358436077 0.00292376 0.0039027587 0.006826519 36.44518501626 57.1660610157 2452.83008 -0.5429999999999999 -1.1860000000000004 0.96
36.71398378082 57.44718588769 0.0124 0.0159 19.2668 "" "" 458430004434995840 2397.45093 0.3885 0.0212 -0.324 -1.125 0.017 0.02 1.022 10633.9 4.2283 14.47729 1.046319 14.908646 13.862327 "" "" 2286.45728 2515.87866 30481.09333 7.0973 14858.0 13.965 22606.0 13.495 "" "" 0.002766893591302359 0.0029709307 0.0038345563 0.006805487 36.71398378082 57.44718588769 2397.45093 -0.3240000000000003 -1.125 0.97
36.94067375243 57.36260157322 0.0124 0.0148 11.7104 "" "" 458052562707776512 2416.5979 0.3808 0.021 -0.369 -1.052 0.017 0.019 0.97 9570.8 4.1236 14.536275 0.884677 14.887236 14.002559 "" "" 2292.84912 2548.37915 28869.33783 6.259 15154.0 17.796 19867.0 11.627 "" "" 0.002765356935457222 0.0030676932 0.0038324252 0.0069001187 36.94067375243 57.36260157322 2416.5979 -0.3690000000000002 -1.052 0.91
37.23765747967 57.26896816567 0.0149 0.0171 9.1008 "" "" 458036619789218304 2055.32983 0.4559 0.0253 -0.217 -1.057 0.021 0.022 1.253 9770.1 3.8325 14.537551 0.708801 14.803313 14.094512 "" "" 1957.19434 2157.87354 28835.42726 7.8948 16372.0 10.547 18254.0 13.11 "" "" 0.002771309068424479 0.0028765027 0.0038589863 0.006735489 37.23765747967 57.26896816567 2055.32983 -0.21700000000000003 -1.057 0.94
37.83849476477 57.24298785054 0.0127 0.0141 26.8807 "" "" 457993051639395968 2290.85571 0.4018 0.0201 -0.606 -1.334 0.018 0.017 0.989 10323.3 3.9767 14.630682 0.877711 14.976548 14.098837 "" "" 2194.80176 2389.02271 26465.12434 5.698 13957.0 16.436 18181.0 17.392 "" "" 0.002765218579866176 0.0030691724 0.0039194967 0.006988669 37.83849476477 57.24298785054 2290.85571 -0.606 -1.334 0.96
36.75222070643 57.48402669095 0.013 0.0159 20.6334 "" "" 458805453293233664 2320.10889 0.3948 0.022 -0.338 -1.036 0.017 0.02 0.94 10839.8 4.2941 14.651778 0.980972 15.050635 14.069663 "" "" 2204.3606 2419.06421 25955.87189 5.4555 13037.0 13.598 18676.0 15.169 "" "" 0.0027647543227609594 0.0030112301 0.0038809015 0.0068921316 36.75222070643 57.48402669095 2320.10889 -0.3380000000000001 -1.0359999999999996 0.95
36.44955942348 57.07120046967 0.013 0.0162 19.5969 "" "" 458417738008389120 2439.8479 0.3787 0.023 -0.382 -1.179 0.018 0.021 0.999 10365.5 4.2513 14.66476 0.634584 14.903663 14.269078 "" "" 2326.27319 2588.82983 25647.37881 5.8603 14926.0 17.681 15543.0 11.965 "" "" 0.0027664662942637392 0.0030723282 0.003870696 0.006943024 36.44955942348 57.07120046967 2439.8479 -0.3819999999999999 -1.1790000000000005 0.96
37.02204376671 56.92651094453 0.0131 0.0146 14.7533 "" "" 457650485049474432 2317.90381 0.3971 0.0231 -0.572 -1.215 0.018 0.019 0.963 9927.8 4.1326 14.697538 0.688608 14.960227 14.271619 "" "" 2197.9126 2437.62842 24884.64198 6.0311 14169.0 12.312 15506.0 12.204 "" "" 0.0027678570905256125 0.0029453565 0.0038747834 0.00682014 37.02204376671 56.92651094453 2317.90381 -0.5719999999999996 -1.2149999999999999 0.96
37.27811746556 57.17774533451 0.0133 0.0156 8.3487 "" "" 458034798723128960 2177.8064 0.4308 0.0215 -0.669 -1.146 0.018 0.019 0.974 "" "" 14.734194 0.780697 15.037843 14.257146 "" "" 2087.7063 2284.76855 24058.53002 5.0487 13191.0 10.188 15714.0 11.384 "" "" 0.002764724509830208 0.0029134578 0.0038603633 0.006773821 37.27811746556 57.17774533451 2177.8064 -0.6690000000000005 -1.1460000000000001 0.8
36.79754010935 57.27832533395 0.0145 0.0189 9.6624 "" "" 457677251285398400 2251.62769 0.413 0.0267 -0.346 -1.153 0.02 0.023 1.073 9614.3 4.0602 14.735928 0.701361 15.004062 14.302701 "" "" 2107.58398 2382.70825 24020.15276 7.4595 13608.0 20.051 15069.0 13.305 "" "" 0.0027758742569067366 0.0032162732 0.0038990658 0.007115339 36.79754010935 57.27832533395 2251.62769 -0.3460000000000002 -1.153 0.93
36.89678052559 56.84941031405 0.0143 0.0161 19.8038 "" "" 457648526544460800 2482.94043 0.3709 0.024 -0.303 -1.132 0.019 0.021 0.968 "" "" 14.757902 0.68162 15.018351 14.336731 "" "" 2317.39282 2641.92188 23538.87858 5.7429 13430.0 10.472 14604.0 11.255 "" "" 0.002768024110006885 0.002915781 0.0038709024 0.0067866836 36.89678052559 56.84941031405 2482.94043 -0.303 -1.1320000000000001 0.9
37.05586868416 57.41016359634 0.0142 0.0163 14.3091 "" "" 458052871945368192 2548.23657 0.361 0.0227 -0.369 -1.165 0.019 0.02 1.051 9250.4 4.112 14.774003 0.941321 15.154127 14.212806 "" "" 2421.98438 2735.75049 23192.38178 4.4062 11851.0 15.353 16370.0 13.297 "" "" 0.002763030600757892 0.0031246596 0.0038809162 0.007005576 37.05586868416 57.41016359634 2548.23657 -0.3690000000000002 -1.1649999999999998 0.81
37.31848393357 57.08725444765 0.013 0.0153 10.9341 "" "" 458031328389569280 2359.53491 0.393 0.0231 -0.545 -1.261 0.017 0.019 0.99 9681.3 3.9624 14.788638 0.762725 15.08383 14.321105 "" "" 2237.7356 2530.14746 22881.87246 5.0121 12644.0 15.085 14815.0 11.909 "" "" 0.0027655648290889766 0.0030761932 0.0038788463 0.0069550397 37.31848393357 57.08725444765 2359.53491 -0.5450000000000002 -1.2609999999999997 0.96
36.59133568381 57.20041076595 0.0142 0.0172 14.0909 "" "" 458420074470655360 2230.64648 0.4234 0.025 -0.366 -1.125 0.019 0.022 0.957 9531.9 4.1177 14.808918 0.748258 15.096368 14.34811 "" "" 2121.98511 2357.88843 22458.43283 5.4485 12499.0 12.664 14452.0 18.31 "" "" 0.002767882024045952 0.0029991998 0.004021932 0.007021132 36.59133568381 57.20041076595 2230.64648 -0.366 -1.125 0.96
36.83889297989 57.10547986951 0.0139 0.0176 7.177 "" "" 457670826014454912 2354.34058 0.3956 0.0243 -0.522 -1.038 0.019 0.022 0.967 8753.4 3.6065 14.825394 0.925161 15.196076 14.270915 "" "" 2230.58887 2497.82935 22120.21134 7.7384 11402.0 14.844 15516.0 22.348 "" "" 0.002781377030427529 0.0031277812 0.004090137 0.007217918 36.83889297989 57.10547986951 2354.34058 -0.5220000000000001 -1.0379999999999996 0.91
37.19215004154 57.30026098683 0.0148 0.016 9.4614 "" "" 458048439539197312 2154.82227 0.4341 0.0239 -0.376 -1.124 0.02 0.02 1.001 9709.7 3.8477 14.825711 0.821462 15.145934 14.324472 "" "" 2067.97949 2249.10522 22113.7421 4.8854 11941.0 11.912 14770.0 10.889 "" "" 0.0027657410164655927 0.0029930172 0.0038632164 0.006856234 37.19215004154 57.30026098683 2154.82227 -0.3760000000000001 -1.124 0.96
37.21234048534 57.18370481118 0.0142 0.0164 6.2397 "" "" 458035692076326784 2319.32959 0.4012 0.0234 -0.344 -1.064 0.019 0.02 1.079 9795.0 4.1037 14.830606 0.677429 15.071822 14.394393 "" "" 2195.17065 2452.65381 22014.27396 6.2757 12785.0 19.169 13848.0 11.719 "" "" 0.002772650198644529 0.0032303326 0.0038894662 0.007119799 37.21234048534 57.18370481118 2319.32959 -0.34399999999999975 -1.064 0.94
36.76364050837 57.02053839605 0.0143 0.0169 12.3984 "" "" 457664194585032064 2126.48169 0.4369 0.0243 -0.273 -1.23 0.02 0.021 0.996 9255.2 4.0985 14.833035 0.760969 15.128495 14.367526 "" "" 2030.92993 2251.5332 21965.09656 4.9847 12134.0 13.207 14195.0 12.939 "" "" 0.002766315137028507 0.003030111 0.0039068107 0.0069369217 36.76364050837 57.02053839605 2126.48169 -0.27300000000000013 -1.23 0.93
36.62517483996 57.30057629956 0.0148 0.0182 14.9949 "" "" 458426843339098880 2091.88574 0.449 0.0261 -0.511 -1.075 0.02 0.023 0.977 7708.3 3.6129 14.837216 0.775746 15.140239 14.364492 "" "" 1968.60864 2206.80933 21880.64213 5.3713 12004.0 18.398 14235.0 13.756 "" "" 0.0027681811441476138 0.0032487141 0.0039223144 0.0071710283 36.62517483996 57.30057629956 2091.88574 -0.511 -1.0750000000000002 0.94
37.57884285642 56.9322710711 0.0139 0.0163 23.1996 "" "" 457978826708040704 2071.50317 0.4509 0.0232 -0.37 -1.168 0.019 0.019 1.01 9659.1 4.1739 14.839192 0.711163 15.111632 14.40047 "" "" 1947.61877 2178.98755 21840.85579 4.9892 12324.0 14.197 13771.0 11.759 "" "" 0.0027664603748527358 0.0030576813 0.0038914331 0.0069491146 37.57884285642 56.9322710711 2071.50317 -0.37 -1.168 0.95
36.59571223802 57.19264144237 0.0143 0.0176 13.9026 "" "" 457669451624872960 2161.39819 0.4314 0.0246 -0.315 -1.101 0.019 0.022 0.967 9508.9 4.0711 14.842264 0.723139 15.119329 14.396191 "" "" 2058.57935 2284.427 21779.15691 5.0381 12237.0 12.96 13826.0 9.7125 "" "" 0.0027667436835624986 0.0030178276 0.0038555742 0.006873402 36.59571223802 57.19264144237 2161.39819 -0.31500000000000006 -1.1009999999999995 0.97
37.22597057953 57.17137059406 0.0134 0.0156 6.6474 "" "" 458034936162085888 2166.71729 0.4346 0.0218 -0.453 -1.128 0.018 0.019 0.957 9560.3 4.1492 14.849742 0.689985 15.112725 14.42274 "" "" 2059.77783 2266.19678 21629.68004 4.9603 12312.0 12.206 13492.0 13.255 "" "" 0.002766547577320991 0.0029905953 0.0039270218 0.0069176173 37.22597057953 57.17137059406 2166.71729 -0.4530000000000002 -1.128 0.95
37.36532799476 57.40426863491 0.0139 0.0157 17.8256 "" "" 458044831766563584 2106.87915 0.444 0.0224 -0.448 -1.129 0.018 0.02 0.993 9505.9 4.0294 14.859219 0.865776 15.203011 14.337234 "" "" 2027.27942 2194.02075 21441.69642 4.5539 11330.0 10.487 14597.0 9.1406 "" "" 0.0027649526484410415 0.0029656328 0.0038400483 0.006805681 37.36532799476 57.40426863491 2106.87915 -0.4479999999999999 -1.129 0.85
36.90978896579 57.31962530491 0.0151 0.0176 9.5504 "" "" 457677079486683264 2049.16797 0.4488 0.0241 -0.463 -1.021 0.02 0.022 1.017 9492.1 4.1452 14.861991 0.784406 15.167481 14.383076 "" "" 1966.51379 2144.58813 21387.02527 4.8685 11706.0 13.78 13994.0 12.663 "" "" 0.0027663830029608424 0.003068972 0.0039049934 0.006973965 36.90978896579 57.31962530491 2049.16797 -0.463 -1.021 0.81
36.94714936033 57.01239750308 0.0151 0.0165 9.9022 "" "" 457657700594468480 2429.20239 0.376 0.0246 -0.205 -0.966 0.02 0.021 0.937 9791.7 4.0075 14.863264 0.774303 15.162474 14.38817 "" "" 2301.16431 2592.92896 21361.95481 4.8718 11761.0 11.574 13928.0 11.456 "" "" 0.0027664239383129695 0.0029877555 0.003883457 0.0068712123 36.94714936033 57.01239750308 2429.20239 -0.2049999999999999 -0.966 0.92
