Clusters/NGC_2571/NGC_2571_members.tsv
# %ECSV 1.0
# ---
# datatype:
# - name: RA_ICRS_1
#   unit: deg
#   datatype: float64
#   format: '{:15.11f}'
#   description: Right ascension (ICRS) at Ep=2016.0 (ra)
#   meta: !!omap
#   - {ucd: POS_EQ_RA_MAIN}
#   - {width: 15}
#   - {precision: '11'}
# - name: DE_ICRS_1
#   unit: deg
#   datatype: float64
#   format: '{:15.11f}'
#   description: Declination (ICRS) at Ep=2016.0 (dec)
#   meta: !!omap
#   - {ucd: POS_EQ_DEC_MAIN}
#   - {width: 15}
#   - {precision: '11'}
# - name: e_RA_ICRS
#   unit: mas
#   datatype: float64
#   format: '{:7.4f}'
#   description: Standard error of right ascension (ra_error)
#   meta: !!omap
#   - {ucd: ERROR}
#   - {width: 7}
#   - {precision: '4'}
# - name: e_DE_ICRS
#   unit: mas
#   datatype: float64
#   format: '{:7.4f}'
#   description: Standard error of declination (dec_error)
#   meta: !!omap
#   - {ucd: ERROR}
#   - {width: 7}
#   - {precision: '4'}
# - name: _r_1
#   unit: ''
#   datatype: float64
#   format: '{:7.4f}'
#   description: Distance from center (124.72440697000-29.77230598000)[ICRS], at Epoch=J2016.0
#   meta: !!omap
#   - {ucd: POS_ANG_DIST_GENERAL}
#   - {width: 7}
#   - {precision: '4'}
# - name: HIP
#   datatype: int32
#   description: '? HIP cross-id number, van Leeuwen, Cat. I/311 (hip_original_ext_source_id)'
#   meta: !!omap
#   - {ucd: ID_NUMBER}
#   - {width: 6}
#   - values: {'null': -2147483648}
# - name: TYC2
#   datatype: string
#   description: Tycho-2 cross-id name, Hog et al., Cat. I/259 (tyc2_original_ext_source_id)
#   meta: !!omap
#   - {ucd: ID_CROSSID}
#   - {_votable_string_dtype: char}
# - name: Source
#   datatype: int64
#   description: Source identifier, identical to the Gaia-EDR3 source_id (id)
#   meta: !!omap
#   - {ucd: ID_MAIN}
#   - {width: 19}
# - name: rgeo
#   unit: pc
#   datatype: float64
#   format: '{:15.8f}'
#   description: '? Median of the geometric distance posterior (r_med_geo)'
#   meta: !!omap
#   - {ucd: PHYS_DISTANCE_TRUE}
#   - {width: 15}
#   - {precision: '8'}
#   - values: {'null': .nan}
# - name: Plx
#   unit: mas
#   datatype: float64
#   format: '{:9.4f}'
#   description: '? Parallax (parallax)'
#   meta: !!omap
#   - {ucd: POS_PARLX_TRIG}
#   - {width: 9}
#   - {precision: '4'}
#   - values: {'null': .nan}
# - name: e_Plx
#   unit: mas
#   datatype: float32
#   format: '{:7.4f}'
#   description: '? Standard error of parallax (parallax_error)'
#   meta: !!omap
#   - {ucd: ERROR}
#   - {width: 7}
#   - {precision: '4'}
#   - values: {'null': .nan}
# - name: pmRA
#   unit: mas / yr
#   datatype: float64
#   format: '{:9.3f}'
#   description: '? Proper motion in right ascension direction, pmRA*cosDE (pmra)'
#   meta: !!omap
#   - {ucd: POS_EQ_PMRA}
#   - {width: 9}
#   - {precision: '3'}
#   - values: {'null': .nan}
# - name: pmDE
#   unit: mas / yr
#   datatype: float64
#   format: '{:9.3f}'
#   description: '? Proper motion in declination direction (pmdec)'
#   meta: !!omap
#   - {ucd: POS_EQ_PMDEC}
#   - {width: 9}
#   - {precision: '3'}
#   - values: {'null': .nan}
# - name: e_pmRA
#   unit: mas / yr
#   datatype: float32
#   format: '{:6.3f}'
#   description: '? Standard error of proper motion in right ascension direction (pmra_error)'
#   meta: !!omap
#   - {ucd: ERROR}
#   - {width: 6}
#   - {precision: '3'}
#   - values: {'null': .nan}
# - name: e_pmDE
[...]
#         unit: &id001 !astropy.units.Unit {unit: deg}
#         value: !astropy.table.SerializedColumn {name: SkyCoord.dec}
#       distance: !astropy.table.SerializedColumn
#         __class__: astropy.coordinates.distances.Distance
#         unit: !astropy.units.Unit {unit: pc}
#         value: !astropy.table.SerializedColumn {name: SkyCoord.distance}
#       frame: icrs
#       obstime: !astropy.time.Time {format: jyear_str, in_subfmt: '*', jd1: 367701545.0, jd2: 0.0, out_subfmt: '*', precision: 3, scale: tt}
#       pm_dec: !astropy.table.SerializedColumn
#         __class__: astropy.units.quantity.Quantity
#         unit: !astropy.units.Unit {unit: mas / yr}
#         value: !astropy.table.SerializedColumn {name: SkyCoord.pm_dec}
#       pm_ra_cosdec: !astropy.table.SerializedColumn
#         __class__: astropy.units.quantity.Quantity
#         unit: !astropy.units.Unit {unit: mas / yr}
#         value: !astropy.table.SerializedColumn {name: SkyCoord.pm_ra_cosdec}
#       ra: !astropy.table.SerializedColumn
#         __class__: astropy.coordinates.angles.Longitude
#         unit: *id001
#         value: !astropy.table.SerializedColumn {name: SkyCoord.ra}
#         wrap_angle: !astropy.coordinates.Angle
#           unit: *id001
#           value: 360.0
#       representation_type: spherical
# schema: astropy-2.0
RA_ICRS_1 DE_ICRS_1 e_RA_ICRS e_DE_ICRS _r_1 HIP TYC2 Source rgeo Plx e_Plx pmRA pmDE e_pmRA e_pmDE RUWE Teff logg Gmag BP-RP BPmag RPmag RV e_RV b_rgeo B_rgeo FG e_FG FBP e_FBP FRP e_FRP RAVE5 RAVE6 e_Gmag e_BPmag e_RPmag e_BP-RP SkyCoord.ra SkyCoord.dec SkyCoord.distance SkyCoord.pm_ra_cosdec SkyCoord.pm_dec Pmemb
[from data line 40]
125.02300244705 -29.5236962895 0.0081 0.011 21.5624 "" "" 5644590335611055232 1223.03552 0.7762 0.0143 -4.856 4.187 0.012 0.016 0.997 7012.4 4.197 13.844965 0.613482 14.077708 13.464227 "" "" 1200.01514 1246.08093 54570.86112 11.972 31940.0 19.344 32619.0 17.576 "" "" 0.002765596793453728 0.0028666067 0.0038243928 0.0066909995 125.02300244705 -29.5236962895 1223.03552 -4.856 4.187 1.0
124.75025670726 -29.78152975376 0.009 0.0123 1.4555 "" "" 5644485504051927936 1267.92126 0.7521 0.0159 -4.944 4.387 0.012 0.016 1.024 7013.3 4.1754 13.8564 0.604675 14.085878 13.481203 66.88 13.66 1241.26013 1300.83264 53999.16051 14.977 31700.0 19.672 32113.0 22.1 "" "" 0.002771727270383043 0.002870369 0.0038525357 0.0067229047 124.75025670726 -29.78152975376 1267.92126 -4.943999999999998 4.3870000000000005 1.0
124.65282956604 -29.77787735486 0.0086 0.0107 3.7426 "" "" 5644532302018172032 1180.97131 0.8086 0.0142 -4.468 4.216 0.011 0.013 1.005 "" "" 13.904161 0.730449 14.188959 13.45851 32.49 3.18 1164.07874 1199.80798 51675.19008 7.9532 28829.0 15.698 32791.0 17.279 "" "" 0.0027603827269518013 0.0028521174 0.0038224403 0.006674558 124.65282956604 -29.77787735486 1180.97131 -4.468 4.216 0.9
124.66338562811 -29.76507786262 0.009 0.0114 3.2076 "" "" 5644532679975286656 1294.81311 0.732 0.0157 -4.94 4.341 0.013 0.014 1.029 6938.3 4.2992 13.996571 0.627171 14.235345 13.608173 40.34 5.24 1269.90625 1323.89856 47459.00426 9.8251 27624.0 14.328 28569.0 15.655 "" "" 0.0027644731793531464 0.0028464338 0.0038259241 0.006672358 124.66338562811 -29.76507786262 1294.81311 -4.9399999999999995 4.341000000000001 1.0
124.84583541275 -29.80863344367 0.0094 0.0125 6.688 "" "" 5644483064510430976 1299.35999 0.7316 0.0175 -4.628 4.525 0.013 0.017 1.069 6769.6 4.2134 14.033573 0.668262 14.290749 13.622486 24.13 6.57 1273.50537 1331.07532 45868.81762 10.34 26249.0 16.106 28194.0 16.32 "" "" 0.002766169415508314 0.002868599 0.0038312802 0.006699879 124.84583541275 -29.80863344367 1299.35999 -4.628 4.525 0.9
124.79228614397 -29.69411590029 0.0094 0.0122 5.8751 "" "" 5644487840514039040 1312.39124 0.7192 0.0172 -4.965 4.196 0.014 0.017 1.015 6696.6 4.1129 14.045733 0.682122 14.307999 13.625876 47.97 4.82 1284.08826 1335.80945 45357.92749 9.3038 25836.0 17.806 28107.0 16.018 "" "" 0.002764305927697592 0.0028887668 0.0038296976 0.006718464 124.79228614397 -29.69411590029 1312.39124 -4.965 4.195999999999998 1.0
124.73297765756 -29.79038128315 0.0106 0.0139 1.1728 "" "" 5644485538411688192 1303.61328 0.7283 0.0188 -4.971 4.161 0.014 0.017 1.179 6589.9 4.0226 14.05494 0.670848 14.311955 13.641108 35.05 8.1 1274.37695 1336.14294 44974.94707 7.9968 25742.0 18.217 27715.0 13.967 "" "" 0.0027620748939348157 0.00289403 0.0038187837 0.006712814 124.73297765756 -29.79038128315 1303.61328 -4.970999999999998 4.161 1.0
124.77035467939 -29.92163718103 0.009 0.0126 9.2735 "" "" 5644480590609414272 1366.13782 0.6934 0.016 -4.855 4.144 0.013 0.018 1.049 6618.4 4.164 14.060134 0.666754 14.316339 13.649585 19.76 6.11 1337.49231 1394.71936 44760.31621 10.195 25638.0 17.438 27499.0 15.106 "" "" 0.002766395682545765 0.0028862425 0.0038261537 0.006712396 124.77035467939 -29.92163718103 1366.13782 -4.855 4.144 1.0
124.74377448085 -29.63198181978 0.0094 0.0123 8.4797 "" "" 5644535291315347584 1306.31494 0.7274 0.017 -4.949 4.256 0.013 0.015 1.028 6543.0 4.1958 14.148065 0.672307 14.394971 13.722664 "" "" 1276.89905 1330.79028 41278.21164 7.2538 23847.0 34.928 25709.0 54.985 "" "" 0.0027619182597975623 0.0032115309 0.0044357567 0.0076472876 124.74377448085 -29.63198181978 1306.31494 -4.949 4.256 1.0
124.4003049747 -29.54696972805 0.0112 0.0142 21.6413 "" "" 5644551234233671936 1300.66785 0.7322 0.0191 -4.821 4.21 0.015 0.018 1.205 6550.8 4.1052 14.260433 0.733913 14.545276 13.811362 46.75 9.52 1269.1344 1334.25928 37219.74391 7.0831 20764.0 18.778 23693.0 15.779 "" "" 0.0027630565699828503 0.002957897 0.00384793 0.006805827 124.4003049747 -29.54696972805 1300.66785 -4.821 4.209999999999999 1.0
124.6119841034 -29.71862655039 0.01 0.0131 6.6838 "" "" 5644533779486921088 1290.05505 0.7402 0.017 -4.774 4.142 0.014 0.016 0.964 6607.1 4.2186 14.365884 0.727974 14.647467 13.919493 48.15 4.91 1259.79553 1319.40222 33774.83472 7.1682 18899.0 16.643 21447.0 13.744 "" "" 0.0027649390443469078 0.0029494462 0.003842894 0.0067923404 124.6119841034 -29.71862655039 1290.05505 -4.774 4.142 1.0
124.57374748533 -29.93903087913 0.0114 0.0138 12.7096 "" "" 5644478254147366016 1291.66626 0.7345 0.0185 -4.923 4.283 0.015 0.017 1.061 6307.8 4.4363 14.574605 0.754446 14.870916 14.11647 50.17 7.77 1258.22949 1326.27966 27867.94429 7.3386 15383.0 12.301 17888.0 12.06 "" "" 0.0027701146462719116 0.0029221282 0.0038496165 0.0067717447 124.57374748533 -29.93903087913 1291.66626 -4.923000000000002 4.283 1.0
124.7422895482 -29.81516612549 0.0114 0.0152 2.735 "" "" 5644484610698761984 1306.50757 0.7309 0.0203 -4.93 4.188 0.015 0.018 0.967 6307.5 4.4557 14.577663 0.768857 14.87876 14.109903 38.54 10.05 1270.97131 1341.22192 27789.54547 7.138 15273.0 22.651 17997.0 19.609 "" "" 0.002769397802323214 0.003221472 0.0039601997 0.0071816714 124.7422895482 -29.81516612549 1306.50757 -4.93 4.187999999999999 1.0
124.53965411914 -29.51691935948 0.0112 0.0141 18.1002 "" "" 5644552265025681920 1242.11926 0.7629 0.0201 -4.905 4.22 0.015 0.017 0.99 5765.3 4.059 14.591248 0.910527 14.962005 14.051477 50.15 7.94 1215.31616 1275.94678 27444.01743 10.076 14145.0 18.692 18992.0 18.377 "" "" 0.002784006370548665 0.0031374455 0.0039226827 0.0070601283 124.53965411914 -29.51691935948 1242.11926 -4.905 4.220000000000001 1.0
124.75144014135 -29.71955605396 0.0202 0.0272 3.4642 "" "" 5644487462556969728 1434.99866 0.6616 0.0365 -5.069 4.472 0.029 0.034 1.795 5942.4 3.9702 14.603885 0.859422 14.941294 14.081872 55.18 8.63 1377.9408 1503.8208 27126.44596 16.638 14418.0 38.004 18468.0 32.768 "" "" 0.0028346534549932257 0.0039969115 0.0042420374 0.008238949 124.75144014135 -29.71955605396 1434.99866 -5.069000000000002 4.472000000000001 1.0
125.04812782044 -29.75097696271 0.0118 0.0146 16.9098 "" "" 5644576729154795648 1475.42432 0.642 0.0199 -4.915 4.187 0.016 0.02 0.97 5701.0 4.1439 14.60473 0.90339 14.968175 14.064785 94.84 5.32 1428.91345 1522.78015 27105.35141 5.689 14065.0 9.0759 18760.0 11.687 "" "" 0.002764727555512389 0.002876786 0.0038394302 0.006716216 125.04812782044 -29.75097696271 1475.42432 -4.915000000000001 4.186999999999999 0.9
124.71799984163 -29.70304589663 0.0118 0.0184 4.169 "" "" 5644534363596914816 1321.06079 0.7222 0.0222 -4.901 4.221 0.017 0.025 1.101 6058.6 4.252 14.639892 0.768856 14.923383 14.154527 "" "" 1279.79285 1356.04944 26241.58247 7.1809 14658.0 38.279 17272.0 27.368 "" "" 0.0027712924932816367 0.0039779874 0.004152522 0.008130509 124.71799984163 -29.70304589663 1321.06079 -4.901 4.221000000000002 1.0
124.67091591077 -29.85392989305 0.0122 0.0159 5.6338 "" "" 5644484782497535488 1348.15295 0.703 0.0208 -4.959 4.079 0.016 0.019 1.156 "" "" 14.64149 1.069873 15.084643 14.01477 33.61 13.54 1307.84521 1402.02869 26202.98758 21.64 12635.0 39.638 19645.0 43.153 "" "" 0.002897550582422355 0.0044030384 0.004468984 0.008872023 124.67091591077 -29.85392989305 1348.15295 -4.959 4.079 1.0
124.83930900811 -29.85556413629 0.0116 0.0153 7.7933 "" "" 5644482652193610496 1284.76831 0.7388 0.021 -5.036 4.268 0.015 0.021 1.009 6019.8 4.2975 14.658844 0.785921 14.968254 14.182333 "" "" 1252.73022 1321.18567 25787.50032 12.497 14064.0 24.284 16835.0 26.064 "" "" 0.002805109186580709 0.0033614894 0.0041363374 0.0074978266 124.83930900811 -29.85556413629 1284.76831 -5.036 4.268 1.0
124.5622650851 -29.89750132393 0.0152 0.0186 11.298 "" "" 5644478563384996864 1261.69348 0.7553 0.0248 -4.969 4.295 0.02 0.023 1.219 5365.9 4.1816 14.798889 0.953336 15.185666 14.23233 "" "" 1219.06128 1311.16882 22666.83561 21.93 11512.0 37.181 16078.0 43.09 "" "" 0.002948765437219211 0.004481268 0.0047697886 0.009251056 124.5622650851 -29.89750132393 1261.69348 -4.968999999999998 4.295 1.0
124.89761800535 -29.76579986229 0.013 0.0162 9.0296 "" "" 5644483579906436864 1261.3595 0.7588 0.0229 -4.953 4.171 0.018 0.023 0.976 5378.2 4.2189 14.820582 0.977522 15.223032 14.24551 "" "" 1229.703 1302.04004 22218.45017 18.276 11123.0 36.869 15884.0 34.807 "" "" 0.0028964436900726755 0.004553764 0.0044659064 0.009019671 124.89761800535 -29.76579986229 1261.3595 -4.952999999999999 4.171 1.0
125.03471600342 -29.81385937019 0.0125 0.0161 16.3489 "" "" 5644564394008781952 1406.11804 0.6722 0.0217 -4.837 4.105 0.017 0.022 0.963 6192.4 4.2912 14.831621 0.796206 15.146484 14.350279 "" "" 1356.64441 1448.46069 21993.69613 7.6183 11935.0 15.906 14423.0 17.55 "" "" 0.0027808682289727524 0.0031430563 0.0040036375 0.0071466938 125.03471600342 -29.81385937019 1406.11804 -4.8370000000000015 4.105 1.0
124.76850687886 -29.70499049628 0.0128 0.018 4.6467 "" "" 5644487874873803904 1394.71338 0.6806 0.0238 -4.861 4.204 0.018 0.022 0.996 5765.9 3.8918 14.869157 0.82133 15.196573 14.375243 "" "" 1351.03052 1447.51807 21246.34281 7.2001 11397.0 13.684 14095.0 11.892 "" "" 0.0027797788177472715 0.003079682 0.0038888115 0.0069684936 124.76850687886 -29.70499049628 1394.71338 -4.861000000000001 4.203999999999999 1.0
124.45752485062 -29.67017469982 0.0132 0.0181 15.1967 "" "" 5644532027139948544 1299.42822 0.7302 0.0226 -4.135 4.461 0.019 0.022 1.15 6300.3 4.2742 14.879725 0.885535 15.23517 14.349635 "" "" 1263.58313 1347.01086 21040.53722 10.404 10999.0 23.071 14431.0 20.869 "" "" 0.0028071368121534634 0.0036016046 0.0040925504 0.007694155 124.45752485062 -29.67017469982 1299.42822 -4.135 4.461 0.9
124.74832248577 -29.81679069694 0.0131 0.0168 2.9453 "" "" 5644484610698756864 1271.62817 0.7489 0.0227 -4.977 4.265 0.017 0.021 0.987 6045.4 4.35 14.904364 0.838573 15.234631 14.396057 "" "" 1230.93506 1304.57056 20568.43213 7.3388 11004.0 26.373 13827.0 16.932 "" "" 0.0027824198544992166 0.003815267 0.0040064235 0.00782169 124.74832248577 -29.81679069694 1271.62817 -4.977 4.265 1.0
124.64974732554 -29.6666280111 0.0126 0.0169 7.439 "" "" 5644535634912767232 1196.16016 0.7886 0.0236 -4.917 4.328 0.018 0.02 1.026 5889.9 4.3059 14.951277 0.904147 15.314108 14.409961 "" "" 1155.18054 1235.45862 19698.62531 19.411 10228.0 30.812 13651.0 33.011 "" "" 0.002955746774102139 0.004299204 0.0046018674 0.008901071 124.64974732554 -29.6666280111 1196.16016 -4.917000000000002 4.328000000000001 1.0
125.01297019976 -29.90497219282 0.0127 0.0168 16.9975 "" "" 5644469148816312832 1297.81689 0.73 0.0226 -4.944 4.249 0.018 0.025 1.025 5742.9 4.3247 14.994247 0.842141 15.329966 14.487824 "" "" 1267.46301 1336.92041 18934.22744 7.5116 10079.0 18.903 12707.0 20.548 "" "" 0.0027887848960121333 0.0034541984 0.004167279 0.0076214774 125.01297019976 -29.90497219282 1297.81689 -4.943999999999998 4.249 1.0
124.87291597706 -29.80947245008 0.0139 0.0185 8.0481 "" "" 5644482823992241024 1246.26758 0.7663 0.0254 -4.928 4.165 0.02 0.026 0.98 5980.1 4.3634 15.017595 0.86621 15.367447 14.501237 "" "" 1214.34692 1287.22766 18531.40985 8.2235 9737.3 18.607 12551.0 15.227 "" "" 0.0027971283133921996 0.003477005 0.004002351 0.0074793557 124.87291597706 -29.80947245008 1246.26758 -4.927999999999999 4.165 1.0
124.77157626998 -29.79897341302 0.0138 0.0166 2.9314 "" "" 5644484679418197120 1305.75098 0.7344 0.0234 -4.919 4.247 0.018 0.021 0.962 5778.7 4.3135 15.021976 0.939605 15.405436 14.465831 "" "" 1267.99304 1356.3855 18456.7881 11.985 9402.5 22.905 12967.0 24.298 "" "" 0.002844090981382959 0.003844556 0.0042921873 0.008136744 124.77157626998 -29.79897341302 1305.75098 -4.919 4.247 1.0
124.69069965982 -29.69451742759 0.0134 0.0181 4.9868 "" "" 5644534638480347136 1326.9845 0.7166 0.0242 -4.895 4.259 0.019 0.024 0.988 6176.0 4.4098 15.039052 0.838098 15.373457 14.535359 "" "" 1282.02954 1365.49939 18168.77982 14.245 9683.5 27.302 12162.0 25.58 "" "" 0.0028838219195962385 0.004141952 0.0044157165 0.008557668 124.69069965982 -29.69451742759 1326.9845 -4.8950000000000005 4.259 1.0
124.79750959774 -29.78830379082 0.0139 0.0175 3.9261 "" "" 5644486191246654464 1341.68665 0.7093 0.0247 -5.019 4.342 0.019 0.023 1.025 5792.8 4.3198 15.042449 0.897632 15.401356 14.503724 "" "" 1304.18445 1395.6449 18112.03096 8.1657 9437.9 18.604 12522.0 21.294 "" "" 0.0027984633867041545 0.0035164645 0.004206262 0.0077227266 124.79750959774 -29.78830379082 1341.68665 -5.019 4.3420000000000005 1.0
124.61615702477 -29.57687565889 0.0134 0.0167 13.0131 "" "" 5644539929879578368 1278.75696 0.7454 0.0234 -5.002 4.326 0.018 0.021 0.899 5667.2 4.3295 15.095923 0.884796 15.451094 14.566298 "" "" 1241.53369 1321.9043 17241.58741 13.473 9015.3 27.094 11821.0 33.852 "" "" 0.002882985839629942 0.004293277 0.004893987 0.009187264 124.61615702477 -29.57687565889 1278.75696 -5.002 4.326 1.0
124.67006307241 -30.05505712874 0.0139 0.0185 17.1989 "" "" 5644471553998714112 1172.01819 0.8136 0.0227 -5.105 4.446 0.02 0.024 0.953 5800.4 4.1455 15.137494 0.865573 15.48692 14.621347 "" "" 1144.63953 1202.7251 16593.92443 12.263 8722.7 23.933 11236.0 21.551 "" "" 0.0028697698076070783 0.004081604 0.0043151397 0.008396744 124.67006307241 -30.05505712874 1172.01819 -5.105 4.446 0.9
124.49536048662 -29.86101833282 0.0147 0.0174 13.0576 "" "" 5644526563941966080 1353.57532 0.7024 0.0234 -4.842 4.197 0.02 0.022 0.998 5440.5 4.3168 15.159723 0.891935 15.516084 14.624148 "" "" 1311.94287 1398.15198 16257.64133 12.815 8491.5 26.313 11207.0 31.157 "" "" 0.0028851736832135933 0.0043708547 0.0048368424 0.009207698 124.49536048662 -29.86101833282 1353.57532 -4.8420000000000005 4.197 1.0
124.74071019611 -29.64267563461 0.014 0.0188 7.8241 "" "" 5644535188236135936 1312.11243 0.7231 0.0262 -4.878 4.233 0.019 0.023 0.974 5152.0 4.2643 15.18866 1.029747 15.617695 14.587948 "" "" 1268.87781 1351.91772 15830.06596 15.568 7732.8 25.374 11587.0 29.94 "" "" 0.0029549796560910443 0.004525231 0.004706843 0.009232074 124.74071019611 -29.64267563461 1312.11243 -4.878 4.233 1.0
124.71944510462 -29.73513720783 0.0151 0.0203 2.2451 "" "" 5644534260523225344 1314.20898 0.7266 0.0274 -4.898 4.29 0.022 0.025 0.937 5202.5 4.3446 15.369384 1.019383 15.780714 14.761332 "" "" 1277.07971 1363.86536 13402.73418 15.399 6654.7 26.128 9877.0 35.845 "" "" 0.0030245533442637895 0.005094811 0.0054598157 0.010554627 124.71944510462 -29.73513720783 1314.20898 -4.898 4.289999999999999 1.0
124.64695300853 -29.72929487589 0.0154 0.02 4.7894 "" "" 5644532989212928384 1372.70752 0.6984 0.0276 -5.003 4.212 0.022 0.024 1.001 5571.5 4.4205 15.370322 1.049762 15.80971 14.759949 "" "" 1319.38794 1423.63831 13391.15073 10.398 6479.4 19.339 9889.6 21.214 "" "" 0.0028814114727015983 0.0042762654 0.004439362 0.008715628 124.64695300853 -29.72929487589 1372.70752 -5.003000000000002 4.212 0.9
124.68782841916 -29.83905866433 0.0159 0.0205 4.4349 "" "" 5644484919936467840 1306.62415 0.7299 0.0269 -4.871 4.326 0.02 0.024 1.02 5143.2 4.2736 15.439045 1.147957 15.920711 14.772754 "" "" 1263.56274 1359.87451 12569.80826 17.302 5849.7 37.594 9773.6 51.188 "" "" 0.003134530056574181 0.0075148293 0.0068278066 0.014342636 124.68782841916 -29.83905866433 1306.62415 -4.871 4.3260000000000005 1.0
124.77989051922 -29.91475191017 0.0166 0.0217 9.0214 "" "" 5644480590609402112 1327.53809 0.7211 0.0285 -4.942 4.298 0.022 0.029 1.049 5789.2 4.4414 15.477756 1.00352 15.891855 14.888335 "" "" 1274.88794 1373.90735 12129.53062 8.5879 6007.2 16.841 8786.7 17.64 "" "" 0.0028605449580433873 0.0041291565 0.004362892 0.008492049 124.77989051922 -29.91475191017 1327.53809 -4.942 4.298 1.0
