Clusters/NGC_2571/NGC_2571_stars_in_region.tsv
# %ECSV 1.0
# ---
# datatype:
# - name: RA_ICRS_1
#   unit: deg
#   datatype: float64
#   format: '{:15.11f}'
#   description: Right ascension (ICRS) at Ep=2016.0 (ra)
#   meta: !!omap
#   - {ucd: POS_EQ_RA_MAIN}
#   - {width: 15}
#   - {precision: '11'}
# - name: DE_ICRS_1
#   unit: deg
#   datatype: float64
#   format: '{:15.11f}'
#   description: Declination (ICRS) at Ep=2016.0 (dec)
#   meta: !!omap
#   - {ucd: POS_EQ_DEC_MAIN}
#   - {width: 15}
#   - {precision: '11'}
# - name: e_RA_ICRS
#   unit: mas
#   datatype: float64
#   format: '{:7.4f}'
#   description: Standard error of right ascension (ra_error)
#   meta: !!omap
#   - {ucd: ERROR}
#   - {width: 7}
#   - {precision: '4'}
# - name: e_DE_ICRS
#   unit: mas
#   datatype: float64
#   format: '{:7.4f}'
#   description: Standard error of declination (dec_error)
#   meta: !!omap
#   - {ucd: ERROR}
#   - {width: 7}
#   - {precision: '4'}
# - name: _r_1
#   unit: ''
#   datatype: float64
#   format: '{:7.4f}'
#   description: Distance from center (124.72440697000-29.77230598000)[ICRS], at Epoch=J2016.0
#   meta: !!omap
#   - {ucd: POS_ANG_DIST_GENERAL}
#   - {width: 7}
#   - {precision: '4'}
# - name: HIP
#   datatype: int32
#   description: '? HIP cross-id number, van Leeuwen, Cat. I/311 (hip_original_ext_source_id)'
#   meta: !!omap
#   - {ucd: ID_NUMBER}
#   - {width: 6}
#   - values: {'null': -2147483648}
# - name: TYC2
#   datatype: string
#   description: Tycho-2 cross-id name, Hog et al., Cat. I/259 (tyc2_original_ext_source_id)
#   meta: !!omap
#   - {ucd: ID_CROSSID}
#   - {_votable_string_dtype: char}
# - name: Source
#   datatype: int64
#   description: Source identifier, identical to the Gaia-EDR3 source_id (id)
#   meta: !!omap
#   - {ucd: ID_MAIN}
#   - {width: 19}
# - name: rgeo
#   unit: pc
#   datatype: float64
#   format: '{:15.8f}'
#   description: '? Median of the geometric distance posterior (r_med_geo)'
#   meta: !!omap
#   - {ucd: PHYS_DISTANCE_TRUE}
#   - {width: 15}
#   - {precision: '8'}
#   - values: {'null': .nan}
# - name: Plx
#   unit: mas
#   datatype: float64
#   format: '{:9.4f}'
#   description: '? Parallax (parallax)'
#   meta: !!omap
#   - {ucd: POS_PARLX_TRIG}
#   - {width: 9}
#   - {precision: '4'}
#   - values: {'null': .nan}
# - name: e_Plx
#   unit: mas
#   datatype: float32
#   format: '{:7.4f}'
#   description: '? Standard error of parallax (parallax_error)'
#   meta: !!omap
#   - {ucd: ERROR}
#   - {width: 7}
#   - {precision: '4'}
#   - values: {'null': .nan}
# - name: pmRA
#   unit: mas / yr
#   datatype: float64
#   format: '{:9.3f}'
#   description: '? Proper motion in right ascension direction, pmRA*cosDE (pmra)'
#   meta: !!omap
#   - {ucd: POS_EQ_PMRA}
#   - {width: 9}
#   - {precision: '3'}
#   - values: {'null': .nan}
# - name: pmDE
#   unit: mas / yr
#   datatype: float64
#   format: '{:9.3f}'
#   description: '? Proper motion in declination direction (pmdec)'
#   meta: !!omap
#   - {ucd: POS_EQ_PMDEC}
#   - {width: 9}
#   - {precision: '3'}
#   - values: {'null': .nan}
# - name: e_pmRA
#   unit: mas / yr
#   datatype: float32
#   format: '{:6.3f}'
#   description: '? Standard error of proper motion in right ascension direction (pmra_error)'
#   meta: !!omap
#   - {ucd: ERROR}
#   - {width: 6}
#   - {precision: '3'}
#   - values: {'null': .nan}
# - name: e_pmDE
[...]
#         unit: &id001 !astropy.units.Unit {unit: deg}
#         value: !astropy.table.SerializedColumn {name: SkyCoord.dec}
#       distance: !astropy.table.SerializedColumn
#         __class__: astropy.coordinates.distances.Distance
#         unit: !astropy.units.Unit {unit: pc}
#         value: !astropy.table.SerializedColumn {name: SkyCoord.distance}
#       frame: icrs
#       obstime: !astropy.time.Time {format: jyear_str, in_subfmt: '*', jd1: 367701545.0, jd2: 0.0, out_subfmt: '*', precision: 3, scale: tt}
#       pm_dec: !astropy.table.SerializedColumn
#         __class__: astropy.units.quantity.Quantity
#         unit: !astropy.units.Unit {unit: mas / yr}
#         value: !astropy.table.SerializedColumn {name: SkyCoord.pm_dec}
#       pm_ra_cosdec: !astropy.table.SerializedColumn
#         __class__: astropy.units.quantity.Quantity
#         unit: !astropy.units.Unit {unit: mas / yr}
#         value: !astropy.table.SerializedColumn {name: SkyCoord.pm_ra_cosdec}
#       ra: !astropy.table.SerializedColumn
#         __class__: astropy.coordinates.angles.Longitude
#         unit: *id001
#         value: !astropy.table.SerializedColumn {name: SkyCoord.ra}
#         wrap_angle: !astropy.coordinates.Angle
#           unit: *id001
#           value: 360.0
#       representation_type: spherical
# schema: astropy-2.0
RA_ICRS_1 DE_ICRS_1 e_RA_ICRS e_DE_ICRS _r_1 HIP TYC2 Source rgeo Plx e_Plx pmRA pmDE e_pmRA e_pmDE RUWE Teff logg Gmag BP-RP BPmag RPmag RV e_RV b_rgeo B_rgeo FG e_FG FBP e_FBP FRP e_FRP RAVE5 RAVE6 e_Gmag e_BPmag e_RPmag e_BP-RP SkyCoord.ra SkyCoord.dec SkyCoord.distance SkyCoord.pm_ra_cosdec SkyCoord.pm_dec
[from data line 681]
124.33718642408 -29.60436782144 0.0218 0.0291 22.5589 "" "" 5644545083840585216 1062.92224 0.9046 0.0363 -7.614 6.172 0.03 0.035 1.948 5153.6 4.3412 15.082968 0.992823 15.486257 14.493434 "" "" 1023.28461 1100.65015 17448.55755 6.54 8728.0 11.334 12641.0 12.111 "" "" 0.0027852107304618015 0.0031261647 0.00391992 0.007046085 124.33718642408 -29.60436782144 1062.92224 -7.614 6.172
124.90386454914 -30.02479260911 0.0137 0.0188 17.7941 "" "" 5644466537476372736 1127.80615 0.8505 0.0241 -4.733 3.924 0.02 0.026 1.093 5709.4 4.4271 15.084137 0.927117 15.460208 14.533091 "" "" 1089.62512 1165.4071 17429.78543 4.1848 8939.9 9.9945 12188.0 12.127 "" "" 0.0027676241133487312 0.0030427612 0.003930748 0.006973509 124.90386454914 -30.02479260911 1127.80615 -4.733 3.924000000000001
124.32819346703 -29.34670028983 0.0144 0.0184 32.8589 "" "" 5692597212305173376 1126.40771 0.8446 0.0252 -8.019 4.068 0.019 0.023 1.021 5915.0 4.5004 15.084374 0.865049 15.433784 14.568735 "" "" 1097.25549 1168.92786 17425.97193 4.1276 9160.2 10.9 11794.0 8.959 "" "" 0.002767296012536951 0.0030747657 0.0038683254 0.006943091 124.32819346703 -29.34670028983 1126.40771 -8.019000000000002 4.0680000000000005
124.75096528135 -30.22988558525 0.0139 0.0167 27.4894 "" "" 5644454477208704896 1047.44739 0.914 0.0216 5.104 -1.883 0.021 0.021 0.935 5418.3 4.4595 15.084991 0.981049 15.489697 14.508648 "" "" 1025.53491 1065.91602 17416.06805 3.5009 8700.4 11.15 12465.0 13.799 "" "" 0.0027639505041871367 0.0031178698 0.0039659003 0.00708377 124.75096528135 -30.22988558525 1047.44739 5.104000000000001 -1.8830000000000002
124.5684628518 -30.26217861757 0.0131 0.0171 30.4885 "" "" 5644434514199285376 1461.09131 0.6493 0.0208 -5.321 6.082 0.018 0.021 0.99 6173.7 4.3248 15.090495 0.860203 15.437019 14.576817 "" "" 1419.93604 1501.76709 17328.01133 3.6901 9132.9 12.805 11707.0 11.066 "" "" 0.0027650043789929427 0.003178426 0.0039162477 0.007094674 124.5684628518 -30.26217861757 1461.09131 -5.321000000000001 6.081999999999999
124.44535417058 -29.8682886876 0.0143 0.0167 15.6261 "" "" 5644525223912199680 1095.30969 0.8739 0.0232 -8.081 4.238 0.02 0.022 1.05 5541.6 4.3319 15.090795 0.867774 15.439996 14.572222 "" "" 1061.32153 1125.6554 17323.23071 3.9489 9107.9 9.2777 11756.0 11.725 "" "" 0.00276641367616861 0.003001372 0.0039314553 0.0069328276 124.44535417058 -29.8682886876 1095.30969 -8.081 4.238000000000001
124.163489593 -29.78935140163 0.0131 0.0177 29.2281 "" "" 5644518592480913664 1200.25281 0.7951 0.0212 -2.012 4.479 0.018 0.022 0.995 5737.9 4.4178 15.09083 0.848055 15.427112 14.579057 "" "" 1172.07581 1235.22021 17322.66963 3.9948 9216.6 12.368 11682.0 13.521 "" "" 0.002766673266041208 0.003147671 0.0039828266 0.0071304976 124.163489593 -29.78935140163 1200.25281 -2.012 4.479
125.16542078569 -29.38040036258 0.0146 0.0191 32.9016 "" "" 5644593118749618944 1437.04541 0.6681 0.024 4.024 -8.59 0.019 0.024 1.002 "" "" 15.093101 "" "" "" "" "" 1390.48315 1481.77502 17286.46013 24.327 "" "" "" "" "" "" 0.0031506182117597404 "" "" "" 125.16542078569 -29.38040036258 1437.04541 4.024 -8.59
125.11035153115 -29.31297729009 0.0147 0.018 34.1379 "" "" 5644640672629185024 1469.74402 0.645 0.0238 -2.983 2.467 0.02 0.023 1.049 "" "" 15.093361 0.803338 15.413177 14.609839 "" "" 1418.68921 1522.16772 17282.33786 4.9322 9335.7 14.44 11356.0 11.424 "" "" 0.0027726884571074137 0.0032565792 0.003934045 0.0071906243 125.11035153115 -29.31297729009 1469.74402 -2.9829999999999997 2.467
124.16122015569 -29.94175886134 0.0142 0.0174 31.0196 "" "" 5644503302397752576 1111.83984 0.8566 0.0221 5.601 0.611 0.019 0.021 1.004 5921.9 4.4919 15.094295 0.832725 15.426296 14.593572 "" "" 1086.59351 1139.66162 17267.45887 4.4289 9223.6 12.636 11527.0 14.225 "" "" 0.0027693572717555856 0.003161877 0.004009858 0.0071717347 124.16122015569 -29.94175886134 1111.83984 5.601 0.611
124.62578914614 -29.23107365827 0.0133 0.0168 32.8797 "" "" 5644653523171729408 1361.53467 0.697 0.0229 2.114 -6.34 0.018 0.022 0.99 5747.3 4.3141 15.094882 0.912174 15.46605 14.553876 "" "" 1322.50354 1399.5249 17258.14378 3.4753 8891.9 9.4719 11957.0 10.341 "" "" 0.0027639810586442878 0.003020376 0.0038942834 0.0069146594 124.62578914614 -29.23107365827 1361.53467 2.1140000000000003 -6.34
124.61615702477 -29.57687565889 0.0134 0.0167 13.0131 "" "" 5644539929879578368 1278.75696 0.7454 0.0234 -5.002 4.326 0.018 0.021 0.899 5667.2 4.3295 15.095923 0.884796 15.451094 14.566298 "" "" 1241.53369 1321.9043 17241.58741 13.473 9015.3 27.094 11821.0 33.852 "" "" 0.002882985839629942 0.004293277 0.004893987 0.009187264 124.61615702477 -29.57687565889 1278.75696 -5.002 4.326
124.98081925269 -29.34782006177 0.014 0.018 28.7708 "" "" 5644639676190004352 1397.3252 0.682 0.0239 -7.33 11.19 0.018 0.025 1.009 6090.8 4.2747 15.098727 0.84986 15.422728 14.572867 "" "" 1359.58228 1451.6897 17197.1251 4.1665 9253.9 25.868 11749.0 106.44 "" "" 0.002767848478046648 0.0041226726 0.010537313 0.014659986 124.98081925269 -29.34782006177 1397.3252 -7.329999999999998 11.189999999999996
124.80807832935 -29.63747715153 0.0138 0.0193 9.1901 "" "" 5644628852879822720 1394.81982 0.6727 0.0254 -4.575 9.765 0.019 0.024 1.021 5998.6 4.3501 15.103125 0.821117 15.426643 14.605526 "" "" 1353.6123 1455.70227 17127.61199 4.0513 9220.6 12.818 11401.0 10.928 "" "" 0.002767262873108416 0.0031722449 0.0039200466 0.0070922915 124.80807832935 -29.63747715153 1394.81982 -4.574999999999999 9.765
124.94163294161 -30.17244252234 0.0151 0.0186 26.5305 "" "" 5644455851598135552 1240.22253 0.7686 0.0249 -14.027 -5.942 0.02 0.025 1.094 5336.9 4.3263 15.103535 0.894525 15.452374 14.557849 "" "" 1206.65747 1276.58289 17121.14099 3.6749 9004.7 16.12 11913.0 12.51 "" "" 0.002765157990352076 0.0034004205 0.0039476147 0.0073480355 124.94163294161 -30.17244252234 1240.22253 -14.026999999999997 -5.942
124.51637286388 -29.81548054751 0.0135 0.0166 11.1376 "" "" 5644526800153338368 1513.85425 0.62 0.0221 -7.787 6.487 0.018 0.022 1.005 6331.1 4.4701 15.108263 0.76501 15.407548 14.642538 "" "" 1461.25256 1566.28503 17046.75493 3.676 9384.2 9.462 11019.0 10.768 "" "" 0.0027652498125344646 0.0029972484 0.0039254883 0.0069227368 124.51637286388 -29.81548054751 1513.85425 -7.786999999999999 6.487000000000001
124.89971461602 -29.76236003593 0.0147 0.019 9.15 "" "" 5644483579906433792 1222.98193 0.7744 0.0266 6.569 -3.476 0.02 0.026 1.04 5824.5 4.3732 15.108974 0.919863 15.473675 14.553812 "" "" 1181.39099 1266.56445 17035.57979 131.1 8829.7 216.23 11957.0 274.45 "" "" 0.008798034387890409 0.026734525 0.025205944 0.05194047 124.89971461602 -29.76236003593 1222.98193 6.569 -3.476
124.94689791405 -29.9698207747 0.0148 0.0178 16.5664 "" "" 5644467087232105344 1082.32214 0.8847 0.025 -9.905 12.197 0.02 0.024 1.002 5270.5 4.3901 15.115709 0.952096 15.50689 14.554794 "" "" 1059.1123 1110.96997 16930.23108 3.956 8563.7 15.442 11946.0 16.42 "" "" 0.0027669752931742558 0.0034085182 0.004063358 0.007471876 124.94689791405 -29.9698207747 1082.32214 -9.905 12.197000000000003
124.69749839254 -29.86908196921 0.0139 0.0178 5.9731 "" "" 5644483992223541376 1080.51758 0.8837 0.0237 -1.575 -2.818 0.018 0.021 0.961 5354.2 4.4203 15.116117 0.950187 15.507178 14.556992 "" "" 1055.92529 1109.90332 16923.89005 3.608 8561.4 12.247 11922.0 10.927 "" "" 0.0027650256341717324 0.0031933174 0.0039081955 0.007101513 124.69749839254 -29.86908196921 1080.51758 -1.5750000000000002 -2.818
125.07039089963 -29.94840889338 0.0132 0.0172 20.8747 "" "" 5644465953361134208 1342.05908 0.7122 0.0231 -7.137 3.12 0.018 0.024 0.937 6139.5 4.1474 15.116207 0.863777 15.463652 14.599875 "" "" 1303.10107 1383.35742 16922.47261 3.4614 8911.6 10.881 11461.0 12.075 "" "" 0.0027642557000534403 0.0030890882 0.003948701 0.0070377896 125.07039089963 -29.94840889338 1342.05908 -7.136999999999999 3.12
125.28507050215 -29.55144810772 0.014 0.0178 32.095 "" "" 5644575423484366976 1238.43018 0.7697 0.0223 -5.104 4.425 0.019 0.021 1.042 5911.9 4.3454 15.120986 0.874771 15.466933 14.592162 "" "" 1211.7135 1265.27356 16848.15101 34.295 8884.7 72.494 11542.0 78.019 "" "" 0.0035321562019385534 0.0092879785 0.008255078 0.017543057 125.28507050215 -29.55144810772 1238.43018 -5.104000000000001 4.425
124.54368040056 -29.95371729238 0.0143 0.0183 14.3843 "" "" 5644476948477341568 1348.08374 0.7037 0.0235 0.08 3.676 0.019 0.024 1.004 6107.2 4.361 15.122455 0.80601 15.43656 14.630549 "" "" 1300.12646 1401.7561 16825.37664 4.1073 9136.8 12.378 11141.0 13.852 "" "" 0.0027680384864249598 0.0031541355 0.0040132343 0.00716737 124.54368040056 -29.95371729238 1348.08374 0.0800000000000003 3.676
124.69608972846 -29.83756066299 0.0149 0.02 4.1837 "" "" 5644484919936459904 1153.92883 0.8287 0.0255 -8.804 5.099 0.019 0.024 1.113 6006.9 4.4368 15.123528 0.831177 15.44381 14.612634 "" "" 1122.72839 1186.18982 16808.766 4.5297 9076.0 12.743 11327.0 13.048 "" "" 0.0027708117379140413 0.003179445 0.0039809523 0.0071603972 124.69608972846 -29.83756066299 1153.92883 -8.804000000000002 5.099
124.94168484608 -29.9097484089 0.0156 0.0214 13.9957 "" "" 5644469595492973056 1167.92871 0.8222 0.0283 -2.886 0.779 0.021 0.03 1.202 5817.0 4.43 15.124599 0.909647 15.492141 14.582494 "" "" 1141.69592 1196.88025 16792.17882 3.5497 8680.8 10.583 11646.0 10.199 "" "" 0.002764862748129225 0.0030882193 0.0038971547 0.006985374 124.94168484608 -29.9097484089 1167.92871 -2.886 0.7790000000000004
125.24834259734 -29.74216053686 0.0148 0.0179 27.3507 "" "" 5644568688975822720 1475.78394 0.6411 0.023 -3.772 0.787 0.019 0.021 1.091 5651.7 4.2966 15.129749 0.942035 15.511399 14.569365 "" "" 1434.56165 1514.26904 16712.71092 3.9546 8528.2 15.074 11787.0 15.816 "" "" 0.0027672715523283523 0.003386437 0.0040504527 0.0074368897 125.24834259734 -29.74216053686 1475.78394 -3.7720000000000002 0.787
124.96845340038 -30.29937479379 0.0141 0.0175 34.0702 "" "" 5644266288923200512 1349.69092 0.6952 0.023 -1.949 4.826 0.019 0.024 0.969 5776.2 4.3034 15.132717 0.900625 15.498597 14.597972 "" "" 1300.69666 1406.45129 16667.08883 3.6028 8629.3 13.493 11481.0 11.333 "" "" 0.0027652976984643756 0.0032660656 0.0039284034 0.0071944688 124.96845340038 -30.29937479379 1349.69092 -1.9489999999999998 4.826
124.72405538522 -29.48438335073 0.0179 0.0226 17.2754 "" "" 5644634109919633920 1279.45911 0.7434 0.0315 -8.594 6.147 0.024 0.029 1.259 5740.8 3.9502 15.135837 0.860767 15.482132 14.621365 "" "" 1237.28955 1334.4342 16619.28307 3.6065 8761.2 13.233 11236.0 11.55 "" "" 0.00276537566271558 0.0032364086 0.0039407304 0.0071771387 124.72405538522 -29.48438335073 1279.45911 -8.594 6.147
124.67006307241 -30.05505712874 0.0139 0.0185 17.1989 "" "" 5644471553998714112 1172.01819 0.8136 0.0227 -5.105 4.446 0.02 0.024 0.953 5800.4 4.1455 15.137494 0.865573 15.48692 14.621347 "" "" 1144.63953 1202.7251 16593.92443 12.263 8722.7 23.933 11236.0 21.551 "" "" 0.0028697698076070783 0.004081604 0.0043151397 0.008396744 124.67006307241 -30.05505712874 1172.01819 -5.105 4.446
124.7258031003 -29.53489263329 0.0136 0.0177 14.245 "" "" 5644633422724900992 1423.66125 0.6634 0.024 -8.328 6.633 0.018 0.022 0.974 5892.2 3.9932 15.141551 0.81786 15.463308 14.645449 "" "" 1379.43384 1470.58252 16532.03785 3.8053 8914.4 13.31 10990.0 10.167 "" "" 0.0027666306809142143 0.003226921 0.003910576 0.007137497 124.7258031003 -29.53489263329 1423.66125 -8.328 6.633
125.17257559641 -29.59898444477 0.0133 0.0173 25.571 "" "" 5644585078570994688 1434.42285 0.6618 0.022 -5.9 4.683 0.018 0.021 1.01 5269.2 4.2557 15.145628 0.991612 15.555359 14.563746 "" "" 1388.26196 1480.12195 16470.06925 3.3359 8189.8 10.615 11848.0 12.062 "" "" 0.0027640819681184247 0.0031249637 0.003937705 0.007062669 125.17257559641 -29.59898444477 1434.42285 -5.900000000000001 4.683000000000001
124.74757911145 -30.15774072863 0.0144 0.0183 23.1574 "" "" 5644458325499378816 1520.86487 0.6207 0.0236 -6.718 7.151 0.021 0.024 1.095 5917.1 4.3357 15.150195 0.806607 15.468682 14.662075 "" "" 1469.9657 1566.10474 16400.94185 3.8074 8870.4 13.352 10823.0 16.41 "" "" 0.0027668245021793872 0.0032335632 0.0041223457 0.007355909 124.74757911145 -30.15774072863 1520.86487 -6.718 7.150999999999999
124.20852800155 -30.05527793128 0.0145 0.0189 31.75 "" "" 5644501412612168704 1259.95764 0.7579 0.0234 -4.884 4.378 0.02 0.023 1.016 5558.0 4.3413 15.152474 0.862105 15.497409 14.635303 "" "" 1223.68921 1296.25854 16366.55124 14.822 8638.8 25.228 11093.0 22.043 "" "" 0.0029255109590498782 0.0042235437 0.0043518306 0.008575374 124.20852800155 -30.05527793128 1259.95764 -4.884 4.378
125.07076587308 -29.85345901423 0.0146 0.0181 18.677 "" "" 5644563260137409408 1257.17883 0.7522 0.0254 -2.342 1.642 0.02 0.025 1.015 5415.3 4.3996 15.156439 0.953434 15.550555 14.597121 "" "" 1217.76746 1306.14062 16306.8862 3.3072 8226.1 10.314 11490.0 9.7024 "" "" 0.0027641050346217688 0.0031045477 0.0038889952 0.006993543 125.07076587308 -29.85345901423 1257.17883 -2.3420000000000005 1.6420000000000003
124.49536048662 -29.86101833282 0.0147 0.0174 13.0576 "" "" 5644526563941966080 1353.57532 0.7024 0.0234 -4.842 4.197 0.02 0.022 0.998 5440.5 4.3168 15.159723 0.891935 15.516084 14.624148 "" "" 1311.94287 1398.15198 16257.64133 12.815 8491.5 26.313 11207.0 31.157 "" "" 0.0028851736832135933 0.0043708547 0.0048368424 0.009207698 124.49536048662 -29.86101833282 1353.57532 -4.8420000000000005 4.197
124.47281720328 -29.96629128405 0.0214 0.0257 17.5163 "" "" 5644523402846090752 1115.90991 0.8542 0.0327 -2.617 1.521 0.029 0.031 1.47 5605.0 4.5161 15.160439 0.979411 15.561165 14.581754 "" "" 1080.43579 1154.54431 16246.92868 8.0191 8146.1 18.342 11654.0 22.336 "" "" 0.002806950564815657 0.003709648 0.0043143877 0.008024036 124.47281720328 -29.96629128405 1115.90991 -2.617 1.5209999999999997
124.71367753303 -30.29378518473 0.0163 0.0215 31.2937 "" "" 5644430768987723008 1089.87842 0.8836 0.0271 -5.271 6.82 0.023 0.029 1.159 5281.2 4.3737 15.162545 0.96099 15.556925 14.595935 "" "" 1057.0365 1115.68359 16215.43687 3.8892 8178.0 10.049 11502.0 11.818 "" "" 0.002767598638367904 0.003092728 0.003940585 0.007033313 124.71367753303 -30.29378518473 1089.87842 -5.271000000000001 6.82
124.31056669151 -29.96093363587 0.0141 0.017 24.3257 "" "" 5644503645995048064 1188.83728 0.8082 0.0225 -2.652 -4.943 0.019 0.022 1.019 5409.9 4.4112 15.162665 0.944578 15.551032 14.606454 "" "" 1153.76917 1224.10498 16213.64732 3.3976 8222.5 8.6585 11391.0 8.7749 "" "" 0.0027646977880954322 0.0030153275 0.0038708218 0.0068861493 124.31056669151 -29.96093363587 1188.83728 -2.6520000000000006 -4.942999999999999
125.23209747705 -29.91586354419 0.0138 0.0182 27.7902 "" "" 5644559171328637056 1182.33936 0.8045 0.0237 -4.712 9.932 0.019 0.022 1.001 5404.8 4.3857 15.163335 0.898607 15.52647 14.627863 "" "" 1149.47388 1217.78833 16203.64308 3.3893 8410.6 14.582 11169.0 11.932 "" "" 0.002764663612018027 0.0033657865 0.003953367 0.0073191533 125.23209747705 -29.91586354419 1182.33936 -4.711999999999999 9.932
125.09506337904 -29.94231131144 0.0134 0.0186 21.8187 "" "" 5644465781562435328 1263.39502 0.7579 0.0233 -4.824 0.944 0.018 0.024 0.985 5806.4 4.3854 15.163341 0.868541 15.513494 14.644953 "" "" 1230.47449 1307.13684 16203.55397 3.4146 8511.8 9.4214 10995.0 8.425 "" "" 0.002764803486538337 0.0030379728 0.0038698674 0.0069078403 125.09506337904 -29.94231131144 1263.39502 -4.824 0.9440000000000001
