Clusters/NGC_2571/NGC_2571_members.tsv
# %ECSV 1.0
# ---
# datatype:
# - name: RA_ICRS_1
#   unit: deg
#   datatype: float64
#   format: '{:15.11f}'
#   description: Right ascension (ICRS) at Ep=2016.0 (ra)
#   meta: !!omap
#   - {ucd: POS_EQ_RA_MAIN}
#   - {width: 15}
#   - {precision: '11'}
# - name: DE_ICRS_1
#   unit: deg
#   datatype: float64
#   format: '{:15.11f}'
#   description: Declination (ICRS) at Ep=2016.0 (dec)
#   meta: !!omap
#   - {ucd: POS_EQ_DEC_MAIN}
#   - {width: 15}
#   - {precision: '11'}
# - name: e_RA_ICRS
#   unit: mas
#   datatype: float64
#   format: '{:7.4f}'
#   description: Standard error of right ascension (ra_error)
#   meta: !!omap
#   - {ucd: ERROR}
#   - {width: 7}
#   - {precision: '4'}
# - name: e_DE_ICRS
#   unit: mas
#   datatype: float64
#   format: '{:7.4f}'
#   description: Standard error of declination (dec_error)
#   meta: !!omap
#   - {ucd: ERROR}
#   - {width: 7}
#   - {precision: '4'}
# - name: _r_1
#   unit: ''
#   datatype: float64
#   format: '{:7.4f}'
#   description: Distance from center (124.72440697000-29.77230598000)[ICRS], at Epoch=J2016.0
#   meta: !!omap
#   - {ucd: POS_ANG_DIST_GENERAL}
#   - {width: 7}
#   - {precision: '4'}
# - name: HIP
#   datatype: int32
#   description: '? HIP cross-id number, van Leeuwen, Cat. I/311 (hip_original_ext_source_id)'
#   meta: !!omap
#   - {ucd: ID_NUMBER}
#   - {width: 6}
#   - values: {'null': -2147483648}
# - name: TYC2
#   datatype: string
#   description: Tycho-2 cross-id name, Hog et al., Cat. I/259 (tyc2_original_ext_source_id)
#   meta: !!omap
#   - {ucd: ID_CROSSID}
#   - {_votable_string_dtype: char}
# - name: Source
#   datatype: int64
#   description: Source identifier, identical to the Gaia-EDR3 source_id (id)
#   meta: !!omap
#   - {ucd: ID_MAIN}
#   - {width: 19}
# - name: rgeo
#   unit: pc
#   datatype: float64
#   format: '{:15.8f}'
#   description: '? Median of the geometric distance posterior (r_med_geo)'
#   meta: !!omap
#   - {ucd: PHYS_DISTANCE_TRUE}
#   - {width: 15}
#   - {precision: '8'}
#   - values: {'null': .nan}
# - name: Plx
#   unit: mas
#   datatype: float64
#   format: '{:9.4f}'
#   description: '? Parallax (parallax)'
#   meta: !!omap
#   - {ucd: POS_PARLX_TRIG}
#   - {width: 9}
#   - {precision: '4'}
#   - values: {'null': .nan}
# - name: e_Plx
#   unit: mas
#   datatype: float32
#   format: '{:7.4f}'
#   description: '? Standard error of parallax (parallax_error)'
#   meta: !!omap
#   - {ucd: ERROR}
#   - {width: 7}
#   - {precision: '4'}
#   - values: {'null': .nan}
# - name: pmRA
#   unit: mas / yr
#   datatype: float64
#   format: '{:9.3f}'
#   description: '? Proper motion in right ascension direction, pmRA*cosDE (pmra)'
#   meta: !!omap
#   - {ucd: POS_EQ_PMRA}
#   - {width: 9}
#   - {precision: '3'}
#   - values: {'null': .nan}
# - name: pmDE
#   unit: mas / yr
#   datatype: float64
#   format: '{:9.3f}'
#   description: '? Proper motion in declination direction (pmdec)'
#   meta: !!omap
#   - {ucd: POS_EQ_PMDEC}
#   - {width: 9}
#   - {precision: '3'}
#   - values: {'null': .nan}
# - name: e_pmRA
#   unit: mas / yr
#   datatype: float32
#   format: '{:6.3f}'
#   description: '? Standard error of proper motion in right ascension direction (pmra_error)'
#   meta: !!omap
#   - {ucd: ERROR}
#   - {width: 6}
#   - {precision: '3'}
#   - values: {'null': .nan}
# - name: e_pmDE
[...]
#         unit: &id001 !astropy.units.Unit {unit: deg}
#         value: !astropy.table.SerializedColumn {name: SkyCoord.dec}
#       distance: !astropy.table.SerializedColumn
#         __class__: astropy.coordinates.distances.Distance
#         unit: !astropy.units.Unit {unit: pc}
#         value: !astropy.table.SerializedColumn {name: SkyCoord.distance}
#       frame: icrs
#       obstime: !astropy.time.Time {format: jyear_str, in_subfmt: '*', jd1: 367701545.0, jd2: 0.0, out_subfmt: '*', precision: 3, scale: tt}
#       pm_dec: !astropy.table.SerializedColumn
#         __class__: astropy.units.quantity.Quantity
#         unit: !astropy.units.Unit {unit: mas / yr}
#         value: !astropy.table.SerializedColumn {name: SkyCoord.pm_dec}
#       pm_ra_cosdec: !astropy.table.SerializedColumn
#         __class__: astropy.units.quantity.Quantity
#         unit: !astropy.units.Unit {unit: mas / yr}
#         value: !astropy.table.SerializedColumn {name: SkyCoord.pm_ra_cosdec}
#       ra: !astropy.table.SerializedColumn
#         __class__: astropy.coordinates.angles.Longitude
#         unit: *id001
#         value: !astropy.table.SerializedColumn {name: SkyCoord.ra}
#         wrap_angle: !astropy.coordinates.Angle
#           unit: *id001
#           value: 360.0
#       representation_type: spherical
# schema: astropy-2.0
RA_ICRS_1 DE_ICRS_1 e_RA_ICRS e_DE_ICRS _r_1 HIP TYC2 Source rgeo Plx e_Plx pmRA pmDE e_pmRA e_pmDE RUWE Teff logg Gmag BP-RP BPmag RPmag RV e_RV b_rgeo B_rgeo FG e_FG FBP e_FBP FRP e_FRP RAVE5 RAVE6 e_Gmag e_BPmag e_RPmag e_BP-RP SkyCoord.ra SkyCoord.dec SkyCoord.distance SkyCoord.pm_ra_cosdec SkyCoord.pm_dec Pmemb
124.56357629459 -29.56662071581 0.0162 0.0206 14.92 "" 6568-2258-1 5644540136038048256 1222.58325 0.8075 0.0283 -4.849 4.321 0.022 0.026 1.026 16419.9 3.597 8.706447 -0.090353 8.659072 8.749425 "" "" 1188.52612 1263.65247 6199664.20907 2232.6 4696700.0 2893.6 2508400.0 1411.7 "" "" 0.0027829235681273608 0.002869232 0.003828459 0.006697691 124.56357629459 -29.56662071581 1222.58325 -4.849 4.321 0.8
124.74438167355 -29.7546475325 0.022 0.0303 1.4849 "" 6568-3016-1 5644487256398569984 1174.18799 0.8374 0.0397 -4.963 4.565 0.031 0.038 1.203 17745.6 3.6757 8.799582 -0.181428 8.723886 8.905314 "" "" 1118.66858 1242.25525 5690026.16221 1876.3 4424500.0 3685.0 2172900.0 900.89 "" "" 0.002778483523878565 0.0029330445 0.0038060953 0.0067391396 124.74438167355 -29.7546475325 1174.18799 -4.962999999999999 4.565000000000001 0.8
124.7300049591 -29.74497244552 0.0193 0.0261 1.6657 "" 6568-2262-1 5644487325118054400 1194.55164 0.8241 0.0351 -4.594 4.353 0.027 0.033 1.128 16820.9 3.6251 8.937005 -0.145607 8.874 9.019607 "" "" 1146.28174 1240.72937 5013544.04117 1629.7 3853200.0 2522.3 1955800.0 949.36 "" "" 0.0027778315568416844 0.0028792662 0.003815951 0.0066952175 124.7300049591 -29.74497244552 1194.55164 -4.594000000000001 4.353 0.9
125.04063011139 -29.80254318503 0.0159 0.0195 16.5662 "" 6568-1453-1 5644564389703598080 1339.82629 0.7313 0.027 -4.85 4.124 0.022 0.027 1.122 13584.4 4.089 10.739773 -0.064054 10.709287 10.773341 "" "" 1294.99536 1407.53625 952878.39555 295.62 710730.0 558.29 388890.0 233.74 J082009.8-294809 20050130_0809m29_114 0.002775833030974683 0.002917606 0.0038353072 0.006752913 125.04063011139 -29.80254318503 1339.82629 -4.85 4.124 0.8
124.69422108871 -29.75029266668 0.0144 0.0185 2.0534 40730 6568-2698-1 5644532748694748928 1300.65881 0.7573 0.0251 -4.9 4.314 0.02 0.023 1.154 "" "" 10.823972 -0.031811 10.805691 10.837502 "" "" 1255.98816 1352.8031 881775.73636 201.82 650340.0 261.95 366570.0 110.1 "" "" 0.002766503711325018 0.0028242343 0.0037934245 0.006617659 124.69422108871 -29.75029266668 1300.65881 -4.9 4.314 0.9
124.61224010612 -29.70265057522 0.013 0.0168 7.1844 "" 6568-2729-1 5644534020005085184 1289.41003 0.7399 0.0227 -4.765 4.398 0.018 0.021 1.068 10525.3 3.9676 11.168497 0.056177 11.184321 11.128144 "" "" 1255.73645 1319.90979 642019.22441 212.44 458870.0 186.05 280480.0 89.37 "" "" 0.0027786434375904946 0.0028246834 0.0037951823 0.006619866 124.61224010612 -29.70265057522 1289.41003 -4.765 4.398 1.0
124.66950537634 -29.7252013784 0.0156 0.0194 4.0209 "" 6568-2280-1 5644533019263066368 1337.02258 0.7108 0.0269 -4.763 4.278 0.022 0.025 1.164 11805.8 3.7756 11.172581 0.005776 11.168323 11.162546 31.12 14.71 1290.32642 1390.28857 639608.65622 181.62 465680.0 243.06 271730.0 87.069 J081840.7-294331 20050130_0809m29_112 0.002772514803438521 0.0028471376 0.0037953602 0.006642498 124.66950537634 -29.7252013784 1337.02258 -4.763 4.2780000000000005 1.0
124.73403874297 -29.80799060045 0.012 0.0154 2.199 "" 6568-2356-1 5644485366613008512 1291.36548 0.7418 0.0206 -4.866 4.269 0.015 0.019 0.986 10262.9 3.9023 11.244487 0.07572 11.267648 11.191928 50.52 11.54 1260.45544 1317.36609 598621.05064 193.02 424970.0 185.69 264480.0 90.656 "" "" 0.0027774717922335874 0.0028302143 0.003797661 0.0066278754 124.73403874297 -29.80799060045 1291.36548 -4.866 4.269 0.9
124.70545886658 -29.75335461097 0.0137 0.0175 1.5056 "" 6568-2606-1 5644485813289596032 1283.83179 0.7364 0.0239 -4.925 4.336 0.019 0.022 1.078 10957.7 3.8606 11.419833 0.024437 11.425015 11.400578 45.95 14.21 1252.76538 1317.31653 509346.73083 153.69 367630.0 167.29 218240.0 66.102 "" "" 0.0027747283364984274 0.002833575 0.0037936622 0.0066272374 124.70545886658 -29.75335461097 1283.83179 -4.925000000000001 4.336 1.0
124.68469617185 -29.84241262698 0.0136 0.0181 4.687 40723 6568-2404-1 5644484812550149632 1250.47925 0.7544 0.0234 -4.955 4.293 0.018 0.021 1.048 "" "" 11.421466 0.006265 11.417546 11.411282 "" "" 1215.77014 1298.24976 508581.32053 161.13 370170.0 159.73 216100.0 67.154 "" "" 0.002776709478116298 0.0028292297 0.0037944121 0.0066236416 124.68469617185 -29.84241262698 1250.47925 -4.955 4.293 0.9
124.76634356606 -29.75113840049 0.0129 0.0175 2.5267 "" "" 5644487084599857280 1265.3252 0.7416 0.024 -4.851 4.424 0.019 0.022 1.009 "" "" 11.708799 0.040669 11.717622 11.676952 73.96 17.87 1232.90979 1304.03735 390325.69406 99.628 280780.0 133.6 169190.0 58.898 "" "" 0.0027692216751655165 0.0028375934 0.0037982343 0.006635828 124.76634356606 -29.75113840049 1265.3252 -4.851 4.424 1.0
124.79405250347 -29.9059528285 0.0106 0.0138 8.8 "" 6568-2728-1 5644480556249645696 1224.42908 0.7639 0.0185 -4.702 4.567 0.014 0.018 1.043 10101.3 4.0643 11.717396 0.161868 11.770625 11.608757 41.69 18.75 1200.53369 1255.51892 387247.26539 101.28 267400.0 129.68 180160.0 59.682 J081910.6-295422 20050130_0809m29_116 0.002769914005726111 0.0028394186 0.003796458 0.0066358764 124.79405250347 -29.9059528285 1224.42908 -4.702 4.567000000000002 1.0
124.52209614295 -29.8929875616 0.0113 0.0134 12.7794 "" 6568-2475-1 5644525533149813120 1247.79675 0.7486 0.018 -4.721 4.258 0.015 0.017 0.935 10780.6 4.0244 11.80488 0.041081 11.815891 11.77481 38.36 19.29 1219.54956 1278.09485 357268.41303 86.62 256480.0 117.74 154610.0 55.261 J081805.3-295335 20050130_0809m29_118 0.002767866222449817 0.0028343378 0.003799253 0.006633591 124.52209614295 -29.8929875616 1247.79675 -4.721 4.258000000000001 1.0
124.71016857594 -29.82707469444 0.0109 0.0149 3.3687 "" 6568-2789-1 5644484949989101184 1279.24927 0.7265 0.0196 -4.853 4.274 0.014 0.02 0.909 9997.5 3.9688 11.807236 0.047461 11.818671 11.771211 65.39 21.08 1243.12659 1312.86487 356494.29943 77.913 255830.0 170.64 155120.0 89.529 J081850.5-294938 20050130_0809m29_110 0.0027655192140971065 0.0028826208 0.00383098 0.006713601 124.71016857594 -29.82707469444 1279.24927 -4.853 4.274 1.0
124.68682789946 -29.69575295637 0.0112 0.0157 4.9931 "" 6568-1149-1 5644534599811029248 1286.80347 0.727 0.0207 -4.883 4.345 0.016 0.019 0.968 11031.6 4.0365 11.856852 0.041307 11.866882 11.825575 8.96 27.53 1254.65784 1335.52808 340569.79645 68.554 244720.0 97.966 147550.0 56.404 "" "" 0.0027639742297212604 0.00282382 0.0038021032 0.0066259233 124.68682789946 -29.69575295637 1286.80347 -4.883 4.345 1.0
124.74838089126 -29.7575426064 0.011 0.0145 1.5309 "" "" 5644487050240138368 1207.18823 0.7784 0.0202 -4.784 4.417 0.016 0.018 0.916 10278.3 3.9909 11.904605 0.053708 11.919675 11.865967 36.7 26.42 1179.3009 1232.98047 325915.40961 59.046 233100.0 143.46 142160.0 54.72 "" "" 0.002762332579118725 0.0028690682 0.0038024182 0.0066714864 124.74838089126 -29.7575426064 1207.18823 -4.783999999999999 4.417000000000002 1.0
124.62801802728 -29.70729891459 0.011 0.0143 6.3584 "" 6568-1289-1 5644533813846649984 1276.28674 0.7353 0.0195 -4.799 4.392 0.016 0.018 1.023 "" "" 11.908261 0.073371 11.931601 11.85823 12.77 27.19 1239.99658 1307.53601 324819.64038 71.211 230560.0 97.117 143170.0 50.238 "" "" 0.002765582579173239 0.0028274024 0.0037985358 0.006625938 124.62801802728 -29.70729891459 1276.28674 -4.799000000000001 4.392 1.0
124.82470383156 -29.89719050312 0.0094 0.0126 9.1322 "" 6568-2303-1 5644480208345214720 1170.46082 0.7993 0.0165 -5.26 4.278 0.013 0.017 0.905 9506.7 3.9515 11.912141 0.118929 11.951693 11.832764 59.25 19.25 1149.69763 1192.01416 323661.04301 66.284 226330.0 107.09 146570.0 46.087 "" "" 0.0027642775123675237 0.002837069 0.0037947698 0.006631839 124.82470383156 -29.89719050312 1170.46082 -5.26 4.2780000000000005 0.8
124.72817533463 -29.73491751297 0.0111 0.0155 2.2519 "" "" 5644487320811037440 1255.99646 0.7442 0.0207 -4.834 4.292 0.016 0.02 0.994 9969.1 4.2889 11.986286 0.076927 12.011178 11.934251 "" "" 1226.19849 1293.69824 302295.79492 49.495 214260.0 77.601 133490.0 37.749 "" "" 0.0027610488688310716 0.002817744 0.0037918326 0.0066095768 124.72817533463 -29.73491751297 1255.99646 -4.834 4.292 0.9
124.90772134785 -29.94731702796 0.0103 0.014 14.1863 "" 6568-1591-1 5644467980585326848 1263.56396 0.7407 0.0184 -4.823 4.275 0.014 0.019 0.992 10606.9 4.0168 12.008122 0.073421 12.030779 11.957357 "" "" 1235.703 1291.18506 296276.77979 50.696 210430.0 93.855 130680.0 41.977 "" "" 0.002761576332290399 0.0028318812 0.0037954394 0.0066273203 124.90772134785 -29.94731702796 1263.56396 -4.823 4.275 1.0
124.58399942392 -29.840845563 0.0112 0.0137 8.3873 "" 6568-2098-1 5644526117265313920 1226.25317 0.7658 0.0181 -4.849 4.424 0.015 0.017 0.971 10561.6 4.152 12.105703 0.045831 12.116915 12.071084 "" "" 1202.57349 1252.52441 270810.42043 51.699 194380.0 105.81 117690.0 47.498 "" "" 0.002763105349485161 0.002852078 0.003804699 0.006656777 124.58399942392 -29.840845563 1226.25317 -4.849 4.424 0.9
124.70698182539 -29.77036407979 0.0149 0.0197 0.915 "" 6568-2644-1 5644485808982554368 1203.08081 0.785 0.0262 -4.865 4.262 0.02 0.024 1.378 10203.9 4.0058 12.119106 0.082451 12.146739 12.064288 "" "" 1172.44409 1238.99829 267488.00589 50.713 189110.0 81.9 118420.0 50.359 "" "" 0.0027629986193161227 0.0028295135 0.0038074807 0.006636994 124.70698182539 -29.77036407979 1203.08081 -4.865 4.262 1.0
124.65125858168 -29.79850159667 0.0093 0.0119 4.1206 "" 6568-1300-1 5644532198938963072 1238.44055 0.7614 0.0158 -4.953 4.443 0.012 0.015 0.999 "" "" 12.279275 0.132258 12.324783 12.192525 "" "" 1214.6167 1260.22253 230800.4481 41.43 160510.0 65.738 105230.0 32.835 "" "" 0.0027622045171165075 0.0028253815 0.0037945355 0.006619917 124.65125858168 -29.79850159667 1238.44055 -4.952999999999999 4.443000000000001 1.0
124.64351105577 -29.74696656345 0.0094 0.0121 4.4795 "" 6568-1895-1 5644532950543591424 1210.2572 0.7847 0.0163 -4.76 4.454 0.013 0.015 0.987 9504.3 4.0193 12.345948 0.145379 12.396586 12.251207 "" "" 1189.47327 1232.48096 217053.77371 42.384 150240.0 76.106 99695.0 35.348 "" "" 0.0027634648855368285 0.0028438603 0.0037989367 0.006642797 124.64351105577 -29.74696656345 1210.2572 -4.76 4.454 0.9
124.70053411976 -29.77064198388 0.0089 0.0119 1.2473 "" "" 5644485710210397184 1219.59583 0.7801 0.016 -4.932 4.261 0.012 0.016 0.934 "" "" 12.356286 0.137019 12.404471 12.267452 "" "" 1200.8429 1242.8562 214997.01144 41.172 149150.0 57.248 98215.0 33.066 "" "" 0.0027631539320119866 0.0028211197 0.0037970175 0.0066181375 124.70053411976 -29.77064198388 1219.59583 -4.932000000000002 4.261 1.0
124.74990975924 -29.80415745938 0.0072 0.01 2.3272 "" "" 5644484713777961600 1267.48364 0.7561 0.0127 -4.788 4.312 0.009 0.013 0.943 8034.4 4.0196 12.406438 0.381562 12.544812 12.16325 "" "" 1244.10632 1285.66125 205291.79467 38.125 131070.0 58.566 108110.0 44.329 "" "" 0.002762688084297 0.0028320325 0.003805512 0.0066375444 124.74990975924 -29.80415745938 1267.48364 -4.788 4.312 1.0
124.67469251496 -29.72324772194 0.0087 0.0111 3.9206 "" "" 5644533023572655744 1268.15295 0.752 0.0152 -4.826 4.377 0.012 0.014 0.968 9749.1 4.1944 12.527474 0.20895 12.601412 12.392462 "" "" 1244.01611 1292.98755 183635.71472 35.617 124410.0 71.728 87533.0 28.826 "" "" 0.0027633557222318185 0.0028595268 0.0037962573 0.0066557843 124.67469251496 -29.72324772194 1268.15295 -4.8260000000000005 4.377000000000001 1.0
124.69167630179 -29.70366524484 0.0086 0.0117 4.4575 "" "" 5644534535401133696 1241.71069 0.7812 0.0157 -4.93 4.573 0.012 0.015 0.988 9599.7 4.3246 12.715961 0.27645 12.815085 12.538635 "" "" 1218.13855 1263.16614 154369.77466 54.649 102180.0 116.05 76508.0 79.845 "" "" 0.0027820003823170124 0.0030505115 0.003945583 0.0069960942 124.69167630179 -29.70366524484 1241.71069 -4.93 4.573 0.8
124.93642848543 -29.83052877412 0.0085 0.0108 11.5785 "" "" 5644482136797431168 1281.08887 0.7481 0.015 -4.95 4.359 0.012 0.015 0.88 9036.7 4.2354 12.749349 0.185755 12.816543 12.630788 "" "" 1251.19055 1317.64453 149694.94802 34.044 102050.0 50.366 70282.0 29.741 "" "" 0.002766362104836762 0.0028411602 0.0038072062 0.0066483663 124.93642848543 -29.83052877412 1281.08887 -4.950000000000001 4.359 1.0
124.7424130724 -29.73231996095 0.0092 0.0137 2.576 "" "" 5644487359477772928 1288.33508 0.7447 0.0177 -4.843 4.27 0.013 0.018 0.952 9008.6 4.2322 12.795594 0.204283 12.87012 12.665837 "" "" 1260.854 1317.78479 143452.83583 28.964 97133.0 38.546 68049.0 25.289 "" "" 0.0027640270233435823 0.0028232408 0.0038008594 0.0066241003 124.7424130724 -29.73231996095 1288.33508 -4.842999999999998 4.2700000000000005 1.0
124.66341409143 -29.50167706331 0.0092 0.0119 16.5463 "" "" 5644634380490627840 1210.4364 0.7982 0.0164 -5.128 4.642 0.012 0.014 0.987 8791.2 4.2455 12.850614 0.263078 12.945127 12.68205 "" "" 1185.48596 1236.13843 136364.52607 25.712 90650.0 46.12 67041.0 29.419 "" "" 0.0027629150169938142 0.0028443246 0.0038092947 0.006653619 124.66341409143 -29.50167706331 1210.4364 -5.1279999999999974 4.642000000000001 0.8
124.69250642665 -29.81526767303 0.009 0.0116 3.0665 "" "" 5644485023015663360 1331.83252 0.7172 0.0152 -4.944 4.29 0.012 0.014 0.943 9128.4 4.1546 12.854636 0.22004 12.934702 12.714662 "" "" 1303.92859 1359.32764 135860.24698 29.839 91524.0 51.125 65057.0 24.914 "" "" 0.0027656197753213995 0.0028553244 0.0038021847 0.006657509 124.69250642665 -29.81526767303 1331.83252 -4.944000000000001 4.29 1.0
124.67616072003 -29.51624270832 0.01 0.0133 15.5684 "" "" 5644634316078131328 1231.78918 0.783 0.0182 -4.895 4.257 0.014 0.017 1.061 9204.7 4.3422 12.934765 0.299908 12.982386 12.682478 "" "" 1200.7793 1258.22131 126194.6466 33.857 87592.0 523.59 67014.0 488.89 "" "" 0.002770675315086381 0.0070644477 0.008776277 0.015840724 124.67616072003 -29.51624270832 1231.78918 -4.895 4.257 1.0
124.82063990136 -29.83163804942 0.007 0.0093 6.1463 "" "" 5644482927071518848 1257.27563 0.7575 0.0128 -4.88 4.257 0.009 0.012 0.95 "" "" 13.080829 0.343831 13.207922 12.864091 "" "" 1239.03491 1280.15088 110310.09559 47.312 71162.0 50.848 56692.0 25.323 "" "" 0.0027943943983936353 0.002896017 0.0038103708 0.0067063877 124.82063990136 -29.83163804942 1257.27563 -4.879999999999999 4.256999999999998 1.0
124.81646342517 -29.94697500358 0.0073 0.0101 11.523 "" "" 5644479491097762816 1278.30127 0.7442 0.0127 -4.913 4.352 0.01 0.013 1.006 8132.6 4.392 13.186184 0.339913 13.309377 12.969463 "" "" 1256.75073 1304.63062 100108.97553 26.254 64814.0 42.534 51449.0 23.193 "" "" 0.00276999379636322 0.0028797085 0.0038109426 0.006690651 124.81646342517 -29.94697500358 1278.30127 -4.913 4.3519999999999985 1.0
124.72086341029 -29.68743511849 0.007 0.01 5.0956 "" "" 5644534672840074880 1248.80005 0.7613 0.013 -4.909 4.22 0.01 0.012 0.979 8395.2 4.3091 13.22794 0.334094 13.349922 13.015828 "" "" 1231.54321 1272.31262 96332.09585 27.063 62438.0 39.475 49298.0 18.001 "" "" 0.002772152051685011 0.0028733667 0.0038001188 0.0066734855 124.72086341029 -29.68743511849 1248.80005 -4.908999999999998 4.22 1.0
124.71339385551 -29.60550874973 0.0086 0.0117 10.0243 "" "" 5644536322106990848 1209.1665 0.7924 0.0157 -4.915 4.387 0.012 0.014 1.211 7800.2 4.1537 13.403982 0.481134 13.583503 13.102368 "" "" 1186.32336 1234.84558 81913.176 21.108 50352.0 26.936 45521.0 20.924 "" "" 0.0027694885083607195 0.0028499824 0.0038121901 0.0066621723 124.71339385551 -29.60550874973 1209.1665 -4.914999999999999 4.3870000000000005 1.0
124.73563836764 -29.91835587309 0.0078 0.0099 8.7825 "" "" 5644480659328918656 1274.11658 0.7444 0.0133 -4.996 4.336 0.011 0.013 0.978 7347.3 4.3402 13.562326 0.469969 13.737515 13.267547 "" "" 1254.37476 1296.58582 70797.23126 17.456 43693.0 30.765 39097.0 16.603 "" "" 0.0027682944461403652 0.0028930064 0.0038074024 0.0067004086 124.73563836764 -29.91835587309 1274.11658 -4.996 4.335999999999999 1.0
124.71444326465 -29.54843612715 0.0103 0.0143 13.4422 "" "" 5644633285285970048 1280.73877 0.7422 0.019 -5.088 4.457 0.014 0.018 1.484 6435.1 4.0678 13.722197 0.757607 14.017444 13.259836 38.64 5.86 1247.72424 1307.3219 61103.77383 20.785 33763.0 39.58 39375.0 43.9 "" "" 0.0027799620226743515 0.003066767 0.003968509 0.007035276 124.71444326465 -29.54843612715 1280.73877 -5.087999999999997 4.456999999999999 1.0
