Clusters/NGC_2571/NGC_2571_stars_in_region.tsv
# %ECSV 1.0
# ---
# datatype:
# - name: RA_ICRS_1
#   unit: deg
#   datatype: float64
#   format: '{:15.11f}'
#   description: Right ascension (ICRS) at Ep=2016.0 (ra)
#   meta: !!omap
#   - {ucd: POS_EQ_RA_MAIN}
#   - {width: 15}
#   - {precision: '11'}
# - name: DE_ICRS_1
#   unit: deg
#   datatype: float64
#   format: '{:15.11f}'
#   description: Declination (ICRS) at Ep=2016.0 (dec)
#   meta: !!omap
#   - {ucd: POS_EQ_DEC_MAIN}
#   - {width: 15}
#   - {precision: '11'}
# - name: e_RA_ICRS
#   unit: mas
#   datatype: float64
#   format: '{:7.4f}'
#   description: Standard error of right ascension (ra_error)
#   meta: !!omap
#   - {ucd: ERROR}
#   - {width: 7}
#   - {precision: '4'}
# - name: e_DE_ICRS
#   unit: mas
#   datatype: float64
#   format: '{:7.4f}'
#   description: Standard error of declination (dec_error)
#   meta: !!omap
#   - {ucd: ERROR}
#   - {width: 7}
#   - {precision: '4'}
# - name: _r_1
#   unit: ''
#   datatype: float64
#   format: '{:7.4f}'
#   description: Distance from center (124.72440697000-29.77230598000)[ICRS], at Epoch=J2016.0
#   meta: !!omap
#   - {ucd: POS_ANG_DIST_GENERAL}
#   - {width: 7}
#   - {precision: '4'}
# - name: HIP
#   datatype: int32
#   description: '? HIP cross-id number, van Leeuwen, Cat. I/311 (hip_original_ext_source_id)'
#   meta: !!omap
#   - {ucd: ID_NUMBER}
#   - {width: 6}
#   - values: {'null': -2147483648}
# - name: TYC2
#   datatype: string
#   description: Tycho-2 cross-id name, Hog et al., Cat. I/259 (tyc2_original_ext_source_id)
#   meta: !!omap
#   - {ucd: ID_CROSSID}
#   - {_votable_string_dtype: char}
# - name: Source
#   datatype: int64
#   description: Source identifier, identical to the Gaia-EDR3 source_id (id)
#   meta: !!omap
#   - {ucd: ID_MAIN}
#   - {width: 19}
# - name: rgeo
#   unit: pc
#   datatype: float64
#   format: '{:15.8f}'
#   description: '? Median of the geometric distance posterior (r_med_geo)'
#   meta: !!omap
#   - {ucd: PHYS_DISTANCE_TRUE}
#   - {width: 15}
#   - {precision: '8'}
#   - values: {'null': .nan}
# - name: Plx
#   unit: mas
#   datatype: float64
#   format: '{:9.4f}'
#   description: '? Parallax (parallax)'
#   meta: !!omap
#   - {ucd: POS_PARLX_TRIG}
#   - {width: 9}
#   - {precision: '4'}
#   - values: {'null': .nan}
# - name: e_Plx
#   unit: mas
#   datatype: float32
#   format: '{:7.4f}'
#   description: '? Standard error of parallax (parallax_error)'
#   meta: !!omap
#   - {ucd: ERROR}
#   - {width: 7}
#   - {precision: '4'}
#   - values: {'null': .nan}
# - name: pmRA
#   unit: mas / yr
#   datatype: float64
#   format: '{:9.3f}'
#   description: '? Proper motion in right ascension direction, pmRA*cosDE (pmra)'
#   meta: !!omap
#   - {ucd: POS_EQ_PMRA}
#   - {width: 9}
#   - {precision: '3'}
#   - values: {'null': .nan}
# - name: pmDE
#   unit: mas / yr
#   datatype: float64
#   format: '{:9.3f}'
#   description: '? Proper motion in declination direction (pmdec)'
#   meta: !!omap
#   - {ucd: POS_EQ_PMDEC}
#   - {width: 9}
#   - {precision: '3'}
#   - values: {'null': .nan}
# - name: e_pmRA
#   unit: mas / yr
#   datatype: float32
#   format: '{:6.3f}'
#   description: '? Standard error of proper motion in right ascension direction (pmra_error)'
#   meta: !!omap
#   - {ucd: ERROR}
#   - {width: 6}
#   - {precision: '3'}
#   - values: {'null': .nan}
# - name: e_pmDE
[...]
#         unit: &id001 !astropy.units.Unit {unit: deg}
#         value: !astropy.table.SerializedColumn {name: SkyCoord.dec}
#       distance: !astropy.table.SerializedColumn
#         __class__: astropy.coordinates.distances.Distance
#         unit: !astropy.units.Unit {unit: pc}
#         value: !astropy.table.SerializedColumn {name: SkyCoord.distance}
#       frame: icrs
#       obstime: !astropy.time.Time {format: jyear_str, in_subfmt: '*', jd1: 367701545.0, jd2: 0.0, out_subfmt: '*', precision: 3, scale: tt}
#       pm_dec: !astropy.table.SerializedColumn
#         __class__: astropy.units.quantity.Quantity
#         unit: !astropy.units.Unit {unit: mas / yr}
#         value: !astropy.table.SerializedColumn {name: SkyCoord.pm_dec}
#       pm_ra_cosdec: !astropy.table.SerializedColumn
#         __class__: astropy.units.quantity.Quantity
#         unit: !astropy.units.Unit {unit: mas / yr}
#         value: !astropy.table.SerializedColumn {name: SkyCoord.pm_ra_cosdec}
#       ra: !astropy.table.SerializedColumn
#         __class__: astropy.coordinates.angles.Longitude
#         unit: *id001
#         value: !astropy.table.SerializedColumn {name: SkyCoord.ra}
#         wrap_angle: !astropy.coordinates.Angle
#           unit: *id001
#           value: 360.0
#       representation_type: spherical
# schema: astropy-2.0
RA_ICRS_1 DE_ICRS_1 e_RA_ICRS e_DE_ICRS _r_1 HIP TYC2 Source rgeo Plx e_Plx pmRA pmDE e_pmRA e_pmDE RUWE Teff logg Gmag BP-RP BPmag RPmag RV e_RV b_rgeo B_rgeo FG e_FG FBP e_FBP FRP e_FRP RAVE5 RAVE6 e_Gmag e_BPmag e_RPmag e_BP-RP SkyCoord.ra SkyCoord.dec SkyCoord.distance SkyCoord.pm_ra_cosdec SkyCoord.pm_dec
[from data line 279]
124.64644395294 -29.95971440196 0.0239 0.0308 11.9538 "" "" 5644477292074648576 1358.80664 0.7074 0.0397 -1.644 6.618 0.032 0.037 2.971 6088.2 3.8667 13.750051 0.808017 14.057432 13.249415 58.23 3.08 1288.37195 1442.35071 59556.14307 22.798 32542.0 12.487 39755.0 20.113 "" "" 0.0027864902364928322 0.0028211025 0.0038190912 0.006640194 124.64644395294 -29.95971440196 1358.80664 -1.6439999999999995 6.618
124.92383752897 -29.23484580966 0.01 0.0135 33.8875 "" "" 5644645620431620352 1333.1001 0.7087 0.0178 -8.644 6.31 0.014 0.017 1.384 6319.2 4.0609 13.760515 0.778147 14.064089 13.285942 54.17 3.24 1302.19788 1364.19531 58984.86329 10.379 32343.0 16.225 38440.0 17.035 "" "" 0.002761935587913317 0.0028428345 0.0038098865 0.006652721 124.92383752897 -29.23484580966 1333.1001 -8.644000000000002 6.31
125.16210442736 -29.72780585879 0.0082 0.0107 22.9563 "" "" 5644566696111068928 1374.73828 0.6907 0.0144 -9.371 1.863 0.012 0.014 1.042 "" "" 13.761149 1.23911 14.309207 13.070097 89.41 1.68 1347.0575 1404.20142 58950.43673 6.6733 25807.0 19.135 46894.0 18.277 "" "" 0.0027580601199023937 0.0029039853 0.0038029985 0.006706984 125.16210442736 -29.72780585879 1374.73828 -9.371 1.8629999999999993
124.27277244841 -29.82058664589 0.0081 0.01 23.6933 "" "" 5644540857592934528 1076.72327 0.8954 0.0132 -4.071 5.808 0.011 0.012 1.043 6234.5 4.1812 13.765517 0.724539 14.048614 13.324075 22.2 4.04 1056.89575 1090.75598 58713.75645 10.825 32807.0 19.503 37113.0 16.836 "" "" 0.0027625821065745027 0.0028638518 0.0038113405 0.006675192 124.27277244841 -29.82058664589 1076.72327 -4.071 5.808
124.70323855044 -29.65194110261 0.0099 0.0137 7.3057 "" "" 5644535531833531008 1413.65857 0.6705 0.0182 -4.428 2.877 0.014 0.017 1.272 7250.6 4.2251 13.766027 0.582882 13.98419 13.401308 "" "" 1373.61597 1451.0354 58686.23637 18.507 34813.0 42.78 34565.0 29.013 "" "" 0.002776512549708864 0.0030927593 0.0038877071 0.0069804667 124.70323855044 -29.65194110261 1413.65857 -4.428 2.8769999999999993
125.07907922655 -29.40698228769 0.0081 0.0102 28.6861 "" "" 5644592878231354240 1113.27722 0.863 0.0133 -2.015 3.843 0.012 0.013 1.057 5645.0 4.1152 13.768284 0.813755 14.094126 13.280371 73.64 4.71 1093.92969 1132.10718 58564.30874 8.9287 31461.0 24.477 38638.0 21.004 "" "" 0.002760288017749141 0.0029152343 0.0038251907 0.006740425 125.07907922655 -29.40698228769 1113.27722 -2.015 3.843
124.35874104588 -30.020811643 0.0086 0.01 24.168 "" "" 5644499557186179456 1171.79688 0.8167 0.0135 -4.565 3.267 0.012 0.012 1.019 6475.6 4.1629 13.77696 0.653173 14.028997 13.375824 13.75 6.18 1154.56836 1190.1969 58098.16866 12.587 33406.0 16.092 35386.0 12.782 "" "" 0.0027653427197864002 0.0028387653 0.0037996757 0.0066384412 124.35874104588 -30.020811643 1171.79688 -4.565 3.2669999999999995
124.32028386647 -30.04160784051 0.0187 0.0206 26.5115 "" "" 5644500175663686528 1385.2749 0.6871 0.0286 -6.271 3.358 0.025 0.027 1.446 "" "" 13.788869 0.838933 13.934171 13.095238 15.45 10.01 1323.97314 1462.63708 57464.44856 27.573 36454.0 85.416 45821.0 79.287 "" "" 0.0028041388310396306 0.003775847 0.0042205816 0.007996429 124.32028386647 -30.04160784051 1385.2749 -6.270999999999999 3.3579999999999997
124.74286760573 -29.71281771264 0.0086 0.0114 3.6966 "" "" 5644534397962166784 1518.98206 0.622 0.0157 -3.25 2.492 0.013 0.014 1.066 7738.7 4.0678 13.789615 0.448801 13.95786 13.509059 "" "" 1480.92639 1556.06799 57425.00613 17.935 35668.0 23.124 31299.0 14.755 "" "" 0.0027761081631268673 0.0028775888 0.0038138833 0.006691472 124.74286760573 -29.71281771264 1518.98206 -3.25 2.492
124.62998191315 -29.42156464239 0.0319 0.0377 21.6134 "" "" 5644646823022879232 1211.4447 0.8009 0.0537 9.058 0.058 0.042 0.048 3.675 "" "" 13.796069 0.879786 13.77968 12.899895 74.46 6.89 1142.93262 1281.9668 57084.62218 45.959 42029.0 73.401 54853.0 87.546 "" "" 0.002890655928066178 0.003373501 0.004157702 0.007531203 124.62998191315 -29.42156464239 1211.4447 9.058 0.05799999999999934
124.25559962412 -29.57600898979 0.008 0.0106 27.1294 "" "" 5644548691613163904 1187.01465 0.8042 0.0136 -5.0 4.424 0.011 0.013 1.079 6834.7 4.2382 13.801484 0.632651 14.035508 13.402857 46.05 8.52 1169.7124 1208.57642 56800.60238 11.222 33206.0 17.022 34516.0 23.565 "" "" 0.0027636574849081203 0.002845139 0.0038513888 0.006696528 124.25559962412 -29.57600898979 1187.01465 -4.999999999999999 4.424
124.85684316127 -29.27190160637 0.0077 0.0099 30.8102 "" "" 5644644005524012800 1092.12866 0.8783 0.0131 3.56 18.763 0.01 0.012 1.039 "" "" 13.805621 1.164552 14.309423 13.144872 85.84 1.81 1075.94751 1108.15808 56584.58706 6.1064 25802.0 16.328 43773.0 13.5 "" "" 0.0027578103442037214 0.0028735204 0.0037941867 0.006667707 124.85684316127 -29.27190160637 1092.12866 3.56 18.763
124.86111521908 -30.13039501963 0.0452 0.0542 22.6303 "" "" 5644457088548738944 1282.81104 0.7589 0.07 -1.27 3.245 0.062 0.067 5.609 7307.3 4.4226 13.80891 0.654693 14.03045 13.375757 20.53 10.79 1185.36377 1370.5531 56413.46403 37.557 33361.0 23.634 35388.0 14.088 "" "" 0.002848554652496397 0.0028942479 0.0038040178 0.0066982657 124.86111521908 -30.13039501963 1282.81104 -1.27 3.2450000000000006
124.94909264198 -29.6579500269 0.0084 0.0112 13.5707 "" "" 5644581195920814848 1514.13818 0.6186 0.0151 -2.201 0.825 0.012 0.015 0.983 7206.1 4.0212 13.825176 0.55516 14.032805 13.477645 "" "" 1485.0874 1549.70813 55574.57929 15.771 33289.0 20.516 32218.0 17.373 "" "" 0.0027724937957978187 0.0028692847 0.00382446 0.006693745 124.94909264198 -29.6579500269 1514.13818 -2.2010000000000005 0.8250000000000001
124.29266624393 -30.0957624475 0.0088 0.0109 29.6748 "" "" 5644497701762532480 1073.974 0.8975 0.0143 -8.435 5.908 0.012 0.013 0.975 6290.7 4.174 13.8297 0.732738 14.11233 13.379593 14.61 3.57 1056.96204 1093.18738 55343.56494 16.059 30937.0 21.06 35263.0 16.145 "" "" 0.002773273185460741 0.0028864027 0.0038119333 0.006698336 124.29266624393 -30.0957624475 1073.974 -8.434999999999999 5.908
125.22436037727 -29.50132031414 0.0084 0.0106 30.7271 "" "" 5644588274026536832 1404.21606 0.6699 0.0141 -5.531 3.517 0.012 0.013 1.066 6422.1 4.0363 13.830444 0.743659 14.120846 13.377187 29.85 2.62 1377.00989 1429.38013 55305.57099 9.3945 30696.0 18.177 35341.0 14.993 "" "" 0.0027614857308375447 0.0028632863 0.0038073468 0.0066706333 125.22436037727 -29.50132031414 1404.21606 -5.531 3.5170000000000003
124.65464257456 -30.12027782379 0.0085 0.0112 21.191 "" "" 5644470729364703488 1264.25342 0.751 0.0137 0.72 0.429 0.012 0.015 1.014 6728.2 4.2038 13.832172 0.639274 14.076584 13.43731 18.85 3.68 1243.29785 1285.60571 55217.61234 13.056 31973.0 20.245 33438.0 17.422 "" "" 0.002767253816758434 0.002873617 0.0038214836 0.0066951006 124.65464257456 -30.12027782379 1264.25342 0.7200000000000001 0.42899999999999994
125.29038031304 -29.65018314359 0.0093 0.0118 30.3906 "" "" 5644572605985885568 1247.05127 0.7646 0.015 -6.239 2.341 0.012 0.014 1.186 "" "" 13.833199 0.722313 14.113769 13.391456 18.12 4.17 1222.85559 1268.4585 55165.48075 8.5375 30897.0 17.278 34880.0 14.759 "" "" 0.00276043902144098 0.0028554664 0.0038072022 0.0066626687 125.29038031304 -29.65018314359 1247.05127 -6.238999999999998 2.341
124.72523385299 -29.91471093852 0.009 0.0123 8.5444 "" "" 5644480728048402432 1298.42871 0.7325 0.0156 -4.987 4.197 0.012 0.016 1.061 7023.3 4.318 13.83725 0.575123 14.055046 13.479923 25.29 9.61 1274.52148 1322.12317 54960.00329 12.361 32614.0 15.694 32151.0 13.241 "" "" 0.002766119857266525 0.0028386642 0.0038057414 0.0066444054 124.72523385299 -29.91471093852 1298.42871 -4.987 4.197
125.02300244705 -29.5236962895 0.0081 0.011 21.5624 "" "" 5644590335611055232 1223.03552 0.7762 0.0143 -4.856 4.187 0.012 0.016 0.997 7012.4 4.197 13.844965 0.613482 14.077708 13.464227 "" "" 1200.01514 1246.08093 54570.86112 11.972 31940.0 19.344 32619.0 17.576 "" "" 0.002765596793453728 0.0028666067 0.0038243928 0.0066909995 125.02300244705 -29.5236962895 1223.03552 -4.856 4.187
124.52501220483 -29.94727986551 0.0086 0.0106 14.7603 "" "" 5644476914117612416 1282.88721 0.7425 0.0139 -1.163 -3.726 0.011 0.013 0.977 6317.5 4.1033 13.846525 0.697116 14.115837 13.418721 24.04 3.3 1258.94214 1303.08948 54492.47932 9.17 30838.0 19.167 34015.0 14.109 "" "" 0.0027613713154765124 0.0028706165 0.003806119 0.0066767354 124.52501220483 -29.94727986551 1282.88721 -1.1630000000000003 -3.726000000000001
124.37053028251 -29.3671238124 0.0088 0.0112 30.5296 "" "" 5692596215872744064 1104.73779 0.8676 0.0162 -4.805 2.172 0.012 0.015 0.999 6339.5 4.1167 13.848475 0.691927 14.114362 13.422435 35.8 3.64 1082.51917 1123.52905 54394.67376 13.451 30880.0 16.615 33899.0 21.451 "" "" 0.002768370355417854 0.0028506692 0.0038413224 0.0066919914 124.37053028251 -29.3671238124 1104.73779 -4.805 2.172
125.12249664165 -30.05046933985 0.0082 0.012 26.5931 "" "" 5644276768643019648 1230.15576 0.7742 0.0154 -1.625 0.659 0.012 0.015 1.071 6725.4 4.2225 13.848969 0.627784 14.08838 13.460596 9.98 8.06 1209.10693 1257.54041 54369.93375 9.9537 31628.0 19.534 32728.0 15.337 "" "" 0.0027624805467292273 0.0028696186 0.0038134763 0.006683095 125.12249664165 -30.05046933985 1230.15576 -1.6250000000000004 0.659
124.2108049658 -29.43762942058 0.0087 0.0104 33.4828 "" "" 5692589206486258688 1285.07971 0.7378 0.0145 -1.343 0.669 0.012 0.013 0.992 "" "" 13.855551 0.809855 14.178758 13.368902 10.05 2.34 1264.57849 1312.71265 54041.36522 9.2654 29101.0 16.695 35612.0 18.644 "" "" 0.0027616011821301255 0.0028588502 0.0038218875 0.0066807377 124.2108049658 -29.43762942058 1285.07971 -1.343 0.669
124.75025670726 -29.78152975376 0.009 0.0123 1.4555 "" "" 5644485504051927936 1267.92126 0.7521 0.0159 -4.944 4.387 0.012 0.016 1.024 7013.3 4.1754 13.8564 0.604675 14.085878 13.481203 66.88 13.66 1241.26013 1300.83264 53999.16051 14.977 31700.0 19.672 32113.0 22.1 "" "" 0.002771727270383043 0.002870369 0.0038525357 0.0067229047 124.75025670726 -29.78152975376 1267.92126 -4.943999999999999 4.387
124.97240141679 -30.19173607451 0.0087 0.0102 28.2742 "" "" 5644268109989241472 1436.32214 0.6642 0.0141 -6.804 6.923 0.011 0.013 0.953 6646.7 4.059 13.857582 0.666574 14.11456 13.447986 79.49 5.04 1407.83447 1464.86816 53940.36871 9.9118 30874.0 19.584 33110.0 16.206 "" "" 0.002762533860513291 0.0028739106 0.003816561 0.0066904714 124.97240141679 -30.19173607451 1436.32214 -6.803999999999999 6.923
124.12836925363 -29.92772790636 0.0091 0.0117 32.3892 "" "" 5644515293946131968 1300.35767 0.7333 0.0148 0.708 -1.975 0.012 0.015 1.102 6056.0 4.0106 13.865748 0.900228 14.229302 13.329075 46.59 4.44 1270.90125 1324.32483 53536.17583 9.0732 27778.0 15.054 36943.0 19.208 "" "" 0.002761457670697795 0.0028515377 0.003821309 0.0066728466 124.12836925363 -29.92772790636 1300.35767 0.708 -1.975
124.14870524063 -29.67508751816 0.0095 0.0125 30.5591 "" "" 5644546389510822784 1332.2439 0.7144 0.0154 -6.318 6.876 0.013 0.016 1.203 6044.0 4.0214 13.867857 0.773889 14.14548 13.371592 41.9 7.17 1299.83105 1362.83569 53432.30262 13.493 30007.0 34.281 35524.0 33.161 "" "" 0.002768927899675553 0.003053456 0.0039129197 0.0069663757 124.14870524063 -29.67508751816 1332.2439 -6.317999999999999 6.876000000000001
124.52452229108 -30.02502225842 0.0085 0.0106 18.3851 "" "" 5644475367929420160 1304.18152 0.7279 0.0136 -8.56 5.588 0.011 0.013 1.001 6023.6 4.0899 13.872148 0.884172 14.230185 13.346012 47.28 2.46 1280.63892 1322.03687 53221.57337 8.2019 27755.0 18.424 36371.0 19.837 "" "" 0.0027603959493623233 0.0028817505 0.0038254922 0.0067072427 124.52452229108 -30.02502225842 1304.18152 -8.559999999999999 5.588
125.34084685814 -29.65525868726 0.0081 0.0102 32.8818 "" "" 5644570887998920320 1423.00342 0.6632 0.0136 -3.61 3.777 0.011 0.012 0.934 "" "" 13.872503 0.69433 14.140738 13.446408 28.49 4.27 1396.54419 1450.56482 53204.13293 10.652 30138.0 13.465 33158.0 14.74 "" "" 0.002763881583031069 0.002832023 0.003810076 0.006642099 125.34084685814 -29.65525868726 1423.00342 -3.6100000000000003 3.777
124.84734909905 -29.69833196253 0.0084 0.0116 7.7927 "" "" 5644487703075041536 1309.39038 0.7241 0.0152 0.045 0.985 0.012 0.016 0.951 "" "" 13.878685 0.734243 14.16732 13.433077 41.09 3.83 1282.84119 1335.48511 52902.07534 9.9784 29410.0 16.884 33568.0 18.104 "" "" 0.0027629203890525383 0.0028589447 0.0038244752 0.00668342 124.84734909905 -29.69833196253 1309.39038 0.04500000000000001 0.9849999999999999
124.73535767758 -30.12515987288 0.0085 0.0105 21.1789 "" "" 5644459184492553088 1211.25391 0.7849 0.0137 -2.96 7.386 0.012 0.014 0.985 6928.1 4.3181 13.886411 0.599832 14.112778 13.512946 8.11 6.75 1193.84924 1231.30481 52526.96074 10.859 30925.0 18.938 31187.0 17.957 "" "" 0.0027644475133898026 0.0028682963 0.0038307363 0.0066990326 124.73535767758 -30.12515987288 1211.25391 -2.9599999999999995 7.386
124.55292760263 -29.86539016164 0.0087 0.0111 10.5298 "" "" 5644525670588738560 1321.60974 0.719 0.0144 -2.366 1.323 0.011 0.013 1.018 7061.7 4.2348 13.900632 0.611689 14.133931 13.522243 14.18 6.95 1293.92126 1345.1626 51843.44737 11.261 30328.0 21.263 30922.0 15.147 "" "" 0.002765394606109884 0.0028921429 0.0038166193 0.006708762 124.55292760263 -29.86539016164 1321.60974 -2.3659999999999997 1.323
124.65282956604 -29.77787735486 0.0086 0.0107 3.7426 "" "" 5644532302018172032 1180.97131 0.8086 0.0142 -4.468 4.216 0.011 0.013 1.005 "" "" 13.904161 0.730449 14.188959 13.45851 32.49 3.18 1164.07874 1199.80798 51675.19008 7.9532 28829.0 15.698 32791.0 17.279 "" "" 0.0027603827269518013 0.0028521174 0.0038224403 0.006674558 124.65282956604 -29.77787735486 1180.97131 -4.468 4.216
124.92578522952 -29.92516526237 0.0082 0.0113 13.9264 "" "" 5644469458054042752 1398.01025 0.6774 0.0148 -2.885 3.059 0.011 0.016 0.942 "" "" 13.913567 0.699021 14.185445 13.486424 28.35 6.45 1375.99573 1437.12402 51229.47961 8.5641 28923.0 13.566 31959.0 15.0 "" "" 0.002761291924162535 0.0028362626 0.0038135825 0.0066498453 124.92578522952 -29.92516526237 1398.01025 -2.8849999999999993 3.059
124.56783606426 -29.418237059 0.0093 0.0112 22.7605 "" "" 5644647578937165184 1540.37598 0.6172 0.0158 -2.318 0.155 0.012 0.014 1.033 4954.5 3.4475 13.916254 1.237689 14.460647 13.222958 31.51 2.17 1496.95154 1584.41626 51102.86986 6.6839 22447.0 12.28 40736.0 19.233 "" "" 0.0027589772231626335 0.0028526913 0.0038139878 0.006666679 124.56783606426 -29.418237059 1540.37598 -2.318 0.15499999999999997
125.12924388984 -29.96813505953 0.0081 0.0114 24.1189 "" "" 5644558724652064896 1056.86548 0.9028 0.0142 -4.699 4.935 0.011 0.014 1.025 6290.5 4.2322 13.922793 0.677011 14.184043 13.507031 46.84 5.55 1038.94824 1074.03662 50795.9718 13.005 28960.0 25.535 31358.0 17.987 "" "" 0.002769306660728896 0.0029498353 0.00383035 0.0067801853 125.12924388984 -29.96813505953 1056.86548 -4.699000000000001 4.935
125.23877469684 -29.71295972076 0.0086 0.0103 27.0319 "" "" 5644571746992526208 1274.24658 0.7467 0.0139 -6.704 -2.959 0.011 0.012 1.01 5893.7 3.9199 13.9235 0.816318 14.248625 13.432306 8.12 3.27 1253.07471 1297.11755 50762.9128 8.426 27288.0 16.464 33592.0 14.34 "" "" 0.0027612077228755397 0.0028660365 0.0038076958 0.0066737323 125.23877469684 -29.71295972076 1274.24658 -6.704000000000001 -2.959
124.32647522527 -30.12071317035 0.0081 0.0098 29.4108 "" "" 5644497426882467200 1174.4541 0.8136 0.0129 -5.347 2.891 0.011 0.012 0.993 6550.5 4.2232 13.923626 0.641858 14.168826 13.526968 7.35 6.09 1157.81726 1191.6001 50757.05145 10.765 29369.0 20.35 30787.0 15.69 "" "" 0.0027649258220795664 0.002889814 0.0038196722 0.0067094862 124.32647522527 -30.12071317035 1174.4541 -5.347000000000001 2.8909999999999996
125.30550841777 -29.72940617852 0.0088 0.011 30.3796 "" "" 5644568585896540544 1129.76697 0.8462 0.0142 -4.709 3.778 0.012 0.013 1.013 6087.5 4.0993 13.927495 0.680216 14.179934 13.499718 52.43 4.02 1110.0105 1148.57874 50576.49241 10.747 29070.0 32.75 31570.0 32.319 "" "" 0.002764962139360552 0.0030465093 0.003939435 0.006985944 125.30550841777 -29.72940617852 1129.76697 -4.709 3.778
