Clusters/NGC_2571/NGC_2571_stars_in_region.tsv
# %ECSV 1.0
# ---
# datatype:
# - name: RA_ICRS_1
#   unit: deg
#   datatype: float64
#   format: '{:15.11f}'
#   description: Right ascension (ICRS) at Ep=2016.0 (ra)
#   meta: !!omap
#   - {ucd: POS_EQ_RA_MAIN}
#   - {width: 15}
#   - {precision: '11'}
# - name: DE_ICRS_1
#   unit: deg
#   datatype: float64
#   format: '{:15.11f}'
#   description: Declination (ICRS) at Ep=2016.0 (dec)
#   meta: !!omap
#   - {ucd: POS_EQ_DEC_MAIN}
#   - {width: 15}
#   - {precision: '11'}
# - name: e_RA_ICRS
#   unit: mas
#   datatype: float64
#   format: '{:7.4f}'
#   description: Standard error of right ascension (ra_error)
#   meta: !!omap
#   - {ucd: ERROR}
#   - {width: 7}
#   - {precision: '4'}
# - name: e_DE_ICRS
#   unit: mas
#   datatype: float64
#   format: '{:7.4f}'
#   description: Standard error of declination (dec_error)
#   meta: !!omap
#   - {ucd: ERROR}
#   - {width: 7}
#   - {precision: '4'}
# - name: _r_1
#   unit: ''
#   datatype: float64
#   format: '{:7.4f}'
#   description: Distance from center (124.72440697000-29.77230598000)[ICRS], at Epoch=J2016.0
#   meta: !!omap
#   - {ucd: POS_ANG_DIST_GENERAL}
#   - {width: 7}
#   - {precision: '4'}
# - name: HIP
#   datatype: int32
#   description: '? HIP cross-id number, van Leeuwen, Cat. I/311 (hip_original_ext_source_id)'
#   meta: !!omap
#   - {ucd: ID_NUMBER}
#   - {width: 6}
#   - values: {'null': -2147483648}
# - name: TYC2
#   datatype: string
#   description: Tycho-2 cross-id name, Hog et al., Cat. I/259 (tyc2_original_ext_source_id)
#   meta: !!omap
#   - {ucd: ID_CROSSID}
#   - {_votable_string_dtype: char}
# - name: Source
#   datatype: int64
#   description: Source identifier, identical to the Gaia-EDR3 source_id (id)
#   meta: !!omap
#   - {ucd: ID_MAIN}
#   - {width: 19}
# - name: rgeo
#   unit: pc
#   datatype: float64
#   format: '{:15.8f}'
#   description: '? Median of the geometric distance posterior (r_med_geo)'
#   meta: !!omap
#   - {ucd: PHYS_DISTANCE_TRUE}
#   - {width: 15}
#   - {precision: '8'}
#   - values: {'null': .nan}
# - name: Plx
#   unit: mas
#   datatype: float64
#   format: '{:9.4f}'
#   description: '? Parallax (parallax)'
#   meta: !!omap
#   - {ucd: POS_PARLX_TRIG}
#   - {width: 9}
#   - {precision: '4'}
#   - values: {'null': .nan}
# - name: e_Plx
#   unit: mas
#   datatype: float32
#   format: '{:7.4f}'
#   description: '? Standard error of parallax (parallax_error)'
#   meta: !!omap
#   - {ucd: ERROR}
#   - {width: 7}
#   - {precision: '4'}
#   - values: {'null': .nan}
# - name: pmRA
#   unit: mas / yr
#   datatype: float64
#   format: '{:9.3f}'
#   description: '? Proper motion in right ascension direction, pmRA*cosDE (pmra)'
#   meta: !!omap
#   - {ucd: POS_EQ_PMRA}
#   - {width: 9}
#   - {precision: '3'}
#   - values: {'null': .nan}
# - name: pmDE
#   unit: mas / yr
#   datatype: float64
#   format: '{:9.3f}'
#   description: '? Proper motion in declination direction (pmdec)'
#   meta: !!omap
#   - {ucd: POS_EQ_PMDEC}
#   - {width: 9}
#   - {precision: '3'}
#   - values: {'null': .nan}
# - name: e_pmRA
#   unit: mas / yr
#   datatype: float32
#   format: '{:6.3f}'
#   description: '? Standard error of proper motion in right ascension direction (pmra_error)'
#   meta: !!omap
#   - {ucd: ERROR}
#   - {width: 6}
#   - {precision: '3'}
#   - values: {'null': .nan}
# - name: e_pmDE
[...]
#         unit: &id001 !astropy.units.Unit {unit: deg}
#         value: !astropy.table.SerializedColumn {name: SkyCoord.dec}
#       distance: !astropy.table.SerializedColumn
#         __class__: astropy.coordinates.distances.Distance
#         unit: !astropy.units.Unit {unit: pc}
#         value: !astropy.table.SerializedColumn {name: SkyCoord.distance}
#       frame: icrs
#       obstime: !astropy.time.Time {format: jyear_str, in_subfmt: '*', jd1: 367701545.0, jd2: 0.0, out_subfmt: '*', precision: 3, scale: tt}
#       pm_dec: !astropy.table.SerializedColumn
#         __class__: astropy.units.quantity.Quantity
#         unit: !astropy.units.Unit {unit: mas / yr}
#         value: !astropy.table.SerializedColumn {name: SkyCoord.pm_dec}
#       pm_ra_cosdec: !astropy.table.SerializedColumn
#         __class__: astropy.units.quantity.Quantity
#         unit: !astropy.units.Unit {unit: mas / yr}
#         value: !astropy.table.SerializedColumn {name: SkyCoord.pm_ra_cosdec}
#       ra: !astropy.table.SerializedColumn
#         __class__: astropy.coordinates.angles.Longitude
#         unit: *id001
#         value: !astropy.table.SerializedColumn {name: SkyCoord.ra}
#         wrap_angle: !astropy.coordinates.Angle
#           unit: *id001
#           value: 360.0
#       representation_type: spherical
# schema: astropy-2.0
RA_ICRS_1 DE_ICRS_1 e_RA_ICRS e_DE_ICRS _r_1 HIP TYC2 Source rgeo Plx e_Plx pmRA pmDE e_pmRA e_pmDE RUWE Teff logg Gmag BP-RP BPmag RPmag RV e_RV b_rgeo B_rgeo FG e_FG FBP e_FBP FRP e_FRP RAVE5 RAVE6 e_Gmag e_BPmag e_RPmag e_BP-RP SkyCoord.ra SkyCoord.dec SkyCoord.distance SkyCoord.pm_ra_cosdec SkyCoord.pm_dec
[from data line 721]
124.77128028777 -30.02292459773 0.0137 0.0177 15.2335 "" "" 5644473271985201024 1525.83179 0.6186 0.023 -5.252 3.908 0.019 0.022 0.979 5674.5 4.3274 15.165402 0.818798 15.491887 14.673089 "" "" 1471.96204 1569.51343 16172.82027 5.8682 8682.8 14.416 10713.0 17.2 "" "" 0.0027833411004012233 0.0033218313 0.004162018 0.0074838493 124.77128028777 -30.02292459773 1525.83179 -5.251999999999999 3.907999999999999
124.91541291073 -29.56889665975 0.0146 0.0176 15.7514 "" "" 5644584116498543872 1313.0542 0.7179 0.0244 -7.837 9.011 0.021 0.024 0.99 5965.2 4.1855 15.171019 0.884212 15.438761 14.554549 "" "" 1269.38892 1364.57666 16089.38478 4.6183 9118.3 83.398 11949.0 158.39 "" "" 0.002772889298259425 0.01031492 0.014879944 0.025194865 124.91541291073 -29.56889665975 1313.0542 -7.837 9.011
124.61543008438 -29.37456330572 0.0448 0.0579 24.5328 "" "" 5644648128692915712 1144.16309 0.8514 0.0796 -3.735 2.943 0.06 0.071 2.937 "" "" 15.176057 0.992303 15.349301 14.356998 "" "" 1048.52588 1283.74561 16014.89763 10.152 9901.4 16.552 14334.0 20.638 "" "" 0.002839980559170751 0.0033285578 0.0040899185 0.007418476 124.61543008438 -29.37456330572 1144.16309 -3.7350000000000003 2.9429999999999996
124.77628167429 -30.15334326823 0.0138 0.0176 23.0207 "" "" 5644458291139626624 1056.9613 0.9113 0.0224 -11.832 9.263 0.019 0.022 1.001 "" "" 15.178236 1.011182 15.597994 14.586812 "" "" 1027.45984 1084.06433 15982.77954 3.8558 7874.4 11.295 11599.0 10.214 "" "" 0.002767742242209187 0.0031953815 0.0038984404 0.0070938217 124.77628167429 -30.15334326823 1056.9613 -11.832 9.263
124.74328887542 -29.77700831044 0.0648 0.0294 1.023 "" "" 5644485572760900608 1349.70374 0.6998 0.0557 -2.237 4.387 0.085 0.038 1.123 "" "" 15.182261 "" "" "" "" "" 1258.08923 1457.44873 15923.63954 12.472 "" "" "" "" "" "" 0.002883565905647031 "" "" "" 124.74328887542 -29.77700831044 1349.70374 -2.2370000000000005 4.387
124.38189930579 -29.51422089022 0.0146 0.0189 23.6389 "" "" 5644554292250380928 1220.28223 0.7829 0.0252 -4.793 4.404 0.019 0.023 0.955 5798.5 4.3724 15.184217 1.010007 15.597682 14.587675 "" "" 1189.60645 1250.25842 15894.97839 22.467 7876.7 48.502 11590.0 44.188 "" "" 0.0031538770985815477 0.0072444556 0.005605263 0.012849718 124.38189930579 -29.51422089022 1220.28223 -4.792999999999999 4.403999999999999
125.1895903288 -29.46853472148 0.014 0.0169 30.3466 "" "" 5644588617623933568 1516.62891 0.6215 0.0229 -1.559 2.567 0.02 0.022 0.966 6068.5 4.3098 15.186005 0.797587 15.50193 14.704343 "" "" 1468.7915 1573.31592 15868.82713 3.5388 8602.9 11.062 10409.0 9.2393 "" "" 0.0027659379606938877 0.003119954 0.0039003203 0.007020274 125.1895903288 -29.46853472148 1516.62891 -1.559 2.567
124.91314456455 -29.35670914648 0.0151 0.0189 26.8107 "" "" 5644642218817623680 1501.47412 0.6326 0.0253 -6.729 8.489 0.021 0.026 1.092 5440.0 4.2822 15.187678 0.915221 15.540781 14.62556 "" "" 1441.09973 1548.51221 15844.39035 4.0799 8300.5 10.171 11193.0 14.63 "" "" 0.002769467739050749 0.0030911202 0.0040370356 0.007128156 124.91314456455 -29.35670914648 1501.47412 -6.729 8.489
124.74071019611 -29.64267563461 0.014 0.0188 7.8241 "" "" 5644535188236135936 1312.11243 0.7231 0.0262 -4.878 4.233 0.019 0.023 0.974 5152.0 4.2643 15.18866 1.029747 15.617695 14.587948 "" "" 1268.87781 1351.91772 15830.06596 15.568 7732.8 25.374 11587.0 29.94 "" "" 0.0029549796560910443 0.004525231 0.004706843 0.009232074 124.74071019611 -29.64267563461 1312.11243 -4.878 4.233
125.20259395932 -29.55925712782 0.014 0.0175 28.0167 "" "" 5644585800125439360 1513.52246 0.6316 0.0223 -2.124 2.587 0.019 0.021 0.96 6233.0 4.4009 15.188913 0.787465 15.500943 14.713478 "" "" 1461.9552 1570.63477 15826.38002 4.3019 8610.7 13.818 10322.0 19.691 "" "" 0.0027710804696667013 0.003289494 0.0043097236 0.007599218 125.20259395932 -29.55925712782 1513.52246 -2.124 2.5869999999999997
124.24936384439 -30.09583262169 0.0142 0.0173 31.4152 "" "" 5644498114077275904 1499.48621 0.6282 0.0221 -2.526 8.635 0.02 0.022 0.984 5523.2 4.2794 15.19307 0.913236 15.563845 14.650609 "" "" 1449.84875 1545.70044 15765.89128 3.4252 8126.0 9.3716 10937.0 8.7089 "" "" 0.0027653985119873337 0.0030582615 0.0038770055 0.006935267 124.24936384439 -30.09583262169 1499.48621 -2.5260000000000002 8.635
125.32422830097 -29.54883746809 0.0143 0.0179 34.0267 "" "" 5644575560923277952 1429.30688 0.662 0.0227 -4.454 1.16 0.019 0.021 1.046 6006.4 4.3731 15.196534 0.835363 15.531607 14.696243 "" "" 1383.35486 1469.25183 15715.68303 3.3574 8370.9 12.162 10487.0 10.979 "" "" 0.00276506602894951 0.0032052167 0.003946613 0.00715183 125.32422830097 -29.54883746809 1429.30688 -4.453999999999999 1.16
124.57299132256 -29.78332419946 0.0143 0.0182 7.913 "" "" 5644527285496404224 1532.90417 0.6133 0.0239 -5.972 2.815 0.019 0.022 1.078 6449.8 4.3822 15.19839 0.778359 15.502803 14.724443 "" "" 1481.09692 1580.77344 15688.83965 3.4293 8596.0 8.0056 10218.0 9.3113 "" "" 0.0027655219008723593 0.0029677434 0.003906741 0.006874484 124.57299132256 -29.78332419946 1532.90417 -5.972000000000001 2.8149999999999995
124.49268258002 -29.25711946902 0.0147 0.0188 33.1947 "" "" 5692691220546367104 1306.62231 0.7324 0.026 4.505 -7.512 0.021 0.024 0.951 "" "" 15.199198 0.9479 15.584262 14.636362 "" "" 1264.93677 1347.62439 15677.16505 3.4779 7974.7 12.561 11082.0 10.366 "" "" 0.002765828157536697 0.0032725618 0.003913457 0.007186019 124.49268258002 -29.25711946902 1306.62231 4.505000000000001 -7.5120000000000005
125.03782375553 -30.00596229518 0.0135 0.0194 21.5024 "" "" 5644465197446906240 1378.22192 0.6877 0.024 -3.489 3.373 0.018 0.027 1.018 5902.1 4.4017 15.19985 0.810109 15.521941 14.711832 "" "" 1333.19141 1425.66846 15667.75198 3.4786 8445.8 8.3989 10338.0 7.6759 "" "" 0.0027658449912008973 0.0029917913 0.0038644026 0.0068561938 125.03782375553 -30.00596229518 1378.22192 -3.488999999999999 3.3730000000000007
124.35094948471 -29.76876912314 0.0133 0.0169 19.4513 "" "" 5644529793757093376 1073.56067 0.8923 0.0216 -10.231 11.5 0.018 0.02 0.975 "" "" 15.201574 0.873206 15.554525 14.681319 "" "" 1039.04858 1107.58765 15642.89551 3.361 8196.1 10.359 10632.0 9.2261 "" "" 0.0027651778426495454 0.003109362 0.0038950488 0.007004411 124.35094948471 -29.76876912314 1073.56067 -10.231000000000002 11.5
124.20052815289 -29.88249718861 0.0147 0.0185 28.0588 "" "" 5644516702695329536 1262.66797 0.7537 0.0235 -11.619 9.353 0.019 0.022 0.977 5457.4 4.3658 15.202685 0.916944 15.578634 14.661691 "" "" 1224.15442 1301.87915 15626.88915 3.8338 8016.1 10.549 10826.0 12.462 "" "" 0.0027681656454665153 0.003134729 0.0039806725 0.0071154013 124.20052815289 -29.88249718861 1262.66797 -11.619 9.352999999999998
124.98407954069 -30.18399176247 0.0151 0.0171 28.1476 "" "" 5644268144348959872 1107.06458 0.8618 0.0232 -7.132 -2.847 0.02 0.022 0.959 "" "" 15.204465 1.050726 15.646543 14.595817 "" "" 1080.11035 1133.36157 15601.30515 5.9168 7530.1 12.627 11504.0 12.431 "" "" 0.002785918245163963 0.0033316321 0.0039572953 0.007288927 124.98407954069 -30.18399176247 1107.06458 -7.132 -2.8470000000000004
124.51430294366 -29.23353216136 0.0149 0.0199 34.1375 "" "" 5692691357985300864 1386.93726 0.6755 0.0269 -2.347 1.711 0.021 0.026 1.046 5813.1 4.2311 15.204475 0.97333 15.605914 14.632584 "" "" 1338.94714 1435.88135 15601.14615 3.4731 7817.2 9.9342 11121.0 9.047 "" "" 0.002765901401380393 0.003112685 0.0038812193 0.0069939042 124.51430294366 -29.23353216136 1386.93726 -2.3469999999999995 1.7109999999999999
124.87629473774 -29.3696488256 0.0147 0.0181 25.4264 "" "" 5644642287537143936 1484.2876 0.6352 0.0238 -4.236 2.663 0.02 0.023 1.014 5814.8 4.263 15.205736 0.917339 15.578685 14.661345 "" "" 1440.19995 1545.47473 15583.05016 5.3721 8015.7 13.594 10830.0 13.317 "" "" 0.0027806271537588554 0.0033429808 0.004008257 0.0073512373 124.87629473774 -29.3696488256 1484.2876 -4.236 2.663
125.28278322954 -29.52717236027 0.0138 0.0187 32.6199 "" "" 5644587208874610944 1154.87256 0.8233 0.0235 -4.324 2.562 0.019 0.022 1.006 4917.1 4.2569 15.207235 1.131856 15.691746 14.55989 "" "" 1120.79224 1187.55261 15561.54612 4.5813 7223.0 11.181 11891.0 11.522 "" "" 0.002773798611560143 0.0032572632 0.0039230757 0.0071803387 125.28278322954 -29.52717236027 1154.87256 -4.323999999999999 2.5619999999999994
124.58539856841 -30.03886719155 0.015 0.0189 17.5519 "" "" 5644475436639015040 1433.96838 0.6622 0.0244 -3.407 2.311 0.02 0.023 1.049 5812.8 4.3754 15.212404 0.822727 15.538858 14.716131 "" "" 1382.87488 1498.03174 15487.63506 6.1653 8315.2 11.408 10297.0 11.235 "" "" 0.0027890130301953587 0.0031628893 0.0039606947 0.007123584 124.58539856841 -30.03886719155 1433.96838 -3.406999999999999 2.311
124.58141157658 -29.43768611905 0.015 0.0188 21.4182 "" "" 5644647510217688832 1527.00378 0.6196 0.0263 -0.214 0.63 0.019 0.024 0.972 6157.8 4.1231 15.213507 0.887207 15.572421 14.685214 "" "" 1475.9425 1608.70972 15471.92072 3.718 8062.1 11.266 10594.0 10.698 "" "" 0.0027676457565354202 0.003176 0.003935201 0.007111201 124.58141157658 -29.43768611905 1527.00378 -0.214 0.6299999999999999
124.56845457363 -29.70728059849 0.0138 0.0188 9.0129 "" "" 5644536596985480192 1363.22717 0.6953 0.0237 0.195 -0.449 0.019 0.024 0.969 5902.4 4.3521 15.213649 0.867036 15.55519 14.688154 "" "" 1322.28369 1415.86292 15469.89663 3.7111 8191.1 9.6194 10566.0 16.02 "" "" 0.002767603358405142 0.0030677062 0.004122332 0.0071900385 124.56845457363 -29.70728059849 1363.22717 0.19500000000000006 -0.44900000000000007
125.28625920801 -29.91154885156 0.0136 0.018 30.4111 "" "" 5644373044628632192 1124.70947 0.8509 0.0229 -13.247 10.252 0.019 0.022 0.956 5617.0 4.4783 15.213876 0.88839 15.575249 14.686859 "" "" 1095.48132 1151.84033 15466.65982 3.4124 8041.1 10.284 10578.0 9.3109 "" "" 0.0027657135368151734 0.0031166011 0.0038983396 0.0070149405 125.28625920801 -29.91154885156 1124.70947 -13.246999999999998 10.252
125.22229339041 -29.53888652664 0.0142 0.0187 29.4971 "" "" 5644587311953893504 1232.18774 0.7776 0.0235 -0.771 0.115 0.02 0.022 1.081 5919.3 4.3663 15.216342 0.838992 15.552363 14.713371 "" "" 1196.39404 1262.99316 15431.56942 3.3461 8212.4 11.473 10323.0 7.7655 "" "" 0.0027653597367930513 0.0031758086 0.0038666269 0.0070424355 125.22229339041 -29.53888652664 1232.18774 -0.7709999999999999 0.11500000000000003
124.5151231357 -30.05917831256 0.0151 0.0216 20.3648 "" "" 5644475161771006720 1168.53247 0.8187 0.0246 -4.03 3.591 0.021 0.026 1.075 5660.7 4.4662 15.222059 0.897618 15.570792 14.673174 "" "" 1136.22095 1200.36279 15350.51908 5.3629 8074.2 11.252 10712.0 18.938 "" "" 0.0027813072240490274 0.0031740167 0.004238892 0.0074129086 124.5151231357 -30.05917831256 1168.53247 -4.030000000000001 3.591
124.34413446641 -29.47624169177 0.0155 0.0193 26.6259 "" "" 5644555391762552448 1438.79285 0.655 0.026 -5.07 1.53 0.021 0.024 0.984 5803.0 4.064 15.225587 0.888499 15.584545 14.696046 "" "" 1371.72949 1488.60803 15300.72403 3.6374 7972.6 10.181 10489.0 9.6612 "" "" 0.0027673831918584827 0.0031156677 0.0039094533 0.007025121 124.34413446641 -29.47624169177 1438.79285 -5.07 1.5299999999999998
124.79447751876 -29.97105134137 0.0142 0.0189 12.4696 "" "" 5644479353658843520 1512.1842 0.6205 0.0247 -3.653 1.511 0.021 0.025 1.094 5499.7 4.2816 15.228833 0.92783 15.605639 14.67781 "" "" 1469.98438 1570.76355 15255.04316 4.9031 7819.2 13.664 10667.0 15.148 "" "" 0.002777330702526599 0.0033741456 0.0040817857 0.007455931 124.79447751876 -29.97105134137 1512.1842 -3.653 1.5109999999999997
124.51506407973 -29.98080158446 0.1142 0.139 16.5865 "" "" 5644476428776302336 1292.98816 0.8772 0.1793 -3.194 3.105 0.153 0.167 8.031 6498.5 4.3792 15.229142 0.779837 15.440398 14.660562 "" "" 1005.43463 1773.77515 15250.70779 17.18 9104.5 16.916 10838.0 19.865 "" "" 0.003014586566509763 0.0034430309 0.004271302 0.007714333 124.51506407973 -29.98080158446 1292.98816 -3.194 3.1049999999999995
124.93976415596 -30.27423289652 0.0145 0.0172 32.1265 "" "" 5644267182276410624 1358.95898 0.6992 0.0229 -4.134 -4.108 0.02 0.022 0.959 5884.6 4.3708 15.229841 0.833164 15.553477 14.720313 "" "" 1311.98743 1407.62683 15240.88993 3.3518 8204.0 12.222 10257.0 10.449 "" "" 0.0027656470759124777 0.003225107 0.003937905 0.0071630124 124.93976415596 -30.27423289652 1358.95898 -4.1339999999999995 -4.1080000000000005
124.23437603251 -29.83540502863 0.0145 0.0177 25.7923 "" "" 5644517321170560896 1497.89819 0.6266 0.0237 -0.967 7.178 0.02 0.021 1.012 6349.1 4.4262 15.229968 0.799962 15.54501 14.745048 "" "" 1442.78943 1543.05371 15239.11218 3.8768 8268.2 11.16 10026.0 8.9139 "" "" 0.0027691299867019467 0.0031516117 0.0039007103 0.007052322 124.23437603251 -29.83540502863 1497.89819 -0.9669999999999999 7.178000000000001
124.61921458965 -29.6788976526 0.0146 0.0191 7.8391 "" "" 5644534191803767936 1375.70386 0.6963 0.0256 -4.316 4.486 0.021 0.025 0.942 5812.7 4.3609 15.231235 0.878604 15.586365 14.707761 "" "" 1336.2478 1428.15283 15221.34018 3.6159 7959.2 8.1959 10377.0 10.52 "" "" 0.0027673657126355096 0.0030058322 0.0039364025 0.006942235 124.61921458965 -29.6788976526 1375.70386 -4.316 4.485999999999999
124.65859076391 -30.16967775928 0.0138 0.0183 24.0865 "" "" 5644458703456295808 1265.37671 0.756 0.0223 -6.373 11.236 0.019 0.023 0.989 5647.9 4.3494 15.231837 0.832793 15.561495 14.728702 "" "" 1226.82568 1307.81665 15212.89363 3.6739 8143.7 12.04 10178.0 9.0777 "" "" 0.002767768142564783 0.0032189616 0.003901468 0.0071204295 124.65859076391 -30.16967775928 1265.37671 -6.372999999999999 11.236
124.56592617847 -29.79678167604 0.0143 0.0179 8.3824 "" "" 5644527251136673920 1525.00464 0.6142 0.0243 -7.973 5.567 0.019 0.022 0.995 5832.9 4.3666 15.235864 0.797994 15.533608 14.735615 "" "" 1472.3385 1578.47925 15156.5757 3.21 8355.5 19.938 10114.0 17.921 "" "" 0.0027648987588244 0.0038075293 0.0042408486 0.008048378 124.56592617847 -29.79678167604 1525.00464 -7.973000000000001 5.566999999999998
125.06807562237 -30.09521605307 0.0141 0.0218 26.357 "" "" 5644274741418556544 1459.16516 0.6483 0.0256 1.582 -5.958 0.019 0.03 1.009 5955.2 4.3244 15.235967 0.830059 15.566138 14.736079 "" "" 1401.30005 1531.58228 15155.14474 3.7721 8108.9 10.637 10109.0 9.6204 "" "" 0.0027685408269446793 0.0031326495 0.00391808 0.0070507294 125.06807562237 -30.09521605307 1459.16516 1.5820000000000003 -5.958
124.47590758643 -29.39517118597 0.0167 0.0196 26.0797 "" "" 5644557178468246272 1378.29602 0.6854 0.0279 -3.449 5.32 0.021 0.024 1.055 5714.3 3.9166 15.240591 1.036006 15.669595 14.633589 "" "" 1326.66736 1442.32227 15090.72618 3.6545 7371.9 10.244 11110.0 10.22 "" "" 0.00276783710179829 0.0031719625 0.0039091236 0.007081086 124.47590758643 -29.39517118597 1378.29602 -3.448999999999999 5.32
124.30319282037 -29.40097030218 0.0164 0.0204 31.2956 "" "" 5692594772763788416 1453.55151 0.6443 0.0285 3.857 -1.808 0.021 0.026 1.12 5846.9 4.3711 15.241397 0.958865 15.631257 14.672392 "" "" 1397.54663 1533.76526 15079.54176 3.9195 7636.8 9.1842 10720.0 10.797 "" "" 0.002769734615502388 0.003080582 0.0039344053 0.007014987 124.30319282037 -29.40097030218 1453.55151 3.8569999999999998 -1.8079999999999996
124.7715062268 -29.66627475871 0.0149 0.02 6.8189 "" "" 5644535016437439616 1441.90295 0.6491 0.0269 -6.016 1.578 0.021 0.024 0.977 5504.5 4.321 15.248354 0.914631 15.621437 14.706806 "" "" 1387.91064 1529.88672 14983.2252 3.5162 7706.2 10.61 10386.0 7.9908 "" "" 0.0027670761458483345 0.003165382 0.003870598 0.00703598 124.7715062268 -29.66627475871 1441.90295 -6.016 1.5780000000000003
125.091773849 -29.42199812686 0.0147 0.0176 28.4448 "" "" 5644591125884896896 1383.36536 0.691 0.0234 -5.382 -2.797 0.021 0.023 0.999 5637.9 4.3455 15.25349 0.928529 15.634788 14.706259 "" "" 1335.71619 1424.229 14912.51426 3.6087 7612.1 13.115 10391.0 9.8318 "" "" 0.0027678188308269402 0.0033592125 0.0039165146 0.007275727 125.091773849 -29.42199812686 1383.36536 -5.382 -2.797
