Clusters/NGC_2571/NGC_2571_members.tsv
# %ECSV 1.0
# ---
# datatype:
# - name: RA_ICRS_1
#   unit: deg
#   datatype: float64
#   format: '{:15.11f}'
#   description: Right ascension (ICRS) at Ep=2016.0 (ra)
#   meta: !!omap
#   - {ucd: POS_EQ_RA_MAIN}
#   - {width: 15}
#   - {precision: '11'}
# - name: DE_ICRS_1
#   unit: deg
#   datatype: float64
#   format: '{:15.11f}'
#   description: Declination (ICRS) at Ep=2016.0 (dec)
#   meta: !!omap
#   - {ucd: POS_EQ_DEC_MAIN}
#   - {width: 15}
#   - {precision: '11'}
# - name: e_RA_ICRS
#   unit: mas
#   datatype: float64
#   format: '{:7.4f}'
#   description: Standard error of right ascension (ra_error)
#   meta: !!omap
#   - {ucd: ERROR}
#   - {width: 7}
#   - {precision: '4'}
# - name: e_DE_ICRS
#   unit: mas
#   datatype: float64
#   format: '{:7.4f}'
#   description: Standard error of declination (dec_error)
#   meta: !!omap
#   - {ucd: ERROR}
#   - {width: 7}
#   - {precision: '4'}
# - name: _r_1
#   unit: ''
#   datatype: float64
#   format: '{:7.4f}'
#   description: Distance from center (124.72440697000-29.77230598000)[ICRS], at Epoch=J2016.0
#   meta: !!omap
#   - {ucd: POS_ANG_DIST_GENERAL}
#   - {width: 7}
#   - {precision: '4'}
# - name: HIP
#   datatype: int32
#   description: '? HIP cross-id number, van Leeuwen, Cat. I/311 (hip_original_ext_source_id)'
#   meta: !!omap
#   - {ucd: ID_NUMBER}
#   - {width: 6}
#   - values: {'null': -2147483648}
# - name: TYC2
#   datatype: string
#   description: Tycho-2 cross-id name, Hog et al., Cat. I/259 (tyc2_original_ext_source_id)
#   meta: !!omap
#   - {ucd: ID_CROSSID}
#   - {_votable_string_dtype: char}
# - name: Source
#   datatype: int64
#   description: Source identifier, identical to the Gaia-EDR3 source_id (id)
#   meta: !!omap
#   - {ucd: ID_MAIN}
#   - {width: 19}
# - name: rgeo
#   unit: pc
#   datatype: float64
#   format: '{:15.8f}'
#   description: '? Median of the geometric distance posterior (r_med_geo)'
#   meta: !!omap
#   - {ucd: PHYS_DISTANCE_TRUE}
#   - {width: 15}
#   - {precision: '8'}
#   - values: {'null': .nan}
# - name: Plx
#   unit: mas
#   datatype: float64
#   format: '{:9.4f}'
#   description: '? Parallax (parallax)'
#   meta: !!omap
#   - {ucd: POS_PARLX_TRIG}
#   - {width: 9}
#   - {precision: '4'}
#   - values: {'null': .nan}
# - name: e_Plx
#   unit: mas
#   datatype: float32
#   format: '{:7.4f}'
#   description: '? Standard error of parallax (parallax_error)'
#   meta: !!omap
#   - {ucd: ERROR}
#   - {width: 7}
#   - {precision: '4'}
#   - values: {'null': .nan}
# - name: pmRA
#   unit: mas / yr
#   datatype: float64
#   format: '{:9.3f}'
#   description: '? Proper motion in right ascension direction, pmRA*cosDE (pmra)'
#   meta: !!omap
#   - {ucd: POS_EQ_PMRA}
#   - {width: 9}
#   - {precision: '3'}
#   - values: {'null': .nan}
# - name: pmDE
#   unit: mas / yr
#   datatype: float64
#   format: '{:9.3f}'
#   description: '? Proper motion in declination direction (pmdec)'
#   meta: !!omap
#   - {ucd: POS_EQ_PMDEC}
#   - {width: 9}
#   - {precision: '3'}
#   - values: {'null': .nan}
# - name: e_pmRA
#   unit: mas / yr
#   datatype: float32
#   format: '{:6.3f}'
#   description: '? Standard error of proper motion in right ascension direction (pmra_error)'
#   meta: !!omap
#   - {ucd: ERROR}
#   - {width: 6}
#   - {precision: '3'}
#   - values: {'null': .nan}
# - name: e_pmDE
[...]
#         unit: &id001 !astropy.units.Unit {unit: deg}
#         value: !astropy.table.SerializedColumn {name: SkyCoord.dec}
#       distance: !astropy.table.SerializedColumn
#         __class__: astropy.coordinates.distances.Distance
#         unit: !astropy.units.Unit {unit: pc}
#         value: !astropy.table.SerializedColumn {name: SkyCoord.distance}
#       frame: icrs
#       obstime: !astropy.time.Time {format: jyear_str, in_subfmt: '*', jd1: 367701545.0, jd2: 0.0, out_subfmt: '*', precision: 3, scale: tt}
#       pm_dec: !astropy.table.SerializedColumn
#         __class__: astropy.units.quantity.Quantity
#         unit: !astropy.units.Unit {unit: mas / yr}
#         value: !astropy.table.SerializedColumn {name: SkyCoord.pm_dec}
#       pm_ra_cosdec: !astropy.table.SerializedColumn
#         __class__: astropy.units.quantity.Quantity
#         unit: !astropy.units.Unit {unit: mas / yr}
#         value: !astropy.table.SerializedColumn {name: SkyCoord.pm_ra_cosdec}
#       ra: !astropy.table.SerializedColumn
#         __class__: astropy.coordinates.angles.Longitude
#         unit: *id001
#         value: !astropy.table.SerializedColumn {name: SkyCoord.ra}
#         wrap_angle: !astropy.coordinates.Angle
#           unit: *id001
#           value: 360.0
#       representation_type: spherical
# schema: astropy-2.0
RA_ICRS_1 DE_ICRS_1 e_RA_ICRS e_DE_ICRS _r_1 HIP TYC2 Source rgeo Plx e_Plx pmRA pmDE e_pmRA e_pmDE RUWE Teff logg Gmag BP-RP BPmag RPmag RV e_RV b_rgeo B_rgeo FG e_FG FBP e_FBP FRP e_FRP RAVE5 RAVE6 e_Gmag e_BPmag e_RPmag e_BP-RP SkyCoord.ra SkyCoord.dec SkyCoord.distance SkyCoord.pm_ra_cosdec SkyCoord.pm_dec Pmemb
[from data line 80]
124.86569373073 -29.80200959063 0.0186 0.0239 7.57 "" "" 5644483030150672896 1357.4386 0.7075 0.0334 -4.945 4.28 0.026 0.034 0.939 5642.7 4.4923 15.550784 0.958627 15.935412 14.976786 "" "" 1289.25073 1424.13562 11340.52233 12.071 5771.0 33.88 8099.2 34.195 "" "" 0.002987869892968469 0.0069580013 0.0059411107 0.012899112 124.86569373073 -29.80200959063 1357.4386 -4.9449999999999985 4.280000000000001 1.0
124.75193626548 -29.78201370405 0.0183 0.0229 1.5475 "" "" 5644485504051927168 1281.25879 0.7435 0.0313 -4.849 4.287 0.025 0.028 0.977 5093.5 4.3205 15.570174 1.078728 16.016533 14.937805 "" "" 1234.84509 1330.99207 11139.79425 12.593 5355.5 27.636 8395.3 27.148 "" "" 0.0030163276398535747 0.0062590414 0.0051585436 0.0114175845 124.75193626548 -29.78201370405 1281.25879 -4.849 4.287 1.0
124.9269381395 -29.89067058352 0.0178 0.0232 12.7107 "" "" 5644469870370880512 1356.89319 0.7027 0.032 -4.898 4.272 0.024 0.031 0.995 4816.8 4.2397 15.709939 1.311579 16.29021 14.978632 "" "" 1289.68909 1414.19385 9794.2485 7.5359 4162.3 14.894 8085.5 19.618 "" "" 0.002879177448140939 0.0047832057 0.004606895 0.009390101 124.9269381395 -29.89067058352 1356.89319 -4.897999999999998 4.272 1.0
124.83968931715 -29.71739704732 0.018 0.0246 6.8499 "" "" 5644486912801077376 1233.81836 0.7706 0.0319 -4.916 4.221 0.025 0.034 0.975 4701.4 4.2338 15.730966 1.172092 16.233799 15.061708 "" "" 1186.75537 1290.78162 9606.39658 13.494 4384.3 22.972 7489.9 31.527 "" "" 0.0031492515865573336 0.0063362303 0.0059304335 0.012266664 124.83968931715 -29.71739704732 1233.81836 -4.916 4.221 0.9
124.73462128037 -29.79227157893 0.0185 0.0243 1.3107 "" "" 5644485469692211200 1273.49573 0.7464 0.0327 -4.93 4.246 0.025 0.03 1.047 5079.7 4.3574 15.739407 1.137565 16.224155 15.086591 "" "" 1223.06177 1324.84692 9532.00236 3.9981 4423.4 9.114 7320.2 9.5256 "" "" 0.002792701080341685 0.0035762375 0.00403483 0.007611067 124.73462128037 -29.79227157893 1273.49573 -4.93 4.245999999999999 1.0
124.65945130919 -29.7235300248 0.0188 0.0244 4.4737 "" "" 5644533092292137088 1260.51343 0.7544 0.0329 -4.896 4.232 0.027 0.032 0.972 5401.4 4.522 15.764011 1.120827 16.236027 15.1152 "" "" 1210.06433 1310.05298 9318.41974 13.035 4375.3 32.171 7129.8 37.482 "" "" 0.0031461822774642395 0.008456814 0.0068456447 0.015302459 124.65945130919 -29.7235300248 1260.51343 -4.896 4.232000000000001 1.0
124.82865174223 -29.86938229285 0.0184 0.0242 7.9607 "" "" 5644481106005401856 1342.8092 0.7091 0.0325 -4.977 4.338 0.024 0.032 0.998 "" "" 15.766658 1.152411 16.262867 15.110456 "" "" 1288.16919 1405.73804 9295.73595 10.035 4268.5 20.53 7161.0 23.602 "" "" 0.002994255315119682 0.005920682 0.0052047377 0.011125419 124.82865174223 -29.86938229285 1342.8092 -4.977 4.338000000000001 1.0
124.76333484742 -29.80010464117 0.0209 0.0264 2.6251 "" "" 5644484748137684224 1125.58923 0.8497 0.0356 -4.976 4.354 0.027 0.034 1.015 4774.3 4.4031 15.969629 1.170844 16.476202 15.305358 "" "" 1089.82764 1163.69434 7710.72483 11.673 3507.0 19.284 5984.3 30.633 "" "" 0.003208333326576883 0.006589978 0.0067210505 0.0133110285 124.76333484742 -29.80010464117 1125.58923 -4.975999999999999 4.353999999999999 0.9
124.60139115148 -29.69883995876 0.0199 0.028 7.7786 "" "" 5644534054364826624 1327.93115 0.7161 0.0353 -4.53 4.446 0.028 0.037 1.035 5100.9 4.3967 16.003588 1.005132 16.388317 15.383185 "" "" 1267.76624 1394.11389 7473.28855 3.8599 3802.7 12.723 5570.4 12.915 "" "" 0.0028118068854203894 0.0045805112 0.0045409747 0.009121486 124.60139115148 -29.69883995876 1327.93115 -4.530000000000001 4.446000000000001 1.0
124.68916900216 -29.7395441296 0.0215 0.032 2.6894 "" "" 5644532817414225024 1325.95557 0.7156 0.0389 -4.821 3.986 0.03 0.043 0.999 "" "" 16.108797 1.274828 16.664825 15.389997 "" "" 1264.23877 1388.828 6783.09741 7.1473 2947.7 13.381 5535.5 18.183 "" "" 0.002983387177451205 0.0056636403 0.0051964517 0.010860092 124.68916900216 -29.7395441296 1325.95557 -4.821 3.986000000000001 0.8
124.75185612366 -29.6850190809 0.0235 0.0325 5.429 "" "" 5644534874692196480 1313.98645 0.7346 0.0425 -4.849 4.708 0.034 0.04 0.996 4871.5 4.5637 16.288046 1.226983 16.823174 15.59619 "" "" 1249.28503 1373.13574 5750.80475 5.3061 2547.7 11.786 4578.1 13.366 "" "" 0.0029317821802024063 0.005745709 0.004932723 0.010678432 124.75185612366 -29.6850190809 1313.98645 -4.849 4.708 0.8
124.72893688622 -29.76523778985 0.0236 0.032 0.4853 "" "" 5644485778929844096 1264.49939 0.7572 0.0421 -5.028 4.219 0.032 0.039 0.91 4613.2 4.3363 16.334295 1.349978 16.940992 15.591015 "" "" 1201.19775 1333.86658 5510.97514 3.5637 2285.7 7.5904 4599.9 9.2365 "" "" 0.0028433658387275336 0.00455905 0.0043631084 0.008922158 124.72893688622 -29.76523778985 1264.49939 -5.028 4.219 1.0
124.61250584542 -29.70058008498 0.0264 0.0316 7.2463 "" "" 5644534020005084416 1315.18799 0.7353 0.0447 -4.924 4.3 0.036 0.04 1.053 "" "" 16.39643 1.189228 16.843328 15.6541 "" "" 1246.52954 1392.21106 5204.45677 6.1586 2500.8 45.445 4340.3 18.277 "" "" 0.003040142286292528 0.019926507 0.005931882 0.02585839 124.61250584542 -29.70058008498 1315.18799 -4.9239999999999995 4.300000000000001 1.0
124.72589127342 -29.82398218148 0.0254 0.0339 3.1015 "" "" 5644484576339041408 1419.10852 0.6796 0.0459 -4.928 4.252 0.032 0.04 0.985 "" "" 16.396503 1.337978 16.990057 15.652079 "" "" 1340.09106 1529.11633 5204.09355 5.097 2184.7 9.6797 4348.4 10.491 "" "" 0.0029534038731531963 0.005561151 0.0045984015 0.010159552 124.72589127342 -29.82398218148 1419.10852 -4.928 4.252 1.0
124.55729700127 -29.4091811716 0.0278 0.0334 23.4673 "" "" 5644647785095597056 1229.1781 0.781 0.0479 -4.84 4.319 0.036 0.042 1.0 5044.3 4.6547 16.469734 1.318494 17.046762 15.728269 "" "" 1160.17383 1304.7804 4864.66978 7.715 2073.5 15.323 4053.7 19.402 "" "" 0.0032491097970452102 0.008494803 0.0064256024 0.014920405 124.55729700127 -29.4091811716 1229.1781 -4.839999999999998 4.319 1.0
124.66345524309 -29.71439099631 0.0282 0.036 4.7072 "" "" 5644533092292134272 1299.7627 0.7501 0.0486 -4.895 4.376 0.04 0.047 1.042 5065.3 4.6772 16.569275 1.429215 17.20027 15.771055 "" "" 1224.7157 1400.57153 4438.50453 14.432 1800.2 25.51 3897.1 47.361 "" "" 0.004478275661481941 0.015636537 0.013725419 0.029361956 124.66345524309 -29.71439099631 1299.7627 -4.895 4.376 1.0
124.80747392132 -29.8569999017 0.0282 0.036 6.6725 "" "" 5644481346523583872 1321.00781 0.7338 0.0494 -4.947 4.382 0.038 0.048 0.977 5258.4 3.9325 16.599386 1.351183 17.207127 15.855944 "" "" 1263.00208 1408.75635 4317.09983 4.6869 1788.8 9.4856 3604.0 11.041 "" "" 0.0029968678171614057 0.0063978783 0.0050346116 0.011432489 124.80747392132 -29.8569999017 1321.00781 -4.947 4.382 0.9
124.83162642323 -29.80164083437 0.0352 0.0438 5.8541 "" "" 5644483064510440192 1114.78491 0.8816 0.0626 -4.93 4.142 0.048 0.06 1.171 4713.8 4.3048 16.663424 1.561805 17.380674 15.81887 "" "" 1043.66882 1183.39917 4069.83751 3.418 1524.6 12.514 3729.2 12.89 "" "" 0.0029022825658764646 0.009338357 0.005326127 0.014664484 124.83162642323 -29.80164083437 1114.78491 -4.93 4.142000000000002 1.0
124.71686926589 -29.66665731989 0.0297 0.04 6.3511 "" "" 5644534775919285888 1207.99731 0.8172 0.0523 -4.967 4.111 0.04 0.05 0.991 4818.7 4.6948 16.721972 1.386146 17.334608 15.948462 "" "" 1127.05103 1291.22083 3856.18878 4.2327 1590.6 12.956 3309.6 14.229 "" "" 0.0030020070914204464 0.009273413 0.0060060956 0.015279508 124.71686926589 -29.66665731989 1207.99731 -4.9670000000000005 4.111 0.9
124.68571728201 -29.63067779322 0.0304 0.0408 8.7336 "" "" 5644535802406652672 1326.93494 0.7244 0.0557 -5.028 4.273 0.042 0.049 0.995 4643.4 4.1932 16.8053 1.442432 17.460054 16.017622 "" "" 1248.35132 1413.92932 3571.30194 3.3783 1417.1 8.021 3105.3 11.167 "" "" 0.002940517331089221 0.0067491755 0.0054339925 0.012183168 124.68571728201 -29.63067779322 1326.93494 -5.0280000000000005 4.273 1.0
124.65003247046 -29.77930926686 0.032 0.0404 3.896 "" "" 5644532302018173312 1289.85596 0.7543 0.0526 -4.837 4.309 0.042 0.049 1.019 4328.8 4.3232 16.828613 1.71701 17.65136 15.93435 "" "" 1219.45044 1370.80286 3495.43475 2.3353 1188.2 8.6203 3352.9 8.9128 "" "" 0.0028492044543129607 0.008356502 0.0047553703 0.013111873 124.65003247046 -29.77930926686 1289.85596 -4.837 4.309 0.9
124.77447644539 -29.77542025325 0.0318 0.0411 2.6143 "" "" 5644486259966144640 1489.52112 0.6493 0.0571 -4.881 4.431 0.044 0.054 1.035 4568.4 4.3895 16.836065 1.422142 17.429047 16.006905 "" "" 1380.89722 1607.27246 3471.5299 5.638 1458.1 14.529 3136.1 21.761 "" "" 0.00327124570358921 0.011172648 0.00842862 0.019601267 124.77447644539 -29.77542025325 1489.52112 -4.881 4.431 0.9
124.43582098913 -29.74418630556 0.03 0.0407 15.1261 "" "" 5644531133786810624 1372.40186 0.7176 0.0515 -4.936 4.568 0.041 0.05 1.026 4789.4 4.319 16.892885 1.635984 17.61685 15.980866 "" "" 1293.89221 1452.47791 3294.5215 5.0461 1226.5 18.198 3212.3 23.564 "" "" 0.00321827627116603 0.016349284 0.008815702 0.025164986 124.43582098913 -29.74418630556 1372.40186 -4.936 4.567999999999998 0.8
124.82638087049 -29.95107312082 0.0332 0.0436 11.9667 "" "" 5644479525457495552 1490.32019 0.6508 0.057 -4.868 4.286 0.046 0.062 0.976 4626.1 4.3849 16.929981 1.435816 17.587849 16.152033 "" "" 1402.06311 1596.71362 3183.86367 7.1358 1259.7 11.909 2743.8 18.534 "" "" 0.003676030106900768 0.010636844 0.008250534 0.018887378 124.82638087049 -29.95107312082 1490.32019 -4.868 4.286 1.0
124.91142575397 -29.71808770104 0.0332 0.0466 10.2714 "" "" 5644580474366385408 1380.60901 0.7048 0.0606 -5.024 4.354 0.045 0.065 0.964 4760.6 4.6785 16.932236 1.491591 17.618193 16.126602 "" "" 1268.87537 1491.48901 3177.25698 4.4193 1225.0 8.0863 2808.8 11.222 "" "" 0.0031420373646760254 0.0076909745 0.0057533123 0.013444287 124.91142575397 -29.71808770104 1380.60901 -5.024000000000001 4.353999999999999 1.0
