Clusters/Berkeley_79/Berkeley_79_members.tsv
# %ECSV 1.0
# ---
# datatype:
# - name: RA_ICRS_1
#   unit: deg
#   datatype: float64
#   format: '{:15.11f}'
#   description: Right ascension (ICRS) at Ep=2016.0 (ra)
#   meta: !!omap
#   - {ucd: POS_EQ_RA_MAIN}
#   - {width: 15}
#   - {precision: '11'}
# - name: DE_ICRS_1
#   unit: deg
#   datatype: float64
#   format: '{:15.11f}'
#   description: Declination (ICRS) at Ep=2016.0 (dec)
#   meta: !!omap
#   - {ucd: POS_EQ_DEC_MAIN}
#   - {width: 15}
#   - {precision: '11'}
# - name: e_RA_ICRS
#   unit: mas
#   datatype: float64
#   format: '{:7.4f}'
#   description: Standard error of right ascension (ra_error)
#   meta: !!omap
#   - {ucd: ERROR}
#   - {width: 7}
#   - {precision: '4'}
# - name: e_DE_ICRS
#   unit: mas
#   datatype: float64
#   format: '{:7.4f}'
#   description: Standard error of declination (dec_error)
#   meta: !!omap
#   - {ucd: ERROR}
#   - {width: 7}
#   - {precision: '4'}
# - name: _r_1
#   unit: ''
#   datatype: float64
#   format: '{:7.4f}'
#   description: Distance from center (281.24180639000-01.15129409000)[ICRS], at Epoch=J2016.0
#   meta: !!omap
#   - {ucd: POS_ANG_DIST_GENERAL}
#   - {width: 7}
#   - {precision: '4'}
# - name: HIP
#   datatype: int32
#   description: '? HIP cross-id number, van Leeuwen, Cat. I/311 (hip_original_ext_source_id)'
#   meta: !!omap
#   - {ucd: ID_NUMBER}
#   - {width: 6}
#   - values: {'null': -2147483648}
# - name: TYC2
#   datatype: string
#   description: Tycho-2 cross-id name, Hog et al., Cat. I/259 (tyc2_original_ext_source_id)
#   meta: !!omap
#   - {ucd: ID_CROSSID}
#   - {_votable_string_dtype: char}
# - name: Source
#   datatype: int64
#   description: Source identifier, identical to the Gaia-EDR3 source_id (id)
#   meta: !!omap
#   - {ucd: ID_MAIN}
#   - {width: 19}
# - name: rgeo
#   unit: pc
#   datatype: float64
#   format: '{:15.8f}'
#   description: '? Median of the geometric distance posterior (r_med_geo)'
#   meta: !!omap
#   - {ucd: PHYS_DISTANCE_TRUE}
#   - {width: 15}
#   - {precision: '8'}
#   - values: {'null': .nan}
# - name: Plx
#   unit: mas
#   datatype: float64
#   format: '{:9.4f}'
#   description: '? Parallax (parallax)'
#   meta: !!omap
#   - {ucd: POS_PARLX_TRIG}
#   - {width: 9}
#   - {precision: '4'}
#   - values: {'null': .nan}
# - name: e_Plx
#   unit: mas
#   datatype: float32
#   format: '{:7.4f}'
#   description: '? Standard error of parallax (parallax_error)'
#   meta: !!omap
#   - {ucd: ERROR}
#   - {width: 7}
#   - {precision: '4'}
#   - values: {'null': .nan}
# - name: pmRA
#   unit: mas / yr
#   datatype: float64
#   format: '{:9.3f}'
#   description: '? Proper motion in right ascension direction, pmRA*cosDE (pmra)'
#   meta: !!omap
#   - {ucd: POS_EQ_PMRA}
#   - {width: 9}
#   - {precision: '3'}
#   - values: {'null': .nan}
# - name: pmDE
#   unit: mas / yr
#   datatype: float64
#   format: '{:9.3f}'
#   description: '? Proper motion in declination direction (pmdec)'
#   meta: !!omap
#   - {ucd: POS_EQ_PMDEC}
#   - {width: 9}
#   - {precision: '3'}
#   - values: {'null': .nan}
# - name: e_pmRA
#   unit: mas / yr
#   datatype: float32
#   format: '{:6.3f}'
#   description: '? Standard error of proper motion in right ascension direction (pmra_error)'
#   meta: !!omap
#   - {ucd: ERROR}
#   - {width: 6}
#   - {precision: '3'}
#   - values: {'null': .nan}
# - name: e_pmDE
[...]
#       distance: !astropy.table.SerializedColumn
#         __class__: astropy.coordinates.distances.Distance
#         unit: !astropy.units.Unit {unit: pc}
#         value: !astropy.table.SerializedColumn {name: SkyCoord.distance}
#       frame: icrs
#       obstime: !astropy.time.Time {format: jyear_str, in_subfmt: '*', jd1: 367701545.0, jd2: 0.0, out_subfmt: '*', precision: 3, scale: tt}
#       pm_dec: !astropy.table.SerializedColumn
#         __class__: astropy.units.quantity.Quantity
#         unit: !astropy.units.Unit {unit: mas / yr}
#         value: !astropy.table.SerializedColumn {name: SkyCoord.pm_dec}
#       pm_ra_cosdec: !astropy.table.SerializedColumn
#         __class__: astropy.units.quantity.Quantity
#         unit: !astropy.units.Unit {unit: mas / yr}
#         value: !astropy.table.SerializedColumn {name: SkyCoord.pm_ra_cosdec}
#       ra: !astropy.table.SerializedColumn
#         __class__: astropy.coordinates.angles.Longitude
#         unit: *id001
#         value: !astropy.table.SerializedColumn {name: SkyCoord.ra}
#         wrap_angle: !astropy.coordinates.Angle
#           unit: *id001
#           value: 360.0
#       representation_type: spherical
# schema: astropy-2.0
RA_ICRS_1 DE_ICRS_1 e_RA_ICRS e_DE_ICRS _r_1 HIP TYC2 Source rgeo Plx e_Plx pmRA pmDE e_pmRA e_pmDE RUWE Teff logg Gmag BP-RP BPmag RPmag RV e_RV b_rgeo B_rgeo FG e_FG FBP e_FBP FRP e_FRP RAVE5 RAVE6 e_Gmag e_BPmag e_RPmag e_BP-RP SkyCoord.ra SkyCoord.dec SkyCoord.distance SkyCoord.pm_ra_cosdec SkyCoord.pm_dec rmRA rmDE e_rmRA e_rmDE rRV e_rRV v_pec v_pec3d e_vpec e_vpec3d Pmemb
281.16964239651 -1.13935398994 0.0174 0.0173 4.3879 "" "" 4260172052274755840 2265.84277 0.3862 0.0234 -0.063 -1.514 0.02 0.017 1.043 "" "" 13.440823 3.116234 15.284523 12.168289 -16.21 0.94 2147.63037 2402.53516 79180.39734 68.449 10510.0 55.417 107610.0 187.63 "" "" 0.0029107957021716493 0.006368597 0.004227004 0.010595601 281.16964239651 -1.13935398994 2265.84277 -0.063 -1.514 0.008800000965595245 0.03742855644226073 0.09505686 0.092056856 "" "" 0.41294747398149273 "" 0.03808054093170006 "" 1.0
281.26106730759 -1.19892799615 0.0157 0.0134 3.0827 "" "" 4260076837121100416 2260.68286 0.4009 0.0179 -0.183 -1.538 0.019 0.015 1.014 "" "" 13.462614 1.333934 14.046459 12.712525 "" "" 2165.79736 2356.38062 77607.009 50.903 32873.0 78.98 65185.0 104.02 "" "" 0.002845862951160065 0.0038196428 0.004157591 0.007977234 281.26106730759 -1.19892799615 2260.68286 -0.18299999999999986 -1.538000000000001 -0.11119999903440475 0.013428556442260708 0.09405686 0.09005686 "" "" 1.2002357909147152 "" 0.11282285020212743 "" 1.0
281.11375908215 -1.07167849899 0.0146 0.0148 9.0456 "" "" 4260270011868857216 1850.91882 0.5049 0.0188 0.005 -1.589 0.019 0.015 0.853 11049.7 3.7057 13.491146 1.239817 14.024338 12.784521 "" "" 1787.50208 1917.91089 75594.18764 53.763 33549.0 106.67 61003.0 125.41 "" "" 0.0028614775315158325 0.0044387206 0.0043892832 0.008828004 281.11375908215 -1.07167849899 1850.91882 0.004999999999999998 -1.5890000000000015 0.07680000096559525 -0.037571443557739226 0.09405686 0.09005686 "" "" 0.7501015280004893 "" 0.0699828053339332 "" 0.8
281.11708561484 -1.08347952237 0.0167 0.0182 8.5167 "" "" 4260175419529155456 2442.14575 0.3671 0.0232 0.034 -1.413 0.02 0.017 1.093 9083.2 2.7424 13.723598 1.503272 14.404696 12.901423 "" "" 2316.89551 2570.39746 61024.96349 18.407 23634.0 32.439 54776.0 49.755 "" "" 0.0027747143936314536 0.003163202 0.0039059368 0.007069139 281.11708561484 -1.08347952237 2442.14575 0.033999999999999975 -1.413 0.10580000096559525 0.1384285564422607 0.09505686 0.092056856 "" "" 2.0168469727428047 "" 0.18791837234650857 "" 0.9
281.24546771528 -1.14422212651 0.0189 0.0168 0.4778 "" "" 4260264922324453632 2333.66553 0.3879 0.0216 -0.161 -1.47 0.023 0.02 1.104 "" "" 13.925338 1.332976 14.50801 13.175034 "" "" 2220.93652 2472.55566 50677.09964 16.46 21489.0 36.981 42574.0 42.389 "" "" 0.002777795986948527 0.0033580111 0.003930945 0.007288956 281.24546771528 -1.14422212651 2333.66553 -0.16099999999999984 -1.47 -0.08919999903440476 0.08142855644226077 0.09805686 0.09505686 "" "" 1.3359913941759218 "" 0.12919671888894363 "" 0.9
281.22715346505 -1.14513845409 0.0173 0.0158 0.9534 "" "" 4260264892267819776 2084.41992 0.4373 0.0202 -0.028 -1.59 0.021 0.018 0.899 "" "" 13.969101 1.308248 14.539656 13.231407 "" "" 2014.05469 2161.20679 48675.04027 14.276 20872.0 28.842 40420.0 67.672 "" "" 0.002773660396370422 0.0031679687 0.0041938033 0.007361772 281.22715346505 -1.14513845409 2084.41992 -0.028000000000000008 -1.5900000000000014 0.04380000096559525 -0.03857144355773934 0.096056856 0.09305686 "" "" 0.5766315432247897 "" 0.05464056822907009 "" 1.0
281.22737626968 -1.17650051131 0.0186 0.0163 1.7426 "" "" 4260170746604660224 2402.75684 0.3834 0.0214 -0.069 -1.513 0.021 0.018 0.978 "" "" 13.993089 1.330562 14.577896 13.247334 "" "" 2283.96191 2528.13867 47611.41758 25.264 20149.0 56.353 39831.0 64.632 "" "" 0.0028149080365312672 0.004123833 0.0041698418 0.008293675 281.22737626968 -1.17650051131 2402.75684 -0.06900000000000002 -1.5129999999999995 0.0028000009655952396 0.03842855644226084 0.096056856 0.09305686 "" "" 0.4388256531793099 "" 0.04084279995727822 "" 0.9
281.25680034791 -1.14982044556 0.0188 0.017 0.9038 "" "" 4260264926627940992 2472.67041 0.3721 0.0221 -0.095 -1.569 0.023 0.019 0.963 "" "" 14.126572 1.284993 14.682996 13.398003 "" "" 2330.26709 2628.46289 42103.49824 13.918 18290.0 24.173 34670.0 42.802 "" "" 0.002778597531708784 0.0031375422 0.0040100375 0.0071475795 281.25680034791 -1.14982044556 2472.67041 -0.095 -1.569 -0.023199999034404756 -0.017571443557739208 0.09805686 0.09405686 "" "" 0.3411026916231133 "" 0.032956632887571474 "" 0.9
281.29032884495 -1.06384768542 0.0178 0.0167 6.0001 "" "" 4260267881565468800 2435.17456 0.373 0.0209 -0.133 -1.607 0.023 0.019 1.035 "" "" 14.179292 1.67512 14.962981 13.287861 "" "" 2326.27661 2547.35547 40107.89802 25.449 14133.0 29.107 38372.0 52.772 "" "" 0.002840139458452685 0.0035756263 0.0040636593 0.0076392856 281.29032884495 -1.06384768542 2435.17456 -0.13299999999999998 -1.6069999999999987 -0.06119999903440476 -0.05557144355773924 0.09805686 0.09405686 "" "" 0.9541881487904497 "" 0.09185950598081181 "" 0.9
281.27338257019 -1.13396390855 0.0189 0.0172 2.1608 "" "" 4260265334641316480 2336.46826 0.3889 0.0214 -0.13 -1.565 0.024 0.02 0.971 "" "" 14.24739 1.330383 14.824612 13.494228 "" "" 2228.50586 2467.69653 37669.57803 14.2 16054.0 31.917 31730.0 29.232 "" "" 0.002785552111188388 0.0035276632 0.0039095073 0.0074371705 281.27338257019 -1.13396390855 2336.46826 -0.13 -1.565 -0.05819999903440476 -0.013571443557739205 0.099056855 0.09505686 "" "" 0.6618490225062634 "" 0.0654267721473665 "" 0.9
281.24766803567 -1.14923658617 0.0216 0.0188 0.3727 "" "" 4260264926627942272 2158.6897 0.4248 0.024 -0.051 -1.583 0.025 0.022 1.007 10073.7 3.6976 14.295835 1.321592 14.874572 13.552979 "" "" 2039.53101 2282.7959 36025.73571 12.764 15332.0 24.143 30058.0 26.969 "" "" 0.0027820437050086206 0.0032723201 0.0039029103 0.0071752304 281.24766803567 -1.14923658617 2158.6897 -0.05099999999999998 -1.5830000000000013 0.02080000096559525 -0.03157144355773922 0.10005686 0.09705686 "" "" 0.38685200819160337 "" 0.037901660070047756 "" 0.9
281.22932602849 -1.16168843669 0.0214 0.019 0.9744 "" "" 4260264789188602240 2315.18848 0.4015 0.0242 -0.186 -1.535 0.025 0.022 1.044 10195.1 3.5394 14.368603 1.281489 14.925264 13.643775 "" "" 2191.20557 2471.59717 33690.35447 18.716 14632.0 31.861 27647.0 41.097 "" "" 0.002820565554829161 0.0036571003 0.0041095642 0.0077666645 281.22932602849 -1.16168843669 2315.18848 -0.186 -1.535 -0.11419999903440475 0.016428556442260822 0.10005686 0.09705686 "" "" 1.2661314609550758 "" 0.126609252060159 "" 0.8
281.23131755408 -1.16411694483 0.0296 0.0268 0.9939 "" "" 4260264789188601856 2059.67285 0.4514 0.0353 0.065 -1.682 0.034 0.029 1.344 "" "" 14.404799 1.320465 14.977509 13.657043 "" "" 1915.05396 2207.17627 32585.72982 23.708 13945.0 32.895 27311.0 53.384 "" "" 0.0028663195735708948 0.003787421 0.0043344777 0.008121898 281.23131755408 -1.16411694483 2059.67285 0.065 -1.6819999999999986 0.13680000096559525 -0.1305714435577392 0.10905686 0.10405686 "" "" 1.8462666306651352 "" 0.197001266875442 "" 0.8
281.22916309395 -1.14671790542 0.0217 0.0195 0.8066 "" "" 4260264887964715648 2085.07129 0.4408 0.0252 -0.105 -1.651 0.026 0.021 1.087 7277.6 3.7601 14.473099 1.322418 14.901368 13.57895 "" "" 2000.55725 2183.05908 30598.99239 27.006 14958.0 186.59 29348.0 364.99 "" "" 0.0029171950020300177 0.013828173 0.014021833 0.027850006 281.22916309395 -1.14671790542 2085.07129 -0.10499999999999995 -1.6510000000000014 -0.03319999903440475 -0.09957144355773928 0.10105686 0.096056856 "" "" 1.037349863746375 "" 0.10017560079966314 "" 0.9
281.09307225277 -1.14385355668 0.0214 0.0205 8.9334 "" "" 4260174594895421440 2284.09277 0.3931 0.0259 -0.207 -1.582 0.026 0.022 0.998 9967.4 3.6788 14.585914 1.37108 15.192849 13.821769 "" "" 2187.65381 2408.67285 27579.18723 8.306 11436.0 24.3 23467.0 26.743 "" "" 0.002774655295782797 0.0036204301 0.0039767637 0.007597194 281.09307225277 -1.14385355668 2284.09277 -0.20700000000000007 -1.5819999999999996 -0.13519999903440474 -0.03057144355773933 0.10105686 0.09705686 "" "" 1.5007109492096762 "" 0.1513706454634679 "" 0.8
281.26236607077 -1.15871977751 0.023 0.0207 1.3113 "" "" 4260264720469509504 2518.64429 0.3625 0.0269 -0.181 -1.487 0.027 0.023 0.92 "" "" 14.597915 1.37278 15.197167 13.824388 "" "" 2336.57495 2654.29663 27276.00874 10.913 11391.0 38.812 23410.0 29.82 "" "" 0.0027893531264731072 0.0046336195 0.004024486 0.0086581055 281.26236607077 -1.15871977751 2518.64429 -0.18099999999999997 -1.4870000000000003 -0.10919999903440475 0.06442855644226064 0.10205686 0.09805686 "" "" 1.5136652341450367 "" 0.1529394536839255 "" 0.9
281.23423431106 -1.14471544387 0.0234 0.0221 0.6018 "" "" 4260264892267819008 2620.51953 0.3394 0.0291 -0.041 -1.484 0.027 0.022 1.022 "" "" 14.648925 1.330387 15.232405 13.902018 "" "" 2428.49487 2870.50317 26024.16956 8.755 11027.0 29.252 21795.0 28.629 "" "" 0.002779425330100318 0.0040100617 0.0040395185 0.00804958 281.23423431106 -1.14471544387 2620.51953 -0.041 -1.484 0.030800000965595244 0.06742855644226076 0.10205686 0.09705686 "" "" 0.9207876401337995 "" 0.09018031652148781 "" 0.9
281.27025792939 -1.16390384568 0.0238 0.024 1.8669 "" "" 4260264651750030976 2177.95166 0.4248 0.0316 -0.029 -1.579 0.029 0.025 0.921 "" "" 14.702434 1.392047 15.317511 13.925464 "" "" 2023.07825 2327.91138 24772.70717 11.103 10196.0 14.464 21329.0 21.469 "" "" 0.0027979617095062895 0.0031870564 0.0039342185 0.007121275 281.27025792939 -1.16390384568 2177.95166 -0.029 -1.579 0.04280000096559525 -0.027571443557739217 0.10405686 0.10005686 "" "" 0.5255888410195292 "" 0.05408301789860605 "" 0.8
281.21903741326 -1.04328628662 0.0216 0.0205 6.6228 "" "" 4260269668271885824 2125.72559 0.4311 0.0258 -0.044 -1.558 0.028 0.024 0.897 "" "" 14.716286 1.455135 15.360746 13.905611 "" "" 2015.55933 2272.64087 24458.64845 10.036 9797.6 16.101 21723.0 69.512 "" "" 0.002791104447195071 0.003311891 0.0051336456 0.008445537 281.21903741326 -1.04328628662 2125.72559 -0.04400000000000004 -1.5580000000000007 0.027800000965595248 -0.006571443557739309 0.10305686 0.099056855 "" "" 0.2878306166756783 "" 0.029603114597228374 "" 1.0
281.24887096379 -1.16518359274 0.0254 0.0221 0.9349 "" "" 4260264617389908096 2211.01587 0.41 0.0279 -0.13 -1.474 0.031 0.024 0.975 9358.1 3.63 14.745829 1.375065 15.354005 13.97894 "" "" 2088.41187 2369.66187 23802.11069 9.4276 9858.6 17.261 20304.0 34.709 "" "" 0.0027886779562051466 0.0033762006 0.004210531 0.0075867316 281.24887096379 -1.16518359274 2211.01587 -0.13000000000000003 -1.4739999999999986 -0.05819999903440476 0.07742855644226077 0.106056854 0.099056855 "" "" 1.0151440307581543 "" 0.10317884785632629 "" 1.0
281.20382349092 -1.0589486977 0.0232 0.0222 5.9909 "" "" 4260269565192672512 2544.25317 0.3616 0.0276 -0.231 -1.628 0.029 0.025 0.984 "" "" 14.809476 1.204804 15.323098 14.118294 "" "" 2367.29639 2712.94702 22446.89936 8.3636 10143.0 24.237 17858.0 17.496 "" "" 0.002784859386402683 0.0038099808 0.003926225 0.007736206 281.20382349092 -1.0589486977 2544.25317 -0.23099999999999998 -1.6280000000000001 -0.15919999903440477 -0.07657144355773915 0.10405686 0.10005686 "" "" 2.130445464609451 "" 0.22011159715626605 "" 0.8
281.28769048498 -1.18831280149 0.0256 0.0242 3.5369 "" "" 4260076905840587648 2368.00684 0.3905 0.032 -0.059 -1.583 0.03 0.025 1.003 9714.8 3.6527 14.850636 1.397915 15.47302 14.075105 "" "" 2239.40601 2503.12085 21611.87476 22.687 8835.0 32.536 18583.0 53.485 "" "" 0.002981747065573975 0.004875647 0.0049039703 0.009779617 281.28769048498 -1.18831280149 2368.00684 -0.05900000000000001 -1.583 0.012800000965595248 -0.03157144355773922 0.10505686 0.10005686 "" "" 0.3823858759939367 "" 0.0385359846803432 "" 1.0
281.24961916184 -1.15524593586 0.028 0.0248 0.5252 "" "" 4260264926627941376 2243.36548 0.4097 0.0321 -0.032 -1.391 0.033 0.027 1.023 9182.1 3.7045 14.958119 1.397246 15.575541 14.178295 "" "" 2100.07178 2385.67944 19574.87362 8.3885 8039.0 14.547 16898.0 18.562 "" "" 0.0027943282176897725 0.0034124895 0.003963098 0.0073755877 281.24961916184 -1.15524593586 2243.36548 -0.032 -1.391 0.039800000965595245 0.16042855644226073 0.10805686 0.10205686 "" "" 1.7576384544677817 "" 0.1800073627905721 "" 0.8
281.23598418663 -1.12042615982 0.0249 0.0234 1.8847 "" "" 4260265781317970432 2335.88989 0.4004 0.0294 -0.06 -1.553 0.03 0.026 1.004 9488.9 3.5708 15.02786 1.367007 15.629353 14.262345 "" "" 2184.3374 2523.76367 18357.05688 6.9809 7650.3 17.898 15639.0 18.853 "" "" 0.0027860843870702273 0.0037732138 0.0039996076 0.0077728215 281.23598418663 -1.12042615982 2335.88989 -0.06000000000000002 -1.5529999999999997 0.011800000965595248 -0.0015714435577391939 0.10505686 0.10105686 "" "" 0.1318044662060675 "" 0.01383794793998518 "" 0.8
281.24344571939 -1.17456120805 0.0275 0.0251 1.3995 "" "" 4260264583030169472 2177.30835 0.4212 0.0323 -0.009 -1.516 0.033 0.028 1.038 "" "" 15.070482 1.420937 15.696374 14.275436 "" "" 2041.06165 2338.77148 17650.37503 8.5328 7192.3 16.296 15452.0 33.369 "" "" 0.0028048691248908943 0.0037197736 0.0044476097 0.008167383 281.24344571939 -1.17456120805 2177.30835 -0.008999999999999996 -1.5160000000000013 0.06280000096559525 0.03542855644226073 0.10805686 0.10305686 "" "" 0.7441476900467807 "" 0.07952791855101303 "" 1.0
281.21263285219 -1.2113112274 0.03 0.0275 4.0038 "" "" 4260170540446221184 2398.11865 0.3763 0.0357 -0.102 -1.628 0.035 0.029 1.054 9227.3 3.6165 15.121434 1.491467 15.795536 14.304069 "" "" 2183.6106 2666.14526 16841.19559 6.1286 6564.5 14.706 15050.0 17.887 "" "" 0.0027835045295155386 0.0037015043 0.0039936034 0.0076951077 281.21263285219 -1.2113112274 2398.11865 -0.102 -1.628 -0.030199999034404748 -0.07657144355773915 0.11005686 0.10405686 "" "" 0.9356445637319085 "" 0.09813464595996231 "" 0.9
281.18815847345 -1.05792048455 0.0301 0.0284 6.461 "" "" 4260269732687978880 2268.47852 0.4065 0.0345 -0.131 -1.435 0.04 0.033 1.104 9988.7 3.9986 15.151709 1.35159 15.723631 14.372041 "" "" 2129.25513 2446.7168 16378.09744 12.036 7014.0 21.094 14137.0 25.617 "" "" 0.0028685219028515307 0.004294992 0.004260802 0.008555794 281.18815847345 -1.05792048455 2268.47852 -0.131 -1.4350000000000005 -0.05919999903440476 0.11642855644226069 0.11505686 0.10805686 "" "" 1.4044480880347325 "" 0.1538311168007524 "" 0.9
281.26949089778 -1.12702060718 0.0277 0.026 2.2089 "" "" 4260265338940383232 2047.18384 0.4614 0.033 -0.059 -1.518 0.035 0.03 0.92 9197.7 4.0513 15.216881 1.480751 15.650501 14.16975 "" "" 1923.12244 2188.39648 15423.90264 21.961 7502.7 216.02 17032.0 545.12 "" "" 0.0031593677555385763 0.031385113 0.034954596 0.06633971 281.26949089778 -1.12702060718 2047.18384 -0.05900000000000008 -1.518 0.012800000965595248 0.033428556442260726 0.11005686 0.10505686 "" "" 0.3473457783232998 "" 0.03671771181865596 "" 0.8
281.26198118832 -1.09969352523 0.0277 0.0261 3.3242 "" "" 4260266193634857984 2278.95581 0.4075 0.0328 0.03 -1.646 0.035 0.03 1.046 9211.4 3.6632 15.277204 1.464698 15.935313 14.470615 "" "" 2156.6582 2400.896 14590.32718 6.7958 5771.5 22.523 12910.0 15.502 "" "" 0.0028013443290474233 0.0050732135 0.0039979275 0.0090711415 281.26198118832 -1.09969352523 2278.95581 0.03 -1.645999999999999 0.10180000096559524 -0.09457144355773917 0.11005686 0.10505686 "" "" 1.500968655602005 "" 0.16175865552483853 "" 0.8
281.19141852287 -1.10140738606 0.0297 0.0296 4.2539 "" "" 4260266090555640064 2181.84741 0.4309 0.0389 -0.039 -1.618 0.036 0.03 0.908 9371.7 3.8164 15.320631 1.395668 15.94078 14.545112 "" "" 2034.53711 2451.50293 14018.27283 5.6847 5742.6 17.651 12054.0 13.042 "" "" 0.0027902765756601033 0.0043499535 0.003957741 0.008307694 281.19141852287 -1.10140738606 2181.84741 -0.039 -1.6180000000000014 0.032800000965595245 -0.06657144355773936 0.11105686 0.10505686 "" "" 0.7675095707684889 "" 0.08155212394189428 "" 1.0
281.30559561898 -1.1126613518 0.0301 0.0291 4.4739 "" "" 4260265270225340288 1997.7876 0.465 0.0374 -0.047 -1.572 0.039 0.033 0.92 9296.1 3.5421 15.362787 1.612021 16.104202 14.492181 "" "" 1881.32178 2169.87988 13484.40899 7.6893 4940.1 23.637 12656.0 29.129 "" "" 0.0028240231314218918 0.00589682 0.0045308233 0.010427644 281.30559561898 -1.1126613518 1997.7876 -0.04700000000000003 -1.5720000000000014 0.024800000965595245 -0.020571443557739322 0.114056855 0.10805686 "" "" 0.3051218139144856 "" 0.034066901797864604 "" 0.9
