Clusters/Berkeley_79/Berkeley_79_stars_in_region.tsv
# %ECSV 1.0
# ---
# datatype:
# - name: RA_ICRS_1
#   unit: deg
#   datatype: float64
#   format: '{:15.11f}'
#   description: Right ascension (ICRS) at Ep=2016.0 (ra)
#   meta: !!omap
#   - {ucd: POS_EQ_RA_MAIN}
#   - {width: 15}
#   - {precision: '11'}
# - name: DE_ICRS_1
#   unit: deg
#   datatype: float64
#   format: '{:15.11f}'
#   description: Declination (ICRS) at Ep=2016.0 (dec)
#   meta: !!omap
#   - {ucd: POS_EQ_DEC_MAIN}
#   - {width: 15}
#   - {precision: '11'}
# - name: e_RA_ICRS
#   unit: mas
#   datatype: float64
#   format: '{:7.4f}'
#   description: Standard error of right ascension (ra_error)
#   meta: !!omap
#   - {ucd: ERROR}
#   - {width: 7}
#   - {precision: '4'}
# - name: e_DE_ICRS
#   unit: mas
#   datatype: float64
#   format: '{:7.4f}'
#   description: Standard error of declination (dec_error)
#   meta: !!omap
#   - {ucd: ERROR}
#   - {width: 7}
#   - {precision: '4'}
# - name: _r_1
#   unit: ''
#   datatype: float64
#   format: '{:7.4f}'
#   description: Distance from center (281.24180639000-01.15129409000)[ICRS], at Epoch=J2016.0
#   meta: !!omap
#   - {ucd: POS_ANG_DIST_GENERAL}
#   - {width: 7}
#   - {precision: '4'}
# - name: HIP
#   datatype: int32
#   description: '? HIP cross-id number, van Leeuwen, Cat. I/311 (hip_original_ext_source_id)'
#   meta: !!omap
#   - {ucd: ID_NUMBER}
#   - {width: 6}
#   - values: {'null': -2147483648}
# - name: TYC2
#   datatype: string
#   description: Tycho-2 cross-id name, Hog et al., Cat. I/259 (tyc2_original_ext_source_id)
#   meta: !!omap
#   - {ucd: ID_CROSSID}
#   - {_votable_string_dtype: char}
# - name: Source
#   datatype: int64
#   description: Source identifier, identical to the Gaia-EDR3 source_id (id)
#   meta: !!omap
#   - {ucd: ID_MAIN}
#   - {width: 19}
# - name: rgeo
#   unit: pc
#   datatype: float64
#   format: '{:15.8f}'
#   description: '? Median of the geometric distance posterior (r_med_geo)'
#   meta: !!omap
#   - {ucd: PHYS_DISTANCE_TRUE}
#   - {width: 15}
#   - {precision: '8'}
#   - values: {'null': .nan}
# - name: Plx
#   unit: mas
#   datatype: float64
#   format: '{:9.4f}'
#   description: '? Parallax (parallax)'
#   meta: !!omap
#   - {ucd: POS_PARLX_TRIG}
#   - {width: 9}
#   - {precision: '4'}
#   - values: {'null': .nan}
# - name: e_Plx
#   unit: mas
#   datatype: float32
#   format: '{:7.4f}'
#   description: '? Standard error of parallax (parallax_error)'
#   meta: !!omap
#   - {ucd: ERROR}
#   - {width: 7}
#   - {precision: '4'}
#   - values: {'null': .nan}
# - name: pmRA
#   unit: mas / yr
#   datatype: float64
#   format: '{:9.3f}'
#   description: '? Proper motion in right ascension direction, pmRA*cosDE (pmra)'
#   meta: !!omap
#   - {ucd: POS_EQ_PMRA}
#   - {width: 9}
#   - {precision: '3'}
#   - values: {'null': .nan}
# - name: pmDE
#   unit: mas / yr
#   datatype: float64
#   format: '{:9.3f}'
#   description: '? Proper motion in declination direction (pmdec)'
#   meta: !!omap
#   - {ucd: POS_EQ_PMDEC}
#   - {width: 9}
#   - {precision: '3'}
#   - values: {'null': .nan}
# - name: e_pmRA
#   unit: mas / yr
#   datatype: float32
#   format: '{:6.3f}'
#   description: '? Standard error of proper motion in right ascension direction (pmra_error)'
#   meta: !!omap
#   - {ucd: ERROR}
#   - {width: 6}
#   - {precision: '3'}
#   - values: {'null': .nan}
# - name: e_pmDE
[...]
#         value: !astropy.table.SerializedColumn {name: SkyCoord.dec}
#       distance: !astropy.table.SerializedColumn
#         __class__: astropy.coordinates.distances.Distance
#         unit: !astropy.units.Unit {unit: pc}
#         value: !astropy.table.SerializedColumn {name: SkyCoord.distance}
#       frame: icrs
#       obstime: !astropy.time.Time {format: jyear_str, in_subfmt: '*', jd1: 367701545.0, jd2: 0.0, out_subfmt: '*', precision: 3, scale: tt}
#       pm_dec: !astropy.table.SerializedColumn
#         __class__: astropy.units.quantity.Quantity
#         unit: !astropy.units.Unit {unit: mas / yr}
#         value: !astropy.table.SerializedColumn {name: SkyCoord.pm_dec}
#       pm_ra_cosdec: !astropy.table.SerializedColumn
#         __class__: astropy.units.quantity.Quantity
#         unit: !astropy.units.Unit {unit: mas / yr}
#         value: !astropy.table.SerializedColumn {name: SkyCoord.pm_ra_cosdec}
#       ra: !astropy.table.SerializedColumn
#         __class__: astropy.coordinates.angles.Longitude
#         unit: *id001
#         value: !astropy.table.SerializedColumn {name: SkyCoord.ra}
#         wrap_angle: !astropy.coordinates.Angle
#           unit: *id001
#           value: 360.0
#       representation_type: spherical
# schema: astropy-2.0
RA_ICRS_1 DE_ICRS_1 e_RA_ICRS e_DE_ICRS _r_1 HIP TYC2 Source rgeo Plx e_Plx pmRA pmDE e_pmRA e_pmDE RUWE Teff logg Gmag BP-RP BPmag RPmag RV e_RV b_rgeo B_rgeo FG e_FG FBP e_FBP FRP e_FRP RAVE5 RAVE6 e_Gmag e_BPmag e_RPmag e_BP-RP SkyCoord.ra SkyCoord.dec SkyCoord.distance SkyCoord.pm_ra_cosdec SkyCoord.pm_dec rmRA rmDE e_rmRA e_rmDE rRV e_rRV v_pec v_pec3d e_vpec e_vpec3d
[from data line 61]
281.21940684697 -1.04842592848 0.0167 0.0166 6.3167 "" "" 4260269668271884288 1894.14209 0.4835 0.0207 -2.127 -3.374 0.022 0.018 0.992 4893.6 2.6416 13.965183 2.357835 15.227074 12.869239 9.15 2.0 1831.03638 1975.79175 48851.00683 15.931 11081.0 15.425 56424.0 32.038 "" "" 0.0027779772606624574 0.0031732137 0.0038293323 0.007002546 281.21940684697 -1.04842592848 1894.14209 -2.127 -3.374 -2.0551999990344045 -1.8225714435577394 0.09705686 0.09305686 25.36 2.94 24.662561444064394 35.374730203667305 2.3507525795442663 2.669883353227294
281.22715346505 -1.14513845409 0.0173 0.0158 0.9534 "" "" 4260264892267819776 2084.41992 0.4373 0.0202 -0.028 -1.59 0.021 0.018 0.899 "" "" 13.969101 1.308248 14.539656 13.231407 "" "" 2014.05469 2161.20679 48675.04027 14.276 20872.0 28.842 40420.0 67.672 "" "" 0.002773660396370422 0.0031679687 0.0041938033 0.007361772 281.22715346505 -1.14513845409 2084.41992 -0.028000000000000008 -1.590000000000001 0.04380000096559525 -0.03857144355773934 0.096056856 0.09305686 "" "" 0.5766315432247897 "" 0.05464056822907009 ""
280.95600749009 -1.12584158893 0.016 0.0149 17.2124 "" "" 4260186105407138176 1757.63293 0.5255 0.0185 0.47 -0.666 0.018 0.017 1.052 4673.7 2.5472 13.971532 2.385066 15.252428 12.867362 -38.45 3.05 1700.76611 1810.18408 48566.19683 21.096 10825.0 23.48 56521.0 41.026 "" "" 0.0027953913657182963 0.0036511866 0.0038606743 0.0075118607 280.95600749009 -1.12584158893 1757.63293 0.47 -0.6659999999999999 0.5418000009655952 0.8854285564422607 0.09305686 0.092056856 -22.240000000000002 3.99 8.648113941599886 23.86226047018376 0.7984834329046111 3.729985086218602
281.1748083759 -0.953707173 0.0165 0.0169 12.518 "" "" 4260284339880194560 2365.30054 0.3742 0.0208 -0.298 -0.753 0.021 0.02 1.002 "" "" 13.972381 2.566526 15.387726 12.821199 -17.26 1.52 2241.69458 2491.12207 48528.24348 23.629 9557.1 14.847 58976.0 29.54 "" "" 0.002805578197279111 0.0032603669 0.0038183075 0.0070786746 281.1748083759 -0.953707173 2365.30054 -0.2980000000000002 -0.7530000000000004 -0.22619999903440474 0.7984285564422607 0.096056856 0.09505686 -1.0500000000000007 2.46 9.303907817615823 9.362969650633971 0.8850949099229416 0.9217631590967741
281.026701875 -1.35513146938 0.0166 0.0176 17.7784 "" "" 4260161813071730560 1882.61328 0.4985 0.0217 0.661 -2.729 0.022 0.021 1.118 11714.8 3.6605 13.974255 1.227104 14.496082 13.268978 "" "" 1816.43274 1939.83801 48444.54461 16.719 21726.0 27.783 39045.0 35.179 "" "" 0.00278068217865003 0.0031165339 0.0039039298 0.0070204637 281.026701875 -1.35513146938 1882.61328 0.661 -2.729 0.7328000009655953 -1.1775714435577394 0.09705686 0.096056856 "" "" 12.376697735290433 "" 1.1923345841171418 ""
281.09368908478 -1.28064960565 0.0169 0.016 11.7975 "" "" 4260168581940211968 1808.00269 0.5069 0.0201 0.539 -8.623 0.021 0.018 1.109 "" "" 13.974686 2.40218 15.265578 12.863399 -22.92 2.28 1744.58008 1884.70117 48425.30518 17.687 10695.0 9.6577 56728.0 41.889 "" "" 0.002783711049213495 0.0029574134 0.003863482 0.0068208957 281.09368908478 -1.28064960565 1808.00269 0.5390000000000005 -8.623 0.6108000009655953 -7.071571443557739 0.096056856 0.09305686 -6.710000000000001 3.22 60.8285346730966 61.197505917121454 5.661885250389237 5.63881232042531
281.10606256854 -1.05089690839 0.0179 0.0201 10.129 "" "" 4260270321106507904 2304.46533 0.3852 0.025 2.291 -2.118 0.021 0.019 0.993 4527.2 1.8502 13.990761 2.723216 15.528732 12.805516 -21.1 2.33 2192.61011 2442.38843 47713.61839 23.131 8393.1 35.37 59835.0 34.504 "" "" 0.002805144552832516 0.005359113 0.00383089 0.009190003 281.10606256854 -1.05089690839 2304.46533 2.291 -2.118 2.362800000965595 -0.5665714435577391 0.096056856 0.09405686 -4.890000000000001 3.27 26.540880918886238 26.987598261988776 2.5465758674253576 2.573557507667001
281.22737626968 -1.17650051131 0.0186 0.0163 1.7426 "" "" 4260170746604660224 2402.75684 0.3834 0.0214 -0.069 -1.513 0.021 0.018 0.978 "" "" 13.993089 1.330562 14.577896 13.247334 "" "" 2283.96191 2528.13867 47611.41758 25.264 20149.0 56.353 39831.0 64.632 "" "" 0.0028149080365312672 0.004123833 0.0041698418 0.008293675 281.22737626968 -1.17650051131 2402.75684 -0.06900000000000002 -1.5129999999999995 0.0028000009655952396 0.03842855644226084 0.096056856 0.09305686 "" "" 0.4388256531793099 "" 0.04084279995727822 ""
281.4417105655 -1.28171530584 0.0171 0.0177 14.3189 "" "" 4260071824900976128 2120.36108 0.4332 0.0209 -0.757 -1.845 0.02 0.019 1.098 "" "" 13.999326 1.715174 14.810389 13.095216 "" "" 2043.48572 2200.77417 47338.70907 20.542 16265.0 32.846 45822.0 24.998 "" "" 0.0027953108871766347 0.0035485765 0.0038255155 0.007374092 281.4417105655 -1.28171530584 2120.36108 -0.757 -1.845 -0.6851999990344048 -0.29357144355773923 0.09505686 0.09405686 "" "" 7.492069739174635 "" 0.7110158174697758 ""
281.19840692235 -0.91458234242 0.0175 0.0173 14.4394 "" "" 4260284923995747712 2281.08008 0.3818 0.0217 -2.028 -5.915 0.023 0.018 1.085 4561.7 1.8199 14.019555 2.9874 15.764909 12.777509 -2.18 1.91 2170.33008 2398.38745 46464.85595 23.713 6752.3 17.507 61398.0 49.119 "" "" 0.0028104827811679025 0.0039635194 0.0038779108 0.007841431 281.19840692235 -0.91458234242 2281.08008 -2.028 -5.915 -1.9561999990344048 -4.363571443557739 0.09805686 0.09305686 14.030000000000001 2.85 51.70445590421784 53.57416971219626 4.855675216408437 4.745277153751104
281.06842939755 -1.38705769619 0.0172 0.0174 17.5575 "" "" 4259973796570511104 1980.19385 0.4642 0.0203 -2.466 -0.644 0.02 0.018 1.112 5882.7 2.8581 14.025554 2.264801 15.213401 12.9486 -1.58 2.92 1909.36621 2059.33862 46208.84441 17.744 11222.0 17.595 52447.0 41.152 "" "" 0.0027866844258679674 0.0032684812 0.0038742071 0.007142688 281.06842939755 -1.38705769619 1980.19385 -2.4659999999999984 -0.6439999999999996 -2.394199999034405 0.9074285564422607 0.09505686 0.09305686 14.63 3.8600001 24.032167489358844 28.135066629325692 2.278440909445456 2.7957709616039006
281.42237058464 -1.21171994361 0.0311 0.0308 11.4222 "" "" 4260073130571093248 2359.62842 0.3727 0.0372 -8.178 -9.055 0.039 0.036 1.15 "" "" 14.02652 3.821329 16.45991 12.63858 -13.95 1.46 2157.77563 2596.2644 46167.74968 45.915 3560.0 20.676 69779.0 147.46 "" "" 0.0029593480163992076 0.006895526 0.0044213245 0.011316851 281.42237058464 -1.21171994361 2359.62842 -8.177999999999997 -9.05500000000001 -8.106199999034406 -7.503571443557739 0.114056855 0.11105686 2.2600000000000016 2.4 123.54549228230326 123.56616148151828 13.921405812869601 13.91914636170954
281.26186137194 -1.15033711701 0.0173 0.0161 1.2044 "" "" 4260264720469510144 2419.44727 0.3674 0.0201 -2.137 -1.432 0.021 0.018 1.003 "" "" 14.036838 2.54471 15.433775 12.889065 -18.01 3.0 2305.6748 2536.06519 45731.10573 26.251 9160.2 25.329 55403.0 32.077 "" "" 0.0028249288648319708 0.004098556 0.0038313032 0.00792986 281.26186137194 -1.15033711701 2419.44727 -2.137 -1.432 -2.0651999990344048 0.1194285564422608 0.096056856 0.09305686 -1.8000000000000007 3.94 23.72365454363968 23.79184282282387 2.2785861492702364 2.2915260660415315
281.10972942 -1.27642099154 0.0164 0.0154 10.9149 "" "" 4260168410141506432 2611.41553 0.3328 0.0187 -1.477 -1.525 0.02 0.017 1.017 4821.9 2.2076 14.040973 2.636879 15.510022 12.873143 10.85 2.26 2495.54663 2726.32764 45557.25653 16.261 8539.0 14.149 56221.0 61.466 "" "" 0.0027824404551606194 0.0033198835 0.003961409 0.007281292 281.10972942 -1.27642099154 2611.41553 -1.477 -1.5250000000000008 -1.4051999990344048 0.02642855644226083 0.09505686 0.092056856 27.060000000000002 3.2 17.396795674183924 32.169738881894965 1.6536666357206011 2.836386995580904
281.09846205476 -1.03043184516 0.0161 0.0158 11.2487 "" "" 4260270389825989760 2324.55591 0.3935 0.0194 0.193 -1.658 0.019 0.018 0.986 8047.4 3.1437 14.041713 1.550817 14.756827 13.206011 "" "" 2201.44019 2466.81348 45526.23915 11.131 17088.0 22.159 41377.0 26.452 "" "" 0.002768078330161951 0.0031252736 0.003842591 0.006967865 281.09846205476 -1.03043184516 2324.55591 0.19300000000000014 -1.6580000000000006 0.26480000096559525 -0.10657144355773918 0.09405686 0.09305686 "" "" 3.145100699204772 "" 0.2953818893281714 ""
281.10475465354 -1.25724054427 0.0172 0.0157 10.3922 "" "" 4260168685019445632 1877.9115 0.4862 0.0192 1.579 -2.636 0.021 0.018 1.079 4605.7 2.3576 14.067881 2.438392 15.386839 12.948447 -47.82 2.82 1813.01477 1946.60742 44442.09895 17.248 9564.9 17.155 52454.0 35.835 "" "" 0.002787354667517128 0.0034025072 0.0038514812 0.0072539886 281.10475465354 -1.25724054427 1877.9115 1.5790000000000008 -2.635999999999999 1.6508000009655952 -1.0845714435577394 0.096056856 0.09305686 -31.61 3.76 17.581895678857677 36.17063941461685 1.6731337438008127 3.3850632875961826
281.14699368066 -1.15808936342 0.0192 0.0207 5.7022 "" "" 4260171914835802624 1795.36572 0.5089 0.0263 5.353 -2.625 0.022 0.019 1.067 4922.0 2.5587 14.080429 2.390074 15.366384 12.97631 -42.34 1.94 1704.54712 1877.25977 43931.40208 19.33 9746.8 18.746 51125.0 39.725 "" "" 0.002796428769089243 0.0034850542 0.0038723955 0.0073574497 281.14699368066 -1.15808936342 1795.36572 5.352999999999997 -2.625 5.424800000965595 -1.0735714435577393 0.09705686 0.09405686 -26.130000000000003 2.88 47.06057049906134 53.828191458538925 4.56230940695065 4.226620641753199
281.06289785906 -1.03226744228 0.0186 0.0178 12.8915 "" "" 4260282170913316224 2247.55615 0.3998 0.0211 -0.357 -1.413 0.023 0.019 1.019 4682.6 1.8384 14.085415 2.246905 15.267891 13.020986 -13.1 2.48 2164.00439 2358.66162 43730.14448 12.175 10672.0 15.203 49064.0 29.676 "" "" 0.002771852060000081 0.0031901957 0.003836011 0.0070262067 281.06289785906 -1.03226744228 2247.55615 -0.357 -1.413 -0.28519999903440474 0.1384285564422607 0.09805686 0.09405686 3.110000000000001 3.42 3.37734303579773 4.591137765462003 0.32863869323826606 2.3292604864389856
281.03298483545 -1.14276803182 0.0195 0.0204 12.5372 "" "" 4260175453888897792 1965.86682 0.4581 0.0246 3.229 -6.885 0.023 0.02 0.993 4837.2 2.7062 14.092251 2.377997 15.369599 12.991602 76.42 2.29 1871.11023 2057.89673 43455.66256 22.035 9718.0 23.471 50410.0 41.645 "" "" 0.002809784089517672 0.0038290208 0.0038843602 0.007713381 281.03298483545 -1.14276803182 1965.86682 3.229 -6.885 3.3008000009655953 -5.333571443557739 0.09805686 0.09505686 92.63 3.23 58.44698514663019 109.52792782085494 5.604894361228597 4.050636451073067
281.31337075513 -1.20744681018 0.018 0.0163 5.4572 "" "" 4260076635264364928 2131.77002 0.4247 0.0201 -2.123 -3.67 0.021 0.02 1.014 "" "" 14.107294 2.496449 15.47147 12.975021 54.35 2.76 2021.07068 2255.16284 42857.73823 17.417 8847.7 20.044 51186.0 25.277 "" "" 0.002790425835781586 0.003719552 0.0038172242 0.0075367764 281.31337075513 -1.20744681018 2131.77002 -2.123 -3.67 -2.051199999034405 -2.118571443557739 0.096056856 0.09505686 70.56 3.7 29.797005705163496 76.59357119885158 2.846865908778665 3.58395024493041
281.01408753314 -0.94478033927 0.0186 0.0181 18.4432 "" "" 4260286641982266240 2051.39771 0.4499 0.022 -0.617 -0.942 0.023 0.02 1.168 8596.4 3.4981 14.107437 1.549806 14.812166 13.262361 "" "" 1975.69739 2163.74292 42852.0599 14.107 16239.0 23.225 39284.0 41.333 "" "" 0.0027784066336415 0.0031931635 0.0039482564 0.0071414197 281.01408753314 -0.94478033927 2051.39771 -0.6170000000000004 -0.942 -0.5451999990344047 0.6094285564422608 0.09805686 0.09505686 "" "" 7.951085066115947 "" 0.7665006754176609 ""
281.51766331899 -1.24474652409 0.0224 0.0234 17.472 "" "" 4260073302369460480 2216.76245 0.4153 0.0287 -0.876 -3.594 0.029 0.023 1.286 "" "" 14.112727 1.913008 15.052276 13.139268 "" "" 2077.61499 2338.20752 42643.79802 14.53 13017.0 25.685 44000.0 27.989 "" "" 0.0027800443769940533 0.0035177784 0.0038419692 0.007359748 281.51766331899 -1.24474652409 2216.76245 -0.8760000000000001 -3.594 -0.8041999990344048 -2.042571443557739 0.10405686 0.09805686 "" "" 23.065801982229054 "" 2.2808220655992124 ""
281.38790168364 -0.93071688428 0.0178 0.0168 15.8735 "" "" 4260275303268726784 2534.21777 0.3386 0.0198 -2.016 -4.534 0.023 0.021 0.935 4657.7 2.1769 14.115706 2.943409 15.824256 12.880847 44.28 2.34 2418.11426 2689.05713 42526.95502 24.517 6393.1 18.107 55824.0 61.738 "" "" 0.0028255230699861323 0.0041522635 0.0039655454 0.008117809 281.38790168364 -0.93071688428 2534.21777 -2.016 -4.534 -1.9441999990344048 -2.982571443557739 0.09805686 0.096056856 60.49 3.28 42.76685610495774 74.08133422868518 4.133741393090766 3.587172849397953
281.00706719239 -1.28101687896 0.017 0.0169 16.0891 "" "" 4260169127373129216 2039.07922 0.4488 0.0201 -1.776 -4.943 0.021 0.02 1.016 4875.9 2.8366 14.122065 2.228179 15.290259 13.06208 -20.13 2.85 1949.53088 2139.79663 42278.61997 13.18 10455.0 18.343 47242.0 27.486 "" "" 0.0027760314633356147 0.0033784118 0.0038318099 0.0072102216 281.00706719239 -1.28101687896 2039.07922 -1.776 -4.943 -1.7041999990344048 -3.391571443557739 0.096056856 0.09505686 -3.919999999999998 3.79 36.6859728168575 36.89480995369413 3.4946798673566377 3.498152764431061
281.25680034791 -1.14982044556 0.0188 0.017 0.9038 "" "" 4260264926627940992 2472.67041 0.3721 0.0221 -0.095 -1.569 0.023 0.019 0.963 "" "" 14.126572 1.284993 14.682996 13.398003 "" "" 2330.26709 2628.46289 42103.49824 13.918 18290.0 24.173 34670.0 42.802 "" "" 0.002778597531708784 0.0031375422 0.0040100375 0.0071475795 281.25680034791 -1.14982044556 2472.67041 -0.095 -1.569 -0.023199999034404756 -0.017571443557739208 0.09805686 0.09405686 "" "" 0.3411026916231133 "" 0.032956632887571474 ""
281.47006978249 -1.27266608773 0.0167 0.0169 15.5088 "" "" 4260071653102333056 1837.5061 0.503 0.0207 -0.603 -2.067 0.021 0.018 1.038 "" "" 14.127429 1.715841 14.923072 13.207231 "" "" 1770.51953 1909.30103 42070.26522 23.098 14662.0 34.268 41330.0 94.757 "" "" 0.0028190657383058413 0.0037715202 0.004525499 0.008297019 281.47006978249 -1.27266608773 1837.5061 -0.603 -2.067 -0.5311999990344047 -0.5155714435577394 0.096056856 0.09305686 "" "" 6.447515556657431 "" 0.6100221308055027 ""
281.18175791966 -1.07039707392 0.0177 0.0167 6.0445 "" "" 4260269152875815040 2222.47534 0.4088 0.0209 -1.197 -3.059 0.022 0.019 1.011 5539.5 2.894 14.138425 2.085815 15.204181 13.118366 46.09 3.4 2132.14258 2317.40674 41646.32211 14.707 11317.0 21.31 44855.0 55.088 "" "" 0.0027818695596031 0.0034590205 0.004007713 0.0074667335 281.18175791966 -1.07039707392 2222.47534 -1.1969999999999992 -3.0590000000000006 -1.1251999990344048 -1.5075714435577394 0.09705686 0.09405686 62.300000000000004 4.34 19.817376806697958 65.37597741906924 1.8854454831755418 4.175104537545993
281.34886204015 -1.05322650975 0.0179 0.0165 8.7101 "" "" 4260267606687289216 1806.4939 0.5059 0.0207 2.537 -4.003 0.022 0.019 1.027 "" "" 14.156609 2.700969 15.673224 12.972255 11.01 1.77 1744.89819 1861.67725 40954.65496 21.884 7347.3 13.952 51316.0 29.279 "" "" 0.002815737018694639 0.0034692655 0.003829815 0.0072990805 281.34886204015 -1.05322650975 1806.4939 2.536999999999999 -4.002999999999999 2.608800000965595 -2.4515714435577394 0.09705686 0.09405686 27.22 2.71 30.654325739500266 40.99531786123128 2.9324447970692837 2.836527086840174
