Clusters/Berkeley_79/Berkeley_79_stars_in_region.tsv
# %ECSV 1.0
# ---
# datatype:
# - name: RA_ICRS_1
#   unit: deg
#   datatype: float64
#   format: '{:15.11f}'
#   description: Right ascension (ICRS) at Ep=2016.0 (ra)
#   meta: !!omap
#   - {ucd: POS_EQ_RA_MAIN}
#   - {width: 15}
#   - {precision: '11'}
# - name: DE_ICRS_1
#   unit: deg
#   datatype: float64
#   format: '{:15.11f}'
#   description: Declination (ICRS) at Ep=2016.0 (dec)
#   meta: !!omap
#   - {ucd: POS_EQ_DEC_MAIN}
#   - {width: 15}
#   - {precision: '11'}
# - name: e_RA_ICRS
#   unit: mas
#   datatype: float64
#   format: '{:7.4f}'
#   description: Standard error of right ascension (ra_error)
#   meta: !!omap
#   - {ucd: ERROR}
#   - {width: 7}
#   - {precision: '4'}
# - name: e_DE_ICRS
#   unit: mas
#   datatype: float64
#   format: '{:7.4f}'
#   description: Standard error of declination (dec_error)
#   meta: !!omap
#   - {ucd: ERROR}
#   - {width: 7}
#   - {precision: '4'}
# - name: _r_1
#   unit: ''
#   datatype: float64
#   format: '{:7.4f}'
#   description: Distance from center (281.24180639000-01.15129409000)[ICRS], at Epoch=J2016.0
#   meta: !!omap
#   - {ucd: POS_ANG_DIST_GENERAL}
#   - {width: 7}
#   - {precision: '4'}
# - name: HIP
#   datatype: int32
#   description: '? HIP cross-id number, van Leeuwen, Cat. I/311 (hip_original_ext_source_id)'
#   meta: !!omap
#   - {ucd: ID_NUMBER}
#   - {width: 6}
#   - values: {'null': -2147483648}
# - name: TYC2
#   datatype: string
#   description: Tycho-2 cross-id name, Hog et al., Cat. I/259 (tyc2_original_ext_source_id)
#   meta: !!omap
#   - {ucd: ID_CROSSID}
#   - {_votable_string_dtype: char}
# - name: Source
#   datatype: int64
#   description: Source identifier, identical to the Gaia-EDR3 source_id (id)
#   meta: !!omap
#   - {ucd: ID_MAIN}
#   - {width: 19}
# - name: rgeo
#   unit: pc
#   datatype: float64
#   format: '{:15.8f}'
#   description: '? Median of the geometric distance posterior (r_med_geo)'
#   meta: !!omap
#   - {ucd: PHYS_DISTANCE_TRUE}
#   - {width: 15}
#   - {precision: '8'}
#   - values: {'null': .nan}
# - name: Plx
#   unit: mas
#   datatype: float64
#   format: '{:9.4f}'
#   description: '? Parallax (parallax)'
#   meta: !!omap
#   - {ucd: POS_PARLX_TRIG}
#   - {width: 9}
#   - {precision: '4'}
#   - values: {'null': .nan}
# - name: e_Plx
#   unit: mas
#   datatype: float32
#   format: '{:7.4f}'
#   description: '? Standard error of parallax (parallax_error)'
#   meta: !!omap
#   - {ucd: ERROR}
#   - {width: 7}
#   - {precision: '4'}
#   - values: {'null': .nan}
# - name: pmRA
#   unit: mas / yr
#   datatype: float64
#   format: '{:9.3f}'
#   description: '? Proper motion in right ascension direction, pmRA*cosDE (pmra)'
#   meta: !!omap
#   - {ucd: POS_EQ_PMRA}
#   - {width: 9}
#   - {precision: '3'}
#   - values: {'null': .nan}
# - name: pmDE
#   unit: mas / yr
#   datatype: float64
#   format: '{:9.3f}'
#   description: '? Proper motion in declination direction (pmdec)'
#   meta: !!omap
#   - {ucd: POS_EQ_PMDEC}
#   - {width: 9}
#   - {precision: '3'}
#   - values: {'null': .nan}
# - name: e_pmRA
#   unit: mas / yr
#   datatype: float32
#   format: '{:6.3f}'
#   description: '? Standard error of proper motion in right ascension direction (pmra_error)'
#   meta: !!omap
#   - {ucd: ERROR}
#   - {width: 6}
#   - {precision: '3'}
#   - values: {'null': .nan}
# - name: e_pmDE
[...]
#         value: !astropy.table.SerializedColumn {name: SkyCoord.dec}
#       distance: !astropy.table.SerializedColumn
#         __class__: astropy.coordinates.distances.Distance
#         unit: !astropy.units.Unit {unit: pc}
#         value: !astropy.table.SerializedColumn {name: SkyCoord.distance}
#       frame: icrs
#       obstime: !astropy.time.Time {format: jyear_str, in_subfmt: '*', jd1: 367701545.0, jd2: 0.0, out_subfmt: '*', precision: 3, scale: tt}
#       pm_dec: !astropy.table.SerializedColumn
#         __class__: astropy.units.quantity.Quantity
#         unit: !astropy.units.Unit {unit: mas / yr}
#         value: !astropy.table.SerializedColumn {name: SkyCoord.pm_dec}
#       pm_ra_cosdec: !astropy.table.SerializedColumn
#         __class__: astropy.units.quantity.Quantity
#         unit: !astropy.units.Unit {unit: mas / yr}
#         value: !astropy.table.SerializedColumn {name: SkyCoord.pm_ra_cosdec}
#       ra: !astropy.table.SerializedColumn
#         __class__: astropy.coordinates.angles.Longitude
#         unit: *id001
#         value: !astropy.table.SerializedColumn {name: SkyCoord.ra}
#         wrap_angle: !astropy.coordinates.Angle
#           unit: *id001
#           value: 360.0
#       representation_type: spherical
# schema: astropy-2.0
RA_ICRS_1 DE_ICRS_1 e_RA_ICRS e_DE_ICRS _r_1 HIP TYC2 Source rgeo Plx e_Plx pmRA pmDE e_pmRA e_pmDE RUWE Teff logg Gmag BP-RP BPmag RPmag RV e_RV b_rgeo B_rgeo FG e_FG FBP e_FBP FRP e_FRP RAVE5 RAVE6 e_Gmag e_BPmag e_RPmag e_BP-RP SkyCoord.ra SkyCoord.dec SkyCoord.distance SkyCoord.pm_ra_cosdec SkyCoord.pm_dec rmRA rmDE e_rmRA e_rmDE rRV e_rRV v_pec v_pec3d e_vpec e_vpec3d
[from data line 180]
281.01954743158 -1.12111631689 0.0247 0.0249 13.4553 "" "" 4260175758804718720 2511.95508 0.3521 0.0306 0.746 -1.867 0.028 0.028 0.973 4941.4 2.4319 14.676471 2.55079 16.083391 13.532601 -13.26 2.89 2320.61304 2665.50928 25372.2283 11.324 5035.7 18.229 30628.0 27.307 "" "" 0.0027976074211076727 0.0048200022 0.0039013803 0.008721382 281.01954743158 -1.12111631689 2511.95508 0.746 -1.8669999999999984 0.8178000009655952 -0.31557144355773925 0.10305686 0.10305686 2.950000000000001 3.8300002 10.43707614722894 10.845969689384868 1.075612326107079 1.4685163812772115
281.1768019088 -1.1641088567 0.0231 0.0211 3.9746 "" "" 4260171743037098752 2000.10852 0.4632 0.0275 -0.485 -3.146 0.027 0.023 1.04 "" "" 14.684884 1.563922 15.406176 13.842254 "" "" 1881.05762 2096.48267 25176.3664 7.5456 9396.1 30.45 23028.0 20.519 "" "" 0.0027744689959521476 0.0044905744 0.0039012393 0.008391813 281.1768019088 -1.1641088567 2000.10852 -0.48499999999999976 -3.146 -0.41319999903440474 -1.5945714435577392 0.10205686 0.09805686 "" "" 15.61666153740419 "" 1.5353263057800572 ""
280.98679901662 -1.21887830405 0.0211 0.0209 15.8255 "" "" 4260172563347820032 1885.65161 0.49 0.0252 -0.765 -1.881 0.025 0.024 1.044 7485.8 3.8487 14.693431 1.504892 15.372912 13.86802 33.03 8.61 1813.44495 1963.58508 24978.95549 9.0429 9688.4 16.129 22488.0 23.413 "" "" 0.002783214832308948 0.0033244737 0.0039448095 0.0072692833 280.98679901662 -1.21887830405 1885.65161 -0.765 -1.8809999999999991 -0.6931999990344048 -0.32957144355773926 0.10005686 0.099056855 49.24 9.549999 6.860414731640855 49.71562018410426 0.6851718780767199 9.459108699490358
281.44309907519 -1.31216557772 0.023 0.0256 15.4585 "" "" 4260071133399893760 2567.80713 0.363 0.0329 -0.045 -2.579 0.028 0.026 0.992 "" "" 14.695231 1.552641 15.403573 13.850932 "" "" 2348.55322 2796.8252 24937.56737 13.085 9418.6 16.656 22845.0 25.268 "" "" 0.002813599845915477 0.0033869713 0.0039655855 0.007352557 281.44309907519 -1.31216557772 2567.80713 -0.045 -2.579 0.026800000965595247 -1.0275714435577394 0.10305686 0.10105686 "" "" 12.51124201552999 "" 1.2643639962967759 ""
281.35988035199 -1.03266905317 0.0236 0.0225 10.0414 "" "" 4260267641047034240 2451.86597 0.3665 0.0284 -0.818 -6.259 0.031 0.027 1.009 4948.4 2.6082 14.700545 2.580362 16.123192 13.542829 47.25 4.17 2274.36304 2634.48193 24815.81899 14.751 4854.5 15.244 30341.0 41.807 "" "" 0.0028298953851342394 0.004405576 0.0040647094 0.008470286 281.35988035199 -1.03266905317 2451.86597 -0.818 -6.259 -0.7461999990344047 -4.70757144355774 0.106056854 0.10205686 63.46 5.11 55.393719751647794 84.23559691676729 5.658843613568701 5.354252682572241
281.27025792939 -1.16390384568 0.0238 0.024 1.8669 "" "" 4260264651750030976 2177.95166 0.4248 0.0316 -0.029 -1.579 0.029 0.025 0.921 "" "" 14.702434 1.392047 15.317511 13.925464 "" "" 2023.07825 2327.91138 24772.70717 11.103 10196.0 14.464 21329.0 21.469 "" "" 0.0027979617095062895 0.0031870564 0.0039342185 0.007121275 281.27025792939 -1.16390384568 2177.95166 -0.029 -1.579 0.04280000096559525 -0.027571443557739217 0.10405686 0.10005686 "" "" 0.5255888410195292 "" 0.05408301789860605 ""
281.16818981117 -0.86504326155 0.0219 0.0203 17.7338 "" "" 4260286057867184256 2342.73828 0.383 0.0246 0.208 -3.098 0.028 0.023 0.994 4949.0 2.5465 14.706308 2.440649 16.029736 13.589087 1.87 2.96 2219.21484 2484.06055 24684.45225 10.21 5290.8 9.1007 29075.0 20.681 "" "" 0.0027916777905851405 0.003357511 0.0038574794 0.0072149904 281.16818981117 -0.86504326155 2342.73828 0.208 -3.097999999999998 0.2798000009655952 -1.5465714435577391 0.10305686 0.09805686 18.080000000000002 3.9 17.452821573296443 25.1294126646311 1.714202747296295 3.048077905706643
281.17436882152 -1.17562653031 0.0261 0.0232 4.3008 "" "" 4260171639957878016 2276.98364 0.3957 0.0294 -1.038 -3.982 0.031 0.025 1.097 "" "" 14.707986 1.4948 15.382548 13.887749 "" "" 2158.66602 2425.65625 24646.3431 7.9813 9602.8 15.969 22083.0 34.264 "" "" 0.0027776626872165547 0.0033233985 0.004137838 0.0074612363 281.17436882152 -1.17562653031 2276.98364 -1.038 -3.9819999999999998 -0.9661999990344048 -2.4305714435577395 0.106056854 0.10005686 "" "" 28.229619838236758 "" 2.8482735580919756 ""
281.21903741326 -1.04328628662 0.0216 0.0205 6.6228 "" "" 4260269668271885824 2125.72559 0.4311 0.0258 -0.044 -1.558 0.028 0.024 0.897 "" "" 14.716286 1.455135 15.360746 13.905611 "" "" 2015.55933 2272.64087 24458.64845 10.036 9797.6 16.101 21723.0 69.512 "" "" 0.002791104447195071 0.003311891 0.0051336456 0.008445537 281.21903741326 -1.04328628662 2125.72559 -0.044000000000000025 -1.5580000000000007 0.027800000965595248 -0.006571443557739309 0.10305686 0.099056855 "" "" 0.2878306166756783 "" 0.029603114597228374 ""
281.02647761412 -1.34777385313 0.0213 0.021 17.4876 "" "" 4260161813071740928 2284.59155 0.3996 0.025 -1.259 -4.176 0.026 0.025 1.038 8676.6 3.5583 14.724294 1.390614 15.341795 13.951181 "" "" 2174.55762 2396.94043 24278.92273 8.2408 9970.1 16.434 20830.0 25.623 "" "" 0.0027798558216120674 0.0033147994 0.0040084235 0.007323223 281.02647761412 -1.34777385313 2284.59155 -1.259 -4.175999999999997 -1.1871999990344047 -2.6245714435577394 0.10105686 0.10005686 "" "" 31.19384351046628 "" 3.126478386030763 ""
281.03488296503 -1.13666051044 0.0257 0.0259 12.4439 "" "" 4260175488248637568 2533.33472 0.3551 0.0324 -1.716 -3.813 0.032 0.026 0.962 4692.5 2.8782 14.724937 2.417797 16.009995 13.592197 31.03 2.2 2333.50513 2853.95093 24264.55014 13.15 5387.9 13.503 28992.0 227.02 "" "" 0.0028174478035735656 0.0038973212 0.009303984 0.013201306 281.03488296503 -1.13666051044 2533.33472 -1.716 -3.8129999999999993 -1.6441999990344047 -2.2615714435577394 0.107056856 0.10105686 47.24 3.14 33.57542360063857 57.95624789409954 3.464011794806289 3.2523443513871473
281.25577819548 -1.14267814459 0.0239 0.0217 0.9847 "" "" 4260264960987680384 2423.23145 0.3739 0.027 0.218 -0.861 0.027 0.024 0.935 4992.0 2.3345 14.727243 2.311079 15.953229 13.64215 5.75 3.42 2263.44897 2563.12524 24213.05284 10.978 5677.1 12.244 27688.0 24.108 "" "" 0.0027989485765395118 0.0036425747 0.0038958206 0.007538395 281.25577819548 -1.14267814459 2423.23145 0.21799999999999997 -0.8610000000000002 0.2898000009655952 0.6904285564422608 0.10205686 0.099056855 21.96 4.36 8.600606523657342 23.584147908601178 0.8558634471432822 4.071724024975598
281.10245918218 -1.40698212089 0.0206 0.0203 17.4706 "" "" 4259972971936722688 2403.17993 0.3734 0.0243 -0.114 -2.019 0.025 0.022 0.996 "" "" 14.72969 1.502212 15.412399 13.910187 "" "" 2270.38916 2581.37915 24158.56278 7.8967 9342.4 15.119 21631.0 17.743 "" "" 0.0027780819382381317 0.0032973234 0.003882894 0.0071802177 281.10245918218 -1.40698212089 2403.17993 -0.11400000000000002 -2.019 -0.04219999903440476 -0.4675714435577394 0.10005686 0.09705686 "" "" 5.347788984722349 "" 0.5191712127314801 ""
281.23672570468 -1.22685921791 0.0242 0.0217 4.5441 "" "" 4259982798822257408 2122.14233 0.4311 0.0284 -1.011 -2.864 0.029 0.024 0.948 "" "" 14.731512 1.484956 15.40593 13.920974 69.32 7.08 1998.87061 2263.89819 24118.0432 8.5623 9398.2 18.214 21417.0 17.816 "" "" 0.002782151011830499 0.0034946622 0.0038858033 0.0073804655 281.23672570468 -1.22685921791 2122.14233 -1.011 -2.864 -0.9391999990344047 -1.3125714435577391 0.10405686 0.099056855 85.53 8.0199995 16.23497963816736 87.05719650811017 1.6361248942050837 7.8852144221611775
281.11112362784 -0.95706754607 0.0212 0.0215 14.0451 "" "" 4260283137289364352 1910.69434 0.4815 0.0261 -2.199 -3.613 0.027 0.024 0.981 4998.1 2.9208 14.73838 2.424269 16.047523 13.623255 18.64 4.34 1830.5802 2000.26709 23965.95154 10.925 5204.8 22.886 28175.0 44.481 "" "" 0.002799420178992546 0.0055296416 0.0041499217 0.009679563 281.11112362784 -0.95706754607 1910.69434 -2.199 -3.613 -2.1271999990344046 -2.0615714435577392 0.10205686 0.099056855 34.85 5.28 26.828384582343237 43.98050385452755 2.6993384666060827 4.4962173334756494
281.10138559427 -1.15622634706 0.0292 0.0277 8.4287 "" "" 4260174526175938048 1903.01245 0.4941 0.0345 -0.318 -2.877 0.037 0.03 1.019 "" "" 14.74038 1.734154 15.410422 13.676269 "" "" 1765.35107 2084.97217 23921.83668 17.253 9359.4 54.784 26832.0 86.599 "" "" 0.002864431984679478 0.0069407322 0.0051539186 0.01209465 281.10138559427 -1.15622634706 1903.01245 -0.3180000000000002 -2.876999999999998 -0.24619999903440476 -1.325571443557739 0.11205686 0.10505686 "" "" 12.161510991693918 "" 1.2805801120259075 ""
281.15819328685 -1.05292936721 0.024 0.0234 7.7454 "" "" 4260269427753730560 2477.94409 0.3613 0.0294 -7.872 -8.056 0.03 0.026 1.076 5034.2 2.7541 14.744905 2.329005 15.987306 13.6583 135.55 12.88 2307.84155 2660.93823 23822.36682 13.031 5501.7 12.39 27280.0 41.536 "" "" 0.002818601213215516 0.0037099354 0.0041251103 0.007835045 281.15819328685 -1.05292936721 2477.94409 -7.872000000000001 -8.056 -7.800199999034405 -6.504571443557738 0.10505686 0.10105686 151.76000000000002 13.82 119.29160189633886 193.03259798022353 12.338916991291203 13.273881979763141
281.24887096379 -1.16518359274 0.0254 0.0221 0.9349 "" "" 4260264617389908096 2211.01587 0.41 0.0279 -0.13 -1.474 0.031 0.024 0.975 9358.1 3.63 14.745829 1.375065 15.354005 13.97894 "" "" 2088.41187 2369.66187 23802.11069 9.4276 9858.6 17.261 20304.0 34.709 "" "" 0.0027886779562051466 0.0033762006 0.004210531 0.0075867316 281.24887096379 -1.16518359274 2211.01587 -0.13 -1.473999999999999 -0.05819999903440476 0.07742855644226077 0.106056854 0.099056855 "" "" 1.0151440307581543 "" 0.10317884785632629 ""
281.04265456784 -1.28566320403 0.0228 0.023 14.4123 "" "" 4260168886854900096 2402.14941 0.3772 0.0271 -1.054 -3.476 0.027 0.025 1.007 4865.1 2.8698 14.750501 2.155708 15.862641 13.706933 -13.8 4.51 2257.69727 2593.44189 23699.90031 13.728 6171.1 18.061 26085.0 38.386 "" "" 0.002826183094487292 0.0042287577 0.004103231 0.008331988 281.04265456784 -1.28566320403 2402.14941 -1.054 -3.476 -0.9821999990344048 -1.9245714435577392 0.10205686 0.10005686 2.41 5.4500003 24.602314937710933 24.72007282137968 2.4718780273541143 2.5168267627988445
280.9612490787 -1.20714620123 0.0233 0.0225 17.1603 "" "" 4260173392303803776 2517.17065 0.3568 0.0275 -0.268 -5.157 0.028 0.026 1.088 "" "" 14.759891 2.31435 15.988123 13.673773 83.8 3.4 2343.16797 2675.31787 23495.82371 8.9272 5497.5 16.123 26894.0 27.897 "" "" 0.002786030366722953 0.0042337207 0.0039436175 0.008177338 280.9612490787 -1.20714620123 2517.17065 -0.26800000000000007 -5.157 -0.19619999903440477 -3.6055714435577393 0.10305686 0.10105686 100.00999999999999 4.34 43.083119953986746 108.89515749090778 4.354101675950666 4.342210485005732
281.41114528106 -1.36701715419 0.0232 0.0272 16.4534 "" "" 4259965378434761728 2049.07593 0.4407 0.0326 -2.577 -6.355 0.028 0.025 1.034 "" "" 14.769998 2.646577 16.247007 13.60043 -17.02 4.37 1934.54504 2184.61621 23278.10033 12.172 4331.3 13.432 28773.0 16.519 "" "" 0.002813201393245662 0.0043728626 0.0038304408 0.008203303 281.41114528106 -1.36701715419 2049.07593 -2.576999999999998 -6.354999999999997 -2.5051999990344047 -4.80357144355774 0.10305686 0.10005686 -0.8099999999999987 5.31 52.61903214542288 52.625266212353225 5.299045152720832 5.299047750690393
280.99085310997 -1.17868462687 0.0256 0.0247 15.1435 "" "" 4260173838980406656 2003.95264 0.4658 0.0302 -0.645 -2.188 0.031 0.029 1.238 9189.7 4.1408 14.775317 1.434368 15.420108 13.98574 "" "" 1913.36426 2118.24023 23164.3368 7.1913 9276.3 15.594 20177.0 22.785 "" "" 0.00277586045365331 0.0033341192 0.003973284 0.007307403 280.99085310997 -1.17868462687 2003.95264 -0.645 -2.1879999999999984 -0.5731999990344048 -0.6365714435577394 0.106056854 0.10405686 "" "" 8.136715984069792 "" 0.8540060208995357 ""
281.17400552927 -1.44142165398 0.0213 0.022 17.8764 "" "" 4259969737815864576 2584.58398 0.3439 0.0263 2.808 0.644 0.026 0.023 1.035 6089.5 2.8827 14.786206 2.669749 16.279099 13.609349 40.37 4.99 2430.45654 2743.14795 22933.16839 21.804 4205.1 28.266 28538.0 81.824 "" "" 0.002942343628185844 0.007813317 0.0048963865 0.012709703 281.17400552927 -1.44142165398 2584.58398 2.808000000000002 0.6439999999999995 2.879800000965595 2.195428556442261 0.10105686 0.09805686 56.58 5.93 44.36317091785394 71.89845154025726 4.434748243579352 5.40967003046275
281.14219572516 -0.87864594844 0.0214 0.0212 17.4161 "" "" 4260285641247296128 2429.16089 0.3633 0.0257 -0.856 -2.62 0.027 0.024 0.88 4963.5 2.8451 14.790755 2.463007 16.128143 13.665136 -18.48 4.02 2283.07959 2644.34375 22837.29737 9.2936 4832.4 12.58 27108.0 27.715 "" "" 0.002790521580033092 0.0039716363 0.003939027 0.007910663 281.14219572516 -0.87864594844 2429.16089 -0.856 -2.62 -0.7841999990344047 -1.0685714435577394 0.10205686 0.099056855 -2.2699999999999996 4.96 15.261512757123944 15.429409309362976 1.5279403532512479 1.6782627749250676
281.19961838603 -1.08262466784 0.0225 0.0214 4.8354 "" "" 4260269084156330624 1967.06006 0.4633 0.0269 1.263 -3.411 0.029 0.024 0.992 8813.1 3.9175 14.795748 1.594165 15.538138 13.943974 -87.84 6.98 1882.32751 2095.88062 22732.53029 7.7145 8320.7 19.039 20969.0 13.537 "" "" 0.0027798468308312045 0.0037358964 0.0038438283 0.007579725 281.19961838603 -1.08262466784 1967.06006 1.262999999999999 -3.4109999999999983 1.3348000009655951 -1.8595714435577393 0.10405686 0.099056855 -71.63 7.92 21.3426847055047 74.74200352170514 2.151019870875144 7.6150501950049385
281.10337256796 -1.25400638102 0.0221 0.0208 10.3411 "" "" 4260168788098665344 2356.63306 0.3798 0.0253 -2.375 -3.305 0.027 0.023 0.93 5016.9 2.5645 14.800544 2.488465 16.157385 13.66892 21.51 3.36 2233.53931 2508.77759 22632.32309 10.869 4704.0 12.034 27014.0 17.656 "" "" 0.002804222635399852 0.0039370055 0.0038454249 0.0077824304 281.10337256796 -1.25400638102 2356.63306 -2.375 -3.3049999999999984 -2.3031999990344048 -1.7535714435577394 0.10205686 0.09805686 37.72 4.2999997 32.33595251110167 49.683118106658945 3.253239426373236 3.8911246934770727
281.3985255505 -0.92927731634 0.0235 0.0223 16.3046 "" "" 4260275298962590080 2013.30872 0.4403 0.0271 -4.431 -8.099 0.031 0.027 0.913 4958.6 2.6071 14.804794 2.792617 16.393566 13.600949 61.56 2.87 1902.64795 2127.5874 22543.89247 14.643 3784.3 15.511 28759.0 22.279 "" "" 0.00284413897686016 0.0052525457 0.0038718435 0.009124389 281.3985255505 -0.92927731634 2013.30872 -4.4309999999999965 -8.098999999999998 -4.359199999034405 -6.5475714435577395 0.106056854 0.10205686 77.77000000000001 3.81 75.06550553563197 108.08794114664224 7.754403770591455 6.042889928594452
281.03576624291 -1.35327899841 0.0235 0.0237 17.3098 "" "" 4260161808748000256 2606.28955 0.3375 0.028 -1.757 -5.184 0.028 0.025 1.086 4791.8 2.8163 14.807507 2.364504 16.070696 13.706192 -14.37 2.91 2406.22729 2861.26025 22487.65487 9.9358 5094.9 22.759 26102.0 25.823 "" "" 0.0027967687641339053 0.0055953157 0.0039290567 0.009524372 281.03576624291 -1.35327899841 2606.28955 -1.757 -5.184000000000001 -1.6851999990344046 -3.6325714435577394 0.10305686 0.10005686 1.8400000000000016 3.8500001 49.469999939023445 49.50420683100558 4.976418845140438 4.975038622542276
