Clusters/Berkeley_79/Berkeley_79_stars_in_region.tsv
# %ECSV 1.0
# ---
# datatype:
# - name: RA_ICRS_1
#   unit: deg
#   datatype: float64
#   format: '{:15.11f}'
#   description: Right ascension (ICRS) at Ep=2016.0 (ra)
#   meta: !!omap
#   - {ucd: POS_EQ_RA_MAIN}
#   - {width: 15}
#   - {precision: '11'}
# - name: DE_ICRS_1
#   unit: deg
#   datatype: float64
#   format: '{:15.11f}'
#   description: Declination (ICRS) at Ep=2016.0 (dec)
#   meta: !!omap
#   - {ucd: POS_EQ_DEC_MAIN}
#   - {width: 15}
#   - {precision: '11'}
# - name: e_RA_ICRS
#   unit: mas
#   datatype: float64
#   format: '{:7.4f}'
#   description: Standard error of right ascension (ra_error)
#   meta: !!omap
#   - {ucd: ERROR}
#   - {width: 7}
#   - {precision: '4'}
# - name: e_DE_ICRS
#   unit: mas
#   datatype: float64
#   format: '{:7.4f}'
#   description: Standard error of declination (dec_error)
#   meta: !!omap
#   - {ucd: ERROR}
#   - {width: 7}
#   - {precision: '4'}
# - name: _r_1
#   unit: ''
#   datatype: float64
#   format: '{:7.4f}'
#   description: Distance from center (281.24180639000-01.15129409000)[ICRS], at Epoch=J2016.0
#   meta: !!omap
#   - {ucd: POS_ANG_DIST_GENERAL}
#   - {width: 7}
#   - {precision: '4'}
# - name: HIP
#   datatype: int32
#   description: '? HIP cross-id number, van Leeuwen, Cat. I/311 (hip_original_ext_source_id)'
#   meta: !!omap
#   - {ucd: ID_NUMBER}
#   - {width: 6}
#   - values: {'null': -2147483648}
# - name: TYC2
#   datatype: string
#   description: Tycho-2 cross-id name, Hog et al., Cat. I/259 (tyc2_original_ext_source_id)
#   meta: !!omap
#   - {ucd: ID_CROSSID}
#   - {_votable_string_dtype: char}
# - name: Source
#   datatype: int64
#   description: Source identifier, identical to the Gaia-EDR3 source_id (id)
#   meta: !!omap
#   - {ucd: ID_MAIN}
#   - {width: 19}
# - name: rgeo
#   unit: pc
#   datatype: float64
#   format: '{:15.8f}'
#   description: '? Median of the geometric distance posterior (r_med_geo)'
#   meta: !!omap
#   - {ucd: PHYS_DISTANCE_TRUE}
#   - {width: 15}
#   - {precision: '8'}
#   - values: {'null': .nan}
# - name: Plx
#   unit: mas
#   datatype: float64
#   format: '{:9.4f}'
#   description: '? Parallax (parallax)'
#   meta: !!omap
#   - {ucd: POS_PARLX_TRIG}
#   - {width: 9}
#   - {precision: '4'}
#   - values: {'null': .nan}
# - name: e_Plx
#   unit: mas
#   datatype: float32
#   format: '{:7.4f}'
#   description: '? Standard error of parallax (parallax_error)'
#   meta: !!omap
#   - {ucd: ERROR}
#   - {width: 7}
#   - {precision: '4'}
#   - values: {'null': .nan}
# - name: pmRA
#   unit: mas / yr
#   datatype: float64
#   format: '{:9.3f}'
#   description: '? Proper motion in right ascension direction, pmRA*cosDE (pmra)'
#   meta: !!omap
#   - {ucd: POS_EQ_PMRA}
#   - {width: 9}
#   - {precision: '3'}
#   - values: {'null': .nan}
# - name: pmDE
#   unit: mas / yr
#   datatype: float64
#   format: '{:9.3f}'
#   description: '? Proper motion in declination direction (pmdec)'
#   meta: !!omap
#   - {ucd: POS_EQ_PMDEC}
#   - {width: 9}
#   - {precision: '3'}
#   - values: {'null': .nan}
# - name: e_pmRA
#   unit: mas / yr
#   datatype: float32
#   format: '{:6.3f}'
#   description: '? Standard error of proper motion in right ascension direction (pmra_error)'
#   meta: !!omap
#   - {ucd: ERROR}
#   - {width: 6}
#   - {precision: '3'}
#   - values: {'null': .nan}
# - name: e_pmDE
[...]
#         value: !astropy.table.SerializedColumn {name: SkyCoord.dec}
#       distance: !astropy.table.SerializedColumn
#         __class__: astropy.coordinates.distances.Distance
#         unit: !astropy.units.Unit {unit: pc}
#         value: !astropy.table.SerializedColumn {name: SkyCoord.distance}
#       frame: icrs
#       obstime: !astropy.time.Time {format: jyear_str, in_subfmt: '*', jd1: 367701545.0, jd2: 0.0, out_subfmt: '*', precision: 3, scale: tt}
#       pm_dec: !astropy.table.SerializedColumn
#         __class__: astropy.units.quantity.Quantity
#         unit: !astropy.units.Unit {unit: mas / yr}
#         value: !astropy.table.SerializedColumn {name: SkyCoord.pm_dec}
#       pm_ra_cosdec: !astropy.table.SerializedColumn
#         __class__: astropy.units.quantity.Quantity
#         unit: !astropy.units.Unit {unit: mas / yr}
#         value: !astropy.table.SerializedColumn {name: SkyCoord.pm_ra_cosdec}
#       ra: !astropy.table.SerializedColumn
#         __class__: astropy.coordinates.angles.Longitude
#         unit: *id001
#         value: !astropy.table.SerializedColumn {name: SkyCoord.ra}
#         wrap_angle: !astropy.coordinates.Angle
#           unit: *id001
#           value: 360.0
#       representation_type: spherical
# schema: astropy-2.0
RA_ICRS_1 DE_ICRS_1 e_RA_ICRS e_DE_ICRS _r_1 HIP TYC2 Source rgeo Plx e_Plx pmRA pmDE e_pmRA e_pmDE RUWE Teff logg Gmag BP-RP BPmag RPmag RV e_RV b_rgeo B_rgeo FG e_FG FBP e_FBP FRP e_FRP RAVE5 RAVE6 e_Gmag e_BPmag e_RPmag e_BP-RP SkyCoord.ra SkyCoord.dec SkyCoord.distance SkyCoord.pm_ra_cosdec SkyCoord.pm_dec rmRA rmDE e_rmRA e_rmDE rRV e_rRV v_pec v_pec3d e_vpec e_vpec3d
[from data line 209]
281.20382349092 -1.0589486977 0.0232 0.0222 5.9909 "" "" 4260269565192672512 2544.25317 0.3616 0.0276 -0.231 -1.628 0.029 0.025 0.984 "" "" 14.809476 1.204804 15.323098 14.118294 "" "" 2367.29639 2712.94702 22446.89936 8.3636 10143.0 24.237 17858.0 17.496 "" "" 0.002784859386402683 0.0038099808 0.003926225 0.007736206 281.20382349092 -1.0589486977 2544.25317 -0.23099999999999998 -1.6280000000000001 -0.15919999903440477 -0.07657144355773915 0.10405686 0.10005686 "" "" 2.130445464609451 "" 0.22011159715626605 ""
281.28515833224 -1.23423786961 0.0258 0.0224 5.6151 "" "" 4259982661383244288 2180.28442 0.4134 0.0265 -0.815 -1.434 0.03 0.025 0.972 4884.0 2.3772 14.809552 2.420487 16.117455 13.696967 36.26 4.82 2049.65649 2322.63867 22445.31852 7.7284 4880.2 9.6505 26325.0 23.375 "" "" 0.00278056599877768 0.0035206182 0.0039004043 0.0074210223 281.28515833224 -1.23423786961 2180.28442 -0.815 -1.434000000000001 -0.7431999990344047 0.1174285564422608 0.10505686 0.10005686 52.47 5.76 7.775919675984476 53.04305634866229 0.8159887153370516 5.699026992452467
281.49096956572 -1.03812552645 0.0251 0.023 16.4171 "" "" 4260085534436485888 2249.80688 0.3935 0.0264 0.176 -3.297 0.032 0.028 1.131 4675.5 2.1526 14.811954 2.605402 16.256401 13.650999 -2.45 3.24 2132.34937 2425.99561 22395.73316 10.631 4293.9 11.752 27464.0 26.684 "" "" 0.0028031076927174576 0.004076175 0.0039238427 0.008000018 281.49096956572 -1.03812552645 2249.80688 0.17600000000000018 -3.297 0.24780000096559524 -1.7455714435577394 0.107056856 0.10305686 13.760000000000002 4.18 18.80155390675524 23.298841801871255 1.9391430501470293 2.922836479553812
281.07558818122 -1.30361641987 0.0226 0.0221 13.5257 "" "" 4260168169623341184 2241.90942 0.4137 0.0267 -0.826 -1.838 0.026 0.023 1.11 9672.2 3.8617 14.814407 1.18042 15.309751 14.129331 "" "" 2084.37842 2408.13013 22345.16851 7.3579 10269.0 16.52 17678.0 29.724 "" "" 0.0027784179930734304 0.0032917836 0.0041971933 0.007488977 281.07558818122 -1.30361641987 2241.90942 -0.8260000000000006 -1.838 -0.7541999990344047 -0.28657144355773934 0.10105686 0.09805686 "" "" 8.573677834884473 "" 0.8632262137084382 ""
281.47626346498 -1.26756438867 0.0233 0.0234 15.6994 "" "" 4260071756181547904 2604.63281 0.3455 0.0283 -1.665 -4.577 0.028 0.025 0.959 4862.2 2.3251 14.816341 2.892966 16.483963 13.590997 0.59 2.61 2422.82104 2838.12451 22305.40812 17.671 3482.0 17.192 29024.0 38.137 "" "" 0.002886459938072266 0.006043361 0.004039681 0.010083042 281.47626346498 -1.26756438867 2604.63281 -1.665 -4.577 -1.5931999990344048 -3.025571443557739 0.10305686 0.10005686 16.8 3.55 42.21590474960555 45.43591766243715 4.251805235071495 4.162845062136112
281.47645317308 -1.03098158802 0.0233 0.0217 15.8193 "" "" 4260085736285860352 2279.08691 0.3872 0.0258 -4.322 -1.779 0.03 0.026 0.957 4853.6 2.1074 14.817472 2.641026 16.290642 13.649616 -63.82 2.43 2178.43286 2408.07324 22282.18588 10.033 4160.6 10.751 27499.0 23.306 "" "" 0.002798354443107191 0.0039567826 0.0038897903 0.007846573 281.47645317308 -1.03098158802 2279.08691 -4.322 -1.778999999999999 -4.250199999034405 -0.22757144355773917 0.10505686 0.10105686 -47.61 3.3700001 45.980135853158245 66.1882541926805 4.830012876760622 4.139387916796484
281.32087339038 -1.16279203373 0.0245 0.022 4.793 "" "" 4260077322459191936 2397.12451 0.3643 0.0269 0.38 2.618 0.031 0.028 1.037 4442.0 1.798 14.819675 2.600365 16.260735 13.66037 16.51 3.81 2244.75 2559.87012 22237.02815 9.3113 4276.8 10.203 27228.0 28.475 "" "" 0.002792575450350181 0.0038071228 0.003946264 0.0077533866 281.32087339038 -1.16279203373 2397.12451 0.37999999999999984 2.618 0.45180000096559525 4.169428556442261 0.106056854 0.10305686 32.72 4.75 47.65191348279388 57.80400728817746 4.912539666887808 4.8610515295013075
281.01726875474 -1.21316469603 0.0223 0.0226 13.9716 "" "" 4260172773828444416 2187.30566 0.4273 0.027 0.202 -4.109 0.027 0.026 1.035 7371.6 3.5318 14.825307 1.593547 15.565392 13.971845 "" "" 2075.54614 2321.51025 22121.98312 8.5891 8114.5 19.457 20437.0 27.467 "" "" 0.0027873810005818503 0.003816106 0.0040512993 0.007867405 281.01726875474 -1.21316469603 2187.30566 0.20199999999999996 -4.108999999999998 0.27380000096559526 -2.5575714435577392 0.10205686 0.10105686 "" "" 26.667978743135144 "" 2.695285814237262 ""
281.12821356043 -0.90817103559 0.0223 0.0218 16.1006 "" "" 4260285435088767872 2537.54858 0.337 0.0271 0.327 -1.235 0.029 0.026 1.0 4755.7 2.2881 14.830393 2.975852 16.562357 13.586505 2.83 2.68 2407.3894 2710.23315 22018.59181 14.307 3239.5 14.363 29144.0 34.91 "" "" 0.002844202580348236 0.0055639986 0.0039968914 0.0095608905 281.12821356043 -0.90817103559 2537.54858 0.327 -1.235 0.39880000096559526 0.31642855644226064 0.10405686 0.10105686 19.04 3.6200001 6.123275379351574 20.00040253023356 0.6301352907075027 3.451566499293631
281.35478465309 -0.91182207839 0.0232 0.022 15.8866 "" "" 4260278155127353600 2449.60669 0.3748 0.026 -0.524 -1.622 0.03 0.027 1.009 "" "" 14.831771 1.642031 15.595249 13.953218 -43.92 24.37 2307.79248 2598.56787 21990.67428 7.9978 7894.4 12.511 20791.0 23.489 "" "" 0.0027834714398073494 0.0032780708 0.003973455 0.007251526 281.35478465309 -0.91182207839 2449.60669 -0.524 -1.622000000000001 -0.4521999990344048 -0.07057144355773937 0.10505686 0.10205686 -27.71 25.310001 5.314110834274075 28.214958337005374 0.5579100313532387 24.857254660201228
281.40956912567 -1.11267535817 0.0239 0.0217 10.3271 "" "" 4260078937366714752 2174.35864 0.4061 0.0259 2.082 -1.368 0.029 0.026 1.031 5265.4 2.4723 14.835153 2.72905 16.37783 13.648781 -16.58 3.99 2070.69092 2278.47461 21922.27487 11.928 3839.6 15.964 27520.0 26.622 "" "" 0.0028179388139167876 0.00530688 0.0039226105 0.0092294905 281.40956912567 -1.11267535817 2174.35864 2.081999999999999 -1.368 2.153800000965595 0.18342855644226064 0.10405686 0.10105686 -0.36999999999999744 4.93 22.27841026787085 22.28148253738008 2.317746981120288 2.3188729645662685
280.96743583752 -1.14065786142 0.0226 0.0219 16.4713 "" "" 4260174182577882368 2217.33374 0.4082 0.028 -1.779 1.436 0.027 0.026 0.976 4840.7 2.5141 14.836023 2.463727 16.176054 13.712327 30.83 3.54 2099.07129 2389.65991 21904.69685 8.8089 4623.8 9.7983 25955.0 22.537 "" "" 0.002789700864824733 0.003616443 0.0038951915 0.0075116344 280.96743583752 -1.14065786142 2217.33374 -1.779 1.436 -1.7071999990344047 2.9874285564422607 0.10205686 0.10105686 47.04 4.48 36.163604296653695 59.334373475456445 3.6635159784724927 4.195287562225547
280.97763561872 -1.3075111232 0.0233 0.0241 18.4111 "" "" 4260163118741897216 1910.47034 0.4801 0.0291 0.748 -0.482 0.029 0.031 0.97 "" "" 14.837786 2.475929 16.189829 13.7139 -54.46 5.48 1809.11829 2023.84863 21869.1827 12.347 4565.5 12.293 25918.0 30.0 "" "" 0.002822684149894708 0.0040412294 0.003982852 0.008024082 280.97763561872 -1.3075111232 1910.47034 0.7479999999999993 -0.482 0.8198000009655952 1.0694285564422608 0.10405686 0.106056854 -38.25 6.42 12.202437880193266 40.14924644647737 1.285173118955036 6.128763652740784
281.06735087498 -1.12494930163 0.0263 0.0293 10.584 "" "" 4260175625687585792 2474.35229 0.3609 0.0362 -0.26 -2.013 0.031 0.028 1.058 4739.3 2.6992 14.844345 2.477989 16.19331 13.715321 -40.6 2.56 2282.91699 2736.18188 21737.45592 9.8848 4550.9 10.75 25884.0 43.611 "" "" 0.002799205587879383 0.0037898154 0.0041988245 0.00798864 281.06735087498 -1.12494930163 2474.35229 -0.26 -2.013 -0.18819999903440476 -0.46157144355773916 0.106056854 0.10305686 -24.39 3.5 5.8462127394546695 25.08087525177226 0.6050235576688537 3.406509839203098
281.21298766868 -1.085846846 0.0254 0.0242 4.2905 "" "" 4260266507175948160 2010.47217 0.4573 0.0304 -1.316 -0.699 0.032 0.027 1.135 7410.1 3.3703 14.844792 1.848182 15.744476 13.896295 99.92 7.82 1891.59155 2137.42896 21728.50092 17.817 6880.6 30.508 21910.0 44.168 "" "" 0.0028955823187275516 0.005564193 0.004367403 0.009931596 281.21298766868 -1.085846846 2010.47217 -1.316 -0.699 -1.2441999990344048 0.8524285564422608 0.107056856 0.10205686 116.13 8.76 14.372602819329567 117.0160186119926 1.5160996262414548 8.695665630852936
281.35275776796 -1.24254599769 0.0234 0.0233 8.6183 "" "" 4260075535752729472 2265.33496 0.4007 0.0282 0.511 -2.079 0.029 0.026 0.99 8620.6 3.5339 14.848424 2.020582 15.867194 13.846612 -29.89 7.92 2129.4231 2432.78198 21655.9418 9.5615 6145.2 17.71 22936.0 16.983 "" "" 0.0027967101238635422 0.0041923434 0.0038639407 0.008056284 281.35275776796 -1.24254599769 2265.33496 0.511 -2.079 0.5828000009655953 -0.5275714435577394 0.10405686 0.10105686 -13.68 8.86 8.441130286572516 16.074672018890208 0.8670437939944716 7.553843971584751
281.2021446289 -1.44854039088 0.0226 0.0222 17.9928 "" "" 4259975342758534784 2431.20752 0.3676 0.027 1.373 -0.381 0.027 0.023 0.994 5259.3 2.8276 14.848887 2.500829 16.215704 13.714875 -21.68 4.33 2319.39771 2582.97705 21646.7174 9.7476 4458.0 13.92 25895.0 17.557 "" "" 0.0027983608631566097 0.0043907184 0.0038504058 0.008241124 281.2021446289 -1.44854039088 2431.20752 1.372999999999999 -0.38099999999999995 1.4448000009655952 1.1704285564422607 0.10205686 0.09805686 -5.469999999999999 5.27 21.427526880946466 22.1146966570578 2.153273405365275 2.4600968408503423
281.28769048498 -1.18831280149 0.0256 0.0242 3.5369 "" "" 4260076905840587648 2368.00684 0.3905 0.032 -0.059 -1.583 0.03 0.025 1.003 9714.8 3.6527 14.850636 1.397915 15.47302 14.075105 "" "" 2239.40601 2503.12085 21611.87476 22.687 8835.0 32.536 18583.0 53.485 "" "" 0.002981747065573975 0.004875647 0.0049039703 0.009779617 281.28769048498 -1.18831280149 2368.00684 -0.05900000000000001 -1.583 0.012800000965595248 -0.03157144355773922 0.10505686 0.10005686 "" "" 0.3823858759939367 "" 0.0385359846803432 ""
281.08646037193 -1.23953550906 0.0229 0.0215 10.7178 "" "" 4260169544012943232 2223.33203 0.401 0.0261 -5.819 -4.835 0.028 0.024 1.003 4637.1 2.3364 14.855558 2.555165 16.266111 13.710946 -48.48 3.82 2109.35522 2368.24683 21514.1031 13.17 4255.7 14.906 25988.0 23.668 "" "" 0.0028343493942698957 0.004716679 0.003906593 0.008623272 281.08646037193 -1.23953550906 2223.33203 -5.819000000000002 -4.835 -5.747199999034405 -3.2835714435577392 0.10305686 0.099056855 -32.269999999999996 4.7599998 69.75573924030782 76.85841565477277 7.1211563202750385 6.765020320049788
281.25882134807 -1.20438728424 0.0265 0.0238 3.3451 "" "" 4259983000670960000 2431.20532 0.3697 0.0307 -0.658 -3.272 0.032 0.026 1.032 15050.9 3.8871 14.856368 2.468487 16.138458 13.669971 -4.18 5.27 2227.88037 2612.81982 21498.06439 15.887 4786.7 139.17 26988.0 279.4 "" "" 0.0028697671947935928 0.0316901 0.011858721 0.04354882 281.25882134807 -1.20438728424 2431.20532 -0.6580000000000001 -3.2720000000000016 -0.5861999990344048 -1.720571443557739 0.107056856 0.10105686 12.030000000000001 6.21 20.94690053171116 24.155610981413847 2.1302449159026455 3.602398646797195
281.11960865684 -1.37158190914 0.0226 0.0217 15.1138 "" "" 4259979740805207680 2272.4292 0.3985 0.0262 -1.276 -4.507 0.026 0.023 1.02 "" "" 14.858733 2.29119 16.06848 13.777289 24.17 5.59 2142.1084 2426.43579 21451.2985 8.4784 5105.3 15.145 24448.0 21.199 "" "" 0.002788536959355216 0.004261339 0.003894875 0.008156214 281.11960865684 -1.37158190914 2272.4292 -1.276 -4.507 -1.2041999990344048 -2.955571443557739 0.10105686 0.09805686 40.38 6.53 34.3763595901362 53.03092021330904 3.385712030117352 5.435053324635794
281.10145020208 -1.34655699661 0.0228 0.0219 14.4272 "" "" 4259980050043149696 2537.89844 0.351 0.0262 -0.678 -4.88 0.027 0.024 0.911 "" "" 14.863584 1.429096 15.489353 14.060257 "" "" 2385.48486 2748.9231 21355.66205 9.0646 8703.1 25.542 18839.0 56.212 "" "" 0.0027935948907519934 0.004235378 0.004977844 0.009213222 281.10145020208 -1.34655699661 2537.89844 -0.678 -4.88 -0.6061999990344048 -3.328571443557739 0.10205686 0.099056855 "" "" 40.70013834727772 "" 4.035604885775389 ""
281.33259272703 -1.1228272334 0.0327 0.0295 5.7077 "" "" 4260265235861130112 1877.80359 0.4959 0.0378 0.447 1.016 0.045 0.039 1.023 "" "" 14.864457 "" "" "" 67.03 8.9 1776.82056 2006.86902 21338.50004 59.483 "" "" "" "" "" "" 0.004092923669740602 "" "" "" 281.33259272703 -1.1228272334 1877.80359 0.447 1.016 0.5188000009655953 2.5674285564422608 0.12005686 0.114056855 83.24000000000001 9.839999 23.314024152512015 86.44328384660034 2.6647503841573825 9.502580188491905
281.07403416239 -1.39415408645 0.0221 0.0217 17.7091 "" "" 4259973792260806272 2612.50195 0.3384 0.0256 3.63 -2.65 0.027 0.024 1.039 4674.9 2.5346 14.86453 2.490983 16.22263 13.731647 -38.83 4.87 2438.69043 2795.49219 21337.0841 10.771 4429.6 14.866 25498.0 19.919 "" "" 0.0028093029157379985 0.004589367 0.0038733874 0.008462755 281.07403416239 -1.39415408645 2612.50195 3.6300000000000003 -2.649999999999998 3.701800000965595 -1.0985714435577392 0.10205686 0.099056855 -22.619999999999997 5.81 47.8163524566718 52.89676703032675 4.868532977371836 5.053813275501563
281.42050492494 -1.35631571163 0.0249 0.0304 16.3164 "" "" 4259965408484513792 2505.0271 0.3416 0.0371 -3.051 -4.452 0.03 0.028 0.992 4705.2 2.5812 14.867815 2.90602 16.548014 13.641993 -14.0 3.61 2307.40259 2743.44531 21272.61225 12.36 3282.5 15.617 27692.0 29.927 "" "" 0.0028266152006228 0.0058709476 0.003957337 0.009828284 281.42050492494 -1.35631571163 2505.0271 -3.0510000000000037 -4.452 -2.979199999034405 -2.900571443557739 0.10505686 0.10305686 2.210000000000001 4.5499997 49.37135491470819 49.42079305428112 5.138985444509774 5.1378750233453125
281.23044766585 -1.44718478359 0.0235 0.0223 17.7665 "" "" 4259974621204008576 2550.87891 0.3425 0.0268 -0.925 -5.875 0.027 0.024 1.068 4953.0 2.706 14.874459 2.548381 16.27619 13.727809 15.01 3.4 2401.61548 2741.13281 21142.82281 8.7284 4216.4 9.7207 25588.0 17.598 "" "" 0.002791539893291973 0.0037484143 0.003852441 0.007600855 281.23044766585 -1.44718478359 2550.87891 -0.9249999999999997 -5.875000000000005 -0.8531999990344048 -4.323571443557739 0.10205686 0.099056855 31.22 4.34 53.28518056263229 61.75758145841145 5.284341378907108 5.059802969857028
281.30063703901 -0.96047254402 0.0239 0.022 11.9809 "" "" 4260272073453341184 2335.72119 0.3755 0.0268 -1.648 -1.293 0.03 0.026 0.936 4869.4 2.7208 14.877686 2.643759 16.353603 13.709845 -2.71 4.53 2206.97559 2474.43018 21080.09215 9.4688 3926.2 12.218 26015.0 20.008 "" "" 0.00279814832831784 0.0043818704 0.0038705308 0.008252401 281.30063703901 -0.96047254402 2335.72119 -1.6480000000000001 -1.2929999999999995 -1.5761999990344047 0.2584285564422608 0.10505686 0.10105686 13.5 5.4700003 17.683608596986744 22.24769680239785 1.8559670546775842 3.632284341978121
281.08700636742 -0.98638825075 0.0217 0.0219 13.5696 "" "" 4260282553173380864 1768.91455 0.5247 0.0266 -1.284 -1.216 0.027 0.024 0.978 "" "" 14.878051 1.409634 15.506658 14.097024 "" "" 1703.12598 1858.65076 21073.0055 6.4474 8565.5 22.094 18212.0 17.311 "" "" 0.0027752725114578718 0.003953255 0.003917754 0.007871009 281.08700636742 -0.98638825075 1768.91455 -1.284 -1.216 -1.2121999990344048 0.3354285564422608 0.10205686 0.099056855 "" "" 10.545820089342325 "" 1.074053924084915 ""
281.08450055815 -1.41064843747 0.0221 0.0219 18.1986 "" "" 4259972937576998400 2561.72705 0.3524 0.0264 -1.935 -6.604 0.026 0.023 1.071 5170.9 2.6087 14.878512 2.508222 16.252998 13.744777 19.06 4.59 2416.45557 2736.02515 21064.0403 9.4114 4307.4 9.9059 25191.0 24.859 "" "" 0.0027976985990108977 0.0037442774 0.003928318 0.007672596 281.08450055815 -1.41064843747 2561.72705 -1.935 -6.603999999999994 -1.8631999990344048 -5.052571443557739 0.10105686 0.09805686 35.269999999999996 5.53 65.3898194273702 74.29536583626249 6.4357183759009775 6.2430807081260244
