Clusters/Pismis_5/Pismis_5_stars_in_region.tsv
# %ECSV 1.0
# ---
# datatype:
# - name: RA_ICRS_1
#   unit: deg
#   datatype: float64
#   format: '{:15.11f}'
#   description: Right ascension (ICRS) at Ep=2016.0 (ra)
#   meta: !!omap
#   - {ucd: POS_EQ_RA_MAIN}
#   - {width: 15}
#   - {precision: '11'}
# - name: DE_ICRS_1
#   unit: deg
#   datatype: float64
#   format: '{:15.11f}'
#   description: Declination (ICRS) at Ep=2016.0 (dec)
#   meta: !!omap
#   - {ucd: POS_EQ_DEC_MAIN}
#   - {width: 15}
#   - {precision: '11'}
# - name: e_RA_ICRS
#   unit: mas
#   datatype: float64
#   format: '{:7.4f}'
#   description: Standard error of right ascension (ra_error)
#   meta: !!omap
#   - {ucd: ERROR}
#   - {width: 7}
#   - {precision: '4'}
# - name: e_DE_ICRS
#   unit: mas
#   datatype: float64
#   format: '{:7.4f}'
#   description: Standard error of declination (dec_error)
#   meta: !!omap
#   - {ucd: ERROR}
#   - {width: 7}
#   - {precision: '4'}
# - name: _r_1
#   unit: ''
#   datatype: float64
#   format: '{:7.4f}'
#   description: Distance from center (129.37330765000-39.64490588000)[ICRS], at Epoch=J2016.0
#   meta: !!omap
#   - {ucd: POS_ANG_DIST_GENERAL}
#   - {width: 7}
#   - {precision: '4'}
# - name: HIP
#   datatype: int32
#   description: '? HIP cross-id number, van Leeuwen, Cat. I/311 (hip_original_ext_source_id)'
#   meta: !!omap
#   - {ucd: ID_NUMBER}
#   - {width: 6}
#   - values: {'null': -2147483648}
# - name: TYC2
#   datatype: string
#   description: Tycho-2 cross-id name, Hog et al., Cat. I/259 (tyc2_original_ext_source_id)
#   meta: !!omap
#   - {ucd: ID_CROSSID}
#   - {_votable_string_dtype: char}
# - name: Source
#   datatype: int64
#   description: Source identifier, identical to the Gaia-EDR3 source_id (id)
#   meta: !!omap
#   - {ucd: ID_MAIN}
#   - {width: 19}
# - name: rgeo
#   unit: pc
#   datatype: float64
#   format: '{:15.8f}'
#   description: '? Median of the geometric distance posterior (r_med_geo)'
#   meta: !!omap
#   - {ucd: PHYS_DISTANCE_TRUE}
#   - {width: 15}
#   - {precision: '8'}
#   - values: {'null': .nan}
# - name: Plx
#   unit: mas
#   datatype: float64
#   format: '{:9.4f}'
#   description: '? Parallax (parallax)'
#   meta: !!omap
#   - {ucd: POS_PARLX_TRIG}
#   - {width: 9}
#   - {precision: '4'}
#   - values: {'null': .nan}
# - name: e_Plx
#   unit: mas
#   datatype: float32
#   format: '{:7.4f}'
#   description: '? Standard error of parallax (parallax_error)'
#   meta: !!omap
#   - {ucd: ERROR}
#   - {width: 7}
#   - {precision: '4'}
#   - values: {'null': .nan}
# - name: pmRA
#   unit: mas / yr
#   datatype: float64
#   format: '{:9.3f}'
#   description: '? Proper motion in right ascension direction, pmRA*cosDE (pmra)'
#   meta: !!omap
#   - {ucd: POS_EQ_PMRA}
#   - {width: 9}
#   - {precision: '3'}
#   - values: {'null': .nan}
# - name: pmDE
#   unit: mas / yr
#   datatype: float64
#   format: '{:9.3f}'
#   description: '? Proper motion in declination direction (pmdec)'
#   meta: !!omap
#   - {ucd: POS_EQ_PMDEC}
#   - {width: 9}
#   - {precision: '3'}
#   - values: {'null': .nan}
# - name: e_pmRA
#   unit: mas / yr
#   datatype: float32
#   format: '{:6.3f}'
#   description: '? Standard error of proper motion in right ascension direction (pmra_error)'
#   meta: !!omap
#   - {ucd: ERROR}
#   - {width: 6}
#   - {precision: '3'}
#   - values: {'null': .nan}
# - name: e_pmDE
[...]
#         value: !astropy.table.SerializedColumn {name: SkyCoord.dec}
#       distance: !astropy.table.SerializedColumn
#         __class__: astropy.coordinates.distances.Distance
#         unit: !astropy.units.Unit {unit: pc}
#         value: !astropy.table.SerializedColumn {name: SkyCoord.distance}
#       frame: icrs
#       obstime: !astropy.time.Time {format: jyear_str, in_subfmt: '*', jd1: 367701545.0, jd2: 0.0, out_subfmt: '*', precision: 3, scale: tt}
#       pm_dec: !astropy.table.SerializedColumn
#         __class__: astropy.units.quantity.Quantity
#         unit: !astropy.units.Unit {unit: mas / yr}
#         value: !astropy.table.SerializedColumn {name: SkyCoord.pm_dec}
#       pm_ra_cosdec: !astropy.table.SerializedColumn
#         __class__: astropy.units.quantity.Quantity
#         unit: !astropy.units.Unit {unit: mas / yr}
#         value: !astropy.table.SerializedColumn {name: SkyCoord.pm_ra_cosdec}
#       ra: !astropy.table.SerializedColumn
#         __class__: astropy.coordinates.angles.Longitude
#         unit: *id001
#         value: !astropy.table.SerializedColumn {name: SkyCoord.ra}
#         wrap_angle: !astropy.coordinates.Angle
#           unit: *id001
#           value: 360.0
#       representation_type: spherical
# schema: astropy-2.0
RA_ICRS_1 DE_ICRS_1 e_RA_ICRS e_DE_ICRS _r_1 HIP TYC2 Source rgeo Plx e_Plx pmRA pmDE e_pmRA e_pmDE RUWE Teff logg Gmag BP-RP BPmag RPmag RV e_RV b_rgeo B_rgeo FG e_FG FBP e_FBP FRP e_FRP RAVE5 RAVE6 e_Gmag e_BPmag e_RPmag e_BP-RP SkyCoord.ra SkyCoord.dec SkyCoord.distance SkyCoord.pm_ra_cosdec SkyCoord.pm_dec rmRA rmDE e_rmRA e_rmDE rRV e_rRV v_pec v_pec3d e_vpec e_vpec3d
[from data line 463]
128.6076629409 -39.38543857032 0.0192 0.0221 38.7081 "" "" 5529342516080405120 1016.73621 0.9494 0.0257 -5.394 8.626 0.025 0.026 1.589 5718.1 3.7117 14.641529 1.73451 15.458821 13.724311 74.07 3.09 990.080444 1043.2124 26202.03373 11.751 8951.3 15.422 25670.0 21.689 "" "" 0.002798014940901169 0.0033591904 0.0038891218 0.0072483122 128.6076629409 -39.38543857032 1016.73621 -5.393999999999998 8.626 0.10589128112792956 4.307456565856933 0.20312603 0.20412603 55.629374999999996 6.1003447 20.765324856977415 59.378666870404125 4.238730818025907 5.904261651802589
128.5509113283 -39.84738610275 0.0139 0.0152 39.8372 "" "" 5528576671870792704 906.342712 1.0707 0.0173 -3.616 -3.37 0.019 0.019 1.002 8087.0 4.1927 14.647193 1.530055 15.34691 13.816855 37.51 6.75 893.18219 921.720459 26065.7037 12.298 9923.2 17.386 23573.0 27.199 "" "" 0.002802534279011549 0.0033769335 0.0039815945 0.0073585277 128.5509113283 -39.84738610275 906.342712 -3.616 -3.37 1.8838912811279296 -7.6885434341430665 0.19712602 0.19712602 19.069375 9.760345 34.00756224030629 38.98916968106568 6.703775259010116 7.548423701289934
129.04259946071 -39.66240716913 0.0129 0.015 15.3131 "" "" 5528664701519815936 896.705688 1.078 0.0175 -3.621 1.885 0.017 0.019 1.043 5176.5 4.1684 14.648718 1.243759 15.188499 13.94474 37.93 6.08 883.354065 910.430725 26029.12662 4.4868 11482.0 15.358 20954.0 19.673 "" "" 0.002761669133296681 0.0031454854 0.0039144377 0.0070599234 129.04259946071 -39.66240716913 896.705688 -3.6210000000000004 1.8850000000000002 1.8788912811279297 -2.4335434341430666 0.19512603 0.19712602 19.489375000000003 9.090345 13.067681266569119 23.464868028081185 2.566250207985239 7.684299416336865
128.72539908796 -40.00702141776 0.0137 0.0164 36.9241 "" "" 5528559320203255680 830.768311 1.1654 0.0179 -14.44 2.471 0.017 0.021 1.001 5632.1 4.4263 14.65439 0.977036 15.059363 14.082327 62.18 5.97 818.783875 842.248901 25893.49461 5.5986 12932.0 13.666 18460.0 11.506 "" "" 0.0027653026707769686 0.0030168667 0.0038394914 0.006856358 128.72539908796 -40.00702141776 830.768311 -14.44 2.471 -8.94010871887207 -1.8475434341430663 0.19512603 0.19912602 43.739375 8.980345 35.9486266791873 56.616576066645024 7.020460099805422 8.246429743177156
129.47473427135 -39.74122944749 0.0132 0.0179 7.4384 "" "" 5528607595634767360 853.804688 1.1336 0.0189 -5.881 3.431 0.018 0.022 0.945 5811.2 4.3553 14.657838 1.022869 15.081369 14.0585 57.33 5.15 834.030273 870.734314 25811.40244 5.0569 12673.0 12.262 18869.0 15.22 "" "" 0.0027635189257837704 0.0029813838 0.0038795231 0.006860907 129.47473427135 -39.74122944749 853.804688 -5.881 3.431 -0.38110871887207054 -0.8875434341430664 0.19612601 0.20012602 38.889375 8.160345 3.90906050694214 39.08534561619687 0.7798911120301668 8.119804442102124
128.73022884568 -39.76621716248 0.0127 0.0151 30.5639 "" "" 5528582547385986048 791.564392 1.2296 0.0168 -3.076 -1.159 0.017 0.019 0.979 5443.3 4.422 14.668392 0.924044 15.033799 14.109756 21.49 7.83 782.355774 801.930969 25561.71658 5.8384 13240.0 15.975 17999.0 32.48 "" "" 0.002766457434487922 0.003082401 0.004257044 0.007339445 128.73022884568 -39.76621716248 791.564392 -3.076 -1.1589999999999998 2.4238912811279296 -5.477543434143066 0.19512603 0.19712602 3.0493750000000013 10.840345 22.47414240011362 22.680074173406265 4.4229090552148 4.618745506798608
129.67077498454 -39.67033331694 0.0168 0.0191 13.8251 "" "" 5528630960256964480 777.713867 1.2533 0.021 3.142 -11.019 0.024 0.025 1.197 5763.9 4.4456 14.668852 1.026136 15.093595 14.067459 -8.46 7.69 765.98584 789.282593 25550.89595 4.8604 12531.0 16.85 18714.0 13.601 "" "" 0.0027630500225486665 0.0031490487 0.0038608802 0.007009929 129.67077498454 -39.67033331694 777.713867 3.1419999999999995 -11.019000000000002 8.64189128112793 -15.337543434143067 0.20212603 0.20312603 -26.900624999999998 10.700345 64.89701988502854 70.25145418671713 13.166664823021218 12.834720677980645
129.63501559195 -39.17229079593 0.0144 0.0158 30.8432 "" "" 5528658894723731200 810.671631 1.1972 0.0182 -5.486 7.747 0.018 0.019 1.039 5620.2 4.5457 14.67021 0.985305 15.080146 14.094841 15.73 7.93 800.807373 822.330688 25518.9606 6.0939 12687.0 12.767 18248.0 15.903 "" "" 0.002767491950642861 0.002996462 0.0038960292 0.006892491 129.63501559195 -39.17229079593 810.671631 -5.486 7.747 0.013891281127929922 3.4284565658569335 0.19612601 0.19712602 -2.7106249999999967 10.940345 13.174238874294582 13.45020660836106 2.5969850076691414 3.366245381983486
128.57961746541 -39.47505260532 0.0129 0.0147 38.1022 "" "" 5529341107331625088 760.004517 1.2768 0.0173 -8.033 5.639 0.017 0.018 1.027 5528.3 4.4757 14.672325 0.947656 15.06152 14.113864 29.45 10.51 750.711426 769.907471 25469.28973 13.965 12907.0 32.488 17931.0 27.367 "" "" 0.0028188990676663262 0.0039056023 0.004126704 0.008032306 128.57961746541 -39.47505260532 760.004517 -8.033 5.638999999999997 -2.53310871887207 1.3204565658569338 0.19512603 0.19612601 11.009375000000002 13.520346 10.290728557058927 15.070017655122145 2.010192201567815 9.972192187444232
129.96744806545 -39.31133402665 0.0124 0.0157 34.0248 "" "" 5529017644757207296 927.904785 1.0431 0.0185 -5.646 3.667 0.016 0.019 0.999 6332.6 4.0789 14.677099 1.343837 15.272229 13.928392 17.99 6.37 913.02356 941.109314 25357.53436 7.037 10630.0 15.201 21272.0 16.651 "" "" 0.0027717455657941324 0.0031930637 0.0038737603 0.007066824 129.96744806545 -39.31133402665 927.904785 -5.646000000000001 3.6670000000000007 -0.14610871887207022 -0.6515434341430666 0.19412602 0.19712602 -0.4506249999999987 9.380344 2.9368337200646852 2.97120433325175 0.5785075410671744 1.5332769839305986
129.82912725899 -39.55798213655 0.0136 0.0154 21.7083 "" "" 5528636114217562112 956.678467 1.0133 0.0175 -5.456 3.126 0.019 0.019 1.036 "" "" 14.677788 1.614698 15.427078 13.81238 1.58 5.37 937.201721 971.802307 25341.46315 8.2705 9216.9 12.888 23670.0 18.101 "" "" 0.002778011639332578 0.0031764659 0.0038695096 0.0070459754 129.82912725899 -39.55798213655 956.678467 -5.456000000000003 3.126000000000003 0.04389128112792928 -1.1925434341430665 0.19712602 0.19712602 -16.860625 8.380344 5.411435580588108 17.707747186852423 1.0667347369544022 7.986092718712216
129.41757909625 -40.03318315416 0.0146 0.018 23.3857 "" "" 5528594367136593920 1052.94861 0.9167 0.0201 -1.501 1.955 0.02 0.023 1.048 7053.3 4.0874 14.678617 1.166738 15.173282 14.006544 -1.43 12.79 1027.36877 1077.85388 25322.10083 7.1841 11644.0 11.897 19794.0 18.681 "" "" 0.0027724850954783673 0.003002608 0.003915828 0.006918436 129.41757909625 -40.03318315416 1052.94861 -1.501000000000001 1.9550000000000014 3.99889128112793 -2.3635434341430663 0.19812602 0.20112602 -19.870624999999997 15.800344 23.183861218441567 30.53413104849365 4.611433462242061 10.862148690677895
129.32549792962 -38.94505684339 0.014 0.0167 42.0496 "" "" 5528724281305702400 1092.55066 0.881 0.0189 -3.81 5.289 0.018 0.022 1.076 "" "" 14.680218 1.675807 15.474443 13.798636 40.02 3.64 1074.8689 1112.21057 25284.80171 6.001 8823.5 12.634 23972.0 17.135 "" "" 0.0027673436226407218 0.0031940402 0.0038582406 0.007052281 129.32549792962 -38.94505684339 1092.55066 -3.81 5.289 1.6898912811279296 0.9704565658569333 0.19612601 0.20012602 21.579375000000006 6.650345 10.091828786167486 23.82256144162386 1.9893576656894352 6.082794982630487
128.80121801228 -39.74829705187 0.0156 0.0339 27.1299 "" "" 5528572170744973056 985.193054 0.975 0.0248 -5.173 8.154 0.022 0.038 1.105 "" "" 14.683925 "" "" "" 62.17 7.76 960.449951 1006.37231 25198.62901 41.407 "" "" "" "" "" "" 0.00328250376410344 "" "" "" 128.80121801228 -39.74829705187 985.193054 -5.173000000000002 8.154 0.32689128112792964 3.8354565658569335 0.20012602 0.21612602 43.729375000000005 10.770346 17.975806984567384 47.2798886910391 3.8830418279765992 10.070343989878882
129.02316961024 -40.33220140226 0.0137 0.015 44.2676 "" "" 5528492318713436544 787.233459 1.2336 0.0176 -5.767 -6.213 0.019 0.02 1.008 5295.4 4.4468 14.687476 1.066639 15.13991 14.073271 24.26 5.3 777.252991 798.396179 25116.33506 4.6843 12008.0 14.898 18614.0 12.62 "" "" 0.002762751043702294 0.003098318 0.003850401 0.006948719 129.02316961024 -40.33220140226 787.233459 -5.767 -6.213 -0.26710871887207066 -10.531543434143067 0.19712602 0.19812602 5.819375000000004 8.310345 39.31095080166896 39.739350502013274 7.788496940444803 7.8000539071687545
128.76837484694 -39.74666251812 0.0128 0.0151 28.5873 "" "" 5528572411263150592 835.493896 1.162 0.0168 -14.959 24.117 0.017 0.019 0.954 5848.8 4.5332 14.694156 0.907225 15.062501 14.155276 29.79 8.5 823.089661 847.42572 24962.29812 4.903 12895.0 12.778 17260.0 12.004 "" "" 0.0027635606744584582 0.0029904142 0.003854078 0.006844492 128.76837484694 -39.74666251812 835.493896 -14.958999999999998 24.117000000000015 -9.45910871887207 19.798456565856934 0.19512603 0.19712602 11.349375000000002 11.510345 86.8958130949845 87.63384418322127 17.09726132427955 17.01868414888997
129.41144036645 -40.18466729872 0.0151 0.0193 32.4332 "" "" 5528590931162797952 943.794495 1.0245 0.0211 -5.396 4.112 0.02 0.024 1.04 "" "" 14.694373 1.449765 15.34977 13.900004 "" "" 923.26709 964.148315 24957.2941 18.972 9897.1 27.567 21835.0 57.857 "" "" 0.002876281906572729 0.0041146856 0.0047497754 0.0088644605 129.41144036645 -40.18466729872 943.794495 -5.396 4.112 0.10389128112792978 -0.2065434341430663 0.19812602 0.20212603 "" "" 1.0342944980559858 "" 0.2082290755219265 ""
130.13544836435 -39.65463660917 0.0136 0.0148 35.2138 "" "" 5528444661754796416 794.197937 1.2225 0.0171 -4.433 -3.791 0.019 0.019 1.027 5646.5 4.4794 14.694802 0.927593 15.073851 14.146257 38.34 10.03 783.777832 804.236084 24947.42277 4.8064 12761.0 15.176 17404.0 14.689 "" "" 0.0027632490556570187 0.0030744546 0.0038888878 0.0069633424 130.13544836435 -39.65463660917 794.197937 -4.433000000000002 -3.790999999999999 1.0668912811279299 -8.109543434143067 0.19712602 0.19712602 19.899375000000006 13.040344 30.791421288052916 36.66192507669208 6.069790206131146 8.722780847070464
129.67531226662 -39.34330753657 0.0125 0.0157 22.869 "" "" 5528653843842236160 968.18512 0.9952 0.0177 -6.185 5.589 0.017 0.02 1.037 "" "" 14.695375 1.788361 15.555732 13.76737 44.32 6.11 953.485229 985.72699 24934.27304 5.8538 8187.0 15.221 24672.0 18.614 "" "" 0.0027670854883501995 0.0034437845 0.0038671335 0.007310918 129.67531226662 -39.34330753657 968.18512 -6.185 5.588999999999997 -0.6851087188720699 1.270456565856934 0.19512603 0.19812602 25.879375000000003 9.120345 6.624095766768195 26.713679924674203 1.3079550785915803 8.841454850340654
129.64901727852 -40.1787750434 0.0137 0.0171 34.4537 "" "" 5528401299765492480 1040.94775 0.9318 0.0191 -9.55 10.364 0.018 0.024 1.002 6304.2 3.9032 14.696169 1.817926 15.580952 13.763025 2.86 3.97 1022.31323 1062.88745 24916.05603 6.6936 7999.0 19.624 24771.0 17.659 "" "" 0.0027707157719889554 0.0038574664 0.0038578256 0.0077152923 129.64901727852 -40.1787750434 1040.94775 -9.55 10.364 -4.050108718872071 6.045456565856934 0.19612601 0.20212603 -15.580624999999998 6.980345 35.9041005133707 39.13898707254508 7.191107775169103 7.158121691974574
130.02692022219 -39.52930576643 0.0213 0.0221 31.0083 "" "" 5528449403398688512 945.945496 1.0202 0.0265 -8.857 9.788 0.027 0.027 1.692 7329.9 3.7785 14.696442 2.369395 15.836648 13.467253 14.1 2.98 926.727722 974.125854 24909.78886 11.421 6320.6 96.305 32528.0 373.33 "" "" 0.002799928251944284 0.016776668 0.01302172 0.029798388 130.02692022219 -39.52930576643 945.945496 -8.857 9.788 -3.3571087188720696 5.469456565856934 0.20512602 0.20512602 -4.3406249999999975 5.990345 28.774957937051024 29.10050222366756 5.902492520525315 5.904461336911504
129.85580979036 -40.17903909936 0.0131 0.0151 38.9891 "" "" 5528394668335934336 1060.73462 0.9046 0.0168 -4.381 5.035 0.017 0.02 0.985 7987.9 4.0748 14.697094 1.483437 15.370033 13.886597 "" "" 1044.47388 1079.68713 24894.83283 5.8043 9714.1 12.592 22106.0 15.49 "" "" 0.0027669243729909056 0.00312503 0.0038551954 0.0069802254 129.85580979036 -40.17903909936 1060.73462 -4.381 5.035 1.1188912811279295 0.7164565658569337 0.19512603 0.19812602 "" "" 6.68013829092409 "" 1.3093280019010471 ""
129.82714122555 -39.27040745825 0.0127 0.0157 30.7718 "" "" 5528655355670633856 1046.54443 0.9225 0.0182 -3.924 3.846 0.016 0.018 1.012 10850.8 4.3435 14.705652 1.442711 15.356696 13.913985 "" "" 1023.24091 1069.18787 24699.36761 5.9963 9834.2 14.199 21556.0 14.741 "" "" 0.002767899351446951 0.0032003915 0.0038516228 0.0070520146 129.82714122555 -39.27040745825 1046.54443 -3.9239999999999995 3.846 1.5758912811279298 -0.4725434341430663 0.19412602 0.19612601 "" "" 8.16128475033138 "" 1.5856706815617787 ""
129.49336179446 -40.04277966328 0.0144 0.0178 24.5047 "" "" 5528593783019984256 812.602295 1.1915 0.0209 -14.859 7.5 0.019 0.023 1.045 5735.5 4.5497 14.708897 0.931536 15.088428 14.156893 10.15 7.77 798.107849 825.129761 24625.66586 5.3993 12591.0 17.418 17235.0 21.858 "" "" 0.0027655846889512213 0.0031687494 0.004022408 0.007191157 129.49336179446 -40.04277966328 812.602295 -14.859 7.5 -9.35910871887207 3.1814565658569336 0.19712602 0.20112602 -8.290624999999997 10.780345 38.074663630644416 38.96683812522311 7.521425662459916 7.698815763707903
129.50242988962 -39.81543820257 0.0127 0.0163 11.8403 "" "" 5528604984294657152 864.054749 1.123 0.0176 -5.315 10.708 0.017 0.021 1.028 5412.0 4.3675 14.715306 0.894505 15.074776 14.18027 "" "" 850.022705 878.138733 24480.72015 4.7783 12750.0 14.958 16867.0 15.207 "" "" 0.0027634579455023964 0.003067167 0.0039040921 0.006971259 129.50242988962 -39.81543820257 864.054749 -5.3149999999999995 10.707999999999998 0.1848912811279293 6.389456565856934 0.19512603 0.19912602 "" "" 26.179736843128353 "" 5.212980070906583 ""
129.4515186259 -39.98988959425 0.0136 0.017 21.0105 "" "" 5528594916891349248 825.07312 1.1736 0.0194 1.042 12.352 0.018 0.023 0.911 5817.8 4.4513 14.72517 0.925276 15.101484 14.176208 "" "" 811.128601 838.499695 24259.31526 5.0128 12440.0 14.14 16931.0 15.117 "" "" 0.0027644388841791432 0.0030509133 0.003901728 0.0069526415 129.4515186259 -39.98988959425 825.07312 1.0419999999999994 12.352 6.5418912811279295 8.033456565856934 0.19612601 0.20112602 "" "" 40.51696821661387 "" 8.068850492883003 ""
129.45619670281 -39.47020737578 0.0134 0.0183 11.1612 "" "" 5528648415003672192 837.889221 1.1601 0.0188 -7.306 5.263 0.017 0.022 1.02 5292.8 4.3646 14.726402 0.983292 15.134715 14.151423 38.0 8.48 824.694031 851.368896 24231.81077 10.258 12065.0 20.67 17322.0 21.995 "" "" 0.0027933925797391664 0.0033533624 0.00402298 0.0073763425 129.45619670281 -39.47020737578 837.889221 -7.305999999999999 5.263 -1.8061087188720704 0.9444565658569335 0.19512603 0.20012602 19.559375000000003 11.490345 8.094678379832953 21.16820654811267 1.5882602716696879 10.63441024356716
128.62253737262 -39.30477051808 0.0329 0.0388 40.3177 "" "" 5529439754141490688 882.551147 1.1097 0.0456 -8.476 6.53 0.048 0.047 2.485 5616.5 4.4952 14.727592 1.147689 15.21712 14.069431 26.34 6.34 846.297119 921.014465 24205.26066 5.3034 11183.0 11.684 18680.0 18.981 "" "" 0.002765570315083435 0.0030119529 0.0039371112 0.0069490643 128.62253737262 -39.30477051808 882.551147 -8.476000000000003 6.530000000000001 -2.976108718872071 2.211456565856934 0.22612602 0.22512603 7.899375000000003 9.350346 15.510801773767946 17.40646710437669 3.501886029013894 5.267226877388996
