Clusters/Pismis_5/Pismis_5_stars_in_region.tsv
# %ECSV 1.0
# ---
# datatype:
# - name: RA_ICRS_1
#   unit: deg
#   datatype: float64
#   format: '{:15.11f}'
#   description: Right ascension (ICRS) at Ep=2016.0 (ra)
#   meta: !!omap
#   - {ucd: POS_EQ_RA_MAIN}
#   - {width: 15}
#   - {precision: '11'}
# - name: DE_ICRS_1
#   unit: deg
#   datatype: float64
#   format: '{:15.11f}'
#   description: Declination (ICRS) at Ep=2016.0 (dec)
#   meta: !!omap
#   - {ucd: POS_EQ_DEC_MAIN}
#   - {width: 15}
#   - {precision: '11'}
# - name: e_RA_ICRS
#   unit: mas
#   datatype: float64
#   format: '{:7.4f}'
#   description: Standard error of right ascension (ra_error)
#   meta: !!omap
#   - {ucd: ERROR}
#   - {width: 7}
#   - {precision: '4'}
# - name: e_DE_ICRS
#   unit: mas
#   datatype: float64
#   format: '{:7.4f}'
#   description: Standard error of declination (dec_error)
#   meta: !!omap
#   - {ucd: ERROR}
#   - {width: 7}
#   - {precision: '4'}
# - name: _r_1
#   unit: ''
#   datatype: float64
#   format: '{:7.4f}'
#   description: Distance from center (129.37330765000-39.64490588000)[ICRS], at Epoch=J2016.0
#   meta: !!omap
#   - {ucd: POS_ANG_DIST_GENERAL}
#   - {width: 7}
#   - {precision: '4'}
# - name: HIP
#   datatype: int32
#   description: '? HIP cross-id number, van Leeuwen, Cat. I/311 (hip_original_ext_source_id)'
#   meta: !!omap
#   - {ucd: ID_NUMBER}
#   - {width: 6}
#   - values: {'null': -2147483648}
# - name: TYC2
#   datatype: string
#   description: Tycho-2 cross-id name, Hog et al., Cat. I/259 (tyc2_original_ext_source_id)
#   meta: !!omap
#   - {ucd: ID_CROSSID}
#   - {_votable_string_dtype: char}
# - name: Source
#   datatype: int64
#   description: Source identifier, identical to the Gaia-EDR3 source_id (id)
#   meta: !!omap
#   - {ucd: ID_MAIN}
#   - {width: 19}
# - name: rgeo
#   unit: pc
#   datatype: float64
#   format: '{:15.8f}'
#   description: '? Median of the geometric distance posterior (r_med_geo)'
#   meta: !!omap
#   - {ucd: PHYS_DISTANCE_TRUE}
#   - {width: 15}
#   - {precision: '8'}
#   - values: {'null': .nan}
# - name: Plx
#   unit: mas
#   datatype: float64
#   format: '{:9.4f}'
#   description: '? Parallax (parallax)'
#   meta: !!omap
#   - {ucd: POS_PARLX_TRIG}
#   - {width: 9}
#   - {precision: '4'}
#   - values: {'null': .nan}
# - name: e_Plx
#   unit: mas
#   datatype: float32
#   format: '{:7.4f}'
#   description: '? Standard error of parallax (parallax_error)'
#   meta: !!omap
#   - {ucd: ERROR}
#   - {width: 7}
#   - {precision: '4'}
#   - values: {'null': .nan}
# - name: pmRA
#   unit: mas / yr
#   datatype: float64
#   format: '{:9.3f}'
#   description: '? Proper motion in right ascension direction, pmRA*cosDE (pmra)'
#   meta: !!omap
#   - {ucd: POS_EQ_PMRA}
#   - {width: 9}
#   - {precision: '3'}
#   - values: {'null': .nan}
# - name: pmDE
#   unit: mas / yr
#   datatype: float64
#   format: '{:9.3f}'
#   description: '? Proper motion in declination direction (pmdec)'
#   meta: !!omap
#   - {ucd: POS_EQ_PMDEC}
#   - {width: 9}
#   - {precision: '3'}
#   - values: {'null': .nan}
# - name: e_pmRA
#   unit: mas / yr
#   datatype: float32
#   format: '{:6.3f}'
#   description: '? Standard error of proper motion in right ascension direction (pmra_error)'
#   meta: !!omap
#   - {ucd: ERROR}
#   - {width: 6}
#   - {precision: '3'}
#   - values: {'null': .nan}
# - name: e_pmDE
[...]
#         value: !astropy.table.SerializedColumn {name: SkyCoord.dec}
#       distance: !astropy.table.SerializedColumn
#         __class__: astropy.coordinates.distances.Distance
#         unit: !astropy.units.Unit {unit: pc}
#         value: !astropy.table.SerializedColumn {name: SkyCoord.distance}
#       frame: icrs
#       obstime: !astropy.time.Time {format: jyear_str, in_subfmt: '*', jd1: 367701545.0, jd2: 0.0, out_subfmt: '*', precision: 3, scale: tt}
#       pm_dec: !astropy.table.SerializedColumn
#         __class__: astropy.units.quantity.Quantity
#         unit: !astropy.units.Unit {unit: mas / yr}
#         value: !astropy.table.SerializedColumn {name: SkyCoord.pm_dec}
#       pm_ra_cosdec: !astropy.table.SerializedColumn
#         __class__: astropy.units.quantity.Quantity
#         unit: !astropy.units.Unit {unit: mas / yr}
#         value: !astropy.table.SerializedColumn {name: SkyCoord.pm_ra_cosdec}
#       ra: !astropy.table.SerializedColumn
#         __class__: astropy.coordinates.angles.Longitude
#         unit: *id001
#         value: !astropy.table.SerializedColumn {name: SkyCoord.ra}
#         wrap_angle: !astropy.coordinates.Angle
#           unit: *id001
#           value: 360.0
#       representation_type: spherical
# schema: astropy-2.0
RA_ICRS_1 DE_ICRS_1 e_RA_ICRS e_DE_ICRS _r_1 HIP TYC2 Source rgeo Plx e_Plx pmRA pmDE e_pmRA e_pmDE RUWE Teff logg Gmag BP-RP BPmag RPmag RV e_RV b_rgeo B_rgeo FG e_FG FBP e_FBP FRP e_FRP RAVE5 RAVE6 e_Gmag e_BPmag e_RPmag e_BP-RP SkyCoord.ra SkyCoord.dec SkyCoord.distance SkyCoord.pm_ra_cosdec SkyCoord.pm_dec rmRA rmDE e_rmRA e_rmDE rRV e_rRV v_pec v_pec3d e_vpec e_vpec3d
[from data line 1437]
129.74117367132 -40.18713527817 0.0378 0.046 36.6746 "" "" 5528406247567797248 1045.61365 0.938 0.0511 -6.25 17.332 0.051 0.062 0.952 4779.5 4.3439 16.912216 1.749392 17.756083 16.006691 "" "" 992.364319 1104.59216 3236.38401 2.0437 1078.9 12.514 3136.8 12.973 "" "" 0.002839341422250431 0.012898684 0.0058691357 0.018767819 129.74117367132 -40.18713527817 1045.61365 -6.249999999999998 17.332 -0.7501087188720703 13.013456565856934 0.22912602 0.24012601 "" "" 64.60446366064309 "" 15.51091275979442 ""
129.43655967783 -39.99825480986 0.038 0.0475 21.4004 "" "" 5528594882531614464 792.227844 1.2228 0.0556 -10.187 8.301 0.052 0.065 0.982 4419.6 4.5615 16.912971 1.636032 17.698362 16.06233 "" "" 761.450867 826.86969 3234.13316 2.0822 1137.8 7.9201 2980.1 10.905 "" "" 0.0028426073668651945 0.008056284 0.0054834746 0.0135397585 129.43655967783 -39.99825480986 792.227844 -10.187 8.301000000000002 -4.68710871887207 3.9824565658569338 0.23012602 0.24312602 "" "" 23.096202489980165 "" 5.442935388310797 ""
130.11815499302 -39.64136420732 0.0381 0.04 34.414 "" "" 5528444829255698304 884.95697 1.1187 0.0483 -8.391 3.173 0.051 0.052 1.052 4482.2 4.6573 16.912989 1.505665 17.617727 16.112062 "" "" 852.198669 921.803955 3234.08302 1.8367 1225.5 8.6522 2846.6 8.6844 "" "" 0.0028234728009408393 0.008157459 0.005025481 0.01318294 130.11815499302 -39.64136420732 884.95697 -8.391 3.173 -2.8911087188720703 -1.1455434341430664 0.22912602 0.23012602 "" "" 13.044614038900155 "" 2.990633933774101 ""
129.59037297799 -40.13024846716 0.0385 0.0478 30.7875 "" "" 5528404701379192704 995.590942 0.9952 0.0555 -3.193 -14.826 0.051 0.066 1.033 4549.5 4.6638 16.914621 1.643192 17.698828 16.055635 "" "" 945.912048 1044.57251 3229.22606 1.9755 1137.3 9.3151 2998.5 12.638 "" "" 0.0028342475499323594 0.00932021 0.0059350412 0.015255251 129.59037297799 -40.13024846716 995.590942 -3.1929999999999996 -14.826 2.3068912811279296 -19.144543434143067 0.22912602 0.24412602 "" "" 90.99857288111374 "" 22.19617596517369 ""
129.28416504638 -39.44002096868 0.0377 0.0467 12.9666 "" "" 5528673772490622336 865.842773 1.111 0.0518 -5.523 4.325 0.049 0.059 1.022 6119.7 3.9223 16.914772 2.795793 18.486979 15.691185 "" "" 832.107666 909.261902 3228.77747 4.0893 550.33 9.0778 4194.5 22.127 "" "" 0.003079398814731723 0.018125469 0.0068620853 0.024987554 129.28416504638 -39.44002096868 865.842773 -5.523 4.325000000000001 -0.02310871887207 0.006456565856933771 0.22712602 0.23712602 "" "" 0.09847263109072062 "" 0.022438453329139563 ""
129.79941312522 -39.49447298368 0.0383 0.0439 21.6764 "" "" 5528639447111865984 876.71582 1.1219 0.051 -3.602 6.213 0.05 0.053 0.962 4980.2 4.6589 16.917408 1.778194 17.782808 16.004614 "" "" 842.549805 913.321899 3220.94527 1.926 1052.7 9.9573 3142.8 11.985 "" "" 0.0028307748775292132 0.010642063 0.00560597 0.016248032 129.79941312522 -39.49447298368 876.71582 -3.6020000000000008 6.213 1.8978912811279298 1.8944565658569337 0.22812602 0.23112603 "" "" 11.143728707843534 "" 2.558914414251692 ""
129.33971070995 -39.33451515799 0.038 0.0494 18.6883 "" "" 5528697858667181056 826.79425 1.1808 0.0528 -8.533 9.724 0.054 0.064 1.054 4536.9 4.6565 16.917658 1.65649 17.682728 16.026237 "" "" 792.839478 870.053101 3220.20813 1.9703 1154.3 8.3398 3080.8 15.5 "" "" 0.0028342725872719907 0.008325868 0.006642498 0.014968366 129.33971070995 -39.33451515799 826.79425 -8.533000000000001 9.723999999999995 -3.03310871887207 5.405456565856934 0.23212603 0.24212602 "" "" 24.291099551385784 "" 5.82426236053839 ""
129.50750720239 -39.96478509153 0.0388 0.0478 20.1649 "" "" 5528600654967640448 1087.48816 0.9102 0.057 -11.469 10.249 0.054 0.066 0.98 5631.5 4.684 16.920397 1.617542 17.670956 16.053413 "" "" 1022.31659 1147.87463 3212.09229 1.9757 1166.9 10.33 3004.6 12.184 "" "" 0.0028350958652339883 0.010008291 0.0058024344 0.015810726 129.50750720239 -39.96478509153 1087.48816 -11.468999999999998 10.248999999999999 -5.96910871887207 5.930456565856934 0.23212603 0.24412602 "" "" 43.373180363662556 "" 10.32987087996204 ""
130.01858849331 -39.34198994265 0.0365 0.0457 34.9713 "" "" 5529014449301529856 875.382629 1.1171 0.0531 -40.268 29.242 0.048 0.058 1.034 4380.2 4.4938 16.925327 1.451174 17.59533 16.144156 "" "" 836.534119 926.202576 3197.54036 1.7135 1251.1 9.3677 2763.7 8.9474 "" "" 0.0028160805614682546 0.008595012 0.005161321 0.013756333 130.01858849331 -39.34198994265 875.382629 -40.268 29.241999999999997 -34.76810871887207 24.923456565856934 0.22612602 0.23612602 "" "" 177.50141489487794 "" 40.74887136835833 ""
128.84867337596 -39.20877980149 0.0403 0.0428 35.7203 "" "" 5529444186546321280 889.870728 1.092 0.0522 -6.996 8.978 0.058 0.054 1.019 4772.9 4.5976 16.926409 1.805054 17.81082 16.005766 "" "" 855.418701 927.000244 3194.3573 2.3681 1025.9 9.1873 3139.4 8.5881 "" "" 0.0028704790796389317 0.010115569 0.0048068045 0.014922374 128.84867337596 -39.20877980149 889.870728 -6.996 8.978 -1.4961087188720708 4.659456565856933 0.23612602 0.23212603 "" "" 20.641812913965857 "" 4.799279202427492 ""
130.05127542759 -39.61118262466 0.0386 0.043 31.3955 "" "" 5528448097728639488 878.111084 1.1127 0.0491 -1.038 -3.401 0.053 0.057 1.039 4499.9 4.6113 16.928818 1.622103 17.700668 16.078566 "" "" 840.276428 921.020325 3187.27606 1.8964 1135.4 11.677 2935.8 11.603 "" "" 0.0028300369826447192 0.011509553 0.0057181483 0.017227702 130.05127542759 -39.61118262466 878.111084 -1.0380000000000003 -3.4010000000000025 4.461891281127929 -7.719543434143066 0.23112603 0.23512602 "" "" 37.11170318616248 "" 8.688990816852094 ""
129.40095076033 -39.5782748161 0.0392 0.0495 4.1971 "" "" 5528623985229730176 904.504395 1.0862 0.0534 -5.47 4.44 0.055 0.063 0.999 4216.2 4.1288 16.929426 2.255296 18.140331 15.885036 "" "" 858.038208 953.970215 3185.48883 6.2136 757.33 11.353 3508.7 19.833 "" "" 0.0034751981084545466 0.016513502 0.0072075166 0.023721019 129.40095076033 -39.5782748161 904.504395 -5.47 4.44 0.029891281127929936 0.12145656585693398 0.23312601 0.24112603 "" "" 0.5362649214816992 "" 0.129066264353733 ""
130.19753276043 -39.67851086795 0.0371 0.0409 38.1238 "" "" 5528444043279497088 933.733826 1.0409 0.0481 -7.023 6.546 0.052 0.052 1.025 4525.6 4.4497 16.92993 1.598373 17.689 16.090626 "" "" 901.553528 971.480225 3184.01107 1.9502 1147.7 8.8926 2903.4 10.482 "" "" 0.002834436294005999 0.0088631315 0.0054450342 0.014308166 130.19753276043 -39.67851086795 933.733826 -7.023 6.545999999999999 -1.52310871887207 2.227456565856934 0.23012602 0.23012602 "" "" 11.942893570623545 "" 2.7483706040136586 ""
130.06772811604 -39.32695639702 0.0347 0.0449 37.3892 "" "" 5529014689819672192 927.82373 1.0493 0.0517 -6.97 -3.233 0.046 0.055 1.006 4529.0 4.4989 16.930803 1.569164 17.65809 16.088926 "" "" 887.286438 975.975159 3181.45474 1.8021 1180.8 8.5728 2908.0 8.9451 "" "" 0.002823122106792471 0.008361863 0.0050435816 0.013405444 130.06772811604 -39.32695639702 927.82373 -6.97 -3.2329999999999997 -1.47010871887207 -7.551543434143067 0.22412603 0.23312601 "" "" 33.834291259080956 "" 7.876741411297322 ""
128.78901733185 -39.31556565165 0.0609 0.0769 33.5059 "" "" 5529437520752480512 961.577454 1.0214 0.0853 -6.454 3.343 0.083 0.09 2.055 4833.4 4.6932 16.930836 1.884923 17.80384 15.918918 "" "" 895.840454 1051.97461 3181.35544 3.3959 1032.5 8.4408 3400.9 8.7838 "" "" 0.0029891418203205535 0.009304225 0.004706103 0.014010329 128.78901733185 -39.31556565165 961.577454 -6.4540000000000015 3.343 -0.95410871887207 -0.9755434341430664 0.261126 0.268126 "" "" 6.219470842091545 "" 1.6464611411193328 ""
129.77778512988 -39.99377389738 0.1089 0.1195 28.0285 "" "" 5528409855339915264 854.01532 1.1719 0.1434 -6.003 2.616 0.147 0.16 2.804 "" "" 16.937843 2.585298 18.300941 15.715644 "" "" 760.590271 1001.62518 3160.88978 14.862 653.19 13.006 4101.1 38.64 "" "" 0.00580106813298675 0.021797959 0.010905484 0.032703444 129.77778512988 -39.99377389738 854.01532 -6.003 2.6159999999999997 -0.5031087188720704 -1.7025434341430663 0.32512602 0.338126 "" "" 7.186566291574249 "" 2.422595032122439 ""
129.83413098622 -39.9681851251 0.0409 0.0446 28.7644 "" "" 5528410130217814400 840.972351 1.1701 0.0513 4.962 -3.962 0.055 0.057 0.998 4338.7 4.5222 16.939167 1.571362 17.674227 16.102865 "" "" 808.881042 870.691101 3157.03644 1.8998 1163.4 6.1928 2870.9 7.0495 "" "" 0.002831725399623263 0.006417666 0.0046250867 0.011042753 129.83413098622 -39.9681851251 840.972351 4.962000000000001 -3.9620000000000015 10.46189128112793 -8.280543434143066 0.23312601 0.23512602 "" "" 53.185434519595184 "" 12.439987018362453 ""
129.26407642981 -39.41003142186 0.0377 0.0449 14.9717 "" "" 5528674047368527104 762.502136 1.2842 0.0495 -5.587 -1.312 0.05 0.059 1.032 4442.9 4.608 16.94241 1.628986 17.7297 16.100714 "" "" 736.974365 794.893799 3147.62507 2.032 1105.4 12.624 2876.6 7.9405 "" "" 0.0028430741204876413 0.0127094835 0.004823482 0.017532965 129.26407642981 -39.41003142186 762.502136 -5.587 -1.3119999999999994 -0.08710871887207006 -5.630543434143067 0.22812602 0.23712602 "" "" 20.352683823785664 "" 4.826107964342543 ""
129.95002733474 -40.24000926713 0.0349 0.0453 44.4831 "" "" 5528391850837378944 862.663086 1.1448 0.0484 -19.707 -9.693 0.048 0.057 0.913 4577.6 4.4105 16.944273 1.593006 17.694527 16.10152 "" "" 820.002563 902.97937 3142.22458 1.7895 1141.8 5.3947 2874.4 12.092 "" "" 0.0028238482060268227 0.005839523 0.0059283613 0.011767885 129.95002733474 -40.24000926713 862.663086 -19.707 -9.692999999999998 -14.207108718872071 -14.011543434143066 0.22612602 0.23512602 "" "" 81.5926904545056 "" 18.815890294210387 ""
130.21555163965 -39.62926679423 0.0395 0.0418 38.9279 "" "" 5528444386876870272 944.051758 1.0314 0.0515 -5.861 3.371 0.051 0.054 1.003 4711.7 4.4388 16.94819 1.840809 17.857485 16.016676 "" "" 902.630005 993.304932 3130.91133 1.7405 982.7 9.7122 3108.0 7.8639 "" "" 0.002820653471335109 0.011087344 0.0046723145 0.015759658 130.21555163965 -39.62926679423 944.051758 -5.861000000000001 3.371000000000002 -0.3611087188720701 -0.9475434341430664 0.22912602 0.23212603 "" "" 4.537545426700061 "" 1.0515658143711373 ""
129.45751985047 -40.20831349454 0.0403 0.0535 34.0258 "" "" 5528403361349413888 901.594666 1.0906 0.0589 -5.625 3.667 0.053 0.066 0.948 4911.3 4.2843 16.948574 2.226409 18.097696 15.871287 "" "" 858.925903 938.688782 3129.80364 10.755 787.66 13.025 3553.4 37.034 "" "" 0.004638066629688067 0.018169595 0.011930148 0.030099742 129.45751985047 -40.20831349454 901.594666 -5.625 3.667000000000001 -0.1251087188720703 -0.6515434341430666 0.23112603 0.24412602 "" "" 2.835276863868624 "" 0.690887884891821 ""
130.12655761505 -39.64150808364 0.0388 0.0412 34.8021 "" "" 5528444730474272256 847.280457 1.1432 0.0496 -5.425 3.203 0.053 0.052 1.019 3710.4 4.0644 16.953135 2.247716 18.120792 15.873076 "" "" 814.574158 885.431335 3116.68304 13.286 771.08 18.219 3547.5 41.304 "" "" 0.005386407515791607 0.02580495 0.013194235 0.038999185 130.12655761505 -39.64150808364 847.280457 -5.425 3.2029999999999994 0.07489128112792987 -1.1155434341430666 0.23112603 0.23012602 "" "" 4.49022913584078 "" 1.0333387650741521 ""
129.66789331401 -39.14153268845 0.0431 0.0495 33.1476 "" "" 5528660509631407232 1063.34827 0.9324 0.056 1.038 3.693 0.059 0.061 1.071 4905.5 4.3826 16.955587 1.732841 17.793615 16.060774 "" "" 1005.84308 1130.27625 3109.65334 1.8854 1042.2 8.0865 2984.3 7.2816 "" "" 0.0028328664371480385 0.008874338 0.004615386 0.013489724 129.66789331401 -39.14153268845 1063.34827 1.0380000000000007 3.693000000000001 6.53789128112793 -0.6255434341430663 0.23712602 0.23912603 "" "" 33.10323352999837 "" 7.850241208042193 ""
130.23700046609 -39.84928863824 0.0449 0.0467 41.6885 "" "" 5528428718832222592 917.337219 1.0527 0.0562 -5.381 3.701 0.06 0.065 1.028 "" "" 16.957348 "" "" "" "" "" 876.429626 967.117981 3104.61532 11.631 "" "" "" "" "" "" 0.0049129218732140625 "" "" "" 130.23700046609 -39.84928863824 917.337219 -5.380999999999999 3.700999999999997 0.11889128112792946 -0.6175434341430663 0.23812602 0.24312602 "" "" 2.734499643793031 "" 0.6643442037372157 ""
128.76438374999 -39.21074899483 0.0386 0.048 38.4054 "" "" 5529439234442485504 836.147827 1.1643 0.055 -6.896 3.572 0.054 0.059 1.046 4472.2 4.4923 16.961418 1.584297 17.715136 16.130838 "" "" 806.570129 870.563477 3092.99815 2.2787 1120.4 9.3194 2797.8 10.443 "" "" 0.00286907964873496 0.009452261 0.0055414103 0.014993671 128.76438374999 -39.21074899483 836.147827 -6.896000000000001 3.5719999999999983 -1.3961087188720702 -0.7465434341430663 0.23212603 0.23712602 "" "" 6.274666385471631 "" 1.4635476151169042 ""
129.93801979827 -39.23371422048 0.0419 0.052 35.9641 "" "" 5529018950427248896 859.106506 1.145 0.0608 -9.455 9.188 0.053 0.063 1.104 4829.4 4.7028 16.963928 1.7281 17.78765 16.05955 "" "" 811.63092 899.692871 3085.85311 2.3589 1048.0 6.4201 2987.7 8.6284 "" "" 0.0028776079623919013 0.0072128 0.004910761 0.0121235605 129.93801979827 -39.23371422048 859.106506 -9.455 9.188000000000002 -3.9551087188720704 4.869456565856934 0.23112603 0.24112603 "" "" 25.54597637766848 "" 6.0595477510034454 ""
129.44162912616 -39.73050813098 0.0372 0.0508 6.0275 "" "" 5528617937915804160 964.742737 0.9971 0.0545 -5.692 5.108 0.05 0.062 1.0 5015.1 4.2398 16.96547 2.37474 18.234417 15.859677 "" "" 925.402405 1020.6842 3081.4798 8.0268 694.46 11.955 3591.6 28.865 "" "" 0.003948468670773936 0.018897858 0.009509166 0.028407022 129.44162912616 -39.73050813098 964.742737 -5.692 5.108 -0.19210871887207048 0.7894565658569332 0.22812602 0.24012601 "" "" 3.7154406434645515 "" 0.889740359033641 ""
129.12209698915 -39.83596278098 0.0423 0.0513 16.3015 "" "" 5528613642948628096 898.611389 1.092 0.0606 -6.058 4.128 0.057 0.061 1.065 4082.9 4.232 16.96574 2.368749 18.23992 15.871171 "" "" 859.281616 949.773315 3080.70918 6.282 690.95 7.6985 3553.8 19.311 "" "" 0.003534607244763533 0.012414771 0.007006509 0.01942128 129.12209698915 -39.83596278098 898.611389 -6.058 4.128 -0.5581087188720701 -0.1905434341430663 0.23512602 0.23912603 "" "" 2.5119450983134683 "" 0.5916805386562869 ""
129.6530897782 -39.6302928895 0.0415 0.047 12.9572 "" "" 5528631269494470784 775.903076 1.2768 0.0516 5.03 -8.897 0.057 0.058 0.991 4351.9 4.6351 16.967384 1.697548 17.778814 16.081266 "" "" 740.372192 816.361877 3076.04493 1.8712 1056.6 11.205 2928.5 12.817 "" "" 0.0028333738759252487 0.011847228 0.0060715806 0.017918808 129.6530897782 -39.6302928895 775.903076 5.029999999999999 -8.897000000000004 10.52989128112793 -13.215543434143067 0.23512602 0.23612602 "" "" 62.14569918330255 "" 14.6501150686068 ""
129.92205977318 -39.61589404683 0.0416 0.0474 25.4177 "" "" 5528634877266978816 813.357849 1.2084 0.0549 -8.428 5.54 0.06 0.059 1.082 4407.0 4.3781 16.968107 1.637425 17.735003 16.097578 "" "" 779.812744 847.710815 3073.99917 6.9594 1100.1 17.653 2884.9 18.107 "" "" 0.0036924036759553693 0.017644512 0.0077924603 0.025436971 129.92205977318 -39.61589404683 813.357849 -8.428 5.5400000000000045 -2.928108718872071 1.2214565658569336 0.23812602 0.23712602 "" "" 12.231610750803801 "" 2.9108551059762324 ""
