Clusters/Pismis_5/Pismis_5_stars_in_region.tsv
# %ECSV 1.0
# ---
# datatype:
# - name: RA_ICRS_1
#   unit: deg
#   datatype: float64
#   format: '{:15.11f}'
#   description: Right ascension (ICRS) at Ep=2016.0 (ra)
#   meta: !!omap
#   - {ucd: POS_EQ_RA_MAIN}
#   - {width: 15}
#   - {precision: '11'}
# - name: DE_ICRS_1
#   unit: deg
#   datatype: float64
#   format: '{:15.11f}'
#   description: Declination (ICRS) at Ep=2016.0 (dec)
#   meta: !!omap
#   - {ucd: POS_EQ_DEC_MAIN}
#   - {width: 15}
#   - {precision: '11'}
# - name: e_RA_ICRS
#   unit: mas
#   datatype: float64
#   format: '{:7.4f}'
#   description: Standard error of right ascension (ra_error)
#   meta: !!omap
#   - {ucd: ERROR}
#   - {width: 7}
#   - {precision: '4'}
# - name: e_DE_ICRS
#   unit: mas
#   datatype: float64
#   format: '{:7.4f}'
#   description: Standard error of declination (dec_error)
#   meta: !!omap
#   - {ucd: ERROR}
#   - {width: 7}
#   - {precision: '4'}
# - name: _r_1
#   unit: ''
#   datatype: float64
#   format: '{:7.4f}'
#   description: Distance from center (129.37330765000-39.64490588000)[ICRS], at Epoch=J2016.0
#   meta: !!omap
#   - {ucd: POS_ANG_DIST_GENERAL}
#   - {width: 7}
#   - {precision: '4'}
# - name: HIP
#   datatype: int32
#   description: '? HIP cross-id number, van Leeuwen, Cat. I/311 (hip_original_ext_source_id)'
#   meta: !!omap
#   - {ucd: ID_NUMBER}
#   - {width: 6}
#   - values: {'null': -2147483648}
# - name: TYC2
#   datatype: string
#   description: Tycho-2 cross-id name, Hog et al., Cat. I/259 (tyc2_original_ext_source_id)
#   meta: !!omap
#   - {ucd: ID_CROSSID}
#   - {_votable_string_dtype: char}
# - name: Source
#   datatype: int64
#   description: Source identifier, identical to the Gaia-EDR3 source_id (id)
#   meta: !!omap
#   - {ucd: ID_MAIN}
#   - {width: 19}
# - name: rgeo
#   unit: pc
#   datatype: float64
#   format: '{:15.8f}'
#   description: '? Median of the geometric distance posterior (r_med_geo)'
#   meta: !!omap
#   - {ucd: PHYS_DISTANCE_TRUE}
#   - {width: 15}
#   - {precision: '8'}
#   - values: {'null': .nan}
# - name: Plx
#   unit: mas
#   datatype: float64
#   format: '{:9.4f}'
#   description: '? Parallax (parallax)'
#   meta: !!omap
#   - {ucd: POS_PARLX_TRIG}
#   - {width: 9}
#   - {precision: '4'}
#   - values: {'null': .nan}
# - name: e_Plx
#   unit: mas
#   datatype: float32
#   format: '{:7.4f}'
#   description: '? Standard error of parallax (parallax_error)'
#   meta: !!omap
#   - {ucd: ERROR}
#   - {width: 7}
#   - {precision: '4'}
#   - values: {'null': .nan}
# - name: pmRA
#   unit: mas / yr
#   datatype: float64
#   format: '{:9.3f}'
#   description: '? Proper motion in right ascension direction, pmRA*cosDE (pmra)'
#   meta: !!omap
#   - {ucd: POS_EQ_PMRA}
#   - {width: 9}
#   - {precision: '3'}
#   - values: {'null': .nan}
# - name: pmDE
#   unit: mas / yr
#   datatype: float64
#   format: '{:9.3f}'
#   description: '? Proper motion in declination direction (pmdec)'
#   meta: !!omap
#   - {ucd: POS_EQ_PMDEC}
#   - {width: 9}
#   - {precision: '3'}
#   - values: {'null': .nan}
# - name: e_pmRA
#   unit: mas / yr
#   datatype: float32
#   format: '{:6.3f}'
#   description: '? Standard error of proper motion in right ascension direction (pmra_error)'
#   meta: !!omap
#   - {ucd: ERROR}
#   - {width: 6}
#   - {precision: '3'}
#   - values: {'null': .nan}
# - name: e_pmDE
[...]
#         value: !astropy.table.SerializedColumn {name: SkyCoord.dec}
#       distance: !astropy.table.SerializedColumn
#         __class__: astropy.coordinates.distances.Distance
#         unit: !astropy.units.Unit {unit: pc}
#         value: !astropy.table.SerializedColumn {name: SkyCoord.distance}
#       frame: icrs
#       obstime: !astropy.time.Time {format: jyear_str, in_subfmt: '*', jd1: 367701545.0, jd2: 0.0, out_subfmt: '*', precision: 3, scale: tt}
#       pm_dec: !astropy.table.SerializedColumn
#         __class__: astropy.units.quantity.Quantity
#         unit: !astropy.units.Unit {unit: mas / yr}
#         value: !astropy.table.SerializedColumn {name: SkyCoord.pm_dec}
#       pm_ra_cosdec: !astropy.table.SerializedColumn
#         __class__: astropy.units.quantity.Quantity
#         unit: !astropy.units.Unit {unit: mas / yr}
#         value: !astropy.table.SerializedColumn {name: SkyCoord.pm_ra_cosdec}
#       ra: !astropy.table.SerializedColumn
#         __class__: astropy.coordinates.angles.Longitude
#         unit: *id001
#         value: !astropy.table.SerializedColumn {name: SkyCoord.ra}
#         wrap_angle: !astropy.coordinates.Angle
#           unit: *id001
#           value: 360.0
#       representation_type: spherical
# schema: astropy-2.0
RA_ICRS_1 DE_ICRS_1 e_RA_ICRS e_DE_ICRS _r_1 HIP TYC2 Source rgeo Plx e_Plx pmRA pmDE e_pmRA e_pmDE RUWE Teff logg Gmag BP-RP BPmag RPmag RV e_RV b_rgeo B_rgeo FG e_FG FBP e_FBP FRP e_FRP RAVE5 RAVE6 e_Gmag e_BPmag e_RPmag e_BP-RP SkyCoord.ra SkyCoord.dec SkyCoord.distance SkyCoord.pm_ra_cosdec SkyCoord.pm_dec rmRA rmDE e_rmRA e_rmDE rRV e_rRV v_pec v_pec3d e_vpec e_vpec3d
[from data line 958]
129.4321369417 -40.07375154948 0.0259 0.0327 25.873 "" "" 5528593297683198976 784.222351 1.2531 0.0369 -8.475 5.579 0.035 0.04 1.069 4754.2 4.5831 15.955894 1.288443 16.526432 15.237989 "" "" 762.881287 810.282715 7808.8917 4.5374 3348.5 14.533 6367.4 13.914 "" "" 0.002826621680039463 0.005476353 0.0044623637 0.009938717 129.4321369417 -40.07375154948 784.222351 -8.475 5.579000000000001 -2.97510871887207 1.2604565658569333 0.21312602 0.21812603 "" "" 12.010698851349776 "" 2.5690218803420963 ""
129.72313022657 -39.14985192473 0.0255 0.0263 33.8431 "" "" 5528660578350863360 904.642334 1.0756 0.0322 2.138 -4.01 0.034 0.033 1.015 5032.0 4.4653 15.958749 1.331738 16.55475 15.223013 "" "" 882.311646 930.214661 7788.38496 3.4817 3262.2 14.324 6455.8 13.926 "" "" 0.0027977434352854285 0.005523837 0.0044462387 0.009970076 129.72313022657 -39.14985192473 904.642334 2.138 -4.0100000000000025 7.63789128112793 -8.328543434143066 0.21212602 0.21112603 "" "" 48.45673305343555 "" 10.252641992310021 ""
129.61525610481 -39.17159903877 0.0264 0.0317 30.5332 "" "" 5528705795766611328 975.537354 0.9843 0.0335 -1.521 6.108 0.034 0.04 1.013 7191.6 4.3426 15.959478 1.511613 16.649422 15.137809 "" "" 940.636963 1003.32153 7783.1469 3.3539 2989.8 10.093 6982.9 10.346 "" "" 0.002794760395066003 0.0046064123 0.00410749 0.008713903 129.61525610481 -39.17159903877 975.537354 -1.521 6.1080000000000005 3.97889128112793 1.7894565658569332 0.21212602 0.21812603 "" "" 20.173637119080922 "" 4.299955292996797 ""
128.57960914415 -39.40092689123 0.0241 0.0267 39.5433 "" "" 5529342584799891456 1097.63953 0.8848 0.0314 -3.557 3.48 0.032 0.032 1.03 5390.2 4.2157 15.959528 1.645395 16.706903 15.061508 "" "" 1058.73645 1131.27808 7782.7978 3.0059 2835.7 19.728 7491.3 38.95 "" "" 0.002787047331272216 0.008052336 0.006793476 0.014845813 128.57960914415 -39.40092689123 1097.63953 -3.5569999999999995 3.4800000000000004 1.9428912811279297 -0.8385434341430664 0.21012603 0.21012603 "" "" 11.009795042177561 "" 2.3134444954151547 ""
129.42271915885 -40.37867520464 0.0248 0.0306 44.0847 "" "" 5528304680180144640 787.473022 1.2419 0.0343 -4.772 3.629 0.032 0.039 0.995 4638.8 4.4915 15.962795 1.301106 16.543182 15.242076 "" "" 765.894531 804.585327 7759.40657 3.4908 3297.2 10.487 6343.5 21.195 "" "" 0.0027982804554088745 0.0044396073 0.0052386806 0.009678287 129.42271915885 -40.37867520464 787.473022 -4.772 3.629 0.7278912811279294 -0.6895434341430664 0.21012603 0.21712603 "" "" 3.7424928039857956 "" 0.7988927085700074 ""
129.71673768949 -39.87643955852 0.0236 0.0281 21.0689 "" "" 5528414596983805568 854.379883 1.1325 0.0326 -5.803 -0.897 0.031 0.036 1.045 5113.0 4.5934 15.968552 1.418005 16.615488 15.197483 "" "" 832.741394 875.518433 7718.38168 2.7043 3084.8 12.237 6609.4 10.386 "" "" 0.002781456782491359 0.005131771 0.0041466355 0.009278406 129.71673768949 -39.87643955852 854.379883 -5.803 -0.8969999999999999 -0.30310871887207025 -5.215543434143067 0.20912603 0.21412602 "" "" 21.15734194585246 "" 4.529985489159602 ""
129.3387874695 -39.8431456332 0.0219 0.0294 12.0005 "" "" 5528611306486547584 1084.45825 0.8915 0.0318 -9.557 -15.414 0.03 0.041 1.006 6189.6 4.27 15.972078 1.539767 16.673868 15.134101 "" "" 1052.69434 1117.0022 7693.35186 2.7673 2923.3 13.327 7006.8 11.832 "" "" 0.0027828601271709208 0.005681996 0.0042006155 0.009882611 129.3387874695 -39.8431456332 1084.45825 -9.557 -15.414 -4.057108718872071 -19.732543434143068 0.20812602 0.21912602 "" "" 103.55356928292177 "" 22.64619578274254 ""
129.42163126513 -40.33148626417 0.023 0.0314 41.2547 "" "" 5528307738196847360 903.013306 1.076 0.0345 -5.809 3.601 0.029 0.04 0.959 "" "" 15.973363 1.92387 16.931925 15.008055 "" "" 878.293396 923.081543 7684.25322 13.421 2304.9 15.192 7869.3 39.149 "" "" 0.0033448095176909073 0.007680974 0.006592358 0.014273332 129.42163126513 -40.33148626417 903.013306 -5.809000000000001 3.601 -0.3091087188720705 -0.7175434341430664 0.20712602 0.21812603 "" "" 3.344149799503112 "" 0.7238114999876879 ""
129.58552902274 -39.86650902595 0.0222 0.0298 16.511 "" "" 5528602922710349952 1040.03101 0.9331 0.0321 -6.664 4.537 0.031 0.038 0.995 6071.6 4.3503 15.977405 1.563556 16.701645 15.138089 "" "" 1011.08502 1081.64319 7655.70094 2.8849 2849.4 11.467 6981.1 11.689 "" "" 0.0027855311045864163 0.0051842653 0.0041938773 0.009378143 129.58552902274 -39.86650902595 1040.03101 -6.664 4.537 -1.16410871887207 0.21845656585693352 0.20912603 0.21612602 "" "" 5.83893596980093 "" 1.2224863379223492 ""
130.16569035427 -39.40402503073 0.0246 0.0274 39.4174 "" "" 5528825608177284096 1038.08154 0.939 0.0337 -4.562 0.851 0.034 0.035 0.996 4938.2 4.1833 15.985139 1.817963 16.87169 15.053728 "" "" 998.109985 1072.8241 7601.35737 3.2942 2436.4 9.5874 7545.1 9.4083 "" "" 0.0027952072542891684 0.005102827 0.004014553 0.00911738 130.16569035427 -39.40402503073 1038.08154 -4.561999999999998 0.850999999999999 0.9378912811279294 -3.4675434341430664 0.21212602 0.21312602 "" "" 17.675167218811932 "" 3.7658357227350145 ""
128.85643189523 -39.06463978644 0.1096 0.1364 42.275 "" "" 5529447622520267264 909.712646 1.1617 0.1542 -3.782 -0.83 0.149 0.171 4.699 6219.4 3.6815 15.988807 2.16402 17.068117 14.904097 "" "" 776.929504 1141.3457 7575.72191 12.7 2033.2 17.203 8660.0 11.248 "" "" 0.0033022245112494025 0.009600841 0.0040339064 0.013634748 128.85643189523 -39.06463978644 909.712646 -3.782 -0.83 1.7178912811279297 -5.1485434341430665 0.32712603 0.34912604 "" "" 23.403940939753035 "" 8.120815683522993 ""
128.80880031897 -39.99301270362 0.0247 0.0273 33.3618 "" "" 5528558839166548096 921.48468 1.0484 0.032 -4.53 3.047 0.031 0.037 1.008 4743.9 4.3228 15.99136 1.58852 16.73291 15.14439 "" "" 895.32312 945.582275 7557.93308 3.8362 2768.6 10.226 6940.7 11.546 "" "" 0.0028098913769711727 0.00488539 0.004188781 0.009074171 128.80880031897 -39.99301270362 921.48468 -4.53 3.046999999999999 0.9698912811279294 -1.2715434341430663 0.20912603 0.21512602 "" "" 6.98514272380599 "" 1.487407876919815 ""
128.65779555801 -39.97413805216 0.0251 0.0303 38.4419 "" "" 5528562550018325376 790.453979 1.2285 0.0337 -12.592 13.373 0.031 0.037 1.09 4571.2 4.4604 15.991411 1.3088 16.571428 15.262629 "" "" 771.526489 814.897949 7557.56972 2.7939 3212.5 15.385 6224.5 10.522 "" "" 0.002784401780835256 0.0059010144 0.004201455 0.0101024695 128.65779555801 -39.97413805216 790.453979 -12.592 13.373000000000001 -7.092108718872071 9.054456565856933 0.20912603 0.21512602 "" "" 43.09272698178172 "" 9.172913458007448 ""
130.11015885478 -39.94820558115 0.0253 0.0268 38.5357 "" "" 5528422259205686272 883.698547 1.1032 0.0323 -8.038 5.965 0.032 0.035 0.965 4839.9 4.3701 15.992467 1.302721 16.559736 15.257015 "" "" 857.888916 906.651489 7550.22464 11.703 3247.3 26.229 6256.8 31.917 "" "" 0.0032286197039930247 0.009202841 0.0067051463 0.015907988 130.11015885478 -39.94820558115 883.698547 -8.038000000000004 5.965000000000002 -2.5381087188720706 1.6464565658569335 0.21012603 0.21312602 "" "" 12.672427840613375 "" 2.6741229239522237 ""
129.01204010889 -39.1651637987 0.0236 0.0263 33.3025 "" "" 5528695384765779072 890.7854 1.0901 0.0313 -4.194 10.525 0.033 0.036 1.003 4581.9 4.2507 15.993033 1.352922 16.596285 15.243362 "" "" 866.565674 915.683655 7546.2908 2.8806 3139.8 11.245 6336.0 11.447 "" "" 0.0027863164671150624 0.0047859647 0.004258102 0.009044066 129.01204010889 -39.1651637987 890.7854 -4.194000000000001 10.525000000000002 1.3058912811279297 6.206456565856934 0.21112603 0.21412602 "" "" 26.77946616765077 "" 5.73079746320957 ""
129.25772094327 -39.35539305298 0.0224 0.0286 18.1764 "" "" 5528677277184288384 866.370178 1.1247 0.0317 -7.642 1.131 0.033 0.038 1.034 4927.0 4.6394 15.995502 1.245808 16.543192 15.297384 "" "" 841.328918 890.94989 7529.14728 2.7576 3297.2 8.6907 6028.4 11.448 "" "" 0.002783868054704857 0.003996841 0.004305212 0.008302053 129.25772094327 -39.35539305298 866.370178 -7.642000000000001 1.1309999999999998 -2.1421087188720707 -3.187543434143066 0.21112603 0.21612602 "" "" 15.771174984579641 "" 3.3842251709973574 ""
129.99412311287 -39.21849502203 0.0237 0.0287 38.5006 "" "" 5529019122225912576 950.042603 1.0341 0.0343 -4.707 11.872 0.03 0.033 0.978 4691.0 4.3298 16.003277 1.397494 16.630268 15.232774 "" "" 923.680969 988.327148 7475.42735 2.9026 3043.1 13.106 6398.1 9.8966 "" "" 0.002787385045678778 0.005445218 0.0041357195 0.009580938 129.99412311287 -39.21849502203 950.042603 -4.706999999999999 11.872 0.7928912811279298 7.5534565658569335 0.20812602 0.21112603 "" "" 34.201628297947295 "" 7.219743577415118 ""
129.5063631853 -38.94485511966 0.0242 0.0302 42.455 "" "" 5528713320549121408 1045.5426 0.927 0.0339 -16.681 14.896 0.03 0.035 1.038 5867.5 4.4647 16.004368 1.447261 16.654016 15.206756 "" "" 1014.08154 1080.44165 7467.91369 2.9451 2977.2 10.018 6553.2 8.2085 "" "" 0.0027883913644815455 0.0045969975 0.0040166266 0.008613624 129.5063631853 -38.94485511966 1045.5426 -16.680999999999997 14.895999999999988 -11.181108718872071 10.577456565856934 0.20812602 0.21312602 "" "" 76.27854538957182 "" 16.056802545563393 ""
128.8083612016 -40.14508261868 0.0254 0.0289 39.7108 "" "" 5528510598094263168 977.602051 1.0033 0.0339 9.057 23.207 0.033 0.036 0.959 5567.5 4.6333 16.008698 1.327011 16.595373 15.268362 "" "" 938.863708 1012.55133 7438.20394 2.7074 3142.4 7.0484 6191.8 8.4272 "" "" 0.002783516930299635 0.0037034794 0.0040580006 0.0077614803 128.8083612016 -40.14508261868 977.602051 9.057 23.207 14.55689128112793 18.888456565856934 0.21112603 0.21412602 "" "" 110.5027865852314 "" 23.538539838903354 ""
130.25943695084 -39.44157655521 0.0246 0.0267 42.7764 "" "" 5528826054853865088 977.347229 0.9851 0.0326 -5.702 4.268 0.033 0.035 1.004 5624.7 4.5196 16.009417 1.403889 16.63865 15.234762 "" "" 947.022217 1010.84052 7433.27054 4.0593 3019.7 12.441 6386.4 15.937 "" "" 0.002818393611216987 0.005272033 0.004650229 0.009922262 130.25943695084 -39.44157655521 977.347229 -5.702000000000002 4.267999999999998 -0.20210871887207027 -0.05054343414306661 0.21112603 0.21312602 "" "" 0.965128111621072 "" 0.2038777849573009 ""
129.72921292585 -39.91713720784 0.0239 0.0292 23.1539 "" "" 5528414283448065280 1093.25464 0.8863 0.0322 -5.945 2.991 0.032 0.038 0.955 7940.2 4.2286 16.01115 1.69453 16.812752 15.118221 "" "" 1058.75098 1135.82214 7421.41533 2.8711 2572.3 8.1856 7110.0 12.211 "" "" 0.0027871525142025705 0.004440986 0.004214355 0.008655341 129.72921292585 -39.91713720784 1093.25464 -5.9449999999999985 2.990999999999998 -0.4451087188720706 -1.3275434341430663 0.21012603 0.21612602 "" "" 7.255750771867617 "" 1.5638121521173796 ""
128.65507116298 -39.52590343357 0.024 0.0276 33.9704 "" "" 5528590278321109888 812.676208 1.2042 0.0323 -20.604 3.264 0.03 0.034 1.018 4860.3 4.6307 16.011677 1.31198 16.488178 15.176198 "" "" 792.854309 839.710266 7417.82049 2.9339 3468.5 37.395 6740.3 165.32 "" "" 0.0027885839276412154 0.012033606 0.026896812 0.038930416 128.65507116298 -39.52590343357 812.676208 -20.604 3.264000000000005 -15.10410871887207 -1.0545434341430666 0.20812602 0.21212602 "" "" 58.32394932640457 "" 12.139874168884505 ""
128.64790038722 -39.50444436648 0.0241 0.0274 34.5907 "" "" 5528590484485500672 749.671631 1.299 0.0321 -17.738 5.77 0.031 0.034 1.079 4784.8 4.5834 16.018717 1.275012 16.585089 15.310077 "" "" 733.65802 766.103699 7369.87221 2.649 3172.4 7.881 5958.4 8.7308 "" "" 0.0027828199447649535 0.003880733 0.0041005802 0.007981313 128.64790038722 -39.50444436648 749.671631 -17.737999999999992 5.770000000000002 -12.23810871887207 1.4514565658569332 0.20912603 0.21212602 "" "" 43.792213525191805 "" 9.159926789383613 ""
129.40555090391 -39.57408192372 0.0299 0.0338 4.5032 "" "" 5528624363186849280 921.6698 1.0604 0.0384 -5.532 4.437 0.043 0.043 1.219 4871.8 4.1845 16.019047 1.910536 16.896093 14.985558 "" "" 893.594482 948.736816 7367.62849 11.28 2382.2 36.925 8034.1 58.361 "" "" 0.0032179159789186168 0.017059045 0.008745736 0.02580478 129.40555090391 -39.57408192372 921.6698 -5.532 4.437 -0.03210871887207034 0.11845656585693387 0.22112602 0.22112602 "" "" 0.5361772668492768 "" 0.11856274500855969 ""
128.64674850202 -39.58893997445 0.0249 0.0289 33.7486 "" "" 5528588938297300096 843.927063 1.155 0.0336 -6.084 14.677 0.031 0.036 1.015 "" "" 16.020935 1.447532 16.684376 15.236844 "" "" 822.946655 874.307556 7354.8346 2.8757 2895.1 10.336 6374.1 11.349 "" "" 0.0027878314142709627 0.00477603 0.0042450856 0.0090211155 128.64674850202 -39.58893997445 843.927063 -6.084000000000003 14.677 -0.5841087188720699 10.358456565856933 0.20912603 0.21412602 "" "" 41.501872358425686 "" 8.885980691734574 ""
128.53566152843 -39.68574921291 0.0704 0.0833 38.7659 "" "" 5528587460828607616 970.919678 1.011 0.0936 -4.135 12.853 0.096 0.1 2.95 4322.8 4.557 16.02164 1.585679 16.72119 15.13551 "" "" 886.026062 1070.94275 7350.04901 9.1202 2798.6 15.089 6997.7 14.809 "" "" 0.0030670491387192952 0.006484827 0.004423029 0.010907856 128.53566152843 -39.68574921291 970.919678 -4.135000000000002 12.852999999999994 1.36489128112793 8.534456565856933 0.27412602 0.27812603 "" "" 39.77604409953474 "" 11.058813230578295 ""
128.66605218306 -39.29209133267 0.0235 0.0281 39.0033 "" "" 5529437245879221120 809.18042 1.2182 0.033 -2.614 -3.226 0.032 0.035 0.99 4703.4 4.5509 16.028238 1.267886 16.590563 15.322677 "" "" 788.256653 832.563293 7305.53 3.2257 3156.4 15.056 5889.6 14.917 "" "" 0.0027967145333331832 0.0058827368 0.0046739476 0.010556685 128.66605218306 -39.29209133267 809.18042 -2.614 -3.226000000000003 2.88589128112793 -7.544543434143066 0.21012603 0.21312602 "" "" 30.981966990636124 "" 6.59127259438492 ""
129.39514071007 -39.59029614422 0.0273 0.032 3.4285 "" "" 5528623985229736064 915.391724 1.0601 0.0363 -6.086 3.28 0.037 0.041 1.104 7170.8 4.3368 16.029802 1.974281 17.01203 15.037748 "" "" 889.826294 944.536255 7295.00995 11.851 2140.9 18.002 7657.0 38.235 "" "" 0.00327151921454446 0.009546386 0.006608886 0.016155273 129.39514071007 -39.59029614422 915.391724 -6.086 3.2799999999999976 -0.5861087188720706 -1.0385434341430666 0.21512602 0.21912602 "" "" 5.174278074634062 "" 1.1288540873934179 ""
128.89808928599 -39.30450448043 0.0253 0.0287 30.0259 "" "" 5528692258029931136 815.481995 1.1983 0.0346 -14.949 9.271 0.035 0.037 1.083 4698.7 4.4769 16.032568 1.339594 16.629847 15.290253 "" "" 790.338745 839.18396 7276.44708 3.0315 3044.2 10.626 6068.2 10.526 "" "" 0.002792203169628409 0.00470616 0.0042226394 0.0089288 128.89808928599 -39.30450448043 815.481995 -14.949000000000005 9.271 -9.44910871887207 4.952456565856934 0.21312602 0.21512602 "" "" 41.237057173288555 "" 8.806528484850823 ""
128.52442330838 -39.69133879057 0.0266 0.0296 39.3047 "" "" 5528581585313351680 966.358215 0.9981 0.035 0.491 9.87 0.036 0.037 1.029 7385.3 4.178 16.033468 1.982492 17.021872 15.039379 "" "" 936.365173 1001.08313 7270.41399 3.0891 2121.6 12.776 7645.5 11.061 "" "" 0.002793671504178271 0.007108629 0.0040928046 0.011201434 128.52442330838 -39.69133879057 966.358215 0.49100000000000144 9.87 5.990891281127929 5.551456565856933 0.21412602 0.21512602 "" "" 37.411933976350085 "" 8.028173949233594 ""
129.84680671945 -39.05067338468 0.026 0.0308 41.8791 "" "" 5529035992857448576 1042.70312 0.9322 0.0366 -3.126 5.534 0.034 0.035 0.933 6010.5 4.4508 16.03411 1.368496 16.64373 15.275234 "" "" 1007.36487 1079.59033 7266.12672 2.7324 3005.6 7.8766 6152.7 10.437 "" "" 0.0027854062049901523 0.003985088 0.004204263 0.00818935 129.84680671945 -39.05067338468 1042.70312 -3.1259999999999994 5.534000000000001 2.37389128112793 1.2154565658569334 0.21212602 0.21312602 "" "" 13.181234665116218 "" 2.7988257113986412 ""
