Clusters/Pismis_5/Pismis_5_members.tsv
# %ECSV 1.0
# ---
# datatype:
# - name: RA_ICRS_1
#   unit: deg
#   datatype: float64
#   format: '{:15.11f}'
#   description: Right ascension (ICRS) at Ep=2016.0 (ra)
#   meta: !!omap
#   - {ucd: POS_EQ_RA_MAIN}
#   - {width: 15}
#   - {precision: '11'}
# - name: DE_ICRS_1
#   unit: deg
#   datatype: float64
#   format: '{:15.11f}'
#   description: Declination (ICRS) at Ep=2016.0 (dec)
#   meta: !!omap
#   - {ucd: POS_EQ_DEC_MAIN}
#   - {width: 15}
#   - {precision: '11'}
# - name: e_RA_ICRS
#   unit: mas
#   datatype: float64
#   format: '{:7.4f}'
#   description: Standard error of right ascension (ra_error)
#   meta: !!omap
#   - {ucd: ERROR}
#   - {width: 7}
#   - {precision: '4'}
# - name: e_DE_ICRS
#   unit: mas
#   datatype: float64
#   format: '{:7.4f}'
#   description: Standard error of declination (dec_error)
#   meta: !!omap
#   - {ucd: ERROR}
#   - {width: 7}
#   - {precision: '4'}
# - name: _r_1
#   unit: ''
#   datatype: float64
#   format: '{:7.4f}'
#   description: Distance from center (129.37330765000-39.64490588000)[ICRS], at Epoch=J2016.0
#   meta: !!omap
#   - {ucd: POS_ANG_DIST_GENERAL}
#   - {width: 7}
#   - {precision: '4'}
# - name: HIP
#   datatype: int32
#   description: '? HIP cross-id number, van Leeuwen, Cat. I/311 (hip_original_ext_source_id)'
#   meta: !!omap
#   - {ucd: ID_NUMBER}
#   - {width: 6}
#   - values: {'null': -2147483648}
# - name: TYC2
#   datatype: string
#   description: Tycho-2 cross-id name, Hog et al., Cat. I/259 (tyc2_original_ext_source_id)
#   meta: !!omap
#   - {ucd: ID_CROSSID}
#   - {_votable_string_dtype: char}
# - name: Source
#   datatype: int64
#   description: Source identifier, identical to the Gaia-EDR3 source_id (id)
#   meta: !!omap
#   - {ucd: ID_MAIN}
#   - {width: 19}
# - name: rgeo
#   unit: pc
#   datatype: float64
#   format: '{:15.8f}'
#   description: '? Median of the geometric distance posterior (r_med_geo)'
#   meta: !!omap
#   - {ucd: PHYS_DISTANCE_TRUE}
#   - {width: 15}
#   - {precision: '8'}
#   - values: {'null': .nan}
# - name: Plx
#   unit: mas
#   datatype: float64
#   format: '{:9.4f}'
#   description: '? Parallax (parallax)'
#   meta: !!omap
#   - {ucd: POS_PARLX_TRIG}
#   - {width: 9}
#   - {precision: '4'}
#   - values: {'null': .nan}
# - name: e_Plx
#   unit: mas
#   datatype: float32
#   format: '{:7.4f}'
#   description: '? Standard error of parallax (parallax_error)'
#   meta: !!omap
#   - {ucd: ERROR}
#   - {width: 7}
#   - {precision: '4'}
#   - values: {'null': .nan}
# - name: pmRA
#   unit: mas / yr
#   datatype: float64
#   format: '{:9.3f}'
#   description: '? Proper motion in right ascension direction, pmRA*cosDE (pmra)'
#   meta: !!omap
#   - {ucd: POS_EQ_PMRA}
#   - {width: 9}
#   - {precision: '3'}
#   - values: {'null': .nan}
# - name: pmDE
#   unit: mas / yr
#   datatype: float64
#   format: '{:9.3f}'
#   description: '? Proper motion in declination direction (pmdec)'
#   meta: !!omap
#   - {ucd: POS_EQ_PMDEC}
#   - {width: 9}
#   - {precision: '3'}
#   - values: {'null': .nan}
# - name: e_pmRA
#   unit: mas / yr
#   datatype: float32
#   format: '{:6.3f}'
#   description: '? Standard error of proper motion in right ascension direction (pmra_error)'
#   meta: !!omap
#   - {ucd: ERROR}
#   - {width: 6}
#   - {precision: '3'}
#   - values: {'null': .nan}
# - name: e_pmDE
[...]
#         unit: &id001 !astropy.units.Unit {unit: deg}
#         value: !astropy.table.SerializedColumn {name: SkyCoord.dec}
#       distance: !astropy.table.SerializedColumn
#         __class__: astropy.coordinates.distances.Distance
#         unit: !astropy.units.Unit {unit: pc}
#         value: !astropy.table.SerializedColumn {name: SkyCoord.distance}
#       frame: icrs
#       obstime: !astropy.time.Time {format: jyear_str, in_subfmt: '*', jd1: 367701545.0, jd2: 0.0, out_subfmt: '*', precision: 3, scale: tt}
#       pm_dec: !astropy.table.SerializedColumn
#         __class__: astropy.units.quantity.Quantity
#         unit: !astropy.units.Unit {unit: mas / yr}
#         value: !astropy.table.SerializedColumn {name: SkyCoord.pm_dec}
#       pm_ra_cosdec: !astropy.table.SerializedColumn
#         __class__: astropy.units.quantity.Quantity
#         unit: !astropy.units.Unit {unit: mas / yr}
#         value: !astropy.table.SerializedColumn {name: SkyCoord.pm_ra_cosdec}
#       ra: !astropy.table.SerializedColumn
#         __class__: astropy.coordinates.angles.Longitude
#         unit: *id001
#         value: !astropy.table.SerializedColumn {name: SkyCoord.ra}
#         wrap_angle: !astropy.coordinates.Angle
#           unit: *id001
#           value: 360.0
#       representation_type: spherical
# schema: astropy-2.0
RA_ICRS_1 DE_ICRS_1 e_RA_ICRS e_DE_ICRS _r_1 HIP TYC2 Source rgeo Plx e_Plx pmRA pmDE e_pmRA e_pmDE RUWE Teff logg Gmag BP-RP BPmag RPmag RV e_RV b_rgeo B_rgeo FG e_FG FBP e_FBP FRP e_FRP RAVE5 RAVE6 e_Gmag e_BPmag e_RPmag e_BP-RP SkyCoord.ra SkyCoord.dec SkyCoord.distance SkyCoord.pm_ra_cosdec SkyCoord.pm_dec Pmemb
129.56409536915 -39.41762521316 0.0112 0.0128 16.2454 42363 7666-753-1 5528650167350286464 914.68634 1.078 0.0147 -5.899 4.504 0.014 0.016 1.055 "" "" 8.705148 0.529582 8.885075 8.355493 "" "" 904.622009 928.061646 6207085.79689 1359.4 3814100.0 1597.2 3605500.0 838.96 "" "" 0.0027655615963171 0.0028269715 0.0037878165 0.006614788 129.56409536915 -39.41762521316 914.68634 -5.898999999999999 4.504 1.0
129.320293729 -39.68964796068 0.0088 0.0111 3.6334 "" 7666-847-1 5528621717487040384 933.464233 1.0568 0.0125 -5.499 4.109 0.011 0.015 0.824 "" "" 8.930868 0.441647 9.075357 8.633711 "" "" 924.302063 942.777161 5041959.92728 1086.1 3200900.0 1694.6 2790400.0 1093.9 "" "" 0.00276522868311019 0.0028487626 0.0038032737 0.006652036 129.320293729 -39.68964796068 933.464233 -5.498999999999999 4.109 1.0
129.25451784952 -39.67186925445 0.0108 0.0141 5.7206 "" 7666-763-1 5528622679559728768 915.07959 1.0768 0.0158 -5.414 4.313 0.014 0.019 0.979 "" "" 10.363494 0.395377 10.497669 10.102292 "" "" 903.204773 929.814941 1347563.20267 907.47 863670.0 1681.1 721510.0 888.77 "" "" 0.0028506792209184286 0.0035001813 0.0040090457 0.007509227 129.25451784952 -39.67186925445 915.07959 -5.413999999999999 4.313000000000001 1.0
129.23243872909 -39.68011668517 0.0098 0.0127 6.841 "" 7666-853-1 5528622709619438208 898.087952 1.0806 0.0137 -5.207 4.532 0.013 0.018 0.893 "" "" 11.196686 0.433005 11.343205 10.9102 26.11 10.49 888.106873 910.707703 625565.1625 228.14 396400.0 290.35 342830.0 216.25 "" "" 0.002783626244905479 0.0029012922 0.0038409322 0.006742224 129.23243872909 -39.68011668517 898.087952 -5.206999999999999 4.532 0.9
129.10216726147 -39.86561782902 0.0116 0.013 18.2151 "" 7666-1294-1 5528613230631781120 891.277588 1.0893 0.0153 -5.575 4.276 0.015 0.016 0.973 "" "" 11.340047 0.450679 11.50112 11.050441 "" "" 879.634033 902.11731 548185.92462 151.95 342740.0 184.28 301290.0 72.417 "" "" 0.0027717073178125367 0.002850584 0.003788381 0.0066389646 129.10216726147 -39.86561782902 891.277588 -5.575000000000001 4.276 1.0
129.0175270576 -39.64771674712 0.0088 0.0102 16.4379 "" 7666-639-1 5528666243407948928 894.619446 1.0771 0.0118 -5.181 4.346 0.012 0.013 0.947 "" "" 11.807388 0.462736 11.970215 11.507479 -10.56 22.65 885.136597 904.373291 356444.19777 50.493 222500.0 115.68 197770.0 63.72 "" "" 0.002759609514158024 0.0028466983 0.0037955367 0.006642235 129.0175270576 -39.64771674712 894.619446 -5.181 4.346 0.8
129.24919755894 -39.66026599302 0.0089 0.0116 5.8069 "" "" 5528622743979175808 892.377258 1.0838 0.0125 -5.383 4.384 0.012 0.016 0.95 "" "" 11.877204 0.520873 12.064893 11.54402 17.81 13.74 882.187561 903.368591 334245.07389 93.378 203920.0 161.1 191230.0 114.6 "" "" 0.0027719656574037195 0.0029190378 0.0038349815 0.0067540193 129.24919755894 -39.66026599302 892.377258 -5.382999999999999 4.384 1.0
129.38360038994 -39.71715296721 0.0065 0.0088 4.3608 "" 7666-1619-1 5528618826969004288 916.973083 1.0649 0.0097 -5.476 4.37 0.009 0.012 0.91 "" "" 12.159445 0.750616 12.446702 11.696086 8.71 10.87 908.735046 924.530701 257732.29452 32.161 143460.0 60.148 166240.0 61.202 "" "" 0.0027586491371494265 0.00282706 0.0038004606 0.0066275205 129.38360038994 -39.71715296721 916.973083 -5.476 4.369999999999999 1.0
129.3872461259 -39.55046626076 0.0063 0.0084 5.7029 "" 7666-479-1 5528624638064755456 908.806946 1.0834 0.0088 -5.364 4.479 0.009 0.011 0.824 8479.1 3.7962 12.179315 0.999712 12.585998 11.586286 20.82 2.22 901.386719 916.056519 253058.39156 51.448 126190.0 107.56 183930.0 129.52 "" "" 0.0027641478865934855 0.002939642 0.0038559397 0.0067955814 129.3872461259 -39.55046626076 908.806946 -5.364 4.478999999999999 1.0
129.20672341101 -39.71598643273 0.0082 0.0108 8.7955 "" 7666-742-1 5528616632245801216 903.703186 1.073 0.0117 -5.068 4.259 0.011 0.015 1.014 "" "" 12.242264 0.488182 12.416896 11.928714 2.72 31.35 892.693542 913.641235 238803.83278 37.259 147450.0 78.576 134180.0 41.602 "" "" 0.0027605227525179833 0.0028495283 0.003794344 0.0066438722 129.20672341101 -39.71598643273 903.703186 -5.068 4.259 0.9
129.41252071971 -39.58386521996 0.0081 0.0103 4.0864 "" "" 5528624290168990720 905.67157 1.0819 0.0111 -5.252 4.216 0.012 0.013 1.029 "" "" 12.456037 0.712413 12.723734 12.011321 43.16 16.61 897.302429 912.755676 196124.55449 30.3 111150.0 70.637 124350.0 73.189 "" "" 0.002760421325143396 0.0028742207 0.0038330264 0.0067072473 129.41252071971 -39.58386521996 905.67157 -5.251999999999999 4.215999999999999 1.0
129.69844647643 -39.43866233235 0.0076 0.0089 19.4796 "" "" 5528646520918113536 909.408386 1.0829 0.0103 -5.364 4.281 0.01 0.011 0.988 "" "" 12.526913 0.929546 12.893532 11.963985 17.78 24.8 898.088318 919.719666 183730.6621 26.031 95061.0 42.122 129890.0 59.496 "" "" 0.0027596108881248653 0.0028313426 0.0038119622 0.0066433046 129.69844647643 -39.43866233235 909.408386 -5.363999999999999 4.280999999999999 1.0
129.40973177477 -39.57674569788 0.0084 0.0106 4.4226 "" 7666-809-1 5528624358886874624 905.212402 1.0851 0.0115 -5.494 4.415 0.012 0.014 1.038 "" "" 12.757643 0.771536 13.052676 12.28114 "" "" 896.352295 915.905823 148555.84651 22.049 82101.0 51.575 96984.0 48.502 "" "" 0.002760028605883082 0.002872323 0.0038181874 0.0066905105 129.40973177477 -39.57674569788 905.212402 -5.494 4.414999999999999 1.0
129.39656320044 -39.57690255016 0.0086 0.0116 4.2194 "" "" 5528623985229731584 896.129944 1.0939 0.012 -5.586 4.462 0.012 0.015 1.042 "" "" 12.822371 0.741372 13.106393 12.365021 "" "" 887.241028 905.706909 139958.14357 21.23 78138.0 49.822 89774.0 37.896 "" "" 0.0027602379084294376 0.00287477 0.0038070702 0.00668184 129.39656320044 -39.57690255016 896.129944 -5.586000000000001 4.462 1.0
129.46296541094 -39.64012071033 0.0103 0.0132 4.1523 "" "" 5528620995932490368 939.250122 1.0397 0.0143 -5.538 4.364 0.014 0.017 1.058 "" "" 12.961446 0.885877 13.311961 12.426084 "" "" 926.423584 950.914001 123131.26094 21.151 64660.0 35.28 84864.0 25.595 "" "" 0.0027616250545046107 0.0028523656 0.0037935413 0.0066459067 129.46296541094 -39.64012071033 939.250122 -5.538 4.364 1.0
129.48053932391 -39.50507793645 0.0077 0.01 9.7458 "" "" 5528648071406290688 945.098022 1.024 0.0107 -5.626 4.239 0.01 0.012 0.965 "" "" 13.059515 0.760438 13.352877 12.592439 "" "" 936.038574 955.435974 112496.99703 25.755 62268.0 31.247 72809.0 23.336 "" "" 0.002766509599419261 0.0028428677 0.0037953686 0.0066382363 129.48053932391 -39.50507793645 945.098022 -5.626000000000001 4.239 1.0
129.41010698868 -39.57487522994 0.0079 0.0103 4.5331 "" "" 5528624363186848384 910.855347 1.0674 0.0109 -5.684 4.194 0.011 0.013 0.995 9621.0 4.0999 13.132933 0.944423 13.512079 12.567657 "" "" 901.164185 920.592651 105141.37181 25.641 53776.0 40.896 74490.0 46.169 "" "" 0.002768013366621794 0.0029097784 0.0038388248 0.006748603 129.41010698868 -39.57487522994 910.855347 -5.684000000000001 4.194 1.0
129.4329527176 -39.58933304014 0.0105 0.0134 4.3264 "" "" 5528621339529868544 918.841614 1.0534 0.0142 -5.53 4.321 0.014 0.017 1.33 6592.7 3.6818 13.27036 1.316018 13.841714 12.525696 -12.96 7.3 908.133972 930.222961 92640.86549 19.247 39695.0 25.072 77425.0 40.204 "" "" 0.00276453830231553 0.0028732084 0.0038212012 0.0066944095 129.4329527176 -39.58933304014 918.841614 -5.529999999999999 4.321 1.0
129.42996550883 -39.57302404333 0.0088 0.0112 5.0458 "" "" 5528624328827103872 912.719849 1.0585 0.0121 -5.567 4.086 0.012 0.014 1.034 15004.1 4.5696 13.462555 1.159605 13.953902 12.794297 "" "" 903.040771 920.739197 77611.28834 12.384 35798.0 23.335 60456.0 27.579 "" "" 0.0027607613410732044 0.0028785313 0.0038116982 0.0066902293 129.42996550883 -39.57302404333 912.719849 -5.566999999999998 4.086 1.0
129.18604171317 -39.63625961409 0.0093 0.0117 8.6679 "" "" 5528664048684935680 941.734924 1.0235 0.0129 -5.443 4.446 0.012 0.017 1.203 "" "" 13.473211 1.020967 13.889607 12.868641 "" "" 932.191406 952.67218 76853.21618 17.438 37982.0 37.342 56455.0 28.05 "" "" 0.0027663115345480413 0.0029873867 0.0038176875 0.0068050744 129.18604171317 -39.63625961409 941.734924 -5.443 4.446 1.0
129.65137333494 -39.76547793752 0.0089 0.0116 14.7339 "" "" 5528603850423269632 923.736389 1.0487 0.0127 -5.263 4.241 0.012 0.016 1.028 6736.9 4.0114 13.9231 1.241098 14.441083 13.199985 23.11 4.44 911.934021 934.13916 50781.62114 8.9884 22855.0 22.582 41607.0 129.98 "" "" 0.0027620139734594678 0.0029892938 0.0050782138 0.008067507 129.65137333494 -39.76547793752 923.736389 -5.263 4.240999999999998 0.9
129.51645826349 -39.55082314344 0.0103 0.0128 8.6986 "" "" 5528644841590885376 932.937134 1.039 0.0143 -5.633 4.201 0.014 0.017 0.967 "" "" 14.027795 1.258847 14.570189 13.311341 "" "" 918.925842 942.837646 46113.58904 9.1489 20293.0 16.642 37551.0 22.803 "" "" 0.0027637276510195 0.0029287974 0.0038364602 0.0067652576 129.51645826349 -39.55082314344 932.937134 -5.632999999999999 4.200999999999999 1.0
129.39535061521 -39.57011851208 0.011 0.0144 4.6015 "" "" 5528624191388159360 883.78717 1.0957 0.015 -5.487 4.178 0.016 0.019 1.133 5646.8 3.723 14.237448 1.581364 14.97191 13.390546 11.45 3.05 872.083069 895.312927 38016.10201 20.777 14017.0 35.266 34909.0 72.351 "" "" 0.002818492507245499 0.003904737 0.004398564 0.008303301 129.39535061521 -39.57011851208 883.78717 -5.487 4.178 1.0
129.503858307 -39.63976261008 0.0154 0.0193 6.0397 "" "" 5528620308737711616 937.875244 1.0339 0.0211 -5.546 4.115 0.021 0.026 1.111 7331.0 4.0633 14.984416 1.832993 15.873782 14.04079 -18.18 7.6 916.337952 959.299988 19106.45939 22.363 6108.1 31.28 19180.0 65.563 "" "" 0.0030342543587013886 0.0062209396 0.0052969814 0.011517921 129.503858307 -39.63976261008 937.875244 -5.545999999999999 4.115 1.0
129.13499745301 -39.65470751179 0.017 0.0204 11.025 "" "" 5528664151763969536 916.30188 1.0593 0.0236 -5.432 4.298 0.022 0.025 1.14 5205.5 4.158 15.148456 1.663599 15.927994 14.264395 "" "" 899.077026 936.501526 16427.23097 43.499 5810.6 53.883 15610.0 116.65 "" "" 0.003982143519665096 0.010447737 0.00895053 0.019398266 129.13499745301 -39.65470751179 916.30188 -5.432 4.298 1.0
129.09967692371 -39.59070695128 0.0188 0.0204 13.0583 "" "" 5528665285635327232 931.219971 1.0369 0.0241 -5.564 4.227 0.026 0.026 1.045 5172.1 4.1934 15.245566 1.597624 15.991736 14.394113 "" "" 911.934998 950.701294 15021.73517 19.344 5479.3 28.467 13852.0 57.987 "" "" 0.0030897545437915458 0.006293148 0.005911139 0.012204287 129.09967692371 -39.59070695128 931.219971 -5.564000000000001 4.227 1.0
129.84760640798 -39.71294346102 0.0171 0.0209 22.2794 "" "" 5528440607305712000 892.991699 1.0788 0.0228 -5.563 4.167 0.024 0.026 1.031 5128.8 4.1496 15.334558 1.772512 16.184973 14.412461 "" "" 877.754333 913.990051 13839.61217 26.675 4585.9 33.597 13620.0 78.751 "" "" 0.00345993335601923 0.008429439 0.007327601 0.01575704 129.84760640798 -39.71294346102 892.991699 -5.563000000000001 4.166999999999999 1.0
129.21293668768 -39.69568804958 0.0333 0.0431 8.0088 "" "" 5528616804044484992 878.723389 1.1165 0.0474 -5.512 4.395 0.045 0.057 1.935 7641.7 3.9726 15.494257 2.036223 16.507147 14.470924 "" "" 837.470947 923.301819 11946.5889 15.687 3408.5 20.438 12906.0 42.28 "" "" 0.0031023114764096344 0.00708299 0.0051898966 0.012272887 129.21293668768 -39.69568804958 878.723389 -5.5120000000000005 4.394999999999999 0.9
129.42112838016 -39.59680530903 0.027 0.0349 3.6351 "" "" 5528621335230193280 945.609375 1.0165 0.0369 -5.34 3.977 0.036 0.043 1.525 5291.0 3.6455 15.536379 2.273086 16.73052 14.457434 "" "" 907.555603 978.371216 11491.99234 11.365 2774.7 16.614 13067.0 42.807 "" "" 0.0029571444078946322 0.0070744967 0.0051898723 0.012264369 129.42112838016 -39.59680530903 945.609375 -5.34 3.9770000000000003 1.0
129.33939057183 -39.59882133239 0.023 0.0276 3.1785 "" "" 5528624088308967296 924.818787 1.0464 0.0303 -5.472 4.364 0.031 0.035 1.164 5521.2 4.1057 15.638946 2.193512 16.74177 14.548258 "" "" 900.004822 947.98407 10456.06886 13.184 2746.1 15.203 12019.0 50.159 "" "" 0.0030766779201064167 0.006626884 0.005900399 0.012527283 129.33939057183 -39.59882133239 924.818787 -5.472000000000001 4.364 1.0
129.38896959409 -39.57964340857 0.0223 0.0268 3.9821 "" "" 5528624191388164736 904.927795 1.0651 0.0297 -5.705 4.343 0.03 0.034 1.065 7613.1 4.1013 15.88724 1.994352 16.886707 14.892355 "" "" 881.092407 925.281372 8318.60988 14.729 2402.9 19.451 8754.2 41.854 "" "" 0.0033596819895538215 0.009221084 0.006421015 0.0156421 129.38896959409 -39.57964340857 904.927795 -5.704999999999999 4.343 1.0
129.40555090391 -39.57408192372 0.0299 0.0338 4.5032 "" "" 5528624363186849280 921.6698 1.0604 0.0384 -5.532 4.437 0.043 0.043 1.219 4871.8 4.1845 16.019047 1.910536 16.896093 14.985558 "" "" 893.594482 948.736816 7367.62849 11.28 2382.2 36.925 8034.1 58.361 "" "" 0.0032179159789186168 0.017059045 0.008745736 0.02580478 129.40555090391 -39.57408192372 921.6698 -5.532 4.437 1.0
129.4101116105 -39.57071461287 0.0252 0.0311 4.7655 "" "" 5528624363186846848 886.517578 1.0943 0.0338 -5.297 4.284 0.035 0.04 1.047 "" "" 16.065422 2.040072 17.099016 15.058944 "" "" 862.448975 911.013123 7059.56496 9.9638 1976.1 13.002 7509.0 30.148 "" "" 0.0031527814342855245 0.0076692924 0.0057693864 0.013438679 129.4101116105 -39.57071461287 886.517578 -5.297000000000001 4.283999999999999 1.0
129.40407154725 -39.58528421312 0.0286 0.0332 3.8495 "" "" 5528623985229731712 917.926392 1.0602 0.037 -5.827 4.248 0.04 0.042 1.057 4767.0 4.2617 16.207863 1.8636 17.121767 15.258167 "" "" 885.21582 950.925659 6191.5787 8.4244 1935.1 23.575 6250.2 28.38 "" "" 0.0031263615249023094 0.013518419 0.006211937 0.019730356 129.40407154725 -39.58528421312 917.926392 -5.827 4.248000000000001 1.0
129.47696546255 -39.63387136845 0.0299 0.0366 4.835 "" "" 5528620274377978240 996.300232 0.9752 0.0405 -5.499 4.259 0.039 0.046 0.958 6482.3 4.288 16.467234 2.150803 17.577166 15.426363 "" "" 950.217041 1039.80115 4875.88534 6.9395 1272.2 13.898 5353.2 22.698 "" "" 0.003159048825545725 0.012184757 0.0059562516 0.018141009 129.47696546255 -39.63387136845 996.300232 -5.4990000000000006 4.259 1.0
129.17119749939 -39.7278430124 0.0297 0.0342 10.5759 "" "" 5528616288648432640 943.384644 1.0328 0.0404 -5.42 4.438 0.039 0.044 0.98 6021.9 4.1558 16.515131 2.195916 17.637436 15.44152 "" "" 911.313416 989.075134 4665.46234 16.015 1203.5 20.427 5279.0 55.969 "" "" 0.004634882429205946 0.018638225 0.012115743 0.030753968 129.17119749939 -39.7278430124 943.384644 -5.42 4.438 1.0
129.40785214219 -39.60652025797 0.033 0.0418 2.8023 "" "" 5528623916510260864 989.544495 0.9884 0.0445 -5.293 4.464 0.043 0.053 1.01 6010.8 4.2822 16.589249 2.186744 17.716997 15.530253 "" "" 951.871216 1033.25647 4357.59741 10.325 1118.5 11.422 4864.7 29.73 "" "" 0.0037696031362413596 0.011433106 0.0076361937 0.0190693 129.40785214219 -39.60652025797 989.544495 -5.293 4.464 0.8
129.07453358699 -39.68339553105 0.0341 0.0414 13.9917 "" "" 5528664426641904512 939.391724 1.0404 0.048 -5.525 4.65 0.046 0.053 1.084 4369.1 4.1904 16.654205 1.867418 17.582378 15.71496 "" "" 903.896423 974.445312 4104.53828 4.959 1266.1 8.3852 4103.7 16.752 "" "" 0.0030516391575519525 0.0077130324 0.0058247545 0.013537787 129.07453358699 -39.68339553105 939.391724 -5.525 4.65 1.0
129.41305885807 -39.6777888726 0.0333 0.0462 2.6952 "" "" 5528620446176699904 923.641907 1.0516 0.0473 -5.598 4.489 0.044 0.055 1.008 "" "" 16.743208 2.327919 17.973166 15.645247 "" "" 887.609131 974.594055 3781.49847 3.7688 883.39 8.9131 4375.8 12.92 "" "" 0.0029601872437686016 0.011304449 0.00495586 0.01626031 129.41305885807 -39.6777888726 923.641907 -5.597999999999999 4.488999999999998 0.9
129.17343867461 -39.7367943287 0.0342 0.0397 10.7495 "" "" 5528616288648435200 866.48877 1.1218 0.0471 -5.946 4.335 0.046 0.052 1.042 4156.1 4.2118 16.751812 2.239186 17.926262 15.687076 "" "" 826.690613 914.386047 3751.64567 2.9118 922.38 6.7649 4210.4 13.706 "" "" 0.0028813023585655905 0.008437662 0.0051745027 0.013612165 129.17343867461 -39.7367943287 866.48877 -5.946000000000001 4.335000000000001 0.8
