Clusters/Pozzo_1/Pozzo_1_stars_in_region.tsv
# %ECSV 1.0
# ---
# datatype:
# - name: RA_ICRS_1
#   unit: deg
#   datatype: float64
#   format: '{:15.11f}'
#   description: Right ascension (ICRS) at Ep=2016.0 (ra)
#   meta: !!omap
#   - {ucd: POS_EQ_RA_MAIN}
#   - {width: 15}
#   - {precision: '11'}
# - name: DE_ICRS_1
#   unit: deg
#   datatype: float64
#   format: '{:15.11f}'
#   description: Declination (ICRS) at Ep=2016.0 (dec)
#   meta: !!omap
#   - {ucd: POS_EQ_DEC_MAIN}
#   - {width: 15}
#   - {precision: '11'}
# - name: e_RA_ICRS
#   unit: mas
#   datatype: float64
#   format: '{:7.4f}'
#   description: Standard error of right ascension (ra_error)
#   meta: !!omap
#   - {ucd: ERROR}
#   - {width: 7}
#   - {precision: '4'}
# - name: e_DE_ICRS
#   unit: mas
#   datatype: float64
#   format: '{:7.4f}'
#   description: Standard error of declination (dec_error)
#   meta: !!omap
#   - {ucd: ERROR}
#   - {width: 7}
#   - {precision: '4'}
# - name: _r_1
#   unit: ''
#   datatype: float64
#   format: '{:8.4f}'
#   description: Distance from center (122.33070725000-47.30080602000)[ICRS], at Epoch=J2016.0
#   meta: !!omap
#   - {ucd: POS_ANG_DIST_GENERAL}
#   - {width: 8}
#   - {precision: '4'}
# - name: HIP
#   datatype: int32
#   description: '? HIP cross-id number, van Leeuwen, Cat. I/311 (hip_original_ext_source_id)'
#   meta: !!omap
#   - {ucd: ID_NUMBER}
#   - {width: 6}
#   - values: {'null': -2147483648}
# - name: TYC2
#   datatype: string
#   description: Tycho-2 cross-id name, Hog et al., Cat. I/259 (tyc2_original_ext_source_id)
#   meta: !!omap
#   - {ucd: ID_CROSSID}
#   - {_votable_string_dtype: char}
# - name: Source
#   datatype: int64
#   description: Source identifier, identical to the Gaia-EDR3 source_id (id)
#   meta: !!omap
#   - {ucd: ID_MAIN}
#   - {width: 19}
# - name: rgeo
#   unit: pc
#   datatype: float64
#   format: '{:15.8f}'
#   description: '? Median of the geometric distance posterior (r_med_geo)'
#   meta: !!omap
#   - {ucd: PHYS_DISTANCE_TRUE}
#   - {width: 15}
#   - {precision: '8'}
#   - values: {'null': .nan}
# - name: Plx
#   unit: mas
#   datatype: float64
#   format: '{:9.4f}'
#   description: '? Parallax (parallax)'
#   meta: !!omap
#   - {ucd: POS_PARLX_TRIG}
#   - {width: 9}
#   - {precision: '4'}
#   - values: {'null': .nan}
# - name: e_Plx
#   unit: mas
#   datatype: float32
#   format: '{:7.4f}'
#   description: '? Standard error of parallax (parallax_error)'
#   meta: !!omap
#   - {ucd: ERROR}
#   - {width: 7}
#   - {precision: '4'}
#   - values: {'null': .nan}
# - name: pmRA
#   unit: mas / yr
#   datatype: float64
#   format: '{:9.3f}'
#   description: '? Proper motion in right ascension direction, pmRA*cosDE (pmra)'
#   meta: !!omap
#   - {ucd: POS_EQ_PMRA}
#   - {width: 9}
#   - {precision: '3'}
#   - values: {'null': .nan}
# - name: pmDE
#   unit: mas / yr
#   datatype: float64
#   format: '{:9.3f}'
#   description: '? Proper motion in declination direction (pmdec)'
#   meta: !!omap
#   - {ucd: POS_EQ_PMDEC}
#   - {width: 9}
#   - {precision: '3'}
#   - values: {'null': .nan}
# - name: e_pmRA
#   unit: mas / yr
#   datatype: float32
#   format: '{:6.3f}'
#   description: '? Standard error of proper motion in right ascension direction (pmra_error)'
#   meta: !!omap
#   - {ucd: ERROR}
#   - {width: 6}
#   - {precision: '3'}
#   - values: {'null': .nan}
# - name: e_pmDE
[...]
#         unit: &id001 !astropy.units.Unit {unit: deg}
#         value: !astropy.table.SerializedColumn {name: SkyCoord.dec}
#       distance: !astropy.table.SerializedColumn
#         __class__: astropy.coordinates.distances.Distance
#         unit: !astropy.units.Unit {unit: pc}
#         value: !astropy.table.SerializedColumn {name: SkyCoord.distance}
#       frame: icrs
#       obstime: !astropy.time.Time {format: jyear_str, in_subfmt: '*', jd1: 367701545.0, jd2: 0.0, out_subfmt: '*', precision: 3, scale: tt}
#       pm_dec: !astropy.table.SerializedColumn
#         __class__: astropy.units.quantity.Quantity
#         unit: !astropy.units.Unit {unit: mas / yr}
#         value: !astropy.table.SerializedColumn {name: SkyCoord.pm_dec}
#       pm_ra_cosdec: !astropy.table.SerializedColumn
#         __class__: astropy.units.quantity.Quantity
#         unit: !astropy.units.Unit {unit: mas / yr}
#         value: !astropy.table.SerializedColumn {name: SkyCoord.pm_ra_cosdec}
#       ra: !astropy.table.SerializedColumn
#         __class__: astropy.coordinates.angles.Longitude
#         unit: *id001
#         value: !astropy.table.SerializedColumn {name: SkyCoord.ra}
#         wrap_angle: !astropy.coordinates.Angle
#           unit: *id001
#           value: 360.0
#       representation_type: spherical
# schema: astropy-2.0
RA_ICRS_1 DE_ICRS_1 e_RA_ICRS e_DE_ICRS _r_1 HIP TYC2 Source rgeo Plx e_Plx pmRA pmDE e_pmRA e_pmDE RUWE Teff logg Gmag BP-RP BPmag RPmag RV e_RV b_rgeo B_rgeo FG e_FG FBP e_FBP FRP e_FRP RAVE5 RAVE6 e_Gmag e_BPmag e_RPmag e_BP-RP SkyCoord.ra SkyCoord.dec SkyCoord.distance SkyCoord.pm_ra_cosdec SkyCoord.pm_dec
[from data line 700]
118.98631377951 -47.17155425486 0.0074 0.0086 136.4561 "" "" 5518697869134237696 382.557587 2.595 0.0089 22.856 -26.407 0.01 0.011 0.897 5553.1 4.3084 12.532685 0.841699 12.866854 12.025155 41.21 1.18 381.144836 383.917786 182756.383 30.236 97426.0 46.693 122770.0 34.118 "" "" 0.0027611693047585187 0.0028382775 0.003791407 0.0066296845 118.98631377951 -47.17155425486 382.557587 22.856 -26.407
121.98798402642 -48.80183083613 0.0077 0.0095 91.1042 "" "" 5514623594441685888 304.860657 3.2628 0.0095 -34.316 -13.559 0.011 0.011 0.925 5531.8 4.4359 12.535622 0.835823 12.867438 12.031615 234.51 2.93 304.077271 305.774811 182262.87762 23.919 97374.0 46.039 122040.0 38.844 "" "" 0.0027590018806565447 0.002837 0.0037951483 0.0066321483 121.98798402642 -48.80183083613 304.860657 -34.316 -13.559000000000001
124.90789124882 -48.14107364588 0.0087 0.01 115.5918 "" "" 5515980112610913920 337.982727 2.9409 0.0105 -0.889 -1.278 0.012 0.013 0.909 5695.0 4.3947 12.537673 0.855331 12.882158 12.026827 17.35 0.79 337.011536 339.149994 181918.72655 28.284 96062.0 60.236 122580.0 42.326 "" "" 0.002760486342952112 0.00287203 0.0037979304 0.0066699605 124.90789124882 -48.14107364588 337.982727 -0.8890000000000001 -1.278
123.36234596659 -47.40460701358 0.0078 0.0097 42.3947 "" "" 5516295672444098688 387.537537 2.5584 0.0098 -23.22 19.284 0.011 0.01 0.989 5666.1 4.3439 12.540303 0.804124 12.85767 12.053546 -20.52 1.28 386.13501 389.043121 181478.56617 29.421 98254.0 43.956 119600.0 48.513 "" "" 0.002760936732704208 0.0028321333 0.0038049552 0.0066370885 123.36234596659 -47.40460701358 387.537537 -23.22 19.284
124.23607674153 -48.41981068069 0.0086 0.0089 101.9316 "" "" 5515950086499614208 390.295715 2.5459 0.0099 -34.702 10.806 0.011 0.012 0.942 5432.5 4.2979 12.540446 0.911173 12.911416 12.000243 -10.82 1.48 389.195862 391.597809 181454.78011 27.939 93508.0 43.39 125620.0 36.047 "" "" 0.002760386982340729 0.0028352903 0.0037922016 0.0066274917 124.23607674153 -48.41981068069 390.295715 -34.702000000000005 10.805999999999997
120.46947146211 -47.3953970614 0.0089 0.0097 75.8747 "" "" 5517978578072101120 336.278076 2.9556 0.0101 1.484 -19.307 0.011 0.012 0.951 5557.9 4.4169 12.542027 0.847268 12.881651 12.034383 -5.54 0.93 335.238495 337.462402 181190.76756 29.928 96107.0 52.929 121730.0 45.748 "" "" 0.0027611502270427474 0.0028535223 0.0038013447 0.006654867 120.46947146211 -47.3953970614 336.278076 1.4840000000000009 -19.307000000000002
120.35221789824 -46.07860941304 0.009 0.0097 109.5752 "" "" 5518872485328079232 335.801758 2.96 0.0104 11.633 25.768 0.012 0.013 1.03 5693.2 4.3928 12.54876 0.862411 12.895653 12.033241 59.98 1.51 334.758453 336.769287 180070.47848 23.686 94876.0 45.316 121860.0 38.501 "" "" 0.002759018937963695 0.0028379532 0.0037949174 0.0066328705 120.35221789824 -46.07860941304 335.801758 11.632999999999997 25.768000000000004
124.2614028144 -48.88464967219 0.058 0.0742 122.5374 "" "" 5515831575457386368 347.438629 2.8799 0.0689 -6.936 9.505 0.083 0.104 6.349 "" "" 12.551085 1.375491 13.163695 11.788204 7.73 5.92 340.423126 355.664185 179685.35244 211.45 74121.0 335.81 152710.0 492.73 "" "" 0.0030371425006454522 0.0056552268 0.0051532695 0.010808496 124.2614028144 -48.88464967219 347.438629 -6.936 9.504999999999999
123.14807040072 -48.97064059867 0.0238 0.0293 105.3986 "" "" 5515862503526950528 356.907593 2.7781 0.0293 -7.223 2.953 0.033 0.034 2.843 5849.7 4.3438 12.55284 0.921117 12.924745 12.003628 12.19 2.42 353.200684 360.260376 179395.19248 115.37 92367.0 255.99 125230.0 216.08 "" "" 0.00284241662475434 0.004103593 0.004218217 0.0083218105 123.14807040072 -48.97064059867 356.907593 -7.222999999999999 2.953
123.322240638 -49.4492531402 0.0148 0.0163 134.8248 "" "" 5515789935758273664 379.62439 2.6228 0.0173 -7.47 4.098 0.02 0.019 1.818 5426.7 4.1858 12.555662 1.085129 13.008266 11.923137 35.7 37.35 377.510101 382.009155 178929.4875 303.7 85528.0 597.25 134870.0 558.29 "" "" 0.003314791412358862 0.008078904 0.00587223 0.013951134 123.322240638 -49.4492531402 379.62439 -7.47 4.097999999999999
124.57926850373 -48.77391225358 0.0085 0.0099 126.2823 "" "" 5515176545709957760 372.70929 2.6749 0.0103 -6.046 8.248 0.011 0.012 0.955 5102.5 4.1871 12.556997 1.11829 13.033176 11.914886 16.41 3.16 371.055206 374.120453 178709.62056 318.47 83588.0 534.9 135900.0 629.27 "" "" 0.0033668074234812183 0.007487205 0.0062895385 0.013776744 124.57926850373 -48.77391225358 372.70929 -6.045999999999999 8.247999999999998
122.47581149392 -49.32278265497 0.0092 0.0102 121.4566 "" "" 5514362112531563648 309.591492 3.2125 0.0103 -12.381 4.476 0.013 0.015 1.017 5491.7 4.4337 12.557135 0.948099 12.947479 11.99938 9.86 1.31 308.500641 310.690796 178686.96602 201.43 90453.0 363.74 125720.0 382.11 "" "" 0.0030149273745089383 0.0051814825 0.0050173146 0.010198797 122.47581149392 -49.32278265497 309.591492 -12.381 4.476000000000001
123.1530954755 -47.48230235263 0.0076 0.009 35.1346 "" "" 5516204279845893120 307.392029 3.2376 0.0093 -31.549 49.624 0.01 0.011 0.954 5527.0 4.4205 12.558051 0.936407 12.942512 12.006105 5.97 0.89 306.358734 308.314392 178536.23832 27.097 90868.0 38.514 124940.0 40.505 "" "" 0.0027602434100863424 0.0028278646 0.0037957376 0.0066236025 123.1530954755 -47.48230235263 307.392029 -31.549 49.62400000000001
120.27671115348 -46.8182947166 0.0084 0.0091 88.8037 "" "" 5518767924347178752 315.540344 3.1536 0.0098 -11.349 4.924 0.011 0.012 0.965 5664.8 4.3831 12.55821 0.948236 12.948063 11.999826 9.9 4.29 314.648651 316.429871 178509.97931 257.52 90405.0 453.18 125670.0 456.59 "" "" 0.0031693942757838396 0.0061160787 0.005463035 0.011579113 120.27671115348 -46.8182947166 315.540344 -11.349 4.924000000000001
122.37544137467 -46.96549973224 0.0136 0.0154 20.2011 "" "" 5519287958978776576 381.354401 2.6164 0.0165 -7.989 10.171 0.017 0.02 1.329 5142.9 4.1283 12.559176 1.273928 13.116431 11.842504 15.25 9.21 379.306335 383.664856 178351.38465 328.71 77418.0 475.63 145260.0 617.33 "" "" 0.0034052961724398514 0.007230438 0.005964436 0.013194874 122.37544137467 -46.96549973224 381.354401 -7.988999999999999 10.171
119.85052027393 -48.01735822548 0.0099 0.0108 109.0554 "" "" 5517861995478325504 397.956909 2.4993 0.0114 -14.258 15.85 0.013 0.015 1.191 5758.6 4.2632 12.55925 0.881399 12.915142 12.033743 23.94 1.08 395.779999 399.831177 178339.21495 42.032 93188.0 58.448 121800.0 58.997 "" "" 0.0027671773272326316 0.0028720691 0.0038157965 0.0066878656 119.85052027393 -48.01735822548 397.956909 -14.258000000000001 15.849999999999998
122.44512582961 -49.12216924159 0.0077 0.0084 109.3775 "" "" 5514555115481858432 382.625977 2.5949 0.0091 -8.37 4.546 0.01 0.011 0.927 5817.0 4.3153 12.559595 0.844983 12.897554 12.052571 7.69 8.87 381.585571 383.632202 178282.49071 137.43 94710.0 292.14 119710.0 235.27 "" "" 0.0028796296600644734 0.0043590222 0.004340158 0.008699181 122.44512582961 -49.12216924159 382.625977 -8.370000000000001 4.546
121.72783862077 -46.95665483828 0.1623 0.1628 32.125 "" "" 5519457489932151424 326.139435 3.1211 0.1766 -5.422 10.751 0.199 0.195 19.192 5217.2 3.6526 12.55978 1.416309 13.159488 11.743178 "" "" 308.159729 346.940979 178252.09396 358.83 74408.0 522.1 159180.0 890.99 "" "" 0.0035169313967768367 0.008113175 0.007156602 0.015269777 121.72783862077 -46.95665483828 326.139435 -5.422 10.750999999999996
124.02129200688 -45.3762163515 0.0308 0.0351 135.0432 "" "" 5520017553662976384 281.450012 3.5315 0.0384 -8.867 5.929 0.042 0.044 3.8 "" "" 12.564734 0.977217 12.961414 11.984198 8.43 1.7 278.386505 284.408875 177440.76715 148.81 89300.0 244.22 127490.0 245.01 "" "" 0.0029018765689743063 0.0040745293 0.004317115 0.008391645 124.02129200688 -45.3762163515 281.450012 -8.867 5.9289999999999985
123.83583400639 -49.12777975073 0.0093 0.0094 125.0432 "" "" 5515824089338697728 294.747681 3.3796 0.0102 1.062 3.042 0.012 0.012 0.979 5531.5 4.5395 12.565198 0.959576 12.96222 12.002645 101.96 1.75 293.840576 295.493927 177364.87991 23.045 89234.0 50.356 125340.0 33.145 "" "" 0.0027589291459722914 0.0028566492 0.003790272 0.006646921 123.83583400639 -49.12777975073 294.747681 1.0619999999999998 3.042
121.80678277506 -47.42102383152 0.0703 0.0642 22.4822 "" "" 5519250373730946688 385.894073 2.5874 0.0735 -6.819 -1.917 0.101 0.082 6.656 5333.8 4.1818 12.569705 0.900989 12.927683 12.026694 13.66 1.66 378.44519 395.614685 176630.05067 38.76 92118.0 41.487 122600.0 36.791 "" "" 0.0027656021441239656 0.0028326933 0.0037934 0.0066260933 121.80678277506 -47.42102383152 385.894073 -6.819000000000001 -1.9170000000000007
122.61885598874 -48.94771643662 0.0088 0.0098 99.486 "" "" 5514563636696837248 379.500336 2.6195 0.0102 -8.293 4.464 0.011 0.013 0.977 5811.0 4.3009 12.570353 0.872204 12.919354 12.047151 9.3 3.06 377.933929 380.910095 176524.84931 138.74 92827.0 329.04 120310.0 348.78 "" "" 0.0028844361732762586 0.0047535766 0.004918421 0.009671997 122.61885598874 -48.94771643662 379.500336 -8.293000000000001 4.464000000000002
121.92191975483 -45.60696220192 0.0078 0.0084 103.0254 "" "" 5520433551321951232 365.379517 2.7199 0.0091 -8.911 11.818 0.01 0.01 0.924 5571.1 4.391 12.574701 0.8402 12.911249 12.071049 62.72 1.38 364.040924 366.556061 175819.14269 27.46 93523.0 46.873 117690.0 48.944 "" "" 0.002760533402463777 0.0028427383 0.0038062586 0.006648997 121.92191975483 -45.60696220192 365.379517 -8.911 11.818
124.98855613743 -46.43543068484 0.008 0.0098 120.7506 "" "" 5516734691130430592 402.329681 2.4669 0.0102 6.557 37.365 0.01 0.011 0.927 5578.6 4.3111 12.580076 0.824045 12.906837 12.082791 5.56 1.72 400.991852 403.536804 174950.9497 26.729 93904.0 50.468 116420.0 55.595 "" "" 0.002760308888069131 0.0028505342 0.0038147804 0.0066653145 124.98855613743 -46.43543068484 402.329681 6.557000000000004 37.365
121.96993245572 -49.40297737051 0.0085 0.0088 126.9475 "" "" 5514527451590232832 324.800201 3.0629 0.0095 2.28 -8.001 0.011 0.012 1.034 5664.1 4.4593 12.585422 0.885256 12.944497 12.059241 12.55 1.03 323.65921 325.780212 174091.52299 32.807 90702.0 55.703 118980.0 63.559 "" "" 0.002762906443681904 0.0028687369 0.0038236275 0.0066923643 121.96993245572 -49.40297737051 324.800201 2.2800000000000002 -8.001000000000001
124.04008574051 -49.26647027785 0.008 0.0089 136.2551 "" "" 5515069308965395712 293.824677 3.3859 0.0094 -6.982 27.296 0.011 0.012 0.956 "" "" 12.587752 0.968237 12.990608 12.022371 15.94 0.9 293.052673 294.543793 173718.45758 32.796 86931.0 63.826 123090.0 54.712 "" "" 0.002762933917175589 0.0029018128 0.003810069 0.0067118816 124.04008574051 -49.26647027785 293.824677 -6.981999999999998 27.296
124.3499133176 -45.64899078482 0.0079 0.0091 129.543 "" "" 5519831598758951808 348.754791 2.8566 0.0097 -6.659 9.144 0.011 0.011 0.896 5598.5 4.1703 12.589271 1.185359 13.099254 11.913895 9.37 6.51 347.727783 350.026917 173475.66511 375.58 78653.0 583.28 136020.0 744.09 "" "" 0.003621788227292659 0.008521413 0.0070399516 0.015561365 124.3499133176 -45.64899078482 348.754791 -6.659000000000002 9.144
120.94101762295 -49.22216202609 0.3729 0.3742 127.9439 "" "" 5514509417027828352 320.059723 3.3753 0.407 -8.085 7.119 0.531 0.502 36.607 "" "" 12.589281 1.267589 13.032721 11.765133 33.68 19.24 280.372772 376.722992 173473.90929 750.74 83623.0 433.94 155990.0 457.38 "" "" 0.005446996422343065 0.006287183 0.004941497 0.011228681 120.94101762295 -49.22216202609 320.059723 -8.085 7.119
121.58172200331 -45.22049974087 0.0146 0.0147 128.6255 "" "" 5520421972090375552 379.405487 2.615 0.0161 -8.858 5.69 0.018 0.018 1.61 5524.3 4.3432 12.611721 0.847372 12.949667 12.102295 16.68 3.8 377.453217 381.553711 169925.37106 61.658 90271.0 125.62 114350.0 87.927 "" "" 0.0027833426494487737 0.0031729888 0.0038704919 0.007043481 121.58172200331 -45.22049974087 379.405487 -8.857999999999999 5.6899999999999995
120.33589896336 -47.76781835632 0.0082 0.0087 85.5248 "" "" 5517917937433591552 354.047729 2.806 0.0095 -18.917 14.01 0.012 0.011 0.905 5487.2 4.3941 12.618457 0.868109 12.968401 12.100292 22.22 1.05 352.961304 355.229828 168874.40184 28.321 88727.0 38.869 114560.0 43.486 "" "" 0.0027613300361079484 0.0028304197 0.0038017868 0.0066322065 120.33589896336 -47.76781835632 354.047729 -18.917 14.01
124.678985255 -47.38609695972 0.0098 0.0113 95.6053 "" "" 5516252589637610240 368.92514 2.6983 0.0119 0.573 1.078 0.013 0.014 1.081 5315.8 4.3324 12.619785 0.964539 13.017546 12.053007 7.09 1.63 367.23175 370.602478 168668.03806 28.469 84801.0 42.717 119660.0 34.124 "" "" 0.002761407796563695 0.0028432675 0.0037920435 0.006635311 124.678985255 -47.38609695972 368.92514 0.573 1.078
121.98851040818 -47.12680482982 0.0093 0.0101 17.4212 "" "" 5519263563564560640 400.921936 2.4789 0.0107 -2.598 -8.276 0.013 0.012 1.042 5564.5 4.3574 12.619905 0.855835 12.964827 12.108992 -3.96 1.89 399.302063 402.972412 168649.52439 28.096 89020.0 48.873 113650.0 41.49 "" "" 0.0027612507938460065 0.0028531319 0.0038001097 0.006653242 121.98851040818 -47.12680482982 400.921936 -2.5979999999999994 -8.275999999999998
122.76181466645 -47.4112051806 0.0095 0.0109 18.7331 "" "" 5519204980216894464 330.617157 3.0172 0.0119 -6.697 9.847 0.012 0.014 1.025 4998.2 4.2235 12.625038 1.18246 13.134114 11.951654 11.42 5.21 329.252319 331.922302 167853.87429 227.27 76168.0 355.28 131370.0 512.59 "" "" 0.0031229578560003583 0.0057820883 0.0056772283 0.011459317 122.76181466645 -47.4112051806 330.617157 -6.696999999999999 9.847000000000001
121.88577836546 -45.37140885852 0.2272 0.2576 117.2213 "" "" 5520450902989284224 355.31488 2.8505 0.2747 2.326 30.723 0.31 0.319 23.668 5599.0 3.9766 12.625223 0.916311 12.979622 12.063311 7.22 1.74 330.06662 389.431335 167825.27975 117.95 87815.0 38.684 118530.0 42.984 "" "" 0.0028590324417920045 0.0028308665 0.003799836 0.0066307024 121.88577836546 -45.37140885852 355.31488 2.3259999999999987 30.723000000000006
123.09149072838 -47.66689488016 0.1537 0.1654 37.869 "" "" 5516197888934633728 370.655121 2.7359 0.176 -5.651 -3.044 0.201 0.202 17.506 5923.1 4.0322 12.627975 0.855973 12.956695 12.100721 -3.61 10.29 345.818695 398.347229 167400.43639 89.15 89689.0 96.394 114520.0 79.417 "" "" 0.0028153368463421018 0.0030243532 0.0038536522 0.0068780053 123.09149072838 -47.66689488016 370.655121 -5.651 -3.0440000000000005
121.86369413903 -48.23670532044 0.0687 0.0877 59.2278 "" "" 5517658723269721856 366.525238 2.756 0.0849 -5.818 10.007 0.09 0.095 7.167 5705.5 4.2001 12.628208 1.213848 13.066403 11.852555 21.09 17.87 354.940948 379.849182 167364.56645 397.09 81069.0 361.93 143920.0 439.76 "" "" 0.0037719602472627753 0.0055929185 0.00502891 0.010621829 121.86369413903 -48.23670532044 366.525238 -5.818 10.007
124.31119062196 -46.19348184243 0.0081 0.009 105.0847 "" "" 5519737972779656832 313.729858 3.1676 0.0097 4.939 -20.119 0.012 0.011 0.907 5684.2 4.4785 12.629785 0.901826 12.996061 12.094235 -12.08 1.09 312.580627 314.694336 167121.75519 24.796 86495.0 32.912 115200.0 34.284 "" "" 0.002760025346328622 0.0028205893 0.0037931693 0.0066137584 124.31119062196 -46.19348184243 313.729858 4.939 -20.119
120.94717225283 -49.22641912139 0.0093 0.0098 128.0669 "" "" 5514509417027827840 395.316742 2.5185 0.0105 -5.17 8.086 0.012 0.013 0.978 5142.9 4.1658 12.636727 1.150845 13.106124 11.955278 24.39 5.74 393.877533 396.930634 166056.49672 280.9 78157.0 523.98 130930.0 915.47 "" "" 0.0033113404467592818 0.0077954303 0.008480273 0.016275704 120.94717225283 -49.22641912139 395.316742 -5.17 8.086
120.6154363595 -48.07351696209 0.0133 0.0154 83.3596 "" "" 5517895294366243968 348.328369 2.8617 0.0155 -8.273 8.922 0.018 0.02 1.61 "" "" 12.637174 1.147645 13.13139 11.983745 10.8 9.32 346.445648 350.221619 165988.22519 271.07 76359.0 387.42 127540.0 481.15 "" "" 0.0032765232377045487 0.0061749825 0.005573224 0.011748206 120.6154363595 -48.07351696209 348.328369 -8.273 8.922
