Clusters/Pozzo_1/Pozzo_1_stars_in_region.tsv
# %ECSV 1.0
# ---
# datatype:
# - name: RA_ICRS_1
#   unit: deg
#   datatype: float64
#   format: '{:15.11f}'
#   description: Right ascension (ICRS) at Ep=2016.0 (ra)
#   meta: !!omap
#   - {ucd: POS_EQ_RA_MAIN}
#   - {width: 15}
#   - {precision: '11'}
# - name: DE_ICRS_1
#   unit: deg
#   datatype: float64
#   format: '{:15.11f}'
#   description: Declination (ICRS) at Ep=2016.0 (dec)
#   meta: !!omap
#   - {ucd: POS_EQ_DEC_MAIN}
#   - {width: 15}
#   - {precision: '11'}
# - name: e_RA_ICRS
#   unit: mas
#   datatype: float64
#   format: '{:7.4f}'
#   description: Standard error of right ascension (ra_error)
#   meta: !!omap
#   - {ucd: ERROR}
#   - {width: 7}
#   - {precision: '4'}
# - name: e_DE_ICRS
#   unit: mas
#   datatype: float64
#   format: '{:7.4f}'
#   description: Standard error of declination (dec_error)
#   meta: !!omap
#   - {ucd: ERROR}
#   - {width: 7}
#   - {precision: '4'}
# - name: _r_1
#   unit: ''
#   datatype: float64
#   format: '{:8.4f}'
#   description: Distance from center (122.33070725000-47.30080602000)[ICRS], at Epoch=J2016.0
#   meta: !!omap
#   - {ucd: POS_ANG_DIST_GENERAL}
#   - {width: 8}
#   - {precision: '4'}
# - name: HIP
#   datatype: int32
#   description: '? HIP cross-id number, van Leeuwen, Cat. I/311 (hip_original_ext_source_id)'
#   meta: !!omap
#   - {ucd: ID_NUMBER}
#   - {width: 6}
#   - values: {'null': -2147483648}
# - name: TYC2
#   datatype: string
#   description: Tycho-2 cross-id name, Hog et al., Cat. I/259 (tyc2_original_ext_source_id)
#   meta: !!omap
#   - {ucd: ID_CROSSID}
#   - {_votable_string_dtype: char}
# - name: Source
#   datatype: int64
#   description: Source identifier, identical to the Gaia-EDR3 source_id (id)
#   meta: !!omap
#   - {ucd: ID_MAIN}
#   - {width: 19}
# - name: rgeo
#   unit: pc
#   datatype: float64
#   format: '{:15.8f}'
#   description: '? Median of the geometric distance posterior (r_med_geo)'
#   meta: !!omap
#   - {ucd: PHYS_DISTANCE_TRUE}
#   - {width: 15}
#   - {precision: '8'}
#   - values: {'null': .nan}
# - name: Plx
#   unit: mas
#   datatype: float64
#   format: '{:9.4f}'
#   description: '? Parallax (parallax)'
#   meta: !!omap
#   - {ucd: POS_PARLX_TRIG}
#   - {width: 9}
#   - {precision: '4'}
#   - values: {'null': .nan}
# - name: e_Plx
#   unit: mas
#   datatype: float32
#   format: '{:7.4f}'
#   description: '? Standard error of parallax (parallax_error)'
#   meta: !!omap
#   - {ucd: ERROR}
#   - {width: 7}
#   - {precision: '4'}
#   - values: {'null': .nan}
# - name: pmRA
#   unit: mas / yr
#   datatype: float64
#   format: '{:9.3f}'
#   description: '? Proper motion in right ascension direction, pmRA*cosDE (pmra)'
#   meta: !!omap
#   - {ucd: POS_EQ_PMRA}
#   - {width: 9}
#   - {precision: '3'}
#   - values: {'null': .nan}
# - name: pmDE
#   unit: mas / yr
#   datatype: float64
#   format: '{:9.3f}'
#   description: '? Proper motion in declination direction (pmdec)'
#   meta: !!omap
#   - {ucd: POS_EQ_PMDEC}
#   - {width: 9}
#   - {precision: '3'}
#   - values: {'null': .nan}
# - name: e_pmRA
#   unit: mas / yr
#   datatype: float32
#   format: '{:6.3f}'
#   description: '? Standard error of proper motion in right ascension direction (pmra_error)'
#   meta: !!omap
#   - {ucd: ERROR}
#   - {width: 6}
#   - {precision: '3'}
#   - values: {'null': .nan}
# - name: e_pmDE
[...]
#         unit: &id001 !astropy.units.Unit {unit: deg}
#         value: !astropy.table.SerializedColumn {name: SkyCoord.dec}
#       distance: !astropy.table.SerializedColumn
#         __class__: astropy.coordinates.distances.Distance
#         unit: !astropy.units.Unit {unit: pc}
#         value: !astropy.table.SerializedColumn {name: SkyCoord.distance}
#       frame: icrs
#       obstime: !astropy.time.Time {format: jyear_str, in_subfmt: '*', jd1: 367701545.0, jd2: 0.0, out_subfmt: '*', precision: 3, scale: tt}
#       pm_dec: !astropy.table.SerializedColumn
#         __class__: astropy.units.quantity.Quantity
#         unit: !astropy.units.Unit {unit: mas / yr}
#         value: !astropy.table.SerializedColumn {name: SkyCoord.pm_dec}
#       pm_ra_cosdec: !astropy.table.SerializedColumn
#         __class__: astropy.units.quantity.Quantity
#         unit: !astropy.units.Unit {unit: mas / yr}
#         value: !astropy.table.SerializedColumn {name: SkyCoord.pm_ra_cosdec}
#       ra: !astropy.table.SerializedColumn
#         __class__: astropy.coordinates.angles.Longitude
#         unit: *id001
#         value: !astropy.table.SerializedColumn {name: SkyCoord.ra}
#         wrap_angle: !astropy.coordinates.Angle
#           unit: *id001
#           value: 360.0
#       representation_type: spherical
# schema: astropy-2.0
RA_ICRS_1 DE_ICRS_1 e_RA_ICRS e_DE_ICRS _r_1 HIP TYC2 Source rgeo Plx e_Plx pmRA pmDE e_pmRA e_pmDE RUWE Teff logg Gmag BP-RP BPmag RPmag RV e_RV b_rgeo B_rgeo FG e_FG FBP e_FBP FRP e_FRP RAVE5 RAVE6 e_Gmag e_BPmag e_RPmag e_BP-RP SkyCoord.ra SkyCoord.dec SkyCoord.distance SkyCoord.pm_ra_cosdec SkyCoord.pm_dec
[from data line 543]
120.42482868675 -45.97335670376 0.0073 0.0078 111.8346 "" "" 5518876260595140352 355.056854 2.7887 0.0084 -8.038 4.805 0.011 0.01 0.795 5920.8 4.2583 11.99995 0.732812 12.28463 11.551818 15.45 3.01 354.018799 356.147614 298515.17549 168.28 166560.0 319.28 189860.0 240.31 "" "" 0.002822481282437082 0.0034809008 0.004021475 0.007502376 120.42482868675 -45.97335670376 355.056854 -8.038 4.804999999999998
122.68934474335 -49.01854343204 0.0108 0.012 104.0586 "" "" 5514375345330684416 377.277893 2.623 0.0123 -9.09 4.064 0.014 0.016 1.131 6130.4 4.3073 12.004985 0.723307 12.279714 11.556407 12.69 1.58 375.331909 379.137878 297134.28775 70.071 167310.0 131.9 189060.0 98.082 "" "" 0.0027671910853589443 0.0029185088 0.003821125 0.006739634 122.68934474335 -49.01854343204 377.277893 -9.09 4.064000000000001
122.98612985048 -45.08301085762 0.0084 0.009 135.8223 "" 8136-307-1 5519723747849091200 375.38681 2.6352 0.0098 -16.534 22.951 0.011 0.012 0.942 5970.1 4.2524 12.013831 0.720638 12.293788 11.57315 28.04 0.81 374.099823 376.6297 294723.19121 41.653 165160.0 69.847 186170.0 54.326 "" "" 0.002759589671398915 0.0028276986 0.0037926384 0.0066203373 122.98612985048 -45.08301085762 375.38681 -16.534 22.951000000000008
121.40894662277 -49.4702220015 0.0069 0.0087 135.2448 "" "" 5514441964558632320 296.295319 3.3496 0.0086 -15.14 7.343 0.009 0.01 0.779 6104.8 4.4982 12.018411 0.76078 12.316581 11.5558 3.67 0.88 295.70575 297.080048 293482.76773 107.24 161730.0 174.19 189160.0 165.33 "" "" 0.002783736085341306 0.0030253108 0.003896697 0.0069220075 121.40894662277 -49.4702220015 296.295319 -15.14 7.342999999999998
121.87647976534 -45.48617101091 0.0079 0.0091 110.4882 "" "" 5520446981673077504 399.225372 2.4769 0.0094 4.528 5.892 0.011 0.011 0.813 6132.5 4.213 12.022841 0.685342 12.285011 11.599669 31.07 0.96 398.07019 400.824738 292287.41207 42.419 166500.0 63.645 181670.0 51.486 "" "" 0.0027598220649536647 0.0028208676 0.003791887 0.0066127544 121.87647976534 -45.48617101091 399.225372 4.527999999999999 5.892
123.06420668211 -47.70868647089 0.0094 0.0099 38.5067 "" 8140-2821-1 5516197163076876160 304.198792 3.2603 0.0108 -12.197 -1.951 0.012 0.012 0.925 5715.2 4.3128 12.023441 0.83991 12.353192 11.513283 11.46 0.74 303.380676 305.217804 292126.03511 45.802 156370.0 91.61 196720.0 329.56 "" "" 0.0027605738484798126 0.0028617564 0.004194299 0.0070560556 123.06420668211 -47.70868647089 304.198792 -12.197 -1.9509999999999992
123.42578168563 -47.17208846375 0.0081 0.0093 45.2748 "" 8140-329-1 5516308389853047808 410.410767 2.4118 0.0103 -13.458 14.547 0.011 0.01 0.792 5941.5 4.2478 12.031092 0.740561 12.319078 11.578517 27.81 0.69 408.67276 412.187439 290074.86622 47.406 161360.0 112.89 185250.0 57.173 "" "" 0.0027610276660159417 0.0028917189 0.0037942075 0.0066859266 123.42578168563 -47.17208846375 410.410767 -13.458 14.547
120.72033683359 -47.13692092044 0.0086 0.0101 66.3571 "" 8139-1068-1 5518006203298382592 339.902466 2.9214 0.0106 -6.288 9.975 0.012 0.012 0.935 5273.1 4.1985 12.033795 0.976831 12.433075 11.456243 15.95 1.47 338.590149 341.269592 289353.29464 246.44 145270.0 558.32 207330.0 546.96 "" "" 0.0029063523437306855 0.005019724 0.0047421423 0.009761866 120.72033683359 -47.13692092044 339.902466 -6.287999999999999 9.974999999999996
123.32297988585 -46.95286446839 0.0076 0.0086 45.5699 "" "" 5519316791105026816 352.621552 2.8171 0.0093 -6.369 9.144 0.01 0.01 0.876 5368.0 4.1855 12.036934 1.052306 12.476589 11.424283 18.07 3.89 351.360779 353.844666 288518.29204 405.71 139570.0 636.89 213520.0 732.67 "" "" 0.0031500383140392026 0.005686102 0.0053069475 0.0109930495 123.32297988585 -46.95286446839 352.621552 -6.369 9.143999999999998
121.27349790466 -49.34026567041 0.0088 0.0112 129.4298 "" "" 5514493263648009856 285.418549 3.4823 0.0109 -13.1 27.077 0.011 0.013 0.894 5690.1 4.3631 12.037507 0.836286 12.373076 11.536791 43.68 0.61 284.548767 286.345032 288365.971 47.768 153530.0 78.503 192500.0 47.468 "" "" 0.0027611838867802998 0.0028448638 0.0037888528 0.0066337166 121.27349790466 -49.34026567041 285.418549 -13.099999999999996 27.076999999999998
120.08206343732 -46.98630124603 0.0083 0.0085 93.6833 "" 8139-1288-1 5518759506207240832 354.648132 2.7934 0.0093 -1.809 -9.195 0.012 0.011 0.891 5948.4 4.3386 12.03829 0.727928 12.320976 11.593048 3.64 0.82 353.628174 355.977081 288158.00978 65.484 161070.0 115.41 182780.0 74.218 "" "" 0.0027663454273777494 0.0028965943 0.0038050085 0.0067016026 120.08206343732 -46.98630124603 354.648132 -1.8089999999999988 -9.195
121.36910784271 -48.18925623019 0.0074 0.0083 65.9291 "" "" 5517648037386315520 386.234711 2.5667 0.0088 -6.309 17.151 0.009 0.01 0.824 5665.7 4.2407 12.051139 0.809655 12.371834 11.562179 28.38 0.81 384.815308 387.544739 284767.93575 43.968 153700.0 64.41 188060.0 66.333 "" "" 0.002760415108341079 0.002827024 0.003798735 0.0066257594 121.36910784271 -48.18925623019 386.234711 -6.309 17.151000000000003
120.04672542174 -46.45248226863 0.0078 0.0088 106.6048 "" "" 5518826473332424832 375.835541 2.64 0.0093 -5.855 8.427 0.01 0.011 0.832 5613.2 4.222 12.060056 0.873379 12.412885 11.539506 16.65 3.41 374.380157 377.059113 282438.8903 224.8 148000.0 391.06 192020.0 382.84 "" "" 0.002887657980102509 0.0040019094 0.00435541 0.00835732 120.04672542174 -46.45248226863 375.835541 -5.855 8.427
124.3525732699 -48.25809113881 0.0081 0.0091 99.7168 "" 8153-154-1 5516004374888313344 365.96698 2.7077 0.0097 -20.823 22.868 0.011 0.012 0.911 6111.8 4.2273 12.060975 0.711148 12.3335 11.622352 19.47 0.76 364.865082 367.297089 282199.72015 44.051 159230.0 52.18 177920.0 35.954 "" "" 0.002760527764830501 0.002812764 0.003785745 0.006598509 124.3525732699 -48.25809113881 365.96698 -20.823000000000004 22.868000000000002
119.27615865679 -47.28933628331 0.0074 0.0085 124.2938 "" "" 5518704564980726528 337.521454 2.9389 0.0086 -2.245 57.867 0.01 0.011 0.817 5965.8 4.3401 12.072207 0.799642 12.387848 11.588206 64.91 0.82 336.557098 338.511139 279295.51589 35.601 151450.0 83.798 183600.0 60.803 "" "" 0.002758793716378754 0.0028541093 0.0037964475 0.006650557 119.27615865679 -47.28933628331 337.521454 -2.244999999999994 57.867
122.22694852141 -45.79604234075 0.0081 0.0087 90.3873 "" "" 5519673681401352448 338.865295 2.9322 0.0094 20.932 -40.128 0.011 0.011 0.88 5619.9 4.2187 12.072318 0.898895 12.439124 11.540229 28.51 0.71 337.82309 339.883911 279266.94888 41.879 144470.0 78.487 191900.0 45.175 "" "" 0.002760126617348071 0.002851837 0.0037880146 0.0066398517 122.22694852141 -45.79604234075 338.865295 20.931999999999995 -40.128
123.6361398473 -47.50513089684 0.0085 0.01 54.4123 "" "" 5516280279281314176 411.060089 2.4098 0.0104 -12.783 18.744 0.012 0.012 0.933 6132.8 4.2318 12.074249 0.751544 12.369443 11.617899 25.93 0.93 409.359589 412.6073 278770.56965 37.418 154040.0 80.432 178650.0 61.105 "" "" 0.00275917152716744 0.0028471816 0.003797583 0.006644765 123.6361398473 -47.50513089684 411.060089 -12.783 18.744
119.80409460816 -47.55739337071 0.0084 0.0083 103.6998 "" "" 5517891613572747136 356.967621 2.7746 0.0091 -21.793 7.162 0.011 0.011 0.873 5959.1 4.3326 12.075438 0.7432 12.364401 11.621201 -15.95 0.71 355.87204 357.983154 278465.7723 44.514 154760.0 80.422 178110.0 46.357 "" "" 0.002760781121988449 0.0028466438 0.0037899318 0.006636576 119.80409460816 -47.55739337071 356.967621 -21.793 7.162
121.61029448743 -47.07776432192 0.0135 0.0142 32.2792 "" "" 5519450622284717696 391.344482 2.537 0.0153 11.917 -7.479 0.017 0.018 1.305 5422.8 4.1918 12.077621 0.906149 12.446118 11.539969 52.02 0.57 389.326569 393.547089 277906.053 39.926 143540.0 60.345 191940.0 61.537 "" "" 0.002759731987361775 0.0028272592 0.0037953781 0.0066226376 121.61029448743 -47.07776432192 391.344482 11.917000000000002 -7.479
124.86205248806 -47.81041426105 0.0143 0.0177 106.958 "" "" 5516040521333672832 412.28598 2.4019 0.0178 2.261 -35.19 0.019 0.021 1.753 6024.3 4.0624 12.09166 0.793487 12.354434 11.560947 5.53 1.64 409.406433 415.803284 274335.78704 55.283 156190.0 111.69 188270.0 221.39 "" "" 0.0027639934495323746 0.0028961776 0.003989208 0.0068853856 124.86205248806 -47.81041426105 412.28598 2.261000000000001 -35.19
122.34553318169 -49.13262647369 0.0089 0.0094 109.9108 "" "" 5514554874963671040 382.860168 2.5837 0.0104 -8.089 4.22 0.012 0.011 0.99 6289.8 4.4138 12.095979 0.723583 12.37478 11.651196 12.77 0.97 381.248077 384.522614 273247.00849 94.394 153290.0 201.39 173250.0 144.84 "" "" 0.002780731471491901 0.003133645 0.0038868543 0.0070204996 122.34553318169 -49.13262647369 382.860168 -8.089 4.2200000000000015
119.46261980553 -46.24453896919 0.0203 0.0233 133.8069 "" "" 5519039198777008384 322.919403 3.0724 0.0239 -12.009 5.111 0.03 0.032 2.07 5595.6 4.3135 12.104662 0.827466 12.427003 11.599537 9.39 2.75 320.332397 324.983337 271070.28254 213.19 146090.0 397.24 181700.0 349.02 "" "" 0.002884604313653142 0.0040621394 0.0043166224 0.008378762 119.46261980553 -46.24453896919 322.919403 -12.009 5.110999999999999
121.51481380126 -47.54802482772 0.0084 0.0088 36.2898 "" "" 5517750296272351872 363.765594 2.7254 0.0098 -8.86 4.671 0.013 0.012 0.94 5897.8 4.2254 12.106512 0.761842 12.404682 11.64284 14.39 2.6 362.324066 365.516052 270608.70557 219.78 149120.0 383.8 174590.0 320.44 "" "" 0.0028929851079490094 0.00394891 0.0042725587 0.008221469 121.51481380126 -47.54802482772 363.765594 -8.86 4.670999999999999
121.64635407361 -46.77663014998 0.0076 0.0084 42.0972 "" "" 5519474120045503744 348.041779 2.8506 0.0087 -8.96 -5.764 0.011 0.011 0.87 5605.8 4.2996 12.107188 0.827322 12.437286 11.609964 -27.45 0.85 346.9487 349.181946 270440.44531 34.964 144710.0 63.497 179960.0 47.365 "" "" 0.002758893454958411 0.0028305498 0.00379017 0.00662072 121.64635407361 -46.77663014998 348.041779 -8.959999999999999 -5.763999999999999
120.69772666705 -49.22664261475 0.0079 0.0089 132.6803 "" 8143-122-1 5514507385500426368 381.558228 2.5945 0.0092 -9.943 21.737 0.011 0.012 0.857 6244.6 4.27 12.10949 0.719332 12.38668 11.667348 43.77 1.19 380.24585 382.672852 269867.51372 36.804 151620.0 67.408 170690.0 57.431 "" "" 0.0027592959783167047 0.0028316162 0.003796996 0.006628612 120.69772666705 -49.22664261475 381.558228 -9.943 21.737
121.80373121827 -45.09641160494 0.0106 0.0121 134.0611 "" "" 5520506252221746304 316.431396 3.1415 0.0125 -12.899 -28.305 0.014 0.015 1.358 5847.9 4.3209 12.113078 0.82885 12.429284 11.600434 -4.58 0.81 314.956268 317.756287 268977.16146 61.602 145780.0 65.201 181550.0 68.228 "" "" 0.002766517770313893 0.002832112 0.0038013437 0.006633456 121.80373121827 -45.09641160494 316.431396 -12.899 -28.305
120.5402902781 -48.61096935012 0.0078 0.0089 106.5551 "" 8139-50-1 5517588388879812096 372.83429 2.658 0.0095 -11.765 11.621 0.011 0.011 0.962 6030.9 4.2377 12.113707 0.736347 12.399138 11.662791 20.64 0.7 371.700195 374.099213 268821.52658 34.615 149890.0 66.23 171410.0 58.67 "" "" 0.0027588648055971252 0.0028311128 0.0037976087 0.0066287215 120.5402902781 -48.61096935012 372.83429 -11.765 11.621000000000002
124.55604103922 -46.72210165636 0.0284 0.0286 97.4331 "" "" 5516702629184488448 392.14389 2.5358 0.0315 -22.205 25.43 0.038 0.034 2.667 5734.2 4.2435 12.11531 0.823388 12.412657 11.589269 48.73 1.88 387.588562 396.661072 268424.90882 96.99 148030.0 75.393 183420.0 66.098 "" "" 0.002783109031097005 0.0028444384 0.0037995805 0.006644019 124.55604103922 -46.72210165636 392.14389 -22.205 25.430000000000003
120.5477151737 -45.6985892574 0.0082 0.0089 121.0896 "" 8135-3503-1 5520569542866687232 321.181671 3.0911 0.0096 -11.467 4.528 0.012 0.011 0.911 5737.2 4.358 12.122062 0.818658 12.447569 11.628911 11.95 1.54 320.281097 322.154541 266760.92371 771.43 143350.0 1368.3 176850.0 1232.9 "" "" 0.004177317400355102 0.010732563 0.008460245 0.019192807 120.5477151737 -45.6985892574 321.181671 -11.467 4.528
125.12733022809 -46.20988784603 0.0086 0.0099 132.2768 "" 8149-3708-1 5516747438593339008 336.917664 2.9502 0.0105 -15.184 32.652 0.011 0.013 0.888 5781.4 4.2851 12.123858 0.804135 12.44278 11.638645 27.79 0.83 335.909241 337.886444 266319.7107 36.141 143980.0 79.771 175270.0 55.976 "" "" 0.0027592568797193857 0.002854278 0.0037952554 0.0066495333 125.12733022809 -46.20988784603 336.917664 -15.183999999999997 32.652
122.2728925579 -46.55388616005 0.0118 0.0128 44.8778 "" "" 5519492536860747520 370.262482 2.6871 0.0136 -5.665 8.619 0.015 0.016 1.214 5281.0 4.1225 12.123932 1.059945 12.561919 11.501974 18.14 5.73 368.470398 372.212891 266301.8415 571.71 129020.0 879.12 198780.0 1053.5 "" "" 0.003609008436602547 0.007906688 0.0068843826 0.014791071 122.2728925579 -46.55388616005 370.262482 -5.665000000000001 8.618999999999996
122.35940432939 -47.51665628155 0.0099 0.0134 13.0033 "" 8140-6234-1 5519194470434801920 364.092682 2.7333 0.0127 -6.179 9.045 0.013 0.017 1.002 5426.4 3.9784 12.12427 1.102634 12.585304 11.48267 18.31 4.41 362.246246 365.868195 266218.62345 346.13 126270.0 593.36 202340.0 694.01 "" "" 0.003095888788143634 0.0058151255 0.0053058285 0.0111209545 122.35940432939 -47.51665628155 364.092682 -6.179 9.044999999999998
124.51676698154 -48.86152302596 0.0079 0.0092 128.2374 "" 8157-560-1 5515174204942793984 337.320068 2.9402 0.0096 0.167 8.635 0.012 0.011 0.942 5773.5 4.3532 12.126851 0.7893 12.438733 11.649433 -6.07 1.09 336.149231 338.601501 265586.76402 85.525 144520.0 155.18 173530.0 115.8 "" "" 0.0027774145945487095 0.003023936 0.0038482042 0.00687214 124.51676698154 -48.86152302596 337.320068 0.16700000000000026 8.635000000000002
122.2791704213 -45.57541555123 0.2037 0.2199 103.5454 "" "" 5520436781137304448 400.756714 2.5382 0.2024 -7.987 5.479 0.294 0.289 7.385 "" "" 12.127658 0.945124 11.802008 10.856884 "" "" 373.09079 437.786682 265389.35272 672.62 259780.0 1880.9 360080.0 1820.2 "" "" 0.003894094665029482 0.0083415955 0.0066637886 0.015005384 122.2791704213 -45.57541555123 400.756714 -7.987 5.478999999999999
123.61734771633 -48.93259114092 0.008 0.0093 110.6397 "" "" 5515842055179443200 302.399048 3.2878 0.0097 -19.177 49.236 0.011 0.012 0.923 5742.8 4.3549 12.136851 0.825866 12.466001 11.640135 21.31 0.65 301.332947 303.152405 263151.69243 32.298 140930.0 60.014 175030.0 42.806 "" "" 0.0027585407627089623 0.0028282183 0.0037886982 0.0066169165 123.61734771633 -48.93259114092 302.399048 -19.176999999999996 49.236000000000004
121.24671845609 -48.90775147117 0.02 0.0236 105.7444 "" "" 5514610331581924352 378.57309 2.6194 0.0233 -8.261 4.831 0.026 0.03 2.238 "" "" 12.138891 0.76146 12.282942 11.521482 22.63 4.24 375.596375 381.893524 262657.66583 120.42 166820.0 5017.7 195240.0 7242.5 "" "" 0.002799923043510719 0.032776322 0.04045272 0.073229045 121.24671845609 -48.90775147117 378.57309 -8.261 4.831
122.42580522559 -47.33126247718 0.0387 0.0479 4.2782 "" "" 5519220132861676160 327.077179 3.0643 0.049 -4.506 9.254 0.047 0.054 3.945 "" "" 12.140192 1.266011 12.69042 11.424409 7.55 7.22 321.322021 331.670624 262343.2841 517.69 114620.0 691.97 213500.0 1009.8 "" "" 0.0034902959177091674 0.00712382 0.0063760914 0.013499912 122.42580522559 -47.33126247718 327.077179 -4.505999999999999 9.253999999999998
121.72465705163 -49.42167770868 0.0078 0.0094 129.5244 "" 8144-987-1 5514524840248139520 335.433502 2.962 0.0093 -4.645 14.28 0.01 0.011 0.961 5727.3 4.2983 12.143846 0.81264 12.466928 11.654288 26.51 0.56 334.406769 336.409119 261461.895 42.485 140810.0 55.544 172760.0 78.534 "" "" 0.0027609625049750354 0.0028228483 0.003811473 0.006634321 121.72465705163 -49.42167770868 335.433502 -4.645 14.279999999999998
