Clusters/Pozzo_1/Pozzo_1_stars_in_region.tsv
# %ECSV 1.0
# ---
# datatype:
# - name: RA_ICRS_1
#   unit: deg
#   datatype: float64
#   format: '{:15.11f}'
#   description: Right ascension (ICRS) at Ep=2016.0 (ra)
#   meta: !!omap
#   - {ucd: POS_EQ_RA_MAIN}
#   - {width: 15}
#   - {precision: '11'}
# - name: DE_ICRS_1
#   unit: deg
#   datatype: float64
#   format: '{:15.11f}'
#   description: Declination (ICRS) at Ep=2016.0 (dec)
#   meta: !!omap
#   - {ucd: POS_EQ_DEC_MAIN}
#   - {width: 15}
#   - {precision: '11'}
# - name: e_RA_ICRS
#   unit: mas
#   datatype: float64
#   format: '{:7.4f}'
#   description: Standard error of right ascension (ra_error)
#   meta: !!omap
#   - {ucd: ERROR}
#   - {width: 7}
#   - {precision: '4'}
# - name: e_DE_ICRS
#   unit: mas
#   datatype: float64
#   format: '{:7.4f}'
#   description: Standard error of declination (dec_error)
#   meta: !!omap
#   - {ucd: ERROR}
#   - {width: 7}
#   - {precision: '4'}
# - name: _r_1
#   unit: ''
#   datatype: float64
#   format: '{:8.4f}'
#   description: Distance from center (122.33070725000-47.30080602000)[ICRS], at Epoch=J2016.0
#   meta: !!omap
#   - {ucd: POS_ANG_DIST_GENERAL}
#   - {width: 8}
#   - {precision: '4'}
# - name: HIP
#   datatype: int32
#   description: '? HIP cross-id number, van Leeuwen, Cat. I/311 (hip_original_ext_source_id)'
#   meta: !!omap
#   - {ucd: ID_NUMBER}
#   - {width: 6}
#   - values: {'null': -2147483648}
# - name: TYC2
#   datatype: string
#   description: Tycho-2 cross-id name, Hog et al., Cat. I/259 (tyc2_original_ext_source_id)
#   meta: !!omap
#   - {ucd: ID_CROSSID}
#   - {_votable_string_dtype: char}
# - name: Source
#   datatype: int64
#   description: Source identifier, identical to the Gaia-EDR3 source_id (id)
#   meta: !!omap
#   - {ucd: ID_MAIN}
#   - {width: 19}
# - name: rgeo
#   unit: pc
#   datatype: float64
#   format: '{:15.8f}'
#   description: '? Median of the geometric distance posterior (r_med_geo)'
#   meta: !!omap
#   - {ucd: PHYS_DISTANCE_TRUE}
#   - {width: 15}
#   - {precision: '8'}
#   - values: {'null': .nan}
# - name: Plx
#   unit: mas
#   datatype: float64
#   format: '{:9.4f}'
#   description: '? Parallax (parallax)'
#   meta: !!omap
#   - {ucd: POS_PARLX_TRIG}
#   - {width: 9}
#   - {precision: '4'}
#   - values: {'null': .nan}
# - name: e_Plx
#   unit: mas
#   datatype: float32
#   format: '{:7.4f}'
#   description: '? Standard error of parallax (parallax_error)'
#   meta: !!omap
#   - {ucd: ERROR}
#   - {width: 7}
#   - {precision: '4'}
#   - values: {'null': .nan}
# - name: pmRA
#   unit: mas / yr
#   datatype: float64
#   format: '{:9.3f}'
#   description: '? Proper motion in right ascension direction, pmRA*cosDE (pmra)'
#   meta: !!omap
#   - {ucd: POS_EQ_PMRA}
#   - {width: 9}
#   - {precision: '3'}
#   - values: {'null': .nan}
# - name: pmDE
#   unit: mas / yr
#   datatype: float64
#   format: '{:9.3f}'
#   description: '? Proper motion in declination direction (pmdec)'
#   meta: !!omap
#   - {ucd: POS_EQ_PMDEC}
#   - {width: 9}
#   - {precision: '3'}
#   - values: {'null': .nan}
# - name: e_pmRA
#   unit: mas / yr
#   datatype: float32
#   format: '{:6.3f}'
#   description: '? Standard error of proper motion in right ascension direction (pmra_error)'
#   meta: !!omap
#   - {ucd: ERROR}
#   - {width: 6}
#   - {precision: '3'}
#   - values: {'null': .nan}
# - name: e_pmDE
[...]
#         unit: &id001 !astropy.units.Unit {unit: deg}
#         value: !astropy.table.SerializedColumn {name: SkyCoord.dec}
#       distance: !astropy.table.SerializedColumn
#         __class__: astropy.coordinates.distances.Distance
#         unit: !astropy.units.Unit {unit: pc}
#         value: !astropy.table.SerializedColumn {name: SkyCoord.distance}
#       frame: icrs
#       obstime: !astropy.time.Time {format: jyear_str, in_subfmt: '*', jd1: 367701545.0, jd2: 0.0, out_subfmt: '*', precision: 3, scale: tt}
#       pm_dec: !astropy.table.SerializedColumn
#         __class__: astropy.units.quantity.Quantity
#         unit: !astropy.units.Unit {unit: mas / yr}
#         value: !astropy.table.SerializedColumn {name: SkyCoord.pm_dec}
#       pm_ra_cosdec: !astropy.table.SerializedColumn
#         __class__: astropy.units.quantity.Quantity
#         unit: !astropy.units.Unit {unit: mas / yr}
#         value: !astropy.table.SerializedColumn {name: SkyCoord.pm_ra_cosdec}
#       ra: !astropy.table.SerializedColumn
#         __class__: astropy.coordinates.angles.Longitude
#         unit: *id001
#         value: !astropy.table.SerializedColumn {name: SkyCoord.ra}
#         wrap_angle: !astropy.coordinates.Angle
#           unit: *id001
#           value: 360.0
#       representation_type: spherical
# schema: astropy-2.0
RA_ICRS_1 DE_ICRS_1 e_RA_ICRS e_DE_ICRS _r_1 HIP TYC2 Source rgeo Plx e_Plx pmRA pmDE e_pmRA e_pmDE RUWE Teff logg Gmag BP-RP BPmag RPmag RV e_RV b_rgeo B_rgeo FG e_FG FBP e_FBP FRP e_FRP RAVE5 RAVE6 e_Gmag e_BPmag e_RPmag e_BP-RP SkyCoord.ra SkyCoord.dec SkyCoord.distance SkyCoord.pm_ra_cosdec SkyCoord.pm_dec
[from data line 819]
122.51414583987 -45.85123786969 0.0291 0.0368 87.3025 "" "" 5519667260438129792 332.72168 2.9834 0.0348 -21.793 35.519 0.037 0.042 2.359 5237.1 4.4196 12.924165 0.964737 13.321636 12.356899 39.76 1.41 328.209686 336.930023 127432.63656 23.658 64086.0 39.791 90448.0 32.908 "" "" 0.002762683311016692 0.0028704538 0.0037999703 0.006670424 122.51414583987 -45.85123786969 332.72168 -21.793 35.519
119.88799940454 -46.7984961954 0.0121 0.0129 104.306 "" "" 5518812115267302656 337.618286 2.9394 0.0137 -122.002 2.897 0.017 0.018 0.98 6140.8 4.5467 12.926919 0.734705 13.206815 12.47211 306.54 3.06 336.125458 339.886993 127109.84749 31.011 71235.0 40.876 81342.0 31.894 "" "" 0.002768023592337648 0.0028588804 0.0038032827 0.006662163 119.88799940454 -46.7984961954 337.618286 -122.00200000000001 2.896999999999985
122.7205871341 -47.94377023902 0.0193 0.0247 41.6754 "" "" 5516164972304340864 341.159882 2.9132 0.0233 -6.854 8.809 0.026 0.032 1.673 4966.2 4.1853 12.927992 1.303179 13.507901 12.204722 "" "" 338.124176 343.755341 126984.32201 265.22 53983.0 429.44 104060.0 549.74 "" "" 0.0035684914886021856 0.009076628 0.0068690395 0.015945667 122.7205871341 -47.94377023902 341.159882 -6.854 8.809
121.33848634397 -48.3899336637 0.0146 0.0155 76.5928 "" "" 5517642097454332672 328.945648 3.0235 0.0163 -10.763 4.72 0.019 0.021 1.304 5225.3 4.4066 12.932208 0.99615 13.3416 12.34545 20.92 3.86 327.268433 330.659821 126492.17371 162.98 62918.0 268.3 91407.0 305.8 "" "" 0.0030901108850788232 0.005405633 0.005241886 0.010647519 121.33848634397 -48.3899336637 328.945648 -10.763 4.720000000000001
119.8816111554 -48.33702871309 0.0143 0.0152 116.6163 "" "" 5517794998289793664 409.140961 2.424 0.016 -5.566 9.002 0.02 0.021 1.353 5204.3 4.1996 12.936347 1.133594 13.418491 12.284898 6.41 5.35 406.795105 411.75943 126010.86806 241.92 58617.0 377.47 96649.0 480.39 "" "" 0.003454946131686591 0.0075278813 0.006588407 0.014116288 119.8816111554 -48.33702871309 409.140961 -5.566 9.001999999999999
124.23504324789 -47.40709085795 0.0117 0.0133 77.6678 "" "" 5516261042133008128 348.090515 2.8526 0.0146 -4.158 0.937 0.016 0.016 0.997 5281.7 4.4507 12.950512 0.971483 13.355462 12.383979 25.17 1.38 346.437256 349.796082 124377.57138 21.155 62120.0 35.559 88220.0 26.797 "" "" 0.0027615018100336096 0.0028585508 0.0037937437 0.0066522947 124.23504324789 -47.40709085795 348.090515 -4.1579999999999995 0.9370000000000007
122.75836661066 -49.2692749876 0.0107 0.0146 119.3354 "" "" 5514356069517733760 392.53476 2.5293 0.0135 -1.69 11.974 0.014 0.018 1.006 5314.0 4.3828 12.951142 0.961508 13.349932 12.388424 54.97 1.53 390.438568 394.184845 124305.36296 25.712 62437.0 33.526 87859.0 32.204 "" "" 0.002764457523802655 0.0028504264 0.0038002771 0.0066507035 122.75836661066 -49.2692749876 392.53476 -1.6899999999999995 11.974
119.68845249837 -46.37485954808 0.0116 0.0139 121.8417 "" "" 5519023668175439360 411.653259 2.4076 0.0141 -5.111 1.906 0.016 0.017 1.021 5651.7 4.3973 12.954798 0.852389 13.297689 12.4453 17.81 1.47 409.708496 414.732758 123887.59602 27.769 65515.0 55.892 83375.0 37.135 "" "" 0.0027660469163415164 0.0029398992 0.0038101943 0.006750094 119.68845249837 -46.37485954808 411.653259 -5.110999999999999 1.9059999999999997
121.9474429885 -47.1861222159 0.0115 0.0128 17.0607 "" "" 5519262949395137792 327.304474 3.0337 0.013 -10.819 12.195 0.015 0.015 1.027 5223.7 4.4274 12.95519 0.974177 13.359764 12.385587 25.16 3.21 325.785522 328.528107 123842.85819 202.88 61874.0 365.4 88089.0 374.6 "" "" 0.0032795450186904797 0.006992647 0.005966695 0.012959342 121.9474429885 -47.1861222159 327.304474 -10.819 12.195
120.1662374369 -48.33843455294 0.0103 0.0107 107.1391 "" "" 5517791867250423552 352.676422 2.8178 0.0115 -0.27 18.327 0.013 0.013 0.91 5730.5 4.4782 12.955817 0.860499 13.300446 12.439946 22.17 1.86 350.97522 354.292908 123771.32379 25.267 65349.0 34.446 83788.0 23.012 "" "" 0.0027642206703958677 0.0028482585 0.0037911271 0.0066393856 120.1662374369 -48.33843455294 352.676422 -0.27000000000000046 18.327
122.25362846231 -47.30954873944 0.0484 0.053 3.1796 "" "" 5519244704374498048 398.359467 2.5086 0.0552 -20.826 26.274 0.07 0.071 3.847 5928.1 4.4207 12.956494 0.873416 13.298303 12.424887 27.06 3.21 390.484711 407.696259 123694.07447 113.87 65478.0 169.78 84958.0 184.91 "" "" 0.002931006417006923 0.0039636632 0.004457345 0.0084210085 122.25362846231 -47.30954873944 398.359467 -20.825999999999997 26.274
124.992818833 -48.44047836249 0.0099 0.0122 127.0952 "" "" 5515209668498026368 327.559601 3.0339 0.0127 -7.04 6.952 0.013 0.015 0.969 5461.3 4.4829 12.957314 0.948669 13.349504 12.400835 15.02 1.26 326.122986 328.875977 123600.80537 27.949 62462.0 57.154 86861.0 64.661 "" "" 0.002766236538714245 0.0029617616 0.0038648394 0.006826601 124.992818833 -48.44047836249 327.559601 -7.039999999999999 6.952
123.57301992722 -47.27246023656 0.0142 0.0142 50.59 "" "" 5516303132813351808 399.476288 2.4803 0.0157 -7.722 -2.716 0.018 0.017 1.037 5368.7 4.397 12.959716 0.944562 13.350344 12.405782 85.49 1.78 397.266449 401.883026 123327.62546 24.504 62414.0 32.742 86466.0 26.212 "" "" 0.002763752300031359 0.002847711 0.0037936869 0.006641398 123.57301992722 -47.27246023656 399.476288 -7.722 -2.716
119.5380359547 -48.60177200787 0.0112 0.0113 136.6883 "" "" 5517762116020301312 343.496918 2.8877 0.0119 1.869 6.088 0.015 0.015 1.002 5745.9 4.5049 12.963861 0.86655 13.310419 12.443869 10.97 1.85 341.906311 344.612518 122857.61071 23.884 64751.0 35.071 83485.0 32.283 "" "" 0.0027633929366594227 0.002851468 0.0038026304 0.0066540986 119.5380359547 -48.60177200787 343.496918 1.869 6.088000000000001
124.3725574587 -47.67023285043 0.012 0.0128 85.703 "" "" 5516054024710665472 325.806488 3.0478 0.014 -3.839 72.429 0.016 0.017 1.054 5303.0 4.4643 12.965051 0.963918 13.362739 12.398821 21.3 1.91 324.395294 327.301575 122723.15115 21.302 61705.0 26.187 87022.0 27.802 "" "" 0.0027617578479522268 0.0028279608 0.0037952666 0.006623227 124.3725574587 -47.67023285043 325.806488 -3.8389999999999986 72.429
122.96389518606 -49.19470920686 0.0131 0.0152 116.4151 "" "" 5515858449077817216 382.049255 2.5937 0.0156 -9.635 5.322 0.017 0.018 1.096 6015.2 4.4094 12.96911 0.974908 13.36841 12.393502 10.27 5.44 379.899811 384.235992 122265.23668 157.02 61384.0 251.18 87449.0 267.18 "" "" 0.0030880481911654285 0.0052462635 0.005028681 0.010274945 122.96389518606 -49.19470920686 382.049255 -9.635 5.321999999999999
122.26036201215 -48.97142478633 0.0122 0.0127 100.2767 "" "" 5514560780536422784 355.68808 2.7875 0.0135 -12.003 10.021 0.017 0.016 1.044 5571.4 4.4709 12.972408 0.925234 13.350684 12.42545 22.48 1.97 353.927185 357.415405 121894.33964 81.822 62394.0 148.71 84914.0 192.29 "" "" 0.0028500780592613808 0.0038054537 0.00450875 0.0083142035 122.26036201215 -48.97142478633 355.68808 -12.003 10.021
122.70077576854 -45.69399036832 0.0142 0.0148 97.6128 "" "" 5519670009217027840 395.312469 2.5087 0.017 -14.966 15.114 0.019 0.02 1.22 5677.9 4.4317 12.97413 0.888183 13.33355 12.445367 20.22 2.1 393.013611 397.667908 121701.23287 52.379 63387.0 83.606 83370.0 81.55 "" "" 0.0027946644547158206 0.0031362155 0.003925767 0.0070619825 122.70077576854 -45.69399036832 395.312469 -14.966000000000001 15.114
120.78778382837 -47.24230774312 0.0113 0.0122 62.9116 "" "" 5518001809557512960 342.165222 2.8998 0.0133 -10.389 11.439 0.015 0.016 1.042 5383.0 4.4489 12.982587 0.971022 13.382266 12.411244 25.15 2.54 340.256592 343.633209 120756.87294 108.53 60605.0 193.99 86032.0 207.12 "" "" 0.0029230089518088483 0.0044567836 0.0045952275 0.009052011 120.78778382837 -47.24230774312 342.165222 -10.389 11.439
121.00644137962 -47.87201196498 0.0102 0.0118 63.6116 "" "" 5517717070404754688 376.176666 2.6368 0.0121 -11.639 19.471 0.013 0.015 0.988 5729.9 4.5029 12.982922 0.887938 13.343554 12.455617 44.89 1.44 374.496796 377.815674 120719.66719 21.547 62805.0 31.833 82587.0 42.204 "" "" 0.002762126765451094 0.0028439215 0.0038198917 0.0066638133 121.00644137962 -47.87201196498 376.176666 -11.639000000000001 19.471000000000004
122.60748418122 -45.47699419612 0.0098 0.0119 110.0264 "" "" 5519708178580253184 411.553894 2.4078 0.0123 -6.296 7.601 0.013 0.016 0.985 5167.6 4.284 12.986015 1.012908 13.399961 12.387054 19.51 2.68 409.852539 413.712219 120376.18033 114.23 59626.0 205.76 87970.0 214.45 "" "" 0.0029416506600004172 0.0046714935 0.004614012 0.009285506 122.60748418122 -45.47699419612 411.553894 -6.296000000000001 7.601
123.13195516652 -47.67121225319 0.0098 0.0111 39.3616 "" "" 5516197648416506368 374.331177 2.6456 0.0119 -11.592 18.019 0.013 0.012 0.887 5489.9 4.4457 12.999557 0.945324 13.390637 12.445313 23.69 1.54 373.133636 376.461182 118884.22832 38.947 60140.0 55.915 83374.0 75.107 "" "" 0.0027781839697589477 0.0029671632 0.0039038912 0.0068710544 123.13195516652 -47.67121225319 374.331177 -11.592 18.019000000000005
119.53524970841 -46.1072319836 0.0098 0.0123 135.4814 "" "" 5519042531671610752 383.772247 2.5825 0.012 -11.466 9.817 0.014 0.016 0.999 5639.7 4.4384 13.00614 0.870384 13.356384 12.486 19.67 1.9 381.950592 385.540222 118165.58063 21.888 62067.0 32.644 80308.0 31.837 "" "" 0.0027626501231136132 0.0028480056 0.003803813 0.0066518188 119.53524970841 -46.1072319836 383.772247 -11.466000000000001 9.816999999999998
123.39276574226 -46.17620261536 0.0095 0.0108 80.3738 "" "" 5519428288458359808 357.367767 2.7761 0.0117 -6.365 9.327 0.013 0.015 1.052 4911.8 4.2189 13.007945 1.277318 13.570632 12.293314 16.0 2.59 355.996887 359.12796 117969.2141 144.75 50952.0 220.1 95903.0 307.44 "" "" 0.003060487727938214 0.0054573063 0.005137919 0.010595225 123.39276574226 -46.17620261536 357.367767 -6.365 9.327000000000002
119.57174458245 -48.33569752351 0.0083 0.0089 127.3122 "" "" 5517785652441191808 320.27478 3.0959 0.0095 -11.739 9.822 0.012 0.012 0.844 5487.7 4.5051 13.009062 0.934227 13.392821 12.458594 12.01 1.43 319.171844 321.155548 117847.98677 21.837 60019.0 33.238 82361.0 33.097 "" "" 0.0027626553746073843 0.0028542206 0.0038044828 0.006658703 119.57174458245 -48.33569752351 320.27478 -11.739 9.822000000000001
122.19242492 -49.5229220623 0.0089 0.0096 133.4406 "" "" 5514335694192290560 332.747894 2.9824 0.0101 -24.27 16.861 0.012 0.012 1.039 5273.5 4.4721 13.010311 0.995337 13.425612 12.430275 4.47 1.11 331.768951 333.873444 117712.39967 18.66 58233.0 39.316 84537.0 28.91 "" "" 0.0027606905467666455 0.0028848548 0.003797577 0.006682432 122.19242492 -49.5229220623 332.747894 -24.269999999999996 16.861
124.28337450936 -48.26762395378 0.0103 0.0116 97.7819 "" "" 5516004684125912320 370.618744 2.672 0.0126 -13.03 11.543 0.014 0.015 1.092 5696.1 4.4577 13.010909 0.877365 13.365049 12.487684 1.91 1.49 368.468231 372.417023 117647.64053 24.721 61574.0 33.957 80183.0 25.226 "" "" 0.0027647492886273824 0.0028536937 0.0037947863 0.00664848 124.28337450936 -48.26762395378 370.618744 -13.03 11.543000000000003
122.32730750554 -46.80501125066 0.0252 0.029 29.748 "" "" 5519293151605910784 376.876678 2.6402 0.0301 -6.499 8.003 0.032 0.036 2.844 "" "" 13.017959 1.497645 13.709014 12.211369 3.58 8.85 372.833649 381.239044 116886.22186 178.1 44855.0 188.97 103420.0 303.01 "" "" 0.003213818908631521 0.0053579384 0.004939949 0.010297887 122.32730750554 -46.80501125066 376.876678 -6.4990000000000006 8.003
122.61262745435 -49.14687391485 0.0102 0.0109 111.3356 "" "" 5514372424753047168 387.963196 2.5531 0.0117 -9.055 3.807 0.014 0.014 1.113 5321.1 4.3797 13.018981 0.941084 13.403998 12.462914 16.22 3.0 386.298096 389.651398 116776.15382 146.62 59404.0 250.76 82034.0 268.28 "" "" 0.0030741073096019244 0.0053656856 0.0051856986 0.010551384 122.61262745435 -49.14687391485 387.963196 -9.054999999999998 3.8070000000000004
124.71971946262 -47.22577264715 0.0111 0.0112 97.3757 "" "" 5516629683466041600 286.189056 3.4663 0.0128 -3.717 24.121 0.015 0.014 1.163 5391.2 4.5636 13.022796 0.943791 13.411057 12.467265 1.08 1.96 285.239868 287.205048 116366.62822 17.546 59019.0 26.214 81706.0 39.349 "" "" 0.0027601793805831975 0.0028315377 0.003815381 0.006646919 124.71971946262 -47.22577264715 286.189056 -3.7169999999999987 24.120999999999995
124.19344151212 -46.42740038625 0.0094 0.0114 92.6549 "" "" 5519726084310391040 357.735718 2.7679 0.0118 -13.921 17.648 0.013 0.013 0.929 5317.9 4.4646 13.025551 0.989111 13.439328 12.450217 25.03 1.25 356.404053 359.208282 116071.68754 21.404 57502.0 27.38 82999.0 32.74 "" "" 0.0027625847987585227 0.0028376607 0.003803571 0.0066412315 124.19344151212 -46.42740038625 357.735718 -13.921 17.648
121.91717855421 -47.35090877999 0.0418 0.0292 17.0846 "" "" 5519252366596226048 339.826385 2.9222 0.0386 -6.183 9.486 0.06 0.029 1.744 "" "" 13.025694 "" "" "" 17.24 5.28 335.882446 344.066742 116056.38489 210.99 "" "" "" "" "" "" 0.003389384491908209 "" "" "" 121.91717855421 -47.35090877999 339.826385 -6.183000000000001 9.486
125.34191240157 -48.14893048065 0.0109 0.012 131.7482 "" "" 5515971286459443072 405.43158 2.4413 0.013 -15.886 13.468 0.015 0.013 1.142 5991.1 4.4409 13.026753 0.973247 13.427507 12.454261 16.47 1.84 403.23114 407.550873 115943.23638 36.25 58132.0 60.001 82690.0 51.602 "" "" 0.0027761523001111833 0.0030068073 0.0038396346 0.006846442 125.34191240157 -48.14893048065 405.43158 -15.886 13.468
123.41638416881 -47.59637817928 0.0096 0.0109 47.4867 "" "" 5516280867703020160 362.855927 2.7302 0.0115 -9.919 3.951 0.013 0.013 1.028 5679.9 4.4885 13.029268 0.939545 13.416215 12.47667 10.77 2.69 361.517975 364.222076 115674.97651 140.67 58740.0 284.95 81001.0 280.86 "" "" 0.003055338230651478 0.005960352 0.0053344416 0.011294793 123.41638416881 -47.59637817928 362.855927 -9.919 3.9510000000000005
121.93123419651 -47.1032256733 0.0096 0.01 20.1425 "" "" 5519264529943019264 359.084869 2.7588 0.011 3.647 -5.833 0.012 0.011 1.125 5312.9 4.4374 13.032244 0.942725 13.420239 12.477514 60.57 1.56 357.526428 360.477295 115358.37753 18.935 58522.0 29.35 80938.0 36.757 "" "" 0.0027610775864379 0.0028428067 0.0038114104 0.006654217 121.93123419651 -47.1032256733 359.084869 3.6470000000000002 -5.833
121.60582793399 -47.55857748149 0.0082 0.0092 33.2398 "" "" 5517748647004948480 388.498505 2.5487 0.0097 -5.635 8.169 0.012 0.012 0.942 4873.8 4.1933 13.034546 1.227189 13.568255 12.341066 16.04 3.9 387.086517 389.890198 115114.02881 144.73 51064.0 226.59 91777.0 308.18 "" "" 0.0030749313585229465 0.0055674408 0.005251258 0.010818699 121.60582793399 -47.55857748149 388.498505 -5.634999999999999 8.169
122.45190774074 -45.05765090909 0.0083 0.0101 134.6834 "" "" 5520482548309396224 349.603577 2.8329 0.0101 -28.105 23.612 0.011 0.013 0.918 5549.3 4.5218 13.037648 0.91647 13.413584 12.497114 16.0 1.59 348.364075 350.877625 114785.64628 20.201 58882.0 36.868 79490.0 23.178 "" "" 0.0027619377298229745 0.0028717935 0.003792618 0.006664411 122.45190774074 -45.05765090909 349.603577 -28.105 23.612000000000002
122.58856827544 -45.89346598466 0.0091 0.0104 85.1068 "" "" 5519663613999648000 325.703766 3.0443 0.0109 -2.265 -1.822 0.011 0.012 0.835 5322.6 4.4858 13.038058 0.996884 13.455734 12.45885 -4.67 1.65 324.810364 326.80304 114742.23847 15.429 56640.0 28.808 82341.0 40.606 "" "" 0.0027591853909640623 0.0028442922 0.0038171203 0.0066614123 122.58856827544 -45.89346598466 325.703766 -2.2650000000000006 -1.8220000000000005
