Clusters/Pozzo_1/Pozzo_1_members.tsv
# %ECSV 1.0
# ---
# datatype:
# - name: RA_ICRS_1
#   unit: deg
#   datatype: float64
#   format: '{:15.11f}'
#   description: Right ascension (ICRS) at Ep=2016.0 (ra)
#   meta: !!omap
#   - {ucd: POS_EQ_RA_MAIN}
#   - {width: 15}
#   - {precision: '11'}
# - name: DE_ICRS_1
#   unit: deg
#   datatype: float64
#   format: '{:15.11f}'
#   description: Declination (ICRS) at Ep=2016.0 (dec)
#   meta: !!omap
#   - {ucd: POS_EQ_DEC_MAIN}
#   - {width: 15}
#   - {precision: '11'}
# - name: e_RA_ICRS
#   unit: mas
#   datatype: float64
#   format: '{:7.4f}'
#   description: Standard error of right ascension (ra_error)
#   meta: !!omap
#   - {ucd: ERROR}
#   - {width: 7}
#   - {precision: '4'}
# - name: e_DE_ICRS
#   unit: mas
#   datatype: float64
#   format: '{:7.4f}'
#   description: Standard error of declination (dec_error)
#   meta: !!omap
#   - {ucd: ERROR}
#   - {width: 7}
#   - {precision: '4'}
# - name: _r_1
#   unit: ''
#   datatype: float64
#   format: '{:8.4f}'
#   description: Distance from center (122.33070725000-47.30080602000)[ICRS], at Epoch=J2016.0
#   meta: !!omap
#   - {ucd: POS_ANG_DIST_GENERAL}
#   - {width: 8}
#   - {precision: '4'}
# - name: HIP
#   datatype: int32
#   description: '? HIP cross-id number, van Leeuwen, Cat. I/311 (hip_original_ext_source_id)'
#   meta: !!omap
#   - {ucd: ID_NUMBER}
#   - {width: 6}
#   - values: {'null': -2147483648}
# - name: TYC2
#   datatype: string
#   description: Tycho-2 cross-id name, Hog et al., Cat. I/259 (tyc2_original_ext_source_id)
#   meta: !!omap
#   - {ucd: ID_CROSSID}
#   - {_votable_string_dtype: char}
# - name: Source
#   datatype: int64
#   description: Source identifier, identical to the Gaia-EDR3 source_id (id)
#   meta: !!omap
#   - {ucd: ID_MAIN}
#   - {width: 19}
# - name: rgeo
#   unit: pc
#   datatype: float64
#   format: '{:15.8f}'
#   description: '? Median of the geometric distance posterior (r_med_geo)'
#   meta: !!omap
#   - {ucd: PHYS_DISTANCE_TRUE}
#   - {width: 15}
#   - {precision: '8'}
#   - values: {'null': .nan}
# - name: Plx
#   unit: mas
#   datatype: float64
#   format: '{:9.4f}'
#   description: '? Parallax (parallax)'
#   meta: !!omap
#   - {ucd: POS_PARLX_TRIG}
#   - {width: 9}
#   - {precision: '4'}
#   - values: {'null': .nan}
# - name: e_Plx
#   unit: mas
#   datatype: float32
#   format: '{:7.4f}'
#   description: '? Standard error of parallax (parallax_error)'
#   meta: !!omap
#   - {ucd: ERROR}
#   - {width: 7}
#   - {precision: '4'}
#   - values: {'null': .nan}
# - name: pmRA
#   unit: mas / yr
#   datatype: float64
#   format: '{:9.3f}'
#   description: '? Proper motion in right ascension direction, pmRA*cosDE (pmra)'
#   meta: !!omap
#   - {ucd: POS_EQ_PMRA}
#   - {width: 9}
#   - {precision: '3'}
#   - values: {'null': .nan}
# - name: pmDE
#   unit: mas / yr
#   datatype: float64
#   format: '{:9.3f}'
#   description: '? Proper motion in declination direction (pmdec)'
#   meta: !!omap
#   - {ucd: POS_EQ_PMDEC}
#   - {width: 9}
#   - {precision: '3'}
#   - values: {'null': .nan}
# - name: e_pmRA
#   unit: mas / yr
#   datatype: float32
#   format: '{:6.3f}'
#   description: '? Standard error of proper motion in right ascension direction (pmra_error)'
#   meta: !!omap
#   - {ucd: ERROR}
#   - {width: 6}
#   - {precision: '3'}
#   - values: {'null': .nan}
# - name: e_pmDE
[...]
#       distance: !astropy.table.SerializedColumn
#         __class__: astropy.coordinates.distances.Distance
#         unit: !astropy.units.Unit {unit: pc}
#         value: !astropy.table.SerializedColumn {name: SkyCoord.distance}
#       frame: icrs
#       obstime: !astropy.time.Time {format: jyear_str, in_subfmt: '*', jd1: 367701545.0, jd2: 0.0, out_subfmt: '*', precision: 3, scale: tt}
#       pm_dec: !astropy.table.SerializedColumn
#         __class__: astropy.units.quantity.Quantity
#         unit: !astropy.units.Unit {unit: mas / yr}
#         value: !astropy.table.SerializedColumn {name: SkyCoord.pm_dec}
#       pm_ra_cosdec: !astropy.table.SerializedColumn
#         __class__: astropy.units.quantity.Quantity
#         unit: !astropy.units.Unit {unit: mas / yr}
#         value: !astropy.table.SerializedColumn {name: SkyCoord.pm_ra_cosdec}
#       ra: !astropy.table.SerializedColumn
#         __class__: astropy.coordinates.angles.Longitude
#         unit: *id001
#         value: !astropy.table.SerializedColumn {name: SkyCoord.ra}
#         wrap_angle: !astropy.coordinates.Angle
#           unit: *id001
#           value: 360.0
#       representation_type: spherical
# schema: astropy-2.0
RA_ICRS_1 DE_ICRS_1 e_RA_ICRS e_DE_ICRS _r_1 HIP TYC2 Source rgeo Plx e_Plx pmRA pmDE e_pmRA e_pmDE RUWE Teff logg Gmag BP-RP BPmag RPmag RV e_RV b_rgeo B_rgeo FG e_FG FBP e_FBP FRP e_FRP RAVE5 RAVE6 e_Gmag e_BPmag e_RPmag e_BP-RP SkyCoord.ra SkyCoord.dec SkyCoord.distance SkyCoord.pm_ra_cosdec SkyCoord.pm_dec rmRA rmDE e_rmRA e_rmDE rRV e_rRV v_pec v_pec3d e_vpec e_vpec3d Pmemb
[from data line 85]
122.22457633944 -47.25204837988 0.0184 0.0217 5.2176 "" "" 5519248037269056000 335.074707 2.9509 0.0225 -6.613 9.538 0.025 0.027 1.073 3794.4 4.2065 15.083627 2.147616 16.187252 14.039636 "" "" 332.074615 337.50592 17437.96785 52.289 4576.3 51.608 19200.0 137.09 "" "" 0.004265102430012662 0.012557986 0.008624465 0.021182451 122.22457633944 -47.25204837988 335.074707 -6.6129999999999995 9.538000000000007 -0.0894046669006352 -0.18467627716064428 0.29263848 0.29463848 "" "" 0.3258767764227817 "" 0.09589243240824534 "" 1.0
122.10748534766 -47.27721065974 0.025 0.0286 9.1943 "" "" 5519247006476799232 327.085297 3.022 0.0293 -6.57 9.942 0.035 0.033 1.404 "" "" 15.108296 2.520682 16.4692 13.948518 13.3 5.93 324.504791 329.701538 17046.22994 20.517 3529.7 25.588 20881.0 59.078 "" "" 0.0030495116114434982 0.008350789 0.004870312 0.0132211 122.10748534766 -47.27721065974 327.085297 -6.57 9.942 -0.04640466690063505 0.21932372283935564 0.30263847 0.30063847 4.827619047619047 8.223825 0.34756382666307395 4.840114284036991 0.10452093591018824 8.202598265230197 1.0
122.77501363822 -47.43907448271 0.0206 0.0208 19.8695 "" "" 5519204159882018432 331.936401 2.9725 0.0233 -6.64 9.975 0.026 0.028 1.084 "" "" 15.112516 2.134568 16.20204 14.067471 47.57 7.01 329.714752 334.251068 16980.10302 23.149 4514.4 27.93 18714.0 73.879 "" "" 0.0031277370973553987 0.0072737383 0.005714522 0.01298826 122.77501363822 -47.43907448271 331.936401 -6.64 9.975000000000005 -0.11640466690063445 0.2523237228393551 0.29363847 0.29563847 39.09761904761905 9.303826 0.4372104662245738 39.10006353171974 0.1291032193940071 9.30324478121734 1.0
122.2620292972 -45.94521640532 0.0177 0.0193 81.3846 "" "" 5519660251051681664 352.711212 2.7993 0.0203 -6.349 9.57 0.024 0.024 1.065 "" "" 15.136389 2.132831 16.225592 14.092761 "" "" 349.404572 355.286774 16610.83024 25.895 4417.5 28.737 18283.0 63.316 "" "" 0.00323366856324525 0.007594143 0.0053311805 0.012925323 122.2620292972 -45.94521640532 352.711212 -6.349 9.57 0.17459533309936504 -0.15267627716064425 0.29163846 0.29163846 "" "" 0.3877598283783713 "" 0.11308568064664054 "" 0.8
122.94391968412 -46.2510261445 0.0185 0.0211 67.8393 "" "" 5519594623949499136 327.672241 3.0158 0.0225 -6.828 9.921 0.025 0.024 0.977 3831.7 4.2677 15.144447 2.16881 16.256945 14.088135 12.56 13.69 324.774536 329.573578 16487.98767 19.092 4291.8 33.762 18361.0 59.181 "" "" 0.0030285917686097906 0.0089852745 0.0051507736 0.014136048 122.94391968412 -46.2510261445 327.672241 -6.828 9.921 -0.30440466690063506 0.19832372283935484 0.29263848 0.29163846 4.087619047619047 15.983826 0.564281628574637 4.126383796353036 0.16496257039376466 15.833683887129018 1.0
123.39545733147 -46.51040752595 0.019 0.0199 64.4505 "" "" 5519407878773900544 353.43222 2.7922 0.0224 -6.336 9.554 0.024 0.023 0.985 3888.8 4.2722 15.155678 2.088263 16.215664 14.127401 41.25 7.38 350.907684 356.280609 16318.32728 27.739 4458.1 32.012 17709.0 100.83 "" "" 0.003316332047762562 0.008280519 0.0072456384 0.015526158 123.39545733147 -46.51040752595 353.43222 -6.335999999999998 9.554000000000002 0.18759533309936494 -0.16867627716064426 0.29163846 0.29063848 32.77761904761905 9.673826 0.42263180326980565 32.78034362345785 0.12306693561141076 9.673022296628611 0.8
121.60803800119 -48.0174246882 0.0217 0.0247 51.9771 "" "" 5517673639694699648 336.504303 2.9358 0.0259 -6.399 10.06 0.029 0.031 1.045 3730.6 4.1414 15.179083 2.202126 16.31135 14.109223 "" "" 333.860229 338.672302 15970.32622 26.888 4082.0 26.378 18008.0 74.002 "" "" 0.0033065484850370837 0.0075505045 0.005847279 0.013397783 121.60803800119 -48.0174246882 336.504303 -6.399000000000001 10.060000000000002 0.12459533309936521 0.33732372283935597 0.2966385 0.29863846 "" "" 0.5735710032681245 "" 0.17115305475848097 "" 1.0
123.08573488485 -47.09009690663 0.0184 0.0186 33.2773 "" "" 5519320261438248704 333.629059 2.9591 0.0207 -6.592 9.746 0.024 0.024 1.037 3963.2 4.2984 15.18391 2.202599 16.325895 14.123297 "" "" 331.544922 336.051758 15899.47044 17.037 4027.7 21.248 17776.0 46.956 "" "" 0.002990873572880262 0.0063712127 0.00474439 0.011115603 123.08573488485 -47.09009690663 333.629059 -6.591999999999998 9.745999999999999 -0.0684046669006344 0.02332372283935591 0.29163846 0.29163846 "" "" 0.11429054703243668 "" 0.03333151955603894 "" 1.0
122.69788002749 -48.07706546866 0.0192 0.0218 48.8794 "" "" 5516152053042860672 338.061279 2.9165 0.0218 -6.333 9.728 0.027 0.029 1.187 3734.0 4.1832 15.215958 2.219857 16.322294 14.102437 -1.23 10.11 335.592316 341.484039 15437.03138 26.29 4041.1 40.256 18121.0 152.92 "" "" 0.00331825466355528 0.0111698145 0.009911216 0.02108103 122.69788002749 -48.07706546866 338.061279 -6.333000000000001 9.727999999999998 0.19059533309936505 0.005323722839355227 0.29463848 0.2966385 -9.702380952380954 12.403826 0.3055310739398471 9.70719039590074 0.0900216906554054 12.397680587699641 1.0
122.26572999357 -47.70430737192 0.0197 0.024 24.3529 "" "" 5519188045163773696 339.546234 2.9059 0.0257 -6.252 9.466 0.028 0.026 1.05 3695.4 4.1064 15.252191 2.271581 16.422342 14.150762 "" "" 335.828827 342.123993 14930.3736 33.995 3685.4 30.849 17332.0 114.74 "" "" 0.003701775462005966 0.00950692 0.008120769 0.01762769 122.26572999357 -47.70430737192 339.546234 -6.251999999999998 9.466000000000001 0.27159533309936545 -0.2566762771606452 0.29563847 0.29363847 "" "" 0.6014404794865286 "" 0.1772424636280334 "" 1.0
122.41328641166 -47.35841398572 0.0298 0.0389 4.8192 "" "" 5519219931001718912 328.76062 2.9939 0.0396 -6.771 9.293 0.038 0.042 1.083 3614.9 4.0284 15.263082 2.201119 16.36681 14.165691 35.47 6.7 324.712128 332.681152 14781.3318 37.676 3878.8 153.49 17095.0 129.78 "" "" 0.003905178313817295 0.043054733 0.009067733 0.052122466 122.41328641166 -47.35841398572 328.76062 -6.771000000000003 9.293 -0.24740466690063467 -0.42967627716064527 0.30563846 0.30963847 26.997619047619047 8.993826 0.7726383405468618 27.008672759794134 0.23847278457000046 8.990147640116735 0.9
123.11763244943 -46.12958915374 0.0233 0.0264 77.3698 "" "" 5519618916285611648 347.259003 2.8324 0.0291 -6.662 9.253 0.03 0.03 1.071 "" "" 15.294009 2.600265 16.719234 14.11897 -7.87 4.89 343.994293 350.933655 14366.24366 11.567 2803.6 11.908 17847.0 48.269 "" "" 0.002890671788537013 0.0053899405 0.0047860895 0.01017603 123.11763244943 -46.12958915374 347.259003 -6.662 9.253 -0.1384046669006347 -0.4696762771606444 0.29763848 0.29763848 -16.342380952380953 7.183826 0.8059584714634442 16.362242641229454 0.23988425108098535 7.175115444798801 0.9
123.02574930914 -47.48939133095 0.0189 0.0196 30.4132 "" "" 5516203523931529728 344.869568 2.8592 0.0219 -6.446 9.335 0.026 0.025 0.991 3830.9 4.2963 15.348402 2.193708 16.485083 14.291374 "" "" 341.930237 347.705872 13664.25161 13.437 3478.4 18.734 15227.0 36.391 "" "" 0.002954949785350168 0.006479128 0.004584399 0.011063527 123.02574930914 -47.48939133095 344.869568 -6.4460000000000015 9.334999999999994 0.0775953330993655 -0.3876762771606437 0.29363847 0.29263848 "" "" 0.6462968779174911 "" 0.18915627160486198 "" 0.9
122.54757119959 -46.70825150027 0.0194 0.0234 36.6438 "" "" 5519300298431544448 359.538696 2.748 0.0238 -6.256 9.218 0.025 0.029 1.015 3640.1 4.0193 15.3629 2.220411 16.501823 14.281412 "" "" 356.515961 363.242157 13483.01154 35.49 3425.2 34.917 15367.0 88.251 "" "" 0.003969791756297824 0.011414425 0.0072912443 0.01870567 122.54757119959 -46.70825150027 359.538696 -6.256000000000002 9.21800000000001 0.267595333099365 -0.5046762771606446 0.29263848 0.2966385 "" "" 0.9735003584902867 "" 0.28792765072737 "" 0.8
122.32686886578 -47.311619246 0.0255 0.0268 0.6673 "" "" 5519244532575849344 337.905334 2.9245 0.0308 -7.01 10.093 0.038 0.035 1.184 3530.5 3.9746 15.384415 2.577869 16.786343 14.208474 36.79 5.09 333.922485 340.94809 13218.46524 8.0406 2635.6 18.452 16435.0 37.001 "" "" 0.002833366739425899 0.008097216 0.0045009665 0.012598182 122.32686886578 -47.311619246 337.905334 -7.010000000000004 10.093 -0.48640466690063455 0.37032372283935544 0.30563846 0.30263847 28.317619047619047 7.3838263 0.9791559813841257 28.334542434314294 0.29819319077973583 7.379423308834175 1.0
122.49592804641 -47.25633734505 0.0227 0.0287 7.2354 "" "" 5519269095484938240 333.57785 2.964 0.0301 -6.461 10.312 0.029 0.04 1.08 3714.4 4.2671 15.385179 2.278911 16.578506 14.299596 "" "" 330.332947 337.020081 13209.16374 13.365 3191.6 20.469 15112.0 42.784 "" "" 0.0029662418885297815 0.0075014667 0.0048715835 0.012373051 122.49592804641 -47.25633734505 333.57785 -6.460999999999996 10.311999999999998 0.06259533309936494 0.5893237228393549 0.2966385 0.30763847 "" "" 0.9370560159710667 "" 0.2881615190105744 "" 0.9
120.19919205873 -47.28683379242 0.0197 0.0198 86.7419 "" "" 5517989749288284544 332.847687 2.9671 0.0216 -6.375 10.076 0.025 0.024 1.008 3596.7 4.0141 15.398509 2.34671 16.634192 14.287481 "" "" 330.286194 335.156189 13047.97651 15.061 3032.1 18.93 15281.0 45.049 "" "" 0.003026946462608227 0.0073302556 0.0049526566 0.012282912 120.19919205873 -47.28683379242 332.847687 -6.375 10.076 0.14859533309936523 0.353323722839356 0.29263848 0.29163846 "" "" 0.6047302910884619 "" 0.17645363281693457 "" 1.0
122.57817020802 -47.23506905501 0.0209 0.026 10.8198 "" "" 5519222439262640896 332.284912 2.9772 0.0269 -6.366 9.863 0.026 0.036 1.014 "" "" 15.4225 2.321951 16.638197 14.316246 "" "" 329.297119 335.141815 12762.82973 16.252 3020.9 17.937 14882.0 46.764 "" "" 0.003082736327249479 0.007024603 0.005091525 0.012116129 122.57817020802 -47.23506905501 332.284912 -6.366 9.863000000000003 0.15759533309936558 0.14032372283935501 0.29363847 0.30363846 "" "" 0.332353960054818 "" 0.09907539303894584 "" 1.0
121.61645566389 -48.38639759996 0.0217 0.0267 71.2025 "" "" 5517650034554577536 338.808228 2.9134 0.0264 -6.146 9.563 0.027 0.035 1.046 3631.1 4.1582 15.472331 2.334966 16.7059 14.370935 "" "" 334.883606 341.610535 12190.30124 49.484 2838.3 46.428 14151.0 143.23 "" "" 0.005197717520617085 0.017977959 0.011621061 0.029599018 121.61645566389 -48.38639759996 338.808228 -6.145999999999997 9.563000000000002 0.3775953330993653 -0.15967627716064392 0.29463848 0.30263847 "" "" 0.658390455069332 "" 0.19479533779884614 "" 0.8
122.25649895049 -47.95207161406 0.0214 0.0246 39.191 "" "" 5519164852340721536 338.62381 2.9164 0.0249 -6.299 9.974 0.028 0.029 1.062 3597.0 4.0361 15.478721 2.343045 16.712841 14.369796 "" "" 335.737518 341.404755 12118.76957 18.205 2820.2 26.448 14166.0 48.42 "" "" 0.003201871498464356 0.010557468 0.005296786 0.015854254 122.25649895049 -47.95207161406 338.62381 -6.299000000000001 9.974 0.22459533309936486 0.25132372283935567 0.29563847 0.2966385 "" "" 0.5410006196689181 "" 0.16024161526837555 "" 0.9
122.80026293483 -47.3621353111 0.0232 0.0242 19.4459 "" "" 5519211134908880640 347.980591 2.838 0.0271 -6.258 9.317 0.032 0.033 1.023 3632.6 4.0598 15.485981 2.295057 16.690018 14.39496 "" "" 345.360413 351.115723 12037.99696 25.771 2880.1 23.93 13841.0 62.267 "" "" 0.003604772940010349 0.009442736 0.0061758785 0.015618615 122.80026293483 -47.3621353111 347.980591 -6.258 9.317 0.2655953330993652 -0.40567627716064436 0.29963848 0.30063847 "" "" 0.7997840182891442 "" 0.24020616614761664 "" 0.9
122.01612213496 -47.34533408277 0.026 0.0234 13.0707 "" "" 5519246422361203456 337.276276 2.9294 0.0274 -6.516 9.869 0.038 0.027 1.022 3606.1 4.2069 15.499746 2.379074 16.749662 14.370588 "" "" 334.522614 340.34903 11886.33894 43.052 2726.2 41.262 14155.0 133.25 "" "" 0.004801708073757937 0.01666819 0.0108971065 0.027565297 122.01612213496 -47.34533408277 337.276276 -6.516000000000002 9.869 0.00759533309936522 0.14632372283935524 0.30563846 0.29463848 "" "" 0.23424114127039783 "" 0.0690235077056724 "" 1.0
121.22522160117 -46.82026841493 0.0206 0.0236 53.5995 "" "" 5519517864294352768 353.922699 2.7881 0.0236 -6.562 9.433 0.028 0.03 0.943 3593.3 4.0447 15.505998 2.325776 16.734198 14.408421 -4.46 13.77 350.720001 357.073212 11818.10136 12.779 2765.3 13.626 13671.0 39.384 "" "" 0.002995012428676906 0.00603383 0.004905821 0.01093965 121.22522160117 -46.82026841493 353.922699 -6.562 9.433 -0.03840466690063504 -0.2896762771606447 0.29563847 0.29763848 -12.932380952380953 16.063828 0.49021128847205875 12.941668524763378 0.14588886153779013 16.05230027991601 0.8
122.41398192549 -47.6516303826 0.022 0.0262 21.3186 "" "" 5519178149559214592 333.713654 2.9505 0.0258 -6.403 10.733 0.03 0.034 1.052 3514.8 3.9919 15.507228 2.620567 16.945168 14.3246 "" "" 331.081879 336.541656 11804.71799 12.546 2276.9 17.288 14768.0 46.121 "" "" 0.002987190984429345 0.008703135 0.00507752 0.013780655 122.41398192549 -47.6516303826 333.713654 -6.403 10.733 0.12059533309936565 1.010323722839356 0.29763848 0.30163848 "" "" 1.6094772790832195 "" 0.48539044175124896 "" 0.8
122.03666791066 -47.54263476781 0.0253 0.0289 18.7888 "" "" 5519234843129563520 337.515503 2.9189 0.0295 -6.272 9.805 0.033 0.035 1.085 3592.5 4.0252 15.537679 2.372714 16.784582 14.411868 "" "" 334.066711 341.553345 11478.24016 26.884 2639.9 31.998 13627.0 104.01 "" "" 0.0037494713586589735 0.013452645 0.009108165 0.02256081 122.03666791066 -47.54263476781 337.515503 -6.272 9.805 0.251595333099365 0.08232372283935518 0.30063847 0.30263847 "" "" 0.42350747430584706 "" 0.12740479892550824 "" 1.0
122.62006226806 -46.84035711398 0.0246 0.0315 30.0511 "" "" 5519295522427977216 334.109741 2.945 0.0297 -6.924 9.864 0.031 0.039 1.106 3565.3 4.0622 15.568204 2.385895 16.826857 14.440962 27.02 6.87 330.533325 337.268463 11160.03001 46.995 2539.1 51.359 13267.0 148.05 "" "" 0.005338107670511297 0.022137986 0.012691796 0.03482978 122.62006226806 -46.84035711398 334.109741 -6.923999999999996 9.864 -0.40040466690063514 0.14132372283935624 0.29863846 0.30663848 18.547619047619044 9.163826 0.6724513608526063 18.55980504122587 0.20142284728139664 9.157812113317025 1.0
121.84615792749 -46.60634869443 0.0226 0.0234 46.1516 "" "" 5519501096740919552 344.844055 2.8596 0.0257 -6.332 9.578 0.03 0.029 1.005 3560.3 4.0094 15.586954 2.42746 16.885803 14.458343 18.53 8.8 341.656036 348.131256 10968.95156 18.251 2404.9 19.452 13056.0 59.755 "" "" 0.0032947457628522167 0.009214548 0.006243148 0.015457696 121.84615792749 -46.60634869443 344.844055 -6.332000000000003 9.578000000000017 0.19159533309936538 -0.14467627716064513 0.29763848 0.2966385 10.057619047619047 11.093826 0.39243077596761206 10.065272118574638 0.11666014633149306 11.0853921009443 0.9
121.83674806651 -48.26660055434 0.0252 0.0291 61.2737 "" "" 5517658383971075328 338.905029 2.9032 0.0301 -6.076 9.869 0.033 0.034 1.117 3472.6 3.9602 15.591063 2.728842 17.10938 14.380539 "" "" 335.218994 341.857849 10927.52736 12.07 1957.3 10.911 14026.0 37.218 "" "" 0.00300499410966321 0.006664626 0.004752252 0.011416878 121.83674806651 -48.26660055434 338.905029 -6.076000000000001 9.869 0.4475953330993656 0.14632372283935524 0.30063847 0.30163848 "" "" 0.756467610033721 "" 0.2274964121219238 "" 0.8
122.6732411846 -46.4255688278 0.0209 0.0243 54.3617 "" "" 5519584625265479680 354.026459 2.7921 0.0251 -6.417 9.058 0.028 0.031 0.98 3592.5 4.0075 15.601291 2.302324 16.806547 14.504223 "" "" 351.212433 357.063141 10825.0672 9.0964 2587.0 15.981 12516.0 27.791 "" "" 0.0029024435763004477 0.0072642704 0.004482826 0.011747097 122.6732411846 -46.4255688278 354.026459 -6.416999999999998 9.058 0.10659533309936542 -0.6646762771606447 0.29563847 0.29863846 "" "" 1.1296358488335096 "" 0.3372681558852008 "" 0.8
