Clusters/Pozzo_1/Pozzo_1_members.tsv
# %ECSV 1.0
# ---
# datatype:
# - name: RA_ICRS_1
#   unit: deg
#   datatype: float64
#   format: '{:15.11f}'
#   description: Right ascension (ICRS) at Ep=2016.0 (ra)
#   meta: !!omap
#   - {ucd: POS_EQ_RA_MAIN}
#   - {width: 15}
#   - {precision: '11'}
# - name: DE_ICRS_1
#   unit: deg
#   datatype: float64
#   format: '{:15.11f}'
#   description: Declination (ICRS) at Ep=2016.0 (dec)
#   meta: !!omap
#   - {ucd: POS_EQ_DEC_MAIN}
#   - {width: 15}
#   - {precision: '11'}
# - name: e_RA_ICRS
#   unit: mas
#   datatype: float64
#   format: '{:7.4f}'
#   description: Standard error of right ascension (ra_error)
#   meta: !!omap
#   - {ucd: ERROR}
#   - {width: 7}
#   - {precision: '4'}
# - name: e_DE_ICRS
#   unit: mas
#   datatype: float64
#   format: '{:7.4f}'
#   description: Standard error of declination (dec_error)
#   meta: !!omap
#   - {ucd: ERROR}
#   - {width: 7}
#   - {precision: '4'}
# - name: _r_1
#   unit: ''
#   datatype: float64
#   format: '{:8.4f}'
#   description: Distance from center (122.33070725000-47.30080602000)[ICRS], at Epoch=J2016.0
#   meta: !!omap
#   - {ucd: POS_ANG_DIST_GENERAL}
#   - {width: 8}
#   - {precision: '4'}
# - name: HIP
#   datatype: int32
#   description: '? HIP cross-id number, van Leeuwen, Cat. I/311 (hip_original_ext_source_id)'
#   meta: !!omap
#   - {ucd: ID_NUMBER}
#   - {width: 6}
#   - values: {'null': -2147483648}
# - name: TYC2
#   datatype: string
#   description: Tycho-2 cross-id name, Hog et al., Cat. I/259 (tyc2_original_ext_source_id)
#   meta: !!omap
#   - {ucd: ID_CROSSID}
#   - {_votable_string_dtype: char}
# - name: Source
#   datatype: int64
#   description: Source identifier, identical to the Gaia-EDR3 source_id (id)
#   meta: !!omap
#   - {ucd: ID_MAIN}
#   - {width: 19}
# - name: rgeo
#   unit: pc
#   datatype: float64
#   format: '{:15.8f}'
#   description: '? Median of the geometric distance posterior (r_med_geo)'
#   meta: !!omap
#   - {ucd: PHYS_DISTANCE_TRUE}
#   - {width: 15}
#   - {precision: '8'}
#   - values: {'null': .nan}
# - name: Plx
#   unit: mas
#   datatype: float64
#   format: '{:9.4f}'
#   description: '? Parallax (parallax)'
#   meta: !!omap
#   - {ucd: POS_PARLX_TRIG}
#   - {width: 9}
#   - {precision: '4'}
#   - values: {'null': .nan}
# - name: e_Plx
#   unit: mas
#   datatype: float32
#   format: '{:7.4f}'
#   description: '? Standard error of parallax (parallax_error)'
#   meta: !!omap
#   - {ucd: ERROR}
#   - {width: 7}
#   - {precision: '4'}
#   - values: {'null': .nan}
# - name: pmRA
#   unit: mas / yr
#   datatype: float64
#   format: '{:9.3f}'
#   description: '? Proper motion in right ascension direction, pmRA*cosDE (pmra)'
#   meta: !!omap
#   - {ucd: POS_EQ_PMRA}
#   - {width: 9}
#   - {precision: '3'}
#   - values: {'null': .nan}
# - name: pmDE
#   unit: mas / yr
#   datatype: float64
#   format: '{:9.3f}'
#   description: '? Proper motion in declination direction (pmdec)'
#   meta: !!omap
#   - {ucd: POS_EQ_PMDEC}
#   - {width: 9}
#   - {precision: '3'}
#   - values: {'null': .nan}
# - name: e_pmRA
#   unit: mas / yr
#   datatype: float32
#   format: '{:6.3f}'
#   description: '? Standard error of proper motion in right ascension direction (pmra_error)'
#   meta: !!omap
#   - {ucd: ERROR}
#   - {width: 6}
#   - {precision: '3'}
#   - values: {'null': .nan}
# - name: e_pmDE
[...]
#       distance: !astropy.table.SerializedColumn
#         __class__: astropy.coordinates.distances.Distance
#         unit: !astropy.units.Unit {unit: pc}
#         value: !astropy.table.SerializedColumn {name: SkyCoord.distance}
#       frame: icrs
#       obstime: !astropy.time.Time {format: jyear_str, in_subfmt: '*', jd1: 367701545.0, jd2: 0.0, out_subfmt: '*', precision: 3, scale: tt}
#       pm_dec: !astropy.table.SerializedColumn
#         __class__: astropy.units.quantity.Quantity
#         unit: !astropy.units.Unit {unit: mas / yr}
#         value: !astropy.table.SerializedColumn {name: SkyCoord.pm_dec}
#       pm_ra_cosdec: !astropy.table.SerializedColumn
#         __class__: astropy.units.quantity.Quantity
#         unit: !astropy.units.Unit {unit: mas / yr}
#         value: !astropy.table.SerializedColumn {name: SkyCoord.pm_ra_cosdec}
#       ra: !astropy.table.SerializedColumn
#         __class__: astropy.coordinates.angles.Longitude
#         unit: *id001
#         value: !astropy.table.SerializedColumn {name: SkyCoord.ra}
#         wrap_angle: !astropy.coordinates.Angle
#           unit: *id001
#           value: 360.0
#       representation_type: spherical
# schema: astropy-2.0
RA_ICRS_1 DE_ICRS_1 e_RA_ICRS e_DE_ICRS _r_1 HIP TYC2 Source rgeo Plx e_Plx pmRA pmDE e_pmRA e_pmDE RUWE Teff logg Gmag BP-RP BPmag RPmag RV e_RV b_rgeo B_rgeo FG e_FG FBP e_FBP FRP e_FRP RAVE5 RAVE6 e_Gmag e_BPmag e_RPmag e_BP-RP SkyCoord.ra SkyCoord.dec SkyCoord.distance SkyCoord.pm_ra_cosdec SkyCoord.pm_dec rmRA rmDE e_rmRA e_rmDE rRV e_rRV v_pec v_pec3d e_vpec e_vpec3d Pmemb
[from data line 146]
120.89357662985 -47.44654115758 0.0287 0.0329 59.0449 "" "" 5517948964278358016 340.773865 2.9011 0.0345 -6.36 9.851 0.039 0.04 0.998 3471.1 4.0476 16.11209 2.597044 17.536152 14.939108 "" "" 337.149353 345.267548 6762.56503 5.8038 1321.2 9.2576 8385.2 14.839 "" "" 0.0029086166693827547 0.008103231 0.004239748 0.012342979 120.89357662985 -47.44654115758 340.773865 -6.36 9.851 0.16359533309936491 0.12832372283935634 0.30663848 0.30763847 "" "" 0.33584532184267063 "" 0.10311115355523498 "" 0.8
121.74051016608 -47.74363023399 0.0286 0.0306 35.7462 "" "" 5517731123538585728 342.197968 2.8881 0.0326 -6.296 9.728 0.04 0.038 1.006 3468.5 4.0413 16.127285 2.557004 17.49873 14.941726 "" "" 338.365601 345.624329 6668.56704 5.442 1367.5 12.029 8365.0 21.742 "" "" 0.0028942780372387005 0.009949737 0.0047167195 0.014666457 121.74051016608 -47.74363023399 342.197968 -6.296000000000004 9.728000000000005 0.22759533309936497 0.005323722839355227 0.30763847 0.30563846 "" "" 0.3692647904903802 "" 0.11359965127438727 "" 1.0
122.98242183487 -47.53071569355 0.0292 0.0311 29.8397 "" "" 5516203008535445376 336.325317 2.9331 0.034 -6.663 9.856 0.039 0.04 1.037 3426.5 4.0045 16.145756 2.713538 17.656435 14.942897 "" "" 332.832458 341.301086 6556.08303 8.1082 1182.6 12.225 8356.0 28.034 "" "" 0.0030651007874294284 0.011565296 0.0052490216 0.016814318 122.98242183487 -47.53071569355 336.325317 -6.663000000000001 9.855999999999998 -0.13940466690063502 0.13332372283935534 0.30663848 0.30763847 "" "" 0.3075113704515839 "" 0.0944418446019691 "" 1.0
122.50656255775 -46.33867083383 0.032 0.035 58.1778 "" "" 5519589573067653888 329.625397 2.998 0.037 -6.567 9.788 0.041 0.042 1.04 3533.2 4.3797 16.161367 2.691966 17.65022 14.958255 "" "" 325.791046 333.587494 6462.48284 16.235 1189.4 21.757 8238.7 51.679 "" "" 0.0038770441692419447 0.02005577 0.007788889 0.02784466 122.50656255775 -46.33867083383 329.625397 -6.567000000000009 9.788 -0.043404666900634936 0.06532372283935572 0.30863848 0.30963847 "" "" 0.1225398383726039 "" 0.037905559388375414 "" 0.9
122.46501086571 -46.42626340902 0.0286 0.0346 52.761 "" "" 5519495221226019328 330.774109 2.9917 0.0339 -6.586 9.33 0.039 0.042 1.026 3512.8 4.32 16.17695 2.576885 17.58198 15.005095 "" "" 327.249939 334.097473 6370.39706 6.128 1266.6 20.755 7890.8 17.707 "" "" 0.002946626775984877 0.018008752 0.004496639 0.022505391 122.46501086571 -46.42626340902 330.774109 -6.586000000000001 9.330000000000002 -0.062404666900635064 -0.39267627716064446 0.30663848 0.30963847 "" "" 0.623391214727431 "" 0.1929800504647584 "" 0.9
122.90751669639 -47.44373293842 0.0347 0.0347 24.9575 "" "" 5519206668143037824 333.532532 2.9526 0.0391 -6.635 9.785 0.045 0.045 1.047 3420.1 4.1148 16.177479 3.12257 17.995747 14.873177 "" "" 330.037445 337.616486 6367.29362 4.8812 865.2 11.279 8910.2 14.813 "" "" 0.002878291867685511 0.0144263655 0.004188292 0.018614657 122.90751669639 -47.44373293842 333.532532 -6.6350000000000025 9.785000000000004 -0.11140466690063455 0.06232372283935561 0.31263846 0.31263846 "" "" 0.2018120090256464 "" 0.06309419603212757 "" 0.8
122.44390415528 -47.18447382075 0.0313 0.0388 8.3654 "" "" 5519270268020653184 357.397705 2.7527 0.0407 -6.492 9.457 0.045 0.049 1.012 3520.3 4.4019 16.181057 2.665172 17.652134 14.986962 "" "" 353.74054 362.157776 6346.35443 7.0606 1187.3 11.978 8023.7 16.94 "" "" 0.0030084685391611266 0.011303166 0.0044201994 0.015723366 122.44390415528 -47.18447382075 357.397705 -6.491999999999999 9.457 0.03159533309936524 -0.2656762771606438 0.31263846 0.31663847 "" "" 0.45324442223166017 "" 0.143489494410894 "" 0.8
123.52533071462 -47.38774205967 0.0304 0.0356 48.8468 "" "" 5516284853425408256 337.903442 2.9217 0.0366 -6.392 9.073 0.043 0.042 1.056 3476.9 4.168 16.19065 2.649965 17.652712 15.002747 "" "" 334.231354 341.059448 6290.52179 6.075 1186.7 9.44 7907.9 21.092 "" "" 0.002948087516715781 0.009076354 0.004761288 0.013837642 123.52533071462 -47.38774205967 337.903442 -6.392 9.073 0.1315953330993649 -0.6496762771606441 0.3106385 0.30963847 "" "" 1.061693850349792 "" 0.3287831685488764 "" 0.8
122.48018267 -48.58672545999 0.0297 0.033 77.3887 "" "" 5516087456733135872 343.363373 2.8673 0.0338 -6.272 9.702 0.041 0.044 1.026 3478.2 4.2201 16.199043 2.922267 17.858875 14.936608 "" "" 339.424561 346.80014 6242.08598 5.8831 981.45 7.5369 8404.6 31.702 "" "" 0.0029392042794532864 0.00879222 0.005572777 0.014364997 122.48018267 -48.58672545999 343.363373 -6.272 9.701999999999991 0.251595333099365 -0.020676277160644574 0.30863848 0.31163847 "" "" 0.4108624948390978 "" 0.12681628577509574 "" 0.9
122.74496794977 -47.31464947144 0.0341 0.0368 16.8741 "" "" 5519223195176987008 330.780151 2.9845 0.041 -6.376 9.856 0.043 0.045 1.007 3466.3 4.1747 16.201756 2.650834 17.667402 15.016568 "" "" 326.905182 334.879883 6226.51196 8.004 1170.7 10.624 7807.8 20.374 "" "" 0.003088643451763119 0.010240404 0.004723405 0.014963809 122.74496794977 -47.31464947144 330.780151 -6.375999999999994 9.85599999999999 0.1475953330993649 0.13332372283935534 0.3106385 0.31263846 "" "" 0.31184853953420755 "" 0.09715289458723504 "" 1.0
121.1360407339 -47.89135393483 0.0284 0.0336 59.9322 "" "" 5517714046747894400 336.288574 2.9418 0.0327 -6.334 9.761 0.038 0.047 0.956 3511.7 4.2346 16.24185 2.579367 17.650984 15.071617 "" "" 332.740631 340.12085 6000.76214 3.7394 1188.6 7.9279 7421.8 11.404 "" "" 0.0028371731176195683 0.0077607194 0.0041312138 0.011891933 121.1360407339 -47.89135393483 336.288574 -6.333999999999994 9.761 0.1895953330993656 0.0383237228393547 0.30563846 0.31463847 "" "" 0.30832866125424296 "" 0.09434756634821863 "" 1.0
122.60206647916 -47.61170063054 0.0319 0.0386 21.6599 "" "" 5519201033140755328 332.927734 2.9644 0.038 -6.229 9.82 0.043 0.052 1.102 3444.8 4.153 16.245195 2.696036 17.74363 15.047593 "" "" 329.241852 336.598511 5982.30398 9.5098 1091.4 16.503 7587.9 30.68 "" "" 0.0032512580373654726 0.016652767 0.0057926895 0.022445455 122.60206647916 -47.61170063054 332.927734 -6.229000000000002 9.820000000000004 0.29459533309936514 0.09732372283935575 0.3106385 0.3196385 "" "" 0.4896068093850154 "" 0.1525299656387709 "" 1.0
122.20552062942 -48.29609960349 0.029 0.0311 59.9304 "" "" 5514652898992898816 346.835907 2.8506 0.0331 -6.284 9.76 0.04 0.037 1.021 3568.7 4.3974 16.270945 2.6105 17.709959 15.099459 "" "" 342.189728 351.800659 5842.0999 4.0973 1125.7 7.9669 7233.9 16.49 "" "" 0.0028586057408018597 0.008174956 0.004517663 0.012692619 122.20552062942 -48.29609960349 346.835907 -6.2840000000000025 9.759999999999987 0.23959533309936543 0.037323722839355256 0.30763847 0.30463848 "" "" 0.3986459027758766 "" 0.12261061509353467 "" 1.0
122.57458374751 -47.06538663595 0.0353 0.0425 17.275 "" "" 5519277071248676608 331.587646 2.9817 0.0434 -6.684 9.991 0.047 0.052 1.092 3491.5 4.4032 16.272148 2.695228 17.770365 15.075137 "" "" 327.398468 335.491455 5835.62307 4.6489 1064.8 9.9187 7397.8 19.257 "" "" 0.0028878911012125102 0.010491541 0.004719259 0.0152108 122.57458374751 -47.06538663595 331.587646 -6.684000000000002 9.991 -0.16040466690063493 0.2683237228393551 0.31463847 0.3196385 "" "" 0.4913427850907382 "" 0.15640900123562465 "" 1.0
122.19746814824 -47.32500585531 0.0342 0.0365 5.6112 "" "" 5519247246995105024 333.065918 2.9566 0.0385 -6.395 9.951 0.049 0.045 1.047 3491.2 4.3535 16.27215 2.673705 17.75805 15.084346 "" "" 329.891388 336.954132 5835.61245 4.6557 1077.0 10.167 7335.3 12.463 "" "" 0.0028882707679969387 0.010622461 0.004205555 0.014828017 122.19746814824 -47.32500585531 333.065918 -6.395 9.951 0.12859533309936566 0.22832372283935598 0.31663847 0.31263846 "" "" 0.41370165653946894 "" 0.12973949063465479 "" 1.0
123.80881919073 -46.6010229077 0.0352 0.0371 73.6726 "" "" 5519351593215572608 326.939362 3.0243 0.0414 -6.846 9.642 0.045 0.044 0.949 3478.7 4.2349 16.277378 2.640241 17.718666 15.078425 "" "" 322.128571 332.582306 5807.5861 5.4081 1116.7 12.867 7375.4 29.381 "" "" 0.0029349642214914406 0.012817596 0.0057437797 0.018561376 123.80881919073 -46.6010229077 326.939362 -6.846 9.642 -0.32240466690063485 -0.08067627716064507 0.31263846 0.31163847 "" "" 0.5150331198193892 "" 0.16098885909559002 "" 1.0
123.0716810255 -47.40587863158 0.0316 0.0335 30.7721 "" "" 5519207767654819328 335.242981 2.951 0.0371 -6.724 9.725 0.042 0.041 1.044 3544.1 4.4086 16.301039 2.672032 17.77398 15.101947 "" "" 331.075012 339.799347 5682.39412 3.8187 1061.3 8.144 7217.4 12.395 "" "" 0.0028502918346359368 0.008786306 0.0042143245 0.01300063 123.0716810255 -47.40587863158 335.242981 -6.723999999999999 9.724999999999998 -0.20040466690063496 0.0023237228393551135 0.30963847 0.30863848 "" "" 0.3184747895504117 "" 0.09861200395821451 "" 1.0
123.20867404163 -46.35962215281 0.0308 0.0355 66.9906 "" "" 5519425299161222656 350.426514 2.8155 0.038 -6.381 9.191 0.042 0.043 1.016 3462.6 4.096 16.318834 2.73219 17.849123 15.116933 "" "" 345.485748 355.306946 5590.01278 5.0471 990.3 12.05 7118.4 16.173 "" "" 0.0029245089665337104 0.013502693 0.0045131794 0.018015873 123.20867404163 -46.35962215281 350.426514 -6.381000000000002 9.191 0.142595333099365 -0.5316762771606438 0.30963847 0.3106385 "" "" 0.9143363738495575 "" 0.28396680346246167 "" 0.9
122.23295655875 -46.911671044 0.035 0.0412 23.6869 "" "" 5519290712064682112 350.594604 2.8161 0.0437 -6.655 9.229 0.044 0.049 1.082 3481.4 4.2209 16.324272 2.628723 17.771517 15.142794 "" "" 344.411896 355.463989 5562.08704 4.8235 1063.7 8.2987 6950.9 13.02 "" "" 0.0029117568593044715 0.008918322 0.0042918297 0.013210151 122.23295655875 -46.911671044 350.594604 -6.655000000000002 9.229 -0.13140466690063501 -0.4936762771606453 0.31163847 0.31663847 "" "" 0.8489655271878395 "" 0.2685363721979196 "" 0.8
120.84863313319 -46.4366342665 0.0308 0.0343 79.9005 "" "" 5518791636862567040 335.178375 2.94 0.0353 -6.56 9.545 0.04 0.043 1.057 3469.3 4.2547 16.324821 2.957327 18.000654 15.043327 "" "" 331.551514 338.519592 5559.27488 4.1722 861.3 13.683 7617.8 44.115 "" "" 0.0028732821718202976 0.01747271 0.007336003 0.024808712 120.84863313319 -46.4366342665 335.178375 -6.559999999999993 9.545000000000002 -0.036404666900634375 -0.1776762771606446 0.30763847 0.3106385 "" "" 0.28814675163407855 "" 0.08947480413896995 "" 0.9
121.42001741855 -47.29301751338 0.0338 0.0351 37.0605 "" "" 5517945528304409728 355.457275 2.7725 0.0373 -6.243 9.444 0.046 0.046 1.04 3459.0 4.1596 16.333105 2.68059 17.822903 15.142313 "" "" 350.551819 360.64978 5517.01955 6.8336 1014.5 9.6181 6954.0 26.817 "" "" 0.003066002818125045 0.010664917 0.0056404294 0.016305346 121.42001741855 -47.29301751338 355.457275 -6.242999999999999 9.444000000000003 0.2805953330993649 -0.2786762771606437 0.31363848 0.31363848 "" "" 0.6663096175930147 "" 0.2089803346834719 "" 0.8
122.36452162679 -47.3852746387 0.0464 0.0546 5.2513 "" "" 5519196428939814400 348.741211 2.827 0.0584 -6.341 9.479 0.061 0.066 1.04 3429.7 4.2062 16.352491 2.72967 17.8718 15.14213 "" "" 342.096741 357.43985 5419.38735 10.205 969.83 17.375 6955.1 44.94 "" "" 0.003431001211099344 0.019650612 0.007968684 0.027619295 122.36452162679 -47.3852746387 348.741211 -6.341 9.479 0.18259533309936504 -0.24367627716064533 0.32863846 0.3336385 "" "" 0.5033457578188284 "" 0.16703488499609143 "" 0.8
122.23581695332 -47.50965321275 0.035 0.0392 13.1099 "" "" 5519193989398364672 327.165497 3.0123 0.0411 -6.651 10.398 0.048 0.047 1.09 3428.4 4.2999 16.361444 3.125379 18.183905 15.058526 "" "" 322.458649 331.158356 5374.88144 5.7313 727.54 9.3223 7511.9 16.648 "" "" 0.0029886679249741094 0.014189067 0.0044803633 0.01866943 122.23581695332 -47.50965321275 327.165497 -6.650999999999998 10.398 -0.12740466690063457 0.6753237228393552 0.31563848 0.31463847 "" "" 1.065742019103302 "" 0.33536011823493994 "" 1.0
122.37612784059 -47.56899075798 0.0381 0.047 16.1963 "" "" 5519191171899967232 334.299622 2.9638 0.047 -6.786 10.022 0.048 0.058 1.059 3485.9 4.3168 16.382221 2.808723 17.970558 15.161835 "" "" 329.18045 339.018463 5273.00875 7.7894 885.51 12.308 6830.1 23.979 "" "" 0.003188133657776639 0.015346779 0.005367814 0.020714592 122.37612784059 -47.56899075798 334.299622 -6.785999999999998 10.022 -0.26240466690063435 0.2993237228393557 0.31563848 0.32563847 "" "" 0.6307562793433729 "" 0.20268162622286515 "" 1.0
122.38134910401 -47.40797455919 0.0456 0.0533 6.7516 "" "" 5519196154061937152 336.563965 2.9237 0.0565 -7.365 9.723 0.057 0.065 1.052 3556.0 4.3923 16.38316 2.682863 17.85954 15.176678 "" "" 330.397186 343.41687 5268.45383 12.716 980.85 27.76 6737.3 49.171 "" "" 0.0038025051236960116 0.030854903 0.008779201 0.039634105 122.38134910401 -47.40797455919 336.563965 -7.365000000000009 9.723000000000008 -0.841404666900635 0.0003237228393562219 0.3246385 0.33263847 "" "" 1.3423040660315742 "" 0.4357635612344702 "" 1.0
123.3169213046 -46.00071132013 0.0306 0.0373 87.9457 "" "" 5519433992174639104 342.136993 2.8778 0.0391 -6.318 9.367 0.043 0.049 1.011 3453.8 4.1585 16.39058 2.738508 17.922894 15.184385 "" "" 337.932861 346.756989 5232.57232 9.6589 925.25 8.8835 6689.7 23.533 "" "" 0.003407128926209615 0.010791306 0.0053732237 0.01616453 123.3169213046 -46.00071132013 342.136993 -6.317999999999998 9.367 0.20559533309936562 -0.35567627716064365 0.3106385 0.31663847 "" "" 0.6662427636986816 "" 0.20996407911862672 "" 0.8
121.73587178246 -46.16674027058 0.0324 0.0377 72.3067 "" "" 5519572564998249216 332.671844 2.9766 0.0395 -6.711 9.836 0.042 0.051 1.069 3412.6 4.1691 16.394527 2.891244 18.045126 15.153882 "" "" 328.434357 336.818207 5213.57942 4.0925 826.74 6.0583 6880.3 11.329 "" "" 0.0028841208343224046 0.008431269 0.0041808854 0.012612155 121.73587178246 -46.16674027058 332.671844 -6.711 9.835999999999995 -0.18740466690063506 0.11332372283935577 0.30963847 0.31863847 "" "" 0.34533972578860767 "" 0.1077714495975211 "" 1.0
122.31120579316 -47.97543865555 0.038 0.0415 40.4856 "" "" 5519163787188850176 340.986694 2.8963 0.0433 -6.251 9.282 0.05 0.052 1.103 "" "" 16.41955 2.852987 18.035563 15.182575 "" "" 336.536407 346.997833 5094.79373 5.0776 834.05 9.2123 6700.8 19.673 "" "" 0.0029601806120525495 0.012312549 0.004944161 0.01725671 122.31120579316 -47.97543865555 340.986694 -6.2509999999999994 9.282 0.2725953330993649 -0.4406762771606445 0.3176385 0.3196385 "" "" 0.837511905963701 "" 0.26723852980708207 "" 0.8
122.99813149878 -46.952750338 0.0343 0.0355 34.3285 "" "" 5519325003081971840 339.859039 2.9083 0.04 -6.561 9.762 0.045 0.043 0.971 3445.0 4.1643 16.422073 2.727035 17.94629 15.219254 "" "" 336.030182 344.035828 5082.97215 8.1245 905.53 9.3872 6478.2 30.285 "" "" 0.003256294393982715 0.011595995 0.006328242 0.017924238 122.99813149878 -46.952750338 339.859039 -6.561000000000001 9.762 -0.03740466690063471 0.039323722839355923 0.31263846 0.3106385 "" "" 0.08742870531270719 "" 0.027241917715280405 "" 0.9
121.68285286943 -47.53142396348 0.0337 0.0364 29.7204 "" "" 5517748372127059328 337.894165 2.9224 0.0385 -6.168 9.759 0.046 0.043 1.113 3442.5 4.1566 16.430325 2.704303 17.93517 15.230866 "" "" 333.827057 342.416016 5044.48233 4.2471 914.85 10.04 6409.3 13.386 "" "" 0.0029029972573121053 0.012237707 0.0044074585 0.016645165 121.68285286943 -47.53142396348 337.894165 -6.167999999999999 9.759 0.3555953330993651 0.03632372283935581 0.31363848 0.3106385 "" "" 0.5724916461384447 "" 0.1795377570619238 "" 0.9
