Clusters/Pozzo_1/Pozzo_1_members.tsv
# %ECSV 1.0
# ---
# datatype:
# - name: RA_ICRS_1
#   unit: deg
#   datatype: float64
#   format: '{:15.11f}'
#   description: Right ascension (ICRS) at Ep=2016.0 (ra)
#   meta: !!omap
#   - {ucd: POS_EQ_RA_MAIN}
#   - {width: 15}
#   - {precision: '11'}
# - name: DE_ICRS_1
#   unit: deg
#   datatype: float64
#   format: '{:15.11f}'
#   description: Declination (ICRS) at Ep=2016.0 (dec)
#   meta: !!omap
#   - {ucd: POS_EQ_DEC_MAIN}
#   - {width: 15}
#   - {precision: '11'}
# - name: e_RA_ICRS
#   unit: mas
#   datatype: float64
#   format: '{:7.4f}'
#   description: Standard error of right ascension (ra_error)
#   meta: !!omap
#   - {ucd: ERROR}
#   - {width: 7}
#   - {precision: '4'}
# - name: e_DE_ICRS
#   unit: mas
#   datatype: float64
#   format: '{:7.4f}'
#   description: Standard error of declination (dec_error)
#   meta: !!omap
#   - {ucd: ERROR}
#   - {width: 7}
#   - {precision: '4'}
# - name: _r_1
#   unit: ''
#   datatype: float64
#   format: '{:8.4f}'
#   description: Distance from center (122.33070725000-47.30080602000)[ICRS], at Epoch=J2016.0
#   meta: !!omap
#   - {ucd: POS_ANG_DIST_GENERAL}
#   - {width: 8}
#   - {precision: '4'}
# - name: HIP
#   datatype: int32
#   description: '? HIP cross-id number, van Leeuwen, Cat. I/311 (hip_original_ext_source_id)'
#   meta: !!omap
#   - {ucd: ID_NUMBER}
#   - {width: 6}
#   - values: {'null': -2147483648}
# - name: TYC2
#   datatype: string
#   description: Tycho-2 cross-id name, Hog et al., Cat. I/259 (tyc2_original_ext_source_id)
#   meta: !!omap
#   - {ucd: ID_CROSSID}
#   - {_votable_string_dtype: char}
# - name: Source
#   datatype: int64
#   description: Source identifier, identical to the Gaia-EDR3 source_id (id)
#   meta: !!omap
#   - {ucd: ID_MAIN}
#   - {width: 19}
# - name: rgeo
#   unit: pc
#   datatype: float64
#   format: '{:15.8f}'
#   description: '? Median of the geometric distance posterior (r_med_geo)'
#   meta: !!omap
#   - {ucd: PHYS_DISTANCE_TRUE}
#   - {width: 15}
#   - {precision: '8'}
#   - values: {'null': .nan}
# - name: Plx
#   unit: mas
#   datatype: float64
#   format: '{:9.4f}'
#   description: '? Parallax (parallax)'
#   meta: !!omap
#   - {ucd: POS_PARLX_TRIG}
#   - {width: 9}
#   - {precision: '4'}
#   - values: {'null': .nan}
# - name: e_Plx
#   unit: mas
#   datatype: float32
#   format: '{:7.4f}'
#   description: '? Standard error of parallax (parallax_error)'
#   meta: !!omap
#   - {ucd: ERROR}
#   - {width: 7}
#   - {precision: '4'}
#   - values: {'null': .nan}
# - name: pmRA
#   unit: mas / yr
#   datatype: float64
#   format: '{:9.3f}'
#   description: '? Proper motion in right ascension direction, pmRA*cosDE (pmra)'
#   meta: !!omap
#   - {ucd: POS_EQ_PMRA}
#   - {width: 9}
#   - {precision: '3'}
#   - values: {'null': .nan}
# - name: pmDE
#   unit: mas / yr
#   datatype: float64
#   format: '{:9.3f}'
#   description: '? Proper motion in declination direction (pmdec)'
#   meta: !!omap
#   - {ucd: POS_EQ_PMDEC}
#   - {width: 9}
#   - {precision: '3'}
#   - values: {'null': .nan}
# - name: e_pmRA
#   unit: mas / yr
#   datatype: float32
#   format: '{:6.3f}'
#   description: '? Standard error of proper motion in right ascension direction (pmra_error)'
#   meta: !!omap
#   - {ucd: ERROR}
#   - {width: 6}
#   - {precision: '3'}
#   - values: {'null': .nan}
# - name: e_pmDE
[...]
#       distance: !astropy.table.SerializedColumn
#         __class__: astropy.coordinates.distances.Distance
#         unit: !astropy.units.Unit {unit: pc}
#         value: !astropy.table.SerializedColumn {name: SkyCoord.distance}
#       frame: icrs
#       obstime: !astropy.time.Time {format: jyear_str, in_subfmt: '*', jd1: 367701545.0, jd2: 0.0, out_subfmt: '*', precision: 3, scale: tt}
#       pm_dec: !astropy.table.SerializedColumn
#         __class__: astropy.units.quantity.Quantity
#         unit: !astropy.units.Unit {unit: mas / yr}
#         value: !astropy.table.SerializedColumn {name: SkyCoord.pm_dec}
#       pm_ra_cosdec: !astropy.table.SerializedColumn
#         __class__: astropy.units.quantity.Quantity
#         unit: !astropy.units.Unit {unit: mas / yr}
#         value: !astropy.table.SerializedColumn {name: SkyCoord.pm_ra_cosdec}
#       ra: !astropy.table.SerializedColumn
#         __class__: astropy.coordinates.angles.Longitude
#         unit: *id001
#         value: !astropy.table.SerializedColumn {name: SkyCoord.ra}
#         wrap_angle: !astropy.coordinates.Angle
#           unit: *id001
#           value: 360.0
#       representation_type: spherical
# schema: astropy-2.0
RA_ICRS_1 DE_ICRS_1 e_RA_ICRS e_DE_ICRS _r_1 HIP TYC2 Source rgeo Plx e_Plx pmRA pmDE e_pmRA e_pmDE RUWE Teff logg Gmag BP-RP BPmag RPmag RV e_RV b_rgeo B_rgeo FG e_FG FBP e_FBP FRP e_FRP RAVE5 RAVE6 e_Gmag e_BPmag e_RPmag e_BP-RP SkyCoord.ra SkyCoord.dec SkyCoord.distance SkyCoord.pm_ra_cosdec SkyCoord.pm_dec rmRA rmDE e_rmRA e_rmDE rRV e_rRV v_pec v_pec3d e_vpec e_vpec3d Pmemb
[from data line 115]
122.82428267003 -47.3859262374 0.0236 0.0249 20.7066 "" "" 5519210860031007360 339.452057 2.9038 0.0278 -6.303 9.691 0.032 0.034 1.013 3556.4 4.0328 15.640754 2.431749 16.928402 14.496653 "" "" 335.888916 343.014496 10438.67054 24.092 2312.4 26.237 12604.0 91.635 "" "" 0.003724376913348999 0.012631028 0.008751758 0.021382786 122.82428267003 -47.3859262374 339.452057 -6.303000000000001 9.691000000000003 0.2205953330993653 -0.031676277160643806 0.29963848 0.30163848 "" "" 0.35857913257474083 "" 0.10745864223912345 "" 1.0
122.3079858411 -47.26378988322 0.026 0.03 2.4058 "" "" 5519268343875204608 332.094025 2.9767 0.0319 -6.114 9.816 0.038 0.04 1.056 3483.4 4.0043 15.669789 2.632864 17.10681 14.473946 "" "" 329.514313 335.11618 10163.21133 17.176 1962.0 24.91 12870.0 61.704 "" "" 0.00331039181224047 0.014064298 0.0064327703 0.020497069 122.3079858411 -47.26378988322 332.094025 -6.113999999999999 9.816000000000003 0.40959533309936536 0.0933237228393562 0.30563846 0.30763847 "" "" 0.6612782896464577 "" 0.2021775519362945 "" 0.8
121.87504262738 -48.33718437465 0.025 0.0288 64.8357 "" "" 5517651335926163584 338.948425 2.909 0.0296 -6.153 9.583 0.034 0.038 1.124 3549.1 4.0476 15.675275 2.435608 16.97681 14.541203 "" "" 335.029999 342.481171 10111.99489 25.497 2211.5 33.556 12097.0 75.904 "" "" 0.0038841303780535255 0.01670893 0.007790693 0.024499621 121.87504262738 -48.33718437465 338.948425 -6.152999999999998 9.58299999999999 0.37059533309936565 -0.13967627716064435 0.30163848 0.30563846 "" "" 0.6362894557199912 "" 0.1922477934315447 "" 0.9
122.44545334942 -47.52743471804 0.0252 0.0299 14.3737 "" "" 5519191721655810944 333.539551 2.9585 0.0302 -6.284 9.72 0.032 0.038 1.055 3567.5 4.1552 15.677283 2.414741 16.962202 14.547461 "" "" 330.82962 336.242462 10093.30857 37.708 2241.5 44.544 12027.0 105.95 "" "" 0.004903561938562191 0.02175585 0.010284249 0.032040097 122.44545334942 -47.52743471804 333.539551 -6.284000000000001 9.720000000000002 0.23959533309936543 -0.0026762771606438918 0.29963848 0.30563846 "" "" 0.3788184540859835 "" 0.11350887214894556 "" 1.0
122.18620043074 -47.11636913967 0.0237 0.0297 12.5361 "" "" 5519262124761622016 335.104767 2.9397 0.0295 -6.54 9.614 0.032 0.033 1.04 3531.1 4.0133 15.679106 2.490045 17.022331 14.532287 "" "" 331.30423 338.76416 10076.37616 19.484 2120.7 20.056 12197.0 51.955 "" "" 0.0034640045000331712 0.010640423 0.0059726927 0.016613115 122.18620043074 -47.11636913967 335.104767 -6.540000000000001 9.614000000000004 -0.0164046669006348 -0.10867627716064376 0.29963848 0.30063847 "" "" 0.17457661036267985 "" 0.052480561643657817 "" 1.0
120.83051563541 -46.954945721 0.0221 0.0247 64.6597 "" "" 5518020947931444992 345.913818 2.8497 0.0262 -6.473 9.3 0.032 0.033 1.033 3612.1 4.2722 15.737555 2.424851 17.02827 14.603419 "" "" 342.521271 348.921204 9548.27876 9.1213 2109.2 13.274 11423.0 30.14 "" "" 0.002944068737811199 0.007380669 0.0047424193 0.012123088 120.83051563541 -46.954945721 345.913818 -6.472999999999998 9.300000000000008 0.05059533309936537 -0.4226762771606438 0.29963848 0.30063847 "" "" 0.6979807925413026 "" 0.20983003196820618 "" 0.8
122.48424268005 -47.07643576734 0.0276 0.0334 14.8467 "" "" 5519274116311313024 341.255432 2.8843 0.0334 -6.624 9.841 0.037 0.046 1.078 3510.6 4.0204 15.739191 2.481177 17.054708 14.573531 "" "" 337.744019 345.000854 9533.89321 36.105 2058.4 40.566 11742.0 128.22 "" "" 0.004949531542675169 0.02157834 0.012443807 0.034022145 122.48424268005 -47.07643576734 341.255432 -6.624000000000005 9.841000000000001 -0.10040466690063443 0.11832372283935477 0.30463848 0.31363848 "" "" 0.25101552833209123 "" 0.07779038579990367 "" 1.0
122.7011540868 -47.767992623 0.0244 0.0268 31.7952 "" "" 5516193868844988288 344.407196 2.8588 0.0283 -6.528 9.599 0.032 0.037 1.094 3516.6 4.0043 15.757915 2.514987 17.116306 14.601319 "" "" 341.400665 347.342773 9370.89187 15.342 1944.9 15.105 11445.0 42.822 "" "" 0.0032789517595353795 0.008881964 0.0055485377 0.0144305015 122.7011540868 -47.767992623 344.407196 -6.5280000000000005 9.599 -0.004404666900634346 -0.12367627716064433 0.29963848 0.30463848 "" "" 0.2020283029256821 "" 0.061544325003895645 "" 0.9
123.18638292657 -47.57932687174 0.0249 0.0271 38.5364 "" "" 5516199744360532352 342.986633 2.8756 0.0296 -6.632 9.587 0.035 0.033 1.09 3548.7 4.0526 15.767349 2.463878 17.09222 14.628343 "" "" 339.482758 346.592255 9289.81611 21.909 1988.5 21.972 11164.0 64.236 "" "" 0.0037614360777184783 0.012317067 0.007301424 0.01961849 123.18638292657 -47.57932687174 342.986633 -6.632 9.587 -0.10840466690063444 -0.1356762771606448 0.30263847 0.30063847 "" "" 0.2823374564850998 "" 0.08510196932310933 "" 0.9
121.12908440352 -47.76159464295 0.0244 0.0306 55.9816 "" "" 5517742015575782400 332.555115 2.969 0.0292 -6.228 10.14 0.036 0.043 0.976 3518.2 4.048 15.818275 2.523837 17.187292 14.663455 "" "" 329.357635 335.888641 8864.13673 14.683 1821.8 17.793 10809.0 42.57 "" "" 0.003290330627981554 0.01096501 0.0057068644 0.016671874 121.12908440352 -47.76159464295 332.555115 -6.227999999999996 10.14 0.2955953330993655 0.41732372283935604 0.30363846 0.3106385 "" "" 0.8061344025306719 "" 0.24854536223104517 "" 1.0
122.5303313205 -47.7446172054 0.0256 0.0306 27.8299 "" "" 5519173682793342720 340.378265 2.9069 0.0305 -6.242 9.875 0.032 0.04 1.005 3513.6 4.0413 15.863588 2.514577 17.225737 14.71116 "" "" 336.856659 344.35611 8501.80825 14.724 1758.4 16.241 10344.0 39.589 "" "" 0.0033357918231058437 0.010409042 0.005617017 0.01602606 122.5303313205 -47.7446172054 340.378265 -6.241999999999997 9.875 0.28159533309936524 0.15232372283935547 0.29963848 0.30763847 "" "" 0.5165338733153843 "" 0.15571844513381253 "" 0.9
121.22628822475 -46.60158962951 0.0274 0.0306 61.6929 "" "" 5519532879500144256 327.210632 3.0131 0.0313 -6.587 10.012 0.034 0.036 0.996 3537.7 4.3339 15.89799 2.586528 17.289892 14.703364 "" "" 324.039337 330.253052 8236.6489 14.074 1657.5 14.484 10419.0 45.238 "" "" 0.003321681122264854 0.0098894285 0.0060420823 0.015931511 121.22628822475 -46.60158962951 327.210632 -6.586999999999996 10.012 -0.06340466690063451 0.2893237228393559 0.30163848 0.30363846 "" "" 0.45938390425982456 "" 0.13944465079217874 "" 0.8
122.95536496277 -46.49643697587 0.0263 0.0295 54.6354 "" "" 5519399976032924544 341.383209 2.8836 0.0308 -6.514 9.424 0.036 0.035 0.99 3526.5 4.1188 15.923814 2.462273 17.250204 14.787931 "" "" 337.825836 344.565155 8043.05984 8.758 1719.2 11.365 9638.0 22.124 "" "" 0.0029982487761346715 0.00770066 0.0045271744 0.012227834 122.95536496277 -46.49643697587 341.383209 -6.514 9.423999999999989 0.009595333099365 -0.29867627716064504 0.30363846 0.30263847 "" "" 0.4835542759953611 "" 0.1463426261685575 "" 1.0
122.3596983736 -47.62403709329 0.0276 0.0358 19.4295 "" "" 5519188732358565888 334.960419 2.936 0.0354 -6.734 9.624 0.037 0.039 1.063 3508.5 4.0987 15.943069 2.510569 17.303722 14.793154 "" "" 331.283051 339.483612 7901.67924 12.503 1636.5 12.861 9591.7 40.427 "" "" 0.003247038492417919 0.008977242 0.0059350543 0.014912296 122.3596983736 -47.62403709329 334.960419 -6.733999999999998 9.623999999999995 -0.21040466690063475 -0.09867627716064398 0.30463848 0.30663848 "" "" 0.36897537980140527 "" 0.11253750091223311 "" 1.0
122.82245582463 -46.22094611377 0.0266 0.0296 67.8707 "" "" 5519597304008931328 330.917816 2.9857 0.0318 -6.609 9.909 0.037 0.034 1.058 3479.8 4.0398 15.957599 2.554203 17.340984 14.786781 "" "" 326.81308 333.893219 7796.63619 10.455 1581.3 15.245 9648.2 44.551 "" "" 0.0031163323410868305 0.010832858 0.0062783966 0.017111255 122.82245582463 -46.22094611377 330.917816 -6.609 9.909 -0.08540466690063475 0.18632372283935617 0.30463848 0.30163848 "" "" 0.3214973134682128 "" 0.09714410602036712 "" 1.0
123.80029844961 -47.39449690007 0.0304 0.0319 60.0061 "" "" 5516288323766207104 327.042908 3.02 0.0352 -6.809 9.858 0.04 0.038 1.091 3475.1 4.0475 15.963975 2.57765 17.367796 14.790146 "" "" 322.985992 330.714417 7750.98229 16.892 1542.8 14.626 9618.3 48.09 "" "" 0.003631889241018916 0.010664429 0.0066145645 0.017278994 123.80029844961 -47.39449690007 327.042908 -6.808999999999999 9.858 -0.28540466690063493 0.135323722839356 0.30763847 0.30563846 "" "" 0.4896428726626351 "" 0.15045371143896824 "" 0.9
122.10889595971 -48.17676997537 0.0261 0.0314 53.3144 "" "" 5514657576223063040 341.652069 2.8882 0.0324 -6.318 9.711 0.034 0.036 1.01 3473.8 4.0261 15.969595 2.556443 17.357891 14.801448 "" "" 338.040131 345.934784 7710.96647 10.269 1556.9 13.708 9518.7 26.053 "" "" 0.00311166643752802 0.009958421 0.0048077754 0.014766196 122.10889595971 -48.17676997537 341.652069 -6.318 9.711 0.20559533309936562 -0.011676277160644233 0.30163848 0.30363846 "" "" 0.3334839266398503 "" 0.10059373744393747 "" 1.0
122.93710546022 -46.30263049992 0.0287 0.0349 64.8621 "" "" 5519405370511678080 358.487823 2.7541 0.0364 -6.414 8.87 0.038 0.039 1.097 3549.7 4.1488 15.973596 2.517021 17.333748 14.816727 "" "" 353.432861 363.255463 7682.60694 23.064 1591.9 21.661 9385.7 79.253 "" "" 0.004268031906310631 0.015034791 0.009916424 0.024951216 122.93710546022 -46.30263049992 358.487823 -6.414 8.869999999999997 0.10959533309936553 -0.8526762771606453 0.30563846 0.30663848 "" "" 1.4608140616475735 "" 0.44791809922564163 "" 0.9
122.22786766945 -48.15512676409 0.0257 0.0303 51.427 "" "" 5516157962918117120 346.868866 2.8369 0.0309 -6.336 9.209 0.034 0.038 1.021 3452.1 3.9518 15.974855 2.874159 17.605852 14.731693 "" "" 343.100739 350.597351 7673.69264 6.95 1239.0 12.087 10150.0 22.213 "" "" 0.0029255343683858015 0.010953181 0.004464258 0.01541744 122.22786766945 -48.15512676409 346.868866 -6.336 9.209 0.18759533309936494 -0.5136762771606449 0.30163848 0.30563846 "" "" 0.8991236751415892 "" 0.2743860014578711 "" 0.8
122.58682086126 -46.74843966278 0.0278 0.0342 34.758 "" "" 5519296999896688256 350.42038 2.8125 0.0343 -6.56 9.441 0.036 0.041 1.072 3552.2 4.1828 15.983236 2.508452 17.343815 14.835363 "" "" 346.086273 353.721161 7614.68911 5.372 1577.2 7.589 9226.0 17.103 "" "" 0.002859805880370135 0.005922635 0.0042819115 0.010204546 122.58682086126 -46.74843966278 350.42038 -6.559999999999999 9.441000000000004 -0.036404666900634375 -0.2816762771606438 0.30363846 0.30863848 "" "" 0.47175355270973174 "" 0.14556285671678298 "" 0.8
122.48251684242 -47.26178397781 0.0276 0.0355 6.6079 "" "" 5519267622320735104 340.696014 2.8947 0.0372 -7.043 9.584 0.034 0.047 1.007 3521.5 4.1624 15.987767 2.510598 17.350548 14.83995 "" "" 336.991516 345.293976 7582.98165 4.6974 1567.5 8.9653 9187.1 15.473 "" "" 0.0028362208841004152 0.00680789 0.0041985153 0.011006406 122.48251684242 -47.26178397781 340.696014 -7.042999999999998 9.58400000000001 -0.5194046669006349 -0.1386762771606449 0.30163848 0.31463847 "" "" 0.8681675935288674 "" 0.26263880961751274 "" 0.9
122.44234452961 -47.7581642635 0.0343 0.04 27.8117 "" "" 5519175263341270528 343.004364 2.8789 0.0407 -6.659 9.79 0.045 0.055 1.199 3534.1 4.2677 15.999285 2.780026 17.563324 14.783298 "" "" 338.14743 347.201141 7502.96173 5.459 1288.5 8.4238 9679.2 16.794 "" "" 0.002866326044950761 0.007626888 0.0042228545 0.011849742 122.44234452961 -47.7581642635 343.004364 -6.659 9.79 -0.13540466690063457 0.06732372283935462 0.31263846 0.32263848 "" "" 0.24585650551720412 "" 0.0773577256987756 "" 0.9
120.62816624842 -47.69816301088 0.0298 0.0288 73.014 "" "" 5517922198041239040 331.417755 2.9841 0.0329 -6.497 10.225 0.042 0.034 1.045 3570.7 4.364 16.000397 2.669029 17.480091 14.811062 "" "" 328.459381 335.256622 7495.27741 9.1045 1391.2 12.757 9434.8 27.096 "" "" 0.0030546902865112788 0.010339548 0.004899651 0.015239199 120.62816624842 -47.69816301088 331.417755 -6.497000000000001 10.224999999999998 0.026595333099365348 0.5023237228393551 0.30963847 0.30163848 "" "" 0.7902156786723662 "" 0.2383773640741952 "" 1.0
122.46125934095 -47.27864153509 0.0302 0.0371 5.477 "" "" 5519267587960995328 332.101227 2.9737 0.0392 -6.414 9.702 0.038 0.046 1.091 3502.5 4.1004 16.013165 2.553107 17.405142 14.852035 "" "" 327.562653 336.416077 7407.65442 7.0965 1490.6 11.627 9085.4 21.097 "" "" 0.0029451079157675137 0.008916758 0.0045431256 0.013459884 122.46125934095 -47.27864153509 332.101227 -6.414 9.702000000000002 0.10959533309936553 -0.020676277160644574 0.30563846 0.31363848 "" "" 0.1755639594116681 "" 0.053707980366302414 "" 0.9
122.41930035251 -47.36296358666 0.1285 0.1627 5.1853 "" "" 5519219724843290752 342.703308 2.8905 0.1644 -6.883 9.975 0.164 0.207 4.321 "" "" 16.028076 2.108676 16.868004 14.759328 "" "" 327.661346 356.411682 7306.61506 34.077 2444.6 78.008 9895.3 81.857 "" "" 0.00576480864820438 0.03475837 0.0097443275 0.044502698 122.41930035251 -47.36296358666 342.703308 -6.883000000000006 9.974999999999998 -0.3594046669006348 0.2523237228393551 0.43163848 0.47463846 "" "" 0.7133358424064576 "" 0.3183572268936408 "" 1.0
123.05200612694 -47.28962217069 0.0283 0.0278 29.3596 "" "" 5519209554361184768 329.256348 2.9957 0.0317 -6.399 9.742 0.038 0.034 1.0 3471.9 4.0357 16.037058 2.616983 17.478838 14.861855 "" "" 325.755646 332.589691 7246.42669 6.5947 1392.8 9.009 9003.6 21.49 "" "" 0.0029271328100128387 0.007556797 0.0045825094 0.012139306 123.05200612694 -47.28962217069 329.256348 -6.399 9.742 0.12459533309936521 0.01932372283935635 0.30563846 0.30163848 "" "" 0.19677757055677417 "" 0.06012442430933986 "" 1.0
121.95450022711 -47.7433929018 0.0273 0.0341 30.6191 "" "" 5519184987146849920 331.621185 2.9796 0.0342 -6.613 10.153 0.037 0.039 1.066 3483.0 4.1195 16.052952 2.633619 17.510563 14.876944 "" "" 327.709442 335.009613 7141.11417 7.3816 1352.7 8.6473 8879.3 24.078 "" "" 0.0029751211675068633 0.0074805333 0.004790823 0.012271356 121.95450022711 -47.7433929018 331.621185 -6.613000000000001 10.153000000000002 -0.0894046669006352 0.43032372283935594 0.30463848 0.30663848 "" "" 0.6908636781644786 "" 0.21178839221561985 "" 0.9
123.10424653558 -47.50483082518 0.0276 0.0302 33.7144 "" "" 5516203970608218752 332.062408 2.9719 0.0336 -6.503 9.664 0.038 0.036 1.06 3471.7 4.0506 16.076887 2.609786 17.51543 14.905644 "" "" 328.441193 336.296722 6985.41456 12.797 1346.6 11.639 8647.7 38.573 "" "" 0.0033982363566581303 0.009790298 0.006143092 0.01593339 123.10424653558 -47.50483082518 332.062408 -6.503 9.664 0.02059533309936512 -0.05867627716064483 0.30563846 0.30363846 "" "" 0.09787893916131203 "" 0.02974134523846527 "" 1.0
122.70671310084 -47.22532985259 0.0285 0.0328 15.9659 "" "" 5519227421425111424 333.825958 2.9564 0.0345 -6.699 10.101 0.037 0.042 1.011 "" "" 16.077675 2.61396 17.51027 14.896309 "" "" 330.639984 337.924591 6980.3459 13.368 1353.0 16.651 8722.4 47.131 "" "" 0.0034518416919116857 0.013650064 0.006978687 0.02062875 122.70671310084 -47.22532985259 333.825958 -6.699 10.101 -0.1754046669006346 0.37832372283935634 0.30463848 0.30963847 "" "" 0.6598463031441754 "" 0.20373396827986118 "" 1.0
122.39010947028 -47.37455322672 0.0477 0.0593 5.0411 "" "" 5519219896641977216 338.295013 2.9045 0.0638 -6.962 9.697 0.059 0.064 1.131 3445.2 4.012 16.094122 2.59921 17.510593 14.911384 "" "" 330.6073 346.253784 6875.40081 15.667 1352.6 25.6 8602.1 44.305 "" "" 0.003703081808368018 0.020737758 0.0067494423 0.0274872 122.39010947028 -47.37455322672 338.295013 -6.962 9.697000000000001 -0.4384046669006345 -0.025676277160645355 0.32663846 0.3316385 "" "" 0.7041945833387963 "" 0.23002916241506044 "" 1.0
