Clusters/Gulliver_26/Gulliver_26_stars_in_region.tsv
# %ECSV 1.0
# ---
# datatype:
# - name: RA_ICRS_1
#   unit: deg
#   datatype: float64
#   format: '{:15.11f}'
#   description: Right ascension (ICRS) at Ep=2016.0 (ra)
#   meta: !!omap
#   - {ucd: POS_EQ_RA_MAIN}
#   - {width: 15}
#   - {precision: '11'}
# - name: DE_ICRS_1
#   unit: deg
#   datatype: float64
#   format: '{:15.11f}'
#   description: Declination (ICRS) at Ep=2016.0 (dec)
#   meta: !!omap
#   - {ucd: POS_EQ_DEC_MAIN}
#   - {width: 15}
#   - {precision: '11'}
# - name: e_RA_ICRS
#   unit: mas
#   datatype: float64
#   format: '{:7.4f}'
#   description: Standard error of right ascension (ra_error)
#   meta: !!omap
#   - {ucd: ERROR}
#   - {width: 7}
#   - {precision: '4'}
# - name: e_DE_ICRS
#   unit: mas
#   datatype: float64
#   format: '{:7.4f}'
#   description: Standard error of declination (dec_error)
#   meta: !!omap
#   - {ucd: ERROR}
#   - {width: 7}
#   - {precision: '4'}
# - name: _r_1
#   unit: ''
#   datatype: float64
#   format: '{:7.4f}'
#   description: Distance from center (080.70520876000+35.27719495000)[ICRS], at Epoch=J2016.0
#   meta: !!omap
#   - {ucd: POS_ANG_DIST_GENERAL}
#   - {width: 7}
#   - {precision: '4'}
# - name: HIP
#   datatype: int32
#   description: '? HIP cross-id number, van Leeuwen, Cat. I/311 (hip_original_ext_source_id)'
#   meta: !!omap
#   - {ucd: ID_NUMBER}
#   - {width: 6}
#   - values: {'null': -2147483648}
# - name: TYC2
#   datatype: string
#   description: Tycho-2 cross-id name, Hog et al., Cat. I/259 (tyc2_original_ext_source_id)
#   meta: !!omap
#   - {ucd: ID_CROSSID}
#   - {_votable_string_dtype: char}
# - name: Source
#   datatype: int64
#   description: Source identifier, identical to the Gaia-EDR3 source_id (id)
#   meta: !!omap
#   - {ucd: ID_MAIN}
#   - {width: 19}
# - name: rgeo
#   unit: pc
#   datatype: float64
#   format: '{:15.8f}'
#   description: '? Median of the geometric distance posterior (r_med_geo)'
#   meta: !!omap
#   - {ucd: PHYS_DISTANCE_TRUE}
#   - {width: 15}
#   - {precision: '8'}
#   - values: {'null': .nan}
# - name: Plx
#   unit: mas
#   datatype: float64
#   format: '{:9.4f}'
#   description: '? Parallax (parallax)'
#   meta: !!omap
#   - {ucd: POS_PARLX_TRIG}
#   - {width: 9}
#   - {precision: '4'}
#   - values: {'null': .nan}
# - name: e_Plx
#   unit: mas
#   datatype: float32
#   format: '{:7.4f}'
#   description: '? Standard error of parallax (parallax_error)'
#   meta: !!omap
#   - {ucd: ERROR}
#   - {width: 7}
#   - {precision: '4'}
#   - values: {'null': .nan}
# - name: pmRA
#   unit: mas / yr
#   datatype: float64
#   format: '{:9.3f}'
#   description: '? Proper motion in right ascension direction, pmRA*cosDE (pmra)'
#   meta: !!omap
#   - {ucd: POS_EQ_PMRA}
#   - {width: 9}
#   - {precision: '3'}
#   - values: {'null': .nan}
# - name: pmDE
#   unit: mas / yr
#   datatype: float64
#   format: '{:9.3f}'
#   description: '? Proper motion in declination direction (pmdec)'
#   meta: !!omap
#   - {ucd: POS_EQ_PMDEC}
#   - {width: 9}
#   - {precision: '3'}
#   - values: {'null': .nan}
# - name: e_pmRA
#   unit: mas / yr
#   datatype: float32
#   format: '{:6.3f}'
#   description: '? Standard error of proper motion in right ascension direction (pmra_error)'
#   meta: !!omap
#   - {ucd: ERROR}
#   - {width: 6}
#   - {precision: '3'}
#   - values: {'null': .nan}
# - name: e_pmDE
[...]
#         unit: &id001 !astropy.units.Unit {unit: deg}
#         value: !astropy.table.SerializedColumn {name: SkyCoord.dec}
#       distance: !astropy.table.SerializedColumn
#         __class__: astropy.coordinates.distances.Distance
#         unit: !astropy.units.Unit {unit: pc}
#         value: !astropy.table.SerializedColumn {name: SkyCoord.distance}
#       frame: icrs
#       obstime: !astropy.time.Time {format: jyear_str, in_subfmt: '*', jd1: 367701545.0, jd2: 0.0, out_subfmt: '*', precision: 3, scale: tt}
#       pm_dec: !astropy.table.SerializedColumn
#         __class__: astropy.units.quantity.Quantity
#         unit: !astropy.units.Unit {unit: mas / yr}
#         value: !astropy.table.SerializedColumn {name: SkyCoord.pm_dec}
#       pm_ra_cosdec: !astropy.table.SerializedColumn
#         __class__: astropy.units.quantity.Quantity
#         unit: !astropy.units.Unit {unit: mas / yr}
#         value: !astropy.table.SerializedColumn {name: SkyCoord.pm_ra_cosdec}
#       ra: !astropy.table.SerializedColumn
#         __class__: astropy.coordinates.angles.Longitude
#         unit: *id001
#         value: !astropy.table.SerializedColumn {name: SkyCoord.ra}
#         wrap_angle: !astropy.coordinates.Angle
#           unit: *id001
#           value: 360.0
#       representation_type: spherical
# schema: astropy-2.0
RA_ICRS_1 DE_ICRS_1 e_RA_ICRS e_DE_ICRS _r_1 HIP TYC2 Source rgeo Plx e_Plx pmRA pmDE e_pmRA e_pmDE RUWE Teff logg Gmag BP-RP BPmag RPmag RV e_RV b_rgeo B_rgeo FG e_FG FBP e_FBP FRP e_FRP RAVE5 RAVE6 e_Gmag e_BPmag e_RPmag e_BP-RP SkyCoord.ra SkyCoord.dec SkyCoord.distance SkyCoord.pm_ra_cosdec SkyCoord.pm_dec
[from data line 249]
80.66205221204 35.23136354973 0.0602 0.0445 3.4689 "" "" 183681358817903232 2445.78784 0.3879 0.0685 1.708 -2.749 0.076 0.054 1.004 5624.4 4.6525 16.71856 1.242367 17.261732 16.019365 "" "" 2092.29126 2866.65405 3868.3226 3.1993 1701.1 16.063 3100.4 14.743 "" "" 0.002897951002732563 0.010625188 0.0063983677 0.017023556 80.66205221204 35.23136354973 2445.78784 1.7079999999999997 -2.7489999999999997
80.61683722556 35.20963401741 0.057 0.0437 5.9317 "" "" 183681388879395072 3007.3938 0.3294 0.0641 4.824 -3.231 0.071 0.052 0.995 "" "" 16.720129 1.594053 17.470688 15.876635 "" "" 2430.68384 5206.73047 3862.73994 2.8217 1403.3 10.957 3535.9 9.3097 "" "" 0.0028671991525439757 0.008924811 0.004738731 0.0136635415 80.61683722556 35.20963401741 3007.3938 4.823999999999999 -3.230999999999999
80.54019884571 35.13285271932 0.0625 0.0423 11.8511 "" "" 183586865239657344 2571.63477 0.3889 0.0695 0.713 1.097 0.085 0.055 1.002 "" "" 16.721333 1.248055 17.263153 16.015099 "" "" 2232.11621 3201.17236 3858.45596 2.5448 1698.9 15.12 3112.6 13.099 "" "" 0.0028468520777627385 0.010057684 0.0059296894 0.015987374 80.54019884571 35.13285271932 2571.63477 0.713 1.097
80.65536629579 35.02824273962 0.0661 0.0464 15.1359 "" "" 183573396221910656 2234.57886 0.4552 0.0741 -0.139 -3.664 0.089 0.062 1.061 5431.2 4.7021 16.729395 1.264076 17.288916 16.02484 "" "" 1918.8501 2550.99243 3829.91463 2.7159 1659.0 14.672 3084.8 7.8916 "" "" 0.0028608696934547162 0.00999929 0.0046902588 0.014689549 80.65536629579 35.02824273962 2234.57886 -0.139 -3.6639999999999997
80.74291333564 35.17657581336 0.0599 0.0427 6.3137 "" "" 183668813215865984 2466.46338 0.3724 0.0674 0.297 -1.39 0.078 0.056 1.043 "" "" 16.733194 1.176056 17.236303 16.060247 "" "" 2139.4126 2886.13525 3816.53261 2.6422 1741.4 11.687 2985.8 14.732 "" "" 0.0028560078794632507 0.0078025986 0.00655604 0.014358639 80.74291333564 35.17657581336 2466.46338 0.297 -1.3899999999999997
80.58742473474 35.51331469945 0.0595 0.048 15.2937 "" "" 183736643636865152 2202.51489 0.4425 0.0675 1.477 0.012 0.072 0.055 1.066 "" "" 16.736532 1.575637 17.464327 15.88869 "" "" 1920.9176 2449.52661 3804.81478 2.6995 1411.5 12.184 3496.9 14.205 "" "" 0.002860977176529076 0.00977854 0.005808248 0.015586788 80.58742473474 35.51331469945 2202.51489 1.477 0.011999999999999986
80.49310361032 35.30677810917 0.0581 0.044 10.538 "" "" 183638924540656768 2457.17065 0.3915 0.0659 1.739 -2.249 0.072 0.052 0.917 5562.2 4.6615 16.741447 1.233011 17.270615 16.037603 "" "" 2099.04736 2880.23364 3787.63488 2.4142 1687.2 17.792 3048.7 15.02 "" "" 0.0028408986134089652 0.011784467 0.006549538 0.018334005 80.49310361032 35.30677810917 2457.17065 1.739 -2.249
80.7827802462 35.33649667898 0.056 0.0429 5.2045 "" "" 183683897141241856 3005.23877 0.3147 0.0616 -0.04 -1.246 0.071 0.052 1.046 "" "" 16.745287 1.249618 17.291798 16.04218 "" "" 2601.39648 3675.51221 3774.25932 2.447 1654.6 15.155 3035.9 12.763 "" "" 0.0028438178861472834 0.010328604 0.005926048 0.016254652 80.7827802462 35.33649667898 3005.23877 -0.039999999999999994 -1.246
80.7746231441 35.06902749622 0.0623 0.0449 12.9457 "" "" 183666859008323712 2376.68188 0.4239 0.0704 0.649 -1.113 0.074 0.055 1.009 8531.2 4.4712 16.746855 1.528236 17.441017 15.912781 "" "" 1997.17346 3041.53271 3768.81352 2.5391 1442.1 14.534 3420.2 9.9747 "" "" 0.002850762170770901 0.011292563 0.0049305307 0.016223093 80.7746231441 35.06902749622 2376.68188 0.6489999999999999 -1.113
80.59114773622 35.35999364834 0.0644 0.0474 7.4741 "" "" 183686375339680128 2237.48022 0.4448 0.0767 2.47 0.068 0.081 0.062 1.006 5587.8 4.6453 16.763288 1.435592 17.402796 15.967204 "" "" 1867.9718 2596.35522 3712.20257 2.8682 1493.8 11.895 3252.9 15.897 "" "" 0.0028801937994102026 0.009084704 0.006514412 0.015599117 80.59114773622 35.35999364834 2237.48022 2.47 0.06799999999999998
80.61477229905 35.46390936401 0.0568 0.0452 12.045 "" "" 183735234887601152 2752.94409 0.3473 0.065 0.105 -0.812 0.069 0.052 0.976 "" "" 16.768017 1.568193 17.49542 15.927227 "" "" 2320.47681 3335.29077 3696.07016 2.448 1371.7 10.603 3375.0 10.379 "" "" 0.0028476146107092697 0.008844204 0.005043026 0.01388723 80.61477229905 35.46390936401 2752.94409 0.10500000000000001 -0.812
80.90122984855 35.23944073045 0.0609 0.0469 9.8673 "" "" 183669981447058432 2173.17822 0.4613 0.07 1.325 -3.427 0.075 0.055 1.087 5574.4 4.6432 16.77035 1.450013 17.419712 15.969699 "" "" 1838.68884 2595.073 3688.13389 2.602 1470.7 12.865 3245.5 12.992 "" "" 0.002859813797120868 0.009898881 0.005759684 0.015658565 80.90122984855 35.23944073045 2173.17822 1.3249999999999997 -3.4269999999999996
80.99438005449 35.21817005985 0.0662 0.0496 14.6052 "" "" 183672425285852672 2233.45874 0.4299 0.0748 2.352 1.382 0.079 0.058 1.139 5459.7 4.6954 16.773287 1.28611 17.315569 16.029459 "" "" 1868.61401 2764.94922 3678.17076 3.0174 1618.8 11.661 3071.7 12.929 "" "" 0.002895706040223663 0.008303878 0.0059302673 0.014234145 80.99438005449 35.21817005985 2233.45874 2.352 1.3819999999999997
80.73510214669 35.21751151574 0.0608 0.0429 3.869 "" "" 183680667325657344 2817.37134 0.3432 0.0666 1.125 -0.933 0.079 0.057 0.975 8549.6 4.481 16.776562 1.524368 17.503658 15.97929 "" "" 2380.67505 3435.7981 3667.0934 2.4617 1361.3 18.574 3216.9 27.785 "" "" 0.0028500894717186187 0.015074587 0.010110654 0.025185242 80.73510214669 35.21751151574 2817.37134 1.125 -0.9329999999999998
80.83294166555 35.25487780329 0.0562 0.0438 6.3991 "" "" 183670943519754752 2284.39087 0.422 0.0658 2.586 -1.6 0.072 0.051 0.877 5163.9 4.3899 16.779173 1.267271 17.340075 16.072803 "" "" 1954.22852 2670.15161 3658.28719 2.4336 1582.7 9.1114 2951.5 9.4556 "" "" 0.002848412543633813 0.0068449317 0.0051363898 0.0119813215 80.83294166555 35.25487780329 2284.39087 2.586 -1.6
80.59302385252 35.50702769416 0.0575 0.0454 14.8416 "" "" 183736639338828544 2199.57788 0.4441 0.0657 -2.612 -2.77 0.07 0.053 1.017 5662.0 4.6319 16.786203 1.379444 17.400549 16.021105 "" "" 1914.56079 2520.81543 3634.6751 2.635 1496.9 11.495 3095.4 11.006 "" "" 0.002865544039038175 0.008792067 0.005402475 0.014194543 80.59302385252 35.50702769416 2199.57788 -2.612 -2.7699999999999996
80.83632276377 35.33169131172 0.0577 0.0434 7.2048 "" "" 183683003788039168 2347.68677 0.3943 0.0658 2.239 -2.063 0.074 0.053 1.049 "" "" 16.794073 1.616211 17.537506 15.921295 "" "" 2069.79126 2791.41162 3608.42501 2.4715 1319.5 11.654 3393.4 13.0 "" "" 0.002853909817650129 0.009987041 0.005620008 0.01560705 80.83632276377 35.33169131172 2347.68677 2.239 -2.063
80.41529364292 35.38819101251 0.063 0.0437 15.6759 "" "" 183640367649664512 2576.62256 0.383 0.0721 1.431 -2.886 0.081 0.056 1.045 5262.4 4.3683 16.795328 1.537811 17.496098 15.958286 "" "" 2144.39526 2968.69312 3604.25627 2.6666 1370.8 9.6523 3279.8 14.41 "" "" 0.002870025588427578 0.0081383055 0.0060859667 0.014224272 80.41529364292 35.38819101251 2576.62256 1.431 -2.8860000000000006
80.82144825362 35.25929483585 0.0596 0.0467 5.7947 "" "" 183670634282115200 3050.04565 0.3243 0.0667 1.843 -1.447 0.075 0.056 1.034 8918.5 4.487 16.815905 1.501316 17.504675 16.003359 "" "" 2485.71973 3766.58472 3536.58925 2.4978 1360.0 12.141 3146.4 11.215 "" "" 0.0028600372350339027 0.0100861965 0.005409301 0.015495498 80.82144825362 35.25929483585 3050.04565 1.843 -1.447
80.57508766427 35.13066030409 0.073 0.0519 10.8626 "" "" 183586693440963072 3037.61011 0.3223 0.0795 -0.885 -3.615 0.101 0.067 1.153 5561.9 4.6241 16.816053 1.516088 17.49574 15.979652 "" "" 2448.28809 3664.18823 3536.10591 3.1025 1371.3 14.362 3215.9 17.116 "" "" 0.0029153451259460125 0.011708522 0.006904793 0.018613316 80.57508766427 35.13066030409 3037.61011 -0.8849999999999999 -3.615
80.91858577955 35.49223496339 0.0572 0.0444 16.5957 "" "" 183692246557961856 2529.3855 0.3703 0.0647 -0.157 -2.445 0.073 0.056 1.012 "" "" 16.828297 1.472886 17.449215 15.976329 "" "" 2183.84595 2845.08276 3496.45827 2.6852 1431.3 20.624 3225.7 13.67 "" "" 0.002878722989584085 0.015891535 0.005954372 0.021845907 80.91858577955 35.49223496339 2529.3855 -0.15699999999999995 -2.445
80.52377664915 35.34813378811 0.0633 0.0458 9.8501 "" "" 183732928486985856 2499.72974 0.3797 0.0721 1.067 -3.638 0.081 0.057 0.896 "" "" 16.828655 1.485163 17.49493 16.009768 "" "" 2130.13745 2928.07031 3495.30095 2.6969 1372.3 11.042 3127.9 11.353 "" "" 0.0028798580795956923 0.009170952 0.005460171 0.014631123 80.52377664915 35.34813378811 2499.72974 1.067 -3.6379999999999995
80.885724855 35.2694013629 0.0624 0.0498 8.8548 "" "" 183670844737897216 2788.64478 0.3483 0.0743 1.842 -2.949 0.076 0.057 1.067 "" "" 16.844004 1.45204 17.498138 16.046099 "" "" 2325.34888 3796.60156 3446.23799 2.4457 1368.2 13.366 3025.0 17.741 "" "" 0.0028610287960904703 0.010967452 0.007404748 0.0183722 80.885724855 35.2694013629 2788.64478 1.842 -2.949
80.7176691761 35.02093808449 0.0686 0.048 15.3876 "" "" 183572880827020416 2199.80103 0.4714 0.0776 4.792 -1.367 0.091 0.063 0.884 4991.5 4.5262 16.850107 1.603252 17.613935 16.010683 "" "" 1817.57397 2564.61719 3426.91902 2.9582 1229.8 10.982 3125.3 12.317 "" "" 0.0029103602484046634 0.010089014 0.005709043 0.015798056 80.7176691761 35.02093808449 2199.80103 4.791999999999999 -1.367
81.035039231 35.30891495403 0.061 0.0467 16.2643 "" "" 183673383061267968 2855.73999 0.3307 0.0751 1.106 -1.726 0.073 0.056 0.976 9442.2 4.3195 16.850412 1.470749 17.516064 16.045315 "" "" 2337.55713 3584.89624 3425.95472 2.5623 1345.8 9.5483 3027.1 12.132 "" "" 0.0028724874024421932 0.008192922 0.005763548 0.01395647 81.035039231 35.30891495403 2855.73999 1.1059999999999999 -1.726
80.85255403101 35.03617209173 0.0753 0.0498 16.1671 "" "" 183662941998147072 2178.19775 0.4552 0.084 1.436 -3.496 0.096 0.062 1.013 5389.2 4.673 16.857866 1.541943 17.571398 16.029455 "" "" 1901.07678 2534.45459 3402.51494 3.1277 1279.0 14.188 3071.7 12.336 "" "" 0.0029305084454982902 0.012363081 0.0057702903 0.018133372 80.85255403101 35.03617209173 2178.19775 1.436 -3.4960000000000004
80.60555619525 35.19282202701 0.0665 0.0484 7.0341 "" "" 183587522372063488 2940.92676 0.352 0.0739 0.031 -1.127 0.082 0.057 0.963 5424.7 4.6936 16.86244 1.216539 17.378263 16.161724 "" "" 2349.89307 3870.48657 3388.213 2.4337 1528.0 18.532 2719.4 12.991 "" "" 0.002863561111844721 0.01346046 0.006417625 0.019878086 80.60555619525 35.19282202701 2940.92676 0.031 -1.127
80.5814573255 35.21350723917 0.073 0.0517 7.1676 "" "" 183590546029039360 2806.5061 0.3798 0.0763 1.803 -3.295 0.087 0.06 1.013 5414.7 4.5938 16.864801 1.320552 17.302364 15.981813 "" "" 2320.07202 3841.59888 3380.8527 2.9465 1638.6 14.174 3209.5 12.273 "" "" 0.0029132752673373687 0.009797392 0.00561438 0.015411772 80.5814573255 35.21350723917 2806.5061 1.8029999999999995 -3.295
80.57151179601 35.39217941644 0.0617 0.047 9.5091 "" "" 183733482540976256 2667.40063 0.3932 0.0699 0.214 0.292 0.077 0.056 1.019 "" "" 16.87022 1.398981 17.501898 16.102917 "" "" 2153.72095 3333.81348 3364.01964 3.7081 1363.5 13.979 2870.7 12.318 "" "" 0.003004012447258313 0.01147565 0.005999034 0.017474683 80.57151179601 35.39217941644 2667.40063 0.214 0.292
80.59005540049 35.45491367086 0.08 0.0618 12.0601 "" "" 183735299308995072 2492.03418 0.4077 0.0907 -0.237 -0.87 0.099 0.071 1.244 9590.6 4.3724 16.873518 1.638345 17.624722 15.986377 "" "" 2032.93652 3278.3252 3353.81606 3.349 1217.7 14.55 3196.0 12.395 "" "" 0.002960950731693691 0.013269848 0.0056581376 0.018927986 80.59005540049 35.45491367086 2492.03418 -0.2369999999999999 -0.87
81.01412362831 35.33180105955 0.063 0.0493 15.4769 "" "" 183676406718279552 2366.23389 0.4184 0.075 0.214 -1.289 0.081 0.065 0.935 "" "" 16.875599 1.410833 17.515238 16.104404 "" "" 2010.79419 2994.10107 3347.39407 2.5479 1346.9 9.0832 2866.8 11.177 "" "" 0.002876587620961572 0.007835577 0.00567471 0.013510287 81.01412362831 35.33180105955 2366.23389 0.21400000000000002 -1.2889999999999997
80.52862529312 35.21821521724 0.0755 0.0553 9.3483 "" "" 183590683468001664 2254.22778 0.4449 0.0854 5.483 -6.366 0.097 0.066 1.149 4947.2 4.6996 16.88865 1.308145 17.466969 16.158823 "" "" 1928.67285 2615.81421 3307.39805 2.9853 1408.1 12.193 2726.6 12.007 "" "" 0.0029244124613461795 0.0098068835 0.006094559 0.015901443 80.52862529312 35.21821521724 2254.22778 5.483 -6.365999999999999
80.5923508641 35.2078857439 0.0662 0.0484 6.9194 "" "" 183587591091539584 2053.26514 0.4701 0.0722 1.967 -2.242 0.084 0.058 0.995 5617.1 4.6672 16.889874 1.335941 17.481966 16.146025 "" "" 1818.98022 2308.29175 3303.67248 2.594 1388.8 11.463 2759.0 12.191 "" "" 0.0028841906095892194 0.009385859 0.0061073243 0.015493182 80.5923508641 35.2078857439 2053.26514 1.967 -2.242
80.82911421884 35.12783915302 0.0709 0.0496 10.8263 "" "" 183667576265233664 2769.17578 0.3559 0.0803 0.874 -2.566 0.089 0.064 1.04 8707.0 4.3247 16.890047 1.474968 17.565163 16.090195 "" "" 2333.65967 3431.69482 3303.1461 2.724 1286.3 13.072 2904.6 12.83 "" "" 0.0028971504672420773 0.011381089 0.006106046 0.017487135 80.82911421884 35.12783915302 2769.17578 0.8740000000000001 -2.5659999999999994
80.75989120203 35.02854657695 0.0669 0.0492 15.1582 "" "" 183569994608999168 2252.12354 0.4435 0.0751 0.321 -5.154 0.084 0.06 1.044 5074.8 4.7508 16.898378 1.276365 17.457157 16.180792 "" "" 1955.625 2737.49219 3277.89981 2.8033 1420.9 15.857 2672.0 11.331 "" "" 0.0029075705024305017 0.012433734 0.005956725 0.018390458 80.75989120203 35.02854657695 2252.12354 0.32099999999999995 -5.154000000000001
81.02609514375 35.21006568956 0.0603 0.0471 16.2318 "" "" 183671703731341568 2605.1731 0.3663 0.0715 -0.113 -1.062 0.075 0.056 1.059 5035.0 4.3403 16.910208 1.54101 17.623007 16.081997 "" "" 2276.57935 3110.56299 3242.37531 2.4579 1219.6 7.6399 2926.6 13.747 "" "" 0.0028756212510425666 0.0073514148 0.0063477214 0.013699137 81.02609514375 35.21006568956 2605.1731 -0.11299999999999999 -1.0620000000000003
80.54271981181 35.08693692961 0.0737 0.0507 13.9215 "" "" 183585078533130112 2840.13525 0.3311 0.0832 0.222 -1.869 0.102 0.065 1.066 5196.1 4.6794 16.911911 1.454666 17.573826 16.11916 "" "" 2373.63916 3532.09521 3237.29358 2.7296 1276.1 12.764 2828.1 10.203 "" "" 0.0029034227337397 0.011212617 0.005443059 0.016655676 80.54271981181 35.08693692961 2840.13525 0.222 -1.8690000000000002
80.73685978239 35.49572886807 0.0611 0.0505 13.2031 "" "" 183694518597598720 2926.34668 0.3169 0.074 0.466 -1.895 0.076 0.059 0.974 5908.9 4.5905 16.922565 1.59083 17.653028 16.062199 "" "" 2507.09497 3727.76685 3205.68349 2.4862 1186.3 16.203 2980.4 21.331 "" "" 0.0028811184707456844 0.015089657 0.008641049 0.023730706 80.73685978239 35.49572886807 2926.34668 0.4660000000000001 -1.8950000000000002
80.67636459673 35.40956133224 0.0651 0.0537 8.0665 "" "" 183687887168133248 2374.37646 0.4303 0.0746 0.794 -4.185 0.082 0.061 1.06 "" "" 16.938026 1.557663 17.65576 16.098097 "" "" 2039.92236 2909.71436 3160.35518 2.5988 1183.3 8.1646 2883.5 14.33 "" "" 0.0028963610391943622 0.007994153 0.006587691 0.014581844 80.67636459673 35.40956133224 2374.37646 0.794 -4.185
80.41272006662 35.13360655348 0.0802 0.0568 16.7284 "" "" 183588926823956608 2370.65527 0.4158 0.0926 2.617 -1.881 0.111 0.069 1.12 5472.3 4.6894 16.940237 1.359219 17.549189 16.18997 "" "" 1962.3595 2881.85742 3153.92791 3.0318 1305.4 12.72 2649.5 11.347 "" "" 0.002946368290860978 0.010941309 0.0059920847 0.016933393 80.41272006662 35.13360655348 2370.65527 2.6169999999999995 -1.8809999999999998
