Clusters/Gulliver_26/Gulliver_26_stars_in_region.tsv
# %ECSV 1.0
# ---
# datatype:
# - name: RA_ICRS_1
#   unit: deg
#   datatype: float64
#   format: '{:15.11f}'
#   description: Right ascension (ICRS) at Ep=2016.0 (ra)
#   meta: !!omap
#   - {ucd: POS_EQ_RA_MAIN}
#   - {width: 15}
#   - {precision: '11'}
# - name: DE_ICRS_1
#   unit: deg
#   datatype: float64
#   format: '{:15.11f}'
#   description: Declination (ICRS) at Ep=2016.0 (dec)
#   meta: !!omap
#   - {ucd: POS_EQ_DEC_MAIN}
#   - {width: 15}
#   - {precision: '11'}
# - name: e_RA_ICRS
#   unit: mas
#   datatype: float64
#   format: '{:7.4f}'
#   description: Standard error of right ascension (ra_error)
#   meta: !!omap
#   - {ucd: ERROR}
#   - {width: 7}
#   - {precision: '4'}
# - name: e_DE_ICRS
#   unit: mas
#   datatype: float64
#   format: '{:7.4f}'
#   description: Standard error of declination (dec_error)
#   meta: !!omap
#   - {ucd: ERROR}
#   - {width: 7}
#   - {precision: '4'}
# - name: _r_1
#   unit: ''
#   datatype: float64
#   format: '{:7.4f}'
#   description: Distance from center (080.70520876000+35.27719495000)[ICRS], at Epoch=J2016.0
#   meta: !!omap
#   - {ucd: POS_ANG_DIST_GENERAL}
#   - {width: 7}
#   - {precision: '4'}
# - name: HIP
#   datatype: int32
#   description: '? HIP cross-id number, van Leeuwen, Cat. I/311 (hip_original_ext_source_id)'
#   meta: !!omap
#   - {ucd: ID_NUMBER}
#   - {width: 6}
#   - values: {'null': -2147483648}
# - name: TYC2
#   datatype: string
#   description: Tycho-2 cross-id name, Hog et al., Cat. I/259 (tyc2_original_ext_source_id)
#   meta: !!omap
#   - {ucd: ID_CROSSID}
#   - {_votable_string_dtype: char}
# - name: Source
#   datatype: int64
#   description: Source identifier, identical to the Gaia-EDR3 source_id (id)
#   meta: !!omap
#   - {ucd: ID_MAIN}
#   - {width: 19}
# - name: rgeo
#   unit: pc
#   datatype: float64
#   format: '{:15.8f}'
#   description: '? Median of the geometric distance posterior (r_med_geo)'
#   meta: !!omap
#   - {ucd: PHYS_DISTANCE_TRUE}
#   - {width: 15}
#   - {precision: '8'}
#   - values: {'null': .nan}
# - name: Plx
#   unit: mas
#   datatype: float64
#   format: '{:9.4f}'
#   description: '? Parallax (parallax)'
#   meta: !!omap
#   - {ucd: POS_PARLX_TRIG}
#   - {width: 9}
#   - {precision: '4'}
#   - values: {'null': .nan}
# - name: e_Plx
#   unit: mas
#   datatype: float32
#   format: '{:7.4f}'
#   description: '? Standard error of parallax (parallax_error)'
#   meta: !!omap
#   - {ucd: ERROR}
#   - {width: 7}
#   - {precision: '4'}
#   - values: {'null': .nan}
# - name: pmRA
#   unit: mas / yr
#   datatype: float64
#   format: '{:9.3f}'
#   description: '? Proper motion in right ascension direction, pmRA*cosDE (pmra)'
#   meta: !!omap
#   - {ucd: POS_EQ_PMRA}
#   - {width: 9}
#   - {precision: '3'}
#   - values: {'null': .nan}
# - name: pmDE
#   unit: mas / yr
#   datatype: float64
#   format: '{:9.3f}'
#   description: '? Proper motion in declination direction (pmdec)'
#   meta: !!omap
#   - {ucd: POS_EQ_PMDEC}
#   - {width: 9}
#   - {precision: '3'}
#   - values: {'null': .nan}
# - name: e_pmRA
#   unit: mas / yr
#   datatype: float32
#   format: '{:6.3f}'
#   description: '? Standard error of proper motion in right ascension direction (pmra_error)'
#   meta: !!omap
#   - {ucd: ERROR}
#   - {width: 6}
#   - {precision: '3'}
#   - values: {'null': .nan}
# - name: e_pmDE
[...]
#         unit: &id001 !astropy.units.Unit {unit: deg}
#         value: !astropy.table.SerializedColumn {name: SkyCoord.dec}
#       distance: !astropy.table.SerializedColumn
#         __class__: astropy.coordinates.distances.Distance
#         unit: !astropy.units.Unit {unit: pc}
#         value: !astropy.table.SerializedColumn {name: SkyCoord.distance}
#       frame: icrs
#       obstime: !astropy.time.Time {format: jyear_str, in_subfmt: '*', jd1: 367701545.0, jd2: 0.0, out_subfmt: '*', precision: 3, scale: tt}
#       pm_dec: !astropy.table.SerializedColumn
#         __class__: astropy.units.quantity.Quantity
#         unit: !astropy.units.Unit {unit: mas / yr}
#         value: !astropy.table.SerializedColumn {name: SkyCoord.pm_dec}
#       pm_ra_cosdec: !astropy.table.SerializedColumn
#         __class__: astropy.units.quantity.Quantity
#         unit: !astropy.units.Unit {unit: mas / yr}
#         value: !astropy.table.SerializedColumn {name: SkyCoord.pm_ra_cosdec}
#       ra: !astropy.table.SerializedColumn
#         __class__: astropy.coordinates.angles.Longitude
#         unit: *id001
#         value: !astropy.table.SerializedColumn {name: SkyCoord.ra}
#         wrap_angle: !astropy.coordinates.Angle
#           unit: *id001
#           value: 360.0
#       representation_type: spherical
# schema: astropy-2.0
RA_ICRS_1 DE_ICRS_1 e_RA_ICRS e_DE_ICRS _r_1 HIP TYC2 Source rgeo Plx e_Plx pmRA pmDE e_pmRA e_pmDE RUWE Teff logg Gmag BP-RP BPmag RPmag RV e_RV b_rgeo B_rgeo FG e_FG FBP e_FBP FRP e_FRP RAVE5 RAVE6 e_Gmag e_BPmag e_RPmag e_BP-RP SkyCoord.ra SkyCoord.dec SkyCoord.distance SkyCoord.pm_ra_cosdec SkyCoord.pm_dec
[from data line 290]
80.67038602645 35.029128516 0.0728 0.0514 14.9817 "" "" 183572743386877312 2835.87915 0.37 0.0838 0.572 -1.321 0.099 0.074 1.033 5513.1 4.6854 16.950684 1.424135 17.600708 16.176573 "" "" 2315.91846 3637.35962 3123.72852 2.6696 1244.9 8.9605 2682.4 11.366 "" "" 0.002907365160271583 0.008298032 0.0059538777 0.01425191 80.67038602645 35.029128516 2835.87915 0.572 -1.321
80.58151684156 35.35021535443 0.072 0.0532 7.4746 "" "" 183686336681760128 2303.58252 0.4148 0.084 3.292 -5.054 0.092 0.067 1.051 5100.5 4.5219 16.96769 1.584133 17.71438 16.130247 "" "" 1910.92786 2839.81274 3075.18417 2.5296 1121.2 12.693 2799.4 17.469 "" "" 0.0028964521535833317 0.012604224 0.007758104 0.020362327 80.58151684156 35.35021535443 2303.58252 3.292 -5.054
80.66619955899 35.53885301421 0.0702 0.0517 15.815 "" "" 183741862020252032 2806.09033 0.3789 0.0787 -0.16 -4.221 0.081 0.062 0.995 5186.7 4.7308 16.973019 1.324955 17.561285 16.23633 "" "" 2298.2124 3685.08569 3060.12445 2.4609 1290.9 14.574 2538.8 17.162 "" "" 0.0028903540170951945 0.012571288 0.008255379 0.020826668 80.66619955899 35.53885301421 2806.09033 -0.15999999999999998 -4.220999999999999
80.4301189945 35.42845908653 0.0698 0.0484 16.2355 "" "" 183737223454324352 2310.74927 0.4432 0.0787 1.905 -1.397 0.089 0.062 1.014 "" "" 16.982738 1.359411 17.575867 16.216455 "" "" 1960.23914 3565.93994 3032.85143 2.4978 1273.7 12.224 2585.7 12.756 "" "" 0.0028967859816487096 0.01078716 0.0065553887 0.017342549 80.4301189945 35.42845908653 2310.74927 1.9049999999999998 -1.3969999999999998
80.62811579424 35.01270401909 0.0761 0.0532 16.314 "" "" 183573430581591424 3055.15063 0.327 0.0893 -0.018 -1.523 0.099 0.073 0.966 5271.3 4.7474 16.982983 1.250071 17.524084 16.274014 "" "" 2408.10693 4035.04468 3032.17363 2.9656 1335.9 9.7425 2452.2 12.373 "" "" 0.0029528658577477507 0.008395314 0.0066554616 0.015050776 80.62811579424 35.01270401909 3055.15063 -0.018000000000000016 -1.5229999999999997
80.61997388254 35.50333319269 0.0697 0.0548 14.1944 "" "" 183735853362876928 2394.7998 0.3941 0.0808 2.607 -3.143 0.088 0.065 1.033 5310.3 4.6816 16.996466 1.520676 17.69731 16.176634 "" "" 2038.828 2828.2019 2994.75041 2.8071 1138.9 10.446 2682.3 12.093 "" "" 0.0029372625370189475 0.010341876 0.006184219 0.016526096 80.61997388254 35.50333319269 2394.7998 2.6069999999999998 -3.143
