Clusters/Gulliver_26/Gulliver_26_stars_in_region.tsv
# %ECSV 1.0
# ---
# datatype:
# - name: RA_ICRS_1
#   unit: deg
#   datatype: float64
#   format: '{:15.11f}'
#   description: Right ascension (ICRS) at Ep=2016.0 (ra)
#   meta: !!omap
#   - {ucd: POS_EQ_RA_MAIN}
#   - {width: 15}
#   - {precision: '11'}
# - name: DE_ICRS_1
#   unit: deg
#   datatype: float64
#   format: '{:15.11f}'
#   description: Declination (ICRS) at Ep=2016.0 (dec)
#   meta: !!omap
#   - {ucd: POS_EQ_DEC_MAIN}
#   - {width: 15}
#   - {precision: '11'}
# - name: e_RA_ICRS
#   unit: mas
#   datatype: float64
#   format: '{:7.4f}'
#   description: Standard error of right ascension (ra_error)
#   meta: !!omap
#   - {ucd: ERROR}
#   - {width: 7}
#   - {precision: '4'}
# - name: e_DE_ICRS
#   unit: mas
#   datatype: float64
#   format: '{:7.4f}'
#   description: Standard error of declination (dec_error)
#   meta: !!omap
#   - {ucd: ERROR}
#   - {width: 7}
#   - {precision: '4'}
# - name: _r_1
#   unit: ''
#   datatype: float64
#   format: '{:7.4f}'
#   description: Distance from center (080.70520876000+35.27719495000)[ICRS], at Epoch=J2016.0
#   meta: !!omap
#   - {ucd: POS_ANG_DIST_GENERAL}
#   - {width: 7}
#   - {precision: '4'}
# - name: HIP
#   datatype: int32
#   description: '? HIP cross-id number, van Leeuwen, Cat. I/311 (hip_original_ext_source_id)'
#   meta: !!omap
#   - {ucd: ID_NUMBER}
#   - {width: 6}
#   - values: {'null': -2147483648}
# - name: TYC2
#   datatype: string
#   description: Tycho-2 cross-id name, Hog et al., Cat. I/259 (tyc2_original_ext_source_id)
#   meta: !!omap
#   - {ucd: ID_CROSSID}
#   - {_votable_string_dtype: char}
# - name: Source
#   datatype: int64
#   description: Source identifier, identical to the Gaia-EDR3 source_id (id)
#   meta: !!omap
#   - {ucd: ID_MAIN}
#   - {width: 19}
# - name: rgeo
#   unit: pc
#   datatype: float64
#   format: '{:15.8f}'
#   description: '? Median of the geometric distance posterior (r_med_geo)'
#   meta: !!omap
#   - {ucd: PHYS_DISTANCE_TRUE}
#   - {width: 15}
#   - {precision: '8'}
#   - values: {'null': .nan}
# - name: Plx
#   unit: mas
#   datatype: float64
#   format: '{:9.4f}'
#   description: '? Parallax (parallax)'
#   meta: !!omap
#   - {ucd: POS_PARLX_TRIG}
#   - {width: 9}
#   - {precision: '4'}
#   - values: {'null': .nan}
# - name: e_Plx
#   unit: mas
#   datatype: float32
#   format: '{:7.4f}'
#   description: '? Standard error of parallax (parallax_error)'
#   meta: !!omap
#   - {ucd: ERROR}
#   - {width: 7}
#   - {precision: '4'}
#   - values: {'null': .nan}
# - name: pmRA
#   unit: mas / yr
#   datatype: float64
#   format: '{:9.3f}'
#   description: '? Proper motion in right ascension direction, pmRA*cosDE (pmra)'
#   meta: !!omap
#   - {ucd: POS_EQ_PMRA}
#   - {width: 9}
#   - {precision: '3'}
#   - values: {'null': .nan}
# - name: pmDE
#   unit: mas / yr
#   datatype: float64
#   format: '{:9.3f}'
#   description: '? Proper motion in declination direction (pmdec)'
#   meta: !!omap
#   - {ucd: POS_EQ_PMDEC}
#   - {width: 9}
#   - {precision: '3'}
#   - values: {'null': .nan}
# - name: e_pmRA
#   unit: mas / yr
#   datatype: float32
#   format: '{:6.3f}'
#   description: '? Standard error of proper motion in right ascension direction (pmra_error)'
#   meta: !!omap
#   - {ucd: ERROR}
#   - {width: 6}
#   - {precision: '3'}
#   - values: {'null': .nan}
# - name: e_pmDE
[...]
#         unit: &id001 !astropy.units.Unit {unit: deg}
#         value: !astropy.table.SerializedColumn {name: SkyCoord.dec}
#       distance: !astropy.table.SerializedColumn
#         __class__: astropy.coordinates.distances.Distance
#         unit: !astropy.units.Unit {unit: pc}
#         value: !astropy.table.SerializedColumn {name: SkyCoord.distance}
#       frame: icrs
#       obstime: !astropy.time.Time {format: jyear_str, in_subfmt: '*', jd1: 367701545.0, jd2: 0.0, out_subfmt: '*', precision: 3, scale: tt}
#       pm_dec: !astropy.table.SerializedColumn
#         __class__: astropy.units.quantity.Quantity
#         unit: !astropy.units.Unit {unit: mas / yr}
#         value: !astropy.table.SerializedColumn {name: SkyCoord.pm_dec}
#       pm_ra_cosdec: !astropy.table.SerializedColumn
#         __class__: astropy.units.quantity.Quantity
#         unit: !astropy.units.Unit {unit: mas / yr}
#         value: !astropy.table.SerializedColumn {name: SkyCoord.pm_ra_cosdec}
#       ra: !astropy.table.SerializedColumn
#         __class__: astropy.coordinates.angles.Longitude
#         unit: *id001
#         value: !astropy.table.SerializedColumn {name: SkyCoord.ra}
#         wrap_angle: !astropy.coordinates.Angle
#           unit: *id001
#           value: 360.0
#       representation_type: spherical
# schema: astropy-2.0
RA_ICRS_1 DE_ICRS_1 e_RA_ICRS e_DE_ICRS _r_1 HIP TYC2 Source rgeo Plx e_Plx pmRA pmDE e_pmRA e_pmDE RUWE Teff logg Gmag BP-RP BPmag RPmag RV e_RV b_rgeo B_rgeo FG e_FG FBP e_FBP FRP e_FRP RAVE5 RAVE6 e_Gmag e_BPmag e_RPmag e_BP-RP SkyCoord.ra SkyCoord.dec SkyCoord.distance SkyCoord.pm_ra_cosdec SkyCoord.pm_dec
[from data line 42]
81.00675708525 35.16110503215 0.0211 0.0162 16.34 "" "" 183665622057758464 2101.96387 0.4364 0.0252 -0.464 -1.473 0.027 0.02 1.029 "" "" 14.641336 2.306759 15.859685 13.552926 -22.4 3.86 2008.6366 2209.41235 26206.69932 9.1498 6187.9 24.002 30060.0 21.951 "" "" 0.002781274209863829 0.005051841 0.0038616492 0.00891349 81.00675708525 35.16110503215 2101.96387 -0.4639999999999999 -1.473
80.37602021847 35.31690643821 0.0233 0.0165 16.2955 "" "" 183639439936748416 2433.58203 0.3667 0.0272 1.086 0.969 0.03 0.022 1.043 "" "" 14.647909 2.14611 15.757695 13.611586 31.67 2.87 2294.10791 2613.25928 26048.51843 8.4046 6797.3 15.351 28479.0 22.879 "" "" 0.0027775006350865008 0.0037144937 0.0038787283 0.007593222 80.37602021847 35.31690643821 2433.58203 1.0859999999999996 0.9689999999999999
80.71128561593 35.20637706953 0.0256 0.0179 4.2595 "" "" 183680637263393664 2350.31519 0.3862 0.0285 2.269 -1.475 0.034 0.024 1.188 8479.6 3.5677 14.671023 1.161814 15.158942 13.997129 "" "" 2216.89941 2519.03345 25499.84185 9.7618 11799.0 20.453 19967.0 30.91 "" "" 0.002786493406721406 0.0033655968 0.004136272 0.0075018685 80.71128561593 35.20637706953 2350.31519 2.2690000000000006 -1.475
80.42262351077 35.4559955707 0.0231 0.0161 17.5002 "" "" 183737399551166080 2903.82202 0.3003 0.0274 2.765 -7.151 0.03 0.021 1.056 5219.5 2.974 14.694017 1.985705 15.693955 13.70825 0.25 3.1 2647.79272 3154.23804 24965.47256 10.026 7208.3 17.708 26053.0 26.337 "" "" 0.002789607125930613 0.0038599456 0.0039355294 0.007795475 80.42262351077 35.4559955707 2903.82202 2.7649999999999997 -7.150999999999998
80.62226765859 35.3164941818 0.0249 0.0184 4.6965 "" "" 183685275828059264 2628.00195 0.3408 0.0296 1.427 -2.863 0.033 0.023 1.152 6410.8 2.5053 14.721855 2.057595 15.766511 13.708916 5.9 2.41 2403.53809 2954.5957 24333.50709 7.6901 6742.4 17.552 26037.0 24.094 "" "" 0.0027766029147827057 0.00397161 0.003910649 0.00788226 80.62226765859 35.3164941818 2628.00195 1.427 -2.8629999999999995
80.5803612414 35.04476575459 0.0237 0.0172 15.2311 "" "" 183583983319052672 2833.854 0.3148 0.0277 0.624 -1.554 0.033 0.023 0.996 9769.5 3.9082 14.747299 0.821301 15.066675 14.245374 "" "" 2655.05298 3056.2002 23769.87561 8.1243 12845.0 35.456 15886.0 25.251 "" "" 0.002780197798220706 0.0040947255 0.004154766 0.008249491 80.5803612414 35.04476575459 2833.854 0.6239999999999999 -1.5540000000000003
80.84372731102 35.37342056947 0.0232 0.0173 8.9058 "" "" 183689188541021952 2342.82422 0.3904 0.0265 0.942 -3.556 0.028 0.021 1.134 "" "" 14.763166 1.399649 15.382225 13.982576 "" "" 2190.12256 2503.17676 23425.03276 6.6332 9605.6 17.64 20236.0 15.96 "" "" 0.0027724198327389545 0.0034293723 0.0038751774 0.0073045497 80.84372731102 35.37342056947 2342.82422 0.942 -3.556000000000001
80.72813531198 35.27325128956 0.0238 0.0171 1.1477 "" "" 183682561408715648 2156.13818 0.4188 0.026 1.896 -2.811 0.03 0.022 1.025 "" "" 14.810566 0.922911 15.181632 14.258721 "" "" 2030.70667 2294.67822 22424.37657 7.2808 11555.0 24.139 15692.0 24.157 "" "" 0.002777779569154778 0.0035957748 0.0041324827 0.007728257 80.72813531198 35.27325128956 2156.13818 1.896 -2.8109999999999995
80.78146468196 35.12134164482 0.0276 0.0204 10.0709 "" "" 183667271325175680 2718.96167 0.3309 0.0327 0.498 -1.737 0.034 0.026 1.259 "" "" 14.827829 1.081479 15.248008 14.166529 "" "" 2521.30908 2948.09033 22070.63898 8.7195 10870.0 41.01 17082.0 63.023 "" "" 0.002788509041740771 0.004956225 0.0055072512 0.010463476 80.78146468196 35.12134164482 2718.96167 0.498 -1.7369999999999999
81.04044571693 35.26046431977 0.0238 0.0177 16.4529 "" "" 183672975041644672 2207.2417 0.4088 0.0288 -0.173 -2.083 0.028 0.021 0.978 9076.2 3.4445 14.831585 0.936965 15.205054 14.268089 "" "" 2094.46826 2379.43921 21994.42722 6.6671 11308.0 22.16 15557.0 20.56 "" "" 0.0027749065839963627 0.0035088616 0.0040426063 0.007551468 81.04044571693 35.26046431977 2207.2417 -0.17299999999999996 -2.083
80.7343502246 35.07647537651 0.026 0.0189 12.1277 "" "" 183573331800122368 2478.39453 0.3606 0.03 0.242 -1.843 0.033 0.024 1.055 5190.5 3.1072 14.834199 1.989753 15.835793 13.846041 -18.58 3.72 2318.47705 2677.31152 21941.53868 7.7662 6325.6 22.022 22948.0 26.167 "" "" 0.002781990792027031 0.0046981513 0.0039769914 0.008675143 80.7343502246 35.07647537651 2478.39453 0.242 -1.843
80.82217502201 35.52210073511 0.4497 0.3458 15.7686 "" "" 183694209359932288 2634.65918 0.8694 0.4948 1.169 2.166 0.582 0.402 20.384 "" "" 14.871933 1.187589 15.095984 13.908396 -64.35 7.93 1496.57996 3790.77612 21192.08089 27.003 12503.0 18.501 21667.0 23.923 "" "" 0.0030831342460172985 0.0032196557 0.003964948 0.0071846037 80.82217502201 35.52210073511 2634.65918 1.169 2.166
80.63211469245 35.32013909428 0.0267 0.0195 4.4103 "" "" 183685275828055808 2161.90186 0.4204 0.0306 0.146 -1.892 0.036 0.025 1.073 9820.1 3.7357 14.880712 0.897248 15.23814 14.340892 "" "" 2013.91687 2296.26587 21021.39705 6.5476 10969.0 18.195 14548.0 13.989 "" "" 0.0027759959478319733 0.0033209312 0.003920931 0.007241862 80.63211469245 35.32013909428 2161.90186 0.14599999999999996 -1.8919999999999995
80.93428938026 35.39484866548 0.0238 0.0182 13.2498 "" "" 183677751045265280 2045.58899 0.4485 0.0274 1.983 -2.535 0.029 0.023 1.065 9542.0 4.0245 14.889543 0.986025 15.290142 14.304117 "" "" 1942.04822 2156.31396 20851.138 6.3835 10456.0 16.743 15049.0 29.347 "" "" 0.0027752973329071193 0.0032875023 0.0043320484 0.0076195505 80.93428938026 35.39484866548 2045.58899 1.983 -2.5350000000000006
80.93281670268 35.10710624863 0.0252 0.0179 15.1229 "" "" 183665106661630080 2574.89111 0.3557 0.0302 -0.134 -0.837 0.032 0.021 1.082 "" "" 14.900496 1.159345 15.384891 14.225546 "" "" 2388.12866 2771.77368 20641.85063 6.6175 9582.1 20.64 16179.0 14.094 "" "" 0.0027772187185413156 0.003640678 0.0038959333 0.0075366115 80.93281670268 35.10710624863 2574.89111 -0.134 -0.837
80.4058799677 35.21487828 0.0244 0.0183 15.1364 "" "" 183636721220244096 2697.4917 0.324 0.0294 -0.178 0.979 0.035 0.024 1.032 6984.9 3.5228 14.904779 2.157473 16.019844 13.862371 -59.97 11.2 2517.74561 2923.3269 20560.57323 7.3105 5339.2 13.591 22605.0 18.109 "" "" 0.002782232726340466 0.0039272625 0.0038781776 0.00780544 80.4058799677 35.21487828 2697.4917 -0.178 0.9790000000000001
80.63082214626 35.26614440576 0.0268 0.0196 3.7037 "" "" 183684588633367296 2875.88599 0.3118 0.0303 1.942 -2.972 0.037 0.025 1.075 "" "" 14.92054 0.924351 15.293966 14.369616 "" "" 2639.6936 3205.8186 20264.26016 7.8935 10419.0 21.032 14168.0 17.49 "" "" 0.0027875894226970545 0.0035480342 0.0040100077 0.007558042 80.63082214626 35.26614440576 2875.88599 1.942 -2.9720000000000004
80.85859000555 35.50813852837 0.0252 0.0196 15.7572 "" "" 183695411950771840 2321.27905 0.3931 0.0283 1.433 -1.124 0.032 0.024 1.103 9467.2 3.3536 14.940396 1.098633 15.396772 14.29814 "" "" 2200.47729 2468.08325 19897.03246 5.6516 9477.8 17.013 15132.0 14.855 "" "" 0.0027725253683905404 0.0034034397 0.003926804 0.0073302435 80.85859000555 35.50813852837 2321.27905 1.433 -1.124
80.94917869093 35.05963243004 0.0261 0.0191 17.7085 "" "" 183664625625390464 2676.68091 0.3295 0.0304 2.127 -3.611 0.034 0.023 1.068 5024.8 2.6777 14.948111 2.299217 16.163776 13.864559 38.1 4.34 2472.01587 2894.76367 19756.15516 8.256 4676.3 17.545 22560.0 33.347 "" "" 0.002792428098170556 0.0049375123 0.004106015 0.009043528 80.94917869093 35.05963243004 2676.68091 2.127 -3.611
80.86928265575 35.26302115659 0.0241 0.0184 8.0822 "" "" 183670874800290944 2606.42407 0.3431 0.0281 -0.454 -1.458 0.03 0.022 1.088 9778.4 3.5187 14.981571 1.100935 15.435601 14.334666 "" "" 2444.10718 2790.21826 19156.59448 6.3767 9144.8 15.818 14632.0 17.493 "" "" 0.0027789220364547043 0.0033633364 0.003996074 0.0073594106 80.86928265575 35.26302115659 2606.42407 -0.45399999999999996 -1.458
80.7664567057 35.24908238689 0.029 0.0208 3.4422 "" "" 183682286530806656 2896.00806 0.3077 0.0321 0.645 -1.327 0.037 0.026 1.076 9610.1 3.6926 14.992675 1.561103 15.615587 14.054484 "" "" 2651.46143 3224.88818 18961.68214 14.371 7747.9 67.674 18939.0 99.796 "" "" 0.002875572027152523 0.009885299 0.0068567367 0.016742036 80.7664567057 35.24908238689 2896.00806 0.6450000000000001 -1.327
80.46659740668 35.20500259124 0.0268 0.0201 12.4694 "" "" 183590992705660416 2732.56592 0.3262 0.0333 0.938 -2.855 0.039 0.025 0.955 "" "" 15.004378 0.8779 15.354928 14.477028 "" "" 2517.23804 2970.0564 18758.38286 5.7792 9850.2 29.716 12834.0 19.748 "" "" 0.0027755503803390826 0.004302738 0.004132166 0.008434904 80.46659740668 35.20500259124 2732.56592 0.938 -2.855
80.66641926469 35.295218588 0.0262 0.0191 2.186 "" "" 183682149091942912 2478.24438 0.3608 0.0303 1.823 -2.804 0.036 0.026 0.996 9231.6 3.8726 15.030406 1.029144 15.453136 14.423992 "" "" 2300.07788 2693.19092 18314.05475 5.9859 8998.3 19.158 13476.0 26.491 "" "" 0.002778078849048597 0.0036233377 0.0043404023 0.00796374 80.66641926469 35.295218588 2478.24438 1.8229999999999997 -2.8039999999999994
80.35962992302 35.35057394606 0.0628 0.0438 17.4829 "" "" 183642768534465280 2854.29736 0.3373 0.0743 0.214 -0.89 0.083 0.058 2.274 "" "" 15.066647 1.263427 15.587319 14.323893 "" "" 2413.34399 3611.17993 17712.83928 14.61 7952.2 20.178 14778.0 25.112 "" "" 0.00289720317746535 0.003921077 0.004205669 0.008126746 80.35962992302 35.35057394606 2854.29736 0.21400000000000002 -0.8900000000000001
81.04629997559 35.18688027314 0.0245 0.0194 17.573 "" "" 183671424556000896 2437.34814 0.3664 0.0289 1.277 -6.232 0.031 0.023 1.052 6423.4 3.6995 15.082542 1.894004 16.017502 14.123498 "" "" 2248.82422 2630.96509 17455.3977 5.4639 5350.8 11.072 17773.0 19.881 "" "" 0.002776201139020542 0.0035822333 0.0039697313 0.0075519644 81.04629997559 35.18688027314 2437.34814 1.277 -6.232000000000001
80.70500390131 35.08135351172 0.0287 0.0202 11.7505 "" "" 183574053354632064 2366.50073 0.3766 0.0323 1.364 -0.362 0.037 0.026 1.023 "" "" 15.092652 2.379676 16.370327 13.990651 -35.03 3.63 2199.30835 2553.99219 17293.61777 9.8789 3866.2 20.085 20086.0 21.767 "" "" 0.0028242635294597374 0.0062928083 0.0039582974 0.010251106 80.70500390131 35.08135351172 2366.50073 1.364 -0.362
80.67836083813 35.31323247938 0.027 0.02 2.5306 "" "" 183682183451592576 2353.8269 0.3835 0.0305 1.839 -2.856 0.035 0.024 1.028 "" "" 15.11169 1.092451 15.565468 14.473017 "" "" 2181.44263 2566.2749 16993.03768 6.124 8113.9 16.751 12881.0 25.64 "" "" 0.0027829642506951146 0.0035790072 0.0043536727 0.00793268 80.67836083813 35.31323247938 2353.8269 1.839 -2.856
80.57572207841 35.15762244282 0.0265 0.0202 9.5791 "" "" 183587178774693760 2155.87158 0.429 0.0321 1.901 -0.545 0.035 0.025 1.019 5136.6 3.4897 15.172424 1.774866 16.030123 14.255257 56.06 4.46 1989.09998 2338.35693 16068.55811 5.0436 5288.9 13.172 15742.0 23.443 "" "" 0.002776315519595454 0.0038854599 0.004110721 0.007996181 80.57572207841 35.15762244282 2155.87158 1.9009999999999998 -0.5450000000000002
80.75301536134 35.37557994096 0.0258 0.0196 6.3501 "" "" 183684240738692992 2223.12329 0.4095 0.029 0.086 -1.915 0.033 0.024 0.999 7970.5 4.0801 15.182891 1.200444 15.689438 14.488994 "" "" 2084.36157 2342.44507 15914.40542 5.7354 7238.4 13.932 12693.0 16.878 "" "" 0.0027829654086261044 0.0034859893 0.004045743 0.0075317323 80.75301536134 35.37557994096 2223.12329 0.08599999999999998 -1.9149999999999996
80.87947197823 35.07586667984 0.0302 0.0212 14.7973 "" "" 183664213308455680 2723.10303 0.3276 0.0354 1.203 -3.063 0.039 0.026 1.007 8995.4 3.1812 15.215737 1.264652 15.759195 14.494543 "" "" 2494.09082 2999.78589 15440.16289 6.3907 6788.0 16.911 12628.0 14.413 "" "" 0.0027917267766150553 0.0038860713 0.0039773565 0.0078634275 80.87947197823 35.07586667984 2723.10303 1.203 -3.0629999999999997
80.45053490412 35.28790165893 0.0297 0.0214 12.4902 "" "" 183638855821189760 2804.76392 0.3054 0.0354 0.641 -1.822 0.04 0.027 0.842 "" "" 15.22349 2.957288 16.937212 13.979924 4.31 3.98 2559.63062 3069.88159 15330.30079 6.7739 2293.7 10.418 20286.0 26.356 "" "" 0.0027967743445260276 0.005666035 0.0040340493 0.009700084 80.45053490412 35.28790165893 2804.76392 0.641 -1.822
80.7228050068 35.26753867812 0.0287 0.02 1.0386 "" "" 183681083939970176 2380.79468 0.3783 0.0322 1.815 -2.908 0.038 0.027 1.05 "" "" 15.224751 0.871798 15.569212 14.697414 "" "" 2179.96069 2555.23657 15312.51577 5.3765 8086.0 25.119 10476.0 17.28 "" "" 0.0027815677685244507 0.0043773223 0.0041822325 0.008559555 80.7228050068 35.26753867812 2380.79468 1.8149999999999997 -2.9079999999999995
80.76271256454 35.17452506532 0.029 0.0206 6.7743 "" "" 183668783153655552 2083.59912 0.437 0.034 3.211 -5.269 0.037 0.028 1.023 5349.3 3.5716 15.238698 1.532459 15.9457 14.41324 "" "" 1965.41736 2252.14136 15117.07257 5.4988 5716.6 18.598 13610.0 18.735 "" "" 0.002783480243085774 0.004501323 0.0040641734 0.008565497 80.76271256454 35.17452506532 2083.59912 3.2109999999999994 -5.268999999999998
80.67233809417 35.51420901535 0.0347 0.0242 14.3114 "" "" 183741660158648192 2394.96338 0.373 0.0363 1.584 -1.286 0.044 0.031 1.035 7607.1 3.5419 15.245459 2.233002 16.41575 14.182749 -33.68 5.58 2203.13379 2649.80811 15023.22403 6.6369 3707.8 17.91 16829.0 15.641 "" "" 0.002796758054677033 0.0059405183 0.003911776 0.009852294 80.67233809417 35.51420901535 2394.96338 1.5839999999999996 -1.286
80.91638128507 35.36321323285 0.029 0.0224 11.5548 "" "" 183677613606321408 2435.1731 0.3685 0.0342 1.834 -1.737 0.037 0.027 0.906 "" "" 15.305538 1.373926 15.909977 14.536051 "" "" 2237.03174 2650.28979 14214.49833 5.4519 5907.8 12.566 12155.0 15.148 "" "" 0.002786611249496994 0.003621918 0.0040142946 0.0076362127 80.91638128507 35.36321323285 2435.1731 1.834 -1.737
80.74957458891 35.20960778143 0.029 0.0207 4.6012 "" "" 183680705982860672 2344.88428 0.389 0.0332 1.847 -2.777 0.038 0.029 0.995 "" "" 15.309883 0.98022 15.704308 14.724088 "" "" 2192.38232 2542.54932 14157.724 4.7833 7139.9 16.437 10222.0 19.039 "" "" 0.0027796312185039704 0.0037460104 0.0042863945 0.008032405 80.74957458891 35.20960778143 2344.88428 1.8470000000000002 -2.7770000000000006
80.8079580384 35.09853666372 0.0323 0.0235 11.8445 "" "" 183667374404391680 2338.18262 0.3958 0.0375 -0.155 -1.673 0.04 0.029 1.048 9458.5 3.5906 15.316834 1.001892 15.716571 14.714679 "" "" 2134.15039 2579.05933 14067.37079 5.7825 7059.7 22.891 10311.0 20.558 "" "" 0.0027912314850012526 0.004492091 0.004355433 0.0088475235 80.8079580384 35.09853666372 2338.18262 -0.155 -1.6729999999999996
80.53109357306 35.19144231934 0.0299 0.0217 9.9642 "" "" 183590099352454784 2694.77441 0.3349 0.0344 0.514 -1.063 0.041 0.028 1.073 8197.5 3.8667 15.340046 1.043406 15.769162 14.725756 "" "" 2437.62524 2907.2854 13769.82199 5.0311 6725.9 17.308 10206.0 15.325 "" "" 0.0027837309352136286 0.0039485795 0.0041160206 0.0080646 80.53109357306 35.19144231934 2694.77441 0.514 -1.063
80.44412871718 35.16981237869 0.0342 0.025 14.3271 "" "" 183589446517446272 2168.98413 0.4348 0.0402 0.428 -3.672 0.05 0.031 1.122 "" "" 15.352821 1.011558 15.769622 14.758064 "" "" 1950.6189 2435.90503 13608.74413 5.21 6723.1 13.939 9906.8 22.555 "" "" 0.002786497300820467 0.0035850108 0.0045159822 0.008100993 80.44412871718 35.16981237869 2168.98413 0.428 -3.6719999999999997
80.75955361381 35.16293114803 0.033 0.0246 7.3551 "" "" 183668538337942784 2678.7085 0.3333 0.0397 -0.234 1.691 0.042 0.033 1.074 5374.4 3.4889 15.368389 2.067553 16.420904 14.353351 6.33 4.22 2444.2981 3062.33179 13415.01181 6.7157 3690.2 26.838 14382.0 20.431 "" "" 0.002808418712451771 0.008374776 0.0040819966 0.012456773 80.75955361381 35.16293114803 2678.7085 -0.23399999999999999 1.691
