Clusters/King_26/King_26_stars_in_region.tsv
# %ECSV 1.0
# ---
# datatype:
# - name: RA_ICRS_1
#   unit: deg
#   datatype: float64
#   format: '{:15.11f}'
#   description: Right ascension (ICRS) at Ep=2016.0 (ra)
#   meta: !!omap
#   - {ucd: POS_EQ_RA_MAIN}
#   - {width: 15}
#   - {precision: '11'}
# - name: DE_ICRS_1
#   unit: deg
#   datatype: float64
#   format: '{:15.11f}'
#   description: Declination (ICRS) at Ep=2016.0 (dec)
#   meta: !!omap
#   - {ucd: POS_EQ_DEC_MAIN}
#   - {width: 15}
#   - {precision: '11'}
# - name: e_RA_ICRS
#   unit: mas
#   datatype: float64
#   format: '{:7.4f}'
#   description: Standard error of right ascension (ra_error)
#   meta: !!omap
#   - {ucd: ERROR}
#   - {width: 7}
#   - {precision: '4'}
# - name: e_DE_ICRS
#   unit: mas
#   datatype: float64
#   format: '{:7.4f}'
#   description: Standard error of declination (dec_error)
#   meta: !!omap
#   - {ucd: ERROR}
#   - {width: 7}
#   - {precision: '4'}
# - name: _r_1
#   unit: ''
#   datatype: float64
#   format: '{:7.4f}'
#   description: Distance from center (292.23300630000+14.88690607000)[ICRS], at Epoch=J2016.0
#   meta: !!omap
#   - {ucd: POS_ANG_DIST_GENERAL}
#   - {width: 7}
#   - {precision: '4'}
# - name: HIP
#   datatype: int32
#   description: '? HIP cross-id number, van Leeuwen, Cat. I/311 (hip_original_ext_source_id)'
#   meta: !!omap
#   - {ucd: ID_NUMBER}
#   - {width: 6}
#   - values: {'null': -2147483648}
# - name: TYC2
#   datatype: string
#   description: Tycho-2 cross-id name, Hog et al., Cat. I/259 (tyc2_original_ext_source_id)
#   meta: !!omap
#   - {ucd: ID_CROSSID}
#   - {_votable_string_dtype: char}
# - name: Source
#   datatype: int64
#   description: Source identifier, identical to the Gaia-EDR3 source_id (id)
#   meta: !!omap
#   - {ucd: ID_MAIN}
#   - {width: 19}
# - name: rgeo
#   unit: pc
#   datatype: float64
#   format: '{:15.8f}'
#   description: '? Median of the geometric distance posterior (r_med_geo)'
#   meta: !!omap
#   - {ucd: PHYS_DISTANCE_TRUE}
#   - {width: 15}
#   - {precision: '8'}
#   - values: {'null': .nan}
# - name: Plx
#   unit: mas
#   datatype: float64
#   format: '{:9.4f}'
#   description: '? Parallax (parallax)'
#   meta: !!omap
#   - {ucd: POS_PARLX_TRIG}
#   - {width: 9}
#   - {precision: '4'}
#   - values: {'null': .nan}
# - name: e_Plx
#   unit: mas
#   datatype: float32
#   format: '{:7.4f}'
#   description: '? Standard error of parallax (parallax_error)'
#   meta: !!omap
#   - {ucd: ERROR}
#   - {width: 7}
#   - {precision: '4'}
#   - values: {'null': .nan}
# - name: pmRA
#   unit: mas / yr
#   datatype: float64
#   format: '{:9.3f}'
#   description: '? Proper motion in right ascension direction, pmRA*cosDE (pmra)'
#   meta: !!omap
#   - {ucd: POS_EQ_PMRA}
#   - {width: 9}
#   - {precision: '3'}
#   - values: {'null': .nan}
# - name: pmDE
#   unit: mas / yr
#   datatype: float64
#   format: '{:9.3f}'
#   description: '? Proper motion in declination direction (pmdec)'
#   meta: !!omap
#   - {ucd: POS_EQ_PMDEC}
#   - {width: 9}
#   - {precision: '3'}
#   - values: {'null': .nan}
# - name: e_pmRA
#   unit: mas / yr
#   datatype: float32
#   format: '{:6.3f}'
#   description: '? Standard error of proper motion in right ascension direction (pmra_error)'
#   meta: !!omap
#   - {ucd: ERROR}
#   - {width: 6}
#   - {precision: '3'}
#   - values: {'null': .nan}
# - name: e_pmDE
[...]
#         value: !astropy.table.SerializedColumn {name: SkyCoord.dec}
#       distance: !astropy.table.SerializedColumn
#         __class__: astropy.coordinates.distances.Distance
#         unit: !astropy.units.Unit {unit: pc}
#         value: !astropy.table.SerializedColumn {name: SkyCoord.distance}
#       frame: icrs
#       obstime: !astropy.time.Time {format: jyear_str, in_subfmt: '*', jd1: 367701545.0, jd2: 0.0, out_subfmt: '*', precision: 3, scale: tt}
#       pm_dec: !astropy.table.SerializedColumn
#         __class__: astropy.units.quantity.Quantity
#         unit: !astropy.units.Unit {unit: mas / yr}
#         value: !astropy.table.SerializedColumn {name: SkyCoord.pm_dec}
#       pm_ra_cosdec: !astropy.table.SerializedColumn
#         __class__: astropy.units.quantity.Quantity
#         unit: !astropy.units.Unit {unit: mas / yr}
#         value: !astropy.table.SerializedColumn {name: SkyCoord.pm_ra_cosdec}
#       ra: !astropy.table.SerializedColumn
#         __class__: astropy.coordinates.angles.Longitude
#         unit: *id001
#         value: !astropy.table.SerializedColumn {name: SkyCoord.ra}
#         wrap_angle: !astropy.coordinates.Angle
#           unit: *id001
#           value: 360.0
#       representation_type: spherical
# schema: astropy-2.0
RA_ICRS_1 DE_ICRS_1 e_RA_ICRS e_DE_ICRS _r_1 HIP TYC2 Source rgeo Plx e_Plx pmRA pmDE e_pmRA e_pmDE RUWE Teff logg Gmag BP-RP BPmag RPmag RV e_RV b_rgeo B_rgeo FG e_FG FBP e_FBP FRP e_FRP RAVE5 RAVE6 e_Gmag e_BPmag e_RPmag e_BP-RP SkyCoord.ra SkyCoord.dec SkyCoord.distance SkyCoord.pm_ra_cosdec SkyCoord.pm_dec rmRA rmDE e_rmRA e_rmDE rRV e_rRV v_pec v_pec3d e_vpec e_vpec3d
[from data line 445]
292.13930213274 15.14123389205 0.0394 0.0415 16.1971 "" "" 4321300913039472640 2162.82129 0.4345 0.0561 -1.385 -4.569 0.049 0.047 0.95 7782.1 4.2659 16.660152 1.833611 17.563532 15.729921 "" "" 1964.10803 2506.99878 4082.11912 2.4777 1288.3 7.3151 4047.5 8.5438 "" "" 0.002833032703641526 0.0067669274 0.0044199955 0.011186923 292.13930213274 15.14123389205 2162.82129 -1.3849999999999993 -4.568999999999995 0.979393949508667 0.42272735214233403 0.13400087 0.13200086 "" "" 10.935864253356593 "" 1.4620021954774913 ""
292.16290941593 15.14967207966 0.0411 0.0409 16.2809 "" "" 4321301050478418176 2586.80957 0.3652 0.0566 -2.184 -0.693 0.052 0.047 1.005 5349.7 3.4882 16.663652 2.231718 17.773552 15.541834 "" "" 2238.20996 2933.74048 4068.98345 2.8491 1061.7 9.5763 4813.1 23.633 "" "" 0.0028582760376044515 0.010182822 0.0065348716 0.016717695 292.16290941593 15.14967207966 2586.80957 -2.184 -0.6930000000000003 0.18039394950866683 4.298727352142334 0.13700087 0.13200086 "" "" 52.75513826149537 "" 6.964196271888798 ""
292.02068007321 14.73496024905 0.0406 0.0422 15.3234 "" "" 4319771148770143360 1756.77112 0.5522 0.0553 1.657 -0.367 0.055 0.05 1.071 6695.2 4.2838 16.664574 1.933694 17.633448 15.699754 "" "" 1611.71313 1930.7262 4065.53119 2.2717 1207.9 5.2058 4161.6 8.927 "" "" 0.0028213200993488143 0.005448017 0.0044393656 0.009887382 292.02068007321 14.73496024905 1756.77112 1.657 -0.36700000000000005 4.021393949508667 4.624727352142334 0.14000088 0.13500087 "" "" 51.03341770485234 "" 7.000560314175319 ""
292.30497057572 14.68942365099 0.0363 0.0403 12.5629 "" "" 4321221919998409600 1789.34131 0.5327 0.0522 -1.424 -4.962 0.048 0.048 0.959 7137.5 4.1755 16.665302 2.270114 17.856512 15.586398 "" "" 1659.61304 1971.09741 4062.80687 2.2744 983.59 10.401 4619.5 8.6649 "" "" 0.002821562953147783 0.01181532 0.0042931596 0.01610848 292.30497057572 14.68942365099 1789.34131 -1.424 -4.962 0.9403939495086671 0.02972735214233424 0.13300088 0.13300088 "" "" 7.9799145650954975 "" 1.0613356633113822 ""
292.08560605467 14.930966212 0.0372 0.0422 8.9458 "" "" 4321279438202764032 2459.35352 0.3989 0.0583 0.255 -2.088 0.048 0.048 1.014 6475.9 4.213 16.666214 1.892543 17.605286 15.712743 "" "" 2099.73413 2889.35132 4059.39234 2.4352 1239.7 8.5475 4112.1 7.0042 "" "" 0.002831256599077302 0.007989022 0.004207591 0.0121966135 292.08560605467 14.930966212 2459.35352 0.25499999999999995 -2.088 2.619393949508667 2.903727352142334 0.13300088 0.13300088 "" "" 45.58727356901521 "" 6.063147523353113 ""
292.49501176199 14.91043491321 0.0399 0.041 15.2573 "" "" 4321232296639909632 2147.57056 0.4524 0.056 1.795 -1.364 0.048 0.047 0.954 7188.1 4.2583 16.680668 1.904204 17.627684 15.723479 "" "" 1906.58862 2400.29004 4005.7119 2.5143 1214.3 7.7955 4071.6 7.816 "" "" 0.0028383485964379564 0.0075078667 0.004315982 0.011823849 292.49501176199 14.91043491321 2147.57056 1.7949999999999993 -1.3639999999999992 4.159393949508667 3.627727352142334 0.13300088 0.13200086 "" "" 56.182052792649586 "" 7.44804108701184 ""
292.09956562578 15.01828270112 0.0428 0.0465 11.044 "" "" 4321282221341680128 2592.36548 0.3581 0.0599 -1.841 -6.621 0.055 0.054 1.078 6716.5 4.3365 16.681932 1.736429 17.518003 15.781574 "" "" 2206.19458 3015.15894 4001.04756 2.3152 1343.4 6.7935 3859.5 12.53 "" "" 0.0028260395424968897 0.0061587924 0.0051680272 0.01132682 292.09956562578 15.01828270112 2592.36548 -1.841 -6.621 0.523393949508667 -1.6292726478576665 0.14000088 0.13900088 "" "" 21.027856502383166 "" 2.9248639566940335 ""
292.22895256209 15.02667250469 0.0402 0.0422 8.3893 "" "" 4321287409662068224 1803.90308 0.5367 0.052 -7.265 -7.182 0.05 0.051 0.95 5651.9 4.1677 16.683666 1.901621 17.628345 15.726725 "" "" 1669.38953 2031.38086 3994.66399 2.1152 1213.6 6.9882 4059.5 6.9111 "" "" 0.0028146588135868236 0.006846289 0.0042071794 0.011053469 292.22895256209 15.02667250469 1803.90308 -7.265000000000001 -7.182 -4.900606050491333 -2.1902726478576664 0.13500087 0.13600087 "" "" 45.897342943414195 "" 6.203846521585227 ""
292.53795615428 14.84122901792 0.0423 0.0458 17.8958 "" "" 4321230853530838272 2391.81079 0.3837 0.0607 0.729 -1.955 0.051 0.053 1.071 8509.3 4.4363 16.684437 1.819292 17.566364 15.747072 "" "" 2146.29492 2686.03003 3991.82694 2.7665 1284.9 6.9089 3984.1 8.4559 "" "" 0.00285621866473951 0.006470491 0.0044264984 0.01089699 292.53795615428 14.84122901792 2391.81079 0.7289999999999999 -1.9549999999999998 3.093393949508667 3.036727352142334 0.13600087 0.13800088 "" "" 49.144824391578545 "" 6.732154689695616 ""
291.99246424132 14.88895553992 0.0378 0.0421 13.9486 "" "" 4319778467394610560 2473.7395 0.3958 0.0555 -0.953 -0.336 0.05 0.049 0.95 6661.6 4.1661 16.684488 2.056229 17.738274 15.682045 "" "" 2179.73608 2771.21729 3991.6438 2.1939 1096.7 6.4422 4230.0 8.0374 "" "" 0.002819201117701571 0.0069614183 0.0043057753 0.011267194 291.99246424132 14.88895553992 2473.7395 -0.953000000000001 -0.33599999999999997 1.4113939495086671 4.655727352142334 0.13500087 0.13400087 "" "" 57.04420430156495 "" 7.648790472391252 ""
292.21494905057 14.89421139966 0.0384 0.0435 1.1351 "" "" 4321276689423544576 2429.0625 0.4099 0.0514 -2.37 -4.89 0.051 0.054 1.007 8506.9 4.4415 16.685293 1.709093 17.498596 15.789503 "" "" 2132.77588 2815.72217 3988.68405 2.4668 1367.7 7.7567 3831.4 11.052 "" "" 0.002835959360550007 0.006760245 0.0049084127 0.011668658 292.21494905057 14.89421139966 2429.0625 -2.37 -4.889999999999994 -0.005606050491333114 0.1017273521423343 0.13600087 0.13900088 "" "" 1.1730411268749594 "" 0.16304320581394027 ""
292.34015888558 14.82367561666 0.0381 0.0434 7.2808 "" "" 4321228242190389120 1756.40137 0.5402 0.0554 -3.566 -3.06 0.048 0.05 1.009 6911.4 4.3267 16.687405 1.787415 17.544092 15.756678 "" "" 1602.93103 1993.63977 3980.93022 2.4432 1311.5 6.9573 3949.0 12.854 "" "" 0.002834749421910956 0.0063998997 0.0051743016 0.011574201 292.34015888558 14.82367561666 1756.40137 -3.5660000000000003 -3.06 -1.2016060504913328 1.931727352142334 0.13300088 0.13500087 "" "" 18.939793094528696 "" 2.546377503185008 ""
292.14738901482 14.62459021126 0.0411 0.0407 16.5043 "" "" 4319719471721938048 2150.3916 0.4505 0.0568 -1.442 -4.901 0.051 0.047 0.994 8028.7 4.1019 16.689651 2.152185 17.806986 15.6548 "" "" 1898.90222 2498.35547 3972.70564 2.348 1029.5 7.0783 4337.5 7.8535 "" "" 0.0028290591777442213 0.00796935 0.0042600767 0.012229426 292.14738901482 14.62459021126 2150.3916 -1.4420000000000013 -4.901 0.922393949508667 0.09072735214233418 0.13600087 0.13200086 "" "" 9.447199970043343 "" 1.2844706081350172 ""
292.33991955203 14.904740643 0.0418 0.0461 6.2909 "" "" 4321229891457920128 2529.02637 0.3991 0.0575 -1.575 -3.796 0.054 0.055 0.995 6346.6 4.0514 16.693478 2.007157 17.70477 15.697612 "" "" 2235.54663 2993.5166 3958.7309 2.4472 1131.1 7.1127 4169.8 9.5158 "" "" 0.0028358895437544567 0.007375566 0.0045191688 0.011894735 292.33991955203 14.904740643 2529.02637 -1.5749999999999993 -3.7959999999999985 0.789393949508667 1.1957273521423342 0.13900088 0.14000088 "" "" 17.175773578194097 "" 2.3994228334553194 ""
292.19761816007 14.70234613533 0.0391 0.047 11.2623 "" "" 4319724556963282688 2334.61426 0.3997 0.0598 -3.78 -5.72 0.051 0.056 1.027 5012.9 3.486 16.694443 2.490246 18.05154 15.561295 "" "" 2089.4585 2702.77466 3955.20899 2.6021 821.87 6.7001 4727.6 9.4405 "" "" 0.002846402922370198 0.009280565 0.0043571056 0.013637671 292.19761816007 14.70234613533 2334.61426 -3.7800000000000002 -5.72 -1.4156060504913328 -0.7282726478576658 0.13600087 0.14100087 "" "" 17.616690844175082 "" 2.414585218816026 ""
292.17206668696 15.09978941871 0.0435 0.0463 13.2523 "" "" 4321288887130968832 2242.04395 0.4224 0.0631 -4.288 -9.584 0.054 0.053 1.069 6324.6 4.0603 16.696812 1.868148 17.608984 15.740836 "" "" 1971.22729 2532.11841 3946.58912 2.4525 1235.4 8.0365 4007.0 10.006 "" "" 0.0028367254034851463 0.007594059 0.004651286 0.012245346 292.17206668696 15.09978941871 2242.04395 -4.287999999999998 -9.583999999999993 -1.9236060504913333 -4.592272647857666 0.13900088 0.13800088 "" "" 52.91197434786907 "" 7.309821240965403 ""
292.19980496818 15.07356017912 0.0409 0.0451 11.3634 "" "" 4321288543533528320 1769.0708 0.5465 0.0576 0.089 -0.79 0.051 0.055 0.959 4950.2 4.2436 16.696836 1.870605 17.624872 15.754267 "" "" 1611.05103 1942.85388 3946.49951 2.3018 1217.5 7.3714 3957.8 9.8071 "" "" 0.0028271546656699646 0.007141265 0.004639158 0.011780423 292.19980496818 15.07356017912 1769.0708 0.089 -0.7900000000000004 2.453393949508667 4.201727352142334 0.13600087 0.14000088 "" "" 40.79962857295712 "" 5.670935066755314 ""
292.22412961322 14.73216730379 0.0375 0.044 9.2986 "" "" 4321225905728160128 1806.12805 0.5319 0.0549 -1.337 -3.46 0.049 0.051 0.954 5006.9 3.6293 16.698053 2.35992 17.954214 15.594294 "" "" 1680.9657 1966.91663 3942.07944 2.6288 898.94 7.416 4586.1 10.584 "" "" 0.0028488609359537138 0.009381533 0.0045345677 0.0139161 292.22412961322 14.73216730379 1806.12805 -1.3370000000000004 -3.46 1.027393949508667 1.531727352142334 0.13400087 0.13600087 "" "" 15.789799242156947 "" 2.137677375325575 ""
292.22659225548 15.09161076386 0.0419 0.044 12.2879 "" "" 4321288676660399744 2571.17896 0.3928 0.0588 0.258 -3.094 0.053 0.055 1.035 7898.5 3.8138 16.699928 1.929479 17.637318 15.707839 "" "" 2180.47852 3006.91699 3935.27906 2.4467 1203.6 7.105 4130.7 9.0592 "" "" 0.002836806021878306 0.006990232 0.0044669565 0.011457188 292.22659225548 15.09161076386 2571.17896 0.2579999999999999 -3.094 2.622393949508667 1.8977273521423341 0.13800088 0.14000088 "" "" 39.45085845096619 "" 5.471499697774891 ""
292.33599360945 14.9242786143 0.0408 0.0437 6.3785 "" "" 4321230131976112384 2369.00537 0.4031 0.0553 -0.358 -2.491 0.051 0.052 1.033 9096.6 4.453 16.702166 1.802078 17.487617 15.685539 "" "" 2077.05176 2702.23218 3927.17937 3.4496 1381.6 21.071 4216.4 52.926 "" "" 0.002915704928963947 0.016792163 0.014142939 0.030935101 292.33599360945 14.9242786143 2369.00537 -0.35800000000000043 -2.490999999999999 2.006393949508667 2.500727352142334 0.13600087 0.13700087 "" "" 36.001880415996126 "" 4.91822118760978 ""
292.26278486325 15.10593404674 0.0417 0.0436 13.2545 "" "" 4321288337375087360 2154.70361 0.4348 0.0562 -1.317 -1.03 0.052 0.052 1.06 4744.8 3.4478 16.703228 2.404451 18.0053 15.600849 "" "" 1912.71985 2585.53076 3923.33666 2.2425 857.62 7.9537 4558.5 9.5348 "" "" 0.0028243432873006884 0.01044871 0.004409205 0.014857915 292.26278486325 15.10593404674 2154.70361 -1.3170000000000002 -1.03 1.047393949508667 3.9617273521423337 0.13700087 0.13700087 "" "" 41.852480434396355 "" 5.733826385391777 ""
292.2855077207 14.63206832053 0.0395 0.0441 15.5907 "" "" 4319720261995804288 2263.35229 0.4264 0.0552 2.061 -1.788 0.049 0.05 0.967 7121.8 4.1658 16.70334 2.070349 17.757248 15.686899 "" "" 2003.21948 2601.71094 3922.9307 2.7172 1077.8 6.1576 4211.1 8.0907 "" "" 0.002856105538335622 0.0068015815 0.004316843 0.011118425 292.2855077207 14.63206832053 2263.35229 2.061 -1.788 4.425393949508667 3.2037273521423337 0.13400087 0.13500087 "" "" 58.61219357114328 "" 7.874289110646499 ""
292.17785821425 14.79173535279 0.04 0.0441 6.545 "" "" 4321227245758056960 1959.28101 0.4811 0.0563 -2.408 -3.786 0.053 0.053 1.1 9096.7 4.3272 16.707443 2.015132 17.715958 15.700826 "" "" 1783.12927 2160.35352 3908.13688 2.7579 1119.5 5.2044 4157.5 8.6081 "" "" 0.002859864891948239 0.0057672923 0.0043974197 0.010164712 292.17785821425 14.79173535279 1959.28101 -2.408 -3.7859999999999996 -0.043606050491332926 1.205727352142334 0.13800088 0.13800088 "" "" 11.20490087267338 "" 1.546286132688816 ""
292.04838484792 15.10992187863 0.042 0.0455 17.1329 "" "" 4321295724719006976 2503.84302 0.3926 0.0578 -1.473 -3.48 0.052 0.051 1.011 7661.1 4.2391 16.713953 1.853315 17.625553 15.772238 "" "" 2194.33545 2979.83838 3884.77523 2.5518 1216.7 10.287 3892.8 8.3284 "" "" 0.00284612523975625 0.009594391 0.0044361497 0.01403054 292.04838484792 15.10992187863 2503.84302 -1.4730000000000014 -3.4800000000000004 0.8913939495086669 1.511727352142334 0.13700087 0.13600087 "" "" 20.828305602857355 "" 2.8380558471867134 ""
292.11278503228 14.88862265521 0.0402 0.0433 6.9719 "" "" 4321275757396059008 1826.81628 0.5223 0.0548 2.506 -2.553 0.055 0.051 0.994 7139.3 4.3445 16.715725 1.802551 17.592016 15.789465 "" "" 1658.63831 2000.74756 3878.43463 2.3718 1254.9 7.8594 3831.5 9.2247 "" "" 0.002834191307458361 0.00735011 0.0045953006 0.011945411 292.11278503228 14.88862265521 1826.81628 2.5060000000000024 -2.553 4.870393949508667 2.438727352142334 0.14000088 0.13600087 "" "" 47.164831725465355 "" 6.565732903297749 ""
291.97915204365 14.78650200671 0.0492 0.0553 15.9082 "" "" 4319773721433451136 2149.8313 0.445 0.0644 -3.157 -7.323 0.066 0.067 1.11 9084.9 4.3235 16.715889 1.912854 17.626848 15.713994 "" "" 1910.80347 2401.03467 3877.85225 3.2032 1215.3 6.7867 4107.3 7.4831 "" "" 0.002897605792248768 0.0066743554 0.0042657508 0.010940107 291.97915204365 14.78650200671 2149.8313 -3.157 -7.323 -0.792606050491333 -2.3312726478576664 0.15100087 0.15200087 "" "" 25.09161015284785 "" 3.8113544760621076 ""
292.48283061114 14.8609654696 0.0409 0.045 14.5706 "" "" 4321231506365471104 2356.91626 0.417 0.0575 -1.017 -6.646 0.052 0.054 1.108 7140.2 4.3429 16.716059 1.79882 17.582941 15.784121 "" "" 2063.37549 2650.57446 3877.24548 2.3451 1265.4 9.3086 3850.4 10.342 "" "" 0.0028324962534249003 0.008460283 0.004773696 0.013233979 292.48283061114 14.8609654696 2356.91626 -1.0169999999999992 -6.646000000000001 1.347393949508667 -1.654272647857666 0.13700087 0.13900088 "" "" 23.835696131247786 "" 3.2942529744207096 ""
291.98049897895 14.72680230295 0.0636 0.0621 17.5164 "" "" 4319771762928313728 1757.03064 0.5827 0.0821 -2.901 -5.753 0.082 0.073 1.607 6863.5 4.3306 16.717527 2.074518 17.732061 15.657543 "" "" 1537.21997 2100.43701 3872.00425 4.0018 1103.0 6.0593 4326.5 11.746 "" "" 0.0029750578526854883 0.00658482 0.004792957 0.011377777 291.98049897895 14.72680230295 1757.03064 -2.901 -5.753 -0.5366060504913328 -0.7612726478576661 0.16700087 0.15800087 "" "" 7.756895437193922 "" 1.2492018414063188 ""
292.02694006776 15.06871149228 0.0426 0.0453 16.1756 "" "" 4321295140603427072 2062.22144 0.4728 0.062 -0.598 -6.244 0.054 0.053 1.061 "" "" 16.72049 1.702716 17.53066 15.827945 "" "" 1795.17651 2397.53125 3861.45305 2.3773 1327.9 8.0233 3698.1 8.0508 "" "" 0.0028352409657295707 0.0071288333 0.004457646 0.01158648 292.02694006776 15.06871149228 2062.22144 -0.598 -6.244 1.7663939495086671 -1.2522726478576658 0.13900088 0.13800088 "" "" 21.16522688112764 "" 2.934922595538832 ""
292.32265029851 14.91347672523 0.0399 0.0438 5.4368 "" "" 4321230097616372480 1735.83105 0.5728 0.0545 -5.53 -8.669 0.049 0.051 0.94 6641.4 4.3519 16.728876 1.813477 17.615936 15.80246 "" "" 1555.46875 1942.56042 3831.74089 2.2504 1227.6 7.2993 3785.9 7.9389 "" "" 0.0028281437925234084 0.007032932 0.004412179 0.011445111 292.32265029851 14.91347672523 1735.83105 -5.529999999999995 -8.669 -3.1656060504913333 -3.6772726478576665 0.13400087 0.13600087 "" "" 39.92274053050747 "" 5.395686270272915 ""
292.09011156465 14.88503646254 0.042 0.0432 8.2867 "" "" 4321275796070428672 2487.36279 0.3836 0.0569 -1.136 -5.049 0.058 0.05 1.083 7088.1 4.3019 16.732622 1.924037 17.683937 15.7599 "" "" 2171.52393 2882.55786 3818.54663 2.3712 1153.0 5.0673 3937.3 7.6211 "" "" 0.0028366083437618844 0.0055275676 0.004324386 0.009851953 292.09011156465 14.88503646254 2487.36279 -1.1360000000000001 -5.049000000000001 1.228393949508667 -0.05727264785766639 0.14300087 0.13500087 "" "" 14.498619933091835 "" 2.0730707112073707 ""
