Clusters/King_26/King_26_stars_in_region.tsv
# %ECSV 1.0
# ---
# datatype:
# - name: RA_ICRS_1
#   unit: deg
#   datatype: float64
#   format: '{:15.11f}'
#   description: Right ascension (ICRS) at Ep=2016.0 (ra)
#   meta: !!omap
#   - {ucd: POS_EQ_RA_MAIN}
#   - {width: 15}
#   - {precision: '11'}
# - name: DE_ICRS_1
#   unit: deg
#   datatype: float64
#   format: '{:15.11f}'
#   description: Declination (ICRS) at Ep=2016.0 (dec)
#   meta: !!omap
#   - {ucd: POS_EQ_DEC_MAIN}
#   - {width: 15}
#   - {precision: '11'}
# - name: e_RA_ICRS
#   unit: mas
#   datatype: float64
#   format: '{:7.4f}'
#   description: Standard error of right ascension (ra_error)
#   meta: !!omap
#   - {ucd: ERROR}
#   - {width: 7}
#   - {precision: '4'}
# - name: e_DE_ICRS
#   unit: mas
#   datatype: float64
#   format: '{:7.4f}'
#   description: Standard error of declination (dec_error)
#   meta: !!omap
#   - {ucd: ERROR}
#   - {width: 7}
#   - {precision: '4'}
# - name: _r_1
#   unit: ''
#   datatype: float64
#   format: '{:7.4f}'
#   description: Distance from center (292.23300630000+14.88690607000)[ICRS], at Epoch=J2016.0
#   meta: !!omap
#   - {ucd: POS_ANG_DIST_GENERAL}
#   - {width: 7}
#   - {precision: '4'}
# - name: HIP
#   datatype: int32
#   description: '? HIP cross-id number, van Leeuwen, Cat. I/311 (hip_original_ext_source_id)'
#   meta: !!omap
#   - {ucd: ID_NUMBER}
#   - {width: 6}
#   - values: {'null': -2147483648}
# - name: TYC2
#   datatype: string
#   description: Tycho-2 cross-id name, Hog et al., Cat. I/259 (tyc2_original_ext_source_id)
#   meta: !!omap
#   - {ucd: ID_CROSSID}
#   - {_votable_string_dtype: char}
# - name: Source
#   datatype: int64
#   description: Source identifier, identical to the Gaia-EDR3 source_id (id)
#   meta: !!omap
#   - {ucd: ID_MAIN}
#   - {width: 19}
# - name: rgeo
#   unit: pc
#   datatype: float64
#   format: '{:15.8f}'
#   description: '? Median of the geometric distance posterior (r_med_geo)'
#   meta: !!omap
#   - {ucd: PHYS_DISTANCE_TRUE}
#   - {width: 15}
#   - {precision: '8'}
#   - values: {'null': .nan}
# - name: Plx
#   unit: mas
#   datatype: float64
#   format: '{:9.4f}'
#   description: '? Parallax (parallax)'
#   meta: !!omap
#   - {ucd: POS_PARLX_TRIG}
#   - {width: 9}
#   - {precision: '4'}
#   - values: {'null': .nan}
# - name: e_Plx
#   unit: mas
#   datatype: float32
#   format: '{:7.4f}'
#   description: '? Standard error of parallax (parallax_error)'
#   meta: !!omap
#   - {ucd: ERROR}
#   - {width: 7}
#   - {precision: '4'}
#   - values: {'null': .nan}
# - name: pmRA
#   unit: mas / yr
#   datatype: float64
#   format: '{:9.3f}'
#   description: '? Proper motion in right ascension direction, pmRA*cosDE (pmra)'
#   meta: !!omap
#   - {ucd: POS_EQ_PMRA}
#   - {width: 9}
#   - {precision: '3'}
#   - values: {'null': .nan}
# - name: pmDE
#   unit: mas / yr
#   datatype: float64
#   format: '{:9.3f}'
#   description: '? Proper motion in declination direction (pmdec)'
#   meta: !!omap
#   - {ucd: POS_EQ_PMDEC}
#   - {width: 9}
#   - {precision: '3'}
#   - values: {'null': .nan}
# - name: e_pmRA
#   unit: mas / yr
#   datatype: float32
#   format: '{:6.3f}'
#   description: '? Standard error of proper motion in right ascension direction (pmra_error)'
#   meta: !!omap
#   - {ucd: ERROR}
#   - {width: 6}
#   - {precision: '3'}
#   - values: {'null': .nan}
# - name: e_pmDE
[...]
#         value: !astropy.table.SerializedColumn {name: SkyCoord.dec}
#       distance: !astropy.table.SerializedColumn
#         __class__: astropy.coordinates.distances.Distance
#         unit: !astropy.units.Unit {unit: pc}
#         value: !astropy.table.SerializedColumn {name: SkyCoord.distance}
#       frame: icrs
#       obstime: !astropy.time.Time {format: jyear_str, in_subfmt: '*', jd1: 367701545.0, jd2: 0.0, out_subfmt: '*', precision: 3, scale: tt}
#       pm_dec: !astropy.table.SerializedColumn
#         __class__: astropy.units.quantity.Quantity
#         unit: !astropy.units.Unit {unit: mas / yr}
#         value: !astropy.table.SerializedColumn {name: SkyCoord.pm_dec}
#       pm_ra_cosdec: !astropy.table.SerializedColumn
#         __class__: astropy.units.quantity.Quantity
#         unit: !astropy.units.Unit {unit: mas / yr}
#         value: !astropy.table.SerializedColumn {name: SkyCoord.pm_ra_cosdec}
#       ra: !astropy.table.SerializedColumn
#         __class__: astropy.coordinates.angles.Longitude
#         unit: *id001
#         value: !astropy.table.SerializedColumn {name: SkyCoord.ra}
#         wrap_angle: !astropy.coordinates.Angle
#           unit: *id001
#           value: 360.0
#       representation_type: spherical
# schema: astropy-2.0
RA_ICRS_1 DE_ICRS_1 e_RA_ICRS e_DE_ICRS _r_1 HIP TYC2 Source rgeo Plx e_Plx pmRA pmDE e_pmRA e_pmDE RUWE Teff logg Gmag BP-RP BPmag RPmag RV e_RV b_rgeo B_rgeo FG e_FG FBP e_FBP FRP e_FRP RAVE5 RAVE6 e_Gmag e_BPmag e_RPmag e_BP-RP SkyCoord.ra SkyCoord.dec SkyCoord.distance SkyCoord.pm_ra_cosdec SkyCoord.pm_dec rmRA rmDE e_rmRA e_rmDE rRV e_rRV v_pec v_pec3d e_vpec e_vpec3d
[from data line 573]
292.36437000597 14.78904061638 0.0411 0.047 9.6192 "" "" 4321225046734662784 1819.89062 0.5232 0.0603 -1.578 -4.414 0.055 0.057 0.949 4912.7 4.1865 16.894247 2.237199 18.07328 15.836082 "" "" 1656.67969 2068.60718 3290.39308 2.0921 805.57 4.0092 3670.5 8.8924 "" "" 0.0028404840563319416 0.006081393 0.0046046297 0.010686023 292.36437000597 14.78904061638 1819.89062 -1.578 -4.414 0.7863939495086669 0.5777273521423343 0.14000088 0.14200087 "" "" 8.417519767207764 "" 1.1843885610850926 ""
292.28369469507 14.92482311596 0.043 0.047 3.7166 "" "" 4321277067380654208 2130.33691 0.448 0.0561 -2.354 -4.979 0.055 0.057 0.988 7149.0 4.2326 16.896654 1.962935 17.88553 15.922595 "" "" 1919.5033 2433.74365 3283.11019 2.1969 957.64 5.9069 3389.4 6.2228 "" "" 0.002849495473919185 0.0072550075 0.0042728493 0.011527857 292.28369469507 14.92482311596 2130.33691 -2.353999999999999 -4.978999999999999 0.0103939495086669 0.012727352142333892 0.14000088 0.14200087 "" "" 0.16592978173812942 "" 0.02342996183671826 ""
292.09670351604 14.91897470467 0.0437 0.0496 8.1339 "" "" 4321279232044306944 2449.3584 0.4005 0.0644 -0.378 -0.546 0.058 0.057 0.968 6604.3 4.3591 16.897362 1.838596 17.799839 15.961243 "" "" 2113.39136 2927.27393 3280.96898 2.4921 1036.3 5.6519 3270.9 8.9099 "" "" 0.0028760899404085853 0.0065459493 0.004799035 0.011344984 292.09670351604 14.91897470467 2449.3584 -0.3780000000000001 -0.546 1.9863939495086669 4.445727352142334 0.14300087 0.14200087 "" "" 56.53257527511959 "" 8.037110325859961 ""
292.35802242776 14.97361565019 0.0465 0.0501 8.9217 "" "" 4321283183414084608 1918.92505 0.5001 0.0663 2.77 -7.227 0.058 0.061 0.958 4754.2 4.1643 16.897997 2.325838 18.138914 15.813076 "" "" 1704.17029 2229.96851 3279.05208 2.3707 758.32 6.5783 3749.1 9.334 "" "" 0.002864954782029754 0.009823172 0.004646566 0.014469739 292.35802242776 14.97361565019 1918.92505 2.7700000000000014 -7.226999999999995 5.134393949508667 -2.2352726478576663 0.14300087 0.14600088 "" "" 50.934683702079155 "" 7.308264925588539 ""
292.40907195179 15.07460215747 0.0538 0.0566 15.1976 "" "" 4321285691675622144 1779.13416 0.5375 0.0699 -0.228 -0.742 0.071 0.073 1.039 4990.3 4.2862 16.89893 1.989172 17.910643 15.921471 "" "" 1556.51575 1976.73108 3276.2317 2.3197 935.75 7.1352 3392.9 8.2735 "" "" 0.0028605517134898434 0.008736395 0.004614455 0.01335085 292.40907195179 15.07460215747 1779.13416 -0.22799999999999998 -0.7419999999999999 2.136393949508667 4.249727352142334 0.15600088 0.15800087 "" "" 40.11208227982056 "" 6.321641810559474 ""
292.38199562428 14.80847436624 0.0422 0.047 9.8392 "" "" 4321225184173624448 1822.27966 0.5191 0.0585 1.373 -2.099 0.054 0.057 0.999 7168.9 4.3328 16.900492 1.841339 17.808104 15.966764 "" "" 1676.71216 2033.20471 3271.52138 2.0011 1028.4 6.497 3254.3 7.6948 "" "" 0.0028342262236247346 0.007405 0.0045688483 0.011973849 292.38199562428 14.80847436624 1822.27966 1.373 -2.099 3.737393949508667 2.892727352142334 0.13900088 0.14200087 "" "" 40.82215474374203 "" 5.720502722364718 ""
292.06735604648 15.01401191998 0.0435 0.0462 12.2626 "" "" 4321282255701440256 2135.49463 0.4426 0.0646 0.219 -1.493 0.056 0.053 0.994 7169.1 4.3398 16.900772 1.659391 17.691454 16.032063 "" "" 1879.51074 2455.81616 3270.68167 2.1653 1145.1 7.3185 3064.3 7.5212 "" "" 0.0028475346011709703 0.0074790455 0.0046244343 0.012103479 292.06735604648 15.01401191998 2135.49463 0.219 -1.4929999999999988 2.583393949508667 3.4987273521423337 0.14100087 0.13800088 "" "" 44.02305706696082 "" 6.122144510625803 ""
292.37498900133 14.94999042823 0.0448 0.0497 9.0603 "" "" 4321236144930327168 2182.05688 0.4608 0.0643 -0.364 -5.161 0.057 0.06 0.994 6549.0 4.0644 16.90083 1.884247 17.831919 15.947672 "" "" 1937.49683 2578.61768 3270.50878 2.2195 1006.1 5.8375 3312.0 7.9258 "" "" 0.002852139541021475 0.00688981 0.0045863395 0.01147615 292.37498900133 14.94999042823 2182.05688 -0.36400000000000055 -5.161 2.000393949508667 -0.1692726478576656 0.14200087 0.14500087 "" "" 20.7639168272729 "" 2.9489417447612998 ""
292.44192816298 14.81095856319 0.0406 0.0471 12.9452 "" "" 4321224668777511680 1757.71924 0.5427 0.0604 -2.703 -7.805 0.052 0.055 0.996 6712.8 4.3437 16.901558 1.824941 17.787823 15.962882 "" "" 1612.71899 1970.82751 3268.3137 2.1218 1047.8 6.227 3265.9 10.338 "" "" 0.0028440502702282494 0.007029878 0.0051083774 0.012138255 292.44192816298 14.81095856319 1757.71924 -2.7029999999999976 -7.8049999999999935 -0.33860605049133286 -2.8132726478576657 0.13700087 0.14000088 "" "" 23.60819722104257 "" 3.3041677081555627 ""
292.25146251918 15.13269423574 0.0485 0.0543 14.786 "" "" 4321289265088066560 1965.28516 0.5027 0.0734 -0.076 -2.437 0.06 0.064 1.061 8170.7 4.335 16.902729 1.921701 17.866312 15.944612 "" "" 1724.0929 2259.64478 3264.78642 2.1411 974.75 7.0027 3321.3 9.7003 "" "" 0.002845838224122284 0.0082840575 0.004933478 0.013217535 292.25146251918 15.13269423574 1965.28516 -0.0760000000000001 -2.4370000000000025 2.288393949508667 2.554727352142334 0.14500087 0.14900088 "" "" 31.94993330732011 "" 4.704103888227123 ""
292.00761719259 14.88773005535 0.0444 0.0497 13.0695 "" "" 4319777711480355712 2012.70349 0.4833 0.0656 -0.108 -2.682 0.058 0.056 1.027 6371.9 4.2988 16.903269 1.995877 17.919662 15.923785 "" "" 1777.55859 2275.61011 3263.1685 2.1715 928.01 8.6106 3385.7 7.6309 "" "" 0.0028484753720437015 0.010453325 0.0045024464 0.014955771 292.00761719259 14.88773005535 2012.70349 -0.10799999999999979 -2.682 2.256393949508667 2.309727352142334 0.14300087 0.14100087 "" "" 30.804928921157405 "" 4.373715577510135 ""
292.50221763834 14.98776840638 0.0492 0.0509 16.7391 "" "" 4321237244442279424 2198.64355 0.445 0.068 -3.812 -3.9 0.061 0.058 1.159 "" "" 16.904858 1.907734 17.821175 15.913441 "" "" 1950.66443 2537.30005 3258.39293 2.6609 1016.1 7.4131 3418.1 6.7867 "" "" 0.002894464974602929 0.0083981855 0.0043509747 0.01274916 292.50221763834 14.98776840638 2198.64355 -3.8120000000000007 -3.9 -1.4476060504913328 1.091727352142334 0.14600088 0.14300087 "" "" 18.89563753681716 "" 2.73836319898715 ""
292.25925784922 15.01921953983 0.0533 0.054 8.0833 "" "" 4321284489074753536 2532.05786 0.3726 0.0672 -2.398 -4.352 0.07 0.069 1.103 "" "" 16.90511 "" "" "" "" "" 2191.37231 3159.61279 3257.6378 5.4283 "" "" "" "" "" "" 0.0032962062184724865 "" "" "" 292.25925784922 15.01921953983 2532.05786 -2.398 -4.352 -0.03360605049133314 0.6397273521423337 0.15500087 0.15400088 "" "" 7.688565167852841 "" 1.1840670161351858 ""
292.37301401228 15.01277344663 0.0487 0.0527 11.0862 "" "" 4321283664450448768 2471.02686 0.3764 0.0694 -2.35 -4.967 0.061 0.06 0.994 9189.9 4.2965 16.90556 1.89963 17.844955 15.945326 "" "" 2161.83667 2867.44629 3256.28698 2.4783 994.11 8.828 3319.2 9.5018 "" "" 0.0028765633867837985 0.010037271 0.0048932703 0.014930542 292.37301401228 15.01277344663 2471.02686 -2.349999999999999 -4.967 0.014393949508666903 0.024727352142334347 0.14600088 0.14500087 "" "" 0.3351189856348826 "" 0.048677579354746564 ""
292.21023145963 14.95364454178 0.0488 0.0541 4.2164 "" "" 4321277754575506048 2153.67554 0.4581 0.0614 -6.047 -7.669 0.065 0.07 1.032 "" "" 16.908636 1.834053 17.813078 15.979025 "" "" 1923.17126 2565.1062 3247.07345 2.1599 1023.7 7.1587 3217.7 7.2216 "" "" 0.00284839995725283 0.008088966 0.0044968333 0.012585799 292.21023145963 14.95364454178 2153.67554 -6.046999999999997 -7.6689999999999925 -3.6826060504913327 -2.6772726478576656 0.15000087 0.15500087 "" "" 46.47846038621867 "" 7.053032009036202 ""
292.51962628268 14.89185616594 0.0465 0.0485 16.6224 "" "" 4321232021745172608 2237.42383 0.4483 0.0662 -3.339 -5.324 0.058 0.057 1.051 "" "" 16.908796 2.321688 18.087168 15.76548 "" "" 1859.34888 2635.1272 3246.59427 2.5747 795.33 13.016 3917.1 25.42 "" "" 0.0028867244284221144 0.017986383 0.007995507 0.02598189 292.51962628268 14.89185616594 2237.42383 -3.3389999999999986 -5.324000000000006 -0.974606050491333 -0.33227264785766586 0.14300087 0.14200087 "" "" 10.920265887987679 "" 1.5604739676148518 ""
292.28101990219 14.72451139608 0.0419 0.0467 10.1339 "" "" 4321222950790611328 1828.28833 0.5236 0.0617 -3.132 -5.427 0.055 0.055 1.012 7128.6 4.3272 16.909716 1.938417 17.878216 15.939798 "" "" 1651.64783 2070.56787 3243.84579 2.164 964.12 5.85 3336.1 9.0818 "" "" 0.002848930825769264 0.007154431 0.0047978912 0.011952322 292.28101990219 14.72451139608 1828.28833 -3.131999999999998 -5.426999999999994 -0.7676060504913331 -0.4352726478576656 0.14000088 0.14000088 "" "" 7.647208105403745 "" 1.0706158624991746 ""
292.31461333466 14.88975980873 0.0449 0.0529 4.7351 "" "" 4321229754018968576 2151.76831 0.4509 0.0626 1.722 -1.017 0.057 0.065 0.92 7084.7 4.294 16.911428 1.969399 17.905523 15.936125 "" "" 1902.48242 2417.62964 3238.73637 2.2552 940.17 7.1152 3347.4 7.0716 "" "" 0.0028571588838113273 0.008677647 0.0044209426 0.01309859 292.31461333466 14.88975980873 2151.76831 1.722 -1.017 4.0863939495086665 3.974727352142334 0.14200087 0.15000087 "" "" 58.14280397615519 "" 8.48564305877719 ""
292.1231028278 15.12609079476 0.0455 0.0469 15.701 "" "" 4321300878679728640 2215.06665 0.4605 0.0643 -4.494 -11.615 0.057 0.055 0.97 6637.9 4.3421 16.913681 1.790313 17.788898 15.998586 "" "" 1894.35376 2612.81299 3232.02477 2.2525 1046.8 6.6805 3160.3 8.4911 "" "" 0.0028573343824783 0.007469663 0.004774258 0.012243921 292.1231028278 15.12609079476 2215.06665 -4.493999999999996 -11.615 -2.129606050491333 -6.623272647857666 0.14200087 0.14000088 "" "" 73.04678595051875 "" 10.240391274821386 ""
292.09122886844 15.09345597545 0.0454 0.0488 14.8697 "" "" 4321294865725500288 2011.51379 0.4838 0.0655 -0.067 -1.037 0.057 0.055 1.053 4906.8 4.2898 16.917097 1.787577 17.723274 15.935698 "" "" 1796.02209 2313.00977 3221.86678 2.4098 1112.0 11.845 3348.7 43.242 "" "" 0.0028725006693168255 0.011897049 0.014520654 0.026417702 292.09122886844 15.09345597545 2011.51379 -0.0669999999999999 -1.037 2.297393949508667 3.954727352142334 0.14200087 0.14000088 "" "" 43.60740729909772 "" 6.127198482090567 ""
291.98757594766 14.94572457352 0.0462 0.0534 14.6607 "" "" 4321280056678162048 1995.06421 0.4638 0.0694 -2.008 -4.46 0.059 0.061 1.086 9267.5 3.8335 16.917627 2.466281 18.1959 15.729619 "" "" 1788.13135 2330.91528 3220.29731 2.3066 719.54 6.6857 4048.7 33.215 "" "" 0.0028629660694917355 0.0104669975 0.009675876 0.020142874 291.98757594766 14.94572457352 1995.06421 -2.008 -4.46 0.356393949508667 0.531727352142334 0.14400087 0.14600088 "" "" 6.053339493028427 "" 0.8800577875246347 ""
292.28477731752 15.04806913952 0.0534 0.0529 10.1247 "" "" 4321284622208299776 2566.85107 0.3827 0.062 0.296 0.894 0.067 0.067 1.006 "" "" 16.918583 1.909082 17.850056 15.940974 "" "" 2224.24487 3062.0481 3217.46387 2.1504 989.45 5.8793 3332.5 13.112 "" "" 0.0028492742471765103 0.007028941 0.005703773 0.012732714 292.28477731752 15.04806913952 2566.85107 0.29600000000000015 0.8940000000000001 2.660393949508667 5.885727352142334 0.15200087 0.15200087 "" "" 78.58659445675572 "" 11.945231064187722 ""
292.08740173571 14.9765722752 0.0436 0.0492 10.01 "" "" 4321280430320572160 2023.24475 0.4928 0.0652 -0.761 -5.118 0.055 0.056 1.031 5682.8 4.5754 16.919855 1.672445 17.673838 16.001392 "" "" 1806.24927 2362.13843 3213.69763 2.4934 1163.8 11.307 3152.1 14.7 "" "" 0.002881215701252226 0.010911335 0.00631836 0.017229695 292.08740173571 14.9765722752 2023.24475 -0.7610000000000001 -5.118 1.6033939495086669 -0.12627264785766634 0.14000088 0.14100087 "" "" 15.424447330020142 "" 2.159531606451384 ""
292.09477953023 14.63057124108 0.0453 0.0469 17.3455 "" "" 4319722564098448384 2196.63623 0.4317 0.064 -2.193 -3.951 0.059 0.057 0.958 7377.7 4.0 16.922464 2.486984 18.27911 15.792126 "" "" 1944.849 2642.36865 3205.98231 2.1982 666.46 7.2082 3822.2 10.934 "" "" 0.0028541166770528173 0.012069872 0.004891876 0.016961748 292.09477953023 14.63057124108 2196.63623 -2.193 -3.951 0.17139394950866693 1.040727352142334 0.14400087 0.14200087 "" "" 10.982075036011755 "" 1.5600481491305227 ""
291.94691021599 14.98814376735 0.0447 0.0517 17.663 "" "" 4321292181351106176 2580.93774 0.3767 0.0676 -5.214 -8.253 0.057 0.06 0.996 7144.6 4.3316 16.925632 1.92756 17.868877 15.941318 "" "" 2152.96411 3041.6897 3196.63955 2.1298 972.45 5.8895 3331.4 13.076 "" "" 0.002848697113168287 0.007143079 0.005696046 0.0128391255 291.94691021599 14.98814376735 2580.93774 -5.214000000000002 -8.253 -2.8496060504913334 -3.261272647857666 0.14200087 0.14500087 "" "" 52.98192871214593 "" 7.614019496408842 ""
291.99714267173 14.86923951487 0.0438 0.0483 13.7184 "" "" 4319777608401130368 1857.56348 0.5172 0.0652 -4.152 -7.185 0.055 0.054 1.002 4721.2 4.2616 16.93221 2.024874 17.890755 15.865881 "" "" 1645.71606 2085.15405 3177.33189 2.9154 953.05 11.827 3571.1 33.836 "" "" 0.0029298915989806047 0.013759454 0.010959571 0.024719026 291.99714267173 14.86923951487 1857.56348 -4.152000000000001 -7.185 -1.7876060504913331 -2.1932726478576656 0.14000088 0.13900088 "" "" 24.913185653534907 "" 3.4729200613035385 ""
292.09855533861 15.01788517798 0.0504 0.0538 11.0682 "" "" 4321282221341680768 2482.98364 0.3841 0.0681 -1.978 -5.292 0.065 0.061 1.11 "" "" 16.932268 1.676523 17.72744 16.050917 "" "" 2097.21655 2945.44336 3177.16467 2.3009 1107.7 7.6459 3011.6 10.99 "" "" 0.0028653167651422804 0.007996843 0.005475574 0.013472417 292.09855533861 15.01788517798 2482.98364 -1.9780000000000002 -5.292000000000001 0.386393949508667 -0.30027264785766583 0.15000087 0.14600088 "" "" 5.759334040259898 "" 0.8553038832639082 ""
292.43275771735 14.93796023062 0.05 0.0506 11.9797 "" "" 4321235457735505536 1867.44873 0.5145 0.0701 -0.107 -1.284 0.062 0.061 1.067 4922.3 4.2537 16.934761 2.023646 17.933687 15.910041 "" "" 1652.06372 2179.09961 3169.87437 2.3257 916.1 7.6284 3428.8 7.218 "" "" 0.002868161129469645 0.009461719 0.0044167484 0.013878467 292.43275771735 14.93796023062 1867.44873 -0.10700000000000003 -1.2840000000000007 2.257393949508667 3.707727352142334 0.14700088 0.14600088 "" "" 38.42402486231401 "" 5.620358469209542 ""
292.36982676092 14.98198235183 0.29 0.3428 9.7702 "" "" 4321283561371207808 2000.77112 0.7248 0.4304 -16.688 -17.571 0.364 0.404 10.433 "" "" 16.937645 1.95352 17.596733 15.643213 "" "" 1246.95093 3529.22607 3161.46649 4.3077 1249.5 7.053 4384.0 10.506 "" "" 0.003127358165320295 0.006733862 0.0045884233 0.011322286 292.36982676092 14.98198235183 2000.77112 -16.688000000000002 -17.57099999999998 -14.323606050491332 -12.579272647857668 0.44900087 0.4890009 "" "" 180.7883654372956 "" 84.3991798916202 ""
292.14099291523 14.88961232085 0.0714 0.0906 5.3379 "" "" 4321275967869085696 2114.03662 0.4597 0.0904 -1.259 -4.374 0.086 0.102 0.919 "" "" 16.938358 2.521608 17.523178 15.00157 "" "" 1731.65723 2720.56348 3159.39222 3.414 1337.0 79.816 7916.4 194.93 "" "" 0.0029947061720978388 0.064876124 0.027000515 0.09187664 292.14099291523 14.88961232085 2114.03662 -1.259 -4.3739999999999934 1.105393949508667 0.6177273521423343 0.17100087 0.18700087 "" "" 12.688871794919352 "" 2.2198062701681476 ""
292.31820123345 15.08459534416 0.0491 0.0514 12.8481 "" "" 4321285176279074688 1961.49866 0.5147 0.0631 -1.012 -4.025 0.064 0.063 0.985 5000.4 4.1884 16.940042 1.828587 17.835447 16.00686 "" "" 1720.99414 2212.04395 3154.49695 1.9543 1002.9 6.2784 3136.3 8.325 "" "" 0.0028362368944654798 0.007347374 0.004752845 0.01210022 292.31820123345 15.08459534416 1961.49866 -1.012 -4.025 1.352393949508667 0.9667273521423336 0.14900088 0.14800087 "" "" 15.456050960084234 "" 2.2977499129590075 ""
