Clusters/King_26/King_26_members.tsv
# %ECSV 1.0
# ---
# datatype:
# - name: RA_ICRS_1
#   unit: deg
#   datatype: float64
#   format: '{:15.11f}'
#   description: Right ascension (ICRS) at Ep=2016.0 (ra)
#   meta: !!omap
#   - {ucd: POS_EQ_RA_MAIN}
#   - {width: 15}
#   - {precision: '11'}
# - name: DE_ICRS_1
#   unit: deg
#   datatype: float64
#   format: '{:15.11f}'
#   description: Declination (ICRS) at Ep=2016.0 (dec)
#   meta: !!omap
#   - {ucd: POS_EQ_DEC_MAIN}
#   - {width: 15}
#   - {precision: '11'}
# - name: e_RA_ICRS
#   unit: mas
#   datatype: float64
#   format: '{:7.4f}'
#   description: Standard error of right ascension (ra_error)
#   meta: !!omap
#   - {ucd: ERROR}
#   - {width: 7}
#   - {precision: '4'}
# - name: e_DE_ICRS
#   unit: mas
#   datatype: float64
#   format: '{:7.4f}'
#   description: Standard error of declination (dec_error)
#   meta: !!omap
#   - {ucd: ERROR}
#   - {width: 7}
#   - {precision: '4'}
# - name: _r_1
#   unit: ''
#   datatype: float64
#   format: '{:7.4f}'
#   description: Distance from center (292.23300630000+14.88690607000)[ICRS], at Epoch=J2016.0
#   meta: !!omap
#   - {ucd: POS_ANG_DIST_GENERAL}
#   - {width: 7}
#   - {precision: '4'}
# - name: HIP
#   datatype: int32
#   description: '? HIP cross-id number, van Leeuwen, Cat. I/311 (hip_original_ext_source_id)'
#   meta: !!omap
#   - {ucd: ID_NUMBER}
#   - {width: 6}
#   - values: {'null': -2147483648}
# - name: TYC2
#   datatype: string
#   description: Tycho-2 cross-id name, Hog et al., Cat. I/259 (tyc2_original_ext_source_id)
#   meta: !!omap
#   - {ucd: ID_CROSSID}
#   - {_votable_string_dtype: char}
# - name: Source
#   datatype: int64
#   description: Source identifier, identical to the Gaia-EDR3 source_id (id)
#   meta: !!omap
#   - {ucd: ID_MAIN}
#   - {width: 19}
# - name: rgeo
#   unit: pc
#   datatype: float64
#   format: '{:15.8f}'
#   description: '? Median of the geometric distance posterior (r_med_geo)'
#   meta: !!omap
#   - {ucd: PHYS_DISTANCE_TRUE}
#   - {width: 15}
#   - {precision: '8'}
#   - values: {'null': .nan}
# - name: Plx
#   unit: mas
#   datatype: float64
#   format: '{:9.4f}'
#   description: '? Parallax (parallax)'
#   meta: !!omap
#   - {ucd: POS_PARLX_TRIG}
#   - {width: 9}
#   - {precision: '4'}
#   - values: {'null': .nan}
# - name: e_Plx
#   unit: mas
#   datatype: float32
#   format: '{:7.4f}'
#   description: '? Standard error of parallax (parallax_error)'
#   meta: !!omap
#   - {ucd: ERROR}
#   - {width: 7}
#   - {precision: '4'}
#   - values: {'null': .nan}
# - name: pmRA
#   unit: mas / yr
#   datatype: float64
#   format: '{:9.3f}'
#   description: '? Proper motion in right ascension direction, pmRA*cosDE (pmra)'
#   meta: !!omap
#   - {ucd: POS_EQ_PMRA}
#   - {width: 9}
#   - {precision: '3'}
#   - values: {'null': .nan}
# - name: pmDE
#   unit: mas / yr
#   datatype: float64
#   format: '{:9.3f}'
#   description: '? Proper motion in declination direction (pmdec)'
#   meta: !!omap
#   - {ucd: POS_EQ_PMDEC}
#   - {width: 9}
#   - {precision: '3'}
#   - values: {'null': .nan}
# - name: e_pmRA
#   unit: mas / yr
#   datatype: float32
#   format: '{:6.3f}'
#   description: '? Standard error of proper motion in right ascension direction (pmra_error)'
#   meta: !!omap
#   - {ucd: ERROR}
#   - {width: 6}
#   - {precision: '3'}
#   - values: {'null': .nan}
# - name: e_pmDE
[...]
#         unit: &id001 !astropy.units.Unit {unit: deg}
#         value: !astropy.table.SerializedColumn {name: SkyCoord.dec}
#       distance: !astropy.table.SerializedColumn
#         __class__: astropy.coordinates.distances.Distance
#         unit: !astropy.units.Unit {unit: pc}
#         value: !astropy.table.SerializedColumn {name: SkyCoord.distance}
#       frame: icrs
#       obstime: !astropy.time.Time {format: jyear_str, in_subfmt: '*', jd1: 367701545.0, jd2: 0.0, out_subfmt: '*', precision: 3, scale: tt}
#       pm_dec: !astropy.table.SerializedColumn
#         __class__: astropy.units.quantity.Quantity
#         unit: !astropy.units.Unit {unit: mas / yr}
#         value: !astropy.table.SerializedColumn {name: SkyCoord.pm_dec}
#       pm_ra_cosdec: !astropy.table.SerializedColumn
#         __class__: astropy.units.quantity.Quantity
#         unit: !astropy.units.Unit {unit: mas / yr}
#         value: !astropy.table.SerializedColumn {name: SkyCoord.pm_ra_cosdec}
#       ra: !astropy.table.SerializedColumn
#         __class__: astropy.coordinates.angles.Longitude
#         unit: *id001
#         value: !astropy.table.SerializedColumn {name: SkyCoord.ra}
#         wrap_angle: !astropy.coordinates.Angle
#           unit: *id001
#           value: 360.0
#       representation_type: spherical
# schema: astropy-2.0
RA_ICRS_1 DE_ICRS_1 e_RA_ICRS e_DE_ICRS _r_1 HIP TYC2 Source rgeo Plx e_Plx pmRA pmDE e_pmRA e_pmDE RUWE Teff logg Gmag BP-RP BPmag RPmag RV e_RV b_rgeo B_rgeo FG e_FG FBP e_FBP FRP e_FRP RAVE5 RAVE6 e_Gmag e_BPmag e_RPmag e_BP-RP SkyCoord.ra SkyCoord.dec SkyCoord.distance SkyCoord.pm_ra_cosdec SkyCoord.pm_dec Pmemb
292.26962832877 14.76684988384 0.0087 0.0093 7.51 "" "" 4321226455483980544 2324.43213 0.4213 0.0122 -2.421 -5.067 0.012 0.011 0.868 "" "" 12.399184 2.239796 13.57685 11.337054 24.8 0.53 2270.43286 2381.80469 206667.9121 40.588 50661.0 38.456 231390.0 85.637 "" "" 0.002763558677283927 0.0029093467 0.0038006832 0.00671003 292.26962832877 14.76684988384 2324.43213 -2.4210000000000003 -5.066999999999998 1.0
292.25367408261 14.86571242336 0.01 0.0112 1.7474 "" "" 4321229479141079168 2213.87134 0.4156 0.014 -2.363 -4.98 0.012 0.013 0.977 "" "" 13.483816 1.279009 14.038415 12.759406 "" "" 2152.02563 2270.94775 76106.24137 17.548 33117.0 29.988 62430.0 18.467 "" "" 0.0027666694641853276 0.0029583166 0.0037930033 0.00675132 292.25367408261 14.86571242336 2213.87134 -2.363 -4.98 1.0
292.25054319844 14.87285421031 0.0106 0.0116 1.321 "" "" 4321229513500824832 2209.96094 0.4128 0.0152 -2.421 -5.098 0.013 0.013 0.997 9661.0 3.5193 13.634622 1.424289 14.273839 12.84955 "" "" 2149.83276 2291.03247 66236.62102 104.27 26661.0 133.27 57456.0 244.65 "" "" 0.003242384058517223 0.006102471 0.0059713367 0.012073807 292.25054319844 14.87285421031 2209.96094 -2.421 -5.098 1.0
292.15308740667 14.89182152815 0.0111 0.0121 4.6435 "" "" 4321275967869078144 2213.24438 0.4158 0.015 -2.357 -4.987 0.015 0.015 0.961 "" "" 13.746525 1.411289 14.377596 12.966307 "" "" 2146.42603 2298.49683 59749.8738 21.832 24231.0 29.505 51598.0 40.813 "" "" 0.002783733788939666 0.0030875346 0.0038757266 0.0069632614 292.15308740667 14.89182152815 2213.24438 -2.357 -4.987 1.0
292.24481616071 14.87179452542 0.0112 0.012 1.1363 "" "" 4321276414545604480 2267.35034 0.4027 0.0156 -2.389 -4.962 0.014 0.014 0.981 "" "" 13.867133 1.315603 14.441539 13.125936 "" "" 2191.75122 2334.5918 53467.94438 12.681 22846.0 23.905 44543.0 17.146 "" "" 0.002767326835540093 0.0030125887 0.0038024196 0.0068150084 292.24481616071 14.87179452542 2267.35034 -2.389 -4.961999999999998 1.0
292.21493297217 14.87804061676 0.0114 0.0127 1.1753 "" "" 4321275005796350080 2248.36426 0.4108 0.0161 -2.307 -5.128 0.015 0.016 0.99 8760.2 3.4701 13.947394 1.429925 14.587565 13.15764 "" "" 2166.57788 2321.104 49657.96108 13.693 19971.0 16.643 43262.0 21.463 "" "" 0.0027715379179054276 0.0029332107 0.0038175744 0.006750785 292.21493297217 14.87804061676 2248.36426 -2.307 -5.128 1.0
292.27828293694 14.85796772081 0.0114 0.0126 3.1478 "" "" 4321229238622883968 2393.17749 0.3792 0.0161 -2.473 -5.013 0.015 0.015 1.022 "" "" 13.965266 1.396097 14.585361 13.189264 "" "" 2317.67822 2512.23486 48847.27344 12.21 20011.0 18.237 42020.0 19.03 "" "" 0.0027686538075950883 0.002960427 0.003811234 0.006771661 292.27828293694 14.85796772081 2393.17749 -2.472999999999999 -5.013000000000001 1.0
292.22045542358 14.87868910693 0.0156 0.0168 0.8791 "" "" 4321276483265097472 1997.61218 0.4643 0.0214 -2.126 -4.476 0.02 0.021 1.007 "" "" 14.801253 1.439536 15.448246 14.00871 "" "" 1923.15125 2079.89185 22617.54313 6.6426 9039.0 11.933 19755.0 13.405 "" "" 0.0027737103368539787 0.003136806 0.003850521 0.006987327 292.22045542358 14.87868910693 1997.61218 -2.1259999999999994 -4.475999999999999 0.8
292.20218161962 14.88955019536 0.0157 0.0171 1.7944 "" "" 4321275211954798720 2415.08887 0.3851 0.022 -2.371 -5.023 0.021 0.022 0.99 8597.3 3.3444 14.809984 1.358281 15.409111 14.05083 "" "" 2289.70679 2598.33521 22436.40348 6.5269 9370.7 13.922 19003.0 11.904 "" "" 0.002773364257662089 0.0032228949 0.0038400926 0.0070629874 292.20218161962 14.88955019536 2415.08887 -2.371 -5.022999999999998 1.0
292.22397228225 14.91067944448 0.02 0.0206 1.5195 "" "" 4321276792502769152 2483.42773 0.3695 0.025 -2.391 -5.016 0.028 0.027 1.01 9215.0 3.6833 14.945883 1.464729 15.605088 14.140359 "" "" 2371.23975 2601.31787 19796.74427 5.3777 7823.1 15.138 17499.0 12.098 "" "" 0.0027710605137011 0.003492707 0.0038532023 0.0073459093 292.22397228225 14.91067944448 2483.42773 -2.391 -5.015999999999998 1.0
292.14685623852 14.85771155897 0.0182 0.0197 5.294 "" "" 4321274730918464896 2238.83618 0.4077 0.0247 -2.342 -5.013 0.027 0.026 0.971 "" "" 15.005476 1.34166 15.595184 14.253524 "" "" 2130.11475 2378.82178 18739.42522 5.8939 7894.8 10.259 15767.0 14.91 "" "" 0.002776400721576431 0.0031265977 0.0039163614 0.0070429593 292.14685623852 14.85771155897 2238.83618 -2.342 -5.012999999999999 1.0
292.21977741968 14.86868937183 0.0176 0.0195 1.3353 "" "" 4321275005796339712 2214.71436 0.4207 0.0244 -2.384 -4.988 0.024 0.024 1.01 7998.7 3.8702 15.115944 1.453316 15.767892 14.314576 "" "" 2087.95825 2359.69385 16926.58093 5.3545 6733.8 9.2983 14905.0 11.78 "" "" 0.002776644192709664 0.0031674488 0.0038755725 0.0070430213 292.21977741968 14.86868937183 2214.71436 -2.384 -4.987999999999999 1.0
292.25188076343 14.88277483683 0.0183 0.0195 1.1222 "" "" 4321276448905980928 2227.5 0.4143 0.0258 -2.334 -5.054 0.024 0.024 0.984 "" "" 15.118876 1.477069 15.784864 14.307796 "" "" 2116.99487 2382.99292 16880.91915 4.9784 6629.4 14.628 14998.0 14.172 "" "" 0.0027738629888283462 0.0036775665 0.0039161565 0.007593723 292.25188076343 14.88277483683 2227.5 -2.3340000000000014 -5.054000000000001 1.0
292.20439103175 14.88049018582 0.0191 0.0223 1.7034 "" "" 4321275211954789120 2292.15601 0.4009 0.0276 -2.315 -4.994 0.027 0.029 0.998 7973.9 4.0223 15.276842 1.409763 15.906304 14.496541 "" "" 2158.89844 2473.29199 14595.1981 4.741 5927.8 9.7703 12605.0 11.561 "" "" 0.002777800309165807 0.003314734 0.003908371 0.007223105 292.20439103175 14.88049018582 2292.15601 -2.315 -4.994 1.0
292.17695955056 14.87375964186 0.0203 0.0213 3.3444 "" "" 4321275143235322752 2320.84351 0.3969 0.026 -2.379 -4.918 0.028 0.028 1.013 9220.1 3.7918 15.32438 1.290206 15.887147 14.596941 "" "" 2181.3186 2466.15601 13969.95205 4.3794 6033.3 12.994 11492.0 12.893 "" "" 0.002776263181662496 0.0036404666 0.0039708302 0.007611297 292.17695955056 14.87375964186 2320.84351 -2.3790000000000004 -4.918000000000002 1.0
292.23864017694 14.8825346091 0.0203 0.0224 0.419 "" "" 4321276448905352320 2467.27734 0.3713 0.0277 -2.353 -5.041 0.026 0.027 0.966 "" "" 15.397029 1.423126 16.029837 14.60671 "" "" 2314.58374 2633.35693 13065.77284 4.2351 5290.3 9.5476 11389.0 13.818 "" "" 0.0027777044759571086 0.0034094814 0.004002374 0.0074118553 292.23864017694 14.8825346091 2467.27734 -2.3530000000000006 -5.041000000000002 0.9
292.19822755853 14.87826686714 0.0206 0.0244 2.0823 "" "" 4321275211954791040 1979.18616 0.4755 0.0303 -2.35 -4.9 0.028 0.031 0.934 9002.6 3.5198 15.437863 1.414098 16.070242 14.656144 "" "" 1855.71729 2111.35327 12583.50103 4.2021 5097.1 9.0865 10882.0 10.932 "" "" 0.0027790726478815857 0.003395775 0.0039336253 0.0073294006 292.19822755853 14.87826686714 1979.18616 -2.35 -4.9 1.0
292.24938860462 14.89605221648 0.0215 0.0225 1.097 "" "" 4321276620704049920 2419.17944 0.3819 0.0279 -2.459 -5.072 0.028 0.028 0.999 9208.2 3.9127 15.454823 1.63191 16.218601 14.586691 "" "" 2271.85571 2568.8999 12388.46787 3.7577 4446.1 8.887 11601.0 11.425 "" "" 0.0027749317844061837 0.0035348022 0.0039277286 0.007462531 292.24938860462 14.89605221648 2419.17944 -2.459 -5.072 1.0
292.20753795023 14.8353449798 0.022 0.0238 3.4282 "" "" 4321227864233375104 2279.85327 0.4002 0.031 -2.423 -4.975 0.03 0.03 1.062 8613.6 4.196 15.539562 1.333159 16.117182 14.784022 "" "" 2133.81958 2490.53516 11458.34739 3.9725 4881.4 10.228 9672.7 24.279 "" "" 0.0027809130167885283 0.0036000577 0.0046594795 0.008259537 292.20753795023 14.8353449798 2279.85327 -2.423 -4.975000000000001 1.0
292.25368260573 14.86861059666 0.0217 0.0251 1.6256 "" "" 4321229513500820096 2232.95117 0.4269 0.0312 -2.425 -4.984 0.028 0.03 1.033 9246.7 3.8486 15.567122 1.412138 16.203539 14.791401 "" "" 2097.60547 2419.53882 11171.16079 3.7674 4508.2 9.549 9607.2 10.815 "" "" 0.00277954323723203 0.0036157789 0.0039721006 0.0075878794 292.25368260573 14.86861059666 2232.95117 -2.425 -4.984 1.0
292.24662334828 14.88309490302 0.0217 0.0238 0.8221 "" "" 4321276448905348608 2505.96973 0.3724 0.03 -2.306 -5.0 0.028 0.029 0.956 "" "" 15.631631 1.43854 16.277948 14.839408 "" "" 2346.68481 2688.15576 10526.7526 3.4453 4209.6 9.1692 9191.7 10.326 "" "" 0.0027781402752025982 0.003657575 0.003971328 0.007628903 292.24662334828 14.88309490302 2505.96973 -2.306000000000001 -5.000000000000002 1.0
292.26133745598 14.86425694441 0.0233 0.026 2.1321 "" "" 4321229444781685760 2525.34229 0.3701 0.0329 -2.32 -4.941 0.03 0.032 1.057 9226.8 3.7943 15.694949 1.466883 16.361202 14.89432 "" "" 2362.71265 2753.99731 9930.4074 3.3302 3898.8 9.805 8738.4 9.0174 "" "" 0.0027792737206148973 0.0039039257 0.0039419574 0.007845883 292.26133745598 14.86425694441 2525.34229 -2.3200000000000003 -4.940999999999998 0.8
292.23514476028 14.88316280439 0.0235 0.0259 0.2566 "" "" 4321276483265092992 2159.34326 0.4432 0.032 -2.334 -4.914 0.031 0.032 0.999 "" "" 15.755657 1.446883 16.404476 14.957593 "" "" 2039.98401 2287.59521 9390.39241 3.1158 3746.5 10.488 8243.7 9.8293 "" "" 0.0027787718759349476 0.0041259113 0.0039949506 0.008120862 292.23514476028 14.88316280439 2159.34326 -2.334 -4.9140000000000015 0.9
292.22534158535 14.90193231291 0.025 0.0264 1.0052 "" "" 4321276723773435520 2188.94116 0.4222 0.0325 -2.146 -4.953 0.032 0.033 1.034 9462.9 3.9707 15.779546 1.446074 16.374266 14.928192 "" "" 2038.43408 2395.96436 9186.04535 3.9074 3852.2 29.105 8470.0 76.267 "" "" 0.0027937569275518787 0.008664725 0.010481465 0.01914619 292.22534158535 14.90193231291 2188.94116 -2.146 -4.953000000000001 0.9
292.23658210509 14.87289040475 0.0234 0.0261 0.8661 "" "" 4321276414545607936 2237.12646 0.4118 0.0322 -2.615 -4.99 0.031 0.032 0.998 8499.3 3.6017 15.78006 1.461561 16.442322 14.980761 "" "" 2110.29028 2431.55176 9181.69406 3.5684 3618.2 9.4505 8069.6 10.083 "" "" 0.002787443755988359 0.0039783427 0.0040154923 0.007993835 292.23658210509 14.87289040475 2237.12646 -2.615 -4.99 0.9
292.23012724663 14.91888006196 0.0286 0.0311 1.9257 "" "" 4321276895581988736 2187.43286 0.4344 0.0356 -2.436 -5.005 0.039 0.04 1.041 "" "" 15.791906 1.483767 16.467945 14.984178 "" "" 2017.72681 2357.56616 9082.05843 3.4654 3533.8 9.1589 8044.3 8.9038 "" "" 0.0027862908780646803 0.003962789 0.003965843 0.007928632 292.23012724663 14.91888006196 2187.43286 -2.436 -5.005000000000002 0.9
292.22662640147 14.92367026187 0.029 0.0295 2.2367 "" "" 4321276895581997440 2182.79492 0.4313 0.0362 -2.346 -5.048 0.04 0.038 1.084 9254.5 3.9224 15.813529 1.489645 16.49307 15.003426 "" "" 2001.20166 2400.32568 8902.97192 3.1346 3452.9 6.4949 7902.9 10.345 "" "" 0.0027817118042813053 0.0034577316 0.004037779 0.0074955104 292.22662640147 14.92367026187 2182.79492 -2.346 -5.048 1.0
292.22444199843 14.90799954135 0.0257 0.0273 1.3595 "" "" 4321276723783290112 2354.89697 0.4119 0.0337 -2.394 -5.115 0.033 0.034 0.961 9237.2 3.856 15.85168 1.487998 16.528303 15.040305 "" "" 2166.70532 2567.85522 8595.57145 3.1216 3342.7 11.647 7639.0 10.541 "" "" 0.002783390359790295 0.0047006854 0.0040655048 0.00876619 292.22444199843 14.90799954135 2354.89697 -2.394 -5.114999999999998 1.0
292.25588530038 14.89709798177 0.028 0.0298 1.4608 "" "" 4321276551984570240 2096.64209 0.4556 0.0364 -2.409 -4.949 0.036 0.036 1.02 9318.2 4.0984 16.004026 1.661584 16.784876 15.123292 "" "" 1949.35779 2232.31372 7470.26773 3.0487 2639.2 7.3575 7076.9 10.037 "" "" 0.002790721768905759 0.0041166134 0.004081046 0.00819766 292.25588530038 14.89709798177 2096.64209 -2.409 -4.949 0.9
292.25120239087 14.86226695763 0.0291 0.0323 1.8163 "" "" 4321229479141076864 2038.95862 0.4581 0.0403 -2.365 -5.023 0.037 0.037 1.003 9264.6 4.2162 16.150375 1.492239 16.829802 15.337563 "" "" 1908.86426 2238.20215 6528.24306 3.1418 2532.2 10.514 5809.4 12.314 "" "" 0.0028044288297766015 0.005301706 0.0044249487 0.009726655 292.25120239087 14.86226695763 2038.95862 -2.365 -5.022999999999998 1.0
292.25057274979 14.81936950063 0.0327 0.0357 4.1783 "" "" 4321227692434633344 2038.03809 0.4672 0.0467 -2.362 -5.027 0.043 0.042 1.072 9392.1 4.353 16.245636 1.482273 16.922785 15.440512 "" "" 1875.13086 2284.96997 5979.8764 3.0973 2324.4 6.1416 5283.9 8.9494 "" "" 0.0028121236745587168 0.0040018572 0.0042030187 0.0082048755 292.25057274979 14.81936950063 2038.03809 -2.362 -5.027 1.0
292.2701419179 14.88115729512 0.0317 0.0353 2.1808 "" "" 4321229616580036224 1835.38452 0.5224 0.0431 -2.357 -5.113 0.04 0.043 1.036 9489.3 4.1204 16.250933 1.641732 17.02107 15.379338 "" "" 1700.04785 2005.37927 5950.77264 2.9739 2123.2 6.8701 5590.1 8.3394 "" "" 0.002808238026824104 0.004486341 0.0041118385 0.00859818 292.2701419179 14.88115729512 1835.38452 -2.357 -5.112999999999999 0.9
292.23862092802 14.86503230823 0.0323 0.0359 1.3522 "" "" 4321229479133019776 2086.3335 0.4609 0.0445 -2.252 -4.96 0.042 0.042 1.01 "" "" 16.36358 1.818417 17.189142 15.370726 "" "" 1888.8551 2300.25439 5364.31442 3.3282 1818.7 12.814 5634.7 97.566 "" "" 0.002836470122167894 0.008142722 0.019175874 0.027318597 292.23862092802 14.86503230823 2086.3335 -2.252 -4.96 0.8
