Clusters/King_26/King_26_stars_in_region.tsv
# %ECSV 1.0
# ---
# datatype:
# - name: RA_ICRS_1
#   unit: deg
#   datatype: float64
#   format: '{:15.11f}'
#   description: Right ascension (ICRS) at Ep=2016.0 (ra)
#   meta: !!omap
#   - {ucd: POS_EQ_RA_MAIN}
#   - {width: 15}
#   - {precision: '11'}
# - name: DE_ICRS_1
#   unit: deg
#   datatype: float64
#   format: '{:15.11f}'
#   description: Declination (ICRS) at Ep=2016.0 (dec)
#   meta: !!omap
#   - {ucd: POS_EQ_DEC_MAIN}
#   - {width: 15}
#   - {precision: '11'}
# - name: e_RA_ICRS
#   unit: mas
#   datatype: float64
#   format: '{:7.4f}'
#   description: Standard error of right ascension (ra_error)
#   meta: !!omap
#   - {ucd: ERROR}
#   - {width: 7}
#   - {precision: '4'}
# - name: e_DE_ICRS
#   unit: mas
#   datatype: float64
#   format: '{:7.4f}'
#   description: Standard error of declination (dec_error)
#   meta: !!omap
#   - {ucd: ERROR}
#   - {width: 7}
#   - {precision: '4'}
# - name: _r_1
#   unit: ''
#   datatype: float64
#   format: '{:7.4f}'
#   description: Distance from center (292.23300630000+14.88690607000)[ICRS], at Epoch=J2016.0
#   meta: !!omap
#   - {ucd: POS_ANG_DIST_GENERAL}
#   - {width: 7}
#   - {precision: '4'}
# - name: HIP
#   datatype: int32
#   description: '? HIP cross-id number, van Leeuwen, Cat. I/311 (hip_original_ext_source_id)'
#   meta: !!omap
#   - {ucd: ID_NUMBER}
#   - {width: 6}
#   - values: {'null': -2147483648}
# - name: TYC2
#   datatype: string
#   description: Tycho-2 cross-id name, Hog et al., Cat. I/259 (tyc2_original_ext_source_id)
#   meta: !!omap
#   - {ucd: ID_CROSSID}
#   - {_votable_string_dtype: char}
# - name: Source
#   datatype: int64
#   description: Source identifier, identical to the Gaia-EDR3 source_id (id)
#   meta: !!omap
#   - {ucd: ID_MAIN}
#   - {width: 19}
# - name: rgeo
#   unit: pc
#   datatype: float64
#   format: '{:15.8f}'
#   description: '? Median of the geometric distance posterior (r_med_geo)'
#   meta: !!omap
#   - {ucd: PHYS_DISTANCE_TRUE}
#   - {width: 15}
#   - {precision: '8'}
#   - values: {'null': .nan}
# - name: Plx
#   unit: mas
#   datatype: float64
#   format: '{:9.4f}'
#   description: '? Parallax (parallax)'
#   meta: !!omap
#   - {ucd: POS_PARLX_TRIG}
#   - {width: 9}
#   - {precision: '4'}
#   - values: {'null': .nan}
# - name: e_Plx
#   unit: mas
#   datatype: float32
#   format: '{:7.4f}'
#   description: '? Standard error of parallax (parallax_error)'
#   meta: !!omap
#   - {ucd: ERROR}
#   - {width: 7}
#   - {precision: '4'}
#   - values: {'null': .nan}
# - name: pmRA
#   unit: mas / yr
#   datatype: float64
#   format: '{:9.3f}'
#   description: '? Proper motion in right ascension direction, pmRA*cosDE (pmra)'
#   meta: !!omap
#   - {ucd: POS_EQ_PMRA}
#   - {width: 9}
#   - {precision: '3'}
#   - values: {'null': .nan}
# - name: pmDE
#   unit: mas / yr
#   datatype: float64
#   format: '{:9.3f}'
#   description: '? Proper motion in declination direction (pmdec)'
#   meta: !!omap
#   - {ucd: POS_EQ_PMDEC}
#   - {width: 9}
#   - {precision: '3'}
#   - values: {'null': .nan}
# - name: e_pmRA
#   unit: mas / yr
#   datatype: float32
#   format: '{:6.3f}'
#   description: '? Standard error of proper motion in right ascension direction (pmra_error)'
#   meta: !!omap
#   - {ucd: ERROR}
#   - {width: 6}
#   - {precision: '3'}
#   - values: {'null': .nan}
# - name: e_pmDE
[...]
#         value: !astropy.table.SerializedColumn {name: SkyCoord.dec}
#       distance: !astropy.table.SerializedColumn
#         __class__: astropy.coordinates.distances.Distance
#         unit: !astropy.units.Unit {unit: pc}
#         value: !astropy.table.SerializedColumn {name: SkyCoord.distance}
#       frame: icrs
#       obstime: !astropy.time.Time {format: jyear_str, in_subfmt: '*', jd1: 367701545.0, jd2: 0.0, out_subfmt: '*', precision: 3, scale: tt}
#       pm_dec: !astropy.table.SerializedColumn
#         __class__: astropy.units.quantity.Quantity
#         unit: !astropy.units.Unit {unit: mas / yr}
#         value: !astropy.table.SerializedColumn {name: SkyCoord.pm_dec}
#       pm_ra_cosdec: !astropy.table.SerializedColumn
#         __class__: astropy.units.quantity.Quantity
#         unit: !astropy.units.Unit {unit: mas / yr}
#         value: !astropy.table.SerializedColumn {name: SkyCoord.pm_ra_cosdec}
#       ra: !astropy.table.SerializedColumn
#         __class__: astropy.coordinates.angles.Longitude
#         unit: *id001
#         value: !astropy.table.SerializedColumn {name: SkyCoord.ra}
#         wrap_angle: !astropy.coordinates.Angle
#           unit: *id001
#           value: 360.0
#       representation_type: spherical
# schema: astropy-2.0
RA_ICRS_1 DE_ICRS_1 e_RA_ICRS e_DE_ICRS _r_1 HIP TYC2 Source rgeo Plx e_Plx pmRA pmDE e_pmRA e_pmDE RUWE Teff logg Gmag BP-RP BPmag RPmag RV e_RV b_rgeo B_rgeo FG e_FG FBP e_FBP FRP e_FRP RAVE5 RAVE6 e_Gmag e_BPmag e_RPmag e_BP-RP SkyCoord.ra SkyCoord.dec SkyCoord.distance SkyCoord.pm_ra_cosdec SkyCoord.pm_dec rmRA rmDE e_rmRA e_rmDE rRV e_rRV v_pec v_pec3d e_vpec e_vpec3d
[from data line 509]
292.40422449028 14.84109159787 0.044 0.0465 10.3028 "" "" 4321225768289198336 1996.78711 0.4833 0.0619 7.862 -1.43 0.054 0.056 0.987 6353.2 4.0516 16.780787 2.284987 18.000902 15.715915 "" "" 1734.65381 2302.14233 3652.84975 2.5411 861.1 6.2386 4100.1 10.176 "" "" 0.0028569658207987813 0.008346263 0.004641661 0.012987925 292.40422449028 14.84109159787 1996.78711 7.862000000000006 -1.4300000000000002 10.226393949508667 3.5617273521423343 0.13900088 0.14100087 "" "" 102.49304001627404 "" 14.268940149867236 ""
292.05588842802 14.71784138149 0.0741 0.0561 14.4382 "" "" 4319772278324381056 1789.38696 0.5372 0.0837 -2.692 -6.436 0.1 0.066 1.189 "" "" 16.782532 1.983645 16.684994 14.701348 "" "" 1541.4176 2141.45166 3646.98812 5.5007 2893.5 18.585 10438.0 10.96 "" "" 0.003205233839231854 0.007511162 0.0039475816 0.011458743 292.05588842802 14.71784138149 1789.38696 -2.692 -6.435999999999998 -0.3276060504913332 -1.444272647857666 0.18500087 0.15100087 "" "" 12.561068968563031 "" 1.9198432011789053 ""
292.00130682554 15.04224058632 0.0409 0.0464 16.3475 "" "" 4321292838500944512 2186.38794 0.429 0.0586 -4.108 0.15 0.051 0.053 0.942 6689.1 4.254 16.782953 1.965154 17.779757 15.814603 "" "" 1964.77905 2514.06836 3645.57309 2.4686 1055.6 7.1885 3743.8 8.4589 "" "" 0.0028517218817749267 0.00790267 0.0045057423 0.012408412 292.00130682554 15.04224058632 2186.38794 -4.108 0.15000000000000016 -1.7436060504913327 5.141727352142334 0.13600087 0.13800088 "" "" 56.266649173206766 "" 7.753316263145599 ""
292.16405304272 15.02984227303 0.0409 0.0435 9.4619 "" "" 4321281740305301504 1868.13184 0.5227 0.0576 -2.563 -2.89 0.051 0.05 0.99 6873.5 4.3312 16.7847 1.723912 17.585678 15.861766 "" "" 1697.33911 2135.72021 3639.70601 2.3157 1262.3 7.1824 3584.7 9.4023 "" "" 0.002840592829880306 0.0067786295 0.004732182 0.011510812 292.16405304272 15.02984227303 1868.13184 -2.5629999999999975 -2.8900000000000006 -0.19860605049133317 2.101727352142334 0.13600087 0.13500087 "" "" 18.693588270793054 "" 2.5238167296859304 ""
292.251954012 14.99217505753 0.0452 0.0471 6.4109 "" "" 4321278304331332608 2282.29468 0.4188 0.0553 -2.482 -5.079 0.058 0.059 0.982 9297.7 4.3674 16.78796 1.730305 17.615166 15.884861 "" "" 2021.30725 2568.69092 3628.79599 2.3605 1228.4 8.1316 3509.2 10.403 "" "" 0.002844397167681299 0.007709804 0.0049642203 0.012674024 292.251954012 14.99217505753 2282.29468 -2.482 -5.079 -0.11760605049133321 -0.08727264785766575 0.14300087 0.14400087 "" "" 1.5843108786379558 "" 0.22712172319894114 ""
292.42200144567 14.78031158028 0.0395 0.0455 12.6912 "" "" 4321224531338541184 1792.54419 0.5308 0.057 -1.593 -4.03 0.052 0.055 1.028 6843.2 4.3318 16.788593 1.867656 17.70336 15.835704 "" "" 1642.99988 1938.00549 3626.68128 2.2954 1132.6 6.4859 3671.8 6.6964 "" "" 0.0028397203680322453 0.0068148915 0.004266675 0.011081567 292.42200144567 14.78031158028 1792.54419 -1.593 -4.03 0.771393949508667 0.9617273521423337 0.13700087 0.14000088 "" "" 10.475275475097778 "" 1.4543258247763882 ""
292.01220292206 14.73421845583 0.0428 0.044 15.7472 "" "" 4319771148770150656 2017.92456 0.4683 0.057 -0.32 -3.837 0.057 0.052 1.015 7189.7 4.2764 16.793095 1.889373 17.725359 15.835986 "" "" 1834.54651 2221.10742 3611.67483 2.2334 1109.9 7.6417 3670.8 8.4862 "" "" 0.002835942364015212 0.007979074 0.0045369505 0.012516024 292.01220292206 14.73421845583 2017.92456 -0.32000000000000023 -3.8370000000000006 2.044393949508667 1.1547273521423338 0.14200087 0.13700087 "" "" 22.45820153249645 "" 3.1622903370018713 ""
292.23897872029 14.8689808012 0.0428 0.0485 1.1299 "" "" 4321276414545605120 2102.3584 0.46 0.0563 -2.359 -4.917 0.057 0.061 1.03 "" "" 16.793886 1.664374 17.566763 15.902389 "" "" 1901.46313 2358.01001 3609.04192 2.4498 1284.4 18.296 3453.0 16.42 "" "" 0.00285218288832834 0.015715742 0.0063984483 0.022114191 292.23897872029 14.8689808012 2102.3584 -2.3590000000000004 -4.9169999999999945 0.005393949508667006 0.07472735214233417 0.14200087 0.14600088 "" "" 0.7466088505287601 "" 0.10899027863231622 ""
292.28184905294 15.15827494849 0.0401 0.0426 16.5263 "" "" 4321290811276300288 1833.96155 0.5113 0.0559 -0.714 -6.301 0.051 0.051 1.013 4923.4 3.6036 16.80004 2.287836 18.013737 15.725901 "" "" 1672.74976 2028.55139 3588.64886 2.2398 850.99 8.2884 4062.5 8.9417 "" "" 0.0028374271551075336 0.010936663 0.0044715316 0.015408194 292.28184905294 15.15827494849 1833.96155 -0.7139999999999996 -6.301000000000004 1.650393949508667 -1.3092726478576662 0.13600087 0.13600087 "" "" 18.31310455276792 "" 2.4905981819464813 ""
292.27684915114 14.96725345657 0.0558 0.0581 5.4499 "" "" 4321277479697560960 2289.16406 0.3897 0.0706 -3.576 -6.073 0.075 0.073 1.309 "" "" 16.800358 1.990427 17.716125 15.725698 "" "" 1989.9165 2736.9043 3587.59549 2.7719 1119.4 18.792 4063.3 58.432 "" "" 0.0028801917183323344 0.018439189 0.016064262 0.034503452 292.27684915114 14.96725345657 2289.16406 -3.575999999999999 -6.073000000000001 -1.211606050491333 -1.0812726478576664 0.16000088 0.15800087 "" "" 17.620646308639042 "" 2.803749577946117 ""
292.35730289077 15.07640639955 0.0443 0.0446 13.4603 "" "" 4321286378869871104 2558.09009 0.3778 0.0559 0.768 -0.626 0.058 0.057 0.967 7187.9 4.2836 16.802223 1.886432 17.734612 15.84818 "" "" 2248.15894 3018.62231 3581.4355 2.0843 1100.5 8.326 3629.8 10.761 "" "" 0.0028268442694048177 0.008675242 0.004964314 0.013639556 292.35730289077 15.07640639955 2558.09009 0.768 -0.6259999999999998 3.132393949508667 4.365727352142334 0.14300087 0.14200087 "" "" 65.15212781385699 "" 9.273851929755727 ""
292.13589921937 14.69503240867 0.0403 0.0444 12.8168 "" "" 4319724385164633728 1973.57825 0.4781 0.0574 0.331 -1.993 0.051 0.052 1.002 7142.5 4.2382 16.802902 2.086698 17.8651 15.778402 "" "" 1788.61426 2208.02759 3579.19815 2.3618 975.84 9.0932 3870.8 7.7174 "" "" 0.0028469422331757572 0.01049494 0.0043554087 0.014850348 292.13589921937 14.69503240867 1973.57825 0.33100000000000007 -1.993 2.695393949508667 2.9987273521423337 0.13600087 0.13700087 "" "" 37.71896471596204 "" 5.150709395183526 ""
291.96748603429 15.01732326398 0.0431 0.0507 17.2667 "" "" 4321293079019110272 2004.04102 0.4923 0.0654 1.685 -0.44 0.053 0.056 1.032 5022.7 4.2787 16.803232 1.780022 17.656631 15.87661 "" "" 1732.47253 2310.74194 3578.11167 2.3081 1182.4 7.6571 3536.0 14.42 "" "" 0.002842938953615282 0.007564498 0.0058213547 0.013385853 291.96748603429 15.01732326398 2004.04102 1.6850000000000003 -0.4399999999999994 4.0493939495086675 4.551727352142334 0.13800088 0.14100087 "" "" 57.87145997016128 "" 8.083684021489717 ""
292.23879945936 14.86558999715 0.0543 0.0635 1.3223 "" "" 4321276414545603456 1861.95874 0.5236 0.0767 -0.844 -2.206 0.071 0.079 1.411 "" "" 16.803978 2.003288 17.74258 15.739292 "" "" 1627.07678 2143.14624 3575.65575 2.7641 1092.4 14.811 4012.7 21.909 "" "" 0.0028803177883032632 0.014982741 0.0070303082 0.02201305 292.23879945936 14.86558999715 1861.95874 -0.8439999999999999 -2.2060000000000004 1.5203939495086671 2.785727352142334 0.15600088 0.16400087 "" "" 28.00938354373568 "" 4.543113090636909 ""
292.48667211496 14.84003903849 0.0423 0.0451 14.977 "" "" 4321230716091905536 1971.91699 0.494 0.0602 -4.786 -5.955 0.055 0.055 0.964 "" "" 16.804468 1.831346 17.698156 15.866811 "" "" 1783.80859 2205.32251 3574.04273 2.3989 1138.0 10.43 3568.1 8.3835 "" "" 0.002850063409545835 0.010334761 0.004559758 0.014894519 292.48667211496 14.84003903849 1971.91699 -4.786 -5.955 -2.4216060504913326 -0.9632726478576661 0.14000088 0.14000088 "" "" 24.359482007157094 "" 3.4103489116108876 ""
292.14500509177 15.03919394371 0.042 0.0449 10.4647 "" "" 4321282530579315840 1782.76343 0.536 0.0592 -0.69 -0.391 0.052 0.051 1.016 6062.5 4.3931 16.804766 1.691165 17.608524 15.917359 "" "" 1612.27771 2039.59558 3573.05875 2.271 1236.0 4.9992 3405.8 7.8932 "" "" 0.002840423180577177 0.0052028587 0.0045404155 0.009743274 292.14500509177 15.03919394371 1782.76343 -0.69 -0.3910000000000003 1.674393949508667 4.600727352142334 0.13700087 0.13600087 "" "" 41.3722059420231 "" 5.631510721766697 ""
292.14315138741 15.00199070352 0.0434 0.0475 8.6495 "" "" 4321281293628682752 2439.16528 0.391 0.0616 0.465 -4.861 0.056 0.055 1.012 6703.6 4.3354 16.805368 1.871333 17.72645 15.855117 "" "" 2150.59595 2839.43115 3571.07637 2.2345 1108.8 8.3815 3606.7 7.1416 "" "" 0.0028378391744101265 0.008668477 0.004348059 0.013016536 292.14315138741 15.00199070352 2439.16528 0.4649999999999998 -4.860999999999997 2.829393949508667 0.13072735214233422 0.14100087 0.14000088 "" "" 32.74734171456837 "" 4.617334059511462 ""
292.50557337187 14.91778289958 0.0455 0.0469 15.9122 "" "" 4321232330999648384 2451.8606 0.3919 0.0646 1.618 -7.802 0.056 0.054 1.083 "" "" 16.807531 1.922868 17.71854 15.795672 "" "" 2096.53955 2829.94409 3563.97363 2.6876 1116.9 8.8053 3809.7 17.797 "" "" 0.002874395687108129 0.00900289 0.00632527 0.0153281605 292.50557337187 14.91778289958 2451.8606 1.618 -7.801999999999999 3.9823939495086673 -2.8102726478576656 0.14100087 0.13900088 "" "" 56.646199017782116 "" 7.9496804377025825 ""
292.0498460928 15.04312568078 0.041 0.0437 14.1624 "" "" 4321294075451489920 2203.69971 0.4186 0.0583 -1.631 -12.41 0.052 0.049 0.975 "" "" 16.809177 1.655887 17.582766 15.926879 "" "" 1899.58813 2518.76562 3558.57326 2.0132 1265.6 9.6655 3376.0 8.1067 "" "" 0.002822955079340814 0.008748718 0.0045914003 0.013340117 292.0498460928 15.04312568078 2203.69971 -1.6310000000000011 -12.409999999999998 0.733393949508667 -7.418272647857666 0.13700087 0.13400087 "" "" 77.86559805153618 "" 10.436343818382005 ""
292.25445918247 14.85027429383 0.0405 0.0473 2.5256 "" "" 4321229410421584256 2339.96094 0.4074 0.0588 -2.386 -4.863 0.054 0.056 0.983 7279.7 4.3119 16.81217 1.716012 17.63241 15.916398 "" "" 2105.22998 2637.49097 3548.77608 2.1213 1209.1 6.1972 3408.8 8.5802 "" "" 0.0028307236558925645 0.0062252064 0.0046639415 0.010889148 292.25445918247 14.85027429383 2339.96094 -2.386 -4.863 -0.02160605049133313 0.12872735214233355 0.13900088 0.14100087 "" "" 1.4477399358486596 "" 0.2040537989910886 ""
292.23889467602 15.17861579074 0.0418 0.0463 17.5059 "" "" 4321302802825050112 2377.81958 0.4012 0.0626 0.062 -1.934 0.055 0.056 1.019 "" "" 16.813004 1.962976 17.789555 15.826578 "" "" 2073.46924 2742.45288 3546.05268 2.2283 1046.2 7.1131 3702.8 8.7414 "" "" 0.002838533836875159 0.007891615 0.004566563 0.012458177 292.23889467602 15.17861579074 2377.81958 0.06200000000000008 -1.9339999999999997 2.426393949508667 3.057727352142334 0.14000088 0.14100087 "" "" 43.99549148837626 "" 6.186440529843337 ""
291.93991286996 14.88171084095 0.0467 0.0517 16.9984 "" "" 4319778222557555328 2387.64844 0.3977 0.0672 -6.677 -7.831 0.059 0.059 1.12 7908.6 4.1393 16.813185 1.932509 17.778276 15.845767 "" "" 2101.73706 2829.71362 3545.45989 2.1503 1057.1 7.524 3637.9 6.199 "" "" 0.002832913984311601 0.008216097 0.0042079207 0.012424018 291.93991286996 14.88171084095 2387.64844 -6.676999999999994 -7.83100000000001 -4.312606050491333 -2.8392726478576664 0.14400087 0.14400087 "" "" 58.43581723755744 "" 8.414808694901872 ""
292.26810155356 14.9035482342 0.0429 0.0457 2.2667 "" "" 4321276586344307328 2357.0603 0.4071 0.057 -2.672 -5.092 0.053 0.054 1.037 8428.8 4.34 16.813232 1.847886 17.706434 15.858548 "" "" 2057.69995 2650.88159 3545.30942 2.2414 1129.4 9.1939 3595.3 9.882 "" "" 0.002839535334476926 0.009268405 0.00481554 0.014083944 292.26810155356 14.9035482342 2357.0603 -2.672 -5.092 -0.30760605049133316 -0.10027264785766565 0.13800088 0.13900088 "" "" 3.6147042761815675 "" 0.4991807010564742 ""
292.30437159786 14.79543425204 0.0405 0.0464 6.8741 "" "" 4321226627282679424 1814.06995 0.5395 0.0582 -5.503 -13.191 0.054 0.055 0.993 6669.8 4.348 16.81503 1.794224 17.689949 15.895725 "" "" 1653.41016 2010.84949 3539.4455 2.1727 1146.7 6.74 3474.3 8.2852 "" "" 0.0028347819010165545 0.0069649676 0.004581213 0.011546181 292.30437159786 14.79543425204 1814.06995 -5.503000000000001 -13.191000000000006 -3.138606050491333 -8.199272647857667 0.13900088 0.14000088 "" "" 75.49186961032427 "" 10.559310202244127 ""
292.31743143089 15.11927581283 0.0418 0.0447 14.7758 "" "" 4321289677404850688 1881.64978 0.5225 0.0581 4.314 -1.116 0.054 0.054 1.019 4752.3 4.1756 16.815855 2.09448 17.893646 15.799167 "" "" 1688.90112 2083.80713 3536.75107 2.1703 950.51 5.1994 3797.4 7.5906 "" "" 0.002834728071799971 0.0065618586 0.0043581887 0.010920048 292.31743143089 15.11927581283 1881.64978 4.313999999999999 -1.116000000000001 6.678393949508667 3.875727352142334 0.13900088 0.13900088 "" "" 68.8685856939864 "" 9.572793860038708 ""
292.18364582947 14.77193572487 0.0414 0.0481 7.4687 "" "" 4321227005239860864 1988.23755 0.486 0.0586 1.725 -0.909 0.055 0.057 1.045 7182.7 4.3371 16.817532 1.899835 17.758446 15.858611 "" "" 1784.01086 2263.46997 3531.29497 2.2771 1076.6 6.7728 3595.1 8.4898 "" "" 0.0028428783421868093 0.0073781908 0.0045670127 0.011945203 292.18364582947 14.77193572487 1988.23755 1.725 -0.9089999999999999 4.089393949508667 4.082727352142334 0.14000088 0.14200087 "" "" 54.45861152659237 "" 7.678816101056361 ""
292.04223737047 15.0439055075 0.0418 0.0459 14.5263 "" "" 4321294277294758016 2350.20264 0.4079 0.0596 -1.327 -4.89 0.053 0.053 1.021 7496.7 4.1756 16.818068 1.68263 17.603178 15.920548 "" "" 2089.00952 2686.34009 3529.5516 2.0864 1242.1 7.6684 3395.8 13.299 "" "" 0.0028290814163091866 0.0072605745 0.0056889267 0.012949501 292.04223737047 15.0439055075 2350.20264 -1.327 -4.89 1.037393949508667 0.1017273521423343 0.13800088 0.13800088 "" "" 11.611957668204111 "" 1.6024603269363504 ""
292.13981555797 14.70215670444 0.0409 0.0459 12.333 "" "" 4319725175438623104 2032.80823 0.4732 0.0567 -2.421 -3.988 0.052 0.055 1.001 "" "" 16.819782 1.913995 17.761261 15.847266 "" "" 1828.6748 2295.48315 3523.98564 2.2126 1073.8 7.271 3632.9 13.031 "" "" 0.002838398114679408 0.0078634815 0.0054268446 0.013290326 292.13981555797 14.70215670444 2032.80823 -2.4209999999999994 -3.9879999999999973 -0.05660605049133283 1.003727352142334 0.13700087 0.14000088 "" "" 9.686793685569647 "" 1.3560684887118812 ""
292.24010107456 14.96825283896 0.045 0.0473 4.8981 "" "" 4321278166892360192 2161.76733 0.4485 0.056 -3.419 -3.523 0.059 0.059 1.017 7660.1 4.3499 16.820917 1.862281 17.733019 15.870738 "" "" 1926.09766 2440.71704 3520.30035 2.2074 1102.1 7.616 3555.2 8.211 "" "" 0.0028381844655043335 0.008004926 0.004535607 0.012540533 292.24010107456 14.96825283896 2161.76733 -3.4189999999999987 -3.523 -1.054606050491333 1.4687273521423339 0.14400087 0.14400087 "" "" 18.5275614308716 "" 2.6679850200439086 ""
292.2733816962 14.82201917272 0.0413 0.0477 4.5431 "" "" 4321227658074880896 2461.57788 0.3879 0.0573 -1.734 -6.474 0.055 0.057 0.955 "" "" 16.823248 2.245414 17.99887 15.753457 "" "" 2124.59302 3009.92993 3512.7551 2.2661 862.72 7.4131 3960.7 6.4179 "" "" 0.0028429510437374614 0.0097377105 0.0041688057 0.013906516 292.2733816962 14.82201917272 2461.57788 -1.734 -6.474 0.630393949508667 -1.4822726478576662 0.14000088 0.14200087 "" "" 18.794084048891946 "" 2.6630534322181876 ""
292.17786409107 14.65077582024 0.0444 0.0496 14.5245 "" "" 4319721086629650304 2521.63989 0.3854 0.0679 -1.914 -7.844 0.055 0.058 1.01 6647.9 3.9585 16.825163 2.618693 18.280615 15.661922 "" "" 2095.50854 3047.99878 3506.56157 2.5147 665.54 5.301 4309.1 8.6007 "" "" 0.0028632233834764865 0.009086819 0.0043565915 0.01344341 292.17786409107 14.65077582024 2521.63989 -1.9139999999999995 -7.844000000000001 0.45039394950866707 -2.8522726478576663 0.14000088 0.14300087 "" "" 34.514416021791874 "" 4.933098348970028 ""
