Clusters/UBC_562/UBC_562_stars_in_region.tsv
# %ECSV 1.0
# ---
# datatype:
# - name: RA_ICRS_1
#   unit: deg
#   datatype: float64
#   format: '{:15.11f}'
#   description: Right ascension (ICRS) at Ep=2016.0 (ra)
#   meta: !!omap
#   - {ucd: POS_EQ_RA_MAIN}
#   - {width: 15}
#   - {precision: '11'}
# - name: DE_ICRS_1
#   unit: deg
#   datatype: float64
#   format: '{:15.11f}'
#   description: Declination (ICRS) at Ep=2016.0 (dec)
#   meta: !!omap
#   - {ucd: POS_EQ_DEC_MAIN}
#   - {width: 15}
#   - {precision: '11'}
# - name: e_RA_ICRS
#   unit: mas
#   datatype: float64
#   format: '{:7.4f}'
#   description: Standard error of right ascension (ra_error)
#   meta: !!omap
#   - {ucd: ERROR}
#   - {width: 7}
#   - {precision: '4'}
# - name: e_DE_ICRS
#   unit: mas
#   datatype: float64
#   format: '{:7.4f}'
#   description: Standard error of declination (dec_error)
#   meta: !!omap
#   - {ucd: ERROR}
#   - {width: 7}
#   - {precision: '4'}
# - name: _r_1
#   unit: ''
#   datatype: float64
#   format: '{:7.4f}'
#   description: Distance from center (262.77260885000-37.87529483000)[ICRS], at Epoch=J2016.0
#   meta: !!omap
#   - {ucd: POS_ANG_DIST_GENERAL}
#   - {width: 7}
#   - {precision: '4'}
# - name: HIP
#   datatype: int32
#   description: '? HIP cross-id number, van Leeuwen, Cat. I/311 (hip_original_ext_source_id)'
#   meta: !!omap
#   - {ucd: ID_NUMBER}
#   - {width: 6}
#   - values: {'null': -2147483648}
# - name: TYC2
#   datatype: string
#   description: Tycho-2 cross-id name, Hog et al., Cat. I/259 (tyc2_original_ext_source_id)
#   meta: !!omap
#   - {ucd: ID_CROSSID}
#   - {_votable_string_dtype: char}
# - name: Source
#   datatype: int64
#   description: Source identifier, identical to the Gaia-EDR3 source_id (id)
#   meta: !!omap
#   - {ucd: ID_MAIN}
#   - {width: 19}
# - name: rgeo
#   unit: pc
#   datatype: float64
#   format: '{:15.8f}'
#   description: '? Median of the geometric distance posterior (r_med_geo)'
#   meta: !!omap
#   - {ucd: PHYS_DISTANCE_TRUE}
#   - {width: 15}
#   - {precision: '8'}
#   - values: {'null': .nan}
# - name: Plx
#   unit: mas
#   datatype: float64
#   format: '{:9.4f}'
#   description: '? Parallax (parallax)'
#   meta: !!omap
#   - {ucd: POS_PARLX_TRIG}
#   - {width: 9}
#   - {precision: '4'}
#   - values: {'null': .nan}
# - name: e_Plx
#   unit: mas
#   datatype: float32
#   format: '{:7.4f}'
#   description: '? Standard error of parallax (parallax_error)'
#   meta: !!omap
#   - {ucd: ERROR}
#   - {width: 7}
#   - {precision: '4'}
#   - values: {'null': .nan}
# - name: pmRA
#   unit: mas / yr
#   datatype: float64
#   format: '{:9.3f}'
#   description: '? Proper motion in right ascension direction, pmRA*cosDE (pmra)'
#   meta: !!omap
#   - {ucd: POS_EQ_PMRA}
#   - {width: 9}
#   - {precision: '3'}
#   - values: {'null': .nan}
# - name: pmDE
#   unit: mas / yr
#   datatype: float64
#   format: '{:9.3f}'
#   description: '? Proper motion in declination direction (pmdec)'
#   meta: !!omap
#   - {ucd: POS_EQ_PMDEC}
#   - {width: 9}
#   - {precision: '3'}
#   - values: {'null': .nan}
# - name: e_pmRA
#   unit: mas / yr
#   datatype: float32
#   format: '{:6.3f}'
#   description: '? Standard error of proper motion in right ascension direction (pmra_error)'
#   meta: !!omap
#   - {ucd: ERROR}
#   - {width: 6}
#   - {precision: '3'}
#   - values: {'null': .nan}
# - name: e_pmDE
[...]
#         value: !astropy.table.SerializedColumn {name: SkyCoord.dec}
#       distance: !astropy.table.SerializedColumn
#         __class__: astropy.coordinates.distances.Distance
#         unit: !astropy.units.Unit {unit: pc}
#         value: !astropy.table.SerializedColumn {name: SkyCoord.distance}
#       frame: icrs
#       obstime: !astropy.time.Time {format: jyear_str, in_subfmt: '*', jd1: 367701545.0, jd2: 0.0, out_subfmt: '*', precision: 3, scale: tt}
#       pm_dec: !astropy.table.SerializedColumn
#         __class__: astropy.units.quantity.Quantity
#         unit: !astropy.units.Unit {unit: mas / yr}
#         value: !astropy.table.SerializedColumn {name: SkyCoord.pm_dec}
#       pm_ra_cosdec: !astropy.table.SerializedColumn
#         __class__: astropy.units.quantity.Quantity
#         unit: !astropy.units.Unit {unit: mas / yr}
#         value: !astropy.table.SerializedColumn {name: SkyCoord.pm_ra_cosdec}
#       ra: !astropy.table.SerializedColumn
#         __class__: astropy.coordinates.angles.Longitude
#         unit: *id001
#         value: !astropy.table.SerializedColumn {name: SkyCoord.ra}
#         wrap_angle: !astropy.coordinates.Angle
#           unit: *id001
#           value: 360.0
#       representation_type: spherical
# schema: astropy-2.0
RA_ICRS_1 DE_ICRS_1 e_RA_ICRS e_DE_ICRS _r_1 HIP TYC2 Source rgeo Plx e_Plx pmRA pmDE e_pmRA e_pmDE RUWE Teff logg Gmag BP-RP BPmag RPmag RV e_RV b_rgeo B_rgeo FG e_FG FBP e_FBP FRP e_FRP RAVE5 RAVE6 e_Gmag e_BPmag e_RPmag e_BP-RP SkyCoord.ra SkyCoord.dec SkyCoord.distance SkyCoord.pm_ra_cosdec SkyCoord.pm_dec rmRA rmDE e_rmRA e_rmDE rRV e_rRV v_pec v_pec3d e_vpec e_vpec3d
[from data line 1892]
262.3207927216 -37.80284994751 0.0582 0.0496 21.8457 "" "" 5974166643935340288 2191.81787 0.4435 0.0763 -1.183 -4.028 0.079 0.06 1.045 "" "" 16.701872 1.692467 17.494389 15.801922 "" "" 1869.58496 2801.49219 3928.23767 2.716 1373.0 5.9804 3787.8 14.507 "" "" 0.002855750985039384 0.0054909014 0.0056191734 0.011110075 262.3207927216 -37.80284994751 2191.81787 -1.1830000000000003 -4.028 -1.0089062469005585 -1.370687606811523 0.15671718 0.13771717 "" "" 17.682057170437744 "" 2.5582118014889232 ""
262.73242825942 -37.73921721637 0.0611 0.0476 8.3839 "" "" 5962162004227151744 2035.10583 0.4633 0.0662 -1.562 -3.044 0.08 0.06 0.97 4820.4 3.4418 16.702951 2.924188 18.371748 15.44756 "" "" 1796.65601 2333.28955 3924.33878 2.9144 611.95 10.784 5249.7 20.396 "" "" 0.002870877905915913 0.019335601 0.005663706 0.024999307 262.73242825942 -37.73921721637 2035.10583 -1.5619999999999998 -3.0439999999999996 -1.3879062469005585 -0.3866876068115235 0.15771717 0.13771717 "" "" 13.898222188756682 "" 2.1731542015846945 ""
262.62853323677 -38.04179974534 0.06 0.0484 12.0939 "" "" 5962139631690707456 2221.67749 0.4501 0.0714 -2.503 -3.058 0.089 0.071 0.932 "" "" 16.703066 1.577382 17.437248 15.859866 "" "" 1931.20886 2671.34009 3923.9246 3.0068 1447.2 11.023 3591.0 15.079 "" "" 0.0028781878225312336 0.008727818 0.0059219375 0.014649755 262.62853323677 -38.04179974534 2221.67749 -2.5030000000000014 -3.058 -2.3289062469005586 -0.40068760681152327 0.16671717 0.14871718 "" "" 24.88547075290434 "" 4.136634320070481 ""
262.69380097344 -38.12969308942 0.062 0.0498 15.7121 "" "" 5962135268002327680 1998.85803 0.4956 0.0745 1.287 -2.644 0.094 0.061 0.951 6126.7 4.4483 16.70354 1.729976 17.52371 15.793735 "" "" 1769.70447 2483.46289 3922.2048 2.8696 1336.4 7.9131 3816.5 16.743 "" "" 0.002867541018555199 0.007008237 0.006080388 0.013088625 262.69380097344 -38.12969308942 1998.85803 1.287 -2.644 1.4610937530994415 0.013312393188476435 0.17171717 0.13871717 "" "" 13.843834556347165 "" 2.377189770741469 ""
262.67012789529 -37.80859713082 0.0597 0.0468 6.2923 "" "" 5962159972659156992 2321.76147 0.4193 0.065 -1.029 -3.163 0.074 0.06 0.951 5225.5 4.3546 16.70393 1.632769 17.461937 15.829168 "" "" 2058.30103 2660.54419 3920.80228 2.6974 1414.6 8.5247 3693.9 11.068 "" "" 0.002854773539145055 0.0071129804 0.004986674 0.012099654 262.67012789529 -37.80859713082 2321.76147 -1.029 -3.1629999999999994 -0.8549062469005584 -0.5056876068115232 0.15171719 0.13771717 "" "" 10.93108113254483 "" 1.6201549588886983 ""
262.40839024404 -37.93586343528 0.0609 0.0508 17.6214 "" "" 5962155166615971328 2274.13403 0.4582 0.075 -1.736 -2.538 0.077 0.06 1.053 "" "" 16.704927 1.8549 17.586979 15.732079 "" "" 1882.69629 2683.57397 3917.20222 2.8721 1260.7 11.95 4039.5 26.439 "" "" 0.002868014465596502 0.010663061 0.008048777 0.018711839 262.40839024404 -37.93586343528 2274.13403 -1.7360000000000004 -2.538 -1.5619062469005585 0.11931239318847675 0.15471718 0.13771717 "" "" 16.88545591841825 "" 2.6108957768279706 ""
262.5395159963 -37.97190814758 0.0714 0.0644 12.4625 "" "" 5962152585310238848 2525.76587 0.3943 0.088 -4.225 -8.071 0.098 0.083 1.074 8538.5 3.9322 16.704933 2.929892 18.404821 15.474929 "" "" 2111.90186 3210.6731 3917.18153 3.5435 593.59 11.439 5119.0 10.262 "" "" 0.002925137805501301 0.021108307 0.0043613245 0.025469631 262.5395159963 -37.97190814758 2525.76587 -4.225 -8.071000000000002 -4.050906246900558 -5.413687606811523 0.17571718 0.16071717 "" "" 80.94953431724207 "" 13.458427337862133 ""
262.49581732371 -37.87346164134 0.0619 0.0518 13.1097 "" "" 5962154372020048640 2247.66089 0.4336 0.0762 1.699 -5.686 0.082 0.063 0.98 5059.2 4.3985 16.705002 1.646242 17.46949 15.823248 "" "" 1904.49683 2653.38159 3916.93102 3.1426 1404.8 10.089 3714.1 12.179 "" "" 0.0028897409556778745 0.008281712 0.0051922263 0.013473939 262.49581732371 -37.87346164134 2247.66089 1.698999999999999 -5.686 1.8730937530994416 -3.0286876068115234 0.15971717 0.14071718 "" "" 37.9396416705094 "" 5.5475729192669965 ""
263.06182217926 -37.95851044676 0.0571 0.0433 14.5718 "" "" 5962119810466121856 2334.06519 0.4092 0.061 -0.901 -1.397 0.075 0.052 1.024 5172.3 4.3605 16.706068 1.519518 17.405607 15.886089 "" "" 2094.26709 2703.14673 3913.08689 2.6808 1490.0 10.319 3505.3 8.4063 "" "" 0.0028539553381546315 0.008020253 0.004589487 0.01260974 263.06182217926 -37.95851044676 2334.06519 -0.9009999999999992 -1.397 -0.7269062469005585 1.2603123931884765 0.15271717 0.12971717 "" "" 16.096415985304823 "" 2.1862749233936922 ""
262.53397425362 -37.69747253757 0.0591 0.046 15.5524 "" "" 5962165130963640448 1964.29504 0.5028 0.0709 -3.671 -7.695 0.078 0.056 1.048 6433.7 4.0564 16.706074 1.752716 17.524664 15.771948 "" "" 1700.14978 2252.47046 3913.06768 2.7785 1335.2 8.0619 3893.8 14.593 "" "" 0.002861141210731135 0.0071247127 0.0055534733 0.0126781855 262.53397425362 -37.69747253757 1964.29504 -3.6710000000000016 -7.695 -3.4969062469005583 -5.037687606811524 0.15571718 0.13371718 "" "" 57.097538259666884 "" 8.064870768585338 ""
262.61142876885 -37.81964169438 0.0648 0.0534 8.3347 "" "" 5962160629837632896 2639.03979 0.3916 0.0789 2.548 -3.336 0.08 0.066 1.033 "" "" 16.708666 1.932889 17.657127 15.724238 "" "" 2143.81104 3289.03149 3903.73762 3.1374 1181.9 9.4338 4068.8 10.827 "" "" 0.002890192793889356 0.009104317 0.00475718 0.013861497 262.61142876885 -37.81964169438 2639.03979 2.548000000000001 -3.3359999999999994 2.7220937530994416 -0.6786876068115233 0.15771717 0.14371717 "" "" 35.09320177854999 "" 5.507254369556815 ""
263.09157826731 -38.03412545188 0.0616 0.0473 17.8476 "" "" 5962116168333699456 1857.93005 0.5578 0.0706 -1.202 -2.34 0.082 0.057 0.944 4678.7 4.3577 16.70895 1.574974 17.445995 15.871021 "" "" 1601.12854 2133.06543 3902.71377 2.96 1435.6 11.281 3554.3 16.918 "" "" 0.0028757428603782757 0.008976409 0.006402464 0.015378874 263.09157826731 -38.03412545188 1857.93005 -1.202 -2.34 -1.0279062469005584 0.3173123931884767 0.15971717 0.13471718 "" "" 9.473852650237548 "" 1.49402252725446 ""
263.01907845959 -37.95902420121 0.0568 0.0451 12.7021 "" "" 5962120497660941952 2282.14233 0.4347 0.0652 -1.145 -3.362 0.077 0.055 0.998 4917.3 4.3093 16.709589 1.546024 17.401363 15.855339 "" "" 2014.56628 2567.46094 3900.41666 2.8653 1495.8 11.644 3606.0 16.648 "" "" 0.002868440347617391 0.008900518 0.006277707 0.015178224 263.01907845959 -37.95902420121 2282.14233 -1.1450000000000005 -3.362000000000001 -0.9709062469005585 -0.7046876068115235 0.15471718 0.13271718 "" "" 12.977415690895423 "" 1.9141392451981154 ""
262.80753045741 -38.172328723 0.0638 0.0497 17.8983 "" "" 5962088199500941568 2470.05493 0.4319 0.0729 -2.37 -2.119 0.085 0.063 1.01 7430.3 2.9989 16.709845 3.527846 18.782494 15.254647 "" "" 1969.64319 3294.39185 3899.49795 9.0791 419.2 12.982 6270.5 57.152 "" "" 0.003739254415334551 0.0337392 0.010593006 0.044332206 262.80753045741 -38.172328723 2470.05493 -2.369999999999999 -2.1190000000000007 -2.1959062469005586 0.5383123931884763 0.16271718 0.14071718 "" "" 26.471053177453623 "" 4.2764026820544325 ""
263.06269263121 -38.07250154178 0.0673 0.0498 18.1177 "" "" 5962092563187560448 2126.76611 0.4647 0.0714 -3.283 -6.538 0.087 0.059 1.075 "" "" 16.70999 1.601541 17.403282 15.801741 "" "" 1808.18518 2478.97339 3898.97996 2.8598 1493.2 9.1334 3788.5 69.936 "" "" 0.0028680964572273277 0.007203403 0.02039599 0.027599394 263.06269263121 -38.07250154178 2126.76611 -3.283 -6.538000000000006 -3.1089062469005584 -3.8806876068115237 0.16471717 0.13671717 "" "" 50.126401080149435 "" 7.4334156806742335 ""
262.38800665959 -37.84575886871 0.067 0.0567 18.3047 "" "" 5962157945429939712 2646.2207 0.4105 0.0937 1.244 -1.975 0.093 0.066 0.946 8175.2 4.2914 16.710402 1.989079 17.697514 15.708434 "" "" 2106.80835 4112.69482 3897.49926 3.2392 1138.7 6.1202 4128.4 14.69 "" "" 0.0028993152239397066 0.0064682695 0.0054045552 0.011872824 262.38800665959 -37.84575886871 2646.2207 1.244 -1.9749999999999996 1.4180937530994415 0.6823123931884765 0.17071718 0.14371717 "" "" 19.739088117575502 "" 3.2762379844184695 ""
263.19598052418 -37.89162283601 0.065 0.0507 20.073 "" "" 5962118740972993792 1855.68213 0.5451 0.0679 -0.822 -1.433 0.085 0.064 1.221 6811.8 3.6743 16.71217 1.978372 17.67444 15.696069 "" "" 1648.99329 2106.28687 3891.16006 4.422 1163.2 9.037 4175.7 8.3664 "" "" 0.0030189710401102876 0.008884664 0.0043607308 0.013245394 263.19598052418 -37.89162283601 1855.68213 -0.8219999999999997 -1.4330000000000003 -0.6479062469005584 1.2243123931884765 0.16271718 0.14171718 "" "" 12.18394995767437 "" 1.7857888850979962 ""
262.87364466947 -38.19192845176 0.0685 0.0516 19.5889 "" "" 5962093009826117888 2602.72144 0.3616 0.0795 -1.761 -3.612 0.092 0.063 1.06 4881.8 2.9993 16.712305 3.0261 18.429977 15.403877 "" "" 2094.04639 3273.60645 3890.67003 3.299 580.0 8.1948 5465.2 22.338 "" "" 0.0029050538160519607 0.01559201 0.005829007 0.021421017 262.87364466947 -38.19192845176 2602.72144 -1.761 -3.6120000000000005 -1.5869062469005584 -0.9546876068115235 0.16971718 0.14071718 "" "" 22.84725817828606 "" 3.7130497778630023 ""
262.61672928844 -37.78581614191 0.0998 0.0787 9.1319 "" "" 5962160732916897536 2613.27661 0.4491 0.1188 -2.231 1.427 0.123 0.1 1.648 4662.8 4.3404 16.71253 1.618231 17.449427 15.831196 "" "" 2035.99353 3393.4834 3889.86575 9.005 1431.0 12.382 3687.1 28.985 "" "" 0.003729518971091587 0.009800124 0.009334507 0.019134631 262.61672928844 -37.78581614191 2613.27661 -2.231 1.4269999999999996 -2.0569062469005583 4.084312393188476 0.20071718 0.17771718 "" "" 56.64562842761054 "" 10.343734595817203 ""
262.77585668706 -37.95272811574 0.0657 0.0485 4.6485 "" "" 5962143415608287872 2367.07666 0.4255 0.0745 0.911 0.225 0.09 0.059 1.051 6012.6 4.4528 16.713217 1.567913 17.398165 15.830252 "" "" 2012.35474 2868.83081 3887.40978 3.7785 1500.2 9.1127 3690.3 11.314 "" "" 0.0029505060328891964 0.007161045 0.005036287 0.012197332 262.77585668706 -37.95272811574 2367.07666 0.9109999999999994 0.22500000000000003 1.0850937530994416 2.8823123931884767 0.16771719 0.13671717 "" "" 34.555154526942545 "" 4.870082181414563 ""
262.67138676909 -37.93761432058 0.0639 0.0491 6.0782 "" "" 5962146920301748736 1916.94849 0.5097 0.0755 -1.214 -2.392 0.089 0.068 1.002 4909.8 4.3195 16.71511 1.616991 17.477196 15.860205 "" "" 1686.60693 2256.91724 3880.63311 2.5195 1394.9 8.7766 3589.9 13.948 "" "" 0.002844062767280607 0.007379201 0.0056638443 0.013043045 262.67138676909 -37.93761432058 1916.94849 -1.2139999999999993 -2.392000000000001 -1.0399062469005584 0.26531239318847666 0.16671717 0.14571717 "" "" 9.75161406997133 "" 1.6139919985132907 ""
262.52450198854 -37.85633081563 0.0633 0.0474 11.807 "" "" 5962154440736220160 1849.58826 0.5579 0.0726 -1.043 -4.869 0.076 0.059 0.962 4719.0 4.3189 16.715574 1.641391 17.466747 15.825356 "" "" 1603.30212 2138.5415 3878.97295 2.8615 1408.4 10.487 3706.9 17.794 "" "" 0.0028693724305697737 0.008552374 0.0064378954 0.01499027 262.52450198854 -37.85633081563 1849.58826 -1.042999999999999 -4.868999999999999 -0.8689062469005584 -2.211687606811523 0.15371718 0.13671717 "" "" 20.83269140413137 "" 2.8980482306287816 ""
262.55832577104 -38.20105142384 0.069 0.0568 22.0127 "" "" 5962134001041150976 2026.85547 0.4603 0.0692 -2.008 -2.707 0.092 0.081 1.015 "" "" 16.715723 1.931386 17.653519 15.722133 "" "" 1800.0625 2206.50122 3878.44345 3.2239 1185.8 8.4783 4076.7 19.16 "" "" 0.0028993620298080553 0.008249061 0.0063500074 0.014599068 262.55832577104 -38.20105142384 2026.85547 -2.008000000000002 -2.707 -1.8339062469005585 -0.04968760681152329 0.16971718 0.15871719 "" "" 17.625343808384407 "" 2.991185996113034 ""
263.08269976202 -37.93873389277 0.0655 0.0509 15.1653 "" "" 5962120222782987904 2473.86816 0.4099 0.0719 -1.628 -3.878 0.084 0.059 1.115 "" "" 16.716188 1.712865 17.506592 15.793727 "" "" 2030.27271 3142.4458 3876.77985 3.0813 1357.6 10.47 3816.5 18.263 "" "" 0.0028872958407347975 0.008825985 0.0064247507 0.015250735 263.08269976202 -37.93873389277 2473.86816 -1.6280000000000001 -3.878 -1.4539062469005584 -1.2206876068115236 0.16171718 0.13671717 "" "" 22.2608918932698 "" 3.380994647005438 ""
263.11706251439 -38.04921305769 0.0649 0.048 19.3493 "" "" 5962115378059661440 2011.55164 0.4905 0.064 2.564 -0.43 0.081 0.056 0.967 5533.0 4.6 16.718485 1.503957 17.403921 15.899964 "" "" 1772.17163 2329.34595 3868.58956 2.6069 1492.3 7.0758 3460.8 11.722 "" "" 0.0028508039114705066 0.00585556 0.005273285 0.011128845 263.11706251439 -38.04921305769 2011.55164 2.5639999999999996 -0.42999999999999994 2.7380937530994416 2.2273123931884764 0.15871719 0.13371718 "" "" 33.65387279586632 "" 5.023328756932485 ""
262.90729211296 -37.80821925349 0.0647 0.0504 7.5447 "" "" 5962169357213338496 1792.89954 0.5684 0.0693 -0.13 -2.339 0.081 0.059 0.918 4988.2 4.3124 16.71874 1.775043 17.581661 15.806619 "" "" 1592.16504 2010.46472 3867.67784 2.6948 1266.9 7.286 3771.5 9.0068 "" "" 0.0028572818320813614 0.0068391566 0.0045833066 0.011422463 262.90729211296 -37.80821925349 1792.89954 -0.12999999999999978 -2.3389999999999995 0.044093753099441524 0.3183123931884766 0.15871719 0.13671717 "" "" 2.7309588683069905 "" 0.3745891646319313 ""
262.36814555458 -38.01550316498 0.0889 0.0656 20.9049 "" "" 5962151627566358400 2083.05688 0.5458 0.0968 -1.854 -1.08 0.106 0.082 1.34 "" "" 16.720053 2.110686 17.276901 15.166215 "" "" 1691.80457 3125.4292 3863.00914 3.8903 1677.5 20.631 6802.6 97.831 "" "" 0.0029643426197572494 0.013641491 0.0160653 0.029706791 262.36814555458 -38.01550316498 2083.05688 -1.8540000000000005 -1.0800000000000012 -1.6799062469005586 1.5773123931884765 0.18371718 0.15971717 "" "" 22.752373372304096 "" 3.933604759287229 ""
262.44378709517 -38.11697484576 0.077 0.0575 21.2604 "" "" 5962044592656467456 2282.99585 0.4399 0.0778 0.104 -1.735 0.096 0.073 0.969 "" "" 16.720358 1.906825 17.663908 15.757083 "" "" 2000.54858 2750.24878 3861.92583 3.0058 1174.5 9.3595 3947.5 17.746 "" "" 0.0028819945285772264 0.009090913 0.0061731036 0.0152640175 262.44378709517 -38.11697484576 2282.99585 0.10400000000000001 -1.7350000000000003 0.2780937530994415 0.9223123931884765 0.17371717 0.15071717 "" "" 10.424532383366994 "" 1.592516565435302 ""
262.78375351758 -37.54369110402 0.0798 0.0601 19.9033 "" "" 5962190484119369088 2191.88428 0.471 0.0859 -0.081 -2.509 0.104 0.071 1.325 9470.1 3.9779 16.722704 2.092285 17.651499 15.559214 "" "" 1808.39587 2688.08911 3853.58853 5.9848 1188.0 24.42 4736.7 86.961 "" "" 0.003230333291963784 0.022491647 0.020288141 0.04277979 262.78375351758 -37.54369110402 2191.88428 -0.08099999999999992 -2.5089999999999995 0.09309375309944153 0.14831239318847667 0.18171719 0.14871718 "" "" 1.819296047734801 "" 0.2887971253756607 ""
262.62035719727 -38.0315117047 0.0646 0.0519 11.8211 "" "" 5962139700408691840 1927.70105 0.5219 0.0767 -2.467 -1.782 0.091 0.073 1.04 5347.0 4.6426 16.72301 1.545853 17.439604 15.893751 "" "" 1667.55774 2187.80688 3852.50369 2.7746 1444.0 10.129 3480.6 9.7509 "" "" 0.002864130348046539 0.008110957 0.0048513506 0.012962308 262.62035719727 -38.0315117047 1927.70105 -2.4670000000000005 -1.782 -2.2929062469005586 0.8753123931884765 0.16871718 0.15071717 "" "" 22.425687076058576 "" 3.7346772605474325 ""
