Clusters/UBC_562/UBC_562_stars_in_region.tsv
# %ECSV 1.0
# ---
# datatype:
# - name: RA_ICRS_1
#   unit: deg
#   datatype: float64
#   format: '{:15.11f}'
#   description: Right ascension (ICRS) at Ep=2016.0 (ra)
#   meta: !!omap
#   - {ucd: POS_EQ_RA_MAIN}
#   - {width: 15}
#   - {precision: '11'}
# - name: DE_ICRS_1
#   unit: deg
#   datatype: float64
#   format: '{:15.11f}'
#   description: Declination (ICRS) at Ep=2016.0 (dec)
#   meta: !!omap
#   - {ucd: POS_EQ_DEC_MAIN}
#   - {width: 15}
#   - {precision: '11'}
# - name: e_RA_ICRS
#   unit: mas
#   datatype: float64
#   format: '{:7.4f}'
#   description: Standard error of right ascension (ra_error)
#   meta: !!omap
#   - {ucd: ERROR}
#   - {width: 7}
#   - {precision: '4'}
# - name: e_DE_ICRS
#   unit: mas
#   datatype: float64
#   format: '{:7.4f}'
#   description: Standard error of declination (dec_error)
#   meta: !!omap
#   - {ucd: ERROR}
#   - {width: 7}
#   - {precision: '4'}
# - name: _r_1
#   unit: ''
#   datatype: float64
#   format: '{:7.4f}'
#   description: Distance from center (262.77260885000-37.87529483000)[ICRS], at Epoch=J2016.0
#   meta: !!omap
#   - {ucd: POS_ANG_DIST_GENERAL}
#   - {width: 7}
#   - {precision: '4'}
# - name: HIP
#   datatype: int32
#   description: '? HIP cross-id number, van Leeuwen, Cat. I/311 (hip_original_ext_source_id)'
#   meta: !!omap
#   - {ucd: ID_NUMBER}
#   - {width: 6}
#   - values: {'null': -2147483648}
# - name: TYC2
#   datatype: string
#   description: Tycho-2 cross-id name, Hog et al., Cat. I/259 (tyc2_original_ext_source_id)
#   meta: !!omap
#   - {ucd: ID_CROSSID}
#   - {_votable_string_dtype: char}
# - name: Source
#   datatype: int64
#   description: Source identifier, identical to the Gaia-EDR3 source_id (id)
#   meta: !!omap
#   - {ucd: ID_MAIN}
#   - {width: 19}
# - name: rgeo
#   unit: pc
#   datatype: float64
#   format: '{:15.8f}'
#   description: '? Median of the geometric distance posterior (r_med_geo)'
#   meta: !!omap
#   - {ucd: PHYS_DISTANCE_TRUE}
#   - {width: 15}
#   - {precision: '8'}
#   - values: {'null': .nan}
# - name: Plx
#   unit: mas
#   datatype: float64
#   format: '{:9.4f}'
#   description: '? Parallax (parallax)'
#   meta: !!omap
#   - {ucd: POS_PARLX_TRIG}
#   - {width: 9}
#   - {precision: '4'}
#   - values: {'null': .nan}
# - name: e_Plx
#   unit: mas
#   datatype: float32
#   format: '{:7.4f}'
#   description: '? Standard error of parallax (parallax_error)'
#   meta: !!omap
#   - {ucd: ERROR}
#   - {width: 7}
#   - {precision: '4'}
#   - values: {'null': .nan}
# - name: pmRA
#   unit: mas / yr
#   datatype: float64
#   format: '{:9.3f}'
#   description: '? Proper motion in right ascension direction, pmRA*cosDE (pmra)'
#   meta: !!omap
#   - {ucd: POS_EQ_PMRA}
#   - {width: 9}
#   - {precision: '3'}
#   - values: {'null': .nan}
# - name: pmDE
#   unit: mas / yr
#   datatype: float64
#   format: '{:9.3f}'
#   description: '? Proper motion in declination direction (pmdec)'
#   meta: !!omap
#   - {ucd: POS_EQ_PMDEC}
#   - {width: 9}
#   - {precision: '3'}
#   - values: {'null': .nan}
# - name: e_pmRA
#   unit: mas / yr
#   datatype: float32
#   format: '{:6.3f}'
#   description: '? Standard error of proper motion in right ascension direction (pmra_error)'
#   meta: !!omap
#   - {ucd: ERROR}
#   - {width: 6}
#   - {precision: '3'}
#   - values: {'null': .nan}
# - name: e_pmDE
[...]
#         value: !astropy.table.SerializedColumn {name: SkyCoord.dec}
#       distance: !astropy.table.SerializedColumn
#         __class__: astropy.coordinates.distances.Distance
#         unit: !astropy.units.Unit {unit: pc}
#         value: !astropy.table.SerializedColumn {name: SkyCoord.distance}
#       frame: icrs
#       obstime: !astropy.time.Time {format: jyear_str, in_subfmt: '*', jd1: 367701545.0, jd2: 0.0, out_subfmt: '*', precision: 3, scale: tt}
#       pm_dec: !astropy.table.SerializedColumn
#         __class__: astropy.units.quantity.Quantity
#         unit: !astropy.units.Unit {unit: mas / yr}
#         value: !astropy.table.SerializedColumn {name: SkyCoord.pm_dec}
#       pm_ra_cosdec: !astropy.table.SerializedColumn
#         __class__: astropy.units.quantity.Quantity
#         unit: !astropy.units.Unit {unit: mas / yr}
#         value: !astropy.table.SerializedColumn {name: SkyCoord.pm_ra_cosdec}
#       ra: !astropy.table.SerializedColumn
#         __class__: astropy.coordinates.angles.Longitude
#         unit: *id001
#         value: !astropy.table.SerializedColumn {name: SkyCoord.ra}
#         wrap_angle: !astropy.coordinates.Angle
#           unit: *id001
#           value: 360.0
#       representation_type: spherical
# schema: astropy-2.0
RA_ICRS_1 DE_ICRS_1 e_RA_ICRS e_DE_ICRS _r_1 HIP TYC2 Source rgeo Plx e_Plx pmRA pmDE e_pmRA e_pmDE RUWE Teff logg Gmag BP-RP BPmag RPmag RV e_RV b_rgeo B_rgeo FG e_FG FBP e_FBP FRP e_FRP RAVE5 RAVE6 e_Gmag e_BPmag e_RPmag e_BP-RP SkyCoord.ra SkyCoord.dec SkyCoord.distance SkyCoord.pm_ra_cosdec SkyCoord.pm_dec rmRA rmDE e_rmRA e_rmDE rRV e_rRV v_pec v_pec3d e_vpec e_vpec3d
[from data line 2339]
262.8754604744 -38.0569237613 0.0688 0.0527 11.9344 "" "" 5962095067108112512 1787.08862 0.5469 0.0796 -2.699 -0.798 0.096 0.066 0.992 "" "" 16.9942 1.784351 17.84578 16.061428 "" "" 1571.84692 2050.00903 3001.00685 2.4191 993.36 6.2401 2982.5 9.3538 "" "" 0.0028909821846052064 0.007369041 0.005087096 0.012456137 262.8754604744 -38.0569237613 1787.08862 -2.699 -0.798 -2.5249062469005583 1.8593123931884765 0.17371717 0.14371717 "" "" 26.561319958200926 "" 4.350653089098304 ""
262.82252400915 -38.11309312613 0.0752 0.0584 14.4618 "" "" 5962094414273019008 1969.48376 0.5099 0.0876 -1.511 -2.379 0.105 0.074 1.071 "" "" 16.994253 2.063187 18.029478 15.966291 "" "" 1673.68201 2304.95386 3000.86026 3.1058 838.74 8.2644 3255.7 9.5408 "" "" 0.0029756512908095927 0.011056005 0.004940364 0.015996369 262.82252400915 -38.11309312613 1969.48376 -1.5110000000000006 -2.3789999999999987 -1.3369062469005584 0.27831239318847656 0.18271717 0.15171719 "" "" 12.748059829776025 "" 2.3142180958062593 ""
262.64784367468 -37.99238082832 0.0756 0.0625 9.1768 "" "" 5962140215804402560 2359.99976 0.4299 0.0923 3.833 2.248 0.104 0.083 1.033 4977.1 4.3724 16.99442 1.500763 17.687122 16.18636 "" "" 1940.88 2858.71631 3000.398 2.8104 1149.7 10.27 2658.4 12.179 "" "" 0.0029370126484324025 0.010091997 0.0062470413 0.016339038 262.64784367468 -37.99238082832 2359.99976 3.833 2.248 4.007093753099442 4.905312393188477 0.18171719 0.16071717 "" "" 70.85406230328302 "" 12.005136785079904 ""
263.08425910919 -38.03863457726 0.0688 0.0522 17.7037 "" "" 5962116168333700736 2657.77124 0.3852 0.0715 -3.665 -1.867 0.088 0.062 0.928 4696.7 4.2972 16.995855 1.813242 17.854088 16.040846 "" "" 2193.91357 3687.60522 2996.43449 2.3303 985.78 6.6633 3039.6 14.548 "" "" 0.00288179551659069 0.007851443 0.006425524 0.014276967 263.08425910919 -38.03863457726 2657.77124 -3.6650000000000027 -1.866999999999999 -3.4909062469005585 0.7903123931884766 0.16571718 0.13971718 "" "" 45.09078494280764 "" 7.4194570515671785 ""
262.74225199249 -37.94336951486 0.073 0.0565 4.3299 "" "" 5962146400557767168 2078.52832 0.4682 0.0903 -1.563 -6.299 0.1 0.068 0.968 4822.8 4.418 16.996878 1.926401 17.972622 16.04622 "" "" 1746.57764 2744.91528 2993.61285 2.4944 883.83 10.961 3024.6 12.499 "" "" 0.002900040426554369 0.013751028 0.005866398 0.019617427 262.74225199249 -37.94336951486 2078.52832 -1.5629999999999997 -6.299000000000001 -1.3889062469005584 -3.641687606811524 0.17771718 0.14571717 "" "" 38.39960379557535 "" 5.76605600920396 ""
262.37535082175 -37.69055769529 0.0776 0.0601 21.8571 "" "" 5974169633232673024 2046.66504 0.4667 0.0933 -0.936 -1.289 0.105 0.075 1.067 9215.8 3.4947 16.998785 2.485674 18.359034 15.87336 "" "" 1696.21423 2409.26514 2988.35901 2.7624 619.16 12.644 3546.6 12.715 "" "" 0.002932419352523206 0.022346925 0.0054254285 0.027772354 262.37535082175 -37.69055769529 2046.66504 -0.9359999999999999 -1.2889999999999988 -0.7619062469005585 1.3683123931884766 0.18271717 0.15271717 "" "" 15.193380181579196 "" 2.435881227852574 ""
263.0423576697 -37.92544535928 0.0708 0.0544 13.1209 "" "" 5962120665118293632 1847.07556 0.5365 0.0768 3.481 -0.635 0.097 0.068 1.043 5266.8 4.6519 16.999454 1.70174 17.804338 16.102598 "" "" 1625.05981 2109.48633 2986.51592 2.5425 1032.0 7.8255 2871.6 10.731 "" "" 0.002906225959848607 0.008692923 0.005544878 0.014237801 263.0423576697 -37.92544535928 1847.07556 3.481 -0.6349999999999999 3.6550937530994414 2.0223123931884768 0.17471719 0.14571717 "" "" 36.57244298017576 "" 6.1576662868530985 ""
262.78693720556 -37.56162054516 0.0759 0.0568 18.8327 "" "" 5962187499155626496 1894.91162 0.5121 0.0787 -0.865 -4.042 0.096 0.067 1.006 4924.2 4.3311 16.999556 2.140881 18.09 15.94912 "" "" 1666.40637 2129.1665 2986.23787 2.7178 793.26 9.2326 3307.6 13.283 "" "" 0.0029271496481990656 0.012941042 0.005770196 0.01871124 262.78693720556 -37.56162054516 1894.91162 -0.8650000000000004 -4.042 -0.6909062469005585 -1.3846876068115233 0.17371717 0.14471719 "" "" 13.899330261313258 "" 2.098009307180918 ""
262.9186449422 -37.78666967892 0.0703 0.0542 8.7275 "" "" 5962169391573097984 2248.07568 0.4389 0.0768 -3.19 -2.795 0.093 0.066 0.967 9357.2 4.0037 16.999868 2.924403 18.687416 15.763013 "" "" 1925.32336 2642.73657 2985.37957 2.5429 457.56 7.204 3926.0 18.652 "" "" 0.0029063841751153655 0.01732046 0.0063946 0.02371506 262.9186449422 -37.78666967892 2248.07568 -3.19 -2.795 -3.0159062469005584 -0.13768760681152337 0.17071718 0.14371717 "" "" 32.17060500769006 "" 5.490410927258239 ""
