Clusters/UBC_562/UBC_562_members.tsv
# %ECSV 1.0
# ---
# datatype:
# - name: RA_ICRS_1
#   unit: deg
#   datatype: float64
#   format: '{:15.11f}'
#   description: Right ascension (ICRS) at Ep=2016.0 (ra)
#   meta: !!omap
#   - {ucd: POS_EQ_RA_MAIN}
#   - {width: 15}
#   - {precision: '11'}
# - name: DE_ICRS_1
#   unit: deg
#   datatype: float64
#   format: '{:15.11f}'
#   description: Declination (ICRS) at Ep=2016.0 (dec)
#   meta: !!omap
#   - {ucd: POS_EQ_DEC_MAIN}
#   - {width: 15}
#   - {precision: '11'}
# - name: e_RA_ICRS
#   unit: mas
#   datatype: float64
#   format: '{:7.4f}'
#   description: Standard error of right ascension (ra_error)
#   meta: !!omap
#   - {ucd: ERROR}
#   - {width: 7}
#   - {precision: '4'}
# - name: e_DE_ICRS
#   unit: mas
#   datatype: float64
#   format: '{:7.4f}'
#   description: Standard error of declination (dec_error)
#   meta: !!omap
#   - {ucd: ERROR}
#   - {width: 7}
#   - {precision: '4'}
# - name: _r_1
#   unit: ''
#   datatype: float64
#   format: '{:7.4f}'
#   description: Distance from center (262.77260885000-37.87529483000)[ICRS], at Epoch=J2016.0
#   meta: !!omap
#   - {ucd: POS_ANG_DIST_GENERAL}
#   - {width: 7}
#   - {precision: '4'}
# - name: HIP
#   datatype: int32
#   description: '? HIP cross-id number, van Leeuwen, Cat. I/311 (hip_original_ext_source_id)'
#   meta: !!omap
#   - {ucd: ID_NUMBER}
#   - {width: 6}
#   - values: {'null': -2147483648}
# - name: TYC2
#   datatype: string
#   description: Tycho-2 cross-id name, Hog et al., Cat. I/259 (tyc2_original_ext_source_id)
#   meta: !!omap
#   - {ucd: ID_CROSSID}
#   - {_votable_string_dtype: char}
# - name: Source
#   datatype: int64
#   description: Source identifier, identical to the Gaia-EDR3 source_id (id)
#   meta: !!omap
#   - {ucd: ID_MAIN}
#   - {width: 19}
# - name: rgeo
#   unit: pc
#   datatype: float64
#   format: '{:15.8f}'
#   description: '? Median of the geometric distance posterior (r_med_geo)'
#   meta: !!omap
#   - {ucd: PHYS_DISTANCE_TRUE}
#   - {width: 15}
#   - {precision: '8'}
#   - values: {'null': .nan}
# - name: Plx
#   unit: mas
#   datatype: float64
#   format: '{:9.4f}'
#   description: '? Parallax (parallax)'
#   meta: !!omap
#   - {ucd: POS_PARLX_TRIG}
#   - {width: 9}
#   - {precision: '4'}
#   - values: {'null': .nan}
# - name: e_Plx
#   unit: mas
#   datatype: float32
#   format: '{:7.4f}'
#   description: '? Standard error of parallax (parallax_error)'
#   meta: !!omap
#   - {ucd: ERROR}
#   - {width: 7}
#   - {precision: '4'}
#   - values: {'null': .nan}
# - name: pmRA
#   unit: mas / yr
#   datatype: float64
#   format: '{:9.3f}'
#   description: '? Proper motion in right ascension direction, pmRA*cosDE (pmra)'
#   meta: !!omap
#   - {ucd: POS_EQ_PMRA}
#   - {width: 9}
#   - {precision: '3'}
#   - values: {'null': .nan}
# - name: pmDE
#   unit: mas / yr
#   datatype: float64
#   format: '{:9.3f}'
#   description: '? Proper motion in declination direction (pmdec)'
#   meta: !!omap
#   - {ucd: POS_EQ_PMDEC}
#   - {width: 9}
#   - {precision: '3'}
#   - values: {'null': .nan}
# - name: e_pmRA
#   unit: mas / yr
#   datatype: float32
#   format: '{:6.3f}'
#   description: '? Standard error of proper motion in right ascension direction (pmra_error)'
#   meta: !!omap
#   - {ucd: ERROR}
#   - {width: 6}
#   - {precision: '3'}
#   - values: {'null': .nan}
# - name: e_pmDE
[...]
#         unit: &id001 !astropy.units.Unit {unit: deg}
#         value: !astropy.table.SerializedColumn {name: SkyCoord.dec}
#       distance: !astropy.table.SerializedColumn
#         __class__: astropy.coordinates.distances.Distance
#         unit: !astropy.units.Unit {unit: pc}
#         value: !astropy.table.SerializedColumn {name: SkyCoord.distance}
#       frame: icrs
#       obstime: !astropy.time.Time {format: jyear_str, in_subfmt: '*', jd1: 367701545.0, jd2: 0.0, out_subfmt: '*', precision: 3, scale: tt}
#       pm_dec: !astropy.table.SerializedColumn
#         __class__: astropy.units.quantity.Quantity
#         unit: !astropy.units.Unit {unit: mas / yr}
#         value: !astropy.table.SerializedColumn {name: SkyCoord.pm_dec}
#       pm_ra_cosdec: !astropy.table.SerializedColumn
#         __class__: astropy.units.quantity.Quantity
#         unit: !astropy.units.Unit {unit: mas / yr}
#         value: !astropy.table.SerializedColumn {name: SkyCoord.pm_ra_cosdec}
#       ra: !astropy.table.SerializedColumn
#         __class__: astropy.coordinates.angles.Longitude
#         unit: *id001
#         value: !astropy.table.SerializedColumn {name: SkyCoord.ra}
#         wrap_angle: !astropy.coordinates.Angle
#           unit: *id001
#           value: 360.0
#       representation_type: spherical
# schema: astropy-2.0
RA_ICRS_1 DE_ICRS_1 e_RA_ICRS e_DE_ICRS _r_1 HIP TYC2 Source rgeo Plx e_Plx pmRA pmDE e_pmRA e_pmDE RUWE Teff logg Gmag BP-RP BPmag RPmag RV e_RV b_rgeo B_rgeo FG e_FG FBP e_FBP FRP e_FRP RAVE5 RAVE6 e_Gmag e_BPmag e_RPmag e_BP-RP SkyCoord.ra SkyCoord.dec SkyCoord.distance SkyCoord.pm_ra_cosdec SkyCoord.pm_dec Pmemb
262.62410012223 -37.88122111951 0.0135 0.0101 7.0422 "" "" 5962159182379077504 2304.17554 0.4251 0.015 -0.306 -2.766 0.017 0.013 0.924 "" "" 12.084164 1.665145 12.863029 11.197885 "" "" 2228.73804 2367.99976 276236.73548 86.09 97770.0 130.09 263030.0 164.32 "" "" 0.002776019744128255 0.0031419836 0.0038397645 0.006981748 262.62410012223 -37.88122111951 2304.17554 -0.30599999999999994 -2.766 0.92
262.73787183321 -37.8969327119 0.0152 0.011 2.0955 "" "" 5962146817222519296 2317.3811 0.3953 0.0161 -0.144 -2.761 0.02 0.014 0.915 "" "" 13.084641 1.496971 13.7655 12.268529 -12.47 36.53 2232.2002 2411.05884 109923.359 53.615 42581.0 60.048 98118.0 120.87 "" "" 0.0028057494993681685 0.0031826643 0.0040090694 0.0071917335 262.73787183321 -37.8969327119 2317.3811 -0.14400000000000002 -2.761 0.9
262.77501152313 -37.93287958137 0.0141 0.0105 3.457 "" "" 5962146473625034240 2219.71289 0.4111 0.0153 -0.152 -2.692 0.02 0.013 1.02 "" "" 13.132248 1.530459 13.833641 12.303182 "" "" 2133.8855 2310.91919 105207.71434 57.645 39991.0 61.44 95035.0 111.68 "" "" 0.0028188093720896384 0.003250768 0.0039889403 0.007239708 262.77501152313 -37.93287958137 2219.71289 -0.152 -2.692 0.94
262.789407827 -37.89756322039 0.015 0.0113 1.555 "" "" 5962148049829812864 2299.2417 0.3943 0.0159 -0.132 -2.597 0.021 0.015 0.945 6599.5 2.7945 13.264692 1.668264 14.049203 12.380939 "" "" 2234.79834 2380.79346 93125.73821 38.019 32790.0 46.931 88467.0 66.613 "" "" 0.0027907464701924754 0.0031937237 0.0038667917 0.0070605157 262.789407827 -37.89756322039 2299.2417 -0.132 -2.597 0.91
262.78824410277 -37.82119051044 0.016 0.0123 3.3297 "" "" 5962149634721126656 2280.42993 0.4005 0.0165 -0.123 -2.563 0.021 0.015 0.967 "" "" 13.438029 1.456332 14.088781 12.632449 "" "" 2199.62354 2354.68311 79384.34252 38.088 31616.0 48.914 70174.0 87.788 "" "" 0.0028041318245355467 0.0032567906 0.0040160427 0.007272833 262.78824410277 -37.82119051044 2280.42993 -0.12300000000000005 -2.5630000000000006 0.96
262.54357685717 -37.79727055731 0.0185 0.014 11.8195 "" "" 5962163412976562176 2282.17236 0.3992 0.0212 -0.176 -2.607 0.025 0.018 0.965 "" "" 13.588838 1.517556 14.280659 12.763103 "" "" 2187.70654 2404.33081 69089.44305 52.101 26494.0 71.331 62218.0 129.8 "" "" 0.002874397968118047 0.004041041 0.0044061663 0.0084472075 262.54357685717 -37.79727055731 2282.17236 -0.176 -2.607 0.86
262.76432966726 -37.70543987786 0.0169 0.0127 10.1989 "" "" 5962162171682565504 2304.96826 0.39 0.0174 -0.056 -2.686 0.021 0.015 0.942 "" "" 13.700113 1.778811 14.555107 12.776297 "" "" 2223.15869 2401.59766 62359.34874 24.274 20577.0 27.952 61467.0 41.661 "" "" 0.002787545266831822 0.003155995 0.0038503583 0.0070063532 262.76432966726 -37.70543987786 2304.96826 -0.05600000000000005 -2.686 0.92
262.76519383138 -37.79232611165 0.0192 0.0147 4.9905 "" "" 5962149909599110656 2474.97534 0.3619 0.0196 -0.167 -2.646 0.023 0.016 0.89 "" "" 13.849888 1.509942 14.518879 13.008937 "" "" 2347.64331 2604.51343 54323.97824 20.971 21275.0 59.153 49612.0 111.94 "" "" 0.0027870166688073557 0.0041107275 0.004503891 0.008614618 262.76519383138 -37.79232611165 2474.97534 -0.16699999999999998 -2.6460000000000004 0.96
262.81413688654 -37.93040666629 0.017 0.0133 3.847 "" "" 5962144961796506880 2335.41357 0.3865 0.0182 -0.005 -2.57 0.024 0.018 0.979 11004.7 3.4891 13.914366 1.392143 14.527441 13.135298 "" "" 2243.14697 2436.77637 51191.78245 21.325 21108.0 37.851 44161.0 54.943 "" "" 0.002792194833476421 0.003402302 0.004013533 0.007415835 262.81413688654 -37.93040666629 2335.41357 -0.0050000000000000044 -2.57 0.97
262.79494827014 -37.90138589691 0.0189 0.0142 1.8894 "" "" 5962147985453548160 2318.80615 0.3873 0.0199 -0.183 -2.653 0.024 0.017 0.869 "" "" 13.923115 1.809601 14.793616 12.984015 "" "" 2225.67358 2453.39795 50780.96184 53.553 16518.0 39.392 50764.0 277.51 "" "" 0.002983760151024224 0.00380648 0.007036493 0.010842973 262.79494827014 -37.90138589691 2318.80615 -0.18300000000000002 -2.653 0.97
262.50528192616 -37.97192788719 0.0233 0.0188 13.9177 "" "" 5962152654030120960 2127.90674 0.4265 0.0256 -0.182 -2.644 0.03 0.022 0.846 10040.2 3.6422 14.171124 1.292451 14.73027 13.437819 "" "" 1997.06836 2244.19141 40410.76685 10.877 17511.0 22.609 33422.0 28.429 "" "" 0.0027707746779401534 0.003122526 0.003890584 0.00701311 262.50528192616 -37.97192788719 2127.90674 -0.18200000000000002 -2.644 0.94
262.59929815145 -38.08191277633 0.0223 0.0198 14.8618 "" "" 5962139464238380800 2081.31006 0.4441 0.0269 -0.065 -2.582 0.031 0.027 1.114 "" "" 14.414839 1.529879 15.11956 13.589682 26.04 4.66 1972.19409 2209.14331 32285.77384 10.265 12235.0 24.433 29059.0 21.714 "" "" 0.0027768603057342018 0.0035335664 0.0038654807 0.007399047 262.59929815145 -38.08191277633 2081.31006 -0.06500000000000003 -2.582 0.91
262.80494914209 -37.89987022433 0.0234 0.0195 2.1259 "" "" 5962148019813276416 2046.24878 0.4538 0.0292 -0.248 -2.721 0.032 0.022 0.949 "" "" 14.602173 1.694889 15.386113 13.691224 "" "" 1929.875 2188.73608 27169.24095 16.034 9571.3 40.858 26465.0 75.323 "" "" 0.0028288425317807234 0.0054098405 0.004881882 0.010291723 262.80494914209 -37.89987022433 2046.24878 -0.24800000000000003 -2.721 0.87
262.86813964625 -37.82544246275 0.0242 0.0185 5.4251 "" "" 5962148702664171648 2337.06519 0.3833 0.0261 -0.122 -2.69 0.033 0.024 0.981 "" "" 14.625199 1.826965 15.506288 13.679322 "" "" 2196.38794 2476.13477 26599.11408 13.306 8568.4 18.337 26756.0 38.451 "" "" 0.002808341281226827 0.0036309713 0.004088801 0.007719772 262.86813964625 -37.82544246275 2337.06519 -0.12200000000000003 -2.6900000000000004 0.96
262.76700242998 -38.00387887378 0.0236 0.018 7.7196 "" "" 5962142728413459584 2303.69556 0.4035 0.0277 -0.237 -2.652 0.034 0.022 1.0 "" "" 14.668589 1.611733 15.416524 13.80479 "" "" 2168.94214 2464.18164 25557.07667 12.663 9307.0 18.314 23836.0 33.127 "" "" 0.0028073457288828457 0.0035141958 0.0040694764 0.007583672 262.76700242998 -38.00387887378 2303.69556 -0.23700000000000004 -2.652 0.96
262.86695741038 -37.91262942477 0.0242 0.0182 4.9975 "" "" 5962144923092857216 2004.00708 0.4487 0.0262 -0.207 -2.619 0.036 0.024 1.035 9757.7 3.5061 14.829979 1.747154 15.650267 13.903112 "" "" 1899.4751 2130.12451 22026.98652 9.0214 7504.3 11.819 21773.0 30.326 "" "" 0.002790972176231644 0.0032724808 0.0040707 0.007343181 262.86695741038 -37.91262942477 2004.00708 -0.207 -2.619 0.96
262.85317111524 -37.86867080352 0.0255 0.0195 3.8363 "" "" 5962145580271845760 2157.23315 0.4258 0.0272 -0.203 -2.723 0.035 0.025 1.009 "" "" 14.862185 1.71194 15.670146 13.958206 "" "" 2043.90222 2314.50024 21383.20315 27.559 7368.2 23.389 20695.0 81.765 "" "" 0.00309028596931288 0.0044343215 0.005717097 0.010151418 262.85317111524 -37.86867080352 2157.23315 -0.203 -2.723 0.95
262.75515962632 -37.72765876967 0.0287 0.0215 8.8967 "" "" 5962161935507665536 2193.99219 0.4297 0.031 -0.245 -2.73 0.036 0.025 0.924 "" "" 15.103152 1.704948 15.910695 14.205748 "" "" 2046.0791 2329.59863 17127.17424 6.8708 5903.9 8.8363 16476.0 13.203 "" "" 0.0027895340273193904 0.0032288856 0.0038782365 0.007107122 262.75515962632 -37.72765876967 2193.99219 -0.24500000000000008 -2.7300000000000004 0.91
262.80535233612 -37.86456348308 0.0291 0.022 1.6792 "" "" 5962148191612021632 2665.63989 0.3342 0.0313 -0.227 -2.646 0.037 0.027 1.046 "" "" 15.12545 1.882882 16.050018 14.167136 "" "" 2485.12427 2876.58154 16779.02469 8.9607 5192.9 13.92 17073.0 17.592 "" "" 0.002815668741122408 0.0040318123 0.0039414857 0.007973298 262.80535233612 -37.86456348308 2665.63989 -0.227 -2.6460000000000004 0.94
262.81709149962 -37.95793213321 0.0288 0.022 5.3868 "" "" 5962143278169286272 2297.49219 0.3891 0.0319 -0.208 -2.622 0.039 0.029 0.967 9213.4 3.581 15.142715 1.828436 16.025974 14.197538 "" "" 2148.45459 2498.2583 16514.31546 16.115 5309.2 16.157 16601.0 38.599 "" "" 0.0029519982625145495 0.0043246113 0.004544948 0.0088695595 262.81709149962 -37.95793213321 2297.49219 -0.2079999999999999 -2.6219999999999994 0.93
262.6727165705 -37.88293460013 0.0309 0.0241 4.7529 "" "" 5962147774946957184 2340.53198 0.39 0.0374 -0.182 -2.668 0.04 0.033 0.993 8030.2 3.4252 15.160114 1.816475 16.033102 14.216627 "" "" 2165.77246 2588.84521 16251.78464 13.101 5274.4 14.723 16312.0 39.477 "" "" 0.002890992265514629 0.0041195126 0.00460305 0.008722562 262.6727165705 -37.88293460013 2340.53198 -0.182 -2.668 0.94
262.73677129543 -37.79174467714 0.0325 0.0251 5.2929 "" "" 5962161317032284160 2415.05957 0.3758 0.0331 -0.182 -2.728 0.038 0.028 1.008 8410.7 3.2294 15.280531 1.658791 16.059174 14.400383 "" "" 2234.31226 2651.77979 14545.68702 6.3192 5149.3 10.134 13772.0 18.969 "" "" 0.0027954026970843852 0.003514373 0.004064492 0.0075788647 262.73677129543 -37.79174467714 2415.05957 -0.18200000000000002 -2.7280000000000006 0.92
262.77388016249 -37.92148547853 0.0344 0.0243 2.7721 "" "" 5962146507984790528 2138.06689 0.4309 0.0381 -0.159 -2.672 0.044 0.029 1.033 9445.3 3.6817 15.325631 1.781589 16.181763 14.400174 "" "" 1942.88916 2341.23242 13953.85435 6.8423 4599.5 10.92 13775.0 19.099 "" "" 0.0028062843014072057 0.0037986455 0.0040681525 0.007866798 262.77388016249 -37.92148547853 2138.06689 -0.15899999999999997 -2.6719999999999997 0.93
262.74292920308 -37.89682300036 0.0341 0.025 1.9089 "" "" 5962146817222513280 2410.93579 0.3836 0.038 -0.202 -2.709 0.044 0.032 0.921 "" "" 15.380581 1.658471 16.16096 14.502488 "" "" 2218.21826 2612.55396 13265.22289 6.9874 4688.5 13.387 12536.0 12.996 "" "" 0.0028140481425899242 0.0041708006 0.003943431 0.008114232 262.74292920308 -37.89682300036 2410.93579 -0.20200000000000007 -2.709 0.94
262.76512089228 -37.94094411022 0.0319 0.0245 3.9549 "" "" 5962146370545818496 2158.03882 0.4283 0.0379 -0.075 -2.624 0.045 0.031 1.039 8124.5 2.79 15.43059 1.752861 16.260344 14.507483 "" "" 1970.12927 2312.60034 12668.08214 5.7235 4278.4 11.343 12479.0 18.077 "" "" 0.0027986460354334115 0.0040088636 0.00409358 0.008102443 262.76512089228 -37.94094411022 2158.03882 -0.07499999999999993 -2.624 0.95
262.84234311109 -37.86989533222 0.034 0.0261 3.3187 "" "" 5962145580271854848 2291.43579 0.4073 0.0378 -0.142 -2.807 0.047 0.033 0.971 "" "" 15.551271 1.85621 16.451567 14.595357 "" "" 2134.54004 2513.65845 11335.43032 5.4131 3587.5 11.766 11508.0 17.431 "" "" 0.0028036781749924996 0.004523841 0.0041216826 0.008645523 262.84234311109 -37.86989533222 2291.43579 -0.14200000000000002 -2.807 0.86
262.77249942984 -37.88096747157 0.0335 0.0261 0.3404 "" "" 5962148260331512320 2477.18848 0.3762 0.037 -0.201 -2.508 0.045 0.032 1.048 "" "" 15.554064 1.66356 16.335476 14.671916 "" "" 2251.55664 2732.40259 11306.31927 4.9376 3992.3 10.889 10725.0 14.693 "" "" 0.0027958202645372967 0.004068737 0.0040615494 0.008130286 262.77249942984 -37.88096747157 2477.18848 -0.20100000000000004 -2.5080000000000005 0.86
262.93222861413 -37.90307358006 0.0343 0.0263 7.7399 "" "" 5962144583839304448 2158.6731 0.4316 0.0373 -0.246 -2.617 0.047 0.033 1.057 8593.6 3.5348 15.657521 1.661647 16.437807 14.77616 "" "" 2032.62012 2347.65088 10278.70074 4.768 3633.2 9.4992 9743.0 15.616 "" "" 0.0028009721781790814 0.0039803716 0.004160776 0.008141147 262.93222861413 -37.90307358006 2158.6731 -0.24599999999999994 -2.617 0.93
262.70523878644 -37.67795745537 0.0343 0.0273 12.2637 "" "" 5962163241177867008 2336.53247 0.3948 0.0391 -0.132 -2.672 0.045 0.037 0.98 8479.3 2.9979 15.678873 1.715116 16.48558 14.770465 "" "" 2169.91089 2531.64258 10078.54155 4.8415 3476.8 14.888 9794.3 21.261 "" "" 0.0028042498198618386 0.0054222117 0.0044540474 0.009876259 262.70523878644 -37.67795745537 2336.53247 -0.132 -2.672 0.92
262.88677748823 -37.94506371251 0.0415 0.0304 6.8362 "" "" 5962144034083480704 2125.6062 0.427 0.0419 -0.031 -2.563 0.056 0.038 1.058 8409.5 3.0045 15.781146 1.902449 16.712551 14.810102 "" "" 1955.39465 2385.25049 9172.51368 5.0572 2821.0 9.4037 9443.2 15.81 "" "" 0.0028195969145227272 0.004569913 0.0041938033 0.008763716 262.88677748823 -37.94506371251 2125.6062 -0.030999999999999972 -2.563 0.9
262.83267716161 -37.89352271688 0.0433 0.0338 3.0475 "" "" 5962145167954971136 2002.36768 0.4659 0.0459 -0.237 -2.738 0.06 0.043 1.007 "" "" 16.03937 1.893732 16.97804 15.084309 "" "" 1824.19604 2204.66357 7231.00904 4.1167 2209.0 8.7352 7335.6 21.778 "" "" 0.0028238032829031685 0.0051203845 0.00496726 0.010087645 262.83267716161 -37.89352271688 2002.36768 -0.23699999999999996 -2.7379999999999995 0.81
262.9944390359 -38.01734889001 0.0497 0.0371 13.5207 "" "" 5962096067881047296 1799.7334 0.5354 0.0524 -0.394 -2.558 0.064 0.044 0.952 "" "" 16.370481 1.469174 17.043716 15.574542 "" "" 1643.40613 1988.20068 5330.33253 3.2292 2079.4 7.3545 4670.3 13.791 "" "" 0.00283274294607037 0.004746705 0.004956079 0.009702784 262.9944390359 -38.01734889001 1799.7334 -0.39399999999999996 -2.5580000000000003 0.85
