Clusters/UBC_562/UBC_562_stars_in_region.tsv
# %ECSV 1.0
# ---
# datatype:
# - name: RA_ICRS_1
#   unit: deg
#   datatype: float64
#   format: '{:15.11f}'
#   description: Right ascension (ICRS) at Ep=2016.0 (ra)
#   meta: !!omap
#   - {ucd: POS_EQ_RA_MAIN}
#   - {width: 15}
#   - {precision: '11'}
# - name: DE_ICRS_1
#   unit: deg
#   datatype: float64
#   format: '{:15.11f}'
#   description: Declination (ICRS) at Ep=2016.0 (dec)
#   meta: !!omap
#   - {ucd: POS_EQ_DEC_MAIN}
#   - {width: 15}
#   - {precision: '11'}
# - name: e_RA_ICRS
#   unit: mas
#   datatype: float64
#   format: '{:7.4f}'
#   description: Standard error of right ascension (ra_error)
#   meta: !!omap
#   - {ucd: ERROR}
#   - {width: 7}
#   - {precision: '4'}
# - name: e_DE_ICRS
#   unit: mas
#   datatype: float64
#   format: '{:7.4f}'
#   description: Standard error of declination (dec_error)
#   meta: !!omap
#   - {ucd: ERROR}
#   - {width: 7}
#   - {precision: '4'}
# - name: _r_1
#   unit: ''
#   datatype: float64
#   format: '{:7.4f}'
#   description: Distance from center (262.77260885000-37.87529483000)[ICRS], at Epoch=J2016.0
#   meta: !!omap
#   - {ucd: POS_ANG_DIST_GENERAL}
#   - {width: 7}
#   - {precision: '4'}
# - name: HIP
#   datatype: int32
#   description: '? HIP cross-id number, van Leeuwen, Cat. I/311 (hip_original_ext_source_id)'
#   meta: !!omap
#   - {ucd: ID_NUMBER}
#   - {width: 6}
#   - values: {'null': -2147483648}
# - name: TYC2
#   datatype: string
#   description: Tycho-2 cross-id name, Hog et al., Cat. I/259 (tyc2_original_ext_source_id)
#   meta: !!omap
#   - {ucd: ID_CROSSID}
#   - {_votable_string_dtype: char}
# - name: Source
#   datatype: int64
#   description: Source identifier, identical to the Gaia-EDR3 source_id (id)
#   meta: !!omap
#   - {ucd: ID_MAIN}
#   - {width: 19}
# - name: rgeo
#   unit: pc
#   datatype: float64
#   format: '{:15.8f}'
#   description: '? Median of the geometric distance posterior (r_med_geo)'
#   meta: !!omap
#   - {ucd: PHYS_DISTANCE_TRUE}
#   - {width: 15}
#   - {precision: '8'}
#   - values: {'null': .nan}
# - name: Plx
#   unit: mas
#   datatype: float64
#   format: '{:9.4f}'
#   description: '? Parallax (parallax)'
#   meta: !!omap
#   - {ucd: POS_PARLX_TRIG}
#   - {width: 9}
#   - {precision: '4'}
#   - values: {'null': .nan}
# - name: e_Plx
#   unit: mas
#   datatype: float32
#   format: '{:7.4f}'
#   description: '? Standard error of parallax (parallax_error)'
#   meta: !!omap
#   - {ucd: ERROR}
#   - {width: 7}
#   - {precision: '4'}
#   - values: {'null': .nan}
# - name: pmRA
#   unit: mas / yr
#   datatype: float64
#   format: '{:9.3f}'
#   description: '? Proper motion in right ascension direction, pmRA*cosDE (pmra)'
#   meta: !!omap
#   - {ucd: POS_EQ_PMRA}
#   - {width: 9}
#   - {precision: '3'}
#   - values: {'null': .nan}
# - name: pmDE
#   unit: mas / yr
#   datatype: float64
#   format: '{:9.3f}'
#   description: '? Proper motion in declination direction (pmdec)'
#   meta: !!omap
#   - {ucd: POS_EQ_PMDEC}
#   - {width: 9}
#   - {precision: '3'}
#   - values: {'null': .nan}
# - name: e_pmRA
#   unit: mas / yr
#   datatype: float32
#   format: '{:6.3f}'
#   description: '? Standard error of proper motion in right ascension direction (pmra_error)'
#   meta: !!omap
#   - {ucd: ERROR}
#   - {width: 6}
#   - {precision: '3'}
#   - values: {'null': .nan}
# - name: e_pmDE
[...]
#         value: !astropy.table.SerializedColumn {name: SkyCoord.dec}
#       distance: !astropy.table.SerializedColumn
#         __class__: astropy.coordinates.distances.Distance
#         unit: !astropy.units.Unit {unit: pc}
#         value: !astropy.table.SerializedColumn {name: SkyCoord.distance}
#       frame: icrs
#       obstime: !astropy.time.Time {format: jyear_str, in_subfmt: '*', jd1: 367701545.0, jd2: 0.0, out_subfmt: '*', precision: 3, scale: tt}
#       pm_dec: !astropy.table.SerializedColumn
#         __class__: astropy.units.quantity.Quantity
#         unit: !astropy.units.Unit {unit: mas / yr}
#         value: !astropy.table.SerializedColumn {name: SkyCoord.pm_dec}
#       pm_ra_cosdec: !astropy.table.SerializedColumn
#         __class__: astropy.units.quantity.Quantity
#         unit: !astropy.units.Unit {unit: mas / yr}
#         value: !astropy.table.SerializedColumn {name: SkyCoord.pm_ra_cosdec}
#       ra: !astropy.table.SerializedColumn
#         __class__: astropy.coordinates.angles.Longitude
#         unit: *id001
#         value: !astropy.table.SerializedColumn {name: SkyCoord.ra}
#         wrap_angle: !astropy.coordinates.Angle
#           unit: *id001
#           value: 360.0
#       representation_type: spherical
# schema: astropy-2.0
RA_ICRS_1 DE_ICRS_1 e_RA_ICRS e_DE_ICRS _r_1 HIP TYC2 Source rgeo Plx e_Plx pmRA pmDE e_pmRA e_pmDE RUWE Teff logg Gmag BP-RP BPmag RPmag RV e_RV b_rgeo B_rgeo FG e_FG FBP e_FBP FRP e_FRP RAVE5 RAVE6 e_Gmag e_BPmag e_RPmag e_BP-RP SkyCoord.ra SkyCoord.dec SkyCoord.distance SkyCoord.pm_ra_cosdec SkyCoord.pm_dec rmRA rmDE e_rmRA e_rmDE rRV e_rRV v_pec v_pec3d e_vpec e_vpec3d
[from data line 1413]
262.43455899585 -37.73775072185 0.058 0.0444 18.0254 "" "" 5974168568080673408 1883.29382 0.5144 0.07 -2.904 -3.598 0.073 0.055 1.119 "" "" 16.357864 2.304448 17.11977 14.815322 "" "" 1621.4281 2106.53125 5392.63179 5.4345 1938.7 9.8542 9397.9 140.57 "" "" 0.002964622793786892 0.0061839195 0.016673975 0.022857893 262.43455899585 -37.73775072185 1883.29382 -2.9040000000000012 -3.5979999999999976 -2.7299062469005584 -0.9406876068115233 0.15071717 0.13271718 "" "" 25.77559208377138 "" 3.838242208255738 ""
262.46257514045 -38.01473125339 0.0585 0.0471 16.8875 "" "" 5962151112190649472 2271.03662 0.436 0.0692 -0.726 -3.185 0.083 0.058 0.914 6031.7 4.406 16.359873 1.452259 17.019075 15.566816 "" "" 1929.19861 2591.59204 5382.66907 3.7632 2127.1 11.871 4703.6 13.12 "" "" 0.002857968190053523 0.00667086 0.0048430925 0.011513952 262.46257514045 -38.01473125339 2271.03662 -0.7259999999999998 -3.1849999999999996 -0.5519062469005585 -0.5276876068115235 0.16071717 0.13571718 "" "" 8.219722104573824 "" 1.227211581592156 ""
262.37288572875 -37.69381659291 0.0507 0.0397 21.8595 "" "" 5974169633232670464 2292.53687 0.4148 0.0615 -0.799 -4.205 0.068 0.049 1.003 9455.2 3.9396 16.360779 3.125213 18.205967 15.080754 "" "" 2038.91528 2775.81323 5378.17998 4.0354 712.9 10.723 7359.6 15.746 "" "" 0.0028732312377548366 0.016567606 0.0044361963 0.021003803 262.37288572875 -37.69381659291 2292.53687 -0.799 -4.205 -0.6249062469005585 -1.5476876068115235 0.14571717 0.12671718 "" "" 18.13732042145375 "" 2.34966367799569 ""
263.03134043276 -38.17622476605 0.0658 0.0483 21.8071 "" "" 5962091085677905536 2096.9209 0.4848 0.0655 -0.947 -2.602 0.081 0.058 1.137 "" "" 16.36166 1.70337 17.120045 15.416675 "" "" 1842.10925 2453.79028 5373.81549 4.1531 1938.2 10.473 5401.2 17.959 "" "" 0.002880256754846115 0.006496436 0.005226506 0.011722942 263.03134043276 -38.17622476605 2096.9209 -0.947 -2.6020000000000003 -0.7729062469005584 0.055312393188476694 0.15871719 0.13571718 "" "" 7.701875141272699 "" 1.2215824521025809 ""
262.8933149443 -37.79972509452 0.0567 0.0416 7.2989 "" "" 5962172204726032384 2090.17114 0.473 0.0568 -0.422 -1.919 0.075 0.051 0.969 5301.6 4.1677 16.362411 2.246471 17.535135 15.288665 "" "" 1863.49487 2345.82617 5370.09336 3.5418 1322.4 6.0693 6077.0 11.839 "" "" 0.0028468529458350643 0.005711076 0.004331024 0.010042099 262.8933149443 -37.79972509452 2090.17114 -0.42199999999999993 -1.9189999999999996 -0.24790624690055846 0.7383123931884765 0.15271717 0.12871718 "" "" 7.716103381137048 "" 1.0135000561747907 ""
263.17518915154 -37.84207539672 0.0463 0.0364 19.1747 "" "" 5962122211306648448 1865.38062 0.5126 0.0487 -0.33 -3.967 0.063 0.044 0.998 5922.7 4.3019 16.362837 1.554927 17.05338 15.498452 "" "" 1713.2926 2033.32983 5367.99815 3.1926 2060.9 12.198 5009.3 16.604 "" "" 0.0028299765319518668 0.0070058145 0.005218738 0.012224553 263.17518915154 -37.84207539672 1865.38062 -0.33000000000000024 -3.9670000000000023 -0.1559062469005585 -1.3096876068115235 0.14071718 0.12171718 "" "" 11.661892984074047 "" 1.4227864410867002 ""
262.36544588548 -38.01704331818 0.0566 0.0438 21.0588 "" "" 5962151627566361856 2594.41772 0.3456 0.0599 -0.451 -4.07 0.072 0.057 1.029 "" "" 16.363111 2.860029 17.986746 15.126717 "" "" 2214.8374 3326.53296 5366.63627 3.6713 872.41 9.9241 7054.6 18.879 "" "" 0.0028536757493462257 0.0126620345 0.004767184 0.017429218 262.36544588548 -38.01704331818 2594.41772 -0.45100000000000007 -4.07 -0.2769062469005585 -1.4126876068115237 0.14971718 0.13471718 "" "" 17.703176306795697 "" 2.3952717618908195 ""
262.72548644734 -37.89979818881 0.0581 0.0469 2.6722 "" "" 5962146714118793216 2607.17017 0.3877 0.0732 0.754 -1.32 0.077 0.056 1.154 "" "" 16.364254 "" "" "" "" "" 2225.7373 3174.73804 5360.99081 4.8085 "" "" "" "" "" "" 0.0029223550752884493 "" "" "" 262.72548644734 -37.89979818881 2607.17017 0.7540000000000007 -1.32 0.9280937530994415 1.3373123931884765 0.15471718 0.13371718 "" "" 20.116442999463544 "" 2.834154224835309 ""
262.4253666379 -37.65061827543 0.0501 0.0384 21.2841 "" "" 5974175680534375936 2046.03027 0.4505 0.0621 -1.852 -6.712 0.065 0.046 1.01 "" "" 16.36493 2.947939 18.013369 15.06543 "" "" 1824.98779 2347.35864 5357.66267 4.6347 851.27 18.093 7464.3 75.431 "" "" 0.002911002687058019 0.02324444 0.011604659 0.0348491 262.4253666379 -37.65061827543 2046.03027 -1.8520000000000016 -6.712000000000002 -1.6779062469005586 -4.054687606811523 0.14271718 0.123717174 "" "" 42.5570844332966 "" 5.390839370605259 ""
262.68299970553 -37.85564940007 0.0548 0.0421 4.4052 "" "" 5962147813630970496 2013.08716 0.5048 0.0673 1.19 -0.127 0.075 0.058 1.016 "" "" 16.36664 1.498025 17.0336 15.535575 "" "" 1798.90845 2259.05103 5349.21955 3.3026 2098.8 9.9135 4840.9 20.748 "" "" 0.0028356893583121176 0.0058382647 0.005994853 0.011833118 262.68299970553 -37.85564940007 2013.08716 1.19 -0.127 1.3640937530994415 2.530312393188477 0.15271717 0.13571718 "" "" 27.429374793457654 "" 3.832593301264368 ""
263.00571451912 -37.83520815812 0.0461 0.0376 11.302 "" "" 5962168429500224128 1956.85095 0.5052 0.0513 -1.068 -1.832 0.062 0.045 0.945 8697.6 4.2218 16.366922 1.900359 17.289787 15.389428 "" "" 1766.7804 2239.71997 5347.82855 3.1183 1657.7 9.7383 5538.4 15.107 "" "" 0.0028271170848279963 0.0069618337 0.004801507 0.011763341 263.00571451912 -37.83520815812 1956.85095 -1.068 -1.8320000000000003 -0.8939062469005585 0.8253123931884765 0.13971718 0.12271718 "" "" 11.284896968402814 "" 1.4914824588767757 ""
263.00124613206 -37.94677810628 0.055 0.0419 11.6421 "" "" 5962120566380461952 1948.14282 0.4922 0.0599 -2.905 -7.121 0.077 0.052 1.163 5018.2 4.2615 16.367107 1.670538 17.161774 15.491236 "" "" 1702.42322 2213.9314 5346.92595 2.9245 1865.1 7.9359 5042.7 14.675 "" "" 0.002818588134884707 0.0053969556 0.0049261674 0.010323123 263.00124613206 -37.94677810628 1948.14282 -2.9049999999999967 -7.121 -2.7309062469005583 -4.463687606811524 0.15471718 0.12971717 "" "" 48.3208471857748 "" 6.61894300613332 ""
262.59702752247 -38.13333798845 0.0619 0.0482 17.5675 "" "" 5962134718246101760 2054.59253 0.48 0.0687 -1.118 -4.29 0.079 0.064 0.972 "" "" 16.36885 1.607381 17.117432 15.510051 "" "" 1719.83655 2352.44629 5338.3383 3.7106 1942.9 7.3884 4956.1 14.722 "" "" 0.0028568041473091468 0.004983179 0.004968438 0.009951617 262.59702752247 -38.13333798845 2054.59253 -1.1179999999999999 -4.29 -0.9439062469005586 -1.6326876068115235 0.15671718 0.14171718 "" "" 18.366366963083053 "" 2.6745085857508166 ""
262.40603433087 -37.76883165188 0.0505 0.0392 18.5109 "" "" 5974168396281976064 2154.30566 0.442 0.0601 -2.354 -3.728 0.067 0.048 0.944 4929.0 4.2755 16.369686 1.553462 17.084978 15.531516 "" "" 1924.15625 2463.37109 5334.24099 3.8616 2001.8 11.943 4859.1 14.637 "" "" 0.0028652356098441186 0.0070530074 0.004998021 0.012051028 262.40603433087 -37.76883165188 2154.30566 -2.354 -3.728 -2.1799062469005586 -1.0706876068115236 0.14471719 0.12571718 "" "" 24.79998508780873 "" 3.5023710234288092 ""
262.81486289449 -37.97768841619 0.0507 0.0402 6.4609 "" "" 5962143175090046848 1842.74902 0.5192 0.0609 -0.136 -2.643 0.07 0.049 0.946 9251.3 3.6707 16.370306 1.973383 17.348055 15.374672 "" "" 1647.75195 2045.46753 5331.18795 3.5674 1571.1 7.2543 5614.2 24.672 "" "" 0.002849496758408579 0.005737363 0.0060868263 0.011824189 262.81486289449 -37.97768841619 1842.74902 -0.136 -2.643 0.03809375309944152 0.014312393188476769 0.14771718 0.12671718 "" "" 0.35544457798011475 "" 0.05164044159471804 ""
263.06590281913 -37.71460230414 0.0495 0.0408 16.9213 "" "" 5962171659315757440 2524.52759 0.3705 0.054 -0.025 -2.587 0.067 0.048 0.959 "" "" 16.370327 1.531966 17.056606 15.52464 "" "" 2270.146 2892.74927 5331.09241 3.1821 2054.8 10.363 4889.9 10.296 "" "" 0.002830509515446001 0.0061456016 0.004417004 0.010562606 263.06590281913 -37.71460230414 2524.52759 -0.025000000000000022 -2.5870000000000006 0.14909375309944153 0.07031239318847637 0.14471719 0.12571718 "" "" 1.9725385436686287 "" 0.27901630374684494 ""
262.9944390359 -38.01734889001 0.0497 0.0371 13.5207 "" "" 5962096067881047296 1799.7334 0.5354 0.0524 -0.394 -2.558 0.064 0.044 0.952 "" "" 16.370481 1.469174 17.043716 15.574542 "" "" 1643.40613 1988.20068 5330.33253 3.2292 2079.4 7.3545 4670.3 13.791 "" "" 0.00283274294607037 0.004746705 0.004956079 0.009702784 262.9944390359 -38.01734889001 1799.7334 -0.3939999999999999 -2.5580000000000003 -0.2199062469005585 0.09931239318847673 0.14171718 0.12171718 "" "" 2.058396298871626 "" 0.28515458037871366 ""
262.93217048212 -38.06204561243 0.0535 0.0393 13.5099 "" "" 5962095552443303808 2419.31348 0.4039 0.0592 -2.867 -3.634 0.07 0.048 1.057 "" "" 16.370865 1.66562 17.084286 15.418666 "" "" 2111.79663 2868.74707 5328.44908 4.1975 2003.1 9.0269 5391.3 13.53 "" "" 0.0028850152772536934 0.005632482 0.0046591903 0.010291672 262.93217048212 -38.06204561243 2419.31348 -2.867 -3.634 -2.6929062469005585 -0.9766876068115233 0.14771718 0.12571718 "" "" 32.84939068702534 "" 4.77402904535476 ""
263.00558286476 -37.93083052712 0.0507 0.0377 11.522 "" "" 5962120600740215552 1994.90295 0.4907 0.0545 2.597 -1.359 0.079 0.051 1.002 7704.8 4.0592 16.37117 1.530363 17.06585 15.535486 "" "" 1795.80664 2207.30981 5326.9513 3.367 2037.4 7.8446 4841.3 12.105 "" "" 0.002839496826730591 0.0050260196 0.0046533323 0.009679352 263.00558286476 -37.93083052712 1994.90295 2.597 -1.359 2.7710937530994415 1.2983123931884766 0.15671718 0.12871718 "" "" 28.936377771661586 "" 4.400013227260719 ""
262.51611947254 -37.93575342922 0.053 0.0451 12.6729 "" "" 5962153616124919936 2245.68921 0.4264 0.0638 -3.567 -4.597 0.07 0.054 1.005 5701.6 4.4572 16.37119 1.51348 17.063814 15.550334 "" "" 1988.70142 2588.75537 5326.86103 3.4488 2041.2 7.9367 4775.6 15.605 "" "" 0.002843575251686243 0.005060345 0.0051836926 0.010244038 262.51611947254 -37.93575342922 2245.68921 -3.567 -4.597 -3.3929062469005586 -1.9396876068115239 0.14771718 0.13171718 "" "" 41.60133255862016 "" 5.9881453489790895 ""
262.38793358795 -37.90886893891 0.0578 0.047 18.3255 "" "" 5962155544596483200 2272.66943 0.4358 0.0715 1.408 -2.809 0.074 0.056 1.046 6825.2 4.2292 16.371393 1.996752 17.382103 15.385351 "" "" 1944.5636 2668.5813 5325.85812 3.5986 1522.6 9.0936 5559.3 11.066 "" "" 0.002851312072988848 0.0070592756 0.004353678 0.011412954 262.38793358795 -37.90886893891 2272.66943 1.408 -2.809 1.5820937530994414 -0.1516876068115236 0.15171719 0.13371718 "" "" 17.121185965874073 "" 2.59493616847165 ""
262.81750057321 -37.82486679293 0.0576 0.0447 3.6984 "" "" 5962148844447101824 2193.83398 0.4592 0.0633 2.23 0.638 0.077 0.055 1.148 4917.6 4.262 16.371695 1.795167 17.193232 15.398065 "" "" 1966.29114 2482.15747 5324.37958 3.4373 1811.9 8.6251 5494.6 35.761 "" "" 0.002843077190590192 0.0058734296 0.008013592 0.013887022 262.81750057321 -37.82486679293 2193.83398 2.229999999999998 0.6379999999999998 2.4040937530994415 3.2953123931884765 0.15471718 0.13271718 "" "" 42.417244827330386 "" 5.970204384072277 ""
262.58331673998 -38.07804335368 0.0661 0.0557 15.1042 "" "" 5962137986769655168 2036.47009 0.4961 0.0825 0.004 -0.934 0.089 0.076 1.25 9363.6 4.2413 16.371992 1.820721 17.09407 15.27335 "" "" 1707.40149 2473.05566 5322.91793 4.9821 1985.1 49.608 6163.4 237.02 "" "" 0.002936747996108962 0.027275825 0.04192382 0.069199644 262.58331673998 -38.07804335368 2036.47009 0.0040000000000000036 -0.9339999999999995 0.17809375309944153 1.7233123931884764 0.16671717 0.15371718 "" "" 16.723501544292592 "" 2.5730827903178235 ""
262.74399687222 -37.84594558794 0.0517 0.0406 2.2222 "" "" 5962149149340748160 2662.27393 0.3663 0.057 -0.316 -2.612 0.069 0.05 1.039 "" "" 16.372293 1.91947 17.320307 15.400837 "" "" 2330.43872 3014.8313 5321.44582 3.4676 1611.7 9.848 5480.5 20.341 "" "" 0.002844703716633231 0.007197053 0.0055247163 0.0127217695 262.74399687222 -37.84594558794 2662.27393 -0.31599999999999984 -2.612 -0.14190624690055847 0.04531239318847646 0.14671718 0.12771718 "" "" 1.8798169590968865 "" 0.27269318685674954 ""
262.56280492037 -38.17771491326 0.0566 0.0422 20.6779 "" "" 5962134168490229632 2042.66382 0.4791 0.0644 -1.717 -2.15 0.073 0.06 1.005 "" "" 16.372364 1.487374 17.036085 15.548711 "" "" 1802.7179 2363.73804 5321.09317 3.6311 2094.0 18.787 4782.7 22.721 "" "" 0.0028531959915716132 0.010132759 0.0063944003 0.01652716 262.56280492037 -38.17771491326 2042.66382 -1.717 -2.1500000000000004 -1.5429062469005586 0.5073123931884767 0.15071717 0.13771717 "" "" 15.725573962862516 "" 2.3509515144521678 ""
263.17628881135 -37.97971183801 0.0523 0.0404 20.1061 "" "" 5962116786808974848 1993.31116 0.478 0.0531 1.032 -0.152 0.066 0.049 0.978 "" "" 16.374727 1.808629 17.244368 15.435739 "" "" 1794.27771 2264.94019 5309.52582 3.0717 1728.5 7.5043 5307.2 14.164 "" "" 0.002826010043830043 0.0054776217 0.0047623585 0.01023998 263.17628881135 -37.97971183801 1993.31116 1.0320000000000005 -0.15200000000000005 1.2060937530994416 2.5053123931884764 0.14371717 0.12671718 "" "" 26.27110642849747 "" 3.4174920078691935 ""
262.46166492908 -37.78854501911 0.064 0.0458 15.6275 "" "" 5962158568253555968 1948.78833 0.4996 0.0767 2.924 0.265 0.078 0.057 1.067 5634.7 4.3988 16.3772 1.501172 17.04902 15.547849 "" "" 1685.80664 2261.59839 5297.44854 3.5638 2069.2 8.7508 4786.5 16.784 "" "" 0.0028504909119909804 0.0053729303 0.005364535 0.010737466 262.46166492908 -37.78854501911 1948.78833 2.924 0.265 3.0980937530994415 2.9223123931884767 0.15571718 0.13471718 "" "" 39.34040654082849 "" 5.751805219744133 ""
262.99148768614 -37.78563184204 0.0517 0.0412 11.6847 "" "" 5962169563371689728 2661.2251 0.3536 0.0559 -3.138 -6.597 0.066 0.049 0.962 9699.4 3.7236 16.377966 2.956024 18.095453 15.139429 "" "" 2308.24365 3277.36328 5293.70849 3.9578 789.29 12.656 6972.5 14.55 "" "" 0.002872405736852924 0.017631583 0.004406477 0.02203806 262.99148768614 -37.78563184204 2661.2251 -3.1380000000000012 -6.5969999999999995 -2.9639062469005584 -3.939687606811524 0.14371717 0.12671718 "" "" 62.18929242479943 "" 8.278151697372996 ""
262.63998094008 -38.04220254865 0.0477 0.0389 11.8176 "" "" 5962139429878656896 1941.56104 0.4929 0.0552 -2.322 -6.643 0.069 0.056 0.987 5032.4 4.3156 16.379175 1.678359 17.174269 15.49591 "" "" 1714.6925 2185.73315 5287.82282 3.2797 1843.8 11.35 5021.0 17.492 "" "" 0.002836419321805958 0.0072425627 0.005347025 0.012589588 262.63998094008 -38.04220254865 1941.56104 -2.322 -6.643 -2.1479062469005585 -3.9856876068115232 0.14671718 0.13371718 "" "" 41.66754568674132 "" 5.698067587551255 ""
262.65549394255 -37.985877753 0.054 0.0427 8.6454 "" "" 5962140254512446592 2475.14551 0.3934 0.0654 2.135 -2.184 0.074 0.059 0.902 8285.5 3.5963 16.379889 3.226268 18.28726 15.060992 "" "" 2162.15088 2805.30298 5284.34592 4.159 661.47 8.6584 7494.8 25.982 "" "" 0.0028847864553265103 0.014483192 0.0053339093 0.0198171 262.65549394255 -37.985877753 2475.14551 2.1350000000000002 -2.184000000000001 2.3090937530994413 0.4733123931884764 0.15171719 0.13671717 "" "" 27.653989607719442 "" 4.179656236976137 ""
262.39697607517 -37.77999207343 0.0521 0.0409 18.6976 "" "" 5974168014022359040 2497.24365 0.3811 0.0635 -0.225 -3.036 0.068 0.05 1.051 5156.6 4.3093 16.380033 1.665899 17.142946 15.477047 "" "" 2179.41162 2924.42334 5283.6419 3.5723 1897.7 9.3781 5109.0 31.975 "" "" 0.0028514297451412104 0.0060476298 0.00777546 0.01382309 262.39697607517 -37.77999207343 2497.24365 -0.2250000000000001 -3.0359999999999996 -0.05090624690055848 -0.37868760681152347 0.14571717 0.12771718 "" "" 4.5228206375460385 "" 0.5791867236881838 ""
