Clusters/Gulliver_5/Gulliver_5_stars_in_region.tsv
# %ECSV 1.0
# ---
# datatype:
# - name: RA_ICRS_1
#   unit: deg
#   datatype: float64
#   format: '{:15.11f}'
#   description: Right ascension (ICRS) at Ep=2016.0 (ra)
#   meta: !!omap
#   - {ucd: POS_EQ_RA_MAIN}
#   - {width: 15}
#   - {precision: '11'}
# - name: DE_ICRS_1
#   unit: deg
#   datatype: float64
#   format: '{:15.11f}'
#   description: Declination (ICRS) at Ep=2016.0 (dec)
#   meta: !!omap
#   - {ucd: POS_EQ_DEC_MAIN}
#   - {width: 15}
#   - {precision: '11'}
# - name: e_RA_ICRS
#   unit: mas
#   datatype: float64
#   format: '{:7.4f}'
#   description: Standard error of right ascension (ra_error)
#   meta: !!omap
#   - {ucd: ERROR}
#   - {width: 7}
#   - {precision: '4'}
# - name: e_DE_ICRS
#   unit: mas
#   datatype: float64
#   format: '{:7.4f}'
#   description: Standard error of declination (dec_error)
#   meta: !!omap
#   - {ucd: ERROR}
#   - {width: 7}
#   - {precision: '4'}
# - name: _r_1
#   unit: ''
#   datatype: float64
#   format: '{:7.4f}'
#   description: Distance from center (132.60960828000-45.49210578000)[ICRS], at Epoch=J2016.0
#   meta: !!omap
#   - {ucd: POS_ANG_DIST_GENERAL}
#   - {width: 7}
#   - {precision: '4'}
# - name: HIP
#   datatype: int32
#   description: '? HIP cross-id number, van Leeuwen, Cat. I/311 (hip_original_ext_source_id)'
#   meta: !!omap
#   - {ucd: ID_NUMBER}
#   - {width: 6}
#   - values: {'null': -2147483648}
# - name: TYC2
#   datatype: string
#   description: Tycho-2 cross-id name, Hog et al., Cat. I/259 (tyc2_original_ext_source_id)
#   meta: !!omap
#   - {ucd: ID_CROSSID}
#   - {_votable_string_dtype: char}
# - name: Source
#   datatype: int64
#   description: Source identifier, identical to the Gaia-EDR3 source_id (id)
#   meta: !!omap
#   - {ucd: ID_MAIN}
#   - {width: 19}
# - name: rgeo
#   unit: pc
#   datatype: float64
#   format: '{:15.8f}'
#   description: '? Median of the geometric distance posterior (r_med_geo)'
#   meta: !!omap
#   - {ucd: PHYS_DISTANCE_TRUE}
#   - {width: 15}
#   - {precision: '8'}
#   - values: {'null': .nan}
# - name: Plx
#   unit: mas
#   datatype: float64
#   format: '{:9.4f}'
#   description: '? Parallax (parallax)'
#   meta: !!omap
#   - {ucd: POS_PARLX_TRIG}
#   - {width: 9}
#   - {precision: '4'}
#   - values: {'null': .nan}
# - name: e_Plx
#   unit: mas
#   datatype: float32
#   format: '{:7.4f}'
#   description: '? Standard error of parallax (parallax_error)'
#   meta: !!omap
#   - {ucd: ERROR}
#   - {width: 7}
#   - {precision: '4'}
#   - values: {'null': .nan}
# - name: pmRA
#   unit: mas / yr
#   datatype: float64
#   format: '{:9.3f}'
#   description: '? Proper motion in right ascension direction, pmRA*cosDE (pmra)'
#   meta: !!omap
#   - {ucd: POS_EQ_PMRA}
#   - {width: 9}
#   - {precision: '3'}
#   - values: {'null': .nan}
# - name: pmDE
#   unit: mas / yr
#   datatype: float64
#   format: '{:9.3f}'
#   description: '? Proper motion in declination direction (pmdec)'
#   meta: !!omap
#   - {ucd: POS_EQ_PMDEC}
#   - {width: 9}
#   - {precision: '3'}
#   - values: {'null': .nan}
# - name: e_pmRA
#   unit: mas / yr
#   datatype: float32
#   format: '{:6.3f}'
#   description: '? Standard error of proper motion in right ascension direction (pmra_error)'
#   meta: !!omap
#   - {ucd: ERROR}
#   - {width: 6}
#   - {precision: '3'}
#   - values: {'null': .nan}
# - name: e_pmDE
[...]
#         unit: &id001 !astropy.units.Unit {unit: deg}
#         value: !astropy.table.SerializedColumn {name: SkyCoord.dec}
#       distance: !astropy.table.SerializedColumn
#         __class__: astropy.coordinates.distances.Distance
#         unit: !astropy.units.Unit {unit: pc}
#         value: !astropy.table.SerializedColumn {name: SkyCoord.distance}
#       frame: icrs
#       obstime: !astropy.time.Time {format: jyear_str, in_subfmt: '*', jd1: 367701545.0, jd2: 0.0, out_subfmt: '*', precision: 3, scale: tt}
#       pm_dec: !astropy.table.SerializedColumn
#         __class__: astropy.units.quantity.Quantity
#         unit: !astropy.units.Unit {unit: mas / yr}
#         value: !astropy.table.SerializedColumn {name: SkyCoord.pm_dec}
#       pm_ra_cosdec: !astropy.table.SerializedColumn
#         __class__: astropy.units.quantity.Quantity
#         unit: !astropy.units.Unit {unit: mas / yr}
#         value: !astropy.table.SerializedColumn {name: SkyCoord.pm_ra_cosdec}
#       ra: !astropy.table.SerializedColumn
#         __class__: astropy.coordinates.angles.Longitude
#         unit: *id001
#         value: !astropy.table.SerializedColumn {name: SkyCoord.ra}
#         wrap_angle: !astropy.coordinates.Angle
#           unit: *id001
#           value: 360.0
#       representation_type: spherical
# schema: astropy-2.0
RA_ICRS_1 DE_ICRS_1 e_RA_ICRS e_DE_ICRS _r_1 HIP TYC2 Source rgeo Plx e_Plx pmRA pmDE e_pmRA e_pmDE RUWE Teff logg Gmag BP-RP BPmag RPmag RV e_RV b_rgeo B_rgeo FG e_FG FBP e_FBP FRP e_FRP RAVE5 RAVE6 e_Gmag e_BPmag e_RPmag e_BP-RP SkyCoord.ra SkyCoord.dec SkyCoord.distance SkyCoord.pm_ra_cosdec SkyCoord.pm_dec
[from data line 935]
132.24883728546 -45.46079542945 0.0355 0.0428 15.2942 "" "" 5329986042768298112 1881.90967 0.514 0.0455 -4.57 4.269 0.048 0.051 0.947 5608.1 4.5341 16.8559 1.545711 17.529858 15.984146 "" "" 1744.47522 2030.4812 3408.68644 2.1372 1328.8 14.353 3202.6 23.016 "" "" 0.0028381682253107734 0.012054895 0.00866993 0.020724826 132.24883728546 -45.46079542945 1881.90967 -4.57 4.269
132.7020694061 -45.51431535238 0.0391 0.0461 4.1102 "" "" 5331424513207096704 2288.3501 0.4249 0.048 -2.913 2.836 0.05 0.058 0.972 6136.1 4.4039 16.858091 1.602442 17.604942 16.0025 "" "" 2015.9032 2570.42017 3401.81219 2.0748 1240.1 8.9932 3148.9 8.0953 "" "" 0.002833778449118003 0.008353506 0.0046983818 0.013051888 132.7020694061 -45.51431535238 2288.3501 -2.9130000000000003 2.8360000000000003
132.73255059633 -45.44899627659 0.0427 0.0476 5.7836 "" "" 5331425883294689920 2159.49243 0.4408 0.0499 -6.594 6.858 0.057 0.062 1.041 6879.8 4.3899 16.859316 1.615782 17.621548 16.005766 "" "" 1921.64941 2398.78174 3397.97596 2.1335 1221.2 7.764 3139.4 9.3 "" "" 0.0028383994610349395 0.0074453475 0.0049627116 0.012408059 132.73255059633 -45.44899627659 2159.49243 -6.593999999999999 6.858
132.24776003729 -45.46072835526 0.035 0.0415 15.3397 "" "" 5329986042768297600 2377.63477 0.4128 0.045 -3.851 4.475 0.047 0.048 0.954 5605.3 4.4401 16.859888 1.446737 17.487555 16.040817 "" "" 2174.85376 2694.10425 3396.18342 1.8498 1381.6 12.545 3039.7 16.674 "" "" 0.0028180677240886008 0.010245774 0.0070536644 0.017299438 132.24776003729 -45.46072835526 2377.63477 -3.851000000000001 4.475
132.53891405629 -45.82997498163 0.0406 0.0413 20.4878 "" "" 5329915257398832256 1947.96362 0.4937 0.0476 -2.613 1.519 0.054 0.054 0.935 5419.0 4.4715 16.862108 1.534538 17.5695 16.034962 "" "" 1793.13953 2141.26172 3389.24973 2.0126 1281.2 8.0995 3056.1 11.553 "" "" 0.0028297467674669855 0.0074092518 0.0055794236 0.012988675 132.53891405629 -45.82997498163 1947.96362 -2.6129999999999995 1.5189999999999997
133.11215638297 -45.42475590438 0.0393 0.0423 21.5326 "" "" 5331241474578678272 1868.6864 0.5174 0.0468 0.435 -2.593 0.05 0.054 0.966 7187.3 4.3378 16.86441 1.985661 17.863071 15.877411 "" "" 1722.01794 2009.27002 3382.06997 2.0306 977.66 9.4469 3533.4 9.0766 "" "" 0.002831383746466063 0.010855904 0.00469707 0.015552973 133.11215638297 -45.42475590438 1868.6864 0.43499999999999994 -2.592999999999999
132.84522673802 -45.69727075747 0.0386 0.0411 15.792 "" "" 5331231995592268800 2042.29492 0.4704 0.0455 -2.883 6.434 0.05 0.054 0.997 5817.2 4.6332 16.86653 1.416243 17.503983 16.08774 "" "" 1851.08801 2260.15601 3375.47466 1.8937 1360.9 8.6752 2911.1 8.6192 "" "" 0.002821845636588731 0.007462387 0.0049616247 0.012424012 132.84522673802 -45.69727075747 2042.29492 -2.8829999999999996 6.434
133.02541780754 -45.65651681939 0.041 0.0416 20.0571 "" "" 5331237351409824256 2643.79395 0.3727 0.0479 -0.917 2.344 0.055 0.053 0.966 4933.9 3.6229 16.867863 2.501781 18.235258 15.733478 "" "" 2254.76147 2977.30151 3371.33297 2.1917 693.93 6.4658 4034.3 7.887 "" "" 0.0028442914326027064 0.010494232 0.004334646 0.0148288775 133.02541780754 -45.65651681939 2643.79395 -0.9169999999999999 2.3439999999999994
132.8562167214 -45.70919776768 0.0396 0.0418 16.6384 "" "" 5331231789433849344 2194.38062 0.4339 0.047 -5.686 6.357 0.051 0.058 0.973 5367.1 4.4736 16.87253 1.372362 17.481329 16.108967 "" "" 2001.26086 2425.68164 3356.87208 2.0677 1389.6 11.645 2854.8 7.9798 "" "" 0.0028353206498448256 0.009516793 0.00484708 0.014363874 132.8562167214 -45.70919776768 2194.38062 -5.685999999999999 6.356999999999999
132.30934605434 -45.71654689143 0.0438 0.0429 18.4446 "" "" 5329931376422687616 2171.39209 0.4381 0.0513 -3.889 2.73 0.058 0.051 1.05 5914.0 4.5741 16.88229 1.470678 17.516668 16.04599 "" "" 1986.68579 2478.23633 3326.83211 2.11 1345.1 9.2205 3025.3 11.235 "" "" 0.0028400666566838883 0.00794841 0.0055264253 0.013474835 132.30934605434 -45.71654689143 2171.39209 -3.8890000000000007 2.7300000000000004
132.52149055251 -45.36176282563 0.0409 0.0421 8.6562 "" "" 5331442002313821696 2668.80322 0.3574 0.0494 0.086 1.604 0.053 0.052 0.998 5526.3 4.3359 16.883018 1.687275 17.681978 15.994703 "" "" 2352.83936 3026.37012 3324.60146 1.9701 1155.1 7.5026 3171.6 10.313 "" "" 0.0028294412085438257 0.007583978 0.0051718326 0.012755811 132.52149055251 -45.36176282563 2668.80322 0.08599999999999997 1.6039999999999999
132.51142496774 -45.49388370402 0.0395 0.045 4.1309 "" "" 5331436363014797056 2066.18237 0.4755 0.0482 -6.87 5.695 0.053 0.059 1.081 5035.5 4.3064 16.88506 1.701111 17.701221 16.00011 "" "" 1877.60437 2303.46826 3318.35841 2.1311 1134.8 5.3638 3155.8 8.0738 "" "" 0.002842179351705497 0.0058413497 0.0046903742 0.0105317235 132.51142496774 -45.49388370402 2066.18237 -6.870000000000001 5.695
132.88461871486 -45.66999110014 0.04 0.0423 15.7254 "" "" 5331231961232545024 2658.97119 0.3528 0.0466 -0.646 5.722 0.054 0.056 1.04 5888.0 4.4632 16.88573 1.509893 17.586954 16.07706 "" "" 2351.54932 3085.7002 3316.30288 1.9313 1260.8 7.4508 2939.9 8.9833 "" "" 0.0028269394414461527 0.00699666 0.0050289542 0.012025614 132.88461871486 -45.66999110014 2658.97119 -0.6460000000000004 5.7219999999999995
132.71685781601 -45.61476061745 0.0411 0.0438 8.6292 "" "" 5331419599764548736 2115.09839 0.4498 0.0486 -2.529 1.703 0.052 0.058 0.951 5466.4 4.5694 16.886154 1.456251 17.548826 16.092575 "" "" 1935.26477 2324.24878 3315.0134 1.9948 1305.8 9.3009 2898.2 9.0743 "" "" 0.002831720478242226 0.008221381 0.0050833067 0.013304688 132.71685781601 -45.61476061745 2115.09839 -2.529 1.703
132.46506795864 -45.30567931275 0.0479 0.0442 12.7357 "" "" 5331441620057920640 1867.65723 0.523 0.0538 -4.04 5.581 0.062 0.053 1.027 5648.5 4.5911 16.887909 1.546995 17.601095 16.0541 "" "" 1658.74731 2083.73608 3309.65979 2.1691 1244.5 15.293 3002.7 8.1803 "" "" 0.002845721004556243 0.013630663 0.0047992524 0.018429916 132.46506795864 -45.30567931275 1867.65723 -4.04 5.581
132.8797052565 -45.77006082549 0.043 0.0428 20.1632 "" "" 5331229212453511424 2374.18237 0.4123 0.0491 -5.091 4.549 0.061 0.058 1.035 5871.9 4.4732 16.88892 1.580803 17.633879 16.053076 "" "" 2091.28638 2707.15479 3306.5771 2.2145 1207.4 10.201 3005.6 7.6011 "" "" 0.0028496543635032254 0.009588052 0.004671527 0.014259579 132.8797052565 -45.77006082549 2374.18237 -5.090999999999999 4.5489999999999995
132.17162645998 -45.457966125 0.0372 0.0428 18.5408 "" "" 5329985458652707968 2075.46606 0.4665 0.0476 -5.741 3.867 0.052 0.051 0.968 5724.2 4.5613 16.893827 1.487011 17.57909 16.09208 "" "" 1889.37366 2346.45312 3291.66617 1.8973 1269.9 6.6209 2899.5 7.1242 "" "" 0.0028254966357990885 0.006311008 0.0046260525 0.01093706 132.17162645998 -45.457966125 2075.46606 -5.741 3.866999999999999
132.69456078734 -45.26783210522 0.0416 0.0486 13.9246 "" "" 5331445472647305600 2071.25562 0.4519 0.051 -3.639 5.099 0.054 0.07 1.063 5375.1 4.465 16.89518 1.537449 17.609755 16.072306 "" "" 1879.63464 2248.07666 3287.56598 2.1453 1234.6 8.5843 2952.8 9.042 "" "" 0.002844952891510121 0.008048353 0.005033634 0.013081986 132.69456078734 -45.26783210522 2071.25562 -3.6390000000000002 5.098999999999999
132.43722024225 -45.27987635829 0.0415 0.0558 14.6601 "" "" 5331488692895935232 2076.74634 0.4629 0.0479 -5.017 5.873 0.055 0.067 0.944 7136.4 4.3445 16.895462 1.423477 17.548433 16.124956 "" "" 1893.97583 2251.55493 3286.71517 2.1094 1306.3 7.6218 2813.0 12.303 "" "" 0.00284206770393373 0.006922127 0.0060690143 0.0129911415 132.43722024225 -45.27987635829 2076.74634 -5.017 5.873
132.69023619039 -45.8162401201 0.0423 0.0437 19.7398 "" "" 5329728516534252672 2481.34277 0.3848 0.0505 -5.116 5.287 0.057 0.056 1.112 5789.8 4.5166 16.898136 1.497133 17.566784 16.06965 "" "" 2156.30615 3013.52344 3278.62672 2.7619 1284.4 6.1844 2960.0 7.8565 "" "" 0.0029031564759819015 0.0059258137 0.004752727 0.010678541 132.69023619039 -45.8162401201 2481.34277 -5.116 5.286999999999999
132.53841351931 -45.29834652149 0.0423 0.044 12.0063 "" "" 5331442998748562304 2251.36255 0.4268 0.0483 -3.874 2.489 0.055 0.052 1.011 "" "" 16.899654 1.59475 17.635365 16.040615 "" "" 2023.98059 2498.29565 3274.05032 1.9001 1205.8 10.902 3040.3 12.907 "" "" 0.0028264511825703644 0.010205296 0.0059606372 0.016165933 132.53841351931 -45.29834652149 2251.36255 -3.8739999999999997 2.489
132.34990471756 -45.50698679888 0.0362 0.0426 10.9582 "" "" 5329938110931340032 2101.93896 0.4474 0.0461 -1.908 2.586 0.049 0.053 1.009 4949.4 4.1429 16.901896 2.181895 18.0444 15.862504 "" "" 1919.63928 2316.15161 3267.29393 1.8774 827.29 7.4606 3582.3 7.2321 "" "" 0.0028250665560440387 0.010181089 0.0043690144 0.014550103 132.34990471756 -45.50698679888 2101.93896 -1.908 2.586
132.40047535647 -45.73267117517 0.0434 0.046 16.8932 "" "" 5329919797190928000 2001.99451 0.4853 0.0525 -2.779 3.721 0.059 0.053 0.988 5361.7 4.4308 16.902334 1.583838 17.644537 16.0607 "" "" 1793.49402 2262.99097 3265.9774 2.0251 1195.6 7.7253 2984.5 8.3893 "" "" 0.0028363737051274322 0.0075499127 0.004857795 0.012407707 132.40047535647 -45.73267117517 2001.99451 -2.7790000000000004 3.7210000000000005
132.7995263448 -45.5190209152 0.0425 0.0449 8.1478 "" "" 5331421764428078592 2032.5957 0.469 0.0488 -5.087 3.945 0.054 0.06 1.01 5983.3 4.3005 16.908249 1.865496 17.830444 15.964949 "" "" 1841.54968 2249.54199 3248.23378 2.1136 1007.5 6.9859 3259.7 8.0869 "" "" 0.00284445131649248 0.008028797 0.0046410193 0.012669817 132.7995263448 -45.5190209152 2032.5957 -5.087 3.9450000000000003
132.39788031628 -45.31111679451 0.0418 0.0432 14.053 "" "" 5331488525395592704 2279.15845 0.4241 0.0491 -5.751 4.639 0.054 0.05 1.021 5787.6 4.5023 16.909136 1.625009 17.584019 15.959009 "" "" 2079.3833 2486.09814 3245.5816 2.0981 1264.2 21.871 3277.6 48.524 "" "" 0.0028433103511211056 0.018989628 0.01651237 0.035501998 132.39788031628 -45.31111679451 2279.15845 -5.751000000000001 4.639
132.87849205793 -45.66786816623 0.0414 0.0425 15.4504 "" "" 5331231961232539520 2520.74585 0.3834 0.0478 -2.886 5.082 0.054 0.056 1.006 7195.7 4.3294 16.909864 1.903112 17.845926 15.942814 "" "" 2276.93188 2898.14697 3243.40218 2.1242 993.22 7.0879 3326.8 13.213 "" "" 0.002845597522472558 0.008235195 0.0057340045 0.0139692 132.87849205793 -45.66786816623 2520.74585 -2.8860000000000006 5.082
132.47054514827 -45.56379882753 0.0393 0.0433 7.2575 "" "" 5329934228283706368 2658.70801 0.3707 0.0493 -4.489 3.161 0.053 0.054 1.007 7022.1 4.4479 16.913176 1.679211 17.719627 16.040417 "" "" 2389.79639 2974.05518 3233.52866 1.998 1115.7 6.8033 3040.8 7.7543 "" "" 0.0028358183440659896 0.0071845124 0.0046850336 0.011869546 132.47054514827 -45.56379882753 2658.70801 -4.489 3.1609999999999996
132.88177598969 -45.67525059453 0.0393 0.0438 15.8546 "" "" 5331231961232545536 1879.7041 0.5242 0.0475 -6.801 1.368 0.052 0.06 1.035 5627.1 4.5875 16.913563 1.504539 17.610212 16.105673 "" "" 1724.31274 2054.78125 3232.37311 1.7281 1234.0 9.2561 2863.4 10.234 "" "" 0.0028157986898545827 0.008608693 0.0054168263 0.01402552 132.88177598969 -45.67525059453 1879.7041 -6.801 1.3680000000000005
132.84645572888 -45.30173891072 0.0412 0.0433 15.167 "" "" 5331434305732369152 2136.37231 0.4474 0.0515 -2.027 1.267 0.054 0.059 0.971 6629.1 4.3117 16.917194 2.072168 17.982197 15.910028 "" "" 1934.07043 2440.93188 3221.58102 2.0764 876.07 6.4815 3428.8 8.023 "" "" 0.0028427965426332086 0.008503479 0.0045538843 0.013057363 132.84645572888 -45.30173891072 2136.37231 -2.0269999999999997 1.2669999999999995
132.65928445145 -45.23694655944 0.0411 0.0486 15.4521 "" "" 5331448530664007168 2120.55176 0.4518 0.0507 -4.408 4.756 0.055 0.066 1.015 5345.2 4.3744 16.918472 1.701161 17.680006 15.978845 "" "" 1942.01172 2321.51538 3217.79211 2.7732 1157.2 10.508 3218.3 15.717 "" "" 0.002909874176727071 0.010246282 0.0065114144 0.016757697 132.65928445145 -45.23694655944 2120.55176 -4.408 4.756000000000002
133.07461337918 -45.42519281765 0.0404 0.0448 19.9775 "" "" 5331241444521220352 2482.80591 0.3934 0.0486 -3.842 2.57 0.053 0.057 0.967 8473.0 4.2426 16.918814 1.980232 17.910955 15.930723 "" "" 2133.44214 2792.36719 3216.77696 2.0469 935.48 7.1819 3364.1 10.289 "" "" 0.0028406159086733834 0.00879004 0.005030976 0.013821017 133.07461337918 -45.42519281765 2482.80591 -3.841999999999999 2.5699999999999994
132.85176267602 -45.79718017857 0.0422 0.0443 20.9339 "" "" 5331229075008461312 1861.83411 0.5202 0.0498 -5.125 3.617 0.058 0.059 1.057 5426.4 4.6226 16.92062 1.410366 17.55064 16.140274 "" "" 1710.39709 2052.22534 3211.43162 1.8975 1303.6 8.9899 2773.6 7.4987 "" "" 0.002829016095318641 0.007990443 0.0047854222 0.012775865 132.85176267602 -45.79718017857 1861.83411 -5.125 3.617000000000001
132.17659573391 -45.42557944451 0.0375 0.0422 18.6555 "" "" 5329985664811128576 2071.61914 0.4771 0.0473 -3.225 1.086 0.051 0.052 0.976 5711.2 4.5016 16.922655 1.564652 17.648521 16.08387 "" "" 1884.89734 2297.08472 3205.41834 1.9884 1191.3 7.5107 2921.5 8.0169 "" "" 0.002836442079799423 0.007391973 0.004812524 0.012204497 132.17659573391 -45.42557944451 2071.61914 -3.225 1.086
133.06017840207 -45.55834653242 0.0407 0.0463 19.3525 "" "" 5331238214705000320 2277.44092 0.4242 0.0496 -3.397 2.053 0.052 0.058 0.967 7431.5 4.4299 16.92373 1.773428 17.777256 16.003828 "" "" 2038.11902 2571.34155 3202.24421 2.0607 1058.1 10.836 3145.0 7.9726 "" "" 0.002842526572357141 0.011463757 0.0046753776 0.016139135 133.06017840207 -45.55834653242 2277.44092 -3.397 2.053
132.54174249468 -45.57360975086 0.0385 0.0446 5.6613 "" "" 5331435130366195968 2478.35156 0.3719 0.0477 -2.221 3.581 0.051 0.059 1.028 7515.5 4.443 16.925034 1.781797 17.796938 16.01514 "" "" 2237.62158 2802.31372 3198.40618 1.897 1039.1 7.1338 3112.4 9.9203 "" "" 0.002829571020790506 0.007959069 0.005124413 0.013083482 132.54174249468 -45.57360975086 2478.35156 -2.221 3.5809999999999995
132.57673999099 -45.70538619126 0.0884 0.0888 12.871 "" "" 5329920656184477824 2231.59448 0.4798 0.1011 -1.286 4.975 0.115 0.112 2.308 5432.7 4.6151 16.925255 1.537882 17.577562 16.03968 "" "" 1702.33008 3806.17114 3197.75019 4.0614 1271.7 6.8506 3042.9 8.7391 "" "" 0.003081128677636183 0.006480258 0.004899681 0.011379939 132.57673999099 -45.70538619126 2231.59448 -1.2860000000000007 4.9750000000000005
132.88646467091 -45.42938339673 0.0432 0.0434 12.2439 "" "" 5331428361497861504 2290.98584 0.4091 0.0491 -5.079 5.192 0.057 0.058 0.988 9326.6 4.2657 16.929535 1.922837 17.888815 15.965978 "" "" 2092.22998 2573.10571 3185.17345 2.2048 954.75 7.7919 3256.6 8.9602 "" "" 0.002855980281871676 0.009289815 0.004817431 0.014107246 132.88646467091 -45.42938339673 2290.98584 -5.079 5.192
132.99205280678 -45.72318940921 0.0416 0.0413 21.2115 "" "" 5331228284740631168 1821.72021 0.5318 0.0479 1.339 -2.586 0.058 0.054 0.93 5481.9 4.5754 16.931168 1.541372 17.64791 16.106537 "" "" 1665.7561 1961.50037 3180.38311 1.9174 1191.9 7.8805 2861.2 8.315 "" "" 0.002832005332212645 0.0077017527 0.004923367 0.01262512 132.99205280678 -45.72318940921 1821.72021 1.3389999999999993 -2.5859999999999994
132.8459321328 -45.65193394786 0.0415 0.0452 13.8016 "" "" 5331232201750690432 2496.16675 0.4018 0.0494 -6.832 10.108 0.054 0.06 1.071 5553.4 4.5847 16.931713 1.444309 17.584393 16.140083 "" "" 2137.59155 2951.50342 3178.78932 1.815 1263.7 7.5775 2774.1 8.1542 "" "" 0.0028241983828836835 0.007083084 0.0049466016 0.012029685 132.8459321328 -45.65193394786 2496.16675 -6.832 10.108
132.70136421296 -45.69856743874 0.0398 0.0425 12.9728 "" "" 5331418770828456576 2714.96411 0.3578 0.0483 -1.751 2.987 0.052 0.057 0.976 "" "" 16.933987 1.470697 17.606615 16.135918 "" "" 2388.48901 3094.54663 3172.13998 1.8497 1238.1 7.1635 2784.8 8.5474 "" "" 0.002827119873189616 0.0068737054 0.0050387485 0.011912454 132.70136421296 -45.69856743874 2714.96411 -1.7509999999999997 2.987
