Clusters/Gulliver_5/Gulliver_5_stars_in_region.tsv
# %ECSV 1.0
# ---
# datatype:
# - name: RA_ICRS_1
#   unit: deg
#   datatype: float64
#   format: '{:15.11f}'
#   description: Right ascension (ICRS) at Ep=2016.0 (ra)
#   meta: !!omap
#   - {ucd: POS_EQ_RA_MAIN}
#   - {width: 15}
#   - {precision: '11'}
# - name: DE_ICRS_1
#   unit: deg
#   datatype: float64
#   format: '{:15.11f}'
#   description: Declination (ICRS) at Ep=2016.0 (dec)
#   meta: !!omap
#   - {ucd: POS_EQ_DEC_MAIN}
#   - {width: 15}
#   - {precision: '11'}
# - name: e_RA_ICRS
#   unit: mas
#   datatype: float64
#   format: '{:7.4f}'
#   description: Standard error of right ascension (ra_error)
#   meta: !!omap
#   - {ucd: ERROR}
#   - {width: 7}
#   - {precision: '4'}
# - name: e_DE_ICRS
#   unit: mas
#   datatype: float64
#   format: '{:7.4f}'
#   description: Standard error of declination (dec_error)
#   meta: !!omap
#   - {ucd: ERROR}
#   - {width: 7}
#   - {precision: '4'}
# - name: _r_1
#   unit: ''
#   datatype: float64
#   format: '{:7.4f}'
#   description: Distance from center (132.60960828000-45.49210578000)[ICRS], at Epoch=J2016.0
#   meta: !!omap
#   - {ucd: POS_ANG_DIST_GENERAL}
#   - {width: 7}
#   - {precision: '4'}
# - name: HIP
#   datatype: int32
#   description: '? HIP cross-id number, van Leeuwen, Cat. I/311 (hip_original_ext_source_id)'
#   meta: !!omap
#   - {ucd: ID_NUMBER}
#   - {width: 6}
#   - values: {'null': -2147483648}
# - name: TYC2
#   datatype: string
#   description: Tycho-2 cross-id name, Hog et al., Cat. I/259 (tyc2_original_ext_source_id)
#   meta: !!omap
#   - {ucd: ID_CROSSID}
#   - {_votable_string_dtype: char}
# - name: Source
#   datatype: int64
#   description: Source identifier, identical to the Gaia-EDR3 source_id (id)
#   meta: !!omap
#   - {ucd: ID_MAIN}
#   - {width: 19}
# - name: rgeo
#   unit: pc
#   datatype: float64
#   format: '{:15.8f}'
#   description: '? Median of the geometric distance posterior (r_med_geo)'
#   meta: !!omap
#   - {ucd: PHYS_DISTANCE_TRUE}
#   - {width: 15}
#   - {precision: '8'}
#   - values: {'null': .nan}
# - name: Plx
#   unit: mas
#   datatype: float64
#   format: '{:9.4f}'
#   description: '? Parallax (parallax)'
#   meta: !!omap
#   - {ucd: POS_PARLX_TRIG}
#   - {width: 9}
#   - {precision: '4'}
#   - values: {'null': .nan}
# - name: e_Plx
#   unit: mas
#   datatype: float32
#   format: '{:7.4f}'
#   description: '? Standard error of parallax (parallax_error)'
#   meta: !!omap
#   - {ucd: ERROR}
#   - {width: 7}
#   - {precision: '4'}
#   - values: {'null': .nan}
# - name: pmRA
#   unit: mas / yr
#   datatype: float64
#   format: '{:9.3f}'
#   description: '? Proper motion in right ascension direction, pmRA*cosDE (pmra)'
#   meta: !!omap
#   - {ucd: POS_EQ_PMRA}
#   - {width: 9}
#   - {precision: '3'}
#   - values: {'null': .nan}
# - name: pmDE
#   unit: mas / yr
#   datatype: float64
#   format: '{:9.3f}'
#   description: '? Proper motion in declination direction (pmdec)'
#   meta: !!omap
#   - {ucd: POS_EQ_PMDEC}
#   - {width: 9}
#   - {precision: '3'}
#   - values: {'null': .nan}
# - name: e_pmRA
#   unit: mas / yr
#   datatype: float32
#   format: '{:6.3f}'
#   description: '? Standard error of proper motion in right ascension direction (pmra_error)'
#   meta: !!omap
#   - {ucd: ERROR}
#   - {width: 6}
#   - {precision: '3'}
#   - values: {'null': .nan}
# - name: e_pmDE
[...]
#         unit: &id001 !astropy.units.Unit {unit: deg}
#         value: !astropy.table.SerializedColumn {name: SkyCoord.dec}
#       distance: !astropy.table.SerializedColumn
#         __class__: astropy.coordinates.distances.Distance
#         unit: !astropy.units.Unit {unit: pc}
#         value: !astropy.table.SerializedColumn {name: SkyCoord.distance}
#       frame: icrs
#       obstime: !astropy.time.Time {format: jyear_str, in_subfmt: '*', jd1: 367701545.0, jd2: 0.0, out_subfmt: '*', precision: 3, scale: tt}
#       pm_dec: !astropy.table.SerializedColumn
#         __class__: astropy.units.quantity.Quantity
#         unit: !astropy.units.Unit {unit: mas / yr}
#         value: !astropy.table.SerializedColumn {name: SkyCoord.pm_dec}
#       pm_ra_cosdec: !astropy.table.SerializedColumn
#         __class__: astropy.units.quantity.Quantity
#         unit: !astropy.units.Unit {unit: mas / yr}
#         value: !astropy.table.SerializedColumn {name: SkyCoord.pm_ra_cosdec}
#       ra: !astropy.table.SerializedColumn
#         __class__: astropy.coordinates.angles.Longitude
#         unit: *id001
#         value: !astropy.table.SerializedColumn {name: SkyCoord.ra}
#         wrap_angle: !astropy.coordinates.Angle
#           unit: *id001
#           value: 360.0
#       representation_type: spherical
# schema: astropy-2.0
RA_ICRS_1 DE_ICRS_1 e_RA_ICRS e_DE_ICRS _r_1 HIP TYC2 Source rgeo Plx e_Plx pmRA pmDE e_pmRA e_pmDE RUWE Teff logg Gmag BP-RP BPmag RPmag RV e_RV b_rgeo B_rgeo FG e_FG FBP e_FBP FRP e_FRP RAVE5 RAVE6 e_Gmag e_BPmag e_RPmag e_BP-RP SkyCoord.ra SkyCoord.dec SkyCoord.distance SkyCoord.pm_ra_cosdec SkyCoord.pm_dec
[from data line 364]
132.96602287579 -45.72413373854 0.0199 0.0221 20.4356 "" "" 5331228216021137280 2333.74438 0.391 0.0241 -5.05 4.901 0.027 0.028 1.026 7479.5 4.064 15.529267 1.108984 15.996835 14.887851 "" "" 2207.99634 2519.15137 11567.50663 3.1324 5453.6 9.6293 8790.6 11.178 "" "" 0.0027709621342825773 0.003385287 0.0040236553 0.007408942 132.96602287579 -45.72413373854 2333.74438 -5.05 4.900999999999998
132.4122736029 -45.19347322326 0.0223 0.0229 19.7562 "" "" 5331491304237230720 1965.47485 0.4714 0.0269 -5.982 2.13 0.029 0.028 1.097 7441.6 4.0291 15.534556 1.622502 16.282032 14.65953 "" "" 1867.40527 2104.59009 11511.29261 4.0104 4193.8 12.582 10848.0 10.94 "" "" 0.0027811631310930528 0.004288994 0.0039347974 0.008223791 132.4122736029 -45.19347322326 1965.47485 -5.982 2.13
132.68123252362 -45.34062179548 0.0212 0.024 9.5766 "" "" 5331439150455803008 2108.20557 0.4408 0.0249 -5.123 5.016 0.028 0.03 0.965 9591.7 4.2739 15.539982 1.133378 16.017008 14.88363 "" "" 1982.23108 2217.83496 11453.91195 3.3998 5353.2 10.035 8824.8 13.609 "" "" 0.002774103323723817 0.0034536198 0.0041336627 0.0075872825 132.68123252362 -45.34062179548 2108.20557 -5.122999999999999 5.015999999999999
132.88158011351 -45.60986738108 0.0209 0.0218 13.4353 "" "" 5331420321319134464 2438.80908 0.3734 0.0249 -3.668 2.226 0.025 0.028 1.03 6816.2 3.8691 15.544209 1.529134 16.241217 14.712083 "" "" 2294.19849 2603.24365 11409.41735 3.2842 4354.4 9.917 10335.0 14.735 "" "" 0.0027729882489490867 0.0037281942 0.00408411 0.007812304 132.88158011351 -45.60986738108 2438.80908 -3.668 2.2259999999999995
132.42182404965 -45.45714841655 0.0199 0.0217 8.1744 "" "" 5331439803290553984 1953.35461 0.4794 0.0249 -4.674 3.461 0.027 0.027 1.032 5097.3 3.4589 15.545248 2.154527 16.663334 14.508807 "" "" 1866.27161 2052.52734 11398.49467 4.202 2951.8 9.849 12463.0 14.651 "" "" 0.0027842396790656574 0.004572618 0.0039890837 0.0085617015 132.42182404965 -45.45714841655 1953.35461 -4.674000000000001 3.4609999999999994
132.55374574351 -45.52428155302 0.0194 0.0227 3.0405 "" "" 5331435370884358272 1875.9884 0.4968 0.0244 -1.66 4.435 0.025 0.03 1.052 5688.6 4.1188 15.545956 1.342839 16.134188 14.791348 "" "" 1782.22119 1959.00391 11391.07132 3.4727 4805.5 18.952 9607.7 18.939 "" "" 0.0027751306108272714 0.0051107802 0.00434331 0.00945409 132.55374574351 -45.52428155302 1875.9884 -1.6599999999999995 4.435
132.27599792732 -45.27856073288 0.0214 0.0215 19.0211 "" "" 5331492304972174080 1897.54407 0.4934 0.026 -3.915 2.543 0.03 0.026 0.996 7995.0 3.8572 15.548084 1.347508 16.143133 14.795626 "" "" 1809.18298 1984.59863 11368.75616 4.21 4766.1 12.818 9569.9 13.409 "" "" 0.00278450059367186 0.004038736 0.004074072 0.008112809 132.27599792732 -45.27856073288 1897.54407 -3.915000000000001 2.543
132.89444734922 -45.77998908393 0.021 0.0219 21.0036 "" "" 5331229143734045440 1996.55383 0.4689 0.0248 -3.986 2.904 0.028 0.031 0.985 7210.7 4.2202 15.556377 1.407293 16.186796 14.779503 "" "" 1889.37659 2090.0415 11282.25594 3.6765 4578.2 13.402 9713.1 9.9514 "" "" 0.0027779429048130112 0.0042292834 0.003939683 0.0081689665 132.89444734922 -45.77998908393 1996.55383 -3.986 2.904
132.48814039684 -45.53303450699 0.0414 0.0444 5.6669 "" "" 5331436225575771008 1903.59998 0.4853 0.0489 -5.318 4.596 0.055 0.058 2.408 7477.3 4.172 15.561206 1.332982 16.054121 14.721139 "" "" 1757.38135 2080.39844 11232.18743 4.3959 5173.3 16.37 10249.0 44.53 "" "" 0.0027878929078705064 0.004425895 0.006044572 0.010470467 132.48814039684 -45.53303450699 1903.59998 -5.317999999999999 4.595999999999999
132.7781369159 -45.60982796599 0.0216 0.0242 10.0015 "" "" 5331420871074896512 1930.06421 0.4897 0.0259 -2.58 3.978 0.027 0.03 1.022 6724.9 4.0449 15.565441 1.396998 16.188404 14.791406 "" "" 1829.5415 2022.77429 11188.45654 3.34 4571.5 14.049 9607.2 15.34 "" "" 0.0027743180499074606 0.0043495167 0.0041580223 0.008507539 132.7781369159 -45.60982796599 1930.06421 -2.58 3.9779999999999998
132.77561995447 -45.77525343924 0.0208 0.0231 18.3611 "" "" 5331229762209267328 1939.78442 0.4858 0.0254 -5.438 3.057 0.029 0.031 0.996 6797.7 4.0889 15.567822 1.24721 16.10461 14.857401 "" "" 1853.23779 2032.91394 11163.94559 3.5595 4938.2 9.9527 9040.6 11.025 "" "" 0.0027769815403968843 0.00354591 0.0040046033 0.0075505134 132.77561995447 -45.77525343924 1939.78442 -5.438 3.0569999999999995
132.71057202635 -45.74545672987 0.0202 0.0219 15.7805 "" "" 5331417641259498752 2273.11621 0.4062 0.0249 -5.676 6.031 0.028 0.028 1.017 9687.5 4.1441 15.568383 1.05469 16.005604 14.950913 "" "" 2139.00781 2452.50342 11158.17762 3.4122 5409.7 7.7841 8294.5 10.954 "" "" 0.002775252659456027 0.0031977764 0.004042237 0.007240013 132.71057202635 -45.74545672987 2273.11621 -5.676000000000001 6.031000000000001
132.5117368698 -45.67484279756 0.0203 0.0217 11.7092 "" "" 5329921343379201152 2243.74731 0.4085 0.0245 -4.775 4.255 0.026 0.028 1.001 6676.4 3.7912 15.569574 1.882198 16.492016 14.609818 "" "" 2138.36963 2365.96655 11145.94734 3.5226 3456.3 9.6847 11356.0 10.475 "" "" 0.0027766047746941237 0.0041280156 0.003909826 0.008037841 132.5117368698 -45.67484279756 2243.74731 -4.775000000000001 4.255000000000001
132.58820061673 -45.76959910071 0.0199 0.0206 16.6738 "" "" 5329916945332763520 2494.92358 0.3692 0.0234 -4.477 5.659 0.027 0.026 0.983 7238.2 3.2461 15.569854 1.70341 16.376017 14.672606 "" "" 2363.10229 2638.76367 11143.07975 3.7422 3846.0 9.9366 10718.0 13.947 "" "" 0.002779341747363182 0.003956488 0.004034827 0.007991315 132.58820061673 -45.76959910071 2494.92358 -4.477 5.658999999999999
132.72148587015 -45.32823753066 0.0224 0.0249 10.9031 "" "" 5331444235697073792 1884.45947 0.4915 0.0261 -5.886 6.163 0.029 0.032 1.048 7960.1 4.3355 15.578627 1.296845 16.13001 14.833165 "" "" 1805.44617 1977.32581 11053.40577 5.161 4824.1 8.6977 9244.7 12.959 "" "" 0.0028015681407016035 0.003408378 0.00407432 0.007482698 132.72148587015 -45.32823753066 1884.45947 -5.886000000000001 6.163000000000001
132.72332167976 -45.3084169006 0.021 0.0235 12.0175 "" "" 5331444403194053504 2097.26782 0.4465 0.025 -5.077 5.815 0.028 0.031 1.013 9258.9 4.1911 15.585333 1.173472 16.08418 14.910708 "" "" 1970.96729 2216.62012 10985.34221 3.1352 5032.0 10.845 8607.5 8.4272 "" "" 0.0027726895327126124 0.0036415083 0.003926026 0.007567534 132.72332167976 -45.3084169006 2097.26782 -5.077 5.8149999999999995
132.68932248906 -45.46389284642 0.0222 0.0256 3.7567 "" "" 5331425681438178048 2414.63379 0.3795 0.0269 -4.396 4.204 0.029 0.032 1.04 "" "" 15.59065 1.349082 16.181715 14.832633 "" "" 2274.39648 2568.28271 10931.68265 5.7228 4599.7 13.633 9249.2 12.999 "" "" 0.0028133353328532403 0.004259176 0.0040757996 0.008334976 132.68932248906 -45.46389284642 2414.63379 -4.396000000000001 4.204
132.65376495453 -45.28813047364 0.0217 0.0243 12.3791 "" "" 5331445369568443136 1957.86267 0.4786 0.0262 -1.424 1.122 0.028 0.034 0.981 8496.9 4.4088 15.594547 1.326693 16.179653 14.85296 "" "" 1863.84753 2045.65698 10892.5055 3.4981 4608.5 12.255 9077.7 10.411 "" "" 0.0027772951047553896 0.0040150983 0.003979229 0.007994328 132.65376495453 -45.28813047364 1957.86267 -1.424 1.1220000000000003
132.29976342307 -45.48544303627 0.0188 0.0219 13.0391 "" "" 5329939107363709184 2356.31079 0.3884 0.0243 -3.837 4.826 0.025 0.028 0.923 9322.6 4.1653 15.595606 1.125602 16.064053 14.938451 "" "" 2243.40063 2464.32373 10881.89666 4.1104 5126.2 9.8471 8390.3 12.695 "" "" 0.0027856744757644735 0.0034835178 0.004120977 0.0076044947 132.29976342307 -45.48544303627 2356.31079 -3.8370000000000006 4.8260000000000005
132.56089325857 -45.42951137264 0.0229 0.0225 4.2788 "" "" 5331437020151782656 2070.4519 0.4483 0.0261 -5.618 4.854 0.032 0.03 1.018 8672.6 3.7918 15.597452 1.120822 16.066967 14.946145 "" "" 1970.02686 2175.26587 10863.40229 3.3046 5112.5 15.786 8331.1 12.445 "" "" 0.0027750444691056297 0.0043616523 0.0041126874 0.00847434 132.56089325857 -45.42951137264 2070.4519 -5.618 4.853999999999999
132.62506623661 -45.71456882854 0.021 0.0215 13.3635 "" "" 5329917701247009024 2453.87256 0.375 0.0246 -3.575 3.489 0.028 0.027 1.018 7511.3 3.4698 15.611669 1.399209 16.233572 14.834363 "" "" 2273.20605 2619.58569 10722.08671 3.2431 4385.2 11.352 9234.5 9.1064 "" "" 0.0027748219834251215 0.0039604064 0.0039281133 0.00788852 132.62506623661 -45.71456882854 2453.87256 -3.5750000000000006 3.489
132.36076734206 -45.49799189046 0.0212 0.0252 10.4718 "" "" 5329938484580081920 2088.04688 0.4432 0.0283 -5.49 4.097 0.029 0.032 1.086 "" "" 15.614619 1.236817 15.973441 14.736624 "" "" 1991.40601 2207.84033 10692.98823 6.3944 5572.4 95.185 10104.0 178.03 "" "" 0.0028307843971420127 0.01875472 0.019500157 0.03825488 132.36076734206 -45.49799189046 2088.04688 -5.489999999999999 4.0969999999999995
132.72261611168 -45.22446985364 0.0212 0.0239 16.75 "" "" 5331445953683643520 2422.77637 0.3737 0.0259 -4.34 2.491 0.028 0.032 1.035 8532.2 3.6252 15.615306 1.67979 16.40497 14.72518 "" "" 2251.69556 2635.00659 10686.22787 3.2974 3744.8 8.6128 10211.0 12.813 "" "" 0.002775613122980474 0.003744419 0.004017447 0.007761866 132.72261611168 -45.22446985364 2422.77637 -4.34 2.4910000000000005
132.36872772856 -45.38543910745 0.0217 0.0237 11.9918 "" "" 5331440971521638784 2627.68994 0.3382 0.0267 -4.306 6.449 0.029 0.027 1.002 4852.5 2.3341 15.616524 3.255598 17.56626 14.310661 75.71 3.9 2467.5188 2839.43921 10674.24973 5.6046 1285.0 9.3341 14959.0 15.13 "" "" 0.002813676289796905 0.00836568 0.00393569 0.0123013705 132.36872772856 -45.38543910745 2627.68994 -4.306 6.449
132.66799618515 -45.27229846263 0.0208 0.0248 13.416 "" "" 5331445403927823104 2157.53076 0.4317 0.0258 -1.08 0.375 0.027 0.033 1.025 6571.9 3.9634 15.61723 1.560286 16.342985 14.7827 "" "" 2009.20117 2294.84692 10667.30247 3.5143 3964.8 8.9123 9684.5 10.91 "" "" 0.002778440672507108 0.0037069493 0.0039723758 0.007679325 132.66799618515 -45.27229846263 2157.53076 -1.08 0.375
132.59557953057 -45.79859531225 0.0218 0.0243 18.3988 "" "" 5329916842253563648 2238.16748 0.4203 0.0257 -4.893 5.4 0.029 0.031 1.03 7872.2 4.1339 15.628159 1.229418 16.16122 14.931803 "" "" 2107.5957 2382.42798 10560.4683 3.1206 4687.4 12.091 8441.8 12.281 "" "" 0.0027739364294308067 0.003953294 0.004096167 0.008049461 132.59557953057 -45.79859531225 2238.16748 -4.893 5.4
132.99656257053 -45.41649972241 0.0222 0.0252 16.9063 "" "" 5331429014332962048 2167.15503 0.4154 0.0274 -4.452 1.966 0.029 0.03 1.019 6463.2 3.3438 15.62849 2.72529 17.164253 14.438963 18.31 5.48 2044.09155 2365.64746 10557.24432 4.9341 1860.9 8.4797 13291.0 15.935 "" "" 0.002801656866240731 0.0056799953 0.003997275 0.00967727 132.99656257053 -45.41649972241 2167.15503 -4.452000000000001 1.9659999999999997
132.37347048077 -45.53983581376 0.0204 0.0247 10.3326 "" "" 5329937767333989376 2709.31396 0.3291 0.0268 -5.877 5.522 0.028 0.033 1.003 6349.1 3.0464 15.630727 2.456885 16.96482 14.507936 12.32 4.94 2546.71265 2963.354 10535.51994 4.789 2236.1 5.977 12473.0 8.6847 "" "" 0.0027991714571204565 0.0040258397 0.003854248 0.007880088 132.37347048077 -45.53983581376 2709.31396 -5.877000000000001 5.522
132.28836037792 -45.21882843213 0.0237 0.0247 21.2674 "" "" 5331492751648819712 2579.77417 0.3594 0.0292 -5.167 5.415 0.031 0.031 1.045 9033.3 4.1553 15.633694 1.536821 16.337917 14.801096 "" "" 2408.99219 2780.54761 10506.76755 3.9947 3983.4 9.0039 9521.8 15.873 "" "" 0.0027860712428116456 0.003715898 0.004190419 0.007906317 132.28836037792 -45.21882843213 2579.77417 -5.167 5.414999999999999
132.41826900599 -45.41985617262 0.0208 0.0233 9.1456 "" "" 5331439906369762560 2041.36621 0.4573 0.0259 -9.563 8.124 0.027 0.028 1.05 8764.5 4.0839 15.634805 1.686915 16.432207 14.745292 "" "" 1950.11963 2156.44946 10496.02329 3.4065 3652.0 9.5003 10024.0 9.305 "" "" 0.0027777615374095692 0.003970196 0.0039114584 0.007881654 132.41826900599 -45.41985617262 2041.36621 -9.563 8.123999999999999
132.14221695265 -45.59959951942 0.0214 0.0245 20.6718 "" "" 5329930964105670144 2119.9939 0.444 0.0278 -8.066 7.022 0.029 0.03 1.046 5181.1 3.5744 15.637515 1.877783 16.56152 14.683737 "" "" 2020.51282 2221.28296 10469.85439 3.8855 3242.0 11.597 10609.0 13.555 "" "" 0.0027846261366051644 0.00478215 0.004025934 0.008808084 132.14221695265 -45.59959951942 2119.9939 -8.066 7.0219999999999985
132.46629854618 -45.71267052702 0.0781 0.0795 14.5371 "" "" 5329921171580675456 2341.83398 0.4258 0.0906 -6.056 4.548 0.105 0.113 3.474 7104.8 4.3607 15.650905 1.405992 16.249426 14.843433 "" "" 1941.19019 3134.06714 10341.5346 9.8694 4321.6 10.279 9157.7 13.884 "" "" 0.0029437107583208436 0.003801849 0.0041222963 0.007924145 132.46629854618 -45.71267052702 2341.83398 -6.055999999999999 4.548
132.61514874674 -45.73530711554 0.0205 0.0216 14.5939 "" "" 5329917563808057472 2429.9624 0.3828 0.0241 -6.369 5.808 0.027 0.027 0.926 8435.9 3.7757 15.653567 1.334979 16.237625 14.902646 "" "" 2285.86157 2564.44189 10316.20156 3.0992 4368.8 8.9627 8671.6 10.967 "" "" 0.0027745596417856804 0.0035702132 0.0040210974 0.007591311 132.61514874674 -45.73530711554 2429.9624 -6.369 5.808
132.65483289246 -45.32434726092 0.024 0.0277 10.2442 "" "" 5331439219175281152 2547.09082 0.3564 0.0292 -5.763 6.694 0.031 0.036 1.124 "" "" 15.654218 1.29764 16.219435 14.921795 "" "" 2395.34888 2747.04907 10310.02398 3.4425 4442.7 8.7968 8520.0 11.553 "" "" 0.0027790671381122947 0.0035223248 0.004056011 0.0075783357 132.65483289246 -45.32434726092 2547.09082 -5.763000000000001 6.694000000000001
132.30327307705 -45.42446363165 0.0211 0.0219 13.516 "" "" 5329986523804644096 2504.52759 0.3731 0.0251 -4.703 4.919 0.029 0.027 1.037 9253.0 4.1359 15.65434 1.264881 16.205975 14.941093 "" "" 2353.0603 2691.55371 10308.86582 2.9801 4498.1 11.33 8369.9 11.131 "" "" 0.002773139240975733 0.003906938 0.0040458106 0.007952748 132.30327307705 -45.42446363165 2504.52759 -4.703 4.9190000000000005
132.35985783861 -45.4430965824 0.0202 0.024 10.9128 "" "" 5329939450961115904 2108.9707 0.4349 0.0257 -3.608 5.953 0.026 0.028 1.003 7408.1 4.097 15.65505 1.564229 16.379992 14.815762 "" "" 1997.84778 2217.99438 10302.12018 3.3111 3832.0 7.3536 9394.1 8.8113 "" "" 0.0027773295282878295 0.0034822586 0.003914182 0.007396441 132.35985783861 -45.4430965824 2108.9707 -3.6080000000000005 5.953
132.93168354298 -45.72108398329 0.1359 0.1481 19.2747 "" "" 5331230861720964992 2296.06323 0.5056 0.1625 -2.245 3.023 0.184 0.193 6.826 6872.0 4.3311 15.659158 1.305995 16.185314 14.879319 "" "" 1691.98328 3268.65527 10263.21705 19.664 4584.5 8.9689 8859.9 10.952 "" "" 0.0034524153302361482 0.003506676 0.00401061 0.0075172856 132.93168354298 -45.72108398329 2296.06323 -2.245 3.023
132.72809039479 -45.7177246516 0.0214 0.0236 14.4218 "" "" 5331417984856882816 2117.4126 0.4411 0.0258 -4.816 5.52 0.029 0.032 0.948 7332.7 4.1885 15.66133 1.08156 16.117409 15.035849 "" "" 2024.48169 2244.13013 10242.70786 3.0941 4880.4 13.876 7670.4 10.877 "" "" 0.002774771800953669 0.0041610654 0.004080953 0.0082420185 132.72809039479 -45.7177246516 2117.4126 -4.815999999999999 5.52
132.19042400992 -45.49352762675 0.0201 0.0239 17.631 "" "" 5329984634019008768 2194.64746 0.4275 0.0262 -2.15 0.537 0.026 0.029 1.071 4974.7 3.532 15.662552 1.880796 16.593477 14.712682 "" "" 2084.19189 2342.87329 10231.18305 3.2821 3147.9 9.4705 10330.0 10.042 "" "" 0.0027772469279549426 0.0042959 0.0039239945 0.008219894 132.19042400992 -45.49352762675 2194.64746 -2.15 0.5370000000000001
