Clusters/Gulliver_5/Gulliver_5_stars_in_region.tsv
# %ECSV 1.0
# ---
# datatype:
# - name: RA_ICRS_1
#   unit: deg
#   datatype: float64
#   format: '{:15.11f}'
#   description: Right ascension (ICRS) at Ep=2016.0 (ra)
#   meta: !!omap
#   - {ucd: POS_EQ_RA_MAIN}
#   - {width: 15}
#   - {precision: '11'}
# - name: DE_ICRS_1
#   unit: deg
#   datatype: float64
#   format: '{:15.11f}'
#   description: Declination (ICRS) at Ep=2016.0 (dec)
#   meta: !!omap
#   - {ucd: POS_EQ_DEC_MAIN}
#   - {width: 15}
#   - {precision: '11'}
# - name: e_RA_ICRS
#   unit: mas
#   datatype: float64
#   format: '{:7.4f}'
#   description: Standard error of right ascension (ra_error)
#   meta: !!omap
#   - {ucd: ERROR}
#   - {width: 7}
#   - {precision: '4'}
# - name: e_DE_ICRS
#   unit: mas
#   datatype: float64
#   format: '{:7.4f}'
#   description: Standard error of declination (dec_error)
#   meta: !!omap
#   - {ucd: ERROR}
#   - {width: 7}
#   - {precision: '4'}
# - name: _r_1
#   unit: ''
#   datatype: float64
#   format: '{:7.4f}'
#   description: Distance from center (132.60960828000-45.49210578000)[ICRS], at Epoch=J2016.0
#   meta: !!omap
#   - {ucd: POS_ANG_DIST_GENERAL}
#   - {width: 7}
#   - {precision: '4'}
# - name: HIP
#   datatype: int32
#   description: '? HIP cross-id number, van Leeuwen, Cat. I/311 (hip_original_ext_source_id)'
#   meta: !!omap
#   - {ucd: ID_NUMBER}
#   - {width: 6}
#   - values: {'null': -2147483648}
# - name: TYC2
#   datatype: string
#   description: Tycho-2 cross-id name, Hog et al., Cat. I/259 (tyc2_original_ext_source_id)
#   meta: !!omap
#   - {ucd: ID_CROSSID}
#   - {_votable_string_dtype: char}
# - name: Source
#   datatype: int64
#   description: Source identifier, identical to the Gaia-EDR3 source_id (id)
#   meta: !!omap
#   - {ucd: ID_MAIN}
#   - {width: 19}
# - name: rgeo
#   unit: pc
#   datatype: float64
#   format: '{:15.8f}'
#   description: '? Median of the geometric distance posterior (r_med_geo)'
#   meta: !!omap
#   - {ucd: PHYS_DISTANCE_TRUE}
#   - {width: 15}
#   - {precision: '8'}
#   - values: {'null': .nan}
# - name: Plx
#   unit: mas
#   datatype: float64
#   format: '{:9.4f}'
#   description: '? Parallax (parallax)'
#   meta: !!omap
#   - {ucd: POS_PARLX_TRIG}
#   - {width: 9}
#   - {precision: '4'}
#   - values: {'null': .nan}
# - name: e_Plx
#   unit: mas
#   datatype: float32
#   format: '{:7.4f}'
#   description: '? Standard error of parallax (parallax_error)'
#   meta: !!omap
#   - {ucd: ERROR}
#   - {width: 7}
#   - {precision: '4'}
#   - values: {'null': .nan}
# - name: pmRA
#   unit: mas / yr
#   datatype: float64
#   format: '{:9.3f}'
#   description: '? Proper motion in right ascension direction, pmRA*cosDE (pmra)'
#   meta: !!omap
#   - {ucd: POS_EQ_PMRA}
#   - {width: 9}
#   - {precision: '3'}
#   - values: {'null': .nan}
# - name: pmDE
#   unit: mas / yr
#   datatype: float64
#   format: '{:9.3f}'
#   description: '? Proper motion in declination direction (pmdec)'
#   meta: !!omap
#   - {ucd: POS_EQ_PMDEC}
#   - {width: 9}
#   - {precision: '3'}
#   - values: {'null': .nan}
# - name: e_pmRA
#   unit: mas / yr
#   datatype: float32
#   format: '{:6.3f}'
#   description: '? Standard error of proper motion in right ascension direction (pmra_error)'
#   meta: !!omap
#   - {ucd: ERROR}
#   - {width: 6}
#   - {precision: '3'}
#   - values: {'null': .nan}
# - name: e_pmDE
[...]
#         unit: &id001 !astropy.units.Unit {unit: deg}
#         value: !astropy.table.SerializedColumn {name: SkyCoord.dec}
#       distance: !astropy.table.SerializedColumn
#         __class__: astropy.coordinates.distances.Distance
#         unit: !astropy.units.Unit {unit: pc}
#         value: !astropy.table.SerializedColumn {name: SkyCoord.distance}
#       frame: icrs
#       obstime: !astropy.time.Time {format: jyear_str, in_subfmt: '*', jd1: 367701545.0, jd2: 0.0, out_subfmt: '*', precision: 3, scale: tt}
#       pm_dec: !astropy.table.SerializedColumn
#         __class__: astropy.units.quantity.Quantity
#         unit: !astropy.units.Unit {unit: mas / yr}
#         value: !astropy.table.SerializedColumn {name: SkyCoord.pm_dec}
#       pm_ra_cosdec: !astropy.table.SerializedColumn
#         __class__: astropy.units.quantity.Quantity
#         unit: !astropy.units.Unit {unit: mas / yr}
#         value: !astropy.table.SerializedColumn {name: SkyCoord.pm_ra_cosdec}
#       ra: !astropy.table.SerializedColumn
#         __class__: astropy.coordinates.angles.Longitude
#         unit: *id001
#         value: !astropy.table.SerializedColumn {name: SkyCoord.ra}
#         wrap_angle: !astropy.coordinates.Angle
#           unit: *id001
#           value: 360.0
#       representation_type: spherical
# schema: astropy-2.0
RA_ICRS_1 DE_ICRS_1 e_RA_ICRS e_DE_ICRS _r_1 HIP TYC2 Source rgeo Plx e_Plx pmRA pmDE e_pmRA e_pmDE RUWE Teff logg Gmag BP-RP BPmag RPmag RV e_RV b_rgeo B_rgeo FG e_FG FBP e_FBP FRP e_FRP RAVE5 RAVE6 e_Gmag e_BPmag e_RPmag e_BP-RP SkyCoord.ra SkyCoord.dec SkyCoord.distance SkyCoord.pm_ra_cosdec SkyCoord.pm_dec
[from data line 40]
132.45303922095 -45.54077052031 0.0078 0.0088 7.2011 "" "" 5329935052914719744 2181.9895 0.4382 0.01 -4.958 4.994 0.011 0.011 0.937 14433.9 3.9066 12.699426 0.741875 12.981146 12.239271 "" "" 2147.92944 2228.06763 156738.82752 27.469 87692.0 56.754 100800.0 45.621 "" "" 0.0027618825922327817 0.002877293 0.0038111932 0.006688486 132.45303922095 -45.54077052031 2181.9895 -4.958 4.994
132.77017240941 -45.32613366762 0.0128 0.0137 12.0379 "" "" 5331444540632950400 2053.95898 0.4828 0.0152 -6.155 8.781 0.017 0.018 0.967 4696.9 2.0399 12.723795 2.926829 14.422476 11.495646 79.38 0.32 1995.47913 2102.82373 153259.96023 46.965 23250.0 34.806 199940.0 93.417 "" "" 0.0027753355521284067 0.0032290732 0.0038132747 0.007042348 132.77017240941 -45.32613366762 2053.95898 -6.154999999999999 8.781
132.98492632862 -45.69926049281 0.0101 0.0108 20.0691 "" "" 5331231308397594368 2100.83154 0.475 0.0123 -7.083 5.998 0.013 0.014 1.147 4887.3 2.3648 12.750108 2.052765 13.798124 11.745359 66.2 0.36 2052.40161 2151.17065 149590.41012 26.666 41321.0 32.651 158860.0 49.668 "" "" 0.0027621094223493118 0.00291909 0.003794596 0.006713686 132.98492632862 -45.69926049281 2100.83154 -7.083000000000001 5.998
132.27806740725 -45.70321748446 0.0102 0.0103 18.8194 "" "" 5329932166696638592 2213.35156 0.4345 0.0122 -4.632 5.494 0.014 0.012 0.959 "" "" 12.760839 0.755083 13.04947 12.294387 "" "" 2158.4458 2266.34595 148119.11127 30.487 82343.0 59.62 95808.0 36.362 "" "" 0.002764367963330936 0.002898799 0.0038017796 0.0067005786 132.27806740725 -45.70321748446 2213.35156 -4.632 5.494
132.18338860705 -45.36432954998 0.0162 0.0177 19.5162 "" "" 5329990406454999552 2705.48218 0.3688 0.02 -2.181 2.511 0.023 0.022 0.997 3809.4 1.2399 12.794965 3.334834 14.819068 11.484234 39.89 0.36 2559.78662 2867.49341 143536.02084 56.324 16136.0 28.131 202050.0 141.91 "" "" 0.0027880647288076703 0.0033716296 0.0038555462 0.007227176 132.18338860705 -45.36432954998 2705.48218 -2.1809999999999996 2.5109999999999992
132.51270125818 -45.81126578575 0.0104 0.0114 19.5762 "" "" 5329915536583460864 1900.63904 0.5223 0.0124 -4.335 4.483 0.015 0.015 1.048 4880.0 2.4339 12.884925 2.121936 13.98096 11.859024 50.35 0.63 1854.18713 1940.10999 132122.51254 22.294 34917.0 36.018 143070.0 52.449 "" "" 0.0027614042065941305 0.0030065568 0.0038002832 0.00680684 132.51270125818 -45.81126578575 1900.63904 -4.335000000000001 4.482999999999999
132.76909938888 -45.52740130598 0.0106 0.0121 7.0326 "" "" 5331424685005827072 2412.39966 0.3974 0.0132 -5.088 4.989 0.013 0.016 0.97 15598.3 3.5648 12.95811 1.165768 13.443009 12.277242 "" "" 2351.45068 2483.28076 123510.19904 30.936 57308.0 63.947 97333.0 156.51 "" "" 0.0027687081893653077 0.0030418446 0.004163137 0.0072049815 132.76909938888 -45.52740130598 2412.39966 -5.088000000000001 4.989000000000001
132.49818288783 -45.52756770336 0.0089 0.0101 5.1456 "" "" 5331435473963554304 2167.74878 0.4362 0.0116 -4.985 4.942 0.012 0.013 0.889 15025.5 4.0242 12.992268 0.867381 13.334789 12.467408 "" "" 2115.16992 2216.57129 119685.01934 29.796 63314.0 52.548 81695.0 53.862 "" "" 0.0027685466020651653 0.002932074 0.0038465755 0.0067786495 132.49818288783 -45.52756770336 2167.74878 -4.985000000000001 4.942
132.7852050142 -45.68895850806 0.0093 0.011 13.9234 "" "" 5331418225375075584 2001.73022 0.4718 0.0118 -6.714 3.929 0.012 0.015 1.123 "" "" 13.032912 0.887902 13.385924 12.498022 "" "" 1955.7981 2049.53027 115287.36861 21.125 60401.0 33.451 79424.0 23.353 "" "" 0.0027624933772014185 0.0028542262 0.0037928408 0.006647067 132.7852050142 -45.68895850806 2001.73022 -6.714 3.9289999999999994
132.66224930692 -45.61457462566 0.0081 0.0092 7.6738 "" "" 5331422554702018304 2005.76526 0.4672 0.0101 -4.249 3.516 0.011 0.011 0.948 "" "" 13.0474 0.725141 13.323265 12.598124 "" "" 1965.48413 2039.76343 113759.19356 28.06 63990.0 48.779 72428.0 35.445 "" "" 0.002768304744291529 0.0029103346 0.0038165494 0.0067268843 132.66224930692 -45.61457462566 2005.76526 -4.248999999999999 3.516
132.60534270032 -45.63560790129 0.0081 0.0086 8.612 "" "" 5331422245464352256 1907.82996 0.4872 0.0098 -4.355 1.457 0.01 0.011 0.889 8902.2 3.845 13.126339 0.644867 13.367555 12.722688 "" "" 1862.27124 1942.86743 105781.80948 22.412 61432.0 33.593 64578.0 25.297 "" "" 0.0027649060576552835 0.0028526385 0.0038032378 0.0066558765 132.60534270032 -45.63560790129 1907.82996 -4.355 1.4570000000000003
132.18714517187 -45.38755066591 0.0086 0.0099 18.8594 "" "" 5329987447206234112 2008.46765 0.464 0.011 -5.018 4.946 0.012 0.012 1.062 "" "" 13.149613 0.791545 13.45502 12.663475 "" "" 1967.36743 2060.13647 103538.34586 53.799 56677.0 86.048 68197.0 107.82 "" "" 0.002812482631619216 0.0032407122 0.004150939 0.007391651 132.18714517187 -45.38755066591 2008.46765 -5.018 4.946
132.54707907656 -45.43685228601 0.0094 0.0096 4.2325 "" "" 5331436985792041216 2623.34106 0.3352 0.0112 -2.433 4.018 0.013 0.013 0.994 "" "" 13.154544 2.897247 14.826768 11.929521 46.1 0.36 2558.55811 2691.76172 103069.25464 35.547 16022.0 25.7 134080.0 64.569 "" "" 0.0027806483040544766 0.0032890898 0.0038153778 0.0071044676 132.54707907656 -45.43685228601 2623.34106 -2.4330000000000007 4.018000000000002
132.65061227406 -45.51017909184 0.0087 0.0099 2.037 "" "" 5331424032170730752 1843.7594 0.5095 0.0106 -9.748 8.956 0.011 0.012 1.07 "" "" 13.170933 1.937959 14.138348 12.200389 72.64 0.87 1813.05334 1877.98816 101525.12754 19.955 30205.0 19.561 104470.0 35.416 "" "" 0.002763572082932468 0.002877402 0.0037972627 0.0066746646 132.65061227406 -45.51017909184 1843.7594 -9.748 8.956
132.93710266295 -45.73126072723 0.0091 0.0104 19.8704 "" "" 5331230793001496064 1825.51672 0.5116 0.0114 -4.454 4.643 0.012 0.014 0.985 "" "" 13.171131 0.709634 13.439898 12.730265 "" "" 1788.01282 1858.04163 101506.56601 24.181 57472.0 36.573 64129.0 29.147 "" "" 0.0027674332416305226 0.0028744426 0.003811462 0.0066859047 132.93710266295 -45.73126072723 1825.51672 -4.453999999999999 4.642999999999999
132.2353856222 -45.3987208804 0.0081 0.009 16.7198 "" "" 5329987210999379200 2212.45532 0.4183 0.0102 -5.009 4.937 0.011 0.011 0.937 6641.4 3.5012 13.195355 0.724221 13.470355 12.746134 "" "" 2167.46313 2267.73315 99266.89868 16.91 55882.0 31.42 63198.0 28.511 "" "" 0.002761520838888436 0.0028561708 0.0038109904 0.0066671614 132.2353856222 -45.3987208804 2212.45532 -5.009 4.936999999999999
132.73637906175 -45.40734853191 0.0094 0.0099 7.3712 "" "" 5331426299913476864 2203.02832 0.4215 0.011 -5.156 4.282 0.013 0.012 0.993 13161.9 3.9948 13.208355 1.026242 13.628146 12.601904 "" "" 2155.43506 2256.9646 98085.49426 19.928 48324.0 26.036 72177.0 33.831 "" "" 0.002764136170140453 0.0028508317 0.0038134912 0.0066643227 132.73637906175 -45.40734853191 2203.02832 -5.156000000000001 4.282000000000001
132.18990371035 -45.3226094455 0.0086 0.0096 20.3958 "" "" 5329990612613415168 2033.14905 0.4574 0.0109 -5.803 5.965 0.012 0.011 0.953 "" "" 13.215825 1.217167 13.736578 12.519411 "" "" 1986.73315 2081.72461 97412.9492 12.727 43731.0 29.735 77874.0 31.148 "" "" 0.002758969232539922 0.0028861843 0.0038042502 0.006690434 132.18990371035 -45.3226094455 2033.14905 -5.803 5.965
132.44894235076 -45.32965458077 0.0089 0.0096 11.8661 "" "" 5331441589996937344 2595.65186 0.3528 0.0109 -4.575 3.887 0.012 0.011 0.976 14825.5 3.7906 13.219842 0.86919 13.560709 12.691519 "" "" 2524.86938 2675.61572 97053.23568 18.792 51420.0 40.344 66459.0 24.31 "" "" 0.002763328527802993 0.0029173144 0.0038001917 0.006717506 132.44894235076 -45.32965458077 2595.65186 -4.575 3.8870000000000013
132.54728030222 -45.36665534778 0.0133 0.0138 7.9714 "" "" 5331441761795660544 2047.54163 0.4595 0.0158 -4.624 5.224 0.017 0.018 1.531 "" "" 13.23601 0.794144 13.540404 12.746261 "" "" 1984.84534 2107.87061 95618.68562 19.504 52391.0 29.991 63191.0 37.659 "" "" 0.002764206246498 0.0028585559 0.003834371 0.006692927 132.54728030222 -45.36665534778 2047.54163 -4.624 5.224
132.50319236528 -45.28519673649 0.0091 0.0097 13.1995 "" "" 5331443239264683520 2108.31055 0.4398 0.0107 -8.176 7.857 0.012 0.012 0.985 "" "" 13.236406 1.914249 14.188281 12.274033 62.28 1.12 2059.02271 2159.93579 95583.82052 22.503 28847.0 25.854 97621.0 59.7 "" "" 0.0027671513568551273 0.0029549864 0.0038372644 0.006792251 132.50319236528 -45.28519673649 2108.31055 -8.176 7.857000000000001
132.76734908417 -45.66019982318 0.0353 0.0411 12.0668 "" "" 5331418534612699008 2370.56104 0.3913 0.0429 -2.857 4.684 0.048 0.054 5.008 5599.6 2.5074 13.236819 1.815406 14.114558 12.299152 40.72 0.8 2173.02612 2592.73071 95547.41996 32.765 30874.0 19.087 95389.0 33.106 "" "" 0.0027803616757860815 0.0028697723 0.0037981204 0.0066678924 132.76734908417 -45.66019982318 2370.56104 -2.8569999999999998 4.683999999999999
132.60242101851 -45.46559001066 0.009 0.0096 1.6194 "" "" 5331436126798606720 2174.93799 0.4254 0.0108 -5.038 4.942 0.012 0.012 0.924 13244.5 3.9078 13.271324 0.886845 13.622139 12.735294 "" "" 2127.91748 2229.354 92558.65697 14.356 48592.0 31.448 63832.0 22.766 "" "" 0.002760461516492869 0.0028772897 0.003799168 0.006676458 132.60242101851 -45.46559001066 2174.93799 -5.038 4.941999999999999
132.71668587633 -45.71495795892 0.0418 0.0474 14.1064 "" "" 5331417946194716288 2327.87744 0.4132 0.0507 -5.048 4.621 0.056 0.061 5.297 10067.5 4.0873 13.331338 0.845976 13.658932 12.812956 "" "" 2071.54565 2600.04956 87581.35058 31.336 46973.0 31.808 59426.0 26.172 "" "" 0.0027825702995334005 0.002885409 0.0038095112 0.0066949204 132.71668587633 -45.71495795892 2327.87744 -5.047999999999999 4.621
132.72506881279 -45.66700738398 0.0087 0.01 11.5601 "" "" 5331419221807445760 2141.58423 0.4322 0.0108 -5.876 5.425 0.011 0.013 0.937 "" "" 13.348956 0.9243 13.718301 12.794001 "" "" 2092.64868 2184.30908 86171.66581 11.903 44473.0 25.773 60473.0 18.904 "" "" 0.0027593987809703254 0.0028602357 0.0037945912 0.006654827 132.72506881279 -45.66700738398 2141.58423 -5.876 5.425000000000001
132.62786810227 -45.32322495845 0.0094 0.0107 10.162 "" "" 5331439459693453952 2400.32251 0.38 0.0114 -2.699 1.855 0.012 0.014 1.008 "" "" 13.420104 2.444095 14.74494 12.300845 73.85 0.37 2343.45752 2460.04956 80705.84095 22.756 17276.0 24.405 95240.0 33.775 "" "" 0.0027722750631267016 0.0031839435 0.0037989444 0.006982888 132.62786810227 -45.32322495845 2400.32251 -2.6990000000000003 1.8549999999999998
132.60295544156 -45.44185305387 0.0093 0.0104 3.0281 "" "" 5331437672986828672 2182.44019 0.4215 0.0116 -5.015 4.876 0.013 0.014 0.918 "" "" 13.424163 0.980034 13.821028 12.840994 "" "" 2129.20044 2241.69556 80404.75039 17.376 40458.0 29.966 57911.0 28.531 "" "" 0.0027652925499019763 0.0029037457 0.003817048 0.0067207934 132.60295544156 -45.44185305387 2182.44019 -5.015000000000001 4.8759999999999994
132.73170586445 -45.72083942303 0.0092 0.0106 14.6497 "" "" 5331417774396030336 2193.69629 0.424 0.0115 -3.975 4.745 0.012 0.013 1.009 5102.5 2.7675 13.430771 1.805478 14.312903 12.507425 54.07 0.99 2142.22437 2252.98047 79916.87392 14.221 25719.0 22.246 78739.0 39.111 "" "" 0.002762085653804428 0.0029439768 0.0038176663 0.006761643 132.73170586445 -45.72083942303 2193.69629 -3.975 4.744999999999999
132.73618410092 -45.51241879932 0.0093 0.0104 5.4606 "" "" 5331424581926589312 1824.84668 0.511 0.0113 -6.029 5.107 0.012 0.014 0.889 15029.3 4.2373 13.430881 0.949142 13.812132 12.862989 "" "" 1792.03406 1871.40356 79908.73761 116.11 40791.0 175.92 56750.0 251.08 "" "" 0.0031750028113124986 0.005450742 0.006112176 0.011562917 132.73618410092 -45.51241879932 1824.84668 -6.029 5.107000000000001
132.53908597046 -45.50922571114 0.009 0.0099 3.1386 "" "" 5331435577042779648 2163.49243 0.4263 0.0114 -5.126 4.933 0.012 0.013 0.971 9805.4 3.8679 13.450932 0.759336 13.743233 12.983897 "" "" 2106.21924 2214.12427 78446.59058 15.042 43463.0 24.42 50769.0 23.836 "" "" 0.0027631742011063063 0.0028560783 0.003813604 0.0066696825 132.53908597046 -45.50922571114 2163.49243 -5.126 4.933
132.70435586689 -45.75164739006 0.0101 0.0101 16.072 "" "" 5331417606899758592 2504.81909 0.3624 0.012 -4.161 3.013 0.013 0.013 1.128 "" "" 13.484786 2.271394 14.682809 12.411415 28.65 1.77 2431.75488 2580.42139 76038.31969 19.241 18293.0 21.712 86019.0 32.011 "" "" 0.002768983677183611 0.0030733857 0.003800918 0.006874304 132.70435586689 -45.75164739006 2504.81909 -4.160999999999999 3.012999999999999
132.32452003194 -45.59010216689 0.009 0.0096 13.3456 "" "" 5329936118066535808 1823.93042 0.5147 0.0111 -4.498 4.292 0.012 0.012 1.022 "" "" 13.486817 1.757096 14.336891 12.579795 17.98 1.48 1790.04517 1859.49219 75896.13973 12.008 25157.0 24.153 73661.0 30.925 "" "" 0.00276066987196461 0.0029785326 0.0038067705 0.0067853034 132.32452003194 -45.59010216689 1823.93042 -4.497999999999999 4.292
132.69556073733 -45.50008578406 0.0099 0.0112 3.6465 "" "" 5331425372200547712 2195.76611 0.4213 0.0122 -5.037 4.931 0.013 0.014 0.989 12657.5 3.9344 13.488186 0.827877 13.810895 12.983018 "" "" 2143.73315 2265.53809 75800.54246 16.062 40837.0 34.348 50810.0 20.908 "" "" 0.0027649086003358925 0.0029358142 0.0038056977 0.0067415116 132.69556073733 -45.50008578406 2195.76611 -5.037000000000001 4.931000000000001
132.68930922444 -45.50873231694 0.0101 0.0112 3.4971 "" "" 5331425269121332224 2058.34375 0.4515 0.0122 -4.77 5.735 0.013 0.014 0.987 11158.3 3.8158 13.501096 0.823528 13.823093 12.999565 "" "" 2008.33191 2109.80737 74904.5721 25.34 40381.0 45.349 50042.0 47.977 "" "" 0.0027796941779043775 0.0030449582 0.003920111 0.006965069 132.68930922444 -45.50873231694 2058.34375 -4.77 5.735000000000001
132.47320886249 -45.73549806782 0.01 0.0105 15.6855 "" "" 5329919625392281344 1962.24329 0.4757 0.0119 -6.255 4.851 0.013 0.014 1.026 "" "" 13.503737 2.006312 14.517836 12.511523 42.53 0.9 1909.64392 2010.52051 74722.6224 16.668 21295.0 25.082 78442.0 37.774 "" "" 0.0027659438274630663 0.0030692709 0.0038153753 0.006884646 132.47320886249 -45.73549806782 1962.24329 -6.255 4.850999999999999
132.78915889879 -45.57828846352 0.0096 0.0102 9.1479 "" "" 5331421077233323008 2252.38379 0.4113 0.0115 -3.008 3.133 0.012 0.013 0.911 "" "" 13.51331 1.129001 13.984117 12.855117 "" "" 2196.88916 2309.81982 74066.63734 13.021 34815.0 24.515 57163.0 38.841 "" "" 0.002761923633699173 0.002893016 0.0038507113 0.0067437273 132.78915889879 -45.57828846352 2252.38379 -3.008 3.133
132.68064316967 -45.50724074692 0.0392 0.042 3.1223 "" "" 5331425337840804352 2231.65869 0.4217 0.044 -3.951 3.476 0.052 0.054 3.994 9835.7 3.6881 13.531754 0.895168 13.868056 12.972888 "" "" 2037.41357 2440.44238 72819.07113 35.142 38743.0 27.347 51287.0 34.081 "" "" 0.002804698369576074 0.002893506 0.003847632 0.006741138 132.68064316967 -45.50724074692 2231.65869 -3.9510000000000005 3.476
132.57259116227 -45.72757905365 0.0153 0.0158 14.2136 "" "" 5329920553105270144 2067.65723 0.4457 0.0182 -5.111 4.872 0.021 0.021 1.866 11106.7 4.08 13.533213 0.76688 13.827014 13.060134 "" "" 1983.50879 2135.85938 72721.31884 12.549 40236.0 26.57 47327.0 24.087 "" "" 0.0027616828802873826 0.002880815 0.0038195648 0.00670038 132.57259116227 -45.72757905365 2067.65723 -5.110999999999999 4.871999999999999
132.90525131439 -45.49534803176 0.0104 0.0102 12.436 "" "" 5331427605583652992 2148.46265 0.4293 0.0125 -5.657 5.822 0.013 0.013 1.085 "" "" 13.540507 1.298634 14.104135 12.805502 "" "" 2086.89526 2210.61914 72234.33912 15.487 31172.0 25.482 59835.0 25.399 "" "" 0.002765135890616399 0.0029279334 0.003807379 0.0067353123 132.90525131439 -45.49534803176 2148.46265 -5.657000000000001 5.822000000000001
132.4578816494 -45.394165423 0.0092 0.0107 8.6792 "" "" 5331440421765844352 1920.6521 0.4848 0.0118 -5.062 4.919 0.012 0.013 0.94 "" "" 13.542319 1.117042 14.007383 12.890342 "" "" 1880.22729 1958.69275 72113.91583 17.094 34077.0 38.167 55338.0 37.206 "" "" 0.0027673138560216693 0.003043653 0.0038492342 0.006892887 132.4578816494 -45.394165423 1920.6521 -5.062 4.918999999999999
