Clusters/Berkeley_15/Berkeley_15_stars_in_region.tsv
# %ECSV 1.0
# ---
# datatype:
# - name: RA_ICRS_1
#   unit: deg
#   datatype: float64
#   format: '{:15.11f}'
#   description: Right ascension (ICRS) at Ep=2016.0 (ra)
#   meta: !!omap
#   - {ucd: POS_EQ_RA_MAIN}
#   - {width: 15}
#   - {precision: '11'}
# - name: DE_ICRS_1
#   unit: deg
#   datatype: float64
#   format: '{:15.11f}'
#   description: Declination (ICRS) at Ep=2016.0 (dec)
#   meta: !!omap
#   - {ucd: POS_EQ_DEC_MAIN}
#   - {width: 15}
#   - {precision: '11'}
# - name: e_RA_ICRS
#   unit: mas
#   datatype: float64
#   format: '{:7.4f}'
#   description: Standard error of right ascension (ra_error)
#   meta: !!omap
#   - {ucd: ERROR}
#   - {width: 7}
#   - {precision: '4'}
# - name: e_DE_ICRS
#   unit: mas
#   datatype: float64
#   format: '{:7.4f}'
#   description: Standard error of declination (dec_error)
#   meta: !!omap
#   - {ucd: ERROR}
#   - {width: 7}
#   - {precision: '4'}
# - name: _r_1
#   unit: ''
#   datatype: float64
#   format: '{:7.4f}'
#   description: Distance from center (075.51111013000+44.49949528000)[ICRS], at Epoch=J2016.0
#   meta: !!omap
#   - {ucd: POS_ANG_DIST_GENERAL}
#   - {width: 7}
#   - {precision: '4'}
# - name: HIP
#   datatype: int32
#   description: '? HIP cross-id number, van Leeuwen, Cat. I/311 (hip_original_ext_source_id)'
#   meta: !!omap
#   - {ucd: ID_NUMBER}
#   - {width: 6}
#   - values: {'null': -2147483648}
# - name: TYC2
#   datatype: string
#   description: Tycho-2 cross-id name, Hog et al., Cat. I/259 (tyc2_original_ext_source_id)
#   meta: !!omap
#   - {ucd: ID_CROSSID}
#   - {_votable_string_dtype: char}
# - name: Source
#   datatype: int64
#   description: Source identifier, identical to the Gaia-EDR3 source_id (id)
#   meta: !!omap
#   - {ucd: ID_MAIN}
#   - {width: 19}
# - name: rgeo
#   unit: pc
#   datatype: float64
#   format: '{:15.8f}'
#   description: '? Median of the geometric distance posterior (r_med_geo)'
#   meta: !!omap
#   - {ucd: PHYS_DISTANCE_TRUE}
#   - {width: 15}
#   - {precision: '8'}
#   - values: {'null': .nan}
# - name: Plx
#   unit: mas
#   datatype: float64
#   format: '{:9.4f}'
#   description: '? Parallax (parallax)'
#   meta: !!omap
#   - {ucd: POS_PARLX_TRIG}
#   - {width: 9}
#   - {precision: '4'}
#   - values: {'null': .nan}
# - name: e_Plx
#   unit: mas
#   datatype: float32
#   format: '{:7.4f}'
#   description: '? Standard error of parallax (parallax_error)'
#   meta: !!omap
#   - {ucd: ERROR}
#   - {width: 7}
#   - {precision: '4'}
#   - values: {'null': .nan}
# - name: pmRA
#   unit: mas / yr
#   datatype: float64
#   format: '{:9.3f}'
#   description: '? Proper motion in right ascension direction, pmRA*cosDE (pmra)'
#   meta: !!omap
#   - {ucd: POS_EQ_PMRA}
#   - {width: 9}
#   - {precision: '3'}
#   - values: {'null': .nan}
# - name: pmDE
#   unit: mas / yr
#   datatype: float64
#   format: '{:9.3f}'
#   description: '? Proper motion in declination direction (pmdec)'
#   meta: !!omap
#   - {ucd: POS_EQ_PMDEC}
#   - {width: 9}
#   - {precision: '3'}
#   - values: {'null': .nan}
# - name: e_pmRA
#   unit: mas / yr
#   datatype: float32
#   format: '{:6.3f}'
#   description: '? Standard error of proper motion in right ascension direction (pmra_error)'
#   meta: !!omap
#   - {ucd: ERROR}
#   - {width: 6}
#   - {precision: '3'}
#   - values: {'null': .nan}
# - name: e_pmDE
[...]
#         value: !astropy.table.SerializedColumn {name: SkyCoord.dec}
#       distance: !astropy.table.SerializedColumn
#         __class__: astropy.coordinates.distances.Distance
#         unit: !astropy.units.Unit {unit: pc}
#         value: !astropy.table.SerializedColumn {name: SkyCoord.distance}
#       frame: icrs
#       obstime: !astropy.time.Time {format: jyear_str, in_subfmt: '*', jd1: 367701545.0, jd2: 0.0, out_subfmt: '*', precision: 3, scale: tt}
#       pm_dec: !astropy.table.SerializedColumn
#         __class__: astropy.units.quantity.Quantity
#         unit: !astropy.units.Unit {unit: mas / yr}
#         value: !astropy.table.SerializedColumn {name: SkyCoord.pm_dec}
#       pm_ra_cosdec: !astropy.table.SerializedColumn
#         __class__: astropy.units.quantity.Quantity
#         unit: !astropy.units.Unit {unit: mas / yr}
#         value: !astropy.table.SerializedColumn {name: SkyCoord.pm_ra_cosdec}
#       ra: !astropy.table.SerializedColumn
#         __class__: astropy.coordinates.angles.Longitude
#         unit: *id001
#         value: !astropy.table.SerializedColumn {name: SkyCoord.ra}
#         wrap_angle: !astropy.coordinates.Angle
#           unit: *id001
#           value: 360.0
#       representation_type: spherical
# schema: astropy-2.0
RA_ICRS_1 DE_ICRS_1 e_RA_ICRS e_DE_ICRS _r_1 HIP TYC2 Source rgeo Plx e_Plx pmRA pmDE e_pmRA e_pmDE RUWE Teff logg Gmag BP-RP BPmag RPmag RV e_RV b_rgeo B_rgeo FG e_FG FBP e_FBP FRP e_FRP RAVE5 RAVE6 e_Gmag e_BPmag e_RPmag e_BP-RP SkyCoord.ra SkyCoord.dec SkyCoord.distance SkyCoord.pm_ra_cosdec SkyCoord.pm_dec rmRA rmDE e_rmRA e_rmDE rRV e_rRV v_pec v_pec3d e_vpec e_vpec3d
[from data line 124]
75.30998364705 44.71557546972 0.0439 0.0296 15.553 "" "" 205783878998819712 1943.62268 0.4913 0.0493 1.184 -3.02 0.064 0.047 1.06 7654.2 4.234 16.235828 1.747362 17.072798 15.325436 "" "" 1771.42273 2128.26294 6034.14161 2.7084 2024.4 10.85 5874.7 13.001 "" "" 0.0027980847461025063 0.00645347 0.004478517 0.010931987 75.30998364705 44.71557546972 1943.62268 1.184000000000001 -3.0200000000000014 0.5359999980926513 -2.0845833611488342 0.12584524 0.108845234 "" "" 19.829479557336523 "" 2.180765293038911 ""
75.1842183169 44.34801825982 0.0444 0.0313 16.6978 "" "" 205388398411247616 1733.11377 0.5301 0.0528 -1.744 -0.896 0.065 0.054 1.067 5173.3 3.8355 16.236603 2.194482 17.381586 15.187104 "" "" 1592.75244 1890.85486 6029.83528 3.125 1523.3 11.585 6672.9 14.873 "" "" 0.0028121893555813123 0.008715909 0.004487754 0.013203663 75.1842183169 44.34801825982 1733.11377 -1.7440000000000002 -0.8959999999999999 -2.3920000019073484 0.03941663885116575 0.12684524 0.11584523 "" "" 19.652850331731425 "" 2.492814386277558 ""
75.80575632773 44.62518657087 0.0526 0.0328 14.6809 "" "" 205770886721790976 2082.50464 0.4493 0.0525 -0.46 -2.29 0.073 0.054 0.995 7390.3 3.6119 16.268572 2.518068 17.640636 15.122568 "" "" 1895.58484 2309.41992 5854.87554 3.5514 1199.9 10.015 7081.6 13.119 "" "" 0.0028329335312749634 0.009481941 0.004281281 0.013763223 75.80575632773 44.62518657087 2082.50464 -0.46 -2.29 -1.1080000019073486 -1.3545833611488343 0.13484523 0.11584523 "" "" 17.27454545038117 "" 2.1388001693824514 ""
75.94277531727 44.45449328584 0.0476 0.0334 18.6766 "" "" 205600191836996352 2386.1145 0.3925 0.0514 -3.209 -1.36 0.069 0.053 1.034 6573.9 3.9896 16.272264 2.140672 17.344368 15.203696 "" "" 2120.25732 2769.73096 5834.99801 2.7122 1576.4 18.032 6571.7 30.918 "" "" 0.0028011566626707837 0.012728996 0.00635423 0.019083226 75.94277531727 44.45449328584 2386.1145 -3.209 -1.3599999999999999 -3.8570000019073487 -0.4245833611488343 0.13084523 0.11484523 "" "" 43.88689032295915 "" 5.734491834187577 ""
75.59638608086 44.54896304913 0.0455 0.0312 4.7028 "" "" 205771573916469120 1873.74133 0.5149 0.0547 1.086 -0.101 0.079 0.055 1.011 7574.7 4.2311 16.28082 1.764861 17.126614 15.361752 "" "" 1731.52539 2032.22485 5789.19427 2.9028 1926.5 9.5965 5681.4 7.9018 "" "" 0.0028085882291518814 0.006085701 0.0040698913 0.010155592 75.59638608086 44.54896304913 1873.74133 1.086 -0.1009999999999999 0.43799999809265144 0.8344166388511658 0.14084524 0.116845235 "" "" 8.369850892693858 "" 1.0247098836669317 ""
75.29237198124 44.4686437396 0.0464 0.0306 9.5447 "" "" 205776388575919104 1690.09607 0.5722 0.0513 1.883 -1.065 0.069 0.049 1.065 7377.8 4.3357 16.295994 1.694966 17.10005 15.405084 "" "" 1543.95886 1848.85046 5708.85721 2.4225 1974.2 10.62 5459.1 11.27 "" "" 0.0027935737123091866 0.0064728423 0.004394062 0.010866905 75.29237198124 44.4686437396 1690.09607 1.8830000000000002 -1.065 1.2349999980926514 -0.12958336114883418 0.13084523 0.11084524 "" "" 9.94796599899446 "" 1.299641405302938 ""
75.51232710241 44.23054494295 0.0445 0.031 16.1371 "" "" 205568443438773504 2095.42627 0.4654 0.0502 0.19 -1.088 0.06 0.05 1.108 "" "" 16.298552 1.923782 17.248447 15.324665 "" "" 1887.96887 2317.68481 5695.42346 2.6605 1722.0 11.834 5878.8 12.447 "" "" 0.002801610301080272 0.007966062 0.0044235946 0.012389656 75.51232710241 44.23054494295 2095.42627 0.19 -1.0879999999999999 -0.45800000190734863 -0.1525833611488343 0.12184523 0.11184524 "" "" 4.794808404755044 "" 0.5796128025777084 ""
75.80889562547 44.73358552659 0.0471 0.0322 18.948 "" "" 205774670588875008 1721.02747 0.5652 0.0529 2.493 0.894 0.065 0.054 0.971 6145.2 3.9538 16.29877 1.794413 17.0696 15.275187 "" "" 1568.44592 1861.1886 5694.27429 2.9502 2030.4 12.12 6153.0 11.429 "" "" 0.002812155276012364 0.007056135 0.0042837937 0.011339929 75.80889562547 44.73358552659 1721.02747 2.493 0.8939999999999999 1.8449999980926512 1.829416638851166 0.12684524 0.11584523 "" "" 21.195489490080785 "" 2.575599819923258 ""
75.527692026 44.59459129722 0.0475 0.033 5.7496 "" "" 205772815163062912 2080.22021 0.4385 0.0577 1.334 -2.099 0.074 0.057 1.011 7678.6 4.1816 16.313248 1.896311 17.24755 15.351238 "" "" 1887.01196 2352.4292 5618.85052 2.898 1723.4 8.3396 5736.7 10.876 "" "" 0.0028116491402246317 0.005948842 0.0043035764 0.010252418 75.527692026 44.59459129722 2080.22021 1.334 -2.099 0.6859999980926514 -1.1635833611488344 0.13584524 0.11884524 "" "" 13.318712164188941 "" 1.6442517056918269 ""
75.22531456193 44.48279564039 0.0477 0.0314 12.2734 "" "" 205776285496709760 1832.61292 0.5222 0.0526 -0.148 -0.914 0.063 0.048 1.022 7596.9 4.4197 16.319408 1.603071 17.071909 15.468838 "" "" 1673.17273 2045.00635 5587.05758 2.5322 2026.1 9.8361 5147.8 12.399 "" "" 0.002798916931392427 0.005963861 0.004595923 0.010559784 75.22531456193 44.48279564039 1832.61292 -0.14800000000000008 -0.9139999999999996 -0.7960000019073487 0.021416638851165737 0.12484524 0.109845236 "" "" 6.917024114644513 "" 0.8634869638574091 ""
75.94379482382 44.46622491552 0.0554 0.038 18.6294 "" "" 205600256260524160 1683.03406 0.5599 0.052 1.121 -2.695 0.081 0.061 1.02 7091.6 4.3678 16.330002 1.804852 17.202545 15.397693 "" "" 1569.94385 1883.48523 5532.8152 2.8576 1796.4 10.064 5496.4 8.7317 "" "" 0.0028118045567054537 0.0066920486 0.0041543646 0.010846414 75.94379482382 44.46622491552 1683.03406 1.121 -2.6949999999999985 0.47299999809265136 -1.759583361148834 0.14284524 0.12284523 "" "" 14.535544390882905 "" 1.8066842323583576 ""
75.2405846326 44.36558302742 0.0414 0.0293 14.1031 "" "" 205762988277975552 2504.98901 0.3844 0.0489 1.492 -2.304 0.061 0.049 0.979 9261.9 4.2782 16.331537 1.391715 16.953033 15.561318 "" "" 2228.36426 2873.82861 5524.99106 2.4972 2260.5 13.108 4727.5 10.972 "" "" 0.002798679895686188 0.0068864445 0.0045424094 0.0114288535 75.2405846326 44.36558302742 2504.98901 1.4919999999999995 -2.3039999999999994 0.8439999980926514 -1.368583361148834 0.12284523 0.11084524 "" "" 19.09169017401144 "" 2.1817486504216466 ""
75.52596036066 44.51084456622 0.0506 0.0336 0.9314 "" "" 205771406413813376 2460.89673 0.3841 0.0621 0.551 -0.994 0.072 0.058 1.048 7204.1 4.5849 16.331558 1.515523 17.018854 15.503331 "" "" 2137.5542 2936.09644 5524.89231 3.6646 2127.5 10.663 4986.8 11.438 "" "" 0.0028478790672143836 0.006115316 0.0045260736 0.0106413895 75.52596036066 44.51084456622 2460.89673 0.5510000000000002 -0.9939999999999998 -0.09700000190734859 -0.05858336114883422 0.13384524 0.119845234 "" "" 1.32181699873108 "" 0.17216784757614617 ""
75.72642215695 44.74907308337 0.0473 0.0339 17.5722 "" "" 205786971375218048 1805.0343 0.5424 0.0539 2.545 -2.984 0.067 0.056 1.017 7657.3 4.2051 16.345758 1.583124 17.074844 15.49172 "" "" 1624.33606 2030.53381 5453.09594 2.4865 2020.6 8.8226 5040.5 12.018 "" "" 0.0027994440721067658 0.0055008256 0.0045809527 0.010081778 75.72642215695 44.74907308337 1805.0343 2.5450000000000017 -2.9839999999999978 1.8969999980926513 -2.048583361148834 0.12884524 0.11784524 "" "" 23.888027748507376 "" 2.9393147816940317 ""
75.25551408202 44.45910948904 0.1831 0.1294 11.2072 "" "" 205775971962887040 1864.46887 0.6526 0.2139 -0.418 -0.786 0.255 0.211 4.22 "" "" 16.346577 1.4354 16.898373 15.462973 "" "" 1334.54321 2680.13428 5448.99483 15.816 2377.2 9.8663 5175.7 9.2512 "" "" 0.004186067151074564 0.005300105 0.0042485236 0.009548629 75.25551408202 44.45910948904 1864.46887 -0.41800000000000004 -0.7859999999999999 -1.0660000019073486 0.14941663885116574 0.31684524 0.27284524 "" "" 9.512955911350012 "" 3.006620444272976 ""
75.44574787245 44.75172937957 0.0652 0.0384 15.3893 "" "" 205784218300413056 1948.99792 0.5049 0.0612 0.37 -4.229 0.095 0.065 1.124 6677.8 4.2438 16.350222 1.833875 17.24686 15.412986 "" "" 1745.87292 2177.87427 5430.72489 2.4963 1724.5 11.833 5419.6 10.73 "" "" 0.002800153983700448 0.0079553425 0.0043479293 0.012303272 75.44574787245 44.75172937957 1948.99792 0.3699999999999999 -4.229000000000001 -0.27800000190734864 -3.2935833611488343 0.15684524 0.12684524 "" "" 30.53514244755167 "" 3.880477268310674 ""
75.32254108409 44.75918751689 0.0568 0.0352 17.539 "" "" 205831192358542080 1864.28113 0.5153 0.0526 -0.197 -0.649 0.085 0.058 0.926 5102.9 3.7243 16.359783 2.161725 17.480106 15.318381 "" "" 1711.32812 2009.26917 5383.11581 3.0107 1391.2 8.0552 5913.0 12.211 "" "" 0.002821440390936916 0.0068779006 0.004394432 0.011272333 75.32254108409 44.75918751689 1864.28113 -0.197 -0.649 -0.8450000019073487 0.28641663885116575 0.14684524 0.119845234 "" "" 7.884288519532256 "" 1.1376755711183428 ""
75.57305062759 44.65069792835 0.0496 0.0349 9.4505 "" "" 205785150309121152 1843.67932 0.5259 0.0569 1.094 -3.114 0.079 0.06 0.985 8930.0 4.3019 16.361336 1.817147 17.241373 15.424226 "" "" 1676.97266 2052.60229 5375.42507 2.7748 1733.3 8.9279 5363.7 12.211 "" "" 0.0028117437194144015 0.0062498176 0.0045159115 0.0107657295 75.57305062759 44.65069792835 1843.67932 1.0940000000000007 -3.113999999999999 0.44599999809265145 -2.178583361148834 0.14084524 0.12184523 "" "" 19.433592228278144 "" 2.3838472141669538 ""
75.4359895823 44.44910225968 0.0458 0.0315 4.4143 "" "" 205764976846596864 2221.67578 0.4196 0.0549 -1.171 -1.496 0.072 0.06 1.0 5353.9 3.5859 16.37307 2.104391 17.45137 15.346979 "" "" 1936.4574 2539.10303 5317.63963 2.8379 1428.5 8.9605 5759.3 13.052 "" "" 0.0028155871248160057 0.0073598493 0.0045097694 0.011869619 75.4359895823 44.44910225968 2221.67578 -1.1710000000000003 -1.4960000000000007 -1.8190000019073487 -0.5605833611488342 0.13384524 0.12184523 "" "" 20.044446622710623 "" 2.662851020986654 ""
75.11973951987 44.37772496418 0.0447 0.0313 18.2891 "" "" 205400389959939968 2131.79443 0.4447 0.0519 1.118 -2.727 0.061 0.051 1.07 9307.8 4.3746 16.376307 1.83342 17.264198 15.430779 "" "" 1948.66833 2334.05029 5301.80526 2.4722 1697.2 8.4313 5331.5 12.577 "" "" 0.0028014462334348613 0.0060726367 0.004565493 0.01063813 75.11973951987 44.37772496418 2131.79443 1.1180000000000003 -2.7269999999999994 0.46999999809265147 -1.791583361148834 0.12284523 0.112845235 "" "" 18.71600689828676 "" 2.124560068523579 ""
75.65984080096 44.54636851291 0.0493 0.0332 6.9563 "" "" 205768859497132544 2244.69312 0.4373 0.0571 -0.208 -1.954 0.077 0.056 1.059 7782.4 4.1695 16.382072 1.753108 17.20457 15.451463 "" "" 1995.70447 2717.14404 5273.72706 2.9874 1793.0 11.84 5230.9 15.805 "" "" 0.0028231290865186344 0.007693399 0.0050045503 0.01269795 75.65984080096 44.54636851291 2244.69312 -0.20800000000000007 -1.9539999999999997 -0.8560000019073486 -1.0185833611488342 0.13884524 0.11784524 "" "" 14.156385529300266 "" 1.7972879265310637 ""
75.26775379293 44.75704876961 0.047 0.0305 18.6221 "" "" 205831879552970752 2063.55005 0.4659 0.0547 0.126 -0.835 0.074 0.05 1.011 8590.0 4.423 16.386242 1.799095 17.254745 15.45565 "" "" 1906.73938 2253.47437 5253.51436 3.8181 1712.1 10.248 5210.7 13.381 "" "" 0.0028660841698136957 0.0070724585 0.0046965447 0.011769003 75.26775379293 44.75704876961 2063.55005 0.1259999999999999 -0.835 -0.5220000019073486 0.10041663885116581 0.13584524 0.11184524 "" "" 5.199414676368732 "" 0.7022443593778926 ""
75.51328352225 44.54242869373 0.0466 0.0336 2.5777 "" "" 205771745715155200 1745.82031 0.565 0.0567 -0.604 -1.254 0.07 0.058 1.062 8590.7 4.3343 16.388346 1.49688 17.073586 15.576706 "" "" 1586.08313 1934.24121 5243.34281 2.5 2022.9 16.266 4661.0 12.894 "" "" 0.002803529100951447 0.009165354 0.004827521 0.013992875 75.51328352225 44.54242869373 1745.82031 -0.6039999999999994 -1.254 -1.2520000019073487 -0.31858336114883423 0.13184524 0.119845234 "" "" 10.690695717111932 "" 1.4020510675720455 ""
75.51008010251 44.4557402591 0.0464 0.0329 2.6257 "" "" 205762266723428352 1720.14172 0.5568 0.0531 2.464 -3.967 0.073 0.056 0.977 7466.6 4.236 16.391562 1.707516 17.20392 15.496405 "" "" 1580.56213 1904.55212 5227.84129 2.6214 1794.1 8.2048 5018.8 8.9755 "" "" 0.002808591128389735 0.0056955484 0.004248993 0.009944541 75.51008010251 44.4557402591 1720.14172 2.4639999999999995 -3.967 1.8159999980926513 -3.0315833611488343 0.13484523 0.11784524 "" "" 28.813443609747733 "" 3.531486210556292 ""
75.88364544075 44.37501035484 0.0507 0.0349 17.6211 "" "" 205576273162952320 1730.35925 0.5503 0.0558 1.634 -3.058 0.079 0.061 0.977 5784.5 3.9425 16.39659 1.826441 17.288273 15.461832 "" "" 1563.50037 1918.94202 5203.68632 2.6644 1660.0 6.9434 5181.1 10.671 "" "" 0.00281084274661748 0.0053300313 0.0043913824 0.009721413 75.88364544075 44.37501035484 1730.35925 1.6340000000000003 -3.058 0.9859999980926513 -2.122583361148834 0.14084524 0.12284523 "" "" 19.195880538480726 "" 2.4230480041820766 ""
75.24222650426 44.318711603 0.0433 0.0302 15.8265 "" "" 205762644680597888 2351.27441 0.3992 0.0511 -0.955 -1.192 0.066 0.051 0.997 9289.1 3.9816 16.405483 1.459382 17.060799 15.601417 "" "" 2114.2644 2663.04126 5161.23728 2.3333 2046.9 9.7509 4556.1 8.5566 "" "" 0.002798698727693801 0.005876763 0.004294361 0.010171124 75.24222650426 44.318711603 2351.27441 -0.9550000000000001 -1.192 -1.6030000019073487 -0.2565833611488342 0.12784523 0.112845235 "" "" 18.09291560396037 "" 2.306702228860779 ""
75.61517212599 44.60237894446 0.0525 0.0361 7.6094 "" "" 205772329830778752 1798.052 0.5251 0.0592 2.269 -4.045 0.081 0.061 1.01 7645.1 4.2769 16.437437 2.016957 17.436304 15.419347 "" "" 1649.47632 2097.62524 5011.54564 2.3691 1448.4 14.439 5387.9 9.5559 "" "" 0.0028027171726723848 0.011177477 0.004241679 0.015419156 75.61517212599 44.60237894446 1798.052 2.269 -4.045 1.6209999980926515 -3.109583361148834 0.14284524 0.12284523 "" "" 29.88703407001069 "" 3.8070967591312517 ""
75.44834206548 44.2316153161 0.0468 0.0333 16.2967 "" "" 205571398376277120 2134.85352 0.4518 0.055 2.146 -2.103 0.065 0.053 0.972 9326.3 3.8462 16.437643 1.664022 17.20956 15.545538 "" "" 1891.01746 2432.35498 5010.59351 2.3682 1784.8 14.288 4796.7 13.662 "" "" 0.0028026993171951214 0.009128593 0.004883306 0.014011899 75.44834206548 44.2316153161 2134.85352 2.146 -2.1030000000000006 1.4979999980926513 -1.1675833611488344 0.12684524 0.11484523 "" "" 19.219179348706554 "" 2.353360105964566 ""
75.10593507234 44.59510213227 0.0465 0.0334 18.2503 "" "" 205453265301304448 2455.12451 0.3772 0.0525 -0.564 -2.572 0.067 0.052 1.029 7666.7 4.1191 16.44188 1.715906 17.25864 15.542734 "" "" 2185.99097 2842.12183 4991.08999 2.491 1705.9 12.855 4809.1 11.583 "" "" 0.002808099471154178 0.008644364 0.004595896 0.01324026 75.10593507234 44.59510213227 2455.12451 -0.5639999999999996 -2.571999999999999 -1.2120000019073487 -1.6365833611488343 0.12884524 0.11384524 "" "" 23.699389597157545 "" 2.8290869574695607 ""
75.38249754797 44.47039997555 0.0472 0.0335 5.7755 "" "" 205765938919291776 2273.89941 0.4207 0.0531 0.162 -1.51 0.073 0.054 0.948 7708.1 4.2583 16.448524 1.908014 17.394455 15.486441 "" "" 2037.69263 2556.65576 4960.62715 2.5494 1505.3 8.6305 5065.0 8.6478 "" "" 0.002811252607668426 0.0068216776 0.0042095254 0.011031203 75.38249754797 44.47039997555 2273.89941 0.16199999999999976 -1.5099999999999998 -0.4860000019073486 -0.5745833611488342 0.13484523 0.11584523 "" "" 8.111272490704366 "" 1.0067981753614412 ""
