Clusters/Berkeley_15/Berkeley_15_stars_in_region.tsv
# %ECSV 1.0
# ---
# datatype:
# - name: RA_ICRS_1
#   unit: deg
#   datatype: float64
#   format: '{:15.11f}'
#   description: Right ascension (ICRS) at Ep=2016.0 (ra)
#   meta: !!omap
#   - {ucd: POS_EQ_RA_MAIN}
#   - {width: 15}
#   - {precision: '11'}
# - name: DE_ICRS_1
#   unit: deg
#   datatype: float64
#   format: '{:15.11f}'
#   description: Declination (ICRS) at Ep=2016.0 (dec)
#   meta: !!omap
#   - {ucd: POS_EQ_DEC_MAIN}
#   - {width: 15}
#   - {precision: '11'}
# - name: e_RA_ICRS
#   unit: mas
#   datatype: float64
#   format: '{:7.4f}'
#   description: Standard error of right ascension (ra_error)
#   meta: !!omap
#   - {ucd: ERROR}
#   - {width: 7}
#   - {precision: '4'}
# - name: e_DE_ICRS
#   unit: mas
#   datatype: float64
#   format: '{:7.4f}'
#   description: Standard error of declination (dec_error)
#   meta: !!omap
#   - {ucd: ERROR}
#   - {width: 7}
#   - {precision: '4'}
# - name: _r_1
#   unit: ''
#   datatype: float64
#   format: '{:7.4f}'
#   description: Distance from center (075.51111013000+44.49949528000)[ICRS], at Epoch=J2016.0
#   meta: !!omap
#   - {ucd: POS_ANG_DIST_GENERAL}
#   - {width: 7}
#   - {precision: '4'}
# - name: HIP
#   datatype: int32
#   description: '? HIP cross-id number, van Leeuwen, Cat. I/311 (hip_original_ext_source_id)'
#   meta: !!omap
#   - {ucd: ID_NUMBER}
#   - {width: 6}
#   - values: {'null': -2147483648}
# - name: TYC2
#   datatype: string
#   description: Tycho-2 cross-id name, Hog et al., Cat. I/259 (tyc2_original_ext_source_id)
#   meta: !!omap
#   - {ucd: ID_CROSSID}
#   - {_votable_string_dtype: char}
# - name: Source
#   datatype: int64
#   description: Source identifier, identical to the Gaia-EDR3 source_id (id)
#   meta: !!omap
#   - {ucd: ID_MAIN}
#   - {width: 19}
# - name: rgeo
#   unit: pc
#   datatype: float64
#   format: '{:15.8f}'
#   description: '? Median of the geometric distance posterior (r_med_geo)'
#   meta: !!omap
#   - {ucd: PHYS_DISTANCE_TRUE}
#   - {width: 15}
#   - {precision: '8'}
#   - values: {'null': .nan}
# - name: Plx
#   unit: mas
#   datatype: float64
#   format: '{:9.4f}'
#   description: '? Parallax (parallax)'
#   meta: !!omap
#   - {ucd: POS_PARLX_TRIG}
#   - {width: 9}
#   - {precision: '4'}
#   - values: {'null': .nan}
# - name: e_Plx
#   unit: mas
#   datatype: float32
#   format: '{:7.4f}'
#   description: '? Standard error of parallax (parallax_error)'
#   meta: !!omap
#   - {ucd: ERROR}
#   - {width: 7}
#   - {precision: '4'}
#   - values: {'null': .nan}
# - name: pmRA
#   unit: mas / yr
#   datatype: float64
#   format: '{:9.3f}'
#   description: '? Proper motion in right ascension direction, pmRA*cosDE (pmra)'
#   meta: !!omap
#   - {ucd: POS_EQ_PMRA}
#   - {width: 9}
#   - {precision: '3'}
#   - values: {'null': .nan}
# - name: pmDE
#   unit: mas / yr
#   datatype: float64
#   format: '{:9.3f}'
#   description: '? Proper motion in declination direction (pmdec)'
#   meta: !!omap
#   - {ucd: POS_EQ_PMDEC}
#   - {width: 9}
#   - {precision: '3'}
#   - values: {'null': .nan}
# - name: e_pmRA
#   unit: mas / yr
#   datatype: float32
#   format: '{:6.3f}'
#   description: '? Standard error of proper motion in right ascension direction (pmra_error)'
#   meta: !!omap
#   - {ucd: ERROR}
#   - {width: 6}
#   - {precision: '3'}
#   - values: {'null': .nan}
# - name: e_pmDE
[...]
#         value: !astropy.table.SerializedColumn {name: SkyCoord.dec}
#       distance: !astropy.table.SerializedColumn
#         __class__: astropy.coordinates.distances.Distance
#         unit: !astropy.units.Unit {unit: pc}
#         value: !astropy.table.SerializedColumn {name: SkyCoord.distance}
#       frame: icrs
#       obstime: !astropy.time.Time {format: jyear_str, in_subfmt: '*', jd1: 367701545.0, jd2: 0.0, out_subfmt: '*', precision: 3, scale: tt}
#       pm_dec: !astropy.table.SerializedColumn
#         __class__: astropy.units.quantity.Quantity
#         unit: !astropy.units.Unit {unit: mas / yr}
#         value: !astropy.table.SerializedColumn {name: SkyCoord.pm_dec}
#       pm_ra_cosdec: !astropy.table.SerializedColumn
#         __class__: astropy.units.quantity.Quantity
#         unit: !astropy.units.Unit {unit: mas / yr}
#         value: !astropy.table.SerializedColumn {name: SkyCoord.pm_ra_cosdec}
#       ra: !astropy.table.SerializedColumn
#         __class__: astropy.coordinates.angles.Longitude
#         unit: *id001
#         value: !astropy.table.SerializedColumn {name: SkyCoord.ra}
#         wrap_angle: !astropy.coordinates.Angle
#           unit: *id001
#           value: 360.0
#       representation_type: spherical
# schema: astropy-2.0
RA_ICRS_1 DE_ICRS_1 e_RA_ICRS e_DE_ICRS _r_1 HIP TYC2 Source rgeo Plx e_Plx pmRA pmDE e_pmRA e_pmDE RUWE Teff logg Gmag BP-RP BPmag RPmag RV e_RV b_rgeo B_rgeo FG e_FG FBP e_FBP FRP e_FRP RAVE5 RAVE6 e_Gmag e_BPmag e_RPmag e_BP-RP SkyCoord.ra SkyCoord.dec SkyCoord.distance SkyCoord.pm_ra_cosdec SkyCoord.pm_dec rmRA rmDE e_rmRA e_rmDE rRV e_rRV v_pec v_pec3d e_vpec e_vpec3d
[from data line 187]
75.64101694261 44.81380251899 0.0575 0.0372 19.6566 "" "" 205791231982772864 1711.93335 0.5668 0.0619 1.263 -1.124 0.074 0.059 1.034 6973.0 4.3039 16.694681 1.817105 17.576784 15.759679 "" "" 1579.27454 1904.04651 3954.34269 2.1387 1272.6 9.5438 3938.1 11.013 "" "" 0.0028171998848221928 0.008607213 0.0048479666 0.01345518 75.64101694261 44.81380251899 1711.93335 1.263 -1.124 0.6149999980926513 -0.18858336114883434 0.13584524 0.120845236 "" "" 5.219807629285479 "" 0.7026994412925881 ""
75.8028068691 44.38685133141 0.0522 0.0352 14.2061 "" "" 205576925998012928 1690.66626 0.5826 0.0631 -0.6 -2.144 0.072 0.059 0.962 5239.8 4.4899 16.719025 1.701669 17.527662 15.825994 "" "" 1487.35315 1883.58386 3866.67021 2.1393 1331.5 7.8947 3704.8 7.8833 "" "" 0.002820041131659994 0.0070161773 0.0044295816 0.011445759 75.8028068691 44.38685133141 1690.66626 -0.5999999999999998 -2.144 -1.2480000019073487 -1.2085833611488344 0.13384524 0.120845236 "" "" 13.922224532749663 "" 1.778134156978151 ""
75.9005291125 44.63349784818 0.058 0.0391 18.4862 "" "" 205793495430032384 2209.88232 0.425 0.0645 1.047 -0.957 0.08 0.063 0.974 7964.3 3.8234 16.733122 1.978795 17.722364 15.743569 "" "" 1936.82385 2527.92798 3816.78664 2.2499 1112.9 8.2553 3997.0 9.9265 "" "" 0.0028286759561674097 0.008523426 0.004642668 0.013166094 75.9005291125 44.63349784818 2209.88232 1.047 -0.957 0.3989999980926513 -0.02158336114883419 0.14184523 0.12484524 "" "" 4.185572356925856 "" 0.5935082665225592 ""
75.88998005946 44.43131533998 0.0564 0.0385 16.7312 "" "" 205576719839676160 1957.40808 0.4992 0.0622 0.14 -5.187 0.085 0.064 1.036 4802.2 4.1568 16.750277 2.25262 17.932985 15.680366 "" "" 1736.67639 2244.74976 3756.95808 2.1259 916.69 9.4299 4236.5 11.285 "" "" 0.0028229844605843104 0.011512103 0.00475901 0.016271112 75.88998005946 44.43131533998 1957.40808 0.1399999999999999 -5.186999999999999 -0.5080000019073486 -4.2515833611488345 0.14684524 0.12584524 "" "" 39.72726148626742 "" 5.012193292456329 ""
75.92250048684 44.52115007776 0.0629 0.0409 17.6502 "" "" 205604310709731456 1872.39075 0.4958 0.0641 0.038 -0.186 0.084 0.066 0.97 6344.4 4.0176 16.76301 2.433008 18.079645 15.646637 "" "" 1692.46692 2061.71997 3713.15078 2.2571 800.86 8.8467 4370.2 8.6197 "" "" 0.0028332607592383885 0.012313858 0.0043439255 0.016657783 75.92250048684 44.52115007776 1872.39075 0.038000000000000006 -0.18600000000000003 -0.6100000019073486 0.7494166388511658 0.14584523 0.12784523 "" "" 8.575992491158042 "" 1.1603809033424768 ""
75.34030263848 44.4133628277 0.0553 0.0367 8.9565 "" "" 205763568097805568 2185.63037 0.4309 0.0607 3.061 -3.707 0.078 0.06 0.993 7484.3 4.164 16.77424 1.735058 17.602991 15.867933 "" "" 1958.94934 2551.00317 3674.9414 2.1005 1242.3 12.02 3564.4 7.9003 "" "" 0.0028243418390404775 0.010869372 0.0044804965 0.015349869 75.34030263848 44.4133628277 2185.63037 3.061 -3.7070000000000007 2.4129999980926513 -2.771583361148834 0.13984524 0.12184523 "" "" 38.07064068862474 "" 4.945849076745947 ""
75.26993394589 44.76802496024 0.0632 0.0404 19.1213 "" "" 205831948272445440 2102.55542 0.4752 0.0669 -1.423 -2.053 0.092 0.064 0.995 7460.1 4.2716 16.781496 1.865851 17.691967 15.826116 "" "" 1807.79333 2470.94971 3650.46327 2.2062 1144.5 9.1337 3704.4 10.083 "" "" 0.0028323767372926217 0.009102894 0.004797636 0.01390053 75.26993394589 44.76802496024 2102.55542 -1.4229999999999998 -2.053 -2.0710000019073487 -1.1175833611488342 0.15384524 0.12584524 "" "" 23.45327985969859 "" 3.4709393353552715 ""
75.3927355476 44.47242313192 0.0554 0.0376 5.321 "" "" 205765183005050112 1818.40405 0.5417 0.0621 -0.464 -3.928 0.088 0.064 1.024 7454.5 4.3518 16.786207 1.613605 17.537434 15.923829 "" "" 1632.54968 2020.92981 3634.66366 2.0253 1319.6 9.4817 3385.5 11.573 "" "" 0.0028209580646317476 0.008285268 0.0052970587 0.0135823265 75.3927355476 44.47242313192 1818.40405 -0.4640000000000001 -3.928 -1.1120000019073486 -2.992583361148834 0.14984524 0.12584524 "" "" 27.51696631525053 "" 3.5495576454427424 ""
75.55209890601 44.76390239085 0.071 0.0459 15.9607 "" "" 205789544057083904 1840.00085 0.5479 0.0732 0.644 0.369 0.09 0.07 1.065 7264.7 4.3747 16.798721 1.958737 17.769133 15.810395 "" "" 1609.08142 2126.12085 3593.00698 2.4035 1066.0 9.2603 3758.4 11.891 "" "" 0.00284943631823681 0.009835796 0.005107216 0.014943013 75.55209890601 44.76390239085 1840.00085 0.644 0.369 -0.004000001907348616 1.3044166388511658 0.15184525 0.13184524 "" "" 11.376658902507014 "" 1.4999605777553553 ""
75.4958952287 44.36499273301 0.0634 0.0443 8.0964 "" "" 205760961053388032 2403.12988 0.3872 0.0761 -0.682 -3.767 0.091 0.071 1.06 6381.6 3.8368 16.802988 2.636531 18.268908 15.632377 "" "" 2009.78296 2897.78223 3578.91356 2.2845 672.75 10.15 4428.0 12.929 "" "" 0.0028411453585663327 0.016616784 0.0049329163 0.0215497 75.4958952287 44.36499273301 2403.12988 -0.6820000000000002 -3.7669999999999995 -1.3300000019073486 -2.831583361148834 0.15284523 0.13284524 "" "" 35.63486767306843 "" 4.870465775550207 ""
75.95841830583 44.58870748393 0.0607 0.0408 19.8629 "" "" 205604796042153600 2016.52478 0.4932 0.0643 2.215 -2.33 0.086 0.069 1.005 5073.7 4.2676 16.807096 1.927342 17.763817 15.836474 "" "" 1756.64697 2401.64453 3565.40004 2.2877 1071.2 10.443 3669.2 10.362 "" "" 0.0028420259764842175 0.010946286 0.004866738 0.015813023 75.95841830583 44.58870748393 2016.52478 2.215 -2.33 1.5669999980926512 -1.3945833611488343 0.14784524 0.13084523 "" "" 20.050518213800064 "" 2.818808617674644 ""
75.41350337896 44.48096384499 0.0569 0.0388 4.3232 "" "" 205765290380410496 2252.29053 0.4315 0.0652 0.655 -0.821 0.091 0.069 1.019 9281.2 4.3496 16.81321 1.571667 17.53892 15.967253 "" "" 1950.29407 2742.76221 3545.37952 2.0833 1317.8 9.0005 3252.8 12.053 "" "" 0.0028282184801124953 0.007923064 0.0055198874 0.013442951 75.41350337896 44.48096384499 2252.29053 0.6549999999999995 -0.821 0.006999998092651394 0.11441663885116582 0.15284523 0.13084523 "" "" 1.2237795692820213 "" 0.16023452417388676 ""
75.34162471555 44.67535675002 0.0563 0.0386 12.798 "" "" 205782878270552448 2459.28345 0.4194 0.0645 0.151 -1.506 0.084 0.064 0.96 8305.0 4.4549 16.8143 1.75944 17.662012 15.902572 "" "" 2128.11133 2819.81274 3541.81953 2.0779 1176.6 8.8413 3452.5 9.9368 "" "" 0.0028279898796858215 0.008622446 0.004903955 0.013526401 75.34162471555 44.67535675002 2459.28345 0.1509999999999999 -1.5060000000000002 -0.4970000019073486 -0.5705833611488342 0.14584523 0.12584524 "" "" 8.820696561458082 "" 1.1893613769049691 ""
75.10726217069 44.52195940469 0.0558 0.0404 17.332 "" "" 205405200323294464 2495.6272 0.3751 0.0643 -0.312 -3.179 0.078 0.065 1.034 7448.8 4.2668 16.8191 1.870971 17.733784 15.862813 "" "" 2211.25659 2845.04028 3526.20215 2.1068 1101.3 11.247 3581.2 9.4697 "" "" 0.002830652642650625 0.0114337215 0.0047461903 0.016179912 75.10726217069 44.52195940469 2495.6272 -0.3120000000000004 -3.1790000000000025 -0.9600000019073487 -2.243583361148834 0.13984524 0.12684524 "" "" 28.86746483021205 "" 3.722251401489766 ""
75.48301242914 44.36861480465 0.0611 0.0414 7.9446 "" "" 205761029772866176 1884.30505 0.5434 0.0722 2.933 -1.365 0.088 0.069 0.963 5634.6 4.547 16.823524 1.81215 17.709652 15.897502 "" "" 1649.34229 2172.76367 3511.85589 2.3158 1126.0 9.5875 3468.6 8.5485 "" "" 0.002846820665466713 0.0096565485 0.0046307496 0.014287299 75.48301242914 44.36861480465 1884.30505 2.933 -1.365000000000001 2.284999998092651 -0.4295833611488342 0.14984524 0.13084523 "" "" 20.766256274224098 "" 3.099083534448589 ""
75.83211634333 44.72832807634 0.0635 0.0438 19.4034 "" "" 205798069570699776 2340.60254 0.4133 0.0737 1.426 -2.967 0.089 0.073 1.017 5131.6 3.7096 16.834236 2.426369 18.146185 15.719816 "" "" 1974.90356 2929.1084 3477.38299 2.386 753.26 7.6527 4085.4 9.9799 "" "" 0.002854256197709257 0.011377889 0.0046171644 0.015995054 75.83211634333 44.72832807634 2340.60254 1.4260000000000002 -2.967 0.7779999980926513 -2.0315833611488343 0.15084523 0.13484523 "" "" 24.135516620659295 "" 3.306464955325153 ""
75.47951519396 44.59992350698 0.0583 0.0386 6.1753 "" "" 205778720742114304 1949.57336 0.5097 0.0679 2.743 -2.641 0.091 0.066 0.925 5967.9 4.3022 16.834955 1.970657 17.825678 15.855021 "" "" 1722.57703 2262.25391 3475.0785 2.126 1011.9 7.8311 3607.0 9.1208 "" "" 0.0028342547373847414 0.008853664 0.00467131 0.013524974 75.47951519396 44.59992350698 1949.57336 2.743 -2.641 2.0949999980926512 -1.7055833611488342 0.15284523 0.12784523 "" "" 24.96439416417184 "" 3.5799819448742083 ""
75.50978937062 44.50214569198 0.0847 0.0563 0.1688 "" "" 205765530895988864 2001.03882 0.496 0.0952 1.914 -4.808 0.139 0.104 1.022 "" "" 16.83559 "" "" "" "" "" 1674.30273 2632.03442 3473.04644 3.0691 "" "" "" "" "" "" 0.0029175921273896766 "" "" "" 75.50978937062 44.50214569198 2001.03882 1.9139999999999997 -4.808 1.2659999980926513 -3.872583361148834 0.20084524 0.16584525 "" "" 38.644120208060485 "" 6.551726199142059 ""
75.66646975563 44.78251061436 0.0612 0.042 18.2302 "" "" 205787997868877184 1946.01147 0.4971 0.0697 3.053 -8.005 0.083 0.07 0.986 6081.5 4.4728 16.836283 1.761404 17.682743 15.921339 "" "" 1774.72363 2218.84058 3470.83463 1.8984 1154.3 8.4373 3393.3 8.6108 "" "" 0.002818589968026645 0.00841233 0.004677028 0.013089359 75.66646975563 44.78251061436 1946.01147 3.052999999999999 -8.004999999999999 2.4049999980926513 -7.069583361148835 0.14484523 0.13184524 "" "" 68.88060207357144 "" 9.17852120924338 ""
75.43893539716 44.4216127188 0.0664 0.0421 5.6026 "" "" 205761953189594880 2501.93115 0.4086 0.0746 0.017 -0.122 0.1 0.072 1.013 7349.8 4.1781 16.842337 1.968631 17.83458 15.865949 "" "" 2114.42358 3014.98779 3451.53103 2.382 1003.7 10.071 3570.9 7.352 "" "" 0.00285538721738557 0.011245771 0.004390976 0.015636748 75.43893539716 44.4216127188 2501.93115 0.017000000000000015 -0.122 -0.6310000019073486 0.8134166388511658 0.16184524 0.13384524 "" "" 12.208638012468613 "" 1.7702535770870156 ""
75.48487351312 44.4986989658 0.0586 0.042 1.1238 "" "" 205765560962197760 2458.59839 0.4122 0.0696 0.7 -0.945 0.092 0.074 1.03 8950.2 4.3859 16.85304 1.557781 17.577784 16.020002 "" "" 2034.59009 3105.25732 3417.67256 2.0804 1271.5 8.8675 3098.5 7.2181 "" "" 0.0028334763348774753 0.0080696875 0.0045476314 0.012617319 75.48487351312 44.4986989658 2458.59839 0.7000000000000001 -0.9450000000000005 0.05199999809265132 -0.00958336114883418 0.15384524 0.13584524 "" "" 0.6162006316371689 "" 0.09445587392426481 ""
75.55715621124 44.80358586007 0.0643 0.0442 18.351 "" "" 205789926312728064 1741.04553 0.5649 0.068 2.154 -1.571 0.088 0.069 0.982 7491.9 4.1408 16.85612 1.840797 17.754652 15.913855 "" "" 1567.35718 1932.36987 3407.99756 2.0517 1080.3 11.692 3416.8 9.0237 "" "" 0.002831790115800528 0.012077548 0.0047440226 0.01682157 75.55715621124 44.80358586007 1741.04553 2.154 -1.5710000000000017 1.5059999980926513 -0.6355833611488342 0.14984524 0.13084523 "" "" 13.489842406497164 "" 1.9847638466948185 ""
75.28009180136 44.59771825998 0.0605 0.0405 11.5026 "" "" 205780958421100032 1726.29114 0.575 0.071 1.784 -1.336 0.092 0.068 1.034 8211.6 4.4611 16.860573 1.688421 17.658497 15.970076 "" "" 1549.71301 1931.90771 3394.04601 2.1344 1180.4 8.8922 3244.4 10.036 "" "" 0.002838658370249796 0.008641896 0.005056038 0.013697933 75.28009180136 44.59771825998 1726.29114 1.7839999999999996 -1.3359999999999994 1.1359999980926514 -0.4005833611488343 0.15384524 0.12984523 "" "" 9.856450744098527 "" 1.4920522116738757 ""
75.22990513087 44.3686844359 0.0549 0.0386 14.3788 "" "" 205762983981715328 2052.07275 0.4753 0.0644 -0.133 -4.016 0.081 0.065 0.91 5389.9 4.341 16.861586 1.721445 17.677662 15.956217 "" "" 1797.90381 2376.38916 3390.87802 2.1063 1159.7 10.989 3286.0 9.1075 "" "" 0.0028366592715009923 0.0106597785 0.0048310673 0.015490846 75.22990513087 44.3686844359 2052.07275 -0.13299999999999956 -4.016 -0.7810000019073486 -3.0805833611488342 0.14284524 0.12684524 "" "" 30.912263811637395 "" 3.952699741733411 ""
75.36592437754 44.31876816172 0.0576 0.0399 12.5023 "" "" 205759174344503680 1774.29382 0.5544 0.0676 2.282 -5.252 0.082 0.065 0.956 6114.8 4.5104 16.861818 1.629438 17.170298 15.540859 "" "" 1577.21936 2029.75037 3390.15576 5.9125 1850.5 53.103 4817.4 70.332 "" "" 0.003343247653673753 0.031281587 0.016295616 0.047577202 75.36592437754 44.31876816172 1774.29382 2.282 -5.251999999999997 1.6339999980926514 -4.316583361148834 0.14384523 0.12684524 "" "" 38.8170667948202 "" 5.0112315577485305 ""
75.52870932876 44.76414032464 0.0691 0.0432 15.8965 "" "" 205789239117969536 1957.17322 0.5093 0.076 1.53 -2.535 0.092 0.071 1.057 7199.6 4.3394 16.862772 1.918579 17.81489 15.896311 "" "" 1708.84399 2264.83716 3387.17567 5.2474 1022.0 10.016 3472.4 15.432 "" "" 0.0032281535515207324 0.011000375 0.0061291466 0.017129522 75.52870932876 44.76414032464 1957.17322 1.53 -2.535 0.8819999980926514 -1.5995833611488344 0.15384524 0.13284524 "" "" 16.94568341597464 "" 2.3389667544505857 ""
75.32535518721 44.39657683591 0.057 0.0384 10.0716 "" "" 205763361939371136 2216.58447 0.4542 0.0637 1.316 -4.534 0.084 0.063 1.012 7170.4 4.3467 16.873026 1.79387 17.746096 15.952226 "" "" 1985.23779 2518.86426 3355.33867 2.2659 1088.9 7.4209 3298.1 7.3247 "" "" 0.002851207997699583 0.007907923 0.004483087 0.01239101 75.32535518721 44.39657683591 2216.58447 1.316 -4.534 0.6679999980926514 -3.598583361148834 0.14584523 0.12484524 "" "" 38.454805758411425 "" 4.829973319010546 ""
75.27395763224 44.66003964904 0.0581 0.0405 13.9824 "" "" 205782092292447616 2479.63306 0.3714 0.0649 0.598 -1.082 0.083 0.063 0.985 9231.1 4.4903 16.873669 1.503737 17.569702 16.065966 "" "" 2178.76147 2903.3064 3353.35372 1.9109 1281.0 7.6618 2970.1 7.4132 "" "" 0.0028239305951550196 0.007067946 0.004650535 0.011718481 75.27395763224 44.66003964904 2479.63306 0.598 -1.082 -0.05000000190734866 -0.1465833611488343 0.14484523 0.12484524 "" "" 1.8203330242172078 "" 0.23132200264556996 ""
75.71308713525 44.38977720791 0.0627 0.0424 10.8716 "" "" 205578579561862400 1836.25854 0.5334 0.0675 1.114 -2.9 0.091 0.069 0.995 7652.8 4.19 16.87392 1.945431 17.844418 15.898987 "" "" 1620.1875 2073.88794 3352.5731 2.2594 994.6 11.454 3463.9 9.5075 "" "" 0.002850822566395436 0.012811073 0.004812951 0.017624024 75.71308713525 44.38977720791 1836.25854 1.1139999999999999 -2.8999999999999995 0.46599999809265147 -1.9645833611488341 0.15284523 0.13084523 "" "" 17.573929464533865 "" 2.3216833559870547 ""
75.70462021981 44.57646457451 0.0685 0.0454 9.4772 "" "" 205770371325657088 2028.72461 0.4559 0.079 -0.634 1.032 0.101 0.075 0.941 7247.0 4.1508 16.882761 2.19596 18.021957 15.825997 "" "" 1747.06274 2353.19287 3325.39033 2.1124 844.57 10.73 3704.8 10.378 "" "" 0.0028403292458400527 0.014073301 0.0048511676 0.01892447 75.70462021981 44.57646457451 2028.72461 -0.6340000000000005 1.032 -1.2820000019073485 1.9674166388511658 0.16284524 0.13684523 "" "" 22.58108227936385 "" 3.276126027114078 ""
75.43058058306 44.38235807493 0.0606 0.0397 7.8292 "" "" 205761643951926400 2120.71582 0.4724 0.0715 -0.969 -1.327 0.087 0.068 1.015 7212.0 4.3428 16.88779 1.627239 17.655437 16.028198 "" "" 1810.34045 2451.02832 3310.01706 1.8935 1183.7 8.2385 3075.2 11.044 "" "" 0.0028244558423487064 0.008055333 0.00543025 0.013485583 75.43058058306 44.38235807493 2120.71582 -0.9690000000000001 -1.3269999999999984 -1.6170000019073485 -0.3915833611488342 0.14884523 0.12984523 "" "" 16.724222712596486 "" 2.472786642625015 ""
