Clusters/Berkeley_15/Berkeley_15_stars_in_region.tsv
# %ECSV 1.0
# ---
# datatype:
# - name: RA_ICRS_1
#   unit: deg
#   datatype: float64
#   format: '{:15.11f}'
#   description: Right ascension (ICRS) at Ep=2016.0 (ra)
#   meta: !!omap
#   - {ucd: POS_EQ_RA_MAIN}
#   - {width: 15}
#   - {precision: '11'}
# - name: DE_ICRS_1
#   unit: deg
#   datatype: float64
#   format: '{:15.11f}'
#   description: Declination (ICRS) at Ep=2016.0 (dec)
#   meta: !!omap
#   - {ucd: POS_EQ_DEC_MAIN}
#   - {width: 15}
#   - {precision: '11'}
# - name: e_RA_ICRS
#   unit: mas
#   datatype: float64
#   format: '{:7.4f}'
#   description: Standard error of right ascension (ra_error)
#   meta: !!omap
#   - {ucd: ERROR}
#   - {width: 7}
#   - {precision: '4'}
# - name: e_DE_ICRS
#   unit: mas
#   datatype: float64
#   format: '{:7.4f}'
#   description: Standard error of declination (dec_error)
#   meta: !!omap
#   - {ucd: ERROR}
#   - {width: 7}
#   - {precision: '4'}
# - name: _r_1
#   unit: ''
#   datatype: float64
#   format: '{:7.4f}'
#   description: Distance from center (075.51111013000+44.49949528000)[ICRS], at Epoch=J2016.0
#   meta: !!omap
#   - {ucd: POS_ANG_DIST_GENERAL}
#   - {width: 7}
#   - {precision: '4'}
# - name: HIP
#   datatype: int32
#   description: '? HIP cross-id number, van Leeuwen, Cat. I/311 (hip_original_ext_source_id)'
#   meta: !!omap
#   - {ucd: ID_NUMBER}
#   - {width: 6}
#   - values: {'null': -2147483648}
# - name: TYC2
#   datatype: string
#   description: Tycho-2 cross-id name, Hog et al., Cat. I/259 (tyc2_original_ext_source_id)
#   meta: !!omap
#   - {ucd: ID_CROSSID}
#   - {_votable_string_dtype: char}
# - name: Source
#   datatype: int64
#   description: Source identifier, identical to the Gaia-EDR3 source_id (id)
#   meta: !!omap
#   - {ucd: ID_MAIN}
#   - {width: 19}
# - name: rgeo
#   unit: pc
#   datatype: float64
#   format: '{:15.8f}'
#   description: '? Median of the geometric distance posterior (r_med_geo)'
#   meta: !!omap
#   - {ucd: PHYS_DISTANCE_TRUE}
#   - {width: 15}
#   - {precision: '8'}
#   - values: {'null': .nan}
# - name: Plx
#   unit: mas
#   datatype: float64
#   format: '{:9.4f}'
#   description: '? Parallax (parallax)'
#   meta: !!omap
#   - {ucd: POS_PARLX_TRIG}
#   - {width: 9}
#   - {precision: '4'}
#   - values: {'null': .nan}
# - name: e_Plx
#   unit: mas
#   datatype: float32
#   format: '{:7.4f}'
#   description: '? Standard error of parallax (parallax_error)'
#   meta: !!omap
#   - {ucd: ERROR}
#   - {width: 7}
#   - {precision: '4'}
#   - values: {'null': .nan}
# - name: pmRA
#   unit: mas / yr
#   datatype: float64
#   format: '{:9.3f}'
#   description: '? Proper motion in right ascension direction, pmRA*cosDE (pmra)'
#   meta: !!omap
#   - {ucd: POS_EQ_PMRA}
#   - {width: 9}
#   - {precision: '3'}
#   - values: {'null': .nan}
# - name: pmDE
#   unit: mas / yr
#   datatype: float64
#   format: '{:9.3f}'
#   description: '? Proper motion in declination direction (pmdec)'
#   meta: !!omap
#   - {ucd: POS_EQ_PMDEC}
#   - {width: 9}
#   - {precision: '3'}
#   - values: {'null': .nan}
# - name: e_pmRA
#   unit: mas / yr
#   datatype: float32
#   format: '{:6.3f}'
#   description: '? Standard error of proper motion in right ascension direction (pmra_error)'
#   meta: !!omap
#   - {ucd: ERROR}
#   - {width: 6}
#   - {precision: '3'}
#   - values: {'null': .nan}
# - name: e_pmDE
[...]
#         value: !astropy.table.SerializedColumn {name: SkyCoord.dec}
#       distance: !astropy.table.SerializedColumn
#         __class__: astropy.coordinates.distances.Distance
#         unit: !astropy.units.Unit {unit: pc}
#         value: !astropy.table.SerializedColumn {name: SkyCoord.distance}
#       frame: icrs
#       obstime: !astropy.time.Time {format: jyear_str, in_subfmt: '*', jd1: 367701545.0, jd2: 0.0, out_subfmt: '*', precision: 3, scale: tt}
#       pm_dec: !astropy.table.SerializedColumn
#         __class__: astropy.units.quantity.Quantity
#         unit: !astropy.units.Unit {unit: mas / yr}
#         value: !astropy.table.SerializedColumn {name: SkyCoord.pm_dec}
#       pm_ra_cosdec: !astropy.table.SerializedColumn
#         __class__: astropy.units.quantity.Quantity
#         unit: !astropy.units.Unit {unit: mas / yr}
#         value: !astropy.table.SerializedColumn {name: SkyCoord.pm_ra_cosdec}
#       ra: !astropy.table.SerializedColumn
#         __class__: astropy.coordinates.angles.Longitude
#         unit: *id001
#         value: !astropy.table.SerializedColumn {name: SkyCoord.ra}
#         wrap_angle: !astropy.coordinates.Angle
#           unit: *id001
#           value: 360.0
#       representation_type: spherical
# schema: astropy-2.0
RA_ICRS_1 DE_ICRS_1 e_RA_ICRS e_DE_ICRS _r_1 HIP TYC2 Source rgeo Plx e_Plx pmRA pmDE e_pmRA e_pmDE RUWE Teff logg Gmag BP-RP BPmag RPmag RV e_RV b_rgeo B_rgeo FG e_FG FBP e_FBP FRP e_FRP RAVE5 RAVE6 e_Gmag e_BPmag e_RPmag e_BP-RP SkyCoord.ra SkyCoord.dec SkyCoord.distance SkyCoord.pm_ra_cosdec SkyCoord.pm_dec rmRA rmDE e_rmRA e_rmDE rRV e_rRV v_pec v_pec3d e_vpec e_vpec3d
75.29245445636 44.31054159443 0.0364 0.0241 14.7098 "" "" 205759552304141824 1837.64929 0.5049 0.044 -1.589 -0.876 0.052 0.041 0.976 3788.4 0.7002 10.057285 3.95796 12.623348 8.665388 18.27 0.57 1704.63928 1997.65442 1786621.15701 2218.6 121920.0 997.98 2710200.0 7685.1 "" "" 0.003067502438025253 0.009315022 0.0048746634 0.014189686 75.29245445636 44.31054159443 1837.64929 -1.589 -0.8759999999999999 -2.2370000019073486 0.05941663885116577 0.11384524 0.10284524 32.6 6.76 19.492165767788652 37.98295046884789 2.2189463637777425 5.912661624764378
75.22465640228 44.40933591757 0.0351 0.0238 13.4081 "" "" 205764019070122368 1766.74719 0.5192 0.0404 6.953 -3.109 0.05 0.041 1.041 "" "" 10.934469 3.78263 13.338971 9.556341 2.61 0.3 1637.96191 1875.67834 796450.94999 2004.9 63071.0 982.43 1192900.0 6282.7 "" "" 0.0038809419015584075 0.017140666 0.006854388 0.023995053 75.22465640228 44.40933591757 1766.74719 6.952999999999996 -3.1090000000000004 6.304999998092652 -2.173583361148834 0.11184524 0.10284524 16.94 6.4900002 55.84996230581485 58.36250414059475 6.195096486579874 6.220480842736375
75.52867989581 44.57050991111 0.0317 0.0217 4.3266 "" "" 205772540285162112 2397.01855 0.4023 0.0419 -0.691 -3.269 0.05 0.043 0.967 "" "" 11.54495 3.590163 13.789348 10.199184 45.78 0.28 2171.88159 2633.54907 453907.21477 663.6 41656.0 302.23 659910.0 2015.2 "" "" 0.003179837062282707 0.008356967 0.0050275945 0.013384562 75.52867989581 44.57050991111 2397.01855 -0.6910000000000001 -3.269000000000001 -1.3390000019073485 -2.3335833611488344 0.11184524 0.10484524 60.11 6.4700003 30.56856101478999 67.43625895996114 3.259278232131967 5.953336337874176
75.49293734276 44.51089186706 0.0121 0.0086 1.0355 "" "" 205765767120338048 2419.30688 0.3935 0.0137 0.546 -0.852 0.019 0.016 0.928 6598.7 2.625 12.675434 1.125157 13.145034 12.019877 -14.33 6.19 2335.58276 2524.36694 160240.82816 23.509 75406.0 50.474 123370.0 36.809 "" "" 0.0027599207112857013 0.0028832648 0.0037932396 0.0066765044 75.49293734276 44.51089186706 2419.30688 0.546 -0.852 -0.10200000190734859 0.08341663885116579 0.08084524 0.07784524 0.0 12.38 1.511031022358048 1.511031022358048 0.12036342723009352 0.12036342723009352
75.27769609294 44.36464265578 0.0125 0.0084 12.8638 "" "" 205762846542578688 2064.42065 0.4679 0.0144 2.288 -1.403 0.019 0.015 0.957 4819.3 2.2721 12.767268 2.288268 13.979554 11.691286 19.17 0.29 2007.83081 2119.19312 147244.59386 29.207 34962.0 30.2 166970.0 58.827 "" "" 0.0027637240811924403 0.0029435724 0.003798691 0.006742263 75.27769609294 44.36464265578 2064.42065 2.287999999999998 -1.4030000000000005 1.6399999980926512 -0.46758336114883425 0.08084524 0.076845236 33.5 6.48 16.687497913975115 37.42622859211069 1.344201844221924 5.831094217922618
75.51762432306 44.51245923223 0.0152 0.0105 0.8263 "" "" 205765599618030720 2505.84521 0.3721 0.0185 0.603 -0.856 0.022 0.017 0.979 "" "" 12.919208 1.134299 13.393842 12.259542 "" "" 2416.91504 2604.94897 128015.79728 25.393 59963.0 43.666 98933.0 28.52 "" "" 0.002763724190820158 0.0029000302 0.00379232 0.00669235 75.51762432306 44.51245923223 2505.84521 0.6030000000000001 -0.8560000000000003 -0.04500000190734865 0.07941663885116579 0.083845235 0.07884523 "" "" 1.0841947078055965 "" 0.08683222842277805 ""
75.68318954358 44.69452614562 0.0392 0.0264 13.8197 "" "" 205775014187426176 1865.83533 0.5195 0.044 3.165 1.5 0.059 0.045 1.033 "" "" 12.926434 2.458256 14.252856 11.7946 6.83 1.06 1730.7644 2032.3717 127166.61592 57.59 27182.0 43.985 151820.0 60.637 "" "" 0.002798849073469523 0.003297234 0.0038041784 0.0071014124 75.68318954358 44.69452614562 1865.83533 3.1650000000000005 1.4999999999999996 2.5169999980926514 2.4354166388511658 0.120845236 0.10684524 21.16 7.25 30.975102358847728 37.512698731777405 3.540148701311248 5.02686813965751
75.575589145 44.80878812366 0.0131 0.0085 18.7605 "" "" 205789956373746304 2353.67236 0.3801 0.0142 0.089 -1.077 0.018 0.014 1.084 5122.5 2.1621 13.077276 2.344805 14.328449 11.983645 -12.97 0.33 2272.62378 2449.8501 110671.58734 30.923 25353.0 28.354 127560.0 39.096 "" "" 0.0027719706981623737 0.0030429359 0.0037940033 0.006836939 75.575589145 44.80878812366 2353.67236 0.08900000000000002 -1.077 -0.5590000019073487 -0.14158336114883419 0.079845235 0.075845234 1.3599999999999994 6.52 6.433357835024877 6.575537471072305 0.5121582921467577 1.4386012433675555
75.46205148819 44.6392684593 0.0136 0.0087 8.6446 "" "" 205779820253327360 2262.1936 0.4018 0.0155 0.654 -2.293 0.02 0.015 1.017 "" "" 13.275588 1.218343 13.794919 12.576576 "" "" 2202.0022 2337.53174 92195.8992 16.516 41443.0 30.785 73880.0 30.48 "" "" 0.002762176551132653 0.0029043956 0.0038058339 0.0067102294 75.46205148819 44.6392684593 2262.1936 0.654 -2.293 0.005999998092651393 -1.3575833611488344 0.08184524 0.076845236 "" "" 14.557233864839375 "" 1.1186555415930177 ""
75.91225361485 44.43182079204 0.017 0.0114 17.6504 "" "" 205576689775955840 1780.98108 0.521 0.0182 -2.086 1.546 0.026 0.019 1.366 4979.0 2.6547 13.283852 2.183116 14.420897 12.237781 -0.87 1.58 1725.27234 1840.53845 91496.81283 19.388 23284.0 20.073 100940.0 40.462 "" "" 0.0027649085885838947 0.0029429845 0.0038043584 0.0067473426 75.91225361485 44.43182079204 1780.98108 -2.0860000000000003 1.5460000000000003 -2.7340000019073485 2.481416638851166 0.087845236 0.08084524 13.46 7.77 31.16882107264393 33.95095001702445 2.641715816350691 3.920581025124033
75.45112357306 44.61323868255 0.0141 0.009 7.2906 "" "" 205778965556238080 1982.45642 0.4597 0.0162 0.483 1.593 0.021 0.015 1.027 5882.4 2.6298 13.438483 2.123256 14.531656 12.408401 -0.63 1.04 1925.96497 2051.42456 79351.1793 15.666 21026.0 19.896 86258.0 40.471 "" "" 0.002763645510507267 0.0029733095 0.0038135585 0.006786868 75.45112357306 44.61323868255 1982.45642 0.483 1.593 -0.16500000190734865 2.5284166388511657 0.08284523 0.076845236 13.7 7.23 23.809672301427106 27.469810612768068 1.8302892322448872 3.9393664111065902
75.92165370845 44.34405763687 0.0139 0.0093 19.9119 "" "" 205564320270420608 2346.85449 0.3735 0.0154 1.887 -2.625 0.021 0.015 1.009 "" "" 13.456458 2.568081 14.873029 12.304948 28.8 0.61 2262.34888 2434.12354 78048.28822 26.388 15353.0 22.081 94881.0 50.223 "" "" 0.0027796656763193774 0.003197408 0.0038228284 0.0070202365 75.92165370845 44.34405763687 2346.85449 1.8869999999999998 -2.625 1.2389999980926514 -1.6895833611488342 0.08284523 0.076845236 43.13 6.8 23.30706093346622 49.02464675401861 1.8411476845658359 6.046075016435043
75.50418289352 44.52258916615 0.0145 0.0098 1.417 "" "" 205765805776460288 2343.54175 0.3883 0.0172 0.677 -0.946 0.021 0.017 1.005 6474.1 2.7165 13.493159 1.103047 13.951797 12.84875 "" "" 2260.83569 2428.90332 75454.1069 13.809 35867.0 34.378 57499.0 24.658 "" "" 0.0027624757274189973 0.0029779233 0.0038079547 0.006785878 75.50418289352 44.52258916615 2343.54175 0.6770000000000005 -0.946 0.028999998092651413 -0.01058336114883418 0.08284523 0.07884523 "" "" 0.342925024324847 "" 0.028251940872196388 ""
75.45987256041 44.82772379955 0.0154 0.0097 19.8147 "" "" 205837475891908608 1849.60596 0.5024 0.0157 1.728 -2.277 0.022 0.017 0.939 "" "" 13.569921 1.17973 14.068156 12.888427 "" "" 1805.03723 1912.26501 70303.67242 10.273 32222.0 20.753 55435.0 29.551 "" "" 0.002759883989052355 0.0028764638 0.0038234424 0.006699906 75.45987256041 44.82772379955 1849.60596 1.7280000000000009 -2.2769999999999992 1.0799999980926513 -1.3415833611488344 0.083845235 0.07884523 "" "" 15.099450200728965 "" 1.2207641807972291 ""
75.29650872653 44.57756613865 0.0152 0.0102 10.3041 "" "" 205777969123864192 1915.42603 0.4796 0.0169 1.546 -0.957 0.021 0.016 1.042 5887.0 2.6241 13.724593 2.211567 14.878987 12.66742 -10.44 1.36 1855.70312 1987.74072 60969.04675 12.123 15269.0 17.514 67950.0 33.933 "" "" 0.0027637648742740027 0.0030554868 0.003818076 0.006873563 75.29650872653 44.57756613865 1915.42603 1.5460000000000003 -0.9570000000000003 0.8979999980926514 -0.02158336114883419 0.08284523 0.07784524 3.8900000000000006 7.55 8.155403764607863 9.03563559268412 0.6756134958929361 3.3071140186778782
75.68790820464 44.4566449752 0.0159 0.0102 7.9937 "" "" 205579953951108608 1886.99377 0.4914 0.0182 0.581 -2.377 0.023 0.017 1.089 10148.0 3.7937 13.836497 1.34977 14.430897 13.081127 "" "" 1818.0929 1955.41431 54998.09629 9.7395 23071.0 18.533 46420.0 19.112 "" "" 0.002762020540010667 0.0029233093 0.0038057263 0.0067290356 75.68790820464 44.4566449752 1886.99377 0.581 -2.377 -0.06700000190734867 -1.441583361148834 0.08484524 0.07884523 "" "" 12.907945374746461 "" 1.017903226810461 ""
75.59597894682 44.31555312524 0.0237 0.0159 11.6206 "" "" 205577888070527104 2203.14331 0.3894 0.0271 -1.302 -2.003 0.034 0.026 1.108 "" "" 13.876667 3.585622 16.109198 12.523576 -62.23 0.73 2081.18774 2323.89941 53000.48282 16.736 4917.4 14.823 77576.0 50.257 "" "" 0.0027765682420021072 0.00430076 0.0038442786 0.008145039 75.59597894682 44.31555312524 2203.14331 -1.302 -2.0029999999999992 -1.9500000019073487 -1.0675833611488343 0.09584524 0.087845236 -47.9 6.92 23.215751814035137 53.22951373336859 2.183690563060222 6.299558158973582
75.93990613724 44.51618202206 0.0188 0.012 18.3751 "" "" 205601463147312512 1797.69971 0.5165 0.0185 1.606 -1.465 0.025 0.019 0.984 9279.0 3.6884 14.072234 1.463717 14.732862 13.269146 "" "" 1736.2561 1847.12183 44264.24372 11.004 17469.0 27.436 39039.0 24.376 "" "" 0.0027685089426252004 0.0032699814 0.0038397035 0.007109685 75.93990613724 44.51618202206 1797.69971 1.606 -1.465 0.9579999980926515 -0.5295833611488343 0.086845234 0.08084524 "" "" 9.3274779530125 "" 0.797299963004708 ""
75.37337107891 44.41924357506 0.0162 0.011 7.6144 "" "" 205764878063565440 1798.05811 0.5099 0.0184 -1.216 -4.693 0.024 0.018 1.044 "" "" 14.111933 2.155122 15.227478 13.072356 -47.24 1.5 1733.65979 1854.70007 42675.02738 10.746 11077.0 14.77 46797.0 36.352 "" "" 0.002768851127042998 0.0031433937 0.0038723447 0.0070157386 75.37337107891 44.41924357506 1798.05811 -1.2159999999999997 -4.693 -1.8640000019073486 -3.757583361148834 0.08584523 0.079845235 -32.910000000000004 7.69 35.748965522444394 48.590705242102814 2.8980016141897282 5.627867769568473
75.35494742164 44.622810366 0.0172 0.0116 9.9656 "" "" 205779584031541632 1996.87012 0.4585 0.0203 1.958 -1.648 0.024 0.019 1.053 5128.2 2.8787 14.233949 2.273417 15.433237 13.15982 -38.93 1.83 1927.46399 2078.82568 38138.80954 10.075 9164.8 12.765 43175.0 21.263 "" "" 0.0027702080027237922 0.003173631 0.0038170198 0.0069906507 75.35494742164 44.622810366 1996.87012 1.958 -1.648 1.3099999980926513 -0.7125833611488341 0.08584523 0.08084524 -24.6 8.02 14.115080215784161 28.361866819693333 1.1959649030808834 6.98165979086288
75.28664808085 44.38428483954 0.0162 0.0113 11.8423 "" "" 205763430658325120 2397.06445 0.3756 0.0189 0.977 -1.705 0.024 0.019 1.056 6069.6 2.9736 14.238243 2.022432 15.261689 13.239257 9.27 1.57 2290.427 2515.20654 37988.25937 8.249 10733.0 21.66 40129.0 23.944 "" "" 0.0027653885317103773 0.003547669 0.0038345032 0.007382172 75.28664808085 44.38428483954 2397.06445 0.9770000000000002 -1.705 0.32899999809265135 -0.7695833611488343 0.08584523 0.08084524 23.6 7.76 9.509594151777755 25.443906557986054 0.7763427313841316 7.20348319531277
75.5686724367 44.44696902706 0.018 0.0122 4.0008 "" "" 205767317604960128 2085.65747 0.4385 0.0217 -0.881 -3.027 0.025 0.02 0.964 "" "" 14.246013 2.251102 15.428489 13.177386 0.13 2.15 1986.73364 2168.37183 37717.38586 11.3 9204.9 15.941 42482.0 23.889 "" "" 0.0027744546019989927 0.003364591 0.0038283798 0.0071929707 75.5686724367 44.44696902706 2085.65747 -0.8810000000000003 -3.027 -1.5290000019073486 -2.0915833611488344 0.086845234 0.08184524 14.46 8.34 25.61329672426634 29.413135995424103 2.141798384559717 4.504366466829592
75.97534182909 44.47639708748 0.0199 0.013 19.9192 "" "" 205600397995424128 2363.97021 0.385 0.0209 -0.211 -1.88 0.029 0.021 0.984 "" "" 14.287405 2.164564 15.410118 13.245554 -21.72 2.07 2255.95532 2460.53687 36306.54326 8.6332 9362.0 12.123 39897.0 19.799 "" "" 0.0027673891687473966 0.0031243728 0.003817595 0.0069419676 75.97534182909 44.47639708748 2363.97021 -0.2109999999999998 -1.880000000000001 -0.8590000019073486 -0.9445833611488341 0.090845235 0.08284523 -7.389999999999999 8.26 14.306386698091323 16.102322824838794 1.2383338702261604 3.94727551558034
75.46047112148 44.58334525119 0.0182 0.0118 5.4773 "" "" 205778690678336640 2273.58423 0.4017 0.0215 -1.009 -1.578 0.029 0.02 1.034 6042.0 3.0159 14.342963 1.997892 15.349246 13.351354 -31.54 2.54 2172.4541 2399.96558 34495.41922 7.736 9901.9 11.034 36192.0 29.78 "" "" 0.0027660578976167896 0.0030411894 0.0038835364 0.006924726 75.46047112148 44.58334525119 2273.58423 -1.0089999999999995 -1.5780000000000003 -1.6570000019073485 -0.6425833611488343 0.090845235 0.08184524 -17.21 8.73 19.152881395020763 25.749115824271183 1.718396372242603 5.973250725256207
75.08166171411 44.49681611889 0.019 0.0137 18.3795 "" "" 205405062884345984 1718.40735 0.533 0.0216 3.284 -2.883 0.026 0.022 1.107 "" "" 14.360008 2.190569 15.502731 13.312162 -61.31 2.17 1668.22351 1781.70557 33958.09217 8.0689 8596.6 9.4372 37523.0 18.526 "" "" 0.0027673716660924614 0.0030340864 0.0038172086 0.006851295 75.08166171411 44.49681611889 1718.40735 3.283999999999998 -2.8829999999999996 2.635999998092651 -1.9475833611488342 0.087845236 0.083845235 -46.980000000000004 8.360001 26.695526156593846 54.03491016720012 2.30793208611565 7.357391323090499
75.65940342157 44.6014485571 0.0215 0.0153 8.8105 "" "" 205772196687756160 2082.74438 0.4394 0.027 1.382 -3.251 0.035 0.03 1.016 "" "" 14.444529 1.56525 15.164251 13.599001 62.15 5.91 1958.70874 2189.19165 31414.882 6.6673 11741.0 17.434 28811.0 23.202 "" "" 0.0027649389420518894 0.0032224532 0.0038792056 0.0071016587 75.65940342157 44.6014485571 2082.74438 1.3819999999999997 -3.2510000000000003 0.7339999980926513 -2.315583361148834 0.09684524 0.09184524 76.48 12.1 23.980897294108903 80.15156788878555 2.213748387123694 11.564708427837394
75.23458562127 44.62171332553 0.0192 0.0132 13.9113 "" "" 205781886134036992 2041.16968 0.4509 0.0218 1.205 -3.233 0.027 0.021 0.995 "" "" 14.520068 2.319527 15.7532 13.433673 -4.05 2.53 1949.4502 2127.51758 29303.48779 8.8986 6825.5 11.883 33550.0 20.69 "" "" 0.0027749766403108674 0.003370169 0.0038382343 0.007208403 75.23458562127 44.62171332553 2041.16968 1.205 -3.2329999999999997 0.5569999980926514 -2.2975833611488343 0.08884524 0.08284523 10.280000000000001 8.72 22.87335541710164 25.077256389745926 1.9028260671754949 3.973687073418547
75.81450471843 44.62025014126 0.0254 0.0163 14.8569 "" "" 205770135104577280 1724.46606 0.5461 0.0266 0.712 -3.055 0.036 0.027 1.055 "" "" 14.556545 1.527713 15.253469 13.725757 "" "" 1648.65466 1801.28345 28335.3509 13.868 10815.0 20.832 25636.0 52.835 "" "" 0.0028060933222613495 0.003486952 0.004392139 0.007879091 75.81450471843 44.62025014126 1724.46606 0.712 -3.0550000000000006 0.06399999809265133 -2.1195833611488344 0.097845234 0.08884524 "" "" 17.333305065596296 "" 1.540130903050703 ""
75.53130173406 44.49972631814 0.0203 0.0151 0.8642 "" "" 205768451473742976 2129.37891 0.4376 0.0244 0.62 -1.16 0.032 0.026 1.027 7073.2 3.5063 14.562944 1.279497 15.084875 13.805378 "" "" 2011.83557 2244.01782 28168.83511 9.2995 12632.0 30.776 23824.0 58.879 "" "" 0.0027785369861208667 0.0038447783 0.0046350677 0.008479846 75.53130173406 44.49972631814 2129.37891 0.6200000000000001 -1.1600000000000001 -0.028000001907348637 -0.22458336114883415 0.09384523 0.087845236 "" "" 2.2843267510991097 "" 0.200884053454472 ""
