Clusters/NGC_6200/NGC_6200_members.tsv
# %ECSV 1.0
# ---
# datatype:
# - name: RA_ICRS_1
#   unit: deg
#   datatype: float64
#   format: '{:15.11f}'
#   description: Right ascension (ICRS) at Ep=2016.0 (ra)
#   meta: !!omap
#   - {ucd: POS_EQ_RA_MAIN}
#   - {width: 15}
#   - {precision: '11'}
# - name: DE_ICRS_1
#   unit: deg
#   datatype: float64
#   format: '{:15.11f}'
#   description: Declination (ICRS) at Ep=2016.0 (dec)
#   meta: !!omap
#   - {ucd: POS_EQ_DEC_MAIN}
#   - {width: 15}
#   - {precision: '11'}
# - name: e_RA_ICRS
#   unit: mas
#   datatype: float64
#   format: '{:7.4f}'
#   description: Standard error of right ascension (ra_error)
#   meta: !!omap
#   - {ucd: ERROR}
#   - {width: 7}
#   - {precision: '4'}
# - name: e_DE_ICRS
#   unit: mas
#   datatype: float64
#   format: '{:7.4f}'
#   description: Standard error of declination (dec_error)
#   meta: !!omap
#   - {ucd: ERROR}
#   - {width: 7}
#   - {precision: '4'}
# - name: _r_1
#   unit: ''
#   datatype: float64
#   format: '{:7.4f}'
#   description: Distance from center (251.03221092000-47.45819559000)[ICRS], at Epoch=J2016.0
#   meta: !!omap
#   - {ucd: POS_ANG_DIST_GENERAL}
#   - {width: 7}
#   - {precision: '4'}
# - name: HIP
#   datatype: int32
#   description: '? HIP cross-id number, van Leeuwen, Cat. I/311 (hip_original_ext_source_id)'
#   meta: !!omap
#   - {ucd: ID_NUMBER}
#   - {width: 6}
#   - values: {'null': -2147483648}
# - name: TYC2
#   datatype: string
#   description: Tycho-2 cross-id name, Hog et al., Cat. I/259 (tyc2_original_ext_source_id)
#   meta: !!omap
#   - {ucd: ID_CROSSID}
#   - {_votable_string_dtype: char}
# - name: Source
#   datatype: int64
#   description: Source identifier, identical to the Gaia-EDR3 source_id (id)
#   meta: !!omap
#   - {ucd: ID_MAIN}
#   - {width: 19}
# - name: rgeo
#   unit: pc
#   datatype: float64
#   format: '{:15.8f}'
#   description: '? Median of the geometric distance posterior (r_med_geo)'
#   meta: !!omap
#   - {ucd: PHYS_DISTANCE_TRUE}
#   - {width: 15}
#   - {precision: '8'}
#   - values: {'null': .nan}
# - name: Plx
#   unit: mas
#   datatype: float64
#   format: '{:9.4f}'
#   description: '? Parallax (parallax)'
#   meta: !!omap
#   - {ucd: POS_PARLX_TRIG}
#   - {width: 9}
#   - {precision: '4'}
#   - values: {'null': .nan}
# - name: e_Plx
#   unit: mas
#   datatype: float32
#   format: '{:7.4f}'
#   description: '? Standard error of parallax (parallax_error)'
#   meta: !!omap
#   - {ucd: ERROR}
#   - {width: 7}
#   - {precision: '4'}
#   - values: {'null': .nan}
# - name: pmRA
#   unit: mas / yr
#   datatype: float64
#   format: '{:9.3f}'
#   description: '? Proper motion in right ascension direction, pmRA*cosDE (pmra)'
#   meta: !!omap
#   - {ucd: POS_EQ_PMRA}
#   - {width: 9}
#   - {precision: '3'}
#   - values: {'null': .nan}
# - name: pmDE
#   unit: mas / yr
#   datatype: float64
#   format: '{:9.3f}'
#   description: '? Proper motion in declination direction (pmdec)'
#   meta: !!omap
#   - {ucd: POS_EQ_PMDEC}
#   - {width: 9}
#   - {precision: '3'}
#   - values: {'null': .nan}
# - name: e_pmRA
#   unit: mas / yr
#   datatype: float32
#   format: '{:6.3f}'
#   description: '? Standard error of proper motion in right ascension direction (pmra_error)'
#   meta: !!omap
#   - {ucd: ERROR}
#   - {width: 6}
#   - {precision: '3'}
#   - values: {'null': .nan}
# - name: e_pmDE
[...]
#         unit: &id001 !astropy.units.Unit {unit: deg}
#         value: !astropy.table.SerializedColumn {name: SkyCoord.dec}
#       distance: !astropy.table.SerializedColumn
#         __class__: astropy.coordinates.distances.Distance
#         unit: !astropy.units.Unit {unit: pc}
#         value: !astropy.table.SerializedColumn {name: SkyCoord.distance}
#       frame: icrs
#       obstime: !astropy.time.Time {format: jyear_str, in_subfmt: '*', jd1: 367701545.0, jd2: 0.0, out_subfmt: '*', precision: 3, scale: tt}
#       pm_dec: !astropy.table.SerializedColumn
#         __class__: astropy.units.quantity.Quantity
#         unit: !astropy.units.Unit {unit: mas / yr}
#         value: !astropy.table.SerializedColumn {name: SkyCoord.pm_dec}
#       pm_ra_cosdec: !astropy.table.SerializedColumn
#         __class__: astropy.units.quantity.Quantity
#         unit: !astropy.units.Unit {unit: mas / yr}
#         value: !astropy.table.SerializedColumn {name: SkyCoord.pm_ra_cosdec}
#       ra: !astropy.table.SerializedColumn
#         __class__: astropy.coordinates.angles.Longitude
#         unit: *id001
#         value: !astropy.table.SerializedColumn {name: SkyCoord.ra}
#         wrap_angle: !astropy.coordinates.Angle
#           unit: *id001
#           value: 360.0
#       representation_type: spherical
# schema: astropy-2.0
RA_ICRS_1 DE_ICRS_1 e_RA_ICRS e_DE_ICRS _r_1 HIP TYC2 Source rgeo Plx e_Plx pmRA pmDE e_pmRA e_pmDE RUWE Teff logg Gmag BP-RP BPmag RPmag RV e_RV b_rgeo B_rgeo FG e_FG FBP e_FBP FRP e_FRP RAVE5 RAVE6 e_Gmag e_BPmag e_RPmag e_BP-RP SkyCoord.ra SkyCoord.dec SkyCoord.distance SkyCoord.pm_ra_cosdec SkyCoord.pm_dec Pmemb
250.7988216975 -47.51064734707 0.0135 0.0102 9.9729 "" 8330-2969-1 5942538710946088448 2558.31738 0.3715 0.0173 -1.095 -2.298 0.02 0.017 0.761 17077.1 3.3882 10.541827 0.527262 10.728043 10.200781 "" "" 2445.38477 2677.4563 1143446.06829 1480.2 698550.0 2659.2 658940.0 2346.9 "" "" 0.003093089513274644 0.004986753 0.005407156 0.010393909 250.7988216975 -47.51064734707 2558.31738 -1.0949999999999998 -2.298 0.98
251.24329939656 -47.53345633947 0.0154 0.0117 9.6756 "" 8330-3110-1 5939539341983758976 2372.22021 0.3984 0.0198 -0.95 -1.984 0.023 0.019 0.961 18825.5 3.4044 10.564191 0.541874 10.744263 10.202389 "" "" 2266.77686 2489.92261 1120134.8212 902.77 688200.0 1717.8 657970.0 1500.5 "" "" 0.002890933372580732 0.0038896769 0.00451823 0.008407907 251.24329939656 -47.53345633947 2372.22021 -0.9500000000000001 -1.984 0.92
250.99964863751 -47.38486574823 0.0147 0.0116 4.5941 "" "" 5942546506279429504 2760.51538 0.3106 0.0184 -1.008 -2.361 0.02 0.018 0.869 15632.3 3.386 11.750369 0.44475 11.902666 11.457916 "" "" 2603.87109 2919.38184 375663.52779 156.57 236780.0 229.49 207010.0 262.66 "" "" 0.002792232087387287 0.002982013 0.004022629 0.007004642 250.99964863751 -47.38486574823 2760.51538 -1.008 -2.361000000000001 0.95
250.96843127923 -47.51229476837 0.0136 0.0103 4.1502 "" "" 5942543830525757184 2591.27539 0.34 0.0169 -1.091 -2.278 0.018 0.015 0.807 "" "" 11.758497 0.473898 11.91197 11.438072 "" "" 2475.7605 2714.37842 372861.78257 289.5 234760.0 720.06 210830.0 533.22 "" "" 0.0028813937549889224 0.0043445607 0.004671634 0.009016195 250.96843127923 -47.51229476837 2591.27539 -1.0909999999999997 -2.2779999999999987 0.94
250.87362180009 -47.58409403394 0.0124 0.0092 9.9173 "" "" 5942537572748941440 2416.41333 0.3712 0.0155 -1.152 -2.183 0.019 0.017 0.805 "" "" 11.943352 0.571858 12.149914 11.578055 "" "" 2320.16772 2514.90674 314489.30843 82.577 188560.0 156.14 185330.0 105.15 "" "" 0.002770029610959618 0.002931443 0.0038292552 0.0067606983 250.87362180009 -47.58409403394 2416.41333 -1.152 -2.183 0.98
251.09244086956 -47.50604741867 0.0179 0.0119 3.7693 "" "" 5939542365640731904 2756.01904 0.3246 0.0212 -0.912 -2.343 0.027 0.017 0.877 15558.3 3.4906 11.948437 0.540215 12.140167 11.599953 "" "" 2609.60107 2902.4165 313019.88634 129.92 190260.0 202.7 181630.0 197.17 "" "" 0.0027919284619438013 0.003020441 0.003958901 0.0069793416 251.09244086956 -47.50604741867 2756.01904 -0.9119999999999998 -2.343 0.97
251.13602686284 -47.50882145372 0.0132 0.0102 5.191 "" 8330-2963-1 5939542331280993792 2550.02905 0.3559 0.0163 -0.619 -2.443 0.018 0.014 0.856 "" "" 11.963111 0.620235 12.188223 11.567988 "" "" 2452.89771 2645.09595 308817.78038 79.629 182020.0 130.02 187050.0 82.135 "" "" 0.002769506458916974 0.0028959527 0.0038093335 0.006705286 251.13602686284 -47.50882145372 2550.02905 -0.619 -2.443 0.92
250.96805863826 -47.54109480669 0.0129 0.0097 5.6127 "" "" 5942543688782360448 2738.86377 0.3247 0.0162 -1.063 -2.295 0.017 0.014 0.842 15000.6 3.4517 12.020644 0.548409 12.218436 11.670027 "" "" 2607.45557 2866.70483 292879.55086 68.775 177030.0 119.73 170270.0 86.619 "" "" 0.0027670909197227817 0.0028851798 0.0038195283 0.006704708 250.96805863826 -47.54109480669 2738.86377 -1.0630000000000002 -2.295 0.97
251.01502044882 -47.49344190174 0.0123 0.0093 2.2267 "" 8330-3901-1 5939541850244654592 2723.21216 0.3325 0.0151 -1.065 -2.293 0.016 0.014 0.796 6530.5 2.6756 12.077319 0.529098 12.266008 11.736911 "" "" 2612.32349 2827.76636 277983.57427 88.997 169440.0 157.88 160100.0 124.36 "" "" 0.0027771596287331866 0.0029679132 0.003872336 0.006840249 251.01502044882 -47.49344190174 2723.21216 -1.065 -2.293 0.98
251.04472458891 -47.53740221658 0.0121 0.0091 4.7794 "" 8330-3133-1 5939541545343327744 2643.56934 0.3478 0.0151 -1.14 -2.376 0.016 0.015 0.84 "" "" 12.163283 0.639909 12.398169 11.758261 "" "" 2528.68481 2742.84717 256822.71865 97.295 150020.0 151.8 156980.0 202.0 "" "" 0.00278585260716268 0.0029986682 0.0040293485 0.0070280167 251.04472458891 -47.53740221658 2643.56934 -1.1399999999999992 -2.3760000000000003 0.97
251.04284292839 -47.46127824023 0.013 0.0101 0.4693 "" "" 5939543396432876544 2354.72485 0.3885 0.0166 -0.913 -2.233 0.018 0.015 0.865 12809.8 3.8299 12.2026 0.574533 12.41086 11.836328 -91.38 34.07 2270.25342 2444.8291 247689.14446 61.099 148280.0 111.56 146090.0 99.458 "" "" 0.0027683062949059914 0.0029072869 0.0038509865 0.0067582736 251.04284292839 -47.46127824023 2354.72485 -0.9129999999999996 -2.232999999999999 0.97
251.0105583279 -47.39961143351 0.0117 0.0092 3.6233 "" "" 5942546059602832128 2735.40112 0.3325 0.0145 -0.994 -2.354 0.016 0.014 0.857 14712.3 3.6222 12.246244 0.560843 12.447522 11.88668 "" "" 2641.59277 2854.60498 237930.04106 132.45 143350.0 261.42 139470.0 223.14 "" "" 0.0028208319740892058 0.0034213231 0.00415947 0.0075807935 251.0105583279 -47.39961143351 2735.40112 -0.994 -2.354 0.98
251.11848846066 -47.50227772242 0.0129 0.0095 4.3859 "" "" 5939542335617302016 2709.66943 0.3373 0.0156 -1.03 -2.329 0.018 0.014 0.855 14346.6 3.6802 12.259317 0.514096 12.442705 11.928609 "" "" 2577.45459 2835.1145 235082.19348 64.904 143990.0 118.27 134190.0 100.36 "" "" 0.002771578329451432 0.002929224 0.0038656304 0.006794854 251.11848846066 -47.50227772242 2709.66943 -1.0299999999999998 -2.3289999999999993 0.98
251.058971519 -47.54804899943 0.0137 0.0096 5.4992 "" "" 5939541094330418304 2774.30933 0.3426 0.0165 -1.026 -2.165 0.018 0.014 0.881 6592.5 2.7071 12.42127 0.660725 12.664302 12.003577 "" "" 2614.46631 2942.51343 202506.2749 90.142 117410.0 160.11 125240.0 182.72 "" "" 0.0027973852478002537 0.0031586743 0.004097917 0.0072565917 251.058971519 -47.54804899943 2774.30933 -1.0260000000000002 -2.1650000000000005 0.96
251.14862442734 -47.57502019881 0.0124 0.0097 8.449 "" "" 5939540407135654016 2318.97876 0.4062 0.0162 -0.945 -2.109 0.019 0.014 0.938 11592.7 3.6423 12.581842 0.699612 12.844038 12.144426 "" "" 2235.24634 2403.71484 174666.58851 59.348 99495.0 104.18 110000.0 119.2 "" "" 0.002779907206944948 0.003012889 0.00395828 0.0069711693 251.14862442734 -47.57502019881 2318.97876 -0.9450000000000002 -2.109 0.96
250.93606827582 -47.50286846946 0.0134 0.01 4.7311 "" "" 5942543998036274560 2655.99463 0.3482 0.0176 -1.042 -2.227 0.018 0.016 0.863 13214.7 3.5763 12.667771 0.558658 12.871032 12.312374 "" "" 2543.60498 2797.28125 161375.75258 70.211 97052.0 137.13 94234.0 115.29 "" "" 0.002795519976173124 0.0031841006 0.004006021 0.007190122 250.93606827582 -47.50286846946 2655.99463 -1.042 -2.2269999999999994 0.98
251.08467739629 -47.52788166442 0.0123 0.0092 4.6911 "" "" 5939540853812246016 2353.35791 0.3998 0.0149 -1.22 -2.075 0.017 0.014 0.841 7997.7 3.0519 12.713976 0.85386 13.049549 12.195689 "" "" 2273.89502 2428.95264 154652.33607 25.831 82337.0 52.26 104930.0 34.94 "" "" 0.0027612815748470796 0.0028740116 0.0037966345 0.0066706464 251.08467739629 -47.52788166442 2353.35791 -1.22 -2.075 0.96
251.00561219898 -47.46108864228 0.0129 0.0104 1.0929 "" "" 5942544410335394816 2688.51807 0.3394 0.0176 -1.093 -2.324 0.018 0.017 0.903 "" "" 12.722044 0.645057 12.96352 12.318463 "" "" 2546.60913 2830.0459 153507.36067 69.531 89127.0 132.81 93707.0 124.8 "" "" 0.002798864049483268 0.0032253028 0.004046558 0.0072718607 251.00561219898 -47.46108864228 2688.51807 -1.093 -2.324 0.98
251.00546803479 -47.4659333246 0.0122 0.0096 1.18 "" "" 5942544414662478080 2793.18286 0.3262 0.0155 -1.046 -2.228 0.017 0.015 0.838 13648.7 3.6425 12.773894 0.597563 12.992727 12.395164 "" "" 2687.00391 2909.25098 146348.8089 43.815 86761.0 92.886 87316.0 87.736 "" "" 0.002774427991257659 0.0030226125 0.00393369 0.0069563026 251.00546803479 -47.4659333246 2793.18286 -1.0459999999999998 -2.2280000000000006 0.98
251.06007736763 -47.4292016533 0.015 0.0116 2.0749 "" "" 5939543568231567104 2609.22559 0.3508 0.019 -1.045 -2.38 0.02 0.018 0.974 12582.1 3.5844 12.819571 0.575191 13.030138 12.454947 "" "" 2503.15601 2730.46338 140319.65068 46.387 83823.0 73.548 82638.0 68.396 "" "" 0.0027785995764787975 0.002948319 0.0038847448 0.006833064 251.06007736763 -47.4292016533 2609.22559 -1.045 -2.38 0.97
250.91018063552 -47.56540379984 0.0152 0.0118 8.1138 "" "" 5942537920671814144 2306.19238 0.4007 0.02 -1.123 -2.257 0.021 0.02 0.859 13150.5 3.6461 12.914316 0.518621 13.103255 12.584634 "" "" 2207.28247 2420.62915 128593.9087 52.61 78364.0 105.55 73334.0 81.439 "" "" 0.002790895424878456 0.003150184 0.0039670547 0.007117239 250.91018063552 -47.56540379984 2306.19238 -1.1230000000000002 -2.257000000000001 0.98
250.96447260224 -47.44633251183 0.0218 0.0167 2.839 "" "" 5942544650853563136 2068.27515 0.451 0.0273 -0.916 -2.327 0.026 0.024 1.563 10661.4 3.3586 13.051428 0.75115 13.33521 12.58406 "" "" 1976.09082 2168.82739 113338.05212 34.743 63290.0 50.053 73373.0 44.897 "" "" 0.0027753489620320117 0.0029193047 0.0038373305 0.0067566354 250.96447260224 -47.44633251183 2068.27515 -0.9159999999999998 -2.327 0.98
250.88910046543 -47.37580067023 0.0137 0.01 7.6288 "" "" 5942547262193672576 2272.59546 0.4038 0.0162 -0.767 -2.217 0.02 0.016 1.099 11555.6 3.7447 13.051536 0.567539 13.246466 12.678926 "" "" 2192.24707 2352.49292 113326.76452 33.159 68680.0 63.827 67234.0 126.02 "" "" 0.0027735737877341384 0.0029670123 0.0042924527 0.007259465 250.88910046543 -47.37580067023 2272.59546 -0.7669999999999996 -2.2169999999999996 0.98
251.05395058602 -47.48237744112 0.0131 0.0101 1.6978 "" "" 5939543194610852224 2259.29907 0.4005 0.0161 -1.194 -2.322 0.018 0.015 0.868 6800.4 3.3316 13.070854 0.681996 13.325676 12.64368 "" "" 2179.03809 2342.896 111328.1852 43.408 63848.0 93.637 69452.0 79.981 "" "" 0.0027876523927896106 0.0032125476 0.0039808373 0.0071933847 251.05395058602 -47.48237744112 2259.29907 -1.194 -2.322 0.97
250.9833097119 -47.4887963538 0.014 0.0107 2.7026 "" "" 5942544238536704640 2142.53687 0.4281 0.0173 -1.065 -2.116 0.019 0.017 0.921 6892.3 2.6503 13.088972 0.972831 13.474035 12.501205 "" "" 2060.16602 2215.51929 109485.82825 46.896 55693.0 89.378 79191.0 174.13 "" "" 0.0027942912241085407 0.0032895436 0.004470271 0.0077598146 250.9833097119 -47.4887963538 2142.53687 -1.065 -2.115999999999999 0.98
251.11233038822 -47.50215156904 0.0142 0.0104 4.1846 "" "" 5939542400000469760 2544.63843 0.3555 0.0173 -1.032 -2.509 0.02 0.015 1.059 "" "" 13.155079 0.64559 13.39535 12.749761 "" "" 2452.52368 2643.84766 103018.47071 27.416 59879.0 32.032 62987.0 26.682 "" "" 0.0027704291888874977 0.0028499803 0.0038072644 0.0066572446 251.11233038822 -47.50215156904 2544.63843 -1.032 -2.5090000000000003 0.98
250.9034024451 -47.50156271948 0.0222 0.0176 5.8355 "" "" 5942544032379735424 2672.42578 0.3367 0.0295 -1.131 -2.12 0.029 0.026 1.701 11396.3 3.6868 13.184031 0.710862 13.449911 12.739049 "" "" 2477.55273 2922.02808 100307.64422 39.326 56945.0 63.998 63612.0 64.602 "" "" 0.0027880067858606942 0.0030453184 0.003936944 0.0069822622 250.9034024451 -47.50156271948 2672.42578 -1.1310000000000002 -2.12 0.98
250.9327418274 -47.37915253924 0.0135 0.0105 6.2289 "" "" 5942547021675504128 2531.14209 0.3577 0.0161 -1.274 -1.701 0.019 0.016 1.016 "" "" 13.250234 0.986811 13.65036 12.663549 "" "" 2445.64062 2652.64404 94374.23478 18.144 47345.0 34.178 68193.0 22.91 "" "" 0.0027632157773518806 0.002898166 0.0037969432 0.0066951094 250.9327418274 -47.37915253924 2531.14209 -1.274 -1.701 0.86
250.97785979369 -47.46187673772 0.0144 0.0106 2.2159 "" "" 5942544449022261248 2027.22449 0.4486 0.0181 -1.187 -2.182 0.019 0.016 0.995 11724.8 3.8585 13.27794 0.740062 13.554894 12.814832 "" "" 1969.19629 2120.52319 91996.43761 19.984 51696.0 29.819 59323.0 36.558 "" "" 0.0027653959181626686 0.002859591 0.0038381515 0.0066977423 250.97785979369 -47.46187673772 2027.22449 -1.187 -2.181999999999999 0.95
251.09729903357 -47.52938757033 0.0144 0.0116 5.0208 "" "" 5939540858148526208 2148.02856 0.4192 0.0186 -0.882 -2.201 0.021 0.017 0.858 "" "" 13.386804 0.637255 13.622135 12.98488 "" "" 2063.69922 2229.06226 83219.56015 23.127 48592.0 36.437 50723.0 36.326 "" "" 0.002771791889249999 0.0029065239 0.0038585407 0.006765065 251.09729903357 -47.52938757033 2148.02856 -0.8820000000000002 -2.201 0.98
250.9888494492 -47.49581448149 0.0151 0.0116 2.8613 "" "" 5942544242863738368 2304.40747 0.3935 0.0189 -0.976 -2.186 0.02 0.017 0.998 11806.4 3.6874 13.446383 0.617929 13.673755 13.055825 "" "" 2205.95508 2403.69189 78775.9279 23.825 46336.0 33.975 47515.0 32.213 "" "" 0.0027748182587174113 0.0029015196 0.0038503949 0.0067519145 250.9888494492 -47.49581448149 2304.40747 -0.976 -2.186 0.98
250.95928783384 -47.38544826402 0.0142 0.0113 5.274 "" "" 5942546373167874432 2409.25439 0.3748 0.0172 -0.803 -2.285 0.02 0.017 1.006 11181.4 3.8798 13.487461 0.567791 13.696224 13.128433 "" "" 2309.05762 2548.66577 75851.16655 18.683 45387.0 35.397 44441.0 26.146 "" "" 0.0027682680013696383 0.002915827 0.0038329826 0.0067488095 250.95928783384 -47.38544826402 2409.25439 -0.8030000000000003 -2.285 0.98
250.96395909827 -47.62057384515 0.0151 0.0119 10.1273 "" "" 5939534845193070464 2258.79468 0.4011 0.0189 -0.937 -2.3 0.022 0.019 0.978 "" "" 13.502941 0.659296 13.748547 13.089251 "" "" 2170.74731 2343.96484 74777.37926 22.221 43251.0 31.162 46074.0 30.896 "" "" 0.0027741459445831096 0.0028977552 0.003848871 0.0067466265 250.96395909827 -47.62057384515 2258.79468 -0.9370000000000003 -2.3000000000000003 0.99
250.91441390339 -47.55012705707 0.0153 0.0119 7.2953 "" "" 5942538053785271040 2480.3855 0.3609 0.0198 -1.041 -2.243 0.021 0.019 0.922 11292.1 3.706 13.530326 0.585017 13.744737 13.159719 "" "" 2382.771 2645.78076 72914.93956 19.567 43403.0 33.382 43179.0 18.693 "" "" 0.002770682382750211 0.002912451 0.0038084984 0.0067209494 250.91441390339 -47.55012705707 2480.3855 -1.041 -2.2430000000000003 0.98
251.03028699265 -47.59391035912 0.0156 0.0118 8.1433 "" "" 5939535047017304448 2415.21289 0.3758 0.0189 -0.98 -2.289 0.021 0.017 0.944 "" "" 13.637857 0.690191 13.892262 13.20207 "" "" 2312.77246 2524.18286 66039.51833 55.236 37889.0 126.9 41527.0 88.319 "" "" 0.0029011151271489304 0.0045835054 0.0044289725 0.0090124775 251.03028699265 -47.59391035912 2415.21289 -0.98 -2.289 0.98
251.00797715213 -47.5593498865 0.0163 0.0123 6.1482 "" "" 5939541236105677056 2311.61548 0.3914 0.0197 -0.912 -2.42 0.021 0.018 0.946 11272.3 3.7506 13.639335 0.689849 13.899936 13.210087 "" "" 2213.73438 2429.26465 65949.69769 19.003 37622.0 29.025 41221.0 23.451 "" "" 0.002773024233539334 0.0029131908 0.003829525 0.006742716 251.00797715213 -47.5593498865 2311.61548 -0.9119999999999998 -2.42 0.95
250.92730130517 -47.31330453915 0.0152 0.0116 9.6819 "" "" 5942547640150787200 2294.98877 0.3956 0.0184 -1.308 -1.877 0.024 0.019 0.932 "" "" 13.700791 0.976876 14.092266 13.11539 "" "" 2183.81372 2414.1543 62320.41945 20.663 31515.0 54.504 44978.0 74.876 "" "" 0.0027787371846139048 0.0033631762 0.004189345 0.0075525213 250.92730130517 -47.31330453915 2294.98877 -1.3079999999999998 -1.877 0.95
250.95947077452 -47.35205812468 0.018 0.0141 7.02 "" "" 5942546781157411840 2528.92749 0.3571 0.0217 -1.03 -2.585 0.025 0.021 1.238 4963.7 2.9961 13.707252 1.670355 14.502286 12.831931 -11.72 1.72 2378.15796 2688.47217 61950.63682 11.572 21602.0 22.774 58396.0 29.324 "" "" 0.0027627741204681367 0.003015834 0.0038185052 0.0068343394 250.95947077452 -47.35205812468 2528.92749 -1.03 -2.585000000000001 0.97
251.03042206507 -47.5508089324 0.0165 0.0122 5.5573 "" "" 5939541128690156928 2500.27881 0.3604 0.0204 -0.912 -2.272 0.022 0.018 0.947 12090.4 3.7133 13.721844 0.719705 13.995796 13.276092 "" "" 2388.57886 2633.87329 61123.63819 15.378 34443.0 26.717 38790.0 17.111 "" "" 0.0027688273797438555 0.0029145041 0.0038096074 0.0067241117 251.03042206507 -47.5508089324 2500.27881 -0.9120000000000001 -2.2720000000000002 0.98
