Clusters/NGC_6200/NGC_6200_stars_in_region.tsv
# %ECSV 1.0
# ---
# datatype:
# - name: RA_ICRS_1
#   unit: deg
#   datatype: float64
#   format: '{:15.11f}'
#   description: Right ascension (ICRS) at Ep=2016.0 (ra)
#   meta: !!omap
#   - {ucd: POS_EQ_RA_MAIN}
#   - {width: 15}
#   - {precision: '11'}
# - name: DE_ICRS_1
#   unit: deg
#   datatype: float64
#   format: '{:15.11f}'
#   description: Declination (ICRS) at Ep=2016.0 (dec)
#   meta: !!omap
#   - {ucd: POS_EQ_DEC_MAIN}
#   - {width: 15}
#   - {precision: '11'}
# - name: e_RA_ICRS
#   unit: mas
#   datatype: float64
#   format: '{:7.4f}'
#   description: Standard error of right ascension (ra_error)
#   meta: !!omap
#   - {ucd: ERROR}
#   - {width: 7}
#   - {precision: '4'}
# - name: e_DE_ICRS
#   unit: mas
#   datatype: float64
#   format: '{:7.4f}'
#   description: Standard error of declination (dec_error)
#   meta: !!omap
#   - {ucd: ERROR}
#   - {width: 7}
#   - {precision: '4'}
# - name: _r_1
#   unit: ''
#   datatype: float64
#   format: '{:7.4f}'
#   description: Distance from center (251.03221092000-47.45819559000)[ICRS], at Epoch=J2016.0
#   meta: !!omap
#   - {ucd: POS_ANG_DIST_GENERAL}
#   - {width: 7}
#   - {precision: '4'}
# - name: HIP
#   datatype: int32
#   description: '? HIP cross-id number, van Leeuwen, Cat. I/311 (hip_original_ext_source_id)'
#   meta: !!omap
#   - {ucd: ID_NUMBER}
#   - {width: 6}
#   - values: {'null': -2147483648}
# - name: TYC2
#   datatype: string
#   description: Tycho-2 cross-id name, Hog et al., Cat. I/259 (tyc2_original_ext_source_id)
#   meta: !!omap
#   - {ucd: ID_CROSSID}
#   - {_votable_string_dtype: char}
# - name: Source
#   datatype: int64
#   description: Source identifier, identical to the Gaia-EDR3 source_id (id)
#   meta: !!omap
#   - {ucd: ID_MAIN}
#   - {width: 19}
# - name: rgeo
#   unit: pc
#   datatype: float64
#   format: '{:15.8f}'
#   description: '? Median of the geometric distance posterior (r_med_geo)'
#   meta: !!omap
#   - {ucd: PHYS_DISTANCE_TRUE}
#   - {width: 15}
#   - {precision: '8'}
#   - values: {'null': .nan}
# - name: Plx
#   unit: mas
#   datatype: float64
#   format: '{:9.4f}'
#   description: '? Parallax (parallax)'
#   meta: !!omap
#   - {ucd: POS_PARLX_TRIG}
#   - {width: 9}
#   - {precision: '4'}
#   - values: {'null': .nan}
# - name: e_Plx
#   unit: mas
#   datatype: float32
#   format: '{:7.4f}'
#   description: '? Standard error of parallax (parallax_error)'
#   meta: !!omap
#   - {ucd: ERROR}
#   - {width: 7}
#   - {precision: '4'}
#   - values: {'null': .nan}
# - name: pmRA
#   unit: mas / yr
#   datatype: float64
#   format: '{:9.3f}'
#   description: '? Proper motion in right ascension direction, pmRA*cosDE (pmra)'
#   meta: !!omap
#   - {ucd: POS_EQ_PMRA}
#   - {width: 9}
#   - {precision: '3'}
#   - values: {'null': .nan}
# - name: pmDE
#   unit: mas / yr
#   datatype: float64
#   format: '{:9.3f}'
#   description: '? Proper motion in declination direction (pmdec)'
#   meta: !!omap
#   - {ucd: POS_EQ_PMDEC}
#   - {width: 9}
#   - {precision: '3'}
#   - values: {'null': .nan}
# - name: e_pmRA
#   unit: mas / yr
#   datatype: float32
#   format: '{:6.3f}'
#   description: '? Standard error of proper motion in right ascension direction (pmra_error)'
#   meta: !!omap
#   - {ucd: ERROR}
#   - {width: 6}
#   - {precision: '3'}
#   - values: {'null': .nan}
# - name: e_pmDE
[...]
#         value: !astropy.table.SerializedColumn {name: SkyCoord.dec}
#       distance: !astropy.table.SerializedColumn
#         __class__: astropy.coordinates.distances.Distance
#         unit: !astropy.units.Unit {unit: pc}
#         value: !astropy.table.SerializedColumn {name: SkyCoord.distance}
#       frame: icrs
#       obstime: !astropy.time.Time {format: jyear_str, in_subfmt: '*', jd1: 367701545.0, jd2: 0.0, out_subfmt: '*', precision: 3, scale: tt}
#       pm_dec: !astropy.table.SerializedColumn
#         __class__: astropy.units.quantity.Quantity
#         unit: !astropy.units.Unit {unit: mas / yr}
#         value: !astropy.table.SerializedColumn {name: SkyCoord.pm_dec}
#       pm_ra_cosdec: !astropy.table.SerializedColumn
#         __class__: astropy.units.quantity.Quantity
#         unit: !astropy.units.Unit {unit: mas / yr}
#         value: !astropy.table.SerializedColumn {name: SkyCoord.pm_ra_cosdec}
#       ra: !astropy.table.SerializedColumn
#         __class__: astropy.coordinates.angles.Longitude
#         unit: *id001
#         value: !astropy.table.SerializedColumn {name: SkyCoord.ra}
#         wrap_angle: !astropy.coordinates.Angle
#           unit: *id001
#           value: 360.0
#       representation_type: spherical
# schema: astropy-2.0
RA_ICRS_1 DE_ICRS_1 e_RA_ICRS e_DE_ICRS _r_1 HIP TYC2 Source rgeo Plx e_Plx pmRA pmDE e_pmRA e_pmDE RUWE Teff logg Gmag BP-RP BPmag RPmag RV e_RV b_rgeo B_rgeo FG e_FG FBP e_FBP FRP e_FRP RAVE5 RAVE6 e_Gmag e_BPmag e_RPmag e_BP-RP SkyCoord.ra SkyCoord.dec SkyCoord.distance SkyCoord.pm_ra_cosdec SkyCoord.pm_dec rmRA rmDE e_rmRA e_rmDE rRV e_rRV v_pec v_pec3d e_vpec e_vpec3d
[from data line 5969]
250.73289584665 -47.49513237022 0.0645 0.0459 12.3389 "" "" 5942541902081601792 2398.84448 0.44 0.0801 2.668 -2.19 0.098 0.08 0.998 5355.8 3.8748 16.967329 1.746132 17.81788 16.071749 "" "" 2015.47778 3030.979 3076.20533 2.1017 1019.2 8.3931 2954.3 10.104 "" "" 0.002853425776130921 0.009366267 0.00529835 0.014664617 250.73289584665 -47.49513237022 2398.84448 2.668 -2.19 3.631260889053345 0.04784780502319341 0.30888507 0.2908851 "" "" 41.29291910858183 "" 12.754640846093048 ""
251.36168159294 -47.48638407353 0.0579 0.0463 13.4689 "" "" 5939632804774175744 1951.07361 0.4947 0.0784 1.308 -0.539 0.087 0.077 0.973 4909.5 4.3819 16.96789 1.583683 17.707966 16.124283 "" "" 1730.8009 2242.39014 3074.61449 1.9043 1127.8 6.8469 2814.8 13.307 "" "" 0.002836194130167646 0.0071577444 0.006374141 0.013531886 251.36168159294 -47.48638407353 1951.07361 1.308 -0.539 2.2712608890533446 1.6988478050231932 0.29788506 0.28788507 "" "" 26.230537500662113 "" 7.720606980876987 ""
250.55297521734 -47.33599717796 0.0787 0.0554 20.7991 "" "" 5942556367546363136 2544.50415 0.4621 0.096 -2.86 -8.291 0.105 0.089 1.176 5052.9 4.7055 16.967934 1.577486 17.58228 16.004793 "" "" 1998.21497 3247.72681 3074.49138 3.7148 1266.2 6.3771 3142.3 75.724 "" "" 0.00305168117016674 0.006138923 0.02643592 0.032574844 250.55297521734 -47.33599717796 2544.50415 -2.8599999999999994 -8.290999999999993 -1.8967391109466551 -6.053152194976807 0.31588507 0.2998851 "" "" 76.50699766982214 "" 23.055399129215584 ""
250.87190733793 -47.50995359876 0.1339 0.066 7.2037 "" "" 5942538882723923200 2464.56323 0.4434 0.1106 0.255 -1.099 0.195 0.11 1.042 "" "" 16.968155 "" "" "" "" "" 2026.56628 3031.42627 3073.86282 2.8718 "" "" "" "" "" "" 0.002936107031937279 "" "" "" 250.87190733793 -47.50995359876 2464.56323 0.255 -1.0990000000000002 1.2182608890533446 1.1388478050231934 0.40588507 0.32088506 "" "" 19.48180792115856 "" 7.182788749071105 ""
251.0535010639 -47.2247035771 0.0613 0.0469 14.0362 "" "" 5942642924024273024 2630.58032 0.3912 0.0723 -1.286 -3.141 0.087 0.072 0.966 5278.7 4.7046 16.968245 1.313894 17.545513 16.231619 "" "" 2182.07935 3296.10107 3073.60939 2.4299 1309.8 6.8128 2549.8 10.786 "" "" 0.002885923222225735 0.0062990193 0.0059479107 0.01224693 251.0535010639 -47.2247035771 2630.58032 -1.286 -3.141 -0.3227391109466553 -0.9031521949768067 0.29788506 0.28288507 "" "" 11.958786093097983 "" 3.40374942787096 ""
250.97471626857 -47.32858464733 0.0623 0.0583 8.1197 "" "" 5942546918597429248 2227.67065 0.4942 0.0847 -1.464 -2.362 0.092 0.087 0.973 4742.1 4.3743 16.969088 1.440617 17.642134 16.201517 "" "" 1851.97229 2711.68726 3071.22291 2.2476 1198.3 7.4126 2621.5 11.852 "" "" 0.0028676001171251625 0.0072727967 0.00619508 0.013467876 250.97471626857 -47.32858464733 2227.67065 -1.4640000000000009 -2.362 -0.5007391109466552 -0.12415219497680674 0.3028851 0.29788506 "" "" 5.447476357879434 "" 1.6483942102940394 ""
251.26919480507 -47.37078124328 0.0571 0.0458 10.9585 "" "" 5939634346661739520 2720.37134 0.3542 0.0751 -0.004 -0.471 0.084 0.069 0.941 5246.8 3.8315 16.96997 1.752716 17.829382 16.076666 "" "" 2285.58032 3338.14331 3068.73049 1.9419 1008.5 6.9704 2941.0 6.8357 "" "" 0.0028396894119968813 0.008006154 0.004544452 0.012550605 251.26919480507 -47.37078124328 2720.37134 -0.004000000000000059 -0.47099999999999953 0.9592608890533447 1.7668478050231933 0.29488507 0.27988508 "" "" 25.92394355190349 "" 7.346062086179684 ""
251.13193596076 -47.28521448954 0.0585 0.0459 11.1419 "" "" 5939638675989451648 2794.18091 0.3588 0.0729 -2.959 -3.675 0.088 0.071 0.917 4931.4 4.364 16.970716 1.508146 17.657547 16.1494 "" "" 2362.11157 3490.96436 3066.61889 1.9896 1181.4 9.0699 2750.4 13.264 "" "" 0.0028439398155745274 0.0087900525 0.0064575416 0.015247595 251.13193596076 -47.28521448954 2794.18091 -2.9589999999999996 -3.6750000000000007 -1.9957391109466553 -1.4371521949768065 0.29888508 0.2818851 "" "" 32.57260060998266 "" 9.549985380016631 ""
250.60378980473 -47.5034696883 0.0614 0.0468 17.5836 "" "" 5942541283603307392 2585.78784 0.3701 0.0734 -0.56 -1.986 0.083 0.069 0.901 4924.4 4.3769 16.970945 1.91157 17.919998 16.008429 "" "" 2284.35742 3064.13525 3065.97451 2.0778 927.72 9.24 3131.7 11.71 "" "" 0.0028518748820909197 0.011167984 0.005546659 0.016714644 250.60378980473 -47.5034696883 2585.78784 -0.56 -1.986 0.4032608890533447 0.25184780502319337 0.29388508 0.27988508 "" "" 5.827338941629372 "" 1.6900738883656503 ""
250.82295030428 -47.50323821396 0.0773 0.0538 8.9056 "" "" 5942539054543452928 2444.09399 0.4311 0.1003 -2.406 -4.49 0.11 0.09 1.059 8931.9 4.3379 16.970978 2.070954 17.956299 15.885345 "" "" 1998.11328 3036.02661 3065.88478 3.2859 897.22 9.5287 3507.7 30.029 "" "" 0.0029909653172996323 0.011863563 0.010033848 0.021897411 250.82295030428 -47.50323821396 2444.09399 -2.406 -4.49 -1.4427391109466554 -2.252152194976807 0.32088506 0.30088508 "" "" 30.985689954713198 "" 9.507616377134497 ""
251.21190407805 -47.3197559106 0.0592 0.0459 11.0578 "" "" 5939639053944632064 2391.39917 0.4314 0.0737 -1.533 -2.494 0.081 0.07 1.047 5675.5 4.6526 16.971102 1.392778 17.364908 15.97213 "" "" 1982.4491 2882.74048 3065.53123 2.9429 1546.9 21.413 3238.2 41.847 "" "" 0.002945875973265538 0.01528613 0.014530979 0.029817108 251.21190407805 -47.3197559106 2391.39917 -1.5330000000000004 -2.494 -0.5697391109466552 -0.25615219497680686 0.29188508 0.28088507 "" "" 7.080815639521289 "" 2.053894167026312 ""
251.00211038419 -47.63964311293 0.0661 0.0499 10.9549 "" "" 5939534565981340928 2005.28564 0.5002 0.0889 -2.172 -5.374 0.091 0.078 0.958 5122.5 4.7258 16.971222 1.348482 17.559128 16.210646 "" "" 1719.40906 2509.06104 3065.19568 2.3146 1293.5 8.9807 2599.6 12.312 "" "" 0.0028747116460695037 0.00803801 0.006381664 0.014419675 251.00211038419 -47.63964311293 2005.28564 -2.1720000000000015 -5.373999999999999 -1.2087391109466554 -3.1361521949768063 0.30188507 0.2888851 "" "" 31.946740551065055 "" 9.283697413619706 ""
250.57892218559 -47.38574050133 0.066 0.0481 18.9081 "" "" 5942555100541837696 2423.40723 0.4249 0.08 -0.633 -12.727 0.097 0.081 1.034 4622.7 4.3696 16.971243 1.743254 17.816689 16.073435 "" "" 2023.83484 3107.52832 3065.13256 2.1788 1020.3 6.8246 2949.7 6.555 "" "" 0.002861368685802488 0.0077798404 0.0044838903 0.01226373 250.57892218559 -47.38574050133 2423.40723 -0.6329999999999978 -12.726999999999986 0.3302608890533447 -10.489152194976807 0.30788508 0.29188508 "" "" 120.5480788129152 "" 35.18814790277029 ""
251.45327303677 -47.44864322718 0.167 0.1317 17.0927 "" "" 5939622703013454080 2812.76758 0.5707 0.2193 0.122 -1.952 0.231 0.22 2.69 5166.8 4.7262 16.971653 1.558664 17.670107 16.111443 "" "" 2007.38892 4329.8374 3063.9796 6.0039 1167.8 7.7907 2848.3 8.8012 "" "" 0.0034811052989026266 0.007762051 0.0050536254 0.012815677 251.45327303677 -47.44864322718 2812.76758 0.12200000000000027 -1.9519999999999995 1.0852608890533446 0.2858478050231934 0.44188508 0.43088508 "" "" 14.962746004514036 "" 6.601261100820044 ""
250.94764308774 -47.71523360315 0.0606 0.0492 15.7974 "" "" 5939532951078201728 2602.64478 0.4275 0.0807 -4.364 -6.327 0.092 0.078 1.021 4661.5 4.3479 16.971737 1.677271 17.740942 16.063671 "" "" 2129.68579 3215.4729 3063.74244 2.2847 1094.1 8.1213 2976.4 18.76 "" "" 0.0028718172416765156 0.008528542 0.0078175785 0.01634612 250.94764308774 -47.71523360315 2602.64478 -4.363999999999996 -6.327 -3.400739110946655 -4.089152194976807 0.3028851 0.2888851 "" "" 65.61157805162972 "" 19.335041838944587 ""
251.53344678968 -47.53356235984 0.064 0.0496 20.8165 "" "" 5939621255600628480 2046.42871 0.5021 0.081 -1.364 -4.095 0.094 0.081 1.044 5543.0 4.6525 16.972212 1.665785 17.77629 16.110506 "" "" 1782.83508 2434.15112 3062.40099 2.1962 1059.0 7.613 2850.7 8.1285 "" "" 0.0028632258684036503 0.008288922 0.004885505 0.013174427 251.53344678968 -47.53356235984 2046.42871 -1.3640000000000003 -4.095000000000002 -0.4007391109466554 -1.8571521949768064 0.3048851 0.29188508 "" "" 18.42913147219927 "" 5.390073722980352 ""
251.46298584684 -47.61161129165 0.063 0.0488 19.729 "" "" 5939619331454588544 2017.7262 0.4891 0.0791 -1.743 -3.439 0.095 0.078 0.994 4838.4 4.3621 16.97242 1.562609 17.71238 16.14977 "" "" 1742.61523 2359.85229 3061.81203 2.0575 1123.2 7.2541 2749.5 14.223 "" "" 0.0028502819918282338 0.007546867 0.0067696543 0.014316522 251.46298584684 -47.61161129165 2017.7262 -1.7429999999999999 -3.439 -0.7797391109466554 -1.2011521949768067 0.30588508 0.2888851 "" "" 13.696132843365536 "" 4.027041515517601 ""
250.88689164597 -47.74680869407 0.0636 0.0533 18.2875 "" "" 5939532470054284160 2433.80542 0.4333 0.0825 -0.631 -0.187 0.091 0.08 1.11 5258.8 4.7072 16.97261 1.470098 17.642376 16.172277 "" "" 2032.90808 3020.93433 3061.27823 2.499 1198.0 8.1769 2693.1 11.413 "" "" 0.0028943639117615287 0.007918506 0.005954395 0.013872901 250.88689164597 -47.74680869407 2433.80542 -0.6309999999999996 -0.18700000000000003 0.3322608890533447 2.0508478050231935 0.30188507 0.2908851 "" "" 23.967554877475287 "" 6.978671518174373 ""
251.17781676343 -47.17132624365 0.0794 0.0526 18.2027 "" "" 5939646784887833984 2296.27246 0.4592 0.089 -4.851 -4.868 0.104 0.08 1.076 4818.8 4.3565 16.972649 1.595869 17.71011 16.11424 "" "" 1863.24951 3050.12354 3061.16962 2.182 1125.6 8.3949 2840.9 15.81 "" "" 0.0028619450317489926 0.008564813 0.007126905 0.015691718 251.17781676343 -47.17132624365 2296.27246 -4.851 -4.868 -3.8877391109466553 -2.630152194976807 0.31488508 0.2908851 "" "" 51.089405475808604 "" 15.712613358972575 ""
250.82213471077 -47.46436377966 0.0729 0.0524 8.5298 "" "" 5942539260681856128 2266.56592 0.4638 0.0882 -1.916 -1.637 0.1 0.087 1.142 5234.4 4.7153 16.972727 1.444166 17.58875 16.144585 "" "" 1925.80591 2695.63867 3060.94826 2.848 1258.7 5.7248 2762.6 22.607 "" "" 0.0029346716844744205 0.005671875 0.009655257 0.015327131 250.82213471077 -47.46436377966 2266.56592 -1.9159999999999995 -1.637 -0.9527391109466552 0.6008478050231933 0.31088507 0.29788506 "" "" 12.101279262339704 "" 3.718020082588385 ""
250.81648766221 -47.45957825407 0.0693 0.0483 8.7517 "" "" 5942539260702038144 2277.01392 0.4465 0.0818 -5.217 -7.857 0.097 0.08 0.906 5090.6 4.7104 16.972868 1.388269 17.600529 16.21226 "" "" 1915.23047 3041.74194 3060.54841 2.1408 1245.1 5.8311 2595.7 12.785 "" "" 0.0028580690829943635 0.005799987 0.0065484415 0.012348428 250.81648766221 -47.45957825407 2277.01392 -5.216999999999998 -7.857000000000005 -4.253739110946655 -5.619152194976807 0.30788508 0.2908851 "" "" 76.06545528881404 "" 22.60594949070451 ""
250.57809048604 -47.42481478336 0.0669 0.0476 18.5369 "" "" 5942554958779483648 2615.86841 0.3783 0.078 -2.314 -3.434 0.09 0.074 0.926 5338.4 4.6918 16.972956 1.422741 17.601524 16.178783 "" "" 2269.63696 3099.38086 3060.3047 2.2814 1244.0 5.5394 2677.0 16.431 "" "" 0.002871743592468955 0.005582031 0.007661177 0.013243208 250.57809048604 -47.42481478336 2615.86841 -2.314 -3.4340000000000006 -1.3507391109466553 -1.1961521949768068 0.30088508 0.28488508 "" "" 22.371142165090028 "" 6.576219656923311 ""
251.12070776917 -47.78984145702 0.064 0.0486 20.218 "" "" 5939528488622418304 2077.61035 0.5154 0.0815 -0.517 -2.04 0.096 0.077 1.023 5049.7 4.7332 16.973267 1.378841 17.593 16.214159 "" "" 1781.31299 2440.51001 3059.42945 2.1875 1253.8 8.4118 2591.2 22.829 "" "" 0.0028625928125813518 0.007800345 0.010285117 0.018085461 251.12070776917 -47.78984145702 2077.61035 -0.517 -2.04 0.4462608890533447 0.19784780502319332 0.30688506 0.28788507 "" "" 4.807260542866607 "" 1.4606646945968271 ""
251.00080384039 -47.70618701978 0.0596 0.0479 14.9337 "" "" 5939532847995131136 2199.95679 0.461 0.0797 -0.049 -1.45 0.092 0.077 1.053 5241.5 4.7191 16.973742 1.436176 17.624329 16.188152 "" "" 1904.71204 2593.3208 3058.08736 1.8548 1218.1 7.0615 2654.0 9.5316 "" "" 0.0028329212989255726 0.006884882 0.0054303263 0.012315208 251.00080384039 -47.70618701978 2199.95679 -0.049000000000000044 -1.4499999999999988 0.9142608890533447 0.7878478050231934 0.3028851 0.28788507 "" "" 12.585174362555406 "" 3.732583628620733 ""
250.88229021134 -47.17234260038 0.0666 0.0526 18.2031 "" "" 5942645672803432576 2075.25586 0.5074 0.0919 -2.577 -5.823 0.09 0.09 0.984 4853.6 4.7724 16.973772 1.330647 17.581167 16.25052 "" "" 1742.39734 2894.08032 3058.00417 2.0934 1267.5 9.6005 2505.8 9.5356 "" "" 0.0028538077982320767 0.008684193 0.0055995043 0.014283697 250.88229021134 -47.17234260038 2075.25586 -2.577 -5.823 -1.6137391109466552 -3.585152194976807 0.30088508 0.30088508 "" "" 38.67400946765489 "" 11.636432482531934 ""
251.13614997945 -47.44580608086 0.062 0.0475 4.2821 "" "" 5939542954092829056 2806.10229 0.3676 0.0812 -3.031 -2.578 0.088 0.072 0.958 5159.3 4.7134 16.974464 1.431719 17.625736 16.194017 "" "" 2269.83398 3524.31885 3056.05451 2.3255 1216.5 7.2509 2639.7 12.34 "" "" 0.002876521878983036 0.0070473533 0.0063281236 0.013375477 251.13614997945 -47.44580608086 2806.10229 -3.0309999999999997 -2.578 -2.0677391109466554 -0.3401521949768065 0.29888508 0.28288507 "" "" 27.872495203445474 "" 8.319229087369985 ""
250.97708204252 -47.52458748326 0.0675 0.0505 4.5677 "" "" 5942543830546824704 1907.76672 0.5258 0.09 -3.404 -3.598 0.089 0.076 1.017 4780.2 4.3877 16.97544 1.966848 17.906767 15.939918 "" "" 1655.53857 2275.09546 3053.31155 3.2884 939.1 7.1808 3335.7 9.6028 "" "" 0.0029931800072443182 0.008758371 0.0049044047 0.013662776 250.97708204252 -47.52458748326 1907.76672 -3.404 -3.598 -2.440739110946655 -1.3601521949768065 0.2998851 0.28688508 "" "" 25.266893970530205 "" 7.500630570743614 ""
250.90204878606 -47.52802950615 0.0787 0.0603 6.7381 "" "" 5942538126809366784 2074.22998 0.4919 0.1062 -0.015 -4.789 0.109 0.092 1.284 5247.5 4.7505 16.975542 1.48616 17.556126 16.069965 "" "" 1697.7345 2608.55811 3053.02132 3.0191 1297.1 11.034 2959.2 51.466 "" "" 0.0029571206804088136 0.009648249 0.019257478 0.028905727 250.90204878606 -47.52802950615 2074.22998 -0.015000000000000346 -4.7890000000000015 0.9482608890533447 -2.5511521949768063 0.31988508 0.3028851 "" "" 26.759211590544123 "" 8.161538977868437 ""
250.79167740924 -47.61043203943 0.0648 0.045 13.3557 "" "" 5942536851194903168 2187.46362 0.4729 0.0858 -1.257 -3.03 0.091 0.076 0.995 5478.7 4.7163 16.975586 1.399649 17.574612 16.174963 "" "" 1783.11353 2619.91162 3052.90045 2.4 1275.2 7.986 2686.4 11.607 "" "" 0.0028844959091638093 0.0073496867 0.0060241213 0.013373808 250.79167740924 -47.61043203943 2187.46362 -1.2570000000000001 -3.0300000000000002 -0.29373911094665517 -0.7921521949768064 0.30188507 0.28688508 "" "" 8.759992421404295 "" 2.5293574829571464 ""
250.60227442678 -47.35253900308 0.0664 0.0499 18.5743 "" "" 5942555645981319552 2584.46045 0.3954 0.0827 -9.899 -10.912 0.102 0.089 0.993 5167.0 4.7262 16.975588 1.360985 17.58952 16.228535 "" "" 2189.28955 3221.98999 3052.8913 2.4939 1257.8 7.4717 2557.1 9.1734 "" "" 0.002894554169249243 0.0070272516 0.00542722 0.012454472 250.60227442678 -47.35253900308 2584.46045 -9.899 -10.912 -8.935739110946654 -8.674152194976807 0.31288508 0.2998851 "" "" 152.55899519411707 "" 46.781756404698896 ""
251.24805458976 -47.75074765042 0.0731 0.0547 19.605 "" "" 5939529588152601472 2547.56299 0.4433 0.0872 -0.954 -3.639 0.104 0.086 1.135 5571.5 4.6495 16.975655 1.684311 17.767075 16.082764 "" "" 2048.23926 3409.82373 3052.70699 2.2068 1068.0 7.6658 2924.5 9.9198 "" "" 0.002864929818707918 0.008277532 0.0052769864 0.013554518 251.24805458976 -47.75074765042 2547.56299 -0.9540000000000002 -3.6390000000000002 0.009260889053344767 -1.4011521949768064 0.31488508 0.29688507 "" "" 16.919910835914216 "" 5.023282674227239 ""
