Clusters/NGC_6200/NGC_6200_stars_in_region.tsv
# %ECSV 1.0
# ---
# datatype:
# - name: RA_ICRS_1
#   unit: deg
#   datatype: float64
#   format: '{:15.11f}'
#   description: Right ascension (ICRS) at Ep=2016.0 (ra)
#   meta: !!omap
#   - {ucd: POS_EQ_RA_MAIN}
#   - {width: 15}
#   - {precision: '11'}
# - name: DE_ICRS_1
#   unit: deg
#   datatype: float64
#   format: '{:15.11f}'
#   description: Declination (ICRS) at Ep=2016.0 (dec)
#   meta: !!omap
#   - {ucd: POS_EQ_DEC_MAIN}
#   - {width: 15}
#   - {precision: '11'}
# - name: e_RA_ICRS
#   unit: mas
#   datatype: float64
#   format: '{:7.4f}'
#   description: Standard error of right ascension (ra_error)
#   meta: !!omap
#   - {ucd: ERROR}
#   - {width: 7}
#   - {precision: '4'}
# - name: e_DE_ICRS
#   unit: mas
#   datatype: float64
#   format: '{:7.4f}'
#   description: Standard error of declination (dec_error)
#   meta: !!omap
#   - {ucd: ERROR}
#   - {width: 7}
#   - {precision: '4'}
# - name: _r_1
#   unit: ''
#   datatype: float64
#   format: '{:7.4f}'
#   description: Distance from center (251.03221092000-47.45819559000)[ICRS], at Epoch=J2016.0
#   meta: !!omap
#   - {ucd: POS_ANG_DIST_GENERAL}
#   - {width: 7}
#   - {precision: '4'}
# - name: HIP
#   datatype: int32
#   description: '? HIP cross-id number, van Leeuwen, Cat. I/311 (hip_original_ext_source_id)'
#   meta: !!omap
#   - {ucd: ID_NUMBER}
#   - {width: 6}
#   - values: {'null': -2147483648}
# - name: TYC2
#   datatype: string
#   description: Tycho-2 cross-id name, Hog et al., Cat. I/259 (tyc2_original_ext_source_id)
#   meta: !!omap
#   - {ucd: ID_CROSSID}
#   - {_votable_string_dtype: char}
# - name: Source
#   datatype: int64
#   description: Source identifier, identical to the Gaia-EDR3 source_id (id)
#   meta: !!omap
#   - {ucd: ID_MAIN}
#   - {width: 19}
# - name: rgeo
#   unit: pc
#   datatype: float64
#   format: '{:15.8f}'
#   description: '? Median of the geometric distance posterior (r_med_geo)'
#   meta: !!omap
#   - {ucd: PHYS_DISTANCE_TRUE}
#   - {width: 15}
#   - {precision: '8'}
#   - values: {'null': .nan}
# - name: Plx
#   unit: mas
#   datatype: float64
#   format: '{:9.4f}'
#   description: '? Parallax (parallax)'
#   meta: !!omap
#   - {ucd: POS_PARLX_TRIG}
#   - {width: 9}
#   - {precision: '4'}
#   - values: {'null': .nan}
# - name: e_Plx
#   unit: mas
#   datatype: float32
#   format: '{:7.4f}'
#   description: '? Standard error of parallax (parallax_error)'
#   meta: !!omap
#   - {ucd: ERROR}
#   - {width: 7}
#   - {precision: '4'}
#   - values: {'null': .nan}
# - name: pmRA
#   unit: mas / yr
#   datatype: float64
#   format: '{:9.3f}'
#   description: '? Proper motion in right ascension direction, pmRA*cosDE (pmra)'
#   meta: !!omap
#   - {ucd: POS_EQ_PMRA}
#   - {width: 9}
#   - {precision: '3'}
#   - values: {'null': .nan}
# - name: pmDE
#   unit: mas / yr
#   datatype: float64
#   format: '{:9.3f}'
#   description: '? Proper motion in declination direction (pmdec)'
#   meta: !!omap
#   - {ucd: POS_EQ_PMDEC}
#   - {width: 9}
#   - {precision: '3'}
#   - values: {'null': .nan}
# - name: e_pmRA
#   unit: mas / yr
#   datatype: float32
#   format: '{:6.3f}'
#   description: '? Standard error of proper motion in right ascension direction (pmra_error)'
#   meta: !!omap
#   - {ucd: ERROR}
#   - {width: 6}
#   - {precision: '3'}
#   - values: {'null': .nan}
# - name: e_pmDE
[...]
#         value: !astropy.table.SerializedColumn {name: SkyCoord.dec}
#       distance: !astropy.table.SerializedColumn
#         __class__: astropy.coordinates.distances.Distance
#         unit: !astropy.units.Unit {unit: pc}
#         value: !astropy.table.SerializedColumn {name: SkyCoord.distance}
#       frame: icrs
#       obstime: !astropy.time.Time {format: jyear_str, in_subfmt: '*', jd1: 367701545.0, jd2: 0.0, out_subfmt: '*', precision: 3, scale: tt}
#       pm_dec: !astropy.table.SerializedColumn
#         __class__: astropy.units.quantity.Quantity
#         unit: !astropy.units.Unit {unit: mas / yr}
#         value: !astropy.table.SerializedColumn {name: SkyCoord.pm_dec}
#       pm_ra_cosdec: !astropy.table.SerializedColumn
#         __class__: astropy.units.quantity.Quantity
#         unit: !astropy.units.Unit {unit: mas / yr}
#         value: !astropy.table.SerializedColumn {name: SkyCoord.pm_ra_cosdec}
#       ra: !astropy.table.SerializedColumn
#         __class__: astropy.coordinates.angles.Longitude
#         unit: *id001
#         value: !astropy.table.SerializedColumn {name: SkyCoord.ra}
#         wrap_angle: !astropy.coordinates.Angle
#           unit: *id001
#           value: 360.0
#       representation_type: spherical
# schema: astropy-2.0
RA_ICRS_1 DE_ICRS_1 e_RA_ICRS e_DE_ICRS _r_1 HIP TYC2 Source rgeo Plx e_Plx pmRA pmDE e_pmRA e_pmDE RUWE Teff logg Gmag BP-RP BPmag RPmag RV e_RV b_rgeo B_rgeo FG e_FG FBP e_FBP FRP e_FRP RAVE5 RAVE6 e_Gmag e_BPmag e_RPmag e_BP-RP SkyCoord.ra SkyCoord.dec SkyCoord.distance SkyCoord.pm_ra_cosdec SkyCoord.pm_dec rmRA rmDE e_rmRA e_rmDE rRV e_rRV v_pec v_pec3d e_vpec e_vpec3d
[from data line 4981]
251.28774565467 -47.26182858372 0.0531 0.0461 15.7061 "" "" 5939639500626710912 2141.73364 0.4755 0.0715 1.229 -1.678 0.076 0.074 1.036 5000.9 4.5065 16.679377 1.553448 17.383104 15.829657 "" "" 1823.29346 2472.9646 4010.48088 2.4895 1521.2 7.9946 3692.3 14.073 "" "" 0.002836551385837562 0.006351687 0.0056043393 0.011956027 251.28774565467 -47.26182858372 2141.73364 1.2289999999999996 -1.678 2.192260889053345 0.5598478050231934 0.28688508 0.28488508 "" "" 22.969678524267493 "" 6.586854759916127 ""
251.39581799924 -47.31478808539 0.0522 0.0415 17.0942 "" "" 5939641252969194624 1973.69299 0.5066 0.0701 -0.025 0.052 0.077 0.07 1.013 5488.6 4.6083 16.67972 1.610569 17.37629 15.76572 "" "" 1796.86182 2203.75635 4009.20834 2.7521 1530.7 5.8344 3916.2 37.516 "" "" 0.0028543402650102697 0.0049911165 0.011066388 0.016057504 251.39581799924 -47.31478808539 1973.69299 -0.02500000000000003 0.052000000000000005 0.9382608890533447 2.2898478050231934 0.28788507 0.28088507 "" "" 23.150809782448075 "" 6.52626123448121 ""
250.62060192188 -47.30616998739 0.0637 0.0441 19.0481 "" "" 5942561590209474304 2251.79736 0.47 0.0824 0.198 -2.801 0.082 0.071 1.013 5185.1 4.6319 16.680155 1.556315 17.406939 15.850623 "" "" 1853.24536 2783.4834 4007.6059 2.3876 1488.1 7.8932 3621.7 11.974 "" "" 0.002830229503985377 0.006399286 0.0052124136 0.0116117 250.62060192188 -47.30616998739 2251.79736 0.1980000000000005 -2.801 1.1612608890533447 -0.5631521949768068 0.29288507 0.2818851 "" "" 13.775322349184703 "" 4.00617720657308 ""
250.76326408655 -47.44631365399 0.0581 0.0443 10.935 "" "" 5942542451832507136 2528.38647 0.3771 0.0723 -2.304 -4.634 0.095 0.078 1.067 6024.0 4.4829 16.680305 1.39841 17.289944 15.891534 "" "" 2175.92017 2921.42773 4007.0462 2.982 1657.4 10.132 3487.7 20.027 "" "" 0.0028713484892699042 0.007199927 0.0072905845 0.014490511 250.76326408655 -47.44631365399 2528.38647 -2.303999999999999 -4.634 -1.340739110946655 -2.396152194976807 0.30588508 0.2888851 "" "" 32.906547592924824 "" 9.64254026033742 ""
251.32880918113 -47.54693506381 0.0505 0.039 13.1484 "" "" 5939538384247150464 2710.28491 0.3438 0.0668 -3.079 -2.646 0.073 0.065 1.001 6140.2 4.5188 16.68043 1.223968 17.218029 15.994061 "" "" 2328.6001 3296.66187 4006.59022 2.1831 1770.9 9.5399 3173.5 9.3708 "" "" 0.0028181149039877896 0.0064803287 0.0049560177 0.011436347 251.32880918113 -47.54693506381 2710.28491 -3.0789999999999993 -2.645999999999997 -2.1157391109466555 -0.40815219497680655 0.28388506 0.27588508 "" "" 27.68151363427765 "" 7.850530589308415 ""
250.97290730967 -47.31691247961 0.0542 0.0418 8.8126 "" "" 5942546957283571840 2118.61401 0.4568 0.0678 -3.124 -7.418 0.075 0.062 0.955 5198.1 4.625 16.680634 1.43436 17.31798 15.883619 "" "" 1856.66003 2468.38062 4005.83502 2.3952 1615.2 13.415 3513.3 12.197 "" "" 0.0028307665704614244 0.009439348 0.005337737 0.014777085 250.97290730967 -47.31691247961 2118.61401 -3.1239999999999997 -7.417999999999999 -2.1607391109466554 -5.180152194976807 0.2858851 0.27288508 "" "" 56.36435669458161 "" 15.491773517202526 ""
250.86045211957 -47.23409227442 0.0626 0.0411 15.1512 "" "" 5942644916865159168 2659.96655 0.3833 0.0754 -2.748 -6.279 0.08 0.067 1.024 5169.6 4.6357 16.681543 1.36976 17.152996 15.783236 "" "" 2202.9978 3156.32764 4002.48432 3.6339 1880.3 49.841 3853.6 75.907 "" "" 0.002926345195606405 0.02891448 0.021717863 0.050632343 250.86045211957 -47.23409227442 2659.96655 -2.747999999999999 -6.278999999999996 -1.7847391109466555 -4.0411521949768066 0.2908851 0.27788508 "" "" 55.699615845529394 "" 15.598569326156658 ""
251.287412841 -47.3874843319 0.0505 0.0386 11.195 "" "" 5939634076114026880 1928.01978 0.5244 0.0652 -4.747 -3.88 0.072 0.059 0.945 4672.4 4.2281 16.681808 1.877078 17.61443 15.737351 "" "" 1680.6543 2148.13867 4001.50229 2.3538 1229.3 10.01 4019.9 8.6612 "" "" 0.002828370211714574 0.009270815 0.004444781 0.013715597 251.287412841 -47.3874843319 1928.01978 -4.747 -3.88 -3.783739110946655 -1.6421521949768065 0.28288507 0.26988506 "" "" 37.695081572164696 "" 10.587216525544308 ""
250.99778571458 -47.26477814159 0.103 0.1267 11.6891 "" "" 5942640961201973120 2001.76184 0.5506 0.1235 -1.985 2.214 0.106 0.141 1.189 "" "" 16.6821 "" "" "" "" "" 1620.68604 2600.36816 4000.42758 5.1436 "" "" "" "" "" "" 0.0030887865291204224 "" "" "" 250.99778571458 -47.26477814159 2001.76184 -1.9849999999999999 2.214 -1.0217391109466554 4.451847805023194 0.31688508 0.35188508 "" "" 43.33891980409847 "" 15.17802096509174 ""
250.87547320569 -47.68942229265 0.0585 0.0388 15.2555 "" "" 5942535133207869056 2242.25391 0.4488 0.0688 -4.559 -9.887 0.076 0.062 1.034 5429.5 4.6343 16.682133 1.435249 17.311764 15.876514 "" "" 1908.66675 2619.89233 4000.30834 2.3559 1624.5 12.706 3536.3 13.897 "" "" 0.002828542050360812 0.008938695 0.005699895 0.01463859 250.87547320569 -47.68942229265 2242.25391 -4.558999999999997 -9.886999999999997 -3.5957391109466554 -7.649152194976807 0.28688508 0.27288508 "" "" 89.83186517256759 "" 24.74612828615347 ""
251.05553899752 -47.54232934199 0.0603 0.0416 5.1358 "" "" 5939541476606275840 2330.2688 0.4466 0.0769 -1.317 -0.643 0.078 0.063 0.909 5515.1 4.6411 16.682318 1.416803 17.252407 15.835604 "" "" 1938.85803 2779.70142 3999.62506 2.6262 1715.7 28.718 3672.1 31.438 "" "" 0.0028460544019993784 0.01838638 0.010034284 0.028420664 251.05553899752 -47.54232934199 2330.2688 -1.317 -0.643 -0.3537391109466552 1.5948478050231933 0.2888851 0.27388507 "" "" 18.043960613823657 "" 4.954992778039356 ""
251.46165629448 -47.64260056563 0.0522 0.0381 20.6122 "" "" 5939525391947930112 2556.51294 0.3914 0.0649 -1.077 -2.104 0.077 0.059 0.939 7184.1 4.3338 16.68235 1.326529 17.276012 15.949483 "" "" 2207.66797 3104.40771 3999.50949 2.1916 1678.8 8.0942 3306.5 9.1341 "" "" 0.002818821084793502 0.0059319534 0.0048248935 0.0107568465 251.46165629448 -47.64260056563 2556.51294 -1.077 -2.104 -0.11373911094665523 0.13384780502319327 0.28788507 0.26988506 "" "" 2.128466078978723 "" 0.5908086586371128 ""
251.48916852745 -47.54454186857 0.0549 0.044 19.2333 "" "" 5939619915570158720 2450.60913 0.4082 0.0712 -4.387 -4.846 0.083 0.075 1.099 "" "" 16.682365 1.740778 17.47117 15.730392 "" "" 2012.52759 2964.21313 3999.45255 2.6231 1402.6 13.308 4045.8 33.918 "" "" 0.0028458514123583774 0.010672737 0.009855718 0.020528454 251.48916852745 -47.54454186857 2450.60913 -4.386999999999999 -4.845999999999996 -3.423739110946655 -2.6081521949768067 0.29388508 0.2858851 "" "" 49.99482117102634 "" 14.547139184002202 ""
250.68973537152 -47.52919222753 0.074 0.0544 14.5228 "" "" 5942540325853920512 2221.25635 0.5035 0.0893 0.29 -2.685 0.103 0.091 1.305 "" "" 16.682367 1.467208 17.107805 15.640597 "" "" 1810.79114 3013.28394 3999.44411 4.3756 1960.2 13.575 4394.6 31.858 "" "" 0.0030004635462941055 0.00802006 0.008731238 0.016751297 250.68973537152 -47.52919222753 2221.25635 0.29000000000000004 -2.685 1.2532608890533448 -0.4471521949768067 0.3138851 0.30188507 "" "" 14.010002988138766 "" 4.378869477045743 ""
251.31460990245 -47.45891128295 0.0577 0.0415 11.4563 "" "" 5939633079681297536 2259.84204 0.4402 0.0724 0.172 -0.78 0.08 0.068 1.119 6025.1 4.4812 16.682554 1.482266 17.299276 15.81701 "" "" 1960.10291 2653.95044 3998.75509 2.776 1643.3 5.7723 3735.5 10.955 "" "" 0.0028565550145631855 0.004725464 0.00494189 0.009667354 251.31460990245 -47.45891128295 2259.84204 0.1719999999999999 -0.7799999999999991 1.1352608890533447 1.4578478050231933 0.2908851 0.27888507 "" "" 19.792330288376817 "" 5.6106248742799485 ""
250.51685507687 -47.47602900436 0.0616 0.0464 20.9306 "" "" 5942552970218526336 2015.65259 0.5106 0.0754 -1.165 -3.937 0.085 0.073 1.315 5933.2 4.5817 16.683039 1.531505 17.25622 15.724715 "" "" 1746.59412 2348.29736 3996.97214 3.4518 1709.7 13.489 4067.0 65.003 "" "" 0.002910492917760116 0.009009077 0.017760145 0.02676922 250.51685507687 -47.47602900436 2015.65259 -1.165 -3.937 -0.2017391109466553 -1.6991521949768065 0.2958851 0.28388506 "" "" 16.348050687558075 "" 4.64375117526993 ""
250.64340597561 -47.59765427038 0.0539 0.038 17.8365 "" "" 5942540394573250176 2492.84912 0.3961 0.0653 -2.396 -5.776 0.071 0.06 1.005 "" "" 16.683458 1.538543 17.394379 15.855836 "" "" 2126.30835 2980.13257 3995.4283 2.462 1505.4 6.6885 3604.3 8.6675 "" "" 0.0028353831422963764 0.0055727335 0.004593555 0.010166288 250.64340597561 -47.59765427038 2492.84912 -2.396 -5.776 -1.4327391109466552 -3.5381521949768064 0.2818851 0.27088508 "" "" 45.10481683112017 "" 12.289330260255172 ""
250.62399515254 -47.58147241953 0.0848 0.0635 18.1194 "" "" 5942540463292817920 2022.34497 0.5786 0.106 -1.0 -1.384 0.113 0.097 1.677 5621.7 4.6457 16.684893 1.512439 17.321835 15.809396 "" "" 1641.65283 2482.34106 3990.1516 3.8094 1609.5 10.471 3761.8 11.98 "" "" 0.0029438463725982044 0.007594632 0.005122432 0.0127170645 250.62399515254 -47.58147241953 2022.34497 -1.0 -1.384 -0.03673911094665527 0.8538478050231935 0.32388508 0.30788508 "" "" 8.192485818470882 "" 2.522592668632369 ""
250.72620240821 -47.54485736699 0.0691 0.0516 13.4496 "" "" 5942540050955499008 2451.1084 0.422 0.0894 1.198 -3.114 0.097 0.087 1.204 "" "" 16.685635 1.594021 17.348236 15.754215 "" "" 2012.81335 3097.87061 3987.4256 3.493 1570.8 12.75 3958.0 28.383 "" "" 0.002914858101829026 0.009243937 0.008654675 0.017898612 250.72620240821 -47.54485736699 2451.1084 1.1980000000000008 -3.1140000000000008 2.1612608890533447 -0.8761521949768065 0.30788508 0.29788506 "" "" 27.094931939524333 "" 8.304417997467917 ""
250.6826246222 -47.29144128794 0.0632 0.0496 17.3744 "" "" 5942561869410378368 2289.15332 0.4428 0.0787 -3.702 -4.957 0.085 0.079 0.994 4632.6 4.352 16.685963 1.722281 17.482101 15.759821 "" "" 1993.4574 2654.97266 3986.2246 2.7421 1388.6 8.9949 3937.6 35.863 "" "" 0.0028547515305386477 0.007566293 0.010586319 0.018152611 250.6826246222 -47.29144128794 2289.15332 -3.702 -4.957 -2.7387391109466552 -2.7191521949768065 0.2958851 0.28988507 "" "" 41.87606875318132 "" 12.266420733938947 ""
250.88977223827 -47.41799381588 0.0576 0.0407 6.2637 "" "" 5942545445454951040 2720.36157 0.3972 0.0686 -2.163 -3.472 0.081 0.066 1.045 5542.9 4.6376 16.686 1.353509 17.271898 15.918389 "" "" 2220.99414 3436.49634 3986.08678 2.3663 1685.2 6.1102 3402.5 10.243 "" "" 0.0028297025369258618 0.004825181 0.004996705 0.009821886 250.88977223827 -47.41799381588 2720.36157 -2.1629999999999994 -3.471999999999998 -1.199739110946655 -1.2341521949768066 0.29188508 0.2768851 "" "" 22.193947829884316 "" 6.309116068037673 ""
251.28985906958 -47.63450341243 0.0532 0.0407 14.8589 "" "" 5939536215247695744 2068.97778 0.4698 0.0682 -3.062 -5.256 0.077 0.063 1.026 5573.9 4.5958 16.686071 1.516727 17.328201 15.811475 "" "" 1857.53101 2408.71069 3985.82211 2.3073 1600.1 28.013 3754.6 30.373 "" "" 0.0028260946694455597 0.01921171 0.009561733 0.028773442 251.28985906958 -47.63450341243 2068.97778 -3.0620000000000003 -5.256000000000002 -2.098739110946655 -3.018152194976807 0.28788507 0.27388507 "" "" 36.05166264108201 "" 10.04130782422701 ""
250.9289767944 -47.27068766734 0.0539 0.0388 12.0073 "" "" 5942641824512656128 1900.52502 0.5146 0.0635 -1.784 -2.624 0.075 0.06 0.985 5318.1 4.6701 16.686083 1.343038 17.286003 15.942965 "" "" 1715.47375 2137.83398 3985.78162 3.1589 1663.5 7.7883 3326.4 11.591 "" "" 0.002886561173058981 0.005798689 0.005347624 0.011146313 250.9289767944 -47.27068766734 1900.52502 -1.7840000000000011 -2.6239999999999997 -0.8207391109466553 -0.38615219497680675 0.2858851 0.27088508 "" "" 8.171082558106717 "" 2.314258084385658 ""
250.88645314849 -47.39366007965 0.0647 0.0459 7.0711 "" "" 5942545754692658048 2045.76868 0.5059 0.0784 -3.469 -1.659 0.094 0.073 1.201 5311.1 4.6703 16.686409 1.342807 17.27193 15.929124 "" "" 1756.974 2532.0542 3984.58274 2.7123 1685.2 7.3151 3369.1 6.9813 "" "" 0.002852717622516528 0.0054769497 0.00439834 0.00987529 250.88645314849 -47.39366007965 2045.76868 -3.4690000000000007 -1.6590000000000016 -2.505739110946655 0.5788478050231933 0.3048851 0.28388506 "" "" 24.93791699973161 "" 7.577538188152016 ""
251.24071790337 -47.30040321874 0.1519 0.113 12.7042 "" "" 5939639023890673664 2740.68628 0.4299 0.1837 -3.176 -6.154 0.204 0.166 3.37 "" "" 16.686565 1.419391 17.175598 15.756207 "" "" 1921.87573 4022.89722 3984.01371 5.1071 1841.5 10.13 3950.7 11.972 "" "" 0.0030868925770450276 0.006592175 0.005010876 0.011603051 251.24071790337 -47.30040321874 2740.68628 -3.176000000000002 -6.1540000000000035 -2.2127391109466554 -3.9161521949768066 0.41488507 0.37688506 "" "" 58.4335185860763 "" 22.58010625422356 ""
250.73574848821 -47.33605763821 0.0578 0.0414 14.0955 "" "" 5942549804814401280 2088.72754 0.485 0.0695 -1.23 -2.319 0.077 0.067 0.97 5382.3 4.6589 16.686623 1.265958 17.237246 15.971288 "" "" 1799.09363 2467.02295 3983.80422 2.3894 1739.9 10.524 3240.7 18.571 "" "" 0.0028312280729952846 0.007135355 0.0072797914 0.014415147 250.73574848821 -47.33605763821 2088.72754 -1.23 -2.319 -0.26673911094665526 -0.08115219497680659 0.28788507 0.27788508 "" "" 2.7603848998722045 "" 0.7923723118987415 ""
251.23021211055 -47.5134958976 0.0523 0.0396 8.6869 "" "" 5939539586841231360 2397.86328 0.4091 0.0681 -1.867 -3.254 0.071 0.062 0.989 "" "" 16.686623 1.436742 17.331097 15.894355 "" "" 2121.29395 2727.75732 3983.80102 2.4312 1595.8 7.0938 3478.7 11.105 "" "" 0.002833870130561678 0.0055748853 0.005128034 0.010702919 251.23021211055 -47.5134958976 2397.86328 -1.8670000000000015 -3.2539999999999996 -0.9037391109466553 -1.0161521949768066 0.2818851 0.27288508 "" "" 15.456372594080314 "" 4.279807596325938 ""
250.75378637743 -47.74733822624 0.0511 0.0367 20.6845 "" "" 5942512013398098560 2676.22534 0.3803 0.0619 3.638 -1.162 0.07 0.058 1.031 "" "" 16.686895 1.61794 17.427994 15.810054 "" "" 2337.19409 3537.30298 3982.80388 2.2596 1459.6 8.5034 3759.6 16.523 "" "" 0.002823335141075766 0.0069133798 0.0060870918 0.0130004715 250.75378637743 -47.74733822624 2676.22534 3.638 -1.161999999999999 4.601260889053345 1.0758478050231934 0.28088507 0.26888508 "" "" 59.94267859687998 "" 16.80047411101478 ""
250.74127872716 -47.24429757602 0.0606 0.0423 17.452 "" "" 5942551797696695424 2527.94824 0.3991 0.0748 -0.635 -0.459 0.086 0.073 1.014 7122.3 4.3268 16.68713 1.594624 17.43475 15.840126 "" "" 2121.86865 3118.38794 3981.93829 2.3796 1450.5 6.5808 3656.9 10.445 "" "" 0.002830684596089633 0.0056612277 0.0048888363 0.010550064 250.74127872716 -47.24429757602 2527.94824 -0.6350000000000002 -0.45900000000000024 0.3282608890533447 1.7788478050231933 0.29688507 0.28388506 "" "" 21.67488482610344 "" 6.162660538346643 ""
250.86498459576 -47.56358869199 0.0648 0.0472 9.2692 "" "" 5942538363023457152 2550.64087 0.4252 0.0857 -1.143 -3.236 0.091 0.077 1.141 5622.3 4.6401 16.687675 1.38879 17.305988 15.917198 "" "" 2031.07349 3259.07275 3979.93828 2.735 1633.1 7.3671 3406.3 9.7058 "" "" 0.0028545535154670607 0.0056368667 0.0048841033 0.01052097 250.86498459576 -47.56358869199 2550.64087 -1.1430000000000002 -3.236000000000002 -0.1797391109466553 -0.9981521949768069 0.30188507 0.28788507 "" "" 12.261789645506672 "" 3.5355045146174158 ""
