Clusters/NGC_6200/NGC_6200_members.tsv
# %ECSV 1.0
# ---
# datatype:
# - name: RA_ICRS_1
#   unit: deg
#   datatype: float64
#   format: '{:15.11f}'
#   description: Right ascension (ICRS) at Ep=2016.0 (ra)
#   meta: !!omap
#   - {ucd: POS_EQ_RA_MAIN}
#   - {width: 15}
#   - {precision: '11'}
# - name: DE_ICRS_1
#   unit: deg
#   datatype: float64
#   format: '{:15.11f}'
#   description: Declination (ICRS) at Ep=2016.0 (dec)
#   meta: !!omap
#   - {ucd: POS_EQ_DEC_MAIN}
#   - {width: 15}
#   - {precision: '11'}
# - name: e_RA_ICRS
#   unit: mas
#   datatype: float64
#   format: '{:7.4f}'
#   description: Standard error of right ascension (ra_error)
#   meta: !!omap
#   - {ucd: ERROR}
#   - {width: 7}
#   - {precision: '4'}
# - name: e_DE_ICRS
#   unit: mas
#   datatype: float64
#   format: '{:7.4f}'
#   description: Standard error of declination (dec_error)
#   meta: !!omap
#   - {ucd: ERROR}
#   - {width: 7}
#   - {precision: '4'}
# - name: _r_1
#   unit: ''
#   datatype: float64
#   format: '{:7.4f}'
#   description: Distance from center (251.03221092000-47.45819559000)[ICRS], at Epoch=J2016.0
#   meta: !!omap
#   - {ucd: POS_ANG_DIST_GENERAL}
#   - {width: 7}
#   - {precision: '4'}
# - name: HIP
#   datatype: int32
#   description: '? HIP cross-id number, van Leeuwen, Cat. I/311 (hip_original_ext_source_id)'
#   meta: !!omap
#   - {ucd: ID_NUMBER}
#   - {width: 6}
#   - values: {'null': -2147483648}
# - name: TYC2
#   datatype: string
#   description: Tycho-2 cross-id name, Hog et al., Cat. I/259 (tyc2_original_ext_source_id)
#   meta: !!omap
#   - {ucd: ID_CROSSID}
#   - {_votable_string_dtype: char}
# - name: Source
#   datatype: int64
#   description: Source identifier, identical to the Gaia-EDR3 source_id (id)
#   meta: !!omap
#   - {ucd: ID_MAIN}
#   - {width: 19}
# - name: rgeo
#   unit: pc
#   datatype: float64
#   format: '{:15.8f}'
#   description: '? Median of the geometric distance posterior (r_med_geo)'
#   meta: !!omap
#   - {ucd: PHYS_DISTANCE_TRUE}
#   - {width: 15}
#   - {precision: '8'}
#   - values: {'null': .nan}
# - name: Plx
#   unit: mas
#   datatype: float64
#   format: '{:9.4f}'
#   description: '? Parallax (parallax)'
#   meta: !!omap
#   - {ucd: POS_PARLX_TRIG}
#   - {width: 9}
#   - {precision: '4'}
#   - values: {'null': .nan}
# - name: e_Plx
#   unit: mas
#   datatype: float32
#   format: '{:7.4f}'
#   description: '? Standard error of parallax (parallax_error)'
#   meta: !!omap
#   - {ucd: ERROR}
#   - {width: 7}
#   - {precision: '4'}
#   - values: {'null': .nan}
# - name: pmRA
#   unit: mas / yr
#   datatype: float64
#   format: '{:9.3f}'
#   description: '? Proper motion in right ascension direction, pmRA*cosDE (pmra)'
#   meta: !!omap
#   - {ucd: POS_EQ_PMRA}
#   - {width: 9}
#   - {precision: '3'}
#   - values: {'null': .nan}
# - name: pmDE
#   unit: mas / yr
#   datatype: float64
#   format: '{:9.3f}'
#   description: '? Proper motion in declination direction (pmdec)'
#   meta: !!omap
#   - {ucd: POS_EQ_PMDEC}
#   - {width: 9}
#   - {precision: '3'}
#   - values: {'null': .nan}
# - name: e_pmRA
#   unit: mas / yr
#   datatype: float32
#   format: '{:6.3f}'
#   description: '? Standard error of proper motion in right ascension direction (pmra_error)'
#   meta: !!omap
#   - {ucd: ERROR}
#   - {width: 6}
#   - {precision: '3'}
#   - values: {'null': .nan}
# - name: e_pmDE
[...]
#         unit: &id001 !astropy.units.Unit {unit: deg}
#         value: !astropy.table.SerializedColumn {name: SkyCoord.dec}
#       distance: !astropy.table.SerializedColumn
#         __class__: astropy.coordinates.distances.Distance
#         unit: !astropy.units.Unit {unit: pc}
#         value: !astropy.table.SerializedColumn {name: SkyCoord.distance}
#       frame: icrs
#       obstime: !astropy.time.Time {format: jyear_str, in_subfmt: '*', jd1: 367701545.0, jd2: 0.0, out_subfmt: '*', precision: 3, scale: tt}
#       pm_dec: !astropy.table.SerializedColumn
#         __class__: astropy.units.quantity.Quantity
#         unit: !astropy.units.Unit {unit: mas / yr}
#         value: !astropy.table.SerializedColumn {name: SkyCoord.pm_dec}
#       pm_ra_cosdec: !astropy.table.SerializedColumn
#         __class__: astropy.units.quantity.Quantity
#         unit: !astropy.units.Unit {unit: mas / yr}
#         value: !astropy.table.SerializedColumn {name: SkyCoord.pm_ra_cosdec}
#       ra: !astropy.table.SerializedColumn
#         __class__: astropy.coordinates.angles.Longitude
#         unit: *id001
#         value: !astropy.table.SerializedColumn {name: SkyCoord.ra}
#         wrap_angle: !astropy.coordinates.Angle
#           unit: *id001
#           value: 360.0
#       representation_type: spherical
# schema: astropy-2.0
RA_ICRS_1 DE_ICRS_1 e_RA_ICRS e_DE_ICRS _r_1 HIP TYC2 Source rgeo Plx e_Plx pmRA pmDE e_pmRA e_pmDE RUWE Teff logg Gmag BP-RP BPmag RPmag RV e_RV b_rgeo B_rgeo FG e_FG FBP e_FBP FRP e_FRP RAVE5 RAVE6 e_Gmag e_BPmag e_RPmag e_BP-RP SkyCoord.ra SkyCoord.dec SkyCoord.distance SkyCoord.pm_ra_cosdec SkyCoord.pm_dec Pmemb
[from data line 40]
250.90084030355 -47.51435248676 0.0165 0.0131 6.3028 "" "" 5942538156864476800 2578.23853 0.3507 0.022 -1.022 -2.524 0.023 0.021 0.909 7992.0 3.5235 13.756656 0.820622 14.077826 13.257203 "" "" 2438.06689 2737.96143 59194.92219 12.617 31936.0 28.156 39471.0 23.974 "" "" 0.002765021409888396 0.002949802 0.0038364842 0.006786286 250.90084030355 -47.51435248676 2578.23853 -1.0220000000000005 -2.524000000000001 0.95
251.01160677856 -47.5786910677 0.0174 0.0128 7.2778 "" "" 5939540991252041088 2349.2981 0.3879 0.021 -0.863 -2.351 0.023 0.019 0.988 6929.6 3.262 13.778324 0.699091 14.040529 13.341438 "" "" 2229.58936 2481.12524 58025.26972 15.986 33053.0 26.611 36524.0 22.683 "" "" 0.00277150911942521 0.0029238923 0.0038390616 0.006762954 251.01160677856 -47.5786910677 2349.2981 -0.863 -2.351 0.97
251.00966987348 -47.4803766972 0.0168 0.0126 1.6146 "" "" 5939541953323868672 2494.96631 0.3641 0.0209 -0.729 -1.826 0.023 0.019 1.016 "" "" 13.779407 0.783133 14.076688 13.293555 "" "" 2332.56567 2641.09009 57967.42433 16.379 31970.0 22.698 38171.0 21.05 "" "" 0.0027723462340200223 0.0028946945 0.003826516 0.0067212107 251.00966987348 -47.4803766972 2494.96631 -0.729 -1.826 0.83
251.08148735432 -47.46983513562 0.0171 0.0127 2.1173 "" "" 5939543155914710016 2425.22217 0.3769 0.0204 -0.997 -1.854 0.024 0.019 1.024 "" "" 13.791539 0.760397 14.083394 13.322997 "" "" 2309.61084 2529.8374 57323.2983 12.535 31773.0 26.88 37150.0 15.111 "" "" 0.0027655302745158102 0.002937474 0.0038050972 0.0067425715 251.08148735432 -47.46983513562 2425.22217 -0.9970000000000003 -1.8539999999999996 0.95
251.01315799224 -47.40471659083 0.017 0.0129 3.3006 "" "" 5942546059602832896 2682.58496 0.3343 0.0212 -0.961 -2.289 0.022 0.019 1.084 10499.3 3.8587 13.832747 0.66736 14.084502 13.417142 "" "" 2552.60889 2814.15771 55188.46234 31.284 31741.0 77.466 34064.0 40.82 "" "" 0.0028232211647078315 0.0038479276 0.0039970637 0.007844991 251.01315799224 -47.40471659083 2682.58496 -0.9610000000000002 -2.2889999999999997 0.98
251.1502674405 -47.37441747222 0.0154 0.012 6.9456 "" "" 5939637065411056640 2572.05444 0.3465 0.0192 -0.585 -1.995 0.02 0.017 0.999 4734.1 2.4822 13.838068 1.730697 14.673058 12.942362 -8.85 1.95 2449.87305 2695.9541 54918.63077 9.9882 18458.0 14.443 52749.0 28.529 "" "" 0.002762387036219395 0.0029166436 0.0038247283 0.006741372 251.1502674405 -47.37441747222 2572.05444 -0.5849999999999999 -1.9949999999999997 0.87
250.92520984309 -47.35351216548 0.0168 0.0129 7.6375 "" "" 5942547232161455104 2260.50024 0.401 0.02 -1.024 -2.336 0.024 0.02 1.063 11458.4 4.2199 13.881832 0.636113 14.05393 13.417817 "" "" 2162.43213 2377.97803 52748.97601 37.15 32647.0 118.04 34043.0 517.11 "" "" 0.002859457333390333 0.0048161894 0.016919734 0.021735923 250.92520984309 -47.35351216548 2260.50024 -1.0239999999999998 -2.3360000000000003 0.95
251.02795696936 -47.59538598567 0.0169 0.0128 8.2332 "" "" 5939535051351490304 2424.87964 0.3777 0.0206 -1.218 -2.53 0.022 0.019 0.914 5304.2 2.9212 13.885825 1.824773 14.776432 12.951659 -81.73 3.51 2308.56177 2562.59302 52555.33556 10.9 16782.0 20.14 52299.0 21.885 "" "" 0.0027645065402706354 0.0030794193 0.003806593 0.006886012 251.02795696936 -47.59538598567 2424.87964 -1.218 -2.5300000000000002 0.81
250.98685251743 -47.48132618702 0.0171 0.0142 2.3045 "" "" 5942544277223515136 2564.81982 0.3485 0.0229 -1.218 -1.914 0.023 0.022 1.009 4870.1 2.4958 13.897656 1.911614 14.833725 12.922111 -3.24 5.53 2450.61108 2694.27026 51985.72424 14.37 15919.0 26.791 53742.0 110.51 "" "" 0.0027716172652675944 0.0033352484 0.004389562 0.0077248104 250.98685251743 -47.48132618702 2564.81982 -1.218 -1.9140000000000004 0.86
250.91822823879 -47.58189872322 0.0182 0.0139 8.7419 "" "" 5942537710211140224 2705.98682 0.3255 0.0234 -1.323 -2.173 0.026 0.022 1.04 9131.4 3.8859 13.957343 1.099479 14.401203 13.301724 "" "" 2524.5625 2891.14478 49205.02396 10.564 23710.0 39.617 37885.0 94.341 "" "" 0.002765162790923346 0.0033280933 0.0046469006 0.007974993 250.91822823879 -47.58189872322 2705.98682 -1.323 -2.173 0.96
250.85073210702 -47.56277932965 0.0181 0.0128 9.668 "" "" 5942538332988753920 2339.39062 0.3895 0.0222 -1.523 -2.02 0.026 0.022 0.946 7495.2 3.4913 14.030971 1.142832 14.458205 13.315373 "" "" 2215.2876 2471.57031 45978.90182 14.079 22498.0 141.1 37412.0 186.11 "" "" 0.0027753050458371358 0.00735885 0.0065920954 0.013950946 250.85073210702 -47.56277932965 2339.39062 -1.5230000000000001 -2.0199999999999996 0.88
251.08813944832 -47.52317471187 0.0185 0.0147 4.5102 "" "" 5939540858148543616 2285.96704 0.3968 0.0232 -1.034 -2.112 0.027 0.022 0.956 9699.3 3.5622 14.108988 0.791734 14.411618 13.619884 "" "" 2169.15259 2409.21289 42790.93693 10.567 23484.0 19.543 28262.0 29.548 "" "" 0.0027683345344053922 0.0029328174 0.0039461716 0.006878989 251.08813944832 -47.52317471187 2285.96704 -1.034 -2.111999999999999 0.98
251.01942649984 -47.46389671867 0.0182 0.0142 0.6213 "" "" 5939541987683603968 2595.00317 0.3458 0.0227 -1.039 -2.334 0.025 0.021 0.994 10005.2 3.6745 14.149845 0.695318 14.373673 13.678355 "" "" 2452.2168 2771.30933 41210.58468 11.624 24319.0 97.613 26780.0 104.97 "" "" 0.002772287199555149 0.005174662 0.005691693 0.010866355 251.01942649984 -47.46389671867 2595.00317 -1.0390000000000004 -2.3340000000000005 0.98
251.11761574697 -47.59533175013 0.0178 0.0133 8.9261 "" "" 5939540067874428544 2646.03149 0.3473 0.0222 -0.964 -2.207 0.025 0.02 0.998 9312.1 3.5496 14.164671 0.773453 14.461038 13.687585 "" "" 2490.75537 2809.88013 40651.66 10.786 22439.0 18.598 26554.0 27.56 "" "" 0.00277033877801827 0.002931696 0.0039438005 0.0068754964 251.11761574697 -47.59533175013 2646.03149 -0.964 -2.207 0.97
251.15980335774 -47.41235705524 0.0172 0.0131 5.8634 "" "" 5939636859252601728 2430.94214 0.3732 0.0221 -0.907 -2.286 0.023 0.019 1.022 "" "" 14.175779 0.673711 14.42089 13.747179 "" "" 2303.17603 2553.02612 40237.88595 13.221 23284.0 22.001 25135.0 35.272 "" "" 0.0027783185169523903 0.0029727998 0.0040749395 0.0070477393 251.15980335774 -47.41235705524 2430.94214 -0.907 -2.2859999999999996 0.98
250.89251245009 -47.57322356517 0.0179 0.0142 8.9264 "" "" 5942537542714694912 2506.83276 0.3567 0.024 -1.285 -2.084 0.027 0.023 0.935 7200.7 3.0124 14.247164 1.191566 14.753739 13.562174 -49.51 13.83 2346.22485 2669.51196 37677.42634 8.7321 17136.0 18.385 29805.0 22.712 "" "" 0.002766786377963853 0.0030235702 0.003868881 0.006892451 250.89251245009 -47.57322356517 2506.83276 -1.2849999999999997 -2.0839999999999996 0.98
251.02318452882 -47.43062311235 0.0189 0.0152 1.6944 "" "" 5939543602591305600 2501.09131 0.3623 0.0237 -0.945 -2.225 0.025 0.023 0.879 10521.0 3.6698 14.250061 0.746946 14.509238 13.762292 "" "" 2351.30811 2670.23682 37577.02132 10.049 21465.0 32.836 24788.0 57.097 "" "" 0.002770576415909314 0.0032470971 0.004531911 0.0077790082 251.02318452882 -47.43062311235 2501.09131 -0.9450000000000003 -2.2250000000000005 0.98
251.03927043628 -47.54741200222 0.0199 0.0144 5.3606 "" "" 5939541167386191232 2311.86133 0.3869 0.0257 -0.621 -2.385 0.027 0.023 0.975 7499.6 3.9266 14.354261 0.878419 14.695509 13.81709 "" "" 2204.19531 2487.66797 34138.32447 8.8386 18081.0 18.602 23568.0 18.789 "" "" 0.0027696224185463727 0.0030054592 0.0038772346 0.0068826936 251.03927043628 -47.54741200222 2311.86133 -0.621 -2.385 0.96
251.11203456596 -47.3611351814 0.0191 0.0157 6.6649 "" "" 5939637890044802560 2752.92456 0.3245 0.0245 -0.839 -2.315 0.025 0.022 1.156 9253.6 3.5096 14.356491 0.754071 14.643544 13.889473 "" "" 2581.448 2936.55859 34068.2765 8.9272 18967.0 21.369 22048.0 17.657 "" "" 0.0027699697320309395 0.003046531 0.0038781136 0.0069246446 251.11203456596 -47.3611351814 2752.92456 -0.839 -2.315 0.98
250.87333665425 -47.40188043479 0.0191 0.014 7.2802 "" "" 5942545651613439744 2286.87598 0.3966 0.023 -0.658 -1.857 0.027 0.023 0.971 7199.5 3.816 14.419906 0.751261 14.692336 13.941075 "" "" 2165.74854 2399.86963 32135.44326 7.7129 18134.0 22.989 21025.0 117.55 "" "" 0.002767615677030238 0.003111202 0.0071506924 0.010261894 250.87333665425 -47.40188043479 2286.87598 -0.6579999999999998 -1.8569999999999998 0.91
250.94817244204 -47.38160870157 0.0198 0.0153 5.7233 "" "" 5942546368858234112 2606.81445 0.34 0.0239 -0.867 -2.342 0.029 0.024 0.981 9493.7 3.5511 14.43945 0.649809 14.680924 14.031116 "" "" 2464.51636 2737.11035 31562.14709 8.4355 18325.0 19.383 19351.0 15.993 "" "" 0.002770558477025897 0.0030172702 0.0038844463 0.006901717 250.94817244204 -47.38160870157 2606.81445 -0.8670000000000002 -2.342 0.97
251.15817360477 -47.39222177216 0.0198 0.0149 6.4664 "" "" 5939637065411043712 2610.96045 0.3426 0.0246 -0.923 -1.996 0.027 0.022 0.959 9197.2 3.5197 14.45856 0.733338 14.740907 14.007568 "" "" 2465.7666 2779.76294 31011.48515 8.6407 17340.0 18.561 19776.0 16.019 "" "" 0.0027718777616565723 0.003022537 0.0038803602 0.0069028973 251.15817360477 -47.39222177216 2610.96045 -0.9229999999999998 -1.9960000000000004 0.96
250.95183420307 -47.34811931459 0.0206 0.0162 7.3671 "" "" 5942547537089342592 2397.01636 0.3716 0.0241 -0.603 -2.06 0.029 0.025 0.901 8704.6 3.5359 14.563451 0.940872 14.942027 14.001155 "" "" 2238.19971 2573.10645 28155.69802 9.3742 14408.0 22.087 19893.0 26.264 "" "" 0.002778931804969688 0.0032488876 0.0040420946 0.007290982 250.95183420307 -47.34811931459 2397.01636 -0.6030000000000002 -2.06 0.93
250.87281376262 -47.39637246653 0.0209 0.0153 7.4581 "" "" 5942545750365235840 2331.08203 0.392 0.0248 -0.836 -2.141 0.029 0.025 1.015 7878.1 3.4994 14.6253 1.06137 15.032539 13.971169 "" "" 2201.81445 2467.14282 26596.63778 7.5126 13256.0 46.373 20450.0 91.792 "" "" 0.002772335305579942 0.004712888 0.0061671846 0.010880073 250.87281376262 -47.39637246653 2331.08203 -0.8360000000000001 -2.141 0.95
251.14900806963 -47.5915024801 0.0226 0.0173 9.2934 "" "" 5939540372776067072 2671.24951 0.3297 0.028 -0.966 -2.211 0.036 0.029 1.036 4684.0 2.8164 14.654321 2.252159 15.834707 13.582548 -43.36 4.57 2451.06934 2908.99438 25895.15969 8.2553 6331.9 9.9471 29251.0 28.147 "" "" 0.0027769758740525076 0.003270206 0.0039211283 0.0071913344 251.14900806963 -47.5915024801 2671.24951 -0.9660000000000001 -2.2110000000000003 0.98
251.00707752862 -47.4714629288 0.022 0.0168 1.2934 "" "" 5939541957660311680 2600.15991 0.3454 0.0284 -0.903 -2.375 0.03 0.026 0.942 9359.7 3.6435 14.721592 0.797524 15.032641 14.235117 "" "" 2439.11255 2835.18237 24339.40878 7.2207 13254.0 13.753 16037.0 17.491 "" "" 0.00277408348206068 0.0030090373 0.003960555 0.0069695925 251.00707752862 -47.4714629288 2600.15991 -0.903 -2.375 0.97
250.99675066733 -47.49451680502 0.0236 0.0177 2.611 "" "" 5939541820221340032 2597.06738 0.3448 0.0291 -0.971 -2.249 0.032 0.026 0.954 "" "" 14.742413 0.740149 15.012188 14.272039 "" "" 2414.32397 2790.58911 23877.10353 7.4767 13506.0 16.849 15500.0 31.835 "" "" 0.0027762160219879694 0.003101557 0.0043882183 0.0074897753 250.99675066733 -47.49451680502 2597.06738 -0.9710000000000001 -2.249 0.98
250.95139418537 -47.43210104336 0.0235 0.0186 3.6339 "" "" 5942544689540556544 2555.9624 0.3463 0.0311 -1.048 -1.826 0.032 0.031 1.105 4565.4 2.5581 14.770884 2.851618 16.3847 13.533083 -78.46 2.78 2386.66724 2716.62866 23259.12915 11.292 3815.4 18.845 30614.0 68.496 "" "" 0.0028052869649960815 0.0060450956 0.0044927616 0.010537857 250.95139418537 -47.43210104336 2555.9624 -1.0480000000000005 -1.8260000000000007 0.93
251.10080655339 -47.48673005851 0.0232 0.0172 3.2666 "" "" 5939542404336823296 2290.66089 0.3991 0.0291 -0.88 -2.293 0.033 0.026 1.01 9206.7 3.5473 14.776131 0.75036 15.061301 14.310942 "" "" 2158.23022 2438.39673 23146.98464 6.6805 12909.0 16.725 14955.0 19.999 "" "" 0.0027730816376107833 0.003124711 0.0040486827 0.007173394 251.10080655339 -47.48673005851 2290.66089 -0.8799999999999998 -2.293 0.97
251.0397537211 -47.35290887542 0.0214 0.0171 6.3246 "" "" 5942546609358717952 2639.70532 0.3428 0.0274 -0.91 -2.241 0.034 0.027 0.992 9637.5 4.0179 14.809924 0.694003 15.058732 14.364729 "" "" 2453.68579 2829.57422 22437.64248 7.3507 12940.0 18.92 14232.0 24.293 "" "" 0.002778184151904191 0.0032101674 0.0042093173 0.0074194847 251.0397537211 -47.35290887542 2639.70532 -0.91 -2.241 0.98
251.05973299983 -47.58706747061 0.0256 0.018 7.8123 "" "" 5939540205313439872 2802.31299 0.3174 0.0295 -0.374 -2.255 0.035 0.027 0.968 4814.0 2.8906 14.811395 2.242131 15.9897 13.747569 -65.16 3.97 2565.03101 3097.78833 22407.27578 6.4837 5489.5 10.549 25126.0 20.542 "" "" 0.002773173130486605 0.0034839944 0.0038822233 0.0073662177 251.05973299983 -47.58706747061 2802.31299 -0.374 -2.255 0.85
250.94652306022 -47.60025854651 0.025 0.0201 9.2036 "" "" 5942537645777343360 2385.71777 0.383 0.0336 -1.034 -2.278 0.038 0.033 1.021 9291.8 3.8948 14.847484 0.887808 15.19418 14.306373 "" "" 2191.68091 2534.74561 21674.71318 6.7032 11422.0 27.24 15018.0 20.73 "" "" 0.0027757047251854437 0.0038065384 0.004065685 0.007872224 250.94652306022 -47.60025854651 2385.71777 -1.0340000000000003 -2.2779999999999996 0.99
251.03757624197 -47.41810912054 0.0237 0.0178 2.415 "" "" 5939543636972302080 2534.09595 0.3573 0.0299 -0.916 -2.303 0.031 0.027 0.941 9593.9 3.7878 14.874282 0.881806 15.193047 14.31124 "" "" 2356.76025 2777.73975 21146.27844 6.7694 11434.0 26.846 14951.0 69.514 "" "" 0.0027771556201761603 0.003779355 0.0063060964 0.010085451 251.03757624197 -47.41810912054 2534.09595 -0.916 -2.303 0.98
251.10605788686 -47.49230826464 0.024 0.018 3.6274 "" "" 5939542400000701568 2377.25171 0.3765 0.03 -1.02 -2.301 0.034 0.026 0.907 9291.1 3.6576 14.890468 0.860841 15.225187 14.364346 "" "" 2222.52222 2517.47314 20833.38628 6.1591 11100.0 19.068 14237.0 16.208 "" "" 0.002773953736215356 0.003356146 0.003976373 0.0073325187 251.10605788686 -47.49230826464 2377.25171 -1.0199999999999998 -2.3009999999999993 0.98
251.02305316632 -47.53885052737 0.0262 0.0184 4.8535 "" "" 5939541369208522624 2243.07349 0.4065 0.0325 -1.003 -2.562 0.035 0.028 1.056 9442.2 4.1164 14.970552 1.021675 15.391046 14.36937 "" "" 2091.88354 2413.13867 19351.99521 5.4857 9527.9 13.609 14171.0 16.316 "" "" 0.0027724562502602097 0.0031921782 0.0039807567 0.0071729347 251.02305316632 -47.53885052737 2243.07349 -1.0029999999999997 -2.5620000000000003 0.87
250.92818996588 -47.61373751883 0.0256 0.0195 10.2397 "" "" 5942537233476924416 2356.40747 0.3837 0.0341 -1.074 -2.318 0.037 0.033 0.991 "" "" 15.040162 0.799408 15.341535 14.542127 "" "" 2178.15186 2574.84058 18150.22181 5.9013 9972.5 16.803 12087.0 16.111 "" "" 0.0027778421861187983 0.0033364245 0.0040469877 0.007383412 250.92818996588 -47.61373751883 2356.40747 -1.0740000000000003 -2.318 0.98
251.01473484675 -47.56273043555 0.0271 0.0196 6.312 "" "" 5939541231769373056 2772.77808 0.3393 0.0338 -0.911 -2.322 0.036 0.028 0.914 9682.9 4.0455 15.07911 1.08228 15.522411 14.440131 "" "" 2500.80957 3131.09253 17510.66028 5.4822 8442.1 9.8097 13277.0 17.905 "" "" 0.0027762087420002872 0.0030621463 0.0040530968 0.007115243 251.01473484675 -47.56273043555 2772.77808 -0.911 -2.322 0.98
251.06065510509 -47.43887597466 0.0254 0.0194 1.6358 "" "" 5939543568231833344 2748.46973 0.3371 0.0333 -0.942 -2.301 0.036 0.03 0.989 9803.3 3.9572 15.080432 0.876699 15.416388 14.539688 "" "" 2533.16968 3029.26245 17489.35826 5.1664 9308.1 15.73 12114.0 37.293 "" "" 0.0027739244049653656 0.0033393996 0.0050453595 0.008384759 251.06065510509 -47.43887597466 2748.46973 -0.9420000000000004 -2.301 0.98
251.05256465824 -47.43352077808 0.0271 0.0197 1.6953 "" "" 5939543568231834880 2518.71558 0.3603 0.035 -0.863 -2.227 0.037 0.03 0.981 "" "" 15.1127 0.879009 15.446346 14.567337 "" "" 2310.65698 2755.48389 16977.2191 4.9368 9054.8 14.587 11809.0 34.128 "" "" 0.0027733497908726994 0.0032930765 0.0049121655 0.008205242 251.05256465824 -47.43352077808 2518.71558 -0.863 -2.227 0.97
