Clusters/NGC_6200/NGC_6200_stars_in_region.tsv
# %ECSV 1.0
# ---
# datatype:
# - name: RA_ICRS_1
#   unit: deg
#   datatype: float64
#   format: '{:15.11f}'
#   description: Right ascension (ICRS) at Ep=2016.0 (ra)
#   meta: !!omap
#   - {ucd: POS_EQ_RA_MAIN}
#   - {width: 15}
#   - {precision: '11'}
# - name: DE_ICRS_1
#   unit: deg
#   datatype: float64
#   format: '{:15.11f}'
#   description: Declination (ICRS) at Ep=2016.0 (dec)
#   meta: !!omap
#   - {ucd: POS_EQ_DEC_MAIN}
#   - {width: 15}
#   - {precision: '11'}
# - name: e_RA_ICRS
#   unit: mas
#   datatype: float64
#   format: '{:7.4f}'
#   description: Standard error of right ascension (ra_error)
#   meta: !!omap
#   - {ucd: ERROR}
#   - {width: 7}
#   - {precision: '4'}
# - name: e_DE_ICRS
#   unit: mas
#   datatype: float64
#   format: '{:7.4f}'
#   description: Standard error of declination (dec_error)
#   meta: !!omap
#   - {ucd: ERROR}
#   - {width: 7}
#   - {precision: '4'}
# - name: _r_1
#   unit: ''
#   datatype: float64
#   format: '{:7.4f}'
#   description: Distance from center (251.03221092000-47.45819559000)[ICRS], at Epoch=J2016.0
#   meta: !!omap
#   - {ucd: POS_ANG_DIST_GENERAL}
#   - {width: 7}
#   - {precision: '4'}
# - name: HIP
#   datatype: int32
#   description: '? HIP cross-id number, van Leeuwen, Cat. I/311 (hip_original_ext_source_id)'
#   meta: !!omap
#   - {ucd: ID_NUMBER}
#   - {width: 6}
#   - values: {'null': -2147483648}
# - name: TYC2
#   datatype: string
#   description: Tycho-2 cross-id name, Hog et al., Cat. I/259 (tyc2_original_ext_source_id)
#   meta: !!omap
#   - {ucd: ID_CROSSID}
#   - {_votable_string_dtype: char}
# - name: Source
#   datatype: int64
#   description: Source identifier, identical to the Gaia-EDR3 source_id (id)
#   meta: !!omap
#   - {ucd: ID_MAIN}
#   - {width: 19}
# - name: rgeo
#   unit: pc
#   datatype: float64
#   format: '{:15.8f}'
#   description: '? Median of the geometric distance posterior (r_med_geo)'
#   meta: !!omap
#   - {ucd: PHYS_DISTANCE_TRUE}
#   - {width: 15}
#   - {precision: '8'}
#   - values: {'null': .nan}
# - name: Plx
#   unit: mas
#   datatype: float64
#   format: '{:9.4f}'
#   description: '? Parallax (parallax)'
#   meta: !!omap
#   - {ucd: POS_PARLX_TRIG}
#   - {width: 9}
#   - {precision: '4'}
#   - values: {'null': .nan}
# - name: e_Plx
#   unit: mas
#   datatype: float32
#   format: '{:7.4f}'
#   description: '? Standard error of parallax (parallax_error)'
#   meta: !!omap
#   - {ucd: ERROR}
#   - {width: 7}
#   - {precision: '4'}
#   - values: {'null': .nan}
# - name: pmRA
#   unit: mas / yr
#   datatype: float64
#   format: '{:9.3f}'
#   description: '? Proper motion in right ascension direction, pmRA*cosDE (pmra)'
#   meta: !!omap
#   - {ucd: POS_EQ_PMRA}
#   - {width: 9}
#   - {precision: '3'}
#   - values: {'null': .nan}
# - name: pmDE
#   unit: mas / yr
#   datatype: float64
#   format: '{:9.3f}'
#   description: '? Proper motion in declination direction (pmdec)'
#   meta: !!omap
#   - {ucd: POS_EQ_PMDEC}
#   - {width: 9}
#   - {precision: '3'}
#   - values: {'null': .nan}
# - name: e_pmRA
#   unit: mas / yr
#   datatype: float32
#   format: '{:6.3f}'
#   description: '? Standard error of proper motion in right ascension direction (pmra_error)'
#   meta: !!omap
#   - {ucd: ERROR}
#   - {width: 6}
#   - {precision: '3'}
#   - values: {'null': .nan}
# - name: e_pmDE
[...]
#         value: !astropy.table.SerializedColumn {name: SkyCoord.dec}
#       distance: !astropy.table.SerializedColumn
#         __class__: astropy.coordinates.distances.Distance
#         unit: !astropy.units.Unit {unit: pc}
#         value: !astropy.table.SerializedColumn {name: SkyCoord.distance}
#       frame: icrs
#       obstime: !astropy.time.Time {format: jyear_str, in_subfmt: '*', jd1: 367701545.0, jd2: 0.0, out_subfmt: '*', precision: 3, scale: tt}
#       pm_dec: !astropy.table.SerializedColumn
#         __class__: astropy.units.quantity.Quantity
#         unit: !astropy.units.Unit {unit: mas / yr}
#         value: !astropy.table.SerializedColumn {name: SkyCoord.pm_dec}
#       pm_ra_cosdec: !astropy.table.SerializedColumn
#         __class__: astropy.units.quantity.Quantity
#         unit: !astropy.units.Unit {unit: mas / yr}
#         value: !astropy.table.SerializedColumn {name: SkyCoord.pm_ra_cosdec}
#       ra: !astropy.table.SerializedColumn
#         __class__: astropy.coordinates.angles.Longitude
#         unit: *id001
#         value: !astropy.table.SerializedColumn {name: SkyCoord.ra}
#         wrap_angle: !astropy.coordinates.Angle
#           unit: *id001
#           value: 360.0
#       representation_type: spherical
# schema: astropy-2.0
RA_ICRS_1 DE_ICRS_1 e_RA_ICRS e_DE_ICRS _r_1 HIP TYC2 Source rgeo Plx e_Plx pmRA pmDE e_pmRA e_pmDE RUWE Teff logg Gmag BP-RP BPmag RPmag RV e_RV b_rgeo B_rgeo FG e_FG FBP e_FBP FRP e_FRP RAVE5 RAVE6 e_Gmag e_BPmag e_RPmag e_BP-RP SkyCoord.ra SkyCoord.dec SkyCoord.distance SkyCoord.pm_ra_cosdec SkyCoord.pm_dec rmRA rmDE e_rmRA e_rmDE rRV e_rRV v_pec v_pec3d e_vpec e_vpec3d
[from data line 5873]
250.67554866233 -47.34269214732 0.0918 0.0537 16.0573 "" "" 5942549568604766976 2222.20215 0.5007 0.1039 -2.727 -3.846 0.162 0.097 1.082 "" "" 16.945621 "" "" "" "" "" 1818.18713 2763.32104 3138.32547 3.7301 "" "" "" "" "" "" 0.003042547217636539 "" "" "" 250.67554866233 -47.34269214732 2222.20215 -2.7269999999999994 -3.846 -1.7637391109466551 -1.6081521949768067 0.37288508 0.30788508 "" "" 25.140986432905972 "" 8.67111546665797 ""
250.6943574631 -47.36477100694 0.0701 0.05 14.8191 "" "" 5942549499904398976 2727.87549 0.3554 0.0794 -8.704 -2.716 0.096 0.078 1.038 5363.0 4.6963 16.945814 1.430616 17.570297 16.13968 "" "" 2305.03516 3345.91895 3137.77068 2.4048 1280.3 12.648 2775.1 44.476 "" "" 0.002878228721902283 0.011082883 0.017806588 0.02888947 250.6943574631 -47.36477100694 2727.87549 -8.704000000000006 -2.715999999999997 -7.740739110946656 -0.47815219497680683 0.30688506 0.2888851 "" "" 100.27953118842842 "" 30.767629644331173 ""
250.9600066668 -47.30114307286 0.0647 0.0543 9.8692 "" "" 5942547708871447168 2081.15405 0.5352 0.0881 1.55 -5.735 0.09 0.083 0.935 4808.1 4.3525 16.945839 1.602283 17.696287 16.094004 "" "" 1753.8894 2457.65137 3137.69941 10.705 1140.0 13.0 2894.4 41.741 "" "" 0.00461662390490866 0.012691698 0.01610739 0.028799087 250.9600066668 -47.30114307286 2081.15405 1.5500000000000007 -5.734999999999999 2.5132608890533445 -3.497152194976807 0.30088508 0.29388508 "" "" 42.482902587216856 "" 12.587160371144105 ""
251.01756234927 -47.17632214096 0.0664 0.049 16.9229 "" "" 5942643881781631744 2588.6355 0.4152 0.076 -4.177 -6.541 0.092 0.074 0.99 4703.1 4.3773 16.9459 1.425032 17.599798 16.174767 "" "" 2128.63574 3082.83057 3137.52425 2.0981 1245.9 11.411 2686.9 11.096 "" "" 0.002849373677844547 0.010328111 0.0058640894 0.016192202 251.01756234927 -47.17632214096 2588.6355 -4.177 -6.541 -3.213739110946655 -4.303152194976807 0.3028851 0.28488508 "" "" 65.90013538993126 "" 19.20710962782476 ""
251.0147479746 -47.19233711891 0.1464 0.1626 15.9673 "" "" 5942643782993708928 2091.77002 0.5832 0.1191 -0.194 -2.444 0.236 0.258 1.023 "" "" 16.946112 "" "" "" "" "" 1578.92322 2753.6272 3136.91171 4.7843 "" "" "" "" "" "" 0.0032146342545384533 "" "" "" 251.0147479746 -47.19233711891 2091.77002 -0.19400000000000034 -2.444 0.7692608890533448 -0.2061521949768066 0.44688508 0.46888506 "" "" 7.896348267276287 "" 3.5406667481868355 ""
251.02698124927 -47.14584283816 0.0652 0.0509 18.7424 "" "" 5942644298414323072 2148.19141 0.4672 0.0834 -4.638 -2.172 0.089 0.079 1.01 5154.5 4.7212 16.946177 1.455069 17.575666 16.120598 "" "" 1843.36414 2602.11963 3136.72373 2.6183 1273.9 11.159 2824.4 18.326 "" "" 0.0029005433814436182 0.009911569 0.007994516 0.017906085 251.02698124927 -47.14584283816 2148.19141 -4.638000000000001 -2.1719999999999997 -3.674739110946655 0.0658478050231932 0.2998851 0.28988507 "" "" 37.42377057417973 "" 11.222712838501922 ""
250.82338854553 -47.77903951804 0.0568 0.0424 21.0217 "" "" 5942510948274843520 2466.7229 0.4164 0.0731 -6.019 -5.124 0.084 0.071 0.964 4927.6 4.3733 16.946299 1.582191 17.689123 16.106932 "" "" 2066.84863 3067.62769 3136.37164 1.8918 1147.5 7.0586 2860.1 5.8477 "" "" 0.002832080064844133 0.007238074 0.0043830997 0.0116211735 250.82338854553 -47.77903951804 2466.7229 -6.019 -5.124 -5.055739110946655 -2.8861521949768063 0.29488507 0.2818851 "" "" 68.06704205501387 "" 19.858118170096418 ""
250.69226966616 -47.39909050135 0.0668 0.0477 14.2468 "" "" 5942543349511165952 2306.7395 0.4596 0.0777 -0.389 -0.835 0.094 0.079 0.968 5297.3 4.6829 16.946758 1.450623 17.59435 16.143728 "" "" 1921.13367 2921.51367 3135.04004 2.2322 1252.2 7.0077 2764.8 12.792 "" "" 0.0028617152521798546 0.0066861236 0.0062863682 0.012972492 250.69226966616 -47.39909050135 2306.7395 -0.389 -0.8349999999999997 0.5742608890533447 1.4028478050231934 0.3048851 0.28988507 "" "" 16.574063307362685 "" 4.841039163576347 ""
251.08390938196 -47.78835744074 0.0635 0.0565 19.9197 "" "" 5939528656106233344 2016.25281 0.5218 0.0882 -0.383 -2.925 0.091 0.086 0.951 5032.1 4.6748 16.946844 1.642824 17.711977 16.069153 "" "" 1745.24561 2336.40894 3134.79633 2.0701 1123.6 11.482 2961.4 17.752 "" "" 0.00284707709233939 0.011440528 0.007526158 0.018966686 251.08390938196 -47.78835744074 2016.25281 -0.3829999999999998 -2.925 0.5802608890533447 -0.6871521949768065 0.30188507 0.29688507 "" "" 8.59539028347731 "" 2.569819856757914 ""
250.92071790576 -47.12055489141 0.0624 0.0451 20.7604 "" "" 5942647145954977792 2425.21997 0.4196 0.0765 -0.392 -2.952 0.087 0.074 1.051 4985.5 4.705 16.946968 1.252014 17.500341 16.248327 "" "" 2123.44653 2814.45923 3134.43515 2.0243 1365.5 8.4433 2510.9 7.6151 "" "" 0.0028431437307384192 0.007270163 0.0050126356 0.012282798 250.92071790576 -47.12055489141 2425.21997 -0.3920000000000006 -2.952 0.5712608890533447 -0.7141521949768066 0.29788506 0.28488508 "" "" 10.51293843095382 "" 3.049035113998641 ""
250.74592379114 -47.23395066625 0.0655 0.0471 17.7901 "" "" 5942551832040120192 2743.50098 0.3861 0.0826 -2.623 -4.802 0.089 0.079 1.019 4892.8 4.6067 16.947102 1.32135 17.546984 16.225634 "" "" 2229.00171 3553.76685 3134.05188 2.2798 1308.0 8.9941 2563.9 8.4419 "" "" 0.0028662810243973804 0.007970111 0.0052022696 0.013172381 250.74592379114 -47.23395066625 2743.50098 -2.623 -4.802 -1.6597391109466555 -2.5641521949768062 0.2998851 0.28988507 "" "" 39.72054651589446 "" 11.633086951842174 ""
251.09253344892 -47.22101842583 0.0945 0.0683 14.4404 "" "" 5942642786562542336 1907.58838 0.5763 0.1107 -1.107 -2.117 0.123 0.112 0.987 "" "" 16.94719 "" "" "" "" "" 1521.14856 2280.14111 3133.8007 3.1964 "" "" "" "" "" "" 0.0029695417149299616 "" "" "" 251.09253344892 -47.22101842583 1907.58838 -1.107 -2.1170000000000004 -0.14373911094665526 0.12084780502319337 0.33388507 0.3228851 "" "" 1.697992304163081 "" 0.5592749750033347 ""
251.05942624203 -47.560670199 0.0668 0.0472 6.2466 "" "" 5939541094331077888 2608.69336 0.3933 0.0858 -5.103 -0.292 0.092 0.072 0.983 5499.6 4.6974 16.94761 1.619392 17.626816 16.007423 "" "" 2171.44458 3356.03052 3132.58374 2.4484 1215.3 9.4609 3134.7 21.125 "" "" 0.0028830391106336607 0.008900892 0.008235305 0.017136198 251.05942624203 -47.560670199 2608.69336 -5.103 -0.29200000000000004 -4.139739110946655 1.9458478050231933 0.3028851 0.28288507 "" "" 56.561546662325036 "" 16.932544952720917 ""
250.77123173838 -47.15693906771 0.0609 0.043 20.9631 "" "" 5942646252601750144 2118.5083 0.467 0.077 -5.618 -7.853 0.085 0.072 0.992 5002.4 4.686 16.94788 1.435339 17.58262 16.147282 "" "" 1763.50574 2692.65796 3131.80392 2.0064 1265.8 5.909 2755.8 13.464 "" "" 0.002841763787568288 0.005785672 0.0065132366 0.012298908 250.77123173838 -47.15693906771 2118.5083 -5.618 -7.853 -4.654739110946656 -5.615152194976806 0.2958851 0.28288507 "" "" 73.24030853080212 "" 21.11156799412913 ""
251.05060934138 -47.75367473001 0.0594 0.0472 17.7444 "" "" 5939531782843388672 2567.14868 0.4096 0.0788 -8.929 -7.242 0.091 0.073 0.99 5629.4 4.6529 16.947903 1.333139 17.527056 16.193916 "" "" 2097.51611 3173.69067 3131.73898 2.224 1332.3 12.807 2639.9 8.9811 "" "" 0.002861168081319389 0.01080338 0.0052846423 0.016088022 251.05060934138 -47.75367473001 2567.14868 -8.929 -7.241999999999999 -7.9657391109466555 -5.004152194976807 0.30188507 0.28388506 "" "" 114.4689235761841 "" 33.986085225501434 ""
251.13310893025 -47.49849605311 0.0639 0.0486 4.7527 "" "" 5939542434360960384 2703.47925 0.3818 0.0795 -3.228 -3.222 0.089 0.072 1.002 5160.8 4.6761 16.94794 1.428255 17.596678 16.168423 "" "" 2176.58105 3337.00513 3131.62785 2.1762 1249.5 8.8784 2702.6 10.201 "" "" 0.0028567539484050364 0.008203819 0.005574797 0.013778616 251.13310893025 -47.49849605311 2703.47925 -3.2280000000000006 -3.2219999999999986 -2.2647391109466555 -0.9841521949768066 0.2998851 0.28288507 "" "" 31.643229760910938 "" 9.405941621597444 ""
250.91716275623 -47.52752209696 0.0634 0.0486 6.2495 "" "" 5942538092470586368 2659.99268 0.3741 0.087 -2.95 -4.553 0.092 0.078 1.025 "" "" 16.9481 1.560881 17.668442 16.107561 "" "" 2188.32959 3254.46289 3131.17417 2.2863 1169.6 8.5247 2858.5 7.9242 "" "" 0.0028671035063245628 0.008390935 0.004831437 0.013222372 250.91716275623 -47.52752209696 2659.99268 -2.95 -4.552999999999999 -1.9867391109466555 -2.3151521949768066 0.3028851 0.2888851 "" "" 38.464942383146656 "" 11.343452750024719 ""
250.79552066897 -47.28780052106 0.0715 0.0521 14.0364 "" "" 5942550771214768512 2184.67065 0.4933 0.092 0.013 -2.639 0.097 0.089 1.01 4797.5 4.7068 16.948517 1.457666 17.621933 16.164267 "" "" 1806.57056 2670.77026 3129.96745 2.2516 1220.8 8.3773 2713.0 9.9199 "" "" 0.002863881934294464 0.0079557905 0.0054812403 0.013437031 250.79552066897 -47.28780052106 2184.67065 0.013000000000000012 -2.6390000000000002 0.9762608890533447 -0.40115219497680643 0.30788508 0.2998851 "" "" 10.929707763364757 "" 3.3526041656624512 ""
250.72481408186 -47.42740286995 0.0811 0.0514 12.6101 "" "" 5942543276471215744 2049.78345 0.4821 0.09 -3.468 -6.03 0.108 0.083 1.074 5094.7 4.6432 16.948765 1.777868 17.824165 16.046297 "" "" 1771.24829 2569.84473 3129.25456 2.2243 1013.3 7.6985 3024.4 6.7618 "" "" 0.002861361174505203 0.0087079415 0.0044917883 0.01319973 250.72481408186 -47.42740286995 2049.78345 -3.468 -6.029999999999999 -2.5047391109466552 -3.792152194976807 0.3188851 0.29388508 "" "" 44.15601204571677 "" 13.321780573232733 ""
250.84066631896 -47.42656860715 0.0654 0.0473 8.0011 "" "" 5942545273656301952 2238.73633 0.453 0.078 -1.363 -7.143 0.086 0.075 0.976 5106.0 4.6198 16.949263 1.503431 17.634714 16.131283 "" "" 1926.18213 2722.40845 3127.81933 2.2094 1206.5 7.6313 2796.7 10.318 "" "" 0.002860065458517887 0.007412619 0.0055071795 0.0129197985 250.84066631896 -47.42656860715 2238.73633 -1.362999999999999 -7.142999999999996 -0.39973911094665526 -4.905152194976806 0.29688507 0.2858851 "" "" 52.22412017908906 "" 14.933959980158967 ""
250.93777678044 -47.15229714191 0.0668 0.048 18.7517 "" "" 5942647047169015424 2760.54321 0.3439 0.0803 -3.212 -5.267 0.093 0.077 1.045 5482.3 4.5658 16.949324 1.535315 17.641962 16.106647 "" "" 2331.48462 3807.24854 3127.64424 2.1137 1198.5 10.741 2860.9 11.425 "" "" 0.0028513477260905316 0.010122541 0.0057518375 0.015874378 250.93777678044 -47.15229714191 2760.54321 -3.2119999999999997 -5.2669999999999995 -2.2487391109466555 -3.029152194976807 0.30388507 0.28788507 "" "" 49.3645144642138 "" 14.496862852040268 ""
250.65122316407 -47.51541361305 0.0612 0.0464 15.8243 "" "" 5942541043105483008 2222.68677 0.4489 0.0757 -0.465 0.646 0.087 0.076 1.029 5645.2 4.5992 16.949377 1.692635 17.762136 16.069502 "" "" 1893.71509 2571.92944 3127.4894 2.1668 1072.9 8.1341 2960.4 10.976 "" "" 0.002856156617705667 0.008691448 0.005521616 0.014213064 250.65122316407 -47.51541361305 2222.68677 -0.4650000000000001 0.646 0.4982608890533447 2.8838478050231933 0.29788506 0.28688508 "" "" 30.833035712577114 "" 8.855551913461793 ""
250.99325538445 -47.31884185609 0.0662 0.0512 8.5096 "" "" 5942640789405058304 2576.81763 0.433 0.0784 0.023 -3.934 0.091 0.078 1.058 5152.9 4.7285 16.949938 1.40901 17.569225 16.160215 "" "" 2024.8949 3076.14771 3125.87744 2.1465 1281.5 12.731 2723.2 13.269 "" "" 0.0028544090172631276 0.01114123 0.006501642 0.017642872 250.99325538445 -47.31884185609 2576.81763 0.02300000000000013 -3.934 0.9862608890533447 -1.6961521949768068 0.30188507 0.2888851 "" "" 23.96471356212091 "" 7.003075755009865 ""
251.12575913773 -47.4996790864 0.063 0.0465 4.5372 "" "" 5939542331281743616 2401.11353 0.4654 0.0795 -0.938 -2.256 0.09 0.071 1.016 5359.8 4.6898 16.950481 1.478943 17.609173 16.13023 "" "" 1923.37268 2868.74536 3124.31065 2.2295 1235.2 4.8756 2799.4 8.6566 "" "" 0.002862179444997001 0.005113874 0.0050552995 0.010169174 251.12575913773 -47.4996790864 2401.11353 -0.9379999999999997 -2.2560000000000002 0.02526088905334478 -0.018152194976806424 0.30088508 0.2818851 "" "" 0.35403179334452095 "" 0.10428100409712279 ""
250.8538770266 -47.60240600445 0.079 0.057 11.2722 "" "" 5942537439635458432 2293.51904 0.4628 0.1081 -0.731 -5.386 0.108 0.094 1.224 5319.3 4.6986 16.9507 1.591604 17.625683 16.034079 "" "" 1827.98083 2839.79785 3123.68135 3.2034 1216.6 7.5955 3058.6 10.346 "" "" 0.0029717922194473882 0.0073302765 0.00526989 0.012600167 250.8538770266 -47.60240600445 2293.51904 -0.7310000000000006 -5.385999999999999 0.23226088905334474 -3.1481521949768068 0.3188851 0.3048851 "" "" 34.31746071957309 "" 10.465542373257655 ""
250.69361271689 -47.38097827311 0.1105 0.0823 14.506 "" "" 5942543590012468096 2594.65332 0.4616 0.1354 1.222 -0.433 0.176 0.148 1.621 "" "" 16.95101 2.095337 17.897852 15.802515 "" "" 1939.14856 3522.10815 3122.78889 3.9069 946.84 8.4133 3785.8 16.885 "" "" 0.0030719575637419695 0.010042858 0.0061427457 0.016185604 250.69361271689 -47.38097827311 2594.65332 1.2219999999999998 -0.43299999999999994 2.1852608890533447 1.8048478050231933 0.38688508 0.35888508 "" "" 34.857180788852375 "" 13.098704131844563 ""
251.42322601084 -47.61006959628 0.0582 0.0443 18.2737 "" "" 5939526220897594752 2602.88892 0.3772 0.0727 -1.984 -3.99 0.084 0.069 0.928 5449.4 4.6795 16.951344 1.45026 17.628578 16.178318 "" "" 2207.58057 3238.16064 3121.83293 2.0214 1213.3 5.9542 2678.1 9.0916 "" "" 0.0028435936417478516 0.006014535 0.0052791312 0.011293666 251.42322601084 -47.61006959628 2602.88892 -1.983999999999999 -3.99 -1.0207391109466553 -1.7521521949768069 0.29488507 0.27988508 "" "" 25.018292115313887 "" 7.099212547670554 ""
251.03261019206 -47.32083359185 0.0629 0.0494 8.2417 "" "" 5942640548901101312 1885.32495 0.5251 0.0812 -3.102 -9.991 0.086 0.073 0.97 4900.4 4.6443 16.951614 1.505083 17.530888 16.025805 "" "" 1636.5459 2133.38501 3121.05405 2.6019 1327.6 36.237 3082.0 64.661 "" "" 0.0029001827076297736 0.029766355 0.023090372 0.05285673 251.03261019206 -47.32083359185 1885.32495 -3.1020000000000016 -9.990999999999998 -2.138739110946655 -7.753152194976806 0.29688507 0.28388506 "" "" 71.87341402466544 "" 20.47126226461592 ""
250.8227063161 -47.68292114341 0.0598 0.0436 15.929 "" "" 5942535274971813504 2291.06738 0.4305 0.077 -0.721 -3.139 0.081 0.072 0.947 5298.6 4.673 16.951899 1.538168 17.66921 16.131042 "" "" 2012.03442 2741.89087 3120.23564 2.4173 1168.8 6.1222 2797.3 12.506 "" "" 0.002880851134849175 0.006334687 0.0061518666 0.012486554 250.8227063161 -47.68292114341 2291.06738 -0.7209999999999995 -3.1389999999999993 0.24226088905334475 -0.9011521949768064 0.29188508 0.28288507 "" "" 10.133671916727769 "" 2.87290269975512 ""
251.24039323865 -47.67091361491 0.0758 0.0572 15.2949 "" "" 5939535944686200960 2388.01758 0.4516 0.0994 -1.361 -3.98 0.106 0.085 1.097 "" "" 16.952063 1.423816 17.172905 15.749089 "" "" 1940.57947 3014.8606 3119.76421 7.1106 1846.1 118.21 3976.7 105.9 "" "" 0.0037034498228097467 0.06957813 0.02915925 0.09873738 251.24039323865 -47.67091361491 2388.01758 -1.3609999999999995 -3.979999999999997 -0.39773911094665526 -1.7421521949768066 0.31688508 0.2958851 "" "" 20.227168271738332 "" 6.006667891722591 ""
251.07330173583 -47.5399235866 0.0681 0.0481 5.1789 "" "" 5939541506647967360 1892.93909 0.5158 0.0856 -5.485 -8.092 0.093 0.072 1.04 4930.0 4.6751 16.953028 1.537647 17.661793 16.124146 "" "" 1640.48267 2251.52954 3116.99366 2.1948 1176.8 9.193 2815.1 12.347 "" "" 0.0028594169616524305 0.008928771 0.0060795257 0.015008297 251.07330173583 -47.5399235866 1892.93909 -5.485000000000001 -8.092 -4.521739110946656 -5.854152194976807 0.30388507 0.28288507 "" "" 66.37079250998626 "" 19.307898706238177 ""
