Clusters/NGC_6200/NGC_6200_members.tsv
# %ECSV 1.0
# ---
# datatype:
# - name: RA_ICRS_1
#   unit: deg
#   datatype: float64
#   format: '{:15.11f}'
#   description: Right ascension (ICRS) at Ep=2016.0 (ra)
#   meta: !!omap
#   - {ucd: POS_EQ_RA_MAIN}
#   - {width: 15}
#   - {precision: '11'}
# - name: DE_ICRS_1
#   unit: deg
#   datatype: float64
#   format: '{:15.11f}'
#   description: Declination (ICRS) at Ep=2016.0 (dec)
#   meta: !!omap
#   - {ucd: POS_EQ_DEC_MAIN}
#   - {width: 15}
#   - {precision: '11'}
# - name: e_RA_ICRS
#   unit: mas
#   datatype: float64
#   format: '{:7.4f}'
#   description: Standard error of right ascension (ra_error)
#   meta: !!omap
#   - {ucd: ERROR}
#   - {width: 7}
#   - {precision: '4'}
# - name: e_DE_ICRS
#   unit: mas
#   datatype: float64
#   format: '{:7.4f}'
#   description: Standard error of declination (dec_error)
#   meta: !!omap
#   - {ucd: ERROR}
#   - {width: 7}
#   - {precision: '4'}
# - name: _r_1
#   unit: ''
#   datatype: float64
#   format: '{:7.4f}'
#   description: Distance from center (251.03221092000-47.45819559000)[ICRS], at Epoch=J2016.0
#   meta: !!omap
#   - {ucd: POS_ANG_DIST_GENERAL}
#   - {width: 7}
#   - {precision: '4'}
# - name: HIP
#   datatype: int32
#   description: '? HIP cross-id number, van Leeuwen, Cat. I/311 (hip_original_ext_source_id)'
#   meta: !!omap
#   - {ucd: ID_NUMBER}
#   - {width: 6}
#   - values: {'null': -2147483648}
# - name: TYC2
#   datatype: string
#   description: Tycho-2 cross-id name, Hog et al., Cat. I/259 (tyc2_original_ext_source_id)
#   meta: !!omap
#   - {ucd: ID_CROSSID}
#   - {_votable_string_dtype: char}
# - name: Source
#   datatype: int64
#   description: Source identifier, identical to the Gaia-EDR3 source_id (id)
#   meta: !!omap
#   - {ucd: ID_MAIN}
#   - {width: 19}
# - name: rgeo
#   unit: pc
#   datatype: float64
#   format: '{:15.8f}'
#   description: '? Median of the geometric distance posterior (r_med_geo)'
#   meta: !!omap
#   - {ucd: PHYS_DISTANCE_TRUE}
#   - {width: 15}
#   - {precision: '8'}
#   - values: {'null': .nan}
# - name: Plx
#   unit: mas
#   datatype: float64
#   format: '{:9.4f}'
#   description: '? Parallax (parallax)'
#   meta: !!omap
#   - {ucd: POS_PARLX_TRIG}
#   - {width: 9}
#   - {precision: '4'}
#   - values: {'null': .nan}
# - name: e_Plx
#   unit: mas
#   datatype: float32
#   format: '{:7.4f}'
#   description: '? Standard error of parallax (parallax_error)'
#   meta: !!omap
#   - {ucd: ERROR}
#   - {width: 7}
#   - {precision: '4'}
#   - values: {'null': .nan}
# - name: pmRA
#   unit: mas / yr
#   datatype: float64
#   format: '{:9.3f}'
#   description: '? Proper motion in right ascension direction, pmRA*cosDE (pmra)'
#   meta: !!omap
#   - {ucd: POS_EQ_PMRA}
#   - {width: 9}
#   - {precision: '3'}
#   - values: {'null': .nan}
# - name: pmDE
#   unit: mas / yr
#   datatype: float64
#   format: '{:9.3f}'
#   description: '? Proper motion in declination direction (pmdec)'
#   meta: !!omap
#   - {ucd: POS_EQ_PMDEC}
#   - {width: 9}
#   - {precision: '3'}
#   - values: {'null': .nan}
# - name: e_pmRA
#   unit: mas / yr
#   datatype: float32
#   format: '{:6.3f}'
#   description: '? Standard error of proper motion in right ascension direction (pmra_error)'
#   meta: !!omap
#   - {ucd: ERROR}
#   - {width: 6}
#   - {precision: '3'}
#   - values: {'null': .nan}
# - name: e_pmDE
[...]
#         unit: &id001 !astropy.units.Unit {unit: deg}
#         value: !astropy.table.SerializedColumn {name: SkyCoord.dec}
#       distance: !astropy.table.SerializedColumn
#         __class__: astropy.coordinates.distances.Distance
#         unit: !astropy.units.Unit {unit: pc}
#         value: !astropy.table.SerializedColumn {name: SkyCoord.distance}
#       frame: icrs
#       obstime: !astropy.time.Time {format: jyear_str, in_subfmt: '*', jd1: 367701545.0, jd2: 0.0, out_subfmt: '*', precision: 3, scale: tt}
#       pm_dec: !astropy.table.SerializedColumn
#         __class__: astropy.units.quantity.Quantity
#         unit: !astropy.units.Unit {unit: mas / yr}
#         value: !astropy.table.SerializedColumn {name: SkyCoord.pm_dec}
#       pm_ra_cosdec: !astropy.table.SerializedColumn
#         __class__: astropy.units.quantity.Quantity
#         unit: !astropy.units.Unit {unit: mas / yr}
#         value: !astropy.table.SerializedColumn {name: SkyCoord.pm_ra_cosdec}
#       ra: !astropy.table.SerializedColumn
#         __class__: astropy.coordinates.angles.Longitude
#         unit: *id001
#         value: !astropy.table.SerializedColumn {name: SkyCoord.ra}
#         wrap_angle: !astropy.coordinates.Angle
#           unit: *id001
#           value: 360.0
#       representation_type: spherical
# schema: astropy-2.0
RA_ICRS_1 DE_ICRS_1 e_RA_ICRS e_DE_ICRS _r_1 HIP TYC2 Source rgeo Plx e_Plx pmRA pmDE e_pmRA e_pmDE RUWE Teff logg Gmag BP-RP BPmag RPmag RV e_RV b_rgeo B_rgeo FG e_FG FBP e_FBP FRP e_FRP RAVE5 RAVE6 e_Gmag e_BPmag e_RPmag e_BP-RP SkyCoord.ra SkyCoord.dec SkyCoord.distance SkyCoord.pm_ra_cosdec SkyCoord.pm_dec Pmemb
[from data line 80]
250.88052561224 -47.38597015253 0.0286 0.0203 7.5298 "" "" 5942545784724978816 2407.93506 0.3814 0.0336 -1.241 -2.047 0.041 0.034 1.017 7990.0 4.1146 15.199902 0.818119 15.509934 14.691815 "" "" 2243.05151 2628.5332 15667.0068 4.4928 8539.7 19.85 10530.0 22.531 "" "" 0.0027728561314062064 0.003762212 0.004436297 0.008198509 250.88052561224 -47.38597015253 2407.93506 -1.241 -2.0470000000000006 0.96
251.19074705637 -47.43922763026 0.0259 0.0193 6.5325 "" "" 5939636653094139776 2437.61157 0.3807 0.033 -0.596 -2.427 0.036 0.029 0.963 9221.0 3.9944 15.218674 0.873491 15.563074 14.689583 "" "" 2250.41479 2682.12085 15398.45521 4.935 8131.8 18.386 10552.0 13.194 "" "" 0.0027772051326276186 0.0037163605 0.004015813 0.0077321734 251.19074705637 -47.43922763026 2437.61157 -0.5959999999999999 -2.4270000000000005 0.94
251.06996141108 -47.49939364405 0.0261 0.0207 2.9075 "" "" 5939541648422587008 2070.40576 0.444 0.0355 -0.584 -2.39 0.037 0.033 0.94 8907.7 4.2308 15.228968 1.071395 15.673937 14.602542 "" "" 1923.5824 2223.92065 15253.16116 4.6114 7342.5 12.004 11433.0 20.463 "" "" 0.002774803372549989 0.0033069304 0.004249709 0.0075566396 251.06996141108 -47.49939364405 2070.40576 -0.5840000000000002 -2.39 0.96
251.14915526096 -47.5173022673 0.0301 0.0221 5.921 "" "" 5939542129459092864 2207.68457 0.4105 0.0361 -0.883 -2.341 0.046 0.036 1.041 9490.7 4.1122 15.279699 0.957993 15.651443 14.693451 "" "" 2005.88232 2378.77661 14556.84038 4.5999 7496.2 14.053 10514.0 32.564 "" "" 0.0027765984208878054 0.0034536861 0.0050588325 0.008512518 251.14915526096 -47.5173022673 2207.68457 -0.8829999999999996 -2.341 0.98
251.00595378204 -47.54377922757 0.0329 0.0234 5.2442 "" "" 5939541334848777472 2100.47949 0.4467 0.0405 -0.914 -2.34 0.049 0.036 1.021 "" "" 15.340284 0.940165 15.698559 14.758393 "" "" 1945.98059 2301.64941 13766.80606 5.1746 7177.8 14.813 9903.8 17.449 "" "" 0.0027853789709058325 0.003578492 0.004235909 0.007814401 251.00595378204 -47.54377922757 2100.47949 -0.9139999999999999 -2.34 0.93
250.91989853373 -47.36552114166 0.0278 0.0214 7.1913 "" "" 5942547197801697280 2169.93384 0.4223 0.0338 -1.21 -2.097 0.039 0.033 0.903 6632.7 4.1203 15.370309 1.162619 15.860985 14.698366 "" "" 2013.58057 2344.31567 13391.31781 3.8847 6180.5 9.7925 10467.0 13.431 "" "" 0.0027732635291341625 0.0032778566 0.00402799 0.0073058465 250.91989853373 -47.36552114166 2169.93384 -1.21 -2.097 0.96
251.06954378823 -47.36451581668 0.0267 0.0209 5.8216 "" "" 5939638027483772544 2545.18237 0.3501 0.0338 -0.873 -2.205 0.036 0.032 0.911 9258.8 4.2143 15.384038 0.858558 15.723034 14.864476 "" "" 2372.86279 2738.16016 13223.04262 4.501 7017.8 14.957 8981.9 20.332 "" "" 0.00277999544392135 0.0036248798 0.004508239 0.008133119 251.06954378823 -47.36451581668 2545.18237 -0.873 -2.205 0.98
251.00636052709 -47.43216690699 0.0303 0.0245 1.8813 "" "" 5942545926470354560 2286.18726 0.4049 0.0392 -0.845 -2.315 0.04 0.037 1.02 9387.4 4.253 15.577535 0.928622 15.941777 15.013155 "" "" 2113.00928 2508.25293 11064.52458 3.6828 5737.3 13.024 7832.4 11.574 "" "" 0.0027789185417995015 0.0037228635 0.0041058287 0.007828692 251.00636052709 -47.43216690699 2286.18726 -0.8449999999999998 -2.315 0.96
251.14171172055 -47.46015140998 0.0304 0.0235 4.4437 "" "" 5939542846677316480 2023.03088 0.4605 0.0399 -1.455 -2.057 0.043 0.036 1.02 5411.4 4.1762 15.577626 1.36699 16.180365 14.813375 "" "" 1890.47131 2158.28687 11063.5977 3.4594 4605.4 12.093 9414.7 16.578 "" "" 0.0027761562939697376 0.0039891126 0.004235426 0.0082245385 251.14171172055 -47.46015140998 2023.03088 -1.455 -2.0570000000000004 0.81
251.16679941985 -47.3583127981 0.032 0.0247 8.1107 "" "" 5939637473396619392 2365.86621 0.3881 0.0386 -0.862 -2.155 0.043 0.038 0.928 "" "" 15.580633 0.93166 15.935731 15.004071 "" "" 2137.78564 2573.39722 11033.00092 4.424 5769.3 9.8289 7898.2 53.476 "" "" 0.002789502699435525 0.0033476132 0.008265778 0.011613391 251.16679941985 -47.3583127981 2365.86621 -0.8620000000000001 -2.1550000000000002 0.98
250.98134378449 -47.37745070077 0.032 0.0259 5.2665 "" "" 5942546338787986432 2233.47095 0.4165 0.0403 -0.702 -2.519 0.046 0.041 1.089 7429.9 4.0116 15.595813 1.123247 16.012344 14.889097 "" "" 2041.58618 2427.84814 10879.81375 4.6861 5376.2 36.014 8780.5 84.153 "" "" 0.0027947234808834557 0.0077899424 0.011070862 0.018860806 250.98134378449 -47.37745070077 2233.47095 -0.702 -2.519000000000001 0.8
251.09229338937 -47.39290292215 0.0314 0.0249 4.6147 "" "" 5939543911829229056 2024.99719 0.4698 0.04 -0.167 -2.003 0.041 0.036 1.01 6085.2 3.9473 15.69129 1.376515 16.20911 14.832595 "" "" 1854.24011 2203.1145 9963.93643 3.8713 4485.1 11.586 9249.5 15.914 "" "" 0.0027874254021149356 0.0039561805 0.0042158375 0.008172018 251.09229338937 -47.39290292215 2024.99719 -0.16700000000000015 -2.0030000000000006 0.84
