Clusters/Gulliver_6/Gulliver_6_members.tsv
# %ECSV 1.0
# ---
# datatype:
# - name: RA_ICRS_1
#   unit: deg
#   datatype: float64
#   format: '{:15.11f}'
#   description: Right ascension (ICRS) at Ep=2016.0 (ra)
#   meta: !!omap
#   - {ucd: POS_EQ_RA_MAIN}
#   - {width: 15}
#   - {precision: '11'}
# - name: DE_ICRS_1
#   unit: deg
#   datatype: float64
#   format: '{:15.11f}'
#   description: Declination (ICRS) at Ep=2016.0 (dec)
#   meta: !!omap
#   - {ucd: POS_EQ_DEC_MAIN}
#   - {width: 15}
#   - {precision: '11'}
# - name: e_RA_ICRS
#   unit: mas
#   datatype: float64
#   format: '{:7.4f}'
#   description: Standard error of right ascension (ra_error)
#   meta: !!omap
#   - {ucd: ERROR}
#   - {width: 7}
#   - {precision: '4'}
# - name: e_DE_ICRS
#   unit: mas
#   datatype: float64
#   format: '{:7.4f}'
#   description: Standard error of declination (dec_error)
#   meta: !!omap
#   - {ucd: ERROR}
#   - {width: 7}
#   - {precision: '4'}
# - name: _r_1
#   unit: ''
#   datatype: float64
#   format: '{:8.4f}'
#   description: Distance from center (083.27510627000-01.65930519000)[ICRS], at Epoch=J2016.0
#   meta: !!omap
#   - {ucd: POS_ANG_DIST_GENERAL}
#   - {width: 8}
#   - {precision: '4'}
# - name: HIP
#   datatype: int32
#   description: '? HIP cross-id number, van Leeuwen, Cat. I/311 (hip_original_ext_source_id)'
#   meta: !!omap
#   - {ucd: ID_NUMBER}
#   - {width: 6}
#   - values: {'null': -2147483648}
# - name: TYC2
#   datatype: string
#   description: Tycho-2 cross-id name, Hog et al., Cat. I/259 (tyc2_original_ext_source_id)
#   meta: !!omap
#   - {ucd: ID_CROSSID}
#   - {_votable_string_dtype: char}
# - name: Source
#   datatype: int64
#   description: Source identifier, identical to the Gaia-EDR3 source_id (id)
#   meta: !!omap
#   - {ucd: ID_MAIN}
#   - {width: 19}
# - name: rgeo
#   unit: pc
#   datatype: float64
#   format: '{:15.8f}'
#   description: '? Median of the geometric distance posterior (r_med_geo)'
#   meta: !!omap
#   - {ucd: PHYS_DISTANCE_TRUE}
#   - {width: 15}
#   - {precision: '8'}
#   - values: {'null': .nan}
# - name: Plx
#   unit: mas
#   datatype: float64
#   format: '{:9.4f}'
#   description: '? Parallax (parallax)'
#   meta: !!omap
#   - {ucd: POS_PARLX_TRIG}
#   - {width: 9}
#   - {precision: '4'}
#   - values: {'null': .nan}
# - name: e_Plx
#   unit: mas
#   datatype: float32
#   format: '{:7.4f}'
#   description: '? Standard error of parallax (parallax_error)'
#   meta: !!omap
#   - {ucd: ERROR}
#   - {width: 7}
#   - {precision: '4'}
#   - values: {'null': .nan}
# - name: pmRA
#   unit: mas / yr
#   datatype: float64
#   format: '{:9.3f}'
#   description: '? Proper motion in right ascension direction, pmRA*cosDE (pmra)'
#   meta: !!omap
#   - {ucd: POS_EQ_PMRA}
#   - {width: 9}
#   - {precision: '3'}
#   - values: {'null': .nan}
# - name: pmDE
#   unit: mas / yr
#   datatype: float64
#   format: '{:9.3f}'
#   description: '? Proper motion in declination direction (pmdec)'
#   meta: !!omap
#   - {ucd: POS_EQ_PMDEC}
#   - {width: 9}
#   - {precision: '3'}
#   - values: {'null': .nan}
# - name: e_pmRA
#   unit: mas / yr
#   datatype: float32
#   format: '{:6.3f}'
#   description: '? Standard error of proper motion in right ascension direction (pmra_error)'
#   meta: !!omap
#   - {ucd: ERROR}
#   - {width: 6}
#   - {precision: '3'}
#   - values: {'null': .nan}
# - name: e_pmDE
[...]
#       distance: !astropy.table.SerializedColumn
#         __class__: astropy.coordinates.distances.Distance
#         unit: !astropy.units.Unit {unit: pc}
#         value: !astropy.table.SerializedColumn {name: SkyCoord.distance}
#       frame: icrs
#       obstime: !astropy.time.Time {format: jyear_str, in_subfmt: '*', jd1: 367701545.0, jd2: 0.0, out_subfmt: '*', precision: 3, scale: tt}
#       pm_dec: !astropy.table.SerializedColumn
#         __class__: astropy.units.quantity.Quantity
#         unit: !astropy.units.Unit {unit: mas / yr}
#         value: !astropy.table.SerializedColumn {name: SkyCoord.pm_dec}
#       pm_ra_cosdec: !astropy.table.SerializedColumn
#         __class__: astropy.units.quantity.Quantity
#         unit: !astropy.units.Unit {unit: mas / yr}
#         value: !astropy.table.SerializedColumn {name: SkyCoord.pm_ra_cosdec}
#       ra: !astropy.table.SerializedColumn
#         __class__: astropy.coordinates.angles.Longitude
#         unit: *id001
#         value: !astropy.table.SerializedColumn {name: SkyCoord.ra}
#         wrap_angle: !astropy.coordinates.Angle
#           unit: *id001
#           value: 360.0
#       representation_type: spherical
# schema: astropy-2.0
RA_ICRS_1 DE_ICRS_1 e_RA_ICRS e_DE_ICRS _r_1 HIP TYC2 Source rgeo Plx e_Plx pmRA pmDE e_pmRA e_pmDE RUWE Teff logg Gmag BP-RP BPmag RPmag RV e_RV b_rgeo B_rgeo FG e_FG FBP e_FBP FRP e_FRP RAVE5 RAVE6 e_Gmag e_BPmag e_RPmag e_BP-RP SkyCoord.ra SkyCoord.dec SkyCoord.distance SkyCoord.pm_ra_cosdec SkyCoord.pm_dec rmRA rmDE e_rmRA e_rmDE rRV e_rRV v_pec v_pec3d e_vpec e_vpec3d Pmemb
[from data line 29]
83.52573566589 -3.11766137067 0.0109 0.0096 88.7819 "" 4770-697-1 3215989533206308608 407.233429 2.4397 0.0145 -0.316 -0.37 0.013 0.011 1.2 7126.0 4.1036 12.217835 1.07712 12.666344 11.589224 29.14 5.55 404.905304 409.296936 244237.68552 43.112 117190.0 42.371 183430.0 56.805 "" "" 0.0027619774243820235 0.0028176496 0.003794309 0.0066119586 83.52573566589 -3.11766137067 407.233429 -0.31599999999999967 -0.37000000000000005 -0.355269607514143 -0.18037254631519317 0.35422382 0.3522238 2.2574358974358972 8.022756 0.7690944104204415 2.3848528346990685 0.27211703065308995 7.594626152871772 0.9
84.29666349907 -1.15002909353 0.0111 0.0094 68.4712 "" "" 3217588497991190528 415.771759 2.3838 0.0126 -0.064 -0.013 0.012 0.011 1.079 5238.7 4.1321 12.387225 1.051157 12.827667 11.77651 30.75 3.48 413.94162 417.784271 208956.86422 342.41 101010.0 536.99 154370.0 692.58 "" "" 0.003279814978713703 0.0064110057 0.0061653717 0.012576377 84.29666349907 -1.15002909353 415.771759 -0.064 -0.013000000000000005 -0.10326960751414299 0.1766274536848068 0.3532238 0.3522238 3.8674358974358967 5.952755 0.4032205306970129 3.8883990558006496 0.14212670361154167 5.9206807930230045 1.0
83.25524224106 -1.69827018985 0.0203 0.0167 2.6239 "" "" 3217181296440051328 396.332489 2.4996 0.0185 0.568 -0.112 0.023 0.017 1.209 5580.0 4.1203 12.641812 1.137221 13.112502 11.975281 31.6 2.31 393.611542 399.33551 165280.58912 292.94 77699.0 495.46 128540.0 667.3 "" "" 0.003360782950025287 0.007464455 0.0067862733 0.014250728 83.25524224106 -1.69827018985 396.332489 0.568 -0.11200000000000002 0.528730392485857 0.07762745368480682 0.3642238 0.3582238 4.717435897435898 4.782755 1.003929734273214 4.823077477894661 0.3655290330860777 4.6786152219541774 0.8
83.425351593 -1.4204531337 0.0126 0.0109 16.9289 "" "" 3217566095441741696 408.477478 2.4335 0.0166 0.265 -0.402 0.014 0.012 1.104 5122.8 4.1202 12.64502 1.229514 13.181029 11.951515 36.32 7.33 405.966797 411.14682 164793.11012 221.34 72947.0 347.81 131390.0 492.98 "" "" 0.00311743665882573 0.0058808164 0.0055568814 0.011437697 83.425351593 -1.4204531337 408.477478 0.26500000000000007 -0.40200000000000014 0.22573039248585702 -0.2123725463151932 0.3552238 0.3532238 9.437435897435897 9.802755 0.6000803475788731 9.456494738631333 0.21260014561092544 9.783007955024235 1.0
83.02694042 -1.92374677861 0.0145 0.0131 21.7541 "" "" 3217148384102132096 414.71637 2.3964 0.0191 -0.273 -0.001 0.017 0.014 1.237 5649.6 4.0919 12.759701 1.18663 13.267161 12.080531 "" "" 411.61554 418.027771 148274.47903 230.0 67383.0 316.45 116670.0 459.6 "" "" 0.0032292747461534817 0.0058124126 0.005707622 0.011520035 83.02694042 -1.92374677861 414.71637 -0.27300000000000035 -0.0009999999999999996 -0.312269607514143 0.18862745368480682 0.3582238 0.3552238 "" "" 0.7171442391130578 "" 0.25632474842789843 "" 0.9
83.60758869362 -1.35181982896 0.0157 0.0131 27.1672 "" "" 3217572074036404736 408.635712 2.4259 0.0206 -0.413 -1.038 0.02 0.017 1.31 "" "" 12.79553 1.26258 13.364809 12.102229 "" "" 405.75293 412.332794 143461.2738 3187.9 61588.0 5021.8 114360.0 6573.6 "" "" 0.024283322211576436 0.088573374 0.06252422 0.1510976 83.60758869362 -1.35181982896 408.635712 -0.41299999999999987 -1.038 -0.45226960751414297 -0.8483725463151932 0.36122382 0.3582238 "" "" 1.8621614202211807 "" 0.6683108768564839 "" 0.8
83.0300530887 -1.74661300622 0.0411 0.035 15.6024 "" "" 3217177452440729728 390.024872 2.5285 0.0536 0.101 -0.034 0.049 0.04 3.028 5034.8 4.2389 12.904738 1.171063 13.396146 12.225082 25.77 4.02 382.303558 399.236145 129733.28226 156.35 59835.0 304.8 102120.0 304.64 "" "" 0.0030502358115733117 0.006194694 0.0049773827 0.011172077 83.0300530887 -1.74661300622 390.024872 0.10100000000000003 -0.033999999999999996 0.061730392485857016 0.15562745368480682 0.3902238 0.3812238 -1.1125641025641038 6.492755 0.3095183638580859 1.154816219092742 0.11837831651524584 6.2552801682813355 1.0
83.15691473839 -1.62907803439 0.0182 0.0157 7.3169 "" "" 3217232634180471296 411.698639 2.3975 0.017 -0.037 0.029 0.02 0.017 1.023 5027.3 4.1569 13.040388 1.280546 13.599655 12.319109 -6.35 7.5 408.863037 414.963867 114496.32335 217.3 49608.0 308.93 93652.0 429.62 "" "" 0.00344061594388497 0.007314421 0.0062523 0.013566721 83.15691473839 -1.62907803439 411.698639 -0.037 0.029 -0.076269607514143 0.21862745368480682 0.36122382 0.3582238 -33.232564102564105 9.972755 0.4518569797225794 33.235635868163506 0.1620135470364416 9.971833954895896 1.0
83.41997586775 -2.25895486796 0.0123 0.0113 37.0129 "" "" 3216936178357916288 413.014832 2.3814 0.0154 -0.375 0.289 0.015 0.013 1.238 4849.9 4.1467 13.284242 1.350528 13.885142 12.534615 28.91 4.97 410.43692 415.578461 91463.96174 92.538 38138.0 127.49 76791.0 224.6 "" "" 0.0029662198611531214 0.004577997 0.004936402 0.009514399 83.41997586775 -2.25895486796 413.014832 -0.375 0.2890000000000001 -0.414269607514143 0.4786274536848068 0.3562238 0.35422382 2.027435897435897 7.4427547 1.2392404571096036 2.3761761779693273 0.44003170190843255 6.354561613361625 1.0
83.18959941919 -1.67624371654 0.0179 0.0152 5.228 "" "" 3217185320820744192 408.296112 2.4074 0.0173 0.086 0.209 0.02 0.016 1.147 4788.0 4.1349 13.292808 1.382951 13.912447 12.529496 22.59 5.2 405.73764 411.364349 90745.20709 127.35 37191.0 204.38 77154.0 270.81 "" "" 0.0031485634534197736 0.006586731 0.0053672045 0.011953935 83.18959941919 -1.67624371654 408.296112 0.08599999999999988 0.20900000000000005 0.046730392485857 0.3986274536848068 0.36122382 0.3572238 -4.2925641025641035 7.6727552 0.7767559878327543 4.362276520265079 0.2775180844496889 7.550300625370675 0.9
83.78793251813 -1.33503030446 0.0106 0.0099 36.3961 "" "" 3217569978092331392 401.480896 2.4493 0.0135 -0.485 -0.837 0.013 0.011 1.0 4909.8 4.2562 13.309786 1.186784 13.817706 12.630922 27.79 10.67 399.325989 403.79953 89337.23028 152.92 40582.0 297.24 70273.0 350.81 "" "" 0.0033235085489306546 0.008427673 0.0066076675 0.015035341 83.78793251813 -1.33503030446 401.480896 -0.485 -0.8369999999999996 -0.524269607514143 -0.6473725463151931 0.35422382 0.3522238 0.9074358974358958 13.1427555 1.585284687867929 1.8266273428216842 0.559632963610791 6.547126728414716 0.9
82.45795003989 -1.45917456221 0.0113 0.0096 50.4607 "" "" 3220230070380992512 400.25119 2.4549 0.0141 0.091 -0.179 0.013 0.011 1.065 4790.2 4.1558 13.333345 1.330413 13.919351 12.588938 40.75 4.57 398.450165 402.035645 87419.54436 208.86 36955.0 312.84 73044.0 422.41 "" "" 0.003784264632654636 0.0096053975 0.0073284763 0.016933873 82.45795003989 -1.45917456221 400.25119 0.09099999999999998 -0.17899999999999996 0.05173039248585701 0.010627453684806831 0.35422382 0.3522238 13.867435897435897 7.042755 0.10019207792064673 13.867797836065098 0.03548232751792069 7.042571321242665 1.0
83.03804235802 -1.44031365659 0.0132 0.0122 19.3602 "" "" 3217239025091787008 414.963593 2.3681 0.0153 -0.579 0.511 0.015 0.013 1.107 4877.8 4.221 13.335142 1.210638 13.847791 12.637153 27.27 2.59 412.205292 417.634094 87275.02329 147.0 39473.0 219.35 69871.0 302.82 "" "" 0.0033069736233986486 0.006647324 0.0060354024 0.012682727 83.03804235802 -1.44031365659 414.963593 -0.5790000000000001 0.5110000000000001 -0.618269607514143 0.7006274536848068 0.3562238 0.35422382 0.38743589743589624 5.062755 1.837931488500349 1.8783233829783057 0.6526509210742538 1.2240704948519199 0.9
82.92237386214 -2.04473658078 0.0114 0.0102 31.3409 "" "" 3217145738402346752 416.241608 2.3603 0.0154 0.125 -0.156 0.014 0.012 1.068 "" "" 13.354702 1.405259 13.983455 12.578196 21.69 3.7 413.887665 418.406403 85716.76485 250.65 34837.0 362.46 73770.0 546.25 "" "" 0.0042037605363844 0.011635969 0.008883656 0.020519625 82.92237386214 -2.04473658078 416.241608 0.125 -0.1559999999999998 0.08573039248585701 0.033627453684806824 0.3552238 0.3532238 -5.192564102564102 6.1727552 0.1816915421086494 5.195741888865454 0.06449282493610912 6.16898031270111 1.0
82.99586257964 -1.73806853957 0.0124 0.0115 17.4013 "" "" 3217224422203086720 413.722626 2.3766 0.0168 0.263 0.05 0.015 0.013 1.111 4931.9 4.2674 13.367217 1.270483 13.928661 12.658178 29.37 2.87 411.235565 416.698456 84734.41627 169.65 36640.0 237.42 68531.0 336.05 "" "" 0.003509582296677421 0.007568441 0.006529097 0.014097538 82.99586257964 -1.73806853957 413.722626 0.263 0.05000000000000002 0.22373039248585702 0.2396274536848068 0.3562238 0.35422382 2.4874358974358977 5.3427553 0.6429017147530992 2.5691749568071858 0.22833083258072795 5.173089527791623 1.0
82.91222640117 -2.75073866873 0.0094 0.0079 69.0055 "" "" 3216809665801853056 385.045685 2.5541 0.0141 0.364 -0.953 0.013 0.01 1.079 "" "" 13.381968 1.601563 14.124391 12.522827 24.57 7.48 383.040771 387.026123 83590.98122 201.93 30596.0 256.31 77630.0 477.55 "" "" 0.0038040617641240723 0.009513814 0.0076741907 0.017188005 82.91222640117 -2.75073866873 385.045685 0.364 -0.953 0.324730392485857 -0.7633725463151931 0.35422382 0.3512238 -2.312564102564103 9.952755 1.514063129961289 2.7641164754720977 0.532473511548128 8.33195676551077 1.0
82.72391579496 -2.57043805739 0.011 0.0091 63.8811 "" "" 3217015137037264896 415.978302 2.3614 0.0158 -0.615 0.086 0.014 0.01 1.104 5748.3 4.1777 13.608588 1.522317 14.272946 12.750629 32.68 3.92 412.914825 419.020874 67844.00261 125.89 26683.0 164.96 62937.0 284.75 "" "" 0.0034133102889799143 0.0072690705 0.0061979108 0.013466981 82.72391579496 -2.57043805739 415.978302 -0.615 0.08599999999999998 -0.654269607514143 0.2756274536848068 0.3552238 0.3512238 5.797435897435896 6.3927555 1.399848968745312 5.964045616875819 0.49641975749885725 6.21526174629791 0.8
83.01446078599 -1.94225655333 0.0145 0.0128 23.077 "" "" 3217148040504758528 400.894684 2.4556 0.0186 0.073 -0.218 0.017 0.014 1.173 "" "" 13.77602 1.507832 14.467347 12.959516 24.73 7.7 398.150421 403.170197 58148.54421 73.49 22309.0 98.91 51922.0 186.75 "" "" 0.0030780984346288963 0.005563931 0.005434485 0.010998417 83.01446078599 -1.94225655333 400.894684 0.073 -0.21800000000000003 0.033730392485857005 -0.028372546315193176 0.3582238 0.3552238 -2.152564102564103 10.172755 0.0837560264320613 2.154192955055626 0.029899541840884468 10.165063370299649 1.0
83.11629738152 -2.05799691641 0.0219 0.0193 25.7475 "" "" 3217133918652553216 395.507294 2.4875 0.026 -0.197 0.045 0.027 0.023 1.626 4745.4 4.2641 13.79988 1.471847 14.356874 12.885026 18.91 3.98 391.850861 399.558441 56884.58914 92.11 24698.0 487.09 55609.0 827.07 "" "" 0.003268425256131436 0.021593735 0.016584478 0.038178213 83.11629738152 -2.05799691641 395.507294 -0.197 0.04499999999999999 -0.236269607514143 0.2346274536848068 0.36822382 0.3642238 -7.972564102564103 6.452755 0.6242326234726883 7.996964720298656 0.22862096715106534 6.433090856163909 0.9
83.5596895127 -1.54343265764 0.0132 0.0113 18.4299 "" "" 3217560529164354688 416.123413 2.3626 0.0171 0.328 0.207 0.016 0.014 1.005 4774.1 4.2463 13.816643 1.442877 14.472736 13.02986 23.7 4.59 413.575439 418.447388 56013.0934 100.3 22198.0 143.68 48665.0 241.69 "" "" 0.0033721820118531565 0.0075612264 0.0065847994 0.014146026 83.5596895127 -1.54343265764 416.123413 0.32800000000000007 0.20700000000000005 0.288730392485857 0.3966274536848068 0.3572238 0.3552238 -3.182564102564104 7.0627556 0.9676520269856148 3.3264192027252113 0.3444046096080137 6.758060677566081 1.0
83.32475228125 -1.4735624168 0.0132 0.0118 11.5355 "" "" 3217610866180859136 404.346771 2.4325 0.0168 0.64 -0.275 0.015 0.013 1.083 4562.9 4.1437 13.821745 1.496086 14.514541 13.018455 29.27 3.95 401.900085 406.959076 55750.4972 74.233 21360.0 91.463 49179.0 139.25 "" "" 0.0031115564872333953 0.005422097 0.004871834 0.010293931 83.32475228125 -1.4735624168 404.346771 0.6400000000000003 -0.275 0.600730392485857 -0.0853725463151932 0.3562238 0.35422382 2.3874358974358962 6.4227552 1.1629307428385867 2.655608795926962 0.4142176817139963 5.777010850509905 1.0
83.05653630983 -1.65271276458 0.0154 0.0127 13.1147 "" "" 3217226518147076736 414.517883 2.3733 0.0181 0.038 -0.087 0.018 0.014 1.126 4823.3 4.2017 13.873622 1.499652 14.560764 13.061112 -3.62 10.77 411.760895 417.521515 53149.37366 126.46 20470.0 178.42 47284.0 285.63 "" "" 0.0037769520326471533 0.0098662125 0.0075696446 0.017435856 83.05653630983 -1.65271276458 414.517883 0.03800000000000004 -0.087 -0.001269607514142991 0.10262745368480683 0.3592238 0.3552238 -30.502564102564104 13.242756 0.20165936578634366 30.50323070317047 0.07163433129645563 13.24246649855282 1.0
83.09429374287 -2.01700822855 0.0163 0.0141 24.0458 "" "" 3217135052523913856 409.69632 2.4016 0.0188 0.111 -0.213 0.02 0.017 1.275 4707.0 4.1765 13.915265 1.573352 14.647002 13.07365 5.36 5.12 406.442749 413.107361 51149.42131 106.22 18907.0 158.9 46741.0 267.36 "" "" 0.003560265106573508 0.009541901 0.007270031 0.016811932 83.09429374287 -2.01700822855 409.69632 0.11100000000000003 -0.21300000000000024 0.07173039248585701 -0.02337254631519317 0.36122382 0.3582238 -21.522564102564104 7.5927553 0.14650577139742768 21.523062734890537 0.052879347003870786 7.592579422200504 1.0
83.35866041315 -1.78036135192 0.0298 0.0263 8.8242 "" "" 3217168140951886592 391.569489 2.5083 0.0299 0.156 0.269 0.036 0.029 1.764 "" "" 14.007529 1.763565 14.851829 13.088264 34.21 6.92 387.051849 396.451752 46982.37982 56.012 15656.0 89.994 46116.0 139.19 "" "" 0.0030442199688725637 0.0068363473 0.0050022663 0.011838613 83.35866041315 -1.78036135192 391.569489 0.15600000000000017 0.269 0.11673039248585701 0.45862745368480684 0.3772238 0.37022382 7.3274358974358975 9.3927555 0.8783697792313633 7.379895006034921 0.32557080966366647 9.32606872382182 1.0
83.37988600139 -1.61155867151 0.0356 0.03 6.9064 "" "" 3217183946431502208 433.431946 2.2738 0.0398 0.21 -0.484 0.042 0.035 2.3 "" "" 14.035247 1.613436 14.786683 13.173247 4.86 4.14 425.124878 442.173401 45798.14541 42.441 16624.0 48.551 42644.0 93.753 "" "" 0.002933278714815249 0.0042237258 0.0044700643 0.00869379 83.37988600139 -1.61155867151 433.431946 0.21 -0.4839999999999999 0.170730392485857 -0.29437254631519316 0.3832238 0.3762238 -22.022564102564104 6.612755 0.6991351827246044 22.03365878957166 0.26427167989523365 6.609430397017609 1.0
83.83724272041 -1.53394906925 0.0182 0.0149 34.5439 "" "" 3217551217675210752 422.069458 2.3225 0.0223 0.174 -1.217 0.022 0.017 1.239 "" "" 14.155277 2.082732 15.209605 13.126873 24.94 9.12 418.994293 425.053497 41004.91162 30.322 11261.0 40.424 44505.0 86.518 "" "" 0.0028699116215579745 0.004793286 0.0043288204 0.009122106 83.83724272041 -1.53394906925 422.069458 0.174 -1.217 0.134730392485857 -1.0273725463151933 0.3632238 0.3582238 -1.942564102564102 11.592755 2.072969682294968 2.8409080584004784 0.7427635100008626 7.9454336291929515 0.9
83.13982126636 -1.83804617171 0.0183 0.0155 13.4477 "" "" 3217172779516605184 406.740295 2.4151 0.0209 -0.105 -0.211 0.022 0.018 1.258 "" "" 14.181218 1.91043 15.125878 13.215448 23.3 5.02 402.023804 411.757507 40036.7958 30.0 12164.0 35.789 41018.0 77.909 "" "" 0.0028729182285989947 0.0042414176 0.0043054065 0.008546824 83.13982126636 -1.83804617171 406.740295 -0.10500000000000005 -0.211 -0.14426960751414297 -0.02137254631519317 0.3632238 0.3592238 -3.5825641025641026 7.492755 0.2811800121712356 3.5935814653664875 0.1021072468583942 7.469787585540805 1.0
