Clusters/Gulliver_6/Gulliver_6_stars_in_region.tsv
# %ECSV 1.0
# ---
# datatype:
# - name: RA_ICRS_1
#   unit: deg
#   datatype: float64
#   format: '{:15.11f}'
#   description: Right ascension (ICRS) at Ep=2016.0 (ra)
#   meta: !!omap
#   - {ucd: POS_EQ_RA_MAIN}
#   - {width: 15}
#   - {precision: '11'}
# - name: DE_ICRS_1
#   unit: deg
#   datatype: float64
#   format: '{:15.11f}'
#   description: Declination (ICRS) at Ep=2016.0 (dec)
#   meta: !!omap
#   - {ucd: POS_EQ_DEC_MAIN}
#   - {width: 15}
#   - {precision: '11'}
# - name: e_RA_ICRS
#   unit: mas
#   datatype: float64
#   format: '{:7.4f}'
#   description: Standard error of right ascension (ra_error)
#   meta: !!omap
#   - {ucd: ERROR}
#   - {width: 7}
#   - {precision: '4'}
# - name: e_DE_ICRS
#   unit: mas
#   datatype: float64
#   format: '{:7.4f}'
#   description: Standard error of declination (dec_error)
#   meta: !!omap
#   - {ucd: ERROR}
#   - {width: 7}
#   - {precision: '4'}
# - name: _r_1
#   unit: ''
#   datatype: float64
#   format: '{:8.4f}'
#   description: Distance from center (083.27510627000-01.65930519000)[ICRS], at Epoch=J2016.0
#   meta: !!omap
#   - {ucd: POS_ANG_DIST_GENERAL}
#   - {width: 8}
#   - {precision: '4'}
# - name: HIP
#   datatype: int32
#   description: '? HIP cross-id number, van Leeuwen, Cat. I/311 (hip_original_ext_source_id)'
#   meta: !!omap
#   - {ucd: ID_NUMBER}
#   - {width: 6}
#   - values: {'null': -2147483648}
# - name: TYC2
#   datatype: string
#   description: Tycho-2 cross-id name, Hog et al., Cat. I/259 (tyc2_original_ext_source_id)
#   meta: !!omap
#   - {ucd: ID_CROSSID}
#   - {_votable_string_dtype: char}
# - name: Source
#   datatype: int64
#   description: Source identifier, identical to the Gaia-EDR3 source_id (id)
#   meta: !!omap
#   - {ucd: ID_MAIN}
#   - {width: 19}
# - name: rgeo
#   unit: pc
#   datatype: float64
#   format: '{:15.8f}'
#   description: '? Median of the geometric distance posterior (r_med_geo)'
#   meta: !!omap
#   - {ucd: PHYS_DISTANCE_TRUE}
#   - {width: 15}
#   - {precision: '8'}
#   - values: {'null': .nan}
# - name: Plx
#   unit: mas
#   datatype: float64
#   format: '{:9.4f}'
#   description: '? Parallax (parallax)'
#   meta: !!omap
#   - {ucd: POS_PARLX_TRIG}
#   - {width: 9}
#   - {precision: '4'}
#   - values: {'null': .nan}
# - name: e_Plx
#   unit: mas
#   datatype: float32
#   format: '{:7.4f}'
#   description: '? Standard error of parallax (parallax_error)'
#   meta: !!omap
#   - {ucd: ERROR}
#   - {width: 7}
#   - {precision: '4'}
#   - values: {'null': .nan}
# - name: pmRA
#   unit: mas / yr
#   datatype: float64
#   format: '{:9.3f}'
#   description: '? Proper motion in right ascension direction, pmRA*cosDE (pmra)'
#   meta: !!omap
#   - {ucd: POS_EQ_PMRA}
#   - {width: 9}
#   - {precision: '3'}
#   - values: {'null': .nan}
# - name: pmDE
#   unit: mas / yr
#   datatype: float64
#   format: '{:9.3f}'
#   description: '? Proper motion in declination direction (pmdec)'
#   meta: !!omap
#   - {ucd: POS_EQ_PMDEC}
#   - {width: 9}
#   - {precision: '3'}
#   - values: {'null': .nan}
# - name: e_pmRA
#   unit: mas / yr
#   datatype: float32
#   format: '{:6.3f}'
#   description: '? Standard error of proper motion in right ascension direction (pmra_error)'
#   meta: !!omap
#   - {ucd: ERROR}
#   - {width: 6}
#   - {precision: '3'}
#   - values: {'null': .nan}
# - name: e_pmDE
[...]
#         value: !astropy.table.SerializedColumn {name: SkyCoord.dec}
#       distance: !astropy.table.SerializedColumn
#         __class__: astropy.coordinates.distances.Distance
#         unit: !astropy.units.Unit {unit: pc}
#         value: !astropy.table.SerializedColumn {name: SkyCoord.distance}
#       frame: icrs
#       obstime: !astropy.time.Time {format: jyear_str, in_subfmt: '*', jd1: 367701545.0, jd2: 0.0, out_subfmt: '*', precision: 3, scale: tt}
#       pm_dec: !astropy.table.SerializedColumn
#         __class__: astropy.units.quantity.Quantity
#         unit: !astropy.units.Unit {unit: mas / yr}
#         value: !astropy.table.SerializedColumn {name: SkyCoord.pm_dec}
#       pm_ra_cosdec: !astropy.table.SerializedColumn
#         __class__: astropy.units.quantity.Quantity
#         unit: !astropy.units.Unit {unit: mas / yr}
#         value: !astropy.table.SerializedColumn {name: SkyCoord.pm_ra_cosdec}
#       ra: !astropy.table.SerializedColumn
#         __class__: astropy.coordinates.angles.Longitude
#         unit: *id001
#         value: !astropy.table.SerializedColumn {name: SkyCoord.ra}
#         wrap_angle: !astropy.coordinates.Angle
#           unit: *id001
#           value: 360.0
#       representation_type: spherical
# schema: astropy-2.0
RA_ICRS_1 DE_ICRS_1 e_RA_ICRS e_DE_ICRS _r_1 HIP TYC2 Source rgeo Plx e_Plx pmRA pmDE e_pmRA e_pmDE RUWE Teff logg Gmag BP-RP BPmag RPmag RV e_RV b_rgeo B_rgeo FG e_FG FBP e_FBP FRP e_FRP RAVE5 RAVE6 e_Gmag e_BPmag e_RPmag e_BP-RP SkyCoord.ra SkyCoord.dec SkyCoord.distance SkyCoord.pm_ra_cosdec SkyCoord.pm_dec rmRA rmDE e_rmRA e_rmDE rRV e_rRV v_pec v_pec3d e_vpec e_vpec3d
[from data line 515]
83.58517884337 -1.50682960755 0.0295 0.0245 20.7257 "" "" 3217560769683119744 429.873749 2.3149 0.0364 0.591 0.118 0.034 0.03 2.561 5349.4 4.13 12.481936 1.144147 12.948684 11.804537 "" "" 423.802246 436.28595 191501.54894 267.51 90353.0 421.85 150430.0 575.93 "" "" 0.0031451688725532712 0.005786353 0.0056180735 0.011404427 83.58517884337 -1.50682960755 429.873749 0.5910000000000004 0.118 0.551730392485857 0.3076274536848068 0.37522382 0.3712238 "" "" 1.2871467611377347 "" 0.48175207960555344 ""
83.63995821316 -2.02785218311 0.0143 0.0126 31.1079 "" "" 3216969846604549376 421.037231 2.3532 0.0147 -1.465 0.755 0.018 0.015 1.188 5284.9 4.156 12.48712 1.008602 12.90914 11.900538 36.75 4.17 418.803802 423.930084 190589.49567 403.49 93705.0 632.04 137700.0 711.22 "" "" 0.003588206051332683 0.007836809 0.0067625004 0.01459931 83.63995821316 -2.02785218311 421.037231 -1.465000000000001 0.755 -1.504269607514143 0.9446274536848068 0.3592238 0.3562238 9.867435897435897 6.6427555 3.544938586554863 10.484888209821417 1.2704276847598586 6.266304085720301
83.84844726157 -0.43419005251 0.0115 0.0102 81.1555 "" "" 3220786217104735232 430.858368 2.295 0.0146 -2.859 -4.782 0.013 0.011 1.026 6207.9 4.2652 12.487622 0.848569 12.826272 11.977703 22.32 3.72 427.816132 434.150513 190501.27834 98.717 101140.0 171.24 128260.0 165.84 "" "" 0.002812176262212141 0.0033412934 0.0040316917 0.007372985 83.84844726157 -0.43419005251 430.858368 -2.859 -4.782 -2.898269607514143 -4.592372546315193 0.35422382 0.3522238 -4.562564102564103 6.192755 11.090450113128854 11.992292312223148 3.9126515186850654 4.317874753914863
82.35446340569 -0.78929979889 0.0105 0.0086 75.9916 "" "" 3220348714556249216 401.038177 2.4676 0.0129 46.162 0.033 0.012 0.01 1.085 5657.0 4.2933 12.49198 0.802609 12.810208 12.007599 85.51 1.49 398.907654 403.083954 189738.28216 43.461 102640.0 50.417 124770.0 48.861 "" "" 0.002766521130892991 0.002840682 0.0038032234 0.0066439053 82.35446340569 -0.78929979889 401.038177 46.162 0.033000000000000085 46.122730392485856 0.22262745368480683 0.3532238 0.3512238 58.6274358974359 3.9627552 87.67668623697826 105.47216480856686 30.96948826801502 25.838315834885986
82.87884716241 -0.20100656459 0.0183 0.0163 90.6696 "" "" 3220773130340455296 449.369568 2.2135 0.0215 4.157 -10.742 0.022 0.019 1.702 5461.0 3.9331 12.494827 1.185511 13.008739 11.823229 -32.03 3.16 445.570129 453.774017 189241.27162 37.763 85491.0 47.316 147870.0 79.266 "" "" 0.002763825273220596 0.0028541451 0.003823933 0.0066780783 82.87884716241 -0.20100656459 449.369568 4.157 -10.742 4.117730392485857 -10.552372546315194 0.3632238 0.3602238 -58.912564102564104 5.6327553 24.127333330758624 63.66175007641763 8.700839344214433 6.168025558645901
82.45133618283 -1.74353108055 0.0105 0.0101 49.6622 "" "" 3217213216633165440 379.773499 2.6047 0.016 6.901 -22.343 0.012 0.012 0.961 5666.4 4.3729 12.504176 0.807069 12.827378 12.020309 0.95 1.74 377.577606 381.48999 187618.79108 41.466 101030.0 64.197 123320.0 48.193 "" "" 0.0027657495429544896 0.0028741984 0.003803125 0.006677323 82.45133618283 -1.74353108055 379.773499 6.9009999999999945 -22.343 6.861730392485857 -22.153372546315193 0.3532238 0.3532238 -25.932564102564104 4.212755 41.748003130327675 49.14665447722201 14.746388335625669 12.722136372777873
82.37334255548 -1.66804614288 0.0106 0.0095 54.0856 "" "" 3220216910601203840 441.920685 2.2488 0.0138 -2.193 -30.319 0.013 0.012 0.995 5032.0 3.6441 12.514168 1.488954 13.200833 11.711879 -1.75 0.55 439.372406 444.359589 185900.02986 34.986 71628.0 45.503 163840.0 72.461 "" "" 0.0027628864433722946 0.0028741574 0.0038097645 0.006683922 82.37334255548 -1.66804614288 441.920685 -2.193000000000002 -30.319 -2.232269607514143 -30.129372546315192 0.35422382 0.3532238 -28.632564102564103 3.0227551 63.28510068397176 69.46097966245426 22.354149772269174 20.404688477729227
83.2243524854 -2.91540136578 0.0112 0.0093 75.4272 "" 4770-882-1 3216756133329659520 407.135315 2.437 0.0151 -7.478 -7.072 0.014 0.011 1.154 6436.1 4.2175 12.514438 1.117408 12.986277 11.868869 21.07 4.36 403.95105 409.586182 185853.95613 97.648 87278.0 167.04 141780.0 159.62 "" "" 0.0028137519452597595 0.0034789396 0.0039721373 0.007451077 83.2243524854 -2.91540136578 407.135315 -7.477999999999995 -7.072 -7.517269607514143 -6.882372546315193 0.3552238 0.3522238 -5.812564102564103 6.832755 19.66869516262434 20.509594604639528 6.959944412109005 6.949814593140188
81.85356451392 -2.08125962861 0.0092 0.0074 88.9269 "" "" 3220085660696464256 434.318634 2.2753 0.0136 0.057 7.056 0.012 0.009 1.047 5392.1 4.1549 12.515936 0.988305 12.924509 11.936204 -32.26 0.82 432.03244 436.799561 185597.69326 25.219 92388.0 35.976 133250.0 39.549 "" "" 0.0027592670094273145 0.0028220199 0.0037930952 0.0066151153 81.85356451392 -2.08125962861 434.318634 0.05699999999999997 7.056 0.017730392485857012 7.245627453684807 0.3532238 0.3502238 -59.1425641025641 3.2927551 14.916402885874087 60.99460602118532 5.2240797115445465 3.438891239453901
83.69569933374 -2.7898937046 0.0204 0.0156 72.3705 "" "" 3216843613221958784 387.62146 2.5636 0.0227 -6.846 -4.525 0.027 0.019 1.465 "" "" 12.518275 "" "" "" 33.03 1.94 384.733185 391.099609 185198.12322 146.83 "" "" "" "" "" "" 0.0028866532410156045 "" "" "" 83.69569933374 -2.7898937046 387.62146 -6.846000000000001 -4.525000000000004 -6.885269607514143 -4.3353725463151935 0.36822382 0.3602238 6.147435897435898 4.412755 14.949373675421086 16.16399521778129 5.471027019511301 5.3309693054851195
82.23121538014 -2.84064649435 0.0101 0.0086 94.5558 "" "" 3216982667084430592 448.4375 2.2068 0.015 -2.93 -3.732 0.013 0.011 1.101 6631.2 4.1703 12.521184 1.00662 12.935924 11.929304 -8.44 2.99 445.946991 451.403442 184702.67882 34.694 91421.0 62.78 134100.0 69.139 "" "" 0.0027628574906706682 0.0028880704 0.0038206128 0.0067086834 82.23121538014 -2.84064649435 448.4375 -2.9300000000000006 -3.732000000000002 -2.969269607514143 -3.5423725463151934 0.35422382 0.3522238 -35.3225641025641 5.462755 9.824972871929667 36.66351901705432 3.468711753591673 5.344412923469167
82.23362441474 -2.24288340922 0.0081 0.0066 71.5984 "" "" 3217088215903155840 438.288544 2.2604 0.0116 30.254 -3.042 0.011 0.008 1.008 5362.0 4.1287 12.522835 1.083996 12.980698 11.896702 71.01 0.7 436.040985 440.243134 184422.03119 27.511 87728.0 30.725 138190.0 34.033 "" "" 0.00276007638753158 0.0028159623 0.003788829 0.0066047916 82.23362441474 -2.24288340922 438.288544 30.254 -3.0420000000000007 30.21473039248586 -2.852372546315193 0.3522238 0.3492238 44.1274358974359 3.1727552 63.049816574728254 76.95784540246169 22.205983068899908 18.28359251548603
82.52588157719 -2.55139804012 0.0125 0.01 69.8787 "" "" 3217017610938439552 395.40097 2.5155 0.0174 0.025 2.311 0.017 0.012 1.351 5018.2 3.7431 12.526174 1.493656 13.210766 11.71711 10.75 5.79 392.57782 398.327179 183855.72296 337.79 70976.0 443.62 163050.0 842.06 "" "" 0.0034016050961907527 0.0073373686 0.0067619886 0.014099358 82.52588157719 -2.55139804012 395.40097 0.025 2.311 -0.014269607514142989 2.5006274536848068 0.3582238 0.3532238 -16.132564102564103 8.262755 4.686753774380324 16.79956206170292 1.6554737493919633 7.948126450781326
83.10663502085 -2.96944503844 0.0086 0.0075 79.2546 "" "" 3216754209184541696 368.01474 2.6917 0.0131 1.242 -10.777 0.011 0.009 0.903 5991.8 4.4352 12.532437 0.781489 12.841086 12.059597 -9.12 1.2 366.403015 369.84787 182798.15222 60.881 99766.0 114.41 118940.0 110.26 "" "" 0.0027789471891067445 0.0030553776 0.0039111087 0.0069664866 83.10663502085 -2.96944503844 368.01474 1.242 -10.777000000000006 1.202730392485857 -10.587372546315192 0.3522238 0.3502238 -36.0025641025641 3.6727552 18.58729201254958 40.5175523238883 6.510187180764761 4.423765942340912
82.41279110345 -0.62717332561 0.0099 0.0082 80.6898 "" "" 3220726675974365184 338.70816 2.9351 0.0124 1.454 -1.346 0.011 0.01 1.012 4870.3 4.1233 12.533593 1.301131 13.109004 11.807873 17.05 1.51 337.423157 339.996063 182603.66994 201.81 77950.0 323.54 149970.0 453.25 "" "" 0.0030052673408072043 0.0053003104 0.0050051217 0.010305433 82.41279110345 -0.62717332561 338.70816 1.4539999999999997 -1.3459999999999992 1.414730392485857 -1.1563725463151933 0.3522238 0.3512238 -9.832564102564103 3.9827552 2.93352685905777 10.26084288271902 1.0320840645267833 3.8279077591294506
81.9155337595 -2.85893980626 0.0095 0.0081 108.7411 "" "" 3210989431062337792 457.201385 2.1712 0.0151 12.732 24.217 0.012 0.01 0.989 5850.8 3.8718 12.536509 1.275988 13.093862 11.817874 77.22 1.54 453.467316 460.634247 182113.9206 78.705 79045.0 133.72 148600.0 150.79 "" "" 0.0027949890664906644 0.0033404552 0.003936693 0.0072771483 81.9155337595 -2.85893980626 457.201385 12.732 24.217 12.692730392485856 24.406627453684806 0.3532238 0.3512238 50.337435897435896 4.0127554 59.61742949023099 78.02624783847504 20.964499543668325 16.226162872877605
83.31599040587 -1.62435556909 0.0148 0.014 3.2264 "" "" 3217186489051803264 344.049988 2.882 0.0164 7.852 5.951 0.017 0.015 1.176 5747.0 4.3992 12.5425 0.821721 12.870891 12.04917 50.88 1.21 342.23938 345.90918 181111.68002 51.555 97065.0 63.294 120090.0 47.225 "" "" 0.0027725998730156226 0.002878592 0.0038034227 0.0066820146 83.31599040587 -1.62435556909 344.049988 7.851999999999999 5.951 7.812730392485857 6.1406274536848064 0.3582238 0.3562238 23.9974358974359 3.6827552 16.20540094402092 28.956725460728794 5.792805184117707 4.452500610476655
84.72241000734 -2.55641182048 0.0184 0.0167 102.1166 "" "" 3216487057921844736 399.035767 2.4942 0.0239 -0.232 -0.281 0.021 0.019 1.628 "" "" 12.545869 1.570253 13.275085 11.704832 13.08 7.75 395.330444 403.245789 180550.65733 344.15 66893.0 456.52 164900.0 748.07 "" "" 0.0034459786622256486 0.007917664 0.006208364 0.014126028 84.72241000734 -2.55641182048 399.035767 -0.23200000000000007 -0.281 -0.271269607514143 -0.0913725463151932 0.3622238 0.3602238 -13.802564102564103 10.222755 0.541412056303308 13.813178592203236 0.19600227291948513 10.214902827709006
83.26138771316 -1.38267594742 0.012 0.0107 16.6181 "" "" 3217615401666317568 421.696838 2.3463 0.0146 6.06 -11.631 0.014 0.011 1.123 5860.1 4.2448 12.546783 0.823567 12.876473 12.052906 15.81 0.96 418.61676 424.366699 180398.84916 36.305 96567.0 61.329 119670.0 39.18 "" "" 0.002763970490876146 0.0028741118 0.003796062 0.0066701737 83.26138771316 -1.38267594742 421.696838 6.059999999999994 -11.631000000000002 6.020730392485857 -11.441372546315193 0.3552238 0.3522238 -11.072564102564103 3.4327552 25.84266710367807 28.114855838807284 9.119271463278436 8.490592661383591
81.97457447868 -2.26872230713 0.01 0.0081 86.1323 "" "" 3217076847127079296 432.578613 2.2876 0.0146 6.984 -2.2 0.012 0.01 1.063 5817.4 4.0914 12.551769 0.950946 12.942229 11.991283 -17.12 0.86 430.34613 434.767578 179572.11636 29.309 90892.0 33.239 126660.0 32.919 "" "" 0.002761012952388679 0.0028182792 0.0037899015 0.0066081807 81.97457447868 -2.26872230713 432.578613 6.984 -2.2 6.944730392485857 -2.0103725463151934 0.3532238 0.3512238 -44.00256410256411 3.332755 14.824268861511353 46.43258117829159 5.233998142885113 3.5731547793270626
82.18559432624 -2.77906730625 0.0162 0.0132 93.7054 "" "" 3216984002816703872 335.412842 2.9577 0.0249 -0.214 -6.401 0.021 0.017 1.73 5280.4 4.3608 12.554151 0.936995 12.940875 12.00388 39.79 1.02 333.248993 338.145935 179178.71508 36.064 91005.0 44.718 125200.0 40.843 "" "" 0.0027639726693834757 0.0028407183 0.0037959423 0.0066366605 82.18559432624 -2.77906730625 335.412842 -0.21399999999999988 -6.4009999999999945 -0.25326960751414296 -6.211372546315193 0.3622238 0.3582238 12.907435897435896 3.4927552 9.883399221321389 16.256798012352647 3.540534771193727 3.5104907091632884
83.81479298187 -2.45008347764 0.0112 0.0105 57.4314 "" "" 3216891098381364352 403.341339 2.4542 0.0143 5.368 -3.166 0.012 0.012 1.062 5772.2 4.2926 12.554772 0.826623 12.886378 12.059755 39.75 2.03 400.938019 405.665924 179076.12487 42.567 95690.0 45.478 118920.0 39.283 "" "" 0.0027673807700155624 0.002837484 0.0037963612 0.006633845 83.81479298187 -2.45008347764 403.341339 5.367999999999996 -3.165999999999999 5.328730392485857 -2.976372546315193 0.3532238 0.3532238 12.867435897435897 4.502755 11.66912982742225 17.37065046288876 4.1218143880274845 4.334991413718027
83.82405888962 -1.66580907461 0.0111 0.0091 32.9256 "" "" 3217355573324584320 408.8479 2.4212 0.0132 9.541 12.703 0.013 0.01 1.035 5698.6 4.3376 12.569195 0.81531 12.894722 12.079412 56.42 1.95 406.783051 411.398071 176713.17649 39.444 94957.0 47.431 116790.0 51.061 "" "" 0.0027659575409801087 0.002842387 0.0038090753 0.006651462 83.82405888962 -1.66580907461 408.8479 9.541000000000007 12.703 9.501730392485857 12.892627453684806 0.35422382 0.3512238 29.5374358974359 4.4227552 31.037455014686262 42.84604687930741 10.933956794020443 8.487086875628309
84.18077500805 -1.6163751782 0.0299 0.029 54.379 "" "" 3217382403983045888 344.660736 2.8828 0.0381 2.51 -0.897 0.036 0.033 2.84 5137.7 3.8654 12.571874 1.393508 13.186633 11.793125 19.65 2.88 340.442169 350.370209 176277.64674 293.58 72571.0 413.69 152020.0 567.88 "" "" 0.0032956763221541757 0.0067890757 0.0055437814 0.012332857 84.18077500805 -1.6163751782 344.660736 2.51 -0.8969999999999998 2.470730392485857 -0.7073725463151932 0.3772238 0.3742238 -7.232564102564105 5.3527555 4.198583256423938 8.362899309379634 1.5828547645272508 4.696985564075094
81.82184041888 -2.4770405684 0.0106 0.0084 100.0019 "" "" 3217054440280349696 356.547516 2.7825 0.0162 6.881 -13.386 0.014 0.01 1.06 5752.4 4.3841 12.575539 0.839301 12.914291 12.07499 1.7 1.11 354.34967 358.7883 175683.60172 30.854 93261.0 43.846 117260.0 41.932 "" "" 0.0027619102382821516 0.0028364782 0.0037992725 0.0066357506 81.82184041888 -2.4770405684 356.547516 6.881 -13.386 6.841730392485857 -13.196372546315192 0.3552238 0.3512238 -25.182564102564104 3.582755 25.121537874735196 35.570397804515835 8.84466537776044 6.741868430439797
83.55318685633 -1.33074456013 0.0118 0.0101 25.8229 "" "" 3217572791294375168 426.53006 2.3228 0.0157 -9.122 -3.83 0.014 0.012 1.076 5962.7 4.0624 12.581515 1.00243 12.993722 11.991292 59.8 2.73 423.579559 429.3013 174719.20573 33.678 86682.0 90.731 126660.0 47.276 "" "" 0.0027632567687693567 0.003012735 0.0038010466 0.0068137813 83.55318685633 -1.33074456013 426.53006 -9.121999999999998 -3.8300000000000027 -9.161269607514143 -3.6403725463151932 0.3552238 0.3532238 32.917435897435894 5.202755 19.93053946758655 38.48095619304212 7.074379535666054 5.7647768803405635
82.44256519224 -1.80324386103 0.0143 0.0126 50.6711 "" "" 3217208371910056448 408.34024 2.4332 0.0202 0.59 -6.442 0.017 0.016 1.22 5318.6 4.2345 12.588495 1.032972 13.021186 11.988214 -7.93 0.9 404.172577 412.234375 173599.60691 57.122 84517.0 102.46 127020.0 107.44 "" "" 0.002778384588670657 0.0030850498 0.0038893614 0.006974411 82.44256519224 -1.80324386103 408.34024 0.5900000000000004 -6.442000000000005 0.550730392485857 -6.252372546315193 0.3582238 0.3572238 -34.8125641025641 3.372755 12.148527600735976 36.87141633109554 4.33983696010238 3.4907291386363406
81.84252913564 -1.89052439144 0.0258 0.0207 87.0262 "" "" 3220115210071438976 390.152466 2.5472 0.0339 11.64 -10.551 0.037 0.027 2.856 "" "" 12.591856 0.843297 12.932239 12.088942 47.86 1.88 384.551086 395.696808 173063.00868 32.833 91732.0 47.213 115770.0 38.161 "" "" 0.0027630089130723408 0.0028455786 0.0037962892 0.0066418676 81.84252913564 -1.89052439144 390.152466 11.64 -10.551 11.600730392485858 -10.361372546315193 0.3782238 0.36822382 20.977435897435896 4.352755 28.76484488787116 35.60153252676519 10.752855699285936 9.058612080240529
