Clusters/Gulliver_6/Gulliver_6_stars_in_region.tsv
# %ECSV 1.0
# ---
# datatype:
# - name: RA_ICRS_1
#   unit: deg
#   datatype: float64
#   format: '{:15.11f}'
#   description: Right ascension (ICRS) at Ep=2016.0 (ra)
#   meta: !!omap
#   - {ucd: POS_EQ_RA_MAIN}
#   - {width: 15}
#   - {precision: '11'}
# - name: DE_ICRS_1
#   unit: deg
#   datatype: float64
#   format: '{:15.11f}'
#   description: Declination (ICRS) at Ep=2016.0 (dec)
#   meta: !!omap
#   - {ucd: POS_EQ_DEC_MAIN}
#   - {width: 15}
#   - {precision: '11'}
# - name: e_RA_ICRS
#   unit: mas
#   datatype: float64
#   format: '{:7.4f}'
#   description: Standard error of right ascension (ra_error)
#   meta: !!omap
#   - {ucd: ERROR}
#   - {width: 7}
#   - {precision: '4'}
# - name: e_DE_ICRS
#   unit: mas
#   datatype: float64
#   format: '{:7.4f}'
#   description: Standard error of declination (dec_error)
#   meta: !!omap
#   - {ucd: ERROR}
#   - {width: 7}
#   - {precision: '4'}
# - name: _r_1
#   unit: ''
#   datatype: float64
#   format: '{:8.4f}'
#   description: Distance from center (083.27510627000-01.65930519000)[ICRS], at Epoch=J2016.0
#   meta: !!omap
#   - {ucd: POS_ANG_DIST_GENERAL}
#   - {width: 8}
#   - {precision: '4'}
# - name: HIP
#   datatype: int32
#   description: '? HIP cross-id number, van Leeuwen, Cat. I/311 (hip_original_ext_source_id)'
#   meta: !!omap
#   - {ucd: ID_NUMBER}
#   - {width: 6}
#   - values: {'null': -2147483648}
# - name: TYC2
#   datatype: string
#   description: Tycho-2 cross-id name, Hog et al., Cat. I/259 (tyc2_original_ext_source_id)
#   meta: !!omap
#   - {ucd: ID_CROSSID}
#   - {_votable_string_dtype: char}
# - name: Source
#   datatype: int64
#   description: Source identifier, identical to the Gaia-EDR3 source_id (id)
#   meta: !!omap
#   - {ucd: ID_MAIN}
#   - {width: 19}
# - name: rgeo
#   unit: pc
#   datatype: float64
#   format: '{:15.8f}'
#   description: '? Median of the geometric distance posterior (r_med_geo)'
#   meta: !!omap
#   - {ucd: PHYS_DISTANCE_TRUE}
#   - {width: 15}
#   - {precision: '8'}
#   - values: {'null': .nan}
# - name: Plx
#   unit: mas
#   datatype: float64
#   format: '{:9.4f}'
#   description: '? Parallax (parallax)'
#   meta: !!omap
#   - {ucd: POS_PARLX_TRIG}
#   - {width: 9}
#   - {precision: '4'}
#   - values: {'null': .nan}
# - name: e_Plx
#   unit: mas
#   datatype: float32
#   format: '{:7.4f}'
#   description: '? Standard error of parallax (parallax_error)'
#   meta: !!omap
#   - {ucd: ERROR}
#   - {width: 7}
#   - {precision: '4'}
#   - values: {'null': .nan}
# - name: pmRA
#   unit: mas / yr
#   datatype: float64
#   format: '{:9.3f}'
#   description: '? Proper motion in right ascension direction, pmRA*cosDE (pmra)'
#   meta: !!omap
#   - {ucd: POS_EQ_PMRA}
#   - {width: 9}
#   - {precision: '3'}
#   - values: {'null': .nan}
# - name: pmDE
#   unit: mas / yr
#   datatype: float64
#   format: '{:9.3f}'
#   description: '? Proper motion in declination direction (pmdec)'
#   meta: !!omap
#   - {ucd: POS_EQ_PMDEC}
#   - {width: 9}
#   - {precision: '3'}
#   - values: {'null': .nan}
# - name: e_pmRA
#   unit: mas / yr
#   datatype: float32
#   format: '{:6.3f}'
#   description: '? Standard error of proper motion in right ascension direction (pmra_error)'
#   meta: !!omap
#   - {ucd: ERROR}
#   - {width: 6}
#   - {precision: '3'}
#   - values: {'null': .nan}
# - name: e_pmDE
[...]
#         value: !astropy.table.SerializedColumn {name: SkyCoord.dec}
#       distance: !astropy.table.SerializedColumn
#         __class__: astropy.coordinates.distances.Distance
#         unit: !astropy.units.Unit {unit: pc}
#         value: !astropy.table.SerializedColumn {name: SkyCoord.distance}
#       frame: icrs
#       obstime: !astropy.time.Time {format: jyear_str, in_subfmt: '*', jd1: 367701545.0, jd2: 0.0, out_subfmt: '*', precision: 3, scale: tt}
#       pm_dec: !astropy.table.SerializedColumn
#         __class__: astropy.units.quantity.Quantity
#         unit: !astropy.units.Unit {unit: mas / yr}
#         value: !astropy.table.SerializedColumn {name: SkyCoord.pm_dec}
#       pm_ra_cosdec: !astropy.table.SerializedColumn
#         __class__: astropy.units.quantity.Quantity
#         unit: !astropy.units.Unit {unit: mas / yr}
#         value: !astropy.table.SerializedColumn {name: SkyCoord.pm_ra_cosdec}
#       ra: !astropy.table.SerializedColumn
#         __class__: astropy.coordinates.angles.Longitude
#         unit: *id001
#         value: !astropy.table.SerializedColumn {name: SkyCoord.ra}
#         wrap_angle: !astropy.coordinates.Angle
#           unit: *id001
#           value: 360.0
#       representation_type: spherical
# schema: astropy-2.0
RA_ICRS_1 DE_ICRS_1 e_RA_ICRS e_DE_ICRS _r_1 HIP TYC2 Source rgeo Plx e_Plx pmRA pmDE e_pmRA e_pmDE RUWE Teff logg Gmag BP-RP BPmag RPmag RV e_RV b_rgeo B_rgeo FG e_FG FBP e_FBP FRP e_FRP RAVE5 RAVE6 e_Gmag e_BPmag e_RPmag e_BP-RP SkyCoord.ra SkyCoord.dec SkyCoord.distance SkyCoord.pm_ra_cosdec SkyCoord.pm_dec rmRA rmDE e_rmRA e_rmDE rRV e_rRV v_pec v_pec3d e_vpec e_vpec3d
[from data line 2035]
82.96774800078 -0.94022996758 0.0331 0.0296 46.9186 "" "" 3220645037236251520 364.449432 2.6981 0.0397 -12.541 4.426 0.041 0.035 0.999 4218.0 4.6856 15.87537 1.783133 16.744442 14.961308 "" "" 359.731964 370.6297 8410.0534 3.0734 2739.3 16.509 8215.5 11.542 "" "" 0.0027837420929324877 0.0071134754 0.004075591 0.011189066 82.96774800078 -0.94022996758 364.449432 -12.541 4.426 -12.580269607514143 4.615627453684807 0.3822238 0.3762238 "" "" 23.148834232312804 "" 8.831671503798892 ""
83.42347697238 -2.2488167174 0.0458 0.04 36.4725 "" "" 3216936556315036160 360.37619 2.7362 0.0553 -3.152 -3.713 0.056 0.046 1.439 3735.6 4.4111 15.875689 2.170789 16.987661 14.816873 "" "" 352.538971 370.754822 8407.58756 12.105 2189.5 20.852 9384.5 38.334 "" "" 0.0031678729260145267 0.010709989 0.005826945 0.016536934 83.42347697238 -2.2488167174 360.37619 -3.152 -3.713 -3.191269607514143 -3.5233725463151933 0.3972238 0.3872238 "" "" 8.120314546522778 "" 3.1812307901306247 ""
83.37825994752 -3.13217553837 0.027 0.0233 88.5883 "" "" 3216734727212852224 361.375671 2.7232 0.0422 1.556 -1.701 0.037 0.03 1.03 3658.8 4.1633 15.87968 2.631364 17.337996 14.706632 "" "" 356.40509 367.103027 8376.73721 66.676 1585.7 49.618 10387.0 267.82 "" "" 0.009070698560980835 0.034088057 0.02824875 0.062336806 83.37825994752 -3.13217553837 361.375671 1.5559999999999998 -1.7010000000000003 1.516730392485857 -1.5113725463151932 0.3782238 0.3712238 "" "" 3.6676980082402486 "" 1.3744791328830777 ""
82.61770455679 -2.66898521937 0.0257 0.0208 72.2746 "" "" 3217012697495855232 443.250824 2.2182 0.0373 0.718 0.409 0.033 0.024 0.959 4105.3 4.2512 15.880423 2.263256 17.06783 14.804573 "" "" 436.990082 448.809021 8371.01008 12.137 2033.7 14.957 9491.4 33.59 "" "" 0.003173305989489543 0.008458565 0.005389607 0.0138481725 82.61770455679 -2.66898521937 443.250824 0.7180000000000004 0.409 0.678730392485857 0.5986274536848069 0.3742238 0.3652238 "" "" 1.9014186012482293 "" 0.7041198193782949 ""
84.14502065061 -0.58582400608 0.0312 0.0263 82.8956 "" "" 3217765789944254720 407.826508 2.3989 0.0403 -0.912 1.156 0.038 0.032 1.034 3882.8 4.3313 15.880759 2.160946 16.9885 14.827555 "" "" 401.50058 414.391083 8368.41538 7.033 2187.8 17.312 9292.6 26.71 "" "" 0.002902482178660788 0.0090331165 0.0049013156 0.013934432 84.14502065061 -0.58582400608 407.826508 -0.9120000000000003 1.156 -0.951269607514143 1.3456274536848067 0.3792238 0.3732238 "" "" 3.185582524351776 "" 1.1953382731585187 ""
83.53393278148 -2.37674366829 0.0336 0.0313 45.7586 "" "" 3216919651323983488 363.579987 2.709 0.0405 1.635 -1.418 0.042 0.038 0.96 3580.5 4.2672 15.882557 2.62795 17.33127 14.703321 "" "" 358.032898 369.21582 8354.56919 26.138 1595.5 21.734 10419.0 83.908 "" "" 0.004373806102191368 0.015050851 0.009525663 0.024576515 83.53393278148 -2.37674366829 363.579987 1.635 -1.4179999999999988 1.595730392485857 -1.228372546315193 0.3832238 0.3792238 "" "" 3.4704626449894063 "" 1.3248156436453729 ""
82.1126479477 -0.92943205696 0.0491 0.0416 82.3404 "" "" 3220339510442276224 469.505157 2.0894 0.0552 -14.051 -17.731 0.062 0.049 1.47 "" "" 15.884462 1.856813 16.799479 14.942665 "" "" 459.043365 480.090576 8339.92205 2.9896 2603.9 10.938 8357.8 11.86 "" "" 0.0027826727861587435 0.0053465553 0.004081357 0.0094279125 82.1126479477 -0.92943205696 469.505157 -14.050999999999993 -17.731 -14.090269607514143 -17.541372546315195 0.4032238 0.3902238 "" "" 50.07200534718909 "" 19.797124086972175 ""
83.39970996692 -0.50339075762 0.0358 0.0299 69.7565 "" "" 3220700528213505152 444.44632 2.2068 0.0413 -4.779 -5.293 0.042 0.034 0.976 4430.8 4.5652 15.885133 1.670924 16.683685 15.012761 "" "" 436.0224 452.252045 8334.77372 3.2993 2897.0 9.7777 7835.3 13.278 "" "" 0.0027886386346562177 0.0046058088 0.0042034592 0.0088092685 83.39970996692 -0.50339075762 444.44632 -4.779 -5.293000000000001 -4.818269607514143 -5.103372546315193 0.3832238 0.37522382 "" "" 14.78582112443575 "" 5.6040502598224675 ""
83.0269042903 -1.44558109918 0.0455 0.0411 19.6482 "" "" 3217239025091790976 405.615265 2.4175 0.0536 -1.287 -0.38 0.054 0.047 1.308 3553.9 4.1266 15.886338 2.492175 17.05438 14.562205 "" "" 398.456696 414.835449 8325.52468 23.965 2059.0 54.526 11865.0 326.96 "" "" 0.004166439452641192 0.0288873 0.03015704 0.05904434 83.0269042903 -1.44558109918 405.615265 -1.2870000000000001 -0.38000000000000045 -1.326269607514143 -0.19037254631519318 0.3952238 0.3882238 "" "" 2.5760424609320576 "" 1.017752409396544 ""
84.4027932266 -2.56675957122 0.0402 0.0319 86.8114 "" "" 3216126181885110016 350.406464 2.8068 0.0437 1.708 -1.895 0.049 0.035 0.956 3579.2 4.2532 15.887737 2.675715 17.36988 14.694166 "" "" 344.959412 356.05838 8314.80231 10.129 1539.8 13.289 10507.0 26.557 "" "" 0.003056328527197354 0.009776865 0.0046706176 0.014447482 84.4027932266 -2.56675957122 350.406464 1.7080000000000013 -1.894999999999999 1.668730392485857 -1.7053725463151932 0.3902238 0.3762238 "" "" 3.962957263554266 "" 1.5183504190063606 ""
83.29220779707 -1.39115490361 0.0327 0.0282 16.1217 "" "" 3217612755966460544 339.545898 2.8919 0.0407 1.509 -1.25 0.038 0.032 0.995 3551.4 4.1388 15.888766 2.486169 17.224108 14.737939 "" "" 335.544647 345.348328 8306.9212 5.7132 1761.1 12.895 10092.0 20.251 "" "" 0.002854714553101159 0.008425317 0.004362382 0.012787699 83.29220779707 -1.39115490361 339.545898 1.509 -1.25 1.469730392485857 -1.0603725463151932 0.3792238 0.3732238 "" "" 2.9168311454827123 "" 1.1001719746387608 ""
82.97723205733 -1.35273250009 0.0371 0.033 25.6428 "" "" 3217252356670118656 451.76297 2.1803 0.0457 1.269 -30.484 0.042 0.037 1.092 4455.5 4.6614 15.888841 1.683945 16.693998 15.010054 "" "" 442.964508 459.22644 8306.35228 3.1707 2869.6 12.412 7854.8 11.582 "" "" 0.002786315814171222 0.005462522 0.004104474 0.009566996 82.97723205733 -1.35273250009 451.76297 1.2690000000000001 -30.484 1.229730392485857 -30.294372546315195 0.3832238 0.3782238 "" "" 64.92447509369802 "" 24.556519658326636 ""
83.88268824848 -1.54304436764 0.0345 0.029 37.1023 "" "" 3217550289962269568 411.59787 2.3846 0.0467 0.068 -0.376 0.043 0.035 1.037 3576.6 4.0051 15.892262 2.441046 17.124847 14.683802 "" "" 404.047089 418.621307 8280.21834 12.888 1929.6 36.609 10608.0 167.03 "" "" 0.003232281474818439 0.02078705 0.017508412 0.038295463 83.88268824848 -1.54304436764 411.59787 0.068 -0.3760000000000001 0.028730392485857015 -0.18637254631519318 0.38422382 0.3762238 "" "" 0.36790299430028794 "" 0.1384828919766806 ""
84.79705865545 -0.80924118981 0.0678 0.0637 104.5762 "" "" 3217717175211106816 362.132385 2.7089 0.087 2.115 -0.665 0.082 0.072 1.278 "" "" 15.893565 1.988162 16.401299 14.413137 "" "" 351.958008 371.98175 8270.28726 8.1501 3757.5 17.932 13611.0 32.922 "" "" 0.002955773836659199 0.0058849645 0.0046022194 0.010487184 84.79705865545 -0.80924118981 362.132385 2.1150000000000007 -0.665 2.0757303924858572 -0.4753725463151932 0.4232238 0.4132238 "" "" 3.655248511602246 "" 1.5451870578314126 ""
82.7239024836 -0.7485043178 0.0341 0.0315 63.8723 "" "" 3220710148940183424 367.306763 2.6802 0.0459 -11.631 5.865 0.039 0.035 1.048 4244.7 4.6799 15.894062 1.742536 16.737986 14.995449 "" "" 360.881439 372.647614 8266.50823 3.182 2755.6 13.483 7961.2 12.763 "" "" 0.002786835827461355 0.006000595 0.0041609383 0.010161534 82.7239024836 -0.7485043178 367.306763 -11.631 5.864999999999999 -11.670269607514143 6.054627453684807 0.3802238 0.3762238 "" "" 22.89004331743922 "" 8.68400219264881 ""
82.33182137928 -2.15890216147 0.0265 0.0205 64.0172 "" "" 3217090453583588608 409.104248 2.3904 0.041 -0.556 7.224 0.037 0.026 1.035 4352.6 4.5855 15.89604 1.843482 16.746382 14.9029 "" "" 403.125305 415.453247 8251.45722 2.9784 2734.4 12.502 8669.6 54.589 "" "" 0.0027830515640027056 0.0056945127 0.0078115766 0.013506089 82.33182137928 -2.15890216147 409.104248 -0.556 7.224 -0.595269607514143 7.413627453684807 0.3782238 0.3672238 "" "" 14.422434332586676 "" 5.297292514027605 ""
82.70004185145 -1.94967944639 0.0352 0.0303 38.6377 "" "" 3217191333775190272 419.710938 2.3372 0.0447 -0.15 -0.514 0.042 0.035 1.149 "" "" 15.896525 2.665705 17.354446 14.688742 "" "" 410.751343 426.434631 8247.76917 5.7509 1561.8 13.91 10560.0 42.965 "" "" 0.0028574309411608483 0.010064479 0.0058135972 0.015878076 82.70004185145 -1.94967944639 419.710938 -0.15 -0.5139999999999993 -0.18926960751414298 -0.3243725463151932 0.3832238 0.3762238 "" "" 0.7471376112674557 "" 0.2824284905309848 ""
84.26250772282 -2.84696212911 0.0342 0.0348 92.6402 "" "" 3216103534521422336 399.647797 2.455 0.047 0.202 0.013 0.04 0.037 1.085 3486.1 4.003 15.896804 2.585851 17.301456 14.715606 "" "" 392.385742 406.718658 8245.65721 20.102 1640.0 27.289 10302.0 61.206 "" "" 0.0038207189647021947 0.018280441 0.0074761836 0.025756624 84.26250772282 -2.84696212911 399.647797 0.202 0.013000000000000001 0.16273039248585702 0.20262745368480684 0.3812238 0.3782238 "" "" 0.492303914500537 "" 0.18678152832352263 ""
84.67233741757 -2.61238156402 0.0392 0.0358 101.4311 "" "" 3216486336370992000 396.37384 2.4754 0.049 1.701 -1.168 0.05 0.041 1.159 3503.5 3.9693 15.896862 2.532423 17.232866 14.700443 "" "" 389.490356 402.927216 8245.21483 6.1959 1746.9 41.773 10447.0 33.67 "" "" 0.0028735780733073705 0.026112318 0.005150585 0.031262904 84.67233741757 -2.61238156402 396.37384 1.701 -1.168 1.661730392485857 -0.9783725463151931 0.39122382 0.3822238 "" "" 3.623020283370566 "" 1.409090370206718 ""
84.52182232245 -2.95054791768 0.0332 0.0307 107.6499 "" "" 3216052067929704320 413.072845 2.381 0.0415 14.019 -20.094 0.038 0.034 1.047 4250.0 4.6747 15.897807 1.782252 16.763159 14.980906 "" "" 405.812531 420.689697 8238.04361 3.2533 2692.5 12.918 8068.6 14.481 "" "" 0.002788482213713014 0.005909308 0.004252153 0.010161461 84.52182232245 -2.95054791768 413.072845 14.019 -20.094 13.979730392485857 -19.904372546315194 0.3792238 0.37522382 "" "" 47.62393494390434 "" 17.932785818696292 ""
84.74625775916 -2.78706248829 0.0425 0.0376 111.1668 "" "" 3216060756648102016 445.406281 2.2249 0.058 0.845 0.104 0.062 0.053 1.457 "" "" 15.901721 2.052914 15.93678 13.883866 "" "" 431.19519 458.178345 8208.39838 454.31 5763.7 1643.9 22162.0 3969.6 "" "" 0.06015534515546277 0.30968198 0.19451097 0.50419295 84.74625775916 -2.78706248829 445.406281 0.8449999999999991 0.10400000000000004 0.805730392485857 0.2936274536848068 0.4032238 0.3942238 "" "" 1.8105143356644708 "" 0.7281510541515349 ""
83.71382571128 -3.09829556621 0.0342 0.03 90.2562 "" "" 3215990323480264704 482.582642 2.0532 0.0411 2.827 -3.4 0.041 0.033 1.028 4511.0 4.6461 15.902866 1.603705 16.659243 15.055537 "" "" 471.485168 489.150146 8199.74405 2.9904 2962.9 12.073 7532.6 17.185 "" "" 0.0027836262591263814 0.0052304384 0.004518776 0.009749215 83.71382571128 -3.09829556621 482.582642 2.826999999999998 -3.399999999999998 2.787730392485857 -3.210372546315193 0.3822238 0.3742238 "" "" 9.725779522913427 "" 3.6732679599076197 ""
84.83458427797 -1.30704444234 0.0355 0.0323 95.8954 "" "" 3217474148781281664 411.324341 2.3723 0.042 -0.26 0.456 0.042 0.037 1.007 "" "" 15.903294 2.815764 17.504408 14.688643 "" "" 404.21817 419.006439 8196.51728 61.023 1360.4 45.398 10561.0 215.6 "" "" 0.008539991997190183 0.036339447 0.022484919 0.058824368 84.83458427797 -1.30704444234 411.324341 -0.2599999999999998 0.4560000000000002 -0.299269607514143 0.6456274536848068 0.3832238 0.3782238 "" "" 1.3874213082690272 "" 0.5259893362566342 ""
83.18625385348 -2.51247641689 0.0321 0.0287 51.4668 "" "" 3216913157333278592 344.293701 2.8402 0.0408 1.416 -1.378 0.038 0.033 1.01 "" "" 15.903649 2.654843 17.3694 14.714557 "" "" 339.16098 348.552032 8193.83114 7.9685 1540.5 10.786 10312.0 37.105 "" "" 0.0029507064255622677 0.008097787 0.0054356502 0.013533438 83.18625385348 -2.51247641689 344.293701 1.416 -1.3779999999999997 1.376730392485857 -1.188372546315193 0.3792238 0.3742238 "" "" 2.968007220654008 "" 1.1192268903358493 ""
83.43458898068 -1.56179967557 0.0408 0.0354 11.2125 "" "" 3217559532731965568 419.610199 2.329 0.049 0.432 0.483 0.047 0.041 1.228 "" "" 15.903877 2.798111 17.473345 14.675234 "" "" 408.343811 427.33252 8192.10848 16.623 1399.8 24.107 10692.0 88.721 "" "" 0.003527821338063669 0.0189053 0.009769929 0.028675228 83.43458898068 -1.56179967557 419.610199 0.4319999999999998 0.4829999999999997 0.392730392485857 0.6726274536848068 0.3882238 0.3822238 "" "" 1.5491689882707127 "" 0.594506194724192 ""
83.14830803944 -1.79649877341 0.0398 0.0332 11.2066 "" "" 3217173191833150848 399.361511 2.4514 0.0456 0.183 -0.164 0.048 0.038 1.168 3517.1 3.9563 15.904042 2.984855 17.62825 14.643395 "" "" 392.461975 406.81955 8190.86439 14.331 1213.7 14.39 11010.0 55.641 "" "" 0.0033467024691279557 0.013171735 0.0066626174 0.019834353 83.14830803944 -1.79649877341 399.361511 0.183 -0.164 0.143730392485857 0.025627453684806817 0.3892238 0.3792238 "" "" 0.2763689026220388 "" 0.10748526408868489 ""
82.00052357598 -1.57115712875 0.0319 0.0246 76.6273 "" "" 3220139674204934784 349.17868 2.8227 0.0493 1.52 -0.18 0.037 0.03 1.052 3520.9 4.2308 15.904394 2.598069 17.314604 14.716535 "" "" 343.467743 355.665344 8188.2102 28.317 1620.2 27.594 10293.0 99.774 "" "" 0.004657256352489356 0.018700743 0.011182483 0.029883226 82.00052357598 -1.57115712875 349.17868 1.5200000000000014 -0.18 1.480730392485857 0.00962745368480683 0.3782238 0.3712238 "" "" 2.4508189546364787 "" 0.9269573558621858 ""
82.60479558499 -1.82132307698 0.1533 0.1394 41.3587 "" "" 3217197170635498752 374.332245 2.7546 0.2004 1.568 -1.563 0.192 0.166 5.396 "" "" 15.904628 2.762765 17.387342 14.624577 "" "" 346.207733 413.204102 8186.45216 25.717 1515.2 16.666 11203.0 48.633 "" "" 0.004384626481726355 0.012263854 0.0060413997 0.018305253 82.60479558499 -1.82132307698 374.332245 1.568 -1.5629999999999993 1.528730392485857 -1.3733725463151931 0.5332238 0.5072238 "" "" 3.6463201628847015 "" 1.9025470406692981 ""
84.14759286685 -0.50933017182 0.0335 0.0288 86.6035 "" "" 3217768543019808256 432.905914 2.2636 0.0439 -1.458 -1.904 0.04 0.036 1.028 4286.4 4.6533 15.905143 1.823937 16.795414 14.971477 "" "" 425.876648 439.813629 8182.56986 4.7129 2613.7 11.178 8138.9 13.049 "" "" 0.00282539403340509 0.005417183 0.0041610007 0.009578183 84.14759286685 -0.50933017182 432.905914 -1.458 -1.904 -1.497269607514143 -1.714372546315193 0.3812238 0.3772238 "" "" 4.670614524105081 "" 1.769975194101694 ""
84.19088645266 -0.30617300164 0.0376 0.032 98.0286 "" "" 3217806506234469120 418.577362 2.3512 0.0437 -0.947 0.79 0.047 0.039 1.062 3567.5 4.1788 15.907256 2.215097 17.060125 14.845029 "" "" 412.168549 427.20462 8166.65322 7.4552 2048.2 11.032 9144.2 29.128 "" "" 0.002928168065895712 0.0064795036 0.0051229903 0.011602494 84.19088645266 -0.30617300164 418.577362 -0.9470000000000001 0.79 -0.9862696075141429 0.9796274536848069 0.3882238 0.3802238 "" "" 2.7580512549638163 "" 1.059840909783557 ""
82.13286721397 -1.8901229297 0.1014 0.0808 69.8873 "" "" 3220118268086482176 405.91687 2.435 0.1505 0.764 -0.924 0.13 0.097 2.344 "" "" 15.909122 2.724934 17.125113 14.400179 "" "" 382.855682 433.17041 8152.62768 13.034 1929.2 41.952 13775.0 265.14 "" "" 0.003256509904285332 0.023774497 0.021237152 0.045011647 82.13286721397 -1.8901229297 405.91687 0.764 -0.9240000000000004 0.724730392485857 -0.7343725463151932 0.4712238 0.4382238 "" "" 1.9851615713367028 "" 0.9028615907213678 ""
