Clusters/Gulliver_6/Gulliver_6_members.tsv
# %ECSV 1.0
# ---
# datatype:
# - name: RA_ICRS_1
#   unit: deg
#   datatype: float64
#   format: '{:15.11f}'
#   description: Right ascension (ICRS) at Ep=2016.0 (ra)
#   meta: !!omap
#   - {ucd: POS_EQ_RA_MAIN}
#   - {width: 15}
#   - {precision: '11'}
# - name: DE_ICRS_1
#   unit: deg
#   datatype: float64
#   format: '{:15.11f}'
#   description: Declination (ICRS) at Ep=2016.0 (dec)
#   meta: !!omap
#   - {ucd: POS_EQ_DEC_MAIN}
#   - {width: 15}
#   - {precision: '11'}
# - name: e_RA_ICRS
#   unit: mas
#   datatype: float64
#   format: '{:7.4f}'
#   description: Standard error of right ascension (ra_error)
#   meta: !!omap
#   - {ucd: ERROR}
#   - {width: 7}
#   - {precision: '4'}
# - name: e_DE_ICRS
#   unit: mas
#   datatype: float64
#   format: '{:7.4f}'
#   description: Standard error of declination (dec_error)
#   meta: !!omap
#   - {ucd: ERROR}
#   - {width: 7}
#   - {precision: '4'}
# - name: _r_1
#   unit: ''
#   datatype: float64
#   format: '{:8.4f}'
#   description: Distance from center (083.27510627000-01.65930519000)[ICRS], at Epoch=J2016.0
#   meta: !!omap
#   - {ucd: POS_ANG_DIST_GENERAL}
#   - {width: 8}
#   - {precision: '4'}
# - name: HIP
#   datatype: int32
#   description: '? HIP cross-id number, van Leeuwen, Cat. I/311 (hip_original_ext_source_id)'
#   meta: !!omap
#   - {ucd: ID_NUMBER}
#   - {width: 6}
#   - values: {'null': -2147483648}
# - name: TYC2
#   datatype: string
#   description: Tycho-2 cross-id name, Hog et al., Cat. I/259 (tyc2_original_ext_source_id)
#   meta: !!omap
#   - {ucd: ID_CROSSID}
#   - {_votable_string_dtype: char}
# - name: Source
#   datatype: int64
#   description: Source identifier, identical to the Gaia-EDR3 source_id (id)
#   meta: !!omap
#   - {ucd: ID_MAIN}
#   - {width: 19}
# - name: rgeo
#   unit: pc
#   datatype: float64
#   format: '{:15.8f}'
#   description: '? Median of the geometric distance posterior (r_med_geo)'
#   meta: !!omap
#   - {ucd: PHYS_DISTANCE_TRUE}
#   - {width: 15}
#   - {precision: '8'}
#   - values: {'null': .nan}
# - name: Plx
#   unit: mas
#   datatype: float64
#   format: '{:9.4f}'
#   description: '? Parallax (parallax)'
#   meta: !!omap
#   - {ucd: POS_PARLX_TRIG}
#   - {width: 9}
#   - {precision: '4'}
#   - values: {'null': .nan}
# - name: e_Plx
#   unit: mas
#   datatype: float32
#   format: '{:7.4f}'
#   description: '? Standard error of parallax (parallax_error)'
#   meta: !!omap
#   - {ucd: ERROR}
#   - {width: 7}
#   - {precision: '4'}
#   - values: {'null': .nan}
# - name: pmRA
#   unit: mas / yr
#   datatype: float64
#   format: '{:9.3f}'
#   description: '? Proper motion in right ascension direction, pmRA*cosDE (pmra)'
#   meta: !!omap
#   - {ucd: POS_EQ_PMRA}
#   - {width: 9}
#   - {precision: '3'}
#   - values: {'null': .nan}
# - name: pmDE
#   unit: mas / yr
#   datatype: float64
#   format: '{:9.3f}'
#   description: '? Proper motion in declination direction (pmdec)'
#   meta: !!omap
#   - {ucd: POS_EQ_PMDEC}
#   - {width: 9}
#   - {precision: '3'}
#   - values: {'null': .nan}
# - name: e_pmRA
#   unit: mas / yr
#   datatype: float32
#   format: '{:6.3f}'
#   description: '? Standard error of proper motion in right ascension direction (pmra_error)'
#   meta: !!omap
#   - {ucd: ERROR}
#   - {width: 6}
#   - {precision: '3'}
#   - values: {'null': .nan}
# - name: e_pmDE
[...]
#         unit: &id001 !astropy.units.Unit {unit: deg}
#         value: !astropy.table.SerializedColumn {name: SkyCoord.dec}
#       distance: !astropy.table.SerializedColumn
#         __class__: astropy.coordinates.distances.Distance
#         unit: !astropy.units.Unit {unit: pc}
#         value: !astropy.table.SerializedColumn {name: SkyCoord.distance}
#       frame: icrs
#       obstime: !astropy.time.Time {format: jyear_str, in_subfmt: '*', jd1: 367701545.0, jd2: 0.0, out_subfmt: '*', precision: 3, scale: tt}
#       pm_dec: !astropy.table.SerializedColumn
#         __class__: astropy.units.quantity.Quantity
#         unit: !astropy.units.Unit {unit: mas / yr}
#         value: !astropy.table.SerializedColumn {name: SkyCoord.pm_dec}
#       pm_ra_cosdec: !astropy.table.SerializedColumn
#         __class__: astropy.units.quantity.Quantity
#         unit: !astropy.units.Unit {unit: mas / yr}
#         value: !astropy.table.SerializedColumn {name: SkyCoord.pm_ra_cosdec}
#       ra: !astropy.table.SerializedColumn
#         __class__: astropy.coordinates.angles.Longitude
#         unit: *id001
#         value: !astropy.table.SerializedColumn {name: SkyCoord.ra}
#         wrap_angle: !astropy.coordinates.Angle
#           unit: *id001
#           value: 360.0
#       representation_type: spherical
# schema: astropy-2.0
RA_ICRS_1 DE_ICRS_1 e_RA_ICRS e_DE_ICRS _r_1 HIP TYC2 Source rgeo Plx e_Plx pmRA pmDE e_pmRA e_pmDE RUWE Teff logg Gmag BP-RP BPmag RPmag RV e_RV b_rgeo B_rgeo FG e_FG FBP e_FBP FRP e_FRP RAVE5 RAVE6 e_Gmag e_BPmag e_RPmag e_BP-RP SkyCoord.ra SkyCoord.dec SkyCoord.distance SkyCoord.pm_ra_cosdec SkyCoord.pm_dec Pmemb
[from data line 161]
83.1774450787 -1.73476129831 0.0519 0.0429 7.4029 "" "" 3217178242714660352 415.975739 2.3677 0.0599 -0.145 -1.01 0.064 0.048 1.01 3525.6 4.3579 16.605356 2.582564 18.01489 15.432326 "" "" 404.594177 426.01474 4293.43063 4.293 850.08 9.3498 5323.9 10.548 "" "" 0.0029614820744696822 0.012263346 0.004348683 0.01661203 83.1774450787 -1.73476129831 415.975739 -0.145 -1.01 0.8
82.89671024319 -1.49417130309 0.0573 0.0443 24.7637 "" "" 3217244488290237312 413.221008 2.3878 0.0609 -0.171 -0.303 0.07 0.051 1.019 3466.4 4.0982 16.636614 2.709685 18.14927 15.439584 "" "" 403.755585 424.072388 4171.58494 3.2403 751.12 8.8259 5288.4 15.277 "" "" 0.0028814979583721397 0.013059293 0.004911317 0.01797061 82.89671024319 -1.49417130309 413.221008 -0.17100000000000007 -0.303 1.0
83.13865500447 -1.65368183776 0.0629 0.0523 8.1906 "" "" 3217179788902873600 399.967499 2.4688 0.0666 -0.085 -0.397 0.072 0.058 1.057 3478.4 4.4031 16.63714 2.593153 18.037779 15.444626 "" "" 388.359406 412.234802 4169.56344 4.094 832.35 16.521 5263.9 20.895 "" "" 0.002954365019391627 0.02173024 0.005732213 0.027462453 83.13865500447 -1.65368183776 399.967499 -0.08499999999999999 -0.397 0.9
83.38191664484 -2.02112760341 0.0592 0.0573 22.6346 "" "" 3217154122178667264 406.984528 2.4205 0.0651 -0.298 -1.051 0.069 0.062 1.071 3531.3 4.4081 16.658152 2.529587 18.034225 15.504639 "" "" 396.633392 415.883606 4089.65121 5.6457 835.08 8.1121 4980.8 19.817 "" "" 0.0031366090826585326 0.010909837 0.0057397177 0.016649555 83.38191664484 -2.02112760341 406.984528 -0.298 -1.051 0.9
82.6130993997 -2.69018648034 0.0397 0.0313 73.4927 "" "" 3216989229794552448 415.12912 2.3783 0.0556 -0.593 -0.085 0.05 0.036 1.029 3632.3 4.3247 16.661428 2.681506 18.14656 15.465055 "" "" 407.410828 424.238251 4077.32631 7.3366 753.0 10.45 5165.8 24.348 "" "" 0.0033776445964754636 0.015323812 0.006361728 0.02168554 82.6130993997 -2.69018648034 415.12912 -0.5930000000000002 -0.08500000000000003 0.8
83.17776270209 -0.6307525841 0.0512 0.0407 61.9888 "" "" 3220691285443946112 436.431 2.2561 0.0609 0.075 -0.049 0.067 0.052 0.925 3549.5 4.0438 16.667366 2.830396 18.25698 15.426585 "" "" 425.338043 447.398621 4055.08828 7.7415 680.18 17.237 5352.1 33.588 "" "" 0.0034479160937072252 0.027655642 0.0077916943 0.035447337 83.17776270209 -0.6307525841 436.431 0.075 -0.048999999999999995 0.9
83.33120305152 -1.59000111759 0.0627 0.0567 5.3489 "" "" 3217186867008914048 428.585907 2.2997 0.069 0.014 -0.086 0.073 0.062 1.1 3569.0 4.5024 16.685003 2.715 18.200195 15.485195 "" "" 417.854553 441.414368 3989.74743 3.8722 716.7 8.8234 5070.8 19.161 "" "" 0.0029499447000718086 0.013654764 0.005578134 0.019232899 83.33120305152 -1.59000111759 428.585907 0.014 -0.08600000000000003 0.9
82.87297958017 -2.01732259514 0.0491 0.042 32.2951 "" "" 3217143161421976320 423.91452 2.3186 0.0656 -0.012 -0.321 0.061 0.051 1.031 3455.9 3.9536 16.691513 2.917171 18.356981 15.439811 "" "" 411.537201 437.990997 3965.89795 4.4079 620.33 9.5577 5287.3 18.251 "" "" 0.0030079920221217525 0.016959513 0.005322572 0.022282084 82.87297958017 -2.01732259514 423.91452 -0.011999999999999995 -0.32100000000000006 1.0
82.21900646181 -0.67167958152 0.0523 0.0423 86.7464 "" "" 3220354418273876864 409.787933 2.4026 0.0631 0.083 -0.212 0.061 0.048 1.063 3470.7 4.4682 16.703547 2.754082 18.246624 15.492542 "" "" 400.268829 421.102966 3922.18541 2.741 686.7 9.0491 5036.6 12.825 "" "" 0.002857885265268881 0.014576986 0.0046826443 0.019259632 82.21900646181 -0.67167958152 409.787933 0.08299999999999996 -0.21200000000000005 1.0
83.3857649702 -1.51387473082 0.0515 0.0454 10.9631 "" "" 3217562831266617472 398.480042 2.4605 0.0663 0.748 -0.35 0.056 0.052 0.955 3556.2 4.3657 16.7053 2.693639 18.214016 15.520377 "" "" 388.99585 408.458435 3915.85936 3.8414 707.64 8.833 4909.2 13.22 "" "" 0.0029540156354158327 0.013836759 0.0047783083 0.018615067 83.3857649702 -1.51387473082 398.480042 0.7479999999999997 -0.34999999999999987 0.8
82.61585327705 -2.68721532377 0.0405 0.0323 73.2535 "" "" 3216989229794552064 431.491516 2.2833 0.0571 -0.413 -0.008 0.052 0.037 1.024 3666.2 4.3356 16.70707 2.655362 18.180752 15.52539 "" "" 422.016846 439.888245 3909.48081 2.6335 729.65 6.1114 4886.5 10.715 "" "" 0.002850735864935188 0.009512316 0.004466746 0.013979062 82.61585327705 -2.68721532377 431.491516 -0.4130000000000001 -0.008 1.0
83.01454411001 -1.73963193923 0.0553 0.0486 16.3532 "" "" 3217224353483604992 406.597656 2.4148 0.0661 -0.204 -0.043 0.068 0.056 1.093 3413.1 4.0509 16.707737 2.882375 18.340887 15.458512 "" "" 396.73526 416.890961 3907.07368 3.9099 629.6 10.924 5197.0 14.883 "" "" 0.0029618099843754086 0.019043788 0.004894022 0.02393781 83.01454411001 -1.73963193923 406.597656 -0.204 -0.04300000000000001 1.0
83.12408746896 -1.7130258523 0.0537 0.0457 9.6136 "" "" 3217178964269175680 411.600281 2.3802 0.0647 0.21 -0.433 0.065 0.055 1.055 3430.4 4.1643 16.726906 3.137721 18.570581 15.43286 "" "" 402.756531 421.968445 3838.70163 3.9903 509.55 8.2681 5321.3 17.047 "" "" 0.0029775088837284743 0.017837035 0.005136302 0.022973336 83.12408746896 -1.7130258523 411.600281 0.21000000000000005 -0.433 1.0
83.36984374678 -1.16822929696 0.0565 0.0468 30.0075 "" "" 3217625640868301056 406.158356 2.4293 0.0818 0.001 -0.151 0.067 0.056 1.15 3840.7 4.679 16.734598 1.942127 17.57783 15.635702 "" "" 393.16925 418.282654 3811.60304 56.256 1271.4 91.319 4414.5 177.4 "" "" 0.016259691764991615 0.078033485 0.0437945 0.12182799 83.36984374678 -1.16822929696 406.158356 0.001 -0.151 1.0
83.16540701665 -1.49619920063 0.0576 0.0521 11.7925 "" "" 3217236173233484288 394.910339 2.4848 0.0647 0.178 -0.025 0.064 0.057 0.982 3505.4 4.2821 16.739359 2.604507 18.164627 15.56012 "" "" 385.35968 404.094055 3794.92453 3.4027 740.57 10.154 4732.7 15.339 "" "" 0.002922247478576249 0.015145817 0.0051639806 0.020309798 83.16540701665 -1.49619920063 394.910339 0.17800000000000002 -0.02500000000000001 1.0
83.15166839939 -1.74087309176 0.0547 0.0467 8.8745 "" "" 3217178070915979520 413.733887 2.3673 0.0646 0.17 -0.304 0.066 0.054 1.039 3578.1 4.3417 16.740782 2.74727 18.266375 15.519105 "" "" 403.420166 424.487762 3789.95698 2.5802 674.32 10.229 4914.9 11.247 "" "" 0.0028527459249870915 0.016704587 0.0045229057 0.021227494 83.15166839939 -1.74087309176 413.733887 0.17000000000000004 -0.304 1.0
82.93586400685 -0.65692158759 0.0544 0.0523 63.4926 "" "" 3220671219356802816 410.303497 2.3965 0.0722 0.036 -0.15 0.07 0.062 1.051 3441.8 4.1479 16.74284 2.705484 18.254076 15.548592 "" "" 400.789825 424.008301 3782.78012 4.5117 682.0 8.5157 4783.2 14.575 "" "" 0.0030444520644238022 0.013841044 0.0050228527 0.018863898 82.93586400685 -0.65692158759 410.303497 0.03599999999999999 -0.15000000000000005 0.9
82.79456542082 -1.95940226519 0.0495 0.0437 33.9807 "" "" 3217144535811514624 414.926514 2.3779 0.066 -0.073 0.084 0.06 0.053 1.03 3594.4 4.2359 16.74533 2.526276 18.120808 15.594532 "" "" 405.072235 424.562988 3774.10988 5.3401 771.07 14.786 4585.1 20.259 "" "" 0.0031546510652249614 0.021006152 0.006107164 0.027113317 82.79456542082 -1.95940226519 414.926514 -0.073 0.084 1.0
82.6191415471 -1.21771345488 0.0705 0.0564 47.4349 "" "" 3220258318380684288 400.6297 2.4577 0.0718 0.325 -0.152 0.075 0.064 1.022 3467.5 4.2805 16.750923 2.878776 18.374477 15.495702 "" "" 390.54483 410.64798 3754.71621 3.8972 610.42 8.8946 5022.0 14.22 "" "" 0.0029768738228455605 0.016064722 0.004871867 0.02093659 82.6191415471 -1.21771345488 400.6297 0.325 -0.152 0.8
83.08229479865 -2.01795546679 0.0496 0.0457 24.4288 "" "" 3217135018164178560 387.946899 2.5242 0.0635 0.044 -0.189 0.06 0.056 0.987 3513.5 4.2369 16.751158 3.038752 18.511486 15.472734 "" "" 379.794464 399.871338 3753.90534 3.3711 538.05 11.125 5129.4 23.912 "" "" 0.0029227468877722576 0.022621969 0.0063167913 0.02893876 83.08229479865 -2.01795546679 387.946899 0.044 -0.18899999999999995 0.9
82.5857887847 -2.71285798716 0.0451 0.0357 75.5244 "" "" 3216989092355602816 420.47229 2.3571 0.0637 -0.108 -0.949 0.057 0.041 1.001 3518.5 4.4024 16.78677 2.672675 18.271215 15.59854 "" "" 409.410217 432.81604 3632.77968 6.2985 671.32 7.1792 4568.2 18.882 "" "" 0.003336973143736285 0.011941569 0.0058671534 0.017808722 82.5857887847 -2.71285798716 420.47229 -0.10800000000000005 -0.949 1.0
83.82276457194 -1.70264662622 0.0547 0.0433 32.9481 "" "" 3217354886129820544 423.485748 2.3217 0.0622 -0.044 0.153 0.066 0.05 0.965 3452.8 4.1327 16.794966 2.747768 18.342665 15.594896 "" "" 411.339417 434.485291 3605.4606 11.66 628.57 13.741 4583.5 37.51 "" "" 0.004463259442594831 0.023898423 0.009655723 0.033554144 83.82276457194 -1.70264662622 423.485748 -0.044 0.15299999999999997 0.9
83.73300211642 -1.26324484701 0.0568 0.0487 36.3184 "" "" 3217574234403744000 403.339569 2.4245 0.0662 0.401 -0.225 0.069 0.055 1.062 3569.1 4.272 16.816301 2.856096 18.391872 15.535776 "" "" 394.28656 414.552551 3535.29914 3.3409 600.71 9.2612 4840.0 24.417 "" "" 0.002940158907458731 0.016969841 0.0066547124 0.023624554 83.73300211642 -1.26324484701 403.339569 0.401 -0.22499999999999998 0.8
83.75095837701 -1.76323423225 0.06 0.0482 29.2117 "" "" 3217353099423436288 416.59433 2.3486 0.072 -1.185 0.611 0.07 0.055 1.179 3458.7 3.9552 16.822933 2.90501 18.474049 15.569038 "" "" 407.162628 431.786194 3513.76871 4.4777 556.93 6.022 4694.0 9.6643 "" "" 0.0030831962916861074 0.01206691 0.0043909745 0.016457886 83.75095837701 -1.76323423225 416.59433 -1.185 0.611 0.8
83.08342539412 -1.99875225821 0.0544 0.0468 23.3868 "" "" 3217135224322604416 416.926361 2.3707 0.0644 0.015 -0.41 0.067 0.058 0.99 3408.1 4.0755 16.824072 2.855347 18.449615 15.594269 "" "" 405.704376 428.408325 3510.09012 2.71 569.6 8.9233 4586.2 10.866 "" "" 0.0028800100923534644 0.01723637 0.004571766 0.021808136 83.08342539412 -1.99875225821 416.926361 0.015000000000000003 -0.41 1.0
83.14378826194 -1.94587156137 0.0523 0.0462 18.9117 "" "" 3217135808438138624 419.685486 2.3288 0.0637 0.099 -0.098 0.064 0.054 1.014 3429.3 4.0352 16.83504 2.818818 18.422289 15.603471 "" "" 408.04715 429.246246 3474.81134 3.2425 584.12 9.0969 4547.5 14.815 "" "" 0.0029356871490985137 0.017137568 0.0051764026 0.022313971 83.14378826194 -1.94587156137 419.685486 0.09899999999999998 -0.09799999999999998 0.9
83.75982350704 -2.14571569863 0.056 0.0507 41.1901 "" "" 3216955522890747008 393.468994 2.5022 0.0633 -0.405 -0.819 0.067 0.056 0.985 3490.6 4.4076 16.84721 2.683427 18.34144 15.658013 "" "" 382.873718 405.909912 3436.07346 4.2662 629.28 10.27 4324.7 17.03 "" "" 0.0030674099271025173 0.017937804 0.0057064258 0.02364423 83.75982350704 -2.14571569863 393.468994 -0.405 -0.819 0.8
83.35439741357 -1.39069342564 0.054 0.0462 16.8037 "" "" 3217611862613253504 426.462463 2.3102 0.0724 0.218 -0.453 0.063 0.055 0.901 3411.7 4.1795 16.853096 3.132549 18.683416 15.550867 "" "" 412.478882 438.620667 3417.49915 3.4268 459.25 11.156 4773.2 17.181 "" "" 0.0029626065419078355 0.026521638 0.0054366156 0.031958252 83.35439741357 -1.39069342564 426.462463 0.21800000000000003 -0.453 0.8
83.76491333986 -1.25797634547 0.0552 0.0493 37.9862 "" "" 3217597637681707648 402.915527 2.4424 0.0654 0.823 -0.088 0.068 0.053 0.971 3504.3 4.2062 16.867712 2.730411 18.375113 15.644702 "" "" 391.61496 415.940643 3371.80231 2.7757 610.06 11.183 4378.0 12.571 "" "" 0.0028966613767692617 0.020097237 0.0048992927 0.02499653 83.76491333986 -1.25797634547 402.915527 0.823 -0.088 0.8
83.31610690271 -1.10959273962 0.0698 0.0602 33.0743 "" "" 3217638869367571072 448.000305 2.2189 0.0845 -0.479 0.222 0.088 0.07 1.128 "" "" 16.88822 3.01603 18.627775 15.611745 "" "" 429.60257 470.467773 3308.71244 3.6145 483.4 10.886 4512.9 14.033 "" "" 0.002999762012960092 0.024609085 0.005067739 0.029676825 83.31610690271 -1.10959273962 448.000305 -0.47899999999999987 0.22199999999999998 0.9
83.02110669725 -1.76825701349 0.0581 0.0529 16.5766 "" "" 3217176971404404096 412.327515 2.3842 0.0725 -0.025 -0.423 0.07 0.06 1.074 3513.7 4.3449 16.897276 2.752978 18.430515 15.677537 "" "" 399.540375 425.695312 3281.22699 4.6898 579.71 13.063 4247.6 17.146 "" "" 0.0031622690462697832 0.024624217 0.005787222 0.030411439 83.02110669725 -1.76825701349 412.327515 -0.025 -0.4230000000000001 0.9
83.758174943 -0.62635498494 0.0549 0.0522 68.4169 "" "" 3217773971858519296 407.449219 2.4049 0.0705 -0.754 0.689 0.063 0.057 1.018 3515.9 4.5166 16.91884 2.731802 18.44025 15.708448 "" "" 397.244446 422.253967 3216.69871 4.1068 574.54 15.458 4128.4 19.131 "" "" 0.003084358186913047 0.029344685 0.0062926714 0.035637356 83.758174943 -0.62635498494 407.449219 -0.754 0.689 0.9
83.05748516449 -1.45926331107 0.0645 0.0577 17.7321 "" "" 3217238750213880448 388.160126 2.5371 0.0734 -0.659 0.505 0.074 0.065 1.049 3516.7 4.5238 16.918919 2.74502 18.459253 15.714233 "" "" 376.019623 397.943451 3216.47091 5.3755 564.57 12.628 4106.4 20.717 "" "" 0.003299136140394578 0.024444925 0.0066549056 0.03109983 83.05748516449 -1.45926331107 388.160126 -0.659 0.5049999999999999 0.8
83.69394147335 -1.43975342259 0.0538 0.046 28.3653 "" "" 3217567091874344576 431.999756 2.2589 0.0695 -0.128 -0.311 0.07 0.059 0.95 "" "" 16.92353 3.318942 18.920261 15.601319 "" "" 417.967468 443.396515 3202.83394 3.0919 369.24 6.5832 4556.5 11.516 "" "" 0.0029479428086092393 0.0195577 0.004670506 0.024228206 83.69394147335 -1.43975342259 431.999756 -0.12800000000000006 -0.3110000000000001 1.0
83.46806577259 -2.35426035888 0.0609 0.0561 43.2729 "" "" 3216922881139176192 399.187592 2.4588 0.0768 -0.05 -0.108 0.072 0.065 1.083 3474.8 4.2629 16.938972 3.282408 18.906956 15.624548 "" "" 386.306854 416.343567 3157.60608 3.6469 373.8 5.4385 4460.0 14.614 "" "" 0.0030272516028882037 0.016041141 0.0051904074 0.021231549 83.46806577259 -2.35426035888 399.187592 -0.05 -0.10800000000000001 0.8
83.56424355951 -1.61845417113 0.0563 0.0472 17.5135 "" "" 3217546785269020032 404.844116 2.426 0.0732 -0.022 -0.316 0.067 0.057 1.001 "" "" 16.944426 2.728168 18.46612 15.737952 "" "" 392.807678 416.848724 3141.78264 2.5592 561.01 11.39 4017.7 11.91 "" "" 0.002893780560098868 0.022219226 0.004964142 0.027183369 83.56424355951 -1.61845417113 404.844116 -0.022000000000000013 -0.316 0.9
83.37364788114 -1.58957482995 0.0657 0.0553 7.2411 "" "" 3217187004448213888 393.057678 2.5322 0.0747 -0.62 -0.48 0.078 0.065 1.066 3426.1 4.4081 16.946066 2.756206 18.480547 15.72434 "" "" 379.084534 402.730957 3137.04214 3.4088 553.6 14.135 4068.4 14.069 "" "" 0.0029972818601459146 0.027862027 0.00532736 0.033189386 83.37364788114 -1.58957482995 393.057678 -0.6199999999999998 -0.4799999999999999 0.9
83.00814945118 -0.96679134603 0.0703 0.0646 44.5297 "" "" 3220644139587862656 395.938477 2.4654 0.0907 0.338 0.124 0.086 0.077 1.058 "" "" 16.96341 2.767721 17.92891 15.161188 "" "" 381.168396 411.673584 3087.32752 4.1545 920.14 9.5768 6834.1 24.536 "" "" 0.0031187192812918195 0.011639688 0.005429408 0.017069096 83.00814945118 -0.96679134603 395.938477 0.3379999999999999 0.12400000000000003 0.9
84.26281645802 -1.16657990769 0.0594 0.0513 66.211 "" "" 3217588562413255168 412.272064 2.3916 0.0697 -0.099 0.261 0.07 0.059 0.954 3423.4 4.2181 16.966175 3.078057 18.765305 15.687247 "" "" 399.670746 425.52594 3079.47282 3.0101 425.89 8.8382 4209.8 15.775 "" "" 0.002952642649687723 0.022703629 0.00555304 0.02825667 84.26281645802 -1.16657990769 412.272064 -0.099 0.261 0.8
83.12286657475 -1.83284707524 0.0648 0.0534 13.8485 "" "" 3217172951315004416 385.2117 2.5476 0.0759 0.275 -0.499 0.079 0.065 1.061 3430.9 4.2188 16.973484 2.779684 18.534105 15.754421 "" "" 374.692688 395.106659 3058.81257 3.2853 526.96 6.9596 3957.2 17.739 "" "" 0.0029919300444587542 0.014608332 0.0061621317 0.020770464 83.12286657475 -1.83284707524 385.2117 0.275 -0.49899999999999994 1.0
