Clusters/Gulliver_6/Gulliver_6_stars_in_region.tsv
# %ECSV 1.0
# ---
# datatype:
# - name: RA_ICRS_1
#   unit: deg
#   datatype: float64
#   format: '{:15.11f}'
#   description: Right ascension (ICRS) at Ep=2016.0 (ra)
#   meta: !!omap
#   - {ucd: POS_EQ_RA_MAIN}
#   - {width: 15}
#   - {precision: '11'}
# - name: DE_ICRS_1
#   unit: deg
#   datatype: float64
#   format: '{:15.11f}'
#   description: Declination (ICRS) at Ep=2016.0 (dec)
#   meta: !!omap
#   - {ucd: POS_EQ_DEC_MAIN}
#   - {width: 15}
#   - {precision: '11'}
# - name: e_RA_ICRS
#   unit: mas
#   datatype: float64
#   format: '{:7.4f}'
#   description: Standard error of right ascension (ra_error)
#   meta: !!omap
#   - {ucd: ERROR}
#   - {width: 7}
#   - {precision: '4'}
# - name: e_DE_ICRS
#   unit: mas
#   datatype: float64
#   format: '{:7.4f}'
#   description: Standard error of declination (dec_error)
#   meta: !!omap
#   - {ucd: ERROR}
#   - {width: 7}
#   - {precision: '4'}
# - name: _r_1
#   unit: ''
#   datatype: float64
#   format: '{:8.4f}'
#   description: Distance from center (083.27510627000-01.65930519000)[ICRS], at Epoch=J2016.0
#   meta: !!omap
#   - {ucd: POS_ANG_DIST_GENERAL}
#   - {width: 8}
#   - {precision: '4'}
# - name: HIP
#   datatype: int32
#   description: '? HIP cross-id number, van Leeuwen, Cat. I/311 (hip_original_ext_source_id)'
#   meta: !!omap
#   - {ucd: ID_NUMBER}
#   - {width: 6}
#   - values: {'null': -2147483648}
# - name: TYC2
#   datatype: string
#   description: Tycho-2 cross-id name, Hog et al., Cat. I/259 (tyc2_original_ext_source_id)
#   meta: !!omap
#   - {ucd: ID_CROSSID}
#   - {_votable_string_dtype: char}
# - name: Source
#   datatype: int64
#   description: Source identifier, identical to the Gaia-EDR3 source_id (id)
#   meta: !!omap
#   - {ucd: ID_MAIN}
#   - {width: 19}
# - name: rgeo
#   unit: pc
#   datatype: float64
#   format: '{:15.8f}'
#   description: '? Median of the geometric distance posterior (r_med_geo)'
#   meta: !!omap
#   - {ucd: PHYS_DISTANCE_TRUE}
#   - {width: 15}
#   - {precision: '8'}
#   - values: {'null': .nan}
# - name: Plx
#   unit: mas
#   datatype: float64
#   format: '{:9.4f}'
#   description: '? Parallax (parallax)'
#   meta: !!omap
#   - {ucd: POS_PARLX_TRIG}
#   - {width: 9}
#   - {precision: '4'}
#   - values: {'null': .nan}
# - name: e_Plx
#   unit: mas
#   datatype: float32
#   format: '{:7.4f}'
#   description: '? Standard error of parallax (parallax_error)'
#   meta: !!omap
#   - {ucd: ERROR}
#   - {width: 7}
#   - {precision: '4'}
#   - values: {'null': .nan}
# - name: pmRA
#   unit: mas / yr
#   datatype: float64
#   format: '{:9.3f}'
#   description: '? Proper motion in right ascension direction, pmRA*cosDE (pmra)'
#   meta: !!omap
#   - {ucd: POS_EQ_PMRA}
#   - {width: 9}
#   - {precision: '3'}
#   - values: {'null': .nan}
# - name: pmDE
#   unit: mas / yr
#   datatype: float64
#   format: '{:9.3f}'
#   description: '? Proper motion in declination direction (pmdec)'
#   meta: !!omap
#   - {ucd: POS_EQ_PMDEC}
#   - {width: 9}
#   - {precision: '3'}
#   - values: {'null': .nan}
# - name: e_pmRA
#   unit: mas / yr
#   datatype: float32
#   format: '{:6.3f}'
#   description: '? Standard error of proper motion in right ascension direction (pmra_error)'
#   meta: !!omap
#   - {ucd: ERROR}
#   - {width: 6}
#   - {precision: '3'}
#   - values: {'null': .nan}
# - name: e_pmDE
[...]
#         value: !astropy.table.SerializedColumn {name: SkyCoord.dec}
#       distance: !astropy.table.SerializedColumn
#         __class__: astropy.coordinates.distances.Distance
#         unit: !astropy.units.Unit {unit: pc}
#         value: !astropy.table.SerializedColumn {name: SkyCoord.distance}
#       frame: icrs
#       obstime: !astropy.time.Time {format: jyear_str, in_subfmt: '*', jd1: 367701545.0, jd2: 0.0, out_subfmt: '*', precision: 3, scale: tt}
#       pm_dec: !astropy.table.SerializedColumn
#         __class__: astropy.units.quantity.Quantity
#         unit: !astropy.units.Unit {unit: mas / yr}
#         value: !astropy.table.SerializedColumn {name: SkyCoord.pm_dec}
#       pm_ra_cosdec: !astropy.table.SerializedColumn
#         __class__: astropy.units.quantity.Quantity
#         unit: !astropy.units.Unit {unit: mas / yr}
#         value: !astropy.table.SerializedColumn {name: SkyCoord.pm_ra_cosdec}
#       ra: !astropy.table.SerializedColumn
#         __class__: astropy.coordinates.angles.Longitude
#         unit: *id001
#         value: !astropy.table.SerializedColumn {name: SkyCoord.ra}
#         wrap_angle: !astropy.coordinates.Angle
#           unit: *id001
#           value: 360.0
#       representation_type: spherical
# schema: astropy-2.0
RA_ICRS_1 DE_ICRS_1 e_RA_ICRS e_DE_ICRS _r_1 HIP TYC2 Source rgeo Plx e_Plx pmRA pmDE e_pmRA e_pmDE RUWE Teff logg Gmag BP-RP BPmag RPmag RV e_RV b_rgeo B_rgeo FG e_FG FBP e_FBP FRP e_FRP RAVE5 RAVE6 e_Gmag e_BPmag e_RPmag e_BP-RP SkyCoord.ra SkyCoord.dec SkyCoord.distance SkyCoord.pm_ra_cosdec SkyCoord.pm_dec rmRA rmDE e_rmRA e_rmDE rRV e_rRV v_pec v_pec3d e_vpec e_vpec3d
[from data line 544]
82.46676554392 -2.18657586459 0.0098 0.0082 57.8833 "" "" 3217092102851015552 368.571625 2.6859 0.0139 3.679 0.861 0.012 0.01 1.051 5641.8 4.3694 12.595476 0.882717 12.957269 12.074552 46.7 1.23 366.952271 370.379028 172486.9571 35.873 89642.0 50.797 117310.0 43.284 "" "" 0.0027645574370490744 0.0028571978 0.0038005542 0.006657752 82.46676554392 -2.18657586459 368.571625 3.679 0.861 3.639730392485857 1.0506274536848068 0.3532238 0.3512238 19.8174358974359 3.7027552 6.618326854828807 20.893372535479504 2.3367351503761222 3.5892303734060973
83.23823558622 -3.37021450194 0.0088 0.0077 102.6783 "" "" 3215954928653282048 415.482635 2.3807 0.013 -1.767 -5.929 0.011 0.01 1.018 6291.6 4.2728 12.596862 0.953107 12.987454 12.034348 11.54 1.94 413.378174 417.980591 172266.96769 32.021 87184.0 52.245 121740.0 53.36 "" "" 0.0027627014677881184 0.0028650244 0.0038092255 0.0066742497 83.23823558622 -3.37021450194 415.482635 -1.767000000000001 -5.929000000000001 -1.806269607514143 -5.7393725463151934 0.3522238 0.3512238 -15.342564102564104 4.412755 11.849595946166195 19.38574727289838 4.1629293613738065 4.321103069558573
82.87954105284 -3.30351081151 0.0103 0.0084 101.4618 "" "" 3216716306095504768 373.874512 2.6507 0.0149 1.663 -23.544 0.013 0.01 1.129 5229.0 4.2884 12.598032 1.027605 13.016063 11.988458 -14.77 2.36 371.84021 375.689545 172081.39373 27.102 84916.0 66.162 126990.0 238.4 "" "" 0.0027606212731335162 0.0029155917 0.004293979 0.007209571 82.87954105284 -3.30351081151 373.874512 1.6629999999999994 -23.544000000000004 1.623730392485857 -23.354372546315194 0.35422382 0.3512238 -41.6525641025641 4.832755 41.48771621903966 58.78917156577202 14.57207449144721 10.838621538484208
82.14051215099 -0.94223251294 0.0137 0.0115 80.5167 "" "" 3220338685808554496 382.545074 2.586 0.0142 17.091 -7.313 0.018 0.013 1.09 5687.2 4.3557 12.59958 0.821122 12.929613 12.108491 15.78 0.94 380.43399 384.617157 171836.29041 36.679 91954.0 54.419 113700.0 53.707 "" "" 0.002765049591569176 0.0028632 0.00381402 0.0066772196 82.14051215099 -0.94223251294 382.545074 17.091 -7.313000000000001 17.051730392485858 -7.123372546315193 0.3592238 0.35422382 -11.102564102564104 3.4127553 33.50879562101032 35.30023107037949 12.012410606232438 11.45320644789772
82.35410890594 -1.34764049073 0.0129 0.0114 58.32 "" "" 3220243578052975360 345.097107 2.8689 0.0152 -2.058 1.639 0.015 0.013 1.146 5585.6 4.371 12.607236 0.929071 12.98253 12.053458 16.58 0.79 342.858032 346.921936 170628.87699 32.946 87580.0 81.962 119610.0 79.526 "" "" 0.002763283988138973 0.0029694252 0.003847706 0.0068171313 82.35410890594 -1.34764049073 345.097107 -2.0579999999999994 1.639 -2.097269607514143 1.8286274536848068 0.3562238 0.35422382 -10.302564102564105 3.2627552 4.551535896692039 11.26318365766619 1.6174401795324826 3.055214920383259
83.19158518577 -1.58662791581 0.0151 0.014 6.6414 "" "" 3217233183936266880 377.841339 2.6224 0.0183 2.872 -11.962 0.017 0.015 1.24 5632.3 4.3536 12.612475 0.867667 12.965555 12.097888 26.95 1.26 375.657898 380.387695 169807.4036 43.69 88960.0 56.45 114820.0 48.692 "" "" 0.0027694451060059117 0.0028739716 0.0038073251 0.006681297 83.19158518577 -1.58662791581 377.841339 2.872 -11.962 2.832730392485857 -11.772372546315193 0.3582238 0.3562238 0.06743589743589595 3.7327552 21.68573900327532 21.685843855345805 7.727356266210718 7.72732762233635
84.46837925678 -0.8306096523 0.0864 0.0811 87.1538 "" "" 3217696559366733056 426.534698 2.384 0.1123 3.992 -15.017 0.111 0.095 6.852 "" "" 12.612626 0.852372 12.061752 11.20938 33.64 2.1 411.799713 443.37265 169783.82348 237.79 204510.0 960.52 260260.0 5466.9 "" "" 0.003147075416584959 0.005812795 0.023117496 0.028930292 84.46837925678 -0.8306096523 426.534698 3.992 -15.017000000000001 3.952730392485857 -14.827372546315193 0.4522238 0.4362238 6.757435897435897 4.572755 31.024526403213628 31.751916138268804 13.567135812682622 13.29200590402411
84.89782688007 -1.98427902219 0.0663 0.0587 99.2481 "" "" 3216546057888054912 357.472839 2.7839 0.0799 2.042 -1.121 0.08 0.064 6.196 5152.5 3.8301 12.612985 1.410806 13.248204 11.837399 20.58 18.24 349.386536 367.427094 169727.80478 210.91 68570.0 295.48 145950.0 421.98 "" "" 0.0030679087721599465 0.005447438 0.0049130428 0.010360481 84.89782688007 -1.98427902219 357.472839 2.042 -1.121 2.002730392485857 -0.9313725463151932 0.42122382 0.40522382 -6.302564102564105 20.712755 3.7424790296801222 7.329970228761176 1.5659411297560022 17.827487040915088
83.63231527811 -0.18609853373 0.0112 0.0099 90.9529 "" "" 3220805802155590400 339.383636 2.9249 0.0136 -8.179 -3.937 0.013 0.011 1.024 5639.3 4.4557 12.617534 0.818338 12.946257 12.127918 20.47 0.81 337.722412 341.128143 169018.16026 45.751 90555.0 67.93 111680.0 55.091 "" "" 0.0027709499107987597 0.002906614 0.003817143 0.006723757 83.63231527811 -0.18609853373 339.383636 -8.178999999999993 -3.937 -8.218269607514143 -3.747372546315193 0.35422382 0.3522238 -6.4125641025641045 3.2827551 14.530094102959357 15.882210583238972 5.141914978602864 4.8873238900128095
83.66005654081 -1.94012133677 0.0121 0.0107 28.5803 "" "" 3216973836631091328 459.07373 2.1529 0.0139 12.026 -18.252 0.014 0.012 1.12 5868.0 4.078 12.618196 0.941533 13.002781 12.061248 15.76 1.21 456.702332 461.640472 168915.06711 36.161 85962.0 50.352 118760.0 47.771 "" "" 0.002765106532923712 0.0028617308 0.003804532 0.0066662626 83.66005654081 -1.94012133677 459.07373 12.026000000000002 -18.252000000000006 11.986730392485857 -18.062372546315192 0.3552238 0.3532238 -11.122564102564104 3.6827552 47.17129880089608 48.464862145466455 16.690927409002384 16.267404939765505
83.32313569903 -2.13763513686 0.0802 0.0663 28.844 "" "" 3216941882074480000 410.636078 2.4311 0.1001 -0.649 -0.318 0.09 0.076 6.915 5327.5 4.1983 12.622175 1.126753 13.089686 11.962934 29.59 3.29 393.779358 429.232208 168297.07037 285.88 79349.0 433.06 130010.0 524.21 "" "" 0.0033156042102125433 0.006549623 0.0057834755 0.012333099 83.32313569903 -2.13763513686 410.636078 -0.6490000000000002 -0.31800000000000006 -0.688269607514143 -0.12837254631519318 0.4312238 0.4172238 2.7074358974358965 5.7627554 1.36276098058543 3.0310603143010337 0.5870236623548394 5.154231246559832
82.11064580474 -1.70234870203 0.01 0.008 69.8853 "" "" 3220125243114997376 342.068085 2.8973 0.0136 -7.74 -19.306 0.012 0.009 1.04 5669.7 4.4245 12.632166 0.839753 12.971828 12.132075 -33.3 3.15 340.284973 343.584534 166755.5328 36.478 88448.0 56.224 111260.0 64.56 "" "" 0.002765537674872873 0.0028742629 0.0038315326 0.0067057954 82.11064580474 -1.70234870203 342.068085 -7.740000000000001 -19.306 -7.779269607514143 -19.116372546315194 0.3532238 0.3502238 -60.1825641025641 5.622755 33.46351857143222 68.86035214214218 11.734036196705361 7.527635717878246
83.25524224106 -1.69827018985 0.0203 0.0167 2.6239 "" "" 3217181296440051328 396.332489 2.4996 0.0185 0.568 -0.112 0.023 0.017 1.209 5580.0 4.1203 12.641812 1.137221 13.112502 11.975281 31.6 2.31 393.611542 399.33551 165280.58912 292.94 77699.0 495.46 128540.0 667.3 "" "" 0.003360782950025287 0.007464455 0.0067862733 0.014250728 83.25524224106 -1.69827018985 396.332489 0.568 -0.11200000000000002 0.528730392485857 0.07762745368480682 0.3642238 0.3582238 4.717435897435898 4.782755 1.003929734273214 4.823077477894661 0.3655290330860777 4.6786152219541774
83.425351593 -1.4204531337 0.0126 0.0109 16.9289 "" "" 3217566095441741696 408.477478 2.4335 0.0166 0.265 -0.402 0.014 0.012 1.104 5122.8 4.1202 12.64502 1.229514 13.181029 11.951515 36.32 7.33 405.966797 411.14682 164793.11012 221.34 72947.0 347.81 131390.0 492.98 "" "" 0.00311743665882573 0.0058808164 0.0055568814 0.011437697 83.425351593 -1.4204531337 408.477478 0.26500000000000007 -0.40200000000000014 0.22573039248585702 -0.2123725463151932 0.3552238 0.3532238 9.437435897435897 9.802755 0.6000803475788731 9.456494738631333 0.21260014561092544 9.783007955024235
82.99003482864 -0.73110683161 0.0193 0.0183 58.2581 "" "" 3220666752590823040 367.87735 2.6928 0.0277 1.273 -2.579 0.023 0.022 1.667 5762.2 4.4415 12.656043 0.802365 12.975167 12.172802 -5.56 1.63 364.899841 371.690704 163128.34592 60.457 88176.0 133.67 107160.0 89.482 "" "" 0.002784547153555023 0.0032394582 0.0038866044 0.0071260626 82.99003482864 -0.73110683161 367.87735 1.273 -2.579 1.233730392485857 -2.3893725463151934 0.3642238 0.3632238 -32.442564102564106 4.102755 4.689065862923318 32.77967822013837 1.7041683679562458 4.067872425050708
84.72545054457 -2.82495095325 0.0175 0.016 111.5893 "" "" 3216060520425284096 362.882019 2.741 0.022 1.737 -1.012 0.023 0.018 1.421 5481.5 3.9914 12.66197 1.336073 13.24724 11.911167 "" "" 359.671967 365.882904 162240.30552 642.59 68631.0 906.9 136360.0 1257.0 "" "" 0.00510729236675911 0.014615869 0.010698386 0.025314255 84.72545054457 -2.82495095325 362.882019 1.737 -1.012 1.697730392485857 -0.8223725463151932 0.3642238 0.3592238 "" "" 3.2447591688080086 "" 1.1787524541513894 ""
83.18449485705 -0.85576037812 0.0103 0.0092 48.5181 "" "" 3220652252781217792 453.588989 2.1808 0.0135 -0.265 -10.644 0.013 0.011 0.956 5845.5 4.1824 12.663737 0.875769 13.017715 12.141946 -21.48 1.6 450.690277 456.346008 161976.4722 29.284 84787.0 62.602 110250.0 37.932 "" "" 0.0027623033840226516 0.0029030477 0.0037977977 0.0067008454 83.18449485705 -0.85576037812 453.588989 -0.26500000000000024 -10.644 -0.304269607514143 -10.454372546315193 0.35422382 0.3522238 -48.36256410256411 4.0727553 22.486542251445854 53.33462467291471 7.920333836319199 4.978937702071148
84.22773755704 -2.53520636412 0.0108 0.0096 77.6177 "" "" 3216130098895304832 472.55246 2.089 0.0126 -10.76 15.983 0.012 0.011 0.962 6331.3 4.2487 12.665578 0.887951 13.023212 12.135262 46.4 1.89 470.060883 475.487213 161702.09564 33.338 84359.0 40.199 110930.0 49.385 "" "" 0.0027643979773879757 0.002837733 0.003810166 0.006647899 84.22773755704 -2.53520636412 472.55246 -10.759999999999991 15.982999999999999 -10.799269607514143 16.172627453684807 0.3532238 0.3522238 19.517435897435895 4.3627553 43.5588654484871 47.731593972650046 15.355915579040541 14.126582501222412
82.25810389658 -2.11457551164 0.0099 0.0077 66.825 "" "" 3217091720597400704 416.242767 2.3764 0.0146 4.334 -7.14 0.013 0.009 1.047 5770.1 4.3048 12.676148 0.90955 13.046478 12.136929 26.55 1.37 413.798981 418.518494 160135.45837 25.754 82571.0 40.382 110760.0 44.204 "" "" 0.002760847658772167 0.0028402458 0.003804141 0.006644387 82.25810389658 -2.11457551164 416.242767 4.334 -7.140000000000002 4.294730392485857 -6.950372546315193 0.35422382 0.3502238 -0.3325641025641026 3.8427553 16.11975526402979 16.123185437578098 5.6634120742087335 5.662761945499291
83.45725885615 -1.83344274464 0.0204 0.0182 15.1163 "" "" 3217163845985169920 486.53067 2.0322 0.0181 -2.942 -1.568 0.024 0.021 1.096 5753.3 4.1274 12.680295 0.901362 13.050169 12.148807 3.11 1.52 482.436188 491.18692 159525.00329 38.694 82290.0 38.066 109560.0 48.288 "" "" 0.0027678772538652615 0.0028350125 0.0038095564 0.006644569 83.45725885615 -1.83344274464 486.53067 -2.9419999999999984 -1.5679999999999992 -2.981269607514143 -1.3783725463151932 0.3652238 0.3622238 -23.772564102564104 3.9927552 7.574545951531467 24.9501212498533 2.7624160112731935 3.895650563041358
83.60032489213 -1.6004029731 0.0115 0.0099 19.8228 "" "" 3217546716549534592 342.533905 2.9005 0.0148 -0.469 -1.257 0.014 0.012 1.079 5175.6 4.1547 12.692527 1.334145 13.282046 11.947901 27.4 26.56 340.799469 344.161987 157737.94677 313.66 66466.0 465.45 131830.0 635.25 "" "" 0.0035004220809123285 0.008099017 0.0064541386 0.014553156 83.60032489213 -1.6004029731 342.533905 -0.46900000000000003 -1.2569999999999997 -0.508269607514143 -1.067372546315193 0.3552238 0.3532238 0.5174358974358952 29.032755 1.9194499586928186 1.9879708377843859 0.6787066333024518 7.585106270306371
84.12308132139 -3.03920772405 0.2065 0.1953 97.1546 "" "" 3216075943651060480 418.130737 2.4188 0.2619 3.819 -8.144 0.242 0.223 19.317 6006.6 3.5104 12.693142 1.160081 13.174073 12.013992 33.08 1.88 381.012207 463.267578 157648.55674 95.355 73415.0 41.448 124040.0 32.069 "" "" 0.002832501662434985 0.002856709 0.0037897916 0.006646501 84.12308132139 -3.03920772405 418.130737 3.819 -8.143999999999995 3.779730392485857 -7.954372546315193 0.5832238 0.5642238 6.197435897435895 4.352755 17.454397758393867 18.52199267927325 9.910108285091443 9.451781056593909
82.92992104783 -3.49724866173 0.009 0.0072 112.2006 "" "" 3216697545678358528 387.752167 2.5581 0.0137 31.121 -13.964 0.013 0.009 0.939 5580.8 4.3712 12.699257 0.869886 13.052616 12.18273 96.66 1.5 385.710114 390.071747 156763.10669 25.833 82105.0 27.076 106190.0 34.044 "" "" 0.0027611231847072194 0.0028130491 0.0037953772 0.0066084266 82.92992104783 -3.49724866173 387.752167 31.121 -13.964 31.081730392485856 -13.774372546315194 0.35422382 0.3502238 69.7774358974359 3.9727552 62.4849306915589 93.66566672986262 22.092815354196823 15.032464365622006
84.26138979843 -1.08541910033 0.012 0.0103 68.4509 "" "" 3217685869192457088 355.429077 2.7965 0.0137 1.669 -1.06 0.014 0.012 1.105 4803.9 4.1296 12.701099 1.308902 13.283793 11.974892 12.25 4.36 353.82782 357.237305 156497.41071 145.02 66359.0 199.4 128590.0 284.71 "" "" 0.0029332652144476077 0.004292891 0.004479124 0.008772016 84.26138979843 -1.08541910033 355.429077 1.6690000000000014 -1.0599999999999987 1.629730392485857 -0.8703725463151932 0.3552238 0.3532238 -14.632564102564103 6.832755 3.1126885744254134 14.959972004552887 1.104322553270074 6.687164906040635
83.46264224425 -0.08134349353 0.0664 0.0616 95.3438 "" "" 3220857895814238336 467.179993 2.1331 0.0738 9.817 -1.958 0.073 0.074 2.313 "" "" 12.702899 "" "" "" "" "" 452.746613 482.171814 156238.15875 645.97 "" "" "" "" "" "" 0.005267153218845677 "" "" "" 83.46264224425 -0.08134349353 467.179993 9.817 -1.958 9.777730392485857 -1.7683725463151931 0.4142238 0.4152238 "" "" 22.00339433725307 "" 9.115027145425724 ""
84.54251864458 -0.2890059763 0.0249 0.0223 111.985 "" "" 3217802142548200704 397.695892 2.4878 0.029 -0.6 -0.782 0.031 0.025 2.643 5642.0 4.1026 12.719564 1.365034 13.213738 11.848704 -11.76 3.77 392.980133 402.146301 153858.25088 272.84 70782.0 432.62 144440.0 621.9 "" "" 0.0033613677941673184 0.007198742 0.0060113985 0.01321014 84.54251864458 -0.2890059763 397.695892 -0.6 -0.7819999999999998 -0.639269607514143 -0.5923725463151932 0.3722238 0.3662238 -38.6425641025641 6.242755 1.6429093286255803 38.67747292007145 0.6069959220072882 6.237173755365098
83.27215241078 -1.91159221866 0.0134 0.0115 15.1383 "" "" 3217158898182298496 457.024658 2.1619 0.0161 -19.886 -35.689 0.016 0.013 1.134 5456.6 4.145 12.723657 1.121771 13.199589 12.077818 -44.36 1.06 454.358856 460.272552 153279.55381 29.943 71710.0 29.789 116960.0 44.975 "" "" 0.002763471497362203 0.0028263885 0.0038023721 0.0066287606 83.27215241078 -1.91159221866 457.024658 -19.886 -35.68899999999997 -19.925269607514142 -35.49937254631519 0.3572238 0.35422382 -71.2425641025641 3.5327551 88.1877567382767 113.36923470870491 31.301788091542374 24.450057449419905
84.73754541643 -2.52385519163 0.0109 0.0099 101.8814 "" "" 3216491563343241984 449.74588 2.2018 0.0141 15.523 -9.481 0.013 0.011 0.893 5748.9 4.2041 12.73297 0.923574 13.110902 12.187328 119.82 0.99 446.64798 453.651611 151970.22461 47.23 77814.0 68.251 105740.0 79.147 "" "" 0.0027759049767507125 0.002948208 0.0038657698 0.006813978 84.73754541643 -2.52385519163 449.74588 15.522999999999996 -9.481 15.483730392485857 -9.291372546315193 0.35422382 0.3522238 92.93743589743589 3.4627552 38.49502684293689 100.59440383454954 13.615514318073789 6.114102035619872
