Clusters/Gulliver_6/Gulliver_6_members.tsv
# %ECSV 1.0
# ---
# datatype:
# - name: RA_ICRS_1
#   unit: deg
#   datatype: float64
#   format: '{:15.11f}'
#   description: Right ascension (ICRS) at Ep=2016.0 (ra)
#   meta: !!omap
#   - {ucd: POS_EQ_RA_MAIN}
#   - {width: 15}
#   - {precision: '11'}
# - name: DE_ICRS_1
#   unit: deg
#   datatype: float64
#   format: '{:15.11f}'
#   description: Declination (ICRS) at Ep=2016.0 (dec)
#   meta: !!omap
#   - {ucd: POS_EQ_DEC_MAIN}
#   - {width: 15}
#   - {precision: '11'}
# - name: e_RA_ICRS
#   unit: mas
#   datatype: float64
#   format: '{:7.4f}'
#   description: Standard error of right ascension (ra_error)
#   meta: !!omap
#   - {ucd: ERROR}
#   - {width: 7}
#   - {precision: '4'}
# - name: e_DE_ICRS
#   unit: mas
#   datatype: float64
#   format: '{:7.4f}'
#   description: Standard error of declination (dec_error)
#   meta: !!omap
#   - {ucd: ERROR}
#   - {width: 7}
#   - {precision: '4'}
# - name: _r_1
#   unit: ''
#   datatype: float64
#   format: '{:8.4f}'
#   description: Distance from center (083.27510627000-01.65930519000)[ICRS], at Epoch=J2016.0
#   meta: !!omap
#   - {ucd: POS_ANG_DIST_GENERAL}
#   - {width: 8}
#   - {precision: '4'}
# - name: HIP
#   datatype: int32
#   description: '? HIP cross-id number, van Leeuwen, Cat. I/311 (hip_original_ext_source_id)'
#   meta: !!omap
#   - {ucd: ID_NUMBER}
#   - {width: 6}
#   - values: {'null': -2147483648}
# - name: TYC2
#   datatype: string
#   description: Tycho-2 cross-id name, Hog et al., Cat. I/259 (tyc2_original_ext_source_id)
#   meta: !!omap
#   - {ucd: ID_CROSSID}
#   - {_votable_string_dtype: char}
# - name: Source
#   datatype: int64
#   description: Source identifier, identical to the Gaia-EDR3 source_id (id)
#   meta: !!omap
#   - {ucd: ID_MAIN}
#   - {width: 19}
# - name: rgeo
#   unit: pc
#   datatype: float64
#   format: '{:15.8f}'
#   description: '? Median of the geometric distance posterior (r_med_geo)'
#   meta: !!omap
#   - {ucd: PHYS_DISTANCE_TRUE}
#   - {width: 15}
#   - {precision: '8'}
#   - values: {'null': .nan}
# - name: Plx
#   unit: mas
#   datatype: float64
#   format: '{:9.4f}'
#   description: '? Parallax (parallax)'
#   meta: !!omap
#   - {ucd: POS_PARLX_TRIG}
#   - {width: 9}
#   - {precision: '4'}
#   - values: {'null': .nan}
# - name: e_Plx
#   unit: mas
#   datatype: float32
#   format: '{:7.4f}'
#   description: '? Standard error of parallax (parallax_error)'
#   meta: !!omap
#   - {ucd: ERROR}
#   - {width: 7}
#   - {precision: '4'}
#   - values: {'null': .nan}
# - name: pmRA
#   unit: mas / yr
#   datatype: float64
#   format: '{:9.3f}'
#   description: '? Proper motion in right ascension direction, pmRA*cosDE (pmra)'
#   meta: !!omap
#   - {ucd: POS_EQ_PMRA}
#   - {width: 9}
#   - {precision: '3'}
#   - values: {'null': .nan}
# - name: pmDE
#   unit: mas / yr
#   datatype: float64
#   format: '{:9.3f}'
#   description: '? Proper motion in declination direction (pmdec)'
#   meta: !!omap
#   - {ucd: POS_EQ_PMDEC}
#   - {width: 9}
#   - {precision: '3'}
#   - values: {'null': .nan}
# - name: e_pmRA
#   unit: mas / yr
#   datatype: float32
#   format: '{:6.3f}'
#   description: '? Standard error of proper motion in right ascension direction (pmra_error)'
#   meta: !!omap
#   - {ucd: ERROR}
#   - {width: 6}
#   - {precision: '3'}
#   - values: {'null': .nan}
# - name: e_pmDE
[...]
#         unit: &id001 !astropy.units.Unit {unit: deg}
#         value: !astropy.table.SerializedColumn {name: SkyCoord.dec}
#       distance: !astropy.table.SerializedColumn
#         __class__: astropy.coordinates.distances.Distance
#         unit: !astropy.units.Unit {unit: pc}
#         value: !astropy.table.SerializedColumn {name: SkyCoord.distance}
#       frame: icrs
#       obstime: !astropy.time.Time {format: jyear_str, in_subfmt: '*', jd1: 367701545.0, jd2: 0.0, out_subfmt: '*', precision: 3, scale: tt}
#       pm_dec: !astropy.table.SerializedColumn
#         __class__: astropy.units.quantity.Quantity
#         unit: !astropy.units.Unit {unit: mas / yr}
#         value: !astropy.table.SerializedColumn {name: SkyCoord.pm_dec}
#       pm_ra_cosdec: !astropy.table.SerializedColumn
#         __class__: astropy.units.quantity.Quantity
#         unit: !astropy.units.Unit {unit: mas / yr}
#         value: !astropy.table.SerializedColumn {name: SkyCoord.pm_ra_cosdec}
#       ra: !astropy.table.SerializedColumn
#         __class__: astropy.coordinates.angles.Longitude
#         unit: *id001
#         value: !astropy.table.SerializedColumn {name: SkyCoord.ra}
#         wrap_angle: !astropy.coordinates.Angle
#           unit: *id001
#           value: 360.0
#       representation_type: spherical
# schema: astropy-2.0
RA_ICRS_1 DE_ICRS_1 e_RA_ICRS e_DE_ICRS _r_1 HIP TYC2 Source rgeo Plx e_Plx pmRA pmDE e_pmRA e_pmDE RUWE Teff logg Gmag BP-RP BPmag RPmag RV e_RV b_rgeo B_rgeo FG e_FG FBP e_FBP FRP e_FRP RAVE5 RAVE6 e_Gmag e_BPmag e_RPmag e_BP-RP SkyCoord.ra SkyCoord.dec SkyCoord.distance SkyCoord.pm_ra_cosdec SkyCoord.pm_dec Pmemb
[from data line 120]
83.75023767014 -1.51769056631 0.0463 0.036 29.7367 "" "" 3217554138252986240 402.355713 2.4335 0.0557 0.147 -0.389 0.054 0.042 1.122 "" "" 16.055418 3.001488 17.786749 14.785261 "" "" 392.367188 409.854431 7124.91355 8.1857 1048.9 8.086 9661.7 21.685 "" "" 0.003024526257213159 0.008822782 0.004496888 0.013319669 83.75023767014 -1.51769056631 402.355713 0.147 -0.389 0.9
83.3872204168 -1.70924285507 0.0426 0.0405 7.3613 "" "" 3217180613536897920 415.608765 2.3615 0.0464 0.471 -0.056 0.049 0.045 1.027 "" "" 16.058954 2.741992 17.591427 14.849435 "" "" 407.115631 423.990967 7101.74143 5.4621 1255.6 9.2802 9107.2 23.261 "" "" 0.0028790830359608013 0.0084959585 0.0046876315 0.01318359 83.3872204168 -1.70924285507 415.608765 0.47099999999999986 -0.056 1.0
83.67163872027 -1.56196202279 0.0364 0.0288 24.4892 "" "" 3217548709414343296 414.54541 2.3734 0.0445 0.256 -0.216 0.043 0.036 1.031 3550.9 4.0412 16.069468 2.475929 17.40453 14.9286 "" "" 407.015259 420.206055 7033.31123 15.094 1491.4 16.217 8466.8 51.394 "" "" 0.0036084638957589745 0.01213117 0.0075972513 0.019728422 83.67163872027 -1.56196202279 414.54541 0.2559999999999999 -0.216 0.9
83.7237901347 -1.19022043304 0.0386 0.0338 38.9414 "" "" 3217598943351759104 416.773743 2.3509 0.0478 -0.008 0.111 0.047 0.04 1.131 3480.6 4.0833 16.07662 2.987674 17.80208 14.814406 "" "" 409.268738 424.863129 6987.12295 7.4581 1034.2 10.194 9405.8 29.861 "" "" 0.002989128456247933 0.011059728 0.005115181 0.016174909 83.7237901347 -1.19022043304 416.773743 -0.008 0.11100000000000003 1.0
82.80878796879 -0.317124375 0.0374 0.0319 85.2513 "" "" 3220761924770879232 402.709229 2.4323 0.0434 -0.049 -0.216 0.05 0.037 1.036 3520.0 4.0273 16.076887 2.492382 17.421814 14.929432 "" "" 395.781891 409.069244 6985.40409 10.753 1467.9 11.786 8460.3 47.721 "" "" 0.003222597719506809 0.009153178 0.007196481 0.016349658 82.80878796879 -0.317124375 402.709229 -0.049 -0.21600000000000005 1.0
83.19474718581 -1.75202015287 0.0494 0.0437 7.3602 "" "" 3217175219057684736 403.291779 2.4414 0.0554 -0.103 0.094 0.06 0.047 1.212 3549.0 4.0513 16.07713 2.499466 17.42259 14.923124 "" "" 395.103088 412.293671 6983.84865 9.3299 1466.8 13.19 8509.6 37.981 "" "" 0.0031137807201089833 0.010154199 0.0061455057 0.016299704 83.19474718581 -1.75202015287 403.291779 -0.10300000000000002 0.094 1.0
83.08177125534 -0.53019822987 0.0386 0.0332 68.732 "" "" 3220697435837108736 413.290009 2.3852 0.0508 -0.303 -0.182 0.048 0.04 0.978 3640.6 4.0488 16.084246 2.472307 17.41436 14.942053 "" "" 404.255127 422.104553 6938.22768 8.0529 1478.0 12.681 8362.5 22.192 "" "" 0.003029820152005944 0.009724324 0.004752417 0.014476741 83.08177125534 -0.53019822987 413.290009 -0.303 -0.18200000000000005 1.0
83.24673426554 -2.91027457523 0.0319 0.0255 75.0774 "" "" 3216759053907416960 420.577209 2.3401 0.0452 -0.409 0.156 0.041 0.031 1.042 4134.2 4.37 16.092545 2.320464 17.32133 15.000865 "" "" 413.380402 430.634247 6885.39295 4.2007 1610.2 9.7649 7921.6 16.989 "" "" 0.0028338237188870108 0.007151125 0.004439112 0.011590237 83.24673426554 -2.91027457523 420.577209 -0.409 0.156 0.9
83.33525293149 -1.52296765174 0.0358 0.0324 8.9404 "" "" 3217188305821318144 402.699738 2.4391 0.0457 0.334 -0.484 0.041 0.036 0.971 3527.1 4.0055 16.116325 2.55096 17.48988 14.93892 "" "" 395.65329 408.388947 6736.21944 9.1017 1378.7 11.975 8386.7 35.973 "" "" 0.0031215193641290434 0.009834505 0.0059976443 0.015832148 83.33525293149 -1.52296765174 402.699738 0.33399999999999985 -0.4840000000000001 1.0
83.29845973181 -1.68058377949 0.0454 0.0418 1.8952 "" "" 3217181747408271744 427.069885 2.3055 0.0512 0.074 -0.302 0.054 0.045 1.065 3479.7 4.0058 16.124956 2.749184 17.660622 14.911438 "" "" 417.048401 437.594971 6682.88444 13.196 1178.1 19.786 8601.7 43.768 "" "" 0.003491139808199346 0.018446995 0.0066936053 0.0251406 83.29845973181 -1.68058377949 427.069885 0.07400000000000002 -0.3020000000000001 1.0
82.81848130654 -1.93490778509 0.0375 0.0327 31.9895 "" "" 3217150514405975040 407.033813 2.4124 0.05 0.059 -0.313 0.047 0.04 1.062 3479.7 4.0051 16.159428 2.564098 17.540394 14.976295 "" "" 398.154694 416.246765 6474.03982 19.937 1316.0 22.98 8102.9 64.092 "" "" 0.004332570131531759 0.019163342 0.00938275 0.028546091 82.81848130654 -1.93490778509 407.033813 0.05900000000000001 -0.313 1.0
83.15078877347 -0.70217097014 0.0382 0.0312 57.9102 "" "" 3220689876694697344 405.799164 2.426 0.0454 0.328 -0.043 0.048 0.039 0.937 3571.3 4.1483 16.166561 2.359431 17.41439 15.054959 "" "" 396.333313 413.248322 6431.65138 14.402 1478.0 20.373 7536.6 43.51 "" "" 0.003674592451556588 0.015223837 0.0073193694 0.022543207 83.15078877347 -0.70217097014 405.799164 0.3279999999999999 -0.04299999999999999 0.9
83.43187878389 -1.22672565242 0.0401 0.0344 27.6057 "" "" 3217624266478766720 396.229675 2.4773 0.0526 0.208 -0.346 0.05 0.042 1.076 3555.5 4.302 16.18753 2.502669 17.542177 15.039508 "" "" 386.628174 404.125549 6308.6214 4.6608 1313.9 10.719 7644.6 16.562 "" "" 0.002869707016741815 0.009286667 0.004451604 0.013738271 83.43187878389 -1.22672565242 396.229675 0.208 -0.3459999999999999 1.0
83.022398516 -1.77199494953 0.0364 0.0328 16.5955 "" "" 3217176971404405248 389.634247 2.5153 0.0461 0.655 -0.384 0.044 0.037 1.02 3466.1 3.9584 16.192997 2.792621 17.743034 14.950414 "" "" 383.503082 396.269073 6276.94287 4.7417 1092.0 11.899 8298.4 14.905 "" "" 0.002874802229021832 0.012155311 0.004252847 0.016408158 83.022398516 -1.77199494953 389.634247 0.6550000000000001 -0.3840000000000001 0.9
82.5691489133 -2.07783683883 0.0361 0.0307 49.2224 "" "" 3217095023428741504 398.303467 2.4658 0.051 0.165 -0.774 0.044 0.038 1.051 3488.4 4.2275 16.206469 2.679198 17.688974 15.009776 "" "" 392.819489 404.059509 6199.54273 11.441 1147.7 14.282 7856.8 32.155 "" "" 0.0034068354657012744 0.013796015 0.005833403 0.019629419 82.5691489133 -2.07783683883 398.303467 0.165 -0.7740000000000001 0.9
83.36804297379 -3.2073162757 0.0333 0.0283 93.0476 "" "" 3216731978433785856 408.226318 2.4174 0.0482 -0.314 -0.469 0.043 0.034 1.076 3573.3 4.0234 16.250122 2.407892 17.532864 15.124971 "" "" 399.308777 419.270721 5955.22519 9.516 1325.2 12.483 7065.9 29.867 "" "" 0.0032560331653675115 0.010601091 0.005945216 0.016546307 83.36804297379 -3.2073162757 408.226318 -0.314 -0.4689999999999999 0.9
83.22069339601 -1.9331306404 0.039 0.0354 16.7505 "" "" 3217159104340738560 404.7742 2.4216 0.0467 0.032 -0.327 0.049 0.039 0.999 3504.2 4.0197 16.256353 2.608073 17.688011 15.079938 "" "" 397.079559 413.078461 5921.13822 8.6357 1148.7 10.831 7365.2 27.078 "" "" 0.0031779309915526887 0.010610738 0.0054970244 0.016107762 83.22069339601 -1.9331306404 404.7742 0.031999999999999994 -0.3270000000000002 1.0
83.38550714301 -1.14360681024 0.0408 0.036 31.6426 "" "" 3217626053185153536 412.342041 2.3861 0.0542 0.127 -0.332 0.051 0.043 1.086 3475.3 4.1677 16.257814 2.874411 17.88486 15.010448 "" "" 401.06308 421.216736 5913.1793 5.0518 958.24 15.938 7852.0 22.396 "" "" 0.0029072643657254197 0.018272867 0.004886098 0.023158966 83.38550714301 -1.14360681024 412.342041 0.1269999999999999 -0.3320000000000002 0.9
83.17508607064 -1.76394397513 0.0416 0.0353 8.6833 "" "" 3217177761678335104 399.146057 2.4638 0.0477 -0.022 -0.362 0.05 0.039 1.046 3515.2 4.0584 16.259218 2.574988 17.674774 15.099786 "" "" 392.298401 406.364746 5905.54103 4.3528 1162.8 9.9109 7231.8 15.616 "" "" 0.0028691831520220147 0.009665542 0.00444751 0.014113052 83.17508607064 -1.76394397513 399.146057 -0.021999999999999995 -0.362 0.9
82.9736582465 -1.72865176155 0.0574 0.048 18.5516 "" "" 3217224319124298496 416.601257 2.3584 0.0647 -0.0 -0.045 0.069 0.055 1.317 3479.0 4.0044 16.312452 2.870041 17.894032 15.023991 "" "" 408.206207 426.186981 5622.97237 6.1837 950.18 7.3005 7754.6 35.388 "" "" 0.003002905495620187 0.008796265 0.0062316274 0.015027893 82.9736582465 -1.72865176155 416.601257 8.131516293641283e-20 -0.045 0.8
83.6408857897 -0.9315308296 0.0484 0.0399 48.8689 "" "" 3217654606127671296 416.348846 2.3766 0.0542 -0.329 -0.857 0.055 0.046 1.06 3561.5 4.1606 16.312706 2.412884 17.606491 15.193607 "" "" 406.958923 423.96463 5621.66186 5.2722 1238.3 11.57 6633.1 20.097 "" "" 0.0029374493023734995 0.010521239 0.005010488 0.015531726 83.6408857897 -0.9315308296 416.348846 -0.3290000000000001 -0.857 0.9
83.17738711852 -1.67052103957 0.0583 0.0489 5.8992 "" "" 3217179445305484672 405.197479 2.4304 0.0553 0.259 -0.37 0.066 0.052 0.999 3536.0 4.2906 16.318106 2.58211 17.729706 15.147595 "" "" 398.172913 416.26297 5593.77109 5.865 1105.4 14.664 6920.2 20.052 "" "" 0.00298122466279489 0.014670909 0.0049174437 0.019588353 83.17738711852 -1.67052103957 405.197479 0.2589999999999999 -0.3699999999999999 1.0
83.45391723123 -1.33262276563 0.0413 0.0358 22.3433 "" "" 3217613988620865792 417.027679 2.3637 0.0538 0.122 -0.343 0.049 0.042 0.965 3521.0 4.0865 16.320393 2.615346 17.760736 15.14539 "" "" 406.96283 427.144226 5581.99373 4.4389 1074.3 10.374 6934.3 22.621 "" "" 0.0028874284468084757 0.010849349 0.0051796352 0.016028985 83.45391723123 -1.33262276563 417.027679 0.12199999999999994 -0.343 1.0
83.5099459141 -1.55444588462 0.043 0.0382 15.4262 "" "" 3217559738890382720 409.069183 2.3961 0.0564 -0.027 -0.207 0.049 0.044 1.104 3461.1 4.0118 16.32134 2.750677 17.850435 15.099758 "" "" 398.092773 419.339386 5577.1287 6.7771 989.11 11.41 7231.9 25.574 "" "" 0.0030549065089686177 0.012831668 0.0053875046 0.018219173 83.5099459141 -1.55444588462 409.069183 -0.026999999999999993 -0.207 1.0
83.72434954693 -1.40412784317 0.0427 0.0361 30.9911 "" "" 3217567847788576896 390.86264 2.5132 0.0517 -0.046 0.097 0.056 0.044 1.051 3529.5 4.2637 16.34582 2.807892 17.929924 15.122032 "" "" 382.677856 399.353149 5452.79264 7.0822 919.28 10.873 7085.1 18.264 "" "" 0.003095220104109982 0.013141417 0.0047028814 0.017844299 83.72434954693 -1.40412784317 390.86264 -0.046 0.09699999999999998 1.0
83.39626757556 -1.702293007 0.0544 0.0524 7.7107 "" "" 3217182091005645952 410.166321 2.3963 0.0591 0.758 -0.34 0.063 0.058 1.135 3521.2 4.1963 16.350887 2.883988 17.985647 15.101659 "" "" 401.123016 419.018799 5427.40408 4.4421 873.29 8.2048 7219.3 20.211 "" "" 0.002895073546084381 0.010575498 0.0048500434 0.015425542 83.39626757556 -1.702293007 410.166321 0.758 -0.3399999999999999 0.9
83.12330966287 -0.79205299267 0.0422 0.0351 52.8258 "" "" 3220654005127870976 406.296692 2.4211 0.0541 0.899 -0.429 0.057 0.044 1.047 3617.4 4.3854 16.370687 2.62136 17.804173 15.182813 "" "" 398.245697 414.175446 5329.31539 12.885 1032.2 17.976 6699.4 42.239 "" "" 0.0038056101320943533 0.019113097 0.007819458 0.026932556 83.12330966287 -0.79205299267 406.296692 0.8990000000000001 -0.4289999999999999 0.9
83.37321351602 -1.14543787406 0.0446 0.0369 31.3886 "" "" 3217637769853749760 408.877167 2.4169 0.0548 0.438 -0.63 0.06 0.047 1.07 "" "" 16.398476 2.694642 17.876804 15.182162 "" "" 398.93634 418.196899 5194.65012 7.7081 965.37 18.882 6703.4 35.016 "" "" 0.003191762317611185 0.021418793 0.0068153725 0.028234165 83.37321351602 -1.14543787406 408.877167 0.43800000000000017 -0.6300000000000002 0.9
83.8661397516 -1.45800057024 0.0484 0.0394 37.4501 "" "" 3217555993678825856 393.804077 2.4976 0.0585 -0.833 -0.552 0.057 0.044 1.066 3456.7 3.9544 16.40559 2.807416 17.982763 15.175347 "" "" 386.903809 403.526764 5160.7284 10.439 875.61 16.519 6745.6 35.487 "" "" 0.0035235054401627805 0.020672338 0.0068489695 0.027521309 83.8661397516 -1.45800057024 393.804077 -0.833 -0.5519999999999999 0.9
83.56434890285 -1.57493984453 0.0451 0.0387 18.0711 "" "" 3217558742457964288 395.635529 2.4844 0.0583 -0.108 0.07 0.053 0.046 1.104 3438.8 4.0188 16.447542 2.745296 17.968525 15.223228 "" "" 386.431763 404.646973 4965.11877 14.496 887.17 18.118 6454.6 52.884 "" "" 0.004199991628932732 0.022348028 0.0096652405 0.032013267 83.56434890285 -1.57493984453 395.635529 -0.108 0.07 0.9
84.15108756352 -1.2618844175 0.0579 0.052 57.6994 "" "" 3217585955370598400 420.717773 2.3506 0.0546 -0.477 0.42 0.071 0.058 1.06 3500.5 4.048 16.45301 2.591734 17.852207 15.260473 "" "" 411.963776 430.086151 4940.17497 7.6166 987.49 14.462 6236.9 26.691 "" "" 0.003223958162946695 0.016143778 0.0059894184 0.022133198 84.15108756352 -1.2618844175 420.717773 -0.4769999999999998 0.42 0.8
83.13232673683 -1.72622390901 0.0467 0.0387 9.4576 "" "" 3217178861189963264 406.747833 2.4264 0.0565 0.116 -0.047 0.054 0.043 1.008 3481.7 4.0451 16.453272 2.603702 17.883955 15.280252 "" "" 398.600372 416.250122 4938.98848 7.7073 959.04 12.221 6124.3 41.586 "" "" 0.0032345662379406064 0.014114022 0.0082847765 0.0223988 83.13232673683 -1.72622390901 406.747833 0.11600000000000003 -0.047 1.0
83.41696288579 -1.58486335733 0.0471 0.0411 9.6091 "" "" 3217184118230185472 411.098969 2.3852 0.0563 0.053 -0.013 0.056 0.048 1.038 3477.8 4.0225 16.463343 2.661896 17.925764 15.263868 "" "" 402.034821 420.45343 4893.38408 12.95 922.81 14.269 6217.4 37.892 "" "" 0.003980927760897957 0.017018536 0.0076202885 0.024638824 83.41696288579 -1.58486335733 411.098969 0.052999999999999985 -0.013000000000000001 1.0
83.3144413424 -1.84994462427 0.0511 0.0474 11.6791 "" "" 3217161750040569984 414.560791 2.3517 0.0564 -0.049 -0.421 0.061 0.053 1.043 3514.4 4.09 16.478062 2.606497 17.908134 15.301638 "" "" 404.374817 425.864899 4827.49363 11.317 937.91 16.395 6004.9 42.551 "" "" 0.0037510252489964782 0.019183053 0.008571747 0.027754799 83.3144413424 -1.84994462427 414.560791 -0.049 -0.421 0.9
83.23936472031 -1.35590740531 0.0489 0.0446 18.3297 "" "" 3217615676544223872 390.011139 2.518 0.0597 0.358 0.179 0.054 0.048 1.081 3420.5 4.0284 16.4915 2.843213 18.103352 15.260139 "" "" 381.135529 398.998871 4768.11479 3.3989 783.57 8.9097 6238.8 11.451 "" "" 0.0028619567588467516 0.012656897 0.004272591 0.016929489 83.23936472031 -1.35590740531 390.011139 0.3579999999999999 0.179 1.0
82.92044790031 -1.77605418556 0.0479 0.0395 22.3937 "" "" 3217200576544696704 412.434387 2.3879 0.0573 0.151 -0.447 0.058 0.047 1.099 3464.1 4.0076 16.506283 2.699871 17.973696 15.273825 "" "" 403.027588 421.709686 4703.63653 5.2755 882.96 10.476 6160.7 48.201 "" "" 0.0030124204990833116 0.013180573 0.009297547 0.022478119 82.92044790031 -1.77605418556 412.434387 0.15100000000000005 -0.44699999999999984 1.0
83.4079101694 -1.62701727779 0.0482 0.0419 8.1972 "" "" 3217183671553593344 406.245483 2.4351 0.0592 0.339 -0.061 0.055 0.048 0.989 3526.1 4.2959 16.518719 2.586562 17.92381 15.337247 "" "" 395.9617 415.138519 4650.06647 5.0255 924.47 11.007 5811.1 30.212 "" "" 0.002994769836951069 0.013224767 0.006793161 0.020017928 83.4079101694 -1.62701727779 406.245483 0.33900000000000013 -0.06099999999999999 1.0
83.29275135793 -1.62959075263 0.0546 0.0513 2.0733 "" "" 3217185011583059200 424.048706 2.3239 0.0591 0.028 -0.217 0.062 0.054 1.022 3462.2 4.0146 16.52225 2.679637 18.01007 15.330434 "" "" 414.416473 432.660614 4634.96841 5.8311 853.86 9.5291 5847.7 18.902 "" "" 0.0030753130654690057 0.012433943 0.0051575587 0.017591503 83.29275135793 -1.62959075263 424.048706 0.028 -0.21699999999999994 1.0
82.72445875141 -1.81814706295 0.0465 0.0418 34.3714 "" "" 3217202054013517952 411.909912 2.3892 0.0549 -0.108 -0.032 0.056 0.048 1.052 3580.7 4.3588 16.535404 2.666997 18.015139 15.348142 "" "" 402.172241 421.47995 4579.15215 3.2337 849.89 7.8012 5753.1 12.397 "" "" 0.002860009587116607 0.01034926 0.0044449284 0.014794188 82.72445875141 -1.81814706295 411.909912 -0.10799999999999997 -0.032 0.8
83.31019791862 -1.58152148336 0.0612 0.0593 5.1196 "" "" 3217186901368654208 430.125824 2.2939 0.0678 0.264 -0.538 0.064 0.062 1.0 "" "" 16.553358 2.718021 18.0669 15.348879 "" "" 419.066803 439.992615 4504.05185 3.6444 810.32 8.6868 5749.2 13.102 "" "" 0.0028919837582896245 0.011969076 0.004517294 0.01648637 83.31019791862 -1.58152148336 430.125824 0.264 -0.538 0.9
