Clusters/Gulliver_6/Gulliver_6_members.tsv
# %ECSV 1.0
# ---
# datatype:
# - name: RA_ICRS_1
#   unit: deg
#   datatype: float64
#   format: '{:15.11f}'
#   description: Right ascension (ICRS) at Ep=2016.0 (ra)
#   meta: !!omap
#   - {ucd: POS_EQ_RA_MAIN}
#   - {width: 15}
#   - {precision: '11'}
# - name: DE_ICRS_1
#   unit: deg
#   datatype: float64
#   format: '{:15.11f}'
#   description: Declination (ICRS) at Ep=2016.0 (dec)
#   meta: !!omap
#   - {ucd: POS_EQ_DEC_MAIN}
#   - {width: 15}
#   - {precision: '11'}
# - name: e_RA_ICRS
#   unit: mas
#   datatype: float64
#   format: '{:7.4f}'
#   description: Standard error of right ascension (ra_error)
#   meta: !!omap
#   - {ucd: ERROR}
#   - {width: 7}
#   - {precision: '4'}
# - name: e_DE_ICRS
#   unit: mas
#   datatype: float64
#   format: '{:7.4f}'
#   description: Standard error of declination (dec_error)
#   meta: !!omap
#   - {ucd: ERROR}
#   - {width: 7}
#   - {precision: '4'}
# - name: _r_1
#   unit: ''
#   datatype: float64
#   format: '{:8.4f}'
#   description: Distance from center (083.27510627000-01.65930519000)[ICRS], at Epoch=J2016.0
#   meta: !!omap
#   - {ucd: POS_ANG_DIST_GENERAL}
#   - {width: 8}
#   - {precision: '4'}
# - name: HIP
#   datatype: int32
#   description: '? HIP cross-id number, van Leeuwen, Cat. I/311 (hip_original_ext_source_id)'
#   meta: !!omap
#   - {ucd: ID_NUMBER}
#   - {width: 6}
#   - values: {'null': -2147483648}
# - name: TYC2
#   datatype: string
#   description: Tycho-2 cross-id name, Hog et al., Cat. I/259 (tyc2_original_ext_source_id)
#   meta: !!omap
#   - {ucd: ID_CROSSID}
#   - {_votable_string_dtype: char}
# - name: Source
#   datatype: int64
#   description: Source identifier, identical to the Gaia-EDR3 source_id (id)
#   meta: !!omap
#   - {ucd: ID_MAIN}
#   - {width: 19}
# - name: rgeo
#   unit: pc
#   datatype: float64
#   format: '{:15.8f}'
#   description: '? Median of the geometric distance posterior (r_med_geo)'
#   meta: !!omap
#   - {ucd: PHYS_DISTANCE_TRUE}
#   - {width: 15}
#   - {precision: '8'}
#   - values: {'null': .nan}
# - name: Plx
#   unit: mas
#   datatype: float64
#   format: '{:9.4f}'
#   description: '? Parallax (parallax)'
#   meta: !!omap
#   - {ucd: POS_PARLX_TRIG}
#   - {width: 9}
#   - {precision: '4'}
#   - values: {'null': .nan}
# - name: e_Plx
#   unit: mas
#   datatype: float32
#   format: '{:7.4f}'
#   description: '? Standard error of parallax (parallax_error)'
#   meta: !!omap
#   - {ucd: ERROR}
#   - {width: 7}
#   - {precision: '4'}
#   - values: {'null': .nan}
# - name: pmRA
#   unit: mas / yr
#   datatype: float64
#   format: '{:9.3f}'
#   description: '? Proper motion in right ascension direction, pmRA*cosDE (pmra)'
#   meta: !!omap
#   - {ucd: POS_EQ_PMRA}
#   - {width: 9}
#   - {precision: '3'}
#   - values: {'null': .nan}
# - name: pmDE
#   unit: mas / yr
#   datatype: float64
#   format: '{:9.3f}'
#   description: '? Proper motion in declination direction (pmdec)'
#   meta: !!omap
#   - {ucd: POS_EQ_PMDEC}
#   - {width: 9}
#   - {precision: '3'}
#   - values: {'null': .nan}
# - name: e_pmRA
#   unit: mas / yr
#   datatype: float32
#   format: '{:6.3f}'
#   description: '? Standard error of proper motion in right ascension direction (pmra_error)'
#   meta: !!omap
#   - {ucd: ERROR}
#   - {width: 6}
#   - {precision: '3'}
#   - values: {'null': .nan}
# - name: e_pmDE
[...]
#       distance: !astropy.table.SerializedColumn
#         __class__: astropy.coordinates.distances.Distance
#         unit: !astropy.units.Unit {unit: pc}
#         value: !astropy.table.SerializedColumn {name: SkyCoord.distance}
#       frame: icrs
#       obstime: !astropy.time.Time {format: jyear_str, in_subfmt: '*', jd1: 367701545.0, jd2: 0.0, out_subfmt: '*', precision: 3, scale: tt}
#       pm_dec: !astropy.table.SerializedColumn
#         __class__: astropy.units.quantity.Quantity
#         unit: !astropy.units.Unit {unit: mas / yr}
#         value: !astropy.table.SerializedColumn {name: SkyCoord.pm_dec}
#       pm_ra_cosdec: !astropy.table.SerializedColumn
#         __class__: astropy.units.quantity.Quantity
#         unit: !astropy.units.Unit {unit: mas / yr}
#         value: !astropy.table.SerializedColumn {name: SkyCoord.pm_ra_cosdec}
#       ra: !astropy.table.SerializedColumn
#         __class__: astropy.coordinates.angles.Longitude
#         unit: *id001
#         value: !astropy.table.SerializedColumn {name: SkyCoord.ra}
#         wrap_angle: !astropy.coordinates.Angle
#           unit: *id001
#           value: 360.0
#       representation_type: spherical
# schema: astropy-2.0
RA_ICRS_1 DE_ICRS_1 e_RA_ICRS e_DE_ICRS _r_1 HIP TYC2 Source rgeo Plx e_Plx pmRA pmDE e_pmRA e_pmDE RUWE Teff logg Gmag BP-RP BPmag RPmag RV e_RV b_rgeo B_rgeo FG e_FG FBP e_FBP FRP e_FRP RAVE5 RAVE6 e_Gmag e_BPmag e_RPmag e_BP-RP SkyCoord.ra SkyCoord.dec SkyCoord.distance SkyCoord.pm_ra_cosdec SkyCoord.pm_dec rmRA rmDE e_rmRA e_rmDE rRV e_rRV v_pec v_pec3d e_vpec e_vpec3d Pmemb
[from data line 57]
83.91318711263 -1.19697650157 0.0163 0.0148 47.2684 "" "" 3217596675608996480 406.159454 2.4181 0.0196 0.692 -0.275 0.019 0.017 1.07 4632.0 4.1645 14.226736 1.668308 15.01922 13.350912 -13.38 8.83 402.549469 410.288361 38393.03645 117.41 13419.0 143.34 36207.0 269.6 "" "" 0.0043146450933061195 0.011928598 0.00892426 0.020852858 83.91318711263 -1.19697650157 406.159454 0.6919999999999998 -0.2750000000000001 0.652730392485857 -0.0853725463151932 0.3602238 0.3582238 -40.262564102564106 11.302755 1.2673367311481996 40.282505017727004 0.456482338506432 11.29716931875621 0.8
83.02275603163 -1.84164271074 0.0246 0.0221 18.6742 "" "" 3217152232392804224 398.918518 2.4699 0.0326 0.186 -0.236 0.028 0.025 1.658 5781.7 4.057 14.274615 1.894662 15.1987 13.304038 22.99 8.4 392.688416 403.783051 36736.74137 44.16 11375.0 90.584 37804.0 149.67 "" "" 0.0030487941316923446 0.009085237 0.00572374 0.014808977 83.02275603163 -1.84164271074 398.918518 0.18599999999999997 -0.236 0.146730392485857 -0.046372546315193164 0.3692238 0.3662238 -3.892564102564105 10.872755 0.29097482483813614 3.9034243480898 0.10735585401142611 10.842507439642487 1.0
83.4549507174 -1.26264830173 0.0163 0.0145 26.13 "" "" 3217621139742578560 419.129028 2.3439 0.0227 0.352 -0.432 0.02 0.018 1.064 4430.2 4.1404 14.279075 1.625752 15.04276 13.417008 18.59 6.27 415.460754 422.919952 36586.17281 63.902 13131.0 86.431 34069.0 160.85 "" "" 0.003344844871490191 0.007671905 0.006368713 0.014040618 83.4549507174 -1.26264830173 419.129028 0.352 -0.432 0.312730392485857 -0.24237254631519317 0.36122382 0.3592238 -8.292564102564103 8.742755 0.7860412452688624 8.32973470372248 0.28334790573054 8.703782344549435 1.0
83.1543067208 -0.94950308222 0.0174 0.0152 43.2002 "" "" 3220647167539976832 412.673584 2.3804 0.0228 -0.432 0.107 0.022 0.019 1.032 4416.4 4.1984 14.372654 1.546245 15.091314 13.54507 13.1 4.98 406.93634 417.69516 33564.88234 40.402 12557.0 50.815 30278.0 88.996 "" "" 0.0030495531761329606 0.005204771 0.004946526 0.010151297 83.1543067208 -0.94950308222 412.673584 -0.4319999999999996 0.107 -0.471269607514143 0.2966274536848068 0.3632238 0.3602238 -13.782564102564104 7.452755 1.0892408300524163 13.82553864509958 0.39471370001191153 7.429654322028974 1.0
83.66238988075 -1.78234842212 0.0179 0.0144 24.3716 "" "" 3217540463077174272 400.012573 2.4559 0.0214 0.688 -0.396 0.021 0.017 1.078 4946.0 4.201 14.381351 1.911485 15.324257 13.412772 76.89 12.04 396.420959 404.765015 33297.06744 96.164 10132.0 106.82 34202.0 243.11 "" "" 0.004174234928992274 0.011781885 0.00859321 0.020375095 83.66238988075 -1.78234842212 400.012573 0.688 -0.396 0.648730392485857 -0.2063725463151932 0.3622238 0.3582238 50.0074358974359 14.512755 1.2907706833218058 50.02409153590981 0.4670757666483856 14.50792834393762 1.0
83.71567150311 -0.55116790627 0.017 0.0157 71.5483 "" "" 3220777970767533952 403.911346 2.4411 0.0221 0.323 0.382 0.02 0.018 0.949 4268.7 4.2272 14.417588 1.580486 15.159632 13.579145 31.22 5.06 400.241486 407.534637 32204.11844 36.967 11791.0 52.475 29343.0 94.676 "" "" 0.0030240841706550875 0.005579712 0.005153236 0.010732948 83.71567150311 -0.55116790627 403.911346 0.3229999999999996 0.3820000000000002 0.283730392485857 0.5716274536848068 0.36122382 0.3592238 4.3374358974358955 7.532755 1.22180175021608 4.506234534641601 0.4393843870265614 7.251564762212242 0.8
83.12463786284 -1.87775806885 0.0194 0.0171 15.9131 "" "" 3217172264120537856 413.94342 2.3749 0.024 0.183 -0.239 0.022 0.019 1.202 4265.3 4.2416 14.417682 1.736478 15.253433 13.516955 27.16 5.02 410.136993 417.976593 32201.33686 45.247 10815.0 74.544 31072.0 144.09 "" "" 0.0031494824279178243 0.007986819 0.0062955315 0.014282351 83.12463786284 -1.87775806885 413.94342 0.183 -0.23900000000000002 0.143730392485857 -0.049372546315193166 0.3632238 0.3602238 0.2774358974358968 7.492755 0.29818679482008287 0.4072911020279422 0.10821447207248791 5.104480824929202 1.0
83.52672978023 -1.03023905387 0.017 0.0157 40.6499 "" "" 3217651994787586560 409.463867 2.3987 0.0211 0.347 0.226 0.021 0.018 1.16 5613.6 4.4253 14.418217 1.773847 15.276259 13.502413 30.98 7.14 405.871094 412.87619 32185.4796 48.714 10590.0 63.152 31491.0 116.67 "" "" 0.0032081521175510424 0.007050247 0.0055194483 0.012569696 83.52672978023 -1.03023905387 409.463867 0.34699999999999975 0.226 0.307730392485857 0.4156274536848068 0.3622238 0.3592238 4.097435897435897 9.612755 1.0037151899853822 4.218580936310658 0.36162746331809775 9.3371016679779 0.8
82.82129846817 -2.09615902729 0.0179 0.0152 37.7838 "" "" 3217139416210525696 404.551086 2.4301 0.0239 0.355 -0.426 0.022 0.018 1.095 4577.9 4.2275 14.451612 1.709598 15.265935 13.556337 -11.69 10.32 401.030853 408.383911 31210.58669 40.974 10692.0 57.339 29966.0 102.72 "" "" 0.003102176373183644 0.006456585 0.005304278 0.011760863 82.82129846817 -2.09615902729 404.551086 0.35499999999999987 -0.42600000000000016 0.315730392485857 -0.23637254631519317 0.3632238 0.3592238 -38.5725641025641 12.792755 0.756305773549906 38.57997796616169 0.2736255295094691 12.790297884829874 1.0
83.87565927541 -1.30834319426 0.0171 0.0159 41.7246 "" "" 3217593411433878016 408.892426 2.4068 0.022 0.584 -0.533 0.021 0.018 1.042 4614.7 4.1781 14.453647 1.73339 15.274608 13.541218 29.85 9.81 404.904327 412.635925 31152.15129 80.515 10607.0 99.896 30386.0 189.44 "" "" 0.0039327275169031145 0.010599228 0.0077525903 0.018351818 83.87565927541 -1.30834319426 408.892426 0.584 -0.533 0.544730392485857 -0.3433725463151932 0.3622238 0.3592238 2.967435897435898 12.282756 1.2480180359721673 3.219196300865019 0.45100035737793304 11.323520827592558 1.0
83.29461281055 -1.52664470623 0.0213 0.0193 8.0452 "" "" 3217188413197132160 395.117645 2.49 0.0244 -0.974 -0.582 0.025 0.021 1.149 "" "" 14.464355 2.101064 15.525893 13.424829 31.33 6.48 391.241486 399.020599 30846.42249 57.171 8415.1 67.615 33824.0 192.61 "" "" 0.003411918630101042 0.009159179 0.0072463444 0.016405523 83.29461281055 -1.52664470623 395.117645 -0.9740000000000002 -0.582 -1.013269607514143 -0.39237254631519314 0.3662238 0.3622238 4.447435897435895 8.952755 2.035022937388168 4.890910387391839 0.7442174588501624 8.146867058800197 0.8
83.00168334847 -1.66973807714 0.0189 0.0164 16.4104 "" "" 3217225624793901312 401.126587 2.4571 0.0227 0.238 -0.026 0.022 0.019 1.157 5739.7 4.3868 14.50161 1.773757 15.349889 13.576132 -8.38 6.52 397.146088 404.454773 29805.92948 41.555 9896.0 58.733 29424.0 91.265 "" "" 0.0031437447603325924 0.0070220022 0.005062093 0.012084095 83.00168334847 -1.66973807714 401.126587 0.23800000000000007 -0.026 0.198730392485857 0.16362745368480683 0.3632238 0.3602238 -35.262564102564106 8.992755 0.4894527576140496 35.26596079918111 0.17718909657058 8.991889121129667 1.0
83.35727060841 -1.53857635837 0.0203 0.0172 8.7611 "" "" 3217187485484185856 408.449524 2.4087 0.0245 -0.234 -0.824 0.024 0.02 1.141 4427.2 4.2329 14.502686 1.571203 15.235751 13.664548 23.63 9.86 403.224213 413.27713 29776.40986 36.526 10993.0 54.73 27123.0 80.86 "" "" 0.0030603274156787005 0.0060831048 0.0049760244 0.01105913 83.35727060841 -1.53857635837 408.449524 -0.234 -0.8240000000000001 -0.273269607514143 -0.6343725463151931 0.3652238 0.36122382 -3.2525641025641043 12.332755 1.3372839479009164 3.5167458820054227 0.4838999554512812 11.4077892338587 0.8
83.05772986775 -1.99140359298 0.0182 0.016 23.8113 "" "" 3217146940993391232 403.380798 2.4384 0.0232 0.129 -0.06 0.022 0.019 1.148 4235.4 4.1394 14.526935 1.734997 15.361341 13.626345 53.97 8.9 399.63385 408.052551 29118.75409 48.315 9792.2 56.94 28094.0 140.91 "" "" 0.00329198722179793 0.0069024437 0.0066286665 0.01353111 83.05772986775 -1.99140359298 403.380798 0.129 -0.06 0.08973039248585701 0.12962745368480683 0.3632238 0.3602238 27.087435897435896 11.372755 0.301438607132231 27.089113103451147 0.10887912883317158 11.372050977964811 1.0
83.50293983507 -1.83568008739 0.0239 0.0206 17.2825 "" "" 3217163983423531392 408.05307 2.4063 0.0253 0.047 -0.016 0.028 0.023 1.161 "" "" 14.52737 1.749697 15.365309 13.615612 10.46 9.01 404.084381 413.008881 29107.0859 91.247 9756.5 114.72 28374.0 239.83 "" "" 0.004379107677257777 0.0130677745 0.009924897 0.02299267 83.50293983507 -1.83568008739 408.05307 0.047 -0.016 0.00773039248585701 0.1736274536848068 0.3692238 0.3642238 -16.422564102564102 11.482756 0.336157967604219 16.426004197065424 0.12244008305670398 11.48035110343415 1.0
83.56475697409 -1.52126395303 0.0194 0.0162 19.2457 "" "" 3217560632243564928 415.691589 2.3583 0.0239 -0.107 -0.25 0.023 0.019 1.104 4127.0 4.1123 14.60643 1.826901 15.4989 13.671999 41.67 11.88 411.870453 419.911011 27062.913 56.504 8626.9 64.296 26938.0 152.35 "" "" 0.003567988891874497 0.008559485 0.007210344 0.015769828 83.56475697409 -1.52126395303 415.691589 -0.107 -0.24999999999999975 -0.14626960751414297 -0.060372546315193176 0.3642238 0.3602238 14.787435897435898 14.352756 0.3117910469200406 14.790722567802943 0.11338103427459764 14.34956639661168 1.0
82.83328760403 -1.7814961559 0.0192 0.016 27.4927 "" "" 3217201126300537344 399.111542 2.4616 0.0226 0.316 -0.274 0.023 0.018 1.063 4124.1 4.1728 14.650249 1.78768 15.516262 13.728582 22.08 5.28 394.791962 402.245636 25992.43534 28.493 8490.1 38.598 25570.0 73.54 "" "" 0.003001389097762889 0.0056700325 0.0049024886 0.010572521 82.83328760403 -1.7814961559 399.111542 0.316 -0.274 0.276730392485857 -0.0843725463151932 0.3642238 0.3592238 -4.802564102564105 7.752755 0.5473073774928878 4.833649483019586 0.1991110926450282 7.702929899643907 1.0
83.24109615017 -1.81829874806 0.0214 0.021 9.7552 "" "" 3217173638510050304 406.040161 2.4198 0.0239 -0.055 0.26 0.024 0.022 1.045 4904.5 4.2419 14.662476 1.811564 15.540787 13.729223 55.98 7.72 401.922302 410.404846 25701.39467 26.921 8300.5 35.741 25555.0 66.65 "" "" 0.0029807958599220364 0.0054443725 0.0047225314 0.010166904 83.24109615017 -1.81829874806 406.040161 -0.055 0.26 -0.09426960751414298 0.44962745368480683 0.3652238 0.3632238 29.097435897435894 10.192755 0.8841819882839008 29.11086658953657 0.32123059087678946 10.188056852012824 1.0
83.50418867421 -1.71982471522 0.0212 0.0181 14.2107 "" "" 3217169721500046848 422.379364 2.3269 0.0239 0.036 -0.081 0.025 0.021 1.062 4969.2 4.2635 14.713748 1.662986 15.44061 13.777624 "" "" 417.834869 426.032043 24515.87977 41.035 9102.8 249.69 24440.0 202.6 "" "" 0.0033006725518271297 0.029912185 0.009761722 0.039673906 83.50418867421 -1.71982471522 422.379364 0.035999999999999956 -0.08099999999999999 -0.003269607514142993 0.10862745368480682 0.3662238 0.3622238 "" "" 0.21757914812395224 "" 0.07881313881494613 "" 1.0
83.14312055235 -1.84620774292 0.0251 0.0201 13.7263 "" "" 3217172745156867968 414.681091 2.3707 0.0262 0.09 0.16 0.029 0.023 1.128 4068.4 4.1522 14.749907 1.864261 15.662474 13.798213 50.16 8.29 409.312195 420.351929 23712.8732 28.696 7420.4 34.861 23981.0 73.391 "" "" 0.003052558925149058 0.0058140378 0.0050323457 0.010846384 83.14312055235 -1.84620774292 414.681091 0.09 0.16000000000000028 0.05073039248585701 0.34962745368480685 0.37022382 0.3642238 23.277435897435893 10.762755 0.6944202259421257 23.28779168168237 0.25301098339261757 10.757971979280958 1.0
84.14055610758 -1.15531329609 0.0225 0.0212 60.0766 "" "" 3217590662654949760 391.47876 2.506 0.0259 -0.46 -0.623 0.026 0.023 1.08 3944.6 4.2605 14.769749 1.72475 15.580151 13.855401 16.62 6.11 387.539032 395.518646 23283.45066 35.907 8004.9 71.071 22751.0 118.87 "" "" 0.003224184338186854 0.010035323 0.0068164645 0.016851787 84.14055610758 -1.15531329609 391.47876 -0.45999999999999996 -0.6229999999999993 -0.499269607514143 -0.4333725463151932 0.3672238 0.3642238 -10.262564102564102 8.582755 1.2267835935165912 10.335628667118359 0.4489264065056851 8.522248511392753 0.9
83.69271166943 -1.04368995082 0.0375 0.0311 44.6296 "" "" 3217649654031465600 402.913177 2.4462 0.0451 -0.433 0.415 0.043 0.037 1.83 4148.9 4.1786 14.77318 1.697167 15.530532 13.833365 30.76 10.29 396.538483 410.251343 23209.98881 22.391 8379.2 65.433 23217.0 96.033 "" "" 0.0029476920081251586 0.008925797 0.0058696168 0.014795414 83.69271166943 -1.04368995082 402.913177 -0.433 0.415 -0.472269607514143 0.6046274536848069 0.38422382 0.3782238 3.8774358974358982 12.762755 1.4652263331989295 4.145044914862095 0.5575310422143535 11.940403322223315 1.0
82.95110953883 -1.79978967404 0.0236 0.0207 21.1804 "" "" 3217200297378502784 409.831116 2.3991 0.0316 0.078 -0.258 0.028 0.024 1.198 "" "" 14.859761 2.290256 16.06324 13.772984 "" "" 405.442566 414.17868 21430.98675 28.284 5130.0 28.717 24545.0 73.428 "" "" 0.0031056494896868673 0.006687648 0.004983329 0.011670977 82.95110953883 -1.79978967404 409.831116 0.0779999999999999 -0.258 0.03873039248585701 -0.06837254631519318 0.3692238 0.3652238 "" "" 0.1526498633496605 "" 0.055900307724203825 "" 1.0
83.61596684596 -1.86148806535 0.0235 0.021 23.7705 "" "" 3216976718552217984 404.076996 2.4293 0.0262 0.577 0.345 0.027 0.024 1.148 4016.9 4.1762 14.868886 1.728679 15.681655 13.952976 72.51 11.91 400.552826 408.34494 21251.62823 34.735 7290.5 73.244 20795.0 106.24 "" "" 0.0032773433033583166 0.011259049 0.006712098 0.017971147 83.61596684596 -1.86148806535 404.076996 0.5770000000000001 0.345 0.537730392485857 0.5346274536848068 0.36822382 0.3652238 45.6274358974359 14.382755 1.4523424205487097 45.65054441166225 0.532625602070064 14.375484650146932 0.8
83.10705032406 -1.95312889028 0.0196 0.0165 20.3069 "" "" 3217147490749190144 416.138763 2.3575 0.0251 0.055 -0.329 0.023 0.02 1.058 "" "" 14.911342 1.858204 15.843805 13.985601 67.34 9.46 410.240356 421.041382 20436.67166 394.34 6279.1 388.62 20180.0 1071.2 "" "" 0.021130456559405156 0.06725523 0.05775711 0.12501234 83.10705032406 -1.95312889028 416.138763 0.055 -0.329 0.01573039248585701 -0.1393725463151932 0.3642238 0.36122382 40.4574358974359 11.932755 0.27665750009293866 40.45838181103506 0.09994576069116783 11.932476503018254 1.0
83.37379912168 -1.17832466826 0.0209 0.0177 29.4597 "" "" 3217625572148825216 408.142975 2.4048 0.0278 0.224 -0.146 0.026 0.021 1.026 "" "" 14.924044 1.955895 15.891355 13.93546 "" "" 403.916443 412.269043 20198.97966 27.016 6010.0 30.432 21134.0 70.443 "" "" 0.0031145741629378582 0.006165197 0.0052326284 0.011397826 83.37379912168 -1.17832466826 408.142975 0.22400000000000003 -0.14599999999999982 0.18473039248585701 0.04362745368480683 0.3672238 0.3622238 "" "" 0.36721025273756447 "" 0.13475197357117355 "" 1.0
83.29451766689 -1.77075772437 0.0305 0.0283 6.7877 "" "" 3217174222625588608 412.624298 2.3688 0.0313 -0.057 0.257 0.036 0.03 1.166 3881.1 4.0497 14.985353 1.926571 15.940675 14.014104 -11.16 11.97 407.861023 418.588531 19089.97299 27.584 5743.1 35.989 19657.0 69.852 "" "" 0.0031706499119902314 0.0073536336 0.0054008807 0.012754515 83.29451766689 -1.77075772437 412.624298 -0.05699999999999994 0.257 -0.09626960751414299 0.44662745368480683 0.3772238 0.3712238 -38.0425641025641 14.442756 0.8935936156340307 38.05305760445014 0.3319631037325219 14.43877507272922 1.0
82.92767839022 -2.53679164704 0.0201 0.0171 56.6206 "" "" 3216833133503108096 416.440704 2.3612 0.027 -0.267 0.278 0.025 0.02 1.034 4584.8 4.3119 15.016358 1.915799 15.963465 14.047666 32.69 7.54 411.721313 420.520721 18552.54758 31.217 5623.8 35.706 19059.0 81.897 "" "" 0.003305950523332322 0.007436699 0.006004167 0.013440866 82.92767839022 -2.53679164704 416.440704 -0.267 0.278 -0.306269607514143 0.46762745368480685 0.3662238 0.36122382 5.807435897435894 10.012755 1.1034183445750123 5.9113318081437205 0.40024512619362546 9.837057720947017 0.9
