Clusters/Gulliver_6/Gulliver_6_members.tsv
# %ECSV 1.0
# ---
# datatype:
# - name: RA_ICRS_1
#   unit: deg
#   datatype: float64
#   format: '{:15.11f}'
#   description: Right ascension (ICRS) at Ep=2016.0 (ra)
#   meta: !!omap
#   - {ucd: POS_EQ_RA_MAIN}
#   - {width: 15}
#   - {precision: '11'}
# - name: DE_ICRS_1
#   unit: deg
#   datatype: float64
#   format: '{:15.11f}'
#   description: Declination (ICRS) at Ep=2016.0 (dec)
#   meta: !!omap
#   - {ucd: POS_EQ_DEC_MAIN}
#   - {width: 15}
#   - {precision: '11'}
# - name: e_RA_ICRS
#   unit: mas
#   datatype: float64
#   format: '{:7.4f}'
#   description: Standard error of right ascension (ra_error)
#   meta: !!omap
#   - {ucd: ERROR}
#   - {width: 7}
#   - {precision: '4'}
# - name: e_DE_ICRS
#   unit: mas
#   datatype: float64
#   format: '{:7.4f}'
#   description: Standard error of declination (dec_error)
#   meta: !!omap
#   - {ucd: ERROR}
#   - {width: 7}
#   - {precision: '4'}
# - name: _r_1
#   unit: ''
#   datatype: float64
#   format: '{:8.4f}'
#   description: Distance from center (083.27510627000-01.65930519000)[ICRS], at Epoch=J2016.0
#   meta: !!omap
#   - {ucd: POS_ANG_DIST_GENERAL}
#   - {width: 8}
#   - {precision: '4'}
# - name: HIP
#   datatype: int32
#   description: '? HIP cross-id number, van Leeuwen, Cat. I/311 (hip_original_ext_source_id)'
#   meta: !!omap
#   - {ucd: ID_NUMBER}
#   - {width: 6}
#   - values: {'null': -2147483648}
# - name: TYC2
#   datatype: string
#   description: Tycho-2 cross-id name, Hog et al., Cat. I/259 (tyc2_original_ext_source_id)
#   meta: !!omap
#   - {ucd: ID_CROSSID}
#   - {_votable_string_dtype: char}
# - name: Source
#   datatype: int64
#   description: Source identifier, identical to the Gaia-EDR3 source_id (id)
#   meta: !!omap
#   - {ucd: ID_MAIN}
#   - {width: 19}
# - name: rgeo
#   unit: pc
#   datatype: float64
#   format: '{:15.8f}'
#   description: '? Median of the geometric distance posterior (r_med_geo)'
#   meta: !!omap
#   - {ucd: PHYS_DISTANCE_TRUE}
#   - {width: 15}
#   - {precision: '8'}
#   - values: {'null': .nan}
# - name: Plx
#   unit: mas
#   datatype: float64
#   format: '{:9.4f}'
#   description: '? Parallax (parallax)'
#   meta: !!omap
#   - {ucd: POS_PARLX_TRIG}
#   - {width: 9}
#   - {precision: '4'}
#   - values: {'null': .nan}
# - name: e_Plx
#   unit: mas
#   datatype: float32
#   format: '{:7.4f}'
#   description: '? Standard error of parallax (parallax_error)'
#   meta: !!omap
#   - {ucd: ERROR}
#   - {width: 7}
#   - {precision: '4'}
#   - values: {'null': .nan}
# - name: pmRA
#   unit: mas / yr
#   datatype: float64
#   format: '{:9.3f}'
#   description: '? Proper motion in right ascension direction, pmRA*cosDE (pmra)'
#   meta: !!omap
#   - {ucd: POS_EQ_PMRA}
#   - {width: 9}
#   - {precision: '3'}
#   - values: {'null': .nan}
# - name: pmDE
#   unit: mas / yr
#   datatype: float64
#   format: '{:9.3f}'
#   description: '? Proper motion in declination direction (pmdec)'
#   meta: !!omap
#   - {ucd: POS_EQ_PMDEC}
#   - {width: 9}
#   - {precision: '3'}
#   - values: {'null': .nan}
# - name: e_pmRA
#   unit: mas / yr
#   datatype: float32
#   format: '{:6.3f}'
#   description: '? Standard error of proper motion in right ascension direction (pmra_error)'
#   meta: !!omap
#   - {ucd: ERROR}
#   - {width: 6}
#   - {precision: '3'}
#   - values: {'null': .nan}
# - name: e_pmDE
[...]
#       distance: !astropy.table.SerializedColumn
#         __class__: astropy.coordinates.distances.Distance
#         unit: !astropy.units.Unit {unit: pc}
#         value: !astropy.table.SerializedColumn {name: SkyCoord.distance}
#       frame: icrs
#       obstime: !astropy.time.Time {format: jyear_str, in_subfmt: '*', jd1: 367701545.0, jd2: 0.0, out_subfmt: '*', precision: 3, scale: tt}
#       pm_dec: !astropy.table.SerializedColumn
#         __class__: astropy.units.quantity.Quantity
#         unit: !astropy.units.Unit {unit: mas / yr}
#         value: !astropy.table.SerializedColumn {name: SkyCoord.pm_dec}
#       pm_ra_cosdec: !astropy.table.SerializedColumn
#         __class__: astropy.units.quantity.Quantity
#         unit: !astropy.units.Unit {unit: mas / yr}
#         value: !astropy.table.SerializedColumn {name: SkyCoord.pm_ra_cosdec}
#       ra: !astropy.table.SerializedColumn
#         __class__: astropy.coordinates.angles.Longitude
#         unit: *id001
#         value: !astropy.table.SerializedColumn {name: SkyCoord.ra}
#         wrap_angle: !astropy.coordinates.Angle
#           unit: *id001
#           value: 360.0
#       representation_type: spherical
# schema: astropy-2.0
RA_ICRS_1 DE_ICRS_1 e_RA_ICRS e_DE_ICRS _r_1 HIP TYC2 Source rgeo Plx e_Plx pmRA pmDE e_pmRA e_pmDE RUWE Teff logg Gmag BP-RP BPmag RPmag RV e_RV b_rgeo B_rgeo FG e_FG FBP e_FBP FRP e_FRP RAVE5 RAVE6 e_Gmag e_BPmag e_RPmag e_BP-RP SkyCoord.ra SkyCoord.dec SkyCoord.distance SkyCoord.pm_ra_cosdec SkyCoord.pm_dec rmRA rmDE e_rmRA e_rmDE rRV e_rRV v_pec v_pec3d e_vpec e_vpec3d Pmemb
83.2806053554 -1.71735869443 0.0748 0.0615 3.4988 26020 4766-2453-1 3217181124645104384 414.126343 2.3965 0.0578 0.077 0.402 0.086 0.065 1.006 19916.5 4.038 6.739796 -0.161629 6.51751 6.679139 "" "" 405.084381 425.653961 37933978.18639 24508.0 33761000.0 337000.0 16885000.0 201940.0 "" "" 0.0028432090223847093 0.011191146 0.0135239335 0.02471508 83.2806053554 -1.71735869443 414.126343 0.077 0.40199999999999997 0.03773039248585701 0.5916274536848068 0.4272238 0.4062238 "" "" 1.1636996090464953 "" 0.4728240175388236 "" 0.9
84.07429924682 -1.63533280818 0.0365 0.0335 47.9533 26319 4766-1903-1 3217359455974996736 421.9646 2.3406 0.0478 -0.578 -0.853 0.044 0.04 1.13 "" "" 8.024097 -0.127784 7.966106 8.093889 19.92 4.15 410.96933 433.285217 11622728.06193 4115.3 8891500.0 4571.4 4587800.0 2021.5 "" "" 0.002782009369027432 0.0028454608 0.00380954 0.006655001 84.07429924682 -1.63533280818 421.9646 -0.5780000000000001 -0.8529999999999999 -0.617269607514143 -0.6633725463151932 0.3852238 0.3812238 -6.962564102564102 6.622755 1.8123763794093077 7.1945817823522615 0.6942945357590675 6.411564122958505 1.0
83.1924485759 -1.03291815188 0.0273 0.0285 37.9089 "" 4766-575-1 3217643129974983552 441.854614 2.2375 0.0371 0.192 -0.374 0.033 0.031 1.094 "" "" 9.336086 -0.011696 9.321965 9.333661 18.01 5.81 436.028473 448.161957 3471461.70477 1050.6 2550500.0 1151.3 1464500.0 486.42 "" "" 0.002774843833578078 0.002832887 0.0037965474 0.0066294344 83.1924485759 -1.03291815188 441.854614 0.192 -0.374 0.15273039248585701 -0.18437254631519318 0.3742238 0.3722238 -8.872564102564102 8.282755 0.5014297554470761 8.886721867694343 0.18705285439061237 8.269566070289123 1.0
83.76893610998 -1.40183033411 0.0334 0.0295 33.4059 "" 4766-330-1 3217569080442636544 442.79364 2.2348 0.0445 -0.12 0.274 0.042 0.034 1.98 10470.8 4.1851 9.420464 0.192361 9.478165 9.285804 "" "" 436.070221 450.23111 3211895.63008 1271.6 2208800.0 2396.8 1530500.0 1950.6 "" "" 0.002788647954026189 0.0030287092 0.0040247366 0.007053446 83.76893610998 -1.40183033411 442.79364 -0.12000000000000005 0.274 -0.15926960751414299 0.46362745368480685 0.3832238 0.37522382 "" "" 1.028897625707623 "" 0.38694400365231696 "" 1.0
82.88066475021 -1.82591407401 0.0219 0.0189 25.681 "" 4766-9-1 3217200022493648640 410.201477 2.4053 0.0282 0.1 -0.495 0.025 0.022 1.092 7999.7 4.1198 9.528739 0.025842 9.528901 9.503059 17.43 3.93 406.1922 415.318817 2907042.07254 868.92 2107900.0 1029.8 1253000.0 373.7 "" "" 0.0027743662550004746 0.0028401413 0.0037932287 0.00663337 82.88066475021 -1.82591407401 410.201477 0.09999999999999999 -0.495 0.060730392485857015 -0.30537254631519317 0.3662238 0.3632238 -9.452564102564104 6.4027553 0.6053803941906511 9.471929768254933 0.21995793326468935 6.389680085995552 0.8
83.21009956531 -1.60076411889 0.0209 0.0183 5.2477 "" "" 3217186248533655936 407.578094 2.4295 0.0248 0.286 -0.161 0.025 0.02 1.055 "" "" 9.709778 0.064274 9.722963 9.658689 25.47 4.41 403.751373 412.286774 2460568.99177 2485.9 1762900.0 5098.4 1085600.0 3057.6 "" "" 0.002965638002892886 0.004200558 0.004861583 0.009062141 83.21009956531 -1.60076411889 407.578094 0.2859999999999998 -0.16099999999999973 0.246730392485857 0.02862745368480682 0.3662238 0.36122382 -1.4125641025641045 6.8827553 0.47986119378289205 1.4918458731221118 0.1757049392308748 6.517227279718107 1.0
84.23882981295 -1.43539457198 0.0236 0.0222 59.343 "" 4766-1797-1 3217389348947353728 398.685333 2.4859 0.0271 0.216 0.275 0.027 0.024 1.238 "" "" 9.770215 0.08688 9.785394 9.698514 33.17 3.33 393.673126 402.870636 2327344.28291 775.13 1664400.0 565.21 1046500.0 948.23 "" "" 0.0027789476176396043 0.0028144254 0.0039053238 0.0067197494 84.23882981295 -1.43539457198 398.685333 0.2159999999999998 0.275 0.176730392485857 0.46462745368480685 0.36822382 0.3652238 6.287435897435898 5.8027554 0.9394113091374641 6.357227679743814 0.34345285201891884 5.739275161664069 0.9
83.0219065298 -1.62048960339 0.0187 0.016 15.3633 "" 4766-350-1 3217227548939226880 419.542389 2.3604 0.0214 0.013 -0.349 0.022 0.018 1.045 9972.1 4.2424 9.834143 0.081295 9.855621 9.774326 31.65 1.59 416.154541 422.837067 2194268.57678 671.46 1560200.0 551.83 975950.0 255.31 "" "" 0.0027752791265747206 0.0028164724 0.0037900396 0.006606512 83.0219065298 -1.62048960339 419.542389 0.013000000000000001 -0.349 -0.026269607514142992 -0.15937254631519315 0.3632238 0.3592238 4.767435897435895 4.062755 0.32120976364352893 4.778244525808651 0.11542036494112634 4.053572378107901 1.0
83.50571627976 -1.7208931734 0.0201 0.0173 14.3157 "" 4766-299-1 3217169717202555008 410.728973 2.4044 0.0221 -0.182 0.233 0.024 0.02 1.147 9586.1 4.2663 10.117274 0.166817 10.171076 10.004259 29.7 1.12 406.307373 414.338379 1690585.78849 402.21 1166800.0 430.84 789690.0 241.67 "" "" 0.0027674018628953494 0.0028188252 0.0037939597 0.006612785 83.50571627976 -1.7208931734 410.728973 -0.182 0.233 -0.22126960751414299 0.4226274536848068 0.3652238 0.36122382 2.817435897435896 3.5927553 0.9287422375272373 2.9665648787659293 0.3362865136152644 3.413771622162021 1.0
83.80921221338 -2.12224790704 0.0185 0.0156 42.3956 "" 4770-1656-1 3216953117709050368 416.629028 2.3736 0.0201 -0.292 -0.255 0.022 0.017 1.081 "" "" 10.164561 0.215043 10.234243 10.0192 11.33 3.22 413.633728 420.392914 1618536.0539 459.72 1100800.0 331.06 778890.0 288.02 "" "" 0.002772524412275956 0.0028092116 0.003800647 0.006609859 83.80921221338 -2.12224790704 416.629028 -0.292 -0.255 -0.33126960751414297 -0.06537254631519318 0.3632238 0.3582238 -15.552564102564103 5.692755 0.6668148875171884 15.566852355520693 0.24207888830053023 5.6875395003724165 1.0
83.27780996759 -2.68046558211 0.0204 0.0174 61.2698 "" 4770-454-1 3216813544155784576 421.55719 2.3501 0.0237 -0.154 0.381 0.024 0.021 1.138 "" "" 10.316574 0.231647 10.392063 10.160416 18.89 3.83 417.325653 426.415375 1407074.8763 462.52 951900.0 369.33 683900.0 217.18 "" "" 0.0027783379507889806 0.0028217912 0.0037950764 0.0066168676 83.27780996759 -2.68046558211 421.55719 -0.15400000000000005 0.3809999999999999 -0.193269607514143 0.5706274536848068 0.3652238 0.3622238 -7.992564102564103 6.3027554 1.2038420515248167 8.08271715567332 0.43643328807678555 6.232794618233439 1.0
83.45855435342 -1.55220573781 0.0192 0.0181 12.7416 "" 4766-211-1 3217559601451435520 411.524078 2.4047 0.0242 0.372 -0.227 0.022 0.021 1.032 8801.8 4.2911 10.375134 0.21309 10.444724 10.231634 25.77 1.45 406.92215 415.104584 1333194.05095 490.39 906830.0 585.03 640480.0 331.54 "" "" 0.0027841127250066867 0.0028767476 0.003820942 0.0066976896 83.45855435342 -1.55220573781 411.524078 0.3719999999999999 -0.22700000000000004 0.332730392485857 -0.037372546315193184 0.3632238 0.3622238 -1.1125641025641038 3.9227552 0.6531131820638687 1.2900991089446816 0.23721812019146776 3.3850622239491366 1.0
83.17190594972 -1.29808090679 0.0162 0.0152 22.5401 "" "" 3217628660228958848 409.311401 2.4101 0.0197 -0.199 -0.214 0.019 0.017 1.24 "" "" 10.564734 0.835988 10.895747 10.059759 34.91 2.42 405.988556 412.631714 1119575.31874 367.15 598570.0 625.61 750330.0 620.75 "" "" 0.0027782302029937442 0.0030121058 0.0038846557 0.0068967612 83.17190594972 -1.29808090679 409.311401 -0.19899999999999993 -0.2140000000000001 -0.238269607514143 -0.024372546315193172 0.3602238 0.3582238 8.027435897435893 4.8927555 0.46468759984204994 8.040874433349234 0.1673819358777376 4.884587932174108 0.9
83.36882395421 -1.51511881267 0.0138 0.0122 10.3169 "" 4766-67-1 3217563548524116864 405.696136 2.441 0.0176 0.283 -0.409 0.015 0.014 1.1 "" "" 10.595926 0.47469 10.76675 10.29206 30.24 1.79 402.912445 408.359894 1087867.95783 205.07 674090.0 271.47 605810.0 188.92 "" "" 0.002762911228024517 0.0028242227 0.0037945178 0.0066187405 83.36882395421 -1.51511881267 405.696136 0.283 -0.40899999999999986 0.24373039248585698 -0.21937254631519315 0.3562238 0.3552238 3.357435897435895 4.2627554 0.630582116065304 3.416139577138582 0.2243463593878295 4.189707951992775 1.0
83.17182243777 -0.63491787986 0.0128 0.0107 61.7747 "" 4766-1109-1 3220691285443948672 411.097961 2.4053 0.016 -0.049 -0.348 0.016 0.013 1.003 "" "" 10.609021 0.422912 10.757813 10.334902 11.82 9.41 408.691864 413.707123 1074826.31413 213.29 679660.0 293.65 582370.0 164.01 "" "" 0.002763731217787229 0.0028293286 0.0037917309 0.0066210595 83.17182243777 -0.63491787986 411.097961 -0.049 -0.348 -0.08826960751414299 -0.15837254631519315 0.3572238 0.35422382 -15.062564102564103 11.882755 0.3533018331971787 15.066706990221627 0.12539994812322638 11.879488246012267 1.0
83.09080602388 -1.02198525007 0.0146 0.0128 39.8051 "" 4766-602-1 3220639917635224832 405.181244 2.4345 0.0188 0.566 0.125 0.017 0.015 1.052 7376.8 4.2181 10.956004 0.443912 11.115376 10.671464 32.7 2.11 402.029083 408.222382 780809.56183 393.22 488950.0 693.23 427140.0 400.79 "" "" 0.0028090497920278414 0.0031866354 0.003914281 0.0071009165 83.09080602388 -1.02198525007 405.181244 0.566 0.125 0.526730392485857 0.3146274536848068 0.3582238 0.3562238 5.8174358974358995 4.582755 1.1783461033517095 5.935575790103264 0.42149315517079533 4.492320687151888 0.9
83.29675624097 -2.68491811832 0.0157 0.0131 61.5505 "" 4770-524-1 3216813376653741184 409.926361 2.4091 0.0182 -0.265 0.232 0.02 0.016 0.969 7474.3 4.274 10.982724 0.438417 11.138563 10.700146 30.56 2.6 406.594788 412.621643 761828.53021 235.01 478620.0 277.81 416010.0 164.73 "" "" 0.002775602127530645 0.0028604555 0.0038037563 0.006664212 83.29675624097 -2.68491811832 409.926361 -0.26500000000000007 0.23200000000000004 -0.304269607514143 0.4216274536848068 0.36122382 0.3572238 3.6774358974358954 5.072755 1.010292520836367 3.813689258107961 0.3622895001339472 4.8924597616285705 1.0
83.15931317859 -1.82414793498 0.0245 0.0198 12.085 "" 4766-8-1 3217172882595816320 419.459686 2.3499 0.0276 0.077 -0.403 0.03 0.022 1.448 6722.9 4.0069 11.165509 0.63057 11.401813 10.771242 26.73 5.53 415.416504 424.500031 643788.40742 175.5 375570.0 189.51 389640.0 116.37 "" "" 0.0027711715769665017 0.0028434475 0.003793267 0.0066367146 83.15931317859 -1.82414793498 419.459686 0.07699999999999989 -0.403 0.03773039248585701 -0.2133725463151932 0.3712238 0.3632238 -0.1525641025641029 8.002755 0.4308171295840955 0.4570330453416574 0.15658864659440835 2.6755077969885623 1.0
84.07167743008 -1.99018430081 0.0187 0.0156 51.731 "" "" 3217330421996308992 414.430969 2.3729 0.0234 -0.673 -0.58 0.024 0.019 1.152 6703.5 4.121 11.348278 0.594952 11.570235 10.975284 34.13 2.08 410.328064 419.157318 544046.04906 173.61 321600.0 159.08 322880.0 118.14 "" "" 0.0027770181172162337 0.0028413874 0.0038002036 0.006641591 84.07167743008 -1.99018430081 414.430969 -0.6729999999999999 -0.58 -0.712269607514143 -0.39037254631519314 0.3652238 0.3602238 7.247435897435899 4.5527554 1.5955482661884768 7.420990591368483 0.5808991197563662 4.448033894697192 1.0
82.74114853887 -1.94800896882 0.019 0.0164 36.4066 "" 4770-75-1 3217191471214133120 401.307068 2.4597 0.0245 0.052 -0.342 0.023 0.019 1.364 5559.2 4.0431 11.468566 0.935508 11.855292 10.919785 26.69 1.86 398.007294 404.792358 486990.21675 734.65 247340.0 1052.1 339820.0 1131.0 "" "" 0.00320538157697786 0.0053957594 0.0052289297 0.010624689 82.74114853887 -1.94800896882 401.307068 0.05200000000000001 -0.34200000000000014 0.012730392485857008 -0.1523725463151932 0.3642238 0.3602238 -0.19256410256410206 4.332755 0.2908521972891234 0.34882077670951483 0.10477999278343995 2.393462635017792 0.9
83.46459796332 -1.75275904623 0.0153 0.0129 12.6725 "" "" 3217169167446742400 399.70929 2.4633 0.0171 -0.089 -0.168 0.018 0.016 1.054 6121.6 4.0461 11.527879 0.897223 11.890459 10.993237 25.45 3.27 396.903137 402.164978 461099.95903 449.29 239460.0 909.03 317590.0 842.25 "" "" 0.002951440378691999 0.0049772407 0.004751267 0.009728508 83.46459796332 -1.75275904623 399.70929 -0.089 -0.16800000000000007 -0.12826960751414299 0.021627453684806813 0.3592238 0.3572238 -1.432564102564104 5.742755 0.24645267141408833 1.4536088976070687 0.08851807966580437 5.659633419619398 1.0
83.30639184606 -2.44550932038 0.0175 0.0155 47.2095 "" 4770-292-1 3216915459435723392 402.478485 2.442 0.0222 0.629 -0.769 0.022 0.018 1.174 "" "" 11.56669 0.695678 11.834998 11.13932 29.06 1.76 398.657196 406.020508 444908.28546 154.44 252010.0 144.57 277610.0 102.36 "" "" 0.002780977312351353 0.0028588446 0.003800525 0.00665937 83.30639184606 -2.44550932038 402.478485 0.629 -0.769 0.589730392485857 -0.5793725463151932 0.3632238 0.3592238 2.1774358974358954 4.232755 1.5771602020338171 2.6886170032791608 0.5697724207295937 3.444245760000098 0.8
82.96367215799 -1.14911520678 0.0141 0.0125 35.861 "" "" 3220637100136770432 411.303833 2.3911 0.018 0.65 -0.243 0.015 0.014 0.996 6194.7 4.0916 11.637604 0.733872 11.925059 11.191187 33.6 1.21 408.784607 414.458771 416778.27977 146.99 231950.0 190.16 264660.0 142.77 "" "" 0.002781800934174678 0.0029287136 0.0038244957 0.006753209 82.96367215799 -1.14911520678 411.303833 0.65 -0.2429999999999998 0.610730392485857 -0.05337254631519317 0.3562238 0.3552238 6.717435897435898 3.6827552 1.1952059250280365 6.822936482144807 0.42575174047908887 3.6265770909598873 1.0
83.30443311174 -2.05363115038 0.0158 0.0135 23.7248 "" 4770-225-1 3217153739925099904 411.018707 2.3917 0.019 0.28 -0.198 0.018 0.015 1.122 6514.9 4.1968 11.642003 0.70136 11.911387 11.210027 31.37 1.01 408.068329 414.737366 415092.93673 136.13 234890.0 121.86 260100.0 105.78 "" "" 0.002778232127206636 0.0028464587 0.0038050888 0.0066515477 83.30443311174 -2.05363115038 411.018707 0.27999999999999997 -0.19800000000000006 0.24073039248585704 -0.008372546315193186 0.3592238 0.3562238 4.487435897435898 3.4827552 0.4692814243436262 4.511907134331368 0.16857536870377438 3.4639101353694395 1.0
82.98082521969 -2.31735682995 0.0128 0.011 43.247 "" "" 3217119139668567424 411.773041 2.397 0.0161 0.029 -0.28 0.014 0.013 1.033 5592.3 4.0325 11.697573 1.035928 12.12873 11.092802 27.11 4.02 409.414551 414.423157 394382.45644 639.4 192280.0 957.46 289760.0 1106.8 "" "" 0.0032696086842801727 0.0060839597 0.0056109717 0.011694931 82.98082521969 -2.31735682995 411.773041 0.028999999999999977 -0.28 -0.010269607514142989 -0.0903725463151932 0.3552238 0.35422382 0.2274358974358961 6.492755 0.17752474224908868 0.28851710790363333 0.06288575823162511 5.118336846960122 1.0
83.6934650899 -1.04278001765 0.0127 0.0111 44.7001 "" "" 3217649688388819584 398.796326 2.4668 0.0157 0.545 -0.066 0.015 0.013 0.976 5783.2 3.9818 11.804628 0.883018 12.158742 11.275724 31.2 2.46 396.726288 401.136383 357351.3907 386.54 187030.0 727.81 244830.0 698.43 "" "" 0.0029951712179228846 0.0050632036 0.004886406 0.00994961 83.6934650899 -1.04278001765 398.796326 0.5449999999999994 -0.066 0.505730392485857 0.12362745368480682 0.3562238 0.35422382 4.317435897435896 4.9327555 0.9841284216378188 4.428178121840114 0.35045926781245795 4.8100251454689325 0.8
82.93931432861 -1.66343828708 0.012 0.0102 20.1406 "" 4766-257-1 3217228781594656768 425.664581 2.3217 0.0144 -0.069 0.504 0.013 0.012 0.989 6564.5 4.1888 11.984498 0.787364 12.293888 11.506524 29.82 1.57 422.686249 428.330414 302794.10042 61.217 165140.0 92.172 197950.0 71.247 "" "" 0.002764050080548684 0.00285522 0.0037995314 0.0066547515 82.93931432861 -1.66343828708 425.664581 -0.069 0.5040000000000002 -0.108269607514143 0.6936274536848068 0.35422382 0.3532238 2.937435897435897 4.042755 1.4164440571080053 3.261110764518988 0.5003554907383374 3.647979058082298 0.9
83.45344408822 -1.11067842087 0.0195 0.0175 34.6121 "" "" 3217627732516007424 390.190125 2.5291 0.0262 -0.483 0.152 0.025 0.022 1.678 5825.2 4.1748 11.992212 0.82247 12.315035 11.492565 30.16 4.08 385.956482 394.946533 300650.47464 229.09 161960.0 405.97 200510.0 361.15 "" "" 0.00287684411433247 0.0038976509 0.0042553525 0.008153004 83.45344408822 -1.11067842087 390.190125 -0.48300000000000004 0.15199999999999983 -0.522269607514143 0.34162745368480685 0.3662238 0.3632238 3.277435897435897 6.5527554 1.1542352426499831 3.4747438836807394 0.42167377915919435 6.182254216533768 0.8
