Clusters/NGC_6561/NGC_6561_members.tsv
# %ECSV 1.0
# ---
# datatype:
# - name: RA_ICRS_1
#   unit: deg
#   datatype: float64
#   format: '{:15.11f}'
#   description: Right ascension (ICRS) at Ep=2016.0 (ra)
#   meta: !!omap
#   - {ucd: POS_EQ_RA_MAIN}
#   - {width: 15}
#   - {precision: '11'}
# - name: DE_ICRS_1
#   unit: deg
#   datatype: float64
#   format: '{:15.11f}'
#   description: Declination (ICRS) at Ep=2016.0 (dec)
#   meta: !!omap
#   - {ucd: POS_EQ_DEC_MAIN}
#   - {width: 15}
#   - {precision: '11'}
# - name: e_RA_ICRS
#   unit: mas
#   datatype: float64
#   format: '{:7.4f}'
#   description: Standard error of right ascension (ra_error)
#   meta: !!omap
#   - {ucd: ERROR}
#   - {width: 7}
#   - {precision: '4'}
# - name: e_DE_ICRS
#   unit: mas
#   datatype: float64
#   format: '{:7.4f}'
#   description: Standard error of declination (dec_error)
#   meta: !!omap
#   - {ucd: ERROR}
#   - {width: 7}
#   - {precision: '4'}
# - name: _r_1
#   unit: ''
#   datatype: float64
#   format: '{:7.4f}'
#   description: Distance from center (272.68100704000-16.74049436000)[ICRS], at Epoch=J2016.0
#   meta: !!omap
#   - {ucd: POS_ANG_DIST_GENERAL}
#   - {width: 7}
#   - {precision: '4'}
# - name: HIP
#   datatype: int32
#   description: '? HIP cross-id number, van Leeuwen, Cat. I/311 (hip_original_ext_source_id)'
#   meta: !!omap
#   - {ucd: ID_NUMBER}
#   - {width: 6}
#   - values: {'null': -2147483648}
# - name: TYC2
#   datatype: string
#   description: Tycho-2 cross-id name, Hog et al., Cat. I/259 (tyc2_original_ext_source_id)
#   meta: !!omap
#   - {ucd: ID_CROSSID}
#   - {_votable_string_dtype: char}
# - name: Source
#   datatype: int64
#   description: Source identifier, identical to the Gaia-EDR3 source_id (id)
#   meta: !!omap
#   - {ucd: ID_MAIN}
#   - {width: 19}
# - name: rgeo
#   unit: pc
#   datatype: float64
#   format: '{:15.8f}'
#   description: '? Median of the geometric distance posterior (r_med_geo)'
#   meta: !!omap
#   - {ucd: PHYS_DISTANCE_TRUE}
#   - {width: 15}
#   - {precision: '8'}
#   - values: {'null': .nan}
# - name: Plx
#   unit: mas
#   datatype: float64
#   format: '{:9.4f}'
#   description: '? Parallax (parallax)'
#   meta: !!omap
#   - {ucd: POS_PARLX_TRIG}
#   - {width: 9}
#   - {precision: '4'}
#   - values: {'null': .nan}
# - name: e_Plx
#   unit: mas
#   datatype: float32
#   format: '{:7.4f}'
#   description: '? Standard error of parallax (parallax_error)'
#   meta: !!omap
#   - {ucd: ERROR}
#   - {width: 7}
#   - {precision: '4'}
#   - values: {'null': .nan}
# - name: pmRA
#   unit: mas / yr
#   datatype: float64
#   format: '{:9.3f}'
#   description: '? Proper motion in right ascension direction, pmRA*cosDE (pmra)'
#   meta: !!omap
#   - {ucd: POS_EQ_PMRA}
#   - {width: 9}
#   - {precision: '3'}
#   - values: {'null': .nan}
# - name: pmDE
#   unit: mas / yr
#   datatype: float64
#   format: '{:9.3f}'
#   description: '? Proper motion in declination direction (pmdec)'
#   meta: !!omap
#   - {ucd: POS_EQ_PMDEC}
#   - {width: 9}
#   - {precision: '3'}
#   - values: {'null': .nan}
# - name: e_pmRA
#   unit: mas / yr
#   datatype: float32
#   format: '{:6.3f}'
#   description: '? Standard error of proper motion in right ascension direction (pmra_error)'
#   meta: !!omap
#   - {ucd: ERROR}
#   - {width: 6}
#   - {precision: '3'}
#   - values: {'null': .nan}
# - name: e_pmDE
[...]
#       distance: !astropy.table.SerializedColumn
#         __class__: astropy.coordinates.distances.Distance
#         unit: !astropy.units.Unit {unit: pc}
#         value: !astropy.table.SerializedColumn {name: SkyCoord.distance}
#       frame: icrs
#       obstime: !astropy.time.Time {format: jyear_str, in_subfmt: '*', jd1: 367701545.0, jd2: 0.0, out_subfmt: '*', precision: 3, scale: tt}
#       pm_dec: !astropy.table.SerializedColumn
#         __class__: astropy.units.quantity.Quantity
#         unit: !astropy.units.Unit {unit: mas / yr}
#         value: !astropy.table.SerializedColumn {name: SkyCoord.pm_dec}
#       pm_ra_cosdec: !astropy.table.SerializedColumn
#         __class__: astropy.units.quantity.Quantity
#         unit: !astropy.units.Unit {unit: mas / yr}
#         value: !astropy.table.SerializedColumn {name: SkyCoord.pm_ra_cosdec}
#       ra: !astropy.table.SerializedColumn
#         __class__: astropy.coordinates.angles.Longitude
#         unit: *id001
#         value: !astropy.table.SerializedColumn {name: SkyCoord.ra}
#         wrap_angle: !astropy.coordinates.Angle
#           unit: *id001
#           value: 360.0
#       representation_type: spherical
# schema: astropy-2.0
RA_ICRS_1 DE_ICRS_1 e_RA_ICRS e_DE_ICRS _r_1 HIP TYC2 Source rgeo Plx e_Plx pmRA pmDE e_pmRA e_pmDE RUWE Teff logg Gmag BP-RP BPmag RPmag RV e_RV b_rgeo B_rgeo FG e_FG FBP e_FBP FRP e_FRP RAVE5 RAVE6 e_Gmag e_BPmag e_RPmag e_BP-RP SkyCoord.ra SkyCoord.dec SkyCoord.distance SkyCoord.pm_ra_cosdec SkyCoord.pm_dec rmRA rmDE e_rmRA e_rmDE rRV e_rRV v_pec v_pec3d e_vpec e_vpec3d Pmemb
272.63986146695 -16.74929410918 0.0241 0.0217 2.4223 "" 6264-1001-1 4145581465816350464 1732.24377 0.5434 0.0286 0.022 -0.84 0.029 0.023 0.968 18933.4 3.3175 8.155731 0.413463 8.285741 7.872278 "" "" 1651.98315 1816.92371 10295662.45321 3723.6 6624000.0 5762.8 5626600.0 3193.1 "" "" 0.002783160595626027 0.0029457214 0.0038292788 0.006775 272.63986146695 -16.74929410918 1732.24377 0.022 -0.8399999999999999 0.011916666410863398 -0.04894443988800046 0.12071586 0.11471586 "" "" 0.4136146844701387 "" 0.047590462383600166 "" 0.8
273.05212308859 -16.87145993012 0.0156 0.0132 22.7182 "" 6264-66-1 4097526588562260608 1568.10547 0.5846 0.0179 -0.116 -0.583 0.02 0.015 0.771 12821.5 3.923 11.461831 0.327794 11.570006 11.242212 "" "" 1522.73132 1611.25903 490020.66447 217.94 321670.0 409.99 252510.0 205.19 "" "" 0.002797314907604852 0.0031144938 0.0038809958 0.00699549 273.05212308859 -16.87145993012 1568.10547 -0.11599999999999983 -0.583 -0.1260833335891366 0.20805556011199955 0.11171585 0.10671586 "" "" 1.808240616485644 "" 0.19543752555773386 "" 0.8
272.63322774846 -16.68459654016 0.0144 0.0123 4.3344 "" "" 4145583012004695296 1401.03833 0.6789 0.0169 -0.016 -0.728 0.018 0.014 0.883 11110.8 4.2027 12.78368 0.484549 12.957851 12.473303 "" "" 1372.73718 1429.70032 145035.69059 44.173 89593.0 72.407 81253.0 50.412 "" "" 0.002775092404802956 0.0029248926 0.0038389452 0.0067638378 272.63322774846 -16.68459654016 1401.03833 -0.015999999999999993 -0.7280000000000004 -0.0260833335891366 0.06305556011199953 0.10971586 0.105715856 "" "" 0.453159287404784 "" 0.048175221852653355 "" 0.9
272.63065497997 -16.74481845673 0.0171 0.0156 2.9047 "" "" 4145581534535847808 1411.29907 0.6743 0.0194 -0.062 -0.765 0.02 0.016 1.044 "" "" 12.823372 0.501699 13.004095 12.502396 "" "" 1374.50085 1446.53137 139829.21669 38.493 85858.0 87.637 79104.0 56.01 "" "" 0.0027714839538352304 0.0030022038 0.0038567758 0.0068589794 272.63065497997 -16.74481845673 1411.29907 -0.062 -0.7649999999999995 -0.0720833335891366 0.0260555601119995 0.11171585 0.10771586 "" "" 0.5127404811050482 "" 0.05704800359776712 "" 0.9
272.69855362766 -16.67340333417 0.0135 0.0116 4.1498 "" "" 4145583626161409408 1402.92224 0.6715 0.0155 0.114 -0.856 0.016 0.012 0.903 "" "" 13.125236 0.487905 13.30007 12.812164 "" "" 1372.21521 1430.96338 105889.44928 36.75 65372.0 53.344 59469.0 61.226 "" "" 0.0027809673578452388 0.0029274542 0.0039412226 0.0068686767 272.69855362766 -16.67340333417 1402.92224 0.114 -0.8560000000000002 0.1039166664108634 -0.06494443988800047 0.10771586 0.10371586 "" "" 0.814883706511887 "" 0.08687272223996033 "" 0.9
272.5226900348 -16.91003528648 0.015 0.0133 13.6437 "" "" 4144065750361543936 1436.09521 0.6564 0.0174 -0.095 -0.849 0.017 0.014 0.885 7965.5 3.9475 13.171598 0.652731 13.415462 12.762731 "" "" 1397.05542 1478.41199 101462.95142 27.09 58780.0 62.542 62239.0 24.287 "" "" 0.002770527520546496 0.0030198663 0.0038030553 0.0068229213 272.5226900348 -16.91003528648 1436.09521 -0.095 -0.8490000000000002 -0.1050833335891366 -0.057944439888000465 0.10871586 0.105715856 "" "" 0.8168528022137478 "" 0.08823956094049323 "" 0.8
272.55786112689 -16.75915735178 0.0158 0.0133 7.1633 "" "" 4144080976042078336 1390.09155 0.6792 0.0174 -0.001 -0.731 0.019 0.015 1.146 "" "" 13.267367 0.545374 13.465796 12.920422 "" "" 1361.63855 1421.50366 92896.55922 28.488 56118.0 46.211 53826.0 30.627 "" "" 0.0027753646605558242 0.0029299136 0.003829541 0.0067594545 272.55786112689 -16.75915735178 1390.09155 -0.0009999999999999905 -0.7310000000000001 -0.011083333589136601 0.06005556011199953 0.11071586 0.10671586 "" "" 0.40239045189853706 "" 0.04299541671310236 "" 1.0
272.67635979987 -16.71049070828 0.0149 0.0129 1.8199 "" "" 4145582015572173184 1375.18921 0.6837 0.0173 -0.065 -0.863 0.017 0.014 0.942 "" "" 13.55181 0.655289 13.796235 13.140946 "" "" 1338.84155 1411.15173 71486.25337 27.692 41393.0 60.982 43932.0 57.11 "" "" 0.0027872357288624998 0.0032161502 0.004034331 0.0072504813 272.67635979987 -16.71049070828 1375.18921 -0.065 -0.8630000000000002 -0.0750833335891366 -0.07194443988800048 0.10871586 0.105715856 "" "" 0.6778352173611945 "" 0.07272517359329071 "" 0.9
272.6143848424 -16.76302587351 0.016 0.0143 4.0594 "" "" 4145581397097399168 1458.10742 0.6416 0.0184 0.085 -0.791 0.018 0.015 0.994 "" "" 13.581051 0.653894 13.824051 13.170156 "" "" 1415.13696 1496.21899 69586.6982 29.278 40346.0 47.132 42766.0 24.949 "" "" 0.0027929318831998403 0.0030649249 0.0038320913 0.0068970164 272.6143848424 -16.76302587351 1458.10742 0.08499999999999998 -0.791 0.0749166664108634 5.5560111999475303e-05 0.10971586 0.10671586 "" "" 0.517781376003133 "" 0.05680882636311223 "" 0.9
272.62762294414 -16.70896936819 0.0171 0.0152 3.6038 "" "" 4145582771486498048 1470.099 0.637 0.0203 -0.02 -0.851 0.021 0.017 1.084 9782.0 4.1932 13.746953 0.952523 14.133713 13.18119 "" "" 1421.85474 1520.7937 59726.27552 16.074 30334.0 33.81 42333.0 34.243 "" "" 0.0027707708787274785 0.0030413016 0.0038800833 0.006921385 272.62762294414 -16.70896936819 1470.099 -0.020000000000000004 -0.851 -0.0300833335891366 -0.05994443988800047 0.112715855 0.10871586 "" "" 0.46735963399439034 "" 0.051190997227559265 "" 0.8
272.61928584637 -16.73311793857 0.0181 0.0156 3.5739 "" "" 4145582286131481856 1424.29199 0.6633 0.0209 -0.011 -0.756 0.024 0.018 1.025 9519.3 4.1649 13.883704 0.716326 14.150411 13.434085 "" "" 1384.03711 1461.56213 52658.07828 22.607 29871.0 27.574 33537.0 29.916 "" "" 0.002794469855663754 0.0029647166 0.0039015044 0.0068662213 272.61928584637 -16.73311793857 1424.29199 -0.011 -0.756 -0.0210833335891366 0.035055560111999506 0.11571586 0.10971586 "" "" 0.27617041882255067 "" 0.030749141825149696 "" 1.0
272.71046255826 -16.7763045623 0.0179 0.0166 2.735 "" "" 4145569577346732544 1451.09009 0.65 0.0218 0.024 -0.852 0.021 0.016 0.998 "" "" 13.947884 0.766375 14.245005 13.47863 "" "" 1410.87915 1499.88513 49635.6154 16.913 27379.0 34.533 32189.0 20.962 "" "" 0.0027800463624603417 0.003108118 0.0038449506 0.0069530685 272.71046255826 -16.7763045623 1451.09009 0.024 -0.8519999999999999 0.0139166664108634 -0.06094443988800047 0.112715855 0.10771586 "" "" 0.4299761310080499 "" 0.04642414056795459 "" 0.8
272.64700859056 -16.65550143704 0.0211 0.0181 5.4611 "" "" 4145583218163151232 1414.45886 0.668 0.0223 -0.009 -0.818 0.027 0.02 0.936 9404.1 4.2842 14.029696 0.797987 14.340393 13.542406 "" "" 1366.84521 1457.57739 46032.87832 17.668 25076.0 33.077 30353.0 24.401 "" "" 0.0027866546809368286 0.0031362614 0.003878861 0.007015122 272.64700859056 -16.65550143704 1414.45886 -0.008999999999999998 -0.8180000000000007 -0.0190833335891366 -0.026944439888000438 0.11871586 0.11171585 "" "" 0.2213691321518323 "" 0.02525865705729324 "" 0.9
272.71888471752 -17.09010942965 0.0182 0.0161 21.0893 "" "" 4096021185338859264 1393.29053 0.6744 0.0196 -0.04 -0.794 0.027 0.023 0.973 9265.2 4.1548 14.092207 0.78861 14.399443 13.610832 "" "" 1355.14709 1422.27747 43457.42158 14.478 23749.0 27.665 28499.0 25.386 "" "" 0.0027789617823569352 0.0030634422 0.0039011645 0.0069646067 272.71888471752 -17.09010942965 1393.29053 -0.04000000000000001 -0.794 -0.0500833335891366 -0.0029444398880005274 0.11871586 0.11471586 "" "" 0.3313313271047932 "" 0.03932979505280073 "" 0.8
272.50214523583 -16.83911996234 0.0191 0.0161 11.8565 "" "" 4144078742659358976 1406.77637 0.669 0.0219 -0.041 -0.718 0.024 0.017 0.996 "" "" 14.113405 0.829922 14.436527 13.606606 "" "" 1364.82983 1452.18005 42617.1856 11.558 22951.0 25.65 28610.0 24.157 "" "" 0.002771009645633843 0.0030426024 0.0038889784 0.0069315806 272.50214523583 -16.83911996234 1406.77637 -0.04100000000000001 -0.718 -0.0510833335891366 0.07305556011199954 0.11571586 0.10871586 "" "" 0.5944217329602451 "" 0.0660183677854779 "" 0.9
272.62542778621 -16.73941247849 0.0217 0.0227 3.1941 "" "" 4145581534535866880 1372.33618 0.69 0.0287 0.025 -0.757 0.023 0.02 0.93 9252.2 4.1492 14.114937 0.784862 14.422689 13.637828 "" "" 1326.12183 1420.71167 42557.08977 17.776 23246.0 26.284 27799.0 33.812 "" "" 0.002792393289276425 0.0030482984 0.0040034573 0.0070517557 272.62542778621 -16.73941247849 1372.33618 0.025 -0.757 0.014916666410863401 0.034055560111999506 0.11471586 0.11171585 "" "" 0.24184557256156156 "" 0.027136084392347364 "" 0.9
272.65785713328 -16.68278279462 0.0198 0.0171 3.7095 "" "" 4145582938966620928 1445.75317 0.6478 0.0224 0.092 -0.647 0.024 0.018 0.993 6667.0 3.8086 14.135329 1.114393 14.60482 13.490427 -45.76 13.81 1401.9187 1499.61597 41765.26285 11.369 19656.0 34.24 31841.0 32.578 "" "" 0.0027711260106749753 0.003370772 0.003939258 0.00731003 272.65785713328 -16.68278279462 1445.75317 0.092 -0.647 0.0819166664108634 0.1440555601119995 0.11571586 0.10971586 -19.727499999999996 15.855521 1.135641622160072 19.76016037748637 0.1262967811859617 15.82931623138796 0.9
272.5826185186 -16.67947901405 0.022 0.0192 6.7358 "" "" 4145585623344891904 1424.45923 0.6587 0.0232 0.023 -0.901 0.028 0.021 0.876 9180.0 4.271 14.185526 0.787764 14.495515 13.707751 "" "" 1378.15332 1469.92249 39878.29308 15.649 21738.0 19.759 26065.0 22.529 "" "" 0.0027880673409068496 0.0029595615 0.00389415 0.006853712 272.5826185186 -16.67947901405 1424.45923 0.023 -0.901 0.012916666410863399 -0.10994443988800051 0.119715855 0.112715855 "" "" 0.7474433668583831 "" 0.08432213058637361 "" 0.9
272.65157050343 -16.75458041076 0.0204 0.0189 1.8907 "" "" 4145581294017633536 1452.93091 0.6505 0.025 0.045 -0.849 0.024 0.019 0.972 7647.2 4.0731 14.450372 0.955282 14.83525 13.879968 "" "" 1389.63379 1503.57996 31246.26223 8.3329 15897.0 32.985 22242.0 20.36 "" "" 0.0027704924030441404 0.0035861158 0.0039078766 0.0074939923 272.65157050343 -16.75458041076 1452.93091 0.045 -0.8489999999999998 0.0349166664108634 -0.057944439888000465 0.11571586 0.11071586 "" "" 0.46590892724479505 "" 0.05221421997711603 "" 0.9
272.68780441375 -16.74526881935 0.0216 0.0199 0.4844 "" "" 4145581637614976384 1340.46008 0.6993 0.0264 -0.011 -0.708 0.024 0.02 0.959 7477.5 4.0158 14.474961 0.963548 14.864208 13.900661 "" "" 1300.58752 1384.04944 30546.54856 9.7079 15479.0 28.704 21822.0 21.278 "" "" 0.0027768420704140373 0.0034407428 0.003924858 0.0073656007 272.68780441375 -16.74526881935 1340.46008 -0.010999999999999992 -0.7080000000000006 -0.0210833335891366 0.08305556011199955 0.11571586 0.11171585 "" "" 0.5444538778374283 "" 0.060958180697292426 "" 0.8
272.64301299879 -16.74092386865 0.0237 0.0196 2.1832 "" "" 4145581500176097280 1312.66406 0.7132 0.0254 0.004 -0.782 0.026 0.02 1.019 "" "" 14.543524 1.255618 15.085332 13.829714 -51.2 11.91 1273.71094 1354.66565 28677.22245 25.604 12627.0 24.241 23296.0 84.601 "" "" 0.002920871655667354 0.0034827637 0.0054617194 0.0089444835 272.64301299879 -16.74092386865 1312.66406 0.003999999999999991 -0.782 -0.0060833335891366 0.009055560111999483 0.11771586 0.11171585 -25.1675 13.955521 0.06787719336627843 25.167591532830063 0.007711904188809617 13.955469874612627 0.8
272.71220743971 -16.77283607416 0.0235 0.0225 2.6417 "" "" 4145569783505164672 1556.26001 0.6037 0.0288 -0.027 -0.77 0.026 0.021 1.066 "" "" 14.604535 0.992298 15.010499 14.018201 "" "" 1492.76367 1631.8269 27110.20176 8.8178 13527.0 19.575 19583.0 15.756 "" "" 0.00277785889819776 0.0032021306 0.0038790242 0.0070811547 272.71220743971 -16.77283607416 1556.26001 -0.027000000000000003 -0.7699999999999998 -0.0370833335891366 0.021055560111999494 0.11771586 0.112715855 "" "" 0.3145707770954015 "" 0.03665274302286887 "" 0.9
272.6748068565 -16.72196405677 0.0238 0.0204 1.1675 "" "" 4145581912492944384 1469.59363 0.6401 0.0259 0.075 -0.748 0.028 0.021 0.899 8510.6 4.3834 14.6349 1.063389 15.076837 14.013448 "" "" 1411.25623 1521.36914 26362.50217 7.7328 12726.0 17.465 19669.0 14.41 "" "" 0.00277366459973018 0.0031631154 0.0038621817 0.007025297 272.6748068565 -16.72196405677 1469.59363 0.075 -0.7480000000000001 0.0649166664108634 0.043055560111999513 0.119715855 0.112715855 "" "" 0.5426212185069131 "" 0.06382393954416035 "" 1.0
272.60211378558 -16.5309125776 0.0218 0.0187 13.3678 "" "" 4145589643434486272 1452.76782 0.6452 0.0235 0.02 -0.735 0.029 0.022 0.986 7135.6 3.8268 14.635083 1.071811 15.081687 14.009876 "" "" 1402.31812 1524.95874 26358.05754 8.0767 12669.0 28.061 19734.0 20.651 "" "" 0.0027753332480327632 0.003683514 0.0039464734 0.0076299873 272.60211378558 -16.5309125776 1452.76782 0.020000000000000004 -0.735 0.0099166664108634 0.056055560111999525 0.12071586 0.11371586 "" "" 0.39199903210280984 "" 0.04466225740521386 "" 0.8
272.74382087213 -16.61345718238 0.024 0.02 8.434 "" "" 4145585039229214080 1414.51709 0.663 0.0263 0.043 -0.767 0.029 0.021 0.959 6945.0 3.9895 14.741219 1.14604 15.225195 14.079155 49.93 11.34 1372.9585 1470.12939 23903.35683 10.108 11100.0 24.638 18514.0 25.906 "" "" 0.0027933107358887803 0.0036868516 0.0040733027 0.007760154 272.74382087213 -16.61345718238 1414.51709 0.04300000000000003 -0.7669999999999997 0.032916666410863396 0.024055560111999497 0.12071586 0.112715855 75.9625 13.385521 0.2733538290919891 75.96299183527384 0.03225364707555894 13.385434268736338 0.9
272.65687500236 -16.7035671298 0.0251 0.0224 2.6138 "" "" 4145582737126723072 1411.39648 0.6695 0.0299 -0.036 -0.84 0.03 0.023 1.023 7144.7 4.11 14.83548 1.213777 15.353969 14.140191 "" "" 1360.01404 1480.13965 21915.68131 6.1667 9858.9 11.027 17502.0 31.273 "" "" 0.0027722056820156556 0.003042985 0.0042482237 0.007291209 272.65687500236 -16.7035671298 1411.39648 -0.03599999999999999 -0.84 -0.0460833335891366 -0.04894443988800046 0.12171586 0.11471586 "" "" 0.4497381012048095 "" 0.05309473026763855 "" 0.9
272.65842268439 -16.72095918565 0.0231 0.021 1.7487 "" "" 4145581981212443520 1352.01929 0.6983 0.0272 -0.1 -0.817 0.027 0.022 0.968 7055.0 4.2362 14.891257 1.290731 15.456129 14.165398 14.67 23.93 1307.04236 1397.40271 20818.22615 6.2985 8973.6 14.174 17100.0 19.096 "" "" 0.0027748320444287797 0.0032750699 0.003969107 0.0072441767 272.65842268439 -16.72095918565 1352.01929 -0.1 -0.8169999999999998 -0.1100833335891366 -0.025944439888000437 0.11871586 0.11371586 40.7025 25.975521 0.7248050178988161 40.70895292885794 0.08585895988070416 25.971403655334832 0.9
272.62229826996 -16.69765719928 0.0255 0.0229 4.2412 "" "" 4145582977644952064 1400.98999 0.6709 0.0305 0.027 -0.701 0.031 0.024 0.929 6826.9 4.079 15.004237 1.141863 15.485428 14.343565 "" "" 1346.31982 1488.47742 18760.82714 6.9701 8734.7 15.994 14512.0 36.579 "" "" 0.002784690745557572 0.0034260037 0.004666188 0.008092191 272.62229826996 -16.69765719928 1400.98999 0.027000000000000003 -0.701 0.0169166664108634 0.09005556011199956 0.12271586 0.11571586 "" "" 0.6084910290411729 "" 0.07056147390492055 "" 0.9
272.65974190925 -16.77873858228 0.0273 0.0263 2.5996 "" "" 4145581190938366080 1383.36572 0.6837 0.0334 -0.039 -0.804 0.03 0.025 0.914 6675.2 4.212 15.111102 1.291548 15.680002 14.388454 "" "" 1331.99426 1439.86719 17002.23745 22.265 7301.6 30.348 13924.0 45.218 "" "" 0.003100536541748343 0.0053056097 0.0051687323 0.010474342 272.65974190925 -16.77873858228 1383.36572 -0.039 -0.804 -0.0490833335891366 -0.012944439888000536 0.12171586 0.116715856 "" "" 0.33285109517024397 "" 0.04040711816736422 "" 0.9
272.65068725923 -16.73771803934 0.0258 0.0232 1.75 "" "" 4145581500176090880 1449.5752 0.6563 0.0302 0.008 -0.701 0.03 0.024 0.967 7092.0 4.2489 15.117355 1.260342 15.658615 14.398273 "" "" 1396.63074 1519.07703 16904.59059 6.0814 7446.8 19.834 13799.0 20.862 "" "" 0.0027828674799858194 0.0040183864 0.0041204547 0.008138841 272.65068725923 -16.73771803934 1449.5752 0.00799999999999999 -0.701 -0.0020833335891366003 0.09005556011199956 0.12171586 0.11571586 "" "" 0.6189360864957534 "" 0.07162276019425474 "" 0.8
