Clusters/NGC_6561/NGC_6561_stars_in_region.tsv
# %ECSV 1.0
# ---
# datatype:
# - name: RA_ICRS_1
#   unit: deg
#   datatype: float64
#   format: '{:15.11f}'
#   description: Right ascension (ICRS) at Ep=2016.0 (ra)
#   meta: !!omap
#   - {ucd: POS_EQ_RA_MAIN}
#   - {width: 15}
#   - {precision: '11'}
# - name: DE_ICRS_1
#   unit: deg
#   datatype: float64
#   format: '{:15.11f}'
#   description: Declination (ICRS) at Ep=2016.0 (dec)
#   meta: !!omap
#   - {ucd: POS_EQ_DEC_MAIN}
#   - {width: 15}
#   - {precision: '11'}
# - name: e_RA_ICRS
#   unit: mas
#   datatype: float64
#   format: '{:7.4f}'
#   description: Standard error of right ascension (ra_error)
#   meta: !!omap
#   - {ucd: ERROR}
#   - {width: 7}
#   - {precision: '4'}
# - name: e_DE_ICRS
#   unit: mas
#   datatype: float64
#   format: '{:7.4f}'
#   description: Standard error of declination (dec_error)
#   meta: !!omap
#   - {ucd: ERROR}
#   - {width: 7}
#   - {precision: '4'}
# - name: _r_1
#   unit: ''
#   datatype: float64
#   format: '{:7.4f}'
#   description: Distance from center (272.68100704000-16.74049436000)[ICRS], at Epoch=J2016.0
#   meta: !!omap
#   - {ucd: POS_ANG_DIST_GENERAL}
#   - {width: 7}
#   - {precision: '4'}
# - name: HIP
#   datatype: int32
#   description: '? HIP cross-id number, van Leeuwen, Cat. I/311 (hip_original_ext_source_id)'
#   meta: !!omap
#   - {ucd: ID_NUMBER}
#   - {width: 6}
#   - values: {'null': -2147483648}
# - name: TYC2
#   datatype: string
#   description: Tycho-2 cross-id name, Hog et al., Cat. I/259 (tyc2_original_ext_source_id)
#   meta: !!omap
#   - {ucd: ID_CROSSID}
#   - {_votable_string_dtype: char}
# - name: Source
#   datatype: int64
#   description: Source identifier, identical to the Gaia-EDR3 source_id (id)
#   meta: !!omap
#   - {ucd: ID_MAIN}
#   - {width: 19}
# - name: rgeo
#   unit: pc
#   datatype: float64
#   format: '{:15.8f}'
#   description: '? Median of the geometric distance posterior (r_med_geo)'
#   meta: !!omap
#   - {ucd: PHYS_DISTANCE_TRUE}
#   - {width: 15}
#   - {precision: '8'}
#   - values: {'null': .nan}
# - name: Plx
#   unit: mas
#   datatype: float64
#   format: '{:9.4f}'
#   description: '? Parallax (parallax)'
#   meta: !!omap
#   - {ucd: POS_PARLX_TRIG}
#   - {width: 9}
#   - {precision: '4'}
#   - values: {'null': .nan}
# - name: e_Plx
#   unit: mas
#   datatype: float32
#   format: '{:7.4f}'
#   description: '? Standard error of parallax (parallax_error)'
#   meta: !!omap
#   - {ucd: ERROR}
#   - {width: 7}
#   - {precision: '4'}
#   - values: {'null': .nan}
# - name: pmRA
#   unit: mas / yr
#   datatype: float64
#   format: '{:9.3f}'
#   description: '? Proper motion in right ascension direction, pmRA*cosDE (pmra)'
#   meta: !!omap
#   - {ucd: POS_EQ_PMRA}
#   - {width: 9}
#   - {precision: '3'}
#   - values: {'null': .nan}
# - name: pmDE
#   unit: mas / yr
#   datatype: float64
#   format: '{:9.3f}'
#   description: '? Proper motion in declination direction (pmdec)'
#   meta: !!omap
#   - {ucd: POS_EQ_PMDEC}
#   - {width: 9}
#   - {precision: '3'}
#   - values: {'null': .nan}
# - name: e_pmRA
#   unit: mas / yr
#   datatype: float32
#   format: '{:6.3f}'
#   description: '? Standard error of proper motion in right ascension direction (pmra_error)'
#   meta: !!omap
#   - {ucd: ERROR}
#   - {width: 6}
#   - {precision: '3'}
#   - values: {'null': .nan}
# - name: e_pmDE
[...]
#         unit: &id001 !astropy.units.Unit {unit: deg}
#         value: !astropy.table.SerializedColumn {name: SkyCoord.dec}
#       distance: !astropy.table.SerializedColumn
#         __class__: astropy.coordinates.distances.Distance
#         unit: !astropy.units.Unit {unit: pc}
#         value: !astropy.table.SerializedColumn {name: SkyCoord.distance}
#       frame: icrs
#       obstime: !astropy.time.Time {format: jyear_str, in_subfmt: '*', jd1: 367701545.0, jd2: 0.0, out_subfmt: '*', precision: 3, scale: tt}
#       pm_dec: !astropy.table.SerializedColumn
#         __class__: astropy.units.quantity.Quantity
#         unit: !astropy.units.Unit {unit: mas / yr}
#         value: !astropy.table.SerializedColumn {name: SkyCoord.pm_dec}
#       pm_ra_cosdec: !astropy.table.SerializedColumn
#         __class__: astropy.units.quantity.Quantity
#         unit: !astropy.units.Unit {unit: mas / yr}
#         value: !astropy.table.SerializedColumn {name: SkyCoord.pm_ra_cosdec}
#       ra: !astropy.table.SerializedColumn
#         __class__: astropy.coordinates.angles.Longitude
#         unit: *id001
#         value: !astropy.table.SerializedColumn {name: SkyCoord.ra}
#         wrap_angle: !astropy.coordinates.Angle
#           unit: *id001
#           value: 360.0
#       representation_type: spherical
# schema: astropy-2.0
RA_ICRS_1 DE_ICRS_1 e_RA_ICRS e_DE_ICRS _r_1 HIP TYC2 Source rgeo Plx e_Plx pmRA pmDE e_pmRA e_pmDE RUWE Teff logg Gmag BP-RP BPmag RPmag RV e_RV b_rgeo B_rgeo FG e_FG FBP e_FBP FRP e_FRP RAVE5 RAVE6 e_Gmag e_BPmag e_RPmag e_BP-RP SkyCoord.ra SkyCoord.dec SkyCoord.distance SkyCoord.pm_ra_cosdec SkyCoord.pm_dec
[from data line 2834]
272.56927716664 -16.43074104156 0.0554 0.0481 19.6644 "" "" 4145638125027375616 1212.72656 0.8124 0.0596 2.161 -1.195 0.07 0.052 0.971 4679.4 4.5142 16.663706 1.470821 17.349937 15.879116 "" "" 1123.68982 1307.19714 4068.78121 3.0308 1568.3 11.671 3527.9 15.218 "" "" 0.0028715631389240833 0.00854804 0.006018173 0.014566213 272.56927716664 -16.43074104156 1212.72656 2.161 -1.195
273.08261895132 -16.91161805847 0.0539 0.0488 25.2471 "" "" 4097523457520095104 1674.76477 0.5988 0.0596 2.026 -0.78 0.063 0.05 0.947 "" "" 16.663721 1.592246 17.406906 15.81466 "" "" 1518.7312 1842.0553 4068.7242 2.7414 1488.2 11.181 3743.6 11.986 "" "" 0.0028507790352239595 0.008621238 0.005134972 0.01375621 273.08261895132 -16.91161805847 1674.76477 2.026 -0.78
273.07129426371 -16.59467216314 0.0694 0.0612 24.0792 "" "" 4145576518013666432 1719.91382 0.5725 0.0739 0.423 -1.25 0.094 0.066 1.067 5291.9 4.6652 16.66416 1.357876 17.271479 15.913603 "" "" 1564.15564 1988.6217 4067.08036 3.0099 1685.9 8.0223 3417.6 9.7671 "" "" 0.00287009141351616 0.0058717243 0.004889965 0.010761689 273.07129426371 -16.59467216314 1719.91382 0.423 -1.2499999999999998
272.52092600413 -17.05704698058 0.0612 0.0521 21.0997 "" "" 4144057710180822272 1698.58215 0.582 0.0648 -3.204 -8.682 0.073 0.057 1.035 5000.9 4.3644 16.664997 1.69236 17.470028 15.777668 "" "" 1506.67163 1929.94128 4063.94796 3.0334 1404.1 12.506 3873.4 16.837 "" "" 0.0028720301108141623 0.0100648785 0.0060462784 0.016111158 272.52092600413 -17.05704698058 1698.58215 -3.2040000000000006 -8.682000000000002
272.9179795603 -16.81803300063 0.0618 0.0552 14.386 "" "" 4145566102694564224 1383.31055 0.7124 0.0644 0.005 -1.88 0.079 0.061 1.006 4481.3 4.3548 16.66573 1.459548 17.335644 15.876096 "" "" 1261.17004 1542.42969 4061.20468 2.6813 1589.1 8.7851 3537.7 13.523 "" "" 0.0028470390693216027 0.006619139 0.0056132404 0.01223238 272.9179795603 -16.81803300063 1383.31055 0.004999999999999994 -1.88
272.69422601168 -16.64508962715 0.0647 0.0533 5.7745 "" "" 4145584553874408448 1666.51733 0.6069 0.0715 -7.0 3.935 0.075 0.055 1.046 4966.8 4.6523 16.666119 1.429508 17.312668 15.88316 "" "" 1507.11597 1910.40222 4059.74897 3.3524 1623.1 10.022 3514.7 13.785 "" "" 0.0028975187984656443 0.007261443 0.0056936275 0.0129550705 272.69422601168 -16.64508962715 1666.51733 -6.999999999999999 3.9349999999999996
272.68591449269 -17.16717071054 0.0623 0.0553 25.6021 "" "" 4096013931130573568 1423.55371 0.6883 0.0643 2.129 -2.119 0.081 0.061 0.971 5187.8 4.6657 16.666342 1.46842 17.34409 15.87567 "" "" 1313.69653 1597.63953 4058.91282 2.9922 1576.8 8.1346 3539.1 9.6245 "" "" 0.002869220103606089 0.006257707 0.0047960165 0.011053723 272.68591449269 -17.16717071054 1423.55371 2.129 -2.119
272.49821045147 -16.82930452581 0.0639 0.0548 11.7752 "" "" 4144080215811793152 1632.10193 0.6157 0.0709 -4.286 -7.812 0.086 0.064 0.978 6012.7 4.4389 16.666561 1.69424 17.409798 15.715558 "" "" 1472.22144 1909.87769 4058.09807 3.544 1484.2 17.828 4101.4 29.745 "" "" 0.0029139070152224902 0.013336835 0.008734225 0.02207106 272.49821045147 -16.82930452581 1632.10193 -4.286 -7.812000000000002
272.39160265943 -16.97814178942 0.058 0.052 21.8968 "" "" 4144070766881617280 1351.3407 0.7375 0.065 4.281 -0.509 0.068 0.052 0.949 5617.0 4.6015 16.667837 1.667848 17.463226 15.795379 "" "" 1232.33594 1474.40222 4053.32583 2.9177 1412.9 9.5939 3810.7 13.613 "" "" 0.002864018225731998 0.007882711 0.005415455 0.013298165 272.39160265943 -16.97814178942 1351.3407 4.281000000000001 -0.509
272.29702583006 -16.55293233592 0.0541 0.0486 24.7765 "" "" 4144137974533394688 1638.74109 0.5741 0.0616 -0.08 -2.175 0.061 0.05 0.961 5073.9 4.2989 16.667854 1.795443 17.539293 15.743851 "" "" 1472.06689 1847.07385 4053.26624 2.8164 1317.3 7.4798 3995.9 9.8242 "" "" 0.0028567358557259623 0.006766954 0.004627008 0.011393962 272.29702583006 -16.55293233592 1638.74109 -0.08000000000000002 -2.175
272.69710425567 -16.6627972316 0.1773 0.1565 4.7527 "" "" 4145584386394173440 1489.72803 0.7648 0.2024 -1.806 -7.326 0.203 0.158 1.671 "" "" 16.66896 5.364536 20.383097 15.01856 "" "" 1187.71863 1940.98462 4049.13712 37.696 95.979 9.541 7793.5 89.003 "" "" 0.01047662246540912 0.10796601 0.012962477 0.12092849 272.69710425567 -16.6627972316 1489.72803 -1.806 -7.326
272.62728528623 -16.65222725109 0.0809 0.0724 6.1303 "" "" 4145586168782106240 1500.83118 0.6438 0.0772 -0.045 -0.008 0.094 0.076 1.027 5573.3 4.602 16.669376 1.711256 17.472368 15.761112 "" "" 1354.22375 1718.42505 4047.58546 3.2671 1401.1 13.816 3932.9 20.539 "" "" 0.0028913362269659504 0.011063855 0.006814232 0.017878087 272.62728528623 -16.65222725109 1500.83118 -0.045 -0.008
272.67331125642 -16.56675198808 0.0679 0.059 10.4339 "" "" 4145588505244525440 1474.67395 0.6635 0.0666 -0.249 2.867 0.086 0.065 0.999 "" "" 16.669735 1.750618 17.513393 15.762775 "" "" 1338.12793 1636.79248 4046.24834 2.9078 1349.1 8.0299 3926.9 8.8945 "" "" 0.0028636666205475204 0.0070389616 0.004509041 0.011548003 272.67331125642 -16.56675198808 1474.67395 -0.249 2.867
272.51406831003 -16.65711349299 0.067 0.0609 10.82 "" "" 4145586654117039104 1385.32861 0.6943 0.0671 -1.351 -5.076 0.082 0.065 1.099 5158.5 4.6777 16.669836 1.372118 17.270489 15.898371 "" "" 1258.22827 1553.13123 4045.8735 3.7704 1687.4 8.2403 3465.9 11.972 "" "" 0.0029352259175878096 0.0059914514 0.0053243833 0.011315835 272.51406831003 -16.65711349299 1385.32861 -1.351 -5.076
273.11797288734 -16.71952424381 0.0684 0.0598 25.1397 "" "" 4097536106209914880 1436.46814 0.6704 0.0758 1.799 -0.639 0.086 0.061 1.002 "" "" 16.670174 2.049341 17.686657 15.637316 "" "" 1268.85571 1608.72839 4044.61442 3.7913 1150.1 14.319 4407.9 16.733 "" "" 0.0029372737237058706 0.013802611 0.0055920803 0.019394692 273.11797288734 -16.71952424381 1436.46814 1.7989999999999997 -0.639
272.98000499314 -16.41678111286 0.0684 0.0672 25.9399 "" "" 4145617509182925056 1303.12402 0.7762 0.0851 2.019 -2.746 0.077 0.07 1.088 5099.0 4.7158 16.671146 1.467679 17.325836 15.858157 "" "" 1164.21143 1491.84082 4040.99083 4.4817 1603.5 13.397 3596.6 15.355 "" "" 0.0030069514935561694 0.009490576 0.0059808143 0.0154713895 272.98000499314 -16.41678111286 1303.12402 2.0189999999999997 -2.7459999999999996
272.93417214924 -16.95810918713 0.0597 0.0512 19.5405 "" "" 4097524458258507648 1611.97546 0.6296 0.0654 -2.967 -1.899 0.072 0.054 1.004 5203.9 4.7024 16.671167 1.346147 17.274517 15.92837 "" "" 1457.4397 1830.58936 4040.91736 2.8329 1681.2 9.1905 3371.4 11.242 "" "" 0.0028585228653496973 0.0065584346 0.0052336496 0.011792084 272.93417214924 -16.95810918713 1611.97546 -2.9669999999999996 -1.8989999999999998
272.47808544449 -16.54030622984 0.0563 0.0489 16.7437 "" "" 4145635616766442368 1744.8634 0.5586 0.062 1.404 -1.474 0.071 0.053 0.984 5145.7 4.3926 16.671345 1.624112 17.432432 15.80832 "" "" 1578.08679 1998.14343 4040.25664 2.835 1453.6 11.321 3765.6 11.567 "" "" 0.0028587063529250663 0.008904423 0.0050405078 0.01394493 272.47808544449 -16.54030622984 1744.8634 1.404 -1.474
272.36657922472 -16.71012670335 0.059 0.0512 18.1592 "" "" 4144131961578853888 1410.43396 0.7157 0.0687 0.609 -5.341 0.078 0.057 0.971 4495.8 4.4057 16.672152 1.602915 17.413176 15.810261 "" "" 1268.77405 1609.07715 4037.25575 3.9774 1479.6 9.9837 3758.8 10.443 "" "" 0.0029556585472931473 0.007839417 0.004835584 0.012675001 272.36657922472 -16.71012670335 1410.43396 0.6089999999999999 -5.341000000000001
273.04184254541 -16.90595017146 0.0541 0.0471 22.9786 "" "" 4097526382404049408 1565.81323 0.6184 0.0591 4.162 0.188 0.068 0.051 1.046 "" "" 16.672386 1.605508 17.428972 15.823464 "" "" 1425.55823 1777.68518 4036.37986 2.6717 1458.2 11.558 3713.4 11.562 "" "" 0.0028474994772985317 0.009046788 0.0050706756 0.014117464 273.04184254541 -16.90595017146 1565.81323 4.161999999999999 0.188
272.92842399707 -16.54642839088 0.1337 0.1138 18.3815 "" "" 4145580435002920448 1468.5625 0.73 0.145 -1.044 -0.939 0.164 0.142 1.104 "" "" 16.673443 2.094303 17.295866 15.201563 "" "" 1179.5614 2025.05688 4032.45327 10.981 1648.4 81.631 6584.7 304.37 "" "" 0.004041465787199048 0.053839467 0.050328977 0.104168445 272.92842399707 -16.54642839088 1468.5625 -1.0439999999999998 -0.9390000000000001
272.44734116098 -16.65217546239 0.0569 0.0501 14.4366 "" "" 4144132614412979200 1712.00244 0.5354 0.061 -0.722 -2.452 0.072 0.055 0.931 9703.3 3.8939 16.67422 2.764168 18.216366 15.452198 "" "" 1561.86157 1926.41455 4029.57233 3.0225 706.11 9.3959 5227.3 14.176 "" "" 0.0028731547393050453 0.014714383 0.0047909673 0.01950535 272.44734116098 -16.65217546239 1712.00244 -0.722 -2.4519999999999995
272.84882547874 -16.71172457939 0.0562 0.0482 9.7964 "" "" 4145571016154416000 1714.57947 0.5813 0.0632 -1.918 -4.621 0.069 0.055 1.003 9479.6 4.4596 16.67425 1.702626 17.456467 15.75384 "" "" 1518.28625 1915.21777 4029.46122 3.7167 1421.8 14.491 3959.3 21.544 "" "" 0.0029316748063503086 0.011412174 0.007013335 0.01842551 272.84882547874 -16.71172457939 1714.57947 -1.918 -4.621
272.82834675172 -16.97543134762 0.058 0.0521 16.4403 "" "" 4096023762318623488 1235.06921 0.8172 0.0606 -0.919 -1.156 0.077 0.061 0.977 4868.9 4.6488 16.674726 1.420419 17.325945 15.905526 "" "" 1135.16724 1331.29932 4027.68864 3.1964 1603.4 7.4075 3443.1 14.72 "" "" 0.00288690586672747 0.0057397652 0.0059857867 0.011725552 272.82834675172 -16.97543134762 1235.06921 -0.9189999999999999 -1.156
273.01630821217 -16.8826753961 0.0742 0.0649 21.0631 "" "" 4097526657281960960 1520.6554 0.6563 0.0816 2.184 3.46 0.093 0.069 1.281 5838.7 4.5275 16.675066 1.57915 17.381247 15.802096 "" "" 1332.94775 1733.09607 4026.42976 8.1852 1523.8 9.5351 3787.2 12.386 "" "" 0.0035303451588858726 0.007344566 0.005185802 0.012530368 273.01630821217 -16.8826753961 1520.6554 2.1840000000000006 3.4600000000000004
273.03890529653 -16.46680918026 0.0628 0.0612 26.3273 "" "" 4145604589921252224 1594.15955 0.626 0.082 -3.262 -5.804 0.076 0.069 0.891 5006.6 4.6947 16.675556 1.38035 17.306177 15.925827 "" "" 1415.3761 1815.58716 4024.61181 3.0783 1632.8 12.066 3379.3 11.922 "" "" 0.0028777472847574988 0.008494637 0.005381065 0.013875702 273.03890529653 -16.46680918026 1594.15955 -3.262 -5.804
273.01309453507 -16.81802687742 0.0818 0.0674 19.6359 "" "" 4097533769747700224 1526.27234 0.6578 0.0803 0.91 -2.432 0.092 0.066 1.054 6068.6 4.4842 16.675762 1.760016 17.47054 15.710523 "" "" 1342.91846 1756.9552 4023.85256 3.484 1403.5 17.714 4120.5 63.007 "" "" 0.002911274949060081 0.013984577 0.017026851 0.031011429 273.01309453507 -16.81802687742 1526.27234 0.91 -2.432
272.61453739897 -16.52603169641 0.0698 0.0598 13.4232 "" "" 4145589677794216320 1646.99097 0.6182 0.0741 2.783 -5.271 0.088 0.068 1.276 5155.8 3.8252 16.676455 1.509889 17.362495 15.852607 "" "" 1462.92358 1948.48315 4021.28688 4.7313 1550.3 7.1042 3615.1 16.165 "" "" 0.0030370440240366876 0.005704311 0.006152538 0.011856849 272.61453739897 -16.52603169641 1646.99097 2.783 -5.270999999999999
272.34150840536 -16.98247001374 0.0756 0.0653 24.3066 "" "" 4144071458394942720 1197.5022 0.8147 0.068 -1.377 4.062 0.098 0.072 0.929 5072.6 4.6772 16.676842 1.390343 17.314169 15.923826 "" "" 1111.92737 1326.03247 4019.85022 3.3312 1620.9 16.001 3385.5 14.08 "" "" 0.0028985020869851234 0.011075257 0.0058884043 0.01696366 272.34150840536 -16.98247001374 1197.5022 -1.377 4.062
272.31246462002 -16.82401338768 0.0622 0.0555 21.7557 "" "" 4144082487870401280 1260.56616 0.7736 0.0641 2.526 -3.27 0.076 0.06 1.027 5234.4 3.9666 16.677706 1.450925 17.340631 15.889707 "" "" 1154.58545 1391.81018 4016.65415 3.0444 1581.8 9.3487 3493.6 10.383 "" "" 0.002875586735421468 0.006997242 0.004969513 0.011966756 272.31246462002 -16.82401338768 1260.56616 2.526 -3.27
272.90438837701 -16.67221785268 0.0616 0.0537 13.475 "" "" 4145577063451386752 1594.23608 0.6133 0.0764 0.906 3.208 0.076 0.059 1.031 9081.2 4.4684 16.678486 1.762615 17.522503 15.759888 "" "" 1419.4823 1830.61584 4013.77031 3.2165 1337.9 13.995 3937.3 14.527 "" "" 0.002889431649478007 0.011694972 0.0055073663 0.017202338 272.90438837701 -16.67221785268 1594.23608 0.9059999999999999 3.208
272.77041661138 -16.75705205315 0.0629 0.0565 5.2322 "" "" 4145571157894642560 1383.55237 0.72 0.0751 -1.408 -2.288 0.075 0.058 0.923 "" "" 16.679068 1.439702 17.317177 15.877475 "" "" 1253.85327 1561.73059 4011.62162 3.4156 1616.4 10.611 3533.2 22.192 "" "" 0.002906260433402487 0.0076540853 0.0077967495 0.015450835 272.77041661138 -16.75705205315 1383.55237 -1.408 -2.2880000000000003
272.90027164527 -16.35593329131 0.072 0.0641 26.295 "" "" 4145621048236037376 1684.24915 0.5876 0.0846 -1.37 -1.922 0.091 0.063 1.027 "" "" 16.67943 2.364314 17.93374 15.569427 "" "" 1459.54382 2015.50745 4010.27852 3.4554 916.05 10.709 4692.3 12.979 "" "" 0.0029098053186850906 0.012995756 0.004827292 0.017823048 272.90027164527 -16.35593329131 1684.24915 -1.37 -1.9220000000000002
273.09232737528 -16.79871978696 0.0579 0.0496 23.8865 "" "" 4097533288711289344 1310.172 0.7712 0.0643 -0.851 -3.549 0.072 0.053 1.002 5321.1 4.6307 16.680279 1.594596 17.433254 15.838658 "" "" 1204.77539 1441.77588 4007.14524 3.3144 1452.5 9.3331 3661.8 12.992 "" "" 0.0028979750703076014 0.0075137084 0.0053965687 0.012910277 273.09232737528 -16.79871978696 1310.172 -0.851 -3.549
272.67023644966 -16.4154821367 0.0577 0.0495 19.5106 "" "" 4145643485146462592 1403.56506 0.6951 0.0641 4.141 3.711 0.078 0.057 0.984 4950.1 4.6646 16.680847 1.296339 17.23544 15.9391 "" "" 1295.37537 1524.89233 4005.04932 2.9045 1742.8 13.471 3338.2 8.7333 "" "" 0.0028656179857118698 0.008843886 0.00472779 0.013571676 272.67023644966 -16.4154821367 1403.56506 4.141 3.7109999999999994
272.54263885477 -16.77431841122 0.074 0.066 8.2045 "" "" 4144080868659193344 1510.12927 0.6609 0.0735 -0.322 -0.474 0.089 0.069 1.156 "" "" 16.682348 1.608153 17.336569 15.728416 "" "" 1364.82178 1667.99182 3999.5142 4.3991 1587.8 17.253 4053.1 63.844 "" "" 0.00300298652933003 0.012123039 0.017515017 0.029638056 272.54263885477 -16.77431841122 1510.12927 -0.32199999999999995 -0.47400000000000003
273.06002138902 -16.67211784755 0.0671 0.0603 22.164 "" "" 4145574834386385920 1710.50537 0.5745 0.0732 -7.718 -12.818 0.083 0.065 1.003 4916.3 4.3049 16.682686 1.742509 17.515398 15.772889 "" "" 1531.07092 1912.68005 3998.27324 3.3104 1346.7 16.522 3890.5 10.393 "" "" 0.002898256101930298 0.013609449 0.0047640447 0.018373493 273.06002138902 -16.67211784755 1710.50537 -7.717999999999999 -12.818000000000001
272.45171358599 -16.92731649252 0.0591 0.0511 17.293 "" "" 4144077024672421120 1577.15723 0.6301 0.0652 -0.43 -1.955 0.071 0.053 1.014 8082.8 4.3629 16.68277 1.778988 17.510406 15.731419 "" "" 1422.70325 1730.77649 3997.96428 3.2744 1352.9 17.724 4041.9 15.795 "" "" 0.0028952599902095253 0.014495032 0.0056820386 0.02017707 272.45171358599 -16.92731649252 1577.15723 -0.43 -1.9549999999999998
272.54032692022 -16.86291767629 0.0566 0.0509 10.9201 "" "" 4144079189335931136 1322.0835 0.7426 0.0654 -2.235 0.993 0.066 0.052 1.021 5273.0 4.6689 16.684462 1.364497 17.286055 15.921557 "" "" 1215.50427 1484.22876 3991.73754 2.8462 1663.4 5.7771 3392.6 18.675 "" "" 0.0028620106226553577 0.004690868 0.0070712906 0.011762159 272.54032692022 -16.86291767629 1322.0835 -2.2349999999999994 0.9929999999999998
272.54351884122 -16.74913007252 0.0643 0.0575 7.9165 "" "" 4144081182200515840 1427.82593 0.6879 0.0638 -1.728 -8.756 0.077 0.06 0.981 5489.1 4.0272 16.684574 1.455364 17.343658 15.888294 "" "" 1309.68433 1574.89868 3991.32328 3.0409 1577.4 8.0434 3498.2 14.074 "" "" 0.0028768117920898923 0.0061996793 0.0057761953 0.011975875 272.54351884122 -16.74913007252 1427.82593 -1.7280000000000004 -8.756
