Clusters/NGC_6561/NGC_6561_stars_in_region.tsv
# %ECSV 1.0
# ---
# datatype:
# - name: RA_ICRS_1
#   unit: deg
#   datatype: float64
#   format: '{:15.11f}'
#   description: Right ascension (ICRS) at Ep=2016.0 (ra)
#   meta: !!omap
#   - {ucd: POS_EQ_RA_MAIN}
#   - {width: 15}
#   - {precision: '11'}
# - name: DE_ICRS_1
#   unit: deg
#   datatype: float64
#   format: '{:15.11f}'
#   description: Declination (ICRS) at Ep=2016.0 (dec)
#   meta: !!omap
#   - {ucd: POS_EQ_DEC_MAIN}
#   - {width: 15}
#   - {precision: '11'}
# - name: e_RA_ICRS
#   unit: mas
#   datatype: float64
#   format: '{:7.4f}'
#   description: Standard error of right ascension (ra_error)
#   meta: !!omap
#   - {ucd: ERROR}
#   - {width: 7}
#   - {precision: '4'}
# - name: e_DE_ICRS
#   unit: mas
#   datatype: float64
#   format: '{:7.4f}'
#   description: Standard error of declination (dec_error)
#   meta: !!omap
#   - {ucd: ERROR}
#   - {width: 7}
#   - {precision: '4'}
# - name: _r_1
#   unit: ''
#   datatype: float64
#   format: '{:7.4f}'
#   description: Distance from center (272.68100704000-16.74049436000)[ICRS], at Epoch=J2016.0
#   meta: !!omap
#   - {ucd: POS_ANG_DIST_GENERAL}
#   - {width: 7}
#   - {precision: '4'}
# - name: HIP
#   datatype: int32
#   description: '? HIP cross-id number, van Leeuwen, Cat. I/311 (hip_original_ext_source_id)'
#   meta: !!omap
#   - {ucd: ID_NUMBER}
#   - {width: 6}
#   - values: {'null': -2147483648}
# - name: TYC2
#   datatype: string
#   description: Tycho-2 cross-id name, Hog et al., Cat. I/259 (tyc2_original_ext_source_id)
#   meta: !!omap
#   - {ucd: ID_CROSSID}
#   - {_votable_string_dtype: char}
# - name: Source
#   datatype: int64
#   description: Source identifier, identical to the Gaia-EDR3 source_id (id)
#   meta: !!omap
#   - {ucd: ID_MAIN}
#   - {width: 19}
# - name: rgeo
#   unit: pc
#   datatype: float64
#   format: '{:15.8f}'
#   description: '? Median of the geometric distance posterior (r_med_geo)'
#   meta: !!omap
#   - {ucd: PHYS_DISTANCE_TRUE}
#   - {width: 15}
#   - {precision: '8'}
#   - values: {'null': .nan}
# - name: Plx
#   unit: mas
#   datatype: float64
#   format: '{:9.4f}'
#   description: '? Parallax (parallax)'
#   meta: !!omap
#   - {ucd: POS_PARLX_TRIG}
#   - {width: 9}
#   - {precision: '4'}
#   - values: {'null': .nan}
# - name: e_Plx
#   unit: mas
#   datatype: float32
#   format: '{:7.4f}'
#   description: '? Standard error of parallax (parallax_error)'
#   meta: !!omap
#   - {ucd: ERROR}
#   - {width: 7}
#   - {precision: '4'}
#   - values: {'null': .nan}
# - name: pmRA
#   unit: mas / yr
#   datatype: float64
#   format: '{:9.3f}'
#   description: '? Proper motion in right ascension direction, pmRA*cosDE (pmra)'
#   meta: !!omap
#   - {ucd: POS_EQ_PMRA}
#   - {width: 9}
#   - {precision: '3'}
#   - values: {'null': .nan}
# - name: pmDE
#   unit: mas / yr
#   datatype: float64
#   format: '{:9.3f}'
#   description: '? Proper motion in declination direction (pmdec)'
#   meta: !!omap
#   - {ucd: POS_EQ_PMDEC}
#   - {width: 9}
#   - {precision: '3'}
#   - values: {'null': .nan}
# - name: e_pmRA
#   unit: mas / yr
#   datatype: float32
#   format: '{:6.3f}'
#   description: '? Standard error of proper motion in right ascension direction (pmra_error)'
#   meta: !!omap
#   - {ucd: ERROR}
#   - {width: 6}
#   - {precision: '3'}
#   - values: {'null': .nan}
# - name: e_pmDE
[...]
#         unit: &id001 !astropy.units.Unit {unit: deg}
#         value: !astropy.table.SerializedColumn {name: SkyCoord.dec}
#       distance: !astropy.table.SerializedColumn
#         __class__: astropy.coordinates.distances.Distance
#         unit: !astropy.units.Unit {unit: pc}
#         value: !astropy.table.SerializedColumn {name: SkyCoord.distance}
#       frame: icrs
#       obstime: !astropy.time.Time {format: jyear_str, in_subfmt: '*', jd1: 367701545.0, jd2: 0.0, out_subfmt: '*', precision: 3, scale: tt}
#       pm_dec: !astropy.table.SerializedColumn
#         __class__: astropy.units.quantity.Quantity
#         unit: !astropy.units.Unit {unit: mas / yr}
#         value: !astropy.table.SerializedColumn {name: SkyCoord.pm_dec}
#       pm_ra_cosdec: !astropy.table.SerializedColumn
#         __class__: astropy.units.quantity.Quantity
#         unit: !astropy.units.Unit {unit: mas / yr}
#         value: !astropy.table.SerializedColumn {name: SkyCoord.pm_ra_cosdec}
#       ra: !astropy.table.SerializedColumn
#         __class__: astropy.coordinates.angles.Longitude
#         unit: *id001
#         value: !astropy.table.SerializedColumn {name: SkyCoord.ra}
#         wrap_angle: !astropy.coordinates.Angle
#           unit: *id001
#           value: 360.0
#       representation_type: spherical
# schema: astropy-2.0
RA_ICRS_1 DE_ICRS_1 e_RA_ICRS e_DE_ICRS _r_1 HIP TYC2 Source rgeo Plx e_Plx pmRA pmDE e_pmRA e_pmDE RUWE Teff logg Gmag BP-RP BPmag RPmag RV e_RV b_rgeo B_rgeo FG e_FG FBP e_FBP FRP e_FRP RAVE5 RAVE6 e_Gmag e_BPmag e_RPmag e_BP-RP SkyCoord.ra SkyCoord.dec SkyCoord.distance SkyCoord.pm_ra_cosdec SkyCoord.pm_dec
[from data line 2629]
272.93488691846 -17.02998676381 0.0543 0.05 22.6752 "" "" 4097520609967709696 1597.17749 0.6027 0.0627 -1.977 1.142 0.069 0.052 0.96 6125.2 4.1207 16.529997 2.136805 17.515455 15.37865 "" "" 1479.95776 1749.91174 4602.01276 3.6876 1346.6 11.777 5593.7 43.764 "" "" 0.0028894104756609987 0.009897001 0.009297402 0.019194402 272.93488691846 -17.02998676381 1597.17749 -1.977 1.142
272.79741466394 -16.28429695413 0.0553 0.0492 28.1791 "" "" 4145669392378240256 1700.85205 0.5642 0.0635 -0.534 -2.999 0.073 0.055 0.91 4949.9 4.2521 16.530361 1.939233 17.408695 15.469462 "" "" 1542.39062 1889.01611 4600.47373 4.3727 1485.7 22.217 5144.9 61.49 "" "" 0.0029422394393061276 0.016473984 0.013515504 0.029989488 272.79741466394 -16.28429695413 1700.85205 -0.534 -2.999
272.6031434418 -16.59732081846 0.0698 0.0574 9.6863 "" "" 4145588750081192192 1617.72644 0.6074 0.0756 -4.321 -2.593 0.087 0.067 1.025 "" "" 16.53401 1.751616 17.344599 15.592982 "" "" 1451.48376 1828.60767 4585.03689 3.8802 1576.1 7.9777 4591.6 23.999 "" "" 0.0029044861132236253 0.0061633675 0.0068181744 0.012981541 272.6031434418 -16.59732081846 1617.72644 -4.321 -2.593
272.65530497936 -17.17423604782 0.0604 0.0537 26.0663 "" "" 4096014553908339200 1465.37036 0.667 0.0603 0.683 -1.994 0.083 0.06 0.914 5079.0 4.273 16.5348 1.802995 17.404997 15.602002 "" "" 1309.5022 1649.21985 4581.70625 8.1827 1490.8 23.875 4553.6 28.57 "" "" 0.0033692410960101376 0.017610388 0.0077902596 0.025400648 272.65530497936 -17.17423604782 1465.37036 0.683 -1.9940000000000002
272.75182904551 -16.92505609309 0.0547 0.0489 11.797 "" "" 4144063315136441216 1591.3595 0.6088 0.0601 2.203 2.856 0.071 0.053 0.94 "" "" 16.535288 1.487606 17.21952 15.731915 "" "" 1449.21973 1773.55725 4579.64236 2.9549 1768.5 15.491 4040.1 10.096 "" "" 0.0028429828564144007 0.009911242 0.004652437 0.014563679 272.75182904551 -16.92505609309 1591.3595 2.2030000000000003 2.856
272.69703995001 -16.97839336807 0.0566 0.0499 14.3036 "" "" 4144062662301411584 1201.2356 0.8057 0.0607 0.66 -2.123 0.072 0.055 1.06 4832.6 4.4999 16.535326 1.352662 17.14092 15.788259 "" "" 1116.44592 1312.44873 4579.48537 2.9099 1901.3 8.5383 3835.8 9.1928 "" "" 0.0028403785634430237 0.005617685 0.004588508 0.010206193 272.69703995001 -16.97839336807 1201.2356 0.6600000000000001 -2.123
272.39483721378 -16.60196813549 0.0517 0.0451 18.4292 "" "" 4144133786963138816 1194.36804 0.8087 0.0547 -0.394 -3.896 0.065 0.051 0.999 5023.9 4.6545 16.535934 1.329762 17.136635 15.806873 "" "" 1121.41748 1269.33167 4576.91759 3.7889 1908.8 9.5804 3770.6 7.797 "" "" 0.0028982124870720305 0.0061221602 0.004395945 0.010518106 272.39483721378 -16.60196813549 1194.36804 -0.3940000000000001 -3.8960000000000004
272.32915171456 -16.775373966 0.0542 0.0474 20.3228 "" "" 4144082930232001536 1646.58105 0.5862 0.0563 1.03 0.605 0.07 0.054 0.981 "" "" 16.536713 2.026826 17.542044 15.515218 "" "" 1494.05042 1797.13 4573.63298 3.5987 1314.0 11.175 4932.5 14.282 "" "" 0.0028847204270716774 0.009646064 0.004915975 0.014562039 272.32915171456 -16.775373966 1646.58105 1.03 0.6049999999999999
272.57294687707 -16.49699066754 0.0897 0.0779 15.8763 "" "" 4145636853716964736 1713.83643 0.5571 0.0964 -0.623 -2.296 0.116 0.087 1.015 3718.7 1.0792 16.539368 5.675056 20.625349 14.950294 "" "" 1450.00842 2050.7395 4562.47016 5.4859 76.785 8.2437 8299.3 23.276 "" "" 0.0030489477534284327 0.1165989 0.0048534437 0.12145234 272.57294687707 -16.49699066754 1713.83643 -0.6230000000000001 -2.296
273.14273595802 -16.68993732128 0.0555 0.0497 26.706 "" "" 4097536518526785920 1700.55383 0.5744 0.0599 -1.137 -4.432 0.074 0.055 0.974 5341.3 4.585 16.54065 1.438089 17.185925 15.747835 "" "" 1565.65173 1879.22705 4557.08085 3.1883 1824.1 10.233 3981.3 13.495 "" "" 0.002858113515894376 0.0066995244 0.005275192 0.011974717 273.14273595802 -16.68993732128 1700.55383 -1.1369999999999998 -4.432000000000001
273.13051249428 -16.65347588349 0.0587 0.0531 26.3555 "" "" 4145575212343439104 1711.3877 0.5795 0.0679 -1.355 0.703 0.079 0.055 0.909 5256.6 4.5871 16.541346 1.320072 17.12873 15.808659 "" "" 1560.42029 1912.97803 4554.16408 3.4319 1922.8 13.065 3764.4 17.263 "" "" 0.002874232453396729 0.00788734 0.006250958 0.014138298 273.13051249428 -16.65347588349 1711.3877 -1.355 0.703
272.73355061884 -16.53527345062 0.066 0.0578 12.6783 "" "" 4145594453797664512 1597.24768 0.6345 0.0752 1.169 -2.574 0.083 0.061 1.038 5271.4 4.6529 16.542439 1.477656 17.225704 15.748048 "" "" 1425.86499 1795.59827 4549.58214 3.4018 1758.5 10.281 3980.5 11.834 "" "" 0.0028724286929923543 0.006933867 0.0049702087 0.011904076 272.73355061884 -16.53527345062 1597.24768 1.169 -2.574
272.55727451237 -16.79823756089 0.0644 0.0566 7.9076 "" "" 4144080013969389056 1718.27148 0.5713 0.0683 2.696 -0.231 0.081 0.061 0.99 5302.4 4.3624 16.542892 1.709157 17.237011 15.527854 "" "" 1532.45288 1921.34912 4547.67524 3.7104 1740.3 10.535 4875.5 34.035 "" "" 0.002894218886619686 0.0071402816 0.008469355 0.015609637 272.55727451237 -16.79823756089 1718.27148 2.696 -0.23099999999999998
272.59460103032 -17.16643008623 0.0555 0.0499 26.0328 "" "" 4096014480886387712 1327.32239 0.727 0.0574 -6.294 -3.837 0.074 0.058 0.969 5013.3 4.6455 16.543062 1.479199 17.21022 15.731021 "" "" 1233.25513 1434.69507 4546.96727 3.7578 1783.7 7.3498 4043.4 16.815 "" "" 0.0028977458560062825 0.005272577 0.0058881682 0.011160745 272.59460103032 -17.16643008623 1327.32239 -6.294 -3.8370000000000006
272.68403698249 -16.67170475121 0.0553 0.0509 4.131 "" "" 4145584352034438656 1200.51099 0.8133 0.0704 -9.128 -15.406 0.067 0.051 1.057 4791.8 4.4896 16.54322 1.352762 17.149408 15.796646 "" "" 1097.22998 1302.65723 4546.30161 3.3231 1886.5 10.325 3806.3 10.853 "" "" 0.002867335524092049 0.00656479 0.00488545 0.01145024 272.68403698249 -16.67170475121 1200.51099 -9.127999999999998 -15.406
272.50103211043 -16.71392900935 0.0639 0.0569 10.4637 "" "" 4144084480735424640 1715.55212 0.5712 0.0608 -0.703 -3.601 0.076 0.06 1.055 5467.6 4.6162 16.543571 1.452912 17.211357 15.758445 "" "" 1548.06921 1948.79919 4544.83462 3.0065 1781.9 7.247 3942.6 16.67 "" "" 0.0028473940662682787 0.0052233534 0.0059462665 0.01116962 272.50103211043 -16.71392900935 1715.55212 -0.703 -3.6009999999999995
272.65489605868 -16.79650006758 0.0618 0.0587 3.6799 "" "" 4145569336828610944 1398.78174 0.715 0.0683 2.462 2.559 0.067 0.057 1.051 5395.6 4.6738 16.544268 1.378505 17.141994 15.76349 "" "" 1288.43713 1555.25366 4541.92519 3.7253 1899.4 17.828 3924.3 13.651 "" "" 0.0028956557537653587 0.010565912 0.0053430437 0.015908957 272.65489605868 -16.79650006758 1398.78174 2.462 2.559
272.63517693437 -16.53236013899 0.0584 0.0521 12.763 "" "" 4145589402916273792 1374.83362 0.7193 0.0586 -2.449 -12.748 0.076 0.06 0.971 5307.1 4.6148 16.544971 1.495837 17.229914 15.734077 "" "" 1260.09729 1488.66309 4538.97913 2.888 1751.7 15.004 4032.1 13.199 "" "" 0.0028406017272255375 0.009709301 0.0051880255 0.014897327 272.63517693437 -16.53236013899 1374.83362 -2.449 -12.748000000000001
273.07070983114 -16.52038223373 0.0649 0.0546 26.0069 "" "" 4145603451735800192 1600.68555 0.6164 0.0734 0.445 -2.466 0.086 0.058 0.927 5480.5 4.6566 16.545816 1.461417 17.200619 15.739202 "" "" 1445.76721 1806.24585 4535.4504 3.5736 1799.6 14.568 4013.1 14.586 "" "" 0.0028850711091249538 0.009221426 0.005464094 0.014685521 273.07070983114 -16.52038223373 1600.68555 0.445 -2.466
272.82011480725 -16.70939046382 0.0572 0.0506 8.2084 "" "" 4145571742010198656 1496.9104 0.6591 0.0657 0.938 -1.973 0.065 0.05 0.983 "" "" 16.547281 1.882855 17.480555 15.5977 "" "" 1350.42395 1651.64819 4529.33033 7.2345 1390.6 11.595 4571.7 23.911 "" "" 0.00325564650215092 0.009473224 0.0068213395 0.016294563 272.82011480725 -16.70939046382 1496.9104 0.938 -1.9729999999999999
272.79667720503 -16.87534814252 0.0642 0.0567 10.4693 "" "" 4145564732623357952 1398.39819 0.7072 0.0675 1.12 -3.364 0.081 0.063 1.253 5074.6 4.6242 16.547451 1.4468 17.193222 15.746422 "" "" 1286.56213 1530.28552 4528.62496 5.0126 1811.9 8.4297 3986.5 13.245 "" "" 0.0030060003362613074 0.005770664 0.0052246028 0.010995267 272.79667720503 -16.87534814252 1398.39819 1.12 -3.364
272.98376546904 -16.58665208404 0.0773 0.0686 19.6991 "" "" 4145579335512340608 1748.03357 0.5727 0.0822 0.412 -0.285 0.095 0.071 1.147 5512.3 4.6176 16.549088 1.562182 17.27491 15.712728 "" "" 1528.0907 2034.64856 4521.80361 3.9182 1680.6 14.327 4112.1 11.452 "" "" 0.0029115119327839836 0.009667232 0.0048401062 0.014507338 272.98376546904 -16.58665208404 1748.03357 0.4119999999999999 -0.2849999999999999
272.58183620775 -17.20481472762 0.1226 0.1084 28.4346 "" "" 4096014038512278400 1375.55823 0.7505 0.1263 -1.648 0.307 0.171 0.129 2.409 4922.7 4.8041 16.549376 1.326706 17.05818 15.731474 "" "" 1203.31409 1599.61597 4520.60423 5.9792 2051.8 10.792 4041.7 37.621 "" "" 0.003107095380340645 0.0063558966 0.010789822 0.01714572 272.58183620775 -17.20481472762 1375.55823 -1.6480000000000001 0.307
272.97315691183 -16.48082156388 0.0596 0.0598 22.9108 "" "" 4145592834580502144 1600.87524 0.6136 0.0786 -0.569 1.313 0.07 0.059 0.965 5603.3 4.5908 16.549936 1.661836 17.324396 15.66256 "" "" 1430.28882 1866.31055 4518.27394 3.8499 1605.7 16.084 4306.6 11.679 "" "" 0.0029064839019314983 0.011227828 0.004790946 0.016018774 272.97315691183 -16.48082156388 1600.87524 -0.5689999999999998 1.313
272.55584950906 -17.11739573872 0.1114 0.0972 23.7278 "" "" 4144053625690452096 1744.09668 0.5428 0.1156 -10.66 -4.352 0.149 0.113 0.969 3565.8 0.538 16.55054 5.469412 20.398315 14.928904 "" "" 1444.76062 2051.72559 4515.75667 6.4515 94.644 10.737 8464.4 30.798 "" "" 0.003161939775085494 0.123204224 0.0054671816 0.12867141 272.55584950906 -17.11739573872 1744.09668 -10.66 -4.352
273.02646223855 -16.67285482881 0.0559 0.0494 20.263 "" "" 4145575555940934272 1327.99756 0.7351 0.0626 -0.459 -21.771 0.079 0.061 0.987 5469.4 4.6806 16.550753 1.469868 17.187975 15.718107 "" "" 1234.62976 1435.0094 4514.87649 3.0655 1820.7 14.847 4091.8 30.854 "" "" 0.0028522340933021897 0.009282941 0.009017186 0.018300127 273.02646223855 -16.67285482881 1327.99756 -0.45900000000000013 -21.771
272.8571627071 -16.77607672677 0.057 0.05 10.3432 "" "" 4145567275244065920 1441.51331 0.6784 0.0591 0.758 -2.019 0.077 0.06 1.051 "" "" 16.552275 1.762972 17.409695 15.646723 "" "" 1331.25037 1595.5022 4508.55228 3.087 1484.4 9.0666 4369.9 13.022 "" "" 0.002853845851354024 0.007194655 0.0049751042 0.01216976 272.8571627071 -16.77607672677 1441.51331 0.758 -2.019
272.9155784891 -16.9734905287 0.0576 0.0547 19.4129 "" "" 4097524045941648768 1534.39514 0.6398 0.0664 0.882 -2.957 0.07 0.053 0.951 5090.1 4.6249 16.552402 1.418911 17.197905 15.778994 "" "" 1391.21423 1686.27808 4508.01662 3.5562 1804.1 14.066 3868.7 9.5698 "" "" 0.002885372344616351 0.00891312 0.004636471 0.013549591 272.9155784891 -16.9734905287 1534.39514 0.8820000000000002 -2.9570000000000003
272.8468768636 -16.87814545717 0.0608 0.0535 12.6085 "" "" 4145564316005402368 1699.33398 0.5738 0.0649 -1.159 -2.15 0.08 0.066 1.066 5941.0 4.5711 16.55328 1.573969 17.228426 15.654457 "" "" 1528.31409 1971.02368 4504.38011 3.6001 1754.1 17.629 4338.9 34.041 "" "" 0.002888738731923241 0.011262908 0.009318969 0.020581877 272.8468768636 -16.87814545717 1699.33398 -1.1589999999999998 -2.15
272.33846387157 -16.53755289907 0.0508 0.0452 23.1526 "" "" 4144137356058125952 1389.41321 0.7 0.0581 -1.189 4.418 0.06 0.048 1.038 4796.7 4.3823 16.55329 1.472648 17.234543 15.761895 "" "" 1273.22168 1550.29321 4504.33775 2.7578 1744.2 8.4197 3930.1 11.66 "" "" 0.0028343742694864325 0.005937546 0.0049658767 0.010903423 272.33846387157 -16.53755289907 1389.41321 -1.1889999999999998 4.418
272.38850101739 -16.41072814924 0.0526 0.0467 25.9698 "" "" 4145641870239064320 1570.1239 0.6317 0.0603 -6.341 -1.278 0.061 0.049 0.996 4752.6 4.3135 16.553583 1.591829 17.288212 15.696383 "" "" 1438.6261 1787.26685 4503.12323 3.1741 1660.1 9.6232 4174.5 12.335 "" "" 0.0028596278961573315 0.0068845013 0.0049574347 0.011841936 272.38850101739 -16.41072814924 1570.1239 -6.341000000000001 -1.278
272.23426095242 -16.64265686922 0.0614 0.0557 26.3379 "" "" 4144134955194424448 1484.83276 0.6525 0.0713 1.639 -4.139 0.069 0.052 0.994 6930.5 4.2823 16.554106 2.222888 17.69057 15.467683 "" "" 1318.43774 1669.24329 4500.94884 3.0055 1146.0 7.324 5153.3 19.837 "" "" 0.0028491072044135603 0.0074788234 0.005634819 0.013113642 272.23426095242 -16.64265686922 1484.83276 1.639 -4.139
272.69056970539 -16.7342978112 0.0592 0.0548 0.6634 "" "" 4145581706334466688 1513.28064 0.6434 0.0697 -1.069 -1.683 0.064 0.051 1.0 9451.4 4.265 16.554636 1.715921 17.334946 15.619024 "" "" 1347.69177 1674.84131 4498.75841 3.2069 1590.2 7.9317 4482.8 20.045 "" "" 0.0028619572591770796 0.0060920212 0.0061525493 0.012244571 272.69056970539 -16.7342978112 1513.28064 -1.069 -1.6829999999999998
273.14125557007 -16.59318183394 0.065 0.0589 27.8923 "" "" 4145599019332829952 1701.47913 0.5548 0.0719 -2.059 -3.171 0.091 0.062 1.044 "" "" 16.554985 1.307961 17.136574 15.828612 "" "" 1534.61743 1917.29761 4497.31153 11.354 1908.9 27.254 3695.8 32.42 "" "" 0.003886548335486914 0.015750522 0.01024667 0.025997192 273.14125557007 -16.59318183394 1701.47913 -2.059 -3.171
272.66792021372 -16.60036673144 0.0751 0.0692 8.4412 "" "" 4145587818049671680 1182.49011 0.8268 0.0695 2.621 3.426 0.081 0.067 0.938 4828.7 4.6694 16.555233 1.338076 17.11213 15.774054 "" "" 1090.23108 1306.92981 4496.27846 3.2975 1952.4 15.532 3886.3 21.523 "" "" 0.0028680694427759366 0.009076876 0.0071021 0.016178977 272.66792021372 -16.60036673144 1182.49011 2.621 3.4259999999999997
272.64404115419 -16.48417089274 0.055 0.0483 15.5256 "" "" 4145595690748448128 1542.56982 0.6325 0.0602 -0.132 0.115 0.07 0.055 1.035 "" "" 16.555958 1.868825 17.467344 15.598519 "" "" 1415.84521 1712.17126 4493.27909 3.6642 1407.6 10.504 4568.3 16.25 "" "" 0.0028940844136372272 0.008569115 0.0054036574 0.013972772 272.64404115419 -16.48417089274 1542.56982 -0.132 0.115
273.0257750541 -16.69558978823 0.0734 0.0647 19.9941 "" "" 4145573322557909120 1629.27942 0.6213 0.086 1.304 -5.097 0.098 0.073 1.258 "" "" 16.556622 1.745462 17.355595 15.610132 "" "" 1433.43359 1910.77039 4490.53635 4.6188 1560.2 9.3633 4519.7 12.62 "" "" 0.0029730314220585215 0.0070881397 0.0048450404 0.01193318 273.0257750541 -16.69558978823 1629.27942 1.304 -5.0969999999999995
272.28862142708 -16.46963909796 0.0582 0.0522 27.805 "" "" 4145651456606103808 1482.78137 0.6541 0.0639 -1.741 -1.435 0.064 0.05 0.985 "" "" 16.558403 2.087617 17.307562 15.219945 "" "" 1363.57812 1654.28296 4483.1757 4.5853 1630.8 9.7554 6474.1 13.928 "" "" 0.0029706783709661255 0.0070688073 0.004442931 0.011511738 272.28862142708 -16.46963909796 1482.78137 -1.7409999999999999 -1.435
272.80326492986 -16.56569709155 0.0547 0.0479 12.6248 "" "" 4145591120902894208 1188.08679 0.8323 0.0667 -1.113 -7.201 0.065 0.049 1.04 4943.8 4.6054 16.559155 1.300775 17.144539 15.843764 "" "" 1102.5564 1284.55457 4480.06916 4.6444 1895.0 9.1741 3644.6 13.835 "" "" 0.002976353123061598 0.0059509273 0.0055919904 0.011542918 272.80326492986 -16.56569709155 1188.08679 -1.113 -7.201
272.808336536 -17.05653934155 0.0561 0.0496 20.3229 "" "" 4096022147410896512 1384.73499 0.7036 0.0594 -1.912 -8.73 0.077 0.06 1.067 5152.6 4.655 16.55928 1.278814 17.124527 15.845713 "" "" 1293.0979 1504.5979 4479.55302 3.0716 1930.2 9.8944 3638.1 12.507 "" "" 0.0028541273666323687 0.006225823 0.005311824 0.011537647 272.808336536 -17.05653934155 1384.73499 -1.9119999999999997 -8.73
