Clusters/NGC_6561/NGC_6561_stars_in_region.tsv
# %ECSV 1.0
# ---
# datatype:
# - name: RA_ICRS_1
#   unit: deg
#   datatype: float64
#   format: '{:15.11f}'
#   description: Right ascension (ICRS) at Ep=2016.0 (ra)
#   meta: !!omap
#   - {ucd: POS_EQ_RA_MAIN}
#   - {width: 15}
#   - {precision: '11'}
# - name: DE_ICRS_1
#   unit: deg
#   datatype: float64
#   format: '{:15.11f}'
#   description: Declination (ICRS) at Ep=2016.0 (dec)
#   meta: !!omap
#   - {ucd: POS_EQ_DEC_MAIN}
#   - {width: 15}
#   - {precision: '11'}
# - name: e_RA_ICRS
#   unit: mas
#   datatype: float64
#   format: '{:7.4f}'
#   description: Standard error of right ascension (ra_error)
#   meta: !!omap
#   - {ucd: ERROR}
#   - {width: 7}
#   - {precision: '4'}
# - name: e_DE_ICRS
#   unit: mas
#   datatype: float64
#   format: '{:7.4f}'
#   description: Standard error of declination (dec_error)
#   meta: !!omap
#   - {ucd: ERROR}
#   - {width: 7}
#   - {precision: '4'}
# - name: _r_1
#   unit: ''
#   datatype: float64
#   format: '{:7.4f}'
#   description: Distance from center (272.68100704000-16.74049436000)[ICRS], at Epoch=J2016.0
#   meta: !!omap
#   - {ucd: POS_ANG_DIST_GENERAL}
#   - {width: 7}
#   - {precision: '4'}
# - name: HIP
#   datatype: int32
#   description: '? HIP cross-id number, van Leeuwen, Cat. I/311 (hip_original_ext_source_id)'
#   meta: !!omap
#   - {ucd: ID_NUMBER}
#   - {width: 6}
#   - values: {'null': -2147483648}
# - name: TYC2
#   datatype: string
#   description: Tycho-2 cross-id name, Hog et al., Cat. I/259 (tyc2_original_ext_source_id)
#   meta: !!omap
#   - {ucd: ID_CROSSID}
#   - {_votable_string_dtype: char}
# - name: Source
#   datatype: int64
#   description: Source identifier, identical to the Gaia-EDR3 source_id (id)
#   meta: !!omap
#   - {ucd: ID_MAIN}
#   - {width: 19}
# - name: rgeo
#   unit: pc
#   datatype: float64
#   format: '{:15.8f}'
#   description: '? Median of the geometric distance posterior (r_med_geo)'
#   meta: !!omap
#   - {ucd: PHYS_DISTANCE_TRUE}
#   - {width: 15}
#   - {precision: '8'}
#   - values: {'null': .nan}
# - name: Plx
#   unit: mas
#   datatype: float64
#   format: '{:9.4f}'
#   description: '? Parallax (parallax)'
#   meta: !!omap
#   - {ucd: POS_PARLX_TRIG}
#   - {width: 9}
#   - {precision: '4'}
#   - values: {'null': .nan}
# - name: e_Plx
#   unit: mas
#   datatype: float32
#   format: '{:7.4f}'
#   description: '? Standard error of parallax (parallax_error)'
#   meta: !!omap
#   - {ucd: ERROR}
#   - {width: 7}
#   - {precision: '4'}
#   - values: {'null': .nan}
# - name: pmRA
#   unit: mas / yr
#   datatype: float64
#   format: '{:9.3f}'
#   description: '? Proper motion in right ascension direction, pmRA*cosDE (pmra)'
#   meta: !!omap
#   - {ucd: POS_EQ_PMRA}
#   - {width: 9}
#   - {precision: '3'}
#   - values: {'null': .nan}
# - name: pmDE
#   unit: mas / yr
#   datatype: float64
#   format: '{:9.3f}'
#   description: '? Proper motion in declination direction (pmdec)'
#   meta: !!omap
#   - {ucd: POS_EQ_PMDEC}
#   - {width: 9}
#   - {precision: '3'}
#   - values: {'null': .nan}
# - name: e_pmRA
#   unit: mas / yr
#   datatype: float32
#   format: '{:6.3f}'
#   description: '? Standard error of proper motion in right ascension direction (pmra_error)'
#   meta: !!omap
#   - {ucd: ERROR}
#   - {width: 6}
#   - {precision: '3'}
#   - values: {'null': .nan}
# - name: e_pmDE
[...]
#         unit: &id001 !astropy.units.Unit {unit: deg}
#         value: !astropy.table.SerializedColumn {name: SkyCoord.dec}
#       distance: !astropy.table.SerializedColumn
#         __class__: astropy.coordinates.distances.Distance
#         unit: !astropy.units.Unit {unit: pc}
#         value: !astropy.table.SerializedColumn {name: SkyCoord.distance}
#       frame: icrs
#       obstime: !astropy.time.Time {format: jyear_str, in_subfmt: '*', jd1: 367701545.0, jd2: 0.0, out_subfmt: '*', precision: 3, scale: tt}
#       pm_dec: !astropy.table.SerializedColumn
#         __class__: astropy.units.quantity.Quantity
#         unit: !astropy.units.Unit {unit: mas / yr}
#         value: !astropy.table.SerializedColumn {name: SkyCoord.pm_dec}
#       pm_ra_cosdec: !astropy.table.SerializedColumn
#         __class__: astropy.units.quantity.Quantity
#         unit: !astropy.units.Unit {unit: mas / yr}
#         value: !astropy.table.SerializedColumn {name: SkyCoord.pm_ra_cosdec}
#       ra: !astropy.table.SerializedColumn
#         __class__: astropy.coordinates.angles.Longitude
#         unit: *id001
#         value: !astropy.table.SerializedColumn {name: SkyCoord.ra}
#         wrap_angle: !astropy.coordinates.Angle
#           unit: *id001
#           value: 360.0
#       representation_type: spherical
# schema: astropy-2.0
RA_ICRS_1 DE_ICRS_1 e_RA_ICRS e_DE_ICRS _r_1 HIP TYC2 Source rgeo Plx e_Plx pmRA pmDE e_pmRA e_pmDE RUWE Teff logg Gmag BP-RP BPmag RPmag RV e_RV b_rgeo B_rgeo FG e_FG FBP e_FBP FRP e_FRP RAVE5 RAVE6 e_Gmag e_BPmag e_RPmag e_BP-RP SkyCoord.ra SkyCoord.dec SkyCoord.distance SkyCoord.pm_ra_cosdec SkyCoord.pm_dec
[from data line 2670]
272.72894347847 -16.40206819311 0.0522 0.0451 20.4918 "" "" 4145644825176206976 1307.05127 0.7556 0.06 1.069 -0.942 0.07 0.052 0.906 5368.1 4.6345 16.55956 1.511212 17.248505 15.737292 "" "" 1204.67407 1401.89539 4478.39858 2.8684 1721.9 6.9509 4020.1 12.09 "" "" 0.0028417222386658844 0.005195623 0.0049945423 0.010190165 272.72894347847 -16.40206819311 1307.05127 1.069 -0.9419999999999998
272.41594801583 -16.43052089039 0.0524 0.0472 24.0461 "" "" 4145641629720846592 1541.95618 0.6215 0.0612 0.631 2.106 0.06 0.048 0.942 "" "" 16.560007 2.143976 17.659595 15.515619 "" "" 1424.41711 1669.30981 4476.55256 3.1432 1179.2 11.053 4930.7 13.62 "" "" 0.002858839304312133 0.010552491 0.00482477 0.015377261 272.41594801583 -16.43052089039 1541.95618 0.6310000000000002 2.1060000000000003
272.79510239083 -16.929561096 0.0559 0.0495 13.1004 "" "" 4145563731872502016 1344.12292 0.726 0.0584 0.612 -0.911 0.071 0.057 0.89 5705.4 4.6139 16.560902 1.448558 17.218678 15.77012 "" "" 1250.8103 1453.23291 4472.86789 3.6105 1769.9 9.9633 3900.4 13.323 "" "" 0.002891345312260912 0.0067186905 0.005295082 0.0120137725 272.79510239083 -16.929561096 1344.12292 0.612 -0.911
272.65564333351 -16.70684089492 0.0528 0.0475 2.4903 "" "" 4145582737126719744 1298.81519 0.7613 0.0628 3.897 0.005 0.062 0.048 0.976 5034.8 4.6593 16.561237 1.283965 17.10017 15.816205 "" "" 1186.42078 1433.09387 4471.48825 3.0222 1974.0 9.9698 3738.3 12.248 "" "" 0.0028513673556264914 0.0061526108 0.005190165 0.011342775 272.65564333351 -16.70684089492 1298.81519 3.8969999999999994 0.004999999999999999
273.0915023615 -16.89227608987 0.0544 0.0477 25.2742 "" "" 4097529371700987648 1424.43713 0.684 0.0607 2.926 -3.819 0.065 0.051 0.951 5160.6 4.6102 16.562544 1.362377 17.171549 15.809172 "" "" 1295.5426 1567.47717 4466.10563 3.0631 1848.4 10.134 3762.6 9.7212 "" "" 0.0028541730955709194 0.0065741087 0.004706654 0.011280763 273.0915023615 -16.89227608987 1424.43713 2.9259999999999993 -3.819
272.804958374 -16.64517696142 0.0628 0.0609 9.1353 "" "" 4145583974077176576 1306.18079 0.788 0.0819 -3.067 -0.904 0.069 0.057 1.116 4834.7 4.6335 16.563488 1.396666 17.180866 15.784201 "" "" 1160.30347 1506.99573 4462.22882 3.2955 1832.6 19.891 3850.2 11.643 "" "" 0.0028696262344042834 0.01211036 0.0050063515 0.01711671 272.804958374 -16.64517696142 1306.18079 -3.0670000000000006 -0.904
272.47832613312 -17.11071749681 0.0607 0.0527 25.0756 "" "" 4144054175445841152 1485.26648 0.6681 0.0655 -5.531 -14.294 0.084 0.058 1.034 5446.8 4.6411 16.563904 1.438512 17.21879 15.780278 "" "" 1336.93945 1634.05444 4460.51519 3.2968 1769.7 11.36 3864.1 12.586 "" "" 0.002869800794379794 0.007507282 0.005175904 0.012683186 272.47832613312 -17.11071749681 1485.26648 -5.531 -14.293999999999999
272.95340626291 -16.51480948625 0.0611 0.0556 20.703 "" "" 4145592632731240320 1548.79822 0.649 0.0675 -1.796 -4.881 0.067 0.056 1.026 4755.7 4.3664 16.564844 1.291843 17.147175 15.855331 "" "" 1394.47339 1789.90527 4456.65252 3.4137 1890.4 14.192 3606.0 11.14 "" "" 0.0028780952253032763 0.008615385 0.0050531295 0.013668515 272.95340626291 -16.51480948625 1548.79822 -1.7960000000000003 -4.880999999999999
273.00329237784 -16.89887577535 0.0546 0.0474 20.8067 "" "" 4097526244964897152 1661.84338 0.589 0.0581 1.023 0.637 0.068 0.051 1.028 5625.2 4.2686 16.565306 1.712949 17.290293 15.577344 "" "" 1528.1532 1832.03003 4454.76086 3.3361 1656.9 10.803 4658.2 14.336 "" "" 0.0028727871171901486 0.007609034 0.005044698 0.012653732 273.00329237784 -16.89887577535 1661.84338 1.0230000000000001 0.637
272.90645021509 -16.81159037391 0.0563 0.0496 13.6353 "" "" 4145566175732316928 1402.40039 0.6961 0.0585 -5.384 0.916 0.074 0.057 0.967 5338.9 4.6242 16.5664 1.475098 17.232372 15.757275 "" "" 1304.36084 1532.68774 4450.27454 3.03 1747.7 9.3555 3946.8 11.521 "" "" 0.0028527621320918167 0.006447031 0.0049323896 0.011379421 272.90645021509 -16.81159037391 1402.40039 -5.384 0.9160000000000001
272.83963313982 -16.75867509943 0.058 0.0504 9.1788 "" "" 4145570230181614976 1542.86584 0.6133 0.0619 -0.162 -0.169 0.072 0.056 1.037 5176.7 4.6041 16.567245 1.454741 17.228289 15.773547 "" "" 1414.40747 1720.63879 4446.80789 3.0128 1754.3 12.931 3888.1 10.028 "" "" 0.0028518253758568657 0.008475433 0.004703752 0.013179185 272.83963313982 -16.75867509943 1542.86584 -0.16199999999999998 -0.169
272.5595706571 -17.01744018715 0.0563 0.0479 18.0202 "" "" 4144063761813323008 1655.73047 0.6084 0.0603 -0.558 -0.102 0.07 0.057 1.008 5182.1 4.6261 16.568054 1.375694 17.178091 15.802397 "" "" 1487.71826 1882.51123 4443.4974 3.013 1837.3 9.86 3786.2 16.993 "" "" 0.0028519794058373257 0.006460282 0.0061667855 0.012627067 272.5595706571 -17.01744018715 1655.73047 -0.558 -0.102
272.54904574201 -16.46358110286 0.0584 0.0514 18.2654 "" "" 4145637781429972864 1633.95422 0.5899 0.0609 -0.774 -4.079 0.079 0.057 0.933 9472.7 4.1837 16.56867 2.134582 17.665804 15.531222 "" "" 1490.63293 1789.2439 4440.97787 2.8878 1172.5 8.5454 4860.4 11.788 "" "" 0.0028443354226766315 0.008390553 0.004606272 0.012996825 272.54904574201 -16.46358110286 1633.95422 -0.7740000000000001 -4.079
272.96992627851 -16.63600896347 0.0566 0.0494 17.749 "" "" 4145577445726680320 1714.23022 0.5685 0.0612 0.298 -0.227 0.076 0.057 0.991 "" "" 16.569437 1.706916 17.384201 15.677285 "" "" 1525.15588 2034.36768 4437.84481 3.2265 1519.6 11.152 4248.6 9.5269 "" "" 0.0028661653374813674 0.008442371 0.0044956724 0.012938043 272.96992627851 -16.63600896347 1714.23022 0.29799999999999993 -0.22700000000000004
272.46204330816 -16.84827169938 0.0637 0.0564 14.1425 "" "" 4144078673939894912 1623.95557 0.5967 0.0611 1.558 -0.006 0.08 0.066 1.001 9441.9 4.1993 16.569483 1.686973 17.368488 15.681516 "" "" 1482.88403 1825.91479 4437.65447 3.3167 1541.8 11.149 4232.1 15.349 "" "" 0.0028723312358837766 0.0083321845 0.0054579875 0.013790172 272.46204330816 -16.84827169938 1623.95557 1.5579999999999998 -0.006000000000000004
272.88884799609 -16.4012444852 0.061 0.0579 23.6048 "" "" 4145620700322686848 1560.01208 0.6138 0.0761 0.133 -8.5 0.078 0.057 1.046 "" "" 16.570765 1.817533 17.450537 15.633003 "" "" 1398.86536 1733.01709 4432.41814 3.3842 1429.6 7.5303 4425.4 14.115 "" "" 0.002877322221680394 0.0063633565 0.0051260223 0.011489378 272.88884799609 -16.4012444852 1560.01208 0.13300000000000003 -8.5
272.70585066791 -16.3939964457 0.0532 0.0461 20.8389 "" "" 4145644893895719936 1470.14331 0.6484 0.0618 -1.367 -1.456 0.072 0.053 1.004 4903.7 4.3889 16.570791 1.275041 17.106367 15.831326 "" "" 1363.90405 1603.34973 4432.31405 3.0854 1962.8 8.9894 3686.6 9.1735 "" "" 0.0028570997189420063 0.005701866 0.004645727 0.010347594 272.70585066791 -16.3939964457 1470.14331 -1.367 -1.4559999999999997
272.90860913697 -17.09436426012 0.0545 0.0498 24.93 "" "" 4096018947654101120 1201.15466 0.8313 0.058 -1.875 -2.128 0.064 0.054 0.916 4481.8 4.3611 16.570837 1.458423 17.20753 15.749106 "" "" 1127.23572 1290.35254 4432.12641 3.6927 1788.2 14.635 3976.6 35.122 "" "" 0.00290001535393625 0.009313651 0.010307299 0.019620951 272.90860913697 -17.09436426012 1201.15466 -1.875 -2.128
272.90916156976 -16.34627002528 0.0869 0.0782 27.0497 "" "" 4145621151296181632 1274.23108 0.812 0.1006 -0.199 -3.794 0.114 0.081 1.291 9609.2 4.3334 16.57171 1.767507 17.373217 15.60571 "" "" 1113.00012 1518.96936 4428.55918 5.0224 1535.1 17.146 4538.1 23.962 "" "" 0.0030179386437534294 0.01244376 0.006866564 0.019310325 272.90916156976 -16.34627002528 1274.23108 -0.19899999999999995 -3.794
272.51159731257 -16.51476141727 0.0596 0.052 16.6823 "" "" 4145637162954662656 1519.77625 0.6494 0.067 2.04 -4.191 0.077 0.055 1.118 4561.9 4.4179 16.573017 1.486354 17.248487 15.762134 "" "" 1388.41492 1652.29993 4423.23595 3.1048 1722.0 9.8481 3929.2 13.401 "" "" 0.0028587762228465385 0.0068073953 0.0052911406 0.012098536 272.51159731257 -16.51476141727 1519.77625 2.0399999999999996 -4.190999999999999
272.98464802883 -16.77918068136 0.0602 0.0527 17.5983 "" "" 4145572326125427840 1706.64294 0.5874 0.0698 -3.6 -5.632 0.081 0.059 1.063 5352.0 4.6455 16.574062 1.414465 17.192976 15.778511 "" "" 1529.34973 1916.40747 4418.98105 3.2628 1812.3 9.38 3870.4 15.24 "" "" 0.002869574050329896 0.006274053 0.0057062083 0.011980262 272.98464802883 -16.77918068136 1706.64294 -3.6 -5.6320000000000014
272.70124839882 -16.78680402337 0.0564 0.0534 3.0121 "" "" 4145569199389606016 1182.5752 0.8113 0.0693 0.672 -0.164 0.064 0.051 1.004 5194.9 4.6654 16.574139 1.314827 17.156618 15.841791 "" "" 1095.23865 1284.92639 4418.66606 3.0608 1874.0 8.2782 3651.3 15.897 "" "" 0.002856120485547004 0.0055486825 0.006052182 0.011600865 272.70124839882 -16.78680402337 1182.5752 0.6719999999999999 -0.164
272.51837771386 -16.97326843673 0.0587 0.0501 16.8009 "" "" 4144064861324989696 1186.71631 0.8251 0.0643 -0.505 -2.9 0.068 0.053 0.941 4874.3 4.6632 16.574654 1.355382 17.178995 15.823613 "" "" 1113.26843 1284.82471 4416.57017 3.1631 1835.8 9.7544 3712.9 15.221 "" "" 0.0028629424696326217 0.006408295 0.0058390773 0.012247372 272.51837771386 -16.97326843673 1186.71631 -0.5049999999999999 -2.9
272.60795557195 -16.58603925325 0.1138 0.1001 10.1742 "" "" 4145588780122379136 1272.75928 0.7781 0.1126 -1.232 0.603 0.139 0.109 2.145 "" "" 16.57705 1.596963 17.195225 15.598262 "" "" 1131.42725 1448.26111 4406.83759 6.8693 1808.5 12.473 4569.3 17.1 "" "" 0.003233588669630678 0.00799112 0.0055491906 0.013540311 272.60795557195 -16.58603925325 1272.75928 -1.2319999999999998 0.6029999999999999
272.59937205206 -16.97751071611 0.0545 0.0462 14.9736 "" "" 4144064311569138304 1477.23608 0.6602 0.0594 -1.211 -2.421 0.067 0.052 0.894 4662.5 4.3561 16.577227 1.51248 17.276236 15.763756 "" "" 1360.89893 1609.9762 4406.11927 3.2668 1678.5 8.5848 3923.3 20.429 "" "" 0.002870504945052489 0.0062146303 0.0068004527 0.013015083 272.59937205206 -16.97751071611 1477.23608 -1.211 -2.421
272.65324325388 -16.77303764669 0.0562 0.0527 2.5213 "" "" 4145581190938382336 1527.66992 0.6415 0.0658 0.484 -7.741 0.06 0.05 0.96 4670.4 4.3876 16.577314 1.29142 17.129389 15.837969 "" "" 1400.14771 1677.62415 4405.76219 3.2373 1921.6 11.975 3664.1 12.184 "" "" 0.00286849284678551 0.0073188 0.0052266824 0.012545482 272.65324325388 -16.77303764669 1527.66992 0.484 -7.741
272.27998148906 -16.93514072024 0.0703 0.0617 25.8219 "" "" 4144074786972851200 1519.72412 0.6582 0.0623 3.199 -5.873 0.089 0.068 0.963 "" "" 16.578207 1.886106 17.506912 15.620806 "" "" 1405.04822 1673.40601 4402.1446 3.6089 1357.2 10.171 4475.4 11.78 "" "" 0.0028955229235040213 0.008601724 0.0047382456 0.01333997 272.27998148906 -16.93514072024 1519.72412 3.1990000000000003 -5.873000000000001
272.4160505803 -16.94969246246 0.056 0.0506 19.7244 "" "" 4144071282279498624 1536.66626 0.6232 0.063 2.529 1.49 0.065 0.05 1.021 5215.0 4.2978 16.578293 1.871557 17.502846 15.631289 "" "" 1428.34021 1726.06018 4401.78922 2.8311 1362.3 15.043 4432.4 8.4814 "" "" 0.0028424339440672026 0.012309476 0.004312768 0.016622243 272.4160505803 -16.94969246246 1536.66626 2.5289999999999995 1.4900000000000002
272.98864229283 -17.03938538208 0.0613 0.0563 25.1704 "" "" 4097519716614436352 1514.59412 0.6406 0.067 -7.693 -5.236 0.063 0.052 0.968 5532.5 4.6548 16.57955 1.438506 17.1126 15.674094 "" "" 1387.69763 1651.55823 4396.69968 3.4247 1951.5 10.593 4261.1 20.127 "" "" 0.0028821884194431854 0.0065206303 0.0063705714 0.012891201 272.98864229283 -17.03938538208 1514.59412 -7.692999999999999 -5.235999999999999
272.64697349872 -16.52756881468 0.0716 0.0656 12.9245 "" "" 4145589505995480320 1697.79297 0.5581 0.0638 -0.785 -2.487 0.095 0.076 1.07 9475.6 4.158 16.580217 2.159787 17.692183 15.532395 "" "" 1498.54187 1954.2345 4393.99528 3.805 1144.3 7.813 4855.1 14.345 "" "" 0.00291131617877344 0.007920839 0.00495728 0.012878119 272.64697349872 -16.52756881468 1697.79297 -0.7849999999999999 -2.487
273.04358395626 -16.7664648821 0.0581 0.0509 20.8894 "" "" 4097534383916988672 1666.62866 0.5753 0.0672 0.791 -1.16 0.077 0.054 0.989 8522.5 4.4043 16.580538 2.017775 17.598494 15.580718 "" "" 1472.20862 1881.65076 4392.70425 3.086 1247.4 7.5623 4643.8 12.456 "" "" 0.002858949651267286 0.0071491734 0.004771264 0.011920437 273.04358395626 -16.7664648821 1666.62866 0.791 -1.16
272.50429379444 -16.84037596894 0.0556 0.0479 11.7878 "" "" 4144078742659356672 1330.8689 0.72 0.0636 -7.865 -2.054 0.069 0.051 0.927 4624.4 4.3865 16.580675 1.350935 17.183355 15.83242 "" "" 1234.39038 1470.96045 4392.14905 2.878 1828.4 12.769 3682.9 9.8988 "" "" 0.0028456872088631134 0.008079524 0.0047749025 0.012854427 272.50429379444 -16.84037596894 1330.8689 -7.865 -2.054
272.78108521883 -16.33251592271 0.0608 0.0599 25.1464 "" "" 4145645581090477056 1545.8335 0.661 0.0764 -0.317 -1.985 0.075 0.06 1.031 5497.4 4.6675 16.581018 1.514284 17.267752 15.753468 "" "" 1342.33447 1769.9939 4390.7547 3.4696 1691.7 10.655 3960.7 17.106 "" "" 0.002885805992807259 0.007385712 0.0060226684 0.013408381 272.78108521883 -16.33251592271 1545.8335 -0.31700000000000006 -1.9849999999999999
272.71644723054 -16.28469307916 0.0607 0.0536 27.424 "" "" 4145646886761252352 1434.09692 0.7068 0.0682 -2.097 -4.863 0.084 0.062 1.025 5642.3 4.6331 16.58282 1.550704 17.281094 15.73039 "" "" 1296.67188 1695.97498 4383.4771 3.4628 1671.0 8.7796 4045.8 21.329 "" "" 0.0028857287516797147 0.006350364 0.006859046 0.01320941 272.71644723054 -16.28469307916 1434.09692 -2.097 -4.863000000000001
272.74719989652 -17.02450677693 0.0567 0.0503 17.4594 "" "" 4096023143843343232 1575.29956 0.6332 0.0605 -1.794 -6.652 0.07 0.053 0.985 5442.4 4.5924 16.583147 1.530698 17.282827 15.75213 "" "" 1446.10205 1732.09436 4382.15791 3.4033 1668.3 9.0008 3965.6 20.719 "" "" 0.002881457107179001 0.006488324 0.006816334 0.013304658 272.74719989652 -17.02450677693 1575.29956 -1.7939999999999996 -6.652
272.51656794853 -16.76152869124 0.0679 0.0624 9.5316 "" "" 4144081109165096704 1581.9209 0.6175 0.0643 -0.046 0.286 0.076 0.061 0.965 8314.0 4.4322 16.583345 1.702961 17.401596 15.698635 "" "" 1460.21863 1754.14221 4381.35766 4.1353 1495.5 8.4895 4165.9 13.161 "" "" 0.00293971506640374 0.0067655365 0.00510384 0.0118693765 272.51656794853 -16.76152869124 1581.9209 -0.04599999999999999 0.286
272.22421214412 -16.5822675005 0.0523 0.0466 27.9206 "" "" 4144137665295708416 1519.92456 0.6341 0.0603 -1.161 -4.174 0.06 0.047 1.011 "" "" 16.584114 1.827766 17.477867 15.650101 "" "" 1389.13428 1687.11133 4378.252 2.726 1394.0 8.4821 4356.3 11.361 "" "" 0.0028370356184414425 0.007171442 0.0047224313 0.011893873 272.22421214412 -16.5822675005 1519.92456 -1.161 -4.174
273.05616366328 -16.88816186898 0.0534 0.0465 23.2975 "" "" 4097526485483017088 1606.53723 0.6129 0.0587 -0.048 -2.2 0.066 0.05 1.045 5277.7 4.6535 16.584164 1.318606 17.170773 15.852166 "" "" 1471.41907 1748.41956 4378.0581 2.7341 1849.7 13.727 3616.5 10.37 "" "" 0.002837522091510978 0.008526891 0.0048965374 0.013423428 273.05616366328 -16.88816186898 1606.53723 -0.048 -2.2
272.69166223839 -16.81966701974 0.0567 0.0551 4.7896 "" "" 4145568988912580224 1406.42883 0.7096 0.0732 -3.628 -0.027 0.064 0.052 0.984 4315.4 4.4504 16.584402 1.406408 17.21939 15.812983 "" "" 1291.08508 1544.85742 4377.09135 5.093 1768.7 10.912 3749.4 12.057 "" "" 0.0030311316883729744 0.0072563295 0.0051452625 0.012401592 272.69166223839 -16.81966701974 1406.42883 -3.6279999999999997 -0.026999999999999996
272.94451277374 -16.42458887359 0.0596 0.0551 24.2667 "" "" 4145617440463458688 1346.21497 0.7199 0.0721 0.84 -1.908 0.073 0.058 1.046 4813.6 4.2504 16.584585 2.100729 17.651205 15.550476 "" "" 1172.6687 1488.77747 4376.35662 17.099 1188.3 21.117 4774.9 77.569 "" "" 0.005058391234081022 0.01949506 0.018038325 0.037533388 272.94451277374 -16.42458887359 1346.21497 0.8399999999999999 -1.908
