Clusters/UBC_178/UBC_178_stars_in_region.tsv
# %ECSV 1.0
# ---
# datatype:
# - name: RA_ICRS_1
#   unit: deg
#   datatype: float64
#   format: '{:15.11f}'
#   description: Right ascension (ICRS) at Ep=2016.0 (ra)
#   meta: !!omap
#   - {ucd: POS_EQ_RA_MAIN}
#   - {width: 15}
#   - {precision: '11'}
# - name: DE_ICRS_1
#   unit: deg
#   datatype: float64
#   format: '{:15.11f}'
#   description: Declination (ICRS) at Ep=2016.0 (dec)
#   meta: !!omap
#   - {ucd: POS_EQ_DEC_MAIN}
#   - {width: 15}
#   - {precision: '11'}
# - name: e_RA_ICRS
#   unit: mas
#   datatype: float64
#   format: '{:7.4f}'
#   description: Standard error of right ascension (ra_error)
#   meta: !!omap
#   - {ucd: ERROR}
#   - {width: 7}
#   - {precision: '4'}
# - name: e_DE_ICRS
#   unit: mas
#   datatype: float64
#   format: '{:7.4f}'
#   description: Standard error of declination (dec_error)
#   meta: !!omap
#   - {ucd: ERROR}
#   - {width: 7}
#   - {precision: '4'}
# - name: _r_1
#   unit: ''
#   datatype: float64
#   format: '{:7.4f}'
#   description: Distance from center (346.21171585000+63.32560377000)[ICRS], at Epoch=J2016.0
#   meta: !!omap
#   - {ucd: POS_ANG_DIST_GENERAL}
#   - {width: 7}
#   - {precision: '4'}
# - name: HIP
#   datatype: int32
#   description: '? HIP cross-id number, van Leeuwen, Cat. I/311 (hip_original_ext_source_id)'
#   meta: !!omap
#   - {ucd: ID_NUMBER}
#   - {width: 6}
#   - values: {'null': -2147483648}
# - name: TYC2
#   datatype: string
#   description: Tycho-2 cross-id name, Hog et al., Cat. I/259 (tyc2_original_ext_source_id)
#   meta: !!omap
#   - {ucd: ID_CROSSID}
#   - {_votable_string_dtype: char}
# - name: Source
#   datatype: int64
#   description: Source identifier, identical to the Gaia-EDR3 source_id (id)
#   meta: !!omap
#   - {ucd: ID_MAIN}
#   - {width: 19}
# - name: rgeo
#   unit: pc
#   datatype: float64
#   format: '{:15.8f}'
#   description: '? Median of the geometric distance posterior (r_med_geo)'
#   meta: !!omap
#   - {ucd: PHYS_DISTANCE_TRUE}
#   - {width: 15}
#   - {precision: '8'}
#   - values: {'null': .nan}
# - name: Plx
#   unit: mas
#   datatype: float64
#   format: '{:9.4f}'
#   description: '? Parallax (parallax)'
#   meta: !!omap
#   - {ucd: POS_PARLX_TRIG}
#   - {width: 9}
#   - {precision: '4'}
#   - values: {'null': .nan}
# - name: e_Plx
#   unit: mas
#   datatype: float32
#   format: '{:7.4f}'
#   description: '? Standard error of parallax (parallax_error)'
#   meta: !!omap
#   - {ucd: ERROR}
#   - {width: 7}
#   - {precision: '4'}
#   - values: {'null': .nan}
# - name: pmRA
#   unit: mas / yr
#   datatype: float64
#   format: '{:9.3f}'
#   description: '? Proper motion in right ascension direction, pmRA*cosDE (pmra)'
#   meta: !!omap
#   - {ucd: POS_EQ_PMRA}
#   - {width: 9}
#   - {precision: '3'}
#   - values: {'null': .nan}
# - name: pmDE
#   unit: mas / yr
#   datatype: float64
#   format: '{:9.3f}'
#   description: '? Proper motion in declination direction (pmdec)'
#   meta: !!omap
#   - {ucd: POS_EQ_PMDEC}
#   - {width: 9}
#   - {precision: '3'}
#   - values: {'null': .nan}
# - name: e_pmRA
#   unit: mas / yr
#   datatype: float32
#   format: '{:6.3f}'
#   description: '? Standard error of proper motion in right ascension direction (pmra_error)'
#   meta: !!omap
#   - {ucd: ERROR}
#   - {width: 6}
#   - {precision: '3'}
#   - values: {'null': .nan}
# - name: e_pmDE
[...]
#         value: !astropy.table.SerializedColumn {name: SkyCoord.dec}
#       distance: !astropy.table.SerializedColumn
#         __class__: astropy.coordinates.distances.Distance
#         unit: !astropy.units.Unit {unit: pc}
#         value: !astropy.table.SerializedColumn {name: SkyCoord.distance}
#       frame: icrs
#       obstime: !astropy.time.Time {format: jyear_str, in_subfmt: '*', jd1: 367701545.0, jd2: 0.0, out_subfmt: '*', precision: 3, scale: tt}
#       pm_dec: !astropy.table.SerializedColumn
#         __class__: astropy.units.quantity.Quantity
#         unit: !astropy.units.Unit {unit: mas / yr}
#         value: !astropy.table.SerializedColumn {name: SkyCoord.pm_dec}
#       pm_ra_cosdec: !astropy.table.SerializedColumn
#         __class__: astropy.units.quantity.Quantity
#         unit: !astropy.units.Unit {unit: mas / yr}
#         value: !astropy.table.SerializedColumn {name: SkyCoord.pm_ra_cosdec}
#       ra: !astropy.table.SerializedColumn
#         __class__: astropy.coordinates.angles.Longitude
#         unit: *id001
#         value: !astropy.table.SerializedColumn {name: SkyCoord.ra}
#         wrap_angle: !astropy.coordinates.Angle
#           unit: *id001
#           value: 360.0
#       representation_type: spherical
# schema: astropy-2.0
RA_ICRS_1 DE_ICRS_1 e_RA_ICRS e_DE_ICRS _r_1 HIP TYC2 Source rgeo Plx e_Plx pmRA pmDE e_pmRA e_pmDE RUWE Teff logg Gmag BP-RP BPmag RPmag RV e_RV b_rgeo B_rgeo FG e_FG FBP e_FBP FRP e_FRP RAVE5 RAVE6 e_Gmag e_BPmag e_RPmag e_BP-RP SkyCoord.ra SkyCoord.dec SkyCoord.distance SkyCoord.pm_ra_cosdec SkyCoord.pm_dec rmRA rmDE e_rmRA e_rmDE rRV e_rRV v_pec v_pec3d e_vpec e_vpec3d
[from data line 355]
346.48633692 63.310734121 0.0464 0.0397 7.4525 "" "" 2207649821927170816 810.551147 1.1997 0.0517 -0.679 -1.962 0.064 0.049 3.743 5929.2 3.9 13.899695 1.612498 14.603252 12.990754 -20.43 6.5 778.652527 844.911011 51888.18055 47.099 19684.0 48.002 50449.0 100.15 "" "" 0.002926268680704446 0.0038464805 0.004350789 0.008197269 346.48633692 63.310734121 810.551147 -0.6789999999999998 -1.9619999999999997 0.49440910434722896 -0.0615303392410278 0.2454387 0.2304387 -1.038499999999999 9.365814 1.91417968477195 2.177743353931689 0.46938902377404407 4.4852897781417775
347.3544540665 62.77768754087 0.0152 0.0173 45.2343 "" "" 2207389168949809152 886.563538 1.0998 0.0188 9.466 1.48 0.019 0.022 0.963 7477.7 3.8105 13.903846 1.859096 14.812469 12.953372 -1.47 2.41 871.672668 899.64502 51690.22169 11.991 16234.0 20.194 52217.0 32.059 "" "" 0.0027668079802774265 0.0030998583 0.0038377175 0.0069375755 347.3544540665 62.77768754087 886.563538 9.466 1.4799999999999998 10.639409104347228 3.380469660758972 0.2004387 0.2034387 17.9215 5.275814 46.91266430132635 50.21930140990553 9.416105860551744 8.995351410408961
344.8224397176 63.90418789947 0.0106 0.0118 50.7659 "" "" 2208524277267787648 917.818481 1.0636 0.0128 -3.069 -2.646 0.014 0.015 1.075 "" "" 13.904049 1.414787 14.536001 13.121214 "" "" 906.804565 929.676941 51680.55125 8.5694 20942.0 20.806 44738.0 22.893 "" "" 0.0027611955037062544 0.0029914228 0.0038200002 0.006811423 344.8224397176 63.90418789947 917.818481 -3.069 -2.646 -1.895590895652771 -0.7455303392410277 0.1954387 0.1964387 "" "" 8.861577941152968 "" 1.733084992249728 ""
344.58702823577 63.75341379823 0.0114 0.0114 50.4512 "" "" 2208147041701110144 780.311462 1.2478 0.0133 -4.241 -7.965 0.014 0.014 0.913 7048.2 4.2265 13.905999 1.202618 14.423903 13.221285 -42.2 4.22 772.510376 789.433899 51587.81894 9.0321 23220.0 18.407 40799.0 22.716 "" "" 0.0027618697853138024 0.0029199023 0.0038274226 0.006747325 344.58702823577 63.75341379823 780.311462 -4.241000000000007 -7.965000000000001 -3.0675908956527707 -6.064530339241028 0.1954387 0.1954387 -22.808500000000002 7.0858135 25.13702780197008 33.94256677045825 4.912747983551578 5.992379033090893
345.97481310755 63.52239338431 0.0283 0.0277 13.4109 "" "" 2207695142421802112 781.092834 1.2592 0.0325 -2.027 -1.721 0.039 0.035 2.817 5203.3 3.5015 13.919662 1.702134 14.725829 13.023695 -27.46 4.78 761.755737 800.042908 50942.66495 64.612 17583.0 91.596 48942.0 218.28 "" "" 0.0030802774724626694 0.006306755 0.0061426475 0.012449402 345.97481310755 63.52239338431 781.092834 -2.027000000000003 -1.7209999999999996 -0.8535908956527711 0.17946966075897208 0.2204387 0.2164387 -8.0685 7.645814 3.2294152326419865 8.690789089307144 0.7113459972684585 7.10326837775631
347.84879962756 63.10617932869 0.0118 0.0121 46.1781 "" "" 2207491217374338304 818.621216 1.1905 0.0137 -0.972 -0.847 0.015 0.015 0.988 7371.0 4.1908 13.923017 1.162558 14.417813 13.255256 -11.12 8.66 806.67572 829.255554 50785.55703 9.4018 23350.0 19.059 39542.0 24.871 "" "" 0.002762641892305418 0.002927528 0.0038405836 0.0067681116 347.84879962756 63.10617932869 818.621216 -0.972 -0.847 0.20140910434722903 1.0534696607589722 0.1964387 0.1964387 8.271500000000001 11.525814 4.161778573675003 9.259487736710945 0.8175343725370497 10.302563996745443
345.13998330657 62.77646081255 0.0111 0.0116 43.9862 "" "" 2207237848663730432 857.928467 1.1374 0.0126 -2.325 -2.451 0.014 0.014 1.0 "" "" 13.923851 1.272839 14.476247 13.203407 "" "" 845.543579 869.735168 50746.52441 9.9575 22127.0 19.171 41476.0 28.371 "" "" 0.002763544272589168 0.0029444771 0.0038516622 0.0067961393 345.13998330657 62.77646081255 857.928467 -2.325 -2.4510000000000005 -1.1515908956527712 -0.5505303392410279 0.1954387 0.1954387 "" "" 5.19066082109694 "" 1.0144559922929954 ""
346.32949543778 62.81608958766 0.0106 0.0112 30.7379 "" "" 2207425762069724928 779.40686 1.2588 0.0126 -11.162 -2.099 0.014 0.014 1.051 7330.7 4.099 13.927994 1.498306 14.611838 13.113532 -8.04 5.06 770.716003 788.636475 50553.26343 9.4758 19529.0 22.871 45055.0 19.362 "" "" 0.0027628258580391766 0.003066245 0.0038080742 0.006874319 346.32949543778 62.81608958766 779.40686 -11.162000000000003 -2.099 -9.988590895652772 -0.19853033924102803 0.1954387 0.1954387 11.351500000000001 7.9258137 36.909023682236906 38.61518589138119 7.213451530477115 7.277763391798461
347.90847288084 63.43411033306 0.0119 0.0117 46.0771 "" "" 2207558906059073792 781.00946 1.2497 0.015 -6.978 3.476 0.017 0.015 0.976 "" "" 13.928106 1.471461 14.600177 13.128716 -18.11 2.8 771.231934 789.246277 50548.03557 8.4874 19740.0 19.302 44430.0 19.027 "" "" 0.002761344586331051 0.0029853205 0.0038078758 0.0067931963 347.90847288084 63.43411033306 781.00946 -6.977999999999998 3.476 -5.804590895652771 5.376469660758972 0.1984387 0.1964387 1.2815000000000012 5.665814 29.290094109552413 29.318114796085318 5.785311622772443 5.785085666402152
345.89178125734 62.68062685381 0.0109 0.0122 39.6674 "" "" 2207417756250684672 711.263428 1.3769 0.0136 8.994 -3.305 0.014 0.015 1.14 5519.4 4.1305 13.929504 1.274237 14.485906 13.211669 -38.28 3.67 704.712402 719.712891 50482.99203 8.2737 21931.0 19.283 41161.0 22.527 "" "" 0.002761060092472388 0.002948964 0.003825809 0.006774773 345.89178125734 62.68062685381 711.263428 8.994 -3.305 10.167409104347229 -1.404530339241028 0.1954387 0.1964387 -18.8885 6.5358143 34.603804555868784 39.42332712989564 6.76357210552677 6.711972429911044
347.85289997064 63.69663673172 0.0118 0.0115 49.2383 "" "" 2207755821720674944 696.471375 1.408 0.0136 -9.24 -1.439 0.015 0.015 0.997 5710.2 3.9742 13.93036 1.334907 14.522242 13.187335 12.05 3.23 688.96167 703.865906 50443.237 8.4613 21209.0 18.689 42094.0 23.01 "" "" 0.0027613325078884436 0.0029496413 0.0038256985 0.00677534 347.85289997064 63.69663673172 696.471375 -9.240000000000002 -1.439 -8.066590895652771 0.4614696607589721 0.1964387 0.1964387 31.4415 6.0958138 26.673569812242793 41.231629227797804 5.239721377228177 5.753056212316375
345.10039388958 62.76913527887 0.0146 0.0142 45.034 "" "" 2207237779944250624 798.077515 1.2228 0.0166 -1.208 -2.111 0.018 0.017 1.302 7809.0 4.0206 13.931674 1.569539 14.656435 13.086896 65.67 4.13 788.411499 808.307556 50382.18315 10.041 18743.0 14.399 46174.0 24.619 "" "" 0.002763803766609802 0.002912176 0.0038234594 0.0067356355 345.10039388958 62.76913527887 798.077515 -1.2080000000000002 -2.111 -0.03459089565277096 -0.21053033924102804 0.19943869 0.1984387 85.0615 6.9958143 0.8070908338053037 85.06532888235965 0.16017932609476218 6.995499599347719
347.40070579743 63.95187859236 0.0105 0.0112 49.1452 "" "" 2207820967785697920 849.282715 1.1502 0.0125 3.72 0.781 0.014 0.015 0.979 7069.7 4.0325 13.939475 1.49871 14.625561 13.126851 -28.37 3.69 840.450623 857.501953 50021.48932 10.084 19284.0 17.238 44506.0 18.448 "" "" 0.0027640001131205884 0.0029541494 0.003806083 0.006760232 347.40070579743 63.95187859236 849.282715 3.7200000000000015 0.7810000000000004 4.89340910434723 2.6814696607589723 0.1954387 0.1964387 -8.9785 6.555814 22.46260749904402 24.190539429828938 4.395260332292548 4.7516015672495495
346.46581399906 63.47429870722 0.0118 0.0116 11.2338 "" "" 2207667104875445248 857.610229 1.1391 0.0137 -6.16 -3.129 0.015 0.013 0.978 6499.6 3.7915 13.944132 1.605609 14.693086 13.087477 19.52 3.94 848.84552 867.70166 49807.43274 15.772 18121.0 23.244 46150.0 38.231 "" "" 0.00277668757031472 0.0031184326 0.003884933 0.0070033656 346.46581399906 63.47429870722 857.610229 -6.16 -3.129 -4.986590895652771 -1.2285303392410278 0.1964387 0.1944387 38.911500000000004 6.805814 20.876977354432917 44.1582723360811 4.0986684592685165 6.302449311602181
346.06877265527 64.11534656291 0.0119 0.0117 47.5364 "" "" 2208507097399025536 912.062927 1.0714 0.0133 -3.61 -2.897 0.016 0.014 0.942 "" "" 13.946307 1.145706 14.43268 13.286974 "" "" 901.836365 921.205872 49707.72985 15.611 23033.0 35.414 38403.0 29.334 "" "" 0.0027763389436584636 0.0032514296 0.0038693056 0.007120735 346.06877265527 64.11534656291 912.062927 -3.6100000000000003 -2.8970000000000016 -2.436590895652771 -0.9965303392410276 0.1974387 0.1954387 "" "" 11.380759957979384 "" 2.2437549250591307 ""
345.55619184937 62.82259040475 0.0126 0.0129 35.0439 "" "" 2207609998989496576 853.440308 1.1465 0.015 -1.395 -2.423 0.015 0.015 1.114 "" "" 13.947324 1.603195 14.688137 13.084942 33.1 6.3 843.350281 865.404541 49661.20513 10.764 18204.0 28.246 46257.0 34.882 "" "" 0.0027653517841415135 0.0032593182 0.0038670492 0.0071263677 345.55619184937 62.82259040475 853.440308 -1.3950000000000007 -2.423 -0.221590895652771 -0.5225303392410279 0.1964387 0.1964387 52.4915 9.165814 2.296011946647868 52.54169052389874 0.45102560189376306 9.15707995335356
345.97819628649 63.64934959933 0.0112 0.0103 20.4068 "" "" 2207708542719652480 857.937134 1.1391 0.0125 6.028 5.591 0.014 0.013 0.975 5825.7 4.0524 13.950966 1.244581 14.489188 13.244607 35.88 4.83 849.394165 866.191284 49494.88975 8.7735 21865.0 22.973 39931.0 21.715 "" "" 0.0027620336045195417 0.0030143608 0.0038252247 0.0068395855 345.97819628649 63.64934959933 857.937134 6.0280000000000005 5.591 7.201409104347229 7.491469660758972 0.1954387 0.1944387 55.2715 7.695814 42.25813410315884 69.57505738503244 8.23693873526065 7.899753190926395
346.7842476589 62.70281078655 0.0174 0.0176 40.4881 "" "" 2207385595535645184 830.316711 1.1748 0.02 -2.113 -1.908 0.022 0.022 1.761 7997.5 3.8513 13.950974 1.737575 14.772223 13.034649 25.85 11.04 815.607849 840.638672 49494.51049 9.9307 16847.0 15.528 48451.0 21.085 "" "" 0.0027639185502311312 0.0029642049 0.0038088025 0.006773007 346.7842476589 62.70281078655 830.316711 -2.1129999999999978 -1.908 -0.939590895652771 -0.00753033924102775 0.2034387 0.2034387 45.2415 13.905814 3.698067786491467 45.39238953396798 0.7523301002053353 13.859725166552623
345.15749867891 63.15714443907 0.0112 0.0107 30.2187 "" "" 2207304747074417152 867.271179 1.1237 0.0134 -1.713 -2.254 0.015 0.014 1.057 7332.6 3.9897 13.952944 1.469275 14.615861 13.146586 -34.49 9.11 856.00647 878.50531 49404.82557 15.822 19457.0 31.064 43704.0 48.575 "" "" 0.002777173229882738 0.0032847861 0.003967362 0.0072521484 345.15749867891 63.15714443907 867.271179 -1.7130000000000007 -2.253999999999999 -0.5395908956527711 -0.35353033924102784 0.1964387 0.1954387 -15.098500000000001 11.975814 2.651881108183016 15.329617596728825 0.5201370328612863 11.795603217893307
347.2280991586 63.11388068993 0.0232 0.0231 30.2711 "" "" 2207447443064918400 837.366455 1.1687 0.0265 0.091 -3.764 0.028 0.028 2.269 7421.6 4.0339 13.956459 1.402569 14.580137 13.177568 3.29 4.4 813.869324 860.397705 49245.11723 11.207 20108.0 16.86 42475.0 20.923 "" "" 0.002766376972790837 0.002934928 0.0038170365 0.006751965 347.2280991586 63.11388068993 837.366455 0.09099999999999953 -3.7639999999999993 1.264409104347229 -1.8635303392410276 0.2094387 0.2094387 22.6815 7.265814 8.938426544793062 24.37921063830126 1.8720524043349864 6.794596327394057
347.14877556865 63.79741850985 0.011 0.0121 37.7886 "" "" 2207725241553190400 861.275635 1.1308 0.0134 8.907 0.112 0.014 0.017 0.937 7297.6 4.0095 13.959389 1.685534 14.759461 13.073928 -17.54 5.04 851.426147 870.408569 49112.40472 10.052 17046.0 16.239 46729.0 18.987 "" "" 0.002764266935588615 0.002975718 0.0038050422 0.0067807604 347.14877556865 63.79741850985 861.275635 8.906999999999996 0.11200000000000024 10.080409104347229 2.0124696607589723 0.1954387 0.1984387 1.8515000000000015 7.905814 41.96482612150285 42.00565061581558 8.2064120053293 8.205838674551025
346.84503342101 63.07213015514 0.0436 0.0415 22.9095 "" "" 2207453421659355776 760.417664 1.2916 0.0499 0.049 0.323 0.059 0.051 3.809 "" "" 13.962154 1.841179 14.858631 13.017452 -31.84 3.27 735.578979 786.677551 48987.46692 12.256 15558.0 18.82 49224.0 29.118 "" "" 0.0027686776206833465 0.003083831 0.0038335652 0.006917396 346.84503342101 63.07213015514 760.417664 0.04899999999999998 0.32299999999999995 1.222409104347229 2.223469660758972 0.2404387 0.2324387 -12.4485 6.1358137 9.145541882635763 15.446879574109616 2.142981918584646 5.104980130798393
345.07906034956 62.76199911915 0.0114 0.0119 45.7435 "" "" 2207237779944250880 876.652527 1.1133 0.0131 2.08 -1.283 0.014 0.015 1.018 7453.7 3.8447 13.968146 1.850735 14.875217 13.024482 -51.41 7.81 865.421326 886.740173 48717.85397 10.976 15323.0 14.828 48906.0 24.351 "" "" 0.0027661571032201846 0.0029814325 0.00381785 0.0067992825 345.07906034956 62.76199911915 876.652527 2.079999999999999 -1.282999999999997 3.253409104347229 0.6174696607589722 0.1954387 0.1964387 -32.018499999999996 10.675814 13.760327015806384 34.850121116459995 2.689780002620385 9.865719590832525
345.13124670512 62.67400799166 0.0165 0.0164 48.9342 "" "" 2207233381897782784 866.660034 1.1225 0.0187 -0.705 -2.82 0.021 0.02 1.511 9855.1 4.1323 13.969539 1.906868 14.903067 12.996199 -2.08 4.5 851.596008 882.563782 48655.40391 15.812 14934.0 23.107 50197.0 55.846 "" "" 0.0027778205004254774 0.0032568728 0.0039677196 0.0072245924 345.13124670512 62.67400799166 866.660034 -0.7050000000000005 -2.8200000000000003 0.46840910434722904 -0.9195303392410277 0.2024387 0.2014387 17.311500000000002 7.365814 4.239262604520811 17.823001421760832 0.8548266516681254 7.157311646586432
344.93915982679 63.25857252981 0.0124 0.0113 34.5507 "" "" 2207321445906727040 743.717041 1.316 0.0143 2.047 1.067 0.017 0.014 0.957 6443.8 4.2122 13.969609 1.223679 14.500002 13.276323 -14.5 3.34 735.197327 750.801819 48652.27796 9.34 21648.0 20.04 38782.0 19.625 "" "" 0.002763192722844115 0.002965679 0.0038191082 0.0067847874 344.93915982679 63.25857252981 743.717041 2.047000000000003 1.0670000000000008 3.220409104347229 2.9674696607589723 0.1984387 0.1954387 4.891500000000001 6.205814 15.437444192041838 16.193870921815027 3.04220768484723 3.453176775281386
347.73470134636 63.42700575869 0.0142 0.0134 41.3981 "" "" 2207560447945759872 814.567383 1.2009 0.0169 0.233 -3.018 0.02 0.017 1.154 7283.9 4.1422 13.969679 1.351873 14.567756 13.215882 -8.64 6.69 804.28894 825.49823 48649.14805 10.575 20338.0 17.7 41002.0 22.494 "" "" 0.002765409531480938 0.0029458273 0.0038260315 0.006771859 347.73470134636 63.42700575869 814.567383 0.23299999999999943 -3.018000000000001 1.406409104347229 -1.1175303392410276 0.2014387 0.1984387 10.7515 9.555814 6.935782438668115 12.794523448981483 1.3891190054137357 8.065177154811142
347.17432819909 63.40025631255 0.0121 0.0112 26.2788 "" "" 2207654048175069440 788.497498 1.2337 0.0135 8.65 -6.572 0.016 0.014 1.032 4784.1 3.344 13.974924 2.03259 15.008375 12.975785 -37.81 1.41 779.680786 797.948669 48414.68666 11.533 13554.0 17.593 51150.0 30.628 "" "" 0.0027674324090385585 0.0031258778 0.0038348911 0.006960769 347.17432819909 63.40025631255 788.497498 8.650000000000002 -6.572000000000002 9.82340910434723 -4.671530339241028 0.1974387 0.1954387 -18.4185 4.275814 40.65485756972442 44.63248353233975 8.011907725972996 7.50817339687445
346.0219261759 63.56876441509 0.0106 0.0105 15.4522 "" "" 2207695554738631552 1000.41211 0.972 0.0123 7.031 -6.401 0.014 0.013 1.001 6338.8 3.8834 13.975269 1.24751 14.508553 13.261043 -17.48 4.21 985.596436 1014.83893 48399.31146 8.5043 21478.0 22.692 39332.0 52.681 "" "" 0.0027619168849229293 0.0030167697 0.0040495065 0.007066276 346.0219261759 63.56876441509 1000.41211 7.031 -6.400999999999999 8.204409104347228 -4.500530339241028 0.1954387 0.1944387 1.9115000000000002 7.0758142 44.373917406923205 44.41506927031007 8.662136886556997 8.65946732757362
