Clusters/UBC_178/UBC_178_stars_in_region.tsv
# %ECSV 1.0
# ---
# datatype:
# - name: RA_ICRS_1
#   unit: deg
#   datatype: float64
#   format: '{:15.11f}'
#   description: Right ascension (ICRS) at Ep=2016.0 (ra)
#   meta: !!omap
#   - {ucd: POS_EQ_RA_MAIN}
#   - {width: 15}
#   - {precision: '11'}
# - name: DE_ICRS_1
#   unit: deg
#   datatype: float64
#   format: '{:15.11f}'
#   description: Declination (ICRS) at Ep=2016.0 (dec)
#   meta: !!omap
#   - {ucd: POS_EQ_DEC_MAIN}
#   - {width: 15}
#   - {precision: '11'}
# - name: e_RA_ICRS
#   unit: mas
#   datatype: float64
#   format: '{:7.4f}'
#   description: Standard error of right ascension (ra_error)
#   meta: !!omap
#   - {ucd: ERROR}
#   - {width: 7}
#   - {precision: '4'}
# - name: e_DE_ICRS
#   unit: mas
#   datatype: float64
#   format: '{:7.4f}'
#   description: Standard error of declination (dec_error)
#   meta: !!omap
#   - {ucd: ERROR}
#   - {width: 7}
#   - {precision: '4'}
# - name: _r_1
#   unit: ''
#   datatype: float64
#   format: '{:7.4f}'
#   description: Distance from center (346.21171585000+63.32560377000)[ICRS], at Epoch=J2016.0
#   meta: !!omap
#   - {ucd: POS_ANG_DIST_GENERAL}
#   - {width: 7}
#   - {precision: '4'}
# - name: HIP
#   datatype: int32
#   description: '? HIP cross-id number, van Leeuwen, Cat. I/311 (hip_original_ext_source_id)'
#   meta: !!omap
#   - {ucd: ID_NUMBER}
#   - {width: 6}
#   - values: {'null': -2147483648}
# - name: TYC2
#   datatype: string
#   description: Tycho-2 cross-id name, Hog et al., Cat. I/259 (tyc2_original_ext_source_id)
#   meta: !!omap
#   - {ucd: ID_CROSSID}
#   - {_votable_string_dtype: char}
# - name: Source
#   datatype: int64
#   description: Source identifier, identical to the Gaia-EDR3 source_id (id)
#   meta: !!omap
#   - {ucd: ID_MAIN}
#   - {width: 19}
# - name: rgeo
#   unit: pc
#   datatype: float64
#   format: '{:15.8f}'
#   description: '? Median of the geometric distance posterior (r_med_geo)'
#   meta: !!omap
#   - {ucd: PHYS_DISTANCE_TRUE}
#   - {width: 15}
#   - {precision: '8'}
#   - values: {'null': .nan}
# - name: Plx
#   unit: mas
#   datatype: float64
#   format: '{:9.4f}'
#   description: '? Parallax (parallax)'
#   meta: !!omap
#   - {ucd: POS_PARLX_TRIG}
#   - {width: 9}
#   - {precision: '4'}
#   - values: {'null': .nan}
# - name: e_Plx
#   unit: mas
#   datatype: float32
#   format: '{:7.4f}'
#   description: '? Standard error of parallax (parallax_error)'
#   meta: !!omap
#   - {ucd: ERROR}
#   - {width: 7}
#   - {precision: '4'}
#   - values: {'null': .nan}
# - name: pmRA
#   unit: mas / yr
#   datatype: float64
#   format: '{:9.3f}'
#   description: '? Proper motion in right ascension direction, pmRA*cosDE (pmra)'
#   meta: !!omap
#   - {ucd: POS_EQ_PMRA}
#   - {width: 9}
#   - {precision: '3'}
#   - values: {'null': .nan}
# - name: pmDE
#   unit: mas / yr
#   datatype: float64
#   format: '{:9.3f}'
#   description: '? Proper motion in declination direction (pmdec)'
#   meta: !!omap
#   - {ucd: POS_EQ_PMDEC}
#   - {width: 9}
#   - {precision: '3'}
#   - values: {'null': .nan}
# - name: e_pmRA
#   unit: mas / yr
#   datatype: float32
#   format: '{:6.3f}'
#   description: '? Standard error of proper motion in right ascension direction (pmra_error)'
#   meta: !!omap
#   - {ucd: ERROR}
#   - {width: 6}
#   - {precision: '3'}
#   - values: {'null': .nan}
# - name: e_pmDE
[...]
#         value: !astropy.table.SerializedColumn {name: SkyCoord.dec}
#       distance: !astropy.table.SerializedColumn
#         __class__: astropy.coordinates.distances.Distance
#         unit: !astropy.units.Unit {unit: pc}
#         value: !astropy.table.SerializedColumn {name: SkyCoord.distance}
#       frame: icrs
#       obstime: !astropy.time.Time {format: jyear_str, in_subfmt: '*', jd1: 367701545.0, jd2: 0.0, out_subfmt: '*', precision: 3, scale: tt}
#       pm_dec: !astropy.table.SerializedColumn
#         __class__: astropy.units.quantity.Quantity
#         unit: !astropy.units.Unit {unit: mas / yr}
#         value: !astropy.table.SerializedColumn {name: SkyCoord.pm_dec}
#       pm_ra_cosdec: !astropy.table.SerializedColumn
#         __class__: astropy.units.quantity.Quantity
#         unit: !astropy.units.Unit {unit: mas / yr}
#         value: !astropy.table.SerializedColumn {name: SkyCoord.pm_ra_cosdec}
#       ra: !astropy.table.SerializedColumn
#         __class__: astropy.coordinates.angles.Longitude
#         unit: *id001
#         value: !astropy.table.SerializedColumn {name: SkyCoord.ra}
#         wrap_angle: !astropy.coordinates.Angle
#           unit: *id001
#           value: 360.0
#       representation_type: spherical
# schema: astropy-2.0
RA_ICRS_1 DE_ICRS_1 e_RA_ICRS e_DE_ICRS _r_1 HIP TYC2 Source rgeo Plx e_Plx pmRA pmDE e_pmRA e_pmDE RUWE Teff logg Gmag BP-RP BPmag RPmag RV e_RV b_rgeo B_rgeo FG e_FG FBP e_FBP FRP e_FRP RAVE5 RAVE6 e_Gmag e_BPmag e_RPmag e_BP-RP SkyCoord.ra SkyCoord.dec SkyCoord.distance SkyCoord.pm_ra_cosdec SkyCoord.pm_dec rmRA rmDE e_rmRA e_rmDE rRV e_rRV v_pec v_pec3d e_vpec e_vpec3d
[from data line 384]
345.09233292039 62.83552209846 0.0113 0.0115 42.2983 "" "" 2207250115090288128 822.438416 1.1827 0.013 0.217 -2.202 0.014 0.014 1.03 6348.6 3.8223 13.980909 1.784611 14.84419 13.059579 -20.85 5.05 814.732605 831.504517 48148.51358 43.019 15767.0 52.247 47351.0 116.68 "" "" 0.0029210989960239764 0.004552932 0.004630506 0.0091834385 345.09233292039 62.83552209846 822.438416 0.21700000000000014 -2.202000000000001 1.390409104347229 -0.3015303392410278 0.1954387 0.1954387 -1.4585000000000008 7.9158144 5.546307404877588 5.734871234770661 1.083963097551814 2.2697563466110235
346.40156787984 63.32723691806 0.0124 0.0109 5.1145 "" "" 2207661504238185600 1040.28845 0.9295 0.0139 -1.268 -1.701 0.018 0.014 0.934 6986.8 3.9474 13.985282 1.457375 14.645143 13.187768 20.58 5.21 1027.6781 1053.34851 47955.02655 10.098 18939.0 18.248 42078.0 18.648 "" "" 0.0027647891831045807 0.0029798357 0.003809889 0.006789725 346.40156787984 63.32723691806 1040.28845 -1.268 -1.7009999999999998 -0.09459089565277101 0.1994696607589721 0.19943869 0.1954387 39.9715 8.075814 1.0885670931151117 39.9863200428123 0.21355419409748846 8.07282321904622
344.56015483763 63.29221340183 0.0116 0.0113 44.5547 "" "" 2208074577011804032 842.41626 1.1592 0.0135 -2.14 -2.863 0.015 0.014 0.936 6576.9 3.8812 13.985599 1.49398 14.668636 13.174657 -8.54 4.44 833.112793 849.613037 47941.00383 11.804 18534.0 19.484 42589.0 25.203 "" "" 0.0027682583510981323 0.0030146004 0.0038336073 0.0068482077 344.56015483763 63.29221340183 842.41626 -2.1399999999999997 -2.8630000000000004 -0.9665908956527711 -0.9625303392410278 0.1964387 0.1954387 10.851500000000001 7.305814 5.446914626747376 12.1418256947246 1.067276305075912 6.546947332708239
344.51118846457 63.61366149148 0.0123 0.0122 48.74 "" "" 2208097013920997376 718.787231 1.3656 0.0138 -0.486 0.042 0.017 0.015 1.049 5755.3 4.0097 13.986048 1.26208 14.53112 13.26904 -23.74 4.31 711.258484 725.761963 47921.17656 9.422 21036.0 19.925 39043.0 30.618 "" "" 0.00276357729950393 0.002973658 0.003874105 0.006847763 344.51118846457 63.61366149148 718.787231 -0.4860000000000001 0.04199999999999994 0.687409104347229 1.9424696607589722 0.1984387 0.1964387 -4.348499999999998 7.1758137 7.0202786811308595 8.257951623177531 1.3806241389932643 3.956750794091866
347.08238165727 63.83419879205 0.0114 0.0141 38.3594 "" "" 2207726306705060608 701.808533 1.3976 0.0148 -7.131 8.478 0.016 0.018 1.12 6057.6 4.0652 13.986391 1.197638 14.500078 13.302441 -15.65 4.45 694.329529 708.266907 47906.03308 8.7738 21646.0 18.643 37860.0 20.972 "" "" 0.0027624862056608696 0.0029426992 0.0038269365 0.0067696357 347.08238165727 63.83419879205 701.808533 -7.1309999999999985 8.478000000000003 -5.957590895652771 10.378469660758972 0.1974387 0.19943869 3.7415000000000003 7.315814 39.808596657328266 39.9840366906075 7.919716335901235 7.914628390972032
345.788301511 63.96700890605 0.0102 0.0104 40.1024 "" "" 2208481499393991168 777.239624 1.2585 0.0119 20.157 8.313 0.013 0.013 0.889 5447.4 4.1723 13.992069 1.183596 14.500738 13.317142 -45.83 4.65 772.045898 782.870422 47656.17597 6.9417 21633.0 14.563 37351.0 25.521 "" "" 0.0027598552551819974 0.0028843135 0.0038515034 0.0067358166 345.788301511 63.96700890605 777.239624 20.157000000000004 8.313 21.33040910434723 10.213469660758973 0.1944387 0.1944387 -26.438499999999998 7.515814 87.12768901656676 91.05069179098844 16.940994229823538 16.357314796408016
345.74495521009 62.76342527884 0.0109 0.0119 36.0403 "" "" 2207421707620548736 1017.54456 0.9521 0.0133 5.575 2.177 0.014 0.015 0.974 "" "" 13.992994 1.993433 14.988162 12.994729 -12.92 4.05 1005.00995 1028.96082 47615.56892 17.374 13809.0 23.224 50265.0 33.505 "" "" 0.0027836550481134905 0.0033345611 0.0038480505 0.0071826116 345.74495521009 62.76342527884 1017.54456 5.575000000000004 2.1769999999999996 6.748409104347229 4.077469660758972 0.1954387 0.1964387 6.471500000000001 6.9158144 38.02865626659184 38.57536791389805 7.442460426987789 7.428149028858462
345.31018794979 62.87228601217 0.0225 0.0253 36.5884 "" "" 2207238776376758400 878.993591 1.1022 0.0263 -4.733 -10.592 0.028 0.03 2.103 6229.2 3.4602 14.004807 2.308534 15.220649 12.912115 -57.77 1.26 859.408081 902.922058 47100.35656 19.913 11147.0 12.376 54239.0 29.425 "" "" 0.002793294435103768 0.003039431 0.0038250058 0.006864437 345.31018794979 62.87228601217 878.993591 -4.733000000000003 -10.591999999999986 -3.5595908956527706 -8.691530339241028 0.2094387 0.2114387 -38.3785 4.125814 39.13193277983499 54.81074187908356 8.26280901669265 6.568585599113099
345.92747746258 64.14974293792 0.0122 0.012 50.0207 "" "" 2208510155415686528 993.985107 0.9784 0.014 -2.595 -6.29 0.016 0.014 1.097 7065.6 3.906 14.006222 1.526193 14.707327 13.181134 -40.52 2.66 981.498901 1008.56659 47038.97747 10.785 17885.0 14.98 42335.0 32.46 "" "" 0.002766542646204568 0.0029346256 0.0038699803 0.006804606 345.92747746258 64.14974293792 993.985107 -2.595 -6.29 -1.4215908956527712 -4.389530339241028 0.1974387 0.1954387 -21.128500000000003 5.525814 21.7387617185343 30.314802874259506 4.252741639176266 4.912538029677808
347.20331062097 63.15250093227 0.0376 0.0351 28.7316 "" "" 2207459331534371072 743.167236 1.3303 0.0417 9.068 -2.034 0.046 0.04 2.874 5767.0 4.2197 14.010043 1.103194 14.297897 13.194703 -18.52 3.18 719.477478 764.831787 46873.72481 25.59 26077.0 421.18 41810.0 682.42 "" "" 0.0028183561807410343 0.01775674 0.018119842 0.03587658 347.20331062097 63.15250093227 743.167236 9.068 -2.034 10.241409104347229 -0.13353033924102764 0.2274387 0.2214387 0.871500000000001 6.045814 36.079584077002025 36.090108054970656 8.20585750478398 8.204763644903691
345.25304748334 63.39813456844 0.0215 0.0227 26.1537 "" "" 2207697959919768192 1036.02039 0.9346 0.0255 0.553 3.122 0.031 0.032 2.078 7198.8 3.9723 14.016663 1.399895 14.639719 13.239824 -18.24 5.35 1010.17102 1060.84119 46588.80545 12.642 19034.0 30.643 40108.0 26.198 "" "" 0.002771026681300587 0.0032924653 0.0038453445 0.00713781 345.25304748334 63.39813456844 1036.02039 0.5529999999999997 3.122 1.726409104347229 5.022469660758972 0.2124387 0.2134387 1.1515000000000022 8.215814 26.080445635597943 26.105853688423597 5.563826388836713 5.570212091183724
347.18646868281 62.97463156629 0.0104 0.0123 33.7812 "" "" 2207442426543173888 706.288757 1.3885 0.0128 7.528 -5.027 0.014 0.015 1.038 5529.1 4.1831 14.020927 1.218314 14.548769 13.330455 -24.79 3.73 700.198059 712.980774 46406.17032 8.1083 20697.0 15.778 36896.0 15.961 "" "" 0.002761843102931784 0.0029103474 0.003808455 0.0067188023 347.18646868281 62.97463156629 706.288757 7.528000000000003 -5.027000000000002 8.701409104347228 -3.126530339241028 0.1954387 0.1964387 -5.3984999999999985 6.5958138 30.954055905808186 31.42128863159337 6.05316779888496 6.069880956254014
346.57225964037 63.49910049059 0.0124 0.0126 14.2164 "" "" 2207667963868909568 858.914978 1.1348 0.0145 -0.834 -3.137 0.016 0.015 1.059 7485.6 4.1634 14.022344 1.318386 14.578894 13.260508 -20.87 6.65 849.416931 868.356079 46345.67048 12.024 20131.0 56.167 39351.0 138.07 "" "" 0.0027696815669485965 0.0041184486 0.0053661913 0.009484639 346.57225964037 63.49910049059 858.914978 -0.8339999999999995 -3.1370000000000013 0.33940910434722904 -1.2365303392410278 0.1974387 0.1964387 -1.4785000000000004 9.515814 5.2204339866560385 5.425761998008525 1.0258618927630965 2.774530801233441
344.62317716775 63.28774824304 0.0125 0.0122 42.8748 "" "" 2207324297764904064 830.000427 1.1771 0.0148 -2.319 -2.407 0.016 0.015 0.95 7533.8 4.1426 14.024358 1.338591 14.61693 13.278339 -30.01 7.06 820.532776 840.697754 46259.77452 8.8163 19438.0 21.849 38710.0 20.658 "" "" 0.002763079118713586 0.0030453962 0.0038235388 0.006868935 344.62317716775 63.28774824304 830.000427 -2.3189999999999986 -2.407 -1.145590895652771 -0.5065303392410279 0.1974387 0.1964387 -10.618500000000001 9.925814 4.927894649465059 11.706267036345377 0.9721529639853898 9.012785386853043
344.5584275496 62.93846692679 0.0112 0.0115 50.4891 "" "" 2207295813542093184 838.612549 1.1624 0.0133 5.212 -7.71 0.015 0.014 1.034 6535.1 3.9208 14.024825 1.552504 14.743393 13.190888 -20.82 3.45 828.243347 847.426208 46239.89341 9.42 17301.0 16.679 41957.0 20.797 "" "" 0.0027641839333271967 0.0029800392 0.0038175064 0.0067975456 344.5584275496 62.93846692679 838.612549 5.212000000000001 -7.710000000000002 6.385409104347229 -5.809530339241028 0.1964387 0.1954387 -1.4284999999999997 6.315814 34.31531941702528 34.34503980114847 6.7253375945656 6.72465067578711
346.44632951722 63.21782733986 0.0242 0.0202 9.0499 "" "" 2207648241379262080 1039.48047 0.9354 0.0263 0.804 0.194 0.032 0.026 1.899 6235.3 3.9262 14.025234 1.415277 14.583934 13.168656 -113.11 7.22 1008.80884 1069.89709 46222.44803 11.696 20037.0 46.814 42825.0 118.74 "" "" 0.0027689830077521032 0.0037709207 0.004831793 0.008602713 346.44632951722 63.21782733986 1039.48047 0.804 0.194 1.977409104347229 2.094469660758972 0.2134387 0.2074387 -93.7185 10.0858135 14.192336845771443 94.78702267396018 2.984473688027185 9.982124511231541
345.12129139885 62.82735634492 0.0217 0.0233 42.086 "" "" 2207249943291606400 808.048157 1.2101 0.0252 -2.655 -2.283 0.028 0.029 1.923 "" "" 14.027632 1.393945 14.63295 13.239005 "" "" 793.729187 827.463867 46120.48821 20.09 19153.0 17.969 40138.0 25.212 "" "" 0.0027956155070243517 0.0029702913 0.0038404209 0.006810712 345.12129139885 62.82735634492 808.048157 -2.654999999999998 -2.283 -1.4815908956527708 -0.38253033924102775 0.2094387 0.2104387 "" "" 5.860804018492019 "" 1.227846248074115 ""
344.93105315607 63.95538640546 0.0115 0.0125 50.9081 "" "" 2208524792663861504 779.977722 1.2534 0.0141 -2.586 -3.964 0.014 0.014 0.907 6621.6 4.0556 14.029378 1.320594 14.612912 13.292318 26.15 6.58 772.141785 788.210876 46046.38351 10.352 19510.0 16.966 38215.0 26.446 "" "" 0.002766111019715765 0.0029455882 0.003853346 0.006798934 344.93105315607 63.95538640546 779.977722 -2.5860000000000025 -3.964000000000002 -1.4125908956527709 -2.063530339241028 0.1954387 0.1954387 45.5415 9.445814 9.245375723454858 46.47047659017334 1.806904193304024 9.263963384661054
345.2223093631 62.94100526253 0.0108 0.0117 35.3861 "" "" 2207251867436903552 948.837708 1.022 0.013 0.384 -1.259 0.014 0.014 1.029 8741.2 4.0302 14.030354 1.581704 14.76523 13.183526 -60.08 7.06 938.414062 959.862244 46004.98141 8.9694 16956.0 23.372 42242.0 22.159 "" "" 0.0027634396052374673 0.0031661913 0.0038220559 0.006988247 345.2223093631 62.94100526253 948.837708 0.3840000000000001 -1.2590000000000003 1.557409104347229 0.6414696607589723 0.1954387 0.1954387 -40.6885 9.925814 7.575310499789131 41.387671611461975 1.4805088205256882 9.76189642476931
346.16147608307 62.91353254648 0.012 0.0128 24.7618 "" "" 2207428957525335552 919.754883 1.0506 0.0143 1.249 1.895 0.015 0.015 1.073 "" "" 14.03048 2.351022 15.281133 12.930111 -28.48 3.65 907.463257 930.994812 45999.64493 14.376 10543.0 17.578 53347.0 29.324 "" "" 0.0027761351982491726 0.003325946 0.0038262138 0.0071521597 346.16147608307 62.91353254648 919.754883 1.249 1.8950000000000002 2.422409104347229 3.795469660758972 0.1964387 0.1964387 -9.0885 6.515814 19.629827286620586 21.631711711109553 3.8560577526369926 4.44284531348759
345.25054448686 62.99429542486 0.0158 0.017 32.7583 "" "" 2207630305594843776 904.529602 1.077 0.0186 -1.435 -3.086 0.022 0.021 1.485 6321.4 3.6313 14.032949 1.95316 14.993158 13.039998 21.31 6.03 890.529358 919.164612 45895.15314 19.164 13745.0 21.519 48212.0 38.695 "" "" 0.0027923690827763225 0.0032671727 0.003878542 0.007145715 345.25054448686 62.99429542486 904.529602 -1.435 -3.0860000000000003 -0.26159089565277105 -1.1855303392410277 0.2034387 0.2024387 40.701499999999996 8.895814 5.205193762616576 41.032988489219036 1.053974876849906 8.82496121372424
345.18667722198 62.66397233556 0.0114 0.0117 48.5354 "" "" 2207232591623806336 803.246338 1.2144 0.0133 -0.872 -2.113 0.015 0.014 0.943 "" "" 14.0406 1.676168 14.832135 13.155967 7.82 9.06 796.098083 811.084351 45572.90138 9.2027 15943.0 15.76 43328.0 17.909 "" "" 0.0027640293918657134 0.0029894756 0.0038059328 0.006795408 345.18667722198 62.66397233556 803.246338 -0.872 -2.113 0.301409104347229 -0.21253033924102782 0.1964387 0.1954387 27.2115 11.925815 1.4041808391149 27.247705519528385 0.27536994353069216 11.909976599473223
346.67328074002 63.47339117343 0.012 0.0119 15.2446 "" "" 2207664768413282944 893.978394 1.0922 0.0143 10.026 -2.275 0.016 0.014 0.982 6701.6 3.7966 14.048759 1.552584 14.765937 13.213353 -11.04 6.34 882.274048 907.037231 45231.70213 10.272 16945.0 14.508 41098.0 23.568 "" "" 0.0027663306193664978 0.002940949 0.0038303249 0.006771274 346.67328074002 63.47339117343 893.978394 10.026 -2.275000000000001 11.199409104347229 -0.37453033924102774 0.1974387 0.1954387 8.351500000000001 9.205814 47.483550819263 48.21239623432476 9.374985086732055 9.369953359099805
344.65970312804 63.40896853414 0.0109 0.0116 42.0408 "" "" 2208076294998672256 860.528931 1.133 0.0132 -4.434 -1.007 0.015 0.014 0.926 5200.1 3.5269 14.050919 1.780684 14.9138 13.133117 -1.6 1.77 850.642273 869.540344 45141.83422 8.6279 14788.0 19.044 44250.0 23.767 "" "" 0.00276312359897044 0.0031209046 0.0038241076 0.006945012 344.65970312804 63.40896853414 860.528931 -4.434 -1.006999999999999 -3.260590895652771 0.8934696607589723 0.1964387 0.1954387 17.7915 4.6358137 13.789928445616603 22.509988866839226 2.7079147648004995 4.022107206355103
344.81012590529 63.83055471706 0.0111 0.0127 48.146 "" "" 2208476104914602368 784.700989 1.2481 0.0134 -4.786 4.056 0.015 0.016 1.01 6296.4 3.9968 14.060168 1.4289 14.706327 13.277428 -21.13 4.44 777.489868 792.208313 44758.90203 7.715 17901.0 16.921 38742.0 15.704 "" "" 0.002761668530182908 0.0029729335 0.00380492 0.0067778537 344.81012590529 63.83055471706 784.700989 -4.786 4.055999999999998 -3.6125908956527706 5.956469660758972 0.1964387 0.1974387 -1.7384999999999984 7.305814 25.911301374381956 25.969557585065793 5.108938529694476 5.120886538615209
347.73448543701 63.1226080057 0.0119 0.0122 42.9237 "" "" 2207538290215897216 710.700195 1.3778 0.0136 -3.576 -3.742 0.016 0.016 1.048 6648.4 4.2784 14.061639 1.242251 14.599585 13.357333 -22.14 5.26 705.332764 718.535217 44698.33605 12.318 19751.0 25.536 35994.0 28.092 "" "" 0.0027715185018754433 0.003123387 0.0038732125 0.0069965995 347.73448543701 63.1226080057 710.700195 -3.576 -3.742 -2.402590895652771 -1.8415303392410278 0.1974387 0.1974387 -2.7485 8.125814 10.197639681447008 10.56153906031799 2.01340874203874 2.8724482986378725
345.63543235815 63.39049704036 0.0127 0.0115 15.9862 "" "" 2207686277608777088 836.602661 1.1652 0.0148 -14.178 -10.232 0.017 0.014 1.059 5612.7 3.7538 14.061722 1.56786 14.779618 13.211759 -54.01 4.68 826.087769 845.998047 44694.8992 10.484 16733.0 21.74 41158.0 45.473 "" "" 0.0027670653888979967 0.0031264832 0.0039651836 0.0070916666 345.63543235815 63.39049704036 836.602661 -14.178 -10.232 -13.004590895652772 -8.331530339241027 0.1984387 0.1954387 -34.6185 7.5458136 61.24526674097347 70.35213742611515 12.100251125718339 11.169171966882939
