Clusters/UBC_178/UBC_178_members.tsv
# %ECSV 1.0
# ---
# datatype:
# - name: RA_ICRS_1
#   unit: deg
#   datatype: float64
#   format: '{:15.11f}'
#   description: Right ascension (ICRS) at Ep=2016.0 (ra)
#   meta: !!omap
#   - {ucd: POS_EQ_RA_MAIN}
#   - {width: 15}
#   - {precision: '11'}
# - name: DE_ICRS_1
#   unit: deg
#   datatype: float64
#   format: '{:15.11f}'
#   description: Declination (ICRS) at Ep=2016.0 (dec)
#   meta: !!omap
#   - {ucd: POS_EQ_DEC_MAIN}
#   - {width: 15}
#   - {precision: '11'}
# - name: e_RA_ICRS
#   unit: mas
#   datatype: float64
#   format: '{:7.4f}'
#   description: Standard error of right ascension (ra_error)
#   meta: !!omap
#   - {ucd: ERROR}
#   - {width: 7}
#   - {precision: '4'}
# - name: e_DE_ICRS
#   unit: mas
#   datatype: float64
#   format: '{:7.4f}'
#   description: Standard error of declination (dec_error)
#   meta: !!omap
#   - {ucd: ERROR}
#   - {width: 7}
#   - {precision: '4'}
# - name: _r_1
#   unit: ''
#   datatype: float64
#   format: '{:7.4f}'
#   description: Distance from center (346.21171585000+63.32560377000)[ICRS], at Epoch=J2016.0
#   meta: !!omap
#   - {ucd: POS_ANG_DIST_GENERAL}
#   - {width: 7}
#   - {precision: '4'}
# - name: HIP
#   datatype: int32
#   description: '? HIP cross-id number, van Leeuwen, Cat. I/311 (hip_original_ext_source_id)'
#   meta: !!omap
#   - {ucd: ID_NUMBER}
#   - {width: 6}
#   - values: {'null': -2147483648}
# - name: TYC2
#   datatype: string
#   description: Tycho-2 cross-id name, Hog et al., Cat. I/259 (tyc2_original_ext_source_id)
#   meta: !!omap
#   - {ucd: ID_CROSSID}
#   - {_votable_string_dtype: char}
# - name: Source
#   datatype: int64
#   description: Source identifier, identical to the Gaia-EDR3 source_id (id)
#   meta: !!omap
#   - {ucd: ID_MAIN}
#   - {width: 19}
# - name: rgeo
#   unit: pc
#   datatype: float64
#   format: '{:15.8f}'
#   description: '? Median of the geometric distance posterior (r_med_geo)'
#   meta: !!omap
#   - {ucd: PHYS_DISTANCE_TRUE}
#   - {width: 15}
#   - {precision: '8'}
#   - values: {'null': .nan}
# - name: Plx
#   unit: mas
#   datatype: float64
#   format: '{:9.4f}'
#   description: '? Parallax (parallax)'
#   meta: !!omap
#   - {ucd: POS_PARLX_TRIG}
#   - {width: 9}
#   - {precision: '4'}
#   - values: {'null': .nan}
# - name: e_Plx
#   unit: mas
#   datatype: float32
#   format: '{:7.4f}'
#   description: '? Standard error of parallax (parallax_error)'
#   meta: !!omap
#   - {ucd: ERROR}
#   - {width: 7}
#   - {precision: '4'}
#   - values: {'null': .nan}
# - name: pmRA
#   unit: mas / yr
#   datatype: float64
#   format: '{:9.3f}'
#   description: '? Proper motion in right ascension direction, pmRA*cosDE (pmra)'
#   meta: !!omap
#   - {ucd: POS_EQ_PMRA}
#   - {width: 9}
#   - {precision: '3'}
#   - values: {'null': .nan}
# - name: pmDE
#   unit: mas / yr
#   datatype: float64
#   format: '{:9.3f}'
#   description: '? Proper motion in declination direction (pmdec)'
#   meta: !!omap
#   - {ucd: POS_EQ_PMDEC}
#   - {width: 9}
#   - {precision: '3'}
#   - values: {'null': .nan}
# - name: e_pmRA
#   unit: mas / yr
#   datatype: float32
#   format: '{:6.3f}'
#   description: '? Standard error of proper motion in right ascension direction (pmra_error)'
#   meta: !!omap
#   - {ucd: ERROR}
#   - {width: 6}
#   - {precision: '3'}
#   - values: {'null': .nan}
# - name: e_pmDE
[...]
#         unit: &id001 !astropy.units.Unit {unit: deg}
#         value: !astropy.table.SerializedColumn {name: SkyCoord.dec}
#       distance: !astropy.table.SerializedColumn
#         __class__: astropy.coordinates.distances.Distance
#         unit: !astropy.units.Unit {unit: pc}
#         value: !astropy.table.SerializedColumn {name: SkyCoord.distance}
#       frame: icrs
#       obstime: !astropy.time.Time {format: jyear_str, in_subfmt: '*', jd1: 367701545.0, jd2: 0.0, out_subfmt: '*', precision: 3, scale: tt}
#       pm_dec: !astropy.table.SerializedColumn
#         __class__: astropy.units.quantity.Quantity
#         unit: !astropy.units.Unit {unit: mas / yr}
#         value: !astropy.table.SerializedColumn {name: SkyCoord.pm_dec}
#       pm_ra_cosdec: !astropy.table.SerializedColumn
#         __class__: astropy.units.quantity.Quantity
#         unit: !astropy.units.Unit {unit: mas / yr}
#         value: !astropy.table.SerializedColumn {name: SkyCoord.pm_ra_cosdec}
#       ra: !astropy.table.SerializedColumn
#         __class__: astropy.coordinates.angles.Longitude
#         unit: *id001
#         value: !astropy.table.SerializedColumn {name: SkyCoord.ra}
#         wrap_angle: !astropy.coordinates.Angle
#           unit: *id001
#           value: 360.0
#       representation_type: spherical
# schema: astropy-2.0
RA_ICRS_1 DE_ICRS_1 e_RA_ICRS e_DE_ICRS _r_1 HIP TYC2 Source rgeo Plx e_Plx pmRA pmDE e_pmRA e_pmDE RUWE Teff logg Gmag BP-RP BPmag RPmag RV e_RV b_rgeo B_rgeo FG e_FG FBP e_FBP FRP e_FRP RAVE5 RAVE6 e_Gmag e_BPmag e_RPmag e_BP-RP SkyCoord.ra SkyCoord.dec SkyCoord.distance SkyCoord.pm_ra_cosdec SkyCoord.pm_dec Pmemb
345.83386132764 63.55053727225 0.0127 0.0128 16.8794 113849 4282-158-1 2207705759580888832 838.093079 1.1718 0.0149 -1.28 -1.948 0.018 0.016 0.957 20790.5 3.763 8.4739 0.491927 8.640593 8.148665 -54.35 9.08 828.111816 848.485962 7680449.78835 1937.4 4777300.0 3258.2 4362100.0 1684.5 "" "" 0.002768898427599107 0.0028867584 0.0038025675 0.006689326 345.83386132764 63.55053727225 838.093079 -1.28 -1.948 0.96
346.18916639929 63.35147841941 0.0101 0.0102 1.667 "" 4282-449-1 2207642090985941632 844.72229 1.1676 0.012 -1.494 -2.009 0.015 0.013 0.943 19377.3 3.7863 9.187728 0.690023 9.441913 8.751889 -59.77 7.48 834.72113 852.600769 3979746.72016 822.38 2283800.0 1412.5 2502700.0 597.91 "" "" 0.002764439523789175 0.0028698395 0.0037882726 0.006658112 346.18916639929 63.35147841941 844.72229 -1.494 -2.009 0.91
346.77730400316 63.32695571238 0.0138 0.0117 15.234 "" 4282-99-1 2207650268603818368 841.575928 1.1725 0.0153 -1.219 -1.771 0.018 0.014 1.085 "" "" 10.285245 0.894149 10.641461 9.747313 "" "" 833.003235 852.269348 1448267.04608 575.39 756540.0 413.5 1000500.0 355.03 "" "" 0.002788881357558914 0.0028525786 0.0037989689 0.0066515477 346.77730400316 63.32695571238 841.575928 -1.2189999999999999 -1.7709999999999997 0.86
346.58002428109 63.41436366548 0.0102 0.01 11.246 "" 4282-135-1 2207664390451005824 856.704834 1.1519 0.0119 -1.476 -1.79 0.014 0.012 0.957 "" "" 10.737511 0.640368 10.974831 10.334462 "" "" 847.277954 865.441711 954866.31597 167.66 556530.0 267.99 582600.0 146.83 "" "" 0.002761907410001498 0.0028387306 0.0037892747 0.0066280053 346.58002428109 63.41436366548 856.704834 -1.4759999999999998 -1.7900000000000003 0.9
346.8976385211 63.224470588 0.0125 0.0122 19.4771 "" 4282-51-1 2207458536963196544 818.409119 1.173 0.0149 -0.953 -2.015 0.015 0.014 0.877 "" "" 11.409988 0.832182 11.70192 10.869739 -7.15 33.51 809.42926 827.482971 513985.9963 240.55 284870.0 466.63 355850.0 2580.6 "" "" 0.00280178330723497 0.003308785 0.008733765 0.01204255 346.8976385211 63.224470588 818.409119 -0.9530000000000003 -2.015 0.92
345.72616756744 63.29785836433 0.0147 0.0128 13.1901 "" "" 2207687686358107264 814.264221 1.1825 0.0173 -1.356 -1.839 0.021 0.016 1.001 "" "" 11.489481 0.840383 11.81835 10.977966 "" "" 803.637512 825.827454 477698.8425 159.78 255900.0 246.08 322090.0 215.58 "" "" 0.0027791493787538224 0.0029791163 0.0038486128 0.006827729 345.72616756744 63.29785836433 814.264221 -1.3560000000000003 -1.8390000000000002 0.96
346.29132970265 63.39571256685 0.0156 0.0152 4.7204 "" 4282-451-1 2207665764845665920 803.361511 1.2003 0.0178 -0.915 -2.03 0.023 0.019 1.26 6765.3 3.724 11.58935 0.746518 11.874952 11.128434 "" "" 792.555359 813.794189 435719.33674 72.551 242900.0 127.14 280400.0 68.06 "" "" 0.002761244718362667 0.0028474578 0.0037885588 0.0066360165 346.29132970265 63.39571256685 803.361511 -0.915 -2.03 0.96
346.48571673794 63.32409078753 0.0108 0.0077 7.381 "" 4282-269-1 2207661572957683712 836.476868 1.1564 0.0106 -0.94 -1.911 0.015 0.009 0.78 "" "" 11.886579 0.766167 12.183173 11.417006 -23.61 14.27 830.699951 842.880676 331371.52201 46.567 182870.0 103.39 214960.0 57.379 "" "" 0.0027595414414081044 0.0028568963 0.0037904773 0.0066473735 346.48571673794 63.32409078753 836.476868 -0.9399999999999998 -1.911 0.93
345.9988011616 63.40060792669 0.009 0.0091 7.2839 "" "" 2207689949799632896 848.376526 1.1556 0.0107 -1.215 -1.801 0.013 0.012 0.963 "" "" 12.084849 0.879279 12.430812 11.551533 -6.81 22.25 841.172119 855.718628 276062.35081 35.575 145580.0 88.806 189910.0 96.369 "" "" 0.0027588703141094564 0.0028677012 0.0038193292 0.00668703 345.9988011616 63.40060792669 848.376526 -1.215 -1.8010000000000002 0.97
346.61344750711 63.52295073019 0.0081 0.0085 16.0153 "" 4282-43-1 2207668852922629504 837.546875 1.1761 0.0098 -1.196 -2.06 0.011 0.01 0.979 8842.6 3.903 12.106893 1.083652 12.559248 11.475595 -12.21 3.41 829.113342 846.06012 270514.06549 42.536 129340.0 76.346 203670.0 108.2 "" "" 0.002760604213029749 0.0028628267 0.0038231432 0.00668597 346.61344750711 63.52295073019 837.546875 -1.1959999999999997 -2.06 0.98
345.49902218262 63.2548067453 0.0086 0.0084 19.6838 "" 4282-833-1 2207682115780702464 840.590942 1.1705 0.0106 -1.47 -2.069 0.012 0.011 0.875 "" "" 12.137793 0.879052 12.48662 11.607568 "" "" 834.318542 847.002625 262923.77173 43.21 138280.0 71.672 180360.0 67.746 "" "" 0.002761091859411228 0.0028463546 0.0038013214 0.006647676 345.49902218262 63.2548067453 840.590942 -1.4700000000000002 -2.069 0.96
346.71301946578 63.30864562967 0.0093 0.0078 13.5449 "" "" 2207650436102867584 830.547852 1.1893 0.0103 -1.234 -1.862 0.012 0.009 0.931 "" "" 12.28476 0.923865 12.653379 11.729514 -14.65 14.68 824.271423 837.485718 229637.40505 28.442 118590.0 66.904 161200.0 41.404 "" "" 0.002758599816835392 0.0028566138 0.0037896563 0.00664627 346.71301946578 63.30864562967 830.547852 -1.234 -1.8620000000000005 0.98
345.99468554844 63.22960446241 0.0104 0.0094 8.2136 "" "" 2207636696506450560 860.273254 1.1493 0.0121 -1.357 -1.865 0.013 0.011 1.004 "" "" 12.605804 1.093712 13.062268 11.968556 -15.82 13.98 850.11084 869.132141 170854.00049 30.419 81378.0 56.316 129340.0 55.006 "" "" 0.002762092757019041 0.0028895661 0.003807484 0.0066970503 345.99468554844 63.22960446241 860.273254 -1.3570000000000002 -1.865 0.95
346.03724957724 63.49353314397 0.0097 0.0097 11.1119 "" "" 2207694176047447040 808.548218 1.2158 0.0114 -1.037 -1.905 0.013 0.012 1.07 "" "" 12.660446 0.734663 12.922199 12.187536 "" "" 799.869202 817.203186 162468.19521 32.933 92584.0 83.267 105720.0 116.73 "" "" 0.002764095890003346 0.0029561042 0.003964955 0.0069210595 346.03724957724 63.49353314397 808.548218 -1.0369999999999997 -1.905 0.97
345.64527578939 63.4224485757 0.0083 0.0082 16.3022 "" "" 2207692977757746048 834.620361 1.1799 0.01 -1.431 -2.141 0.011 0.01 0.903 "" "" 12.705162 0.877255 13.054521 12.177266 "" "" 827.348083 841.794739 155912.79618 20.424 81961.0 46.281 106720.0 33.357 "" "" 0.0027589885909442805 0.0028567323 0.0037945875 0.0066513196 345.64527578939 63.4224485757 834.620361 -1.4310000000000003 -2.1410000000000005 0.84
345.95442050813 63.39015384266 0.0088 0.0088 7.9323 "" "" 2207688476632655488 844.684021 1.1704 0.0103 -1.262 -2.021 0.012 0.01 0.911 "" "" 12.798078 0.948985 13.18225 12.233265 "" "" 836.790894 852.641663 143125.04944 21.735 72865.0 31.675 101360.0 36.661 "" "" 0.002760249057783561 0.0028298078 0.003799729 0.006629537 345.95442050813 63.39015384266 844.684021 -1.2619999999999996 -2.0209999999999995 0.98
346.46714706152 63.42236431205 0.0105 0.0099 8.9934 "" "" 2207666005363855616 856.434875 1.1495 0.0118 -1.172 -2.096 0.014 0.012 0.964 "" "" 12.831988 0.849881 13.16914 12.319259 "" "" 848.703735 864.668213 138723.92797 21.315 73750.0 36.479 93639.0 34.437 "" "" 0.0027603658489575283 0.0028413832 0.0038004161 0.0066417996 346.46714706152 63.42236431205 856.434875 -1.1720000000000002 -2.0959999999999996 0.97
346.23893900576 63.41794464582 0.0132 0.0133 5.5886 "" "" 2207643327936486528 854.083435 1.1525 0.0156 -1.191 -1.783 0.018 0.015 1.258 "" "" 12.872492 0.860599 13.213521 12.352922 "" "" 842.644897 866.888611 133644.19062 26.092 70796.0 63.452 90780.0 36.794 "" "" 0.002763461990021685 0.0029549936 0.0038049151 0.006759909 346.23893900576 63.41794464582 854.083435 -1.1909999999999998 -1.783 0.88
346.62961407164 63.19608502891 0.012 0.0117 13.6989 "" "" 2207644461808092672 834.573608 1.1838 0.0137 -0.849 -2.175 0.016 0.014 1.04 7504.1 3.8527 12.901795 1.331015 13.489785 12.158771 -18.5 6.58 825.489685 844.169495 130085.42289 22.477 54891.0 42.395 108560.0 39.787 "" "" 0.0027616993597390943 0.002913459 0.003800272 0.006713731 346.62961407164 63.19608502891 834.573608 -0.8489999999999999 -2.175 0.82
346.56269526677 63.45036727605 0.0118 0.0115 12.0425 "" "" 2207667620271559424 804.937622 1.2219 0.0137 -1.037 -1.684 0.016 0.014 1.039 7493.5 3.9587 12.985548 0.9728 13.381942 12.409142 "" "" 798.067871 814.992493 120427.97404 20.886 60623.0 31.716 86199.0 24.167 "" "" 0.0027617470196298283 0.002847402 0.0037916205 0.0066390224 346.56269526677 63.45036727605 804.937622 -1.0370000000000001 -1.6840000000000002 0.96
346.18342346504 63.35886775109 0.0095 0.0092 2.1362 "" "" 2207642159700177920 835.797913 1.1707 0.011 -1.36 -2.041 0.014 0.012 1.036 "" "" 13.152892 1.034455 13.476747 12.442291 "" "" 828.422546 843.872437 103226.15096 27.119 55554.0 813.69 83607.0 971.8 "" "" 0.002770045205314405 0.016145509 0.013173744 0.029319253 346.18342346504 63.35886775109 835.797913 -1.3600000000000003 -2.041 0.95
346.38796469832 63.17907017735 0.0088 0.0081 9.9976 "" "" 2207647897781892608 832.371826 1.1731 0.01 -0.866 -1.921 0.011 0.01 0.975 "" "" 13.19102 1.07102 13.633974 12.562954 "" "" 826.536133 841.68335 99664.09661 26.179 48065.0 46.698 74813.0 43.702 "" "" 0.0027700404999120164 0.0029829133 0.003832229 0.006815142 346.38796469832 63.17907017735 832.371826 -0.8659999999999999 -1.921 0.92
346.77097878751 63.21694228947 0.0095 0.0088 16.4402 "" "" 2207645836197640704 833.736572 1.1716 0.0111 -1.033 -1.731 0.012 0.011 0.998 "" "" 13.266925 1.090245 13.717997 12.627751 "" "" 826.042114 840.734558 92934.49682 14.542 44485.0 31.884 70479.0 25.966 "" "" 0.0027605529347838427 0.002896657 0.0038004913 0.006697148 346.77097878751 63.21694228947 833.736572 -1.0329999999999997 -1.7309999999999999 0.97
345.54071384002 63.13539868824 0.0102 0.0102 21.4254 "" "" 2207632813855988352 840.090088 1.16 0.0121 -1.447 -2.016 0.014 0.013 1.006 6587.7 3.7193 13.330152 1.504264 14.018901 12.514637 -23.74 4.0 830.978882 849.385803 87677.08785 15.654 33718.0 24.764 78217.0 31.263 "" "" 0.002762130850374338 0.0029018815 0.003804215 0.006706096 345.54071384002 63.13539868824 840.090088 -1.447 -2.0160000000000005 0.93
346.91639030542 63.23382347187 0.0101 0.0096 19.7922 "" "" 2207458644339502336 811.653809 1.2005 0.0118 -1.15 -1.819 0.013 0.012 1.043 "" "" 13.40103 1.09481 13.856212 12.761401 "" "" 804.25824 818.639648 82136.28086 12.02 39168.0 28.149 62316.0 29.82 "" "" 0.0027598976631434116 0.0028972228 0.0038149266 0.0067121494 346.91639030542 63.23382347187 811.653809 -1.15 -1.8190000000000002 0.91
346.21242668254 63.29969087967 0.011 0.0096 1.5549 "" "" 2207638792451101696 855.311646 1.1449 0.0122 -1.286 -1.819 0.015 0.012 0.913 "" "" 13.421288 1.568102 14.146428 12.578326 -4.38 6.08 846.101135 863.82959 80617.9387 15.484 29981.0 33.025 73761.0 31.783 "" "" 0.0027632002485608476 0.0030356874 0.0038082274 0.0068439147 346.21242668254 63.29969087967 855.311646 -1.286 -1.819 0.98
346.27123905388 63.12654698183 0.0155 0.0146 12.0513 "" "" 2207624189561804032 808.208679 1.209 0.0176 -1.125 -1.734 0.02 0.018 1.693 "" "" 13.542853 1.234237 14.07409 12.839853 "" "" 798.583984 818.852417 72078.46055 11.536 32047.0 30.946 57972.0 25.792 "" "" 0.00276079432697492 0.002980648 0.0038101263 0.0067907744 346.27123905388 63.12654698183 808.208679 -1.1250000000000002 -1.7339999999999998 0.91
345.84905912512 63.33443421299 0.0101 0.0101 9.7811 "" "" 2207688236113921664 853.028137 1.1444 0.0126 -0.997 -1.82 0.015 0.012 0.912 7489.9 4.0651 13.581462 1.242431 14.120544 12.878114 "" "" 843.630615 861.496216 69560.36227 11.038 30704.0 26.599 55965.0 21.583 "" "" 0.002760701407867788 0.0029444413 0.0038025058 0.006746947 345.84905912512 63.33443421299 853.028137 -0.9970000000000001 -1.8200000000000003 0.98
345.97810447502 63.31975830016 0.0114 0.0107 6.3028 "" "" 2207640922754215936 850.618408 1.1473 0.0141 -1.125 -1.777 0.015 0.013 1.036 "" "" 13.602775 1.699208 14.413585 12.714376 6.64 6.74 841.051575 860.086121 68208.2404 41.53 23441.0 58.313 65074.0 118.45 "" "" 0.002833514925894022 0.0038833078 0.0042649116 0.008148219 345.97810447502 63.31975830016 850.618408 -1.125 -1.777 0.98
346.40471358681 63.20223068634 0.0109 0.0094 9.0518 "" "" 2207648103940310400 840.800293 1.1589 0.012 -0.89 -1.896 0.014 0.012 0.928 6576.7 3.8746 13.656818 1.419461 14.295684 12.876223 -20.74 4.99 832.173645 847.742798 64896.23361 16.227 26130.0 35.583 56062.0 35.955 "" "" 0.0027686625939402107 0.0031577004 0.0038429939 0.007000694 346.40471358681 63.20223068634 840.800293 -0.8899999999999999 -1.8959999999999997 0.94
346.66767195341 63.33270598778 0.0112 0.0103 12.2871 "" "" 2207651161956989568 844.648376 1.1583 0.0129 -1.012 -1.812 0.016 0.012 0.917 6734.4 3.9694 13.689015 1.378604 14.304907 12.926303 4.06 6.17 835.54895 853.349915 63000.01849 11.618 25909.0 21.539 53535.0 24.736 "" "" 0.0027625855358017963 0.002932533 0.0038125315 0.0067450646 346.66767195341 63.33270598778 844.648376 -1.012 -1.8119999999999998 0.96
346.1284348387 63.32836790483 0.0112 0.0113 2.2492 "" "" 2207641678669084288 831.868042 1.1683 0.0133 -1.163 -1.791 0.016 0.013 1.006 6360.7 3.8249 13.766965 1.574945 14.499478 12.924533 -15.08 3.66 822.905273 840.832764 58635.51274 13.054 21658.0 26.957 53622.0 33.281 "" "" 0.002765902476198404 0.003100206 0.0038389883 0.006939194 346.1284348387 63.32836790483 831.868042 -1.163 -1.7910000000000001 0.98
346.89097789806 63.52198002922 0.0106 0.0112 21.7091 "" "" 2207670953166201856 829.789795 1.1719 0.013 -1.037 -1.909 0.015 0.014 1.063 5555.4 3.599 13.865705 1.877975 14.79004 12.912066 -15.16 5.48 822.094788 838.300781 53538.32639 51.867 16573.0 59.366 54242.0 135.62 "" "" 0.00294926459606054 0.0047865403 0.0046532783 0.009439819 346.89097789806 63.52198002922 829.789795 -1.037 -1.9090000000000003 0.98
346.48633692 63.310734121 0.0464 0.0397 7.4525 "" "" 2207649821927170816 810.551147 1.1997 0.0517 -0.679 -1.962 0.064 0.049 3.743 5929.2 3.9 13.899695 1.612498 14.603252 12.990754 -20.43 6.5 778.652527 844.911011 51888.18055 47.099 19684.0 48.002 50449.0 100.15 "" "" 0.002926268680704446 0.0038464805 0.004350789 0.008197269 346.48633692 63.310734121 810.551147 -0.6789999999999998 -1.9619999999999997 0.86
345.46637085311 63.36080590461 0.0127 0.0127 20.1745 "" "" 2207686518126936448 824.095337 1.1816 0.015 -1.222 -1.601 0.017 0.016 1.027 6436.2 3.9956 14.310159 1.559637 15.033888 13.474251 -42.91 2.73 814.749695 834.743652 35553.58763 7.0048 13239.0 20.407 32319.0 21.383 "" "" 0.002763611414895205 0.0032536045 0.0038470444 0.007100649 345.46637085311 63.36080590461 824.095337 -1.222 -1.601 0.93
346.34240586557 63.3740049409 0.0142 0.0132 4.5612 "" "" 2207665455608050176 820.805359 1.1881 0.0161 -0.991 -2.046 0.021 0.017 0.931 5506.7 4.0929 14.424854 1.548561 15.142768 13.594207 9.3 4.76 811.594421 833.087463 31989.31599 66.335 11976.0 87.758 28938.0 168.8 "" "" 0.003558203378062858 0.00843115 0.007375234 0.015806384 346.34240586557 63.3740049409 820.805359 -0.991 -2.0460000000000003 0.87
345.96687162872 63.44566368179 0.0167 0.0162 9.7572 "" "" 2207691053612994560 808.413452 1.2095 0.0195 -1.324 -1.977 0.022 0.02 1.166 5475.8 3.8414 14.668529 1.699254 15.475598 13.776344 78.24 9.21 797.251343 822.054688 25558.49297 26.621 8814.1 33.921 24469.0 74.169 "" "" 0.0029783654600302844 0.0050243884 0.0050114407 0.01003583 345.96687162872 63.44566368179 808.413452 -1.3239999999999998 -1.9770000000000003 0.89
345.95092803993 63.15042127515 0.0188 0.0185 12.6539 "" "" 2207635459555919872 873.031616 1.1163 0.0219 -1.092 -2.039 0.025 0.023 0.995 5506.7 4.0791 15.198331 1.956243 16.162687 14.206445 -104.91 6.94 857.623718 890.394531 15689.69354 76.416 4681.0 76.943 16466.0 205.39 "" "" 0.005962808040792039 0.018063363 0.014060479 0.03212384 345.95092803993 63.15042127515 873.031616 -1.092 -2.039 0.94
346.66723195503 63.4138793755 0.0253 0.025 13.3465 "" "" 2207663634541959552 881.562012 1.0992 0.0301 -1.232 -2.045 0.036 0.031 1.18 6672.9 4.3592 15.392416 1.498986 16.077888 14.578902 "" "" 860.699951 903.82666 13121.40254 4.0109 5061.3 12.031 11684.0 13.064 "" "" 0.002775236237799521 0.0038007726 0.0039695664 0.007770339 346.66723195503 63.4138793755 881.562012 -1.2320000000000002 -2.0449999999999995 0.9
