Clusters/UBC_178/UBC_178_members.tsv
# %ECSV 1.0
# ---
# datatype:
# - name: RA_ICRS_1
#   unit: deg
#   datatype: float64
#   format: '{:15.11f}'
#   description: Right ascension (ICRS) at Ep=2016.0 (ra)
#   meta: !!omap
#   - {ucd: POS_EQ_RA_MAIN}
#   - {width: 15}
#   - {precision: '11'}
# - name: DE_ICRS_1
#   unit: deg
#   datatype: float64
#   format: '{:15.11f}'
#   description: Declination (ICRS) at Ep=2016.0 (dec)
#   meta: !!omap
#   - {ucd: POS_EQ_DEC_MAIN}
#   - {width: 15}
#   - {precision: '11'}
# - name: e_RA_ICRS
#   unit: mas
#   datatype: float64
#   format: '{:7.4f}'
#   description: Standard error of right ascension (ra_error)
#   meta: !!omap
#   - {ucd: ERROR}
#   - {width: 7}
#   - {precision: '4'}
# - name: e_DE_ICRS
#   unit: mas
#   datatype: float64
#   format: '{:7.4f}'
#   description: Standard error of declination (dec_error)
#   meta: !!omap
#   - {ucd: ERROR}
#   - {width: 7}
#   - {precision: '4'}
# - name: _r_1
#   unit: ''
#   datatype: float64
#   format: '{:7.4f}'
#   description: Distance from center (346.21171585000+63.32560377000)[ICRS], at Epoch=J2016.0
#   meta: !!omap
#   - {ucd: POS_ANG_DIST_GENERAL}
#   - {width: 7}
#   - {precision: '4'}
# - name: HIP
#   datatype: int32
#   description: '? HIP cross-id number, van Leeuwen, Cat. I/311 (hip_original_ext_source_id)'
#   meta: !!omap
#   - {ucd: ID_NUMBER}
#   - {width: 6}
#   - values: {'null': -2147483648}
# - name: TYC2
#   datatype: string
#   description: Tycho-2 cross-id name, Hog et al., Cat. I/259 (tyc2_original_ext_source_id)
#   meta: !!omap
#   - {ucd: ID_CROSSID}
#   - {_votable_string_dtype: char}
# - name: Source
#   datatype: int64
#   description: Source identifier, identical to the Gaia-EDR3 source_id (id)
#   meta: !!omap
#   - {ucd: ID_MAIN}
#   - {width: 19}
# - name: rgeo
#   unit: pc
#   datatype: float64
#   format: '{:15.8f}'
#   description: '? Median of the geometric distance posterior (r_med_geo)'
#   meta: !!omap
#   - {ucd: PHYS_DISTANCE_TRUE}
#   - {width: 15}
#   - {precision: '8'}
#   - values: {'null': .nan}
# - name: Plx
#   unit: mas
#   datatype: float64
#   format: '{:9.4f}'
#   description: '? Parallax (parallax)'
#   meta: !!omap
#   - {ucd: POS_PARLX_TRIG}
#   - {width: 9}
#   - {precision: '4'}
#   - values: {'null': .nan}
# - name: e_Plx
#   unit: mas
#   datatype: float32
#   format: '{:7.4f}'
#   description: '? Standard error of parallax (parallax_error)'
#   meta: !!omap
#   - {ucd: ERROR}
#   - {width: 7}
#   - {precision: '4'}
#   - values: {'null': .nan}
# - name: pmRA
#   unit: mas / yr
#   datatype: float64
#   format: '{:9.3f}'
#   description: '? Proper motion in right ascension direction, pmRA*cosDE (pmra)'
#   meta: !!omap
#   - {ucd: POS_EQ_PMRA}
#   - {width: 9}
#   - {precision: '3'}
#   - values: {'null': .nan}
# - name: pmDE
#   unit: mas / yr
#   datatype: float64
#   format: '{:9.3f}'
#   description: '? Proper motion in declination direction (pmdec)'
#   meta: !!omap
#   - {ucd: POS_EQ_PMDEC}
#   - {width: 9}
#   - {precision: '3'}
#   - values: {'null': .nan}
# - name: e_pmRA
#   unit: mas / yr
#   datatype: float32
#   format: '{:6.3f}'
#   description: '? Standard error of proper motion in right ascension direction (pmra_error)'
#   meta: !!omap
#   - {ucd: ERROR}
#   - {width: 6}
#   - {precision: '3'}
#   - values: {'null': .nan}
# - name: e_pmDE
[...]
#         unit: &id001 !astropy.units.Unit {unit: deg}
#         value: !astropy.table.SerializedColumn {name: SkyCoord.dec}
#       distance: !astropy.table.SerializedColumn
#         __class__: astropy.coordinates.distances.Distance
#         unit: !astropy.units.Unit {unit: pc}
#         value: !astropy.table.SerializedColumn {name: SkyCoord.distance}
#       frame: icrs
#       obstime: !astropy.time.Time {format: jyear_str, in_subfmt: '*', jd1: 367701545.0, jd2: 0.0, out_subfmt: '*', precision: 3, scale: tt}
#       pm_dec: !astropy.table.SerializedColumn
#         __class__: astropy.units.quantity.Quantity
#         unit: !astropy.units.Unit {unit: mas / yr}
#         value: !astropy.table.SerializedColumn {name: SkyCoord.pm_dec}
#       pm_ra_cosdec: !astropy.table.SerializedColumn
#         __class__: astropy.units.quantity.Quantity
#         unit: !astropy.units.Unit {unit: mas / yr}
#         value: !astropy.table.SerializedColumn {name: SkyCoord.pm_ra_cosdec}
#       ra: !astropy.table.SerializedColumn
#         __class__: astropy.coordinates.angles.Longitude
#         unit: *id001
#         value: !astropy.table.SerializedColumn {name: SkyCoord.ra}
#         wrap_angle: !astropy.coordinates.Angle
#           unit: *id001
#           value: 360.0
#       representation_type: spherical
# schema: astropy-2.0
RA_ICRS_1 DE_ICRS_1 e_RA_ICRS e_DE_ICRS _r_1 HIP TYC2 Source rgeo Plx e_Plx pmRA pmDE e_pmRA e_pmDE RUWE Teff logg Gmag BP-RP BPmag RPmag RV e_RV b_rgeo B_rgeo FG e_FG FBP e_FBP FRP e_FRP RAVE5 RAVE6 e_Gmag e_BPmag e_RPmag e_BP-RP SkyCoord.ra SkyCoord.dec SkyCoord.distance SkyCoord.pm_ra_cosdec SkyCoord.pm_dec Pmemb
[from data line 40]
345.72177466522 63.44193790149 0.0226 0.0224 14.9053 "" "" 2207693115196702336 843.770996 1.1518 0.0263 -1.344 -1.804 0.03 0.027 0.974 5088.2 3.8493 15.571621 1.907917 16.513607 14.60569 "" "" 825.407654 864.383728 11124.96115 17.799 3388.2 29.047 11399.0 59.692 "" "" 0.0032571856441431122 0.009717201 0.0068271062 0.016544307 345.72177466522 63.44193790149 843.770996 -1.3440000000000003 -1.8039999999999998 0.98
346.71830034593 63.36671007177 0.0251 0.0233 13.8564 "" "" 2207651539914097536 835.780029 1.1633 0.0293 -0.991 -1.876 0.035 0.028 0.978 4905.4 4.174 15.698251 1.906234 16.641726 14.735492 "" "" 817.231384 858.302612 9900.25316 24.005 3011.1 29.825 10115.0 69.051 "" "" 0.003810801302602148 0.011110295 0.008319838 0.019430133 346.71830034593 63.36671007177 835.780029 -0.9910000000000001 -1.8760000000000001 0.95
346.47725601208 63.08619188313 0.0218 0.0212 16.0601 "" "" 2207455792481225600 845.099609 1.1498 0.0259 -1.133 -1.927 0.029 0.026 0.976 6491.1 4.0434 15.716507 2.138056 16.807219 14.669163 "" "" 830.449768 863.409424 9735.18234 11.734 2585.4 17.71 10752.0 36.118 "" "" 0.0030503075707249763 0.007943452 0.005252213 0.013195666 346.47725601208 63.08619188313 845.099609 -1.1330000000000005 -1.927 0.88
345.85894623188 63.11366966219 0.0236 0.0242 15.8949 "" "" 2207634738001419392 838.033203 1.1583 0.0291 -1.188 -1.989 0.034 0.031 1.021 5495.9 4.0119 15.717469 1.983378 16.710264 14.726886 "" "" 821.460449 853.913269 9726.55694 13.927 2826.9 21.082 10195.0 35.884 "" "" 0.0031636396490521647 0.008564282 0.005374743 0.013939025 345.85894623188 63.11366966219 838.033203 -1.1880000000000002 -1.9890000000000003 0.95
346.43246939424 63.51320244816 0.0276 0.0279 12.7209 "" "" 2207714383875401728 798.583313 1.216 0.0332 -1.063 -1.951 0.035 0.032 1.08 6727.8 4.2043 15.801242 2.063605 16.83792 14.774314 "" "" 781.486267 816.211731 9004.30059 16.651 2513.3 18.822 9759.6 74.423 "" "" 0.003409243630576843 0.008596438 0.00910123 0.017697668 346.43246939424 63.51320244816 798.583313 -1.0630000000000002 -1.951 0.92
346.3716376638 63.35961956235 0.0286 0.0255 4.7643 "" "" 2207662431951090816 822.898743 1.1751 0.0322 -1.161 -1.684 0.043 0.033 0.97 4684.4 4.1492 15.945329 2.070984 17.00033 14.929346 "" "" 804.791626 845.057678 7885.24931 7.2003 2164.1 11.753 8461.0 20.886 "" "" 0.002928260784143682 0.0065233414 0.0046332376 0.0111565795 346.3716376638 63.35961956235 822.898743 -1.161 -1.6839999999999997 0.95
346.76116659334 63.20642519977 0.0275 0.0255 16.464 "" "" 2207645836197643776 823.766418 1.1757 0.0319 -1.029 -1.784 0.035 0.031 1.013 5005.3 4.2156 15.970351 1.997912 16.974636 14.976724 "" "" 803.315735 847.760681 7705.59749 10.049 2216.0 14.593 8099.7 32.343 "" "" 0.00309784413718297 0.0076750196 0.00575152 0.0134265395 346.76116659334 63.20642519977 823.766418 -1.029 -1.7839999999999998 0.82
346.03283399323 63.41823305781 0.0294 0.0262 7.3505 "" "" 2207690091540355456 814.898438 1.1978 0.032 -1.231 -1.886 0.038 0.033 0.975 4942.0 4.2096 16.052567 2.00899 17.065588 15.056598 "" "" 799.289368 833.511719 7143.64319 5.1812 2037.9 11.511 7525.2 16.346 "" "" 0.0028656414565612943 0.0067376206 0.004454861 0.011192482 346.03283399323 63.41823305781 814.898438 -1.2310000000000003 -1.886 0.93
346.1643624569 63.52344309336 0.028 0.0261 11.9382 "" "" 2207691740807748096 822.721497 1.1934 0.0314 -1.091 -1.885 0.037 0.032 1.02 4752.0 4.2055 16.112076 1.965583 17.09366 15.128077 "" "" 802.422302 841.063538 6762.63792 9.9556 1985.9 13.66 7045.7 29.439 "" "" 0.003185365866889577 0.00797242 0.0059045553 0.0138769755 346.1643624569 63.52344309336 822.721497 -1.0909999999999997 -1.885 0.97
345.91578915238 63.37984429664 0.0321 0.0295 8.6027 "" "" 2207688442272341504 793.481384 1.2291 0.0365 -1.608 -1.87 0.042 0.036 1.098 5268.9 4.1434 16.152859 2.524706 17.507708 14.983002 "" "" 773.543823 815.79834 6513.32754 7.0515 1356.2 15.066 8053.0 36.815 "" "" 0.0029955740642595846 0.0123799415 0.0062386245 0.018618565 345.91578915238 63.37984429664 793.481384 -1.608 -1.87 0.82
345.84874003475 63.50706119295 0.0301 0.028 14.6123 "" "" 2207693871111460608 814.297852 1.1981 0.0336 -1.313 -1.979 0.04 0.035 0.956 5371.5 4.377 16.172256 2.026988 17.190483 15.163495 "" "" 792.809631 836.329773 6397.999 10.825 1816.5 18.244 6819.6 36.029 "" "" 0.0033115466058328442 0.011255884 0.006869258 0.018125141 345.84874003475 63.50706119295 814.297852 -1.3130000000000002 -1.9790000000000003 0.96
346.81068730485 63.12200212901 0.0324 0.0305 20.282 "" "" 2207456720194203776 826.871399 1.1779 0.037 -0.889 -1.855 0.043 0.038 1.05 6923.8 4.3137 16.260426 2.230623 17.422968 15.192345 "" "" 803.352356 857.206848 5898.97181 6.2187 1466.3 10.248 6640.8 20.777 "" "" 0.0029835987284850688 0.008084943 0.0050816205 0.013166564 346.81068730485 63.12200212901 826.871399 -0.889 -1.8550000000000004 0.84
346.64561585774 63.37205218773 0.0374 0.0339 12.0057 "" "" 2207663256584864000 854.897888 1.1467 0.0426 -1.234 -1.713 0.052 0.041 1.044 4575.0 4.1679 16.310938 2.120627 17.404808 15.284181 "" "" 827.695923 889.494141 5630.82185 7.8003 1491.1 12.663 6102.2 26.81 "" "" 0.0031391036646902237 0.009633408 0.0060859127 0.01571932 346.64561585774 63.37205218773 854.897888 -1.2339999999999998 -1.713 0.9
346.24424879325 63.36687887472 0.0363 0.0324 2.6268 "" "" 2207642189763687552 847.96875 1.1491 0.0402 -1.281 -1.968 0.048 0.039 1.027 4793.9 4.1778 16.323109 2.180409 17.44966 15.26925 "" "" 819.725342 879.964844 5568.0528 14.935 1430.7 19.282 6186.7 57.057 "" "" 0.004009101246526622 0.01489645 0.010702733 0.025599182 346.24424879325 63.36687887472 847.96875 -1.2810000000000001 -1.968 0.96
346.470085222 63.3613922607 0.0366 0.0338 7.2788 "" "" 2207662672469760384 816.321533 1.1902 0.0423 -1.015 -1.834 0.051 0.043 0.989 4762.6 4.2405 16.394173 2.084811 17.455734 15.370923 "" "" 786.410522 846.596191 5215.28184 10.052 1422.7 15.237 5633.6 26.789 "" "" 0.0034599164959280837 0.011958211 0.0063983896 0.0183566 346.470085222 63.3613922607 816.321533 -1.015 -1.8340000000000003 0.86
346.01576354389 63.15509107811 0.0365 0.0353 11.5191 "" "" 2207635322116976896 811.154114 1.2007 0.0422 -1.454 -1.994 0.046 0.044 0.995 6689.7 4.3544 16.456339 2.216617 17.605648 15.389031 "" "" 785.960388 839.087769 4925.05461 7.4265 1239.2 11.348 5540.5 25.943 "" "" 0.003205021034731198 0.010326731 0.0063347924 0.016661523 346.01576354389 63.15509107811 811.154114 -1.454 -1.9939999999999998 0.9
345.6960195162 63.28964530011 0.038 0.036 14.0655 "" "" 2207681810842845696 890.534668 1.0836 0.0464 -1.38 -1.864 0.05 0.043 0.997 5271.3 3.8604 16.470232 2.231157 17.626245 15.395088 "" "" 848.890686 940.138184 4862.43305 9.7213 1216.0 17.571 5509.6 39.444 "" "" 0.0035076521550101024 0.015934886 0.008643049 0.024577934 345.6960195162 63.28964530011 890.534668 -1.38 -1.8639999999999999 0.87
346.38532165602 63.34935059097 0.0383 0.0334 4.8865 "" "" 2207662328871886720 838.082947 1.157 0.0427 -1.131 -1.878 0.054 0.044 0.948 6675.9 4.357 16.513494 2.180102 17.640284 15.460181 "" "" 809.160095 868.73291 4672.49886 8.4648 1200.3 10.801 5189.0 24.191 "" "" 0.0033853588489105597 0.010160691 0.0063169855 0.016477676 346.38532165602 63.34935059097 838.082947 -1.1309999999999998 -1.878 0.96
346.0142288207 63.38083055769 0.0394 0.0349 6.2627 "" "" 2207689709281872768 814.780273 1.2039 0.0444 -1.221 -1.83 0.055 0.044 1.003 6995.0 4.3286 16.607836 2.321985 17.83253 15.510544 "" "" 785.254761 845.022461 4283.6365 13.297 1005.6 17.638 4953.8 47.615 "" "" 0.004353222254855311 0.019246887 0.011099172 0.030346058 346.0142288207 63.38083055769 814.780273 -1.2210000000000003 -1.83 0.96
346.07151577819 63.42632013851 0.0397 0.0374 7.1224 "" "" 2207690057180620032 771.020752 1.269 0.0453 -1.325 -1.912 0.052 0.048 1.054 5570.5 4.433 16.640186 2.231733 17.803595 15.571861 "" "" 741.130859 802.958984 4157.88272 6.2696 1032.7 8.9839 4681.8 23.001 "" "" 0.0032050104107695693 0.009848779 0.0065372745 0.016386054 346.07151577819 63.42632013851 771.020752 -1.3250000000000002 -1.9120000000000004 0.93
345.65449964986 63.35630086195 0.0424 0.0408 15.1133 "" "" 2207685934011408896 849.005249 1.137 0.0527 -1.028 -1.868 0.057 0.05 1.131 4907.8 4.2105 16.689383 2.370725 17.94695 15.576226 "" "" 803.055054 889.520325 3973.68861 10.147 904.98 10.114 4663.0 32.959 "" "" 0.003908762539378887 0.012450779 0.008554357 0.021005135 345.65449964986 63.35630086195 849.005249 -1.028 -1.8679999999999999 0.91
346.12653645713 63.11056163326 0.0426 0.0387 13.1064 "" "" 2207623914683882624 818.231934 1.1952 0.0498 -1.132 -2.031 0.054 0.048 1.075 4396.2 4.2698 16.75926 2.273989 17.95238 15.678391 "" "" 792.066284 850.944641 3725.99996 5.4367 900.46 7.8065 4244.3 21.965 "" "" 0.003178294766215706 0.009817576 0.0067716683 0.016589245 346.12653645713 63.11056163326 818.231934 -1.132 -2.031 0.92
346.37079231081 63.17962657443 0.042 0.039 9.7553 "" "" 2207624425778623872 884.903503 1.1003 0.048 -1.028 -1.816 0.053 0.047 0.97 4359.4 4.1622 16.813564 2.257674 18.004389 15.746715 "" "" 840.220825 933.751221 3544.22198 5.4624 858.34 10.779 3985.4 15.844 "" "" 0.0032236455768169738 0.013917193 0.0057371296 0.019654322 346.37079231081 63.17962657443 884.903503 -1.028 -1.8159999999999998 0.92
345.98762382082 63.10843185329 0.048 0.0429 14.37 "" "" 2207623364928045952 877.319214 1.1191 0.0555 -1.394 -1.89 0.063 0.053 1.065 4703.8 4.3759 16.830704 2.291185 18.038614 15.747429 "" "" 834.266235 919.139709 3488.7128 4.955 831.71 9.8892 3982.8 29.175 "" "" 0.003157491821038141 0.013207702 0.008805594 0.022013295 345.98762382082 63.10843185329 877.319214 -1.394 -1.8899999999999997 0.9
346.33082862786 63.19103846161 0.0421 0.0378 8.6908 "" "" 2207624666296803072 837.813782 1.1584 0.0471 -1.173 -1.954 0.054 0.047 0.974 4911.4 4.2236 16.845552 2.401676 18.119621 15.717945 "" "" 807.888855 870.001526 3441.32536 6.9986 771.91 9.0098 4092.4 22.435 "" "" 0.003530905441300179 0.012976327 0.0070506427 0.02002697 346.33082862786 63.19103846161 837.813782 -1.173 -1.9540000000000002 0.94
346.64824069524 63.13415394774 0.0458 0.042 16.4656 "" "" 2207456445316256256 792.633728 1.2306 0.0519 -1.153 -1.867 0.06 0.054 1.049 4630.0 4.3847 16.972597 2.414155 18.21031 15.796155 "" "" 767.582214 819.988464 3061.31665 3.6396 710.06 9.9141 3808.0 39.043 "" "" 0.0030427021799454925 0.015414052 0.011756004 0.027170055 346.64824069524 63.13415394774 792.633728 -1.153 -1.8669999999999998 0.94
