Clusters/UBC_178/UBC_178_stars_in_region.tsv
# %ECSV 1.0
# ---
# datatype:
# - name: RA_ICRS_1
#   unit: deg
#   datatype: float64
#   format: '{:15.11f}'
#   description: Right ascension (ICRS) at Ep=2016.0 (ra)
#   meta: !!omap
#   - {ucd: POS_EQ_RA_MAIN}
#   - {width: 15}
#   - {precision: '11'}
# - name: DE_ICRS_1
#   unit: deg
#   datatype: float64
#   format: '{:15.11f}'
#   description: Declination (ICRS) at Ep=2016.0 (dec)
#   meta: !!omap
#   - {ucd: POS_EQ_DEC_MAIN}
#   - {width: 15}
#   - {precision: '11'}
# - name: e_RA_ICRS
#   unit: mas
#   datatype: float64
#   format: '{:7.4f}'
#   description: Standard error of right ascension (ra_error)
#   meta: !!omap
#   - {ucd: ERROR}
#   - {width: 7}
#   - {precision: '4'}
# - name: e_DE_ICRS
#   unit: mas
#   datatype: float64
#   format: '{:7.4f}'
#   description: Standard error of declination (dec_error)
#   meta: !!omap
#   - {ucd: ERROR}
#   - {width: 7}
#   - {precision: '4'}
# - name: _r_1
#   unit: ''
#   datatype: float64
#   format: '{:7.4f}'
#   description: Distance from center (346.21171585000+63.32560377000)[ICRS], at Epoch=J2016.0
#   meta: !!omap
#   - {ucd: POS_ANG_DIST_GENERAL}
#   - {width: 7}
#   - {precision: '4'}
# - name: HIP
#   datatype: int32
#   description: '? HIP cross-id number, van Leeuwen, Cat. I/311 (hip_original_ext_source_id)'
#   meta: !!omap
#   - {ucd: ID_NUMBER}
#   - {width: 6}
#   - values: {'null': -2147483648}
# - name: TYC2
#   datatype: string
#   description: Tycho-2 cross-id name, Hog et al., Cat. I/259 (tyc2_original_ext_source_id)
#   meta: !!omap
#   - {ucd: ID_CROSSID}
#   - {_votable_string_dtype: char}
# - name: Source
#   datatype: int64
#   description: Source identifier, identical to the Gaia-EDR3 source_id (id)
#   meta: !!omap
#   - {ucd: ID_MAIN}
#   - {width: 19}
# - name: rgeo
#   unit: pc
#   datatype: float64
#   format: '{:15.8f}'
#   description: '? Median of the geometric distance posterior (r_med_geo)'
#   meta: !!omap
#   - {ucd: PHYS_DISTANCE_TRUE}
#   - {width: 15}
#   - {precision: '8'}
#   - values: {'null': .nan}
# - name: Plx
#   unit: mas
#   datatype: float64
#   format: '{:9.4f}'
#   description: '? Parallax (parallax)'
#   meta: !!omap
#   - {ucd: POS_PARLX_TRIG}
#   - {width: 9}
#   - {precision: '4'}
#   - values: {'null': .nan}
# - name: e_Plx
#   unit: mas
#   datatype: float32
#   format: '{:7.4f}'
#   description: '? Standard error of parallax (parallax_error)'
#   meta: !!omap
#   - {ucd: ERROR}
#   - {width: 7}
#   - {precision: '4'}
#   - values: {'null': .nan}
# - name: pmRA
#   unit: mas / yr
#   datatype: float64
#   format: '{:9.3f}'
#   description: '? Proper motion in right ascension direction, pmRA*cosDE (pmra)'
#   meta: !!omap
#   - {ucd: POS_EQ_PMRA}
#   - {width: 9}
#   - {precision: '3'}
#   - values: {'null': .nan}
# - name: pmDE
#   unit: mas / yr
#   datatype: float64
#   format: '{:9.3f}'
#   description: '? Proper motion in declination direction (pmdec)'
#   meta: !!omap
#   - {ucd: POS_EQ_PMDEC}
#   - {width: 9}
#   - {precision: '3'}
#   - values: {'null': .nan}
# - name: e_pmRA
#   unit: mas / yr
#   datatype: float32
#   format: '{:6.3f}'
#   description: '? Standard error of proper motion in right ascension direction (pmra_error)'
#   meta: !!omap
#   - {ucd: ERROR}
#   - {width: 6}
#   - {precision: '3'}
#   - values: {'null': .nan}
# - name: e_pmDE
[...]
#         value: !astropy.table.SerializedColumn {name: SkyCoord.dec}
#       distance: !astropy.table.SerializedColumn
#         __class__: astropy.coordinates.distances.Distance
#         unit: !astropy.units.Unit {unit: pc}
#         value: !astropy.table.SerializedColumn {name: SkyCoord.distance}
#       frame: icrs
#       obstime: !astropy.time.Time {format: jyear_str, in_subfmt: '*', jd1: 367701545.0, jd2: 0.0, out_subfmt: '*', precision: 3, scale: tt}
#       pm_dec: !astropy.table.SerializedColumn
#         __class__: astropy.units.quantity.Quantity
#         unit: !astropy.units.Unit {unit: mas / yr}
#         value: !astropy.table.SerializedColumn {name: SkyCoord.pm_dec}
#       pm_ra_cosdec: !astropy.table.SerializedColumn
#         __class__: astropy.units.quantity.Quantity
#         unit: !astropy.units.Unit {unit: mas / yr}
#         value: !astropy.table.SerializedColumn {name: SkyCoord.pm_ra_cosdec}
#       ra: !astropy.table.SerializedColumn
#         __class__: astropy.coordinates.angles.Longitude
#         unit: *id001
#         value: !astropy.table.SerializedColumn {name: SkyCoord.ra}
#         wrap_angle: !astropy.coordinates.Angle
#           unit: *id001
#           value: 360.0
#       representation_type: spherical
# schema: astropy-2.0
RA_ICRS_1 DE_ICRS_1 e_RA_ICRS e_DE_ICRS _r_1 HIP TYC2 Source rgeo Plx e_Plx pmRA pmDE e_pmRA e_pmDE RUWE Teff logg Gmag BP-RP BPmag RPmag RV e_RV b_rgeo B_rgeo FG e_FG FBP e_FBP FRP e_FRP RAVE5 RAVE6 e_Gmag e_BPmag e_RPmag e_BP-RP SkyCoord.ra SkyCoord.dec SkyCoord.distance SkyCoord.pm_ra_cosdec SkyCoord.pm_dec rmRA rmDE e_rmRA e_rmDE rRV e_rRV v_pec v_pec3d e_vpec e_vpec3d
[from data line 441]
344.7193128142 63.55282417603 0.0139 0.0127 42.2956 "" "" 2208082548471180672 805.671692 1.2101 0.0152 -1.838 -1.348 0.02 0.017 1.081 "" "" 14.168302 1.67655 14.961361 13.284811 17.39 5.1 795.7948 814.718323 40515.95627 8.3623 14154.0 20.292 38480.0 18.833 "" "" 0.0027644178540264523 0.003194992 0.0038165555 0.0070115477 344.7193128142 63.55282417603 805.671692 -1.8380000000000003 -1.348 -0.6645908956527711 0.5524696607589721 0.2014387 0.1984387 36.7815 7.9658136 3.3004167024725732 36.92927690410361 0.6608034193780024 7.9341572778015355
346.7680760746 63.64643953121 0.0123 0.0127 24.344 "" "" 2207716789057063040 961.381958 1.0097 0.014 -2.753 -2.672 0.015 0.016 0.963 "" "" 14.17494 1.413803 14.80999 13.396187 "" "" 950.235779 974.582886 40268.98607 7.093 16271.0 16.203 34728.0 19.206 "" "" 0.0027619491226173807 0.0029923301 0.0038267837 0.006819114 346.7680760746 63.64643953121 961.381958 -2.752999999999998 -2.672000000000001 -1.579590895652771 -0.771530339241028 0.1964387 0.1974387 "" "" 8.010862920066195 "" 1.575189702052761 ""
347.48020853875 63.06410988 0.0118 0.0127 37.7374 "" "" 2207444556846951936 763.529602 1.2798 0.0138 4.133 1.188 0.016 0.017 0.944 5939.9 4.0979 14.180253 1.221511 14.708973 13.487462 -42.41 3.48 755.045105 771.900635 40072.41455 6.8249 17858.0 16.757 31928.0 20.209 "" "" 0.0027615183189958763 0.0029703528 0.0038413543 0.0068117073 347.48020853875 63.06410988 763.529602 4.133 1.188 5.306409104347229 3.088469660758972 0.1974387 0.1984387 -23.018499999999996 6.3458138 22.220582565043074 31.993837403160878 4.392836245067066 5.491172182911693
347.85651418945 63.2588292166 0.0202 0.0201 44.5337 "" "" 2207542963140537216 877.36853 1.1092 0.0233 -5.467 -1.954 0.027 0.026 1.812 6865.2 4.0222 14.195049 1.482557 14.867524 13.384967 -20.75 5.2 858.968994 896.209534 39530.03473 9.8997 15431.0 17.471 35089.0 15.373 "" "" 0.00276870410154558 0.0030489601 0.0038091987 0.006858159 347.85651418945 63.2588292166 877.36853 -5.466999999999997 -1.9539999999999997 -4.293590895652771 -0.05353033924102779 0.2084387 0.2074387 -1.3584999999999994 8.065814 17.857259355501537 17.90885909095404 3.722141058416524 3.7615110613498013
346.30400488937 63.10711095692 0.0119 0.0121 13.3449 "" "" 2207620959746411520 1022.71423 0.9505 0.0147 -1.481 -2.714 0.016 0.015 1.014 "" "" 14.199925 1.361525 14.802759 13.441235 "" "" 1005.14325 1037.51562 39352.88876 6.4862 16380.0 15.423 33317.0 20.766 "" "" 0.0027611253931337583 0.0029715567 0.0038394898 0.0068110465 346.30400488937 63.10711095692 1022.71423 -1.4810000000000023 -2.714000000000001 -0.3075908956527711 -0.8135303392410278 0.1974387 0.1964387 "" "" 4.216197692072008 "" 0.8287529087753447 ""
347.62751781959 63.7465102353 0.0225 0.0235 45.505 "" "" 2207767538391417344 988.009277 0.9842 0.0269 5.895 1.167 0.029 0.03 1.942 "" "" 14.202725 1.417824 14.823916 13.406093 "" "" 963.154602 1012.35553 39251.51675 16.597 16064.0 17.47 34413.0 24.036 "" "" 0.0027933049683716827 0.0030297285 0.0038547122 0.006884441 347.62751781959 63.7465102353 988.009277 5.895 1.167 7.068409104347229 3.067469660758972 0.2104387 0.2114387 "" "" 36.08522265308012 "" 7.599457594428135 ""
347.73832403296 62.95532875739 0.0194 0.023 46.9684 "" "" 2207486269572033536 819.597656 1.1977 0.0251 -10.184 -8.566 0.025 0.028 2.252 5997.2 4.1126 14.202917 1.175854 14.682345 13.506492 -8.5 2.9 799.729919 836.459473 39244.60457 17.473 18301.0 19.942 31373.0 22.431 "" "" 0.002797404247112587 0.0030306356 0.0038582813 0.0068889167 347.73832403296 62.95532875739 819.597656 -10.183999999999987 -8.565999999999999 -9.01059089565277 -6.665530339241029 0.2064387 0.2094387 10.8915 5.765814 43.54201451092953 44.88353595607189 9.035172634801055 8.87608795442822
345.98961786502 63.48040522494 0.0212 0.0191 11.0392 "" "" 2207694042910212096 858.405884 1.1328 0.024 0.666 -2.428 0.03 0.023 1.683 7117.0 4.0701 14.208452 1.271714 14.76291 13.491196 -36.65 6.65 841.88855 876.106567 39045.0357 6.9794 16992.0 19.442 31819.0 21.332 "" "" 0.0027621469401875195 0.0030542293 0.0038488386 0.006903068 345.98961786502 63.48040522494 858.405884 0.6660000000000004 -2.4280000000000004 1.839409104347229 -0.5275303392410278 0.2114387 0.2044387 -17.258499999999998 9.515814 7.785979294206964 18.933496661203908 1.6421787470142444 8.700223085935052
347.4368615072 63.47927076411 0.0126 0.0131 34.1779 "" "" 2207655456924631040 948.647522 1.0251 0.0153 -7.366 -0.7 0.018 0.018 1.019 7425.7 3.9483 14.209146 1.593757 14.951567 13.35781 -14.47 2.9 937.345032 964.203186 39020.11796 8.4995 14282.0 14.707 35978.0 19.365 "" "" 0.002765451344204944 0.00300584 0.0038242964 0.0068301363 347.4368615072 63.47927076411 948.647522 -7.366000000000006 -0.7000000000000014 -6.192590895652771 1.2004696607589722 0.19943869 0.19943869 4.9215 5.765814 28.363930923338263 28.78773592476325 5.656865258913864 5.660079217511354
345.02193209439 63.16076404919 0.0122 0.0116 33.6256 "" "" 2207307873810196864 1003.44635 0.9685 0.0144 -3.845 -1.343 0.016 0.014 1.025 7544.2 4.0805 14.209347 1.275221 14.766368 13.491147 "" "" 989.78009 1021.28058 39012.87378 6.9518 16938.0 21.175 31820.0 20.119 "" "" 0.002762104278302451 0.0031028043 0.003841222 0.0069440263 345.02193209439 63.16076404919 1003.44635 -3.8450000000000006 -1.343 -2.671590895652771 0.5574696607589722 0.1974387 0.1954387 "" "" 12.980675682086789 "" 2.5618097863941705 ""
347.05488306385 63.2075011005 0.0123 0.0126 23.835 "" "" 2207463214184747136 837.192871 1.1644 0.0145 0.166 -0.881 0.016 0.015 0.951 7585.6 4.1021 14.21315 1.479001 14.8856 13.406599 -27.54 3.54 827.560669 845.615479 38876.47404 7.818 15177.0 20.683 34397.0 16.622 "" "" 0.0027639576176353435 0.003158218 0.0038156267 0.006973845 347.05488306385 63.2075011005 837.192871 0.166 -0.881 1.339409104347229 1.0194696607589722 0.1974387 0.1964387 -8.148499999999999 6.405814 6.679636619956514 10.536393957358658 1.3163725041490502 5.023843281009038
344.65872428509 63.26615301694 0.0139 0.0127 42.0239 "" "" 2207323266972780032 1024.68079 0.9517 0.0165 -1.999 -0.55 0.018 0.016 1.06 7250.6 3.9387 14.214731 1.539167 14.924865 13.385697 -43.47 3.28 1003.61395 1046.29883 38819.88488 8.418 14638.0 21.678 35065.0 19.529 "" "" 0.00276536093150503 0.0032203142 0.0038274499 0.007047764 344.65872428509 63.26615301694 1024.68079 -1.9990000000000026 -0.5500000000000007 -0.8255908956527711 1.3504696607589721 0.19943869 0.1974387 -24.0785 6.145814 7.687811990384874 25.27600869301768 1.5220700070272095 5.87291665300976
344.95240418843 63.44929939165 0.0133 0.0134 34.6504 "" "" 2208077394510452224 780.364197 1.2564 0.015 -5.004 -4.895 0.02 0.019 1.041 5989.5 4.1407 14.218881 1.142247 14.70368 13.561433 -16.85 8.05 772.51947 788.825989 38671.82211 8.0962 17945.0 25.468 29825.0 18.605 "" "" 0.0027646803459452324 0.0031873868 0.0038395894 0.007026976 344.95240418843 63.44929939165 780.364197 -5.003999999999999 -4.895000000000002 -3.8305908956527706 -2.9945303392410274 0.2014387 0.2004387 2.541499999999999 10.915814 17.984786188041483 18.163473139231044 3.616020507939847 3.8926204908965696
344.89967979495 62.81284290669 0.0169 0.0182 47.0915 "" "" 2207249324816279296 894.508728 1.0889 0.0201 -0.865 -2.588 0.022 0.024 1.477 7962.0 4.1121 14.219221 1.52719 14.906958 13.379767 -23.84 9.56 876.114014 910.950806 38659.69735 14.319 14881.0 19.253 35257.0 34.862 "" "" 0.002784511975082081 0.0031238268 0.0039289035 0.0070527303 344.89967979495 62.81284290669 894.508728 -0.8650000000000005 -2.588 0.308409104347229 -0.6875303392410279 0.2034387 0.2054387 -4.448499999999999 12.425815 3.1949644264418264 5.476947136519463 0.6553032959629812 10.099763837761962
346.95904495407 62.6236464128 0.0112 0.0119 46.786 "" "" 2207380338495696640 750.550232 1.3032 0.0134 2.025 7.856 0.014 0.015 1.008 5839.9 4.1014 14.221957 1.21433 14.747501 13.533172 -30.69 3.49 744.122864 756.534607 38562.38496 6.3754 17235.0 17.17 30612.0 13.984 "" "" 0.002761161016538391 0.00299249 0.0038117873 0.006804277 346.95904495407 62.6236464128 750.550232 2.0249999999999995 7.855999999999991 3.198409104347229 9.756469660758972 0.1954387 0.1964387 -11.2985 6.355814 36.527215321481755 38.23471670343448 7.171822230879626 7.104302303838357
344.70579274526 63.00554311679 0.0122 0.0121 45.0808 "" "" 2207304918872742400 911.265015 1.0674 0.0147 -0.662 -2.888 0.016 0.015 1.054 15016.9 4.6126 14.224439 1.37967 14.839897 13.460227 -2.48 7.83 900.853333 921.259949 38474.3504 7.8689 15829.0 18.553 32739.0 24.883 "" "" 0.0027642538396703224 0.003066677 0.003868422 0.006935099 344.70579274526 63.00554311679 911.265015 -0.662 -2.888 0.511409104347229 -0.9875303392410277 0.1974387 0.1964387 16.9115 10.695814 4.803579183785709 17.580477957805908 0.9446267116920488 10.29205047090387
345.42954323822 62.97371802693 0.012 0.0143 29.9172 "" "" 2207626732182382976 845.972229 1.1546 0.0149 -1.647 -1.46 0.016 0.018 0.994 9195.9 4.2784 14.224836 1.569902 14.951945 13.382043 -18.5 6.45 833.064758 854.891846 38460.25008 7.4359 14277.0 13.945 35184.0 17.553 "" "" 0.0027633049359606053 0.0029849093 0.0038180004 0.00680291 345.42954323822 62.97371802693 845.972229 -1.647 -1.46 -0.473590895652771 0.4404696607589722 0.1974387 0.19943869 0.8915000000000006 9.315814 2.593458753186924 2.7424078023667224 0.5144613753559351 3.0672098052702164
344.66392635362 63.07421724345 0.0123 0.012 44.5044 "" "" 2207306185891659648 847.410034 1.1525 0.0147 -3.071 -3.365 0.017 0.015 0.981 6068.5 3.9838 14.230566 1.559565 14.938302 13.378737 35.55 8.34 835.230591 860.008362 38257.81398 38.343 14458.0 56.963 35291.0 154.15 "" "" 0.00296240910447255 0.0051072156 0.006064213 0.0111714285 344.66392635362 63.07421724345 847.410034 -3.0710000000000015 -3.3650000000000007 -1.8975908956527712 -1.464530339241028 0.1984387 0.1964387 54.9415 11.205814 9.628162891130856 55.77875888640898 1.9034346225636407 11.042500169969268
345.4719195209 63.99535414911 0.014 0.0147 44.7509 "" "" 2208483973295062144 693.916382 1.4144 0.0167 -2.561 -6.486 0.019 0.02 1.29 6009.9 4.1583 14.232732 1.221564 14.760141 13.538577 -38.76 4.96 686.946472 702.217896 38181.60231 6.5726 17036.0 14.763 30460.0 19.163 "" "" 0.0027616518064513163 0.0029445358 0.0038406113 0.006785147 345.4719195209 63.99535414911 693.916382 -2.561 -6.4860000000000015 -1.387590895652771 -4.585530339241028 0.2004387 0.2014387 -19.368499999999997 7.8258142 15.75797661472678 24.969033205958855 3.1729473684405636 6.39223446209182
345.99992150078 62.71360042211 0.0124 0.0134 37.17 "" "" 2207417721890946560 772.315125 1.2636 0.0157 14.851 4.43 0.017 0.017 1.083 7136.5 3.8385 14.23597 1.946475 15.205377 13.258902 -33.36 3.05 763.210144 784.646545 38067.91663 11.513 11305.0 18.621 39409.0 23.802 "" "" 0.002774817363734062 0.0033141072 0.0038358497 0.007149957 345.99992150078 62.71360042211 772.315125 14.850999999999994 4.430000000000005 16.024409104347228 6.330469660758972 0.1984387 0.1984387 -13.968499999999999 5.915814 63.073392018261586 64.60163908864314 12.51620216985973 12.286878348520025
346.55991030189 63.71729450558 0.0119 0.0131 25.28 "" "" 2207720912225560704 959.748657 1.0104 0.0145 -0.898 0.822 0.015 0.016 1.048 9254.9 4.0355 14.239398 1.551664 14.95367 13.402005 "" "" 944.029419 971.281311 37947.89389 8.6106 14254.0 15.981 34543.0 19.358 "" "" 0.0027663120978368375 0.003044146 0.0038280461 0.006872192 346.55991030189 63.71729450558 959.748657 -0.898 0.822 0.275409104347229 2.7224696607589722 0.1964387 0.1974387 "" "" 12.448293468223097 "" 2.457649119207223 ""
345.07771717266 63.05277605792 0.0121 0.0118 34.7813 "" "" 2207303200885889408 1037.74487 0.9361 0.0144 -0.519 1.084 0.016 0.015 1.055 9278.8 4.2119 14.244522 1.271 14.798159 13.527159 "" "" 1022.00317 1055.96179 37769.20867 6.5917 16450.0 17.195 30782.0 19.64 "" "" 0.002761828282088819 0.0030121526 0.0038423447 0.0068544974 345.07771717266 63.05277605792 1037.74487 -0.5190000000000003 1.0840000000000014 0.654409104347229 2.9844696607589722 0.1974387 0.1964387 "" "" 15.029111933932427 "" 2.95299033595467 ""
346.21243522479 63.57036565535 0.0202 0.0203 14.6857 "" "" 2207718266525743616 860.369751 1.1343 0.0236 2.908 2.642 0.028 0.025 1.928 7213.6 4.0771 14.2449 1.495211 14.924176 13.428966 -13.69 3.14 842.880127 875.221619 37756.08455 9.5376 14647.0 14.043 33696.0 19.604 "" "" 0.0027689371237642323 0.0029780285 0.0038318057 0.0068098344 346.21243522479 63.57036565535 860.369751 2.9079999999999995 2.6419999999999977 4.0814091043472285 4.542469660758972 0.2094387 0.2064387 5.701500000000001 6.005814 24.904103355485823 25.548414161953776 5.174677238550561 5.2192024607494245
347.44327117587 62.90605242412 0.0115 0.0133 41.8337 "" "" 2207395010104304896 928.763306 1.0474 0.0142 -12.775 -6.482 0.015 0.016 1.011 6636.5 3.8273 14.247106 1.649954 15.025341 13.375387 -35.9 2.44 916.547302 940.618774 37679.45512 8.0342 13344.0 14.931 35400.0 18.973 "" "" 0.002765028833820651 0.0030431792 0.0038239178 0.0068670968 347.44327117587 62.90605242412 928.763306 -12.775000000000006 -6.482000000000002 -11.601590895652771 -4.581530339241028 0.1964387 0.1974387 -16.508499999999998 5.305814 54.91241027272207 57.34024218827256 10.794347082413841 10.449562161917013
346.12798413939 63.47420732668 0.0126 0.0117 9.1956 "" "" 2207691294131178752 761.305237 1.2846 0.0143 -6.89 -6.792 0.017 0.015 1.017 5868.0 4.137 14.25178 1.193724 14.763593 13.569869 -32.8 4.4 753.560852 769.164917 37517.5901 6.5189 16982.0 14.139 29594.0 23.835 "" "" 0.0027617710540256 0.0029329525 0.0038792258 0.0068121785 346.12798413939 63.47420732668 761.305237 -6.8900000000000015 -6.791999999999996 -5.716590895652771 -4.891530339241028 0.1984387 0.1964387 -13.408499999999997 7.265814 27.150025126356905 30.28055046745041 5.364730651756592 5.78692901469274
344.93769953041 63.01700093132 0.0122 0.0116 39.1536 "" "" 2207302926007974656 753.44342 1.2942 0.0143 7.137 -9.808 0.016 0.014 1.027 5803.6 4.1309 14.264132 1.283443 14.828128 13.544685 15.16 4.37 742.83844 764.204529 37093.19341 6.0201 16002.0 18.899 30289.0 16.057 "" "" 0.0027609490820841476 0.0030707223 0.0038229593 0.0068936814 344.93769953041 63.01700093132 753.44342 7.136999999999999 -9.808 8.31040910434723 -7.907530339241028 0.1974387 0.1954387 34.551500000000004 7.235814 40.96789252960626 53.592670866148936 8.04981770235987 7.721908577048969
346.62200379894 63.0094404655 0.2371 0.2819 21.9846 "" "" 2207451463154266112 844.021301 1.3621 0.2968 -5.068 -5.038 0.324 0.347 21.378 5425.9 4.2114 14.275434 1.611465 14.978548 13.367083 3.27 6.04 688.467102 1125.06421 36709.0323 83.553 13931.0 16.953 35672.0 17.379 "" "" 0.003701185514459776 0.003087196 0.0038162186 0.0069034146 346.62200379894 63.0094404655 844.021301 -5.067999999999995 -5.038000000000003 -3.8945908956527706 -3.137530339241028 0.5054387 0.5284387 22.6615 8.905814 20.008079002496185 30.230230029229496 10.29642999124013 9.539961424500092
347.55500649981 63.84189858124 0.0119 0.0122 47.3833 "" "" 2207772005157359744 931.841431 1.0461 0.0139 -5.878 -6.389 0.017 0.015 0.974 6760.3 4.0526 14.275964 1.354113 14.876963 13.52285 -25.79 4.95 920.011658 944.249451 36691.12889 8.095 15298.0 16.126 30904.0 17.039 "" "" 0.0027657131742638867 0.0030157804 0.0038264967 0.006842277 347.55500649981 63.84189858124 931.841431 -5.877999999999995 -6.389000000000009 -4.704590895652771 -4.488530339241028 0.1984387 0.1964387 -6.3984999999999985 7.815814 28.720252798009714 29.424372942028597 5.671911235403493 5.791195560018966
