Clusters/UBC_531/UBC_531_stars_in_region.tsv
# %ECSV 1.0
# ---
# datatype:
# - name: RA_ICRS_1
#   unit: deg
#   datatype: float64
#   format: '{:15.11f}'
#   description: Right ascension (ICRS) at Ep=2016.0 (ra)
#   meta: !!omap
#   - {ucd: POS_EQ_RA_MAIN}
#   - {width: 15}
#   - {precision: '11'}
# - name: DE_ICRS_1
#   unit: deg
#   datatype: float64
#   format: '{:15.11f}'
#   description: Declination (ICRS) at Ep=2016.0 (dec)
#   meta: !!omap
#   - {ucd: POS_EQ_DEC_MAIN}
#   - {width: 15}
#   - {precision: '11'}
# - name: e_RA_ICRS
#   unit: mas
#   datatype: float64
#   format: '{:7.4f}'
#   description: Standard error of right ascension (ra_error)
#   meta: !!omap
#   - {ucd: ERROR}
#   - {width: 7}
#   - {precision: '4'}
# - name: e_DE_ICRS
#   unit: mas
#   datatype: float64
#   format: '{:7.4f}'
#   description: Standard error of declination (dec_error)
#   meta: !!omap
#   - {ucd: ERROR}
#   - {width: 7}
#   - {precision: '4'}
# - name: _r_1
#   unit: ''
#   datatype: float64
#   format: '{:7.4f}'
#   description: Distance from center (211.81401823000-63.06099923000)[ICRS], at Epoch=J2016.0
#   meta: !!omap
#   - {ucd: POS_ANG_DIST_GENERAL}
#   - {width: 7}
#   - {precision: '4'}
# - name: HIP
#   datatype: int32
#   description: '? HIP cross-id number, van Leeuwen, Cat. I/311 (hip_original_ext_source_id)'
#   meta: !!omap
#   - {ucd: ID_NUMBER}
#   - {width: 6}
#   - values: {'null': -2147483648}
# - name: TYC2
#   datatype: string
#   description: Tycho-2 cross-id name, Hog et al., Cat. I/259 (tyc2_original_ext_source_id)
#   meta: !!omap
#   - {ucd: ID_CROSSID}
#   - {_votable_string_dtype: char}
# - name: Source
#   datatype: int64
#   description: Source identifier, identical to the Gaia-EDR3 source_id (id)
#   meta: !!omap
#   - {ucd: ID_MAIN}
#   - {width: 19}
# - name: rgeo
#   unit: pc
#   datatype: float64
#   format: '{:15.8f}'
#   description: '? Median of the geometric distance posterior (r_med_geo)'
#   meta: !!omap
#   - {ucd: PHYS_DISTANCE_TRUE}
#   - {width: 15}
#   - {precision: '8'}
#   - values: {'null': .nan}
# - name: Plx
#   unit: mas
#   datatype: float64
#   format: '{:9.4f}'
#   description: '? Parallax (parallax)'
#   meta: !!omap
#   - {ucd: POS_PARLX_TRIG}
#   - {width: 9}
#   - {precision: '4'}
#   - values: {'null': .nan}
# - name: e_Plx
#   unit: mas
#   datatype: float32
#   format: '{:7.4f}'
#   description: '? Standard error of parallax (parallax_error)'
#   meta: !!omap
#   - {ucd: ERROR}
#   - {width: 7}
#   - {precision: '4'}
#   - values: {'null': .nan}
# - name: pmRA
#   unit: mas / yr
#   datatype: float64
#   format: '{:9.3f}'
#   description: '? Proper motion in right ascension direction, pmRA*cosDE (pmra)'
#   meta: !!omap
#   - {ucd: POS_EQ_PMRA}
#   - {width: 9}
#   - {precision: '3'}
#   - values: {'null': .nan}
# - name: pmDE
#   unit: mas / yr
#   datatype: float64
#   format: '{:9.3f}'
#   description: '? Proper motion in declination direction (pmdec)'
#   meta: !!omap
#   - {ucd: POS_EQ_PMDEC}
#   - {width: 9}
#   - {precision: '3'}
#   - values: {'null': .nan}
# - name: e_pmRA
#   unit: mas / yr
#   datatype: float32
#   format: '{:6.3f}'
#   description: '? Standard error of proper motion in right ascension direction (pmra_error)'
#   meta: !!omap
#   - {ucd: ERROR}
#   - {width: 6}
#   - {precision: '3'}
#   - values: {'null': .nan}
# - name: e_pmDE
[...]
#         value: !astropy.table.SerializedColumn {name: SkyCoord.dec}
#       distance: !astropy.table.SerializedColumn
#         __class__: astropy.coordinates.distances.Distance
#         unit: !astropy.units.Unit {unit: pc}
#         value: !astropy.table.SerializedColumn {name: SkyCoord.distance}
#       frame: icrs
#       obstime: !astropy.time.Time {format: jyear_str, in_subfmt: '*', jd1: 367701545.0, jd2: 0.0, out_subfmt: '*', precision: 3, scale: tt}
#       pm_dec: !astropy.table.SerializedColumn
#         __class__: astropy.units.quantity.Quantity
#         unit: !astropy.units.Unit {unit: mas / yr}
#         value: !astropy.table.SerializedColumn {name: SkyCoord.pm_dec}
#       pm_ra_cosdec: !astropy.table.SerializedColumn
#         __class__: astropy.units.quantity.Quantity
#         unit: !astropy.units.Unit {unit: mas / yr}
#         value: !astropy.table.SerializedColumn {name: SkyCoord.pm_ra_cosdec}
#       ra: !astropy.table.SerializedColumn
#         __class__: astropy.coordinates.angles.Longitude
#         unit: *id001
#         value: !astropy.table.SerializedColumn {name: SkyCoord.ra}
#         wrap_angle: !astropy.coordinates.Angle
#           unit: *id001
#           value: 360.0
#       representation_type: spherical
# schema: astropy-2.0
RA_ICRS_1 DE_ICRS_1 e_RA_ICRS e_DE_ICRS _r_1 HIP TYC2 Source rgeo Plx e_Plx pmRA pmDE e_pmRA e_pmDE RUWE Teff logg Gmag BP-RP BPmag RPmag RV e_RV b_rgeo B_rgeo FG e_FG FBP e_FBP FRP e_FRP RAVE5 RAVE6 e_Gmag e_BPmag e_RPmag e_BP-RP SkyCoord.ra SkyCoord.dec SkyCoord.distance SkyCoord.pm_ra_cosdec SkyCoord.pm_dec rmRA rmDE e_rmRA e_rmDE rRV e_rRV v_pec v_pec3d e_vpec e_vpec3d
[from data line 1257]
211.88080717593 -62.95880085181 0.0293 0.0321 6.3959 "" "" 5853957003351251456 2277.11548 0.4226 0.0492 -8.161 -3.244 0.032 0.038 1.032 6883.5 4.3287 16.591124 1.509237 17.292568 15.783331 "" "" 2065.36914 2563.60962 4350.07793 1.5904 1653.4 4.4165 3853.2 5.629 "" "" 0.002783766715878853 0.0040244353 0.004098717 0.008123152 211.88080717593 -62.95880085181 2277.11548 -8.161 -3.2439999999999998 -2.8865716323852535 -0.3165715160369875 0.085785575 0.09178557 "" "" 31.343097605315847 "" 2.691097833824481 ""
211.73557221853 -62.82432470811 0.0284 0.0344 14.361 "" "" 5853971125205027584 2527.11255 0.3708 0.0491 -5.522 -0.636 0.032 0.04 0.997 8104.9 4.1109 16.591654 1.75315 17.34702 15.593869 "" "" 2255.88818 3132.12402 4347.95755 1.8117 1572.6 19.922 4587.9 34.032 "" "" 0.002792213761868189 0.014034467 0.008896435 0.022930901 211.73557221853 -62.82432470811 2527.11255 -5.522 -0.6359999999999996 -0.24757163238525415 2.2914284839630126 0.085785575 0.09378557 "" "" 27.607644357469905 "" 2.5867577749081505 ""
211.58336031553 -63.25713445858 0.0305 0.0341 13.3242 "" "" 5853943809192244096 2216.85229 0.4351 0.0502 -7.163 -0.067 0.035 0.04 1.025 6970.2 4.3295 16.593782 1.329165 17.177374 15.848209 "" "" 1972.89868 2481.44263 4339.44352 1.7425 1838.5 6.3111 3629.7 7.6104 "" "" 0.0027895994100064223 0.004655747 0.0044120317 0.009067779 211.58336031553 -63.25713445858 2216.85229 -7.162999999999999 -0.06699999999999948 -1.8885716323852542 2.8604284839630125 0.088785574 0.09378557 "" "" 36.01728747959627 "" 3.324262418860229 ""
211.35890701183 -62.93944386984 0.0353 0.0411 14.3831 "" "" 5853971537521600256 3107.48413 0.3227 0.06 -4.55 -2.415 0.038 0.044 1.329 8678.9 4.1301 16.59423 1.677676 17.351421 15.673745 "" "" 2563.74902 4048.87573 4337.64963 2.3861 1566.2 5.2018 4262.5 5.7381 "" "" 0.0028193085655303526 0.0045594503 0.0040521594 0.00861161 211.35890701183 -62.93944386984 3107.48413 -4.55 -2.415 0.7244283676147463 0.5124284839630127 0.09178557 0.09778558 "" "" 13.070111369961873 "" 1.2263576085418344 ""
211.91593078771 -63.22755939823 0.0318 0.0361 10.3683 "" "" 5853902130844636928 3099.20215 0.3182 0.0515 -5.184 1.032 0.037 0.046 1.103 5093.6 3.723 16.594265 1.980619 17.58543 15.604812 "" "" 2644.57397 3787.26904 4337.51424 1.9202 1262.5 4.4095 4541.9 6.5886 "" "" 0.0027969295273027207 0.0047079967 0.0040944284 0.008802425 211.91593078771 -63.22755939823 3099.20215 -5.184000000000003 1.0320000000000005 0.09042836761474593 3.9594284839630127 0.09078558 0.099785574 "" "" 58.18003599839529 "" 5.8052675972877745 ""
212.14977904042 -63.07687970855 0.0302 0.0343 9.1739 "" "" 5853999128378987520 2730.05054 0.3555 0.0529 -3.687 -1.024 0.036 0.042 0.978 6949.6 3.7908 16.59538 1.909862 17.545181 15.63532 "" "" 2357.56641 3267.69531 4333.05872 1.6889 1310.2 5.6094 4416.0 6.1183 "" "" 0.0027876294149769805 0.005421497 0.004067746 0.009489243 212.14977904042 -63.07687970855 2730.05054 -3.6869999999999994 -1.0239999999999998 1.5874283676147463 1.9034284839630127 0.089785576 0.09578557 "" "" 32.072896588920074 "" 2.994676680399369 ""
211.80785197446 -63.10985051139 0.0286 0.0325 2.9359 "" "" 5853952742743478144 2124.12622 0.4519 0.047 -6.245 -2.557 0.033 0.039 0.962 5471.9 4.6068 16.595934 1.187128 17.08814 15.901012 "" "" 1931.19568 2316.69995 4330.85384 1.7215 1996.0 8.0553 3457.4 9.3084 "" "" 0.002788915147701162 0.0051946696 0.004777916 0.009972585 211.80785197446 -63.10985051139 2124.12622 -6.245000000000001 -2.5569999999999995 -0.970571632385254 0.37042848396301276 0.08678557 0.092785574 "" "" 10.459597510550287 "" 0.9159600193025819 ""
211.87134219194 -62.94406888887 0.028 0.0315 7.1875 "" "" 5853957106430483456 2918.70557 0.3276 0.047 -6.099 -2.731 0.031 0.037 1.021 9248.1 3.5781 16.596067 1.493505 17.270462 15.776957 "" "" 2547.427 3293.98364 4330.31663 1.6828 1687.5 5.243 3875.9 5.1489 "" "" 0.002787438193455339 0.004377726 0.0040452513 0.008422977 211.87134219194 -62.94406888887 2918.70557 -6.098999999999999 -2.7309999999999985 -0.8245716323852541 0.19642848396301282 0.08478557 0.09078558 "" "" 11.726888025781497 "" 0.998175412814973 ""
211.41522121461 -63.21518252492 0.0314 0.0371 14.2292 "" "" 5853947416983448320 2694.18726 0.3706 0.0542 -6.973 -1.718 0.036 0.044 1.171 6007.2 4.3298 16.596111 1.691514 17.227407 15.535893 "" "" 2305.82324 3157.24146 4330.14085 2.641 1755.7 14.967 4839.5 46.849 "" "" 0.0028337786255599835 0.0096671 0.011169366 0.020836465 211.41522121461 -63.21518252492 2694.18726 -6.973000000000003 -1.717999999999999 -1.6985716323852538 1.2094284839630127 0.089785576 0.09778558 "" "" 26.628336583078383 "" 2.4645635936572536 ""
211.7935900156 -63.12900826562 0.0297 0.0338 4.1181 "" "" 5853950509360459136 2424.32959 0.3949 0.0476 -2.817 -1.369 0.035 0.041 1.02 7079.7 4.3365 16.597473 1.376344 17.216593 15.840249 "" "" 2148.67847 2860.78687 4324.71522 1.6983 1773.3 4.7065 3656.4 7.4154 "" "" 0.0027881133797874524 0.0040110988 0.004374044 0.008385142 211.7935900156 -63.12900826562 2424.32959 -2.817 -1.3689999999999998 2.457428367614746 1.5584284839630127 0.088785574 0.09478557 "" "" 33.43886620399505 "" 3.027794729069317 ""
211.62696165789 -62.90772849349 0.0299 0.0338 10.5148 "" "" 5853970369290699520 2817.50732 0.3563 0.0484 -7.841 -3.201 0.033 0.04 1.03 6548.5 3.9998 16.600687 1.481092 17.279158 15.798066 "" "" 2474.85864 3200.5083 4311.93376 1.6079 1674.0 4.5668 3801.3 5.563 "" "" 0.0027849067936013025 0.004069192 0.004099803 0.008168995 211.62696165789 -62.90772849349 2817.50732 -7.840999999999999 -3.2009999999999996 -2.566571632385254 -0.27357151603698737 0.08678557 0.09378557 "" "" 34.47069098336173 "" 2.9943772187944937 ""
212.13875966187 -62.84445167283 0.0279 0.0351 15.7262 "" "" 5854053103195206144 2476.65283 0.3904 0.0529 -4.215 -2.55 0.032 0.042 0.967 7423.6 3.5647 16.600737 3.185483 18.499508 15.314025 "" "" 2169.24365 2819.11694 4311.73503 1.8139 544.02 5.3259 5936.7 7.9723 "" "" 0.0027929226129058105 0.010989354 0.0040508695 0.0150402235 212.13875966187 -62.84445167283 2476.65283 -4.215 -2.55 1.0594283676147462 0.3774284839630129 0.085785575 0.09578557 "" "" 13.202658649616314 "" 1.1482259522762575 ""
212.40226532476 -63.1567611843 0.0293 0.036 16.9662 "" "" 5853994386734824320 2491.83008 0.3812 0.0531 -5.262 -3.851 0.034 0.047 1.008 5126.3 3.6322 16.60177 2.256209 17.712322 15.456113 "" "" 2253.37427 2822.47974 4307.62953 1.9232 1123.3 6.4818 5208.5 39.346 "" "" 0.002797635421354149 0.0068582674 0.009030736 0.015889004 212.40226532476 -63.1567611843 2491.83008 -5.262 -3.851 0.012428367614746527 -0.9235715160369873 0.08778557 0.10078557 "" "" 10.909544423291084 "" 1.0995006131678813 ""
212.08790357205 -63.15121415296 0.0282 0.0348 9.1953 "" "" 5853904222446794368 2205.93359 0.4388 0.049 -3.225 -2.641 0.036 0.045 1.013 "" "" 16.602678 1.659972 17.344065 15.684093 "" "" 1981.9458 2461.93555 4304.03467 12.218 1576.9 16.425 4222.0 32.334 "" "" 0.004134152293332189 0.0116481455 0.009133673 0.020781819 212.08790357205 -63.15121415296 2205.93359 -3.225000000000002 -2.641 2.049428367614746 0.2864284839630127 0.089785576 0.09878558 "" "" 21.637353632490143 "" 1.946636193937661 ""
211.69608277625 -62.95509383492 0.0295 0.0322 7.1198 "" "" 5853957621826559232 2386.29199 0.4003 0.0482 -8.986 -2.636 0.033 0.039 0.962 7094.3 4.3111 16.603376 1.458989 17.262962 15.803973 "" "" 2160.25659 2683.13062 4301.26725 1.6447 1699.1 4.6216 3780.7 9.2568 "" "" 0.00278642180960914 0.0040628356 0.0046206685 0.008683505 211.69608277625 -62.95509383492 2386.29199 -8.986 -2.6359999999999983 -3.7115716323852546 0.2914284839630126 0.08678557 0.092785574 "" "" 42.11089013150813 "" 3.6562189540631107 ""
211.67929322227 -62.80879141623 0.0293 0.035 15.573 "" "" 5853974320660793344 2252.64868 0.4276 0.0487 -6.247 -1.861 0.033 0.041 1.047 7304.2 3.2598 16.603712 2.01186 17.610987 15.599127 "" "" 2021.08582 2525.97534 4299.93624 1.815 1233.2 4.4327 4565.7 6.9405 "" "" 0.0027931734155384634 0.004797467 0.0041240486 0.008921515 211.67929322227 -62.80879141623 2252.64868 -6.247 -1.8610000000000002 -0.9725716323852538 1.0664284839630127 0.08678557 0.09478557 "" "" 15.41110119535821 "" 1.406109193626001 ""
211.36495044997 -63.25292666953 0.03 0.0334 16.7521 "" "" 5853944290247176832 2247.76807 0.4213 0.0493 -5.046 -3.793 0.034 0.039 0.986 8156.7 4.1007 16.603935 1.466322 17.277617 15.811295 "" "" 2061.1001 2589.67969 4299.05297 1.7971 1676.4 7.1263 3755.3 5.3815 "" "" 0.0027924505439808674 0.005393246 0.0040871217 0.009480368 211.36495044997 -63.25292666953 2247.76807 -5.045999999999996 -3.792999999999999 0.22842836761474583 -0.8655715160369875 0.08778557 0.092785574 "" "" 9.537900020954384 "" 0.8819529094351651 ""
212.39365677254 -62.94103292005 0.0276 0.034 17.3518 "" "" 5854001945877462656 2723.02881 0.3444 0.0495 -4.639 -2.406 0.033 0.043 0.959 "" "" 16.60485 1.971175 17.58775 15.616574 "" "" 2412.59058 3123.82349 4295.42701 1.6561 1259.8 4.2113 4492.9 6.7522 "" "" 0.002786937323758965 0.004577973 0.0041165766 0.00869455 212.39365677254 -62.94103292005 2723.02881 -4.639 -2.406000000000001 0.6354283676147459 0.5214284839630126 0.08678557 0.096785575 "" "" 10.609469723627814 "" 0.9648456671114031 ""
211.61968026975 -63.04356926411 0.0277 0.0315 5.3867 "" "" 5853955525882397440 2542.47827 0.3698 0.047 -4.036 -0.655 0.03 0.037 0.954 "" "" 16.605726 1.538402 17.319418 15.781016 "" "" 2290.69629 2971.68628 4291.96242 1.6411 1613.1 5.0034 3861.5 6.1224 "" "" 0.002786420224938877 0.0043733492 0.004152958 0.008526307 211.61968026975 -63.04356926411 2542.47827 -4.036 -0.6550000000000001 1.2384283676147465 2.2724284839630124 0.08378557 0.09078558 "" "" 31.18863466153033 "" 2.78299686805664 ""
211.66038038697 -63.09857077565 0.0279 0.0313 4.7435 "" "" 5853954392010949376 2153.42358 0.4494 0.0458 -12.318 -3.742 0.031 0.037 0.964 5448.9 4.4799 16.607967 1.445127 17.2063 15.761173 "" "" 2015.72717 2394.10059 4283.11306 1.7616 1790.2 8.0527 3932.7 22.676 "" "" 0.0027912717743381558 0.005624701 0.007312725 0.012937426 211.66038038697 -63.09857077565 2153.42358 -12.318 -3.742 -7.0435716323852535 -0.8145715160369873 0.08478557 0.09078558 "" "" 72.37451969404927 "" 6.142246182525964 ""
211.95907918567 -62.93910044385 0.0287 0.0335 8.313 "" "" 5854050702350594304 2723.93042 0.3409 0.05 -4.834 -1.616 0.032 0.04 1.002 8139.8 3.3535 16.608479 1.887736 17.522968 15.635232 "" "" 2373.95825 3066.10059 4281.09954 1.721 1337.3 4.8153 4416.4 11.983 "" "" 0.0027896758692474988 0.004803027 0.004791888 0.009594915 211.95907918567 -62.93910044385 2723.93042 -4.833999999999999 -1.6159999999999988 0.44042836761474646 1.3114284839630126 0.085785575 0.09378557 "" "" 17.861795048552633 "" 1.6612552886525767 ""
211.43168003745 -62.98844074552 0.0311 0.0342 11.2798 "" "" 5853968273346411008 2920.39648 0.3215 0.052 -4.788 -4.823 0.034 0.038 1.019 8026.4 3.8637 16.610878 2.591446 18.010674 15.419228 "" "" 2489.71289 3338.44067 4271.65031 2.1471 853.39 11.414 5388.5 9.0815 "" "" 0.0028088458188843513 0.014787226 0.004199054 0.018986281 211.43168003745 -62.98844074552 2920.39648 -4.788 -4.823 0.48642836761474584 -1.8955715160369877 0.08778557 0.09178557 "" "" 27.08996401718013 "" 2.4799104064694886 ""
211.25891621903 -63.10397927538 0.0306 0.0352 15.2968 "" "" 5853960851642408064 2827.45605 0.3343 0.0516 -5.656 -1.9 0.034 0.041 1.038 "" "" 16.613855 2.415647 17.91925 15.503603 "" "" 2487.78564 3442.97217 4259.95119 2.4886 928.36 5.3048 4985.6 9.1303 "" "" 0.0028273819942094282 0.006802615 0.004270509 0.011073124 211.25891621903 -63.10397927538 2827.45605 -5.656 -1.899999999999998 -0.3815716323852536 1.0274284839630128 0.08778557 0.09478557 "" "" 14.688687361367947 "" 1.3802208288043833 ""
211.41444533591 -63.10639958447 0.0283 0.0323 11.1895 "" "" 5853949306769190400 3041.11792 0.3033 0.0462 -4.974 -2.996 0.031 0.037 1.004 "" "" 16.614872 1.65338 17.394672 15.741292 "" "" 2657.72168 3528.2644 4255.96543 1.6576 1505.0 5.4427 4005.4 7.1923 "" "" 0.0027875809757991754 0.004816867 0.0042526084 0.009069475 211.41444533591 -63.10639958447 3041.11792 -4.974 -2.9960000000000004 0.3004283676147459 -0.0685715160369873 0.08478557 0.09078558 "" "" 4.442017402597259 "" 0.37798293872421435 ""
211.5048733353 -63.23928224065 0.0296 0.0323 13.5871 "" "" 5853944565125093888 2132.78906 0.4432 0.0484 -11.746 0.516 0.033 0.036 1.019 5118.7 4.4192 16.615433 1.23567 17.148275 15.912605 "" "" 1988.99695 2338.24316 4253.76659 1.8042 1888.5 5.166 3420.7 6.8561 "" "" 0.002793538117557908 0.0040750657 0.0043611126 0.008436179 211.5048733353 -63.23928224065 2132.78906 -11.745999999999993 0.5159999999999987 -6.471571632385254 3.4434284839630127 0.08678557 0.089785576 "" "" 74.1086274663836 "" 6.48127075346371 ""
211.52038489075 -63.20729453318 0.0315 0.0346 11.8505 "" "" 5853944908722550784 2818.04883 0.337 0.0521 -6.072 -4.934 0.035 0.04 1.055 7106.7 4.3028 16.617104 1.663306 17.393345 15.730039 "" "" 2479.83521 3385.07935 4247.22898 1.768 1506.9 5.4161 4047.1 8.0865 "" "" 0.0027921422028571474 0.004797229 0.0043577575 0.009154987 211.52038489075 -63.20729453318 2818.04883 -6.072000000000006 -4.934000000000004 -0.797571632385254 -2.0065715160369875 0.088785574 0.09378557 "" "" 28.842568865991712 "" 2.68579730549901 ""
211.55142778859 -63.2285390862 0.0299 0.0332 12.3169 "" "" 5853944633844589824 2644.51147 0.366 0.0488 -7.414 -3.551 0.033 0.038 0.982 7665.8 4.2095 16.617224 1.425947 17.245716 15.819769 "" "" 2333.96362 2905.59814 4246.75395 1.7403 1726.4 6.5712 3726.1 7.9971 "" "" 0.0027910126813219856 0.0049863574 0.004440021 0.009426378 211.55142778859 -63.2285390862 2644.51147 -7.414000000000002 -3.551000000000002 -2.1395716323852536 -0.6235715160369875 0.08678557 0.09178557 "" "" 27.935326237759018 "" 2.435607683690234 ""
211.67735334301 -63.1163099811 0.0296 0.0327 4.9787 "" "" 5853951437073422848 2306.64868 0.4163 0.0471 -7.957 -2.978 0.033 0.039 1.032 5003.2 4.3255 16.617228 1.563505 17.347498 15.783993 "" "" 2076.84497 2565.4624 4246.73952 1.7788 1571.9 4.8333 3850.9 6.1926 "" "" 0.002792598959585011 0.0043508857 0.0041631856 0.008514071 211.67735334301 -63.1163099811 2306.64868 -7.957000000000001 -2.9780000000000015 -2.6825716323852538 -0.05057151603698751 0.08678557 0.092785574 "" "" 29.335147861510965 "" 2.545932213617983 ""
211.53038307051 -63.16673160052 0.0292 0.0324 9.9736 "" "" 5853947966739333632 2827.22656 0.3431 0.0473 -7.312 -2.141 0.033 0.037 1.0 "" "" 16.617287 1.388295 17.230469 15.842174 "" "" 2496.94556 3337.66675 4246.50991 1.7818 1750.8 8.8253 3650.0 8.5037 "" "" 0.0027927279867698187 0.0061430973 0.0045477725 0.01069087 211.53038307051 -63.16673160052 2827.22656 -7.3119999999999985 -2.1410000000000013 -2.037571632385254 0.7864284839630127 0.08678557 0.09078558 "" "" 29.268858654717747 "" 2.5555964966563596 ""
211.91625385051 -63.07873491533 0.0321 0.0377 2.975 "" "" 5853952536585082880 2381.927 0.4118 0.0566 -5.434 -1.961 0.036 0.047 1.14 7672.9 4.3613 16.61758 1.412913 17.2482 15.835286 "" "" 2134.54932 2638.15356 4245.35791 2.1541 1722.4 6.7222 3673.2 5.9689 "" "" 0.002809854891009821 0.0050735385 0.004170912 0.00924445 211.91625385051 -63.07873491533 2381.927 -5.434 -1.9610000000000003 -0.15957163238525407 0.9664284839630126 0.089785576 0.10078557 "" "" 11.059036995348233 "" 1.1115348268611498 ""
