Clusters/UBC_531/UBC_531_stars_in_region.tsv
# %ECSV 1.0
# ---
# datatype:
# - name: RA_ICRS_1
#   unit: deg
#   datatype: float64
#   format: '{:15.11f}'
#   description: Right ascension (ICRS) at Ep=2016.0 (ra)
#   meta: !!omap
#   - {ucd: POS_EQ_RA_MAIN}
#   - {width: 15}
#   - {precision: '11'}
# - name: DE_ICRS_1
#   unit: deg
#   datatype: float64
#   format: '{:15.11f}'
#   description: Declination (ICRS) at Ep=2016.0 (dec)
#   meta: !!omap
#   - {ucd: POS_EQ_DEC_MAIN}
#   - {width: 15}
#   - {precision: '11'}
# - name: e_RA_ICRS
#   unit: mas
#   datatype: float64
#   format: '{:7.4f}'
#   description: Standard error of right ascension (ra_error)
#   meta: !!omap
#   - {ucd: ERROR}
#   - {width: 7}
#   - {precision: '4'}
# - name: e_DE_ICRS
#   unit: mas
#   datatype: float64
#   format: '{:7.4f}'
#   description: Standard error of declination (dec_error)
#   meta: !!omap
#   - {ucd: ERROR}
#   - {width: 7}
#   - {precision: '4'}
# - name: _r_1
#   unit: ''
#   datatype: float64
#   format: '{:7.4f}'
#   description: Distance from center (211.81401823000-63.06099923000)[ICRS], at Epoch=J2016.0
#   meta: !!omap
#   - {ucd: POS_ANG_DIST_GENERAL}
#   - {width: 7}
#   - {precision: '4'}
# - name: HIP
#   datatype: int32
#   description: '? HIP cross-id number, van Leeuwen, Cat. I/311 (hip_original_ext_source_id)'
#   meta: !!omap
#   - {ucd: ID_NUMBER}
#   - {width: 6}
#   - values: {'null': -2147483648}
# - name: TYC2
#   datatype: string
#   description: Tycho-2 cross-id name, Hog et al., Cat. I/259 (tyc2_original_ext_source_id)
#   meta: !!omap
#   - {ucd: ID_CROSSID}
#   - {_votable_string_dtype: char}
# - name: Source
#   datatype: int64
#   description: Source identifier, identical to the Gaia-EDR3 source_id (id)
#   meta: !!omap
#   - {ucd: ID_MAIN}
#   - {width: 19}
# - name: rgeo
#   unit: pc
#   datatype: float64
#   format: '{:15.8f}'
#   description: '? Median of the geometric distance posterior (r_med_geo)'
#   meta: !!omap
#   - {ucd: PHYS_DISTANCE_TRUE}
#   - {width: 15}
#   - {precision: '8'}
#   - values: {'null': .nan}
# - name: Plx
#   unit: mas
#   datatype: float64
#   format: '{:9.4f}'
#   description: '? Parallax (parallax)'
#   meta: !!omap
#   - {ucd: POS_PARLX_TRIG}
#   - {width: 9}
#   - {precision: '4'}
#   - values: {'null': .nan}
# - name: e_Plx
#   unit: mas
#   datatype: float32
#   format: '{:7.4f}'
#   description: '? Standard error of parallax (parallax_error)'
#   meta: !!omap
#   - {ucd: ERROR}
#   - {width: 7}
#   - {precision: '4'}
#   - values: {'null': .nan}
# - name: pmRA
#   unit: mas / yr
#   datatype: float64
#   format: '{:9.3f}'
#   description: '? Proper motion in right ascension direction, pmRA*cosDE (pmra)'
#   meta: !!omap
#   - {ucd: POS_EQ_PMRA}
#   - {width: 9}
#   - {precision: '3'}
#   - values: {'null': .nan}
# - name: pmDE
#   unit: mas / yr
#   datatype: float64
#   format: '{:9.3f}'
#   description: '? Proper motion in declination direction (pmdec)'
#   meta: !!omap
#   - {ucd: POS_EQ_PMDEC}
#   - {width: 9}
#   - {precision: '3'}
#   - values: {'null': .nan}
# - name: e_pmRA
#   unit: mas / yr
#   datatype: float32
#   format: '{:6.3f}'
#   description: '? Standard error of proper motion in right ascension direction (pmra_error)'
#   meta: !!omap
#   - {ucd: ERROR}
#   - {width: 6}
#   - {precision: '3'}
#   - values: {'null': .nan}
# - name: e_pmDE
[...]
#         value: !astropy.table.SerializedColumn {name: SkyCoord.dec}
#       distance: !astropy.table.SerializedColumn
#         __class__: astropy.coordinates.distances.Distance
#         unit: !astropy.units.Unit {unit: pc}
#         value: !astropy.table.SerializedColumn {name: SkyCoord.distance}
#       frame: icrs
#       obstime: !astropy.time.Time {format: jyear_str, in_subfmt: '*', jd1: 367701545.0, jd2: 0.0, out_subfmt: '*', precision: 3, scale: tt}
#       pm_dec: !astropy.table.SerializedColumn
#         __class__: astropy.units.quantity.Quantity
#         unit: !astropy.units.Unit {unit: mas / yr}
#         value: !astropy.table.SerializedColumn {name: SkyCoord.pm_dec}
#       pm_ra_cosdec: !astropy.table.SerializedColumn
#         __class__: astropy.units.quantity.Quantity
#         unit: !astropy.units.Unit {unit: mas / yr}
#         value: !astropy.table.SerializedColumn {name: SkyCoord.pm_ra_cosdec}
#       ra: !astropy.table.SerializedColumn
#         __class__: astropy.coordinates.angles.Longitude
#         unit: *id001
#         value: !astropy.table.SerializedColumn {name: SkyCoord.ra}
#         wrap_angle: !astropy.coordinates.Angle
#           unit: *id001
#           value: 360.0
#       representation_type: spherical
# schema: astropy-2.0
RA_ICRS_1 DE_ICRS_1 e_RA_ICRS e_DE_ICRS _r_1 HIP TYC2 Source rgeo Plx e_Plx pmRA pmDE e_pmRA e_pmDE RUWE Teff logg Gmag BP-RP BPmag RPmag RV e_RV b_rgeo B_rgeo FG e_FG FBP e_FBP FRP e_FRP RAVE5 RAVE6 e_Gmag e_BPmag e_RPmag e_BP-RP SkyCoord.ra SkyCoord.dec SkyCoord.distance SkyCoord.pm_ra_cosdec SkyCoord.pm_dec rmRA rmDE e_rmRA e_rmDE rRV e_rRV v_pec v_pec3d e_vpec e_vpec3d
[from data line 146]
212.37300437598 -63.19695401129 0.0098 0.013 17.2145 "" "" 5853993974418360960 2629.43823 0.3463 0.0181 -5.603 -7.678 0.012 0.017 1.18 "" "" 14.174814 2.11441 15.260282 13.145871 -37.22 1.21 2513.69238 2741.67896 40273.65511 6.9893 10747.0 9.8099 43733.0 14.071 "" "" 0.0027617554420509695 0.0029609553 0.0037954922 0.0067564473 212.37300437598 -63.19695401129 2629.43823 -5.603 -7.677999999999998 -0.32857163238525366 -4.750571516036987 0.06578557 0.070785575 -9.746666666666666 2.092 59.35037622056774 60.145362819040706 4.199787332710916 4.15811850533839
211.80232713555 -62.93826482847 0.0093 0.0114 7.3709 "" "" 5853957793625261440 2739.38086 0.324 0.0169 -3.932 -1.368 0.011 0.014 1.029 4881.7 2.6649 14.183686 2.307064 15.406644 13.09958 -41.2 1.25 2637.2876 2827.67188 39945.89499 7.4565 9392.0 9.8579 45638.0 15.529 "" "" 0.002762763851640321 0.003013922 0.0037973954 0.006811317 211.80232713555 -62.93826482847 2739.38086 -3.932000000000001 -1.3680000000000008 1.3424283676147462 1.5594284839630126 0.06478557 0.067785576 -13.72666666666667 2.132 26.71792047386157 30.037787072708422 1.7774151110955732 1.8570647856244573
211.60635574581 -63.0004366762 0.0106 0.013 6.7182 "" "" 5853955972559069568 2141.90381 0.432 0.0196 -7.717 -3.658 0.013 0.016 1.312 8648.9 3.8159 14.192764 1.037903 14.620218 13.582315 "" "" 2053.45508 2233.09375 39613.31562 5.9078 19379.0 11.123 29257.0 14.923 "" "" 0.002760074003912464 0.0028589165 0.0038197406 0.006678657 211.60635574581 -63.0004366762 2141.90381 -7.716999999999995 -3.6580000000000004 -2.4425716323852535 -0.7305715160369872 0.066785574 0.06978557 "" "" 25.883996905908717 "" 1.7351848990327083 ""
211.77408857254 -63.04445820937 0.009 0.0106 1.471 "" "" 5853956075638194432 2544.96655 0.3562 0.0159 -9.075 -4.896 0.01 0.013 1.039 4748.3 2.1629 14.20299 1.959511 15.185284 13.225773 -34.64 1.74 2449.58887 2656.51807 39241.9745 5.9505 11516.0 8.7483 40630.0 14.239 "" "" 0.0027602345332105233 0.002909525 0.0037984876 0.006708013 211.77408857254 -63.04445820937 2544.96655 -9.075000000000001 -4.896000000000001 -3.800571632385253 -1.9685715160369872 0.063785575 0.066785574 -7.166666666666668 2.622 51.631962595972674 52.1269668465664 3.3267421096136696 3.314810603950963
211.94158922299 -62.94221504708 0.0092 0.0115 7.929 "" "" 5854050908509020288 2573.39526 0.3511 0.0163 -5.878 -0.241 0.01 0.014 0.958 4768.3 2.7113 14.206236 2.10042 15.286143 13.185723 -27.46 1.59 2464.28345 2681.81104 39124.8366 6.827 10494.0 8.5019 42157.0 13.922 "" "" 0.002761825823052682 0.0029255417 0.003796352 0.006721894 211.94158922299 -62.94221504708 2573.39526 -5.878 -0.24099999999999966 -0.603571632385254 2.6864284839630126 0.063785575 0.067785576 0.013333333333331865 2.4720001 33.58564716923297 33.58564981586607 2.2703487077694438 2.270348740962112
211.26157149432 -62.90646272274 0.0097 0.0121 17.6826 "" "" 5853972602673533824 2550.48779 0.359 0.0176 -6.635 -1.471 0.012 0.015 0.984 4825.0 2.7999 14.206508 1.946144 15.182388 13.236244 -27.91 1.73 2449.18506 2685.33545 39115.02603 7.3301 11547.0 8.7371 40240.0 14.283 "" "" 0.0027628223933022717 0.0029086005 0.003798979 0.00670758 211.26157149432 -62.90646272274 2550.48779 -6.634999999999999 -1.4709999999999983 -1.3605716323852537 1.4564284839630126 0.06578557 0.06878557 -0.4366666666666674 2.612 24.094878892235364 24.098835378691373 1.624094888386103 1.6245178402433573
211.775552312 -63.31240616945 0.0097 0.0117 15.1203 "" "" 5853901374930293504 2603.35205 0.3462 0.0161 -5.649 -2.7 0.012 0.014 0.917 9241.2 3.6513 14.213543 0.956279 14.598392 13.642114 "" "" 2493.58667 2707.63916 38862.40697 5.3691 19772.0 14.079 27689.0 11.325 "" "" 0.002759400280527958 0.0028952996 0.0038053815 0.006700681 211.775552312 -63.31240616945 2603.35205 -5.649 -2.7 -0.3745716323852539 0.22742848396301252 0.06578557 0.067785576 "" "" 5.407457270316494 "" 0.35867782255587083 ""
211.35096357358 -63.09303654103 0.0098 0.0119 12.726 "" "" 5853961092160584320 2395.85474 0.3848 0.0173 -6.659 -2.639 0.012 0.014 1.111 "" "" 14.227737 0.9005 14.583157 13.682656 "" "" 2294.271 2488.16309 38357.64604 21.527 20052.0 27.396 26674.0 56.085 "" "" 0.0028218926468681366 0.0031599808 0.004415344 0.0075753247 211.35096357358 -63.09303654103 2395.85474 -6.659 -2.6389999999999993 -1.3845716323852537 0.2884284839630129 0.06578557 0.067785576 "" "" 16.061228081882064 "" 1.057952513145396 ""
212.04191905984 -62.7940185324 0.0089 0.0117 17.1852 "" "" 5854054241403778560 2359.16187 0.3841 0.0168 0.876 -0.846 0.011 0.015 0.996 "" "" 14.233636 2.062604 15.279672 13.217068 -7.95 1.48 2274.29858 2471.1543 38149.79525 6.8534 10557.0 8.5305 40957.0 17.401 "" "" 0.002762215151619518 0.0029248486 0.0038074285 0.006732277 212.04191905984 -62.7940185324 2359.16187 0.8759999999999999 -0.8459999999999999 6.150428367614746 2.0814284839630126 0.06478557 0.06878557 19.523333333333333 2.362 72.60841699369499 75.18738433257762 4.734643826422096 4.613195281686141
212.07415431751 -63.11770788558 0.0092 0.0121 7.841 "" "" 5853905154501871360 2372.40234 0.387 0.0167 -5.242 -2.929 0.012 0.016 0.932 7494.8 3.8142 14.237777 0.79421 14.544739 13.750528 "" "" 2287.28516 2475.20068 38004.58226 6.1201 20774.0 10.987 25058.0 13.452 "" "" 0.0027608620545883406 0.0028486461 0.0038240624 0.0066727083 212.07415431751 -63.11770788558 2372.40234 -5.242000000000001 -2.9289999999999985 0.0324283676147461 -0.0015715160369871306 0.06578557 0.06978557 "" "" 0.3650910123287238 "" 0.02402124642325488 ""
211.73596356613 -63.10833428062 0.0143 0.0168 3.5441 "" "" 5853951505792907136 2218.30615 0.414 0.0248 -5.069 -3.129 0.017 0.02 1.113 6337.2 3.2349 14.238849 1.56588 14.538702 12.972822 -23.95 3.0 2098.23804 2329.40894 37967.09373 20.807 20890.0 261.7 51290.0 232.8 "" "" 0.0028188348296911223 0.01388482 0.006210422 0.020095242 211.73596356613 -63.10833428062 2218.30615 -5.069000000000001 -3.129000000000002 0.20542836761474614 -0.2015715160369873 0.070785575 0.07378557 3.5233333333333334 3.882 3.0262068580593606 4.644545804009611 0.21871216979948876 2.9483151324862584
212.30553165645 -63.22996981655 0.0095 0.0126 16.7407 "" "" 5853993459022284288 2730.26367 0.3264 0.0178 -5.039 -2.19 0.012 0.016 1.007 "" "" 14.241048 2.083019 15.301252 13.218233 -26.96 1.89 2604.54834 2862.55322 37890.24648 7.0932 10349.0 9.8791 40913.0 23.598 "" "" 0.0027628068320985095 0.0029764494 0.0038309135 0.0068073627 212.30553165645 -63.22996981655 2730.26367 -5.039 -2.1900000000000004 0.2354283676147464 0.7374284839630127 0.06578557 0.06978557 0.5133333333333319 2.7719998 10.017946823292931 10.031090153389911 0.6954985556991226 0.7089247555389332
211.74256017308 -62.80214730964 0.0092 0.0121 15.6532 "" "" 5854065236513743616 2688.84326 0.3293 0.0169 -7.742 -4.621 0.011 0.014 1.009 4861.5 2.5507 14.259637 2.286567 15.466362 13.179795 -79.91 1.57 2610.76709 2804.4541 37247.07013 7.276 8889.4 8.5332 42388.0 22.486 "" "" 0.0027634711044801823 0.0029784716 0.003823017 0.006801489 211.74256017308 -62.80214730964 2688.84326 -7.741999999999997 -4.621 -2.467571632385254 -1.6935715160369877 0.06478557 0.067785576 -52.43666666666667 2.4520001 38.144102454281914 64.84270632194392 2.5083985282715515 2.471662134535119
211.76364308765 -63.22767593136 0.0095 0.0113 10.0934 "" "" 5853902680600464768 2406.58838 0.3768 0.0162 -6.021 -1.272 0.011 0.014 1.01 "" "" 14.265987 1.996396 15.269126 13.27273 -56.35 1.5 2325.28564 2487.84863 37029.84684 6.0156 10660.0 9.9091 38910.0 17.652 "" "" 0.0027609599046558094 0.0029670938 0.0038113436 0.0067784376 211.76364308765 -63.22767593136 2406.58838 -6.021000000000003 -1.2720000000000007 -0.7465716323852538 1.6554284839630127 0.06478557 0.067785576 -28.87666666666667 2.382 20.715391624542832 35.53856114048453 1.393895882236305 2.099105712127186
211.69424172826 -63.27161937728 0.01 0.0123 13.0469 "" "" 5853902440082244096 2571.97412 0.353 0.0173 -5.537 -3.744 0.012 0.015 1.002 5035.8 2.68 14.271203 1.915444 15.22362 13.308176 -29.35 1.54 2474.14233 2686.09741 36852.38199 5.8627 11117.0 9.8973 37661.0 17.342 "" "" 0.0027607287981613678 0.0029528616 0.0038123068 0.006765168 211.69424172826 -63.27161937728 2571.97412 -5.536999999999999 -3.7439999999999998 -0.26257163238525383 -0.8165715160369875 0.06578557 0.06878557 -1.8766666666666687 2.422 10.456949851882882 10.624014212272648 0.7164059064149321 0.8247802928488617
211.65830328747 -63.17280543353 0.01 0.0118 7.9278 "" "" 5853950681159115392 2247.24951 0.408 0.0169 -4.903 -4.484 0.012 0.014 0.998 "" "" 14.276508 1.973539 15.269685 13.296145 -48.72 1.61 2163.89087 2352.30029 36672.75212 6.479 10655.0 9.5475 38080.0 17.358 "" "" 0.0027619890395195936 0.0029549196 0.0038116483 0.006766568 211.65830328747 -63.17280543353 2247.24951 -4.902999999999999 -4.483999999999999 0.3714283676147465 -1.5565715160369873 0.06578557 0.067785576 -21.246666666666666 2.492 17.0460490759922 27.239468305118933 1.1536653218925865 2.073491656594615
211.42490234134 -63.18013477898 0.0099 0.0119 12.7481 "" "" 5853948069818537728 2117.43701 0.4365 0.0173 -7.516 -4.137 0.012 0.014 1.116 5123.4 2.7918 14.280736 2.005381 15.291998 13.286617 4.55 2.17 2043.46375 2192.16895 36530.21615 6.6031 10438.0 8.848 38416.0 14.327 "" "" 0.002762300723411249 0.0029380417 0.0038010112 0.006739053 211.42490234134 -63.18013477898 2117.43701 -7.515999999999999 -4.137 -2.241571632385254 -1.2095715160369869 0.06578557 0.067785576 32.02333333333333 3.052 25.56433165250865 40.975955518050256 1.6934292034224785 2.608699357279484
211.51742434235 -62.95302960147 0.0096 0.0115 10.354 "" "" 5853968720023032832 2423.74097 0.3792 0.0173 -2.703 -0.929 0.012 0.014 1.005 "" "" 14.284446 0.767901 14.580416 13.812514 "" "" 2328.39331 2524.91895 36405.62295 6.0863 20103.0 13.47 23668.0 11.834 "" "" 0.002761292558101175 0.0028834527 0.0038181713 0.006701624 211.51742434235 -62.95302960147 2423.74097 -2.7029999999999994 -0.9290000000000005 2.5714283676147462 1.9984284839630126 0.06578557 0.067785576 "" "" 37.41446533503975 "" 2.4897731861203454 ""
211.53507847146 -62.80136662595 0.0117 0.0143 17.34 "" "" 5853974870416539648 2473.15479 0.3656 0.021 -13.353 -3.198 0.015 0.018 1.258 4770.4 2.337 14.287469 2.231323 15.456585 13.225262 -43.52 1.41 2350.60205 2601.92773 36304.40157 7.8827 8969.8 10.651 40649.0 15.983 "" "" 0.0027653868591113154 0.0030736255 0.0038034164 0.006877042 211.53507847146 -62.80136662595 2473.15479 -13.353000000000002 -3.1979999999999995 -8.078571632385254 -0.27057151603698726 0.06878557 0.07178557 -16.04666666666667 2.2919998 94.75620711513898 96.1053291860458 6.5181852285836355 6.438067451928013
211.36203461481 -62.84944075101 0.0101 0.0131 17.6965 "" "" 5853973358587841024 2581.64722 0.3557 0.0182 -3.99 -2.876 0.012 0.016 1.061 "" "" 14.297728 1.855373 15.206769 13.351396 -18.25 2.25 2462.97803 2687.72266 35962.99671 6.7711 11290.0 11.94 36191.0 22.008 "" "" 0.0027628930064916195 0.0030172032 0.0038366194 0.0068538226 211.36203461481 -62.84944075101 2581.64722 -3.99 -2.876 1.2844283676147459 0.051428483963012805 0.06578557 0.06978557 9.223333333333333 3.132 15.730154131612144 18.2347916572154 1.0349209556671384 1.8184371401995212
211.38280951571 -63.21931491907 0.01 0.0118 15.0623 "" "" 5853947451343181184 2432.13135 0.3751 0.017 -5.345 -3.472 0.012 0.014 0.971 "" "" 14.309204 1.138581 14.786392 13.647811 "" "" 2352.70337 2538.59937 35584.83882 5.2128 16629.0 12.14 27544.0 14.127 "" "" 0.002759906868556667 0.002900574 0.003820186 0.00672076 211.38280951571 -63.21931491907 2432.13135 -5.345 -3.4719999999999986 -0.07057163238525366 -0.5445715160369873 0.06578557 0.067785576 "" "" 6.330481534381586 "" 0.42890925754456627 ""
211.3766868762 -62.92219031411 0.0098 0.0118 14.5381 "" "" 5853971640600833152 2315.99146 0.3953 0.017 -6.077 -1.846 0.011 0.014 0.999 7193.3 3.3444 14.31115 0.991845 14.715436 13.723591 "" "" 2230.5957 2413.01099 35521.15288 8.2834 17752.0 17.114 25687.0 18.864 "" "" 0.002766928690588752 0.0029800439 0.0038625745 0.0068426183 211.3766868762 -62.92219031411 2315.99146 -6.077000000000002 -1.846000000000001 -0.8025716323852539 1.0814284839630126 0.06478557 0.067785576 "" "" 14.783834817247179 "" 0.9866071818452398 ""
211.41971533607 -63.03683873425 0.01 0.0119 10.8201 "" "" 5853967311273706752 2893.33423 0.3018 0.0184 -3.721 -0.623 0.012 0.014 1.055 4597.7 1.6268 14.312061 2.390162 15.590728 13.200566 -35.31 1.44 2750.10425 3074.28979 35491.33165 9.5778 7927.3 13.13 41585.0 23.769 "" "" 0.002770855186855383 0.0033194812 0.0038299933 0.0071494747 211.41971533607 -63.03683873425 2893.33423 -3.721 -0.623 1.553428367614746 2.3044284839630125 0.06578557 0.067785576 -7.83666666666667 2.322 38.11403030248768 38.91134346618468 2.5600085685285423 2.5507868282654
211.37873637008 -63.06220767242 0.0101 0.0123 11.832 "" "" 5853961401398469888 2270.5769 0.3987 0.0179 -7.414 -2.839 0.012 0.015 1.049 8972.6 3.5042 14.329083 1.161676 14.81993 13.658254 "" "" 2202.06543 2359.67798 34939.25243 9.1181 16123.0 16.386 27281.0 18.202 "" "" 0.00276985082718379 0.0030004405 0.0038481806 0.006848621 211.37873637008 -63.06220767242 2270.5769 -7.413999999999999 -2.8389999999999995 -2.1395716323852536 0.08842848396301273 0.06578557 0.06878557 "" "" 23.046872309890798 "" 1.5162722620745823 ""
212.02933623148 -63.19041914565 0.0164 0.0204 9.7161 "" "" 5853903711399484672 2663.93945 0.3331 0.0288 -8.101 -2.568 0.021 0.027 0.958 4676.7 2.1931 14.335993 2.155767 15.452865 13.297097 -13.67 1.21 2497.60913 2851.76782 34717.59577 6.4877 9000.6 11.578 38047.0 16.697 "" "" 0.00276278024148578 0.0031202033 0.0038092989 0.006929502 212.02933623148 -63.19041914565 2663.93945 -8.101000000000003 -2.5680000000000005 -2.8265716323852548 0.35942848396301263 0.074785575 0.08078557 13.803333333333333 2.092 35.97873019565153 38.53571119886849 2.6942605328348 2.6247272172271363
211.69521018795 -63.05691173629 0.0096 0.0112 3.239 "" "" 5853954838687603584 2728.27783 0.3321 0.0171 -7.098 -2.461 0.011 0.013 0.971 "" "" 14.336228 1.424154 14.970767 13.546613 "" "" 2607.16748 2866.22021 34710.07142 5.1913 14032.0 10.273 30235.0 15.481 "" "" 0.00276010111636712 0.0029011865 0.003820049 0.006721236 211.69521018795 -63.05691173629 2728.27783 -7.097999999999999 -2.4609999999999985 -1.8235716323852538 0.46642848396301284 0.06478557 0.066785574 "" "" 24.341683631426296 "" 1.5800224752958647 ""
212.0202081146 -63.00171445453 0.0106 0.0132 6.643 "" "" 5854047335096210560 2721.13037 0.3316 0.0187 -5.746 -3.077 0.012 0.016 0.933 "" "" 14.342212 1.408162 14.960599 13.552437 "" "" 2602.43359 2874.64941 34519.29457 6.5478 14164.0 12.171 30073.0 13.415 "" "" 0.0027630063384991616 0.002942018 0.0038102886 0.0067523066 212.0202081146 -63.00171445453 2721.13037 -5.746000000000001 -3.077 -0.47157163238525435 -0.14957151603698726 0.06578557 0.06978557 "" "" 6.3810231686420416 "" 0.4221763869981724 ""
211.94715566245 -62.9318419934 0.0099 0.0124 8.5562 "" "" 5854050908509216256 2453.48633 0.3702 0.0175 -4.326 -2.68 0.011 0.015 1.066 9012.7 3.5701 14.343204 1.026799 14.755939 13.729139 "" "" 2353.68066 2575.89575 34487.78932 4.7027 17102.0 23.471 25557.0 23.002 "" "" 0.0027592948352899776 0.0031631282 0.003903669 0.0070667975 211.94715566245 -62.9318419934 2453.48633 -4.326000000000003 -2.680000000000002 0.9484283676147465 0.24742848396301254 0.06478557 0.06878557 "" "" 11.398935415007436 "" 0.7414756615237534 ""
