Clusters/UBC_531/UBC_531_members.tsv
# %ECSV 1.0
# ---
# datatype:
# - name: RA_ICRS_1
#   unit: deg
#   datatype: float64
#   format: '{:15.11f}'
#   description: Right ascension (ICRS) at Ep=2016.0 (ra)
#   meta: !!omap
#   - {ucd: POS_EQ_RA_MAIN}
#   - {width: 15}
#   - {precision: '11'}
# - name: DE_ICRS_1
#   unit: deg
#   datatype: float64
#   format: '{:15.11f}'
#   description: Declination (ICRS) at Ep=2016.0 (dec)
#   meta: !!omap
#   - {ucd: POS_EQ_DEC_MAIN}
#   - {width: 15}
#   - {precision: '11'}
# - name: e_RA_ICRS
#   unit: mas
#   datatype: float64
#   format: '{:7.4f}'
#   description: Standard error of right ascension (ra_error)
#   meta: !!omap
#   - {ucd: ERROR}
#   - {width: 7}
#   - {precision: '4'}
# - name: e_DE_ICRS
#   unit: mas
#   datatype: float64
#   format: '{:7.4f}'
#   description: Standard error of declination (dec_error)
#   meta: !!omap
#   - {ucd: ERROR}
#   - {width: 7}
#   - {precision: '4'}
# - name: _r_1
#   unit: ''
#   datatype: float64
#   format: '{:7.4f}'
#   description: Distance from center (211.81401823000-63.06099923000)[ICRS], at Epoch=J2016.0
#   meta: !!omap
#   - {ucd: POS_ANG_DIST_GENERAL}
#   - {width: 7}
#   - {precision: '4'}
# - name: HIP
#   datatype: int32
#   description: '? HIP cross-id number, van Leeuwen, Cat. I/311 (hip_original_ext_source_id)'
#   meta: !!omap
#   - {ucd: ID_NUMBER}
#   - {width: 6}
#   - values: {'null': -2147483648}
# - name: TYC2
#   datatype: string
#   description: Tycho-2 cross-id name, Hog et al., Cat. I/259 (tyc2_original_ext_source_id)
#   meta: !!omap
#   - {ucd: ID_CROSSID}
#   - {_votable_string_dtype: char}
# - name: Source
#   datatype: int64
#   description: Source identifier, identical to the Gaia-EDR3 source_id (id)
#   meta: !!omap
#   - {ucd: ID_MAIN}
#   - {width: 19}
# - name: rgeo
#   unit: pc
#   datatype: float64
#   format: '{:15.8f}'
#   description: '? Median of the geometric distance posterior (r_med_geo)'
#   meta: !!omap
#   - {ucd: PHYS_DISTANCE_TRUE}
#   - {width: 15}
#   - {precision: '8'}
#   - values: {'null': .nan}
# - name: Plx
#   unit: mas
#   datatype: float64
#   format: '{:9.4f}'
#   description: '? Parallax (parallax)'
#   meta: !!omap
#   - {ucd: POS_PARLX_TRIG}
#   - {width: 9}
#   - {precision: '4'}
#   - values: {'null': .nan}
# - name: e_Plx
#   unit: mas
#   datatype: float32
#   format: '{:7.4f}'
#   description: '? Standard error of parallax (parallax_error)'
#   meta: !!omap
#   - {ucd: ERROR}
#   - {width: 7}
#   - {precision: '4'}
#   - values: {'null': .nan}
# - name: pmRA
#   unit: mas / yr
#   datatype: float64
#   format: '{:9.3f}'
#   description: '? Proper motion in right ascension direction, pmRA*cosDE (pmra)'
#   meta: !!omap
#   - {ucd: POS_EQ_PMRA}
#   - {width: 9}
#   - {precision: '3'}
#   - values: {'null': .nan}
# - name: pmDE
#   unit: mas / yr
#   datatype: float64
#   format: '{:9.3f}'
#   description: '? Proper motion in declination direction (pmdec)'
#   meta: !!omap
#   - {ucd: POS_EQ_PMDEC}
#   - {width: 9}
#   - {precision: '3'}
#   - values: {'null': .nan}
# - name: e_pmRA
#   unit: mas / yr
#   datatype: float32
#   format: '{:6.3f}'
#   description: '? Standard error of proper motion in right ascension direction (pmra_error)'
#   meta: !!omap
#   - {ucd: ERROR}
#   - {width: 6}
#   - {precision: '3'}
#   - values: {'null': .nan}
# - name: e_pmDE
[...]
#       distance: !astropy.table.SerializedColumn
#         __class__: astropy.coordinates.distances.Distance
#         unit: !astropy.units.Unit {unit: pc}
#         value: !astropy.table.SerializedColumn {name: SkyCoord.distance}
#       frame: icrs
#       obstime: !astropy.time.Time {format: jyear_str, in_subfmt: '*', jd1: 367701545.0, jd2: 0.0, out_subfmt: '*', precision: 3, scale: tt}
#       pm_dec: !astropy.table.SerializedColumn
#         __class__: astropy.units.quantity.Quantity
#         unit: !astropy.units.Unit {unit: mas / yr}
#         value: !astropy.table.SerializedColumn {name: SkyCoord.pm_dec}
#       pm_ra_cosdec: !astropy.table.SerializedColumn
#         __class__: astropy.units.quantity.Quantity
#         unit: !astropy.units.Unit {unit: mas / yr}
#         value: !astropy.table.SerializedColumn {name: SkyCoord.pm_ra_cosdec}
#       ra: !astropy.table.SerializedColumn
#         __class__: astropy.coordinates.angles.Longitude
#         unit: *id001
#         value: !astropy.table.SerializedColumn {name: SkyCoord.ra}
#         wrap_angle: !astropy.coordinates.Angle
#           unit: *id001
#           value: 360.0
#       representation_type: spherical
# schema: astropy-2.0
RA_ICRS_1 DE_ICRS_1 e_RA_ICRS e_DE_ICRS _r_1 HIP TYC2 Source rgeo Plx e_Plx pmRA pmDE e_pmRA e_pmDE RUWE Teff logg Gmag BP-RP BPmag RPmag RV e_RV b_rgeo B_rgeo FG e_FG FBP e_FBP FRP e_FRP RAVE5 RAVE6 e_Gmag e_BPmag e_RPmag e_BP-RP SkyCoord.ra SkyCoord.dec SkyCoord.distance SkyCoord.pm_ra_cosdec SkyCoord.pm_dec rmRA rmDE e_rmRA e_rmDE rRV e_rRV v_pec v_pec3d e_vpec e_vpec3d Pmemb
211.84176456151 -63.05451227223 0.0113 0.0134 0.8488 "" 9009-3841-1 5853953189420151936 2327.61377 0.3931 0.0201 -5.352 -2.885 0.014 0.017 0.985 "" "" 11.41842 0.616778 11.64112 11.024342 -25.58 4.95 2215.85962 2429.68311 510010.21176 214.02 301280.0 186.76 308620.0 173.53 "" "" 0.0027927363191131305 0.002870196 0.0038283702 0.0066985665 211.84176456151 -63.05451227223 2327.61377 -5.352 -2.885 -0.07757163238525422 0.04242848396301291 0.067785576 0.070785575 1.8933333333333344 5.832 0.9754930060730435 2.1298586140888642 0.06680960911387468 5.184434233523039 0.98
211.83824109525 -63.05905008395 0.01 0.0116 0.6688 "" 9009-1638-1 5853953150714007680 2430.47803 0.3786 0.018 -5.411 -2.848 0.012 0.015 1.141 6882.0 3.2561 11.958652 0.603294 12.167469 11.564175 "" "" 2332.85742 2545.18384 310088.95147 90.039 185540.0 160.66 187710.0 191.2 "" "" 0.0027732973482152753 0.002944303 0.0039378665 0.0068821693 211.83824109525 -63.05905008395 2430.47803 -5.411 -2.848 -0.1365716323852535 0.07942848396301283 0.06578557 0.06878557 "" "" 1.8201131053494093 "" 0.12114054127693176 "" 0.97
211.85300004096 -63.04462589491 0.0062 0.0074 1.4452 "" "" 5853953189420165248 2541.84644 0.367 0.0111 -5.31 -2.83 0.007 0.009 0.897 "" "" 12.479659 0.670572 12.73079 12.060218 -9.74 21.05 2480.13574 2622.2854 191903.55776 25.978 110430.0 46.032 118870.0 41.345 "" "" 0.0027592374679792932 0.0028266374 0.0037982017 0.0066248393 211.85300004096 -63.04462589491 2541.84644 -5.3099999999999925 -2.830000000000002 -0.035571632385253515 0.09742848396301262 0.060785573 0.06278557 17.733333333333334 21.932 1.2496441700116214 17.777309179478067 0.07816980008160446 21.87774656652714 0.98
211.84437255676 -63.07144863631 0.0067 0.0085 1.0362 "" "" 5853952944555579008 2579.75879 0.3621 0.013 -5.29 -2.886 0.008 0.011 0.901 "" "" 12.749525 0.674878 13.000949 12.326071 "" "" 2487.94336 2677.79395 149670.62576 53.855 86107.0 97.288 93053.0 82.541 "" "" 0.002782878913818044 0.0030479317 0.003900161 0.006948093 211.84437255676 -63.07144863631 2579.75879 -5.289999999999999 -2.8859999999999992 -0.015571632385253942 0.041428483963012575 0.061785575 0.06478557 "" "" 0.5411927101379478 "" 0.03486459923059951 "" 0.96
211.84379709821 -63.05467867935 0.0095 0.0115 0.894 "" "" 5853953189420151680 2354.19775 0.3952 0.017 -5.347 -2.918 0.011 0.015 1.079 "" "" 12.982241 0.652048 13.202658 12.55061 "" "" 2268.82861 2451.09131 120795.38085 21.52 71508.0 192.92 75668.0 130.5 "" "" 0.002762101240045728 0.0040453896 0.004217819 0.008263208 211.84379709821 -63.05467867935 2354.19775 -5.347 -2.9180000000000006 -0.07257163238525433 0.009428483963012546 0.06478557 0.06878557 "" "" 0.8166253176090914 "" 0.05296140145176365 "" 0.99
211.68624551365 -63.11870764913 0.0075 0.009 4.9018 "" "" 5853951471433156992 2382.0022 0.3824 0.0134 -5.229 -2.873 0.009 0.011 0.902 11084.0 3.7109 13.34319 0.71881 13.615192 12.896382 "" "" 2303.18335 2443.87305 86630.46836 18.182 48903.0 25.021 55031.0 34.447 "" "" 0.002764727126673174 0.0028449327 0.003840002 0.0066849347 211.68624551365 -63.11870764913 2382.0022 -5.229 -2.873 0.045428367614746 0.054428483963012475 0.06278557 0.06478557 "" "" 0.8004610965698801 "" 0.051207053714123214 "" 0.99
211.89907255985 -62.95144640047 0.0074 0.0091 6.9694 "" "" 5853957037710996736 2525.45312 0.3573 0.0131 -5.236 -2.911 0.008 0.011 0.989 11586.8 3.6571 13.50865 0.744762 13.791848 13.047086 "" "" 2453.08472 2612.04468 74385.27773 11.479 41560.0 21.207 47899.0 18.047 "" "" 0.002760409754111532 0.0028446424 0.0038014562 0.0066460986 211.89907255985 -62.95144640047 2525.45312 -5.236 -2.911 0.03842836761474633 0.016428483963012663 0.061785575 0.06478557 "" "" 0.50028637204976 "" 0.031147122443315217 "" 0.97
211.51351028445 -63.17100025128 0.0079 0.0094 10.4897 "" "" 5853947966739328768 2359.7478 0.3895 0.0138 -5.222 -2.868 0.009 0.011 0.95 "" "" 13.642667 0.778517 13.943865 13.165348 "" "" 2288.59375 2435.28149 65747.62594 10.32 36130.0 16.09 42956.0 13.64 "" "" 0.00276058559525347 0.0028317552 0.0037950738 0.006626829 211.51351028445 -63.17100025128 2359.7478 -5.2219999999999995 -2.8679999999999994 0.052428367614745675 0.05942848396301281 0.06278557 0.06478557 "" "" 0.8864215300518835 "" 0.056658243977216534 "" 0.98
212.07415431751 -63.11770788558 0.0092 0.0121 7.841 "" "" 5853905154501871360 2372.40234 0.387 0.0167 -5.242 -2.929 0.012 0.016 0.932 7494.8 3.8142 14.237777 0.79421 14.544739 13.750528 "" "" 2287.28516 2475.20068 38004.58226 6.1201 20774.0 10.987 25058.0 13.452 "" "" 0.0027608620545883406 0.0028486461 0.0038240624 0.0066727083 212.07415431751 -63.11770788558 2372.40234 -5.242000000000001 -2.9289999999999985 0.0324283676147461 -0.0015715160369871306 0.06578557 0.06978557 "" "" 0.3650910123287238 "" 0.02402124642325488 "" 0.99
211.5989447015 -62.9179774103 0.01 0.0121 10.3916 "" "" 5853970334930950400 2340.02661 0.3921 0.0171 -5.273 -2.852 0.012 0.015 1.0 "" "" 14.376299 0.797569 14.684512 13.886943 "" "" 2251.8418 2428.69604 33452.38679 6.294 18265.0 12.425 22099.0 15.844 "" "" 0.002762882435886151 0.0028862706 0.0038587137 0.0067449845 211.5989447015 -62.9179774103 2340.02661 -5.273000000000003 -2.8519999999999994 0.0014283676147464064 0.07542848396301283 0.06578557 0.06878557 "" "" 0.8367820809480178 "" 0.05755765260605981 "" 0.93
212.01203209991 -63.08456963965 0.0105 0.013 5.5631 "" "" 5853952330426948480 2484.95288 0.3662 0.019 -5.218 -2.987 0.013 0.017 0.996 8600.0 3.505 14.515583 0.81923 14.832721 14.013491 "" "" 2362.74438 2603.82788 29424.78898 5.3483 15934.0 8.8362 19668.0 12.987 "" "" 0.002762378424199518 0.0028543943 0.0038467788 0.0067011733 212.01203209991 -63.08456963965 2484.95288 -5.218000000000003 -2.987000000000001 0.05642836761474612 -0.059571516036987404 0.066785574 0.070785575 "" "" 0.9664923627759688 "" 0.06661337748887092 "" 0.97
211.79033128014 -63.06919182033 0.0102 0.012 0.81 "" "" 5853953120700657920 2482.86206 0.3624 0.0184 -5.332 -2.981 0.013 0.015 0.993 7934.1 3.5687 14.572575 0.779223 14.873446 14.094223 "" "" 2391.40942 2578.79736 27920.09574 4.5299 15348.0 9.9871 18259.0 10.569 "" "" 0.002760945515220836 0.0028782268 0.0038312785 0.0067095053 211.79033128014 -63.06919182033 2482.86206 -5.332 -2.981 -0.05757163238525376 -0.05357151603698718 0.066785574 0.06878557 "" "" 0.925507038975386 "" 0.06267628959120526 "" 0.99
211.75676687589 -63.02767038905 0.0119 0.0139 2.5345 "" "" 5853956350516131200 2691.58423 0.3325 0.0206 -5.245 -3.012 0.014 0.017 1.099 9024.3 3.5062 14.791948 0.8416 15.112349 14.270748 "" "" 2553.05811 2847.50952 22812.20481 3.9624 12316.0 12.238 15519.0 11.891 "" "" 0.0027617666531915223 0.0029914856 0.003869859 0.006861345 211.75676687589 -63.02767038905 2691.58423 -5.245 -3.0119999999999973 0.029428367614745987 -0.08457151603698732 0.067785576 0.070785575 "" "" 1.1424293893953832 "" 0.08050438342351346 "" 0.81
211.49684898615 -63.07191109081 0.0138 0.0167 8.6447 "" "" 5853955251004267264 2239.09155 0.4136 0.0242 -5.272 -3.064 0.017 0.02 1.19 8547.6 3.6544 14.923187 1.051176 15.347814 14.296638 "" "" 2089.92065 2348.51587 20214.90327 3.9723 9915.0 9.897 15153.0 11.186 "" "" 0.002763567994081221 0.0029932582 0.0038634338 0.006856692 211.49684898615 -63.07191109081 2239.09155 -5.2719999999999985 -3.0639999999999987 0.002428367614745852 -0.13657151603698736 0.070785575 0.07378557 "" "" 1.4497027600606909 "" 0.10696580253612277 "" 0.97
211.5950457383 -63.18656926316 0.013 0.0151 9.5938 "" "" 5853950612439541504 2583.71973 0.35 0.0224 -5.267 -3.008 0.016 0.018 0.946 9233.5 3.6669 15.04241 0.908082 15.405459 14.497377 "" "" 2447.75952 2758.63721 18112.6879 3.7891 9402.3 8.5602 12595.0 9.3821 "" "" 0.0027646660087319694 0.002960096 0.00386495 0.006825046 211.5950457383 -63.18656926316 2583.71973 -5.267000000000007 -3.008000000000001 0.007428367614745746 -0.08057151603698731 0.06978557 0.07178557 "" "" 0.9909306238886983 "" 0.07111804565782134 "" 0.96
211.86814947839 -63.0816779717 0.0143 0.017 1.9243 "" "" 5853952880182466688 2606.48682 0.3498 0.0251 -5.326 -2.986 0.018 0.022 0.943 9682.7 3.7312 15.123165 1.061498 15.548567 14.487069 "" "" 2457.14868 2834.47729 16814.37036 3.5078 8241.2 20.861 12715.0 16.329 "" "" 0.0027646146371207957 0.0039164233 0.004028387 0.00794481 211.86814947839 -63.0816779717 2606.48682 -5.3260000000000005 -2.9859999999999993 -0.05157163238525353 -0.058571516036987514 0.07178557 0.07578558 "" "" 0.9641656176689147 "" 0.071411251264187 "" 0.98
211.89385734454 -63.01505423443 0.0132 0.0158 3.5095 "" "" 5853953670456544512 2526.38501 0.3578 0.0231 -5.213 -2.871 0.016 0.019 0.967 9264.7 3.6495 15.146813 0.912061 15.496757 14.584696 "" "" 2410.33105 2660.76978 16452.09551 3.2195 8644.0 13.529 11622.0 30.46 "" "" 0.002763499888538597 0.0032669157 0.004730872 0.007997788 211.89385734454 -63.01505423443 2526.38501 -5.212999999999999 -2.8710000000000013 0.061428367614746016 0.0564284839630127 0.06978557 0.07278557 "" "" 0.9988681663678338 "" 0.07109366776022921 "" 0.98
211.79127045551 -62.96719098692 0.0138 0.0166 5.6625 "" "" 5853957690546015488 2460.78931 0.3703 0.0241 -5.297 -2.912 0.017 0.021 0.896 9222.2 3.7918 15.169088 0.886173 15.516797 14.630624 "" "" 2340.27686 2625.68457 16118.00617 3.0663 8485.9 8.943 11141.0 9.8122 "" "" 0.0027630513531702776 0.0030156737 0.0038984767 0.0069141504 211.79127045551 -62.96719098692 2460.78931 -5.297000000000002 -2.912 -0.022571632385253615 0.015428483963012773 0.070785575 0.074785575 "" "" 0.3189063923951078 "" 0.022987863455103254 "" 0.96
211.74579745398 -63.09323280333 0.0149 0.0175 2.6787 "" "" 5853951540152664576 2580.31567 0.3514 0.0263 -5.339 -2.945 0.018 0.021 0.972 8587.0 3.8438 15.438993 0.999105 15.842937 14.843831 "" "" 2407.55078 2833.60571 12570.40434 2.5587 6284.1 8.4709 9154.3 7.8524 "" "" 0.002764169114779114 0.0031507234 0.0038924408 0.007043164 211.74579745398 -63.09323280333 2580.31567 -5.339 -2.9450000000000003 -0.06457163238525432 -0.017571516036987145 0.07178557 0.074785575 "" "" 0.818475223429717 "" 0.05892728618748331 "" 0.97
211.7259792865 -63.10541110712 0.0156 0.0182 3.5804 "" "" 5853951505792910464 2450.17651 0.3771 0.0276 -5.252 -2.876 0.019 0.022 0.981 7867.9 4.0619 15.503564 0.946036 15.886919 14.940883 "" "" 2304.93896 2594.90747 11844.62455 2.8288 6034.6 7.2105 8371.5 7.415 "" "" 0.0027674946673046426 0.003077018 0.0038998157 0.0069768336 211.7259792865 -63.10541110712 2450.17651 -5.252000000000001 -2.875999999999996 0.022428367614746314 0.051428483963012805 0.07278557 0.07578558 "" "" 0.6516097904151685 "" 0.04907547313764542 "" 0.98
212.13948191744 -62.99437077117 0.0167 0.0202 9.7174 "" "" 5854047025858774656 2129.57959 0.4313 0.029 -5.207 -2.745 0.02 0.025 0.965 9064.4 4.3441 15.520112 1.396068 16.144548 14.748481 "" "" 2037.87646 2248.4231 11665.46406 2.5466 4759.9 5.6835 9994.6 7.0829 "" "" 0.002765495864136191 0.0030766423 0.0038569097 0.006933552 212.13948191744 -62.99437077117 2129.57959 -5.206999999999999 -2.745000000000001 0.06742836761474624 0.1824284839630126 0.07378557 0.078785576 "" "" 1.9632321375874309 "" 0.15352770896502424 "" 0.93
211.7675441476 -62.91076546359 0.0173 0.0213 9.1026 "" "" 5853969819534869888 2740.87036 0.3353 0.0299 -5.191 -2.925 0.02 0.027 1.043 "" "" 15.64815 1.457707 16.284462 14.826756 "" "" 2567.60645 2930.45801 10367.80705 3.0335 4184.4 10.436 9299.4 16.434 "" "" 0.0027735727932932464 0.0038881253 0.0042385412 0.008126667 211.7675441476 -62.91076546359 2740.87036 -5.190999999999998 -2.925000000000003 0.08342836761474626 0.002428483963012873 0.07378557 0.08078557 "" "" 1.0843375454879471 "" 0.08001519786891595 "" 0.96
211.90966139781 -63.08036222301 0.018 0.0215 2.8468 "" "" 5853952158627958784 2534.83301 0.3625 0.0324 -5.217 -2.95 0.021 0.027 1.064 8696.2 3.6277 15.690146 1.061737 16.123905 15.062168 "" "" 2339.63135 2744.19189 9974.43188 2.3746 4851.3 6.684 7486.7 8.017 "" "" 0.0027674177852276844 0.003165875 0.0039541703 0.0071200454 211.90966139781 -63.08036222301 2534.83301 -5.217000000000001 -2.949999999999998 0.057428367614746456 -0.022571516036987482 0.074785575 0.08078557 "" "" 0.7413906827854356 "" 0.056061012042610395 "" 0.97
212.16551133646 -63.14238484478 0.0177 0.0221 10.7181 "" "" 5853997891428362240 2559.07764 0.3608 0.0312 -5.242 -2.928 0.022 0.029 1.054 9101.1 4.0965 15.731531 1.093103 16.191767 15.098663 "" "" 2364.17725 2778.13184 9601.39811 2.142 4557.3 5.9473 7239.2 6.5426 "" "" 0.0027659464460768534 0.0031293177 0.0039046893 0.007034007 212.16551133646 -63.14238484478 2559.07764 -5.241999999999999 -2.928 0.0324283676147461 -0.0005715160369872407 0.07578558 0.08278558 "" "" 0.39341809193629534 "" 0.029816311809013493 "" 0.95
211.67524758702 -62.98395553426 0.0184 0.0214 5.9695 "" "" 5853957415668098560 2518.92529 0.3661 0.032 -5.334 -3.035 0.022 0.026 1.02 9173.5 4.2677 15.920408 1.120348 16.392487 15.272139 "" "" 2346.30908 2720.75098 8068.32378 1.9903 3788.1 5.6174 6170.3 7.5584 "" "" 0.002768306777127854 0.003221381 0.0040065693 0.0072279503 211.67524758702 -62.98395553426 2518.92529 -5.333999999999993 -3.035 -0.05957163238525354 -0.10757151603698745 0.07578558 0.07978557 "" "" 1.4681668661089011 "" 0.11578696412580052 "" 0.95
211.68858142418 -63.06557656735 0.0188 0.0217 3.4205 "" "" 5853954598169423104 2346.86743 0.4174 0.0326 -5.28 -3.172 0.022 0.026 0.985 6684.5 3.9221 15.963435 1.400862 16.59394 15.193079 "" "" 2129.09668 2539.53613 7754.84035 1.9913 3146.6 5.7573 6636.3 6.3316 "" "" 0.002769389316203003 0.003425123 0.0039187735 0.0073438967 211.68858142418 -63.06557656735 2346.86743 -5.279999999999995 -3.171999999999998 -0.005571632385254155 -0.24457151603698746 0.07578558 0.07978557 "" "" 2.7213565200655974 "" 0.21711947755175812 "" 0.9
211.85561757007 -63.08655456705 0.021 0.0263 1.9049 "" "" 5853952880182460416 2418.23193 0.3824 0.0377 -5.227 -2.969 0.026 0.037 1.004 9087.1 4.1792 15.972929 1.208732 16.489159 15.280427 "" "" 2222.03369 2645.54102 7687.32262 2.3236 3465.4 8.3822 6123.3 7.9853 "" "" 0.002774795624687749 0.0038317114 0.0040358985 0.00786761 211.85561757007 -63.08655456705 2418.23193 -5.226999999999999 -2.9689999999999994 0.04742836761474578 -0.041571516036987166 0.07978557 0.09078558 "" "" 0.7229180770111189 "" 0.06126037915561731 "" 0.97
211.5869530979 -63.02841138454 0.0229 0.0268 6.4778 "" "" 5853955800760333824 2277.33911 0.4213 0.0401 -5.313 -2.802 0.026 0.032 0.99 "" "" 16.256414 1.30501 16.82597 15.52096 "" "" 2057.52563 2489.61621 5920.81251 1.9238 2541.1 7.4822 4906.5 6.4241 "" "" 0.0027778125436211483 0.004243271 0.00403789 0.008281161 211.5869530979 -63.02841138454 2277.33911 -5.313 -2.802000000000001 -0.03857163238525363 0.12542848396301265 0.07978557 0.085785575 "" "" 1.416522805202879 "" 0.12080652022355201 "" 0.88
