Clusters/UBC_531/UBC_531_stars_in_region.tsv
# %ECSV 1.0
# ---
# datatype:
# - name: RA_ICRS_1
#   unit: deg
#   datatype: float64
#   format: '{:15.11f}'
#   description: Right ascension (ICRS) at Ep=2016.0 (ra)
#   meta: !!omap
#   - {ucd: POS_EQ_RA_MAIN}
#   - {width: 15}
#   - {precision: '11'}
# - name: DE_ICRS_1
#   unit: deg
#   datatype: float64
#   format: '{:15.11f}'
#   description: Declination (ICRS) at Ep=2016.0 (dec)
#   meta: !!omap
#   - {ucd: POS_EQ_DEC_MAIN}
#   - {width: 15}
#   - {precision: '11'}
# - name: e_RA_ICRS
#   unit: mas
#   datatype: float64
#   format: '{:7.4f}'
#   description: Standard error of right ascension (ra_error)
#   meta: !!omap
#   - {ucd: ERROR}
#   - {width: 7}
#   - {precision: '4'}
# - name: e_DE_ICRS
#   unit: mas
#   datatype: float64
#   format: '{:7.4f}'
#   description: Standard error of declination (dec_error)
#   meta: !!omap
#   - {ucd: ERROR}
#   - {width: 7}
#   - {precision: '4'}
# - name: _r_1
#   unit: ''
#   datatype: float64
#   format: '{:7.4f}'
#   description: Distance from center (211.81401823000-63.06099923000)[ICRS], at Epoch=J2016.0
#   meta: !!omap
#   - {ucd: POS_ANG_DIST_GENERAL}
#   - {width: 7}
#   - {precision: '4'}
# - name: HIP
#   datatype: int32
#   description: '? HIP cross-id number, van Leeuwen, Cat. I/311 (hip_original_ext_source_id)'
#   meta: !!omap
#   - {ucd: ID_NUMBER}
#   - {width: 6}
#   - values: {'null': -2147483648}
# - name: TYC2
#   datatype: string
#   description: Tycho-2 cross-id name, Hog et al., Cat. I/259 (tyc2_original_ext_source_id)
#   meta: !!omap
#   - {ucd: ID_CROSSID}
#   - {_votable_string_dtype: char}
# - name: Source
#   datatype: int64
#   description: Source identifier, identical to the Gaia-EDR3 source_id (id)
#   meta: !!omap
#   - {ucd: ID_MAIN}
#   - {width: 19}
# - name: rgeo
#   unit: pc
#   datatype: float64
#   format: '{:15.8f}'
#   description: '? Median of the geometric distance posterior (r_med_geo)'
#   meta: !!omap
#   - {ucd: PHYS_DISTANCE_TRUE}
#   - {width: 15}
#   - {precision: '8'}
#   - values: {'null': .nan}
# - name: Plx
#   unit: mas
#   datatype: float64
#   format: '{:9.4f}'
#   description: '? Parallax (parallax)'
#   meta: !!omap
#   - {ucd: POS_PARLX_TRIG}
#   - {width: 9}
#   - {precision: '4'}
#   - values: {'null': .nan}
# - name: e_Plx
#   unit: mas
#   datatype: float32
#   format: '{:7.4f}'
#   description: '? Standard error of parallax (parallax_error)'
#   meta: !!omap
#   - {ucd: ERROR}
#   - {width: 7}
#   - {precision: '4'}
#   - values: {'null': .nan}
# - name: pmRA
#   unit: mas / yr
#   datatype: float64
#   format: '{:9.3f}'
#   description: '? Proper motion in right ascension direction, pmRA*cosDE (pmra)'
#   meta: !!omap
#   - {ucd: POS_EQ_PMRA}
#   - {width: 9}
#   - {precision: '3'}
#   - values: {'null': .nan}
# - name: pmDE
#   unit: mas / yr
#   datatype: float64
#   format: '{:9.3f}'
#   description: '? Proper motion in declination direction (pmdec)'
#   meta: !!omap
#   - {ucd: POS_EQ_PMDEC}
#   - {width: 9}
#   - {precision: '3'}
#   - values: {'null': .nan}
# - name: e_pmRA
#   unit: mas / yr
#   datatype: float32
#   format: '{:6.3f}'
#   description: '? Standard error of proper motion in right ascension direction (pmra_error)'
#   meta: !!omap
#   - {ucd: ERROR}
#   - {width: 6}
#   - {precision: '3'}
#   - values: {'null': .nan}
# - name: e_pmDE
[...]
#         value: !astropy.table.SerializedColumn {name: SkyCoord.dec}
#       distance: !astropy.table.SerializedColumn
#         __class__: astropy.coordinates.distances.Distance
#         unit: !astropy.units.Unit {unit: pc}
#         value: !astropy.table.SerializedColumn {name: SkyCoord.distance}
#       frame: icrs
#       obstime: !astropy.time.Time {format: jyear_str, in_subfmt: '*', jd1: 367701545.0, jd2: 0.0, out_subfmt: '*', precision: 3, scale: tt}
#       pm_dec: !astropy.table.SerializedColumn
#         __class__: astropy.units.quantity.Quantity
#         unit: !astropy.units.Unit {unit: mas / yr}
#         value: !astropy.table.SerializedColumn {name: SkyCoord.pm_dec}
#       pm_ra_cosdec: !astropy.table.SerializedColumn
#         __class__: astropy.units.quantity.Quantity
#         unit: !astropy.units.Unit {unit: mas / yr}
#         value: !astropy.table.SerializedColumn {name: SkyCoord.pm_ra_cosdec}
#       ra: !astropy.table.SerializedColumn
#         __class__: astropy.coordinates.angles.Longitude
#         unit: *id001
#         value: !astropy.table.SerializedColumn {name: SkyCoord.ra}
#         wrap_angle: !astropy.coordinates.Angle
#           unit: *id001
#           value: 360.0
#       representation_type: spherical
# schema: astropy-2.0
RA_ICRS_1 DE_ICRS_1 e_RA_ICRS e_DE_ICRS _r_1 HIP TYC2 Source rgeo Plx e_Plx pmRA pmDE e_pmRA e_pmDE RUWE Teff logg Gmag BP-RP BPmag RPmag RV e_RV b_rgeo B_rgeo FG e_FG FBP e_FBP FRP e_FRP RAVE5 RAVE6 e_Gmag e_BPmag e_RPmag e_BP-RP SkyCoord.ra SkyCoord.dec SkyCoord.distance SkyCoord.pm_ra_cosdec SkyCoord.pm_dec rmRA rmDE e_rmRA e_rmDE rRV e_rRV v_pec v_pec3d e_vpec e_vpec3d
[from data line 909]
211.70325107832 -62.89008272628 0.0222 0.0262 10.6904 "" "" 5853970128772703872 2178.84277 0.4351 0.0377 -5.57 -5.919 0.026 0.032 0.992 5152.1 3.595 16.194988 1.783451 17.061695 15.278244 "" "" 2021.10718 2365.39404 6265.43413 2.001 2045.2 5.1162 6135.6 6.7518 "" "" 0.0027770536628317867 0.0038938308 0.003963738 0.007857569 211.70325107832 -62.89008272628 2178.84277 -5.5699999999999985 -5.919000000000005 -0.2955716323852542 -2.991571516036987 0.07978557 0.085785575 "" "" 31.04653063565715 "" 2.6616060691962002 ""
211.36970622788 -62.84915932097 0.024 0.0284 17.5636 "" "" 5853973358587840768 2288.0083 0.4176 0.0397 -10.581 -2.449 0.029 0.034 1.019 5711.0 4.3995 16.19793 1.321999 16.773745 15.451746 "" "" 2074.53442 2539.56592 6248.48445 2.1297 2666.4 7.7311 5229.5 10.996 "" "" 0.0027800595719922566 0.0042065675 0.0044153873 0.008621955 211.36970622788 -62.84915932097 2288.0083 -10.581 -2.4489999999999985 -5.306571632385253 0.47842848396301285 0.08278558 0.08778557 "" "" 57.78403923874603 "" 4.786084278393022 ""
211.55883349876 -62.79119293693 0.031 0.0384 17.6246 "" "" 5853974904776286336 2572.73486 0.3809 0.053 -6.532 -3.464 0.038 0.048 1.501 15006.7 4.5874 16.20476 1.650458 16.925564 15.275105 "" "" 2257.52295 2998.85303 6209.30206 3.6839 2318.4 5.6062 6153.4 6.7578 "" "" 0.0028296153618589085 0.0038311959 0.003963016 0.0077942116 211.55883349876 -62.79119293693 2572.73486 -6.532000000000001 -3.4639999999999995 -1.257571632385254 -0.5365715160369873 0.09178557 0.10178557 "" "" 16.67339189137699 "" 1.557219261354586 ""
211.74716863918 -62.91359572969 0.0224 0.0262 9.0299 "" "" 5853969785175129216 2488.52954 0.3899 0.0381 -3.875 -1.686 0.026 0.033 0.967 7831.4 4.189 16.207182 1.309862 16.779987 15.470125 "" "" 2267.65625 2835.76636 6195.46059 2.2341 2651.1 6.2875 5141.7 6.633 "" "" 0.0027829978205996487 0.0037967935 0.004030574 0.007827368 211.74716863918 -62.91359572969 2488.52954 -3.875 -1.686 1.399428367614746 1.2414284839630128 0.07978557 0.08678557 "" "" 22.066166881061335 "" 1.830191944829232 ""
211.67230085204 -62.77249508563 0.0333 0.0398 17.7378 "" "" 5853974625551191552 3063.85718 0.3057 0.0566 -6.699 -2.242 0.04 0.049 1.522 "" "" 16.208145 1.631207 16.949863 15.318656 "" "" 2675.88892 3918.25854 6189.97022 3.7671 2267.1 5.7569 5911.5 8.3534 "" "" 0.0028334416381936983 0.003922536 0.0040789195 0.008001456 211.67230085204 -62.77249508563 3063.85718 -6.699 -2.242 -1.4245716323852537 0.6854284839630127 0.09378557 0.10278557 "" "" 22.958779769056285 "" 2.1935312241018607 ""
211.65387200153 -63.17227224293 0.0231 0.0264 7.9657 "" "" 5853950681159482624 3008.07568 0.3032 0.0383 -5.673 -3.892 0.026 0.031 0.961 9726.6 4.3165 16.208391 1.845054 17.106956 15.261903 "" "" 2734.77148 3448.38599 6188.56983 2.2058 1961.7 7.1516 6228.7 6.9295 "" "" 0.002782364270105637 0.0048427465 0.0039677117 0.008810459 211.65387200153 -63.17227224293 3008.07568 -5.672999999999997 -3.8920000000000017 -0.39857163238525395 -0.9645715160369872 0.07978557 0.08478557 "" "" 14.881009388434562 "" 1.2511191761105687 ""
211.52814393551 -63.32663218302 0.022 0.0257 17.7159 "" "" 5853896049170390272 2189.10791 0.444 0.037 -7.965 -2.473 0.026 0.03 0.996 6871.4 4.0591 16.20969 1.496921 16.891863 15.394942 "" "" 2015.29395 2358.45483 6181.17444 1.9332 2391.5 5.7593 5510.4 6.5334 "" "" 0.002776165989262644 0.0038238408 0.003992602 0.007816443 211.52814393551 -63.32663218302 2189.10791 -7.964999999999999 -2.473 -2.6905716323852538 0.45442848396301283 0.07978557 0.08378557 "" "" 28.31377153411043 "" 2.2622479820216572 ""
211.87925471968 -63.32891763931 0.0239 0.0271 16.1717 "" "" 5853898213834335872 2702.80005 0.3446 0.0376 -7.877 -4.234 0.029 0.033 0.963 4851.2 3.499 16.20997 2.16132 17.31239 15.15107 "" "" 2465.19702 2982.74292 6179.5742 2.2022 1623.5 8.2692 6898.1 11.208 "" "" 0.002782354650960568 0.006194143 0.004170824 0.0103649665 211.87925471968 -63.32891763931 2702.80005 -7.877000000000001 -4.234 -2.6025716323852537 -1.3065715160369873 0.08278558 0.08678557 "" "" 37.30810581786938 "" 3.1191875492550154 ""
212.16727523803 -63.2293450169 0.0228 0.0286 13.9175 "" "" 5853900653376080000 2837.33643 0.3354 0.0393 -11.055 -6.711 0.028 0.039 0.972 4959.7 3.5626 16.210596 2.02752 17.233158 15.205638 "" "" 2536.073 3175.72339 6176.01881 3.8418 1746.4 5.6903 6560.0 14.24 "" "" 0.0028368877801265616 0.00450556 0.0044540353 0.008959595 212.16727523803 -63.2293450169 2837.33643 -11.055000000000003 -6.7109999999999985 -5.780571632385254 -3.7835715160369876 0.081785575 0.092785574 "" "" 92.91520985379135 "" 7.9195245599619755 ""
211.90046934546 -62.85609957061 0.0225 0.0274 12.5181 "" "" 5854052179819235712 2868.2959 0.3188 0.0392 -4.901 -1.599 0.027 0.033 1.035 "" "" 16.216274 2.671534 17.704206 15.032673 "" "" 2599.60254 3212.08447 6143.79441 2.2351 1131.7 4.4876 7692.9 8.6673 "" "" 0.002783487996347209 0.005130397 0.003972416 0.009102813 211.90046934546 -62.85609957061 2868.2959 -4.900999999999996 -1.5989999999999998 0.3734283676147463 1.3284284839630127 0.08078557 0.08678557 "" "" 18.760968971262976 "" 1.6202032348744693 ""
211.54582164015 -63.23712080447 0.0215 0.0253 12.8255 "" "" 5853944530765355136 3020.29736 0.3085 0.0373 -6.867 -2.865 0.026 0.03 0.993 9461.6 4.2151 16.21669 1.365632 16.823881 15.458249 "" "" 2704.15991 3398.57397 6141.44723 2.1847 2546.0 6.0637 5198.3 7.8222 "" "" 0.0027822585430268623 0.0038041659 0.0041173953 0.007921562 211.54582164015 -63.23712080447 3020.29736 -6.866999999999999 -2.8649999999999998 -1.592571632385254 0.06242848396301248 0.07978557 0.08378557 "" "" 22.817099585617783 "" 1.8206188422133476 ""
211.45880534916 -63.16852063226 0.0231 0.0277 11.5976 "" "" 5853948104178385536 2234.13062 0.4275 0.0389 -8.965 -2.632 0.028 0.031 1.007 5556.7 4.3971 16.217104 1.291317 16.77478 15.483463 "" "" 2049.62622 2458.70605 6139.10459 2.0222 2663.8 9.8328 5078.9 7.2264 "" "" 0.002778433764474704 0.0048833443 0.0040829135 0.008966258 211.45880534916 -63.16852063226 2234.13062 -8.965000000000002 -2.631999999999998 -3.6905716323852538 0.2954284839630126 0.081785575 0.08478557 "" "" 39.20735688204072 "" 3.207358768418886 ""
211.90943554666 -62.89236565535 0.0262 0.0313 10.447 "" "" 5854051801837956224 2952.85522 0.3149 0.0455 -8.143 -2.779 0.03 0.037 1.176 5775.8 4.1907 16.217318 1.399502 16.705708 15.306206 "" "" 2660.80786 3417.50513 6137.89333 3.3244 2838.8 63.427 5979.7 62.453 "" "" 0.002817374406377272 0.024418416 0.011952846 0.03637126 211.90943554666 -62.89236565535 2952.85522 -8.143 -2.7790000000000035 -2.8685716323852546 0.14842848396301278 0.08378557 0.09078558 "" "" 40.20377134739974 "" 3.3692787074172577 ""
211.26708557168 -63.19748658582 0.0226 0.027 16.9427 "" "" 5853946935947158656 2089.00488 0.4529 0.0391 -4.362 -2.905 0.026 0.031 0.973 "" "" 16.21761 1.118426 16.687693 15.569266 "" "" 1939.07715 2277.98584 6136.24593 1.9265 2886.3 6.417 4693.0 6.5591 "" "" 0.0027763253982649896 0.0036894232 0.004072643 0.007762066 211.26708557168 -63.19748658582 2089.00488 -4.362 -2.905 0.912428367614746 0.02242848396301289 0.07978557 0.08478557 "" "" 9.037488185723346 "" 0.7210892924056247 ""
211.57248497843 -63.22138762121 0.0238 0.0274 11.6394 "" "" 5853944668204342656 3000.21729 0.325 0.0416 -7.107 -2.676 0.028 0.031 1.019 7655.0 3.8832 16.219246 1.596287 16.960669 15.364382 "" "" 2638.55664 3494.91113 6127.00701 2.0244 2244.7 6.1572 5667.7 7.964 "" "" 0.0027785750496972994 0.004080997 0.0040756925 0.008156689 211.57248497843 -63.22138762121 3000.21729 -7.107000000000005 -2.676 -1.8325716323852541 0.25142848396301254 0.081785575 0.08478557 "" "" 26.30519642668597 "" 2.1528698767604 ""
212.26715430237 -63.08159345302 0.0242 0.0287 12.3748 "" "" 5853998475543972224 3040.53296 0.3047 0.0427 -6.273 -2.953 0.029 0.037 0.991 "" "" 16.22088 2.096115 17.276367 15.180252 "" "" 2754.56665 3390.00244 6117.791 2.3027 1678.3 6.1852 6715.2 10.241 "" "" 0.002785461572279384 0.004878114 0.0041261846 0.009004299 212.26715430237 -63.08159345302 3040.53296 -6.272999999999998 -2.953000000000001 -0.9985716323852536 -0.025571516036987152 0.08278558 0.09078558 "" "" 14.396258445052663 "" 1.191881676301759 ""
211.52743823555 -63.17814986396 0.0243 0.0288 10.4808 "" "" 5853945011801816320 2691.9541 0.344 0.0413 -6.281 -1.866 0.029 0.034 1.019 10200.3 4.0657 16.222822 1.523423 16.816788 15.293365 "" "" 2435.95435 3010.5957 6106.85772 2.9023 2562.7 37.742 6050.8 28.47 "" "" 0.002803220339133627 0.016231718 0.006354618 0.022586334 211.52743823555 -63.17814986396 2691.9541 -6.281 -1.866 -1.0065716323852536 1.0614284839630126 0.08278558 0.08778557 "" "" 18.665270860183988 "" 1.5950330216211004 ""
211.37597064295 -63.13035617439 0.026 0.0299 12.6 "" "" 5853949164984631552 2485.37988 0.382 0.0425 -6.898 -2.914 0.03 0.035 1.127 "" "" 16.224104 1.459394 16.82828 15.368886 "" "" 2210.08276 2939.69482 6099.6521 2.4151 2535.7 6.3332 5644.2 6.8112 "" "" 0.002788654204447691 0.0038908399 0.004000052 0.007890891 211.37597064295 -63.13035617439 2485.37988 -6.897999999999998 -2.914000000000001 -1.6235716323852536 0.01342848396301255 0.08378557 0.088785574 "" "" 19.127465562984078 "" 1.602612364161314 ""
212.36665608577 -63.00883800079 0.0234 0.0296 15.3578 "" "" 5854000502768393984 2919.77246 0.3059 0.0415 -6.439 -4.533 0.028 0.039 0.97 7585.1 3.4233 16.225252 2.644337 17.696089 15.051752 "" "" 2616.19067 3312.57495 6093.20949 2.2642 1140.2 5.6389 7558.9 7.6717 "" "" 0.0027847017321144434 0.0060512056 0.0039367494 0.009987955 212.36665608577 -63.00883800079 2919.77246 -6.438999999999999 -4.5329999999999995 -1.164571632385254 -1.6055715160369877 0.081785575 0.092785574 "" "" 27.450441155606352 "" 2.4471216912462808 ""
211.89760333343 -63.25643132378 0.0263 0.0299 11.9426 "" "" 5853901821578755328 2605.51392 0.36 0.0438 -5.692 -2.434 0.031 0.038 1.133 9773.3 3.9297 16.228437 1.744786 16.988775 15.243989 "" "" 2358.15674 2855.44507 6075.35212 2.7724 2187.3 23.586 6332.3 30.865 "" "" 0.0027995124872257377 0.012035548 0.0065030907 0.018538639 211.89760333343 -63.25643132378 2605.51392 -5.692000000000001 -2.4339999999999984 -0.4175716323852541 0.49342848396301253 0.08478557 0.09178557 "" "" 7.9831735322122395 "" 0.7099551777000784 ""
211.21109280756 -63.02199916982 0.0235 0.0271 16.566 "" "" 5853965009170874624 2109.79053 0.4501 0.0411 -10.501 -4.999 0.027 0.032 0.976 7443.1 4.0616 16.231264 1.670435 17.021786 15.351351 "" "" 1964.68494 2271.11011 6059.55919 2.0111 2121.8 5.1668 5736.1 6.2391 "" "" 0.0027787833677421687 0.0038438446 0.0039595906 0.0078034354 211.21109280756 -63.02199916982 2109.79053 -10.500999999999998 -4.998999999999999 -5.226571632385253 -2.071571516036987 0.08078557 0.085785575 "" "" 56.223690082385396 "" 4.581241965830237 ""
212.24241913322 -62.87322074118 0.0238 0.0307 16.2302 "" "" 5854049912076725376 2228.65454 0.4273 0.0446 -12.618 -2.642 0.028 0.038 1.138 6432.2 4.019 16.232056 1.700003 17.000103 15.3001 "" "" 2036.07898 2480.90918 6055.14805 2.091 2164.6 6.6704 6013.4 27.456 "" "" 0.00278071287741438 0.0043565296 0.0062336284 0.010590158 212.24241913322 -62.87322074118 2228.65454 -12.618000000000004 -2.6420000000000003 -7.343571632385254 0.2854284839630128 0.081785575 0.09178557 "" "" 77.63476267571625 "" 6.350646206475286 ""
211.71045270737 -63.03914291244 0.0214 0.0247 3.1066 "" "" 5853956316156377344 2626.86157 0.3567 0.0371 -5.279 -0.905 0.025 0.029 1.015 7824.7 3.8025 16.234322 1.340762 16.82858 15.487819 "" "" 2415.97534 2911.93262 6042.5213 1.8157 2535.0 4.8448 5058.6 6.4252 "" "" 0.0027745681314072495 0.0034771762 0.004023122 0.0075002983 211.71045270737 -63.03914291244 2626.86157 -5.279 -0.9050000000000009 -0.004571632385253821 2.0224284839630124 0.078785576 0.08278558 "" "" 25.18197633675599 "" 2.0847039282578295 ""
211.89138200114 -62.87469480239 0.0218 0.0271 11.3756 "" "" 5854052076740015872 2643.98999 0.3738 0.0394 -3.925 -2.519 0.026 0.033 1.0 "" "" 16.235498 1.531666 16.94136 15.409695 "" "" 2338.94019 2972.67334 6035.97557 1.9111 2284.9 6.1997 5436.0 7.42 "" "" 0.002776682016053318 0.004057557 0.0040595634 0.008117121 211.89138200114 -62.87469480239 2643.98999 -3.925 -2.519 1.3494283676147463 0.40842848396301257 0.07978557 0.08678557 "" "" 17.669379382568124 "" 1.4205552321424748 ""
211.32825656723 -63.11777716327 0.0225 0.027 13.6241 "" "" 5853960611124211712 2657.85474 0.3513 0.0377 -6.32 -2.772 0.026 0.031 0.956 8778.9 3.6715 16.23559 1.644118 17.010988 15.36687 "" "" 2388.27173 2967.77246 6035.46276 1.915 2143.0 6.7052 5654.7 6.4666 "" "" 0.0027767725841938125 0.0043960926 0.0039781104 0.008374203 211.32825656723 -63.11777716327 2657.85474 -6.32 -2.772 -1.0455716323852542 0.1554284839630129 0.07978557 0.08478557 "" "" 13.317099715640964 "" 1.0639960678447722 ""
211.3390908288 -63.10321537184 0.0225 0.0267 13.1466 "" "" 5853960989081354240 2362.21069 0.3963 0.0381 -7.068 -2.852 0.026 0.031 0.973 9925.3 4.3675 16.236519 1.655104 16.98551 15.330406 "" "" 2187.67017 2589.14771 6030.30693 2.7488 2193.9 5.3364 5847.8 22.025 "" "" 0.002799415535587421 0.003841813 0.005568303 0.009410116 211.3390908288 -63.10321537184 2362.21069 -7.0680000000000005 -2.852 -1.7935716323852535 0.07542848396301283 0.07978557 0.08478557 "" "" 20.100155130043607 "" 1.603885326960075 ""
211.70904116554 -63.20458636386 0.0222 0.0259 9.0733 "" "" 5853949680380580096 2407.66089 0.3914 0.0368 -5.033 -3.455 0.027 0.031 1.015 6062.9 4.1952 16.238354 1.375056 16.839828 15.464772 "" "" 2198.82349 2657.96655 6020.11699 1.8698 2508.9 5.3104 5167.1 11.561 "" "" 0.002775879564240152 0.003614733 0.004492772 0.008107505 211.70904116554 -63.20458636386 2407.66089 -5.033 -3.454999999999998 0.24142836761474573 -0.5275715160369874 0.08078557 0.08478557 "" "" 6.621299086781575 "" 0.5568947451234666 ""
211.48960271799 -63.15715455622 0.0237 0.0271 10.5258 "" "" 5853948001099087104 2642.69043 0.3678 0.0407 -4.756 -2.751 0.027 0.032 1.002 8199.0 3.6176 16.239408 1.219164 16.760319 15.541155 "" "" 2369.32275 3030.95483 6014.2799 2.0316 2699.5 6.159 4816.1 8.4517 "" "" 0.0027796223431771094 0.0037311243 0.0042324997 0.007963624 211.48960271799 -63.15715455622 2642.69043 -4.755999999999999 -2.751 0.5184283676147459 0.1764284839630128 0.08078557 0.085785575 "" "" 6.859764926676036 "" 0.5578281121631398 ""
212.27927335272 -63.14131011811 0.0266 0.0332 13.5174 "" "" 5853994970850618240 2255.75024 0.4288 0.0483 -4.268 -2.961 0.032 0.043 1.162 5942.3 4.2794 16.239428 1.248928 16.764141 15.515213 "" "" 2009.65369 2546.65698 6014.17458 2.5427 2690.1 5.801 4932.6 6.6786 "" "" 0.0027932955829763077 0.0036423586 0.004055218 0.0076975767 212.27927335272 -63.14131011811 2255.75024 -4.268000000000002 -2.960999999999997 1.0064283676147463 -0.03357151603698716 0.085785575 0.096785575 "" "" 10.766975076489366 "" 0.923791216808218 ""
211.95588840906 -63.11479181841 0.0225 0.028 5.0261 "" "" 5853952192987645696 2602.82764 0.3631 0.0389 -6.561 -2.001 0.027 0.035 1.005 "" "" 16.240301 1.368689 16.84169 15.473001 "" "" 2343.24805 2892.13623 6009.33792 1.8736 2504.6 6.1304 5128.1 5.9645 "" "" 0.0027760367488838798 0.0038532326 0.0039847763 0.007838009 211.95588840906 -63.11479181841 2602.82764 -6.561000000000001 -2.0009999999999986 -1.2865716323852538 0.9264284839630128 0.08078557 0.088785574 "" "" 19.559886596834833 "" 1.6352722210304629 ""
