Clusters/UBC_559/UBC_559_stars_in_region.tsv
# %ECSV 1.0
# ---
# datatype:
# - name: RA_ICRS_1
#   unit: deg
#   datatype: float64
#   format: '{:15.11f}'
#   description: Right ascension (ICRS) at Ep=2016.0 (ra)
#   meta: !!omap
#   - {ucd: POS_EQ_RA_MAIN}
#   - {width: 15}
#   - {precision: '11'}
# - name: DE_ICRS_1
#   unit: deg
#   datatype: float64
#   format: '{:15.11f}'
#   description: Declination (ICRS) at Ep=2016.0 (dec)
#   meta: !!omap
#   - {ucd: POS_EQ_DEC_MAIN}
#   - {width: 15}
#   - {precision: '11'}
# - name: e_RA_ICRS
#   unit: mas
#   datatype: float64
#   format: '{:7.4f}'
#   description: Standard error of right ascension (ra_error)
#   meta: !!omap
#   - {ucd: ERROR}
#   - {width: 7}
#   - {precision: '4'}
# - name: e_DE_ICRS
#   unit: mas
#   datatype: float64
#   format: '{:7.4f}'
#   description: Standard error of declination (dec_error)
#   meta: !!omap
#   - {ucd: ERROR}
#   - {width: 7}
#   - {precision: '4'}
# - name: _r_1
#   unit: ''
#   datatype: float64
#   format: '{:7.4f}'
#   description: Distance from center (259.10380928000-39.65739505000)[ICRS], at Epoch=J2016.0
#   meta: !!omap
#   - {ucd: POS_ANG_DIST_GENERAL}
#   - {width: 7}
#   - {precision: '4'}
# - name: HIP
#   datatype: int32
#   description: '? HIP cross-id number, van Leeuwen, Cat. I/311 (hip_original_ext_source_id)'
#   meta: !!omap
#   - {ucd: ID_NUMBER}
#   - {width: 6}
#   - values: {'null': -2147483648}
# - name: TYC2
#   datatype: string
#   description: Tycho-2 cross-id name, Hog et al., Cat. I/259 (tyc2_original_ext_source_id)
#   meta: !!omap
#   - {ucd: ID_CROSSID}
#   - {_votable_string_dtype: char}
# - name: Source
#   datatype: int64
#   description: Source identifier, identical to the Gaia-EDR3 source_id (id)
#   meta: !!omap
#   - {ucd: ID_MAIN}
#   - {width: 19}
# - name: rgeo
#   unit: pc
#   datatype: float64
#   format: '{:15.8f}'
#   description: '? Median of the geometric distance posterior (r_med_geo)'
#   meta: !!omap
#   - {ucd: PHYS_DISTANCE_TRUE}
#   - {width: 15}
#   - {precision: '8'}
#   - values: {'null': .nan}
# - name: Plx
#   unit: mas
#   datatype: float64
#   format: '{:9.4f}'
#   description: '? Parallax (parallax)'
#   meta: !!omap
#   - {ucd: POS_PARLX_TRIG}
#   - {width: 9}
#   - {precision: '4'}
#   - values: {'null': .nan}
# - name: e_Plx
#   unit: mas
#   datatype: float32
#   format: '{:7.4f}'
#   description: '? Standard error of parallax (parallax_error)'
#   meta: !!omap
#   - {ucd: ERROR}
#   - {width: 7}
#   - {precision: '4'}
#   - values: {'null': .nan}
# - name: pmRA
#   unit: mas / yr
#   datatype: float64
#   format: '{:9.3f}'
#   description: '? Proper motion in right ascension direction, pmRA*cosDE (pmra)'
#   meta: !!omap
#   - {ucd: POS_EQ_PMRA}
#   - {width: 9}
#   - {precision: '3'}
#   - values: {'null': .nan}
# - name: pmDE
#   unit: mas / yr
#   datatype: float64
#   format: '{:9.3f}'
#   description: '? Proper motion in declination direction (pmdec)'
#   meta: !!omap
#   - {ucd: POS_EQ_PMDEC}
#   - {width: 9}
#   - {precision: '3'}
#   - values: {'null': .nan}
# - name: e_pmRA
#   unit: mas / yr
#   datatype: float32
#   format: '{:6.3f}'
#   description: '? Standard error of proper motion in right ascension direction (pmra_error)'
#   meta: !!omap
#   - {ucd: ERROR}
#   - {width: 6}
#   - {precision: '3'}
#   - values: {'null': .nan}
# - name: e_pmDE
[...]
#         unit: &id001 !astropy.units.Unit {unit: deg}
#         value: !astropy.table.SerializedColumn {name: SkyCoord.dec}
#       distance: !astropy.table.SerializedColumn
#         __class__: astropy.coordinates.distances.Distance
#         unit: !astropy.units.Unit {unit: pc}
#         value: !astropy.table.SerializedColumn {name: SkyCoord.distance}
#       frame: icrs
#       obstime: !astropy.time.Time {format: jyear_str, in_subfmt: '*', jd1: 367701545.0, jd2: 0.0, out_subfmt: '*', precision: 3, scale: tt}
#       pm_dec: !astropy.table.SerializedColumn
#         __class__: astropy.units.quantity.Quantity
#         unit: !astropy.units.Unit {unit: mas / yr}
#         value: !astropy.table.SerializedColumn {name: SkyCoord.pm_dec}
#       pm_ra_cosdec: !astropy.table.SerializedColumn
#         __class__: astropy.units.quantity.Quantity
#         unit: !astropy.units.Unit {unit: mas / yr}
#         value: !astropy.table.SerializedColumn {name: SkyCoord.pm_ra_cosdec}
#       ra: !astropy.table.SerializedColumn
#         __class__: astropy.coordinates.angles.Longitude
#         unit: *id001
#         value: !astropy.table.SerializedColumn {name: SkyCoord.ra}
#         wrap_angle: !astropy.coordinates.Angle
#           unit: *id001
#           value: 360.0
#       representation_type: spherical
# schema: astropy-2.0
RA_ICRS_1 DE_ICRS_1 e_RA_ICRS e_DE_ICRS _r_1 HIP TYC2 Source rgeo Plx e_Plx pmRA pmDE e_pmRA e_pmDE RUWE Teff logg Gmag BP-RP BPmag RPmag RV e_RV b_rgeo B_rgeo FG e_FG FBP e_FBP FRP e_FRP RAVE5 RAVE6 e_Gmag e_BPmag e_RPmag e_BP-RP SkyCoord.ra SkyCoord.dec SkyCoord.distance SkyCoord.pm_ra_cosdec SkyCoord.pm_dec
[from data line 1368]
259.34144452271 -39.73873382848 0.0229 0.0136 12.007 "" "" 5972044380379436672 2572.97949 0.3486 0.0272 -0.597 -1.797 0.036 0.027 1.0 9373.7 3.3293 14.894099 1.368562 15.496447 14.127885 "" "" 2419.3335 2769.26562 20763.81196 5.1906 8646.5 11.189 17701.0 13.476 "" "" 0.002768655959216903 0.00312395 0.0038687168 0.006992667 259.34144452271 -39.73873382848 2572.97949 -0.597 -1.7969999999999997
258.49304675623 -39.67728565692 0.027 0.0164 28.2337 "" "" 5972268302800104064 2139.38525 0.4212 0.0307 -1.472 -12.386 0.041 0.028 1.221 7734.6 3.6196 14.894114 2.246557 16.025126 13.778568 -72.78 5.02 2028.46692 2303.50342 20763.54368 10.081 5313.3 11.209 24419.0 42.873 "" "" 0.0028052926071695 0.0036098969 0.0042329095 0.007842806 258.49304675623 -39.67728565692 2139.38525 -1.4720000000000002 -12.386
259.21231761298 -40.03609024649 0.0246 0.0149 23.265 "" "" 5972013624063752064 2495.48413 0.3663 0.0269 -1.184 -3.156 0.032 0.023 1.027 "" "" 14.894358 1.394601 15.502904 14.108303 "" "" 2311.78394 2660.12109 20758.876 5.1104 8595.2 12.253 18023.0 19.67 "" "" 0.0027682541315671946 0.0031907188 0.0039607882 0.007151507 259.21231761298 -40.03609024649 2495.48413 -1.184 -3.1560000000000006
258.63841172297 -39.59502068452 0.023 0.0159 21.8307 "" "" 5972228101898212224 2514.98267 0.3516 0.0275 -0.006 -2.601 0.037 0.025 1.01 8825.8 3.8339 14.894946 1.661403 15.673324 14.011921 -6.0 5.22 2367.27466 2698.52319 20747.62864 10.013 7346.6 21.405 19697.0 19.737 "" "" 0.0028047016153075273 0.0042180684 0.003932854 0.008150922 258.63841172297 -39.59502068452 2514.98267 -0.006000000000000005 -2.6010000000000004
259.05878910832 -39.74712019081 0.025 0.0151 5.7707 "" "" 5972231709672287872 2178.15552 0.4145 0.0287 0.72 -2.566 0.039 0.027 1.017 7751.1 3.0479 14.896921 2.699284 16.403057 13.703774 -54.94 3.1 2064.97461 2304.73315 20709.90533 7.6277 3751.4 8.569 26161.0 28.861 "" "" 0.002784187648046174 0.003733057 0.003964648 0.007697705 259.05878910832 -39.74712019081 2178.15552 0.7199999999999999 -2.566
258.77456817096 -39.76057315393 0.0255 0.0159 16.4096 "" "" 5972222535620105856 2349.70142 0.3895 0.0273 -0.321 -2.418 0.036 0.025 0.994 "" "" 14.898445 1.42561 15.531615 14.106005 "" "" 2210.11255 2497.35986 20680.85677 7.223 8370.9 15.388 18062.0 29.834 "" "" 0.0027812920371885212 0.003430537 0.0041832887 0.0076138256 258.77456817096 -39.76057315393 2349.70142 -0.32100000000000006 -2.4180000000000006
259.29159392927 -39.65036950576 0.0776 0.0365 8.6849 "" "" 5972051625935165824 2286.9895 0.4117 0.0608 -0.615 -1.632 0.106 0.061 1.316 "" "" 14.903383 1.882853 15.277388 13.394535 "" "" 2010.29822 2578.23535 20587.01643 21.698 10579.0 125.45 34781.0 226.89 "" "" 0.002983500708211471 0.013173953 0.008027956 0.021201909 259.29159392927 -39.65036950576 2286.9895 -0.6149999999999999 -1.6319999999999997
259.30802051617 -40.05778944793 0.0248 0.0149 25.7993 "" "" 5972024967124251904 1920.14795 0.4879 0.0275 -0.384 -2.006 0.032 0.023 0.971 "" "" 14.9046 1.382455 15.516758 14.134303 "" "" 1817.21985 2023.4043 20563.957 5.0222 8486.2 11.509 17597.0 9.8147 "" "" 0.002768049926643 0.0031548752 0.003827589 0.0069824643 259.30802051617 -40.05778944793 1920.14795 -0.384 -2.0060000000000002
258.96133498875 -40.09161051852 0.0252 0.0167 26.8662 "" "" 5972009470879545856 2308.30444 0.391 0.0286 0.257 -2.725 0.034 0.025 1.011 4843.9 2.205 14.904743 2.366183 16.143133 13.77695 -2.8 3.26 2133.40894 2559.10303 20561.25315 8.9967 4766.1 31.246 24456.0 76.55 "" "" 0.0027959759084290638 0.0076452866 0.005082653 0.0127279395 258.96133498875 -40.09161051852 2308.30444 0.25700000000000006 -2.7250000000000005
258.9258298586 -39.97562906922 0.0229 0.0152 20.7813 "" "" 5972204531113542016 2433.48706 0.3595 0.0258 -2.391 -3.454 0.032 0.023 0.985 "" "" 14.905976 2.311459 16.11805 13.80659 9.29 7.69 2287.80298 2581.14868 20537.90238 6.9581 4877.5 9.8903 23797.0 30.566 "" "" 0.0027797653905733935 0.0035541593 0.0040284684 0.0075826277 258.9258298586 -39.97562906922 2433.48706 -2.391 -3.454
259.34856916397 -40.12958214981 0.0231 0.0139 30.4895 "" "" 5972000331187867904 2365.22998 0.3822 0.027 -0.246 -2.653 0.036 0.025 0.982 6694.0 2.9327 14.906 1.407686 15.528829 14.121142 "" "" 2247.01221 2491.23242 20537.45352 5.9167 8392.4 8.3201 17812.0 16.795 "" "" 0.0027730180247615955 0.0029905932 0.003915582 0.006906175 259.34856916397 -40.12958214981 2365.22998 -0.246 -2.6529999999999996
259.09331650281 -40.09977819248 0.0235 0.0148 26.5474 "" "" 5972012322738813184 2749.59961 0.3311 0.0266 -1.148 -2.091 0.031 0.022 0.928 "" "" 14.906486 1.653303 15.680539 14.027236 54.74 9.28 2562.74292 2953.93555 20528.28175 6.5197 7298.0 14.533 19421.0 18.356 "" "" 0.0027768136398341665 0.0035298332 0.0039162235 0.0074460567 259.09331650281 -40.09977819248 2749.59961 -1.1480000000000001 -2.091
259.07877677982 -39.25572089536 0.0233 0.0138 24.1283 "" "" 5972262083685974272 2664.34155 0.3239 0.0302 0.403 -3.683 0.037 0.029 1.008 5927.2 1.8558 14.906566 2.761742 16.46742 13.705679 -19.62 2.89 2495.35742 2867.67358 20526.76546 6.759 3535.5 7.505 26115.0 23.919 "" "" 0.0027784171105190067 0.003618968 0.0039080214 0.007526989 259.07877677982 -39.25572089536 2664.34155 0.40299999999999997 -3.683
258.53423837269 -39.664022983 0.023 0.0144 26.3116 "" "" 5972268538961334272 2582.92603 0.3443 0.025 -0.326 -2.236 0.033 0.022 0.958 "" "" 14.90754 1.28655 15.458616 14.172067 "" "" 2431.99023 2745.46289 20508.34422 4.8903 8953.0 10.29 16995.0 15.379 "" "" 0.0027674569056880967 0.0030565078 0.0039050004 0.006961508 258.53423837269 -39.664022983 2582.92603 -0.326 -2.2360000000000007
259.39756522533 -39.76709452951 0.0244 0.0138 15.0717 "" "" 5972046953010610304 2439.09326 0.3618 0.0282 -1.681 -4.503 0.036 0.026 0.978 8774.5 3.3964 14.907797 1.590207 15.640044 14.049837 "" "" 2314.76367 2591.87476 20503.50194 6.8027 7575.3 13.008 19021.0 17.539 "" "" 0.0027787683740906274 0.0033557368 0.003909733 0.00726547 259.39756522533 -39.76709452951 2439.09326 -1.6809999999999998 -4.503
259.48490298525 -39.45911942882 0.0269 0.0158 21.2674 "" "" 5972429827906112640 2662.79492 0.327 0.0333 -0.026 -1.784 0.041 0.03 0.928 "" "" 14.908574 2.456366 16.238708 13.782343 -40.87 2.85 2460.96729 2957.1604 20488.82765 8.164 4364.5 9.0315 24334.0 16.247 "" "" 0.0027890773668690677 0.003582292 0.0038482752 0.0074305674 259.48490298525 -39.45911942882 2662.79492 -0.02600000000000008 -1.7840000000000003
258.96678228487 -39.43625301823 0.0247 0.0142 14.7053 "" "" 5972251810122308992 2329.49146 0.3947 0.0303 -0.567 -2.567 0.04 0.025 0.893 "" "" 14.908859 1.605844 15.654653 14.048808 "" "" 2158.59888 2504.62256 20483.44436 8.2491 7474.1 12.659 19039.0 20.317 "" "" 0.0027897984225507683 0.003341662 0.003952989 0.007294651 258.96678228487 -39.43625301823 2329.49146 -0.567 -2.567
258.62487675699 -39.71678076477 0.0273 0.0172 22.3988 "" "" 5972220504053060864 2424.40161 0.3811 0.0296 0.331 -2.085 0.038 0.026 1.24 7408.4 3.0666 14.910532 1.615121 15.633669 14.018548 -40.6 5.83 2277.0083 2578.38672 20451.91945 7.3265 7619.9 30.24 19577.0 32.072 "" "" 0.002782636634570821 0.0051333075 0.004177023 0.009310331 258.62487675699 -39.71678076477 2424.40161 0.33100000000000007 -2.085
258.67239057778 -39.99410071197 0.0246 0.0154 28.3431 "" "" 5972201571837634176 2130.34375 0.4202 0.0289 -0.804 -3.787 0.038 0.026 0.977 "" "" 14.91072 2.55801 16.317049 13.759039 -18.97 2.43 2005.3125 2277.4873 20448.37631 7.2018 4060.7 7.3379 24862.0 17.909 "" "" 0.0027817281514273635 0.0034109273 0.003859456 0.007270383 258.67239057778 -39.99410071197 2130.34375 -0.804 -3.787
258.80685177501 -39.60371784646 0.0349 0.0214 14.0954 "" "" 5972225902897200640 2741.33667 0.3216 0.039 -0.385 -0.185 0.047 0.033 0.927 4982.0 2.814 14.910894 2.272067 16.100264 13.828197 -51.49 3.0 2508.57593 3009.74707 20445.09019 6.3352 4958.1 18.236 23328.0 28.44 "" "" 0.0027757836738367984 0.004871548 0.004004473 0.008876021 258.80685177501 -39.60371784646 2741.33667 -0.385 -0.185
259.71628445169 -39.5107459464 0.0276 0.0164 29.657 "" "" 5972426323212857088 1945.9115 0.4645 0.0296 -2.606 -2.47 0.038 0.027 0.964 "" "" 14.910941 2.633596 16.375349 13.741753 -4.3 4.25 1849.29517 2060.83643 20444.20621 7.6636 3848.4 15.478 25261.0 17.738 "" "" 0.0027852168037219988 0.0051820464 0.0038555115 0.009037558 259.71628445169 -39.5107459464 1945.9115 -2.605999999999999 -2.4699999999999998
259.06114169683 -40.13558172724 0.0233 0.0149 28.7583 "" "" 5972011807342727424 2636.00415 0.3397 0.026 -1.54 -3.556 0.03 0.023 1.05 8127.5 2.7769 14.911883 1.731744 15.735471 14.003727 -11.41 5.82 2437.6748 2851.4231 20426.46963 7.3232 6937.9 9.6206 19846.0 23.765 "" "" 0.0027826798680695487 0.0031704516 0.003996759 0.007167211 259.06114169683 -40.13558172724 2636.00415 -1.5399999999999998 -3.5559999999999996
259.31450932651 -39.72515322447 0.0272 0.0146 10.5433 "" "" 5972044552178140288 2346.75024 0.3834 0.0304 0.664 -3.107 0.043 0.027 0.954 6598.6 2.5048 14.912786 2.498584 16.273643 13.77506 -52.48 4.66 2221.88818 2504.77661 20409.49368 6.5925 4226.3 9.011 24498.0 16.464 "" "" 0.002777549918524141 0.0036254553 0.0038491755 0.007474631 259.31450932651 -39.72515322447 2346.75024 0.664 -3.107
259.0326614206 -39.42065623436 0.0247 0.0144 14.5808 "" "" 5972252085000183040 2200.34766 0.4175 0.0292 -0.855 -2.423 0.038 0.027 1.014 "" "" 14.913315 1.613978 15.659163 14.045185 "" "" 2053.74316 2348.22974 20399.55973 5.168 7443.1 11.014 19102.0 15.775 "" "" 0.002769015512940194 0.0032196746 0.0038842862 0.007103961 259.0326614206 -39.42065623436 2200.34766 -0.855 -2.423
259.0207030077 -39.62446603591 0.0295 0.0161 4.3183 "" "" 5972236584411634560 1972.97327 0.472 0.0345 0.017 -3.095 0.04 0.027 0.944 7983.1 2.5643 14.913478 2.290617 16.104958 13.814341 "" "" 1826.13953 2142.08032 20396.49545 10.231 4936.7 10.231 23628.0 22.115 "" "" 0.0028086279797312932 0.0035844229 0.003913619 0.0074980417 259.0207030077 -39.62446603591 1972.97327 0.017000000000000126 -3.095
259.71248423213 -39.59070001931 0.0253 0.0155 28.4129 "" "" 5972412888553528704 2537.46387 0.3603 0.0304 -4.85 1.827 0.036 0.027 0.971 "" "" 14.913724 2.461126 16.250362 13.789236 -37.58 3.53 2306.36963 2742.21606 20391.8842 7.1194 4317.9 6.2375 24180.0 17.518 "" "" 0.0027812726352103934 0.0032007794 0.0038603707 0.00706115 259.71248423213 -39.59070001931 2537.46387 -4.8500000000000005 1.827
259.70534006929 -39.58375954986 0.0387 0.0234 28.1498 "" "" 5972412854180801408 1964.63538 0.4608 0.0474 -1.901 -3.817 0.052 0.038 0.971 "" "" 14.913915 "" "" "" -52.63 9.37 1804.69141 2151.47144 20388.28758 17.831 "" "" "" "" "" "" 0.002914350762124154 "" "" "" 259.70534006929 -39.58375954986 1964.63538 -1.9009999999999998 -3.817
258.79509966567 -39.31795878503 0.0251 0.0146 24.8823 "" "" 5972301940991021824 2073.81982 0.4297 0.0297 0.053 -2.009 0.037 0.025 0.934 "" "" 14.915978 3.249841 16.862755 13.612914 0.67 2.96 1968.69165 2217.6543 20349.57985 9.0864 2456.5 13.576 28444.0 24.587 "" "" 0.002797645146985021 0.0066173794 0.003894166 0.010511545 258.79509966567 -39.31795878503 2073.81982 0.05299999999999999 -2.0089999999999995
258.66601616717 -39.91321499044 0.0345 0.0212 25.3582 "" "" 5972215148274504576 2485.76196 0.3393 0.0379 -1.0 -4.651 0.049 0.035 0.948 3871.6 0.8231 14.91758 3.834341 17.352665 13.518324 -25.77 1.35 2303.17944 2687.07373 20319.57984 8.3788 1564.4 6.6054 31033.0 25.201 "" "" 0.0027914563703981946 0.0053666662 0.003880865 0.009247531 258.66601616717 -39.91321499044 2485.76196 -0.9999999999999998 -4.650999999999999
258.95273246846 -39.49147110633 0.0297 0.0165 12.1626 "" "" 5972249984703058048 2639.02075 0.3542 0.0363 -0.608 -2.795 0.043 0.03 1.147 "" "" 14.917832 1.656144 15.690723 14.034579 "" "" 2380.30518 2865.21216 20314.85479 5.3222 7229.8 10.489 19290.0 14.429 "" "" 0.002769963835522492 0.0032041008 0.0038656553 0.0070697563 258.95273246846 -39.49147110633 2639.02075 -0.6079999999999999 -2.795
259.29677565306 -39.30744247775 0.0278 0.0159 22.8196 "" "" 5972247755671933056 1981.54333 0.4638 0.0338 0.081 -1.321 0.04 0.027 1.026 "" "" 14.918124 2.609638 16.36019 13.750551 37.59 3.83 1859.13159 2110.50293 20309.40463 7.7783 3902.5 7.5791 25058.0 19.497 "" "" 0.0027865212658825726 0.0034973335 0.003872646 0.0073699793 259.29677565306 -39.30744247775 1981.54333 0.08100000000000002 -1.3209999999999997
259.01200924902 -39.93760745777 0.0226 0.0145 17.3372 "" "" 5972017167462467456 2134.14282 0.4222 0.0269 -1.343 -2.702 0.033 0.024 1.03 "" "" 14.918832 2.650662 16.39415 13.743488 -33.08 2.42 1999.56799 2266.27515 20296.16562 6.9991 3782.3 9.015 25221.0 21.035 "" "" 0.0027806430047826024 0.003805504 0.0038863502 0.007691854 259.01200924902 -39.93760745777 2134.14282 -1.343 -2.702
258.45169622507 -39.57601124213 0.0223 0.0137 30.5333 "" "" 5972272872645801728 2249.01514 0.4023 0.0249 0.348 -2.197 0.032 0.022 0.94 4956.9 2.7064 14.919545 2.389307 16.188002 13.798695 -5.11 4.66 2119.65332 2443.94507 20282.84021 8.3185 4573.2 10.228 23971.0 38.267 "" "" 0.002791069753522709 0.0036988491 0.004157872 0.007856721 258.45169622507 -39.57601124213 2249.01514 0.3480000000000001 -2.197
258.6619189902 -39.4916433473 0.0239 0.0149 22.7278 "" "" 5972277098895577856 2164.7981 0.4085 0.0269 -0.607 -8.383 0.037 0.025 1.006 4927.8 2.24 14.919598 2.598045 16.358429 13.760384 -86.93 4.88 2046.20276 2304.10181 20281.85212 7.82 3908.8 11.709 24832.0 16.778 "" "" 0.002786940060605839 0.004285206 0.0038499194 0.008135125 258.6619189902 -39.4916433473 2164.7981 -0.6070000000000002 -8.383
258.76638019449 -39.56156147577 0.0245 0.0159 16.6236 "" "" 5972229128341658240 2210.73047 0.4003 0.0285 -0.932 -2.435 0.036 0.025 0.936 "" "" 14.919924 2.448954 16.239859 13.790905 -60.63 6.0 2100.34937 2333.26978 20275.7593 8.9 4359.9 9.2251 24143.0 31.31 "" "" 0.002796233059388102 0.0036142308 0.004033152 0.007647383 258.76638019449 -39.56156147577 2210.73047 -0.9319999999999999 -2.435
259.48960713739 -39.311791352 0.026 0.0151 27.3708 "" "" 5972619356225873792 2313.17261 0.3856 0.0304 -3.702 -2.103 0.037 0.025 1.021 4860.6 2.6775 14.919957 2.463152 16.256702 13.793551 13.89 3.23 2143.71997 2503.47974 20275.14928 7.7893 4292.8 11.355 24085.0 15.109 "" "" 0.002786714306207827 0.004004112 0.0038402642 0.007844376 259.48960713739 -39.311791352 2313.17261 -3.702 -2.1030000000000006
258.50733098169 -39.71544919028 0.0236 0.0143 27.7606 "" "" 5972268023565177856 1992.4187 0.4565 0.025 0.945 -1.205 0.033 0.022 0.958 9509.7 4.1076 14.920215 1.421166 15.548547 14.12738 "" "" 1904.5968 2109.48926 20270.34088 4.6473 8241.3 13.822 17709.0 30.057 "" "" 0.00276654147941715 0.0033318056 0.004204712 0.0075365175 258.50733098169 -39.71544919028 1992.4187 0.945 -1.205
258.66989564281 -39.58308473869 0.0231 0.0145 20.5439 "" "" 5972228170617667072 2140.67603 0.4261 0.0265 -0.614 -1.217 0.033 0.023 0.998 7971.2 3.9859 14.920429 1.151746 15.404768 14.253022 "" "" 2026.87659 2260.35254 20266.32163 8.3742 9408.3 24.499 15774.0 22.132 "" "" 0.002791605693069931 0.00397219 0.0040748445 0.008047035 258.66989564281 -39.58308473869 2140.67603 -0.6139999999999999 -1.2170000000000003
259.20256558525 -39.73915968183 0.0259 0.0141 6.6972 "" "" 5972045033214995456 2120.7561 0.4236 0.0321 -0.856 -1.587 0.039 0.025 0.986 "" "" 14.921799 2.684884 16.42422 13.739335 -70.34 3.09 1991.06396 2284.02515 20240.78465 9.6216 3679.0 8.587 25318.0 26.134 "" "" 0.0028032412241260738 0.003769227 0.0039420505 0.0077112773 259.20256558525 -39.73915968183 2120.7561 -0.8560000000000001 -1.587
259.27968205541 -40.14796073892 0.0235 0.0146 30.5268 "" "" 5972000125029464320 2453.27368 0.3644 0.0267 -8.512 -3.005 0.035 0.023 0.931 4618.9 1.8823 14.922318 2.381716 16.200392 13.818676 -23.54 3.34 2307.92139 2631.97559 20231.11896 7.6604 4521.3 6.8485 23534.0 16.44 "" "" 0.002785821084893303 0.003238782 0.003854735 0.007093517 259.27968205541 -40.14796073892 2453.27368 -8.511999999999999 -3.005
