Clusters/UBC_559/UBC_559_stars_in_region.tsv
# %ECSV 1.0
# ---
# datatype:
# - name: RA_ICRS_1
#   unit: deg
#   datatype: float64
#   format: '{:15.11f}'
#   description: Right ascension (ICRS) at Ep=2016.0 (ra)
#   meta: !!omap
#   - {ucd: POS_EQ_RA_MAIN}
#   - {width: 15}
#   - {precision: '11'}
# - name: DE_ICRS_1
#   unit: deg
#   datatype: float64
#   format: '{:15.11f}'
#   description: Declination (ICRS) at Ep=2016.0 (dec)
#   meta: !!omap
#   - {ucd: POS_EQ_DEC_MAIN}
#   - {width: 15}
#   - {precision: '11'}
# - name: e_RA_ICRS
#   unit: mas
#   datatype: float64
#   format: '{:7.4f}'
#   description: Standard error of right ascension (ra_error)
#   meta: !!omap
#   - {ucd: ERROR}
#   - {width: 7}
#   - {precision: '4'}
# - name: e_DE_ICRS
#   unit: mas
#   datatype: float64
#   format: '{:7.4f}'
#   description: Standard error of declination (dec_error)
#   meta: !!omap
#   - {ucd: ERROR}
#   - {width: 7}
#   - {precision: '4'}
# - name: _r_1
#   unit: ''
#   datatype: float64
#   format: '{:7.4f}'
#   description: Distance from center (259.10380928000-39.65739505000)[ICRS], at Epoch=J2016.0
#   meta: !!omap
#   - {ucd: POS_ANG_DIST_GENERAL}
#   - {width: 7}
#   - {precision: '4'}
# - name: HIP
#   datatype: int32
#   description: '? HIP cross-id number, van Leeuwen, Cat. I/311 (hip_original_ext_source_id)'
#   meta: !!omap
#   - {ucd: ID_NUMBER}
#   - {width: 6}
#   - values: {'null': -2147483648}
# - name: TYC2
#   datatype: string
#   description: Tycho-2 cross-id name, Hog et al., Cat. I/259 (tyc2_original_ext_source_id)
#   meta: !!omap
#   - {ucd: ID_CROSSID}
#   - {_votable_string_dtype: char}
# - name: Source
#   datatype: int64
#   description: Source identifier, identical to the Gaia-EDR3 source_id (id)
#   meta: !!omap
#   - {ucd: ID_MAIN}
#   - {width: 19}
# - name: rgeo
#   unit: pc
#   datatype: float64
#   format: '{:15.8f}'
#   description: '? Median of the geometric distance posterior (r_med_geo)'
#   meta: !!omap
#   - {ucd: PHYS_DISTANCE_TRUE}
#   - {width: 15}
#   - {precision: '8'}
#   - values: {'null': .nan}
# - name: Plx
#   unit: mas
#   datatype: float64
#   format: '{:9.4f}'
#   description: '? Parallax (parallax)'
#   meta: !!omap
#   - {ucd: POS_PARLX_TRIG}
#   - {width: 9}
#   - {precision: '4'}
#   - values: {'null': .nan}
# - name: e_Plx
#   unit: mas
#   datatype: float32
#   format: '{:7.4f}'
#   description: '? Standard error of parallax (parallax_error)'
#   meta: !!omap
#   - {ucd: ERROR}
#   - {width: 7}
#   - {precision: '4'}
#   - values: {'null': .nan}
# - name: pmRA
#   unit: mas / yr
#   datatype: float64
#   format: '{:9.3f}'
#   description: '? Proper motion in right ascension direction, pmRA*cosDE (pmra)'
#   meta: !!omap
#   - {ucd: POS_EQ_PMRA}
#   - {width: 9}
#   - {precision: '3'}
#   - values: {'null': .nan}
# - name: pmDE
#   unit: mas / yr
#   datatype: float64
#   format: '{:9.3f}'
#   description: '? Proper motion in declination direction (pmdec)'
#   meta: !!omap
#   - {ucd: POS_EQ_PMDEC}
#   - {width: 9}
#   - {precision: '3'}
#   - values: {'null': .nan}
# - name: e_pmRA
#   unit: mas / yr
#   datatype: float32
#   format: '{:6.3f}'
#   description: '? Standard error of proper motion in right ascension direction (pmra_error)'
#   meta: !!omap
#   - {ucd: ERROR}
#   - {width: 6}
#   - {precision: '3'}
#   - values: {'null': .nan}
# - name: e_pmDE
[...]
#         unit: &id001 !astropy.units.Unit {unit: deg}
#         value: !astropy.table.SerializedColumn {name: SkyCoord.dec}
#       distance: !astropy.table.SerializedColumn
#         __class__: astropy.coordinates.distances.Distance
#         unit: !astropy.units.Unit {unit: pc}
#         value: !astropy.table.SerializedColumn {name: SkyCoord.distance}
#       frame: icrs
#       obstime: !astropy.time.Time {format: jyear_str, in_subfmt: '*', jd1: 367701545.0, jd2: 0.0, out_subfmt: '*', precision: 3, scale: tt}
#       pm_dec: !astropy.table.SerializedColumn
#         __class__: astropy.units.quantity.Quantity
#         unit: !astropy.units.Unit {unit: mas / yr}
#         value: !astropy.table.SerializedColumn {name: SkyCoord.pm_dec}
#       pm_ra_cosdec: !astropy.table.SerializedColumn
#         __class__: astropy.units.quantity.Quantity
#         unit: !astropy.units.Unit {unit: mas / yr}
#         value: !astropy.table.SerializedColumn {name: SkyCoord.pm_ra_cosdec}
#       ra: !astropy.table.SerializedColumn
#         __class__: astropy.coordinates.angles.Longitude
#         unit: *id001
#         value: !astropy.table.SerializedColumn {name: SkyCoord.ra}
#         wrap_angle: !astropy.coordinates.Angle
#           unit: *id001
#           value: 360.0
#       representation_type: spherical
# schema: astropy-2.0
RA_ICRS_1 DE_ICRS_1 e_RA_ICRS e_DE_ICRS _r_1 HIP TYC2 Source rgeo Plx e_Plx pmRA pmDE e_pmRA e_pmDE RUWE Teff logg Gmag BP-RP BPmag RPmag RV e_RV b_rgeo B_rgeo FG e_FG FBP e_FBP FRP e_FRP RAVE5 RAVE6 e_Gmag e_BPmag e_RPmag e_BP-RP SkyCoord.ra SkyCoord.dec SkyCoord.distance SkyCoord.pm_ra_cosdec SkyCoord.pm_dec
[from data line 6175]
259.31293939039 -40.07705774535 0.0675 0.0399 26.9587 "" "" 5972001430699562368 2624.98315 0.38 0.0753 -3.132 -1.977 0.091 0.064 1.076 9602.0 4.2419 16.854834 2.067556 17.865839 15.798283 "" "" 2185.48633 3161.52954 3412.03456 2.2894 975.17 8.4552 3800.5 14.05 "" "" 0.002850001580156717 0.009818648 0.005513132 0.015331781 259.31293939039 -40.07705774535 2624.98315 -3.1319999999999997 -1.9770000000000003
259.18927634066 -39.33239776281 0.0612 0.0369 19.8973 "" "" 5972259094388510080 1883.61255 0.5123 0.0696 0.364 -0.392 0.09 0.064 0.93 "" "" 16.854837 2.272391 18.048292 15.775901 "" "" 1677.88684 2120.1228 3412.02207 1.975 824.33 6.4444 3879.7 8.3586 "" "" 0.0028260847217603277 0.008934836 0.0044447035 0.013379539 259.18927634066 -39.33239776281 1883.61255 0.36400000000000005 -0.392
258.68302725832 -39.65530663101 0.0664 0.0412 19.4376 "" "" 5972226929320407808 1979.6106 0.4945 0.0677 -3.369 -8.09 0.091 0.062 0.944 5337.4 4.3094 16.855259 1.788933 17.705805 15.916872 "" "" 1749.06885 2248.71924 3410.69593 2.2003 1130.0 6.2473 3407.3 12.162 "" "" 0.002842954121259347 0.0066193696 0.005413189 0.012032559 258.68302725832 -39.65530663101 1979.6106 -3.3690000000000007 -8.09
259.3659719249 -40.08182222346 0.0596 0.035 28.1824 "" "" 5972024000704615680 2467.12402 0.4013 0.0708 -0.847 1.113 0.095 0.063 0.99 6926.2 4.2429 16.856096 1.889712 17.78276 15.893048 "" "" 2119.90356 2887.18213 3408.06712 1.9851 1052.7 5.8022 3482.9 12.217 "" "" 0.002826965069430891 0.0066027828 0.0053654443 0.011968227 259.3659719249 -40.08182222346 2467.12402 -0.847 1.113
259.61647875517 -39.97515609931 0.0609 0.0364 30.3599 "" "" 5972028501830653312 2292.71826 0.4376 0.0726 -2.04 -4.116 0.095 0.072 0.921 "" "" 16.856192 1.874215 17.76191 15.887694 "" "" 1942.48328 2771.15552 3407.771 2.0445 1073.1 6.5528 3500.1 11.221 "" "" 0.0028312714813811257 0.007193153 0.005138044 0.012331197 259.61647875517 -39.97515609931 2292.71826 -2.04 -4.116
259.50643846724 -39.8825928026 0.0628 0.0365 22.9639 "" "" 5972032938585240448 2403.94336 0.4286 0.0756 -1.717 -2.233 0.087 0.071 0.959 7989.7 4.0742 16.856712 1.828245 17.752356 15.92411 "" "" 2048.29639 2893.17871 3406.13173 1.9628 1082.6 5.7649 3384.7 8.4272 "" "" 0.0028254629368620384 0.0064196535 0.0046466473 0.011066301 259.50643846724 -39.8825928026 2403.94336 -1.717 -2.233
259.34473185306 -39.68228893526 0.064 0.0374 11.2266 "" "" 5972050565134218240 2316.53467 0.4505 0.0764 0.689 -1.361 0.097 0.068 1.023 "" "" 16.857002 1.885988 17.789648 15.90366 "" "" 1973.30444 2840.60059 3405.22509 1.9383 1046.1 6.5899 3449.0 8.3708 "" "" 0.002823779869890344 0.007386814 0.0046073324 0.011994146 259.34473185306 -39.68228893526 2316.53467 0.689 -1.361
258.97781950643 -40.05720675664 0.0646 0.0406 24.6806 "" "" 5972016132326004608 2186.26416 0.4708 0.0695 -0.284 -3.265 0.087 0.062 0.98 "" "" 16.857695 1.801668 17.6737 15.872032 "" "" 1916.78333 2553.57251 3403.05679 2.2296 1164.0 8.2165 3551.0 10.066 "" "" 0.002845664287341273 0.008156144 0.0048740283 0.013030172 258.97781950643 -40.05720675664 2186.26416 -0.284 -3.2649999999999997
259.21647924024 -40.06175067777 0.0628 0.0382 24.8101 "" "" 5972013422223481216 2227.03613 0.4386 0.0667 -2.275 -3.155 0.083 0.058 1.054 8548.1 4.2809 16.85771 1.625077 17.624113 15.999036 "" "" 1952.87366 2674.38477 3403.00744 2.1162 1218.3 7.4821 3159.0 10.817 "" "" 0.0028368387991232298 0.007228199 0.00530146 0.012529659 259.21647924024 -40.06175067777 2227.03613 -2.275 -3.1550000000000002
259.1980600931 -39.80788404247 0.0627 0.0362 10.0221 "" "" 5972043074709551104 2049.59644 0.4619 0.069 0.137 -0.871 0.091 0.059 1.018 "" "" 16.857742 1.867779 17.748611 15.880833 "" "" 1838.60938 2417.44946 3402.90632 2.0809 1086.4 7.0731 3522.3 10.308 "" "" 0.0028341840066635066 0.0075995177 0.004937572 0.01253709 259.1980600931 -39.80788404247 2049.59644 0.137 -0.871
259.24292562888 -39.61023982489 0.085 0.0448 7.0234 "" "" 5972233702496910464 2224.98901 0.4494 0.0819 1.08 0.925 0.113 0.076 1.001 7984.1 4.0493 16.858046 1.989445 17.83329 15.843845 "" "" 1884.79175 2563.70386 3401.95397 2.0133 1004.8 8.0748 3644.4 14.032 "" "" 0.0028292499056484476 0.009160488 0.0056355544 0.014796043 259.24292562888 -39.61023982489 2224.98901 1.08 0.9249999999999998
259.24420955437 -39.90858814306 0.0661 0.0379 16.4031 "" "" 5972038534874416640 2132.60815 0.4505 0.0707 0.199 -2.401 0.088 0.06 1.019 8476.2 4.1853 16.858397 2.121714 17.886602 15.764889 "" "" 1863.77808 2464.94189 3400.85307 2.4408 956.7 7.0743 3919.2 26.936 "" "" 0.002863389081469962 0.008499479 0.008364591 0.016864069 259.24420955437 -39.90858814306 2132.60815 0.1989999999999999 -2.401
258.60676691254 -39.59262881108 0.0609 0.0391 23.2967 "" "" 5972274654994911232 2642.99878 0.3765 0.066 -0.595 -2.098 0.086 0.059 0.945 5019.0 4.3236 16.858776 1.827968 17.73228 15.904313 "" "" 2250.94824 3188.46362 3399.66518 2.1796 1102.8 7.8595 3446.9 17.868 "" "" 0.00284188840848352 0.008225568 0.006779429 0.015004996 258.60676691254 -39.59262881108 2642.99878 -0.595 -2.098
259.6891630111 -39.77564809248 0.0617 0.0389 27.9319 "" "" 5972032418841269632 2347.82007 0.4399 0.0774 -0.55 -3.071 0.084 0.069 0.972 8781.2 4.3891 16.858887 1.866653 17.775042 15.908388 "" "" 1895.7301 2708.97339 3399.32303 2.2039 1060.2 6.2367 3434.0 14.016 "" "" 0.0028438167679426998 0.0069697765 0.005824232 0.0127940085 259.6891630111 -39.77564809248 2347.82007 -0.5500000000000002 -3.0710000000000006
259.42797839224 -39.69030832357 0.0621 0.0369 15.1003 "" "" 5972047777644432256 2658.28662 0.3931 0.0769 -0.319 -2.211 0.102 0.074 0.972 "" "" 16.859018 1.86921 17.77353 15.904319 "" "" 2161.54175 3540.30151 3398.90762 1.8799 1061.7 9.2007 3446.9 9.7111 "" "" 0.0028200001355845297 0.009813984 0.004862154 0.014676138 259.42797839224 -39.69030832357 2658.28662 -0.31899999999999995 -2.211
259.46961905939 -39.44993180904 0.0736 0.0421 21.0079 "" "" 5972429862265931520 2182.39209 0.4773 0.0778 -0.233 -2.659 0.106 0.077 0.957 9504.6 3.9956 16.859148 1.952492 17.825249 15.872757 "" "" 1866.64709 2615.11743 3398.50309 2.2852 1012.3 6.0128 3548.6 9.2063 "" "" 0.0028504004445809865 0.007026702 0.0047135926 0.011740295 259.46961905939 -39.44993180904 2182.39209 -0.233 -2.659
259.49087547797 -40.04999685462 0.064 0.0373 29.5423 "" "" 5972022798113864960 2376.88232 0.4321 0.0743 -2.358 -3.062 0.099 0.071 0.999 9352.6 3.7213 16.859156 1.861382 17.529692 15.66831 "" "" 2005.98059 3006.01172 3398.47688 4.1067 1329.0 26.945 4283.8 62.946 "" "" 0.0030517415471999817 0.022189038 0.016395317 0.038584355 259.49087547797 -40.04999685462 2376.88232 -2.3579999999999997 -3.0620000000000003
258.49655837629 -39.52439305974 0.0593 0.0361 29.1893 "" "" 5972278919961866368 2165.31812 0.4759 0.0656 -2.035 -2.401 0.084 0.055 1.012 6030.0 4.3445 16.860249 1.890627 17.748978 15.858351 "" "" 1847.52576 2519.24854 3395.05838 2.1593 1086.0 8.0314 3596.0 21.566 "" "" 0.00284053473464221 0.008500418 0.0075287465 0.016029164 258.49655837629 -39.52439305974 2165.31812 -2.035 -2.401
258.69285353111 -40.03971343164 0.0643 0.0407 29.7415 "" "" 5972200575405169024 2545.8208 0.3998 0.0729 0.145 -0.175 0.098 0.067 1.029 "" "" 16.860281 1.82421 17.71033 15.886119 "" "" 2159.95386 3173.79712 3394.95625 2.2098 1125.3 6.4252 3505.2 12.271 "" "" 0.0028445092206048185 0.006798262 0.0053601214 0.012158383 258.69285353111 -40.03971343164 2545.8208 0.145 -0.175
258.68902918213 -39.87019817908 0.0682 0.0422 22.9998 "" "" 5972215354432973696 2504.47607 0.4026 0.0693 -0.618 -1.464 0.092 0.063 1.002 8681.3 4.2591 16.86084 1.798486 17.73261 15.934125 "" "" 2060.81274 2957.61694 3393.21213 2.1284 1102.5 9.7448 3353.6 10.947 "" "" 0.002838237467999097 0.009994013 0.0051811673 0.0151751805 258.68902918213 -39.87019817908 2504.47607 -0.6180000000000001 -1.4640000000000002
259.43288022964 -39.96268087382 0.0733 0.0381 23.7814 "" "" 5972026375873856896 2036.86987 0.4823 0.0765 -0.848 -2.378 0.092 0.064 1.001 "" "" 16.861588 1.749857 17.697605 15.947748 "" "" 1805.85461 2333.76294 3390.87456 2.0585 1138.6 7.4624 3311.8 9.0425 "" "" 0.0028330595708146587 0.0076433965 0.0048033195 0.012446716 259.43288022964 -39.96268087382 2036.86987 -0.8479999999999999 -2.3779999999999997
259.3136667778 -39.22795526625 0.0641 0.0387 27.5401 "" "" 5972623513754407808 2431.01807 0.4223 0.0741 -0.792 -3.423 0.097 0.069 1.08 9228.6 3.6703 16.861654 2.064233 17.909668 15.845435 "" "" 2037.96912 2830.33032 3390.66511 2.0068 936.59 5.3968 3639.0 9.0504 "" "" 0.0028292630468241616 0.006850195 0.0046449197 0.011495115 259.3136667778 -39.22795526625 2431.01807 -0.792 -3.423
259.24177648349 -40.11019865648 0.064 0.0385 27.9009 "" "" 5972001151480037504 2492.31323 0.3886 0.0705 2.815 -7.281 0.089 0.059 1.007 5165.1 3.6086 16.862242 2.270904 18.046844 15.775941 "" "" 2168.87256 2963.68994 3388.8345 2.1268 825.43 7.1932 3879.6 12.461 "" "" 0.0028383255853804373 0.009864461 0.005142474 0.015006935 259.24177648349 -40.11019865648 2492.31323 2.8150000000000004 -7.280999999999999
258.99236903463 -39.77002260611 0.0683 0.0409 8.4924 "" "" 5972208340706502656 2505.51099 0.3958 0.0707 -1.078 -0.749 0.094 0.065 1.032 9071.7 4.2301 16.862604 1.862783 17.763962 15.901178 "" "" 2121.34595 2970.28955 3387.70022 2.4054 1071.1 7.1205 3456.9 26.956 "" "" 0.002861136087314364 0.007738325 0.009271554 0.017009879 258.99236903463 -39.77002260611 2505.51099 -1.078 -0.749
258.81311244476 -39.62819864351 0.0827 0.0498 13.5446 "" "" 5972225245693275008 2691.21704 0.3869 0.0762 -1.359 -4.627 0.112 0.074 1.061 4918.4 4.2448 16.862665 2.049335 17.874996 15.825662 "" "" 2236.42603 3390.75952 3387.50976 2.3955 966.98 10.491 3705.9 27.34 "" "" 0.002860294385617353 0.012105356 0.008856796 0.020962153 258.81311244476 -39.62819864351 2691.21704 -1.359 -4.626999999999999
259.40257406091 -39.62644394297 0.0695 0.0397 13.9281 "" "" 5972051213618326016 1942.40076 0.544 0.0834 -3.148 -3.454 0.117 0.079 1.036 4760.0 4.3182 16.862707 1.989798 17.862877 15.873079 "" "" 1653.77112 2376.29419 3387.38108 2.0422 977.84 13.813 3547.5 7.1836 "" "" 0.002832005661954332 0.015588875 0.004372359 0.019961234 259.40257406091 -39.62644394297 1942.40076 -3.1480000000000006 -3.4539999999999997
259.20039801118 -39.39292658536 0.1584 0.0838 16.4857 "" "" 5972245556607962368 1986.78992 0.6446 0.1517 -1.599 -3.179 0.229 0.142 1.63 "" "" 16.86302 1.620419 16.949028 15.328608 "" "" 1486.7356 4334.80078 3386.40148 3.1444 2268.9 11.613 5857.5 27.13 "" "" 0.002933964663267432 0.0062182914 0.006290648 0.01250894 259.20039801118 -39.39292658536 1986.78992 -1.5989999999999998 -3.179
259.45233845108 -39.9778191262 0.0852 0.0448 25.052 "" "" 5972026405886601472 2358.4917 0.4496 0.0818 -0.901 -2.879 0.106 0.074 1.039 5034.0 4.2908 16.863329 1.910562 17.755117 15.844556 "" "" 1965.76697 2916.73193 3385.44197 2.6852 1079.9 7.5597 3642.0 8.6091 "" "" 0.0028867614655464025 0.008096511 0.0045684436 0.012664954 259.45233845108 -39.9778191262 2358.4917 -0.9009999999999999 -2.879
259.34587460982 -39.90253102642 0.0709 0.0372 18.4638 "" "" 5972039462588694016 2247.76147 0.4538 0.0789 1.907 -1.828 0.093 0.065 0.959 8373.9 3.7785 16.863535 2.404348 18.13355 15.729202 "" "" 1902.26843 2724.552 3384.79715 4.2079 762.07 8.6054 4050.2 17.776 "" "" 0.0030681665311625504 0.012573766 0.006082017 0.018655783 259.34587460982 -39.90253102642 2247.76147 1.9069999999999998 -1.8279999999999998
259.41589164938 -39.97648194726 0.0681 0.0356 23.9457 "" "" 5972027093081371904 2299.96387 0.4522 0.0758 1.681 0.116 0.084 0.061 0.992 7493.8 3.9647 16.864016 1.752756 17.699423 15.946667 "" "" 1890.0 2819.91406 3383.30262 2.0003 1136.7 7.5929 3315.1 7.5397 "" "" 0.002829106975514588 0.007770677 0.0045145755 0.012285253 259.41589164938 -39.97648194726 2299.96387 1.6810000000000003 0.11599999999999998
258.83691577641 -39.56286314658 0.0768 0.0448 13.5783 "" "" 5972226070335198336 2708.52881 0.3577 0.0746 0.047 -0.732 0.104 0.068 0.966 "" "" 16.864449 2.211582 18.0284 15.816818 "" "" 2297.88086 3218.46826 3381.95231 2.4886 839.57 6.5242 3736.2 7.8349 "" "" 0.002868812977351488 0.008886517 0.0044122115 0.0132987285 258.83691577641 -39.56286314658 2708.52881 0.047000000000000014 -0.732
259.01543719037 -39.49572124249 0.0871 0.0464 10.5262 "" "" 5972250706257542400 2403.91895 0.4355 0.0862 -1.932 -4.463 0.124 0.082 0.982 "" "" 16.864597 1.823651 17.748917 15.925265 "" "" 1925.71313 2911.63623 3381.48726 2.2037 1086.1 8.7376 3381.1 12.037 "" "" 0.0028447220960150796 0.009169491 0.0054059564 0.014575448 259.01543719037 -39.49572124249 2403.91895 -1.932 -4.463
259.35430915748 -39.2390474881 0.088 0.0502 27.6542 "" "" 5972623646860720000 2280.63428 0.4345 0.0951 -1.52 -2.202 0.128 0.087 1.06 5082.4 2.8253 16.865267 3.681008 19.117723 15.436715 "" "" 1840.07263 2793.5083 3379.40075 3.6084 307.84 9.5919 5302.4 21.282 "" "" 0.0029892787139540124 0.033945013 0.005768352 0.039713364 259.35430915748 -39.2390474881 2280.63428 -1.5199999999999996 -2.202
259.05208922307 -39.28113289233 0.0669 0.039 22.7025 "" "" 5972261907532780032 1909.6908 0.5194 0.0759 -0.972 -2.983 0.098 0.072 1.068 9269.8 3.6457 16.865341 2.144761 17.96745 15.822688 "" "" 1701.83398 2155.30347 3379.17037 2.1315 888.05 4.791 3716.1 8.2351 "" "" 0.002839157933998539 0.0064881025 0.0044802716 0.010968374 259.05208922307 -39.28113289233 1909.6908 -0.972 -2.9829999999999997
259.1069327701 -39.52152599807 0.0797 0.046 8.1534 "" "" 5972238783428260608 2017.78906 0.5005 0.0767 -1.631 -3.277 0.109 0.075 1.015 "" "" 16.865808 1.977987 17.859943 15.881956 "" "" 1716.74768 2472.8313 3377.71827 2.223 980.48 7.7133 3518.6 10.742 "" "" 0.0028464696229705795 0.008985515 0.0050269994 0.014012514 259.1069327701 -39.52152599807 2017.78906 -1.631 -3.277
259.26181078465 -39.89156016402 0.0692 0.0381 15.8268 "" "" 5972038947191317632 1880.84717 0.5513 0.0791 -6.473 -5.172 0.096 0.065 0.989 4911.1 4.3279 16.865952 1.844294 17.767721 15.923428 "" "" 1556.59778 2206.88647 3377.27508 2.2712 1067.4 5.4209 3386.8 9.8981 "" "" 0.0028504229841360353 0.006179764 0.004934817 0.011114581 259.26181078465 -39.89156016402 1880.84717 -6.473000000000001 -5.172000000000001
258.93726100887 -39.99170785996 0.057 0.0387 21.4768 "" "" 5972204324955094016 2318.7251 0.3951 0.0648 1.452 1.915 0.082 0.058 0.998 5168.8 3.7171 16.86602 2.301116 18.084862 15.783746 "" "" 2020.83362 2789.19482 3377.05665 2.2716 797.02 5.0328 3851.8 8.2048 "" "" 0.002850468036471727 0.007401923 0.0044308617 0.011832785 258.93726100887 -39.99170785996 2318.7251 1.452 1.9150000000000003
258.60886639805 -39.38439516247 0.0636 0.0395 28.1614 "" "" 5972281698741844224 2065.6377 0.4767 0.0681 0.755 -0.819 0.086 0.063 0.977 9287.6 3.7952 16.866247 2.157615 17.917593 15.759978 "" "" 1799.73279 2394.30249 3376.35592 2.4075 929.78 9.5622 3937.0 7.4132 "" "" 0.0028620176835954998 0.011509432 0.004296891 0.015806323 258.60886639805 -39.38439516247 2065.6377 0.755 -0.819
258.86403734119 -39.68578542152 0.0983 0.0561 11.2036 "" "" 5972224146186280448 1920.1842 0.518 0.0752 -1.262 -2.454 0.143 0.087 1.007 "" "" 16.866514 1.808639 17.752592 15.943953 "" "" 1637.93274 2196.72754 3375.52237 2.2194 1082.4 8.4325 3323.4 10.564 "" "" 0.0028462956957705857 0.008906801 0.0051180567 0.014024857 258.86403734119 -39.68578542152 1920.1842 -1.2620000000000002 -2.4540000000000006
259.16590016885 -39.80729806576 0.0655 0.0386 9.4395 "" "" 5972043315203441024 1969.47034 0.5046 0.072 -1.575 -3.629 0.1 0.063 0.987 5033.3 4.2933 16.86677 1.849869 17.714481 15.864613 "" "" 1749.67773 2421.42456 3374.73058 2.5801 1121.0 6.9016 3575.3 31.415 "" "" 0.0028776427672962514 0.007243445 0.0102613615 0.017504808 259.16590016885 -39.80729806576 1969.47034 -1.5750000000000004 -3.6290000000000004
