Clusters/UBC_559/UBC_559_members.tsv
# %ECSV 1.0
# ---
# datatype:
# - name: RA_ICRS_1
#   unit: deg
#   datatype: float64
#   format: '{:15.11f}'
#   description: Right ascension (ICRS) at Ep=2016.0 (ra)
#   meta: !!omap
#   - {ucd: POS_EQ_RA_MAIN}
#   - {width: 15}
#   - {precision: '11'}
# - name: DE_ICRS_1
#   unit: deg
#   datatype: float64
#   format: '{:15.11f}'
#   description: Declination (ICRS) at Ep=2016.0 (dec)
#   meta: !!omap
#   - {ucd: POS_EQ_DEC_MAIN}
#   - {width: 15}
#   - {precision: '11'}
# - name: e_RA_ICRS
#   unit: mas
#   datatype: float64
#   format: '{:7.4f}'
#   description: Standard error of right ascension (ra_error)
#   meta: !!omap
#   - {ucd: ERROR}
#   - {width: 7}
#   - {precision: '4'}
# - name: e_DE_ICRS
#   unit: mas
#   datatype: float64
#   format: '{:7.4f}'
#   description: Standard error of declination (dec_error)
#   meta: !!omap
#   - {ucd: ERROR}
#   - {width: 7}
#   - {precision: '4'}
# - name: _r_1
#   unit: ''
#   datatype: float64
#   format: '{:7.4f}'
#   description: Distance from center (259.10380928000-39.65739505000)[ICRS], at Epoch=J2016.0
#   meta: !!omap
#   - {ucd: POS_ANG_DIST_GENERAL}
#   - {width: 7}
#   - {precision: '4'}
# - name: HIP
#   datatype: int32
#   description: '? HIP cross-id number, van Leeuwen, Cat. I/311 (hip_original_ext_source_id)'
#   meta: !!omap
#   - {ucd: ID_NUMBER}
#   - {width: 6}
#   - values: {'null': -2147483648}
# - name: TYC2
#   datatype: string
#   description: Tycho-2 cross-id name, Hog et al., Cat. I/259 (tyc2_original_ext_source_id)
#   meta: !!omap
#   - {ucd: ID_CROSSID}
#   - {_votable_string_dtype: char}
# - name: Source
#   datatype: int64
#   description: Source identifier, identical to the Gaia-EDR3 source_id (id)
#   meta: !!omap
#   - {ucd: ID_MAIN}
#   - {width: 19}
# - name: rgeo
#   unit: pc
#   datatype: float64
#   format: '{:15.8f}'
#   description: '? Median of the geometric distance posterior (r_med_geo)'
#   meta: !!omap
#   - {ucd: PHYS_DISTANCE_TRUE}
#   - {width: 15}
#   - {precision: '8'}
#   - values: {'null': .nan}
# - name: Plx
#   unit: mas
#   datatype: float64
#   format: '{:9.4f}'
#   description: '? Parallax (parallax)'
#   meta: !!omap
#   - {ucd: POS_PARLX_TRIG}
#   - {width: 9}
#   - {precision: '4'}
#   - values: {'null': .nan}
# - name: e_Plx
#   unit: mas
#   datatype: float32
#   format: '{:7.4f}'
#   description: '? Standard error of parallax (parallax_error)'
#   meta: !!omap
#   - {ucd: ERROR}
#   - {width: 7}
#   - {precision: '4'}
#   - values: {'null': .nan}
# - name: pmRA
#   unit: mas / yr
#   datatype: float64
#   format: '{:9.3f}'
#   description: '? Proper motion in right ascension direction, pmRA*cosDE (pmra)'
#   meta: !!omap
#   - {ucd: POS_EQ_PMRA}
#   - {width: 9}
#   - {precision: '3'}
#   - values: {'null': .nan}
# - name: pmDE
#   unit: mas / yr
#   datatype: float64
#   format: '{:9.3f}'
#   description: '? Proper motion in declination direction (pmdec)'
#   meta: !!omap
#   - {ucd: POS_EQ_PMDEC}
#   - {width: 9}
#   - {precision: '3'}
#   - values: {'null': .nan}
# - name: e_pmRA
#   unit: mas / yr
#   datatype: float32
#   format: '{:6.3f}'
#   description: '? Standard error of proper motion in right ascension direction (pmra_error)'
#   meta: !!omap
#   - {ucd: ERROR}
#   - {width: 6}
#   - {precision: '3'}
#   - values: {'null': .nan}
# - name: e_pmDE
[...]
#         unit: &id001 !astropy.units.Unit {unit: deg}
#         value: !astropy.table.SerializedColumn {name: SkyCoord.dec}
#       distance: !astropy.table.SerializedColumn
#         __class__: astropy.coordinates.distances.Distance
#         unit: !astropy.units.Unit {unit: pc}
#         value: !astropy.table.SerializedColumn {name: SkyCoord.distance}
#       frame: icrs
#       obstime: !astropy.time.Time {format: jyear_str, in_subfmt: '*', jd1: 367701545.0, jd2: 0.0, out_subfmt: '*', precision: 3, scale: tt}
#       pm_dec: !astropy.table.SerializedColumn
#         __class__: astropy.units.quantity.Quantity
#         unit: !astropy.units.Unit {unit: mas / yr}
#         value: !astropy.table.SerializedColumn {name: SkyCoord.pm_dec}
#       pm_ra_cosdec: !astropy.table.SerializedColumn
#         __class__: astropy.units.quantity.Quantity
#         unit: !astropy.units.Unit {unit: mas / yr}
#         value: !astropy.table.SerializedColumn {name: SkyCoord.pm_ra_cosdec}
#       ra: !astropy.table.SerializedColumn
#         __class__: astropy.coordinates.angles.Longitude
#         unit: *id001
#         value: !astropy.table.SerializedColumn {name: SkyCoord.ra}
#         wrap_angle: !astropy.coordinates.Angle
#           unit: *id001
#           value: 360.0
#       representation_type: spherical
# schema: astropy-2.0
RA_ICRS_1 DE_ICRS_1 e_RA_ICRS e_DE_ICRS _r_1 HIP TYC2 Source rgeo Plx e_Plx pmRA pmDE e_pmRA e_pmDE RUWE Teff logg Gmag BP-RP BPmag RPmag RV e_RV b_rgeo B_rgeo FG e_FG FBP e_FBP FRP e_FRP RAVE5 RAVE6 e_Gmag e_BPmag e_RPmag e_BP-RP SkyCoord.ra SkyCoord.dec SkyCoord.distance SkyCoord.pm_ra_cosdec SkyCoord.pm_dec Pmemb
[from data line 80]
258.73350041223 -39.81855993716 0.031 0.0195 19.6321 "" "" 5972221779705708032 2007.27417 0.4611 0.0344 -0.649 -1.56 0.044 0.03 0.93 10042.9 3.7466 15.382758 1.227517 15.89845 14.670933 "" "" 1879.84497 2146.03589 13238.64672 11.176 5970.9 20.584 10735.0 36.199 "" "" 0.0029037726413366953 0.0046684835 0.0052619223 0.009930406 258.73350041223 -39.81855993716 2007.27417 -0.649 -1.56 0.83
259.16716016776 -39.86665061691 0.0285 0.0172 12.8908 "" "" 5972041764689917952 2374.36108 0.3959 0.0321 -0.527 -1.407 0.045 0.029 0.992 9044.8 3.3022 15.392981 1.30491 15.959434 14.654524 "" "" 2199.77515 2549.17163 13114.58869 3.5664 5644.7 10.467 10898.0 19.756 "" "" 0.00277109471015186 0.0034406935 0.0042611817 0.007701875 259.16716016776 -39.86665061691 2374.36108 -0.5270000000000001 -1.407 0.9
258.76984135601 -39.76908690905 0.0324 0.0195 16.8081 "" "" 5972221951504411264 2015.06067 0.4537 0.0372 -0.605 -1.35 0.052 0.036 0.941 9243.4 3.4298 15.410022 1.243292 15.925829 14.682537 "" "" 1864.64478 2163.26172 12910.3491 4.3249 5822.2 16.496 10620.0 15.453 "" "" 0.0027792226862030033 0.004153084 0.004096293 0.008249377 258.76984135601 -39.76908690905 2015.06067 -0.6049999999999998 -1.3499999999999999 0.82
258.94267071504 -39.53947081719 0.0357 0.0198 10.2743 "" "" 5972249022630237440 1993.19409 0.4622 0.0397 -0.476 -1.465 0.049 0.032 0.921 7992.7 2.6456 15.433354 1.827461 16.265455 14.437994 "" "" 1862.40894 2185.85815 12635.86113 6.1786 4258.3 18.139 13303.0 54.16 "" "" 0.002806000722964815 0.005401357 0.0058157477 0.011217104 258.94267071504 -39.53947081719 1993.19409 -0.47599999999999987 -1.4649999999999996 0.88
259.192225348 -39.26829143946 0.0305 0.0188 23.7027 "" "" 5972259609784698624 2238.70288 0.4191 0.0367 -0.463 -1.222 0.049 0.033 1.001 "" "" 15.433417 1.680057 16.224731 14.544674 "" "" 2071.58862 2422.48218 12635.12983 3.604 4421.0 8.3628 12058.0 9.5366 "" "" 0.002772669881717244 0.0034645477 0.0038757059 0.0073402533 259.192225348 -39.26829143946 2238.70288 -0.463 -1.222 0.87
258.84179357147 -39.95293325462 0.0298 0.0193 21.4544 "" "" 5972199686389130112 2190.16968 0.4286 0.0335 -0.539 -1.477 0.046 0.031 0.999 9187.1 3.3279 15.48585 1.510813 16.168034 14.657221 "" "" 2018.31677 2356.80664 12039.44717 4.0165 4658.0 9.4732 10871.0 17.49 "" "" 0.002779026551053662 0.003558204 0.004163539 0.007721743 258.84179357147 -39.95293325462 2190.16968 -0.5389999999999998 -1.4769999999999999 0.89
259.41705494686 -39.53145646102 0.0295 0.0179 16.3355 "" "" 5972053928037707648 2075.57056 0.4447 0.0378 -0.357 -1.347 0.047 0.034 0.999 "" "" 15.500792 1.562285 16.219597 14.657312 "" "" 1924.20874 2222.23804 11874.9031 3.6822 4442.0 9.8953 10870.0 9.0114 "" "" 0.002775812425050326 0.0036925548 0.003885086 0.007577641 259.41705494686 -39.53145646102 2075.57056 -0.357 -1.347 0.83
259.07046952417 -39.94127886238 0.0316 0.0196 17.1022 "" "" 5972018507492201984 1933.60474 0.4796 0.0343 -0.709 -1.432 0.045 0.031 0.936 "" "" 15.506945 1.861978 16.418097 14.556118 "" "" 1808.26111 2059.85254 11807.798 3.9226 3699.8 7.7414 11932.0 10.843 "" "" 0.002778827788064179 0.0035980572 0.0039060458 0.007504103 259.07046952417 -39.94127886238 1933.60474 -0.7090000000000002 -1.432 0.92
258.80515239893 -39.69874480894 0.0349 0.0219 14.0129 "" "" 5972224253607094272 2253.1311 0.4074 0.0391 -0.666 -1.585 0.049 0.034 0.941 "" "" 15.538362 1.358193 16.106792 14.748599 "" "" 2091.28955 2427.64746 11471.01693 4.7126 4928.3 18.587 9993.5 32.507 "" "" 0.002791191412084031 0.004955071 0.00517268 0.010127751 258.80515239893 -39.69874480894 2253.1311 -0.666 -1.5849999999999995 0.83
259.47982972454 -39.85426376165 0.0345 0.02 20.9847 "" "" 5972033965029341440 2105.28955 0.438 0.0414 -0.42 -1.512 0.048 0.038 0.93 "" "" 15.603303 1.366143 16.204967 14.838824 "" "" 1951.65076 2297.95361 10805.01753 3.9094 4502.3 9.3326 9196.6 11.741 "" "" 0.0027831830445932478 0.0035847055 0.004025552 0.0076102577 259.47982972454 -39.85426376165 2105.28955 -0.42 -1.512 0.9
258.85239504164 -39.79483116645 0.0349 0.0223 14.2339 "" "" 5972210372269607552 2214.88525 0.4119 0.038 -0.549 -1.489 0.049 0.034 1.034 9030.2 3.5245 15.617996 1.340945 16.183527 14.842582 "" "" 2033.13403 2406.60449 10659.78156 3.9135 4592.0 21.686 9164.9 23.782 "" "" 0.002784003293369594 0.005837452 0.0047139516 0.010551404 258.85239504164 -39.79483116645 2214.88525 -0.5489999999999998 -1.4889999999999997 0.89
259.32262664232 -39.75942866017 0.0328 0.019 11.8108 "" "" 5972044238591288960 2149.33423 0.4313 0.0394 -0.341 -1.422 0.05 0.037 1.023 "" "" 15.644157 1.652424 16.368435 14.716011 "" "" 1960.76172 2339.62231 10405.99455 3.3312 3873.0 9.4965 10298.0 33.83 "" "" 0.0027771557059168175 0.0038564682 0.0051966794 0.009053147 259.32262664232 -39.75942866017 2149.33423 -0.341 -1.422 0.91
259.41439472397 -39.46297130059 0.0343 0.0208 18.5064 "" "" 5972242155034243712 2048.35596 0.4495 0.0414 -0.37 -1.3 0.05 0.037 0.975 9021.9 2.9963 15.647246 2.008584 16.64685 14.638267 "" "" 1884.47668 2233.47314 10376.43817 4.2785 2996.9 10.181 11062.0 9.9203 "" "" 0.0027914524276836297 0.0046248916 0.0039027908 0.008527682 259.41439472397 -39.46297130059 2048.35596 -0.3699999999999999 -1.3 0.85
259.14528601582 -39.77206583653 0.0332 0.0196 7.1416 "" "" 5972231052493564672 2197.85449 0.4274 0.0389 -0.496 -1.456 0.051 0.033 0.971 9261.5 3.5201 15.678763 1.493899 16.354921 14.861022 "" "" 2061.47339 2391.18481 10079.5574 3.3253 3921.5 10.411 9010.5 10.714 "" "" 0.00277850492409841 0.004011692 0.003993797 0.008005489 259.14528601582 -39.77206583653 2197.85449 -0.496 -1.456 0.9
259.32479166383 -40.06542250228 0.0348 0.0201 26.5129 "" "" 5972024894057858176 2258.75732 0.4082 0.0384 -0.515 -1.593 0.047 0.033 0.959 8608.7 3.2403 15.688756 1.36579 16.24005 14.874259 "" "" 2109.06665 2473.78296 9987.21566 3.6573 4359.1 16.18 8901.3 18.3 "" "" 0.002783858986826348 0.0049016345 0.0043893266 0.009290962 259.32479166383 -40.06542250228 2258.75732 -0.515 -1.593 0.83
259.06351000858 -39.73067727408 0.0393 0.0223 4.7744 "" "" 5972232018909946240 2066.43555 0.439 0.0425 -0.564 -1.426 0.057 0.036 1.004 "" "" 15.70573 1.670107 16.48728 14.817173 "" "" 1902.90149 2244.11133 9832.29542 3.8755 3471.4 9.8416 9381.9 10.857 "" "" 0.002788356872332123 0.004154499 0.0039827605 0.00813726 259.06351000858 -39.73067727408 2066.43555 -0.5639999999999998 -1.4259999999999997 0.84
259.2853002427 -39.68205233883 0.0355 0.0203 8.5116 "" "" 5972045651689794304 2095.4375 0.4361 0.0413 -0.386 -1.42 0.056 0.038 1.022 "" "" 15.81302 1.534058 16.50539 14.971333 "" "" 1928.34509 2263.28418 8907.15296 3.0479 3414.0 7.9591 8140.0 14.238 "" "" 0.0027802552012867374 0.0037672233 0.0042296955 0.007996919 259.2853002427 -39.68205233883 2095.4375 -0.386 -1.42 0.82
