Clusters/UBC_559/UBC_559_members.tsv
# %ECSV 1.0
# ---
# datatype:
# - name: RA_ICRS_1
#   unit: deg
#   datatype: float64
#   format: '{:15.11f}'
#   description: Right ascension (ICRS) at Ep=2016.0 (ra)
#   meta: !!omap
#   - {ucd: POS_EQ_RA_MAIN}
#   - {width: 15}
#   - {precision: '11'}
# - name: DE_ICRS_1
#   unit: deg
#   datatype: float64
#   format: '{:15.11f}'
#   description: Declination (ICRS) at Ep=2016.0 (dec)
#   meta: !!omap
#   - {ucd: POS_EQ_DEC_MAIN}
#   - {width: 15}
#   - {precision: '11'}
# - name: e_RA_ICRS
#   unit: mas
#   datatype: float64
#   format: '{:7.4f}'
#   description: Standard error of right ascension (ra_error)
#   meta: !!omap
#   - {ucd: ERROR}
#   - {width: 7}
#   - {precision: '4'}
# - name: e_DE_ICRS
#   unit: mas
#   datatype: float64
#   format: '{:7.4f}'
#   description: Standard error of declination (dec_error)
#   meta: !!omap
#   - {ucd: ERROR}
#   - {width: 7}
#   - {precision: '4'}
# - name: _r_1
#   unit: ''
#   datatype: float64
#   format: '{:7.4f}'
#   description: Distance from center (259.10380928000-39.65739505000)[ICRS], at Epoch=J2016.0
#   meta: !!omap
#   - {ucd: POS_ANG_DIST_GENERAL}
#   - {width: 7}
#   - {precision: '4'}
# - name: HIP
#   datatype: int32
#   description: '? HIP cross-id number, van Leeuwen, Cat. I/311 (hip_original_ext_source_id)'
#   meta: !!omap
#   - {ucd: ID_NUMBER}
#   - {width: 6}
#   - values: {'null': -2147483648}
# - name: TYC2
#   datatype: string
#   description: Tycho-2 cross-id name, Hog et al., Cat. I/259 (tyc2_original_ext_source_id)
#   meta: !!omap
#   - {ucd: ID_CROSSID}
#   - {_votable_string_dtype: char}
# - name: Source
#   datatype: int64
#   description: Source identifier, identical to the Gaia-EDR3 source_id (id)
#   meta: !!omap
#   - {ucd: ID_MAIN}
#   - {width: 19}
# - name: rgeo
#   unit: pc
#   datatype: float64
#   format: '{:15.8f}'
#   description: '? Median of the geometric distance posterior (r_med_geo)'
#   meta: !!omap
#   - {ucd: PHYS_DISTANCE_TRUE}
#   - {width: 15}
#   - {precision: '8'}
#   - values: {'null': .nan}
# - name: Plx
#   unit: mas
#   datatype: float64
#   format: '{:9.4f}'
#   description: '? Parallax (parallax)'
#   meta: !!omap
#   - {ucd: POS_PARLX_TRIG}
#   - {width: 9}
#   - {precision: '4'}
#   - values: {'null': .nan}
# - name: e_Plx
#   unit: mas
#   datatype: float32
#   format: '{:7.4f}'
#   description: '? Standard error of parallax (parallax_error)'
#   meta: !!omap
#   - {ucd: ERROR}
#   - {width: 7}
#   - {precision: '4'}
#   - values: {'null': .nan}
# - name: pmRA
#   unit: mas / yr
#   datatype: float64
#   format: '{:9.3f}'
#   description: '? Proper motion in right ascension direction, pmRA*cosDE (pmra)'
#   meta: !!omap
#   - {ucd: POS_EQ_PMRA}
#   - {width: 9}
#   - {precision: '3'}
#   - values: {'null': .nan}
# - name: pmDE
#   unit: mas / yr
#   datatype: float64
#   format: '{:9.3f}'
#   description: '? Proper motion in declination direction (pmdec)'
#   meta: !!omap
#   - {ucd: POS_EQ_PMDEC}
#   - {width: 9}
#   - {precision: '3'}
#   - values: {'null': .nan}
# - name: e_pmRA
#   unit: mas / yr
#   datatype: float32
#   format: '{:6.3f}'
#   description: '? Standard error of proper motion in right ascension direction (pmra_error)'
#   meta: !!omap
#   - {ucd: ERROR}
#   - {width: 6}
#   - {precision: '3'}
#   - values: {'null': .nan}
# - name: e_pmDE
[...]
#         unit: &id001 !astropy.units.Unit {unit: deg}
#         value: !astropy.table.SerializedColumn {name: SkyCoord.dec}
#       distance: !astropy.table.SerializedColumn
#         __class__: astropy.coordinates.distances.Distance
#         unit: !astropy.units.Unit {unit: pc}
#         value: !astropy.table.SerializedColumn {name: SkyCoord.distance}
#       frame: icrs
#       obstime: !astropy.time.Time {format: jyear_str, in_subfmt: '*', jd1: 367701545.0, jd2: 0.0, out_subfmt: '*', precision: 3, scale: tt}
#       pm_dec: !astropy.table.SerializedColumn
#         __class__: astropy.units.quantity.Quantity
#         unit: !astropy.units.Unit {unit: mas / yr}
#         value: !astropy.table.SerializedColumn {name: SkyCoord.pm_dec}
#       pm_ra_cosdec: !astropy.table.SerializedColumn
#         __class__: astropy.units.quantity.Quantity
#         unit: !astropy.units.Unit {unit: mas / yr}
#         value: !astropy.table.SerializedColumn {name: SkyCoord.pm_ra_cosdec}
#       ra: !astropy.table.SerializedColumn
#         __class__: astropy.coordinates.angles.Longitude
#         unit: *id001
#         value: !astropy.table.SerializedColumn {name: SkyCoord.ra}
#         wrap_angle: !astropy.coordinates.Angle
#           unit: *id001
#           value: 360.0
#       representation_type: spherical
# schema: astropy-2.0
RA_ICRS_1 DE_ICRS_1 e_RA_ICRS e_DE_ICRS _r_1 HIP TYC2 Source rgeo Plx e_Plx pmRA pmDE e_pmRA e_pmDE RUWE Teff logg Gmag BP-RP BPmag RPmag RV e_RV b_rgeo B_rgeo FG e_FG FBP e_FBP FRP e_FRP RAVE5 RAVE6 e_Gmag e_BPmag e_RPmag e_BP-RP SkyCoord.ra SkyCoord.dec SkyCoord.distance SkyCoord.pm_ra_cosdec SkyCoord.pm_dec Pmemb
259.13013263784 -39.7146566115 0.0161 0.0089 3.6443 "" 7874-34-1 5972231537873601664 2138.55029 0.4357 0.0186 -0.543 -1.463 0.023 0.015 0.977 "" "" 10.190412 1.393736 10.809198 9.415463 "" "" 2054.03027 2227.2124 1580454.36551 584.08 648240.0 479.39 1358200.0 1559.3 "" "" 0.00278438336182501 0.0029034023 0.0039796326 0.006883035 259.13013263784 -39.7146566115 2138.55029 -0.543 -1.463 0.88
258.90734898039 -39.940296592 0.0121 0.0076 19.239 "" 7874-191-1 5972205355747298304 2309.07471 0.4029 0.0138 -0.575 -1.521 0.018 0.012 0.772 14801.9 2.9578 10.29998 1.200881 10.808647 9.607766 "" "" 2234.70264 2397.979 1428744.33645 615.51 648570.0 821.5 1137800.0 1082.8 "" "" 0.0027947397941320176 0.0031106756 0.0039180787 0.0070287543 258.90734898039 -39.940296592 2309.07471 -0.575 -1.521 0.82
259.60619347833 -39.87994540571 0.0155 0.0084 26.7414 "" 7874-1065-1 5972030219815888640 2282.36035 0.4077 0.018 -0.529 -1.571 0.022 0.017 0.758 "" "" 10.336344 1.097774 10.790217 9.692444 "" "" 2191.83252 2400.22046 1381685.47086 527.86 659670.0 663.06 1052400.0 561.57 "" "" 0.002786367632124637 0.0029960002 0.0038235302 0.0068195304 259.60619347833 -39.87994540571 2282.36035 -0.5290000000000001 -1.5710000000000006 0.91
259.08008241391 -39.71798272364 0.0267 0.015 3.7967 "" 7874-267-1 5972231842766992768 2147.65039 0.4421 0.0303 -0.679 -1.415 0.04 0.025 1.18 12122.5 3.2836 11.405707 1.326715 11.978365 10.65165 "" "" 2015.79907 2297.98706 516016.91172 651.23 220840.0 258.9 435010.0 434.22 "" "" 0.0030772277902846503 0.0030667908 0.0039317007 0.0069984915 259.08008241391 -39.71798272364 2147.65039 -0.6790000000000003 -1.415 0.86
258.9606218251 -39.85314823993 0.025 0.0161 13.4749 "" 7874-12-1 5972207481712496128 2231.0376 0.4218 0.0282 -0.27 -1.441 0.037 0.026 1.331 18733.6 3.2919 11.463572 1.136143 11.933322 10.797179 "" "" 2072.21753 2360.50757 489235.19387 497.85 230190.0 652.2 380440.0 937.84 "" "" 0.0029685843566742694 0.004153099 0.0046311305 0.008784229 258.9606218251 -39.85314823993 2231.0376 -0.2699999999999999 -1.4410000000000003 0.83
259.33021170309 -40.03407852193 0.0216 0.0123 24.8914 "" 7874-289-1 5972025104563211904 2420.2605 0.3745 0.0241 -0.699 -1.476 0.028 0.02 1.122 6395.6 2.254 11.623191 1.049858 12.048291 10.998433 "" "" 2309.47632 2561.36597 422347.85195 368.04 207060.0 405.78 316070.0 524.83 "" "" 0.0029132360046462335 0.0035088928 0.0041873613 0.007696254 259.33021170309 -40.03407852193 2420.2605 -0.6989999999999997 -1.476 0.82
259.04397520563 -39.82159859239 0.0121 0.0071 10.2317 "" "" 5972207344273541248 2196.16064 0.4392 0.0143 -0.563 -1.497 0.018 0.011 0.843 "" "" 12.252543 1.240947 12.78215 11.541203 "" "" 2131.427 2249.22974 236553.49974 290.97 105330.0 414.0 191720.0 666.27 "" "" 0.0030619182761835407 0.0050986786 0.005340467 0.010439146 259.04397520563 -39.82159859239 2196.16064 -0.563 -1.4969999999999999 0.86
259.48869913452 -40.01987043489 0.0123 0.0069 28.0612 "" "" 5972023107350051968 2083.66016 0.464 0.0154 -0.602 -1.468 0.019 0.014 0.83 "" "" 12.501091 1.143866 12.980776 11.836909 "" "" 2012.55078 2141.42749 188152.66033 46.226 87722.0 64.238 146010.0 105.19 "" "" 0.0027682022341837314 0.0029012396 0.0038594767 0.0067607164 259.48869913452 -40.01987043489 2083.66016 -0.602 -1.468 0.83
259.07002515744 -39.71222281509 0.0138 0.0077 3.6408 "" "" 5972232048925422336 2229.78906 0.435 0.0153 -0.753 -1.402 0.02 0.012 0.87 "" "" 12.681011 1.299592 13.243918 11.944326 "" "" 2164.7312 2307.62061 159419.85891 52.741 68841.0 74.662 132260.0 110.03 "" "" 0.002778634636039364 0.003028474 0.0038858184 0.0069142925 259.07002515744 -39.71222281509 2229.78906 -0.7530000000000001 -1.4019999999999997 0.9
259.12808577765 -39.70648207153 0.0137 0.0076 3.1513 "" "" 5972232289443590400 2228.61499 0.4306 0.0158 -0.724 -1.347 0.021 0.013 0.864 "" "" 12.729929 1.338603 13.316596 11.977993 "" "" 2162.63745 2298.0708 152396.52396 46.768 64384.0 75.786 128220.0 98.861 "" "" 0.0027753933225069705 0.0030689356 0.0038709838 0.0069399197 259.12808577765 -39.70648207153 2228.61499 -0.724 -1.347 0.82
258.68767282471 -39.87870303294 0.0142 0.0084 23.3373 "" "" 5972215350092898560 2123.61523 0.4515 0.0157 -0.785 -1.513 0.02 0.013 0.863 "" "" 12.757461 1.308733 13.326825 12.018092 "" "" 2063.20679 2181.45361 148580.7956 42.882 63780.0 65.349 123570.0 88.523 "" "" 0.0027730814568163904 0.0030037614 0.0038585877 0.006862349 258.68767282471 -39.87870303294 2123.61523 -0.785 -1.513 0.85
259.25256829553 -39.60036317351 0.0149 0.008 7.679 "" "" 5972239573708898688 2346.82544 0.4098 0.0169 -0.518 -1.447 0.023 0.015 0.902 6377.3 2.5498 12.766352 1.328356 13.348633 12.020277 "" "" 2241.87549 2440.53516 147368.93934 22.559 62512.0 46.44 123320.0 33.692 "" "" 0.002760328378408269 0.0029044168 0.0037910047 0.0066954214 259.25256829553 -39.60036317351 2346.82544 -0.518 -1.447 0.88
258.86686602986 -39.84417753084 0.0135 0.0086 15.6545 "" "" 5972209371498105984 2392.07764 0.3931 0.0148 -0.648 -1.442 0.02 0.013 0.856 15374.6 3.5275 12.797379 1.12337 13.262558 12.139188 "" "" 2318.59473 2495.76099 143217.14798 75.542 67670.0 117.1 110530.0 186.65 "" "" 0.0028142068914279255 0.003363779 0.0042006327 0.0075644115 258.86686602986 -39.84417753084 2392.07764 -0.648 -1.4419999999999997 0.92
259.21673355663 -39.42834301607 0.0178 0.0098 14.7028 "" "" 5972244727663274624 2382.85425 0.4066 0.0196 -0.58 -1.372 0.027 0.018 0.985 15008.5 3.4328 12.805372 1.754789 13.642821 11.888032 "" "" 2252.99707 2493.37427 142166.72745 175.53 47675.0 202.76 139300.0 497.75 "" "" 0.0030641180840150508 0.005395112 0.0054161656 0.010811278 259.21673355663 -39.42834301607 2382.85425 -0.58 -1.3720000000000003 0.82
258.81756547307 -39.91253102656 0.0131 0.0083 20.2119 "" "" 5972208581224385536 2073.32104 0.4566 0.0151 -0.748 -1.587 0.02 0.013 0.822 "" "" 12.820883 1.258698 13.352175 12.093477 "" "" 2029.60779 2134.98975 140150.21741 69.506 62308.0 190.75 115280.0 260.9 "" "" 0.0028074414861590387 0.004339725 0.0045079556 0.00884768 258.81756547307 -39.91253102656 2073.32104 -0.7480000000000004 -1.5869999999999997 0.88
259.10814197142 -39.279123074 0.0131 0.0078 22.6972 "" "" 5972258986955025024 2439.1228 0.3754 0.0165 -0.593 -1.4 0.023 0.016 0.917 "" "" 13.054674 1.488073 13.728693 12.24062 "" "" 2360.86768 2518.07178 112999.65535 34.386 44049.0 38.328 100670.0 80.914 "" "" 0.0027750581880650166 0.002945768 0.0038788235 0.006824591 259.10814197142 -39.279123074 2439.1228 -0.5930000000000002 -1.4 0.9
258.83344901016 -39.69435649085 0.0167 0.0097 12.6807 "" "" 5972224214907865088 2415.17041 0.3735 0.0171 -0.599 -1.538 0.022 0.015 0.92 "" "" 13.066609 1.111874 13.52746 12.415586 "" "" 2300.0896 2537.22705 111764.27927 33.187 53019.0 51.032 85689.0 59.92 "" "" 0.002774117590775665 0.0029794578 0.0038548866 0.0068343445 258.83344901016 -39.69435649085 2415.17041 -0.599 -1.5379999999999996 0.88
258.80602016517 -39.658576474 0.0157 0.0098 13.7557 "" "" 5972225039532063872 2520.39502 0.3649 0.0179 -0.469 -1.401 0.022 0.015 0.985 "" "" 13.071048 1.292522 13.617836 12.325314 "" "" 2409.81885 2637.76416 111308.36244 61.453 48785.0 129.1 93118.0 270.65 "" "" 0.0028197708328757745 0.0040050303 0.0049236477 0.008928678 258.80602016517 -39.658576474 2520.39502 -0.4689999999999998 -1.4009999999999994 0.93
258.79426840037 -39.66790759415 0.0153 0.0094 14.3113 "" "" 5972225108271980672 2305.16699 0.3929 0.0164 -0.521 -1.52 0.021 0.014 0.901 12658.9 3.6108 13.093752 1.215786 13.608293 12.392507 "" "" 2218.24902 2397.40283 109004.85588 36.733 49215.0 52.939 87530.0 90.887 "" "" 0.0027795062929038853 0.0030247346 0.0039439453 0.00696868 258.79426840037 -39.66790759415 2305.16699 -0.5209999999999999 -1.52 0.84
259.11003941653 -39.328890321 0.0143 0.0082 19.7124 "" "" 5972258578992540672 2556.81592 0.3463 0.0169 -0.462 -1.407 0.024 0.016 1.038 12084.4 3.4843 13.126292 1.76577 13.969036 12.203266 "" "" 2460.18164 2674.96655 105786.43031 97.147 35302.0 107.0 104200.0 258.55 "" "" 0.002930175637016627 0.0043144845 0.00464128 0.008955765 259.11003941653 -39.328890321 2556.81592 -0.46199999999999974 -1.407 0.92
259.127363508 -39.84609782875 0.0129 0.0081 11.3742 "" "" 5972042761122374656 2106.30347 0.4322 0.0149 -0.572 -1.454 0.018 0.012 0.904 "" "" 13.166596 1.137184 13.641793 12.504609 "" "" 2050.86938 2171.99121 101931.4447 29.348 47720.0 46.081 78943.0 48.493 "" "" 0.0027729967008056026 0.002980652 0.0038377782 0.0068184305 259.127363508 -39.84609782875 2106.30347 -0.572 -1.4540000000000002 0.84
259.29843494145 -39.73245468346 0.0136 0.0077 10.0508 "" "" 5972044513469236992 2216.91113 0.4097 0.017 -0.407 -1.4 0.021 0.015 1.014 12335.7 3.5192 13.189092 1.202566 13.687557 12.484991 "" "" 2150.07617 2298.47754 99841.24154 24.012 45750.0 39.059 80383.0 154.68 "" "" 0.0027676657760956507 0.002940115 0.004318422 0.007258537 259.29843494145 -39.73245468346 2216.91113 -0.40700000000000003 -1.4 0.95
259.18537804952 -39.59452656681 0.0155 0.0087 5.3328 "" "" 5972234660266315776 2201.68262 0.4149 0.0173 -0.451 -1.435 0.023 0.015 1.069 10135.0 3.5189 13.245868 1.566135 13.962192 12.396056 "" "" 2115.41675 2274.53198 94754.48794 33.196 35526.0 34.934 87244.0 78.562 "" "" 0.002781451670571996 0.0029874588 0.0039037936 0.0068912525 259.18537804952 -39.59452656681 2201.68262 -0.4510000000000002 -1.435 0.84
259.37805910108 -39.78209657669 0.0151 0.0084 14.703 "" "" 5972041043135584640 2345.79321 0.386 0.0179 -0.454 -1.545 0.022 0.015 0.963 12369.8 3.8886 13.264271 1.138504 13.737454 12.59895 "" "" 2228.25 2439.16211 93161.95692 25.431 43695.0 44.8 72373.0 41.21 "" "" 0.002771214645308101 0.0030040385 0.003829613 0.0068336516 259.37805910108 -39.78209657669 2345.79321 -0.45400000000000007 -1.5450000000000004 0.86
258.87266010933 -39.9817781157 0.0137 0.0093 22.1873 "" "" 5972199338454659840 2343.11572 0.3855 0.0157 -0.642 -1.575 0.019 0.014 0.919 "" "" 13.30664 1.221466 13.828028 12.606562 "" "" 2258.61011 2417.23193 89596.4738 28.546 40198.0 41.108 71868.0 50.268 "" "" 0.0027769500683503677 0.003002973 0.0038549243 0.006857897 258.87266010933 -39.9817781157 2343.11572 -0.6419999999999999 -1.5749999999999995 0.9
259.25752290799 -39.75718409373 0.0145 0.0084 9.2839 "" "" 5972044827056530816 2080.146 0.4358 0.0191 -0.501 -1.561 0.027 0.017 0.991 "" "" 13.321491 1.365246 13.922996 12.557751 "" "" 2010.43896 2180.42822 88379.2149 35.818 36831.0 57.911 75172.0 83.258 "" "" 0.0027902347107885694 0.0032709953 0.0039660805 0.007237076 259.25752290799 -39.75718409373 2080.146 -0.501 -1.561 0.94
258.90244692164 -39.64051717539 0.0162 0.0098 9.3575 "" "" 5972224695942142976 2311.6936 0.3937 0.0175 -0.521 -1.342 0.022 0.016 0.862 15365.2 3.7982 13.368732 1.561576 14.086209 12.524633 "" "" 2237.75684 2410.36401 84616.28976 27.125 31691.0 30.811 77501.0 61.034 "" "" 0.0027772157527750736 0.0029831717 0.0038748973 0.006858069 258.90244692164 -39.64051717539 2311.6936 -0.5209999999999998 -1.342 0.94
259.11588982815 -39.52541143877 0.0189 0.0102 7.9387 "" "" 5972238787739046912 2237.02734 0.41 0.0201 -0.589 -1.434 0.026 0.018 0.897 17906.3 3.8774 13.501601 1.385737 14.045904 12.660167 -136.24 10.73 2148.51538 2315.16675 74869.71361 33.712 32889.0 67.937 68406.0 72.734 "" "" 0.002798355502331387 0.0035797982 0.0039517637 0.007531562 259.11588982815 -39.52541143877 2237.02734 -0.5889999999999997 -1.4340000000000006 0.89
259.08514199012 -39.48477914565 0.02 0.0104 10.3929 "" "" 5972239131375683712 2327.4646 0.3888 0.0215 -0.477 -1.466 0.029 0.018 0.946 6597.8 2.6051 13.587137 1.31639 14.161008 12.844618 "" "" 2221.4834 2448.83887 69197.70852 23.591 29581.0 33.022 57718.0 48.821 "" "" 0.0027800721527659125 0.003042051 0.0038893623 0.0069314134 259.08514199012 -39.48477914565 2327.4646 -0.477 -1.4659999999999997 0.87
258.62652806203 -39.8214106615 0.0178 0.0108 24.1195 "" "" 5972216655765377280 2246.33472 0.4069 0.0174 -0.641 -1.45 0.025 0.017 0.913 5866.4 2.9805 13.592066 1.233238 14.109936 12.876698 "" "" 2161.39722 2338.06787 68884.32536 51.158 31006.0 82.049 56038.0 122.96 "" "" 0.002870883372353395 0.004004971 0.004467585 0.008472556 258.62652806203 -39.8214106615 2246.33472 -0.6409999999999998 -1.4499999999999995 0.9
258.95732758103 -39.93505928905 0.0155 0.0102 17.9764 "" "" 5972204977790154368 2371.42383 0.3823 0.0183 -0.594 -1.47 0.023 0.016 0.931 "" "" 13.693622 1.418572 14.324235 12.905663 "" "" 2277.48657 2485.47388 62733.28727 21.801 25452.0 31.461 54562.0 51.939 "" "" 0.0027810348998373513 0.0030961586 0.0039181546 0.0070143132 258.95732758103 -39.93505928905 2371.42383 -0.594 -1.47 0.91
259.0406382307 -39.61288302298 0.0191 0.0102 3.9564 "" "" 5972236687490862208 2398.27051 0.3767 0.0216 -0.398 -1.379 0.026 0.017 0.972 "" "" 13.71543 2.114645 14.788475 12.67383 "" "" 2303.51196 2527.43726 61485.79863 28.153 16597.0 31.023 67550.0 76.029 "" "" 0.002799809353984909 0.0034501764 0.0039720344 0.0074222106 259.0406382307 -39.61288302298 2398.27051 -0.398 -1.379 0.87
259.11197540488 -39.68156006094 0.0186 0.0102 1.4981 "" "" 5972232362507364608 2368.0293 0.3875 0.0211 -0.631 -1.492 0.028 0.017 0.925 9884.4 3.614 13.794456 1.455225 14.444554 12.989329 "" "" 2269.6687 2473.40674 57169.52992 14.038 22782.0 26.806 50516.0 32.96 "" "" 0.002768188310648102 0.0030687263 0.0038452006 0.006913927 259.11197540488 -39.68156006094 2368.0293 -0.631 -1.492 0.91
259.05335791494 -39.72718275017 0.0174 0.0103 4.7915 "" "" 5972232018909953664 2353.14136 0.3865 0.0196 -0.6 -1.449 0.026 0.017 0.994 "" "" 13.79972 1.471605 14.46089 12.989285 "" "" 2267.83594 2440.16235 56892.97914 17.976 22442.0 23.916 50518.0 52.61 "" "" 0.0027765938461611485 0.003020564 0.0039448957 0.00696546 259.05335791494 -39.72718275017 2353.14136 -0.6000000000000001 -1.4490000000000007 0.88
258.98302183977 -39.85654661374 0.0182 0.0111 13.1841 "" "" 5972207447353127680 2532.27856 0.3509 0.0194 -0.523 -1.42 0.028 0.018 0.948 "" "" 13.88858 1.312327 14.419367 13.107039 "" "" 2408.73877 2686.21851 52422.1431 15.005 23317.0 169.91 45325.0 209.41 "" "" 0.0027727910609238906 0.008389295 0.006280688 0.014669983 258.98302183977 -39.85654661374 2532.27856 -0.5230000000000001 -1.42 0.95
258.64115969153 -39.61910963602 0.0171 0.011 21.4999 "" "" 5972227827020249088 2373.05615 0.3789 0.0189 -0.631 -1.416 0.025 0.017 0.934 7476.6 3.5004 14.00187 1.0946 14.447555 13.352955 "" "" 2277.44604 2486.45679 47227.89322 10.675 22719.0 23.37 36139.0 46.711 "" "" 0.0027662277296429676 0.0030053945 0.004031517 0.0070369113 258.64115969153 -39.61910963602 2373.05615 -0.631 -1.4160000000000004 0.92
259.17751195801 -39.35535780571 0.019 0.0109 18.4406 "" "" 5972257612565337984 2375.70142 0.3809 0.0224 -0.482 -1.369 0.028 0.019 0.932 "" "" 14.020512 1.614199 14.762079 13.147881 "" "" 2261.26611 2504.73657 46423.96839 11.412 17005.0 16.461 43652.0 22.585 "" "" 0.0027682166547957007 0.0029815524 0.0038209013 0.0068024537 259.17751195801 -39.35535780571 2375.70142 -0.482 -1.3690000000000007 0.94
258.62771278544 -39.81365073921 0.0189 0.0116 23.8841 "" "" 5972216655765379712 2254.63232 0.4039 0.0199 -0.641 -1.456 0.027 0.019 0.936 "" "" 14.064044 1.25402 14.602055 13.348035 "" "" 2165.07056 2360.05151 44599.41269 12.799 19706.0 28.355 36303.0 28.375 "" "" 0.0027728815735979556 0.0031977694 0.0038734865 0.0070712557 258.62771278544 -39.81365073921 2254.63232 -0.641 -1.456 0.86
259.11513609907 -39.33486636832 0.0182 0.0102 19.3588 "" "" 5972258578992523904 2254.67383 0.4 0.0233 -0.591 -1.514 0.031 0.02 0.98 "" "" 14.064861 1.712052 14.873319 13.161266 14.17 8.18 2161.90283 2351.71704 44565.84756 10.767 15349.0 13.733 43117.0 25.702 "" "" 0.002767778274788781 0.0029544402 0.0038343973 0.0067888377 259.11513609907 -39.33486636832 2254.67383 -0.591 -1.514 0.87
