Clusters/UBC_559/UBC_559_stars_in_region.tsv
# %ECSV 1.0
# ---
# datatype:
# - name: RA_ICRS_1
#   unit: deg
#   datatype: float64
#   format: '{:15.11f}'
#   description: Right ascension (ICRS) at Ep=2016.0 (ra)
#   meta: !!omap
#   - {ucd: POS_EQ_RA_MAIN}
#   - {width: 15}
#   - {precision: '11'}
# - name: DE_ICRS_1
#   unit: deg
#   datatype: float64
#   format: '{:15.11f}'
#   description: Declination (ICRS) at Ep=2016.0 (dec)
#   meta: !!omap
#   - {ucd: POS_EQ_DEC_MAIN}
#   - {width: 15}
#   - {precision: '11'}
# - name: e_RA_ICRS
#   unit: mas
#   datatype: float64
#   format: '{:7.4f}'
#   description: Standard error of right ascension (ra_error)
#   meta: !!omap
#   - {ucd: ERROR}
#   - {width: 7}
#   - {precision: '4'}
# - name: e_DE_ICRS
#   unit: mas
#   datatype: float64
#   format: '{:7.4f}'
#   description: Standard error of declination (dec_error)
#   meta: !!omap
#   - {ucd: ERROR}
#   - {width: 7}
#   - {precision: '4'}
# - name: _r_1
#   unit: ''
#   datatype: float64
#   format: '{:7.4f}'
#   description: Distance from center (259.10380928000-39.65739505000)[ICRS], at Epoch=J2016.0
#   meta: !!omap
#   - {ucd: POS_ANG_DIST_GENERAL}
#   - {width: 7}
#   - {precision: '4'}
# - name: HIP
#   datatype: int32
#   description: '? HIP cross-id number, van Leeuwen, Cat. I/311 (hip_original_ext_source_id)'
#   meta: !!omap
#   - {ucd: ID_NUMBER}
#   - {width: 6}
#   - values: {'null': -2147483648}
# - name: TYC2
#   datatype: string
#   description: Tycho-2 cross-id name, Hog et al., Cat. I/259 (tyc2_original_ext_source_id)
#   meta: !!omap
#   - {ucd: ID_CROSSID}
#   - {_votable_string_dtype: char}
# - name: Source
#   datatype: int64
#   description: Source identifier, identical to the Gaia-EDR3 source_id (id)
#   meta: !!omap
#   - {ucd: ID_MAIN}
#   - {width: 19}
# - name: rgeo
#   unit: pc
#   datatype: float64
#   format: '{:15.8f}'
#   description: '? Median of the geometric distance posterior (r_med_geo)'
#   meta: !!omap
#   - {ucd: PHYS_DISTANCE_TRUE}
#   - {width: 15}
#   - {precision: '8'}
#   - values: {'null': .nan}
# - name: Plx
#   unit: mas
#   datatype: float64
#   format: '{:9.4f}'
#   description: '? Parallax (parallax)'
#   meta: !!omap
#   - {ucd: POS_PARLX_TRIG}
#   - {width: 9}
#   - {precision: '4'}
#   - values: {'null': .nan}
# - name: e_Plx
#   unit: mas
#   datatype: float32
#   format: '{:7.4f}'
#   description: '? Standard error of parallax (parallax_error)'
#   meta: !!omap
#   - {ucd: ERROR}
#   - {width: 7}
#   - {precision: '4'}
#   - values: {'null': .nan}
# - name: pmRA
#   unit: mas / yr
#   datatype: float64
#   format: '{:9.3f}'
#   description: '? Proper motion in right ascension direction, pmRA*cosDE (pmra)'
#   meta: !!omap
#   - {ucd: POS_EQ_PMRA}
#   - {width: 9}
#   - {precision: '3'}
#   - values: {'null': .nan}
# - name: pmDE
#   unit: mas / yr
#   datatype: float64
#   format: '{:9.3f}'
#   description: '? Proper motion in declination direction (pmdec)'
#   meta: !!omap
#   - {ucd: POS_EQ_PMDEC}
#   - {width: 9}
#   - {precision: '3'}
#   - values: {'null': .nan}
# - name: e_pmRA
#   unit: mas / yr
#   datatype: float32
#   format: '{:6.3f}'
#   description: '? Standard error of proper motion in right ascension direction (pmra_error)'
#   meta: !!omap
#   - {ucd: ERROR}
#   - {width: 6}
#   - {precision: '3'}
#   - values: {'null': .nan}
# - name: e_pmDE
[...]
#         unit: &id001 !astropy.units.Unit {unit: deg}
#         value: !astropy.table.SerializedColumn {name: SkyCoord.dec}
#       distance: !astropy.table.SerializedColumn
#         __class__: astropy.coordinates.distances.Distance
#         unit: !astropy.units.Unit {unit: pc}
#         value: !astropy.table.SerializedColumn {name: SkyCoord.distance}
#       frame: icrs
#       obstime: !astropy.time.Time {format: jyear_str, in_subfmt: '*', jd1: 367701545.0, jd2: 0.0, out_subfmt: '*', precision: 3, scale: tt}
#       pm_dec: !astropy.table.SerializedColumn
#         __class__: astropy.units.quantity.Quantity
#         unit: !astropy.units.Unit {unit: mas / yr}
#         value: !astropy.table.SerializedColumn {name: SkyCoord.pm_dec}
#       pm_ra_cosdec: !astropy.table.SerializedColumn
#         __class__: astropy.units.quantity.Quantity
#         unit: !astropy.units.Unit {unit: mas / yr}
#         value: !astropy.table.SerializedColumn {name: SkyCoord.pm_ra_cosdec}
#       ra: !astropy.table.SerializedColumn
#         __class__: astropy.coordinates.angles.Longitude
#         unit: *id001
#         value: !astropy.table.SerializedColumn {name: SkyCoord.ra}
#         wrap_angle: !astropy.coordinates.Angle
#           unit: *id001
#           value: 360.0
#       representation_type: spherical
# schema: astropy-2.0
RA_ICRS_1 DE_ICRS_1 e_RA_ICRS e_DE_ICRS _r_1 HIP TYC2 Source rgeo Plx e_Plx pmRA pmDE e_pmRA e_pmDE RUWE Teff logg Gmag BP-RP BPmag RPmag RV e_RV b_rgeo B_rgeo FG e_FG FBP e_FBP FRP e_FRP RAVE5 RAVE6 e_Gmag e_BPmag e_RPmag e_BP-RP SkyCoord.ra SkyCoord.dec SkyCoord.distance SkyCoord.pm_ra_cosdec SkyCoord.pm_dec
[from data line 4496]
259.35331227586 -39.94135404065 0.0619 0.0303 20.5563 "" "" 5972037714590418816 2416.4353 0.4042 0.0622 -0.443 -2.175 0.071 0.051 1.016 "" "" 16.375345 1.611621 17.121729 15.510108 "" "" 2099.23877 2757.5979 5306.50766 2.6316 1935.2 8.1513 4955.8 9.058 "" "" 0.002807437347188546 0.0053572105 0.004268702 0.009625913 259.35331227586 -39.94135404065 2416.4353 -0.44300000000000006 -2.175
258.93882361175 -39.86804253232 0.1177 0.0743 14.7528 "" "" 5972206214741058560 1988.4248 0.5745 0.1322 -1.406 -0.869 0.184 0.12 2.733 7961.3 3.9016 16.375717 2.511593 17.593231 15.081638 "" "" 1485.76367 2779.23462 5304.68586 6.8349 1253.5 19.509 7353.7 60.872 "" "" 0.0030901135597986976 0.017126793 0.009749759 0.026876552 258.93882361175 -39.86804253232 1988.4248 -1.406 -0.8690000000000001
259.5577620856 -39.39721860893 0.053 0.0313 26.1734 "" "" 5972430274582720128 2444.4917 0.3647 0.0567 -0.972 -2.409 0.072 0.05 0.896 6756.2 2.3526 16.376478 3.578998 18.581718 15.002721 "" "" 2186.83643 2714.59814 5300.97586 3.8149 504.35 6.4863 7908.1 10.793 "" "" 0.0028639682539274365 0.014239378 0.004059496 0.018298874 259.5577620856 -39.39721860893 2444.4917 -0.9720000000000001 -2.409
259.4160042534 -39.74503213173 0.052 0.0297 15.3412 "" "" 5972047090449599104 1899.60803 0.5213 0.064 -0.342 -1.178 0.079 0.059 1.067 "" "" 16.376518 1.682763 17.150187 15.467423 "" "" 1689.12317 2158.97046 5300.77703 2.5482 1885.1 9.9904 5154.5 14.911 "" "" 0.0028043195022384357 0.0063948426 0.0049141166 0.011308959 259.4160042534 -39.74503213173 1899.60803 -0.342 -1.178
258.48554711598 -39.50507262518 0.0528 0.0321 30.0157 "" "" 5972278984322168448 2320.43188 0.4094 0.0555 -2.957 -2.178 0.073 0.05 1.129 4957.7 2.9884 16.376553 2.670586 17.860176 15.18959 "" "" 2018.25452 2601.52246 5300.60874 4.3085 980.27 7.8623 6657.7 17.387 "" "" 0.0028932043224359147 0.009144273 0.004724786 0.013869058 258.48554711598 -39.50507262518 2320.43188 -2.9569999999999994 -2.178
259.26359697865 -39.78967390647 0.0879 0.0438 10.8336 "" "" 5972043899320608512 1873.23499 0.5247 0.1005 -1.027 -1.41 0.115 0.08 1.559 "" "" 16.37679 1.864008 16.984285 15.120277 "" "" 1599.84021 2227.37622 5299.45108 4.585 2196.4 8.2553 7096.6 19.862 "" "" 0.0029110461051984706 0.0049434816 0.004849517 0.009792998 259.26359697865 -39.78967390647 1873.23499 -1.0270000000000001 -1.41
259.39562118623 -39.26208488646 0.0531 0.0316 27.3003 "" "" 5972622792199814016 2031.6405 0.4524 0.0553 -0.999 -1.433 0.073 0.054 1.008 8684.4 3.455 16.377588 2.57809 17.767912 15.189822 "" "" 1834.07312 2256.98755 5295.55369 3.4394 1067.2 7.1421 6656.2 9.4147 "" "" 0.0028441269643472104 0.007783444 0.0040794704 0.011862915 259.39562118623 -39.26208488646 2031.6405 -0.9990000000000001 -1.433
258.72449412935 -39.93279664117 0.0506 0.0321 24.0587 "" "" 5972203221106551808 2724.59741 0.3548 0.0532 -0.684 -2.143 0.072 0.05 0.939 9263.3 3.8848 16.377659 1.635631 17.146746 15.511115 "" "" 2357.85205 3287.19092 5295.20606 3.124 1891.1 9.6167 4951.2 8.4523 "" "" 0.0028287970267486476 0.0061861975 0.0042094095 0.010395607 258.72449412935 -39.93279664117 2724.59741 -0.6840000000000002 -2.143
259.64134835064 -39.92100467595 0.0465 0.0268 29.3998 "" "" 5972029876220327424 2090.677 0.4729 0.0592 0.001 -2.951 0.073 0.052 0.975 9468.7 4.2168 16.377972 1.77806 17.230879 15.452819 "" "" 1828.29919 2379.24512 5293.6828 2.5777 1750.1 5.2961 5224.3 7.6554 "" "" 0.0028055836278622227 0.0043104943 0.004100602 0.008411096 259.64134835064 -39.92100467595 2090.677 0.0010000000000000009 -2.951
259.27984612698 -39.90643291929 0.0555 0.0315 17.0046 "" "" 5972038741032852096 2700.37939 0.3683 0.0602 -1.268 -3.2 0.074 0.055 1.032 9195.5 3.7482 16.378094 1.571991 17.09859 15.5266 "" "" 2367.16553 3130.82568 5293.09378 2.3842 1976.9 10.754 4881.1 9.9787 "" "" 0.002798385943843771 0.0065321117 0.0043829763 0.010915088 259.27984612698 -39.90643291929 2700.37939 -1.2679999999999998 -3.1999999999999993
258.81861038262 -39.84791716868 0.0529 0.0331 17.4285 "" "" 5972209749455612672 2515.9978 0.3848 0.0556 0.061 -3.236 0.073 0.051 0.992 "" "" 16.378708 1.583178 17.03814 15.454962 "" "" 2210.87939 2886.67627 5290.09545 3.235 2090.1 32.684 5214.0 29.962 "" "" 0.0028341874243258186 0.017205967 0.0072945515 0.024500519 258.81861038262 -39.84791716868 2515.9978 0.061000000000000054 -3.2360000000000007
259.11614331022 -39.69617340849 0.0573 0.0308 2.3954 "" "" 5972232358164368000 2358.07422 0.4035 0.0629 2.661 0.306 0.079 0.051 0.957 8044.5 3.6124 16.37892 2.661434 17.851408 15.189974 "" "" 2030.70593 2755.69263 5289.06651 3.2254 988.22 12.938 6655.3 28.024 "" "" 0.002833756593302958 0.014485952 0.005931698 0.02041765 259.11614331022 -39.69617340849 2358.07422 2.661 0.30600000000000005
258.98664071361 -39.69737243011 0.0612 0.0332 5.9186 "" "" 5972235244381760128 2405.77856 0.3922 0.065 -0.58 0.053 0.078 0.052 1.001 9031.1 3.785 16.378967 2.288121 17.583485 15.295363 "" "" 2074.09473 2844.71143 5288.83668 3.8638 1264.8 6.4867 6039.7 13.633 "" "" 0.0028672189124154673 0.006228285 0.0045044357 0.010732721 258.98664071361 -39.69737243011 2405.77856 -0.58 0.052999999999999985
259.05203384897 -39.66215769439 0.0588 0.0316 2.4086 "" "" 5972235557963082624 2598.14136 0.3773 0.0625 -3.559 -7.785 0.077 0.051 0.935 "" "" 16.37905 2.08574 17.448 15.36226 "" "" 2236.51489 3175.20483 5288.4327 2.6621 1432.9 7.1732 5678.8 12.921 "" "" 0.002809002500552286 0.0061096023 0.0045151417 0.010624744 259.05203384897 -39.66215769439 2598.14136 -3.559 -7.785000000000001
258.62612538805 -39.69906298947 0.0545 0.0332 22.1999 "" "" 5972226452630218752 2718.25464 0.3541 0.0552 -1.804 -3.773 0.076 0.051 1.051 7915.3 4.1174 16.379086 1.52391 17.018658 15.494747 "" "" 2378.83765 3280.97095 5288.25411 3.2097 2127.9 19.246 5026.4 54.395 "" "" 0.0028330288448712958 0.010208741 0.012342562 0.022551302 258.62612538805 -39.69906298947 2718.25464 -1.8040000000000003 -3.7730000000000006
258.7894160801 -39.85342368872 0.0527 0.0329 18.672 "" "" 5972209719434199168 2043.34851 0.4837 0.0542 -3.31 -10.624 0.071 0.049 1.044 5286.3 3.6069 16.379196 2.029821 17.393934 15.364113 "" "" 1818.53357 2303.72803 5287.71503 2.5886 1506.1 10.181 5669.1 23.214 "" "" 0.0028061192048311253 0.007851874 0.00583522 0.013687095 258.7894160801 -39.85342368872 2043.34851 -3.3099999999999996 -10.624
258.75188872293 -40.02872484033 0.0484 0.0309 27.554 "" "" 5972201919772097664 2683.39258 0.3727 0.0537 0.021 -2.977 0.072 0.049 1.008 "" "" 16.380001 1.850334 17.280025 15.429691 "" "" 2313.08423 3022.79785 5283.79506 2.991 1672.7 5.7758 5336.8 15.902 "" "" 0.002823034955625641 0.0046733543 0.004974933 0.009648288 258.75188872293 -40.02872484033 2683.39258 0.020999999999999908 -2.977
259.6081347079 -39.88236500839 0.0567 0.032 26.8912 "" "" 5972030219827180416 2313.42383 0.4348 0.0696 -0.482 -1.565 0.085 0.065 1.078 9490.7 3.9407 16.380547 1.477707 16.98984 15.512133 "" "" 2001.29761 2698.85718 5281.14165 2.9155 2185.1 27.811 4946.6 40.552 "" "" 0.002819762014833961 0.014097646 0.009669966 0.023767613 259.6081347079 -39.88236500839 2313.42383 -0.482 -1.5649999999999997
258.69126599929 -39.41364333069 0.0497 0.0312 24.0482 "" "" 5972278468936671360 2411.6377 0.3929 0.0541 1.489 0.204 0.068 0.046 1.043 9483.9 3.8139 16.38075 2.311577 17.531523 15.219946 "" "" 2117.52197 2858.16919 5280.15676 4.4486 1326.8 14.003 6474.1 21.893 "" "" 0.002903196654854001 0.011793626 0.0052691605 0.017062787 258.69126599929 -39.41364333069 2411.6377 1.4890000000000003 0.20399999999999996
258.90440100999 -39.36790571741 0.0484 0.0294 19.6696 "" "" 5972255933290998912 2476.30664 0.3753 0.0552 -1.041 -0.05 0.073 0.052 1.001 "" "" 16.382673 2.314489 17.589275 15.274786 "" "" 2201.30981 2933.77515 5270.81372 2.8596 1258.1 6.5659 6155.2 16.59 "" "" 0.002817582107146597 0.006316057 0.0047798892 0.011095947 258.90440100999 -39.36790571741 2476.30664 -1.041 -0.05000000000000002
258.96472624157 -39.47203712182 0.0589 0.0317 12.8481 "" "" 5972251466525269504 2525.43042 0.3732 0.0646 0.027 -4.06 0.081 0.053 1.04 "" "" 16.382893 2.231222 17.515629 15.284407 "" "" 2196.42822 3038.75854 5269.745 3.173 1346.4 9.6311 6100.9 19.829 "" "" 0.0028318129983165227 0.008252501 0.005170725 0.013423225 258.96472624157 -39.47203712182 2525.43042 0.02699999999999997 -4.0600000000000005
258.61879337367 -39.70211333723 0.0517 0.032 22.5569 "" "" 5972220572766511616 2153.90649 0.4604 0.0547 -1.491 -2.758 0.07 0.048 0.889 "" "" 16.383493 1.481581 17.063795 15.582214 "" "" 1918.05383 2409.65161 5266.83376 2.7875 2041.3 8.1467 4637.4 11.779 "" "" 0.0028146031628683535 0.005153721 0.004678571 0.009832293 258.61879337367 -39.70211333723 2153.90649 -1.4910000000000003 -2.7580000000000005
259.37762223531 -39.41721073792 0.0519 0.0306 19.1887 "" "" 5972243181475075840 1985.8761 0.4753 0.0621 -0.925 -2.488 0.077 0.054 1.014 9249.3 3.8825 16.383844 2.051262 17.427904 15.376642 "" "" 1746.70886 2442.01807 5265.13089 2.6283 1459.7 9.7056 5604.0 9.3112 "" "" 0.002808120532157609 0.007739539 0.004187848 0.011927387 259.37762223531 -39.41721073792 1985.8761 -0.9249999999999998 -2.4879999999999995
258.79428868887 -39.36383689366 0.0548 0.0319 22.7051 "" "" 5972301528674131584 2301.17041 0.422 0.058 -0.873 -3.27 0.077 0.053 0.976 "" "" 16.383904 2.213711 17.519974 15.306263 "" "" 2046.82483 2747.72144 5264.8438 3.3336 1341.0 8.1505 5979.3 21.636 "" "" 0.0028397889424805786 0.0071646483 0.005451473 0.012616121 258.79428868887 -39.36383689366 2301.17041 -0.8730000000000001 -3.2700000000000005
258.47535070554 -39.57715012877 0.0487 0.0299 29.4432 "" "" 5972270016430267648 2655.33154 0.3545 0.0515 -1.397 -1.327 0.07 0.045 1.058 7497.7 3.3683 16.384409 2.524496 17.741827 15.217331 "" "" 2417.4248 2980.55054 5262.3881 2.9463 1093.2 8.0252 6489.7 16.698 "" "" 0.002821579067008044 0.00844467 0.004699779 0.013144448 258.47535070554 -39.57715012877 2655.33154 -1.397 -1.327
259.61474443447 -39.62872543367 0.0645 0.0394 23.6688 "" "" 5972424085502439680 2290.59839 0.4374 0.0838 -1.29 -0.489 0.093 0.07 1.36 9002.1 3.4592 16.384483 2.015439 17.337019 15.32158 "" "" 1903.61829 2801.81299 5262.0285 4.0984 1587.1 9.6217 5895.6 12.277 "" "" 0.0028821686795692087 0.0071491646 0.0044040396 0.011553204 259.61474443447 -39.62872543367 2290.59839 -1.2899999999999998 -0.489
258.73774185488 -39.80200962285 0.0537 0.0335 18.99 "" "" 5972221981525333376 2649.97266 0.3643 0.0542 -0.758 -3.918 0.07 0.049 0.897 "" "" 16.384502 1.835525 17.256582 15.421058 "" "" 2263.90894 3174.40259 5261.93477 3.0661 1709.2 10.209 5379.4 16.599 "" "" 0.0028270193509093594 0.007059828 0.00505051 0.012110338 258.73774185488 -39.80200962285 2649.97266 -0.7580000000000001 -3.918
259.10612956088 -39.22871053375 0.0471 0.0287 25.7213 "" "" 5972263591160061952 2332.83423 0.428 0.0539 -1.439 -3.015 0.07 0.053 1.077 9008.1 3.7259 16.384663 1.853653 17.270035 15.416382 "" "" 2025.05554 2715.99414 5261.15912 2.4469 1688.1 4.9785 5402.6 12.217 "" "" 0.0028012098222782917 0.004247118 0.0045068515 0.008753969 259.10612956088 -39.22871053375 2332.83423 -1.4389999999999998 -3.0150000000000006
258.74428659019 -39.47027012095 0.0491 0.0313 20.065 "" "" 5972230438317370240 2438.74414 0.3934 0.0551 -0.659 -1.333 0.075 0.05 1.039 9331.5 4.1377 16.38484 1.696893 17.175238 15.478345 "" "" 2141.86133 2855.71216 5260.30091 2.8206 1842.1 9.0103 5102.9 19.55 "" "" 0.002816153361513611 0.005999033 0.005620159 0.011619192 258.74428659019 -39.47027012095 2438.74414 -0.6589999999999998 -1.3329999999999997
259.4606085763 -40.09207283659 0.049 0.0283 30.8241 "" "" 5972021148846303616 1994.5354 0.4948 0.0531 -1.906 -4.226 0.075 0.053 1.002 7163.2 3.6463 16.385103 1.834477 17.254456 15.419979 "" "" 1802.64307 2228.59766 5259.02902 2.6903 1712.5 8.0665 5384.8 11.534 "" "" 0.002810743286637409 0.005825824 0.004437582 0.010263406 259.4606085763 -40.09207283659 1994.5354 -1.906 -4.226
259.14799019779 -39.9787082558 0.0512 0.0306 19.386 "" "" 5972017751548988544 2668.51855 0.3653 0.0537 -0.334 -2.571 0.066 0.049 1.006 8508.2 4.2797 16.385515 1.777782 17.240591 15.462809 "" "" 2375.38794 3025.89185 5257.03644 2.9013 1734.5 7.5406 5176.5 16.504 "" "" 0.002819722842642436 0.005483145 0.005125078 0.010608222 259.14799019779 -39.9787082558 2668.51855 -0.33399999999999996 -2.5709999999999997
259.50427275257 -39.84779748555 0.0549 0.0305 21.72 "" "" 5972033793230663168 2278.49268 0.4508 0.0658 -0.523 -2.909 0.07 0.059 0.952 9456.1 4.0715 16.385838 1.647401 17.158182 15.510781 "" "" 2009.61353 2639.83618 5255.47229 2.4743 1871.3 6.0078 4952.7 9.5474 "" "" 0.0028023353856016587 0.0044649197 0.0043202243 0.0087851435 259.50427275257 -39.84779748555 2278.49268 -0.5229999999999999 -2.909
258.66957494185 -39.91685759892 0.0574 0.0341 25.361 "" "" 5972215148274496256 2754.51147 0.3527 0.0569 -1.188 -3.135 0.075 0.051 1.015 "" "" 16.386091 1.768085 17.231321 15.463237 "" "" 2434.44238 3178.46753 5254.24044 2.8006 1749.4 7.096 5174.4 12.771 "" "" 0.0028154398544770957 0.005213482 0.004632992 0.009846474 258.66957494185 -39.91685759892 2754.51147 -1.188 -3.1350000000000007
259.49859106858 -39.34869802488 0.0531 0.032 26.0209 "" "" 5972618497232380672 2208.58911 0.4622 0.0581 -2.106 -2.671 0.075 0.055 1.032 4947.4 3.1469 16.38628 2.488902 17.743649 15.254746 "" "" 1930.56409 2536.52905 5253.32973 2.9074 1091.3 5.7191 6269.9 7.7141 "" "" 0.0028200810705721175 0.0063372306 0.0040085097 0.01034574 259.49859106858 -39.34869802488 2208.58911 -2.106 -2.671
259.4603797221 -39.93412297927 0.0587 0.0311 23.3641 "" "" 5972026891270045696 2336.6814 0.4282 0.065 -2.087 -3.051 0.079 0.061 1.015 9189.4 3.9238 16.386282 1.651309 17.155655 15.504346 "" "" 2007.43384 2785.45679 5253.32172 2.7794 1875.7 6.1247 4982.2 12.912 "" "" 0.002814563145710902 0.0045115165 0.0047118277 0.009223344 259.4603797221 -39.93412297927 2336.6814 -2.087 -3.051
259.66596934866 -39.78132678817 0.0518 0.0311 26.9888 "" "" 5972035343766912384 2276.14746 0.4227 0.0683 -0.674 -3.557 0.073 0.055 1.011 7987.2 4.1487 16.386642 1.712201 17.202682 15.490481 "" "" 1940.43262 3021.12378 5251.57468 2.4625 1796.2 6.5819 5046.2 10.856 "" "" 0.0028019603273626483 0.004859385 0.00444292 0.009302305 259.66596934866 -39.78132678817 2276.14746 -0.674 -3.5569999999999995
259.01151260636 -39.46323919957 0.0833 0.0466 12.4071 "" "" 5972250813689834752 2383.70093 0.4527 0.0924 -1.032 -0.089 0.105 0.075 1.556 15006.7 4.064 16.38668 2.757218 17.909298 15.15208 "" "" 1969.14087 2913.74561 5251.39178 4.7621 936.91 7.7602 6891.7 31.551 "" "" 0.0029259486649171793 0.009415792 0.006244265 0.015660057 259.01151260636 -39.46323919957 2383.70093 -1.032 -0.08900000000000001
258.75087124403 -39.72094015052 0.0909 0.0534 16.7357 "" "" 5972223360253924352 2009.18591 0.5028 0.0925 0.356 -2.476 0.116 0.08 1.605 9275.6 4.2667 16.386692 1.643468 17.092974 15.449506 "" "" 1710.72168 2352.77417 5251.33596 7.4619 1987.1 11.758 5240.3 15.21 "" "" 0.0031578408596450477 0.0070042135 0.0049208505 0.011925064 258.75087124403 -39.72094015052 2009.18591 0.3559999999999999 -2.476
258.8771455501 -39.85177739561 0.0536 0.0337 15.6633 "" "" 5972209169678648960 2465.78125 0.3816 0.0546 -3.172 -4.966 0.075 0.05 0.93 9253.2 3.6609 16.38676 1.627701 17.140797 15.513096 "" "" 2219.47485 2823.34253 5251.00356 2.9735 1901.5 7.7934 4942.2 10.832 "" "" 0.0028230827871966895 0.005252341 0.004466145 0.009718485 258.8771455501 -39.85177739561 2465.78125 -3.1720000000000006 -4.965999999999999
258.91255991231 -39.40883746239 0.114 0.0688 17.3417 "" "" 5972255005594697216 2286.927 0.5126 0.1463 0.366 -0.816 0.165 0.139 2.025 "" "" 16.38692 2.113817 17.214718 15.100901 "" "" 1798.47046 3091.19556 5250.23487 4.7095 1776.4 12.232 7224.3 11.611 "" "" 0.0029223786060093015 0.00797989 0.0041627865 0.012142677 258.91255991231 -39.40883746239 2286.927 0.3659999999999999 -0.8160000000000001
