Clusters/UBC_559/UBC_559_members.tsv
# %ECSV 1.0
# ---
# datatype:
# - name: RA_ICRS_1
#   unit: deg
#   datatype: float64
#   format: '{:15.11f}'
#   description: Right ascension (ICRS) at Ep=2016.0 (ra)
#   meta: !!omap
#   - {ucd: POS_EQ_RA_MAIN}
#   - {width: 15}
#   - {precision: '11'}
# - name: DE_ICRS_1
#   unit: deg
#   datatype: float64
#   format: '{:15.11f}'
#   description: Declination (ICRS) at Ep=2016.0 (dec)
#   meta: !!omap
#   - {ucd: POS_EQ_DEC_MAIN}
#   - {width: 15}
#   - {precision: '11'}
# - name: e_RA_ICRS
#   unit: mas
#   datatype: float64
#   format: '{:7.4f}'
#   description: Standard error of right ascension (ra_error)
#   meta: !!omap
#   - {ucd: ERROR}
#   - {width: 7}
#   - {precision: '4'}
# - name: e_DE_ICRS
#   unit: mas
#   datatype: float64
#   format: '{:7.4f}'
#   description: Standard error of declination (dec_error)
#   meta: !!omap
#   - {ucd: ERROR}
#   - {width: 7}
#   - {precision: '4'}
# - name: _r_1
#   unit: ''
#   datatype: float64
#   format: '{:7.4f}'
#   description: Distance from center (259.10380928000-39.65739505000)[ICRS], at Epoch=J2016.0
#   meta: !!omap
#   - {ucd: POS_ANG_DIST_GENERAL}
#   - {width: 7}
#   - {precision: '4'}
# - name: HIP
#   datatype: int32
#   description: '? HIP cross-id number, van Leeuwen, Cat. I/311 (hip_original_ext_source_id)'
#   meta: !!omap
#   - {ucd: ID_NUMBER}
#   - {width: 6}
#   - values: {'null': -2147483648}
# - name: TYC2
#   datatype: string
#   description: Tycho-2 cross-id name, Hog et al., Cat. I/259 (tyc2_original_ext_source_id)
#   meta: !!omap
#   - {ucd: ID_CROSSID}
#   - {_votable_string_dtype: char}
# - name: Source
#   datatype: int64
#   description: Source identifier, identical to the Gaia-EDR3 source_id (id)
#   meta: !!omap
#   - {ucd: ID_MAIN}
#   - {width: 19}
# - name: rgeo
#   unit: pc
#   datatype: float64
#   format: '{:15.8f}'
#   description: '? Median of the geometric distance posterior (r_med_geo)'
#   meta: !!omap
#   - {ucd: PHYS_DISTANCE_TRUE}
#   - {width: 15}
#   - {precision: '8'}
#   - values: {'null': .nan}
# - name: Plx
#   unit: mas
#   datatype: float64
#   format: '{:9.4f}'
#   description: '? Parallax (parallax)'
#   meta: !!omap
#   - {ucd: POS_PARLX_TRIG}
#   - {width: 9}
#   - {precision: '4'}
#   - values: {'null': .nan}
# - name: e_Plx
#   unit: mas
#   datatype: float32
#   format: '{:7.4f}'
#   description: '? Standard error of parallax (parallax_error)'
#   meta: !!omap
#   - {ucd: ERROR}
#   - {width: 7}
#   - {precision: '4'}
#   - values: {'null': .nan}
# - name: pmRA
#   unit: mas / yr
#   datatype: float64
#   format: '{:9.3f}'
#   description: '? Proper motion in right ascension direction, pmRA*cosDE (pmra)'
#   meta: !!omap
#   - {ucd: POS_EQ_PMRA}
#   - {width: 9}
#   - {precision: '3'}
#   - values: {'null': .nan}
# - name: pmDE
#   unit: mas / yr
#   datatype: float64
#   format: '{:9.3f}'
#   description: '? Proper motion in declination direction (pmdec)'
#   meta: !!omap
#   - {ucd: POS_EQ_PMDEC}
#   - {width: 9}
#   - {precision: '3'}
#   - values: {'null': .nan}
# - name: e_pmRA
#   unit: mas / yr
#   datatype: float32
#   format: '{:6.3f}'
#   description: '? Standard error of proper motion in right ascension direction (pmra_error)'
#   meta: !!omap
#   - {ucd: ERROR}
#   - {width: 6}
#   - {precision: '3'}
#   - values: {'null': .nan}
# - name: e_pmDE
[...]
#         unit: &id001 !astropy.units.Unit {unit: deg}
#         value: !astropy.table.SerializedColumn {name: SkyCoord.dec}
#       distance: !astropy.table.SerializedColumn
#         __class__: astropy.coordinates.distances.Distance
#         unit: !astropy.units.Unit {unit: pc}
#         value: !astropy.table.SerializedColumn {name: SkyCoord.distance}
#       frame: icrs
#       obstime: !astropy.time.Time {format: jyear_str, in_subfmt: '*', jd1: 367701545.0, jd2: 0.0, out_subfmt: '*', precision: 3, scale: tt}
#       pm_dec: !astropy.table.SerializedColumn
#         __class__: astropy.units.quantity.Quantity
#         unit: !astropy.units.Unit {unit: mas / yr}
#         value: !astropy.table.SerializedColumn {name: SkyCoord.pm_dec}
#       pm_ra_cosdec: !astropy.table.SerializedColumn
#         __class__: astropy.units.quantity.Quantity
#         unit: !astropy.units.Unit {unit: mas / yr}
#         value: !astropy.table.SerializedColumn {name: SkyCoord.pm_ra_cosdec}
#       ra: !astropy.table.SerializedColumn
#         __class__: astropy.coordinates.angles.Longitude
#         unit: *id001
#         value: !astropy.table.SerializedColumn {name: SkyCoord.ra}
#         wrap_angle: !astropy.coordinates.Angle
#           unit: *id001
#           value: 360.0
#       representation_type: spherical
# schema: astropy-2.0
RA_ICRS_1 DE_ICRS_1 e_RA_ICRS e_DE_ICRS _r_1 HIP TYC2 Source rgeo Plx e_Plx pmRA pmDE e_pmRA e_pmDE RUWE Teff logg Gmag BP-RP BPmag RPmag RV e_RV b_rgeo B_rgeo FG e_FG FBP e_FBP FRP e_FRP RAVE5 RAVE6 e_Gmag e_BPmag e_RPmag e_BP-RP SkyCoord.ra SkyCoord.dec SkyCoord.distance SkyCoord.pm_ra_cosdec SkyCoord.pm_dec Pmemb
[from data line 40]
259.32410732844 -39.43424119531 0.0192 0.0115 16.8273 "" "" 5972243014027816704 2236.97119 0.4096 0.0221 -0.52 -1.287 0.028 0.021 1.003 "" "" 14.159829 1.522807 14.853376 13.330569 "" "" 2124.16333 2359.14648 40833.37009 11.945 15634.0 22.815 36892.0 32.996 "" "" 0.0027735655762544916 0.003208658 0.0039021426 0.0071108006 259.32410732844 -39.43424119531 2236.97119 -0.52 -1.287 0.85
259.38969726451 -39.51339753762 0.0202 0.0116 15.7926 "" "" 5972241635293255552 2400.04639 0.3779 0.0233 -0.417 -1.377 0.029 0.02 0.967 "" "" 14.176423 1.525958 14.869565 13.343607 121.2 12.87 2282.03125 2553.03125 40214.03161 14.639 15402.0 29.188 36452.0 40.951 "" "" 0.0027835233162802485 0.0034667826 0.003971334 0.0074381167 259.38969726451 -39.51339753762 2400.04639 -0.4169999999999999 -1.3770000000000002 0.93
259.69327828049 -39.62521888851 0.02 0.0117 27.3036 "" "" 5972412162673231488 2403.63892 0.3712 0.0223 -0.505 -1.507 0.027 0.019 0.987 "" "" 14.214807 1.423251 14.848477 13.425226 "" "" 2296.27466 2553.38843 38817.18082 8.6013 15705.0 19.559 33812.0 18.157 "" "" 0.0027658035796418005 0.0031005526 0.0038240897 0.0069246422 259.69327828049 -39.62521888851 2403.63892 -0.505 -1.5069999999999997 0.89
259.18512297681 -39.44690894736 0.0216 0.0116 13.1775 "" "" 5972244968181388032 2236.48853 0.4088 0.0256 -0.472 -1.396 0.033 0.022 0.955 "" "" 14.228497 1.827788 15.112131 13.284343 "" "" 2113.48511 2394.64526 38330.78765 9.273 12319.0 13.294 38496.0 25.33 "" "" 0.002767811516929314 0.0030261946 0.0038463098 0.0068725045 259.18512297681 -39.44690894736 2236.48853 -0.4719999999999999 -1.3959999999999995 0.86
258.62748418514 -39.80326018608 0.0199 0.0122 23.6577 "" "" 5972216724484861568 2440.60107 0.3699 0.0209 -0.635 -1.483 0.028 0.02 0.891 "" "" 14.237102 1.172412 14.728167 13.555755 "" "" 2320.75708 2580.69629 38028.21998 10.035 17545.0 17.422 29982.0 37.753 "" "" 0.002770176136364328 0.0029912207 0.004019057 0.0070102774 258.62748418514 -39.80326018608 2440.60107 -0.6350000000000001 -1.483 0.81
259.44762555644 -39.83327016968 0.0198 0.0111 19.051 "" "" 5972039913613392512 2170.77466 0.4251 0.0228 -0.485 -1.526 0.027 0.021 0.984 7027.8 3.5794 14.25604 1.217913 14.773208 13.555295 "" "" 2080.16016 2252.61963 37370.65494 15.527 16832.0 20.395 29994.0 28.78 "" "" 0.0027920043693688513 0.0030847625 0.0039203386 0.007005101 259.44762555644 -39.83327016968 2170.77466 -0.48500000000000004 -1.5259999999999998 0.9
259.29274501916 -39.62232957386 0.019 0.0108 8.9796 "" "" 5972239337535632000 2352.2251 0.3894 0.024 -0.441 -1.404 0.032 0.021 0.895 10336.4 3.7922 14.287904 1.53153 14.986611 13.455081 "" "" 2241.3999 2453.92505 36289.86651 12.927 13828.0 14.347 32895.0 33.739 "" "" 0.0027823316398553374 0.0030089899 0.0039400277 0.0069490178 259.29274501916 -39.62232957386 2352.2251 -0.441 -1.404 0.93
258.96147346536 -39.52448210595 0.0235 0.0123 10.3397 "" "" 5972249130062965888 2210.47974 0.416 0.0285 -0.446 -1.423 0.035 0.021 0.929 "" "" 14.300801 1.573861 15.02147 13.447609 "" "" 2071.47681 2350.9707 35861.31622 51.072 13391.0 66.316 33122.0 111.6 "" "" 0.0031595397986322283 0.006057705 0.005259889 0.011317594 258.96147346536 -39.52448210595 2210.47974 -0.4459999999999999 -1.423 0.92
259.05709996845 -39.70800105328 0.0209 0.012 3.7244 "" "" 5972232121989189120 2182.19043 0.4171 0.0233 -0.603 -1.419 0.029 0.019 0.948 "" "" 14.307254 1.320553 14.874845 13.554293 "" "" 2085.77832 2307.76831 35648.81032 8.3295 15328.0 12.877 30022.0 20.304 "" "" 0.002766974248257144 0.0029354754 0.0038500526 0.006785528 259.05709996845 -39.70800105328 2182.19043 -0.603 -1.419 0.88
258.98392179771 -39.43223319732 0.0195 0.0114 14.6041 "" "" 5972251844482037248 2294.92798 0.3985 0.0224 -0.589 -1.303 0.03 0.02 1.063 "" "" 14.309384 1.610585 15.039099 13.428514 "" "" 2201.40332 2410.68848 35578.92902 10.748 13176.0 19.236 33710.0 30.491 "" "" 0.0027747731624958053 0.003208984 0.0039048898 0.007113874 258.98392179771 -39.43223319732 2294.92798 -0.589 -1.3029999999999995 0.85
259.42199218472 -39.5613227448 0.0189 0.0112 15.7971 "" "" 5972053623151001216 2245.96777 0.4075 0.0241 -0.43 -1.387 0.029 0.021 0.927 "" "" 14.376049 1.418984 14.963375 13.544391 "" "" 2129.94702 2393.95068 33460.08918 11.32 14128.0 85.995 30297.0 113.53 "" "" 0.002779696529569388 0.0071735713 0.0055530616 0.012726633 259.42199218472 -39.5613227448 2245.96777 -0.4299999999999998 -1.387 0.93
259.57947932756 -39.87636404795 0.0213 0.0121 25.5707 "" "" 5972033140395578880 2005.92761 0.4663 0.0267 -0.664 -1.462 0.029 0.023 0.938 "" "" 14.404993 1.313417 14.975439 13.662022 "" "" 1920.20142 2091.60156 32579.89458 7.0605 13971.0 14.25 27186.0 15.428 "" "" 0.0027653485268605373 0.0030019034 0.0038292783 0.0068311817 259.57947932756 -39.87636404795 2005.92761 -0.6640000000000001 -1.4619999999999995 0.81
259.41251227785 -39.56236994241 0.0197 0.0118 15.3664 "" "" 5972053588791267712 2265.28564 0.402 0.0245 -0.389 -1.36 0.03 0.021 0.997 "" "" 14.414248 1.431162 15.041378 13.610216 "" "" 2163.75415 2390.93262 32303.35414 12.939 13148.0 36.022 28515.0 64.774 "" "" 0.002789429501513519 0.0040784124 0.0045129284 0.008591341 259.41251227785 -39.56236994241 2265.28564 -0.38900000000000007 -1.3599999999999999 0.94
259.04811904692 -39.39340486781 0.0214 0.0122 16.0477 "" "" 5972252119359938176 2348.31909 0.3884 0.0259 -0.38 -1.373 0.034 0.024 1.025 "" "" 14.498421 1.650969 15.267789 13.61682 "" "" 2208.42529 2468.66504 29893.61298 8.0725 10673.0 13.842 28342.0 22.024 "" "" 0.0027708756171918084 0.0031253516 0.0038724104 0.0069977622 259.04811904692 -39.39340486781 2348.31909 -0.38 -1.373 0.92
259.40849941561 -39.57677157308 0.0208 0.0125 14.8903 "" "" 5972053485712039552 2334.53735 0.3931 0.0259 -0.413 -1.355 0.035 0.025 1.003 "" "" 14.543269 1.536587 15.244654 13.708067 17.52 6.08 2224.46436 2512.94604 28683.94848 6.844 10903.0 15.587 26057.0 18.248 "" "" 0.002767471759699601 0.0031928509 0.0038551087 0.0070479596 259.40849941561 -39.57677157308 2334.53735 -0.4129999999999999 -1.3550000000000002 0.93
259.58703659068 -39.5997809187 0.0196 0.0123 22.5967 "" "" 5972049048954829312 2247.54565 0.4009 0.025 -0.497 -1.435 0.031 0.023 0.952 "" "" 14.562637 1.467396 15.222568 13.755173 "" "" 2144.47803 2364.59497 28176.8026 7.9766 11127.0 15.559 24951.0 16.742 "" "" 0.0027724106679517953 0.003176471 0.0038489574 0.007025428 259.58703659068 -39.5997809187 2247.54565 -0.49699999999999994 -1.435 0.94
259.24046336796 -39.38590439925 0.0226 0.0134 17.4742 "" "" 5972247029765851520 2289.05005 0.3974 0.0255 -0.487 -1.36 0.033 0.024 0.93 "" "" 14.584418 2.122488 15.666525 13.544037 "" "" 2166.55518 2434.14771 27617.18133 42.367 7392.8 26.568 30307.0 142.99 "" "" 0.0032196331976329876 0.004796847 0.0063658734 0.011162721 259.24046336796 -39.38590439925 2289.05005 -0.487 -1.3600000000000003 0.92
258.94927345134 -39.75388284915 0.0243 0.0141 9.187 "" "" 5972211536162197504 2278.52783 0.4011 0.0271 -0.537 -1.294 0.034 0.022 1.027 9741.8 3.4139 14.595532 1.292797 15.151453 13.858656 "" "" 2160.72607 2422.83032 27335.93465 7.181 11881.0 11.417 22683.0 17.727 "" "" 0.0027700429784270745 0.0029788576 0.0038734614 0.006852319 258.94927345134 -39.75388284915 2278.52783 -0.537 -1.294 0.83
258.8647354657 -39.70727636234 0.024 0.015 11.4379 "" "" 5972224043107037952 2312.65332 0.3941 0.0269 -0.577 -1.513 0.037 0.024 0.941 10604.9 3.5756 14.643666 1.109195 15.103711 13.994516 "" "" 2169.45923 2483.56885 26150.50648 7.5623 12415.0 22.141 20015.0 20.906 "" "" 0.0027731518327663517 0.003396225 0.003945864 0.007342089 258.8647354657 -39.70727636234 2312.65332 -0.5769999999999997 -1.5129999999999995 0.9
259.15670313849 -39.7327645879 0.0218 0.0123 5.1394 "" "" 5972231262995668480 2365.9248 0.3865 0.0263 -0.533 -1.519 0.034 0.021 0.961 "" "" 14.660576 1.578957 15.384652 13.805696 "" "" 2220.95654 2522.0 25746.38741 6.6506 9584.2 13.159 23817.0 17.914 "" "" 0.002769557087158563 0.0031634232 0.0038666038 0.007030027 259.15670313849 -39.7327645879 2365.9248 -0.533 -1.5190000000000001 0.92
259.18285646188 -39.6793698064 0.0234 0.0132 3.8816 "" "" 5972233114078009600 2367.21509 0.3907 0.0294 -0.476 -1.567 0.043 0.026 0.962 "" "" 14.667453 1.469144 15.328429 13.859285 "" "" 2205.84229 2522.14844 25583.84361 7.9329 10094.0 13.111 22670.0 24.293 "" "" 0.0027758113799533322 0.0031263172 0.003954413 0.00708073 259.18285646188 -39.6793698064 2367.21509 -0.476 -1.567 0.8
259.36139224288 -39.59035137538 0.0221 0.0129 12.5654 "" "" 5972052248761481216 2399.06689 0.3827 0.0283 -0.394 -1.344 0.038 0.027 0.928 "" "" 14.670459 1.601774 15.413378 13.811604 "" "" 2233.69043 2587.85864 25513.10481 7.2287 9334.0 12.955 23687.0 16.611 "" "" 0.002772439784572437 0.0031711033 0.0038553146 0.007026418 259.36139224288 -39.59035137538 2399.06689 -0.394 -1.3439999999999999 0.94
259.16806715882 -39.55078506496 0.0248 0.0134 7.0527 "" "" 5972237787002538624 2323.75879 0.3975 0.0283 -0.417 -1.414 0.036 0.024 0.938 "" "" 14.693499 1.552743 15.406665 13.853922 "" "" 2187.85107 2468.98389 24977.40307 5.6398 9391.8 11.221 22782.0 18.406 "" "" 0.002766205048688254 0.0030769752 0.0038798433 0.0069568185 259.16806715882 -39.55078506496 2323.75879 -0.4169999999999999 -1.4140000000000001 0.92
259.46129777286 -39.8234538055 0.0291 0.0167 19.2692 "" "" 5972045789130317952 1850.57629 0.5021 0.0355 -0.732 -1.056 0.042 0.033 1.292 4959.8 2.3888 14.721726 2.28624 15.924872 13.638633 -47.67 1.88 1737.08167 1998.95398 24336.39715 8.8818 5827.3 10.505 27778.0 15.183 "" "" 0.0027836672349593338 0.0034082246 0.0038256901 0.007233915 259.46129777286 -39.8234538055 1850.57629 -0.7320000000000002 -1.056 0.85
259.11322428095 -39.53338663353 0.0249 0.0145 7.4532 "" "" 5972238787778238592 2415.02759 0.3792 0.0282 -0.576 -1.486 0.036 0.024 1.024 "" "" 14.728782 1.486419 15.394412 13.907993 "" "" 2276.60596 2588.57104 24178.75269 9.637 9498.4 20.761 21675.0 28.829 "" "" 0.002789096239033771 0.0036628963 0.0040458776 0.007708774 259.11322428095 -39.53338663353 2415.02759 -0.5760000000000002 -1.4859999999999998 0.9
258.69806286517 -39.61216275365 0.0234 0.0141 18.9439 "" "" 5972227139825419264 2410.47339 0.3725 0.0272 -0.664 -1.486 0.036 0.023 0.989 "" "" 14.740113 1.405423 15.358446 13.953023 "" "" 2267.49951 2573.44751 23927.7288 6.8675 9818.4 13.63 20795.0 42.332 "" "" 0.002772885627669123 0.0031712442 0.0043782154 0.0075494596 258.69806286517 -39.61216275365 2410.47339 -0.664 -1.486 0.82
258.82605564475 -39.45627873194 0.0243 0.0143 17.6267 "" "" 5972253768627843200 2688.41504 0.333 0.0291 -0.431 -1.382 0.037 0.025 0.977 9036.2 2.9194 14.87497 1.78048 15.724236 13.943755 "" "" 2486.49243 2878.57837 21132.87773 8.1157 7010.1 15.282 20973.0 31.397 "" "" 0.0027866903045477014 0.0036588623 0.0041140676 0.00777293 258.82605564475 -39.45627873194 2688.41504 -0.43099999999999994 -1.382 0.88
258.74933212065 -39.57010919026 0.0246 0.0157 17.2011 "" "" 5972228823452610304 2094.91089 0.4335 0.0281 -0.626 -1.317 0.036 0.025 0.968 "" "" 14.92941 1.386502 15.542208 14.155705 "" "" 1987.06934 2234.55981 20099.3906 5.621 8289.6 11.959 17253.0 16.547 "" "" 0.0027720001733025352 0.00319976 0.00392021 0.0071199704 258.74933212065 -39.57010919026 2094.91089 -0.6259999999999998 -1.3169999999999997 0.84
259.45421388196 -39.59378661501 0.0235 0.0139 16.6371 "" "" 5972052798517223808 2140.08862 0.4296 0.0307 -0.349 -1.401 0.038 0.027 0.93 9227.7 3.3294 14.93677 1.687779 15.728903 14.041123 -170.97 12.89 2005.62378 2295.11792 19963.59883 5.1512 6980.0 9.3442 19174.0 14.76 "" "" 0.0027695260605589828 0.0031460563 0.0038706942 0.0070167505 259.45421388196 -39.59378661501 2140.08862 -0.349 -1.4009999999999998 0.91
259.28656499311 -39.64083276178 0.0247 0.0137 8.5012 "" "" 5972051630286192512 2424.41333 0.3821 0.0296 -0.525 -1.414 0.039 0.026 1.001 "" "" 14.942535 1.46735 15.60138 14.13403 "" "" 2268.68579 2593.21021 19857.87223 5.1936 7849.9 7.3027 17601.0 13.418 "" "" 0.00276991403658376 0.0029673646 0.003868956 0.0068363203 259.28656499311 -39.64083276178 2424.41333 -0.525 -1.4139999999999997 0.93
259.05510750065 -39.27302117049 0.0254 0.014 23.1725 "" "" 5972261946247018880 2223.38623 0.4091 0.0302 -0.27 -1.278 0.044 0.028 1.002 "" "" 14.945072 1.778529 15.795224 14.016695 256.34 7.86 2092.35742 2364.46143 19811.53032 5.5567 6566.4 10.436 19610.0 24.654 "" "" 0.0027720975811031355 0.0032806431 0.0040183286 0.0072989715 259.05510750065 -39.27302117049 2223.38623 -0.27000000000000013 -1.278 0.87
259.40782990367 -39.64585735256 0.0247 0.0147 14.0617 "" "" 5972051041819618560 2378.22412 0.3895 0.0323 -0.436 -1.444 0.041 0.033 1.036 "" "" 15.012507 1.444747 15.639442 14.194695 "" "" 2187.5144 2603.44824 18618.45572 6.6795 7579.5 20.55 16645.0 62.866 "" "" 0.0027827165927854077 0.004055921 0.0055766776 0.009632599 259.40782990367 -39.64585735256 2378.22412 -0.43599999999999994 -1.4439999999999995 0.84
258.80116867506 -39.43267015483 0.0261 0.0157 19.4389 "" "" 5972254039152341632 2750.06372 0.32 0.0301 -0.408 -1.418 0.039 0.026 0.997 "" "" 15.033861 1.789967 15.879312 14.089345 "" "" 2533.50366 2980.10278 18255.86232 6.2252 6077.0 10.286 18341.0 15.149 "" "" 0.00278008308717014 0.0033410024 0.0038843197 0.007225322 258.80116867506 -39.43267015483 2750.06372 -0.40800000000000003 -1.4180000000000001 0.93
259.38945857747 -39.63295547741 0.026 0.0151 13.2784 "" "" 5972051110539107072 2084.25391 0.4399 0.033 -0.482 -1.458 0.044 0.031 0.945 "" "" 15.066651 1.436514 15.702823 14.266309 "" "" 1940.56287 2209.54517 17712.75469 4.6928 7149.7 10.483 15582.0 12.804 "" "" 0.0027702949602260458 0.0032123616 0.0038832577 0.007095619 259.38945857747 -39.63295547741 2084.25391 -0.482 -1.458 0.88
258.69826971811 -39.54777679218 0.0253 0.0158 19.8679 "" "" 5972229716805928704 2340.41772 0.386 0.0289 -0.583 -1.43 0.038 0.026 0.964 6593.3 2.7528 15.088261 1.586399 15.817239 14.23084 154.53 7.18 2226.01318 2555.82178 17363.70503 6.5522 6434.6 10.005 16100.0 16.239 "" "" 0.002785614091889988 0.003261137 0.0039348435 0.0071959803 258.69826971811 -39.54777679218 2340.41772 -0.583 -1.4300000000000002 0.86
258.88892339626 -39.71637340735 0.0289 0.018 10.534 "" "" 5972212262055298688 2429.66431 0.3778 0.0314 -0.471 -1.472 0.04 0.028 1.006 9146.8 3.6187 15.144642 1.371288 15.749108 14.37782 "" "" 2247.37793 2638.59839 16485.04267 4.7574 6851.3 14.688 14061.0 16.103 "" "" 0.0027730787877437457 0.003633581 0.003978668 0.007612249 258.88892339626 -39.71637340735 2429.66431 -0.471 -1.472 0.91
259.42384195622 -39.67999111665 0.0273 0.0158 14.8427 "" "" 5972047812004181632 2282.91309 0.4037 0.0352 -0.396 -1.387 0.045 0.033 1.013 "" "" 15.144781 1.257257 15.684542 14.427284 "" "" 2097.23657 2461.28735 16482.93185 4.5495 7271.1 8.036 13435.0 11.504 "" "" 0.0027715691848362134 0.0030372576 0.0038920483 0.006929306 259.42384195622 -39.67999111665 2282.91309 -0.396 -1.387 0.92
258.96719135109 -39.29889928927 0.0282 0.0153 22.421 "" "" 5972262388569077120 2457.27222 0.3751 0.0343 -0.485 -1.463 0.044 0.03 0.977 "" "" 15.193053 2.012673 16.196915 14.184241 "" "" 2264.70044 2730.82446 15766.14316 8.3274 4535.8 11.457 16806.0 22.552 "" "" 0.0028143655754600447 0.00391231 0.0040504853 0.007962795 258.96719135109 -39.29889928927 2457.27222 -0.48499999999999976 -1.463 0.91
258.74579581196 -39.78932313929 0.0288 0.0177 18.3201 "" "" 5972222020223886080 2040.18835 0.4499 0.0318 -0.638 -1.465 0.041 0.028 0.991 "" "" 15.198159 1.141066 15.674095 14.53303 "" "" 1925.42981 2198.07886 15692.17641 4.4304 7341.4 10.528 12188.0 15.567 "" "" 0.0027723193968761045 0.0031952038 0.0040257657 0.0072209695 258.74579581196 -39.78932313929 2040.18835 -0.6380000000000001 -1.4650000000000003 0.85
