Clusters/UBC_410/UBC_410_stars_in_region.tsv
# %ECSV 1.0
# ---
# datatype:
# - name: RA_ICRS_1
#   unit: deg
#   datatype: float64
#   format: '{:15.11f}'
#   description: Right ascension (ICRS) at Ep=2016.0 (ra)
#   meta: !!omap
#   - {ucd: POS_EQ_RA_MAIN}
#   - {width: 15}
#   - {precision: '11'}
# - name: DE_ICRS_1
#   unit: deg
#   datatype: float64
#   format: '{:15.11f}'
#   description: Declination (ICRS) at Ep=2016.0 (dec)
#   meta: !!omap
#   - {ucd: POS_EQ_DEC_MAIN}
#   - {width: 15}
#   - {precision: '11'}
# - name: e_RA_ICRS
#   unit: mas
#   datatype: float64
#   format: '{:7.4f}'
#   description: Standard error of right ascension (ra_error)
#   meta: !!omap
#   - {ucd: ERROR}
#   - {width: 7}
#   - {precision: '4'}
# - name: e_DE_ICRS
#   unit: mas
#   datatype: float64
#   format: '{:7.4f}'
#   description: Standard error of declination (dec_error)
#   meta: !!omap
#   - {ucd: ERROR}
#   - {width: 7}
#   - {precision: '4'}
# - name: _r_1
#   unit: ''
#   datatype: float64
#   format: '{:7.4f}'
#   description: Distance from center (006.98061769000+62.90780184000)[ICRS], at Epoch=J2016.0
#   meta: !!omap
#   - {ucd: POS_ANG_DIST_GENERAL}
#   - {width: 7}
#   - {precision: '4'}
# - name: HIP
#   datatype: int32
#   description: '? HIP cross-id number, van Leeuwen, Cat. I/311 (hip_original_ext_source_id)'
#   meta: !!omap
#   - {ucd: ID_NUMBER}
#   - {width: 6}
#   - values: {'null': -2147483648}
# - name: TYC2
#   datatype: string
#   description: Tycho-2 cross-id name, Hog et al., Cat. I/259 (tyc2_original_ext_source_id)
#   meta: !!omap
#   - {ucd: ID_CROSSID}
#   - {_votable_string_dtype: char}
# - name: Source
#   datatype: int64
#   description: Source identifier, identical to the Gaia-EDR3 source_id (id)
#   meta: !!omap
#   - {ucd: ID_MAIN}
#   - {width: 19}
# - name: rgeo
#   unit: pc
#   datatype: float64
#   format: '{:15.8f}'
#   description: '? Median of the geometric distance posterior (r_med_geo)'
#   meta: !!omap
#   - {ucd: PHYS_DISTANCE_TRUE}
#   - {width: 15}
#   - {precision: '8'}
#   - values: {'null': .nan}
# - name: Plx
#   unit: mas
#   datatype: float64
#   format: '{:9.4f}'
#   description: '? Parallax (parallax)'
#   meta: !!omap
#   - {ucd: POS_PARLX_TRIG}
#   - {width: 9}
#   - {precision: '4'}
#   - values: {'null': .nan}
# - name: e_Plx
#   unit: mas
#   datatype: float32
#   format: '{:7.4f}'
#   description: '? Standard error of parallax (parallax_error)'
#   meta: !!omap
#   - {ucd: ERROR}
#   - {width: 7}
#   - {precision: '4'}
#   - values: {'null': .nan}
# - name: pmRA
#   unit: mas / yr
#   datatype: float64
#   format: '{:9.3f}'
#   description: '? Proper motion in right ascension direction, pmRA*cosDE (pmra)'
#   meta: !!omap
#   - {ucd: POS_EQ_PMRA}
#   - {width: 9}
#   - {precision: '3'}
#   - values: {'null': .nan}
# - name: pmDE
#   unit: mas / yr
#   datatype: float64
#   format: '{:9.3f}'
#   description: '? Proper motion in declination direction (pmdec)'
#   meta: !!omap
#   - {ucd: POS_EQ_PMDEC}
#   - {width: 9}
#   - {precision: '3'}
#   - values: {'null': .nan}
# - name: e_pmRA
#   unit: mas / yr
#   datatype: float32
#   format: '{:6.3f}'
#   description: '? Standard error of proper motion in right ascension direction (pmra_error)'
#   meta: !!omap
#   - {ucd: ERROR}
#   - {width: 6}
#   - {precision: '3'}
#   - values: {'null': .nan}
# - name: e_pmDE
[...]
#         unit: &id001 !astropy.units.Unit {unit: deg}
#         value: !astropy.table.SerializedColumn {name: SkyCoord.dec}
#       distance: !astropy.table.SerializedColumn
#         __class__: astropy.coordinates.distances.Distance
#         unit: !astropy.units.Unit {unit: pc}
#         value: !astropy.table.SerializedColumn {name: SkyCoord.distance}
#       frame: icrs
#       obstime: !astropy.time.Time {format: jyear_str, in_subfmt: '*', jd1: 367701545.0, jd2: 0.0, out_subfmt: '*', precision: 3, scale: tt}
#       pm_dec: !astropy.table.SerializedColumn
#         __class__: astropy.units.quantity.Quantity
#         unit: !astropy.units.Unit {unit: mas / yr}
#         value: !astropy.table.SerializedColumn {name: SkyCoord.pm_dec}
#       pm_ra_cosdec: !astropy.table.SerializedColumn
#         __class__: astropy.units.quantity.Quantity
#         unit: !astropy.units.Unit {unit: mas / yr}
#         value: !astropy.table.SerializedColumn {name: SkyCoord.pm_ra_cosdec}
#       ra: !astropy.table.SerializedColumn
#         __class__: astropy.coordinates.angles.Longitude
#         unit: *id001
#         value: !astropy.table.SerializedColumn {name: SkyCoord.ra}
#         wrap_angle: !astropy.coordinates.Angle
#           unit: *id001
#           value: 360.0
#       representation_type: spherical
# schema: astropy-2.0
RA_ICRS_1 DE_ICRS_1 e_RA_ICRS e_DE_ICRS _r_1 HIP TYC2 Source rgeo Plx e_Plx pmRA pmDE e_pmRA e_pmDE RUWE Teff logg Gmag BP-RP BPmag RPmag RV e_RV b_rgeo B_rgeo FG e_FG FBP e_FBP FRP e_FRP RAVE5 RAVE6 e_Gmag e_BPmag e_RPmag e_BP-RP SkyCoord.ra SkyCoord.dec SkyCoord.distance SkyCoord.pm_ra_cosdec SkyCoord.pm_dec
[from data line 569]
6.81002766114 63.06253523845 0.118 0.1307 10.383 "" "" 430946951081737216 2432.91846 0.6013 0.1709 -2.632 0.519 0.149 0.161 6.021 "" "" 15.715803 1.074822 16.023527 14.948706 "" "" 1682.3844 3264.43848 9741.49581 12.354 5321.2 9.7775 8311.4 8.8138 "" "" 0.0030802072230989943 0.0034300243 0.0039508697 0.007380894 6.81002766114 63.06253523845 2432.91846 -2.6320000000000006 0.519
6.91121147733 63.08854447871 0.0221 0.0225 11.0081 "" "" 430953037056223232 2895.70386 0.3203 0.0303 -4.741 -0.473 0.029 0.029 1.032 7365.5 3.9841 15.717093 1.353522 16.320131 14.966609 "" "" 2699.85522 3124.6936 9729.9249 2.8283 4049.2 8.5518 8175.5 8.9175 "" "" 0.0027733363085964626 0.003611524 0.003960585 0.007572109 6.91121147733 63.08854447871 2895.70386 -4.741 -0.47299999999999986
7.33247912952 63.18093236511 0.0225 0.0217 18.9774 "" "" 430974340095131776 2730.98047 0.3414 0.0286 -2.553 -1.701 0.031 0.03 1.001 7191.8 4.1934 15.725182 1.20713 16.2439 15.03677 "" "" 2507.65405 3003.12988 9657.71248 2.8964 4343.7 8.2083 7663.9 7.664 "" "" 0.002774493930614581 0.0034633214 0.003932249 0.00739557 7.33247912952 63.18093236511 2730.98047 -2.553 -1.7010000000000003
7.60534172691 62.77946616866 0.0241 0.0236 18.7611 "" "" 430751963869569792 2318.21655 0.4092 0.0313 -2.076 -1.429 0.028 0.031 0.982 6633.7 4.1747 15.726055 1.36163 16.332804 14.971174 "" "" 2138.14673 2485.75537 9649.9378 3.0805 4002.2 9.1882 8141.2 10.402 "" "" 0.002777033809990435 0.0037414166 0.0040259375 0.007767354 7.60534172691 62.77946616866 2318.21655 -2.0760000000000005 -1.4290000000000003
6.44884456874 62.94270033431 0.0246 0.0253 14.6724 "" "" 430581780085446784 2394.20093 0.3912 0.0328 -3.51 -1.87 0.031 0.036 1.083 7865.0 3.5762 15.729389 1.242079 16.265581 15.023502 "" "" 2222.93042 2537.18408 9620.35165 3.3715 4257.8 9.7708 7758.1 10.965 "" "" 0.0027814691962283794 0.0037407028 0.004079036 0.007819738 6.44884456874 62.94270033431 2394.20093 -3.51 -1.87
7.79551187564 62.96957137212 0.0235 0.0239 22.5503 "" "" 430781100928901376 2193.73486 0.4386 0.033 -1.461 -0.375 0.029 0.032 1.008 "" "" 15.733049 1.178688 16.239563 15.060875 "" "" 2060.4668 2375.47144 9587.97659 3.8838 4361.1 11.089 7495.6 12.073 "" "" 0.0027901993703138036 0.0039251195 0.004164364 0.008089484 7.79551187564 62.96957137212 2193.73486 -1.461 -0.37500000000000006
7.52611176262 62.83054646017 0.0237 0.023 15.6287 "" "" 430758148622447360 2890.84473 0.3263 0.0302 -1.973 -0.816 0.027 0.03 0.979 8133.4 3.5385 15.734745 1.23792 16.266624 15.028705 "" "" 2702.21704 3135.64526 9573.01602 2.9365 4253.7 10.367 7721.0 12.694 "" "" 0.0027753755990752318 0.0038453909 0.004179727 0.008025117 7.52611176262 62.83054646017 2890.84473 -1.9730000000000003 -0.8160000000000001
7.37418163736 63.03486613063 0.024 0.0223 13.1634 "" "" 430949738521459840 2817.56885 0.3298 0.0306 -2.921 -0.617 0.029 0.032 0.934 8618.3 4.2384 15.739148 0.85382 16.07459 15.220771 "" "" 2602.05127 3029.74243 9534.27337 2.9558 5076.7 9.3179 6469.2 11.258 "" "" 0.002775803979624612 0.0034287383 0.0042253686 0.007654107 7.37418163736 63.03486613063 2817.56885 -2.921 -0.617
7.12657785361 63.07903501379 0.0221 0.023 11.0168 "" "" 430950666234315264 2231.8103 0.4158 0.0307 0.568 -0.671 0.029 0.033 0.919 7167.6 3.9183 15.739251 1.356035 16.340328 14.984293 "" "" 2111.22729 2424.80225 9533.36907 2.7233 3974.5 8.9885 8043.4 10.149 "" "" 0.002772721249741119 0.0037167491 0.0040200143 0.0077367635 7.12657785361 63.07903501379 2231.8103 0.5679999999999998 -0.6709999999999999
6.77550733967 62.75369431985 0.0228 0.0261 10.8201 "" "" 430566421282068352 2220.31616 0.4215 0.03 -1.109 -0.364 0.027 0.033 0.947 4861.9 3.4479 15.739457 1.62604 16.504147 14.878107 "" "" 2095.06909 2367.01465 9531.55744 2.9142 3417.9 9.0181 8869.8 15.255 "" "" 0.0027752448231826423 0.0039989483 0.004215528 0.008214476 6.77550733967 62.75369431985 2220.31616 -1.1089999999999998 -0.364
7.77554750383 62.94365223441 0.0243 0.025 21.8147 "" "" 430757564507025152 2781.69189 0.3374 0.0331 -3.591 -0.677 0.03 0.034 1.033 8191.1 4.3794 15.739923 0.926755 16.114883 15.188128 "" "" 2482.75562 3075.30176 9527.47325 2.8553 4891.7 12.301 6666.6 10.31 "" "" 0.002774466648067815 0.003903767 0.004135593 0.00803936 7.77554750383 62.94365223441 2781.69189 -3.5910000000000006 -0.677
6.61251073974 62.84818476468 0.0212 0.0215 10.6854 "" "" 430580062098115584 2923.28809 0.3127 0.0283 -3.192 -1.149 0.027 0.029 1.054 9608.8 4.3667 15.740088 0.883412 16.088818 15.205405 "" "" 2694.47046 3187.62158 9526.01487 3.1797 5010.6 9.6651 6561.4 10.213 "" "" 0.002779051961946107 0.003488722 0.004140019 0.0076287407 6.61251073974 62.84818476468 2923.28809 -3.1920000000000006 -1.149
7.00298816198 62.91864034985 0.0236 0.0224 0.8924 "" "" 430944893798428032 2483.37158 0.3868 0.0308 -3.134 -1.073 0.028 0.029 1.011 9077.3 4.243 15.741506 0.934159 16.111221 15.177062 "" "" 2242.72632 2703.69312 9513.59171 2.9699 4908.3 12.734 6734.9 15.364 "" "" 0.002776088808782875 0.0039647804 0.004518678 0.008483458 7.00298816198 62.91864034985 2483.37158 -3.1340000000000003 -1.0730000000000002
6.31538791106 63.12632530234 0.0238 0.0229 22.3578 "" "" 430963482416566656 2498.97852 0.3785 0.0322 -1.537 -3.444 0.032 0.032 0.957 7372.4 4.1782 15.741742 1.143428 16.22696 15.083531 "" "" 2309.27222 2690.41064 9511.51787 2.7374 4412.0 8.4746 7340.8 9.4853 "" "" 0.0027729819503230246 0.0034834342 0.004031365 0.007514799 6.31538791106 63.12632530234 2498.97852 -1.537 -3.444
7.66897264267 62.80321931768 0.0239 0.0266 19.8604 "" "" 430754987526701696 2623.4707 0.3549 0.0326 -3.302 1.403 0.029 0.035 0.973 5712.3 4.1013 15.742504 1.455015 16.401234 14.946219 "" "" 2445.83569 2877.51514 9504.85007 3.2945 3757.7 9.9049 8330.5 10.054 "" "" 0.002780901561081146 0.0039969287 0.004000098 0.007997027 7.66897264267 62.80321931768 2623.4707 -3.302 1.403
6.51205735834 62.81357801584 0.0209 0.022 14.015 "" "" 430579271824148992 2662.59229 0.3535 0.0278 -1.663 -0.601 0.027 0.031 0.971 9240.9 3.9754 15.742927 0.879169 16.093513 15.214344 "" "" 2465.89185 2888.22217 9501.14629 2.8518 4989.0 10.112 6507.6 9.4885 "" "" 0.0027745255257239547 0.0035535672 0.004097542 0.0076511092 6.51205735834 62.81357801584 2662.59229 -1.663 -0.601
6.61233415175 63.2211137573 0.023 0.0218 21.2975 "" "" 430966471713746816 2368.66504 0.3957 0.0321 -0.829 -1.128 0.033 0.03 0.941 6245.7 3.8372 15.751548 1.522766 16.451365 14.928598 "" "" 2194.22949 2586.48218 9426.00441 3.0753 3588.2 8.5635 8466.8 10.709 "" "" 0.002777997050931513 0.0038077952 0.0040211417 0.007828937 6.61233415175 63.2211137573 2368.66504 -0.829 -1.128
7.5305876984 63.07355068825 0.0241 0.0263 17.9852 "" "" 430785533334999424 2429.68774 0.3894 0.0337 -1.961 -0.35 0.031 0.042 0.969 8140.7 4.2959 15.755353 1.208463 16.274122 15.06566 "" "" 2251.44751 2704.98022 9393.02598 2.9549 4224.4 11.387 7462.7 11.705 "" "" 0.002776409499825927 0.0040435432 0.004145327 0.00818887 7.5305876984 63.07355068825 2429.68774 -1.9609999999999999 -0.35
6.38661147398 62.6421468725 0.0205 0.0239 22.8014 "" "" 430570372651803008 2883.03906 0.3234 0.028 -3.223 -1.19 0.026 0.034 0.992 7419.0 4.1825 15.75601 0.903383 16.118727 15.215343 "" "" 2674.03857 3158.78833 9387.34739 3.0883 4874.5 10.714 6501.6 8.0221 "" "" 0.0027783763300134236 0.003671515 0.0040097875 0.0076813027 6.38661147398 62.6421468725 2883.03906 -3.2229999999999994 -1.19
6.96685512423 63.23385980332 0.0228 0.0245 19.5671 "" "" 430978909940283136 2502.65039 0.3735 0.0336 0.091 -0.072 0.033 0.033 1.065 7442.3 4.1254 15.757227 1.146814 16.240316 15.093502 "" "" 2302.76099 2713.89087 9376.82546 4.0761 4358.0 11.535 7273.7 11.581 "" "" 0.002795450581289101 0.0040054596 0.0041559674 0.008161427 6.96685512423 63.23385980332 2502.65039 0.091 -0.07200000000000001
6.49079906242 62.7529191254 0.022 0.023 16.3233 "" "" 430572846553115776 2816.97266 0.3201 0.0299 -0.551 0.259 0.028 0.032 0.965 6508.8 3.707 15.760769 2.053089 16.803368 14.750278 "" "" 2618.31567 3053.09839 9346.29116 3.1957 2594.6 7.7486 9978.1 9.6963 "" "" 0.0027802169245164446 0.0042776996 0.0039238892 0.008201589 6.49079906242 62.7529191254 2816.97266 -0.5509999999999999 0.259
6.79680679277 63.2595145219 0.022 0.0236 21.6853 "" "" 430967502505885440 2801.72559 0.3264 0.0322 -2.581 1.027 0.032 0.031 0.979 "" "" 15.761235 1.93099 16.724222 14.793232 "" "" 2542.28662 3073.43311 9342.27121 3.3382 2790.8 7.6227 9591.0 9.0127 "" "" 0.0027824989572118224 0.0040717935 0.0039146747 0.007986468 6.79680679277 63.2595145219 2801.72559 -2.581 1.027
6.94598439218 63.26197086839 0.0215 0.0224 21.2709 "" "" 430979047379220352 2624.40942 0.3478 0.0308 -2.894 -0.395 0.032 0.03 0.987 8232.6 3.6382 15.763559 1.032522 16.186657 15.154135 "" "" 2432.91309 2833.07861 9322.29831 2.8402 4578.8 12.06 6878.7 8.7537 "" "" 0.002775105465830433 0.0039953613 0.004024026 0.008019388 6.94598439218 63.26197086839 2624.40942 -2.894 -0.39499999999999985
7.16133572188 62.72059973499 0.0215 0.0221 12.2761 "" "" 430563191466742144 2145.27563 0.4375 0.029 -3.643 -0.412 0.025 0.029 1.07 7631.0 4.4132 15.763967 0.997374 16.171696 15.174322 "" "" 2014.7179 2289.46045 9318.79712 3.5205 4642.4 10.95 6752.0 10.099 "" "" 0.0027856835107338785 0.0037872624 0.0041135037 0.007900766 7.16133572188 62.72059973499 2145.27563 -3.6429999999999993 -0.4119999999999998
7.07315701239 63.21095764533 0.0216 0.0253 18.3625 "" "" 430977982227368320 3039.47803 0.3105 0.031 -3.708 -0.532 0.03 0.038 0.988 9386.8 3.8102 15.767701 1.002402 16.17439 15.171988 "" "" 2777.44849 3430.89526 9286.80231 3.0368 4630.8 13.855 6766.5 9.3708 "" "" 0.002778100261399133 0.0042822203 0.004067504 0.008349724 7.07315701239 63.21095764533 3039.47803 -3.708 -0.5320000000000001
7.6411011803 62.82111260736 0.0241 0.0245 18.8081 "" "" 430755056246504704 3035.29077 0.3025 0.0313 -2.414 -0.671 0.028 0.033 1.009 9424.7 4.077 15.768861 0.840776 16.099747 15.25897 "" "" 2800.3833 3370.71558 9276.89046 3.2829 4960.4 11.203 6245.5 8.1522 "" "" 0.0027819802504307524 0.003714559 0.0040363586 0.007750917 7.6411011803 62.82111260736 3035.29077 -2.414 -0.671
7.14229232778 62.87692357085 0.0239 0.0224 4.7927 "" "" 430941698342807424 2522.25562 0.3734 0.0307 -4.059 -1.862 0.029 0.029 0.971 7051.3 4.1998 15.768916 1.225421 16.294357 15.068936 "" "" 2346.45972 2725.14673 9276.41853 2.9014 4146.4 10.486 7440.2 12.811 "" "" 0.0027761680465514423 0.0039146217 0.004216481 0.008131103 7.14229232778 62.87692357085 2522.25562 -4.059000000000001 -1.8619999999999999
6.29607274591 63.07335040417 0.0232 0.0236 21.1324 "" "" 430961455195342976 2315.47583 0.4027 0.0325 0.868 -0.382 0.029 0.032 1.024 7478.3 4.2307 15.769279 1.077589 16.220484 15.142895 "" "" 2171.68604 2491.9502 9273.31037 3.0709 4438.4 8.108 6950.2 8.4748 "" "" 0.002778680108949443 0.0034232948 0.0040045534 0.007427848 6.29607274591 63.07335040417 2315.47583 0.868 -0.38200000000000006
7.5809131917 62.6796994424 0.0209 0.0232 21.4119 "" "" 430749760542539776 2256.74414 0.405 0.0289 -3.415 -1.535 0.026 0.031 0.993 5751.8 3.5991 15.771815 1.482106 16.448284 14.966178 "" "" 2109.09546 2424.50269 9251.6805 2.8698 3598.3 6.1914 8178.7 12.758 "" "" 0.0027758268831038005 0.0033578412 0.004141517 0.007499358 7.5809131917 62.6796994424 2256.74414 -3.415 -1.5350000000000001
6.67330056539 62.65032424312 0.0209 0.0247 17.6011 "" "" 430571128566318208 2576.37695 0.362 0.0297 -1.932 -0.933 0.027 0.032 0.969 5533.2 4.185 15.773993 1.167396 16.271479 15.104083 "" "" 2405.40625 2726.15454 9233.1397 2.9062 4234.7 8.0149 7203.2 13.155 "" "" 0.0027764326201398302 0.003465233 0.0042679524 0.0077331853 6.67330056539 62.65032424312 2576.37695 -1.9320000000000004 -0.9330000000000002
7.53776924204 62.70775907486 0.0226 0.0239 19.4274 "" "" 430749867925564288 2362.06494 0.3921 0.0307 -2.737 -1.833 0.03 0.033 1.021 6722.5 3.9722 15.775314 1.298301 16.345613 15.047313 "" "" 2228.02612 2550.68311 9221.91298 2.9916 3955.2 10.411 7589.8 8.3973 "" "" 0.0027777408484266036 0.0039940816 0.003965694 0.007959776 7.53776924204 62.70775907486 2362.06494 -2.737 -1.8330000000000002
7.30383747502 62.80542605904 0.0232 0.0243 10.7708 "" "" 430940392672793728 2683.19556 0.3403 0.0322 -1.782 0.66 0.028 0.035 0.994 7712.4 3.8276 15.777539 1.147194 16.265646 15.118452 "" "" 2464.28271 2997.98169 9203.03177 2.7731 4257.5 10.088 7108.5 7.8768 "" "" 0.002774675191690038 0.0037951805 0.00396625 0.0077614305 7.30383747502 62.80542605904 2683.19556 -1.7820000000000003 0.6600000000000001
7.06397850152 62.77352621291 0.0225 0.0231 8.3738 "" "" 430564256618939648 2419.979 0.3881 0.0305 -1.823 -0.889 0.027 0.031 1.009 7301.1 3.9914 15.779971 1.134542 16.256416 15.121875 "" "" 2249.57324 2608.29199 9182.44254 3.2391 4293.9 12.365 7086.1 8.8355 "" "" 0.0027818110606362585 0.004190515 0.0040145298 0.008205045 7.06397850152 62.77352621291 2419.979 -1.8230000000000002 -0.8890000000000001
7.61117015877 62.8162876274 0.0239 0.0243 18.1094 "" "" 430757908104291200 3005.30811 0.309 0.0316 -2.048 -0.987 0.027 0.031 0.968 7132.8 4.0407 15.780328 1.284471 16.341728 15.057258 "" "" 2712.2417 3317.97705 9179.4294 2.9757 3969.4 10.344 7520.6 13.32 "" "" 0.002777709087515955 0.0039737034 0.004240472 0.008214176 7.61117015877 62.8162876274 3005.30811 -2.048 -0.9870000000000001
7.11876349464 62.89551498857 0.0245 0.0225 3.847 "" "" 430941904501222528 2480.11523 0.3788 0.031 -2.776 -0.804 0.029 0.029 0.951 9197.3 4.3335 15.781737 0.984262 16.182873 15.198611 "" "" 2312.14648 2661.19995 9167.51725 2.8369 4594.8 13.046 6602.6 14.249 "" "" 0.0027757293829722605 0.004157915 0.0044467873 0.008604702 7.11876349464 62.89551498857 2480.11523 -2.776 -0.804
6.97592637818 62.59967509995 0.0205 0.022 18.4881 "" "" 430555529245181440 2871.99805 0.3238 0.028 -1.652 -0.091 0.026 0.029 1.026 7971.8 3.8337 15.785585 0.926416 16.160217 15.233801 "" "" 2680.48193 3139.06934 9135.08632 2.5779 4691.7 8.6268 6392.0 8.4461 "" "" 0.0027723032996336424 0.0034308296 0.004042515 0.007473345 6.97592637818 62.59967509995 2871.99805 -1.652 -0.091
6.34432074601 63.10657980361 0.0251 0.0234 21.0357 "" "" 430961249033600640 2407.53198 0.3937 0.0337 -2.573 -0.787 0.033 0.032 0.974 7540.1 4.1596 15.786609 1.183899 16.288395 15.104496 "" "" 2259.25171 2577.7002 9126.47842 2.8171 4169.3 9.0838 7200.5 8.722 "" "" 0.0027756272643161876 0.003657976 0.0040016705 0.0076596467 6.34432074601 63.10657980361 2407.53198 -2.573 -0.7870000000000001
6.31034574349 63.05178952184 0.0228 0.024 20.2099 "" "" 430961416528417792 2821.68335 0.3288 0.0319 -3.053 -0.629 0.029 0.032 0.994 7997.7 3.9045 15.788013 0.798306 16.10195 15.303644 "" "" 2582.78052 3144.03638 9114.68976 3.1043 4950.4 10.47 5993.8 8.4873 "" "" 0.0027800230821042305 0.0036135984 0.00408012 0.007693718 6.31034574349 63.05178952184 2821.68335 -3.053 -0.6290000000000002
6.47244484565 62.94427361156 0.024 0.023 14.0488 "" "" 430581780084981504 2726.08667 0.3406 0.031 -3.18 -0.746 0.03 0.033 1.013 9290.0 4.1785 15.789685 0.869907 16.138657 15.268749 "" "" 2538.94019 2947.92554 9100.65612 3.0321 4785.8 13.266 6189.5 11.365 "" "" 0.0027789646235646544 0.004103996 0.004272958 0.008376954 6.47244484565 62.94427361156 2726.08667 -3.18 -0.746
7.10496976076 63.20578259214 0.0239 0.0274 18.1957 "" "" 430977913507896576 2760.39941 0.3457 0.0351 -3.179 -0.65 0.034 0.041 1.117 9334.4 4.031 15.791166 0.922524 16.160568 15.238045 "" "" 2539.5896 3084.99243 9088.25061 2.7767 4690.2 8.4449 6367.1 9.5619 "" "" 0.002775216789247902 0.0034068655 0.0041161063 0.007522972 7.10496976076 63.20578259214 2760.39941 -3.179 -0.6499999999999999
7.11536191547 62.90913835721 0.0236 0.0227 3.6827 "" "" 430941938860949248 2331.1731 0.4086 0.0312 -3.289 -0.688 0.027 0.029 1.014 9166.8 4.2114 15.793804 0.966158 16.184254 15.218096 "" "" 2186.04907 2513.2937 9066.19425 3.0576 4589.0 13.714 6485.1 11.332 "" "" 0.0027795445933879045 0.00427936 0.004228843 0.008508204 7.11536191547 62.90913835721 2331.1731 -3.2889999999999997 -0.6879999999999998
