Clusters/UBC_410/UBC_410_stars_in_region.tsv
# %ECSV 1.0
# ---
# datatype:
# - name: RA_ICRS_1
#   unit: deg
#   datatype: float64
#   format: '{:15.11f}'
#   description: Right ascension (ICRS) at Ep=2016.0 (ra)
#   meta: !!omap
#   - {ucd: POS_EQ_RA_MAIN}
#   - {width: 15}
#   - {precision: '11'}
# - name: DE_ICRS_1
#   unit: deg
#   datatype: float64
#   format: '{:15.11f}'
#   description: Declination (ICRS) at Ep=2016.0 (dec)
#   meta: !!omap
#   - {ucd: POS_EQ_DEC_MAIN}
#   - {width: 15}
#   - {precision: '11'}
# - name: e_RA_ICRS
#   unit: mas
#   datatype: float64
#   format: '{:7.4f}'
#   description: Standard error of right ascension (ra_error)
#   meta: !!omap
#   - {ucd: ERROR}
#   - {width: 7}
#   - {precision: '4'}
# - name: e_DE_ICRS
#   unit: mas
#   datatype: float64
#   format: '{:7.4f}'
#   description: Standard error of declination (dec_error)
#   meta: !!omap
#   - {ucd: ERROR}
#   - {width: 7}
#   - {precision: '4'}
# - name: _r_1
#   unit: ''
#   datatype: float64
#   format: '{:7.4f}'
#   description: Distance from center (006.98061769000+62.90780184000)[ICRS], at Epoch=J2016.0
#   meta: !!omap
#   - {ucd: POS_ANG_DIST_GENERAL}
#   - {width: 7}
#   - {precision: '4'}
# - name: HIP
#   datatype: int32
#   description: '? HIP cross-id number, van Leeuwen, Cat. I/311 (hip_original_ext_source_id)'
#   meta: !!omap
#   - {ucd: ID_NUMBER}
#   - {width: 6}
#   - values: {'null': -2147483648}
# - name: TYC2
#   datatype: string
#   description: Tycho-2 cross-id name, Hog et al., Cat. I/259 (tyc2_original_ext_source_id)
#   meta: !!omap
#   - {ucd: ID_CROSSID}
#   - {_votable_string_dtype: char}
# - name: Source
#   datatype: int64
#   description: Source identifier, identical to the Gaia-EDR3 source_id (id)
#   meta: !!omap
#   - {ucd: ID_MAIN}
#   - {width: 19}
# - name: rgeo
#   unit: pc
#   datatype: float64
#   format: '{:15.8f}'
#   description: '? Median of the geometric distance posterior (r_med_geo)'
#   meta: !!omap
#   - {ucd: PHYS_DISTANCE_TRUE}
#   - {width: 15}
#   - {precision: '8'}
#   - values: {'null': .nan}
# - name: Plx
#   unit: mas
#   datatype: float64
#   format: '{:9.4f}'
#   description: '? Parallax (parallax)'
#   meta: !!omap
#   - {ucd: POS_PARLX_TRIG}
#   - {width: 9}
#   - {precision: '4'}
#   - values: {'null': .nan}
# - name: e_Plx
#   unit: mas
#   datatype: float32
#   format: '{:7.4f}'
#   description: '? Standard error of parallax (parallax_error)'
#   meta: !!omap
#   - {ucd: ERROR}
#   - {width: 7}
#   - {precision: '4'}
#   - values: {'null': .nan}
# - name: pmRA
#   unit: mas / yr
#   datatype: float64
#   format: '{:9.3f}'
#   description: '? Proper motion in right ascension direction, pmRA*cosDE (pmra)'
#   meta: !!omap
#   - {ucd: POS_EQ_PMRA}
#   - {width: 9}
#   - {precision: '3'}
#   - values: {'null': .nan}
# - name: pmDE
#   unit: mas / yr
#   datatype: float64
#   format: '{:9.3f}'
#   description: '? Proper motion in declination direction (pmdec)'
#   meta: !!omap
#   - {ucd: POS_EQ_PMDEC}
#   - {width: 9}
#   - {precision: '3'}
#   - values: {'null': .nan}
# - name: e_pmRA
#   unit: mas / yr
#   datatype: float32
#   format: '{:6.3f}'
#   description: '? Standard error of proper motion in right ascension direction (pmra_error)'
#   meta: !!omap
#   - {ucd: ERROR}
#   - {width: 6}
#   - {precision: '3'}
#   - values: {'null': .nan}
# - name: e_pmDE
[...]
#         unit: &id001 !astropy.units.Unit {unit: deg}
#         value: !astropy.table.SerializedColumn {name: SkyCoord.dec}
#       distance: !astropy.table.SerializedColumn
#         __class__: astropy.coordinates.distances.Distance
#         unit: !astropy.units.Unit {unit: pc}
#         value: !astropy.table.SerializedColumn {name: SkyCoord.distance}
#       frame: icrs
#       obstime: !astropy.time.Time {format: jyear_str, in_subfmt: '*', jd1: 367701545.0, jd2: 0.0, out_subfmt: '*', precision: 3, scale: tt}
#       pm_dec: !astropy.table.SerializedColumn
#         __class__: astropy.units.quantity.Quantity
#         unit: !astropy.units.Unit {unit: mas / yr}
#         value: !astropy.table.SerializedColumn {name: SkyCoord.pm_dec}
#       pm_ra_cosdec: !astropy.table.SerializedColumn
#         __class__: astropy.units.quantity.Quantity
#         unit: !astropy.units.Unit {unit: mas / yr}
#         value: !astropy.table.SerializedColumn {name: SkyCoord.pm_ra_cosdec}
#       ra: !astropy.table.SerializedColumn
#         __class__: astropy.coordinates.angles.Longitude
#         unit: *id001
#         value: !astropy.table.SerializedColumn {name: SkyCoord.ra}
#         wrap_angle: !astropy.coordinates.Angle
#           unit: *id001
#           value: 360.0
#       representation_type: spherical
# schema: astropy-2.0
RA_ICRS_1 DE_ICRS_1 e_RA_ICRS e_DE_ICRS _r_1 HIP TYC2 Source rgeo Plx e_Plx pmRA pmDE e_pmRA e_pmDE RUWE Teff logg Gmag BP-RP BPmag RPmag RV e_RV b_rgeo B_rgeo FG e_FG FBP e_FBP FRP e_FRP RAVE5 RAVE6 e_Gmag e_BPmag e_RPmag e_BP-RP SkyCoord.ra SkyCoord.dec SkyCoord.distance SkyCoord.pm_ra_cosdec SkyCoord.pm_dec
[from data line 1022]
7.3499793539 63.16926913948 0.0334 0.0306 18.6299 "" "" 430974133936707840 2344.49609 0.4079 0.0434 -2.196 0.319 0.045 0.043 0.956 7026.6 4.2782 16.42036 1.329278 17.005829 15.676551 "" "" 2138.41846 2589.98145 5090.99533 2.2531 2153.2 6.6943 4251.5 7.7179 "" "" 0.00279690523278755 0.0043794313 0.004262449 0.00864188 7.3499793539 63.16926913948 2344.49609 -2.196 0.31899999999999995
6.93147481411 62.88872951044 0.0319 0.0306 1.7646 "" "" 430943450689588864 2691.65576 0.3473 0.0422 -2.165 -0.251 0.038 0.041 0.974 7565.5 4.4146 16.420927 1.131497 16.898735 15.767238 "" "" 2432.98364 3043.85889 5088.33814 2.2258 2376.4 7.8202 3910.8 8.9915 "" "" 0.002795952960040508 0.0045332955 0.0045293565 0.009062652 6.93147481411 62.88872951044 2691.65576 -2.1649999999999996 -0.25100000000000006
7.09297454335 62.87278974205 0.0329 0.0309 3.7216 "" "" 430941767062282240 2445.0271 0.3872 0.0422 -5.54 -2.689 0.039 0.039 0.958 6367.8 4.1862 16.4225 1.333582 17.010847 15.677265 "" "" 2204.14209 2807.10498 5080.97197 2.2515 2143.3 6.6903 4248.7 7.3182 "" "" 0.002797009404038436 0.0043898956 0.004216767 0.008606663 7.09297454335 62.87278974205 2445.0271 -5.539999999999999 -2.6890000000000005
7.43666732907 62.73279641995 0.0305 0.0312 16.3242 "" "" 430750864357957248 2997.50903 0.3002 0.0408 -3.791 -0.356 0.04 0.046 1.054 5108.8 3.6162 16.423018 1.928744 17.382103 15.453359 "" "" 2684.41479 3410.72192 5078.55183 2.2808 1522.6 7.047 5221.7 14.233 "" "" 0.002798133640503761 0.005747734 0.0048002065 0.010547941 7.43666732907 62.73279641995 2997.50903 -3.7910000000000004 -0.356
7.49482343147 63.20107132004 0.0328 0.0323 22.4739 "" "" 430788385193138560 2646.97925 0.3579 0.0425 -3.862 -1.902 0.044 0.045 0.982 7238.5 4.3808 16.423813 1.225999 16.956064 15.730065 "" "" 2440.4895 2930.97485 5074.83494 2.3693 2254.2 8.5994 4047.0 8.5646 "" "" 0.0028015597764234662 0.004994038 0.0044230386 0.009417077 7.49482343147 63.20107132004 2646.97925 -3.8619999999999997 -1.9019999999999995
6.87984474756 62.93929288737 0.0338 0.0341 3.3384 "" "" 430945890230802688 2725.19434 0.3529 0.0451 -3.935 0.473 0.041 0.044 1.065 5369.2 4.298 16.425098 1.30077 16.986685 15.685915 "" "" 2371.40137 3169.16113 5068.82307 2.6878 2191.5 7.7006 4214.9 11.538 "" "" 0.002814826312047199 0.004726535 0.0048080427 0.009534578 6.87984474756 62.93929288737 2725.19434 -3.935 0.473
6.46975227491 62.6461681103 0.0298 0.0325 21.0484 "" "" 430570613170218496 2333.53296 0.4121 0.0403 0.202 -1.13 0.038 0.047 0.997 5919.8 4.4685 16.425137 1.084827 16.88071 15.795883 "" "" 2124.20483 2582.76562 5068.64559 2.2118 2416.2 11.895 3808.9 9.517 "" "" 0.0027957572258650856 0.006029523 0.0046522305 0.010681754 6.46975227491 62.6461681103 2333.53296 0.202 -1.1299999999999997
7.34564785259 63.2176886104 0.031 0.0297 21.0748 "" "" 430975989362555648 2325.24268 0.4216 0.0396 -2.741 -0.755 0.043 0.042 0.98 6029.6 4.3516 16.427216 1.282604 16.985622 15.703018 "" "" 2077.03882 2561.79395 5058.95138 2.1859 2193.7 7.067 4149.1 7.6356 "" "" 0.0027949728503247227 0.004474252 0.0042750514 0.008749303 7.34564785259 63.2176886104 2325.24268 -2.7409999999999997 -0.7550000000000001
7.72863844197 63.00705580146 0.0344 0.0346 21.2565 "" "" 430781410166500224 2436.71362 0.3843 0.0463 -4.563 -4.003 0.042 0.044 1.039 6601.8 4.3156 16.428177 1.559809 17.151073 15.591265 "" "" 2202.2688 2775.18188 5054.47814 2.5165 1883.6 7.3987 4598.9 10.295 "" "" 0.002807845412605373 0.0050963643 0.0044934493 0.009589814 7.72863844197 63.00705580146 2436.71362 -4.562999999999999 -4.003
7.31428800357 62.62051130368 0.0292 0.0322 19.5211 "" "" 430374625222505216 2947.28125 0.317 0.0408 -1.529 -1.014 0.038 0.043 1.048 9511.1 4.2464 16.430813 1.196512 16.941036 15.744524 "" "" 2669.58105 3360.23438 5042.22218 1.9925 2285.6 7.9555 3993.5 9.9109 "" "" 0.0027885241847832153 0.0046975366 0.0046415776 0.009339115 7.31428800357 62.62051130368 2947.28125 -1.5289999999999997 -1.0140000000000002
6.21579708925 62.87727425805 0.0304 0.0361 20.9899 "" "" 430583150168082048 2384.00098 0.396 0.0412 0.638 0.336 0.042 0.05 0.972 7212.1 4.3225 16.434687 1.309924 17.010395 15.700471 "" "" 2191.00879 2650.72803 5024.25847 2.1887 2144.2 7.2348 4158.8 8.7257 "" "" 0.0027956207056908746 0.004604956 0.0044128313 0.009017788 6.21579708925 62.87727425805 2384.00098 0.638 0.3360000000000001
6.64694863964 62.57137768898 0.0296 0.0324 22.1706 "" "" 430569341859994752 2731.39941 0.3436 0.0391 -2.702 -0.985 0.037 0.045 1.039 8021.4 4.2262 16.435297 1.148447 16.922764 15.774317 "" "" 2475.91406 3021.09058 5021.43592 2.1866 2324.4 6.6175 3885.4 7.1863 "" "" 0.002795588872488913 0.0041640964 0.0042797606 0.008443857 6.64694863964 62.57137768898 2731.39941 -2.7020000000000004 -0.985
6.62754295538 63.05182657166 0.0547 0.0674 12.9344 "" "" 430958465885323008 2986.93677 0.3601 0.0805 0.614 -0.205 0.068 0.084 1.941 "" "" 16.435316 1.561927 17.018366 15.456439 "" "" 2372.69189 3663.05542 5021.34378 5.5794 2128.5 13.543 5206.9 41.318 "" "" 0.003007855359947063 0.007450397 0.009408076 0.016858473 6.62754295538 63.05182657166 2986.93677 0.6140000000000001 -0.205
6.98484845321 62.57624169541 0.0282 0.0296 19.8939 "" "" 430555494885464960 2928.83594 0.3136 0.038 -1.277 -1.115 0.036 0.04 1.033 9271.8 4.0585 16.435698 1.265233 16.983137 15.717904 "" "" 2631.46704 3314.44312 5019.58747 2.912 2198.7 8.8454 4092.6 7.9635 "" "" 0.002826396927432552 0.005183037 0.004329786 0.009512823 6.98484845321 62.57624169541 2928.83594 -1.2770000000000001 -1.1150000000000002
6.792737308 63.23660324861 0.0322 0.0351 20.3779 "" "" 430967365066949760 2441.50952 0.3948 0.0465 -3.256 -0.956 0.044 0.048 1.035 7302.3 4.3962 16.441517 1.367731 17.04753 15.679798 "" "" 2211.26294 2711.04297 4992.7554 2.3534 2072.1 7.4939 4238.8 9.2063 "" "" 0.0028024460556151753 0.0048170094 0.0044547133 0.009271722 6.792737308 63.23660324861 2441.50952 -3.2560000000000002 -0.9560000000000001
6.69095733516 63.06580380974 0.0316 0.0318 12.3363 "" "" 430958843852004608 2251.49316 0.4348 0.0441 1.377 -2.109 0.041 0.042 0.928 4962.1 4.2103 16.441795 1.680673 17.242825 15.562152 "" "" 2039.97668 2482.77637 4991.46889 2.1565 1731.0 6.8344 4723.9 7.9018 "" "" 0.002794964030115304 0.005114805 0.004193101 0.009307906 6.69095733516 63.06580380974 2251.49316 1.377 -2.109
7.34700218053 63.09065781609 0.0935 0.092 14.8316 "" "" 430973446741957376 2348.06738 0.4791 0.1249 -3.334 -0.678 0.125 0.139 3.529 7468.6 4.2045 16.443577 1.179302 16.853855 15.674553 "" "" 1769.61975 3547.48657 4983.28432 4.8429 2476.7 8.71 4259.3 10.496 "" "" 0.002950445816285744 0.0047291014 0.0046305717 0.009359673 7.34700218053 63.09065781609 2348.06738 -3.334 -0.6780000000000002
6.36224634459 63.01368770495 0.0702 0.0735 18.0235 "" "" 430960458759721088 2777.22607 0.412 0.0954 -3.657 0.75 0.087 0.103 2.363 6031.4 4.4848 16.447582 1.337174 16.992102 15.654927 "" "" 2071.08228 3852.95557 4964.93749 5.7984 2180.6 7.6835 4337.0 11.118 "" "" 0.0030330857319552378 0.0047350596 0.00469367 0.00942873 6.36224634459 63.01368770495 2777.22607 -3.657 0.7500000000000001
6.85528222808 62.72589485601 0.0307 0.031 11.4423 "" "" 430565390489953280 2309.698 0.4186 0.0406 -4.773 -1.298 0.037 0.04 0.998 5780.5 4.4931 16.44783 1.091181 16.910025 15.818844 "" "" 2117.02808 2549.1792 4963.80836 2.0733 2351.8 7.5397 3729.2 9.1552 "" "" 0.00279239074918294 0.0044610486 0.004624775 0.009085824 6.85528222808 62.72589485601 2309.698 -4.773 -1.2980000000000003
7.18273688791 62.86427443666 0.0341 0.0316 6.1131 "" "" 430941629623339776 2451.54053 0.3907 0.0437 -4.139 -0.405 0.04 0.042 1.009 9376.4 4.0614 16.448341 1.206664 16.96263 15.755965 "" "" 2215.24438 2670.91309 4961.4653 2.2441 2240.6 8.0637 3951.6 8.1785 "" "" 0.0027987414592182363 0.004801383 0.0043969587 0.0091983415 7.18273688791 62.86427443666 2451.54053 -4.139 -0.40500000000000014
7.23330678909 62.9534302208 0.0341 0.0333 7.4228 "" "" 430947470778797696 2719.56738 0.3567 0.047 -3.074 -2.798 0.042 0.046 0.987 7173.1 4.3955 16.449137 1.180902 16.95492 15.774018 "" "" 2370.979 3098.65234 4957.83467 2.2593 2256.6 7.7179 3886.4 7.9371 "" "" 0.002799390988775609 0.0046448037 0.004381834 0.009026637 7.23330678909 62.9534302208 2719.56738 -3.0740000000000003 -2.798
7.48107914742 63.05560618559 0.0343 0.0319 16.2701 "" "" 430785430255529856 2441.98315 0.3906 0.0451 -0.489 -2.468 0.041 0.043 0.952 6041.7 4.3891 16.449457 1.308875 17.023323 15.714448 "" "" 2202.59155 2774.68945 4956.36934 2.0476 2118.8 6.9967 4105.6 7.8645 "" "" 0.002791591263116178 0.0045430767 0.004313843 0.00885692 7.48107914742 63.05560618559 2441.98315 -0.4890000000000001 -2.468000000000001
6.79043697224 63.21865496274 0.033 0.0339 19.3542 "" "" 430966952750106496 2915.33813 0.3226 0.0493 -2.977 -1.268 0.046 0.042 0.979 6743.9 4.3028 16.452883 1.506696 17.140259 15.633563 "" "" 2581.65576 3447.70435 4940.76251 2.3184 1902.4 9.4437 4423.2 10.585 "" "" 0.0028020259039138887 0.0060690953 0.0045863446 0.01065544 6.79043697224 63.21865496274 2915.33813 -2.977 -1.2679999999999998
7.75990361615 62.77545627499 0.0357 0.0357 22.7716 "" "" 430754712642053760 2545.20557 0.3717 0.0474 -2.651 -0.884 0.044 0.047 1.126 6087.4 4.4635 16.453524 1.257278 16.962358 15.705081 "" "" 2292.93115 2796.55542 4937.8468 2.5698 2241.2 9.0238 4141.2 19.507 "" "" 0.0028126623699219404 0.0051860674 0.006359251 0.011545319 7.75990361615 62.77545627499 2545.20557 -2.651 -0.884
6.88700993217 62.57402419529 0.0303 0.0326 20.1912 "" "" 430558003146529920 2444.88818 0.3976 0.0415 -2.648 -0.813 0.038 0.044 1.07 6491.2 4.3886 16.45634 1.100631 16.915518 15.814887 "" "" 2242.65161 2727.11255 4925.04753 2.0146 2340.0 9.7992 3742.9 9.7332 "" "" 0.0027908841129617966 0.0053345845 0.004717551 0.010052135 6.88700993217 62.57402419529 2444.88818 -2.6480000000000006 -0.8130000000000001
6.48500879451 63.18757461722 0.0332 0.0327 21.5275 "" "" 430969014334403584 2623.47485 0.357 0.0461 -3.526 -0.37 0.046 0.045 1.04 5184.0 3.6142 16.45661 1.975257 17.44461 15.469354 "" "" 2276.03223 2984.83862 4923.83061 2.187 1437.4 6.1173 5145.4 9.2947 "" "" 0.002797204330005681 0.005397757 0.004257976 0.009655733 6.48500879451 63.18757461722 2623.47485 -3.526 -0.3699999999999999
7.06938910207 62.75382130727 0.0311 0.0313 9.5536 "" "" 430564222258845824 2321.21729 0.4102 0.0416 -0.892 -0.694 0.036 0.041 1.023 6371.3 4.452 16.457376 1.1571 16.947622 15.790523 "" "" 2089.39722 2557.0752 4920.35515 2.1146 2271.8 5.9435 3827.8 8.2914 "" "" 0.0027945511886702528 0.0039816517 0.004451377 0.008433029 7.06938910207 62.75382130727 2321.21729 -0.8919999999999999 -0.6939999999999998
6.96669735843 62.94293014211 0.0321 0.0312 2.1417 "" "" 430945203036041344 2465.34985 0.3936 0.0438 -3.108 -1.15 0.04 0.041 0.994 7093.1 4.3514 16.458113 1.268928 17.01772 15.748792 "" "" 2243.40796 2762.58911 4917.01708 2.1587 2129.8 7.773 3977.8 6.6997 "" "" 0.0027962475939238645 0.0048463186 0.004198545 0.009044863 6.96669735843 62.94293014211 2465.34985 -3.108 -1.15
6.6672707058 63.21681788239 0.2066 0.2482 20.4036 "" "" 430967124552150400 2748.40625 0.7556 0.2877 3.628 0.363 0.288 0.445 3.412 "" "" 16.458683 1.576154 16.430275 14.854121 "" "" 1585.0791 4314.76025 4914.43579 18.624 3658.5 47.062 9068.0 103.08 "" "" 0.004951909727540541 0.014242605 0.012907744 0.02715035 6.6672707058 63.21681788239 2748.40625 3.628 0.36300000000000016
7.16220900728 62.92015569984 0.0349 0.032 5.0161 "" "" 430942140718072448 2220.0376 0.4325 0.0445 -6.846 -0.783 0.04 0.042 1.032 5331.0 4.3169 16.45869 1.304577 17.032526 15.727949 "" "" 2018.34961 2467.97485 4914.3989 2.2589 2100.9 7.7341 4054.9 11.323 "" "" 0.0028001514461362897 0.0048744907 0.0048451787 0.00971967 7.16220900728 62.92015569984 2220.0376 -6.846 -0.783
6.32808852999 62.86912830329 0.0402 0.044 17.9926 "" "" 430582776517414784 3108.8208 0.307 0.0538 -3.107 -0.916 0.054 0.063 1.324 8612.4 4.1144 16.459768 1.648385 17.206078 15.557693 "" "" 2718.66284 4447.8252 4909.52233 4.5811 1790.5 10.16 4743.3 14.282 "" "" 0.002935672486388347 0.0067632576 0.0049970956 0.011760353 6.32808852999 62.86912830329 3108.8208 -3.1069999999999998 -0.9160000000000004
6.99678586714 62.90966328308 0.0338 0.0318 0.4557 "" "" 430944859438696576 2891.73413 0.3346 0.0433 -1.052 0.424 0.04 0.041 0.994 5866.9 4.1054 16.460403 1.419674 17.097069 15.677395 "" "" 2588.85889 3275.03735 4906.65417 2.0799 1979.7 11.208 4248.2 11.088 "" "" 0.002793493739515752 0.0067504733 0.0047237985 0.011474272 6.99678586714 62.90966328308 2891.73413 -1.0519999999999998 0.424
7.54073222567 63.07453859459 0.0336 0.0344 18.2484 "" "" 430785533334999680 2919.00293 0.3243 0.0463 -1.752 -0.912 0.043 0.049 1.042 8494.3 4.4428 16.461199 1.166168 16.957022 15.790854 "" "" 2611.43359 3357.2627 4903.05596 2.062 2252.2 7.6833 3826.6 11.26 "" "" 0.0027928986286535236 0.0046372726 0.0049488135 0.0095860865 7.54073222567 63.07453859459 2919.00293 -1.7520000000000002 -0.9120000000000003
6.26875736431 62.74292654828 0.0301 0.0349 21.8715 "" "" 430575698411215104 2267.11621 0.4209 0.041 -1.45 0.169 0.04 0.049 1.026 5846.0 4.4751 16.461962 1.233546 16.996998 15.763452 "" "" 2094.39941 2485.18262 4899.61459 2.1765 2170.8 6.144 3924.4 8.5027 "" "" 0.002797214108804912 0.004150672 0.004451677 0.008602349 6.26875736431 62.74292654828 2267.11621 -1.45 0.16900000000000004
7.18122788518 62.75765947843 0.0322 0.0316 10.5526 "" "" 430938571606672128 2847.36499 0.3292 0.0413 -1.912 1.308 0.039 0.042 0.965 6444.7 4.3913 16.462868 1.122568 16.937664 15.815096 "" "" 2530.62988 3207.33789 4895.53319 2.1181 2292.7 7.6009 3742.1 5.9956 "" "" 0.0027950775449161395 0.0045542778 0.0041605076 0.008714786 7.18122788518 62.75765947843 2847.36499 -1.9119999999999997 1.308
7.11239016323 62.67931965085 0.0294 0.0306 14.1775 "" "" 430563294545994752 3023.30347 0.3131 0.0399 1.255 -3.018 0.036 0.041 0.957 7136.0 4.3022 16.464445 1.282013 17.02262 15.740606 "" "" 2712.87354 3384.28247 4888.42172 1.9111 2120.2 7.43 4007.9 7.6021 "" "" 0.002787823093698246 0.0047182464 0.004304052 0.009022298 7.11239016323 62.67931965085 3023.30347 1.2550000000000003 -3.0180000000000002
6.62127343242 62.78601671417 0.0309 0.0315 12.2561 "" "" 430578412830716672 2367.71362 0.4141 0.041 -2.074 -1.931 0.038 0.043 0.967 5557.9 4.3399 16.464987 1.222413 16.937262 15.714849 "" "" 2172.20337 2634.42969 4885.98603 2.2058 2293.6 20.283 4104.1 17.114 "" "" 0.0027985793902251073 0.009998687 0.0058976207 0.015896307 6.62127343242 62.78601671417 2367.71362 -2.0740000000000003 -1.9309999999999996
6.94347750087 63.06068652234 0.0321 0.032 9.2288 "" "" 430951903184893312 2401.18091 0.4001 0.0436 -1.663 -0.673 0.041 0.042 1.006 7655.5 4.3752 16.466082 1.146304 16.948877 15.802573 "" "" 2172.49219 2636.8728 4881.06171 3.0134 2269.2 10.694 3785.6 7.3294 "" "" 0.002835680953210728 0.0058280253 0.0043246555 0.010152681 6.94347750087 63.06068652234 2401.18091 -1.663 -0.673
7.00048170072 62.99338593033 0.0349 0.0316 5.1636 "" "" 430945576692059904 3059.44995 0.3164 0.0461 -2.739 -0.479 0.042 0.041 1.033 8807.0 4.3356 16.466658 1.060139 16.903297 15.843159 "" "" 2668.7002 3613.77734 4878.47058 2.1305 2366.5 6.5764 3646.7 6.9272 "" "" 0.002795820854403525 0.0041095773 0.004305508 0.008415085 7.00048170072 62.99338593033 3059.44995 -2.739 -0.479
6.66744015688 62.60684126698 0.0318 0.0345 20.0016 "" "" 430570956770164736 2716.6626 0.345 0.0431 -1.373 -0.971 0.04 0.047 1.058 9601.1 4.2619 16.467531 1.00919 16.879848 15.870659 "" "" 2460.27466 3011.88184 4874.54953 2.1149 2418.1 6.8185 3555.5 10.438 "" "" 0.002795297913723868 0.0041422253 0.0049440316 0.009086257 6.66744015688 62.60684126698 2716.6626 -1.373 -0.9710000000000003
