Clusters/UBC_410/UBC_410_members.tsv
# %ECSV 1.0
# ---
# datatype:
# - name: RA_ICRS_1
#   unit: deg
#   datatype: float64
#   format: '{:15.11f}'
#   description: Right ascension (ICRS) at Ep=2016.0 (ra)
#   meta: !!omap
#   - {ucd: POS_EQ_RA_MAIN}
#   - {width: 15}
#   - {precision: '11'}
# - name: DE_ICRS_1
#   unit: deg
#   datatype: float64
#   format: '{:15.11f}'
#   description: Declination (ICRS) at Ep=2016.0 (dec)
#   meta: !!omap
#   - {ucd: POS_EQ_DEC_MAIN}
#   - {width: 15}
#   - {precision: '11'}
# - name: e_RA_ICRS
#   unit: mas
#   datatype: float64
#   format: '{:7.4f}'
#   description: Standard error of right ascension (ra_error)
#   meta: !!omap
#   - {ucd: ERROR}
#   - {width: 7}
#   - {precision: '4'}
# - name: e_DE_ICRS
#   unit: mas
#   datatype: float64
#   format: '{:7.4f}'
#   description: Standard error of declination (dec_error)
#   meta: !!omap
#   - {ucd: ERROR}
#   - {width: 7}
#   - {precision: '4'}
# - name: _r_1
#   unit: ''
#   datatype: float64
#   format: '{:7.4f}'
#   description: Distance from center (006.98061769000+62.90780184000)[ICRS], at Epoch=J2016.0
#   meta: !!omap
#   - {ucd: POS_ANG_DIST_GENERAL}
#   - {width: 7}
#   - {precision: '4'}
# - name: HIP
#   datatype: int32
#   description: '? HIP cross-id number, van Leeuwen, Cat. I/311 (hip_original_ext_source_id)'
#   meta: !!omap
#   - {ucd: ID_NUMBER}
#   - {width: 6}
#   - values: {'null': -2147483648}
# - name: TYC2
#   datatype: string
#   description: Tycho-2 cross-id name, Hog et al., Cat. I/259 (tyc2_original_ext_source_id)
#   meta: !!omap
#   - {ucd: ID_CROSSID}
#   - {_votable_string_dtype: char}
# - name: Source
#   datatype: int64
#   description: Source identifier, identical to the Gaia-EDR3 source_id (id)
#   meta: !!omap
#   - {ucd: ID_MAIN}
#   - {width: 19}
# - name: rgeo
#   unit: pc
#   datatype: float64
#   format: '{:15.8f}'
#   description: '? Median of the geometric distance posterior (r_med_geo)'
#   meta: !!omap
#   - {ucd: PHYS_DISTANCE_TRUE}
#   - {width: 15}
#   - {precision: '8'}
#   - values: {'null': .nan}
# - name: Plx
#   unit: mas
#   datatype: float64
#   format: '{:9.4f}'
#   description: '? Parallax (parallax)'
#   meta: !!omap
#   - {ucd: POS_PARLX_TRIG}
#   - {width: 9}
#   - {precision: '4'}
#   - values: {'null': .nan}
# - name: e_Plx
#   unit: mas
#   datatype: float32
#   format: '{:7.4f}'
#   description: '? Standard error of parallax (parallax_error)'
#   meta: !!omap
#   - {ucd: ERROR}
#   - {width: 7}
#   - {precision: '4'}
#   - values: {'null': .nan}
# - name: pmRA
#   unit: mas / yr
#   datatype: float64
#   format: '{:9.3f}'
#   description: '? Proper motion in right ascension direction, pmRA*cosDE (pmra)'
#   meta: !!omap
#   - {ucd: POS_EQ_PMRA}
#   - {width: 9}
#   - {precision: '3'}
#   - values: {'null': .nan}
# - name: pmDE
#   unit: mas / yr
#   datatype: float64
#   format: '{:9.3f}'
#   description: '? Proper motion in declination direction (pmdec)'
#   meta: !!omap
#   - {ucd: POS_EQ_PMDEC}
#   - {width: 9}
#   - {precision: '3'}
#   - values: {'null': .nan}
# - name: e_pmRA
#   unit: mas / yr
#   datatype: float32
#   format: '{:6.3f}'
#   description: '? Standard error of proper motion in right ascension direction (pmra_error)'
#   meta: !!omap
#   - {ucd: ERROR}
#   - {width: 6}
#   - {precision: '3'}
#   - values: {'null': .nan}
# - name: e_pmDE
[...]
#         unit: &id001 !astropy.units.Unit {unit: deg}
#         value: !astropy.table.SerializedColumn {name: SkyCoord.dec}
#       distance: !astropy.table.SerializedColumn
#         __class__: astropy.coordinates.distances.Distance
#         unit: !astropy.units.Unit {unit: pc}
#         value: !astropy.table.SerializedColumn {name: SkyCoord.distance}
#       frame: icrs
#       obstime: !astropy.time.Time {format: jyear_str, in_subfmt: '*', jd1: 367701545.0, jd2: 0.0, out_subfmt: '*', precision: 3, scale: tt}
#       pm_dec: !astropy.table.SerializedColumn
#         __class__: astropy.units.quantity.Quantity
#         unit: !astropy.units.Unit {unit: mas / yr}
#         value: !astropy.table.SerializedColumn {name: SkyCoord.pm_dec}
#       pm_ra_cosdec: !astropy.table.SerializedColumn
#         __class__: astropy.units.quantity.Quantity
#         unit: !astropy.units.Unit {unit: mas / yr}
#         value: !astropy.table.SerializedColumn {name: SkyCoord.pm_ra_cosdec}
#       ra: !astropy.table.SerializedColumn
#         __class__: astropy.coordinates.angles.Longitude
#         unit: *id001
#         value: !astropy.table.SerializedColumn {name: SkyCoord.ra}
#         wrap_angle: !astropy.coordinates.Angle
#           unit: *id001
#           value: 360.0
#       representation_type: spherical
# schema: astropy-2.0
RA_ICRS_1 DE_ICRS_1 e_RA_ICRS e_DE_ICRS _r_1 HIP TYC2 Source rgeo Plx e_Plx pmRA pmDE e_pmRA e_pmDE RUWE Teff logg Gmag BP-RP BPmag RPmag RV e_RV b_rgeo B_rgeo FG e_FG FBP e_FBP FRP e_FRP RAVE5 RAVE6 e_Gmag e_BPmag e_RPmag e_BP-RP SkyCoord.ra SkyCoord.dec SkyCoord.distance SkyCoord.pm_ra_cosdec SkyCoord.pm_dec Pmemb
6.70068202078 63.11318679995 0.0082 0.0087 14.49 "" "" 430964891165910784 2594.72632 0.369 0.0115 -3.193 -1.147 0.01 0.011 0.99 "" "" 12.523604 0.684842 12.782223 12.097381 "" "" 2525.84204 2657.88794 184291.37518 36.66 105320.0 65.318 114870.0 46.418 "" "" 0.0027637721297267847 0.0028702717 0.0038047624 0.006675034 6.70068202078 63.11318679995 2594.72632 -3.1929999999999996 -1.1470000000000002 0.98
7.03588626765 62.89188796347 0.0141 0.0134 1.7871 "" "" 430944790719239168 2455.34155 0.3832 0.0188 -3.153 -1.176 0.017 0.017 1.214 15589.9 3.8253 12.938009 0.408837 13.081496 12.672659 "" "" 2350.52026 2557.41162 125818.07638 33.654 79950.0 60.161 67623.0 37.854 "" "" 0.0027705829437848525 0.0029073241 0.0038279388 0.006735263 7.03588626765 62.89188796347 2455.34155 -3.1529999999999996 -1.1759999999999997 0.96
7.2502704623 62.83886323545 0.0097 0.0097 8.4575 "" "" 430940701910420480 2408.54272 0.3861 0.0136 -3.26 -1.174 0.011 0.013 0.969 "" "" 13.230919 0.566135 13.437812 12.871676 "" "" 2339.56689 2481.76025 96068.13224 20.686 57583.0 44.529 56297.0 27.977 "" "" 0.0027652207964223336 0.0029137568 0.0038177026 0.0067314594 7.2502704623 62.83886323545 2408.54272 -3.2600000000000002 -1.174 0.91
6.73119527018 63.02460257972 0.0103 0.0104 9.7662 "" "" 430958122297549568 2553.51001 0.3637 0.0142 -3.244 -0.99 0.013 0.013 0.977 13178.9 3.9139 13.690618 0.575069 13.901522 13.326452 "" "" 2482.93408 2641.32935 62907.11539 15.675 37567.0 23.736 37032.0 24.586 "" "" 0.0027685702996485375 0.0028732643 0.0038475094 0.006720774 6.73119527018 63.02460257972 2553.51001 -3.244 -0.9899999999999999 0.95
7.47565081234 62.97393948687 0.0113 0.0101 14.0824 "" "" 430761378437803008 2293.15332 0.4073 0.0148 -3.32 -1.103 0.013 0.014 0.944 11798.6 3.8634 13.800387 0.719506 14.076061 13.356555 "" "" 2227.2478 2375.48657 56858.02335 10.175 31988.0 21.324 36019.0 25.116 "" "" 0.0027621623554571406 0.002882517 0.003854465 0.0067369817 7.47565081234 62.97393948687 2293.15332 -3.3200000000000003 -1.1030000000000002 0.8
6.92070391515 63.14997206498 0.0133 0.014 14.6214 "" "" 430954720683342464 2979.17651 0.3089 0.019 -3.105 -1.044 0.017 0.019 0.978 11016.8 4.1964 14.44349 0.771462 14.739239 13.967776 "" "" 2826.63306 3167.6814 31444.9414 8.2082 17367.0 22.312 20514.0 14.978 "" "" 0.0027698579302889784 0.003119415 0.003861626 0.006981041 6.92070391515 63.14997206498 2979.17651 -3.1050000000000004 -1.0439999999999998 0.98
6.94038711085 62.98948773802 0.0138 0.0133 5.0226 "" "" 430945718432064256 2820.99072 0.3282 0.0187 -3.082 -1.041 0.017 0.017 1.023 10793.4 4.0441 14.516208 0.565169 14.72633 14.16116 "" "" 2663.10815 2938.41162 29407.8763 8.5775 17575.0 14.056 17167.0 11.499 "" "" 0.00277345920746672 0.002922168 0.0038487185 0.0067708865 6.94038711085 62.98948773802 2820.99072 -3.0820000000000003 -1.0409999999999997 0.98
7.12798091787 62.98136425998 0.0149 0.0141 5.9712 "" "" 430948398491689472 2726.15283 0.3341 0.0199 -2.974 -1.025 0.018 0.019 1.03 10102.5 3.8711 14.602013 0.634223 14.84141 14.207187 "" "" 2603.8335 2873.59521 27173.24733 5.6442 15807.0 12.492 16454.0 10.77 "" "" 0.002764534082483045 0.002919123 0.0038456183 0.0067647416 7.12798091787 62.98136425998 2726.15283 -2.9739999999999998 -1.025 0.94
6.90401635852 63.10051542247 0.0143 0.0148 11.7495 "" "" 430953071415950080 2539.7334 0.366 0.0193 -3.139 -0.939 0.018 0.02 1.007 10224.7 3.8902 14.659503 0.705203 14.927813 14.22261 "" "" 2420.72119 2658.18262 25771.8372 6.3544 14598.0 16.901 16222.0 12.666 "" "" 0.002768294489094714 0.003060254 0.0038732905 0.0069335448 6.90401635852 63.10051542247 2539.7334 -3.139 -0.9390000000000001 0.93
7.44530351779 62.83161389493 0.0146 0.014 13.511 "" "" 430753132100640512 2571.73877 0.3624 0.0186 -3.098 -1.046 0.017 0.02 1.019 10437.0 4.0072 14.673827 0.697234 14.938304 14.24107 "" "" 2462.36743 2713.85376 25434.06227 5.8562 14458.0 13.737 15949.0 17.73 "" "" 0.0027666378397968963 0.0029747656 0.0039674332 0.0069421986 7.44530351779 62.83161389493 2571.73877 -3.0980000000000003 -1.0460000000000003 0.96
6.88068300452 62.7386666933 0.0153 0.0147 10.5111 "" "" 430566902318431872 2435.08032 0.3829 0.02 -3.098 -1.077 0.018 0.02 1.029 9468.3 4.1516 14.682841 0.561651 14.889649 14.327998 "" "" 2325.05273 2574.63892 25223.7866 7.4403 15120.0 21.518 14722.0 36.172 "" "" 0.0027738703454987124 0.003189448 0.004626027 0.007815475 6.88068300452 62.7386666933 2435.08032 -3.097999999999999 -1.0769999999999995 0.98
7.36868385069 63.07804513447 0.0144 0.014 14.7014 "" "" 430949910320100736 2342.39526 0.3983 0.0189 -3.276 -1.104 0.019 0.02 1.016 7199.1 3.7153 14.72303 0.843194 15.05294 14.209746 "" "" 2231.55688 2454.94434 24307.18687 5.4323 13009.0 14.054 16416.0 11.139 "" "" 0.0027659838293381572 0.0030266922 0.0038505176 0.00687721 7.36868385069 63.07804513447 2342.39526 -3.276 -1.104 0.92
7.24894773654 62.83315183419 0.0153 0.0157 8.6 "" "" 430940701910424320 2569.13599 0.3626 0.0213 -3.339 -1.06 0.018 0.022 0.938 "" "" 14.785944 0.834733 15.113098 14.278365 "" "" 2427.75977 2743.32495 22938.72719 5.481 12308.0 12.089 15410.0 9.951 "" "" 0.0027675063951701885 0.0029870209 0.0038438635 0.006830884 7.24894773654 62.83315183419 2569.13599 -3.3389999999999995 -1.0600000000000003 0.94
7.33428834837 62.73871935923 0.0154 0.0165 14.0305 "" "" 430751070516377856 2411.36987 0.3812 0.0212 -3.382 -1.131 0.019 0.022 1.009 9637.7 3.9847 14.99233 0.809772 15.309514 14.499742 "" "" 2303.98096 2515.34741 18967.70618 4.7031 10271.0 9.9846 12568.0 15.167 "" "" 0.002768440766571438 0.002983127 0.004000064 0.006983191 7.33428834837 62.73871935923 2411.36987 -3.382 -1.1310000000000002 0.92
7.04469619652 62.72005807918 0.0158 0.0169 11.4008 "" "" 430563706862803328 2666.34448 0.3508 0.0215 -3.212 -1.147 0.019 0.022 1.048 8670.5 3.6835 15.03134 0.619432 15.263844 14.644411 "" "" 2474.5293 2801.29053 18298.31259 5.0674 10712.0 13.455 11000.0 10.508 "" "" 0.0027716773480856494 0.0031056216 0.0039191144 0.007024736 7.04469619652 62.72005807918 2666.34448 -3.2120000000000006 -1.147 0.98
6.93550919523 63.11102295882 0.0168 0.0172 12.255 "" "" 430953208854898176 2454.38184 0.384 0.0233 -3.306 -1.169 0.021 0.022 0.96 9304.8 3.968 15.057802 0.775686 15.359219 14.583532 "" "" 2309.81738 2572.84912 17857.71372 4.235 9811.4 13.093 11634.0 11.663 "" "" 0.002767325045042312 0.003143931 0.003932993 0.0070769237 6.93550919523 63.11102295882 2454.38184 -3.3060000000000005 -1.169 0.84
6.93338122569 62.88391694005 0.0163 0.0163 1.929 "" "" 430943450689589120 2296.6355 0.4066 0.0219 -3.132 -1.093 0.02 0.022 0.941 9718.3 4.1756 15.060006 0.679173 15.318694 14.639521 "" "" 2196.80737 2426.06982 17821.50798 4.5586 10184.0 11.219 11050.0 12.469 "" "" 0.0027692813656929427 0.0030357295 0.0039730025 0.0070087323 6.93338122569 62.88391694005 2296.6355 -3.1319999999999997 -1.093 0.89
6.95290041315 62.72804572065 0.0156 0.0178 10.8121 "" "" 430566657498818176 2524.78296 0.3698 0.0216 -3.147 -1.101 0.018 0.024 0.974 9637.5 4.2931 15.062911 0.636323 15.301517 14.665194 "" "" 2410.46558 2641.87964 17773.88387 5.0477 10347.0 13.731 10791.0 12.202 "" "" 0.0027725196875013867 0.003140228 0.003973787 0.0071140155 6.95290041315 62.72804572065 2524.78296 -3.1469999999999994 -1.1009999999999998 0.98
6.85767626438 62.95381184125 0.0169 0.0177 4.3461 "" "" 430945958950260736 2717.18384 0.3454 0.0233 -3.134 -1.01 0.021 0.022 1.005 9447.4 3.9522 15.084765 0.755733 15.37888 14.623146 "" "" 2537.98462 2909.27051 17419.71546 5.1866 9635.3 13.624 11218.0 9.8607 "" "" 0.0027742193850295084 0.0031846308 0.0038980185 0.0070826495 6.85767626438 62.95381184125 2717.18384 -3.1339999999999995 -1.0100000000000002 0.97
7.01216363519 62.89999276553 0.018 0.0169 0.9812 "" "" 430944790719231360 2550.13818 0.3678 0.0238 -3.068 -1.165 0.021 0.022 1.079 9312.9 3.957 15.122144 0.867392 15.462408 14.595016 "" "" 2429.14282 2730.10034 16830.20245 4.4512 8921.8 14.053 11512.0 11.072 "" "" 0.002770242907747213 0.0032725756 0.0039209896 0.0071935654 7.01216363519 62.89999276553 2550.13818 -3.0679999999999996 -1.1650000000000003 0.95
6.90322199462 63.03385363647 0.0185 0.0186 7.852 "" "" 430952487300467968 2826.68628 0.3248 0.0251 -3.421 -1.042 0.023 0.025 1.033 9401.5 3.886 15.230144 1.007105 15.640033 14.632928 "" "" 2658.24463 3026.68848 15236.63007 3.8335 7575.4 14.803 11117.0 14.426 "" "" 0.0027688283638265753 0.0035051873 0.0040334538 0.007538641 6.90322199462 63.03385363647 2826.68628 -3.4210000000000003 -1.042 0.88
6.93759041036 62.96438828613 0.0189 0.0186 3.5926 "" "" 430945306115230976 2612.13135 0.3622 0.0257 -3.144 -0.958 0.024 0.024 1.038 9249.2 4.1224 15.328441 0.784395 15.635584 14.851189 "" "" 2420.2832 2791.96948 13917.79717 4.3576 7606.5 15.025 9092.5 10.335 "" "" 0.0027762110915790575 0.0035191644 0.003975769 0.0074949334 6.93759041036 62.96438828613 2612.13135 -3.144 -0.9579999999999997 0.88
7.2667839911 63.0152160947 0.0205 0.0207 10.1222 "" "" 430949463643560192 2713.35986 0.3411 0.0281 -3.258 -0.978 0.026 0.031 1.051 9499.8 4.1806 15.416342 0.810288 15.730959 14.92067 "" "" 2497.50098 2961.62354 12835.41419 3.5132 6966.8 14.979 8528.8 11.232 "" "" 0.0027713001329324905 0.0036379162 0.00404082 0.007678736 7.2667839911 63.0152160947 2713.35986 -3.2579999999999996 -0.9780000000000001 0.92
7.29376082776 63.04075007955 0.0215 0.0213 11.684 "" "" 430949601082702976 2880.10571 0.3201 0.0282 -2.736 -0.963 0.028 0.032 0.994 9494.5 4.0064 15.541843 0.896543 15.898802 15.002259 "" "" 2667.64233 3099.91724 11434.29159 3.3773 5968.9 11.677 7911.4 9.3222 "" "" 0.0027739198136599685 0.0035066458 0.0039900453 0.0074966913 7.29376082776 63.04075007955 2880.10571 -2.7360000000000007 -0.9630000000000002 0.92
7.05991199925 62.94386391349 0.021 0.02 3.0612 "" "" 430942419897244928 2729.42798 0.3472 0.0275 -3.096 -1.031 0.025 0.026 0.982 8429.3 3.6054 15.583797 0.869293 15.931401 15.062108 "" "" 2522.51099 2954.48291 11000.89528 3.1065 5792.4 10.156 7487.1 7.7841 "" "" 0.002772325918425673 0.0033777144 0.003944354 0.0073220683 7.05991199925 62.94386391349 2729.42798 -3.096 -1.031 0.98
6.52098862049 62.84649823694 0.0195 0.0207 13.0997 "" "" 430579443622818560 2473.64551 0.3784 0.0264 -3.223 -1.098 0.026 0.03 0.953 9095.9 4.4902 15.626079 0.922506 15.994798 15.072291 "" "" 2339.2019 2665.74585 10580.71909 3.959 5463.8 11.441 7417.2 13.626 "" "" 0.0027851085106457034 0.003599141 0.004273418 0.007872559 6.52098862049 62.84649823694 2473.64551 -3.223 -1.098 0.97
7.06474411085 62.88525758011 0.0217 0.0207 2.668 "" "" 430941835781748224 2555.60913 0.3604 0.029 -3.274 -1.08 0.026 0.026 0.951 8755.0 4.2745 15.63117 0.866651 15.976475 15.109824 "" "" 2381.39478 2777.49072 10531.21719 3.1214 5556.8 8.9411 7165.2 10.147 "" "" 0.0027740492054624103 0.0032919636 0.004080176 0.0073721395 7.06474411085 62.88525758011 2555.60913 -3.2740000000000005 -1.08 0.94
6.61251073974 62.84818476468 0.0212 0.0215 10.6854 "" "" 430580062098115584 2923.28809 0.3127 0.0283 -3.192 -1.149 0.027 0.029 1.054 9608.8 4.3667 15.740088 0.883412 16.088818 15.205405 "" "" 2694.47046 3187.62158 9526.01487 3.1797 5010.6 9.6651 6561.4 10.213 "" "" 0.002779051961946107 0.003488722 0.004140019 0.0076287407 6.61251073974 62.84818476468 2923.28809 -3.1920000000000006 -1.149 0.87
7.00298816198 62.91864034985 0.0236 0.0224 0.8924 "" "" 430944893798428032 2483.37158 0.3868 0.0308 -3.134 -1.073 0.028 0.029 1.011 9077.3 4.243 15.741506 0.934159 16.111221 15.177062 "" "" 2242.72632 2703.69312 9513.59171 2.9699 4908.3 12.734 6734.9 15.364 "" "" 0.002776088808782875 0.0039647804 0.004518678 0.008483458 7.00298816198 62.91864034985 2483.37158 -3.1340000000000003 -1.0730000000000002 0.88
6.98954385114 62.92178423219 0.0236 0.0226 0.8737 "" "" 430944893798422912 3000.71021 0.3145 0.0312 -3.104 -0.954 0.028 0.03 1.013 9450.1 4.0358 15.802393 0.979446 16.197258 15.217812 "" "" 2715.89966 3242.92749 8994.76253 2.8883 4534.3 8.4275 6486.8 9.7586 "" "" 0.0027772898799947737 0.0034434309 0.00411723 0.007560661 6.98954385114 62.92178423219 3000.71021 -3.1039999999999996 -0.954 0.96
6.50256122094 62.86591288217 0.0217 0.0236 13.3118 "" "" 430580921091555200 2660.91333 0.348 0.0299 -3.211 -1.164 0.029 0.034 0.994 8551.4 4.3104 15.820995 0.958759 16.203533 15.244774 "" "" 2477.57764 2851.35498 8841.96274 2.6519 4508.2 9.3699 6327.7 11.703 "" "" 0.002774496061106899 0.0035884993 0.004279721 0.00786822 6.50256122094 62.86591288217 2660.91333 -3.211 -1.1640000000000004 0.95
6.57493520363 62.94621159996 0.0248 0.0231 11.3153 "" "" 430956885347032320 2781.81934 0.3358 0.032 -3.228 -1.055 0.03 0.031 1.06 10216.5 4.39 15.836597 0.986795 16.171415 15.18462 "" "" 2544.72485 3080.08496 8715.82026 3.0416 4643.6 17.307 6688.2 80.297 "" "" 0.002781249779371991 0.004915292 0.013571939 0.018487232 6.57493520363 62.94621159996 2781.81934 -3.2279999999999998 -1.0550000000000002 0.96
7.06743814824 62.87965095331 0.0238 0.0234 2.9132 "" "" 430941835781752832 2402.90942 0.3938 0.0317 -3.158 -1.037 0.028 0.03 1.017 8101.1 4.3195 15.883348 0.967385 16.276325 15.30894 "" "" 2219.07642 2554.08423 8348.47933 2.73 4215.9 11.045 5964.6 8.6911 "" "" 0.002778100816008998 0.0039844695 0.0040971427 0.008081612 7.06743814824 62.87965095331 2402.90942 -3.1579999999999995 -1.0369999999999997 0.98
7.05862151883 62.65428977837 0.0229 0.0245 15.3606 "" "" 430561817077262848 2725.32397 0.3418 0.0312 -2.771 -1.162 0.027 0.031 0.992 7481.0 4.0906 15.920862 1.080181 16.369368 15.289186 "" "" 2528.77539 2969.34644 8064.95033 2.4941 3869.6 10.919 6074.1 11.912 "" "" 0.0027757031698009893 0.0041438006 0.0043379073 0.008481707 7.05862151883 62.65428977837 2725.32397 -2.771 -1.1619999999999997 0.8
7.34435589841 62.72512625664 0.0264 0.0268 14.8168 "" "" 430750623839786624 2386.9043 0.4044 0.0363 -3.245 -0.92 0.034 0.038 1.015 9034.3 4.3245 16.140915 1.199708 16.652792 15.453084 "" "" 2204.58374 2606.60767 6585.37365 2.4539 2980.6 8.4426 5223.1 8.5909 "" "" 0.002784864740923815 0.00415246 0.0041800523 0.008332512 7.34435589841 62.72512625664 2386.9043 -3.2449999999999997 -0.9200000000000002 0.92
7.00844190586 62.84806442021 0.0321 0.0321 3.6642 "" "" 430943137150417152 2143.2439 0.4414 0.043 -3.135 -1.141 0.039 0.041 1.028 6361.2 4.4878 16.47603 1.12769 16.955662 15.827971 "" "" 1958.81189 2381.5354 4836.53787 2.0477 2255.0 6.766 3698.0 9.566 "" "" 0.002793402138447103 0.0042892415 0.004708703 0.008997945 7.00844190586 62.84806442021 2143.2439 -3.1350000000000002 -1.141 0.95
