Clusters/UBC_410/UBC_410_stars_in_region.tsv
# %ECSV 1.0
# ---
# datatype:
# - name: RA_ICRS_1
#   unit: deg
#   datatype: float64
#   format: '{:15.11f}'
#   description: Right ascension (ICRS) at Ep=2016.0 (ra)
#   meta: !!omap
#   - {ucd: POS_EQ_RA_MAIN}
#   - {width: 15}
#   - {precision: '11'}
# - name: DE_ICRS_1
#   unit: deg
#   datatype: float64
#   format: '{:15.11f}'
#   description: Declination (ICRS) at Ep=2016.0 (dec)
#   meta: !!omap
#   - {ucd: POS_EQ_DEC_MAIN}
#   - {width: 15}
#   - {precision: '11'}
# - name: e_RA_ICRS
#   unit: mas
#   datatype: float64
#   format: '{:7.4f}'
#   description: Standard error of right ascension (ra_error)
#   meta: !!omap
#   - {ucd: ERROR}
#   - {width: 7}
#   - {precision: '4'}
# - name: e_DE_ICRS
#   unit: mas
#   datatype: float64
#   format: '{:7.4f}'
#   description: Standard error of declination (dec_error)
#   meta: !!omap
#   - {ucd: ERROR}
#   - {width: 7}
#   - {precision: '4'}
# - name: _r_1
#   unit: ''
#   datatype: float64
#   format: '{:7.4f}'
#   description: Distance from center (006.98061769000+62.90780184000)[ICRS], at Epoch=J2016.0
#   meta: !!omap
#   - {ucd: POS_ANG_DIST_GENERAL}
#   - {width: 7}
#   - {precision: '4'}
# - name: HIP
#   datatype: int32
#   description: '? HIP cross-id number, van Leeuwen, Cat. I/311 (hip_original_ext_source_id)'
#   meta: !!omap
#   - {ucd: ID_NUMBER}
#   - {width: 6}
#   - values: {'null': -2147483648}
# - name: TYC2
#   datatype: string
#   description: Tycho-2 cross-id name, Hog et al., Cat. I/259 (tyc2_original_ext_source_id)
#   meta: !!omap
#   - {ucd: ID_CROSSID}
#   - {_votable_string_dtype: char}
# - name: Source
#   datatype: int64
#   description: Source identifier, identical to the Gaia-EDR3 source_id (id)
#   meta: !!omap
#   - {ucd: ID_MAIN}
#   - {width: 19}
# - name: rgeo
#   unit: pc
#   datatype: float64
#   format: '{:15.8f}'
#   description: '? Median of the geometric distance posterior (r_med_geo)'
#   meta: !!omap
#   - {ucd: PHYS_DISTANCE_TRUE}
#   - {width: 15}
#   - {precision: '8'}
#   - values: {'null': .nan}
# - name: Plx
#   unit: mas
#   datatype: float64
#   format: '{:9.4f}'
#   description: '? Parallax (parallax)'
#   meta: !!omap
#   - {ucd: POS_PARLX_TRIG}
#   - {width: 9}
#   - {precision: '4'}
#   - values: {'null': .nan}
# - name: e_Plx
#   unit: mas
#   datatype: float32
#   format: '{:7.4f}'
#   description: '? Standard error of parallax (parallax_error)'
#   meta: !!omap
#   - {ucd: ERROR}
#   - {width: 7}
#   - {precision: '4'}
#   - values: {'null': .nan}
# - name: pmRA
#   unit: mas / yr
#   datatype: float64
#   format: '{:9.3f}'
#   description: '? Proper motion in right ascension direction, pmRA*cosDE (pmra)'
#   meta: !!omap
#   - {ucd: POS_EQ_PMRA}
#   - {width: 9}
#   - {precision: '3'}
#   - values: {'null': .nan}
# - name: pmDE
#   unit: mas / yr
#   datatype: float64
#   format: '{:9.3f}'
#   description: '? Proper motion in declination direction (pmdec)'
#   meta: !!omap
#   - {ucd: POS_EQ_PMDEC}
#   - {width: 9}
#   - {precision: '3'}
#   - values: {'null': .nan}
# - name: e_pmRA
#   unit: mas / yr
#   datatype: float32
#   format: '{:6.3f}'
#   description: '? Standard error of proper motion in right ascension direction (pmra_error)'
#   meta: !!omap
#   - {ucd: ERROR}
#   - {width: 6}
#   - {precision: '3'}
#   - values: {'null': .nan}
# - name: e_pmDE
[...]
#         unit: &id001 !astropy.units.Unit {unit: deg}
#         value: !astropy.table.SerializedColumn {name: SkyCoord.dec}
#       distance: !astropy.table.SerializedColumn
#         __class__: astropy.coordinates.distances.Distance
#         unit: !astropy.units.Unit {unit: pc}
#         value: !astropy.table.SerializedColumn {name: SkyCoord.distance}
#       frame: icrs
#       obstime: !astropy.time.Time {format: jyear_str, in_subfmt: '*', jd1: 367701545.0, jd2: 0.0, out_subfmt: '*', precision: 3, scale: tt}
#       pm_dec: !astropy.table.SerializedColumn
#         __class__: astropy.units.quantity.Quantity
#         unit: !astropy.units.Unit {unit: mas / yr}
#         value: !astropy.table.SerializedColumn {name: SkyCoord.pm_dec}
#       pm_ra_cosdec: !astropy.table.SerializedColumn
#         __class__: astropy.units.quantity.Quantity
#         unit: !astropy.units.Unit {unit: mas / yr}
#         value: !astropy.table.SerializedColumn {name: SkyCoord.pm_ra_cosdec}
#       ra: !astropy.table.SerializedColumn
#         __class__: astropy.coordinates.angles.Longitude
#         unit: *id001
#         value: !astropy.table.SerializedColumn {name: SkyCoord.ra}
#         wrap_angle: !astropy.coordinates.Angle
#           unit: *id001
#           value: 360.0
#       representation_type: spherical
# schema: astropy-2.0
RA_ICRS_1 DE_ICRS_1 e_RA_ICRS e_DE_ICRS _r_1 HIP TYC2 Source rgeo Plx e_Plx pmRA pmDE e_pmRA e_pmDE RUWE Teff logg Gmag BP-RP BPmag RPmag RV e_RV b_rgeo B_rgeo FG e_FG FBP e_FBP FRP e_FRP RAVE5 RAVE6 e_Gmag e_BPmag e_RPmag e_BP-RP SkyCoord.ra SkyCoord.dec SkyCoord.distance SkyCoord.pm_ra_cosdec SkyCoord.pm_dec
[from data line 284]
6.48398848822 62.83344619193 0.0137 0.0149 14.3014 "" "" 430579512342301184 2877.8728 0.3151 0.0183 -3.2 -0.546 0.018 0.022 1.002 9683.2 3.6701 14.725906 0.712912 14.996764 14.283853 "" "" 2733.82349 3030.49438 24242.86999 5.1734 13700.0 12.365 15333.0 9.6005 "" "" 0.0027650446451822127 0.0029572493 0.003840036 0.0067972853 6.48398848822 62.83344619193 2877.8728 -3.1999999999999997 -0.546
7.04846004639 62.80228026054 0.0145 0.0158 6.5981 "" "" 430939671118276992 3009.53076 0.3015 0.0204 -1.184 -0.676 0.019 0.021 1.049 "" "" 14.729788 1.993401 15.732502 13.739101 -28.54 3.89 2826.06299 3243.64429 24156.37238 6.5226 6956.9 9.861 25323.0 18.651 "" "" 0.0027708727156457867 0.003186451 0.003863056 0.007049507 7.04846004639 62.80228026054 3009.53076 -1.184 -0.6759999999999998
6.69969696394 62.71942042704 0.0158 0.017 13.6769 "" "" 430565940245754624 2156.25732 0.4385 0.0218 -2.182 -0.991 0.02 0.021 1.138 7575.5 4.0445 14.730099 0.952648 15.117938 14.16529 "" "" 2053.79199 2243.4812 24149.44199 4.9522 12253.0 17.388 17102.0 14.85 "" "" 0.0027643011326516026 0.0031873109 0.0038951938 0.0070825047 6.69969696394 62.71942042704 2156.25732 -2.182 -0.9909999999999999
6.96929820852 62.56422543667 0.0128 0.0138 20.6169 "" "" 430555357446520064 2532.88281 0.3665 0.0176 -4.519 -1.508 0.017 0.019 0.998 6313.5 3.7042 14.733583 1.307563 15.311015 14.003452 -78.55 4.95 2418.83618 2640.66528 24072.0817 4.6718 10257.0 10.988 19851.0 11.446 "" "" 0.0027633657205417845 0.0030228933 0.0038308802 0.0068537733 6.96929820852 62.56422543667 2532.88281 -4.519000000000001 -1.508
6.95038759619 62.91474430374 0.0152 0.0151 0.925 "" "" 430943588128368384 3054.05615 0.3043 0.0207 -2.859 -1.005 0.018 0.019 1.078 9664.3 3.9029 14.734442 0.729581 15.011302 14.281721 "" "" 2867.04565 3244.44116 24053.05314 5.6502 13517.0 15.495 15363.0 10.849 "" "" 0.0027670991460750616 0.003055179 0.00385637 0.006911549 6.95038759619 62.91474430374 3054.05615 -2.8590000000000004 -1.005
6.69399579879 62.84272957483 0.0142 0.0151 8.7591 "" "" 430579924659172736 2278.24194 0.4072 0.0188 -0.71 -0.342 0.018 0.019 0.935 9258.9 4.1076 14.741642 0.79054 15.047004 14.256464 "" "" 2187.97998 2387.27393 23894.05223 6.1267 13080.0 22.169 15724.0 13.204 "" "" 0.0027693488510509754 0.0033423565 0.0038877989 0.007230155 6.69399579879 62.84272957483 2278.24194 -0.7099999999999999 -0.342
7.69147330311 62.854631046 0.0148 0.0163 19.7019 "" "" 430755537282490368 2820.48071 0.3318 0.0198 -3.05 -0.725 0.018 0.022 1.018 9235.6 3.5515 14.74586 0.762778 15.040159 14.277381 "" "" 2660.67554 2993.61182 23801.41029 5.5488 13163.0 17.832 15424.0 14.823 "" "" 0.002766922014371675 0.0031541178 0.003920775 0.0070748925 7.69147330311 62.854631046 2820.48071 -3.0500000000000003 -0.7249999999999999
7.60783554499 62.71766303373 0.0139 0.0153 20.6349 "" "" 430748356097075328 2979.1145 0.3058 0.0192 -3.602 -0.262 0.018 0.019 1.038 9618.2 3.8093 14.756249 0.783926 15.060139 14.276213 "" "" 2838.65967 3166.30737 23574.74295 5.0946 12923.0 13.03 15441.0 12.332 "" "" 0.002765292322769549 0.0029972442 0.003877581 0.0068748253 7.60783554499 62.71766303373 2979.1145 -3.602 -0.262
7.00828399253 63.07998911916 0.0143 0.0147 10.3587 "" "" 430952349861478784 2965.08203 0.3116 0.0197 -2.139 -1.548 0.018 0.019 0.994 9160.3 3.925 14.758463 1.060004 15.196019 14.136015 "" "" 2797.54004 3162.10742 23526.72558 4.2689 11403.0 15.034 17569.0 13.605 "" "" 0.0027623541865587345 0.0031359417 0.0038717717 0.0070077134 7.00828399253 63.07998911916 2965.08203 -2.1389999999999993 -1.5479999999999996
6.72454384738 62.81376127661 0.0149 0.0155 8.9976 "" "" 430568139268934144 2526.46094 0.3669 0.0196 -2.114 -0.346 0.018 0.019 0.97 7982.2 4.1644 14.760155 0.741158 15.047905 14.306747 "" "" 2401.33984 2646.54785 23490.1097 5.4865 13069.0 12.606 15013.0 13.539 "" "" 0.002766965491251552 0.002980239 0.0039041564 0.006884395 6.72454384738 62.81376127661 2526.46094 -2.114 -0.3460000000000001
7.24713213949 62.65991814315 0.0138 0.0142 16.5738 "" "" 430562401192831488 2867.7688 0.3246 0.0187 -1.535 -0.114 0.017 0.018 1.004 8337.1 3.4995 14.768424 0.744284 15.054755 14.310472 "" "" 2705.4519 3058.55005 23311.86836 5.5963 12987.0 13.506 14961.0 11.244 "" "" 0.0027676207932623917 0.003009979 0.0038664667 0.0068764454 7.24713213949 62.65991814315 2867.7688 -1.535 -0.11400000000000003
6.33785102268 63.10512430447 0.0148 0.015 21.1324 "" "" 430961249033601280 2787.66528 0.3283 0.0207 -1.97 -0.99 0.019 0.021 1.016 9334.5 3.7399 14.769183 0.727982 15.049437 14.321454 "" "" 2676.1709 2974.28345 23295.58582 4.8572 13051.0 10.837 14811.0 12.186 "" "" 0.002764604307956069 0.0029322074 0.0038835197 0.006815727 6.33785102268 63.10512430447 2787.66528 -1.9700000000000002 -0.99
7.03878005153 62.65903170732 0.0139 0.0152 15.0113 "" "" 430562023235686144 2696.70068 0.3448 0.0188 -2.776 -0.994 0.017 0.019 0.955 9489.3 4.1272 14.772291 0.618708 15.004001 14.385293 "" "" 2544.93506 2850.00562 23228.99072 5.6338 13609.0 12.865 13965.0 12.422 "" "" 0.002767874728216677 0.0029729619 0.003900826 0.006873788 7.03878005153 62.65903170732 2696.70068 -2.776 -0.9939999999999999
7.02715361834 63.20781882081 0.014 0.0153 18.0454 "" "" 430978085306582528 2996.31421 0.3032 0.02 -2.329 -0.927 0.019 0.021 1.066 9932.7 3.937 14.777571 0.909539 15.138239 14.2287 "" "" 2837.45923 3171.21436 23116.31494 8.3261 12026.0 19.72 16132.0 18.926 "" "" 0.002782933724353344 0.003309798 0.0039882637 0.0072980616 7.02715361834 63.20781882081 2996.31421 -2.3290000000000006 -0.927
7.47308773994 63.06988839387 0.0149 0.015 16.5731 "" "" 430785670773696640 2717.56885 0.3446 0.0204 -2.857 -0.538 0.019 0.021 0.972 8701.7 3.7612 14.778471 0.76541 15.072885 14.307474 "" "" 2568.87085 2911.7085 23097.1575 5.5 12772.0 15.911 15003.0 16.099 "" "" 0.002767423451249178 0.0031007288 0.0039548795 0.0070556086 7.47308773994 63.06988839387 2717.56885 -2.857 -0.538
7.25419483839 62.97057536053 0.0148 0.015 8.3637 "" "" 430947883095640832 2930.99121 0.3152 0.0211 -2.854 -0.517 0.018 0.021 0.961 10256.7 4.1274 14.779783 0.697288 15.044842 14.347553 "" "" 2679.49365 3131.39697 23069.24373 7.2566 13106.0 18.139 14459.0 13.858 "" "" 0.0027764058773921455 0.0031690858 0.0039200243 0.00708911 7.25419483839 62.97057536053 2930.99121 -2.854 -0.5169999999999998
7.24894773654 62.83315183419 0.0153 0.0157 8.6 "" "" 430940701910424320 2569.13599 0.3626 0.0213 -3.339 -1.06 0.018 0.022 0.938 "" "" 14.785944 0.834733 15.113098 14.278365 "" "" 2427.75977 2743.32495 22938.72719 5.481 12308.0 12.089 15410.0 9.951 "" "" 0.0027675063951701885 0.0029870209 0.0038438635 0.006830884 7.24894773654 62.83315183419 2569.13599 -3.3389999999999995 -1.0600000000000003
6.48124905114 62.72850107785 0.0138 0.0147 17.409 "" "" 430572709114180480 2631.31982 0.3527 0.0183 -2.872 -0.921 0.017 0.021 0.927 9653.2 4.065 14.790225 0.832229 15.117255 14.285027 "" "" 2505.14233 2787.74756 22848.44849 4.4423 12261.0 14.733 15316.0 10.969 "" "" 0.00276339464962051 0.0030801177 0.0038585437 0.0069386614 6.48124905114 62.72850107785 2631.31982 -2.871999999999999 -0.9210000000000003
7.13381815214 62.95730873667 0.0328 0.0314 5.1302 "" "" 430948364131976576 2354.64966 0.4074 0.0444 -2.106 -0.598 0.04 0.041 2.207 5608.3 3.1323 14.790399 1.836691 15.682003 13.845312 -74.33 2.09 2067.04224 2596.75513 22844.80556 8.0958 7288.1 10.018 22963.0 12.753 "" "" 0.002782055760012503 0.0031642322 0.0038271819 0.0069914144 7.13381815214 62.95730873667 2354.64966 -2.106 -0.598
7.35042639863 63.06161391044 0.0148 0.0146 13.6656 "" "" 430949841600640896 2175.74121 0.4308 0.0198 -2.085 -0.285 0.019 0.021 1.011 6425.7 3.6392 14.796595 1.443039 15.450007 14.006968 -41.16 6.0 2082.53467 2278.36377 22714.79574 4.5654 9024.3 13.839 19787.0 14.983 "" "" 0.0027639481400268 0.0032491982 0.0038677684 0.007116967 7.35042639863 63.06161391044 2175.74121 -2.0850000000000004 -0.285
6.30484719928 62.80590530619 0.0148 0.0158 19.4819 "" "" 430576316886487552 2169.22754 0.429 0.0203 -3.62 -0.873 0.02 0.023 0.996 4890.0 3.3452 14.798829 1.627011 15.568037 13.941026 -23.66 4.32 2086.93188 2269.18896 22668.09029 4.7629 8094.7 10.43 21026.0 12.51 "" "" 0.0027647481485353334 0.0031212433 0.003834192 0.0069554355 6.30484719928 62.80590530619 2169.22754 -3.6200000000000006 -0.873
6.56275488752 63.24069114376 0.0148 0.0151 22.9745 "" "" 430966677872155520 2786.2605 0.3267 0.0208 -1.618 0.568 0.02 0.021 1.025 6097.9 2.837 14.818297 1.981187 15.811293 13.830106 -42.04 3.76 2651.77637 2951.75879 22265.26874 6.4046 6469.9 13.631 23287.0 14.034 "" "" 0.00277296376726545 0.0036079835 0.003835605 0.007443588 6.56275488752 63.24069114376 2786.2605 -1.618 0.568
7.26272720499 62.75914520925 0.0143 0.0156 11.8018 "" "" 430938434167720832 2466.06982 0.3822 0.0195 -2.724 -0.94 0.017 0.021 0.957 10040.6 4.0185 14.820455 0.613394 15.04725 14.433856 "" "" 2341.78687 2593.25122 22221.07646 6.3119 13077.0 14.043 13354.0 15.539 "" "" 0.0027725263099841854 0.0030239813 0.0039849556 0.007008937 7.26272720499 62.75914520925 2466.06982 -2.724 -0.9399999999999998
7.1721269576 62.65187836656 0.0137 0.0151 16.23 "" "" 430562465610530304 2545.2981 0.3641 0.0189 -3.181 -1.097 0.017 0.019 0.923 9709.6 3.9611 14.824989 0.618167 15.055339 14.437172 "" "" 2437.09424 2661.41577 22128.4515 6.1821 12980.0 11.267 13313.0 10.202 "" "" 0.002771966073796186 0.0029450397 0.0038698816 0.0068149213 7.1721269576 62.65187836656 2545.2981 -3.181 -1.0969999999999998
6.58803637506 62.8478504506 0.0138 0.0144 11.3248 "" "" 430580130817590784 2860.82031 0.322 0.0183 -2.178 -0.552 0.018 0.021 0.932 9710.1 3.8804 14.827724 0.667891 15.080965 14.413074 "" "" 2721.88135 3010.42139 22072.77324 5.7495 12677.0 11.122 13612.0 9.9421 "" "" 0.002769796363187791 0.0029482897 0.0038616832 0.006809973 6.58803637506 62.8478504506 2860.82031 -2.178 -0.552
6.78193147787 63.12199600065 0.015 0.016 13.9436 "" "" 430964753726958976 2947.271 0.3076 0.0213 -1.011 0.239 0.019 0.02 1.017 5316.2 2.9356 14.834583 1.950864 15.810352 13.859488 -32.02 2.71 2771.41382 3175.84497 21933.77742 5.4001 6475.5 10.691 22665.0 16.187 "" "" 0.002768256347769071 0.0033163617 0.003858108 0.0071744695 6.78193147787 63.12199600065 2947.271 -1.0110000000000001 0.239
6.60234504055 63.06779161648 0.018 0.0189 14.0857 "" "" 430959221809484544 2706.81641 0.3448 0.0255 -1.824 -1.116 0.023 0.026 1.359 9923.8 3.6533 14.840186 0.953416 15.088175 14.134759 "" "" 2531.56787 2920.48584 21820.87782 6.1983 12594.0 119.36 17590.0 407.0 "" "" 0.002772526730758033 0.010661666 0.02540462 0.036066286 6.60234504055 63.06779161648 2706.81641 -1.8240000000000003 -1.1160000000000003
6.99856526974 62.87710114748 0.0174 0.0171 1.9063 "" "" 430943347610236800 2174.71851 0.4331 0.0234 -5.547 -1.417 0.021 0.022 1.171 6656.0 3.8831 14.84707 1.202507 15.363391 14.160884 -85.36 9.67 2082.47168 2292.34131 21682.9769 4.2947 9773.7 12.431 17171.0 17.96 "" "" 0.0027636996316132826 0.0031131997 0.0039463113 0.007059511 6.99856526974 62.87710114748 2174.71851 -5.547 -1.4170000000000003
6.59179902848 62.67566039869 0.0145 0.0156 17.5436 "" "" 430571403444186240 2724.76514 0.3428 0.0194 -4.165 -0.714 0.018 0.021 0.997 "" "" 14.847531 0.738387 15.129413 14.391026 "" "" 2593.91846 2866.47949 21673.76286 5.3765 12124.0 14.519 13891.0 11.564 "" "" 0.00276845258094051 0.0030782474 0.0038859595 0.0069642067 6.59179902848 62.67566039869 2724.76514 -4.165 -0.7140000000000001
6.44414528285 62.73056238032 0.0152 0.0163 18.1462 "" "" 430572880912867072 2589.24023 0.3541 0.0202 -1.556 -0.595 0.019 0.023 1.065 "" "" 14.848872 0.909047 15.210032 14.300985 "" "" 2487.32642 2726.28613 21647.01684 4.3698 11257.0 13.261 15093.0 11.437 "" "" 0.0027640235852794868 0.0030693556 0.0038678965 0.0069372524 6.44414528285 62.73056238032 2589.24023 -1.5560000000000003 -0.595
7.47589093479 62.69051574333 0.0139 0.0155 18.8277 "" "" 430749966701063552 2682.38721 0.3471 0.0187 -3.672 -2.021 0.017 0.021 0.994 "" "" 14.852148 0.828156 15.178164 14.350009 "" "" 2543.02539 2887.84937 21581.80249 4.49 11592.0 15.626 14426.0 10.511 "" "" 0.002764563688051043 0.003150728 0.0038612874 0.007012015 7.47589093479 62.69051574333 2682.38721 -3.672 -2.021
7.3882230258 62.74553915843 0.0147 0.0147 14.8164 "" "" 430750933077424000 2330.14014 0.4026 0.0199 0.56 -0.915 0.018 0.021 0.99 6926.9 3.6061 14.852499 1.45102 15.507847 14.056827 11.12 9.55 2231.72656 2467.79541 21574.82545 4.5637 8556.1 11.698 18899.0 14.347 "" "" 0.00276487526735617 0.003160472 0.0038682136 0.007028686 7.3882230258 62.74553915843 2330.14014 0.56 -0.9149999999999999
7.22719519134 62.99506021435 0.0193 0.0174 8.5249 "" "" 430947917455350528 3050.07129 0.3037 0.0252 -3.119 -0.659 0.023 0.024 1.085 9326.2 3.9635 14.85345 0.850306 15.184092 14.333785 "" "" 2840.29492 3327.32446 21555.92475 5.9762 11529.0 12.745 14643.0 12.329 "" "" 0.002771713764577244 0.003037376 0.0038883693 0.0069257454 7.22719519134 62.99506021435 3050.07129 -3.1189999999999998 -0.659
7.58599723085 62.92815490635 0.0169 0.0158 16.5815 "" "" 430760382005570560 2809.44092 0.3287 0.0232 -2.237 -1.424 0.02 0.021 0.933 7558.8 3.1488 14.855081 1.02639 15.276107 14.249717 "" "" 2630.71362 2998.35449 21523.57669 6.1347 10592.0 18.815 15822.0 14.803 "" "" 0.002772643919757479 0.0033918566 0.003913515 0.0073053716 7.58599723085 62.92815490635 2809.44092 -2.2370000000000005 -1.424
7.21759784807 62.55381600159 0.0134 0.0141 22.2158 "" "" 430560167809919616 2806.25024 0.3302 0.0181 -3.129 -1.179 0.017 0.018 0.995 9353.1 4.136 14.86006 0.581452 15.080256 14.498804 "" "" 2678.25073 2961.81519 21425.09761 6.5921 12686.0 10.634 12579.0 10.18 "" "" 0.0027754974153474405 0.0029348521 0.003880179 0.006815031 7.21759784807 62.55381600159 2806.25024 -3.1289999999999996 -1.179
7.41829375239 63.08813667809 0.0168 0.0153 16.1005 "" "" 430785739494710016 2782.61768 0.3372 0.0212 -3.003 -1.012 0.021 0.021 1.001 9990.5 4.026 14.864449 0.71618 15.137013 14.420834 "" "" 2627.83789 2947.19434 21338.65575 5.899 12040.0 12.849 13515.0 21.064 "" "" 0.0027716201605736492 0.0030211934 0.004140922 0.0071621155 7.41829375239 63.08813667809 2782.61768 -3.003 -1.012
6.58072258301 62.90351377437 0.0152 0.0144 10.9311 "" "" 430581436487616640 2536.35254 0.3657 0.0195 -3.096 -0.558 0.019 0.02 1.005 10777.8 4.1026 14.86483 0.620957 15.098707 14.47775 "" "" 2416.84326 2649.7522 21331.16865 7.0291 12472.0 14.283 12825.0 18.021 "" "" 0.002778451363876339 0.0030546798 0.0040756883 0.007130368 6.58072258301 62.90351377437 2536.35254 -3.096 -0.5580000000000002
6.93308039897 62.70684992651 0.0145 0.0157 12.1274 "" "" 430565149971814272 2283.88501 0.4118 0.0197 -2.166 -0.147 0.017 0.021 1.018 8866.2 4.2958 14.866795 0.758632 15.161062 14.402431 "" "" 2197.4436 2386.25317 21292.61641 5.0249 11776.0 13.12 13746.0 11.757 "" "" 0.0027672081628527974 0.0030411026 0.0038917975 0.0069329003 6.93308039897 62.70684992651 2283.88501 -2.166000000000001 -0.14699999999999994
7.64212282793 62.72536374111 0.015 0.0158 21.1799 "" "" 430748493536026240 2989.40747 0.3079 0.0205 -2.442 -1.504 0.019 0.021 0.995 8998.8 3.6774 14.871611 0.985736 15.27237 14.286634 "" "" 2813.60303 3183.94873 21198.37909 4.1299 10628.0 11.847 15293.0 12.182 "" "" 0.002763427603509638 0.0030413475 0.0038770768 0.0069184243 7.64212282793 62.72536374111 2989.40747 -2.442 -1.504
7.06125123791 63.25925363158 0.0155 0.0177 21.2005 "" "" 430978428903939072 2266.50806 0.4109 0.0225 0.013 0.052 0.023 0.027 1.05 5066.7 3.0805 14.872141 1.714066 15.695397 13.981332 -31.04 2.66 2174.46069 2396.18213 21188.01548 5.055 7198.8 10.978 20259.0 12.899 "" "" 0.002767469516172011 0.0032444512 0.0038420847 0.007086536 7.06125123791 63.25925363158 2266.50806 0.013 0.052
