Clusters/UBC_391/UBC_391_stars_in_region.tsv
# %ECSV 1.0
# ---
# datatype:
# - name: RA_ICRS_1
#   unit: deg
#   datatype: float64
#   format: '{:15.11f}'
#   description: Right ascension (ICRS) at Ep=2016.0 (ra)
#   meta: !!omap
#   - {ucd: POS_EQ_RA_MAIN}
#   - {width: 15}
#   - {precision: '11'}
# - name: DE_ICRS_1
#   unit: deg
#   datatype: float64
#   format: '{:15.11f}'
#   description: Declination (ICRS) at Ep=2016.0 (dec)
#   meta: !!omap
#   - {ucd: POS_EQ_DEC_MAIN}
#   - {width: 15}
#   - {precision: '11'}
# - name: e_RA_ICRS
#   unit: mas
#   datatype: float64
#   format: '{:7.4f}'
#   description: Standard error of right ascension (ra_error)
#   meta: !!omap
#   - {ucd: ERROR}
#   - {width: 7}
#   - {precision: '4'}
# - name: e_DE_ICRS
#   unit: mas
#   datatype: float64
#   format: '{:7.4f}'
#   description: Standard error of declination (dec_error)
#   meta: !!omap
#   - {ucd: ERROR}
#   - {width: 7}
#   - {precision: '4'}
# - name: _r_1
#   unit: ''
#   datatype: float64
#   format: '{:7.4f}'
#   description: Distance from center (338.89381343000+59.00740435000)[ICRS], at Epoch=J2016.0
#   meta: !!omap
#   - {ucd: POS_ANG_DIST_GENERAL}
#   - {width: 7}
#   - {precision: '4'}
# - name: HIP
#   datatype: int32
#   description: '? HIP cross-id number, van Leeuwen, Cat. I/311 (hip_original_ext_source_id)'
#   meta: !!omap
#   - {ucd: ID_NUMBER}
#   - {width: 6}
#   - values: {'null': -2147483648}
# - name: TYC2
#   datatype: string
#   description: Tycho-2 cross-id name, Hog et al., Cat. I/259 (tyc2_original_ext_source_id)
#   meta: !!omap
#   - {ucd: ID_CROSSID}
#   - {_votable_string_dtype: char}
# - name: Source
#   datatype: int64
#   description: Source identifier, identical to the Gaia-EDR3 source_id (id)
#   meta: !!omap
#   - {ucd: ID_MAIN}
#   - {width: 19}
# - name: rgeo
#   unit: pc
#   datatype: float64
#   format: '{:15.8f}'
#   description: '? Median of the geometric distance posterior (r_med_geo)'
#   meta: !!omap
#   - {ucd: PHYS_DISTANCE_TRUE}
#   - {width: 15}
#   - {precision: '8'}
#   - values: {'null': .nan}
# - name: Plx
#   unit: mas
#   datatype: float64
#   format: '{:9.4f}'
#   description: '? Parallax (parallax)'
#   meta: !!omap
#   - {ucd: POS_PARLX_TRIG}
#   - {width: 9}
#   - {precision: '4'}
#   - values: {'null': .nan}
# - name: e_Plx
#   unit: mas
#   datatype: float32
#   format: '{:7.4f}'
#   description: '? Standard error of parallax (parallax_error)'
#   meta: !!omap
#   - {ucd: ERROR}
#   - {width: 7}
#   - {precision: '4'}
#   - values: {'null': .nan}
# - name: pmRA
#   unit: mas / yr
#   datatype: float64
#   format: '{:9.3f}'
#   description: '? Proper motion in right ascension direction, pmRA*cosDE (pmra)'
#   meta: !!omap
#   - {ucd: POS_EQ_PMRA}
#   - {width: 9}
#   - {precision: '3'}
#   - values: {'null': .nan}
# - name: pmDE
#   unit: mas / yr
#   datatype: float64
#   format: '{:9.3f}'
#   description: '? Proper motion in declination direction (pmdec)'
#   meta: !!omap
#   - {ucd: POS_EQ_PMDEC}
#   - {width: 9}
#   - {precision: '3'}
#   - values: {'null': .nan}
# - name: e_pmRA
#   unit: mas / yr
#   datatype: float32
#   format: '{:6.3f}'
#   description: '? Standard error of proper motion in right ascension direction (pmra_error)'
#   meta: !!omap
#   - {ucd: ERROR}
#   - {width: 6}
#   - {precision: '3'}
#   - values: {'null': .nan}
# - name: e_pmDE
[...]
#         value: !astropy.table.SerializedColumn {name: SkyCoord.dec}
#       distance: !astropy.table.SerializedColumn
#         __class__: astropy.coordinates.distances.Distance
#         unit: !astropy.units.Unit {unit: pc}
#         value: !astropy.table.SerializedColumn {name: SkyCoord.distance}
#       frame: icrs
#       obstime: !astropy.time.Time {format: jyear_str, in_subfmt: '*', jd1: 367701545.0, jd2: 0.0, out_subfmt: '*', precision: 3, scale: tt}
#       pm_dec: !astropy.table.SerializedColumn
#         __class__: astropy.units.quantity.Quantity
#         unit: !astropy.units.Unit {unit: mas / yr}
#         value: !astropy.table.SerializedColumn {name: SkyCoord.pm_dec}
#       pm_ra_cosdec: !astropy.table.SerializedColumn
#         __class__: astropy.units.quantity.Quantity
#         unit: !astropy.units.Unit {unit: mas / yr}
#         value: !astropy.table.SerializedColumn {name: SkyCoord.pm_ra_cosdec}
#       ra: !astropy.table.SerializedColumn
#         __class__: astropy.coordinates.angles.Longitude
#         unit: *id001
#         value: !astropy.table.SerializedColumn {name: SkyCoord.ra}
#         wrap_angle: !astropy.coordinates.Angle
#           unit: *id001
#           value: 360.0
#       representation_type: spherical
# schema: astropy-2.0
RA_ICRS_1 DE_ICRS_1 e_RA_ICRS e_DE_ICRS _r_1 HIP TYC2 Source rgeo Plx e_Plx pmRA pmDE e_pmRA e_pmDE RUWE Teff logg Gmag BP-RP BPmag RPmag RV e_RV b_rgeo B_rgeo FG e_FG FBP e_FBP FRP e_FRP RAVE5 RAVE6 e_Gmag e_BPmag e_RPmag e_BP-RP SkyCoord.ra SkyCoord.dec SkyCoord.distance SkyCoord.pm_ra_cosdec SkyCoord.pm_dec rmRA rmDE e_rmRA e_rmDE rRV e_rRV v_pec v_pec3d e_vpec e_vpec3d
[from data line 90]
338.43123718746 59.23543152151 0.0132 0.0142 19.7505 "" "" 2200593499898126080 2097.76465 0.4365 0.0164 -4.136 -1.955 0.018 0.017 1.033 "" "" 14.527992 2.566617 15.942538 13.375921 -96.63 1.82 2041.65295 2152.53687 29090.41247 8.562 5733.3 14.665 35383.0 21.17 "" "" 0.0027737892307138183 0.0039367112 0.0038348034 0.0077715144 338.43123718746 59.23543152151 2097.76465 -4.135999999999997 -1.9550000000000005 -1.3460343704223634 0.06034485816955559 0.12616797 0.12516797 -50.88999999999999 3.88 13.397607608574036 52.62402483308665 1.6903221596817928 3.7767471228532736
338.59029525453 58.80956981485 0.0179 0.0185 15.1439 "" "" 2008040976338023296 1920.37158 0.4798 0.0217 -6.372 -5.154 0.022 0.021 1.294 "" "" 14.538261 2.745846 16.08669 13.340845 -39.39 1.92 1842.99353 1998.81616 28816.57282 12.61 5020.4 13.501 36544.0 28.798 "" "" 0.0027959831732754423 0.0040385933 0.0038750197 0.007913613 338.59029525453 58.80956981485 1920.37158 -6.372000000000003 -5.153999999999998 -3.582034370422363 -3.1386551418304443 0.13016796 0.12916797 6.350000000000001 3.98 43.35163627864613 43.81423134138071 5.624207190260697 5.594641581741798
339.5962191129 59.04084170152 0.0142 0.014 21.7832 "" "" 2008433983020297088 2673.51855 0.3367 0.0164 -0.365 -3.286 0.018 0.018 1.073 "" "" 14.547994 2.191909 15.687794 13.495885 -28.17 1.71 2537.22754 2814.09692 28559.4228 8.6173 7249.4 13.77 31681.0 22.198 "" "" 0.0027747274197223986 0.0034696131 0.0038551863 0.0073247994 339.5962191129 59.04084170152 2673.51855 -0.3650000000000002 -3.286 2.4249656295776365 -1.2706551418304444 0.12616797 0.12616797 17.57 3.77 34.69349259061833 38.888858663314984 4.377207460050983 4.260297720249519
338.9088415164 58.66298841375 0.0141 0.0152 20.6702 "" "" 2008396084228349312 2650.36182 0.3456 0.0175 -4.302 -1.78 0.019 0.017 1.027 4961.1 2.7134 14.556747 2.173428 15.685525 13.512096 -113.24 2.39 2547.08618 2755.00439 28330.08603 8.247 7264.5 10.608 31212.0 16.54 "" "" 0.0027733886546390243 0.0032091578 0.0038229262 0.0070320843 338.9088415164 58.66298841375 2650.36182 -4.302 -1.7799999999999996 -1.5120343704223629 0.23534485816955564 0.12716797 0.12516797 -67.5 4.45 19.223971842118633 70.1841228012901 2.4437710387927893 4.331842620985148
339.41388798137 59.1305852847 0.0155 0.0156 17.6601 "" "" 2008424602811320448 2183.94653 0.433 0.0188 -1.275 -1.225 0.02 0.019 1.161 "" "" 14.5711 1.254157 15.110961 13.856804 "" "" 2088.76489 2285.51099 27958.03594 5.9702 12332.0 15.424 22721.0 16.39 "" "" 0.002765057627171074 0.003103081 0.003859681 0.006962762 339.41388798137 59.1305852847 2183.94653 -1.2750000000000001 -1.225 1.5149656295776368 0.7903448581695556 0.12816797 0.12716797 "" "" 17.6886364276563 "" 2.2633440260657443 ""
338.94316816463 58.77769842882 0.0136 0.0149 13.867 "" "" 2008401272549033472 1913.90295 0.4917 0.0164 -6.448 -5.075 0.018 0.018 1.043 "" "" 14.583791 1.507191 15.269428 13.762238 -72.73 6.61 1860.3324 1975.04956 27633.15899 10.781 10657.0 21.089 24789.0 25.033 "" "" 0.002787691475676499 0.0035215497 0.003935209 0.007456759 338.94316816463 58.77769842882 1913.90295 -6.448 -5.075000000000005 -3.6580343704223637 -3.0596551418304445 0.12616797 0.12616797 -26.990000000000002 8.67 43.26326711169474 50.99186583346257 5.45843849686952 6.519705932386458
338.66573790965 59.34008211374 0.0158 0.0149 21.1566 "" "" 2200595733281122304 2439.87354 0.3703 0.0176 -2.586 -0.399 0.022 0.018 1.072 5031.9 2.6956 14.587346 2.320935 15.821227 13.500292 -26.96 2.46 2345.93652 2555.14233 27542.80512 7.6083 6411.0 15.359 31553.0 16.164 "" "" 0.002771595339919773 0.0038145653 0.00382009 0.0076346556 338.66573790965 59.34008211374 2439.87354 -2.5860000000000003 -0.3990000000000003 0.20396562957763686 1.6163448581695556 0.13016796 0.12616797 18.78 4.52 18.84127316182491 26.602292652297912 2.378364854536542 3.608247199116855
339.28531429594 59.24407122465 0.0144 0.0155 18.6263 "" "" 2008428932138267520 2004.33325 0.4612 0.0177 -4.092 2.364 0.019 0.018 1.135 "" "" 14.600836 2.46455 15.937414 13.472864 18.26 2.48 1930.27197 2075.61401 27202.73528 8.6253 5760.4 11.979 32360.0 18.797 "" "" 0.0027767434195782774 0.0035892713 0.0038316413 0.0074209124 339.28531429594 59.24407122465 2004.33325 -4.092 2.364 -1.302034370422363 4.3793448581695555 0.12716797 0.12616797 64.0 4.54 43.40608764777768 77.33103157779908 5.479995965606819 4.855829049958518
338.59843524684 59.05777926265 0.015 0.0156 9.6071 "" "" 2200575942071751552 2429.92358 0.3775 0.0175 -2.924 -4.527 0.018 0.018 0.992 5081.4 2.7853 14.612145 2.303762 15.833719 13.529957 -36.84 2.67 2336.44849 2533.00122 26920.82906 7.3886 6337.7 11.534 30703.0 23.813 "" "" 0.002771387006715626 0.0034189716 0.0038720588 0.00729103 338.59843524684 59.05777926265 2429.92358 -2.924 -4.527000000000003 -0.1340343704223632 -2.5116551418304445 0.12616797 0.12616797 8.899999999999999 4.73 28.969999211475102 30.30628407299166 3.6550859310264645 3.7599157066068014
338.84536415733 59.34667092595 0.0146 0.0142 20.4104 "" "" 2200598104103103360 2261.323 0.4033 0.0172 2.095 -2.008 0.019 0.017 1.021 5289.1 2.551 14.616512 2.464691 15.955079 13.490388 -28.64 2.38 2162.10303 2358.26318 26812.78338 8.0641 5667.4 10.44 31842.0 24.741 "" "" 0.002774602445781768 0.0034329651 0.00387239 0.007305355 338.84536415733 59.34667092595 2261.323 2.0950000000000006 -2.0080000000000013 4.884965629577637 0.007344858169555657 0.12716797 0.12516797 17.1 4.44 52.360398713044596 55.08195124892547 6.6585653748153835 6.477917207626075
338.7472955231 58.99185299834 0.0147 0.015 4.6229 "" "" 2008418452417893504 2366.84058 0.3934 0.0176 -1.729 -2.588 0.019 0.018 0.979 "" "" 14.642452 1.49223 15.31924 13.82701 -14.42 6.43 2264.78442 2470.28467 26179.7757 7.077 10179.0 11.712 23354.0 21.57 "" "" 0.0027709080546263493 0.0030570705 0.0039101574 0.006967228 338.7472955231 58.99185299834 2366.84058 -1.729 -2.588 1.0609656295776366 -0.5726551418304444 0.12716797 0.12616797 31.32 8.49 13.525929311549746 34.115878469431806 1.7170227698346452 7.823895666500717
338.70827268536 58.99630572661 0.0149 0.015 5.7719 "" "" 2200571956342122240 2210.81812 0.4223 0.0179 -4.115 -2.933 0.019 0.018 1.0 "" "" 14.658269 1.449953 15.307809 13.857856 "" "" 2124.24805 2291.33984 25801.14793 7.4798 10287.0 16.029 22699.0 22.232 "" "" 0.0027732402213254755 0.003262996 0.003926136 0.0071891323 338.70827268536 58.99630572661 2210.81812 -4.114999999999998 -2.932999999999999 -1.3250343704223635 -0.9176551418304442 0.12716797 0.12616797 "" "" 16.890200381696086 "" 2.1424320341126353 ""
338.93926131602 59.08500124782 0.0153 0.0155 4.8625 "" "" 2008420651441321600 2345.0686 0.4027 0.0181 -2.808 -1.999 0.02 0.019 0.962 9343.9 3.528 14.66129 1.184269 15.160365 13.976096 "" "" 2259.53101 2432.22778 25729.45066 6.1162 11783.0 14.04 20357.0 16.184 "" "" 0.0027673816438518856 0.0030755037 0.0038766982 0.006952202 338.93926131602 59.08500124782 2345.0686 -2.808 -1.999 -0.01803437042236311 0.016344858169555554 0.12816797 0.12716797 "" "" 0.27054456733602744 "" 0.03455340168346136 ""
339.26982772127 59.10598996399 0.0158 0.0157 13.0216 "" "" 2008424362293135232 2705.92065 0.3448 0.0182 -2.805 -2.026 0.021 0.019 1.024 7184.9 3.4033 14.672267 1.271546 15.220482 13.948935 "" "" 2575.11987 2847.37354 25470.64523 6.3351 11149.0 19.903 20873.0 12.991 "" "" 0.002768522038257015 0.0033973241 0.0038393172 0.0072366414 339.26982772127 59.10598996399 2705.92065 -2.804999999999998 -2.0259999999999994 -0.015034370422363441 -0.010655141830444137 0.12916797 0.12716797 "" "" 0.23634936366982462 "" 0.030371541815831196 ""
339.36797294232 59.20996670567 0.0143 0.0153 19.0015 "" "" 2008428244943541120 2230.29468 0.4105 0.0178 6.903 3.496 0.018 0.018 1.07 4828.8 2.2378 14.68611 2.407607 15.982579 13.574972 -15.05 2.27 2150.16821 2340.3772 25147.95773 7.7573 5525.7 9.4425 29456.0 22.962 "" "" 0.002775600153761097 0.0033507228 0.0038729922 0.007223715 339.36797294232 59.20996670567 2230.29468 6.903 3.496000000000001 9.692965629577635 5.511344858169556 0.12616797 0.12616797 30.69 4.33 117.876150769461 121.80584148646034 14.872194408288118 14.433679101172329
338.39612325186 58.77405376444 0.0154 0.0155 20.8342 "" "" 2008039155271865088 2663.39233 0.3346 0.0183 -0.549 -1.045 0.02 0.019 0.999 4892.8 2.4051 14.693851 2.909753 16.374954 13.465201 -39.08 1.6 2510.94653 2801.49463 24969.29633 10.28 3849.8 10.309 32590.0 27.456 "" "" 0.0027913440663886128 0.0040296325 0.0038884955 0.007918128 338.39612325186 58.77405376444 2663.39233 -0.549 -1.045 2.240965629577637 0.9703448581695557 0.12816797 0.12716797 6.660000000000004 3.6599998 30.82932074141753 31.540491711087782 3.9464799135273423 3.934150890053078
339.37642235005 59.02290623898 0.0154 0.0161 14.9361 "" "" 2008411236873136384 2615.65674 0.3468 0.0192 -1.826 -1.845 0.02 0.02 1.072 4918.4 2.5739 14.695989 2.264218 15.888646 13.624428 -79.6 2.22 2488.93604 2750.79102 24920.17834 8.2092 6025.0 10.613 28144.0 20.151 "" "" 0.002778437007004311 0.0033827166 0.003858504 0.00724122 339.37642235005 59.02290623898 2615.65674 -1.8259999999999994 -1.8450000000000002 0.9639656295776367 0.1703448581695557 0.12816797 0.12816797 -33.85999999999999 4.2799997 12.136622659425129 35.96939267734821 1.555526312807292 4.06304583353099
339.39462775889 59.01201044586 0.0168 0.0158 15.4744 "" "" 2008411030714716544 1983.87964 0.4731 0.0194 -3.266 -2.162 0.021 0.019 1.09 "" "" 14.69627 1.247027 15.232418 13.985391 "" "" 1889.80237 2067.41992 24913.72526 5.429 11027.0 15.392 20184.0 16.538 "" "" 0.002765459559609408 0.0031751932 0.003882671 0.007057864 339.39462775889 59.01201044586 1983.87964 -3.266 -2.162 -0.4760343704223633 -0.14665514183044426 0.12916797 0.12716797 "" "" 4.684049150967295 "" 0.6042228225191361 ""
338.37455584441 58.85715899455 0.016 0.0184 18.4325 "" "" 2200195407972291712 2835.24951 0.3216 0.0197 -3.205 -2.771 0.02 0.022 1.148 7879.1 2.5572 14.697295 2.095153 15.760986 13.665833 "" "" 2676.46558 2976.55688 24890.21928 8.2156 6776.8 12.374 27091.0 19.938 "" "" 0.0027785284549112815 0.0034227609 0.00386293 0.007285691 338.37455584441 58.85715899455 2835.24951 -3.205 -2.770999999999999 -0.41503437042236335 -0.7556551418304442 0.12816797 0.13016796 "" "" 11.586237011998163 "" 1.5028184300388112 ""
338.59256274499 59.13610899144 0.0144 0.0153 12.0804 "" "" 2200577483958854016 2674.90649 0.3445 0.0172 -5.102 -3.503 0.019 0.019 0.946 8581.9 3.3812 14.705749 1.473128 15.37309 13.899961 "" "" 2551.63257 2809.38818 24697.16242 7.5284 9686.8 14.04 21836.0 16.884 "" "" 0.002775126330127833 0.0032033508 0.0038714993 0.00707485 338.59256274499 59.13610899144 2674.90649 -5.101999999999998 -3.5029999999999997 -2.3120343704223636 -1.4876551418304444 0.12716797 0.12716797 "" "" 34.85846218314753 "" 4.432879871134087 ""
338.47271566317 59.21247817655 0.0155 0.0163 17.8788 "" "" 2200590270082736640 2664.15283 0.3349 0.0186 -1.353 -4.38 0.021 0.02 1.022 4742.2 2.562 14.706205 2.404961 16.000315 13.595354 -54.03 2.02 2556.24658 2818.02759 24686.78721 8.0503 5436.1 11.789 28908.0 19.263 "" "" 0.0027779749726577884 0.0036509044 0.0038480072 0.0074989116 338.47271566317 59.21247817655 2664.15283 -1.3529999999999989 -4.3800000000000034 1.4369656295776367 -2.3646551418304442 0.12916797 0.12816797 -8.29 4.08 34.942309271836315 35.91224132867034 4.487935310240297 4.467137266634762
338.72368449884 59.32939488893 0.0163 0.0153 20.0152 "" "" 2200592881422851456 2190.62158 0.4224 0.0183 0.382 -2.461 0.023 0.02 1.06 "" "" 14.716293 2.605689 16.161581 13.555892 -35.61 2.72 2105.57397 2281.59766 24458.48433 8.2111 4685.8 8.9627 29978.0 18.509 "" "" 0.0027793252355883115 0.0034781955 0.0038383724 0.007316568 338.72368449884 59.32939488893 2190.62158 0.3820000000000003 -2.461 3.171965629577637 -0.4456551418304442 0.13116796 0.12816797 10.130000000000003 4.7799997 33.25973948362726 34.76819193629076 4.360702471901279 4.397849489599957
338.83058456936 58.81634055734 0.0152 0.0165 11.63 "" "" 2008412576902684672 2619.5791 0.3553 0.0189 -3.782 -3.498 0.019 0.02 1.027 "" "" 14.721814 2.277481 15.92466 13.647179 -53.49 2.57 2482.12378 2753.86353 24334.42131 7.164 5828.4 9.7769 27560.0 19.28 "" "" 0.0027737984915080396 0.0033319814 0.003854949 0.0071869306 338.83058456936 58.81634055734 2619.5791 -3.782 -3.498 -0.9920343704223633 -1.4826551418304446 0.12716797 0.12816797 -7.75 4.63 22.15068373891996 23.46732388027346 2.832176773869317 3.07967127912601
338.61097311216 58.7346296037 0.4482 0.5136 18.5696 "" "" 2008036750090240384 2520.53076 0.7343 0.5379 -2.502 3.307 0.586 0.619 36.754 7768.7 2.9579 14.732529 2.434536 15.92721 13.492674 -49.88 2.67 1581.73572 4094.96436 24095.47293 112.09 5814.8 10.011 31775.0 27.229 "" "" 0.005753420378975629 0.0033584428 0.0038922196 0.0072506624 338.61097311216 58.7346296037 2520.53076 -2.502 3.307 0.28796562957763694 5.322344858169556 0.694168 0.72716796 -4.140000000000001 4.73 63.6807387301834 63.8151712778543 46.30059814558548 46.20408065172704
338.69489360637 59.02209330109 0.0147 0.0151 6.2073 "" "" 2200572231220024832 2478.09521 0.3754 0.0174 -4.904 -3.903 0.018 0.018 1.006 "" "" 14.739324 1.256612 15.28153 14.024919 "" "" 2370.65015 2596.06641 23945.13146 5.3993 10539.0 11.429 19462.0 12.391 "" "" 0.0027661752640557296 0.0030284282 0.003842079 0.0068705073 338.69489360637 59.02209330109 2478.09521 -4.903999999999997 -3.9029999999999987 -2.114034370422363 -1.8876551418304444 0.12616797 0.12616797 "" "" 33.290363779799335 "" 4.2001775492662095 ""
338.78179289335 59.35727621603 0.0173 0.0161 21.2728 "" "" 2200593018861804288 2270.16504 0.4031 0.0194 -5.69 -2.206 0.022 0.02 1.124 5126.2 2.7895 14.744461 2.36736 16.012737 13.645377 -67.13 2.08 2186.16211 2366.28638 23832.10982 9.1664 5374.3 11.213 27606.0 19.037 "" "" 0.0027867865453979823 0.0035939668 0.0038528312 0.007446798 338.78179289335 59.35727621603 2270.16504 -5.69 -2.206 -2.9000343704223637 -0.1906551418304443 0.13016796 0.12816797 -21.389999999999993 4.14 31.273422998544792 37.88877255924122 4.070530601668592 4.092799414384045
338.95043239983 59.1099003283 0.0166 0.0165 6.393 "" "" 2200574292804618880 2363.27051 0.3976 0.0199 -2.785 -1.988 0.021 0.021 1.075 "" "" 14.747746 1.295794 15.309513 14.01372 "" "" 2260.00049 2474.28687 23760.09106 5.7162 10271.0 16.454 19664.0 10.653 "" "" 0.0027676737750816542 0.003287907 0.0038248799 0.007112787 338.95043239983 59.1099003283 2363.27051 -2.7849999999999997 -1.9879999999999995 0.004965629577636577 0.027344858169555675 0.12916797 0.12916797 "" "" 0.3113239680385152 "" 0.040213086207684136 ""
338.98438128509 59.08559866844 0.0159 0.0162 5.4611 "" "" 2008420617081851392 2503.26074 0.3764 0.0192 -2.792 -1.973 0.02 0.019 1.001 "" "" 14.750371 1.168983 15.241887 14.072905 "" "" 2379.63135 2605.802 23702.72935 6.0721 10931.0 12.526 18621.0 14.793 "" "" 0.0027693233410225815 0.0030549937 0.0038765573 0.006931551 338.98438128509 59.08559866844 2503.26074 -2.7920000000000003 -1.9730000000000003 -0.0020343704223630965 0.04234485816955558 0.12816797 0.12716797 "" "" 0.5030205608584947 "" 0.06396926646877812 ""
