Clusters/UBC_391/UBC_391_stars_in_region.tsv
# %ECSV 1.0
# ---
# datatype:
# - name: RA_ICRS_1
#   unit: deg
#   datatype: float64
#   format: '{:15.11f}'
#   description: Right ascension (ICRS) at Ep=2016.0 (ra)
#   meta: !!omap
#   - {ucd: POS_EQ_RA_MAIN}
#   - {width: 15}
#   - {precision: '11'}
# - name: DE_ICRS_1
#   unit: deg
#   datatype: float64
#   format: '{:15.11f}'
#   description: Declination (ICRS) at Ep=2016.0 (dec)
#   meta: !!omap
#   - {ucd: POS_EQ_DEC_MAIN}
#   - {width: 15}
#   - {precision: '11'}
# - name: e_RA_ICRS
#   unit: mas
#   datatype: float64
#   format: '{:7.4f}'
#   description: Standard error of right ascension (ra_error)
#   meta: !!omap
#   - {ucd: ERROR}
#   - {width: 7}
#   - {precision: '4'}
# - name: e_DE_ICRS
#   unit: mas
#   datatype: float64
#   format: '{:7.4f}'
#   description: Standard error of declination (dec_error)
#   meta: !!omap
#   - {ucd: ERROR}
#   - {width: 7}
#   - {precision: '4'}
# - name: _r_1
#   unit: ''
#   datatype: float64
#   format: '{:7.4f}'
#   description: Distance from center (338.89381343000+59.00740435000)[ICRS], at Epoch=J2016.0
#   meta: !!omap
#   - {ucd: POS_ANG_DIST_GENERAL}
#   - {width: 7}
#   - {precision: '4'}
# - name: HIP
#   datatype: int32
#   description: '? HIP cross-id number, van Leeuwen, Cat. I/311 (hip_original_ext_source_id)'
#   meta: !!omap
#   - {ucd: ID_NUMBER}
#   - {width: 6}
#   - values: {'null': -2147483648}
# - name: TYC2
#   datatype: string
#   description: Tycho-2 cross-id name, Hog et al., Cat. I/259 (tyc2_original_ext_source_id)
#   meta: !!omap
#   - {ucd: ID_CROSSID}
#   - {_votable_string_dtype: char}
# - name: Source
#   datatype: int64
#   description: Source identifier, identical to the Gaia-EDR3 source_id (id)
#   meta: !!omap
#   - {ucd: ID_MAIN}
#   - {width: 19}
# - name: rgeo
#   unit: pc
#   datatype: float64
#   format: '{:15.8f}'
#   description: '? Median of the geometric distance posterior (r_med_geo)'
#   meta: !!omap
#   - {ucd: PHYS_DISTANCE_TRUE}
#   - {width: 15}
#   - {precision: '8'}
#   - values: {'null': .nan}
# - name: Plx
#   unit: mas
#   datatype: float64
#   format: '{:9.4f}'
#   description: '? Parallax (parallax)'
#   meta: !!omap
#   - {ucd: POS_PARLX_TRIG}
#   - {width: 9}
#   - {precision: '4'}
#   - values: {'null': .nan}
# - name: e_Plx
#   unit: mas
#   datatype: float32
#   format: '{:7.4f}'
#   description: '? Standard error of parallax (parallax_error)'
#   meta: !!omap
#   - {ucd: ERROR}
#   - {width: 7}
#   - {precision: '4'}
#   - values: {'null': .nan}
# - name: pmRA
#   unit: mas / yr
#   datatype: float64
#   format: '{:9.3f}'
#   description: '? Proper motion in right ascension direction, pmRA*cosDE (pmra)'
#   meta: !!omap
#   - {ucd: POS_EQ_PMRA}
#   - {width: 9}
#   - {precision: '3'}
#   - values: {'null': .nan}
# - name: pmDE
#   unit: mas / yr
#   datatype: float64
#   format: '{:9.3f}'
#   description: '? Proper motion in declination direction (pmdec)'
#   meta: !!omap
#   - {ucd: POS_EQ_PMDEC}
#   - {width: 9}
#   - {precision: '3'}
#   - values: {'null': .nan}
# - name: e_pmRA
#   unit: mas / yr
#   datatype: float32
#   format: '{:6.3f}'
#   description: '? Standard error of proper motion in right ascension direction (pmra_error)'
#   meta: !!omap
#   - {ucd: ERROR}
#   - {width: 6}
#   - {precision: '3'}
#   - values: {'null': .nan}
# - name: e_pmDE
[...]
#         value: !astropy.table.SerializedColumn {name: SkyCoord.dec}
#       distance: !astropy.table.SerializedColumn
#         __class__: astropy.coordinates.distances.Distance
#         unit: !astropy.units.Unit {unit: pc}
#         value: !astropy.table.SerializedColumn {name: SkyCoord.distance}
#       frame: icrs
#       obstime: !astropy.time.Time {format: jyear_str, in_subfmt: '*', jd1: 367701545.0, jd2: 0.0, out_subfmt: '*', precision: 3, scale: tt}
#       pm_dec: !astropy.table.SerializedColumn
#         __class__: astropy.units.quantity.Quantity
#         unit: !astropy.units.Unit {unit: mas / yr}
#         value: !astropy.table.SerializedColumn {name: SkyCoord.pm_dec}
#       pm_ra_cosdec: !astropy.table.SerializedColumn
#         __class__: astropy.units.quantity.Quantity
#         unit: !astropy.units.Unit {unit: mas / yr}
#         value: !astropy.table.SerializedColumn {name: SkyCoord.pm_ra_cosdec}
#       ra: !astropy.table.SerializedColumn
#         __class__: astropy.coordinates.angles.Longitude
#         unit: *id001
#         value: !astropy.table.SerializedColumn {name: SkyCoord.ra}
#         wrap_angle: !astropy.coordinates.Angle
#           unit: *id001
#           value: 360.0
#       representation_type: spherical
# schema: astropy-2.0
RA_ICRS_1 DE_ICRS_1 e_RA_ICRS e_DE_ICRS _r_1 HIP TYC2 Source rgeo Plx e_Plx pmRA pmDE e_pmRA e_pmDE RUWE Teff logg Gmag BP-RP BPmag RPmag RV e_RV b_rgeo B_rgeo FG e_FG FBP e_FBP FRP e_FRP RAVE5 RAVE6 e_Gmag e_BPmag e_RPmag e_BP-RP SkyCoord.ra SkyCoord.dec SkyCoord.distance SkyCoord.pm_ra_cosdec SkyCoord.pm_dec rmRA rmDE e_rmRA e_rmDE rRV e_rRV v_pec v_pec3d e_vpec e_vpec3d
[from data line 683]
339.04303038555 59.15787877203 0.0458 0.0442 10.1328 "" "" 2200580374478241792 2762.28174 0.3465 0.0557 -3.43 -3.026 0.056 0.051 0.981 "" "" 16.899109 2.032186 17.902037 15.869851 "" "" 2379.13452 3250.4231 3275.69236 2.4316 943.2 8.5119 3558.1 13.078 "" "" 0.0028707769864394213 0.010187741 0.0054962984 0.01568404 339.04303038555 59.15787877203 2762.28174 -3.4299999999999997 -3.0260000000000016 -0.6400343704223634 -1.0106551418304441 0.16416797 0.15916798 "" "" 15.663053121084419 "" 2.5157232846550563 ""
338.48791435779 59.10973978546 0.0571 0.0547 13.9462 "" "" 2200577179014693760 2035.78369 0.4837 0.0649 -3.898 -1.03 0.07 0.065 1.116 6292.4 4.457 16.901962 1.725245 17.548016 15.82277 "" "" 1799.47559 2365.63843 3267.09631 2.6534 1306.8 11.424 3715.8 45.354 "" "" 0.0028929816273856246 0.009893078 0.013780573 0.023673652 338.48791435779 59.10973978546 2035.78369 -3.898 -1.03 -1.1080343704223634 0.9853448581695556 0.17816797 0.17316797 "" "" 14.308282115806826 "" 2.5179360908798514 ""
338.64572444683 58.72253801708 0.0421 0.0432 18.7449 "" "" 2008036642703450368 2279.52075 0.4387 0.0488 -4.808 -3.392 0.055 0.053 1.019 9265.9 4.3259 16.903109 1.728908 17.735546 16.006638 "" "" 2022.81396 2585.26807 3263.64786 2.054 1099.5 7.7499 3136.9 8.7366 "" "" 0.0028387866864178794 0.008145655 0.004840211 0.012985866 338.64572444683 58.72253801708 2279.52075 -4.807999999999998 -3.391999999999999 -2.018034370422363 -1.3766551418304442 0.16316797 0.16116796 "" "" 26.395097834424103 "" 4.2901399508947025 ""
338.91949045055 58.915970591 0.0432 0.0435 5.5432 "" "" 2008415428760948224 2282.63232 0.4083 0.0535 -3.508 -3.367 0.054 0.053 0.971 "" "" 16.905096 1.779613 17.765392 15.98578 "" "" 2059.63599 2652.93994 3257.67682 2.107 1069.7 8.0037 3197.8 9.6609 "" "" 0.002843399335909397 0.008589489 0.0050042938 0.013593784 338.91949045055 58.915970591 2282.63232 -3.507999999999999 -3.367 -0.7180343704223633 -1.3516551418304443 0.16216797 0.16116796 "" "" 16.559921477777273 "" 2.672582339825558 ""
338.65510399977 58.68760218714 0.0432 0.0462 20.5689 "" "" 2008024651154699264 2711.33252 0.3604 0.0507 -2.775 -1.984 0.053 0.053 1.035 9678.5 3.9349 16.907595 1.624943 17.665318 16.040375 "" "" 2306.78979 3076.0415 3250.19072 2.2008 1173.0 9.3219 3040.9 11.221 "" "" 0.0028517161172185537 0.009068323 0.005507715 0.014576038 338.65510399977 58.68760218714 2711.33252 -2.774999999999998 -1.9839999999999995 0.014965629577636808 0.03134485816955568 0.16116796 0.16116796 "" "" 0.44639510616714834 "" 0.07194459055196549 ""
338.8054873724 59.3452353616 0.0478 0.0406 20.4509 "" "" 2200592984502076800 1956.36816 0.4927 0.052 -0.03 -0.949 0.058 0.049 1.01 7185.9 4.3412 16.907705 1.780282 17.77979 15.999509 "" "" 1771.49695 2231.68799 3249.86116 2.0989 1055.6 7.6471 3157.6 8.9817 "" "" 0.002843148260925615 0.008345647 0.0048807375 0.013226384 338.8054873724 59.3452353616 1956.36816 -0.030000000000000082 -0.9490000000000001 2.759965629577637 1.0663448581695558 0.16616797 0.15716797 "" "" 27.437506580608297 "" 4.527922097576638 ""
338.6136811748 59.22949074001 0.0485 0.042 15.874 "" "" 2200589960845115520 2212.81689 0.4355 0.0521 -3.913 -4.83 0.064 0.053 0.942 7990.3 4.0756 16.907738 2.026356 17.903366 15.87701 "" "" 1979.63062 2503.40479 3249.76518 2.1078 942.04 9.4841 3534.7 16.489 "" "" 0.002843888189618436 0.011281266 0.006319523 0.01760079 338.6136811748 59.22949074001 2212.81689 -3.9130000000000003 -4.83 -1.123034370422363 -2.8146551418304444 0.17216797 0.16116796 "" "" 31.785400830510365 "" 5.17220607076734 ""
338.96981107986 58.61256726503 0.0451 0.0455 23.8076 "" "" 2008394911694945280 2435.38208 0.4009 0.0525 -5.146 -3.456 0.059 0.053 1.016 7150.1 4.2485 16.907932 1.685345 17.70852 16.023176 "" "" 2171.0271 2779.71606 3249.18202 2.0704 1127.2 7.2551 3089.5 10.392 "" "" 0.0028408501274019707 0.0075246464 0.0052555786 0.012780225 338.96981107986 58.61256726503 2435.38208 -5.146 -3.4560000000000004 -2.356034370422363 -1.4406551418304443 0.16716796 0.16116796 "" "" 31.87900928042044 "" 5.277781229714441 ""
338.55253414008 59.26709287691 0.0624 0.058 18.7913 "" "" 2200591025996974080 2303.70044 0.4423 0.0718 -5.971 -3.383 0.082 0.071 1.499 "" "" 16.91412 1.841619 17.772655 15.931037 "" "" 1996.07422 2778.39282 3230.71482 2.9913 1062.6 8.3487 3363.1 9.7657 "" "" 0.002932979860847844 0.008975193 0.004921736 0.013896929 338.55253414008 59.26709287691 2303.70044 -5.971 -3.383 -3.1810343704223634 -1.3676551418304443 0.19016796 0.17916797 "" "" 37.80978110389462 "" 7.126921291517846 ""
338.96985247394 59.2910426038 0.0489 0.0456 17.1784 "" "" 2200585837676557056 1922.81323 0.5025 0.0566 -4.991 -3.084 0.063 0.056 1.067 6725.0 4.2186 16.915007 2.190048 18.050385 15.860336 "" "" 1712.06433 2172.64819 3228.08134 2.139 822.74 9.9106 3589.4 12.136 "" "" 0.002847696235943559 0.013372925 0.0052687353 0.01864166 338.96985247394 59.2910426038 1922.81323 -4.991 -3.0839999999999996 -2.201034370422363 -1.0686551418304444 0.17116797 0.16416797 "" "" 22.299991500526627 "" 3.787762591929985 ""
338.68725982826 59.20511919512 0.0496 0.0454 13.4618 "" "" 2200579378045723648 2030.37964 0.4646 0.0545 1.346 1.982 0.068 0.058 1.013 6123.4 4.3774 16.915474 1.735006 17.75413 16.019123 "" "" 1863.55969 2236.4043 3226.68783 2.1519 1080.8 6.3196 3101.0 7.1608 "" "" 0.0028488749112191075 0.006934553 0.004535376 0.011469929 338.68725982826 59.20511919512 2030.37964 1.3460000000000005 1.9820000000000002 4.135965629577637 3.997344858169556 0.17616796 0.16616797 "" "" 55.356804713992204 "" 9.488776911628642 ""
339.07016518916 59.20791014743 0.0831 0.0832 13.2001 "" "" 2200581061672990848 2122.30396 0.4993 0.0958 -3.485 -1.253 0.1 0.095 1.838 7918.4 4.1776 16.916763 1.817042 17.76982 15.952777 "" "" 1771.54578 2660.39258 3222.85948 4.5826 1065.3 9.6593 3296.5 9.8978 "" "" 0.0031583461459812694 0.010232359 0.004991087 0.015223446 339.07016518916 59.20791014743 2122.30396 -3.485 -1.2529999999999983 -0.6950343704223632 0.7623448581695558 0.20816797 0.20316797 "" "" 10.377821985896702 "" 2.132150675972344 ""
339.37887218406 59.18581326499 0.0443 0.0419 18.385 "" "" 2008427970065647616 2131.42285 0.4584 0.0526 -4.28 -1.392 0.053 0.05 0.988 "" "" 16.917196 1.816148 17.757534 15.941386 "" "" 1960.3064 2361.78809 3221.57439 2.3514 1077.5 12.529 3331.2 23.293 "" "" 0.0028670189347732816 0.012929417 0.008480583 0.02141 339.37887218406 59.18581326499 2131.42285 -4.2799999999999985 -1.3919999999999983 -1.4900343704223635 0.6233448581695558 0.16116796 0.15816797 "" "" 16.317932240647743 "" 2.6226944916331827 ""
338.55287487276 58.8519687901 0.0433 0.0461 14.0866 "" "" 2008042075849836032 2410.64526 0.3742 0.0519 -4.552 -3.235 0.054 0.056 0.963 8555.2 4.0798 16.91735 2.24784 18.09588 15.848041 "" "" 2160.27368 2725.19678 3221.11477 1.9963 788.98 6.757 3630.3 8.9276 "" "" 0.0028362951108264543 0.009708083 0.004627397 0.01433548 338.55287487276 58.8519687901 2410.64526 -4.551999999999998 -3.2350000000000003 -1.7620343704223629 -1.2196551418304442 0.16216797 0.16416797 "" "" 24.48656681675821 "" 3.986866165182514 ""
339.36807355387 58.68632630308 0.0472 0.0444 24.2451 "" "" 2008354989979970688 2756.60205 0.3379 0.0553 -3.406 -1.586 0.066 0.057 1.092 "" "" 16.91813 1.920737 17.876041 15.955304 "" "" 2472.00244 3171.18091 3218.80567 2.0305 966.05 7.309 3288.8 5.4499 "" "" 0.0028391704769938323 0.008675456 0.004185784 0.012861241 339.36807355387 58.68632630308 2756.60205 -3.4060000000000015 -1.5860000000000007 -0.6160343704223634 0.4293448581695556 0.17416796 0.16516797 "" "" 9.811345466822427 "" 1.6804636816338874 ""
338.43899564067 59.20179023215 0.0451 0.0428 18.231 "" "" 2200590373161841408 2131.05713 0.4396 0.052 -3.995 -3.933 0.059 0.054 0.999 6360.3 4.2644 16.919424 1.809488 17.754677 15.945189 "" "" 1938.22546 2507.52637 3214.97213 2.2971 1080.3 15.916 3319.6 11.794 "" "" 0.0028624450916037627 0.01623761 0.0054003336 0.021637943 338.43899564067 59.20179023215 2131.05713 -3.9949999999999997 -3.933 -1.2050343704223634 -1.9176551418304442 0.16716796 0.16216797 "" "" 22.877645998076922 "" 3.7427581225211024 ""
339.51629258168 58.89853431182 0.0422 0.0423 20.3397 "" "" 2008405773676394112 2452.28149 0.374 0.0512 -3.353 -1.457 0.055 0.051 0.945 5225.6 3.6946 16.922903 2.262921 18.113697 15.850776 "" "" 2205.16235 2770.40039 3204.68438 2.0581 776.14 7.4233 3621.2 8.7785 "" "" 0.002842179620591803 0.010752708 0.0046055783 0.015358286 339.51629258168 58.89853431182 2452.28149 -3.353 -1.4570000000000007 -0.5630343704223635 0.5583448581695556 0.16316797 0.15916798 "" "" 9.21700809235915 "" 1.4857550292284545 ""
339.27892812624 58.93147375084 0.0494 0.0492 12.753 "" "" 2008408453734352256 2835.28149 0.3493 0.0636 -0.362 -1.345 0.063 0.059 1.024 "" "" 16.924154 2.676503 18.418179 15.741675 "" "" 2436.34717 3416.99561 3200.99592 2.2815 586.33 7.6969 4003.9 9.0201 "" "" 0.0028619296174009433 0.014523269 0.0045018364 0.019025106 339.27892812624 58.93147375084 2835.28149 -0.36200000000000015 -1.3449999999999998 2.4279656295776366 0.6703448581695557 0.17116797 0.16716796 "" "" 33.85081232227903 "" 5.784688696747713 ""
339.32266088302 58.67000291498 0.0462 0.0442 24.23 "" "" 2008354848236209664 2172.44531 0.4439 0.0554 -5.976 -4.03 0.065 0.053 0.993 8535.8 4.4787 16.92423 1.730576 17.75732 16.026745 "" "" 1952.26208 2481.98511 3200.7728 1.8935 1077.7 6.4384 3079.4 7.7453 "" "" 0.0028291929423665697 0.0070610596 0.0046627484 0.011723808 339.32266088302 58.67000291498 2172.44531 -5.976000000000002 -4.029999999999999 -3.1860343704223633 -2.0146551418304446 0.17316797 0.16116796 "" "" 38.816724894442984 "" 6.5921213435765 ""
339.16315190886 59.1442327835 0.0471 0.0459 11.6777 "" "" 2008426904913728512 2175.15796 0.4444 0.0563 -1.627 -1.272 0.058 0.056 1.05 8531.6 4.4429 16.925634 1.735001 17.739136 16.004135 "" "" 1953.96057 2472.2644 3196.63683 2.164 1095.9 8.5631 3144.2 9.4305 "" "" 0.002851669109290667 0.008930728 0.0049888287 0.0139195565 339.16315190886 59.1442327835 2175.15796 -1.6269999999999998 -1.2720000000000007 1.1629656295776367 0.7433448581695556 0.16616797 0.16416797 "" "" 14.230573546101269 "" 2.3564457782796495 ""
339.00723087524 58.9987125276 0.0441 0.0423 3.5431 "" "" 2008419208332372864 2107.15674 0.4608 0.0531 -2.878 -2.097 0.058 0.052 1.014 9449.0 3.9902 16.926607 1.665148 17.714024 16.048876 "" "" 1878.31531 2438.77051 3193.7719 2.006 1121.5 10.461 3017.2 9.0192 "" "" 0.0028384578018738676 0.010504733 0.0049816985 0.015486431 339.00723087524 58.9987125276 2107.15674 -2.8780000000000014 -2.097000000000001 -0.0880343704223634 -0.08165514183044431 0.16616797 0.16016796 "" "" 1.199283500235347 "" 0.1959876234410832 ""
338.35781852095 58.84262885142 0.0454 0.0491 19.3206 "" "" 2200195407972296576 2058.88306 0.4714 0.0536 -3.142 -2.844 0.056 0.057 0.931 7177.2 4.322 16.927639 2.102324 18.01169 15.909366 "" "" 1827.91052 2320.26587 3190.73531 2.0854 852.59 7.7241 3430.9 6.3441 "" "" 0.0028452316470647396 0.010224379 0.0042795273 0.014503906 338.35781852095 58.84262885142 2058.88306 -3.142 -2.8439999999999994 -0.3520343704223632 -0.8286551418304442 0.16416797 0.16516797 "" "" 8.78643424554641 "" 1.449897660721046 ""
339.17215095107 58.74037176213 0.0442 0.0447 18.1996 "" "" 2008397492977641472 2446.75854 0.3875 0.0543 -4.708 -4.718 0.061 0.058 1.011 8019.7 4.3138 16.928246 1.866486 17.853666 15.987181 "" "" 2192.08325 2837.01929 3188.9561 2.0094 986.17 6.2511 3193.6 6.6163 "" "" 0.002838984110317522 0.007426311 0.004398107 0.011824418 339.17215095107 58.74037176213 2446.75854 -4.708000000000003 -4.718 -1.9180343704223635 -2.7026551418304443 0.16916797 0.16616797 "" "" 38.435621998471014 "" 6.425622186296621 ""
338.77669035863 58.80500457065 0.0422 0.0434 12.6747 "" "" 2008412370744248960 1947.53113 0.4949 0.0502 -1.77 -1.489 0.052 0.05 0.983 8493.8 4.4633 16.928679 1.764845 17.769026 16.00418 "" "" 1728.51672 2253.7312 3187.68394 2.1311 1066.1 8.3331 3144.0 8.9267 "" "" 0.0028493266116939218 0.0089334855 0.0048771743 0.01381066 338.77669035863 58.80500457065 1947.53113 -1.7700000000000007 -1.4889999999999999 1.0199656295776367 0.5263448581695556 0.16016796 0.15816797 "" "" 10.595377531762749 "" 1.6926057272455608 ""
338.65655784353 59.36563657712 0.053 0.044 22.6971 "" "" 2200596008159017472 2136.61328 0.4603 0.0544 -3.035 -2.291 0.073 0.06 0.962 "" "" 16.92872 1.782068 17.785952 16.003883 "" "" 1875.48218 2354.83203 3187.56417 2.0411 1049.6 7.7212 3144.9 9.5441 "" "" 0.0028416785078453017 0.00846036 0.0050140405 0.0134744 338.65655784353 59.36563657712 2136.61328 -3.034999999999999 -2.2909999999999995 -0.24503437042236342 -0.27565514183044426 0.18116796 0.16816796 "" "" 3.735233730313727 "" 0.6500272429355902 ""
338.52578849257 59.15935335149 0.0445 0.0425 14.5545 "" "" 2200589136211406336 2551.61523 0.3779 0.0503 -5.134 -2.883 0.056 0.052 0.98 8601.5 4.3357 16.93085 1.752968 17.784655 16.031687 "" "" 2271.73047 2863.2915 3181.32038 2.0061 1050.9 6.2945 3065.4 9.5023 "" "" 0.0028391084685425436 0.0070764455 0.0050607477 0.012137193 338.52578849257 59.15935335149 2551.61523 -5.1339999999999995 -2.8830000000000005 -2.3440343704223636 -0.8676551418304443 0.16416797 0.16016796 "" "" 30.230163274443136 "" 4.9484097196842 ""
339.59039222715 59.2094562578 0.0431 0.0406 24.6457 "" "" 2008448379750834048 2413.27954 0.4091 0.0497 0.832 -1.553 0.055 0.052 0.991 7637.2 4.1547 16.937788 1.563721 17.663359 16.099638 "" "" 2166.72583 2750.42383 3161.04901 2.1014 1175.1 8.5427 2879.4 9.1205 "" "" 0.002848288686819379 0.008371691 0.0051098852 0.013481576 339.59039222715 59.2094562578 2413.27954 0.8319999999999997 -1.5529999999999986 3.6219656295776366 0.46234485816955573 0.16316797 0.16016796 "" "" 41.76765606829284 "" 6.813152735150901 ""
338.63230062411 59.04708913799 0.0467 0.0481 8.4187 "" "" 2200573296371902464 2186.82495 0.4329 0.0545 -5.004 -3.0 0.055 0.055 1.003 7479.5 4.1953 16.940693 1.76549 17.7583 15.992811 "" "" 1941.69763 2458.30615 3152.60495 2.1326 1076.7 15.171 3177.1 12.194 "" "" 0.0028515278279880327 0.015550681 0.0056257355 0.021176416 338.63230062411 59.04708913799 2186.82495 -5.004 -3.0 -2.214034370422363 -0.9846551418304443 0.16316797 0.16316797 "" "" 25.116936663473165 "" 4.098279527618803 ""
339.17813474566 58.88140737012 0.0444 0.0423 11.6016 "" "" 2008407899673214080 2008.67664 0.4893 0.0538 -0.15 -5.626 0.054 0.051 0.971 7107.2 4.3317 16.943779 1.740574 17.78874 16.048166 "" "" 1855.34094 2206.24292 3143.658 2.0149 1046.9 6.6339 3019.2 10.805 "" "" 0.0028418403420412044 0.007424241 0.0054204753 0.012844716 339.17813474566 58.88140737012 2008.67664 -0.1499999999999999 -5.626 2.639965629577637 -3.6106551418304447 0.16216797 0.15916798 "" "" 42.58642720194619 "" 6.823173272556665 ""
338.81235974978 58.72969158246 0.0419 0.043 16.8532 "" "" 2008400001238471808 2597.18823 0.3689 0.049 -4.627 -2.283 0.053 0.051 1.008 8072.6 4.1251 16.945255 1.887958 17.875154 15.987197 "" "" 2273.05005 2990.01489 3139.38568 1.9554 966.84 7.1671 3193.6 10.454 "" "" 0.0028370971536916135 0.008518384 0.0051879818 0.013706366 338.81235974978 58.72969158246 2597.18823 -4.6270000000000024 -2.283000000000002 -1.837034370422363 -0.26765514183044425 0.16116796 0.15916798 "" "" 22.853908532746736 "" 3.682373562123949 ""
338.95115998562 58.72914874835 0.0422 0.0451 16.7898 "" "" 2008399447180596864 2053.97729 0.4742 0.0505 -8.439 -3.755 0.053 0.053 0.987 "" "" 16.94588 1.632458 17.707365 16.074907 "" "" 1821.16333 2380.32568 3137.57627 2.1095 1128.4 7.7537 2945.7 12.667 "" "" 0.0028503783480068588 0.007965217 0.006006817 0.013972035 338.95115998562 58.72914874835 2053.97729 -8.439 -3.754999999999999 -5.649034370422363 -1.7396551418304442 0.16116796 0.16116796 "" "" 57.54703244525762 "" 9.274738072967304 ""
