Clusters/UBC_391/UBC_391_members.tsv
# %ECSV 1.0
# ---
# datatype:
# - name: RA_ICRS_1
#   unit: deg
#   datatype: float64
#   format: '{:15.11f}'
#   description: Right ascension (ICRS) at Ep=2016.0 (ra)
#   meta: !!omap
#   - {ucd: POS_EQ_RA_MAIN}
#   - {width: 15}
#   - {precision: '11'}
# - name: DE_ICRS_1
#   unit: deg
#   datatype: float64
#   format: '{:15.11f}'
#   description: Declination (ICRS) at Ep=2016.0 (dec)
#   meta: !!omap
#   - {ucd: POS_EQ_DEC_MAIN}
#   - {width: 15}
#   - {precision: '11'}
# - name: e_RA_ICRS
#   unit: mas
#   datatype: float64
#   format: '{:7.4f}'
#   description: Standard error of right ascension (ra_error)
#   meta: !!omap
#   - {ucd: ERROR}
#   - {width: 7}
#   - {precision: '4'}
# - name: e_DE_ICRS
#   unit: mas
#   datatype: float64
#   format: '{:7.4f}'
#   description: Standard error of declination (dec_error)
#   meta: !!omap
#   - {ucd: ERROR}
#   - {width: 7}
#   - {precision: '4'}
# - name: _r_1
#   unit: ''
#   datatype: float64
#   format: '{:7.4f}'
#   description: Distance from center (338.89381343000+59.00740435000)[ICRS], at Epoch=J2016.0
#   meta: !!omap
#   - {ucd: POS_ANG_DIST_GENERAL}
#   - {width: 7}
#   - {precision: '4'}
# - name: HIP
#   datatype: int32
#   description: '? HIP cross-id number, van Leeuwen, Cat. I/311 (hip_original_ext_source_id)'
#   meta: !!omap
#   - {ucd: ID_NUMBER}
#   - {width: 6}
#   - values: {'null': -2147483648}
# - name: TYC2
#   datatype: string
#   description: Tycho-2 cross-id name, Hog et al., Cat. I/259 (tyc2_original_ext_source_id)
#   meta: !!omap
#   - {ucd: ID_CROSSID}
#   - {_votable_string_dtype: char}
# - name: Source
#   datatype: int64
#   description: Source identifier, identical to the Gaia-EDR3 source_id (id)
#   meta: !!omap
#   - {ucd: ID_MAIN}
#   - {width: 19}
# - name: rgeo
#   unit: pc
#   datatype: float64
#   format: '{:15.8f}'
#   description: '? Median of the geometric distance posterior (r_med_geo)'
#   meta: !!omap
#   - {ucd: PHYS_DISTANCE_TRUE}
#   - {width: 15}
#   - {precision: '8'}
#   - values: {'null': .nan}
# - name: Plx
#   unit: mas
#   datatype: float64
#   format: '{:9.4f}'
#   description: '? Parallax (parallax)'
#   meta: !!omap
#   - {ucd: POS_PARLX_TRIG}
#   - {width: 9}
#   - {precision: '4'}
#   - values: {'null': .nan}
# - name: e_Plx
#   unit: mas
#   datatype: float32
#   format: '{:7.4f}'
#   description: '? Standard error of parallax (parallax_error)'
#   meta: !!omap
#   - {ucd: ERROR}
#   - {width: 7}
#   - {precision: '4'}
#   - values: {'null': .nan}
# - name: pmRA
#   unit: mas / yr
#   datatype: float64
#   format: '{:9.3f}'
#   description: '? Proper motion in right ascension direction, pmRA*cosDE (pmra)'
#   meta: !!omap
#   - {ucd: POS_EQ_PMRA}
#   - {width: 9}
#   - {precision: '3'}
#   - values: {'null': .nan}
# - name: pmDE
#   unit: mas / yr
#   datatype: float64
#   format: '{:9.3f}'
#   description: '? Proper motion in declination direction (pmdec)'
#   meta: !!omap
#   - {ucd: POS_EQ_PMDEC}
#   - {width: 9}
#   - {precision: '3'}
#   - values: {'null': .nan}
# - name: e_pmRA
#   unit: mas / yr
#   datatype: float32
#   format: '{:6.3f}'
#   description: '? Standard error of proper motion in right ascension direction (pmra_error)'
#   meta: !!omap
#   - {ucd: ERROR}
#   - {width: 6}
#   - {precision: '3'}
#   - values: {'null': .nan}
# - name: e_pmDE
[...]
#         unit: &id001 !astropy.units.Unit {unit: deg}
#         value: !astropy.table.SerializedColumn {name: SkyCoord.dec}
#       distance: !astropy.table.SerializedColumn
#         __class__: astropy.coordinates.distances.Distance
#         unit: !astropy.units.Unit {unit: pc}
#         value: !astropy.table.SerializedColumn {name: SkyCoord.distance}
#       frame: icrs
#       obstime: !astropy.time.Time {format: jyear_str, in_subfmt: '*', jd1: 367701545.0, jd2: 0.0, out_subfmt: '*', precision: 3, scale: tt}
#       pm_dec: !astropy.table.SerializedColumn
#         __class__: astropy.units.quantity.Quantity
#         unit: !astropy.units.Unit {unit: mas / yr}
#         value: !astropy.table.SerializedColumn {name: SkyCoord.pm_dec}
#       pm_ra_cosdec: !astropy.table.SerializedColumn
#         __class__: astropy.units.quantity.Quantity
#         unit: !astropy.units.Unit {unit: mas / yr}
#         value: !astropy.table.SerializedColumn {name: SkyCoord.pm_ra_cosdec}
#       ra: !astropy.table.SerializedColumn
#         __class__: astropy.coordinates.angles.Longitude
#         unit: *id001
#         value: !astropy.table.SerializedColumn {name: SkyCoord.ra}
#         wrap_angle: !astropy.coordinates.Angle
#           unit: *id001
#           value: 360.0
#       representation_type: spherical
# schema: astropy-2.0
RA_ICRS_1 DE_ICRS_1 e_RA_ICRS e_DE_ICRS _r_1 HIP TYC2 Source rgeo Plx e_Plx pmRA pmDE e_pmRA e_pmDE RUWE Teff logg Gmag BP-RP BPmag RPmag RV e_RV b_rgeo B_rgeo FG e_FG FBP e_FBP FRP e_FRP RAVE5 RAVE6 e_Gmag e_BPmag e_RPmag e_BP-RP SkyCoord.ra SkyCoord.dec SkyCoord.distance SkyCoord.pm_ra_cosdec SkyCoord.pm_dec Pmemb
338.93822736958 59.05105636212 0.0086 0.0092 2.9564 "" "" 2008420269181421824 2339.65869 0.3992 0.0106 -2.811 -2.017 0.011 0.011 1.042 "" "" 13.121448 1.166174 13.611919 12.445745 "" "" 2281.56616 2395.10522 106259.48496 77.308 49051.0 109.69 83341.0 169.33 "" "" 0.0028663141850430104 0.0036986605 0.0043760748 0.008074735 338.93822736958 59.05105636212 2339.65869 -2.811 -2.017 0.98
339.42920988327 58.97305865286 0.012 0.0117 16.6774 "" "" 2008409931203112192 2489.41748 0.37 0.0143 -2.563 -1.892 0.015 0.014 1.228 "" "" 13.49616 1.953521 14.465996 12.512475 -45.74 2.06 2410.32397 2576.7959 75245.90184 16.643 22337.0 23.376 78373.0 27.726 "" "" 0.002765765516523093 0.0030126544 0.0037988499 0.0068115043 339.42920988327 58.97305865286 2489.41748 -2.563 -1.892 0.92
338.62362316266 59.03331272176 0.0101 0.0112 8.4881 "" "" 2200572712256352384 2309.42432 0.4092 0.0123 -2.8 -2.019 0.012 0.013 0.961 "" "" 13.650279 1.227718 14.174238 12.94652 "" "" 2248.79077 2374.75415 65288.28957 12.651 29223.0 26.616 52547.0 18.906 "" "" 0.002763340563183564 0.002960224 0.0037995167 0.0067597404 338.62362316266 59.03331272176 2309.42432 -2.8000000000000007 -2.019000000000001 0.97
339.00379651522 59.06371298297 0.0113 0.0114 4.7898 "" "" 2008420342203705600 2303.31421 0.406 0.0134 -2.818 -1.994 0.015 0.014 0.918 11058.9 3.6364 14.032791 1.318872 14.607088 13.288216 "" "" 2219.75635 2381.80957 45901.85665 56.785 19615.0 74.649 38359.0 140.22 "" "" 0.003065267935884061 0.0049858247 0.0054804804 0.010466306 339.00379651522 59.06371298297 2303.31421 -2.817999999999999 -1.994 0.98
338.78648787527 59.07914970169 0.0126 0.0124 5.4317 "" "" 2200573949207148160 2206.59937 0.428 0.0149 -2.882 -1.988 0.016 0.015 0.967 6993.9 3.2887 14.145954 1.066026 14.584973 13.518948 "" "" 2140.86646 2277.22217 41358.5167 9.1458 20018.0 19.805 31016.0 22.32 "" "" 0.002765761098697349 0.0029898023 0.0038593004 0.0068491027 338.78648787527 59.07914970169 2206.59937 -2.8819999999999997 -1.988 0.97
338.99069947024 59.05620636811 0.0121 0.0122 4.1859 "" "" 2008420342203706368 2441.97437 0.3818 0.0145 -2.771 -2.006 0.016 0.015 1.004 "" "" 14.226942 1.400559 14.845797 13.445238 "" "" 2340.98218 2526.06641 38385.72664 15.396 15743.0 24.585 33194.0 32.601 "" "" 0.002789520960626597 0.0032649487 0.0039269337 0.0071918825 338.99069947024 59.05620636811 2441.97437 -2.7710000000000004 -2.005999999999999 0.98
338.94696962469 59.04833882305 0.013 0.0136 2.954 "" "" 2008420273484221952 2401.94434 0.3865 0.0157 -2.777 -2.095 0.017 0.017 0.991 "" "" 14.364065 1.233595 14.89116 13.657565 "" "" 2316.08691 2496.26831 33831.44701 7.9354 15099.0 13.158 27298.0 14.119 "" "" 0.00276706426438191 0.0029462304 0.003820874 0.0067671044 338.94696962469 59.04833882305 2401.94434 -2.777000000000001 -2.095 0.98
338.94721160459 59.05736960495 0.014 0.0141 3.4213 "" "" 2008420273484217856 2338.22168 0.4002 0.0166 -2.807 -2.004 0.017 0.017 1.011 9025.4 3.8593 14.486453 1.253379 15.02145 13.768071 "" "" 2262.42676 2431.27417 30224.94196 6.4528 13392.0 15.114 24656.0 24.531 "" "" 0.0027650531747527712 0.0030473787 0.0039307284 0.006978107 338.94721160459 59.05736960495 2338.22168 -2.807 -2.004 0.98
338.93926131602 59.08500124782 0.0153 0.0155 4.8625 "" "" 2008420651441321600 2345.0686 0.4027 0.0181 -2.808 -1.999 0.02 0.019 0.962 9343.9 3.528 14.66129 1.184269 15.160365 13.976096 "" "" 2259.53101 2432.22778 25729.45066 6.1162 11783.0 14.04 20357.0 16.184 "" "" 0.0027673816438518856 0.0030755037 0.0038766982 0.006952202 338.93926131602 59.08500124782 2345.0686 -2.808 -1.999 0.98
339.26982772127 59.10598996399 0.0158 0.0157 13.0216 "" "" 2008424362293135232 2705.92065 0.3448 0.0182 -2.805 -2.026 0.021 0.019 1.024 7184.9 3.4033 14.672267 1.271546 15.220482 13.948935 "" "" 2575.11987 2847.37354 25470.64523 6.3351 11149.0 19.903 20873.0 12.991 "" "" 0.002768522038257015 0.0033973241 0.0038393172 0.0072366414 339.26982772127 59.10598996399 2705.92065 -2.8049999999999993 -2.0259999999999994 0.83
338.95043239983 59.1099003283 0.0166 0.0165 6.393 "" "" 2200574292804618880 2363.27051 0.3976 0.0199 -2.785 -1.988 0.021 0.021 1.075 "" "" 14.747746 1.295794 15.309513 14.01372 "" "" 2260.00049 2474.28687 23760.09106 5.7162 10271.0 16.454 19664.0 10.653 "" "" 0.0027676737750816542 0.003287907 0.0038248799 0.007112787 338.95043239983 59.1099003283 2363.27051 -2.7849999999999997 -1.9879999999999995 0.96
338.98438128509 59.08559866844 0.0159 0.0162 5.4611 "" "" 2008420617081851392 2503.26074 0.3764 0.0192 -2.792 -1.973 0.02 0.019 1.001 "" "" 14.750371 1.168983 15.241887 14.072905 "" "" 2379.63135 2605.802 23702.72935 6.0721 10931.0 12.526 18621.0 14.793 "" "" 0.0027693233410225815 0.0030549937 0.0038765573 0.006931551 338.98438128509 59.08559866844 2503.26074 -2.7920000000000003 -1.9730000000000003 0.98
338.95334767619 59.06395722829 0.0163 0.0168 3.8589 "" "" 2008420376563431424 2256.31274 0.4139 0.0198 -2.807 -1.986 0.021 0.02 0.992 "" "" 14.968501 1.211245 15.476682 14.265436 "" "" 2163.4082 2374.79028 19388.59173 5.1255 8805.3 17.039 15595.0 24.264 "" "" 0.002770229357674872 0.003492737 0.004139733 0.0076324698 338.95334767619 59.06395722829 2256.31274 -2.8070000000000004 -1.9859999999999993 0.98
338.61794456688 59.03330386053 0.0169 0.0177 8.6605 "" "" 2200572712256351232 2402.57642 0.3972 0.0198 -2.833 -2.013 0.021 0.02 0.927 "" "" 15.009295 1.307295 15.569935 14.26264 "" "" 2288.56274 2500.7334 18673.62812 4.3861 8080.6 12.462 15635.0 16.759 "" "" 0.002767096774360397 0.003254041 0.003954508 0.007208549 338.61794456688 59.03330386053 2402.57642 -2.833 -2.013 0.95
338.9338417839 59.08649337568 0.0174 0.0177 4.9035 "" "" 2008420651441320064 2307.3335 0.4087 0.0205 -2.98 -1.745 0.023 0.023 1.031 9299.1 3.5219 15.043578 1.250763 15.577342 14.326579 "" "" 2206.37427 2411.83276 18093.20045 4.7077 8025.7 10.579 14741.0 12.296 "" "" 0.002769764497227122 0.0031358008 0.0038863777 0.0070221787 338.9338417839 59.08649337568 2307.3335 -2.98 -1.745 0.89
339.05163277585 59.12238897788 0.0183 0.0185 8.4435 "" "" 2008426630035806592 2176.29175 0.4363 0.0219 -3.018 -2.209 0.023 0.023 1.041 "" "" 15.136472 1.162531 15.62147 14.45894 "" "" 2060.78223 2279.90308 16609.55788 4.9206 7706.0 15.643 13049.0 14.966 "" "" 0.002774031085885092 0.0035556643 0.0039792396 0.007534904 339.05163277585 59.12238897788 2176.29175 -3.018 -2.209 0.8
338.58117492644 59.08011601668 0.0208 0.0213 10.5894 "" "" 2200576216949654272 2535.31958 0.374 0.0252 -2.705 -1.968 0.027 0.024 0.981 7979.2 3.9613 15.447037 1.260398 15.988817 14.728419 "" "" 2388.58691 2696.94702 12477.62967 3.7622 5494.0 14.418 10181.0 11.727 "" "" 0.0027746996543800465 0.0039879386 0.0039809225 0.007968862 338.58117492644 59.08011601668 2535.31958 -2.705 -1.9679999999999995 0.88
338.92076352426 59.04192091673 0.0205 0.0211 2.232 "" "" 2008420239124481152 2393.47681 0.3885 0.0249 -2.837 -2.018 0.026 0.026 0.989 "" "" 15.509739 1.390537 16.125175 14.734638 "" "" 2274.10571 2555.28931 11777.45127 3.6832 4845.6 9.7323 10123.0 10.424 "" "" 0.002776162947796649 0.0035412454 0.003941281 0.007482526 338.92076352426 59.04192091673 2393.47681 -2.8370000000000006 -2.0180000000000007 0.97
339.3134910324 59.18806054655 0.0229 0.0223 16.874 "" "" 2008427832626679808 2451.31177 0.3919 0.027 -2.789 -2.002 0.028 0.026 1.054 9282.6 3.7639 15.579323 1.239054 16.114836 14.875782 "" "" 2306.07568 2650.4729 11046.31916 3.6914 4892.0 15.172 8888.8 11.161 "" "" 0.0027791062874605115 0.0043730657 0.0040177424 0.0083908085 339.3134910324 59.18806054655 2451.31177 -2.7889999999999997 -2.002 0.97
338.82390304239 58.9830563185 0.0224 0.0223 2.6082 "" "" 2008419620649006848 2674.09619 0.3432 0.0269 -2.906 -2.098 0.028 0.026 1.008 "" "" 15.633293 1.518675 16.319376 14.800701 "" "" 2500.44873 2877.19141 10510.64533 3.7961 4052.0 12.532 9525.3 10.278 "" "" 0.002783084099106972 0.0043658824 0.0039567933 0.008322676 338.82390304239 58.9830563185 2674.09619 -2.9059999999999993 -2.0979999999999994 0.91
339.22509115783 59.02995172765 0.0234 0.0233 10.3207 "" "" 2008421647873829120 2066.9978 0.4567 0.0288 -2.655 -2.092 0.031 0.029 1.015 "" "" 15.644277 1.367512 16.247202 14.87969 "" "" 1950.37341 2178.48608 10404.85531 3.1339 4330.5 10.388 8856.9 10.738 "" "" 0.00277465872113391 0.003816841 0.004002057 0.007818898 339.22509115783 59.02995172765 2066.9978 -2.655 -2.092 0.96
338.60024529487 59.14684950134 0.0264 0.0285 12.3261 "" "" 2200577522619861376 2809.9126 0.3249 0.0313 -2.435 -2.072 0.034 0.035 1.113 9083.1 3.6888 15.785208 1.786338 16.642094 14.855756 "" "" 2599.96143 2985.12549 9138.2605 3.2548 3010.1 7.991 9054.3 12.134 "" "" 0.002782325254068099 0.004011596 0.0040497966 0.008061392 338.60024529487 59.14684950134 2809.9126 -2.435 -2.072 0.89
338.94700534635 59.01771442908 0.0245 0.0243 1.7557 "" "" 2008419448850519424 2146.73682 0.437 0.0291 -2.769 -2.027 0.032 0.03 1.042 "" "" 15.866286 1.542856 16.570879 15.028023 "" "" 2022.43982 2284.81177 8480.71306 3.1168 3214.1 8.9444 7725.9 8.4519 "" "" 0.0027840637411233314 0.004112692 0.0039616292 0.008074321 338.94700534635 59.01771442908 2146.73682 -2.769 -2.027 0.96
338.45328457427 58.94728708725 0.0277 0.0297 14.0917 "" "" 2200197091599439360 2210.43408 0.4226 0.0318 -2.741 -2.057 0.033 0.035 0.97 9394.9 3.5765 15.978483 1.661527 16.75936 15.097833 "" "" 2062.72852 2383.37866 7648.10169 4.9715 2701.9 12.386 7244.8 14.953 "" "" 0.0028442730073464776 0.0057059336 0.0043937964 0.0100997295 338.45328457427 58.94728708725 2210.43408 -2.7409999999999997 -2.057 0.94
338.5585451314 58.92190643484 0.0314 0.0291 11.5705 "" "" 2200196060807334016 2260.51294 0.4237 0.0359 -2.846 -2.011 0.036 0.032 1.024 "" "" 16.059408 1.512907 16.747303 15.234396 "" "" 2071.55347 2430.56665 7098.77664 3.0025 2732.1 9.4628 6388.5 9.867 "" "" 0.0027933269338306192 0.0046825767 0.0041347025 0.00881728 338.5585451314 58.92190643484 2260.51294 -2.846000000000001 -2.011 0.87
338.94375642957 58.94592384294 0.0294 0.0277 3.9991 "" "" 2008415669279332864 2372.06274 0.3981 0.036 -2.808 -1.975 0.039 0.035 0.916 9334.0 3.631 16.061674 1.454488 16.712946 15.258458 "" "" 2216.28076 2572.46509 7083.98038 3.0603 2819.9 8.6 6248.5 9.7191 "" "" 0.0027949577885205616 0.0043300437 0.004139532 0.008469576 338.94375642957 58.94592384294 2372.06274 -2.808 -1.975 0.95
338.28785971828 59.01103125221 0.0286 0.0316 18.7215 "" "" 2200201146048485120 2100.31396 0.46 0.0343 -2.817 -2.097 0.034 0.037 1.053 7998.4 3.0445 16.07734 1.659927 16.850744 15.190817 "" "" 1965.22986 2258.72437 6982.49979 2.8792 2483.8 9.6407 6650.2 12.047 "" "" 0.002791455343339876 0.0050541684 0.004260537 0.009314706 338.28785971828 59.01103125221 2100.31396 -2.817 -2.097 0.93
338.55449304907 59.115672046 0.0351 0.0336 12.319 "" "" 2200577110302843392 2175.63574 0.4509 0.0392 -2.848 -2.035 0.042 0.041 1.019 9286.9 4.2251 16.425737 1.441961 17.079212 15.637251 "" "" 2005.50037 2388.02734 5065.84537 2.4445 2012.5 9.2291 4408.2 7.7528 "" "" 0.0028046886341579497 0.0057075503 0.0042343773 0.009941928 338.55449304907 59.115672046 2175.63574 -2.8480000000000003 -2.035000000000001 0.86
338.7788794252 58.97860198687 0.0356 0.0354 3.9505 "" "" 2008418207598102016 2213.1543 0.4436 0.043 -2.696 -2.039 0.044 0.041 0.971 "" "" 16.506945 1.630648 17.268274 15.637627 "" "" 1987.29675 2446.14844 4700.76515 2.2708 1690.9 8.5141 4406.6 8.3337 "" "" 0.0028047951690437565 0.0061378004 0.0043011494 0.01043895 338.7788794252 58.97860198687 2213.1543 -2.6959999999999997 -2.0389999999999997 0.86
