Clusters/UBC_391/UBC_391_stars_in_region.tsv
# %ECSV 1.0
# ---
# datatype:
# - name: RA_ICRS_1
#   unit: deg
#   datatype: float64
#   format: '{:15.11f}'
#   description: Right ascension (ICRS) at Ep=2016.0 (ra)
#   meta: !!omap
#   - {ucd: POS_EQ_RA_MAIN}
#   - {width: 15}
#   - {precision: '11'}
# - name: DE_ICRS_1
#   unit: deg
#   datatype: float64
#   format: '{:15.11f}'
#   description: Declination (ICRS) at Ep=2016.0 (dec)
#   meta: !!omap
#   - {ucd: POS_EQ_DEC_MAIN}
#   - {width: 15}
#   - {precision: '11'}
# - name: e_RA_ICRS
#   unit: mas
#   datatype: float64
#   format: '{:7.4f}'
#   description: Standard error of right ascension (ra_error)
#   meta: !!omap
#   - {ucd: ERROR}
#   - {width: 7}
#   - {precision: '4'}
# - name: e_DE_ICRS
#   unit: mas
#   datatype: float64
#   format: '{:7.4f}'
#   description: Standard error of declination (dec_error)
#   meta: !!omap
#   - {ucd: ERROR}
#   - {width: 7}
#   - {precision: '4'}
# - name: _r_1
#   unit: ''
#   datatype: float64
#   format: '{:7.4f}'
#   description: Distance from center (338.89381343000+59.00740435000)[ICRS], at Epoch=J2016.0
#   meta: !!omap
#   - {ucd: POS_ANG_DIST_GENERAL}
#   - {width: 7}
#   - {precision: '4'}
# - name: HIP
#   datatype: int32
#   description: '? HIP cross-id number, van Leeuwen, Cat. I/311 (hip_original_ext_source_id)'
#   meta: !!omap
#   - {ucd: ID_NUMBER}
#   - {width: 6}
#   - values: {'null': -2147483648}
# - name: TYC2
#   datatype: string
#   description: Tycho-2 cross-id name, Hog et al., Cat. I/259 (tyc2_original_ext_source_id)
#   meta: !!omap
#   - {ucd: ID_CROSSID}
#   - {_votable_string_dtype: char}
# - name: Source
#   datatype: int64
#   description: Source identifier, identical to the Gaia-EDR3 source_id (id)
#   meta: !!omap
#   - {ucd: ID_MAIN}
#   - {width: 19}
# - name: rgeo
#   unit: pc
#   datatype: float64
#   format: '{:15.8f}'
#   description: '? Median of the geometric distance posterior (r_med_geo)'
#   meta: !!omap
#   - {ucd: PHYS_DISTANCE_TRUE}
#   - {width: 15}
#   - {precision: '8'}
#   - values: {'null': .nan}
# - name: Plx
#   unit: mas
#   datatype: float64
#   format: '{:9.4f}'
#   description: '? Parallax (parallax)'
#   meta: !!omap
#   - {ucd: POS_PARLX_TRIG}
#   - {width: 9}
#   - {precision: '4'}
#   - values: {'null': .nan}
# - name: e_Plx
#   unit: mas
#   datatype: float32
#   format: '{:7.4f}'
#   description: '? Standard error of parallax (parallax_error)'
#   meta: !!omap
#   - {ucd: ERROR}
#   - {width: 7}
#   - {precision: '4'}
#   - values: {'null': .nan}
# - name: pmRA
#   unit: mas / yr
#   datatype: float64
#   format: '{:9.3f}'
#   description: '? Proper motion in right ascension direction, pmRA*cosDE (pmra)'
#   meta: !!omap
#   - {ucd: POS_EQ_PMRA}
#   - {width: 9}
#   - {precision: '3'}
#   - values: {'null': .nan}
# - name: pmDE
#   unit: mas / yr
#   datatype: float64
#   format: '{:9.3f}'
#   description: '? Proper motion in declination direction (pmdec)'
#   meta: !!omap
#   - {ucd: POS_EQ_PMDEC}
#   - {width: 9}
#   - {precision: '3'}
#   - values: {'null': .nan}
# - name: e_pmRA
#   unit: mas / yr
#   datatype: float32
#   format: '{:6.3f}'
#   description: '? Standard error of proper motion in right ascension direction (pmra_error)'
#   meta: !!omap
#   - {ucd: ERROR}
#   - {width: 6}
#   - {precision: '3'}
#   - values: {'null': .nan}
# - name: e_pmDE
[...]
#         value: !astropy.table.SerializedColumn {name: SkyCoord.dec}
#       distance: !astropy.table.SerializedColumn
#         __class__: astropy.coordinates.distances.Distance
#         unit: !astropy.units.Unit {unit: pc}
#         value: !astropy.table.SerializedColumn {name: SkyCoord.distance}
#       frame: icrs
#       obstime: !astropy.time.Time {format: jyear_str, in_subfmt: '*', jd1: 367701545.0, jd2: 0.0, out_subfmt: '*', precision: 3, scale: tt}
#       pm_dec: !astropy.table.SerializedColumn
#         __class__: astropy.units.quantity.Quantity
#         unit: !astropy.units.Unit {unit: mas / yr}
#         value: !astropy.table.SerializedColumn {name: SkyCoord.pm_dec}
#       pm_ra_cosdec: !astropy.table.SerializedColumn
#         __class__: astropy.units.quantity.Quantity
#         unit: !astropy.units.Unit {unit: mas / yr}
#         value: !astropy.table.SerializedColumn {name: SkyCoord.pm_ra_cosdec}
#       ra: !astropy.table.SerializedColumn
#         __class__: astropy.coordinates.angles.Longitude
#         unit: *id001
#         value: !astropy.table.SerializedColumn {name: SkyCoord.ra}
#         wrap_angle: !astropy.coordinates.Angle
#           unit: *id001
#           value: 360.0
#       representation_type: spherical
# schema: astropy-2.0
RA_ICRS_1 DE_ICRS_1 e_RA_ICRS e_DE_ICRS _r_1 HIP TYC2 Source rgeo Plx e_Plx pmRA pmDE e_pmRA e_pmDE RUWE Teff logg Gmag BP-RP BPmag RPmag RV e_RV b_rgeo B_rgeo FG e_FG FBP e_FBP FRP e_FRP RAVE5 RAVE6 e_Gmag e_BPmag e_RPmag e_BP-RP SkyCoord.ra SkyCoord.dec SkyCoord.distance SkyCoord.pm_ra_cosdec SkyCoord.pm_dec rmRA rmDE e_rmRA e_rmDE rRV e_rRV v_pec v_pec3d e_vpec e_vpec3d
[from data line 492]
338.61987852581 59.00944395205 0.0369 0.0356 8.464 "" "" 2200572643536881280 2768.37427 0.3512 0.042 -1.668 -2.086 0.044 0.04 0.967 7967.9 3.9101 16.506453 1.757712 17.35192 15.594207 "" "" 2427.35107 3170.24048 4702.90073 2.3149 1565.5 6.9093 4586.4 12.046 "" "" 0.002806671456558008 0.005545006 0.0047345115 0.010279518 338.61987852581 59.00944395205 2768.37427 -1.668000000000001 -2.0860000000000016 1.1219656295776368 -0.07065514183044419 0.15216798 0.14816797 "" "" 14.751702776923775 "" 2.244506720360833 ""
338.7788794252 58.97860198687 0.0356 0.0354 3.9505 "" "" 2008418207598102016 2213.1543 0.4436 0.043 -2.696 -2.039 0.044 0.041 0.971 "" "" 16.506945 1.630648 17.268274 15.637627 "" "" 1987.29675 2446.14844 4700.76515 2.2708 1690.9 8.5141 4406.6 8.3337 "" "" 0.0028047951690437565 0.0061378004 0.0043011494 0.01043895 338.7788794252 58.97860198687 2213.1543 -2.695999999999999 -2.0389999999999997 0.09396562957763654 -0.02365514183044448 0.15216798 0.14916797 "" "" 1.0164877280004045 "" 0.15449682654214258 ""
338.91728555536 59.19884266094 0.0377 0.0366 11.509 "" "" 2200575735913510656 2092.88818 0.4569 0.0447 -4.387 -3.218 0.047 0.044 1.048 8281.8 4.419 16.511757 1.587034 17.25232 15.665285 "" "" 1932.00635 2296.48999 4679.97741 2.5865 1715.9 8.1752 4295.8 9.204 "" "" 0.002819904009715998 0.0058773747 0.0044379253 0.0103153 338.91728555536 59.19884266094 2092.88818 -4.387000000000001 -3.218000000000001 -1.5970343704223628 -1.2026551418304443 0.15516797 0.15216798 "" "" 19.83288569240161 "" 3.0560312645830203 ""
339.17311101035 59.30013313134 0.0428 0.0412 19.5528 "" "" 2200583776092296448 2331.74292 0.3881 0.0494 3.873 1.495 0.054 0.047 1.093 8105.6 3.6851 16.517942 3.08958 18.343315 15.253735 "" "" 2110.79053 2610.98657 4653.38942 3.2696 628.19 8.9465 6275.7 11.895 "" "" 0.0028589783732137276 0.015712459 0.0043033385 0.020015797 339.17311101035 59.30013313134 2331.74292 3.8729999999999993 1.4950000000000006 6.662965629577637 3.5103448581695558 0.16216797 0.15516797 "" "" 83.23731328073319 "" 13.373994978231659 ""
338.82764603726 59.2906295531 0.042 0.0379 17.115 "" "" 2200591884990479232 2354.16724 0.4142 0.046 1.738 -2.718 0.056 0.048 1.066 7192.1 4.2519 16.51915 1.792365 17.38954 15.597175 "" "" 2132.90625 2605.57959 4648.21896 2.4888 1512.2 7.3817 4573.9 6.5679 "" "" 0.002815979710917718 0.005989531 0.004088326 0.0100778565 338.82764603726 59.2906295531 2354.16724 1.7379999999999998 -2.7180000000000013 4.527965629577636 -0.7026551418304443 0.16416797 0.15616797 "" "" 51.13119854149966 "" 8.384715425455793 ""
339.50769820974 58.94588812026 0.0359 0.0351 19.3387 "" "" 2008407044985114752 2726.65552 0.3441 0.0431 -3.439 -2.583 0.044 0.043 1.002 "" "" 16.523672 1.799613 17.392742 15.593129 "" "" 2471.61035 3047.15625 4628.90289 2.3863 1507.7 9.2117 4591.0 10.708 "" "" 0.0028115967985273445 0.007196505 0.0045493487 0.011745853 339.50769820974 58.94588812026 2726.65552 -3.4390000000000005 -2.5829999999999993 -0.6490343704223633 -0.5676551418304445 0.15216798 0.15116797 "" "" 11.144040163473006 "" 1.690945080991519 ""
338.63690436105 58.78901732938 0.0362 0.0374 15.3328 "" "" 2008037780882374144 2313.1272 0.3867 0.0425 -1.385 -0.73 0.045 0.045 0.991 6368.6 3.8138 16.535873 2.53266 17.92066 15.388 "" "" 2122.88208 2551.86499 4577.17181 2.4384 927.16 9.7194 5545.7 9.3349 "" "" 0.0028153759501736895 0.011718759 0.00419807 0.01591683 338.63690436105 58.78901732938 2313.1272 -1.385 -0.7300000000000004 1.4049656295776367 1.2853448581695557 0.15316796 0.15316796 "" "" 20.878252325907933 "" 3.197879380342963 ""
338.47643383373 58.78194565652 0.0353 0.0367 18.7181 "" "" 2008040495301673088 2795.58521 0.334 0.042 -2.542 -1.797 0.045 0.043 0.943 "" "" 16.536804 1.812232 17.4111 15.598868 "" "" 2508.52319 3184.66528 4573.2499 2.3049 1482.4 9.1481 4566.8 9.395 "" "" 0.0028091323609133324 0.0072579714 0.0043900777 0.01164805 338.47643383373 58.78194565652 2795.58521 -2.542 -1.797 0.2479656295776369 0.21834485816955573 0.15316796 0.15116797 "" "" 4.378100080642334 "" 0.6667747075621788 ""
339.21695668094 59.11121459999 0.0377 0.0386 11.7545 "" "" 2008425908481346304 2550.74048 0.3828 0.0485 -6.395 -4.525 0.047 0.048 1.025 "" "" 16.539665 1.764558 17.386353 15.621795 "" "" 2248.34937 2904.20654 4561.21639 2.6701 1516.6 9.4659 4471.4 10.249 "" "" 0.002827676261521054 0.0073285787 0.004525159 0.011853738 339.21695668094 59.11121459999 2550.74048 -6.3950000000000005 -4.525 -3.605034370422363 -2.5096551418304447 0.15516797 0.15616797 "" "" 53.10837041546617 "" 8.25809167370538 ""
338.53080686948 58.91864947258 0.0394 0.0395 12.4284 "" "" 2200196095167067008 2667.2793 0.3399 0.0467 -1.528 -2.667 0.045 0.045 0.918 "" "" 16.540676 2.857752 18.177917 15.320166 "" "" 2424.4502 2978.14966 4556.9685 4.2635 731.56 7.1653 5903.3 14.489 "" "" 0.002936608465958175 0.010994238 0.004624391 0.015618629 338.53080686948 58.91864947258 2667.2793 -1.5279999999999987 -2.666999999999999 1.2619656295776367 -0.6516551418304442 0.15316796 0.15316796 "" "" 17.956536500206607 "" 2.750366118773754 ""
339.0214463212 59.02135714872 0.0369 0.0365 4.0304 "" "" 2008419311411580160 2370.90186 0.3867 0.0447 -4.442 -4.536 0.047 0.045 1.07 9329.6 3.9646 16.54528 2.071315 17.595758 15.524444 "" "" 2171.3064 2668.46313 4537.68766 3.29 1250.6 7.1508 4890.8 11.273 "" "" 0.0028655670883016566 0.0068063117 0.0045328266 0.011339138 339.0214463212 59.02135714872 2370.90186 -4.4419999999999975 -4.535999999999995 -1.6520343704223635 -2.520655141830444 0.15516797 0.15316796 "" "" 33.86917837358679 "" 5.208119580751783 ""
339.57354519005 58.91277828887 0.0354 0.035 21.7824 "" "" 2008405979833246592 2714.92017 0.3597 0.0418 -5.506 -3.238 0.043 0.042 0.951 8241.0 4.3536 16.548073 1.556037 17.267221 15.711184 "" "" 2418.83765 3029.0769 4526.03042 2.3354 1692.5 7.6086 4118.0 9.0817 "" "" 0.0028116987047775467 0.0056221243 0.0044740476 0.010096172 339.57354519005 58.91277828887 2714.92017 -5.506 -3.238 -2.7160343704223635 -1.2226551418304443 0.15116797 0.15016797 "" "" 38.33006203196183 "" 5.787836972739706 ""
338.83804656783 58.61829101065 0.0353 0.0353 23.411 "" "" 2008395465753062656 2515.59863 0.3773 0.0423 -2.544 -2.165 0.047 0.041 1.001 7175.6 4.14 16.54963 1.41184 17.184065 15.772224 "" "" 2280.6814 2828.92676 4519.54789 2.5801 1827.2 12.04 3892.9 9.0244 "" "" 0.002824175404455589 0.007679094 0.004540772 0.012219867 338.83804656783 58.61829101065 2515.59863 -2.5440000000000005 -2.165 0.24596562957763668 -0.14965514183044437 0.15516797 0.14916797 "" "" 3.433095069604849 "" 0.5272204424787922 ""
338.44172597946 58.77017939649 0.0425 0.0424 19.9757 "" "" 2008040598380886144 1943.00635 0.5023 0.0489 -2.587 -1.465 0.055 0.054 1.176 8599.0 3.6082 16.55184 1.730888 17.365635 15.634747 "" "" 1791.6897 2224.12134 4510.35319 3.0906 1545.8 8.7518 4418.3 10.118 "" "" 0.002853994336561567 0.00675067 0.004523904 0.011274574 338.44172597946 58.77017939649 1943.00635 -2.587 -1.4650000000000003 0.20296562957763653 0.5503448581695556 0.16316797 0.16216797 "" "" 5.402301414753756 "" 0.8767287915550662 ""
339.4804330651 59.12237323701 0.0355 0.0338 19.364 "" "" 2008423915616571008 2615.3479 0.3609 0.0418 -3.963 -3.23 0.043 0.041 1.026 "" "" 16.554167 1.622959 17.318602 15.695642 "" "" 2395.45776 2951.27344 4500.69657 2.2688 1614.3 7.3293 4177.4 8.6142 "" "" 0.002809154289802738 0.0056643602 0.0043927627 0.010057123 339.4804330651 59.12237323701 2615.3479 -3.962999999999999 -3.2299999999999986 -1.1730343704223634 -1.2146551418304443 0.15116797 0.14916797 "" "" 20.93324876918608 "" 3.142843570874279 ""
338.43444308942 58.74970438093 0.0364 0.0364 21.024 "" "" 2008040357862725888 2778.90723 0.3342 0.0419 -2.147 -1.932 0.046 0.045 0.959 8143.8 3.7496 16.556332 3.056801 18.345875 15.289074 "" "" 2493.31323 3144.95044 4491.73135 2.8387 626.71 6.9737 6074.8 11.377 "" "" 0.002839474417551207 0.012399504 0.0042916653 0.016691169 338.43444308942 58.74970438093 2778.90723 -2.1470000000000002 -1.932 0.6429656295776369 0.08334485816955572 0.15416797 0.15316796 "" "" 8.540012742327711 "" 1.3164557109459725 ""
339.32281364731 59.20841450029 0.0345 0.0346 17.8915 "" "" 2008428966498035840 2414.81787 0.3907 0.0419 -3.054 0.013 0.043 0.04 0.951 8126.2 4.1283 16.557507 1.911652 17.5048 15.593149 "" "" 2166.30029 2635.75391 4486.87694 2.4171 1359.9 7.6559 4590.9 9.5969 "" "" 0.0028167155725139386 0.006719136 0.004408515 0.011127651 339.32281364731 59.20841450029 2414.81787 -3.053999999999998 0.013000000000000168 -0.2640343704223631 2.0283448581695556 0.15116797 0.14816797 "" "" 23.41279247002333 "" 3.470207876315064 ""
338.89079426489 58.74206257136 0.0344 0.0369 15.9208 "" "" 2008399692000838144 2494.38867 0.3827 0.0418 -2.167 -1.646 0.043 0.044 1.08 9507.4 4.0872 16.55953 1.349215 17.147243 15.798029 "" "" 2271.36743 2796.54321 4478.5233 2.4196 1890.3 7.7386 3801.4 9.736 "" "" 0.0028170684578674382 0.0052480125 0.0046921507 0.009940163 338.89079426489 58.74206257136 2494.38867 -2.1670000000000007 -1.6460000000000001 0.6229656295776369 0.36934485816955576 0.15116797 0.15216798 "" "" 8.562803113547302 "" 1.2966541089005812 ""
338.64134944329 59.27498108522 0.0373 0.035 17.8358 "" "" 2200592297307307136 2063.55469 0.4568 0.044 -2.78 -4.05 0.05 0.042 0.942 7926.4 4.2666 16.560747 1.882137 17.48623 15.604094 "" "" 1892.38416 2242.32544 4473.50505 2.5448 1383.3 9.4719 4544.9 7.7169 "" "" 0.002823696003153855 0.007940725 0.0042050225 0.012145748 338.64134944329 59.27498108522 2063.55469 -2.7800000000000002 -4.049999999999999 0.009965629577636914 -2.034655141830444 0.15816797 0.15016797 "" "" 19.901707755942393 "" 2.988603011208739 ""
338.17102392253 59.08457931959 0.0409 0.0401 22.7814 "" "" 2200212828359442816 1988.6438 0.4795 0.0474 -2.169 -1.88 0.047 0.048 1.006 8599.0 3.0131 16.571568 2.225897 17.71842 15.492523 "" "" 1840.55615 2214.61523 4429.14699 3.0101 1117.0 8.1784 5036.7 8.5208 "" "" 0.002852412083908491 0.008424933 0.004202084 0.012627017 338.17102392253 59.08457931959 1988.6438 -2.168999999999998 -1.8799999999999988 0.6209656295776367 0.13534485816955577 0.15516797 0.15616797 "" "" 5.990749538619825 "" 0.9298449528930307 ""
338.39640691706 59.14315366236 0.0877 0.0885 17.3659 "" "" 2200213996583948160 2086.26807 0.496 0.1035 0.291 -0.243 0.111 0.109 2.529 "" "" 16.572762 2.635234 17.961977 15.326743 "" "" 1772.82886 2505.59326 4424.27737 8.7687 892.54 5.7046 5867.6 10.235 "" "" 0.0034960489048262945 0.0074793245 0.004227351 0.011706675 338.39640691706 59.14315366236 2086.26807 0.291 -0.243 3.0809656295776366 1.7723448581695558 0.21916798 0.21716797 "" "" 35.14886044363687 "" 7.686085859728073 ""
339.2268867283 58.8437910101 0.0354 0.0364 14.2396 "" "" 2008404708522896128 2217.0769 0.4238 0.0423 3.652 -0.627 0.044 0.045 1.002 "" "" 16.574734 1.877108 17.502554 15.625446 "" "" 2046.73853 2439.01318 4416.24897 2.2211 1362.7 7.2745 4456.4 7.346 "" "" 0.002808908839627959 0.006432611 0.0041817357 0.010614347 339.2268867283 58.8437910101 2217.0769 3.6519999999999997 -0.6269999999999999 6.441965629577637 1.3883448581695557 0.15216798 0.15316796 "" "" 69.25260683733336 "" 10.54111242586008 ""
338.5145512641 58.79314190795 0.0366 0.039 17.4191 "" "" 2008040529661415424 2455.98267 0.3942 0.044 -2.853 -1.909 0.045 0.045 1.009 9506.8 3.8318 16.57758 1.656611 17.349422 15.692811 "" "" 2157.22852 2909.28247 4404.68783 2.9918 1569.1 7.974 4188.3 11.377 "" "" 0.002852305181897758 0.0061829537 0.0047939452 0.010976899 338.5145512641 58.79314190795 2455.98267 -2.853 -1.9089999999999998 -0.06303437042236348 0.10634485816955563 0.15316796 0.15316796 "" "" 1.4391355604960523 "" 0.22042946232227334 ""
339.29438400465 59.32272715476 0.0429 0.0397 22.5765 "" "" 2200584050970221056 1964.47217 0.4745 0.0492 -0.792 -0.081 0.053 0.045 1.037 7408.1 3.6543 16.579895 3.30977 18.57925 15.269481 "" "" 1770.80847 2194.61597 4395.29867 3.4638 505.49 5.978 6185.4 9.8801 "" "" 0.002885117201684842 0.013139736 0.004158297 0.017298033 339.29438400465 59.32272715476 1964.47217 -0.792 -0.08099999999999997 1.9979656295776367 1.9343448581695557 0.16116796 0.15316796 "" "" 25.89487738941759 "" 4.074511293755048 ""
339.52266871402 59.18472729211 0.0408 0.0388 22.1072 "" "" 2008448242311697408 2744.61426 0.3373 0.0474 -3.863 -2.792 0.049 0.046 1.127 9591.2 3.8068 16.581049 1.585807 17.287674 15.701867 "" "" 2488.63965 3042.65112 4390.63106 2.5653 1660.9 10.431 4153.5 15.131 "" "" 0.0028274019013790302 0.0073675523 0.0054706493 0.012838202 339.52266871402 59.18472729211 2744.61426 -3.8630000000000013 -2.792000000000002 -1.0730343704223633 -0.7766551418304442 0.15716797 0.15416797 "" "" 17.232497367067968 "" 2.69073614302594 ""
338.98976674393 58.9021549879 0.04 0.0368 6.9781 "" "" 2008414947724855424 2172.8252 0.4524 0.0471 5.18 5.122 0.05 0.044 1.005 4970.6 3.6748 16.582014 2.154068 17.70022 15.546152 "" "" 1925.86499 2382.73462 4386.73049 2.542 1135.9 7.5613 4794.0 11.442 "" "" 0.0028262391423600785 0.0077472585 0.0045824545 0.0123297125 338.98976674393 58.9021549879 2172.8252 5.18 5.122 7.969965629577636 7.1373448581695556 0.15816797 0.15216798 "" "" 110.1878931554976 "" 17.137109020045255 ""
338.93654970153 59.06229963997 0.0396 0.0384 3.5481 "" "" 2008420479642643968 2031.82568 0.4746 0.0479 -7.175 -4.256 0.05 0.047 0.983 7196.7 4.2736 16.584587 1.643624 17.360605 15.716981 "" "" 1859.25574 2195.29565 4376.34862 2.4857 1553.0 8.619 4096.1 11.635 "" "" 0.0028234882214841395 0.0066403677 0.0048780157 0.011518383 338.93654970153 59.06229963997 2031.82568 -7.175000000000001 -4.256 -4.385034370422363 -2.2406551418304446 0.15816797 0.15516797 "" "" 47.42553706530289 "" 7.471966398184353 ""
339.31703785538 59.36883960061 0.0429 0.0409 25.2877 "" "" 2200584428927403648 2180.57617 0.418 0.0494 -2.997 -3.571 0.054 0.05 0.971 7177.8 3.1507 16.589985 3.47709 18.71787 15.240781 "" "" 1968.64062 2455.29492 4354.64832 3.5461 444.91 9.7038 6351.1 14.031 "" "" 0.0028936995446884853 0.023844477 0.00447629 0.028320767 339.31703785538 59.36883960061 2180.57617 -2.996999999999999 -3.570999999999997 -0.20703437042236317 -1.5556551418304445 0.16216797 0.15816797 "" "" 16.22091312574117 "" 2.5667721682874403 ""
338.80193185017 58.81860579467 0.0364 0.0382 11.6801 "" "" 2008412748701370112 1995.65247 0.4804 0.0444 2.483 -1.86 0.043 0.044 1.045 7163.7 4.3418 16.590897 1.618022 17.350288 15.732266 "" "" 1806.40051 2236.823 4350.9867 2.4896 1567.8 7.4718 4038.8 10.964 "" "" 0.0028244894155123293 0.0058787176 0.004792804 0.010671522 338.80193185017 58.81860579467 1995.65247 2.4830000000000028 -1.860000000000001 5.272965629577637 0.15534485816955557 0.15116797 0.15216798 "" "" 49.900693652651725 "" 7.5434301702395805 ""
339.16890170033 59.03804702042 0.0383 0.04 8.6919 "" "" 2008422438147795200 2461.08008 0.3839 0.0477 -2.309 -1.762 0.049 0.048 1.023 8105.2 4.1086 16.591919 1.929275 17.549028 15.619754 "" "" 2203.93726 2708.40381 4346.8964 2.5478 1305.6 8.1927 4479.8 9.8248 "" "" 0.0028278538539266854 0.0073622433 0.004466953 0.0118291965 339.16890170033 59.03804702042 2461.08008 -2.309 -1.7620000000000002 0.48096562957763656 0.25334485816955565 0.15716797 0.15616797 "" "" 6.3414901144817 "" 0.9953052276476857 ""
338.83284142436 59.21311187531 0.0406 0.038 12.4845 "" "" 2200578897009413248 2024.73547 0.4689 0.0465 -1.018 -5.195 0.053 0.045 1.058 6661.9 4.2002 16.591995 1.936843 17.556063 15.61922 "" "" 1865.61206 2254.28247 4346.59303 2.3111 1297.2 9.35 4482.0 6.7562 "" "" 0.002815147102609983 0.008308325 0.004118536 0.012426861 338.83284142436 59.21311187531 2024.73547 -1.0180000000000007 -5.195 1.7719656295776367 -3.1796551418304446 0.16116796 0.15316796 "" "" 34.93459420147594 "" 5.418391509733201 ""
