Clusters/BH_92/BH_92_members.tsv
# %ECSV 1.0
# ---
# datatype:
# - name: RA_ICRS_1
#   unit: deg
#   datatype: float64
#   format: '{:15.11f}'
#   description: Right ascension (ICRS) at Ep=2016.0 (ra)
#   meta: !!omap
#   - {ucd: POS_EQ_RA_MAIN}
#   - {width: 15}
#   - {precision: '11'}
# - name: DE_ICRS_1
#   unit: deg
#   datatype: float64
#   format: '{:15.11f}'
#   description: Declination (ICRS) at Ep=2016.0 (dec)
#   meta: !!omap
#   - {ucd: POS_EQ_DEC_MAIN}
#   - {width: 15}
#   - {precision: '11'}
# - name: e_RA_ICRS
#   unit: mas
#   datatype: float64
#   format: '{:7.4f}'
#   description: Standard error of right ascension (ra_error)
#   meta: !!omap
#   - {ucd: ERROR}
#   - {width: 7}
#   - {precision: '4'}
# - name: e_DE_ICRS
#   unit: mas
#   datatype: float64
#   format: '{:7.4f}'
#   description: Standard error of declination (dec_error)
#   meta: !!omap
#   - {ucd: ERROR}
#   - {width: 7}
#   - {precision: '4'}
# - name: _r_1
#   unit: ''
#   datatype: float64
#   format: '{:7.4f}'
#   description: Distance from center (154.78151227000-56.42500464000)[ICRS], at Epoch=J2016.0
#   meta: !!omap
#   - {ucd: POS_ANG_DIST_GENERAL}
#   - {width: 7}
#   - {precision: '4'}
# - name: HIP
#   datatype: int32
#   description: '? HIP cross-id number, van Leeuwen, Cat. I/311 (hip_original_ext_source_id)'
#   meta: !!omap
#   - {ucd: ID_NUMBER}
#   - {width: 6}
#   - values: {'null': -2147483648}
# - name: TYC2
#   datatype: string
#   description: Tycho-2 cross-id name, Hog et al., Cat. I/259 (tyc2_original_ext_source_id)
#   meta: !!omap
#   - {ucd: ID_CROSSID}
#   - {_votable_string_dtype: char}
# - name: Source
#   datatype: int64
#   description: Source identifier, identical to the Gaia-EDR3 source_id (id)
#   meta: !!omap
#   - {ucd: ID_MAIN}
#   - {width: 19}
# - name: rgeo
#   unit: pc
#   datatype: float64
#   format: '{:15.8f}'
#   description: '? Median of the geometric distance posterior (r_med_geo)'
#   meta: !!omap
#   - {ucd: PHYS_DISTANCE_TRUE}
#   - {width: 15}
#   - {precision: '8'}
#   - values: {'null': .nan}
# - name: Plx
#   unit: mas
#   datatype: float64
#   format: '{:9.4f}'
#   description: '? Parallax (parallax)'
#   meta: !!omap
#   - {ucd: POS_PARLX_TRIG}
#   - {width: 9}
#   - {precision: '4'}
#   - values: {'null': .nan}
# - name: e_Plx
#   unit: mas
#   datatype: float32
#   format: '{:7.4f}'
#   description: '? Standard error of parallax (parallax_error)'
#   meta: !!omap
#   - {ucd: ERROR}
#   - {width: 7}
#   - {precision: '4'}
#   - values: {'null': .nan}
# - name: pmRA
#   unit: mas / yr
#   datatype: float64
#   format: '{:9.3f}'
#   description: '? Proper motion in right ascension direction, pmRA*cosDE (pmra)'
#   meta: !!omap
#   - {ucd: POS_EQ_PMRA}
#   - {width: 9}
#   - {precision: '3'}
#   - values: {'null': .nan}
# - name: pmDE
#   unit: mas / yr
#   datatype: float64
#   format: '{:9.3f}'
#   description: '? Proper motion in declination direction (pmdec)'
#   meta: !!omap
#   - {ucd: POS_EQ_PMDEC}
#   - {width: 9}
#   - {precision: '3'}
#   - values: {'null': .nan}
# - name: e_pmRA
#   unit: mas / yr
#   datatype: float32
#   format: '{:6.3f}'
#   description: '? Standard error of proper motion in right ascension direction (pmra_error)'
#   meta: !!omap
#   - {ucd: ERROR}
#   - {width: 6}
#   - {precision: '3'}
#   - values: {'null': .nan}
# - name: e_pmDE
[...]
#       distance: !astropy.table.SerializedColumn
#         __class__: astropy.coordinates.distances.Distance
#         unit: !astropy.units.Unit {unit: pc}
#         value: !astropy.table.SerializedColumn {name: SkyCoord.distance}
#       frame: icrs
#       obstime: !astropy.time.Time {format: jyear_str, in_subfmt: '*', jd1: 367701545.0, jd2: 0.0, out_subfmt: '*', precision: 3, scale: tt}
#       pm_dec: !astropy.table.SerializedColumn
#         __class__: astropy.units.quantity.Quantity
#         unit: !astropy.units.Unit {unit: mas / yr}
#         value: !astropy.table.SerializedColumn {name: SkyCoord.pm_dec}
#       pm_ra_cosdec: !astropy.table.SerializedColumn
#         __class__: astropy.units.quantity.Quantity
#         unit: !astropy.units.Unit {unit: mas / yr}
#         value: !astropy.table.SerializedColumn {name: SkyCoord.pm_ra_cosdec}
#       ra: !astropy.table.SerializedColumn
#         __class__: astropy.coordinates.angles.Longitude
#         unit: *id001
#         value: !astropy.table.SerializedColumn {name: SkyCoord.ra}
#         wrap_angle: !astropy.coordinates.Angle
#           unit: *id001
#           value: 360.0
#       representation_type: spherical
# schema: astropy-2.0
RA_ICRS_1 DE_ICRS_1 e_RA_ICRS e_DE_ICRS _r_1 HIP TYC2 Source rgeo Plx e_Plx pmRA pmDE e_pmRA e_pmDE RUWE Teff logg Gmag BP-RP BPmag RPmag RV e_RV b_rgeo B_rgeo FG e_FG FBP e_FBP FRP e_FRP RAVE5 RAVE6 e_Gmag e_BPmag e_RPmag e_BP-RP SkyCoord.ra SkyCoord.dec SkyCoord.distance SkyCoord.pm_ra_cosdec SkyCoord.pm_dec rmRA rmDE e_rmRA e_rmDE rRV e_rRV v_pec v_pec3d e_vpec e_vpec3d Pmemb
154.77926347429 -56.41516989267 0.0098 0.0095 0.5948 "" "" 5354891699126230016 2263.00879 0.4184 0.0116 -5.897 3.546 0.013 0.011 0.989 6602.6 3.4206 12.624998 0.57674 12.832217 12.255477 "" "" 2186.97583 2314.72949 167860.13412 126.48 100580.0 249.11 99304.0 203.67 "" "" 0.0028742047622232294 0.0038750747 0.004386621 0.0082616955 154.77926347429 -56.41516989267 2263.00879 -5.897000000000002 3.5459999999999976 -0.0029613227844240697 0.07603835678100568 0.08500293 0.083002925 "" "" 0.8162560402914679 "" 0.06775414088947032 "" 1.0
154.82984682338 -56.43153817898 0.0117 0.0115 1.6509 "" "" 5354890874492511488 2368.91479 0.403 0.014 -5.944 3.516 0.015 0.014 1.006 10050.8 3.4249 12.87915 0.753199 13.129428 12.376229 "" "" 2307.97437 2441.81738 132827.04798 37.869 76497.0 240.48 88852.0 336.34 "" "" 0.002772653340667274 0.004408495 0.005583488 0.009991983 154.82984682338 -56.43153817898 2368.91479 -5.944 3.5160000000000005 -0.04996132278442378 0.046038356781005874 0.087002926 0.08600292 "" "" 0.7628600598159627 "" 0.06602184259252744 "" 1.0
154.75357162876 -56.42273815144 0.0111 0.0106 0.9371 "" "" 5354891591735875328 2368.04297 0.4065 0.0128 -5.972 3.633 0.015 0.012 0.943 "" "" 12.882324 0.786408 13.186198 12.399791 "" "" 2297.14502 2447.67163 132439.40052 113.39 72600.0 202.56 86944.0 239.5 "" "" 0.0029079011050398692 0.0041184546 0.004819619 0.008938074 154.75357162876 -56.42273815144 2368.04297 -5.971999999999998 3.632999999999999 -0.07796132278442425 0.16303835678100587 0.087002926 0.08400293 "" "" 2.02848831776909 "" 0.17154781768814573 "" 1.0
154.78676126255 -56.4261650401 0.0111 0.0109 0.1876 "" "" 5354890835821631616 2576.59424 0.3657 0.0132 -5.896 3.624 0.015 0.013 0.983 "" "" 12.902304 0.645586 13.143139 12.497553 "" "" 2499.38232 2683.02759 130024.48265 22.688 75537.0 46.857 79458.0 30.017 "" "" 0.0027618256346274195 0.0028703054 0.0038015733 0.0066718785 154.78676126255 -56.4261650401 2576.59424 -5.896000000000001 3.623999999999996 -0.0019613227844237358 0.15403835678100597 0.087002926 0.08500293 "" "" 1.8814316766155381 "" 0.1599278202886259 "" 1.0
154.77843988753 -56.42087363101 0.0111 0.0112 0.268 "" "" 5354891596047012352 2508.87109 0.3624 0.0132 -6.016 3.464 0.015 0.014 1.01 11678.8 3.758 13.685692 0.700545 13.947474 13.246928 "" "" 2446.64673 2581.40112 63193.15549 11.312 36010.0 25.783 39846.0 27.448 "" "" 0.0027621663445802753 0.0028964411 0.0038526743 0.0067491154 154.77843988753 -56.42087363101 2508.87109 -6.016000000000001 3.4640000000000004 -0.12196132278442384 -0.005961643218994173 0.087002926 0.08600292 "" "" 1.4521017412465131 "" 0.1263336581869963 "" 0.8
154.75937334565 -56.42326864812 0.0114 0.011 0.742 "" "" 5354891596047009152 2410.08203 0.3795 0.0134 -5.965 3.39 0.015 0.013 1.06 "" "" 13.768815 0.766546 14.052886 13.28634 "" "" 2329.47559 2488.09009 58535.69269 9.9295 32679.0 29.518 38426.0 46.351 "" "" 0.002761468788859293 0.0029575073 0.0039998665 0.0069573736 154.75937334565 -56.42326864812 2410.08203 -5.965 3.39 -0.07096132278442369 -0.07996164321899402 0.087002926 0.08500293 "" "" 1.2212972606404842 "" 0.10489700079479357 "" 0.9
154.75522058229 -56.41592241207 0.0113 0.0107 1.0287 "" "" 5354891664766238464 2502.4021 0.3638 0.0131 -5.922 3.504 0.015 0.013 0.939 9837.3 3.6451 13.791119 0.742337 14.07566 13.333323 "" "" 2415.22217 2585.80469 57345.49954 8.6591 32000.0 21.562 36798.0 19.691 "" "" 0.0027601933464724495 0.0028844862 0.0038237777 0.006708264 154.75522058229 -56.41592241207 2502.4021 -5.922000000000001 3.504 -0.027961322784423537 0.03403835678100586 0.087002926 0.08500293 "" "" 0.5224998142067889 "" 0.04483799014122935 "" 0.9
154.76780501789 -56.41952625202 0.0122 0.0112 0.5612 "" "" 5354891596047010944 2382.49927 0.3845 0.0139 -5.921 3.468 0.017 0.014 1.08 "" "" 13.86216 0.793144 14.15517 13.362026 "" "" 2309.51318 2456.71899 53713.41292 9.1695 29741.0 27.57 35838.0 107.0 "" "" 0.002761547243356189 0.0029661509 0.00497915 0.007945301 154.76780501789 -56.41952625202 2382.49927 -5.921 3.468 -0.02696132278442409 -0.001961643218994169 0.08900292 0.08600292 "" "" 0.30528030704941167 "" 0.027166097637833883 "" 1.0
154.82580045017 -56.45189252501 0.0129 0.0124 2.1819 "" "" 5354890565254859776 2458.69214 0.3703 0.0156 -5.838 3.496 0.018 0.015 0.998 10752.6 3.7525 14.154435 0.705023 14.423261 13.718238 "" "" 2380.3252 2537.09204 41036.73724 7.2139 23233.0 18.615 25814.0 14.307 "" "" 0.0027619228927407724 0.002922639 0.0038269875 0.0067496262 154.82580045017 -56.45189252501 2458.69214 -5.838000000000007 3.496000000000003 0.056038677215576094 0.026038356781005856 0.090002924 0.087002926 "" "" 0.7201437376562029 "" 0.06443671784148804 "" 1.0
154.79076202608 -56.42546857724 0.013 0.0126 0.3082 "" "" 5354890943211984384 2373.51025 0.3862 0.0153 -5.974 3.448 0.018 0.015 1.065 9817.8 3.847 14.2637 0.763676 14.558864 13.795188 "" "" 2307.03613 2448.25854 37107.95339 6.6633 20506.0 19.199 24048.0 14.389 "" "" 0.0027622090810711544 0.0029695774 0.0038348096 0.006804387 154.79076202608 -56.42546857724 2373.51025 -5.974000000000005 3.4480000000000013 -0.07996132278442403 -0.021961643218994187 0.090002924 0.087002926 "" "" 0.932913537608497 "" 0.08377168313962148 "" 1.0
154.77009432998 -56.40679323773 0.0171 0.0152 1.1565 "" "" 5354891699125984384 2391.80664 0.3818 0.0189 -5.887 3.404 0.022 0.018 0.984 9414.6 3.9418 14.809829 0.715445 15.084766 14.369321 "" "" 2279.81836 2512.92041 22439.60054 5.2704 12633.0 11.635 14172.0 12.835 "" "" 0.002767095619959262 0.002963946 0.0039052041 0.0068691503 154.77009432998 -56.40679323773 2391.80664 -5.887 3.404000000000001 0.007038677215576605 -0.06596164321899423 0.094002925 0.090002924 "" "" 0.7520634824844875 "" 0.06772252491110772 "" 1.0
154.80780544885 -56.43318101498 0.017 0.0161 1.0008 "" "" 5354890874492508800 2161.18799 0.4261 0.0195 -6.002 3.454 0.023 0.02 1.006 7485.4 3.7886 14.9002 0.844213 15.230544 14.386331 "" "" 2080.38135 2260.43628 20647.46707 4.398 11046.0 15.852 13952.0 9.8104 "" "" 0.0027650087876899066 0.0031957494 0.0038557188 0.007051468 154.80780544885 -56.43318101498 2161.18799 -6.002000000000006 3.4540000000000033 -0.10796132278442361 -0.01596164321899396 0.09500293 0.09200293 "" "" 1.1179810661084735 "" 0.10614083908714679 "" 0.9
154.82736895934 -56.38688205239 0.0174 0.0165 2.7477 "" "" 5354892489400230016 2303.34497 0.3978 0.0196 -5.89 3.482 0.024 0.021 0.897 9353.6 3.8833 14.961209 0.798597 15.272256 14.473659 "" "" 2208.05615 2406.22705 19519.24607 4.0764 10630.0 12.636 12873.0 10.885 "" "" 0.002764634293341922 0.0030742097 0.003889289 0.006963499 154.82736895934 -56.38688205239 2303.34497 -5.889999999999997 3.482 0.004038677215576492 0.012038356781006065 0.09600292 0.09300292 "" "" 0.13863223512953546 "" 0.012935884614520875 "" 1.0
154.75754351794 -56.43639023608 0.0176 0.0169 1.0483 "" "" 5354891561687266176 2178.69263 0.4276 0.0204 -5.715 3.419 0.024 0.02 1.023 "" "" 15.057583 0.877273 15.404485 14.527212 "" "" 2083.13013 2272.07617 17861.31698 3.819 9410.7 11.607 12254.0 11.836 "" "" 0.0027650824554657865 0.0030948853 0.0039221803 0.007017066 154.75754351794 -56.43639023608 2178.69263 -5.715 3.4190000000000005 0.17903867721557631 -0.0509616432189941 0.09600292 0.09200293 "" "" 1.9223747973345517 "" 0.1839884267448967 "" 1.0
154.79085474177 -56.43396541093 0.0183 0.0176 0.6206 "" "" 5354890835821935616 2229.11646 0.407 0.0213 -5.752 3.439 0.025 0.022 1.019 8398.0 4.3784 15.139227 0.774358 15.441009 14.666652 "" "" 2148.84424 2337.18408 16567.46345 4.0971 9099.4 11.967 10777.0 10.222 "" "" 0.0027683716937869952 0.0031343163 0.0039171753 0.0070514916 154.79085474177 -56.43396541093 2229.11646 -5.751999999999999 3.4389999999999987 0.1420386772155764 -0.030961643218994084 0.09700292 0.094002925 "" "" 1.5360237694218852 "" 0.1487928634430449 "" 0.9
154.77249718076 -56.40878538212 0.0198 0.0183 1.0181 "" "" 5354891699125984128 2238.91211 0.4136 0.0223 -5.871 3.415 0.027 0.022 1.018 9278.6 4.1251 15.23835 0.817894 15.560402 14.742508 "" "" 2146.198 2355.19751 15121.90803 3.8539 8151.8 12.68 10050.0 11.995 "" "" 0.0027691795650376244 0.0032614795 0.00399537 0.0072568497 154.77249718076 -56.40878538212 2238.91211 -5.871 3.415000000000001 0.02303867721557573 -0.054961643218994105 0.09900293 0.094002925 "" "" 0.6324484619502335 "" 0.059935207284234966 "" 1.0
154.80281595193 -56.4248899176 0.0224 0.0208 0.7069 "" "" 5354890943211986560 2093.82617 0.4419 0.0257 -5.888 3.401 0.03 0.026 1.058 9608.1 4.2149 15.384142 0.865911 15.673128 14.807218 "" "" 1985.55884 2205.36035 13221.78572 3.8906 7347.9 61.48 9468.3 35.241 "" "" 0.002773780849805882 0.009503203 0.0055330177 0.015036222 154.80281595193 -56.4248899176 2093.82617 -5.8879999999999955 3.4009999999999962 0.006038677215576271 -0.06896164321899434 0.102002926 0.098002926 "" "" 0.6870451024288481 "" 0.06735376542112814 "" 1.0
154.72166328401 -56.42807512703 0.0215 0.0223 1.9943 "" "" 5354891252449368192 2465.03052 0.3732 0.0256 -5.927 3.46 0.03 0.026 0.995 9264.3 4.2565 15.476039 0.903297 15.840397 14.937099 "" "" 2330.51709 2583.66528 12148.73638 3.0524 6298.8 11.236 8400.8 8.7998 "" "" 0.0027687914183433283 0.0033964878 0.0039467947 0.0073432825 154.72166328401 -56.42807512703 2465.03052 -5.927 3.46 -0.03296132278442343 -0.009961643218994176 0.102002926 0.098002926 "" "" 0.4023323590918462 "" 0.04090681478167741 "" 1.0
154.85917965712 -56.43818885675 0.0227 0.0216 2.6954 "" "" 5354890702693823616 2129.60352 0.4358 0.0263 -5.927 3.503 0.032 0.027 0.996 9265.8 4.16 15.484905 0.925274 15.85818 14.932906 "" "" 2004.6665 2256.54004 12049.93078 3.2121 6196.5 8.8241 8433.3 9.9953 "" "" 0.002770478918969088 0.0031899202 0.0039924514 0.007182372 154.85917965712 -56.43818885675 2129.60352 -5.927 3.5030000000000006 -0.03296132278442343 0.03303835678100597 0.10400292 0.09900293 "" "" 0.4710903658110068 "" 0.04782880301966767 "" 0.9
154.70393447092 -56.44574402366 0.0219 0.0218 2.8585 "" "" 5354891218089624064 2525.35767 0.3637 0.0254 -5.877 3.474 0.031 0.027 0.973 8686.8 3.5941 15.533447 1.013168 15.950077 14.936909 "" "" 2403.70728 2696.71948 11523.06364 3.2735 5693.6 9.6142 8402.2 9.2117 "" "" 0.002772530208174289 0.0033386075 0.0039624027 0.00730101 154.70393447092 -56.44574402366 2525.35767 -5.877 3.4739999999999993 0.017038677215576392 0.004038356781006058 0.10300292 0.09900293 "" "" 0.20960657920154677 "" 0.021546318402482594 "" 1.0
154.78269181865 -56.41915745607 0.0297 0.027 0.353 "" "" 5354891699126229760 2215.82178 0.4204 0.0334 -5.752 3.398 0.039 0.033 1.069 7859.6 4.1589 16.020193 1.118612 16.493492 15.37488 "" "" 2043.52942 2432.52637 7359.86141 3.1517 3451.6 11.222 5613.1 12.946 "" "" 0.0027942729309332285 0.004499546 0.0045336965 0.009033242 154.78269181865 -56.41915745607 2215.82178 -5.751999999999999 3.3980000000000063 0.1420386772155764 -0.07196164321899401 0.11100292 0.105002925 "" "" 1.6723678892615896 "" 0.18363278692644935 "" 1.0
154.83559739801 -56.42615410718 0.0293 0.0275 1.7959 "" "" 5354890908852253568 2390.92896 0.3942 0.0333 -5.939 3.505 0.039 0.034 1.03 8256.4 4.2078 16.04202 1.097848 16.504267 15.406419 "" "" 2227.22241 2565.9939 7213.37928 2.8601 3417.5 9.4721 5452.4 11.283 "" "" 0.002788747782095616 0.0041037533 0.00439679 0.008500543 154.83559739801 -56.42615410718 2390.92896 -5.939 3.5049999999999986 -0.044961322784423885 0.03503835678100575 0.11100292 0.10600293 "" "" 0.6460017636813713 "" 0.07050504687081846 "" 0.9
154.79211907457 -56.40239210205 0.034 0.0312 1.4017 "" "" 5354891733485974912 2311.78418 0.4159 0.0386 -5.914 3.367 0.046 0.039 1.037 7257.2 4.3409 16.320766 1.148212 16.78772 15.639507 "" "" 2140.8606 2533.38745 5580.08058 2.7743 2632.3 19.679 4399.0 17.549 "" "" 0.0028077000071272213 0.008583103 0.0057484144 0.014331518 154.79211907457 -56.40239210205 2311.78418 -5.914 3.367 -0.01996132278442353 -0.10296164321899415 0.11800292 0.11100292 "" "" 1.1492464601127068 "" 0.12786996736054473 "" 1.0
154.80080350207 -56.42266192815 0.0362 0.0347 0.6554 "" "" 5354890943211987072 2177.75928 0.4441 0.0412 -5.872 3.491 0.048 0.043 1.006 6142.6 4.4279 16.478405 1.219875 16.994745 15.77487 "" "" 1989.60962 2431.46045 4825.9734 2.1222 2175.3 10.194 3883.4 9.2366 "" "" 0.0027963808055571876 0.0058028535 0.0045773946 0.010380248 154.80080350207 -56.42266192815 2177.75928 -5.872000000000002 3.4910000000000005 0.022038677215576286 0.021038356781005962 0.120002925 0.11500293 "" "" 0.31451116986735833 "" 0.03700081816504227 "" 0.9
154.86870690325 -56.4168960436 0.0368 0.0367 2.9342 "" "" 5354892214522320768 2010.9021 0.4734 0.0432 -5.837 3.496 0.049 0.044 0.938 7727.9 4.2963 16.532732 1.273907 17.091162 15.817255 "" "" 1870.9917 2202.80713 4590.43912 2.1879 1990.5 7.8749 3734.7 10.107 "" "" 0.0028034942284823256 0.00512209 0.0047871834 0.009909274 154.86870690325 -56.4168960436 2010.9021 -5.837 3.4960000000000004 0.05703867721557643 0.026038356781005856 0.12100293 0.116002925 "" "" 0.597644954336788 "" 0.07181032418984871 "" 0.9
154.7611038946 -56.42610850527 0.0383 0.0365 0.6804 "" "" 5354891596047194752 2094.22559 0.4558 0.044 -5.85 3.422 0.052 0.045 1.016 5934.2 4.414 16.653992 1.481727 17.341925 15.860198 "" "" 1930.67615 2296.84741 4105.34995 2.2065 1580.0 6.6146 3589.9 8.9418 "" "" 0.0028164374616123896 0.0053334404 0.0046472973 0.009980738 154.7611038946 -56.42610850527 2094.22559 -5.85 3.4219999999999997 0.04403867721557653 -0.04796164321899399 0.124002926 0.11700293 "" "" 0.6463542554640843 "" 0.07772769126767125 "" 0.9
