Clusters/BH_92/BH_92_stars_in_region.tsv
# %ECSV 1.0
# ---
# datatype:
# - name: RA_ICRS_1
#   unit: deg
#   datatype: float64
#   format: '{:15.11f}'
#   description: Right ascension (ICRS) at Ep=2016.0 (ra)
#   meta: !!omap
#   - {ucd: POS_EQ_RA_MAIN}
#   - {width: 15}
#   - {precision: '11'}
# - name: DE_ICRS_1
#   unit: deg
#   datatype: float64
#   format: '{:15.11f}'
#   description: Declination (ICRS) at Ep=2016.0 (dec)
#   meta: !!omap
#   - {ucd: POS_EQ_DEC_MAIN}
#   - {width: 15}
#   - {precision: '11'}
# - name: e_RA_ICRS
#   unit: mas
#   datatype: float64
#   format: '{:7.4f}'
#   description: Standard error of right ascension (ra_error)
#   meta: !!omap
#   - {ucd: ERROR}
#   - {width: 7}
#   - {precision: '4'}
# - name: e_DE_ICRS
#   unit: mas
#   datatype: float64
#   format: '{:7.4f}'
#   description: Standard error of declination (dec_error)
#   meta: !!omap
#   - {ucd: ERROR}
#   - {width: 7}
#   - {precision: '4'}
# - name: _r_1
#   unit: ''
#   datatype: float64
#   format: '{:7.4f}'
#   description: Distance from center (154.78151227000-56.42500464000)[ICRS], at Epoch=J2016.0
#   meta: !!omap
#   - {ucd: POS_ANG_DIST_GENERAL}
#   - {width: 7}
#   - {precision: '4'}
# - name: HIP
#   datatype: int32
#   description: '? HIP cross-id number, van Leeuwen, Cat. I/311 (hip_original_ext_source_id)'
#   meta: !!omap
#   - {ucd: ID_NUMBER}
#   - {width: 6}
#   - values: {'null': -2147483648}
# - name: TYC2
#   datatype: string
#   description: Tycho-2 cross-id name, Hog et al., Cat. I/259 (tyc2_original_ext_source_id)
#   meta: !!omap
#   - {ucd: ID_CROSSID}
#   - {_votable_string_dtype: char}
# - name: Source
#   datatype: int64
#   description: Source identifier, identical to the Gaia-EDR3 source_id (id)
#   meta: !!omap
#   - {ucd: ID_MAIN}
#   - {width: 19}
# - name: rgeo
#   unit: pc
#   datatype: float64
#   format: '{:15.8f}'
#   description: '? Median of the geometric distance posterior (r_med_geo)'
#   meta: !!omap
#   - {ucd: PHYS_DISTANCE_TRUE}
#   - {width: 15}
#   - {precision: '8'}
#   - values: {'null': .nan}
# - name: Plx
#   unit: mas
#   datatype: float64
#   format: '{:9.4f}'
#   description: '? Parallax (parallax)'
#   meta: !!omap
#   - {ucd: POS_PARLX_TRIG}
#   - {width: 9}
#   - {precision: '4'}
#   - values: {'null': .nan}
# - name: e_Plx
#   unit: mas
#   datatype: float32
#   format: '{:7.4f}'
#   description: '? Standard error of parallax (parallax_error)'
#   meta: !!omap
#   - {ucd: ERROR}
#   - {width: 7}
#   - {precision: '4'}
#   - values: {'null': .nan}
# - name: pmRA
#   unit: mas / yr
#   datatype: float64
#   format: '{:9.3f}'
#   description: '? Proper motion in right ascension direction, pmRA*cosDE (pmra)'
#   meta: !!omap
#   - {ucd: POS_EQ_PMRA}
#   - {width: 9}
#   - {precision: '3'}
#   - values: {'null': .nan}
# - name: pmDE
#   unit: mas / yr
#   datatype: float64
#   format: '{:9.3f}'
#   description: '? Proper motion in declination direction (pmdec)'
#   meta: !!omap
#   - {ucd: POS_EQ_PMDEC}
#   - {width: 9}
#   - {precision: '3'}
#   - values: {'null': .nan}
# - name: e_pmRA
#   unit: mas / yr
#   datatype: float32
#   format: '{:6.3f}'
#   description: '? Standard error of proper motion in right ascension direction (pmra_error)'
#   meta: !!omap
#   - {ucd: ERROR}
#   - {width: 6}
#   - {precision: '3'}
#   - values: {'null': .nan}
# - name: e_pmDE
[...]
#         value: !astropy.table.SerializedColumn {name: SkyCoord.dec}
#       distance: !astropy.table.SerializedColumn
#         __class__: astropy.coordinates.distances.Distance
#         unit: !astropy.units.Unit {unit: pc}
#         value: !astropy.table.SerializedColumn {name: SkyCoord.distance}
#       frame: icrs
#       obstime: !astropy.time.Time {format: jyear_str, in_subfmt: '*', jd1: 367701545.0, jd2: 0.0, out_subfmt: '*', precision: 3, scale: tt}
#       pm_dec: !astropy.table.SerializedColumn
#         __class__: astropy.units.quantity.Quantity
#         unit: !astropy.units.Unit {unit: mas / yr}
#         value: !astropy.table.SerializedColumn {name: SkyCoord.pm_dec}
#       pm_ra_cosdec: !astropy.table.SerializedColumn
#         __class__: astropy.units.quantity.Quantity
#         unit: !astropy.units.Unit {unit: mas / yr}
#         value: !astropy.table.SerializedColumn {name: SkyCoord.pm_ra_cosdec}
#       ra: !astropy.table.SerializedColumn
#         __class__: astropy.coordinates.angles.Longitude
#         unit: *id001
#         value: !astropy.table.SerializedColumn {name: SkyCoord.ra}
#         wrap_angle: !astropy.coordinates.Angle
#           unit: *id001
#           value: 360.0
#       representation_type: spherical
# schema: astropy-2.0
RA_ICRS_1 DE_ICRS_1 e_RA_ICRS e_DE_ICRS _r_1 HIP TYC2 Source rgeo Plx e_Plx pmRA pmDE e_pmRA e_pmDE RUWE Teff logg Gmag BP-RP BPmag RPmag RV e_RV b_rgeo B_rgeo FG e_FG FBP e_FBP FRP e_FRP RAVE5 RAVE6 e_Gmag e_BPmag e_RPmag e_BP-RP SkyCoord.ra SkyCoord.dec SkyCoord.distance SkyCoord.pm_ra_cosdec SkyCoord.pm_dec rmRA rmDE e_rmRA e_rmDE rRV e_rRV v_pec v_pec3d e_vpec e_vpec3d
[from data line 441]
155.16507228838 -56.55073238069 0.029 0.0285 14.7767 "" "" 5354840571833095552 2403.38672 0.398 0.0342 -6.399 4.535 0.041 0.038 0.99 9510.8 4.311 16.038782 1.38082 16.652634 15.271813 "" "" 2210.09058 2634.13696 7234.92572 3.0208 2981.0 7.9572 6172.1 10.739 "" "" 0.002792363758080927 0.0040229824 0.0042252135 0.008248196 155.16507228838 -56.55073238069 2403.38672 -6.399 4.535 -0.5049613227844238 1.065038356781006 0.113002926 0.11000292 "" "" 13.427614553975971 "" 1.4845520986929968 ""
155.05646763322 -56.25783760309 0.0311 0.0283 13.5722 "" "" 5354897948288031488 2320.59717 0.4068 0.0377 -6.417 2.678 0.044 0.035 1.038 6354.1 4.2766 16.041185 1.181239 16.4615 15.280261 "" "" 2116.87012 2562.51514 7218.92433 3.6111 3554.8 27.292 6124.3 65.727 "" "" 0.00280833805905106 0.008790319 0.01224989 0.021040209 155.05646763322 -56.25783760309 2320.59717 -6.417000000000001 2.678 -0.5229613227844236 -0.7919616432189942 0.116002925 0.10700293 "" "" 10.439175572045434 "" 1.1463647237303607 ""
154.91738781663 -56.42711096711 0.0291 0.0283 4.5102 "" "" 5354889293944564352 2441.85522 0.3808 0.0343 -7.204 3.573 0.039 0.036 0.961 7570.7 4.2328 16.04201 1.376461 16.653809 15.277348 "" "" 2284.47583 2616.88037 7213.45488 2.6405 2977.8 8.3206 6140.7 10.768 "" "" 0.0027838363364558402 0.004121752 0.0042318455 0.0083535975 154.91738781663 -56.42711096711 2441.85522 -7.204000000000002 3.5730000000000004 -1.3099613227844236 0.10303835678100581 0.11100292 0.10800292 "" "" 15.208839569853083 "" 1.6879488460195604 ""
154.83559739801 -56.42615410718 0.0293 0.0275 1.7959 "" "" 5354890908852253568 2390.92896 0.3942 0.0333 -5.939 3.505 0.039 0.034 1.03 8256.4 4.2078 16.04202 1.097848 16.504267 15.406419 "" "" 2227.22241 2565.9939 7213.37928 2.8601 3417.5 9.4721 5452.4 11.283 "" "" 0.002788747782095616 0.0041037533 0.00439679 0.008500543 154.83559739801 -56.42615410718 2390.92896 -5.939 3.5049999999999986 -0.044961322784423885 0.03503835678100575 0.11100292 0.10600293 "" "" 0.6460017636813713 "" 0.07050504687081846 ""
154.69001281747 -56.59251762809 0.0298 0.0288 10.4974 "" "" 5354865998040787968 2297.38525 0.4085 0.0362 -6.023 3.256 0.04 0.039 0.973 8998.8 3.5701 16.0428 1.380922 16.659826 15.278904 "" "" 2115.47266 2559.28638 7208.19531 3.0944 2961.3 9.7941 6131.9 7.4502 "" "" 0.0027944648333990507 0.0045475042 0.0040029874 0.008550491 154.69001281747 -56.59251762809 2297.38525 -6.023 3.256 -0.12896132278442352 -0.21396164321899436 0.112002924 0.11100292 "" "" 2.720453927318693 "" 0.3027056660063263 ""
154.7761277194 -56.3440266306 0.0326 0.0308 4.862 "" "" 5354893623271351296 2277.52441 0.4133 0.0369 -5.846 3.442 0.043 0.038 1.052 7825.7 4.3554 16.04477 1.109068 16.498556 15.389488 "" "" 2120.20972 2445.27881 7195.14219 2.783 3435.5 12.561 5538.1 11.813 "" "" 0.0027871397269627718 0.004852178 0.004432518 0.009284696 154.7761277194 -56.3440266306 2277.52441 -5.846000000000001 3.441999999999998 0.04803867721557609 -0.02796164321899397 0.11500293 0.11000292 "" "" 0.6000538978076795 "" 0.06826116393599743 ""
154.87106369686 -56.55315898227 0.0295 0.0293 8.2416 "" "" 5354886884451844352 1843.04089 0.5127 0.0356 -10.947 4.319 0.04 0.038 1.078 7385.3 4.3132 16.076786 1.384545 16.670776 15.286231 "" "" 1736.38953 1946.06958 6986.05472 2.633 2931.6 8.6546 6090.7 16.891 "" "" 0.0027855412140238545 0.004249576 0.0048321756 0.009081751 154.87106369686 -56.55315898227 1843.04089 -10.947 4.318999999999999 -5.052961322784423 0.8490383567810058 0.112002924 0.11000292 "" "" 44.76155164626322 "" 5.010987883790853 ""
154.5736976075 -56.66708136899 0.0324 0.0287 16.0689 "" "" 5354864623651095296 2092.86279 0.4608 0.0358 -3.978 1.056 0.042 0.036 1.024 7348.3 4.2305 16.080368 1.646105 16.86025 15.214146 "" "" 1928.62659 2290.27124 6963.05034 2.7214 2462.2 8.97 6508.8 13.481 "" "" 0.002787804956528806 0.0048405016 0.0043978067 0.009238308 154.5736976075 -56.66708136899 2092.86279 -3.978 1.0560000000000003 1.916038677215576 -2.413961643218994 0.11400293 0.10800292 "" "" 30.57346552728221 "" 3.3741074927607824 ""
154.45525295506 -56.42292749951 0.0315 0.0332 10.8268 "" "" 5354880459179697536 2342.84277 0.4014 0.0377 -9.412 3.085 0.044 0.043 1.068 5747.3 3.7892 16.083286 1.608169 16.745085 15.136916 "" "" 2138.64307 2582.85522 6944.36033 3.4986 2737.7 32.353 6988.6 72.392 "" "" 0.0028090918568210357 0.013130648 0.011864726 0.024995375 154.45525295506 -56.42292749951 2342.84277 -9.412000000000004 3.085 -3.5179613227844246 -0.3849616432189942 0.116002925 0.11500293 "" "" 39.3004300984722 "" 4.558501788759305 ""
154.91392312884 -56.32903518875 0.0332 0.0323 7.2463 "" "" 5354892901716878208 2510.88379 0.377 0.0384 -5.199 3.212 0.045 0.038 1.091 7110.0 4.316 16.084032 1.439228 16.735218 15.29599 "" "" 2290.23218 2796.83423 6939.59218 2.7727 2762.7 10.556 6036.2 9.2884 "" "" 0.002789260665310356 0.004999501 0.004132191 0.009131692 154.91392312884 -56.32903518875 2510.88379 -5.199000000000002 3.211999999999999 0.6950386772155763 -0.25796164321899395 0.11700293 0.11000292 "" "" 8.823428947161064 "" 1.0250871091523464 ""
154.51837479497 -56.29536705336 0.0305 0.0322 11.7046 "" "" 5354905133783458432 2498.33032 0.3735 0.0348 -8.535 4.262 0.04 0.039 1.011 6298.9 3.9375 16.084196 1.83946 16.985039 15.145578 "" "" 2325.43506 2707.62915 6938.53985 2.7486 2194.8 8.5073 6933.1 9.9685 "" "" 0.002788686782842292 0.0050493577 0.004089097 0.009138455 154.51837479497 -56.29536705336 2498.33032 -8.535000000000002 4.2620000000000005 -2.640961322784424 0.7920383567810054 0.112002924 0.11100292 "" "" 32.65067581327339 "" 3.6542878362678044 ""
154.97148630327 -56.44251254843 0.0288 0.0297 6.3892 "" "" 5354889019066662400 2565.76953 0.3649 0.0357 -6.109 3.565 0.039 0.039 0.986 9087.5 4.2577 16.086111 1.462279 16.748922 15.286643 "" "" 2380.10986 2819.06738 6926.31067 2.6942 2728.0 6.9623 6088.4 9.1746 "" "" 0.0027874992800521127 0.003932347 0.0041183163 0.008050663 154.97148630327 -56.44251254843 2565.76953 -6.109000000000002 3.564999999999999 -0.21496132278442381 0.0950383567810058 0.11100292 0.11100292 "" "" 2.8584158582545385 "" 0.3172925127234812 ""
154.91884267503 -56.24411911476 0.0309 0.0303 11.7751 "" "" 5354899636225637632 2311.67212 0.4124 0.0367 -6.01 3.77 0.04 0.037 1.061 7496.6 4.2013 16.09212 1.156681 16.581688 15.425007 "" "" 2102.74927 2545.19238 6888.09134 3.4052 3182.3 9.6709 5359.9 9.3579 "" "" 0.0028071132205244676 0.004321093 0.004228122 0.008549215 154.91884267503 -56.24411911476 2311.67212 -6.01 3.7699999999999996 -0.11596132278442361 0.3000383567810059 0.112002924 0.109002925 "" "" 3.5246166917144133 "" 0.38558410740274485 ""
154.62467359811 -56.47379396783 0.0287 0.028 5.9681 "" "" 5354867746077678464 2247.25732 0.4131 0.0331 -6.452 2.424 0.039 0.035 1.01 "" "" 16.093464 1.720852 16.912651 15.191799 "" "" 2098.27808 2421.01221 6879.56247 2.975 2346.2 8.6565 6644.1 11.553 "" "" 0.002795037514650381 0.0048818435 0.0042246846 0.009106528 154.62467359811 -56.47379396783 2247.25732 -6.451999999999998 2.4239999999999986 -0.5579613227844238 -1.0459616432189942 0.11100292 0.10700293 "" "" 12.627704594908202 "" 1.3625522025754047 ""
154.47902275982 -56.43123750265 0.0296 0.0292 10.0432 "" "" 5354880253030290432 1929.33923 0.4903 0.0345 -2.908 1.215 0.04 0.036 0.999 7829.3 4.3126 16.094793 1.499024 16.778309 15.279284 "" "" 1813.63782 2063.75415 6871.15389 2.5386 2655.2 7.2381 6129.8 8.9784 "" "" 0.0027843666154683568 0.004067559 0.004100336 0.008167895 154.47902275982 -56.43123750265 1929.33923 -2.908 1.215 2.9860386772155763 -2.2549616432189943 0.112002924 0.10800292 "" "" 34.21927402180939 "" 3.783521680783638 ""
154.51199860986 -56.29671837405 0.0305 0.0321 11.8107 "" "" 5354905095112172416 2038.35254 0.4667 0.0348 -5.586 1.395 0.041 0.039 1.005 7292.3 4.3411 16.094944 1.290375 16.660288 15.369913 "" "" 1909.50647 2219.37598 6870.19483 2.5846 2960.1 8.96 5638.9 8.5262 "" "" 0.0027854314279977775 0.0043111187 0.0041205343 0.008431653 154.51199860986 -56.29671837405 2038.35254 -5.585999999999999 1.3950000000000022 0.3080386772155759 -2.074961643218994 0.113002926 0.11100292 "" "" 20.26755831063246 "" 2.2506399852668997 ""
154.60120515979 -56.66350299889 0.031 0.0278 15.503 "" "" 5354864658010838016 1998.97424 0.4754 0.0347 -5.693 2.741 0.041 0.035 0.951 8223.3 4.2519 16.101517 1.444555 16.751322 15.306767 "" "" 1860.67688 2148.85205 6828.73318 2.7953 2722.0 8.1006 5976.6 10.654 "" "" 0.002790934578584239 0.004269098 0.0042461404 0.008515239 154.60120515979 -56.66350299889 1998.97424 -5.692999999999997 2.7409999999999988 0.20103867721557656 -0.728961643218994 0.113002926 0.10700293 "" "" 7.164868642311372 "" 0.7697793805301402 ""
154.89979350995 -56.22672243474 0.0341 0.034 12.5308 "" "" 5354900392132959616 2360.01147 0.394 0.0416 -7.101 1.471 0.044 0.041 1.21 6426.5 4.228 16.102413 1.320847 16.630476 15.309629 "" "" 2119.40674 2616.85352 6823.09785 3.0886 3042.5 17.546 5960.8 62.022 "" "" 0.0027988105192103523 0.006854943 0.011912487 0.018767431 154.89979350995 -56.22672243474 2360.01147 -7.100999999999999 1.4709999999999979 -1.2069613227844238 -1.998961643218994 0.116002925 0.113002926 "" "" 26.121277073647136 "" 2.972919181104461 ""
154.96853389489 -56.41951087716 0.0304 0.0304 6.2149 "" "" 5354889637541958912 2200.2915 0.4363 0.0364 -8.292 2.914 0.041 0.038 0.982 7646.3 4.4161 16.105328 1.294638 16.673471 15.378834 "" "" 2020.41223 2400.15137 6804.80831 2.7738 2924.3 7.2253 5592.7 9.4008 "" "" 0.002790637742952903 0.0038705901 0.004196954 0.008067545 154.96853389489 -56.41951087716 2200.2915 -8.291999999999994 2.913999999999999 -2.3979613227844236 -0.555961643218994 0.113002926 0.11000292 "" "" 25.672621336795938 "" 2.897202100236493 ""
155.17081898604 -56.46829441256 0.0277 0.0284 13.1692 "" "" 5354841430826434688 2068.1394 0.4554 0.0348 -1.902 0.577 0.039 0.036 1.026 6141.7 4.3062 16.110294 1.294452 16.681036 15.386584 "" "" 1930.86267 2184.57544 6773.74954 2.5305 2904.0 8.6251 5553.0 7.5974 "" "" 0.0027850140869405586 0.0042642537 0.004060828 0.008325081 155.17081898604 -56.46829441256 2068.1394 -1.902000000000001 0.577 3.992038677215576 -2.892961643218994 0.11100292 0.10800292 "" "" 48.32939094432757 "" 5.31522585612409 ""
155.26890653415 -56.43635213873 0.0282 0.0287 16.1844 "" "" 5354847581206780160 2198.28662 0.4337 0.0349 -7.563 3.53 0.038 0.036 1.009 11397.4 4.3998 16.111212 1.175659 16.557402 15.381742 "" "" 2038.82532 2397.73535 6768.02753 3.6162 3254.3 25.076 5577.8 34.11 "" "" 0.0028157279036559145 0.008819143 0.0076399124 0.016459055 155.26890653415 -56.43635213873 2198.28662 -7.562999999999997 3.5299999999999985 -1.6689613227844236 0.060038356781005664 0.11000292 0.10800292 "" "" 17.401623067582324 "" 1.914184778797168 ""
154.70621546772 -56.16251214784 0.0343 0.0352 15.9478 "" "" 5354913173962324224 2283.87158 0.413 0.0404 -5.281 2.562 0.045 0.04 0.997 7991.1 4.0217 16.118284 1.247145 16.658659 15.411514 "" "" 2068.79956 2526.9292 6724.08734 2.7354 2964.5 8.4129 5426.9 10.635 "" "" 0.002790497134723496 0.004156776 0.004337145 0.008493921 154.70621546772 -56.16251214784 2283.87158 -5.281000000000001 2.5619999999999994 0.6130386772155765 -0.9079616432189943 0.11700293 0.112002924 "" "" 11.859838657653908 "" 1.3471854249835793 ""
154.54915624261 -56.33015742135 0.0323 0.0348 9.5905 "" "" 5354904824545808128 2401.44531 0.4081 0.0387 -6.982 5.518 0.044 0.043 1.122 8379.6 4.4174 16.121613 1.28936 16.68776 15.398399 "" "" 2175.35889 2675.81372 6703.49844 3.1088 2886.1 8.6591 5492.9 9.5413 "" "" 0.0028009499145795263 0.004289104 0.0042238054 0.0085129095 154.54915624261 -56.33015742135 2401.44531 -6.982 5.518000000000001 -1.087961322784424 2.0480383567810057 0.116002925 0.11500293 "" "" 26.397714331561556 "" 3.041643948431291 ""
154.61399907882 -56.54573092841 0.029 0.0287 9.1251 "" "" 5354867131912027264 2251.07495 0.4137 0.0344 -5.977 2.258 0.039 0.037 1.07 "" "" 16.125835 1.40093 16.752186 15.351255 "" "" 2062.93823 2444.31738 6677.48204 2.8499 2719.8 7.3104 5736.6 7.5253 "" "" 0.0027940140109903935 0.0040375073 0.004038847 0.008076355 154.61399907882 -56.54573092841 2251.07495 -5.977 2.257999999999999 -0.08296132278442414 -1.2119616432189941 0.11100292 0.109002925 "" "" 12.962007859661968 "" 1.4130187855832688 ""
155.21805066293 -56.29743311817 0.0715 0.07 16.4045 "" "" 5354896681288413824 2676.80615 0.384 0.0898 -6.938 2.293 0.098 0.084 2.328 8636.6 4.0818 16.13065 3.072637 17.832 14.759364 "" "" 2176.72607 3352.37939 6647.94113 17.254 1006.0 16.418 9894.9 54.835 "" "" 0.003941116498132355 0.01793763 0.007105383 0.025043014 155.21805066293 -56.29743311817 2676.80615 -6.938000000000001 2.2929999999999993 -1.0439613227844236 -1.176961643218994 0.17000292 0.15600292 "" "" 19.961405067002822 "" 3.240063113609016 ""
154.72140864035 -56.48555160008 0.03 0.0297 4.1435 "" "" 5354891011931435392 2703.52759 0.3413 0.0352 -6.914 5.195 0.04 0.037 1.03 "" "" 16.130663 1.725945 16.959152 15.233207 "" "" 2429.05518 3070.65991 6647.85514 2.5036 2247.8 8.418 6395.5 9.0481 "" "" 0.0027854948108936026 0.004931331 0.0040796073 0.009010939 154.72140864035 -56.48555160008 2703.52759 -6.913999999999994 5.195 -1.0199613227844235 1.7250383567810061 0.112002924 0.109002925 "" "" 25.680900049559664 "" 2.8194523347330875 ""
154.49667300933 -56.20663596646 0.0418 0.041 16.1712 "" "" 5354910012866124928 1879.74414 0.5068 0.0481 -6.638 4.088 0.054 0.048 1.351 9274.4 3.7215 16.13448 1.25343 16.63069 15.377259 "" "" 1746.35376 2049.1731 6624.52268 4.5007 3041.9 13.167 5600.9 26.514 "" "" 0.0028523526290062727 0.0054655126 0.0063797124 0.0118452255 154.49667300933 -56.20663596646 1879.74414 -6.638000000000001 4.088000000000002 -0.7439613227844237 0.6180383567810059 0.12600292 0.120002925 "" "" 8.617619977223173 "" 1.0650356363356013 ""
154.62942425981 -56.2042783284 0.0327 0.0308 14.1777 "" "" 5354907367166501504 2679.8335 0.3481 0.0367 -7.143 4.851 0.044 0.041 0.974 6460.3 4.0573 16.136314 1.371415 16.74462 15.373204 "" "" 2459.50415 2972.39404 6613.34566 2.6586 2738.9 11.528 5621.8 10.325 "" "" 0.0027896768549899964 0.005354306 0.004273174 0.00962748 154.62942425981 -56.2042783284 2679.8335 -7.142999999999997 4.850999999999999 -1.2489613227844236 1.3810383567810058 0.116002925 0.113002926 "" "" 23.652323199989972 "" 2.7049360939102374 ""
154.60619223617 -56.32950889296 0.03 0.029 8.1705 "" "" 5354904034272053632 1994.77319 0.4726 0.0338 -2.746 -0.775 0.039 0.034 0.952 7189.0 4.219 16.137 1.431279 16.782646 15.351367 "" "" 1880.60669 2184.09302 6609.17359 2.6016 2644.6 6.9111 5736.0 8.2593 "" "" 0.002788269349460204 0.003979391 0.0040899655 0.008069357 154.60619223617 -56.32950889296 1994.77319 -2.746 -0.7749999999999992 3.148038677215576 -4.2449616432189945 0.11100292 0.10600293 "" "" 49.969630902057126 "" 5.386905432314086 ""
154.93303358154 -56.5948975671 0.0295 0.029 11.3611 "" "" 5354885857970937216 2320.77124 0.4081 0.0359 -5.915 2.377 0.042 0.04 0.974 "" "" 16.142288 1.700441 16.948046 15.247604 "" "" 2162.68506 2511.40308 6577.04932 2.6019 2270.9 7.3153 6311.3 9.7832 "" "" 0.0027885977098191113 0.0044741025 0.0041371784 0.0086112805 154.93303358154 -56.5948975671 2320.77124 -5.915 2.377 -0.020961322784423864 -1.0929616432189944 0.11400293 0.112002924 "" "" 12.02528703442697 "" 1.3468762326245782 ""
154.83871873519 -56.64362757828 0.0318 0.0294 13.2532 "" "" 5354862630786433024 2597.7417 0.3428 0.0376 -4.589 2.945 0.043 0.04 0.958 7048.7 3.3814 16.142935 2.642027 17.617165 14.975138 "" "" 2381.91528 2809.62207 6573.14493 3.1925 1226.2 5.3465 8111.5 9.2284 "" "" 0.0028053280965158393 0.0054951115 0.00397612 0.009471232 154.83871873519 -56.64362757828 2597.7417 -4.589 2.9449999999999994 1.3050386772155758 -0.5249616432189943 0.11500293 0.112002924 "" "" 17.320700654015077 "" 1.9847758383499565 ""
