Clusters/BH_92/BH_92_stars_in_region.tsv
# %ECSV 1.0
# ---
# datatype:
# - name: RA_ICRS_1
#   unit: deg
#   datatype: float64
#   format: '{:15.11f}'
#   description: Right ascension (ICRS) at Ep=2016.0 (ra)
#   meta: !!omap
#   - {ucd: POS_EQ_RA_MAIN}
#   - {width: 15}
#   - {precision: '11'}
# - name: DE_ICRS_1
#   unit: deg
#   datatype: float64
#   format: '{:15.11f}'
#   description: Declination (ICRS) at Ep=2016.0 (dec)
#   meta: !!omap
#   - {ucd: POS_EQ_DEC_MAIN}
#   - {width: 15}
#   - {precision: '11'}
# - name: e_RA_ICRS
#   unit: mas
#   datatype: float64
#   format: '{:7.4f}'
#   description: Standard error of right ascension (ra_error)
#   meta: !!omap
#   - {ucd: ERROR}
#   - {width: 7}
#   - {precision: '4'}
# - name: e_DE_ICRS
#   unit: mas
#   datatype: float64
#   format: '{:7.4f}'
#   description: Standard error of declination (dec_error)
#   meta: !!omap
#   - {ucd: ERROR}
#   - {width: 7}
#   - {precision: '4'}
# - name: _r_1
#   unit: ''
#   datatype: float64
#   format: '{:7.4f}'
#   description: Distance from center (154.78151227000-56.42500464000)[ICRS], at Epoch=J2016.0
#   meta: !!omap
#   - {ucd: POS_ANG_DIST_GENERAL}
#   - {width: 7}
#   - {precision: '4'}
# - name: HIP
#   datatype: int32
#   description: '? HIP cross-id number, van Leeuwen, Cat. I/311 (hip_original_ext_source_id)'
#   meta: !!omap
#   - {ucd: ID_NUMBER}
#   - {width: 6}
#   - values: {'null': -2147483648}
# - name: TYC2
#   datatype: string
#   description: Tycho-2 cross-id name, Hog et al., Cat. I/259 (tyc2_original_ext_source_id)
#   meta: !!omap
#   - {ucd: ID_CROSSID}
#   - {_votable_string_dtype: char}
# - name: Source
#   datatype: int64
#   description: Source identifier, identical to the Gaia-EDR3 source_id (id)
#   meta: !!omap
#   - {ucd: ID_MAIN}
#   - {width: 19}
# - name: rgeo
#   unit: pc
#   datatype: float64
#   format: '{:15.8f}'
#   description: '? Median of the geometric distance posterior (r_med_geo)'
#   meta: !!omap
#   - {ucd: PHYS_DISTANCE_TRUE}
#   - {width: 15}
#   - {precision: '8'}
#   - values: {'null': .nan}
# - name: Plx
#   unit: mas
#   datatype: float64
#   format: '{:9.4f}'
#   description: '? Parallax (parallax)'
#   meta: !!omap
#   - {ucd: POS_PARLX_TRIG}
#   - {width: 9}
#   - {precision: '4'}
#   - values: {'null': .nan}
# - name: e_Plx
#   unit: mas
#   datatype: float32
#   format: '{:7.4f}'
#   description: '? Standard error of parallax (parallax_error)'
#   meta: !!omap
#   - {ucd: ERROR}
#   - {width: 7}
#   - {precision: '4'}
#   - values: {'null': .nan}
# - name: pmRA
#   unit: mas / yr
#   datatype: float64
#   format: '{:9.3f}'
#   description: '? Proper motion in right ascension direction, pmRA*cosDE (pmra)'
#   meta: !!omap
#   - {ucd: POS_EQ_PMRA}
#   - {width: 9}
#   - {precision: '3'}
#   - values: {'null': .nan}
# - name: pmDE
#   unit: mas / yr
#   datatype: float64
#   format: '{:9.3f}'
#   description: '? Proper motion in declination direction (pmdec)'
#   meta: !!omap
#   - {ucd: POS_EQ_PMDEC}
#   - {width: 9}
#   - {precision: '3'}
#   - values: {'null': .nan}
# - name: e_pmRA
#   unit: mas / yr
#   datatype: float32
#   format: '{:6.3f}'
#   description: '? Standard error of proper motion in right ascension direction (pmra_error)'
#   meta: !!omap
#   - {ucd: ERROR}
#   - {width: 6}
#   - {precision: '3'}
#   - values: {'null': .nan}
# - name: e_pmDE
[...]
#         unit: &id001 !astropy.units.Unit {unit: deg}
#         value: !astropy.table.SerializedColumn {name: SkyCoord.dec}
#       distance: !astropy.table.SerializedColumn
#         __class__: astropy.coordinates.distances.Distance
#         unit: !astropy.units.Unit {unit: pc}
#         value: !astropy.table.SerializedColumn {name: SkyCoord.distance}
#       frame: icrs
#       obstime: !astropy.time.Time {format: jyear_str, in_subfmt: '*', jd1: 367701545.0, jd2: 0.0, out_subfmt: '*', precision: 3, scale: tt}
#       pm_dec: !astropy.table.SerializedColumn
#         __class__: astropy.units.quantity.Quantity
#         unit: !astropy.units.Unit {unit: mas / yr}
#         value: !astropy.table.SerializedColumn {name: SkyCoord.pm_dec}
#       pm_ra_cosdec: !astropy.table.SerializedColumn
#         __class__: astropy.units.quantity.Quantity
#         unit: !astropy.units.Unit {unit: mas / yr}
#         value: !astropy.table.SerializedColumn {name: SkyCoord.pm_ra_cosdec}
#       ra: !astropy.table.SerializedColumn
#         __class__: astropy.coordinates.angles.Longitude
#         unit: *id001
#         value: !astropy.table.SerializedColumn {name: SkyCoord.ra}
#         wrap_angle: !astropy.coordinates.Angle
#           unit: *id001
#           value: 360.0
#       representation_type: spherical
# schema: astropy-2.0
RA_ICRS_1 DE_ICRS_1 e_RA_ICRS e_DE_ICRS _r_1 HIP TYC2 Source rgeo Plx e_Plx pmRA pmDE e_pmRA e_pmDE RUWE Teff logg Gmag BP-RP BPmag RPmag RV e_RV b_rgeo B_rgeo FG e_FG FBP e_FBP FRP e_FRP RAVE5 RAVE6 e_Gmag e_BPmag e_RPmag e_BP-RP SkyCoord.ra SkyCoord.dec SkyCoord.distance SkyCoord.pm_ra_cosdec SkyCoord.pm_dec
[from data line 487]
154.31834055082 -56.3815912095 0.0324 0.0342 15.5966 "" "" 5354883693305795968 2073.99292 0.4731 0.0376 -8.275 5.006 0.045 0.044 1.014 7159.6 4.2955 16.173155 1.519205 16.871319 15.352114 "" "" 1915.78979 2248.55591 6392.71101 2.7343 2437.2 10.98 5732.1 8.6164 "" "" 0.002794181450996868 0.0056312606 0.004116716 0.009747976 154.31834055082 -56.3815912095 2073.99292 -8.275 5.006
154.39441052525 -56.52462636053 0.033 0.0331 14.1521 "" "" 5354878264456991360 2399.57812 0.3931 0.0393 -7.751 4.686 0.046 0.039 1.025 8728.1 4.3309 16.176077 1.573807 16.858187 15.28438 "" "" 2213.46118 2701.08325 6375.52416 2.6995 2466.8 17.549 6101.1 31.983 "" "" 0.0027934083643038655 0.008212511 0.0068321433 0.015044655 154.39441052525 -56.52462636053 2399.57812 -7.7509999999999994 4.686
155.0470208035 -56.5568484447 0.1655 0.186 11.829 "" "" 5354886201568275328 2271.20532 0.5638 0.2051 -8.655 4.268 0.239 0.254 5.529 6093.4 4.4404 16.181854 1.291986 16.684546 15.39256 "" "" 1617.56555 3513.5791 6341.69337 12.623 2894.7 9.4048 5522.5 8.7315 "" "" 0.0035017550882055727 0.0044976096 0.0041509704 0.00864858 155.0470208035 -56.5568484447 2271.20532 -8.654999999999998 4.267999999999999
154.69897184038 -56.19014167779 0.1441 0.1504 14.3571 "" "" 5354913036523355648 2414.25513 0.4628 0.1734 -6.803 2.674 0.187 0.183 4.292 7875.3 4.0733 16.184134 1.410478 16.740786 15.330308 "" "" 1686.27771 3545.55322 6328.38649 15.024 2748.5 6.1448 5848.4 7.7655 "" "" 0.003773042837540612 0.0036982675 0.004045003 0.0077432706 154.69897184038 -56.19014167779 2414.25513 -6.803000000000001 2.674
154.59919718894 -56.47514513955 0.0303 0.0312 6.7527 "" "" 5354879467057991296 2063.54907 0.456 0.0367 -3.114 3.233 0.042 0.041 0.934 7253.0 4.2692 16.189806 1.452666 16.848627 15.395961 "" "" 1931.7804 2229.53003 6295.41951 2.5131 2488.7 8.4345 5505.2 10.383 "" "" 0.0027892010844779384 0.0046179174 0.0042984826 0.0089164 154.59919718894 -56.47514513955 2063.54907 -3.1139999999999994 3.2329999999999997
154.52258776736 -56.34171711703 0.0334 0.0372 9.9473 "" "" 5354904614075811584 2684.09839 0.3452 0.0388 -4.326 1.478 0.047 0.051 1.032 8970.5 4.3305 16.19352 1.26533 16.74247 15.477139 "" "" 2462.11548 2994.90234 6273.92442 2.5917 2744.3 8.1685 5108.6 8.4069 "" "" 0.002791585286843606 0.004269558 0.0041804453 0.008450003 154.52258776736 -56.34171711703 2684.09839 -4.326 1.4780000000000002
154.58638206354 -56.20320107308 0.0351 0.0342 14.8079 "" "" 5354907294135602560 2159.44263 0.44 0.0373 -5.035 0.929 0.046 0.042 0.944 7343.8 4.2885 16.200296 1.40509 16.833271 15.428181 "" "" 1987.49329 2369.02954 6234.88401 2.7859 2524.1 9.1958 5344.2 9.8823 "" "" 0.0027977033645498264 0.0048406045 0.004279556 0.009120161 154.58638206354 -56.20320107308 2159.44263 -5.034999999999999 0.9289999999999995
154.85017518568 -56.29897448386 0.0329 0.0311 7.8987 "" "" 5354893932509027584 2509.2395 0.3755 0.0371 -5.435 3.909 0.042 0.038 1.016 7682.8 4.152 16.214373 1.355924 16.819017 15.463094 "" "" 2272.91089 2741.56836 6154.57485 2.5588 2557.5 6.5083 5175.1 8.9796 "" "" 0.0027920516314982858 0.00392671 0.0042228997 0.00814961 154.85017518568 -56.29897448386 2509.2395 -5.435 3.908999999999999
154.42828084216 -56.39169057428 0.0319 0.0338 11.8951 "" "" 5354883865104373376 2515.67432 0.3722 0.0378 -5.728 1.685 0.043 0.044 1.023 9312.0 4.3446 16.21851 1.421931 16.851545 15.429614 "" "" 2303.56592 2759.92188 6131.15818 2.589 2482.0 8.3261 5337.2 9.0651 "" "" 0.0027932037055986812 0.0045881034 0.004205284 0.008793388 154.42828084216 -56.39169057428 2515.67432 -5.727999999999999 1.6850000000000003
154.56480650556 -56.28680301167 0.0344 0.0352 10.9842 "" "" 5354905198191521664 2175.95825 0.4431 0.0394 -8.987 4.791 0.05 0.044 0.981 8393.0 3.7739 16.222746 1.31441 16.793438 15.479028 "" "" 2024.29517 2372.57935 6107.28803 2.6488 2618.4 6.8426 5099.7 7.5747 "" "" 0.002795269666056025 0.003979381 0.0041090664 0.008088447 154.56480650556 -56.28680301167 2175.95825 -8.987 4.791
154.52473894722 -56.34608977159 0.0329 0.0342 9.7552 "" "" 5354904618387366912 2055.65063 0.465 0.0384 -2.284 1.823 0.046 0.045 0.96 6077.3 4.1409 16.223928 1.445194 16.879005 15.433811 "" "" 1924.53381 2237.59375 6100.64388 2.8426 2420.0 7.162 5316.6 8.8024 "" "" 0.0028013789248228236 0.0042555803 0.0041851006 0.008440681 154.52473894722 -56.34608977159 2055.65063 -2.284 1.8230000000000004
154.47947193071 -56.57218577065 0.0326 0.0303 13.3432 "" "" 5354877164955482624 2411.09155 0.394 0.0379 -6.561 2.62 0.042 0.038 0.994 8307.8 4.1043 16.230259 1.241406 16.768875 15.527469 "" "" 2221.11987 2610.1416 6065.17266 2.8408 2678.3 8.8175 4877.2 8.0626 "" "" 0.0028018562411145226 0.004534514 0.0041839248 0.008718438 154.47947193071 -56.57218577065 2411.09155 -6.560999999999999 2.62
155.2037728662 -56.51105937289 0.0295 0.03 14.9175 "" "" 5354841121588785792 2474.75098 0.384 0.037 -5.526 3.065 0.042 0.039 0.967 7170.7 4.3589 16.239925 1.168255 16.739614 15.57136 "" "" 2269.60889 2645.823 6011.41278 2.4073 2751.5 7.257 4684.0 6.8369 "" "" 0.002789413986586448 0.003998154 0.004098198 0.008096352 155.2037728662 -56.51105937289 2474.75098 -5.525999999999999 3.065
154.75352667266 -56.4284454107 0.0343 0.0327 0.9512 "" "" 5354891561687268352 2242.57983 0.4237 0.0396 -5.673 3.595 0.047 0.039 1.119 7553.7 4.1445 16.240562 1.360631 16.846788 15.486157 "" "" 2030.94373 2482.05322 6007.88779 2.6258 2492.9 10.581 5066.4 8.7009 "" "" 0.002795884222957642 0.005387208 0.0042143227 0.009601531 154.75352667266 -56.4284454107 2242.57983 -5.673 3.5949999999999998
155.02483752521 -56.19964505605 0.0336 0.0312 15.7609 "" "" 5354901148054172288 2552.65869 0.3668 0.0402 -5.474 3.61 0.044 0.038 1.056 9080.5 4.2738 16.243607 1.225138 16.767471 15.542334 "" "" 2259.92651 2817.09009 5991.06976 2.2978 2681.8 7.0451 4810.9 10.056 "" "" 0.0027866100349353247 0.003990023 0.004408423 0.008398445 155.02483752521 -56.19964505605 2552.65869 -5.474 3.6099999999999994
154.90998489516 -56.36627246371 0.0319 0.0318 5.5334 "" "" 5354892764278157696 2060.10059 0.4652 0.0365 -10.096 1.307 0.043 0.039 0.968 6374.4 4.3299 16.24777 1.331852 16.84106 15.509209 "" "" 1927.72729 2188.24194 5968.135 2.5797 2506.1 6.7681 4959.9 6.3042 "" "" 0.0027950020144387254 0.004047568 0.0040234495 0.008071017 154.90998489516 -56.36627246371 2060.10059 -10.096 1.307
154.70642685365 -56.66099661337 0.0545 0.0508 14.3757 "" "" 5354864108255210368 2461.10645 0.3893 0.0632 -4.174 1.1 0.078 0.069 1.745 5390.6 4.2475 16.248693 1.500165 16.914652 15.414487 "" "" 2193.67847 2865.41992 5963.06016 5.4752 2341.8 7.3527 5412.1 9.0076 "" "" 0.0029301220402546393 0.004405227 0.0041891667 0.008594394 154.70642685365 -56.66099661337 2461.10645 -4.174 1.1
154.72232772281 -56.63762776865 0.0331 0.0305 12.9068 "" "" 5354864245694124672 1863.99121 0.5152 0.039 -9.785 3.287 0.045 0.04 1.047 5149.8 4.2931 16.249367 1.425907 16.892626 15.466719 "" "" 1728.83203 2009.20276 5959.36636 2.7096 2389.8 7.176 5157.9 9.8996 "" "" 0.0027991947499253914 0.0042911535 0.0043158093 0.008606963 154.72232772281 -56.63762776865 1863.99121 -9.785000000000002 3.287
154.87656789057 -56.67603528611 0.0326 0.0343 15.3864 "" "" 5354861698761643520 2174.57983 0.4452 0.0391 -6.01 4.039 0.047 0.05 0.974 7459.3 4.1923 16.249702 1.330207 16.838207 15.508 "" "" 1995.05212 2430.86353 5957.52318 2.3487 2512.7 10.254 4965.4 9.4127 "" "" 0.002788370337643502 0.005236083 0.00430347 0.009539553 154.87656789057 -56.67603528611 2174.57983 -6.010000000000002 4.039000000000001
154.98482757434 -56.56840413862 0.0297 0.031 10.9256 "" "" 5354885961050097664 2298.63232 0.4012 0.0366 -5.961 3.869 0.042 0.041 0.922 7499.5 4.4114 16.25109 1.215597 16.772512 15.556915 "" "" 2156.57397 2480.91138 5949.92194 2.1819 2669.4 7.3505 4746.7 7.9744 "" "" 0.002783938518901393 0.0040894197 0.0041965214 0.008285942 154.98482757434 -56.56840413862 2298.63232 -5.961000000000001 3.8690000000000007
155.08393251475 -56.27521534924 0.034 0.0319 13.4858 "" "" 5354897677720810240 2434.36426 0.3828 0.0409 -7.6 2.867 0.047 0.038 1.064 "" "" 16.253935 1.372542 16.826445 15.453902 "" "" 2195.86572 2661.74097 5934.34818 2.7071 2540.0 11.285 5219.1 31.95 "" "" 0.0027994815748789703 0.0055726473 0.0076459805 0.013218628 155.08393251475 -56.27521534924 2434.36426 -7.6 2.8669999999999995
154.92687125405 -56.65044974087 0.0315 0.0316 14.3561 "" "" 5354862149750106368 1870.35388 0.5194 0.0392 -11.613 4.123 0.043 0.043 0.988 5959.3 4.3266 16.25479 1.430845 16.897493 15.466648 "" "" 1747.01868 2002.48914 5929.67568 2.4232 2379.1 9.9533 5158.2 7.81 "" "" 0.0027908158123447625 0.005330836 0.0041214265 0.009452263 154.92687125405 -56.65044974087 1870.35388 -11.613000000000003 4.123
154.44298137321 -56.58980729696 0.0346 0.0309 14.9469 "" "" 5354877027516519296 2030.24792 0.4655 0.039 -7.392 4.16 0.045 0.037 1.05 8240.9 4.0014 16.255922 1.315993 16.836372 15.520379 "" "" 1855.02136 2239.08521 5923.48845 2.4189 2516.9 8.4143 4909.2 10.494 "" "" 0.0027907642119268357 0.004578221 0.004435117 0.009013338 154.44298137321 -56.58980729696 2030.24792 -7.392000000000001 4.160000000000001
154.75468721467 -56.37177958194 0.0313 0.0291 3.3154 "" "" 5354893481521887872 2637.45825 0.3651 0.0347 -9.41 3.928 0.042 0.035 1.011 6748.4 4.3129 16.258457 1.296508 16.833023 15.536515 "" "" 2390.0813 2902.74097 5909.68172 2.1208 2524.7 7.0342 4836.7 7.8722 "" "" 0.0027827335856190375 0.004115317 0.0041721114 0.008287428 154.75468721467 -56.37177958194 2637.45825 -9.410000000000002 3.928
154.46822375957 -56.50115917349 0.0322 0.0329 11.3458 "" "" 5354878539345031552 2196.90161 0.4333 0.038 -8.394 4.311 0.042 0.04 1.023 7491.7 4.2422 16.259758 1.440278 16.907713 15.467435 "" "" 2029.55444 2404.4519 5902.60274 2.4121 2356.8 9.3529 5154.5 9.1878 "" "" 0.0027908147546514437 0.0051332326 0.0042460724 0.009379305 154.46822375957 -56.50115917349 2196.90161 -8.394 4.311000000000001
155.04283256265 -56.43303446567 0.0303 0.0309 8.6835 "" "" 5354888641109555072 2317.41626 0.4184 0.038 -8.321 4.479 0.043 0.04 0.988 6014.9 4.3121 16.265814 1.161086 16.74397 15.582885 "" "" 2136.2041 2470.05005 5869.77348 2.4513 2740.5 7.9183 4634.5 16.062 "" "" 0.002792378538414304 0.0041983756 0.0053332015 0.009531577 155.04283256265 -56.43303446567 2317.41626 -8.321 4.479
154.83394411287 -56.50716138686 0.0311 0.0298 5.2268 "" "" 5354890049858769280 2114.8667 0.4522 0.0364 -8.369 2.323 0.042 0.037 0.95 7178.5 4.3314 16.267616 1.520938 16.961641 15.440703 "" "" 1965.80444 2279.47705 5860.03037 2.2689 2242.6 7.3249 5283.0 8.2418 "" "" 0.002787204134447078 0.0045123408 0.004141586 0.008653927 154.83394411287 -56.50716138686 2114.8667 -8.369 2.323000000000001
154.89642365159 -56.33384480189 0.0324 0.0311 6.6701 "" "" 5354893107875302400 2085.3418 0.4598 0.0369 -8.667 5.243 0.044 0.039 0.941 5431.9 3.8749 16.270798 1.456918 16.931417 15.4745 "" "" 1924.44177 2318.03589 5842.89181 2.2485 2306.0 7.7997 5121.0 6.7518 "" "" 0.0027868195293531657 0.0046120635 0.004041398 0.008653462 154.89642365159 -56.33384480189 2085.3418 -8.666999999999998 5.242999999999999
154.51571689921 -56.31912678897 0.0341 0.0361 10.8792 "" "" 5354904717155039360 2126.27783 0.4451 0.0394 -7.428 3.749 0.045 0.045 1.087 5097.3 4.1774 16.27233 1.669271 17.06248 15.39321 "" "" 1977.58618 2306.92334 5834.65431 8.0407 2043.7 11.759 5519.2 19.052 "" "" 0.0031353694783937147 0.0068418668 0.005322643 0.01216451 154.51571689921 -56.31912678897 2126.27783 -7.428000000000002 3.7490000000000006
154.52252525938 -56.50108908698 0.0333 0.0324 9.7233 "" "" 5354879192180067840 2455.3479 0.3819 0.0387 -6.452 1.434 0.046 0.041 1.046 6712.8 4.2763 16.276054 1.502494 16.96933 15.466836 "" "" 2258.56958 2660.22314 5814.66465 2.4899 2226.8 7.8105 5157.3 8.2109 "" "" 0.0027942697304954326 0.0047209724 0.0041559306 0.008876903 154.52252525938 -56.50108908698 2455.3479 -6.451999999999999 1.4339999999999997
154.90963432405 -56.49002174976 0.0302 0.0297 5.7672 "" "" 5354887575957623680 2394.33887 0.3993 0.0363 -7.194 4.03 0.042 0.038 0.975 8628.7 3.5942 16.27768 1.345943 16.872137 15.526195 "" "" 2211.4248 2571.23242 5805.97048 2.1584 2435.4 6.7513 4882.9 6.7769 "" "" 0.0027847271071179936 0.0041041565 0.0040687104 0.008172867 154.90963432405 -56.49002174976 2394.33887 -7.194 4.03
154.42225704765 -56.37698341754 0.0336 0.0363 12.2713 "" "" 5354883895153560320 2308.28027 0.4144 0.0388 -7.117 3.891 0.046 0.048 1.02 7492.6 4.2274 16.278116 1.474999 16.956324 15.481325 "" "" 2134.97803 2535.75659 5803.63768 2.5305 2253.7 6.9493 5088.9 8.2022 "" "" 0.002795692960814798 0.0043581324 0.004164868 0.008523 154.42225704765 -56.37698341754 2308.28027 -7.116999999999999 3.890999999999999
154.69370562336 -56.39726393085 0.0328 0.0298 3.3564 "" "" 5354891905284403072 2398.41895 0.3935 0.0364 -3.245 1.363 0.045 0.036 0.925 5925.7 4.1265 16.280916 1.450901 16.940948 15.490047 "" "" 2206.3728 2602.74902 5788.69016 2.304 2285.8 6.9866 5048.2 12.707 "" "" 0.002789002702628783 0.0043356665 0.00466398 0.008999647 154.69370562336 -56.39726393085 2398.41895 -3.245 1.363
154.62998902745 -56.48967282942 0.0324 0.0307 6.3475 "" "" 5354867750387208192 2177.15405 0.432 0.0368 -7.217 4.089 0.042 0.037 1.009 9265.2 4.1903 16.282387 1.323352 16.858135 15.534783 "" "" 2001.78223 2351.94971 5780.85817 2.6276 2467.0 12.282 4844.5 11.117 "" "" 0.0027991670580303748 0.006083002 0.004526738 0.01060974 154.62998902745 -56.48967282942 2177.15405 -7.216999999999999 4.089
154.46302612043 -56.27623640217 0.033 0.0344 13.8489 "" "" 5354908123080693760 2307.46948 0.423 0.0376 -4.984 2.804 0.043 0.043 1.005 7787.7 4.2262 16.283232 1.525246 16.984093 15.458847 "" "" 2100.91406 2543.07959 5776.35473 2.4479 2196.7 6.641 5195.4 10.574 "" "" 0.0027934732849081278 0.004308013 0.0043779854 0.008685999 154.46302612043 -56.27623640217 2307.46948 -4.983999999999998 2.8039999999999994
154.4118729698 -56.30062350646 0.0333 0.0348 14.3744 "" "" 5354907813843233152 1960.93994 0.4834 0.0388 -8.075 4.44 0.045 0.045 1.032 7472.5 4.3514 16.28516 1.413741 16.919949 15.506207 "" "" 1807.05676 2091.25293 5766.11007 2.362 2330.4 6.145 4973.6 7.4837 "" "" 0.002790984912823591 0.0039977003 0.004117362 0.0081150625 154.4118729698 -56.30062350646 1960.93994 -8.075 4.440000000000001
154.98320946227 -56.56094393265 0.0313 0.0325 10.5431 "" "" 5354886339007220608 2528.00195 0.3611 0.0383 -6.704 4.265 0.044 0.042 0.987 7690.0 4.2435 16.286272 1.35982 16.892982 15.533162 "" "" 2306.18579 2745.92798 5760.20291 2.2288 2389.0 7.0178 4851.7 7.5687 "" "" 0.002787162970596044 0.0042376085 0.004141563 0.008379172 154.98320946227 -56.56094393265 2528.00195 -6.704 4.265
154.41581851516 -56.31938688051 0.038 0.0364 13.7043 "" "" 5354907779483285888 2388.18237 0.4017 0.0416 -6.264 4.388 0.056 0.048 1.052 9461.1 4.1654 16.288918 1.211616 16.803026 15.591411 "" "" 2171.03174 2626.50049 5746.18511 3.0811 2595.4 11.79 4598.3 11.41 "" "" 0.0028161520420958014 0.0056666457 0.0046413215 0.010307968 154.41581851516 -56.31938688051 2388.18237 -6.264000000000001 4.388
154.94708689959 -56.21761588571 0.0326 0.0322 13.6083 "" "" 5354899773664611200 2160.72803 0.4374 0.0394 -8.245 6.218 0.043 0.038 1.027 7165.3 4.3535 16.289421 1.294537 16.853643 15.559106 "" "" 1994.73254 2364.62183 5743.52038 2.4447 2477.2 8.6804 4737.1 7.6725 "" "" 0.002793807612174137 0.0047180112 0.0041684695 0.008886481 154.94708689959 -56.21761588571 2160.72803 -8.245 6.218
