Clusters/BH_92/BH_92_stars_in_region.tsv
# %ECSV 1.0
# ---
# datatype:
# - name: RA_ICRS_1
#   unit: deg
#   datatype: float64
#   format: '{:15.11f}'
#   description: Right ascension (ICRS) at Ep=2016.0 (ra)
#   meta: !!omap
#   - {ucd: POS_EQ_RA_MAIN}
#   - {width: 15}
#   - {precision: '11'}
# - name: DE_ICRS_1
#   unit: deg
#   datatype: float64
#   format: '{:15.11f}'
#   description: Declination (ICRS) at Ep=2016.0 (dec)
#   meta: !!omap
#   - {ucd: POS_EQ_DEC_MAIN}
#   - {width: 15}
#   - {precision: '11'}
# - name: e_RA_ICRS
#   unit: mas
#   datatype: float64
#   format: '{:7.4f}'
#   description: Standard error of right ascension (ra_error)
#   meta: !!omap
#   - {ucd: ERROR}
#   - {width: 7}
#   - {precision: '4'}
# - name: e_DE_ICRS
#   unit: mas
#   datatype: float64
#   format: '{:7.4f}'
#   description: Standard error of declination (dec_error)
#   meta: !!omap
#   - {ucd: ERROR}
#   - {width: 7}
#   - {precision: '4'}
# - name: _r_1
#   unit: ''
#   datatype: float64
#   format: '{:7.4f}'
#   description: Distance from center (154.78151227000-56.42500464000)[ICRS], at Epoch=J2016.0
#   meta: !!omap
#   - {ucd: POS_ANG_DIST_GENERAL}
#   - {width: 7}
#   - {precision: '4'}
# - name: HIP
#   datatype: int32
#   description: '? HIP cross-id number, van Leeuwen, Cat. I/311 (hip_original_ext_source_id)'
#   meta: !!omap
#   - {ucd: ID_NUMBER}
#   - {width: 6}
#   - values: {'null': -2147483648}
# - name: TYC2
#   datatype: string
#   description: Tycho-2 cross-id name, Hog et al., Cat. I/259 (tyc2_original_ext_source_id)
#   meta: !!omap
#   - {ucd: ID_CROSSID}
#   - {_votable_string_dtype: char}
# - name: Source
#   datatype: int64
#   description: Source identifier, identical to the Gaia-EDR3 source_id (id)
#   meta: !!omap
#   - {ucd: ID_MAIN}
#   - {width: 19}
# - name: rgeo
#   unit: pc
#   datatype: float64
#   format: '{:15.8f}'
#   description: '? Median of the geometric distance posterior (r_med_geo)'
#   meta: !!omap
#   - {ucd: PHYS_DISTANCE_TRUE}
#   - {width: 15}
#   - {precision: '8'}
#   - values: {'null': .nan}
# - name: Plx
#   unit: mas
#   datatype: float64
#   format: '{:9.4f}'
#   description: '? Parallax (parallax)'
#   meta: !!omap
#   - {ucd: POS_PARLX_TRIG}
#   - {width: 9}
#   - {precision: '4'}
#   - values: {'null': .nan}
# - name: e_Plx
#   unit: mas
#   datatype: float32
#   format: '{:7.4f}'
#   description: '? Standard error of parallax (parallax_error)'
#   meta: !!omap
#   - {ucd: ERROR}
#   - {width: 7}
#   - {precision: '4'}
#   - values: {'null': .nan}
# - name: pmRA
#   unit: mas / yr
#   datatype: float64
#   format: '{:9.3f}'
#   description: '? Proper motion in right ascension direction, pmRA*cosDE (pmra)'
#   meta: !!omap
#   - {ucd: POS_EQ_PMRA}
#   - {width: 9}
#   - {precision: '3'}
#   - values: {'null': .nan}
# - name: pmDE
#   unit: mas / yr
#   datatype: float64
#   format: '{:9.3f}'
#   description: '? Proper motion in declination direction (pmdec)'
#   meta: !!omap
#   - {ucd: POS_EQ_PMDEC}
#   - {width: 9}
#   - {precision: '3'}
#   - values: {'null': .nan}
# - name: e_pmRA
#   unit: mas / yr
#   datatype: float32
#   format: '{:6.3f}'
#   description: '? Standard error of proper motion in right ascension direction (pmra_error)'
#   meta: !!omap
#   - {ucd: ERROR}
#   - {width: 6}
#   - {precision: '3'}
#   - values: {'null': .nan}
# - name: e_pmDE
[...]
#         value: !astropy.table.SerializedColumn {name: SkyCoord.dec}
#       distance: !astropy.table.SerializedColumn
#         __class__: astropy.coordinates.distances.Distance
#         unit: !astropy.units.Unit {unit: pc}
#         value: !astropy.table.SerializedColumn {name: SkyCoord.distance}
#       frame: icrs
#       obstime: !astropy.time.Time {format: jyear_str, in_subfmt: '*', jd1: 367701545.0, jd2: 0.0, out_subfmt: '*', precision: 3, scale: tt}
#       pm_dec: !astropy.table.SerializedColumn
#         __class__: astropy.units.quantity.Quantity
#         unit: !astropy.units.Unit {unit: mas / yr}
#         value: !astropy.table.SerializedColumn {name: SkyCoord.pm_dec}
#       pm_ra_cosdec: !astropy.table.SerializedColumn
#         __class__: astropy.units.quantity.Quantity
#         unit: !astropy.units.Unit {unit: mas / yr}
#         value: !astropy.table.SerializedColumn {name: SkyCoord.pm_ra_cosdec}
#       ra: !astropy.table.SerializedColumn
#         __class__: astropy.coordinates.angles.Longitude
#         unit: *id001
#         value: !astropy.table.SerializedColumn {name: SkyCoord.ra}
#         wrap_angle: !astropy.coordinates.Angle
#           unit: *id001
#           value: 360.0
#       representation_type: spherical
# schema: astropy-2.0
RA_ICRS_1 DE_ICRS_1 e_RA_ICRS e_DE_ICRS _r_1 HIP TYC2 Source rgeo Plx e_Plx pmRA pmDE e_pmRA e_pmDE RUWE Teff logg Gmag BP-RP BPmag RPmag RV e_RV b_rgeo B_rgeo FG e_FG FBP e_FBP FRP e_FRP RAVE5 RAVE6 e_Gmag e_BPmag e_RPmag e_BP-RP SkyCoord.ra SkyCoord.dec SkyCoord.distance SkyCoord.pm_ra_cosdec SkyCoord.pm_dec rmRA rmDE e_rmRA e_rmDE rRV e_rRV v_pec v_pec3d e_vpec e_vpec3d
[from data line 790]
154.67702931198 -56.33580131503 0.0392 0.0376 6.3792 "" "" 5354903896833110144 2458.6228 0.393 0.0441 -6.998 3.202 0.051 0.044 0.978 6714.6 4.3494 16.742176 1.458981 17.406986 15.948006 "" "" 2225.45068 2777.28833 3785.09237 1.8382 1488.1 7.1642 3311.0 10.622 "" "" 0.002805318638721821 0.005925159 0.0051396517 0.011064811 154.67702931198 -56.33580131503 2458.6228 -6.998 3.202 -1.103961322784424 -0.2679616432189942 0.123002924 0.116002925 "" "" 13.238993815418638 "" 1.623417750409198 ""
154.41860767393 -56.29266303898 0.0431 0.0447 14.4416 "" "" 5354907916922448512 2276.61182 0.4213 0.05 -6.526 4.193 0.057 0.057 0.941 7988.3 4.4301 16.74227 1.432789 17.395115 15.962326 "" "" 2051.12109 2501.95776 3784.76612 2.1855 1504.4 7.2554 3267.6 7.326 "" "" 0.002825749697903651 0.0059332633 0.004495467 0.01042873 154.41860767393 -56.29266303898 2276.61182 -6.526 4.193 -0.6319613227844236 0.7230383567810055 0.12900293 0.12900293 "" "" 10.362638997408213 "" 1.3368107800770148 ""
154.35722668269 -56.3947863795 0.0438 0.0453 14.2003 "" "" 5354883624586193664 2322.59937 0.4111 0.051 -8.844 4.144 0.063 0.058 1.046 9053.3 4.3405 16.747992 1.581999 17.486256 15.904257 "" "" 2071.54614 2666.30371 3764.87319 2.8423 1383.3 10.387 3447.1 10.532 "" "" 0.00287465879795328 0.008616874 0.0050287205 0.013645595 154.35722668269 -56.3947863795 2322.59937 -8.843999999999994 4.143999999999998 -2.9499613227844232 0.674038356781006 0.13500293 0.13000292 "" "" 33.31346104967109 "" 4.48929576235657 ""
155.03048049177 -56.23269683937 0.0428 0.0401 14.2031 "" "" 5354900941895728384 2623.76807 0.3579 0.0515 -10.755 2.347 0.057 0.048 1.051 "" "" 16.754587 1.407832 17.386349 15.978517 "" "" 2323.05566 3029.89087 3742.06983 1.9191 1516.6 7.9552 3219.2 8.8918 "" "" 0.002811019576701536 0.006341897 0.004824655 0.011166552 155.03048049177 -56.23269683937 2623.76807 -10.755000000000006 2.3470000000000013 -4.860961322784425 -1.1229616432189942 0.12900293 0.120002925 "" "" 62.046334012103664 "" 7.976806960166802 ""
155.12143199558 -56.34040874994 0.0399 0.0389 12.38 "" "" 5354895169459893504 2209.65576 0.4401 0.0477 -4.926 3.985 0.055 0.05 0.913 6029.0 4.454 16.755344 1.423981 17.400358 15.976377 "" "" 1991.68835 2449.71851 3739.46184 1.8979 1497.2 6.0835 3225.6 7.6844 "" "" 0.0028098829205117585 0.005219907 0.0045797443 0.009799652 155.12143199558 -56.34040874994 2209.65576 -4.926 3.9850000000000003 0.968038677215576 0.5150383567810057 0.12700292 0.12200293 "" "" 11.484731183439164 "" 1.4461217484153415 ""
154.90028113063 -56.22120091543 0.0506 0.0482 12.8508 "" "" 5354900392139888256 1986.37903 0.4813 0.0596 -9.608 5.382 0.064 0.058 1.127 5867.5 4.5787 16.757498 1.516366 17.410183 15.893817 "" "" 1793.58533 2208.57373 3732.05042 2.2975 1483.7 10.448 3480.4 18.125 "" "" 0.0028352318141891117 0.0081388075 0.006801029 0.014939837 154.90028113063 -56.22120091543 1986.37903 -9.608000000000004 5.382000000000002 -3.7139613227844244 1.9120383567810055 0.13600293 0.13000292 "" "" 39.33061206060972 "" 5.300506538844297 ""
154.56624633484 -56.60922611978 0.046 0.0404 13.151 "" "" 5354865070327706112 1936.41248 0.504 0.0521 -5.995 4.142 0.058 0.05 0.975 7681.8 4.4139 16.76017 1.53559 17.476307 15.940717 "" "" 1774.54456 2139.10962 3722.87855 2.1554 1396.0 7.0459 3333.3 5.9337 "" "" 0.0028261148960466373 0.006149368 0.004244908 0.010394276 154.56624633484 -56.60922611978 1936.41248 -5.995 4.142 -0.10096132278442393 0.6720383567810062 0.13000292 0.12200293 "" "" 6.2375881104963 "" 0.7621406576329812 ""
154.72759274232 -56.21601419323 0.0418 0.0414 12.6671 "" "" 5354912177529891584 2304.05542 0.4128 0.0478 -6.509 3.979 0.054 0.049 1.02 5901.7 4.5428 16.76027 1.40834 17.390701 15.982361 "" "" 2070.68286 2600.23047 3722.53719 2.3196 1510.6 10.472 3207.8 6.766 "" "" 0.002837165146425452 0.008027217 0.004419067 0.012446284 154.72759274232 -56.21601419323 2304.05542 -6.509 3.979000000000001 -0.6149613227844242 0.509038356781006 0.12600292 0.12100293 "" "" 8.718511854282493 "" 1.081045688796482 ""
154.79239348112 -56.47398937501 0.0421 0.0408 2.9612 "" "" 5354890359096416768 1876.60559 0.515 0.0499 -5.91 2.436 0.056 0.05 1.046 5796.1 4.6059 16.761292 1.306559 17.328747 16.022188 "" "" 1728.83655 2043.72498 3719.03114 1.9352 1599.3 7.4458 3092.3 13.674 "" "" 0.002812645214466909 0.0057737557 0.0061101574 0.011883913 154.79239348112 -56.47398937501 1876.60559 -5.91 2.435999999999998 -0.01596132278442397 -1.0339616432189942 0.12800293 0.12200293 "" "" 9.19829885941453 "" 1.1222328787730702 ""
154.68622486052 -56.44032360965 0.0411 0.0402 3.2921 "" "" 5354891316858919936 1963.91882 0.4854 0.0472 -6.271 5.745 0.056 0.048 0.948 5808.0 4.5104 16.761322 1.431751 17.408691 15.97694 "" "" 1788.07825 2169.0813 3718.92836 1.8826 1485.7 5.6431 3223.9 6.5161 "" "" 0.0028096039459468668 0.0049791383 0.004370291 0.009349429 154.68622486052 -56.44032360965 1963.91882 -6.271000000000001 5.745000000000001 -0.37696132278442374 2.275038356781006 0.12800293 0.120002925 "" "" 21.467028400124722 "" 2.580843785860478 ""
154.48588272091 -56.55902499408 0.0427 0.0385 12.6707 "" "" 5354877542912608512 2457.22778 0.391 0.049 -7.006 3.32 0.055 0.047 1.003 8181.2 4.4159 16.761358 1.581724 17.501814 15.92009 "" "" 2185.15186 2736.70264 3718.805 1.9724 1363.6 7.1057 3397.2 7.8984 "" "" 0.0028148539158448704 0.006308347 0.0045448714 0.010853218 154.48588272091 -56.55902499408 2457.22778 -7.006000000000002 3.319999999999996 -1.111961322784424 -0.1499616432189943 0.12700292 0.11900292 "" "" 13.0685496386541 "" 1.6579343149297463 ""
155.09265626427 -56.27933531783 0.0431 0.0431 13.5421 "" "" 5354897673410103936 2645.81372 0.3589 0.0529 -7.004 3.339 0.059 0.05 1.035 "" "" 16.76255 1.549687 17.482 15.932313 "" "" 2324.25195 3042.99683 3714.7253 2.0242 1388.7 6.9489 3359.2 8.0004 "" "" 0.0028181229134984992 0.006107494 0.0045793285 0.010686822 155.09265626427 -56.27933531783 2645.81372 -7.004 3.338999999999997 -1.1099613227844234 -0.13096164321899417 0.13100293 0.12200293 "" "" 14.016756383015062 "" 1.8345628855797222 ""
155.03588108936 -56.41409745788 0.0389 0.0399 8.4669 "" "" 5354889500103019136 1950.84656 0.4969 0.0478 -8.752 3.689 0.052 0.051 1.029 5622.1 4.603 16.763458 1.310047 17.34268 16.032633 "" "" 1760.5437 2108.7627 3711.61944 1.9281 1578.9 7.0076 3062.7 7.9705 "" "" 0.002812454794203478 0.0055682934 0.0047188504 0.010287143 155.03588108936 -56.41409745788 1950.84656 -8.752000000000002 3.689000000000001 -2.8579613227844245 0.21903835678100592 0.124002926 0.123002924 "" "" 26.505107737352272 "" 3.286556755329562 ""
154.6693060694 -56.24850592066 0.0462 0.0458 11.2282 "" "" 5354906198935389056 2517.7395 0.384 0.0525 -7.135 6.298 0.059 0.053 1.094 5328.9 4.3065 16.764637 1.633543 17.538553 15.90501 "" "" 2234.29883 2902.49683 3707.59137 2.008 1318.2 6.0797 3444.7 6.7952 "" "" 0.0028173681604767016 0.005732416 0.0043440713 0.010076487 154.6693060694 -56.24850592066 2517.7395 -7.135000000000002 6.298 -1.2409613227844236 2.828038356781006 0.13100293 0.12500292 "" "" 36.856400709286554 "" 4.643576110723858 ""
154.44981719388 -56.4227110879 0.0427 0.0454 11.0074 "" "" 5354880463490398208 2236.69678 0.419 0.0508 -4.945 4.348 0.058 0.058 1.05 "" "" 16.767843 1.836127 17.669014 15.832887 "" "" 2018.00281 2563.07104 3696.65747 2.0694 1169.0 5.4574 3681.3 7.6325 "" "" 0.002821561328847637 0.0057859006 0.0043989844 0.010184885 154.44981719388 -56.4227110879 2236.69678 -4.945 4.348000000000001 0.9490386772155759 0.8780383567810057 0.13000292 0.13000292 "" "" 13.7073967293866 "" 1.7820015436594268 ""
155.00061335066 -56.39853292165 0.043 0.0427 7.4441 "" "" 5354889568822494976 2586.22144 0.3685 0.0517 -7.632 4.319 0.056 0.052 0.976 7325.8 4.3072 16.770521 1.753309 17.615591 15.862282 "" "" 2327.63989 2936.23267 3687.55024 2.1038 1227.9 6.4136 3583.0 9.0962 "" "" 0.0028240893106960974 0.00632027 0.0046777455 0.010998015 155.00061335066 -56.39853292165 2586.22144 -7.631999999999998 4.319000000000004 -1.7379613227844235 0.8490383567810058 0.12800293 0.124002926 "" "" 23.711537178765536 "" 3.0171036618424654 ""
154.60032987912 -56.32513748041 0.0416 0.042 8.4937 "" "" 5354904790186298496 2166.14062 0.4565 0.0473 -12.753 7.247 0.055 0.05 0.986 5254.6 4.5625 16.770937 1.397102 17.399015 16.001913 "" "" 1967.02356 2370.08203 3686.14006 1.7883 1499.0 6.0031 3150.6 8.7079 "" "" 0.0028052165748718547 0.0051663243 0.0048258505 0.009992175 154.60032987912 -56.32513748041 2166.14062 -12.753000000000002 7.247000000000005 -6.858961322784424 3.7770383567810057 0.12700292 0.12200293 "" "" 80.39619510212187 "" 10.118444201904323 ""
154.75969430222 -56.16219523764 0.0442 0.0439 15.7853 "" "" 5354912727285737728 2151.21216 0.4584 0.0503 -9.062 5.322 0.059 0.052 0.939 4942.8 4.3232 16.773312 1.459628 17.433905 15.974277 "" "" 1959.01941 2410.6875 3678.09072 2.0776 1451.6 7.0034 3231.8 7.2594 "" "" 0.0028227487317107622 0.0059350077 0.004497954 0.010432962 154.75969430222 -56.16219523764 2151.21216 -9.062 5.322 -3.167961322784423 1.852038356781006 0.13100293 0.124002926 "" "" 37.41806234738091 "" 4.836504927922343 ""
154.76452390286 -56.19102527854 0.0437 0.0436 14.0501 "" "" 5354912349328605312 2548.90552 0.3861 0.0511 -6.051 4.263 0.06 0.052 0.996 8134.9 4.4209 16.773926 1.372145 17.386713 16.014568 "" "" 2240.29712 3032.25317 3676.00507 1.9232 1516.1 5.3481 3114.1 7.5291 "" "" 0.0028132631474246006 0.00473854 0.0046015787 0.009340119 154.76452390286 -56.19102527854 2548.90552 -6.051 4.263 -0.15696132278442398 0.7930383567810058 0.13200292 0.124002926 "" "" 9.767206954105673 "" 1.2141990162692502 ""
154.99709805371 -56.36417018754 0.0416 0.0434 8.036 "" "" 5354895684855934464 2026.26733 0.4709 0.0489 -6.297 5.006 0.057 0.056 0.997 5682.8 4.5695 16.77763 1.394254 17.378162 15.983909 "" "" 1827.65527 2240.36353 3663.48773 2.153 1528.1 7.5008 3203.3 14.706 "" "" 0.002828238428697613 0.006015628 0.006255312 0.0122709405 154.99709805371 -56.36417018754 2026.26733 -6.296999999999995 5.005999999999998 -0.40296132278442354 1.536038356781006 0.12900293 0.12800293 "" "" 15.252101475913534 "" 1.9532992974786179 ""
155.01999330319 -56.48319785969 0.041 0.0424 8.6437 "" "" 5354888022634447232 2591.3125 0.3714 0.053 -7.31 5.453 0.058 0.053 0.984 5130.4 4.3129 16.77926 1.580275 17.522585 15.94231 "" "" 2301.08154 3009.20923 3657.98806 2.1493 1337.8 6.6691 3328.4 9.0816 "" "" 0.002828207106903949 0.0060893786 0.0048020664 0.010891445 155.01999330319 -56.48319785969 2591.3125 -7.3100000000000005 5.453000000000001 -1.4159613227844234 1.9830383567810062 0.13000292 0.12500292 "" "" 29.929249862255265 "" 3.792436760742927 ""
154.85139580439 -56.20347162366 0.0439 0.0425 13.4939 "" "" 5354900667017791488 2470.06738 0.3882 0.0507 -11.156 6.914 0.058 0.05 1.045 5103.3 4.4421 16.78043 1.50506 17.475657 15.970596 "" "" 2209.49878 2777.55713 3654.05295 1.7994 1396.9 7.0548 3242.8 6.7378 "" "" 0.0028067151677165568 0.0061523863 0.004401462 0.010553848 154.85139580439 -56.20347162366 2470.06738 -11.156000000000004 6.9140000000000015 -5.261961322784424 3.4440383567810056 0.13000292 0.12200293 "" "" 73.63060921686485 "" 9.399408876038928 ""
155.1513325387 -56.28821685736 0.0444 0.043 14.7812 "" "" 5354896990526051200 2568.96631 0.3734 0.0537 -6.951 3.119 0.059 0.05 0.998 8396.2 4.1775 16.781092 1.417482 17.40075 15.983267 "" "" 2229.52686 3025.88818 3651.82614 1.978 1496.6 7.1067 3205.2 14.735 "" "" 0.0028173806973701273 0.005862266 0.006260786 0.012123052 155.1513325387 -56.28821685736 2568.96631 -6.950999999999999 3.1190000000000007 -1.0569613227844235 -0.3509616432189939 0.13100293 0.12200293 "" "" 13.5614883488147 "" 1.7648515751985765 ""
154.32403912704 -56.48749524735 0.0449 0.0453 15.6238 "" "" 5354881356843434112 2415.80908 0.3865 0.052 -9.157 1.956 0.064 0.056 1.03 7194.4 4.2881 16.786533 1.930113 17.737926 15.807814 "" "" 2152.45801 2717.36841 3633.57126 2.1564 1097.1 11.087 3767.3 10.156 "" "" 0.002829659467101081 0.011321367 0.0047802534 0.016101621 154.32403912704 -56.48749524735 2415.80908 -9.157 1.9560000000000002 -3.262961322784424 -1.5139616432189942 0.13600293 0.12800293 "" "" 41.189948391371 "" 5.545008172573284 ""
154.52945826673 -56.53139110346 0.0455 0.044 10.5118 "" "" 5354877508552881280 2487.75977 0.3803 0.0529 -5.501 3.411 0.063 0.057 1.062 7688.2 4.2707 16.787245 1.44968 17.440472 15.990791 "" "" 2247.24023 2901.79053 3631.18741 2.0044 1442.9 8.1924 3183.0 10.159 "" "" 0.002819747494928587 0.006766561 0.0051275636 0.011894125 154.52945826673 -56.53139110346 2487.75977 -5.500999999999998 3.410999999999998 0.39303867721557584 -0.05896164321899411 0.13500293 0.12900293 "" "" 4.686565346802158 "" 0.6320946139068381 ""
155.24071741723 -56.32519703112 0.0468 0.0472 16.3903 "" "" 5354849711523424000 2527.15527 0.3855 0.0595 -4.956 6.638 0.063 0.062 1.048 5472.1 4.474 16.791218 1.523669 17.491484 15.967814 "" "" 2222.90405 2946.2688 3617.92358 2.0691 1376.6 9.3959 3251.1 7.0891 "" "" 0.002824420316583134 0.007918487 0.00445967 0.012378157 155.24071741723 -56.32519703112 2527.15527 -4.956 6.638 0.9380386772155758 3.1680383567810058 0.13500293 0.13400292 "" "" 39.577618845652616 "" 5.306717751940558 ""
154.64670809662 -56.18263931529 0.0442 0.0487 15.2185 "" "" 5354913277041514624 2110.37012 0.4513 0.0503 -4.299 -1.202 0.059 0.057 0.891 7792.6 4.3056 16.791382 1.647181 17.571236 15.924055 "" "" 1898.53992 2364.19409 3617.37965 1.9969 1279.2 7.4471 3384.8 7.5599 "" "" 0.002819755271127573 0.0069092507 0.0044904603 0.011399711 154.64670809662 -56.18263931529 2110.37012 -4.298999999999999 -1.202 1.5950386772155758 -4.671961643218994 0.13100293 0.12900293 "" "" 49.38294408277294 "" 6.3809261555097345 ""
154.98339765482 -56.27218979558 0.0424 0.0411 11.3633 "" "" 5354899361347734656 2696.47949 0.3589 0.0516 -4.829 3.639 0.059 0.051 0.932 9019.0 4.3169 16.794127 1.536524 17.505098 15.968575 "" "" 2389.90454 3153.57129 3608.24781 2.0434 1359.5 8.5508 3248.8 8.723 "" "" 0.002823092475081591 0.0073769344 0.0047730566 0.0121499915 154.98339765482 -56.27218979558 2696.47949 -4.828999999999998 3.6389999999999985 1.0650386772155764 0.16903835678100565 0.13100293 0.123002924 "" "" 13.782981261539684 "" 1.8029824090114945 ""
155.1064981501 -56.424763415 0.0393 0.0403 10.7836 "" "" 5354894374875008128 2019.87134 0.4785 0.0481 -12.972 4.913 0.054 0.052 1.019 5651.5 4.6136 16.79454 1.250347 17.34077 16.090424 "" "" 1858.92029 2224.64844 3606.87281 1.8562 1581.6 8.9359 2903.9 7.1169 "" "" 0.0028114039148499116 0.006739054 0.0046221507 0.011361204 155.1064981501 -56.424763415 2019.87134 -12.972000000000007 4.913000000000001 -7.077961322784423 1.4430383567810061 0.12600292 0.124002926 "" "" 69.1597881142896 "" 8.708857564996954 ""
154.64206369321 -56.33879231658 0.0416 0.0394 6.9438 "" "" 5354904068631796736 2517.73047 0.3841 0.0463 -7.688 4.292 0.053 0.046 0.943 9374.1 4.4439 16.795355 1.368376 17.403755 16.03538 "" "" 2278.68872 2796.8125 3604.16678 1.8841 1492.5 6.0041 3055.0 6.6453 "" "" 0.0028131709765227197 0.005182885 0.0044566165 0.009639502 154.64206369321 -56.33879231658 2517.73047 -7.687999999999999 4.292 -1.7939613227844236 0.8220383567810057 0.12500292 0.11800292 "" "" 23.549843250119856 "" 2.9158607811810677 ""
