Clusters/BH_92/BH_92_stars_in_region.tsv
# %ECSV 1.0
# ---
# datatype:
# - name: RA_ICRS_1
#   unit: deg
#   datatype: float64
#   format: '{:15.11f}'
#   description: Right ascension (ICRS) at Ep=2016.0 (ra)
#   meta: !!omap
#   - {ucd: POS_EQ_RA_MAIN}
#   - {width: 15}
#   - {precision: '11'}
# - name: DE_ICRS_1
#   unit: deg
#   datatype: float64
#   format: '{:15.11f}'
#   description: Declination (ICRS) at Ep=2016.0 (dec)
#   meta: !!omap
#   - {ucd: POS_EQ_DEC_MAIN}
#   - {width: 15}
#   - {precision: '11'}
# - name: e_RA_ICRS
#   unit: mas
#   datatype: float64
#   format: '{:7.4f}'
#   description: Standard error of right ascension (ra_error)
#   meta: !!omap
#   - {ucd: ERROR}
#   - {width: 7}
#   - {precision: '4'}
# - name: e_DE_ICRS
#   unit: mas
#   datatype: float64
#   format: '{:7.4f}'
#   description: Standard error of declination (dec_error)
#   meta: !!omap
#   - {ucd: ERROR}
#   - {width: 7}
#   - {precision: '4'}
# - name: _r_1
#   unit: ''
#   datatype: float64
#   format: '{:7.4f}'
#   description: Distance from center (154.78151227000-56.42500464000)[ICRS], at Epoch=J2016.0
#   meta: !!omap
#   - {ucd: POS_ANG_DIST_GENERAL}
#   - {width: 7}
#   - {precision: '4'}
# - name: HIP
#   datatype: int32
#   description: '? HIP cross-id number, van Leeuwen, Cat. I/311 (hip_original_ext_source_id)'
#   meta: !!omap
#   - {ucd: ID_NUMBER}
#   - {width: 6}
#   - values: {'null': -2147483648}
# - name: TYC2
#   datatype: string
#   description: Tycho-2 cross-id name, Hog et al., Cat. I/259 (tyc2_original_ext_source_id)
#   meta: !!omap
#   - {ucd: ID_CROSSID}
#   - {_votable_string_dtype: char}
# - name: Source
#   datatype: int64
#   description: Source identifier, identical to the Gaia-EDR3 source_id (id)
#   meta: !!omap
#   - {ucd: ID_MAIN}
#   - {width: 19}
# - name: rgeo
#   unit: pc
#   datatype: float64
#   format: '{:15.8f}'
#   description: '? Median of the geometric distance posterior (r_med_geo)'
#   meta: !!omap
#   - {ucd: PHYS_DISTANCE_TRUE}
#   - {width: 15}
#   - {precision: '8'}
#   - values: {'null': .nan}
# - name: Plx
#   unit: mas
#   datatype: float64
#   format: '{:9.4f}'
#   description: '? Parallax (parallax)'
#   meta: !!omap
#   - {ucd: POS_PARLX_TRIG}
#   - {width: 9}
#   - {precision: '4'}
#   - values: {'null': .nan}
# - name: e_Plx
#   unit: mas
#   datatype: float32
#   format: '{:7.4f}'
#   description: '? Standard error of parallax (parallax_error)'
#   meta: !!omap
#   - {ucd: ERROR}
#   - {width: 7}
#   - {precision: '4'}
#   - values: {'null': .nan}
# - name: pmRA
#   unit: mas / yr
#   datatype: float64
#   format: '{:9.3f}'
#   description: '? Proper motion in right ascension direction, pmRA*cosDE (pmra)'
#   meta: !!omap
#   - {ucd: POS_EQ_PMRA}
#   - {width: 9}
#   - {precision: '3'}
#   - values: {'null': .nan}
# - name: pmDE
#   unit: mas / yr
#   datatype: float64
#   format: '{:9.3f}'
#   description: '? Proper motion in declination direction (pmdec)'
#   meta: !!omap
#   - {ucd: POS_EQ_PMDEC}
#   - {width: 9}
#   - {precision: '3'}
#   - values: {'null': .nan}
# - name: e_pmRA
#   unit: mas / yr
#   datatype: float32
#   format: '{:6.3f}'
#   description: '? Standard error of proper motion in right ascension direction (pmra_error)'
#   meta: !!omap
#   - {ucd: ERROR}
#   - {width: 6}
#   - {precision: '3'}
#   - values: {'null': .nan}
# - name: e_pmDE
[...]
#         unit: &id001 !astropy.units.Unit {unit: deg}
#         value: !astropy.table.SerializedColumn {name: SkyCoord.dec}
#       distance: !astropy.table.SerializedColumn
#         __class__: astropy.coordinates.distances.Distance
#         unit: !astropy.units.Unit {unit: pc}
#         value: !astropy.table.SerializedColumn {name: SkyCoord.distance}
#       frame: icrs
#       obstime: !astropy.time.Time {format: jyear_str, in_subfmt: '*', jd1: 367701545.0, jd2: 0.0, out_subfmt: '*', precision: 3, scale: tt}
#       pm_dec: !astropy.table.SerializedColumn
#         __class__: astropy.units.quantity.Quantity
#         unit: !astropy.units.Unit {unit: mas / yr}
#         value: !astropy.table.SerializedColumn {name: SkyCoord.pm_dec}
#       pm_ra_cosdec: !astropy.table.SerializedColumn
#         __class__: astropy.units.quantity.Quantity
#         unit: !astropy.units.Unit {unit: mas / yr}
#         value: !astropy.table.SerializedColumn {name: SkyCoord.pm_ra_cosdec}
#       ra: !astropy.table.SerializedColumn
#         __class__: astropy.coordinates.angles.Longitude
#         unit: *id001
#         value: !astropy.table.SerializedColumn {name: SkyCoord.ra}
#         wrap_angle: !astropy.coordinates.Angle
#           unit: *id001
#           value: 360.0
#       representation_type: spherical
# schema: astropy-2.0
RA_ICRS_1 DE_ICRS_1 e_RA_ICRS e_DE_ICRS _r_1 HIP TYC2 Source rgeo Plx e_Plx pmRA pmDE e_pmRA e_pmDE RUWE Teff logg Gmag BP-RP BPmag RPmag RV e_RV b_rgeo B_rgeo FG e_FG FBP e_FBP FRP e_FRP RAVE5 RAVE6 e_Gmag e_BPmag e_RPmag e_BP-RP SkyCoord.ra SkyCoord.dec SkyCoord.distance SkyCoord.pm_ra_cosdec SkyCoord.pm_dec
[from data line 527]
154.67368015767 -56.6330526932 0.0359 0.0343 12.9829 "" "" 5354864383132946176 2034.76038 0.4718 0.0435 -10.457 5.951 0.05 0.049 0.952 7412.8 4.2951 16.293303 1.542627 16.993706 15.451078 "" "" 1855.7644 2267.15405 5723.02695 2.883 2177.4 20.584 5232.7 8.2294 "" "" 0.002809081260365448 0.010636465 0.004147211 0.014783676 154.67368015767 -56.6330526932 2034.76038 -10.457 5.9510000000000005
154.990529668 -56.35221381729 0.033 0.0318 8.2017 "" "" 5354895684856086912 1808.35632 0.5244 0.0389 -1.464 -1.949 0.044 0.039 1.03 6830.3 4.3511 16.295338 1.327436 16.883007 15.555571 "" "" 1676.63 1957.73828 5712.30725 2.5826 2411.1 6.3975 4752.6 7.2591 "" "" 0.0027987044416031676 0.004010523 0.004127208 0.008137731 154.990529668 -56.35221381729 1808.35632 -1.464 -1.9489999999999998
155.21707425904 -56.31095969241 0.0356 0.0334 16.0102 "" "" 5354896642617916928 2048.61353 0.4629 0.0444 -4.403 3.064 0.049 0.047 1.01 7780.8 4.1948 16.295885 1.42518 16.937115 15.511935 "" "" 1902.16357 2227.70093 5709.431 2.7395 2293.9 9.346 4947.5 7.0087 "" "" 0.0028041374325671405 0.0052300347 0.004080366 0.0093104 155.21707425904 -56.31095969241 2048.61353 -4.402999999999999 3.064
154.45314025174 -56.39412618222 0.0337 0.038 11.0567 "" "" 5354880944526741888 1853.6084 0.5131 0.0403 -11.169 3.572 0.046 0.047 1.014 7153.7 4.3421 16.296885 1.372203 16.911802 15.539599 "" "" 1742.43481 1965.48083 5704.17774 2.5479 2348.0 6.6081 4823.0 10.275 "" "" 0.0027976747417514033 0.004137875 0.0044310293 0.008568904 154.45314025174 -56.39412618222 1853.6084 -11.168999999999999 3.572000000000001
154.87655278579 -56.32920704689 0.0335 0.0326 6.5581 "" "" 5354893142235038720 2357.95923 0.3969 0.0379 -6.046 3.433 0.045 0.04 1.075 5251.3 3.8416 16.297062 1.582747 17.025686 15.44294 "" "" 2139.77588 2609.45581 5703.2412 2.6742 2114.2 7.1761 5272.1 7.8041 "" "" 0.002801957226605155 0.004622348 0.0041069137 0.008729262 154.87655278579 -56.32920704689 2357.95923 -6.046 3.433
155.10610861194 -56.50363861973 0.0311 0.0328 11.7485 "" "" 5354840949790089472 2655.80029 0.3552 0.0382 -5.639 2.297 0.044 0.044 0.977 6679.0 3.7549 16.298334 2.454664 17.627523 15.172859 "" "" 2414.46021 3033.27856 5696.56567 2.9229 1214.5 7.6524 6761.1 10.226 "" "" 0.00281107423535426 0.0073881913 0.004120726 0.011508917 155.10610861194 -56.50363861973 2655.80029 -5.639000000000001 2.2970000000000006
154.47468933664 -56.28184650104 0.043 0.049 13.3349 "" "" 5354908123080694016 2043.02612 0.4722 0.0517 -5.31 2.753 0.057 0.059 1.293 9366.6 4.1897 16.299826 1.485031 16.950672 15.465641 "" "" 1881.70105 2275.07837 5688.74837 3.3657 2265.4 7.4576 5163.0 9.0174 "" "" 0.0028292091357187644 0.0045343065 0.0042284303 0.008762737 154.47468933664 -56.28184650104 2043.02612 -5.3100000000000005 2.7530000000000006
154.79231243443 -56.24745187631 0.0329 0.0314 10.6592 "" "" 5354900151621681408 2510.5481 0.382 0.0374 -8.236 4.91 0.041 0.037 1.026 8186.9 4.199 16.300251 1.44429 16.945301 15.501011 "" "" 2290.479 2767.61475 5686.51834 2.4605 2276.7 10.614 4997.5 10.786 "" "" 0.0027950830843626842 0.005779792 0.004446896 0.010226687 154.79231243443 -56.24745187631 2510.5481 -8.236 4.910000000000001
154.8893877812 -56.4692562784 0.0324 0.0318 4.455 "" "" 5354887644677103872 2199.97144 0.4258 0.0379 -7.529 1.878 0.044 0.042 1.036 7615.0 4.4133 16.300581 1.382836 16.922722 15.539886 "" "" 2050.51392 2372.573 5684.78895 2.3079 2324.5 8.417 4821.7 7.756 "" "" 0.002790354983990148 0.004820923 0.0041633993 0.008984322 154.8893877812 -56.4692562784 2199.97144 -7.529 1.8780000000000003
154.95495262908 -56.52259149784 0.0328 0.0318 8.2048 "" "" 5354887198000723840 2559.26367 0.371 0.0396 -8.996 2.516 0.044 0.04 0.986 7985.1 3.9162 16.301264 2.012694 17.249603 15.236909 "" "" 2336.79224 2783.67798 5681.21605 2.6697 1720.2 19.81 6373.7 57.364 "" "" 0.002802159774963606 0.012810983 0.010477152 0.023288134 154.95495262908 -56.52259149784 2559.26367 -8.996 2.516
155.22370461907 -56.32742013453 0.0337 0.0332 15.8152 "" "" 5354849608447692928 2456.3269 0.3882 0.041 -6.826 5.168 0.045 0.044 1.013 7193.1 4.3703 16.30611 1.269077 16.865088 15.59601 "" "" 2259.87842 2791.93335 5655.90674 2.4056 2451.2 7.9335 4578.8 7.7767 "" "" 0.002793750230001489 0.0044870633 0.0042052553 0.008692319 155.22370461907 -56.32742013453 2456.3269 -6.826 5.168000000000001
154.57567232756 -56.67203730558 0.0385 0.0368 16.3107 "" "" 5354864623651093888 2408.22876 0.3924 0.0434 -9.776 4.136 0.051 0.043 1.07 4951.4 3.6081 16.314854 2.157208 17.351295 15.194088 "" "" 2145.41089 2736.78296 5610.54408 3.1127 1566.4 16.297 6630.1 52.912 "" "" 0.002820394964070874 0.011635607 0.009453171 0.021088779 154.57567232756 -56.67203730558 2408.22876 -9.776 4.136000000000001
154.91780662819 -56.57834109096 0.0316 0.0309 10.2476 "" "" 5354886613885117184 2106.59912 0.4513 0.0385 -5.326 5.502 0.044 0.042 0.963 6715.3 4.2694 16.315107 1.567991 17.01976 15.451769 "" "" 1952.30396 2283.75464 5609.23265 2.4719 2125.8 8.2793 5229.4 14.349 "" "" 0.002796554991079215 0.0050661634 0.0048123933 0.009878557 154.91780662819 -56.57834109096 2106.59912 -5.3260000000000005 5.502
154.57394714549 -56.29977008627 0.0351 0.0375 10.2006 "" "" 5354904961986031232 1853.24963 0.5061 0.04 -12.534 3.955 0.049 0.046 0.993 5982.7 4.3857 16.319883 1.349474 16.908442 15.558968 "" "" 1705.37817 2035.27478 5584.61633 2.4055 2355.3 9.1702 4737.7 18.441 "" "" 0.002794727428322294 0.0050650374 0.005669547 0.010734584 154.57394714549 -56.29977008627 1853.24963 -12.534000000000002 3.955000000000001
154.79211907457 -56.40239210205 0.034 0.0312 1.4017 "" "" 5354891733485974912 2311.78418 0.4159 0.0386 -5.914 3.367 0.046 0.039 1.037 7257.2 4.3409 16.320766 1.148212 16.78772 15.639507 "" "" 2140.8606 2533.38745 5580.08058 2.7743 2632.3 19.679 4399.0 17.549 "" "" 0.0028077000071272213 0.008583103 0.0057484144 0.014331518 154.79211907457 -56.40239210205 2311.78418 -5.914 3.367
154.47359660377 -56.37083191793 0.0332 0.0353 10.7286 "" "" 5354881081965578880 1872.13489 0.5117 0.039 -6.109 4.88 0.045 0.045 0.931 5899.2 4.3152 16.322573 1.444405 16.979008 15.534603 "" "" 1742.13049 2018.00354 5570.79737 2.4265 2207.1 7.2985 4845.3 7.4489 "" "" 0.0027956112549723 0.0045470437 0.0041315607 0.008678604 154.47359660377 -56.37083191793 1872.13489 -6.109 4.88
154.92440365624 -56.47459945478 0.0328 0.0319 5.5952 "" "" 5354887610317369600 1865.89746 0.5192 0.0389 -10.078 7.396 0.044 0.04 1.043 5008.9 4.1693 16.32354 1.641999 17.099545 15.457545 "" "" 1716.99158 2037.11926 5565.84371 2.4768 1975.1 7.2697 5201.6 10.288 "" "" 0.0027973604951817593 0.0048739095 0.0043468573 0.009220767 154.92440365624 -56.47459945478 1865.89746 -10.077999999999998 7.396000000000001
154.41175939088 -56.3949227987 0.0338 0.0358 12.4059 "" "" 5354883487147247360 2296.69531 0.4149 0.0404 -6.024 3.821 0.047 0.047 1.026 "" "" 16.327316 1.461324 16.887352 15.426028 "" "" 2105.22412 2554.13696 5546.51525 2.9933 2401.5 21.317 5354.8 56.685 "" "" 0.002816933962670833 0.010033339 0.012098859 0.0221322 154.41175939088 -56.3949227987 2296.69531 -6.024000000000001 3.8210000000000006
155.253214357 -56.36345457704 0.0315 0.0322 16.0939 "" "" 5354849505364985600 2130.61108 0.4419 0.0389 -5.164 4.832 0.044 0.043 0.989 8139.4 4.3135 16.33004 1.552395 17.048283 15.495888 "" "" 1991.1803 2290.90332 5532.62028 2.454 2070.6 9.5822 5021.1 11.643 "" "" 0.0027970892410120562 0.0057472344 0.004541161 0.010288395 155.253214357 -56.36345457704 2130.61108 -5.163999999999999 4.831999999999999
154.6046455207 -56.30019164805 0.0337 0.0359 9.5203 "" "" 5354904927625041152 1903.23083 0.5086 0.0394 -7.333 2.598 0.045 0.043 1.023 4942.0 4.1872 16.331348 1.60758 17.081236 15.473656 "" "" 1786.69519 2054.43042 5525.95888 2.7021 2008.7 8.7357 5125.0 8.2538 "" "" 0.00280600270408717 0.005484558 0.0041642818 0.00964884 154.6046455207 -56.30019164805 1903.23083 -7.333 2.5979999999999994
155.20426602293 -56.29485046459 0.0434 0.0414 16.0758 "" "" 5354896750007888384 2565.4231 0.3962 0.0533 -7.897 5.082 0.062 0.055 1.332 7498.9 4.1859 16.33291 1.397974 16.886341 15.488367 "" "" 2235.53589 2959.62939 5518.00894 4.4352 2403.7 6.0252 5056.1 8.9804 "" "" 0.0028902180192586792 0.003897673 0.0042429445 0.008140618 155.20426602293 -56.29485046459 2565.4231 -7.896999999999999 5.082
154.72387081375 -56.45434708898 0.0342 0.0327 2.599 "" "" 5354891218089872768 2303.40576 0.4259 0.0392 -9.575 5.196 0.047 0.04 1.081 5690.6 4.2076 16.337738 1.387594 16.846989 15.459394 "" "" 2066.80396 2573.51636 5493.53272 3.1697 2492.4 28.581 5192.8 29.307 "" "" 0.002825639184594833 0.012759231 0.0071994336 0.019958664 154.72387081375 -56.45434708898 2303.40576 -9.574999999999998 5.196
155.12827290518 -56.47788103273 0.0317 0.0328 11.9278 "" "" 5354841362106953472 2533.81323 0.3535 0.0395 -3.248 7.884 0.045 0.042 0.981 6604.5 3.8038 16.337759 2.308331 17.564558 15.256227 "" "" 2351.00586 2800.37451 5493.42241 2.547 1287.0 6.3286 6261.3 7.2065 "" "" 0.0028009279697401336 0.0060240445 0.0039806184 0.010004663 155.12827290518 -56.47788103273 2533.81323 -3.2479999999999993 7.884
155.01673693768 -56.510787845 0.0318 0.034 9.3421 "" "" 5354887988274675328 2165.8208 0.4369 0.04 -8.717 5.381 0.046 0.046 1.04 7534.8 4.1319 16.338463 1.485292 17.016672 15.53138 "" "" 2008.24353 2343.58081 5489.8672 2.2797 2131.8 6.3052 4859.7 7.1672 "" "" 0.0027919639502618112 0.0042540915 0.004104606 0.008358697 155.01673693768 -56.510787845 2165.8208 -8.716999999999999 5.380999999999999
154.99244892469 -56.5467939495 0.0336 0.0336 10.1109 "" "" 5354886373366963584 1878.86658 0.5071 0.0406 -7.615 3.269 0.05 0.046 1.02 7416.0 4.3579 16.338964 1.442844 16.99238 15.549536 "" "" 1742.09692 2085.7207 5487.33025 2.4192 2180.0 7.8232 4779.1 11.759 "" "" 0.0027965895427013413 0.0047923056 0.00462822 0.009420525 154.99244892469 -56.5467939495 1878.86658 -7.615 3.2689999999999997
154.65510875288 -56.38447959779 0.0351 0.0332 4.85 "" "" 5354903725034398848 2380.20532 0.3944 0.0392 -5.88 3.484 0.049 0.04 1.063 7979.2 4.4145 16.33907 1.243346 16.881342 15.637996 "" "" 2190.44507 2574.33838 5486.79994 2.4054 2414.8 7.358 4405.1 7.4714 "" "" 0.002796131309773945 0.0043277936 0.0042041447 0.008531938 154.65510875288 -56.38447959779 2380.20532 -5.88 3.484
154.95136380595 -56.30926482725 0.0357 0.0333 8.949 "" "" 5354898914671352832 2559.58521 0.3726 0.0428 -3.999 3.543 0.05 0.042 1.046 "" "" 16.340326 1.573536 17.073835 15.500299 "" "" 2313.22852 2872.99463 5480.44539 2.4614 2022.5 7.5621 5000.8 9.1258 "" "" 0.0027981373575535025 0.004925953 0.0042672446 0.009193198 154.95136380595 -56.30926482725 2559.58521 -3.9989999999999988 3.5430000000000006
154.7508567702 -56.26796028068 0.0384 0.0367 9.4776 "" "" 5354905992777186432 1839.11877 0.5171 0.0428 -5.971 3.777 0.048 0.044 1.13 "" "" 16.341642 1.506718 17.017195 15.510477 "" "" 1714.91638 2002.27917 5473.80824 2.4487 2130.8 7.1179 4954.1 11.81 "" "" 0.0027978020428583382 0.0045759506 0.004580706 0.009156656 154.7508567702 -56.26796028068 1839.11877 -5.971 3.776999999999999
154.5673137676 -56.32405525415 0.0333 0.0355 9.3454 "" "" 5354904824546030336 1870.46277 0.5107 0.0388 -6.894 3.215 0.044 0.044 0.967 7179.5 4.2825 16.342855 1.370296 16.951181 15.580886 "" "" 1758.17664 2025.90967 5467.6943 2.5254 2264.4 6.6016 4643.1 8.193 "" "" 0.002800583456509062 0.0042195288 0.004237236 0.008456765 154.5673137676 -56.32405525415 1870.46277 -6.894 3.2149999999999994
155.16134586685 -56.4303229821 0.0336 0.0363 12.6067 "" "" 5354847405112650880 2374.90625 0.4011 0.0404 -5.357 4.723 0.048 0.048 1.045 "" "" 16.343054 "" "" 15.370995 "" "" 2185.54395 2620.75 5466.69692 3.4815 "" "" 5633.3 1123.7 "" "" 0.0028407575304131814 "" 0.21660969 "" 155.16134586685 -56.4303229821 2374.90625 -5.356999999999999 4.723
154.46403172275 -56.34645773269 0.0353 0.0368 11.5506 "" "" 5354907504605378816 2147.03931 0.4421 0.0412 -5.22 1.767 0.048 0.046 1.003 7196.9 4.3412 16.343132 1.430452 16.981188 15.550735 "" "" 1962.11218 2339.35327 5466.30486 2.5304 2202.6 10.849 4773.8 11.154 "" "" 0.0028007843302734472 0.0060319514 0.0045518363 0.010583788 154.46403172275 -56.34645773269 2147.03931 -5.22 1.767
154.74195505331 -56.27681917328 0.0358 0.0324 8.9879 "" "" 5354905889697964800 2583.31177 0.3588 0.0398 -8.772 3.331 0.045 0.038 0.945 6302.8 3.955 16.349787 1.939043 17.318123 15.37908 "" "" 2374.44922 2917.61499 5432.90638 2.3316 1615.0 7.5408 5591.5 8.1646 "" "" 0.0027944419168486846 0.005786654 0.00409843 0.009885084 154.74195505331 -56.27681917328 2583.31177 -8.772 3.3310000000000004
154.58166495621 -56.23709469187 0.0359 0.036 13.0884 "" "" 5354906817410669056 1804.56177 0.5477 0.0403 -8.838 4.2 0.046 0.043 1.051 7643.3 4.4125 16.358112 1.431202 17.005999 15.574797 "" "" 1681.80273 1943.05627 5391.40635 2.2893 2152.9 7.6941 4669.2 12.382 "" "" 0.0027936237924174757 0.0047792564 0.004751163 0.0095304195 154.58166495621 -56.23709469187 1804.56177 -8.838000000000001 4.2
154.66089934318 -56.22779167475 0.0375 0.0373 12.4946 "" "" 5354906989209377664 2201.45898 0.4398 0.0416 -10.962 5.243 0.048 0.044 0.961 5083.9 4.1716 16.361643 1.662798 17.142656 15.479858 "" "" 2009.76831 2439.43335 5373.89726 2.5599 1898.3 8.6074 5095.8 12.544 "" "" 0.002803441553741647 0.005658724 0.0046289284 0.010287652 154.66089934318 -56.22779167475 2201.45898 -10.962 5.243
154.44742766751 -56.26326228872 0.0354 0.0362 14.7509 "" "" 5354908324932509696 2414.4707 0.3783 0.0401 -3.974 1.621 0.049 0.047 1.01 "" "" 16.363356 2.631872 17.823046 15.191174 "" "" 2162.02637 2694.35742 5365.4328 2.8969 1014.4 7.4254 6648.0 11.997 "" "" 0.0028169897502409278 0.008423127 0.004257073 0.012680201 154.44742766751 -56.26326228872 2414.4707 -3.9739999999999998 1.621
154.72315620956 -56.1780838449 0.0392 0.039 14.9421 "" "" 5354912383688339072 1951.15454 0.4915 0.0453 -5.672 1.308 0.051 0.048 1.019 6729.2 4.3675 16.366394 1.338898 16.95342 15.614523 "" "" 1808.1731 2145.62598 5350.43818 2.512 2259.7 8.1846 4501.4 10.401 "" "" 0.00280207625035341 0.0048218006 0.004536231 0.009358032 154.72315620956 -56.1780838449 1951.15454 -5.672 1.3079999999999998
154.52875574711 -56.4247632258 0.0352 0.0338 8.3869 "" "" 5354880600929361920 2276.7085 0.4085 0.0398 -6.739 2.103 0.048 0.041 1.041 7411.4 4.3511 16.368616 1.540535 17.084377 15.543842 "" "" 2096.52808 2552.58325 5339.49429 2.3695 2002.9 9.4157 4804.2 9.0816 "" "" 0.002797129899246401 0.0058169323 0.004300714 0.010117646 154.52875574711 -56.4247632258 2276.7085 -6.739 2.103
154.97796461138 -56.37049897234 0.0344 0.0345 7.2971 "" "" 5354889809340668160 1966.51624 0.4833 0.041 -5.619 2.709 0.045 0.043 0.942 7203.0 4.343 16.370268 1.335894 16.967546 15.631653 "" "" 1837.16687 2088.57324 5331.38287 2.5898 2230.5 7.9295 4431.0 8.8188 "" "" 0.0028053437617467374 0.0047627003 0.004353523 0.009116223 154.97796461138 -56.37049897234 1966.51624 -5.619 2.7090000000000014
154.40991997722 -56.43216619226 0.0344 0.0396 12.3364 "" "" 5354880394770785152 1931.66846 0.4968 0.0412 -5.296 2.013 0.047 0.051 1.101 5673.2 4.2309 16.370571 1.581991 16.891108 15.309116 "" "" 1784.81641 2086.77881 5329.89095 6.0569 2393.2 61.975 5963.6 127.99 "" "" 0.0030189622769904363 0.028254643 0.023606429 0.05186107 154.40991997722 -56.43216619226 1931.66846 -5.296 2.013
155.12541870336 -56.36822791087 0.0447 0.0431 11.9172 "" "" 5354895135100144512 1804.63184 0.5455 0.053 -7.896 4.881 0.061 0.056 1.383 4854.9 4.4335 16.372107 1.329333 16.95041 15.621078 "" "" 1612.73743 2088.19653 5322.35879 3.0075 2266.0 7.3558 4474.3 8.5804 "" "" 0.0028227984546957733 0.004495216 0.0043149707 0.008810187 155.12541870336 -56.36822791087 1804.63184 -7.896000000000001 4.881
155.05599054373 -56.31559786308 0.0336 0.0323 11.2374 "" "" 5354896062813087104 2005.22278 0.4629 0.0401 -7.795 7.002 0.045 0.039 0.983 6732.6 4.3114 16.372662 1.472718 17.043966 15.571248 "" "" 1863.77844 2190.43652 5319.63682 2.2758 2078.9 8.3676 4684.5 7.0015 "" "" 0.002794197634177567 0.0051848674 0.0041130343 0.009297902 155.05599054373 -56.31559786308 2005.22278 -7.795 7.002
