Clusters/BH_92/BH_92_stars_in_region.tsv
# %ECSV 1.0
# ---
# datatype:
# - name: RA_ICRS_1
#   unit: deg
#   datatype: float64
#   format: '{:15.11f}'
#   description: Right ascension (ICRS) at Ep=2016.0 (ra)
#   meta: !!omap
#   - {ucd: POS_EQ_RA_MAIN}
#   - {width: 15}
#   - {precision: '11'}
# - name: DE_ICRS_1
#   unit: deg
#   datatype: float64
#   format: '{:15.11f}'
#   description: Declination (ICRS) at Ep=2016.0 (dec)
#   meta: !!omap
#   - {ucd: POS_EQ_DEC_MAIN}
#   - {width: 15}
#   - {precision: '11'}
# - name: e_RA_ICRS
#   unit: mas
#   datatype: float64
#   format: '{:7.4f}'
#   description: Standard error of right ascension (ra_error)
#   meta: !!omap
#   - {ucd: ERROR}
#   - {width: 7}
#   - {precision: '4'}
# - name: e_DE_ICRS
#   unit: mas
#   datatype: float64
#   format: '{:7.4f}'
#   description: Standard error of declination (dec_error)
#   meta: !!omap
#   - {ucd: ERROR}
#   - {width: 7}
#   - {precision: '4'}
# - name: _r_1
#   unit: ''
#   datatype: float64
#   format: '{:7.4f}'
#   description: Distance from center (154.78151227000-56.42500464000)[ICRS], at Epoch=J2016.0
#   meta: !!omap
#   - {ucd: POS_ANG_DIST_GENERAL}
#   - {width: 7}
#   - {precision: '4'}
# - name: HIP
#   datatype: int32
#   description: '? HIP cross-id number, van Leeuwen, Cat. I/311 (hip_original_ext_source_id)'
#   meta: !!omap
#   - {ucd: ID_NUMBER}
#   - {width: 6}
#   - values: {'null': -2147483648}
# - name: TYC2
#   datatype: string
#   description: Tycho-2 cross-id name, Hog et al., Cat. I/259 (tyc2_original_ext_source_id)
#   meta: !!omap
#   - {ucd: ID_CROSSID}
#   - {_votable_string_dtype: char}
# - name: Source
#   datatype: int64
#   description: Source identifier, identical to the Gaia-EDR3 source_id (id)
#   meta: !!omap
#   - {ucd: ID_MAIN}
#   - {width: 19}
# - name: rgeo
#   unit: pc
#   datatype: float64
#   format: '{:15.8f}'
#   description: '? Median of the geometric distance posterior (r_med_geo)'
#   meta: !!omap
#   - {ucd: PHYS_DISTANCE_TRUE}
#   - {width: 15}
#   - {precision: '8'}
#   - values: {'null': .nan}
# - name: Plx
#   unit: mas
#   datatype: float64
#   format: '{:9.4f}'
#   description: '? Parallax (parallax)'
#   meta: !!omap
#   - {ucd: POS_PARLX_TRIG}
#   - {width: 9}
#   - {precision: '4'}
#   - values: {'null': .nan}
# - name: e_Plx
#   unit: mas
#   datatype: float32
#   format: '{:7.4f}'
#   description: '? Standard error of parallax (parallax_error)'
#   meta: !!omap
#   - {ucd: ERROR}
#   - {width: 7}
#   - {precision: '4'}
#   - values: {'null': .nan}
# - name: pmRA
#   unit: mas / yr
#   datatype: float64
#   format: '{:9.3f}'
#   description: '? Proper motion in right ascension direction, pmRA*cosDE (pmra)'
#   meta: !!omap
#   - {ucd: POS_EQ_PMRA}
#   - {width: 9}
#   - {precision: '3'}
#   - values: {'null': .nan}
# - name: pmDE
#   unit: mas / yr
#   datatype: float64
#   format: '{:9.3f}'
#   description: '? Proper motion in declination direction (pmdec)'
#   meta: !!omap
#   - {ucd: POS_EQ_PMDEC}
#   - {width: 9}
#   - {precision: '3'}
#   - values: {'null': .nan}
# - name: e_pmRA
#   unit: mas / yr
#   datatype: float32
#   format: '{:6.3f}'
#   description: '? Standard error of proper motion in right ascension direction (pmra_error)'
#   meta: !!omap
#   - {ucd: ERROR}
#   - {width: 6}
#   - {precision: '3'}
#   - values: {'null': .nan}
# - name: e_pmDE
[...]
#         value: !astropy.table.SerializedColumn {name: SkyCoord.dec}
#       distance: !astropy.table.SerializedColumn
#         __class__: astropy.coordinates.distances.Distance
#         unit: !astropy.units.Unit {unit: pc}
#         value: !astropy.table.SerializedColumn {name: SkyCoord.distance}
#       frame: icrs
#       obstime: !astropy.time.Time {format: jyear_str, in_subfmt: '*', jd1: 367701545.0, jd2: 0.0, out_subfmt: '*', precision: 3, scale: tt}
#       pm_dec: !astropy.table.SerializedColumn
#         __class__: astropy.units.quantity.Quantity
#         unit: !astropy.units.Unit {unit: mas / yr}
#         value: !astropy.table.SerializedColumn {name: SkyCoord.pm_dec}
#       pm_ra_cosdec: !astropy.table.SerializedColumn
#         __class__: astropy.units.quantity.Quantity
#         unit: !astropy.units.Unit {unit: mas / yr}
#         value: !astropy.table.SerializedColumn {name: SkyCoord.pm_ra_cosdec}
#       ra: !astropy.table.SerializedColumn
#         __class__: astropy.coordinates.angles.Longitude
#         unit: *id001
#         value: !astropy.table.SerializedColumn {name: SkyCoord.ra}
#         wrap_angle: !astropy.coordinates.Angle
#           unit: *id001
#           value: 360.0
#       representation_type: spherical
# schema: astropy-2.0
RA_ICRS_1 DE_ICRS_1 e_RA_ICRS e_DE_ICRS _r_1 HIP TYC2 Source rgeo Plx e_Plx pmRA pmDE e_pmRA e_pmDE RUWE Teff logg Gmag BP-RP BPmag RPmag RV e_RV b_rgeo B_rgeo FG e_FG FBP e_FBP FRP e_FRP RAVE5 RAVE6 e_Gmag e_BPmag e_RPmag e_BP-RP SkyCoord.ra SkyCoord.dec SkyCoord.distance SkyCoord.pm_ra_cosdec SkyCoord.pm_dec rmRA rmDE e_rmRA e_rmDE rRV e_rRV v_pec v_pec3d e_vpec e_vpec3d
[from data line 885]
154.79438965822 -56.1885104633 0.047 0.0438 14.1961 "" "" 5354912521127304832 2136.82129 0.4461 0.0526 -3.488 2.037 0.062 0.052 1.001 5428.8 4.6581 16.881134 1.34092 17.483288 16.142368 "" "" 1926.5957 2455.74512 3330.37497 1.9388 1387.1 6.3388 2768.3 8.7714 "" "" 0.0028268887600040207 0.0056923395 0.005110627 0.010802967 154.79438965822 -56.1885104633 2136.82129 -3.4879999999999995 2.037 2.406038677215576 -1.4329616432189942 0.13400292 0.124002926 "" "" 28.364234775457064 "" 3.7287099172870053 ""
154.33308558992 -56.53597628339 0.0519 0.0556 16.2815 "" "" 5354878161387883904 2475.78638 0.4093 0.0637 -5.149 2.57 0.07 0.065 1.007 9087.3 4.4694 16.881805 1.567923 17.614449 16.046526 "" "" 2095.1604 2962.58057 3328.31353 2.0628 1229.2 6.6821 3023.8 6.9948 "" "" 0.0028362999970560554 0.006528487 0.004537813 0.0110663 154.33308558992 -56.53597628339 2475.78638 -5.149000000000001 2.5700000000000025 0.7450386772155762 -0.8999616432189943 0.14200293 0.13700292 "" "" 13.71071169398864 "" 1.9065822250684077 ""
154.52742837603 -56.37239172329 0.0451 0.0479 9.008 "" "" 5354904274789973632 2175.40186 0.4422 0.0532 -10.781 4.38 0.062 0.061 1.003 4996.5 4.3626 16.88455 1.607727 17.637934 16.030207 "" "" 1941.67322 2438.00195 3319.91019 1.8201 1202.9 6.5352 3069.6 6.108 "" "" 0.0028188830880670076 0.0065252804 0.0043532993 0.01087858 154.52742837603 -56.37239172329 2175.40186 -10.781 4.38 -4.886961322784424 0.9100383567810058 0.13400292 0.13300292 "" "" 51.25770271089825 "" 6.866970339887863 ""
154.77850679932 -56.49140177703 0.0459 0.0433 3.9851 "" "" 5354890221657458688 2052.63232 0.4663 0.054 -6.896 1.3 0.062 0.056 1.024 6125.8 4.4687 16.884998 1.506603 17.57674 16.070137 "" "" 1832.01624 2357.62305 3318.54476 1.9556 1272.7 8.3154 2958.7 6.6324 "" "" 0.0028286316287239933 0.0076228357 0.00449526 0.0121180955 154.77850679932 -56.49140177703 2052.63232 -6.8960000000000035 1.3000000000000005 -1.0019613227844237 -2.1699616432189943 0.13400292 0.12800293 "" "" 23.25459037917845 "" 3.0016455656308336 ""
155.04098478624 -56.37012397893 0.0433 0.0436 9.2237 "" "" 5354895444337772672 1875.54675 0.5125 0.0517 -14.589 9.139 0.059 0.055 1.001 5370.2 4.5774 16.888586 1.494942 17.566772 16.07183 "" "" 1707.12329 2067.58838 3307.59565 1.8823 1284.4 6.2667 2954.1 10.031 "" "" 0.002823749121364854 0.005987279 0.0052797566 0.011267036 155.04098478624 -56.37012397893 1875.54675 -14.589 9.139 -8.694961322784424 5.669038356781005 0.13100293 0.12700292 "" "" 92.2774156711336 "" 11.97969999970548 ""
154.68315704962 -56.63543256722 0.0488 0.0443 13.0384 "" "" 5354864383132946816 2005.37292 0.4829 0.0587 -7.087 2.964 0.067 0.061 1.002 6106.3 4.4775 16.889742 1.494251 17.573824 16.079573 "" "" 1795.74255 2249.27563 3304.07693 1.9813 1276.1 6.5346 2933.1 7.5991 "" "" 0.0028311967652522624 0.0062206383 0.004711298 0.010931936 154.68315704962 -56.63543256722 2005.37292 -7.086999999999994 2.9640000000000004 -1.1929613227844236 -0.5059616432189942 0.13900292 0.13300292 "" "" 12.31739132517298 "" 1.701093641324798 ""
154.83304730508 -56.21964559645 0.045 0.0441 12.4403 "" "" 5354900323420395904 2447.5979 0.3789 0.0512 -8.208 -1.788 0.059 0.053 0.982 5626.7 4.5089 16.890059 1.378714 17.467367 16.088654 "" "" 2193.0564 2803.01147 3303.11236 2.1453 1407.6 8.0305 2908.7 10.046 "" "" 0.0028441242884771362 0.0067936433 0.00532404 0.012117684 154.83304730508 -56.21964559645 2447.5979 -8.208000000000002 -1.7880000000000003 -2.313961322784424 -5.257961643218994 0.13100293 0.12500292 "" "" 66.64678198621168 "" 8.397218359358181 ""
154.93888033239 -56.30571684073 0.0471 0.0472 8.8645 "" "" 5354898914671109888 2700.43579 0.3762 0.0564 -6.929 3.935 0.068 0.055 1.033 "" "" 16.890871 1.648235 17.672123 16.023888 "" "" 2335.44849 3132.3916 3300.64045 1.9021 1165.6 9.1129 3087.5 9.5498 "" "" 0.0028254694699249203 0.008935313 0.005055838 0.013991151 154.93888033239 -56.30571684073 2700.43579 -6.929000000000001 3.9350000000000005 -1.034961322784424 0.4650383567810059 0.14000294 0.12700292 "" "" 14.52345341565109 "" 2.0028544770568266 ""
154.59479283001 -56.35398395082 0.045 0.0435 7.5244 "" "" 5354903999912305536 2576.09766 0.3769 0.0516 -8.865 4.923 0.06 0.054 0.953 "" "" 16.891542 1.602942 17.644243 16.041302 "" "" 2276.65918 2929.62915 3298.60113 1.737 1196.0 6.29 3038.3 5.8551 "" "" 0.002814013082863215 0.0063553364 0.004319899 0.010675235 154.59479283001 -56.35398395082 2576.09766 -8.865 4.923 -2.970961322784424 1.453038356781006 0.13200292 0.12600292 "" "" 40.3839008866332 "" 5.284886959502893 ""
154.69833184973 -56.34904047156 0.0437 0.0418 5.3298 "" "" 5354903828113633152 1940.51965 0.4943 0.0492 -9.024 6.769 0.057 0.049 0.997 5582.3 4.5986 16.892733 1.4209 17.542868 16.121967 "" "" 1785.06238 2103.00122 3294.98492 1.9231 1313.0 6.6599 2820.8 7.1438 "" "" 0.0028272503886855316 0.0061736377 0.004673803 0.010847441 154.69833184973 -56.34904047156 1940.51965 -9.024 6.768999999999998 -3.129961322784423 3.299038356781006 0.12900293 0.12100293 "" "" 41.82875413879948 "" 5.222595746624522 ""
155.14484880817 -56.37761634978 0.0429 0.044 12.3942 "" "" 5354894928935815552 2067.18774 0.4616 0.0512 -9.758 4.134 0.059 0.057 0.989 5473.9 4.6194 16.894764 1.333046 17.48686 16.153814 "" "" 1868.65173 2281.47388 3288.8308 1.8501 1382.5 6.4824 2739.3 7.8965 "" "" 0.0028222030130615875 0.005805373 0.0049070865 0.01071246 155.14484880817 -56.37761634978 2067.18774 -9.758 4.134000000000002 -3.863961322784423 0.6640383567810062 0.13100293 0.12900293 "" "" 38.41593063002052 "" 5.030411872540689 ""
155.10284162172 -56.27050085461 0.0504 0.0508 14.145 "" "" 5354897712080553472 2508.5166 0.3875 0.0623 -3.083 0.939 0.069 0.059 1.038 5378.7 4.6938 16.895824 1.32922 17.469612 16.140392 "" "" 2186.42505 2921.0415 3285.61597 2.0985 1404.7 10.299 2773.3 12.683 "" "" 0.0028412436084574158 0.00843524 0.0062400624 0.014675302 155.10284162172 -56.27050085461 2508.5166 -3.0830000000000006 0.938999999999999 2.811038677215576 -2.530961643218994 0.14100292 0.13100293 "" "" 44.97594672915208 "" 6.144447841883141 ""
154.37024461531 -56.54587362666 0.0471 0.046 15.4347 "" "" 5354878122717422208 2138.19531 0.4379 0.0551 -7.824 0.514 0.064 0.057 1.009 6345.5 4.3206 16.895908 1.887999 17.830265 15.942266 "" "" 1915.99072 2403.66138 3285.3636 1.9003 1007.7 10.413 3328.5 8.2467 "" "" 0.0028259829445539007 0.011561123 0.00463896 0.016200082 154.37024461531 -56.54587362666 2138.19531 -7.824000000000002 0.5140000000000005 -1.9299613227844237 -2.955961643218994 0.13600293 0.12900293 "" "" 35.77895088684185 "" 4.691845116973601 ""
154.70492670776 -56.50313160034 0.0493 0.0481 5.3309 "" "" 5354867509869169536 2563.18384 0.3564 0.0568 -8.199 4.749 0.064 0.058 1.092 5181.8 4.3853 16.897068 1.401888 17.529224 16.127337 "" "" 2235.85889 2971.25024 3281.85786 1.763 1329.6 6.6183 2806.9 10.206 "" "" 0.0028163759088143375 0.006082178 0.005465226 0.011547403 154.70492670776 -56.50313160034 2563.18384 -8.199000000000003 4.748999999999997 -2.3049613227844237 1.2790383567810055 0.13600293 0.13000292 "" "" 32.02672722162848 "" 4.311259567360941 ""
154.70570872114 -56.39228188138 0.0443 0.0417 3.1917 "" "" 5354891939644144128 2609.63672 0.3664 0.0495 -5.873 3.405 0.061 0.051 0.958 5512.8 4.519 16.897137 1.310778 17.451462 16.140684 "" "" 2314.20093 3066.99805 3281.64592 1.9085 1428.3 9.7352 2772.6 9.6061 "" "" 0.002826745893874585 0.0079088295 0.0053323647 0.013241194 154.70570872114 -56.39228188138 2609.63672 -5.8729999999999976 3.4049999999999994 0.02103867721557595 -0.06496164321899434 0.13300292 0.123002924 "" "" 0.8446453330797586 "" 0.10472493951588145 ""
154.76403371168 -56.45060474001 0.0451 0.0421 1.6418 "" "" 5354890427815895424 1924.12109 0.4961 0.0509 -7.761 5.189 0.061 0.051 1.008 5279.9 4.3847 16.897717 1.362997 17.479382 16.116385 "" "" 1760.68909 2091.64844 3279.89482 1.8112 1392.1 8.233 2835.3 10.427 "" "" 0.0028197976067058064 0.0070011467 0.005497881 0.012499028 154.76403371168 -56.45060474001 1924.12109 -7.761 5.189 -1.866961322784424 1.719038356781006 0.13300292 0.123002924 "" "" 23.145958393365532 "" 2.974518769799964 ""
154.78569109108 -56.32499833974 0.0448 0.0422 6.002 "" "" 5354893657632195968 2234.29565 0.44 0.0506 -4.628 5.161 0.06 0.052 1.038 5651.3 4.5885 16.897924 1.38851 17.527853 16.139343 "" "" 1990.47852 2500.62231 3279.26879 1.8552 1331.3 5.7245 2776.0 8.781 "" "" 0.002822955903876598 0.0054388233 0.0051067327 0.0105455555 154.78569109108 -56.32499833974 2234.29565 -4.627999999999999 5.161000000000003 1.266038677215576 1.6910383567810054 0.13200292 0.124002926 "" "" 22.372080655466828 "" 2.839787737695555 ""
154.73074461991 -56.33708705409 0.0453 0.0463 5.5381 "" "" 5354893588911607936 2292.79712 0.4154 0.0535 -9.759 5.783 0.058 0.05 1.02 5786.4 4.6038 16.899431 1.321238 17.486486 16.165249 "" "" 2070.19092 2659.12915 3274.71877 1.8946 1383.0 7.2382 2710.6 8.3648 "" "" 0.0028260166166619834 0.0063304706 0.0050507253 0.011381196 154.73074461991 -56.33708705409 2292.79712 -9.758999999999999 5.782999999999995 -3.864961322784424 2.313038356781006 0.13000292 0.12200293 "" "" 48.95131499998557 "" 6.262920359294326 ""
154.70952076778 -56.31598891545 0.0436 0.0419 6.9647 "" "" 5354905443022451712 2580.3501 0.3758 0.0484 -5.803 3.509 0.057 0.049 1.0 6294.8 4.5726 16.901407 1.345085 17.501291 16.156206 "" "" 2321.18262 2967.12231 3268.76882 1.9519 1364.3 5.9094 2733.2 7.0392 "" "" 0.0028305695838455208 0.005468227 0.004701356 0.010169582 154.70952076778 -56.31598891545 2580.3501 -5.803 3.5090000000000003 0.09103867721557624 0.039038356781005756 0.12900293 0.12100293 "" "" 1.2115364916857838 "" 0.15482616661491277 ""
154.92098963989 -56.26816757922 0.0445 0.0438 10.4909 "" "" 5354899219598339456 2100.94995 0.4652 0.0528 -5.932 2.509 0.059 0.051 1.026 5565.0 4.5707 16.901728 1.417345 17.549604 16.13226 "" "" 1896.28748 2365.9126 3267.80272 1.7955 1304.9 6.3031 2794.2 10.313 "" "" 0.002819161725627059 0.0059404937 0.0055083735 0.011448868 154.92098963989 -56.26816757922 2100.94995 -5.932000000000002 2.5090000000000017 -0.03796132278442421 -0.9609616432189942 0.13100293 0.123002924 "" "" 9.57720317415703 "" 1.1781472475777393 ""
155.13981060919 -56.31461244771 0.0451 0.0431 13.6245 "" "" 5354896784367609088 2299.04614 0.4215 0.0529 -2.714 3.095 0.06 0.052 0.966 5545.0 4.6069 16.903112 1.436085 17.559404 16.12332 "" "" 2044.47888 2554.9624 3263.63482 1.8197 1293.2 6.9259 2817.3 6.758 "" "" 0.0028210397046229047 0.0064495704 0.004589845 0.011039415 155.13981060919 -56.31461244771 2299.04614 -2.7139999999999995 3.095 3.180038677215576 -0.37496164321899395 0.13200292 0.124002926 "" "" 34.89447250990064 "" 4.602458873174472 ""
154.75907501351 -56.23870591526 0.0483 0.0479 11.2028 "" "" 5354911971371457792 2403.65381 0.3925 0.0548 -3.75 2.786 0.065 0.059 1.141 "" "" 16.90488 1.328546 17.235373 15.906827 "" "" 2154.65601 2760.72144 3258.32495 2.6854 1742.9 225.53 3439.0 224.41 "" "" 0.002896981884950233 0.14052118 0.07094983 0.21147102 154.75907501351 -56.23870591526 2403.65381 -3.7499999999999996 2.786000000000002 2.144038677215576 -0.6839616432189941 0.13700292 0.13100293 "" "" 25.640550961057635 "" 3.4989040217430505 ""
154.4895179869 -56.25509626276 0.0481 0.0503 14.0791 "" "" 5354908260519833472 1883.72803 0.5062 0.0548 -4.135 -1.535 0.065 0.065 0.945 6873.8 4.3425 16.904972 1.744883 17.74639 16.001507 "" "" 1713.45996 2095.53149 3258.05103 1.9797 1088.6 5.3093 3151.8 8.6421 "" "" 0.0028332017651940145 0.0059854486 0.0048110816 0.01079653 154.4895179869 -56.25509626276 1883.72803 -4.135 -1.5350000000000001 1.7590386772155764 -5.004961643218994 0.13700292 0.13700292 "" "" 47.36836103125506 "" 6.489603546873816 ""
154.89408726126 -56.28132625316 0.0463 0.0444 9.398 "" "" 5354899189549017216 2545.15454 0.3717 0.0507 -5.952 2.383 0.062 0.055 0.927 "" "" 16.906666 1.532705 17.614983 16.082277 "" "" 2184.28125 2992.82568 3252.97332 1.9766 1228.6 6.3928 2925.8 6.5247 "" "" 0.0028332006312802513 0.006300885 0.0044884514 0.010789337 154.89408726126 -56.28132625316 2545.15454 -5.952 2.3829999999999982 -0.057961322784423785 -1.0869616432189941 0.13400292 0.12700292 "" "" 13.13177076619133 "" 1.668041091915009 ""
155.24827358271 -56.51088602009 0.047 0.046 16.306 "" "" 5354840331314945536 2548.18872 0.3732 0.0587 -4.654 2.783 0.067 0.057 1.072 "" "" 16.909216 1.829299 17.792 15.962701 "" "" 2245.40479 2882.99951 3245.33906 2.0656 1043.8 8.7876 3266.5 11.616 "" "" 0.002840658659892124 0.009557018 0.0054028644 0.014959883 155.24827358271 -56.51088602009 2548.18872 -4.654000000000002 2.7829999999999986 1.2400386772155763 -0.6869616432189942 0.13900292 0.12900293 "" "" 17.122456125736488 "" 2.34098826702016 ""
154.47858202895 -56.53077506566 0.0459 0.0453 11.8756 "" "" 5354877645991829376 2064.62427 0.4636 0.0542 -8.393 3.132 0.061 0.057 0.972 5389.1 4.3644 16.909996 1.685785 17.724443 16.038658 "" "" 1871.68384 2357.04346 3243.01236 1.7968 1110.8 6.8256 3045.8 9.7492 "" "" 0.002820223037315455 0.007231538 0.0051343367 0.012365875 154.47858202895 -56.53077506566 2064.62427 -8.393 3.1319999999999992 -2.4989613227844245 -0.337961643218994 0.13300292 0.12900293 "" "" 24.67826720314976 "" 3.2805348047074245 ""
154.58876436623 -56.21586870564 0.0471 0.0467 14.0921 "" "" 5354907298447013504 2400.94458 0.3885 0.0518 -3.683 1.37 0.062 0.057 0.997 8495.7 4.44 16.912638 1.739639 17.747908 16.008268 "" "" 2098.03027 2757.63867 3235.13088 1.914 1087.1 5.7865 3132.2 8.2202 "" "" 0.002829206243276789 0.0064175287 0.0047331755 0.011150705 154.58876436623 -56.21586870564 2400.94458 -3.683 1.3699999999999999 2.2110386772155763 -2.099961643218994 0.13400292 0.12900293 "" "" 34.70305010916045 "" 4.56884206507816 ""
155.03521289379 -56.59920569851 0.046 0.0454 13.4085 "" "" 5354838750766825472 1946.4668 0.4795 0.0547 -9.832 3.801 0.061 0.057 1.021 6010.5 4.4889 16.912771 1.288097 17.474144 16.186047 "" "" 1757.75916 2178.52466 3234.73363 1.8024 1398.8 11.664 2659.1 11.629 "" "" 0.0028209543365482043 0.009473689 0.006068726 0.015542415 155.03521289379 -56.59920569851 1946.4668 -9.832 3.801000000000001 -3.9379613227844246 0.331038356781006 0.13300292 0.12900293 "" "" 36.460775044726326 "" 4.848381512422607 ""
154.42694513211 -56.2595913202 0.0582 0.0556 15.4117 "" "" 5354908397958600064 2629.43359 0.387 0.0653 -7.809 5.788 0.074 0.071 1.277 "" "" 16.91499 1.621277 17.662642 16.041365 "" "" 2218.5127 3226.49707 3228.1284 2.9283 1175.9 5.619 3038.2 6.9495 "" "" 0.0029260559890088226 0.00589084 0.004522325 0.010413165 154.42694513211 -56.2595913202 2629.43359 -7.808999999999998 5.7879999999999985 -1.914961322784424 2.318038356781006 0.14600292 0.14300293 "" "" 37.47432852040165 "" 5.404822927917726 ""
154.70898588558 -56.33914944505 0.0445 0.0426 5.6869 "" "" 5354905301271932672 2690.06372 0.358 0.0499 -6.769 5.534 0.058 0.051 0.972 6078.8 4.4764 16.91667 1.423073 17.55387 16.130796 "" "" 2368.19141 3012.77026 3223.13508 1.7612 1299.8 6.5098 2797.9 8.542 "" "" 0.002818468030401209 0.0061117634 0.005027061 0.011138825 154.70898588558 -56.33914944505 2690.06372 -6.769 5.5340000000000025 -0.874961322784424 2.0640383567810057 0.13000292 0.123002924 "" "" 28.585382874694435 "" 3.547294331831963 ""
154.83304019465 -56.20863114138 0.0479 0.0463 13.0951 "" "" 5354900701370571648 1967.30566 0.4871 0.0551 -9.322 6.025 0.065 0.056 1.061 5162.7 4.5699 16.91767 1.40748 17.502048 16.094568 "" "" 1777.52441 2230.26733 3220.17395 2.1165 1363.3 8.7152 2892.9 20.207 "" "" 0.002846231550351231 0.0074806353 0.0084734475 0.015954083 154.83304019465 -56.20863114138 1967.30566 -9.322000000000001 6.025 -3.427961322784423 2.555038356781006 0.13700292 0.12800293 "" "" 39.868331500258094 "" 5.336700603628271 ""
