Clusters/NGC_2129/NGC_2129_stars_in_region.tsv
# %ECSV 1.0
# ---
# datatype:
# - name: RA_ICRS_1
#   unit: deg
#   datatype: float64
#   format: '{:15.11f}'
#   description: Right ascension (ICRS) at Ep=2016.0 (ra)
#   meta: !!omap
#   - {ucd: POS_EQ_RA_MAIN}
#   - {width: 15}
#   - {precision: '11'}
# - name: DE_ICRS_1
#   unit: deg
#   datatype: float64
#   format: '{:15.11f}'
#   description: Declination (ICRS) at Ep=2016.0 (dec)
#   meta: !!omap
#   - {ucd: POS_EQ_DEC_MAIN}
#   - {width: 15}
#   - {precision: '11'}
# - name: e_RA_ICRS
#   unit: mas
#   datatype: float64
#   format: '{:7.4f}'
#   description: Standard error of right ascension (ra_error)
#   meta: !!omap
#   - {ucd: ERROR}
#   - {width: 7}
#   - {precision: '4'}
# - name: e_DE_ICRS
#   unit: mas
#   datatype: float64
#   format: '{:7.4f}'
#   description: Standard error of declination (dec_error)
#   meta: !!omap
#   - {ucd: ERROR}
#   - {width: 7}
#   - {precision: '4'}
# - name: _r_1
#   unit: ''
#   datatype: float64
#   format: '{:7.4f}'
#   description: Distance from center (090.27620744000+23.33599446000)[ICRS], at Epoch=J2016.0
#   meta: !!omap
#   - {ucd: POS_ANG_DIST_GENERAL}
#   - {width: 7}
#   - {precision: '4'}
# - name: HIP
#   datatype: int32
#   description: '? HIP cross-id number, van Leeuwen, Cat. I/311 (hip_original_ext_source_id)'
#   meta: !!omap
#   - {ucd: ID_NUMBER}
#   - {width: 6}
#   - values: {'null': -2147483648}
# - name: TYC2
#   datatype: string
#   description: Tycho-2 cross-id name, Hog et al., Cat. I/259 (tyc2_original_ext_source_id)
#   meta: !!omap
#   - {ucd: ID_CROSSID}
#   - {_votable_string_dtype: char}
# - name: Source
#   datatype: int64
#   description: Source identifier, identical to the Gaia-EDR3 source_id (id)
#   meta: !!omap
#   - {ucd: ID_MAIN}
#   - {width: 19}
# - name: rgeo
#   unit: pc
#   datatype: float64
#   format: '{:15.8f}'
#   description: '? Median of the geometric distance posterior (r_med_geo)'
#   meta: !!omap
#   - {ucd: PHYS_DISTANCE_TRUE}
#   - {width: 15}
#   - {precision: '8'}
#   - values: {'null': .nan}
# - name: Plx
#   unit: mas
#   datatype: float64
#   format: '{:9.4f}'
#   description: '? Parallax (parallax)'
#   meta: !!omap
#   - {ucd: POS_PARLX_TRIG}
#   - {width: 9}
#   - {precision: '4'}
#   - values: {'null': .nan}
# - name: e_Plx
#   unit: mas
#   datatype: float32
#   format: '{:7.4f}'
#   description: '? Standard error of parallax (parallax_error)'
#   meta: !!omap
#   - {ucd: ERROR}
#   - {width: 7}
#   - {precision: '4'}
#   - values: {'null': .nan}
# - name: pmRA
#   unit: mas / yr
#   datatype: float64
#   format: '{:9.3f}'
#   description: '? Proper motion in right ascension direction, pmRA*cosDE (pmra)'
#   meta: !!omap
#   - {ucd: POS_EQ_PMRA}
#   - {width: 9}
#   - {precision: '3'}
#   - values: {'null': .nan}
# - name: pmDE
#   unit: mas / yr
#   datatype: float64
#   format: '{:9.3f}'
#   description: '? Proper motion in declination direction (pmdec)'
#   meta: !!omap
#   - {ucd: POS_EQ_PMDEC}
#   - {width: 9}
#   - {precision: '3'}
#   - values: {'null': .nan}
# - name: e_pmRA
#   unit: mas / yr
#   datatype: float32
#   format: '{:6.3f}'
#   description: '? Standard error of proper motion in right ascension direction (pmra_error)'
#   meta: !!omap
#   - {ucd: ERROR}
#   - {width: 6}
#   - {precision: '3'}
#   - values: {'null': .nan}
# - name: e_pmDE
[...]
#         unit: &id001 !astropy.units.Unit {unit: deg}
#         value: !astropy.table.SerializedColumn {name: SkyCoord.dec}
#       distance: !astropy.table.SerializedColumn
#         __class__: astropy.coordinates.distances.Distance
#         unit: !astropy.units.Unit {unit: pc}
#         value: !astropy.table.SerializedColumn {name: SkyCoord.distance}
#       frame: icrs
#       obstime: !astropy.time.Time {format: jyear_str, in_subfmt: '*', jd1: 367701545.0, jd2: 0.0, out_subfmt: '*', precision: 3, scale: tt}
#       pm_dec: !astropy.table.SerializedColumn
#         __class__: astropy.units.quantity.Quantity
#         unit: !astropy.units.Unit {unit: mas / yr}
#         value: !astropy.table.SerializedColumn {name: SkyCoord.pm_dec}
#       pm_ra_cosdec: !astropy.table.SerializedColumn
#         __class__: astropy.units.quantity.Quantity
#         unit: !astropy.units.Unit {unit: mas / yr}
#         value: !astropy.table.SerializedColumn {name: SkyCoord.pm_ra_cosdec}
#       ra: !astropy.table.SerializedColumn
#         __class__: astropy.coordinates.angles.Longitude
#         unit: *id001
#         value: !astropy.table.SerializedColumn {name: SkyCoord.ra}
#         wrap_angle: !astropy.coordinates.Angle
#           unit: *id001
#           value: 360.0
#       representation_type: spherical
# schema: astropy-2.0
RA_ICRS_1 DE_ICRS_1 e_RA_ICRS e_DE_ICRS _r_1 HIP TYC2 Source rgeo Plx e_Plx pmRA pmDE e_pmRA e_pmDE RUWE Teff logg Gmag BP-RP BPmag RPmag RV e_RV b_rgeo B_rgeo FG e_FG FBP e_FBP FRP e_FRP RAVE5 RAVE6 e_Gmag e_BPmag e_RPmag e_BP-RP SkyCoord.ra SkyCoord.dec SkyCoord.distance SkyCoord.pm_ra_cosdec SkyCoord.pm_dec
[from data line 410]
90.40679397237 23.14705427425 0.0603 0.0535 13.4293 "" "" 3424639181885799168 1761.87268 0.558 0.074 2.666 0.133 0.076 0.057 1.119 5614.5 4.6845 16.750143 1.515242 17.44996 15.934719 "" "" 1508.03577 2066.26587 3757.41714 2.6564 1430.3 10.239 3351.7 14.597 "" "" 0.0028602414671539413 0.0082580345 0.006053295 0.014311329 90.40679397237 23.14705427425 1761.87268 2.666 0.133
90.28395930141 23.30722336689 0.0932 0.073 1.7783 "" "" 3424656293035085568 2131.40503 0.4911 0.1051 0.803 -1.576 0.104 0.068 1.001 "" "" 16.752853 1.833611 17.182947 15.349336 "" "" 1742.8186 3220.34058 3748.05152 14.117 1829.1 318.88 5746.8 1091.3 "" "" 0.0049310346389120595 0.18930466 0.20621267 0.39551735 90.28395930141 23.30722336689 2131.40503 0.8029999999999999 -1.576
90.32650248363 23.60269454436 0.0756 0.0645 16.2397 "" "" 3424670651109662464 1978.23254 0.5029 0.085 1.951 -1.026 0.088 0.065 1.029 5379.1 4.6195 16.753786 1.657956 17.551151 15.893195 "" "" 1659.19885 2301.38989 3744.83465 3.1411 1303.0 13.387 3482.4 12.334 "" "" 0.002901922910538634 0.011498495 0.005391788 0.016890284 90.32650248363 23.60269454436 1978.23254 1.951 -1.026
90.19267574033 23.10272001272 0.0626 0.0523 14.7348 "" "" 3424547303945426688 1850.06213 0.5241 0.0723 -1.676 -3.805 0.085 0.054 0.992 6132.7 4.4353 16.762047 1.728513 17.594305 15.865792 "" "" 1621.75366 2151.64185 3716.44795 2.9319 1252.3 14.366 3571.4 13.107 "" "" 0.002885384314074637 0.012763927 0.005491911 0.018255837 90.19267574033 23.10272001272 1850.06213 -1.6759999999999997 -3.8049999999999997
90.50361483465 23.45667904487 0.0658 0.0555 14.4654 "" "" 3424653093283230080 1922.21777 0.5134 0.0673 0.706 -3.545 0.08 0.057 1.009 5914.2 4.5768 16.769157 1.469524 17.431505 15.961981 "" "" 1694.84277 2232.39062 3692.18634 2.5418 1454.8 10.41 3268.6 11.002 "" "" 0.0028549029210337565 0.008254953 0.005257326 0.013512279 90.50361483465 23.45667904487 1922.21777 0.706 -3.5449999999999995
90.24416480199 23.65900285693 0.0666 0.0557 19.4605 "" "" 3424859114273196672 1750.48682 0.55 0.0721 -3.822 1.218 0.083 0.06 1.008 5610.0 4.6353 16.76981 1.534225 17.477339 15.943114 "" "" 1586.68958 1947.22351 3689.97222 2.6832 1394.7 14.214 3325.9 11.446 "" "" 0.0028662005622111407 0.011411573 0.0053146407 0.016726214 90.24416480199 23.65900285693 1750.48682 -3.822 1.218
90.26868811327 23.22286155306 0.0552 0.0466 6.8006 "" "" 3424642239902107520 1930.48279 0.4972 0.0656 0.301 -2.8 0.07 0.047 1.026 9377.6 4.1994 16.776926 1.69373 17.580563 15.886832 "" "" 1699.30383 2250.39771 3665.86601 2.8095 1268.2 8.3906 3502.9 14.661 "" "" 0.002878225793010024 0.007706242 0.005910477 0.013616719 90.26868811327 23.22286155306 1930.48279 0.301 -2.8
89.94001777233 23.39770031662 0.0648 0.0559 18.8835 "" "" 3424848187877695232 2169.98584 0.4682 0.0749 -0.277 -0.854 0.097 0.064 0.961 9109.8 4.4763 16.779894 1.527622 17.48501 15.957388 "" "" 1848.33948 2570.41187 3655.85977 3.0099 1384.9 12.156 3282.5 10.959 "" "" 0.0028966944930484875 0.00993013 0.0052367253 0.015166855 89.94001777233 23.39770031662 2169.98584 -0.27699999999999997 -0.8539999999999999
90.17298277726 23.57557390487 0.0625 0.054 15.4569 "" "" 3424857224487494784 1612.87427 0.6142 0.0716 1.194 -2.355 0.083 0.057 1.046 5789.7 4.6174 16.784204 1.444838 17.433174 15.988337 "" "" 1421.47595 1847.79858 3641.37269 2.5252 1452.6 8.3136 3190.2 9.2712 "" "" 0.002856342745154774 0.0068116193 0.004923385 0.011735004 90.17298277726 23.57557390487 1612.87427 1.1939999999999997 -2.355
90.31785621214 23.07262769834 0.0598 0.05 15.968 "" "" 3424636978565036288 2006.3219 0.4729 0.0748 0.231 -2.216 0.08 0.051 0.943 5527.3 4.6321 16.804407 1.513873 17.492645 15.978772 "" "" 1763.54797 2406.37402 3574.2426 2.4925 1375.2 11.59 3218.5 16.756 "" "" 0.002857454892010127 0.009566377 0.0067996006 0.016365977 90.31785621214 23.07262769834 2006.3219 0.23099999999999998 -2.216
90.3939730213 23.44542163401 0.0582 0.0492 9.2285 "" "" 3424665359709810944 1838.83911 0.5329 0.0661 -3.304 -1.886 0.075 0.054 0.988 5463.0 4.4578 16.805403 1.642515 17.582327 15.939812 "" "" 1641.41821 2057.87354 3570.96654 2.4624 1266.2 15.316 3336.1 11.682 "" "" 0.002855225641177848 0.013426223 0.00536081 0.018787034 90.3939730213 23.44542163401 1838.83911 -3.304 -1.8860000000000001
90.3838411013 23.37314126065 0.0594 0.0496 6.334 "" "" 3424662683946400000 2100.94067 0.4665 0.0658 1.352 -3.611 0.083 0.059 1.003 8536.6 4.2338 16.81223 2.008816 17.824606 15.81579 "" "" 1819.45764 2400.34351 3548.58611 2.7109 1012.9 10.836 3739.7 12.636 "" "" 0.002877455843798816 0.011945624 0.0052670822 0.017212706 90.3838411013 23.37314126065 2100.94067 1.352 -3.6109999999999998
90.3873269479 23.35224983855 0.062 0.0526 6.1986 "" "" 3424662232973451008 1946.83289 0.4844 0.0663 0.808 -0.367 0.084 0.06 0.911 6078.2 4.4726 16.814198 1.584779 17.556358 15.97158 "" "" 1754.7572 2232.30908 3542.15926 3.0311 1296.8 14.411 3239.9 10.664 "" "" 0.002907746970367876 0.012383917 0.005201418 0.017585335 90.3873269479 23.35224983855 1946.83289 0.808 -0.36699999999999994
89.96836471903 23.15722649297 0.069 0.0534 20.0765 "" "" 3424561662020633728 1706.06409 0.5896 0.0759 0.599 -3.221 0.099 0.065 0.999 5359.6 4.3453 16.814398 1.649728 17.588444 15.938716 "" "" 1513.8512 1993.26013 3541.50105 3.2527 1259.0 14.179 3339.4 14.962 "" "" 0.002930220323135089 0.01254198 0.006160185 0.018702164 89.96836471903 23.15722649297 1706.06409 0.599 -3.221
90.33136101268 23.09686234266 0.0589 0.0492 14.6667 "" "" 3424637601337855872 1849.17566 0.5122 0.072 1.407 -2.479 0.075 0.05 0.998 6262.0 4.3921 16.815048 1.800306 17.689665 15.889359 "" "" 1687.04724 2115.28418 3539.37947 2.5257 1147.0 16.885 3494.7 11.497 "" "" 0.002862180116628986 0.016224846 0.005200209 0.021425055 90.33136101268 23.09686234266 1849.17566 1.407 -2.4790000000000005
90.41763697479 23.49086493469 0.0728 0.0618 12.1237 "" "" 3424665604524143360 1994.89197 0.4772 0.0782 0.956 -1.5 0.087 0.065 1.069 5730.8 4.6217 16.816042 1.628943 17.579319 15.950376 "" "" 1781.07288 2266.146 3536.14179 2.8724 1269.7 12.903 3303.8 9.4497 "" "" 0.0028930277213941066 0.01138084 0.004891597 0.016272437 90.41763697479 23.49086493469 1994.89197 0.9560000000000002 -1.5
90.14043220906 23.20686821036 0.0633 0.0541 10.7718 "" "" 3424654364593002112 1950.90454 0.4819 0.0773 -0.154 -0.518 0.083 0.052 0.996 8330.6 4.3001 16.816786 1.836844 17.71291 15.876066 "" "" 1718.22583 2265.33765 3533.72509 2.8567 1122.7 13.645 3537.8 16.135 "" "" 0.0028917438298926607 0.013487509 0.0062292614 0.019716771 90.14043220906 23.20686821036 1950.90454 -0.154 -0.5180000000000001
90.3648154526 23.46229730755 0.0644 0.0553 9.0131 "" "" 3424664157118989056 1488.73608 0.6503 0.0793 0.796 -3.858 0.083 0.059 1.0 5691.4 4.5133 16.818026 1.632256 17.577656 15.9454 "" "" 1320.99487 1626.81189 3529.68798 2.4116 1271.6 12.955 3318.9 8.2978 "" "" 0.0028534317947906855 0.011407902 0.0046532084 0.01606111 90.3648154526 23.46229730755 1488.73608 0.796 -3.857999999999999
90.67495609452 23.33885888667 0.0635 0.0545 21.9682 "" "" 3424647664444361344 1744.59741 0.5583 0.0703 0.902 -0.993 0.074 0.054 1.047 5351.7 4.6457 16.821491 1.439856 17.478367 16.038511 "" "" 1560.79456 1990.52283 3518.44324 2.8362 1393.4 14.464 3046.2 17.637 "" "" 0.0028909818423422115 0.011610579 0.0073348805 0.01894546 90.67495609452 23.33885888667 1744.59741 0.9020000000000002 -0.993
89.95285500355 23.23243493972 0.0636 0.0588 18.8732 "" "" 3424564312015067264 1688.14771 0.6092 0.0779 -0.751 -1.634 0.087 0.061 0.911 5395.0 4.5243 16.82507 1.626042 17.583258 15.957215 "" "" 1490.5824 1900.73083 3506.86136 2.9353 1265.1 13.876 3283.0 10.672 "" "" 0.0029013218352388023 0.012231181 0.005171102 0.017402284 89.95285500355 23.23243493972 1688.14771 -0.7509999999999999 -1.6339999999999995
90.36986666338 23.06865125572 0.0607 0.0538 16.8517 "" "" 3424636501826227072 1912.7782 0.4851 0.0729 0.449 -4.181 0.083 0.058 1.054 5100.9 3.5837 16.826633 2.700189 18.344936 15.644748 "" "" 1711.46436 2203.42822 3501.81909 2.6452 627.25 12.603 4377.8 11.207 "" "" 0.0028747908555316177 0.021992825 0.004691378 0.026684202 90.36986666338 23.06865125572 1912.7782 0.44899999999999995 -4.181
90.38974847656 23.28323226582 0.1364 0.1115 7.0118 "" "" 3424649966546684928 1466.32251 0.717 0.1605 4.316 0.029 0.167 0.131 2.492 7184.5 4.4902 16.829916 1.696007 17.548534 15.852528 "" "" 1164.8927 2128.65063 3491.24223 10.489 1306.2 9.0726 3615.3 12.928 "" "" 0.004269913511410689 0.008040914 0.0054182583 0.013459172 90.38974847656 23.28323226582 1466.32251 4.316000000000001 0.029000000000000005
90.58384206055 23.15042713528 0.0609 0.0524 20.2881 "" "" 3424597400443903104 2086.99316 0.486 0.063 1.586 -1.017 0.074 0.053 0.925 6352.1 4.3883 16.831696 1.666038 17.59918 15.933143 "" "" 1839.92139 2393.41187 3485.5267 2.445 1246.7 14.487 3356.6 14.195 "" "" 0.002858643883996696 0.0129213985 0.005946943 0.018868342 90.58384206055 23.15042713528 2086.99316 1.5859999999999999 -1.017
90.5767445697 23.36738799795 0.0685 0.0576 16.662 "" "" 3424651620110996224 1908.9447 0.5069 0.0714 -0.616 -3.616 0.085 0.058 0.98 5609.6 4.6115 16.84623 1.532877 17.55058 16.017702 "" "" 1675.80566 2204.48218 3439.17947 2.5005 1303.7 15.203 3105.1 12.116 "" "" 0.0028661715744077707 0.0129650235 0.0056772986 0.018642321 90.5767445697 23.36738799795 1908.9447 -0.6160000000000001 -3.6160000000000005
90.5818563078 23.15350085977 0.0612 0.0525 20.0954 "" "" 3424597396146663808 2082.15015 0.4691 0.0637 -0.318 -1.821 0.075 0.054 1.018 5522.9 4.3518 16.84848 1.712243 17.672438 15.960195 "" "" 1825.37354 2425.97852 3432.05752 2.915 1165.3 9.9437 3274.0 11.777 "" "" 0.0029055423486283494 0.009675792 0.005434788 0.01511058 90.5818563078 23.15350085977 2082.15015 -0.318 -1.821
90.05106479129 23.405093927 0.1356 0.1225 13.075 "" "" 3424847535041175296 1700.17957 0.6588 0.176 -1.253 -6.631 0.178 0.118 2.069 4993.2 4.7047 16.856236 1.544105 17.531721 15.987616 "" "" 1300.76721 2393.80835 3407.63216 5.9357 1326.6 16.23 3192.4 20.843 "" "" 0.0033419345774583914 0.013573082 0.0080332775 0.02160636 90.05106479129 23.405093927 1700.17957 -1.2530000000000001 -6.631
89.97829319696 23.28276293108 0.0647 0.0624 16.7238 "" "" 3424565132354250240 2029.99475 0.5045 0.0866 -0.861 -4.24 0.091 0.062 0.934 5771.3 4.6099 16.859606 1.683444 17.643375 15.959931 "" "" 1707.96179 2472.25488 3397.06704 2.8427 1196.9 22.966 3274.8 12.439 "" "" 0.002901251724927428 0.021019012 0.00559389 0.026612902 89.97829319696 23.28276293108 2029.99475 -0.8610000000000001 -4.24
90.53416437749 23.5684282006 0.0685 0.0596 19.9022 "" "" 3424690103017577728 2164.11597 0.4529 0.0784 1.831 -0.38 0.076 0.059 1.03 6961.6 4.3101 16.86175 1.950679 17.833923 15.883244 "" "" 1811.55725 2676.97949 3390.36961 2.4442 1004.3 10.558 3514.5 16.043 "" "" 0.002864343095991397 0.0117502 0.0062327655 0.017982965 90.53416437749 23.5684282006 2164.11597 1.8309999999999995 -0.38
90.32917501413 23.32324342783 0.0584 0.0502 3.0168 "" "" 3424656254378905856 1680.03552 0.5721 0.0675 0.354 -2.147 0.073 0.054 1.038 5737.5 4.6246 16.863976 1.503159 17.546816 16.043657 "" "" 1523.5199 1877.88281 3383.42243 2.8499 1308.2 13.806 3031.8 14.928 "" "" 0.002903128231733518 0.011793065 0.0065469826 0.018340047 90.32917501413 23.32324342783 1680.03552 0.354 -2.147
90.07218985388 23.14785498548 0.0655 0.0561 15.9354 "" "" 3424559948328292224 1690.23804 0.5919 0.0786 0.877 -7.346 0.085 0.054 0.974 5182.0 4.6717 16.86414 1.544075 17.581186 16.037111 "" "" 1472.46936 1933.14294 3382.91526 3.0998 1267.5 13.836 3050.1 13.253 "" "" 0.0029294296657163444 0.012175873 0.006044817 0.01822069 90.07218985388 23.14785498548 1690.23804 0.8770000000000001 -7.346000000000002
90.05899317818 23.0726114995 0.0734 0.056 19.8298 "" "" 3424557268268712832 2088.12085 0.4751 0.0791 -0.522 -1.733 0.103 0.065 1.002 9472.1 4.3299 16.86464 1.458387 17.528723 16.070335 "" "" 1760.7063 2421.99243 3381.35444 2.8495 1330.2 11.694 2958.2 16.71 "" "" 0.002903263983194151 0.009944335 0.007203989 0.017148323 90.05899317818 23.0726114995 2088.12085 -0.522 -1.7330000000000003
89.97172771355 23.47926104312 0.0616 0.0535 18.8405 "" "" 3424851937386240640 1823.85095 0.5389 0.0714 0.092 -3.833 0.086 0.059 0.949 5332.9 4.6486 16.880554 1.563059 17.61511 16.052052 "" "" 1637.41443 2059.39355 3332.15511 2.8401 1228.5 8.0779 3008.4 9.5957 "" "" 0.0029065731255498006 0.0076650353 0.0051260907 0.012791126 89.97172771355 23.47926104312 1823.85095 0.092 -3.833
90.34673772901 23.38218772376 0.061 0.0495 4.7723 "" "" 3424662542211159680 1470.81287 0.6541 0.0709 -0.827 -10.349 0.082 0.059 0.927 5019.1 4.6561 16.892523 1.549509 17.612392 16.062883 "" "" 1324.02747 1636.02197 3295.62584 2.7195 1231.6 10.301 2978.5 9.1494 "" "" 0.0028973237928856858 0.009499986 0.005040551 0.014540536 90.34673772901 23.38218772376 1470.81287 -0.8269999999999998 -10.349000000000004
90.16118102739 23.54449895666 0.0655 0.0563 14.0215 "" "" 3424856056256365056 1846.32104 0.5427 0.0728 0.823 -0.225 0.088 0.058 0.994 5423.8 4.6755 16.896986 1.481087 17.576563 16.095476 "" "" 1606.07178 2043.48413 3282.10437 2.6042 1272.9 14.161 2890.5 12.298 "" "" 0.0028868565365968413 0.012396877 0.005968468 0.018365344 90.16118102739 23.54449895666 1846.32104 0.8229999999999998 -0.22499999999999998
90.31225283173 23.65075533615 0.0777 0.0651 18.9895 "" "" 3424858736316066048 2152.95947 0.4606 0.087 1.823 0.013 0.094 0.068 0.959 5780.5 4.6203 16.898756 1.577784 17.63095 16.053167 "" "" 1850.34265 2556.99414 3276.75586 3.001 1210.7 15.564 3005.3 9.594 "" "" 0.002929258069164926 0.014233694 0.00512809 0.019361785 90.31225283173 23.65075533615 2152.95947 1.8229999999999997 0.013
90.45412955392 23.27331977213 0.066 0.0564 10.5008 "" "" 3424649077490407168 2060.60767 0.4812 0.0748 0.893 -4.493 0.084 0.062 0.982 5632.7 4.607 16.907143 1.576946 17.630316 16.05337 "" "" 1814.22241 2438.50732 3251.5463 2.4396 1211.4 18.826 3004.8 14.018 "" "" 0.0028732192408230557 0.017102236 0.006319791 0.023422027 90.45412955392 23.27331977213 2060.60767 0.8929999999999999 -4.493
90.07844896995 23.38164620078 0.0668 0.0603 11.2321 "" "" 3424659797728414976 1714.15686 0.5796 0.0822 0.735 -2.175 0.088 0.059 1.029 5024.6 4.5613 16.9113 1.493401 17.590406 16.097006 "" "" 1468.64307 2021.2196 3239.11769 2.4535 1256.8 13.859 2886.4 11.503 "" "" 0.0028754361092614184 0.012293462 0.005745082 0.018038545 90.07844896995 23.38164620078 1714.15686 0.735 -2.175
90.50733656364 23.13834191668 0.064 0.056 17.4074 "" "" 3424638559113184256 1459.729 0.6783 0.0709 0.894 -3.895 0.078 0.059 1.032 5704.8 4.6277 16.917568 1.612236 17.663837 16.051601 "" "" 1294.6936 1686.46106 3220.47314 3.0918 1174.6 10.516 3009.7 14.689 "" "" 0.0029458946194213715 0.010112939 0.006508691 0.01662163 90.50733656364 23.13834191668 1459.729 0.894 -3.8949999999999996
90.11638931307 23.64978066662 0.0702 0.0593 20.7798 "" "" 3424860900979579776 2081.40747 0.4901 0.0791 -1.196 -2.345 0.095 0.063 1.122 5198.2 4.5278 16.921137 1.550377 17.632217 16.08184 "" "" 1811.255 2512.14868 3209.90645 2.2634 1209.3 14.153 2927.0 13.221 "" "" 0.002859704425191885 0.013009599 0.006191498 0.019201098 90.11638931307 23.64978066662 2081.40747 -1.196 -2.345
90.29800482134 23.38170182809 0.1404 0.1203 2.9938 "" "" 3424663233702221440 1995.8905 0.5863 0.1593 1.265 -1.344 0.178 0.129 2.033 "" "" 16.936695 1.77336 17.63833 15.86497 "" "" 1538.94165 3319.25513 3164.23609 7.163 1202.5 11.323 3574.1 14.181 "" "" 0.0036922455307102564 0.010597431 0.0057307617 0.016328193 90.29800482134 23.38170182809 1995.8905 1.265 -1.3440000000000003
