Clusters/NGC_2129/NGC_2129_stars_in_region.tsv
# %ECSV 1.0
# ---
# datatype:
# - name: RA_ICRS_1
#   unit: deg
#   datatype: float64
#   format: '{:15.11f}'
#   description: Right ascension (ICRS) at Ep=2016.0 (ra)
#   meta: !!omap
#   - {ucd: POS_EQ_RA_MAIN}
#   - {width: 15}
#   - {precision: '11'}
# - name: DE_ICRS_1
#   unit: deg
#   datatype: float64
#   format: '{:15.11f}'
#   description: Declination (ICRS) at Ep=2016.0 (dec)
#   meta: !!omap
#   - {ucd: POS_EQ_DEC_MAIN}
#   - {width: 15}
#   - {precision: '11'}
# - name: e_RA_ICRS
#   unit: mas
#   datatype: float64
#   format: '{:7.4f}'
#   description: Standard error of right ascension (ra_error)
#   meta: !!omap
#   - {ucd: ERROR}
#   - {width: 7}
#   - {precision: '4'}
# - name: e_DE_ICRS
#   unit: mas
#   datatype: float64
#   format: '{:7.4f}'
#   description: Standard error of declination (dec_error)
#   meta: !!omap
#   - {ucd: ERROR}
#   - {width: 7}
#   - {precision: '4'}
# - name: _r_1
#   unit: ''
#   datatype: float64
#   format: '{:7.4f}'
#   description: Distance from center (090.27620744000+23.33599446000)[ICRS], at Epoch=J2016.0
#   meta: !!omap
#   - {ucd: POS_ANG_DIST_GENERAL}
#   - {width: 7}
#   - {precision: '4'}
# - name: HIP
#   datatype: int32
#   description: '? HIP cross-id number, van Leeuwen, Cat. I/311 (hip_original_ext_source_id)'
#   meta: !!omap
#   - {ucd: ID_NUMBER}
#   - {width: 6}
#   - values: {'null': -2147483648}
# - name: TYC2
#   datatype: string
#   description: Tycho-2 cross-id name, Hog et al., Cat. I/259 (tyc2_original_ext_source_id)
#   meta: !!omap
#   - {ucd: ID_CROSSID}
#   - {_votable_string_dtype: char}
# - name: Source
#   datatype: int64
#   description: Source identifier, identical to the Gaia-EDR3 source_id (id)
#   meta: !!omap
#   - {ucd: ID_MAIN}
#   - {width: 19}
# - name: rgeo
#   unit: pc
#   datatype: float64
#   format: '{:15.8f}'
#   description: '? Median of the geometric distance posterior (r_med_geo)'
#   meta: !!omap
#   - {ucd: PHYS_DISTANCE_TRUE}
#   - {width: 15}
#   - {precision: '8'}
#   - values: {'null': .nan}
# - name: Plx
#   unit: mas
#   datatype: float64
#   format: '{:9.4f}'
#   description: '? Parallax (parallax)'
#   meta: !!omap
#   - {ucd: POS_PARLX_TRIG}
#   - {width: 9}
#   - {precision: '4'}
#   - values: {'null': .nan}
# - name: e_Plx
#   unit: mas
#   datatype: float32
#   format: '{:7.4f}'
#   description: '? Standard error of parallax (parallax_error)'
#   meta: !!omap
#   - {ucd: ERROR}
#   - {width: 7}
#   - {precision: '4'}
#   - values: {'null': .nan}
# - name: pmRA
#   unit: mas / yr
#   datatype: float64
#   format: '{:9.3f}'
#   description: '? Proper motion in right ascension direction, pmRA*cosDE (pmra)'
#   meta: !!omap
#   - {ucd: POS_EQ_PMRA}
#   - {width: 9}
#   - {precision: '3'}
#   - values: {'null': .nan}
# - name: pmDE
#   unit: mas / yr
#   datatype: float64
#   format: '{:9.3f}'
#   description: '? Proper motion in declination direction (pmdec)'
#   meta: !!omap
#   - {ucd: POS_EQ_PMDEC}
#   - {width: 9}
#   - {precision: '3'}
#   - values: {'null': .nan}
# - name: e_pmRA
#   unit: mas / yr
#   datatype: float32
#   format: '{:6.3f}'
#   description: '? Standard error of proper motion in right ascension direction (pmra_error)'
#   meta: !!omap
#   - {ucd: ERROR}
#   - {width: 6}
#   - {precision: '3'}
#   - values: {'null': .nan}
# - name: e_pmDE
[...]
#         unit: &id001 !astropy.units.Unit {unit: deg}
#         value: !astropy.table.SerializedColumn {name: SkyCoord.dec}
#       distance: !astropy.table.SerializedColumn
#         __class__: astropy.coordinates.distances.Distance
#         unit: !astropy.units.Unit {unit: pc}
#         value: !astropy.table.SerializedColumn {name: SkyCoord.distance}
#       frame: icrs
#       obstime: !astropy.time.Time {format: jyear_str, in_subfmt: '*', jd1: 367701545.0, jd2: 0.0, out_subfmt: '*', precision: 3, scale: tt}
#       pm_dec: !astropy.table.SerializedColumn
#         __class__: astropy.units.quantity.Quantity
#         unit: !astropy.units.Unit {unit: mas / yr}
#         value: !astropy.table.SerializedColumn {name: SkyCoord.pm_dec}
#       pm_ra_cosdec: !astropy.table.SerializedColumn
#         __class__: astropy.units.quantity.Quantity
#         unit: !astropy.units.Unit {unit: mas / yr}
#         value: !astropy.table.SerializedColumn {name: SkyCoord.pm_ra_cosdec}
#       ra: !astropy.table.SerializedColumn
#         __class__: astropy.coordinates.angles.Longitude
#         unit: *id001
#         value: !astropy.table.SerializedColumn {name: SkyCoord.ra}
#         wrap_angle: !astropy.coordinates.Angle
#           unit: *id001
#           value: 360.0
#       representation_type: spherical
# schema: astropy-2.0
RA_ICRS_1 DE_ICRS_1 e_RA_ICRS e_DE_ICRS _r_1 HIP TYC2 Source rgeo Plx e_Plx pmRA pmDE e_pmRA e_pmDE RUWE Teff logg Gmag BP-RP BPmag RPmag RV e_RV b_rgeo B_rgeo FG e_FG FBP e_FBP FRP e_FRP RAVE5 RAVE6 e_Gmag e_BPmag e_RPmag e_BP-RP SkyCoord.ra SkyCoord.dec SkyCoord.distance SkyCoord.pm_ra_cosdec SkyCoord.pm_dec
90.28187905926 23.30484775313 0.019 0.0157 1.8947 28513 1864-414-1 3424656293035086208 1885.25171 0.4932 0.0218 0.12 -2.203 0.025 0.017 1.085 6164.8 1.526 7.148981 0.944365 7.518074 6.573708 18.95 1.02 1815.05872 1953.83521 26022812.42596 28426.0 13433000.0 41732.0 18607000.0 72939.0 "" "" 0.002999732122090489 0.004377487 0.005691904 0.010069391 90.28187905926 23.30484775313 1885.25171 0.11999999999999998 -2.203
90.2744579433 23.33898529311 0.0226 0.0195 0.2037 28510 1864-1676-1 3424657152028541312 2032.90308 0.4592 0.0281 0.241 -2.255 0.027 0.018 1.174 13645.0 2.6371 8.055546 0.864114 8.384508 7.520394 "" "" 1934.19751 2151.18481 11290894.81536 5722.3 6048000.0 9522.4 7780400.0 13268.0 "" "" 0.002809728370551049 0.0032722014 0.0042085443 0.0074807457 90.2744579433 23.33898529311 2032.90308 0.24100000000000002 -2.255
90.29413766438 23.33512151921 0.0397 0.0322 0.9892 "" "" 3424656499193509248 1545.08569 0.5949 0.0476 -1.437 -1.477 0.051 0.034 1.154 3572.7 0.4409 9.84012 3.618883 12.095971 8.477088 80.47 0.26 1426.03784 1657.75513 2182220.0353 3328.2 198170.0 1641.4 3223500.0 13060.0 "" "" 0.0032146240552477475 0.009415821 0.0057994537 0.015215275 90.29413766438 23.33512151921 1545.08569 -1.4369999999999998 -1.4770000000000003
90.2238969398 23.33286034571 0.0182 0.017 2.888 "" 1864-342-1 3424656980229857024 2009.37537 0.4678 0.0252 -0.109 -2.217 0.021 0.016 1.155 "" "" 9.962115 0.617378 10.183838 9.56646 -14.62 7.69 1915.24207 2104.03003 1950296.02691 628.09 1153100.0 687.94 1181900.0 341.1 "" "" 0.0027774181104865936 0.0028643725 0.0037923492 0.0066567217 90.2238969398 23.33286034571 2009.37537 -0.10899999999999997 -2.217
90.28973093116 23.34154536939 0.0159 0.0144 0.8161 "" 1864-1719-1 3424656499193508736 1797.40271 0.5299 0.0208 0.238 -2.179 0.019 0.014 1.028 18266.2 3.3781 10.213904 0.874482 10.562255 9.687773 "" "" 1738.66028 1866.63403 1546625.04956 3426.4 813800.0 3859.4 1056900.0 6609.8 "" "" 0.0036575226862437856 0.005856422 0.0077710827 0.013627505 90.28973093116 23.34154536939 1797.40271 0.23799999999999996 -2.179
90.13374830877 23.1550906996 0.0393 0.0309 13.3975 "" "" 3424559467291946752 1871.35876 0.4838 0.0474 0.686 -1.247 0.052 0.032 1.097 "" "" 10.243911 3.646565 12.532465 8.8859 -39.3 0.26 1718.51184 2030.09619 1504466.8102 2378.9 132570.0 1254.7 2212100.0 8694.5 "" "" 0.0032464082684090603 0.010647943 0.005700394 0.016348338 90.13374830877 23.1550906996 1871.35876 0.6860000000000002 -1.247
90.26512581315 23.33738545797 0.0196 0.0175 0.6162 "" 1864-788-1 3424657152029899904 1694.31604 0.5605 0.0233 0.318 -2.28 0.024 0.019 1.269 "" "" 11.184542 0.786142 11.486786 10.700644 "" "" 1636.14124 1753.55371 632601.38227 389.44 347300.0 354.21 415820.0 189.05 "" "" 0.0028352326979806347 0.0030018738 0.0038114814 0.0068133553 90.26512581315 23.33738545797 1694.31604 0.31800000000000006 -2.28
90.32280737083 23.32534535433 0.0156 0.0132 2.6457 "" 1864-764-1 3424656258675336960 1877.96155 0.4908 0.0187 0.245 -2.195 0.02 0.015 0.901 6565.6 2.6515 11.283454 0.704994 11.547784 10.84279 "" "" 1818.05542 1951.45801 577517.53794 230.93 328320.0 252.29 364790.0 138.84 "" "" 0.0027893144932480034 0.0029122361 0.003801906 0.006714142 90.32280737083 23.32534535433 1877.96155 0.24500000000000005 -2.1949999999999994
90.27180618167 23.35704173463 0.016 0.0137 1.2859 "" 1864-504-1 3424657323827229696 1824.71704 0.5008 0.019 0.217 -2.154 0.02 0.013 0.934 15800.4 3.6771 11.29379 0.644103 11.531818 10.887715 "" "" 1767.59277 1885.81677 572046.0288 205.99 333190.0 257.12 350000.0 116.29 "" "" 0.002782920079005252 0.0029132536 0.0037965593 0.006709813 90.27180618167 23.35704173463 1824.71704 0.217 -2.154
90.58862978099 23.3838732398 0.2644 0.2624 17.4469 "" "" 3424651753251936768 1669.81531 0.9288 0.3932 1.579 -7.619 0.299 0.216 9.99 7326.3 3.8456 11.601141 0.607263 11.744145 11.136883 35.98 3.0 1088.18774 3179.96826 431013.05171 915.81 274010.0 196.48 278230.0 203.53 "" "" 0.0035935823160063857 0.0028967499 0.0038619342 0.0067586843 90.58862978099 23.3838732398 1669.81531 1.5790000000000002 -7.619000000000001
90.28091524385 23.68126800229 0.0211 0.0181 20.718 "" "" 3424859633967532928 1930.03723 0.4927 0.0246 0.406 -2.346 0.027 0.02 1.025 4652.4 2.0592 11.703805 2.367716 12.973168 10.605453 1.63 0.19 1843.40027 2032.67432 392125.16651 138.68 88338.0 129.06 453920.0 293.58 "" "" 0.00278194775354601 0.0032095483 0.0038440651 0.0070536137 90.28091524385 23.68126800229 1930.03723 0.4060000000000001 -2.346
90.27070830657 23.32883846351 0.0153 0.0131 0.5255 "" "" 3424657117668804864 1906.44495 0.4785 0.0182 0.014 -1.96 0.019 0.013 1.042 "" "" 11.812284 0.79929 12.118772 11.319482 "" "" 1836.83069 1981.34705 354840.26203 122.82 194050.0 157.08 235160.0 217.2 "" "" 0.002780830355198018 0.002925318 0.0039101616 0.0068354793 90.27070830657 23.32883846351 1906.44495 0.014 -1.9599999999999995
90.00570560766 23.2987623276 0.0143 0.0129 15.071 "" "" 3424565201071195776 1482.51233 0.6469 0.0182 1.075 -4.106 0.019 0.014 1.061 "" "" 11.822052 1.611439 12.581305 10.969866 -32.16 0.4 1445.83459 1518.51526 351662.48785 87.275 126730.0 82.248 324500.0 186.12 "" "" 0.0027684645607069284 0.002877772 0.0038303426 0.0067081144 90.00570560766 23.2987623276 1482.51233 1.075 -4.106
90.46431799024 23.30635679118 0.0161 0.0135 10.516 "" "" 3424649691667641856 1853.50928 0.5254 0.0184 1.772 -4.483 0.022 0.015 1.033 4596.0 1.6379 11.998316 2.494994 13.362637 10.867642 79.63 0.22 1780.03406 1918.59631 298964.93259 75.943 61711.0 85.544 356530.0 205.49 "" "" 0.0027690890535704456 0.0031702095 0.0038308385 0.007001048 90.46431799024 23.30635679118 1853.50928 1.7720000000000002 -4.483
90.30996242983 23.3024827458 0.0111 0.0092 2.739 "" "" 3424656116938717056 1861.95667 0.4956 0.0131 0.275 -2.101 0.015 0.01 0.903 "" "" 12.002374 0.75856 12.291257 11.532697 "" "" 1817.57324 1909.61389 297849.84454 69.658 165540.0 144.74 193230.0 67.247 "" "" 0.0027669956743753554 0.0029472436 0.003798223 0.006745467 90.30996242983 23.3024827458 1861.95667 0.275 -2.101
90.26248575924 23.30062718227 0.0119 0.0095 2.2527 "" "" 3424655979499763968 1922.27014 0.4827 0.0141 0.313 -2.18 0.015 0.01 0.919 6172.1 2.6585 12.017111 0.805905 12.328739 11.522834 "" "" 1875.20312 1979.58154 293834.13502 62.017 159930.0 189.33 195000.0 100.24 "" "" 0.0027648331336792217 0.003071989 0.0038203704 0.0068923593 90.26248575924 23.30062718227 1922.27014 0.31299999999999994 -2.1799999999999997
90.2884445135 23.3184734323 0.0122 0.0102 1.2489 "" 1864-630-1 3424656323097146112 2048.19385 0.4551 0.0145 0.326 -2.259 0.016 0.011 0.979 14697.3 3.6282 12.025238 0.878981 12.371261 11.49228 "" "" 1978.47107 2131.34448 291643.10571 54.169 153780.0 88.358 200560.0 90.129 "" "" 0.002762690145426267 0.002859059 0.0038107464 0.0066698054 90.2884445135 23.3184734323 2048.19385 0.326 -2.2590000000000003
90.16016087031 23.37503114629 0.0475 0.0388 6.8079 "" 1864-86-1 3424660347484218752 1576.13184 0.6062 0.0543 0.175 -2.278 0.055 0.038 3.566 "" "" 12.04014 0.658855 12.282784 11.623929 "" "" 1457.1073 1779.28394 287667.42887 62.089 166840.0 140.94 177660.0 120.93 "" "" 0.0027652676368374184 0.0029370533 0.0038509623 0.0067880154 90.16016087031 23.37503114629 1576.13184 0.175 -2.278
90.26431217208 23.33596708741 0.0172 0.0151 0.6553 "" "" 3424657113374711552 1871.65271 0.5124 0.0207 0.121 -1.993 0.021 0.014 1.3 12667.0 3.659 12.192409 0.832093 12.513161 11.681067 "" "" 1799.3042 1943.34558 250025.02479 53.424 134940.0 121.31 168550.0 75.49 "" "" 0.0027650697524733998 0.00295597 0.0038105373 0.0067665074 90.26431217208 23.33596708741 1871.65271 0.121 -1.993
90.32687126245 23.36824184329 0.0106 0.0088 3.3959 "" "" 3424662439130570752 1558.01526 0.635 0.0126 -0.2 -4.467 0.015 0.01 0.98 5181.7 2.7275 12.235108 1.659041 13.02356 11.364518 37.69 0.44 1526.74231 1587.41162 240382.8515 39.292 84332.0 58.227 225610.0 114.65 "" "" 0.0027610296999555505 0.0028891205 0.003819444 0.0067085642 90.32687126245 23.36824184329 1558.01526 -0.2 -4.467
90.29511151581 23.35898406575 0.0126 0.0108 1.7283 "" 1864-1617-1 3424657289467486848 1878.74377 0.5115 0.0151 0.213 -2.168 0.016 0.011 1.034 "" "" 12.351011 0.812501 12.664482 11.851981 "" "" 1823.35229 1924.36755 216043.92865 57.729 117390.0 95.84 144000.0 171.68 "" "" 0.0027705520167446247 0.002927591 0.003994909 0.0069225 90.29511151581 23.35898406575 1878.74377 0.21300000000000002 -2.1680000000000006
90.24338979681 23.32571602021 0.0149 0.0127 1.9103 "" "" 3424656808431163904 1859.00513 0.5112 0.0174 0.215 -2.128 0.018 0.013 1.076 14682.8 3.7637 12.376581 0.660718 12.622678 11.96196 "" "" 1804.66211 1930.34644 211015.49685 50.893 122000.0 93.809 130130.0 63.78 "" "" 0.002767735481968129 0.0029123914 0.003816662 0.0067290533 90.24338979681 23.32571602021 1859.00513 0.21499999999999997 -2.128
90.27053760029 23.36218780879 0.0119 0.01 1.6023 "" "" 3424657323827629440 1825.73364 0.519 0.0139 0.205 -1.918 0.015 0.01 0.93 12870.4 3.6837 12.407337 0.806178 12.717866 11.911688 "" "" 1771.03735 1879.83167 205121.77162 64.59 111760.0 191.41 136300.0 127.12 "" "" 0.0027764498096168647 0.0033530418 0.0039126854 0.007265727 90.27053760029 23.36218780879 1825.73364 0.20499999999999996 -1.9180000000000001
90.14208234873 23.59234988002 0.0133 0.011 17.0611 "" 1864-142-1 3424857190127638016 1819.59253 0.5149 0.0145 0.225 -2.163 0.018 0.012 0.992 "" "" 12.42094 0.601899 12.642307 12.040408 "" "" 1766.19653 1875.53027 202567.85704 50.811 119810.0 94.779 121060.0 110.37 "" "" 0.00276874673899597 0.0029193766 0.00390686 0.006826237 90.14208234873 23.59234988002 1819.59253 0.22499999999999998 -2.1630000000000003
90.59810434821 23.29024013196 0.0154 0.0129 17.9481 "" "" 3424647050265808128 1958.95129 0.5047 0.017 2.14 -1.709 0.02 0.013 1.092 "" "" 12.433649 1.98699 13.435196 11.448206 30.93 0.66 1897.30505 2026.01575 200210.58412 42.061 57722.0 46.693 208870.0 70.85 "" "" 0.002764745376433438 0.0029251375 0.0037972836 0.0067224214 90.59810434821 23.29024013196 1958.95129 2.14 -1.709
90.51265122468 23.51979494426 0.014 0.0119 17.0605 "" "" 3424688762987789568 1586.44788 0.6169 0.0166 -1.713 -5.561 0.017 0.012 1.22 "" "" 12.456631 1.990227 13.451942 11.461715 1.89 3.59 1559.05627 1625.61658 196017.3339 394.11 56838.0 393.63 206290.0 916.52 "" "" 0.00351527191534567 0.008020221 0.006128021 0.014148243 90.51265122468 23.51979494426 1586.44788 -1.7129999999999999 -5.561
90.39091726632 23.63767918673 0.0191 0.0162 19.1702 "" "" 3424694050091660288 1998.56616 0.4833 0.0212 1.04 -1.419 0.023 0.017 1.165 "" "" 12.510793 2.336618 13.756794 11.420176 16.64 0.35 1923.56079 2078.85913 186478.91672 73.018 42924.0 64.44 214330.0 133.04 "" "" 0.0027879252505366536 0.0032313853 0.0038390008 0.007070386 90.39091726632 23.63767918673 1998.56616 1.0399999999999998 -1.419
90.02420264188 23.35807342357 0.0129 0.0112 13.9453 "" "" 3424846950925609088 1538.73596 0.6141 0.0163 1.254 -2.604 0.016 0.011 0.937 6458.3 3.4372 12.53706 0.631575 12.77137 12.139795 "" "" 1498.84143 1582.1051 182021.48884 80.256 106380.0 181.58 110470.0 124.46 "" "" 0.0027965978768654306 0.0033495608 0.0039724084 0.007321969 90.02420264188 23.35807342357 1538.73596 1.254 -2.6040000000000005
90.29906802358 23.39547385432 0.0121 0.0103 3.7844 "" "" 3424663474220388096 1898.69775 0.4994 0.0137 0.11 -2.302 0.016 0.011 0.905 11617.6 3.8096 12.654049 0.829839 12.979021 12.149182 7.37 36.86 1834.4209 1947.2489 163428.32169 35.252 87864.0 55.565 109520.0 50.313 "" "" 0.002765255410177087 0.0028734112 0.0038121531 0.0066855643 90.29906802358 23.39547385432 1898.69775 0.11 -2.302
90.21539557078 23.41020608201 0.0135 0.0107 5.5717 "" "" 3424660828520542464 1870.01709 0.5065 0.0148 0.151 -2.154 0.017 0.011 0.989 "" "" 12.739527 0.682625 12.994775 12.31215 "" "" 1814.81714 1914.83264 151055.30935 60.597 86598.0 145.05 94254.0 90.511 "" "" 0.002789533011555442 0.0033305117 0.003920559 0.007251071 90.21539557078 23.41020608201 1870.01709 0.15099999999999997 -2.154
90.05568805277 23.41550829593 0.0147 0.0132 13.0486 "" "" 3424847775559329408 1726.14075 0.5501 0.019 0.9 -3.506 0.02 0.013 1.004 10709.4 3.6417 12.766902 0.721342 13.041993 12.320651 "" "" 1673.94067 1792.02161 147294.29907 32.252 82912.0 53.638 93519.0 55.589 "" "" 0.0027655574168412187 0.0028772214 0.003834089 0.0067113107 90.05568805277 23.41550829593 1726.14075 0.9000000000000001 -3.506
89.93723025962 23.35669634405 0.0173 0.0148 18.7147 "" "" 3424754042193059968 1710.01208 0.5552 0.0209 -0.085 -0.989 0.025 0.017 1.049 "" "" 12.952675 1.003939 13.361539 12.3576 "" "" 1662.76868 1780.62207 124130.05684 32.935 61773.0 46.483 90390.0 27.113 "" "" 0.0027703386792799784 0.0029073234 0.0037933877 0.0067007113 89.93723025962 23.35669634405 1710.01208 -0.08500000000000002 -0.989
90.46510170769 23.62866488821 0.0165 0.0139 20.4063 "" "" 3424693676430368128 1737.39575 0.5527 0.0183 2.728 -1.518 0.02 0.014 1.106 "" "" 12.988793 1.887626 13.921086 12.033461 35.31 0.87 1679.76001 1793.65771 120068.56064 26.62 36896.0 46.419 121840.0 54.922 "" "" 0.0027658150866057244 0.003106593 0.0038109391 0.006917532 90.46510170769 23.62866488821 1737.39575 2.7280000000000006 -1.5179999999999998
90.50394269296 23.07006652548 0.0144 0.012 20.3054 "" "" 3424590730356615680 1573.84216 0.6036 0.0156 -4.04 -2.222 0.018 0.014 1.111 "" "" 13.007957 1.965478 13.990557 12.025079 20.63 1.24 1536.11938 1613.55786 117967.85242 36.325 34609.0 32.084 122780.0 69.332 "" "" 0.0027755290067917526 0.0029661653 0.003828788 0.0067949533 90.50394269296 23.07006652548 1573.84216 -4.040000000000001 -2.2219999999999995
89.94776586086 23.51273504893 0.0138 0.0121 20.9625 "" "" 3424852242326809856 1579.72888 0.5939 0.0168 4.348 0.514 0.019 0.013 1.168 5193.1 2.8269 13.091097 2.001586 14.102181 12.100595 61.21 0.77 1537.71191 1620.91455 109271.81567 26.264 31228.0 33.349 114530.0 54.542 "" "" 0.0027676507158619734 0.0030214963 0.0038145867 0.006836083 89.94776586086 23.51273504893 1579.72888 4.348 0.514
90.06102930998 23.2676667401 0.0122 0.0099 12.5463 "" "" 3424657942302562560 1860.08252 0.495 0.0135 0.454 -3.651 0.016 0.01 1.062 5476.8 2.6977 13.101248 1.944707 14.073094 12.128387 16.95 1.16 1815.28357 1905.99731 108254.87945 25.208 32076.0 40.68 111640.0 51.468 "" "" 0.0027668950964132863 0.0031114465 0.0038123839 0.00692383 90.06102930998 23.2676667401 1860.08252 0.454 -3.651
90.17084272587 23.67893506309 0.0133 0.0111 21.3775 "" "" 3424862275368913664 1523.8728 0.6089 0.0144 -0.4 -3.753 0.02 0.013 1.152 5015.6 2.6898 13.107339 2.019384 14.128765 12.109381 26.36 0.84 1490.19922 1547.50049 107649.32259 24.032 30473.0 19.274 113610.0 51.885 "" "" 0.0027659607963851584 0.002873436 0.0038117704 0.0066852067 90.17084272587 23.67893506309 1523.8728 -0.39999999999999997 -3.7529999999999997
90.25646945646 23.32495210376 0.0187 0.0162 1.2734 "" "" 3424657113371127936 2045.1272 0.4492 0.0221 0.323 -2.051 0.023 0.016 1.526 12228.3 3.6668 13.18417 0.875619 13.52639 12.650771 "" "" 1952.82434 2140.14697 100294.86927 23.139 53071.0 29.017 69000.0 26.036 "" "" 0.002766682955857081 0.0028526217 0.0038015218 0.0066541433 90.25646945646 23.32495210376 2045.1272 0.32300000000000006 -2.051
90.34188493735 23.38203682157 0.0133 0.0111 4.5518 "" "" 3424662546507449088 1766.62158 0.523 0.0152 0.308 -2.176 0.018 0.013 1.204 11686.8 3.8095 13.244286 0.830137 13.56758 12.737443 "" "" 1724.71655 1810.55762 94892.64375 35.156 51096.0 93.1 63706.0 48.422 "" "" 0.002784527042431102 0.0034203255 0.0038684322 0.0072887577 90.34188493735 23.38203682157 1766.62158 0.30799999999999994 -2.176
90.58728838733 23.54348211463 0.0167 0.0141 21.1716 "" "" 3424689033570591488 1812.651 0.5029 0.0207 2.025 -3.319 0.017 0.012 1.028 "" "" 13.270202 1.933497 14.232737 12.299239 -2.73 1.03 1754.37427 1880.33606 92654.37626 22.598 27690.0 44.331 95381.0 59.587 "" "" 0.002768015859129237 0.0032873265 0.0038397657 0.007127092 90.58728838733 23.54348211463 1812.651 2.0250000000000004 -3.3190000000000004
