Clusters/NGC_2129/NGC_2129_members.tsv
# %ECSV 1.0
# ---
# datatype:
# - name: RA_ICRS_1
#   unit: deg
#   datatype: float64
#   format: '{:15.11f}'
#   description: Right ascension (ICRS) at Ep=2016.0 (ra)
#   meta: !!omap
#   - {ucd: POS_EQ_RA_MAIN}
#   - {width: 15}
#   - {precision: '11'}
# - name: DE_ICRS_1
#   unit: deg
#   datatype: float64
#   format: '{:15.11f}'
#   description: Declination (ICRS) at Ep=2016.0 (dec)
#   meta: !!omap
#   - {ucd: POS_EQ_DEC_MAIN}
#   - {width: 15}
#   - {precision: '11'}
# - name: e_RA_ICRS
#   unit: mas
#   datatype: float64
#   format: '{:7.4f}'
#   description: Standard error of right ascension (ra_error)
#   meta: !!omap
#   - {ucd: ERROR}
#   - {width: 7}
#   - {precision: '4'}
# - name: e_DE_ICRS
#   unit: mas
#   datatype: float64
#   format: '{:7.4f}'
#   description: Standard error of declination (dec_error)
#   meta: !!omap
#   - {ucd: ERROR}
#   - {width: 7}
#   - {precision: '4'}
# - name: _r_1
#   unit: ''
#   datatype: float64
#   format: '{:7.4f}'
#   description: Distance from center (090.27620744000+23.33599446000)[ICRS], at Epoch=J2016.0
#   meta: !!omap
#   - {ucd: POS_ANG_DIST_GENERAL}
#   - {width: 7}
#   - {precision: '4'}
# - name: HIP
#   datatype: int32
#   description: '? HIP cross-id number, van Leeuwen, Cat. I/311 (hip_original_ext_source_id)'
#   meta: !!omap
#   - {ucd: ID_NUMBER}
#   - {width: 6}
#   - values: {'null': -2147483648}
# - name: TYC2
#   datatype: string
#   description: Tycho-2 cross-id name, Hog et al., Cat. I/259 (tyc2_original_ext_source_id)
#   meta: !!omap
#   - {ucd: ID_CROSSID}
#   - {_votable_string_dtype: char}
# - name: Source
#   datatype: int64
#   description: Source identifier, identical to the Gaia-EDR3 source_id (id)
#   meta: !!omap
#   - {ucd: ID_MAIN}
#   - {width: 19}
# - name: rgeo
#   unit: pc
#   datatype: float64
#   format: '{:15.8f}'
#   description: '? Median of the geometric distance posterior (r_med_geo)'
#   meta: !!omap
#   - {ucd: PHYS_DISTANCE_TRUE}
#   - {width: 15}
#   - {precision: '8'}
#   - values: {'null': .nan}
# - name: Plx
#   unit: mas
#   datatype: float64
#   format: '{:9.4f}'
#   description: '? Parallax (parallax)'
#   meta: !!omap
#   - {ucd: POS_PARLX_TRIG}
#   - {width: 9}
#   - {precision: '4'}
#   - values: {'null': .nan}
# - name: e_Plx
#   unit: mas
#   datatype: float32
#   format: '{:7.4f}'
#   description: '? Standard error of parallax (parallax_error)'
#   meta: !!omap
#   - {ucd: ERROR}
#   - {width: 7}
#   - {precision: '4'}
#   - values: {'null': .nan}
# - name: pmRA
#   unit: mas / yr
#   datatype: float64
#   format: '{:9.3f}'
#   description: '? Proper motion in right ascension direction, pmRA*cosDE (pmra)'
#   meta: !!omap
#   - {ucd: POS_EQ_PMRA}
#   - {width: 9}
#   - {precision: '3'}
#   - values: {'null': .nan}
# - name: pmDE
#   unit: mas / yr
#   datatype: float64
#   format: '{:9.3f}'
#   description: '? Proper motion in declination direction (pmdec)'
#   meta: !!omap
#   - {ucd: POS_EQ_PMDEC}
#   - {width: 9}
#   - {precision: '3'}
#   - values: {'null': .nan}
# - name: e_pmRA
#   unit: mas / yr
#   datatype: float32
#   format: '{:6.3f}'
#   description: '? Standard error of proper motion in right ascension direction (pmra_error)'
#   meta: !!omap
#   - {ucd: ERROR}
#   - {width: 6}
#   - {precision: '3'}
#   - values: {'null': .nan}
# - name: e_pmDE
[...]
#       distance: !astropy.table.SerializedColumn
#         __class__: astropy.coordinates.distances.Distance
#         unit: !astropy.units.Unit {unit: pc}
#         value: !astropy.table.SerializedColumn {name: SkyCoord.distance}
#       frame: icrs
#       obstime: !astropy.time.Time {format: jyear_str, in_subfmt: '*', jd1: 367701545.0, jd2: 0.0, out_subfmt: '*', precision: 3, scale: tt}
#       pm_dec: !astropy.table.SerializedColumn
#         __class__: astropy.units.quantity.Quantity
#         unit: !astropy.units.Unit {unit: mas / yr}
#         value: !astropy.table.SerializedColumn {name: SkyCoord.pm_dec}
#       pm_ra_cosdec: !astropy.table.SerializedColumn
#         __class__: astropy.units.quantity.Quantity
#         unit: !astropy.units.Unit {unit: mas / yr}
#         value: !astropy.table.SerializedColumn {name: SkyCoord.pm_ra_cosdec}
#       ra: !astropy.table.SerializedColumn
#         __class__: astropy.coordinates.angles.Longitude
#         unit: *id001
#         value: !astropy.table.SerializedColumn {name: SkyCoord.ra}
#         wrap_angle: !astropy.coordinates.Angle
#           unit: *id001
#           value: 360.0
#       representation_type: spherical
# schema: astropy-2.0
RA_ICRS_1 DE_ICRS_1 e_RA_ICRS e_DE_ICRS _r_1 HIP TYC2 Source rgeo Plx e_Plx pmRA pmDE e_pmRA e_pmDE RUWE Teff logg Gmag BP-RP BPmag RPmag RV e_RV b_rgeo B_rgeo FG e_FG FBP e_FBP FRP e_FRP RAVE5 RAVE6 e_Gmag e_BPmag e_RPmag e_BP-RP SkyCoord.ra SkyCoord.dec SkyCoord.distance SkyCoord.pm_ra_cosdec SkyCoord.pm_dec rmRA rmDE e_rmRA e_rmDE rRV e_rRV v_pec v_pec3d e_vpec e_vpec3d Pmemb
[from data line 31]
90.2827512001 23.32770733632 0.0206 0.0171 0.6142 "" "" 3424656391818391040 1863.29431 0.4953 0.0242 0.379 -2.134 0.027 0.019 0.931 7954.9 3.9085 14.690718 1.009825 15.102544 14.092719 "" "" 1789.71167 1948.66455 25041.46777 6.6482 12428.0 19.879 18284.0 22.3 "" "" 0.0027703568709098233 0.003286499 0.004004656 0.007291155 90.2827512001 23.32770733632 1863.29431 0.379 -2.1339999999999995 0.16515789115428925 0.04896480178833018 0.11935283 0.11135283 "" "" 1.5214329851161492 "" 0.18063440525607685 "" 1.0
90.18519703733 23.38605712538 0.0252 0.021 5.844 "" "" 3424660313124476288 1923.4353 0.4821 0.0279 0.302 -2.303 0.028 0.02 1.119 9195.4 4.0044 14.746211 0.796721 15.059272 14.262551 "" "" 1830.19531 2027.14661 23793.71681 9.0098 12933.0 21.599 15636.0 23.105 "" "" 0.002785824065132548 0.0033276025 0.0041058166 0.007433419 90.18519703733 23.38605712538 1923.4353 0.30199999999999966 -2.303 0.08815789115428924 -0.12003519821166986 0.120352834 0.11235283 "" "" 1.3578108212390971 "" 0.15644589480104212 "" 1.0
90.36072766178 23.34199346435 0.0216 0.0182 4.6702 "" "" 3424662099830853120 1750.24573 0.5262 0.0249 0.2 -2.323 0.028 0.021 1.059 9475.7 3.9632 14.776856 1.033234 15.200025 14.166791 "" "" 1686.12146 1819.15906 23131.51892 6.4391 11361.0 19.469 17078.0 20.503 "" "" 0.0027718469700453554 0.003353633 0.0039978484 0.0073514814 90.36072766178 23.34199346435 1750.24573 0.2 -2.323 -0.013842108845710743 -0.14003519821166988 0.120352834 0.11335283 "" "" 1.1674169179587748 "" 0.13241149889928328 "" 1.0
90.26190345034 23.3300473579 0.0236 0.0206 0.8651 "" "" 3424657117668805888 1891.00146 0.4938 0.0278 0.369 -2.294 0.029 0.02 1.027 9265.0 3.7879 14.881165 0.978642 15.278201 14.299559 "" "" 1789.56445 2011.29321 21012.66194 6.3284 10571.0 18.587 15112.0 16.527 "" "" 0.0027746555067819146 0.0033807578 0.0039615203 0.007342278 90.26190345034 23.3300473579 1891.00146 0.369 -2.294 0.15515789115428924 -0.11103519821166996 0.12135283 0.11235283 "" "" 1.7101630536066226 "" 0.2024514627219345 "" 1.0
90.26433629799 23.43074575681 0.0244 0.0201 5.7225 "" "" 3424666566596840704 1842.72693 0.5016 0.0264 0.248 -2.222 0.031 0.021 1.003 9290.0 3.9539 14.990517 0.944111 15.372569 14.428458 "" "" 1754.703 1966.12854 18999.40417 5.8774 9691.5 13.825 13421.0 19.44 "" "" 0.0027757156205893948 0.0031912166 0.004093531 0.0072847474 90.26433629799 23.43074575681 1842.72693 0.24799999999999997 -2.222 0.034157891154289244 -0.0390351982116699 0.123352826 0.11335283 "" "" 0.45306079910762787 "" 0.05336771085176463 "" 0.9
90.29698667759 23.32134254831 0.0239 0.0203 1.4434 "" "" 3424656327394819968 2000.6626 0.4599 0.0268 0.129 -2.05 0.032 0.022 1.004 7963.7 4.0081 14.99465 1.093185 15.449198 14.356012 "" "" 1919.854 2119.74731 18927.2198 5.4288 9031.0 18.484 14347.0 19.056 "" "" 0.002772863053509917 0.0035669664 0.004045167 0.0076121334 90.29698667759 23.32134254831 2000.6626 0.129 -2.05 -0.08484210884571075 0.13296480178833026 0.12435283 0.11435283 "" "" 1.4957478004983464 "" 0.17550192088834274 "" 1.0
90.2539329928 23.37377216957 0.0289 0.0235 2.5774 "" "" 3424657598705136256 1811.20789 0.507 0.0336 0.199 -2.178 0.035 0.024 1.044 "" "" 15.20327 1.015807 15.618098 14.602291 "" "" 1706.22791 1930.98889 15618.47933 5.1592 7730.0 17.087 11435.0 16.918 "" "" 0.0027785639282033345 0.0036803575 0.0041065863 0.0077869436 90.2539329928 23.37377216957 1811.20789 0.199 -2.178 -0.014842108845710744 0.004964801788330142 0.12735283 0.11635283 "" "" 0.13436131347828228 "" 0.016968384808659517 "" 1.0
90.24944779367 23.26391280141 0.0252 0.0213 4.5694 "" "" 3424655537120853120 1854.13916 0.5027 0.0304 -0.0 -2.093 0.033 0.022 1.042 8177.0 3.692 15.206985 1.237375 15.738614 14.501239 "" "" 1773.19641 1944.94666 15565.13428 4.9375 6917.9 12.169 12551.0 15.693 "" "" 0.002776762354018936 0.0033812232 0.004015798 0.007397021 90.24944779367 23.26391280141 1854.13916 4.336808689942018e-19 -2.093 -0.21384210884571075 0.0899648017883301 0.12535283 0.11435283 "" "" 2.0389240109533593 "" 0.2523395675320995 "" 1.0
90.12318494938 23.30256746505 0.0297 0.0246 8.6666 "" "" 3424658285899932800 1806.2572 0.5148 0.0333 0.243 -2.23 0.036 0.026 1.014 7957.5 4.0254 15.293003 1.382388 15.905334 14.522946 "" "" 1711.69177 1918.75928 14379.56207 5.7971 5933.1 19.909 12302.0 24.486 "" "" 0.0027898713367631245 0.004588955 0.0043536075 0.008942563 90.12318494938 23.30256746505 1806.2572 0.2429999999999999 -2.2299999999999986 0.02915789115428924 -0.047035198211669904 0.12835282 0.11835283 "" "" 0.4738004282615386 "" 0.05743015231938517 "" 0.9
90.30298604771 23.30852773134 0.0277 0.0237 2.212 "" "" 3424656121236390912 1915.81079 0.4907 0.0325 0.157 -2.222 0.038 0.031 1.037 9298.7 3.9872 15.324022 1.085573 15.773939 14.688366 "" "" 1814.63696 2052.44385 13974.54792 5.5936 6696.4 21.027 10564.0 14.028 "" "" 0.0027893827814903824 0.0044054636 0.0040450445 0.008450508 90.30298604771 23.30852773134 1915.81079 0.15700000000000017 -2.222000000000001 -0.056842108845710754 -0.0390351982116699 0.13035282 0.123352826 "" "" 0.6261751184168451 "" 0.0802450910087374 "" 1.0
90.29364604284 23.31047382618 0.0276 0.0235 1.8077 "" "" 3424656293035083776 1929.82764 0.4883 0.0324 0.196 -2.348 0.034 0.024 1.081 7193.9 3.3971 15.325607 1.082016 15.776097 14.694081 "" "" 1821.79297 2057.41626 13954.1682 4.3585 6683.1 17.172 10508.0 11.653 "" "" 0.002776111290238132 0.003945608 0.003966541 0.00791215 90.29364604284 23.31047382618 1929.82764 0.19600000000000012 -2.3479999999999985 -0.017842108845710747 -0.1650351982116698 0.12635283 0.11635283 "" "" 1.5184368565648028 "" 0.17685728796658517 "" 0.9
90.37746806425 23.34136928612 0.0317 0.0265 5.5878 "" "" 3424650451879544960 1774.43018 0.5492 0.0359 0.237 -2.175 0.039 0.029 1.1 8201.3 3.9961 15.489617 1.119292 15.960192 14.840899 "" "" 1659.70068 1982.20752 11997.75052 4.7019 5640.8 17.655 9179.1 16.345 "" "" 0.002787981032980329 0.004396924 0.0042451792 0.0086421035 90.37746806425 23.34136928612 1774.43018 0.2370000000000001 -2.1750000000000003 0.023157891154289234 0.007964801788330256 0.13135283 0.12135283 "" "" 0.20597461143423682 "" 0.0268449462991822 "" 0.9
90.21213807444 23.32534541006 0.0327 0.028 3.5872 "" "" 3424656980229859584 2096.13306 0.4468 0.0399 0.124 -2.224 0.04 0.026 1.023 9766.3 4.4958 15.578733 1.095374 16.036612 14.941237 "" "" 1912.28052 2257.83545 11052.31396 3.8267 5257.4 13.797 8368.8 17.4 "" "" 0.0027808461482262863 0.0039879256 0.0044022296 0.008390155 90.21213807444 23.32534541006 2096.13306 0.12399999999999999 -2.2239999999999993 -0.08984210884571076 -0.04103519821167012 0.13235283 0.11835283 "" "" 0.9813451449755578 "" 0.12761801816234286 "" 0.9
90.23305622182 23.2993583959 0.0329 0.0281 3.238 "" "" 3424656602272738688 2009.86731 0.4639 0.0396 0.218 -2.37 0.04 0.028 1.036 8949.6 3.5998 15.586352 1.214582 16.104998 14.890415 "" "" 1857.01343 2225.81177 10975.03274 4.5826 4936.5 11.706 8769.9 14.294 "" "" 0.002792366851582411 0.0037965423 0.004173168 0.00796971 90.23305622182 23.2993583959 2009.86731 0.21799999999999972 -2.37 0.004157891154289245 -0.18703519821167003 0.13235283 0.120352834 "" "" 1.7822817469538434 "" 0.21451375077943782 "" 1.0
90.28449140419 23.36757722548 0.0327 0.028 1.9491 "" "" 3424657358186963840 1960.75439 0.4709 0.0385 0.204 -2.012 0.041 0.028 1.015 9236.3 4.1219 15.662136 1.221028 16.17691 14.955882 "" "" 1815.61707 2092.07861 10235.10942 3.9077 4620.1 19.506 8256.7 33.254 "" "" 0.00278632772507041 0.005366355 0.005779731 0.011146086 90.28449140419 23.36757722548 1960.75439 0.20400000000000024 -2.012 -0.009842108845710767 0.17096480178833007 0.13335283 0.120352834 "" "" 1.5915734953176945 "" 0.19162240225266197 "" 0.8
90.30601674638 23.27775157183 0.0309 0.0265 3.8614 "" "" 3424655640200058496 2142.79175 0.4299 0.037 0.214 -2.18 0.039 0.027 0.993 9689.4 4.3104 15.682211 1.251494 16.216085 14.964591 "" "" 1962.13281 2366.69727 10047.60008 4.0539 4456.4 16.264 8190.7 17.564 "" "" 0.0027899260142340812 0.0048462693 0.004438964 0.009285234 90.30601674638 23.27775157183 2142.79175 0.21400000000000002 -2.18 0.0001578911542892414 0.0029648017883299183 0.13135283 0.11935283 "" "" 0.030155668099787005 "" 0.0036002390859793025 "" 1.0
90.25818566956 23.36020340691 0.0368 0.0337 1.7594 "" "" 3424657426906446976 1590.21838 0.599 0.0472 0.215 -2.193 0.046 0.032 0.998 9153.4 4.2936 15.810542 1.223851 16.337166 15.113315 "" "" 1474.07239 1723.0957 8927.49754 3.7229 3986.1 19.674 7142.2 16.729 "" "" 0.002792272990992009 0.006041684 0.004555332 0.010597017 90.25818566956 23.36020340691 1590.21838 0.2149999999999998 -2.193 0.0011578911542892423 -0.010035198211669982 0.13835283 0.12435283 "" "" 0.07614351526320635 "" 0.009483443855200259 "" 1.0
90.39394380373 23.28987396111 0.0364 0.0308 7.053 "" "" 3424649970843611904 1807.77319 0.5122 0.0437 0.136 -2.046 0.051 0.034 0.996 9416.8 4.189 15.813875 1.288756 16.366758 15.078002 "" "" 1658.60925 1939.02539 8900.1381 4.1964 3878.9 12.833 7378.3 28.206 "" "" 0.002802472894724341 0.0045484025 0.0056134746 0.010161877 90.39394380373 23.28987396111 1807.77319 0.13599999999999998 -2.0460000000000003 -0.07784210884571074 0.13696480178833026 0.14335284 0.12635283 "" "" 1.3499330885004404 "" 0.17644635573019632 "" 0.9
90.29460351848 23.34020625478 0.0359 0.0305 1.0445 "" "" 3424656499193507968 2106.46533 0.4374 0.0426 -0.175 -2.27 0.046 0.032 1.113 9135.3 3.9297 15.825521 1.49334 16.498636 15.005297 "" "" 1910.80457 2345.77246 8805.17588 3.4192 3435.3 12.937 7889.3 20.047 "" "" 0.0027873902266291398 0.004950064 0.0046792338 0.009629298 90.29460351848 23.34020625478 2106.46533 -0.17499999999999982 -2.2699999999999996 -0.38884210884571074 -0.08703519821166994 0.13835283 0.12435283 "" "" 3.9785187433096865 "" 0.5479105275335082 "" 1.0
90.35215295629 23.24289887492 0.0372 0.0308 6.9799 "" "" 3424643923529680640 1929.83679 0.4758 0.0432 0.175 -2.084 0.047 0.034 1.076 9298.4 4.0602 15.829123 1.269615 16.375824 15.106209 "" "" 1787.07532 2132.17798 8776.01377 4.0267 3846.7 14.865 7189.1 14.828 "" "" 0.0027999930884551284 0.0050387164 0.0043930234 0.00943174 90.35215295629 23.24289887492 1929.83679 0.17500000000000016 -2.084 -0.038842108845710765 0.09896480178833 0.13935283 0.12635283 "" "" 0.9725027073163013 "" 0.12464020162990828 "" 1.0
90.33968653886 23.29391896984 0.0381 0.0323 4.3136 "" "" 3424644400269097984 1994.42761 0.4648 0.0448 0.159 -2.145 0.048 0.036 1.012 7950.8 4.1382 16.036041 1.332174 16.623856 15.291681 "" "" 1800.29004 2192.45825 7253.20932 3.6979 3061.1 6.4109 6060.2 14.142 "" "" 0.00281037297499769 0.0035993801 0.004550072 0.0081494525 90.33968653886 23.29391896984 1994.42761 0.1589999999999999 -2.145 -0.05484210884571075 0.03796480178833006 0.14035283 0.12835282 "" "" 0.6305608403595978 "" 0.08612245385164283 "" 1.0
90.20365956056 23.40897195088 0.0413 0.0345 5.9277 "" "" 3424660794160806912 1733.81702 0.5545 0.045 0.287 -2.194 0.05 0.035 0.987 7835.6 4.1302 16.06564 1.31381 16.640064 15.326254 "" "" 1608.91309 1844.49524 7058.15591 4.0029 3015.7 12.106 5870.3 15.352 "" "" 0.0028232859123444843 0.0051750895 0.0047271564 0.009902246 90.20365956056 23.40897195088 1733.81702 0.28699999999999964 -2.194 0.07315789115428922 -0.011035198211669872 0.14235283 0.12735283 "" "" 0.6080344053529186 "" 0.08636299505471558 "" 1.0
90.24435812985 23.25741280151 0.0399 0.0344 5.031 "" "" 3424655532824232832 1826.89258 0.5243 0.0478 0.229 -2.119 0.053 0.038 0.951 7372.1 4.3446 16.171932 1.374132 16.78315 15.409018 "" "" 1687.76135 1974.57422 6399.90951 3.2163 2643.4 17.019 5439.4 15.104 "" "" 0.002808827788820892 0.00752657 0.004834566 0.012361135 90.24435812985 23.25741280151 1826.89258 0.22899999999999984 -2.1190000000000007 0.015157891154289255 0.06396480178832986 0.14535283 0.13035282 "" "" 0.5692413347842712 "" 0.07468079333718927 "" 1.0
90.20690539132 23.37393324207 0.0455 0.0369 4.4446 "" "" 3424660484923166848 1544.79346 0.616 0.0498 0.33 -2.062 0.058 0.037 0.966 6057.4 4.3667 16.2026 1.447842 16.834965 15.387123 "" "" 1446.6958 1690.323 6221.66255 4.3019 2520.2 18.493 5550.2 20.745 "" "" 0.00285576090254063 0.008441485 0.0055454834 0.013986969 90.20690539132 23.37393324207 1544.79346 0.33 -2.0620000000000003 0.11615789115428926 0.12096480178833025 0.15035284 0.12935284 "" "" 1.2279935966338715 "" 0.171699862428972 "" 1.0
90.35171043502 23.3265799959 0.0434 0.0363 4.1979 "" "" 3424662061174699392 1657.02197 0.5819 0.0492 0.284 -2.243 0.056 0.041 1.07 7554.0 4.424 16.291338 1.434259 16.946356 15.512097 "" "" 1552.31165 1804.39868 5733.39268 3.3917 2274.4 13.09 4946.7 18.951 "" "" 0.0028291913551717293 0.006843438 0.0056200665 0.012463504 90.35171043502 23.3265799959 1657.02197 0.284 -2.2429999999999968 0.07015789115428922 -0.060035198211669805 0.14835283 0.13335283 "" "" 0.7252509502111216 "" 0.10313451268913755 "" 0.9
90.23262255712 23.44393489819 0.0457 0.0377 6.9069 "" "" 3424666807115011072 1720.80212 0.5536 0.0496 0.389 -2.296 0.056 0.038 0.971 5693.1 4.1983 16.306683 1.367523 16.916183 15.54866 "" "" 1584.10461 1856.41077 5652.93391 3.0508 2338.5 17.981 4782.9 13.861 "" "" 0.0028169367145540643 0.008802275 0.0049177418 0.013720017 90.23262255712 23.44393489819 1720.80212 0.389 -2.296 0.17515789115428926 -0.11303519821166974 0.14835283 0.13035282 "" "" 1.7003579593893554 "" 0.2436535884863463 "" 0.8
