Clusters/NGC_2129/NGC_2129_stars_in_region.tsv
# %ECSV 1.0
# ---
# datatype:
# - name: RA_ICRS_1
#   unit: deg
#   datatype: float64
#   format: '{:15.11f}'
#   description: Right ascension (ICRS) at Ep=2016.0 (ra)
#   meta: !!omap
#   - {ucd: POS_EQ_RA_MAIN}
#   - {width: 15}
#   - {precision: '11'}
# - name: DE_ICRS_1
#   unit: deg
#   datatype: float64
#   format: '{:15.11f}'
#   description: Declination (ICRS) at Ep=2016.0 (dec)
#   meta: !!omap
#   - {ucd: POS_EQ_DEC_MAIN}
#   - {width: 15}
#   - {precision: '11'}
# - name: e_RA_ICRS
#   unit: mas
#   datatype: float64
#   format: '{:7.4f}'
#   description: Standard error of right ascension (ra_error)
#   meta: !!omap
#   - {ucd: ERROR}
#   - {width: 7}
#   - {precision: '4'}
# - name: e_DE_ICRS
#   unit: mas
#   datatype: float64
#   format: '{:7.4f}'
#   description: Standard error of declination (dec_error)
#   meta: !!omap
#   - {ucd: ERROR}
#   - {width: 7}
#   - {precision: '4'}
# - name: _r_1
#   unit: ''
#   datatype: float64
#   format: '{:7.4f}'
#   description: Distance from center (090.27620744000+23.33599446000)[ICRS], at Epoch=J2016.0
#   meta: !!omap
#   - {ucd: POS_ANG_DIST_GENERAL}
#   - {width: 7}
#   - {precision: '4'}
# - name: HIP
#   datatype: int32
#   description: '? HIP cross-id number, van Leeuwen, Cat. I/311 (hip_original_ext_source_id)'
#   meta: !!omap
#   - {ucd: ID_NUMBER}
#   - {width: 6}
#   - values: {'null': -2147483648}
# - name: TYC2
#   datatype: string
#   description: Tycho-2 cross-id name, Hog et al., Cat. I/259 (tyc2_original_ext_source_id)
#   meta: !!omap
#   - {ucd: ID_CROSSID}
#   - {_votable_string_dtype: char}
# - name: Source
#   datatype: int64
#   description: Source identifier, identical to the Gaia-EDR3 source_id (id)
#   meta: !!omap
#   - {ucd: ID_MAIN}
#   - {width: 19}
# - name: rgeo
#   unit: pc
#   datatype: float64
#   format: '{:15.8f}'
#   description: '? Median of the geometric distance posterior (r_med_geo)'
#   meta: !!omap
#   - {ucd: PHYS_DISTANCE_TRUE}
#   - {width: 15}
#   - {precision: '8'}
#   - values: {'null': .nan}
# - name: Plx
#   unit: mas
#   datatype: float64
#   format: '{:9.4f}'
#   description: '? Parallax (parallax)'
#   meta: !!omap
#   - {ucd: POS_PARLX_TRIG}
#   - {width: 9}
#   - {precision: '4'}
#   - values: {'null': .nan}
# - name: e_Plx
#   unit: mas
#   datatype: float32
#   format: '{:7.4f}'
#   description: '? Standard error of parallax (parallax_error)'
#   meta: !!omap
#   - {ucd: ERROR}
#   - {width: 7}
#   - {precision: '4'}
#   - values: {'null': .nan}
# - name: pmRA
#   unit: mas / yr
#   datatype: float64
#   format: '{:9.3f}'
#   description: '? Proper motion in right ascension direction, pmRA*cosDE (pmra)'
#   meta: !!omap
#   - {ucd: POS_EQ_PMRA}
#   - {width: 9}
#   - {precision: '3'}
#   - values: {'null': .nan}
# - name: pmDE
#   unit: mas / yr
#   datatype: float64
#   format: '{:9.3f}'
#   description: '? Proper motion in declination direction (pmdec)'
#   meta: !!omap
#   - {ucd: POS_EQ_PMDEC}
#   - {width: 9}
#   - {precision: '3'}
#   - values: {'null': .nan}
# - name: e_pmRA
#   unit: mas / yr
#   datatype: float32
#   format: '{:6.3f}'
#   description: '? Standard error of proper motion in right ascension direction (pmra_error)'
#   meta: !!omap
#   - {ucd: ERROR}
#   - {width: 6}
#   - {precision: '3'}
#   - values: {'null': .nan}
# - name: e_pmDE
[...]
#         unit: &id001 !astropy.units.Unit {unit: deg}
#         value: !astropy.table.SerializedColumn {name: SkyCoord.dec}
#       distance: !astropy.table.SerializedColumn
#         __class__: astropy.coordinates.distances.Distance
#         unit: !astropy.units.Unit {unit: pc}
#         value: !astropy.table.SerializedColumn {name: SkyCoord.distance}
#       frame: icrs
#       obstime: !astropy.time.Time {format: jyear_str, in_subfmt: '*', jd1: 367701545.0, jd2: 0.0, out_subfmt: '*', precision: 3, scale: tt}
#       pm_dec: !astropy.table.SerializedColumn
#         __class__: astropy.units.quantity.Quantity
#         unit: !astropy.units.Unit {unit: mas / yr}
#         value: !astropy.table.SerializedColumn {name: SkyCoord.pm_dec}
#       pm_ra_cosdec: !astropy.table.SerializedColumn
#         __class__: astropy.units.quantity.Quantity
#         unit: !astropy.units.Unit {unit: mas / yr}
#         value: !astropy.table.SerializedColumn {name: SkyCoord.pm_ra_cosdec}
#       ra: !astropy.table.SerializedColumn
#         __class__: astropy.coordinates.angles.Longitude
#         unit: *id001
#         value: !astropy.table.SerializedColumn {name: SkyCoord.ra}
#         wrap_angle: !astropy.coordinates.Angle
#           unit: *id001
#           value: 360.0
#       representation_type: spherical
# schema: astropy-2.0
RA_ICRS_1 DE_ICRS_1 e_RA_ICRS e_DE_ICRS _r_1 HIP TYC2 Source rgeo Plx e_Plx pmRA pmDE e_pmRA e_pmDE RUWE Teff logg Gmag BP-RP BPmag RPmag RV e_RV b_rgeo B_rgeo FG e_FG FBP e_FBP FRP e_FRP RAVE5 RAVE6 e_Gmag e_BPmag e_RPmag e_BP-RP SkyCoord.ra SkyCoord.dec SkyCoord.distance SkyCoord.pm_ra_cosdec SkyCoord.pm_dec
[from data line 123]
90.24285711055 23.62647314591 0.0271 0.0233 17.5251 "" "" 3424859015492260480 1985.33228 0.4607 0.031 -0.179 -3.208 0.034 0.024 1.031 "" "" 14.888923 1.010108 15.298632 14.288524 "" "" 1883.71411 2122.15381 20863.04781 7.368 10374.0 18.089 15267.0 24.527 "" "" 0.0027818725323995467 0.003371823 0.004162478 0.007534301 90.24285711055 23.62647314591 1985.33228 -0.17899999999999996 -3.208000000000001
90.33386174343 23.11287762126 0.0238 0.0201 13.7593 "" "" 3424637635697591296 1493.06042 0.6295 0.029 1.101 -0.112 0.033 0.021 0.997 7331.3 4.0537 14.891542 1.133021 15.372279 14.239258 "" "" 1437.43201 1553.09485 20812.76981 19.869 9694.1 30.874 15976.0 32.299 "" "" 0.0029438286484025165 0.004443194 0.0043705828 0.008813776 90.33386174343 23.11287762126 1493.06042 1.1009999999999998 -0.11199999999999999
90.24133003089 23.032464447 0.0229 0.0192 18.3131 "" "" 3424543039040691200 1960.57202 0.4639 0.0281 -2.286 -2.705 0.031 0.02 1.005 "" "" 14.895939 1.637337 15.665171 14.027834 44.51 7.76 1869.35193 2058.41968 20728.66258 5.9137 7402.0 13.59 19410.0 18.295 "" "" 0.0027726764892595248 0.0034290955 0.003915483 0.0073445784 90.24133003089 23.032464447 1960.57202 -2.286 -2.7049999999999996
90.52428881499 23.08045716234 0.0255 0.0213 20.5482 "" "" 3424591146971551488 1948.8429 0.4715 0.0279 0.561 0.415 0.032 0.023 1.102 9034.7 4.0325 14.909731 1.222098 15.434525 14.212427 "" "" 1853.01294 2066.04395 20467.01784 7.2049 9153.9 17.228 16375.0 21.83 "" "" 0.002781702887958498 0.003458399 0.0040470697 0.007505469 90.52428881499 23.08045716234 1948.8429 0.5610000000000003 0.41500000000000004
90.5442518303 23.29827986031 0.0258 0.0219 14.9415 "" "" 3424646564932631680 1855.9624 0.4977 0.0298 1.391 -0.849 0.034 0.023 1.109 7964.3 4.1145 14.917496 0.975364 15.312349 14.336986 "" "" 1767.2655 1964.98022 20321.15145 6.0878 10244.0 13.86 14600.0 17.134 "" "" 0.0027744524237562087 0.0031532478 0.0039883903 0.007141638 90.5442518303 23.29827986031 1855.9624 1.3910000000000002 -0.849
89.97793353498 23.2971669115 0.1317 0.1201 16.5992 "" "" 3424565136648776960 2127.65332 0.5216 0.1721 -0.729 -2.261 0.162 0.135 5.428 9784.1 3.9642 14.919684 1.126566 15.368133 14.241567 "" "" 1580.23047 3147.96924 20280.23973 28.363 9731.1 18.448 15942.0 19.923 "" "" 0.003146030911442598 0.0034672332 0.0040155705 0.0074828034 89.97793353498 23.2971669115 2127.65332 -0.7290000000000001 -2.261
89.9155288089 23.42558666151 0.0254 0.0221 20.5783 "" "" 3424851284551232128 1880.17224 0.4965 0.0313 0.212 -2.147 0.034 0.024 1.109 9682.9 3.6169 14.929288 1.164364 15.414135 14.249771 "" "" 1753.25647 1985.62634 20101.63984 6.3772 9327.4 14.295 15822.0 15.547 "" "" 0.0027767667153805386 0.0032486727 0.0039270762 0.007175749 89.9155288089 23.42558666151 1880.17224 0.212 -2.147
90.05801128624 23.25002304877 0.1379 0.113 13.0844 "" "" 3424564105856621056 1504.40552 0.7249 0.1517 2.321 -5.383 0.169 0.113 7.811 "" "" 14.933499 1.178586 15.295221 14.116635 58.38 10.52 1240.35168 1865.71692 20023.81994 25.592 10407.0 29.08 17886.0 62.311 "" "" 0.0030850245683870983 0.0041218023 0.005347039 0.009468841 90.05801128624 23.25002304877 1504.40552 2.321 -5.382999999999999
90.22149251136 23.47110845994 0.0246 0.0206 8.6486 "" "" 3424667666108468224 1895.25476 0.4809 0.0281 1.598 -1.067 0.03 0.021 0.988 7242.6 3.2675 14.936539 2.098622 16.007273 13.90865 32.11 5.86 1793.81238 2004.58008 19967.85243 7.6523 5401.4 15.45 21662.0 14.782 "" "" 0.0027865603163145995 0.004174906 0.003851319 0.008026225 90.22149251136 23.47110845994 1895.25476 1.5980000000000003 -1.067
90.14864301889 23.34657245127 0.0241 0.0202 7.0561 "" "" 3424660141325795200 1472.55823 0.6359 0.0271 0.029 -2.778 0.03 0.02 1.033 7252.5 4.1608 14.949909 1.097913 15.4081 14.310187 "" "" 1415.47119 1540.73926 19723.4605 5.5988 9379.4 17.624 14965.0 13.969 "" "" 0.0027725039554417187 0.0034564578 0.003912909 0.0073693665 90.14864301889 23.34657245127 1472.55823 0.029 -2.778
90.50039961548 23.10283926204 0.0266 0.0221 18.6687 "" "" 3424591421849457536 1545.58374 0.6057 0.0305 -0.09 -1.337 0.033 0.024 1.091 9560.8 4.2207 14.95593 1.086708 15.394362 14.307654 "" "" 1472.75549 1606.89185 19614.38531 6.9251 9498.9 19.895 15000.0 79.707 "" "" 0.0027818578694871012 0.0035994763 0.0068970667 0.010496543 90.50039961548 23.10283926204 1545.58374 -0.09 -1.337
90.19801262665 22.97718172911 0.028 0.023 21.9567 "" "" 3424542493581482880 1462.61536 0.6411 0.033 5.327 -7.797 0.039 0.025 1.19 5792.4 3.8938 14.957485 1.206353 15.477306 14.270953 "" "" 1387.44385 1533.69128 19586.30441 6.3034 8800.2 14.814 15516.0 14.792 "" "" 0.002777387823571532 0.0033354943 0.003918559 0.007254053 90.19801262665 22.97718172911 1462.61536 5.327 -7.797
90.42705786631 23.32394503724 0.0898 0.0747 8.3424 "" "" 3424650142642782080 2161.86182 0.4453 0.0972 0.334 -4.525 0.12 0.086 3.987 7972.7 4.1485 14.985567 1.743047 15.798106 14.055059 8.49 7.25 1764.49341 2655.18701 19086.21166 23.589 6549.0 13.819 18929.0 21.116 "" "" 0.0030647079654071603 0.0036102284 0.003968713 0.007578941 90.42705786631 23.32394503724 2161.86182 0.3340000000000001 -4.525
90.26433629799 23.43074575681 0.0244 0.0201 5.7225 "" "" 3424666566596840704 1842.72693 0.5016 0.0264 0.248 -2.222 0.031 0.021 1.003 9290.0 3.9539 14.990517 0.944111 15.372569 14.428458 "" "" 1754.703 1966.12854 18999.40417 5.8774 9691.5 13.825 13421.0 19.44 "" "" 0.0027757156205893948 0.0031912166 0.004093531 0.0072847474 90.26433629799 23.43074575681 1842.72693 0.24799999999999997 -2.222
90.29698667759 23.32134254831 0.0239 0.0203 1.4434 "" "" 3424656327394819968 2000.6626 0.4599 0.0268 0.129 -2.05 0.032 0.022 1.004 7963.7 4.0081 14.99465 1.093185 15.449198 14.356012 "" "" 1919.854 2119.74731 18927.2198 5.4288 9031.0 18.484 14347.0 19.056 "" "" 0.002772863053509917 0.0035669664 0.004045167 0.0076121334 90.29698667759 23.32134254831 2000.6626 0.129 -2.05
90.39617260971 23.43169725157 0.0253 0.021 8.7534 "" "" 3424663130622990080 1540.6615 0.6142 0.0296 1.835 -4.676 0.034 0.024 1.088 7199.1 3.882 15.016152 1.377173 15.628739 14.251566 -29.84 12.69 1476.38989 1608.93274 18556.05668 5.693 7654.6 9.5797 15795.0 17.703 "" "" 0.0027753824312516497 0.0031034448 0.0039704596 0.0070739044 90.39617260971 23.43169725157 1540.6615 1.8349999999999997 -4.675999999999999
90.18846102309 23.32159208883 0.0273 0.0222 4.911 "" "" 3424656911510387072 1604.14514 0.5804 0.0302 -2.761 -3.728 0.034 0.022 1.133 7087.3 3.9066 15.029546 1.283575 15.584942 14.301367 "" "" 1512.41931 1723.29065 18328.55959 6.4718 7969.7 18.153 15087.0 21.923 "" "" 0.002781863392966914 0.0037283995 0.0040954645 0.007823864 90.18846102309 23.32159208883 1604.14514 -2.7610000000000006 -3.728
90.22925570848 23.27975198815 0.027 0.0233 4.2522 "" "" 3424655811998760192 1672.83435 0.5611 0.0326 1.346 1.551 0.035 0.023 1.097 7488.8 4.0957 15.033835 1.132015 15.510677 14.378662 "" "" 1601.36951 1810.22083 18256.29751 7.3473 8533.9 19.366 14051.0 20.067 "" "" 0.002789752929006431 0.0037223208 0.004085105 0.0078074257 90.22925570848 23.27975198815 1672.83435 1.346 1.551
90.27605176253 23.16205568529 0.0291 0.0241 10.4363 "" "" 3424640968592213248 1863.40735 0.4759 0.0337 1.761 2.412 0.039 0.025 1.146 "" "" 15.045359 2.625556 16.502775 13.877219 66.82 5.57 1775.07227 1990.96106 18063.55184 11.762 3422.2 26.384 22298.0 23.362 "" "" 0.0028445736184066935 0.008823432 0.003946864 0.012770296 90.27605176253 23.16205568529 1863.40735 1.761 2.412
90.22931018193 23.41147473769 0.0269 0.0217 5.2136 "" "" 3424660862880277632 1565.00183 0.5973 0.0298 1.867 -5.734 0.034 0.022 1.076 7044.2 4.0767 15.046114 1.24822 15.58726 14.339041 "" "" 1493.83459 1627.27808 18050.9993 5.7128 7952.7 19.148 14573.0 16.068 "" "" 0.002776663581058335 0.0038234685 0.0039644446 0.007787913 90.22931018193 23.41147473769 1565.00183 1.867 -5.733999999999999
90.09352219721 23.23398183307 0.0271 0.022 11.7828 "" "" 3424654708190452608 1623.39392 0.579 0.03 -1.139 1.518 0.035 0.023 0.936 5313.1 3.5222 15.083241 1.840352 15.979543 14.139191 59.54 5.86 1536.36633 1715.61194 17444.18085 8.3782 5541.1 14.563 17518.0 36.264 "" "" 0.002804231479932446 0.0039909347 0.004397198 0.008388133 90.09352219721 23.23398183307 1623.39392 -1.139 1.5179999999999998
90.02061935244 23.54123937421 0.0306 0.0265 18.698 "" "" 3424853822873368064 1569.62341 0.5976 0.038 0.893 -4.27 0.037 0.025 1.133 5034.8 3.6078 15.12979 1.558766 15.854861 14.296095 -9.92 8.77 1495.12036 1682.23511 16712.08494 5.5067 6215.4 17.165 15161.0 18.094 "" "" 0.0027784487883324178 0.0040958324 0.0039953436 0.008091176 90.02061935244 23.54123937421 1569.62341 0.8929999999999999 -4.27
90.54523478713 23.28697209452 0.0285 0.0235 15.1129 "" "" 3424646363071053696 1966.97144 0.4695 0.0323 0.205 -4.436 0.04 0.025 1.055 7988.6 4.1032 15.139128 1.025267 15.558476 14.533209 "" "" 1837.99304 2100.53784 16568.96937 5.5582 8166.3 11.429 12186.0 29.103 "" "" 0.002779288597478823 0.0031771052 0.004583375 0.00776048 90.54523478713 23.28697209452 1966.97144 0.20500000000000004 -4.436
90.60330304837 23.26751613245 0.0323 0.0279 18.4873 "" "" 3424646947186598784 1942.9574 0.4695 0.0339 -0.112 -1.713 0.039 0.027 1.126 8974.3 3.6031 15.146678 1.506778 15.82713 14.320353 "" "" 1804.74475 2053.75244 16454.15582 19.31 6376.2 48.175 14826.0 40.299 "" "" 0.003035675441802932 0.008664744 0.004795117 0.013459861 90.60330304837 23.26751613245 1942.9574 -0.11200000000000002 -1.713
90.35882882648 23.61131002843 0.0331 0.0282 17.1333 "" "" 3424670719829142016 1575.10803 0.5947 0.039 -0.163 -5.469 0.04 0.029 0.976 6992.0 3.6803 15.162134 1.458729 15.821395 14.362666 "" "" 1501.57556 1656.55798 16221.5739 6.2645 6410.0 25.091 14259.0 18.278 "" "" 0.002787040746231874 0.0050840103 0.004027495 0.009111505 90.35882882648 23.61131002843 1575.10803 -0.16300000000000003 -5.469
90.55702613612 23.3035407347 0.0272 0.023 15.5948 "" "" 3424647840539797888 1522.18481 0.6103 0.0311 -0.287 -3.598 0.037 0.024 1.015 7491.7 3.9873 15.166113 1.405189 15.792126 14.386937 "" "" 1458.27979 1588.60645 16162.23896 4.9745 6585.2 12.711 13944.0 20.192 "" "" 0.0027755110248569707 0.003489574 0.004093365 0.0075829388 90.55702613612 23.3035407347 1522.18481 -0.287 -3.598
90.07422070768 23.52049332675 0.0284 0.0238 15.6907 "" "" 3424850936655328896 1531.04004 0.6108 0.0307 -2.975 -5.738 0.038 0.026 0.988 6560.9 3.9912 15.171307 1.404318 15.799293 14.394975 "" "" 1463.61572 1612.13354 16085.10636 5.7536 6541.8 23.121 13841.0 26.66 "" "" 0.0027825557923483943 0.0047445185 0.004319407 0.009063926 90.07422070768 23.52049332675 1531.04004 -2.975 -5.738
90.2539329928 23.37377216957 0.0289 0.0235 2.5774 "" "" 3424657598705136256 1811.20789 0.507 0.0336 0.199 -2.178 0.035 0.024 1.044 "" "" 15.20327 1.015807 15.618098 14.602291 "" "" 1706.22791 1930.98889 15618.47933 5.1592 7730.0 17.087 11435.0 16.918 "" "" 0.0027785639282033345 0.0036803575 0.0041065863 0.0077869436 90.2539329928 23.37377216957 1811.20789 0.199 -2.178
90.24944779367 23.26391280141 0.0252 0.0213 4.5694 "" "" 3424655537120853120 1854.13916 0.5027 0.0304 -0.0 -2.093 0.033 0.022 1.042 8177.0 3.692 15.206985 1.237375 15.738614 14.501239 "" "" 1773.19641 1944.94666 15565.13428 4.9375 6917.9 12.169 12551.0 15.693 "" "" 0.002776762354018936 0.0033812232 0.004015798 0.007397021 90.24944779367 23.26391280141 1854.13916 4.336808689942018e-19 -2.093
90.25806341825 23.42166799859 0.0271 0.0225 5.2366 "" "" 3424666532237104000 1503.13 0.6311 0.0294 1.853 -3.294 0.034 0.023 1.005 8485.5 4.1989 15.211885 1.183878 15.71244 14.528562 "" "" 1444.83936 1577.14343 15495.05516 5.4173 7086.6 13.808 12239.0 15.172 "" "" 0.0027813445520212215 0.0035014958 0.004011888 0.007513384 90.25806341825 23.42166799859 1503.13 1.853 -3.294
90.36036704868 23.44682882467 0.0276 0.0233 8.1057 "" "" 3424663920897361664 2025.32788 0.456 0.0312 1.198 -3.263 0.037 0.026 1.049 7730.2 3.9894 15.224509 1.697919 16.030766 14.332847 -23.9 12.26 1885.69031 2168.44507 15315.91889 4.9543 5285.8 13.822 14656.0 17.629 "" "" 0.0027776133600925816 0.003980663 0.0039986633 0.007979326 90.36036704868 23.44682882467 2025.32788 1.1979999999999997 -3.2630000000000003
90.01149523154 23.57722763222 0.0269 0.0225 20.5375 "" "" 3424855059823978112 1730.72485 0.5403 0.0315 -1.291 -0.397 0.034 0.023 0.99 6646.2 4.0067 15.226342 1.464833 15.890791 14.425958 "" "" 1641.40833 1806.67468 15290.08334 4.6442 6013.1 14.4 13452.0 18.011 "" "" 0.002774985543281327 0.0038138584 0.004049318 0.007863176 90.01149523154 23.57722763222 1730.72485 -1.291 -0.39699999999999996
90.00508147288 23.60178382805 0.0263 0.0226 21.8399 "" "" 3424855235921092352 1883.85767 0.4779 0.0311 -0.45 0.466 0.033 0.023 0.941 5190.4 3.4998 15.234467 1.853016 16.144583 14.291567 71.41 8.52 1793.06213 1984.15747 15176.0957 4.9636 4759.7 16.129 15224.0 13.657 "" "" 0.002778109326767923 0.004617519 0.0039028665 0.008520385 90.00508147288 23.60178382805 1883.85767 -0.45 0.4660000000000001
90.23292389699 23.18901194376 0.0304 0.0253 9.136 "" "" 3424642063806625920 2144.98169 0.4229 0.0334 -0.477 -3.967 0.038 0.026 1.075 "" "" 15.234885 1.545724 15.938186 14.392462 "" "" 2006.28186 2304.74902 15170.24507 6.0205 5756.3 10.037 13873.0 18.828 "" "" 0.0027888086625208466 0.0033718038 0.0040564775 0.007428281 90.23292389699 23.18901194376 2144.98169 -0.477 -3.9669999999999996
90.62238618912 23.22681938926 0.1157 0.0991 20.1726 "" "" 3424598255140309888 1489.87341 0.6769 0.1188 2.249 -3.564 0.146 0.102 3.829 5497.4 4.5896 15.240464 1.275916 15.77688 14.500964 "" "" 1299.15271 1736.47974 15092.49395 11.567 6678.3 25.279 12554.0 23.354 "" "" 0.002878229825335408 0.0049674255 0.0042852336 0.009252659 90.62238618912 23.22681938926 1489.87341 2.2489999999999997 -3.564
90.15049439566 23.24330943212 0.0281 0.0236 8.884 "" "" 3424654609407932800 1473.10767 0.6394 0.0332 0.872 -3.978 0.037 0.023 0.913 6920.6 4.237 15.247954 1.16289 15.742901 14.58001 "" "" 1403.81287 1535.49463 14988.73118 5.2509 6890.6 13.473 11672.0 11.423 "" "" 0.002781449624977292 0.0035059655 0.0039259125 0.007431878 90.15049439566 23.24330943212 1473.10767 0.872 -3.9779999999999993
90.04215644017 23.12646869411 0.0311 0.0264 18.0158 "" "" 3424559810889346432 1693.83679 0.5455 0.0345 -0.011 -2.465 0.049 0.033 1.012 5443.1 3.3619 15.25447 1.895657 16.194242 14.298585 52.82 15.21 1603.69104 1790.95349 14899.05738 6.0429 4546.9 21.08 15126.0 12.601 "" "" 0.002790288347963896 0.0057551954 0.0038861078 0.009641303 90.04215644017 23.12646869411 1693.83679 -0.011000000000000001 -2.4649999999999994
90.51416524208 23.40117030027 0.0462 0.0387 13.6773 "" "" 3424652341665508224 1602.427 0.5887 0.0493 -0.742 -2.581 0.056 0.04 1.518 6884.7 4.1683 15.261456 1.252903 15.769479 14.516576 "" "" 1489.73755 1727.729 14803.50884 5.7367 6724.0 41.67 12375.0 89.302 "" "" 0.002787259955669836 0.0072841016 0.008698926 0.015983028 90.51416524208 23.40117030027 1602.427 -0.742 -2.5809999999999995
90.06915340023 23.52488972816 0.0295 0.0248 16.0744 "" "" 3424851009673277056 2054.18677 0.4443 0.0322 0.229 -3.051 0.041 0.027 0.949 9036.4 3.5089 15.270668 1.129256 15.744491 14.615234 "" "" 1941.18738 2186.7793 14678.43247 4.9269 6880.5 14.042 11300.0 19.062 "" "" 0.0027793166816996702 0.0035629875 0.00419979 0.0077627776 90.06915340023 23.52488972816 2054.18677 0.229 -3.0510000000000006
