Clusters/NGC_2129/NGC_2129_members.tsv
# %ECSV 1.0
# ---
# datatype:
# - name: RA_ICRS_1
#   unit: deg
#   datatype: float64
#   format: '{:15.11f}'
#   description: Right ascension (ICRS) at Ep=2016.0 (ra)
#   meta: !!omap
#   - {ucd: POS_EQ_RA_MAIN}
#   - {width: 15}
#   - {precision: '11'}
# - name: DE_ICRS_1
#   unit: deg
#   datatype: float64
#   format: '{:15.11f}'
#   description: Declination (ICRS) at Ep=2016.0 (dec)
#   meta: !!omap
#   - {ucd: POS_EQ_DEC_MAIN}
#   - {width: 15}
#   - {precision: '11'}
# - name: e_RA_ICRS
#   unit: mas
#   datatype: float64
#   format: '{:7.4f}'
#   description: Standard error of right ascension (ra_error)
#   meta: !!omap
#   - {ucd: ERROR}
#   - {width: 7}
#   - {precision: '4'}
# - name: e_DE_ICRS
#   unit: mas
#   datatype: float64
#   format: '{:7.4f}'
#   description: Standard error of declination (dec_error)
#   meta: !!omap
#   - {ucd: ERROR}
#   - {width: 7}
#   - {precision: '4'}
# - name: _r_1
#   unit: ''
#   datatype: float64
#   format: '{:7.4f}'
#   description: Distance from center (090.27620744000+23.33599446000)[ICRS], at Epoch=J2016.0
#   meta: !!omap
#   - {ucd: POS_ANG_DIST_GENERAL}
#   - {width: 7}
#   - {precision: '4'}
# - name: HIP
#   datatype: int32
#   description: '? HIP cross-id number, van Leeuwen, Cat. I/311 (hip_original_ext_source_id)'
#   meta: !!omap
#   - {ucd: ID_NUMBER}
#   - {width: 6}
#   - values: {'null': -2147483648}
# - name: TYC2
#   datatype: string
#   description: Tycho-2 cross-id name, Hog et al., Cat. I/259 (tyc2_original_ext_source_id)
#   meta: !!omap
#   - {ucd: ID_CROSSID}
#   - {_votable_string_dtype: char}
# - name: Source
#   datatype: int64
#   description: Source identifier, identical to the Gaia-EDR3 source_id (id)
#   meta: !!omap
#   - {ucd: ID_MAIN}
#   - {width: 19}
# - name: rgeo
#   unit: pc
#   datatype: float64
#   format: '{:15.8f}'
#   description: '? Median of the geometric distance posterior (r_med_geo)'
#   meta: !!omap
#   - {ucd: PHYS_DISTANCE_TRUE}
#   - {width: 15}
#   - {precision: '8'}
#   - values: {'null': .nan}
# - name: Plx
#   unit: mas
#   datatype: float64
#   format: '{:9.4f}'
#   description: '? Parallax (parallax)'
#   meta: !!omap
#   - {ucd: POS_PARLX_TRIG}
#   - {width: 9}
#   - {precision: '4'}
#   - values: {'null': .nan}
# - name: e_Plx
#   unit: mas
#   datatype: float32
#   format: '{:7.4f}'
#   description: '? Standard error of parallax (parallax_error)'
#   meta: !!omap
#   - {ucd: ERROR}
#   - {width: 7}
#   - {precision: '4'}
#   - values: {'null': .nan}
# - name: pmRA
#   unit: mas / yr
#   datatype: float64
#   format: '{:9.3f}'
#   description: '? Proper motion in right ascension direction, pmRA*cosDE (pmra)'
#   meta: !!omap
#   - {ucd: POS_EQ_PMRA}
#   - {width: 9}
#   - {precision: '3'}
#   - values: {'null': .nan}
# - name: pmDE
#   unit: mas / yr
#   datatype: float64
#   format: '{:9.3f}'
#   description: '? Proper motion in declination direction (pmdec)'
#   meta: !!omap
#   - {ucd: POS_EQ_PMDEC}
#   - {width: 9}
#   - {precision: '3'}
#   - values: {'null': .nan}
# - name: e_pmRA
#   unit: mas / yr
#   datatype: float32
#   format: '{:6.3f}'
#   description: '? Standard error of proper motion in right ascension direction (pmra_error)'
#   meta: !!omap
#   - {ucd: ERROR}
#   - {width: 6}
#   - {precision: '3'}
#   - values: {'null': .nan}
# - name: e_pmDE
[...]
#       distance: !astropy.table.SerializedColumn
#         __class__: astropy.coordinates.distances.Distance
#         unit: !astropy.units.Unit {unit: pc}
#         value: !astropy.table.SerializedColumn {name: SkyCoord.distance}
#       frame: icrs
#       obstime: !astropy.time.Time {format: jyear_str, in_subfmt: '*', jd1: 367701545.0, jd2: 0.0, out_subfmt: '*', precision: 3, scale: tt}
#       pm_dec: !astropy.table.SerializedColumn
#         __class__: astropy.units.quantity.Quantity
#         unit: !astropy.units.Unit {unit: mas / yr}
#         value: !astropy.table.SerializedColumn {name: SkyCoord.pm_dec}
#       pm_ra_cosdec: !astropy.table.SerializedColumn
#         __class__: astropy.units.quantity.Quantity
#         unit: !astropy.units.Unit {unit: mas / yr}
#         value: !astropy.table.SerializedColumn {name: SkyCoord.pm_ra_cosdec}
#       ra: !astropy.table.SerializedColumn
#         __class__: astropy.coordinates.angles.Longitude
#         unit: *id001
#         value: !astropy.table.SerializedColumn {name: SkyCoord.ra}
#         wrap_angle: !astropy.coordinates.Angle
#           unit: *id001
#           value: 360.0
#       representation_type: spherical
# schema: astropy-2.0
RA_ICRS_1 DE_ICRS_1 e_RA_ICRS e_DE_ICRS _r_1 HIP TYC2 Source rgeo Plx e_Plx pmRA pmDE e_pmRA e_pmDE RUWE Teff logg Gmag BP-RP BPmag RPmag RV e_RV b_rgeo B_rgeo FG e_FG FBP e_FBP FRP e_FRP RAVE5 RAVE6 e_Gmag e_BPmag e_RPmag e_BP-RP SkyCoord.ra SkyCoord.dec SkyCoord.distance SkyCoord.pm_ra_cosdec SkyCoord.pm_dec rmRA rmDE e_rmRA e_rmDE rRV e_rRV v_pec v_pec3d e_vpec e_vpec3d Pmemb
90.28187905926 23.30484775313 0.019 0.0157 1.8947 28513 1864-414-1 3424656293035086208 1885.25171 0.4932 0.0218 0.12 -2.203 0.025 0.017 1.085 6164.8 1.526 7.148981 0.944365 7.518074 6.573708 18.95 1.02 1815.05872 1953.83521 26022812.42596 28426.0 13433000.0 41732.0 18607000.0 72939.0 "" "" 0.002999732122090489 0.004377487 0.005691904 0.010069391 90.28187905926 23.30484775313 1885.25171 0.11999999999999997 -2.203 -0.09384210884571076 -0.02003519821166977 0.11735283 0.10935283 5.789999999999999 1.6845615 0.8574809054727569 5.853150733002727 0.10033853398507353 1.6664512756641952 1.0
90.2744579433 23.33898529311 0.0226 0.0195 0.2037 28510 1864-1676-1 3424657152028541312 2032.90308 0.4592 0.0281 0.241 -2.255 0.027 0.018 1.174 13645.0 2.6371 8.055546 0.864114 8.384508 7.520394 "" "" 1934.19751 2151.18481 11290894.81536 5722.3 6048000.0 9522.4 7780400.0 13268.0 "" "" 0.002809728370551049 0.0032722014 0.0042085443 0.0074807457 90.2744579433 23.33898529311 2032.90308 0.24100000000000016 -2.255 0.027157891154289238 -0.07203519821166982 0.11935283 0.11035283 "" "" 0.7418200839533382 "" 0.08272216307260201 "" 0.9
90.28973093116 23.34154536939 0.0159 0.0144 0.8161 "" 1864-1719-1 3424656499193508736 1797.40271 0.5299 0.0208 0.238 -2.179 0.019 0.014 1.028 18266.2 3.3781 10.213904 0.874482 10.562255 9.687773 "" "" 1738.66028 1866.63403 1546625.04956 3426.4 813800.0 3859.4 1056900.0 6609.8 "" "" 0.0036575226862437856 0.005856422 0.0077710827 0.013627505 90.28973093116 23.34154536939 1797.40271 0.2379999999999999 -2.179 0.024157891154289235 0.003964801788330252 0.11135283 0.10635283 "" "" 0.20857119816796107 "" 0.023198239019960286 "" 1.0
90.32280737083 23.32534535433 0.0156 0.0132 2.6457 "" 1864-764-1 3424656258675336960 1877.96155 0.4908 0.0187 0.245 -2.195 0.02 0.015 0.901 6565.6 2.6515 11.283454 0.704994 11.547784 10.84279 "" "" 1818.05542 1951.45801 577517.53794 230.93 328320.0 252.29 364790.0 138.84 "" "" 0.0027893144932480034 0.0029122361 0.003801906 0.006714142 90.32280737083 23.32534535433 1877.96155 0.2450000000000002 -2.194999999999998 0.03115789115428924 -0.012035198211669762 0.11235283 0.10735283 "" "" 0.29732470971539104 "" 0.033216023901047706 "" 0.9
90.27180618167 23.35704173463 0.016 0.0137 1.2859 "" 1864-504-1 3424657323827229696 1824.71704 0.5008 0.019 0.217 -2.154 0.02 0.013 0.934 15800.4 3.6771 11.29379 0.644103 11.531818 10.887715 "" "" 1767.59277 1885.81677 572046.0288 205.99 333190.0 257.12 350000.0 116.29 "" "" 0.002782920079005252 0.0029132536 0.0037965593 0.006709813 90.27180618167 23.35704173463 1824.71704 0.217 -2.154 0.003157891154289244 0.028964801788330163 0.11235283 0.105352834 "" "" 0.25200567822060244 "" 0.02657091404904102 "" 1.0
90.27070830657 23.32883846351 0.0153 0.0131 0.5255 "" "" 3424657117668804864 1906.44495 0.4785 0.0182 0.014 -1.96 0.019 0.013 1.042 "" "" 11.812284 0.79929 12.118772 11.319482 "" "" 1836.83069 1981.34705 354840.26203 122.82 194050.0 157.08 235160.0 217.2 "" "" 0.002780830355198018 0.002925318 0.0039101616 0.0068354793 90.27070830657 23.32883846351 1906.44495 0.014000000000000002 -1.9599999999999984 -0.19984210884571074 0.2229648017883301 0.11135283 0.105352834 "" "" 2.7056908487604603 "" 0.29239544207792006 "" 0.9
90.30996242983 23.3024827458 0.0111 0.0092 2.739 "" "" 3424656116938717056 1861.95667 0.4956 0.0131 0.275 -2.101 0.015 0.01 0.903 "" "" 12.002374 0.75856 12.291257 11.532697 "" "" 1817.57324 1909.61389 297849.84454 69.658 165540.0 144.74 193230.0 67.247 "" "" 0.0027669956743753554 0.0029472436 0.003798223 0.006745467 90.30996242983 23.3024827458 1861.95667 0.275 -2.101 0.06115789115428927 0.0819648017883301 0.10735283 0.10235283 "" "" 0.9025742775204078 "" 0.09401985707839765 "" 1.0
90.26248575924 23.30062718227 0.0119 0.0095 2.2527 "" "" 3424655979499763968 1922.27014 0.4827 0.0141 0.313 -2.18 0.015 0.01 0.919 6172.1 2.6585 12.017111 0.805905 12.328739 11.522834 "" "" 1875.20312 1979.58154 293834.13502 62.017 159930.0 189.33 195000.0 100.24 "" "" 0.0027648331336792217 0.003071989 0.0038203704 0.0068923593 90.26248575924 23.30062718227 1922.27014 0.31299999999999967 -2.1799999999999997 0.09915789115428925 0.0029648017883299183 0.10735283 0.10235283 "" "" 0.9038868867272661 "" 0.09703087288065856 "" 1.0
90.2884445135 23.3184734323 0.0122 0.0102 1.2489 "" 1864-630-1 3424656323097146112 2048.19385 0.4551 0.0145 0.326 -2.259 0.016 0.011 0.979 14697.3 3.6282 12.025238 0.878981 12.371261 11.49228 "" "" 1978.47107 2131.34448 291643.10571 54.169 153780.0 88.358 200560.0 90.129 "" "" 0.002762690145426267 0.002859059 0.0038107464 0.0066698054 90.2884445135 23.3184734323 2048.19385 0.326 -2.259000000000001 0.11215789115428926 -0.07603519821166982 0.10835283 0.10335283 "" "" 1.3155111581867374 "" 0.1405014652209279 "" 1.0
90.16016087031 23.37503114629 0.0475 0.0388 6.8079 "" 1864-86-1 3424660347484218752 1576.13184 0.6062 0.0543 0.175 -2.278 0.055 0.038 3.566 "" "" 12.04014 0.658855 12.282784 11.623929 "" "" 1457.1073 1779.28394 287667.42887 62.089 166840.0 140.94 177660.0 120.93 "" "" 0.0027652676368374184 0.0029370533 0.0038509623 0.0067880154 90.16016087031 23.37503114629 1576.13184 0.175 -2.278 -0.038842108845710765 -0.09503519821166995 0.14735283 0.13035282 "" "" 0.7670071203733658 "" 0.10195023094978041 "" 0.9
90.29511151581 23.35898406575 0.0126 0.0108 1.7283 "" 1864-1617-1 3424657289467486848 1878.74377 0.5115 0.0151 0.213 -2.168 0.016 0.011 1.034 "" "" 12.351011 0.812501 12.664482 11.851981 "" "" 1823.35229 1924.36755 216043.92865 57.729 117390.0 95.84 144000.0 171.68 "" "" 0.0027705520167446247 0.002927591 0.003994909 0.0069225 90.29511151581 23.35898406575 1878.74377 0.21300000000000013 -2.168000000000001 -0.0008421088457107595 0.014964801788329929 0.10835283 0.10335283 "" "" 0.13347606603972068 "" 0.013797286590102513 "" 1.0
90.24338979681 23.32571602021 0.0149 0.0127 1.9103 "" "" 3424656808431163904 1859.00513 0.5112 0.0174 0.215 -2.128 0.018 0.013 1.076 14682.8 3.7637 12.376581 0.660718 12.622678 11.96196 "" "" 1804.66211 1930.34644 211015.49685 50.893 122000.0 93.809 130130.0 63.78 "" "" 0.002767735481968129 0.0029123914 0.003816662 0.0067290533 90.24338979681 23.32571602021 1859.00513 0.21499999999999972 -2.128 0.0011578911542892423 0.054964801788329964 0.11035283 0.105352834 "" "" 0.4844399380828723 "" 0.05103822024183431 "" 1.0
90.27053760029 23.36218780879 0.0119 0.01 1.6023 "" "" 3424657323827629440 1825.73364 0.519 0.0139 0.205 -1.918 0.015 0.01 0.93 12870.4 3.6837 12.407337 0.806178 12.717866 11.911688 "" "" 1771.03735 1879.83167 205121.77162 64.59 111760.0 191.41 136300.0 127.12 "" "" 0.0027764498096168647 0.0033530418 0.0039126854 0.007265727 90.27053760029 23.36218780879 1825.73364 0.20499999999999988 -1.9180000000000001 -0.008842108845710767 0.26496480178833015 0.10735283 0.10235283 "" "" 2.2942758254856583 "" 0.23483869028276502 "" 0.9
90.29906802358 23.39547385432 0.0121 0.0103 3.7844 "" "" 3424663474220388096 1898.69775 0.4994 0.0137 0.11 -2.302 0.016 0.011 0.905 11617.6 3.8096 12.654049 0.829839 12.979021 12.149182 7.37 36.86 1834.4209 1947.2489 163428.32169 35.252 87864.0 55.565 109520.0 50.313 "" "" 0.002765255410177087 0.0028734112 0.0038121531 0.0066855643 90.29906802358 23.39547385432 1898.69775 0.11 -2.302 -0.10384210884571075 -0.11903519821166997 0.10835283 0.10335283 -5.79 37.524563 1.4216469215448488 5.961977857182794 0.15004436267378846 36.44215539469261 1.0
90.21539557078 23.41020608201 0.0135 0.0107 5.5717 "" "" 3424660828520542464 1870.01709 0.5065 0.0148 0.151 -2.154 0.017 0.011 0.989 "" "" 12.739527 0.682625 12.994775 12.31215 "" "" 1814.81714 1914.83264 151055.30935 60.597 86598.0 145.05 94254.0 90.511 "" "" 0.002789533011555442 0.0033305117 0.003920559 0.007251071 90.21539557078 23.41020608201 1870.01709 0.15099999999999988 -2.154 -0.06284210884571076 0.028964801788330163 0.10935283 0.10335283 "" "" 0.6133453644596075 "" 0.06644096521700303 "" 0.8
90.25646945646 23.32495210376 0.0187 0.0162 1.2734 "" "" 3424657113371127936 2045.1272 0.4492 0.0221 0.323 -2.051 0.023 0.016 1.526 12228.3 3.6668 13.18417 0.875619 13.52639 12.650771 "" "" 1952.82434 2140.14697 100294.86927 23.139 53071.0 29.017 69000.0 26.036 "" "" 0.002766682955857081 0.0028526217 0.0038015218 0.0066541433 90.25646945646 23.32495210376 2045.1272 0.32300000000000034 -2.051 0.10915789115428925 0.13196480178832992 0.11535283 0.10835283 "" "" 1.6601825280255815 "" 0.18469486205958927 "" 1.0
90.34188493735 23.38203682157 0.0133 0.0111 4.5518 "" "" 3424662546507449088 1766.62158 0.523 0.0152 0.308 -2.176 0.018 0.013 1.204 11686.8 3.8095 13.244286 0.830137 13.56758 12.737443 "" "" 1724.71655 1810.55762 94892.64375 35.156 51096.0 93.1 63706.0 48.422 "" "" 0.002784527042431102 0.0034203255 0.0038684322 0.0072887577 90.34188493735 23.38203682157 1766.62158 0.30799999999999966 -2.176 0.09415789115428924 0.006964801788329922 0.11035283 0.105352834 "" "" 0.7906121280784172 "" 0.08722525851375793 "" 1.0
90.28042519219 23.29065150187 0.0132 0.0111 2.7305 "" "" 3424655704621857920 1793.22974 0.512 0.0155 0.209 -2.202 0.016 0.012 1.047 6627.4 3.5193 13.27404 0.861065 13.612004 12.750939 "" "" 1743.15637 1850.62 92327.44224 20.652 49047.0 49.502 62919.0 34.868 "" "" 0.0027660025812022934 0.0029976398 0.003826977 0.006824617 90.28042519219 23.29065150187 1793.22974 0.20899999999999996 -2.202 -0.004842108845710763 -0.01903519821166988 0.10835283 0.10435283 "" "" 0.16695015420522188 "" 0.017463035730327765 "" 1.0
90.28959907543 23.39460862893 0.0139 0.0118 3.5934 "" "" 3424663439860650752 1859.07019 0.4973 0.0162 0.112 -1.963 0.018 0.012 1.094 12155.7 3.7536 13.298489 0.891962 13.650874 12.758912 "" "" 1811.33301 1902.20471 90271.61162 20.848 47322.0 40.063 62459.0 32.627 "" "" 0.002766706340006927 0.0029376787 0.003821701 0.00675938 90.28959907543 23.39460862893 1859.07019 0.1119999999999999 -1.9630000000000005 -0.10184210884571075 0.21996480178833 0.11035283 0.10435283 "" "" 2.1360010227271458 "" 0.22521308140994342 "" 0.8
90.22287704571 23.46966469552 0.0142 0.0118 8.5409 "" "" 3424667661810797952 1818.39453 0.5139 0.0165 0.256 -2.263 0.018 0.012 1.126 7321.9 3.7012 13.461454 0.795906 13.766932 12.971025 "" "" 1766.00732 1874.33789 77690.01042 28.448 42525.0 32.177 51375.0 34.656 "" "" 0.002783855116436667 0.0029086021 0.003849694 0.006758296 90.22287704571 23.46966469552 1818.39453 0.256 -2.2630000000000017 0.04215789115428925 -0.08003519821166982 0.11035283 0.10435283 "" "" 0.7796876052372264 "" 0.08240125457533952 "" 1.0
90.25779135499 23.30151332947 0.0136 0.0111 2.3043 "" "" 3424655945140025472 1856.97717 0.498 0.0161 0.241 -2.21 0.017 0.012 0.978 7443.0 3.5844 13.511415 0.92968 13.882762 12.953082 "" "" 1809.28857 1911.922 74196.08992 18.286 38222.0 37.026 52231.0 29.072 "" "" 0.00276828308025128 0.0029818204 0.0038273928 0.006809213 90.25779135499 23.30151332947 1856.97717 0.24100000000000016 -2.21 0.027157891154289238 -0.027035198211669886 0.10935283 0.10435283 "" "" 0.33729890455518813 "" 0.03605502249035979 "" 1.0
90.28489308144 23.29832024976 0.0157 0.0132 2.3106 "" "" 3424655915077964800 1916.77783 0.4811 0.0187 0.214 -2.067 0.02 0.014 1.177 6439.1 3.4856 13.614023 0.919131 13.980742 13.06161 "" "" 1846.69763 1982.93921 67505.22385 13.08 34924.0 32.606 47262.0 35.86 "" "" 0.002763339854374533 0.002968599 0.003868123 0.006836722 90.28489308144 23.29832024976 1916.77783 0.21400000000000016 -2.067 0.0001578911542892414 0.11596480178832991 0.11235283 0.10635283 "" "" 1.0536023043311258 "" 0.11205359716930441 "" 0.8
90.31150358933 23.275421563 0.0156 0.0132 4.1221 "" "" 3424644267126657792 1745.09192 0.5279 0.0185 0.272 -2.318 0.021 0.014 1.011 "" "" 13.934089 1.021396 14.350265 13.328869 "" "" 1695.73889 1799.71716 50270.2731 12.366 24849.0 23.662 36950.0 22.501 "" "" 0.0027682343535460514 0.002975557 0.0038367787 0.006812336 90.31150358933 23.275421563 1745.09192 0.27200000000000035 -2.317999999999999 0.058157891154289265 -0.13503519821166998 0.11335283 0.10635283 "" "" 1.2161658499589163 "" 0.13071130882167903 "" 1.0
90.29821502029 23.29941979307 0.0163 0.0139 2.5072 "" "" 3424656086876654720 1915.69397 0.4812 0.0193 0.287 -2.326 0.021 0.015 1.108 "" "" 14.042848 1.075542 14.487275 13.411733 "" "" 1851.67004 1981.01672 45478.67079 8.7415 21903.0 20.84 34235.0 23.119 "" "" 0.002763212096067606 0.0029752692 0.0038498454 0.0068251146 90.29821502029 23.29941979307 1915.69397 0.2870000000000001 -2.326 0.07315789115428922 -0.14303519821167 0.11335283 0.10735283 "" "" 1.4588414986432994 "" 0.1584654917387737 "" 1.0
90.34633412014 23.36133839214 0.0234 0.0199 4.1516 "" "" 3424662374708759424 1888.0448 0.5008 0.0276 0.201 -2.205 0.031 0.023 1.425 9686.4 3.7276 14.379195 0.876618 14.725485 13.848866 "" "" 1785.45532 1974.55286 33363.28164 9.1821 17588.0 30.11 22888.0 33.372 "" "" 0.002771475749100971 0.0033526053 0.0040975385 0.007450144 90.34633412014 23.36133839214 1888.0448 0.2010000000000002 -2.2049999999999996 -0.012842108845710742 -0.022035198211669993 0.123352826 0.11535283 "" "" 0.2282465275196781 "" 0.02680361267836836 "" 0.9
90.35615692535 23.33673866697 0.0212 0.0177 4.4048 "" "" 3424662095534462592 1976.62488 0.4622 0.0255 0.187 -2.223 0.029 0.02 1.104 7986.6 3.5052 14.44043 1.031208 14.863333 13.832125 "" "" 1884.41016 2080.65942 31533.69567 7.918 15491.0 23.132 23244.0 19.318 "" "" 0.002768774736084718 0.0032270106 0.00388561 0.0071126204 90.35615692535 23.33673866697 1976.62488 0.187 -2.223 -0.026842108845710755 -0.04003519821166979 0.12135283 0.11235283 "" "" 0.4516029101167109 "" 0.05203328447342743 "" 1.0
90.25341223866 23.31922549875 0.0204 0.0182 1.6092 "" "" 3424656739711687040 1924.68896 0.4743 0.0254 0.197 -2.234 0.024 0.017 0.916 "" "" 14.456183 0.879045 14.802469 13.923425 "" "" 1823.41077 2013.26636 31079.48234 7.8722 16384.0 16.538 21369.0 23.993 "" "" 0.0027690105215547748 0.0029976885 0.003971125 0.0069688135 90.25341223866 23.31922549875 1924.68896 0.197 -2.234 -0.016842108845710746 -0.05103519821166991 0.11635283 0.10935283 "" "" 0.49029350945347033 "" 0.05396171259393937 "" 1.0
90.25645033236 23.3322435751 0.0212 0.0186 1.1115 "" "" 3424657186388282880 1874.34131 0.4927 0.0248 0.227 -2.199 0.025 0.017 1.016 "" "" 14.490709 0.904872 14.85174 13.946868 "" "" 1783.61768 1962.82251 30106.6806 7.2775 15657.0 31.701 20913.0 26.264 "" "" 0.002767791263050585 0.0035521276 0.004017832 0.00756996 90.25645033236 23.3322435751 1874.34131 0.22699999999999995 -2.199 0.013157891154289253 -0.016035198211669766 0.11735283 0.10935283 "" "" 0.18428557198283266 "" 0.020757974752684753 "" 1.0
90.34519462436 23.45420931705 0.0218 0.0184 8.0462 "" "" 3424664127055406208 1924.63513 0.4755 0.0243 0.262 -2.194 0.028 0.02 1.053 9722.6 3.6902 14.502434 1.014851 14.91508 13.900229 "" "" 1847.45422 2022.04089 29783.33578 7.7403 14770.0 18.169 21831.0 24.716 "" "" 0.002769730773557338 0.003093358 0.003974255 0.0070676133 90.34519462436 23.45420931705 1924.63513 0.2620000000000001 -2.194 0.048157891154289256 -0.011035198211669872 0.120352834 0.11235283 "" "" 0.4507200842728299 "" 0.05407125282547781 "" 0.9
90.29991823018 23.30479856787 0.0205 0.0175 2.2826 "" "" 3424656121236392064 1898.6377 0.4875 0.0241 0.229 -2.198 0.026 0.018 1.096 "" "" 14.612049 0.972358 15.004793 14.032435 "" "" 1805.61401 1987.51965 26923.2376 7.2764 13599.0 15.283 19328.0 20.813 "" "" 0.0027709013266918577 0.003045308 0.00395609 0.007001398 90.29991823018 23.30479856787 1898.6377 0.22899999999999984 -2.198 0.015157891154289255 -0.015035198211669876 0.11835283 0.11035283 "" "" 0.19213946721562397 "" 0.021991370980790608 "" 1.0
