Clusters/IC_348/IC_348_stars_in_region.tsv
# %ECSV 1.0
# ---
# datatype:
# - name: RA_ICRS_1
#   unit: deg
#   datatype: float64
#   format: '{:15.11f}'
#   description: Right ascension (ICRS) at Ep=2016.0 (ra)
#   meta: !!omap
#   - {ucd: POS_EQ_RA_MAIN}
#   - {width: 15}
#   - {precision: '11'}
# - name: DE_ICRS_1
#   unit: deg
#   datatype: float64
#   format: '{:15.11f}'
#   description: Declination (ICRS) at Ep=2016.0 (dec)
#   meta: !!omap
#   - {ucd: POS_EQ_DEC_MAIN}
#   - {width: 15}
#   - {precision: '11'}
# - name: e_RA_ICRS
#   unit: mas
#   datatype: float64
#   format: '{:7.4f}'
#   description: Standard error of right ascension (ra_error)
#   meta: !!omap
#   - {ucd: ERROR}
#   - {width: 7}
#   - {precision: '4'}
# - name: e_DE_ICRS
#   unit: mas
#   datatype: float64
#   format: '{:7.4f}'
#   description: Standard error of declination (dec_error)
#   meta: !!omap
#   - {ucd: ERROR}
#   - {width: 7}
#   - {precision: '4'}
# - name: _r_1
#   unit: ''
#   datatype: float64
#   format: '{:8.4f}'
#   description: Distance from center (056.13530962000+32.18369682000)[ICRS], at Epoch=J2016.0
#   meta: !!omap
#   - {ucd: POS_ANG_DIST_GENERAL}
#   - {width: 8}
#   - {precision: '4'}
# - name: HIP
#   datatype: int32
#   description: '? HIP cross-id number, van Leeuwen, Cat. I/311 (hip_original_ext_source_id)'
#   meta: !!omap
#   - {ucd: ID_NUMBER}
#   - {width: 6}
#   - values: {'null': -2147483648}
# - name: TYC2
#   datatype: string
#   description: Tycho-2 cross-id name, Hog et al., Cat. I/259 (tyc2_original_ext_source_id)
#   meta: !!omap
#   - {ucd: ID_CROSSID}
#   - {_votable_string_dtype: char}
# - name: Source
#   datatype: int64
#   description: Source identifier, identical to the Gaia-EDR3 source_id (id)
#   meta: !!omap
#   - {ucd: ID_MAIN}
#   - {width: 19}
# - name: rgeo
#   unit: pc
#   datatype: float64
#   format: '{:15.8f}'
#   description: '? Median of the geometric distance posterior (r_med_geo)'
#   meta: !!omap
#   - {ucd: PHYS_DISTANCE_TRUE}
#   - {width: 15}
#   - {precision: '8'}
#   - values: {'null': .nan}
# - name: Plx
#   unit: mas
#   datatype: float64
#   format: '{:9.4f}'
#   description: '? Parallax (parallax)'
#   meta: !!omap
#   - {ucd: POS_PARLX_TRIG}
#   - {width: 9}
#   - {precision: '4'}
#   - values: {'null': .nan}
# - name: e_Plx
#   unit: mas
#   datatype: float32
#   format: '{:7.4f}'
#   description: '? Standard error of parallax (parallax_error)'
#   meta: !!omap
#   - {ucd: ERROR}
#   - {width: 7}
#   - {precision: '4'}
#   - values: {'null': .nan}
# - name: pmRA
#   unit: mas / yr
#   datatype: float64
#   format: '{:9.3f}'
#   description: '? Proper motion in right ascension direction, pmRA*cosDE (pmra)'
#   meta: !!omap
#   - {ucd: POS_EQ_PMRA}
#   - {width: 9}
#   - {precision: '3'}
#   - values: {'null': .nan}
# - name: pmDE
#   unit: mas / yr
#   datatype: float64
#   format: '{:9.3f}'
#   description: '? Proper motion in declination direction (pmdec)'
#   meta: !!omap
#   - {ucd: POS_EQ_PMDEC}
#   - {width: 9}
#   - {precision: '3'}
#   - values: {'null': .nan}
# - name: e_pmRA
#   unit: mas / yr
#   datatype: float32
#   format: '{:6.3f}'
#   description: '? Standard error of proper motion in right ascension direction (pmra_error)'
#   meta: !!omap
#   - {ucd: ERROR}
#   - {width: 6}
#   - {precision: '3'}
#   - values: {'null': .nan}
# - name: e_pmDE
[...]
#         value: !astropy.table.SerializedColumn {name: SkyCoord.dec}
#       distance: !astropy.table.SerializedColumn
#         __class__: astropy.coordinates.distances.Distance
#         unit: !astropy.units.Unit {unit: pc}
#         value: !astropy.table.SerializedColumn {name: SkyCoord.distance}
#       frame: icrs
#       obstime: !astropy.time.Time {format: jyear_str, in_subfmt: '*', jd1: 367701545.0, jd2: 0.0, out_subfmt: '*', precision: 3, scale: tt}
#       pm_dec: !astropy.table.SerializedColumn
#         __class__: astropy.units.quantity.Quantity
#         unit: !astropy.units.Unit {unit: mas / yr}
#         value: !astropy.table.SerializedColumn {name: SkyCoord.pm_dec}
#       pm_ra_cosdec: !astropy.table.SerializedColumn
#         __class__: astropy.units.quantity.Quantity
#         unit: !astropy.units.Unit {unit: mas / yr}
#         value: !astropy.table.SerializedColumn {name: SkyCoord.pm_ra_cosdec}
#       ra: !astropy.table.SerializedColumn
#         __class__: astropy.coordinates.angles.Longitude
#         unit: *id001
#         value: !astropy.table.SerializedColumn {name: SkyCoord.ra}
#         wrap_angle: !astropy.coordinates.Angle
#           unit: *id001
#           value: 360.0
#       representation_type: spherical
# schema: astropy-2.0
RA_ICRS_1 DE_ICRS_1 e_RA_ICRS e_DE_ICRS _r_1 HIP TYC2 Source rgeo Plx e_Plx pmRA pmDE e_pmRA e_pmDE RUWE Teff logg Gmag BP-RP BPmag RPmag RV e_RV b_rgeo B_rgeo FG e_FG FBP e_FBP FRP e_FRP RAVE5 RAVE6 e_Gmag e_BPmag e_RPmag e_BP-RP SkyCoord.ra SkyCoord.dec SkyCoord.distance SkyCoord.pm_ra_cosdec SkyCoord.pm_dec rmRA rmDE e_rmRA e_rmDE rRV e_rRV v_pec v_pec3d e_vpec e_vpec3d
[from data line 546]
56.1238681318 32.17770729267 0.0579 0.0356 0.6832 "" "" 216681516696833408 312.435425 3.122 0.068 4.122 -6.234 0.084 0.049 1.179 5309.5 4.1753 15.592639 2.844027 17.165241 14.321215 "" "" 305.117249 320.92804 10911.66373 39.704 1859.2 38.877 14814.0 115.86 "" "" 0.004816570776024588 0.02287421 0.009294604 0.032168813 56.1238681318 32.17770729267 312.435425 4.122000000000002 -6.233999999999996 -0.276359775543213 0.08433696365356447 0.526558 0.49155796 "" "" 0.4279068186696252 "" 0.2240808153670612 ""
57.91265987856 31.66081066762 0.0664 0.0491 95.7947 "" "" 216746731482060416 271.346558 3.6355 0.0708 6.238 -9.935 0.097 0.068 1.859 3510.4 3.9719 15.598275 3.067284 17.382542 14.315258 "" "" 266.10199 276.893372 10855.16853 19.284 1521.9 16.945 14896.0 71.3 "" "" 0.0033633344548105446 0.012406522 0.0064258445 0.018832367 57.91265987856 31.66081066762 271.346558 6.2379999999999995 -9.935 1.8396402244567875 -3.616663036346436 0.53955793 0.51055795 "" "" 5.218879829417473 "" 2.696343700225806 ""
56.15783702904 32.13446810038 0.0467 0.0309 3.1676 "" "" 216678321241170432 312.342529 3.1492 0.063 3.909 -6.277 0.062 0.041 1.076 9898.2 4.3742 15.599383 3.028567 17.343493 14.314925 "" "" 306.83313 318.962158 10844.09796 38.444 1577.7 36.898 14900.0 140.05 "" "" 0.004733643004414478 0.025545176 0.010882539 0.036427714 56.15783702904 32.13446810038 312.342529 3.908999999999998 -6.277 -0.4893597755432131 0.04133696365356432 0.50455797 0.48355797 "" "" 0.7270791170322536 "" 0.36674762048345194 ""
56.40615986376 30.65277437297 0.0515 0.0281 92.8962 "" "" 216227590193450240 367.84201 2.6929 0.0659 42.24 -27.343 0.06 0.036 0.98 4492.8 4.4852 15.600569 1.782728 16.46861 14.685883 "" "" 360.350586 377.490204 10832.26141 5.1861 3531.6 11.317 10588.0 17.087 "" "" 0.0028039246817121713 0.0044598365 0.0041657924 0.008625628 56.40615986376 30.65277437297 367.84201 42.23999999999996 -27.34299999999998 37.84164022445679 -21.024663036346436 0.50255793 0.47855794 "" "" 75.47923620758688 "" 37.51328482618198 ""
56.8665223001 33.37550806802 0.0302 0.0237 80.4611 "" "" 217155406209032576 324.850006 3.0404 0.0384 7.413 -22.375 0.047 0.032 1.034 4515.9 4.6597 15.603593 1.977851 16.598814 14.620963 "" "" 320.655457 329.4664 10802.13465 2.8336 3132.5 7.9421 11240.0 12.305 "" "" 0.0027700009745014824 0.0039195335 0.0039618835 0.007881417 56.8665223001 33.37550806802 324.850006 7.413 -22.375 3.0146402244567874 -16.056663036346436 0.48955795 0.47455797 "" "" 25.15585920914623 "" 11.950957592493467 ""
57.38586356333 30.90600601973 0.0351 0.0247 99.8279 "" "" 168282217433842560 344.312012 2.8704 0.038 9.114 -13.257 0.045 0.032 1.064 4427.4 4.5881 15.604283 1.934941 16.568937 14.633996 "" "" 340.118652 349.154419 10795.26669 3.2606 3219.9 11.977 11106.0 15.918 "" "" 0.002774766856423205 0.004908694 0.0040872204 0.008995915 57.38586356333 30.90600601973 344.312012 9.113999999999999 -13.257000000000001 4.715640224456788 -6.938663036346435 0.48755795 0.47455797 "" "" 13.691854215290757 "" 6.554337941419707 ""
56.11099747063 32.06619010954 0.0594 0.0383 7.1578 "" "" 216677530967198976 296.459717 3.3176 0.068 8.889 -4.852 0.075 0.05 1.148 "" "" 15.604933 3.661427 17.873714 14.212288 "" "" 290.441925 301.782837 10788.81227 23.75 968.12 12.482 16377.0 123.38 "" "" 0.0036475087819303545 0.01427379 0.009010572 0.02328436 56.11099747063 32.06619010954 296.459717 8.888999999999996 -4.852 4.4906402244567865 1.4663369636535641 0.517558 0.49255797 "" "" 6.63822772130189 "" 3.420028489767521 ""
56.69607914248 33.58653507949 0.0278 0.0212 88.7856 "" "" 217912179446751872 381.732391 2.5744 0.0349 -0.161 -0.397 0.038 0.027 0.984 4549.0 4.649 15.612943 1.870135 16.53741 14.667275 "" "" 376.984283 386.137024 10709.51418 2.9872 3314.8 8.1902 10771.0 13.156 "" "" 0.002771913389589695 0.0038706039 0.004005296 0.0078759 56.69607914248 33.58653507949 381.732391 -0.16100000000000003 -0.3970000000000001 -4.5593597755432125 5.921336963653564 0.48055795 0.46955797 "" "" 13.522248592547827 "" 6.40524691702765 ""
54.80331520209 31.27909608374 0.0594 0.0444 86.9829 "" "" 120470229176571776 366.959167 2.6882 0.0654 9.912 -6.805 0.077 0.06 1.652 5703.6 4.3506 15.61434 2.458865 16.933002 14.474137 4.79 6.55 358.164185 375.705994 10695.74105 8.0932 2302.6 13.076 12868.0 21.78 "" "" 0.0028751926626083973 0.006767615 0.004202477 0.010970092 54.80331520209 31.27909608374 366.959167 9.911999999999999 -6.804999999999996 5.513640224456788 -0.48666303634643526 0.51955795 0.50255793 -6.120222222222224 9.453584 9.627636691508307 11.408264912468495 5.0008704987413255 6.597889387733798
57.839629249 32.38001904769 0.0304 0.0221 87.2509 "" "" 216851769201927680 268.917023 3.6664 0.0423 -17.656 -31.115 0.044 0.032 1.03 4238.4 4.6676 15.623443 2.119323 16.716314 14.596992 "" "" 266.272858 272.341736 10606.44294 3.8445 2811.2 10.411 11491.0 10.04 "" "" 0.0027832835082208167 0.0048941616 0.0038966192 0.008790781 57.839629249 32.38001904769 268.917023 -17.655999999999995 -31.11500000000001 -22.05435977554321 -24.796663036346434 0.48655796 0.47455797 "" "" 42.30029531998998 "" 20.299699035593974 ""
56.50758192697 33.48524900505 0.0304 0.025 80.3165 "" "" 217917092889394944 298.956573 3.3138 0.0384 1.653 -29.483 0.056 0.035 0.979 "" "" 15.626388 2.031372 16.658907 14.627535 "" "" 296.162933 301.811127 10577.71188 2.8128 2963.8 8.2594 11172.0 8.7888 "" "" 0.002770405484954312 0.0041158022 0.0038746952 0.007990497 56.50758192697 33.48524900505 298.956573 1.6530000000000022 -29.483000000000004 -2.745359775543213 -23.164663036346436 0.49855796 0.47755796 "" "" 33.0553089878726 "" 15.795649184937055 ""
55.32809197304 31.2375322681 0.0394 0.028 70.1455 "" "" 216527894305651840 292.554504 3.3595 0.0423 6.47 -8.498 0.049 0.038 0.976 3591.2 4.0516 15.631786 2.684313 17.124817 14.440504 "" "" 288.60379 296.149109 10525.24548 29.809 1929.7 26.913 13273.0 107.22 "" "" 0.004128821609554775 0.015397381 0.009550275 0.024947656 55.32809197304 31.2375322681 292.554504 6.470000000000004 -8.498 2.071640224456787 -2.179663036346435 0.49155796 0.48055795 "" "" 4.1699646263036865 "" 2.0258091964755653 ""
54.33004716708 32.69383237402 0.0386 0.0312 96.4012 "" "" 217633384528620160 305.152222 3.2407 0.0434 12.188 -4.352 0.048 0.043 1.06 4387.8 4.6066 15.632719 2.016802 16.657694 14.640892 "" "" 300.801788 309.41748 10516.21012 5.0223 2967.1 8.9505 11036.0 10.743 "" "" 0.0028036859775407126 0.004302564 0.003924384 0.008226948 54.33004716708 32.69383237402 305.152222 12.188 -4.352 7.789640224456788 1.9663369636535641 0.49055797 0.48555797 "" "" 11.62053437624559 "" 5.6970818631300295 ""
57.10320018609 30.97539054318 0.0367 0.0226 87.7692 "" "" 216323866181061888 305.654541 3.2222 0.0402 4.363 0.343 0.049 0.031 0.997 4316.9 4.6597 15.640271 1.989399 16.638386 14.648987 "" "" 301.984314 308.989502 10443.31336 3.417 3020.4 10.862 10954.0 14.338 "" "" 0.0027781270951161142 0.0047990065 0.004037746 0.008836753 57.10320018609 30.97539054318 305.654541 4.363000000000002 0.343 -0.03535977554321246 6.661336963653564 0.49155796 0.47355795 "" "" 9.651097775489466 "" 4.570359056602569 ""
54.88166709587 33.35203802941 0.0373 0.0295 94.4148 "" "" 217751066633107072 273.130707 3.6188 0.0418 33.034 -0.684 0.046 0.038 0.985 4287.5 4.2197 15.642677 2.197386 16.786438 14.589052 "" "" 270.262146 276.365967 10420.19318 6.3013 2635.4 11.744 11575.0 23.687 "" "" 0.002832466933072549 0.0055851866 0.0043840976 0.009969285 54.88166709587 33.35203802941 273.130707 33.034 -0.6840000000000015 28.635640224456786 5.634336963653564 0.48855796 0.48055795 "" "" 37.78364317647921 "" 18.4483226421434 ""
56.0469159737 32.10334806971 0.0501 0.0299 6.5884 "" "" 216679352033331840 313.420654 3.1311 0.0564 5.365 -5.952 0.053 0.038 0.893 3768.0 4.0225 15.650196 2.815691 17.23887 14.42318 "" "" 308.976959 320.097351 10348.27926 13.66 1737.3 12.021 13486.0 44.75 "" "" 0.0031057772267698834 0.008013997 0.00522145 0.013235447 56.0469159737 32.10334806971 313.420654 5.365 -5.952 0.9666402244567873 0.3663369636535645 0.49555796 0.48055795 "" "" 1.5357224938554894 "" 0.7581849167249369 ""
54.18975790059 32.80981899001 0.1045 0.0833 105.3767 "" "" 217638847727107968 283.57724 3.4833 0.1157 5.207 -7.198 0.129 0.122 2.804 3467.7 4.0054 15.653838 3.024965 17.38604 14.361074 "" "" 273.710266 292.873138 10313.63129 13.212 1517.1 11.591 14280.0 35.936 "" "" 0.003086464261597155 0.008751954 0.0046635936 0.013415547 54.18975790059 32.80981899001 283.57724 5.207000000000001 -7.198 0.808640224456787 -0.879663036346436 0.57155794 0.56455797 "" "" 1.6060871816690236 "" 0.9118956909764867 ""
57.20791691828 33.76906106881 0.0337 0.0238 109.373 "" "" 217261268563823360 287.132812 3.4384 0.0454 18.434 -87.314 0.046 0.033 1.024 3942.8 4.6087 15.661397 1.949134 16.632236 14.683103 "" "" 283.230957 290.784607 10242.07408 3.2893 3037.5 10.576 10615.0 11.292 "" "" 0.002777296227342588 0.004698503 0.003951925 0.008650428 57.20791691828 33.76906106881 287.132812 18.434000000000015 -87.314 14.035640224456788 -80.99566303634643 0.48855796 0.47555795 "" "" 111.87876346542912 "" 53.24779961748534 ""
56.16059684231 32.13348993869 0.0444 0.0281 3.2748 "" "" 216678321241170304 303.929291 3.2473 0.0581 4.129 -6.434 0.062 0.038 1.014 7655.5 4.2131 15.662874 3.177566 17.546856 14.36929 "" "" 298.633423 308.185059 10228.1506 27.07 1308.2 20.418 14172.0 107.89 "" "" 0.003981074272722477 0.017174019 0.009088666 0.026262686 56.16059684231 32.13348993869 303.929291 4.129 -6.433999999999998 -0.26935977554321333 -0.11566303634643571 0.50455797 0.48055795 "" "" 0.4223086160075317 "" 0.21153322048187564 ""
56.03716763911 30.86115597958 0.0462 0.0294 79.511 "" "" 216272498371376000 305.596466 3.2207 0.0482 52.86 -41.537 0.052 0.037 1.072 3829.9 4.3906 15.669531 2.051432 16.714314 14.662882 "" "" 301.988373 310.465668 10165.63619 4.2759 2816.4 12.468 10814.0 22.038 "" "" 0.0027929108613648722 0.005557631 0.0043794396 0.00993707 56.03716763911 30.86115597958 305.596466 52.86 -41.537 48.46164022445679 -35.218663036346435 0.49455798 0.47955796 "" "" 86.77735894518959 "" 42.471079324773164 ""
56.1172094227 32.26670967185 0.0504 0.0335 5.0648 "" "" 216706358787662208 306.720673 3.2195 0.0633 4.753 -5.946 0.061 0.046 1.045 3840.9 4.0148 15.672613 3.170942 17.540468 14.369526 "" "" 300.210266 313.889526 10136.81449 24.817 1315.9 16.635 14169.0 100.18 "" "" 0.003828486602001537 0.014006105 0.008556468 0.022562575 56.1172094227 32.26670967185 306.720673 4.752999999999998 -5.945999999999996 0.3546402244567872 0.3723369636535647 0.503558 0.48855796 "" "" 0.7475767979315727 "" 0.37061093282277763 ""
56.52265732237 33.24056025392 0.0316 0.0243 66.3583 "" "" 217898263752977408 310.200195 3.1767 0.0474 -12.188 -25.879 0.057 0.032 1.028 4434.2 4.6487 15.677929 2.118001 16.768257 14.650256 "" "" 305.687469 314.447296 10087.30512 2.9839 2679.9 6.531 10941.0 10.75 "" "" 0.002773975276833057 0.0038452856 0.003927054 0.0077723395 56.52265732237 33.24056025392 310.200195 -12.187999999999999 -25.879000000000005 -16.586359775543215 -19.560663036346437 0.49955797 0.47455797 "" "" 37.708842360944395 "" 18.29525424053388 ""
56.57350984004 31.24123972186 0.0399 0.0252 60.8099 "" "" 216389287122805248 374.127625 2.6352 0.0433 3.132 -12.966 0.051 0.033 1.098 4533.4 4.5133 15.684503 2.020716 16.706436 14.68572 "" "" 368.743469 381.201569 10026.412 4.2432 2836.9 12.012 10589.0 14.718 "" "" 0.002793370142959367 0.0053776866 0.0040695346 0.009447221 56.57350984004 31.24123972186 374.127625 3.1320000000000006 -12.965999999999992 -1.2663597755432128 -6.647663036346435 0.49355796 0.47555795 "" "" 12.000727697654067 "" 5.71474387818081 ""
56.97638302472 31.34937623226 0.1808 0.1177 65.9293 "" "" 216348399034104064 305.374359 3.2757 0.2027 0.939 -5.355 0.239 0.163 3.778 "" "" 15.685063 3.044549 17.422052 14.377503 "" "" 288.60556 326.242004 10021.24174 24.568 1467.6 10.982 14066.0 39.946 "" "" 0.0038310410514487713 0.008590284 0.004877597 0.013467881 56.97638302472 31.34937623226 305.374359 0.9389999999999995 -5.355 -3.459359775543213 0.963336963653564 0.68155795 0.605558 "" "" 5.197862081071366 "" 3.5156974724033696 ""
57.71396381802 32.20208462828 0.0471 0.0366 80.1639 "" "" 216842285914192128 299.863342 3.2785 0.0604 -1.58 2.703 0.066 0.05 1.584 4294.2 4.5271 15.68778 2.130385 16.787405 14.65702 "" "" 293.267761 305.408844 9996.18921 3.1435 2633.0 9.1036 10873.0 11.736 "" "" 0.002776394195923397 0.004677293 0.003956906 0.008634198 57.71396381802 32.20208462828 299.863342 -1.58 2.703 -5.978359775543213 9.021336963653564 0.508558 0.49255797 "" "" 15.382505826912816 "" 7.652718661953501 ""
56.14737686335 32.12670151861 0.0555 0.0349 3.4742 "" "" 216678286881434240 310.042389 3.1997 0.0753 4.436 -6.727 0.081 0.046 1.189 "" "" 15.689369 3.083924 17.463453 14.379529 "" "" 303.198303 317.452728 9981.57388 45.533 1412.7 32.392 14039.0 136.83 "" "" 0.005667636392547807 0.025050867 0.011236695 0.03628756 56.14737686335 32.12670151861 310.042389 4.436 -6.727 0.03764022445678705 -0.40866303634643586 0.52355796 0.48855796 "" "" 0.6031136621633328 "" 0.29483985736948115 ""
54.72608853777 32.96855312843 0.0454 0.0282 85.4053 "" "" 217726602499455744 317.251465 3.1005 0.0482 4.678 -6.602 0.061 0.038 0.974 3988.3 4.207 15.690247 2.555655 17.090082 14.534428 "" "" 312.520294 322.856323 9973.51127 16.474 1992.4 19.62 12173.0 51.385 "" "" 0.003287559231240036 0.0110497745 0.0059404452 0.01699022 54.72608853777 32.96855312843 317.251465 4.678 -6.602 0.27964022445678705 -0.28366303634643586 0.503558 0.48055795 "" "" 0.5989910312313805 "" 0.2947204205973563 ""
55.68078797017 31.60105451762 0.0481 0.0364 41.9311 "" "" 216563078677708544 332.531036 2.955 0.0548 -4.316 4.478 0.058 0.047 1.031 4755.0 4.3867 15.695611 2.392624 16.97906 14.586435 "" "" 326.172882 338.085052 9924.35958 7.3746 2207.0 12.915 11603.0 22.939 "" "" 0.002871010055089673 0.00693921 0.0043463935 0.011285603 55.68078797017 31.60105451762 332.531036 -4.316 4.478 -8.714359775543212 10.796336963653564 0.50055796 0.48955795 "" "" 21.86890181759379 "" 10.80163286064124 ""
58.01443321466 33.18245295018 0.0329 0.0229 112.2301 "" "" 217193236282308608 334.564026 2.9488 0.0428 -1.623 9.709 0.047 0.031 0.967 "" "" 15.700129 1.914681 16.648829 14.734148 "" "" 330.483795 338.600098 9883.15046 3.084 2991.5 10.439 10127.0 13.362 "" "" 0.002776071824615944 0.004705269 0.004041779 0.008747048 58.01443321466 33.18245295018 334.564026 -1.6230000000000009 9.708999999999996 -6.021359775543213 16.027336963653564 0.48955795 0.47355795 "" "" 27.151224694584712 "" 12.91220263337576 ""
54.41679431471 31.59946469319 0.0515 0.0346 94.3018 "" "" 121242807893626368 282.014191 3.4875 0.0534 7.143 -8.704 0.063 0.044 1.172 3465.1 3.9581 15.704297 2.931021 17.387993 14.456972 "" "" 278.538361 285.995728 9845.27832 8.1931 1514.3 10.684 13073.0 21.114 "" "" 0.0028996833159964995 0.008152629 0.0041663754 0.012319004 54.41679431471 31.59946469319 282.014191 7.143 -8.704 2.744640224456787 -2.385663036346436 0.50555795 0.48655796 "" "" 4.861137641233838 "" 2.41826967464564 ""
