Clusters/IC_348/IC_348_members.tsv
# %ECSV 1.0
# ---
# datatype:
# - name: RA_ICRS_1
#   unit: deg
#   datatype: float64
#   format: '{:15.11f}'
#   description: Right ascension (ICRS) at Ep=2016.0 (ra)
#   meta: !!omap
#   - {ucd: POS_EQ_RA_MAIN}
#   - {width: 15}
#   - {precision: '11'}
# - name: DE_ICRS_1
#   unit: deg
#   datatype: float64
#   format: '{:15.11f}'
#   description: Declination (ICRS) at Ep=2016.0 (dec)
#   meta: !!omap
#   - {ucd: POS_EQ_DEC_MAIN}
#   - {width: 15}
#   - {precision: '11'}
# - name: e_RA_ICRS
#   unit: mas
#   datatype: float64
#   format: '{:7.4f}'
#   description: Standard error of right ascension (ra_error)
#   meta: !!omap
#   - {ucd: ERROR}
#   - {width: 7}
#   - {precision: '4'}
# - name: e_DE_ICRS
#   unit: mas
#   datatype: float64
#   format: '{:7.4f}'
#   description: Standard error of declination (dec_error)
#   meta: !!omap
#   - {ucd: ERROR}
#   - {width: 7}
#   - {precision: '4'}
# - name: _r_1
#   unit: ''
#   datatype: float64
#   format: '{:8.4f}'
#   description: Distance from center (056.13530962000+32.18369682000)[ICRS], at Epoch=J2016.0
#   meta: !!omap
#   - {ucd: POS_ANG_DIST_GENERAL}
#   - {width: 8}
#   - {precision: '4'}
# - name: HIP
#   datatype: int32
#   description: '? HIP cross-id number, van Leeuwen, Cat. I/311 (hip_original_ext_source_id)'
#   meta: !!omap
#   - {ucd: ID_NUMBER}
#   - {width: 6}
#   - values: {'null': -2147483648}
# - name: TYC2
#   datatype: string
#   description: Tycho-2 cross-id name, Hog et al., Cat. I/259 (tyc2_original_ext_source_id)
#   meta: !!omap
#   - {ucd: ID_CROSSID}
#   - {_votable_string_dtype: char}
# - name: Source
#   datatype: int64
#   description: Source identifier, identical to the Gaia-EDR3 source_id (id)
#   meta: !!omap
#   - {ucd: ID_MAIN}
#   - {width: 19}
# - name: rgeo
#   unit: pc
#   datatype: float64
#   format: '{:15.8f}'
#   description: '? Median of the geometric distance posterior (r_med_geo)'
#   meta: !!omap
#   - {ucd: PHYS_DISTANCE_TRUE}
#   - {width: 15}
#   - {precision: '8'}
#   - values: {'null': .nan}
# - name: Plx
#   unit: mas
#   datatype: float64
#   format: '{:9.4f}'
#   description: '? Parallax (parallax)'
#   meta: !!omap
#   - {ucd: POS_PARLX_TRIG}
#   - {width: 9}
#   - {precision: '4'}
#   - values: {'null': .nan}
# - name: e_Plx
#   unit: mas
#   datatype: float32
#   format: '{:7.4f}'
#   description: '? Standard error of parallax (parallax_error)'
#   meta: !!omap
#   - {ucd: ERROR}
#   - {width: 7}
#   - {precision: '4'}
#   - values: {'null': .nan}
# - name: pmRA
#   unit: mas / yr
#   datatype: float64
#   format: '{:9.3f}'
#   description: '? Proper motion in right ascension direction, pmRA*cosDE (pmra)'
#   meta: !!omap
#   - {ucd: POS_EQ_PMRA}
#   - {width: 9}
#   - {precision: '3'}
#   - values: {'null': .nan}
# - name: pmDE
#   unit: mas / yr
#   datatype: float64
#   format: '{:9.3f}'
#   description: '? Proper motion in declination direction (pmdec)'
#   meta: !!omap
#   - {ucd: POS_EQ_PMDEC}
#   - {width: 9}
#   - {precision: '3'}
#   - values: {'null': .nan}
# - name: e_pmRA
#   unit: mas / yr
#   datatype: float32
#   format: '{:6.3f}'
#   description: '? Standard error of proper motion in right ascension direction (pmra_error)'
#   meta: !!omap
#   - {ucd: ERROR}
#   - {width: 6}
#   - {precision: '3'}
#   - values: {'null': .nan}
# - name: e_pmDE
[...]
#         unit: &id001 !astropy.units.Unit {unit: deg}
#         value: !astropy.table.SerializedColumn {name: SkyCoord.dec}
#       distance: !astropy.table.SerializedColumn
#         __class__: astropy.coordinates.distances.Distance
#         unit: !astropy.units.Unit {unit: pc}
#         value: !astropy.table.SerializedColumn {name: SkyCoord.distance}
#       frame: icrs
#       obstime: !astropy.time.Time {format: jyear_str, in_subfmt: '*', jd1: 367701545.0, jd2: 0.0, out_subfmt: '*', precision: 3, scale: tt}
#       pm_dec: !astropy.table.SerializedColumn
#         __class__: astropy.units.quantity.Quantity
#         unit: !astropy.units.Unit {unit: mas / yr}
#         value: !astropy.table.SerializedColumn {name: SkyCoord.pm_dec}
#       pm_ra_cosdec: !astropy.table.SerializedColumn
#         __class__: astropy.units.quantity.Quantity
#         unit: !astropy.units.Unit {unit: mas / yr}
#         value: !astropy.table.SerializedColumn {name: SkyCoord.pm_ra_cosdec}
#       ra: !astropy.table.SerializedColumn
#         __class__: astropy.coordinates.angles.Longitude
#         unit: *id001
#         value: !astropy.table.SerializedColumn {name: SkyCoord.ra}
#         wrap_angle: !astropy.coordinates.Angle
#           unit: *id001
#           value: 360.0
#       representation_type: spherical
# schema: astropy-2.0
RA_ICRS_1 DE_ICRS_1 e_RA_ICRS e_DE_ICRS _r_1 HIP TYC2 Source rgeo Plx e_Plx pmRA pmDE e_pmRA e_pmDE RUWE Teff logg Gmag BP-RP BPmag RPmag RV e_RV b_rgeo B_rgeo FG e_FG FBP e_FBP FRP e_FRP RAVE5 RAVE6 e_Gmag e_BPmag e_RPmag e_BP-RP SkyCoord.ra SkyCoord.dec SkyCoord.distance SkyCoord.pm_ra_cosdec SkyCoord.pm_dec Pmemb
[from data line 41]
56.16059684231 32.13348993869 0.0444 0.0281 3.2748 "" "" 216678321241170304 303.929291 3.2473 0.0581 4.129 -6.434 0.062 0.038 1.014 7655.5 4.2131 15.662874 3.177566 17.546856 14.36929 "" "" 298.633423 308.185059 10228.1506 27.07 1308.2 20.418 14172.0 107.89 "" "" 0.003981074272722477 0.017174019 0.009088666 0.026262686 56.16059684231 32.13348993869 303.929291 4.129 -6.433999999999998 1.0
56.1172094227 32.26670967185 0.0504 0.0335 5.0648 "" "" 216706358787662208 306.720673 3.2195 0.0633 4.753 -5.946 0.061 0.046 1.045 3840.9 4.0148 15.672613 3.170942 17.540468 14.369526 "" "" 300.210266 313.889526 10136.81449 24.817 1315.9 16.635 14169.0 100.18 "" "" 0.003828486602001537 0.014006105 0.008556468 0.022562575 56.1172094227 32.26670967185 306.720673 4.752999999999999 -5.945999999999998 1.0
56.14737686335 32.12670151861 0.0555 0.0349 3.4742 "" "" 216678286881434240 310.042389 3.1997 0.0753 4.436 -6.727 0.081 0.046 1.189 "" "" 15.689369 3.083924 17.463453 14.379529 "" "" 303.198303 317.452728 9981.57388 45.533 1412.7 32.392 14039.0 136.83 "" "" 0.005667636392547807 0.025050867 0.011236695 0.03628756 56.14737686335 32.12670151861 310.042389 4.436 -6.727 0.8
56.23173492454 32.15549069148 0.0531 0.0343 5.1815 "" "" 216701033028221312 313.225922 3.1337 0.0649 3.76 -5.872 0.073 0.048 1.115 6010.1 3.9399 15.772326 3.354671 17.789545 14.434875 "" "" 307.926422 319.39505 9247.32582 18.855 1046.2 16.652 13342.0 81.627 "" "" 0.0035344894298363653 0.01750508 0.0076424917 0.025147572 56.23173492454 32.15549069148 313.225922 3.7599999999999993 -5.872000000000001 1.0
56.04769098197 32.32779602646 0.0658 0.0501 9.722 "" "" 216718522135040256 320.125397 3.0748 0.0763 3.852 -6.958 0.086 0.066 1.54 3662.2 4.0016 15.778143 2.814295 17.352833 14.538538 "" "" 313.004486 326.998016 9197.91683 17.878 1564.2 19.538 12127.0 55.945 "" "" 0.003470641391199729 0.013845688 0.006274682 0.02012037 56.04769098197 32.32779602646 320.125397 3.852000000000001 -6.957999999999998 1.0
55.9495657536 32.29907535905 0.0466 0.0275 11.6952 "" "" 216695569829819520 315.307434 3.1201 0.0533 4.711 -6.128 0.062 0.037 1.11 3775.3 4.1122 15.792923 2.824823 17.395159 14.570335 "" "" 309.667206 322.108795 9073.55897 17.533 1504.4 19.934 11777.0 68.344 "" "" 0.003463140306092586 0.014654579 0.007347297 0.022001876 55.9495657536 32.29907535905 315.307434 4.711 -6.128000000000002 1.0
56.31812018321 32.10550316246 0.0403 0.0251 10.405 "" "" 216653513510060032 308.991577 3.1705 0.048 3.657 -5.999 0.055 0.036 0.916 "" "" 15.817493 3.054297 17.578102 14.523805 "" "" 303.91922 313.213989 8870.5248 135.21 1271.1 74.512 12292.0 590.77 "" "" 0.016777259254805194 0.06370708 0.05231862 0.1160257 56.31812018321 32.10550316246 308.991577 3.657 -5.999 1.0
56.09574801022 32.19920739145 0.0557 0.034 2.2139 "" "" 216681688495523712 327.286377 3.0135 0.0654 4.184 -6.447 0.075 0.046 1.018 "" "" 15.863028 3.022319 17.61263 14.590312 -40.07 8.45 320.488373 333.649323 8506.20586 8.2572 1231.3 19.267 11562.0 42.489 "" "" 0.002950018026792023 0.017216854 0.005495767 0.022712622 56.09574801022 32.19920739145 327.286377 4.183999999999998 -6.447000000000001 1.0
56.15992293706 32.21656404874 0.0536 0.0325 2.3346 "" "" 216705053117726464 304.023529 3.2243 0.0652 3.778 -5.657 0.068 0.045 0.99 4067.2 4.2837 15.966273 2.715824 17.478626 14.762802 "" "" 297.511047 309.609985 7734.5913 9.3005 1393.0 20.402 9863.6 42.965 "" "" 0.0030489748993215164 0.016144717 0.006053983 0.0221987 56.15992293706 32.21656404874 304.023529 3.777999999999999 -5.657000000000001 1.0
56.14278877232 32.18044525794 0.0749 0.0502 0.427 "" "" 216681482337093120 316.743256 3.0961 0.0917 4.633 -7.513 0.105 0.067 1.375 "" "" 15.972682 3.591985 18.172117 14.580132 "" "" 308.047241 324.355316 7689.07118 10.428 735.48 28.503 11671.0 31.194 "" "" 0.003124101014036778 0.042169336 0.00476497 0.046934307 56.14278877232 32.18044525794 316.743256 4.633 -7.512999999999998 0.8
56.09028032591 32.10688335596 0.0611 0.0353 5.1453 "" "" 216680795142439936 315.113739 3.1211 0.0749 4.695 -6.147 0.073 0.046 1.07 "" "" 15.984148 3.087854 17.776 14.688145 "" "" 308.117432 322.779053 7608.29523 14.333 1059.3 23.327 10566.0 74.974 "" "" 0.003431525824873465 0.024071407 0.008581233 0.03265264 56.09028032591 32.10688335596 315.113739 4.695 -6.147 1.0
55.98420157379 32.14336560106 0.0629 0.0375 8.0475 "" "" 216680623343650176 319.601196 3.0769 0.0711 5.152 -6.288 0.074 0.049 0.964 3730.7 4.0197 16.022455 2.846964 17.638227 14.791264 "" "" 311.415009 325.406921 7344.54074 14.632 1202.6 21.285 9608.4 48.392 "" "" 0.003502928167854858 0.019418113 0.0066472 0.026065312 55.98420157379 32.14336560106 319.601196 5.152000000000001 -6.288 1.0
56.08983371616 32.1714938186 0.0717 0.0433 2.4227 "" "" 216681585416314368 319.951385 3.1071 0.0919 4.898 -5.799 0.085 0.056 1.108 3781.8 4.0333 16.041351 3.039316 17.800465 14.761148 "" "" 312.007874 331.749512 7217.82897 13.379 1035.7 20.672 9878.7 53.733 "" "" 0.0034120445146228985 0.021849578 0.0070114257 0.028861005 56.08983371616 32.1714938186 319.951385 4.898 -5.7989999999999995 1.0
56.13878819835 32.16097114046 0.0973 0.0621 1.3749 "" "" 216681447977358464 327.616974 3.0145 0.1324 4.517 -6.868 0.15 0.082 0.852 "" "" 16.065388 2.886525 17.564869 14.678344 "" "" 315.071991 343.441559 7059.79036 64.324 1286.7 78.692 10662.0 141.0 "" "" 0.010269036199690839 0.06646006 0.014847428 0.081307486 56.13878819835 32.16097114046 327.616974 4.517000000000001 -6.867999999999999 0.9
55.95584881574 32.17772007174 0.0572 0.037 9.1205 "" "" 216692511813123456 307.406677 3.2114 0.0615 4.286 -6.44 0.073 0.048 1.015 3530.8 3.9757 16.06623 3.146593 17.91801 14.771418 "" "" 300.500946 312.760498 7054.30766 13.005 929.42 14.012 9785.7 50.377 "" "" 0.003405619892393393 0.016604735 0.006747225 0.02335196 55.95584881574 32.17772007174 307.406677 4.2860000000000005 -6.44 1.0
56.08873432992 32.19895232851 0.0663 0.0433 2.5359 "" "" 216682444409768320 314.773102 3.1425 0.0786 4.291 -5.696 0.085 0.056 1.088 3664.4 4.0093 16.153685 3.108312 17.958752 14.85044 "" "" 307.664703 323.816589 6508.3747 7.2946 895.19 22.079 9098.8 29.909 "" "" 0.0030120796383703683 0.026923604 0.0051981946 0.0321218 56.08873432992 32.19895232851 314.773102 4.291 -5.696 1.0
56.23379466045 32.0990019929 0.0559 0.0377 7.1315 "" "" 216677153010066048 302.189148 3.258 0.0695 4.56 -6.079 0.077 0.05 1.031 3631.5 4.3101 16.254824 3.020742 18.011602 14.990861 "" "" 295.792664 308.374725 5929.48774 6.0948 852.66 11.146 7994.9 22.317 "" "" 0.002972752791352798 0.01446444 0.0048444862 0.019308927 56.23379466045 32.0990019929 302.189148 4.56 -6.079 1.0
56.17504479453 32.14996615575 0.0854 0.0634 2.8581 "" "" 216678458680119168 328.804871 2.9996 0.106 3.76 -6.651 0.127 0.083 1.244 "" "" 16.277506 3.431016 18.289083 14.858068 "" "" 318.244781 340.635437 5806.89818 20.097 660.36 31.944 9035.1 91.351 "" "" 0.004659549101500621 0.052595045 0.011609905 0.06420495 56.17504479453 32.14996615575 328.804871 3.76 -6.651 0.9
56.17206512446 32.17363684381 0.0764 0.0517 1.9617 "" "" 216701995100897024 298.889282 3.3044 0.0947 4.734 -6.645 0.107 0.07 1.248 3591.5 4.0493 16.294247 3.795545 18.684284 14.88874 "" "" 291.909363 308.333954 5718.05343 5.6061 458.88 8.3775 8783.4 22.498 "" "" 0.00295379487772625 0.020017054 0.0046923184 0.024709372 56.17206512446 32.17363684381 298.889282 4.734 -6.645 0.9
56.0840732736 32.14901575301 0.0775 0.043 3.332 "" "" 216681207459196160 291.460327 3.379 0.0982 4.369 -6.269 0.093 0.058 1.05 3527.2 4.0098 16.301605 3.312782 18.280113 14.967331 "" "" 282.546234 300.821625 5679.42513 10.117 665.84 23.514 8170.1 31.977 "" "" 0.003366364048959921 0.038443927 0.0056869774 0.044130903 56.0840732736 32.14901575301 291.460327 4.369 -6.269 1.0
56.01712455652 32.12137455696 0.071 0.0454 7.0729 "" "" 216680348465744128 299.318298 3.3132 0.0804 3.921 -7.404 0.079 0.059 0.985 3663.3 4.1692 16.3428 2.951337 18.035072 15.083735 "" "" 292.746399 306.067657 5467.97348 8.8254 834.43 11.904 7339.5 32.401 "" "" 0.0032653762277544108 0.01573844 0.0061038933 0.021842334 56.01712455652 32.12137455696 299.318298 3.9209999999999985 -7.403999999999998 0.9
56.16921231915 32.38634957355 0.0592 0.0436 12.2802 "" "" 216720446280376320 305.271637 3.2188 0.0649 3.865 -5.854 0.098 0.06 1.017 "" "" 16.35089 3.104728 18.16834 15.063613 "" "" 298.430908 310.93161 5427.39222 8.5947 738.04 11.337 7476.8 32.247 "" "" 0.003247760335352905 0.016909728 0.0060176044 0.022927333 56.16921231915 32.38634957355 305.271637 3.8649999999999993 -5.854000000000002 1.0
56.0801833161 32.12628963176 0.0713 0.0392 4.4391 "" "" 216680863861815680 308.453064 3.19 0.0906 4.386 -7.163 0.076 0.052 1.009 5009.5 4.2709 16.382368 3.179126 18.259493 15.080367 "" "" 298.398804 318.125641 5272.29148 129.35 678.61 53.362 7362.3 487.38 "" "" 0.02677949214274627 0.085421644 0.0719744 0.15739605 56.0801833161 32.12628963176 308.453064 4.386000000000001 -7.163 0.9
56.09007019438 32.1771057431 0.0798 0.047 2.3312 "" "" 216681654135789696 321.73288 3.0697 0.102 4.428 -5.915 0.095 0.062 1.055 4912.3 4.1849 16.393002 3.177171 18.223902 15.046731 "" "" 311.846771 330.136993 5220.91212 35.994 701.22 27.202 7593.9 154.86 "" "" 0.007976289796049576 0.04221062 0.022461321 0.06467194 56.09007019438 32.1771057431 321.73288 4.428000000000001 -5.915000000000001 0.9
56.15588359308 32.15022677868 0.0928 0.0591 2.2638 "" "" 216678493039859328 318.567169 3.0853 0.1171 4.68 -6.067 0.142 0.081 0.939 "" "" 16.395912 3.090349 18.170822 15.080473 "" "" 306.950592 331.978149 5206.93344 83.865 736.36 38.083 7361.5 365.56 "" "" 0.01770304504122229 0.056221288 0.054048173 0.11026946 56.15588359308 32.15022677868 318.567169 4.680000000000001 -6.067000000000001 1.0
56.14511436091 32.18831303709 0.0757 0.0503 0.5697 "" "" 216681551056567424 322.120331 3.0553 0.0937 4.267 -5.858 0.103 0.068 1.143 3580.8 4.0208 16.41961 3.50853 18.570002 15.061472 "" "" 312.245667 332.564087 5094.51774 4.4433 509.82 16.638 7491.5 17.926 "" "" 0.0029135035292936276 0.035542738 0.0045862105 0.040128946 56.14511436091 32.18831303709 322.120331 4.267000000000001 -5.857999999999999 0.9
56.14504453985 31.94864657695 0.0614 0.0419 14.1117 "" "" 216627709346568704 307.595703 3.1982 0.0705 4.706 -6.91 0.072 0.052 1.008 3575.2 4.0017 16.427422 3.08685 18.221758 15.134908 "" "" 301.142151 314.047333 5057.99474 25.975 702.61 28.63 7001.6 115.47 "" "" 0.0062193665919526445 0.04432955 0.01830041 0.06262996 56.14504453985 31.94864657695 307.595703 4.706 -6.91 0.9
56.20341497786 32.22269055826 0.0647 0.0404 4.1749 "" "" 216705121837081600 319.051758 3.109 0.0827 3.856 -6.837 0.097 0.056 1.007 3555.1 4.0066 16.450087 3.099114 18.259727 15.160613 "" "" 309.303284 326.873871 4953.49687 11.002 678.46 14.561 6837.7 39.913 "" "" 0.003661561815721523 0.02346835 0.007378997 0.030847346 56.20341497786 32.22269055826 319.051758 3.855999999999999 -6.837 1.0
56.1249456764 32.32296270213 0.0695 0.051 8.3725 "" "" 216718693932112000 299.288086 3.3006 0.0791 4.453 -5.946 0.093 0.069 1.135 "" "" 16.451982 3.842967 18.864578 15.021611 "" "" 291.547516 307.488983 4944.85751 6.6195 388.67 13.827 7771.7 34.206 "" "" 0.00311516673261658 0.038725886 0.006092601 0.044818487 56.1249456764 32.32296270213 299.288086 4.452999999999999 -5.945999999999999 1.0
56.14954607683 32.26479711085 0.0632 0.0423 4.9194 "" "" 216706221348706432 315.244812 3.1307 0.0836 4.411 -6.487 0.091 0.058 0.998 3520.7 3.9824 16.457726 3.176147 18.33799 15.161842 "" "" 306.516937 323.515411 4918.77026 4.5428 631.28 8.7903 6830.0 21.028 "" "" 0.002932113723749629 0.015373718 0.0050455513 0.02041927 56.14954607683 32.26479711085 315.244812 4.411 -6.487000000000002 1.0
56.12726209211 32.10825952283 0.079 0.051 4.5447 "" "" 216677908924315776 302.618835 3.2809 0.1013 4.077 -5.451 0.099 0.064 1.044 "" "" 16.466146 3.00268 18.12659 15.123911 "" "" 293.510681 312.808868 4880.76583 11.143 766.97 22.869 7072.8 31.77 "" "" 0.0037062315585748348 0.032493774 0.0061699734 0.03866375 56.12726209211 32.10825952283 302.618835 4.077 -5.4510000000000005 0.8
56.08858338553 32.08400128734 0.0784 0.0524 6.4356 "" "" 216677805845105408 302.423431 3.2503 0.0898 4.803 -6.344 0.092 0.066 1.246 3732.3 4.0162 16.47548 3.253379 18.384222 15.130843 "" "" 295.403564 310.18338 4838.99786 13.169 604.96 16.753 7027.8 52.459 "" "" 0.004040095823018954 0.030196194 0.008942385 0.039138578 56.08858338553 32.08400128734 302.423431 4.803000000000002 -6.344000000000001 0.9
56.18131703772 32.12856942742 0.0677 0.0457 4.0499 "" "" 216678145146947712 320.725403 3.0735 0.0846 4.413 -5.99 0.096 0.062 1.063 4549.8 4.1158 16.493572 3.617314 18.584864 14.967549 "" "" 311.814453 329.798828 4759.02704 10.379 502.89 10.691 8168.4 98.05 "" "" 0.003633000825942802 0.023249825 0.01356965 0.036819477 56.18131703772 32.12856942742 320.725403 4.413 -5.99 0.9
56.09068973343 32.20867808686 0.0808 0.0553 2.7165 "" "" 216682547488981504 315.280579 3.1475 0.0981 4.156 -6.334 0.101 0.071 1.12 3576.2 4.1937 16.520697 3.193311 18.38896 15.195649 "" "" 306.108337 324.866119 4641.60589 3.8121 602.33 18.964 6620.6 18.661 "" "" 0.002896018632465545 0.034297436 0.004863031 0.039160468 56.09068973343 32.20867808686 315.280579 4.156 -6.334 1.0
56.09288082204 32.09519109835 0.0929 0.06 5.7312 "" "" 216677840204841728 305.259338 3.273 0.1045 4.344 -6.067 0.116 0.074 1.283 5384.2 4.5587 16.558285 2.838788 18.0775 15.238711 "" "" 294.537598 316.161865 4483.65851 55.638 802.45 33.342 6363.2 262.79 "" "" 0.013751823790472554 0.045198813 0.044998165 0.09019698 56.09288082204 32.09519109835 305.259338 4.344 -6.066999999999998 0.9
55.95341712662 32.26427711763 0.0822 0.0462 10.4219 "" "" 216695256295900672 319.797516 3.0595 0.0928 4.282 -6.764 0.108 0.059 1.057 3562.5 3.9829 16.588135 3.345043 18.59201 15.246967 "" "" 310.484131 329.364319 4362.07521 8.3239 499.59 14.608 6315.0 34.787 "" "" 0.0034473679979908044 0.031869277 0.0070749638 0.03894424 55.95341712662 32.26427711763 319.797516 4.282 -6.7639999999999985 0.9
56.08984364147 32.25268582633 0.0889 0.0586 4.7393 "" "" 216706324427926912 312.459442 3.1558 0.1058 4.415 -6.556 0.116 0.076 1.201 3470.5 4.0079 16.619259 3.28044 18.516996 15.236556 "" "" 303.368378 326.130646 4238.80485 12.298 535.33 31.56 6375.8 53.215 "" "" 0.004185034034859326 0.06406958 0.009818525 0.0738881 56.08984364147 32.25268582633 312.459442 4.415000000000001 -6.556000000000001 0.9
56.04677627236 32.137813598 0.1166 0.0659 5.2727 "" "" 216681104379984768 298.441223 3.3225 0.1477 4.536 -5.955 0.123 0.085 1.109 "" "" 16.676004 4.006163 19.256485 15.250322 "" "" 285.331268 313.274536 4022.95293 5.3691 270.91 11.443 6295.5 18.689 "" "" 0.003113119185416925 0.045945343 0.0049671326 0.050912477 56.04677627236 32.137813598 298.441223 4.536 -5.955 1.0
56.16162096627 32.31818385898 0.0708 0.0517 8.1789 "" "" 216707011622683392 313.897705 3.1473 0.0801 3.777 -6.346 0.096 0.07 0.984 3522.0 4.0017 16.797306 3.35081 18.815384 15.464574 "" "" 304.695831 323.072021 3597.69548 4.2562 406.69 12.27 5168.1 19.478 "" "" 0.0030400060709661596 0.032875713 0.00557031 0.038446024 56.16162096627 32.31818385898 313.897705 3.7769999999999984 -6.346 1.0
56.17557344904 32.15054395776 0.1161 0.0801 2.8529 "" "" 216678458680118912 311.154449 3.1766 0.1476 3.879 -6.323 0.181 0.112 0.945 "" "" 16.810608 3.155243 18.532824 15.377581 "" "" 300.460938 324.377563 3553.88526 61.514 527.58 73.444 5599.2 430.13 "" "" 0.01899385649623222 0.15117022 0.08349173 0.23466195 56.17557344904 32.15054395776 311.154449 3.8790000000000004 -6.3229999999999995 1.0
56.18682375765 32.18484728151 0.0809 0.053 2.6168 "" "" 216702029460632832 321.107086 3.074 0.0998 4.773 -6.5 0.114 0.073 1.054 3581.9 4.0024 16.813614 3.482038 18.947414 15.465377 "" "" 310.147186 332.07019 3544.0609 3.7055 360.12 12.8 5164.3 23.216 "" "" 0.002980009047576811 0.038691822 0.0061730826 0.044864904 56.18682375765 32.18484728151 321.107086 4.773 -6.5 1.0
