Clusters/IC_348/IC_348_stars_in_region.tsv
# %ECSV 1.0
# ---
# datatype:
# - name: RA_ICRS_1
#   unit: deg
#   datatype: float64
#   format: '{:15.11f}'
#   description: Right ascension (ICRS) at Ep=2016.0 (ra)
#   meta: !!omap
#   - {ucd: POS_EQ_RA_MAIN}
#   - {width: 15}
#   - {precision: '11'}
# - name: DE_ICRS_1
#   unit: deg
#   datatype: float64
#   format: '{:15.11f}'
#   description: Declination (ICRS) at Ep=2016.0 (dec)
#   meta: !!omap
#   - {ucd: POS_EQ_DEC_MAIN}
#   - {width: 15}
#   - {precision: '11'}
# - name: e_RA_ICRS
#   unit: mas
#   datatype: float64
#   format: '{:7.4f}'
#   description: Standard error of right ascension (ra_error)
#   meta: !!omap
#   - {ucd: ERROR}
#   - {width: 7}
#   - {precision: '4'}
# - name: e_DE_ICRS
#   unit: mas
#   datatype: float64
#   format: '{:7.4f}'
#   description: Standard error of declination (dec_error)
#   meta: !!omap
#   - {ucd: ERROR}
#   - {width: 7}
#   - {precision: '4'}
# - name: _r_1
#   unit: ''
#   datatype: float64
#   format: '{:8.4f}'
#   description: Distance from center (056.13530962000+32.18369682000)[ICRS], at Epoch=J2016.0
#   meta: !!omap
#   - {ucd: POS_ANG_DIST_GENERAL}
#   - {width: 8}
#   - {precision: '4'}
# - name: HIP
#   datatype: int32
#   description: '? HIP cross-id number, van Leeuwen, Cat. I/311 (hip_original_ext_source_id)'
#   meta: !!omap
#   - {ucd: ID_NUMBER}
#   - {width: 6}
#   - values: {'null': -2147483648}
# - name: TYC2
#   datatype: string
#   description: Tycho-2 cross-id name, Hog et al., Cat. I/259 (tyc2_original_ext_source_id)
#   meta: !!omap
#   - {ucd: ID_CROSSID}
#   - {_votable_string_dtype: char}
# - name: Source
#   datatype: int64
#   description: Source identifier, identical to the Gaia-EDR3 source_id (id)
#   meta: !!omap
#   - {ucd: ID_MAIN}
#   - {width: 19}
# - name: rgeo
#   unit: pc
#   datatype: float64
#   format: '{:15.8f}'
#   description: '? Median of the geometric distance posterior (r_med_geo)'
#   meta: !!omap
#   - {ucd: PHYS_DISTANCE_TRUE}
#   - {width: 15}
#   - {precision: '8'}
#   - values: {'null': .nan}
# - name: Plx
#   unit: mas
#   datatype: float64
#   format: '{:9.4f}'
#   description: '? Parallax (parallax)'
#   meta: !!omap
#   - {ucd: POS_PARLX_TRIG}
#   - {width: 9}
#   - {precision: '4'}
#   - values: {'null': .nan}
# - name: e_Plx
#   unit: mas
#   datatype: float32
#   format: '{:7.4f}'
#   description: '? Standard error of parallax (parallax_error)'
#   meta: !!omap
#   - {ucd: ERROR}
#   - {width: 7}
#   - {precision: '4'}
#   - values: {'null': .nan}
# - name: pmRA
#   unit: mas / yr
#   datatype: float64
#   format: '{:9.3f}'
#   description: '? Proper motion in right ascension direction, pmRA*cosDE (pmra)'
#   meta: !!omap
#   - {ucd: POS_EQ_PMRA}
#   - {width: 9}
#   - {precision: '3'}
#   - values: {'null': .nan}
# - name: pmDE
#   unit: mas / yr
#   datatype: float64
#   format: '{:9.3f}'
#   description: '? Proper motion in declination direction (pmdec)'
#   meta: !!omap
#   - {ucd: POS_EQ_PMDEC}
#   - {width: 9}
#   - {precision: '3'}
#   - values: {'null': .nan}
# - name: e_pmRA
#   unit: mas / yr
#   datatype: float32
#   format: '{:6.3f}'
#   description: '? Standard error of proper motion in right ascension direction (pmra_error)'
#   meta: !!omap
#   - {ucd: ERROR}
#   - {width: 6}
#   - {precision: '3'}
#   - values: {'null': .nan}
# - name: e_pmDE
[...]
#         value: !astropy.table.SerializedColumn {name: SkyCoord.dec}
#       distance: !astropy.table.SerializedColumn
#         __class__: astropy.coordinates.distances.Distance
#         unit: !astropy.units.Unit {unit: pc}
#         value: !astropy.table.SerializedColumn {name: SkyCoord.distance}
#       frame: icrs
#       obstime: !astropy.time.Time {format: jyear_str, in_subfmt: '*', jd1: 367701545.0, jd2: 0.0, out_subfmt: '*', precision: 3, scale: tt}
#       pm_dec: !astropy.table.SerializedColumn
#         __class__: astropy.units.quantity.Quantity
#         unit: !astropy.units.Unit {unit: mas / yr}
#         value: !astropy.table.SerializedColumn {name: SkyCoord.pm_dec}
#       pm_ra_cosdec: !astropy.table.SerializedColumn
#         __class__: astropy.units.quantity.Quantity
#         unit: !astropy.units.Unit {unit: mas / yr}
#         value: !astropy.table.SerializedColumn {name: SkyCoord.pm_ra_cosdec}
#       ra: !astropy.table.SerializedColumn
#         __class__: astropy.coordinates.angles.Longitude
#         unit: *id001
#         value: !astropy.table.SerializedColumn {name: SkyCoord.ra}
#         wrap_angle: !astropy.coordinates.Angle
#           unit: *id001
#           value: 360.0
#       representation_type: spherical
# schema: astropy-2.0
RA_ICRS_1 DE_ICRS_1 e_RA_ICRS e_DE_ICRS _r_1 HIP TYC2 Source rgeo Plx e_Plx pmRA pmDE e_pmRA e_pmDE RUWE Teff logg Gmag BP-RP BPmag RPmag RV e_RV b_rgeo B_rgeo FG e_FG FBP e_FBP FRP e_FRP RAVE5 RAVE6 e_Gmag e_BPmag e_RPmag e_BP-RP SkyCoord.ra SkyCoord.dec SkyCoord.distance SkyCoord.pm_ra_cosdec SkyCoord.pm_dec rmRA rmDE e_rmRA e_rmDE rRV e_rRV v_pec v_pec3d e_vpec e_vpec3d
[from data line 199]
56.34716317365 32.00433241795 0.0199 0.0104 15.2244 "" "" 216649218542854400 321.39975 3.0657 0.0231 6.602 -10.073 0.025 0.014 1.29 "" "" 13.224642 2.509035 14.577944 12.068909 -5.97 14.38 319.010773 323.227112 96625.07547 34.032 20148.0 38.203 117920.0 86.488 "" "" 0.002781730021010919 0.0034674532 0.0038623656 0.007329819 56.34716317365 32.00433241795 321.39975 6.6019999999999985 -10.073 2.2036402244567874 -3.754663036346436 0.46755797 0.45655796 -16.880222222222223 17.283583 6.63237188606149 18.13643457536855 3.046920516371067 16.12498581274388
56.48650096216 33.25692221744 0.0115 0.0085 66.7891 "" "" 217877819708492032 343.985687 2.8653 0.0174 1.328 -15.262 0.02 0.011 1.055 5509.5 4.1864 13.237467 1.542309 13.949518 12.407209 -18.31 1.11 341.829498 346.104431 95490.48099 11.458 35943.0 21.141 86352.0 21.384 "" "" 0.0027583984328759 0.0028623191 0.0037889336 0.0066512525 56.48650096216 33.25692221744 343.985687 1.3280000000000016 -15.262000000000015 -3.0703597755432126 -8.943663036346436 0.46255797 0.45355797 -29.220222222222223 4.013583 15.417958113851183 33.038384027014985 7.007696905112092 4.82652399983232
56.19879969102 32.31991180957 0.0216 0.0151 8.7849 "" "" 216708248573262592 325.045776 3.026 0.0242 4.482 -6.589 0.03 0.021 1.489 "" "" 13.240757 2.186641 14.351386 12.164745 25.47 36.45 322.306427 327.500397 95201.49399 44.21 24823.0 42.707 107960.0 58.831 "" "" 0.0028010721023044214 0.0033577294 0.0038254126 0.007183142 56.19879969102 32.31991180957 325.045776 4.481999999999999 -6.589 0.08364022445678732 -0.27066303634643596 0.47255796 0.46355796 14.559777777777775 39.353584 0.43647227515782233 14.56631858038444 0.20267564839382232 39.335913579107746
54.2154740798 32.76995987852 0.0157 0.0116 103.3439 "" "" 217637816934866176 301.152924 3.2825 0.0174 22.216 -27.669 0.018 0.016 0.993 5590.3 4.4554 13.252011 1.254261 13.800096 12.545835 86.72 1.83 299.666779 302.542053 94219.81525 12.927 41246.0 24.07 76002.0 50.185 "" "" 0.002759344038594402 0.0028612067 0.0038467788 0.0067079854 54.2154740798 32.76995987852 301.152924 22.216000000000005 -27.668999999999997 17.817640224456788 -21.350663036346436 0.46055797 0.45855796 75.80977777777778 4.7335835 39.695821918457746 85.5738317740766 18.235469547725796 9.441425040927689
57.63679140231 30.89018608905 0.0205 0.0128 109.1715 "" "" 168293727946177408 332.42984 2.9703 0.0222 7.722 -28.902 0.024 0.017 1.614 5932.0 4.2609 13.257727 1.474852 13.904187 12.429336 -15.04 2.25 330.237427 334.996002 93725.09768 18.86 37475.0 65.074 84610.0 163.69 "" "" 0.0027639686256883487 0.0033674268 0.0043238723 0.007691299 57.63679140231 30.89018608905 332.42984 7.722 -28.901999999999997 3.3236402244567875 -22.583663036346437 0.46655795 0.45955795 -25.950222222222223 5.1535835 35.968780944995316 44.35275905794108 16.535116765062075 13.744325838867649
55.58921751013 33.99100633619 0.0122 0.0094 111.8589 "" "" 218170564679502080 305.538879 3.2313 0.0164 -2.522 -11.586 0.019 0.013 1.039 5573.9 4.454 13.26109 1.248564 13.806147 12.557583 5.62 1.74 303.740753 307.116333 93435.20557 20.484 41016.0 35.405 75184.0 39.572 "" "" 0.0027655825526672435 0.0029433663 0.0038223416 0.006765708 55.58921751013 33.99100633619 305.538879 -2.5219999999999985 -11.585999999999999 -6.920359775543213 -5.267663036346436 0.46155795 0.45555797 -5.290222222222224 4.6435833 12.595621086944037 13.661483145191927 5.785999736129105 5.629487218586228
56.1841186092 32.4342547062 0.0153 0.01 15.2359 "" "" 216721167834874880 315.961548 3.1206 0.0167 -10.704 -16.904 0.022 0.014 0.93 5460.6 4.1892 13.265264 1.634174 14.031133 12.396958 -4.68 2.6 314.628235 317.339935 93076.75325 38.452 33340.0 76.766 87172.0 80.539 "" "" 0.0027915906392993696 0.0037462902 0.0039102403 0.0076565305 56.1841186092 32.4342547062 315.961548 -10.704000000000006 -16.904 -15.102359775543214 -10.585663036346435 0.46455795 0.45655796 -15.590222222222224 5.503583 27.62102895463718 31.717128959777824 12.759194637064327 11.435984256180399
56.13139986263 32.14579847764 0.0199 0.0115 2.2826 "" "" 216678389960647552 304.768158 3.2417 0.0252 6.052 -5.597 0.024 0.015 1.136 5627.9 3.9017 13.267127 2.020381 14.283724 12.263343 "" "" 302.333405 307.079529 92917.17003 178.19 26420.0 184.82 98587.0 538.03 "" "" 0.003453567879199476 0.008091505 0.0070280177 0.015119523 56.13139986263 32.14579847764 304.768158 6.052 -5.5969999999999995 1.6536402244567867 0.721336963653564 0.46655795 0.45755795 "" "" 2.606235294987808 "" 1.2122405333346642 ""
55.64717048437 31.6733249631 0.0157 0.0111 39.4411 "" "" 216573043001833344 302.457733 3.2613 0.0175 6.005 -7.378 0.019 0.015 0.945 5745.1 4.3814 13.269671 1.386035 13.89103 12.504995 2.73 2.47 300.925446 304.193878 92699.69954 54.263 37932.0 79.12 78915.0 127.09 "" "" 0.0028276692380708743 0.0035935745 0.004164268 0.0077578425 55.64717048437 31.6733249631 302.457733 6.005 -7.378 1.606640224456787 -1.0596630363464357 0.46155795 0.45755795 -8.180222222222223 5.3735833 2.759236912411076 8.633042565848386 1.2702121245687734 5.107887293307274
55.8115258296 33.59003417906 0.0131 0.0091 85.9426 "" "" 217953960888514944 281.708832 3.5064 0.0188 22.15 9.864 0.021 0.013 0.923 5579.3 4.5569 13.277966 1.247466 13.819434 12.571968 48.61 1.63 280.068542 283.531189 91994.21338 12.771 40518.0 52.595 74194.0 56.048 "" "" 0.0027594397593687404 0.0031259132 0.0038673559 0.006993269 55.8115258296 33.59003417906 281.708832 22.15 9.864 17.751640224456786 16.182336963653565 0.46355796 0.45555797 37.699777777777776 4.533583 32.0746910060059 49.49807115054669 14.752574092264274 10.164146737908512
56.55348685252 30.94363623499 0.0192 0.0125 77.4139 "" "" 216242158722469632 297.672089 3.317 0.0208 3.965 5.795 0.021 0.016 1.138 5420.1 4.4826 13.287522 1.227877 13.82295 12.595074 14.39 2.27 295.724243 299.119812 91188.0627 12.137 40387.0 33.82 72632.0 31.997 "" "" 0.0027591071965851924 0.0029345665 0.003809528 0.006744094 56.55348685252 30.94363623499 297.672089 3.9650000000000003 5.795000000000003 -0.43335977554321303 12.113336963653564 0.46355796 0.45855796 3.4797777777777767 5.173583 17.102437038470296 17.452856672692775 7.842568597615565 7.754022563826523
58.18298036663 32.76892112717 0.0143 0.01 109.4305 "" "" 216957700275961728 360.686249 2.7318 0.0182 24.451 -27.702 0.02 0.014 1.191 5555.2 4.4025 13.290014 1.197317 13.806759 12.609442 44.57 3.4 358.080902 363.114868 90978.96923 21.319 40993.0 56.586 71677.0 58.124 "" "" 0.002767041488898329 0.0031672136 0.0038805802 0.007047794 58.18298036663 32.76892112717 360.686249 24.451 -27.702 20.052640224456788 -21.383663036346437 0.46255797 0.45655796 33.65977777777778 6.303583 50.11847825278203 60.37253102549179 23.02318529593384 19.433216383889043
57.70713109511 32.34318450904 0.0126 0.0093 80.3195 "" "" 216848539386546304 326.864716 3.0209 0.0184 11.868 -1.93 0.019 0.013 0.995 5581.5 4.4353 13.300196 1.248851 13.84506 12.59621 21.33 1.41 325.115082 328.432251 90129.80002 9.8692 39572.0 19.885 72556.0 21.089 "" "" 0.0027578839260438107 0.0028430107 0.0037925343 0.006635545 57.70713109511 32.34318450904 326.864716 11.867999999999999 -1.9299999999999977 7.469640224456787 4.388336963653565 0.46155795 0.45555797 10.419777777777774 4.3135834 13.422409630470423 16.992140807632705 6.1746562198653425 5.548561777481989
57.69489382947 30.95768574328 0.0165 0.0093 108.4744 "" "" 168294415140931456 348.947571 2.8301 0.0184 -3.535 -1.936 0.018 0.012 1.194 6095.9 4.3958 13.311262 1.340739 13.905561 12.564822 -66.74 1.73 346.586853 351.685028 89215.80942 12.748 37428.0 38.28 74684.0 29.664 "" "" 0.0027596843852800033 0.0030030236 0.003803906 0.0068069296 57.69489382947 30.95768574328 348.947571 -3.5350000000000015 -1.9360000000000008 -7.933359775543213 4.3823369636535645 0.46055797 0.45455796 -77.65022222222223 4.633583 14.99077198441014 79.08400758591506 6.883195841346446 4.7329700857347525
55.38143807628 30.59665949943 0.0158 0.0111 102.7519 "" "" 120375430658551168 349.069946 2.8239 0.0175 12.973 -17.445 0.019 0.014 1.116 5807.8 4.4252 13.323801 1.327895 13.911769 12.583874 -5.83 1.79 347.127197 351.723816 88191.42224 16.173 37214.0 37.272 73385.0 69.004 "" "" 0.002762504908064959 0.0029945865 0.003914844 0.00690943 55.38143807628 30.59665949943 349.069946 12.972999999999999 -17.445 8.574640224456788 -11.126663036346436 0.46155795 0.45655796 -16.740222222222222 4.6935835 23.242570181683046 28.643535199060967 10.655029658225034 9.070655017585496
55.42718145634 31.31573177671 0.0225 0.0124 63.383 "" "" 216534422655935104 298.149231 3.3135 0.0228 6.529 -8.41 0.025 0.016 0.977 4732.7 4.1603 13.341339 1.649118 14.119729 12.470611 26.49 4.38 296.345795 300.264832 86778.28332 168.92 30727.0 188.67 81454.0 335.81 "" "" 0.0034725362495926313 0.007226973 0.005858304 0.013085277 55.42718145634 31.31573177671 298.149231 6.529 -8.409999999999997 2.130640224456787 -2.0916630363464357 0.46755797 0.45855796 15.579777777777775 7.2835836 4.21953859592183 16.14106506917719 1.9543337031778327 7.04884426499946
57.95031472961 31.24889075329 0.0125 0.0081 108.2911 "" "" 168680103204863488 277.486145 3.5608 0.0167 -11.456 -2.959 0.018 0.011 1.019 5460.1 4.5321 13.342642 1.233025 13.879193 12.646169 -29.07 1.29 276.199982 279.082336 86674.20052 9.7689 38348.0 26.529 69293.0 23.487 "" "" 0.002758036290177505 0.0028895002 0.0037972569 0.0066867573 57.95031472961 31.24889075329 277.486145 -11.456000000000005 -2.9589999999999987 -15.854359775543212 3.3593369636535644 0.46055797 0.45355797 -39.980222222222224 4.1935835 21.31596174515952 45.30770788794524 9.810871471305092 5.915956415740039
56.60535528199 32.09322475503 0.0151 0.0102 24.4902 "" "" 216644820496320768 313.385132 3.1483 0.0166 0.74 -22.901 0.019 0.013 1.043 7349.9 4.2279 13.362373 1.829509 14.252808 12.423299 -6.2 1.91 311.252594 315.001831 85113.32972 17.119 27183.0 20.211 85082.0 26.284 "" "" 0.0027639604788555054 0.0029046035 0.003794236 0.0066988394 56.60535528199 32.09322475503 313.385132 0.740000000000002 -22.901000000000018 -3.6583597755432127 -16.582663036346435 0.46155795 0.45555797 -17.110222222222223 4.8135834 25.224960555519548 30.48045832203552 11.498500306769264 9.892111923081503
55.73321617342 31.97827004672 0.017 0.0113 23.87 "" "" 216683406482466816 305.417999 3.2202 0.018 3.861 -6.311 0.02 0.015 1.194 "" "" 13.37869 2.128433 14.454715 12.326282 25.03 7.47 303.534485 307.234009 83843.78793 199.25 22570.0 193.1 93035.0 605.98 "" "" 0.0037748074897737283 0.009699123 0.008018449 0.017717572 55.73321617342 31.97827004672 305.417999 3.8610000000000007 -6.311 -0.5373597755432127 0.00733696365356451 0.46255797 0.45755795 14.119777777777777 10.373583 0.7779982153590645 14.141195342577268 0.35986855517047467 10.35789043952577
55.81883877585 31.5889200453 0.0205 0.0148 39.1596 "" "" 216521915711142144 285.735138 3.4549 0.0231 -10.162 3.748 0.026 0.02 1.411 5764.4 4.4301 13.387263 1.405102 13.901888 12.496786 14.47 2.91 283.555664 287.937042 83184.34054 34.525 37554.0 412.91 79514.0 1410.5 "" "" 0.0027919264619642044 0.012259509 0.019627204 0.03188671 55.81883877585 31.5889200453 285.735138 -10.161999999999999 3.7480000000000007 -14.560359775543214 10.066336963653566 0.46855795 0.46255797 3.559777777777777 5.8135834 23.974336510045582 24.23717865024857 11.187049426328734 11.098624343566422
54.39957929201 32.13731803433 0.0187 0.0119 88.207 "" "" 217390800480180864 376.824982 2.606 0.0216 -1.539 -9.591 0.019 0.015 0.988 5902.6 4.332 13.390839 1.271492 13.939437 12.667945 7.66 4.1 374.116913 380.345093 82910.81907 28.485 36278.0 53.831 67917.0 110.58 "" "" 0.0027804552744297812 0.0032218914 0.004172372 0.0073942635 54.39957929201 32.13731803433 376.824982 -1.5390000000000004 -9.591000000000001 -5.937359775543213 -3.272663036346435 0.46155795 0.45755795 -3.2502222222222237 7.003583 12.10933111726421 12.537936217790008 5.577908667289021 5.684932008982866
55.1955059567 30.68314092569 0.0192 0.0124 102.0812 "" "" 120374502945614976 297.463348 3.3198 0.022 20.293 -34.694 0.02 0.016 1.08 5135.6 4.4604 13.39146 1.343559 13.993579 12.65002 -7.17 1.69 295.770935 299.527649 82863.33695 11.862 34513.0 27.217 69048.0 37.727 "" "" 0.0027597003853147752 0.0029185868 0.003825657 0.006744244 55.1955059567 30.68314092569 297.463348 20.293 -34.694 15.894640224456786 -28.375663036346438 0.46255797 0.45855796 -18.080222222222226 4.593583 45.858225656973836 49.293724712288395 21.072609233239362 19.67623459216138
54.68421155834 32.64667407756 0.0164 0.0107 78.573 "" "" 217624176118721664 260.291382 3.8036 0.017 18.935 -40.08 0.019 0.013 0.996 4823.2 4.4994 13.430003 1.338738 14.029399 12.69066 17.75 2.39 258.839417 261.254303 79973.35445 11.601 33393.0 24.467 66511.0 24.078 "" "" 0.0027598179200520514 0.002901361 0.0037997654 0.0067011267 54.68421155834 32.64667407756 260.291382 18.935 -40.08000000000001 14.536640224456786 -33.761663036346434 0.46155795 0.45555797 6.839777777777776 5.2935834 45.35154966903761 45.864426491918195 20.703052068372962 20.48675676892277
55.49237224805 32.23828470741 0.0174 0.012 32.8029 "" "" 217444440327486848 310.663666 3.1749 0.0186 4.566 -7.433 0.021 0.016 1.03 7159.3 4.286 13.440225 1.995058 14.438193 12.443135 14.51 22.49 308.587311 312.560028 79224.02995 128.93 22916.0 138.53 83542.0 367.31 "" "" 0.0032732032083832613 0.0071318555 0.006088648 0.013220504 55.49237224805 32.23828470741 310.663666 4.566000000000001 -7.432999999999998 0.16764022445678695 -1.1146630363464354 0.46355796 0.45855796 3.599777777777776 25.393583 1.6598516985201843 3.9640267040552395 0.7613227596842735 23.062405460836324
56.27288421115 30.6947737144 0.0228 0.0117 89.6125 "" "" 216231438484149504 364.931274 2.7037 0.0246 0.02 -7.024 0.02 0.013 1.006 5821.2 4.4281 13.443399 1.207379 13.96397 12.756591 20.75 3.12 361.693542 367.70282 78992.72571 13.775 35467.0 30.426 62592.0 34.171 "" "" 0.0027618176625106555 0.002941528 0.0038255805 0.0067671086 56.27288421115 30.6947737144 364.931274 0.020000000000000684 -7.024000000000001 -4.378359775543213 -0.7056630363464356 0.46255797 0.45555797 9.839777777777776 6.0235834 7.671308808682512 12.476786667817128 3.547075500146224 5.227180223647452
55.8060705764 30.60247405527 0.0163 0.0109 96.3601 "" "" 216261468895397632 330.495422 2.9837 0.0178 3.172 -13.286 0.021 0.014 0.982 5486.6 4.4509 13.460697 1.268134 14.01793 12.749796 54.53 2.15 328.487793 332.390564 77744.18594 10.97 33748.0 22.619 62985.0 31.478 "" "" 0.0027595760735304466 0.0028835027 0.003818136 0.006701639 55.8060705764 30.60247405527 330.495422 3.1720000000000006 -13.286 -1.2263597755432127 -6.967663036346435 0.46355796 0.45655796 43.61977777777778 5.053583 11.082959611134347 45.005744156993465 5.062361874131652 5.054115941693055
57.14606548725 33.03209460748 0.0113 0.0085 72.1172 "" "" 217131801068904704 366.200684 2.6918 0.0157 19.933 -12.354 0.02 0.012 1.089 5487.3 4.1612 13.46623 1.708713 14.281402 12.572688 34.98 1.25 364.086426 368.030884 77348.9834 11.838 26476.0 18.705 74145.0 27.482 "" "" 0.002760326301787233 0.002893688 0.003800747 0.006694435 57.14606548725 33.03209460748 366.200684 19.933 -12.354000000000001 15.534640224456787 -6.035663036346435 0.46255797 0.45455796 24.069777777777773 4.1535835 28.92863014261513 37.63269647792761 13.351043607768563 10.601342575795945
