Clusters/IC_348/IC_348_members.tsv
# %ECSV 1.0
# ---
# datatype:
# - name: RA_ICRS_1
#   unit: deg
#   datatype: float64
#   format: '{:15.11f}'
#   description: Right ascension (ICRS) at Ep=2016.0 (ra)
#   meta: !!omap
#   - {ucd: POS_EQ_RA_MAIN}
#   - {width: 15}
#   - {precision: '11'}
# - name: DE_ICRS_1
#   unit: deg
#   datatype: float64
#   format: '{:15.11f}'
#   description: Declination (ICRS) at Ep=2016.0 (dec)
#   meta: !!omap
#   - {ucd: POS_EQ_DEC_MAIN}
#   - {width: 15}
#   - {precision: '11'}
# - name: e_RA_ICRS
#   unit: mas
#   datatype: float64
#   format: '{:7.4f}'
#   description: Standard error of right ascension (ra_error)
#   meta: !!omap
#   - {ucd: ERROR}
#   - {width: 7}
#   - {precision: '4'}
# - name: e_DE_ICRS
#   unit: mas
#   datatype: float64
#   format: '{:7.4f}'
#   description: Standard error of declination (dec_error)
#   meta: !!omap
#   - {ucd: ERROR}
#   - {width: 7}
#   - {precision: '4'}
# - name: _r_1
#   unit: ''
#   datatype: float64
#   format: '{:8.4f}'
#   description: Distance from center (056.13530962000+32.18369682000)[ICRS], at Epoch=J2016.0
#   meta: !!omap
#   - {ucd: POS_ANG_DIST_GENERAL}
#   - {width: 8}
#   - {precision: '4'}
# - name: HIP
#   datatype: int32
#   description: '? HIP cross-id number, van Leeuwen, Cat. I/311 (hip_original_ext_source_id)'
#   meta: !!omap
#   - {ucd: ID_NUMBER}
#   - {width: 6}
#   - values: {'null': -2147483648}
# - name: TYC2
#   datatype: string
#   description: Tycho-2 cross-id name, Hog et al., Cat. I/259 (tyc2_original_ext_source_id)
#   meta: !!omap
#   - {ucd: ID_CROSSID}
#   - {_votable_string_dtype: char}
# - name: Source
#   datatype: int64
#   description: Source identifier, identical to the Gaia-EDR3 source_id (id)
#   meta: !!omap
#   - {ucd: ID_MAIN}
#   - {width: 19}
# - name: rgeo
#   unit: pc
#   datatype: float64
#   format: '{:15.8f}'
#   description: '? Median of the geometric distance posterior (r_med_geo)'
#   meta: !!omap
#   - {ucd: PHYS_DISTANCE_TRUE}
#   - {width: 15}
#   - {precision: '8'}
#   - values: {'null': .nan}
# - name: Plx
#   unit: mas
#   datatype: float64
#   format: '{:9.4f}'
#   description: '? Parallax (parallax)'
#   meta: !!omap
#   - {ucd: POS_PARLX_TRIG}
#   - {width: 9}
#   - {precision: '4'}
#   - values: {'null': .nan}
# - name: e_Plx
#   unit: mas
#   datatype: float32
#   format: '{:7.4f}'
#   description: '? Standard error of parallax (parallax_error)'
#   meta: !!omap
#   - {ucd: ERROR}
#   - {width: 7}
#   - {precision: '4'}
#   - values: {'null': .nan}
# - name: pmRA
#   unit: mas / yr
#   datatype: float64
#   format: '{:9.3f}'
#   description: '? Proper motion in right ascension direction, pmRA*cosDE (pmra)'
#   meta: !!omap
#   - {ucd: POS_EQ_PMRA}
#   - {width: 9}
#   - {precision: '3'}
#   - values: {'null': .nan}
# - name: pmDE
#   unit: mas / yr
#   datatype: float64
#   format: '{:9.3f}'
#   description: '? Proper motion in declination direction (pmdec)'
#   meta: !!omap
#   - {ucd: POS_EQ_PMDEC}
#   - {width: 9}
#   - {precision: '3'}
#   - values: {'null': .nan}
# - name: e_pmRA
#   unit: mas / yr
#   datatype: float32
#   format: '{:6.3f}'
#   description: '? Standard error of proper motion in right ascension direction (pmra_error)'
#   meta: !!omap
#   - {ucd: ERROR}
#   - {width: 6}
#   - {precision: '3'}
#   - values: {'null': .nan}
# - name: e_pmDE
[...]
#         unit: &id001 !astropy.units.Unit {unit: deg}
#         value: !astropy.table.SerializedColumn {name: SkyCoord.dec}
#       distance: !astropy.table.SerializedColumn
#         __class__: astropy.coordinates.distances.Distance
#         unit: !astropy.units.Unit {unit: pc}
#         value: !astropy.table.SerializedColumn {name: SkyCoord.distance}
#       frame: icrs
#       obstime: !astropy.time.Time {format: jyear_str, in_subfmt: '*', jd1: 367701545.0, jd2: 0.0, out_subfmt: '*', precision: 3, scale: tt}
#       pm_dec: !astropy.table.SerializedColumn
#         __class__: astropy.units.quantity.Quantity
#         unit: !astropy.units.Unit {unit: mas / yr}
#         value: !astropy.table.SerializedColumn {name: SkyCoord.pm_dec}
#       pm_ra_cosdec: !astropy.table.SerializedColumn
#         __class__: astropy.units.quantity.Quantity
#         unit: !astropy.units.Unit {unit: mas / yr}
#         value: !astropy.table.SerializedColumn {name: SkyCoord.pm_ra_cosdec}
#       ra: !astropy.table.SerializedColumn
#         __class__: astropy.coordinates.angles.Longitude
#         unit: *id001
#         value: !astropy.table.SerializedColumn {name: SkyCoord.ra}
#         wrap_angle: !astropy.coordinates.Angle
#           unit: *id001
#           value: 360.0
#       representation_type: spherical
# schema: astropy-2.0
RA_ICRS_1 DE_ICRS_1 e_RA_ICRS e_DE_ICRS _r_1 HIP TYC2 Source rgeo Plx e_Plx pmRA pmDE e_pmRA e_pmDE RUWE Teff logg Gmag BP-RP BPmag RPmag RV e_RV b_rgeo B_rgeo FG e_FG FBP e_FBP FRP e_FRP RAVE5 RAVE6 e_Gmag e_BPmag e_RPmag e_BP-RP SkyCoord.ra SkyCoord.dec SkyCoord.distance SkyCoord.pm_ra_cosdec SkyCoord.pm_dec Pmemb
56.03531054551 32.1212318305 0.0249 0.0133 6.3127 "" 2359-1262-1 216679626911237120 311.266998 3.1744 0.0264 4.384 -7.612 0.027 0.017 0.945 "" "" 9.816146 0.696851 10.077028 9.380178 12.96 3.02 308.794067 313.867279 2230942.86278 485.49 1272300.0 386.6 1403100.0 309.59 "" "" 0.002765432127921837 0.0028096065 0.003786967 0.0065965736 56.03531054551 32.1212318305 311.266998 4.384 -7.612000000000002 0.9
56.03813624929 32.11923319945 0.033 0.0181 6.2711 "" 2359-1263-1 216679558191760640 309.331787 3.2101 0.0353 3.608 -7.094 0.036 0.023 1.413 "" "" 9.887886 0.731101 10.167776 9.436675 4.32 3.63 305.605743 312.268768 2088297.28441 807.13 1170300.0 392.99 1332000.0 285.5 "" "" 0.0027870927468938078 0.0028138899 0.00378654 0.00660043 56.03813624929 32.11923319945 309.331787 3.608 -7.094000000000001 0.9
56.10279662343 32.17082782343 0.0487 0.027 1.8228 "" 2359-882-1 216681585416313216 326.265442 3.0476 0.0624 4.686 -6.022 0.057 0.036 1.87 "" "" 11.188539 1.403597 11.815274 10.411677 18.32 0.81 317.79541 333.103516 630276.0906 252.88 256630.0 208.8 542610.0 164.74 "" "" 0.0027895437497993366 0.0029266716 0.00379373 0.0067204013 56.10279662343 32.17082782343 326.265442 4.686 -6.022 1.0
56.12841801819 32.16547468234 0.0261 0.015 1.148 "" "" 216681344898253440 308.159576 3.2082 0.0277 4.113 -6.071 0.03 0.019 1.038 "" "" 11.488676 1.20616 12.000922 10.794763 6.5 8.55 305.732452 310.688507 478053.34717 130.64 216300.0 183.06 381290.0 137.31 "" "" 0.002771249350186479 0.0029375837 0.003799553 0.0067371367 56.12841801819 32.16547468234 308.159576 4.113 -6.071 1.0
56.07970428129 32.15866445908 0.0276 0.0134 3.1986 "" "" 216681207459195392 308.314972 3.2042 0.0333 4.5 -5.81 0.028 0.017 0.981 "" "" 11.626451 1.121111 12.097803 10.976692 14.06 1.12 305.273041 311.383209 421081.77608 137.74 197830.0 158.4 322460.0 107.14 "" "" 0.002778115275425505 0.0029224632 0.0037965595 0.006719023 56.07970428129 32.15866445908 308.314972 4.5 -5.81 1.0
56.28179520635 32.17439532748 0.0177 0.0107 7.4599 "" "" 216701406688870400 317.330383 3.1404 0.0218 4.419 -5.668 0.023 0.014 1.133 5877.2 3.8048 12.13201 1.589468 12.872412 11.282944 23.38 8.5 314.443268 319.412842 264327.82156 144.82 96929.0 216.24 243210.0 314.08 "" "" 0.0028188011662341234 0.0036948624 0.0040310854 0.0077259475 56.28179520635 32.17439532748 317.330383 4.418999999999999 -5.6679999999999975 0.9
55.96353535652 32.21919856202 0.0321 0.019 8.9775 "" "" 216694225503544320 317.479065 3.1416 0.0364 4.524 -5.426 0.038 0.024 1.889 5705.6 4.06 12.35408 1.604377 13.102971 11.498594 13.07 9.72 313.807983 321.502777 215434.21278 419.86 78384.0 538.4 199400.0 972.21 "" "" 0.0034740773810929514 0.007962511 0.006504381 0.014466892 55.96353535652 32.21919856202 317.479065 4.524 -5.426 0.9
56.25590874181 32.08379081191 0.0194 0.0122 8.5719 "" "" 216630144591496832 317.31308 3.1422 0.0233 4.039 -5.91 0.024 0.015 1.259 "" "" 12.665474 1.793344 13.524927 11.731583 19.59 4.27 315.060913 319.712433 161717.48775 33.656 53143.0 69.013 160890.0 53.852 "" "" 0.0027645699320953503 0.0031261889 0.0037968135 0.006923002 56.25590874181 32.08379081191 317.31308 4.039 -5.910000000000001 1.0
56.28221317055 32.00753785817 0.0183 0.0102 12.9411 "" "" 216628838921440128 310.874481 3.1995 0.0223 4.592 -6.654 0.021 0.013 1.095 5476.3 3.8566 12.71135 1.717835 13.532999 11.815164 -22.44 10.52 309.015076 312.879028 155026.80182 353.46 52749.0 443.33 148970.0 929.62 "" "" 0.0037040172575177324 0.009542134 0.007758152 0.017300285 56.28221317055 32.00753785817 310.874481 4.592 -6.654 1.0
56.09995648479 32.18331971433 0.0214 0.0116 1.7954 "" "" 216681688495526016 315.289185 3.155 0.0237 4.225 -6.676 0.025 0.015 1.103 5977.2 3.9217 12.852559 1.673023 13.640475 11.967452 16.51 3.04 313.080322 317.409851 136120.38219 93.445 47778.0 123.18 129470.0 203.05 "" "" 0.0028543525000093713 0.0039522983 0.00414526 0.008097558 56.09995648479 32.18331971433 315.289185 4.225 -6.676 1.0
56.13644051833 32.14372100666 0.0223 0.013 2.3992 "" "" 216678385665110912 315.5737 3.148 0.0281 5.113 -5.768 0.028 0.016 1.198 6624.1 3.9862 12.866311 1.961197 13.839748 11.878552 -1.71 8.6 312.946716 318.866547 134407.19002 143.95 39767.0 156.98 140520.0 390.37 "" "" 0.002990643040004052 0.0051141283 0.0048354203 0.009949548 56.13644051833 32.14372100666 315.5737 5.112999999999999 -5.767999999999999 0.8
56.19879969102 32.31991180957 0.0216 0.0151 8.7849 "" "" 216708248573262592 325.045776 3.026 0.0242 4.482 -6.589 0.03 0.021 1.489 "" "" 13.240757 2.186641 14.351386 12.164745 25.47 36.45 322.306427 327.500397 95201.49399 44.21 24823.0 42.707 107960.0 58.831 "" "" 0.0028010721023044214 0.0033577294 0.0038254126 0.007183142 56.19879969102 32.31991180957 325.045776 4.481999999999999 -6.589 1.0
56.06845092884 32.16531931027 0.0278 0.013 3.57 "" "" 216681276178672000 311.217926 3.1719 0.0339 4.743 -6.143 0.027 0.017 0.979 4985.5 4.1725 13.642571 1.88265 14.568496 12.685845 14.11 4.63 307.364868 314.23056 65753.41054 69.284 20324.0 78.204 66807.0 207.81 "" "" 0.0029833878671116686 0.005023821 0.005068514 0.010092335 56.06845092884 32.16531931027 311.217926 4.743 -6.143 0.9
56.10846679684 32.07509639016 0.029 0.0186 6.6572 "" "" 216677530967198208 314.203674 3.1295 0.0328 3.867 -6.636 0.033 0.023 1.427 "" "" 13.837853 2.759068 15.372067 12.612999 "" "" 311.018677 317.633484 54929.49255 143.7 9695.9 99.139 71443.0 557.39 "" "" 0.003957210056310244 0.011446737 0.0092756655 0.020722402 56.10846679684 32.07509639016 314.203674 3.867 -6.636 1.0
55.98132015348 32.15890553447 0.0229 0.014 7.961 "" "" 216680692063125504 314.775085 3.1322 0.024 4.518 -7.178 0.027 0.018 0.978 "" "" 13.887177 2.035836 14.903761 12.867925 3.82 8.87 312.60321 317.056396 52489.90106 63.219 14925.0 75.44 56492.0 259.51 "" "" 0.0030498810581782295 0.0061565293 0.0062577846 0.012414314 55.98132015348 32.15890553447 314.775085 4.518 -7.178000000000001 1.0
56.02086296488 32.16491806374 0.0458 0.021 5.9205 "" "" 216681929013704192 320.461212 3.0883 0.0531 4.484 -4.77 0.041 0.027 1.271 6628.2 4.3239 14.264579 2.15858 15.375958 13.217379 14.61 2.83 314.216339 327.510712 37077.89464 27.635 9661.3 35.106 40946.0 76.247 "" "" 0.002871695094051921 0.0048321555 0.0042861816 0.009118337 56.02086296488 32.16491806374 320.461212 4.484 -4.77 0.8
56.25633799893 32.18089373789 0.0238 0.0171 6.1483 "" "" 216701445345078144 315.869293 3.1209 0.0288 4.941 -6.509 0.031 0.024 0.988 4901.0 4.2068 14.275379 1.987201 15.269459 13.282258 3.47 7.64 313.011017 319.23938 36710.91816 26.456 10657.0 30.169 38570.0 99.014 "" "" 0.0028642639416689565 0.0041511673 0.00469599 0.0088471575 56.25633799893 32.18089373789 315.869293 4.940999999999998 -6.509 1.0
56.03693090774 32.26956966128 0.0262 0.0178 7.175 "" "" 216694710836359296 318.992157 3.0914 0.0291 5.232 -6.317 0.034 0.023 1.086 "" "" 14.360234 2.404398 15.647001 13.242603 19.54 8.66 315.673492 321.824951 33951.03042 34.095 7526.9 28.629 40005.0 104.28 "" "" 0.002963213019022994 0.0049838885 0.004721603 0.009705491 56.03693090774 32.26956966128 318.992157 5.231999999999999 -6.317 1.0
56.10121525736 32.17205939846 0.0325 0.0168 1.8669 "" "" 216681581120776576 315.766052 3.1267 0.0406 5.006 -6.379 0.036 0.022 1.11 6138.9 4.1227 14.425531 2.258114 15.588335 13.330221 -15.94 21.87 312.049561 319.950714 31969.39228 52.54 7944.8 62.643 36904.0 161.12 "" "" 0.0032826351601201527 0.009004009 0.0060624746 0.015066484 56.10121525736 32.17205939846 315.766052 5.006000000000001 -6.378999999999998 1.0
56.1453201951 32.10933770759 0.0292 0.0171 4.4904 "" "" 216678080723006464 309.539276 3.1789 0.036 5.076 -6.66 0.036 0.022 1.024 8398.9 4.4058 14.504954 2.43433 15.802341 13.368011 28.88 9.06 305.935394 312.586243 29714.27095 45.088 6523.5 46.377 35641.0 160.97 "" "" 0.00321029290791667 0.008207555 0.0061910823 0.014398637 56.1453201951 32.10933770759 309.539276 5.0760000000000005 -6.66 1.0
56.11863164091 32.12287495435 0.028 0.017 3.7464 "" "" 216677977643791232 317.658356 3.1061 0.0355 4.063 -7.107 0.035 0.021 1.024 4768.6 4.1448 14.512036 2.317656 15.723912 13.406257 42.43 6.5 315.125641 321.339111 29521.08097 86.469 7012.2 89.875 34408.0 234.57 "" "" 0.004207775082466113 0.014192785 0.008310859 0.022503644 56.11863164091 32.12287495435 317.658356 4.063 -7.107000000000001 1.0
56.23393158311 32.15420230617 0.0369 0.0265 5.3123 "" "" 216701033028221440 313.449677 3.1451 0.0453 4.014 -5.978 0.048 0.037 1.415 5572.1 4.0721 14.521962 2.816591 16.100838 13.284246 7.27 6.1 308.715485 317.886963 29252.43384 237.4 4955.4 147.28 38500.0 774.79 "" "" 0.009232110888409537 0.03238969 0.022174256 0.054563947 56.23393158311 32.15420230617 313.449677 4.014 -5.978 1.0
56.27405352293 32.0521992985 0.0267 0.0167 10.5811 "" "" 216629874010075776 310.308319 3.1797 0.0347 5.27 -6.122 0.035 0.022 1.047 6069.2 4.1787 14.588853 2.342612 15.832985 13.490373 -5.41 6.62 306.66861 313.780365 27504.61793 19.851 6341.9 22.508 31843.0 48.155 "" "" 0.002864583238980514 0.0047574765 0.004120634 0.00887811 56.27405352293 32.0521992985 310.308319 5.27 -6.1220000000000026 0.9
56.3352572647 32.10953963215 0.0309 0.0193 11.0894 "" "" 216653891467180288 309.20813 3.1759 0.037 3.79 -5.814 0.04 0.026 1.118 6019.8 3.8065 14.73525 3.015899 16.480673 13.464774 53.33 11.19 305.90799 312.743591 24035.13072 34.724 3492.6 29.33 32602.0 113.06 "" "" 0.0031705271306775766 0.009535111 0.00533484 0.014869951 56.3352572647 32.10953963215 309.20813 3.79 -5.813999999999999 1.0
56.25729335088 32.24098682844 0.0322 0.0226 7.0825 "" "" 216702647935913344 316.868408 3.1036 0.0352 5.043 -5.978 0.04 0.03 1.193 7158.9 4.2621 14.77066 2.792248 16.349585 13.557337 13.17 4.39 313.182831 319.721741 23263.90158 23.112 3940.8 20.036 29938.0 82.385 "" "" 0.002958930260004372 0.006185233 0.004817738 0.011002971 56.25729335088 32.24098682844 316.868408 5.043 -5.9780000000000015 0.9
55.88362781707 32.10478973838 0.0304 0.0192 13.6345 "" "" 216685949103101824 309.483307 3.1846 0.0318 3.376 -6.778 0.034 0.026 0.954 4396.3 4.1573 14.800669 2.212659 15.955052 13.742394 -4.86 5.8 306.505066 312.43103 22629.72687 26.022 5667.6 30.685 25246.0 77.377 "" "" 0.003024982777869712 0.0065068714 0.0050356016 0.011542473 55.88362781707 32.10478973838 309.483307 3.376000000000001 -6.778 0.9
56.16715330546 32.1928022557 0.0293 0.0182 1.7068 "" "" 216704950038394240 315.836121 3.1152 0.0346 4.468 -5.435 0.039 0.025 0.979 8452.3 4.4174 14.801189 2.548306 16.186369 13.638063 -5.79 6.31 312.124603 319.432587 22618.87911 24.507 4580.0 31.326 27793.0 82.578 "" "" 0.002995935927040619 0.007933018 0.0049689305 0.012901949 56.16715330546 32.1928022557 315.836121 4.468000000000002 -5.4350000000000005 1.0
56.14160699568 32.14835166373 0.0302 0.0188 2.1447 "" "" 216678389960645888 308.02774 3.1939 0.0356 4.848 -6.685 0.04 0.025 1.029 4743.4 4.1482 14.820282 2.496925 16.173307 13.676382 1.53 10.4 304.212524 311.039642 22224.60055 60.156 4635.5 54.629 26829.0 190.98 "" "" 0.00402843710682579 0.013095997 0.008603306 0.021699302 56.14160699568 32.14835166373 308.02774 4.848 -6.685000000000002 1.0
56.10657065066 32.20829153545 0.0366 0.0221 2.0753 "" "" 216681791574735744 318.35437 3.093 0.043 4.582 -5.973 0.044 0.03 1.121 5374.3 4.1965 14.9302 2.514045 16.289783 13.775739 31.9 8.33 313.555817 322.189392 20084.77399 78.289 4163.9 70.362 24483.0 254.9 "" "" 0.005050013788317115 0.01855783 0.011919001 0.03047683 56.10657065066 32.20829153545 318.35437 4.582 -5.972999999999998 1.0
56.11259318423 32.07877557566 0.0372 0.0218 6.4002 "" "" 216677565326935808 313.892273 3.1491 0.0427 4.557 -6.485 0.044 0.026 1.09 7287.5 4.386 14.965158 2.54467 16.344126 13.799456 "" "" 310.028473 318.917786 19448.39467 53.546 3960.7 51.407 23954.0 214.83 "" "" 0.004065418176387348 0.014365631 0.01044509 0.02481072 56.11259318423 32.07877557566 313.892273 4.557 -6.485 1.0
56.16350519678 32.12651510131 0.0331 0.0189 3.7178 "" "" 216678115082741248 307.544128 3.1915 0.0422 4.377 -6.097 0.043 0.025 1.08 "" "" 15.012532 2.952771 16.687428 13.734656 "" "" 303.260864 310.932068 18618.03023 147.96 2887.0 136.84 25427.0 591.42 "" "" 0.009057740441628407 0.051538046 0.025534946 0.07707299 56.16350519678 32.12651510131 307.544128 4.377 -6.097000000000002 1.0
56.15824530724 32.05822285362 0.0391 0.0224 7.6181 "" "" 216676775052953216 313.734375 3.1494 0.0457 4.731 -7.034 0.051 0.03 1.068 3682.4 4.0483 15.097547 2.586729 16.500845 13.914116 "" "" 308.966187 318.495728 17215.83732 277.39 3428.3 204.99 21553.0 1017.2 "" "" 0.017709567682992606 0.06497988 0.05138082 0.1163607 56.15824530724 32.05822285362 313.734375 4.731000000000001 -7.034000000000002 1.0
55.93592834209 32.13823428344 0.0386 0.0261 10.4882 "" "" 216691927697575680 317.865601 3.0907 0.0422 4.182 -7.559 0.045 0.035 1.21 5169.8 4.2043 15.141395 2.551583 16.520714 13.969131 "" "" 312.032806 323.182373 16534.41134 47.526 3366.1 40.71 20488.0 158.57 "" "" 0.004163078419631364 0.013424181 0.009214003 0.022638183 55.93592834209 32.13823428344 317.865601 4.182000000000002 -7.559000000000003 1.0
56.1558451413 32.10324790591 0.037 0.022 4.9384 "" "" 216678012003529984 317.149841 3.0959 0.0473 4.364 -6.381 0.048 0.029 1.005 "" "" 15.20498 2.671571 16.682785 14.011214 "" "" 312.885742 323.325012 15593.90429 12.342 2899.4 32.753 19709.0 55.348 "" "" 0.0028862121384129343 0.012578356 0.004855956 0.017434312 56.1558451413 32.10324790591 317.149841 4.364 -6.381 1.0
56.0746448151 32.20560414508 0.0549 0.0359 3.349 "" "" 216682513129244928 308.717743 3.1857 0.0657 3.98 -6.901 0.064 0.045 1.384 "" "" 15.322875 2.887626 16.969618 14.081992 "" "" 302.511444 315.513092 13989.3191 24.092 2226.2 29.404 18466.0 108.05 "" "" 0.0033298691461088586 0.014609487 0.007392148 0.022001635 56.0746448151 32.20560414508 308.717743 3.9800000000000004 -6.901 1.0
55.99882958459 32.23411857237 0.0429 0.0277 7.5603 "" "" 216694195440291328 312.130585 3.1598 0.05 5.279 -6.339 0.053 0.036 1.042 5388.6 4.2328 15.524619 2.761091 17.075703 14.314611 -17.77 13.38 306.19693 317.069489 11617.14077 21.506 2019.0 18.649 14904.0 71.484 "" "" 0.0034105245959327223 0.010409581 0.0064344313 0.016844012 55.99882958459 32.23411857237 312.130585 5.278999999999998 -6.339 0.8
56.00909273919 32.3277450256 0.0398 0.0259 10.7571 "" "" 216695844707719424 320.325226 3.0759 0.047 4.737 -6.389 0.054 0.034 1.042 3767.9 4.0691 15.540322 2.608231 16.968813 14.360582 124.15 7.97 314.932739 325.482513 11450.32355 44.461 2227.9 46.533 14286.0 150.54 "" "" 0.005036390667609458 0.022848217 0.012049114 0.03489733 56.00909273919 32.3277450256 320.325226 4.737 -6.389000000000001 1.0
56.15496809644 32.15444919345 0.0431 0.0276 2.019 "" "" 216678493039858560 320.949738 3.0665 0.056 4.018 -5.789 0.06 0.037 1.067 4239.8 4.1337 15.551699 2.58715 16.971949 14.384799 "" "" 314.187164 327.813934 11330.97103 18.352 2221.5 21.517 13971.0 60.65 "" "" 0.003268651943925005 0.010880072 0.0060414555 0.016921528 56.15496809644 32.15444919345 320.949738 4.018 -5.789 1.0
56.1238681318 32.17770729267 0.0579 0.0356 0.6832 "" "" 216681516696833408 312.435425 3.122 0.068 4.122 -6.234 0.084 0.049 1.179 5309.5 4.1753 15.592639 2.844027 17.165241 14.321215 "" "" 305.117249 320.92804 10911.66373 39.704 1859.2 38.877 14814.0 115.86 "" "" 0.004816570776024588 0.02287421 0.009294604 0.032168813 56.1238681318 32.17770729267 312.435425 4.122 -6.233999999999998 1.0
56.15783702904 32.13446810038 0.0467 0.0309 3.1676 "" "" 216678321241170432 312.342529 3.1492 0.063 3.909 -6.277 0.062 0.041 1.076 9898.2 4.3742 15.599383 3.028567 17.343493 14.314925 "" "" 306.83313 318.962158 10844.09796 38.444 1577.7 36.898 14900.0 140.05 "" "" 0.004733643004414478 0.025545176 0.010882539 0.036427714 56.15783702904 32.13446810038 312.342529 3.908999999999999 -6.277 1.0
