Clusters/IC_348/IC_348_stars_in_region.tsv
# %ECSV 1.0
# ---
# datatype:
# - name: RA_ICRS_1
#   unit: deg
#   datatype: float64
#   format: '{:15.11f}'
#   description: Right ascension (ICRS) at Ep=2016.0 (ra)
#   meta: !!omap
#   - {ucd: POS_EQ_RA_MAIN}
#   - {width: 15}
#   - {precision: '11'}
# - name: DE_ICRS_1
#   unit: deg
#   datatype: float64
#   format: '{:15.11f}'
#   description: Declination (ICRS) at Ep=2016.0 (dec)
#   meta: !!omap
#   - {ucd: POS_EQ_DEC_MAIN}
#   - {width: 15}
#   - {precision: '11'}
# - name: e_RA_ICRS
#   unit: mas
#   datatype: float64
#   format: '{:7.4f}'
#   description: Standard error of right ascension (ra_error)
#   meta: !!omap
#   - {ucd: ERROR}
#   - {width: 7}
#   - {precision: '4'}
# - name: e_DE_ICRS
#   unit: mas
#   datatype: float64
#   format: '{:7.4f}'
#   description: Standard error of declination (dec_error)
#   meta: !!omap
#   - {ucd: ERROR}
#   - {width: 7}
#   - {precision: '4'}
# - name: _r_1
#   unit: ''
#   datatype: float64
#   format: '{:8.4f}'
#   description: Distance from center (056.13530962000+32.18369682000)[ICRS], at Epoch=J2016.0
#   meta: !!omap
#   - {ucd: POS_ANG_DIST_GENERAL}
#   - {width: 8}
#   - {precision: '4'}
# - name: HIP
#   datatype: int32
#   description: '? HIP cross-id number, van Leeuwen, Cat. I/311 (hip_original_ext_source_id)'
#   meta: !!omap
#   - {ucd: ID_NUMBER}
#   - {width: 6}
#   - values: {'null': -2147483648}
# - name: TYC2
#   datatype: string
#   description: Tycho-2 cross-id name, Hog et al., Cat. I/259 (tyc2_original_ext_source_id)
#   meta: !!omap
#   - {ucd: ID_CROSSID}
#   - {_votable_string_dtype: char}
# - name: Source
#   datatype: int64
#   description: Source identifier, identical to the Gaia-EDR3 source_id (id)
#   meta: !!omap
#   - {ucd: ID_MAIN}
#   - {width: 19}
# - name: rgeo
#   unit: pc
#   datatype: float64
#   format: '{:15.8f}'
#   description: '? Median of the geometric distance posterior (r_med_geo)'
#   meta: !!omap
#   - {ucd: PHYS_DISTANCE_TRUE}
#   - {width: 15}
#   - {precision: '8'}
#   - values: {'null': .nan}
# - name: Plx
#   unit: mas
#   datatype: float64
#   format: '{:9.4f}'
#   description: '? Parallax (parallax)'
#   meta: !!omap
#   - {ucd: POS_PARLX_TRIG}
#   - {width: 9}
#   - {precision: '4'}
#   - values: {'null': .nan}
# - name: e_Plx
#   unit: mas
#   datatype: float32
#   format: '{:7.4f}'
#   description: '? Standard error of parallax (parallax_error)'
#   meta: !!omap
#   - {ucd: ERROR}
#   - {width: 7}
#   - {precision: '4'}
#   - values: {'null': .nan}
# - name: pmRA
#   unit: mas / yr
#   datatype: float64
#   format: '{:9.3f}'
#   description: '? Proper motion in right ascension direction, pmRA*cosDE (pmra)'
#   meta: !!omap
#   - {ucd: POS_EQ_PMRA}
#   - {width: 9}
#   - {precision: '3'}
#   - values: {'null': .nan}
# - name: pmDE
#   unit: mas / yr
#   datatype: float64
#   format: '{:9.3f}'
#   description: '? Proper motion in declination direction (pmdec)'
#   meta: !!omap
#   - {ucd: POS_EQ_PMDEC}
#   - {width: 9}
#   - {precision: '3'}
#   - values: {'null': .nan}
# - name: e_pmRA
#   unit: mas / yr
#   datatype: float32
#   format: '{:6.3f}'
#   description: '? Standard error of proper motion in right ascension direction (pmra_error)'
#   meta: !!omap
#   - {ucd: ERROR}
#   - {width: 6}
#   - {precision: '3'}
#   - values: {'null': .nan}
# - name: e_pmDE
[...]
#         value: !astropy.table.SerializedColumn {name: SkyCoord.dec}
#       distance: !astropy.table.SerializedColumn
#         __class__: astropy.coordinates.distances.Distance
#         unit: !astropy.units.Unit {unit: pc}
#         value: !astropy.table.SerializedColumn {name: SkyCoord.distance}
#       frame: icrs
#       obstime: !astropy.time.Time {format: jyear_str, in_subfmt: '*', jd1: 367701545.0, jd2: 0.0, out_subfmt: '*', precision: 3, scale: tt}
#       pm_dec: !astropy.table.SerializedColumn
#         __class__: astropy.units.quantity.Quantity
#         unit: !astropy.units.Unit {unit: mas / yr}
#         value: !astropy.table.SerializedColumn {name: SkyCoord.pm_dec}
#       pm_ra_cosdec: !astropy.table.SerializedColumn
#         __class__: astropy.units.quantity.Quantity
#         unit: !astropy.units.Unit {unit: mas / yr}
#         value: !astropy.table.SerializedColumn {name: SkyCoord.pm_ra_cosdec}
#       ra: !astropy.table.SerializedColumn
#         __class__: astropy.coordinates.angles.Longitude
#         unit: *id001
#         value: !astropy.table.SerializedColumn {name: SkyCoord.ra}
#         wrap_angle: !astropy.coordinates.Angle
#           unit: *id001
#           value: 360.0
#       representation_type: spherical
# schema: astropy-2.0
RA_ICRS_1 DE_ICRS_1 e_RA_ICRS e_DE_ICRS _r_1 HIP TYC2 Source rgeo Plx e_Plx pmRA pmDE e_pmRA e_pmDE RUWE Teff logg Gmag BP-RP BPmag RPmag RV e_RV b_rgeo B_rgeo FG e_FG FBP e_FBP FRP e_FRP RAVE5 RAVE6 e_Gmag e_BPmag e_RPmag e_BP-RP SkyCoord.ra SkyCoord.dec SkyCoord.distance SkyCoord.pm_ra_cosdec SkyCoord.pm_dec rmRA rmDE e_rmRA e_rmDE rRV e_rRV v_pec v_pec3d e_vpec e_vpec3d
[from data line 86]
55.3423199713 31.90937671861 0.0222 0.0166 43.5583 "" "" 217336825626699008 304.815643 3.2586 0.0252 3.832 -6.469 0.031 0.023 1.113 "" "" 11.569942 2.11523 12.64465 10.529421 "" "" 302.749786 307.614868 443578.25051 279.34 119550.0 195.95 486840.0 577.92 "" "" 0.0028388873793335156 0.003309379 0.003993105 0.0073024845 55.3423199713 31.90937671861 304.815643 3.8319999999999994 -6.469 -0.566359775543213 -0.15066303634643585 0.47355795 0.46555796 "" "" 0.8467504020586099 "" 0.4005412281938148 ""
56.2826751623 31.04259173162 0.0174 0.0103 68.8791 "" "" 216292942415682816 341.032288 2.8943 0.0185 8.565 -20.687 0.02 0.013 0.958 6380.1 3.9064 11.58663 1.401886 12.216574 10.814688 -60.66 2.48 339.275482 343.139923 436812.14373 127.61 177330.0 144.38 374350.0 176.37 "" "" 0.0027735169925905572 0.0029268572 0.003813842 0.0067406995 56.2826751623 31.04259173162 341.032288 8.565000000000003 -20.687000000000015 4.166640224456787 -14.368663036346437 0.46255797 0.45555797 -71.57022222222221 5.383583 24.18369590223021 75.5456673571014 11.03029932785688 6.203305245104408
55.1325059485 33.02260130023 0.0185 0.0156 71.4325 "" 2359-578-1 217542468660891776 273.573914 3.6146 0.02 38.986 -24.669 0.028 0.022 0.994 5437.7 4.2239 11.591054 0.984071 11.998441 11.01437 -4.12 0.61 272.095886 275.04071 435036.13333 113.89 216790.0 172.94 311470.0 108.13 "" "" 0.0027699425162065546 0.00292151 0.0037981311 0.0067196414 55.1325059485 33.02260130023 273.573914 38.98599999999999 -24.66899999999999 34.587640224456784 -18.350663036346436 0.47055796 0.46455795 -15.030222222222225 3.5135832 50.77283627968374 52.95081192893034 23.824979949642913 22.866769541550116
57.45669872308 30.89300769626 0.0245 0.0161 102.7751 "" 2356-487-1 168304723062470144 361.838654 2.7272 0.0269 19.955 -10.108 0.032 0.021 1.621 6105.4 3.9823 11.595653 1.149972 12.085229 10.935257 66.99 0.75 358.451355 365.378387 433197.2685 86.729 200140.0 81.281 335010.0 77.439 "" "" 0.0027638813006208266 0.0028247966 0.0037877057 0.006612502 57.45669872308 30.89300769626 361.838654 19.955 -10.107999999999993 15.556640224456785 -3.789663036346436 0.47455797 0.46355796 56.07977777777777 3.6535833 27.46169956761482 62.44266505160453 13.01543159976915 6.597859260114509
56.5299342723 31.41049702076 0.0214 0.0134 50.5685 "" "" 216405367480220416 360.964478 2.7358 0.0232 12.713 -13.258 0.026 0.017 1.494 "" "" 11.598714 1.595371 12.34026 10.744888 17.15 2.06 358.377014 364.031738 431977.48672 183.75 158240.0 137.58 399210.0 216.18 "" "" 0.002793758147445653 0.0029455302 0.003824841 0.0067703715 56.5299342723 31.41049702076 360.964478 12.712999999999997 -13.257999999999996 8.314640224456786 -6.939663036346435 0.46855795 0.45955795 6.239777777777775 4.963583 18.530080623866006 19.55246057771307 8.61433302156453 8.316151143503872
56.07970428129 32.15866445908 0.0276 0.0134 3.1986 "" "" 216681207459195392 308.314972 3.2042 0.0333 4.5 -5.81 0.028 0.017 0.981 "" "" 11.626451 1.121111 12.097803 10.976692 14.06 1.12 305.273041 311.383209 421081.77608 137.74 197830.0 158.4 322460.0 107.14 "" "" 0.002778115275425505 0.0029224632 0.0037965595 0.006719023 56.07970428129 32.15866445908 308.314972 4.5 -5.81 0.10164022445678711 0.5083369636535648 0.47055796 0.45955795 3.1497777777777767 4.0235834 0.7575945706771472 3.239606393206156 0.34848264774492216 3.9128652242934083
56.12743164565 31.08875803926 0.021 0.014 65.6976 "" "" 216300123601005056 321.43042 3.0796 0.0228 20.734 -10.655 0.024 0.018 1.134 5774.8 3.9151 11.672837 1.604058 12.426107 10.822049 1.78 0.29 319.24411 323.598236 403470.60446 124.49 146210.0 139.61 371830.0 186.94 "" "" 0.002775610825332893 0.0029765498 0.003818598 0.006795148 56.12743164565 31.08875803926 321.43042 20.733999999999995 -10.654999999999989 16.33564022445679 -4.336663036346435 0.46655795 0.46055797 -9.130222222222224 3.1935833 25.75074937989423 27.3214577109876 12.004106087171582 11.364214040238608
54.31841432751 32.26083728321 0.0161 0.0115 92.339 "" "" 217395408980448384 318.421356 3.1042 0.0179 -4.216 -24.142 0.018 0.014 0.939 6691.5 4.0739 11.711444 1.264002 12.261921 10.997919 -40.39 0.42 316.678528 320.150452 389376.02727 112.5 170080.0 119.56 316220.0 159.6 "" "" 0.002773119897214235 0.0028926756 0.0038189022 0.006711578 54.31841432751 32.26083728321 318.421356 -4.216 -24.142000000000003 -8.614359775543214 -17.823663036346435 0.46055797 0.45655796 -51.300222222222224 3.3235834 29.87876948313367 59.3671092935779 13.66410133194501 7.452589619201439
57.62966925665 31.15764644477 0.025 0.015 98.0442 "" 2356-1108-1 168315168422884352 379.088989 2.5952 0.0284 0.384 4.027 0.031 0.02 1.598 6115.6 4.037 11.730921 1.138333 12.205345 11.067012 -3.8 0.36 375.174957 383.124695 382453.42358 95.905 179180.0 79.359 296720.0 79.584 "" "" 0.0027687390611634242 0.002831305 0.0037905844 0.0066218893 57.62966925665 31.15764644477 379.088989 0.38399999999999956 4.027000000000001 -4.0143597755432125 10.345336963653565 0.47355795 0.46255797 -14.710222222222225 3.2635832 19.939808964433865 24.778753386021616 9.25231729716078 7.693425060316752
57.70695048483 33.4998773702 0.0157 0.0123 111.8595 "" "" 217216321732303872 309.7229 3.1994 0.0191 8.239 4.883 0.021 0.017 1.237 "" "" 11.734103 1.657196 12.518846 10.86165 17.67 0.34 307.860046 311.674744 381334.02338 74.761 134240.0 79.034 358510.0 113.09 "" "" 0.0027635301233271234 0.0028624572 0.0037948685 0.0066573257 57.70695048483 33.4998773702 309.7229 8.239 4.883 3.840640224456788 11.201336963653564 0.46355796 0.45955795 6.759777777777778 3.2435832 17.384306222724526 18.6523108072538 7.996439594253321 7.544967299513108
57.16262717679 31.67022137444 0.0307 0.0176 60.7117 "" 2356-159-1 216428903901280768 286.302734 3.4558 0.0337 7.202 -8.525 0.037 0.024 1.667 5934.6 3.9967 11.75438 1.158347 12.237118 11.078771 20.87 2.65 283.434357 289.499847 374278.19265 195.17 174010.0 269.55 293530.0 302.29 "" "" 0.002812886762111881 0.0032578667 0.0039413148 0.0071991812 57.16262717679 31.67022137444 286.302734 7.202 -8.525 2.803640224456787 -2.206663036346436 0.47955796 0.46655795 9.959777777777777 5.553583 4.8418791922104285 11.074338241839842 2.2980879358465813 5.094711271276609
57.20541602625 33.59910138766 0.0203 0.0158 100.5908 "" "" 217253228382061184 315.035889 3.1358 0.0239 6.404 -7.383 0.029 0.023 1.543 5803.0 4.0364 11.77599 1.018828 12.197064 11.178236 -0.94 0.47 312.484375 317.075195 366902.83553 88.013 180550.0 71.492 267830.0 69.888 "" "" 0.00276760225935418 0.002823097 0.003789986 0.006613083 57.20541602625 33.59910138766 315.035889 6.403999999999997 -7.383000000000002 2.005640224456787 -1.0646630363464356 0.47155797 0.46555796 -11.850222222222223 3.3735833 3.3907755501923402 12.325791071887904 1.5944969727153318 3.272945967009021
56.81375453922 31.79461204397 0.0229 0.0135 41.6771 "" "" 216443811730031744 292.217255 3.3835 0.026 5.827 -10.12 0.03 0.018 1.456 5707.9 4.1014 11.779564 1.225513 12.283791 11.058278 17.45 1.21 290.135223 294.17215 365696.72089 96.279 166690.0 144.15 299120.0 421.89 "" "" 0.002770108003713574 0.0029439128 0.0040778425 0.007021755 56.81375453922 31.79461204397 292.217255 5.827 -10.12 1.428640224456787 -3.8016630363464348 0.47255796 0.46055797 6.5397777777777755 4.1135836 5.6252606172149635 8.626253554951054 2.599206837796265 3.5494567258932075
55.82577735471 33.34891687228 0.0165 0.0096 71.636 "" 2359-799-1 217938086689628544 274.931122 3.5956 0.0205 10.486 -25.867 0.023 0.013 1.003 6011.1 4.0544 11.786043 1.165308 12.28191 11.116602 -49.27 0.62 273.095459 276.683563 363521.10051 74.64 166980.0 113.1 283480.0 89.939 "" "" 0.002764323910375539 0.0028854564 0.0037950475 0.006680504 55.82577735471 33.34891687228 274.931122 10.486000000000002 -25.867 6.087640224456788 -19.548663036346436 0.46555796 0.45555797 -60.18022222222223 3.5235834 26.681967491965008 65.82998204434152 12.17900616925268 5.8943647377952795
55.42505584853 30.78654884445 0.0163 0.0107 91.3664 "" "" 120381885992933376 259.420746 3.8148 0.0181 0.16 -7.875 0.02 0.014 0.987 5796.6 4.1272 11.796298 1.14169 12.283046 11.141355 -20.65 2.41 258.49527 260.629242 360103.63999 56.924 166800.0 119.1 277090.0 124.3 "" "" 0.0027606604506547005 0.0028958688 0.003810636 0.006706505 55.42505584853 30.78654884445 259.420746 0.15999999999999814 -7.875 -4.238359775543213 -1.5566630363464355 0.46255797 0.45655796 -31.560222222222222 5.3135834 5.552116515259929 32.044868926476695 2.5642388379580185 5.252045835440993
55.36302708307 33.43139354412 0.0157 0.0112 84.3857 "" 2359-96-1 217766524218631552 322.538055 3.056 0.0167 3.491 -11.226 0.018 0.015 0.911 6133.4 4.1565 11.803069 1.05337 12.242043 11.188672 11.13 0.8 320.66626 324.202301 357865.03929 76.29 173220.0 130.65 265270.0 115.43 "" "" 0.0027650248315912378 0.0029078617 0.003808797 0.006716659 55.36302708307 33.43139354412 322.538055 3.4909999999999997 -11.226000000000003 -0.9073597755432128 -4.907663036346436 0.46055797 0.45755795 0.21977777777777696 3.7035832 7.630143886266339 7.633308456805118 3.49199197055883 3.4921726841114515
55.25394290257 32.13169710722 0.0176 0.0131 44.8776 "" "" 217349057693547008 305.846527 3.2348 0.0192 4.415 -6.26 0.021 0.018 1.036 7320.9 3.9991 11.818916 1.560929 12.541095 10.980166 6.1 4.99 303.90509 307.53833 352679.51326 74.258 131520.0 85.623 321430.0 123.38 "" "" 0.0027647875205255917 0.0028783113 0.0038022904 0.0066806017 55.25394290257 32.13169710722 305.846527 4.414999999999999 -6.26 0.016640224456787145 0.058336963653564666 0.46355796 0.46055797 -4.810222222222224 7.8935833 0.08794509258509221 4.81102610328299 0.04052372421756001 7.892264382652767
54.93536538048 31.60641004501 0.0219 0.0174 70.2571 "" "" 217302740766251904 265.888458 3.7211 0.0259 19.898 -7.002 0.029 0.022 1.14 5730.1 4.3183 11.839745 0.909289 12.211413 11.302124 50.48 0.78 264.131897 267.638824 345977.90191 58.305 178180.0 96.49 238950.0 92.909 "" "" 0.002761388729000466 0.0028514462 0.0038028862 0.0066543324 54.93536538048 31.60641004501 265.888458 19.898000000000003 -7.001999999999999 15.499640224456787 -0.6836630363464353 0.47155797 0.46455795 39.56977777777777 3.6835833 19.55336483215451 44.13730156729172 9.220281312477027 5.25266897383318
57.35537514969 30.68377157531 0.0158 0.0099 109.5447 "" 2356-1039-1 168266068356845824 325.543762 3.0417 0.0173 -12.536 -27.776 0.02 0.013 1.247 6625.2 4.0073 11.859843 1.406797 12.489868 11.083072 -83.64 0.44 323.369934 326.974731 339632.60089 113.96 137870.0 178.83 292370.0 205.56 "" "" 0.0027793000744869524 0.0031254366 0.0038557032 0.00698114 57.35537514969 30.68377157531 325.543762 -12.535999999999996 -27.776000000000003 -16.934359775543214 -21.457663036346435 0.46255797 0.45555797 -94.55022222222223 3.3435833 42.18006729687145 103.53213317342694 19.329318512786713 8.446242373686438
54.91849655782 32.33476618754 0.0153 0.0112 62.4007 "" "" 217408568760296448 298.288574 3.3298 0.0168 16.869 -4.301 0.019 0.015 1.016 4967.6 3.5957 11.877678 1.632951 12.650054 11.017103 -13.47 1.38 296.714142 299.400452 334099.36646 55.781 118960.0 74.127 310680.0 133.02 "" "" 0.0027612768021456203 0.002871022 0.003807864 0.006678886 54.91849655782 32.33476618754 298.288574 16.869 -4.300999999999997 12.470640224456787 2.0173369636535643 0.46155795 0.45755795 -24.380222222222223 4.283583 17.86129964912795 30.222859903736385 8.242210684457401 5.972216529467551
57.49925837507 33.6241266189 0.0869 0.0611 110.407 "" "" 217245394364913664 347.324615 2.8593 0.1104 3.189 -6.953 0.115 0.087 6.916 5688.6 4.162 11.913878 0.960986 12.305761 11.344775 -6.18 1.28 334.637634 362.292816 323143.38913 60.614 163350.0 69.607 229750.0 61.112 "" "" 0.0027628365991565138 0.0028282679 0.0037904 0.006618668 57.49925837507 33.6241266189 347.324615 3.1890000000000005 -6.953000000000001 -1.2093597755432128 -0.6346630363464358 0.55755794 0.52955794 -17.090222222222224 4.1835833 2.2485050385753333 17.237501864058984 1.2403474205807075 4.150992478125461
57.22210545806 31.54151961475 0.0212 0.0117 67.4662 "" 2356-124-1 216379936976892672 326.172119 3.043 0.0244 4.969 -13.183 0.026 0.015 1.332 6863.2 4.1065 11.914704 1.303556 12.486945 11.18339 26.04 8.87 323.625275 328.379242 322897.65125 50.624 138240.0 100.64 266560.0 72.139 "" "" 0.0027605733022124184 0.0028999692 0.0037907867 0.006690756 57.22210545806 31.54151961475 326.172119 4.969 -13.183 0.5706402244567874 -6.864663036346435 0.46855795 0.45755795 15.129777777777775 11.773583 10.64975841530341 18.502095284298587 4.8736951351550255 10.028024695416187
57.92225466007 32.05676817565 0.0158 0.0114 91.1232 "" 2360-455-1 216791124263956480 305.708954 3.2431 0.0212 -14.129 -7.39 0.023 0.016 1.506 5670.6 4.0802 11.92595 1.315046 12.506358 11.191312 -70.98 0.52 303.850586 307.636169 319570.6338 54.274 135790.0 54.93 264630.0 87.35 "" "" 0.0027614834669363437 0.0028245263 0.0037963358 0.006620862 57.92225466007 32.05676817565 305.708954 -14.129 -7.389999999999999 -18.52735977554321 -1.0716630363464352 0.46555796 0.45855796 -81.89022222222223 3.4235833 26.89213833970944 86.19278160082206 12.519226125964378 5.082988847050736
55.25244460289 33.80158227398 0.0215 0.0133 106.7562 "" 2363-337-1 217790064936033408 369.461151 2.6733 0.0242 -6.522 0.451 0.025 0.016 0.978 6663.2 4.131 11.927847 1.057906 12.368854 11.310947 -36.05 0.89 366.670166 372.99826 319012.62434 73.772 154130.0 112.17 237020.0 136.75 "" "" 0.0027667362319795767 0.0028998961 0.003830944 0.00673084 55.25244460289 33.80158227398 369.461151 -6.521999999999999 0.451 -10.920359775543213 6.769336963653564 0.46755797 0.45855796 -46.96022222222222 3.7935834 22.50048903406303 52.07239650652238 10.464462775528759 5.670097381120907
55.3088896778 31.9961204481 0.0195 0.015 43.4907 "" 2359-540-1 217344041171754368 302.123688 3.2829 0.0219 4.585 -6.079 0.024 0.02 1.169 "" "" 11.945147 1.439525 12.590537 11.151012 17.96 7.37 299.782257 303.755737 313970.02485 66.318 125660.0 86.727 274630.0 169.71 "" "" 0.0027648477843557244 0.0028890423 0.0038384746 0.0067275167 55.3088896778 31.9961204481 302.123688 4.584999999999999 -6.079000000000001 0.18664022445678707 0.23933696365356472 0.46655795 0.46255797 7.049777777777777 10.273583 0.43464274593473873 7.063163670243177 0.20170667758630545 10.254120742479165
54.82931799751 31.80017370208 0.0153 0.0104 70.329 "" 2355-112-1 217325555632522624 310.308807 3.1976 0.0185 3.025 -6.438 0.017 0.013 0.968 8019.5 4.1392 11.950139 1.370862 12.559439 11.188577 17.19 1.54 308.815186 311.947601 312529.46816 59.045 129310.0 95.027 265290.0 105.63 "" "" 0.002762945033236447 0.0029020107 0.0038040262 0.0067060366 54.82931799751 31.80017370208 310.308807 3.0249999999999995 -6.438000000000003 -1.373359775543213 -0.11966303634643527 0.45955795 0.45555797 6.2797777777777775 4.4435835 2.027678534735171 6.599021834976558 0.9317749440869534 4.238295466605443
55.59728198836 31.9618115438 0.0144 0.0096 30.4222 "" "" 216590390373910912 305.807434 3.2449 0.0154 3.777 -6.336 0.017 0.013 1.05 "" "" 11.961777 1.483398 12.631849 11.148451 10.18 4.63 304.450562 307.087158 309197.58994 85.708 120970.0 117.44 275280.0 132.1 "" "" 0.0027717082553331018 0.0029826292 0.0038151261 0.006797755 55.59728198836 31.9618115438 305.807434 3.777 -6.336 -0.6213597755432128 -0.017663036346435845 0.45955795 0.45555797 -0.7302222222222241 7.5335836 0.9010417468494565 1.159784774599444 0.41407800112673887 4.7541820122135805
