Clusters/LP_1780/LP_1780_stars_in_region.tsv
# %ECSV 1.0
# ---
# datatype:
# - name: RA_ICRS_1
#   unit: deg
#   datatype: float64
#   format: '{:15.11f}'
#   description: Right ascension (ICRS) at Ep=2016.0 (ra)
#   meta: !!omap
#   - {ucd: POS_EQ_RA_MAIN}
#   - {width: 15}
#   - {precision: '11'}
# - name: DE_ICRS_1
#   unit: deg
#   datatype: float64
#   format: '{:15.11f}'
#   description: Declination (ICRS) at Ep=2016.0 (dec)
#   meta: !!omap
#   - {ucd: POS_EQ_DEC_MAIN}
#   - {width: 15}
#   - {precision: '11'}
# - name: e_RA_ICRS
#   unit: mas
#   datatype: float64
#   format: '{:7.4f}'
#   description: Standard error of right ascension (ra_error)
#   meta: !!omap
#   - {ucd: ERROR}
#   - {width: 7}
#   - {precision: '4'}
# - name: e_DE_ICRS
#   unit: mas
#   datatype: float64
#   format: '{:7.4f}'
#   description: Standard error of declination (dec_error)
#   meta: !!omap
#   - {ucd: ERROR}
#   - {width: 7}
#   - {precision: '4'}
# - name: _r_1
#   unit: ''
#   datatype: float64
#   format: '{:7.4f}'
#   description: Distance from center (321.53080998000+52.70910542000)[ICRS], at Epoch=J2016.0
#   meta: !!omap
#   - {ucd: POS_ANG_DIST_GENERAL}
#   - {width: 7}
#   - {precision: '4'}
# - name: HIP
#   datatype: int32
#   description: '? HIP cross-id number, van Leeuwen, Cat. I/311 (hip_original_ext_source_id)'
#   meta: !!omap
#   - {ucd: ID_NUMBER}
#   - {width: 6}
#   - values: {'null': -2147483648}
# - name: TYC2
#   datatype: string
#   description: Tycho-2 cross-id name, Hog et al., Cat. I/259 (tyc2_original_ext_source_id)
#   meta: !!omap
#   - {ucd: ID_CROSSID}
#   - {_votable_string_dtype: char}
# - name: Source
#   datatype: int64
#   description: Source identifier, identical to the Gaia-EDR3 source_id (id)
#   meta: !!omap
#   - {ucd: ID_MAIN}
#   - {width: 19}
# - name: rgeo
#   unit: pc
#   datatype: float64
#   format: '{:15.8f}'
#   description: '? Median of the geometric distance posterior (r_med_geo)'
#   meta: !!omap
#   - {ucd: PHYS_DISTANCE_TRUE}
#   - {width: 15}
#   - {precision: '8'}
#   - values: {'null': .nan}
# - name: Plx
#   unit: mas
#   datatype: float64
#   format: '{:9.4f}'
#   description: '? Parallax (parallax)'
#   meta: !!omap
#   - {ucd: POS_PARLX_TRIG}
#   - {width: 9}
#   - {precision: '4'}
#   - values: {'null': .nan}
# - name: e_Plx
#   unit: mas
#   datatype: float32
#   format: '{:7.4f}'
#   description: '? Standard error of parallax (parallax_error)'
#   meta: !!omap
#   - {ucd: ERROR}
#   - {width: 7}
#   - {precision: '4'}
#   - values: {'null': .nan}
# - name: pmRA
#   unit: mas / yr
#   datatype: float64
#   format: '{:9.3f}'
#   description: '? Proper motion in right ascension direction, pmRA*cosDE (pmra)'
#   meta: !!omap
#   - {ucd: POS_EQ_PMRA}
#   - {width: 9}
#   - {precision: '3'}
#   - values: {'null': .nan}
# - name: pmDE
#   unit: mas / yr
#   datatype: float64
#   format: '{:9.3f}'
#   description: '? Proper motion in declination direction (pmdec)'
#   meta: !!omap
#   - {ucd: POS_EQ_PMDEC}
#   - {width: 9}
#   - {precision: '3'}
#   - values: {'null': .nan}
# - name: e_pmRA
#   unit: mas / yr
#   datatype: float32
#   format: '{:6.3f}'
#   description: '? Standard error of proper motion in right ascension direction (pmra_error)'
#   meta: !!omap
#   - {ucd: ERROR}
#   - {width: 6}
#   - {precision: '3'}
#   - values: {'null': .nan}
# - name: e_pmDE
[...]
#         value: !astropy.table.SerializedColumn {name: SkyCoord.dec}
#       distance: !astropy.table.SerializedColumn
#         __class__: astropy.coordinates.distances.Distance
#         unit: !astropy.units.Unit {unit: pc}
#         value: !astropy.table.SerializedColumn {name: SkyCoord.distance}
#       frame: icrs
#       obstime: !astropy.time.Time {format: jyear_str, in_subfmt: '*', jd1: 367701545.0, jd2: 0.0, out_subfmt: '*', precision: 3, scale: tt}
#       pm_dec: !astropy.table.SerializedColumn
#         __class__: astropy.units.quantity.Quantity
#         unit: !astropy.units.Unit {unit: mas / yr}
#         value: !astropy.table.SerializedColumn {name: SkyCoord.pm_dec}
#       pm_ra_cosdec: !astropy.table.SerializedColumn
#         __class__: astropy.units.quantity.Quantity
#         unit: !astropy.units.Unit {unit: mas / yr}
#         value: !astropy.table.SerializedColumn {name: SkyCoord.pm_ra_cosdec}
#       ra: !astropy.table.SerializedColumn
#         __class__: astropy.coordinates.angles.Longitude
#         unit: *id001
#         value: !astropy.table.SerializedColumn {name: SkyCoord.ra}
#         wrap_angle: !astropy.coordinates.Angle
#           unit: *id001
#           value: 360.0
#       representation_type: spherical
# schema: astropy-2.0
RA_ICRS_1 DE_ICRS_1 e_RA_ICRS e_DE_ICRS _r_1 HIP TYC2 Source rgeo Plx e_Plx pmRA pmDE e_pmRA e_pmDE RUWE Teff logg Gmag BP-RP BPmag RPmag RV e_RV b_rgeo B_rgeo FG e_FG FBP e_FBP FRP e_FRP RAVE5 RAVE6 e_Gmag e_BPmag e_RPmag e_BP-RP SkyCoord.ra SkyCoord.dec SkyCoord.distance SkyCoord.pm_ra_cosdec SkyCoord.pm_dec rmRA rmDE e_rmRA e_rmDE rRV e_rRV v_pec v_pec3d e_vpec e_vpec3d
[from data line 239]
321.44380848871 52.68803226774 0.0209 0.02 3.4067 "" "" 2172759328681682048 2205.06128 0.4134 0.0238 -4.589 -4.604 0.028 0.025 1.002 5245.0 2.7557 15.350342 2.731084 16.891376 14.160293 -13.75 5.02 2099.71997 2311.5791 13639.86336 4.469 2392.6 5.6202 17181.0 11.396 "" "" 0.0027781892743385835 0.003780148 0.003847383 0.007627531 321.44380848871 52.68803226774 2205.06128 -4.589000000000001 -4.604000000000002 -1.423967136383057 -0.8498131313323976 0.1554444 0.1524444 -18.343 6.1917143 17.332239157922857 25.236326262501727 2.6806415688039644 4.862454856413747
321.53519095452 52.67415676772 0.0218 0.0205 2.103 "" "" 2172758366609124736 1863.21008 0.5072 0.0251 -3.256 -3.735 0.03 0.024 1.096 "" "" 15.351667 1.989121 16.343674 14.354552 "" "" 1773.90759 1954.43787 13623.21896 4.4012 3962.3 9.1916 14366.0 13.098 "" "" 0.0027775574049617394 0.00375881 0.0039068707 0.0076656807 321.53519095452 52.67415676772 1863.21008 -3.255999999999999 -3.734999999999998 -0.09096713638305642 0.019186868667602663 0.1574444 0.1514444 "" "" 0.8210627288798301 "" 0.12906573692289405 ""
321.68213542308 52.88676464592 0.0195 0.0206 11.9901 "" "" 2172768296573644416 1541.15625 0.6248 0.0228 -1.466 -0.814 0.027 0.026 0.929 6538.0 3.9816 15.356704 1.410957 15.991155 14.580197 "" "" 1482.2937 1601.7439 13560.17024 3.598 5482.2 16.349 11670.0 13.596 "" "" 0.0027703397344506497 0.0042742146 0.0039854436 0.008259658 321.68213542308 52.88676464592 1541.15625 -1.4659999999999997 -0.8139999999999998 1.6990328636169434 2.9401868686676025 0.1544444 0.15344441 "" "" 24.806543151806597 "" 3.8126503659993567 ""
321.93663421493 52.54610462106 0.0292 0.031 17.7227 "" "" 2172555369277752448 1564.91455 0.6118 0.034 -3.385 -3.148 0.039 0.04 1.497 6260.6 4.0282 15.362783 1.671718 16.149294 14.477576 "" "" 1483.97168 1650.59631 13484.45725 4.8526 4739.1 9.3891 12827.0 10.824 "" "" 0.0027828854279643134 0.0035230815 0.0038888478 0.0074119293 321.93663421493 52.54610462106 1564.91455 -3.3850000000000002 -3.1480000000000006 -0.21996713638305643 0.6061868686676024 0.1664444 0.16744441 "" "" 4.783395718562866 "" 0.8003977657887505 ""
321.07665707604 52.58641496329 0.0698 0.0662 18.0973 "" "" 2172737304088886528 1773.13599 0.5761 0.0795 -3.096 -4.834 0.092 0.08 3.223 6348.5 3.8203 15.365622 1.338707 15.945855 14.607148 "" "" 1589.66931 2029.8313 13449.24674 6.698 5715.8 12.634 11384.0 11.985 "" "" 0.002807875751144354 0.0036802767 0.0039484557 0.0076287324 321.07665707604 52.58641496329 1773.13599 -3.096 -4.834 0.06903286361694327 -1.079813131332397 0.2194444 0.2074444 "" "" 9.093994421525462 "" 1.886955205498549 ""
320.92509102228 52.69176232383 0.0226 0.0225 22.0478 "" "" 2172783002542395264 1724.89734 0.5594 0.0264 1.033 -3.332 0.029 0.028 1.158 8453.8 4.0339 15.366763 1.518461 16.062447 14.543985 "" "" 1645.95203 1819.95886 13435.12055 3.6439 5133.8 8.164 12066.0 8.9775 "" "" 0.0027710115887404738 0.003281181 0.0038647517 0.007145933 320.92509102228 52.69176232383 1724.89734 1.0330000000000021 -3.332 4.198032863616943 0.4221868686676027 0.1564444 0.1554444 "" "" 34.496306466839435 "" 5.39640968040828 ""
321.83178652875 52.39259129824 0.0219 0.0214 21.9368 "" "" 2172552036382944000 1520.63989 0.6272 0.0254 -0.219 -4.555 0.028 0.026 0.912 7059.1 4.2441 15.369409 1.354339 15.971443 14.617105 "" "" 1473.48047 1585.65369 13402.4276 3.6654 5582.6 14.188 11280.0 14.027 "" "" 0.002771274099449736 0.0039241733 0.0040133046 0.007937478 321.83178652875 52.39259129824 1520.63989 -0.21900000000000008 -4.554999999999999 2.9460328636169435 -0.8008131313323972 0.1554444 0.15344441 "" "" 22.00504492433891 "" 3.4175509801852058 ""
322.00598089544 52.47614082254 0.0231 0.0215 22.2562 "" "" 2172551246109052928 2038.34241 0.4373 0.0257 0.573 -1.783 0.029 0.027 0.979 "" "" 15.37041 2.814711 16.974459 14.159748 -17.66 3.26 1941.46216 2150.91016 13390.06224 6.2494 2216.3 11.655 17189.0 25.514 "" "" 0.00280152971417498 0.006354914 0.00410864 0.010463554 322.00598089544 52.47614082254 2038.34241 0.5729999999999997 -1.7830000000000017 3.7380328636169433 1.9711868686676026 0.1564444 0.1544444 -22.253 4.431714 40.82983025650853 46.50022631961375 6.369920189927281 5.981742094690689
321.40858420055 52.65325042139 0.0253 0.0228 5.5676 "" "" 2172735792260652672 1771.95142 0.5381 0.0296 -1.32 -2.877 0.035 0.028 1.154 "" "" 15.388001 1.472228 16.055847 14.583619 "" "" 1688.05981 1852.99268 13174.86543 3.5098 5165.1 8.722 11634.0 11.533 "" "" 0.002770460249978486 0.0033386333 0.0039296527 0.0072682863 321.40858420055 52.65325042139 1771.95142 -1.3199999999999987 -2.8770000000000024 1.8450328636169433 0.8771868686676028 0.1624444 0.1554444 "" "" 17.158753067607073 "" 2.765591509720533 ""
321.83139437394 52.52211436715 0.0218 0.0224 15.6774 "" "" 2172555094399730304 2220.28052 0.4138 0.0262 -1.151 -2.197 0.029 0.028 1.085 "" "" 15.389889 1.987594 16.37752 14.389926 "" "" 2099.3147 2354.05273 13151.98651 4.0095 3840.7 11.615 13906.0 17.358 "" "" 0.00277513026107257 0.0043088547 0.004015028 0.008323883 321.83139437394 52.52211436715 2220.28052 -1.151 -2.197 2.0140328636169436 1.5571868686676025 0.1564444 0.1554444 "" "" 26.79245678972874 "" 4.181525914537063 ""
321.69433758952 52.63944100121 0.0197 0.0215 7.2708 "" "" 2172747405852621568 1920.54785 0.4965 0.0238 -3.104 -3.768 0.027 0.027 0.988 8720.2 3.6452 15.39034 1.604076 16.13438 14.530304 "" "" 1842.14294 1993.42419 13146.51921 3.7041 4804.7 9.8393 12219.0 16.386 "" "" 0.0027722502452856845 0.003567725 0.004050144 0.007617869 321.69433758952 52.63944100121 1920.54785 -3.1039999999999996 -3.7680000000000002 0.06103286361694327 -0.013813131332397255 0.1544444 0.1544444 "" "" 0.5696583239052555 "" 0.08798053604436702 ""
321.87979544466 52.99052839369 0.0228 0.0245 21.0954 "" "" 2172770392517925120 2009.01257 0.4648 0.0269 -3.301 -4.444 0.031 0.029 1.091 4781.6 2.4683 15.391093 2.522946 16.775051 14.252105 -52.8 3.59 1916.79102 2112.43945 13137.3995 5.9625 2663.2 7.9166 15788.0 14.447 "" "" 0.0027990374412183426 0.004266318 0.003907787 0.008174105 321.87979544466 52.99052839369 2009.01257 -3.301 -4.444000000000001 -0.1359671363830568 -0.6898131313323974 0.1584444 0.1564444 -57.393 4.761714 6.695286045151824 57.782205775016976 1.047943877066831 4.731198788574627
321.77380298987 52.79163409692 0.0203 0.022 10.1192 "" "" 2172755102434130688 1584.4248 0.6057 0.0235 -6.736 -7.734 0.028 0.028 1.021 6429.4 3.9153 15.392021 1.730604 16.215315 14.484711 "" "" 1532.75232 1636.38318 13126.17803 4.2456 4459.6 11.488 12743.0 13.426 "" "" 0.002777609428523266 0.003950639 0.0039487085 0.007899348 321.77380298987 52.79163409692 1584.4248 -6.736000000000001 -7.734 -3.5709671363830564 -3.9798131313323974 0.1554444 0.1554444 "" "" 40.15711558277466 "" 6.242198678157981 ""
322.11015980266 52.5949825377 0.0199 0.021 22.1717 "" "" 2172560866836038144 1764.07288 0.5415 0.0229 -4.369 -3.779 0.027 0.027 1.023 "" "" 15.400651 1.646305 16.171566 14.525261 "" "" 1688.5155 1877.31409 13022.25428 3.5216 4642.9 8.1974 12276.0 12.605 "" "" 0.0027709202700350612 0.0033852253 0.0039403783 0.0073256036 322.11015980266 52.5949825377 1764.07288 -4.368999999999999 -3.778999999999996 -1.2039671363830564 -0.024813131332397376 0.1544444 0.1544444 "" "" 10.069356368360067 "" 1.5551556674127034 ""
321.46022923026 52.73828297687 0.0215 0.0205 3.1054 "" "" 2172759740998633600 1695.5907 0.5655 0.0251 -4.709 -5.428 0.028 0.024 0.952 8138.3 3.679 15.402479 1.516777 16.094992 14.578215 "" "" 1622.82947 1777.56018 13000.34927 3.6132 4982.2 8.1716 11692.0 11.403 "" "" 0.0027717951461774977 0.003310019 0.0039249198 0.0072349384 321.46022923026 52.73828297687 1695.5907 -4.709 -5.428 -1.5439671363830563 -1.6738131313323974 0.1554444 0.1514444 "" "" 18.301810540040485 "" 2.805598308950955 ""
321.18404682769 52.54438591693 0.0204 0.0195 16.0366 "" "" 2172733318359356288 1530.70605 0.626 0.0249 -1.773 -1.601 0.029 0.024 0.99 7986.8 4.207 15.427617 1.324188 16.011854 14.687666 "" "" 1472.72485 1586.11658 12702.81137 3.1626 5378.7 7.8261 10570.0 8.1225 "" "" 0.0027685481980048235 0.0032063536 0.0038703796 0.0070767333 321.18404682769 52.54438591693 1530.70605 -1.7730000000000006 -1.601 1.3920328636169434 2.1531868686676026 0.1564444 0.1514444 "" "" 18.60304224962188 "" 2.845060077133482 ""
321.47923019106 52.75776538553 0.0242 0.0226 3.4693 "" "" 2172760118955754240 1500.53564 0.646 0.0271 -2.798 -4.099 0.032 0.029 1.115 7272.9 4.2734 15.428777 1.400936 16.04939 14.648455 "" "" 1443.66187 1555.5918 12689.25492 3.7277 5195.9 9.4458 10959.0 13.293 "" "" 0.0027737198041965887 0.003417736 0.004002267 0.007420003 321.47923019106 52.75776538553 1500.53564 -2.798 -4.099 0.3670328636169433 -0.34481313133239766 0.1594444 0.1564444 "" "" 3.5818481856322943 "" 0.5660933615293052 ""
321.49274650254 52.73843443076 0.0216 0.0212 2.2383 "" "" 2172760050236281728 1983.46814 0.4811 0.0249 -3.096 -3.781 0.029 0.026 0.979 9035.4 3.6338 15.429647 1.973714 16.411728 14.438014 "" "" 1864.02722 2096.64697 12679.08585 3.8981 3721.6 7.3655 13303.0 11.142 "" "" 0.0027754663345719147 0.0035217053 0.0038872445 0.0074089495 321.49274650254 52.73843443076 1983.46814 -3.096 -3.7810000000000006 0.06903286361694327 -0.0268131313323976 0.1564444 0.15344441 "" "" 0.6962597821037743 "" 0.10865442013681824 ""
321.7953374584 52.73440012181 0.1935 0.2206 9.7323 "" "" 2172748196126726912 1657.87354 0.6706 0.1535 -4.764 -5.449 0.475 0.474 2.695 "" "" 15.441719 1.524174 15.440333 13.91616 64.05 16.25 1339.40442 2325.78687 12538.88659 24.395 9105.1 34.31 21513.0 24.985 "" "" 0.0034718608360648044 0.004952142 0.003984188 0.008936331 321.7953374584 52.73440012181 1657.87354 -4.763999999999996 -5.448999999999998 -1.5989671363830569 -1.6948131313323973 0.6024444 0.6014444 59.456999999999994 17.421715 18.31020305689669 62.21252594923942 11.021195936859302 16.96309450798599
321.59597388821 52.71399816277 0.0208 0.0214 2.3868 "" "" 2172758916364936192 1866.01099 0.5073 0.0256 -3.014 -3.91 0.031 0.027 1.046 "" "" 15.447384 1.730488 16.257757 14.527269 "" "" 1782.31812 1949.23169 12473.6362 4.423 4288.6 9.7766 12253.0 29.4 "" "" 0.002782086593939837 0.0037297825 0.0045902533 0.008320035 321.59597388821 52.71399816277 1866.01099 -3.0140000000000016 -3.9099999999999984 0.15103286361694357 -0.1558131313323976 0.1584444 0.1544444 "" "" 1.9193346098217772 "" 0.3001741001711989 ""
321.5620046006 52.97930550037 0.0489 0.0443 16.2514 "" "" 2172766883521804928 1548.00037 0.6303 0.0524 -1.038 -2.648 0.071 0.057 1.9 "" "" 15.458602 1.497218 15.937604 14.440386 "" "" 1428.77942 1730.28638 12345.41849 6.2727 5759.4 16.801 13274.0 17.597 "" "" 0.0028100036009529837 0.004220961 0.0040441817 0.008265143 321.5620046006 52.97930550037 1548.00037 -1.0379999999999998 -2.648 2.127032863616943 1.1061868686676024 0.1984444 0.1844444 "" "" 17.59157365291878 "" 3.43999689712457 ""
321.60983088995 52.94481131579 0.022 0.0213 14.4296 "" "" 2172771663828102272 1659.31287 0.5719 0.0244 -3.255 -3.823 0.031 0.026 1.087 7833.0 3.6882 15.460881 1.687182 16.260275 14.573092 "" "" 1607.40393 1719.58447 12319.52898 3.9486 4278.7 12.003 11747.0 8.2519 "" "" 0.0027772090526574996 0.0041306154 0.0038555716 0.007986187 321.60983088995 52.94481131579 1659.31287 -3.2549999999999994 -3.8230000000000004 -0.08996713638305653 -0.06881313133239741 0.1584444 0.15344441 "" "" 0.8908583536521818 "" 0.13952402252664858 ""
322.0379993673 52.56372395361 0.0196 0.021 20.4242 "" "" 2172560523238516992 1613.33057 0.5923 0.0231 -1.235 -4.345 0.026 0.027 1.009 6878.9 4.1843 15.463178 1.401012 16.091694 14.690682 "" "" 1562.62036 1661.86328 12293.5033 3.1074 4997.3 7.9783 10541.0 8.1521 "" "" 0.002768953982563165 0.0032847724 0.003871535 0.0071563073 322.0379993673 52.56372395361 1613.33057 -1.2350000000000008 -4.345 1.9300328636169433 -0.5908131313323972 0.15344441 0.1544444 "" "" 15.435363260548637 "" 2.3697965927401463 ""
321.15874123281 52.80322743975 0.0215 0.0203 14.6435 "" "" 2172788053424117504 1820.8999 0.5317 0.0242 -1.842 -2.771 0.029 0.026 0.986 7504.2 3.9921 15.470354 1.705032 16.28487 14.579838 "" "" 1741.82214 1903.22644 12212.51231 3.37 4182.8 8.4532 11674.0 10.112 "" "" 0.002771561403069675 0.003549593 0.003894637 0.00744423 321.15874123281 52.80322743975 1820.8999 -1.842 -2.771 1.3230328636169433 0.9831868686676026 0.1564444 0.15344441 "" "" 14.227055226385797 "" 2.2106528730435215 ""
321.82109210351 52.93890127462 0.0391 0.0455 17.3455 "" "" 2172768743250366208 1828.57605 0.5293 0.0495 -5.861 -4.557 0.055 0.054 2.097 9199.9 4.059 15.473446 1.771913 16.307735 14.535822 "" "" 1699.60645 1988.65417 12177.79007 6.5087 4095.6 9.2592 12157.0 13.468 "" "" 0.0028157651935177275 0.0037161936 0.0039661704 0.007682364 321.82109210351 52.93890127462 1828.57605 -5.861000000000002 -4.556999999999996 -2.6959671363830564 -0.8028131313323978 0.1824444 0.1814444 "" "" 24.381197290698278 "" 4.446231885977915 ""
321.18080263427 52.5626270871 0.0221 0.0207 15.4812 "" "" 2172736307656589696 1785.81934 0.5335 0.0265 -0.996 -3.193 0.031 0.025 1.061 8460.1 3.5535 15.473872 1.85646 16.381569 14.525109 "" "" 1702.96265 1868.16602 12173.00757 3.7831 3826.4 7.7427 12278.0 12.382 "" "" 0.0027759040741090193 0.0035513062 0.003934794 0.0074861003 321.18080263427 52.5626270871 1785.81934 -0.9960000000000012 -3.1930000000000014 2.1690328636169434 0.5611868686676025 0.1584444 0.1524444 "" "" 18.96495869856242 "" 2.997879440952318 ""
321.20196913813 52.43866100477 0.0204 0.0203 20.1764 "" "" 2172726137173948160 2114.80786 0.424 0.0239 -3.512 -6.194 0.028 0.025 0.916 "" "" 15.474654 3.221223 17.400547 14.179324 -70.65 4.81 2010.20081 2207.81055 12164.24757 5.2036 1496.9 8.0842 16882.0 13.564 "" "" 0.002794191680782011 0.0064936527 0.0038787513 0.010372404 321.20196913813 52.43866100477 2114.80786 -3.5120000000000036 -6.1939999999999955 -0.34696713638305665 -2.4398131313323974 0.1554444 0.1524444 -75.24300000000001 5.9817142 24.703219374514447 79.19443223147312 3.767350867067452 5.803479263125491
321.33212911125 52.70184005697 0.0225 0.0205 7.2361 "" "" 2172739193874730624 1718.12598 0.5559 0.0248 -3.988 -5.894 0.028 0.025 0.976 7986.0 4.0442 15.47568 1.624913 16.23292 14.608007 "" "" 1648.78308 1788.73279 12152.74611 4.4625 4387.8 14.567 11375.0 13.454 "" "" 0.0027840146944323662 0.004558248 0.0039915955 0.008549843 321.33212911125 52.70184005697 1718.12598 -3.9879999999999995 -5.894 -0.8229671363830566 -2.1398131313323976 0.1554444 0.1524444 "" "" 18.670851697734992 "" 2.8535461433089244 ""
321.75935269999 52.69504369867 0.021 0.0245 8.352 "" "" 2172747955608561024 1652.54761 0.5784 0.0255 2.712 -1.442 0.031 0.032 1.001 5425.1 3.747 15.479223 1.751168 16.323221 14.572053 "" "" 1587.60974 1731.23352 12113.15538 3.8301 4037.7 12.33 11758.0 15.846 "" "" 0.0027766249493566494 0.0043333364 0.0040527456 0.008386082 321.75935269999 52.69504369867 1652.54761 2.7119999999999997 -1.4420000000000002 5.877032863616943 2.3121868686676024 0.1584444 0.1594444 "" "" 49.46990297981992 "" 7.844878295368944 ""
321.09421876504 52.96023476229 0.0279 0.0266 21.8511 "" "" 2172793168728307712 1662.8147 0.5746 0.0306 -1.768 -5.17 0.037 0.035 1.13 8063.3 3.9979 15.481031 1.814228 16.208635 14.394407 -57.57 6.5 1596.5304 1752.16345 12093.00309 5.1477 4487.1 88.712 13848.0 187.56 "" "" 0.0027938131775639098 0.021646073 0.0151833175 0.03682939 321.09421876504 52.96023476229 1662.8147 -1.7679999999999998 -5.17 1.3970328636169433 -1.4158131313323974 0.1644444 0.1624444 -62.163 7.6717143 15.676995495109379 64.1093343964331 2.56215574382332 7.46514266319872
