Clusters/LP_1780/LP_1780_stars_in_region.tsv
# %ECSV 1.0
# ---
# datatype:
# - name: RA_ICRS_1
#   unit: deg
#   datatype: float64
#   format: '{:15.11f}'
#   description: Right ascension (ICRS) at Ep=2016.0 (ra)
#   meta: !!omap
#   - {ucd: POS_EQ_RA_MAIN}
#   - {width: 15}
#   - {precision: '11'}
# - name: DE_ICRS_1
#   unit: deg
#   datatype: float64
#   format: '{:15.11f}'
#   description: Declination (ICRS) at Ep=2016.0 (dec)
#   meta: !!omap
#   - {ucd: POS_EQ_DEC_MAIN}
#   - {width: 15}
#   - {precision: '11'}
# - name: e_RA_ICRS
#   unit: mas
#   datatype: float64
#   format: '{:7.4f}'
#   description: Standard error of right ascension (ra_error)
#   meta: !!omap
#   - {ucd: ERROR}
#   - {width: 7}
#   - {precision: '4'}
# - name: e_DE_ICRS
#   unit: mas
#   datatype: float64
#   format: '{:7.4f}'
#   description: Standard error of declination (dec_error)
#   meta: !!omap
#   - {ucd: ERROR}
#   - {width: 7}
#   - {precision: '4'}
# - name: _r_1
#   unit: ''
#   datatype: float64
#   format: '{:7.4f}'
#   description: Distance from center (321.53080998000+52.70910542000)[ICRS], at Epoch=J2016.0
#   meta: !!omap
#   - {ucd: POS_ANG_DIST_GENERAL}
#   - {width: 7}
#   - {precision: '4'}
# - name: HIP
#   datatype: int32
#   description: '? HIP cross-id number, van Leeuwen, Cat. I/311 (hip_original_ext_source_id)'
#   meta: !!omap
#   - {ucd: ID_NUMBER}
#   - {width: 6}
#   - values: {'null': -2147483648}
# - name: TYC2
#   datatype: string
#   description: Tycho-2 cross-id name, Hog et al., Cat. I/259 (tyc2_original_ext_source_id)
#   meta: !!omap
#   - {ucd: ID_CROSSID}
#   - {_votable_string_dtype: char}
# - name: Source
#   datatype: int64
#   description: Source identifier, identical to the Gaia-EDR3 source_id (id)
#   meta: !!omap
#   - {ucd: ID_MAIN}
#   - {width: 19}
# - name: rgeo
#   unit: pc
#   datatype: float64
#   format: '{:15.8f}'
#   description: '? Median of the geometric distance posterior (r_med_geo)'
#   meta: !!omap
#   - {ucd: PHYS_DISTANCE_TRUE}
#   - {width: 15}
#   - {precision: '8'}
#   - values: {'null': .nan}
# - name: Plx
#   unit: mas
#   datatype: float64
#   format: '{:9.4f}'
#   description: '? Parallax (parallax)'
#   meta: !!omap
#   - {ucd: POS_PARLX_TRIG}
#   - {width: 9}
#   - {precision: '4'}
#   - values: {'null': .nan}
# - name: e_Plx
#   unit: mas
#   datatype: float32
#   format: '{:7.4f}'
#   description: '? Standard error of parallax (parallax_error)'
#   meta: !!omap
#   - {ucd: ERROR}
#   - {width: 7}
#   - {precision: '4'}
#   - values: {'null': .nan}
# - name: pmRA
#   unit: mas / yr
#   datatype: float64
#   format: '{:9.3f}'
#   description: '? Proper motion in right ascension direction, pmRA*cosDE (pmra)'
#   meta: !!omap
#   - {ucd: POS_EQ_PMRA}
#   - {width: 9}
#   - {precision: '3'}
#   - values: {'null': .nan}
# - name: pmDE
#   unit: mas / yr
#   datatype: float64
#   format: '{:9.3f}'
#   description: '? Proper motion in declination direction (pmdec)'
#   meta: !!omap
#   - {ucd: POS_EQ_PMDEC}
#   - {width: 9}
#   - {precision: '3'}
#   - values: {'null': .nan}
# - name: e_pmRA
#   unit: mas / yr
#   datatype: float32
#   format: '{:6.3f}'
#   description: '? Standard error of proper motion in right ascension direction (pmra_error)'
#   meta: !!omap
#   - {ucd: ERROR}
#   - {width: 6}
#   - {precision: '3'}
#   - values: {'null': .nan}
# - name: e_pmDE
[...]
#         value: !astropy.table.SerializedColumn {name: SkyCoord.dec}
#       distance: !astropy.table.SerializedColumn
#         __class__: astropy.coordinates.distances.Distance
#         unit: !astropy.units.Unit {unit: pc}
#         value: !astropy.table.SerializedColumn {name: SkyCoord.distance}
#       frame: icrs
#       obstime: !astropy.time.Time {format: jyear_str, in_subfmt: '*', jd1: 367701545.0, jd2: 0.0, out_subfmt: '*', precision: 3, scale: tt}
#       pm_dec: !astropy.table.SerializedColumn
#         __class__: astropy.units.quantity.Quantity
#         unit: !astropy.units.Unit {unit: mas / yr}
#         value: !astropy.table.SerializedColumn {name: SkyCoord.pm_dec}
#       pm_ra_cosdec: !astropy.table.SerializedColumn
#         __class__: astropy.units.quantity.Quantity
#         unit: !astropy.units.Unit {unit: mas / yr}
#         value: !astropy.table.SerializedColumn {name: SkyCoord.pm_ra_cosdec}
#       ra: !astropy.table.SerializedColumn
#         __class__: astropy.coordinates.angles.Longitude
#         unit: *id001
#         value: !astropy.table.SerializedColumn {name: SkyCoord.ra}
#         wrap_angle: !astropy.coordinates.Angle
#           unit: *id001
#           value: 360.0
#       representation_type: spherical
# schema: astropy-2.0
RA_ICRS_1 DE_ICRS_1 e_RA_ICRS e_DE_ICRS _r_1 HIP TYC2 Source rgeo Plx e_Plx pmRA pmDE e_pmRA e_pmDE RUWE Teff logg Gmag BP-RP BPmag RPmag RV e_RV b_rgeo B_rgeo FG e_FG FBP e_FBP FRP e_FRP RAVE5 RAVE6 e_Gmag e_BPmag e_RPmag e_BP-RP SkyCoord.ra SkyCoord.dec SkyCoord.distance SkyCoord.pm_ra_cosdec SkyCoord.pm_dec rmRA rmDE e_rmRA e_rmDE rRV e_rRV v_pec v_pec3d e_vpec e_vpec3d
[from data line 396]
321.5729629741 52.39704486214 0.0264 0.0271 18.7867 "" "" 2172716860044752128 1663.58203 0.5751 0.0306 1.18 3.179 0.034 0.034 0.922 5301.6 3.7667 15.994579 1.746547 16.837229 15.090682 "" "" 1583.43408 1751.89758 7535.552 2.652 2514.9 8.1872 7292.7 8.7301 "" "" 0.0027816889901424702 0.004503151 0.003996629 0.00849978 321.5729629741 52.39704486214 1663.58203 1.18 3.179 4.345032863616943 6.933186868667603 0.1614444 0.1614444 "" "" 64.51974366050379 "" 10.416351031186869 ""
321.64433064747 52.53918146191 0.0275 0.0289 11.0019 "" "" 2172742114452789760 1661.53967 0.5739 0.0328 -1.332 1.099 0.039 0.034 0.978 5124.0 3.6783 15.996546 1.792372 16.868744 15.076372 "" "" 1595.35022 1746.41028 7521.91399 2.824 2443.0 7.761 7389.4 9.3045 "" "" 0.0027853092082400117 0.004436444 0.0040190495 0.0084554935 321.64433064747 52.53918146191 1661.53967 -1.3320000000000003 1.0990000000000002 1.8330328636169433 4.853186868667603 0.1664444 0.1614444 "" "" 40.85767031643533 "" 6.622090639195589 ""
320.95329445045 52.73064777972 0.0441 0.0431 21.0282 "" "" 2172788946777211776 1765.1604 0.5277 0.0509 -6.135 -3.731 0.057 0.054 1.306 "" "" 15.998277 3.540763 18.171381 14.630618 -35.02 4.43 1591.6792 1928.4989 7509.93 6.0314 735.98 7.9614 11141.0 17.707 "" "" 0.002890006679649873 0.012071732 0.004154695 0.016226428 320.95329445045 52.73064777972 1765.1604 -6.135 -3.731 -2.9699671363830564 0.023186868667602667 0.1844444 0.1814444 -39.613 5.601714 24.85005739727681 46.762325879365235 4.58344936248146 5.333890747302516
321.50216586411 52.68924037601 0.03 0.0266 1.5828 "" "" 2172758641487021568 1758.9751 0.5325 0.0336 -3.247 -3.774 0.038 0.032 0.992 9117.9 3.9209 16.005556 2.136947 17.103523 14.966577 "" "" 1679.0979 1867.94434 7459.75667 3.1122 1967.9 6.6478 8175.8 11.111 "" "" 0.002792305329287466 0.004608406 0.0040572044 0.00866561 321.50216586411 52.68924037601 1758.9751 -3.2469999999999986 -3.7739999999999974 -0.08196713638305653 -0.019813131332397482 0.1654444 0.1594444 "" "" 0.7030862639542805 "" 0.11609280937554907 ""
321.23589828896 52.63116271322 0.0298 0.0269 11.7049 "" "" 2172737132290300928 1784.92078 0.5418 0.0338 -4.517 -3.387 0.038 0.031 1.018 6966.7 4.0614 16.00923 1.538079 16.714268 15.176188 "" "" 1681.3385 1929.65283 7434.54986 2.6045 2816.5 9.6076 6740.4 8.4908 "" "" 0.0027814497231449897 0.0046370295 0.0040192413 0.008656271 321.23589828896 52.63116271322 1784.92078 -4.517000000000001 -3.3870000000000005 -1.351967136383057 0.36718686866760253 0.1654444 0.1584444 "" "" 11.852712706962814 "" 1.9553779443730288 ""
322.14261274829 52.82582706867 0.0272 0.0282 23.2882 "" "" 2172752559813762048 1498.94934 0.6472 0.0308 -1.977 -7.292 0.037 0.036 0.985 6489.5 4.2923 16.015547 1.455734 16.678003 15.222269 "" "" 1436.37573 1568.7981 7391.41926 2.7102 2912.2 6.9217 6460.3 8.776 "" "" 0.002783931952872098 0.0038005784 0.0040569836 0.007857562 322.14261274829 52.82582706867 1498.94934 -1.9770000000000008 -7.292 1.1880328636169433 -3.5378131313323973 0.1644444 0.1634444 "" "" 26.515667471123045 "" 4.336531850969493 ""
321.74689001182 52.45452454045 0.0303 0.0319 17.1866 "" "" 2172553032815340160 1624.02686 0.6084 0.0368 1.202 2.277 0.039 0.038 1.107 5210.6 4.1739 16.01733 1.566675 16.749138 15.182463 "" "" 1519.51367 1734.0061 7379.29118 2.975 2727.5 7.2948 6701.5 8.4827 "" "" 0.0027898724674917173 0.0040270765 0.0040215007 0.008048577 321.74689001182 52.45452454045 1624.02686 1.202 2.277 4.367032863616943 6.031186868667603 0.1664444 0.1654444 "" "" 57.32016186679693 "" 9.503054596231916 ""
321.86262182808 52.89453595668 0.0291 0.0329 16.3907 "" "" 2172767643738751488 1823.45532 0.5245 0.0351 -2.934 -3.475 0.04 0.04 0.972 7131.5 3.5608 16.019596 1.689553 16.822882 15.133328 "" "" 1729.07092 1940.84827 7363.91255 2.8619 2548.4 8.7813 7011.8 9.8023 "" "" 0.0027874430407966366 0.0046671107 0.0040727793 0.0087398905 321.86262182808 52.89453595668 1823.45532 -2.9340000000000006 -3.474999999999999 0.2310328636169432 0.27918686866760245 0.16744441 0.16744441 "" "" 3.1321414840089203 "" 0.5244595763739075 ""
321.51988066627 52.55612474873 0.0292 0.0293 9.1875 "" "" 2172722563761406848 1674.53137 0.5789 0.034 -2.455 -4.543 0.042 0.036 1.03 7585.5 4.2205 16.02505 1.637859 16.793896 15.156036 "" "" 1589.20349 1763.36707 7327.01586 2.5817 2617.3 9.8258 6866.6 10.155 "" "" 0.002781751937089252 0.0049395515 0.004106334 0.009045886 321.51988066627 52.55612474873 1674.53137 -2.4549999999999965 -4.543000000000001 0.7100328636169433 -0.7888131313323976 0.1694444 0.1634444 "" "" 8.423890468244737 "" 1.3996857665328746 ""
321.02980619918 52.81648058414 0.0281 0.0273 19.2971 "" "" 2172789874490141824 2037.06482 0.4604 0.0322 -2.476 -2.09 0.038 0.036 0.963 8979.9 3.5669 16.028585 1.9875 17.02203 15.03453 "" "" 1924.90234 2161.03174 7303.19407 3.0331 2121.3 6.7688 7679.7 9.9889 "" "" 0.002791973674518118 0.0044483077 0.0040346063 0.008482914 321.02980619918 52.81648058414 2037.06482 -2.4759999999999964 -2.09 0.6890328636169434 1.6641868686676027 0.1654444 0.1634444 "" "" 17.391724108733968 "" 2.8476966430686383 ""
322.02668365801 52.73178472395 0.0264 0.03 18.0724 "" "" 2172750326430651520 1784.85999 0.5151 0.0319 -1.525 -1.971 0.036 0.04 1.001 4802.6 2.9037 16.03004 2.681195 17.53253 14.851335 "" "" 1684.86536 1909.04822 7293.40396 3.1921 1325.6 8.5347 9091.3 10.714 "" "" 0.002795996833426668 0.00752664 0.0039901026 0.011516742 322.02668365801 52.73178472395 1784.85999 -1.5250000000000001 -1.9710000000000003 1.6400328636169434 1.7831868686676025 0.1634444 0.16744441 "" "" 20.496593505946123 "" 3.3947150582803403 ""
321.78978475796 52.3791761518 0.031 0.0294 21.9355 "" "" 2172551830224512256 1873.10864 0.5193 0.035 -5.057 -6.648 0.04 0.036 0.952 7182.8 3.9478 16.039753 1.765571 16.893747 15.128177 "" "" 1738.23523 1993.60986 7228.45431 2.8697 2387.4 10.206 7045.1 11.977 "" "" 0.002788831830677341 0.0054155523 0.004206033 0.009621585 321.78978475796 52.3791761518 1873.10864 -5.057000000000001 -6.648000000000001 -1.891967136383057 -2.893813131332397 0.16744441 0.1634444 "" "" 30.696748599930075 "" 5.054293244102936 ""
321.00211453123 52.9240452414 0.0295 0.0289 23.1055 "" "" 2172804339940072576 1516.38794 0.6321 0.0323 4.327 4.056 0.04 0.037 1.036 5285.9 4.1424 16.039848 1.829161 16.93294 15.103779 "" "" 1453.4259 1595.0791 7227.82535 2.919 2302.7 9.658 7205.2 11.522 "" "" 0.002789991928635427 0.005340615 0.0041591115 0.009499727 321.00211453123 52.9240452414 1516.38794 4.327 4.055999999999999 7.492032863616943 7.810186868667603 0.16744441 0.1644444 "" "" 77.78967335200443 "" 12.904437722315887 ""
320.98526460767 52.78520009137 0.0297 0.0289 20.3334 "" "" 2172789737051189760 2172.15405 0.4228 0.0339 -4.522 -3.711 0.038 0.039 0.982 9026.4 3.68 16.04974 2.451979 17.367727 14.915749 "" "" 2047.7417 2355.88696 7162.27764 4.0698 1542.9 11.505 8567.6 16.156 "" "" 0.0028235456607283516 0.0085633565 0.004298314 0.012861671 320.98526460767 52.78520009137 2172.15405 -4.522 -3.7109999999999994 -1.3569671363830569 0.043186868667602685 0.1654444 0.1664444 "" "" 13.978421441968202 "" 2.3126657898343748 ""
321.00528693813 52.49032299126 0.0309 0.0303 23.2184 "" "" 2172730019824272000 1774.67676 0.5239 0.0361 -4.144 -4.075 0.042 0.039 1.062 "" "" 16.050488 2.673187 17.532213 14.859026 "" "" 1683.33521 1892.79431 7157.34555 3.8258 1326.0 9.1255 9027.1 10.847 "" "" 0.00281577745424356 0.007975962 0.0039982214 0.011974184 321.00528693813 52.49032299126 1774.67676 -4.144000000000001 -4.075 -0.9789671363830568 -0.32081313133239764 0.1694444 0.1664444 "" "" 8.66595080432845 "" 1.4658958215346087 ""
321.1821528308 52.75723068427 0.0289 0.0263 12.9922 "" "" 2172787125711193472 1571.35059 0.6203 0.032 -1.785 -2.251 0.037 0.033 0.922 6444.9 4.2728 16.051819 1.560524 16.77378 15.213257 "" "" 1497.20947 1664.79504 7148.57067 2.7236 2666.3 9.473 6514.1 9.1746 "" "" 0.0027861995325777554 0.004760792 0.004077021 0.0088378135 321.1821528308 52.75723068427 1571.35059 -1.7850000000000001 -2.251 1.3800328636169434 1.5031868686676026 0.1644444 0.16044441 "" "" 15.19882450606645 "" 2.466557880857311 ""
322.05086448265 52.49482155489 0.0299 0.0292 22.9009 "" "" 2172551314828653312 1540.53101 0.631 0.0344 -0.105 -0.397 0.04 0.039 1.051 6558.5 4.2748 16.052082 1.50896 16.747316 15.238357 "" "" 1444.34131 1664.89197 7146.84103 2.906 2732.1 8.4484 6365.3 10.09 "" "" 0.002790463990251876 0.004365448 0.004152804 0.0085182525 322.05086448265 52.49482155489 1540.53101 -0.10499999999999995 -0.397 3.0600328636169434 3.3571868686676023 0.16744441 0.1664444 "" "" 33.17002599854411 "" 5.5360422701784735 ""
321.30393730166 52.47635400401 0.027 0.0267 16.2297 "" "" 2172732287567237120 1723.18591 0.5585 0.0315 -2.785 -4.716 0.036 0.032 0.99 7101.1 4.2831 16.052862 1.44708 16.709368 15.262288 "" "" 1650.89868 1809.38672 7141.70461 2.6066 2829.2 11.772 6226.5 11.957 "" "" 0.002783670844207131 0.005309807 0.0043163504 0.009626158 321.30393730166 52.47635400401 1723.18591 -2.785000000000001 -4.715999999999999 0.3800328636169432 -0.9618131313323977 0.1634444 0.1594444 "" "" 8.447005854117382 "" 1.3514398486639554 ""
321.62133084916 52.34510915664 0.0286 0.0295 22.0883 "" "" 2172528774839763456 1617.43323 0.5996 0.0324 -2.712 -2.482 0.035 0.035 0.979 6862.0 4.3043 16.053883 1.52544 16.75441 15.22897 "" "" 1529.77319 1700.67993 7134.99721 2.6058 2714.3 9.8679 6420.5 8.8033 "" "" 0.0027837065576106104 0.004833796 0.004062006 0.008895801 321.62133084916 52.34510915664 1617.43323 -2.7120000000000006 -2.482 0.45303286361694317 1.2721868686676023 0.1624444 0.1624444 "" "" 10.353356973612817 "" 1.681844838860694 ""
321.64333092981 52.55821428192 0.0284 0.0312 9.9375 "" "" 2172745103750024448 1527.34583 0.6317 0.0343 -3.827 0.119 0.04 0.037 1.034 5781.3 4.2796 16.064962 1.406904 16.6946 15.287695 "" "" 1441.99402 1625.38257 7062.55637 2.6641 2868.0 10.16 6082.5 8.1846 "" "" 0.0027855924353237514 0.0047517135 0.0040519307 0.008803644 321.64333092981 52.55821428192 1527.34583 -3.8270000000000004 0.11900000000000133 -0.6619671363830566 3.8731868686676023 0.16744441 0.1644444 "" "" 28.446984560094577 "" 4.680390905559883 ""
321.35329028212 53.01137044502 0.029 0.0267 19.2423 "" "" 2172817534079990400 1761.68201 0.5451 0.0318 -3.563 -1.25 0.041 0.035 1.009 7327.3 4.2404 16.065823 1.623562 16.82485 15.201288 "" "" 1668.07483 1862.52173 7056.95739 3.0206 2543.8 10.173 6586.3 12.157 "" "" 0.0027942374086341263 0.0051612076 0.004277845 0.009439053 321.35329028212 53.01137044502 1761.68201 -3.563000000000001 -1.25 -0.3979671363830568 2.5041868686676025 0.1684444 0.1624444 "" "" 21.173307762497085 "" 3.442671001313724 ""
321.40911754997 52.8801033139 0.0279 0.0284 11.1695 "" "" 2172764654441181312 1817.45325 0.5209 0.0326 -4.496 -6.863 0.039 0.036 0.972 "" "" 16.067938 1.868434 16.985077 15.116643 "" "" 1732.17468 1931.35657 7043.22238 2.6116 2194.8 8.2884 7120.3 9.4559 "" "" 0.002784576365367859 0.0049594655 0.004045089 0.009004554 321.40911754997 52.8801033139 1817.45325 -4.496000000000001 -6.8629999999999995 -1.330967136383057 -3.108813131332398 0.1664444 0.1634444 "" "" 29.13280625080996 "" 4.775236832036766 ""
321.56821467313 52.72455700328 0.0294 0.0291 1.6455 "" "" 2172759088163619968 1866.3938 0.5219 0.0361 -3.315 -3.883 0.042 0.035 0.957 9249.0 3.5864 16.085514 2.076037 17.12565 15.049613 "" "" 1731.31592 2017.94458 6930.12539 3.2437 1928.2 15.531 7573.8 11.852 "" "" 0.0028017929690180667 0.009179556 0.0041437238 0.013323279 321.56821467313 52.72455700328 1866.3938 -3.3150000000000004 -3.883000000000001 -0.1499671363830566 -0.12881313133239747 0.1694444 0.1624444 "" "" 1.7489418722034857 "" 0.2912136383444389 ""
321.24833330599 53.01386394482 0.0315 0.0293 20.9539 "" "" 2172816228409822592 1572.62244 0.6059 0.0332 3.762 -1.28 0.043 0.038 1.082 5164.9 4.1698 16.086273 1.580184 16.825294 15.24511 "" "" 1497.12573 1678.26538 6925.28541 2.5006 2542.7 8.7723 6325.8 8.5228 "" "" 0.0027830711674782307 0.0046707536 0.004052601 0.008723354 321.24833330599 53.01386394482 1572.62244 3.7620000000000005 -1.2800000000000002 6.927032863616944 2.4741868686676023 0.1704444 0.1654444 "" "" 54.83060725135296 "" 9.314956486829518 ""
321.63361350751 52.78918893104 0.0437 0.0435 6.0851 "" "" 2172760840510427904 2063.79028 0.4586 0.048 -3.053 -3.793 0.06 0.054 1.442 8734.0 3.5851 16.088585 2.29171 17.27166 14.97995 "" "" 1889.74792 2242.78491 6910.55602 6.5265 1685.6 8.1635 8075.7 7.5225 "" "" 0.0029399364899190556 0.00595272 0.0039123623 0.009865083 321.63361350751 52.78918893104 2063.79028 -3.053 -3.7930000000000006 0.11203286361694342 -0.03881313133239761 0.1874444 0.1814444 "" "" 1.1598529185031534 "" 0.21667288161291887 ""
321.09404849941 52.95976887633 0.035 0.0315 21.8363 "" "" 2172793168721593472 1490.47168 0.6574 0.0377 -1.544 -5.227 0.045 0.04 1.14 "" "" 16.090775 "" "" "" "" "" 1422.30359 1574.07727 6896.62704 3.9383 "" "" "" "" "" "" 0.002824216292678548 "" "" "" 321.09404849941 52.95976887633 1490.47168 -1.5440000000000034 -5.227 1.6210328636169433 -1.4728131313323978 0.1724444 0.16744441 "" "" 15.473322686824742 "" 2.6335841260338224 ""
321.42494378312 52.35814047883 0.0286 0.0291 21.4094 "" "" 2172716069770632320 1882.82263 0.5133 0.034 -3.299 -3.805 0.037 0.034 0.976 8136.4 4.1093 16.098537 1.595896 16.842005 15.246109 "" "" 1764.10754 1988.84912 6847.49907 3.8423 2503.9 7.8837 6320.0 10.169 "" "" 0.002821870746394873 0.0044126282 0.004163608 0.008576237 321.42494378312 52.35814047883 1882.82263 -3.2990000000000017 -3.804999999999999 -0.13396713638305657 -0.05081313133239762 0.1644444 0.1614444 "" "" 1.2787140145751619 "" 0.2097987410910588 ""
321.40784658156 52.76067177524 0.1012 0.0941 5.4341 "" "" 2172762936454415360 1942.81812 0.5288 0.1146 -5.165 -5.246 0.137 0.118 3.274 5565.1 4.5786 16.100922 1.542897 16.75465 15.211753 "" "" 1624.69141 2383.40405 6832.47451 12.766 2713.7 9.8759 6523.1 12.033 "" "" 0.003421563464277297 0.004837123 0.004277272 0.009114396 321.40784658156 52.76067177524 1942.81812 -5.165000000000002 -5.246000000000002 -1.9999671363830567 -1.491813131332398 0.2644444 0.2454444 "" "" 22.97699577856691 "" 5.923767474898179 ""
320.97980559725 52.62472493793 0.1683 0.181 20.6786 "" "" 2172778948093280000 2070.12207 0.6544 0.1953 -0.177 -0.889 0.239 0.237 6.253 4935.2 4.3882 16.108461 1.784911 16.860586 15.075675 "" "" 1438.70374 3505.38989 6785.18987 31.762 2461.4 9.6813 7394.1 9.8851 "" "" 0.005781239447992056 0.0051011737 0.0040485314 0.009149705 320.97980559725 52.62472493793 2070.12207 -0.177 -0.8890000000000001 2.9880328636169433 2.8651868686676023 0.3664444 0.3644444 "" "" 40.62092012988434 "" 14.846447873896667 ""
321.50052546857 52.72907152353 0.0318 0.0287 1.6268 "" "" 2172759844077853440 1865.14844 0.5129 0.0351 -3.421 -3.938 0.041 0.035 0.95 8462.2 4.1502 16.123951 1.964654 17.100616 15.135962 "" "" 1761.69299 2033.43872 6689.08102 3.0224 1973.2 5.7251 6994.8 9.349 "" "" 0.002798652904479976 0.0042081736 0.0040484047 0.008256579 321.50052546857 52.72907152353 1865.14844 -3.421000000000003 -3.9379999999999953 -0.25596713638305646 -0.18381313133239763 0.1684444 0.1624444 "" "" 2.7859957809134186 "" 0.4636657042495638 ""
321.07863225072 52.98717932697 0.0341 0.0296 23.3845 "" "" 2172804988471702272 1585.67566 0.6009 0.034 -1.998 -2.886 0.042 0.037 1.026 7477.3 4.0655 16.13356 2.072011 17.19068 15.118669 "" "" 1507.31396 1663.79272 6630.13834 3.0615 1816.1 9.6816 7107.1 9.4633 "" "" 0.0028005598357700744 0.006425455 0.004046448 0.010471903 321.07863225072 52.98717932697 1585.67566 -1.9979999999999993 -2.886 1.1670328636169434 0.8681868686676024 0.1694444 0.1644444 "" "" 10.932543050712537 "" 1.8331708564019153 ""
