Clusters/LP_1780/LP_1780_members.tsv
# %ECSV 1.0
# ---
# datatype:
# - name: RA_ICRS_1
#   unit: deg
#   datatype: float64
#   format: '{:15.11f}'
#   description: Right ascension (ICRS) at Ep=2016.0 (ra)
#   meta: !!omap
#   - {ucd: POS_EQ_RA_MAIN}
#   - {width: 15}
#   - {precision: '11'}
# - name: DE_ICRS_1
#   unit: deg
#   datatype: float64
#   format: '{:15.11f}'
#   description: Declination (ICRS) at Ep=2016.0 (dec)
#   meta: !!omap
#   - {ucd: POS_EQ_DEC_MAIN}
#   - {width: 15}
#   - {precision: '11'}
# - name: e_RA_ICRS
#   unit: mas
#   datatype: float64
#   format: '{:7.4f}'
#   description: Standard error of right ascension (ra_error)
#   meta: !!omap
#   - {ucd: ERROR}
#   - {width: 7}
#   - {precision: '4'}
# - name: e_DE_ICRS
#   unit: mas
#   datatype: float64
#   format: '{:7.4f}'
#   description: Standard error of declination (dec_error)
#   meta: !!omap
#   - {ucd: ERROR}
#   - {width: 7}
#   - {precision: '4'}
# - name: _r_1
#   unit: ''
#   datatype: float64
#   format: '{:7.4f}'
#   description: Distance from center (321.53080998000+52.70910542000)[ICRS], at Epoch=J2016.0
#   meta: !!omap
#   - {ucd: POS_ANG_DIST_GENERAL}
#   - {width: 7}
#   - {precision: '4'}
# - name: HIP
#   datatype: int32
#   description: '? HIP cross-id number, van Leeuwen, Cat. I/311 (hip_original_ext_source_id)'
#   meta: !!omap
#   - {ucd: ID_NUMBER}
#   - {width: 6}
#   - values: {'null': -2147483648}
# - name: TYC2
#   datatype: string
#   description: Tycho-2 cross-id name, Hog et al., Cat. I/259 (tyc2_original_ext_source_id)
#   meta: !!omap
#   - {ucd: ID_CROSSID}
#   - {_votable_string_dtype: char}
# - name: Source
#   datatype: int64
#   description: Source identifier, identical to the Gaia-EDR3 source_id (id)
#   meta: !!omap
#   - {ucd: ID_MAIN}
#   - {width: 19}
# - name: rgeo
#   unit: pc
#   datatype: float64
#   format: '{:15.8f}'
#   description: '? Median of the geometric distance posterior (r_med_geo)'
#   meta: !!omap
#   - {ucd: PHYS_DISTANCE_TRUE}
#   - {width: 15}
#   - {precision: '8'}
#   - values: {'null': .nan}
# - name: Plx
#   unit: mas
#   datatype: float64
#   format: '{:9.4f}'
#   description: '? Parallax (parallax)'
#   meta: !!omap
#   - {ucd: POS_PARLX_TRIG}
#   - {width: 9}
#   - {precision: '4'}
#   - values: {'null': .nan}
# - name: e_Plx
#   unit: mas
#   datatype: float32
#   format: '{:7.4f}'
#   description: '? Standard error of parallax (parallax_error)'
#   meta: !!omap
#   - {ucd: ERROR}
#   - {width: 7}
#   - {precision: '4'}
#   - values: {'null': .nan}
# - name: pmRA
#   unit: mas / yr
#   datatype: float64
#   format: '{:9.3f}'
#   description: '? Proper motion in right ascension direction, pmRA*cosDE (pmra)'
#   meta: !!omap
#   - {ucd: POS_EQ_PMRA}
#   - {width: 9}
#   - {precision: '3'}
#   - values: {'null': .nan}
# - name: pmDE
#   unit: mas / yr
#   datatype: float64
#   format: '{:9.3f}'
#   description: '? Proper motion in declination direction (pmdec)'
#   meta: !!omap
#   - {ucd: POS_EQ_PMDEC}
#   - {width: 9}
#   - {precision: '3'}
#   - values: {'null': .nan}
# - name: e_pmRA
#   unit: mas / yr
#   datatype: float32
#   format: '{:6.3f}'
#   description: '? Standard error of proper motion in right ascension direction (pmra_error)'
#   meta: !!omap
#   - {ucd: ERROR}
#   - {width: 6}
#   - {precision: '3'}
#   - values: {'null': .nan}
# - name: e_pmDE
[...]
#         unit: &id001 !astropy.units.Unit {unit: deg}
#         value: !astropy.table.SerializedColumn {name: SkyCoord.dec}
#       distance: !astropy.table.SerializedColumn
#         __class__: astropy.coordinates.distances.Distance
#         unit: !astropy.units.Unit {unit: pc}
#         value: !astropy.table.SerializedColumn {name: SkyCoord.distance}
#       frame: icrs
#       obstime: !astropy.time.Time {format: jyear_str, in_subfmt: '*', jd1: 367701545.0, jd2: 0.0, out_subfmt: '*', precision: 3, scale: tt}
#       pm_dec: !astropy.table.SerializedColumn
#         __class__: astropy.units.quantity.Quantity
#         unit: !astropy.units.Unit {unit: mas / yr}
#         value: !astropy.table.SerializedColumn {name: SkyCoord.pm_dec}
#       pm_ra_cosdec: !astropy.table.SerializedColumn
#         __class__: astropy.units.quantity.Quantity
#         unit: !astropy.units.Unit {unit: mas / yr}
#         value: !astropy.table.SerializedColumn {name: SkyCoord.pm_ra_cosdec}
#       ra: !astropy.table.SerializedColumn
#         __class__: astropy.coordinates.angles.Longitude
#         unit: *id001
#         value: !astropy.table.SerializedColumn {name: SkyCoord.ra}
#         wrap_angle: !astropy.coordinates.Angle
#           unit: *id001
#           value: 360.0
#       representation_type: spherical
# schema: astropy-2.0
RA_ICRS_1 DE_ICRS_1 e_RA_ICRS e_DE_ICRS _r_1 HIP TYC2 Source rgeo Plx e_Plx pmRA pmDE e_pmRA e_pmDE RUWE Teff logg Gmag BP-RP BPmag RPmag RV e_RV b_rgeo B_rgeo FG e_FG FBP e_FBP FRP e_FRP RAVE5 RAVE6 e_Gmag e_BPmag e_RPmag e_BP-RP SkyCoord.ra SkyCoord.dec SkyCoord.distance SkyCoord.pm_ra_cosdec SkyCoord.pm_dec Pmemb
[from data line 81]
321.5481262842 52.77556236425 0.0402 0.0375 4.0367 "" "" 2172760011573391616 1694.76184 0.5606 0.0442 -2.91 -3.713 0.054 0.045 0.996 9250.6 4.0264 16.589468 2.330538 17.826187 15.495649 "" "" 1579.60339 1865.11597 4356.72073 2.2103 1011.4 7.3755 5022.2 11.536 "" "" 0.00280983996281729 0.008394833 0.0045280736 0.012922906 321.5481262842 52.77556236425 1694.76184 -2.910000000000001 -3.713000000000001 0.85
321.54390006976 52.71353641094 0.0415 0.0378 0.5451 "" "" 2172759053803880832 1720.56165 0.5631 0.0471 -3.066 -4.011 0.057 0.044 0.93 9035.5 4.2324 16.646627 2.032504 17.60076 15.568255 "" "" 1585.35315 1850.04407 4133.29264 2.5314 1244.8 13.959 4697.4 39.233 "" "" 0.0028344219397040513 0.0124908965 0.0098242005 0.022315096 321.54390006976 52.71353641094 1720.56165 -3.066 -4.010999999999999 0.96
321.50429944656 52.71389572481 0.0393 0.0372 1.0056 "" "" 2172759775358380544 1969.1593 0.4851 0.0447 -2.843 -3.814 0.052 0.044 0.994 "" "" 16.658993 2.006863 17.671564 15.664701 "" "" 1820.46106 2140.22095 4086.47999 2.2235 1166.2 7.9932 4298.1 8.2342 "" "" 0.002817940440739177 0.007947572 0.0043139593 0.01226153 321.50429944656 52.71389572481 1969.1593 -2.8429999999999995 -3.814 0.96
321.56077249069 52.64403376312 0.0395 0.0389 4.0536 "" "" 2172746546859138560 1721.85461 0.5585 0.0456 -2.976 -3.765 0.052 0.049 0.991 8432.7 3.8737 16.668669 1.904758 17.609812 15.705054 "" "" 1614.79309 1843.41052 4050.2224 2.073 1234.5 6.565 4141.3 9.4423 "" "" 0.0028108002494368657 0.0064127035 0.004517953 0.010930656 321.56077249069 52.64403376312 1721.85461 -2.976 -3.7650000000000006 0.97
321.58732661989 52.77344605185 0.0442 0.0448 4.3724 "" "" 2172761458985556864 1583.81116 0.5929 0.0509 -3.111 -3.748 0.059 0.051 0.959 9103.5 3.4915 16.762451 2.647925 18.229626 15.5817 "" "" 1465.75757 1711.74963 3715.0631 2.0689 697.54 7.5846 4639.6 10.779 "" "" 0.0028208828802955997 0.012130833 0.004543839 0.016674671 321.58732661989 52.77344605185 1583.81116 -3.111 -3.748 0.81
321.56361283103 52.65475997522 0.0404 0.0399 3.4722 "" "" 2172746924816257792 1907.83032 0.5116 0.0477 -3.158 -3.731 0.055 0.049 0.973 8500.7 4.3522 16.764256 1.866221 17.67605 15.809829 "" "" 1711.72913 2084.24585 3708.89812 2.0315 1161.4 6.8609 3760.3 9.2642 "" "" 0.002818768307354524 0.006994528 0.004630215 0.011624743 321.56361283103 52.65475997522 1907.83032 -3.1580000000000004 -3.731 0.97
321.66568792259 52.72405931648 0.0433 0.047 4.9836 "" "" 2172748711522648064 1588.11011 0.6067 0.0507 -3.222 -3.828 0.062 0.063 1.042 8108.3 4.2915 16.811913 2.090496 17.876108 15.785612 "" "" 1463.18823 1714.3623 3549.61826 1.9653 965.99 7.6192 3845.2 12.749 "" "" 0.0028201332966316544 0.0090067675 0.005219432 0.0142262 321.66568792259 52.72405931648 1588.11011 -3.222 -3.828 0.97
321.48583190113 52.82477511817 0.0456 0.0421 7.1297 "" "" 2172763520569839104 1502.04834 0.6401 0.0503 -3.208 -3.742 0.063 0.051 0.969 7152.5 4.2052 16.865742 2.247142 18.050768 15.803626 "" "" 1402.74011 1616.02979 3377.92477 1.9563 822.45 7.243 3781.9 13.19 "" "" 0.0028261588444373586 0.009960441 0.005350019 0.01531046 321.48583190113 52.82477511817 1502.04834 -3.208 -3.742000000000001 0.82
321.66965803922 52.68572382369 0.0434 0.0468 5.24 "" "" 2172748329265857536 1651.14905 0.5774 0.0511 -3.254 -3.834 0.063 0.062 0.999 7971.1 4.2981 16.912836 1.944249 17.885275 15.941026 "" "" 1510.01978 1776.94031 3234.53585 1.8977 957.87 8.1637 3332.3 9.5913 "" "" 0.002827995621094759 0.009664979 0.004904049 0.014569027 321.66965803922 52.68572382369 1651.14905 -3.2540000000000004 -3.8340000000000005 0.96
321.52547401449 52.75906520268 0.0488 0.0442 3.0038 "" "" 2172759981516804224 1739.71277 0.5417 0.0536 -3.292 -3.798 0.065 0.05 0.971 8673.2 3.6569 16.95079 2.390922 18.222631 15.83171 "" "" 1588.38 1904.07764 3123.42076 2.0738 702.04 9.4299 3685.3 8.7282 "" "" 0.002848061085458718 0.0148482695 0.0045712166 0.019419486 321.52547401449 52.75906520268 1739.71277 -3.2920000000000003 -3.798 0.96
