Clusters/LP_1780/LP_1780_members.tsv
# %ECSV 1.0
# ---
# datatype:
# - name: RA_ICRS_1
#   unit: deg
#   datatype: float64
#   format: '{:15.11f}'
#   description: Right ascension (ICRS) at Ep=2016.0 (ra)
#   meta: !!omap
#   - {ucd: POS_EQ_RA_MAIN}
#   - {width: 15}
#   - {precision: '11'}
# - name: DE_ICRS_1
#   unit: deg
#   datatype: float64
#   format: '{:15.11f}'
#   description: Declination (ICRS) at Ep=2016.0 (dec)
#   meta: !!omap
#   - {ucd: POS_EQ_DEC_MAIN}
#   - {width: 15}
#   - {precision: '11'}
# - name: e_RA_ICRS
#   unit: mas
#   datatype: float64
#   format: '{:7.4f}'
#   description: Standard error of right ascension (ra_error)
#   meta: !!omap
#   - {ucd: ERROR}
#   - {width: 7}
#   - {precision: '4'}
# - name: e_DE_ICRS
#   unit: mas
#   datatype: float64
#   format: '{:7.4f}'
#   description: Standard error of declination (dec_error)
#   meta: !!omap
#   - {ucd: ERROR}
#   - {width: 7}
#   - {precision: '4'}
# - name: _r_1
#   unit: ''
#   datatype: float64
#   format: '{:7.4f}'
#   description: Distance from center (321.53080998000+52.70910542000)[ICRS], at Epoch=J2016.0
#   meta: !!omap
#   - {ucd: POS_ANG_DIST_GENERAL}
#   - {width: 7}
#   - {precision: '4'}
# - name: HIP
#   datatype: int32
#   description: '? HIP cross-id number, van Leeuwen, Cat. I/311 (hip_original_ext_source_id)'
#   meta: !!omap
#   - {ucd: ID_NUMBER}
#   - {width: 6}
#   - values: {'null': -2147483648}
# - name: TYC2
#   datatype: string
#   description: Tycho-2 cross-id name, Hog et al., Cat. I/259 (tyc2_original_ext_source_id)
#   meta: !!omap
#   - {ucd: ID_CROSSID}
#   - {_votable_string_dtype: char}
# - name: Source
#   datatype: int64
#   description: Source identifier, identical to the Gaia-EDR3 source_id (id)
#   meta: !!omap
#   - {ucd: ID_MAIN}
#   - {width: 19}
# - name: rgeo
#   unit: pc
#   datatype: float64
#   format: '{:15.8f}'
#   description: '? Median of the geometric distance posterior (r_med_geo)'
#   meta: !!omap
#   - {ucd: PHYS_DISTANCE_TRUE}
#   - {width: 15}
#   - {precision: '8'}
#   - values: {'null': .nan}
# - name: Plx
#   unit: mas
#   datatype: float64
#   format: '{:9.4f}'
#   description: '? Parallax (parallax)'
#   meta: !!omap
#   - {ucd: POS_PARLX_TRIG}
#   - {width: 9}
#   - {precision: '4'}
#   - values: {'null': .nan}
# - name: e_Plx
#   unit: mas
#   datatype: float32
#   format: '{:7.4f}'
#   description: '? Standard error of parallax (parallax_error)'
#   meta: !!omap
#   - {ucd: ERROR}
#   - {width: 7}
#   - {precision: '4'}
#   - values: {'null': .nan}
# - name: pmRA
#   unit: mas / yr
#   datatype: float64
#   format: '{:9.3f}'
#   description: '? Proper motion in right ascension direction, pmRA*cosDE (pmra)'
#   meta: !!omap
#   - {ucd: POS_EQ_PMRA}
#   - {width: 9}
#   - {precision: '3'}
#   - values: {'null': .nan}
# - name: pmDE
#   unit: mas / yr
#   datatype: float64
#   format: '{:9.3f}'
#   description: '? Proper motion in declination direction (pmdec)'
#   meta: !!omap
#   - {ucd: POS_EQ_PMDEC}
#   - {width: 9}
#   - {precision: '3'}
#   - values: {'null': .nan}
# - name: e_pmRA
#   unit: mas / yr
#   datatype: float32
#   format: '{:6.3f}'
#   description: '? Standard error of proper motion in right ascension direction (pmra_error)'
#   meta: !!omap
#   - {ucd: ERROR}
#   - {width: 6}
#   - {precision: '3'}
#   - values: {'null': .nan}
# - name: e_pmDE
[...]
#         unit: &id001 !astropy.units.Unit {unit: deg}
#         value: !astropy.table.SerializedColumn {name: SkyCoord.dec}
#       distance: !astropy.table.SerializedColumn
#         __class__: astropy.coordinates.distances.Distance
#         unit: !astropy.units.Unit {unit: pc}
#         value: !astropy.table.SerializedColumn {name: SkyCoord.distance}
#       frame: icrs
#       obstime: !astropy.time.Time {format: jyear_str, in_subfmt: '*', jd1: 367701545.0, jd2: 0.0, out_subfmt: '*', precision: 3, scale: tt}
#       pm_dec: !astropy.table.SerializedColumn
#         __class__: astropy.units.quantity.Quantity
#         unit: !astropy.units.Unit {unit: mas / yr}
#         value: !astropy.table.SerializedColumn {name: SkyCoord.pm_dec}
#       pm_ra_cosdec: !astropy.table.SerializedColumn
#         __class__: astropy.units.quantity.Quantity
#         unit: !astropy.units.Unit {unit: mas / yr}
#         value: !astropy.table.SerializedColumn {name: SkyCoord.pm_ra_cosdec}
#       ra: !astropy.table.SerializedColumn
#         __class__: astropy.coordinates.angles.Longitude
#         unit: *id001
#         value: !astropy.table.SerializedColumn {name: SkyCoord.ra}
#         wrap_angle: !astropy.coordinates.Angle
#           unit: *id001
#           value: 360.0
#       representation_type: spherical
# schema: astropy-2.0
RA_ICRS_1 DE_ICRS_1 e_RA_ICRS e_DE_ICRS _r_1 HIP TYC2 Source rgeo Plx e_Plx pmRA pmDE e_pmRA e_pmDE RUWE Teff logg Gmag BP-RP BPmag RPmag RV e_RV b_rgeo B_rgeo FG e_FG FBP e_FBP FRP e_FRP RAVE5 RAVE6 e_Gmag e_BPmag e_RPmag e_BP-RP SkyCoord.ra SkyCoord.dec SkyCoord.distance SkyCoord.pm_ra_cosdec SkyCoord.pm_dec Pmemb
321.40168089066 52.71479160349 0.0154 0.015 4.7061 "" "" 2172762524137346816 1829.90466 0.5247 0.0172 -3.107 -3.756 0.019 0.019 1.26 5007.3 2.2903 12.96049 2.319624 14.192596 11.872972 -14.02 0.6 1765.32153 1900.84729 123239.75063 27.767 28733.0 23.02 141240.0 42.984 "" "" 0.002766158209761956 0.002922619 0.0037937986 0.0067164176 321.40168089066 52.71479160349 1829.90466 -3.107 -3.7559999999999993 0.98
321.53155083184 52.65757946234 0.0118 0.0118 3.0917 "" "" 2172758293589892736 1879.16382 0.5072 0.0137 -3.244 -3.731 0.016 0.014 1.048 "" "" 12.970379 2.665922 14.460138 11.794216 -14.03 0.44 1836.98877 1925.28918 122122.32608 31.937 22458.0 23.756 151870.0 46.295 "" "" 0.002769911574426337 0.0030172959 0.003793846 0.006811142 321.53155083184 52.65757946234 1879.16382 -3.2439999999999998 -3.731 0.98
321.56155967523 52.7862842735 0.0119 0.0119 4.7635 "" "" 2172761493345291136 1770.80188 0.5164 0.0137 -3.06 -3.779 0.016 0.014 1.011 "" "" 13.175988 3.228596 15.108946 11.88035 -5.1 3.48 1727.01184 1808.26941 101053.51307 119.35 12355.0 54.228 140290.0 429.07 "" "" 0.003039099474686234 0.0055222 0.005030962 0.010553163 321.56155967523 52.7862842735 1770.80188 -3.06 -3.778999999999999 0.9
321.48519227399 52.63747378988 0.0096 0.0093 4.6072 "" "" 2172758194810322176 1803.73914 0.5247 0.0118 -3.131 -3.833 0.014 0.012 1.069 "" "" 13.304769 1.56957 14.028439 12.458868 23.8 3.26 1772.09412 1835.04175 89751.00818 16.436 33423.0 29.725 82340.0 28.37 "" "" 0.002762484864271378 0.0029525321 0.0037978506 0.0067503825 321.48519227399 52.63747378988 1803.73914 -3.131 -3.833 0.99
321.30361871446 52.71279427378 0.0102 0.0095 8.2614 "" "" 2172739228234463488 1813.09827 0.5158 0.0114 -3.192 -3.822 0.013 0.011 1.062 "" "" 13.499993 2.081532 14.561264 12.479733 -14.85 2.55 1780.1792 1848.2793 74980.69953 16.504 20460.0 29.583 80773.0 39.323 "" "" 0.0027656647469682565 0.0032014851 0.0038161653 0.0070176506 321.30361871446 52.71279427378 1813.09827 -3.1919999999999997 -3.821999999999999 0.98
321.55322008646 52.66040853662 0.0113 0.0103 3.0334 "" "" 2172758297889654656 1865.38831 0.4986 0.0126 -3.18 -3.726 0.016 0.013 0.99 "" "" 13.67977 2.496596 15.042144 12.545547 -13.77 1.05 1821.68591 1918.01868 63538.76419 17.028 13139.0 15.011 76022.0 34.677 "" "" 0.002770641319138248 0.0030534752 0.0038116928 0.006865168 321.55322008646 52.66040853662 1865.38831 -3.18 -3.726 0.98
321.61881167658 52.62514876444 0.0107 0.0107 5.969 "" "" 2172746615578631296 1857.79309 0.5058 0.0124 -3.271 -3.748 0.014 0.013 0.992 "" "" 13.73466 2.107869 14.81729 12.709421 -13.06 1.62 1821.47803 1901.12805 60406.38294 15.494 16162.0 14.175 65372.0 35.189 "" "" 0.0027693581311498882 0.0029481915 0.0038243034 0.006772495 321.61881167658 52.62514876444 1857.79309 -3.271 -3.748 0.98
321.45143434903 52.64321303794 0.011 0.0103 4.8958 "" "" 2172735001986676224 1781.73071 0.5315 0.0132 -3.134 -3.772 0.015 0.012 1.079 8730.4 3.3945 13.757579 1.684452 14.553464 12.869012 -4.39 8.58 1741.93213 1816.15857 59144.62036 14.094 20608.0 22.093 56436.0 39.163 "" "" 0.002767440974478643 0.003023224 0.0038537497 0.0068769734 321.45143434903 52.64321303794 1781.73071 -3.134 -3.772 0.99
321.42503068073 52.67121191367 0.0168 0.0143 4.4686 "" "" 2172735826620388480 1962.19409 0.4798 0.0192 -2.65 -3.806 0.022 0.018 1.355 8593.3 3.1553 13.789668 1.37768 14.399799 13.02212 "" "" 1892.29932 2030.84351 57422.17896 12.723 23741.0 22.192 49013.0 36.322 "" "" 0.0027658021222070174 0.0029690173 0.0038640802 0.0068330974 321.42503068073 52.67121191367 1962.19409 -2.6500000000000004 -3.806 0.84
321.49042449707 52.69543608828 0.0114 0.0105 1.6818 "" "" 2172759363041523200 1831.40479 0.5097 0.0131 -3.16 -3.677 0.015 0.013 0.992 "" "" 13.836011 2.399528 15.126732 12.727204 -12.19 1.12 1794.88123 1872.62366 55022.75194 14.129 12154.0 15.398 64310.0 30.73 "" "" 0.0027693896564384736 0.0031108076 0.003814825 0.0069256327 321.49042449707 52.69543608828 1831.40479 -3.1599999999999997 -3.6769999999999996 0.98
321.5518803518 52.69763472161 0.0126 0.012 1.0298 "" "" 2172758985084411520 1843.84277 0.507 0.0151 -3.138 -3.725 0.017 0.014 1.108 "" "" 13.996829 2.458798 15.329906 12.871108 -12.29 1.37 1790.9408 1887.7334 47447.7012 13.029 10080.0 11.647 56327.0 27.971 "" "" 0.0027714034094224282 0.003059227 0.0038176456 0.006876873 321.5518803518 52.69763472161 1843.84277 -3.1379999999999995 -3.7250000000000005 0.98
321.60221583103 52.70682604439 0.0126 0.012 2.5994 "" "" 2172758847645462528 1958.49048 0.4733 0.0151 -3.133 -3.831 0.018 0.015 0.983 "" "" 14.086094 2.403169 15.379077 12.975908 -13.12 1.58 1904.63074 2019.58862 43702.78122 10.694 9633.5 11.813 51144.0 24.183 "" "" 0.002768099374323645 0.003091538 0.0038140905 0.0069056284 321.60221583103 52.70682604439 1958.49048 -3.1329999999999996 -3.8310000000000004 0.99
321.52564630712 52.72832800476 0.0129 0.0121 1.1685 "" "" 2172759809718118016 1850.33411 0.5041 0.0144 -3.399 -3.448 0.017 0.014 1.005 "" "" 14.104236 2.497376 15.465184 12.967808 -19.95 1.72 1804.04333 1898.90454 42978.61524 12.345 8899.0 10.178 51527.0 26.662 "" "" 0.002772913186976367 0.0030540256 0.0038209092 0.006874935 321.52564630712 52.72832800476 1850.33411 -3.399 -3.4480000000000004 0.81
321.64075669215 52.61318640871 0.017 0.0167 7.0093 "" "" 2172745790944917504 1810.70386 0.5229 0.0197 -3.009 -3.926 0.024 0.021 1.489 "" "" 14.157209 1.604575 14.89675 13.292174 38.63 6.94 1757.44543 1869.32446 40931.99394 19.231 15022.0 24.33 38220.0 37.107 "" "" 0.0028021422094647477 0.0032980777 0.0039236327 0.0072217104 321.64075669215 52.61318640871 1810.70386 -3.008999999999999 -3.926 0.97
321.55280241441 52.75508784966 0.0221 0.0208 2.8723 "" "" 2172759947157069056 1579.20776 0.5855 0.0251 -2.927 -3.745 0.03 0.025 1.778 "" "" 14.256357 2.972839 15.956058 12.983218 -15.69 1.32 1532.40356 1621.70435 37359.74078 13.683 5662.3 9.1331 50801.0 42.341 "" "" 0.0027838670043512153 0.0032942293 0.0038862089 0.0071804384 321.55280241441 52.75508784966 1579.20776 -2.927 -3.745 0.89
321.48192300623 52.65214945377 0.0141 0.0134 3.8524 "" "" 2172758435328488960 1963.26367 0.481 0.0173 -3.156 -3.854 0.02 0.017 1.048 "" "" 14.393384 1.750858 15.231767 13.480908 -6.13 4.04 1902.22522 2031.06921 32930.10593 7.176 11033.0 13.881 32121.0 17.29 "" "" 0.002765459938323225 0.0031066076 0.0038243015 0.006930909 321.48192300623 52.65214945377 1963.26367 -3.1560000000000006 -3.8540000000000005 0.99
321.42453335261 52.6328783221 0.0141 0.0132 5.9891 "" "" 2172734967626936832 1863.94104 0.5079 0.0169 -3.1 -3.746 0.02 0.016 0.99 "" "" 14.402184 1.556076 15.118405 13.562329 "" "" 1811.36877 1929.86682 32664.30124 6.8406 12248.0 12.62 29801.0 15.852 "" "" 0.0027646861251554643 0.003006088 0.0038232543 0.0068293423 321.42453335261 52.6328783221 1863.94104 -3.1000000000000005 -3.7460000000000004 0.99
321.42129127711 52.6897670371 0.0143 0.0133 4.1477 "" "" 2172759500480372992 1823.44641 0.5198 0.0162 -3.441 -3.623 0.018 0.016 1.011 "" "" 14.471401 1.428262 15.112551 13.684289 "" "" 1770.75586 1871.71118 30646.86704 5.8834 12314.0 9.6712 26634.0 14.027 "" "" 0.002763192672359977 0.0029175635 0.003822394 0.0067399573 321.42129127711 52.6897670371 1823.44641 -3.4409999999999994 -3.6229999999999998 0.98
321.37932945556 52.74531410898 0.0143 0.0137 5.9175 "" "" 2172762799015252096 1924.32666 0.4878 0.0163 -3.09 -3.677 0.019 0.017 1.021 6992.7 3.2027 14.529937 1.542595 15.230678 13.688083 -9.2 7.87 1860.05225 1985.55823 29038.35343 6.3684 11044.0 17.083 26541.0 26.526 "" "" 0.002765589825560806 0.003256614 0.0039320756 0.00718869 321.37932945556 52.74531410898 1924.32666 -3.0899999999999994 -3.6769999999999996 0.98
321.52377391988 52.72370080356 0.0149 0.0144 0.9123 "" "" 2172759809718119040 1889.73242 0.5 0.0171 -3.12 -3.748 0.02 0.017 1.021 "" "" 14.56391 2.385302 15.84366 13.458358 -11.1 4.31 1832.54846 1957.04407 28143.81203 8.3291 6279.9 9.3474 32796.0 15.206 "" "" 0.0027739929231320234 0.0032244003 0.0038127608 0.007037161 321.52377391988 52.72370080356 1889.73242 -3.1200000000000006 -3.7480000000000007 0.98
321.61439274744 52.59865496967 0.0148 0.0147 7.292 "" "" 2172745447347534464 1839.39758 0.5208 0.0174 -3.12 -3.798 0.021 0.018 0.991 "" "" 14.666673 1.477377 15.336028 13.858651 54.35 9.61 1775.95911 1913.18274 25602.23344 5.5113 10023.0 12.742 22683.0 19.354 "" "" 0.002765215290664217 0.0031129078 0.0038912632 0.0070041707 321.61439274744 52.59865496967 1839.39758 -3.12 -3.798 0.93
321.54803563234 52.72365315142 0.0158 0.0155 1.0742 "" "" 2172759156883093120 1739.72949 0.5311 0.0182 -3.148 -3.778 0.02 0.018 1.046 "" "" 14.685652 2.679846 16.187288 13.507442 -13.71 2.37 1687.99597 1785.80481 25158.56951 7.7214 4576.2 8.361 31346.0 18.58 "" "" 0.002775396670029387 0.0034234691 0.0038337833 0.0072572525 321.54803563234 52.72365315142 1739.72949 -3.148 -3.7780000000000005 0.97
321.51442341559 52.73559689584 0.0163 0.0163 1.6974 "" "" 2172759878437592064 1806.16614 0.5109 0.0192 -3.083 -3.767 0.022 0.019 1.025 "" "" 14.788215 2.722897 16.32399 13.601093 -16.11 2.38 1754.55042 1873.5061 22890.79615 7.8069 4034.8 10.192 28755.0 19.24 "" "" 0.002780090665295376 0.0039124005 0.0038485688 0.007760969 321.51442341559 52.73559689584 1806.16614 -3.083 -3.7669999999999995 0.98
321.66311940152 52.70055405215 0.0156 0.0162 4.8374 "" "" 2172748535438496768 1800.01746 0.5274 0.0187 -3.165 -3.76 0.022 0.021 0.997 "" "" 14.78935 1.844136 15.686336 13.8422 "" "" 1737.80615 1851.38794 22866.86794 6.2226 7259.1 12.831 23029.0 17.509 "" "" 0.0027711157167829873 0.0033864535 0.0038684825 0.007254936 321.66311940152 52.70055405215 1800.01746 -3.165 -3.7600000000000002 0.99
321.53376018253 52.71398478727 0.0167 0.0159 0.3118 "" "" 2172759053803878656 1815.75378 0.5181 0.0192 -3.238 -3.823 0.023 0.018 0.993 "" "" 14.803205 1.997464 15.803615 13.80615 43.37 7.47 1756.27075 1881.14441 22576.93368 6.0285 6515.8 14.424 23807.0 14.291 "" "" 0.00277053051082695 0.0036826364 0.0038351673 0.0075178035 321.53376018253 52.71398478727 1815.75378 -3.2380000000000004 -3.8229999999999995 0.98
321.69841341335 52.68657891794 0.0154 0.0163 6.2423 "" "" 2172748367925281024 2008.39111 0.4672 0.0184 -3.225 -3.738 0.022 0.021 1.0 "" "" 14.809514 1.612397 15.559155 13.946758 64.55 6.63 1943.09619 2082.27393 22446.11972 5.1257 8161.2 17.104 20915.0 11.382 "" "" 0.002766452730338069 0.0036003802 0.00382529 0.00742567 321.69841341335 52.68657891794 2008.39111 -3.225 -3.7380000000000004 0.97
321.68446071287 52.71427237508 0.0161 0.0177 5.5937 "" "" 2172748642803176832 1887.0675 0.4958 0.0202 -3.242 -3.843 0.024 0.025 0.95 "" "" 14.810054 1.721734 15.627957 13.906223 "" "" 1814.26184 1957.44861 22434.95942 6.2865 7660.1 11.242 21710.0 19.832 "" "" 0.002772065622078175 0.0032131094 0.0039073555 0.007120465 321.68446071287 52.71427237508 1887.0675 -3.242 -3.843 0.98
321.50244578443 52.77115041808 0.0167 0.0156 3.8627 "" "" 2172760256394707328 1796.50012 0.5277 0.0186 -3.171 -3.65 0.023 0.019 1.021 "" "" 14.830301 1.968769 15.803139 13.83437 9.77 4.99 1735.67957 1849.00769 22020.45114 6.0666 6518.7 11.072 23196.0 19.834 "" "" 0.002771508857183305 0.0033445223 0.0038917349 0.007236257 321.50244578443 52.77115041808 1796.50012 -3.1709999999999994 -3.6499999999999995 0.98
321.53785937244 52.67702549823 0.0199 0.018 1.9418 "" "" 2172758744566246400 1678.50513 0.5666 0.0232 -3.167 -3.76 0.027 0.021 1.072 9228.6 3.5773 14.983836 1.736146 15.811171 14.075025 "" "" 1627.74304 1731.28564 19116.66728 5.5428 6470.7 12.928 18584.0 16.196 "" "" 0.0027732456534378096 0.0035342015 0.0038960318 0.007430233 321.53785937244 52.67702549823 1678.50513 -3.1670000000000003 -3.76 0.98
321.58690958933 52.73253360318 0.0185 0.0177 2.4764 "" "" 2172759122523358976 1976.3822 0.4749 0.0215 -3.206 -3.775 0.027 0.022 1.07 "" "" 14.987627 1.943892 15.949089 14.005198 -21.16 8.95 1909.1543 2077.45068 19050.04962 5.9664 5698.8 11.194 19819.0 14.897 "" "" 0.0027762244551088233 0.0035118915 0.0038664893 0.0073783807 321.58690958933 52.73253360318 1976.3822 -3.2060000000000004 -3.7750000000000004 0.97
321.53412996951 52.69929610266 0.0177 0.0169 0.6008 "" "" 2172758950724669440 1734.30542 0.5536 0.0206 -3.212 -3.892 0.025 0.02 1.037 "" "" 15.045172 1.592175 15.781226 14.189051 "" "" 1659.15503 1797.53552 18066.66413 4.4176 6651.6 13.66 16732.0 13.813 "" "" 0.002768080441715301 0.0035716475 0.0038842144 0.007455862 321.53412996951 52.69929610266 1734.30542 -3.212000000000001 -3.8920000000000003 0.98
321.66046225217 52.61954861095 0.017 0.0177 7.1507 "" "" 2172745894024134272 1940.17932 0.4849 0.0201 -3.246 -3.799 0.023 0.022 1.007 "" "" 15.068298 1.541207 15.7744 14.233192 32.33 8.5 1874.34546 2018.8512 17685.90715 4.1003 6693.6 12.936 16065.0 13.477 "" "" 0.0027667943291271343 0.00349111 0.0038875875 0.0073786974 321.66046225217 52.61954861095 1940.17932 -3.2459999999999996 -3.7989999999999995 0.99
321.44118825263 52.68591762635 0.0186 0.0176 3.5433 "" "" 2172759290022405760 1806.26392 0.5275 0.0214 -3.31 -3.445 0.025 0.022 1.042 "" "" 15.070806 1.469676 15.73583 14.266154 "" "" 1735.66296 1879.45483 17645.11969 4.3511 6935.6 10.474 15585.0 10.466 "" "" 0.002768297187436169 0.003236282 0.0038490703 0.007085352 321.44118825263 52.68591762635 1806.26392 -3.3100000000000005 -3.4450000000000003 0.92
321.59326363226 52.72337406896 0.0205 0.0222 2.426 "" "" 2172758916364932864 1960.08716 0.4834 0.024 -3.296 -3.697 0.03 0.028 1.099 "" "" 15.106484 1.717095 15.919011 14.201916 "" "" 1845.80859 2070.66797 17074.70151 4.583 5858.8 15.663 16535.0 18.356 "" "" 0.002770688665058522 0.0040261974 0.003966925 0.007993123 321.59326363226 52.72337406896 1960.08716 -3.2959999999999994 -3.697 0.98
321.56466299674 52.67331636241 0.0184 0.0184 2.4752 "" "" 2172758675846774400 2004.25964 0.4692 0.0223 -3.095 -3.72 0.026 0.023 0.972 8565.2 3.5294 15.141706 1.623074 15.899628 14.276553 "" "" 1919.46912 2095.49585 16529.67367 4.5989 5964.4 12.478 15436.0 14.636 "" "" 0.0027718294255934172 0.003597849 0.0039170813 0.0075149303 321.56466299674 52.67331636241 2004.25964 -3.095000000000001 -3.7200000000000006 0.97
321.70054268414 52.79361063601 0.0187 0.0189 7.9815 "" "" 2172760977949387136 1895.52222 0.4788 0.0215 -3.156 -3.64 0.025 0.024 0.937 15050.9 3.7083 15.176062 3.034401 16.956024 13.921623 -16.26 6.62 1828.26721 1984.73035 16014.81754 7.1144 2254.3 7.7967 21405.0 19.082 "" "" 0.0027972178475321823 0.0046782424 0.0039013547 0.008579597 321.70054268414 52.79361063601 1895.52222 -3.1559999999999997 -3.6399999999999997 0.95
321.69039702707 52.63931662356 0.0179 0.0196 7.1584 "" "" 2172747405852620416 2022.22632 0.4711 0.0217 -3.208 -3.732 0.024 0.025 1.059 "" "" 15.176642 1.496142 15.855969 14.359827 "" "" 1948.15979 2097.47803 16006.2527 3.9632 6209.1 12.233 14296.0 13.037 "" "" 0.002768403860187279 0.003515785 0.0039069247 0.00742271 321.69039702707 52.63931662356 2022.22632 -3.2079999999999997 -3.7319999999999993 0.98
321.541848016 52.72545662825 0.0194 0.0192 1.0599 "" "" 2172759053803876864 1852.76941 0.5113 0.0224 -3.173 -3.707 0.026 0.022 1.008 "" "" 15.239285 2.056734 16.274588 14.217854 "" "" 1793.25671 1912.92859 15108.88938 5.1563 4222.6 9.9496 16294.0 17.688 "" "" 0.00278012338604824 0.0037854856 0.003958899 0.007744385 321.541848016 52.72545662825 1852.76941 -3.173 -3.707 0.98
321.6166278076 52.69589143976 0.0197 0.0192 3.2193 "" "" 2172747096614945792 2122.53784 0.4425 0.0233 -3.346 -3.712 0.028 0.024 1.045 9359.4 3.9548 15.258833 1.816652 16.140146 14.323494 71.41 5.98 2024.76819 2229.81104 14839.30245 4.1618 4779.2 7.8921 14783.0 12.678 "" "" 0.0027720951767171115 0.0033165675 0.003892395 0.0072089625 321.6166278076 52.69589143976 2122.53784 -3.346 -3.712 0.96
