Clusters/LP_1780/LP_1780_stars_in_region.tsv
# %ECSV 1.0
# ---
# datatype:
# - name: RA_ICRS_1
#   unit: deg
#   datatype: float64
#   format: '{:15.11f}'
#   description: Right ascension (ICRS) at Ep=2016.0 (ra)
#   meta: !!omap
#   - {ucd: POS_EQ_RA_MAIN}
#   - {width: 15}
#   - {precision: '11'}
# - name: DE_ICRS_1
#   unit: deg
#   datatype: float64
#   format: '{:15.11f}'
#   description: Declination (ICRS) at Ep=2016.0 (dec)
#   meta: !!omap
#   - {ucd: POS_EQ_DEC_MAIN}
#   - {width: 15}
#   - {precision: '11'}
# - name: e_RA_ICRS
#   unit: mas
#   datatype: float64
#   format: '{:7.4f}'
#   description: Standard error of right ascension (ra_error)
#   meta: !!omap
#   - {ucd: ERROR}
#   - {width: 7}
#   - {precision: '4'}
# - name: e_DE_ICRS
#   unit: mas
#   datatype: float64
#   format: '{:7.4f}'
#   description: Standard error of declination (dec_error)
#   meta: !!omap
#   - {ucd: ERROR}
#   - {width: 7}
#   - {precision: '4'}
# - name: _r_1
#   unit: ''
#   datatype: float64
#   format: '{:7.4f}'
#   description: Distance from center (321.53080998000+52.70910542000)[ICRS], at Epoch=J2016.0
#   meta: !!omap
#   - {ucd: POS_ANG_DIST_GENERAL}
#   - {width: 7}
#   - {precision: '4'}
# - name: HIP
#   datatype: int32
#   description: '? HIP cross-id number, van Leeuwen, Cat. I/311 (hip_original_ext_source_id)'
#   meta: !!omap
#   - {ucd: ID_NUMBER}
#   - {width: 6}
#   - values: {'null': -2147483648}
# - name: TYC2
#   datatype: string
#   description: Tycho-2 cross-id name, Hog et al., Cat. I/259 (tyc2_original_ext_source_id)
#   meta: !!omap
#   - {ucd: ID_CROSSID}
#   - {_votable_string_dtype: char}
# - name: Source
#   datatype: int64
#   description: Source identifier, identical to the Gaia-EDR3 source_id (id)
#   meta: !!omap
#   - {ucd: ID_MAIN}
#   - {width: 19}
# - name: rgeo
#   unit: pc
#   datatype: float64
#   format: '{:15.8f}'
#   description: '? Median of the geometric distance posterior (r_med_geo)'
#   meta: !!omap
#   - {ucd: PHYS_DISTANCE_TRUE}
#   - {width: 15}
#   - {precision: '8'}
#   - values: {'null': .nan}
# - name: Plx
#   unit: mas
#   datatype: float64
#   format: '{:9.4f}'
#   description: '? Parallax (parallax)'
#   meta: !!omap
#   - {ucd: POS_PARLX_TRIG}
#   - {width: 9}
#   - {precision: '4'}
#   - values: {'null': .nan}
# - name: e_Plx
#   unit: mas
#   datatype: float32
#   format: '{:7.4f}'
#   description: '? Standard error of parallax (parallax_error)'
#   meta: !!omap
#   - {ucd: ERROR}
#   - {width: 7}
#   - {precision: '4'}
#   - values: {'null': .nan}
# - name: pmRA
#   unit: mas / yr
#   datatype: float64
#   format: '{:9.3f}'
#   description: '? Proper motion in right ascension direction, pmRA*cosDE (pmra)'
#   meta: !!omap
#   - {ucd: POS_EQ_PMRA}
#   - {width: 9}
#   - {precision: '3'}
#   - values: {'null': .nan}
# - name: pmDE
#   unit: mas / yr
#   datatype: float64
#   format: '{:9.3f}'
#   description: '? Proper motion in declination direction (pmdec)'
#   meta: !!omap
#   - {ucd: POS_EQ_PMDEC}
#   - {width: 9}
#   - {precision: '3'}
#   - values: {'null': .nan}
# - name: e_pmRA
#   unit: mas / yr
#   datatype: float32
#   format: '{:6.3f}'
#   description: '? Standard error of proper motion in right ascension direction (pmra_error)'
#   meta: !!omap
#   - {ucd: ERROR}
#   - {width: 6}
#   - {precision: '3'}
#   - values: {'null': .nan}
# - name: e_pmDE
[...]
#         value: !astropy.table.SerializedColumn {name: SkyCoord.dec}
#       distance: !astropy.table.SerializedColumn
#         __class__: astropy.coordinates.distances.Distance
#         unit: !astropy.units.Unit {unit: pc}
#         value: !astropy.table.SerializedColumn {name: SkyCoord.distance}
#       frame: icrs
#       obstime: !astropy.time.Time {format: jyear_str, in_subfmt: '*', jd1: 367701545.0, jd2: 0.0, out_subfmt: '*', precision: 3, scale: tt}
#       pm_dec: !astropy.table.SerializedColumn
#         __class__: astropy.units.quantity.Quantity
#         unit: !astropy.units.Unit {unit: mas / yr}
#         value: !astropy.table.SerializedColumn {name: SkyCoord.pm_dec}
#       pm_ra_cosdec: !astropy.table.SerializedColumn
#         __class__: astropy.units.quantity.Quantity
#         unit: !astropy.units.Unit {unit: mas / yr}
#         value: !astropy.table.SerializedColumn {name: SkyCoord.pm_ra_cosdec}
#       ra: !astropy.table.SerializedColumn
#         __class__: astropy.coordinates.angles.Longitude
#         unit: *id001
#         value: !astropy.table.SerializedColumn {name: SkyCoord.ra}
#         wrap_angle: !astropy.coordinates.Angle
#           unit: *id001
#           value: 360.0
#       representation_type: spherical
# schema: astropy-2.0
RA_ICRS_1 DE_ICRS_1 e_RA_ICRS e_DE_ICRS _r_1 HIP TYC2 Source rgeo Plx e_Plx pmRA pmDE e_pmRA e_pmDE RUWE Teff logg Gmag BP-RP BPmag RPmag RV e_RV b_rgeo B_rgeo FG e_FG FBP e_FBP FRP e_FRP RAVE5 RAVE6 e_Gmag e_BPmag e_RPmag e_BP-RP SkyCoord.ra SkyCoord.dec SkyCoord.distance SkyCoord.pm_ra_cosdec SkyCoord.pm_dec rmRA rmDE e_rmRA e_rmDE rRV e_rRV v_pec v_pec3d e_vpec e_vpec3d
[from data line 651]
321.6112368644 52.64434692403 0.0381 0.0391 4.8639 "" "" 2172746684298100096 1577.21936 0.6062 0.0446 -0.434 -5.996 0.051 0.049 1.017 4917.3 4.267 16.66631 1.702718 17.481726 15.779008 "" "" 1465.69641 1719.54199 4059.03373 2.2739 1389.1 8.1301 3868.6 9.0817 "" "" 0.0028216558821163537 0.006940152 0.0045585264 0.0114986785 321.6112368644 52.64434692403 1577.21936 -0.43400000000000016 -5.996 2.731032863616943 -2.241813131332398 0.1784444 0.1764444 "" "" 26.41508171312372 "" 4.692427338755149 ""
321.64924231141 53.01758071607 0.0393 0.042 18.9992 "" "" 2172773038217625472 1970.91272 0.4836 0.0444 -1.193 -0.963 0.054 0.052 0.952 8218.2 4.4043 16.667488 1.789087 17.539246 15.750158 "" "" 1828.74841 2154.54224 4054.63585 1.9994 1317.4 8.2709 3972.8 7.8008 "" "" 0.0028068548868599393 0.007365411 0.0043392074 0.011704618 321.64924231141 53.01758071607 1970.91272 -1.193 -0.9629999999999999 1.9720328636169433 2.7911868686676025 0.1814444 0.1794444 "" "" 31.927169700348458 "" 5.7504919492383255 ""
321.54903141909 52.62219338344 0.0535 0.0537 5.2567 "" "" 2172746443779806208 1567.36462 0.6393 0.0623 -1.605 -5.177 0.072 0.062 1.409 5447.3 4.6073 16.668447 1.545716 17.346529 15.800813 "" "" 1416.52795 1730.20276 4051.04842 3.0943 1573.3 6.0027 3791.7 7.1692 "" "" 0.0028774210718794583 0.004994508 0.0043009296 0.0092954375 321.54903141909 52.62219338344 1567.36462 -1.605 -5.177 1.5600328636169434 -1.422813131332397 0.1994444 0.1894444 "" "" 15.686399498112433 "" 3.058330836302222 ""
321.56077249069 52.64403376312 0.0395 0.0389 4.0536 "" "" 2172746546859138560 1721.85461 0.5585 0.0456 -2.976 -3.765 0.052 0.049 0.991 8432.7 3.8737 16.668669 1.904758 17.609812 15.705054 "" "" 1614.79309 1843.41052 4050.2224 2.073 1234.5 6.565 4141.3 9.4423 "" "" 0.0028108002494368657 0.0064127035 0.004517953 0.010930656 321.56077249069 52.64403376312 1721.85461 -2.976000000000001 -3.765000000000001 0.18903286361694338 -0.010813131332397585 0.1794444 0.1764444 "" "" 1.5453309515968665 "" 0.2772859951419672 ""
321.06262796203 52.70140649595 0.0418 0.0402 17.027 "" "" 2172785029767046400 2044.08447 0.4611 0.0492 -6.924 -6.28 0.055 0.052 0.971 "" "" 16.668945 2.045047 17.69725 15.652204 "" "" 1856.56653 2247.68848 4049.19194 2.488 1139.0 6.9408 4347.9 9.4973 "" "" 0.0028349326714021093 0.007180491 0.0044618724 0.011642363 321.06262796203 52.70140649595 2044.08447 -6.9239999999999995 -6.279999999999998 -3.758967136383057 -2.5258131313323977 0.1824444 0.1794444 "" "" 43.878867957686246 "" 7.9647396482450254 ""
321.06811205422 52.45478642851 0.0376 0.0387 22.7463 "" "" 2172726751349489280 1806.06018 0.5329 0.0451 -3.017 -2.055 0.051 0.046 0.883 "" "" 16.67029 1.99814 17.653837 15.655697 "" "" 1667.75488 1972.39551 4044.17961 2.5854 1185.4 12.994 4333.9 30.131 "" "" 0.002841401642614405 0.012224201 0.00844175 0.020665951 321.06811205422 52.45478642851 1806.06018 -3.017 -2.0549999999999997 0.14803286361694346 1.6991868686676024 0.1784444 0.1734444 "" "" 14.601369700909121 "" 2.5330836856990175 ""
321.36809009115 53.07895354589 0.04 0.0377 22.9593 "" "" 2172818324353961216 1594.87415 0.6058 0.0425 -0.827 -1.046 0.053 0.049 0.951 6758.8 4.1832 16.670773 2.086528 17.734072 15.647544 "" "" 1495.31909 1711.87231 4042.38624 2.2243 1101.0 5.2631 4366.6 8.6366 "" "" 0.0028193439289337027 0.0058925836 0.0043468704 0.010239454 321.36809009115 53.07895354589 1594.87415 -0.827 -1.046 2.3380328636169434 2.7081868686676023 0.1804444 0.1764444 "" "" 27.04712920846526 "" 4.818812454129853 ""
321.8531790295 52.96331080591 0.0735 0.0764 19.2135 "" "" 2172770255081247360 1625.96228 0.6172 0.0879 -2.077 -3.553 0.099 0.084 1.492 "" "" 16.672815 1.854065 17.129751 15.275686 "" "" 1383.96265 1976.04419 4034.78735 4.8678 1921.0 20.814 6150.1 32.632 "" "" 0.003050838184110198 0.012090289 0.00688992 0.018980209 321.8531790295 52.96331080591 1625.96228 -2.077000000000003 -3.5529999999999977 1.0880328636169434 0.2011868686676026 0.2264444 0.21144441 "" "" 8.527687067047562 "" 1.9269536655331514 ""
321.81569537673 52.48383655338 0.0413 0.0421 17.0437 "" "" 2172553513851772032 2199.5564 0.4326 0.0485 -1.204 -3.432 0.052 0.052 1.003 6704.7 3.9131 16.675087 2.47297 18.025541 15.552571 "" "" 1957.43567 2441.00537 4026.35287 2.4326 841.78 6.7949 4765.7 8.3427 "" "" 0.002832328443587812 0.009197555 0.004230394 0.013427949 321.81569537673 52.48383655338 2199.5564 -1.2039999999999984 -3.431999999999997 1.9610328636169434 0.3221868686676026 0.1794444 0.1794444 "" "" 20.719629674521563 "" 3.7180215660600036 ""
321.76651920438 52.36355896189 0.0399 0.0408 22.4465 "" "" 2172551727145298176 1769.92407 0.5392 0.0458 0.629 -0.741 0.05 0.05 0.959 9270.5 4.0754 16.675108 2.086988 17.732841 15.645853 "" "" 1619.65942 1909.28381 4026.27926 2.4948 1102.2 8.7717 4373.4 10.762 "" "" 0.0028362628735885136 0.009079996 0.004628396 0.013708392 321.76651920438 52.36355896189 1769.92407 0.6289999999999998 -0.7409999999999999 3.7940328636169434 3.0131868686676024 0.1774444 0.1774444 "" "" 40.64679869637181 "" 7.212546741692358 ""
321.14947623833 52.73198550394 0.0419 0.0385 13.9263 "" "" 2172786983971706496 1610.60205 0.5946 0.0478 -4.033 -4.301 0.056 0.051 0.966 7536.5 4.36 16.67584 1.903302 17.61504 15.711738 "" "" 1508.98975 1723.76746 4023.5593 2.2573 1228.6 7.2443 4115.9 6.6949 "" "" 0.0028218463972950595 0.0069835256 0.0041716504 0.011155176 321.14947623833 52.73198550394 1610.60205 -4.0329999999999995 -4.301 -0.867967136383057 -0.5468131313323976 0.18344441 0.1784444 "" "" 7.83161155863613 "" 1.425648964412933 ""
321.50936189224 52.53252830549 0.0391 0.0415 10.6234 "" "" 2172721670408212864 1821.11047 0.5277 0.0462 -1.722 1.265 0.054 0.05 1.023 8341.6 4.1983 16.677197 2.088604 17.728203 15.639599 "" "" 1673.73047 1989.39026 4018.53622 2.1459 1107.0 6.0884 4398.6 9.836 "" "" 0.0028156594908070906 0.006591151 0.004492033 0.011083184 321.50936189224 52.53252830549 1821.11047 -1.7220000000000002 1.2650000000000001 1.4430328636169434 5.019186868667602 0.1814444 0.1774444 "" "" 45.08101379749678 "" 8.013283755703037 ""
321.31755480812 52.51027718744 0.0387 0.0379 14.2368 "" "" 2172732493725662848 2086.1377 0.457 0.0448 -4.438 -4.586 0.052 0.047 0.958 8306.0 4.2583 16.68433 1.866625 17.604921 15.738297 "" "" 1910.75452 2273.62158 3992.22579 2.0111 1240.1 8.1902 4016.4 8.5939 "" "" 0.002809081201305887 0.007694421 0.0044363006 0.0121307215 321.31755480812 52.51027718744 2086.1377 -4.438 -4.586 -1.2729671363830564 -0.8318131313323978 0.1794444 0.1744444 "" "" 15.036573745137899 "" 2.6759539686047975 ""
321.18253977272 52.77093635991 0.0419 0.0394 13.184 "" "" 2172787125711191296 2112.42969 0.4388 0.0479 -4.956 -5.579 0.052 0.047 0.992 7816.6 4.1386 16.685173 2.096832 17.759762 15.66293 "" "" 1923.15613 2324.57422 3989.12314 2.305 1075.3 9.9673 4305.1 11.947 "" "" 0.002825840005072958 0.010443652 0.004833418 0.01527707 321.18253977272 52.77093635991 2112.42969 -4.9559999999999995 -5.579 -1.790967136383057 -1.8248131313323972 0.1794444 0.1744444 "" "" 25.60157377308823 "" 4.529309190510622 ""
321.08521892266 52.78837786466 0.0406 0.0386 16.8677 "" "" 2172786679034480768 1564.7887 0.623 0.0465 -0.61 0.463 0.051 0.049 1.019 5388.9 4.2395 16.685732 1.839086 17.582111 15.743026 "" "" 1469.33606 1688.42993 3987.07384 2.1956 1266.4 6.6856 3999.0 8.3922 "" "" 0.002819444103225805 0.0063748723 0.004413081 0.010787953 321.08521892266 52.78837786466 1564.7887 -0.6100000000000001 0.46299999999999997 2.5550328636169435 4.217186868667603 0.1784444 0.1764444 "" "" 36.57228115964899 "" 6.472695175979715 ""
321.60944290793 52.9521407863 0.0405 0.0403 14.8581 "" "" 2172772419742343808 2173.35107 0.4461 0.0448 -1.499 -1.634 0.052 0.046 1.013 8838.8 3.7488 16.686123 1.956325 17.65408 15.697755 "" "" 1988.73047 2423.27954 3985.63372 2.203 1185.2 8.2162 4169.2 10.748 "" "" 0.0028199182556166284 0.008027205 0.0047029774 0.012730183 321.60944290793 52.9521407863 2173.35107 -1.4990000000000008 -1.6340000000000003 1.6660328636169432 2.1201868686676026 0.1794444 0.1734444 "" "" 27.778005162116944 "" 4.882236904516701 ""
321.55761257672 52.95348558364 0.0396 0.0374 14.695 "" "" 2172766784745124992 1602.51978 0.6068 0.0432 -7.503 -5.853 0.053 0.047 1.039 6622.0 4.1962 16.687323 2.107507 17.767893 15.660386 "" "" 1501.04321 1693.57544 3981.23099 2.1146 1067.2 8.2307 4315.2 9.1642 "" "" 0.0028150221389230236 0.008826279 0.004427228 0.013253507 321.55761257672 52.95348558364 1602.51978 -7.5029999999999974 -5.853000000000005 -4.337967136383057 -2.098813131332397 0.1804444 0.1744444 "" "" 36.60502196828522 "" 6.564075969427057 ""
321.25001066239 52.61911737656 0.043 0.0384 11.5568 "" "" 2172736926131875328 1725.39966 0.5437 0.0495 -3.463 -5.036 0.058 0.046 1.038 5127.3 3.7333 16.68797 2.196039 17.83449 15.638451 "" "" 1613.69507 1899.30859 3978.86321 2.0876 1003.7 6.2827 4403.3 9.5152 "" "" 0.0028135915124086483 0.0073466655 0.00444841 0.011795076 321.25001066239 52.61911737656 1725.39966 -3.463 -5.0360000000000005 -0.2979671363830567 -1.281813131332397 0.1854444 0.1734444 "" "" 10.762684106094872 "" 1.8735650147835723 ""
321.54366693474 52.99099866853 0.0388 0.0386 16.92 "" "" 2172813823228385408 1997.74646 0.4833 0.0427 0.351 1.45 0.052 0.047 1.074 6516.9 3.7094 16.692125 1.953146 17.660053 15.706907 "" "" 1850.15479 2197.75244 3963.66439 2.153 1178.7 6.6466 4134.2 8.3171 "" "" 0.0028177295989531143 0.006728197 0.0043651722 0.011093369 321.54366693474 52.99099866853 1997.74646 0.351 1.45 3.5160328636169433 5.204186868667603 0.1794444 0.1744444 "" "" 59.47308422208473 "" 10.468850691074397 ""
321.72088013734 52.98954710562 0.0436 0.0443 18.1814 "" "" 2172771973065750144 1515.06482 0.6278 0.0491 -9.836 -12.532 0.059 0.056 1.088 6666.9 4.321 16.699047 1.96503 17.68081 15.715781 "" "" 1424.33911 1596.35242 3938.47455 2.1491 1156.4 7.5184 4100.6 9.9311 "" "" 0.002818295289340713 0.0075904005 0.004604132 0.012194533 321.72088013734 52.98954710562 1515.06482 -9.836 -12.532 -6.670967136383057 -8.777813131332397 0.1864444 0.18344441 "" "" 79.17539950036353 "" 14.611693920815686 ""
321.45550810308 52.56103945694 0.0415 0.0389 9.2975 "" "" 2172722735560092800 2226.98779 0.4395 0.047 -2.306 -4.635 0.055 0.046 1.037 "" "" 16.69932 2.034408 17.728628 15.694221 "" "" 2025.02527 2497.2041 3937.48418 2.1048 1106.5 6.9767 4182.8 7.3437 "" "" 0.0028157834300276733 0.007392547 0.0042328937 0.011625441 321.45550810308 52.56103945694 2226.98779 -2.3060000000000005 -4.635000000000002 0.8590328636169433 -0.8808131313323972 0.1824444 0.1734444 "" "" 12.987513578850491 "" 2.310331148297488 ""
321.14088715766 52.70846019567 0.0411 0.0374 14.1745 "" "" 2172785270285221504 2108.26855 0.4539 0.0472 -2.403 -1.875 0.054 0.046 0.944 7987.6 4.1028 16.699793 1.849853 17.605747 15.755895 "" "" 1887.45007 2335.61865 3935.77243 2.1623 1239.1 7.9245 3951.8 7.313 "" "" 0.0028191490596675404 0.0074832994 0.004280262 0.0117635615 321.14088715766 52.70846019567 2108.26855 -2.4029999999999996 -1.8750000000000004 0.7620328636169433 1.8791868686676025 0.1814444 0.1734444 "" "" 20.264355628180734 "" 3.538083114076848 ""
321.57064502572 52.51552283668 0.0372 0.0383 11.7053 "" "" 2172721459949922432 1785.52332 0.5465 0.0441 -2.891 0.351 0.049 0.047 1.007 7384.1 4.3864 16.699923 1.496635 17.38859 15.891955 "" "" 1651.61975 1907.85437 3935.29964 2.0395 1513.5 7.2923 3486.4 5.8935 "" "" 0.0028121896958427624 0.0059288396 0.004201459 0.010130299 321.57064502572 52.51552283668 1785.52332 -2.891 0.3509999999999985 0.27403286361694335 4.1051868686676025 0.1764444 0.1744444 "" "" 34.821080674416834 "" 6.074653483275917 ""
321.94059377164 52.65761131889 0.037 0.0406 15.222 "" "" 2172749639235768320 1772.39929 0.5529 0.043 -3.089 -3.81 0.052 0.051 0.988 7184.1 4.1158 16.704544 2.236392 17.873661 15.637269 "" "" 1627.28528 2001.60852 3918.58178 2.1275 968.17 6.585 4408.1 10.329 "" "" 0.002817670929363763 0.007894159 0.0045558843 0.012450043 321.94059377164 52.65761131889 1772.39929 -3.0890000000000004 -3.81 0.07603286361694339 -0.055813131332397514 0.1794444 0.1784444 "" "" 0.7923914584337374 "" 0.14191324665815838 ""
321.09987356649 52.57873056264 0.043 0.0391 17.5307 "" "" 2172737235369412096 2103.91113 0.4499 0.0487 -2.386 -3.433 0.057 0.047 1.058 8575.3 3.6329 16.70515 2.111014 17.78206 15.671046 "" "" 1892.89624 2356.18042 3916.39569 2.2623 1053.4 9.1627 4273.1 13.596 "" "" 0.002825798370148818 0.009847515 0.005120321 0.014967836 321.09987356649 52.57873056264 2103.91113 -2.386 -3.433 0.7790328636169432 0.3211868686676027 0.1844444 0.1744444 "" "" 8.40332537157495 "" 1.5380225158821 ""
321.10897198201 52.9808874932 0.0405 0.0373 22.3517 "" "" 2172793276104394496 1715.57605 0.5692 0.0429 -3.144 -4.071 0.052 0.046 0.904 5048.2 4.2957 16.705683 1.608716 17.455309 15.846593 "" "" 1606.97925 1855.01099 3914.47678 2.1176 1423.3 6.4528 3635.1 8.9274 "" "" 0.0028172265568025836 0.005658177 0.004625329 0.010283506 321.10897198201 52.9808874932 1715.57605 -3.1439999999999992 -4.071 0.02103286361694323 -0.3168131313323972 0.1794444 0.1734444 "" "" 2.581941867058553 "" 0.4478925213746767 ""
321.96194582884 52.85929165221 0.0397 0.0404 18.055 "" "" 2172756305025104512 1499.89636 0.6429 0.0443 0.67 -0.138 0.054 0.052 0.981 5023.6 4.2843 16.705976 1.674323 17.498158 15.823834 "" "" 1420.0686 1615.03015 3913.42002 2.1782 1368.2 10.736 3712.1 9.1217 "" "" 0.0028208136644572715 0.00896482 0.004626205 0.013591025 321.96194582884 52.85929165221 1499.89636 0.67 -0.138 3.8350328636169433 3.6161868686676026 0.1814444 0.1794444 "" "" 37.47478947610002 "" 6.7644189319504475 ""
321.853975289 52.73984103544 0.0379 0.044 11.8874 "" "" 2172753826835088000 1792.45166 0.5508 0.0459 -2.69 -3.317 0.054 0.059 0.963 7188.9 4.2931 16.70616 1.924075 17.66169 15.737615 "" "" 1640.60779 1971.62207 3912.75662 2.1523 1176.9 8.1106 4018.9 9.039 "" "" 0.0028193044234413513 0.007985646 0.004499652 0.012485297 321.853975289 52.73984103544 1792.45166 -2.69 -3.317 0.4750328636169434 0.43718686866760237 0.1814444 0.1864444 "" "" 5.485089256444666 "" 1.007908255184352 ""
321.66342972888 52.58041111362 0.0384 0.0421 9.1068 "" "" 2172745516067026688 2226.7041 0.4207 0.0461 -2.171 -1.806 0.055 0.054 0.966 9436.9 4.1748 16.707724 1.745496 17.546547 15.801051 "" "" 1997.65369 2468.25244 3907.12261 1.9667 1308.6 6.8744 3790.9 7.1991 "" "" 0.0028089985021778545 0.0063495333 0.004305231 0.010654764 321.66342972888 52.58041111362 2226.7041 -2.171 -1.806 0.9940328636169435 1.9481868686676025 0.1824444 0.1814444 "" "" 23.084222742275365 "" 4.193281795270678 ""
321.23200513587 53.00814451222 0.0412 0.0398 20.9548 "" "" 2172816949964327552 1965.32825 0.4921 0.0441 -0.957 -2.45 0.056 0.053 1.001 7199.8 4.1547 16.71042 2.214183 17.868877 15.654695 "" "" 1773.36548 2193.30347 3897.43335 1.9992 972.45 5.2285 4337.9 6.4065 "" "" 0.0028110429026171296 0.0064701303 0.004105472 0.010575602 321.23200513587 53.00814451222 1965.32825 -0.9569999999999999 -2.4499999999999993 2.2080328636169435 1.3041868686676024 0.18344441 0.1804444 "" "" 23.889367979290544 "" 4.363947530426287 ""
