Clusters/LP_1780/LP_1780_members.tsv
# %ECSV 1.0
# ---
# datatype:
# - name: RA_ICRS_1
#   unit: deg
#   datatype: float64
#   format: '{:15.11f}'
#   description: Right ascension (ICRS) at Ep=2016.0 (ra)
#   meta: !!omap
#   - {ucd: POS_EQ_RA_MAIN}
#   - {width: 15}
#   - {precision: '11'}
# - name: DE_ICRS_1
#   unit: deg
#   datatype: float64
#   format: '{:15.11f}'
#   description: Declination (ICRS) at Ep=2016.0 (dec)
#   meta: !!omap
#   - {ucd: POS_EQ_DEC_MAIN}
#   - {width: 15}
#   - {precision: '11'}
# - name: e_RA_ICRS
#   unit: mas
#   datatype: float64
#   format: '{:7.4f}'
#   description: Standard error of right ascension (ra_error)
#   meta: !!omap
#   - {ucd: ERROR}
#   - {width: 7}
#   - {precision: '4'}
# - name: e_DE_ICRS
#   unit: mas
#   datatype: float64
#   format: '{:7.4f}'
#   description: Standard error of declination (dec_error)
#   meta: !!omap
#   - {ucd: ERROR}
#   - {width: 7}
#   - {precision: '4'}
# - name: _r_1
#   unit: ''
#   datatype: float64
#   format: '{:7.4f}'
#   description: Distance from center (321.53080998000+52.70910542000)[ICRS], at Epoch=J2016.0
#   meta: !!omap
#   - {ucd: POS_ANG_DIST_GENERAL}
#   - {width: 7}
#   - {precision: '4'}
# - name: HIP
#   datatype: int32
#   description: '? HIP cross-id number, van Leeuwen, Cat. I/311 (hip_original_ext_source_id)'
#   meta: !!omap
#   - {ucd: ID_NUMBER}
#   - {width: 6}
#   - values: {'null': -2147483648}
# - name: TYC2
#   datatype: string
#   description: Tycho-2 cross-id name, Hog et al., Cat. I/259 (tyc2_original_ext_source_id)
#   meta: !!omap
#   - {ucd: ID_CROSSID}
#   - {_votable_string_dtype: char}
# - name: Source
#   datatype: int64
#   description: Source identifier, identical to the Gaia-EDR3 source_id (id)
#   meta: !!omap
#   - {ucd: ID_MAIN}
#   - {width: 19}
# - name: rgeo
#   unit: pc
#   datatype: float64
#   format: '{:15.8f}'
#   description: '? Median of the geometric distance posterior (r_med_geo)'
#   meta: !!omap
#   - {ucd: PHYS_DISTANCE_TRUE}
#   - {width: 15}
#   - {precision: '8'}
#   - values: {'null': .nan}
# - name: Plx
#   unit: mas
#   datatype: float64
#   format: '{:9.4f}'
#   description: '? Parallax (parallax)'
#   meta: !!omap
#   - {ucd: POS_PARLX_TRIG}
#   - {width: 9}
#   - {precision: '4'}
#   - values: {'null': .nan}
# - name: e_Plx
#   unit: mas
#   datatype: float32
#   format: '{:7.4f}'
#   description: '? Standard error of parallax (parallax_error)'
#   meta: !!omap
#   - {ucd: ERROR}
#   - {width: 7}
#   - {precision: '4'}
#   - values: {'null': .nan}
# - name: pmRA
#   unit: mas / yr
#   datatype: float64
#   format: '{:9.3f}'
#   description: '? Proper motion in right ascension direction, pmRA*cosDE (pmra)'
#   meta: !!omap
#   - {ucd: POS_EQ_PMRA}
#   - {width: 9}
#   - {precision: '3'}
#   - values: {'null': .nan}
# - name: pmDE
#   unit: mas / yr
#   datatype: float64
#   format: '{:9.3f}'
#   description: '? Proper motion in declination direction (pmdec)'
#   meta: !!omap
#   - {ucd: POS_EQ_PMDEC}
#   - {width: 9}
#   - {precision: '3'}
#   - values: {'null': .nan}
# - name: e_pmRA
#   unit: mas / yr
#   datatype: float32
#   format: '{:6.3f}'
#   description: '? Standard error of proper motion in right ascension direction (pmra_error)'
#   meta: !!omap
#   - {ucd: ERROR}
#   - {width: 6}
#   - {precision: '3'}
#   - values: {'null': .nan}
# - name: e_pmDE
[...]
#         unit: &id001 !astropy.units.Unit {unit: deg}
#         value: !astropy.table.SerializedColumn {name: SkyCoord.dec}
#       distance: !astropy.table.SerializedColumn
#         __class__: astropy.coordinates.distances.Distance
#         unit: !astropy.units.Unit {unit: pc}
#         value: !astropy.table.SerializedColumn {name: SkyCoord.distance}
#       frame: icrs
#       obstime: !astropy.time.Time {format: jyear_str, in_subfmt: '*', jd1: 367701545.0, jd2: 0.0, out_subfmt: '*', precision: 3, scale: tt}
#       pm_dec: !astropy.table.SerializedColumn
#         __class__: astropy.units.quantity.Quantity
#         unit: !astropy.units.Unit {unit: mas / yr}
#         value: !astropy.table.SerializedColumn {name: SkyCoord.pm_dec}
#       pm_ra_cosdec: !astropy.table.SerializedColumn
#         __class__: astropy.units.quantity.Quantity
#         unit: !astropy.units.Unit {unit: mas / yr}
#         value: !astropy.table.SerializedColumn {name: SkyCoord.pm_ra_cosdec}
#       ra: !astropy.table.SerializedColumn
#         __class__: astropy.coordinates.angles.Longitude
#         unit: *id001
#         value: !astropy.table.SerializedColumn {name: SkyCoord.ra}
#         wrap_angle: !astropy.coordinates.Angle
#           unit: *id001
#           value: 360.0
#       representation_type: spherical
# schema: astropy-2.0
RA_ICRS_1 DE_ICRS_1 e_RA_ICRS e_DE_ICRS _r_1 HIP TYC2 Source rgeo Plx e_Plx pmRA pmDE e_pmRA e_pmDE RUWE Teff logg Gmag BP-RP BPmag RPmag RV e_RV b_rgeo B_rgeo FG e_FG FBP e_FBP FRP e_FRP RAVE5 RAVE6 e_Gmag e_BPmag e_RPmag e_BP-RP SkyCoord.ra SkyCoord.dec SkyCoord.distance SkyCoord.pm_ra_cosdec SkyCoord.pm_dec Pmemb
[from data line 40]
321.69433758952 52.63944100121 0.0197 0.0215 7.2708 "" "" 2172747405852621568 1920.54785 0.4965 0.0238 -3.104 -3.768 0.027 0.027 0.988 8720.2 3.6452 15.39034 1.604076 16.13438 14.530304 "" "" 1842.14294 1993.42419 13146.51921 3.7041 4804.7 9.8393 12219.0 16.386 "" "" 0.0027722502452856845 0.003567725 0.004050144 0.007617869 321.69433758952 52.63944100121 1920.54785 -3.1039999999999996 -3.768 0.98
321.49274650254 52.73843443076 0.0216 0.0212 2.2383 "" "" 2172760050236281728 1983.46814 0.4811 0.0249 -3.096 -3.781 0.029 0.026 0.979 9035.4 3.6338 15.429647 1.973714 16.411728 14.438014 "" "" 1864.02722 2096.64697 12679.08585 3.8981 3721.6 7.3655 13303.0 11.142 "" "" 0.0027754663345719147 0.0035217053 0.0038872445 0.0074089495 321.49274650254 52.73843443076 1983.46814 -3.096 -3.7810000000000006 0.94
321.59597388821 52.71399816277 0.0208 0.0214 2.3868 "" "" 2172758916364936192 1866.01099 0.5073 0.0256 -3.014 -3.91 0.031 0.027 1.046 "" "" 15.447384 1.730488 16.257757 14.527269 "" "" 1782.31812 1949.23169 12473.6362 4.423 4288.6 9.7766 12253.0 29.4 "" "" 0.002782086593939837 0.0037297825 0.0045902533 0.008320035 321.59597388821 52.71399816277 1866.01099 -3.0140000000000002 -3.9099999999999993 0.98
321.54661201826 52.57764292364 0.0219 0.0221 7.9087 "" "" 2172746031462951680 1837.05188 0.5275 0.0251 -3.409 -3.352 0.029 0.026 1.012 9601.7 4.2754 15.543008 1.314031 16.117353 14.803323 "" "" 1752.76099 1921.22803 11422.04102 3.1737 4880.6 9.0704 9502.3 10.062 "" "" 0.0027717864654903486 0.0034433345 0.0039503807 0.007393715 321.54661201826 52.57764292364 1837.05188 -3.4090000000000003 -3.3520000000000003 0.83
321.50472022791 52.74371985959 0.0234 0.0227 2.283 "" "" 2172759878437590144 1657.03052 0.573 0.0269 -3.141 -3.716 0.032 0.028 1.014 "" "" 15.575538 2.131356 16.664017 14.532661 "" "" 1595.30896 1745.38269 11084.89399 3.8114 2949.9 11.433 12193.0 14.282 "" "" 0.002780495398538853 0.0050490033 0.003987616 0.009036619 321.50472022791 52.74371985959 1657.03052 -3.1409999999999996 -3.7159999999999993 0.82
321.41480008784 52.75807309747 0.0297 0.027 5.1378 "" "" 2172762730295862016 1881.677 0.5058 0.033 -2.898 -3.778 0.041 0.034 1.347 8472.2 3.5736 15.59473 1.74329 16.423916 14.680626 "" "" 1793.93872 2004.33704 10890.66645 3.6076 3680.0 10.194 10639.0 10.761 "" "" 0.002778694367986247 0.0041025295 0.0039357007 0.00803823 321.41480008784 52.75807309747 1881.677 -2.898 -3.778 0.97
321.58510012697 52.7400731261 0.0268 0.0244 2.7101 "" "" 2172759122523355776 1638.69958 0.5827 0.03 -3.232 -3.804 0.039 0.03 1.073 "" "" 15.601099 2.117325 16.644793 14.527468 "" "" 1553.71692 1738.48987 10826.97855 4.3358 3002.6 23.581 12251.0 63.627 "" "" 0.0027894152782579886 0.0089717535 0.0067882906 0.015760044 321.58510012697 52.7400731261 1638.69958 -3.232 -3.804 0.98
321.54227850659 52.62600172308 0.0229 0.0226 5.0037 "" "" 2172746512499282048 1860.26221 0.5077 0.0265 -3.26 -3.695 0.032 0.027 1.013 9089.9 3.8314 15.614277 1.666273 16.397753 14.73148 "" "" 1764.13867 1946.11023 10696.36291 3.0826 3769.8 6.5649 10152.0 8.0866 "" "" 0.002773030062310152 0.0033704576 0.0038770717 0.007247529 321.54227850659 52.62600172308 1860.26221 -3.26 -3.6950000000000003 0.98
321.52723208295 52.57347789056 0.023 0.0251 8.1387 "" "" 2172722632480881536 1811.60095 0.5242 0.0281 -3.148 -3.742 0.032 0.03 0.983 "" "" 15.640451 1.727164 16.464722 14.737557 "" "" 1734.52026 1912.18909 10441.58575 3.6059 3544.3 8.1902 10096.0 12.164 "" "" 0.0027807149648595747 0.0037523021 0.003999367 0.007751669 321.52723208295 52.57347789056 1811.60095 -3.148 -3.742000000000001 0.98
321.52768845741 52.69579282457 0.023 0.0223 0.8068 "" "" 2172758946425054464 1732.48669 0.5486 0.027 -3.132 -3.66 0.033 0.027 0.994 8746.1 3.7395 15.658233 1.611367 16.407187 14.795819 "" "" 1662.70483 1809.26562 10271.971 3.178 3737.2 9.3406 9568.2 8.9795 "" "" 0.002775720753037817 0.0038921598 0.003914327 0.0078064865 321.52768845741 52.69579282457 1732.48669 -3.132 -3.66 0.98
321.43306509282 52.81583325632 0.0231 0.023 7.3213 "" "" 2172763451850357376 1931.40051 0.4947 0.0274 -3.083 -3.768 0.031 0.028 1.039 "" "" 15.659089 1.876353 16.579084 14.702731 "" "" 1818.07629 2045.10999 10263.86678 3.2395 3189.9 8.3548 10425.0 12.842 "" "" 0.0027765482815968346 0.0039839256 0.0040090554 0.007992981 321.43306509282 52.81583325632 1931.40051 -3.0829999999999997 -3.768 0.97
321.60134976896 52.65699623095 0.0247 0.0249 4.0446 "" "" 2172746890456525312 2038.69763 0.4729 0.0289 -3.213 -3.776 0.033 0.031 1.067 8698.8 3.604 15.715103 1.583679 16.447226 14.863546 "" "" 1926.83728 2156.06299 9747.77602 3.3121 3601.9 10.487 8989.6 9.1878 "" "" 0.002779907390975076 0.0042163804 0.0039389217 0.008155302 321.60134976896 52.65699623095 2038.69763 -3.212999999999999 -3.7760000000000002 0.97
321.62364751324 52.73038301437 0.025 0.0249 3.6074 "" "" 2172760393833685504 1832.73853 0.5162 0.0309 -3.23 -3.855 0.037 0.03 1.03 "" "" 15.718022 1.959466 16.690302 14.730836 "" "" 1734.57422 1946.65259 9721.60178 3.6232 2879.4 10.446 10158.0 11.823 "" "" 0.0027848753002313715 0.004826986 0.003985055 0.008812041 321.62364751324 52.73038301437 1832.73853 -3.2300000000000004 -3.855 0.98
321.76146454859 52.6798092264 0.0234 0.0267 8.5697 "" "" 2172747749450133376 1786.34204 0.5335 0.0282 -3.25 -3.717 0.033 0.035 0.988 9234.7 4.0325 15.753052 1.712859 16.566713 14.853854 "" "" 1685.13464 1868.23279 9412.95596 3.1211 3226.5 8.4344 9070.2 11.223 "" "" 0.002778739184359961 0.003980021 0.0040110527 0.007991074 321.76146454859 52.6798092264 1786.34204 -3.2500000000000004 -3.7169999999999996 0.9
321.71016870973 52.69740344601 0.0256 0.0281 6.5586 "" "" 2172748367925417600 2017.41907 0.4745 0.0309 -3.225 -3.84 0.036 0.036 1.117 7480.4 3.4341 15.819682 1.714191 16.633963 14.919771 "" "" 1914.21655 2139.48096 8852.66046 3.2961 3032.7 10.316 8535.9 10.298 "" "" 0.0027848174250301974 0.0046287132 0.0039999355 0.008628649 321.71016870973 52.69740344601 2017.41907 -3.225 -3.8400000000000003 0.88
321.36134987713 52.71124529292 0.0272 0.0257 6.1614 "" "" 2172739090795517312 1732.45935 0.5531 0.031 -3.119 -3.801 0.034 0.031 1.018 "" "" 15.83222 1.593288 16.557852 14.964563 "" "" 1642.37573 1828.17017 8751.01797 3.1895 3252.9 9.1849 8190.9 24.758 "" "" 0.0027835919172949225 0.0041452977 0.0050053718 0.009150669 321.36134987713 52.71124529292 1732.45935 -3.1190000000000007 -3.801000000000001 0.98
321.66259474345 52.6688666725 0.0257 0.026 5.3666 "" "" 2172748230486327296 1826.40662 0.5305 0.0296 -3.25 -3.708 0.035 0.034 0.973 "" "" 15.849213 1.59414 16.592405 14.998265 "" "" 1724.30554 1933.8833 8615.12777 2.9685 3151.0 7.2769 7940.6 10.832 "" "" 0.0027806020733307916 0.003751275 0.0040592286 0.0078105032 321.66259474345 52.6688666725 1826.40662 -3.249999999999999 -3.7079999999999997 0.97
321.57439201184 52.73190347942 0.0265 0.0247 2.0928 "" "" 2172759122523356800 1788.57422 0.5282 0.0296 -3.085 -3.692 0.036 0.03 0.98 9195.6 3.4813 15.854319 2.188143 16.984962 14.79682 "" "" 1688.17444 1900.72485 8574.70771 3.4159 2195.0 8.4941 9559.4 11.023 "" "" 0.0027890619119999385 0.0050435974 0.0039813505 0.009024948 321.57439201184 52.73190347942 1788.57422 -3.085 -3.6919999999999997 0.97
321.58890486784 52.74930058074 0.0267 0.0266 3.205 "" "" 2172760668711580416 2031.34082 0.4677 0.031 -3.187 -3.848 0.037 0.033 0.998 "" "" 15.878805 2.226356 17.034058 14.807702 "" "" 1920.50391 2167.21313 8383.4834 3.3309 2097.9 9.9731 9464.1 10.156 "" "" 0.0027888849527105066 0.0058673127 0.003954897 0.00982221 321.58890486784 52.74930058074 2031.34082 -3.187 -3.8480000000000008 0.98
321.54304920363 52.71823256469 0.0308 0.0311 0.7056 "" "" 2172759053803879296 1852.9707 0.489 0.037 -3.046 -3.727 0.043 0.034 1.023 "" "" 15.881471 3.31531 17.883701 14.568391 -5.57 6.24 1732.35657 1966.73572 8362.92756 3.8876 959.26 9.1787 11798.0 13.424 "" "" 0.00280116550193835 0.010757049 0.003976163 0.014733212 321.54304920363 52.71823256469 1852.9707 -3.046 -3.727 0.97
321.47727209534 52.75781298567 0.0277 0.0258 3.5106 "" "" 2172760118955754112 1789.98865 0.533 0.031 -3.213 -3.775 0.037 0.033 0.972 9234.8 3.5387 15.922699 2.068088 16.96313 14.895042 "" "" 1694.83411 1901.54968 8051.31979 3.7029 2239.6 10.512 8732.6 10.559 "" "" 0.0028002023338785714 0.0058099427 0.0040009012 0.009810844 321.47727209534 52.75781298567 1789.98865 -3.2130000000000005 -3.7750000000000004 0.96
321.53825797713 52.74926216563 0.0277 0.0267 2.4246 "" "" 2172759977217383680 2053.44141 0.4548 0.0325 -3.149 -3.82 0.039 0.031 1.006 "" "" 15.938447 2.425393 17.239653 14.81426 "" "" 1924.99731 2207.16113 7935.38089 3.7101 1736.0 7.5409 9407.1 12.764 "" "" 0.0028016908311409385 0.005479796 0.004056351 0.009536147 321.53825797713 52.74926216563 2053.44141 -3.149 -3.82 0.96
321.41718072581 52.62746765249 0.0279 0.0258 6.4099 "" "" 2172734864547721984 1919.17236 0.5025 0.0328 -3.253 -3.715 0.039 0.031 0.967 8959.8 4.1075 15.970154 1.695059 16.774595 15.079536 "" "" 1795.13098 2037.99219 7706.99821 2.8688 2664.3 8.7087 7367.9 10.55 "" "" 0.0027848023533806015 0.004514397 0.004086645 0.0086010415 321.41718072581 52.62746765249 1919.17236 -3.2529999999999997 -3.715 0.98
321.50216586411 52.68924037601 0.03 0.0266 1.5828 "" "" 2172758641487021568 1758.9751 0.5325 0.0336 -3.247 -3.774 0.038 0.032 0.992 9117.9 3.9209 16.005556 2.136947 17.103523 14.966577 "" "" 1679.0979 1867.94434 7459.75667 3.1122 1967.9 6.6478 8175.8 11.111 "" "" 0.002792305329287466 0.004608406 0.0040572044 0.00866561 321.50216586411 52.68924037601 1758.9751 -3.246999999999999 -3.7739999999999996 0.89
321.56821467313 52.72455700328 0.0294 0.0291 1.6455 "" "" 2172759088163619968 1866.3938 0.5219 0.0361 -3.315 -3.883 0.042 0.035 0.957 9249.0 3.5864 16.085514 2.076037 17.12565 15.049613 "" "" 1731.31592 2017.94458 6930.12539 3.2437 1928.2 15.531 7573.8 11.852 "" "" 0.0028017929690180667 0.009179556 0.0041437238 0.013323279 321.56821467313 52.72455700328 1866.3938 -3.3150000000000004 -3.883000000000001 0.98
321.50052546857 52.72907152353 0.0318 0.0287 1.6268 "" "" 2172759844077853440 1865.14844 0.5129 0.0351 -3.421 -3.938 0.041 0.035 0.95 8462.2 4.1502 16.123951 1.964654 17.100616 15.135962 "" "" 1761.69299 2033.43872 6689.08102 3.0224 1973.2 5.7251 6994.8 9.349 "" "" 0.002798652904479976 0.0042081736 0.0040484047 0.008256579 321.50052546857 52.72907152353 1865.14844 -3.4210000000000003 -3.9379999999999997 0.94
321.5642426247 52.70416794205 0.0304 0.0303 1.251 "" "" 2172758778925981056 1838.33777 0.5082 0.0356 -3.329 -3.402 0.043 0.037 1.022 8134.2 3.2507 16.136702 2.005613 17.105244 15.09963 "" "" 1718.65527 1974.72778 6610.98859 2.7353 1964.8 15.097 7232.8 42.766 "" "" 0.0027917004701081614 0.008796731 0.0074496046 0.016246336 321.5642426247 52.70416794205 1838.33777 -3.3290000000000006 -3.402000000000001 0.93
321.50703262394 52.75360697035 0.0327 0.0309 2.8064 "" "" 2172760084596018688 1539.75891 0.6178 0.0372 -3.27 -3.717 0.044 0.038 1.034 "" "" 16.189194 2.175622 17.30724 15.131618 "" "" 1466.44153 1624.43372 6298.97108 2.6818 1631.3 8.7459 7022.8 9.7315 "" "" 0.002793826864440597 0.006455128 0.0040678326 0.010522961 321.50703262394 52.75360697035 1539.75891 -3.2699999999999996 -3.716999999999999 0.91
321.47035216714 52.77230931106 0.0366 0.0319 4.3823 "" "" 2172763108252988288 1809.21826 0.5396 0.0403 -3.084 -3.772 0.051 0.039 1.081 7989.7 3.9432 16.223036 1.868543 17.130934 15.262391 "" "" 1673.76514 1972.2981 6105.65401 2.7902 1918.9 6.949 6225.9 9.1096 "" "" 0.0027996375869469986 0.0048212344 0.00409969 0.008920925 321.47035216714 52.77230931106 1809.21826 -3.0839999999999996 -3.772 0.97
321.63335324293 52.72409194763 0.0342 0.0328 3.8339 "" "" 2172760359473950336 2081.02441 0.4548 0.0421 -3.169 -3.669 0.052 0.04 1.028 7977.8 3.6658 16.283232 1.947026 17.251759 15.304732 "" "" 1924.24963 2295.62256 5776.36075 2.4005 1716.8 7.023 5987.8 11.354 "" "" 0.0027920195727129536 0.0052451645 0.0043037455 0.00954891 321.63335324293 52.72409194763 2081.02441 -3.1690000000000005 -3.6689999999999996 0.97
321.78267989107 52.61208162548 0.0316 0.035 10.8584 "" "" 2172744038598285696 2047.31885 0.4758 0.0387 -2.796 -3.681 0.045 0.043 1.033 8485.7 4.07 16.285872 1.993014 17.279047 15.286033 "" "" 1890.60181 2262.5376 5762.33526 2.7019 1674.2 11.189 6091.8 12.371 "" "" 0.0028019569273217944 0.0077741393 0.0043755216 0.012149661 321.78267989107 52.61208162548 2047.31885 -2.796 -3.6809999999999996 0.96
321.51752186572 52.6516485491 0.0327 0.0316 3.4811 "" "" 2172758332249275904 1892.17468 0.5015 0.0385 -3.217 -3.869 0.044 0.037 1.013 9249.0 3.8098 16.311357 1.921798 17.260853 15.339055 "" "" 1781.28784 2021.16565 5628.64028 2.5889 1702.5 9.3304 5801.4 10.024 "" "" 0.002800209901987199 0.006571978 0.004219372 0.01079135 321.51752186572 52.6516485491 1892.17468 -3.216999999999999 -3.8689999999999998 0.98
321.55615018157 52.75701016468 0.0344 0.0333 3.0181 "" "" 2172759947157068928 1863.14124 0.5013 0.0391 -3.028 -3.769 0.047 0.04 0.991 9233.0 3.6645 16.327967 2.510994 17.68754 15.176546 "" "" 1732.50867 1989.26904 5543.19159 2.7184 1149.2 8.0832 6738.1 11.798 "" "" 0.00280629489142656 0.008130555 0.004230573 0.012361128 321.55615018157 52.75701016468 1863.14124 -3.0280000000000005 -3.7690000000000006 0.96
321.48288456691 52.566973751 0.0344 0.0334 8.7046 "" "" 2172722804279570560 2024.04016 0.4722 0.0389 -3.213 -3.74 0.048 0.039 0.968 8529.9 3.6587 16.35378 1.929535 17.309061 15.379526 "" "" 1890.10901 2209.30127 5412.95917 2.8692 1628.5 7.2491 5589.2 10.7 "" "" 0.002814781932322676 0.0055806227 0.004313242 0.009893864 321.48288456691 52.566973751 2024.04016 -3.213 -3.740000000000001 0.96
321.56321601784 52.69621025738 0.034 0.0338 1.4095 "" "" 2172758778925983360 2053.5459 0.4619 0.0399 -3.217 -3.775 0.047 0.04 1.008 9234.4 4.0332 16.37737 1.958665 17.354994 15.396329 "" "" 1908.51318 2230.94946 5296.61222 2.3854 1561.1 7.4986 5503.3 9.0908 "" "" 0.002798372153216257 0.005914703 0.004183348 0.010098051 321.56321601784 52.69621025738 2053.5459 -3.217 -3.775 0.98
321.58322575574 52.73186705801 0.0371 0.0354 2.3439 "" "" 2172759118223879680 1924.13245 0.4805 0.0421 -3.066 -3.848 0.052 0.043 1.058 8994.2 3.5489 16.385357 2.015292 17.38806 15.372767 "" "" 1809.9884 2119.13159 5257.79748 2.4827 1514.2 11.581 5624.1 14.583 "" "" 0.0028026109588747726 0.008760217 0.0047126855 0.013472902 321.58322575574 52.73186705801 1924.13245 -3.0660000000000003 -3.848 0.97
321.43263733695 52.76664433446 0.0354 0.0342 4.9636 "" "" 2172762764655600640 2002.57214 0.4814 0.0404 -3.263 -3.79 0.048 0.042 1.014 7992.3 4.0449 16.414646 1.880365 17.340847 15.460482 "" "" 1838.49817 2178.73901 5117.86241 2.2608 1581.5 7.597 5187.6 8.4019 "" "" 0.002796752640551149 0.005914951 0.0041684466 0.010083398 321.43263733695 52.76664433446 2002.57214 -3.263000000000001 -3.79 0.98
321.53574646441 52.7548877233 0.0375 0.0349 2.7528 "" "" 2172759981516806272 1920.2666 0.4951 0.0417 -3.162 -3.869 0.049 0.039 0.987 7953.9 2.5886 16.421139 2.7791 17.985596 15.206496 "" "" 1750.34937 2116.65601 5087.34451 2.8699 873.33 8.8468 6554.8 10.261 "" "" 0.0028225759467199836 0.011346863 0.004143968 0.015490831 321.53574646441 52.7548877233 1920.2666 -3.162 -3.8689999999999998 0.95
321.61521426168 52.68394224772 0.0337 0.0349 3.4204 "" "" 2172747096614949120 1897.18958 0.5072 0.0401 -3.276 -3.809 0.048 0.043 1.015 9066.9 4.3911 16.444965 1.821732 17.330212 15.50848 "" "" 1767.4364 2058.00269 4976.92184 2.4093 1597.1 6.8617 4963.3 7.8447 "" "" 0.002805003303129246 0.005435485 0.0041507296 0.009586215 321.61521426168 52.68394224772 1897.18958 -3.276 -3.809 0.98
321.56056307154 52.72733799448 0.044 0.0412 1.5382 "" "" 2172759156883094272 1728.96521 0.5529 0.0499 -3.248 -3.532 0.056 0.048 1.197 9237.2 3.5688 16.521595 2.131087 17.609806 15.478719 "" "" 1586.56958 1863.73169 4637.76161 3.1356 1234.5 7.4659 5101.2 10.087 "" "" 0.0028514287441648786 0.0071344427 0.004346602 0.011481045 321.56056307154 52.72733799448 1728.96521 -3.248 -3.532 0.91
