Clusters/NGC_2659/NGC_2659_stars_in_region.tsv
# %ECSV 1.0
# ---
# datatype:
# - name: RA_ICRS_1
#   unit: deg
#   datatype: float64
#   format: '{:15.11f}'
#   description: Right ascension (ICRS) at Ep=2016.0 (ra)
#   meta: !!omap
#   - {ucd: POS_EQ_RA_MAIN}
#   - {width: 15}
#   - {precision: '11'}
# - name: DE_ICRS_1
#   unit: deg
#   datatype: float64
#   format: '{:15.11f}'
#   description: Declination (ICRS) at Ep=2016.0 (dec)
#   meta: !!omap
#   - {ucd: POS_EQ_DEC_MAIN}
#   - {width: 15}
#   - {precision: '11'}
# - name: e_RA_ICRS
#   unit: mas
#   datatype: float64
#   format: '{:7.4f}'
#   description: Standard error of right ascension (ra_error)
#   meta: !!omap
#   - {ucd: ERROR}
#   - {width: 7}
#   - {precision: '4'}
# - name: e_DE_ICRS
#   unit: mas
#   datatype: float64
#   format: '{:7.4f}'
#   description: Standard error of declination (dec_error)
#   meta: !!omap
#   - {ucd: ERROR}
#   - {width: 7}
#   - {precision: '4'}
# - name: _r_1
#   unit: ''
#   datatype: float64
#   format: '{:7.4f}'
#   description: Distance from center (130.63300804000-44.99850584000)[ICRS], at Epoch=J2016.0
#   meta: !!omap
#   - {ucd: POS_ANG_DIST_GENERAL}
#   - {width: 7}
#   - {precision: '4'}
# - name: HIP
#   datatype: int32
#   description: '? HIP cross-id number, van Leeuwen, Cat. I/311 (hip_original_ext_source_id)'
#   meta: !!omap
#   - {ucd: ID_NUMBER}
#   - {width: 6}
#   - values: {'null': -2147483648}
# - name: TYC2
#   datatype: string
#   description: Tycho-2 cross-id name, Hog et al., Cat. I/259 (tyc2_original_ext_source_id)
#   meta: !!omap
#   - {ucd: ID_CROSSID}
#   - {_votable_string_dtype: char}
# - name: Source
#   datatype: int64
#   description: Source identifier, identical to the Gaia-EDR3 source_id (id)
#   meta: !!omap
#   - {ucd: ID_MAIN}
#   - {width: 19}
# - name: rgeo
#   unit: pc
#   datatype: float64
#   format: '{:15.8f}'
#   description: '? Median of the geometric distance posterior (r_med_geo)'
#   meta: !!omap
#   - {ucd: PHYS_DISTANCE_TRUE}
#   - {width: 15}
#   - {precision: '8'}
#   - values: {'null': .nan}
# - name: Plx
#   unit: mas
#   datatype: float64
#   format: '{:9.4f}'
#   description: '? Parallax (parallax)'
#   meta: !!omap
#   - {ucd: POS_PARLX_TRIG}
#   - {width: 9}
#   - {precision: '4'}
#   - values: {'null': .nan}
# - name: e_Plx
#   unit: mas
#   datatype: float32
#   format: '{:7.4f}'
#   description: '? Standard error of parallax (parallax_error)'
#   meta: !!omap
#   - {ucd: ERROR}
#   - {width: 7}
#   - {precision: '4'}
#   - values: {'null': .nan}
# - name: pmRA
#   unit: mas / yr
#   datatype: float64
#   format: '{:9.3f}'
#   description: '? Proper motion in right ascension direction, pmRA*cosDE (pmra)'
#   meta: !!omap
#   - {ucd: POS_EQ_PMRA}
#   - {width: 9}
#   - {precision: '3'}
#   - values: {'null': .nan}
# - name: pmDE
#   unit: mas / yr
#   datatype: float64
#   format: '{:9.3f}'
#   description: '? Proper motion in declination direction (pmdec)'
#   meta: !!omap
#   - {ucd: POS_EQ_PMDEC}
#   - {width: 9}
#   - {precision: '3'}
#   - values: {'null': .nan}
# - name: e_pmRA
#   unit: mas / yr
#   datatype: float32
#   format: '{:6.3f}'
#   description: '? Standard error of proper motion in right ascension direction (pmra_error)'
#   meta: !!omap
#   - {ucd: ERROR}
#   - {width: 6}
#   - {precision: '3'}
#   - values: {'null': .nan}
# - name: e_pmDE
[...]
#         value: !astropy.table.SerializedColumn {name: SkyCoord.dec}
#       distance: !astropy.table.SerializedColumn
#         __class__: astropy.coordinates.distances.Distance
#         unit: !astropy.units.Unit {unit: pc}
#         value: !astropy.table.SerializedColumn {name: SkyCoord.distance}
#       frame: icrs
#       obstime: !astropy.time.Time {format: jyear_str, in_subfmt: '*', jd1: 367701545.0, jd2: 0.0, out_subfmt: '*', precision: 3, scale: tt}
#       pm_dec: !astropy.table.SerializedColumn
#         __class__: astropy.units.quantity.Quantity
#         unit: !astropy.units.Unit {unit: mas / yr}
#         value: !astropy.table.SerializedColumn {name: SkyCoord.pm_dec}
#       pm_ra_cosdec: !astropy.table.SerializedColumn
#         __class__: astropy.units.quantity.Quantity
#         unit: !astropy.units.Unit {unit: mas / yr}
#         value: !astropy.table.SerializedColumn {name: SkyCoord.pm_ra_cosdec}
#       ra: !astropy.table.SerializedColumn
#         __class__: astropy.coordinates.angles.Longitude
#         unit: *id001
#         value: !astropy.table.SerializedColumn {name: SkyCoord.ra}
#         wrap_angle: !astropy.coordinates.Angle
#           unit: *id001
#           value: 360.0
#       representation_type: spherical
# schema: astropy-2.0
RA_ICRS_1 DE_ICRS_1 e_RA_ICRS e_DE_ICRS _r_1 HIP TYC2 Source rgeo Plx e_Plx pmRA pmDE e_pmRA e_pmDE RUWE Teff logg Gmag BP-RP BPmag RPmag RV e_RV b_rgeo B_rgeo FG e_FG FBP e_FBP FRP e_FRP RAVE5 RAVE6 e_Gmag e_BPmag e_RPmag e_BP-RP SkyCoord.ra SkyCoord.dec SkyCoord.distance SkyCoord.pm_ra_cosdec SkyCoord.pm_dec rmRA rmDE e_rmRA e_rmDE rRV e_rRV v_pec v_pec3d e_vpec e_vpec3d
[from data line 182]
130.64916016228 -44.99879846839 0.0148 0.0151 0.6855 "" "" 5522209949796383744 1990.69421 0.466 0.0171 -5.093 4.986 0.021 0.018 1.212 "" "" 13.997619 0.770719 14.296412 13.525694 "" "" 1929.11206 2041.64526 47413.21898 10.496 26113.0 18.431 30823.0 23.66 "" "" 0.0027657835681076503 0.0028934947 0.003870183 0.0067636776 130.64916016228 -44.99879846839 1990.69421 -5.093000000000002 4.985999999999999 0.20193618011474612 -0.0772128715515139 0.13874376 0.13574375 "" "" 2.0399873469965506 "" 0.2822622741882882 ""
130.88414901312 -44.79335036657 0.011 0.0125 16.293 "" "" 5522218711530155264 2002.11255 0.4661 0.0137 -2.987 1.634 0.014 0.016 1.12 4806.0 2.8174 14.014754 1.756481 14.865165 13.108684 39.15 1.65 1951.5498 2049.27222 46670.76137 9.3115 15465.0 15.59 45257.0 23.131 "" "" 0.0027638223053435646 0.002997166 0.003819904 0.00681707 130.88414901312 -44.79335036657 2002.11255 -2.987 1.634 2.307936180114746 -3.4292128715515138 0.13174376 0.13374375 15.094999999999999 2.4892306 39.22725552812316 42.031376390366624 5.222068628530998 4.954990605165849
130.47613762503 -44.84290720103 0.011 0.0117 11.4707 "" "" 5522400302743955584 1874.95532 0.4938 0.0134 -4.396 3.021 0.015 0.016 0.93 "" "" 14.035732 0.74291 14.323132 13.580221 "" "" 1832.45728 1919.41772 45777.70274 11.116 25478.0 18.377 29314.0 18.531 "" "" 0.002767904960160955 0.002897989 0.003841199 0.006739188 130.47613762503 -44.84290720103 1874.95532 -4.396 3.021 0.8989361801147462 -2.0422128715515138 0.13274375 0.13374375 "" "" 19.830245985678296 "" 2.6489629002725743 ""
130.90706176399 -44.80006582327 0.0106 0.0124 16.6561 "" "" 5522217234061404544 1960.68994 0.4747 0.0133 -4.032 5.131 0.013 0.016 0.949 9261.5 4.0489 14.03719 0.950526 14.422717 13.472191 "" "" 1912.64893 2017.93445 45716.30164 8.5247 23245.0 15.906 32380.0 21.06 "" "" 0.0027627482968795433 0.0028873887 0.003844788 0.006732177 130.90706176399 -44.80006582327 1960.68994 -4.032 5.131 1.262936180114746 0.06778712844848656 0.13074376 0.13374375 "" "" 11.754207475363051 "" 1.5368917001144482 ""
130.70120128319 -44.68162163272 0.0115 0.0145 19.2331 "" "" 5522408823959167104 2162.07202 0.4296 0.0148 -3.733 3.679 0.015 0.017 0.973 8889.0 3.5705 14.039858 1.175719 14.537673 13.361954 "" "" 2088.52124 2236.26245 45604.08951 7.852 20910.0 19.298 35841.0 26.899 "" "" 0.00276165452970672 0.0029646452 0.0038662276 0.006830873 130.70120128319 -44.68162163272 2162.07202 -3.7329999999999983 3.6789999999999994 1.561936180114746 -1.3842128715515138 0.13274375 0.13474375 "" "" 21.388334858199237 "" 2.8580638375302048 ""
130.84072589293 -44.85691552736 0.011 0.0131 12.2488 "" "" 5522215206836440576 1858.25842 0.503 0.0138 -4.441 3.114 0.014 0.016 0.959 7487.7 4.0593 14.04211 0.847828 14.376366 13.528538 "" "" 1814.03674 1896.22681 45509.61125 8.093 24259.0 19.627 30743.0 15.415 "" "" 0.0027620767852069746 0.0029251804 0.0038183902 0.006743571 130.84072589293 -44.85691552736 1858.25842 -4.441 3.114 0.8539361801147463 -1.9492128715515138 0.13174376 0.13374375 "" "" 18.74425766090474 "" 2.500928816369204 ""
130.70009426831 -44.92148005717 0.0108 0.0131 5.4287 "" "" 5522211839581995392 2032.74646 0.4591 0.0136 -4.454 2.871 0.014 0.015 1.001 "" "" 14.045163 0.852376 14.382365 13.529989 "" "" 1966.82922 2095.43042 45381.79254 7.6802 24125.0 15.959 30702.0 18.096 "" "" 0.00276144012699478 0.0028811283 0.003833178 0.0067143063 130.70009426831 -44.92148005717 2032.74646 -4.453999999999999 2.871000000000001 0.8409361801147464 -2.1922128715515137 0.13174376 0.13274375 "" "" 22.6232193544167 "" 3.0001984771540156 ""
130.16328462007 -45.06659140083 0.0117 0.0114 20.3319 "" "" 5522300418989180032 1516.16858 0.6262 0.0136 -4.569 6.21 0.015 0.015 0.931 "" "" 14.046223 0.660632 14.297809 13.637177 "" "" 1487.29614 1550.36426 45337.50601 13.127 26079.0 18.437 27816.0 17.958 "" "" 0.002773195599932862 0.0028938258 0.003843834 0.0067376597 130.16328462007 -45.06659140083 1516.16858 -4.569000000000001 6.209999999999997 0.7259361801147461 1.1467871284484863 0.13274375 0.13274375 "" "" 9.754003641885701 "" 1.2947829823336725 ""
130.70811926113 -44.95216764468 0.0123 0.0142 4.2301 "" "" 5522211530344788224 2019.16187 0.4636 0.0152 -4.229 3.038 0.016 0.017 1.123 "" "" 14.04737 0.88586 14.384189 13.498328 "" "" 1962.41394 2090.94995 45289.61447 10.343 24085.0 20.181 31610.0 21.01 "" "" 0.0027664545729595433 0.0029347378 0.0038476621 0.0067824 130.70811926113 -44.95216764468 2019.16187 -4.229 3.038 1.065936180114746 -2.025212871551514 0.13374375 0.13474375 "" "" 21.903831147008308 "" 2.9466665545874786 ""
130.66755487505 -44.67619178117 0.0111 0.0129 19.3946 "" "" 5522408617800740352 1816.10864 0.511 0.0142 -4.273 3.072 0.014 0.016 0.962 "" "" 14.054353 1.021672 14.471238 13.449566 "" "" 1770.72778 1862.28625 44999.27362 7.6391 22229.0 15.256 33062.0 18.516 "" "" 0.002761478132243187 0.0028879577 0.0038279833 0.0067159412 130.66755487505 -44.67619178117 1816.10864 -4.273000000000001 3.072 1.0219361801147464 -1.9912128715515136 0.13174376 0.13374375 "" "" 19.26672585704362 "" 2.568818269019457 ""
130.8618594182 -44.96130767704 0.0115 0.0129 9.9659 "" "" 5522213660648285568 2152.76245 0.4276 0.0143 -4.712 4.006 0.015 0.016 0.968 "" "" 14.073876 2.094806 15.147513 13.052708 30.32 1.62 2091.73682 2216.49316 44197.35537 10.068 11924.0 14.898 47651.0 19.783 "" "" 0.0027663983735911712 0.0031024555 0.0038061675 0.006908623 130.8618594182 -44.96130767704 2152.76245 -4.712 4.006 0.5829361801147463 -1.0572128715515134 0.13274375 0.13374375 6.265000000000001 2.459231 12.319150643322768 13.82069815793977 1.6447454526781613 1.8417521515518736
130.23375149665 -44.91551973222 0.0108 0.0111 17.6678 "" "" 5522308046851068160 2169.36963 0.427 0.0127 -6.064 6.28 0.015 0.015 1.006 "" "" 14.089595 0.762241 14.384807 13.622565 "" "" 2113.18555 2233.00732 43562.09944 11.775 24071.0 21.802 28192.0 24.553 "" "" 0.0027709058231559142 0.0029583962 0.0038958783 0.0068542743 130.23375149665 -44.91551973222 2169.36963 -6.064000000000003 6.279999999999999 -0.769063819885254 1.2167871284484866 0.13274375 0.13274375 "" "" 14.80164299228224 "" 1.9648255383755866 ""
130.13267389366 -45.0448447959 0.0118 0.0116 21.4007 "" "" 5522301209263113216 1895.48828 0.4934 0.0137 0.328 -4.23 0.015 0.016 1.033 5089.1 3.2705 14.092325 1.654915 14.878431 13.223516 36.72 2.15 1849.06262 1938.24475 43452.70456 8.2441 15277.0 13.417 40715.0 15.884 "" "" 0.0027630096239148498 0.0029486096 0.0038030439 0.0067516537 130.13267389366 -45.0448447959 1895.48828 0.3279999999999992 -4.23 5.622936180114746 -9.293212871551514 0.13274375 0.13374375 12.665 2.9892309 97.59012641309624 98.40851080228836 13.025988074603642 12.923388765929793
130.41548103986 -44.89557386411 0.0112 0.0129 11.1118 "" "" 5522305916547464192 1852.35596 0.5082 0.0141 -5.892 2.865 0.015 0.016 0.987 9382.0 4.0632 14.092984 0.89611 14.451227 13.555118 "" "" 1811.93274 1894.92175 43426.32131 7.4847 22643.0 23.911 29999.0 20.596 "" "" 0.0027616675041725273 0.0030165536 0.0038521911 0.0068687447 130.41548103986 -44.89557386411 1852.35596 -5.8919999999999995 2.865000000000001 -0.5970638198852543 -2.1982128715515135 0.13274375 0.13374375 "" "" 19.999951018738887 "" 2.673499094827956 ""
130.84963315206 -44.93083810907 0.012 0.0128 10.0527 "" "" 5522213969885903488 2016.13611 0.4613 0.0142 -4.326 3.072 0.016 0.016 0.988 7489.1 3.9254 14.101706 0.843681 14.431389 13.587708 "" "" 1957.83728 2080.95532 43078.90252 8.3295 23060.0 22.308 29112.0 31.515 "" "" 0.0027633061429369224 0.0029813154 0.003957927 0.0069392426 130.84963315206 -44.93083810907 2016.13611 -4.3260000000000005 3.072 0.9689361801147465 -1.9912128715515136 0.13374375 0.13374375 "" "" 21.162309408619294 "" 2.830326578100576 ""
130.74693050334 -44.9258977438 0.0111 0.0128 6.5093 "" "" 5522211977020992768 1902.33777 0.4908 0.0138 -4.402 3.039 0.014 0.016 0.961 9290.9 3.8809 14.105851 1.05231 14.54056 13.48825 "" "" 1861.53979 1947.97241 42914.72726 7.409 20854.0 22.028 31905.0 19.766 "" "" 0.002761688908310258 0.0030166758 0.0038387727 0.0068554487 130.74693050334 -44.9258977438 1902.33777 -4.402000000000003 3.0390000000000015 0.892936180114746 -2.0242128715515135 0.13174376 0.13374375 "" "" 19.949510325794506 "" 2.66166373734875 ""
130.86452137635 -44.8522386078 0.0414 0.0449 13.1813 "" "" 5522215516074102144 1778.51917 0.5242 0.0497 -4.161 6.334 0.055 0.057 4.15 9219.3 4.1371 14.109648 0.972652 14.4968 13.524149 "" "" 1600.48438 1966.92578 42764.92775 15.683 21712.0 21.244 30867.0 18.707 "" "" 0.002783940852249397 0.0029855652 0.0038362362 0.0068218014 130.86452137635 -44.8522386078 1778.51917 -4.160999999999998 6.334 1.1339361801147465 1.270787128448486 0.17274375 0.17474376 "" "" 14.357840920788044 "" 2.4962548654073413 ""
130.3889366029 -44.94214481259 0.011 0.012 10.8984 "" "" 5522305779108513152 1722.51465 0.5447 0.0136 -4.777 3.689 0.014 0.016 0.982 8522.9 4.2794 14.116398 0.658301 14.366291 13.70799 "" "" 1680.69336 1769.59741 42499.87733 9.1964 24485.0 14.008 26059.0 14.015 "" "" 0.0027653183484004987 0.0028584755 0.0038242254 0.006682701 130.3889366029 -44.94214481259 1722.51465 -4.776999999999998 3.6889999999999965 0.517936180114746 -1.3742128715515136 0.13174376 0.13374375 "" "" 11.990520567073318 "" 1.60069392303374 ""
130.22116549575 -45.19229561522 0.0111 0.0128 20.9639 "" "" 5522295849144117760 1670.25671 0.5651 0.0143 -6.955 4.873 0.016 0.018 0.966 "" "" 14.124141 1.372934 14.736877 13.363943 52.2 5.53 1635.67102 1711.60803 42197.86875 7.6941 17405.0 18.95 35775.0 23.108 "" "" 0.0027624228718938788 0.0030302545 0.0038438987 0.0068741534 130.22116549575 -45.19229561522 1670.25671 -6.954999999999997 4.8729999999999976 -1.660063819885254 -0.19021287155151345 0.13374375 0.13574375 28.145000000000003 6.369231 13.228747149944315 31.098887056567797 1.7696076145692594 5.81320089629432
130.23135852176 -45.05411227204 0.0121 0.012 17.3564 "" "" 5522306088346072832 1526.64148 0.6261 0.0144 -1.445 -3.38 0.015 0.016 1.029 "" "" 14.129462 1.407817 14.765793 13.357976 35.65 3.21 1499.51367 1563.52222 41991.53713 7.4401 16947.0 15.93 35972.0 16.71 "" "" 0.00276202756997421 0.0029709649 0.003812886 0.006783851 130.23135852176 -45.05411227204 1526.64148 -1.4450000000000003 -3.38 3.849936180114746 -8.443212871551513 0.13274375 0.13374375 11.594999999999999 4.0492306 67.14935135470094 68.14308044370372 8.969283371045469 8.865299446991042
130.77225063288 -44.91464829127 0.0125 0.0154 7.7632 "" "" 5522209125162723712 1974.50488 0.472 0.0162 -4.288 2.964 0.016 0.02 1.064 "" "" 14.130119 1.133319 14.346919 13.2136 "" "" 1928.36816 2038.20178 41966.14148 22.761 24926.0 564.77 41088.0 1339.0 "" "" 0.0028175437452365956 0.02475819 0.035583884 0.060342073 130.77225063288 -44.91464829127 1974.50488 -4.287999999999999 2.9639999999999977 1.0069361801147458 -2.0992128715515137 0.13374375 0.13774376 "" "" 21.790181135542316 "" 2.9853515276861122 ""
130.3521474143 -45.27488875468 0.0123 0.0128 20.4036 "" "" 5522106630068682368 1812.95618 0.5224 0.015 -3.943 2.515 0.016 0.017 0.908 6099.4 3.4498 14.136498 1.307249 14.711157 13.403908 16.41 6.02 1761.18726 1867.25061 41720.29733 7.1265 17822.0 11.325 34482.0 20.747 "" "" 0.002761554866765041 0.002874205 0.003835424 0.0067096287 130.3521474143 -45.27488875468 1812.95618 -3.9429999999999996 2.5150000000000006 1.351936180114746 -2.5482128715515135 0.13374375 0.13474375 -7.645 6.859231 24.78885964383947 25.940963502575865 3.3347148251600753 3.7737018896335273
130.71682114574 -44.91961292318 0.0115 0.0135 5.9219 "" "" 5522211839582009984 1865.61011 0.4997 0.0143 -4.565 2.908 0.015 0.016 0.964 "" "" 14.136728 1.04769 14.570963 13.523272 "" "" 1822.83716 1924.48962 41711.45961 8.0748 20278.0 20.924 30892.0 19.466 "" "" 0.0027633253388184825 0.0030066886 0.0038408067 0.006847495 130.71682114574 -44.91961292318 1865.61011 -4.565000000000003 2.9079999999999995 0.7299361801147457 -2.1552128715515138 0.13274375 0.13374375 "" "" 20.12193490063736 "" 2.689119326662144 ""
130.61592355419 -44.92828411083 0.0116 0.013 4.2753 "" "" 5522211083667694208 1846.75342 0.5082 0.0144 -4.198 2.73 0.016 0.015 1.015 9334.4 3.8127 14.136737 0.905666 14.497107 13.59144 "" "" 1798.0498 1894.90881 41711.12018 6.5229 21706.0 15.677 29012.0 16.648 "" "" 0.0027605467195369673 0.0028982689 0.0038303907 0.0067286594 130.61592355419 -44.92828411083 1846.75342 -4.198000000000001 2.7299999999999995 1.0969361801147457 -2.3332128715515137 0.13374375 0.13274375 "" "" 22.568621618104544 "" 2.999941347883692 ""
130.71996085487 -44.92416735579 0.0115 0.0136 5.7898 "" "" 5522211633423584896 1901.31604 0.4879 0.0143 -4.169 2.647 0.015 0.016 0.985 "" "" 14.13948 0.873752 14.485188 13.611437 "" "" 1838.32092 1959.44714 41605.88789 7.8476 21945.0 19.273 28483.0 25.568 "" "" 0.0027629201739226973 0.0029486069 0.003903026 0.006851633 130.71996085487 -44.92416735579 1901.31604 -4.169 2.6470000000000002 1.1259361801147465 -2.416212871551514 0.13274375 0.13374375 "" "" 24.02368698814493 "" 3.208745103543831 ""
130.96631667146 -44.77918428022 0.0113 0.0136 19.3368 "" "" 5522217130982178432 1649.73669 0.5732 0.0142 -4.446 6.481 0.014 0.017 1.026 5224.2 3.1479 14.149072 1.700986 14.962715 13.261729 11.02 1.95 1609.14685 1689.70715 41239.95074 8.94 14136.0 15.391 39307.0 17.723 "" "" 0.0027653546868410717 0.00303026 0.0038109554 0.0068412153 130.96631667146 -44.77918428022 1649.73669 -4.445999999999999 6.481 0.8489361801147464 1.4177871284484862 0.13174376 0.13474375 -13.035 2.7892308 12.922274255663753 18.354737724592805 1.7310490461999153 2.325713190195671
130.95428085534 -45.25359240041 0.0172 0.0306 20.4748 "" "" 5522189505752445312 1523.12244 0.6238 0.0218 -5.015 4.687 0.024 0.034 1.202 "" "" 14.152181 "" "" "" "" "" 1474.63977 1575.69116 41122.01716 102.85 "" "" "" "" "" "" 0.0038685757119801567 "" "" "" 130.95428085534 -45.25359240041 1523.12244 -5.014999999999997 4.686999999999999 0.2799361801147464 -0.3762128715515134 0.14174375 0.15174375 "" "" 3.3855260335202786 "" 0.5019296335102597 ""
130.7675230674 -45.09031088931 0.0114 0.0137 7.9285 "" "" 5522205513082895616 1583.78357 0.5972 0.0143 -5.544 4.401 0.016 0.017 1.025 7911.8 4.0028 14.161373 0.893735 14.517868 13.624133 "" "" 1548.01038 1620.54541 40775.32109 7.9617 21295.0 20.275 28152.0 27.069 "" "" 0.0027634639044272578 0.002975508 0.003920918 0.006896426 130.7675230674 -45.09031088931 1583.78357 -5.544000000000001 4.401 -0.2490638198852535 -0.6622128715515139 0.13374375 0.13474375 "" "" 5.311310249442707 "" 0.7150097860604304 ""
130.59126312782 -44.94959618612 0.0119 0.013 3.428 "" "" 5522211152387164800 1738.48096 0.5402 0.0151 -4.205 3.121 0.016 0.015 1.02 "" "" 14.166211 0.782986 14.473095 13.690109 "" "" 1688.16101 1788.51489 40594.03642 8.3327 22191.0 19.923 26492.0 11.671 "" "" 0.002764319006324235 0.0029555412 0.0038095296 0.006765071 130.59126312782 -44.94959618612 1738.48096 -4.204999999999997 3.120999999999997 1.089936180114746 -1.9422128715515137 0.13374375 0.13274375 "" "" 18.35252230086481 "" 2.440590582606393 ""
130.73280935866 -44.96281159844 0.0136 0.0161 4.7463 "" "" 5522208609767027456 1913.573 0.4875 0.017 -4.485 3.061 0.018 0.02 1.228 9530.6 3.8795 14.170252 1.071844 14.614819 13.542974 "" "" 1860.81458 1977.43054 40443.23465 7.0003 19476.0 15.879 30337.0 14.14 "" "" 0.002761721730744868 0.0029272255 0.003813112 0.0067403372 130.73280935866 -44.96281159844 1913.573 -4.485000000000001 3.060999999999999 0.8099361801147458 -2.0022128715515137 0.13574375 0.13774376 "" "" 19.59035732576364 "" 2.6929740352916043 ""
