Clusters/NGC_2659/NGC_2659_stars_in_region.tsv
# %ECSV 1.0
# ---
# datatype:
# - name: RA_ICRS_1
#   unit: deg
#   datatype: float64
#   format: '{:15.11f}'
#   description: Right ascension (ICRS) at Ep=2016.0 (ra)
#   meta: !!omap
#   - {ucd: POS_EQ_RA_MAIN}
#   - {width: 15}
#   - {precision: '11'}
# - name: DE_ICRS_1
#   unit: deg
#   datatype: float64
#   format: '{:15.11f}'
#   description: Declination (ICRS) at Ep=2016.0 (dec)
#   meta: !!omap
#   - {ucd: POS_EQ_DEC_MAIN}
#   - {width: 15}
#   - {precision: '11'}
# - name: e_RA_ICRS
#   unit: mas
#   datatype: float64
#   format: '{:7.4f}'
#   description: Standard error of right ascension (ra_error)
#   meta: !!omap
#   - {ucd: ERROR}
#   - {width: 7}
#   - {precision: '4'}
# - name: e_DE_ICRS
#   unit: mas
#   datatype: float64
#   format: '{:7.4f}'
#   description: Standard error of declination (dec_error)
#   meta: !!omap
#   - {ucd: ERROR}
#   - {width: 7}
#   - {precision: '4'}
# - name: _r_1
#   unit: ''
#   datatype: float64
#   format: '{:7.4f}'
#   description: Distance from center (130.63300804000-44.99850584000)[ICRS], at Epoch=J2016.0
#   meta: !!omap
#   - {ucd: POS_ANG_DIST_GENERAL}
#   - {width: 7}
#   - {precision: '4'}
# - name: HIP
#   datatype: int32
#   description: '? HIP cross-id number, van Leeuwen, Cat. I/311 (hip_original_ext_source_id)'
#   meta: !!omap
#   - {ucd: ID_NUMBER}
#   - {width: 6}
#   - values: {'null': -2147483648}
# - name: TYC2
#   datatype: string
#   description: Tycho-2 cross-id name, Hog et al., Cat. I/259 (tyc2_original_ext_source_id)
#   meta: !!omap
#   - {ucd: ID_CROSSID}
#   - {_votable_string_dtype: char}
# - name: Source
#   datatype: int64
#   description: Source identifier, identical to the Gaia-EDR3 source_id (id)
#   meta: !!omap
#   - {ucd: ID_MAIN}
#   - {width: 19}
# - name: rgeo
#   unit: pc
#   datatype: float64
#   format: '{:15.8f}'
#   description: '? Median of the geometric distance posterior (r_med_geo)'
#   meta: !!omap
#   - {ucd: PHYS_DISTANCE_TRUE}
#   - {width: 15}
#   - {precision: '8'}
#   - values: {'null': .nan}
# - name: Plx
#   unit: mas
#   datatype: float64
#   format: '{:9.4f}'
#   description: '? Parallax (parallax)'
#   meta: !!omap
#   - {ucd: POS_PARLX_TRIG}
#   - {width: 9}
#   - {precision: '4'}
#   - values: {'null': .nan}
# - name: e_Plx
#   unit: mas
#   datatype: float32
#   format: '{:7.4f}'
#   description: '? Standard error of parallax (parallax_error)'
#   meta: !!omap
#   - {ucd: ERROR}
#   - {width: 7}
#   - {precision: '4'}
#   - values: {'null': .nan}
# - name: pmRA
#   unit: mas / yr
#   datatype: float64
#   format: '{:9.3f}'
#   description: '? Proper motion in right ascension direction, pmRA*cosDE (pmra)'
#   meta: !!omap
#   - {ucd: POS_EQ_PMRA}
#   - {width: 9}
#   - {precision: '3'}
#   - values: {'null': .nan}
# - name: pmDE
#   unit: mas / yr
#   datatype: float64
#   format: '{:9.3f}'
#   description: '? Proper motion in declination direction (pmdec)'
#   meta: !!omap
#   - {ucd: POS_EQ_PMDEC}
#   - {width: 9}
#   - {precision: '3'}
#   - values: {'null': .nan}
# - name: e_pmRA
#   unit: mas / yr
#   datatype: float32
#   format: '{:6.3f}'
#   description: '? Standard error of proper motion in right ascension direction (pmra_error)'
#   meta: !!omap
#   - {ucd: ERROR}
#   - {width: 6}
#   - {precision: '3'}
#   - values: {'null': .nan}
# - name: e_pmDE
[...]
#         value: !astropy.table.SerializedColumn {name: SkyCoord.dec}
#       distance: !astropy.table.SerializedColumn
#         __class__: astropy.coordinates.distances.Distance
#         unit: !astropy.units.Unit {unit: pc}
#         value: !astropy.table.SerializedColumn {name: SkyCoord.distance}
#       frame: icrs
#       obstime: !astropy.time.Time {format: jyear_str, in_subfmt: '*', jd1: 367701545.0, jd2: 0.0, out_subfmt: '*', precision: 3, scale: tt}
#       pm_dec: !astropy.table.SerializedColumn
#         __class__: astropy.units.quantity.Quantity
#         unit: !astropy.units.Unit {unit: mas / yr}
#         value: !astropy.table.SerializedColumn {name: SkyCoord.pm_dec}
#       pm_ra_cosdec: !astropy.table.SerializedColumn
#         __class__: astropy.units.quantity.Quantity
#         unit: !astropy.units.Unit {unit: mas / yr}
#         value: !astropy.table.SerializedColumn {name: SkyCoord.pm_ra_cosdec}
#       ra: !astropy.table.SerializedColumn
#         __class__: astropy.coordinates.angles.Longitude
#         unit: *id001
#         value: !astropy.table.SerializedColumn {name: SkyCoord.ra}
#         wrap_angle: !astropy.coordinates.Angle
#           unit: *id001
#           value: 360.0
#       representation_type: spherical
# schema: astropy-2.0
RA_ICRS_1 DE_ICRS_1 e_RA_ICRS e_DE_ICRS _r_1 HIP TYC2 Source rgeo Plx e_Plx pmRA pmDE e_pmRA e_pmDE RUWE Teff logg Gmag BP-RP BPmag RPmag RV e_RV b_rgeo B_rgeo FG e_FG FBP e_FBP FRP e_FRP RAVE5 RAVE6 e_Gmag e_BPmag e_RPmag e_BP-RP SkyCoord.ra SkyCoord.dec SkyCoord.distance SkyCoord.pm_ra_cosdec SkyCoord.pm_dec rmRA rmDE e_rmRA e_rmDE rRV e_rRV v_pec v_pec3d e_vpec e_vpec3d
[from data line 903]
130.72942928262 -44.97537866347 0.0278 0.0323 4.3206 "" "" 5522208575406905856 1919.42969 0.4944 0.0345 -4.436 3.008 0.036 0.039 0.942 7329.6 4.3124 16.211103 1.336456 16.797815 15.461359 "" "" 1815.19946 2045.86072 6173.13206 2.6387 2607.9 8.2418 5183.4 9.0427 "" "" 0.002794132321226472 0.004422521 0.0042274604 0.008649982 130.72942928262 -44.97537866347 1919.42969 -4.435999999999997 3.0079999999999973 0.8589361801147462 -2.0552128715515137 0.15374374 0.15674375 "" "" 20.26583699813173 "" 3.1675768951595393 ""
130.24442436286 -45.01832697778 0.029 0.0305 16.5266 "" "" 5522306569382399104 1499.63586 0.644 0.0347 -4.841 2.594 0.036 0.037 1.002 "" "" 16.220846 1.227326 16.748695 15.521369 "" "" 1434.52588 1585.75574 6117.98071 2.7451 2728.6 11.238 4904.7 10.012 "" "" 0.002798055984065743 0.0052707894 0.004381302 0.009652091 130.24442436286 -45.01832697778 1499.63586 -4.841 2.5940000000000003 0.4539361801147459 -2.469212871551514 0.15374374 0.15474376 "" "" 17.84597304700726 "" 2.7609713837830983 ""
130.94817486834 -44.94251787633 0.0437 0.0501 13.7936 "" "" 5522202425013896064 1654.92847 0.5817 0.0549 -5.815 0.993 0.059 0.064 1.587 5231.7 4.3387 16.220888 1.375995 16.800592 15.424598 "" "" 1516.39954 1818.28027 6117.74742 4.5843 2601.2 10.37 5361.9 13.297 "" "" 0.0028729285843263055 0.005149782 0.0046404097 0.009790191 130.94817486834 -44.94251787633 1654.92847 -5.8149999999999995 0.9930000000000001 -0.5200638198852543 -4.070212871551513 0.17674375 0.18174376 "" "" 32.18779333414578 "" 5.847380179169859 ""
130.67531326656 -45.0353894468 0.0299 0.0309 2.849 "" "" 5522206750033607936 1880.6377 0.5071 0.0366 -5.566 3.53 0.041 0.036 1.024 6106.4 4.3821 16.221085 1.275536 16.773685 15.49815 "" "" 1776.98364 2005.32043 6116.6422 2.67 2666.5 12.625 5010.7 8.1142 "" "" 0.0027957839003923393 0.0058490047 0.004168338 0.010017343 130.67531326656 -45.0353894468 1880.6377 -5.566 3.53 -0.27106381988525374 -1.5332128715515139 0.15874375 0.15374374 "" "" 13.879354006475468 "" 2.1360003312948903 ""
130.96604842953 -44.76879333359 0.0277 0.0316 19.7591 "" "" 5522217715097728768 1642.53735 0.5798 0.0343 -3.832 2.361 0.035 0.039 0.98 7100.0 4.3416 16.226006 1.395913 16.853245 15.457332 "" "" 1548.85266 1743.12195 6088.97812 2.663 2478.1 9.2152 5202.7 6.7477 "" "" 0.002795937471280852 0.004907778 0.0040331916 0.00894097 130.96604842953 -44.76879333359 1642.53735 -3.831999999999998 2.3609999999999993 1.4629361801147462 -2.7022128715515135 0.15274376 0.15674375 "" "" 23.923721424259515 "" 3.728418633894248 ""
130.64529496758 -44.98328060205 0.0301 0.0328 1.0518 "" "" 5522210155954803072 1912.547 0.5006 0.0386 -4.347 3.054 0.039 0.037 0.96 7152.5 4.3543 16.228313 1.204388 16.747465 15.543077 "" "" 1781.01245 2071.16357 6076.05014 2.8017 2731.7 10.352 4807.6 11.053 "" "" 0.00280043366551822 0.004971322 0.00452931 0.009500632 130.64529496758 -44.98328060205 1912.547 -4.347 3.054 0.9479361801147457 -2.009212871551514 0.15674375 0.15474376 "" "" 20.139880453655337 "" 3.123892991220232 ""
130.45223723084 -44.89224370244 0.0284 0.0293 9.9791 "" "" 5522399718628406656 2078.12524 0.4682 0.0341 -6.97 9.227 0.037 0.036 1.042 6008.7 4.3502 16.228933 1.216511 16.755085 15.538574 "" "" 1927.15344 2233.27417 6072.57832 2.6875 2712.6 8.6245 4827.6 9.1453 "" "" 0.002796904769815047 0.004438631 0.0043028053 0.0087414365 130.45223723084 -44.89224370244 2078.12524 -6.969999999999999 9.227 -1.6750638198852537 4.163787128448487 0.15474376 0.15374374 "" "" 44.2091053310631 "" 6.803048856715523 ""
130.56346358024 -45.15360749841 0.0286 0.0336 9.7615 "" "" 5522112161986285440 2105.44116 0.448 0.0359 -5.17 5.121 0.04 0.038 0.988 6716.0 4.3552 16.229906 1.197555 16.745876 15.548321 "" "" 1958.69556 2367.00269 6067.13893 2.6764 2735.7 10.261 4784.4 13.594 "" "" 0.0027966379418345763 0.004936509 0.004878572 0.009815081 130.56346358024 -45.15360749841 2105.44116 -5.17 5.120999999999999 0.12493618011474616 0.05778712844848677 0.15774375 0.15574375 "" "" 1.3737501019350882 "" 0.21621882576292664 ""
130.52996414386 -44.82747905078 0.0268 0.0279 11.1567 "" "" 5522400401519436800 1642.9657 0.5878 0.0318 -3.975 2.283 0.035 0.034 1.021 5200.1 4.2852 16.23556 1.390311 16.858461 15.46815 "" "" 1560.66309 1729.1936 6035.63721 2.3213 2466.2 11.439 5151.1 9.8601 "" "" 0.0027867824923817016 0.0057572694 0.00431312 0.010070389 130.52996414386 -44.82747905078 1642.9657 -3.9750000000000005 2.2829999999999995 1.319936180114746 -2.7802128715515138 0.15274376 0.15174375 "" "" 23.967539124109397 "" 3.641344780978177 ""
130.6565530712 -45.03178680401 0.0583 0.0346 2.2327 "" "" 5522206823050702336 2155.28833 0.4373 0.0526 -5.129 4.955 0.079 0.041 0.972 "" "" 16.23637 "" "" "" "" "" 1942.95398 2440.42603 6031.12933 3.8084 "" "" "" "" "" "" 0.0028393363799586366 "" "" "" 130.6565530712 -45.03178680401 2155.28833 -5.128999999999999 4.955 0.16593618011474653 -0.1082128715515136 0.19674376 0.15874375 "" "" 2.023834562738593 "" 0.37687571018671073 ""
130.62913590634 -45.17858044774 0.0284 0.0317 10.8057 "" "" 5522111195602664704 1959.85925 0.4824 0.0355 -3.152 4.152 0.038 0.036 1.049 7032.8 4.4488 16.236753 1.29349 16.806553 15.513063 "" "" 1833.5531 2080.27686 6029.00367 2.5909 2587.0 9.7619 4942.3 9.0544 "" "" 0.002794546402493025 0.0049568303 0.0042708563 0.009227687 130.62913590634 -45.17858044774 1959.85925 -3.1519999999999997 4.151999999999999 2.142936180114746 -0.9112128715515135 0.15574375 0.15374374 "" "" 21.63228415687381 "" 3.362504277046623 ""
130.60125029426 -44.97529208515 0.0291 0.0316 1.9381 "" "" 5522210843149535232 2033.20239 0.4684 0.0366 -5.286 5.163 0.038 0.036 1.005 5940.9 4.4343 16.237083 1.152959 16.730854 15.577895 "" "" 1866.56555 2191.21655 6027.17216 2.4803 2773.8 9.8114 4655.9 8.003 "" "" 0.002791311746027346 0.004746996 0.0042150533 0.008962049 130.60125029426 -44.97529208515 2033.20239 -5.286 5.163 0.008936180114746506 0.09978712844848658 0.15574375 0.15374374 "" "" 0.9655348970479347 "" 0.14846041236211996 ""
130.83381536221 -44.72381711999 0.028 0.0328 18.5625 "" "" 5522221357229978880 1577.78821 0.6141 0.0341 -5.507 2.611 0.037 0.038 0.983 5946.6 4.496 16.237532 1.237105 16.772123 15.535018 "" "" 1505.70544 1662.30896 6024.68593 2.7184 2670.3 10.518 4843.4 14.551 "" "" 0.002798532968966131 0.005106295 0.004992347 0.010098642 130.83381536221 -44.72381711999 1577.78821 -5.507 2.611 -0.21206381988525358 -2.4522128715515135 0.15474376 0.15574375 "" "" 18.4078521694972 "" 2.8667716837902617 ""
130.43234920812 -44.96472925973 0.0301 0.0313 8.7538 "" "" 5522305538590392320 2144.68848 0.448 0.0354 -4.854 5.973 0.04 0.038 1.04 5961.1 4.397 16.238186 1.176498 16.732754 15.556255 "" "" 1997.29309 2344.85254 6021.05094 2.616 2769.0 11.395 4749.6 9.9716 "" "" 0.002795409584590772 0.005267666 0.0044135777 0.009681243 130.43234920812 -44.96472925973 2144.68848 -4.854 5.972999999999999 0.440936180114746 0.9097871284484862 0.15774375 0.15574375 "" "" 10.277729573292657 "" 1.6046223458851456 ""
130.68427962018 -45.00074594373 0.0297 0.0332 2.1794 "" "" 5522206960499177216 1870.94116 0.5048 0.0366 -5.299 5.056 0.037 0.039 0.935 7142.1 4.3478 16.240753 1.214386 16.771276 15.55689 "" "" 1748.44714 2021.93518 6006.83063 2.7855 2672.4 7.6534 4746.8 7.5286 "" "" 0.0028009429429260518 0.0041777324 0.0041532004 0.008330933 130.68427962018 -45.00074594373 1870.94116 -5.299000000000003 5.055999999999997 -0.004063819885254283 -0.007212871551513622 0.15474376 0.15674375 "" "" 0.07341942692008484 "" 0.011472827776651477 ""
130.33121473655 -44.77548220871 0.027 0.0306 18.5378 "" "" 5522415902065098368 1606.70898 0.5934 0.0339 1.171 -2.377 0.036 0.041 0.924 5757.8 4.4698 16.24107 1.276286 16.799877 15.523591 "" "" 1502.02844 1693.5896 6005.07644 2.3988 2602.9 8.746 4894.7 9.4606 "" "" 0.0027892461479459667 0.00459285 0.0043229144 0.008915764 130.33121473655 -44.77548220871 1606.70898 1.171000000000001 -2.377 6.465936180114746 -7.4402128715515135 0.15374374 0.15874375 "" "" 75.0707422251569 "" 11.75697232453999 ""
130.92159124869 -45.27374242876 0.0348 0.0388 20.5404 "" "" 5522187993915576704 1457.11157 0.6726 0.0424 2.626 -2.42 0.044 0.046 1.257 6755.5 4.346 16.241604 1.515809 16.906847 15.391038 "" "" 1347.85852 1586.33081 6002.12661 3.9926 2358.7 10.217 5530.2 8.2528 "" "" 0.002848403787552318 0.005468387 0.004112052 0.009580439 130.92159124869 -45.27374242876 1457.11157 2.6259999999999994 -2.420000000000001 7.9209361801147455 -7.483212871551514 0.16174376 0.16374375 "" "" 75.26085206523207 "" 12.24419046008308 ""
130.25652765033 -44.98581285706 0.0326 0.0323 15.993 "" "" 5522306809900559232 1854.17834 0.5193 0.0378 -3.82 4.373 0.042 0.042 1.141 5802.3 4.4384 16.24215 1.300588 16.792645 15.492057 "" "" 1756.08521 1969.27881 5999.11691 3.807 2620.3 8.8965 5038.9 11.159 "" "" 0.0028401605217329116 0.004623199 0.0044794036 0.0091026025 130.25652765033 -44.98581285706 1854.17834 -3.8199999999999994 4.373 1.4749361801147463 -0.6902128715515135 0.15974376 0.15974376 "" "" 14.31207915070125 "" 2.286265280501378 ""
130.50205060686 -45.2547662263 0.0288 0.0324 16.3445 "" "" 5522109825524078208 1601.68188 0.6014 0.036 -4.185 3.266 0.038 0.038 1.01 5748.8 4.5426 16.246967 1.173047 16.744411 15.571364 "" "" 1518.36499 1675.71436 5972.54869 3.0337 2739.4 9.4271 4684.0 12.926 "" "" 0.0028099697585037982 0.004663188 0.0048229634 0.009486152 130.50205060686 -45.2547662263 1601.68188 -4.185 3.2660000000000036 1.1099361801147465 -1.7972128715515137 0.15574375 0.15574375 "" "" 16.03674038736045 "" 2.49762205282224 ""
130.91273368488 -45.21911630013 0.0658 0.0692 17.7628 "" "" 5522190536536018560 2061.77588 0.5014 0.0761 -6.056 6.651 0.085 0.081 2.054 "" "" 16.247608 1.969334 16.901196 14.931862 "" "" 1754.02808 2361.38525 5969.02809 6.2288 2371.0 31.395 8441.4 58.992 "" "" 0.002979169290946646 0.014644757 0.008476733 0.023121491 130.91273368488 -45.21911630013 2061.77588 -6.056 6.6509999999999945 -0.761063819885254 1.5877871284484861 0.20274375 0.19874376 "" "" 17.207615098030516 "" 3.4328703577942266 ""
130.33933390269 -44.79019193398 0.0273 0.0293 17.6644 "" "" 5522404151034582400 2081.20312 0.4489 0.0336 -3.579 5.574 0.035 0.037 0.941 7096.2 4.2754 16.248405 1.20766 16.772131 15.564471 "" "" 1960.41138 2205.69824 5964.64051 2.3545 2670.3 8.1932 4713.8 9.6944 "" "" 0.002788454049006207 0.004345436 0.004389724 0.00873516 130.33933390269 -44.79019193398 2081.20312 -3.579 5.574 1.715936180114746 0.5107871284484862 0.15274376 0.15474376 "" "" 17.66159383571007 "" 2.7005906556618915 ""
130.82826090679 -45.2858760365 0.0559 0.0612 19.12 "" "" 5522188543679666944 1901.67529 0.5265 0.0687 -5.972 8.45 0.07 0.074 2.167 6055.3 4.4288 16.251225 1.434387 16.816925 15.382538 "" "" 1667.55286 2212.10449 5949.1789 8.3359 2562.4 9.2947 5573.7 13.812 "" "" 0.0031474109428280194 0.0048265452 0.004639252 0.009465797 130.82826090679 -45.2858760365 1901.67529 -5.9719999999999995 8.45 -0.6770638198852543 3.3867871284484856 0.18774375 0.19174376 "" "" 31.13235947079374 "" 5.96469812826437 ""
130.52314529711 -45.09513067769 0.0295 0.0345 7.4365 "" "" 5522115494882565376 1870.0116 0.5156 0.0377 -4.584 6.313 0.039 0.04 0.953 5467.0 4.3442 16.255636 1.263864 16.799894 15.536031 "" "" 1715.59778 2031.49658 5925.05502 3.0861 2602.9 8.4615 4838.9 12.352 "" "" 0.00281275547298723 0.004499164 0.004686677 0.009185841 130.52314529711 -45.09513067769 1870.0116 -4.5840000000000005 6.312999999999997 0.7109361801147465 1.249787128448486 0.15674375 0.15774375 "" "" 12.74484918296454 "" 2.007311979714428 ""
130.94716139303 -44.8715353067 0.0287 0.0328 15.3651 "" "" 5522214588361241216 2169.63037 0.45 0.0359 -5.11 7.523 0.038 0.041 1.026 7145.5 4.3426 16.255726 1.284439 16.817595 15.533155 "" "" 2027.95886 2330.06445 5924.56187 2.6143 2560.8 8.3575 4851.7 9.5585 "" "" 0.0027966628970718683 0.0045101014 0.004342723 0.008852825 130.94716139303 -44.8715353067 2169.63037 -5.110000000000001 7.523 0.18493618011474577 2.459787128448486 0.15574375 0.15874375 "" "" 25.367963803803157 "" 4.026582057889388 ""
130.60289061213 -44.93877384842 0.03 0.0333 3.8051 "" "" 5522211251159448704 1500.79749 0.6396 0.0382 -6.414 9.417 0.038 0.037 1.054 5794.8 4.4497 16.255768 1.406061 16.883036 15.476975 "" "" 1415.87476 1592.2937 5924.33271 2.8709 2411.0 8.1672 5109.4 12.473 "" "" 0.002805105122447349 0.0046164943 0.004616145 0.009232639 130.60289061213 -44.93877384842 1500.79749 -6.413999999999997 9.416999999999994 -1.1190638198852536 4.353787128448486 0.15574375 0.15474376 "" "" 31.97861059139728 "" 4.950478206999656 ""
130.69106697112 -44.91651442712 0.0301 0.0361 5.5025 "" "" 5522211869634754560 2026.42761 0.4673 0.038 -4.447 3.218 0.04 0.042 1.028 6741.7 4.3462 16.256306 1.422883 16.891768 15.468884 "" "" 1871.323 2191.03247 5921.40262 2.9897 2391.7 9.3656 5147.6 13.923 "" "" 0.0028093231338493963 0.005085393 0.0047861934 0.009871586 130.69106697112 -44.91651442712 2026.42761 -4.446999999999998 3.2179999999999964 0.847936180114746 -1.8452128715515137 0.15774375 0.15974376 "" "" 19.505566362983657 "" 3.1091259660368418 ""
130.56552481099 -45.21957338602 0.0294 0.0327 13.5684 "" "" 5522110718877305472 1867.14294 0.5116 0.0368 -7.229 4.661 0.039 0.039 1.031 5633.4 4.3958 16.256884 1.429432 16.901905 15.472473 "" "" 1735.17297 2001.39648 5918.24908 3.3861 2369.5 9.3749 5130.6 11.791 "" "" 0.0028244783160468476 0.005122315 0.0045287735 0.009651089 130.56552481099 -45.21957338602 1867.14294 -7.229 4.661 -1.934063819885254 -0.4022128715515141 0.15674375 0.15674375 "" "" 17.483186033192037 "" 2.740380140373313 ""
130.67713611754 -44.66148261758 0.0292 0.0328 20.3084 "" "" 5522408720879952256 1950.75793 0.4836 0.0362 -1.199 4.961 0.037 0.039 0.953 4838.3 3.5658 16.257605 2.112008 17.344997 15.232989 "" "" 1811.15735 2137.16724 5914.32334 2.8268 1575.5 8.0697 6396.8 11.068 "" "" 0.0028037625847973464 0.0062218364 0.004220522 0.010442358 130.67713611754 -44.66148261758 1950.75793 -1.1990000000000014 4.961 4.095936180114746 -0.10221287155151337 0.15474376 0.15674375 "" "" 37.8852438937029 "" 5.862552579873455 ""
130.51460338442 -44.73086420992 0.0266 0.0293 16.8294 "" "" 5522405387985219328 1732.36206 0.5626 0.0338 -2.713 6.387 0.034 0.036 0.986 7149.8 4.3038 16.25771 1.303313 16.829771 15.526458 "" "" 1634.66125 1860.91296 5913.75465 2.3749 2532.3 7.6247 4881.7 8.8413 "" "" 0.002789606203920299 0.004297935 0.00426033 0.008558265 130.51460338442 -44.73086420992 1732.36206 -2.713 6.3870000000000005 2.581936180114746 1.323787128448486 0.15174375 0.15374374 "" "" 23.8255139109992 "" 3.625343277421622 ""
130.65583233873 -44.64389544381 0.0302 0.0351 21.2988 "" "" 5522411675817186816 1705.24268 0.5606 0.038 -6.624 3.532 0.037 0.043 1.018 5387.8 4.2403 16.258226 1.606725 16.99894 15.392215 "" "" 1607.08545 1831.68518 5910.93878 62.124 2166.9 70.438 5524.2 180.56 "" "" 0.011739030233158098 0.035403438 0.035688262 0.0710917 130.65583233873 -44.64389544381 1705.24268 -6.623999999999997 3.5320000000000036 -1.3290638198852536 -1.5312128715515136 0.15474376 0.16074376 "" "" 16.388511682441916 "" 2.5925574238401645 ""
130.89002815312 -44.82264062803 0.0271 0.0322 15.1862 "" "" 5522215653513061376 1849.93201 0.5161 0.0345 -6.925 5.854 0.035 0.041 1.021 6703.7 4.3525 16.258287 1.377236 16.873363 15.496127 "" "" 1723.39539 1971.8634 5910.60475 2.9255 2432.6 12.673 5020.0 9.6957 "" "" 0.0028072373004930217 0.0063070487 0.004322171 0.01062922 130.89002815312 -44.82264062803 1849.93201 -6.925000000000001 5.854000000000001 -1.6300638198852537 0.7907871284484864 0.15274376 0.15874375 "" "" 15.886686421965083 "" 2.4450382751013757 ""
