Clusters/NGC_2659/NGC_2659_members.tsv
# %ECSV 1.0
# ---
# datatype:
# - name: RA_ICRS_1
#   unit: deg
#   datatype: float64
#   format: '{:15.11f}'
#   description: Right ascension (ICRS) at Ep=2016.0 (ra)
#   meta: !!omap
#   - {ucd: POS_EQ_RA_MAIN}
#   - {width: 15}
#   - {precision: '11'}
# - name: DE_ICRS_1
#   unit: deg
#   datatype: float64
#   format: '{:15.11f}'
#   description: Declination (ICRS) at Ep=2016.0 (dec)
#   meta: !!omap
#   - {ucd: POS_EQ_DEC_MAIN}
#   - {width: 15}
#   - {precision: '11'}
# - name: e_RA_ICRS
#   unit: mas
#   datatype: float64
#   format: '{:7.4f}'
#   description: Standard error of right ascension (ra_error)
#   meta: !!omap
#   - {ucd: ERROR}
#   - {width: 7}
#   - {precision: '4'}
# - name: e_DE_ICRS
#   unit: mas
#   datatype: float64
#   format: '{:7.4f}'
#   description: Standard error of declination (dec_error)
#   meta: !!omap
#   - {ucd: ERROR}
#   - {width: 7}
#   - {precision: '4'}
# - name: _r_1
#   unit: ''
#   datatype: float64
#   format: '{:7.4f}'
#   description: Distance from center (130.63300804000-44.99850584000)[ICRS], at Epoch=J2016.0
#   meta: !!omap
#   - {ucd: POS_ANG_DIST_GENERAL}
#   - {width: 7}
#   - {precision: '4'}
# - name: HIP
#   datatype: int32
#   description: '? HIP cross-id number, van Leeuwen, Cat. I/311 (hip_original_ext_source_id)'
#   meta: !!omap
#   - {ucd: ID_NUMBER}
#   - {width: 6}
#   - values: {'null': -2147483648}
# - name: TYC2
#   datatype: string
#   description: Tycho-2 cross-id name, Hog et al., Cat. I/259 (tyc2_original_ext_source_id)
#   meta: !!omap
#   - {ucd: ID_CROSSID}
#   - {_votable_string_dtype: char}
# - name: Source
#   datatype: int64
#   description: Source identifier, identical to the Gaia-EDR3 source_id (id)
#   meta: !!omap
#   - {ucd: ID_MAIN}
#   - {width: 19}
# - name: rgeo
#   unit: pc
#   datatype: float64
#   format: '{:15.8f}'
#   description: '? Median of the geometric distance posterior (r_med_geo)'
#   meta: !!omap
#   - {ucd: PHYS_DISTANCE_TRUE}
#   - {width: 15}
#   - {precision: '8'}
#   - values: {'null': .nan}
# - name: Plx
#   unit: mas
#   datatype: float64
#   format: '{:9.4f}'
#   description: '? Parallax (parallax)'
#   meta: !!omap
#   - {ucd: POS_PARLX_TRIG}
#   - {width: 9}
#   - {precision: '4'}
#   - values: {'null': .nan}
# - name: e_Plx
#   unit: mas
#   datatype: float32
#   format: '{:7.4f}'
#   description: '? Standard error of parallax (parallax_error)'
#   meta: !!omap
#   - {ucd: ERROR}
#   - {width: 7}
#   - {precision: '4'}
#   - values: {'null': .nan}
# - name: pmRA
#   unit: mas / yr
#   datatype: float64
#   format: '{:9.3f}'
#   description: '? Proper motion in right ascension direction, pmRA*cosDE (pmra)'
#   meta: !!omap
#   - {ucd: POS_EQ_PMRA}
#   - {width: 9}
#   - {precision: '3'}
#   - values: {'null': .nan}
# - name: pmDE
#   unit: mas / yr
#   datatype: float64
#   format: '{:9.3f}'
#   description: '? Proper motion in declination direction (pmdec)'
#   meta: !!omap
#   - {ucd: POS_EQ_PMDEC}
#   - {width: 9}
#   - {precision: '3'}
#   - values: {'null': .nan}
# - name: e_pmRA
#   unit: mas / yr
#   datatype: float32
#   format: '{:6.3f}'
#   description: '? Standard error of proper motion in right ascension direction (pmra_error)'
#   meta: !!omap
#   - {ucd: ERROR}
#   - {width: 6}
#   - {precision: '3'}
#   - values: {'null': .nan}
# - name: e_pmDE
[...]
#         unit: &id001 !astropy.units.Unit {unit: deg}
#         value: !astropy.table.SerializedColumn {name: SkyCoord.dec}
#       distance: !astropy.table.SerializedColumn
#         __class__: astropy.coordinates.distances.Distance
#         unit: !astropy.units.Unit {unit: pc}
#         value: !astropy.table.SerializedColumn {name: SkyCoord.distance}
#       frame: icrs
#       obstime: !astropy.time.Time {format: jyear_str, in_subfmt: '*', jd1: 367701545.0, jd2: 0.0, out_subfmt: '*', precision: 3, scale: tt}
#       pm_dec: !astropy.table.SerializedColumn
#         __class__: astropy.units.quantity.Quantity
#         unit: !astropy.units.Unit {unit: mas / yr}
#         value: !astropy.table.SerializedColumn {name: SkyCoord.pm_dec}
#       pm_ra_cosdec: !astropy.table.SerializedColumn
#         __class__: astropy.units.quantity.Quantity
#         unit: !astropy.units.Unit {unit: mas / yr}
#         value: !astropy.table.SerializedColumn {name: SkyCoord.pm_ra_cosdec}
#       ra: !astropy.table.SerializedColumn
#         __class__: astropy.coordinates.angles.Longitude
#         unit: *id001
#         value: !astropy.table.SerializedColumn {name: SkyCoord.ra}
#         wrap_angle: !astropy.coordinates.Angle
#           unit: *id001
#           value: 360.0
#       representation_type: spherical
# schema: astropy-2.0
RA_ICRS_1 DE_ICRS_1 e_RA_ICRS e_DE_ICRS _r_1 HIP TYC2 Source rgeo Plx e_Plx pmRA pmDE e_pmRA e_pmDE RUWE Teff logg Gmag BP-RP BPmag RPmag RV e_RV b_rgeo B_rgeo FG e_FG FBP e_FBP FRP e_FRP RAVE5 RAVE6 e_Gmag e_BPmag e_RPmag e_BP-RP SkyCoord.ra SkyCoord.dec SkyCoord.distance SkyCoord.pm_ra_cosdec SkyCoord.pm_dec Pmemb
130.64320176544 -45.00694647965 0.0111 0.0114 0.666 "" 8151-263-1 5522209846717168256 1840.26746 0.4994 0.0133 -5.3 5.093 0.015 0.014 0.872 14233.8 3.76 11.580975 0.383899 11.7115 11.327601 "" "" 1804.40649 1881.45886 439093.4014 138.65 282370.0 184.38 233410.0 128.76 "" "" 0.0027765673714811507 0.002878831 0.0038265467 0.0067053777 130.64320176544 -45.00694647965 1840.26746 -5.300000000000002 5.093 1.0
130.60799442381 -45.02200527474 0.0101 0.0107 1.7646 "" 8151-683-1 5522209640558717952 2018.21777 0.4634 0.0119 -5.041 5.1 0.014 0.013 0.88 "" "" 11.717048 0.74334 11.995501 11.252162 35.57 5.2 1968.70166 2070.59351 387371.42246 415.49 217380.0 858.41 250200.0 658.57 "" "" 0.0029913142372173475 0.005115399 0.0047382503 0.00985365 130.60799442381 -45.02200527474 2018.21777 -5.041 5.1 0.9
130.59441098203 -45.03776647731 0.0093 0.01 2.8686 "" "" 5522209606198977152 1993.0387 0.4643 0.0117 -5.259 5.133 0.013 0.012 0.815 "" "" 11.784746 0.512828 11.96602 11.453192 8.73 21.74 1952.005 2035.6687 363955.47731 77.778 223360.0 133.07 207910.0 79.893 "" "" 0.002765072244786709 0.0028641673 0.0038023405 0.0066665076 130.59441098203 -45.03776647731 1993.0387 -5.259 5.132999999999999 1.0
130.62674214303 -44.96189981518 0.0099 0.0111 2.2124 "" 7687-2068-1 5522210976281286144 2007.45361 0.4547 0.0128 -5.307 5.134 0.014 0.013 0.914 13190.8 3.8702 11.869059 0.386629 12.001353 11.614724 "" "" 1962.15698 2054.38623 336762.31016 50.638 216210.0 103.99 179170.0 76.01 "" "" 0.002760152701240458 0.0028386167 0.003807346 0.0066459626 130.62674214303 -44.96189981518 2007.45361 -5.307 5.134 0.9
130.60114405614 -44.99220528746 0.0089 0.0095 1.4038 "" "" 5522210087235298816 2002.66101 0.4718 0.0112 -5.204 5.148 0.013 0.011 0.886 "" "" 12.550808 0.491917 12.726115 12.234199 "" "" 1966.15698 2043.36121 179731.31293 25.821 110910.0 55.535 101270.0 33.547 "" "" 0.0027597318146313854 0.0028426405 0.0037964568 0.0066390974 130.60114405614 -44.99220528746 2002.66101 -5.204 5.148 1.0
130.64472121197 -45.00597416953 0.0156 0.0155 0.6691 "" "" 5522209842415261312 1980.10156 0.4849 0.0184 -5.224 5.186 0.02 0.018 1.409 11663.7 3.9061 12.74031 0.530474 12.929629 12.399156 "" "" 1905.5188 2063.63281 150946.47294 26.186 91953.0 53.333 86995.0 44.013 "" "" 0.002761750518043289 0.002860351 0.0038190915 0.0066794427 130.64472121197 -45.00597416953 1980.10156 -5.224000000000003 5.186 1.0
130.73219899109 -45.04233309672 0.0088 0.0106 4.9611 "" "" 5522207334149027200 1889.47205 0.5053 0.0113 -5.342 5.162 0.012 0.012 0.871 "" "" 12.747102 0.549173 12.946313 12.39714 "" "" 1852.83057 1930.75757 150005.13964 42.762 90551.0 82.77 87157.0 70.555 "" "" 0.002772649725275888 0.0029614158 0.0038802356 0.006841651 130.73219899109 -45.04233309672 1889.47205 -5.341999999999999 5.162000000000001 1.0
130.61772126979 -44.9975043814 0.0096 0.0102 0.6514 "" "" 5522210014208615680 1953.55579 0.4919 0.0118 -5.194 5.132 0.013 0.012 0.959 "" "" 12.776796 0.642201 13.015738 12.373536 "" "" 1901.19873 1996.13525 145958.06324 39.218 84942.0 78.863 89073.0 67.411 "" "" 0.002770721207262803 0.0029666782 0.0038676744 0.0068343524 130.61772126979 -44.9975043814 1953.55579 -5.194 5.132 1.0
130.59154933159 -45.02468964873 0.0099 0.0109 2.3581 "" "" 5522209606199436800 1953.82654 0.4873 0.012 -5.309 5.052 0.013 0.012 0.971 6973.1 3.4636 12.819217 0.550578 13.019423 12.468844 "" "" 1910.74646 2000.26331 140365.45552 25.041 84654.0 42.915 81587.0 27.576 "" "" 0.0027621199640594203 0.0028439409 0.0037971565 0.0066410974 130.59154933159 -45.02468964873 1953.82654 -5.309000000000001 5.052 1.0
130.6076318734 -45.01298979301 0.0108 0.0117 1.3835 "" "" 5522209640558713984 1844.82947 0.5229 0.0132 -5.351 5.184 0.015 0.014 1.106 12716.6 3.8866 12.820863 0.6399 13.05924 12.41934 "" "" 1802.84314 1892.73315 140152.70607 34.131 81606.0 66.923 85393.0 47.884 "" "" 0.0027679776211163554 0.0029287937 0.003828106 0.0067569 130.6076318734 -45.01298979301 1844.82947 -5.350999999999999 5.183999999999999 1.0
130.66628998872 -44.97698519522 0.0106 0.0115 1.9136 "" "" 5522209984156125312 1855.11035 0.5161 0.0133 -5.306 5.147 0.014 0.014 0.971 12218.0 3.9942 12.907587 0.58611 13.122924 12.536814 "" "" 1819.18481 1906.17798 129393.33476 90.244 76957.0 129.25 76636.0 167.34 "" "" 0.0028574804360020785 0.003333199 0.0044614263 0.007794625 130.66628998872 -44.97698519522 1855.11035 -5.305999999999999 5.147000000000001 0.8
130.62580566882 -44.97942975474 0.013 0.0133 1.1847 "" "" 5522210121595047680 2054.92358 0.4615 0.0158 -5.219 5.134 0.018 0.016 1.086 13159.2 3.9504 12.944297 0.515121 13.129861 12.614739 "" "" 1987.01465 2122.78247 125091.53116 30.368 76467.0 40.523 71328.0 22.545 "" "" 0.0027678988159217325 0.002848878 0.0037949302 0.0066438084 130.62580566882 -44.97942975474 2054.92358 -5.219000000000001 5.134 1.0
130.67768117567 -44.97864975337 0.0092 0.0106 2.239 "" "" 5522211461624887040 1962.15002 0.4741 0.0118 -5.235 5.044 0.013 0.013 1.023 6983.0 3.6035 13.313075 0.611654 13.538711 12.927056 "" "" 1928.18555 2008.59998 89066.99602 21.131 52473.0 29.474 53498.0 21.715 "" "" 0.0027673347420858673 0.0028560413 0.0038049899 0.0066610314 130.67768117567 -44.97864975337 1962.15002 -5.235000000000001 5.0440000000000005 1.0
130.65156167612 -45.02186438404 0.0091 0.0098 1.6074 "" "" 5522209777997707776 2061.24731 0.4502 0.0114 -5.288 5.024 0.013 0.012 0.992 7485.2 3.603 13.340186 0.558772 13.546432 12.98766 "" "" 2014.87305 2105.89038 86870.49684 27.188 52101.0 30.22 50593.0 22.775 "" "" 0.0027761946189834453 0.0028603568 0.0038108542 0.0066712108 130.65156167612 -45.02186438404 2061.24731 -5.288 5.024 1.0
130.66218863321 -44.983433466 0.0094 0.0101 1.5333 "" "" 5522209984156125184 2024.80127 0.4571 0.0118 -5.251 5.006 0.013 0.012 0.972 "" "" 13.535555 0.597934 13.756289 13.158356 "" "" 1982.44714 2073.04102 72564.57319 15.997 42944.0 21.884 43233.0 26.62 "" "" 0.002765696852764315 0.0028444985 0.0038380532 0.0066825515 130.66218863321 -44.983433466 2024.80127 -5.251000000000001 5.006000000000002 1.0
130.64916016228 -44.99879846839 0.0148 0.0151 0.6855 "" "" 5522209949796383744 1990.69421 0.466 0.0171 -5.093 4.986 0.021 0.018 1.212 "" "" 13.997619 0.770719 14.296412 13.525694 "" "" 1929.11206 2041.64526 47413.21898 10.496 26113.0 18.431 30823.0 23.66 "" "" 0.0027657835681076503 0.0028934947 0.003870183 0.0067636776 130.64916016228 -44.99879846839 1990.69421 -5.093000000000001 4.985999999999999 1.0
130.65970716352 -44.96469765874 0.0138 0.0145 2.3235 "" "" 5522210190314543872 2112.17456 0.4367 0.0171 -5.29 5.154 0.018 0.017 1.208 9549.8 3.8038 14.19836 0.758209 14.491927 13.733718 "" "" 2042.20007 2190.3584 39409.66642 8.4607 21810.0 19.078 25449.0 12.568 "" "" 0.002765162092728534 0.0029473787 0.003817228 0.0067646066 130.65970716352 -44.96469765874 2112.17456 -5.290000000000001 5.154 0.8
130.64183627849 -44.94116933384 0.0119 0.0135 3.4605 "" "" 5522211014948240128 1946.13586 0.4804 0.0155 -5.268 5.014 0.016 0.015 0.996 "" "" 14.205287 0.691313 14.468274 13.776961 "" "" 1878.81653 2009.05383 39159.02556 8.4575 22290.0 18.24 24455.0 17.589 "" "" 0.0027652807330630735 0.00292821 0.0038592147 0.006787425 130.64183627849 -44.94116933384 1946.13586 -5.267999999999999 5.013999999999999 1.0
130.63788393179 -44.96801546869 0.0117 0.0132 1.8411 "" "" 5522210224674267136 2062.00024 0.4465 0.0148 -5.283 5.177 0.016 0.016 0.965 9943.9 4.1424 14.236392 0.639997 14.478483 13.838486 "" "" 2002.43237 2134.85669 38053.10538 9.5559 22081.0 26.466 23108.0 25.66 "" "" 0.002768777261581673 0.0030787268 0.0039670267 0.0070457533 130.63788393179 -44.96801546869 2062.00024 -5.283000000000001 5.177 1.0
130.66840877692 -44.97173243646 0.0125 0.0144 2.1994 "" "" 5522209984156123904 2034.6322 0.4572 0.016 -5.254 4.914 0.017 0.018 1.004 10341.5 4.3404 14.31006 0.847502 14.608084 13.760582 "" "" 1967.49146 2107.91089 35556.80749 9.2241 19597.0 29.551 24827.0 149.18 "" "" 0.002769679024958677 0.0032350481 0.0075396057 0.010774653 130.66840877692 -44.97173243646 2034.6322 -5.2540000000000004 4.914000000000002 1.0
130.62377168658 -44.96320067546 0.0132 0.0142 2.1543 "" "" 5522210980588498816 2134.96948 0.4325 0.0165 -5.289 5.138 0.017 0.017 1.021 "" "" 14.373734 0.610287 14.600614 13.990327 "" "" 2061.91479 2214.93774 33531.485 9.3643 19732.0 20.124 20092.0 19.339 "" "" 0.0027719536631183057 0.0030018617 0.0039212047 0.0069230665 130.62377168658 -44.96320067546 2134.96948 -5.289 5.138 1.0
130.61675875164 -44.98720489574 0.0135 0.0146 0.967 "" "" 5522210121595044864 1905.84973 0.4916 0.0169 -5.362 5.063 0.018 0.017 0.965 9247.0 4.1565 14.540163 0.67844 14.797955 14.119514 "" "" 1834.15845 1980.31897 28766.1485 8.7244 16453.0 17.064 17838.0 12.897 "" "" 0.002774927224147285 0.0030088287 0.0038600445 0.0068688733 130.61675875164 -44.98720489574 1905.84973 -5.362 5.062999999999999 1.0
130.58876114716 -44.96831371459 0.0149 0.0155 2.6092 "" "" 5522210911869001600 1976.30701 0.4705 0.0182 -5.276 5.023 0.019 0.018 0.989 9404.6 4.2895 14.673822 0.708984 14.949328 14.240344 "" "" 1916.98657 2041.30066 25434.1909 6.9492 14312.0 14.839 15960.0 12.318 "" "" 0.002771243284729762 0.0030087014 0.0038711666 0.006879868 130.58876114716 -44.96831371459 1976.30701 -5.276 5.023 1.0
130.69935503067 -45.05494662985 0.0142 0.0165 4.4027 "" "" 5522206582542096640 1974.51013 0.4696 0.0176 -5.338 5.027 0.02 0.02 0.93 8754.9 4.1095 14.691504 1.050143 15.125436 14.075293 "" "" 1909.69836 2067.10669 25023.3341 5.1144 12169.0 16.808 18580.0 16.08 "" "" 0.0027642418051559065 0.0031676413 0.00389444 0.0070620812 130.69935503067 -45.05494662985 1974.51013 -5.338 5.027000000000001 1.0
130.60478837851 -45.01578497405 0.0152 0.0187 1.5836 "" "" 5522209640558713344 2138.66797 0.4385 0.0188 -5.33 5.01 0.02 0.021 1.021 "" "" 14.785308 0.931754 15.161389 14.229635 "" "" 2052.20898 2229.14307 22952.16146 4.9275 11772.0 16.173 16118.0 15.685 "" "" 0.0027651620698972115 0.0031638653 0.0039242916 0.007088157 130.60478837851 -45.01578497405 2138.66797 -5.33 5.009999999999998 1.0
130.70859651288 -45.02222142355 0.0154 0.0177 3.5079 "" "" 5522206685621301888 2148.47241 0.4362 0.0194 -5.213 4.559 0.022 0.022 1.035 7197.3 3.7631 14.810648 1.075162 15.251707 14.176545 "" "" 2068.72339 2240.34253 22422.67638 11.863 10833.0 45.189 16925.0 34.554 "" "" 0.0028145604474017834 0.0053195353 0.00438146 0.009700995 130.70859651288 -45.02222142355 2148.47241 -5.213 4.559000000000002 0.8
130.66847082576 -44.99790206778 0.0155 0.0166 1.505 "" "" 5522209911129590784 2114.06396 0.4412 0.0191 -5.373 5.1 0.02 0.019 0.993 9163.6 4.194 14.91984 0.785192 15.227049 14.441856 "" "" 2039.15979 2188.14526 20277.32933 4.4481 11081.0 13.133 13256.0 12.406 "" "" 0.002765594804571652 0.003072603 0.0039135944 0.006986197 130.66847082576 -44.99790206778 2114.06396 -5.373000000000001 5.100000000000001 1.0
130.62599139997 -44.99426709566 0.0163 0.0177 0.3916 "" "" 5522210052875579264 2021.99255 0.456 0.0202 -5.342 5.094 0.022 0.02 0.991 8198.6 4.3158 14.983955 0.827336 15.311726 14.484389 "" "" 1957.00769 2096.29077 19114.57856 5.3764 10250.0 14.713 12747.0 11.666 "" "" 0.0027721924319580914 0.0031959212 0.003907824 0.007103745 130.62599139997 -44.99426709566 2021.99255 -5.342 5.094 1.0
130.60822409195 -45.05586455087 0.0181 0.019 3.5984 "" "" 5522209331321089536 1972.02466 0.4772 0.0218 -5.366 4.97 0.025 0.022 1.053 "" "" 15.174312 0.996839 15.580931 14.584091 "" "" 1877.02344 2064.14331 16040.65774 4.8234 7999.2 10.731 11628.0 13.009 "" "" 0.0027745951098744454 0.0031474612 0.003969784 0.0071172453 130.60822409195 -45.05586455087 1972.02466 -5.365999999999997 4.969999999999998 0.9
130.62930270155 -45.02240995001 0.0191 0.0201 1.4428 "" "" 5522209812357426560 1949.35083 0.4792 0.0232 -5.245 5.044 0.026 0.024 0.91 9970.1 4.5631 15.348967 1.038657 15.779252 14.740595 "" "" 1859.25916 2038.58728 13657.15613 3.5663 6663.7 11.694 10067.0 13.018 "" "" 0.0027698686476453566 0.0033786625 0.0040317434 0.007410406 130.62930270155 -45.02240995001 1949.35083 -5.245 5.0440000000000005 1.0
130.62158667075 -44.94346991369 0.0193 0.0221 3.3376 "" "" 5522211083667703936 1992.77893 0.4699 0.0249 -5.223 5.056 0.025 0.025 0.98 8654.1 4.3154 15.477645 1.004149 15.891971 14.887822 "" "" 1880.96851 2084.81055 12130.78636 3.8248 6006.6 10.044 8790.8 12.092 "" "" 0.002776504774833389 0.0033288407 0.004063761 0.0073926016 130.62158667075 -44.94346991369 1992.77893 -5.223000000000001 5.056000000000001 1.0
130.7027280108 -45.0189635738 0.0257 0.0287 3.2021 "" "" 5522206891779726848 2016.21997 0.4581 0.0315 -5.423 5.126 0.037 0.035 1.234 8408.6 4.3215 15.516657 1.126451 15.988696 14.862245 "" "" 1899.92627 2181.95947 11702.64298 3.9523 5494.6 12.739 9000.4 17.748 "" "" 0.0027796124712308867 0.0037578603 0.004343674 0.008101534 130.7027280108 -45.0189635738 2016.21997 -5.423 5.126 0.9
130.65532394196 -44.95088505266 0.02 0.0226 3.0102 "" "" 5522211736502760832 1956.6488 0.4832 0.0259 -5.288 5.054 0.027 0.026 1.023 8010.8 4.0885 15.550987 1.085997 16.000814 14.914818 "" "" 1865.07214 2071.63989 11338.40547 3.525 5433.6 10.9 8574.9 12.612 "" "" 0.0027759189299844792 0.0035396111 0.0041029057 0.007642517 130.65532394196 -44.95088505266 1956.6488 -5.2879999999999985 5.054 0.9
130.68102816475 -44.84732498818 0.0211 0.0252 9.2974 "" "" 5522213351410435200 1939.24963 0.4776 0.0266 -5.363 5.05 0.028 0.03 1.021 "" "" 15.719837 1.218874 16.241598 15.022724 "" "" 1859.48523 2054.15918 9705.36229 2.9191 4352.9 11.104 7763.7 9.5341 "" "" 0.0027746044994041525 0.003931414 0.004007677 0.007939091 130.68102816475 -44.84732498818 1939.24963 -5.363000000000001 5.050000000000001 1.0
130.61291639978 -45.00926014012 0.0242 0.0251 1.0691 "" "" 5522210018515837696 1845.1687 0.5079 0.0284 -5.151 4.769 0.034 0.03 0.966 8447.6 4.2258 15.727463 1.15895 16.219051 15.060102 "" "" 1754.07288 1944.58813 9637.44 3.5442 4444.2 17.605 7501.0 11.425 "" "" 0.002784100632140936 0.005126735 0.0041253497 0.009252084 130.61291639978 -45.00926014012 1845.1687 -5.151 4.769000000000002 0.8
130.64525297624 -45.0083950777 0.0257 0.0265 0.7886 "" "" 5522209846707579136 1692.53882 0.5579 0.0304 -5.187 5.232 0.035 0.031 1.121 6320.7 4.2879 15.792707 1.117645 16.227777 15.110132 "" "" 1609.36279 1778.66846 9075.35551 3.3894 4408.6 19.742 7163.2 17.738 "" "" 0.0027849980367421383 0.0056057177 0.0046381196 0.010243837 130.64525297624 -45.0083950777 1692.53882 -5.187000000000002 5.232000000000003 1.0
130.45836334595 -44.92610684866 0.0237 0.0271 8.5932 "" "" 5522399409390773120 2028.92859 0.4584 0.0297 -5.317 5.071 0.031 0.032 1.029 6942.8 4.441 15.850308 1.074795 16.298197 15.223402 "" "" 1912.37769 2158.95605 8606.43801 2.7844 4131.8 9.7965 6453.5 10.98 "" "" 0.0027776204098179033 0.0037963104 0.004206679 0.008002989 130.45836334595 -44.92610684866 2028.92859 -5.317 5.071 1.0
130.6641126387 -44.9841263042 0.0269 0.0286 1.5768 "" "" 5522209979854257920 2099.52881 0.4422 0.0338 -5.351 5.012 0.036 0.034 1.169 7185.1 4.3779 15.852996 1.173755 16.33312 15.159366 "" "" 1967.14966 2280.80737 8585.16311 3.157 4001.0 9.9465 6845.6 13.905 "" "" 0.0027840966104604337 0.0038820645 0.004375778 0.008257843 130.6641126387 -44.9841263042 2099.52881 -5.350999999999999 5.011999999999999 1.0
130.61481383177 -45.03396583042 0.0252 0.0268 2.2632 "" "" 5522209434400298752 1796.57019 0.5212 0.0305 -5.349 5.005 0.034 0.031 1.027 7803.0 4.3222 15.936174 1.238007 16.472918 15.23491 "" "" 1694.76904 1892.05481 7952.01237 2.8796 3517.6 10.173 6385.5 8.9019 "" "" 0.002783230384499539 0.0042005386 0.0040712063 0.0082717445 130.61481383177 -45.03396583042 1796.57019 -5.348999999999999 5.005000000000002 0.8
130.63105865874 -44.9161082334 0.0234 0.027 4.9445 "" "" 5522212561136448256 1880.92407 0.497 0.0294 -5.282 4.894 0.032 0.032 0.978 7479.5 4.3604 15.950802 1.215556 16.47395 15.258393 "" "" 1774.87476 2010.26831 7845.59409 2.8808 3514.3 8.0359 6248.9 9.0751 "" "" 0.002784012523122493 0.0037347993 0.004095116 0.007829916 130.63105865874 -44.9161082334 1880.92407 -5.281999999999999 4.894000000000001 1.0
