Clusters/NGC_2659/NGC_2659_stars_in_region.tsv
# %ECSV 1.0
# ---
# datatype:
# - name: RA_ICRS_1
#   unit: deg
#   datatype: float64
#   format: '{:15.11f}'
#   description: Right ascension (ICRS) at Ep=2016.0 (ra)
#   meta: !!omap
#   - {ucd: POS_EQ_RA_MAIN}
#   - {width: 15}
#   - {precision: '11'}
# - name: DE_ICRS_1
#   unit: deg
#   datatype: float64
#   format: '{:15.11f}'
#   description: Declination (ICRS) at Ep=2016.0 (dec)
#   meta: !!omap
#   - {ucd: POS_EQ_DEC_MAIN}
#   - {width: 15}
#   - {precision: '11'}
# - name: e_RA_ICRS
#   unit: mas
#   datatype: float64
#   format: '{:7.4f}'
#   description: Standard error of right ascension (ra_error)
#   meta: !!omap
#   - {ucd: ERROR}
#   - {width: 7}
#   - {precision: '4'}
# - name: e_DE_ICRS
#   unit: mas
#   datatype: float64
#   format: '{:7.4f}'
#   description: Standard error of declination (dec_error)
#   meta: !!omap
#   - {ucd: ERROR}
#   - {width: 7}
#   - {precision: '4'}
# - name: _r_1
#   unit: ''
#   datatype: float64
#   format: '{:7.4f}'
#   description: Distance from center (130.63300804000-44.99850584000)[ICRS], at Epoch=J2016.0
#   meta: !!omap
#   - {ucd: POS_ANG_DIST_GENERAL}
#   - {width: 7}
#   - {precision: '4'}
# - name: HIP
#   datatype: int32
#   description: '? HIP cross-id number, van Leeuwen, Cat. I/311 (hip_original_ext_source_id)'
#   meta: !!omap
#   - {ucd: ID_NUMBER}
#   - {width: 6}
#   - values: {'null': -2147483648}
# - name: TYC2
#   datatype: string
#   description: Tycho-2 cross-id name, Hog et al., Cat. I/259 (tyc2_original_ext_source_id)
#   meta: !!omap
#   - {ucd: ID_CROSSID}
#   - {_votable_string_dtype: char}
# - name: Source
#   datatype: int64
#   description: Source identifier, identical to the Gaia-EDR3 source_id (id)
#   meta: !!omap
#   - {ucd: ID_MAIN}
#   - {width: 19}
# - name: rgeo
#   unit: pc
#   datatype: float64
#   format: '{:15.8f}'
#   description: '? Median of the geometric distance posterior (r_med_geo)'
#   meta: !!omap
#   - {ucd: PHYS_DISTANCE_TRUE}
#   - {width: 15}
#   - {precision: '8'}
#   - values: {'null': .nan}
# - name: Plx
#   unit: mas
#   datatype: float64
#   format: '{:9.4f}'
#   description: '? Parallax (parallax)'
#   meta: !!omap
#   - {ucd: POS_PARLX_TRIG}
#   - {width: 9}
#   - {precision: '4'}
#   - values: {'null': .nan}
# - name: e_Plx
#   unit: mas
#   datatype: float32
#   format: '{:7.4f}'
#   description: '? Standard error of parallax (parallax_error)'
#   meta: !!omap
#   - {ucd: ERROR}
#   - {width: 7}
#   - {precision: '4'}
#   - values: {'null': .nan}
# - name: pmRA
#   unit: mas / yr
#   datatype: float64
#   format: '{:9.3f}'
#   description: '? Proper motion in right ascension direction, pmRA*cosDE (pmra)'
#   meta: !!omap
#   - {ucd: POS_EQ_PMRA}
#   - {width: 9}
#   - {precision: '3'}
#   - values: {'null': .nan}
# - name: pmDE
#   unit: mas / yr
#   datatype: float64
#   format: '{:9.3f}'
#   description: '? Proper motion in declination direction (pmdec)'
#   meta: !!omap
#   - {ucd: POS_EQ_PMDEC}
#   - {width: 9}
#   - {precision: '3'}
#   - values: {'null': .nan}
# - name: e_pmRA
#   unit: mas / yr
#   datatype: float32
#   format: '{:6.3f}'
#   description: '? Standard error of proper motion in right ascension direction (pmra_error)'
#   meta: !!omap
#   - {ucd: ERROR}
#   - {width: 6}
#   - {precision: '3'}
#   - values: {'null': .nan}
# - name: e_pmDE
[...]
#         value: !astropy.table.SerializedColumn {name: SkyCoord.dec}
#       distance: !astropy.table.SerializedColumn
#         __class__: astropy.coordinates.distances.Distance
#         unit: !astropy.units.Unit {unit: pc}
#         value: !astropy.table.SerializedColumn {name: SkyCoord.distance}
#       frame: icrs
#       obstime: !astropy.time.Time {format: jyear_str, in_subfmt: '*', jd1: 367701545.0, jd2: 0.0, out_subfmt: '*', precision: 3, scale: tt}
#       pm_dec: !astropy.table.SerializedColumn
#         __class__: astropy.units.quantity.Quantity
#         unit: !astropy.units.Unit {unit: mas / yr}
#         value: !astropy.table.SerializedColumn {name: SkyCoord.pm_dec}
#       pm_ra_cosdec: !astropy.table.SerializedColumn
#         __class__: astropy.units.quantity.Quantity
#         unit: !astropy.units.Unit {unit: mas / yr}
#         value: !astropy.table.SerializedColumn {name: SkyCoord.pm_ra_cosdec}
#       ra: !astropy.table.SerializedColumn
#         __class__: astropy.coordinates.angles.Longitude
#         unit: *id001
#         value: !astropy.table.SerializedColumn {name: SkyCoord.ra}
#         wrap_angle: !astropy.coordinates.Angle
#           unit: *id001
#           value: 360.0
#       representation_type: spherical
# schema: astropy-2.0
RA_ICRS_1 DE_ICRS_1 e_RA_ICRS e_DE_ICRS _r_1 HIP TYC2 Source rgeo Plx e_Plx pmRA pmDE e_pmRA e_pmDE RUWE Teff logg Gmag BP-RP BPmag RPmag RV e_RV b_rgeo B_rgeo FG e_FG FBP e_FBP FRP e_FRP RAVE5 RAVE6 e_Gmag e_BPmag e_RPmag e_BP-RP SkyCoord.ra SkyCoord.dec SkyCoord.distance SkyCoord.pm_ra_cosdec SkyCoord.pm_dec rmRA rmDE e_rmRA e_rmDE rRV e_rRV v_pec v_pec3d e_vpec e_vpec3d
[from data line 213]
130.60699293173 -44.7190484048 0.0111 0.0134 16.8039 "" "" 5522402639206187264 2024.28552 0.458 0.0145 -4.537 4.201 0.014 0.016 1.007 "" "" 14.184362 0.766133 14.479129 13.712996 "" "" 1967.08093 2072.42847 39921.04825 8.3257 22068.0 20.722 25939.0 16.521 "" "" 0.002764608853340263 0.0029705986 0.003842126 0.0068127248 130.60699293173 -44.7190484048 2024.28552 -4.537 4.201000000000003 0.7579361801147462 -0.862212871551514 0.13174376 0.13374375 "" "" 11.015082694532149 "" 1.4636362470043653 ""
130.75157486739 -45.03456281508 0.0121 0.0137 5.4745 "" "" 5522207372816110976 1874.85791 0.4975 0.0151 -4.354 2.993 0.017 0.017 0.995 "" "" 14.195545 0.762766 14.492231 13.729465 "" "" 1823.24658 1921.65808 39511.95472 9.4773 21803.0 16.908 25549.0 18.326 "" "" 0.0027676000218209546 0.0029144422 0.0038587868 0.0067732288 130.75157486739 -45.03456281508 1874.85791 -4.354000000000001 2.9929999999999994 0.940936180114746 -2.070212871551514 0.13474375 0.13474375 "" "" 20.20877285673755 "" 2.7230058395422887 ""
130.65970716352 -44.96469765874 0.0138 0.0145 2.3235 "" "" 5522210190314543872 2112.17456 0.4367 0.0171 -5.29 5.154 0.018 0.017 1.208 9549.8 3.8038 14.19836 0.758209 14.491927 13.733718 "" "" 2042.20007 2190.3584 39409.66642 8.4607 21810.0 19.078 25449.0 12.568 "" "" 0.002765162092728534 0.0029473787 0.003817228 0.0067646066 130.65970716352 -44.96469765874 2112.17456 -5.290000000000001 5.154 0.004936180114746058 0.09078712844848624 0.13574375 0.13474375 "" "" 0.9102766700052657 "" 0.12265678509878665 ""
130.64183627849 -44.94116933384 0.0119 0.0135 3.4605 "" "" 5522211014948240128 1946.13586 0.4804 0.0155 -5.268 5.014 0.016 0.015 0.996 "" "" 14.205287 0.691313 14.468274 13.776961 "" "" 1878.81653 2009.05383 39159.02556 8.4575 22290.0 18.24 24455.0 17.589 "" "" 0.0027652807330630735 0.00292821 0.0038592147 0.006787425 130.64183627849 -44.94116933384 1946.13586 -5.267999999999999 5.013999999999999 0.0269361801147463 -0.04921287155151344 0.13374375 0.13274375 "" "" 0.5175256968337507 "" 0.06881794581714949 ""
130.56846026642 -45.30265721193 0.0118 0.0133 18.4523 "" "" 5522097009341737728 1804.02734 0.5229 0.0146 -5.776 5.433 0.016 0.016 1.028 6323.9 3.7584 14.20593 1.138409 14.686644 13.548235 38.39 7.94 1756.62048 1855.48877 39135.8663 17.809 18229.0 34.936 30190.0 43.444 "" "" 0.0027992668684944104 0.0034806412 0.0040895976 0.007570239 130.56846026642 -45.30265721193 1804.02734 -5.776000000000003 5.433 -0.4810638198852537 0.36978712844848616 0.13374375 0.13374375 14.335 8.779231 5.188510007258452 15.245093016948802 0.6939307752632713 8.25851110542648
130.64467099604 -45.01074186399 0.0124 0.0128 0.8853 "" "" 5522209846717171456 1969.40381 0.4745 0.0149 -5.988 4.718 0.018 0.015 0.951 "" "" 14.210509 0.64254 14.451372 13.808832 "" "" 1910.70508 2019.54822 38971.14095 11.516 22640.0 17.992 23748.0 20.328 "" "" 0.0027739367351340125 0.002920536 0.003891975 0.006812511 130.64467099604 -45.01074186399 1969.40381 -5.988 4.718 -0.6930638198852543 -0.3452128715515137 0.13574375 0.13274375 "" "" 7.227882911271114 "" 0.9768679392505646 ""
130.33332798013 -44.97361610075 0.0116 0.0126 12.8048 "" "" 5522308184290163712 1915.76074 0.4875 0.014 -5.304 5.244 0.015 0.017 0.954 "" "" 14.215318 0.629783 14.451741 13.821959 "" "" 1870.11328 1967.60449 38798.93035 10.147 22632.0 15.926 23463.0 17.793 "" "" 0.002769912838607911 0.0028928851 0.003868029 0.006760914 130.33332798013 -44.97361610075 1915.76074 -5.303999999999995 5.244000000000001 -0.009063819885254176 0.1807871284484861 0.13274375 0.13474375 "" "" 1.643736666185294 "" 0.22147506106477377 ""
130.63788393179 -44.96801546869 0.0117 0.0132 1.8411 "" "" 5522210224674267136 2062.00024 0.4465 0.0148 -5.283 5.177 0.016 0.016 0.965 9943.9 4.1424 14.236392 0.639997 14.478483 13.838486 "" "" 2002.43237 2134.85669 38053.10538 9.5559 22081.0 26.466 23108.0 25.66 "" "" 0.002768777261581673 0.0030787268 0.0039670267 0.0070457533 130.63788393179 -44.96801546869 2062.00024 -5.283000000000001 5.177 0.011936180114745731 0.11378712844848593 0.13374375 0.13374375 "" "" 1.1182440457143583 "" 0.14955814992946745 ""
130.35232689369 -45.2875968499 0.0126 0.0133 21.0229 "" "" 5522106630068311424 1486.89734 0.6365 0.0156 0.304 1.196 0.017 0.018 0.978 6580.1 4.0003 14.266867 1.008298 14.682039 13.673741 23.58 6.13 1457.48218 1519.71082 36999.84477 6.8359 18306.0 16.583 26894.0 12.36 "" "" 0.0027626124876654386 0.0029584467 0.0038121797 0.0067706266 130.35232689369 -45.2875968499 1486.89734 0.30400000000000044 1.1959999999999997 5.598936180114746 -3.867212871551514 0.13474375 0.13574375 -0.4750000000000014 6.9692307 47.958530689158266 47.96088292413866 6.477641038351914 6.4776910865318325
130.85543387706 -45.26774250376 0.0114 0.0131 18.6975 "" "" 5522188887277067776 2126.82129 0.4359 0.0139 -4.563 4.186 0.015 0.016 0.905 "" "" 14.267839 0.779779 14.57067 13.790892 "" "" 2074.04443 2211.41724 36966.72279 7.7873 20284.0 18.861 24144.0 12.905 "" "" 0.002764796793057176 0.0029672 0.003823677 0.0067908773 130.85543387706 -45.26774250376 2126.82129 -4.5630000000000015 4.185999999999998 0.7319361801147464 -0.8772128715515137 0.13274375 0.13374375 "" "" 11.517371153142054 "" 1.535659542919787 ""
130.66981273491 -44.92143794241 0.012 0.0139 4.881 "" "" 5522211770862494976 1959.49451 0.4797 0.0148 -5.977 4.746 0.015 0.016 0.953 "" "" 14.268942 0.781234 14.571236 13.790002 "" "" 1902.42847 2012.23096 36929.19757 8.4341 20273.0 15.504 24163.0 17.546 "" "" 0.002766455645453453 0.0029110985 0.0038607402 0.0067718388 130.66981273491 -44.92143794241 1959.49451 -5.977000000000004 4.746000000000004 -0.6820638198852542 -0.31721287155151323 0.13274375 0.13374375 "" "" 6.986623166036642 "" 0.9286768266936667 ""
130.91413732211 -45.08800287037 0.012 0.014 13.0721 "" "" 5522194762792280960 1848.76697 0.5042 0.0154 -4.437 2.987 0.018 0.018 0.957 9621.4 4.2208 14.271166 0.793166 14.581849 13.788683 "" "" 1799.56445 1903.61768 36853.63974 7.7656 20076.0 14.782 24193.0 18.613 "" "" 0.00276480196462974 0.0029024363 0.0038705918 0.006773028 130.91413732211 -45.08800287037 1848.76697 -4.437 2.987 0.8579361801147458 -2.0762128715515136 0.13574375 0.13574375 "" "" 19.68633531949418 "" 2.6722970217985225 ""
131.02427973228 -44.89090870431 0.0117 0.0127 17.8263 "" "" 5522204108641106048 2108.33789 0.4377 0.0143 -4.608 3.301 0.015 0.016 1.019 9154.2 3.8979 14.271171 0.945929 14.652802 13.706873 "" "" 2046.54614 2177.88574 36853.49231 6.7799 18806.0 16.741 26086.0 17.341 "" "" 0.0027625506672313933 0.0029528295 0.0038476824 0.006800512 131.02427973228 -44.89090870431 2108.33789 -4.6080000000000005 3.301 0.6869361801147464 -1.7622128715515135 0.13274375 0.13374375 "" "" 18.90143385099676 "" 2.5254633982213615 ""
130.96591906685 -45.19221611696 0.012 0.0133 18.2733 "" "" 5522190296026401920 1843.32495 0.5072 0.0142 -4.373 3.115 0.016 0.016 0.974 "" "" 14.289316 0.776173 14.591411 13.815238 "" "" 1807.68896 1882.04871 36242.67124 7.6041 19900.0 17.067 23608.0 16.934 "" "" 0.0027647209288533467 0.0029414492 0.003858789 0.006800238 130.96591906685 -45.19221611696 1843.32495 -4.372999999999997 3.1149999999999984 0.9219361801147459 -1.9482128715515135 0.13374375 0.13374375 "" "" 18.832000711716315 "" 2.518662358819428 ""
130.83835538979 -44.96763812785 0.012 0.0139 8.9093 "" "" 5522207991291440000 1921.052 0.4875 0.0152 -4.516 2.952 0.016 0.018 0.94 "" "" 14.289704 0.875721 14.635306 13.759585 "" "" 1865.91321 1989.83154 36229.7289 8.0327 19111.0 21.81 24850.0 18.544 "" "" 0.0027658159397258987 0.0030529243 0.0038652527 0.006918177 130.83835538979 -44.96763812785 1921.052 -4.5159999999999965 2.9519999999999973 0.7789361801147461 -2.1112128715515137 0.13374375 0.13574375 "" "" 20.490976443870053 "" 2.7766436351593726 ""
130.66840877692 -44.97173243646 0.0125 0.0144 2.1994 "" "" 5522209984156123904 2034.6322 0.4572 0.016 -5.254 4.914 0.017 0.018 1.004 10341.5 4.3404 14.31006 0.847502 14.608084 13.760582 "" "" 1967.49146 2107.91089 35556.80749 9.2241 19597.0 29.551 24827.0 149.18 "" "" 0.002769679024958677 0.0032350481 0.0075396057 0.010774653 130.66840877692 -44.97173243646 2034.6322 -5.254000000000001 4.914000000000003 0.040936180114746534 -0.14921287155151397 0.13474375 0.13574375 "" "" 1.4922054186181934 "" 0.20245346877780687 ""
130.9448570703 -44.93720646713 0.0128 0.0141 13.7395 "" "" 5522202425013890688 1887.9895 0.4955 0.0158 -4.382 2.938 0.016 0.017 0.997 9659.0 4.2172 14.315939 0.814232 14.637587 13.823355 "" "" 1818.03528 1964.51587 35364.8065 8.8362 19071.0 14.758 23432.0 12.797 "" "" 0.002768642718033019 0.002913927 0.0038256142 0.006739541 130.9448570703 -44.93720646713 1887.9895 -4.382 2.9380000000000015 0.9129361801147464 -2.1252128715515135 0.13374375 0.13474375 "" "" 20.69922501312164 "" 2.7858766592575073 ""
130.6803582007 -45.22649210231 0.0217 0.0255 13.8253 "" "" 5522098933487123200 1605.32214 0.5947 0.0268 -2.479 2.474 0.029 0.03 1.798 7981.5 4.0379 14.316355 1.090428 14.760483 13.670054 77.43 10.44 1528.99561 1675.88477 35351.26101 14.621 17030.0 22.908 26986.0 20.872 "" "" 0.0027916727892626225 0.0031492955 0.003871551 0.0070208465 130.6803582007 -45.22649210231 1605.32214 -2.4790000000000005 2.474 2.815936180114746 -2.5892128715515135 0.14674374 0.14774375 53.37500000000001 11.27923 29.108172352455142 60.796186744731244 4.284802046425673 10.112684102830034
130.75265382843 -45.13675897466 0.012 0.0144 9.722 "" "" 5522193560201341440 1875.36121 0.5014 0.0151 -4.364 3.006 0.017 0.017 0.976 "" "" 14.318946 0.796694 14.631835 13.835141 "" "" 1820.79211 1925.26892 35266.98022 7.7428 19173.0 13.241 23179.0 12.964 "" "" 0.002765612104263168 0.0028891647 0.003827856 0.0067170206 130.75265382843 -45.13675897466 1875.36121 -4.363999999999999 3.005999999999998 0.9309361801147462 -2.057212871551514 0.13474375 0.13474375 "" "" 20.072240520845227 "" 2.704608960594877 ""
130.41616212521 -44.94798990393 0.0117 0.0132 9.6905 "" "" 5522305603001905920 1606.50427 0.5885 0.0145 -4.282 3.75 0.015 0.016 0.936 6108.9 3.8001 14.341364 1.094313 14.801021 13.706708 24.18 5.47 1566.8645 1642.45996 34546.28685 6.4822 16406.0 21.469 26090.0 21.925 "" "" 0.0027628415586890514 0.0031310902 0.0038879581 0.0070190486 130.41616212521 -44.94798990393 1606.50427 -4.282 3.750000000000001 1.012936180114746 -1.3132128715515137 0.13274375 0.13374375 0.125 6.309231 12.629070838829978 12.629689436094054 1.6843593309576486 1.6854339956036706
130.93013132696 -45.08067659815 0.0121 0.0137 13.5276 "" "" 5522194590993596800 1523.43384 0.619 0.0147 -1.138 3.354 0.017 0.018 1.013 5365.3 3.4566 14.341903 1.608153 15.096286 13.488132 29.18 2.39 1490.25989 1556.66431 34529.1322 6.7946 12500.0 18.883 31908.0 32.082 "" "" 0.002763591078731981 0.0032365355 0.0039338837 0.007170419 130.93013132696 -45.08067659815 1523.43384 -1.137999999999999 3.354 4.156936180114746 -1.7092128715515136 0.13474375 0.13574375 5.125 3.2292309 32.45592862678551 32.85807249409184 4.3779419850854495 4.353594899396253
130.95397520463 -45.05619911617 0.0124 0.0134 14.0443 "" "" 5522200500868602880 1624.78113 0.5812 0.0152 -7.413 5.846 0.017 0.016 1.019 "" "" 14.36015 1.045732 14.792007 13.746276 "" "" 1590.99927 1659.49768 33953.6538 6.3054 16543.0 16.172 25156.0 13.768 "" "" 0.002762687672554878 0.0029852288 0.0038258117 0.0068110405 130.95397520463 -45.05619911617 1624.78113 -7.413 5.846 -2.118063819885254 0.7827871284484864 0.13474375 0.13374375 "" "" 17.390560770505402 "" 2.3411863250280582 ""
130.48451553224 -45.00603354103 0.0128 0.0131 6.3159 "" "" 5522304439078796160 2053.18481 0.4479 0.015 -6.009 7.215 0.017 0.017 0.885 "" "" 14.368953 1.009249 14.784814 13.775565 "" "" 1998.91333 2126.15259 33679.51151 6.0714 16653.0 14.338 24487.0 15.757 "" "" 0.0027622631785082174 0.002942602 0.0038434158 0.0067860177 130.48451553224 -45.00603354103 2053.18481 -6.0089999999999995 7.214999999999996 -0.7140638198852542 2.151787128448486 0.13474375 0.13474375 "" "" 22.06434865959502 "" 2.973033081805527 ""
130.62377168658 -44.96320067546 0.0132 0.0142 2.1543 "" "" 5522210980588498816 2134.96948 0.4325 0.0165 -5.289 5.138 0.017 0.017 1.021 "" "" 14.373734 0.610287 14.600614 13.990327 "" "" 2061.91479 2214.93774 33531.485 9.3643 19732.0 20.124 20092.0 19.339 "" "" 0.0027719536631183057 0.0030018617 0.0039212047 0.0069230665 130.62377168658 -44.96320067546 2134.96948 -5.289 5.138 0.005936180114746392 0.07478712844848623 0.13474375 0.13474375 "" "" 0.7592078142890258 "" 0.10229850799901062 ""
130.7351271565 -44.94393764797 0.0129 0.0148 5.4323 "" "" 5522211564704132096 1828.08667 0.5112 0.0163 -4.332 2.993 0.018 0.018 0.982 "" "" 14.378074 0.939093 14.756843 13.81775 "" "" 1781.87952 1884.17871 33397.76876 6.6565 17088.0 15.352 23554.0 14.705 "" "" 0.002763804876601596 0.0029557606 0.003839686 0.0067954464 130.7351271565 -44.94393764797 1828.08667 -4.332 2.9930000000000003 0.9629361801147462 -2.070212871551514 0.13574375 0.13574375 "" "" 19.784274460730533 "" 2.6855916483095434 ""
130.43696558455 -44.88855860317 0.086 0.095 10.6223 "" "" 5522399783044086656 1692.02527 0.6242 0.1059 -1.52 3.939 0.117 0.126 8.875 5864.9 3.4959 14.378656 1.031695 14.783384 13.751689 1.26 6.89 1439.76978 2041.61121 33379.83791 32.263 16675.0 26.817 25031.0 36.76 "" "" 0.002948397682458331 0.00329149 0.0041019656 0.0073934556 130.43696558455 -44.88855860317 1692.02527 -1.52 3.939 3.774936180114746 -1.1242128715515136 0.23474374 0.24374375 -22.794999999999998 7.729231 31.589812523245893 38.95546534510688 7.439078724552768 7.539685999877661
130.66869953933 -45.06637696876 0.0127 0.0137 4.3444 "" "" 5522206513822601088 1636.89111 0.575 0.0154 -7.81 7.356 0.017 0.016 0.999 6882.4 3.8669 14.380792 1.270416 14.933401 13.662985 70.53 4.56 1603.49438 1684.27905 33314.24799 6.305 14523.0 17.622 27162.0 18.8 "" "" 0.002762971831564986 0.0030855527 0.0038533695 0.006938922 130.66869953933 -45.06637696876 1636.89111 -7.810000000000003 7.3559999999999945 -2.5150638198852535 2.292787128448486 0.13474375 0.13374375 46.475 5.399231 26.405704839287583 53.45266011209897 3.5460433725252556 5.010610355728546
130.70755777884 -45.00923644451 0.0134 0.0152 3.2275 "" "" 5522208369248475264 1837.67957 0.5122 0.0164 -4.646 3.015 0.019 0.018 0.95 9593.7 4.2663 14.400025 0.827783 14.728633 13.90085 "" "" 1772.79944 1897.59888 32729.30443 7.0548 17537.0 20.632 21818.0 16.622 "" "" 0.002765241331128359 0.00306866 0.003868841 0.006937501 130.70755777884 -45.00923644451 1837.67957 -4.646 3.0149999999999997 0.6489361801147462 -2.0482128715515135 0.13674375 0.13574375 "" "" 18.715216919419465 "" 2.542186763424503 ""
130.73146027038 -44.90567412286 0.0173 0.0198 6.9642 "" "" 5522212251898875392 1523.52502 0.6199 0.0214 -4.318 2.891 0.022 0.024 1.368 "" "" 14.418843 1.18992 14.923898 13.733978 "" "" 1477.90515 1575.80603 32166.92325 6.7259 14651.0 12.633 25443.0 15.22 "" "" 0.002764656894205834 0.0029430424 0.003834783 0.0067778258 130.73146027038 -44.90567412286 1523.52502 -4.318000000000001 2.891000000000002 0.9769361801147465 -2.1722128715515137 0.13974375 0.14174375 "" "" 17.20010097033636 "" 2.4322533813566696 ""
130.77822957625 -44.67266533903 0.0128 0.0146 20.5036 "" "" 5522408102404423040 1958.07703 0.474 0.0159 -4.071 3.051 0.017 0.018 0.972 9188.9 3.7516 14.425178 1.111136 14.890763 13.779628 "" "" 1904.81824 2029.40588 31979.80925 5.5797 15105.0 16.778 24395.0 18.409 "" "" 0.0027618245543500706 0.003039648 0.003867171 0.006906819 130.77822957625 -44.67266533903 1958.07703 -4.071 3.051 1.2239361801147464 -2.0122128715515135 0.13474375 0.13574375 "" "" 21.8593878855756 "" 2.961387909901099 ""
