Clusters/LP_1821/LP_1821_members.tsv
# %ECSV 1.0
# ---
# datatype:
# - name: RA_ICRS_1
#   unit: deg
#   datatype: float64
#   format: '{:15.11f}'
#   description: Right ascension (ICRS) at Ep=2016.0 (ra)
#   meta: !!omap
#   - {ucd: POS_EQ_RA_MAIN}
#   - {width: 15}
#   - {precision: '11'}
# - name: DE_ICRS_1
#   unit: deg
#   datatype: float64
#   format: '{:15.11f}'
#   description: Declination (ICRS) at Ep=2016.0 (dec)
#   meta: !!omap
#   - {ucd: POS_EQ_DEC_MAIN}
#   - {width: 15}
#   - {precision: '11'}
# - name: e_RA_ICRS
#   unit: mas
#   datatype: float64
#   format: '{:7.4f}'
#   description: Standard error of right ascension (ra_error)
#   meta: !!omap
#   - {ucd: ERROR}
#   - {width: 7}
#   - {precision: '4'}
# - name: e_DE_ICRS
#   unit: mas
#   datatype: float64
#   format: '{:7.4f}'
#   description: Standard error of declination (dec_error)
#   meta: !!omap
#   - {ucd: ERROR}
#   - {width: 7}
#   - {precision: '4'}
# - name: _r_1
#   unit: ''
#   datatype: float64
#   format: '{:7.4f}'
#   description: Distance from center (347.60891511000+60.96830366000)[ICRS], at Epoch=J2016.0
#   meta: !!omap
#   - {ucd: POS_ANG_DIST_GENERAL}
#   - {width: 7}
#   - {precision: '4'}
# - name: HIP
#   datatype: int32
#   description: '? HIP cross-id number, van Leeuwen, Cat. I/311 (hip_original_ext_source_id)'
#   meta: !!omap
#   - {ucd: ID_NUMBER}
#   - {width: 6}
#   - values: {'null': -2147483648}
# - name: TYC2
#   datatype: string
#   description: Tycho-2 cross-id name, Hog et al., Cat. I/259 (tyc2_original_ext_source_id)
#   meta: !!omap
#   - {ucd: ID_CROSSID}
#   - {_votable_string_dtype: char}
# - name: Source
#   datatype: int64
#   description: Source identifier, identical to the Gaia-EDR3 source_id (id)
#   meta: !!omap
#   - {ucd: ID_MAIN}
#   - {width: 19}
# - name: rgeo
#   unit: pc
#   datatype: float64
#   format: '{:15.8f}'
#   description: '? Median of the geometric distance posterior (r_med_geo)'
#   meta: !!omap
#   - {ucd: PHYS_DISTANCE_TRUE}
#   - {width: 15}
#   - {precision: '8'}
#   - values: {'null': .nan}
# - name: Plx
#   unit: mas
#   datatype: float64
#   format: '{:9.4f}'
#   description: '? Parallax (parallax)'
#   meta: !!omap
#   - {ucd: POS_PARLX_TRIG}
#   - {width: 9}
#   - {precision: '4'}
#   - values: {'null': .nan}
# - name: e_Plx
#   unit: mas
#   datatype: float32
#   format: '{:7.4f}'
#   description: '? Standard error of parallax (parallax_error)'
#   meta: !!omap
#   - {ucd: ERROR}
#   - {width: 7}
#   - {precision: '4'}
#   - values: {'null': .nan}
# - name: pmRA
#   unit: mas / yr
#   datatype: float64
#   format: '{:9.3f}'
#   description: '? Proper motion in right ascension direction, pmRA*cosDE (pmra)'
#   meta: !!omap
#   - {ucd: POS_EQ_PMRA}
#   - {width: 9}
#   - {precision: '3'}
#   - values: {'null': .nan}
# - name: pmDE
#   unit: mas / yr
#   datatype: float64
#   format: '{:9.3f}'
#   description: '? Proper motion in declination direction (pmdec)'
#   meta: !!omap
#   - {ucd: POS_EQ_PMDEC}
#   - {width: 9}
#   - {precision: '3'}
#   - values: {'null': .nan}
# - name: e_pmRA
#   unit: mas / yr
#   datatype: float32
#   format: '{:6.3f}'
#   description: '? Standard error of proper motion in right ascension direction (pmra_error)'
#   meta: !!omap
#   - {ucd: ERROR}
#   - {width: 6}
#   - {precision: '3'}
#   - values: {'null': .nan}
# - name: e_pmDE
[...]
#       distance: !astropy.table.SerializedColumn
#         __class__: astropy.coordinates.distances.Distance
#         unit: !astropy.units.Unit {unit: pc}
#         value: !astropy.table.SerializedColumn {name: SkyCoord.distance}
#       frame: icrs
#       obstime: !astropy.time.Time {format: jyear_str, in_subfmt: '*', jd1: 367701545.0, jd2: 0.0, out_subfmt: '*', precision: 3, scale: tt}
#       pm_dec: !astropy.table.SerializedColumn
#         __class__: astropy.units.quantity.Quantity
#         unit: !astropy.units.Unit {unit: mas / yr}
#         value: !astropy.table.SerializedColumn {name: SkyCoord.pm_dec}
#       pm_ra_cosdec: !astropy.table.SerializedColumn
#         __class__: astropy.units.quantity.Quantity
#         unit: !astropy.units.Unit {unit: mas / yr}
#         value: !astropy.table.SerializedColumn {name: SkyCoord.pm_ra_cosdec}
#       ra: !astropy.table.SerializedColumn
#         __class__: astropy.coordinates.angles.Longitude
#         unit: *id001
#         value: !astropy.table.SerializedColumn {name: SkyCoord.ra}
#         wrap_angle: !astropy.coordinates.Angle
#           unit: *id001
#           value: 360.0
#       representation_type: spherical
# schema: astropy-2.0
RA_ICRS_1 DE_ICRS_1 e_RA_ICRS e_DE_ICRS _r_1 HIP TYC2 Source rgeo Plx e_Plx pmRA pmDE e_pmRA e_pmDE RUWE Teff logg Gmag BP-RP BPmag RPmag RV e_RV b_rgeo B_rgeo FG e_FG FBP e_FBP FRP e_FRP RAVE5 RAVE6 e_Gmag e_BPmag e_RPmag e_BP-RP SkyCoord.ra SkyCoord.dec SkyCoord.distance SkyCoord.pm_ra_cosdec SkyCoord.pm_dec rmRA rmDE e_rmRA e_rmDE rRV e_rRV v_pec v_pec3d e_vpec e_vpec3d Pmemb
[from data line 32]
347.80001109518 61.07969632472 0.0193 0.0189 8.6904 "" "" 2014840493671956864 2912.98706 0.3114 0.0226 -4.589 -2.689 0.026 0.023 0.961 "" "" 15.405923 1.668906 16.185358 14.516452 "" "" 2731.66382 3079.04102 12959.17887 3.9949 4584.3 11.285 12376.0 10.536 "" "" 0.0027755741688258568 0.0038637363 0.003890769 0.0077545056 347.80001109518 61.07969632472 2912.98706 -4.5889999999999995 -2.6889999999999996 -0.3698637619018559 -0.6315454139709473 0.45740107 0.45440108 "" "" 10.105480543074503 "" 4.599702714406184 "" 0.83
347.40750045817 60.92668052738 0.0186 0.019 6.3778 "" "" 2014814277191617152 2769.04395 0.3315 0.0218 -4.455 -1.765 0.026 0.024 0.943 9713.7 3.6599 15.448288 1.06564 15.885354 14.819714 "" "" 2639.43262 2925.25781 12463.25237 3.1992 6043.3 11.541 9359.9 10.882 "" "" 0.0027693793765756333 0.00347624 0.0039846106 0.0074608503 347.40750045817 60.92668052738 2769.04395 -4.455000000000001 -1.765 -0.23586376190185554 0.29245458602905283 0.45740107 0.45540106 "" "" 4.931353862154644 "" 2.2496358546468973 "" 0.84
347.34985830484 61.05495868665 0.0231 0.022 9.1529 "" "" 2014828364684198400 2990.87573 0.3098 0.0263 -4.442 -2.008 0.035 0.028 1.098 9175.8 3.4727 15.520135 1.19098 16.027159 14.836179 "" "" 2751.58594 3299.77661 11665.21548 3.2996 5303.4 13.329 9219.1 11.992 "" "" 0.0027723826330816157 0.003902724 0.0040346403 0.007937364 347.34985830484 61.05495868665 2990.87573 -4.442 -2.008 -0.22286376190185564 0.04945458602905273 0.46640107 0.45940107 "" "" 3.236338699418301 "" 1.5083762535226972 "" 0.88
347.43604528451 60.93672833464 0.0205 0.0203 5.3806 "" "" 2014837538734491008 2864.10083 0.3232 0.0238 -4.323 -1.904 0.027 0.026 0.97 "" "" 15.555098 1.187982 16.055695 14.867713 "" "" 2705.1709 3074.3623 11295.55657 3.3408 5165.8 10.516 8955.2 10.106 "" "" 0.0027739696024797196 0.003559517 0.003973033 0.00753255 347.43604528451 60.93672833464 2864.10083 -4.323 -1.904 -0.10386376190185587 0.15345458602905282 0.45840108 0.45740107 "" "" 2.515599142988928 "" 1.1514286885992817 "" 0.84
347.56742933318 60.96163108366 0.0231 0.0239 1.2727 "" "" 2014838019770844416 2667.82959 0.3444 0.0276 -4.522 -1.84 0.031 0.029 1.163 9241.5 3.6051 15.596588 1.082613 16.039145 14.956532 "" "" 2466.46387 2853.48218 10872.04864 3.3617 5245.2 9.5271 8251.7 7.7201 "" "" 0.0027756971286725055 0.003416741 0.0039135097 0.007330251 347.56742933318 60.96163108366 2667.82959 -4.522 -1.8400000000000003 -0.3028637619018557 0.21745458602905265 0.46240106 0.46040106 "" "" 4.714808576642764 "" 2.1769295031626723 "" 0.88
347.45926783899 61.15119991394 0.0241 0.0225 11.8026 "" "" 2014855233999549568 2909.3584 0.3186 0.0277 -4.555 -1.916 0.032 0.026 0.959 9290.4 3.6058 15.696913 1.006716 16.108755 15.102039 "" "" 2723.34521 3132.26343 9912.46472 3.1968 4919.4 12.244 7216.8 13.871 "" "" 0.002777480272969098 0.003884268 0.0043172436 0.008201512 347.45926783899 61.15119991394 2909.3584 -4.555 -1.916 -0.3358637619018552 0.1414545860290528 0.46340108 0.45740107 "" "" 5.02570828309134 "" 2.3244006985469774 "" 0.8
347.42538442928 60.93488692531 0.0228 0.0223 5.7103 "" "" 2014837744892918912 2900.36987 0.3312 0.0262 -4.44 -1.768 0.03 0.028 1.017 9372.4 3.5382 15.801297 1.205311 16.315636 15.110325 "" "" 2663.64282 3148.06299 9003.8438 2.9174 4066.0 7.6142 7161.9 8.7234 "" "" 0.0027776880010400564 0.0034523865 0.0040040757 0.007456462 347.42538442928 60.93488692531 2900.36987 -4.44 -1.768 -0.22086376190185586 0.2894545860290527 0.46140108 0.45940107 "" "" 5.005480448680519 "" 2.3032119515368983 "" 0.85
347.38218659293 60.97576133553 0.026 0.0253 6.6162 "" "" 2014815376703179520 2912.62378 0.3197 0.0298 -3.881 -2.107 0.035 0.032 1.123 9246.5 3.4909 15.844053 1.193332 16.348972 15.155641 "" "" 2724.78613 3196.87988 8656.16208 3.1126 3943.0 9.2627 6869.1 7.3094 "" "" 0.0027828421257014863 0.0037802635 0.003952027 0.0077322903 347.38218659293 60.97576133553 2912.62378 -3.8809999999999993 -2.107 0.33813623809814475 -0.04954541397094747 0.46640107 0.46340108 "" "" 4.7181002820978675 "" 2.2002304596369506 "" 0.89
347.85685620436 60.84298162181 0.0243 0.0246 10.4339 "" "" 2014080421901470720 2789.32715 0.3384 0.0291 -3.697 -2.007 0.031 0.029 1.007 8823.7 3.4876 15.889475 1.143844 16.372099 15.228255 "" "" 2537.00464 3087.43604 8301.50353 3.0191 3859.9 10.947 6424.7 10.703 "" "" 0.0027834699900624272 0.004155329 0.004189902 0.008345231 347.85685620436 60.84298162181 2789.32715 -3.696999999999998 -2.007 0.5221362380981445 0.05045458602905262 0.46240106 0.46040106 "" "" 6.935533119086592 "" 3.206869832490672 "" 0.85
347.73501173207 60.89300903551 0.0234 0.0249 5.8243 "" "" 2014084579429726848 2877.15527 0.3238 0.0287 -3.431 -2.086 0.032 0.03 1.01 9272.4 3.6398 15.907342 1.275342 16.455141 15.179799 "" "" 2644.67261 3189.50122 8166.01053 2.7768 3575.7 8.1616 6718.0 11.883 "" "" 0.0027799453817044842 0.003731834 0.0042393375 0.007971171 347.73501173207 60.89300903551 2877.15527 -3.4309999999999996 -2.086 0.7881362380981445 -0.02854541397094712 0.46340108 0.46140108 "" "" 10.755425759417104 "" 4.984047783481306 "" 0.81
347.74481692032 60.8309732608 0.027 0.0267 9.1445 "" "" 2014081796291424640 2751.51953 0.3447 0.0321 -4.367 -1.847 0.035 0.033 1.02 9494.6 3.9956 15.933458 1.264844 16.45972 15.194877 "" "" 2544.36279 2958.13257 7971.93165 3.2506 3560.6 17.575 6625.3 21.217 "" "" 0.0027906604967922704 0.006041987 0.005135479 0.011177465 347.74481692032 60.8309732608 2751.51953 -4.367000000000002 -1.8470000000000002 -0.14786376190185546 0.21045458602905276 0.46640107 0.46440107 "" "" 3.35453017957801 "" 1.560067884903326 "" 0.85
347.66304223204 60.95717426598 0.0268 0.0272 1.7119 "" "" 2014834961754168576 2646.91064 0.3491 0.0318 -4.436 -1.764 0.033 0.031 1.097 "" "" 15.975837 1.228868 16.503668 15.274799 "" "" 2471.72339 2917.71387 7666.76025 2.7341 3419.4 7.8852 6155.1 8.668 "" "" 0.0027823923812693332 0.0037488267 0.0040769563 0.0078257825 347.66304223204 60.95717426598 2646.91064 -4.436 -1.7639999999999993 -0.2168637619018554 0.2934545860290527 0.46440107 0.46240106 "" "" 4.578053291657476 "" 2.120135365150587 "" 0.83
