Clusters/LP_1821/LP_1821_stars_in_region.tsv
# %ECSV 1.0
# ---
# datatype:
# - name: RA_ICRS_1
#   unit: deg
#   datatype: float64
#   format: '{:15.11f}'
#   description: Right ascension (ICRS) at Ep=2016.0 (ra)
#   meta: !!omap
#   - {ucd: POS_EQ_RA_MAIN}
#   - {width: 15}
#   - {precision: '11'}
# - name: DE_ICRS_1
#   unit: deg
#   datatype: float64
#   format: '{:15.11f}'
#   description: Declination (ICRS) at Ep=2016.0 (dec)
#   meta: !!omap
#   - {ucd: POS_EQ_DEC_MAIN}
#   - {width: 15}
#   - {precision: '11'}
# - name: e_RA_ICRS
#   unit: mas
#   datatype: float64
#   format: '{:7.4f}'
#   description: Standard error of right ascension (ra_error)
#   meta: !!omap
#   - {ucd: ERROR}
#   - {width: 7}
#   - {precision: '4'}
# - name: e_DE_ICRS
#   unit: mas
#   datatype: float64
#   format: '{:7.4f}'
#   description: Standard error of declination (dec_error)
#   meta: !!omap
#   - {ucd: ERROR}
#   - {width: 7}
#   - {precision: '4'}
# - name: _r_1
#   unit: ''
#   datatype: float64
#   format: '{:7.4f}'
#   description: Distance from center (347.60891511000+60.96830366000)[ICRS], at Epoch=J2016.0
#   meta: !!omap
#   - {ucd: POS_ANG_DIST_GENERAL}
#   - {width: 7}
#   - {precision: '4'}
# - name: HIP
#   datatype: int32
#   description: '? HIP cross-id number, van Leeuwen, Cat. I/311 (hip_original_ext_source_id)'
#   meta: !!omap
#   - {ucd: ID_NUMBER}
#   - {width: 6}
#   - values: {'null': -2147483648}
# - name: TYC2
#   datatype: string
#   description: Tycho-2 cross-id name, Hog et al., Cat. I/259 (tyc2_original_ext_source_id)
#   meta: !!omap
#   - {ucd: ID_CROSSID}
#   - {_votable_string_dtype: char}
# - name: Source
#   datatype: int64
#   description: Source identifier, identical to the Gaia-EDR3 source_id (id)
#   meta: !!omap
#   - {ucd: ID_MAIN}
#   - {width: 19}
# - name: rgeo
#   unit: pc
#   datatype: float64
#   format: '{:15.8f}'
#   description: '? Median of the geometric distance posterior (r_med_geo)'
#   meta: !!omap
#   - {ucd: PHYS_DISTANCE_TRUE}
#   - {width: 15}
#   - {precision: '8'}
#   - values: {'null': .nan}
# - name: Plx
#   unit: mas
#   datatype: float64
#   format: '{:9.4f}'
#   description: '? Parallax (parallax)'
#   meta: !!omap
#   - {ucd: POS_PARLX_TRIG}
#   - {width: 9}
#   - {precision: '4'}
#   - values: {'null': .nan}
# - name: e_Plx
#   unit: mas
#   datatype: float32
#   format: '{:7.4f}'
#   description: '? Standard error of parallax (parallax_error)'
#   meta: !!omap
#   - {ucd: ERROR}
#   - {width: 7}
#   - {precision: '4'}
#   - values: {'null': .nan}
# - name: pmRA
#   unit: mas / yr
#   datatype: float64
#   format: '{:9.3f}'
#   description: '? Proper motion in right ascension direction, pmRA*cosDE (pmra)'
#   meta: !!omap
#   - {ucd: POS_EQ_PMRA}
#   - {width: 9}
#   - {precision: '3'}
#   - values: {'null': .nan}
# - name: pmDE
#   unit: mas / yr
#   datatype: float64
#   format: '{:9.3f}'
#   description: '? Proper motion in declination direction (pmdec)'
#   meta: !!omap
#   - {ucd: POS_EQ_PMDEC}
#   - {width: 9}
#   - {precision: '3'}
#   - values: {'null': .nan}
# - name: e_pmRA
#   unit: mas / yr
#   datatype: float32
#   format: '{:6.3f}'
#   description: '? Standard error of proper motion in right ascension direction (pmra_error)'
#   meta: !!omap
#   - {ucd: ERROR}
#   - {width: 6}
#   - {precision: '3'}
#   - values: {'null': .nan}
# - name: e_pmDE
[...]
#         value: !astropy.table.SerializedColumn {name: SkyCoord.dec}
#       distance: !astropy.table.SerializedColumn
#         __class__: astropy.coordinates.distances.Distance
#         unit: !astropy.units.Unit {unit: pc}
#         value: !astropy.table.SerializedColumn {name: SkyCoord.distance}
#       frame: icrs
#       obstime: !astropy.time.Time {format: jyear_str, in_subfmt: '*', jd1: 367701545.0, jd2: 0.0, out_subfmt: '*', precision: 3, scale: tt}
#       pm_dec: !astropy.table.SerializedColumn
#         __class__: astropy.units.quantity.Quantity
#         unit: !astropy.units.Unit {unit: mas / yr}
#         value: !astropy.table.SerializedColumn {name: SkyCoord.pm_dec}
#       pm_ra_cosdec: !astropy.table.SerializedColumn
#         __class__: astropy.units.quantity.Quantity
#         unit: !astropy.units.Unit {unit: mas / yr}
#         value: !astropy.table.SerializedColumn {name: SkyCoord.pm_ra_cosdec}
#       ra: !astropy.table.SerializedColumn
#         __class__: astropy.coordinates.angles.Longitude
#         unit: *id001
#         value: !astropy.table.SerializedColumn {name: SkyCoord.ra}
#         wrap_angle: !astropy.coordinates.Angle
#           unit: *id001
#           value: 360.0
#       representation_type: spherical
# schema: astropy-2.0
RA_ICRS_1 DE_ICRS_1 e_RA_ICRS e_DE_ICRS _r_1 HIP TYC2 Source rgeo Plx e_Plx pmRA pmDE e_pmRA e_pmDE RUWE Teff logg Gmag BP-RP BPmag RPmag RV e_RV b_rgeo B_rgeo FG e_FG FBP e_FBP FRP e_FRP RAVE5 RAVE6 e_Gmag e_BPmag e_RPmag e_BP-RP SkyCoord.ra SkyCoord.dec SkyCoord.distance SkyCoord.pm_ra_cosdec SkyCoord.pm_dec rmRA rmDE e_rmRA e_rmDE rRV e_rRV v_pec v_pec3d e_vpec e_vpec3d
347.54534883555 61.24161261641 0.0225 0.0236 16.5018 "" 4279-27-1 2014856951986412672 2678.80688 0.3381 0.029 -4.462 -1.902 0.032 0.026 0.999 "" "" 7.997416 3.384788 10.044732 6.659944 -41.94 0.47 2457.75952 2901.15601 11911877.39127 23591.0 1310800.0 14410.0 17186000.0 91933.0 "" "" 0.003495053068160954 0.012257592 0.006929337 0.019186929 347.54534883555 61.24161261641 2678.80688 -4.462000000000001 -1.902 -0.2428637619018552 0.15545458602905282 0.46340108 0.45740107 3.2450000000000045 1.825 3.6614077230464135 4.892436153327292 1.6903448733709898 1.7508593952131457
347.31423480698 60.98211390987 0.0526 0.0514 8.6184 "" "" 2014827059015848832 2668.24414 0.342 0.0613 -1.573 -2.376 0.073 0.065 1.41 "" "" 10.24647 4.459749 13.232944 8.773194 -38.34 0.37 2356.64648 3027.29077 1500923.16367 3688.8 69541.0 882.34 2454000.0 15485.0 "" "" 0.0038356418424631265 0.0140556 0.0078244135 0.021880014 347.31423480698 60.98211390987 2668.24414 -1.5730000000000002 -2.376 2.6461362380981446 -0.31854541397094716 0.5044011 0.49640107 6.844999999999999 1.725 33.708571481440735 34.39653785367649 16.9988181097768 16.662360659183125
347.87113367926 60.84389198501 0.0095 0.0099 10.6886 "" 4279-2040-1 2014080421901474432 2820.48755 0.3294 0.0116 -3.484 -2.131 0.012 0.012 0.93 "" "" 10.929638 0.801064 11.235065 10.434002 "" "" 2729.63794 2907.698 800003.01372 230.56 437920.0 294.31 531570.0 224.42 "" "" 0.0027730309792745205 0.0028840052 0.0038070776 0.006691083 347.87113367926 60.84389198501 2820.48755 -3.484 -2.131 0.7351362380981445 -0.07354541397094705 0.44340107 0.44340107 "" "" 9.877178605208762 "" 4.37955154681137 ""
348.07707485187 61.19540228349 0.0114 0.0113 19.2395 "" 4279-1690-1 2014847189521700224 2599.77344 0.3446 0.0137 -4.48 -1.81 0.015 0.015 0.962 "" "" 11.183276 0.694327 11.442381 10.748054 -68.98 20.11 2504.30811 2695.97241 633339.21399 222.07 361800.0 219.98 398050.0 95.447 "" "" 0.002781495735230668 0.0028672006 0.0037883383 0.006655539 348.07707485187 61.19540228349 2599.77344 -4.48 -1.8100000000000014 -0.2608637619018559 0.24745458602905268 0.44640106 0.44640106 -23.795 21.465 4.4308361226987625 24.204014827011907 1.977929940208677 21.10537712074142
347.78340264335 60.77474897232 0.0086 0.0092 12.6822 "" 4279-1947-1 2014079902202853760 2820.39282 0.306 0.0104 -3.552 -2.258 0.011 0.011 0.87 6130.1 2.6686 11.708574 0.77583 12.003799 11.227968 "" "" 2750.71655 2897.94141 390406.51207 78.704 215720.0 139.05 255840.0 78.886 "" "" 0.0027640002561263788 0.0028766019 0.0037941802 0.0066707823 347.78340264335 60.77474897232 2820.39282 -3.552 -2.258 0.6671362380981445 -0.20054541397094727 0.44240108 0.44240108 "" "" 9.312971322475697 "" 4.120068583399146 ""
348.13771237042 61.01889382178 0.0086 0.0088 15.6816 "" 4279-1955-1 2014091481434674048 2717.47168 0.3247 0.0103 -5.635 -2.598 0.012 0.011 0.869 "" "" 11.714375 0.827063 12.030882 11.203819 "" "" 2644.64673 2795.12305 388326.56099 297.31 210410.0 465.32 261600.0 546.61 "" "" 0.0028779822812660285 0.003681075 0.004407995 0.00808907 348.13771237042 61.01889382178 2717.47168 -5.635000000000003 -2.598 -1.4158637619018553 -0.5405454139709471 0.44340107 0.44240108 "" "" 19.52138321481569 "" 8.653321286962791 ""
348.00172526133 60.75965938523 0.0081 0.0085 16.9822 "" 4279-2161-1 2014067463977565312 2838.07568 0.3141 0.01 -3.713 -2.262 0.011 0.01 0.892 15252.1 3.4021 11.850989 1.094721 12.304623 11.209902 "" "" 2769.60156 2934.11011 342413.56527 76.932 163520.0 154.83 260130.0 78.329 "" "" 0.0027660975039203346 0.0029735344 0.003793496 0.0067670303 348.00172526133 60.75965938523 2838.07568 -3.713 -2.2620000000000013 0.5061362380981445 -0.20454541397094728 0.44240108 0.44140106 "" "" 7.343780928003479 "" 3.2478665944730896 ""
347.2353743869 60.99283905793 0.0132 0.0136 10.9716 "" "" 2014826990294686848 2409.68359 0.3982 0.0158 -3.278 -2.422 0.018 0.016 1.051 "" "" 11.972256 2.749234 13.525665 10.776431 -89.95 0.2 2324.38062 2507.6709 306227.59279 91.474 53107.0 69.375 387780.0 266.64 "" "" 0.0027743422214759187 0.0031299666 0.0038524119 0.0069823787 347.2353743869 60.99283905793 2409.68359 -3.2780000000000005 -2.422000000000001 0.9411362380981445 -0.3645454139709474 0.44940108 0.44740108 -44.765 1.5550001 11.527808644773957 46.2254864457966 5.177607580311513 1.9836453770514557
347.5511236788 61.09174915394 0.0087 0.0082 7.5948 "" 4279-249-1 2014851518848738688 2706.86328 0.3433 0.01 -4.57 -2.126 0.011 0.01 0.898 "" "" 12.041322 0.891086 12.392559 11.501473 "" "" 2622.56982 2782.9812 287354.60246 75.052 150800.0 121.5 198870.0 110.8 "" "" 0.0027698744308893223 0.002924088 0.003827486 0.0067515736 347.5511236788 61.09174915394 2706.86328 -4.57 -2.126 -0.35086376190185575 -0.06854541397094716 0.44240108 0.44140106 "" "" 4.586872160688981 "" 2.0290687566002825 ""
348.00679074813 60.7430032405 0.0076 0.0083 17.8298 "" 4279-1125-1 2014066639343844864 2774.21997 0.3387 0.0094 -4.44 -1.896 0.01 0.01 0.916 "" "" 12.109879 0.871194 12.452156 11.580962 "" "" 2699.45605 2840.9646 269771.03106 46.735 142740.0 92.163 184830.0 57.123 "" "" 0.0027617328169892903 0.0028768887 0.0037942487 0.006671137 348.00679074813 60.7430032405 2774.21997 -4.4399999999999995 -1.896 -0.22086376190185586 0.16145458602905283 0.44140106 0.44140106 "" "" 3.597579926928483 "" 1.587975608995573 ""
348.10986868083 60.97024855394 0.0082 0.0084 14.5866 "" 4279-279-1 2014090042628166656 2798.62524 0.3368 0.0098 -4.453 -1.908 0.011 0.01 0.954 "" "" 12.135482 0.699469 12.396369 11.6969 "" "" 2724.84619 2883.98926 263483.95016 72.536 150270.0 125.88 166110.0 131.81 "" "" 0.0027714851111863173 0.0029346657 0.0038763364 0.0068110023 348.10986868083 60.97024855394 2798.62524 -4.453000000000004 -1.9079999999999997 -0.23386376190185576 0.14945458602905282 0.44240108 0.44140106 "" "" 3.6817138194598984 "" 1.6277273991591523 ""
347.50078317946 60.84922396528 0.0119 0.0116 7.8101 "" "" 2014833175047833856 2664.37378 0.3658 0.0141 -1.733 -0.051 0.016 0.014 1.013 4610.9 1.5597 12.449597 2.814971 14.055794 11.240823 -36.79 0.36 2565.28076 2780.32983 197291.25865 61.757 32591.0 44.022 252830.0 125.54 "" "" 0.0027762016526546034 0.0031521122 0.0038176388 0.006969751 347.50078317946 60.84922396528 2664.37378 -1.7329999999999999 -0.0510000000000004 2.4861362380981444 2.0064545860290526 0.44740108 0.44540107 8.395000000000003 1.715 40.34752305081451 41.21163235466423 18.019739651358638 17.645367527288712
347.43788643139 60.89701007682 0.0122 0.0121 6.5691 "" "" 2014834515077554560 2700.42554 0.3578 0.0144 -3.513 -2.419 0.017 0.015 1.45 5856.5 2.7035 12.472553 0.954729 12.85056 11.895831 "" "" 2588.42358 2792.86768 193163.73692 146.53 98899.0 251.07 138300.0 307.31 "" "" 0.0028757840911917193 0.003922023 0.0044837696 0.0084057925 347.43788643139 60.89701007682 2700.42554 -3.512999999999999 -2.418999999999998 0.7061362380981446 -0.3615454139709473 0.44840106 0.44640106 "" "" 10.154403453008836 "" 4.549034607378259 ""
347.85903202758 60.67284043602 0.0085 0.0088 19.1783 "" "" 2014065917789341312 2894.05005 0.3346 0.0102 -3.772 -2.354 0.011 0.011 1.016 5750.9 2.7033 12.476764 1.284615 13.030878 11.746263 "" "" 2803.38354 2984.25391 192416.0006 691.19 83766.0 614.59 158730.0 2082.2 "" "" 0.004775238860694767 0.008440539 0.014735465 0.023176003 347.85903202758 60.67284043602 2894.05005 -3.7719999999999994 -2.354 0.44713623809814473 -0.29654541397094736 0.44240108 0.44240108 "" "" 7.360080791733944 "" 3.2561077008923296 ""
348.15214707945 61.01140626315 0.0198 0.0206 16.017 "" "" 2014090729822903808 2756.58105 0.3487 0.024 -3.754 -1.855 0.027 0.025 1.157 "" "" 12.707065 3.189784 14.605684 11.4159 -97.9 2.18 2616.83545 2923.79395 155639.8352 144.46 19640.0 62.94 215180.0 471.01 "" "" 0.0029338271749072666 0.004459996 0.0044645113 0.008924507 348.15214707945 61.01140626315 2756.58105 -3.7540000000000022 -1.8550000000000015 0.4651362380981445 0.20245458602905275 0.45840108 0.45640108 -52.715 3.535 6.6283037361158454 53.13008220789996 3.0363140370693156 3.5277785814869054
348.22668236813 61.00100460856 0.0091 0.009 18.0853 "" "" 2014090519362000512 2607.40405 0.3687 0.0106 -3.568 -2.15 0.012 0.011 0.968 "" "" 12.775323 1.089755 13.225309 12.135554 "" "" 2547.7124 2675.19019 146156.3709 30.316 70031.0 51.288 110900.0 44.12 "" "" 0.002764508417734591 0.0029012607 0.0038039852 0.006705246 348.22668236813 61.00100460856 2607.40405 -3.568 -2.15 0.6511362380981445 -0.09254541397094718 0.44340107 0.44240108 "" "" 8.128330403903773 "" 3.603949619168779 ""
347.78775131826 61.24881920338 0.009 0.0085 17.6113 "" "" 2014854890402169984 2635.62598 0.3664 0.0107 -4.394 -2.038 0.012 0.01 0.961 "" "" 12.783918 1.147695 13.263363 12.115667 "" "" 2566.18726 2705.1106 145003.86233 44.93 67619.0 63.701 112950.0 107.16 "" "" 0.0027757823197989383 0.002971737 0.003917243 0.00688898 347.78775131826 61.24881920338 2635.62598 -4.394000000000001 -2.0380000000000016 -0.1748637619018556 0.019454586029052923 0.44340107 0.44140106 "" "" 2.198028153577359 "" 0.9745544030815211 ""
347.73341500369 61.16159806482 0.0169 0.0155 12.1477 "" "" 2014853309854266624 2812.77637 0.3436 0.019 -1.925 -2.139 0.022 0.019 1.404 4643.9 1.9755 12.877608 2.503249 14.245884 11.742635 -55.4 0.3 2647.19727 2993.98096 133015.8985 33.569 27357.0 31.319 159260.0 69.615 "" "" 0.0027689110460945216 0.0030545122 0.0038090635 0.0068635754 347.73341500369 61.16159806482 2812.77637 -1.9249999999999998 -2.139 2.2941362380981447 -0.08154541397094706 0.4534011 0.45040107 -10.214999999999996 1.655 30.606025434004483 32.26569413273065 13.876689773167962 13.173330720014759
347.5720514385 60.99096348971 0.0081 0.0083 1.732 "" "" 2014838329008459648 3017.57495 0.3052 0.0096 -4.469 -1.769 0.011 0.01 0.982 5956.5 2.7463 13.044782 0.826016 13.364449 12.538432 "" "" 2937.52002 3117.271 114033.97036 27.749 61608.0 51.215 76522.0 36.741 "" "" 0.002767958186377037 0.0029325234 0.0038151648 0.006747688 347.5720514385 60.99096348971 3017.57495 -4.469 -1.769000000000001 -0.24986376190185577 0.28845458602905283 0.44240108 0.44140106 "" "" 5.458504625817434 "" 2.4117312495443493 ""
348.15575683176 61.04693723977 0.0082 0.0085 16.5881 "" "" 2014091554456600960 2614.34155 0.3498 0.0099 -2.62 -3.246 0.011 0.011 1.069 "" "" 13.150268 1.967353 14.13693 12.169578 -53.64 0.64 2546.40747 2674.57104 103475.99145 20.069 30244.0 23.568 107480.0 31.688 "" "" 0.002763355202349687 0.0029156283 0.0037929136 0.006708542 348.15575683176 61.04693723977 2614.34155 -2.6199999999999997 -3.2460000000000018 1.5991362380981444 -1.1885454139709473 0.44240108 0.44240108 -8.454999999999998 1.995 24.690460357009925 26.09800485939641 10.923086360319255 10.354163101385444
347.59602176224 60.80637723193 0.0085 0.0082 9.7229 "" "" 2014081521413053056 2956.28491 0.3124 0.0098 -3.641 -2.18 0.011 0.01 0.942 5857.4 2.6554 13.159675 0.867769 13.498194 12.630425 "" "" 2881.86328 3036.77319 102583.31016 21.725 54468.0 37.396 70305.0 24.344 "" "" 0.0027648978401853793 0.00288803 0.0037980345 0.0066860644 347.59602176224 60.80637723193 2956.28491 -3.6410000000000022 -2.1800000000000015 0.5781362380981445 -0.12254541397094743 0.44240108 0.44140106 "" "" 8.281297027903724 "" 3.663299061162587 ""
347.34097920697 61.11902032661 0.0096 0.0084 11.9312 "" "" 2014855130920330240 2639.54614 0.3477 0.0109 -2.374 -1.752 0.013 0.01 0.985 "" "" 13.161324 1.157579 13.644659 12.487081 "" "" 2584.64233 2737.93994 102427.57353 17.594 47594.0 35.608 80228.0 43.494 "" "" 0.0027616246232239888 0.002906009 0.003824943 0.0067309523 347.34097920697 61.11902032661 2639.54614 -2.374000000000002 -1.7520000000000004 1.8451362380981444 0.30545458602905273 0.4444011 0.44140106 "" "" 23.399520811560294 "" 10.39690608162181 ""
347.56875720773 60.97889511414 0.0085 0.0086 1.3307 "" "" 2014838088490305024 2965.21045 0.3062 0.0101 -4.328 -1.821 0.011 0.01 0.946 "" "" 13.168629 0.872038 13.508886 12.636848 "" "" 2880.27124 3067.14673 101740.84247 21.907 53934.0 40.764 69891.0 28.819 "" "" 0.0027652203579107463 0.0029083423 0.0038058057 0.006714148 347.56875720773 60.97889511414 2965.21045 -4.328 -1.8209999999999988 -0.10886376190185576 0.23645458602905278 0.44240108 0.44140106 "" "" 3.65870386910719 "" 1.6155962835006439 ""
348.12188405481 60.75029823459 0.0087 0.009 19.8927 "" "" 2014072313003395840 2690.19653 0.3338 0.0105 -6.555 -3.627 0.011 0.011 1.06 "" "" 13.279058 2.404964 14.572783 12.16782 -60.67 0.69 2623.25269 2771.81006 91901.68339 27.912 20244.0 19.542 107650.0 47.816 "" "" 0.002774982518012109 0.0029805256 0.0038100267 0.0067905523 348.12188405481 60.75029823459 2690.19653 -6.555 -3.626999999999999 -2.335863761901855 -1.569545413970947 0.44240108 0.44240108 -15.485 2.045 35.88538429202424 39.083833368622635 15.875732814505305 14.599033315992747
347.6887176788 60.98422286519 0.0086 0.009 2.5118 "" "" 2014836645381325056 2917.66772 0.3121 0.0102 -3.75 -2.207 0.011 0.01 1.003 "" "" 13.364517 1.046083 13.792343 12.74626 "" "" 2841.31909 3005.36279 84945.38984 17.512 41541.0 32.575 63191.0 24.728 "" "" 0.002764396808690439 0.0029171773 0.0038031887 0.006720366 347.6887176788 60.98422286519 2917.66772 -3.75 -2.207 0.46913623809814453 -0.14954541397094712 0.44240108 0.44140106 "" "" 6.809694543227267 "" 3.011988737150999 ""
347.51184224336 61.23893169469 0.0145 0.0147 16.4798 "" "" 2014856917626665984 2755.10034 0.3358 0.018 -2.39 -1.304 0.02 0.018 1.57 "" "" 13.398682 0.826744 13.718697 12.891953 "" "" 2624.78613 2905.03833 82314.10784 20.741 44457.0 44.355 55256.0 26.507 "" "" 0.0027688686895520616 0.00299307 0.003815102 0.006808172 347.51184224336 61.23893169469 2755.10034 -2.389999999999999 -1.3039999999999996 1.8291362380981444 0.7534545860290527 0.45140108 0.44940108 "" "" 25.834182549010784 "" 11.654097052674974 ""
347.86839847004 61.03674318601 0.009 0.0097 8.5922 "" "" 2014837023338452096 2454.10767 0.3575 0.0109 -2.041 -0.126 0.012 0.012 1.077 4759.3 1.279 13.413775 2.811349 15.016342 12.204993 -1.47 0.56 2391.64111 2523.71387 81177.77447 31.618 13455.0 22.003 104030.0 43.136 "" "" 0.0027875832743763525 0.0033071851 0.0038061014 0.0071132863 347.86839847004 61.03674318601 2454.10767 -2.0410000000000004 -0.12600000000000025 2.1781362380981446 1.9314545860290528 0.44340107 0.44340107 43.715 1.915 33.86386601057369 55.29704012134906 15.015274370902837 9.319132158441487
347.74847708876 61.22464927801 0.0137 0.0142 15.9043 "" "" 2014854787322966144 2460.17358 0.3745 0.0176 -2.124 0.791 0.019 0.016 1.486 4985.7 2.5677 13.418193 2.243593 14.595344 12.35175 -32.67 0.72 2348.23608 2569.28003 80848.06408 17.087 19828.0 24.933 90878.0 42.146 "" "" 0.0027648588696200255 0.0031062874 0.0038127766 0.006919064 347.74847708876 61.22464927801 2460.17358 -2.124000000000002 0.7910000000000001 2.0951362380981444 2.8484545860290527 0.45040107 0.44740108 12.515 2.075 41.23407280399977 43.09146069705173 18.491691489916782 17.704896266757597
347.95709098959 61.07047086422 0.0088 0.0091 11.8333 "" "" 2014843031993606528 2900.03271 0.3161 0.0105 -4.904 -1.7 0.011 0.011 1.001 "" "" 13.420597 1.184096 13.918375 12.734279 "" "" 2805.36133 2996.03369 80669.21249 15.015 36989.0 19.375 63892.0 25.848 "" "" 0.0027627213406801613 0.0028475397 0.0038048208 0.006652361 347.95709098959 61.07047086422 2900.03271 -4.904 -1.7 -0.6848637619018554 0.3574545860290528 0.44240108 0.44240108 "" "" 10.619402144320103 "" 4.6980349916576225 ""
347.57931319615 61.10696301882 0.0106 0.0094 8.3639 "" "" 2014851626227092480 2687.39941 0.3383 0.0118 -3.774 -2.034 0.014 0.011 1.051 4831.0 2.34 13.424665 2.210804 14.580852 12.370048 -58.44 1.31 2608.39771 2785.9104 80367.50504 22.258 20094.0 21.145 89359.0 39.322 "" "" 0.00277167971547067 0.0030150309 0.0038094611 0.006824492 347.57931319615 61.10696301882 2687.39941 -3.774 -2.034 0.4451362380981445 0.023454586029052926 0.44540107 0.44240108 -13.254999999999995 2.665 5.678132797961746 14.4199936571168 2.52899943453547 2.6443708571240125
