Clusters/LP_1821/LP_1821_stars_in_region.tsv
# %ECSV 1.0
# ---
# datatype:
# - name: RA_ICRS_1
#   unit: deg
#   datatype: float64
#   format: '{:15.11f}'
#   description: Right ascension (ICRS) at Ep=2016.0 (ra)
#   meta: !!omap
#   - {ucd: POS_EQ_RA_MAIN}
#   - {width: 15}
#   - {precision: '11'}
# - name: DE_ICRS_1
#   unit: deg
#   datatype: float64
#   format: '{:15.11f}'
#   description: Declination (ICRS) at Ep=2016.0 (dec)
#   meta: !!omap
#   - {ucd: POS_EQ_DEC_MAIN}
#   - {width: 15}
#   - {precision: '11'}
# - name: e_RA_ICRS
#   unit: mas
#   datatype: float64
#   format: '{:7.4f}'
#   description: Standard error of right ascension (ra_error)
#   meta: !!omap
#   - {ucd: ERROR}
#   - {width: 7}
#   - {precision: '4'}
# - name: e_DE_ICRS
#   unit: mas
#   datatype: float64
#   format: '{:7.4f}'
#   description: Standard error of declination (dec_error)
#   meta: !!omap
#   - {ucd: ERROR}
#   - {width: 7}
#   - {precision: '4'}
# - name: _r_1
#   unit: ''
#   datatype: float64
#   format: '{:7.4f}'
#   description: Distance from center (347.60891511000+60.96830366000)[ICRS], at Epoch=J2016.0
#   meta: !!omap
#   - {ucd: POS_ANG_DIST_GENERAL}
#   - {width: 7}
#   - {precision: '4'}
# - name: HIP
#   datatype: int32
#   description: '? HIP cross-id number, van Leeuwen, Cat. I/311 (hip_original_ext_source_id)'
#   meta: !!omap
#   - {ucd: ID_NUMBER}
#   - {width: 6}
#   - values: {'null': -2147483648}
# - name: TYC2
#   datatype: string
#   description: Tycho-2 cross-id name, Hog et al., Cat. I/259 (tyc2_original_ext_source_id)
#   meta: !!omap
#   - {ucd: ID_CROSSID}
#   - {_votable_string_dtype: char}
# - name: Source
#   datatype: int64
#   description: Source identifier, identical to the Gaia-EDR3 source_id (id)
#   meta: !!omap
#   - {ucd: ID_MAIN}
#   - {width: 19}
# - name: rgeo
#   unit: pc
#   datatype: float64
#   format: '{:15.8f}'
#   description: '? Median of the geometric distance posterior (r_med_geo)'
#   meta: !!omap
#   - {ucd: PHYS_DISTANCE_TRUE}
#   - {width: 15}
#   - {precision: '8'}
#   - values: {'null': .nan}
# - name: Plx
#   unit: mas
#   datatype: float64
#   format: '{:9.4f}'
#   description: '? Parallax (parallax)'
#   meta: !!omap
#   - {ucd: POS_PARLX_TRIG}
#   - {width: 9}
#   - {precision: '4'}
#   - values: {'null': .nan}
# - name: e_Plx
#   unit: mas
#   datatype: float32
#   format: '{:7.4f}'
#   description: '? Standard error of parallax (parallax_error)'
#   meta: !!omap
#   - {ucd: ERROR}
#   - {width: 7}
#   - {precision: '4'}
#   - values: {'null': .nan}
# - name: pmRA
#   unit: mas / yr
#   datatype: float64
#   format: '{:9.3f}'
#   description: '? Proper motion in right ascension direction, pmRA*cosDE (pmra)'
#   meta: !!omap
#   - {ucd: POS_EQ_PMRA}
#   - {width: 9}
#   - {precision: '3'}
#   - values: {'null': .nan}
# - name: pmDE
#   unit: mas / yr
#   datatype: float64
#   format: '{:9.3f}'
#   description: '? Proper motion in declination direction (pmdec)'
#   meta: !!omap
#   - {ucd: POS_EQ_PMDEC}
#   - {width: 9}
#   - {precision: '3'}
#   - values: {'null': .nan}
# - name: e_pmRA
#   unit: mas / yr
#   datatype: float32
#   format: '{:6.3f}'
#   description: '? Standard error of proper motion in right ascension direction (pmra_error)'
#   meta: !!omap
#   - {ucd: ERROR}
#   - {width: 6}
#   - {precision: '3'}
#   - values: {'null': .nan}
# - name: e_pmDE
[...]
#         value: !astropy.table.SerializedColumn {name: SkyCoord.dec}
#       distance: !astropy.table.SerializedColumn
#         __class__: astropy.coordinates.distances.Distance
#         unit: !astropy.units.Unit {unit: pc}
#         value: !astropy.table.SerializedColumn {name: SkyCoord.distance}
#       frame: icrs
#       obstime: !astropy.time.Time {format: jyear_str, in_subfmt: '*', jd1: 367701545.0, jd2: 0.0, out_subfmt: '*', precision: 3, scale: tt}
#       pm_dec: !astropy.table.SerializedColumn
#         __class__: astropy.units.quantity.Quantity
#         unit: !astropy.units.Unit {unit: mas / yr}
#         value: !astropy.table.SerializedColumn {name: SkyCoord.pm_dec}
#       pm_ra_cosdec: !astropy.table.SerializedColumn
#         __class__: astropy.units.quantity.Quantity
#         unit: !astropy.units.Unit {unit: mas / yr}
#         value: !astropy.table.SerializedColumn {name: SkyCoord.pm_ra_cosdec}
#       ra: !astropy.table.SerializedColumn
#         __class__: astropy.coordinates.angles.Longitude
#         unit: *id001
#         value: !astropy.table.SerializedColumn {name: SkyCoord.ra}
#         wrap_angle: !astropy.coordinates.Angle
#           unit: *id001
#           value: 360.0
#       representation_type: spherical
# schema: astropy-2.0
RA_ICRS_1 DE_ICRS_1 e_RA_ICRS e_DE_ICRS _r_1 HIP TYC2 Source rgeo Plx e_Plx pmRA pmDE e_pmRA e_pmDE RUWE Teff logg Gmag BP-RP BPmag RPmag RV e_RV b_rgeo B_rgeo FG e_FG FBP e_FBP FRP e_FRP RAVE5 RAVE6 e_Gmag e_BPmag e_RPmag e_BP-RP SkyCoord.ra SkyCoord.dec SkyCoord.distance SkyCoord.pm_ra_cosdec SkyCoord.pm_dec rmRA rmDE e_rmRA e_rmDE rRV e_rRV v_pec v_pec3d e_vpec e_vpec3d
[from data line 280]
347.58212007639 61.21269026709 0.0274 0.0253 14.6838 "" "" 2014856058633250688 2628.66064 0.3616 0.0314 -4.585 -2.499 0.035 0.03 0.977 8098.6 3.7239 16.026031 1.249947 16.552467 15.302521 "" "" 2379.54346 2847.46484 7320.39087 2.6891 3269.1 9.2133 6000.0 17.24 "" "" 0.002784036906207118 0.0041410397 0.004900627 0.009041667 347.58212007639 61.21269026709 2628.66064 -4.585 -2.498999999999999 -0.36586376190185543 -0.4415454139709474 0.46640107 0.46140108 "" "" 7.144816537636446 "" 3.3112151784767345 ""
347.79926667913 60.881059206 0.0249 0.027 7.6293 "" "" 2014083686076559616 2497.39844 0.3896 0.0309 -2.798 0.195 0.033 0.032 0.94 5343.7 3.601 16.03126 1.835033 16.929806 15.094773 "" "" 2315.30713 2721.69702 7285.21985 2.9587 2309.4 8.1766 7265.2 12.39 "" "" 0.002790379944605523 0.004749987 0.004208582 0.008958569 347.79926667913 60.881059206 2497.39844 -2.798000000000001 0.19500000000000026 1.4211362380981445 2.2524545860290526 0.46440107 0.46340108 "" "" 31.52729164220135 "" 14.618764486864704 ""
347.11618531672 60.87725775657 0.0279 0.0277 15.3711 "" "" 2014813139019400960 2640.79614 0.3576 0.0331 -5.478 -2.145 0.037 0.036 1.047 7783.9 3.6166 16.031622 1.334334 16.618896 15.284562 "" "" 2443.81567 2833.98511 7282.79884 2.9472 3075.1 9.6924 6100.0 9.3781 "" "" 0.0027901326158358045 0.004415429 0.0041315816 0.008547011 347.11618531672 60.87725775657 2640.79614 -5.477999999999998 -2.1450000000000005 -1.2588637619018552 -0.08754541397094728 0.46840107 0.4674011 "" "" 15.795726253928184 "" 7.398659205646581 ""
347.88149659549 60.97558472876 0.0267 0.0265 7.948 "" "" 2014835855107420160 2934.8396 0.3319 0.0318 -0.288 -1.28 0.036 0.033 1.064 7924.2 3.5599 16.035143 1.405274 16.659018 15.253743 "" "" 2652.19849 3260.78784 7259.21374 2.7579 2963.5 9.1767 6275.7 10.189 "" "" 0.002786025348022191 0.0043690405 0.0041702585 0.008539299 347.88149659549 60.97558472876 2934.8396 -0.2879999999999999 -1.2800000000000011 3.9311362380981447 0.7774545860290527 0.4674011 0.46440107 "" "" 55.74578809864847 "" 26.049366531233424 ""
348.02476959394 61.14419665009 0.03 0.029 16.037 "" "" 2014846437906701440 2654.72949 0.3541 0.0356 -3.237 -0.961 0.039 0.036 1.026 "" "" 16.03719 1.495896 16.701921 15.206025 "" "" 2442.07202 2918.24072 7245.54885 3.3568 2848.7 9.4496 6557.7 19.563 "" "" 0.002800858911240021 0.0045559085 0.0049774204 0.009533329 348.02476959394 61.14419665009 2654.72949 -3.2369999999999997 -0.9609999999999996 0.9821362380981444 1.0964545860290529 0.47040108 0.4674011 "" "" 18.52287752700181 "" 8.68239431289966 ""
348.09801497882 60.82478919866 0.0264 0.0258 16.6697 "" "" 2014073687392847104 2809.63647 0.337 0.0312 -4.333 -1.958 0.034 0.032 0.953 9250.0 3.6049 16.039207 1.13654 16.51469 15.37815 "" "" 2548.28882 3034.74121 7232.08397 2.6033 3384.9 8.5044 5596.3 8.4037 "" "" 0.002782900557965247 0.0039020854 0.0041160574 0.008018143 348.09801497882 60.82478919866 2809.63647 -4.333 -1.9580000000000002 -0.11386376190185565 0.09945458602905277 0.46540108 0.46340108 "" "" 2.0134006807036973 "" 0.9352983474648487 ""
346.99752271965 61.09101802474 0.0315 0.0309 19.233 "" "" 2014877808347577216 2760.45117 0.3235 0.0382 -3.535 -2.064 0.045 0.041 1.115 7816.5 3.4557 16.039694 2.736932 17.573908 14.836976 "" "" 2519.78979 3049.01831 7228.84992 4.2641 1276.0 8.9562 9212.3 18.21 "" "" 0.0028287736641046633 0.008115466 0.0043462417 0.012461707 346.99752271965 61.09101802474 2760.45117 -3.535 -2.063999999999999 0.6841362380981444 -0.0065454139709473225 0.4764011 0.47240108 "" "" 8.952016663027624 "" 4.264747237877962 ""
347.97360047292 60.94977128093 0.0268 0.0302 10.6799 "" "" 2014084265897932160 2596.52686 0.3635 0.0326 -2.537 -1.436 0.036 0.038 1.047 9832.6 4.0423 16.046547 1.321022 16.580418 15.259396 "" "" 2421.2998 2796.40039 7183.37177 3.5633 3186.0 36.986 6243.1 39.389 "" "" 0.0028074642102316823 0.01290935 0.007823557 0.020732906 347.97360047292 60.94977128093 2596.52686 -2.5369999999999977 -1.436 1.6821362380981446 0.6214545860290528 0.4674011 0.46940106 "" "" 22.070637354357817 "" 10.321151027635802 ""
347.99453276886 61.12726639814 0.0281 0.0268 14.7109 "" "" 2014846403546971904 2920.80542 0.3151 0.0335 -3.502 -2.093 0.037 0.034 1.035 7998.8 4.055 16.05159 1.246186 16.584896 15.33871 "" "" 2679.77173 3226.39722 7150.08317 3.0127 3172.9 8.5947 5803.3 8.8579 "" "" 0.002793040358122619 0.00405397 0.0041267546 0.008180724 347.99453276886 61.12726639814 2920.80542 -3.5019999999999984 -2.0930000000000004 0.7171362380981448 -0.03554541397094724 0.46840107 0.46540108 "" "" 9.940665540265432 "" 4.656145566983409 ""
347.37157312093 60.94396147277 0.0284 0.0276 7.0661 "" "" 2014815067465564928 2549.35913 0.3725 0.033 -4.457 -1.818 0.041 0.035 1.025 9474.1 3.7488 16.059942 1.17038 16.552488 15.382109 "" "" 2403.95044 2755.74292 7095.28662 3.0329 3269.0 12.3 5575.9 6.6649 "" "" 0.002794132975497273 0.00494712 0.003995995 0.008943114 347.37157312093 60.94396147277 2549.35913 -4.456999999999998 -1.8179999999999998 -0.23786376190185532 0.23945458602905267 0.47240108 0.46640107 "" "" 4.078541669966922 "" 1.9144293916108703 ""
347.71279537507 60.87092520631 0.0264 0.0285 6.5814 "" "" 2014082895802558976 2991.66113 0.3176 0.0319 -4.367 -1.78 0.036 0.035 0.996 "" "" 16.065868 1.087439 16.518175 15.430736 "" "" 2724.97778 3284.58057 7056.66435 2.8363 3374.0 14.338 5331.7 13.796 "" "" 0.002789664415994855 0.005391946 0.0047091814 0.010101127 347.71279537507 60.87092520631 2991.66113 -4.367000000000003 -1.7799999999999998 -0.14786376190185546 0.2774545860290527 0.4674011 0.46640107 "" "" 4.4582818495461085 "" 2.0803344037207663 ""
347.71551153518 60.75531025309 0.0262 0.0272 13.1536 "" "" 2014078390375379968 2518.83765 0.3739 0.0323 0.304 0.64 0.034 0.033 0.973 6795.9 4.057 16.071592 1.532744 16.777481 15.244738 "" "" 2302.17871 2799.9458 7019.56037 2.8146 2657.2 8.6822 6328.0 9.5761 "" "" 0.0027895004029778454 0.00451334 0.0041210786 0.008634418 347.71551153518 60.75531025309 2518.83765 0.304 0.64 4.523136238098145 2.697454586029053 0.46540108 0.46440107 "" "" 62.87714016827449 "" 29.246606178127248 ""
348.16121715832 61.14816875884 0.0284 0.0272 19.3293 "" "" 2014843757847556864 2722.54395 0.3425 0.0338 -4.211 -0.47 0.037 0.036 1.063 "" "" 16.077404 1.972908 17.06669 15.093782 "" "" 2495.51587 2965.28369 6982.09103 2.7217 2035.8 7.9606 7271.9 10.173 "" "" 0.002787636128150857 0.0050803376 0.0040731737 0.009153511 348.16121715832 61.14816875884 2722.54395 -4.210999999999997 -0.47 0.008136238098144233 1.5874545860290528 0.46840107 0.4674011 "" "" 20.486145597585015 "" 9.575247265277916 ""
347.78989888525 61.10935375969 0.0277 0.0255 9.9634 "" "" 2014841318305642240 2833.99585 0.3361 0.032 -4.572 -2.683 0.035 0.031 0.953 7991.4 3.8001 16.079258 1.455149 16.728216 15.273067 "" "" 2581.4873 3092.34521 6970.17908 3.0801 2780.5 11.849 6165.0 12.333 "" "" 0.0027967805585922844 0.005403014 0.0043590497 0.009762064 347.78989888525 61.10935375969 2833.99585 -4.571999999999997 -2.6829999999999985 -0.35286376190185553 -0.6255454139709471 0.46640107 0.46240106 "" "" 9.647762366253616 "" 4.470481511104304 ""
346.95562263791 60.94120085034 0.0291 0.0293 19.0997 "" "" 2014825890783024896 2646.97681 0.3569 0.0345 0.93 1.126 0.039 0.038 0.936 "" "" 16.087334 1.266471 16.63593 15.369458 "" "" 2403.97314 2887.86768 6918.5218 2.8308 3027.2 9.2537 5641.2 10.598 "" "" 0.0027909032383640663 0.0043359394 0.0042946828 0.008630622 346.95562263791 60.94120085034 2646.97681 0.93 1.126 5.149136238098144 3.1834545860290526 0.47040108 0.46940106 "" "" 75.95450558646922 "" 35.70809321002355 ""
347.94767868932 60.97982023404 0.0273 0.0276 9.8864 "" "" 2014085300984219520 2742.83154 0.3448 0.0325 -4.577 -1.769 0.037 0.034 1.067 "" "" 16.08911 1.237667 16.617195 15.379528 "" "" 2487.76562 3064.23047 6907.21535 2.6218 3079.9 7.1257 5589.2 11.093 "" "" 0.002785970220121006 0.0037543392 0.0043505454 0.008104885 347.94767868932 60.97982023404 2742.83154 -4.577000000000001 -1.7690000000000003 -0.3578637619018554 0.28845458602905283 0.46840107 0.46540108 "" "" 5.9758403035117835 "" 2.792043333810451 ""
348.0493660949 60.94788539881 0.027 0.0278 12.8873 "" "" 2014089905189216384 2673.10767 0.3698 0.0323 -4.525 -1.77 0.036 0.033 1.006 7507.1 3.8126 16.093336 1.374189 16.70321 15.329021 "" "" 2423.81885 2859.75781 6880.37642 4.7518 2845.3 13.416 5855.3 13.41 "" "" 0.00285553037489545 0.0058303797 0.0045240303 0.01035441 348.0493660949 60.94788539881 2673.10767 -4.5249999999999995 -1.77 -0.3058637619018558 0.2874545860290527 0.4674011 0.46440107 "" "" 5.318345199409593 "" 2.478330117435587 ""
348.05013900944 61.02575608162 0.0266 0.0277 13.2906 "" "" 2014091382657905152 2478.9043 0.398 0.0321 -3.55 -1.704 0.037 0.034 1.023 8402.6 4.1214 16.104181 1.56614 16.828627 15.262486 "" "" 2251.66992 2725.72681 6811.99137 2.935 2534.9 11.189 6225.3 9.1763 "" "" 0.002794749418509376 0.005545478 0.0041042715 0.00964975 348.05013900944 61.02575608162 2478.9043 -3.5500000000000003 -1.704 0.6691362380981447 0.3534545860290528 0.46840107 0.46540108 "" "" 8.89183974284158 "" 4.159142565516889 ""
347.54377707566 61.01389503619 0.0275 0.0275 3.3279 "" "" 2014839119282405376 3135.89404 0.3009 0.0326 -1.719 -1.637 0.037 0.033 0.936 "" "" 16.105553 1.389873 16.723282 15.333409 "" "" 2801.47241 3489.64868 6803.3898 2.5637 2793.2 8.7864 5831.7 10.468 "" "" 0.002785530552797585 0.0044101654 0.004252293 0.0086624585 347.54377707566 61.01389503619 3135.89404 -1.7190000000000007 -1.6370000000000007 2.5001362380981442 0.4204545860290527 0.46840107 0.46440107 "" "" 37.68421935283511 "" 17.647200151198884 ""
347.77167092495 60.77125912178 0.028 0.0305 12.7426 "" "" 2014079906505439744 2537.27563 0.3747 0.0342 -4.564 -2.477 0.036 0.036 1.09 9104.2 4.4574 16.107239 1.139903 16.593481 15.453578 "" "" 2336.70288 2780.15063 6792.84106 2.9081 3147.9 8.2321 5220.7 6.8335 "" "" 0.0027942520312845363 0.0039808005 0.004037745 0.008018546 347.77167092495 60.77125912178 2537.27563 -4.563999999999996 -2.4769999999999994 -0.3448637619018555 -0.41954541397094713 0.4674011 0.4674011 "" "" 6.5316021797447075 "" 3.0528779605197967 ""
347.01300987494 60.9417518011 0.0295 0.0301 17.4315 "" "" 2014826200020685440 2484.29517 0.3784 0.034 -4.778 -3.419 0.04 0.039 0.975 "" "" 16.10739 1.41136 16.741858 15.330498 "" "" 2298.14795 2730.66772 6791.8913 2.7809 2745.8 10.876 5847.4 10.227 "" "" 0.002790951912294269 0.005126386 0.0042296187 0.009356005 347.01300987494 60.9417518011 2484.29517 -4.778 -3.4190000000000005 -0.558863761901855 -1.3615454139709473 0.47140107 0.47040108 "" "" 17.331025381038444 "" 8.155034180915422 ""
347.43353714957 61.11794682015 0.0319 0.03 10.3233 "" "" 2014852244702333184 2566.91455 0.375 0.0365 -0.866 -0.757 0.041 0.034 1.086 "" "" 16.109928 1.436807 16.756277 15.31947 "" "" 2362.20825 2866.79102 6776.03394 2.9463 2709.6 12.048 5907.0 12.45 "" "" 0.002795471212419687 0.0055759368 0.004418187 0.009994123 347.43353714957 61.11794682015 2566.91455 -0.866 -0.7570000000000001 3.3531362380981444 1.3004545860290526 0.47240108 0.46540108 "" "" 43.75906294854024 "" 20.632037380852744 ""
347.40786404596 61.04382564234 0.0279 0.027 7.3974 "" "" 2014850973392070400 2924.08545 0.3187 0.0321 -2.292 -1.501 0.039 0.034 1.012 7343.9 3.643 16.11449 1.688132 16.915508 15.227376 "" "" 2692.2229 3231.48853 6747.61908 2.6843 2340.0 8.0551 6430.0 7.963 "" "" 0.002788968548597249 0.004664101 0.00401144 0.008675542 347.40786404596 61.04382564234 2924.08545 -2.291999999999998 -1.5009999999999994 1.9271362380981447 0.5564545860290528 0.47040108 0.46540108 "" "" 27.801624730296194 "" 13.06726894891819 ""
347.06506628039 61.00065314149 0.0289 0.029 15.946 "" "" 2014829361116579328 2741.99512 0.3448 0.0341 -4.427 -1.786 0.041 0.038 1.08 9305.2 3.6619 16.114815 1.251247 16.651896 15.400648 "" "" 2521.20215 3049.48486 6745.60022 2.7887 2983.0 10.201 5481.5 10.32 "" "" 0.0027916410392722205 0.004644428 0.004296757 0.008941185 347.06506628039 61.00065314149 2741.99512 -4.427 -1.7859999999999991 -0.20786376190185507 0.2714545860290527 0.47240108 0.46940106 "" "" 4.44368092861119 "" 2.09080597485929 ""
347.60053145445 61.0935411347 0.0318 0.0309 7.5182 "" "" 2014851351349202944 2399.79224 0.3975 0.0373 -3.517 -1.426 0.041 0.035 0.954 8208.9 3.3815 16.114977 1.950755 17.082977 15.132222 "" "" 2213.29712 2626.09106 6744.5967 3.4344 2005.5 10.546 7018.9 9.9443 "" "" 0.0028102400692422333 0.006354694 0.004080437 0.01043513 347.60053145445 61.0935411347 2399.79224 -3.5170000000000026 -1.4259999999999995 0.7021362380981446 0.6314545860290528 0.47240108 0.46640107 "" "" 10.741593711883691 "" 5.045623736958376 ""
347.84093333079 61.23740082019 0.0291 0.0268 17.4912 "" "" 2014854684243764608 2673.8877 0.3532 0.0338 -4.494 -1.882 0.038 0.034 1.022 9246.1 3.5791 16.12216 1.522976 16.814775 15.2918 "" "" 2452.12451 2963.98584 6700.12593 2.9102 2567.5 10.269 6059.5 13.251 "" "" 0.0027953865778534786 0.005161641 0.0044632996 0.009624941 347.84093333079 61.23740082019 2673.8877 -4.494 -1.8819999999999997 -0.27486376190185524 0.17545458602905284 0.46940106 0.46540108 "" "" 4.132933298875634 "" 1.9352318127653843 ""
347.1956481763 60.7284862676 0.0315 0.0316 18.7866 "" "" 2014807473962730496 2601.03369 0.3619 0.0385 -4.77 -3.771 0.041 0.04 1.196 8930.3 4.1938 16.122374 1.532929 16.820107 15.287177 "" "" 2394.59058 2870.79248 6698.80099 8.0015 2554.9 12.329 6085.4 23.583 "" "" 0.003045271460638208 0.0059359875 0.005655759 0.0115917465 347.1956481763 60.7284862676 2601.03369 -4.769999999999998 -3.771 -0.550863761901855 -1.7135454139709472 0.47240108 0.47140107 "" "" 22.190953549574676 "" 10.462919735586828 ""
347.25075901235 61.01388676972 0.0277 0.0275 10.7741 "" "" 2014828124166038144 2744.09814 0.3515 0.0324 -2.559 -1.673 0.038 0.034 0.968 9350.3 4.146 16.124601 1.04655 16.55757 15.51102 "" "" 2488.2356 3042.05859 6685.07505 2.9834 3253.8 11.527 4951.7 10.972 "" "" 0.002797600450582576 0.0047517912 0.0044801226 0.009231914 347.25075901235 61.01388676972 2744.09814 -2.559000000000002 -1.673 1.6601362380981444 0.3844545860290527 0.46940106 0.46540108 "" "" 22.164893208406948 "" 10.39972994106003 ""
347.26435292272 60.96894946829 0.1276 0.1342 10.0328 "" "" 2014827093373932288 2529.95264 0.4514 0.1543 -5.055 -6.186 0.17 0.165 5.398 "" "" 16.125977 1.395875 16.67514 15.279265 "" "" 1831.20862 3452.61646 6676.61567 22.615 2919.9 8.9858 6129.9 14.344 "" "" 0.004595272801224142 0.004353069 0.0045539564 0.008907026 347.26435292272 60.96894946829 2529.95264 -5.055 -6.185999999999997 -0.8358637619018552 -4.128545413970947 0.6014011 0.5964011 "" "" 50.51391827260839 "" 30.136541365710503 ""
347.09033446658 60.81135352354 0.0265 0.0277 17.8272 "" "" 2014811940728631808 2772.68408 0.3356 0.0327 -6.911 -0.287 0.034 0.035 0.98 6010.5 3.5453 16.130732 1.831131 17.0202 15.18907 "" "" 2577.66382 3097.97852 6647.44105 2.6096 2124.9 9.2053 6660.9 10.249 "" "" 0.0027880927523221645 0.0054688416 0.004132147 0.009600989 347.09033446658 60.81135352354 2772.68408 -6.911000000000005 -0.287 -2.691863761901855 1.7704545860290528 0.46540108 0.46640107 "" "" 42.34389407031419 "" 19.719689631779385 ""
348.02965042213 60.95629471416 0.0282 0.0282 12.2743 "" "" 2014090111347630976 2674.41528 0.357 0.0336 -4.429 -1.827 0.036 0.035 0.993 "" "" 16.133858 1.11013 16.596193 15.486063 "" "" 2498.34961 2943.53418 6628.32521 2.9372 3140.1 8.0844 5066.8 13.029 "" "" 0.0027970102780458905 0.003949526 0.004698776 0.008648302 348.02965042213 60.95629471416 2674.41528 -4.429 -1.8269999999999997 -0.20986376190185574 0.23045458602905278 0.4674011 0.46640107 "" "" 3.951239146342243 "" 1.8446544951869013 ""
