Clusters/LP_1821/LP_1821_members.tsv
# %ECSV 1.0
# ---
# datatype:
# - name: RA_ICRS_1
#   unit: deg
#   datatype: float64
#   format: '{:15.11f}'
#   description: Right ascension (ICRS) at Ep=2016.0 (ra)
#   meta: !!omap
#   - {ucd: POS_EQ_RA_MAIN}
#   - {width: 15}
#   - {precision: '11'}
# - name: DE_ICRS_1
#   unit: deg
#   datatype: float64
#   format: '{:15.11f}'
#   description: Declination (ICRS) at Ep=2016.0 (dec)
#   meta: !!omap
#   - {ucd: POS_EQ_DEC_MAIN}
#   - {width: 15}
#   - {precision: '11'}
# - name: e_RA_ICRS
#   unit: mas
#   datatype: float64
#   format: '{:7.4f}'
#   description: Standard error of right ascension (ra_error)
#   meta: !!omap
#   - {ucd: ERROR}
#   - {width: 7}
#   - {precision: '4'}
# - name: e_DE_ICRS
#   unit: mas
#   datatype: float64
#   format: '{:7.4f}'
#   description: Standard error of declination (dec_error)
#   meta: !!omap
#   - {ucd: ERROR}
#   - {width: 7}
#   - {precision: '4'}
# - name: _r_1
#   unit: ''
#   datatype: float64
#   format: '{:7.4f}'
#   description: Distance from center (347.60891511000+60.96830366000)[ICRS], at Epoch=J2016.0
#   meta: !!omap
#   - {ucd: POS_ANG_DIST_GENERAL}
#   - {width: 7}
#   - {precision: '4'}
# - name: HIP
#   datatype: int32
#   description: '? HIP cross-id number, van Leeuwen, Cat. I/311 (hip_original_ext_source_id)'
#   meta: !!omap
#   - {ucd: ID_NUMBER}
#   - {width: 6}
#   - values: {'null': -2147483648}
# - name: TYC2
#   datatype: string
#   description: Tycho-2 cross-id name, Hog et al., Cat. I/259 (tyc2_original_ext_source_id)
#   meta: !!omap
#   - {ucd: ID_CROSSID}
#   - {_votable_string_dtype: char}
# - name: Source
#   datatype: int64
#   description: Source identifier, identical to the Gaia-EDR3 source_id (id)
#   meta: !!omap
#   - {ucd: ID_MAIN}
#   - {width: 19}
# - name: rgeo
#   unit: pc
#   datatype: float64
#   format: '{:15.8f}'
#   description: '? Median of the geometric distance posterior (r_med_geo)'
#   meta: !!omap
#   - {ucd: PHYS_DISTANCE_TRUE}
#   - {width: 15}
#   - {precision: '8'}
#   - values: {'null': .nan}
# - name: Plx
#   unit: mas
#   datatype: float64
#   format: '{:9.4f}'
#   description: '? Parallax (parallax)'
#   meta: !!omap
#   - {ucd: POS_PARLX_TRIG}
#   - {width: 9}
#   - {precision: '4'}
#   - values: {'null': .nan}
# - name: e_Plx
#   unit: mas
#   datatype: float32
#   format: '{:7.4f}'
#   description: '? Standard error of parallax (parallax_error)'
#   meta: !!omap
#   - {ucd: ERROR}
#   - {width: 7}
#   - {precision: '4'}
#   - values: {'null': .nan}
# - name: pmRA
#   unit: mas / yr
#   datatype: float64
#   format: '{:9.3f}'
#   description: '? Proper motion in right ascension direction, pmRA*cosDE (pmra)'
#   meta: !!omap
#   - {ucd: POS_EQ_PMRA}
#   - {width: 9}
#   - {precision: '3'}
#   - values: {'null': .nan}
# - name: pmDE
#   unit: mas / yr
#   datatype: float64
#   format: '{:9.3f}'
#   description: '? Proper motion in declination direction (pmdec)'
#   meta: !!omap
#   - {ucd: POS_EQ_PMDEC}
#   - {width: 9}
#   - {precision: '3'}
#   - values: {'null': .nan}
# - name: e_pmRA
#   unit: mas / yr
#   datatype: float32
#   format: '{:6.3f}'
#   description: '? Standard error of proper motion in right ascension direction (pmra_error)'
#   meta: !!omap
#   - {ucd: ERROR}
#   - {width: 6}
#   - {precision: '3'}
#   - values: {'null': .nan}
# - name: e_pmDE
[...]
#       distance: !astropy.table.SerializedColumn
#         __class__: astropy.coordinates.distances.Distance
#         unit: !astropy.units.Unit {unit: pc}
#         value: !astropy.table.SerializedColumn {name: SkyCoord.distance}
#       frame: icrs
#       obstime: !astropy.time.Time {format: jyear_str, in_subfmt: '*', jd1: 367701545.0, jd2: 0.0, out_subfmt: '*', precision: 3, scale: tt}
#       pm_dec: !astropy.table.SerializedColumn
#         __class__: astropy.units.quantity.Quantity
#         unit: !astropy.units.Unit {unit: mas / yr}
#         value: !astropy.table.SerializedColumn {name: SkyCoord.pm_dec}
#       pm_ra_cosdec: !astropy.table.SerializedColumn
#         __class__: astropy.units.quantity.Quantity
#         unit: !astropy.units.Unit {unit: mas / yr}
#         value: !astropy.table.SerializedColumn {name: SkyCoord.pm_ra_cosdec}
#       ra: !astropy.table.SerializedColumn
#         __class__: astropy.coordinates.angles.Longitude
#         unit: *id001
#         value: !astropy.table.SerializedColumn {name: SkyCoord.ra}
#         wrap_angle: !astropy.coordinates.Angle
#           unit: *id001
#           value: 360.0
#       representation_type: spherical
# schema: astropy-2.0
RA_ICRS_1 DE_ICRS_1 e_RA_ICRS e_DE_ICRS _r_1 HIP TYC2 Source rgeo Plx e_Plx pmRA pmDE e_pmRA e_pmDE RUWE Teff logg Gmag BP-RP BPmag RPmag RV e_RV b_rgeo B_rgeo FG e_FG FBP e_FBP FRP e_FRP RAVE5 RAVE6 e_Gmag e_BPmag e_RPmag e_BP-RP SkyCoord.ra SkyCoord.dec SkyCoord.distance SkyCoord.pm_ra_cosdec SkyCoord.pm_dec rmRA rmDE e_rmRA e_rmDE rRV e_rRV v_pec v_pec3d e_vpec e_vpec3d Pmemb
347.5511236788 61.09174915394 0.0087 0.0082 7.5948 "" 4279-249-1 2014851518848738688 2706.86328 0.3433 0.01 -4.57 -2.126 0.011 0.01 0.898 "" "" 12.041322 0.891086 12.392559 11.501473 "" "" 2622.56982 2782.9812 287354.60246 75.052 150800.0 121.5 198870.0 110.8 "" "" 0.0027698744308893223 0.002924088 0.003827486 0.0067515736 347.5511236788 61.09174915394 2706.86328 -4.57 -2.126 -0.35086376190185575 -0.06854541397094716 0.44240108 0.44140106 "" "" 4.586872160688981 "" 2.0290687566002825 "" 0.9
347.43788643139 60.89701007682 0.0122 0.0121 6.5691 "" "" 2014834515077554560 2700.42554 0.3578 0.0144 -3.513 -2.419 0.017 0.015 1.45 5856.5 2.7035 12.472553 0.954729 12.85056 11.895831 "" "" 2588.42358 2792.86768 193163.73692 146.53 98899.0 251.07 138300.0 307.31 "" "" 0.0028757840911917193 0.003922023 0.0044837696 0.0084057925 347.43788643139 60.89701007682 2700.42554 -3.512999999999999 -2.4189999999999983 0.7061362380981446 -0.3615454139709473 0.44840106 0.44640106 "" "" 10.154403453008836 "" 4.549034607378259 "" 0.83
347.5720514385 60.99096348971 0.0081 0.0083 1.732 "" "" 2014838329008459648 3017.57495 0.3052 0.0096 -4.469 -1.769 0.011 0.01 0.982 5956.5 2.7463 13.044782 0.826016 13.364449 12.538432 "" "" 2937.52002 3117.271 114033.97036 27.749 61608.0 51.215 76522.0 36.741 "" "" 0.002767958186377037 0.0029325234 0.0038151648 0.006747688 347.5720514385 60.99096348971 3017.57495 -4.469 -1.7690000000000008 -0.24986376190185577 0.28845458602905283 0.44240108 0.44140106 "" "" 5.458504625817434 "" 2.4117312495443493 "" 0.89
347.59602176224 60.80637723193 0.0085 0.0082 9.7229 "" "" 2014081521413053056 2956.28491 0.3124 0.0098 -3.641 -2.18 0.011 0.01 0.942 5857.4 2.6554 13.159675 0.867769 13.498194 12.630425 "" "" 2881.86328 3036.77319 102583.31016 21.725 54468.0 37.396 70305.0 24.344 "" "" 0.0027648978401853793 0.00288803 0.0037980345 0.0066860644 347.59602176224 60.80637723193 2956.28491 -3.641000000000002 -2.1800000000000015 0.5781362380981445 -0.12254541397094743 0.44240108 0.44140106 "" "" 8.281297027903724 "" 3.663299061162587 "" 0.87
347.56875720773 60.97889511414 0.0085 0.0086 1.3307 "" "" 2014838088490305024 2965.21045 0.3062 0.0101 -4.328 -1.821 0.011 0.01 0.946 "" "" 13.168629 0.872038 13.508886 12.636848 "" "" 2880.27124 3067.14673 101740.84247 21.907 53934.0 40.764 69891.0 28.819 "" "" 0.0027652203579107463 0.0029083423 0.0038058057 0.006714148 347.56875720773 60.97889511414 2965.21045 -4.328 -1.820999999999999 -0.10886376190185576 0.23645458602905278 0.44240108 0.44140106 "" "" 3.65870386910719 "" 1.6155962835006439 "" 0.85
347.6887176788 60.98422286519 0.0086 0.009 2.5118 "" "" 2014836645381325056 2917.66772 0.3121 0.0102 -3.75 -2.207 0.011 0.01 1.003 "" "" 13.364517 1.046083 13.792343 12.74626 "" "" 2841.31909 3005.36279 84945.38984 17.512 41541.0 32.575 63191.0 24.728 "" "" 0.002764396808690439 0.0029171773 0.0038031887 0.006720366 347.6887176788 60.98422286519 2917.66772 -3.75 -2.207 0.46913623809814453 -0.14954541397094712 0.44240108 0.44140106 "" "" 6.809694543227267 "" 3.011988737150999 "" 0.84
347.17036662452 60.87853595767 0.0101 0.0103 13.8755 "" "" 2014814448990275328 2550.073 0.3587 0.012 -4.937 -1.662 0.013 0.013 1.017 5020.8 2.2274 13.613099 1.990074 14.614297 12.624223 -29.38 1.05 2474.74561 2634.76025 67562.72082 14.348 19485.0 18.335 70708.0 29.336 "" "" 0.002764950873508186 0.0029713346 0.0038061321 0.0067774667 347.17036662452 60.87853595767 2550.073 -4.937 -1.662 -0.7178637619018557 0.3954545860290528 0.4444011 0.4444011 15.805000000000003 2.405 9.906556887121265 18.653093425964762 4.4024846329831036 3.101524324808958 0.8
347.72751887651 61.10133434898 0.0112 0.01 8.694 "" "" 2014840974708248704 2904.68896 0.3154 0.0124 -4.568 -2.719 0.015 0.012 1.037 "" "" 13.867207 1.357011 14.462537 13.105526 "" "" 2807.39087 3021.70532 53464.30997 11.207 22408.0 16.762 45389.0 18.759 "" "" 0.00276470356137087 0.0029059711 0.0038059275 0.0067118984 347.72751887651 61.10133434898 2904.68896 -4.5680000000000005 -2.719000000000001 -0.3488637619018551 -0.6615454139709471 0.44640106 0.44340107 "" "" 10.297199362355778 "" 4.572528500023604 "" 0.87
347.78473342356 60.8864945063 0.01 0.0118 7.0972 "" "" 2014084338911576960 2827.47559 0.3224 0.013 -4.443 -1.829 0.013 0.014 1.017 11101.1 3.6748 13.950891 0.836666 14.279569 13.442903 "" "" 2754.15674 2924.76978 49498.30493 27.761 26521.0 50.865 33266.0 48.678 "" "" 0.002821805814530754 0.003481555 0.0040997397 0.0075812945 347.78473342356 60.8864945063 2827.47559 -4.442999999999999 -1.8289999999999993 -0.22386376190185509 0.22845458602905278 0.4444011 0.44540107 "" "" 4.286756163172417 "" 1.907227149574066 "" 0.91
347.63994287425 60.9503840708 0.0115 0.0117 1.4045 "" "" 2014834927394429952 2769.2605 0.3347 0.0136 -4.523 -1.782 0.015 0.014 1.022 "" "" 14.074978 0.965434 14.463037 13.497602 "" "" 2667.35596 2871.82251 44152.53665 11.216 22398.0 16.801 31631.0 22.719 "" "" 0.0027690899901545284 0.0029066016 0.0038589977 0.0067655994 347.63994287425 60.9503840708 2769.2605 -4.522999999999999 -1.7819999999999998 -0.30386376190185516 0.2754545860290527 0.44640106 0.44540107 "" "" 5.383516044407599 "" 2.4007804032395383 "" 0.88
347.99522532505 60.97848910103 0.0117 0.0126 11.2632 "" "" 2014090970341060992 2840.93335 0.3264 0.0142 -4.341 -1.885 0.016 0.015 0.991 9464.7 3.5063 14.097138 0.891827 14.450307 13.55848 "" "" 2728.32764 2950.90259 43260.48742 11.027 22662.0 18.758 29907.0 28.577 "" "" 0.0027691841584129317 0.002931331 0.003919188 0.006850519 347.99522532505 60.97848910103 2840.93335 -4.341 -1.8850000000000005 -0.12186376190185566 0.17245458602905273 0.44740108 0.44640106 "" "" 2.843575405140822 "" 1.2703228257782553 "" 0.84
347.95073295268 61.07203486068 0.0114 0.0113 11.7249 "" "" 2014843036292656768 2969.73828 0.3044 0.0134 -3.3 -2.13 0.014 0.014 0.962 "" "" 14.122581 1.035194 14.544357 13.509163 "" "" 2856.38403 3094.07715 42258.54682 9.4396 20781.0 18.767 31296.0 20.316 "" "" 0.0027659735400298448 0.00295744 0.0038445399 0.0068019796 347.95073295268 61.07203486068 2969.73828 -3.2999999999999985 -2.13 0.9191362380981447 -0.07254541397094716 0.44540107 0.44540107 "" "" 12.978513467500509 "" 5.780643817908144 "" 0.8
347.80040761323 60.84878672223 0.0125 0.0127 9.0901 "" "" 2014083308119469184 2810.15527 0.3252 0.015 -4.383 -1.938 0.016 0.015 1.162 "" "" 14.125949 0.859975 14.459427 13.599452 "" "" 2701.25732 2938.77832 42127.65091 9.2447 22472.0 23.269 28799.0 32.686 "" "" 0.0027656024501567164 0.0030081507 0.003975203 0.0069833538 347.80040761323 60.84878672223 2810.15527 -4.382999999999999 -1.938 -0.16386376190185548 0.11945458602905279 0.44740108 0.44640106 "" "" 2.701090089456535 "" 1.207533971184874 "" 0.85
347.27238478179 60.96886209213 0.0116 0.0117 9.7989 "" "" 2014827024654459264 2820.14136 0.3247 0.0137 -3.916 -2.18 0.016 0.014 1.055 "" "" 14.17494 1.428559 14.810473 13.381914 "" "" 2713.45166 2937.71411 40268.97101 10.075 16264.0 15.604 35188.0 18.949 "" "" 0.0027686782804951186 0.0029782776 0.0038243397 0.0068026176 347.27238478179 60.96886209213 2820.14136 -3.9160000000000004 -2.1800000000000006 0.3031362380981446 -0.12254541397094743 0.44740108 0.44540107 "" "" 4.370753022759187 "" 1.9542540564402069 "" 0.93
347.82895869997 60.89100944159 0.0116 0.0126 7.9157 "" "" 2014083720436297088 2967.50757 0.3026 0.0145 -4.885 -2.035 0.015 0.015 1.076 "" "" 14.182693 2.203667 15.328196 13.124529 -60.99 1.66 2859.73413 3124.87329 39982.47643 11.535 10096.0 11.627 44601.0 28.242 "" "" 0.0027730680561111093 0.003057532 0.0038414046 0.006898937 347.82895869997 60.89100944159 2967.50757 -4.885 -2.035 -0.6658637619018553 0.022454586029052592 0.44640106 0.44640106 -15.805 3.0149999 9.371354316313452 18.37444711336607 4.183382496947379 3.358268374500975 0.86
347.8687113355 60.86047742866 0.0121 0.0125 9.9636 "" "" 2014083376838956160 2748.35767 0.3345 0.0147 -4.355 -2.737 0.015 0.015 1.013 7188.1 3.4241 14.260208 1.255744 14.800107 13.544363 "" "" 2652.67188 2858.2146 37227.45951 6.9362 16420.0 15.407 30298.0 14.344 "" "" 0.0027627363565620425 0.0029703379 0.0038141767 0.0067845145 347.8687113355 60.86047742866 2748.35767 -4.355 -2.737 -0.1358637619018559 -0.6795454139709474 0.44640106 0.44640106 "" "" 9.027784403749694 "" 4.030012523922778 "" 0.84
347.65573544695 60.78251234275 0.0127 0.0132 11.231 "" "" 2014081555772834048 2838.7998 0.3238 0.0153 -3.793 -2.199 0.017 0.017 1.077 "" "" 14.368967 1.168119 14.857006 13.688887 "" "" 2710.53491 2992.30591 33679.04644 8.7172 15582.0 20.783 26522.0 15.04 "" "" 0.0027696142714847935 0.003143588 0.0038292047 0.0069727926 347.65573544695 60.78251234275 2838.7998 -3.7929999999999993 -2.1990000000000003 0.4261362380981444 -0.1415454139709471 0.44840106 0.44840106 "" "" 6.04209660312431 "" 2.7092825437021757 "" 0.89
347.40588147985 60.93142933241 0.0131 0.0132 6.3155 "" "" 2014814272890964096 2918.59106 0.3123 0.0152 -4.352 -1.795 0.018 0.017 1.124 9897.6 3.4265 14.372809 1.073048 14.80923 13.736182 "" "" 2803.53442 3091.1311 33560.07596 6.8573 16283.0 13.626 25391.0 16.934 "" "" 0.0027642369132635037 0.0029343734 0.0038481243 0.0067824977 347.40588147985 60.93142933241 2918.59106 -4.352 -1.795 -0.13286376190185578 0.2624545860290528 0.44940108 0.44840106 "" "" 4.0695647484282595 "" 1.8256280849485178 "" 0.9
347.5121948787 60.89870028391 0.0119 0.0126 5.0388 "" "" 2014834377638627840 2727.06104 0.3401 0.0144 -3.539 -2.255 0.017 0.016 0.95 7583.6 3.4875 14.426613 1.357742 15.022367 13.664625 "" "" 2628.6875 2836.06128 31937.537 9.3369 13380.0 15.083 27121.0 19.444 "" "" 0.002773543006739822 0.0030468095 0.0038587092 0.0069055185 347.5121948787 60.89870028391 2727.06104 -3.539000000000002 -2.254999999999999 0.6801362380981444 -0.19754541397094716 0.44840106 0.44740108 "" "" 9.154952050983168 "" 4.104378742785229 "" 0.87
347.39468604227 60.94466813791 0.0132 0.0133 6.3993 "" "" 2014814345911067264 2871.43066 0.3164 0.0157 -3.603 -1.972 0.02 0.017 0.991 "" "" 14.439492 1.243553 14.969303 13.72575 "" "" 2773.63867 2989.43384 31560.94838 7.1617 14051.0 16.329 25636.0 19.329 "" "" 0.0027663131223793235 0.0030622028 0.0038670234 0.006929226 347.39468604227 60.94466813791 2871.43066 -3.603 -1.972 0.6161362380981443 0.08545458602905276 0.45140108 0.44840106 "" "" 8.466244926035815 "" 3.8211943503254435 "" 0.87
347.77355084702 60.83138643804 0.0133 0.0141 9.5166 "" "" 2014083205040263040 2866.72021 0.3184 0.016 -3.513 -2.062 0.017 0.017 0.991 9884.3 3.7028 14.472245 0.926111 14.840482 13.914371 "" "" 2735.59277 2975.11084 30623.05798 7.196 15821.0 15.522 21548.0 13.48 "" "" 0.0027671072132197695 0.0029865925 0.0038399296 0.006826522 347.77355084702 60.83138643804 2866.72021 -3.5129999999999986 -2.0619999999999985 0.7061362380981446 -0.004545413970947099 0.44840106 0.44840106 "" "" 9.595357204205774 "" 4.302568376761646 "" 0.86
347.62196419904 60.84184881866 0.0136 0.014 7.5968 "" "" 2014082724003867776 3006.30566 0.3038 0.0164 -3.62 -2.137 0.019 0.018 1.056 11056.8 3.665 14.595889 1.132029 15.06665 13.934622 "" "" 2849.36401 3156.11108 27326.94023 9.7948 12846.0 17.373 21150.0 20.213 "" "" 0.002782666952805822 0.0031529535 0.0039192364 0.00707219 347.62196419904 60.84184881866 3006.30566 -3.6199999999999988 -2.137 0.5991362380981444 -0.07954541397094728 0.45040107 0.44940108 "" "" 8.612542563061965 "" 3.87894934710371 "" 0.84
347.27648689777 60.92139740626 0.0148 0.0153 10.0872 "" "" 2014814620788957184 2745.77515 0.336 0.0175 -4.459 -1.79 0.02 0.019 1.067 10541.1 3.7059 14.807748 1.156341 15.292055 14.135715 "" "" 2631.46191 2899.84326 22482.6464 5.2955 10437.0 14.085 17574.0 15.38 "" "" 0.002767162424363986 0.0031514987 0.003896997 0.007048496 347.27648689777 60.92139740626 2745.77515 -4.458999999999998 -1.790000000000001 -0.2398637619018551 0.2674545860290527 0.45140108 0.45040107 "" "" 4.675738483066917 "" 2.1080432478946123 "" 0.9
347.52004914622 60.86954281553 0.0145 0.0143 6.4676 "" "" 2014833484285464704 2746.26733 0.3418 0.0171 -4.47 -1.681 0.019 0.018 0.945 "" "" 14.816636 1.103416 15.272166 14.16875 "" "" 2624.96313 2883.14087 22299.36503 4.6935 10630.0 15.934 17047.0 13.799 "" "" 0.00276478061718847 0.0032301303 0.003880224 0.0071103545 347.52004914622 60.86954281553 2746.26733 -4.47 -1.6810000000000003 -0.2508637619018552 0.3764545860290527 0.45040107 0.44940108 "" "" 5.888812827131834 "" 2.64825110201077 "" 0.82
347.88645602885 61.04058847916 0.0144 0.0151 9.1635 "" "" 2014837126417668480 2780.54932 0.3327 0.0172 -4.557 -2.646 0.019 0.018 1.03 "" "" 14.82293 1.293661 15.380797 14.087136 "" "" 2653.10693 2947.75464 22170.45462 5.6791 9618.3 12.234 18378.0 10.683 "" "" 0.0027693210483211426 0.0031132323 0.0038317167 0.006944949 347.88645602885 61.04058847916 2780.54932 -4.557 -2.646 -0.33786376190185585 -0.5885454139709472 0.45040107 0.44940108 "" "" 8.944200031330771 "" 4.02175195380073 "" 0.85
347.81134306993 61.09551893636 0.0161 0.015 9.6366 "" "" 2014840562391420288 2697.86743 0.344 0.0191 -4.685 -2.659 0.022 0.018 0.968 "" "" 14.883769 1.248982 15.416181 14.167198 "" "" 2584.53467 2837.58252 20962.30674 5.0702 9309.9 20.079 17072.0 14.479 "" "" 0.002767806553787737 0.0036425758 0.0038899423 0.0075325184 347.81134306993 61.09551893636 2697.86743 -4.685 -2.659 -0.4658637619018551 -0.6015454139709471 0.4534011 0.44940108 "" "" 9.729610253161827 "" 4.387128686471608 "" 0.84
347.77944692981 60.81586228216 0.0181 0.0187 10.4131 "" "" 2014080250102781440 2802.54126 0.3367 0.0213 -4.416 -1.836 0.023 0.023 1.067 "" "" 15.036217 0.976925 15.428928 14.452004 "" "" 2632.56372 2951.85449 18216.29245 4.5808 9201.2 15.348 13133.0 12.995 "" "" 0.0027688143971856295 0.0033264046 0.0039291102 0.007255515 347.77944692981 60.81586228216 2802.54126 -4.416 -1.8359999999999999 -0.19686376190185584 0.22145458602905266 0.45440108 0.45440108 "" "" 3.936147535892911 "" 1.7885896749746895 "" 0.9
347.72697954508 61.10774180964 0.0178 0.0163 9.0422 "" "" 2014841180866672768 2643.11743 0.3529 0.0202 -4.589 -2.68 0.023 0.02 1.067 "" "" 15.053704 1.488292 15.723983 14.235691 "" "" 2505.18921 2759.92456 17925.24629 5.0939 7011.7 13.018 16028.0 16.011 "" "" 0.0027725413453565614 0.0034421587 0.003931927 0.0073740855 347.72697954508 61.10774180964 2643.11743 -4.589 -2.68 -0.3698637619018559 -0.6225454139709474 0.45440108 0.45140108 "" "" 9.072153792113692 "" 4.102297869494622 "" 0.84
347.94031296299 61.08909024281 0.0181 0.0175 12.0533 "" "" 2014843311170543616 2609.11206 0.3637 0.0216 -4.449 -1.863 0.023 0.021 1.026 9271.6 3.5509 15.121273 0.941174 15.495316 14.554142 "" "" 2477.01489 2788.51758 16843.69572 4.5856 8655.5 13.243 11954.0 12.223 "" "" 0.002771129764666165 0.0032472436 0.003939061 0.007186305 347.94031296299 61.08909024281 2609.11206 -4.449 -1.863 -0.2298637619018553 0.19445458602905275 0.45440108 0.45240107 "" "" 3.723529702590186 "" 1.688873514750759 "" 0.85
347.14576647169 61.01313378959 0.02 0.0209 13.7421 "" "" 2014827952367318912 2902.58423 0.3197 0.0238 -3.573 -2.262 0.027 0.026 1.111 9237.1 3.5669 15.235429 1.285986 15.787422 14.501436 "" "" 2733.01514 3065.64185 15162.65138 4.6169 6613.8 11.761 12548.0 13.402 "" "" 0.0027750827272796964 0.0033930365 0.003953286 0.0073463228 347.14576647169 61.01313378959 2902.58423 -3.5729999999999986 -2.2619999999999987 0.6461362380981446 -0.20454541397094728 0.45840108 0.45740107 "" "" 9.324509319913606 "" 4.273516670736573 "" 0.85
347.93380067384 60.89485488467 0.0171 0.0186 10.4459 "" "" 2014083892235017728 2776.46558 0.3377 0.0209 -4.464 -1.804 0.024 0.024 0.975 9680.9 3.5513 15.263574 0.983055 15.657194 14.674139 "" "" 2625.52295 2953.23047 14774.65382 3.6284 7456.6 15.856 10703.0 12.21 "" "" 0.002768191695143457 0.003621516 0.0039771697 0.007598686 347.93380067384 60.89485488467 2776.46558 -4.464000000000002 -1.8040000000000007 -0.24486376190185588 0.2534545860290527 0.45540106 0.45540106 "" "" 4.637960476727601 "" 2.112132131093231 "" 0.87
