Clusters/LP_1821/LP_1821_stars_in_region.tsv
# %ECSV 1.0
# ---
# datatype:
# - name: RA_ICRS_1
#   unit: deg
#   datatype: float64
#   format: '{:15.11f}'
#   description: Right ascension (ICRS) at Ep=2016.0 (ra)
#   meta: !!omap
#   - {ucd: POS_EQ_RA_MAIN}
#   - {width: 15}
#   - {precision: '11'}
# - name: DE_ICRS_1
#   unit: deg
#   datatype: float64
#   format: '{:15.11f}'
#   description: Declination (ICRS) at Ep=2016.0 (dec)
#   meta: !!omap
#   - {ucd: POS_EQ_DEC_MAIN}
#   - {width: 15}
#   - {precision: '11'}
# - name: e_RA_ICRS
#   unit: mas
#   datatype: float64
#   format: '{:7.4f}'
#   description: Standard error of right ascension (ra_error)
#   meta: !!omap
#   - {ucd: ERROR}
#   - {width: 7}
#   - {precision: '4'}
# - name: e_DE_ICRS
#   unit: mas
#   datatype: float64
#   format: '{:7.4f}'
#   description: Standard error of declination (dec_error)
#   meta: !!omap
#   - {ucd: ERROR}
#   - {width: 7}
#   - {precision: '4'}
# - name: _r_1
#   unit: ''
#   datatype: float64
#   format: '{:7.4f}'
#   description: Distance from center (347.60891511000+60.96830366000)[ICRS], at Epoch=J2016.0
#   meta: !!omap
#   - {ucd: POS_ANG_DIST_GENERAL}
#   - {width: 7}
#   - {precision: '4'}
# - name: HIP
#   datatype: int32
#   description: '? HIP cross-id number, van Leeuwen, Cat. I/311 (hip_original_ext_source_id)'
#   meta: !!omap
#   - {ucd: ID_NUMBER}
#   - {width: 6}
#   - values: {'null': -2147483648}
# - name: TYC2
#   datatype: string
#   description: Tycho-2 cross-id name, Hog et al., Cat. I/259 (tyc2_original_ext_source_id)
#   meta: !!omap
#   - {ucd: ID_CROSSID}
#   - {_votable_string_dtype: char}
# - name: Source
#   datatype: int64
#   description: Source identifier, identical to the Gaia-EDR3 source_id (id)
#   meta: !!omap
#   - {ucd: ID_MAIN}
#   - {width: 19}
# - name: rgeo
#   unit: pc
#   datatype: float64
#   format: '{:15.8f}'
#   description: '? Median of the geometric distance posterior (r_med_geo)'
#   meta: !!omap
#   - {ucd: PHYS_DISTANCE_TRUE}
#   - {width: 15}
#   - {precision: '8'}
#   - values: {'null': .nan}
# - name: Plx
#   unit: mas
#   datatype: float64
#   format: '{:9.4f}'
#   description: '? Parallax (parallax)'
#   meta: !!omap
#   - {ucd: POS_PARLX_TRIG}
#   - {width: 9}
#   - {precision: '4'}
#   - values: {'null': .nan}
# - name: e_Plx
#   unit: mas
#   datatype: float32
#   format: '{:7.4f}'
#   description: '? Standard error of parallax (parallax_error)'
#   meta: !!omap
#   - {ucd: ERROR}
#   - {width: 7}
#   - {precision: '4'}
#   - values: {'null': .nan}
# - name: pmRA
#   unit: mas / yr
#   datatype: float64
#   format: '{:9.3f}'
#   description: '? Proper motion in right ascension direction, pmRA*cosDE (pmra)'
#   meta: !!omap
#   - {ucd: POS_EQ_PMRA}
#   - {width: 9}
#   - {precision: '3'}
#   - values: {'null': .nan}
# - name: pmDE
#   unit: mas / yr
#   datatype: float64
#   format: '{:9.3f}'
#   description: '? Proper motion in declination direction (pmdec)'
#   meta: !!omap
#   - {ucd: POS_EQ_PMDEC}
#   - {width: 9}
#   - {precision: '3'}
#   - values: {'null': .nan}
# - name: e_pmRA
#   unit: mas / yr
#   datatype: float32
#   format: '{:6.3f}'
#   description: '? Standard error of proper motion in right ascension direction (pmra_error)'
#   meta: !!omap
#   - {ucd: ERROR}
#   - {width: 6}
#   - {precision: '3'}
#   - values: {'null': .nan}
# - name: e_pmDE
[...]
#         value: !astropy.table.SerializedColumn {name: SkyCoord.dec}
#       distance: !astropy.table.SerializedColumn
#         __class__: astropy.coordinates.distances.Distance
#         unit: !astropy.units.Unit {unit: pc}
#         value: !astropy.table.SerializedColumn {name: SkyCoord.distance}
#       frame: icrs
#       obstime: !astropy.time.Time {format: jyear_str, in_subfmt: '*', jd1: 367701545.0, jd2: 0.0, out_subfmt: '*', precision: 3, scale: tt}
#       pm_dec: !astropy.table.SerializedColumn
#         __class__: astropy.units.quantity.Quantity
#         unit: !astropy.units.Unit {unit: mas / yr}
#         value: !astropy.table.SerializedColumn {name: SkyCoord.pm_dec}
#       pm_ra_cosdec: !astropy.table.SerializedColumn
#         __class__: astropy.units.quantity.Quantity
#         unit: !astropy.units.Unit {unit: mas / yr}
#         value: !astropy.table.SerializedColumn {name: SkyCoord.pm_ra_cosdec}
#       ra: !astropy.table.SerializedColumn
#         __class__: astropy.coordinates.angles.Longitude
#         unit: *id001
#         value: !astropy.table.SerializedColumn {name: SkyCoord.ra}
#         wrap_angle: !astropy.coordinates.Angle
#           unit: *id001
#           value: 360.0
#       representation_type: spherical
# schema: astropy-2.0
RA_ICRS_1 DE_ICRS_1 e_RA_ICRS e_DE_ICRS _r_1 HIP TYC2 Source rgeo Plx e_Plx pmRA pmDE e_pmRA e_pmDE RUWE Teff logg Gmag BP-RP BPmag RPmag RV e_RV b_rgeo B_rgeo FG e_FG FBP e_FBP FRP e_FRP RAVE5 RAVE6 e_Gmag e_BPmag e_RPmag e_BP-RP SkyCoord.ra SkyCoord.dec SkyCoord.distance SkyCoord.pm_ra_cosdec SkyCoord.pm_dec rmRA rmDE e_rmRA e_rmDE rRV e_rRV v_pec v_pec3d e_vpec e_vpec3d
[from data line 312]
347.63680835786 61.29028106944 0.0317 0.0292 19.3355 "" "" 2014858773052525568 2718.87061 0.3425 0.0391 -1.811 -1.482 0.041 0.034 1.001 6999.5 2.5405 16.134895 2.556238 17.529884 14.973646 "" "" 2442.95508 3149.58862 6621.99248 4.7239 1328.8 9.5355 8122.7 15.229 "" "" 0.002862111230897285 0.008275802 0.0042927205 0.012568522 347.63680835786 61.29028106944 2718.87061 -1.8109999999999997 -1.482000000000001 2.4081362380981446 0.5754545860290528 0.47240108 0.46540108 "" "" 31.908516753179903 "" 15.061636933861664 ""
347.35291114487 60.79547082887 0.0266 0.0269 12.7829 "" "" 2014809707346533120 2425.94678 0.3946 0.0318 -0.761 0.372 0.035 0.034 0.989 8097.7 4.2545 16.135427 1.365128 16.735962 15.370834 "" "" 2251.27686 2617.53003 6618.75046 2.4157 2760.8 11.12 5634.1 8.2369 "" "" 0.0027836701273100907 0.0051874337 0.004099183 0.009286616 347.35291114487 60.79547082887 2425.94678 -0.7609999999999999 0.37200000000000016 3.4581362380981444 2.4294545860290526 0.46640107 0.46540108 "" "" 48.59727962378899 "" 22.64977574028423 ""
347.83275224381 60.77602696417 0.0754 0.0816 13.2601 "" "" 2014079184950949888 2608.67896 0.3859 0.0914 -1.41 2.581 0.102 0.108 2.812 6165.5 4.4373 16.141195 1.429166 16.72661 15.297444 "" "" 2172.21045 3140.67114 6583.68399 7.4644 2784.7 9.7534 6028.1 10.237 "" "" 0.003017796525923683 0.0047165914 0.00420516 0.008921752 347.83275224381 60.77602696417 2608.67896 -1.4099999999999993 2.580999999999999 2.8091362380981444 4.638454586029052 0.5334011 0.53940105 "" "" 67.05338394760459 "" 36.0611441621097 ""
348.16396970147 61.0416813986 0.0288 0.0289 16.7327 "" "" 2014091657535820800 3063.44458 0.3041 0.0341 -3.456 -0.729 0.04 0.038 1.097 9520.1 4.1169 16.14395 1.130038 16.61778 15.487742 "" "" 2804.74658 3351.84595 6567.00432 2.596 3078.3 9.2179 5059.0 8.7992 "" "" 0.0027885486767224234 0.0042843237 0.0042249174 0.008509241 348.16396970147 61.0416813986 3063.44458 -3.456 -0.7290000000000002 0.7631362380981446 1.3284545860290526 0.47140107 0.46940106 "" "" 22.246439056880625 "" 10.453559320335327 ""
347.38626141176 61.01360064241 0.0271 0.0267 7.0255 "" "" 2014850664154448640 2541.66919 0.3807 0.0316 -0.341 -0.665 0.037 0.034 0.972 9730.4 4.31 16.144499 1.237789 16.678555 15.440765 "" "" 2345.92822 2726.40527 6563.67606 2.5581 2910.7 12.995 5282.7 11.489 "" "" 0.002787623649123606 0.0055930056 0.0044563944 0.0100494 347.38626141176 61.01360064241 2541.66919 -0.341 -0.665 3.8781362380981443 1.3924545860290527 0.46840107 0.46540108 "" "" 49.64228499603912 "" 23.23554101173087 ""
347.68576225747 61.06187737655 0.0383 0.0362 6.0427 "" "" 2014840802911296000 2561.15771 0.3491 0.044 -5.192 -1.987 0.053 0.045 1.056 7199.3 3.4215 16.144958 2.77789 17.719475 14.941585 "" "" 2268.55054 2904.83398 6560.90119 3.4199 1115.9 7.8448 8366.1 11.273 "" "" 0.002812842532340792 0.0081267385 0.004052661 0.012179399 347.68576225747 61.06187737655 2561.15771 -5.192000000000001 -1.9869999999999988 -0.9728637619018556 0.07045458602905263 0.48440108 0.4764011 "" "" 11.841386876224727 "" 5.735490380472235 ""
347.56864185553 61.05608094445 0.0282 0.0275 5.3953 "" "" 2014839428520017664 3120.56885 0.3019 0.0333 -3.42 -2.336 0.038 0.032 1.013 9312.0 3.4166 16.145033 1.639101 16.90331 15.26421 "" "" 2805.26172 3503.79761 6560.44823 2.9107 2366.4 9.7556 6215.5 11.986 "" "" 0.0027971122057920193 0.0052744313 0.0043205866 0.009595018 347.56864185553 61.05608094445 3120.56885 -3.42 -2.336 0.7991362380981446 -0.2785454139709471 0.46940106 0.46340108 "" "" 12.517891168193179 "" 5.8678213825700745 ""
348.2100329535 60.93258859394 0.0292 0.028 17.6435 "" "" 2014087190769947776 2618.96777 0.3593 0.0338 -2.627 -3.56 0.04 0.036 0.989 "" "" 16.145575 1.973148 17.134789 15.16164 "" "" 2409.26807 2906.677 6557.17984 3.0759 1912.1 10.673 6831.3 11.155 "" "" 0.002801996208005036 0.00667183 0.004174565 0.010846395 348.2100329535 60.93258859394 2618.96777 -2.6269999999999993 -3.5599999999999996 1.5921362380981448 -1.5025454139709473 0.47140107 0.4674011 "" "" 27.176366597008617 "" 12.759875471711796 ""
347.63050079152 61.00565307527 0.0266 0.0279 2.3273 "" "" 2014838225929248512 2420.6499 0.3871 0.0326 -0.305 0.14 0.035 0.032 1.027 8917.0 4.2679 16.146725 1.439736 16.799332 15.359595 "" "" 2259.02368 2616.93799 6550.23542 2.5958 2604.3 13.058 5692.7 9.058 "" "" 0.002788712890958471 0.0061172764 0.0041555096 0.010272786 347.63050079152 61.00565307527 2420.6499 -0.305 0.13999999999999996 3.9141362380981444 2.197454586029053 0.46640107 0.46340108 "" "" 51.50388296076697 "" 23.98452795815623 ""
348.02999581704 60.98413322601 0.0271 0.0279 12.2945 "" "" 2014090935981754496 3015.37549 0.3071 0.0323 -3.233 -2.144 0.037 0.035 0.996 9257.2 3.7635 16.146965 1.121214 16.619219 15.498005 "" "" 2753.85352 3339.58911 6548.78021 2.7343 3074.2 7.5878 5011.4 9.7208 "" "" 0.0027923633911747883 0.0038686644 0.0043265624 0.008195227 348.02999581704 60.98413322601 3015.37549 -3.233 -2.144 0.9861362380981444 -0.0865454139709474 0.46840107 0.46640107 "" "" 14.148902759957743 "" 6.627145423087845 ""
347.7797526657 61.08346375393 0.0303 0.0288 8.5087 "" "" 2014840184434300928 2865.89136 0.3292 0.0357 -4.533 -2.644 0.043 0.036 1.076 9255.8 3.6066 16.160147 1.587637 16.892645 15.305008 "" "" 2637.96094 3170.05518 6469.75324 3.125 2389.8 7.5144 5986.3 12.757 "" "" 0.0028047843167840346 0.0044090925 0.0044313786 0.0088404715 347.7797526657 61.08346375393 2865.89136 -4.5329999999999995 -2.6439999999999992 -0.31386376190185583 -0.5865454139709474 0.4744011 0.4674011 "" "" 9.036854017344453 "" 4.237998276779291 ""
347.52955203313 60.95688102901 0.0288 0.0296 2.4108 "" "" 2014837641813715072 2702.80225 0.3337 0.0343 -2.199 -1.371 0.038 0.036 0.977 "" "" 16.16356 2.767155 17.720312 14.953157 "" "" 2486.14404 3015.36206 6449.44097 3.1957 1115.0 7.3669 8277.4 9.7508 "" "" 0.0028073501164496014 0.00769707 0.0039899335 0.011687003 347.52955203313 60.95688102901 2702.80225 -2.199 -1.370999999999999 2.0201362380981447 0.6864545860290527 0.46940106 0.4674011 "" "" 27.33391659205402 "" 12.824921384692335 ""
347.43847579048 60.94550037162 0.0355 0.0356 5.1496 "" "" 2014837744892910464 2880.11694 0.3252 0.0428 -3.862 -2.31 0.05 0.047 1.466 8221.2 3.4257 16.166365 1.501324 16.795387 15.294064 "" "" 2590.14258 3336.18579 6432.81471 3.4674 2613.7 10.64 6046.9 34.699 "" "" 0.0028167862085195874 0.005226888 0.0072869943 0.0125138825 347.43847579048 60.94550037162 2880.11694 -3.861999999999999 -2.3100000000000005 0.35713623809814443 -0.2525454139709473 0.4814011 0.47840106 "" "" 5.9713821768289055 "" 2.8686704935515652 ""
347.30960183739 60.90996927553 0.0281 0.0288 9.3992 "" "" 2014814174112384128 2916.01636 0.3271 0.0341 -4.46 -1.778 0.039 0.035 1.024 9343.0 3.537 16.16681 1.298582 16.728764 15.430181 "" "" 2689.67896 3217.24121 6430.1777 2.886 2779.1 9.9787 5334.4 10.875 "" "" 0.002798080064913426 0.00479407 0.0043798457 0.009173916 347.30960183739 60.90996927553 2916.01636 -4.46 -1.777999999999999 -0.24086376190185543 0.2794545860290527 0.47040108 0.46640107 "" "" 5.099336385360358 "" 2.3870514032981758 ""
347.42537763189 60.68480406921 0.0293 0.0282 17.8369 "" "" 2014054445938873088 2718.86206 0.342 0.0344 -2.815 -1.894 0.037 0.036 1.017 7991.7 4.0586 16.187311 1.376271 16.799839 15.423568 "" "" 2497.59497 2951.07568 6309.89751 2.5924 2603.0 11.893 5367.0 10.983 "" "" 0.002791194863280451 0.0056915227 0.0043840986 0.010075621 347.42537763189 60.68480406921 2718.86206 -2.815 -1.8940000000000006 1.4041362380981446 0.16345458602905283 0.46840107 0.4674011 "" "" 18.217869905802917 "" 8.533026524829799 ""
347.58099939566 60.88703952536 0.0282 0.0287 4.9433 "" "" 2014833896602327040 2508.14819 0.3724 0.0339 -3.058 -1.968 0.039 0.036 1.003 9276.5 3.5838 16.18892 1.299524 16.747238 15.447714 "" "" 2286.69629 2761.37329 6300.55662 2.5752 2732.3 9.7361 5249.0 8.0814 "" "" 0.0027908277957025985 0.004770009 0.0041325535 0.008902563 347.58099939566 60.88703952536 2508.14819 -3.058 -1.9680000000000009 1.1611362380981447 0.08945458602905276 0.47040108 0.4674011 "" "" 13.845215709310029 "" 6.512560109000246 ""
347.61904271122 61.27029146442 0.0315 0.0285 18.1216 "" "" 2014858463814894208 2794.34033 0.3476 0.0376 -4.276 -1.737 0.042 0.033 0.956 9394.5 3.7466 16.193663 1.294678 16.756042 15.461365 "" "" 2507.9353 3069.82983 6273.09023 2.6413 2710.2 7.3792 5183.4 7.5629 "" "" 0.0027929871531708643 0.004064985 0.00409796 0.0081629455 347.61904271122 61.27029146442 2794.34033 -4.276000000000002 -1.737000000000001 -0.05686376190185527 0.32045458602905263 0.47340107 0.46440107 "" "" 4.310782553966684 "" 2.003127464547755 ""
347.49868386286 61.27202868881 0.0313 0.0294 18.5013 "" "" 2014904127907147904 2878.28784 0.3251 0.039 -4.841 -3.35 0.04 0.034 0.985 6314.2 3.7302 16.194115 1.949353 17.166481 15.217128 "" "" 2652.86597 3208.10352 6270.47902 2.8218 1857.1 7.7326 6490.9 10.841 "" "" 0.002798305798583829 0.005312496 0.0041919057 0.009504402 347.49868386286 61.27202868881 2878.28784 -4.841 -3.3499999999999974 -0.6218637619018557 -1.2925454139709474 0.47140107 0.46540108 "" "" 19.5690924681754 "" 9.129661697175484 ""
347.54319198452 60.97950025847 0.0274 0.0288 2.0279 "" "" 2014838290349562880 2680.20312 0.359 0.0336 -5.309 -2.001 0.037 0.035 1.015 9534.3 3.8476 16.1942 1.470695 16.857538 15.386844 "" "" 2456.76001 2882.15649 6269.99072 2.4706 2468.3 10.235 5551.6 7.8784 "" "" 0.0027883361131742605 0.0052965893 0.004081393 0.0093779825 347.54319198452 60.97950025847 2680.20312 -5.309000000000002 -2.0010000000000003 -1.0898637619018556 0.056454586029052845 0.46840107 0.46640107 "" "" 13.864369781270309 "" 6.494011656581697 ""
347.71306293662 61.03163755896 0.0278 0.0276 4.8599 "" "" 2014839772117475456 2690.06763 0.3422 0.0328 -1.689 -1.469 0.037 0.033 1.043 "" "" 16.199102 1.682527 16.989471 15.306945 "" "" 2486.07007 2968.34912 6241.73925 2.4584 2185.9 9.3679 5975.6 10.001 "" "" 0.0027883076215260024 0.005425475 0.0041935295 0.009619005 347.71306293662 61.03163755896 2690.06763 -1.6889999999999998 -1.4690000000000014 2.5301362380981445 0.5884545860290527 0.46840107 0.46440107 "" "" 33.122631683740146 "" 15.507904821282388 ""
347.72307189425 60.83710426763 0.032 0.0313 8.5476 "" "" 2014082002449399808 2681.49048 0.3519 0.0363 -2.999 -0.237 0.041 0.039 1.027 5419.8 3.6055 16.20086 1.722214 17.020739 15.298525 "" "" 2417.38379 3010.56372 6231.6471 3.0531 2123.8 11.344 6022.1 11.548 "" "" 0.0028061983797173784 0.0064356145 0.0043149157 0.01075053 347.72307189425 60.83710426763 2681.49048 -2.999 -0.237 1.2201362380981444 1.8204545860290526 0.47240108 0.47040108 "" "" 27.854879219587872 "" 13.120259056301903 ""
347.72174894487 61.2578072141 0.0328 0.0316 17.6754 "" "" 2014857875400919552 2515.5083 0.3709 0.0413 -7.173 -4.012 0.044 0.037 1.066 8952.2 4.1133 16.20934 1.575344 16.936785 15.361441 "" "" 2342.96265 2797.83081 6183.16901 2.9142 2294.6 12.523 5683.1 9.8137 "" "" 0.002802435899048591 0.0065495577 0.0042188712 0.010768428 347.72174894487 61.2578072141 2515.5083 -7.173 -4.012000000000001 -2.9538637619018555 -1.9545454139709468 0.47540107 0.46840107 "" "" 42.23272487029651 "" 19.987923770662874 ""
348.18230101954 60.80274473205 0.029 0.0301 19.4645 "" "" 2014072725320222208 2735.00122 0.3369 0.0355 -5.315 -2.236 0.037 0.035 1.012 "" "" 16.214813 1.489186 16.893438 15.404252 "" "" 2514.23096 3039.00684 6152.07728 2.4812 2388.0 8.2316 5463.3 7.4655 "" "" 0.002789898993888833 0.004668207 0.0040601613 0.008728368 348.18230101954 60.80274473205 2735.00122 -5.315000000000001 -2.236 -1.0958637619018559 -0.17854541397094748 0.46840107 0.46640107 "" "" 14.393998326129879 "" 6.7414214084629815 ""
347.32836511592 61.26616278129 0.0324 0.0286 19.6341 "" "" 2014904574583700480 2477.60498 0.388 0.0381 -5.504 -3.005 0.041 0.032 1.024 7924.2 4.1091 16.22543 1.474191 16.895779 15.421588 "" "" 2258.62378 2709.9519 6092.21116 2.7828 2382.9 10.266 5376.8 9.3262 "" "" 0.002799597899484016 0.0054465267 0.004222595 0.009669121 347.32836511592 61.26616278129 2477.60498 -5.504 -3.005 -1.284863761901855 -0.9475454139709472 0.47240108 0.46340108 "" "" 18.74870309806069 "" 8.797835023138282 ""
347.90340390572 61.03721405485 0.0314 0.0328 9.5112 "" "" 2014837057698203648 3108.87012 0.3071 0.0374 -1.331 0.175 0.04 0.038 1.09 8652.7 4.1355 16.229208 1.647227 17.006737 15.359509 "" "" 2827.03247 3535.71143 6071.04436 2.8117 2151.4 7.423 5693.2 9.8777 "" "" 0.002800828011132501 0.00467103 0.0042228247 0.008893855 347.90340390572 61.03721405485 3108.87012 -1.331 0.1750000000000002 2.8881362380981446 2.2324545860290526 0.47140107 0.46940106 "" "" 53.791980517390236 "" 25.317412077922775 ""
347.48037470991 60.84331919364 0.0283 0.0291 8.3845 "" "" 2014833140688095104 2922.83545 0.3249 0.0356 0.077 -0.909 0.038 0.036 0.966 "" "" 16.229866 1.957601 17.202179 15.244577 "" "" 2628.45825 3258.32739 6067.36866 2.6235 1797.0 11.828 6328.9 10.366 "" "" 0.002795029267648578 0.0076717753 0.004176854 0.011848629 347.48037470991 60.84331919364 2922.83545 0.07699999999999997 -0.9089999999999995 4.2961362380981445 1.1484545860290527 0.46940106 0.4674011 "" "" 61.60968939694723 "" 28.91145190420379 ""
347.31912730921 60.70922169993 0.0288 0.0301 17.7037 "" "" 2014058053711389824 2781.12817 0.3407 0.0351 -3.425 -3.045 0.036 0.037 1.0 8463.8 4.3135 16.230629 1.388907 16.85255 15.463644 "" "" 2504.18799 3122.26099 6063.1026 2.6254 2479.7 7.5933 5172.5 10.498 "" "" 0.0027951419735451725 0.004340374 0.0043748743 0.008715248 347.31912730921 60.70922169993 2781.12817 -3.425 -3.045 0.7941362380981447 -0.9875454139709472 0.4674011 0.46840107 "" "" 16.705457204916165 "" 7.818298043529296 ""
347.11065897453 60.88042870166 0.1611 0.1599 15.4552 "" "" 2014813139019403776 3109.71851 0.317 0.1846 -6.792 2.983 0.222 0.224 6.68 "" "" 16.237976 1.440425 16.4685 15.028075 "" "" 2059.90039 4097.78125 6022.21823 5.5688 3532.0 19.616 7725.5 19.67 "" "" 0.0029325390918461904 0.0066442005 0.004682486 0.0113266865 347.11065897453 60.88042870166 3109.71851 -6.791999999999998 2.9829999999999997 -2.5728637619018553 5.040454586029053 0.6534011 0.6554011 "" "" 83.41602376990467 "" 54.63651218154417 ""
347.46933322473 60.69136082466 0.03 0.0297 17.1106 "" "" 2014054549018089600 2638.42749 0.36 0.0362 0.68 -1.175 0.038 0.036 1.036 7293.7 3.7155 16.243889 1.460341 16.900135 15.439795 "" "" 2441.07715 2934.67725 5989.50554 2.4761 2373.4 11.457 5287.4 12.645 "" "" 0.0027916403733076857 0.0059375423 0.0045854044 0.010522947 347.46933322473 60.69136082466 2638.42749 0.68 -1.1749999999999998 4.899136238098144 0.8824545860290527 0.46940106 0.4674011 "" "" 62.25531739993537 "" 29.218807420026604 ""
347.3245892055 60.9727465024 0.0302 0.0297 8.2826 "" "" 2014815307983688704 2644.09692 0.3473 0.0349 -0.701 -2.736 0.041 0.038 1.012 7994.4 4.1753 16.25008 1.350673 16.847692 15.49702 "" "" 2451.16162 2950.10278 5955.45062 2.5613 2490.8 6.7377 5015.9 6.9938 "" "" 0.002794607564136184 0.0040510176 0.0040713055 0.008122323 347.3245892055 60.9727465024 2644.09692 -0.7010000000000004 -2.735999999999997 3.5181362380981445 -0.6785454139709475 0.47240108 0.46940106 "" "" 44.90548927259707 "" 21.20858490320283 ""
