Clusters/NGC_581/NGC_581_stars_in_region.tsv
# %ECSV 1.0
# ---
# datatype:
# - name: RA_ICRS_1
#   unit: deg
#   datatype: float64
#   format: '{:15.11f}'
#   description: Right ascension (ICRS) at Ep=2016.0 (ra)
#   meta: !!omap
#   - {ucd: POS_EQ_RA_MAIN}
#   - {width: 15}
#   - {precision: '11'}
# - name: DE_ICRS_1
#   unit: deg
#   datatype: float64
#   format: '{:15.11f}'
#   description: Declination (ICRS) at Ep=2016.0 (dec)
#   meta: !!omap
#   - {ucd: POS_EQ_DEC_MAIN}
#   - {width: 15}
#   - {precision: '11'}
# - name: e_RA_ICRS
#   unit: mas
#   datatype: float64
#   format: '{:7.4f}'
#   description: Standard error of right ascension (ra_error)
#   meta: !!omap
#   - {ucd: ERROR}
#   - {width: 7}
#   - {precision: '4'}
# - name: e_DE_ICRS
#   unit: mas
#   datatype: float64
#   format: '{:7.4f}'
#   description: Standard error of declination (dec_error)
#   meta: !!omap
#   - {ucd: ERROR}
#   - {width: 7}
#   - {precision: '4'}
# - name: _r_1
#   unit: ''
#   datatype: float64
#   format: '{:7.4f}'
#   description: Distance from center (023.33091717000+60.66020013000)[ICRS], at Epoch=J2016.0
#   meta: !!omap
#   - {ucd: POS_ANG_DIST_GENERAL}
#   - {width: 7}
#   - {precision: '4'}
# - name: HIP
#   datatype: int32
#   description: '? HIP cross-id number, van Leeuwen, Cat. I/311 (hip_original_ext_source_id)'
#   meta: !!omap
#   - {ucd: ID_NUMBER}
#   - {width: 6}
#   - values: {'null': -2147483648}
# - name: TYC2
#   datatype: string
#   description: Tycho-2 cross-id name, Hog et al., Cat. I/259 (tyc2_original_ext_source_id)
#   meta: !!omap
#   - {ucd: ID_CROSSID}
#   - {_votable_string_dtype: char}
# - name: Source
#   datatype: int64
#   description: Source identifier, identical to the Gaia-EDR3 source_id (id)
#   meta: !!omap
#   - {ucd: ID_MAIN}
#   - {width: 19}
# - name: rgeo
#   unit: pc
#   datatype: float64
#   format: '{:15.8f}'
#   description: '? Median of the geometric distance posterior (r_med_geo)'
#   meta: !!omap
#   - {ucd: PHYS_DISTANCE_TRUE}
#   - {width: 15}
#   - {precision: '8'}
#   - values: {'null': .nan}
# - name: Plx
#   unit: mas
#   datatype: float64
#   format: '{:9.4f}'
#   description: '? Parallax (parallax)'
#   meta: !!omap
#   - {ucd: POS_PARLX_TRIG}
#   - {width: 9}
#   - {precision: '4'}
#   - values: {'null': .nan}
# - name: e_Plx
#   unit: mas
#   datatype: float32
#   format: '{:7.4f}'
#   description: '? Standard error of parallax (parallax_error)'
#   meta: !!omap
#   - {ucd: ERROR}
#   - {width: 7}
#   - {precision: '4'}
#   - values: {'null': .nan}
# - name: pmRA
#   unit: mas / yr
#   datatype: float64
#   format: '{:9.3f}'
#   description: '? Proper motion in right ascension direction, pmRA*cosDE (pmra)'
#   meta: !!omap
#   - {ucd: POS_EQ_PMRA}
#   - {width: 9}
#   - {precision: '3'}
#   - values: {'null': .nan}
# - name: pmDE
#   unit: mas / yr
#   datatype: float64
#   format: '{:9.3f}'
#   description: '? Proper motion in declination direction (pmdec)'
#   meta: !!omap
#   - {ucd: POS_EQ_PMDEC}
#   - {width: 9}
#   - {precision: '3'}
#   - values: {'null': .nan}
# - name: e_pmRA
#   unit: mas / yr
#   datatype: float32
#   format: '{:6.3f}'
#   description: '? Standard error of proper motion in right ascension direction (pmra_error)'
#   meta: !!omap
#   - {ucd: ERROR}
#   - {width: 6}
#   - {precision: '3'}
#   - values: {'null': .nan}
# - name: e_pmDE
[...]
#         unit: &id001 !astropy.units.Unit {unit: deg}
#         value: !astropy.table.SerializedColumn {name: SkyCoord.dec}
#       distance: !astropy.table.SerializedColumn
#         __class__: astropy.coordinates.distances.Distance
#         unit: !astropy.units.Unit {unit: pc}
#         value: !astropy.table.SerializedColumn {name: SkyCoord.distance}
#       frame: icrs
#       obstime: !astropy.time.Time {format: jyear_str, in_subfmt: '*', jd1: 367701545.0, jd2: 0.0, out_subfmt: '*', precision: 3, scale: tt}
#       pm_dec: !astropy.table.SerializedColumn
#         __class__: astropy.units.quantity.Quantity
#         unit: !astropy.units.Unit {unit: mas / yr}
#         value: !astropy.table.SerializedColumn {name: SkyCoord.pm_dec}
#       pm_ra_cosdec: !astropy.table.SerializedColumn
#         __class__: astropy.units.quantity.Quantity
#         unit: !astropy.units.Unit {unit: mas / yr}
#         value: !astropy.table.SerializedColumn {name: SkyCoord.pm_ra_cosdec}
#       ra: !astropy.table.SerializedColumn
#         __class__: astropy.coordinates.angles.Longitude
#         unit: *id001
#         value: !astropy.table.SerializedColumn {name: SkyCoord.ra}
#         wrap_angle: !astropy.coordinates.Angle
#           unit: *id001
#           value: 360.0
#       representation_type: spherical
# schema: astropy-2.0
RA_ICRS_1 DE_ICRS_1 e_RA_ICRS e_DE_ICRS _r_1 HIP TYC2 Source rgeo Plx e_Plx pmRA pmDE e_pmRA e_pmDE RUWE Teff logg Gmag BP-RP BPmag RPmag RV e_RV b_rgeo B_rgeo FG e_FG FBP e_FBP FRP e_FRP RAVE5 RAVE6 e_Gmag e_BPmag e_RPmag e_BP-RP SkyCoord.ra SkyCoord.dec SkyCoord.distance SkyCoord.pm_ra_cosdec SkyCoord.pm_dec
[from data line 40]
23.38678893628 60.60894623437 0.0084 0.0104 3.487 "" 4031-544-1 509861962931731968 2458.83374 0.3801 0.0147 -1.374 -0.523 0.011 0.014 1.111 13170.4 3.8221 12.282836 0.464528 12.448755 11.984227 "" "" 2379.88477 2548.09814 230044.72074 32.523 143190.0 60.789 127490.0 41.328 "" "" 0.002759592548040676 0.0028279861 0.0037957346 0.0066237208 23.38678893628 60.60894623437 2458.83374 -1.374 -0.5230000000000001
23.51162773631 60.46705757019 0.0058 0.0072 12.755 "" "" 509833577478897792 1934.23914 0.5069 0.0101 -1.749 -0.912 0.008 0.01 1.0 4855.3 2.507 12.337865 1.541511 13.055295 11.513783 -48.8 0.36 1895.83838 1976.79688 218675.81952 24.279 81903.0 33.956 196630.0 45.511 "" "" 0.0027579559178645555 0.0028262462 0.0037877273 0.0066139735 23.51162773631 60.46705757019 1934.23914 -1.749 -0.9120000000000004
23.24043755418 60.79770409644 0.0142 0.0188 8.6667 "" 4031-816-1 509876973825175936 2251.18164 0.43 0.0248 -1.673 -0.753 0.02 0.025 2.043 12911.9 3.7541 12.364577 0.421595 12.513628 12.092033 "" "" 2113.81641 2363.7959 213361.45841 32.616 134890.0 49.762 115440.0 33.309 "" "" 0.0027603145917555966 0.0028187723 0.0037923437 0.006611116 23.24043755418 60.79770409644 2251.18164 -1.6730000000000003 -0.7529999999999999
23.84898488094 60.64995252549 0.0055 0.007 15.2456 "" "" 509818704017901824 1871.9884 0.5262 0.0101 -1.427 -2.188 0.008 0.01 0.93 "" "" 12.378346 1.577038 13.11572 11.538682 -15.38 0.41 1839.70886 1908.45044 210672.75581 20.867 77469.0 30.098 192170.0 34.766 "" "" 0.0027574180988374887 0.0028218764 0.0037844828 0.006606359 23.84898488094 60.64995252549 1871.9884 -1.4269999999999998 -2.1880000000000006
23.61124355031 60.50904018267 0.0064 0.0079 12.2677 "" "" 509857560576272896 2266.00342 0.433 0.0114 -0.43 0.306 0.008 0.011 1.074 "" "" 12.478416 1.6983 13.292742 11.594441 -2.99 0.32 2215.98828 2331.99683 192123.45856 21.093 65814.0 25.625 182550.0 37.651 "" "" 0.002757897467045387 0.0028220126 0.0037860102 0.006608023 23.61124355031 60.50904018267 2266.00342 -0.43 0.306
23.0286266583 60.4319249064 0.0068 0.0087 16.3443 "" "" 509842029974540416 2674.1665 0.3479 0.0125 -0.292 -0.289 0.009 0.011 0.873 12516.8 3.6679 12.513445 0.378592 12.646693 12.268101 "" "" 2591.41235 2782.01147 186023.86374 70.553 119330.0 146.12 98156.0 87.983 "" "" 0.0027859211700131214 0.0030907257 0.0039026737 0.0069933995 23.0286266583 60.4319249064 2674.1665 -0.292 -0.2889999999999999
23.43669251172 60.56112400554 0.0215 0.0283 6.711 "" "" 509861275738728064 1836.87537 0.5289 0.0393 -0.956 -1.169 0.029 0.039 1.881 12513.2 3.5856 12.538868 0.46445 12.706323 12.241873 "" "" 1711.65332 1964.42407 181718.66442 35.385 112950.0 62.428 100560.0 49.736 "" "" 0.0027634195098177497 0.0028539724 0.0038173408 0.006671313 23.43669251172 60.56112400554 1836.87537 -0.9560000000000001 -1.1690000000000003
23.32056474404 60.97026816276 0.0064 0.0081 18.6065 "" "" 509886427064872576 1853.94702 0.515 0.0112 -3.094 -0.87 0.009 0.011 0.904 "" "" 12.607465 0.557954 12.812251 12.254297 "" "" 1819.198 1895.14856 170592.84003 21.908 102450.0 37.757 99412.0 26.713 "" "" 0.0027588459591310855 0.0028187158 0.0037906258 0.0066093416 23.32056474404 60.97026816276 1853.94702 -3.094 -0.8700000000000001
23.35449175327 60.93764655343 0.0066 0.0082 16.6611 "" "" 509884124962423936 2273.99438 0.4121 0.0115 -2.019 -0.549 0.009 0.011 0.873 14095.3 4.0488 12.628231 0.430308 12.781186 12.350878 "" "" 2212.10376 2348.94287 167360.98817 32.682 105420.0 73.12 90951.0 40.92 "" "" 0.0027634656263281453 0.0028900118 0.0038108195 0.0067008315 23.35449175327 60.93764655343 2273.99438 -2.019 -0.5489999999999999
22.94652768025 60.835258691 0.0061 0.0078 15.4057 "" "" 509879653888018688 2519.45312 0.3891 0.0107 -3.469 -0.033 0.008 0.011 1.018 "" "" 12.641401 1.937361 13.610384 11.673023 -45.99 0.36 2451.39502 2589.31909 165343.11736 18.613 49121.0 25.812 169800.0 37.883 "" "" 0.0027580297279385262 0.0028479032 0.0037871366 0.00663504 22.94652768025 60.835258691 2519.45312 -3.4690000000000003 -0.03300000000000012
23.41136654781 60.90481614986 0.0078 0.0098 14.8649 "" "" 509883845772844160 2604.84229 0.3584 0.0135 -1.225 -0.165 0.011 0.013 1.022 15538.4 4.0555 12.773354 0.489032 12.949339 12.460307 "" "" 2509.38623 2692.02075 146421.65281 58.663 90299.0 120.81 82231.0 88.369 "" "" 0.002789446034120676 0.0031456442 0.003955389 0.007101033 23.41136654781 60.90481614986 2604.84229 -1.225 -0.16500000000000004
23.33807734868 60.96800964888 0.0105 0.0132 18.4698 "" "" 509885701198713472 2135.54199 0.46 0.0193 0.565 -2.375 0.014 0.017 1.705 "" "" 12.777309 1.661385 13.537756 11.87637 -14.45 1.33 2053.47192 2238.05347 145889.15556 25.139 52519.0 44.996 140800.0 52.124 "" "" 0.0027616646908595346 0.0029411463 0.0038006948 0.0067418413 23.33807734868 60.96800964888 2135.54199 0.5649999999999998 -2.375
23.36388794184 60.65076840196 0.0084 0.0108 1.1225 "" "" 509862925004366976 2536.30713 0.3699 0.0144 -1.58 -0.695 0.011 0.014 1.005 13301.5 3.8342 12.865512 0.432794 13.019714 12.586921 "" "" 2455.99316 2614.94922 134506.08842 28.202 84631.0 52.689 73180.0 54.977 "" "" 0.002764708418290661 0.002870881 0.0038663987 0.0067372797 23.36388794184 60.65076840196 2536.30713 -1.5800000000000005 -0.695
23.34318177243 60.69958713967 0.0072 0.009 2.3905 "" "" 509864505552007680 2472.75806 0.3798 0.0124 -1.54 -0.76 0.009 0.012 0.894 13163.7 3.7929 12.877712 0.447829 13.03893 12.591101 "" "" 2402.43701 2566.76465 133003.08542 23.982 83147.0 35.962 72898.0 26.315 "" "" 0.0027622663921866362 0.0028294108 0.00379965 0.006629061 23.34318177243 60.69958713967 2472.75806 -1.54 -0.7599999999999998
23.29554737197 60.67700310121 0.0089 0.0114 1.4482 "" "" 509863096802749440 2383.16504 0.3996 0.016 -1.395 -0.696 0.012 0.014 1.028 14006.8 4.0834 12.89721 0.444951 13.056544 12.611593 "" "" 2294.69946 2477.1748 130635.96118 21.201 81809.0 40.313 71535.0 37.635 "" "" 0.0027609486701642653 0.002841002 0.0038223043 0.0066633066 23.29554737197 60.67700310121 2383.16504 -1.3949999999999998 -0.696
23.17409254676 60.76519192029 0.0091 0.0113 7.802 "" "" 509876153503268224 2216.5564 0.4276 0.0154 -1.229 -0.994 0.012 0.014 1.065 11284.0 4.0177 12.925005 0.550219 13.126416 12.576198 "" "" 2135.34155 2291.55322 127334.08355 28.121 76710.0 63.819 73906.0 48.531 "" "" 0.002765733749627384 0.0029327397 0.0038460416 0.0067787813 23.17409254676 60.76519192029 2216.5564 -1.229 -0.994
23.12798890245 60.61870528871 0.0095 0.0119 6.4681 "" "" 509851002173456896 2205.51001 0.4316 0.017 -1.286 -0.2 0.013 0.015 1.109 9821.3 3.7053 12.96236 0.571682 13.176282 12.6046 "" "" 2119.49536 2311.77173 123027.62218 26.712 73266.0 23.55 71998.0 24.319 "" "" 0.0027653863056531815 0.0028119108 0.003797133 0.006609044 23.12798890245 60.61870528871 2205.51001 -1.286 -0.19999999999999996
23.04550031215 60.64605366083 0.0106 0.014 8.4357 "" "" 509851861166895488 2019.81519 0.4746 0.019 2.287 0.502 0.014 0.019 1.352 4650.2 2.1391 12.979165 1.701197 13.796007 12.09481 -25.04 0.47 1958.10498 2098.15967 121138.12684 15.06 41401.0 19.178 115140.0 23.668 "" "" 0.0027586244617773463 0.0028351364 0.0037859657 0.006621102 23.04550031215 60.64605366083 2019.81519 2.287 0.5019999999999999
23.23462884251 60.66395243927 0.0088 0.0113 2.8396 "" "" 509874504235898880 2405.39209 0.3896 0.0155 -1.392 -0.614 0.011 0.015 0.992 15005.4 3.9793 12.979308 0.428109 13.132762 12.704653 "" "" 2322.40503 2504.74414 121122.07715 48.033 76263.0 71.603 65659.0 50.15 "" "" 0.0027887590994653036 0.0029705572 0.0038692935 0.006839851 23.23462884251 60.66395243927 2405.39209 -1.392 -0.614
23.3596345884 60.64278925137 0.0106 0.0129 1.3433 "" "" 509862821925160704 2712.68604 0.338 0.0183 -1.323 -0.555 0.014 0.017 1.087 15954.2 4.1328 12.985984 0.411234 13.131206 12.719972 "" "" 2577.40942 2853.32275 120379.7312 35.288 76372.0 41.934 64740.0 36.776 "" "" 0.0027736413317405494 0.0028531463 0.0038293758 0.006682522 23.3596345884 60.64278925137 2712.68604 -1.323 -0.5550000000000002
23.56655642947 60.47998902758 0.0081 0.0105 12.852 "" "" 509857049489218304 2168.01929 0.4376 0.0142 -2.126 -0.138 0.011 0.014 1.159 4741.1 2.32 13.000447 1.572482 13.736322 12.16384 -55.39 0.68 2110.59912 2227.67163 118786.66025 14.509 43741.0 23.407 108050.0 29.619 "" "" 0.0027585097899016837 0.0028500205 0.0037910827 0.006641103 23.56655642947 60.47998902758 2168.01929 -2.1260000000000003 -0.13799999999999987
23.15502763556 60.62956919029 0.0072 0.0091 5.4902 "" "" 509850899094234112 2619.23755 0.3507 0.013 -1.389 -0.654 0.01 0.011 0.946 14168.1 4.0738 13.004479 0.431774 13.159252 12.727478 "" "" 2531.81104 2717.60742 118346.39219 35.339 74424.0 42.697 64293.0 25.127 "" "" 0.0027743287741276022 0.002858852 0.0038031277 0.0066619795 23.15502763556 60.62956919029 2619.23755 -1.3890000000000002 -0.654
23.46795590293 60.93325363252 0.0067 0.0087 16.8672 "" "" 509873713961977856 2323.00146 0.4043 0.0121 -4.624 -2.533 0.009 0.012 1.118 "" "" 13.020935 1.9295 13.983561 12.054061 -42.22 0.32 2270.78271 2374.99243 116566.2191 19.645 34833.0 23.261 119550.0 29.674 "" "" 0.002761389339501757 0.0028828338 0.003788978 0.006671812 23.46795590293 60.93325363252 2323.00146 -4.624 -2.533
23.89205861302 60.69269162787 0.0069 0.0088 16.6036 "" "" 509819253773677440 2562.1853 0.3596 0.0125 -1.399 -0.527 0.01 0.012 0.984 14696.2 3.8688 13.045254 0.47605 13.215608 12.739557 "" "" 2475.42358 2651.60205 113984.33553 24.409 70660.0 31.675 63582.0 18.933 "" "" 0.0027651125090115704 0.0028323014 0.0037931849 0.0066254865 23.89205861302 60.69269162787 2562.1853 -1.399 -0.527
23.41234651381 60.64400052097 0.0064 0.0083 2.5843 "" "" 509862134730392064 2664.1394 0.3433 0.0115 -1.351 -0.571 0.008 0.011 0.87 14179.3 3.8819 13.065043 0.395487 13.203815 12.808329 "" "" 2581.1311 2761.21826 111925.69971 33.903 71432.0 42.853 59680.0 34.595 "" "" 0.002774878201617898 0.002865188 0.0038314278 0.006696616 23.41234651381 60.64400052097 2664.1394 -1.351 -0.5710000000000001
23.52796719643 60.60940197818 0.0068 0.0087 6.55 "" "" 509860313664288896 2625.39844 0.3512 0.0121 -0.996 -0.543 0.009 0.011 0.994 14092.5 3.9385 13.065419 0.438485 13.22012 12.781635 "" "" 2516.02271 2702.0813 111886.90208 29.049 70367.0 42.492 61165.0 22.241 "" "" 0.002769702171201469 0.0028661657 0.0037999465 0.006666112 23.52796719643 60.60940197818 2625.39844 -0.9959999999999999 -0.5429999999999997
23.3266215389 60.64066063992 0.0088 0.0106 1.1792 "" "" 509862856284602880 2629.01392 0.352 0.0148 -1.377 -0.605 0.011 0.014 1.143 13183.8 4.0585 13.067874 0.475039 13.239233 12.764195 "" "" 2531.92529 2731.62012 111634.17196 53.489 69139.0 88.181 62156.0 59.974 "" "" 0.002804001416829146 0.0031149036 0.003921892 0.007036796 23.3266215389 60.64066063992 2629.01392 -1.3769999999999998 -0.6049999999999998
23.4303246486 60.62074978798 0.0066 0.0087 3.7622 "" "" 509861894212244480 2484.73291 0.3679 0.0117 -1.36 -0.554 0.009 0.012 1.008 13424.1 3.9609 13.074881 0.444602 13.231689 12.787086 "" "" 2415.87158 2570.87451 110916.04104 31.177 69621.0 68.342 60859.0 59.903 "" "" 0.0027721702227156554 0.0029867971 0.0039275703 0.0069143674 23.4303246486 60.62074978798 2484.73291 -1.36 -0.5540000000000003
23.44907522219 60.64078638672 0.0067 0.0087 3.6648 "" "" 509861928571964800 2733.47241 0.3323 0.0124 -1.21 -1.273 0.009 0.012 0.986 "" "" 13.089568 1.53322 13.800253 12.267033 -54.82 0.8 2643.73608 2816.33374 109425.74151 16.03 41240.0 26.4 98253.0 33.552 "" "" 0.0027599070371207533 0.0028754354 0.0037975246 0.00667296 23.44907522219 60.64078638672 2733.47241 -1.21 -1.2730000000000001
22.96525801801 60.84349251272 0.0119 0.0161 15.3575 "" "" 509879795635467904 2375.40503 0.3914 0.021 -1.694 -0.634 0.016 0.021 2.1 12999.7 3.8081 13.120198 0.709209 13.386635 12.677426 "" "" 2260.51196 2510.21191 106381.83077 25.413 60362.0 36.978 67327.0 30.3 "" "" 0.0027675006846898174 0.0028683515 0.0038108376 0.0066791894 22.96525801801 60.84349251272 2375.40503 -1.694 -0.6340000000000001
23.04875693082 60.92917353863 0.0068 0.0086 18.1297 "" "" 509881955988127872 2342.54492 0.3902 0.0122 -1.388 -0.72 0.01 0.013 0.964 "" "" 13.146434 1.820316 14.037437 12.217121 -10.98 0.6 2266.80029 2408.70117 103842.06008 15.56 33147.0 15.767 102870.0 26.237 "" "" 0.0027601190931232722 0.002837564 0.0037895131 0.0066270772 23.04875693082 60.92917353863 2342.54492 -1.388 -0.7199999999999999
23.63058659155 60.60347006278 0.0067 0.0085 9.452 "" "" 509859420311097856 2189.50317 0.4236 0.0119 -0.286 -0.672 0.009 0.012 1.031 "" "" 13.163892 0.478607 13.33696 12.858353 "" "" 2125.5791 2263.13916 102185.6776 22.201 63188.0 23.454 56992.0 20.779 "" "" 0.0027653992122241428 0.0028191237 0.0038000562 0.0066191796 23.63058659155 60.60347006278 2189.50317 -0.2859999999999999 -0.6719999999999998
23.27261853014 60.75121741465 0.0071 0.0088 5.723 "" "" 509876565820140032 2019.28564 0.4604 0.0118 -0.079 0.748 0.01 0.012 1.08 "" "" 13.170265 1.944892 14.146808 12.201916 -60.87 0.41 1961.11035 2068.28125 101587.58994 14.337 29970.0 14.384 104330.0 25.48 "" "" 0.002759577618947485 0.002838413 0.0037886724 0.0066270856 23.27261853014 60.75121741465 2019.28564 -0.07900000000000001 0.7479999999999999
23.26800463419 60.65620412739 0.0074 0.0095 1.8652 "" "" 509862748896751104 2606.41357 0.3505 0.0132 -1.564 -0.591 0.01 0.012 1.025 "" "" 13.228353 0.510993 13.412769 12.901776 "" "" 2514.8125 2694.74658 96295.4723 45.968 58926.0 81.36 54758.0 75.985 "" "" 0.00280364324005775 0.0031673845 0.0040686163 0.007236001 23.26800463419 60.65620412739 2606.41357 -1.5639999999999998 -0.5910000000000002
23.27620657435 60.84731877585 0.0068 0.0091 11.3411 "" "" 509883403407990528 2687.62183 0.3414 0.012 -1.418 -0.045 0.01 0.012 1.066 "" "" 13.254 1.699413 14.067568 12.368155 -56.12 1.44 2603.80664 2778.302 94047.41199 11.613 32240.0 14.58 89515.0 32.144 "" "" 0.0027585799542495914 0.0028330435 0.0037994382 0.0066324817 23.27620657435 60.84731877585 2687.62183 -1.4179999999999997 -0.04500000000000001
23.81059210492 60.62267609223 0.0067 0.0085 14.2888 "" "" 509818566578971776 2496.04468 0.3699 0.012 -1.303 -0.252 0.009 0.012 0.994 "" "" 13.278126 0.453544 13.439387 12.985844 "" "" 2430.57959 2574.60376 91980.67087 19.587 57499.0 24.532 50678.0 22.226 "" "" 0.00276500357453019 0.002828362 0.0038092611 0.006637623 23.81059210492 60.62267609223 2496.04468 -1.3030000000000002 -0.25199999999999984
23.37427519983 60.68856784618 0.0068 0.0085 2.1261 "" "" 509864436832820864 2545.4646 0.3604 0.0117 -1.357 -0.613 0.009 0.011 0.968 "" "" 13.28579 0.455082 13.447896 12.992814 "" "" 2467.4707 2626.48682 91333.60387 19.854 57050.0 26.555 50354.0 17.541 "" "" 0.002765410101343867 0.0028355694 0.00379826 0.0066338293 23.37427519983 60.68856784618 2545.4646 -1.357 -0.613
23.27793251414 60.88297667175 0.0069 0.0093 13.4564 "" "" 509883609566394112 2502.2793 0.369 0.0123 -1.358 -0.571 0.009 0.012 0.937 12133.3 3.9485 13.300895 0.384535 13.436742 13.052207 "" "" 2434.85229 2561.83911 90071.83546 24.12 57640.0 26.246 47673.0 15.902 "" "" 0.0027706176570111455 0.0028336307 0.0037966946 0.006630325 23.27793251414 60.88297667175 2502.2793 -1.358 -0.571
23.385885767 60.66823808664 0.0071 0.0088 1.6863 "" "" 509862203449845376 2491.08203 0.3663 0.012 -1.334 -0.652 0.01 0.012 0.987 11764.3 4.0114 13.306419 0.462295 13.472166 13.009871 "" "" 2414.65918 2578.604 89614.61079 22.657 55789.0 27.307 49569.0 17.568 "" "" 0.002768960377349432 0.0028403294 0.003798921 0.0066392506 23.385885767 60.66823808664 2491.08203 -1.3340000000000003 -0.6520000000000001
23.21807894366 60.66490342697 0.0072 0.009 3.3291 "" "" 509874469876159360 2486.41504 0.3725 0.0123 -1.386 -0.579 0.009 0.012 1.014 12527.0 3.8265 13.34856 0.491199 13.524748 13.033549 "" "" 2405.20898 2559.22168 86203.07205 25.968 53152.0 35.07 48500.0 39.478 "" "" 0.00277466464139615 0.0028806669 0.0038813362 0.006762003 23.21807894366 60.66490342697 2486.41504 -1.3860000000000001 -0.5789999999999998
