Clusters/NGC_581/NGC_581_stars_in_region.tsv
# %ECSV 1.0
# ---
# datatype:
# - name: RA_ICRS_1
#   unit: deg
#   datatype: float64
#   format: '{:15.11f}'
#   description: Right ascension (ICRS) at Ep=2016.0 (ra)
#   meta: !!omap
#   - {ucd: POS_EQ_RA_MAIN}
#   - {width: 15}
#   - {precision: '11'}
# - name: DE_ICRS_1
#   unit: deg
#   datatype: float64
#   format: '{:15.11f}'
#   description: Declination (ICRS) at Ep=2016.0 (dec)
#   meta: !!omap
#   - {ucd: POS_EQ_DEC_MAIN}
#   - {width: 15}
#   - {precision: '11'}
# - name: e_RA_ICRS
#   unit: mas
#   datatype: float64
#   format: '{:7.4f}'
#   description: Standard error of right ascension (ra_error)
#   meta: !!omap
#   - {ucd: ERROR}
#   - {width: 7}
#   - {precision: '4'}
# - name: e_DE_ICRS
#   unit: mas
#   datatype: float64
#   format: '{:7.4f}'
#   description: Standard error of declination (dec_error)
#   meta: !!omap
#   - {ucd: ERROR}
#   - {width: 7}
#   - {precision: '4'}
# - name: _r_1
#   unit: ''
#   datatype: float64
#   format: '{:7.4f}'
#   description: Distance from center (023.33091717000+60.66020013000)[ICRS], at Epoch=J2016.0
#   meta: !!omap
#   - {ucd: POS_ANG_DIST_GENERAL}
#   - {width: 7}
#   - {precision: '4'}
# - name: HIP
#   datatype: int32
#   description: '? HIP cross-id number, van Leeuwen, Cat. I/311 (hip_original_ext_source_id)'
#   meta: !!omap
#   - {ucd: ID_NUMBER}
#   - {width: 6}
#   - values: {'null': -2147483648}
# - name: TYC2
#   datatype: string
#   description: Tycho-2 cross-id name, Hog et al., Cat. I/259 (tyc2_original_ext_source_id)
#   meta: !!omap
#   - {ucd: ID_CROSSID}
#   - {_votable_string_dtype: char}
# - name: Source
#   datatype: int64
#   description: Source identifier, identical to the Gaia-EDR3 source_id (id)
#   meta: !!omap
#   - {ucd: ID_MAIN}
#   - {width: 19}
# - name: rgeo
#   unit: pc
#   datatype: float64
#   format: '{:15.8f}'
#   description: '? Median of the geometric distance posterior (r_med_geo)'
#   meta: !!omap
#   - {ucd: PHYS_DISTANCE_TRUE}
#   - {width: 15}
#   - {precision: '8'}
#   - values: {'null': .nan}
# - name: Plx
#   unit: mas
#   datatype: float64
#   format: '{:9.4f}'
#   description: '? Parallax (parallax)'
#   meta: !!omap
#   - {ucd: POS_PARLX_TRIG}
#   - {width: 9}
#   - {precision: '4'}
#   - values: {'null': .nan}
# - name: e_Plx
#   unit: mas
#   datatype: float32
#   format: '{:7.4f}'
#   description: '? Standard error of parallax (parallax_error)'
#   meta: !!omap
#   - {ucd: ERROR}
#   - {width: 7}
#   - {precision: '4'}
#   - values: {'null': .nan}
# - name: pmRA
#   unit: mas / yr
#   datatype: float64
#   format: '{:9.3f}'
#   description: '? Proper motion in right ascension direction, pmRA*cosDE (pmra)'
#   meta: !!omap
#   - {ucd: POS_EQ_PMRA}
#   - {width: 9}
#   - {precision: '3'}
#   - values: {'null': .nan}
# - name: pmDE
#   unit: mas / yr
#   datatype: float64
#   format: '{:9.3f}'
#   description: '? Proper motion in declination direction (pmdec)'
#   meta: !!omap
#   - {ucd: POS_EQ_PMDEC}
#   - {width: 9}
#   - {precision: '3'}
#   - values: {'null': .nan}
# - name: e_pmRA
#   unit: mas / yr
#   datatype: float32
#   format: '{:6.3f}'
#   description: '? Standard error of proper motion in right ascension direction (pmra_error)'
#   meta: !!omap
#   - {ucd: ERROR}
#   - {width: 6}
#   - {precision: '3'}
#   - values: {'null': .nan}
# - name: e_pmDE
[...]
#         unit: &id001 !astropy.units.Unit {unit: deg}
#         value: !astropy.table.SerializedColumn {name: SkyCoord.dec}
#       distance: !astropy.table.SerializedColumn
#         __class__: astropy.coordinates.distances.Distance
#         unit: !astropy.units.Unit {unit: pc}
#         value: !astropy.table.SerializedColumn {name: SkyCoord.distance}
#       frame: icrs
#       obstime: !astropy.time.Time {format: jyear_str, in_subfmt: '*', jd1: 367701545.0, jd2: 0.0, out_subfmt: '*', precision: 3, scale: tt}
#       pm_dec: !astropy.table.SerializedColumn
#         __class__: astropy.units.quantity.Quantity
#         unit: !astropy.units.Unit {unit: mas / yr}
#         value: !astropy.table.SerializedColumn {name: SkyCoord.pm_dec}
#       pm_ra_cosdec: !astropy.table.SerializedColumn
#         __class__: astropy.units.quantity.Quantity
#         unit: !astropy.units.Unit {unit: mas / yr}
#         value: !astropy.table.SerializedColumn {name: SkyCoord.pm_ra_cosdec}
#       ra: !astropy.table.SerializedColumn
#         __class__: astropy.coordinates.angles.Longitude
#         unit: *id001
#         value: !astropy.table.SerializedColumn {name: SkyCoord.ra}
#         wrap_angle: !astropy.coordinates.Angle
#           unit: *id001
#           value: 360.0
#       representation_type: spherical
# schema: astropy-2.0
RA_ICRS_1 DE_ICRS_1 e_RA_ICRS e_DE_ICRS _r_1 HIP TYC2 Source rgeo Plx e_Plx pmRA pmDE e_pmRA e_pmDE RUWE Teff logg Gmag BP-RP BPmag RPmag RV e_RV b_rgeo B_rgeo FG e_FG FBP e_FBP FRP e_FRP RAVE5 RAVE6 e_Gmag e_BPmag e_RPmag e_BP-RP SkyCoord.ra SkyCoord.dec SkyCoord.distance SkyCoord.pm_ra_cosdec SkyCoord.pm_dec
[from data line 733]
22.95118385894 60.44268901004 0.0295 0.039 17.1986 "" "" 509842274800105344 2454.13647 0.392 0.0566 0.432 -0.809 0.037 0.048 0.966 6355.6 4.4973 16.81427 1.080717 17.269281 16.188564 "" "" 2190.4248 2772.34302 3541.92164 1.5579 1689.3 8.6577 2653.0 6.8349 "" "" 0.002796399433595996 0.006224776 0.0047019036 0.01092668 22.95118385894 60.44268901004 2454.13647 0.43200000000000005 -0.8089999999999998
23.1781190113 60.75040907264 0.0398 0.0469 7.0298 "" "" 509875397589036544 2461.18555 0.4006 0.0672 -1.103 -1.034 0.055 0.06 1.28 5870.3 4.1121 16.81549 1.473369 17.461771 15.988402 "" "" 2098.72412 2919.36597 3537.94186 5.6365 1414.8 9.4953 3190.0 15.793 "" "" 0.0032532785819065543 0.007802741 0.00657092 0.014373661 23.1781190113 60.75040907264 2461.18555 -1.1030000000000002 -1.034
23.2472260252 60.7026243306 0.0309 0.0368 3.5391 "" "" 509875015326172672 2706.80908 0.3614 0.0523 -1.386 -0.579 0.04 0.047 0.992 5615.9 4.645 16.817112 1.158293 17.308905 16.150612 "" "" 2354.44409 3429.38013 3532.66371 1.4768 1628.8 7.3438 2747.3 6.7992 "" "" 0.002792453931289061 0.0056346073 0.0046372376 0.010271845 23.2472260252 60.7026243306 2706.80908 -1.3860000000000001 -0.5789999999999998
23.6808206917 60.86287900699 0.03 0.0375 15.9071 "" "" 509869728234190720 2392.86157 0.3975 0.0501 -1.632 -0.882 0.041 0.055 0.989 7475.8 4.3671 16.817335 1.343653 17.415451 16.071798 "" "" 2162.06494 2734.31714 3531.93594 1.7509 1476.5 6.2384 2954.2 7.8226 "" "" 0.0028073987127966624 0.0053692684 0.0047486066 0.010117875 23.6808206917 60.86287900699 2392.86157 -1.632 -0.8820000000000001
23.41667148387 60.54674824598 0.0297 0.0374 7.2605 "" "" 509861172657793536 1943.66187 0.5038 0.0533 -1.502 -0.127 0.038 0.048 1.037 5525.2 4.7027 16.817366 1.209351 17.337896 16.128546 "" "" 1758.13342 2202.81152 3531.83518 1.779 1585.8 10.918 2803.8 6.5211 "" "" 0.0028090706394829513 0.007978889 0.004545375 0.012524264 23.41667148387 60.54674824598 1943.66187 -1.502 -0.12699999999999995
23.00049861958 60.60364920714 0.0303 0.0386 10.2976 "" "" 509851311411113856 2210.44727 0.4262 0.0552 -3.151 -0.987 0.039 0.049 1.03 4961.7 4.399 16.820276 1.420244 17.462553 16.042309 "" "" 1971.89392 2555.53003 3522.38038 1.5195 1413.8 4.9921 3035.5 6.6474 "" "" 0.0027948451733457577 0.004741561 0.0044650747 0.009206636 23.00049861958 60.60364920714 2210.44727 -3.1509999999999994 -0.9870000000000001
22.95950806234 60.78058213475 0.0302 0.0382 13.0749 "" "" 509879142800759680 1928.53333 0.4888 0.0543 1.638 -1.605 0.04 0.052 1.009 6611.2 4.2606 16.820978 2.189156 17.960125 15.770969 "" "" 1764.67737 2176.5769 3520.10375 1.7048 894.06 5.7514 3897.4 5.7624 "" "" 0.002805045928726956 0.0075211283 0.004106175 0.011627303 22.95950806234 60.78058213475 1928.53333 1.638 -1.6049999999999995
23.1233874204 60.69365882907 0.0309 0.0389 6.42 "" "" 509874813473522688 1970.75476 0.4918 0.0522 -0.583 3.183 0.041 0.05 0.971 5272.1 4.447 16.82155 1.345943 17.414997 16.069054 "" "" 1736.40234 2230.95801 3518.24619 1.5309 1477.1 7.4614 2961.7 6.7378 "" "" 0.0027955298506664684 0.0061534108 0.0045149475 0.010668358 23.1233874204 60.69365882907 1970.75476 -0.5829999999999999 3.183
23.47097025311 60.66001858879 0.0293 0.0396 4.1175 "" "" 509863440400433664 2165.88013 0.445 0.0521 -1.398 -0.679 0.042 0.057 0.989 5317.8 4.3887 16.824352 1.261595 17.377953 16.116358 "" "" 1955.21729 2438.42114 3509.18364 2.0172 1528.4 6.7888 2835.4 5.9383 "" "" 0.002825121852609397 0.0055715716 0.00441071 0.009982282 23.47097025311 60.66001858879 2165.88013 -1.3979999999999997 -0.679
23.77891263798 60.61265548488 0.043 0.0536 13.4856 "" "" 509812725423460864 1957.79565 0.4934 0.0745 -0.222 -1.064 0.061 0.075 1.454 5396.7 4.6653 16.826843 1.263554 17.364534 16.10098 "" "" 1685.77087 2439.83252 3501.1377 2.1194 1547.4 5.3735 2875.8 5.8036 "" "" 0.0028326245641177466 0.0046904595 0.0043686 0.009059059 23.77891263798 60.61265548488 1957.79565 -0.22199999999999995 -1.0639999999999998
22.86917095228 60.49584782078 0.03 0.0387 16.8066 "" "" 509843408671401856 1861.61023 0.5137 0.0542 -0.545 -1.217 0.039 0.051 1.023 5298.9 4.6667 16.827005 1.253506 17.371693 16.118187 "" "" 1681.67126 2039.68665 3500.61715 1.5214 1537.2 5.7242 2830.6 6.6838 "" "" 0.002795434037350295 0.004912359 0.004566875 0.009479234 22.86917095228 60.49584782078 1861.61023 -0.545 -1.217
23.18479900483 60.92073392053 0.0314 0.0375 16.2069 "" "" 509884709077992320 2612.74072 0.3788 0.0559 -1.076 -0.477 0.042 0.051 0.998 5746.0 4.661 16.827368 1.320581 17.388815 16.068233 "" "" 2290.64087 3048.00684 3499.44869 1.9196 1513.2 9.4484 2963.9 7.7387 "" "" 0.0028189532253045184 0.007331047 0.0047244104 0.012055458 23.18479900483 60.92073392053 2612.74072 -1.0760000000000003 -0.477
23.27754278148 60.67345006759 0.0296 0.0389 1.7588 "" "" 509863165522231040 2581.56763 0.3763 0.0535 -1.609 -0.595 0.039 0.047 0.964 8188.3 4.4108 16.827639 1.275469 17.384066 16.108597 "" "" 2235.86597 3097.21753 3498.57864 1.8427 1519.8 7.7248 2855.7 8.1024 "" "" 0.00281403795037211 0.006183806 0.0048757964 0.011059603 23.27754278148 60.67345006759 2581.56763 -1.6090000000000002 -0.5949999999999998
23.85937128299 60.79947040331 0.0296 0.0372 17.6112 "" "" 509868383891202176 2068.3125 0.4658 0.053 -5.051 -2.557 0.042 0.054 0.969 5660.1 4.6472 16.827843 1.209301 17.346457 16.137156 "" "" 1892.29187 2302.37646 3497.91842 1.4654 1573.4 5.4443 2781.6 5.8034 "" "" 0.002792611754700318 0.004679657 0.0044062445 0.009085901 23.85937128299 60.79947040331 2068.3125 -5.051000000000001 -2.5570000000000004
23.02547086489 60.52702165649 0.0306 0.0411 12.0343 "" "" 509848837510030208 2591.59546 0.3712 0.0568 -0.021 0.731 0.04 0.053 0.981 5781.1 4.6287 16.828531 1.173239 17.256992 16.083754 "" "" 2277.29053 2980.08374 3495.703 2.0283 1708.5 14.638 2921.8 17.456 "" "" 0.0028264209649249052 0.009711752 0.0075073284 0.01721908 23.02547086489 60.52702165649 2591.59546 -0.02099999999999999 0.7309999999999999
23.00300663759 60.4802465953 0.0306 0.0395 14.4926 "" "" 509848249089083392 2677.50464 0.3638 0.0566 2.571 1.003 0.038 0.048 1.017 5750.6 4.623 16.832212 1.126663 17.311394 16.18473 "" "" 2313.95239 3088.90625 3483.86625 1.5137 1625.0 7.8458 2662.4 10.277 "" "" 0.002795411951660497 0.0059384364 0.0056434195 0.011581856 23.00300663759 60.4802465953 2677.50464 2.571 1.0029999999999994
23.93008841714 60.74849570095 0.0323 0.0395 18.3714 "" "" 509821280998210560 2047.73218 0.4745 0.0583 -1.561 -0.074 0.046 0.053 1.061 5058.5 4.5318 16.836092 1.333635 17.425266 16.09163 "" "" 1860.60229 2266.56738 3471.43944 1.7393 1463.2 5.0131 2900.7 6.6724 "" "" 0.002808507113206293 0.0046499926 0.004530031 0.009180023 23.93008841714 60.74849570095 2047.73218 -1.561 -0.07399999999999993
22.92503006024 60.82360286786 0.0305 0.0382 15.4204 "" "" 509880379752996608 2296.02344 0.4277 0.0537 1.113 -0.824 0.039 0.051 0.997 6127.6 4.4689 16.837242 1.347454 17.438309 16.090855 "" "" 2048.52686 2654.00317 3467.76743 1.4225 1445.8 6.369 2902.8 5.7218 "" "" 0.0027910838413798865 0.0055372156 0.0043432564 0.009880472 22.92503006024 60.82360286786 2296.02344 1.113 -0.8239999999999998
23.16146110822 60.81818378475 0.0308 0.038 10.7028 "" "" 509877837130660608 2002.52173 0.4885 0.0535 -1.294 -1.254 0.045 0.051 0.994 5458.2 4.6193 16.83937 1.234377 17.378946 16.14457 "" "" 1803.46887 2313.17163 3460.9745 1.9123 1527.0 8.2156 2762.7 6.4458 "" "" 0.0028198713563856916 0.0064736544 0.0045498097 0.011023464 23.16146110822 60.81818378475 2002.52173 -1.294 -1.254
23.52247596855 60.88464033828 0.0299 0.0371 14.589 "" "" 509873267285406592 2703.71411 0.3464 0.0517 2.599 -0.669 0.042 0.051 1.003 "" "" 16.839834 1.545128 17.550222 16.005095 "" "" 2377.44263 3180.59863 3459.49674 1.5217 1304.2 6.5025 3141.4 6.1976 "" "" 0.0027964023412832342 0.006090045 0.0043441914 0.010434236 23.52247596855 60.88464033828 2703.71411 2.5990000000000006 -0.669
23.16042211654 60.71429946392 0.033 0.0397 5.9681 "" "" 509875225790645248 1936.37305 0.5043 0.0548 -1.852 -0.856 0.046 0.053 1.073 5746.8 4.6098 16.841219 1.286171 17.392588 16.106417 "" "" 1719.73645 2166.47925 3455.09064 2.4636 1507.9 6.6036 2861.5 7.493 "" "" 0.0028620141483530416 0.0055130026 0.0047293473 0.01024235 23.16042211654 60.71429946392 1936.37305 -1.8520000000000003 -0.8560000000000001
23.36673628654 60.66278722 0.0311 0.0383 1.0644 "" "" 509862925004355712 2139.45044 0.4512 0.0535 -1.377 -0.608 0.041 0.05 0.998 5519.1 4.6674 16.841288 1.204218 17.376379 16.172161 "" "" 1957.78674 2420.87451 3454.87083 1.7551 1530.6 6.8222 2693.4 6.7645 "" "" 0.0028099839964046912 0.005586086 0.0046604043 0.01024649 23.36673628654 60.66278722 2139.45044 -1.377 -0.6079999999999999
23.09858156281 60.80831844076 0.0311 0.0364 11.1992 "" "" 509877974569365248 2000.1626 0.482 0.0531 -1.589 0.134 0.042 0.048 1.005 "" "" 16.841553 1.238243 17.342205 16.103962 "" "" 1824.15857 2280.29272 3454.02895 1.518 1579.6 32.752 2868.0 17.127 "" "" 0.002796332853515856 0.022684295 0.0075048506 0.030189145 23.09858156281 60.80831844076 2000.1626 -1.589 0.13399999999999998
23.64538028247 60.59761512995 0.0289 0.0378 9.9868 "" "" 509859420311103232 2321.8418 0.4154 0.0531 -0.285 -1.908 0.039 0.051 0.975 6361.9 4.4892 16.842226 1.160259 17.33837 16.17811 "" "" 2083.49707 2626.75317 3451.88393 1.4708 1585.1 4.5865 2678.6 5.8688 "" "" 0.0027938869094508703 0.0042017396 0.004465716 0.008667456 23.64538028247 60.59761512995 2321.8418 -0.285 -1.908
23.22612358684 60.51527328577 0.0324 0.04 9.2276 "" "" 509838151631409792 1968.67517 0.4946 0.0596 -0.282 -2.412 0.039 0.049 1.036 5359.0 4.6726 16.84566 1.310471 17.42592 16.11545 "" "" 1785.43225 2215.9751 3440.98756 1.5624 1462.3 5.9676 2837.8 6.2059 "" "" 0.0027990754364851066 0.0052361744 0.004463332 0.009699507 23.22612358684 60.51527328577 1968.67517 -0.2819999999999999 -2.412
23.09651015573 60.93119953708 0.0334 0.0378 17.6487 "" "" 509887595296006528 2584.56177 0.3653 0.058 -0.579 -0.42 0.048 0.053 0.98 5921.6 4.5828 16.848257 1.228973 17.382381 16.153408 "" "" 2281.55078 3030.99048 3432.76319 1.5572 1522.2 5.9303 2740.3 6.0993 "" "" 0.0027989938249198976 0.005067251 0.004485947 0.009553198 23.09651015573 60.93119953708 2584.56177 -0.579 -0.41999999999999993
23.18647123036 60.86118619552 0.0289 0.0368 12.7806 "" "" 509878386886179712 2110.86279 0.4509 0.0512 -0.363 -0.489 0.04 0.049 0.974 5734.7 4.6721 16.848755 1.15066 17.34346 16.1928 "" "" 1925.29395 2394.47168 3431.18968 1.4708 1577.7 5.7658 2642.6 5.305 "" "" 0.0027943502617706305 0.0048506893 0.004362845 0.009213534 23.18647123036 60.86118619552 2110.86279 -0.363 -0.48900000000000005
23.23622767561 60.57118570852 0.0302 0.0386 6.0246 "" "" 509838907545595136 2512.5166 0.3754 0.0536 -1.446 -1.182 0.038 0.048 0.998 "" "" 16.849653 1.272471 17.37098 16.098509 "" "" 2204.94971 3006.50879 3428.35275 1.6765 1538.2 8.1269 2882.4 9.6096 "" "" 0.002806008318671023 0.00637894 0.005233175 0.011612115 23.23622767561 60.57118570852 2512.5166 -1.4459999999999997 -1.1820000000000002
23.70547712172 60.64225713897 0.0293 0.0369 11.0673 "" "" 509859935707137024 2603.68481 0.3714 0.0512 3.772 -3.462 0.042 0.053 0.987 5658.1 4.6268 16.850855 1.19202 17.362507 16.170486 "" "" 2318.82104 2957.87891 3424.55718 1.4839 1550.3 5.384 2697.5 5.009 "" "" 0.0027951965651089555 0.004690701 0.0042835055 0.008974207 23.70547712172 60.64225713897 2603.68481 3.7720000000000002 -3.4619999999999993
22.92850663882 60.47379270551 0.0303 0.0399 16.3053 "" "" 509843133793522432 1992.94861 0.4864 0.0564 -2.67 -0.114 0.038 0.049 1.016 "" "" 16.853596 1.247599 17.366104 16.118505 "" "" 1786.53186 2191.41431 3415.9273 1.5968 1545.2 17.404 2829.8 8.3121 "" "" 0.0028016747541334706 0.012543202 0.0049451604 0.017488362 22.92850663882 60.47379270551 1992.94861 -2.6699999999999995 -0.11399999999999999
22.78977882983 60.7872190949 0.0316 0.0378 17.6119 "" "" 509856671530213632 2520.2644 0.3787 0.055 4.25 0.326 0.042 0.053 0.986 6691.6 4.0864 16.85515 2.427443 18.164972 15.73753 "" "" 2229.77295 2973.27173 3411.04156 1.7457 740.33 5.0755 4019.3 7.2033 "" "" 0.0028107906856379163 0.00794927 0.0042508813 0.012200152 22.78977882983 60.7872190949 2520.2644 4.249999999999999 0.3260000000000002
23.67231228134 60.63135411991 0.0298 0.0412 10.1893 "" "" 509859866987669632 1926.55383 0.5062 0.0527 -2.2 -2.597 0.043 0.061 0.997 5462.3 4.6652 16.85808 1.255619 17.414095 16.158476 "" "" 1743.10815 2096.92432 3401.84762 1.509 1478.4 5.9155 2727.5 5.3384 "" "" 0.002797095095573915 0.0051631713 0.00433585 0.009499021 23.67231228134 60.63135411991 1926.55383 -2.2000000000000006 -2.5970000000000004
23.71424089478 60.8973747016 0.0311 0.0378 18.1265 "" "" 509869900031036288 2254.771 0.4254 0.0519 -1.534 0.237 0.044 0.055 1.001 5692.4 4.6254 16.859318 1.266756 17.382704 16.115948 "" "" 2053.17676 2572.49341 3397.97176 1.7029 1521.7 5.6074 2836.5 10.471 "" "" 0.002808532470062479 0.004877723 0.005508896 0.010386619 23.71424089478 60.8973747016 2254.771 -1.5340000000000003 0.23700000000000007
23.13234131318 60.43348529473 0.0297 0.0372 14.8108 "" "" 509835952608257408 2043.67737 0.4691 0.0542 2.022 0.141 0.037 0.045 0.99 5485.2 4.6731 16.860746 1.268715 17.402838 16.134123 "" "" 1872.65222 2302.03857 3393.50238 1.4472 1493.8 9.4974 2789.4 11.209 "" "" 0.0027939545055837493 0.0074455473 0.0057722675 0.013217814 23.13234131318 60.43348529473 2043.67737 2.022 0.14099999999999996
23.02391958875 60.43673399208 0.0321 0.041 16.1802 "" "" 509842137361158528 2591.94653 0.3658 0.0601 -3.58 -1.124 0.04 0.051 0.985 5512.3 4.6639 16.860985 1.199192 17.381292 16.1821 "" "" 2253.53516 2987.95703 3392.75952 1.4323 1523.7 7.907 2668.8 6.3311 "" "" 0.0027931848905358683 0.00628728 0.004573589 0.01086087 23.02391958875 60.43673399208 2591.94653 -3.5799999999999996 -1.1240000000000006
23.38281270762 60.95377035202 0.0298 0.0362 17.6796 "" "" 509885636791182976 2426.26172 0.4033 0.054 -2.46 -0.378 0.041 0.049 0.955 5889.8 4.6564 16.864162 1.343359 17.464968 16.121609 "" "" 2197.4231 2838.67847 3382.84293 1.4519 1410.7 5.5116 2821.7 6.0212 "" "" 0.0027944478297158653 0.0050773355 0.0044329995 0.009510335 23.38281270762 60.95377035202 2426.26172 -2.46 -0.378
23.66598370375 60.4252860779 0.0315 0.0412 17.2165 "" "" 509809736126436992 2708.59009 0.3583 0.0591 -2.332 -1.234 0.04 0.051 0.975 5156.5 4.388 16.864342 1.21707 17.394653 16.177584 "" "" 2285.17944 3281.03394 3382.28362 1.6172 1505.1 6.546 2679.9 8.7089 "" "" 0.002803798801683259 0.00548482 0.00517038 0.0106552 23.66598370375 60.4252860779 2708.59009 -2.3319999999999994 -1.2340000000000002
23.23674097688 60.50909855169 0.033 0.041 9.4813 "" "" 509838082911940352 2303.64795 0.4276 0.0604 1.185 -1.529 0.04 0.05 1.079 4887.2 4.4128 16.867695 1.612072 17.632463 16.020391 "" "" 1994.65259 2821.06909 3371.85411 1.4823 1209.0 6.8397 3097.4 7.2547 "" "" 0.0027963556517239144 0.006746377 0.0045552803 0.011301657 23.23674097688 60.50909855169 2303.64795 1.1849999999999998 -1.529
23.38047856457 60.73837718826 0.0316 0.0382 4.9112 "" "" 509865055308068864 1965.33289 0.5087 0.0541 0.898 -2.402 0.042 0.05 1.048 5466.4 4.6404 16.868458 1.25622 17.418009 16.161789 "" "" 1801.03516 2142.38135 3369.48508 1.5227 1473.0 8.8324 2719.2 7.6088 "" "" 0.00279866583611457 0.0070830025 0.004849089 0.011932092 23.38047856457 60.73837718826 1965.33289 0.8979999999999999 -2.402
23.33824215157 60.66702062269 0.0321 0.0397 0.4624 "" "" 509862993723543040 1975.34619 0.4826 0.0571 -1.261 -0.445 0.041 0.05 1.003 5652.8 4.5158 16.869574 1.269161 17.408543 16.139381 "" "" 1777.59961 2170.86572 3366.02664 2.194 1485.9 8.8929 2775.9 13.658 "" "" 0.002844752232364078 0.0070716864 0.0065437895 0.013615476 23.33824215157 60.66702062269 1975.34619 -1.261 -0.44500000000000006
