Clusters/NGC_581/NGC_581_members.tsv
# %ECSV 1.0
# ---
# datatype:
# - name: RA_ICRS_1
#   unit: deg
#   datatype: float64
#   format: '{:15.11f}'
#   description: Right ascension (ICRS) at Ep=2016.0 (ra)
#   meta: !!omap
#   - {ucd: POS_EQ_RA_MAIN}
#   - {width: 15}
#   - {precision: '11'}
# - name: DE_ICRS_1
#   unit: deg
#   datatype: float64
#   format: '{:15.11f}'
#   description: Declination (ICRS) at Ep=2016.0 (dec)
#   meta: !!omap
#   - {ucd: POS_EQ_DEC_MAIN}
#   - {width: 15}
#   - {precision: '11'}
# - name: e_RA_ICRS
#   unit: mas
#   datatype: float64
#   format: '{:7.4f}'
#   description: Standard error of right ascension (ra_error)
#   meta: !!omap
#   - {ucd: ERROR}
#   - {width: 7}
#   - {precision: '4'}
# - name: e_DE_ICRS
#   unit: mas
#   datatype: float64
#   format: '{:7.4f}'
#   description: Standard error of declination (dec_error)
#   meta: !!omap
#   - {ucd: ERROR}
#   - {width: 7}
#   - {precision: '4'}
# - name: _r_1
#   unit: ''
#   datatype: float64
#   format: '{:7.4f}'
#   description: Distance from center (023.33091717000+60.66020013000)[ICRS], at Epoch=J2016.0
#   meta: !!omap
#   - {ucd: POS_ANG_DIST_GENERAL}
#   - {width: 7}
#   - {precision: '4'}
# - name: HIP
#   datatype: int32
#   description: '? HIP cross-id number, van Leeuwen, Cat. I/311 (hip_original_ext_source_id)'
#   meta: !!omap
#   - {ucd: ID_NUMBER}
#   - {width: 6}
#   - values: {'null': -2147483648}
# - name: TYC2
#   datatype: string
#   description: Tycho-2 cross-id name, Hog et al., Cat. I/259 (tyc2_original_ext_source_id)
#   meta: !!omap
#   - {ucd: ID_CROSSID}
#   - {_votable_string_dtype: char}
# - name: Source
#   datatype: int64
#   description: Source identifier, identical to the Gaia-EDR3 source_id (id)
#   meta: !!omap
#   - {ucd: ID_MAIN}
#   - {width: 19}
# - name: rgeo
#   unit: pc
#   datatype: float64
#   format: '{:15.8f}'
#   description: '? Median of the geometric distance posterior (r_med_geo)'
#   meta: !!omap
#   - {ucd: PHYS_DISTANCE_TRUE}
#   - {width: 15}
#   - {precision: '8'}
#   - values: {'null': .nan}
# - name: Plx
#   unit: mas
#   datatype: float64
#   format: '{:9.4f}'
#   description: '? Parallax (parallax)'
#   meta: !!omap
#   - {ucd: POS_PARLX_TRIG}
#   - {width: 9}
#   - {precision: '4'}
#   - values: {'null': .nan}
# - name: e_Plx
#   unit: mas
#   datatype: float32
#   format: '{:7.4f}'
#   description: '? Standard error of parallax (parallax_error)'
#   meta: !!omap
#   - {ucd: ERROR}
#   - {width: 7}
#   - {precision: '4'}
#   - values: {'null': .nan}
# - name: pmRA
#   unit: mas / yr
#   datatype: float64
#   format: '{:9.3f}'
#   description: '? Proper motion in right ascension direction, pmRA*cosDE (pmra)'
#   meta: !!omap
#   - {ucd: POS_EQ_PMRA}
#   - {width: 9}
#   - {precision: '3'}
#   - values: {'null': .nan}
# - name: pmDE
#   unit: mas / yr
#   datatype: float64
#   format: '{:9.3f}'
#   description: '? Proper motion in declination direction (pmdec)'
#   meta: !!omap
#   - {ucd: POS_EQ_PMDEC}
#   - {width: 9}
#   - {precision: '3'}
#   - values: {'null': .nan}
# - name: e_pmRA
#   unit: mas / yr
#   datatype: float32
#   format: '{:6.3f}'
#   description: '? Standard error of proper motion in right ascension direction (pmra_error)'
#   meta: !!omap
#   - {ucd: ERROR}
#   - {width: 6}
#   - {precision: '3'}
#   - values: {'null': .nan}
# - name: e_pmDE
[...]
#       distance: !astropy.table.SerializedColumn
#         __class__: astropy.coordinates.distances.Distance
#         unit: !astropy.units.Unit {unit: pc}
#         value: !astropy.table.SerializedColumn {name: SkyCoord.distance}
#       frame: icrs
#       obstime: !astropy.time.Time {format: jyear_str, in_subfmt: '*', jd1: 367701545.0, jd2: 0.0, out_subfmt: '*', precision: 3, scale: tt}
#       pm_dec: !astropy.table.SerializedColumn
#         __class__: astropy.units.quantity.Quantity
#         unit: !astropy.units.Unit {unit: mas / yr}
#         value: !astropy.table.SerializedColumn {name: SkyCoord.pm_dec}
#       pm_ra_cosdec: !astropy.table.SerializedColumn
#         __class__: astropy.units.quantity.Quantity
#         unit: !astropy.units.Unit {unit: mas / yr}
#         value: !astropy.table.SerializedColumn {name: SkyCoord.pm_ra_cosdec}
#       ra: !astropy.table.SerializedColumn
#         __class__: astropy.coordinates.angles.Longitude
#         unit: *id001
#         value: !astropy.table.SerializedColumn {name: SkyCoord.ra}
#         wrap_angle: !astropy.coordinates.Angle
#           unit: *id001
#           value: 360.0
#       representation_type: spherical
# schema: astropy-2.0
RA_ICRS_1 DE_ICRS_1 e_RA_ICRS e_DE_ICRS _r_1 HIP TYC2 Source rgeo Plx e_Plx pmRA pmDE e_pmRA e_pmDE RUWE Teff logg Gmag BP-RP BPmag RPmag RV e_RV b_rgeo B_rgeo FG e_FG FBP e_FBP FRP e_FRP RAVE5 RAVE6 e_Gmag e_BPmag e_RPmag e_BP-RP SkyCoord.ra SkyCoord.dec SkyCoord.distance SkyCoord.pm_ra_cosdec SkyCoord.pm_dec rmRA rmDE e_rmRA e_rmDE rRV e_rRV v_pec v_pec3d e_vpec e_vpec3d Pmemb
23.37171451232 60.64658369954 0.0102 0.013 1.4514 "" 4031-418-1 509862169090128000 2657.15332 0.3453 0.0179 -1.539 -0.594 0.014 0.017 1.001 "" "" 7.437064 2.48153 8.787818 6.306288 -44.37 0.27 2539.47681 2798.78809 19958193.06044 9240.2 4171500.0 8976.6 23804000.0 27954.0 "" "" 0.0028007977965709466 0.0036391937 0.0039886604 0.007627854 23.37171451232 60.64658369954 2657.15332 -1.5389999999999997 -0.5940000000000003 -0.14329108142852776 0.007215183734893826 0.07811681 0.08111681 -6.225000000000001 0.6291139 1.8070242771218903 6.481972056257873 0.1411729481022952 0.605453704783672 0.8
23.31307300812 60.68334798065 0.0079 0.0103 1.4846 "" 4031-3300-1 509863195576354816 2527.3623 0.373 0.0146 -1.438 -0.709 0.01 0.013 0.913 19972.9 3.5586 9.69635 0.509331 9.840028 9.330697 "" "" 2433.19531 2611.90869 2491189.75239 8174.5 1582700.0 18178.0 1468500.0 14382.0 "" "" 0.004503841562206105 0.012778488 0.011285017 0.024063505 23.31307300812 60.68334798065 2527.3623 -1.4379999999999995 -0.7090000000000001 -0.04229108142852778 -0.10778481626510616 0.07411681 0.07711682 "" "" 1.3870659391942446 "" 0.10642036159578525 "" 0.9
23.36003604951 60.57025458012 0.0122 0.0155 5.4644 "" 4031-1534-1 509861413175947008 2629.12329 0.33 0.0217 -1.372 -0.728 0.016 0.02 1.207 16237.1 3.8967 11.365054 0.339215 11.477327 11.138112 "" "" 2486.44653 2782.46143 535704.13894 156.82 350340.0 137.08 277920.0 106.76 "" "" 0.002773591182766967 0.002822326 0.0038023253 0.006624651 23.36003604951 60.57025458012 2629.12329 -1.3720000000000003 -0.7279999999999995 0.02370891857147206 -0.12678481626510618 0.080116816 0.08411682 "" "" 1.6073864695760467 "" 0.134995990359337 "" 0.9
23.31742185567 60.66206363745 0.0148 0.0182 0.4122 "" "" 509862890644331520 2516.97559 0.3434 0.0256 -1.453 -0.621 0.018 0.023 1.302 16231.8 3.2674 11.365556 0.359384 11.485084 11.1257 "" "" 2353.52979 2676.37476 535456.75468 195.64 347840.0 208.22 281110.0 98.082 "" "" 0.002783730756854323 0.0028648663 0.00379832 0.0066631865 23.31742185567 60.66206363745 2516.97559 -1.4530000000000005 -0.621 -0.0572910814285279 -0.019784816265106198 0.08211681 0.087116815 "" "" 0.7231187143873966 "" 0.059775861432795736 "" 0.9
23.31739044959 60.67998088179 0.0109 0.014 1.2517 "" "" 509863199881962368 2401.48486 0.3563 0.0188 -1.454 -0.645 0.015 0.018 1.119 7317.0 2.8906 11.767908 0.325303 11.875609 11.550306 "" "" 2289.05981 2523.48315 369643.74208 130.74 242760.0 176.22 190120.0 102.81 "" "" 0.0027819521543889143 0.0028993466 0.003824715 0.0067240614 23.31739044959 60.67998088179 2401.48486 -1.4539999999999995 -0.6450000000000006 -0.05829108142852779 -0.04378481626510622 0.079116814 0.08211681 "" "" 0.8298664506136336 "" 0.06656512604212045 "" 0.9
23.31759573733 60.65188239824 0.0091 0.0111 0.6344 "" "" 509862856284596864 2479.81201 0.3664 0.0161 -1.449 -0.56 0.012 0.014 1.079 13337.3 3.6589 12.063113 0.45965 12.225833 11.766183 "" "" 2368.66797 2614.44458 281644.62637 51.53 175830.0 74.641 155840.0 47.411 "" "" 0.002762471756997965 0.0028279815 0.0037937886 0.00662177 23.31759573733 60.65188239824 2479.81201 -1.4489999999999998 -0.56 -0.0532910814285279 0.041215183734893746 0.076116815 0.07811681 "" "" 0.7918802752045497 "" 0.060872989112858086 "" 0.9
23.38804096056 60.63702187962 0.0088 0.0113 2.1809 "" "" 509862066010920960 2131.6123 0.4389 0.0157 -1.464 -0.632 0.012 0.015 1.125 "" "" 12.115355 0.370482 12.24189 11.871408 "" "" 2063.33496 2199.80273 268413.73782 54.936 173250.0 84.687 141450.0 62.107 "" "" 0.00276426656593158 0.0028401962 0.003809329 0.006649525 23.38804096056 60.63702187962 2131.6123 -1.464 -0.6320000000000001 -0.0682910814285278 -0.030784816265106207 0.076116815 0.079116814 "" "" 0.7568699662131736 "" 0.05800025321761015 "" 0.9
23.33572348373 60.62969508774 0.0082 0.0104 1.8358 "" "" 509862787565131008 2134.66943 0.4392 0.0141 -1.543 -0.589 0.011 0.013 1.041 14807.4 3.8646 12.164389 0.358953 12.287495 11.928542 "" "" 2075.26416 2202.14282 256561.4138 50.459 166120.0 76.504 134200.0 55.854 "" "" 0.002763582300392328 0.0028346195 0.0038063007 0.0066409204 23.33572348373 60.62969508774 2134.66943 -1.5430000000000008 -0.5889999999999996 -0.14729108142852776 0.01221518373489383 0.07511681 0.07711682 "" "" 1.4954565443954577 "" 0.1123546302557127 "" 0.9
23.35208707014 60.67575765182 0.0079 0.0097 1.1218 "" "" 509863023774655232 2476.78369 0.3806 0.0135 -1.438 -0.643 0.01 0.013 0.934 15068.0 3.8332 12.228617 0.385875 12.361426 11.975552 -31.92 28.1 2388.72217 2564.34595 241824.3755 86.906 155180.0 145.25 128510.0 103.44 "" "" 0.002782810833775314 0.0029694834 0.0038791078 0.0068485914 23.35208707014 60.67575765182 2476.78369 -1.438 -0.643 -0.04229108142852778 -0.04178481626510622 0.07411681 0.07711682 6.224999999999994 28.459114 0.6979604425764905 6.264006208442126 0.05277532117612542 28.28189868421725 0.9
23.3005676856 60.61954288321 0.0069 0.009 2.5977 "" "" 509862443967751296 2207.96094 0.4286 0.0125 -1.469 -0.673 0.009 0.011 0.883 15011.0 3.9426 12.265709 0.429295 12.41699 11.987696 "" "" 2148.74927 2272.3335 233702.36786 41.555 147440.0 62.819 127080.0 46.526 "" "" 0.0027620753477931004 0.0028282576 0.0038002285 0.0066284863 23.3005676856 60.61954288321 2207.96094 -1.469 -0.673 -0.07329108142852792 -0.07178481626510624 0.07311681 0.07511681 "" "" 1.0736763908554745 "" 0.07956241929745773 "" 1.0
23.36388794184 60.65076840196 0.0084 0.0108 1.1225 "" "" 509862925004366976 2536.30713 0.3699 0.0144 -1.58 -0.695 0.011 0.014 1.005 13301.5 3.8342 12.865512 0.432794 13.019714 12.586921 "" "" 2455.99316 2614.94922 134506.08842 28.202 84631.0 52.689 73180.0 54.977 "" "" 0.002764708418290661 0.002870881 0.0038663987 0.0067372797 23.36388794184 60.65076840196 2536.30713 -1.5800000000000005 -0.695 -0.1842910814285279 -0.09378481626510615 0.07511681 0.07811681 "" "" 2.4859529818829125 "" 0.18829509829966393 "" 1.0
23.34318177243 60.69958713967 0.0072 0.009 2.3905 "" "" 509864505552007680 2472.75806 0.3798 0.0124 -1.54 -0.76 0.009 0.012 0.894 13163.7 3.7929 12.877712 0.447829 13.03893 12.591101 "" "" 2402.43701 2566.76465 133003.08542 23.982 83147.0 35.962 72898.0 26.315 "" "" 0.0027622663921866362 0.0028294108 0.00379965 0.006629061 23.34318177243 60.69958713967 2472.75806 -1.5399999999999998 -0.7599999999999993 -0.14429108142852787 -0.1587848162651062 0.07311681 0.076116815 "" "" 2.5147360598708772 "" 0.18803903983799897 "" 0.9
23.29554737197 60.67700310121 0.0089 0.0114 1.4482 "" "" 509863096802749440 2383.16504 0.3996 0.016 -1.395 -0.696 0.012 0.014 1.028 14006.8 4.0834 12.89721 0.444951 13.056544 12.611593 "" "" 2294.69946 2477.1748 130635.96118 21.201 81809.0 40.313 71535.0 37.635 "" "" 0.0027609486701642653 0.002841002 0.0038223043 0.0066633066 23.29554737197 60.67700310121 2383.16504 -1.3949999999999998 -0.696 0.0007089185714721502 -0.09478481626510615 0.076116815 0.07811681 "" "" 1.0707384053066282 "" 0.08364255225516869 "" 1.0
23.23462884251 60.66395243927 0.0088 0.0113 2.8396 "" "" 509874504235898880 2405.39209 0.3896 0.0155 -1.392 -0.614 0.011 0.015 0.992 15005.4 3.9793 12.979308 0.428109 13.132762 12.704653 "" "" 2322.40503 2504.74414 121122.07715 48.033 76263.0 71.603 65659.0 50.15 "" "" 0.0027887590994653036 0.0029705572 0.0038692935 0.006839851 23.23462884251 60.66395243927 2405.39209 -1.392 -0.614 0.003708918571472264 -0.012784816265106191 0.07511681 0.079116814 "" "" 0.1517768016522829 "" 0.011962072250135741 "" 0.9
23.15502763556 60.62956919029 0.0072 0.0091 5.4902 "" "" 509850899094234112 2619.23755 0.3507 0.013 -1.389 -0.654 0.01 0.011 0.946 14168.1 4.0738 13.004479 0.431774 13.159252 12.727478 "" "" 2531.81104 2717.60742 118346.39219 35.339 74424.0 42.697 64293.0 25.127 "" "" 0.0027743287741276022 0.002858852 0.0038031277 0.0066619795 23.15502763556 60.62956919029 2619.23755 -1.3890000000000002 -0.6539999999999998 0.0067089185714721555 -0.05278481626510623 0.07411681 0.07511681 "" "" 0.6606053168575007 "" 0.04961213302255224 "" 1.0
23.41234651381 60.64400052097 0.0064 0.0083 2.5843 "" "" 509862134730392064 2664.1394 0.3433 0.0115 -1.351 -0.571 0.008 0.011 0.87 14179.3 3.8819 13.065043 0.395487 13.203815 12.808329 "" "" 2581.1311 2761.21826 111925.69971 33.903 71432.0 42.853 59680.0 34.595 "" "" 0.002774878201617898 0.002865188 0.0038314278 0.006696616 23.41234651381 60.64400052097 2664.1394 -1.351 -0.5710000000000002 0.04470891857147219 0.030215183734893847 0.072116815 0.07511681 "" "" 0.6814270877852936 "" 0.04979233176511567 "" 0.9
23.3266215389 60.64066063992 0.0088 0.0106 1.1792 "" "" 509862856284602880 2629.01392 0.352 0.0148 -1.377 -0.605 0.011 0.014 1.143 13183.8 4.0585 13.067874 0.475039 13.239233 12.764195 "" "" 2531.92529 2731.62012 111634.17196 53.489 69139.0 88.181 62156.0 59.974 "" "" 0.002804001416829146 0.0031149036 0.003921892 0.007036796 23.3266215389 60.64066063992 2629.01392 -1.3769999999999998 -0.6049999999999996 0.018708918571472166 -0.0037848162651061834 0.07511681 0.07811681 "" "" 0.23786453864685947 "" 0.01789621932670506 "" 1.0
23.4303246486 60.62074978798 0.0066 0.0087 3.7622 "" "" 509861894212244480 2484.73291 0.3679 0.0117 -1.36 -0.554 0.009 0.012 1.008 13424.1 3.9609 13.074881 0.444602 13.231689 12.787086 "" "" 2415.87158 2570.87451 110916.04104 31.177 69621.0 68.342 60859.0 59.903 "" "" 0.0027721702227156554 0.0029867971 0.0039275703 0.0069143674 23.4303246486 60.62074978798 2484.73291 -1.36 -0.5540000000000004 0.03570891857147207 0.04721518373489375 0.07311681 0.076116815 "" "" 0.6972121022538916 "" 0.05231816982633777 "" 0.9
23.37427519983 60.68856784618 0.0068 0.0085 2.1261 "" "" 509864436832820864 2545.4646 0.3604 0.0117 -1.357 -0.613 0.009 0.011 0.968 "" "" 13.28579 0.455082 13.447896 12.992814 "" "" 2467.4707 2626.48682 91333.60387 19.854 57050.0 26.555 50354.0 17.541 "" "" 0.002765410101343867 0.0028355694 0.00379826 0.0066338293 23.37427519983 60.68856784618 2545.4646 -1.357 -0.613 0.038708918571472184 -0.01178481626510619 0.07311681 0.07511681 "" "" 0.48820759386805607 "" 0.03578004099035712 "" 1.0
23.385885767 60.66823808664 0.0071 0.0088 1.6863 "" "" 509862203449845376 2491.08203 0.3663 0.012 -1.334 -0.652 0.01 0.012 0.987 11764.3 4.0114 13.306419 0.462295 13.472166 13.009871 "" "" 2414.65918 2578.604 89614.61079 22.657 55789.0 27.307 49569.0 17.568 "" "" 0.002768960377349432 0.0028403294 0.003798921 0.0066392506 23.385885767 60.66823808664 2491.08203 -1.334000000000001 -0.6520000000000004 0.06170891857147209 -0.050784816265106225 0.07411681 0.076116815 "" "" 0.9436649553204345 "" 0.07070960418197224 "" 1.0
23.21807894366 60.66490342697 0.0072 0.009 3.3291 "" "" 509874469876159360 2486.41504 0.3725 0.0123 -1.386 -0.579 0.009 0.012 1.014 12527.0 3.8265 13.34856 0.491199 13.524748 13.033549 "" "" 2405.20898 2559.22168 86203.07205 25.968 53152.0 35.07 48500.0 39.478 "" "" 0.00277466464139615 0.0028806669 0.0038813362 0.006762003 23.21807894366 60.66490342697 2486.41504 -1.3860000000000001 -0.5789999999999998 0.00970891857147227 0.02221518373489384 0.07311681 0.076116815 "" "" 0.28573170988175195 "" 0.021613806275646377 "" 0.9
23.25805781944 60.75218620517 0.0075 0.0088 5.9191 "" "" 509876634539614848 2506.93433 0.3673 0.0122 -1.417 -0.565 0.01 0.012 1.057 12535.9 3.942 13.351378 0.460414 13.516671 13.056257 "" "" 2437.25 2592.35522 85979.5548 17.829 53549.0 26.215 47496.0 16.32 "" "" 0.0027645032508776227 0.002840346 0.0037977502 0.006638096 23.25805781944 60.75218620517 2506.93433 -1.417 -0.565 -0.02129108142852787 0.03621518373489385 0.07411681 0.076116815 "" "" 0.4992006701827877 "" 0.03774364110719815 "" 0.9
23.34774954145 60.66716935822 0.0071 0.0091 0.6478 "" "" 509862925004066048 2586.98193 0.3553 0.0124 -1.314 -0.662 0.009 0.011 1.03 13884.1 3.9611 13.356657 0.418948 13.506256 13.087308 "" "" 2517.20068 2678.46533 85562.57894 24.605 54065.0 29.414 46157.0 22.14 "" "" 0.0027729536791909148 0.002852011 0.0038150952 0.0066671064 23.34774954145 60.66716935822 2586.98193 -1.3139999999999998 -0.6620000000000003 0.08170891857147211 -0.060784816265106234 0.07311681 0.07511681 "" "" 1.2487773463069554 "" 0.09220414648044063 "" 1.0
23.31710272837 60.61729081501 0.0076 0.0093 2.6064 "" "" 509862370939634944 2504.51099 0.3654 0.0132 -1.371 -0.744 0.01 0.012 1.109 "" "" 13.388338 0.558516 13.595136 13.036619 "" "" 2414.30664 2565.05371 83102.03918 18.869 49815.0 21.506 48363.0 15.973 "" "" 0.0027663268298309266 0.0028292679 0.0037963553 0.0066256234 23.31710272837 60.61729081501 2504.51099 -1.3710000000000004 -0.7440000000000005 0.02470891857147217 -0.1427848162651062 0.07411681 0.076116815 "" "" 1.7202461913701497 "" 0.13084090383110666 "" 1.0
23.29362923976 60.62503141705 0.0072 0.0089 2.3782 "" "" 509862443967748992 2610.07446 0.3526 0.0125 -1.468 -0.619 0.01 0.012 1.007 12528.3 3.8073 13.3919 0.485739 13.568231 13.082492 "" "" 2514.99951 2707.32568 82829.82886 25.36 51065.0 40.201 46362.0 27.425 "" "" 0.0027753003947896095 0.0029181573 0.0038335652 0.0067517227 23.29362923976 60.62503141705 2610.07446 -1.4680000000000004 -0.6190000000000002 -0.0722910814285278 -0.017784816265106196 0.07411681 0.076116815 "" "" 0.9210352658554475 "" 0.06837065963832467 "" 0.8
23.30593788792 60.69804521014 0.008 0.0095 2.3864 "" "" 509863234241688960 2567.00952 0.3642 0.0138 -1.396 -0.648 0.011 0.013 1.009 12079.8 3.9062 13.476816 0.465847 13.643819 13.177972 "" "" 2454.25269 2680.96313 76598.47728 22.687 47631.0 22.031 42459.0 26.175 "" "" 0.002774022241697529 0.0028350034 0.0038381938 0.0066731973 23.30593788792 60.69804521014 2567.00952 -1.396 -0.6479999999999999 -0.00029108142852773966 -0.04678481626510622 0.07511681 0.07711682 "" "" 0.5692711236668787 "" 0.0439003337020387 "" 1.0
23.38452278047 60.65834446001 0.0073 0.0093 1.5799 "" "" 509862199140936960 2471.95312 0.3738 0.0127 -1.366 -0.49 0.01 0.012 0.921 7063.6 3.484 13.477135 0.453711 13.637376 13.183665 "" "" 2394.89038 2552.75928 76576.00753 35.471 47914.0 69.944 42237.0 55.267 "" "" 0.002800843627869111 0.003208906 0.004037582 0.007246488 23.38452278047 60.65834446001 2471.95312 -1.3659999999999999 -0.4899999999999999 0.029708918571472065 0.11121518373489381 0.07411681 0.076116815 "" "" 1.3488077694287783 "" 0.10248948224287613 "" 0.8
23.29306216913 60.69363024483 0.0079 0.0103 2.2936 "" "" 509863268601430912 2576.41846 0.3589 0.0136 -1.388 -0.62 0.01 0.013 1.07 13349.9 4.2018 13.496095 0.418185 13.645908 13.227723 "" "" 2486.3623 2673.84741 75250.3836 22.014 47539.0 25.406 40557.0 20.698 "" "" 0.002773567194712436 0.0028498652 0.0038197844 0.00666965 23.29306216913 60.69363024483 2576.41846 -1.388 -0.6200000000000003 0.0077089185714722674 -0.018784816265106197 0.07411681 0.07711682 "" "" 0.24797031764858424 "" 0.019017250990524356 "" 1.0
23.4240225514 60.58115274835 0.0076 0.0097 5.4777 "" "" 509861310096724864 2701.67993 0.3389 0.0139 -1.256 -0.552 0.01 0.013 1.007 12338.5 3.9527 13.63173 0.512267 13.816951 13.304684 "" "" 2601.84741 2785.64502 66413.26305 17.596 40610.0 27.033 37782.0 18.115 "" "" 0.0027702958679875615 0.0028822578 0.0038150647 0.0066973222 23.4240225514 60.58115274835 2701.67993 -1.2559999999999998 -0.5519999999999998 0.13970891857147216 0.04921518373489375 0.07411681 0.07711682 "" "" 1.8968703082626894 "" 0.14122945151430963 "" 0.8
23.34836718552 60.58487347698 0.0078 0.0095 4.5487 "" "" 509861516254823040 2524.21997 0.3646 0.0136 -1.366 -0.6 0.01 0.012 1.029 7190.0 3.6426 13.670061 0.507323 13.854202 13.346879 "" "" 2442.53979 2626.61499 64109.50782 16.258 39241.0 21.626 36342.0 12.968 "" "" 0.0027690434081075227 0.002853608 0.0037991875 0.0066527957 23.34836718552 60.58487347698 2524.21997 -1.3659999999999997 -0.6000000000000009 0.029708918571472065 0.001215183734893821 0.07411681 0.076116815 "" "" 0.35575857680256695 "" 0.026368895682487063 "" 0.9
