Clusters/NGC_581/NGC_581_members.tsv
# %ECSV 1.0
# ---
# datatype:
# - name: RA_ICRS_1
#   unit: deg
#   datatype: float64
#   format: '{:15.11f}'
#   description: Right ascension (ICRS) at Ep=2016.0 (ra)
#   meta: !!omap
#   - {ucd: POS_EQ_RA_MAIN}
#   - {width: 15}
#   - {precision: '11'}
# - name: DE_ICRS_1
#   unit: deg
#   datatype: float64
#   format: '{:15.11f}'
#   description: Declination (ICRS) at Ep=2016.0 (dec)
#   meta: !!omap
#   - {ucd: POS_EQ_DEC_MAIN}
#   - {width: 15}
#   - {precision: '11'}
# - name: e_RA_ICRS
#   unit: mas
#   datatype: float64
#   format: '{:7.4f}'
#   description: Standard error of right ascension (ra_error)
#   meta: !!omap
#   - {ucd: ERROR}
#   - {width: 7}
#   - {precision: '4'}
# - name: e_DE_ICRS
#   unit: mas
#   datatype: float64
#   format: '{:7.4f}'
#   description: Standard error of declination (dec_error)
#   meta: !!omap
#   - {ucd: ERROR}
#   - {width: 7}
#   - {precision: '4'}
# - name: _r_1
#   unit: ''
#   datatype: float64
#   format: '{:7.4f}'
#   description: Distance from center (023.33091717000+60.66020013000)[ICRS], at Epoch=J2016.0
#   meta: !!omap
#   - {ucd: POS_ANG_DIST_GENERAL}
#   - {width: 7}
#   - {precision: '4'}
# - name: HIP
#   datatype: int32
#   description: '? HIP cross-id number, van Leeuwen, Cat. I/311 (hip_original_ext_source_id)'
#   meta: !!omap
#   - {ucd: ID_NUMBER}
#   - {width: 6}
#   - values: {'null': -2147483648}
# - name: TYC2
#   datatype: string
#   description: Tycho-2 cross-id name, Hog et al., Cat. I/259 (tyc2_original_ext_source_id)
#   meta: !!omap
#   - {ucd: ID_CROSSID}
#   - {_votable_string_dtype: char}
# - name: Source
#   datatype: int64
#   description: Source identifier, identical to the Gaia-EDR3 source_id (id)
#   meta: !!omap
#   - {ucd: ID_MAIN}
#   - {width: 19}
# - name: rgeo
#   unit: pc
#   datatype: float64
#   format: '{:15.8f}'
#   description: '? Median of the geometric distance posterior (r_med_geo)'
#   meta: !!omap
#   - {ucd: PHYS_DISTANCE_TRUE}
#   - {width: 15}
#   - {precision: '8'}
#   - values: {'null': .nan}
# - name: Plx
#   unit: mas
#   datatype: float64
#   format: '{:9.4f}'
#   description: '? Parallax (parallax)'
#   meta: !!omap
#   - {ucd: POS_PARLX_TRIG}
#   - {width: 9}
#   - {precision: '4'}
#   - values: {'null': .nan}
# - name: e_Plx
#   unit: mas
#   datatype: float32
#   format: '{:7.4f}'
#   description: '? Standard error of parallax (parallax_error)'
#   meta: !!omap
#   - {ucd: ERROR}
#   - {width: 7}
#   - {precision: '4'}
#   - values: {'null': .nan}
# - name: pmRA
#   unit: mas / yr
#   datatype: float64
#   format: '{:9.3f}'
#   description: '? Proper motion in right ascension direction, pmRA*cosDE (pmra)'
#   meta: !!omap
#   - {ucd: POS_EQ_PMRA}
#   - {width: 9}
#   - {precision: '3'}
#   - values: {'null': .nan}
# - name: pmDE
#   unit: mas / yr
#   datatype: float64
#   format: '{:9.3f}'
#   description: '? Proper motion in declination direction (pmdec)'
#   meta: !!omap
#   - {ucd: POS_EQ_PMDEC}
#   - {width: 9}
#   - {precision: '3'}
#   - values: {'null': .nan}
# - name: e_pmRA
#   unit: mas / yr
#   datatype: float32
#   format: '{:6.3f}'
#   description: '? Standard error of proper motion in right ascension direction (pmra_error)'
#   meta: !!omap
#   - {ucd: ERROR}
#   - {width: 6}
#   - {precision: '3'}
#   - values: {'null': .nan}
# - name: e_pmDE
[...]
#       distance: !astropy.table.SerializedColumn
#         __class__: astropy.coordinates.distances.Distance
#         unit: !astropy.units.Unit {unit: pc}
#         value: !astropy.table.SerializedColumn {name: SkyCoord.distance}
#       frame: icrs
#       obstime: !astropy.time.Time {format: jyear_str, in_subfmt: '*', jd1: 367701545.0, jd2: 0.0, out_subfmt: '*', precision: 3, scale: tt}
#       pm_dec: !astropy.table.SerializedColumn
#         __class__: astropy.units.quantity.Quantity
#         unit: !astropy.units.Unit {unit: mas / yr}
#         value: !astropy.table.SerializedColumn {name: SkyCoord.pm_dec}
#       pm_ra_cosdec: !astropy.table.SerializedColumn
#         __class__: astropy.units.quantity.Quantity
#         unit: !astropy.units.Unit {unit: mas / yr}
#         value: !astropy.table.SerializedColumn {name: SkyCoord.pm_ra_cosdec}
#       ra: !astropy.table.SerializedColumn
#         __class__: astropy.coordinates.angles.Longitude
#         unit: *id001
#         value: !astropy.table.SerializedColumn {name: SkyCoord.ra}
#         wrap_angle: !astropy.coordinates.Angle
#           unit: *id001
#           value: 360.0
#       representation_type: spherical
# schema: astropy-2.0
RA_ICRS_1 DE_ICRS_1 e_RA_ICRS e_DE_ICRS _r_1 HIP TYC2 Source rgeo Plx e_Plx pmRA pmDE e_pmRA e_pmDE RUWE Teff logg Gmag BP-RP BPmag RPmag RV e_RV b_rgeo B_rgeo FG e_FG FBP e_FBP FRP e_FRP RAVE5 RAVE6 e_Gmag e_BPmag e_RPmag e_BP-RP SkyCoord.ra SkyCoord.dec SkyCoord.distance SkyCoord.pm_ra_cosdec SkyCoord.pm_dec rmRA rmDE e_rmRA e_rmDE rRV e_rRV v_pec v_pec3d e_vpec e_vpec3d Pmemb
[from data line 31]
23.39934893227 60.65070635631 0.0077 0.01 2.0912 "" "" 509862203449860992 2582.81519 0.353 0.014 -1.321 -0.59 0.01 0.014 0.928 10220.9 3.958 13.750877 0.524833 13.942204 13.417372 "" "" 2480.59717 2673.75928 59510.8063 14.535 36186.0 26.989 34057.0 16.278 "" "" 0.0027680517913543793 0.002905306 0.0038148433 0.006720149 23.39934893227 60.65070635631 2582.81519 -1.321 -0.59 0.07470891857147222 0.01121518373489383 0.07411681 0.07811681 "" "" 0.9248756134881673 "" 0.06863251312491796 "" 0.9
23.30388748663 60.60042996174 0.0085 0.0106 3.6734 "" "" 509862272169063808 2574.3479 0.3586 0.0148 -1.338 -0.601 0.011 0.014 0.985 11409.0 4.2512 13.891579 0.551281 14.095457 13.544176 "" "" 2471.65991 2683.59497 52277.57036 13.142 31422.0 16.928 30303.0 17.89 "" "" 0.0027688060131444434 0.0028508208 0.0038333526 0.0066841734 23.30388748663 60.60042996174 2574.3479 -1.337999999999999 -0.6010000000000003 0.05770891857147209 0.00021518373489382014 0.07511681 0.07811681 "" "" 0.7041927254321138 "" 0.052896743359927154 "" 0.9
23.17026695364 60.63278077334 0.0087 0.0109 5.0032 "" "" 509850933453969280 2462.49121 0.3741 0.0153 -1.442 -0.561 0.011 0.014 0.944 10550.4 3.8352 14.048358 0.618041 14.278164 13.660123 "" "" 2390.6145 2550.93652 45248.44042 11.183 26555.0 18.773 27234.0 16.528 "" "" 0.0027683557621947016 0.0028938202 0.003836392 0.006730212 23.17026695364 60.63278077334 2462.49121 -1.4420000000000002 -0.5609999999999999 -0.04629108142852778 0.040215183734893745 0.07511681 0.07811681 "" "" 0.7157381802784577 "" 0.05469783696817695 "" 0.9
23.33580742673 60.66295487294 0.0091 0.011 0.2191 "" "" 509862993723545728 2531.58301 0.3681 0.0153 -1.404 -0.748 0.012 0.014 1.027 10372.1 3.9565 14.057936 0.52361 14.242263 13.718653 "" "" 2444.48047 2607.40405 44851.02974 11.864 27448.0 28.861 25805.0 37.55 "" "" 0.002770247770701254 0.0030146916 0.0040963176 0.007111009 23.33580742673 60.66295487294 2531.58301 -1.4039999999999997 -0.7480000000000007 -0.008291081428527747 -0.1467848162651062 0.076116815 0.07811681 "" "" 1.7641818720631557 "" 0.13780118504807956 "" 0.9
23.52367154437 60.62459643198 0.0083 0.011 6.059 "" "" 509860416743490816 2616.00562 0.3523 0.0151 -1.438 -0.546 0.011 0.015 0.948 10898.5 4.0278 14.077983 0.479705 14.251175 13.77147 "" "" 2532.63354 2715.26416 44030.49352 11.45 27224.0 19.038 24579.0 14.108 "" "" 0.0027697484869571016 0.0028916313 0.003830418 0.0067220493 23.52367154437 60.62459643198 2616.00562 -1.4379999999999984 -0.5460000000000006 -0.04229108142852778 0.05521518373489376 0.07511681 0.079116814 "" "" 0.8624151447457238 "" 0.06697675900086804 "" 1.0
23.34071217069 60.63729021242 0.0093 0.0111 1.4045 "" "" 509862787565127296 2526.23413 0.3655 0.0157 -1.362 -0.559 0.012 0.014 1.026 10389.6 3.9494 14.136979 0.516021 14.326499 13.810478 "" "" 2436.14038 2625.70435 41701.84256 10.485 25399.0 19.499 23712.0 15.113 "" "" 0.002768810172346341 0.0029120124 0.003842212 0.006754224 23.34071217069 60.63729021242 2526.23413 -1.3619999999999997 -0.5589999999999988 0.03370891857147207 0.042215183734893746 0.076116815 0.07811681 "" "" 0.6468823627435816 "" 0.050032635391461744 "" 1.0
23.28110387218 60.74448284409 0.0099 0.0113 5.2642 "" "" 509876565820145408 2643.99902 0.349 0.0161 -1.428 -0.581 0.013 0.015 0.985 10410.7 4.0375 14.236942 0.539457 14.43614 13.896683 "" "" 2540.93994 2772.43726 38033.82028 9.3241 22959.0 16.4 21902.0 15.488 "" "" 0.002768146776778846 0.0028959524 0.0038565802 0.006752533 23.28110387218 60.74448284409 2643.99902 -1.4279999999999997 -0.5810000000000002 -0.03229108142852777 0.020215183734893838 0.07711682 0.079116814 "" "" 0.4774504889032397 "" 0.037090814453849465 "" 1.0
23.25433019677 60.6669305333 0.0096 0.0119 2.2873 "" "" 509863131162496896 2621.05078 0.3523 0.0162 -1.334 -0.567 0.013 0.015 0.988 10211.0 3.9008 14.24257 0.537606 14.440722 13.903115 "" "" 2522.46265 2755.10278 37837.18136 8.5732 22863.0 13.145 21773.0 11.983 "" "" 0.0027662807398878045 0.0028591475 0.0038263283 0.006685476 23.25433019677 60.6669305333 2621.05078 -1.334 -0.5669999999999996 0.06170891857147209 0.03421518373489385 0.07711682 0.079116814 "" "" 0.8766180773277571 "" 0.06801831326093413 "" 0.9
23.44243390227 60.62905882038 0.0095 0.0124 3.7749 "" "" 509861894212237440 2412.00928 0.3875 0.0169 -1.446 -0.625 0.013 0.016 1.023 10383.5 3.9983 14.365771 0.518562 14.556164 14.037601 "" "" 2323.95215 2516.03296 33778.32231 8.3063 20557.0 17.39 19236.0 11.989 "" "" 0.0027682255494367192 0.0029374533 0.0038394846 0.006776938 23.44243390227 60.62905882038 2412.00928 -1.4459999999999997 -0.6250000000000001 -0.050291081428527784 -0.0237848162651062 0.07711682 0.080116816 "" "" 0.6360354954751776 "" 0.049403319590374035 "" 0.9
23.40319268819 60.63214392415 0.01 0.0127 2.7116 "" "" 509862100370664576 2529.55444 0.3637 0.0175 -1.359 -0.538 0.013 0.017 1.044 9345.9 3.6959 14.407391 0.633622 14.644364 14.010742 "" "" 2434.99731 2628.96875 32508.03176 8.7055 18953.0 14.356 19718.0 15.152 "" "" 0.0027706186902293575 0.002908845 0.0038703764 0.0067792214 23.40319268819 60.63214392415 2529.55444 -1.3590000000000004 -0.5379999999999997 0.03670891857147218 0.06321518373489377 0.07711682 0.08111681 "" "" 0.8764831580870125 "" 0.07022991831074477 "" 0.8
23.40811144082 60.66222746686 0.01 0.0127 2.2726 "" "" 509863680918600576 2525.13892 0.3634 0.0177 -1.294 -0.42 0.013 0.017 1.07 9995.6 3.8054 14.407627 0.563833 14.616715 14.052881 "" "" 2415.1145 2658.21558 32500.94834 7.8871 19442.0 15.358 18967.0 10.93 "" "" 0.0027678891710387777 0.0029190131 0.0038308213 0.0067498344 23.40811144082 60.66222746686 2525.13892 -1.2939999999999992 -0.41999999999999915 0.10170891857147213 0.18121518373489381 0.07711682 0.08111681 "" "" 2.4872719698476664 "" 0.19942146961247703 "" 0.8
23.4466207747 60.64401319816 0.0105 0.013 3.5384 "" "" 509863406040711424 2710.42993 0.3372 0.0181 -1.344 -0.52 0.014 0.018 0.992 9847.1 3.8724 14.511514 0.579201 14.726374 14.147173 "" "" 2603.75806 2840.99585 29535.30407 7.4813 17574.0 16.166 17390.0 14.278 "" "" 0.00276901135565503 0.0029635362 0.0038830906 0.0068466268 23.4466207747 60.64401319816 2710.42993 -1.344 -0.52 0.051708918571472084 0.08121518373489378 0.07811681 0.08211681 "" "" 1.2369433068852356 "" 0.10017175893734934 "" 0.8
23.26618626963 60.71001342942 0.0108 0.013 3.5424 "" "" 509875053991681408 2553.2124 0.3618 0.0181 -1.47 -0.568 0.014 0.017 0.957 9949.2 4.013 14.549963 0.562049 14.755527 14.193479 "" "" 2440.09644 2679.29224 28507.66034 6.8675 17108.0 22.529 16664.0 12.08 "" "" 0.0027677066138080803 0.003135171 0.0038604666 0.006995638 23.26618626963 60.71001342942 2553.2124 -1.470000000000001 -0.5679999999999996 -0.0742910814285278 0.03321518373489385 0.07811681 0.08111681 "" "" 0.9848575630171149 "" 0.07743397057443667 "" 0.8
23.26120634249 60.62929009992 0.0108 0.0138 2.7647 "" "" 509862547046962816 2362.69727 0.3916 0.0196 -1.323 -0.578 0.014 0.017 0.962 9801.4 4.1887 14.635049 0.612048 14.863204 14.251156 "" "" 2263.3855 2458.94824 26358.90313 6.3312 15493.0 13.015 15801.0 15.764 "" "" 0.0027676340703350153 0.0029354622 0.003931544 0.006867006 23.26120634249 60.62929009992 2362.69727 -1.323 -0.578 0.07270891857147221 0.02321518373489384 0.07811681 0.08111681 "" "" 0.8547797050289225 "" 0.06701402242656807 "" 0.9
23.33885557897 60.62315524363 0.0121 0.0156 2.2349 "" "" 509862409608011264 2602.53638 0.3561 0.0216 -1.32 -0.575 0.017 0.021 1.101 9762.6 4.2404 14.755341 0.632985 14.991202 14.358217 "" "" 2469.88232 2752.53174 23594.48335 5.5614 13770.0 10.115 14318.0 9.6107 "" "" 0.002767179530658591 0.0029019183 0.0038490063 0.0067509245 23.33885557897 60.62315524363 2602.53638 -1.3199999999999996 -0.5749999999999997 0.0757089185714721 0.026215183734893843 0.08111681 0.08511681 "" "" 0.9883514793838137 "" 0.08060444621551233 "" 0.8
23.15760075989 60.62667093873 0.0114 0.0144 5.4806 "" "" 509850899094707584 2461.84106 0.3769 0.0203 -1.407 -0.661 0.015 0.019 0.97 9540.1 3.9978 14.781481 0.634461 15.019958 14.385496 "" "" 2345.55249 2577.23706 23033.20373 5.6807 13410.0 8.5181 13962.0 7.6253 "" "" 0.0027683015443380503 0.002874141 0.0038256166 0.0066997577 23.15760075989 60.62667093873 2461.84106 -1.4070000000000016 -0.6610000000000005 -0.01129108142852786 -0.05978481626510623 0.079116814 0.083116814 "" "" 0.7099695317229304 "" 0.05891487541837883 "" 1.0
23.30343950255 60.60806206133 0.0115 0.0145 3.2311 "" "" 509862272169062656 2568.47681 0.3593 0.0208 -1.41 -0.599 0.015 0.018 0.973 9828.3 4.1914 14.82351 0.750244 15.114496 14.364252 "" "" 2454.05737 2723.11279 22158.62189 4.3182 12292.0 10.274 14238.0 13.569 "" "" 0.0027634321960684906 0.0029340389 0.0039184657 0.006852505 23.30343950255 60.60806206133 2568.47681 -1.4099999999999997 -0.5990000000000001 -0.014291081428527752 0.002215183734893822 0.079116814 0.08211681 "" "" 0.1760656637219748 "" 0.013942376509165145 "" 1.0
23.49154868616 60.54835443168 0.0124 0.0149 8.2105 "" "" 509858286439769344 2677.56372 0.3483 0.0217 -1.36 -0.556 0.016 0.02 1.036 7179.3 3.4982 14.833508 0.618974 15.066659 14.447685 "" "" 2537.76782 2821.16943 21955.51343 4.972 12846.0 9.9963 13185.0 10.655 "" "" 0.0027662688245514177 0.0029152825 0.0038798915 0.006795174 23.49154868616 60.54835443168 2677.56372 -1.3600000000000005 -0.5559999999999998 0.03570891857147207 0.04521518373489375 0.080116816 0.08411682 "" "" 0.7312352020329675 "" 0.06040238285259865 "" 1.0
23.20466968439 60.60277518108 0.0119 0.0149 5.0667 "" "" 509839079344255744 2603.33643 0.3498 0.0209 -1.424 -0.55 0.016 0.019 0.918 9187.2 3.9971 14.834533 0.641797 15.078588 14.43679 "" "" 2485.67163 2770.2644 21934.79887 5.7091 12705.0 10.867 13318.0 9.6215 "" "" 0.002769773827926533 0.0029406575 0.0038599202 0.006800578 23.20466968439 60.60277518108 2603.33643 -1.4240000000000004 -0.5500000000000012 -0.028291081428527765 0.051215183734893754 0.080116816 0.083116814 "" "" 0.7219983634018348 "" 0.059510856824621025 "" 1.0
23.39075763282 60.65819118991 0.0116 0.0147 1.7634 "" "" 509862199147583232 2700.05591 0.3385 0.0205 -1.283 -0.621 0.015 0.019 1.014 8647.4 3.5711 14.836717 0.649529 15.08149 14.431961 "" "" 2526.02026 2856.45361 21890.71637 5.2843 12671.0 12.535 13377.0 12.189 "" "" 0.0027677573934089747 0.0029897662 0.003906721 0.006896487 23.39075763282 60.65819118991 2700.05591 -1.2829999999999995 -0.6209999999999989 0.11270891857147225 -0.019784816265106198 0.079116814 0.083116814 "" "" 1.4645342302714421 "" 0.11604868633101557 "" 0.8
23.32595806547 60.65255013908 0.0119 0.0151 0.4816 "" "" 509862890644335104 2331.62646 0.401 0.0214 -1.263 -0.566 0.016 0.02 0.918 "" "" 14.850338 0.660522 15.101745 14.441222 "" "" 2193.34717 2480.51392 21617.80695 6.2768 12437.0 12.87 13264.0 10.764 "" "" 0.002773295888067545 0.0030078867 0.003880729 0.006888616 23.32595806547 60.65255013908 2331.62646 -1.2629999999999995 -0.5659999999999997 0.13270891857147227 0.03521518373489385 0.080116816 0.08411682 "" "" 1.5174463304296466 "" 0.12198153266848029 "" 0.9
23.33760520463 60.695535486 0.0129 0.0159 2.1292 "" "" 509864505552010368 2681.99146 0.3499 0.0224 -1.375 -0.595 0.017 0.02 0.992 9481.6 4.1732 14.924425 0.624577 15.16145 14.536874 "" "" 2501.10693 2874.71362 20191.88014 5.3936 11772.0 12.401 12145.0 12.222 "" "" 0.002770541528407885 0.003015495 0.003934151 0.006949646 23.33760520463 60.695535486 2681.99146 -1.375 -0.595 0.020708918571472168 0.0062151837348938255 0.08111681 0.08411682 "" "" 0.2748659105892717 "" 0.022365534910006465 "" 0.9
23.2771870206 60.65907692001 0.0124 0.0157 1.5811 "" "" 509863062443024896 2629.26953 0.3496 0.0217 -1.328 -0.46 0.016 0.02 1.013 8152.0 3.6557 14.926271 0.88342 15.278324 14.394904 "" "" 2521.27368 2772.15015 20157.57154 4.6316 10570.0 12.377 13842.0 9.6841 "" "" 0.0027665907438813118 0.0030661663 0.0038549602 0.0069211265 23.2771870206 60.65907692001 2629.26953 -1.3279999999999998 -0.45999999999999985 0.0677089185714721 0.14121518373489378 0.080116816 0.08411682 "" "" 1.951770776305116 "" 0.16274588861293013 "" 0.8
23.61162345475 60.6059051319 0.0128 0.0153 8.8787 "" "" 509860176225340288 2494.2395 0.3694 0.0222 -1.425 -0.552 0.017 0.021 1.007 9357.1 4.1645 15.049252 0.640594 15.289042 14.648448 "" "" 2363.29126 2642.91479 17998.8968 4.3055 10466.0 12.094 10959.0 8.6801 "" "" 0.0027675337081292527 0.0030592694 0.0038759848 0.006935254 23.61162345475 60.6059051319 2494.2395 -1.4250000000000003 -0.552 -0.029291081428527876 0.04921518373489375 0.08111681 0.08511681 "" "" 0.6771114425310036 "" 0.056937569517699654 "" 1.0
23.18364318979 60.64631366279 0.0125 0.0158 4.4101 "" "" 509874401156690560 2486.33057 0.3722 0.0223 -1.46 -0.622 0.016 0.02 0.985 9274.7 4.2035 15.058793 0.708878 15.331321 14.622442 "" "" 2362.79761 2643.93286 17841.41735 4.0766 10067.0 8.7573 11225.0 8.3461 "" "" 0.0027664658794985114 0.0029456913 0.003864637 0.0068103285 23.18364318979 60.64631366279 2486.33057 -1.4599999999999997 -0.6220000000000007 -0.0642910814285278 -0.0207848162651062 0.080116816 0.08411682 "" "" 0.7962956314591586 "" 0.06410485671180322 "" 1.0
23.19258565445 60.69330998928 0.0129 0.0159 4.5242 "" "" 509874572955354240 2689.32764 0.3395 0.0219 -1.38 -0.57 0.017 0.02 0.941 9065.0 4.0398 15.112158 0.683019 15.372553 14.689534 "" "" 2569.35352 2816.91064 16985.70328 4.0089 9691.6 12.862 10552.0 9.2101 "" "" 0.002767210528409852 0.0031402665 0.003896382 0.0070366487 23.19258565445 60.69330998928 2689.32764 -1.3800000000000003 -0.5699999999999998 0.015708918571472275 0.031215183734893848 0.08111681 0.08411682 "" "" 0.445459222019317 "" 0.03720442773512747 "" 0.9
23.29052980625 60.71910411533 0.0133 0.0161 3.728 "" "" 509864780429901568 2529.14038 0.3706 0.0224 -1.468 -0.573 0.017 0.021 0.987 9122.5 4.1773 15.139409 0.730651 15.420497 14.689846 "" "" 2390.62939 2673.69409 16564.68651 3.7612 9273.0 11.637 10549.0 8.6337 "" "" 0.0027663271324995576 0.003105081 0.0038824412 0.0069875224 23.29052980625 60.71910411533 2529.14038 -1.468 -0.573 -0.0722910814285278 0.028215183734893845 0.08111681 0.08511681 "" "" 0.9303045653390427 "" 0.07596572563475469 "" 0.9
23.21316076476 60.75907891212 0.0149 0.017 6.8663 "" "" 509876806338303232 2606.27393 0.3568 0.0243 -1.416 -0.521 0.02 0.022 1.0 9447.4 4.3393 15.212067 0.750555 15.502823 14.752268 "" "" 2454.85425 2799.12671 15492.45005 4.1768 8595.8 11.904 9959.8 10.341 "" "" 0.002770825258208238 0.0031695184 0.003943921 0.0071134395 23.21316076476 60.75907891212 2606.27393 -1.4160000000000001 -0.5209999999999998 -0.020291081428527757 0.08021518373489378 0.08411682 0.08611681 "" "" 1.0221704213914307 "" 0.08790445718360233 "" 1.0
23.25589302633 60.65791591917 0.0141 0.0175 2.21 "" "" 509862753205379968 2375.59399 0.3929 0.0249 -1.344 -0.63 0.018 0.022 0.98 9596.7 4.2764 15.231252 0.728029 15.510756 14.782726 "" "" 2248.95874 2499.23511 15221.10607 3.6767 8533.3 13.028 9684.3 7.7398 "" "" 0.002767773663643439 0.0032454203 0.0038777166 0.007123137 23.25589302633 60.65791591917 2375.59399 -1.344 -0.63 0.051708918571472084 -0.028784816265106206 0.08211681 0.08611681 "" "" 0.6663955095140666 "" 0.055364468552152886 "" 1.0
23.13946693116 60.71652721606 0.0154 0.0185 6.561 "" "" 509874847833245056 2490.27417 0.3684 0.025 -1.3 -0.546 0.02 0.023 0.95 9273.1 4.1447 15.302836 0.735129 15.586339 14.85121 "" "" 2353.13843 2644.19385 14249.91755 3.5822 7959.4 11.357 9092.3 10.306 "" "" 0.0027688054820773633 0.0031914057 0.0039747036 0.007166109 23.13946693116 60.71652721606 2490.27417 -1.3000000000000003 -0.5459999999999996 0.09570891857147212 0.05521518373489376 0.08411682 0.087116815 "" "" 1.3042595216733464 "" 0.11070018398682033 "" 0.8
