Clusters/NGC_581/NGC_581_members.tsv
# %ECSV 1.0
# ---
# datatype:
# - name: RA_ICRS_1
#   unit: deg
#   datatype: float64
#   format: '{:15.11f}'
#   description: Right ascension (ICRS) at Ep=2016.0 (ra)
#   meta: !!omap
#   - {ucd: POS_EQ_RA_MAIN}
#   - {width: 15}
#   - {precision: '11'}
# - name: DE_ICRS_1
#   unit: deg
#   datatype: float64
#   format: '{:15.11f}'
#   description: Declination (ICRS) at Ep=2016.0 (dec)
#   meta: !!omap
#   - {ucd: POS_EQ_DEC_MAIN}
#   - {width: 15}
#   - {precision: '11'}
# - name: e_RA_ICRS
#   unit: mas
#   datatype: float64
#   format: '{:7.4f}'
#   description: Standard error of right ascension (ra_error)
#   meta: !!omap
#   - {ucd: ERROR}
#   - {width: 7}
#   - {precision: '4'}
# - name: e_DE_ICRS
#   unit: mas
#   datatype: float64
#   format: '{:7.4f}'
#   description: Standard error of declination (dec_error)
#   meta: !!omap
#   - {ucd: ERROR}
#   - {width: 7}
#   - {precision: '4'}
# - name: _r_1
#   unit: ''
#   datatype: float64
#   format: '{:7.4f}'
#   description: Distance from center (023.33091717000+60.66020013000)[ICRS], at Epoch=J2016.0
#   meta: !!omap
#   - {ucd: POS_ANG_DIST_GENERAL}
#   - {width: 7}
#   - {precision: '4'}
# - name: HIP
#   datatype: int32
#   description: '? HIP cross-id number, van Leeuwen, Cat. I/311 (hip_original_ext_source_id)'
#   meta: !!omap
#   - {ucd: ID_NUMBER}
#   - {width: 6}
#   - values: {'null': -2147483648}
# - name: TYC2
#   datatype: string
#   description: Tycho-2 cross-id name, Hog et al., Cat. I/259 (tyc2_original_ext_source_id)
#   meta: !!omap
#   - {ucd: ID_CROSSID}
#   - {_votable_string_dtype: char}
# - name: Source
#   datatype: int64
#   description: Source identifier, identical to the Gaia-EDR3 source_id (id)
#   meta: !!omap
#   - {ucd: ID_MAIN}
#   - {width: 19}
# - name: rgeo
#   unit: pc
#   datatype: float64
#   format: '{:15.8f}'
#   description: '? Median of the geometric distance posterior (r_med_geo)'
#   meta: !!omap
#   - {ucd: PHYS_DISTANCE_TRUE}
#   - {width: 15}
#   - {precision: '8'}
#   - values: {'null': .nan}
# - name: Plx
#   unit: mas
#   datatype: float64
#   format: '{:9.4f}'
#   description: '? Parallax (parallax)'
#   meta: !!omap
#   - {ucd: POS_PARLX_TRIG}
#   - {width: 9}
#   - {precision: '4'}
#   - values: {'null': .nan}
# - name: e_Plx
#   unit: mas
#   datatype: float32
#   format: '{:7.4f}'
#   description: '? Standard error of parallax (parallax_error)'
#   meta: !!omap
#   - {ucd: ERROR}
#   - {width: 7}
#   - {precision: '4'}
#   - values: {'null': .nan}
# - name: pmRA
#   unit: mas / yr
#   datatype: float64
#   format: '{:9.3f}'
#   description: '? Proper motion in right ascension direction, pmRA*cosDE (pmra)'
#   meta: !!omap
#   - {ucd: POS_EQ_PMRA}
#   - {width: 9}
#   - {precision: '3'}
#   - values: {'null': .nan}
# - name: pmDE
#   unit: mas / yr
#   datatype: float64
#   format: '{:9.3f}'
#   description: '? Proper motion in declination direction (pmdec)'
#   meta: !!omap
#   - {ucd: POS_EQ_PMDEC}
#   - {width: 9}
#   - {precision: '3'}
#   - values: {'null': .nan}
# - name: e_pmRA
#   unit: mas / yr
#   datatype: float32
#   format: '{:6.3f}'
#   description: '? Standard error of proper motion in right ascension direction (pmra_error)'
#   meta: !!omap
#   - {ucd: ERROR}
#   - {width: 6}
#   - {precision: '3'}
#   - values: {'null': .nan}
# - name: e_pmDE
[...]
#       distance: !astropy.table.SerializedColumn
#         __class__: astropy.coordinates.distances.Distance
#         unit: !astropy.units.Unit {unit: pc}
#         value: !astropy.table.SerializedColumn {name: SkyCoord.distance}
#       frame: icrs
#       obstime: !astropy.time.Time {format: jyear_str, in_subfmt: '*', jd1: 367701545.0, jd2: 0.0, out_subfmt: '*', precision: 3, scale: tt}
#       pm_dec: !astropy.table.SerializedColumn
#         __class__: astropy.units.quantity.Quantity
#         unit: !astropy.units.Unit {unit: mas / yr}
#         value: !astropy.table.SerializedColumn {name: SkyCoord.pm_dec}
#       pm_ra_cosdec: !astropy.table.SerializedColumn
#         __class__: astropy.units.quantity.Quantity
#         unit: !astropy.units.Unit {unit: mas / yr}
#         value: !astropy.table.SerializedColumn {name: SkyCoord.pm_ra_cosdec}
#       ra: !astropy.table.SerializedColumn
#         __class__: astropy.coordinates.angles.Longitude
#         unit: *id001
#         value: !astropy.table.SerializedColumn {name: SkyCoord.ra}
#         wrap_angle: !astropy.coordinates.Angle
#           unit: *id001
#           value: 360.0
#       representation_type: spherical
# schema: astropy-2.0
RA_ICRS_1 DE_ICRS_1 e_RA_ICRS e_DE_ICRS _r_1 HIP TYC2 Source rgeo Plx e_Plx pmRA pmDE e_pmRA e_pmDE RUWE Teff logg Gmag BP-RP BPmag RPmag RV e_RV b_rgeo B_rgeo FG e_FG FBP e_FBP FRP e_FRP RAVE5 RAVE6 e_Gmag e_BPmag e_RPmag e_BP-RP SkyCoord.ra SkyCoord.dec SkyCoord.distance SkyCoord.pm_ra_cosdec SkyCoord.pm_dec rmRA rmDE e_rmRA e_rmDE rRV e_rRV v_pec v_pec3d e_vpec e_vpec3d Pmemb
[from data line 62]
23.44789478926 60.6340817988 0.0141 0.0181 3.7805 "" "" 509861928571970432 2509.67285 0.3651 0.0248 -1.407 -0.57 0.019 0.023 0.959 8992.5 4.255 15.3516 0.777108 15.658016 14.880908 "" "" 2381.01904 2668.2312 13624.06798 3.5269 7450.9 11.985 8847.0 9.9028 "" "" 0.0027696188104701373 0.0032916712 0.003969975 0.007261646 23.44789478926 60.6340817988 2509.67285 -1.407 -0.5699999999999998 -0.01129108142852786 0.031215183734893848 0.083116814 0.087116815 "" "" 0.39487701808946274 "" 0.03422140673706136 "" 0.8
23.32686685667 60.61952398795 0.0148 0.0187 2.4435 "" "" 509862409608012800 2696.35522 0.3402 0.0259 -1.428 -0.542 0.02 0.024 1.003 9256.2 4.3421 15.380321 0.744872 15.668781 14.923909 "" "" 2514.73438 2881.97412 13268.39352 3.3767 7377.4 10.593 8503.4 7.6468 "" "" 0.0027691401662112256 0.0031961633 0.0039034616 0.0070996247 23.32686685667 60.61952398795 2696.35522 -1.4280000000000002 -0.542 -0.03229108142852777 0.05921518373489376 0.08411682 0.08811681 "" "" 0.8620266015230185 "" 0.07518266360923606 "" 0.8
23.44894531334 60.76465606883 0.0157 0.019 7.1611 "" "" 509865158387258880 2529.21997 0.3626 0.0258 -1.397 -0.612 0.022 0.027 0.947 8795.8 4.2747 15.425365 0.82119 15.749321 14.928131 "" "" 2401.55054 2709.26416 12729.18315 3.1367 6850.0 7.0178 8470.4 7.3529 "" "" 0.0027682791938804254 0.0030037197 0.0038951281 0.006898848 23.44894531334 60.76465606883 2529.21997 -1.397 -0.612 -0.0012910814285278516 -0.01078481626510619 0.08611681 0.091116816 "" "" 0.1302169686528746 "" 0.011856005584457343 "" 0.9
23.36975801442 60.69223403257 0.0153 0.0194 2.2354 "" "" 509864436832817024 2278.87134 0.4117 0.027 -1.422 -0.59 0.021 0.025 0.992 8882.4 4.2706 15.479516 0.767086 15.780597 15.013511 "" "" 2153.91748 2409.53003 12109.89116 2.8575 6655.5 9.6371 7829.9 8.8059 "" "" 0.0027672053013702365 0.0032026018 0.0039717434 0.007174345 23.36975801442 60.69223403257 2278.87134 -1.421999999999999 -0.5899999999999984 -0.026291081428527763 0.01121518373489383 0.08511681 0.08911681 "" "" 0.3087518186392918 "" 0.026473856531854082 "" 0.9
23.26523871015 60.66851027244 0.0157 0.0209 1.994 "" "" 509863126856616448 2660.56372 0.3513 0.0285 -1.418 -0.582 0.021 0.027 1.002 9008.6 4.3039 15.526078 0.795502 15.836528 15.041026 "" "" 2488.33301 2882.75439 11601.53161 3.0783 6321.3 10.928 7633.9 11.162 "" "" 0.002770339706049726 0.0033627497 0.004099263 0.0074620126 23.26523871015 60.66851027244 2660.56372 -1.4180000000000001 -0.5819999999999997 -0.02229108142852776 0.019215183734893837 0.08511681 0.091116816 "" "" 0.37114185674901246 "" 0.03255834416436001 "" 0.9
23.25990245615 60.69401004451 0.0161 0.02 2.9102 "" "" 509874916552737408 2691.93042 0.3374 0.028 -1.394 -0.66 0.022 0.026 0.993 7996.2 3.9342 15.549917 0.816694 15.868973 15.052278 "" "" 2514.59668 2913.90332 11349.57875 3.0983 6135.2 13.684 7555.2 9.3482 "" "" 0.002771216024256262 0.0036945045 0.004011042 0.0077055464 23.25990245615 60.69401004451 2691.93042 -1.3940000000000001 -0.6600000000000008 0.0017089185714722621 -0.05878481626510623 0.08611681 0.090116814 "" "" 0.7503964528847299 "" 0.06762085908548733 "" 0.9
23.04771844374 60.66001829976 0.0162 0.0204 8.3259 "" "" 509851895526624384 2359.56348 0.4025 0.0293 -1.403 -0.571 0.021 0.026 0.953 9336.2 4.278 15.564455 0.955638 15.951106 14.995468 "" "" 2208.61768 2541.76343 11198.62962 2.8882 5688.2 9.6739 7961.1 7.9649 "" "" 0.0027695125480753247 0.0033458387 0.003932388 0.007278227 23.04771844374 60.66001829976 2359.56348 -1.403 -0.5710000000000004 -0.007291081428527857 0.030215183734893847 0.08511681 0.090116814 "" "" 0.3476361356977469 "" 0.031234733639665207 "" 0.8
23.57478956617 60.63842432812 0.0151 0.0193 7.2901 "" "" 509860279304523904 2552.18384 0.3684 0.0267 -1.412 -0.541 0.021 0.026 0.967 7100.3 4.2466 15.594873 1.052855 16.035635 14.982779 "" "" 2374.81055 2770.25 10889.23403 2.4713 5262.1 7.7803 8054.6 9.403 "" "" 0.0027663162579340617 0.0032190215 0.003986261 0.0072052823 23.57478956617 60.63842432812 2552.18384 -1.4119999999999997 -0.5409999999999999 -0.016291081428527754 0.06021518373489376 0.08511681 0.090116814 "" "" 0.7546330990914462 "" 0.06775446322532332 "" 0.9
23.35711360683 60.63884093222 0.0174 0.0203 1.4953 "" "" 509862821924865408 2353.15332 0.3975 0.0292 -1.285 -0.611 0.022 0.026 0.967 8256.4 4.2719 15.624567 0.904385 15.989212 15.084827 "" "" 2211.31689 2561.30151 10595.46384 2.6537 5492.0 14.776 7332.1 11.232 "" "" 0.002768706377844569 0.0040395595 0.0041291732 0.008168733 23.35711360683 60.63884093222 2353.15332 -1.2850000000000001 -0.6109999999999999 0.11070891857147225 -0.009784816265106189 0.08611681 0.090116814 "" "" 1.2396550436981824 "" 0.10679446164905283 "" 0.9
23.25949351322 60.67037303744 0.0168 0.0214 2.1864 "" "" 509863131162494336 2744.34961 0.337 0.0295 -1.507 -0.674 0.022 0.028 0.975 8338.2 4.2026 15.704481 0.858714 16.045612 15.186898 "" "" 2525.3667 2990.06421 9843.61151 2.5816 5214.0 9.6659 6674.2 9.3576 "" "" 0.002769994605067368 0.0034403952 0.004074434 0.007514829 23.25949351322 60.67037303744 2744.34961 -1.5069999999999997 -0.6740000000000002 -0.11129108142852773 -0.07278481626510624 0.08611681 0.09211682 "" "" 1.7298157880425251 "" 0.15214986638736566 "" 0.9
23.37129059238 60.66756854258 0.0179 0.0222 1.2665 "" "" 509862959364089856 2584.69141 0.361 0.0305 -1.464 -0.609 0.024 0.028 0.971 8165.1 4.2725 15.708516 0.916909 16.07757 15.160661 "" "" 2441.36963 2785.84326 9807.0964 2.6144 5062.8 9.7998 6837.4 8.0048 "" "" 0.0027704808033289334 0.0034931053 0.003987412 0.007480517 23.37129059238 60.66756854258 2584.69141 -1.464 -0.609 -0.0682910814285278 -0.007784816265106187 0.08811681 0.09211682 "" "" 0.8420824840815073 "" 0.07424579888431868 "" 1.0
23.39384433832 60.68874426942 0.0175 0.0216 2.5205 "" "" 509864471192558720 2352.26929 0.3955 0.0299 -1.326 -0.597 0.023 0.029 0.978 8201.7 4.3203 15.724306 0.914637 16.091398 15.176762 "" "" 2224.95581 2488.12866 9665.50007 2.4662 4998.7 8.2659 6736.8 8.1204 "" "" 0.0027692120805458825 0.0033178988 0.0039995606 0.007317459 23.39384433832 60.68874426942 2352.26929 -1.326 -0.5970000000000001 0.0697089185714721 0.004215183734893824 0.087116815 0.09311681 "" "" 0.7786571209891963 "" 0.06785173266482686 "" 0.9
23.41391393714 60.68386311754 0.0175 0.0221 2.8223 "" "" 509863715278318848 2223.8418 0.4225 0.0316 -1.399 -0.557 0.024 0.029 1.025 8295.9 4.2353 15.731999 0.860047 16.074821 15.214774 "" "" 2086.18042 2404.94214 9597.25066 2.6382 5075.6 7.4776 6505.0 7.8091 "" "" 0.0027714377834158017 0.0032161504 0.0039978223 0.0072139725 23.41391393714 60.68386311754 2223.8418 -1.399 -0.557 -0.0032910814285278533 0.04421518373489375 0.08811681 0.09311681 "" "" 0.4673620109833076 "" 0.0435067292410232 "" 0.9
23.32202209266 60.61270354541 0.0173 0.0222 2.8618 "" "" 509862375248276352 2423.69312 0.3885 0.0314 -1.349 -0.635 0.023 0.029 0.972 8465.7 4.3155 15.768455 0.933394 16.144413 15.211019 "" "" 2245.39819 2608.34058 9280.35929 2.5166 4760.5 8.6506 6527.6 8.6966 "" "" 0.0027710061501277933 0.0034172523 0.0040467405 0.0074639926 23.32202209266 60.61270354541 2423.69312 -1.349 -0.6350000000000001 0.04670891857147219 -0.03378481626510621 0.087116815 0.09311681 "" "" 0.6622623824139088 "" 0.05908914732407387 "" 0.9
23.33929142392 60.77582262619 0.0183 0.0215 6.9417 "" "" 509865364545411584 2658.78662 0.3518 0.0303 -1.429 -0.656 0.026 0.029 0.998 8054.6 4.2239 15.791846 0.927076 16.168743 15.241667 "" "" 2462.05127 2911.84131 9082.55795 2.447 4655.0 5.685 6345.9 8.088 "" "" 0.002770804071704855 0.003089216 0.004024751 0.007113967 23.33929142392 60.77582262619 2658.78662 -1.4289999999999998 -0.656 -0.03329108142852788 -0.05478481626510623 0.090116814 0.09311681 "" "" 0.8079145272687932 "" 0.07458454750848995 "" 0.9
23.42382355982 60.63877751573 0.0201 0.0267 3.0195 "" "" 509862134730396032 2511.83179 0.3731 0.0362 -1.364 -0.509 0.028 0.035 0.998 6690.1 4.3761 16.123594 1.181008 16.63019 15.449182 "" "" 2306.84888 2794.4541 6691.28109 2.287 3043.3 6.6733 5241.9 6.8936 "" "" 0.0027801975488287406 0.0036678584 0.004040108 0.0077079665 23.42382355982 60.63877751573 2511.83179 -1.3639999999999997 -0.5090000000000002 0.03170891857147207 0.09221518373489379 0.09211682 0.09911682 "" "" 1.161016793799522 "" 0.11424429581362627 "" 0.8
23.33747767482 60.64558853746 0.0223 0.0281 0.8977 "" "" 509862821924860928 2449.90894 0.3838 0.038 -1.442 -0.635 0.029 0.035 0.985 7174.2 4.3818 16.146898 1.046062 16.565886 15.519823 "" "" 2233.93896 2747.74438 6549.18925 2.4117 3229.0 19.847 4911.7 17.108 "" "" 0.0027841771052590806 0.0072332653 0.005346521 0.012579786 23.33747767482 60.64558853746 2449.90894 -1.442 -0.6350000000000005 -0.04629108142852778 -0.03378481626510621 0.09311681 0.09911682 "" "" 0.6655002787561205 "" 0.06338551406290492 "" 0.8
