Clusters/NGC_581/NGC_581_stars_in_region.tsv
# %ECSV 1.0
# ---
# datatype:
# - name: RA_ICRS_1
#   unit: deg
#   datatype: float64
#   format: '{:15.11f}'
#   description: Right ascension (ICRS) at Ep=2016.0 (ra)
#   meta: !!omap
#   - {ucd: POS_EQ_RA_MAIN}
#   - {width: 15}
#   - {precision: '11'}
# - name: DE_ICRS_1
#   unit: deg
#   datatype: float64
#   format: '{:15.11f}'
#   description: Declination (ICRS) at Ep=2016.0 (dec)
#   meta: !!omap
#   - {ucd: POS_EQ_DEC_MAIN}
#   - {width: 15}
#   - {precision: '11'}
# - name: e_RA_ICRS
#   unit: mas
#   datatype: float64
#   format: '{:7.4f}'
#   description: Standard error of right ascension (ra_error)
#   meta: !!omap
#   - {ucd: ERROR}
#   - {width: 7}
#   - {precision: '4'}
# - name: e_DE_ICRS
#   unit: mas
#   datatype: float64
#   format: '{:7.4f}'
#   description: Standard error of declination (dec_error)
#   meta: !!omap
#   - {ucd: ERROR}
#   - {width: 7}
#   - {precision: '4'}
# - name: _r_1
#   unit: ''
#   datatype: float64
#   format: '{:7.4f}'
#   description: Distance from center (023.33091717000+60.66020013000)[ICRS], at Epoch=J2016.0
#   meta: !!omap
#   - {ucd: POS_ANG_DIST_GENERAL}
#   - {width: 7}
#   - {precision: '4'}
# - name: HIP
#   datatype: int32
#   description: '? HIP cross-id number, van Leeuwen, Cat. I/311 (hip_original_ext_source_id)'
#   meta: !!omap
#   - {ucd: ID_NUMBER}
#   - {width: 6}
#   - values: {'null': -2147483648}
# - name: TYC2
#   datatype: string
#   description: Tycho-2 cross-id name, Hog et al., Cat. I/259 (tyc2_original_ext_source_id)
#   meta: !!omap
#   - {ucd: ID_CROSSID}
#   - {_votable_string_dtype: char}
# - name: Source
#   datatype: int64
#   description: Source identifier, identical to the Gaia-EDR3 source_id (id)
#   meta: !!omap
#   - {ucd: ID_MAIN}
#   - {width: 19}
# - name: rgeo
#   unit: pc
#   datatype: float64
#   format: '{:15.8f}'
#   description: '? Median of the geometric distance posterior (r_med_geo)'
#   meta: !!omap
#   - {ucd: PHYS_DISTANCE_TRUE}
#   - {width: 15}
#   - {precision: '8'}
#   - values: {'null': .nan}
# - name: Plx
#   unit: mas
#   datatype: float64
#   format: '{:9.4f}'
#   description: '? Parallax (parallax)'
#   meta: !!omap
#   - {ucd: POS_PARLX_TRIG}
#   - {width: 9}
#   - {precision: '4'}
#   - values: {'null': .nan}
# - name: e_Plx
#   unit: mas
#   datatype: float32
#   format: '{:7.4f}'
#   description: '? Standard error of parallax (parallax_error)'
#   meta: !!omap
#   - {ucd: ERROR}
#   - {width: 7}
#   - {precision: '4'}
#   - values: {'null': .nan}
# - name: pmRA
#   unit: mas / yr
#   datatype: float64
#   format: '{:9.3f}'
#   description: '? Proper motion in right ascension direction, pmRA*cosDE (pmra)'
#   meta: !!omap
#   - {ucd: POS_EQ_PMRA}
#   - {width: 9}
#   - {precision: '3'}
#   - values: {'null': .nan}
# - name: pmDE
#   unit: mas / yr
#   datatype: float64
#   format: '{:9.3f}'
#   description: '? Proper motion in declination direction (pmdec)'
#   meta: !!omap
#   - {ucd: POS_EQ_PMDEC}
#   - {width: 9}
#   - {precision: '3'}
#   - values: {'null': .nan}
# - name: e_pmRA
#   unit: mas / yr
#   datatype: float32
#   format: '{:6.3f}'
#   description: '? Standard error of proper motion in right ascension direction (pmra_error)'
#   meta: !!omap
#   - {ucd: ERROR}
#   - {width: 6}
#   - {precision: '3'}
#   - values: {'null': .nan}
# - name: e_pmDE
[...]
#         unit: &id001 !astropy.units.Unit {unit: deg}
#         value: !astropy.table.SerializedColumn {name: SkyCoord.dec}
#       distance: !astropy.table.SerializedColumn
#         __class__: astropy.coordinates.distances.Distance
#         unit: !astropy.units.Unit {unit: pc}
#         value: !astropy.table.SerializedColumn {name: SkyCoord.distance}
#       frame: icrs
#       obstime: !astropy.time.Time {format: jyear_str, in_subfmt: '*', jd1: 367701545.0, jd2: 0.0, out_subfmt: '*', precision: 3, scale: tt}
#       pm_dec: !astropy.table.SerializedColumn
#         __class__: astropy.units.quantity.Quantity
#         unit: !astropy.units.Unit {unit: mas / yr}
#         value: !astropy.table.SerializedColumn {name: SkyCoord.pm_dec}
#       pm_ra_cosdec: !astropy.table.SerializedColumn
#         __class__: astropy.units.quantity.Quantity
#         unit: !astropy.units.Unit {unit: mas / yr}
#         value: !astropy.table.SerializedColumn {name: SkyCoord.pm_ra_cosdec}
#       ra: !astropy.table.SerializedColumn
#         __class__: astropy.coordinates.angles.Longitude
#         unit: *id001
#         value: !astropy.table.SerializedColumn {name: SkyCoord.ra}
#         wrap_angle: !astropy.coordinates.Angle
#           unit: *id001
#           value: 360.0
#       representation_type: spherical
# schema: astropy-2.0
RA_ICRS_1 DE_ICRS_1 e_RA_ICRS e_DE_ICRS _r_1 HIP TYC2 Source rgeo Plx e_Plx pmRA pmDE e_pmRA e_pmDE RUWE Teff logg Gmag BP-RP BPmag RPmag RV e_RV b_rgeo B_rgeo FG e_FG FBP e_FBP FRP e_FRP RAVE5 RAVE6 e_Gmag e_BPmag e_RPmag e_BP-RP SkyCoord.ra SkyCoord.dec SkyCoord.distance SkyCoord.pm_ra_cosdec SkyCoord.pm_dec
[from data line 161]
23.49474963354 60.49203574736 0.011 0.0141 11.186 "" "" 509834372060565120 2694.77271 0.3396 0.0196 -2.134 -1.361 0.014 0.019 1.139 7821.5 3.3691 14.493132 0.942829 14.874019 13.93119 "" "" 2544.8728 2830.96582 30039.58524 4.568 15339.0 12.5 21217.0 15.757 "" "" 0.0027602624131523546 0.002927096 0.0038644401 0.006791536 23.49474963354 60.49203574736 2694.77271 -2.1339999999999995 -1.3610000000000002
23.07517022911 60.47767317623 0.0106 0.0129 13.2962 "" "" 509848115955581312 2553.99463 0.3582 0.0185 -0.521 -0.72 0.013 0.016 0.943 8080.3 3.5272 14.507351 0.795296 14.81913 14.023834 "" "" 2450.27759 2681.14917 29648.74837 5.0179 16135.0 13.195 19482.0 9.7441 "" "" 0.0027614408238185208 0.0029280398 0.003818196 0.006746236 23.07517022911 60.47767317623 2553.99463 -0.521 -0.7200000000000001
23.4466207747 60.64401319816 0.0105 0.013 3.5384 "" "" 509863406040711424 2710.42993 0.3372 0.0181 -1.344 -0.52 0.014 0.018 0.992 9847.1 3.8724 14.511514 0.579201 14.726374 14.147173 "" "" 2603.75806 2840.99585 29535.30407 7.4813 17574.0 16.166 17390.0 14.278 "" "" 0.00276901135565503 0.0029635362 0.0038830906 0.0068466268 23.4466207747 60.64401319816 2710.42993 -1.344 -0.52
23.51128789733 60.66180837623 0.0118 0.0151 5.3035 "" "" 509863474760170240 1875.22083 0.4991 0.0209 0.981 -3.188 0.016 0.02 1.205 4790.4 3.1011 14.531986 1.627332 15.301526 13.674194 -49.1 2.2 1793.45288 1941.42737 28983.58712 4.488 10347.0 11.35 26883.0 12.218 "" "" 0.002760444614501873 0.0030337253 0.0038114595 0.0068451846 23.51128789733 60.66180837623 1875.22083 0.9809999999999998 -3.188
23.87655946396 60.71321723952 0.0107 0.0139 16.3408 "" "" 509820799961892096 2410.61523 0.3863 0.0193 -4.157 -0.867 0.015 0.02 0.983 5158.3 3.3551 14.535425 1.618361 15.297233 13.678872 -46.99 2.19 2300.69946 2530.51807 28891.92555 4.3885 10388.0 10.998 26768.0 13.596 "" "" 0.002760251226759842 0.0030176782 0.0038194035 0.0068370816 23.87655946396 60.71321723952 2410.61523 -4.157 -0.867
23.24678329916 60.66026095035 0.0128 0.0159 2.4735 "" "" 509862753207265280 2605.11572 0.3564 0.0219 -1.387 -0.523 0.017 0.02 1.014 9988.1 3.9108 14.539867 0.589545 14.758145 14.1686 "" "" 2473.59033 2758.03149 28773.98054 9.8688 17067.0 11.356 17050.0 8.6988 "" "" 0.002780370080215537 0.0028821772 0.0038197606 0.006701938 23.24678329916 60.66026095035 2605.11572 -1.387 -0.5230000000000001
23.67221746639 60.85364439214 0.011 0.0134 15.3229 "" "" 509869350275252608 2009.09436 0.467 0.0186 -1.287 -0.211 0.014 0.019 0.942 7359.9 3.6759 14.545732 1.049912 14.983009 13.933098 "" "" 1946.06213 2092.08789 28618.98674 7.5199 13874.0 21.96 21180.0 19.147 "" "" 0.0027700502018663726 0.0032769444 0.0039047545 0.007181699 23.67221746639 60.85364439214 2009.09436 -1.287 -0.211
23.26618626963 60.71001342942 0.0108 0.013 3.5424 "" "" 509875053991681408 2553.2124 0.3618 0.0181 -1.47 -0.568 0.014 0.017 0.957 9949.2 4.013 14.549963 0.562049 14.755527 14.193479 "" "" 2440.09644 2679.29224 28507.66034 6.8675 17108.0 22.529 16664.0 12.08 "" "" 0.0027677066138080803 0.003135171 0.0038604666 0.006995638 23.26618626963 60.71001342942 2553.2124 -1.4700000000000002 -0.568
23.11557879013 60.82633385115 0.0114 0.0143 11.7997 "" "" 509878112008302976 2606.32983 0.3495 0.0194 -3.188 0.142 0.016 0.02 1.076 8651.4 3.5737 14.550763 0.66315 14.803099 14.139949 "" "" 2455.979 2737.01685 28486.6685 5.1597 16375.0 12.114 17506.0 11.454 "" "" 0.002762329264454069 0.0029034805 0.0038455657 0.006749046 23.11557879013 60.82633385115 2606.32983 -3.188000000000001 0.14200000000000035
23.58421056196 60.70212033007 0.0105 0.0133 7.8554 "" "" 509861103938185984 2201.32251 0.4256 0.0185 0.511 -0.375 0.015 0.019 1.017 4985.8 3.1249 14.559912 1.590306 15.303848 13.713542 -29.95 2.65 2122.81128 2284.60815 28247.62268 4.4501 10325.0 10.366 25926.0 10.822 "" "" 0.002760624211578373 0.0029955388 0.003806458 0.006801997 23.58421056196 60.70212033007 2201.32251 0.511 -0.375
23.86091427632 60.80547580715 0.0105 0.0134 17.8232 "" "" 509868388202620032 2742.43799 0.3327 0.0191 -2.5 -0.657 0.015 0.02 1.027 "" "" 14.566676 1.772745 15.428763 13.656018 -89.35 2.07 2583.62598 2915.32837 28072.18922 4.8099 9202.6 9.0778 27337.0 12.639 "" "" 0.002761593151073614 0.0029886644 0.0038125727 0.0068012374 23.86091427632 60.80547580715 2742.43799 -2.5 -0.657
23.51130250044 60.60989591476 0.0128 0.0167 6.1055 "" "" 509858904915016320 2607.36426 0.3546 0.0237 -1.375 -0.606 0.017 0.02 1.023 "" "" 14.579536 0.561633 14.640458 14.078825 "" "" 2439.46802 2807.03687 27741.64506 12.462 19021.0 1682.0 18519.0 1372.6 "" "" 0.0027981548143935853 0.09605064 0.0805618 0.17661244 23.51130250044 60.60989591476 2607.36426 -1.375 -0.6059999999999999
23.6904833925 60.86636970353 0.0112 0.0144 16.2496 "" "" 509869728232366720 2557.02295 0.358 0.0195 -2.033 0.655 0.015 0.021 1.151 5400.6 2.7988 14.58563 1.849767 15.493672 13.643906 -79.15 2.33 2439.45459 2685.60156 27586.37156 5.0012 8668.6 8.8296 27644.0 12.279 "" "" 0.0027623420708506297 0.0030013442 0.0038100271 0.006811371 23.6904833925 60.86636970353 2557.02295 -2.033 0.655
22.81489201318 60.71657900555 0.0112 0.0133 15.5303 "" "" 509855846896511616 2163.04419 0.4265 0.0194 -0.496 -2.119 0.015 0.018 1.087 5169.6 3.0101 14.591311 2.226197 15.754662 13.528464 -84.57 1.62 2079.93628 2237.93286 27442.42075 8.4846 6816.4 11.76 30745.0 25.295 "" "" 0.0027756935188614443 0.0033606254 0.003883512 0.007244137 22.81489201318 60.71657900555 2163.04419 -0.49600000000000005 -2.1190000000000007
22.87464378866 60.55911875335 0.0112 0.0136 14.7406 "" "" 509852479642786176 2129.85132 0.4348 0.0202 -0.363 -1.97 0.014 0.019 1.057 7235.9 3.5293 14.593963 1.136484 15.073865 13.937381 -16.95 9.91 2036.54028 2228.70239 27375.47022 4.2098 12761.0 11.504 21096.0 14.404 "" "" 0.0027603743492658093 0.0029568688 0.0038514007 0.00680827 22.87464378866 60.55911875335 2129.85132 -0.363 -1.9700000000000002
23.08217879146 60.46054059133 0.0111 0.0132 14.047 "" "" 509848081595863936 2684.86719 0.3487 0.0199 -2.759 0.034 0.014 0.016 1.003 9114.5 3.9818 14.595551 0.68762 14.858229 14.170609 "" "" 2541.2041 2824.66211 27335.46575 5.7042 15564.0 13.976 17018.0 12.36 "" "" 0.002764619510740189 0.0029556034 0.003860771 0.006816374 23.08217879146 60.46054059133 2684.86719 -2.759 0.033999999999999864
23.23535354136 60.41539795166 0.0107 0.0138 14.9564 "" "" 509835196694037760 2442.43555 0.3766 0.0199 -0.133 2.405 0.013 0.017 1.024 5253.0 3.3012 14.612493 1.628124 15.380117 13.751993 -17.45 2.58 2322.80493 2575.13037 26912.23856 4.5937 9624.3 8.8382 25024.0 14.299 "" "" 0.0027615458075317947 0.0029629658 0.0038299642 0.00679293 23.23535354136 60.41539795166 2442.43555 -0.13300000000000023 2.405
22.73883567014 60.69309025025 0.0109 0.013 17.5094 "" "" 509854438147246848 2549.75586 0.3644 0.0183 -1.151 -0.941 0.014 0.018 0.947 12267.5 3.8667 14.616311 0.920918 14.98109 14.060172 "" "" 2428.68677 2665.21265 26817.75175 16.776 13899.0 30.328 18840.0 33.832 "" "" 0.002837796043158829 0.0036602884 0.0042526596 0.007912948 22.73883567014 60.69309025025 2549.75586 -1.1510000000000002 -0.9410000000000003
23.29527814287 60.80651193293 0.0115 0.0136 8.8407 "" "" 509877184295384320 2580.58496 0.3585 0.0192 -2.487 -0.462 0.016 0.019 0.974 6099.1 3.2117 14.621027 1.25562 15.162634 13.907014 -0.77 5.67 2465.74634 2735.63428 26701.52841 9.0372 11759.0 21.694 21695.0 28.73 "" "" 0.002779716480818625 0.0034347184 0.0040436387 0.0074783573 23.29527814287 60.80651193293 2580.58496 -2.487 -0.46199999999999997
23.61963096066 60.83144130514 0.016 0.02 13.3127 "" "" 509872133414075648 2594.84863 0.3605 0.0291 -0.975 -1.933 0.022 0.028 1.497 5327.2 3.2971 14.63038 1.773415 15.481246 13.707831 -39.32 2.97 2420.53174 2860.51343 26472.49439 7.0961 8768.4 14.604 26063.0 16.652 "" "" 0.0027706483551736055 0.0033249175 0.0038425168 0.0071674343 23.61963096066 60.83144130514 2594.84863 -0.975 -1.933
23.26120634249 60.62929009992 0.0108 0.0138 2.7647 "" "" 509862547046962816 2362.69727 0.3916 0.0196 -1.323 -0.578 0.014 0.017 0.962 9801.4 4.1887 14.635049 0.612048 14.863204 14.251156 "" "" 2263.3855 2458.94824 26358.90313 6.3312 15493.0 13.015 15801.0 15.764 "" "" 0.0027676340703350153 0.0029354622 0.003931544 0.006867006 23.26120634249 60.62929009992 2362.69727 -1.323 -0.578
23.48608706583 60.81197468084 0.0112 0.0138 10.1804 "" "" 509871205701160960 2553.59399 0.3626 0.0196 -1.41 -0.288 0.015 0.019 0.944 "" "" 14.643466 0.610293 14.872383 14.26209 "" "" 2448.58301 2665.16577 26155.33005 6.9999 15363.0 11.946 15643.0 9.9328 "" "" 0.0027705996334880583 0.0029150995 0.0038417457 0.006756845 23.48608706583 60.81197468084 2553.59399 -1.4100000000000001 -0.2880000000000002
23.7668713146 60.49848221066 0.0107 0.0135 16.101 "" "" 509811728991175168 2508.54565 0.3699 0.0196 -1.329 -0.719 0.014 0.018 0.936 9354.3 3.8925 14.650864 0.636341 14.88962 14.253279 "" "" 2381.32373 2655.50024 25977.72444 5.6947 15121.0 11.368 15771.0 9.287 "" "" 0.0027655809258755903 0.0029071167 0.0038330795 0.006740196 23.7668713146 60.49848221066 2508.54565 -1.3289999999999997 -0.7190000000000002
23.39987508817 60.54068454181 0.0114 0.0144 7.453 "" "" 509861138299751552 2128.11255 0.4427 0.0203 -0.793 -0.379 0.014 0.018 0.969 7532.1 4.1687 14.651862 0.95707 15.039665 14.082595 45.54 7.13 2039.15698 2229.93896 25953.84965 7.2308 13169.0 13.451 18455.0 14.147 "" "" 0.002771874583202746 0.003002482 0.0038699398 0.006872422 23.39987508817 60.54068454181 2128.11255 -0.793 -0.37900000000000006
22.79614194825 60.49645110535 0.0111 0.0138 18.5733 "" "" 509846290584060160 2677.20898 0.3402 0.0202 -2.618 2.127 0.014 0.018 1.011 5475.0 3.2448 14.66915 1.594666 15.416662 13.821996 -79.31 3.49 2549.36841 2827.7561 25543.86906 4.0754 9305.8 8.8438 23462.0 13.451 "" "" 0.0027607600274079163 0.0029748492 0.0038302988 0.006805148 22.79614194825 60.49645110535 2677.20898 -2.6180000000000003 2.127
23.8885701439 60.62830622936 0.0106 0.0135 16.5139 "" "" 509818429140014720 1844.75183 0.5096 0.0188 -5.946 2.245 0.015 0.019 1.005 6250.9 3.8939 14.674073 1.102694 15.134237 14.031544 -66.66 4.07 1783.31519 1909.74915 25428.3158 4.3143 12070.0 8.2505 19344.0 9.3831 "" "" 0.0027614712260104765 0.002887187 0.0038158996 0.0067030867 23.8885701439 60.62830622936 1844.75183 -5.945999999999999 2.245
23.40479187408 60.74239575844 0.0116 0.0139 5.3877 "" "" 509865089667802624 2394.52124 0.3901 0.019 -1.852 -0.634 0.015 0.019 1.003 9782.3 4.0977 14.686691 0.561868 14.895208 14.333341 "" "" 2284.71802 2529.19824 25134.50685 5.8245 15043.0 12.647 14649.0 10.08 "" "" 0.0027667837881327276 0.002935687 0.0038525162 0.0067882035 23.40479187408 60.74239575844 2394.52124 -1.852 -0.634
23.50900222277 60.95868419772 0.0105 0.0135 18.6518 "" "" 509874091919088640 2238.32373 0.4133 0.019 -1.265 -0.54 0.014 0.018 1.023 10681.4 3.8462 14.703033 0.937467 15.078357 14.14089 "" "" 2155.32935 2324.95239 24759.02708 5.0549 12708.0 13.604 17490.0 10.32 "" "" 0.0027642225266395763 0.0030225753 0.0038332944 0.0068558697 23.50900222277 60.95868419772 2238.32373 -1.265 -0.5399999999999999
23.11188514908 60.56260383014 0.0112 0.014 8.711 "" "" 509850246259264768 2409.66235 0.3851 0.0201 -3.524 0.526 0.014 0.017 0.987 7984.4 4.1021 14.709817 0.706814 14.980249 14.273436 "" "" 2292.13867 2506.75391 24604.81347 5.2997 13910.0 9.9428 15480.0 8.4473 "" "" 0.002765226896152251 0.0028960917 0.00382554 0.0067216316 23.11188514908 60.56260383014 2409.66235 -3.524 0.5260000000000002
23.03016041645 60.63056722315 0.0114 0.0153 9.023 "" "" 509851483209785472 2105.71533 0.4431 0.0202 -1.24 -0.758 0.015 0.02 0.942 9113.0 4.1522 14.717472 0.71319 14.990815 14.277625 "" "" 2025.02307 2191.20508 24431.93815 5.0428 13775.0 10.438 15421.0 11.932 "" "" 0.0027644184466330724 0.0029089362 0.0038716244 0.0067805606 23.03016041645 60.63056722315 2105.71533 -1.24 -0.7580000000000001
23.00401881063 60.41334644812 0.0118 0.0149 17.676 "" "" 509841999922238208 2008.43018 0.4685 0.0215 1.066 -0.133 0.015 0.019 1.004 7072.9 3.8623 14.726404 1.074947 15.174757 14.09981 3.13 11.02 1923.34241 2098.27319 24231.77686 4.2669 11628.0 12.832 18165.0 12.4 "" "" 0.0027619450972105985 0.0030365486 0.0038513688 0.0068879174 23.00401881063 60.41334644812 2008.43018 1.0659999999999998 -0.13299999999999995
23.20461782334 60.67740420756 0.0116 0.0141 3.853 "" "" 509874572955363968 2342.26465 0.3952 0.0202 -2.804 -2.179 0.015 0.018 0.999 4964.9 3.2636 14.732835 1.647534 15.51366 13.866126 -57.53 3.31 2226.65381 2449.01831 24088.66938 4.1412 8510.5 9.9653 22527.0 10.781 "" "" 0.0027616352373774342 0.00306616 0.0038149345 0.0068810945 23.20461782334 60.67740420756 2342.26465 -2.8040000000000003 -2.1790000000000003
23.53050241935 60.8941441581 0.0116 0.0143 15.2055 "" "" 509873370364614528 2333.20337 0.4038 0.02 -0.312 -0.935 0.016 0.02 1.024 10033.2 4.0359 14.735558 0.776774 15.037643 14.260868 "" "" 2243.05811 2427.25098 24028.313 4.3816 13194.0 11.833 15661.0 8.4919 "" "" 0.0027624242476351414 0.0029552015 0.0038249602 0.0067801615 23.53050241935 60.8941441581 2333.20337 -0.31199999999999994 -0.9350000000000002
23.76698288668 60.74993584012 0.0115 0.0142 13.8882 "" "" 509866601496283136 2726.3457 0.3331 0.0203 -1.271 -0.55 0.015 0.02 1.017 10156.5 4.2342 14.740086 0.600101 14.961718 14.361616 "" "" 2579.1814 2877.52124 23928.33511 5.9331 14149.0 12.915 14273.0 10.512 "" "" 0.0027684407530700595 0.0029609487 0.0038630494 0.006823998 23.76698288668 60.74993584012 2726.3457 -1.271 -0.5499999999999999
23.07872035273 60.72763772078 0.0119 0.0139 8.4398 "" "" 509875638107221888 2008.98938 0.4671 0.0196 -4.04 -1.991 0.016 0.018 1.012 7451.8 4.2122 14.741676 0.993526 15.14903 14.155503 -102.03 15.13 1931.48462 2079.26465 23893.30215 4.1149 11907.0 10.753 17257.0 10.448 "" "" 0.0027616576359532435 0.002957439 0.0038361214 0.0067935605 23.07872035273 60.72763772078 2008.98938 -4.039999999999999 -1.9910000000000003
23.33885557897 60.62315524363 0.0121 0.0156 2.2349 "" "" 509862409608011264 2602.53638 0.3561 0.0216 -1.32 -0.575 0.017 0.021 1.101 9762.6 4.2404 14.755341 0.632985 14.991202 14.358217 "" "" 2469.88232 2752.53174 23594.48335 5.5614 13770.0 10.115 14318.0 9.6107 "" "" 0.002767179530658591 0.0029019183 0.0038490063 0.0067509245 23.33885557897 60.62315524363 2602.53638 -1.3199999999999998 -0.575
23.30734215966 60.88789126864 0.0114 0.0144 13.6789 "" "" 509883575206652032 2223.36475 0.4159 0.0205 -0.07 -1.445 0.016 0.019 0.963 4661.8 2.8309 14.757326 1.638942 15.535855 13.896914 -47.61 2.31 2138.16235 2338.14868 23551.38624 4.0729 8338.2 10.35 21897.0 12.501 "" "" 0.0027617104486206906 0.0030986024 0.0038298743 0.0069284765 23.30734215966 60.88789126864 2223.36475 -0.07000000000000006 -1.4450000000000003
22.7463026339 60.60131471286 0.0118 0.0142 17.562 "" "" 509853476074633088 2525.63721 0.3668 0.0201 -1.443 -0.649 0.015 0.019 0.964 10128.0 4.0287 14.757805 0.644036 15.000678 14.356642 "" "" 2404.95117 2644.63379 23540.99014 5.2302 13650.0 12.703 14338.0 9.4787 "" "" 0.002765859307595942 0.0029674869 0.0038469362 0.006814423 22.7463026339 60.60131471286 2525.63721 -1.4429999999999998 -0.6490000000000002
23.23115005124 60.39986408441 0.0119 0.0153 15.8953 "" "" 509835162334318976 2698.47681 0.3411 0.0223 -1.284 -0.542 0.015 0.019 1.09 10112.0 4.055 14.762304 0.562747 14.964877 14.40213 "" "" 2557.75928 2844.48291 23443.62956 6.5111 14108.0 11.791 13750.0 9.661 "" "" 0.0027717719043419916 0.0029340184 0.0038556035 0.006789622 23.23115005124 60.39986408441 2698.47681 -1.2839999999999998 -0.5420000000000003
23.45385822751 60.92010145691 0.0137 0.0176 16.0042 "" "" 509873610882768768 2655.35645 0.3457 0.0246 -1.336 -0.62 0.019 0.024 1.209 "" "" 14.773498 0.796287 15.067704 14.271418 "" "" 2488.05396 2863.17456 23203.20032 5.4583 12833.0 16.519 15509.0 15.873 "" "" 0.002767132531924642 0.0031206259 0.003939357 0.007059983 23.45385822751 60.92010145691 2655.35645 -1.336 -0.62
