Clusters/Berkeley_7/Berkeley_7_stars_in_region.tsv
# %ECSV 1.0
# ---
# datatype:
# - name: RA_ICRS_1
#   unit: deg
#   datatype: float64
#   format: '{:15.11f}'
#   description: Right ascension (ICRS) at Ep=2016.0 (ra)
#   meta: !!omap
#   - {ucd: POS_EQ_RA_MAIN}
#   - {width: 15}
#   - {precision: '11'}
# - name: DE_ICRS_1
#   unit: deg
#   datatype: float64
#   format: '{:15.11f}'
#   description: Declination (ICRS) at Ep=2016.0 (dec)
#   meta: !!omap
#   - {ucd: POS_EQ_DEC_MAIN}
#   - {width: 15}
#   - {precision: '11'}
# - name: e_RA_ICRS
#   unit: mas
#   datatype: float64
#   format: '{:7.4f}'
#   description: Standard error of right ascension (ra_error)
#   meta: !!omap
#   - {ucd: ERROR}
#   - {width: 7}
#   - {precision: '4'}
# - name: e_DE_ICRS
#   unit: mas
#   datatype: float64
#   format: '{:7.4f}'
#   description: Standard error of declination (dec_error)
#   meta: !!omap
#   - {ucd: ERROR}
#   - {width: 7}
#   - {precision: '4'}
# - name: _r_1
#   unit: ''
#   datatype: float64
#   format: '{:7.4f}'
#   description: Distance from center (028.54851794000+62.36689958000)[ICRS], at Epoch=J2016.0
#   meta: !!omap
#   - {ucd: POS_ANG_DIST_GENERAL}
#   - {width: 7}
#   - {precision: '4'}
# - name: HIP
#   datatype: int32
#   description: '? HIP cross-id number, van Leeuwen, Cat. I/311 (hip_original_ext_source_id)'
#   meta: !!omap
#   - {ucd: ID_NUMBER}
#   - {width: 6}
#   - values: {'null': -2147483648}
# - name: TYC2
#   datatype: string
#   description: Tycho-2 cross-id name, Hog et al., Cat. I/259 (tyc2_original_ext_source_id)
#   meta: !!omap
#   - {ucd: ID_CROSSID}
#   - {_votable_string_dtype: char}
# - name: Source
#   datatype: int64
#   description: Source identifier, identical to the Gaia-EDR3 source_id (id)
#   meta: !!omap
#   - {ucd: ID_MAIN}
#   - {width: 19}
# - name: rgeo
#   unit: pc
#   datatype: float64
#   format: '{:15.8f}'
#   description: '? Median of the geometric distance posterior (r_med_geo)'
#   meta: !!omap
#   - {ucd: PHYS_DISTANCE_TRUE}
#   - {width: 15}
#   - {precision: '8'}
#   - values: {'null': .nan}
# - name: Plx
#   unit: mas
#   datatype: float64
#   format: '{:9.4f}'
#   description: '? Parallax (parallax)'
#   meta: !!omap
#   - {ucd: POS_PARLX_TRIG}
#   - {width: 9}
#   - {precision: '4'}
#   - values: {'null': .nan}
# - name: e_Plx
#   unit: mas
#   datatype: float32
#   format: '{:7.4f}'
#   description: '? Standard error of parallax (parallax_error)'
#   meta: !!omap
#   - {ucd: ERROR}
#   - {width: 7}
#   - {precision: '4'}
#   - values: {'null': .nan}
# - name: pmRA
#   unit: mas / yr
#   datatype: float64
#   format: '{:9.3f}'
#   description: '? Proper motion in right ascension direction, pmRA*cosDE (pmra)'
#   meta: !!omap
#   - {ucd: POS_EQ_PMRA}
#   - {width: 9}
#   - {precision: '3'}
#   - values: {'null': .nan}
# - name: pmDE
#   unit: mas / yr
#   datatype: float64
#   format: '{:9.3f}'
#   description: '? Proper motion in declination direction (pmdec)'
#   meta: !!omap
#   - {ucd: POS_EQ_PMDEC}
#   - {width: 9}
#   - {precision: '3'}
#   - values: {'null': .nan}
# - name: e_pmRA
#   unit: mas / yr
#   datatype: float32
#   format: '{:6.3f}'
#   description: '? Standard error of proper motion in right ascension direction (pmra_error)'
#   meta: !!omap
#   - {ucd: ERROR}
#   - {width: 6}
#   - {precision: '3'}
#   - values: {'null': .nan}
# - name: e_pmDE
[...]
#         unit: &id001 !astropy.units.Unit {unit: deg}
#         value: !astropy.table.SerializedColumn {name: SkyCoord.dec}
#       distance: !astropy.table.SerializedColumn
#         __class__: astropy.coordinates.distances.Distance
#         unit: !astropy.units.Unit {unit: pc}
#         value: !astropy.table.SerializedColumn {name: SkyCoord.distance}
#       frame: icrs
#       obstime: !astropy.time.Time {format: jyear_str, in_subfmt: '*', jd1: 367701545.0, jd2: 0.0, out_subfmt: '*', precision: 3, scale: tt}
#       pm_dec: !astropy.table.SerializedColumn
#         __class__: astropy.units.quantity.Quantity
#         unit: !astropy.units.Unit {unit: mas / yr}
#         value: !astropy.table.SerializedColumn {name: SkyCoord.pm_dec}
#       pm_ra_cosdec: !astropy.table.SerializedColumn
#         __class__: astropy.units.quantity.Quantity
#         unit: !astropy.units.Unit {unit: mas / yr}
#         value: !astropy.table.SerializedColumn {name: SkyCoord.pm_ra_cosdec}
#       ra: !astropy.table.SerializedColumn
#         __class__: astropy.coordinates.angles.Longitude
#         unit: *id001
#         value: !astropy.table.SerializedColumn {name: SkyCoord.ra}
#         wrap_angle: !astropy.coordinates.Angle
#           unit: *id001
#           value: 360.0
#       representation_type: spherical
# schema: astropy-2.0
RA_ICRS_1 DE_ICRS_1 e_RA_ICRS e_DE_ICRS _r_1 HIP TYC2 Source rgeo Plx e_Plx pmRA pmDE e_pmRA e_pmDE RUWE Teff logg Gmag BP-RP BPmag RPmag RV e_RV b_rgeo B_rgeo FG e_FG FBP e_FBP FRP e_FRP RAVE5 RAVE6 e_Gmag e_BPmag e_RPmag e_BP-RP SkyCoord.ra SkyCoord.dec SkyCoord.distance SkyCoord.pm_ra_cosdec SkyCoord.pm_dec
[from data line 325]
28.27021945127 62.36935212923 0.0232 0.0271 7.7457 "" "" 511736698966938240 2588.48462 0.3577 0.0412 -3.455 -3.092 0.027 0.031 0.98 "" "" 16.311846 2.017372 17.320827 15.303455 "" "" 2399.97632 2902.31494 5626.11029 1.9811 1611.0 7.621 5994.8 6.7053 "" "" 0.002781717978546842 0.005845122 0.0039697024 0.009814825 28.27021945127 62.36935212923 2588.48462 -3.4549999999999996 -3.0920000000000005
28.57474581554 62.37125527291 0.0245 0.0268 0.7752 "" "" 511734499943666176 2032.03857 0.4716 0.0419 -0.554 -2.511 0.029 0.031 0.977 8094.3 4.3476 16.32879 1.554493 17.05107 15.496576 "" "" 1862.48181 2235.2395 5538.9849 1.8268 2065.3 7.3736 5018.0 8.2164 "" "" 0.002778491257913832 0.0047760843 0.004176624 0.008952709 28.57474581554 62.37125527291 2032.03857 -0.5539999999999999 -2.5110000000000006
28.48373038655 62.08781868735 0.0292 0.0312 16.8425 "" "" 511724123302966784 2200.70581 0.4474 0.0481 0.952 0.888 0.037 0.038 1.212 7195.4 4.3487 16.3366 1.366174 16.924908 15.558734 "" "" 1928.6084 2497.0708 5499.29535 3.1787 2319.8 7.7474 4738.8 7.6664 "" "" 0.0028258878084912106 0.004575264 0.0041676145 0.008742878 28.48373038655 62.08781868735 2200.70581 0.9519999999999998 0.8879999999999999
28.13219853376 62.43826179358 0.0251 0.0293 12.3385 "" "" 511749583868764544 2802.29004 0.335 0.0427 -2.832 1.367 0.03 0.033 1.071 8204.3 4.3241 16.337889 1.701407 17.14315 15.441743 "" "" 2499.0813 3153.62793 5492.76534 2.0919 1897.4 9.0586 5277.9 9.376 "" "" 0.0027861749105668986 0.0058867764 0.0042430987 0.010129875 28.13219853376 62.43826179358 2802.29004 -2.8319999999999994 1.367
28.72277462668 62.22407503494 0.0255 0.0272 9.8521 "" "" 508730084424112640 2567.71289 0.378 0.0414 -3.419 -0.375 0.03 0.033 1.004 7980.5 4.3344 16.342773 1.366348 16.94966 15.583311 "" "" 2313.72388 2910.74292 5468.10875 1.7775 2267.5 7.8061 4632.7 8.7623 "" "" 0.002777832551670044 0.0046643196 0.0043012616 0.008965582 28.72277462668 62.22407503494 2567.71289 -3.4190000000000005 -0.375
28.499497375 62.53538267561 0.0237 0.0278 10.2001 "" "" 511762808066973696 2447.49976 0.3897 0.0405 -0.16 -0.395 0.029 0.032 1.003 7758.5 3.7574 16.342863 1.257706 16.885849 15.628143 "" "" 2198.53882 2727.60815 5467.65893 2.0494 2404.8 7.5368 4445.3 7.7758 "" "" 0.0027852117041971118 0.0044004405 0.0042297337 0.008630174 28.499497375 62.53538267561 2447.49976 -0.16 -0.395
28.5844387598 62.59428558515 0.0242 0.0289 13.6795 "" "" 511764599075509632 2284.35986 0.4099 0.0409 -4.928 1.883 0.028 0.032 1.052 7941.3 4.043 16.343287 1.642313 17.107346 15.465033 "" "" 2119.15918 2493.75513 5465.52662 2.0207 1961.0 5.1345 5165.9 7.3655 "" "" 0.0027844072627084162 0.0039832783 0.004084132 0.00806741 28.5844387598 62.59428558515 2284.35986 -4.928 1.8830000000000005
28.86559668887 62.19508124828 0.0249 0.0283 13.5861 "" "" 508729053631971712 2589.22388 0.3674 0.0438 -0.883 -0.637 0.028 0.032 1.03 7719.7 4.4023 16.345203 1.425253 16.983126 15.557873 "" "" 2357.44141 2886.69458 5455.88615 1.8423 2198.7 5.6471 4742.5 6.5917 "" "" 0.0027796045791780607 0.003944775 0.00406953 0.008014305 28.86559668887 62.19508124828 2589.22388 -0.883 -0.6369999999999998
28.54027312724 62.34307755801 0.0237 0.0272 1.4476 "" "" 511734087626840320 2858.56348 0.3466 0.0417 -0.97 -0.241 0.028 0.032 0.962 8230.6 4.2037 16.3462 1.146142 16.833954 15.687812 "" "" 2581.81372 3166.823 5450.87706 1.6967 2522.5 5.5507 4207.6 6.4334 "" "" 0.002775969226369149 0.0036732845 0.004127906 0.007801191 28.54027312724 62.34307755801 2858.56348 -0.97 -0.241
28.3767589919 62.48039090691 0.024 0.0273 8.3144 "" "" 511739035429051904 2274.9314 0.4163 0.0395 -1.648 -0.585 0.029 0.031 0.966 6899.8 4.2361 16.353064 1.635035 17.120153 15.485119 "" "" 2095.86011 2507.25977 5416.53124 1.8396 1938.0 6.2109 5071.2 7.4996 "" "" 0.002779885333092611 0.0044600926 0.004106318 0.008566411 28.3767589919 62.48039090691 2274.9314 -1.6479999999999997 -0.585
28.57625504786 62.58072281464 0.0253 0.0302 12.8524 "" "" 511764427276825856 1995.18994 0.5012 0.0425 -0.684 -1.071 0.03 0.033 1.037 8082.4 4.3468 16.354156 1.603532 17.104002 15.50047 "" "" 1839.15881 2165.27026 5411.08555 1.9809 1967.1 5.9653 5000.0 7.4439 "" "" 0.0027838409515032886 0.004315764 0.004110541 0.008426305 28.57625504786 62.58072281464 1995.18994 -0.684 -1.071
28.67699470319 62.23991179947 0.027 0.0285 8.4196 "" "" 511732575798462208 2390.5354 0.395 0.0441 -2.777 -1.372 0.031 0.033 1.007 7490.4 3.6305 16.36412 1.347967 16.961569 15.613602 "" "" 2175.79858 2709.46265 5361.64731 1.957 2242.8 4.7328 4505.2 5.5991 "" "" 0.0027836734535279964 0.0036103155 0.004013042 0.0076233577 28.67699470319 62.23991179947 2390.5354 -2.777 -1.372
28.33559825526 62.17720151045 0.0288 0.0304 12.8405 "" "" 511728280831247360 2052.37109 0.4821 0.0472 1.088 0.301 0.034 0.036 1.08 6553.8 4.0129 16.374851 1.496733 17.045692 15.54896 "" "" 1870.73279 2275.56763 5308.92138 2.1501 2075.6 5.9042 4781.6 6.4566 "" "" 0.0027901869937190945 0.0041621653 0.0040537748 0.00821594 28.33559825526 62.17720151045 2052.37109 1.088 0.30100000000000005
28.01909749759 62.41001678215 0.0245 0.0288 14.9479 "" "" 511749343350623104 2807.83252 0.3368 0.0424 -1.342 -0.078 0.029 0.033 1.025 8186.5 3.6778 16.374996 1.279839 16.927948 15.648109 "" "" 2497.77075 3207.49707 5308.21133 2.1812 2313.3 6.6745 4364.3 6.4683 "" "" 0.002791205956055599 0.0041950573 0.004107692 0.008302749 28.01909749759 62.41001678215 2807.83252 -1.342 -0.07799999999999983
28.02077986873 62.2502371154 0.0275 0.0318 16.2947 "" "" 511740100581182464 2077.42676 0.466 0.0473 -1.248 -3.098 0.033 0.037 1.073 7194.5 4.3438 16.376207 1.446797 17.028244 15.581447 "" "" 1894.07422 2250.02954 5302.29455 2.0334 2109.2 6.2677 4640.7 6.6445 "" "" 0.0027866030332544395 0.004265506 0.0040866043 0.00835211 28.02077986873 62.2502371154 2077.42676 -1.2479999999999998 -3.098
28.2870889262 62.56666789183 0.023 0.0275 14.0086 "" "" 511775388033378944 2276.00098 0.4234 0.0388 -1.013 -0.354 0.028 0.032 0.987 8959.2 4.3207 16.378778 1.367549 16.986399 15.61885 "" "" 2073.3728 2458.6814 5289.75654 1.7981 2192.1 6.6495 4483.5 6.8927 "" "" 0.0027799277189883252 0.0043164743 0.004131562 0.008448036 28.2870889262 62.56666789183 2276.00098 -1.013 -0.354
28.70381320772 62.60606070706 0.024 0.0283 14.9813 "" "" 511764152398900608 2049.87769 0.46 0.0408 0.465 -2.227 0.028 0.032 0.992 8168.5 4.4097 16.385824 1.613584 17.139597 15.526013 "" "" 1932.71729 2215.45947 5255.53589 1.8554 1903.6 7.3044 4883.7 7.8305 "" "" 0.0027818541250863985 0.0050141513 0.0041610496 0.009175201 28.70381320772 62.60606070706 2049.87769 0.4650000000000001 -2.227
28.60209131061 62.37238731497 0.024 0.0282 1.5267 "" "" 511734465583924224 2061.04004 0.4624 0.0434 -2.311 0.093 0.028 0.033 1.023 7070.9 3.9471 16.386957 1.462545 17.036041 15.573496 "" "" 1893.00854 2308.84595 5250.05784 1.9407 2094.1 7.0645 4674.8 9.3982 "" "" 0.0027843972066261937 0.004604438 0.0043644207 0.008968858 28.60209131061 62.37238731497 2061.04004 -2.3110000000000004 0.09299999999999992
28.50084973178 62.20538687082 0.0265 0.0284 9.7816 "" "" 511731441927139584 2701.84106 0.3604 0.0421 -1.039 0.023 0.032 0.033 0.964 7734.5 4.2048 16.39446 1.33339 16.982466 15.649076 "" "" 2422.77515 2972.85034 5213.89824 1.7481 2200.0 5.7402 4360.4 7.5394 "" "" 0.002779262792453633 0.0039762137 0.0042199525 0.008196166 28.50084973178 62.20538687082 2701.84106 -1.039 0.022999999999999913
28.85745918975 62.41275374741 0.0259 0.0304 9.0206 "" "" 511757383530651776 2163.6311 0.4407 0.0429 -2.129 -0.269 0.029 0.034 0.958 7546.4 4.2784 16.412966 1.593431 17.16084 15.567408 "" "" 1946.05359 2423.5957 5125.78564 1.8801 1866.7 6.2091 4701.1 6.235 "" "" 0.002783951233433563 0.004563708 0.0040444178 0.008608125 28.85745918975 62.41275374741 2163.6311 -2.129 -0.26899999999999996
28.56072577031 62.34847808007 0.0254 0.029 1.1564 "" "" 511734121986570112 2641.0896 0.3668 0.0452 -0.939 -0.185 0.03 0.034 1.063 "" "" 16.42859 1.25512 16.971613 15.716493 "" "" 2372.13086 3005.39282 5052.54835 1.6895 2222.1 8.362 4097.9 8.0804 "" "" 0.0027791362119788244 0.0049475585 0.0043436354 0.009291194 28.56072577031 62.34847808007 2641.0896 -0.9389999999999998 -0.185
28.2049345869 62.25642860294 0.0264 0.0299 11.6486 "" "" 511730033177826048 2757.20239 0.3467 0.0439 -0.872 -0.443 0.03 0.035 1.077 9317.7 4.2204 16.437067 1.214566 16.945194 15.730628 "" "" 2459.16577 3099.05225 5013.2577 1.844 2276.9 6.8727 4044.9 8.112 "" "" 0.0027841117534958674 0.004304106 0.004361758 0.008665863 28.2049345869 62.25642860294 2757.20239 -0.8719999999999999 -0.443
29.05650289381 62.2235942146 0.0295 0.0341 16.5748 "" "" 508749841274960640 2794.65723 0.3391 0.051 -0.813 -0.154 0.033 0.038 1.246 9924.5 4.4696 16.438213 1.405943 16.914055 15.508112 "" "" 2470.99341 3328.5603 5007.96495 2.3595 2343.1 16.281 4964.9 112.94 "" "" 0.0028024037253011635 0.008043653 0.024985485 0.03302914 29.05650289381 62.2235942146 2794.65723 -0.813 -0.15399999999999994
28.98425020023 62.50891888007 0.0241 0.0285 14.7969 "" "" 511759616913628672 2600.09302 0.3587 0.0414 -0.549 0.024 0.029 0.034 1.02 8599.4 3.3304 16.44206 1.770907 17.289583 15.518676 "" "" 2379.48682 2937.14453 4990.24904 1.8561 1658.0 5.5137 4916.9 6.7928 "" "" 0.002784757034954614 0.004563079 0.004066156 0.008629235 28.98425020023 62.50891888007 2600.09302 -0.549 0.024000000000000035
28.12647832446 62.26352920531 0.0268 0.0304 13.2997 "" "" 511741440610959360 2580.13843 0.3705 0.0434 -0.989 -0.303 0.032 0.035 1.027 9451.6 4.3713 16.44516 1.177298 16.944387 15.76709 "" "" 2321.06421 2854.89624 4976.02328 1.8945 2278.6 7.1818 3911.3 8.6651 "" "" 0.0027861554594582998 0.0044153873 0.004479888 0.008895275 28.12647832446 62.26352920531 2580.13843 -0.9890000000000001 -0.303
28.51645428206 62.39140759826 0.0256 0.0295 1.7198 "" "" 511737523600624000 2861.02295 0.333 0.0439 -0.997 -0.106 0.029 0.034 0.973 9026.2 4.2507 16.447557 1.229781 16.981955 15.752173 "" "" 2533.79224 3171.5957 4965.05054 1.7443 2201.1 5.6349 3965.4 5.6339 "" "" 0.002781597188274289 0.003938377 0.0040820665 0.008020444 28.51645428206 62.39140759826 2861.02295 -0.9969999999999999 -0.10599999999999996
28.19230848562 62.14122304979 0.0283 0.0392 16.8032 "" "" 511726837715365376 2797.30518 0.3463 0.0525 -2.358 0.277 0.036 0.05 0.975 "" "" 16.458542 1.503978 16.375563 14.871585 "" "" 2515.14258 3150.75269 4915.07307 4.0457 3847.6 49.7 8923.3 220.57 "" "" 0.0028966317161037806 0.014299464 0.027102508 0.04140197 28.19230848562 62.14122304979 2797.30518 -2.358 0.27700000000000025
28.18579683548 62.16188082768 0.0302 0.0333 15.9343 "" "" 511727696715714560 2428.65356 0.3926 0.0488 -2.887 0.145 0.037 0.04 1.09 7434.6 4.2863 16.460367 1.543701 17.149702 15.606001 "" "" 2184.97974 2827.87256 4906.81798 1.9227 1886.0 4.9726 4536.9 8.6028 "" "" 0.00278797176549808 0.0039974656 0.004303743 0.008301209 28.18579683548 62.16188082768 2428.65356 -2.887 0.14499999999999957
28.89049220046 62.36983559399 0.0254 0.03 9.5178 "" "" 508754789077439616 2517.36816 0.3606 0.0432 -1.103 -0.323 0.029 0.035 1.039 7434.4 4.2739 16.460684 1.567894 17.183298 15.615404 "" "" 2276.39282 2787.65479 4905.38767 1.7327 1828.5 6.5464 4497.8 10.016 "" "" 0.0027818820482835805 0.0047848746 0.0044865836 0.009271458 28.89049220046 62.36983559399 2517.36816 -1.103 -0.32299999999999995
28.60470796342 62.15527389468 0.0275 0.0283 12.7941 "" "" 511730342415558400 2752.72461 0.3514 0.0429 -0.921 -0.036 0.031 0.033 0.999 7994.4 4.3692 16.462057 1.087487 16.92193 15.834443 "" "" 2469.18359 3091.63232 4899.18976 1.829 2326.2 5.9432 3676.0 7.5917 "" "" 0.0027849749730366213 0.0039344393 0.004394485 0.008328924 28.60470796342 62.15527389468 2752.72461 -0.9210000000000003 -0.03599999999999987
28.8433488668 62.3943900335 0.0252 0.0298 8.3652 "" "" 511757280451442560 2061.09277 0.4768 0.0453 1.096 -0.772 0.029 0.034 0.988 5201.2 4.2642 16.468378 1.579922 17.205317 15.625395 "" "" 1835.26538 2264.38721 4870.74969 1.6897 1791.8 6.633 4456.6 7.5988 "" "" 0.002780944930413384 0.0048927907 0.004208428 0.009101219 28.8433488668 62.3943900335 2061.09277 1.0959999999999999 -0.772
28.51079733471 62.38027966308 0.0256 0.0295 1.3213 "" "" 511737145643512832 2429.06909 0.393 0.0443 -0.981 -0.274 0.029 0.033 1.029 9291.6 4.0341 16.473806 1.349623 17.059208 15.709585 "" "" 2181.22046 2756.97827 4846.45201 2.0027 2049.9 9.937 4124.1 12.278 "" "" 0.0027916096123112148 0.005957009 0.0049731303 0.01093014 28.51079733471 62.38027966308 2429.06909 -0.9810000000000001 -0.27400000000000013
28.85836245238 62.17927937442 0.027 0.0301 14.1964 "" "" 508728950552765824 1928.08875 0.4953 0.0454 -0.157 -0.086 0.031 0.034 1.021 7807.9 4.2859 16.473951 1.477871 17.14581 15.667938 "" "" 1750.36682 2125.39062 4845.80632 1.7964 1892.8 5.59 4285.3 7.3888 "" "" 0.0027845631996651797 0.004250494 0.0042176167 0.00846811 28.85836245238 62.17927937442 1928.08875 -0.157 -0.08599999999999997
29.0929634244 62.30883717193 0.0264 0.0314 15.5607 "" "" 508750597189116928 1937.99243 0.4833 0.0451 -2.807 2.262 0.031 0.035 1.016 7753.7 4.1427 16.474497 1.765052 17.322227 15.557176 "" "" 1776.15308 2114.0249 4843.37559 1.7881 1608.9 8.31 4745.6 8.1388 "" "" 0.002784323942600648 0.0062636263 0.0042131925 0.010476818 29.0929634244 62.30883717193 1937.99243 -2.8070000000000004 2.262
28.33906102216 62.1129061506 0.0288 0.03 16.3251 "" "" 511723607906881280 2774.05859 0.3412 0.0463 -0.915 -0.357 0.033 0.036 0.972 "" "" 16.48157 1.434575 17.123762 15.689187 "" "" 2468.24146 3104.39941 4811.92338 1.9252 1931.6 5.7338 4202.3 7.0522 "" "" 0.0027893521659951752 0.0042628944 0.0041956664 0.00845856 28.33906102216 62.1129061506 2774.05859 -0.9150000000000001 -0.35700000000000004
28.65731835805 62.09505766985 0.0259 0.0286 16.5917 "" "" 508721735007625344 2252.9519 0.4366 0.0461 1.982 -0.139 0.031 0.034 1.005 6358.4 4.0569 16.48167 1.501858 17.168905 15.667048 "" "" 1987.75476 2546.90552 4811.47793 1.6928 1852.9 5.7439 4288.8 5.572 "" "" 0.002781673132394204 0.0043718624 0.00403404 0.008405902 28.65731835805 62.09505766985 2252.9519 1.9820000000000002 -0.1390000000000001
28.7229067695 62.30739293923 0.0252 0.0293 6.0287 "" "" 511733159914209024 2352.68555 0.4084 0.0439 -1.052 -0.621 0.029 0.034 0.995 7821.7 3.9904 16.48247 1.414768 17.07341 15.658642 "" "" 2112.5459 2595.3396 4807.94207 1.9953 2023.3 11.707 4322.2 14.366 "" "" 0.002791919238491418 0.0068739145 0.0052255825 0.012099497 28.7229067695 62.30739293923 2352.68555 -1.052 -0.621
28.55786867003 62.2275080663 0.0279 0.0285 8.3676 "" "" 511731201408946944 2721.73706 0.3674 0.0456 -1.867 -0.001 0.033 0.033 0.991 8499.1 4.4098 16.486816 1.217421 17.009932 15.79251 "" "" 2400.20508 3049.12427 4788.72995 1.7358 2145.1 7.7536 3820.8 7.1836 "" "" 0.0027832846917256546 0.004815231 0.004295432 0.009110663 28.55786867003 62.2275080663 2721.73706 -1.8670000000000002 -0.0009999999999996676
29.08814233413 62.27873391857 0.0285 0.0322 15.9422 "" "" 508750459751321728 1984.29077 0.4919 0.0489 -0.861 -2.266 0.034 0.036 1.047 7292.7 4.3272 16.487583 1.697726 17.295 15.597274 "" "" 1827.51294 2184.76416 4785.35089 1.6681 1649.7 6.4248 4573.5 6.5946 "" "" 0.0027811921346360784 0.0050660293 0.0040908 0.009156829 29.08814233413 62.27873391857 1984.29077 -0.861 -2.2660000000000005
28.48293828613 62.42620746712 0.0251 0.0298 3.9983 "" "" 511737832838240896 2616.53467 0.3708 0.0429 -0.988 -0.455 0.029 0.034 1.031 9715.3 4.3672 16.490812 1.250265 17.014185 15.76392 "" "" 2327.62231 2915.12036 4771.13721 1.8939 2136.7 8.262 3922.7 9.8155 "" "" 0.0027888232600255334 0.005040849 0.0046545165 0.009695366 28.48293828613 62.42620746712 2616.53467 -0.9879999999999999 -0.4550000000000001
