Clusters/Berkeley_7/Berkeley_7_stars_in_region.tsv
# %ECSV 1.0
# ---
# datatype:
# - name: RA_ICRS_1
#   unit: deg
#   datatype: float64
#   format: '{:15.11f}'
#   description: Right ascension (ICRS) at Ep=2016.0 (ra)
#   meta: !!omap
#   - {ucd: POS_EQ_RA_MAIN}
#   - {width: 15}
#   - {precision: '11'}
# - name: DE_ICRS_1
#   unit: deg
#   datatype: float64
#   format: '{:15.11f}'
#   description: Declination (ICRS) at Ep=2016.0 (dec)
#   meta: !!omap
#   - {ucd: POS_EQ_DEC_MAIN}
#   - {width: 15}
#   - {precision: '11'}
# - name: e_RA_ICRS
#   unit: mas
#   datatype: float64
#   format: '{:7.4f}'
#   description: Standard error of right ascension (ra_error)
#   meta: !!omap
#   - {ucd: ERROR}
#   - {width: 7}
#   - {precision: '4'}
# - name: e_DE_ICRS
#   unit: mas
#   datatype: float64
#   format: '{:7.4f}'
#   description: Standard error of declination (dec_error)
#   meta: !!omap
#   - {ucd: ERROR}
#   - {width: 7}
#   - {precision: '4'}
# - name: _r_1
#   unit: ''
#   datatype: float64
#   format: '{:7.4f}'
#   description: Distance from center (028.54851794000+62.36689958000)[ICRS], at Epoch=J2016.0
#   meta: !!omap
#   - {ucd: POS_ANG_DIST_GENERAL}
#   - {width: 7}
#   - {precision: '4'}
# - name: HIP
#   datatype: int32
#   description: '? HIP cross-id number, van Leeuwen, Cat. I/311 (hip_original_ext_source_id)'
#   meta: !!omap
#   - {ucd: ID_NUMBER}
#   - {width: 6}
#   - values: {'null': -2147483648}
# - name: TYC2
#   datatype: string
#   description: Tycho-2 cross-id name, Hog et al., Cat. I/259 (tyc2_original_ext_source_id)
#   meta: !!omap
#   - {ucd: ID_CROSSID}
#   - {_votable_string_dtype: char}
# - name: Source
#   datatype: int64
#   description: Source identifier, identical to the Gaia-EDR3 source_id (id)
#   meta: !!omap
#   - {ucd: ID_MAIN}
#   - {width: 19}
# - name: rgeo
#   unit: pc
#   datatype: float64
#   format: '{:15.8f}'
#   description: '? Median of the geometric distance posterior (r_med_geo)'
#   meta: !!omap
#   - {ucd: PHYS_DISTANCE_TRUE}
#   - {width: 15}
#   - {precision: '8'}
#   - values: {'null': .nan}
# - name: Plx
#   unit: mas
#   datatype: float64
#   format: '{:9.4f}'
#   description: '? Parallax (parallax)'
#   meta: !!omap
#   - {ucd: POS_PARLX_TRIG}
#   - {width: 9}
#   - {precision: '4'}
#   - values: {'null': .nan}
# - name: e_Plx
#   unit: mas
#   datatype: float32
#   format: '{:7.4f}'
#   description: '? Standard error of parallax (parallax_error)'
#   meta: !!omap
#   - {ucd: ERROR}
#   - {width: 7}
#   - {precision: '4'}
#   - values: {'null': .nan}
# - name: pmRA
#   unit: mas / yr
#   datatype: float64
#   format: '{:9.3f}'
#   description: '? Proper motion in right ascension direction, pmRA*cosDE (pmra)'
#   meta: !!omap
#   - {ucd: POS_EQ_PMRA}
#   - {width: 9}
#   - {precision: '3'}
#   - values: {'null': .nan}
# - name: pmDE
#   unit: mas / yr
#   datatype: float64
#   format: '{:9.3f}'
#   description: '? Proper motion in declination direction (pmdec)'
#   meta: !!omap
#   - {ucd: POS_EQ_PMDEC}
#   - {width: 9}
#   - {precision: '3'}
#   - values: {'null': .nan}
# - name: e_pmRA
#   unit: mas / yr
#   datatype: float32
#   format: '{:6.3f}'
#   description: '? Standard error of proper motion in right ascension direction (pmra_error)'
#   meta: !!omap
#   - {ucd: ERROR}
#   - {width: 6}
#   - {precision: '3'}
#   - values: {'null': .nan}
# - name: e_pmDE
[...]
#         unit: &id001 !astropy.units.Unit {unit: deg}
#         value: !astropy.table.SerializedColumn {name: SkyCoord.dec}
#       distance: !astropy.table.SerializedColumn
#         __class__: astropy.coordinates.distances.Distance
#         unit: !astropy.units.Unit {unit: pc}
#         value: !astropy.table.SerializedColumn {name: SkyCoord.distance}
#       frame: icrs
#       obstime: !astropy.time.Time {format: jyear_str, in_subfmt: '*', jd1: 367701545.0, jd2: 0.0, out_subfmt: '*', precision: 3, scale: tt}
#       pm_dec: !astropy.table.SerializedColumn
#         __class__: astropy.units.quantity.Quantity
#         unit: !astropy.units.Unit {unit: mas / yr}
#         value: !astropy.table.SerializedColumn {name: SkyCoord.pm_dec}
#       pm_ra_cosdec: !astropy.table.SerializedColumn
#         __class__: astropy.units.quantity.Quantity
#         unit: !astropy.units.Unit {unit: mas / yr}
#         value: !astropy.table.SerializedColumn {name: SkyCoord.pm_ra_cosdec}
#       ra: !astropy.table.SerializedColumn
#         __class__: astropy.coordinates.angles.Longitude
#         unit: *id001
#         value: !astropy.table.SerializedColumn {name: SkyCoord.ra}
#         wrap_angle: !astropy.coordinates.Angle
#           unit: *id001
#           value: 360.0
#       representation_type: spherical
# schema: astropy-2.0
RA_ICRS_1 DE_ICRS_1 e_RA_ICRS e_DE_ICRS _r_1 HIP TYC2 Source rgeo Plx e_Plx pmRA pmDE e_pmRA e_pmDE RUWE Teff logg Gmag BP-RP BPmag RPmag RV e_RV b_rgeo B_rgeo FG e_FG FBP e_FBP FRP e_FRP RAVE5 RAVE6 e_Gmag e_BPmag e_RPmag e_BP-RP SkyCoord.ra SkyCoord.dec SkyCoord.distance SkyCoord.pm_ra_cosdec SkyCoord.pm_dec
[from data line 284]
28.61096103524 62.19114467896 0.0233 0.0241 10.6883 "" "" 511730548573952512 2712.7522 0.354 0.0364 -1.926 0.496 0.028 0.028 0.987 7668.9 3.5162 16.139286 1.089459 16.595104 15.505646 "" "" 2453.17944 3049.77002 6595.26999 2.0037 3143.2 7.0022 4976.2 8.1016 "" "" 0.002774994488985105 0.0036925988 0.004172329 0.007864928 28.61096103524 62.19114467896 2712.7522 -1.9259999999999997 0.4959999999999999
28.53404791966 62.3750013553 0.0222 0.0249 0.6312 "" "" 511737454881163136 2830.73657 0.3491 0.038 -1.007 -0.265 0.026 0.028 1.016 9244.9 4.0861 16.147285 1.196278 16.660067 15.463789 "" "" 2527.70435 3325.99927 6546.85036 2.0409 2960.7 6.1481 5171.8 6.6198 "" "" 0.002776030958736529 0.0035872413 0.0040267915 0.007614033 28.53404791966 62.3750013553 2830.73657 -1.007 -0.26500000000000007
28.18320972662 62.44040219343 0.0225 0.026 11.0699 "" "" 511748931033732352 2757.05981 0.3486 0.038 -2.367 -0.653 0.027 0.03 1.005 8441.2 3.7029 16.149155 1.341751 16.74271 15.400959 "" "" 2445.64478 3105.53931 6535.59198 2.1175 2743.7 6.8709 5479.9 7.1425 "" "" 0.002777684972674522 0.003895862 0.0040356377 0.0079315 28.18320972662 62.44040219343 2757.05981 -2.367 -0.6530000000000002
28.50507905338 62.61119093078 0.0585 0.0696 14.7068 "" "" 511764770876925056 1934.32935 0.5302 0.0974 -1.298 0.265 0.071 0.079 2.814 8282.3 4.1129 16.150227 1.441591 16.76694 15.325348 "" "" 1600.98169 2469.5459 6529.1387 7.6928 2683.1 7.2792 5875.1 8.6805 "" "" 0.0030378035770434212 0.0040572775 0.0041057435 0.008163021 28.50507905338 62.61119093078 1934.32935 -1.298 0.26500000000000007
28.70722615954 62.59311178283 0.0278 0.0326 14.2681 "" "" 511763946240478976 2175.12573 0.4346 0.0466 -2.423 2.056 0.033 0.038 1.336 10392.7 4.1783 16.151472 1.893269 16.967667 15.074398 "" "" 1995.86682 2378.57544 6521.65819 4.7531 2230.2 14.542 7402.9 24.177 "" "" 0.002866696884845368 0.0076095234 0.005182378 0.012791902 28.70722615954 62.59311178283 2175.12573 -2.423 2.056
28.95287880642 62.50780314422 0.0214 0.0252 14.0536 "" "" 511759651273367680 2253.04956 0.4169 0.0365 -0.847 -0.223 0.025 0.029 1.062 7772.0 4.3511 16.158434 1.457951 16.820957 15.363007 "" "" 2117.07397 2485.46899 6479.97001 2.0433 2552.9 6.6499 5674.9 7.8567 "" "" 0.0027765085983698034 0.0039728577 0.0040673367 0.008040194 28.95287880642 62.50780314422 2253.04956 -0.847 -0.22300000000000003
28.57057257245 62.10622327417 0.0225 0.0242 15.6527 "" "" 511724295101646592 2285.28247 0.4228 0.0374 1.716 -2.226 0.027 0.029 1.005 7239.5 4.1215 16.168732 1.259041 16.7181 15.459059 "" "" 2111.25732 2473.99658 6418.8085 1.8193 2806.6 6.4981 5194.4 7.3283 "" "" 0.0027724518142774415 0.0037555587 0.0040779933 0.007833552 28.57057257245 62.10622327417 2285.28247 1.7160000000000002 -2.226
28.41227222556 62.51766054725 0.0215 0.0254 9.8044 "" "" 511762571850987136 2378.14478 0.3995 0.0359 -1.035 -0.414 0.025 0.03 0.98 9405.4 4.1289 16.170305 1.155868 16.65353 15.497662 "" "" 2188.23584 2617.76538 6409.503 2.0433 2978.6 6.2546 5013.0 8.0844 "" "" 0.0027769752294313373 0.003603178 0.0041652806 0.0077684587 28.41227222556 62.51766054725 2378.14478 -1.035 -0.41399999999999987
28.86993780165 62.22636459231 0.0393 0.0411 12.3078 "" "" 508729534662176000 2681.9585 0.3853 0.0612 -1.182 0.355 0.044 0.046 1.865 10124.1 3.575 16.170952 1.348307 16.662703 15.314396 "" "" 2274.14404 3568.9729 6405.69465 4.1664 2953.5 16.61 5934.7 19.357 "" "" 0.0028443782961808267 0.006713294 0.0051792455 0.011892539 28.86993780165 62.22636459231 2681.9585 -1.182 0.35499999999999987
28.63170926729 62.31368590826 0.0223 0.0242 3.945 "" "" 511733778389224704 2502.05762 0.3868 0.0379 -1.177 -1.548 0.026 0.028 1.0 7076.0 4.0788 16.191263 1.478527 16.86847 15.389942 "" "" 2243.99316 2714.93066 6286.97233 1.886 2443.6 6.6118 5535.8 6.0317 "" "" 0.0027745041304147165 0.0040515903 0.003960203 0.008011794 28.63170926729 62.31368590826 2502.05762 -1.1770000000000003 -1.5480000000000003
28.44104103862 62.21196686617 0.0239 0.0257 9.7676 "" "" 511731682445304192 2436.34082 0.3792 0.0399 -2.201 -0.366 0.029 0.03 0.93 4941.6 3.5566 16.198868 1.870006 17.12094 15.250934 "" "" 2217.53491 2677.79395 6243.09594 2.0814 1936.6 4.6678 6291.9 7.3109 "" "" 0.0027789955139152795 0.0038253774 0.003984382 0.007809759 28.44104103862 62.21196686617 2436.34082 -2.201 -0.3660000000000002
28.34957212416 62.12048574106 0.0244 0.0262 15.7954 "" "" 511725085375625472 2185.85791 0.4388 0.0396 1.133 -2.579 0.029 0.031 1.008 7222.9 3.8707 16.200645 1.804145 17.07728 15.273135 "" "" 2018.48792 2383.38477 6232.88187 2.0005 2016.1 5.7661 6164.6 6.7874 "" "" 0.002777269438899847 0.004174629 0.003963934 0.0081385635 28.34957212416 62.12048574106 2185.85791 1.1329999999999998 -2.5790000000000006
28.34556631971 62.12454981338 0.025 0.0273 15.6076 "" "" 511725085378869248 2464.00781 0.3819 0.0416 -0.141 -0.072 0.03 0.032 1.043 7991.9 4.1073 16.20445 1.398176 16.830856 15.43268 "" "" 2255.85645 2777.05273 6211.07187 3.0344 2529.7 8.6168 5322.1 9.2248 "" "" 0.0028059131539413707 0.004632755 0.0042220023 0.008854758 28.34556631971 62.12454981338 2464.00781 -0.141 -0.07200000000000001
28.62722087938 62.28116232842 0.0238 0.0258 5.5923 "" "" 511732885036064000 2520.65747 0.3803 0.039 -1.063 -0.603 0.027 0.03 1.049 7673.0 4.1137 16.207594 1.273571 16.762363 15.488792 "" "" 2305.15283 2769.19482 6193.11998 1.913 2694.5 6.1017 5054.1 6.4824 "" "" 0.0027756558365610437 0.0037188728 0.004027775 0.007746648 28.62722087938 62.28116232842 2520.65747 -1.063 -0.6030000000000001
28.51751222478 62.08975586847 0.0258 0.0274 16.6512 "" "" 511723951504272768 2155.54395 0.4441 0.0423 -2.216 1.325 0.031 0.033 1.065 6902.3 4.142 16.208523 1.435687 16.836021 15.400334 "" "" 1984.11475 2346.4812 6187.81851 2.0454 2517.7 8.1331 5483.1 8.3497 "" "" 0.002778595612362691 0.0044817855 0.0041252086 0.0086069945 28.51751222478 62.08975586847 2155.54395 -2.216 1.3249999999999997
28.46586393277 62.60138612609 0.0229 0.0275 14.2545 "" "" 511775010076233856 2736.88696 0.3351 0.0394 0.987 -1.884 0.028 0.031 0.968 7199.9 4.0765 16.222185 1.596805 16.964958 15.368154 "" "" 2494.44116 3212.16919 6110.44181 2.0273 2235.8 6.2836 5648.0 9.0671 "" "" 0.0027787675255462026 0.004134746 0.004161945 0.008296691 28.46586393277 62.60138612609 2736.88696 0.9870000000000001 -1.8839999999999997
28.56409979985 62.39599494925 0.023 0.0261 1.7987 "" "" 511737592320095488 2613.91772 0.3613 0.0386 -2.501 1.301 0.026 0.029 1.001 7599.6 4.2233 16.22429 1.529041 16.927286 15.398245 "" "" 2378.4458 2822.76611 6098.60597 1.8952 2314.7 7.5361 5493.6 7.8133 "" "" 0.0027759016760459964 0.004503389 0.0040826784 0.008586068 28.56409979985 62.39599494925 2613.91772 -2.5009999999999994 1.3009999999999997
28.24278902147 62.16052400227 0.0257 0.0275 15.0403 "" "" 511726906441731200 2770.50928 0.339 0.0424 -1.324 -0.342 0.031 0.033 1.067 8526.8 3.5885 16.224857 1.112622 16.675104 15.562482 "" "" 2497.78076 3203.85742 6095.42292 1.8806 2920.0 9.2631 4722.4 6.9432 "" "" 0.0027756080351843517 0.0044326154 0.0041026794 0.008535295 28.24278902147 62.16052400227 2770.50928 -1.324 -0.34199999999999997
28.80797091344 62.26596079939 0.0291 0.0319 9.4332 "" "" 508730599820174592 2067.29102 0.4467 0.0488 2.653 -1.442 0.034 0.036 1.226 5469.8 3.8294 16.224968 1.715941 17.032906 15.316965 "" "" 1870.90784 2283.24341 6094.80678 2.7609 2100.2 5.0558 5920.7 6.431 "" "" 0.0027988723026561206 0.0038231409 0.003959105 0.007782246 28.80797091344 62.26596079939 2067.29102 2.6529999999999996 -1.442
28.5557580216 62.1107221509 0.0242 0.0259 15.372 "" "" 511724295101643904 2829.1377 0.3406 0.04 -0.904 -0.62 0.029 0.032 1.003 7928.8 4.0564 16.230059 1.209828 16.749956 15.540128 "" "" 2517.90747 3294.0249 6066.29067 1.8416 2725.4 7.7834 4820.7 6.9489 "" "" 0.002774964893419843 0.004171277 0.004090615 0.008261892 28.5557580216 62.1107221509 2829.1377 -0.904 -0.6199999999999999
28.33338395033 62.62390093931 0.0216 0.026 16.5322 "" "" 511775972149139328 2436.64331 0.3857 0.0364 2.325 2.662 0.026 0.031 0.991 7932.5 4.2629 16.230726 1.619085 16.986528 15.367443 "" "" 2231.87793 2703.5354 6062.56366 1.9543 2191.8 5.3141 5651.7 6.9143 "" "" 0.0027774600703671585 0.0038359636 0.0040060063 0.00784197 28.33338395033 62.62390093931 2436.64331 2.325 2.662
28.40665355495 62.40819095187 0.062 0.0737 4.6586 "" "" 511738142075902976 2548.82153 0.3922 0.107 -0.893 0.069 0.072 0.082 2.787 7609.3 4.0799 16.237589 1.832371 17.07385 15.24148 "" "" 1972.74707 3344.63208 6024.36895 8.6861 2022.4 8.1213 6347.0 7.9618 "" "" 0.003168975329381889 0.0051763235 0.004017298 0.009193622 28.40665355495 62.40819095187 2548.82153 -0.893 0.06900000000000008
28.61263839554 62.095561059 0.0298 0.0319 16.3787 "" "" 508721803727102336 2297.11816 0.4296 0.0504 -1.911 -1.306 0.036 0.038 1.316 7369.0 4.3894 16.250826 1.250488 16.77753 15.527042 "" "" 2054.54199 2623.95483 5951.36094 2.7558 2657.1 6.36 4879.1 6.6032 "" "" 0.0028008125922087115 0.0038129818 0.004054979 0.00786796 28.61263839554 62.095561059 2297.11816 -1.911 -1.3060000000000003
28.69028027962 62.5747140119 0.0244 0.0279 13.0739 "" "" 511763533923628800 1956.43774 0.4772 0.0405 -0.918 0.49 0.029 0.032 1.047 6660.7 3.8197 16.250929 2.344881 17.498938 15.154057 "" "" 1827.58765 2096.63354 5950.80153 2.277 1367.2 5.3164 6879.2 8.3137 "" "" 0.0027864641772984223 0.0050605973 0.00400068 0.009061277 28.69028027962 62.5747140119 1956.43774 -0.918 0.49
28.51224455991 62.56436642325 0.0223 0.0272 11.8907 "" "" 511763155966516096 2216.94556 0.4384 0.0376 -0.448 0.235 0.027 0.031 0.968 6883.2 4.2284 16.256557 1.517772 16.954168 15.436397 "" "" 2045.79932 2439.63013 5920.02809 1.9912 2258.1 7.945 5304.0 8.6713 "" "" 0.002779415585588144 0.0047305636 0.0041754576 0.008906022 28.51224455991 62.56436642325 2216.94556 -0.44800000000000006 0.235
28.52845094023 62.35243178441 0.023 0.0264 1.0323 "" "" 511737042564328448 2569.22949 0.3757 0.0409 -0.924 -0.138 0.028 0.032 1.005 9243.8 4.3158 16.268648 1.157318 16.759943 15.602625 "" "" 2283.52905 2818.5127 5854.4684 1.892 2700.5 7.0832 4551.0 6.7546 "" "" 0.002777571927368315 0.003986856 0.0041085887 0.008095445 28.52845094023 62.35243178441 2569.22949 -0.9239999999999999 -0.13799999999999996
28.63569307547 62.19338831117 0.0244 0.0251 10.6912 "" "" 511730857811595008 2206.5083 0.4266 0.0381 -1.048 -0.585 0.029 0.029 0.991 7668.4 4.2088 16.269672 1.218284 16.788778 15.570495 "" "" 2052.55347 2450.86621 5848.95289 1.929 2629.7 7.1693 4687.7 7.3753 "" "" 0.002778490547612988 0.004067773 0.004147499 0.008215272 28.63569307547 62.19338831117 2206.5083 -1.048 -0.585
28.25684486047 62.17309283555 0.0257 0.0275 14.196 "" "" 511728383910614528 2289.96973 0.4191 0.0439 1.488 -3.032 0.03 0.033 1.012 7123.6 4.1675 16.270473 1.478612 16.943373 15.464761 "" "" 2116.76685 2565.58154 5844.63918 1.9495 2280.7 6.149 5167.2 7.8253 "" "" 0.0027790183247352754 0.004043992 0.0041215667 0.008165559 28.25684486047 62.17309283555 2289.96973 1.4880000000000002 -3.032
28.96050178098 62.280869523 0.0241 0.0274 12.5883 "" "" 508753242889005952 2681.18481 0.3551 0.0416 -2.626 0.584 0.029 0.031 1.006 8032.5 4.2635 16.273304 1.566585 16.998083 15.431498 "" "" 2387.74585 3001.83936 5829.41921 1.8925 2168.6 6.7489 5327.9 7.1546 "" "" 0.0027777746124090083 0.004382025 0.0040508583 0.008432884 28.96050178098 62.280869523 2681.18481 -2.6259999999999994 0.584
28.82261643418 62.21382672349 0.0251 0.0273 11.9512 "" "" 508729878265683968 2550.89648 0.3739 0.0424 -2.634 -0.175 0.03 0.032 0.999 7995.3 3.9467 16.275232 1.361463 16.880228 15.518765 "" "" 2279.74902 2866.73267 5819.07616 2.0256 2417.3 6.6462 4916.5 8.2841 "" "" 0.002781120055520681 0.0040860996 0.0041988697 0.008284969 28.82261643418 62.21382672349 2550.89648 -2.6339999999999995 -0.175
28.76599437734 62.5211765851 0.0237 0.0278 11.051 "" "" 511760407187610752 2358.25317 0.3932 0.0403 0.553 -0.321 0.029 0.033 1.017 5156.9 3.533 16.27913 2.285874 17.48831 15.202435 "" "" 2183.68604 2562.13281 5798.21812 2.1142 1380.7 6.4083 6579.4 8.969 "" "" 0.0027836162183785995 0.0057601486 0.0040588584 0.009819007 28.76599437734 62.5211765851 2358.25317 0.5530000000000002 -0.32100000000000006
28.9620244105 62.54732960407 0.0221 0.0262 15.7739 "" "" 511765595508096256 2790.25 0.336 0.0383 -0.784 -0.495 0.026 0.03 0.954 9073.2 3.3658 16.28617 1.441725 16.9301 15.488375 "" "" 2540.84741 3105.1228 5760.75261 1.9105 2308.8 7.7715 5056.0 7.8935 "" "" 0.0027787484453873426 0.0045979703 0.0041420986 0.008740069 28.9620244105 62.54732960407 2790.25 -0.7839999999999999 -0.4950000000000001
29.05755428747 62.28814120532 0.0238 0.0271 14.9507 "" "" 508753414687685632 2549.2251 0.374 0.0408 1.973 -2.008 0.028 0.03 1.025 8045.2 4.4098 16.29008 1.661469 17.067238 15.405768 "" "" 2286.72046 2820.3584 5740.04152 1.9278 2034.8 9.1534 5455.7 8.4971 "" "" 0.002779344524162542 0.005624903 0.004140437 0.00976534 29.05755428747 62.28814120532 2549.2251 1.9730000000000003 -2.0080000000000005
28.79636321459 62.4059565217 0.0236 0.0269 7.2801 "" "" 511757520969641600 2458.91162 0.3952 0.0396 -0.859 -0.168 0.028 0.03 0.997 "" "" 16.292608 1.503873 16.944984 15.441112 "" "" 2233.11987 2738.78931 5726.68798 1.9141 2277.3 10.48 5281.0 28.871 "" "" 0.002779115845854128 0.005722761 0.0070367567 0.012759518 28.79636321459 62.4059565217 2458.91162 -0.859 -0.16799999999999993
28.47802302556 62.273150087 0.0243 0.0267 5.9583 "" "" 511732300920529664 2825.36157 0.3296 0.0415 -2.497 -0.334 0.028 0.031 0.982 7983.3 4.0128 16.300613 1.248141 16.843338 15.595197 "" "" 2551.92383 3077.66455 5684.61999 1.8784 2500.8 8.4836 4582.3 7.0928 "" "" 0.0027785791787029632 0.004620717 0.0041361903 0.008756908 28.47802302556 62.273150087 2825.36157 -2.4969999999999994 -0.3340000000000001
28.79647877501 62.35331616737 0.0228 0.0268 6.9499 "" "" 511756730695637248 1960.46289 0.4884 0.0402 -4.85 1.78 0.027 0.03 0.974 7565.1 4.2587 16.304808 1.420917 16.93971 15.518794 "" "" 1833.72266 2121.85229 5662.70352 1.8898 2288.4 8.3181 4916.3 7.6639 "" "" 0.0027790429454854207 0.004833242 0.0041410597 0.008974302 28.79647877501 62.35331616737 1960.46289 -4.8500000000000005 1.7800000000000002
28.85961836659 62.60222853265 0.0242 0.0285 16.5448 "" "" 511766901178138368 1994.97534 0.4951 0.0414 -0.458 -0.483 0.029 0.033 1.083 7464.6 4.3357 16.306154 1.34927 16.90685 15.557581 "" "" 1822.27344 2164.9834 5655.67952 1.8065 2358.7 6.4412 4743.8 6.966 "" "" 0.0027770593689227193 0.0040713656 0.0041019083 0.008173274 28.85961836659 62.60222853265 1994.97534 -0.4580000000000001 -0.48300000000000004
28.86261295422 62.20234441561 0.025 0.0278 13.2024 "" "" 508729122351445120 2135.47705 0.4432 0.0418 0.029 -0.621 0.029 0.032 1.033 5253.9 3.8171 16.306957 1.989362 17.310274 15.320912 "" "" 1974.99316 2295.68506 5651.50255 1.9499 1626.7 5.4935 5899.2 8.0235 "" "" 0.002780668579425007 0.0046075108 0.0040576346 0.008665145 28.86261295422 62.20234441561 2135.47705 0.02899999999999997 -0.621
28.50276360627 62.11593692589 0.0244 0.0263 15.1119 "" "" 511724535619809920 2291.86572 0.4204 0.041 -0.213 -1.396 0.029 0.032 1.03 8157.6 4.098 16.309744 1.136956 16.791239 15.654283 "" "" 2107.06714 2514.18042 5637.01537 1.8498 2623.7 6.2733 4339.6 7.8286 "" "" 0.0027782602034301107 0.0038110774 0.0042567677 0.008067845 28.50276360627 62.11593692589 2291.86572 -0.21300000000000013 -1.3960000000000001
28.22617179862 62.25482316739 0.0236 0.0266 11.2245 "" "" 511729827019396864 2819.64282 0.3333 0.039 -0.99 -0.218 0.027 0.031 0.981 9261.9 4.1731 16.309788 1.12455 16.78353 15.658979 "" "" 2566.47974 3072.53076 5636.78737 1.8024 2642.4 6.5803 4320.8 7.8147 "" "" 0.002777105926233481 0.00388529 0.004259084 0.008144374 28.22617179862 62.25482316739 2819.64282 -0.9899999999999999 -0.21799999999999997
