Clusters/Berkeley_7/Berkeley_7_members.tsv
# %ECSV 1.0
# ---
# datatype:
# - name: RA_ICRS_1
#   unit: deg
#   datatype: float64
#   format: '{:15.11f}'
#   description: Right ascension (ICRS) at Ep=2016.0 (ra)
#   meta: !!omap
#   - {ucd: POS_EQ_RA_MAIN}
#   - {width: 15}
#   - {precision: '11'}
# - name: DE_ICRS_1
#   unit: deg
#   datatype: float64
#   format: '{:15.11f}'
#   description: Declination (ICRS) at Ep=2016.0 (dec)
#   meta: !!omap
#   - {ucd: POS_EQ_DEC_MAIN}
#   - {width: 15}
#   - {precision: '11'}
# - name: e_RA_ICRS
#   unit: mas
#   datatype: float64
#   format: '{:7.4f}'
#   description: Standard error of right ascension (ra_error)
#   meta: !!omap
#   - {ucd: ERROR}
#   - {width: 7}
#   - {precision: '4'}
# - name: e_DE_ICRS
#   unit: mas
#   datatype: float64
#   format: '{:7.4f}'
#   description: Standard error of declination (dec_error)
#   meta: !!omap
#   - {ucd: ERROR}
#   - {width: 7}
#   - {precision: '4'}
# - name: _r_1
#   unit: ''
#   datatype: float64
#   format: '{:7.4f}'
#   description: Distance from center (028.54851794000+62.36689958000)[ICRS], at Epoch=J2016.0
#   meta: !!omap
#   - {ucd: POS_ANG_DIST_GENERAL}
#   - {width: 7}
#   - {precision: '4'}
# - name: HIP
#   datatype: int32
#   description: '? HIP cross-id number, van Leeuwen, Cat. I/311 (hip_original_ext_source_id)'
#   meta: !!omap
#   - {ucd: ID_NUMBER}
#   - {width: 6}
#   - values: {'null': -2147483648}
# - name: TYC2
#   datatype: string
#   description: Tycho-2 cross-id name, Hog et al., Cat. I/259 (tyc2_original_ext_source_id)
#   meta: !!omap
#   - {ucd: ID_CROSSID}
#   - {_votable_string_dtype: char}
# - name: Source
#   datatype: int64
#   description: Source identifier, identical to the Gaia-EDR3 source_id (id)
#   meta: !!omap
#   - {ucd: ID_MAIN}
#   - {width: 19}
# - name: rgeo
#   unit: pc
#   datatype: float64
#   format: '{:15.8f}'
#   description: '? Median of the geometric distance posterior (r_med_geo)'
#   meta: !!omap
#   - {ucd: PHYS_DISTANCE_TRUE}
#   - {width: 15}
#   - {precision: '8'}
#   - values: {'null': .nan}
# - name: Plx
#   unit: mas
#   datatype: float64
#   format: '{:9.4f}'
#   description: '? Parallax (parallax)'
#   meta: !!omap
#   - {ucd: POS_PARLX_TRIG}
#   - {width: 9}
#   - {precision: '4'}
#   - values: {'null': .nan}
# - name: e_Plx
#   unit: mas
#   datatype: float32
#   format: '{:7.4f}'
#   description: '? Standard error of parallax (parallax_error)'
#   meta: !!omap
#   - {ucd: ERROR}
#   - {width: 7}
#   - {precision: '4'}
#   - values: {'null': .nan}
# - name: pmRA
#   unit: mas / yr
#   datatype: float64
#   format: '{:9.3f}'
#   description: '? Proper motion in right ascension direction, pmRA*cosDE (pmra)'
#   meta: !!omap
#   - {ucd: POS_EQ_PMRA}
#   - {width: 9}
#   - {precision: '3'}
#   - values: {'null': .nan}
# - name: pmDE
#   unit: mas / yr
#   datatype: float64
#   format: '{:9.3f}'
#   description: '? Proper motion in declination direction (pmdec)'
#   meta: !!omap
#   - {ucd: POS_EQ_PMDEC}
#   - {width: 9}
#   - {precision: '3'}
#   - values: {'null': .nan}
# - name: e_pmRA
#   unit: mas / yr
#   datatype: float32
#   format: '{:6.3f}'
#   description: '? Standard error of proper motion in right ascension direction (pmra_error)'
#   meta: !!omap
#   - {ucd: ERROR}
#   - {width: 6}
#   - {precision: '3'}
#   - values: {'null': .nan}
# - name: e_pmDE
[...]
#         unit: &id001 !astropy.units.Unit {unit: deg}
#         value: !astropy.table.SerializedColumn {name: SkyCoord.dec}
#       distance: !astropy.table.SerializedColumn
#         __class__: astropy.coordinates.distances.Distance
#         unit: !astropy.units.Unit {unit: pc}
#         value: !astropy.table.SerializedColumn {name: SkyCoord.distance}
#       frame: icrs
#       obstime: !astropy.time.Time {format: jyear_str, in_subfmt: '*', jd1: 367701545.0, jd2: 0.0, out_subfmt: '*', precision: 3, scale: tt}
#       pm_dec: !astropy.table.SerializedColumn
#         __class__: astropy.units.quantity.Quantity
#         unit: !astropy.units.Unit {unit: mas / yr}
#         value: !astropy.table.SerializedColumn {name: SkyCoord.pm_dec}
#       pm_ra_cosdec: !astropy.table.SerializedColumn
#         __class__: astropy.units.quantity.Quantity
#         unit: !astropy.units.Unit {unit: mas / yr}
#         value: !astropy.table.SerializedColumn {name: SkyCoord.pm_ra_cosdec}
#       ra: !astropy.table.SerializedColumn
#         __class__: astropy.coordinates.angles.Longitude
#         unit: *id001
#         value: !astropy.table.SerializedColumn {name: SkyCoord.ra}
#         wrap_angle: !astropy.coordinates.Angle
#           unit: *id001
#           value: 360.0
#       representation_type: spherical
# schema: astropy-2.0
RA_ICRS_1 DE_ICRS_1 e_RA_ICRS e_DE_ICRS _r_1 HIP TYC2 Source rgeo Plx e_Plx pmRA pmDE e_pmRA e_pmDE RUWE Teff logg Gmag BP-RP BPmag RPmag RV e_RV b_rgeo B_rgeo FG e_FG FBP e_FBP FRP e_FRP RAVE5 RAVE6 e_Gmag e_BPmag e_RPmag e_BP-RP SkyCoord.ra SkyCoord.dec SkyCoord.distance SkyCoord.pm_ra_cosdec SkyCoord.pm_dec Pmemb
28.56394459866 62.36533162652 0.0087 0.0098 0.4395 "" 4036-2667-2 511734499943673344 2855.43823 0.3356 0.0151 -1.074 -0.239 0.01 0.011 1.098 16563.2 3.3695 10.804411 0.825031 11.124864 10.299832 "" "" 2744.51733 3000.90015 897805.59497 177.06 484700.0 231.3 601490.0 140.73 "" "" 0.002763627667157779 0.0028378675 0.0037879094 0.006625777 28.56394459866 62.36533162652 2855.43823 -1.074 -0.239 1.0
28.55384284919 62.37771967958 0.0088 0.0096 0.6659 "" 4036-2717-1 511737454881158784 2482.33276 0.3643 0.0144 -1.008 -0.312 0.01 0.011 1.129 16577.0 3.81 11.93382 0.73819 12.21311 11.47492 "" "" 2412.90088 2561.99683 317262.47967 105.92 177900.0 126.02 203790.0 143.8 "" "" 0.0027790611473721355 0.0028942316 0.0038562517 0.006750483 28.55384284919 62.37771967958 2482.33276 -1.008 -0.31199999999999994 1.0
28.62503654585 62.47474041163 0.0083 0.0094 6.8106 "" 4036-1237-1 511761644132108544 2623.00928 0.3483 0.014 -1.075 -0.136 0.01 0.011 1.064 16661.8 3.8848 12.029642 0.719604 12.304085 11.584481 "" "" 2531.66675 2737.86206 290462.35888 48.556 163600.0 70.638 184230.0 45.163 "" "" 0.0027612916839433424 0.002829278 0.0037887425 0.00661802 28.62503654585 62.47474041163 2623.00928 -1.075 -0.13599999999999998 1.0
28.5491238735 62.36535643946 0.0091 0.0102 0.0941 "" "" 511734121986551040 2751.74854 0.3321 0.0158 -1.017 -0.237 0.011 0.012 1.001 15000.6 4.1879 13.963186 0.913124 14.319521 13.406397 "" "" 2636.11133 2854.73169 48940.94236 7.0804 25563.0 30.916 34403.0 41.517 "" "" 0.0027597938810121603 0.0030837094 0.00400006 0.007083769 28.5491238735 62.36535643946 2751.74854 -1.0169999999999997 -0.23700000000000004 1.0
28.61415099041 62.41956111876 0.0111 0.0128 3.6488 "" "" 511758139444766080 2634.70996 0.349 0.019 -1.157 -0.08 0.013 0.014 1.303 12681.4 3.7172 14.033406 0.795635 14.339818 13.544183 "" "" 2516.97656 2769.70483 45875.8481 7.1663 25089.0 12.563 30303.0 12.537 "" "" 0.0027605352376446632 0.0028426438 0.0038059822 0.006648626 28.61415099041 62.41956111876 2634.70996 -1.157 -0.0800000000000001 0.9
28.55279789938 62.37928123634 0.0103 0.0112 0.7524 "" "" 511737454881156992 2513.52832 0.3705 0.0172 -0.987 -0.188 0.012 0.013 1.06 12125.9 3.9802 14.350385 0.897212 14.699945 13.802733 "" "" 2415.3252 2624.3042 34260.43355 6.6521 18007.0 24.612 23882.0 17.724 "" "" 0.0027633729493379317 0.0031602632 0.0038643247 0.007024588 28.55279789938 62.37928123634 2513.52832 -0.9869999999999999 -0.18800000000000003 1.0
28.53587117386 62.37184844038 0.0109 0.0123 0.4604 "" "" 511737076924044544 2669.41528 0.3465 0.0191 -1.024 -0.27 0.013 0.014 1.036 12350.3 4.1027 14.406043 1.005169 14.815738 13.810569 "" "" 2527.15845 2807.61987 32548.39867 7.6658 16185.0 18.264 23710.0 15.963 "" "" 0.0027671607013103157 0.0030473212 0.0038494237 0.006896745 28.53587117386 62.37184844038 2669.41528 -1.024 -0.26999999999999996 0.9
28.56551571395 62.38429238973 0.0106 0.0122 1.1457 "" "" 511734534303390592 2486.67969 0.3741 0.0182 -0.994 -0.174 0.012 0.014 0.981 11137.5 3.8322 14.439672 0.865022 14.780437 13.915416 "" "" 2395.56982 2606.15576 31555.70343 5.0399 16720.0 11.725 21527.0 15.032 "" "" 0.002760771564352807 0.002892187 0.0038546757 0.006746863 28.56551571395 62.38429238973 2486.67969 -0.994 -0.17400000000000007 1.0
28.55701459486 62.34948678822 0.0107 0.0119 1.0712 "" "" 511734121986569472 2618.83618 0.352 0.0185 -0.968 -0.272 0.013 0.014 1.022 11287.9 3.9632 14.531761 0.943982 14.910895 13.966913 "" "" 2520.62866 2770.98047 28989.60352 5.0151 14827.0 12.529 20530.0 12.377 "" "" 0.0027617148608862488 0.0029371383 0.0038356457 0.006772784 28.55701459486 62.34948678822 2618.83618 -0.968 -0.2720000000000001 1.0
28.42929568585 62.34601029916 0.0119 0.0135 3.5477 "" "" 511735702534545792 2500.77075 0.3756 0.0203 -1.112 -0.198 0.014 0.016 0.988 11198.6 3.9268 14.588384 0.950855 14.970275 14.01942 "" "" 2372.07202 2606.11572 27516.49605 9.3628 14038.0 18.418 19561.0 19.051 "" "" 0.0027799767826040232 0.0031327687 0.003924523 0.0070572915 28.42929568585 62.34601029916 2500.77075 -1.112 -0.1980000000000001 0.9
28.71563871006 62.39663591084 0.0109 0.0123 4.9791 "" "" 511757933286338176 2491.88403 0.374 0.0181 -1.055 -0.125 0.013 0.014 0.981 9005.3 3.6774 14.649334 1.008898 15.061575 14.052677 "" "" 2395.06812 2603.18555 26014.37098 4.2347 12906.0 11.213 18971.0 10.44 "" "" 0.0027609828433503634 0.0029453153 0.0038263204 0.0067716357 28.71563871006 62.39663591084 2491.88403 -1.055 -0.12500000000000006 1.0
28.50511395458 62.45101365288 0.0116 0.0137 5.189 "" "" 511737970277176064 2726.45874 0.3423 0.0203 -0.975 -0.287 0.014 0.016 0.99 10324.8 3.9146 14.732838 0.900852 15.084556 14.183703 "" "" 2568.90942 2864.64624 24088.60606 4.4156 12636.0 13.659 16814.0 19.6 "" "" 0.0027624987588657467 0.0030269574 0.00398567 0.007012627 28.50511395458 62.45101365288 2726.45874 -0.975 -0.28700000000000003 1.0
28.54681062186 62.36889010403 0.0125 0.0142 0.1285 "" "" 511737454881169920 2718.43848 0.343 0.0216 -0.912 -0.263 0.015 0.017 0.964 9950.3 3.6328 14.9276 0.952016 15.312791 14.360775 "" "" 2574.93628 2938.17773 20132.92364 3.5667 10240.0 11.514 14284.0 9.2533 "" "" 0.0027620258033051173 0.003045561 0.003844272 0.006889833 28.54681062186 62.36889010403 2718.43848 -0.9120000000000001 -0.26300000000000007 1.0
28.59075406953 62.2919660509 0.0127 0.0141 4.6475 "" "" 511733606590558592 2596.72388 0.3507 0.0214 -0.942 -0.201 0.015 0.016 0.976 7194.6 3.5166 14.944663 0.813573 15.25969 14.446117 "" "" 2471.9436 2756.0 19818.99152 3.9748 10753.0 10.449 13204.0 11.0 "" "" 0.0027639110767540337 0.0029829782 0.003886111 0.0068690893 28.59075406953 62.2919660509 2596.72388 -0.942 -0.201 1.0
28.54285655864 62.3639656661 0.0134 0.0155 0.2362 "" "" 511737076924053632 2721.57446 0.338 0.0232 -1.005 -0.19 0.015 0.018 1.016 10159.5 3.9057 15.031367 1.009733 15.437139 14.427405 "" "" 2583.71973 2892.47705 18297.84368 3.4458 9131.9 12.182 13434.0 8.2731 "" "" 0.0027628960300456165 0.0031436991 0.0038380718 0.006981771 28.54285655864 62.3639656661 2721.57446 -1.005 -0.18999999999999992 1.0
28.51474952289 62.430139192 0.013 0.0154 3.9088 "" "" 511737867198397056 2684.80786 0.3447 0.0226 -0.943 -0.197 0.015 0.018 1.008 9231.8 3.7521 15.038566 0.940343 15.415374 14.475031 "" "" 2532.59033 2818.03418 18176.92645 3.3222 9316.8 9.9984 12857.0 12.2 "" "" 0.002762456861989813 0.0030236833 0.003917289 0.006940972 28.51474952289 62.430139192 2684.80786 -0.9429999999999998 -0.19700000000000004 0.9
28.54595524054 62.34522575253 0.0128 0.0147 1.3024 "" "" 511734087626837248 2735.49243 0.3398 0.0224 -1.008 -0.183 0.015 0.017 0.934 9922.6 3.8024 15.065534 0.944939 15.445764 14.500825 "" "" 2562.51929 2910.4624 17731.00171 3.1368 9059.7 10.92 12555.0 8.5352 "" "" 0.002762007132854549 0.003081832 0.0038507837 0.006932616 28.54595524054 62.34522575253 2735.49243 -1.008 -0.18300000000000016 1.0
28.52576206641 62.37122113533 0.0162 0.0172 0.6842 "" "" 511737072622312832 2583.88647 0.3549 0.028 -1.03 -0.196 0.02 0.02 0.944 9937.7 3.9213 15.34844 1.124671 15.815782 14.691111 "" "" 2400.9248 2821.53882 13663.77439 3.0473 6443.2 8.8313 10537.0 9.2878 "" "" 0.0027659395887325955 0.0031622215 0.0038986679 0.007060889 28.52576206641 62.37122113533 2583.88647 -1.0300000000000002 -0.19600000000000006 0.9
28.74207301079 62.4317749747 0.015 0.0168 6.6409 "" "" 511758345603321728 2530.26221 0.3618 0.0248 -0.998 -0.136 0.017 0.019 0.98 8416.1 4.2668 15.358461 1.434682 16.005136 14.570455 "" "" 2386.09448 2723.16577 13538.23475 2.7095 5412.1 8.1607 11775.0 8.3227 "" "" 0.002763875339465072 0.0032350079 0.003856507 0.0070915148 28.74207301079 62.4317749747 2530.26221 -0.998 -0.1359999999999999 0.9
28.62838048682 62.37452917593 0.0157 0.0179 2.2688 "" "" 511734568663136000 2710.5791 0.3419 0.027 -1.044 -0.221 0.019 0.021 1.081 9243.2 4.1869 15.379757 1.096567 15.836701 14.740134 "" "" 2531.01929 2980.97656 13275.28363 2.843 6320.3 8.4651 10072.0 8.2549 "" "" 0.0027651137801212437 0.0031463779 0.0038827276 0.0070291054 28.62838048682 62.37452917593 2710.5791 -1.044 -0.22099999999999997 1.0
28.55922374144 62.38039408139 0.0156 0.0178 0.8627 "" "" 511737489240893184 2628.82837 0.3534 0.0261 -0.961 -0.181 0.017 0.02 0.97 9546.0 3.8748 15.410679 1.018042 15.825127 14.807085 "" "" 2461.82422 2795.31274 12902.54494 2.7973 6388.0 10.028 9469.4 8.2396 "" "" 0.0027653567311042514 0.0032695653 0.0038956697 0.007165235 28.55922374144 62.38039408139 2628.82837 -0.9610000000000001 -0.181 1.0
28.53636970887 62.3811019218 0.0155 0.0176 0.9167 "" "" 511737454881155328 2626.39966 0.355 0.0261 -0.928 -0.204 0.017 0.02 0.965 "" "" 15.412334 0.983214 15.812295 14.829081 "" "" 2468.63281 2847.62085 12882.89574 2.8054 6464.0 7.9738 9279.5 8.0816 "" "" 0.0027654455925974495 0.0030949733 0.0038958753 0.0069908486 28.53636970887 62.3811019218 2626.39966 -0.9280000000000002 -0.20399999999999996 1.0
28.56962254298 62.3787008266 0.0158 0.0177 0.9199 "" "" 511734534303395456 2815.09473 0.334 0.0267 -0.994 -0.214 0.018 0.02 0.984 9502.9 3.911 15.419694 1.041715 15.84895 14.807236 "" "" 2598.50049 3136.9397 12795.84808 2.7427 6249.4 9.7291 9468.1 6.8633 "" "" 0.0027651307322918623 0.0032622223 0.0038604601 0.0071226824 28.56962254298 62.3787008266 2815.09473 -0.9939999999999999 -0.21400000000000002 1.0
28.64490530577 62.38165499256 0.0164 0.019 2.824 "" "" 511734396864436224 2806.84009 0.3329 0.0279 -0.922 -0.163 0.02 0.023 1.082 9258.8 3.884 15.426095 0.926557 15.792958 14.866402 "" "" 2632.73413 3058.89551 12720.63478 3.1763 6580.1 8.7547 8966.0 19.275 "" "" 0.002768625500809788 0.0031419385 0.004442045 0.0075839832 28.64490530577 62.38165499256 2806.84009 -0.9219999999999999 -0.16300000000000006 0.9
28.56318589527 62.27782839325 0.0174 0.0194 5.3599 "" "" 511732197841304576 2369.75391 0.3996 0.0288 -1.041 -0.004 0.02 0.022 1.007 8202.5 4.0814 15.655753 1.067009 16.096128 15.02912 "" "" 2200.66748 2542.69678 10295.45618 2.3853 4977.0 8.5477 7718.1 8.7353 "" "" 0.0027667790010448214 0.003355906 0.003974135 0.0073300414 28.56318589527 62.27782839325 2369.75391 -1.041 -0.0040000000000000365 0.9
28.33927354615 62.3180717104 0.0186 0.0211 6.5226 "" "" 511735977412489600 2042.4436 0.4643 0.0323 -1.035 -0.158 0.022 0.024 1.009 9255.0 3.9801 15.726324 1.25895 16.26934 15.01039 "" "" 1922.6814 2180.45947 9647.54847 2.4854 4243.1 7.3101 7852.4 8.598 "" "" 0.002769481092000646 0.0033591555 0.003961949 0.0073211044 28.33927354615 62.3180717104 2042.4436 -1.035 -0.15800000000000003 0.8
28.58552342905 62.26537655809 0.0208 0.0222 6.1781 "" "" 511732129121841152 2623.38477 0.3563 0.0337 -1.326 -0.04 0.024 0.025 1.1 9243.5 4.0603 15.759681 1.021114 16.179354 15.158239 "" "" 2396.76489 2829.1687 9355.6629 2.378 4609.7 7.6701 6852.7 6.3412 "" "" 0.002769106127235636 0.0033239601 0.0039106444 0.0072346046 28.58552342905 62.26537655809 2623.38477 -1.326 -0.03999999999999996 1.0
28.53948135544 62.36514588129 0.0209 0.0233 0.2726 "" "" 511737076924052480 2243.35278 0.4212 0.0366 -0.94 -0.279 0.025 0.027 1.011 9323.5 4.0499 15.996946 1.194336 16.507143 15.312807 "" "" 2090.64746 2418.91138 7519.14253 2.21 3408.5 7.5841 5943.4 6.5882 "" "" 0.002773738322762894 0.0036906975 0.0039663846 0.007657082 28.53948135544 62.36514588129 2243.35278 -0.94 -0.2789999999999999 0.8
28.49057100057 62.33943466534 0.0203 0.023 2.3062 "" "" 511736905125394176 2252.44116 0.4235 0.0357 -0.982 -0.089 0.024 0.026 1.011 7562.2 3.5681 16.028385 1.304474 16.601887 15.297413 "" "" 2083.85352 2450.75879 7304.53405 2.0759 3123.6 6.1331 6028.3 8.6832 "" "" 0.002772543609464521 0.003511363 0.0040901727 0.007601536 28.49057100057 62.33943466534 2252.44116 -0.982 -0.08899999999999998 0.9
