Clusters/Berkeley_7/Berkeley_7_stars_in_region.tsv
# %ECSV 1.0
# ---
# datatype:
# - name: RA_ICRS_1
#   unit: deg
#   datatype: float64
#   format: '{:15.11f}'
#   description: Right ascension (ICRS) at Ep=2016.0 (ra)
#   meta: !!omap
#   - {ucd: POS_EQ_RA_MAIN}
#   - {width: 15}
#   - {precision: '11'}
# - name: DE_ICRS_1
#   unit: deg
#   datatype: float64
#   format: '{:15.11f}'
#   description: Declination (ICRS) at Ep=2016.0 (dec)
#   meta: !!omap
#   - {ucd: POS_EQ_DEC_MAIN}
#   - {width: 15}
#   - {precision: '11'}
# - name: e_RA_ICRS
#   unit: mas
#   datatype: float64
#   format: '{:7.4f}'
#   description: Standard error of right ascension (ra_error)
#   meta: !!omap
#   - {ucd: ERROR}
#   - {width: 7}
#   - {precision: '4'}
# - name: e_DE_ICRS
#   unit: mas
#   datatype: float64
#   format: '{:7.4f}'
#   description: Standard error of declination (dec_error)
#   meta: !!omap
#   - {ucd: ERROR}
#   - {width: 7}
#   - {precision: '4'}
# - name: _r_1
#   unit: ''
#   datatype: float64
#   format: '{:7.4f}'
#   description: Distance from center (028.54851794000+62.36689958000)[ICRS], at Epoch=J2016.0
#   meta: !!omap
#   - {ucd: POS_ANG_DIST_GENERAL}
#   - {width: 7}
#   - {precision: '4'}
# - name: HIP
#   datatype: int32
#   description: '? HIP cross-id number, van Leeuwen, Cat. I/311 (hip_original_ext_source_id)'
#   meta: !!omap
#   - {ucd: ID_NUMBER}
#   - {width: 6}
#   - values: {'null': -2147483648}
# - name: TYC2
#   datatype: string
#   description: Tycho-2 cross-id name, Hog et al., Cat. I/259 (tyc2_original_ext_source_id)
#   meta: !!omap
#   - {ucd: ID_CROSSID}
#   - {_votable_string_dtype: char}
# - name: Source
#   datatype: int64
#   description: Source identifier, identical to the Gaia-EDR3 source_id (id)
#   meta: !!omap
#   - {ucd: ID_MAIN}
#   - {width: 19}
# - name: rgeo
#   unit: pc
#   datatype: float64
#   format: '{:15.8f}'
#   description: '? Median of the geometric distance posterior (r_med_geo)'
#   meta: !!omap
#   - {ucd: PHYS_DISTANCE_TRUE}
#   - {width: 15}
#   - {precision: '8'}
#   - values: {'null': .nan}
# - name: Plx
#   unit: mas
#   datatype: float64
#   format: '{:9.4f}'
#   description: '? Parallax (parallax)'
#   meta: !!omap
#   - {ucd: POS_PARLX_TRIG}
#   - {width: 9}
#   - {precision: '4'}
#   - values: {'null': .nan}
# - name: e_Plx
#   unit: mas
#   datatype: float32
#   format: '{:7.4f}'
#   description: '? Standard error of parallax (parallax_error)'
#   meta: !!omap
#   - {ucd: ERROR}
#   - {width: 7}
#   - {precision: '4'}
#   - values: {'null': .nan}
# - name: pmRA
#   unit: mas / yr
#   datatype: float64
#   format: '{:9.3f}'
#   description: '? Proper motion in right ascension direction, pmRA*cosDE (pmra)'
#   meta: !!omap
#   - {ucd: POS_EQ_PMRA}
#   - {width: 9}
#   - {precision: '3'}
#   - values: {'null': .nan}
# - name: pmDE
#   unit: mas / yr
#   datatype: float64
#   format: '{:9.3f}'
#   description: '? Proper motion in declination direction (pmdec)'
#   meta: !!omap
#   - {ucd: POS_EQ_PMDEC}
#   - {width: 9}
#   - {precision: '3'}
#   - values: {'null': .nan}
# - name: e_pmRA
#   unit: mas / yr
#   datatype: float32
#   format: '{:6.3f}'
#   description: '? Standard error of proper motion in right ascension direction (pmra_error)'
#   meta: !!omap
#   - {ucd: ERROR}
#   - {width: 6}
#   - {precision: '3'}
#   - values: {'null': .nan}
# - name: e_pmDE
[...]
#         unit: &id001 !astropy.units.Unit {unit: deg}
#         value: !astropy.table.SerializedColumn {name: SkyCoord.dec}
#       distance: !astropy.table.SerializedColumn
#         __class__: astropy.coordinates.distances.Distance
#         unit: !astropy.units.Unit {unit: pc}
#         value: !astropy.table.SerializedColumn {name: SkyCoord.distance}
#       frame: icrs
#       obstime: !astropy.time.Time {format: jyear_str, in_subfmt: '*', jd1: 367701545.0, jd2: 0.0, out_subfmt: '*', precision: 3, scale: tt}
#       pm_dec: !astropy.table.SerializedColumn
#         __class__: astropy.units.quantity.Quantity
#         unit: !astropy.units.Unit {unit: mas / yr}
#         value: !astropy.table.SerializedColumn {name: SkyCoord.pm_dec}
#       pm_ra_cosdec: !astropy.table.SerializedColumn
#         __class__: astropy.units.quantity.Quantity
#         unit: !astropy.units.Unit {unit: mas / yr}
#         value: !astropy.table.SerializedColumn {name: SkyCoord.pm_ra_cosdec}
#       ra: !astropy.table.SerializedColumn
#         __class__: astropy.coordinates.angles.Longitude
#         unit: *id001
#         value: !astropy.table.SerializedColumn {name: SkyCoord.ra}
#         wrap_angle: !astropy.coordinates.Angle
#           unit: *id001
#           value: 360.0
#       representation_type: spherical
# schema: astropy-2.0
RA_ICRS_1 DE_ICRS_1 e_RA_ICRS e_DE_ICRS _r_1 HIP TYC2 Source rgeo Plx e_Plx pmRA pmDE e_pmRA e_pmDE RUWE Teff logg Gmag BP-RP BPmag RPmag RV e_RV b_rgeo B_rgeo FG e_FG FBP e_FBP FRP e_FRP RAVE5 RAVE6 e_Gmag e_BPmag e_RPmag e_BP-RP SkyCoord.ra SkyCoord.dec SkyCoord.distance SkyCoord.pm_ra_cosdec SkyCoord.pm_dec
[from data line 162]
28.21810581139 62.24126969338 0.0154 0.0171 11.9045 "" "" 511729449062289920 2237.21216 0.4136 0.0257 -2.283 -0.243 0.018 0.02 1.037 7199.3 3.4126 15.366219 1.137192 15.846903 14.709711 "" "" 2104.77563 2382.40601 13441.85074 2.6204 6261.2 8.0517 10358.0 11.582 "" "" 0.0027634377371297337 0.003120013 0.003969586 0.007089599 28.21810581139 62.24126969338 2237.21216 -2.283 -0.24300000000000008
28.98240753842 62.25689988125 0.016 0.0173 13.7799 "" "" 508752933651387008 2828.53979 0.3173 0.0274 -0.615 -1.802 0.018 0.019 1.022 7892.5 3.3653 15.372486 1.467675 16.038017 14.570342 "" "" 2605.41138 3022.62695 13364.49297 2.9052 5250.6 7.0509 11777.0 9.4155 "" "" 0.0027654103852424493 0.003148148 0.0038777825 0.0070259306 28.98240753842 62.25689988125 2828.53979 -0.6150000000000001 -1.802
28.35784859321 62.57363111965 0.0146 0.0171 13.4839 "" "" 511774700838606080 1933.26111 0.4915 0.024 -2.029 0.507 0.018 0.02 0.999 7741.1 4.2729 15.372997 1.21281 15.895792 14.682982 "" "" 1849.91699 2026.65222 13358.19506 5.3895 5985.5 11.436 10616.0 10.196 "" "" 0.0027899244415283703 0.003476822 0.0039206017 0.0073974235 28.35784859321 62.57363111965 1933.26111 -2.029 0.5069999999999999
29.00238516946 62.30240917437 0.0181 0.0206 13.2228 "" "" 508753655205840256 2039.26758 0.4659 0.03 -1.362 -0.037 0.022 0.023 1.225 "" "" 15.375925 1.052337 15.745105 14.692768 "" "" 1917.70239 2172.02246 13322.22769 3.6822 6876.6 80.869 10521.0 206.3 "" "" 0.0027716141106702828 0.01306959 0.021622412 0.034692 29.00238516946 62.30240917437 2039.26758 -1.362 -0.037000000000000054
28.62838048682 62.37452917593 0.0157 0.0179 2.2688 "" "" 511734568663136000 2710.5791 0.3419 0.027 -1.044 -0.221 0.019 0.021 1.081 9243.2 4.1869 15.379757 1.096567 15.836701 14.740134 "" "" 2531.01929 2980.97656 13275.28363 2.843 6320.3 8.4651 10072.0 8.2549 "" "" 0.0027651137801212437 0.0031463779 0.0038827276 0.0070291054 28.62838048682 62.37452917593 2710.5791 -1.044 -0.22099999999999997
28.30888339667 62.48505898469 0.0154 0.018 9.7241 "" "" 511750717743584000 2133.04956 0.439 0.0257 -1.117 -0.604 0.018 0.02 0.984 9252.6 4.0658 15.385116 1.030654 15.807852 14.777198 "" "" 2013.30627 2275.57178 13209.92464 3.356 6490.5 9.7781 9733.7 9.8833 "" "" 0.002769092474790101 0.0032342735 0.003936885 0.0071711587 28.30888339667 62.48505898469 2133.04956 -1.1169999999999998 -0.604
28.65363734739 62.23348817916 0.0166 0.0169 8.5247 "" "" 511731098329721984 2697.98438 0.3469 0.0259 -0.967 -0.231 0.019 0.02 1.007 9393.4 3.8648 15.398636 0.859046 15.740085 14.881039 "" "" 2523.92188 2886.77563 13046.45361 2.7184 6908.5 9.5649 8845.9 9.5345 "" "" 0.0027645918750969487 0.0031693378 0.003956415 0.007125753 28.65363734739 62.23348817916 2697.98438 -0.967 -0.231
28.56286297122 62.57305820906 0.0153 0.0182 12.3759 "" "" 511764461636569216 2667.36792 0.3476 0.0263 -0.796 -0.263 0.018 0.021 0.933 9308.8 3.5231 15.40213 1.062524 15.836561 14.774037 "" "" 2465.48193 2839.85522 13004.53579 2.8258 6321.1 10.7 9762.1 7.5889 "" "" 0.0027654021801463793 0.003341081 0.0038724826 0.0072135637 28.56286297122 62.57305820906 2667.36792 -0.7959999999999999 -0.2629999999999999
28.27907775836 62.37265954745 0.0152 0.0176 7.5053 "" "" 511736733326673024 2312.61279 0.3999 0.0263 -0.873 0.06 0.018 0.02 1.007 8804.7 3.5186 15.405881 1.199258 15.917851 14.718593 "" "" 2159.62402 2501.4082 12959.67895 2.702 5865.1 8.3957 10274.0 8.1267 "" "" 0.0027646034005466688 0.0031938339 0.0038757306 0.0070695644 28.27907775836 62.37265954745 2312.61279 -0.8730000000000001 0.059999999999999984
28.55767646229 62.15327181236 0.0165 0.017 12.8202 "" "" 511724501260040960 2518.77563 0.3676 0.0258 1.075 -2.272 0.019 0.02 1.02 5285.2 3.2655 15.408115 1.717753 16.226704 14.508951 "" "" 2360.66724 2679.9668 12933.03369 2.6899 4413.0 8.2862 12462.0 9.5504 "" "" 0.002764558466056542 0.0034556044 0.0038698916 0.007325496 28.55767646229 62.15327181236 2518.77563 1.0749999999999997 -2.272
28.8215302022 62.240918727 0.0299 0.0322 10.7285 "" "" 508729981344891264 2034.10657 0.4664 0.049 4.113 -4.237 0.034 0.036 1.871 6922.7 3.734 15.409724 1.431044 16.05439 14.623346 "" "" 1848.92896 2270.64575 12913.88757 2.6312 5172.0 8.5933 11216.0 9.6028 "" "" 0.0027641864933756043 0.0033225447 0.0038920222 0.0072145667 28.8215302022 62.240918727 2034.10657 4.1129999999999995 -4.237
28.43928927715 62.43460415231 0.4878 0.5547 5.0716 "" "" 511738588752479744 2555.8855 0.8415 0.8312 -9.165 11.289 0.569 0.625 30.98 "" "" 15.410364 1.561567 15.8979 14.336332 -29.54 7.37 1211.8158 5206.47607 12906.28092 60.684 5973.9 9.0523 14609.0 8.8649 "" "" 0.005801121372246476 0.0032391069 0.0038363775 0.0070754844 28.43928927715 62.43460415231 2555.8855 -9.165 11.289000000000001
28.55922374144 62.38039408139 0.0156 0.0178 0.8627 "" "" 511737489240893184 2628.82837 0.3534 0.0261 -0.961 -0.181 0.017 0.02 0.97 9546.0 3.8748 15.410679 1.018042 15.825127 14.807085 "" "" 2461.82422 2795.31274 12902.54494 2.7973 6388.0 10.028 9469.4 8.2396 "" "" 0.0027653567311042514 0.0032695653 0.0038956697 0.007165235 28.55922374144 62.38039408139 2628.82837 -0.9610000000000001 -0.181
28.53636970887 62.3811019218 0.0155 0.0176 0.9167 "" "" 511737454881155328 2626.39966 0.355 0.0261 -0.928 -0.204 0.017 0.02 0.965 "" "" 15.412334 0.983214 15.812295 14.829081 "" "" 2468.63281 2847.62085 12882.89574 2.8054 6464.0 7.9738 9279.5 8.0816 "" "" 0.0027654455925974495 0.0030949733 0.0038958753 0.0069908486 28.53636970887 62.3811019218 2626.39966 -0.9280000000000002 -0.20399999999999996
28.56962254298 62.3787008266 0.0158 0.0177 0.9199 "" "" 511734534303395456 2815.09473 0.334 0.0267 -0.994 -0.214 0.018 0.02 0.984 9502.9 3.911 15.419694 1.041715 15.84895 14.807236 "" "" 2598.50049 3136.9397 12795.84808 2.7427 6249.4 9.7291 9468.1 6.8633 "" "" 0.0027651307322918623 0.0032622223 0.0038604601 0.0071226824 28.56962254298 62.3787008266 2815.09473 -0.9939999999999999 -0.21400000000000002
28.64490530577 62.38165499256 0.0164 0.019 2.824 "" "" 511734396864436224 2806.84009 0.3329 0.0279 -0.922 -0.163 0.02 0.023 1.082 9258.8 3.884 15.426095 0.926557 15.792958 14.866402 "" "" 2632.73413 3058.89551 12720.63478 3.1763 6580.1 8.7547 8966.0 19.275 "" "" 0.002768625500809788 0.0031419385 0.004442045 0.0075839832 28.64490530577 62.38165499256 2806.84009 -0.9219999999999999 -0.16300000000000006
28.27118840638 62.2187777786 0.0164 0.018 11.7831 "" "" 511728624428589568 2634.09009 0.3517 0.0282 -1.859 -0.203 0.019 0.021 0.979 9225.1 3.5988 15.451097 0.842594 15.782736 14.940142 "" "" 2442.28564 2828.92651 12431.05854 2.8283 6642.4 6.9072 8377.3 9.3646 "" "" 0.0027663714448811026 0.0030099389 0.003969481 0.00697942 28.27118840638 62.2187777786 2634.09009 -1.8589999999999998 -0.2029999999999999
28.2102982457 62.23414778554 0.0207 0.0235 12.346 "" "" 511729449065609472 2347.68115 0.3976 0.0345 -2.75 0.494 0.024 0.027 1.077 6463.4 3.7353 15.494069 1.891128 16.42586 14.534731 -5.27 7.2 2178.85767 2549.62183 11948.66203 2.8575 3673.4 8.4295 12169.0 10.069 "" "" 0.0027675274960937634 0.0037406597 0.0038846876 0.007625347 28.2102982457 62.23414778554 2347.68115 -2.75 0.494
28.48349537487 62.58389554155 0.0168 0.0202 13.144 "" "" 511763224685983104 2693.97021 0.3445 0.0279 -1.922 -0.267 0.02 0.023 1.047 9757.2 4.1644 15.519284 1.069485 15.813743 14.744258 "" "" 2517.10474 2879.76709 11674.36121 4.5981 6455.4 78.663 10034.0 93.811 "" "" 0.002788307374844938 0.0135213705 0.010831631 0.024353001 28.48349537487 62.58389554155 2693.97021 -1.922 -0.26699999999999974
28.53865994769 62.24222685803 0.0173 0.0192 7.4854 "" "" 511731957323175808 2547.69873 0.3658 0.0283 -2.279 0.541 0.021 0.022 1.008 7385.8 3.4072 15.545728 1.256565 16.087852 14.831287 "" "" 2389.38745 2750.35889 11393.45903 2.816 5015.1 7.8411 9260.7 8.8154 "" "" 0.002768357101299825 0.0032659932 0.0039181514 0.0071841446 28.53865994769 62.24222685803 2547.69873 -2.2789999999999995 0.5409999999999999
29.02523354001 62.21809193509 0.0173 0.0201 16.0182 "" "" 508749875634705408 2464.10693 0.3787 0.0302 -1.11 0.922 0.019 0.022 0.991 6648.9 3.8026 15.552747 1.547459 16.265522 14.718063 "" "" 2318.00317 2666.71655 11320.04172 2.7851 4258.0 7.8725 10279.0 8.393 "" "" 0.0027682387910608415 0.0034372453 0.003881965 0.00731921 29.02523354001 62.21809193509 2464.10693 -1.11 0.922
28.52503028249 62.11490878404 0.0171 0.0183 15.1337 "" "" 511724329461379840 2488.03101 0.3727 0.0284 3.515 1.82 0.02 0.022 1.011 8759.4 4.202 15.558648 1.147182 16.044811 14.89763 "" "" 2353.39429 2641.46143 11258.68315 2.6252 5217.9 8.9029 8711.8 6.8589 "" "" 0.002766926196075602 0.003349154 0.003874846 0.007224 28.52503028249 62.11490878404 2488.03101 3.5150000000000006 1.82
28.55576133322 62.39088996205 0.0165 0.019 1.4535 "" "" 511737489240884992 2501.41895 0.3691 0.0281 -1.159 -0.396 0.019 0.021 0.996 9413.4 3.7093 15.57128 1.122885 16.04063 14.917746 "" "" 2358.82056 2672.9353 11128.45266 2.7742 5238.0 11.707 8551.8 9.2068 "" "" 0.0027685821858962597 0.0036977837 0.0039560134 0.007653797 28.55576133322 62.39088996205 2501.41895 -1.1590000000000003 -0.396
28.74638335261 62.23193948539 0.0188 0.0204 9.7993 "" "" 508730118783847936 2793.15063 0.3312 0.0322 -1.18 -2.019 0.022 0.024 0.997 6093.3 2.9654 15.579092 1.875729 16.500349 14.62462 "" "" 2520.58057 3088.0271 11048.67203 2.616 3429.9 6.749 11202.0 8.512 "" "" 0.0027672864975838837 0.0035141495 0.003868381 0.0073825307 28.74638335261 62.23193948539 2793.15063 -1.1800000000000002 -2.019
28.359263699 62.13520746522 0.0248 0.0266 14.8729 "" "" 511725119735351168 2491.05688 0.3704 0.0404 -2.76 0.398 0.03 0.032 1.426 7192.7 3.4766 15.579799 1.112477 16.042334 14.929856 "" "" 2240.53223 2814.21191 11041.4826 3.3398 5229.8 6.5542 8457.0 7.8557 "" "" 0.0027748230616101606 0.0031042749 0.003911634 0.007015909 28.359263699 62.13520746522 2491.05688 -2.76 0.398
28.85657490225 62.22391161891 0.0195 0.0201 12.1427 "" "" 508729156711174784 2831.14331 0.326 0.0307 -1.506 -0.278 0.022 0.023 1.045 9449.7 4.1045 15.579855 1.02886 16.001534 14.972673 "" "" 2639.17114 3128.04004 11040.90966 2.7686 5430.0 9.0899 8130.0 9.1917 "" "" 0.002768738608299512 0.003329939 0.0039737313 0.00730367 28.85657490225 62.22391161891 2831.14331 -1.506 -0.278
28.37873593053 62.12883160942 0.0179 0.0191 15.0511 "" "" 511725119738607232 2573.17578 0.3607 0.0288 -2.156 -0.238 0.022 0.023 1.013 9392.8 4.2111 15.602826 1.034276 16.02927 14.994994 "" "" 2415.20776 2749.55298 10809.77033 2.5803 5293.1 7.4994 7964.5 7.1445 "" "" 0.002767481965370149 0.0031861279 0.0039028593 0.007088987 28.37873593053 62.12883160942 2573.17578 -2.156 -0.23800000000000007
28.61626969271 62.47766824159 0.0166 0.0191 6.9074 "" "" 511761712857541504 2558.5061 0.3648 0.0285 -0.881 -0.142 0.02 0.022 1.002 9261.4 3.9591 15.604636 0.95869 15.99062 15.03193 "" "" 2351.58594 2763.30176 10791.76105 2.5543 5484.9 8.2176 7698.1 6.7625 "" "" 0.002767278358244297 0.003229724 0.0038978742 0.007127598 28.61626969271 62.47766824159 2558.5061 -0.881 -0.14200000000000002
28.83304091627 62.58845984208 0.0166 0.02 15.458 "" "" 511766866818405376 2556.46191 0.359 0.0285 -1.002 -0.363 0.02 0.023 0.996 7907.1 3.4236 15.615169 1.261543 16.163101 14.901558 "" "" 2407.8374 2761.33276 10687.58209 3.6173 4679.3 12.847 8680.3 12.307 "" "" 0.002779717298741308 0.0040829796 0.0040808544 0.008163834 28.83304091627 62.58845984208 2556.46191 -1.002 -0.36299999999999993
28.82577490136 62.32467205544 0.0178 0.0194 8.1261 "" "" 508754273681118080 2479.05762 0.3744 0.0292 -1.067 -0.248 0.02 0.022 1.032 8360.2 3.6307 15.61797 1.098268 16.077806 14.979539 "" "" 2311.78516 2638.8584 10660.03459 2.401 5061.7 8.2545 8078.7 7.8714 "" "" 0.0027661510087782946 0.0033045493 0.0039246436 0.007229193 28.82577490136 62.32467205544 2479.05762 -1.0670000000000002 -0.24799999999999991
28.44612962098 62.51841905221 0.0187 0.0218 9.5251 "" "" 511762606210725120 2020.34546 0.4636 0.0317 -0.468 -1.558 0.023 0.025 1.141 7205.0 4.0738 15.619221 1.4894 16.298067 14.808667 "" "" 1919.8512 2202.67383 10647.76577 2.6569 4132.3 8.8143 9455.6 8.0625 "" "" 0.0027686074183768026 0.0036260795 0.0038911162 0.007517196 28.44612962098 62.51841905221 2020.34546 -0.46799999999999997 -1.5579999999999998
27.99866605547 62.44450788234 0.0168 0.0197 15.9754 "" "" 511752332647832576 2630.58911 0.36 0.0289 -0.945 -0.866 0.02 0.022 0.989 7274.0 3.5952 15.620037 1.633058 16.38547 14.752411 "" "" 2429.79321 2828.57861 10639.75885 2.6018 3812.7 7.1097 9958.5 7.2612 "" "" 0.002768082416542309 0.003447336 0.0038614054 0.007308741 27.99866605547 62.44450788234 2630.58911 -0.945 -0.8659999999999999
28.38695752417 62.54155236098 0.0161 0.0189 11.3978 "" "" 511774322881499648 2555.91602 0.3647 0.0274 -1.356 -0.018 0.019 0.022 1.015 8766.4 3.8973 15.631512 0.934408 16.004938 15.07053 "" "" 2393.81055 2716.94165 10527.90526 2.3218 5413.0 9.4614 7429.3 10.748 "" "" 0.0027657049135093362 0.003374396 0.0040927925 0.0074671884 28.38695752417 62.54155236098 2555.91602 -1.3559999999999999 -0.018000000000000033
28.22719087503 62.17508283166 0.0182 0.02 14.5921 "" "" 511728452629943936 2786.70825 0.3374 0.0305 -1.391 -1.589 0.023 0.023 0.994 7994.3 4.1407 15.632904 1.423181 16.249784 14.826604 "" "" 2552.6814 3061.31738 10514.41946 2.821 4320.2 19.245 9300.7 25.032 "" "" 0.0027706760426728424 0.0055836863 0.0047773165 0.010361003 28.22719087503 62.17508283166 2786.70825 -1.391 -1.5889999999999995
28.22364052886 62.18451968576 0.0189 0.0209 14.2119 "" "" 511728452629936128 2790.75586 0.3364 0.0326 0.065 -0.708 0.023 0.024 1.008 8606.6 3.5273 15.634489 0.989311 16.039734 15.050423 "" "" 2556.12378 3156.63599 10499.07405 2.5081 5242.3 9.5373 7568.1 8.2561 "" "" 0.0027675009873822203 0.003418591 0.003960634 0.0073792255 28.22364052886 62.18451968576 2790.75586 0.06500000000000006 -0.7079999999999999
28.22687855107 62.17443738566 0.0187 0.0206 14.628 "" "" 511728452629944064 2041.21875 0.4569 0.0314 -0.735 -1.299 0.024 0.024 1.055 "" "" 15.638828 1.238601 16.149416 14.910815 "" "" 1928.01587 2168.229 10457.20249 2.7073 4738.6 13.595 8606.6 38.282 "" "" 0.0027696210773256575 0.0041818735 0.0061323894 0.010314263 28.22687855107 62.17443738566 2041.21875 -0.7350000000000001 -1.2990000000000002
28.05509169765 62.33668027298 0.0173 0.0204 13.8573 "" "" 511742986799107456 2652.2002 0.3449 0.0294 -0.902 0.754 0.021 0.023 0.964 7929.4 2.9761 15.640064 1.263797 16.189476 14.925679 "" "" 2460.66162 2832.42749 10445.30015 2.5542 4567.0 8.9481 8489.6 8.3445 "" "" 0.0027680819387440685 0.0035086118 0.0039271615 0.0074357735 28.05509169765 62.33668027298 2652.2002 -0.9019999999999998 0.7539999999999999
28.29275249505 62.52698265849 0.0176 0.0208 11.9434 "" "" 511751130056936576 2035.56274 0.457 0.0299 -1.093 -0.038 0.02 0.024 1.002 6234.5 3.5125 15.646949 1.961426 16.626974 14.665548 "" "" 1946.26782 2155.83691 10379.28431 3.8545 3052.3 7.4797 10788.0 12.878 "" "" 0.0027846656790429126 0.0038553723 0.0039954414 0.007850814 28.29275249505 62.52698265849 2035.56274 -1.093 -0.03800000000000005
28.6264901713 62.33670957439 0.017 0.0194 2.8274 "" "" 511734225065797120 2678.77002 0.3313 0.0293 -1.261 0.819 0.02 0.022 1.007 4794.0 2.8877 15.650675 2.481438 17.002024 14.520586 "" "" 2482.99268 2893.53906 10343.71795 3.0476 2160.8 6.2343 12329.0 9.9293 "" "" 0.0027738279232848734 0.004194984 0.0038792165 0.008074201 28.6264901713 62.33670957439 2678.77002 -1.261 0.8190000000000002
28.56318589527 62.27782839325 0.0174 0.0194 5.3599 "" "" 511732197841304576 2369.75391 0.3996 0.0288 -1.041 -0.004 0.02 0.022 1.007 8202.5 4.0814 15.655753 1.067009 16.096128 15.02912 "" "" 2200.66748 2542.69678 10295.45618 2.3853 4977.0 8.5477 7718.1 8.7353 "" "" 0.0027667790010448214 0.003355906 0.003974135 0.0073300414 28.56318589527 62.27782839325 2369.75391 -1.041 -0.0040000000000000365
