Clusters/NGC_2264/NGC_2264_members.tsv
# %ECSV 1.0
# ---
# datatype:
# - name: RA_ICRS_1
#   unit: deg
#   datatype: float64
#   format: '{:15.11f}'
#   description: Right ascension (ICRS) at Ep=2016.0 (ra)
#   meta: !!omap
#   - {ucd: POS_EQ_RA_MAIN}
#   - {width: 15}
#   - {precision: '11'}
# - name: DE_ICRS_1
#   unit: deg
#   datatype: float64
#   format: '{:15.11f}'
#   description: Declination (ICRS) at Ep=2016.0 (dec)
#   meta: !!omap
#   - {ucd: POS_EQ_DEC_MAIN}
#   - {width: 15}
#   - {precision: '11'}
# - name: e_RA_ICRS
#   unit: mas
#   datatype: float64
#   format: '{:7.4f}'
#   description: Standard error of right ascension (ra_error)
#   meta: !!omap
#   - {ucd: ERROR}
#   - {width: 7}
#   - {precision: '4'}
# - name: e_DE_ICRS
#   unit: mas
#   datatype: float64
#   format: '{:7.4f}'
#   description: Standard error of declination (dec_error)
#   meta: !!omap
#   - {ucd: ERROR}
#   - {width: 7}
#   - {precision: '4'}
# - name: _r_1
#   unit: ''
#   datatype: float64
#   format: '{:7.4f}'
#   description: Distance from center (100.21400662000+09.88059411000)[ICRS], at Epoch=J2016.0
#   meta: !!omap
#   - {ucd: POS_ANG_DIST_GENERAL}
#   - {width: 7}
#   - {precision: '4'}
# - name: HIP
#   datatype: int32
#   description: '? HIP cross-id number, van Leeuwen, Cat. I/311 (hip_original_ext_source_id)'
#   meta: !!omap
#   - {ucd: ID_NUMBER}
#   - {width: 6}
#   - values: {'null': -2147483648}
# - name: TYC2
#   datatype: string
#   description: Tycho-2 cross-id name, Hog et al., Cat. I/259 (tyc2_original_ext_source_id)
#   meta: !!omap
#   - {ucd: ID_CROSSID}
#   - {_votable_string_dtype: char}
# - name: Source
#   datatype: int64
#   description: Source identifier, identical to the Gaia-EDR3 source_id (id)
#   meta: !!omap
#   - {ucd: ID_MAIN}
#   - {width: 19}
# - name: rgeo
#   unit: pc
#   datatype: float64
#   format: '{:15.8f}'
#   description: '? Median of the geometric distance posterior (r_med_geo)'
#   meta: !!omap
#   - {ucd: PHYS_DISTANCE_TRUE}
#   - {width: 15}
#   - {precision: '8'}
#   - values: {'null': .nan}
# - name: Plx
#   unit: mas
#   datatype: float64
#   format: '{:9.4f}'
#   description: '? Parallax (parallax)'
#   meta: !!omap
#   - {ucd: POS_PARLX_TRIG}
#   - {width: 9}
#   - {precision: '4'}
#   - values: {'null': .nan}
# - name: e_Plx
#   unit: mas
#   datatype: float32
#   format: '{:7.4f}'
#   description: '? Standard error of parallax (parallax_error)'
#   meta: !!omap
#   - {ucd: ERROR}
#   - {width: 7}
#   - {precision: '4'}
#   - values: {'null': .nan}
# - name: pmRA
#   unit: mas / yr
#   datatype: float64
#   format: '{:9.3f}'
#   description: '? Proper motion in right ascension direction, pmRA*cosDE (pmra)'
#   meta: !!omap
#   - {ucd: POS_EQ_PMRA}
#   - {width: 9}
#   - {precision: '3'}
#   - values: {'null': .nan}
# - name: pmDE
#   unit: mas / yr
#   datatype: float64
#   format: '{:9.3f}'
#   description: '? Proper motion in declination direction (pmdec)'
#   meta: !!omap
#   - {ucd: POS_EQ_PMDEC}
#   - {width: 9}
#   - {precision: '3'}
#   - values: {'null': .nan}
# - name: e_pmRA
#   unit: mas / yr
#   datatype: float32
#   format: '{:6.3f}'
#   description: '? Standard error of proper motion in right ascension direction (pmra_error)'
#   meta: !!omap
#   - {ucd: ERROR}
#   - {width: 6}
#   - {precision: '3'}
#   - values: {'null': .nan}
# - name: e_pmDE
[...]
#       distance: !astropy.table.SerializedColumn
#         __class__: astropy.coordinates.distances.Distance
#         unit: !astropy.units.Unit {unit: pc}
#         value: !astropy.table.SerializedColumn {name: SkyCoord.distance}
#       frame: icrs
#       obstime: !astropy.time.Time {format: jyear_str, in_subfmt: '*', jd1: 367701545.0, jd2: 0.0, out_subfmt: '*', precision: 3, scale: tt}
#       pm_dec: !astropy.table.SerializedColumn
#         __class__: astropy.units.quantity.Quantity
#         unit: !astropy.units.Unit {unit: mas / yr}
#         value: !astropy.table.SerializedColumn {name: SkyCoord.pm_dec}
#       pm_ra_cosdec: !astropy.table.SerializedColumn
#         __class__: astropy.units.quantity.Quantity
#         unit: !astropy.units.Unit {unit: mas / yr}
#         value: !astropy.table.SerializedColumn {name: SkyCoord.pm_ra_cosdec}
#       ra: !astropy.table.SerializedColumn
#         __class__: astropy.coordinates.angles.Longitude
#         unit: *id001
#         value: !astropy.table.SerializedColumn {name: SkyCoord.ra}
#         wrap_angle: !astropy.coordinates.Angle
#           unit: *id001
#           value: 360.0
#       representation_type: spherical
# schema: astropy-2.0
RA_ICRS_1 DE_ICRS_1 e_RA_ICRS e_DE_ICRS _r_1 HIP TYC2 Source rgeo Plx e_Plx pmRA pmDE e_pmRA e_pmDE RUWE Teff logg Gmag BP-RP BPmag RPmag RV e_RV b_rgeo B_rgeo FG e_FG FBP e_FBP FRP e_FRP RAVE5 RAVE6 e_Gmag e_BPmag e_RPmag e_BP-RP SkyCoord.ra SkyCoord.dec SkyCoord.distance SkyCoord.pm_ra_cosdec SkyCoord.pm_dec rmRA rmDE e_rmRA e_rmDE rRV e_rRV v_pec v_pec3d e_vpec e_vpec3d Pmemb
[from data line 29]
100.27170916449 9.88768912949 0.0306 0.0287 3.4372 "" "" 3326740796851503360 685.333008 1.412 0.0348 -1.468 -3.396 0.04 0.033 1.608 5554.8 3.8318 14.692895 1.774628 15.541964 13.767336 -118.22 9.6 667.172058 702.420898 24991.28504 45.114 8291.5 60.184 24673.0 104.86 "" "" 0.0033813058876530295 0.00836018 0.0059645716 0.014324752 100.27170916449 9.88768912949 685.333008 -1.468 -3.3960000000000035 0.21390836906433108 0.2851249256134034 0.37508905 0.36808905 -136.94386363636363 11.991926 1.1579037924600706 136.94875877074443 0.42914839257051585 11.991498099464096 1.0
100.27122707643 9.86234628564 0.0254 0.0238 3.5552 "" "" 3326739869138571776 696.532349 1.3933 0.0325 -1.547 -3.586 0.032 0.024 0.996 5312.4 3.8951 14.743377 1.584046 15.484989 13.900943 "" "" 681.53064 708.312988 23855.90648 166.29 8738.2 288.06 21816.0 345.94 "" "" 0.008054187717617664 0.03590053 0.017626643 0.053527173 100.27122707643 9.86234628564 696.532349 -1.547 -3.5859999999999994 0.13490836906433112 0.09512492561340347 0.36708906 0.35908905 "" "" 0.5449982061275779 "" 0.1986256443781455 "" 1.0
100.12756590742 9.76960320154 0.0221 0.0194 8.3943 "" "" 3326714958328277376 678.14624 1.4366 0.0246 -2.914 -3.55 0.028 0.023 1.1 4566.3 4.1375 14.747915 1.507261 15.441899 13.934638 24.65 9.67 665.381104 689.749329 23756.39818 30.89 9092.0 59.989 21150.0 75.098 "" "" 0.003095942859935058 0.007687876 0.0053987014 0.013086578 100.12756590742 9.76960320154 678.14624 -2.9140000000000033 -3.55 -1.232091630935669 0.1311249256134035 0.36308905 0.35808906 5.926136363636363 12.061926 3.982816871468023 7.140162633446352 1.445895707233624 10.043498799327274 0.9
100.24672417758 9.88549848392 0.0279 0.0265 1.9562 "" "" 3326740758201316608 722.139771 1.3393 0.0327 -1.228 -3.704 0.04 0.034 1.059 6002.1 4.0981 14.765855 1.862953 15.549844 13.686891 18.88 20.05 704.960022 737.787109 23367.10386 83.754 8231.5 112.44 26571.0 296.71 "" "" 0.004768240234760414 0.015091034 0.012699484 0.027790517 100.24672417758 9.88549848392 722.139771 -1.2279999999999998 -3.704 0.4539083690643311 -0.02287507438659686 0.37508905 0.36908907 0.15613636363636374 22.441925 1.555674000153569 1.5634897373514778 0.5834928245619937 2.315119948021981 1.0
100.28025688365 9.97530055491 0.0231 0.023 6.9008 "" "" 3326930874924790656 689.966736 1.4032 0.0284 -1.452 -3.502 0.029 0.025 1.11 5058.5 4.1693 14.829899 1.670169 15.61568 13.945511 -80.38 8.25 677.305237 704.240112 22028.61227 89.358 7747.2 111.01 20939.0 220.3 "" "" 0.005195102077734019 0.015805786 0.012032052 0.027837839 100.28025688365 9.97530055491 689.966736 -1.452 -3.502 0.2299083690643311 0.17912492561340354 0.36408907 0.36008906 -99.10386363636363 10.641926 0.9531731919355452 99.10844730288524 0.34560471490450306 10.641434152447426 1.0
100.17140544857 9.8823469485 0.0224 0.0204 2.5203 "" "" 3326905173840508416 701.674255 1.3854 0.0257 -1.407 -3.763 0.029 0.025 1.01 5823.8 4.1561 14.867373 1.666106 15.633286 13.96718 "" "" 689.243652 714.71698 21281.27646 164.85 7622.6 273.28 20525.0 362.08 "" "" 0.008850213181670464 0.039024904 0.019522706 0.05854761 100.17140544857 9.8823469485 701.674255 -1.4069999999999994 -3.7629999999999977 0.274908369064331 -0.08187507438659658 0.36408907 0.36008906 "" "" 0.954017001712462 "" 0.34703782383421017 "" 1.0
100.32186537192 9.90897430681 0.0268 0.0251 6.5988 "" "" 3326740521973590656 692.492798 1.4094 0.0313 -1.51 -3.677 0.032 0.028 1.176 5774.6 4.178 14.971016 1.644205 15.714739 14.070534 "" "" 678.161865 705.903198 19343.7325 180.24 7071.7 348.54 18661.0 451.89 "" "" 0.010485116993642924 0.053584926 0.02656216 0.08014709 100.32186537192 9.90897430681 692.492798 -1.51 -3.676999999999996 0.17190836906433105 0.004124925613403274 0.36708906 0.36308905 "" "" 0.5644371763291921 "" 0.20719742204906674 "" 1.0
100.16297819482 9.84960126021 0.0247 0.0232 3.5436 "" "" 3326717294790476672 724.861511 1.343 0.0305 -1.745 -4.059 0.031 0.024 1.037 5967.6 4.1073 14.979005 1.910675 15.914764 14.004089 "" "" 708.469299 739.437622 19201.92776 126.0 5881.8 174.16 19839.0 352.12 "" "" 0.007638668871843846 0.03226948 0.019637711 0.051907193 100.16297819482 9.84960126021 724.861511 -1.7449999999999977 -4.059 -0.06309163093566905 -0.37787507438659684 0.36608905 0.35908905 "" "" 1.3162919182588941 "" 0.47291827263014563 "" 1.0
100.28952557349 9.86386758368 0.0354 0.0315 4.5755 "" "" 3326739766059353472 697.625549 1.3822 0.0402 -1.814 -3.879 0.046 0.04 1.663 "" "" 15.002804 2.306984 16.155617 13.848633 36.08 6.43 678.129272 717.447144 18785.60646 20.221 4711.6 34.763 22893.0 46.085 "" "" 0.002992931812030719 0.008482756 0.004365868 0.012848624 100.28952557349 9.86386758368 697.625549 -1.8139999999999998 -3.8790000000000004 -0.132091630935669 -0.19787507438659668 0.38108906 0.37508905 17.356136363636363 8.821925 0.7867186792180161 17.37395740047071 0.29655264503362927 8.812886456353091 1.0
100.1318462747 9.80647115029 0.0256 0.023 6.5856 "" "" 3326716745034669184 699.377075 1.3923 0.0296 -2.069 -4.243 0.034 0.028 1.07 4597.0 4.1825 15.005827 1.558668 15.704391 14.145723 "" "" 682.582336 714.981262 18733.38015 58.01 7139.4 122.79 17413.0 139.79 "" "" 0.004346898326636937 0.018880796 0.009500302 0.028381098 100.1318462747 9.80647115029 699.377075 -2.0690000000000004 -4.242999999999995 -0.3870916309356689 -0.561875074386597 0.36908907 0.36308905 "" "" 2.261881672987584 "" 0.8256568905218215 "" 1.0
100.17260562944 9.80264955446 0.0247 0.0215 5.2784 "" "" 3326716504516497408 663.441589 1.4624 0.0268 -1.717 -3.723 0.031 0.025 1.017 4863.3 4.1736 15.024122 1.636533 15.760868 14.124335 "" "" 653.315857 676.982666 18420.34656 147.28 6777.5 206.09 17759.0 396.19 "" "" 0.009107784423190792 0.033132717 0.024515038 0.057647757 100.17260562944 9.80264955446 663.441589 -1.7169999999999996 -3.7229999999999994 -0.03509163093566903 -0.041875074386596545 0.36608905 0.36008906 "" "" 0.17181028507753845 "" 0.06229434696467532 "" 1.0
100.21191566111 9.93138068406 0.0251 0.0233 3.0497 "" "" 3326928882059976576 702.232361 1.3799 0.0295 -1.598 -3.714 0.031 0.025 1.057 4711.2 4.1454 15.051153 1.676084 15.825169 14.149084 "" "" 687.637207 719.842468 17967.40994 117.47 6387.8 232.34 17359.0 326.85 "" "" 0.007614480183196918 0.039589338 0.020789579 0.060378917 100.21191566111 9.93138068406 702.232361 -1.5980000000000008 -3.714 0.08390836906433097 -0.03287507438659665 0.36608905 0.36008906 "" "" 0.299967516925657 "" 0.10957701516993709 "" 1.0
100.25643768181 10.01011031575 0.0283 0.0288 8.1655 "" "" 3326931218521066496 710.528687 1.3655 0.0358 -1.492 -3.58 0.035 0.031 1.016 4906.4 4.2086 15.065562 1.604156 15.709185 14.105029 "" "" 691.067261 729.326294 17730.52825 80.787 7107.9 103.03 18078.0 206.95 "" "" 0.005662583192487893 0.015983317 0.012990997 0.028974313 100.25643768181 10.01011031575 710.528687 -1.492 -3.579999999999999 0.18990836906433106 0.10112492561340325 0.37008905 0.36608905 "" "" 0.7246199726058772 "" 0.2675363175210304 "" 1.0
100.30342279659 9.87871444182 0.0258 0.0228 5.2866 "" "" 3326740006577518848 730.939392 1.3244 0.0292 -1.699 -3.774 0.032 0.028 0.894 4921.4 4.1719 15.077022 1.668583 15.873372 14.204789 "" "" 719.640991 747.300598 17544.38199 90.276 6110.4 125.64 16491.0 190.35 "" "" 0.0062292425161864055 0.022498231 0.013089762 0.035587993 100.30342279659 9.87871444182 730.939392 -1.6989999999999996 -3.774 -0.01709163093566901 -0.0928750743865967 0.36708906 0.36308905 "" "" 0.32718326991707375 "" 0.11883976282207943 "" 1.0
100.13665899201 9.85812699746 0.0322 0.0287 4.7668 "" "" 3326904658444434944 698.507812 1.3851 0.0367 -1.796 -3.491 0.044 0.034 1.248 5521.6 4.1564 15.088505 1.915517 16.02539 14.109874 "" "" 683.915833 716.496277 17359.80245 55.145 5312.0 79.071 17997.0 146.26 "" "" 0.004414405745844515 0.016400648 0.009599013 0.025999662 100.13665899201 9.85812699746 698.507812 -1.7960000000000003 -3.4910000000000028 -0.11409163093566899 0.19012492561340322 0.37908906 0.36908907 "" "" 0.7341333036846686 "" 0.2729235071152935 "" 1.0
100.18005921014 9.78532858042 0.0238 0.0211 6.058 "" "" 3326715679882777472 701.563599 1.3859 0.0263 -1.519 -3.765 0.032 0.026 0.939 5585.2 4.1978 15.10153 1.678319 15.872998 14.194679 "" "" 686.990479 714.993042 17152.78975 138.96 6112.5 197.09 16645.0 348.58 "" "" 0.00921733779238204 0.03511923 0.023049474 0.058168706 100.18005921014 9.78532858042 701.563599 -1.519 -3.7649999999999997 0.16290836906433115 -0.0838750743865968 0.36708906 0.36108905 "" "" 0.6093235982043693 "" 0.2229149379550262 "" 1.0
100.23215810022 9.85382113828 0.0237 0.0228 1.9318 "" "" 3326717191711253632 726.404236 1.3265 0.0297 -1.665 -3.801 0.031 0.024 1.017 5849.5 3.9514 15.109622 1.719334 15.916432 14.197099 "" "" 711.853516 746.068054 17025.42476 28.047 5872.8 61.11 16608.0 77.05 "" "" 0.0032849463765154494 0.011637175 0.0062973006 0.017934475 100.23215810022 9.85382113828 726.404236 -1.6650000000000018 -3.8009999999999997 0.01690836906433102 -0.11987507438659684 0.36608905 0.35908905 "" "" 0.41683420305693397 "" 0.14973805860604755 "" 1.0
100.21670038771 9.75131371531 0.0446 0.0383 7.7585 "" "" 3326712445772414976 804.131104 1.2159 0.0486 -1.551 -3.92 0.06 0.053 1.747 6840.3 3.9678 15.174306 2.156792 16.270899 14.114107 31.34 9.48 774.738403 837.02832 16040.739 17.578 4237.0 23.633 17927.0 51.594 "" "" 0.0030012303372133563 0.0066678324 0.0049038576 0.01157169 100.21670038771 9.75131371531 804.131104 -1.5509999999999995 -3.92 0.13090836906433112 -0.2388750743865966 0.39508906 0.38808906 12.616136363636365 11.871925 1.0382505906479436 12.65878592262499 0.4046238661712493 11.831973400508623 1.0
100.15262596427 9.80635697995 0.0258 0.0229 5.7452 "" "" 3326716573235976064 673.392395 1.4396 0.0297 -1.59 -3.691 0.034 0.027 1.066 4759.8 4.1829 15.179536 1.666711 15.950054 14.283343 "" "" 661.549377 690.247192 15963.65119 63.236 5693.7 94.122 15340.0 159.76 "" "" 0.005107766898510409 0.018163778 0.011922395 0.030086173 100.15262596427 9.80635697995 673.392395 -1.590000000000002 -3.6909999999999994 0.09190836906433097 -0.009875074386596516 0.36908907 0.36208907 "" "" 0.2950489540596717 "" 0.10887599319686397 "" 1.0
100.14659235101 9.86574255769 0.0266 0.0239 4.0834 "" "" 3326905036401556608 660.393677 1.4628 0.0298 -1.576 -3.818 0.034 0.027 0.914 6154.9 3.9236 15.182841 2.178931 16.293093 14.114161 20.48 11.36 648.372986 674.177185 15915.13658 30.353 4151.3 33.998 17926.0 90.27 "" "" 0.0034466731114392614 0.009319366 0.006646553 0.01596592 100.14659235101 9.86574255769 660.393677 -1.576 -3.818000000000001 0.10590836906433099 -0.13687507438659674 0.36908907 0.36208907 1.7561363636363652 13.7519245 0.5417383544372242 1.8377963359290679 0.19758620129836765 13.141005589825456 0.9
100.26860386557 9.88841688162 0.0253 0.0241 3.2612 "" "" 3326740796851503744 711.536926 1.3611 0.029 -1.373 -3.588 0.033 0.027 1.024 4668.4 4.1515 15.183202 1.795467 16.05036 14.254892 "" "" 699.955017 725.778931 15909.84603 57.456 5191.3 76.212 15747.0 165.44 "" "" 0.004792265544187254 0.01618175 0.012016685 0.028198436 100.26860386557 9.88841688162 711.536926 -1.373 -3.588 0.30890836906433106 0.09312492561340324 0.36808905 0.36208907 "" "" 1.0881634252787955 "" 0.40000118544414687 "" 1.0
100.19732194874 9.81370154502 0.0269 0.0258 4.133 "" "" 3326715881746256512 702.382507 1.3803 0.0324 -1.284 -3.617 0.037 0.032 1.116 5527.8 3.8858 15.199557 1.987119 16.190825 14.203706 "" "" 687.450623 719.954529 15671.97502 20.864 4561.3 32.729 16507.0 57.887 "" "" 0.003111441427723977 0.008275132 0.0053647556 0.013639888 100.19732194874 9.81370154502 702.382507 -1.284 -3.617 0.397908369064331 0.06412492561340333 0.37208906 0.36708906 "" "" 1.3418458617700313 "" 0.49911744142953857 "" 1.0
100.27420875229 9.87993305716 0.026 0.0234 3.5588 "" "" 3326740040937260160 693.677429 1.4128 0.03 -1.66 -3.712 0.034 0.027 1.069 4191.2 4.0804 15.204887 1.825892 16.097 14.271108 "" "" 679.736389 707.30249 15595.22626 15.914 4973.0 26.774 15514.0 43.151 "" "" 0.0029697299855971234 0.0064772307 0.0048377137 0.011314944 100.27420875229 9.87993305716 693.677429 -1.66 -3.7119999999999993 0.021908369064331135 -0.030875074386596868 0.36908907 0.36208907 "" "" 0.12447908970944403 "" 0.045366186987980436 "" 1.0
100.10613623733 9.80720329661 0.0266 0.0242 7.7496 "" "" 3326715336285398016 704.653809 1.3857 0.0315 -1.662 -3.855 0.036 0.028 0.937 4616.9 4.1878 15.234638 1.578861 15.955614 14.376753 "" "" 691.173157 718.743958 15173.69442 67.02 5664.6 111.41 14075.0 185.91 "" "" 0.005530730482827423 0.021535514 0.014830619 0.036366135 100.10613623733 9.80720329661 704.653809 -1.662 -3.854999999999999 0.019908369064331133 -0.17387507438659666 0.37108904 0.36308905 "" "" 0.5845474047221003 "" 0.21230393557832436 "" 1.0
100.26366685526 9.96525051942 0.0299 0.0286 5.8664 "" "" 3326929363096305408 682.751953 1.4276 0.0341 -1.647 -3.527 0.038 0.034 1.099 4846.4 4.2231 15.270844 1.754605 16.103321 14.348716 "" "" 666.868286 699.760071 14676.04477 41.953 4944.1 54.407 14443.0 139.05 "" "" 0.004150262521612756 0.012269373 0.011115188 0.02338456 100.26366685526 9.96525051942 682.751953 -1.6469999999999998 -3.527 0.034908369064331035 0.15412492561340319 0.37308905 0.36908907 "" "" 0.5114196459214555 "" 0.18885973518821306 "" 0.8
100.24715828972 9.77125679905 0.0352 0.0321 6.8468 "" "" 3326712587506320384 718.016602 1.3522 0.0393 -1.446 -3.781 0.045 0.036 1.206 6390.4 3.9668 15.291646 1.917675 16.218868 14.301193 "" "" 700.578247 735.864929 14397.53651 95.668 4445.0 126.48 15090.0 316.44 "" "" 0.007722692500552722 0.031019758 0.023079628 0.05409939 100.24715828972 9.77125679905 718.016602 -1.4460000000000004 -3.780999999999998 0.2359083690643311 -0.09987507438659682 0.38008904 0.37108904 "" "" 0.8718799981900297 "" 0.33021136764382125 "" 1.0
100.20038989672 9.89425212222 0.0266 0.0257 1.1486 "" "" 3326741003009940608 676.015808 1.4415 0.0331 -1.222 -3.741 0.034 0.027 0.956 4566.2 4.2051 15.32848 1.561346 16.05364 14.492294 "" "" 660.077393 690.16333 13917.29458 37.989 5175.6 81.614 12654.0 106.79 "" "" 0.004046606882249108 0.01734683 0.009911618 0.027258448 100.20038989672 9.89425212222 676.015808 -1.222 -3.741 0.4599083690643311 -0.05987507438659678 0.36908907 0.36208907 "" "" 1.486127730279579 "" 0.5483417324938068 "" 1.0
100.27367945527 9.90517986326 0.0275 0.028 3.8232 "" "" 3326741209168361856 665.014648 1.4514 0.0352 -1.739 -3.722 0.035 0.029 0.952 "" "" 15.334716 2.107961 16.39594 14.28798 "" "" 653.259949 678.807068 13837.59084 20.064 3776.1 32.211 15274.0 77.715 "" "" 0.003173348322029081 0.009672739 0.0066933916 0.01636613 100.27367945527 9.90517986326 665.014648 -1.739 -3.721999999999999 -0.05709163093566905 -0.040875074386596655 0.37008905 0.36408907 "" "" 0.22133136795173985 "" 0.0814647098410588 "" 0.9
100.0804355892 9.80830560589 0.0293 0.0278 9.0091 "" "" 3326902974817258624 683.272705 1.4245 0.0358 -1.828 -3.719 0.039 0.035 1.062 "" "" 15.344194 2.050095 16.366236 14.316141 "" "" 664.724854 700.280884 13717.30598 35.551 3880.8 57.337 14883.0 99.502 "" "" 0.003938244729929023 0.016282093 0.008183771 0.024465863 100.0804355892 9.80830560589 683.272705 -1.8279999999999998 -3.7189999999999994 -0.14609163093566901 -0.03787507438659654 0.37408906 0.37008905 "" "" 0.4887912245191736 "" 0.18272893087981595 "" 1.0
100.12007800189 9.80672584206 0.0289 0.026 7.1047 "" "" 3326715263271172096 714.027466 1.3505 0.0341 -2.862 -3.615 0.038 0.03 1.064 4618.6 4.1718 15.378524 1.746203 16.14868 14.402476 "" "" 694.748291 731.990479 13290.37888 35.655 4741.8 54.226 13746.0 186.27 "" "" 0.004009496778265777 0.012725841 0.015190318 0.02791616 100.12007800189 9.80672584206 714.027466 -2.862 -3.6149999999999993 -1.180091630935669 0.06612492561340311 0.37308905 0.36508906 "" "" 4.000273782765885 "" 1.4923592320003225 "" 1.0
