Clusters/NGC_2264/NGC_2264_stars_in_region.tsv
# %ECSV 1.0
# ---
# datatype:
# - name: RA_ICRS_1
#   unit: deg
#   datatype: float64
#   format: '{:15.11f}'
#   description: Right ascension (ICRS) at Ep=2016.0 (ra)
#   meta: !!omap
#   - {ucd: POS_EQ_RA_MAIN}
#   - {width: 15}
#   - {precision: '11'}
# - name: DE_ICRS_1
#   unit: deg
#   datatype: float64
#   format: '{:15.11f}'
#   description: Declination (ICRS) at Ep=2016.0 (dec)
#   meta: !!omap
#   - {ucd: POS_EQ_DEC_MAIN}
#   - {width: 15}
#   - {precision: '11'}
# - name: e_RA_ICRS
#   unit: mas
#   datatype: float64
#   format: '{:7.4f}'
#   description: Standard error of right ascension (ra_error)
#   meta: !!omap
#   - {ucd: ERROR}
#   - {width: 7}
#   - {precision: '4'}
# - name: e_DE_ICRS
#   unit: mas
#   datatype: float64
#   format: '{:7.4f}'
#   description: Standard error of declination (dec_error)
#   meta: !!omap
#   - {ucd: ERROR}
#   - {width: 7}
#   - {precision: '4'}
# - name: _r_1
#   unit: ''
#   datatype: float64
#   format: '{:7.4f}'
#   description: Distance from center (100.21400662000+09.88059411000)[ICRS], at Epoch=J2016.0
#   meta: !!omap
#   - {ucd: POS_ANG_DIST_GENERAL}
#   - {width: 7}
#   - {precision: '4'}
# - name: HIP
#   datatype: int32
#   description: '? HIP cross-id number, van Leeuwen, Cat. I/311 (hip_original_ext_source_id)'
#   meta: !!omap
#   - {ucd: ID_NUMBER}
#   - {width: 6}
#   - values: {'null': -2147483648}
# - name: TYC2
#   datatype: string
#   description: Tycho-2 cross-id name, Hog et al., Cat. I/259 (tyc2_original_ext_source_id)
#   meta: !!omap
#   - {ucd: ID_CROSSID}
#   - {_votable_string_dtype: char}
# - name: Source
#   datatype: int64
#   description: Source identifier, identical to the Gaia-EDR3 source_id (id)
#   meta: !!omap
#   - {ucd: ID_MAIN}
#   - {width: 19}
# - name: rgeo
#   unit: pc
#   datatype: float64
#   format: '{:15.8f}'
#   description: '? Median of the geometric distance posterior (r_med_geo)'
#   meta: !!omap
#   - {ucd: PHYS_DISTANCE_TRUE}
#   - {width: 15}
#   - {precision: '8'}
#   - values: {'null': .nan}
# - name: Plx
#   unit: mas
#   datatype: float64
#   format: '{:9.4f}'
#   description: '? Parallax (parallax)'
#   meta: !!omap
#   - {ucd: POS_PARLX_TRIG}
#   - {width: 9}
#   - {precision: '4'}
#   - values: {'null': .nan}
# - name: e_Plx
#   unit: mas
#   datatype: float32
#   format: '{:7.4f}'
#   description: '? Standard error of parallax (parallax_error)'
#   meta: !!omap
#   - {ucd: ERROR}
#   - {width: 7}
#   - {precision: '4'}
#   - values: {'null': .nan}
# - name: pmRA
#   unit: mas / yr
#   datatype: float64
#   format: '{:9.3f}'
#   description: '? Proper motion in right ascension direction, pmRA*cosDE (pmra)'
#   meta: !!omap
#   - {ucd: POS_EQ_PMRA}
#   - {width: 9}
#   - {precision: '3'}
#   - values: {'null': .nan}
# - name: pmDE
#   unit: mas / yr
#   datatype: float64
#   format: '{:9.3f}'
#   description: '? Proper motion in declination direction (pmdec)'
#   meta: !!omap
#   - {ucd: POS_EQ_PMDEC}
#   - {width: 9}
#   - {precision: '3'}
#   - values: {'null': .nan}
# - name: e_pmRA
#   unit: mas / yr
#   datatype: float32
#   format: '{:6.3f}'
#   description: '? Standard error of proper motion in right ascension direction (pmra_error)'
#   meta: !!omap
#   - {ucd: ERROR}
#   - {width: 6}
#   - {precision: '3'}
#   - values: {'null': .nan}
# - name: e_pmDE
[...]
#         value: !astropy.table.SerializedColumn {name: SkyCoord.dec}
#       distance: !astropy.table.SerializedColumn
#         __class__: astropy.coordinates.distances.Distance
#         unit: !astropy.units.Unit {unit: pc}
#         value: !astropy.table.SerializedColumn {name: SkyCoord.distance}
#       frame: icrs
#       obstime: !astropy.time.Time {format: jyear_str, in_subfmt: '*', jd1: 367701545.0, jd2: 0.0, out_subfmt: '*', precision: 3, scale: tt}
#       pm_dec: !astropy.table.SerializedColumn
#         __class__: astropy.units.quantity.Quantity
#         unit: !astropy.units.Unit {unit: mas / yr}
#         value: !astropy.table.SerializedColumn {name: SkyCoord.pm_dec}
#       pm_ra_cosdec: !astropy.table.SerializedColumn
#         __class__: astropy.units.quantity.Quantity
#         unit: !astropy.units.Unit {unit: mas / yr}
#         value: !astropy.table.SerializedColumn {name: SkyCoord.pm_ra_cosdec}
#       ra: !astropy.table.SerializedColumn
#         __class__: astropy.coordinates.angles.Longitude
#         unit: *id001
#         value: !astropy.table.SerializedColumn {name: SkyCoord.ra}
#         wrap_angle: !astropy.coordinates.Angle
#           unit: *id001
#           value: 360.0
#       representation_type: spherical
# schema: astropy-2.0
RA_ICRS_1 DE_ICRS_1 e_RA_ICRS e_DE_ICRS _r_1 HIP TYC2 Source rgeo Plx e_Plx pmRA pmDE e_pmRA e_pmDE RUWE Teff logg Gmag BP-RP BPmag RPmag RV e_RV b_rgeo B_rgeo FG e_FG FBP e_FBP FRP e_FRP RAVE5 RAVE6 e_Gmag e_BPmag e_RPmag e_BP-RP SkyCoord.ra SkyCoord.dec SkyCoord.distance SkyCoord.pm_ra_cosdec SkyCoord.pm_dec rmRA rmDE e_rmRA e_rmDE rRV e_rRV v_pec v_pec3d e_vpec e_vpec3d
[from data line 172]
101.02435958743 10.1709791613 0.0142 0.0123 50.9503 "" "" 3350762235405286016 682.237915 1.4335 0.0152 -2.659 -1.267 0.017 0.015 0.994 "" "" 12.599136 0.697288 12.867251 12.169964 2.45 2.4 675.726624 689.000122 171906.48503 53.781 97390.0 73.727 107440.0 65.651 "" "" 0.002776178504326554 0.0029087148 0.0038371703 0.006745885 101.02435958743 10.1709791613 682.237915 -2.659 -1.2669999999999997 -0.9770916309356688 2.4141249256134034 0.35208905 0.35008904 -16.273863636363636 4.7919254 8.422009525100892 18.323997437673057 2.9508299771751934 4.466675282704237
100.5046437663 9.20959411852 0.012 0.0106 43.7789 "" "" 3326619811916880896 716.247009 1.3656 0.013 -6.962 -4.83 0.016 0.014 1.039 6678.8 4.1577 12.6023 0.627831 12.834149 12.206318 20.47 3.69 709.453064 723.236328 171406.28533 39.171 100410.0 61.586 103900.0 93.385 "" "" 0.002766469423488748 0.0028685383 0.0039033347 0.0067718728 100.5046437663 9.20959411852 716.247009 -6.961999999999998 -4.830000000000004 -5.280091630935669 -1.1488750743865968 0.35108906 0.34908906 1.7461363636363636 6.0819254 18.345402559449283 18.42831482443963 6.439216095752002 6.436096538765107
99.72240384331 9.81891257897 0.0133 0.012 29.2961 "" "" 3326911839629663616 841.663574 1.1728 0.0147 -5.248 -10.384 0.015 0.013 1.199 4956.1 3.2127 12.602401 1.526314 13.308564 11.78225 -28.84 0.62 831.140381 853.119263 171390.31723 36.796 64862.0 54.02 153550.0 113.86 "" "" 0.0027651625819558406 0.0029330389 0.0038641817 0.0067972206 99.72240384331 9.81891257897 841.663574 -5.248000000000002 -10.384 -3.566091630935669 -6.702875074386597 0.35008904 0.34808907 -47.563863636363635 3.0119252 30.290032811335163 56.38977931975223 10.557023423620752 6.213827005999613
99.80621523865 10.33969485387 0.0161 0.014 36.5922 "" "" 3327004091230376064 796.570496 1.233 0.0167 3.624 -4.367 0.02 0.018 1.088 "" "" 12.612489 1.182917 13.119983 11.937066 50.3 3.79 786.743286 807.026672 169805.34045 39.661 77166.0 66.365 133150.0 58.381 "" "" 0.0027669655987721973 0.002942272 0.0038092458 0.0067515178 99.80621523865 10.33969485387 796.570496 3.624 -4.366999999999995 5.305908369064332 -0.6858750743865967 0.35508907 0.35308906 31.576136363636362 6.1819253 20.200438780674773 37.48479844666032 7.172292831897752 6.485139891603487
100.81090275319 9.86239843824 0.032 0.0303 35.3004 "" "" 3326728972804300160 610.559265 1.6167 0.0394 -1.805 -20.84 0.039 0.032 2.354 "" "" 12.61282 0.770551 12.914712 12.144161 -9.99 3.09 595.188843 625.46698 169753.57954 42.505 93225.0 80.41 110030.0 65.889 "" "" 0.002768699566286869 0.0029431372 0.0038348986 0.006778036 100.81090275319 9.86239843824 610.559265 -1.805 -20.84 -0.12309163093566888 -17.158875074386597 0.37408906 0.36708906 -28.713863636363634 5.481925 49.65993585748725 57.36370973269977 18.229637377567325 16.018235727921557
100.62432281013 9.92479590686 0.0189 0.0177 24.3968 "" "" 3326732516154740224 573.216431 1.713 0.0206 2.935 -5.379 0.02 0.016 1.112 6241.8 4.2912 12.6146 0.663098 12.869962 12.206863 30.69 2.61 566.320557 579.305481 169475.47652 54.607 97148.0 105.97 103850.0 53.182 "" "" 0.002777440427538581 0.0030311202 0.0038200621 0.0068511823 100.62432281013 9.92479590686 573.216431 2.935000000000002 -5.379 4.6169083690643316 -1.6978750743865962 0.35508907 0.35108906 11.966136363636366 5.0019255 13.36571807164715 17.93964433994988 4.739682980393517 4.858107787529317
100.06004271684 10.28167452145 0.0126 0.0121 25.7262 "" "" 3326953822932184576 629.487854 1.5589 0.0146 -12.459 0.007 0.015 0.013 1.053 6143.8 4.0389 12.625936 0.701906 12.895011 12.193105 69.32 2.98 623.341431 634.612 167715.2759 34.369 94932.0 59.803 105180.0 91.395 "" "" 0.0027642888863480593 0.0028727788 0.0038953566 0.0067681354 100.06004271684 10.28167452145 629.487854 -12.459 0.007000000000000155 -10.777091630935669 3.6881249256134034 0.35008904 0.34808907 50.59613636363636 5.3719254 33.98724650996537 60.95163607530842 11.891454763499423 7.9907675111830745
100.10728883809 9.05981743353 0.0137 0.0135 49.6499 "" "" 3326528419309341952 574.348633 1.7119 0.0148 -4.093 3.283 0.015 0.014 1.015 6515.4 4.3027 12.627935 0.613552 12.858894 12.245342 15.8 3.39 569.407776 579.081848 167406.64328 45.468 98143.0 66.563 100240.0 58.98 "" "" 0.002771055480133819 0.002885705 0.003832993 0.006718698 100.10728883809 9.05981743353 574.348633 -4.093 3.283 -2.411091630935669 6.964124925613403 0.35008904 0.34908906 -2.9238636363636346 5.781925 20.06334891259624 20.27527923735272 7.006045748817941 6.98277420000329
99.93836302523 10.34255343356 0.0121 0.0109 32.1459 "" 750-1593-1 3327001754767206400 645.360535 1.5166 0.0131 5.466 -4.516 0.015 0.012 1.022 5656.9 4.1263 12.629126 0.859393 12.9773 12.117907 "" "" 638.683411 652.316101 167223.23902 38.419 88003.0 41.509 112720.0 50.017 "" "" 0.0027665884939884833 0.0028367785 0.0038099647 0.006646743 99.93836302523 10.34255343356 645.360535 5.4660000000000055 -4.516 7.147908369064331 -0.8348750743865967 0.35008904 0.34708905 "" "" 22.014157423021036 "" 7.706030232972084 ""
100.83092401432 10.28325455325 0.0135 0.013 43.7242 "" "" 3350776357257746560 745.241272 1.3129 0.0145 -3.873 -4.738 0.017 0.015 1.008 6804.7 4.0761 12.636614 0.683593 12.899982 12.216389 27.78 2.95 737.11261 752.915588 166073.78276 37.801 94498.0 47.236 102940.0 41.521 "" "" 0.002766380836675144 0.0028424622 0.0038046697 0.006647132 100.83092401432 10.28325455325 745.241272 -3.873 -4.7379999999999995 -2.191091630935669 -1.0568750743865971 0.35208905 0.35008904 9.056136363636366 5.3419256 8.593258120696518 12.484297776234495 3.0223556234047257 4.398168039687123
100.79405529276 10.14297718368 0.0127 0.0119 37.7157 "" "" 3350768355735151232 796.45636 1.2325 0.0142 -2.072 -6.38 0.015 0.014 1.149 6434.3 3.74 12.649497 1.020155 13.071574 12.051419 -23.55 1.84 786.4953 804.479309 164114.86294 35.056 80684.0 79.441 119840.0 64.9 "" "" 0.002765063547557241 0.0029879473 0.003824847 0.006812794 100.79405529276 10.14297718368 796.45636 -2.072000000000002 -6.38 -0.390091630935669 -2.6988750743865966 0.35008904 0.34908906 -42.273863636363636 4.2319255 10.294680744327566 43.50930932999852 3.593971347491964 4.198772594732527
100.2591887076 9.86440325227 0.0114 0.0103 2.842 "" "" 3326739933562218496 700.505371 1.4032 0.0136 -1.307 -3.601 0.015 0.012 0.984 5350.0 3.6593 12.68319 1.086559 13.13726 12.0507 23.24 7.48 694.305115 707.623901 159100.22107 200.62 75947.0 369.85 119920.0 343.21 "" "" 0.0030767125516088785 0.005978401 0.0048927963 0.010871197 100.2591887076 9.86440325227 700.505371 -1.307 -3.6010000000000004 0.3749083690643311 0.08012492561340334 0.35008904 0.34708905 4.516136363636363 9.871925 1.2729561683954291 4.692110938758231 0.445481881259016 9.502453804746478
99.8444249304 10.31478574838 0.0145 0.0132 33.9895 "" "" 3327001101933139200 620.885742 1.5825 0.0159 -0.722 -1.944 0.019 0.015 1.043 6377.6 4.2104 12.692646 0.648468 12.939096 12.290628 16.11 9.52 615.298584 626.299133 157720.54815 40.791 91155.0 63.871 96141.0 65.178 "" "" 0.0027695918902380396 0.0028920241 0.0038503923 0.0067424164 99.8444249304 10.31478574838 620.885742 -0.7220000000000009 -1.944 0.9599083690643311 1.7371249256134034 0.35408905 0.35008904 -2.613863636363636 11.911926 5.8409637641162195 6.3991515690146645 2.0503465963560363 5.213179092699034
100.45798660689 10.58069753347 0.0124 0.011 44.4078 "" "" 3350990384067089280 782.931335 1.2555 0.0132 1.751 -6.489 0.017 0.013 1.054 7765.2 3.8496 12.707189 1.215467 13.229568 12.0141 31.36 7.92 774.082397 791.587585 155622.13353 46.38 69757.0 79.085 124030.0 129.04 "" "" 0.002774255647848633 0.0030496258 0.0039445795 0.0069942055 100.45798660689 10.58069753347 782.931335 1.7509999999999997 -6.489 3.432908369064331 -2.8078750743865966 0.35208905 0.34808907 12.636136363636364 10.311926 16.458619425501514 20.74989386946133 5.768600804568857 7.769853166535966
100.30743185524 9.16127117256 0.0113 0.0102 43.512 "" "" 3326536833148708480 583.894531 1.6868 0.0124 -1.6 -3.122 0.014 0.012 1.026 6064.2 4.2998 12.72947 0.702724 13.003389 12.300665 41.03 2.15 579.206787 588.523315 152460.95511 40.458 85913.0 72.632 95256.0 77.218 "" "" 0.0027703431664881993 0.0029372745 0.0038805115 0.006817786 100.30743185524 9.16127117256 583.894531 -1.5999999999999985 -3.122000000000004 0.08190836906433097 0.5591249256134034 0.34908906 0.34708905 22.306136363636366 4.5419254 1.5639842699110262 22.360898154360207 0.5429077206652451 4.530961385139133
100.05670204017 9.41372562921 0.0172 0.0151 29.5171 "" "" 3326687878559500288 705.325684 1.3945 0.0185 -1.583 -3.678 0.02 0.017 1.322 "" "" 12.730314 1.182788 13.240148 12.05736 14.45 9.54 691.517517 714.504517 152342.5419 229.57 69081.0 397.31 119180.0 448.44 "" "" 0.0032044837694028038 0.0068394723 0.0055653844 0.012404857 100.05670204017 9.41372562921 705.325684 -1.583 -3.6779999999999995 0.09890836906433109 0.0031249256134033843 0.35508907 0.35208905 -4.273863636363636 11.931925 0.33083978291665467 4.286649664270657 0.1174766047445867 11.896338260527733
100.65143888907 10.55683531124 0.0179 0.0166 48.0983 "" "" 3350974887825086848 789.927979 1.2384 0.0193 1.376 -6.25 0.022 0.021 1.152 7192.8 4.1285 12.733382 0.80921 13.051952 12.242743 -2.75 5.9 779.222839 803.060303 151912.56357 55.155 82155.0 72.517 100480.0 92.205 "" "" 0.00278337605084412 0.002950171 0.0039085015 0.0068586725 100.65143888907 10.55683531124 789.927979 1.376 -6.249999999999998 3.057908369064331 -2.5688750743865967 0.35708904 0.35608906 -21.473863636363635 8.291925 14.95357833812799 26.16746691194375 5.333577245580545 7.456045070310516
99.60362375738 10.13912908289 0.0137 0.0118 39.2599 "" "" 3326974133835243392 655.101562 1.4958 0.014 -0.138 -6.361 0.018 0.014 0.933 6180.7 4.1435 12.735189 0.685476 12.998517 12.313041 13.98 2.65 649.548706 662.462646 151659.93164 40.484 86300.0 60.058 94176.0 51.782 "" "" 0.0027705213112649615 0.0028906676 0.0038262405 0.006716908 99.60362375738 10.13912908289 655.101562 -0.138 -6.361 1.5439083690643312 -2.6798750743865964 0.35308906 0.34908906 -4.743863636363635 5.0419254 9.603690802308188 10.711448045280903 3.3621572345473343 3.751400265305567
100.21777969045 10.26785368975 0.0147 0.0147 23.2366 "" "" 3326955884517231872 680.099731 1.4307 0.0185 1.572 -9.079 0.016 0.014 1.083 "" "" 12.73855 0.65794 12.735214 12.077274 32.08 3.34 673.445129 689.456848 151191.28264 124.1 109980.0 2116.2 117020.0 2300.1 "" "" 0.0028958600466934964 0.021076886 0.021672886 0.04274977 100.21777969045 10.26785368975 680.099731 1.5719999999999996 -9.079 3.253908369064331 -5.397875074386597 0.35108906 0.34908906 13.356136363636363 5.731925 20.31808444516031 24.31482950967814 7.103674448342065 6.719341725798062
99.65899303122 10.56233321637 0.0242 0.022 52.4135 "" "" 3327023714937293824 632.321838 1.5535 0.0261 -3.709 -4.049 0.032 0.027 1.8 5710.6 4.2002 12.752376 0.799171 13.069963 12.270792 2.33 2.65 623.908569 641.695618 149278.18609 36.148 80804.0 48.948 97913.0 49.745 "" "" 0.0027678353808139244 0.0028666381 0.0038194244 0.0066860626 99.65899303122 10.56233321637 632.321838 -3.708999999999999 -4.049 -2.027091630935669 -0.36787507438659706 0.36708906 0.36208907 -16.393863636363633 5.0419254 6.17484898670589 17.518205528429807 2.2657416092070544 4.785439628986473
100.98247732699 9.71493480993 0.0142 0.0128 46.5102 "" "" 3326676200543500544 685.122559 1.427 0.0154 -4.423 -3.824 0.016 0.014 1.145 6546.8 4.2575 12.756307 0.604456 12.984307 12.379851 -9.17 3.51 678.261414 692.578857 148738.78019 33.641 87437.0 55.644 88556.0 57.986 "" "" 0.002766241542276786 0.0028744498 0.003845667 0.006720117 100.98247732699 9.71493480993 685.122559 -4.423 -3.8240000000000003 -2.741091630935669 -0.14287507438659652 0.35108906 0.34908906 -27.893863636363633 5.901925 8.913726814727344 29.28347920400919 3.1294638050217345 5.701990109676712
100.65498303858 9.42210649291 0.0172 0.0167 37.9096 "" "" 3326640844372957824 596.769897 1.6434 0.0212 -3.414 -2.043 0.021 0.018 1.38 6138.7 4.1969 12.756414 0.695452 13.024704 12.329252 7.52 3.39 588.362244 603.437927 148724.00301 43.914 84243.0 105.42 92781.0 58.094 "" "" 0.002773908000063037 0.0031033896 0.0038400374 0.006943427 100.65498303858 9.42210649291 596.769897 -3.414 -2.043 -1.732091630935669 1.6381249256134032 0.35608906 0.35308906 -11.203863636363636 5.781925 6.743677598681374 13.076840135796887 2.3918192560197262 5.1050392650576155
100.10908227129 10.43679442748 0.0131 0.0135 33.9425 "" "" 3327010039761576320 719.629089 1.3667 0.017 4.767 -8.811 0.015 0.013 0.999 6047.1 3.9562 12.76063 0.905067 13.125418 12.22035 -8.14 3.49 711.548218 729.134338 148147.74161 38.114 76780.0 48.678 102570.0 110.64 "" "" 0.002769442774232754 0.0028738256 0.003956683 0.006830509 100.10908227129 10.43679442748 719.629089 4.767000000000001 -8.811000000000005 6.448908369064331 -5.129875074386597 0.35008904 0.34808907 -26.863863636363636 5.8819256 28.108317498982228 38.881161017859675 9.818666194647944 8.179250518074895
100.09855570229 10.69859719465 0.0154 0.0155 49.5512 "" "" 3351036323036976000 573.392639 1.715 0.0186 11.515 -39.865 0.018 0.015 1.118 5701.3 4.057 12.776881 0.852875 13.119239 12.266364 52.1 2.23 567.858643 578.797974 145946.74772 35.18 77219.0 46.728 98313.0 46.844 "" "" 0.0027677216675759033 0.0028664824 0.0038146242 0.0066811065 100.09855570229 10.69859719465 573.392639 11.515 -39.865 13.196908369064332 -36.1838750743866 0.35308906 0.35008904 33.37613636363636 4.6219254 104.68010759849875 109.872159373507 36.684367362477566 34.97902228771177
99.46037202635 10.20159833816 0.0179 0.0161 48.5126 "" "" 3326984407396672768 627.860168 1.5613 0.0199 3.585 -10.791 0.021 0.018 1.379 6276.3 4.204 12.782462 0.765859 13.081927 12.316069 -14.67 3.76 621.467773 635.14502 145198.42518 31.613 79918.0 45.008 93914.0 44.846 "" "" 0.002765441987906402 0.0028563847 0.003814778 0.006671163 99.46037202635 10.20159833816 627.860168 3.585 -10.790999999999997 5.266908369064331 -7.109875074386597 0.35608906 0.35308906 -33.39386363636363 6.151925 26.332749974240926 42.527213049645454 9.32587356046084 7.5286964423305225
99.74513768654 10.63768015058 0.016 0.0153 53.1954 "" "" 3327030307709782784 721.826782 1.3608 0.0183 -0.348 -4.079 0.02 0.017 1.282 "" "" 12.788502 0.840428 13.122321 12.281893 "" "" 713.257568 729.547607 144392.97483 34.518 77000.0 39.547 96917.0 58.369 "" "" 0.0027675181111039876 0.0028453472 0.0038355317 0.006680879 99.74513768654 10.63768015058 721.826782 -0.348 -4.079 1.3339083690643312 -0.3978750743865964 0.35508907 0.35208905 "" "" 4.762612000238402 "" 1.6899886555764387 ""
100.18598529752 9.80058067877 0.1005 0.0915 5.0786 "" "" 3326715851681467904 694.016418 1.4138 0.1114 -1.076 -3.826 0.14 0.125 7.899 7243.3 3.3242 12.7935 0.379898 12.88178 12.501882 "" "" 643.727417 743.073914 143729.74246 833.03 96096.0 1872.9 79142.0 1138.3 "" "" 0.006869504727383315 0.021344028 0.016066983 0.03741101 100.18598529752 9.80058067877 694.016418 -1.076 -3.826 0.605908369064331 -0.14487507438659675 0.47508907 0.46008906 "" "" 2.0494040705084537 "" 0.9720119012545432 ""
99.68756393843 10.48014716544 0.0373 0.0339 47.5458 "" "" 3327018526616807552 810.292175 1.2115 0.0418 -1.949 -3.198 0.048 0.04 2.869 5965.8 3.9494 12.794391 0.886099 13.150104 12.264006 15.13 4.06 791.135864 839.679077 143611.89774 150.08 75054.0 261.95 98527.0 229.59 "" "" 0.0029797968175089245 0.004705794 0.00454804 0.009253834 99.68756393843 10.48014716544 810.292175 -1.948999999999998 -3.197999999999996 -0.267091630935669 0.48312492561340337 0.38308907 0.37508905 -3.5938636363636345 6.4519253 2.120265062813852 4.172694545897875 0.7992911231064356 5.571744608002108
