Clusters/NGC_2264/NGC_2264_stars_in_region.tsv
# %ECSV 1.0
# ---
# datatype:
# - name: RA_ICRS_1
#   unit: deg
#   datatype: float64
#   format: '{:15.11f}'
#   description: Right ascension (ICRS) at Ep=2016.0 (ra)
#   meta: !!omap
#   - {ucd: POS_EQ_RA_MAIN}
#   - {width: 15}
#   - {precision: '11'}
# - name: DE_ICRS_1
#   unit: deg
#   datatype: float64
#   format: '{:15.11f}'
#   description: Declination (ICRS) at Ep=2016.0 (dec)
#   meta: !!omap
#   - {ucd: POS_EQ_DEC_MAIN}
#   - {width: 15}
#   - {precision: '11'}
# - name: e_RA_ICRS
#   unit: mas
#   datatype: float64
#   format: '{:7.4f}'
#   description: Standard error of right ascension (ra_error)
#   meta: !!omap
#   - {ucd: ERROR}
#   - {width: 7}
#   - {precision: '4'}
# - name: e_DE_ICRS
#   unit: mas
#   datatype: float64
#   format: '{:7.4f}'
#   description: Standard error of declination (dec_error)
#   meta: !!omap
#   - {ucd: ERROR}
#   - {width: 7}
#   - {precision: '4'}
# - name: _r_1
#   unit: ''
#   datatype: float64
#   format: '{:7.4f}'
#   description: Distance from center (100.21400662000+09.88059411000)[ICRS], at Epoch=J2016.0
#   meta: !!omap
#   - {ucd: POS_ANG_DIST_GENERAL}
#   - {width: 7}
#   - {precision: '4'}
# - name: HIP
#   datatype: int32
#   description: '? HIP cross-id number, van Leeuwen, Cat. I/311 (hip_original_ext_source_id)'
#   meta: !!omap
#   - {ucd: ID_NUMBER}
#   - {width: 6}
#   - values: {'null': -2147483648}
# - name: TYC2
#   datatype: string
#   description: Tycho-2 cross-id name, Hog et al., Cat. I/259 (tyc2_original_ext_source_id)
#   meta: !!omap
#   - {ucd: ID_CROSSID}
#   - {_votable_string_dtype: char}
# - name: Source
#   datatype: int64
#   description: Source identifier, identical to the Gaia-EDR3 source_id (id)
#   meta: !!omap
#   - {ucd: ID_MAIN}
#   - {width: 19}
# - name: rgeo
#   unit: pc
#   datatype: float64
#   format: '{:15.8f}'
#   description: '? Median of the geometric distance posterior (r_med_geo)'
#   meta: !!omap
#   - {ucd: PHYS_DISTANCE_TRUE}
#   - {width: 15}
#   - {precision: '8'}
#   - values: {'null': .nan}
# - name: Plx
#   unit: mas
#   datatype: float64
#   format: '{:9.4f}'
#   description: '? Parallax (parallax)'
#   meta: !!omap
#   - {ucd: POS_PARLX_TRIG}
#   - {width: 9}
#   - {precision: '4'}
#   - values: {'null': .nan}
# - name: e_Plx
#   unit: mas
#   datatype: float32
#   format: '{:7.4f}'
#   description: '? Standard error of parallax (parallax_error)'
#   meta: !!omap
#   - {ucd: ERROR}
#   - {width: 7}
#   - {precision: '4'}
#   - values: {'null': .nan}
# - name: pmRA
#   unit: mas / yr
#   datatype: float64
#   format: '{:9.3f}'
#   description: '? Proper motion in right ascension direction, pmRA*cosDE (pmra)'
#   meta: !!omap
#   - {ucd: POS_EQ_PMRA}
#   - {width: 9}
#   - {precision: '3'}
#   - values: {'null': .nan}
# - name: pmDE
#   unit: mas / yr
#   datatype: float64
#   format: '{:9.3f}'
#   description: '? Proper motion in declination direction (pmdec)'
#   meta: !!omap
#   - {ucd: POS_EQ_PMDEC}
#   - {width: 9}
#   - {precision: '3'}
#   - values: {'null': .nan}
# - name: e_pmRA
#   unit: mas / yr
#   datatype: float32
#   format: '{:6.3f}'
#   description: '? Standard error of proper motion in right ascension direction (pmra_error)'
#   meta: !!omap
#   - {ucd: ERROR}
#   - {width: 6}
#   - {precision: '3'}
#   - values: {'null': .nan}
# - name: e_pmDE
[...]
#         value: !astropy.table.SerializedColumn {name: SkyCoord.dec}
#       distance: !astropy.table.SerializedColumn
#         __class__: astropy.coordinates.distances.Distance
#         unit: !astropy.units.Unit {unit: pc}
#         value: !astropy.table.SerializedColumn {name: SkyCoord.distance}
#       frame: icrs
#       obstime: !astropy.time.Time {format: jyear_str, in_subfmt: '*', jd1: 367701545.0, jd2: 0.0, out_subfmt: '*', precision: 3, scale: tt}
#       pm_dec: !astropy.table.SerializedColumn
#         __class__: astropy.units.quantity.Quantity
#         unit: !astropy.units.Unit {unit: mas / yr}
#         value: !astropy.table.SerializedColumn {name: SkyCoord.pm_dec}
#       pm_ra_cosdec: !astropy.table.SerializedColumn
#         __class__: astropy.units.quantity.Quantity
#         unit: !astropy.units.Unit {unit: mas / yr}
#         value: !astropy.table.SerializedColumn {name: SkyCoord.pm_ra_cosdec}
#       ra: !astropy.table.SerializedColumn
#         __class__: astropy.coordinates.angles.Longitude
#         unit: *id001
#         value: !astropy.table.SerializedColumn {name: SkyCoord.ra}
#         wrap_angle: !astropy.coordinates.Angle
#           unit: *id001
#           value: 360.0
#       representation_type: spherical
# schema: astropy-2.0
RA_ICRS_1 DE_ICRS_1 e_RA_ICRS e_DE_ICRS _r_1 HIP TYC2 Source rgeo Plx e_Plx pmRA pmDE e_pmRA e_pmDE RUWE Teff logg Gmag BP-RP BPmag RPmag RV e_RV b_rgeo B_rgeo FG e_FG FBP e_FBP FRP e_FRP RAVE5 RAVE6 e_Gmag e_BPmag e_RPmag e_BP-RP SkyCoord.ra SkyCoord.dec SkyCoord.distance SkyCoord.pm_ra_cosdec SkyCoord.pm_dec rmRA rmDE e_rmRA e_rmDE rRV e_rRV v_pec v_pec3d e_vpec e_vpec3d
[from data line 982]
99.60171913657 10.22339889782 0.0392 0.0354 41.612 "" "" 3326978841119607040 763.537109 1.2779 0.0415 -3.131 -7.078 0.049 0.044 1.058 4723.1 4.3989 15.793261 1.363419 16.404114 15.040695 "" "" 743.983215 785.46698 9070.73587 4.3768 3747.8 18.859 7636.2 16.948 "" "" 0.002804683238779374 0.0061346777 0.0044822367 0.010616914 99.60171913657 10.22339889782 763.537109 -3.130999999999999 -7.077999999999998 -1.4490916309356687 -3.396875074386597 0.38408905 0.37908906 "" "" 13.365764791067905 "" 5.077161735279645 ""
100.15776521254 9.58167091816 0.1888 0.1716 18.2412 "" "" 3326702825045732480 742.876953 1.5203 0.2132 -1.656 -3.866 0.244 0.215 5.588 "" "" 15.795934 2.272381 16.88335 14.61097 "" "" 634.989136 871.10968 9048.43408 59.585 2410.3 49.782 11344.0 177.34 "" "" 0.007662244977553357 0.022597559 0.017388925 0.039986484 100.15776521254 9.58167091816 742.876953 -1.656 -3.8659999999999997 0.025908369064331138 -0.18487507438659678 0.57908905 0.55008906 "" "" 0.6573502715654655 "" 0.36197784975643305 ""
100.29296154479 9.36373285253 0.044 0.0409 31.3614 "" "" 3326637648917502080 668.192322 1.4464 0.0502 -1.887 -4.052 0.056 0.047 1.306 "" "" 15.804194 2.431258 17.09675 14.665492 "" "" 646.552307 694.089966 8979.85234 9.4727 1980.2 11.698 10789.0 22.012 "" "" 0.0029838833218700923 0.006994573 0.004380708 0.011375281 100.29296154479 9.36373285253 668.192322 -1.8870000000000002 -4.052 -0.20509163093566896 -0.3708750743865963 0.39108905 0.38208905 "" "" 1.3422894124271159 "" 0.5157285848579402 ""
99.34066729084 9.94943139975 0.1368 0.1551 51.7827 "" "" 3326873936543954304 565.174316 1.7564 0.2018 3.379 -5.252 0.157 0.125 3.523 4602.6 4.3264 15.805243 1.378745 16.334002 14.955256 "" "" 501.008026 638.518494 8971.17678 17.899 3997.8 21.642 8261.4 15.455 "" "" 0.0035048997547520127 0.0065062526 0.004290601 0.010796853 99.34066729084 9.94943139975 565.174316 3.378999999999997 -5.252000000000001 5.060908369064331 -1.5708750743865965 0.49208906 0.46008906 "" "" 14.195893383183671 "" 6.946914345071096 ""
100.33448206765 9.97483693215 0.0345 0.0357 9.0924 "" "" 3326743064594222592 750.557251 1.2854 0.0453 -5.186 -6.766 0.043 0.038 1.0 7323.5 4.0911 15.806677 2.395065 17.085375 14.69031 "" "" 718.996216 785.434448 8959.34314 5.2016 2001.1 16.756 10545.0 26.039 "" "" 0.0028265060828418648 0.009509824 0.004633752 0.014143577 100.33448206765 9.97483693215 750.557251 -5.185999999999995 -6.765999999999999 -3.504091630935669 -3.0848750743865967 0.37808907 0.37308905 "" "" 16.608932610688058 "" 6.243531566483427 ""
100.61036877475 10.63973631263 0.0362 0.0333 51.2083 "" "" 3350989421994969088 702.817505 1.384 0.0383 4.514 1.931 0.053 0.05 1.027 4494.2 4.5319 15.807938 1.55689 16.536917 14.980026 "" "" 685.611145 723.10376 8948.94561 4.0913 3316.3 16.17 8075.1 27.891 "" "" 0.0027996753255852508 0.005984233 0.0053241737 0.011308407 100.61036877475 10.63973631263 702.817505 4.514 1.930999999999999 6.195908369064331 5.612124925613403 0.38808906 0.38508907 "" "" 27.849256213653902 "" 10.770418626708155 ""
100.18110677542 9.08715325331 0.0393 0.0391 47.6462 "" "" 3326534569702495488 696.558472 1.3942 0.0459 -0.203 -8.524 0.042 0.039 1.013 4599.7 4.586 15.808639 1.327722 16.410414 15.082692 "" "" 678.814758 717.399414 8943.16954 4.666 3726.1 12.524 7346.5 19.458 "" "" 0.0028129483861077972 0.004593761 0.0047490336 0.009342795 100.18110677542 9.08715325331 696.558472 -0.20300000000000032 -8.524 1.478908369064331 -4.842875074386596 0.37708905 0.37408906 "" "" 16.71860696164778 "" 6.258542010506729 ""
100.40600462869 9.62436643266 0.0372 0.0409 19.1115 "" "" 3326697950258130816 667.876465 1.4551 0.0516 1.026 -17.445 0.05 0.04 0.949 4542.4 4.4578 15.808797 1.270794 16.368988 15.098194 "" "" 641.521423 691.460388 8941.86599 4.3301 3871.0 12.771 7242.4 17.109 "" "" 0.002805034995101357 0.0045404625 0.0045675286 0.009107991 100.40600462869 9.62436643266 667.876465 1.0260000000000002 -17.445 2.707908369064331 -13.763875074386597 0.38508907 0.37508905 "" "" 44.40804725384196 "" 16.673732791765545 ""
100.48045458669 9.56575551612 0.0401 0.0406 24.5995 "" "" 3326693620931295872 692.848877 1.4143 0.05 11.162 -3.147 0.053 0.048 1.013 4713.6 4.6385 15.810071 1.401708 16.169683 14.767976 "" "" 669.061157 722.561157 8931.37195 7.2172 4651.0 209.64 9816.8 331.56 "" "" 0.0028916326537253606 0.049018137 0.036864713 0.08588285 100.48045458669 9.56575551612 692.848877 11.162000000000011 -3.147 12.843908369064332 0.5341249256134035 0.38808906 0.38308907 "" "" 42.217184271085245 "" 16.383665318268125 ""
99.89068021232 10.0775158066 0.0331 0.0292 22.4643 "" "" 3326923693739253376 596.181458 1.6458 0.0364 10.788 -8.503 0.045 0.042 1.007 4596.1 4.6553 15.810708 1.510803 16.5108 14.999996 "" "" 581.119507 608.804077 8926.13931 4.2756 3397.0 9.4902 7927.9 14.692 "" "" 0.0028039716625698724 0.0041213445 0.004281615 0.008402959 99.89068021232 10.0775158066 596.181458 10.787999999999993 -8.502999999999997 12.469908369064331 -4.821875074386597 0.38008904 0.37708905 "" "" 37.78145952736865 "" 14.34562648992598 ""
100.2194672822 9.73915042619 0.0473 0.0387 8.4928 "" "" 3326712346988157056 731.999878 1.3281 0.0454 -1.921 -4.451 0.065 0.05 1.154 "" "" 15.814102 2.21806 16.946287 14.728227 "" "" 705.657166 755.95282 8898.27558 31.762 2274.6 46.819 10183.0 81.245 "" "" 0.004755122205984863 0.022521641 0.0094511015 0.031972744 100.2194672822 9.73915042619 731.999878 -1.921 -4.451 -0.239091630935669 -0.7698750743865963 0.40008906 0.38508907 "" "" 2.7970704786313454 "" 1.0808771798023136 ""
100.52886177311 9.41227759918 0.0343 0.0327 33.7107 "" "" 3326640432056121856 831.562195 1.1633 0.0402 -1.643 -6.209 0.047 0.044 1.02 5393.5 4.0006 15.814568 2.024416 16.84399 14.819574 "" "" 806.887573 860.229736 8894.46202 4.6247 2499.3 20.309 9361.1 16.049 "" "" 0.002812558482974352 0.009253245 0.004212912 0.013466157 100.52886177311 9.41227759918 831.562195 -1.6429999999999998 -6.2090000000000005 0.03890836906433104 -2.5278750743865963 0.38208905 0.37908906 "" "" 9.96506471667343 "" 3.7776540994703307 ""
101.09717800939 9.79443599386 0.0355 0.0314 52.4664 "" "" 3350695959766709120 734.111328 1.3133 0.0377 -2.73 -5.131 0.043 0.035 0.956 4699.8 4.5548 15.818012 1.253589 16.373493 15.119905 "" "" 711.219604 754.654236 8866.29026 4.3027 3855.0 13.535 7099.0 14.071 "" "" 0.002805246319535799 0.00472406 0.004349143 0.009073203 101.09717800939 9.79443599386 734.111328 -2.73 -5.131 -1.048091630935669 -1.449875074386597 0.37808907 0.37008905 "" "" 6.225270983709935 "" 2.3211178281811744 ""
100.23293727495 9.898146737 0.0352 0.0322 1.5366 "" "" 3326740964359745920 725.981384 1.3415 0.0417 -1.333 -3.568 0.047 0.038 1.073 5444.4 4.2749 15.820328 1.956797 16.771399 14.814602 "" "" 704.25238 749.265076 8847.39649 23.542 2672.1 49.668 9404.1 107.37 "" "" 0.00399227851574463 0.020373221 0.0129595725 0.033332795 100.23293727495 9.898146737 725.981384 -1.333 -3.568 0.3489083690643311 0.11312492561340326 0.38208905 0.37308905 "" "" 1.262177214694432 "" 0.4811950781116197 ""
100.54482570527 10.38857933386 0.0384 0.0352 36.2045 "" "" 3350966504049020928 686.875793 1.4118 0.0416 -0.05 -4.859 0.047 0.041 0.929 4558.6 4.4864 15.820758 1.2972 16.401024 15.103824 "" "" 669.988037 712.74585 8843.89664 5.4904 3758.4 17.594 7204.9 15.385 "" "" 0.002836567835034397 0.0057980916 0.0044338293 0.010231921 100.54482570527 10.38857933386 686.875793 -0.04999999999999988 -4.859 1.631908369064331 -1.1778750743865967 0.38208905 0.37608907 "" "" 6.552569781344809 "" 2.4902686953591777 ""
99.52074746227 10.38917810534 0.0361 0.0313 51.0663 "" "" 3326997017420938240 704.862488 1.3761 0.0387 0.042 -4.172 0.051 0.04 0.987 4622.0 4.5597 15.822742 1.344876 16.42518 15.080304 "" "" 685.352173 725.39978 8827.74544 5.2359 3675.7 13.218 7362.7 18.462 "" "" 0.00282957366938175 0.004798863 0.004657861 0.009456724 99.52074746227 10.38917810534 704.862488 0.041999999999999996 -4.172 1.723908369064331 -0.4908750743865964 0.38608906 0.37508905 "" "" 5.988607220604206 "" 2.307260411191622 ""
99.85748866136 9.63683947585 0.0387 0.0355 25.6579 "" "" 3326893697687917184 676.150574 1.4279 0.0442 -2.514 -4.305 0.048 0.04 1.089 "" "" 15.822764 1.951825 16.667051 14.715226 "" "" 656.961426 695.269592 8827.56691 21.407 2941.7 56.676 10305.0 200.34 "" "" 0.003811050045484424 0.0211035 0.02144353 0.042547032 99.85748866136 9.63683947585 676.150574 -2.514 -4.305 -0.8320916309356687 -0.6238750743865964 0.38308907 0.37508905 "" "" 3.3331466164114287 "" 1.2673609756297433 ""
100.23498144619 9.59811599653 0.038 0.0352 16.994 "" "" 3326697091264337664 646.4776 1.5009 0.0453 -2.538 -3.594 0.048 0.04 1.066 5758.8 4.2094 15.824012 2.165953 16.910887 14.744934 "" "" 629.305847 670.529724 8817.42702 61.841 2350.0 64.45 10027.0 168.06 "" "" 0.008097967380972732 0.029907327 0.018586062 0.04849339 100.23498144619 9.59811599653 646.4776 -2.537999999999999 -3.593999999999997 -0.8560916309356688 0.08712492561340346 0.38308907 0.37508905 "" "" 2.636875074909098 "" 1.0099439968312518 ""
99.76478260933 9.27108633385 0.0426 0.0332 45.2081 "" "" 3326597070066300288 688.601562 1.4024 0.0477 -2.705 -3.73 0.045 0.042 1.011 "" "" 15.827338 1.830929 16.710983 14.880054 "" "" 670.182983 707.084229 8790.45632 198.1 2825.0 218.75 8853.9 531.91 "" "" 0.024622586218459874 0.08411878 0.065336466 0.14945525 99.76478260933 9.27108633385 688.601562 -2.705 -3.73 -1.023091630935669 -0.04887507438659666 0.38008904 0.37708905 "" "" 3.343150109008581 "" 1.2706719840988085 ""
99.9988381629 10.10540014681 0.0646 0.0585 18.5361 "" "" 3326946749123659008 756.382996 1.279 0.0728 -4.999 6.222 0.082 0.074 1.884 5892.7 4.5692 15.829007 1.610213 16.54436 14.934146 "" "" 720.703247 801.656067 8776.9547 10.074 3293.6 14.724 8423.6 27.216 "" "" 0.003024031336130115 0.0055985837 0.005156481 0.010755065 99.9988381629 10.10540014681 756.382996 -4.999 6.221999999999999 -3.3170916309356686 9.903124925613405 0.41708905 0.40908906 "" "" 37.44403737771158 "" 15.348428856326908 ""
99.4539407599 9.71485740479 0.0408 0.038 46.0259 "" "" 3326819274495352064 645.281555 1.5069 0.044 -0.29 -12.224 0.042 0.036 0.949 4544.3 4.6026 15.836124 1.409692 16.482658 15.072967 "" "" 625.127991 664.695557 8719.60982 4.1205 3486.2 15.591 7412.6 17.58 "" "" 0.002802682803086962 0.0056001996 0.004573206 0.0101734055 99.4539407599 9.71485740479 645.281555 -0.2899999999999996 -12.224000000000013 1.391908369064331 -8.542875074386597 0.37708905 0.37108904 "" "" 26.474089833426724 "" 9.82838473384852 ""
100.75025104289 9.38090631828 0.0631 0.0638 43.6475 "" "" 3326628333132251904 813.039978 1.2088 0.0818 -5.089 -6.978 0.08 0.065 1.935 5615.2 4.6577 15.841561 1.408092 16.428137 15.020045 "" "" 763.278625 860.459778 8676.05696 18.009 3665.7 20.152 7782.9 27.323 "" "" 0.0035596131050179753 0.0065887314 0.0053677075 0.011956438 100.75025104289 9.38090631828 813.039978 -5.089 -6.978000000000001 -3.4070916309356694 -3.2968750743865964 0.41508907 0.40008906 "" "" 18.271145589443165 "" 7.452882242345487 ""
100.20994635811 10.11518363828 0.0406 0.041 14.0774 "" "" 3326936097605019136 778.48584 1.2504 0.0512 -6.91 -3.396 0.049 0.039 1.042 5487.1 4.5594 15.842041 1.588593 16.57813 14.989537 "" "" 752.86969 808.091248 8672.2176 4.6135 3192.7 21.522 8004.7 14.979 "" "" 0.0028152099878929024 0.007832757 0.004290872 0.012123629 100.20994635811 10.11518363828 778.48584 -6.909999999999998 -3.396 -5.228091630935669 0.2851249256134034 0.38408905 0.37408906 "" "" 19.32044615958193 "" 7.420206357289137 ""
100.40097512126 9.65567216609 0.0379 0.0366 17.4455 "" "" 3326698392639006464 705.493896 1.3854 0.0454 -2.309 -3.593 0.046 0.039 0.97 3993.4 4.0919 15.842805 1.837747 16.722013 14.884267 "" "" 684.612427 735.489807 8666.12133 26.875 2796.5 32.618 8819.7 102.65 "" "" 0.004350716467459684 0.012967611 0.013189647 0.026157258 100.40097512126 9.65567216609 705.493896 -2.309 -3.593 -0.6270916309356691 0.08812492561340335 0.38108906 0.37408906 "" "" 2.1176255008399147 "" 0.8067194299345332 ""
99.74827276331 10.51816289765 0.0383 0.0339 47.1143 "" "" 3327020553841358976 630.196106 1.5436 0.0394 -0.551 0.606 0.049 0.043 1.023 4627.4 4.6234 15.843042 1.347273 16.372934 15.025661 "" "" 615.176575 646.639832 8664.2274 5.6243 3856.9 19.68 7742.7 31.908 "" "" 0.002844033346578796 0.0062029697 0.0058569335 0.012059903 99.74827276331 10.51816289765 630.196106 -0.551 0.606 1.130908369064331 4.287124925613403 0.38408905 0.37808907 "" "" 13.244271442646077 "" 5.01272252195841 ""
100.53851705355 10.51218498943 0.0402 0.036 42.4651 "" "" 3350985990317216640 798.437195 1.2204 0.0456 8.281 -21.568 0.048 0.042 1.028 5330.0 4.5977 15.847107 1.396844 16.478523 15.081679 "" "" 769.766174 829.892273 8631.85231 4.4087 3499.5 16.593 7353.4 15.243 "" "" 0.0028105695400230633 0.005855555 0.0043987636 0.010254319 100.53851705355 10.51218498943 798.437195 8.281 -21.56800000000001 9.962908369064332 -17.886875074386598 0.38308907 0.37708905 "" "" 77.48714463465528 "" 29.330306155833373 ""
100.43934479597 9.24599759497 0.0377 0.0348 40.3425 "" "" 3326632082639739264 776.715332 1.2466 0.044 2.693 -9.743 0.045 0.038 1.044 5016.8 4.2287 15.847508 1.921909 16.798664 14.876755 "" "" 753.124634 802.103516 8628.65913 4.4031 2605.9 22.125 8880.9 18.31 "" "" 0.002810471042956004 0.009631288 0.0043925587 0.014023847 100.43934479597 9.24599759497 776.715332 2.693 -9.743 4.374908369064331 -6.061875074386597 0.38008904 0.37308905 "" "" 27.522781734770334 "" 10.334834530443901 ""
100.31519060333 9.44261490529 0.0369 0.0336 26.9517 "" "" 3326685443313412736 763.588257 1.2826 0.0419 -2.027 -4.045 0.045 0.037 0.944 8106.6 4.1937 15.847565 2.357839 17.045774 14.687936 "" "" 738.252991 789.170654 8628.21477 21.283 2075.4 50.253 10568.0 120.96 "" "" 0.0038424367514742134 0.026437279 0.012989189 0.03942647 100.31519060333 9.44261490529 763.588257 -2.027 -4.044999999999999 -0.3450916309356691 -0.3638750743865966 0.38008904 0.37208906 "" "" 1.8151009971321175 "" 0.682293688986403 ""
99.74937043717 9.57190813694 0.048 0.0474 33.1367 "" "" 3326799414567217152 640.945801 1.5083 0.0563 4.98 0.765 0.053 0.045 1.161 5041.1 4.6638 15.847909 1.251045 16.390326 15.13928 "" "" 619.937256 666.556519 8625.48084 4.6097 3795.7 21.037 6973.4 15.647 "" "" 0.0028157551666311755 0.0066329013 0.0044965255 0.011129427 99.74937043717 9.57190813694 640.945801 4.98 0.765 6.6619083690643315 4.446124925613403 0.38808906 0.38008904 "" "" 24.332949952643652 "" 9.3837949548409 ""
100.53651120459 10.31663758416 0.0404 0.0406 32.3636 "" "" 3350961560543556096 658.862061 1.4659 0.0474 -1.426 -3.184 0.047 0.042 0.957 6384.3 4.2547 15.853038 2.069409 16.894888 14.825479 "" "" 638.298706 681.471313 8584.82768 19.445 2384.9 26.901 9310.4 67.545 "" "" 0.0036931887855015007 0.012560617 0.008736561 0.02129718 100.53651120459 10.31663758416 658.862061 -1.426 -3.1839999999999997 0.2559083690643311 0.49712492561340316 0.38208905 0.37708905 "" "" 1.7461550676331599 "" 0.6602944686277114 ""
99.8718262925 9.24514699975 0.046 0.0505 43.1686 "" "" 3326585215956547328 722.720642 1.3434 0.0607 13.068 -5.011 0.046 0.039 0.916 4809.8 4.5432 15.853783 1.268536 16.416939 15.148403 "" "" 692.657043 753.767334 8578.93764 4.292 3703.7 19.829 6915.1 9.7524 "" "" 0.0028083523699748976 0.006447814 0.0040777884 0.010525603 99.8718262925 9.24514699975 722.720642 13.068 -5.011 14.74990836906433 -1.3298750743865968 0.38108906 0.37408906 "" "" 50.73366079288467 "" 19.331205612543283 ""
