Clusters/NGC_2264/NGC_2264_stars_in_region.tsv
# %ECSV 1.0
# ---
# datatype:
# - name: RA_ICRS_1
#   unit: deg
#   datatype: float64
#   format: '{:15.11f}'
#   description: Right ascension (ICRS) at Ep=2016.0 (ra)
#   meta: !!omap
#   - {ucd: POS_EQ_RA_MAIN}
#   - {width: 15}
#   - {precision: '11'}
# - name: DE_ICRS_1
#   unit: deg
#   datatype: float64
#   format: '{:15.11f}'
#   description: Declination (ICRS) at Ep=2016.0 (dec)
#   meta: !!omap
#   - {ucd: POS_EQ_DEC_MAIN}
#   - {width: 15}
#   - {precision: '11'}
# - name: e_RA_ICRS
#   unit: mas
#   datatype: float64
#   format: '{:7.4f}'
#   description: Standard error of right ascension (ra_error)
#   meta: !!omap
#   - {ucd: ERROR}
#   - {width: 7}
#   - {precision: '4'}
# - name: e_DE_ICRS
#   unit: mas
#   datatype: float64
#   format: '{:7.4f}'
#   description: Standard error of declination (dec_error)
#   meta: !!omap
#   - {ucd: ERROR}
#   - {width: 7}
#   - {precision: '4'}
# - name: _r_1
#   unit: ''
#   datatype: float64
#   format: '{:7.4f}'
#   description: Distance from center (100.21400662000+09.88059411000)[ICRS], at Epoch=J2016.0
#   meta: !!omap
#   - {ucd: POS_ANG_DIST_GENERAL}
#   - {width: 7}
#   - {precision: '4'}
# - name: HIP
#   datatype: int32
#   description: '? HIP cross-id number, van Leeuwen, Cat. I/311 (hip_original_ext_source_id)'
#   meta: !!omap
#   - {ucd: ID_NUMBER}
#   - {width: 6}
#   - values: {'null': -2147483648}
# - name: TYC2
#   datatype: string
#   description: Tycho-2 cross-id name, Hog et al., Cat. I/259 (tyc2_original_ext_source_id)
#   meta: !!omap
#   - {ucd: ID_CROSSID}
#   - {_votable_string_dtype: char}
# - name: Source
#   datatype: int64
#   description: Source identifier, identical to the Gaia-EDR3 source_id (id)
#   meta: !!omap
#   - {ucd: ID_MAIN}
#   - {width: 19}
# - name: rgeo
#   unit: pc
#   datatype: float64
#   format: '{:15.8f}'
#   description: '? Median of the geometric distance posterior (r_med_geo)'
#   meta: !!omap
#   - {ucd: PHYS_DISTANCE_TRUE}
#   - {width: 15}
#   - {precision: '8'}
#   - values: {'null': .nan}
# - name: Plx
#   unit: mas
#   datatype: float64
#   format: '{:9.4f}'
#   description: '? Parallax (parallax)'
#   meta: !!omap
#   - {ucd: POS_PARLX_TRIG}
#   - {width: 9}
#   - {precision: '4'}
#   - values: {'null': .nan}
# - name: e_Plx
#   unit: mas
#   datatype: float32
#   format: '{:7.4f}'
#   description: '? Standard error of parallax (parallax_error)'
#   meta: !!omap
#   - {ucd: ERROR}
#   - {width: 7}
#   - {precision: '4'}
#   - values: {'null': .nan}
# - name: pmRA
#   unit: mas / yr
#   datatype: float64
#   format: '{:9.3f}'
#   description: '? Proper motion in right ascension direction, pmRA*cosDE (pmra)'
#   meta: !!omap
#   - {ucd: POS_EQ_PMRA}
#   - {width: 9}
#   - {precision: '3'}
#   - values: {'null': .nan}
# - name: pmDE
#   unit: mas / yr
#   datatype: float64
#   format: '{:9.3f}'
#   description: '? Proper motion in declination direction (pmdec)'
#   meta: !!omap
#   - {ucd: POS_EQ_PMDEC}
#   - {width: 9}
#   - {precision: '3'}
#   - values: {'null': .nan}
# - name: e_pmRA
#   unit: mas / yr
#   datatype: float32
#   format: '{:6.3f}'
#   description: '? Standard error of proper motion in right ascension direction (pmra_error)'
#   meta: !!omap
#   - {ucd: ERROR}
#   - {width: 6}
#   - {precision: '3'}
#   - values: {'null': .nan}
# - name: e_pmDE
[...]
#         value: !astropy.table.SerializedColumn {name: SkyCoord.dec}
#       distance: !astropy.table.SerializedColumn
#         __class__: astropy.coordinates.distances.Distance
#         unit: !astropy.units.Unit {unit: pc}
#         value: !astropy.table.SerializedColumn {name: SkyCoord.distance}
#       frame: icrs
#       obstime: !astropy.time.Time {format: jyear_str, in_subfmt: '*', jd1: 367701545.0, jd2: 0.0, out_subfmt: '*', precision: 3, scale: tt}
#       pm_dec: !astropy.table.SerializedColumn
#         __class__: astropy.units.quantity.Quantity
#         unit: !astropy.units.Unit {unit: mas / yr}
#         value: !astropy.table.SerializedColumn {name: SkyCoord.pm_dec}
#       pm_ra_cosdec: !astropy.table.SerializedColumn
#         __class__: astropy.units.quantity.Quantity
#         unit: !astropy.units.Unit {unit: mas / yr}
#         value: !astropy.table.SerializedColumn {name: SkyCoord.pm_ra_cosdec}
#       ra: !astropy.table.SerializedColumn
#         __class__: astropy.coordinates.angles.Longitude
#         unit: *id001
#         value: !astropy.table.SerializedColumn {name: SkyCoord.ra}
#         wrap_angle: !astropy.coordinates.Angle
#           unit: *id001
#           value: 360.0
#       representation_type: spherical
# schema: astropy-2.0
RA_ICRS_1 DE_ICRS_1 e_RA_ICRS e_DE_ICRS _r_1 HIP TYC2 Source rgeo Plx e_Plx pmRA pmDE e_pmRA e_pmDE RUWE Teff logg Gmag BP-RP BPmag RPmag RV e_RV b_rgeo B_rgeo FG e_FG FBP e_FBP FRP e_FRP RAVE5 RAVE6 e_Gmag e_BPmag e_RPmag e_BP-RP SkyCoord.ra SkyCoord.dec SkyCoord.distance SkyCoord.pm_ra_cosdec SkyCoord.pm_dec rmRA rmDE e_rmRA e_rmDE rRV e_rRV v_pec v_pec3d e_vpec e_vpec3d
[from data line 547]
100.75710377883 9.19923456011 0.023 0.0219 51.9996 "" "" 3326621431120961024 628.040039 1.5527 0.0275 -1.683 -7.067 0.03 0.023 1.208 5278.8 4.4893 14.558598 0.948997 14.936604 13.987608 10.01 5.18 618.952698 638.441467 28281.83897 10.611 14480.0 24.94 20143.0 21.571 "" "" 0.0027852697238867482 0.0033588863 0.0039541894 0.0073130755 100.75710377883 9.19923456011 628.040039 -1.6830000000000003 -7.066999999999999 -0.0010916309356689968 -3.385875074386597 0.36508906 0.35808906 -8.713863636363635 7.571925 10.07944516311645 13.323912123299674 3.609339047068122 5.654921008194717
99.70606470323 10.14789609755 0.0218 0.0197 34.0287 "" "" 3326973687158609664 708.678467 1.3657 0.025 1.037 -9.694 0.031 0.024 0.96 5231.3 4.4559 14.573639 1.00941 14.997746 13.988337 "" "" 694.395142 720.558838 27892.7487 8.2543 13687.0 22.054 20129.0 19.235 "" "" 0.0027739906804049494 0.0032932735 0.0039192047 0.007212478 99.70606470323 10.14789609755 708.678467 1.0369999999999986 -9.694 2.718908369064331 -6.0128750743865975 0.36608905 0.35908905 "" "" 22.167021604225937 "" 7.986488273825379 ""
100.18433800892 10.34930572218 0.028 0.0263 28.1772 "" "" 3326960183781210240 733.418274 1.3249 0.035 -1.86 -3.281 0.028 0.023 1.278 7635.5 4.0766 14.574253 1.723196 15.390059 13.666863 "" "" 711.204895 761.105347 27876.97742 59.269 9536.6 82.459 27065.0 144.11 "" "" 0.0035944931040811823 0.009793766 0.0069068684 0.016700635 100.18433800892 10.34930572218 733.418274 -1.8600000000000003 -3.281 -0.17809163093566904 0.4001249256134032 0.36308905 0.35808906 "" "" 1.5225555472306105 "" 0.5464765640300981 ""
100.04286841663 9.64861904024 0.0281 0.0256 17.2084 "" "" 3326706815070307072 742.878784 1.3087 0.0304 -2.417 -3.393 0.036 0.03 1.508 6010.1 3.9159 14.576214 1.690824 15.290475 13.599651 "" "" 724.585876 759.833252 27826.66975 104.65 10453.0 212.55 28794.0 398.33 "" "" 0.004925894731648632 0.022252839 0.015488037 0.037740875 100.04286841663 9.64861904024 742.878784 -2.4170000000000007 -3.3930000000000002 -0.7350916309356688 0.2881249256134035 0.37108904 0.36508906 "" "" 2.78016917699335 "" 1.029484483035039 ""
100.27806165234 9.57940899864 0.0326 0.029 18.4639 "" "" 3326696060472549120 696.409973 1.3878 0.0356 -1.744 -3.804 0.042 0.035 1.612 "" "" 14.578266 2.331462 15.634312 13.30285 "" "" 678.965759 714.553955 27774.10953 344.93 7615.4 329.83 37846.0 1198.5 "" "" 0.01376252170361655 0.047106937 0.03458998 0.08169691 100.27806165234 9.57940899864 696.409973 -1.7440000000000018 -3.804 -0.06209163093566894 -0.1228750743865965 0.37708905 0.37008905 "" "" 0.4544538676137509 "" 0.1688403425190794 ""
101.05141112856 9.70480004539 0.021 0.0192 50.6232 "" "" 3326664518232426624 587.43573 1.6627 0.0221 13.852 -26.481 0.025 0.021 0.989 "" "" 14.579248 1.178003 15.086317 13.908314 57.63 9.59 579.520752 594.482788 27748.99246 7.1685 12615.0 27.407 21669.0 28.724 "" "" 0.0027695594763916483 0.0036536525 0.0040441453 0.007697798 101.05141112856 9.70480004539 587.43573 13.852 -26.48099999999998 15.533908369064331 -22.7998750743866 0.36008906 0.35608906 38.906136363636364 11.981926 76.81924006928557 86.10971543077122 27.452278875310558 25.081639947457326
100.43160091824 9.26085947801 0.0313 0.0279 39.3496 "" "" 3326632185718953472 725.087158 1.3403 0.0346 -1.179 -5.826 0.038 0.032 1.895 4863.0 4.3617 14.579378 1.177017 15.088534 13.911517 44.6 4.79 707.235168 744.868164 27745.69996 12.878 12589.0 34.73 21605.0 27.895 "" "" 0.002801025315973579 0.004093503 0.004030988 0.008124491 100.43160091824 9.26085947801 725.087158 -1.1790000000000003 -5.826000000000001 0.502908369064331 -2.1448750743865963 0.37308905 0.36708906 25.876136363636366 7.1819253 7.5716732235435975 26.961169642907397 2.7818641590108966 6.937026263063299
100.16850059361 9.84731492054 0.0667 0.0618 3.3501 "" "" 3326717290495540352 699.752808 1.3821 0.0803 -1.56 -4.271 0.085 0.067 3.797 6097.4 4.0291 14.583754 2.163964 15.643265 13.479301 -11.47 9.6 659.236572 741.926514 27634.09203 114.35 7552.9 120.37 32169.0 387.0 "" "" 0.005270376913224011 0.01752681 0.0135974325 0.031124242 100.16850059361 9.84731492054 699.752808 -1.5600000000000003 -4.271 0.121908369064331 -0.5898750743865966 0.42008907 0.40208906 -30.193863636363638 11.991926 1.9978605068870803 30.25988843165654 0.8048224748304164 11.965878698426422
99.43445594988 9.46260490737 0.0201 0.02 52.4875 "" "" 3326793367252731904 809.073425 1.1887 0.0256 1.227 -8.385 0.024 0.02 0.969 5245.9 4.2947 14.585267 1.160947 15.085746 13.924799 0.19 5.01 795.406738 827.208984 27595.60127 6.7111 12622.0 14.618 21342.0 26.934 "" "" 0.0027679431420169027 0.0030604217 0.004020103 0.007080524 99.43445594988 9.46260490737 809.073425 1.227 -8.384999999999998 2.9089083690643314 -4.7038750743865965 0.35908905 0.35508907 -18.533863636363634 7.4019256 21.210121576532067 28.166884076563978 7.5550473125137705 7.489135036054798
99.7809709777 9.96583860468 0.031 0.0291 26.0995 "" "" 3326921254197899136 739.517151 1.315 0.0352 10.854 -12.359 0.042 0.038 1.686 5068.9 4.2717 14.586179 1.129799 15.05327 13.923471 -28.61 10.74 720.792542 757.033081 27572.43288 11.897 13005.0 28.671 21368.0 17.351 "" "" 0.002794862877977799 0.0036762082 0.0038808496 0.007557058 99.7809709777 9.96583860468 739.517151 10.85400000000001 -12.359 12.53590836906433 -8.677875074386597 0.37708905 0.37308905 -47.33386363636363 13.131926 53.44358522926735 71.3912561095813 20.083986072173108 17.37398587259283
100.4852296911 10.59368916195 0.0195 0.0179 45.6845 "" "" 3350987467785957376 764.004822 1.262 0.022 -5.894 -2.117 0.025 0.021 1.085 5802.4 4.3947 14.596305 1.046056 15.033498 13.987442 1.39 7.34 751.127563 779.70929 27316.47299 7.9972 13244.0 14.034 20146.0 26.315 "" "" 0.0027735942736111874 0.003018062 0.0040367106 0.0070547727 100.4852296911 10.59368916195 764.004822 -5.894 -2.1169999999999995 -4.212091630935669 1.5641249256134033 0.36008906 0.35608906 -17.333863636363635 9.731926 16.271338107014973 23.774340629276075 5.851282135726569 8.147641258709234
100.26681321708 9.81908919818 0.0265 0.0239 4.8336 "" "" 3326716092199626752 793.688049 1.2168 0.0317 -2.648 -3.361 0.035 0.027 1.385 "" "" 14.601486 1.684565 15.397262 13.712697 0.93 7.4 774.510254 817.165649 27186.44621 37.604 9473.5 51.272 25947.0 112.33 "" "" 0.003138013423115005 0.0065049506 0.006031359 0.01253631 100.26681321708 9.81908919818 793.688049 -2.6480000000000006 -3.361 -0.9660916309356691 0.3201249256134031 0.37008905 0.36208907 -17.793863636363636 9.791925 3.828854497885464 18.201145839630037 1.4140162060297055 9.577434464606334
99.92448856082 10.67591832448 0.0218 0.0215 50.6882 "" "" 3327029345637605760 686.82489 1.4052 0.0262 -5.742 -1.48 0.026 0.021 0.947 5747.2 4.6141 14.606789 0.902885 14.972854 14.069968 40.76 9.53 673.443359 700.041382 27053.98439 7.0092 14005.0 27.412 18671.0 20.053 "" "" 0.002769641871952352 0.0035072996 0.0039551887 0.0074624885 99.92448856082 10.67591832448 686.82489 -5.741999999999998 -1.48 -4.060091630935669 2.2011249256134033 0.36108905 0.35608906 22.036136363636363 11.921925 15.03531797700441 26.67680813940095 5.412104004692775 10.309582758279724
99.50690937906 9.69191394011 0.0263 0.0285 43.3141 "" "" 3326816010320197248 632.248779 1.5346 0.0355 3.027 -8.683 0.027 0.023 1.2 5251.4 4.5097 14.608675 1.015755 15.034225 14.01847 11.66 5.33 620.609314 647.731262 27007.01626 8.1449 13235.0 23.404 19578.0 22.594 "" "" 0.002774708493382413 0.0033869257 0.003981673 0.007368599 99.50690937906 9.69191394011 632.248779 3.0270000000000037 -8.68299999999999 4.708908369064331 -5.0018750743865965 0.36208907 0.35808906 -7.063863636363635 7.7219253 20.58747884193952 21.76562552605479 7.410957769749221 7.444323305000384
99.75982448631 9.54919633287 0.0242 0.0237 33.4191 "" "" 3326799032313553664 786.611633 1.2238 0.0282 -0.748 -4.422 0.028 0.023 1.0 5401.3 4.2718 14.617988 1.117488 15.090941 13.973453 36.84 4.04 771.934814 800.200073 26776.37719 8.3021 12561.0 17.825 20407.0 20.39 "" "" 0.0027758085569014467 0.0031873079 0.0039319955 0.0071193036 99.75982448631 9.54919633287 786.611633 -0.748 -4.422 0.9339083690643311 -0.7408750743865964 0.36308905 0.35808906 18.116136363636368 6.4319253 4.444757585520141 18.653425067260617 1.605295315180165 6.258362187862458
100.02002289285 10.55703881368 0.0232 0.0232 42.172 "" "" 3327014850124939392 786.510132 1.2314 0.0284 -2.762 6.333 0.025 0.021 1.08 5581.1 4.1734 14.625875 1.443323 15.275446 13.832123 34.65 5.17 766.789368 805.931213 26582.5749 21.456 10598.0 36.272 23244.0 32.861 "" "" 0.0028913272319591897 0.0046468764 0.004079191 0.008726068 100.02002289285 10.55703881368 786.510132 -2.7620000000000027 6.333 -1.080091630935669 10.014124925613404 0.36008906 0.35608906 15.926136363636363 7.5619254 37.549761428443134 40.787576574321456 13.372795861262391 12.660358581101107
100.2673927318 9.86719027228 0.024 0.0209 3.2566 "" "" 3326739937858048000 720.639587 1.3461 0.0289 -1.612 -3.678 0.03 0.023 1.077 4723.5 4.1459 14.629252 1.535578 15.335794 13.800217 40.71 7.11 706.521545 735.244019 26499.98885 63.366 10025.0 45.48 23937.0 137.37 "" "" 0.0037857553544478613 0.0056609823 0.00728746 0.012948442 100.2673927318 9.86719027228 720.639587 -1.6120000000000003 -3.6780000000000035 0.06990836906433096 0.0031249256134033843 0.36508906 0.35808906 21.986136363636366 9.501925 0.2390336705180389 21.98743571442688 0.08726527307987096 9.501363998105761
100.9626368948 10.20027482181 0.0455 0.0421 48.2098 "" "" 3350762995615856768 589.452087 1.6602 0.046 0.641 -5.218 0.055 0.048 2.065 "" "" 14.631912 1.34017 15.195 13.85483 49.21 6.4 571.699524 602.668945 26435.15897 18.403 11413.0 25.37 22763.0 29.456 "" "" 0.0028571115628527296 0.003689169 0.0040320815 0.0077212504 100.9626368948 10.20027482181 589.452087 0.6409999999999998 -5.218000000000002 2.322908369064331 -1.5368750743865967 0.39008906 0.38308907 30.486136363636366 8.791925 7.782132341621846 31.463726641400065 3.0192432348042293 8.551425804819255
100.39099086417 9.16509320668 0.0215 0.0193 44.189 "" "" 3326629746177556992 781.575867 1.2369 0.0236 0.185 -2.567 0.028 0.024 1.1 5699.6 4.1246 14.635565 1.569831 15.364035 13.794204 -42.15 9.52 768.592773 796.091125 26346.37049 8.3272 9767.9 39.879 24070.0 19.883 "" "" 0.002776607888658183 0.0052377274 0.003884341 0.009122068 100.39099086417 9.16509320668 781.575867 0.18499999999999978 -2.566999999999999 1.866908369064331 1.1141249256134031 0.36308905 0.35908905 -60.87386363636364 11.911926 8.054245857158847 61.404382175429106 2.9159823494025696 11.81520266274924
100.27233711345 9.55371947674 0.0372 0.0317 19.9135 "" "" 3326695888673864448 819.528015 1.185 0.0391 -2.416 -3.576 0.048 0.041 1.723 7659.5 4.1557 14.639215 1.661381 15.407972 13.746592 31.35 12.7 792.546631 845.34668 26257.94542 70.637 9380.5 105.02 25149.0 172.3 "" "" 0.004015298986919408 0.012471548 0.008343614 0.020815162 100.27233711345 9.55371947674 819.528015 -2.4159999999999973 -3.576000000000002 -0.7340916309356689 0.10512492561340325 0.38308907 0.37608907 12.626136363636366 15.091925 2.880716369476276 12.950592506696715 1.103169349082527 14.715866981160962
100.41153984678 9.53659982785 0.026 0.0238 23.7164 "" "" 3326692212181838592 691.410339 1.4071 0.0312 -2.372 -3.632 0.035 0.03 1.247 5510.3 4.2997 14.63964 1.380104 15.240972 13.860868 "" "" 679.201965 704.990173 26247.6733 89.711 10940.0 147.93 22637.0 172.83 "" "" 0.004621965306523584 0.01494404 0.009110343 0.024054382 100.41153984678 9.53659982785 691.410339 -2.372 -3.6320000000000014 -0.6900916309356688 0.0491249256134032 0.37008905 0.36508906 "" "" 2.2673500657328667 "" 0.8390646665333987 ""
99.61763705659 9.84129232821 0.0212 0.0194 35.3323 "" "" 3326912664263411584 821.683411 1.1758 0.0236 1.251 -6.694 0.024 0.02 1.016 5904.1 4.2513 14.641478 1.176792 15.147676 13.970884 39.72 12.85 807.006836 835.306641 26203.29148 9.7908 11922.0 21.092 20455.0 23.345 "" "" 0.0027850256650509696 0.0033874332 0.0039773337 0.0073647667 99.61763705659 9.84129232821 821.683411 1.251 -6.694 2.932908369064331 -3.0128750743865966 0.35908905 0.35508907 20.996136363636364 15.241926 16.37631657395281 26.627457383887307 5.847014281967229 12.54492463357338
100.14310404271 9.25633106259 0.0241 0.0217 37.69 "" "" 3326587994799995776 726.697021 1.3288 0.0256 4.969 -3.499 0.031 0.027 1.036 4890.6 3.6212 14.643141 2.187968 15.785124 13.597156 54.2 2.5 714.336304 739.58728 26163.16315 11.579 6627.8 19.813 28860.0 23.543 "" "" 0.002796905811366059 0.004280124 0.0038817783 0.008161902 100.14310404271 9.25633106259 726.697021 4.969 -3.4989999999999997 6.650908369064331 0.1821249256134032 0.36608905 0.36208907 35.47613636363637 4.8919253 22.917933441355057 42.2349135729399 8.38993607628782 6.132779647265201
100.9964289639 10.21464664649 0.0227 0.02 50.3836 "" "" 3350763369277207808 766.32373 1.2594 0.0233 -4.493 -3.453 0.028 0.024 0.989 5292.8 4.4072 14.644521 0.9689 15.032573 14.063673 27.52 6.13 752.512634 779.779846 26129.93085 14.753 13255.0 26.947 18780.0 24.9 "" "" 0.0028226881970186165 0.0035576788 0.0040442604 0.007601939 100.9964289639 10.21464664649 766.32373 -4.492999999999993 -3.453 -2.8110916309356693 0.22812492561340347 0.36308905 0.35908905 8.796136363636364 8.521925 10.244504911861393 13.502662545469992 3.7194009729220436 6.227548938048527
99.72513025516 10.09020170675 0.021 0.0191 31.5071 "" "" 3326926266423111680 732.737122 1.3263 0.0229 2.548 -3.307 0.027 0.023 1.059 5931.7 4.2882 14.648161 1.271871 15.197246 13.925375 "" "" 722.529541 742.67041 26042.49285 40.702 11390.0 79.428 21331.0 98.228 "" "" 0.0032359350009440054 0.008069116 0.006267475 0.014336591 99.72513025516 10.09020170675 732.737122 2.5480000000000014 -3.3070000000000004 4.229908369064331 0.3741249256134034 0.36208907 0.35808906 "" "" 14.748560044168864 "" 5.339836937796254 ""
99.81114504755 9.65895323766 0.0273 0.0233 27.2818 "" "" 3326894625400854784 595.635925 1.6271 0.0319 1.271 -2.679 0.031 0.025 1.109 5319.4 4.5947 14.649693 1.028151 15.08057 14.05242 37.16 6.91 583.130859 608.129639 26005.75052 8.7598 12682.0 26.955 18975.0 27.733 "" "" 0.002779485702267179 0.0036208346 0.004099007 0.007719842 99.81114504755 9.65895323766 595.635925 1.271 -2.6790000000000025 2.952908369064331 1.0021249256134035 0.36608905 0.36008906 18.43613636363636 9.301926 8.80399856770497 20.430406623431313 3.2176321230234115 8.5076878489223
99.97986752191 9.59511384847 0.0206 0.0193 22.0251 "" "" 3326705131443133952 709.105713 1.3664 0.0234 -11.022 -3.454 0.027 0.024 1.056 5388.0 4.5112 14.65047 0.993414 15.065281 14.071867 60.05 10.43 697.720825 721.092407 25987.1518 6.8085 12862.0 24.344 18639.0 14.226 "" "" 0.0027699648634055152 0.003465255 0.003869164 0.007334419 99.97986752191 9.59511384847 709.105713 -11.022 -3.4540000000000006 -9.34009163093567 0.22712492561340314 0.36208907 0.35908905 41.326136363636365 12.821926 31.402833017559903 51.90363636851101 11.370567085451658 12.31052372910796
100.89046180797 10.43518040795 0.0224 0.0192 51.9934 "" "" 3350783130422025728 811.450684 1.1873 0.0232 3.04 0.674 0.03 0.023 0.923 5826.5 4.3645 14.657389 1.080151 15.111503 14.031352 61.1 12.66 788.563904 825.941467 25822.0799 7.1903 12326.0 21.883 19347.0 12.901 "" "" 0.002771857202829558 0.0033912468 0.0038481024 0.007239349 100.89046180797 10.43518040795 811.450684 3.039999999999999 0.6739999999999997 4.721908369064331 4.355124925613404 0.36508906 0.35808906 42.37613636363636 15.051926 24.70720795964701 49.05285983783971 8.941248705936324 13.76097784327759
