Clusters/NGC_2264/NGC_2264_members.tsv
# %ECSV 1.0
# ---
# datatype:
# - name: RA_ICRS_1
#   unit: deg
#   datatype: float64
#   format: '{:15.11f}'
#   description: Right ascension (ICRS) at Ep=2016.0 (ra)
#   meta: !!omap
#   - {ucd: POS_EQ_RA_MAIN}
#   - {width: 15}
#   - {precision: '11'}
# - name: DE_ICRS_1
#   unit: deg
#   datatype: float64
#   format: '{:15.11f}'
#   description: Declination (ICRS) at Ep=2016.0 (dec)
#   meta: !!omap
#   - {ucd: POS_EQ_DEC_MAIN}
#   - {width: 15}
#   - {precision: '11'}
# - name: e_RA_ICRS
#   unit: mas
#   datatype: float64
#   format: '{:7.4f}'
#   description: Standard error of right ascension (ra_error)
#   meta: !!omap
#   - {ucd: ERROR}
#   - {width: 7}
#   - {precision: '4'}
# - name: e_DE_ICRS
#   unit: mas
#   datatype: float64
#   format: '{:7.4f}'
#   description: Standard error of declination (dec_error)
#   meta: !!omap
#   - {ucd: ERROR}
#   - {width: 7}
#   - {precision: '4'}
# - name: _r_1
#   unit: ''
#   datatype: float64
#   format: '{:7.4f}'
#   description: Distance from center (100.21400662000+09.88059411000)[ICRS], at Epoch=J2016.0
#   meta: !!omap
#   - {ucd: POS_ANG_DIST_GENERAL}
#   - {width: 7}
#   - {precision: '4'}
# - name: HIP
#   datatype: int32
#   description: '? HIP cross-id number, van Leeuwen, Cat. I/311 (hip_original_ext_source_id)'
#   meta: !!omap
#   - {ucd: ID_NUMBER}
#   - {width: 6}
#   - values: {'null': -2147483648}
# - name: TYC2
#   datatype: string
#   description: Tycho-2 cross-id name, Hog et al., Cat. I/259 (tyc2_original_ext_source_id)
#   meta: !!omap
#   - {ucd: ID_CROSSID}
#   - {_votable_string_dtype: char}
# - name: Source
#   datatype: int64
#   description: Source identifier, identical to the Gaia-EDR3 source_id (id)
#   meta: !!omap
#   - {ucd: ID_MAIN}
#   - {width: 19}
# - name: rgeo
#   unit: pc
#   datatype: float64
#   format: '{:15.8f}'
#   description: '? Median of the geometric distance posterior (r_med_geo)'
#   meta: !!omap
#   - {ucd: PHYS_DISTANCE_TRUE}
#   - {width: 15}
#   - {precision: '8'}
#   - values: {'null': .nan}
# - name: Plx
#   unit: mas
#   datatype: float64
#   format: '{:9.4f}'
#   description: '? Parallax (parallax)'
#   meta: !!omap
#   - {ucd: POS_PARLX_TRIG}
#   - {width: 9}
#   - {precision: '4'}
#   - values: {'null': .nan}
# - name: e_Plx
#   unit: mas
#   datatype: float32
#   format: '{:7.4f}'
#   description: '? Standard error of parallax (parallax_error)'
#   meta: !!omap
#   - {ucd: ERROR}
#   - {width: 7}
#   - {precision: '4'}
#   - values: {'null': .nan}
# - name: pmRA
#   unit: mas / yr
#   datatype: float64
#   format: '{:9.3f}'
#   description: '? Proper motion in right ascension direction, pmRA*cosDE (pmra)'
#   meta: !!omap
#   - {ucd: POS_EQ_PMRA}
#   - {width: 9}
#   - {precision: '3'}
#   - values: {'null': .nan}
# - name: pmDE
#   unit: mas / yr
#   datatype: float64
#   format: '{:9.3f}'
#   description: '? Proper motion in declination direction (pmdec)'
#   meta: !!omap
#   - {ucd: POS_EQ_PMDEC}
#   - {width: 9}
#   - {precision: '3'}
#   - values: {'null': .nan}
# - name: e_pmRA
#   unit: mas / yr
#   datatype: float32
#   format: '{:6.3f}'
#   description: '? Standard error of proper motion in right ascension direction (pmra_error)'
#   meta: !!omap
#   - {ucd: ERROR}
#   - {width: 6}
#   - {precision: '3'}
#   - values: {'null': .nan}
# - name: e_pmDE
[...]
#       distance: !astropy.table.SerializedColumn
#         __class__: astropy.coordinates.distances.Distance
#         unit: !astropy.units.Unit {unit: pc}
#         value: !astropy.table.SerializedColumn {name: SkyCoord.distance}
#       frame: icrs
#       obstime: !astropy.time.Time {format: jyear_str, in_subfmt: '*', jd1: 367701545.0, jd2: 0.0, out_subfmt: '*', precision: 3, scale: tt}
#       pm_dec: !astropy.table.SerializedColumn
#         __class__: astropy.units.quantity.Quantity
#         unit: !astropy.units.Unit {unit: mas / yr}
#         value: !astropy.table.SerializedColumn {name: SkyCoord.pm_dec}
#       pm_ra_cosdec: !astropy.table.SerializedColumn
#         __class__: astropy.units.quantity.Quantity
#         unit: !astropy.units.Unit {unit: mas / yr}
#         value: !astropy.table.SerializedColumn {name: SkyCoord.pm_ra_cosdec}
#       ra: !astropy.table.SerializedColumn
#         __class__: astropy.coordinates.angles.Longitude
#         unit: *id001
#         value: !astropy.table.SerializedColumn {name: SkyCoord.ra}
#         wrap_angle: !astropy.coordinates.Angle
#           unit: *id001
#           value: 360.0
#       representation_type: spherical
# schema: astropy-2.0
RA_ICRS_1 DE_ICRS_1 e_RA_ICRS e_DE_ICRS _r_1 HIP TYC2 Source rgeo Plx e_Plx pmRA pmDE e_pmRA e_pmDE RUWE Teff logg Gmag BP-RP BPmag RPmag RV e_RV b_rgeo B_rgeo FG e_FG FBP e_FBP FRP e_FRP RAVE5 RAVE6 e_Gmag e_BPmag e_RPmag e_BP-RP SkyCoord.ra SkyCoord.dec SkyCoord.distance SkyCoord.pm_ra_cosdec SkyCoord.pm_dec rmRA rmDE e_rmRA e_rmDE rRV e_rRV v_pec v_pec3d e_vpec e_vpec3d Pmemb
[from data line 92]
100.21750927599 9.87529414969 0.0455 0.0462 0.3795 "" "" 3326717260430728832 755.171021 1.2917 0.0603 -1.69 -3.413 0.063 0.049 0.98 "" "" 16.326622 2.231194 17.468853 15.237659 "" "" 722.420288 796.58136 5550.06277 19.657 1405.6 29.841 6369.3 65.755 "" "" 0.004730648485375247 0.023218522 0.011828872 0.035047393 100.21750927599 9.87529414969 755.171021 -1.69 -3.4129999999999963 -0.008091630935668892 0.2681249256134035 0.39808905 0.38408905 "" "" 0.9601929719590098 "" 0.36881206345876205 "" 0.9
100.20503655377 9.96072779403 0.045 0.0453 4.8372 "" "" 3326929118281227008 723.575317 1.3489 0.0598 -1.621 -3.481 0.06 0.046 1.009 "" "" 16.33733 2.316269 17.536999 15.22073 "" "" 684.622986 751.69397 5495.59243 25.849 1320.1 21.318 6469.4 91.117 "" "" 0.005802737285615696 0.01775393 0.015751954 0.033505887 100.20503655377 9.96072779403 723.575317 -1.6209999999999993 -3.4809999999999994 0.06090836906433106 0.20012492561340345 0.39508906 0.38108906 "" "" 0.7174635221602217 "" 0.27428331334233985 "" 0.9
100.25146184954 9.89810247336 0.0566 0.0574 2.4505 "" "" 3326740861280532224 769.30011 1.253 0.0731 -1.51 -3.419 0.078 0.07 1.069 "" "" 16.446243 1.877479 17.213226 15.335748 "" "" 728.194275 807.624268 4971.06274 9.1366 1778.8 34.892 5819.1 40.773 "" "" 0.003402051521587172 0.021479217 0.008494561 0.029973779 100.25146184954 9.89810247336 769.30011 -1.5100000000000005 -3.4190000000000005 0.17190836906433105 0.2621249256134033 0.41308907 0.40508905 "" "" 1.1430542857270698 "" 0.46580786501568655 "" 0.9
100.28891847525 9.93556648234 0.0892 0.0964 5.5212 "" "" 3326741415326788480 695.797302 1.3972 0.1237 -1.806 -3.807 0.134 0.11 1.001 "" "" 16.454527 3.252884 18.065836 14.812952 "" "" 644.396973 749.209229 4933.28002 19.04 811.11 36.719 9418.4 80.457 "" "" 0.005015101366818779 0.049230482 0.010015397 0.05924588 100.28891847525 9.93556648234 695.797302 -1.8059999999999998 -3.807 -0.124091630935669 -0.12587507438659662 0.46908906 0.44508904 "" "" 0.5829607345416383 "" 0.2664569790903889 "" 1.0
100.19207839337 9.79725802606 0.0591 0.0556 5.1655 "" "" 3326715782962533376 729.964233 1.3208 0.0641 -1.601 -3.597 0.1 0.099 1.005 3685.3 4.0275 16.486385 2.282344 17.663301 15.380958 "" "" 693.193481 768.718567 4790.63067 4.653 1175.2 28.399 5581.8 17.813 "" "" 0.002950229190352629 0.026385026 0.005127286 0.031512313 100.19207839337 9.79725802606 729.964233 -1.601 -3.5970000000000004 0.08090836906433108 0.08412492561340335 0.43508905 0.43408906 "" "" 0.4038489588228482 "" 0.17550058657108958 "" 1.0
100.32044752221 9.9877057569 0.0491 0.056 8.9931 "" "" 3326743335175888000 692.950745 1.4255 0.074 -1.269 -3.388 0.064 0.053 0.989 3551.3 4.0243 16.498932 2.509063 17.866209 15.357146 "" "" 658.875671 736.594727 4735.59296 6.4777 974.84 11.532 5705.6 20.934 "" "" 0.003130090199467907 0.013143431 0.0054911524 0.018634584 100.32044752221 9.9877057569 692.950745 -1.269 -3.3880000000000003 0.41290836906433115 0.2931249256134034 0.39908907 0.38808906 "" "" 1.6632321890069046 "" 0.6577038264330498 "" 1.0
100.28833035092 9.88373093373 0.0652 0.0621 4.3973 "" "" 3326740075296996608 673.978271 1.4703 0.0764 -1.537 -3.613 0.087 0.075 1.252 "" "" 16.506699 2.385381 17.764133 15.378753 "" "" 638.112122 705.624634 4701.83519 32.937 1070.9 36.873 5593.2 99.133 "" "" 0.008089432904182807 0.037487812 0.019611038 0.05709885 100.28833035092 9.88373093373 673.978271 -1.5369999999999997 -3.6130000000000004 0.14490836906433113 0.06812492561340333 0.42208904 0.41008908 "" "" 0.5115387197917884 "" 0.2148167667328273 "" 1.0
100.10348952978 9.88651557922 0.0542 0.052 6.5423 "" "" 3326905002041819008 708.470642 1.3782 0.0697 -2.196 -3.945 0.076 0.057 1.072 3654.9 4.0029 16.51072 2.506311 17.865953 15.359642 "" "" 671.12616 755.956421 4684.45507 9.8431 975.07 15.915 5692.5 34.621 "" "" 0.003577215565670889 0.01793959 0.007608368 0.025547959 100.10348952978 9.88651557922 708.470642 -2.1959999999999993 -3.944999999999999 -0.5140916309356691 -0.2638750743865965 0.41108906 0.39208907 "" "" 1.9405354680867422 "" 0.7901866080877065 "" 1.0
100.25336234192 9.86874947936 0.0505 0.0457 2.4325 "" "" 3326739937858049024 732.77002 1.3346 0.0611 -1.803 -3.678 0.078 0.06 1.013 "" "" 16.516165 2.086705 17.52915 15.442445 "" "" 705.59668 760.395813 4661.01994 93.264 1329.7 104.61 5274.5 357.67 "" "" 0.021898907554563772 0.085462466 0.073721975 0.15918444 100.25336234192 9.86874947936 732.77002 -1.8029999999999995 -3.678 -0.12109163093566888 0.0031249256134033843 0.41308907 0.39508906 "" "" 0.42073120783777707 "" 0.1737945316323168 "" 1.0
100.16848881943 9.85068402205 0.0483 0.0479 3.2343 "" "" 3326717294790476160 767.829712 1.3032 0.0644 -2.038 -3.802 0.065 0.051 0.997 "" "" 16.52679 2.124117 17.602013 15.477896 "" "" 728.273315 805.587952 4615.62641 20.72 1243.4 31.139 5105.1 62.314 "" "" 0.00559887769287855 0.027333338 0.013781104 0.041114442 100.16848881943 9.85068402205 767.829712 -2.038 -3.802 -0.35609163093566876 -0.12087507438659673 0.40008906 0.38608906 "" "" 1.3686312076293103 "" 0.5456258272130338 "" 1.0
100.2088955171 9.95108693003 0.0492 0.0496 4.2403 "" "" 3326929118281225600 713.341431 1.3787 0.0657 -1.707 -3.418 0.066 0.05 0.934 3529.2 4.0237 16.54245 2.491767 17.88478 15.393014 "" "" 682.835938 756.785522 4549.52969 8.5981 958.31 17.782 5520.2 26.422 "" "" 0.0034354275480867193 0.02033876 0.006425757 0.026764518 100.2088955171 9.95108693003 713.341431 -1.707 -3.418 -0.025091630935669018 0.26312492561340317 0.40108907 0.38508907 "" "" 0.8937241580107753 "" 0.3442949187157585 "" 1.0
100.23278850628 9.85844225671 0.0539 0.0505 1.7318 "" "" 3326717191711252608 695.921631 1.3934 0.0636 -1.771 -3.664 0.072 0.057 1.042 "" "" 16.583199 2.383692 17.853882 15.47019 "" "" 669.707336 731.641174 4381.95111 6.0022 985.97 22.391 5141.4 30.536 "" "" 0.0031310591650398614 0.024814017 0.007474368 0.032288384 100.23278850628 9.85844225671 695.921631 -1.7710000000000012 -3.664000000000001 -0.08909163093566885 0.017124925613403175 0.40708905 0.39208907 "" "" 0.29926363348560586 "" 0.12166984972411239 "" 1.0
100.23682906209 9.86571228051 0.0543 0.0523 1.6178 "" "" 3326740655117624448 735.586975 1.338 0.0683 -1.584 -3.429 0.069 0.055 0.987 3634.5 4.0221 16.623817 2.314158 17.823914 15.509755 "" "" 700.614075 772.235596 4221.04224 6.2308 1013.6 19.074 4957.4 16.604 "" "" 0.003187536928963133 0.0206211 0.0052447906 0.02586589 100.23682906209 9.86571228051 735.586975 -1.5840000000000003 -3.428999999999999 0.09790836906433098 0.2521249256134035 0.40408906 0.39008906 "" "" 0.9430365439882625 "" 0.36962516420402336 "" 0.8
100.1877706095 9.85766016608 0.0545 0.0564 2.0733 "" "" 3326717329150212352 769.939758 1.2762 0.0733 -1.573 -3.686 0.079 0.071 0.943 3634.8 4.2031 16.699053 2.12035 17.73674 15.61639 "" "" 734.298096 827.17218 3938.45086 4.1038 1098.3 36.411 4493.7 15.069 "" "" 0.0029785351634156075 0.03610246 0.005247821 0.04135028 100.1877706095 9.85766016608 769.939758 -1.573 -3.686 0.1089083690643311 -0.004875074386596623 0.41408905 0.40608907 "" "" 0.3978606723237102 "" 0.1647434458468515 "" 0.8
100.26194840195 9.8979644761 0.0521 0.0506 3.0193 "" "" 3326740899930718336 678.909363 1.4328 0.0657 -2.526 -3.649 0.069 0.054 1.005 3471.2 4.0068 16.702995 2.582632 18.084846 15.502214 "" "" 649.191528 713.291687 3924.18074 4.5364 797.04 19.035 4992.0 26.697 "" "" 0.003027726161077178 0.026079362 0.0069281184 0.03300748 100.26194840195 9.8979644761 678.909363 -2.526 -3.6490000000000005 -0.8440916309356687 0.0321249256134033 0.40408906 0.38908905 "" "" 2.718279029049796 "" 1.0983689457569787 "" 0.8
100.26019598683 9.87358047373 0.0597 0.0594 2.7625 "" "" 3326739937858048384 674.202026 1.4504 0.0682 -1.771 -3.863 0.079 0.065 0.983 3664.5 4.0744 16.72508 2.144321 17.78889 15.644569 "" "" 646.618286 708.266602 3845.16249 7.0342 1046.8 28.045 4378.5 28.259 "" "" 0.0033965872003441544 0.029221654 0.007961602 0.037183255 100.26019598683 9.87358047373 674.202026 -1.7710000000000001 -3.863 -0.08909163093566885 -0.18187507438659667 0.41408905 0.40008906 "" "" 0.6472086503981287 "" 0.2607191253150841 "" 0.9
100.24206426214 9.8537483629 0.0515 0.0493 2.312 "" "" 3326716435797007744 680.823364 1.436 0.0635 -1.445 -3.855 0.07 0.055 1.026 "" "" 16.725801 2.382677 17.899685 15.517008 "" "" 650.657471 718.670166 3842.60923 4.3725 945.24 15.316 4924.4 37.487 "" "" 0.0030196266597953426 0.017812388 0.009088274 0.026900662 100.24206426214 9.8537483629 680.823364 -1.445 -3.8549999999999995 0.236908369064331 -0.17387507438659666 0.40508905 0.39008906 "" "" 0.9483406669180725 "" 0.3792431557868469 "" 1.0
100.22553887558 9.81203591015 0.0568 0.0521 4.1696 "" "" 3326716195278846976 702.248657 1.3851 0.0687 -1.597 -3.635 0.076 0.058 0.972 3531.1 4.0685 16.729439 1.888007 17.575165 15.687158 "" "" 670.746948 736.116638 3829.75646 16.539 1274.5 34.202 4210.1 34.578 "" "" 0.005438446602080937 0.029269695 0.00968511 0.038954806 100.22553887558 9.81203591015 702.248657 -1.5970000000000004 -3.635 0.08490836906433108 0.046124925613403533 0.41108906 0.39308906 "" "" 0.321641101444088 "" 0.13092646110365708 "" 1.0
100.12743534444 9.8373152129 0.0811 0.0789 5.7387 "" "" 3326716848111864448 728.96936 1.3423 0.1055 -1.836 -4.148 0.114 0.086 0.985 "" "" 16.745594 2.853031 17.806416 14.953384 "" "" 676.816284 781.190552 3773.19199 8.7521 1030.0 19.611 8275.7 101.16 "" "" 0.003732855977438853 0.020859653 0.013799393 0.034659047 100.12743534444 9.8373152129 728.96936 -1.8360000000000019 -4.148 -0.15409163093566902 -0.46687507438659637 0.44908905 0.42108905 "" "" 1.6987944122529226 "" 0.7201554083482656 "" 1.0
100.21746991344 9.94533266953 0.0541 0.0551 3.8897 "" "" 3326928916419712896 700.303284 1.3954 0.0738 -1.575 -3.808 0.074 0.056 0.989 3667.0 4.1798 16.753098 2.270212 17.92839 15.658178 "" "" 668.262878 738.272522 3747.20571 10.303 920.58 18.999 4324.0 51.189 "" "" 0.0040624497759190565 0.02258055 0.013397444 0.035977993 100.21746991344 9.94533266953 700.303284 -1.5750000000000017 -3.8079999999999994 0.1069083690643311 -0.1268750743865965 0.40908906 0.39108905 "" "" 0.5507334464123793 "" 0.2195562466348065 "" 1.0
100.14538095601 9.90198393976 0.0601 0.0589 4.2545 "" "" 3326905345639200512 691.707703 1.4237 0.0788 -1.517 -3.953 0.082 0.063 0.995 3524.8 4.0257 16.788979 2.771049 18.301237 15.530189 "" "" 653.001587 729.152222 3625.39424 3.8278 653.01 38.39 4865.0 22.318 "" "" 0.0029842778505592233 0.06389062 0.0062523456 0.07014297 100.14538095601 9.90198393976 691.707703 -1.5170000000000017 -3.9529999999999967 0.16490836906433115 -0.2718750743865965 0.41708905 0.39808905 "" "" 1.0425569396732681 "" 0.42044997471613405 "" 1.0
100.28036061822 9.83236434671 0.0608 0.0553 4.8744 "" "" 3326739559900928000 695.207031 1.3953 0.0715 -1.394 -3.731 0.078 0.059 1.058 "" "" 16.846685 3.002532 18.554731 15.552199 "" "" 665.761719 725.848022 3437.734 4.4484 517.04 10.583 4767.4 19.405 "" "" 0.003092835007085687 0.022397792 0.005814998 0.02821279 100.28036061822 9.83236434671 695.207031 -1.3940000000000012 -3.7310000000000034 0.28790836906433115 -0.04987507438659655 0.41308907 0.39408904 "" "" 0.962869430090832 "" 0.39722973662919336 "" 1.0
100.21890307062 9.84956589288 0.0593 0.0554 1.8841 "" "" 3326717157351518336 643.975586 1.5036 0.073 -2.818 -3.594 0.078 0.061 0.936 3553.3 4.0722 16.868742 2.255181 17.995804 15.740623 "" "" 616.702942 675.554504 3368.60495 8.3859 865.16 24.264 4007.8 37.843 "" "" 0.003859695956243248 0.030577773 0.010926341 0.041504115 100.21890307062 9.84956589288 643.975586 -2.8179999999999996 -3.5939999999999994 -1.136091630935669 0.08712492561340346 0.41308907 0.39608905 "" "" 3.4780388433813827 "" 1.4364011965343448 "" 0.8
100.19704035492 9.79096100417 0.0643 0.0571 5.4707 "" "" 3326715782959971072 723.606262 1.3517 0.0757 -1.793 -3.815 0.089 0.07 0.98 3681.1 4.2208 16.932829 2.358978 18.195433 15.836454 "" "" 680.144897 761.671814 3175.52456 4.8702 719.85 20.548 3669.2 28.31 "" "" 0.0032194010614631356 0.031117506 0.009190171 0.04030768 100.19704035492 9.79096100417 723.606262 -1.7930000000000001 -3.815 -0.11109163093566887 -0.13387507438659663 0.42408907 0.40508905 "" "" 0.5966820929786041 "" 0.24639549629928695 "" 1.0
100.29971732519 9.99476274033 0.0624 0.0715 8.5196 "" "" 3326930909284527744 734.114929 1.3598 0.0951 -1.552 -3.521 0.081 0.067 0.976 3519.6 4.0403 16.95353 2.492508 18.303362 15.810854 "" "" 686.203491 782.523743 3115.55065 7.385 651.74 13.88 3756.8 16.575 "" "" 0.0037703016256351225 0.023290478 0.006101671 0.02939215 100.29971732519 9.99476274033 734.114929 -1.5519999999999998 -3.5209999999999995 0.129908369064331 0.1601249256134034 0.41608906 0.40208906 "" "" 0.717496020346645 "" 0.29252578277933217 "" 1.0
100.27710973473 9.89590455621 0.0616 0.0602 3.8414 "" "" 3326740826920796160 729.257568 1.3447 0.0731 -1.726 -3.701 0.079 0.071 1.002 3678.1 4.2209 16.972206 2.306077 18.195654 15.889577 "" "" 684.252991 770.666504 3062.41878 4.532 719.71 17.73 3494.0 18.924 "" "" 0.003189584751337624 0.026892161 0.0069902805 0.033882443 100.27710973473 9.89590455621 729.257568 -1.7260000000000002 -3.701 -0.044091630935668924 -0.019875074386596747 0.41408905 0.40608907 "" "" 0.16717941417211526 "" 0.06900312299077291 "" 1.0
100.19799485108 9.8238892072 0.0753 0.0731 3.5315 "" "" 3326717019912569344 673.544067 1.4303 0.0888 -2.719 -3.411 0.097 0.081 1.015 "" "" 16.981718 2.253207 17.961405 15.708198 "" "" 638.877075 719.947388 3035.70622 19.794 893.01 43.377 4129.3 203.54 "" "" 0.0075967153067531485 0.052812222 0.053651005 0.10646322 100.19799485108 9.8238892072 673.544067 -2.719000000000004 -3.410999999999999 -1.0370916309356688 0.2701249256134033 0.43208906 0.41608906 "" "" 3.4214868224144563 "" 1.4749695208796245 "" 0.9
100.19817471023 10.01591123926 0.0773 0.0757 8.1728 "" "" 3326930737485840640 745.973999 1.2885 0.0915 -1.574 -3.619 0.086 0.072 1.059 3570.0 4.2074 16.988064 2.769658 18.545952 15.776294 "" "" 701.463013 798.967957 3018.0129 4.1825 521.24 14.383 3878.3 25.137 "" "" 0.003139394726479769 0.030089248 0.007987809 0.038077056 100.19817471023 10.01591123926 745.973999 -1.5740000000000014 -3.618999999999999 0.10790836906433099 0.062124925613403104 0.42108905 0.40708905 "" "" 0.4402709443482956 "" 0.18387817321353692 "" 0.8
