Clusters/NGC_2264/NGC_2264_members.tsv
# %ECSV 1.0
# ---
# datatype:
# - name: RA_ICRS_1
#   unit: deg
#   datatype: float64
#   format: '{:15.11f}'
#   description: Right ascension (ICRS) at Ep=2016.0 (ra)
#   meta: !!omap
#   - {ucd: POS_EQ_RA_MAIN}
#   - {width: 15}
#   - {precision: '11'}
# - name: DE_ICRS_1
#   unit: deg
#   datatype: float64
#   format: '{:15.11f}'
#   description: Declination (ICRS) at Ep=2016.0 (dec)
#   meta: !!omap
#   - {ucd: POS_EQ_DEC_MAIN}
#   - {width: 15}
#   - {precision: '11'}
# - name: e_RA_ICRS
#   unit: mas
#   datatype: float64
#   format: '{:7.4f}'
#   description: Standard error of right ascension (ra_error)
#   meta: !!omap
#   - {ucd: ERROR}
#   - {width: 7}
#   - {precision: '4'}
# - name: e_DE_ICRS
#   unit: mas
#   datatype: float64
#   format: '{:7.4f}'
#   description: Standard error of declination (dec_error)
#   meta: !!omap
#   - {ucd: ERROR}
#   - {width: 7}
#   - {precision: '4'}
# - name: _r_1
#   unit: ''
#   datatype: float64
#   format: '{:7.4f}'
#   description: Distance from center (100.21400662000+09.88059411000)[ICRS], at Epoch=J2016.0
#   meta: !!omap
#   - {ucd: POS_ANG_DIST_GENERAL}
#   - {width: 7}
#   - {precision: '4'}
# - name: HIP
#   datatype: int32
#   description: '? HIP cross-id number, van Leeuwen, Cat. I/311 (hip_original_ext_source_id)'
#   meta: !!omap
#   - {ucd: ID_NUMBER}
#   - {width: 6}
#   - values: {'null': -2147483648}
# - name: TYC2
#   datatype: string
#   description: Tycho-2 cross-id name, Hog et al., Cat. I/259 (tyc2_original_ext_source_id)
#   meta: !!omap
#   - {ucd: ID_CROSSID}
#   - {_votable_string_dtype: char}
# - name: Source
#   datatype: int64
#   description: Source identifier, identical to the Gaia-EDR3 source_id (id)
#   meta: !!omap
#   - {ucd: ID_MAIN}
#   - {width: 19}
# - name: rgeo
#   unit: pc
#   datatype: float64
#   format: '{:15.8f}'
#   description: '? Median of the geometric distance posterior (r_med_geo)'
#   meta: !!omap
#   - {ucd: PHYS_DISTANCE_TRUE}
#   - {width: 15}
#   - {precision: '8'}
#   - values: {'null': .nan}
# - name: Plx
#   unit: mas
#   datatype: float64
#   format: '{:9.4f}'
#   description: '? Parallax (parallax)'
#   meta: !!omap
#   - {ucd: POS_PARLX_TRIG}
#   - {width: 9}
#   - {precision: '4'}
#   - values: {'null': .nan}
# - name: e_Plx
#   unit: mas
#   datatype: float32
#   format: '{:7.4f}'
#   description: '? Standard error of parallax (parallax_error)'
#   meta: !!omap
#   - {ucd: ERROR}
#   - {width: 7}
#   - {precision: '4'}
#   - values: {'null': .nan}
# - name: pmRA
#   unit: mas / yr
#   datatype: float64
#   format: '{:9.3f}'
#   description: '? Proper motion in right ascension direction, pmRA*cosDE (pmra)'
#   meta: !!omap
#   - {ucd: POS_EQ_PMRA}
#   - {width: 9}
#   - {precision: '3'}
#   - values: {'null': .nan}
# - name: pmDE
#   unit: mas / yr
#   datatype: float64
#   format: '{:9.3f}'
#   description: '? Proper motion in declination direction (pmdec)'
#   meta: !!omap
#   - {ucd: POS_EQ_PMDEC}
#   - {width: 9}
#   - {precision: '3'}
#   - values: {'null': .nan}
# - name: e_pmRA
#   unit: mas / yr
#   datatype: float32
#   format: '{:6.3f}'
#   description: '? Standard error of proper motion in right ascension direction (pmra_error)'
#   meta: !!omap
#   - {ucd: ERROR}
#   - {width: 6}
#   - {precision: '3'}
#   - values: {'null': .nan}
# - name: e_pmDE
[...]
#       distance: !astropy.table.SerializedColumn
#         __class__: astropy.coordinates.distances.Distance
#         unit: !astropy.units.Unit {unit: pc}
#         value: !astropy.table.SerializedColumn {name: SkyCoord.distance}
#       frame: icrs
#       obstime: !astropy.time.Time {format: jyear_str, in_subfmt: '*', jd1: 367701545.0, jd2: 0.0, out_subfmt: '*', precision: 3, scale: tt}
#       pm_dec: !astropy.table.SerializedColumn
#         __class__: astropy.units.quantity.Quantity
#         unit: !astropy.units.Unit {unit: mas / yr}
#         value: !astropy.table.SerializedColumn {name: SkyCoord.pm_dec}
#       pm_ra_cosdec: !astropy.table.SerializedColumn
#         __class__: astropy.units.quantity.Quantity
#         unit: !astropy.units.Unit {unit: mas / yr}
#         value: !astropy.table.SerializedColumn {name: SkyCoord.pm_ra_cosdec}
#       ra: !astropy.table.SerializedColumn
#         __class__: astropy.coordinates.angles.Longitude
#         unit: *id001
#         value: !astropy.table.SerializedColumn {name: SkyCoord.ra}
#         wrap_angle: !astropy.coordinates.Angle
#           unit: *id001
#           value: 360.0
#       representation_type: spherical
# schema: astropy-2.0
RA_ICRS_1 DE_ICRS_1 e_RA_ICRS e_DE_ICRS _r_1 HIP TYC2 Source rgeo Plx e_Plx pmRA pmDE e_pmRA e_pmDE RUWE Teff logg Gmag BP-RP BPmag RPmag RV e_RV b_rgeo B_rgeo FG e_FG FBP e_FBP FRP e_FRP RAVE5 RAVE6 e_Gmag e_BPmag e_RPmag e_BP-RP SkyCoord.ra SkyCoord.dec SkyCoord.distance SkyCoord.pm_ra_cosdec SkyCoord.pm_dec rmRA rmDE e_rmRA e_rmDE rRV e_rRV v_pec v_pec3d e_vpec e_vpec3d Pmemb
100.11909945635 9.8178371545 0.0377 0.0343 6.7569 31939 750-1387-1 3326716813754146176 710.791016 1.3885 0.0445 -1.943 -3.775 0.051 0.04 1.09 16450.5 3.9773 8.118899 -0.204146 8.035895 8.240042 "" "" 690.926941 733.64325 10650918.57179 7136.7 8337900.0 12996.0 4010000.0 5111.5 "" "" 0.002849745558853844 0.0032632696 0.0040248125 0.007288082 100.11909945635 9.8178371545 710.791016 -1.9429999999999996 -3.775 -0.261091630935669 -0.09387507438659659 0.38608906 0.37508905 "" "" 0.9347879116385776 "" 0.35974915954834474 "" 0.9
100.15985317466 9.78777303096 0.0365 0.0329 6.4239 "" 750-1635-1 3326715714242517248 636.88147 1.5401 0.0409 -1.482 -3.96 0.05 0.041 1.156 "" "" 8.44308 -0.159205 8.373053 8.532258 "" "" 621.633423 653.612915 7901593.83373 3710.6 6112200.0 5594.4 3063800.0 2456.1 "" "" 0.0028020974258372586 0.0029618577 0.0038783106 0.0068401685 100.15985317466 9.78777303096 636.88147 -1.4820000000000002 -3.9600000000000035 0.19990836906433107 -0.27887507438659664 0.38508907 0.37608907 "" "" 1.0358315329769048 "" 0.39275410811313743 "" 0.9
100.21315934312 10.02883062651 0.0331 0.0307 8.8943 "" 750-1307-1 3326930771845575808 737.912903 1.3266 0.0375 -2.207 -3.66 0.038 0.033 1.203 12934.3 3.7433 8.851212 -0.073513 8.811395 8.884908 "" "" 717.994202 761.5979 5425780.97016 2672.2 4081900.0 4788.6 2214100.0 2006.3 "" "" 0.0028067277947992847 0.003067146 0.0039053375 0.0069724834 100.21315934312 10.02883062651 737.912903 -2.207 -3.6599999999999993 -0.5250916309356688 0.021124925613403178 0.37308905 0.36808905 "" "" 1.838102464084065 "" 0.6857611417692796 "" 1.0
100.25781768228 9.87999703465 0.0416 0.0443 2.5899 "" 750-821-1 3326740693772848896 644.5979 1.5398 0.0587 -1.258 -3.247 0.056 0.041 1.105 "" "" 9.034942 -0.14882 8.969646 9.118466 "" "" 616.129089 673.722778 4581102.04104 2347.2 3528200.0 2794.1 1785500.0 1230.9 "" "" 0.0028109166666807927 0.0029196502 0.003852787 0.006772437 100.25781768228 9.87999703465 644.5979 -1.258 -3.247 0.42390836906433105 0.43412492561340343 0.39108905 0.37608907 "" "" 1.85390362833038 "" 0.7109419831461338 "" 0.9
100.18010135163 9.76712694622 0.0305 0.0261 7.097 "" 750-1778-1 3326715439364610816 684.608093 1.4242 0.0329 -2.172 -3.942 0.042 0.033 1.078 "" "" 9.039113 -0.110744 8.985017 9.09576 11.11 10.54 670.308228 698.138062 4563537.42326 1836.7 3478600.0 5178.7 1823300.0 1237.2 "" "" 0.002789756322001443 0.003224546 0.0038505185 0.007075065 100.18010135163 9.76712694622 684.608093 -2.172 -3.942 -0.4900916309356691 -0.26087507438659685 0.37708905 0.36808905 -7.613863636363636 12.931925 1.8016433430373244 7.824119005271533 0.6758334746233945 12.585371012327794 1.0
100.21481052361 9.86370019175 0.0296 0.0282 1.0147 "" 750-1876-1 3326717260430731648 733.285583 1.331 0.0365 -1.504 -3.747 0.041 0.03 0.88 9999.5 3.776 9.11603 -0.165349 9.049644 9.214993 "" "" 713.084778 755.045959 4251429.17317 2318.7 3277600.0 3028.5 1633700.0 876.65 "" "" 0.0028182325177076 0.002965046 0.0038240245 0.0067890706 100.21481052361 9.86370019175 733.285583 -1.5040000000000002 -3.7469999999999968 0.17790836906433105 -0.06587507438659657 0.37608907 0.36508906 "" "" 0.6593984490314969 "" 0.24712927288141365 "" 1.0
100.29325386232 9.88382432422 0.0279 0.0279 4.6883 "" 750-1888-1 3326740006577519360 729.390442 1.3512 0.0361 -1.744 -3.916 0.032 0.028 1.125 11124.3 3.9932 9.905841 -0.009004 9.897461 9.906465 20.44 6.6 713.397034 746.685608 2054047.91305 995.56 1501200.0 1109.4 864120.0 420.44 "" "" 0.0028051229093497584 0.0029032473 0.003816123 0.0067193704 100.29325386232 9.88382432422 729.390442 -1.744 -3.9160000000000004 -0.06209163093566894 -0.2348750743865966 0.36708906 0.36308905 1.716136363636366 8.991925 0.8399320645711216 1.9106569267374391 0.30519073069310854 8.077587672674602 0.8
100.20368927543 9.86231878589 0.0171 0.0159 1.2547 "" 750-1549-1 3326717226070995328 696.341248 1.4075 0.0205 -1.722 -3.568 0.023 0.018 1.026 "" "" 9.99157 0.25485 10.069857 9.815006 "" "" 685.114685 705.151672 1898099.9589 1733.0 1280800.0 4067.7 940060.0 1570.9 "" "" 0.002928217745151507 0.004435662 0.004192319 0.008627981 100.20368927543 9.86231878589 696.341248 -1.7219999999999984 -3.567999999999996 -0.04009163093566892 0.11312492561340326 0.35808906 0.35308906 "" "" 0.3961419898157741 "" 0.14009581031976154 "" 1.0
100.29682233183 9.882132057 0.0255 0.0238 4.8961 "" 750-1229-1 3326740002281694592 731.669922 1.3458 0.0288 -1.576 -3.88 0.032 0.027 0.956 11767.4 4.0525 10.092553 -0.06432 10.064141 10.128461 "" "" 715.31781 748.321167 1729519.39215 816.56 1287500.0 812.73 704330.0 343.15 "" "" 0.0028025984892828533 0.0028731127 0.0038162204 0.0066893334 100.29682233183 9.882132057 731.669922 -1.5760000000000003 -3.88 0.10590836906433099 -0.19887507438659657 0.36708906 0.36208907 "" "" 0.7814263445853458 "" 0.2838138010023251 "" 1.0
100.26902083836 9.91216515997 0.0166 0.0158 3.7632 "" "" 3326741277887838080 694.616821 1.4073 0.0185 -1.143 -3.903 0.022 0.019 0.95 "" "" 10.305274 0.579793 10.520393 9.9406 22.51 6.42 685.71106 702.353577 1421796.13755 1444.7 845780.0 2801.3 837370.0 2151.6 "" "" 0.0029679787436353877 0.004551557 0.0046975045 0.009249061 100.26902083836 9.91216515997 694.616821 -1.1430000000000022 -3.903 0.538908369064331 -0.2218750743865967 0.35708904 0.35408905 3.7861363636363663 8.811926 1.9188452224889765 4.2446196003786225 0.684367261496989 7.866190676838896 1.0
100.24555723142 9.90019611105 0.0337 0.0309 2.2048 "" "" 3326740865570981632 636.631042 1.5438 0.0394 -1.464 -2.746 0.044 0.035 2.136 10273.6 4.2309 10.722203 0.340525 10.838415 10.49789 9.49 2.28 622.753174 654.899048 968423.8226 382.74 631030.0 843.65 501190.0 594.88 "" "" 0.0027885336208447443 0.0031451692 0.0039930525 0.0071382215 100.24555723142 9.90019611105 636.631042 -1.464 -2.7460000000000027 0.2179083690643311 0.9351249256134033 0.37908906 0.37008905 -9.233863636363635 4.6719255 2.8974644337412006 9.677785790135772 1.073678430589243 4.469198691245709 0.9
100.20640275727 9.88970875381 0.0152 0.0137 0.7079 "" "" 3326740998714107008 701.263916 1.3789 0.0174 -1.599 -3.476 0.019 0.015 0.778 7826.9 4.0361 11.374605 0.329535 11.489295 11.159759 21.2 5.88 693.626648 709.583923 531012.61738 173.99 346500.0 364.93 272430.0 154.67 "" "" 0.002778191282355222 0.003015395 0.003829321 0.006844716 100.20640275727 9.88970875381 701.263916 -1.5990000000000002 -3.4760000000000004 0.08290836906433108 0.20512492561340334 0.35408905 0.35008904 2.476136363636364 8.271925 0.7354215091153036 2.5830400862920704 0.2578781243155762 7.929916497839733 1.0
100.15620547682 9.9160645469 0.0144 0.013 4.0251 "" "" 3326905478782410368 702.779114 1.3785 0.0161 -1.654 -3.503 0.018 0.015 0.904 "" "" 11.608925 0.839083 11.943206 11.104123 17.77 8.9 693.550232 710.129517 427933.99758 216.85 228100.0 366.25 286750.0 331.08 "" "" 0.0028097135867537425 0.0032900162 0.0039818594 0.0072718756 100.15620547682 9.9160645469 702.779114 -1.654 -3.503 0.02790836906433114 0.1781249256134032 0.35308906 0.35008904 -0.9538636363636357 11.291925 0.6006038054580397 1.127200411598371 0.21030816394433124 9.556151285099844 1.0
100.24725717112 9.92225212574 0.0117 0.0112 3.1796 "" "" 3326741101798707584 705.75116 1.3941 0.0144 -1.766 -3.604 0.015 0.012 0.967 5747.9 3.5948 12.117758 1.134584 12.605163 11.470578 56.85 10.53 699.275391 713.521667 267820.46686 755.29 123980.0 1208.4 204610.0 1562.6 "" "" 0.004119121510870382 0.010944032 0.009112439 0.020056471 100.24725717112 9.92225212574 705.75116 -1.766 -3.6039999999999996 -0.08409163093566896 0.07712492561340323 0.35008904 0.34708905 38.12613636363636 12.921925 0.38170663244303793 38.12804707786442 0.1331093658563441 12.921277102218573 1.0
100.2372869441 9.81129558817 0.0245 0.0206 4.3798 "" "" 3326716023480154880 802.960815 1.2238 0.0267 -1.809 -3.605 0.032 0.025 1.871 5884.9 3.67 12.18487 0.779435 12.490562 11.711126 22.74 4.27 786.309082 818.878296 251767.0479 61.044 137780.0 117.17 163950.0 75.118 "" "" 0.0027678674057056846 0.0029389753 0.0038119801 0.0067509552 100.2372869441 9.81129558817 802.960815 -1.809 -3.605 -0.1270916309356689 0.07612492561340334 0.36708906 0.36008906 4.016136363636363 6.6619253 0.5638493895623773 4.055524309560008 0.20594813460820502 6.597285695081955 1.0
100.23542493104 9.90287080405 0.0124 0.0106 1.841 "" "" 3326741071729412992 708.542542 1.3912 0.0134 -1.591 -3.521 0.015 0.012 0.946 5260.0 3.5301 12.185182 1.07926 12.640873 11.561613 "" "" 701.859741 714.846497 251694.8073 1072.1 119970.0 1759.6 188150.0 2129.7 "" "" 0.005383290176725112 0.016167082 0.012857624 0.029024705 100.23542493104 9.90287080405 708.542542 -1.5909999999999997 -3.521 0.09090836906433108 0.1601249256134034 0.35008904 0.34708905 "" "" 0.618403321474317 "" 0.2150947120112084 "" 1.0
100.26835823493 9.86388499273 0.0295 0.0263 3.3656 "" "" 3326739869138571904 691.884644 1.4343 0.0358 -1.758 -3.635 0.036 0.028 2.447 5754.2 3.9498 12.334354 1.156303 12.832252 11.675949 12.65 7.58 673.968628 708.697388 219383.97571 308.75 100580.0 568.32 169350.0 752.58 "" "" 0.0031506516432056823 0.0067395642 0.006128928 0.012868492 100.26835823493 9.86388499273 691.884644 -1.758 -3.634999999999999 -0.07609163093566895 0.046124925613403533 0.37108904 0.36308905 -6.073863636363635 9.971926 0.2918129511541276 6.080869532525901 0.10766625480704582 9.960438212668546 0.8
100.2591887076 9.86440325227 0.0114 0.0103 2.842 "" "" 3326739933562218496 700.505371 1.4032 0.0136 -1.307 -3.601 0.015 0.012 0.984 5350.0 3.6593 12.68319 1.086559 13.13726 12.0507 23.24 7.48 694.305115 707.623901 159100.22107 200.62 75947.0 369.85 119920.0 343.21 "" "" 0.0030767125516088785 0.005978401 0.0048927963 0.010871197 100.2591887076 9.86440325227 700.505371 -1.307 -3.6010000000000004 0.3749083690643311 0.08012492561340334 0.35008904 0.34708905 4.516136363636363 9.871925 1.2729561683954291 4.692110938758231 0.445481881259016 9.502453804746478 0.9
100.24094368218 9.94161632911 0.0132 0.0125 3.9925 "" "" 3326929225657356288 706.700317 1.3704 0.0153 -1.463 -3.935 0.017 0.014 1.002 5400.1 3.8708 13.421094 1.148063 13.914108 12.766046 114.19 10.24 700.241821 714.228638 80632.29623 78.218 37134.0 144.77 62050.0 164.2 "" "" 0.0029497587173626634 0.0050697066 0.0047474853 0.009817192 100.24094368218 9.94161632911 706.700317 -1.4629999999999999 -3.935 0.21890836906433098 -0.25387507438659673 0.35208905 0.34908906 95.46613636363637 12.631926 1.12291127208639 95.47274020329255 0.3934361328280335 12.63105268152691 1.0
100.17233370842 9.90383565771 0.0156 0.0143 2.8305 "" "" 3326905272623980288 705.235413 1.3731 0.0194 -1.784 -3.727 0.02 0.018 1.181 5598.5 3.8575 13.442338 1.189732 13.946418 12.756686 19.02 6.59 695.664368 714.808716 79069.94646 151.39 36045.0 339.06 62587.0 388.64 "" "" 0.0034515425437743625 0.010587333 0.0077290405 0.018316373 100.17233370842 9.90383565771 705.235413 -1.7840000000000011 -3.7269999999999994 -0.10209163093566898 -0.04587507438659655 0.35508907 0.35308906 0.2961363636363643 8.981926 0.37414493264889387 0.4771594874825547 0.13272936051464257 5.57536526178531 1.0
100.197921476 9.82468787924 0.015 0.0143 3.4865 "" "" 3326717019912569088 705.623108 1.3724 0.018 -1.653 -3.915 0.019 0.016 1.004 5685.6 4.0417 13.79901 1.490035 14.483918 12.993883 105.81 9.94 696.238525 715.488831 56930.19441 281.22 21971.0 407.57 50304.0 1067.4 "" "" 0.006029611299696162 0.020333147 0.023346167 0.043679312 100.197921476 9.82468787924 705.623108 -1.6530000000000002 -3.915 0.02890836906433103 -0.23387507438659672 0.35408905 0.35108906 87.08613636363637 12.331924 0.7881840810799252 87.0897030704063 0.2767585410281287 12.331419646255805 1.0
100.12453174194 9.83620475585 0.0161 0.0142 5.9219 "" "" 3326904521005483136 695.618347 1.392 0.0184 -1.763 -3.932 0.02 0.017 0.921 4757.9 4.1062 13.972654 1.365863 14.583435 13.217572 33.12 4.64 687.36853 704.326111 48516.0235 79.8 20047.0 133.79 40938.0 186.22 "" "" 0.0032834442121169225 0.007764639 0.006218984 0.013983622 100.12453174194 9.83620475585 695.618347 -1.7630000000000006 -3.9319999999999995 -0.08109163093566885 -0.2508750743865966 0.35508907 0.35208905 14.396136363636362 7.031925 0.8693326589140045 14.42236046811574 0.3063301699872346 7.019163374149635 0.9
100.25326206142 9.856154052 0.0234 0.0212 2.745 "" "" 3326739903498311808 696.73645 1.3903 0.028 -1.378 -3.469 0.031 0.024 1.531 5647.1 4.1271 14.246314 1.53749 14.920736 13.383246 33.32 5.82 686.77124 710.060059 37706.9166 54.291 14693.0 88.534 35145.0 217.22 "" "" 0.0031678968049903434 0.0071123443 0.00770167 0.014814014 100.25326206142 9.856154052 696.73645 -1.378 -3.4690000000000034 0.30390836906433116 0.21212492561340346 0.36608905 0.35908905 14.596136363636365 8.2119255 1.2239754739744089 14.647365384490096 0.4452954287117042 8.183288974776818 0.9
100.26805937374 9.80611241514 0.019 0.0165 5.4938 "" "" 3326713102902390656 695.248901 1.3986 0.0222 -1.476 -3.776 0.025 0.018 1.005 4854.0 4.2321 14.260921 1.360886 14.868289 13.507403 11.62 14.1 683.148132 708.828552 37203.06079 66.078 15421.0 94.273 31347.0 130.32 "" "" 0.003363124865405711 0.0072000246 0.0058870916 0.013087116 100.26805937374 9.80611241514 695.248901 -1.4760000000000013 -3.7760000000000025 0.20590836906433108 -0.09487507438659648 0.36008906 0.35308906 -7.103863636363636 16.491926 0.7471335739836213 7.14304466886657 0.26812611154298355 16.4014886477231 1.0
100.24171510415 9.89975597353 0.0424 0.0394 2.0011 "" "" 3326741067438961664 760.603149 1.2637 0.0543 -1.257 -3.839 0.056 0.044 1.955 "" "" 14.381359 1.408439 14.900954 13.492516 "" "" 727.111389 790.167786 33296.84285 83.481 14964.0 615.74 31780.0 723.75 "" "" 0.003873213473375133 0.044763014 0.02501346 0.069776475 100.24171510415 9.89975597353 760.603149 -1.256999999999999 -3.839000000000003 0.42490836906433116 -0.15787507438659665 0.39108905 0.37908906 "" "" 1.6342271709222733 "" 0.6367816838836566 "" 1.0
100.18688334226 9.96227168559 0.0199 0.0191 5.1562 "" "" 3326929191297621120 725.744141 1.3334 0.0235 -1.619 -3.481 0.024 0.02 1.152 5132.7 4.1063 14.409743 1.698745 15.207122 13.508377 -7.66 8.03 711.688477 737.835205 32437.66698 111.78 11287.0 170.69 31319.0 336.48 "" "" 0.004646521609301809 0.016654653 0.01226174 0.028916392 100.18688334226 9.96227168559 725.744141 -1.6189999999999987 -3.4809999999999963 0.06290836906433106 0.20012492561340345 0.35908905 0.35508907 -26.383863636363635 10.421925 0.7216472750037428 26.393730982408528 0.25650996905160617 10.418030695627307 0.9
100.21078701674 9.91590434159 0.0202 0.018 2.1271 "" "" 3326928705964373888 684.522827 1.4225 0.0223 -1.598 -3.453 0.026 0.02 1.099 4833.5 4.1259 14.545386 1.566311 15.255218 13.688908 -102.93 17.33 674.296204 692.989624 28628.07434 306.89 10798.0 430.62 26521.0 738.02 "" "" 0.011960671243110827 0.043388538 0.030449068 0.07383761 100.21078701674 9.91590434159 684.522827 -1.598 -3.4529999999999994 0.08390836906433097 0.22812492561340347 0.36108905 0.35508907 -121.65386363636364 19.721926 0.7886646708902162 121.65642000987071 0.28061428939948324 19.721511401388913 0.9
100.1806205525 9.84983990465 0.0214 0.0215 2.7018 "" "" 3326717294790475008 688.950073 1.4123 0.0264 -1.574 -3.618 0.028 0.025 1.088 "" "" 14.552155 1.570708 15.284422 13.713714 "" "" 676.045166 702.742188 28450.17014 69.5 10511.0 147.38 25922.0 158.86 "" "" 0.0038244655140749375 0.015477228 0.007652248 0.023129476 100.1806205525 9.84983990465 688.950073 -1.5740000000000005 -3.618 0.10790836906433099 0.06312492561340344 0.36308905 0.36008906 "" "" 0.40825480372213413 "" 0.14792154945760078 "" 1.0
