Clusters/NGC_6604/NGC_6604_members.tsv
# %ECSV 1.0
# ---
# datatype:
# - name: RA_ICRS_1
#   unit: deg
#   datatype: float64
#   format: '{:15.11f}'
#   description: Right ascension (ICRS) at Ep=2016.0 (ra)
#   meta: !!omap
#   - {ucd: POS_EQ_RA_MAIN}
#   - {width: 15}
#   - {precision: '11'}
# - name: DE_ICRS_1
#   unit: deg
#   datatype: float64
#   format: '{:15.11f}'
#   description: Declination (ICRS) at Ep=2016.0 (dec)
#   meta: !!omap
#   - {ucd: POS_EQ_DEC_MAIN}
#   - {width: 15}
#   - {precision: '11'}
# - name: e_RA_ICRS
#   unit: mas
#   datatype: float64
#   format: '{:7.4f}'
#   description: Standard error of right ascension (ra_error)
#   meta: !!omap
#   - {ucd: ERROR}
#   - {width: 7}
#   - {precision: '4'}
# - name: e_DE_ICRS
#   unit: mas
#   datatype: float64
#   format: '{:7.4f}'
#   description: Standard error of declination (dec_error)
#   meta: !!omap
#   - {ucd: ERROR}
#   - {width: 7}
#   - {precision: '4'}
# - name: _r_1
#   unit: ''
#   datatype: float64
#   format: '{:7.4f}'
#   description: Distance from center (274.51270681000-12.24489429000)[ICRS], at Epoch=J2016.0
#   meta: !!omap
#   - {ucd: POS_ANG_DIST_GENERAL}
#   - {width: 7}
#   - {precision: '4'}
# - name: HIP
#   datatype: int32
#   description: '? HIP cross-id number, van Leeuwen, Cat. I/311 (hip_original_ext_source_id)'
#   meta: !!omap
#   - {ucd: ID_NUMBER}
#   - {width: 6}
#   - values: {'null': -2147483648}
# - name: TYC2
#   datatype: string
#   description: Tycho-2 cross-id name, Hog et al., Cat. I/259 (tyc2_original_ext_source_id)
#   meta: !!omap
#   - {ucd: ID_CROSSID}
#   - {_votable_string_dtype: char}
# - name: Source
#   datatype: int64
#   description: Source identifier, identical to the Gaia-EDR3 source_id (id)
#   meta: !!omap
#   - {ucd: ID_MAIN}
#   - {width: 19}
# - name: rgeo
#   unit: pc
#   datatype: float64
#   format: '{:15.8f}'
#   description: '? Median of the geometric distance posterior (r_med_geo)'
#   meta: !!omap
#   - {ucd: PHYS_DISTANCE_TRUE}
#   - {width: 15}
#   - {precision: '8'}
#   - values: {'null': .nan}
# - name: Plx
#   unit: mas
#   datatype: float64
#   format: '{:9.4f}'
#   description: '? Parallax (parallax)'
#   meta: !!omap
#   - {ucd: POS_PARLX_TRIG}
#   - {width: 9}
#   - {precision: '4'}
#   - values: {'null': .nan}
# - name: e_Plx
#   unit: mas
#   datatype: float32
#   format: '{:7.4f}'
#   description: '? Standard error of parallax (parallax_error)'
#   meta: !!omap
#   - {ucd: ERROR}
#   - {width: 7}
#   - {precision: '4'}
#   - values: {'null': .nan}
# - name: pmRA
#   unit: mas / yr
#   datatype: float64
#   format: '{:9.3f}'
#   description: '? Proper motion in right ascension direction, pmRA*cosDE (pmra)'
#   meta: !!omap
#   - {ucd: POS_EQ_PMRA}
#   - {width: 9}
#   - {precision: '3'}
#   - values: {'null': .nan}
# - name: pmDE
#   unit: mas / yr
#   datatype: float64
#   format: '{:9.3f}'
#   description: '? Proper motion in declination direction (pmdec)'
#   meta: !!omap
#   - {ucd: POS_EQ_PMDEC}
#   - {width: 9}
#   - {precision: '3'}
#   - values: {'null': .nan}
# - name: e_pmRA
#   unit: mas / yr
#   datatype: float32
#   format: '{:6.3f}'
#   description: '? Standard error of proper motion in right ascension direction (pmra_error)'
#   meta: !!omap
#   - {ucd: ERROR}
#   - {width: 6}
#   - {precision: '3'}
#   - values: {'null': .nan}
# - name: e_pmDE
[...]
#       distance: !astropy.table.SerializedColumn
#         __class__: astropy.coordinates.distances.Distance
#         unit: !astropy.units.Unit {unit: pc}
#         value: !astropy.table.SerializedColumn {name: SkyCoord.distance}
#       frame: icrs
#       obstime: !astropy.time.Time {format: jyear_str, in_subfmt: '*', jd1: 367701545.0, jd2: 0.0, out_subfmt: '*', precision: 3, scale: tt}
#       pm_dec: !astropy.table.SerializedColumn
#         __class__: astropy.units.quantity.Quantity
#         unit: !astropy.units.Unit {unit: mas / yr}
#         value: !astropy.table.SerializedColumn {name: SkyCoord.pm_dec}
#       pm_ra_cosdec: !astropy.table.SerializedColumn
#         __class__: astropy.units.quantity.Quantity
#         unit: !astropy.units.Unit {unit: mas / yr}
#         value: !astropy.table.SerializedColumn {name: SkyCoord.pm_ra_cosdec}
#       ra: !astropy.table.SerializedColumn
#         __class__: astropy.coordinates.angles.Longitude
#         unit: *id001
#         value: !astropy.table.SerializedColumn {name: SkyCoord.ra}
#         wrap_angle: !astropy.coordinates.Angle
#           unit: *id001
#           value: 360.0
#       representation_type: spherical
# schema: astropy-2.0
RA_ICRS_1 DE_ICRS_1 e_RA_ICRS e_DE_ICRS _r_1 HIP TYC2 Source rgeo Plx e_Plx pmRA pmDE e_pmRA e_pmDE RUWE Teff logg Gmag BP-RP BPmag RPmag RV e_RV b_rgeo B_rgeo FG e_FG FBP e_FBP FRP e_FRP RAVE5 RAVE6 e_Gmag e_BPmag e_RPmag e_BP-RP SkyCoord.ra SkyCoord.dec SkyCoord.distance SkyCoord.pm_ra_cosdec SkyCoord.pm_dec rmRA rmDE e_rmRA e_rmDE rRV e_rRV v_pec v_pec3d e_vpec e_vpec3d Pmemb
[from data line 31]
274.50460919575 -12.2392790475 0.0252 0.0226 0.5822 "" "" 4153657340054929408 2253.98218 0.4091 0.0264 -0.486 -2.479 0.035 0.03 1.057 "" "" 14.896501 1.215577 15.409601 14.194024 "" "" 2159.62476 2403.91797 20717.93736 6.8508 9366.5 16.519 16655.0 30.597 "" "" 0.002778612068090273 0.0033840258 0.0042734304 0.007657456 274.50460919575 -12.2392790475 2253.98218 -0.48600000000000004 -2.479 -0.05051162695884703 -0.027953533172607514 0.1413794 0.13637939 "" "" 0.6167867575422806 "" 0.0864877639910385 "" 0.99
274.50691590685 -12.2472452982 0.0263 0.0223 0.3677 "" "" 4153657340054930560 1960.05481 0.4645 0.0287 -0.476 -2.377 0.037 0.027 0.942 7472.8 3.5911 14.977715 1.227458 15.497965 14.270507 "" "" 1827.10754 2087.31567 19224.75871 5.9001 8634.4 28.166 15522.0 30.033 "" "" 0.0027753956005534693 0.00450877 0.004323991 0.008832761 274.50691590685 -12.2472452982 1960.05481 -0.47600000000000003 -2.377000000000001 -0.040511626958847025 0.0740464668273928 0.14337939 0.1333794 "" "" 0.7841708284167576 "" 0.10644997118605663 "" 1.0
274.42956846927 -12.21285247735 0.026 0.022 5.2405 "" "" 4153567528008088576 2002.1189 0.4666 0.0289 -0.425 -2.591 0.034 0.025 1.02 "" "" 15.035643 1.533257 15.719833 14.186577 "" "" 1883.04529 2141.00562 18225.92834 13.992 7038.6 21.588 16770.0 62.877 "" "" 0.0028786350724745438 0.004344452 0.0055547627 0.009899215 274.42956846927 -12.21285247735 2002.1189 -0.425 -2.591 0.010488373041152965 -0.1399535331726076 0.1403794 0.1313794 "" "" 1.3318895793774859 "" 0.17505207384275576 "" 0.99
274.51296430977 -12.26749675217 0.0256 0.0223 1.3562 "" "" 4153657035153246208 1991.79956 0.4622 0.0287 -0.574 -2.375 0.035 0.027 0.962 7886.4 3.8691 15.045304 1.436667 15.682721 14.246054 "" "" 1891.80908 2094.59619 18064.46355 5.6979 7283.3 24.815 15876.0 22.536 "" "" 0.0027765212967904287 0.0046334965 0.004081548 0.008715045 274.51296430977 -12.26749675217 1991.79956 -0.574 -2.375 -0.138511626958847 0.07604646682739258 0.1413794 0.1333794 "" "" 1.4918340399632657 "" 0.20821124701600188 "" 0.99
274.4780261013 -12.19923535422 0.0277 0.0249 3.4119 "" "" 4153660746005077248 1940.57129 0.4724 0.0315 -0.486 -2.411 0.035 0.028 1.098 7956.1 3.9151 15.063701 1.506981 15.74635 14.239369 "" "" 1817.29199 2082.0437 17760.95489 6.6176 6868.7 15.045 15974.0 18.187 "" "" 0.0027848590226616588 0.003666158 0.003976405 0.0076425634 274.4780261013 -12.19923535422 1940.57129 -0.48599999999999965 -2.411 -0.05051162695884703 0.040046466827392546 0.1413794 0.1343794 "" "" 0.5929266642365588 "" 0.08225051670617034 "" 0.99
274.47411525673 -12.16694681688 0.0264 0.0228 5.1956 "" "" 4153661914236198016 1958.01819 0.4739 0.0295 -0.346 -2.44 0.033 0.026 1.011 "" "" 15.079891 1.537156 15.76834 14.231184 "" "" 1846.19836 2054.99951 17498.0696 6.8274 6731.0 15.044 16095.0 49.914 "" "" 0.00278769692011561 0.0036977972 0.005061726 0.008759523 274.47411525673 -12.16694681688 1958.01819 -0.346 -2.4399999999999995 0.08948837304115298 0.011046466827392631 0.1393794 0.1323794 "" "" 0.8368459149238026 "" 0.11655333496221539 "" 0.98
274.50934646087 -12.27791136598 0.0289 0.0251 1.9908 "" "" 4153563198680946560 2208.01196 0.4176 0.0322 -0.382 -2.3 0.039 0.029 0.964 8987.1 3.3551 15.257064 1.368554 15.856044 14.48749 "" "" 2090.23657 2363.79785 14863.50137 5.6575 6208.7 18.068 12710.0 24.823 "" "" 0.0027861400973646735 0.0042152335 0.0043336055 0.008548839 274.50934646087 -12.27791136598 2208.01196 -0.382 -2.3 0.05348837304115295 0.15104646682739276 0.1453794 0.1353794 "" "" 1.6770414430533285 "" 0.22896636434410692 "" 1.0
274.51171875416 -12.26253541612 0.0308 0.0267 1.0601 "" "" 4153657241311988352 2013.45178 0.4608 0.0339 -0.424 -2.044 0.041 0.032 1.137 "" "" 15.258444 1.471646 15.916298 14.444652 "" "" 1868.82263 2158.15918 14844.62217 4.6151 5873.5 12.762 13222.0 19.662 "" "" 0.0027759193853041622 0.0036538192 0.00410981 0.0077636293 274.51171875416 -12.26253541612 2013.45178 -0.424 -2.044 0.011488373041152966 0.40704646682739254 0.1473794 0.1383794 "" "" 3.8863013229340027 "" 0.5378127700044094 "" 0.95
274.4628081905 -12.18950092036 0.029 0.025 4.4281 "" "" 4153661501919333376 2075.25659 0.4445 0.0319 -0.158 -2.356 0.038 0.03 0.932 "" "" 15.349445 1.665258 16.127052 14.461794 "" "" 1923.13159 2252.46582 13651.12521 5.3336 4837.2 11.852 13015.0 17.729 "" "" 0.0027877840165086466 0.0038551213 0.004058464 0.007913586 274.4628081905 -12.18950092036 2075.25659 -0.15799999999999997 -2.356 0.2774883730411529 0.0950464668273927 0.14437939 0.13637939 "" "" 2.8852553967993804 "" 0.4142081698205982 "" 0.96
274.4953643169 -12.2045159564 0.0322 0.0276 2.6275 "" "" 4153660501140379904 1811.90503 0.5106 0.0362 -0.182 -2.282 0.045 0.038 0.965 7495.9 3.5844 15.567648 1.391895 16.18486 14.792965 "" "" 1708.0957 1931.82642 11165.74631 4.6006 4586.4 12.674 9593.4 16.255 "" "" 0.0027914001339536085 0.004097183 0.0042033433 0.008300526 274.4953643169 -12.2045159564 1811.90503 -0.18199999999999988 -2.282 0.25348837304115296 0.16904646682739255 0.1513794 0.14437939 "" "" 2.616767353023637 "" 0.3905775895973243 "" 0.81
274.58002314443 -12.27272452717 0.0368 0.034 4.2856 "" "" 4153656313598684672 1846.20972 0.5223 0.043 -0.487 -2.298 0.045 0.037 0.995 "" "" 15.835137 2.153846 16.940804 14.786958 "" "" 1680.78345 1988.39062 8727.53839 13.458 2286.1 13.057 9646.6 39.351 "" "" 0.003224098159695104 0.0067999526 0.0058223517 0.012622304 274.58002314443 -12.27272452717 1846.20972 -0.48700000000000004 -2.298 -0.051511626958847034 0.15304646682739254 0.1513794 0.14337939 "" "" 1.413140781140985 "" 0.20379428853589737 "" 0.99
274.44358277416 -12.20916006759 0.0443 0.0377 4.5855 "" "" 4153661364480378240 1797.078 0.5362 0.0497 -0.404 -2.404 0.059 0.045 1.001 9239.2 4.0922 16.151058 2.093013 17.219172 15.126159 "" "" 1628.04724 1952.5437 6524.13935 4.147 1769.1 10.663 7058.2 11.847 "" "" 0.002840436236587776 0.0071141105 0.0041958066 0.011309917 274.44358277416 -12.20916006759 1797.078 -0.40399999999999986 -2.404 0.03148837304115293 0.04704646682739266 0.1653794 0.1513794 "" "" 0.4822271697887676 "" 0.07515273932021707 "" 1.0
