Clusters/NGC_6604/NGC_6604_stars_in_region.tsv
# %ECSV 1.0
# ---
# datatype:
# - name: RA_ICRS_1
#   unit: deg
#   datatype: float64
#   format: '{:15.11f}'
#   description: Right ascension (ICRS) at Ep=2016.0 (ra)
#   meta: !!omap
#   - {ucd: POS_EQ_RA_MAIN}
#   - {width: 15}
#   - {precision: '11'}
# - name: DE_ICRS_1
#   unit: deg
#   datatype: float64
#   format: '{:15.11f}'
#   description: Declination (ICRS) at Ep=2016.0 (dec)
#   meta: !!omap
#   - {ucd: POS_EQ_DEC_MAIN}
#   - {width: 15}
#   - {precision: '11'}
# - name: e_RA_ICRS
#   unit: mas
#   datatype: float64
#   format: '{:7.4f}'
#   description: Standard error of right ascension (ra_error)
#   meta: !!omap
#   - {ucd: ERROR}
#   - {width: 7}
#   - {precision: '4'}
# - name: e_DE_ICRS
#   unit: mas
#   datatype: float64
#   format: '{:7.4f}'
#   description: Standard error of declination (dec_error)
#   meta: !!omap
#   - {ucd: ERROR}
#   - {width: 7}
#   - {precision: '4'}
# - name: _r_1
#   unit: ''
#   datatype: float64
#   format: '{:7.4f}'
#   description: Distance from center (274.51270681000-12.24489429000)[ICRS], at Epoch=J2016.0
#   meta: !!omap
#   - {ucd: POS_ANG_DIST_GENERAL}
#   - {width: 7}
#   - {precision: '4'}
# - name: HIP
#   datatype: int32
#   description: '? HIP cross-id number, van Leeuwen, Cat. I/311 (hip_original_ext_source_id)'
#   meta: !!omap
#   - {ucd: ID_NUMBER}
#   - {width: 6}
#   - values: {'null': -2147483648}
# - name: TYC2
#   datatype: string
#   description: Tycho-2 cross-id name, Hog et al., Cat. I/259 (tyc2_original_ext_source_id)
#   meta: !!omap
#   - {ucd: ID_CROSSID}
#   - {_votable_string_dtype: char}
# - name: Source
#   datatype: int64
#   description: Source identifier, identical to the Gaia-EDR3 source_id (id)
#   meta: !!omap
#   - {ucd: ID_MAIN}
#   - {width: 19}
# - name: rgeo
#   unit: pc
#   datatype: float64
#   format: '{:15.8f}'
#   description: '? Median of the geometric distance posterior (r_med_geo)'
#   meta: !!omap
#   - {ucd: PHYS_DISTANCE_TRUE}
#   - {width: 15}
#   - {precision: '8'}
#   - values: {'null': .nan}
# - name: Plx
#   unit: mas
#   datatype: float64
#   format: '{:9.4f}'
#   description: '? Parallax (parallax)'
#   meta: !!omap
#   - {ucd: POS_PARLX_TRIG}
#   - {width: 9}
#   - {precision: '4'}
#   - values: {'null': .nan}
# - name: e_Plx
#   unit: mas
#   datatype: float32
#   format: '{:7.4f}'
#   description: '? Standard error of parallax (parallax_error)'
#   meta: !!omap
#   - {ucd: ERROR}
#   - {width: 7}
#   - {precision: '4'}
#   - values: {'null': .nan}
# - name: pmRA
#   unit: mas / yr
#   datatype: float64
#   format: '{:9.3f}'
#   description: '? Proper motion in right ascension direction, pmRA*cosDE (pmra)'
#   meta: !!omap
#   - {ucd: POS_EQ_PMRA}
#   - {width: 9}
#   - {precision: '3'}
#   - values: {'null': .nan}
# - name: pmDE
#   unit: mas / yr
#   datatype: float64
#   format: '{:9.3f}'
#   description: '? Proper motion in declination direction (pmdec)'
#   meta: !!omap
#   - {ucd: POS_EQ_PMDEC}
#   - {width: 9}
#   - {precision: '3'}
#   - values: {'null': .nan}
# - name: e_pmRA
#   unit: mas / yr
#   datatype: float32
#   format: '{:6.3f}'
#   description: '? Standard error of proper motion in right ascension direction (pmra_error)'
#   meta: !!omap
#   - {ucd: ERROR}
#   - {width: 6}
#   - {precision: '3'}
#   - values: {'null': .nan}
# - name: e_pmDE
[...]
#         value: !astropy.table.SerializedColumn {name: SkyCoord.dec}
#       distance: !astropy.table.SerializedColumn
#         __class__: astropy.coordinates.distances.Distance
#         unit: !astropy.units.Unit {unit: pc}
#         value: !astropy.table.SerializedColumn {name: SkyCoord.distance}
#       frame: icrs
#       obstime: !astropy.time.Time {format: jyear_str, in_subfmt: '*', jd1: 367701545.0, jd2: 0.0, out_subfmt: '*', precision: 3, scale: tt}
#       pm_dec: !astropy.table.SerializedColumn
#         __class__: astropy.units.quantity.Quantity
#         unit: !astropy.units.Unit {unit: mas / yr}
#         value: !astropy.table.SerializedColumn {name: SkyCoord.pm_dec}
#       pm_ra_cosdec: !astropy.table.SerializedColumn
#         __class__: astropy.units.quantity.Quantity
#         unit: !astropy.units.Unit {unit: mas / yr}
#         value: !astropy.table.SerializedColumn {name: SkyCoord.pm_ra_cosdec}
#       ra: !astropy.table.SerializedColumn
#         __class__: astropy.coordinates.angles.Longitude
#         unit: *id001
#         value: !astropy.table.SerializedColumn {name: SkyCoord.ra}
#         wrap_angle: !astropy.coordinates.Angle
#           unit: *id001
#           value: 360.0
#       representation_type: spherical
# schema: astropy-2.0
RA_ICRS_1 DE_ICRS_1 e_RA_ICRS e_DE_ICRS _r_1 HIP TYC2 Source rgeo Plx e_Plx pmRA pmDE e_pmRA e_pmDE RUWE Teff logg Gmag BP-RP BPmag RPmag RV e_RV b_rgeo B_rgeo FG e_FG FBP e_FBP FRP e_FRP RAVE5 RAVE6 e_Gmag e_BPmag e_RPmag e_BP-RP SkyCoord.ra SkyCoord.dec SkyCoord.distance SkyCoord.pm_ra_cosdec SkyCoord.pm_dec rmRA rmDE e_rmRA e_rmDE rRV e_rRV v_pec v_pec3d e_vpec e_vpec3d
[from data line 315]
274.47241559565 -12.41724011709 0.0193 0.0164 10.607 "" "" 4153512861662271232 1710.57605 0.5388 0.0215 1.291 -1.532 0.023 0.019 0.892 4405.5 2.0275 14.308516 2.435188 15.624765 13.189577 -41.01 2.6 1640.18713 1783.57007 35607.41279 13.398 7682.6 15.445 42008.0 26.466 "" "" 0.0027854418114800455 0.0035425194 0.0038407857 0.007383305 274.47241559565 -12.41724011709 1710.57605 1.291 -1.5320000000000003 1.7264883730411529 0.9190464668273925 0.12937939 0.1253794 "" "" 15.85840988436859 "" 2.037915220891729 ""
274.73003756323 -12.25155635057 0.0204 0.0196 12.7493 "" "" 4153610958738669440 1612.66016 0.575 0.027 1.275 -2.624 0.025 0.019 0.971 6927.4 3.8084 14.309359 1.393621 14.916707 13.523086 -18.02 7.66 1543.98816 1683.51062 35579.79077 11.909 14748.0 40.817 30898.0 90.588 "" "" 0.002779182585547699 0.0041005565 0.0049413075 0.009041864 274.73003756323 -12.25155635057 1612.66016 1.275000000000001 -2.624 1.7104883730411529 -0.17295353317260753 0.1313794 0.1253794 "" "" 13.141657818538953 "" 1.7257631101536162 ""
274.32861005425 -12.00289140225 0.0191 0.0173 18.0959 "" "" 4153679643861289984 1919.26697 0.4814 0.0221 -0.315 -2.21 0.024 0.019 0.898 7204.5 3.537 14.309484 1.547233 15.017554 13.470322 "" "" 1832.11401 2013.71899 35575.64437 12.126 13440.0 16.446 32436.0 23.053 "" "" 0.0027800619602660667 0.0030903323 0.0038573544 0.006947687 274.32861005425 -12.00289140225 1919.26697 -0.315 -2.21 0.12048837304115295 0.2410464668273926 0.1303794 0.1253794 "" "" 2.45157049857264 "" 0.3098656492145901 ""
274.41787449399 -12.37768901797 0.0192 0.0164 9.7153 "" "" 4153560896578453632 2073.84009 0.4397 0.0206 0.415 -0.744 0.025 0.02 0.99 "" "" 14.310582 1.669021 15.087978 13.418958 "" "" 1981.08228 2177.53296 35539.70232 15.464 12596.0 27.981 34008.0 49.075 "" "" 0.002795527543147115 0.003688115 0.004091268 0.007779383 274.41787449399 -12.37768901797 2073.84009 0.415 -0.7439999999999993 0.850488373041153 1.7070464668273926 0.1313794 0.1263794 "" "" 18.747589862955337 "" 2.388243215924511 ""
274.60700767614 -12.09610079028 0.0198 0.0173 10.502 "" "" 4153663322985446912 1753.11389 0.5295 0.0227 -0.352 -2.403 0.025 0.02 0.94 9911.1 3.8193 14.312891 1.250195 14.846008 13.595814 "" "" 1683.74438 1812.41479 35464.20058 11.208 15740.0 25.14 28896.0 21.706 "" "" 0.002776603956968094 0.0032851635 0.0038663803 0.007151544 274.60700767614 -12.09610079028 1753.11389 -0.352 -2.403 0.08348837304115297 0.04804646682739255 0.1313794 0.1263794 "" "" 0.8004490806328063 "" 0.10418116843773131 ""
274.37584454009 -12.41281876352 0.0201 0.017 12.8792 "" "" 4153560346822962944 1909.32849 0.4739 0.0211 -1.897 -0.443 0.027 0.02 0.939 "" "" 14.31302 2.390696 15.594871 13.204175 4.9 2.03 1837.27844 1990.05225 35460.01816 11.719 7897.1 14.407 41447.0 25.676 "" "" 0.0027785861059093295 0.003421758 0.0038387657 0.0072605237 274.37584454009 -12.41281876352 1909.32849 -1.897 -0.44300000000000067 -1.461511626958847 2.0080464668273925 0.1333794 0.1263794 "" "" 22.477115200173905 "" 2.896097402282009 ""
274.44337485631 -11.92654155631 0.0208 0.0204 19.5295 "" "" 4153681052610556672 1891.96667 0.4889 0.0261 -0.121 -2.037 0.025 0.021 1.047 "" "" 14.314158 1.593353 15.048323 13.454969 "" "" 1807.15247 1981.89539 35422.88359 12.355 13064.0 23.123 32898.0 37.569 "" "" 0.0027812218615184694 0.0033879334 0.00397757 0.0073655033 274.44337485631 -11.92654155631 1891.96667 -0.121 -2.037 0.31448837304115296 0.41404646682739266 0.1313794 0.1273794 "" "" 4.662779733216959 "" 0.6008327615077274 ""
274.74605485674 -12.34351209756 0.0198 0.0199 14.9047 "" "" 4153605255021996416 1838.52295 0.5051 0.0268 1.402 -0.662 0.025 0.018 0.944 8581.0 3.5177 14.321872 1.55088 15.033654 13.482774 "" "" 1750.16223 1929.42493 35172.07217 18.95 13242.0 20.828 32066.0 54.798 "" "" 0.002816732582366892 0.003271296 0.0042102663 0.007481562 274.74605485674 -12.34351209756 1838.52295 1.402 -0.6619999999999994 1.8374883730411529 1.7890464668273927 0.1313794 0.1243794 "" "" 22.34925211479318 "" 2.8611669315895254 ""
274.37923110069 -12.08324476429 0.0194 0.0176 12.4643 "" "" 4153675172755028224 2103.4397 0.4351 0.0228 -0.556 -1.935 0.024 0.019 1.066 "" "" 14.3221 1.496194 14.996579 13.500385 "" "" 2014.52014 2209.88306 35164.68399 12.694 13702.0 18.897 31550.0 25.057 "" "" 0.002783056574095399 0.0031665764 0.0038765029 0.0070430795 274.37923110069 -12.08324476429 2103.4397 -0.5560000000000004 -1.935 -0.1205116269588471 0.5160464668273925 0.1303794 0.1253794 "" "" 5.283574612305244 "" 0.6638433924574095 ""
274.6333636735 -12.48577442269 0.0191 0.0174 16.09 "" "" 4153509769285483264 1541.99915 0.6056 0.0241 0.096 0.494 0.023 0.018 0.954 9249.8 4.0736 14.332584 0.992844 14.738831 13.745987 "" "" 1498.96411 1596.66492 34826.74369 9.4818 17373.0 19.583 25163.0 29.669 "" "" 0.0027711311544624047 0.0030467787 0.0039903056 0.0070370845 274.6333636735 -12.48577442269 1541.99915 0.09599999999999999 0.49400000000000005 0.5314883730411529 2.9450464668273924 0.12937939 0.1243794 "" "" 21.873291961228446 "" 2.7241035090403956 ""
274.82504466695 -12.31674920184 0.0209 0.0207 18.8121 "" "" 4153607007368591104 1939.47949 0.4649 0.0277 -4.055 -8.914 0.025 0.019 1.059 "" "" 14.333139 2.469176 15.667212 13.198035 7.47 3.32 1837.69495 2070.74805 34808.95481 17.249 7388.1 17.879 41682.0 28.276 "" "" 0.0028073570065336303 0.0038325645 0.003850482 0.007683046 274.82504466695 -12.31674920184 1939.47949 -4.055 -8.913999999999998 -3.6195116269588468 -6.462953533172607 0.1313794 0.1253794 "" "" 68.0978683172923 "" 8.637380289949927 ""
274.39079360392 -12.34835934114 0.0205 0.0177 9.4666 "" "" 4153561240175896960 1922.5387 0.4858 0.0217 -0.475 -1.761 0.024 0.019 0.98 "" "" 14.334261 1.184148 14.832581 13.648433 "" "" 1856.48486 2021.01746 34773.01637 12.67 15936.0 22.563 27529.0 26.314 "" "" 0.002783575110969359 0.003185617 0.0039192843 0.0071049016 274.39079360392 -12.34835934114 1922.5387 -0.475 -1.7610000000000001 -0.039511626958847024 0.6900464668273927 0.1303794 0.1253794 "" "" 6.298578568019752 "" 0.7898169533590925 ""
274.20968847446 -12.25604647478 0.0192 0.0164 17.7797 "" "" 4153577973368636032 1896.85583 0.4785 0.021 1.149 4.182 0.024 0.019 1.052 4664.1 2.1354 14.335031 2.475154 15.677306 13.202152 -84.25 2.46 1818.4364 1961.77332 34748.34689 14.705 7319.7 22.235 41524.0 58.101 "" "" 0.0027933671705462518 0.004320038 0.0040732822 0.00839332 274.20968847446 -12.25604647478 1896.85583 1.149 4.182 1.584488373041153 6.633046466827393 0.1303794 0.1253794 "" "" 61.316318526931 "" 7.704664599920533 ""
274.48428385132 -11.99907424158 0.0208 0.0187 14.8431 "" "" 4153677410478257920 2012.0752 0.4619 0.0252 -0.202 -2.225 0.026 0.019 0.974 "" "" 14.337518 1.364591 14.93689 13.572299 "" "" 1898.31287 2132.03687 34668.88153 11.697 14476.0 19.891 29528.0 34.43 "" "" 0.002779564479171215 0.003163975 0.003985779 0.007149754 274.48428385132 -11.99907424158 2012.0752 -0.20199999999999985 -2.2249999999999974 0.23348837304115294 0.2260464668273925 0.1323794 0.1253794 "" "" 3.0994378816508994 "" 0.39995194214532226 ""
274.30127477183 -12.07198111763 0.0288 0.0252 16.1688 "" "" 4153677960234099840 2057.8623 0.4534 0.0338 -1.008 -2.54 0.036 0.028 1.16 13517.9 3.8114 14.337673 1.696462 14.995884 13.299422 "" "" 1926.12341 2187.14429 34663.90375 18.192 13711.0 62.891 37966.0 208.58 "" "" 0.0028136219769289163 0.0057085096 0.0070614154 0.0127699245 274.30127477183 -12.07198111763 2057.8623 -1.008 -2.539999999999995 -0.572511626958847 -0.08895353317260746 0.1423794 0.1343794 "" "" 5.6514367304344875 "" 0.8036117321638802 ""
274.27267523204 -12.18146975494 0.0201 0.0179 14.5813 "" "" 4153580206751637760 1946.34558 0.4767 0.0239 -0.435 -2.401 0.025 0.019 1.121 9337.8 3.6438 14.343814 1.672086 15.125782 13.453696 "" "" 1857.04712 2022.21753 34468.40621 11.057 12165.0 24.03 32937.0 20.547 "" "" 0.002777245937677138 0.0035192007 0.0038395936 0.007358794 274.27267523204 -12.18146975494 1946.34558 -0.43500000000000033 -2.401 0.0004883730411529563 0.05004646682739278 0.1313794 0.1253794 "" "" 0.46173457349720315 "" 0.05789227317699093 ""
274.34961218039 -12.4758882275 0.0188 0.0163 16.8363 "" "" 4153553470557186688 1885.7605 0.4879 0.0201 -0.575 -1.044 0.025 0.019 1.039 "" "" 14.34519 1.601023 15.081024 13.480001 -2.82 6.44 1824.55115 1972.80896 34424.73126 11.65 12677.0 21.802 32148.0 28.758 "" "" 0.002779711736802914 0.0033573348 0.0039021845 0.0072595193 274.34961218039 -12.4758882275 1885.7605 -0.5749999999999995 -1.044 -0.139511626958847 1.4070464668273925 0.1313794 0.1253794 "" "" 12.638562948420226 "" 1.5853711549017195 ""
274.7592325652 -12.48204747865 0.0188 0.0177 20.2788 "" "" 4153591334993799424 1758.3877 0.5248 0.0221 0.058 -3.264 0.023 0.019 0.98 7392.7 3.9884 14.345294 1.183892 14.852218 13.668325 "" "" 1698.46802 1821.36304 34421.43512 14.363 15651.0 25.316 27029.0 95.258 "" "" 0.0027923177398399665 0.0032968672 0.0053782365 0.008675104 274.7592325652 -12.48204747865 1758.3877 0.05799999999999996 -3.264 0.49348837304115295 -0.8129535331726072 0.12937939 0.1253794 "" "" 7.926456328792396 "" 1.0024502767289567 ""
274.4490724157 -12.50596977826 0.0287 0.0243 16.1023 "" "" 4153511860911723520 1964.38025 0.4533 0.0329 1.692 -2.551 0.038 0.03 1.062 "" "" 14.348766 3.571255 16.55766 12.986404 -75.32 1.38 1849.21704 2099.67627 34311.5323 20.472 3253.5 14.264 50652.0 40.479 "" "" 0.002830448907584391 0.00551756 0.003877704 0.009395264 274.4490724157 -12.50596977826 1964.38025 1.692 -2.551 2.127488373041153 -0.09995353317260758 0.14437939 0.13637939 "" "" 19.831240322977163 "" 2.8628826688870026 ""
274.37517073694 -12.32123537929 0.021 0.0179 9.2734 "" "" 4153564298192641280 1950.63928 0.4759 0.0219 -0.214 -2.534 0.026 0.02 1.066 "" "" 14.35196 1.221312 14.86926 13.647948 "" "" 1864.02563 2051.47021 34210.74862 10.145 15407.0 23.877 27541.0 36.201 "" "" 0.002774068006980081 0.00325826 0.0040398566 0.0072981166 274.37517073694 -12.32123537929 1950.63928 -0.21400000000000002 -2.534 0.22148837304115296 -0.08295353317260723 0.1323794 0.1263794 "" "" 2.1868061204880247 "" 0.2879062682281142 ""
274.51822681707 -12.25449375027 0.0191 0.0168 0.6607 "" "" 4153657275671422720 2017.46619 0.4584 0.0211 -0.714 -2.752 0.025 0.02 0.999 7031.5 3.6556 14.353273 1.328845 14.894002 13.565157 "" "" 1924.47192 2094.18115 34169.41366 11.986 15060.0 31.854 29723.0 71.209 "" "" 0.0027815177268682412 0.0036137078 0.004588 0.008201708 274.51822681707 -12.25449375027 2017.46619 -0.7139999999999993 -2.752 -0.278511626958847 -0.3009535331726072 0.1313794 0.1263794 "" "" 3.9212307132630198 "" 0.5047023162938062 ""
274.36491053464 -12.11265677689 0.0217 0.0185 11.7512 "" "" 4153674696058924672 1873.24194 0.4987 0.0248 -14.842 -33.712 0.028 0.02 1.063 "" "" 14.358125 2.3015 15.574482 13.272982 149.17 3.21 1790.09741 1968.73828 34017.05213 13.318 8046.8 16.769 38901.0 40.076 "" "" 0.00278791661487227 0.003592272 0.003941426 0.0075336983 274.36491053464 -12.11265677689 1873.24194 -14.842000000000002 -33.712 -14.406511626958848 -31.26095353317261 0.1343794 0.1263794 "" "" 305.62845270447485 "" 39.064508171847095 ""
274.80616287606 -12.44232972754 0.0217 0.021 20.885 "" "" 4153591889083597184 1622.82874 0.5754 0.0272 -2.106 0.401 0.027 0.021 1.09 4982.3 3.1653 14.363727 1.793843 15.23227 13.438427 -34.86 4.19 1563.67712 1694.9436 33842.00639 10.466 11028.0 13.819 33403.0 24.106 "" "" 0.002775704334304882 0.0031042 0.00385975 0.0069639497 274.80616287606 -12.44232972754 1622.82874 -2.106 0.401 -1.670511626958847 2.8520464668273924 0.1333794 0.1273794 "" "" 25.424788285014547 "" 3.2782362596465866 ""
274.33157349837 -12.14936293178 0.0196 0.0175 12.0704 "" "" 4153580687787964928 2176.3269 0.4232 0.0233 -0.729 -1.996 0.024 0.019 1.055 "" "" 14.363884 1.537931 15.063232 13.525302 "" "" 2074.56445 2270.23853 33837.08726 14.088 12886.0 20.237 30835.0 42.646 "" "" 0.0027921556488390504 0.0032699308 0.004066765 0.0073366957 274.33157349837 -12.14936293178 2176.3269 -0.729 -1.9959999999999998 -0.293511626958847 0.4550464668273926 0.1303794 0.1253794 "" "" 5.585943934109741 "" 0.7086824363052879 ""
274.56198870364 -12.22895459023 0.0189 0.0166 3.0439 "" "" 4153657584909053824 2066.84497 0.4375 0.0211 -6.77 -2.033 0.024 0.019 1.019 "" "" 14.364492 2.347728 15.614928 13.2672 36.99 3.07 1974.27979 2139.29004 33818.14485 17.06 7752.6 17.61 39109.0 50.558 "" "" 0.0028092311362783243 0.0037238977 0.004031596 0.0077554937 274.56198870364 -12.22895459023 2066.84497 -6.769999999999994 -2.033 -6.334511626958847 0.41804646682739266 0.1303794 0.1253794 "" "" 62.19322531698926 "" 8.107392266838186 ""
274.61205361282 -12.13306349471 0.0208 0.0184 8.8865 "" "" 4153663013747764608 1750.09302 0.5375 0.024 1.07 0.736 0.027 0.021 1.04 "" "" 14.366797 1.090234 14.818157 13.727923 "" "" 1669.98926 1822.95288 33746.43768 9.1612 16149.0 29.191 25585.0 21.568 "" "" 0.0027710404052000088 0.0034112716 0.00388863 0.007299902 274.61205361282 -12.13306349471 1750.09302 1.0700000000000005 0.736 1.505488373041153 3.1870464668273923 0.1333794 0.1273794 "" "" 29.23923517247409 "" 3.757092338379609 ""
274.60814049487 -11.92624407866 0.0202 0.018 19.922 "" "" 4153683285993790208 1964.18237 0.4638 0.0232 -7.878 -21.07 0.024 0.02 0.934 "" "" 14.36699 2.471248 15.704476 13.233229 -62.16 3.2 1875.05005 2055.56738 33740.42972 15.478 7138.8 21.204 40352.0 50.264 "" "" 0.0027999751757678826 0.0042643943 0.004014076 0.0082784705 274.60814049487 -11.92624407866 1964.18237 -7.877999999999999 -21.07 -7.442511626958847 -18.618953533172608 0.1303794 0.1263794 "" "" 186.68251603884187 "" 23.69709828808549 ""
274.84156111998 -12.33338466731 0.0206 0.0196 19.9969 "" "" 4153606182734834944 2039.35779 0.4538 0.0252 -0.497 -1.825 0.025 0.02 0.946 6998.5 3.1956 14.371983 1.45611 15.019706 13.563596 "" "" 1927.203 2134.47241 33585.65014 24.929 13413.0 48.307 29766.0 93.884 "" "" 0.0028707572160482494 0.0048036836 0.0051000817 0.009903765 274.84156111998 -12.33338466731 2039.35779 -0.4969999999999999 -1.8250000000000013 -0.06151162695884704 0.6260464668273926 0.1313794 0.1263794 "" "" 6.080854236641071 "" 0.7687911185177668 ""
274.35889494129 -12.26921671168 0.0196 0.017 9.1357 "" "" 4153566840813324928 1769.9657 0.5151 0.0216 3.35 1.692 0.025 0.02 0.994 "" "" 14.381732 2.47684 15.726902 13.250062 5.63 2.09 1701.2334 1844.31921 33285.42583 12.933 6992.9 18.912 39731.0 26.604 "" "" 0.002787428235013287 0.0040505636 0.0038486717 0.007899235 274.35889494129 -12.26921671168 1769.9657 3.3499999999999996 1.692 3.785488373041153 4.143046466827393 0.1313794 0.1263794 "" "" 47.08280383974552 "" 6.058542626788562 ""
274.378415305 -12.38255172846 0.0201 0.0172 11.41 "" "" 4153560823542069760 2000.3075 0.4498 0.0218 0.528 -1.825 0.026 0.02 0.996 "" "" 14.394121 2.316025 15.624384 13.308359 -5.26 1.83 1887.9502 2083.83716 32907.74624 11.535 7685.3 11.89 37654.0 34.483 "" "" 0.0027814796561145038 0.00325678 0.003907987 0.007164767 274.378415305 -12.38255172846 2000.3075 0.528 -1.8250000000000013 0.963488373041153 0.6260464668273926 0.1323794 0.1263794 "" "" 10.894372237235745 "" 1.4230988920574383 ""
274.41529525455 -12.19816456614 0.0212 0.018 6.3632 "" "" 4153567592407105664 1899.41479 0.4844 0.0234 -0.742 -1.759 0.028 0.02 1.093 "" "" 14.396772 1.454914 15.031345 13.576431 "" "" 1816.32361 1985.89929 32827.4993 13.849 13270.0 39.135 29416.0 178.7 "" "" 0.0027931329179701446 0.0042470847 0.007601832 0.011848917 274.41529525455 -12.19816456614 1899.41479 -0.742 -1.7590000000000017 -0.30651162695884704 0.6920464668273927 0.1343794 0.1263794 "" "" 6.8144233629204916 "" 0.8703771194383098 ""
