Clusters/NGC_6604/NGC_6604_stars_in_region.tsv
# %ECSV 1.0
# ---
# datatype:
# - name: RA_ICRS_1
#   unit: deg
#   datatype: float64
#   format: '{:15.11f}'
#   description: Right ascension (ICRS) at Ep=2016.0 (ra)
#   meta: !!omap
#   - {ucd: POS_EQ_RA_MAIN}
#   - {width: 15}
#   - {precision: '11'}
# - name: DE_ICRS_1
#   unit: deg
#   datatype: float64
#   format: '{:15.11f}'
#   description: Declination (ICRS) at Ep=2016.0 (dec)
#   meta: !!omap
#   - {ucd: POS_EQ_DEC_MAIN}
#   - {width: 15}
#   - {precision: '11'}
# - name: e_RA_ICRS
#   unit: mas
#   datatype: float64
#   format: '{:7.4f}'
#   description: Standard error of right ascension (ra_error)
#   meta: !!omap
#   - {ucd: ERROR}
#   - {width: 7}
#   - {precision: '4'}
# - name: e_DE_ICRS
#   unit: mas
#   datatype: float64
#   format: '{:7.4f}'
#   description: Standard error of declination (dec_error)
#   meta: !!omap
#   - {ucd: ERROR}
#   - {width: 7}
#   - {precision: '4'}
# - name: _r_1
#   unit: ''
#   datatype: float64
#   format: '{:7.4f}'
#   description: Distance from center (274.51270681000-12.24489429000)[ICRS], at Epoch=J2016.0
#   meta: !!omap
#   - {ucd: POS_ANG_DIST_GENERAL}
#   - {width: 7}
#   - {precision: '4'}
# - name: HIP
#   datatype: int32
#   description: '? HIP cross-id number, van Leeuwen, Cat. I/311 (hip_original_ext_source_id)'
#   meta: !!omap
#   - {ucd: ID_NUMBER}
#   - {width: 6}
#   - values: {'null': -2147483648}
# - name: TYC2
#   datatype: string
#   description: Tycho-2 cross-id name, Hog et al., Cat. I/259 (tyc2_original_ext_source_id)
#   meta: !!omap
#   - {ucd: ID_CROSSID}
#   - {_votable_string_dtype: char}
# - name: Source
#   datatype: int64
#   description: Source identifier, identical to the Gaia-EDR3 source_id (id)
#   meta: !!omap
#   - {ucd: ID_MAIN}
#   - {width: 19}
# - name: rgeo
#   unit: pc
#   datatype: float64
#   format: '{:15.8f}'
#   description: '? Median of the geometric distance posterior (r_med_geo)'
#   meta: !!omap
#   - {ucd: PHYS_DISTANCE_TRUE}
#   - {width: 15}
#   - {precision: '8'}
#   - values: {'null': .nan}
# - name: Plx
#   unit: mas
#   datatype: float64
#   format: '{:9.4f}'
#   description: '? Parallax (parallax)'
#   meta: !!omap
#   - {ucd: POS_PARLX_TRIG}
#   - {width: 9}
#   - {precision: '4'}
#   - values: {'null': .nan}
# - name: e_Plx
#   unit: mas
#   datatype: float32
#   format: '{:7.4f}'
#   description: '? Standard error of parallax (parallax_error)'
#   meta: !!omap
#   - {ucd: ERROR}
#   - {width: 7}
#   - {precision: '4'}
#   - values: {'null': .nan}
# - name: pmRA
#   unit: mas / yr
#   datatype: float64
#   format: '{:9.3f}'
#   description: '? Proper motion in right ascension direction, pmRA*cosDE (pmra)'
#   meta: !!omap
#   - {ucd: POS_EQ_PMRA}
#   - {width: 9}
#   - {precision: '3'}
#   - values: {'null': .nan}
# - name: pmDE
#   unit: mas / yr
#   datatype: float64
#   format: '{:9.3f}'
#   description: '? Proper motion in declination direction (pmdec)'
#   meta: !!omap
#   - {ucd: POS_EQ_PMDEC}
#   - {width: 9}
#   - {precision: '3'}
#   - values: {'null': .nan}
# - name: e_pmRA
#   unit: mas / yr
#   datatype: float32
#   format: '{:6.3f}'
#   description: '? Standard error of proper motion in right ascension direction (pmra_error)'
#   meta: !!omap
#   - {ucd: ERROR}
#   - {width: 6}
#   - {precision: '3'}
#   - values: {'null': .nan}
# - name: e_pmDE
[...]
#         value: !astropy.table.SerializedColumn {name: SkyCoord.dec}
#       distance: !astropy.table.SerializedColumn
#         __class__: astropy.coordinates.distances.Distance
#         unit: !astropy.units.Unit {unit: pc}
#         value: !astropy.table.SerializedColumn {name: SkyCoord.distance}
#       frame: icrs
#       obstime: !astropy.time.Time {format: jyear_str, in_subfmt: '*', jd1: 367701545.0, jd2: 0.0, out_subfmt: '*', precision: 3, scale: tt}
#       pm_dec: !astropy.table.SerializedColumn
#         __class__: astropy.units.quantity.Quantity
#         unit: !astropy.units.Unit {unit: mas / yr}
#         value: !astropy.table.SerializedColumn {name: SkyCoord.pm_dec}
#       pm_ra_cosdec: !astropy.table.SerializedColumn
#         __class__: astropy.units.quantity.Quantity
#         unit: !astropy.units.Unit {unit: mas / yr}
#         value: !astropy.table.SerializedColumn {name: SkyCoord.pm_ra_cosdec}
#       ra: !astropy.table.SerializedColumn
#         __class__: astropy.coordinates.angles.Longitude
#         unit: *id001
#         value: !astropy.table.SerializedColumn {name: SkyCoord.ra}
#         wrap_angle: !astropy.coordinates.Angle
#           unit: *id001
#           value: 360.0
#       representation_type: spherical
# schema: astropy-2.0
RA_ICRS_1 DE_ICRS_1 e_RA_ICRS e_DE_ICRS _r_1 HIP TYC2 Source rgeo Plx e_Plx pmRA pmDE e_pmRA e_pmDE RUWE Teff logg Gmag BP-RP BPmag RPmag RV e_RV b_rgeo B_rgeo FG e_FG FBP e_FBP FRP e_FRP RAVE5 RAVE6 e_Gmag e_BPmag e_RPmag e_BP-RP SkyCoord.ra SkyCoord.dec SkyCoord.distance SkyCoord.pm_ra_cosdec SkyCoord.pm_dec rmRA rmDE e_rmRA e_rmDE rRV e_rRV v_pec v_pec3d e_vpec e_vpec3d
[from data line 1751]
274.69867789406 -12.10785645832 0.0645 0.0615 13.6592 "" "" 4153665861259987200 1919.26782 0.5015 0.0731 0.264 -0.849 0.082 0.073 1.089 9474.2 3.9924 16.8581 1.906456 17.79175 15.885294 "" "" 1684.15808 2215.34106 3401.78231 2.9203 1044.0 7.3777 3507.8 13.224 "" "" 0.00290869915248581 0.008164218 0.005571103 0.01373532 274.69867789406 -12.10785645832 1919.26782 0.26400000000000007 -0.849 0.699488373041153 1.6020464668273926 0.1883794 0.1793794 "" "" 15.90299807164972 "" 2.8760659947183416 ""
274.76798385285 -12.31564507202 0.0638 0.0623 15.5566 "" "" 4153606762509188480 1812.83667 0.5962 0.0869 0.729 -0.855 0.077 0.062 0.993 5501.5 4.6656 16.859911 1.748769 17.66716 15.918391 "" "" 1536.90784 2438.62695 3396.11562 3.0584 1171.0 7.5761 3402.5 63.786 "" "" 0.0029236656586655954 0.007558315 0.020701991 0.028260306 274.76798385285 -12.31564507202 1812.83667 0.729 -0.8549999999999996 1.164488373041153 1.5960464668273926 0.1833794 0.1683794 "" "" 16.976900712054054 "" 2.9495197768332586 ""
274.34113283646 -12.03310372604 0.0635 0.0589 16.2101 "" "" 4153678505649670912 1740.67334 0.5636 0.0732 6.259 -6.683 0.075 0.06 0.938 7125.4 4.328 16.86153 1.973075 17.84601 15.872935 "" "" 1542.22961 1982.88147 3391.05112 2.6816 993.14 11.99 3548.0 7.9686 "" "" 0.002885993752203786 0.013401566 0.004497778 0.017899344 274.34113283646 -12.03310372604 1740.67334 6.259 -6.682999999999998 6.694488373041153 -4.231953533172607 0.18137941 0.16637939 "" "" 65.34585576651189 "" 11.58099388766263 ""
274.70635774051 -12.15433816427 0.062 0.0608 12.5895 "" "" 4153659126751057792 2227.073 0.4267 0.075 -1.745 -1.224 0.077 0.065 1.016 "" "" 16.86282 2.374021 18.122906 15.748885 "" "" 1928.04614 2893.17358 3387.02904 3.0612 769.58 8.2017 3977.4 13.135 "" "" 0.002924844970470561 0.011902741 0.0052095926 0.017112333 274.70635774051 -12.15433816427 2227.073 -1.745 -1.2240000000000004 -1.3095116269588472 1.2270464668273926 0.1833794 0.17137939 "" "" 18.94401377369929 "" 3.3695699806688477 ""
274.49575337401 -12.29029732721 0.0629 0.0563 2.8999 "" "" 4153563164314654976 1637.0824 0.6054 0.0719 -0.566 0.587 0.084 0.066 0.919 "" "" 16.863998 1.821377 17.729532 15.908155 "" "" 1451.40271 1811.90527 3383.35193 2.6888 1105.6 22.263 3434.8 13.998 "" "" 0.002887265261860237 0.022040334 0.005819119 0.027859453 274.49575337401 -12.29029732721 1637.0824 -0.566 0.587 -0.130511626958847 3.0380464668273923 0.1903794 0.1723794 "" "" 23.59628674115418 "" 4.0683370107591355 ""
274.27766880069 -12.1347703921 0.0667 0.06 15.2861 "" "" 4153580889629559936 2031.85437 0.4993 0.0788 -0.405 -2.688 0.075 0.064 0.986 "" "" 16.864246 2.075862 17.917728 15.841867 "" "" 1697.79224 2366.20972 3382.58117 3.1923 929.66 9.1229 3651.0 20.055 "" "" 0.0029396798255613152 0.0110137835 0.007060638 0.018074421 274.27766880069 -12.1347703921 2031.85437 -0.40500000000000014 -2.6879999999999997 0.030488373041152927 -0.2369535331726076 0.18137941 0.1703794 "" "" 2.3009101162825414 "" 0.392452956937829 ""
274.32442366511 -12.26946395623 0.0706 0.063 11.1375 "" "" 4153565599545851904 1606.76965 0.6019 0.0733 3.193 -0.785 0.082 0.066 1.023 5235.8 4.488 16.86504 1.707768 17.662827 15.955059 "" "" 1425.61841 1847.78918 3380.11114 2.9485 1175.7 12.084 3289.5 17.636 "" "" 0.0029135514513736983 0.011502865 0.006940265 0.01844313 274.32442366511 -12.26946395623 1606.76965 3.1930000000000014 -0.7849999999999997 3.628488373041153 1.6660464668273924 0.1883794 0.1723794 "" "" 30.40874120811916 "" 5.646680758774484 ""
274.44829778663 -11.9409534923 0.0716 0.0682 18.6238 "" "" 4153680812092383360 1705.39844 0.584 0.0862 1.737 2.249 0.088 0.07 1.049 7163.8 4.3329 16.865341 2.220545 18.023436 15.802891 "" "" 1457.38745 2036.27393 3379.17127 2.6312 843.42 10.364 3784.4 14.584 "" "" 0.002882101566292326 0.013630234 0.005638313 0.019268546 274.44829778663 -11.9409534923 1705.39844 1.737 2.249 2.172488373041153 4.700046466827393 0.19437939 0.1763794 "" "" 41.85561854965467 "" 7.520574646438095 ""
274.3070707801 -12.06514048611 0.0682 0.06 16.1803 "" "" 4153677955893845248 1583.2478 0.6149 0.0789 -3.03 0.409 0.081 0.065 1.077 5614.5 4.5863 16.86565 1.841823 17.766167 15.924344 "" "" 1393.54065 1855.70398 3378.20761 2.845 1068.9 9.3249 3383.9 13.451 "" "" 0.00290307685874814 0.009874187 0.005736712 0.0156109 274.3070707801 -12.06514048611 1583.2478 -3.03 0.4090000000000004 -2.594511626958847 2.8600464668273924 0.18737939 0.17137939 "" "" 28.979161139892984 "" 5.180886321716839 ""
274.62611924798 -12.33926407148 0.0714 0.0685 8.7331 "" "" 4153608725355683840 1832.14136 0.5319 0.0818 -1.152 -1.355 0.09 0.074 1.102 "" "" 16.867327 1.853288 17.75933 15.906043 "" "" 1621.30566 2171.80273 3372.99736 2.507 1075.7 11.536 3441.4 10.531 "" "" 0.0028710635134111422 0.011973269 0.0050321384 0.017005408 274.62611924798 -12.33926407148 1832.14136 -1.1519999999999986 -1.355000000000001 -0.716511626958847 1.0960464668273926 0.1963794 0.18037939 "" "" 11.37187956753036 "" 2.1073774381699435 ""
274.41882616392 -12.03476564127 0.0657 0.061 13.7579 "" "" 4153677028175278720 1591.03845 0.6319 0.08 -1.572 -3.045 0.082 0.063 1.01 "" "" 16.86904 2.007712 17.889236 15.881524 "" "" 1418.78967 1816.30481 3367.6836 2.619 954.38 11.034 3520.0 16.581 "" "" 0.0028817939007703265 0.012859022 0.006359287 0.019218309 274.41882616392 -12.03476564127 1591.03845 -1.5720000000000012 -3.045 -1.136511626958847 -0.5939535331726074 0.1883794 0.1693794 "" "" 9.670923858647166 "" 1.7839788826559235 ""
274.34822395579 -12.19767490422 0.0726 0.0665 10.0528 "" "" 4153579519556824448 1728.65747 0.5708 0.0808 -0.387 -1.837 0.09 0.071 1.017 5737.8 4.6148 16.87165 1.755435 17.715427 15.959992 "" "" 1487.28308 2151.58936 3359.59123 3.2852 1120.1 11.131 3274.6 23.435 "" "" 0.0029527927778029415 0.01114444 0.008640566 0.019785006 274.34822395579 -12.19767490422 1728.65747 -0.3870000000000003 -1.837 0.04848837304115294 0.6140464668273926 0.1963794 0.1773794 "" "" 5.047058607045294 "" 0.8958700767674184 ""
274.77848438561 -12.04301577224 0.1086 0.1063 19.7423 "" "" 4153668025923794688 1620.87964 0.6224 0.1335 -0.489 -1.88 0.133 0.107 1.708 9160.6 4.279 16.874865 2.136751 17.919909 15.783157 "" "" 1341.45654 2075.44189 3349.65988 5.8181 927.8 7.3903 3853.9 19.309 "" "" 0.003338889174933497 0.009087275 0.0066238395 0.015711114 274.77848438561 -12.04301577224 1620.87964 -0.48900000000000005 -1.8800000000000017 -0.053511626958847036 0.5710464668273927 0.2393794 0.2133794 "" "" 4.406553482932157 "" 0.9413252022774458 ""
274.49030625786 -12.38588092358 0.0694 0.0637 8.5605 "" "" 4153561338935213312 1783.90039 0.58 0.0809 0.61 -4.739 0.081 0.07 1.021 5321.2 4.6612 16.875908 1.664128 17.657818 15.99369 "" "" 1573.61523 2098.33447 3346.4436 2.8621 1181.1 11.352 3174.6 9.1225 "" "" 0.0029075892120406974 0.010801995 0.0049008047 0.015702799 274.49030625786 -12.38588092358 1783.90039 0.6100000000000001 -4.739 1.0454883730411528 -2.2879535331726073 0.18737939 0.1763794 "" "" 21.270345067281067 "" 3.7930980582829026 ""
274.78650356334 -12.45011411736 0.0649 0.0585 20.2274 "" "" 4153591506792572928 1875.36523 0.5184 0.0719 2.409 -2.1 0.079 0.064 0.975 4523.6 4.3509 16.877266 1.543781 17.594648 16.050867 "" "" 1663.51831 2086.10132 3342.2582 2.5976 1251.9 9.0192 3011.7 18.579 "" "" 0.0028816390754239614 0.008304825 0.007690567 0.015995393 274.78650356334 -12.45011411736 1875.36523 2.409 -2.1 2.8444883730411528 0.3510464668273925 0.1853794 0.1703794 "" "" 25.4771440760365 "" 4.717433234467403 ""
274.42124432375 -12.06169999992 0.0723 0.0683 12.231 "" "" 4153675280174476800 1751.67566 0.5702 0.0923 -0.367 -2.226 0.087 0.069 1.06 8918.0 4.2309 16.878487 2.440514 18.191988 15.751474 "" "" 1486.93604 2090.47217 3338.50544 5.8104 722.14 8.5673 3968.0 31.675 "" "" 0.0033410350256704974 0.013179649 0.009455198 0.022634847 274.42124432375 -12.06169999992 1751.67566 -0.36700000000000005 -2.226000000000001 0.06848837304115296 0.2250464668273926 0.1933794 0.1753794 "" "" 1.9531614911548827 "" 0.34566312441989855 ""
274.59836287219 -12.20176756417 0.0676 0.061 5.6502 "" "" 4153657756707741056 2253.99341 0.4407 0.0829 -1.422 -3.512 0.088 0.068 1.109 5602.9 4.605 16.878838 1.764001 17.724766 15.960765 "" "" 1882.03162 2690.36646 3337.42824 2.9999 1110.5 14.477 3272.3 17.332 "" "" 0.0029230516536992005 0.014426555 0.0068814354 0.02130799 274.59836287219 -12.20176756417 2253.99341 -1.422 -3.5119999999999987 -0.986511626958847 -1.0609535331726074 0.19437939 0.17437941 "" "" 15.478161217818558 "" 2.846802451832768 ""
274.20921251326 -12.13354913541 0.0633 0.0544 19.0116 "" "" 4153583608365788800 1915.48572 0.5003 0.0726 1.391 -4.491 0.074 0.06 0.941 8230.0 4.3034 16.879026 2.093407 17.940962 15.847555 "" "" 1647.46179 2231.53271 3336.84734 2.8545 909.98 9.4042 3631.9 15.633 "" "" 0.002907652347716618 0.011562261 0.006010356 0.017572617 274.20921251326 -12.13354913541 1915.48572 1.3909999999999985 -4.490999999999992 1.826488373041153 -2.039953533172607 0.18037939 0.16637939 "" "" 24.8607733542684 "" 4.2946729096623635 ""
274.61619420168 -11.93771247611 0.0724 0.0661 19.4052 "" "" 4153683217274305792 2000.88477 0.4785 0.0804 2.232 -4.993 0.089 0.074 1.104 5483.1 4.4727 16.880625 2.031708 17.908566 15.876858 "" "" 1732.99402 2345.52466 3331.93472 3.1472 937.54 12.187 3535.2 9.6955 "" "" 0.0029399863240206015 0.01438655 0.004811487 0.019198038 274.61619420168 -11.93771247611 2000.88477 2.2319999999999975 -4.993 2.667488373041153 -2.5419535331726077 0.1953794 0.18037939 "" "" 34.946419091746044 "" 6.583543904889408 ""
274.6950416486 -12.49392390697 0.0743 0.0698 18.3698 "" "" 4153509185169813632 2147.35938 0.4925 0.0993 -2.324 -3.557 0.084 0.064 1.124 9483.9 4.1449 16.880676 2.156599 17.992338 15.835739 "" "" 1753.50513 2722.36084 3331.77706 3.3488 867.92 7.6781 3671.7 11.001 "" "" 0.0029635601820165837 0.010002075 0.004986581 0.014988655 274.6950416486 -12.49392390697 2147.35938 -2.324000000000003 -3.557 -1.888511626958847 -1.1059535331726074 0.1903794 0.1703794 "" "" 22.275790422144148 "" 4.13164928771959 ""
274.53137133638 -12.08231734183 0.0744 0.0626 9.8159 "" "" 4153664005834231168 2154.27368 0.4779 0.0851 -1.472 -0.915 0.087 0.067 0.954 4601.8 4.1293 16.881096 2.349945 18.148638 15.798693 "" "" 1833.21875 2718.52661 3330.49002 3.0637 751.56 12.783 3799.1 14.906 "" "" 0.002930753601028938 0.018676471 0.005694815 0.024371285 274.53137133638 -12.08231734183 2154.27368 -1.4720000000000002 -0.9149999999999995 -1.036511626958847 1.5360464668273925 0.1933794 0.17337939 "" "" 18.921972434787506 "" 3.403611283077227 ""
274.36871327066 -12.37728747537 0.0616 0.0544 11.5909 "" "" 4153561034017459072 1541.93237 0.6513 0.0637 -0.978 -0.842 0.08 0.061 0.941 5478.1 4.6333 16.881943 1.59804 17.613585 16.015545 "" "" 1391.85339 1719.85779 3327.89493 2.7359 1230.2 9.4963 3111.3 8.9803 "" "" 0.0028962936441020745 0.008833376 0.0049096355 0.013743011 274.36871327066 -12.37728747537 1541.93237 -0.9780000000000008 -0.842000000000001 -0.542511626958847 1.6090464668273925 0.1863794 0.1673794 "" "" 12.410586434997148 "" 2.102558203393518 ""
274.55100918667 -11.89598849153 0.0668 0.0633 21.0546 "" "" 4153684282409509504 1710.93958 0.5787 0.0798 -0.714 1.864 0.079 0.064 1.016 5345.1 4.4657 16.883366 2.238051 17.956964 15.718913 "" "" 1483.41821 1954.46277 3323.53419 2.6018 896.67 20.704 4088.8 126.79 "" "" 0.0028834389040988373 0.025224308 0.03387916 0.059103467 274.55100918667 -11.89598849153 1710.93958 -0.7140000000000006 1.863999999999998 -0.278511626958847 4.3150464668273925 0.1853794 0.1703794 "" "" 35.067212131265514 "" 5.977008439296225 ""
274.79238765613 -12.19056130048 0.0622 0.0605 16.7216 "" "" 4153617487089529728 1588.35291 0.6152 0.0753 -1.235 -1.463 0.075 0.063 1.02 4929.8 4.3273 16.884258 1.868332 17.8007 15.932367 "" "" 1417.90649 1864.86719 3320.80674 2.656 1035.5 14.328 3359.0 12.586 "" "" 0.0028889218691084627 0.015280013 0.0055528334 0.020832846 274.79238765613 -12.19056130048 1588.35291 -1.2349999999999997 -1.463 -0.7995116269588471 0.9880464668273925 0.18137941 0.1693794 "" "" 9.569136104632687 "" 1.6671973247777334 ""
274.55874702141 -12.17885991675 0.0689 0.0632 4.7945 "" "" 4153660986523204352 1514.45007 0.6486 0.0775 -4.771 -4.094 0.091 0.072 1.024 4984.1 4.5208 16.890036 1.648703 17.667274 16.018572 "" "" 1367.81238 1681.47546 3303.18186 2.9674 1170.9 11.626 3102.6 7.8329 "" "" 0.0029228632392626934 0.01113562 0.00466875 0.015804369 274.55874702141 -12.17885991675 1514.45007 -4.771000000000005 -4.093999999999995 -4.335511626958847 -1.6429535331726077 0.1973794 0.17837939 "" "" 33.28217481988104 "" 6.4931904555158555 ""
274.60641379225 -12.43587870975 0.0662 0.0602 12.7074 "" "" 4153513480137351168 1852.68164 0.5389 0.0816 -0.187 -0.146 0.079 0.062 1.02 9024.4 4.1867 16.892267 2.653943 18.317812 15.663869 "" "" 1598.55286 2163.46606 3296.40144 3.0851 643.12 8.6543 4301.4 76.416 "" "" 0.0029367208652050997 0.014874506 0.019655293 0.034529798 274.60641379225 -12.43587870975 1852.68164 -0.18700000000000017 -0.14600000000000005 0.24848837304115295 2.3050464668273927 0.1853794 0.1683794 "" "" 20.35953221680169 "" 3.4322999645848964 ""
274.59190717684 -12.00615633448 0.063 0.0582 15.0589 "" "" 4153670538530828288 1569.63428 0.6288 0.0716 -0.072 -4.071 0.079 0.064 0.96 6791.3 4.3218 16.895035 1.870021 17.802038 15.932017 "" "" 1404.22058 1844.42297 3288.007 3.0006 1034.2 12.842 3360.1 13.211 "" "" 0.0029280600891739084 0.013767636 0.0057014516 0.019469088 274.59190717684 -12.00615633448 1569.63428 -0.07199999999999995 -4.0710000000000015 0.36348837304115295 -1.6199535331726072 0.1853794 0.1703794 "" "" 12.352243081213178 "" 2.113819757550277 ""
274.31381805061 -12.4646233193 0.0637 0.0572 17.5982 "" "" 4153554192112445824 1525.93396 0.6509 0.0698 -2.956 -5.243 0.084 0.067 0.992 8236.5 4.338 16.89608 2.154637 17.984798 15.830161 "" "" 1384.93042 1698.15198 3284.84145 2.9483 873.97 11.679 3690.6 15.486 "" "" 0.002922573925288537 0.014774715 0.0059193936 0.020694109 274.31381805061 -12.4646233193 1525.93396 -2.9559999999999995 -5.242999999999995 -2.520511626958847 -2.7919535331726077 0.1903794 0.17337939 "" "" 27.20579058673351 "" 4.929972902651712 ""
274.44945485702 -12.04797054663 0.1221 0.1122 12.3842 "" "" 4153676792003249408 1795.62537 0.6785 0.1557 -0.898 -0.733 0.152 0.109 1.866 "" "" 16.897976 1.911669 17.720915 15.809246 "" "" 1385.93469 2592.427 3279.11222 8.188 1114.4 22.118 3762.4 27.602 "" "" 0.0038654705194138706 0.021728981 0.008816409 0.030545391 274.44945485702 -12.04797054663 1795.62537 -0.8979999999999992 -0.733 -0.46251162695884707 1.7180464668273925 0.2583794 0.21537939 "" "" 15.143356235323708 "" 3.3096082547975287 ""
274.43925900606 -11.99021137952 0.072 0.0689 15.8768 "" "" 4153677268693688192 1626.78101 0.6224 0.0889 3.369 -1.865 0.087 0.069 1.07 4880.8 4.6571 16.898504 1.478285 17.553726 16.075441 "" "" 1372.37061 2004.20984 3277.51989 3.023 1299.9 8.6784 2944.3 11.847 "" "" 0.002931660842568114 0.0077670603 0.005776602 0.013543662 274.43925900606 -11.99021137952 1626.78101 3.369000000000001 -1.865 3.804488373041153 0.5860464668273926 0.1933794 0.1753794 "" "" 29.682201496511716 "" 5.728106717204726 ""
