Clusters/NGC_6604/NGC_6604_stars_in_region.tsv
# %ECSV 1.0
# ---
# datatype:
# - name: RA_ICRS_1
#   unit: deg
#   datatype: float64
#   format: '{:15.11f}'
#   description: Right ascension (ICRS) at Ep=2016.0 (ra)
#   meta: !!omap
#   - {ucd: POS_EQ_RA_MAIN}
#   - {width: 15}
#   - {precision: '11'}
# - name: DE_ICRS_1
#   unit: deg
#   datatype: float64
#   format: '{:15.11f}'
#   description: Declination (ICRS) at Ep=2016.0 (dec)
#   meta: !!omap
#   - {ucd: POS_EQ_DEC_MAIN}
#   - {width: 15}
#   - {precision: '11'}
# - name: e_RA_ICRS
#   unit: mas
#   datatype: float64
#   format: '{:7.4f}'
#   description: Standard error of right ascension (ra_error)
#   meta: !!omap
#   - {ucd: ERROR}
#   - {width: 7}
#   - {precision: '4'}
# - name: e_DE_ICRS
#   unit: mas
#   datatype: float64
#   format: '{:7.4f}'
#   description: Standard error of declination (dec_error)
#   meta: !!omap
#   - {ucd: ERROR}
#   - {width: 7}
#   - {precision: '4'}
# - name: _r_1
#   unit: ''
#   datatype: float64
#   format: '{:7.4f}'
#   description: Distance from center (274.51270681000-12.24489429000)[ICRS], at Epoch=J2016.0
#   meta: !!omap
#   - {ucd: POS_ANG_DIST_GENERAL}
#   - {width: 7}
#   - {precision: '4'}
# - name: HIP
#   datatype: int32
#   description: '? HIP cross-id number, van Leeuwen, Cat. I/311 (hip_original_ext_source_id)'
#   meta: !!omap
#   - {ucd: ID_NUMBER}
#   - {width: 6}
#   - values: {'null': -2147483648}
# - name: TYC2
#   datatype: string
#   description: Tycho-2 cross-id name, Hog et al., Cat. I/259 (tyc2_original_ext_source_id)
#   meta: !!omap
#   - {ucd: ID_CROSSID}
#   - {_votable_string_dtype: char}
# - name: Source
#   datatype: int64
#   description: Source identifier, identical to the Gaia-EDR3 source_id (id)
#   meta: !!omap
#   - {ucd: ID_MAIN}
#   - {width: 19}
# - name: rgeo
#   unit: pc
#   datatype: float64
#   format: '{:15.8f}'
#   description: '? Median of the geometric distance posterior (r_med_geo)'
#   meta: !!omap
#   - {ucd: PHYS_DISTANCE_TRUE}
#   - {width: 15}
#   - {precision: '8'}
#   - values: {'null': .nan}
# - name: Plx
#   unit: mas
#   datatype: float64
#   format: '{:9.4f}'
#   description: '? Parallax (parallax)'
#   meta: !!omap
#   - {ucd: POS_PARLX_TRIG}
#   - {width: 9}
#   - {precision: '4'}
#   - values: {'null': .nan}
# - name: e_Plx
#   unit: mas
#   datatype: float32
#   format: '{:7.4f}'
#   description: '? Standard error of parallax (parallax_error)'
#   meta: !!omap
#   - {ucd: ERROR}
#   - {width: 7}
#   - {precision: '4'}
#   - values: {'null': .nan}
# - name: pmRA
#   unit: mas / yr
#   datatype: float64
#   format: '{:9.3f}'
#   description: '? Proper motion in right ascension direction, pmRA*cosDE (pmra)'
#   meta: !!omap
#   - {ucd: POS_EQ_PMRA}
#   - {width: 9}
#   - {precision: '3'}
#   - values: {'null': .nan}
# - name: pmDE
#   unit: mas / yr
#   datatype: float64
#   format: '{:9.3f}'
#   description: '? Proper motion in declination direction (pmdec)'
#   meta: !!omap
#   - {ucd: POS_EQ_PMDEC}
#   - {width: 9}
#   - {precision: '3'}
#   - values: {'null': .nan}
# - name: e_pmRA
#   unit: mas / yr
#   datatype: float32
#   format: '{:6.3f}'
#   description: '? Standard error of proper motion in right ascension direction (pmra_error)'
#   meta: !!omap
#   - {ucd: ERROR}
#   - {width: 6}
#   - {precision: '3'}
#   - values: {'null': .nan}
# - name: e_pmDE
[...]
#         value: !astropy.table.SerializedColumn {name: SkyCoord.dec}
#       distance: !astropy.table.SerializedColumn
#         __class__: astropy.coordinates.distances.Distance
#         unit: !astropy.units.Unit {unit: pc}
#         value: !astropy.table.SerializedColumn {name: SkyCoord.distance}
#       frame: icrs
#       obstime: !astropy.time.Time {format: jyear_str, in_subfmt: '*', jd1: 367701545.0, jd2: 0.0, out_subfmt: '*', precision: 3, scale: tt}
#       pm_dec: !astropy.table.SerializedColumn
#         __class__: astropy.units.quantity.Quantity
#         unit: !astropy.units.Unit {unit: mas / yr}
#         value: !astropy.table.SerializedColumn {name: SkyCoord.pm_dec}
#       pm_ra_cosdec: !astropy.table.SerializedColumn
#         __class__: astropy.units.quantity.Quantity
#         unit: !astropy.units.Unit {unit: mas / yr}
#         value: !astropy.table.SerializedColumn {name: SkyCoord.pm_ra_cosdec}
#       ra: !astropy.table.SerializedColumn
#         __class__: astropy.coordinates.angles.Longitude
#         unit: *id001
#         value: !astropy.table.SerializedColumn {name: SkyCoord.ra}
#         wrap_angle: !astropy.coordinates.Angle
#           unit: *id001
#           value: 360.0
#       representation_type: spherical
# schema: astropy-2.0
RA_ICRS_1 DE_ICRS_1 e_RA_ICRS e_DE_ICRS _r_1 HIP TYC2 Source rgeo Plx e_Plx pmRA pmDE e_pmRA e_pmDE RUWE Teff logg Gmag BP-RP BPmag RPmag RV e_RV b_rgeo B_rgeo FG e_FG FBP e_FBP FRP e_FRP RAVE5 RAVE6 e_Gmag e_BPmag e_RPmag e_BP-RP SkyCoord.ra SkyCoord.dec SkyCoord.distance SkyCoord.pm_ra_cosdec SkyCoord.pm_dec rmRA rmDE e_rmRA e_rmDE rRV e_rRV v_pec v_pec3d e_vpec e_vpec3d
[from data line 760]
274.3142407296 -12.14393214746 0.035 0.0312 13.1213 "" "" 4153580752190597376 1839.17529 0.4945 0.0414 -1.029 -2.475 0.045 0.034 1.162 "" "" 15.514852 1.649569 16.268856 14.619287 "" "" 1696.02185 1971.56226 11722.11787 7.2584 4245.0 24.035 11258.0 34.388 "" "" 0.002836153798576804 0.006750959 0.00502816 0.011779118 274.3142407296 -12.14393214746 1839.17529 -1.029 -2.475 -0.593511626958847 -0.02395353317260751 0.1513794 0.1403794 "" "" 5.1782630523612125 "" 0.7837931178675236 ""
274.43875118256 -12.17858097526 0.038 0.0327 5.8856 "" "" 4153661467559606144 1839.52173 0.5133 0.0426 -0.281 -2.297 0.05 0.036 1.185 "" "" 15.517223 2.165415 16.59574 14.430325 74.23 12.01 1708.98645 1993.61877 11696.54205 9.0981 3141.4 17.358 13398.0 30.585 "" "" 0.0028818445952619822 0.006616395 0.004519602 0.011135997 274.43875118256 -12.17858097526 1839.52173 -0.28100000000000014 -2.297 0.15448837304115293 0.15404646682739243 0.1563794 0.1423794 "" "" 1.902273349597436 "" 0.28451038008908863 ""
274.72332828097 -12.17294060331 0.036 0.0352 13.0842 "" "" 4153658851873065088 2200.61328 0.4177 0.0447 -2.198 -3.453 0.046 0.039 1.234 "" "" 15.518144 2.674118 16.998005 14.323887 36.31 16.8 2013.74219 2407.38965 11686.63128 7.1254 2168.8 11.956 14778.0 17.604 "" "" 0.002833726447233283 0.0066037606 0.0039945603 0.0105983205 274.72332828097 -12.17294060331 2200.61328 -2.198 -3.452999999999998 -1.762511626958847 -1.0019535331726073 0.1523794 0.1453794 "" "" 21.147639672571092 "" 3.1869436088429466 ""
274.6641805762 -12.49028386429 0.0371 0.0333 17.1927 "" "" 4153509047730918528 1729.78162 0.5448 0.0472 0.506 -3.279 0.038 0.032 1.084 9265.6 3.8339 15.520195 1.718672 16.327318 14.608646 "" "" 1593.79626 1871.0437 11664.56694 6.1248 4022.4 8.7977 11368.0 24.238 "" "" 0.002813680558275182 0.0036639096 0.0044319984 0.008095908 274.6641805762 -12.49028386429 1729.78162 0.506 -3.278999999999999 0.941488373041153 -0.8279535331726073 0.14437939 0.1383794 "" "" 10.27976295921397 "" 1.4576089293949102 ""
274.55577248162 -12.26197512218 0.053 0.0493 2.7251 "" "" 4153657103872692096 2066.79321 0.4611 0.063 -0.698 -3.856 0.068 0.055 1.662 9047.5 3.497 15.521999 1.633722 16.23617 14.602448 "" "" 1833.65173 2372.22559 11645.20078 5.9341 4374.7 26.142 11433.0 47.956 "" "" 0.0028103185166559468 0.0070625744 0.0059181065 0.012980681 274.55577248162 -12.26197512218 2066.79321 -0.6979999999999993 -3.8559999999999985 -0.262511626958847 -1.4049535331726073 0.17437941 0.1613794 "" "" 14.001965832735479 "" 2.2660076064626273 ""
274.48357058993 -11.97854150192 0.0317 0.03 16.0723 "" "" 4153677719715910400 1586.09583 0.5824 0.0408 0.535 0.502 0.04 0.03 0.875 5819.2 3.7711 15.523686 2.127199 16.618952 14.491753 "" "" 1510.49451 1701.96265 11627.12026 4.9785 3074.9 10.677 12661.0 17.313 "" "" 0.002794264223034046 0.0046902057 0.0040605366 0.008750742 274.48357058993 -11.97854150192 1586.09583 0.535 0.502 0.970488373041153 2.9530464668273924 0.1463794 0.13637939 "" "" 23.369462468118215 "" 3.2106410578202316 ""
274.82770161913 -12.26221578813 0.0318 0.0323 18.4983 "" "" 4153607449704147968 1823.12622 0.5238 0.0404 -0.195 -1.721 0.039 0.032 0.936 "" "" 15.524607 1.3875 16.135143 14.747643 "" "" 1693.79675 1946.83252 11617.27035 5.5624 4801.3 19.544 10002.0 23.688 "" "" 0.002803932746235313 0.0052266195 0.0045711827 0.009797802 274.82770161913 -12.26221578813 1823.12622 -0.19500000000000003 -1.7209999999999996 0.24048837304115295 0.7300464668273925 0.1453794 0.1383794 "" "" 6.6422656605851325 "" 0.9238075961845702 ""
274.57156109712 -12.09601710855 0.0385 0.0345 9.5764 "" "" 4153664108913383552 1778.57935 0.5272 0.0449 -0.721 -1.729 0.049 0.04 1.042 9426.8 3.9093 15.525541 1.411512 16.153318 14.741806 "" "" 1627.57593 1941.30493 11607.27616 6.0377 4721.6 14.137 10056.0 20.173 "" "" 0.0028126047720953744 0.004284023 0.0043620714 0.008646094 274.57156109712 -12.09601710855 1778.57935 -0.721000000000001 -1.729 -0.285511626958847 0.7220464668273925 0.1553794 0.1463794 "" "" 6.545799516377364 "" 0.9663460108624952 ""
274.44457523918 -12.26386293796 0.041 0.0326 4.1537 "" "" 4153566359770526848 2228.15771 0.4175 0.0438 -0.546 -2.476 0.066 0.039 1.027 "" "" 15.528589 1.4889 15.91656 14.42766 "" "" 2033.71741 2454.23633 11574.73507 19.122 5872.1 376.22 13431.0 380.63 "" "" 0.0032877196737778475 0.06961804 0.031000637 0.100618675 274.44457523918 -12.26386293796 2228.15771 -0.546 -2.476 -0.11051162695884709 -0.0249535331726074 0.1723794 0.1453794 "" "" 1.1965494160298416 "" 0.20481084625179755 ""
274.51508643363 -12.21413585148 0.031 0.0278 1.8508 "" "" 4153660436767682304 2128.99121 0.4299 0.0342 -0.815 -1.754 0.042 0.036 0.984 9456.3 3.7922 15.53127 1.344686 16.111626 14.76694 "" "" 1982.11108 2294.5022 11546.18731 5.5828 4906.4 17.322 9826.1 16.455 "" "" 0.0028048862825856952 0.004741132 0.004193992 0.008935124 274.51508643363 -12.21413585148 2128.99121 -0.815 -1.7540000000000002 -0.379511626958847 0.6970464668273926 0.1483794 0.1423794 "" "" 8.009197393606684 "" 1.1515095588097144 ""
274.5046231854 -12.38974979542 0.0334 0.0295 8.7042 "" "" 4153514407850495616 1587.65588 0.5949 0.0395 -0.027 -0.364 0.041 0.034 1.106 7973.8 4.1736 15.534365 1.582775 16.259562 14.676786 "" "" 1491.38623 1685.47351 11513.32884 5.5925 4281.5 10.688 10677.0 45.7 "" "" 0.002805338912237744 0.0038898617 0.005990007 0.0098798685 274.5046231854 -12.38974979542 1587.65588 -0.026999999999999996 -0.3639999999999999 0.40848837304115293 2.0870464668273927 0.1473794 0.1403794 "" "" 16.004055222749965 "" 2.250872019971289 ""
274.5924609837 -11.97389754079 0.0333 0.0314 16.9196 "" "" 4153682491374014208 2079.40747 0.4259 0.0393 -1.02 -1.329 0.04 0.034 0.981 "" "" 15.542858 2.82081 17.126696 14.305885 -44.88 5.66 1937.83521 2241.64185 11423.61826 7.1486 1926.4 15.549 15025.0 65.689 "" "" 0.0028378527013929373 0.009197006 0.006067619 0.015264625 274.5924609837 -11.97389754079 2079.40747 -1.0200000000000014 -1.329 -0.5845116269588471 1.1220464668273926 0.1463794 0.1403794 "" "" 12.469960027473645 "" 1.7667616119276908 ""
274.40308050657 -12.129843614 0.0323 0.0291 9.4334 "" "" 4153673867078920192 2032.61316 0.4491 0.0372 -0.394 -2.194 0.042 0.033 1.001 "" "" 15.545199 1.801512 16.390701 14.58919 "" "" 1915.32068 2173.78174 11399.00845 6.0614 3794.3 12.06 11574.0 57.224 "" "" 0.0028151569384849734 0.004437812 0.00656506 0.011002872 274.40308050657 -12.129843614 2032.61316 -0.394 -2.194 0.04148837304115294 0.25704646682739263 0.1483794 0.1393794 "" "" 2.508587492636877 "" 0.3502366542627309 ""
274.51969964496 -12.22602480629 0.0447 0.0401 1.2041 "" "" 4153657481829879168 2139.36157 0.4502 0.0493 -0.062 -0.825 0.06 0.048 1.432 "" "" 15.549058 1.784285 16.392368 14.608084 "" "" 1919.66675 2409.93945 11358.56961 6.3327 3788.5 16.675 11374.0 20.234 "" "" 0.002821029843851716 0.0055337506 0.004244336 0.009778086 274.51969964496 -12.22602480629 2139.36157 -0.062 -0.8250000000000004 0.37348837304115295 1.6260464668273926 0.16637939 0.1543794 "" "" 16.918418270631104 "" 2.6224035503389516 ""
274.50005376578 -12.06227079747 0.0359 0.0306 10.9825 "" "" 4153675859944060416 1906.50378 0.4927 0.0423 -0.397 -2.379 0.046 0.038 1.107 "" "" 15.552004 1.517161 16.237566 14.720405 "" "" 1768.37292 2081.85815 11327.78553 5.2332 4369.1 16.179 10256.0 19.452 "" "" 0.0028006033898819284 0.004893849 0.0043039825 0.009197831 274.50005376578 -12.06227079747 1906.50378 -0.397 -2.379 0.038488373041152935 0.07204646682739257 0.1523794 0.14437939 "" "" 0.7381516608173336 "" 0.10791289945204802 ""
274.42289726939 -12.07459129119 0.0369 0.0349 11.4961 "" "" 4153675245814733440 1727.69202 0.5455 0.0467 0.564 -5.206 0.046 0.036 1.141 5545.0 3.931 15.55464 1.381819 16.163652 14.781834 "" "" 1605.12219 1849.25623 11300.31743 8.371 4676.9 13.505 9692.3 16.166 "" "" 0.0028703077961479183 0.0041969423 0.0041908436 0.008387785 274.42289726939 -12.07459129119 1727.69202 0.5640000000000002 -5.206 0.9994883730411529 -2.754953533172608 0.1523794 0.1423794 "" "" 23.999906405342845 "" 3.44586632021881 ""
274.61311951706 -12.06282713442 0.0339 0.032 12.4106 "" "" 4153664285058409728 1740.71045 0.5274 0.0424 -0.114 -5.853 0.042 0.034 1.037 4814.7 3.4408 15.554748 2.229344 16.712149 14.482804 -21.43 7.56 1628.9989 1877.88037 11299.20453 6.5216 2822.0 10.704 12765.0 39.19 "" "" 0.002825683921276694 0.0049744435 0.005039329 0.010013772 274.61311951706 -12.06282713442 1740.71045 -0.11399999999999999 -5.853 0.32148837304115296 -3.401953533172607 0.1483794 0.1403794 "" "" 28.194465916818263 "" 3.9599750251993315 ""
274.75238397397 -12.46440537486 0.0315 0.0298 19.2562 "" "" 4153603124718075520 1728.3822 0.5441 0.0369 -1.258 -8.055 0.037 0.031 0.947 7186.3 3.617 15.55668 1.66168 16.344944 14.683264 "" "" 1621.02783 1824.29224 11279.10827 4.7076 3957.7 10.139 10613.0 11.522 "" "" 0.0027923361305090526 0.003939759 0.0039589303 0.007898689 274.75238397397 -12.46440537486 1728.3822 -1.258 -8.055 -0.822511626958847 -5.603953533172607 0.14337939 0.1373794 "" "" 46.40244459527547 "" 6.380736312762786 ""
274.79764502514 -12.37997766322 0.0425 0.0401 18.5656 "" "" 4153604151168935680 1524.84729 0.6237 0.0574 1.248 -0.428 0.051 0.039 1.184 8513.1 3.6319 15.557858 1.352611 16.131353 14.778743 "" "" 1411.11353 1702.77979 11266.86845 6.7656 4818.1 17.929 9719.9 24.171 "" "" 0.002831404933517214 0.0049100295 0.0046447287 0.009554759 274.79764502514 -12.37997766322 1524.84729 1.248 -0.428 1.683488373041153 2.0230464668273926 0.15737939 0.1453794 "" "" 19.02271883723186 "" 2.8611117198320373 ""
274.39429869266 -11.93594598229 0.0341 0.0332 19.7959 "" "" 4153681705445593344 1984.06152 0.4628 0.0441 -0.672 -2.271 0.042 0.035 1.11 9320.8 3.548 15.559703 1.822117 16.441963 14.619846 "" "" 1851.19873 2171.49097 11247.7471 5.569 3619.4 12.104 11252.0 20.582 "" "" 0.002807271300636128 0.004579151 0.0042694234 0.008848574 274.39429869266 -11.93594598229 1984.06152 -0.672 -2.2709999999999972 -0.2365116269588471 0.18004646682739267 0.1483794 0.1413794 "" "" 2.795424475220457 "" 0.4077131257688391 ""
274.33924337472 -12.4082171484 0.0342 0.0297 14.1214 "" "" 4153560518621378432 1654.46082 0.5655 0.0369 -0.452 -8.443 0.048 0.037 1.073 7727.8 4.1056 15.560458 1.563205 16.276339 14.713134 "" "" 1566.64502 1738.65405 11239.92869 4.6922 4215.8 13.916 10325.0 19.458 "" "" 0.002792351064469426 0.0045419773 0.0042977156 0.008839693 274.33924337472 -12.4082171484 1654.46082 -0.45200000000000007 -8.443000000000005 -0.01651162695884706 -5.991953533172607 0.1543794 0.14337939 "" "" 46.9899425753446 "" 6.737393389392422 ""
274.56240088176 -12.54599438569 0.0331 0.0286 18.2992 "" "" 4153508051298572672 1524.9585 0.6225 0.0377 -0.975 0.416 0.039 0.031 1.059 7154.5 4.3298 15.561999 1.386725 16.182175 14.795449 "" "" 1440.06641 1628.72424 11223.98736 4.5568 4597.8 13.524 9571.5 10.535 "" "" 0.0027903566143722075 0.0042407634 0.0039638146 0.0082045775 274.56240088176 -12.54599438569 1524.9585 -0.9750000000000008 0.41600000000000004 -0.539511626958847 2.8670464668273925 0.1453794 0.1373794 "" "" 21.087611038620732 "" 2.9029346034999115 ""
274.73403151679 -12.35811089335 0.0336 0.0365 14.6453 "" "" 4153605117583038208 1776.82581 0.5377 0.0503 0.236 -3.76 0.043 0.031 0.9 6823.4 4.2856 15.566945 1.359692 16.160812 14.801121 "" "" 1648.13477 1995.13416 11172.97266 5.6646 4689.1 21.646 9521.6 19.505 "" "" 0.0028097676550844493 0.0057363184 0.0043852576 0.0101215765 274.73403151679 -12.35811089335 1776.82581 0.236 -3.7600000000000007 0.6714883730411529 -1.3089535331726072 0.1493794 0.1373794 "" "" 12.390176972801099 "" 1.7341827012208286 ""
274.4953643169 -12.2045159564 0.0322 0.0276 2.6275 "" "" 4153660501140379904 1811.90503 0.5106 0.0362 -0.182 -2.282 0.045 0.038 0.965 7495.9 3.5844 15.567648 1.391895 16.18486 14.792965 "" "" 1708.0957 1931.82642 11165.74631 4.6006 4586.4 12.674 9593.4 16.255 "" "" 0.0027914001339536085 0.004097183 0.0042033433 0.008300526 274.4953643169 -12.2045159564 1811.90503 -0.18199999999999988 -2.282 0.25348837304115296 0.16904646682739255 0.1513794 0.14437939 "" "" 2.616767353023637 "" 0.3905775895973243 ""
274.68206360146 -12.03350536593 0.0995 0.0866 16.1107 "" "" 4153669885695746688 1961.64807 0.4768 0.1102 -0.975 -5.87 0.127 0.099 1.146 3355.2 0.6218 15.568679 6.530444 20.447302 13.916858 "" "" 1550.64587 2680.26001 11155.14189 37.535 90.468 10.841 21499.0 154.0 "" "" 0.004575850397895552 0.13013631 0.008646938 0.13878325 274.68206360146 -12.03350536593 1961.64807 -0.9749999999999999 -5.8700000000000045 -0.539511626958847 -3.4189535331726075 0.2333794 0.2053794 "" "" 32.18352240092775 "" 6.63317761374367 ""
274.81921252603 -12.41751494937 0.0345 0.0318 20.7377 "" "" 4153603773219269376 1832.51904 0.5102 0.0429 0.482 -4.874 0.042 0.034 0.942 7190.9 4.0134 15.569247 1.491966 16.203444 14.711477 "" "" 1717.42505 1981.06616 11149.30375 5.96 4508.6 61.315 10341.0 78.86 "" "" 0.002815785223481722 0.01502685 0.00910156 0.024128411 274.81921252603 -12.41751494937 1832.51904 0.482 -4.874000000000006 0.9174883730411529 -2.422953533172607 0.1483794 0.1403794 "" "" 22.50446134795241 "" 3.1822988908963956 ""
274.29291446071 -12.06722514462 0.0344 0.0304 16.7284 "" "" 4153678166392532352 1720.05042 0.535 0.0404 -3.022 -5.041 0.043 0.036 0.984 7086.9 3.6527 15.56939 2.419139 16.870527 14.451388 -14.7 7.08 1607.69983 1835.66504 11147.83474 11.069 2439.0 14.11 13140.0 30.387 "" "" 0.0029587157267666887 0.0068729874 0.004537398 0.011410385 274.29291446071 -12.06722514462 1720.05042 -3.0219999999999994 -5.041 -2.586511626958847 -2.589953533172608 0.1493794 0.1423794 "" "" 29.84268623733278 "" 4.354547199430124 ""
274.3228452382 -12.22529964899 0.0385 0.0351 11.1949 "" "" 4153579038520484224 2192.36304 0.4302 0.044 -0.608 -2.397 0.048 0.038 1.057 9320.8 3.4705 15.571363 1.693056 16.365131 14.672075 "" "" 2010.02173 2431.21631 11127.59691 5.2914 3884.8 16.144 10723.0 11.214 "" "" 0.002803273891976124 0.005304995 0.003946261 0.009251256 274.3228452382 -12.22529964899 2192.36304 -0.6080000000000003 -2.397 -0.17251162695884703 0.05404646682739278 0.1543794 0.14437939 "" "" 1.8786261177816008 "" 0.28839187581932485 ""
274.41870848751 -12.10965841061 0.0417 0.0358 9.8098 "" "" 4153674279395874816 1572.39307 0.601 0.0467 -0.13 -1.732 0.056 0.04 1.267 9488.5 3.6508 15.571481 1.730197 16.359634 14.629437 "" "" 1468.4707 1682.71472 11126.39432 7.8238 3904.5 10.736 11153.0 16.687 "" "" 0.002859136937981483 0.0040862714 0.0041137114 0.008199982 274.41870848751 -12.10965841061 1572.39307 -0.13000000000000003 -1.7320000000000004 0.30548837304115295 0.7190464668273926 0.1623794 0.1463794 "" "" 5.8227652492829165 "" 0.8672261506346755 ""
274.72080011043 -12.32106006073 0.035 0.0342 13.0276 "" "" 4153608274337668864 2201.0437 0.4134 0.0481 0.887 -4.594 0.044 0.032 1.047 7293.1 3.2235 15.573964 2.655574 17.045639 14.390065 90.39 6.82 1998.25769 2392.51611 11100.97213 5.762 2075.7 8.6807 13904.0 24.363 "" "" 0.0028123627094507 0.005329373 0.004231203 0.009560576 274.72080011043 -12.32106006073 2201.0437 0.8870000000000012 -4.593999999999999 1.322488373041153 -2.1429535331726077 0.15037939 0.1383794 "" "" 26.27202811369614 "" 3.725126089235451 ""
274.7242589888 -12.49232915781 0.0329 0.0298 19.3424 "" "" 4153509219529502976 2030.81787 0.4582 0.0382 -1.598 -3.223 0.04 0.032 1.017 "" "" 15.574345 1.532143 16.247482 14.71534 "" "" 1897.40186 2209.02661 11097.08116 4.4945 4329.4 18.287 10304.0 49.206 "" "" 0.0027901902323480138 0.0053681405 0.0064161075 0.011784248 274.7242589888 -12.49232915781 2030.81787 -1.5979999999999988 -3.222999999999998 -1.1625116269588471 -0.7719535331726073 0.1463794 0.1383794 "" "" 13.43293236575729 "" 1.9340534937858642 ""
