Clusters/NGC_6604/NGC_6604_members.tsv
# %ECSV 1.0
# ---
# datatype:
# - name: RA_ICRS_1
#   unit: deg
#   datatype: float64
#   format: '{:15.11f}'
#   description: Right ascension (ICRS) at Ep=2016.0 (ra)
#   meta: !!omap
#   - {ucd: POS_EQ_RA_MAIN}
#   - {width: 15}
#   - {precision: '11'}
# - name: DE_ICRS_1
#   unit: deg
#   datatype: float64
#   format: '{:15.11f}'
#   description: Declination (ICRS) at Ep=2016.0 (dec)
#   meta: !!omap
#   - {ucd: POS_EQ_DEC_MAIN}
#   - {width: 15}
#   - {precision: '11'}
# - name: e_RA_ICRS
#   unit: mas
#   datatype: float64
#   format: '{:7.4f}'
#   description: Standard error of right ascension (ra_error)
#   meta: !!omap
#   - {ucd: ERROR}
#   - {width: 7}
#   - {precision: '4'}
# - name: e_DE_ICRS
#   unit: mas
#   datatype: float64
#   format: '{:7.4f}'
#   description: Standard error of declination (dec_error)
#   meta: !!omap
#   - {ucd: ERROR}
#   - {width: 7}
#   - {precision: '4'}
# - name: _r_1
#   unit: ''
#   datatype: float64
#   format: '{:7.4f}'
#   description: Distance from center (274.51270681000-12.24489429000)[ICRS], at Epoch=J2016.0
#   meta: !!omap
#   - {ucd: POS_ANG_DIST_GENERAL}
#   - {width: 7}
#   - {precision: '4'}
# - name: HIP
#   datatype: int32
#   description: '? HIP cross-id number, van Leeuwen, Cat. I/311 (hip_original_ext_source_id)'
#   meta: !!omap
#   - {ucd: ID_NUMBER}
#   - {width: 6}
#   - values: {'null': -2147483648}
# - name: TYC2
#   datatype: string
#   description: Tycho-2 cross-id name, Hog et al., Cat. I/259 (tyc2_original_ext_source_id)
#   meta: !!omap
#   - {ucd: ID_CROSSID}
#   - {_votable_string_dtype: char}
# - name: Source
#   datatype: int64
#   description: Source identifier, identical to the Gaia-EDR3 source_id (id)
#   meta: !!omap
#   - {ucd: ID_MAIN}
#   - {width: 19}
# - name: rgeo
#   unit: pc
#   datatype: float64
#   format: '{:15.8f}'
#   description: '? Median of the geometric distance posterior (r_med_geo)'
#   meta: !!omap
#   - {ucd: PHYS_DISTANCE_TRUE}
#   - {width: 15}
#   - {precision: '8'}
#   - values: {'null': .nan}
# - name: Plx
#   unit: mas
#   datatype: float64
#   format: '{:9.4f}'
#   description: '? Parallax (parallax)'
#   meta: !!omap
#   - {ucd: POS_PARLX_TRIG}
#   - {width: 9}
#   - {precision: '4'}
#   - values: {'null': .nan}
# - name: e_Plx
#   unit: mas
#   datatype: float32
#   format: '{:7.4f}'
#   description: '? Standard error of parallax (parallax_error)'
#   meta: !!omap
#   - {ucd: ERROR}
#   - {width: 7}
#   - {precision: '4'}
#   - values: {'null': .nan}
# - name: pmRA
#   unit: mas / yr
#   datatype: float64
#   format: '{:9.3f}'
#   description: '? Proper motion in right ascension direction, pmRA*cosDE (pmra)'
#   meta: !!omap
#   - {ucd: POS_EQ_PMRA}
#   - {width: 9}
#   - {precision: '3'}
#   - values: {'null': .nan}
# - name: pmDE
#   unit: mas / yr
#   datatype: float64
#   format: '{:9.3f}'
#   description: '? Proper motion in declination direction (pmdec)'
#   meta: !!omap
#   - {ucd: POS_EQ_PMDEC}
#   - {width: 9}
#   - {precision: '3'}
#   - values: {'null': .nan}
# - name: e_pmRA
#   unit: mas / yr
#   datatype: float32
#   format: '{:6.3f}'
#   description: '? Standard error of proper motion in right ascension direction (pmra_error)'
#   meta: !!omap
#   - {ucd: ERROR}
#   - {width: 6}
#   - {precision: '3'}
#   - values: {'null': .nan}
# - name: e_pmDE
[...]
#       distance: !astropy.table.SerializedColumn
#         __class__: astropy.coordinates.distances.Distance
#         unit: !astropy.units.Unit {unit: pc}
#         value: !astropy.table.SerializedColumn {name: SkyCoord.distance}
#       frame: icrs
#       obstime: !astropy.time.Time {format: jyear_str, in_subfmt: '*', jd1: 367701545.0, jd2: 0.0, out_subfmt: '*', precision: 3, scale: tt}
#       pm_dec: !astropy.table.SerializedColumn
#         __class__: astropy.units.quantity.Quantity
#         unit: !astropy.units.Unit {unit: mas / yr}
#         value: !astropy.table.SerializedColumn {name: SkyCoord.pm_dec}
#       pm_ra_cosdec: !astropy.table.SerializedColumn
#         __class__: astropy.units.quantity.Quantity
#         unit: !astropy.units.Unit {unit: mas / yr}
#         value: !astropy.table.SerializedColumn {name: SkyCoord.pm_ra_cosdec}
#       ra: !astropy.table.SerializedColumn
#         __class__: astropy.coordinates.angles.Longitude
#         unit: *id001
#         value: !astropy.table.SerializedColumn {name: SkyCoord.ra}
#         wrap_angle: !astropy.coordinates.Angle
#           unit: *id001
#           value: 360.0
#       representation_type: spherical
# schema: astropy-2.0
RA_ICRS_1 DE_ICRS_1 e_RA_ICRS e_DE_ICRS _r_1 HIP TYC2 Source rgeo Plx e_Plx pmRA pmDE e_pmRA e_pmDE RUWE Teff logg Gmag BP-RP BPmag RPmag RV e_RV b_rgeo B_rgeo FG e_FG FBP e_FBP FRP e_FRP RAVE5 RAVE6 e_Gmag e_BPmag e_RPmag e_BP-RP SkyCoord.ra SkyCoord.dec SkyCoord.distance SkyCoord.pm_ra_cosdec SkyCoord.pm_dec rmRA rmDE e_rmRA e_rmDE rRV e_rRV v_pec v_pec3d e_vpec e_vpec3d Pmemb
274.52695106576 -12.23452818747 0.0171 0.0145 1.0414 "" 5685-4396-1 4153657413110387840 1822.54761 0.5175 0.0192 -0.5 -2.747 0.023 0.018 1.009 "" "" 9.931185 0.919372 10.291313 9.371942 "" "" 1755.44226 1884.47327 2006656.40451 536.62 1044500.0 899.93 1413800.0 430.09 "" "" 0.0027705759504709 0.00294281 0.0037937867 0.006736597 274.52695106576 -12.23452818747 1822.54761 -0.5000000000000001 -2.7469999999999986 -0.06451162695884705 -0.2959535331726073 0.12937939 0.1243794 "" "" 2.6167415913777843 "" 0.32607357696695605 "" 0.93
274.50470690983 -12.23710560739 0.0297 0.0269 0.6621 "" 5685-4407-1 4153657344390928384 2029.16638 0.4785 0.0348 -0.336 -2.441 0.04 0.031 1.746 12719.2 2.9209 10.220093 0.979333 10.611827 9.632494 -49.57 36.08 1873.21667 2200.50854 1537834.0804 589.2 777470.0 730.18 1112100.0 377.57 "" "" 0.002786544965229698 0.0029706613 0.0037973158 0.006767977 274.50470690983 -12.23710560739 2029.16638 -0.336 -2.441 0.09948837304115293 0.010046466827392742 0.1463794 0.1373794 0.0 72.16 0.9617704168516851 0.9617704168516851 0.14069865807306567 0.14069865807306567 1.0
274.49637063623 -12.32143702438 0.0143 0.0122 4.6914 "" 5685-408-1 4153562236608228736 1999.68384 0.4664 0.0162 -0.699 -2.822 0.018 0.015 1.013 "" "" 10.699053 1.076609 11.142914 10.066305 "" "" 1939.45203 2058.52954 989294.55341 241.35 476710.0 413.72 745820.0 185.42 "" "" 0.0027680227220495367 0.0029449833 0.0037890088 0.006733992 274.49637063623 -12.32143702438 1999.68384 -0.6990000000000003 -2.822 -0.263511626958847 -0.3709535331726075 0.1243794 0.1213794 "" "" 4.312925423569741 "" 0.527875020880457 "" 0.97
274.4599255835 -12.26185052991 0.0128 0.011 3.2577 "" "" 4153566394136670976 2128.47046 0.4313 0.0147 -0.43 -2.43 0.017 0.013 0.847 "" "" 11.810309 1.128383 12.279302 11.150919 "" "" 2054.47192 2193.21069 355486.48413 100.8 167380.0 207.43 274660.0 116.75 "" "" 0.0027724665710987845 0.0030976587 0.0038074562 0.006905115 274.4599255835 -12.26185052991 2128.47046 -0.43000000000000005 -2.4299999999999993 0.005488373041152961 0.021046466827392418 0.123379394 0.1193794 "" "" 0.2194377941613191 "" 0.026253116380860832 "" 0.99
274.54700636681 -12.23219339079 0.0116 0.0099 2.1507 "" "" 4153657786720425472 1971.06934 0.4697 0.0128 -0.43 -2.572 0.015 0.012 0.847 "" "" 11.896656 1.003839 12.303453 11.299613 "" "" 1913.22644 2019.75146 328310.25498 82.522 163700.0 161.17 239500.0 125.45 "" "" 0.0027688022498196145 0.0029879282 0.0038219308 0.006809859 274.54700636681 -12.23219339079 1971.06934 -0.4299999999999997 -2.572 0.005488373041152961 -0.12095353317260749 0.1213794 0.1183794 "" "" 1.1312157504525977 "" 0.13391970211138246 "" 1.0
274.51247416161 -12.25959105724 0.0134 0.0113 0.8819 "" 5685-4209-1 4153657271324353024 1980.73645 0.473 0.0144 -0.375 -2.412 0.018 0.014 0.807 5773.0 2.6077 11.917478 1.095413 12.369755 11.274342 "" "" 1926.31934 2036.26196 322073.93944 122.12 154000.0 187.66 245140.0 291.96 "" "" 0.0027859049720328323 0.0030879609 0.003994477 0.007082438 274.51247416161 -12.25959105724 1980.73645 -0.375 -2.412 0.060488373041152954 0.039046466827392656 0.1243794 0.120379396 "" "" 0.6759511690597674 "" 0.08328823394383748 "" 1.0
274.53798427486 -12.24820361196 0.0113 0.0099 1.4954 "" "" 4153657168256257152 2007.30359 0.466 0.0126 -0.381 -2.407 0.015 0.012 0.816 "" "" 11.971945 1.045925 12.398312 11.352386 "" "" 1953.0365 2068.48242 306315.41435 81.474 150000.0 275.85 228140.0 139.74 "" "" 0.0027704126269703705 0.0034309963 0.0038374467 0.007268443 274.53798427486 -12.24820361196 2007.30359 -0.381 -2.407 0.05448837304115295 0.04404646682739255 0.1213794 0.1183794 "" "" 0.6666397316506625 "" 0.08013191656894428 "" 1.0
274.58036657337 -12.26948135989 0.0123 0.0112 4.2325 "" 5685-1828-1 4153656309251679744 2084.96313 0.4539 0.0144 -0.32 -2.451 0.016 0.013 0.892 "" "" 12.041933 1.12336 12.494437 11.371078 "" "" 2019.83789 2151.27783 287192.88329 69.856 137290.0 204.99 224250.0 1206.0 "" "" 0.002767947560430442 0.0032269356 0.006955412 0.010182348 274.58036657337 -12.26948135989 2084.96313 -0.32000000000000006 -2.4509999999999987 0.11548837304115295 4.6466827392510623e-05 0.1223794 0.1193794 "" "" 1.1413399511249984 "" 0.1396764976800924 "" 0.96
274.4294540815 -12.23094492967 0.0126 0.0106 4.9529 "" "" 4153566737734093312 1817.84839 0.5341 0.0141 -0.307 -2.468 0.016 0.012 1.005 "" "" 12.416732 1.239753 12.943291 11.703538 "" "" 1773.47339 1862.39966 203354.66336 48.068 90803.0 106.51 165100.0 78.574 "" "" 0.002767246657802258 0.0030670778 0.0038145415 0.0068816193 274.4294540815 -12.23094492967 1817.84839 -0.3070000000000001 -2.468 0.12848837304115296 -0.016953533172607393 0.1223794 0.1183794 "" "" 1.1167289663651447 "" 0.13658941198108857 "" 0.85
274.51706785569 -12.25756132845 0.0119 0.0102 0.8019 "" 5685-908-1 4153657271324352768 1904.19824 0.5015 0.0132 -0.428 -2.342 0.016 0.012 0.924 6235.6 2.6481 12.577923 1.136753 13.05123 11.914477 "" "" 1850.33423 1953.03711 175298.32527 67.864 82210.0 144.32 135950.0 147.32 "" "" 0.002787196283174538 0.0033790441 0.0039582793 0.0073373234 274.51706785569 -12.25756132845 1904.19824 -0.42800000000000016 -2.3419999999999987 0.0074883730411529625 0.1090464668273925 0.1223794 0.1183794 "" "" 0.986560463933857 "" 0.11680726857486333 "" 0.99
274.52145798588 -12.2465768766 0.013 0.0113 0.523 "" "" 4153657374414679936 1988.04053 0.4841 0.0144 -0.626 -2.421 0.017 0.013 0.911 "" "" 12.703936 1.177611 13.193789 12.016177 "" "" 1933.15906 2069.17578 156089.01097 209.58 72094.0 493.99 123790.0 1105.2 "" "" 0.0031172115820530953 0.007945508 0.010404193 0.0183497 274.52145798588 -12.2465768766 1988.04053 -0.6260000000000003 -2.421 -0.19051162695884705 0.03004646682739276 0.123379394 0.1193794 "" "" 1.817440818809252 "" 0.22406110212481015 "" 0.98
274.51950092159 -12.24343123405 0.0116 0.0101 0.4079 "" "" 4153657374414678272 2076.49585 0.4592 0.0127 -0.52 -2.417 0.015 0.012 0.847 6195.8 2.7185 12.714049 1.106386 13.167664 12.061277 "" "" 2029.53467 2136.87622 154641.84019 69.806 73850.0 192.85 118750.0 286.41 "" "" 0.002798569874600974 0.00397791 0.004597945 0.008575855 274.51950092159 -12.24343123405 2076.49585 -0.5199999999999997 -2.417 -0.08451162695884706 0.03404646682739276 0.1213794 0.1183794 "" "" 0.8967770341232741 "" 0.10847860038763565 "" 0.99
274.51197302746 -12.24514976403 0.0133 0.0116 0.0457 "" "" 4153657340054935424 1987.00293 0.4809 0.0143 -0.638 -2.477 0.018 0.014 0.955 "" "" 12.78435 1.046763 13.203504 12.15674 "" "" 1943.98853 2042.14832 144946.07219 50.195 71452.0 257.79 108760.0 246.72 "" "" 0.002780855839768416 0.0048093162 0.004511093 0.009320409 274.51197302746 -12.24514976403 1987.00293 -0.638 -2.477 -0.20251162695884706 -0.02595353317260729 0.1243794 0.120379396 "" "" 1.922934013998213 "" 0.23905104759693774 "" 0.99
274.45344285594 -12.29661990439 0.0164 0.0143 4.6588 "" "" 4153563301760194688 2084.50732 0.4394 0.0184 -0.427 -2.296 0.022 0.017 1.25 "" "" 13.275787 1.32401 13.849384 12.525374 "" "" 2000.74731 2174.33423 92178.93721 19.582 39415.0 37.545 77448.0 57.266 "" "" 0.0027649571249139426 0.0029756795 0.0038637063 0.0068393857 274.45344285594 -12.29661990439 2084.50732 -0.427 -2.296000000000001 0.008488373041152963 0.15504646682739276 0.1283794 0.123379394 "" "" 1.5342407539337173 "" 0.18931708212964718 "" 0.99
274.49049534817 -12.22032907764 0.0163 0.0142 1.9669 "" "" 4153660471127148032 1801.03003 0.5199 0.0187 -0.336 -2.424 0.021 0.016 1.038 "" "" 13.566941 1.188218 14.067543 12.879325 "" "" 1745.19287 1870.21887 70496.95905 20.981 32240.0 50.191 55902.0 47.624 "" "" 0.002774203266392811 0.0032622153 0.0038909225 0.0071531376 274.49049534817 -12.22032907764 1801.03003 -0.33599999999999985 -2.4239999999999986 0.09948837304115293 0.027046466827392646 0.1273794 0.1223794 "" "" 0.8801458516583004 "" 0.11181514711514805 "" 0.99
274.49305837977 -12.19186312346 0.0152 0.0134 3.3841 "" "" 4153660711645335680 2034.17676 0.45 0.0173 -0.506 -2.454 0.019 0.015 1.008 "" "" 13.61391 1.259249 14.156266 12.897018 "" "" 1963.71741 2130.42847 67512.3087 46.861 29711.0 61.532 54999.0 68.736 "" "" 0.0028565247660517525 0.0035834557 0.004015589 0.0075990446 274.49305837977 -12.19186312346 2034.17676 -0.506 -2.4540000000000015 -0.07051162695884705 -0.002953533172607603 0.1253794 0.1213794 "" "" 0.6804691243364348 "" 0.08531211813368077 "" 1.0
274.51472342439 -12.17857130693 0.0154 0.013 3.9811 "" "" 4153661123962192768 2001.20447 0.459 0.0168 -0.488 -2.633 0.019 0.015 0.962 "" "" 13.677822 1.226094 14.20236 12.976266 "" "" 1935.46692 2068.5686 63652.88094 15.397 28476.0 34.252 51127.0 26.985 "" "" 0.002767808390472657 0.00308068 0.0038225802 0.00690326 274.51472342439 -12.17857130693 2001.20447 -0.48799999999999966 -2.6330000000000013 -0.052511626958847035 -0.18195353317260743 0.1253794 0.1213794 "" "" 1.7963979660383993 "" 0.21860655441776014 "" 1.0
274.48314210543 -12.30378357369 0.0165 0.0144 3.9356 "" "" 4153563061241989888 2013.02356 0.453 0.0193 -0.385 -2.382 0.023 0.017 0.955 "" "" 13.745405 1.150003 14.224628 13.074625 "" "" 1945.63843 2089.58936 59811.5202 29.514 27898.0 71.464 46699.0 102.05 "" "" 0.002806924396595786 0.003939587 0.004462409 0.0084019955 274.48314210543 -12.30378357369 2013.02356 -0.3850000000000002 -2.381999999999999 0.050488373041152945 0.06904646682739246 0.12937939 0.123379394 "" "" 0.816166195354629 "" 0.1024307885907918 "" 1.0
274.51809660331 -12.25690858388 0.0162 0.0139 0.7871 "" "" 4153657271335462272 1974.52319 0.4651 0.0178 -0.568 -2.533 0.021 0.016 0.936 "" "" 13.793768 1.208572 14.298184 13.089612 "" "" 1911.60535 2055.34863 57205.73148 73.175 26070.0 127.73 46059.0 332.06 "" "" 0.0030855508546447654 0.0060068984 0.008692204 0.014699102 274.51809660331 -12.25690858388 1974.52319 -0.5680000000000003 -2.5330000000000013 -0.132511626958847 -0.08195353317260734 0.1273794 0.1223794 "" "" 1.4582318394350677 "" 0.18376039808116862 "" 0.99
274.53796310432 -12.27489705669 0.0157 0.0137 2.331 "" "" 4153657000793480960 1996.51941 0.4571 0.0179 -0.336 -2.465 0.022 0.017 0.913 10312.2 3.4265 13.793932 1.36677 14.397315 13.030545 "" "" 1920.24988 2075.23535 57197.11587 14.855 23795.0 36.732 48634.0 33.664 "" "" 0.002769711858696258 0.0032548644 0.0038533795 0.007108244 274.53796310432 -12.27489705669 1996.51941 -0.33599999999999985 -2.465 0.09948837304115293 -0.01395353317260728 0.1283794 0.123379394 "" "" 0.9507234693397456 "" 0.12196336142951933 "" 0.99
274.54045150398 -12.28083607586 0.0173 0.0158 2.7012 "" "" 4153656244879229568 2136.00024 0.4252 0.0212 -0.466 -2.408 0.023 0.018 0.977 6677.4 2.8649 13.807054 1.268757 14.354772 13.086015 "" "" 2061.41992 2225.87622 56509.9993 14.282 24746.0 33.329 46212.0 29.192 "" "" 0.0027689503637774488 0.003150146 0.00384111 0.006991256 274.54045150398 -12.28083607586 2136.00024 -0.46600000000000036 -2.408 -0.03051162695884707 0.04304646682739266 0.12937939 0.1243794 "" "" 0.5342086966654137 "" 0.06734954515325695 "" 0.99
274.55861264896 -12.24160665481 0.0159 0.0139 2.6989 "" "" 4153657580561996800 1998.47571 0.4594 0.0177 -0.464 -2.473 0.021 0.017 0.946 10376.6 3.6266 13.847964 1.197367 14.357346 13.159979 "" "" 1947.60107 2054.39746 54420.29889 29.777 24688.0 54.431 43168.0 77.974 "" "" 0.002818637879822833 0.0036763083 0.0042579174 0.007934226 274.55861264896 -12.24160665481 1998.47571 -0.46399999999999997 -2.473 -0.02851162695884707 -0.021953533172607287 0.1273794 0.123379394 "" "" 0.34087125736931806 "" 0.042917541075486225 "" 1.0
274.52380340545 -12.24651157666 0.0164 0.0145 0.6578 "" "" 4153657378732445312 2013.0636 0.4556 0.0181 -0.307 -2.494 0.022 0.017 0.92 "" "" 13.956347 1.218161 14.47332 13.255159 "" "" 1954.62244 2088.77734 49250.21536 34.019 22186.0 57.111 39545.0 84.275 "" "" 0.0028555609554596633 0.0039492366 0.004431426 0.008380663 274.52380340545 -12.24651157666 2013.0636 -0.30699999999999983 -2.494 0.12848837304115296 -0.04295353317260764 0.1283794 0.123379394 "" "" 1.2927197154010617 "" 0.16532027785689918 "" 0.88
274.53069825162 -12.2804720512 0.0174 0.0145 2.3811 "" "" 4153656962086710400 1929.26807 0.481 0.0195 -0.538 -2.509 0.025 0.018 0.876 "" "" 14.014757 1.284707 14.568798 13.284091 "" "" 1860.6825 2000.07288 46670.64406 11.07 20319.0 25.672 38505.0 31.178 "" "" 0.002767329253396621 0.0031091485 0.003880284 0.0069894325 274.53069825162 -12.2804720512 1929.26807 -0.538 -2.5090000000000012 -0.10251162695884708 -0.05795353317260732 0.1313794 0.1243794 "" "" 1.0768768058251463 "" 0.13969104098151633 "" 0.99
274.47284537156 -12.27742532118 0.0174 0.0151 3.045 "" "" 4153563439199149824 2069.17773 0.4454 0.0196 -0.434 -2.49 0.023 0.018 0.982 "" "" 14.078667 1.326449 14.658165 13.331716 "" "" 1973.41882 2153.21265 44002.76704 11.435 18713.0 29.601 36853.0 23.553 "" "" 0.002769728902824355 0.003276389 0.0038425548 0.007118944 274.47284537156 -12.27742532118 2069.17773 -0.43399999999999983 -2.4900000000000015 0.0014883730411529572 -0.038953533172607635 0.12937939 0.1243794 "" "" 0.38233123488125187 "" 0.047556970962404854 "" 1.0
274.54690716771 -12.27969094363 0.0179 0.0163 2.8948 "" "" 4153656240532204160 2079.12793 0.4441 0.0206 -0.404 -2.369 0.023 0.018 0.933 "" "" 14.186655 1.374442 14.793777 13.419335 "" "" 1987.05737 2180.13818 39836.82101 8.9197 16516.0 23.398 33996.0 22.19 "" "" 0.0027660239243448045 0.0031860552 0.0038452519 0.007031307 274.54690716771 -12.27969094363 2079.12793 -0.404 -2.368999999999999 0.03148837304115293 0.08204646682739236 0.12937939 0.1243794 "" "" 0.8660770251021312 "" 0.10828777301874769 "" 1.0
274.51844668085 -12.25228347679 0.0204 0.0182 0.5566 "" "" 4153657275671424000 1871.44641 0.4931 0.0232 -0.413 -2.547 0.028 0.022 0.918 "" "" 14.482781 1.335492 15.031126 13.695634 "" "" 1789.08252 1942.17798 30327.32201 8.8522 13273.0 85.924 26358.0 299.28 "" "" 0.0027734858719853676 0.0075621735 0.012894229 0.020456403 274.51844668085 -12.25228347679 1871.44641 -0.413 -2.5470000000000015 0.022488373041152976 -0.09595353317260757 0.1343794 0.1283794 "" "" 0.8742348734883878 "" 0.11251290570773777 "" 0.99
274.47118066082 -12.21521238636 0.021 0.018 3.0168 "" "" 4153660574206379904 1945.04468 0.4672 0.0234 -0.522 -2.418 0.028 0.021 0.987 "" "" 14.489621 1.331786 15.073337 13.74155 "" "" 1862.578 2030.2063 30136.88048 11.604 12767.0 34.013 25266.0 32.641 "" "" 0.0027868547935245196 0.0040189396 0.004031274 0.008050214 274.47118066082 -12.21521238636 1945.04468 -0.522 -2.4179999999999975 -0.08651162695884707 0.03304646682739243 0.1343794 0.1273794 "" "" 0.853804972630547 "" 0.11399017728446055 "" 0.99
274.49258656513 -12.25789627513 0.0224 0.0196 1.4143 "" "" 4153657310031181056 2017.39563 0.4587 0.0248 -0.375 -2.615 0.029 0.023 0.964 7848.3 3.7932 14.573173 1.288587 15.130917 13.84233 "" "" 1920.55701 2118.20581 27904.70669 15.855 12107.0 26.178 23026.0 37.24 "" "" 0.0028235353768827037 0.003646406 0.0041673896 0.0078137955 274.49258656513 -12.25789627513 2017.39563 -0.3749999999999999 -2.614999999999999 0.060488373041152954 -0.16395353317260764 0.1353794 0.12937939 "" "" 1.6710949251222544 "" 0.21743087578258655 "" 0.98
274.5065753064 -12.22214292207 0.0208 0.0184 1.4116 "" "" 4153660402407657216 1565.69226 0.6008 0.0229 -0.535 -2.814 0.028 0.022 0.984 7179.7 3.7297 14.580174 1.113735 15.046079 13.932343 "" "" 1508.91711 1618.53809 27725.37755 8.4075 13091.0 15.996 21194.0 20.303 "" "" 0.0027749214319828163 0.0030895148 0.0039198874 0.007009402 274.5065753064 -12.22214292207 1565.69226 -0.535 -2.814 -0.09951162695884708 -0.3629535331726075 0.1343794 0.1283794 "" "" 2.79302215257473 "" 0.35976354091036217 "" 0.97
