Clusters/UFMG_22/UFMG_22_members.tsv
# %ECSV 1.0
# ---
# datatype:
# - name: RA_ICRS_1
#   unit: deg
#   datatype: float64
#   format: '{:15.11f}'
#   description: Right ascension (ICRS) at Ep=2016.0 (ra)
#   meta: !!omap
#   - {ucd: POS_EQ_RA_MAIN}
#   - {width: 15}
#   - {precision: '11'}
# - name: DE_ICRS_1
#   unit: deg
#   datatype: float64
#   format: '{:15.11f}'
#   description: Declination (ICRS) at Ep=2016.0 (dec)
#   meta: !!omap
#   - {ucd: POS_EQ_DEC_MAIN}
#   - {width: 15}
#   - {precision: '11'}
# - name: e_RA_ICRS
#   unit: mas
#   datatype: float64
#   format: '{:7.4f}'
#   description: Standard error of right ascension (ra_error)
#   meta: !!omap
#   - {ucd: ERROR}
#   - {width: 7}
#   - {precision: '4'}
# - name: e_DE_ICRS
#   unit: mas
#   datatype: float64
#   format: '{:7.4f}'
#   description: Standard error of declination (dec_error)
#   meta: !!omap
#   - {ucd: ERROR}
#   - {width: 7}
#   - {precision: '4'}
# - name: _r_1
#   unit: ''
#   datatype: float64
#   format: '{:7.4f}'
#   description: Distance from center (263.19930880000-37.64409481000)[ICRS], at Epoch=J2016.0
#   meta: !!omap
#   - {ucd: POS_ANG_DIST_GENERAL}
#   - {width: 7}
#   - {precision: '4'}
# - name: HIP
#   datatype: int32
#   description: '? HIP cross-id number, van Leeuwen, Cat. I/311 (hip_original_ext_source_id)'
#   meta: !!omap
#   - {ucd: ID_NUMBER}
#   - {width: 6}
#   - values: {'null': -2147483648}
# - name: TYC2
#   datatype: string
#   description: Tycho-2 cross-id name, Hog et al., Cat. I/259 (tyc2_original_ext_source_id)
#   meta: !!omap
#   - {ucd: ID_CROSSID}
#   - {_votable_string_dtype: char}
# - name: Source
#   datatype: int64
#   description: Source identifier, identical to the Gaia-EDR3 source_id (id)
#   meta: !!omap
#   - {ucd: ID_MAIN}
#   - {width: 19}
# - name: rgeo
#   unit: pc
#   datatype: float64
#   format: '{:15.8f}'
#   description: '? Median of the geometric distance posterior (r_med_geo)'
#   meta: !!omap
#   - {ucd: PHYS_DISTANCE_TRUE}
#   - {width: 15}
#   - {precision: '8'}
#   - values: {'null': .nan}
# - name: Plx
#   unit: mas
#   datatype: float64
#   format: '{:9.4f}'
#   description: '? Parallax (parallax)'
#   meta: !!omap
#   - {ucd: POS_PARLX_TRIG}
#   - {width: 9}
#   - {precision: '4'}
#   - values: {'null': .nan}
# - name: e_Plx
#   unit: mas
#   datatype: float32
#   format: '{:7.4f}'
#   description: '? Standard error of parallax (parallax_error)'
#   meta: !!omap
#   - {ucd: ERROR}
#   - {width: 7}
#   - {precision: '4'}
#   - values: {'null': .nan}
# - name: pmRA
#   unit: mas / yr
#   datatype: float64
#   format: '{:9.3f}'
#   description: '? Proper motion in right ascension direction, pmRA*cosDE (pmra)'
#   meta: !!omap
#   - {ucd: POS_EQ_PMRA}
#   - {width: 9}
#   - {precision: '3'}
#   - values: {'null': .nan}
# - name: pmDE
#   unit: mas / yr
#   datatype: float64
#   format: '{:9.3f}'
#   description: '? Proper motion in declination direction (pmdec)'
#   meta: !!omap
#   - {ucd: POS_EQ_PMDEC}
#   - {width: 9}
#   - {precision: '3'}
#   - values: {'null': .nan}
# - name: e_pmRA
#   unit: mas / yr
#   datatype: float32
#   format: '{:6.3f}'
#   description: '? Standard error of proper motion in right ascension direction (pmra_error)'
#   meta: !!omap
#   - {ucd: ERROR}
#   - {width: 6}
#   - {precision: '3'}
#   - values: {'null': .nan}
# - name: e_pmDE
[...]
#       distance: !astropy.table.SerializedColumn
#         __class__: astropy.coordinates.distances.Distance
#         unit: !astropy.units.Unit {unit: pc}
#         value: !astropy.table.SerializedColumn {name: SkyCoord.distance}
#       frame: icrs
#       obstime: !astropy.time.Time {format: jyear_str, in_subfmt: '*', jd1: 367701545.0, jd2: 0.0, out_subfmt: '*', precision: 3, scale: tt}
#       pm_dec: !astropy.table.SerializedColumn
#         __class__: astropy.units.quantity.Quantity
#         unit: !astropy.units.Unit {unit: mas / yr}
#         value: !astropy.table.SerializedColumn {name: SkyCoord.pm_dec}
#       pm_ra_cosdec: !astropy.table.SerializedColumn
#         __class__: astropy.units.quantity.Quantity
#         unit: !astropy.units.Unit {unit: mas / yr}
#         value: !astropy.table.SerializedColumn {name: SkyCoord.pm_ra_cosdec}
#       ra: !astropy.table.SerializedColumn
#         __class__: astropy.coordinates.angles.Longitude
#         unit: *id001
#         value: !astropy.table.SerializedColumn {name: SkyCoord.ra}
#         wrap_angle: !astropy.coordinates.Angle
#           unit: *id001
#           value: 360.0
#       representation_type: spherical
# schema: astropy-2.0
RA_ICRS_1 DE_ICRS_1 e_RA_ICRS e_DE_ICRS _r_1 HIP TYC2 Source rgeo Plx e_Plx pmRA pmDE e_pmRA e_pmDE RUWE Teff logg Gmag BP-RP BPmag RPmag RV e_RV b_rgeo B_rgeo FG e_FG FBP e_FBP FRP e_FRP RAVE5 RAVE6 e_Gmag e_BPmag e_RPmag e_BP-RP SkyCoord.ra SkyCoord.dec SkyCoord.distance SkyCoord.pm_ra_cosdec SkyCoord.pm_dec rmRA rmDE e_rmRA e_rmDE rRV e_rRV v_pec v_pec3d e_vpec e_vpec3d Pmemb
263.28723326764 -37.70954615597 0.0177 0.0138 5.732 "" "" 5962129186333734656 2280.50293 0.4042 0.0184 -0.348 -2.727 0.025 0.02 1.241 "" "" 13.046778 1.360112 13.645585 12.285473 "" "" 2174.53442 2386.66187 113824.51523 47.542 47554.0 56.378 96598.0 93.99 "" "" 0.002792389819776799 0.0030727738 0.0039242525 0.0069970265 263.28723326764 -37.70954615597 2280.50293 -0.34799999999999975 -2.7269999999999968 0.06718181562423708 -0.05490899276733385 0.21119507 0.20619506 "" "" 0.9379077867384522 "" 0.1962168660956417 "" 0.98
263.23710155966 -37.64367151984 0.014 0.0111 1.7957 "" "" 5962130358906903424 2390.76099 0.3756 0.0144 -0.313 -2.675 0.019 0.015 0.974 15001.3 3.5412 13.141277 1.538701 13.844501 12.3058 "" "" 2307.6394 2477.07593 104336.40657 52.885 39593.0 71.993 94806.0 141.08 "" "" 0.0028097418660608456 0.0034179823 0.0041102474 0.0075282296 263.23710155966 -37.64367151984 2390.76099 -0.31300000000000033 -2.675 0.10218181562423706 -0.0029089927673338067 0.20519505 0.20119506 "" "" 1.1584146419543608 "" 0.23769723962901043 "" 0.954
263.21825253172 -37.59507016338 0.0186 0.0148 3.0762 "" "" 5962179081019905792 2487.28516 0.358 0.0201 -0.312 -2.687 0.025 0.018 0.914 "" "" 13.498473 1.799616 14.362594 12.562978 "" "" 2351.31152 2623.07422 75085.72262 35.139 24569.0 50.401 74811.0 97.101 "" "" 0.0028017786343349626 0.0035701334 0.004033567 0.0076037003 263.21825253172 -37.59507016338 2487.28516 -0.31199999999999994 -2.6869999999999985 0.10318181562423706 -0.014908992767333817 0.21119507 0.20419505 "" "" 1.2291192559070983 "" 0.2594108232741196 "" 0.994
263.2245284251 -37.6020217909 0.0177 0.0134 2.7944 "" "" 5962178870515574144 2386.75024 0.3801 0.0181 -0.243 -2.504 0.024 0.017 0.949 "" "" 13.711638 1.563131 14.428796 12.865664 43.47 9.95 2281.21582 2494.11646 61700.94502 21.885 23115.0 39.317 56610.0 28.134 "" "" 0.002782102654007551 0.0033459791 0.0038177064 0.0071636857 263.2245284251 -37.6020217909 2386.75024 -0.2430000000000002 -2.5040000000000004 0.17218181562423707 0.168091007232666 0.21019506 0.20319507 36.714999999999996 11.045384 2.7222560090926353 36.81578333784358 0.5629865242649833 11.015226289756313 1.0
263.31840123452 -37.68101602772 0.018 0.0138 6.0749 "" "" 5962130805583614336 2512.33545 0.3602 0.0184 -0.582 -2.703 0.026 0.019 1.096 "" "" 13.823345 1.676579 14.612545 12.935966 103.82 8.26 2387.64575 2649.12573 55668.38638 19.744 19516.0 31.375 53061.0 38.567 "" "" 0.002782099187200992 0.0032911673 0.0038608937 0.007152061 263.31840123452 -37.68101602772 2512.33545 -0.5819999999999999 -2.7030000000000003 -0.1668181843757629 -0.03090899276733383 0.21219507 0.20519505 97.065 9.355385 2.020361435930014 97.08602415039866 0.4282488181270692 9.353363147117143 0.918
263.08527869197 -37.76736784366 0.0176 0.0143 9.1655 "" "" 5962170216206628608 2056.3999 0.4327 0.02 -0.659 -2.637 0.024 0.017 1.035 4627.4 1.747 13.888749 2.308754 15.113766 12.805012 -13.42 1.88 1972.18909 2156.43823 52413.98777 18.485 12300.0 17.799 59862.0 27.101 "" "" 0.002781799665784126 0.003202113 0.003811212 0.007013325 263.08527869197 -37.76736784366 2056.3999 -0.6589999999999996 -2.6369999999999965 -0.24381818437576297 0.035091007232666005 0.21019506 0.20319507 -20.175 2.9753847 2.4010654519209678 20.317375330106213 0.5043565945513032 2.955135663089063 0.821
263.21429674338 -37.61075184143 0.0194 0.0153 2.1236 "" "" 5962179046660158464 2398.78906 0.3786 0.0197 -0.343 -2.683 0.025 0.02 0.91 10315.8 3.4699 13.934769 1.597058 14.673289 13.076231 "" "" 2285.38843 2514.80029 50238.81942 29.394 18454.0 38.92 46630.0 84.911 "" "" 0.0028276014351300434 0.0036094945 0.0042652725 0.007874767 263.21429674338 -37.61075184143 2398.78906 -0.3430000000000001 -2.683 0.07218181562423703 -0.010908992767333814 0.21119507 0.20619506 "" "" 0.830046172696229 "" 0.17521005139308277 "" 0.975
263.21259450158 -37.57606645389 0.0205 0.016 4.1303 "" "" 5962179149739396480 2439.23511 0.3612 0.0217 -0.341 -2.702 0.028 0.02 0.972 7649.8 3.1733 14.106116 1.937743 15.066978 13.129235 97.75 10.24 2331.21289 2572.03906 42904.23723 18.022 12842.0 17.313 44408.0 45.842 "" "" 0.0027928095217747877 0.0031508068 0.003942069 0.007092876 263.21259450158 -37.57606645389 2439.23511 -0.34099999999999997 -2.701999999999999 0.07418181562423704 -0.029908992767333942 0.21419506 0.20619506 90.995 11.335384 0.9247765298173227 90.99969910186573 0.19706478889029397 11.334799201835175 1.0
263.18318253496 -37.60767822345 0.0205 0.0158 2.3155 "" "" 5962177637910269568 2346.7041 0.3806 0.021 -0.288 -2.749 0.027 0.02 0.917 "" "" 14.259165 1.375895 14.868638 13.492743 "" "" 2258.87573 2450.56543 37263.26671 14.144 15416.0 28.171 31773.0 29.383 "" "" 0.0027859694883779354 0.003423674 0.003910483 0.007334157 263.18318253496 -37.60767822345 2346.7041 -0.2879999999999999 -2.7490000000000006 0.12718181562423708 -0.0769089927673341 0.21319506 0.20619506 "" "" 1.6532425351163864 "" 0.3494019454107877 "" 0.969
263.25577602358 -37.67050880113 0.0222 0.0177 3.1155 "" "" 5962130084028972416 2592.09131 0.3446 0.0221 -0.569 -2.412 0.031 0.025 1.05 "" "" 14.423997 1.613831 15.163246 13.549416 -4.93 7.95 2458.99121 2765.2522 32014.57906 23.2 11752.0 29.438 30157.0 62.415 "" "" 0.002865457042315412 0.0038963843 0.004396959 0.008293344 263.25577602358 -37.67050880113 2592.09131 -0.5690000000000002 -2.4120000000000026 -0.1538181843757629 0.2600910072326661 0.21719506 0.21119507 -11.684999999999999 9.045384 3.7126289324626316 12.260621460193548 0.7899214255199001 8.624032258487443 0.867
263.18714823844 -37.62360108679 0.0274 0.0217 1.3586 "" "" 5962177534831016448 2279.75562 0.4014 0.0286 -0.355 -2.764 0.034 0.024 0.868 "" "" 14.739273 1.417343 15.37103 13.953687 "" "" 2150.13818 2424.93188 23946.25557 9.1361 9705.2 15.729 20782.0 19.785 "" "" 0.0027862843727585766 0.0032986875 0.0039181826 0.00721687 263.18714823844 -37.62360108679 2279.75562 -0.355 -2.7639999999999993 0.06018181562423708 -0.09190899276733377 0.22019506 0.21019506 "" "" 1.1871465351796007 "" 0.25315334821973134 "" 0.975
263.14170910055 -37.6170860642 0.0262 0.0206 3.1808 "" "" 5962178286399137792 2158.92822 0.4264 0.028 -0.454 -2.688 0.035 0.024 0.924 8589.3 3.5326 14.892413 1.434908 15.533084 14.098176 "" "" 2063.93945 2297.92749 20796.07379 6.9023 8359.6 14.408 18192.0 17.397 "" "" 0.0027787855005603074 0.003359583 0.0039194096 0.007278993 263.14170910055 -37.6170860642 2158.92822 -0.45400000000000007 -2.688 -0.038818184375762954 -0.01590899276733415 0.22119506 0.21019506 "" "" 0.4293054480695026 "" 0.09429568712765059 "" 0.954
263.03353215259 -37.62514408331 0.0275 0.0213 7.9586 "" "" 5962175159663797376 2175.85156 0.4141 0.0285 -0.453 -2.668 0.037 0.025 0.886 "" "" 14.952293 1.448625 15.597132 14.148507 "" "" 2055.48413 2311.97363 19680.189 10.259 7880.7 20.616 17368.0 31.616 "" "" 0.002812849311018332 0.0039814995 0.004264974 0.008246474 263.03353215259 -37.62514408331 2175.85156 -0.453 -2.668 -0.03781818437576295 0.004091007232665866 0.22319506 0.21119507 "" "" 0.3923146978935527 "" 0.08750969769660719 "" 0.975
263.22971025586 -37.67171982619 0.0278 0.0221 2.1983 "" "" 5962130255827678080 2378.47144 0.3866 0.0278 -0.231 -2.778 0.039 0.03 0.986 9458.6 3.44 15.019321 1.554554 15.729483 14.174929 "" "" 2216.14111 2577.49365 18501.97358 7.9342 6976.3 14.743 16951.0 22.157 "" "" 0.002794381716188919 0.0036124375 0.004037056 0.0076494934 263.22971025586 -37.67171982619 2378.47144 -0.23100000000000018 -2.778 0.18418181562423705 -0.10590899276733401 0.22519507 0.21619506 "" "" 2.3952751280728592 "" 0.5341285824695551 "" 0.98
263.06559336728 -37.77728672475 0.0259 0.0207 10.2053 "" "" 5962170181846899840 2523.95361 0.3621 0.0281 -0.144 -2.57 0.035 0.025 0.951 "" "" 15.085021 1.603821 15.829217 14.225396 "" "" 2371.51538 2709.2627 17415.60336 5.901 6364.0 12.514 16181.0 14.486 "" "" 0.002779771275793884 0.0035132768 0.0039023731 0.00741565 263.06559336728 -37.77728672475 2523.95361 -0.14399999999999977 -2.5699999999999967 0.27118181562423704 0.10209100723266618 0.22119506 0.21119507 "" "" 3.46658208095356 "" 0.7625732845555138 "" 0.981
263.06183983774 -37.5536345546 0.0292 0.0221 8.495 "" "" 5962181486201193216 2316.51807 0.392 0.0296 -0.43 -2.664 0.036 0.027 0.971 "" "" 15.174006 1.555961 15.885052 14.329091 "" "" 2171.3772 2457.55396 16045.16968 10.858 6045.0 16.639 14707.0 29.612 "" "" 0.0028516000215103574 0.004088552 0.004366087 0.008454639 263.06183983774 -37.5536345546 2316.51807 -0.43000000000000005 -2.6640000000000006 -0.014818184375762933 0.00809100723266587 0.22219506 0.21319506 "" "" 0.1853827044462983 "" 0.04081397135609648 "" 0.863
263.21040850572 -37.62578279249 0.0304 0.0236 1.2187 "" "" 5962177363032287360 2475.78027 0.3788 0.0316 -0.37 -2.71 0.04 0.029 1.044 8066.4 2.7786 15.212023 1.476961 15.882075 14.405114 "" "" 2274.16406 2690.71021 15493.0735 7.4557 6061.6 12.292 13712.0 18.345 "" "" 0.0028044218001245912 0.0035542317 0.004048917 0.007603149 263.21040850572 -37.62578279249 2475.78027 -0.37 -2.71 0.045181815624237065 -0.03790899276733395 0.22619507 0.21519506 "" "" 0.6921268641990498 "" 0.15345610320356712 "" 0.98
263.10860346711 -37.80772747614 0.0299 0.0233 10.7202 "" "" 5962123143360984832 2368.71631 0.3783 0.0307 -0.943 -2.5 0.042 0.028 0.998 8596.8 3.4614 15.258351 1.404477 15.874085 14.469608 "" "" 2216.3479 2529.23779 14845.88772 5.4808 6106.4 14.18 12922.0 31.236 "" "" 0.002784323161917693 0.0037605492 0.0046012863 0.008361835 263.10860346711 -37.80772747614 2368.71631 -0.9429999999999996 -2.5 -0.5278181843757629 0.17209100723266602 0.22819506 0.21419506 "" "" 6.233226210134749 "" 1.4142400544682006 "" 0.846
263.17121028489 -37.63377702496 0.0356 0.0268 1.4716 "" "" 5962177431735848704 2279.81421 0.403 0.0366 -0.36 -2.711 0.046 0.032 0.971 9233.1 3.7063 15.401831 1.449685 16.027218 14.577533 "" "" 2116.05786 2466.71045 13008.11971 5.4271 5303.1 19.555 11699.0 76.296 "" "" 0.0027923071008581824 0.0048799575 0.0080262255 0.012906183 263.17121028489 -37.63377702496 2279.81421 -0.3600000000000003 -2.711 0.055181815624237074 -0.03890899276733384 0.23219506 0.21819507 "" "" 0.7296420501941622 "" 0.16609682829530917 "" 0.954
263.19837303075 -37.59769297937 0.0335 0.0254 2.7845 "" "" 5962179115379650944 2137.35229 0.4325 0.0341 -0.309 -2.634 0.043 0.031 0.992 8433.6 3.5259 15.423507 1.688028 16.215683 14.527655 "" "" 1998.0387 2268.25293 12750.98941 5.6723 4458.0 11.772 12249.0 16.771 "" "" 0.002797332710737968 0.004000624 0.00406123 0.008061854 263.19837303075 -37.59769297937 2137.35229 -0.309 -2.634 0.10618181562423706 0.03809100723266612 0.22919506 0.21719506 "" "" 1.1428570928015012 "" 0.2604100183135693 "" 0.814
263.20898225558 -37.6126019036 0.0355 0.0281 1.9447 "" "" 5962179046659494528 2229.2793 0.4128 0.0378 -0.291 -2.65 0.046 0.034 1.044 "" "" 15.51722 1.764836 16.360365 14.595529 "" "" 2063.06738 2383.11865 11696.57816 6.2336 3901.9 14.977 11507.0 20.248 "" "" 0.0028154231328654743 0.005015266 0.0042348187 0.009250085 263.20898225558 -37.6126019036 2229.2793 -0.291 -2.65 0.12418181562423708 0.022091007232666104 0.23219506 0.22019506 "" "" 1.3328034902627175 "" 0.3089920948869314 "" 0.981
263.35099424659 -37.7027344313 0.0405 0.0313 8.0169 "" "" 5962127575768185216 2115.01099 0.4395 0.0429 -0.796 -2.97 0.061 0.043 0.93 8994.0 4.1931 15.969388 1.613645 16.717329 15.103684 "" "" 1950.63843 2323.07935 7712.43784 4.1514 2808.6 8.8369 7205.8 9.1742 "" "" 0.002816618453567571 0.004410781 0.0040242453 0.008435026 263.35099424659 -37.7027344313 2115.01099 -0.796 -2.97 -0.380818184375763 -0.2979089927673342 0.24719507 0.22919506 "" "" 4.847161114764052 "" 1.1658400977615895 "" 0.828
