Clusters/UFMG_22/UFMG_22_stars_in_region.tsv
# %ECSV 1.0
# ---
# datatype:
# - name: RA_ICRS_1
#   unit: deg
#   datatype: float64
#   format: '{:15.11f}'
#   description: Right ascension (ICRS) at Ep=2016.0 (ra)
#   meta: !!omap
#   - {ucd: POS_EQ_RA_MAIN}
#   - {width: 15}
#   - {precision: '11'}
# - name: DE_ICRS_1
#   unit: deg
#   datatype: float64
#   format: '{:15.11f}'
#   description: Declination (ICRS) at Ep=2016.0 (dec)
#   meta: !!omap
#   - {ucd: POS_EQ_DEC_MAIN}
#   - {width: 15}
#   - {precision: '11'}
# - name: e_RA_ICRS
#   unit: mas
#   datatype: float64
#   format: '{:7.4f}'
#   description: Standard error of right ascension (ra_error)
#   meta: !!omap
#   - {ucd: ERROR}
#   - {width: 7}
#   - {precision: '4'}
# - name: e_DE_ICRS
#   unit: mas
#   datatype: float64
#   format: '{:7.4f}'
#   description: Standard error of declination (dec_error)
#   meta: !!omap
#   - {ucd: ERROR}
#   - {width: 7}
#   - {precision: '4'}
# - name: _r_1
#   unit: ''
#   datatype: float64
#   format: '{:7.4f}'
#   description: Distance from center (263.19930880000-37.64409481000)[ICRS], at Epoch=J2016.0
#   meta: !!omap
#   - {ucd: POS_ANG_DIST_GENERAL}
#   - {width: 7}
#   - {precision: '4'}
# - name: HIP
#   datatype: int32
#   description: '? HIP cross-id number, van Leeuwen, Cat. I/311 (hip_original_ext_source_id)'
#   meta: !!omap
#   - {ucd: ID_NUMBER}
#   - {width: 6}
#   - values: {'null': -2147483648}
# - name: TYC2
#   datatype: string
#   description: Tycho-2 cross-id name, Hog et al., Cat. I/259 (tyc2_original_ext_source_id)
#   meta: !!omap
#   - {ucd: ID_CROSSID}
#   - {_votable_string_dtype: char}
# - name: Source
#   datatype: int64
#   description: Source identifier, identical to the Gaia-EDR3 source_id (id)
#   meta: !!omap
#   - {ucd: ID_MAIN}
#   - {width: 19}
# - name: rgeo
#   unit: pc
#   datatype: float64
#   format: '{:15.8f}'
#   description: '? Median of the geometric distance posterior (r_med_geo)'
#   meta: !!omap
#   - {ucd: PHYS_DISTANCE_TRUE}
#   - {width: 15}
#   - {precision: '8'}
#   - values: {'null': .nan}
# - name: Plx
#   unit: mas
#   datatype: float64
#   format: '{:9.4f}'
#   description: '? Parallax (parallax)'
#   meta: !!omap
#   - {ucd: POS_PARLX_TRIG}
#   - {width: 9}
#   - {precision: '4'}
#   - values: {'null': .nan}
# - name: e_Plx
#   unit: mas
#   datatype: float32
#   format: '{:7.4f}'
#   description: '? Standard error of parallax (parallax_error)'
#   meta: !!omap
#   - {ucd: ERROR}
#   - {width: 7}
#   - {precision: '4'}
#   - values: {'null': .nan}
# - name: pmRA
#   unit: mas / yr
#   datatype: float64
#   format: '{:9.3f}'
#   description: '? Proper motion in right ascension direction, pmRA*cosDE (pmra)'
#   meta: !!omap
#   - {ucd: POS_EQ_PMRA}
#   - {width: 9}
#   - {precision: '3'}
#   - values: {'null': .nan}
# - name: pmDE
#   unit: mas / yr
#   datatype: float64
#   format: '{:9.3f}'
#   description: '? Proper motion in declination direction (pmdec)'
#   meta: !!omap
#   - {ucd: POS_EQ_PMDEC}
#   - {width: 9}
#   - {precision: '3'}
#   - values: {'null': .nan}
# - name: e_pmRA
#   unit: mas / yr
#   datatype: float32
#   format: '{:6.3f}'
#   description: '? Standard error of proper motion in right ascension direction (pmra_error)'
#   meta: !!omap
#   - {ucd: ERROR}
#   - {width: 6}
#   - {precision: '3'}
#   - values: {'null': .nan}
# - name: e_pmDE
[...]
#         value: !astropy.table.SerializedColumn {name: SkyCoord.dec}
#       distance: !astropy.table.SerializedColumn
#         __class__: astropy.coordinates.distances.Distance
#         unit: !astropy.units.Unit {unit: pc}
#         value: !astropy.table.SerializedColumn {name: SkyCoord.distance}
#       frame: icrs
#       obstime: !astropy.time.Time {format: jyear_str, in_subfmt: '*', jd1: 367701545.0, jd2: 0.0, out_subfmt: '*', precision: 3, scale: tt}
#       pm_dec: !astropy.table.SerializedColumn
#         __class__: astropy.units.quantity.Quantity
#         unit: !astropy.units.Unit {unit: mas / yr}
#         value: !astropy.table.SerializedColumn {name: SkyCoord.pm_dec}
#       pm_ra_cosdec: !astropy.table.SerializedColumn
#         __class__: astropy.units.quantity.Quantity
#         unit: !astropy.units.Unit {unit: mas / yr}
#         value: !astropy.table.SerializedColumn {name: SkyCoord.pm_ra_cosdec}
#       ra: !astropy.table.SerializedColumn
#         __class__: astropy.coordinates.angles.Longitude
#         unit: *id001
#         value: !astropy.table.SerializedColumn {name: SkyCoord.ra}
#         wrap_angle: !astropy.coordinates.Angle
#           unit: *id001
#           value: 360.0
#       representation_type: spherical
# schema: astropy-2.0
RA_ICRS_1 DE_ICRS_1 e_RA_ICRS e_DE_ICRS _r_1 HIP TYC2 Source rgeo Plx e_Plx pmRA pmDE e_pmRA e_pmDE RUWE Teff logg Gmag BP-RP BPmag RPmag RV e_RV b_rgeo B_rgeo FG e_FG FBP e_FBP FRP e_FRP RAVE5 RAVE6 e_Gmag e_BPmag e_RPmag e_BP-RP SkyCoord.ra SkyCoord.dec SkyCoord.distance SkyCoord.pm_ra_cosdec SkyCoord.pm_dec rmRA rmDE e_rmRA e_rmDE rRV e_rRV v_pec v_pec3d e_vpec e_vpec3d
[from data line 413]
263.50401277529 -37.8197929869 0.0323 0.025 17.894 "" "" 5962113694431778048 2674.40796 0.3302 0.0312 -0.769 -3.517 0.039 0.029 1.08 4871.5 2.6455 15.084288 2.42635 16.388657 13.962307 -52.16 6.37 2465.60156 2949.17261 17427.36491 7.0679 3801.5 12.012 20617.0 14.614 "" "" 0.0027902838782202684 0.0044220868 0.0038569444 0.008279031 263.50401277529 -37.8197929869 2674.40796 -0.7690000000000001 -3.5169999999999995 -0.35381818437576296 -0.8449089927673339 0.22519507 0.21519506 -58.915 7.4653845 11.611868850495608 60.04841982268235 2.5164817976594627 7.340622059910653
263.47656403722 -37.50997877054 0.0323 0.0261 15.4458 "" "" 5962508900158030208 2463.36816 0.3603 0.0337 -0.481 -3.203 0.045 0.031 0.997 "" "" 15.084292 1.503613 15.765912 14.2623 "" "" 2274.25073 2687.13062 17427.28362 6.3967 6746.1 16.696 15640.0 18.342 "" "" 0.002783991367105166 0.0038737007 0.003988113 0.0078618135 263.47656403722 -37.50997877054 2463.36816 -0.4809999999999997 -3.2030000000000003 -0.06581818437576292 -0.5309089927673338 0.23119506 0.21719506 "" "" 6.246543124561804 "" 1.3580840252040756 ""
263.06559336728 -37.77728672475 0.0259 0.0207 10.2053 "" "" 5962170181846899840 2523.95361 0.3621 0.0281 -0.144 -2.57 0.035 0.025 0.951 "" "" 15.085021 1.603821 15.829217 14.225396 "" "" 2371.51538 2709.2627 17415.60336 5.901 6364.0 12.514 16181.0 14.486 "" "" 0.002779771275793884 0.0035132768 0.0039023731 0.00741565 263.06559336728 -37.77728672475 2523.95361 -0.14399999999999977 -2.5699999999999967 0.27118181562423704 0.10209100723266618 0.22119506 0.21119507 "" "" 3.46658208095356 "" 0.7625732845555138 ""
263.59285338209 -37.78849585214 0.0349 0.028 20.5903 "" "" 5962489040227453440 2669.50659 0.3379 0.0342 -1.125 3.044 0.041 0.033 0.944 4722.8 2.0742 15.085742 2.350935 16.333849 13.982914 -64.14 4.07 2459.55786 2947.43994 17404.03346 7.6244 3998.3 10.501 20230.0 30.72 "" "" 0.002796073062966755 0.003989528 0.004123353 0.008112881 263.59285338209 -37.78849585214 2669.50659 -1.1250000000000013 3.0439999999999996 -0.7098181843757629 5.7160910072326665 0.22719505 0.21919507 -70.895 5.165385 72.88386890576444 101.67673958026317 15.984798270647802 12.010923558839833
263.31237537331 -37.51242010522 0.0329 0.0266 9.5564 "" "" 5962554873492736000 2660.78442 0.334 0.0338 0.355 -3.044 0.043 0.035 0.927 4706.5 2.4001 15.08758 2.587294 16.519249 13.931955 -13.6 5.12 2455.35107 2872.00659 17374.59916 8.079 3370.7 13.503 21202.0 14.669 "" "" 0.0028011905549099212 0.0051674726 0.0038533113 0.009020784 263.31237537331 -37.51242010522 2660.78442 0.35499999999999976 -3.0440000000000023 0.770181815624237 -0.371908992767334 0.22919506 0.22119506 -20.355 6.2153845 10.786836742213826 23.03653341766452 2.456204936572309 5.61102869319588
263.37741967774 -37.41754877233 0.0319 0.0274 16.0183 "" "" 5962555796838448768 2337.08472 0.3935 0.0359 -0.176 -1.849 0.043 0.032 0.912 6981.7 3.0465 15.092275 1.946274 16.05592 14.109646 -19.22 5.82 2162.84399 2547.61304 17299.63203 7.5409 5164.7 16.827 18001.0 23.974 "" "" 0.0027956708725633077 0.0045053684 0.0040465593 0.008551927 263.37741967774 -37.41754877233 2337.08472 -0.17600000000000005 -1.8489999999999998 0.23918181562423707 0.823091007232666 0.22919506 0.21819507 -25.974999999999998 6.915385 9.495195270829484 27.656090798071634 2.080126046076741 6.534175296078295
263.60143481252 -37.68555147632 0.0325 0.026 19.2606 "" "" 5962490689496420736 2163.28833 0.4186 0.0344 1.426 1.415 0.04 0.029 0.979 "" "" 15.093827 1.26053 15.638099 14.377569 "" "" 2000.30286 2406.07812 17274.90759 6.2345 7588.9 11.163 14065.0 16.617 "" "" 0.002783043118088549 0.00321492 0.0039911326 0.0072060525 263.60143481252 -37.68555147632 2163.28833 1.425999999999999 1.4149999999999987 1.841181815624237 4.087091007232666 0.22619507 0.21519506 "" "" 45.96516191722598 "" 9.978571232842146 ""
263.22737013882 -37.77711159481 0.0296 0.0231 8.0914 "" "" 5962128503480955648 2320.30347 0.3959 0.031 -0.157 -1.53 0.041 0.029 1.083 "" "" 15.095639 2.674239 16.588375 13.914136 -20.46 3.52 2124.75415 2481.88135 17246.10249 7.9952 3162.8 11.183 21553.0 19.473 "" "" 0.0028009180587689987 0.004745785 0.003904613 0.008650398 263.22737013882 -37.77711159481 2320.30347 -0.15700000000000017 -1.5300000000000002 0.25818181562423703 1.142091007232666 0.22719505 0.21519506 -27.215 4.6153846 12.877944988639566 30.1081001082836 2.7789822175140992 4.33791712983396
263.34704337452 -37.71479335813 0.0663 0.0561 8.1982 "" "" 5962127472688964480 2428.11182 0.3997 0.0757 -0.472 -0.757 0.088 0.068 2.713 8005.1 3.3742 15.097343 1.387932 15.674852 14.286921 "" "" 2093.09644 2798.22998 17219.05836 17.332 7336.3 16.558 15289.0 34.213 "" "" 0.0029641402240380035 0.0037134902 0.004492964 0.008206454 263.34704337452 -37.71479335813 2428.11182 -0.47200000000000014 -0.757 -0.056818184375762915 1.915091007232666 0.27419508 0.25419506 "" "" 22.050959775610565 "" 5.6056482387939335 ""
262.75515962632 -37.72765876967 0.0287 0.0215 21.6771 "" "" 5962161935507665536 2193.99219 0.4297 0.031 -0.245 -2.73 0.036 0.025 0.924 "" "" 15.103152 1.704948 15.910695 14.205748 "" "" 2046.0791 2329.59863 17127.17424 6.8708 5903.9 8.8363 16476.0 13.203 "" "" 0.0027895340273193904 0.0032288856 0.0038782365 0.007107122 262.75515962632 -37.72765876967 2193.99219 -0.24500000000000038 -2.7300000000000035 0.17018181562423706 -0.05790899276733397 0.22219506 0.21119507 "" "" 1.8694658110951745 "" 0.41329965270197677 ""
263.16294929451 -37.72731441317 0.0323 0.0231 5.2832 "" "" 5962129671678368384 2071.33032 0.4507 0.0315 -2.275 -3.661 0.044 0.028 1.042 6684.4 3.9536 15.104401 1.498876 15.764341 14.265466 -17.08 7.95 1937.09729 2203.52393 17107.49116 7.5555 6755.9 30.006 15595.0 42.825 "" "" 0.0027967343398036457 0.005571273 0.0048138476 0.01038512 263.16294929451 -37.72731441317 2071.33032 -2.2749999999999995 -3.660999999999996 -1.8598181843757629 -0.988908992767334 0.23019506 0.21419506 -23.834999999999997 9.045384 20.680726706708956 31.556293859032067 4.68967471566171 7.491592136180072
262.9816490943 -37.88827817206 0.0315 0.0242 17.923 "" "" 5962167806679386112 2288.23413 0.3945 0.0313 0.751 -1.88 0.042 0.03 1.055 4861.7 2.6604 15.105795 2.650388 16.576109 13.925721 20.74 6.63 2152.97119 2489.08862 17085.54546 8.4612 3198.7 11.452 21324.0 29.349 "" "" 0.0028072929763283097 0.0047848765 0.0040640836 0.00884896 262.9816490943 -37.88827817206 2288.23413 0.7509999999999992 -1.8800000000000001 1.166181815624237 0.7920910072326661 0.22819506 0.21619506 13.985 7.7253847 15.290445992608907 20.72143729698521 3.4323384953549563 5.796509314932671
263.27592619648 -37.96071537056 0.0338 0.0254 19.3414 "" "" 5962117748881555968 2288.29077 0.4037 0.0291 0.205 -0.532 0.04 0.03 0.964 7587.6 3.1541 15.109215 1.458866 15.764934 14.306067 "" "" 2151.88916 2440.13208 17031.80475 6.8412 6752.2 15.785 15022.0 25.608 "" "" 0.002789620265376003 0.003771928 0.0042082523 0.00798018 263.27592619648 -37.96071537056 2288.29077 0.20500000000000007 -0.532 0.620181815624237 2.140091007232666 0.22619507 0.21619506 "" "" 24.167533998827405 "" 5.244022953415116 ""
263.32763680258 -37.72240177322 0.0267 0.0211 7.6946 "" "" 5962130393266551040 2033.41125 0.4582 0.029 -0.19 -4.177 0.04 0.033 1.033 7401.8 3.6888 15.112479 1.692864 15.915642 14.222777 -9.4 6.88 1925.25488 2148.88013 16980.68335 5.9259 5877.1 9.7948 16220.0 18.816 "" "" 0.0027812504111218955 0.0033255543 0.0039837277 0.007309282 263.32763680258 -37.72240177322 2033.41125 -0.19000000000000017 -4.177 0.22518181562423706 -1.5049089927673336 0.22619507 0.21919507 -16.155 7.9753847 14.666348845313648 21.819390767215133 3.21707469584342 6.288439116849948
263.37983564046 -37.37622797747 0.0336 0.029 18.2245 "" "" 5962558137668973952 2315.13989 0.409 0.0385 0.27 -1.634 0.045 0.036 1.017 9418.6 3.6846 15.120231 1.37959 15.685778 14.306188 "" "" 2120.00415 2502.72925 16859.88379 7.0149 7262.8 16.545 15020.0 37.779 "" "" 0.0027921068990574525 0.003728612 0.0046627787 0.008391391 263.37983564046 -37.37622797747 2315.13989 0.27 -1.634 0.6851818156242371 1.0380910072326661 0.23119506 0.22219506 "" "" 13.649469222031975 "" 3.0706418136652336 ""
263.42589077872 -37.53358385592 0.0323 0.027 12.6498 "" "" 5962507353970023552 1928.93994 0.4807 0.0315 0.555 -0.709 0.046 0.036 0.992 6543.6 3.1515 15.120826 1.83898 16.01053 14.171551 "" "" 1808.32336 2066.19849 16850.64115 6.3987 5385.2 18.542 17003.0 19.86 "" "" 0.0027859953305876604 0.004664788 0.0039864755 0.008651264 263.42589077872 -37.53358385592 1928.93994 0.555 -0.7090000000000001 0.9701818156242371 1.963091007232666 0.23219506 0.22219506 "" "" 20.021213857209062 "" 4.488620899478083 ""
263.17829699389 -37.98709954862 0.0331 0.026 20.6044 "" "" 5962116030894715008 1890.11658 0.4928 0.0339 -1.483 -3.675 0.04 0.03 1.212 7036.0 3.9886 15.122485 1.683651 15.841133 14.157482 -32.45 5.03 1778.93994 2021.77576 16824.9074 11.188 6294.5 41.483 17225.0 95.941 "" "" 0.002848340197635424 0.007680146 0.007131261 0.014811407 263.17829699389 -37.98709954862 1890.11658 -1.483000000000001 -3.675 -1.067818184375763 -1.0029089927673338 0.22619507 0.21619506 -39.205000000000005 6.125385 13.124660498585985 41.34354530278147 2.9079578002671735 5.881441056285721
263.37881566983 -37.70921365953 0.0286 0.0219 9.3772 "" "" 5962127537065012352 1881.07336 0.4922 0.0295 -1.974 -6.175 0.039 0.028 0.963 4781.5 3.0475 15.124467 2.457696 16.456644 13.998948 "" "" 1784.23206 1981.36243 16794.22809 7.7262 3570.7 8.7445 19933.0 23.714 "" "" 0.0028002291996693787 0.0038542089 0.003994018 0.007848226 263.37881566983 -37.70921365953 1881.07336 -1.9739999999999998 -6.175000000000001 -1.558818184375763 -3.502908992767334 0.22519507 0.21419506 "" "" 34.18589543977046 "" 7.385929934169271 ""
263.08597675933 -37.9114475787 0.0294 0.0246 16.9176 "" "" 5962120325862242688 2788.24731 0.3058 0.0323 -5.69 -9.571 0.038 0.028 1.098 "" "" 15.127467 2.606646 16.549114 13.942469 -55.84 4.36 2583.92017 3052.7915 16747.87561 11.653 3279.2 18.827 20998.0 91.662 "" "" 0.0028570063274072975 0.0068295365 0.0060619237 0.01289146 263.08597675933 -37.9114475787 2788.24731 -5.690000000000001 -9.571000000000009 -5.274818184375763 -6.898908992767334 0.22419506 0.21419506 -62.595000000000006 5.4553847 114.77545336593599 130.73461179181336 25.01389999914008 22.11517261735938
263.38162630317 -37.91289671945 0.0393 0.0308 18.2995 "" "" 5962111942084969728 2452.78857 0.3599 0.0382 -1.694 -4.57 0.045 0.035 1.117 5204.0 2.7734 15.129166 2.817532 16.736057 13.918525 -64.04 4.86 2284.12354 2770.47559 16721.69987 11.97 2760.5 9.2141 21466.0 28.36 "" "" 0.0028628384146619774 0.004573675 0.0040424396 0.008616114 263.38162630317 -37.91289671945 2452.78857 -1.6939999999999997 -4.57 -1.278818184375763 -1.8979089927673343 0.23119506 0.22119506 -70.795 5.9553847 26.607113206946988 75.62982545403165 5.969715493186429 5.957160294272838
263.1351185489 -37.77214360441 0.0303 0.0238 8.2651 "" "" 5962123555677791232 2726.27271 0.3264 0.0305 1.474 0.022 0.042 0.029 1.1 4418.7 1.6827 15.129684 2.668636 16.622608 13.953972 -8.04 4.58 2503.32837 2969.28467 16713.7224 8.2963 3064.6 14.569 20776.0 20.83 "" "" 0.002807532591724581 0.0058674235 0.003933025 0.009800449 263.1351185489 -37.77214360441 2726.27271 1.4740000000000013 0.02199999999999994 1.889181815624237 2.694091007232666 0.22819506 0.21519506 -14.794999999999998 5.6753845 42.52109105606681 45.02149719409967 9.33615949673976 9.012730712575491
263.58744578823 -37.47226900483 0.0311 0.0254 21.1449 "" "" 5962506323176659200 2011.87 0.4528 0.0395 1.989 -2.667 0.046 0.03 0.993 4780.0 2.3085 15.13018 2.924129 16.791702 13.867573 3.0 4.67 1859.85388 2184.82544 16706.08545 7.8272 2622.6 12.735 22497.0 203.67 "" "" 0.002801884773648657 0.0059649856 0.010530941 0.016495926 263.58744578823 -37.47226900483 2011.87 1.989 -2.6670000000000007 2.404181815624237 0.0050910072326662 0.23219506 0.21619506 -3.755 5.7653847 22.926963419887958 23.232427265718073 5.32352616014153 5.335534525540835
262.91178198219 -37.88543038375 0.0274 0.0207 19.8914 "" "" 5962145374113328512 2149.30591 0.4235 0.0297 -0.039 -1.836 0.039 0.026 0.945 8391.1 3.11 15.136759 1.588598 15.86708 14.278481 "" "" 2011.20264 2278.74731 16605.16883 5.7956 6145.9 12.189 15409.0 32.157 "" "" 0.002781257062635212 0.003524457 0.004406548 0.007931005 262.91178198219 -37.88543038375 2149.30591 -0.03900000000000006 -1.8359999999999999 0.3761818156242371 0.8360910072326659 0.22519507 0.21219507 "" "" 9.340307508614075 "" 2.0029249299897893 ""
263.30069065438 -37.73560774738 0.029 0.0224 7.302 "" "" 5962128881438068352 1971.39819 0.4639 0.0304 -0.505 -2.376 0.041 0.03 1.007 7245.9 3.3256 15.137244 1.497507 15.818984 14.321477 "" "" 1872.11841 2117.07983 16597.7435 5.2583 6424.3 9.7557 14810.0 20.418 "" "" 0.0027767075452749587 0.003240903 0.004065013 0.007305916 263.30069065438 -37.73560774738 1971.39819 -0.5049999999999996 -2.3759999999999994 -0.08981818437576294 0.2960910072326661 0.22719505 0.21619506 "" "" 2.8912991938805983 "" 0.6278267627855011 ""
263.24335256153 -37.9736484781 0.0347 0.0263 19.8831 "" "" 5962117405284190720 1920.5719 0.477 0.0303 -6.916 -4.575 0.042 0.032 0.981 4810.4 2.8133 15.13746 2.385744 16.38594 14.000196 12.64 4.75 1826.78882 2002.22852 16594.44664 9.8226 3811.0 23.657 19910.0 78.22 "" "" 0.0028292780094511475 0.0072944863 0.0056989733 0.01299346 263.24335256153 -37.9736484781 1920.5719 -6.916000000000006 -4.575000000000006 -6.500818184375763 -1.9029089927673342 0.22819506 0.21819507 5.885000000000001 5.8453846 61.6635695168559 61.94375699422921 14.023641355294831 13.971250393049445
263.28519981455 -37.28886802293 0.0586 0.0473 21.7025 "" "" 5962562531348604032 2110.02783 0.4653 0.0668 0.193 -1.459 0.081 0.058 1.794 "" "" 15.137541 1.580575 15.851229 14.270654 "" "" 1813.71814 2568.77271 16593.2106 9.4192 6236.3 12.922 15520.0 16.32 "" "" 0.0028234097427423926 0.0035841672 0.003948064 0.0075322315 263.28519981455 -37.28886802293 2110.02783 0.1929999999999997 -1.4589999999999999 0.6081818156242371 1.213091007232666 0.26719505 0.24419506 "" "" 13.572174299696096 "" 3.3792745324241147 ""
263.01405068472 -37.40340746144 0.0313 0.0222 16.9194 "" "" 5962196707565857280 2015.37244 0.4556 0.0329 -1.298 -0.708 0.039 0.028 0.948 7482.6 3.7335 15.144825 1.985058 16.138952 14.153894 "" "" 1904.73962 2140.45923 16482.25589 6.7297 4784.5 18.075 17282.0 14.69 "" "" 0.0027907542691034052 0.004960762 0.003890432 0.008851194 263.01405068472 -37.40340746144 2015.37244 -1.2979999999999987 -0.708 -0.882818184375763 1.964091007232666 0.22519507 0.21419506 "" "" 20.570896001709183 "" 4.445021704172908 ""
263.20307478201 -37.95461797363 0.0331 0.0259 18.6322 "" "" 5962117577082964992 2571.82104 0.3298 0.0339 2.504 -4.621 0.043 0.032 0.979 "" "" 15.145615 3.279555 17.119864 13.840308 39.54 4.94 2381.02856 2837.00879 16470.28011 12.06 1938.5 17.316 23069.0 28.737 "" "" 0.0028677211608369975 0.010091907 0.0040140976 0.014106005 263.20307478201 -37.95461797363 2571.82104 2.5039999999999996 -4.621 2.919181815624237 -1.9489089927673344 0.22919506 0.21819507 32.785 6.0353847 42.78801377027739 53.90427021494166 9.664137713070819 8.504205630339387
263.21779258893 -37.59437504557 0.0312 0.0236 3.1098 "" "" 5962179081003298432 1917.45605 0.4872 0.0323 -0.082 -1.51 0.042 0.03 0.967 "" "" 15.150022 1.317872 15.669177 14.351305 "" "" 1828.30908 2032.4281 16403.55828 7.0845 7374.7 81.359 14409.0 163.83 "" "" 0.002794936848802735 0.0122987125 0.012910372 0.025209084 263.21779258893 -37.59437504557 1917.45605 -0.08200000000000017 -1.51 0.33318181562423704 1.162091007232666 0.22819506 0.21619506 "" "" 10.987479133274487 "" 2.3857095199765297 ""
