Clusters/UFMG_22/UFMG_22_stars_in_region.tsv
# %ECSV 1.0
# ---
# datatype:
# - name: RA_ICRS_1
#   unit: deg
#   datatype: float64
#   format: '{:15.11f}'
#   description: Right ascension (ICRS) at Ep=2016.0 (ra)
#   meta: !!omap
#   - {ucd: POS_EQ_RA_MAIN}
#   - {width: 15}
#   - {precision: '11'}
# - name: DE_ICRS_1
#   unit: deg
#   datatype: float64
#   format: '{:15.11f}'
#   description: Declination (ICRS) at Ep=2016.0 (dec)
#   meta: !!omap
#   - {ucd: POS_EQ_DEC_MAIN}
#   - {width: 15}
#   - {precision: '11'}
# - name: e_RA_ICRS
#   unit: mas
#   datatype: float64
#   format: '{:7.4f}'
#   description: Standard error of right ascension (ra_error)
#   meta: !!omap
#   - {ucd: ERROR}
#   - {width: 7}
#   - {precision: '4'}
# - name: e_DE_ICRS
#   unit: mas
#   datatype: float64
#   format: '{:7.4f}'
#   description: Standard error of declination (dec_error)
#   meta: !!omap
#   - {ucd: ERROR}
#   - {width: 7}
#   - {precision: '4'}
# - name: _r_1
#   unit: ''
#   datatype: float64
#   format: '{:7.4f}'
#   description: Distance from center (263.19930880000-37.64409481000)[ICRS], at Epoch=J2016.0
#   meta: !!omap
#   - {ucd: POS_ANG_DIST_GENERAL}
#   - {width: 7}
#   - {precision: '4'}
# - name: HIP
#   datatype: int32
#   description: '? HIP cross-id number, van Leeuwen, Cat. I/311 (hip_original_ext_source_id)'
#   meta: !!omap
#   - {ucd: ID_NUMBER}
#   - {width: 6}
#   - values: {'null': -2147483648}
# - name: TYC2
#   datatype: string
#   description: Tycho-2 cross-id name, Hog et al., Cat. I/259 (tyc2_original_ext_source_id)
#   meta: !!omap
#   - {ucd: ID_CROSSID}
#   - {_votable_string_dtype: char}
# - name: Source
#   datatype: int64
#   description: Source identifier, identical to the Gaia-EDR3 source_id (id)
#   meta: !!omap
#   - {ucd: ID_MAIN}
#   - {width: 19}
# - name: rgeo
#   unit: pc
#   datatype: float64
#   format: '{:15.8f}'
#   description: '? Median of the geometric distance posterior (r_med_geo)'
#   meta: !!omap
#   - {ucd: PHYS_DISTANCE_TRUE}
#   - {width: 15}
#   - {precision: '8'}
#   - values: {'null': .nan}
# - name: Plx
#   unit: mas
#   datatype: float64
#   format: '{:9.4f}'
#   description: '? Parallax (parallax)'
#   meta: !!omap
#   - {ucd: POS_PARLX_TRIG}
#   - {width: 9}
#   - {precision: '4'}
#   - values: {'null': .nan}
# - name: e_Plx
#   unit: mas
#   datatype: float32
#   format: '{:7.4f}'
#   description: '? Standard error of parallax (parallax_error)'
#   meta: !!omap
#   - {ucd: ERROR}
#   - {width: 7}
#   - {precision: '4'}
#   - values: {'null': .nan}
# - name: pmRA
#   unit: mas / yr
#   datatype: float64
#   format: '{:9.3f}'
#   description: '? Proper motion in right ascension direction, pmRA*cosDE (pmra)'
#   meta: !!omap
#   - {ucd: POS_EQ_PMRA}
#   - {width: 9}
#   - {precision: '3'}
#   - values: {'null': .nan}
# - name: pmDE
#   unit: mas / yr
#   datatype: float64
#   format: '{:9.3f}'
#   description: '? Proper motion in declination direction (pmdec)'
#   meta: !!omap
#   - {ucd: POS_EQ_PMDEC}
#   - {width: 9}
#   - {precision: '3'}
#   - values: {'null': .nan}
# - name: e_pmRA
#   unit: mas / yr
#   datatype: float32
#   format: '{:6.3f}'
#   description: '? Standard error of proper motion in right ascension direction (pmra_error)'
#   meta: !!omap
#   - {ucd: ERROR}
#   - {width: 6}
#   - {precision: '3'}
#   - values: {'null': .nan}
# - name: e_pmDE
[...]
#         value: !astropy.table.SerializedColumn {name: SkyCoord.dec}
#       distance: !astropy.table.SerializedColumn
#         __class__: astropy.coordinates.distances.Distance
#         unit: !astropy.units.Unit {unit: pc}
#         value: !astropy.table.SerializedColumn {name: SkyCoord.distance}
#       frame: icrs
#       obstime: !astropy.time.Time {format: jyear_str, in_subfmt: '*', jd1: 367701545.0, jd2: 0.0, out_subfmt: '*', precision: 3, scale: tt}
#       pm_dec: !astropy.table.SerializedColumn
#         __class__: astropy.units.quantity.Quantity
#         unit: !astropy.units.Unit {unit: mas / yr}
#         value: !astropy.table.SerializedColumn {name: SkyCoord.pm_dec}
#       pm_ra_cosdec: !astropy.table.SerializedColumn
#         __class__: astropy.units.quantity.Quantity
#         unit: !astropy.units.Unit {unit: mas / yr}
#         value: !astropy.table.SerializedColumn {name: SkyCoord.pm_ra_cosdec}
#       ra: !astropy.table.SerializedColumn
#         __class__: astropy.coordinates.angles.Longitude
#         unit: *id001
#         value: !astropy.table.SerializedColumn {name: SkyCoord.ra}
#         wrap_angle: !astropy.coordinates.Angle
#           unit: *id001
#           value: 360.0
#       representation_type: spherical
# schema: astropy-2.0
RA_ICRS_1 DE_ICRS_1 e_RA_ICRS e_DE_ICRS _r_1 HIP TYC2 Source rgeo Plx e_Plx pmRA pmDE e_pmRA e_pmDE RUWE Teff logg Gmag BP-RP BPmag RPmag RV e_RV b_rgeo B_rgeo FG e_FG FBP e_FBP FRP e_FRP RAVE5 RAVE6 e_Gmag e_BPmag e_RPmag e_BP-RP SkyCoord.ra SkyCoord.dec SkyCoord.distance SkyCoord.pm_ra_cosdec SkyCoord.pm_dec rmRA rmDE e_rmRA e_rmDE rRV e_rRV v_pec v_pec3d e_vpec e_vpec3d
[from data line 718]
262.76057287465 -37.53331194687 0.0438 0.0336 21.8929 "" "" 5962190522812644224 2287.58911 0.3867 0.0474 -1.89 -6.935 0.059 0.043 1.119 "" "" 15.734751 3.221427 17.656256 14.434829 -19.68 7.9 2040.97925 2580.40503 9572.96485 6.4755 1182.8 10.576 13342.0 24.831 "" "" 0.0028515221645263773 0.010101106 0.004285659 0.014386766 262.76057287465 -37.53331194687 2287.58911 -1.8900000000000001 -6.935000000000001 -1.4748181843757628 -4.262908992767334 0.24519506 0.22919506 -26.435 8.995384 48.911580434476164 55.598128795834775 11.296536962146796 10.819222003694641
263.33694684379 -37.54845480359 0.0456 0.0365 8.7031 "" "" 5962507869299469696 2308.94238 0.4088 0.0474 -3.995 -2.908 0.059 0.048 1.081 "" "" 15.735366 1.901069 16.612545 14.711476 "" "" 2096.59253 2569.50098 9567.54128 5.7592 3093.1 15.556 10341.0 153.11 "" "" 0.0028317717701626262 0.0061320094 0.016513824 0.022645835 263.33694684379 -37.54845480359 2308.94238 -3.995000000000004 -2.9080000000000004 -3.579818184375763 -0.2359089927673339 0.24519506 0.23419505 "" "" 39.26389556411454 "" 9.62548743811374 ""
263.32855799426 -37.7355140217 0.0345 0.0273 8.2308 "" "" 5962127438329042816 2696.40479 0.3321 0.0362 0.769 -0.796 0.046 0.036 0.933 8960.1 3.49 15.735975 1.700416 16.540691 14.840276 "" "" 2453.36743 2983.14038 9562.17786 3.8275 3304.8 9.2412 9184.3 19.793 "" "" 0.0027893835275806557 0.0041234195 0.0044450727 0.008568492 263.32855799426 -37.7355140217 2696.40479 0.769 -0.796 1.1841818156242372 1.876091007232666 0.23219506 0.22219506 "" "" 28.355310972493225 "" 6.382478136666705 ""
263.35380920497 -37.71991742116 0.0406 0.033 8.6325 "" "" 5962127575768172416 2500.63354 0.369 0.0446 0.003 -2.543 0.052 0.04 1.074 "" "" 15.737469 1.397117 16.357042 14.959926 "" "" 2204.46729 2812.86255 9549.02792 3.628 3913.8 10.44 8226.0 14.306 "" "" 0.0027860280504878156 0.004021558 0.004224822 0.00824638 263.35380920497 -37.71991742116 2500.63354 0.003000000000000169 -2.543 0.41818181562423706 0.12909100723266587 0.23819506 0.22619507 "" "" 5.187507332315295 "" 1.230347819713701 ""
263.35385872982 -37.93327296052 0.0424 0.0333 18.8348 "" "" 5962111800305786624 2748.70337 0.3266 0.0412 -3.29 -5.538 0.051 0.038 1.004 "" "" 15.738639 2.738728 17.271832 14.533104 -23.15 6.26 2482.66431 3069.38965 9538.7482 6.2398 1685.3 14.102 12188.0 19.908 "" "" 0.002845386911963773 0.00950386 0.0041747885 0.0136786485 263.35385872982 -37.93327296052 2748.70337 -3.2900000000000005 -5.538000000000002 -2.874818184375763 -2.8659089927673342 0.23719506 0.22419506 -29.904999999999998 7.355385 52.88818333777813 60.757460132648994 12.20695131661787 11.225724961873865
263.06746344517 -37.65867433673 0.0509 0.0412 6.324 "" "" 5962172067287293056 2406.78589 0.389 0.0517 -0.249 -1.156 0.072 0.047 1.109 6505.2 4.1205 15.73968 1.807777 16.46138 14.653603 "" "" 2140.24976 2759.64307 9529.59779 8.9186 3555.2 34.821 10907.0 384.14 "" "" 0.0029367151752354125 0.010994068 0.03842549 0.04941956 263.06746344517 -37.65867433673 2406.78589 -0.249 -1.1560000000000001 0.16618181562423706 1.516091007232666 0.25819504 0.23319507 "" "" 17.399409180001157 "" 4.062893761953653 ""
263.35272061022 -37.60734418557 0.0424 0.0335 7.6164 "" "" 5962131419715475712 2411.07251 0.3829 0.0424 -0.884 -0.235 0.057 0.041 1.03 8604.3 3.4938 15.740122 1.577904 16.464468 14.886564 "" "" 2210.86279 2681.27637 9525.72688 4.5425 3545.1 19.902 8801.0 17.538 "" "" 0.0028035434158279345 0.0067035286 0.0043548583 0.011058386 263.35272061022 -37.60734418557 2411.07251 -0.8839999999999999 -0.23500000000000007 -0.46881818437576295 2.437091007232666 0.24319506 0.22719505 "" "" 28.362915726874437 "" 6.460656697188417 ""
263.47079934191 -37.57640526965 0.0435 0.0377 13.5282 "" "" 5962504055435147392 2214.73022 0.4271 0.0439 -0.429 -2.948 0.061 0.048 1.115 "" "" 15.742438 1.647906 16.512325 14.864419 "" "" 2029.03772 2419.41748 9505.4188 4.2519 3392.2 12.831 8982.4 22.218 "" "" 0.0027977954054721255 0.004964961 0.004636381 0.009601342 263.47079934191 -37.57640526965 2214.73022 -0.42899999999999994 -2.9479999999999986 -0.013818184375762932 -0.27590899276733394 0.24719507 0.23419505 "" "" 2.900073507604921 "" 0.6792798083697273 ""
263.01843847281 -37.5480913375 0.0386 0.0287 10.3496 "" "" 5962182276475225984 2649.80811 0.3348 0.0392 -0.492 -2.723 0.047 0.034 0.994 "" "" 15.744139 2.007672 16.74115 14.733478 "" "" 2404.61182 2914.83081 9490.54912 5.2572 2747.6 14.98 10134.0 11.379 "" "" 0.0028201970468931478 0.006544092 0.003971144 0.010515236 263.01843847281 -37.5480913375 2649.80811 -0.492 -2.723 -0.07681818437576293 -0.05090899276733385 0.23319507 0.22019506 "" "" 1.1574897840235756 "" 0.26541937442072705 ""
263.29813204358 -37.82352135895 0.0379 0.0301 11.7426 "" "" 5962125131884441088 1880.26855 0.5003 0.0403 8.535 -3.478 0.051 0.04 0.987 7253.5 3.3482 15.745652 2.100422 16.814953 14.714531 "" "" 1742.92786 1997.86169 9477.32783 5.358 2567.1 14.251 10312.0 13.931 "" "" 0.002822864592649446 0.006641842 0.00405403 0.010695872 263.29813204358 -37.82352135895 1880.26855 8.535000000000002 -3.4779999999999984 8.950181815624237 -0.8059089927673342 0.23719506 0.22619507 "" "" 80.09097673031553 "" 18.990261430820507 ""
263.38012418323 -37.32917685919 0.0518 0.043 20.7637 "" "" 5962558549949909248 2409.06299 0.3969 0.0589 -0.173 -1.488 0.071 0.057 1.224 8262.2 3.886 15.748819 1.636665 16.459017 14.822351 "" "" 2139.88306 2831.89746 9449.71734 6.8981 3563.0 25.268 9337.2 49.553 "" "" 0.0028670453183218315 0.008189746 0.006890939 0.015080685 263.38012418323 -37.32917685919 2409.06299 -0.173 -1.488 0.24218181562423707 1.184091007232666 0.25719506 0.24319506 "" "" 13.800998611808103 "" 3.364306546841768 ""
263.08597672417 -37.6594995836 0.0402 0.0322 5.4625 "" "" 5962177740989522944 2255.94971 0.4081 0.0421 -1.156 -0.128 0.055 0.04 1.08 "" "" 15.754063 1.818282 16.616173 14.797891 "" "" 2041.34558 2513.0166 9404.19887 4.7352 3082.8 15.322 9550.0 37.809 "" "" 0.0028090316687073877 0.0060749385 0.0057237013 0.01179864 263.08597672417 -37.6594995836 2255.94971 -1.1560000000000008 -0.128 -0.7408181843757629 2.544091007232666 0.24119505 0.22619507 "" "" 28.33438278490881 "" 6.44332896667756 ""
263.37731982239 -37.79867696326 0.0408 0.031 12.5459 "" "" 5962124792629115776 2570.88599 0.3519 0.0399 -1.012 -3.982 0.053 0.039 1.021 7056.1 3.0148 15.757215 1.810524 16.634396 14.823872 "" "" 2355.2583 2772.61475 9376.92948 4.3105 3031.5 10.99 9324.2 14.649 "" "" 0.002800159725145161 0.004824708 0.0041464902 0.008971198 263.37731982239 -37.79867696326 2570.88599 -1.012 -3.982000000000005 -0.596818184375763 -1.3099089927673342 0.23919506 0.22519507 "" "" 17.541294626437235 "" 3.9935035898582827 ""
262.93761861992 -37.50843090583 0.0392 0.0286 14.8698 "" "" 5962194439822722432 2181.89551 0.419 0.0419 0.116 -2.392 0.051 0.035 0.98 "" "" 15.757216 2.129945 16.832407 14.702462 "" "" 1992.35449 2362.81177 9376.91962 4.6388 2526.1 10.502 10427.0 14.922 "" "" 0.002807184570389091 0.0053065773 0.004086317 0.009392895 262.93761861992 -37.50843090583 2181.89551 0.11600000000000016 -2.392 0.531181815624237 0.2800910072326661 0.23719506 0.22119506 "" "" 6.210523632254479 "" 1.4520664404029515 ""
263.41125924713 -37.8816338761 0.0458 0.0354 17.4414 "" "" 5962112354401837952 2415.60376 0.3862 0.0431 0.638 -3.256 0.054 0.042 1.062 7972.3 4.0613 15.757328 1.465546 16.417498 14.951952 "" "" 2180.59814 2652.97876 9375.95442 3.8957 3701.8 9.7777 8286.6 17.062 "" "" 0.0027920065844782072 0.0040011615 0.004391043 0.0083922045 263.41125924713 -37.8816338761 2415.60376 0.638 -3.2559999999999993 1.053181815624237 -0.5839089927673338 0.24019507 0.22819506 "" "" 13.788253249637556 "" 3.273720533909826 ""
262.94621539568 -37.57704015692 0.0402 0.0315 12.6846 "" "" 5962176396614436096 2225.85278 0.4075 0.0426 -2.233 -1.792 0.051 0.037 1.036 "" "" 15.760142 2.87678 17.374722 14.497942 -61.25 7.35 2058.0542 2475.46851 9351.68203 7.4939 1533.0 14.429 12589.0 43.235 "" "" 0.002889423875891996 0.010593291 0.0053092036 0.015902495 262.94621539568 -37.57704015692 2225.85278 -2.2330000000000005 -1.7920000000000016 -1.817818184375763 0.880091007232666 0.23719506 0.22319506 -68.005 8.445385 21.30849917697304 71.26522407300114 4.998992820008158 8.196468225216407
263.4662868292 -37.63758038886 0.0467 0.0392 12.6905 "" "" 5962503329526168064 2123.89941 0.4375 0.0449 -2.152 -3.498 0.061 0.05 0.96 4757.5 3.2977 15.76076 2.432648 17.070826 14.638178 "" "" 1942.76343 2361.97192 9346.35899 5.0243 2028.1 10.902 11063.0 19.123 "" "" 0.0028164595602479343 0.006469003 0.0042197076 0.010688711 263.4662868292 -37.63758038886 2123.89941 -2.152 -3.498000000000003 -1.736818184375763 -0.8259089927673342 0.24719507 0.23619506 "" "" 19.36130700497067 "" 4.747460322507074 ""
263.01091090023 -37.59608486385 0.0408 0.031 9.4055 "" "" 5962175438887234560 2189.8667 0.4205 0.0417 1.85 0.057 0.051 0.037 1.083 8473.1 3.3871 15.760864 1.55564 16.471449 14.915809 "" "" 2039.21375 2367.41528 9345.46574 3.9323 3522.4 12.711 8567.1 12.41 "" "" 0.0027929371317823486 0.004809973 0.0040935683 0.008903541 263.01091090023 -37.59608486385 2189.8667 1.85 0.05700000000000014 2.265181815624237 2.729091007232666 0.23719506 0.22319506 "" "" 36.81449477188287 "" 8.430855280424812 ""
263.0360690748 -37.79244398643 0.0431 0.0334 11.8005 "" "" 5962170246220157824 2582.59814 0.3353 0.0441 1.163 0.298 0.069 0.046 1.032 "" "" 15.761265 2.964476 17.482512 14.518036 -20.28 11.85 2300.33301 2910.68677 9342.02228 6.7947 1388.1 10.329 12358.0 24.004 "" "" 0.0028662503826680477 0.0085473135 0.0043279626 0.012875276 263.0360690748 -37.79244398643 2582.59814 1.163 0.298 1.578181815624237 2.970091007232666 0.25519505 0.23219506 -27.035 12.945385 41.172454982390505 49.25507358919457 9.776418179584661 10.829170619968393
263.1388871328 -37.51842079104 0.0459 0.0347 8.0692 "" "" 5962183234207977600 2131.71875 0.4293 0.0474 0.215 -2.714 0.057 0.043 1.171 "" "" 15.761284 2.342573 16.96878 14.626207 "" "" 1938.11584 2356.92627 9341.85641 6.8918 2227.9 17.333 11186.0 47.111 "" "" 0.0028693840105178193 0.008895888 0.005932388 0.014828276 263.1388871328 -37.51842079104 2131.71875 0.2150000000000001 -2.7139999999999995 0.630181815624237 -0.04190899276733395 0.24319506 0.22919506 "" "" 6.381640908923291 "" 1.5516014072883415 ""
263.20332989081 -37.36045825184 0.0431 0.0342 17.0193 "" "" 5962560508459683200 1916.81409 0.4801 0.0435 -0.885 -1.204 0.058 0.045 0.942 6801.7 3.6927 15.762175 2.535027 17.107237 14.57221 -15.37 7.97 1774.4054 2074.95557 9334.19421 5.9202 1961.2 32.099 11756.0 84.168 "" "" 0.0028400697297968607 0.01798798 0.008643476 0.026631456 263.20332989081 -37.36045825184 1916.81409 -0.885 -1.2040000000000006 -0.46981818437576295 1.468091007232666 0.24419506 0.23119506 -22.125 9.065384 14.00500960782037 26.185032348942034 3.2552317505262174 7.855158618541735
263.5630289856 -37.66318796643 0.0438 0.0337 17.3158 "" "" 5962490960020307840 2506.45801 0.3511 0.0448 1.147 -1.693 0.058 0.04 1.016 4775.2 2.7588 15.763907 2.896688 17.422188 14.5255 12.68 7.46 2265.40771 2900.85376 9319.3074 5.5183 1467.4 7.4817 12273.0 17.151 "" "" 0.0028293311339009676 0.0061991545 0.004072571 0.010271726 263.5630289856 -37.66318796643 2506.45801 1.147 -1.693 1.562181815624237 0.979091007232666 0.24419506 0.22619507 5.925 8.555385 21.90364298900267 22.690861622901977 5.240571778445247 5.530068754308756
263.08556850808 -37.63535732273 0.041 0.0304 5.4294 "" "" 5962177981508312576 1968.20862 0.4769 0.0425 -0.491 -1.401 0.056 0.037 0.926 "" "" 15.764802 1.747855 16.59429 14.846435 "" "" 1792.92126 2154.39014 9311.63767 4.5599 3145.6 12.856 9132.4 19.615 "" "" 0.0028061498899687558 0.0052416977 0.004440938 0.009682636 263.08556850808 -37.63535732273 1968.20862 -0.491 -1.401 -0.07581818437576293 1.271091007232666 0.24219507 0.22319506 "" "" 11.87947735217024 "" 2.6522748085161854 ""
262.96113259335 -37.80372064024 0.0392 0.0318 14.8154 "" "" 5962169494652221568 2342.82715 0.3927 0.0444 -0.146 -2.528 0.052 0.038 1.034 7642.6 2.9646 15.765512 1.997726 16.759825 14.762099 "" "" 2136.25244 2545.15747 9305.55014 4.7152 2700.8 8.9228 9870.0 12.141 "" "" 0.002809707484475137 0.004544416 0.0040084203 0.008552836 262.96113259335 -37.80372064024 2342.82715 -0.1459999999999999 -2.5279999999999974 0.26918181562423704 0.144091007232666 0.23819506 0.22419506 "" "" 3.390592738173726 "" 0.7972949562600646 ""
263.01783865069 -37.78418449835 0.0358 0.0298 12.035 "" "" 5962170319285900032 2733.69287 0.3307 0.039 -3.216 -3.915 0.05 0.036 0.928 "" "" 15.767418 3.212425 17.675756 14.463331 "" "" 2425.90942 3237.21729 9289.22596 5.3347 1161.8 8.8909 12996.0 18.101 "" "" 0.0028249910508212793 0.008764777 0.004070695 0.012835473 263.01783865069 -37.78418449835 2733.69287 -3.2159999999999984 -3.9149999999999974 -2.800818184375763 -1.242908992767334 0.23619506 0.22219506 "" "" 39.705174037673764 "" 9.288995671280528 ""
263.27584443401 -37.94157324523 0.0433 0.0329 18.2139 "" "" 5962117851960802432 2042.36755 0.4596 0.0426 1.312 -0.875 0.054 0.041 1.088 9804.4 4.3973 15.771099 1.561548 16.47386 14.912312 "" "" 1874.42517 2250.30054 9257.78179 4.8614 3514.6 14.015 8594.8 18.299 "" "" 0.00281368883198077 0.0051507223 0.004430271 0.009580994 263.27584443401 -37.94157324523 2042.36755 1.312 -0.875 1.7271818156242371 1.797091007232666 0.24019507 0.22719505 "" "" 24.12971508529514 "" 5.634954998919594 ""
263.12689788096 -37.8242740005 0.1291 0.0783 11.3437 "" "" 5962122868483074816 2748.96973 0.3411 0.1056 -2.016 -3.903 0.169 0.082 0.7 "" "" 15.772011 "" "" "" "" "" 2160.77222 3880.55542 9250.01406 53.761 "" "" "" "" "" "" 0.006885603597691462 "" "" "" 263.12689788096 -37.8242740005 2748.96973 -2.016 -3.9029999999999996 -1.600818184375763 -1.230908992767334 0.35519505 0.26819506 "" "" 26.312305738454388 "" 8.567147365535531 ""
263.29228366715 -37.96620911896 0.1355 0.0898 19.8231 "" "" 5962105997849142144 2398.95776 0.4015 0.0565 -0.137 0.117 0.172 0.121 0.938 "" "" 15.773083 "" "" "" "" "" 2134.4895 2684.43091 9240.88429 8.7076 "" "" "" "" "" "" 0.002939129177922999 "" "" "" 263.29228366715 -37.96620911896 2398.95776 -0.13700000000000012 0.117 0.27818181562423705 2.789091007232666 0.35819507 0.30719507 "" "" 31.872278884388454 "" 9.80833151045876 ""
263.02504301193 -37.48458131119 0.039 0.0292 12.6607 "" "" 5962182993683401088 2577.61401 0.3449 0.0405 -2.104 -3.682 0.052 0.036 0.976 "" "" 15.773917 2.07231 16.817053 14.744742 "" "" 2279.86304 2892.61011 9233.78741 4.3369 2562.1 10.036 10029.0 17.159 "" "" 0.00280211240319803 0.0050865035 0.004211236 0.00929774 263.02504301193 -37.48458131119 2577.61401 -2.104 -3.681999999999999 -1.688818184375763 -1.009908992767334 0.23819506 0.22219506 "" "" 24.041700982164393 "" 5.627841814011891 ""
263.30333264751 -37.97181776927 0.0425 0.032 20.2723 "" "" 5962105963489469312 2409.45874 0.3761 0.0398 2.003 -2.732 0.052 0.037 0.953 9201.7 3.6044 15.774794 1.596996 16.511324 14.914328 "" "" 2220.31055 2605.87866 9226.33888 4.2115 3395.4 15.352 8578.8 13.878 "" "" 0.002799537325648826 0.0056465846 0.0041675754 0.00981416 263.30333264751 -37.97181776927 2409.45874 2.003 -2.732000000000001 2.418181815624237 -0.05990899276733419 0.23819506 0.22319506 "" "" 27.626128285075172 "" 6.580161144221252 ""
