Clusters/UFMG_22/UFMG_22_stars_in_region.tsv
# %ECSV 1.0
# ---
# datatype:
# - name: RA_ICRS_1
#   unit: deg
#   datatype: float64
#   format: '{:15.11f}'
#   description: Right ascension (ICRS) at Ep=2016.0 (ra)
#   meta: !!omap
#   - {ucd: POS_EQ_RA_MAIN}
#   - {width: 15}
#   - {precision: '11'}
# - name: DE_ICRS_1
#   unit: deg
#   datatype: float64
#   format: '{:15.11f}'
#   description: Declination (ICRS) at Ep=2016.0 (dec)
#   meta: !!omap
#   - {ucd: POS_EQ_DEC_MAIN}
#   - {width: 15}
#   - {precision: '11'}
# - name: e_RA_ICRS
#   unit: mas
#   datatype: float64
#   format: '{:7.4f}'
#   description: Standard error of right ascension (ra_error)
#   meta: !!omap
#   - {ucd: ERROR}
#   - {width: 7}
#   - {precision: '4'}
# - name: e_DE_ICRS
#   unit: mas
#   datatype: float64
#   format: '{:7.4f}'
#   description: Standard error of declination (dec_error)
#   meta: !!omap
#   - {ucd: ERROR}
#   - {width: 7}
#   - {precision: '4'}
# - name: _r_1
#   unit: ''
#   datatype: float64
#   format: '{:7.4f}'
#   description: Distance from center (263.19930880000-37.64409481000)[ICRS], at Epoch=J2016.0
#   meta: !!omap
#   - {ucd: POS_ANG_DIST_GENERAL}
#   - {width: 7}
#   - {precision: '4'}
# - name: HIP
#   datatype: int32
#   description: '? HIP cross-id number, van Leeuwen, Cat. I/311 (hip_original_ext_source_id)'
#   meta: !!omap
#   - {ucd: ID_NUMBER}
#   - {width: 6}
#   - values: {'null': -2147483648}
# - name: TYC2
#   datatype: string
#   description: Tycho-2 cross-id name, Hog et al., Cat. I/259 (tyc2_original_ext_source_id)
#   meta: !!omap
#   - {ucd: ID_CROSSID}
#   - {_votable_string_dtype: char}
# - name: Source
#   datatype: int64
#   description: Source identifier, identical to the Gaia-EDR3 source_id (id)
#   meta: !!omap
#   - {ucd: ID_MAIN}
#   - {width: 19}
# - name: rgeo
#   unit: pc
#   datatype: float64
#   format: '{:15.8f}'
#   description: '? Median of the geometric distance posterior (r_med_geo)'
#   meta: !!omap
#   - {ucd: PHYS_DISTANCE_TRUE}
#   - {width: 15}
#   - {precision: '8'}
#   - values: {'null': .nan}
# - name: Plx
#   unit: mas
#   datatype: float64
#   format: '{:9.4f}'
#   description: '? Parallax (parallax)'
#   meta: !!omap
#   - {ucd: POS_PARLX_TRIG}
#   - {width: 9}
#   - {precision: '4'}
#   - values: {'null': .nan}
# - name: e_Plx
#   unit: mas
#   datatype: float32
#   format: '{:7.4f}'
#   description: '? Standard error of parallax (parallax_error)'
#   meta: !!omap
#   - {ucd: ERROR}
#   - {width: 7}
#   - {precision: '4'}
#   - values: {'null': .nan}
# - name: pmRA
#   unit: mas / yr
#   datatype: float64
#   format: '{:9.3f}'
#   description: '? Proper motion in right ascension direction, pmRA*cosDE (pmra)'
#   meta: !!omap
#   - {ucd: POS_EQ_PMRA}
#   - {width: 9}
#   - {precision: '3'}
#   - values: {'null': .nan}
# - name: pmDE
#   unit: mas / yr
#   datatype: float64
#   format: '{:9.3f}'
#   description: '? Proper motion in declination direction (pmdec)'
#   meta: !!omap
#   - {ucd: POS_EQ_PMDEC}
#   - {width: 9}
#   - {precision: '3'}
#   - values: {'null': .nan}
# - name: e_pmRA
#   unit: mas / yr
#   datatype: float32
#   format: '{:6.3f}'
#   description: '? Standard error of proper motion in right ascension direction (pmra_error)'
#   meta: !!omap
#   - {ucd: ERROR}
#   - {width: 6}
#   - {precision: '3'}
#   - values: {'null': .nan}
# - name: e_pmDE
[...]
#         value: !astropy.table.SerializedColumn {name: SkyCoord.dec}
#       distance: !astropy.table.SerializedColumn
#         __class__: astropy.coordinates.distances.Distance
#         unit: !astropy.units.Unit {unit: pc}
#         value: !astropy.table.SerializedColumn {name: SkyCoord.distance}
#       frame: icrs
#       obstime: !astropy.time.Time {format: jyear_str, in_subfmt: '*', jd1: 367701545.0, jd2: 0.0, out_subfmt: '*', precision: 3, scale: tt}
#       pm_dec: !astropy.table.SerializedColumn
#         __class__: astropy.units.quantity.Quantity
#         unit: !astropy.units.Unit {unit: mas / yr}
#         value: !astropy.table.SerializedColumn {name: SkyCoord.pm_dec}
#       pm_ra_cosdec: !astropy.table.SerializedColumn
#         __class__: astropy.units.quantity.Quantity
#         unit: !astropy.units.Unit {unit: mas / yr}
#         value: !astropy.table.SerializedColumn {name: SkyCoord.pm_ra_cosdec}
#       ra: !astropy.table.SerializedColumn
#         __class__: astropy.coordinates.angles.Longitude
#         unit: *id001
#         value: !astropy.table.SerializedColumn {name: SkyCoord.ra}
#         wrap_angle: !astropy.coordinates.Angle
#           unit: *id001
#           value: 360.0
#       representation_type: spherical
# schema: astropy-2.0
RA_ICRS_1 DE_ICRS_1 e_RA_ICRS e_DE_ICRS _r_1 HIP TYC2 Source rgeo Plx e_Plx pmRA pmDE e_pmRA e_pmDE RUWE Teff logg Gmag BP-RP BPmag RPmag RV e_RV b_rgeo B_rgeo FG e_FG FBP e_FBP FRP e_FRP RAVE5 RAVE6 e_Gmag e_BPmag e_RPmag e_BP-RP SkyCoord.ra SkyCoord.dec SkyCoord.distance SkyCoord.pm_ra_cosdec SkyCoord.pm_dec rmRA rmDE e_rmRA e_rmDE rRV e_rRV v_pec v_pec3d e_vpec e_vpec3d
[from data line 749]
263.56908178934 -37.55555497407 0.0465 0.0386 18.3633 "" "" 5962505464184099584 2146.32812 0.4365 0.0528 -1.538 -1.952 0.06 0.044 1.021 5126.7 2.9249 15.775111 2.524276 17.150202 14.625926 "" "" 1904.93115 2404.03394 9223.64149 5.4947 1885.1 14.435 11189.0 33.947 "" "" 0.0028302176038483527 0.00876964 0.0050134524 0.013783092 263.56908178934 -37.55555497407 2146.32812 -1.538 -1.9520000000000002 -1.122818184375763 0.7200910072326661 0.24619506 0.23019506 "" "" 13.57041584056945 "" 3.279176431653516 ""
262.84751389423 -37.85394750143 0.0375 0.0295 20.9066 "" "" 5962148569569112192 2089.71753 0.4458 0.0428 -0.466 -2.94 0.051 0.037 1.044 8995.2 3.511 15.775261 1.548753 16.47395 14.925197 "" "" 1950.14746 2278.10474 9222.37031 4.763 3514.3 11.359 8493.4 17.05 "" "" 0.002811800119078577 0.004483361 0.004362817 0.008846178 262.84751389423 -37.85394750143 2089.71753 -0.4660000000000001 -2.9399999999999995 -0.050818184375762965 -0.26790899276733393 0.23719506 0.22319506 "" "" 2.701027146314129 "" 0.604208905651153 ""
262.74122151547 -37.61948797706 0.0387 0.0301 21.817 "" "" 5962186949399791232 2167.36768 0.4144 0.0431 -3.574 -3.324 0.049 0.038 1.05 8500.2 3.4014 15.775304 3.0527 17.553917 14.501217 "" "" 1966.55762 2392.74243 9222.00319 6.5165 1299.7 11.668 12551.0 13.094 "" "" 0.002860139568011199 0.010138637 0.003945473 0.01408411 262.74122151547 -37.61948797706 2167.36768 -3.5740000000000016 -3.324000000000003 -3.158818184375763 -0.6519089927673338 0.23519506 0.22419506 "" "" 33.13543601454378 "" 7.778735296273609 ""
263.18321981916 -37.61528024219 0.0388 0.0311 1.8904 "" "" 5962177603550515200 2551.07666 0.3585 0.0416 1.124 -3.787 0.052 0.037 0.879 5164.1 3.4663 15.777328 2.120895 16.84852 14.727625 "" "" 2289.98755 2919.38525 9204.81956 4.5134 2488.9 10.735 10188.0 33.771 "" "" 0.002806279791288313 0.005451147 0.005218848 0.010669995 263.18321981916 -37.61528024219 2551.07666 1.1239999999999997 -3.7869999999999995 1.5391818156242372 -1.114908992767334 0.23819506 0.22319506 "" "" 22.981686571249742 "" 5.357998499435226 ""
262.82447376197 -37.64314312387 0.0392 0.0298 17.8083 "" "" 5962186227845201920 2231.01367 0.3859 0.0393 0.902 -1.861 0.049 0.035 1.004 9258.4 3.5823 15.777779 3.006657 17.51049 14.503834 -78.4 6.11 2058.89868 2470.23633 9201.00756 4.3522 1352.8 16.61 12521.0 38.628 "" "" 0.002802773849017505 0.013619789 0.0050500757 0.018669864 262.82447376197 -37.64314312387 2231.01367 0.9019999999999988 -1.861 1.3171818156242372 0.811091007232666 0.23519506 0.22119506 -85.155 7.2053847 16.358259395422774 86.7119753866093 3.7857989902988054 7.1119579111899
263.26199212686 -37.79897701957 0.0435 0.0343 9.7575 "" "" 5962125372402642816 2036.22656 0.4637 0.0466 -3.441 0.81 0.058 0.042 1.096 5817.6 3.7097 15.778751 2.135723 16.881933 14.74621 "" "" 1852.47595 2279.45703 9192.76542 4.3949 2413.5 9.5513 10016.0 12.602 "" "" 0.0028037875356374145 0.0051231883 0.0040186867 0.009141875 263.26199212686 -37.79897701957 2036.22656 -3.440999999999997 0.8099999999999999 -3.0258181843757628 3.482091007232666 0.24419506 0.22819506 "" "" 44.524155929942545 "" 10.472625238155201 ""
263.41366996338 -37.42353132081 0.0441 0.0382 16.708 "" "" 5962557038157306880 2571.05737 0.3616 0.051 0.628 1.31 0.059 0.045 0.985 8897.3 4.1471 15.778944 1.874978 16.692657 14.817679 "" "" 2256.29175 3018.02124 9191.13885 4.5142 2873.1 9.6325 9377.5 36.273 "" "" 0.002806448184465366 0.004586429 0.0056499033 0.010236332 263.41366996338 -37.42353132081 2571.05737 0.628 1.3100000000000003 1.0431818156242372 3.982091007232666 0.24519506 0.23119506 "" "" 50.16657441658163 "" 11.644641079232764 ""
263.20581736668 -37.68442644481 0.0386 0.0305 2.4396 "" "" 5962130182765337472 2202.86865 0.4209 0.0404 -1.241 -3.804 0.054 0.042 1.047 "" "" 15.782432 1.799903 16.64302 14.843118 "" "" 2036.06604 2400.55737 9161.66126 4.5242 3007.5 10.308 9160.3 15.249 "" "" 0.0028070008144212683 0.004651131 0.0041893255 0.008840457 263.20581736668 -37.68442644481 2202.86865 -1.2410000000000003 -3.8040000000000003 -0.825818184375763 -1.1319089927673338 0.24019507 0.22819506 "" "" 14.63014105659173 "" 3.4005402371857985 ""
263.30927574066 -37.38519705489 0.0472 0.0394 16.3918 "" "" 5962556935078575616 2171.66284 0.438 0.0444 -1.403 -3.454 0.061 0.052 0.971 7979.3 3.9417 15.784448 1.488158 16.458698 14.97054 "" "" 1946.44299 2415.13623 9144.66366 4.2467 3564.0 16.425 8146.0 19.391 "" "" 0.0028010735850160823 0.005729061 0.004578589 0.01030765 263.30927574066 -37.38519705489 2171.66284 -1.4029999999999991 -3.453999999999999 -0.987818184375763 -0.7819089927673342 0.24719507 0.23819506 "" "" 12.968268014507407 "" 3.1612433583462844 ""
262.77691965771 -37.56401754717 0.0419 0.0322 20.645 "" "" 5962187499155630080 2251.39868 0.3873 0.0456 -0.61 -4.095 0.053 0.037 1.055 15003.6 3.5697 15.784675 3.107639 17.611225 14.503586 -40.3 10.41 2053.0708 2521.25635 9142.75397 5.8407 1232.9 5.7809 12523.0 20.457 "" "" 0.0028412809101825633 0.0058053415 0.004174855 0.009980196 262.77691965771 -37.56401754717 2251.39868 -0.6099999999999999 -4.094999999999999 -0.19481818437576293 -1.4229089927673337 0.23919506 0.22319506 -47.055 11.505384 15.32642257146398 49.48810214424353 3.4254526870756625 10.991034797198289
263.57347284671 -37.6177961525 0.0522 0.0409 17.8492 "" "" 5962504291598895104 2779.65918 0.3402 0.0533 -1.571 -3.41 0.067 0.047 1.154 9393.3 4.1308 15.786749 1.798899 16.643526 14.844627 "" "" 2372.8396 3429.54663 9125.3035 4.7074 3006.1 17.685 9147.6 37.077 "" "" 0.002811670427588433 0.006970241 0.005800852 0.012771093 263.57347284671 -37.6177961525 2779.65918 -1.5710000000000013 -3.41 -1.155818184375763 -0.7379089927673341 0.25319505 0.23319507 "" "" 18.067494888120752 "" 4.472968849190949 ""
263.47132006993 -37.6445296444 0.0439 0.0369 12.923 "" "" 5962503265159249024 2232.01416 0.4103 0.0447 -1.207 -3.786 0.055 0.043 1.094 5041.0 3.5404 15.788187 1.985856 16.782938 14.797082 "" "" 2036.24756 2467.40137 9113.22439 4.1807 2643.9 14.354 9557.1 12.368 "" "" 0.002799977768616735 0.0065215817 0.004032114 0.010553695 263.47132006993 -37.6445296444 2232.01416 -1.2070000000000014 -3.7860000000000005 -0.791818184375763 -1.113908992767334 0.24119505 0.22919506 "" "" 14.458954841550101 "" 3.3731595179107474 ""
262.99846924697 -37.77862183719 0.0425 0.0342 12.4912 "" "" 5962169597731430912 2718.59644 0.3134 0.0464 1.581 0.935 0.055 0.04 1.107 "" "" 15.789698 2.914997 17.471989 14.556992 -28.77 8.36 2407.18164 3087.82153 9100.54849 6.0493 1401.6 9.2159 11922.0 12.362 "" "" 0.002848271879281774 0.0076648886 0.003943497 0.0116083855 262.99846924697 -37.77862183719 2718.59644 1.581 0.935 1.996181815624237 3.607091007232666 0.24119505 0.22619507 -35.525 9.455384 53.12445610778177 63.9080078061242 12.207987071749868 11.42843436621917
263.01227656505 -37.30866917778 0.0395 0.0293 22.0079 "" "" 5962201307417832320 2126.13965 0.4324 0.0406 -2.016 -2.082 0.048 0.038 0.942 "" "" 15.789738 2.442466 17.101238 14.658772 "" "" 1938.52283 2530.90088 9100.2169 5.9842 1972.1 13.854 10855.0 17.927 "" "" 0.002846320348118872 0.008121618 0.0041831685 0.012304787 263.01227656505 -37.30866917778 2126.13965 -2.016 -2.082 -1.600818184375763 0.5900910072326662 0.23419505 0.22419506 "" "" 17.19405335857231 "" 4.006582455891586 ""
263.54184430681 -37.86347541621 0.0443 0.036 20.9119 "" "" 5962113346492912000 2330.73804 0.3859 0.0451 0.304 -1.016 0.057 0.043 0.986 6552.1 3.0157 15.790321 2.198908 16.899937 14.701029 "" "" 2055.11035 2606.09839 9095.32452 5.6297 2373.8 21.353 10441.0 30.135 "" "" 0.00283609226914705 0.010157245 0.004909544 0.015066789 263.54184430681 -37.86347541621 2330.73804 0.30400000000000005 -1.0160000000000005 0.7191818156242371 1.656091007232666 0.24319506 0.22919506 "" "" 19.946710035638635 "" 4.617122371331304 ""
263.5691724864 -37.42627552522 0.0485 0.0383 21.9198 "" "" 5962515291006141568 2402.53125 0.3739 0.0576 -0.63 -3.807 0.069 0.048 0.996 "" "" 15.79052 "" "" "" "" "" 2167.21338 2706.93872 9093.66161 7.6199 "" "" "" "" "" "" 0.00290163453177871 "" "" "" 263.5691724864 -37.42627552522 2402.53125 -0.63 -3.8069999999999973 -0.21481818437576294 -1.134908992767334 0.25519505 0.23419505 "" "" 13.153829349684921 "" 3.090528423668885 ""
263.1625898525 -37.73578476378 0.041 0.0313 5.771 "" "" 5962129637352378752 2344.25 0.3875 0.0409 -0.733 -3.386 0.057 0.04 1.058 "" "" 15.790804 1.376314 16.38974 15.013426 "" "" 2142.948 2593.57202 9091.28677 4.8259 3797.7 10.18 7830.5 14.438 "" "" 0.0028149520241989036 0.004031802 0.0042768354 0.008308638 263.1625898525 -37.73578476378 2344.25 -0.733 -3.386 -0.3178181843757629 -0.7139089927673341 0.24319506 0.22619507 "" "" 8.68334668525374 "" 1.9893029116710463 ""
263.49536194399 -37.36570581854 0.0435 0.0353 21.8534 "" "" 5962510785581289472 2173.95947 0.4258 0.0545 -2.571 -6.455 0.058 0.042 0.968 4700.3 3.2221 15.794001 2.302293 17.016567 14.714274 "" "" 1973.24158 2415.11353 9064.5553 4.9672 2132.0 15.591 10315.0 16.606 "" "" 0.0028188241336051002 0.008415813 0.004164004 0.012579817 263.49536194399 -37.36570581854 2173.95947 -2.5709999999999975 -6.455000000000002 -2.155818184375763 -3.782908992767334 0.24419506 0.22819506 "" "" 44.86684176633788 "" 10.418955061462844 ""
263.45946333563 -37.85028748024 0.0488 0.0398 17.4755 "" "" 5962113934949798528 1936.91479 0.4789 0.0417 2.413 -1.147 0.058 0.045 1.026 7798.6 3.9898 15.795406 1.538274 16.487146 14.948873 "" "" 1774.86865 2105.63086 9052.82955 4.8782 3471.8 16.943 8310.2 18.323 "" "" 0.0028167504832066316 0.0059883264 0.004473765 0.010462091 263.45946333563 -37.85028748024 1936.91479 2.4130000000000025 -1.1469999999999998 2.828181815624237 1.525091007232666 0.24419506 0.23119506 "" "" 29.500113442101476 "" 7.119189903200476 ""
263.36954820319 -37.97695718284 0.0431 0.0317 21.5405 "" "" 5962105070136095488 2051.58374 0.4692 0.0421 2.052 -1.734 0.055 0.039 0.964 6789.2 4.0001 15.795854 1.549853 16.5148 14.964946 "" "" 1870.05505 2242.83545 9049.0947 4.2622 3384.5 14.162 8188.0 21.103 "" "" 0.0028023757845428553 0.00533151 0.004702561 0.010034071 263.36954820319 -37.97695718284 2051.58374 2.052 -1.734 2.467181815624237 0.938091007232666 0.24119505 0.22519507 "" "" 25.667910823542687 "" 6.140614336333791 ""
263.31761926987 -37.7382136482 0.0365 0.0297 7.9652 "" "" 5962125960860297216 2133.65991 0.4366 0.0385 -0.397 -0.058 0.05 0.04 0.925 7485.9 4.0133 15.797399 1.689895 16.594719 14.904824 "" "" 1945.45996 2359.37842 9036.23433 3.9983 3144.3 12.757 8654.2 11.99 "" "" 0.002796888150588879 0.0052143396 0.004067734 0.009282073 263.31761926987 -37.7382136482 2133.65991 -0.397 -0.057999999999999996 0.01818181562423704 2.614091007232666 0.23619506 0.22619507 "" "" 26.438374281296085 "" 5.980242918331257 ""
263.16807122748 -37.86024593074 0.0359 0.0282 13.0535 "" "" 5962121837690913024 1922.37061 0.4807 0.0378 -2.202 -0.388 0.05 0.035 1.024 4908.5 3.447 15.797544 2.021213 16.825018 14.803805 "" "" 1775.09998 2043.17712 9035.02643 4.1998 2543.4 9.8101 9498.1 19.505 "" "" 0.0028011604654837245 0.0050321454 0.004388051 0.0094201965 263.16807122748 -37.86024593074 1922.37061 -2.202 -0.388 -1.786818184375763 2.284091007232666 0.23619506 0.22119506 "" "" 26.42457798218062 "" 5.998549647976551 ""
262.83058013223 -37.74778434331 0.0396 0.0295 18.5784 "" "" 5962173377302911104 2183.57153 0.4298 0.0429 -2.018 -2.912 0.052 0.035 1.002 7981.0 3.7023 15.798008 1.848217 16.696596 14.848379 "" "" 1998.44775 2424.25195 9031.15875 4.363 2862.7 11.831 9116.0 22.444 "" "" 0.002804802251736724 0.005283891 0.0046291854 0.009913077 262.83058013223 -37.74778434331 2183.57153 -2.018 -2.912000000000001 -1.6028181843757627 -0.2399089927673339 0.23819506 0.22119506 "" "" 16.77417944021243 "" 3.989496403975552 ""
263.01326401737 -37.68622599522 0.0394 0.0317 9.1908 "" "" 5962171590596402048 2121.23901 0.4515 0.0427 -1.379 -3.462 0.052 0.037 0.944 7199.3 3.2488 15.800295 1.716838 16.623692 14.906854 "" "" 1954.35339 2328.94922 9012.15786 4.7985 3061.5 9.8232 8638.1 12.139 "" "" 0.0028153127754919215 0.004463333 0.0040757456 0.008539079 263.01326401737 -37.68622599522 2121.23901 -1.3790000000000002 -3.4620000000000006 -0.9638181843757629 -0.7899089927673342 0.23819506 0.22319506 "" "" 12.529678598675465 "" 2.910450093610897 ""
263.1770445619 -37.3041414022 0.0453 0.0352 20.4247 "" "" 5962572568759541376 1986.11145 0.4603 0.0467 -0.553 -3.496 0.062 0.045 0.96 7583.8 2.7746 15.800414 3.140655 17.642849 14.502194 -36.7 5.84 1805.17859 2201.73926 9011.16702 6.1314 1197.5 12.392 12540.0 38.548 "" "" 0.0028526399287702522 0.01157671 0.0050421236 0.016618833 263.1770445619 -37.3041414022 1986.11145 -0.5529999999999999 -3.4959999999999996 -0.137818184375763 -0.823908992767334 0.24819505 0.23119506 -43.455000000000005 6.9353848 7.864183267994483 44.16086959597382 1.8219291374130868 6.8322373018365266
263.25970594927 -37.95910571493 0.0416 0.0321 19.1163 "" "" 5962117435302843776 2602.43604 0.3552 0.0411 -1.493 -4.564 0.052 0.04 1.092 7380.0 3.2179 15.801154 1.598848 16.535158 14.93631 "" "" 2298.82935 2841.71484 9005.02522 4.4804 3321.6 5.603 8406.9 17.287 "" "" 0.002807776270601468 0.0033375584 0.0043895515 0.00772711 263.25970594927 -37.95910571493 2602.43604 -1.4929999999999999 -4.564 -1.077818184375763 -1.891908992767334 0.23819506 0.22619507 "" "" 26.859252301548125 "" 6.155967436543446 ""
263.42321673792 -37.6803198882 0.042 0.0345 10.8549 "" "" 5962127850646073088 2244.6936 0.4078 0.0426 -0.161 -2.652 0.054 0.042 0.887 "" "" 15.804588 1.383015 16.42033 15.037315 "" "" 2056.42798 2520.89624 8976.58991 3.9485 3692.2 12.388 7660.1 19.656 "" "" 0.002796403214686568 0.00458861 0.004695281 0.009283891 263.42321673792 -37.6803198882 2244.6936 -0.16100000000000017 -2.652 0.25418181562423703 0.02009100723266588 0.24019507 0.22819506 "" "" 2.7128908462827708 "" 0.6514258877972884 ""
262.78922435461 -37.70617988819 0.0395 0.0301 19.8277 "" "" 5962185433225439616 1931.10388 0.492 0.0435 -0.576 -1.069 0.05 0.035 0.964 8943.8 3.9353 15.804749 1.75208 16.617468 14.865388 "" "" 1763.63318 2121.52637 8975.26778 4.477 3079.1 18.564 8974.4 28.666 "" "" 0.002808042048142175 0.007115784 0.005129438 0.012245222 262.78922435461 -37.70617988819 1931.10388 -0.5759999999999995 -1.0690000000000004 -0.1608181843757629 1.603091007232666 0.23619506 0.22119506 "" "" 14.747435969103895 "" 3.264337882879992 ""
263.26865712274 -37.40209253946 0.0456 0.0378 14.8904 "" "" 5962559370252616576 2506.96411 0.3765 0.0448 0.057 -2.809 0.059 0.048 1.052 "" "" 15.80479 1.62231 16.562794 14.940484 "" "" 2260.58228 2802.60913 8974.91883 4.1953 3238.2 11.49 8374.6 16.873 "" "" 0.002801672760876133 0.00475675 0.0043668044 0.009123554 263.26865712274 -37.40209253946 2506.96411 0.05700000000000005 -2.809 0.47218181562423706 -0.13690899276733415 0.24519506 0.23419505 "" "" 5.842040309776172 "" 1.4275592809453042 ""
263.18687495151 -37.30393745118 0.0453 0.0369 20.418 "" "" 5962572942349320832 1909.52234 0.4771 0.046 1.162 -2.717 0.061 0.046 1.016 "" "" 15.80578 2.278341 16.997156 14.718815 "" "" 1746.80615 2108.70752 8966.74112 9.0315 2170.5 8.9032 10271.0 28.714 "" "" 0.002964405693632517 0.00525543 0.004847363 0.010102794 263.18687495151 -37.30393745118 1909.52234 1.1619999999999997 -2.717 1.577181815624237 -0.044908992767334066 0.24719507 0.23219506 "" "" 14.281072826079196 "" 3.530042445669996 ""
