Clusters/Collinder_106/Collinder_106_members.tsv
# %ECSV 1.0
# ---
# datatype:
# - name: RA_ICRS_1
#   unit: deg
#   datatype: float64
#   format: '{:15.11f}'
#   description: Right ascension (ICRS) at Ep=2016.0 (ra)
#   meta: !!omap
#   - {ucd: POS_EQ_RA_MAIN}
#   - {width: 15}
#   - {precision: '11'}
# - name: DE_ICRS_1
#   unit: deg
#   datatype: float64
#   format: '{:15.11f}'
#   description: Declination (ICRS) at Ep=2016.0 (dec)
#   meta: !!omap
#   - {ucd: POS_EQ_DEC_MAIN}
#   - {width: 15}
#   - {precision: '11'}
# - name: e_RA_ICRS
#   unit: mas
#   datatype: float64
#   format: '{:7.4f}'
#   description: Standard error of right ascension (ra_error)
#   meta: !!omap
#   - {ucd: ERROR}
#   - {width: 7}
#   - {precision: '4'}
# - name: e_DE_ICRS
#   unit: mas
#   datatype: float64
#   format: '{:7.4f}'
#   description: Standard error of declination (dec_error)
#   meta: !!omap
#   - {ucd: ERROR}
#   - {width: 7}
#   - {precision: '4'}
# - name: _r_1
#   unit: ''
#   datatype: float64
#   format: '{:7.4f}'
#   description: Distance from center (099.20190653000+05.93079414000)[ICRS], at Epoch=J2016.0
#   meta: !!omap
#   - {ucd: POS_ANG_DIST_GENERAL}
#   - {width: 7}
#   - {precision: '4'}
# - name: HIP
#   datatype: int32
#   description: '? HIP cross-id number, van Leeuwen, Cat. I/311 (hip_original_ext_source_id)'
#   meta: !!omap
#   - {ucd: ID_NUMBER}
#   - {width: 6}
#   - values: {'null': -2147483648}
# - name: TYC2
#   datatype: string
#   description: Tycho-2 cross-id name, Hog et al., Cat. I/259 (tyc2_original_ext_source_id)
#   meta: !!omap
#   - {ucd: ID_CROSSID}
#   - {_votable_string_dtype: char}
# - name: Source
#   datatype: int64
#   description: Source identifier, identical to the Gaia-EDR3 source_id (id)
#   meta: !!omap
#   - {ucd: ID_MAIN}
#   - {width: 19}
# - name: rgeo
#   unit: pc
#   datatype: float64
#   format: '{:15.8f}'
#   description: '? Median of the geometric distance posterior (r_med_geo)'
#   meta: !!omap
#   - {ucd: PHYS_DISTANCE_TRUE}
#   - {width: 15}
#   - {precision: '8'}
#   - values: {'null': .nan}
# - name: Plx
#   unit: mas
#   datatype: float64
#   format: '{:9.4f}'
#   description: '? Parallax (parallax)'
#   meta: !!omap
#   - {ucd: POS_PARLX_TRIG}
#   - {width: 9}
#   - {precision: '4'}
#   - values: {'null': .nan}
# - name: e_Plx
#   unit: mas
#   datatype: float32
#   format: '{:7.4f}'
#   description: '? Standard error of parallax (parallax_error)'
#   meta: !!omap
#   - {ucd: ERROR}
#   - {width: 7}
#   - {precision: '4'}
#   - values: {'null': .nan}
# - name: pmRA
#   unit: mas / yr
#   datatype: float64
#   format: '{:9.3f}'
#   description: '? Proper motion in right ascension direction, pmRA*cosDE (pmra)'
#   meta: !!omap
#   - {ucd: POS_EQ_PMRA}
#   - {width: 9}
#   - {precision: '3'}
#   - values: {'null': .nan}
# - name: pmDE
#   unit: mas / yr
#   datatype: float64
#   format: '{:9.3f}'
#   description: '? Proper motion in declination direction (pmdec)'
#   meta: !!omap
#   - {ucd: POS_EQ_PMDEC}
#   - {width: 9}
#   - {precision: '3'}
#   - values: {'null': .nan}
# - name: e_pmRA
#   unit: mas / yr
#   datatype: float32
#   format: '{:6.3f}'
#   description: '? Standard error of proper motion in right ascension direction (pmra_error)'
#   meta: !!omap
#   - {ucd: ERROR}
#   - {width: 6}
#   - {precision: '3'}
#   - values: {'null': .nan}
# - name: e_pmDE
[...]
#       distance: !astropy.table.SerializedColumn
#         __class__: astropy.coordinates.distances.Distance
#         unit: !astropy.units.Unit {unit: pc}
#         value: !astropy.table.SerializedColumn {name: SkyCoord.distance}
#       frame: icrs
#       obstime: !astropy.time.Time {format: jyear_str, in_subfmt: '*', jd1: 367701545.0, jd2: 0.0, out_subfmt: '*', precision: 3, scale: tt}
#       pm_dec: !astropy.table.SerializedColumn
#         __class__: astropy.units.quantity.Quantity
#         unit: !astropy.units.Unit {unit: mas / yr}
#         value: !astropy.table.SerializedColumn {name: SkyCoord.pm_dec}
#       pm_ra_cosdec: !astropy.table.SerializedColumn
#         __class__: astropy.units.quantity.Quantity
#         unit: !astropy.units.Unit {unit: mas / yr}
#         value: !astropy.table.SerializedColumn {name: SkyCoord.pm_ra_cosdec}
#       ra: !astropy.table.SerializedColumn
#         __class__: astropy.coordinates.angles.Longitude
#         unit: *id001
#         value: !astropy.table.SerializedColumn {name: SkyCoord.ra}
#         wrap_angle: !astropy.coordinates.Angle
#           unit: *id001
#           value: 360.0
#       representation_type: spherical
# schema: astropy-2.0
RA_ICRS_1 DE_ICRS_1 e_RA_ICRS e_DE_ICRS _r_1 HIP TYC2 Source rgeo Plx e_Plx pmRA pmDE e_pmRA e_pmDE RUWE Teff logg Gmag BP-RP BPmag RPmag RV e_RV b_rgeo B_rgeo FG e_FG FBP e_FBP FRP e_FRP RAVE5 RAVE6 e_Gmag e_BPmag e_RPmag e_BP-RP SkyCoord.ra SkyCoord.dec SkyCoord.distance SkyCoord.pm_ra_cosdec SkyCoord.pm_dec rmRA rmDE e_rmRA e_rmDE rRV e_rRV v_pec v_pec3d e_vpec e_vpec3d Pmemb
99.29974900923 5.97299501887 0.0233 0.0209 6.3643 "" 158-1178-1 3131889190171057792 1377.44373 0.7008 0.0255 -1.691 0.645 0.028 0.024 1.051 17597.8 4.0273 10.332155 0.056106 10.3395 10.283395 "" "" 1332.62793 1425.51819 1387025.86792 656.37 999120.0 768.39 610660.0 286.26 "" "" 0.002802815192041404 0.0029124352 0.0038134984 0.0067259334 99.29974900923 5.97299501887 1377.44373 -1.691 0.6450000000000002 -0.14621819591522223 0.11394544363021852 0.17473336 0.17073336 "" "" 1.21031885105893 "" 0.20966702800733175 "" 1.0
99.13350518306 6.0498258914 0.0234 0.0216 8.226 "" "" 3131938157098930816 1384.27698 0.666 0.027 -1.609 0.493 0.029 0.023 1.122 14161.2 4.0578 11.370262 0.150747 11.41514 11.264393 -7.93 20.7 1333.27344 1460.41016 533140.53495 308.99 370990.0 336.65 247400.0 157.36 "" "" 0.002826261108083132 0.00295901 0.0038419578 0.0068009677 99.13350518306 6.0498258914 1384.27698 -1.609 0.493 -0.06421819591522215 -0.0380545563697815 0.17573336 0.16973336 -30.271538461538462 23.447819 0.4897921277661293 30.27550060951634 0.08531879369779137 23.444750185949967 0.8
99.33060051246 6.03124727768 0.0267 0.0233 9.7623 "" "" 3131891148676139392 1255.87366 0.7424 0.0287 -1.446 0.563 0.031 0.027 1.648 10799.1 4.0089 11.823103 0.206286 11.890694 11.684407 "" "" 1215.37793 1299.12866 351322.23066 107.18 239410.0 114.08 168030.0 106.0 "" "" 0.002775158393908308 0.0028377294 0.0038409438 0.0066786734 99.33060051246 6.03124727768 1255.87366 -1.446 0.563 0.09878180408477788 0.03194544363021845 0.17773336 0.17373335 "" "" 0.6180171959872061 "" 0.10961060361477865 "" 0.8
99.30883901431 5.86221951331 0.0164 0.0156 7.5933 "" "" 3131884418469045376 1286.85107 0.7396 0.0192 -1.586 0.563 0.02 0.017 1.056 11003.0 4.1401 12.499553 0.226892 12.576491 12.349599 "" "" 1255.22546 1314.16724 188419.48661 57.977 127300.0 88.661 91058.0 54.962 "" "" 0.00277550009619728 0.0028908243 0.0038357791 0.0067266035 99.30883901431 5.86221951331 1286.85107 -1.586 0.563 -0.041218195915222244 0.03194544363021845 0.16673335 0.16373336 "" "" 0.3180879755494996 "" 0.05267980183039429 "" 1.0
98.88889169104 5.99636113104 0.0188 0.0174 19.089 "" "" 3131916574885539840 1312.05945 0.7194 0.0216 -1.6 0.513 0.025 0.02 1.05 10270.1 4.0845 12.895431 0.391422 13.029786 12.638364 "" "" 1279.41675 1356.16577 130850.29659 44.57 83850.0 62.715 69793.0 104.94 "" "" 0.002780028304933693 0.0029059427 0.0041168905 0.0070228335 98.88889169104 5.99636113104 1312.05945 -1.6 0.513 -0.05521819591522226 -0.018054556369781483 0.17173336 0.16673335 "" "" 0.3613015160670332 "" 0.06187534889259588 "" 0.8
98.9471211733 5.6964101168 0.0158 0.0157 20.7139 "" "" 3131855590648382848 1319.13843 0.7237 0.0196 -1.367 0.585 0.02 0.017 0.956 7944.6 3.8309 12.961806 0.434178 13.116637 12.682459 "" "" 1288.85352 1352.63318 123090.40835 46.977 77404.0 47.021 67015.0 45.524 "" "" 0.0027863039275610323 0.0028670654 0.0038506766 0.006717742 98.9471211733 5.6964101168 1319.13843 -1.3669999999999998 0.585 0.17778180408477784 0.05394544363021847 0.16673335 0.16373336 "" "" 1.1616678470210944 "" 0.19339737843859156 "" 1.0
99.42436240609 6.0638710893 0.0126 0.0114 15.4907 "" "" 3131894382792689024 1413.49683 0.6697 0.0149 -1.298 0.802 0.016 0.015 1.088 9715.6 4.0869 13.072059 0.554227 13.275846 12.721619 "" "" 1382.76758 1439.96326 111204.71039 43.256 66847.0 44.051 64641.0 52.067 "" "" 0.002787498587092357 0.0028804445 0.0038792454 0.00675969 99.42436240609 6.0638710893 1413.49683 -1.2980000000000014 0.8020000000000003 0.2467818040847778 0.27094544363021855 0.16273336 0.16173336 "" "" 2.4554534640385874 "" 0.39824398875771994 "" 0.8
99.51345714454 6.4495511227 0.0155 0.0173 36.2513 "" "" 3133456543996737152 1384.12463 0.6776 0.0228 -1.453 0.365 0.018 0.014 1.088 9393.5 4.2993 13.437469 0.507629 13.624817 13.117188 "" "" 1339.76196 1427.31482 79425.4111 36.679 48472.0 55.559 44904.0 35.867 "" "" 0.0028005694180622326 0.0030551231 0.0038776044 0.0069327275 99.51345714454 6.4495511227 1384.12463 -1.453 0.365 0.09178180408477776 -0.1660545563697815 0.16473335 0.16073336 "" "" 1.2447806161501027 "" 0.2012539710427332 "" 0.8
99.14877808358 5.47085743907 0.0138 0.0152 27.7779 "" "" 3131833011998300800 1424.32214 0.6616 0.0187 -1.658 0.475 0.017 0.015 1.025 10088.7 3.9988 13.516072 0.62083 13.750497 13.129667 "" "" 1387.35815 1462.91772 73878.44548 33.959 43174.0 45.706 44391.0 35.655 "" "" 0.0028001536108162865 0.003017647 0.003878689 0.0068963356 99.14877808358 5.47085743907 1424.32214 -1.658 0.475 -0.11321819591522209 -0.056054556369781516 0.16373336 0.16173336 "" "" 0.8529222582448828 "" 0.13931765347624456 "" 1.0
99.46037023475 6.038200416 0.017 0.015 16.7155 "" "" 3131894034894197504 1397.24597 0.672 0.019 -1.581 0.532 0.022 0.02 1.116 "" "" 13.583804 0.485451 13.7668 13.281349 "" "" 1358.7196 1439.41138 69410.51173 36.692 42530.0 50.81 38603.0 19.314 "" "" 0.002814463102053898 0.003076939 0.0038182214 0.0068951603 99.46037023475 6.038200416 1397.24597 -1.5810000000000002 0.5319999999999994 -0.03621819591522213 0.0009454436302185343 0.16873336 0.16673335 "" "" 0.2399528651672792 "" 0.040487727931381286 "" 0.9
99.29527436288 6.01355506648 0.0144 0.013 7.4633 "" "" 3131890981178661504 1468.84949 0.6339 0.0156 -1.632 0.527 0.017 0.015 1.132 9577.0 4.3481 13.590341 0.488692 13.747375 13.258682 "" "" 1440.0376 1502.60999 68993.87047 32.488 43298.0 103.27 39417.0 213.68 "" "" 0.002802350817747403 0.0038067065 0.0069947285 0.0108014345 99.29527436288 6.01355506648 1468.84949 -1.6320000000000001 0.5269999999999999 -0.08721819591522206 -0.00405455636978147 0.16373336 0.16173336 "" "" 0.6078991073188104 "" 0.09953075949003498 "" 1.0
99.04735610384 5.85204897342 0.0151 0.0141 10.3637 "" "" 3131863832684152064 1436.02502 0.6557 0.0171 -1.263 0.638 0.021 0.018 1.146 10004.7 4.1889 13.622539 0.615554 13.845538 13.229984 "" "" 1406.12817 1479.83374 66977.84855 34.139 39555.0 42.58 40473.0 74.646 "" "" 0.0028103465317963062 0.0030250733 0.004277102 0.0073021753 99.04735610384 5.85204897342 1436.02502 -1.263 0.638 0.28178180408477793 0.10694544363021852 0.16773336 0.16473335 "" "" 2.0515158587920266 "" 0.3433387993244508 "" 0.9
99.34207984237 6.16532764453 0.0146 0.0128 16.3698 "" "" 3131945853680750464 1480.52771 0.6345 0.0163 -1.582 0.52 0.021 0.018 1.041 9351.9 4.3125 13.691223 0.638121 13.935019 13.296899 "" "" 1443.53955 1515.8269 62872.04848 24.71 36426.0 32.528 38054.0 48.964 "" "" 0.0027881672034592076 0.002953824 0.0040293145 0.0069831386 99.34207984237 6.16532764453 1480.52771 -1.5820000000000003 0.5200000000000001 -0.03721819591522224 -0.011054556369781476 0.16773336 0.16473335 "" "" 0.2724637638952451 "" 0.04563554170438689 "" 1.0
99.10515371577 5.68922647454 0.0156 0.016 15.6023 "" "" 3131852081653097344 1388.61609 0.68 0.0184 -1.689 0.524 0.019 0.017 0.946 9505.4 4.256 13.740305 0.558769 13.951582 13.392813 "" "" 1356.70813 1426.63281 60093.13762 24.598 35874.0 44.731 34836.0 22.117 "" "" 0.0027909323983721967 0.0031012595 0.0038417303 0.00694299 99.10515371577 5.68922647454 1388.61609 -1.6890000000000003 0.524 -0.14421819591522222 -0.007054556369781473 0.16573335 0.16373336 "" "" 0.9503849582574451 "" 0.15750597521589327 "" 0.9
99.33131891381 5.82362535485 0.0146 0.0135 10.0502 "" "" 3131872353899270144 1428.93433 0.6578 0.0167 -1.574 0.462 0.018 0.018 1.017 6046.2 3.777 13.814695 0.928852 14.191877 13.263025 52.76 8.56 1403.69629 1459.50513 56113.65785 28.81 28752.0 53.929 39260.0 70.837 "" "" 0.0028111438881112806 0.0034543118 0.004256924 0.007711236 99.33131891381 5.82362535485 1428.93433 -1.574 0.46199999999999997 -0.029218195915222234 -0.06905455636978147 0.16473335 0.16473335 30.418461538461536 11.307818 0.5078612749737328 30.422700824244412 0.08366168930234484 11.306242798245195 0.9
99.5875841205 6.22335262687 0.0178 0.0188 28.9415 "" "" 3133401469636627584 1408.61658 0.6681 0.0242 -1.793 0.496 0.02 0.018 1.168 9497.9 4.2698 13.845142 0.586534 14.066779 13.480245 "" "" 1364.01208 1459.52625 54561.94773 20.783 32263.0 76.106 32141.0 37.07 "" "" 0.002786184588233389 0.003787432 0.0039814357 0.0077688675 99.5875841205 6.22335262687 1408.61658 -1.7930000000000001 0.496 -0.2482181959152221 -0.0350545563697815 0.16673335 0.16473335 "" "" 1.6737593209462691 "" 0.27900643197427183 "" 1.0
99.29912654117 6.06762586414 0.0193 0.0172 10.0527 "" "" 3131892046330526208 1516.37488 0.6118 0.0211 -1.661 0.469 0.024 0.021 1.386 7695.1 4.0015 13.881413 0.667901 14.133149 13.465248 3.11 15.65 1463.79224 1558.81799 52769.28461 18.495 30350.0 40.115 32588.0 37.535 "" "" 0.00278147410113509 0.0031375894 0.003980906 0.0071184956 99.29912654117 6.06762586414 1516.37488 -1.6609999999999998 0.46899999999999986 -0.1162181959152222 -0.06205455636978152 0.17073336 0.16773336 -19.231538461538463 18.397818 0.9469514692307479 19.254838059114167 0.1610502857342937 18.375556771187636 1.0
99.2049981779 5.98665979756 0.0142 0.013 3.357 "" "" 3131889847307340672 1453.974 0.6435 0.0155 -1.659 0.614 0.018 0.015 0.975 9233.0 4.2314 13.887185 0.656917 14.137643 13.480726 "" "" 1422.47571 1489.0127 52489.53649 16.414 30225.0 30.826 32127.0 21.64 "" "" 0.002776159856970315 0.003001869 0.003849489 0.006851358 99.2049981779 5.98665979756 1453.974 -1.6590000000000005 0.6139999999999993 -0.1142181959152222 0.0829454436302185 0.16473335 0.16173336 "" "" 0.9728418464366704 "" 0.1592578386002983 "" 0.8
98.82280929617 5.82164276792 0.0164 0.0163 23.555 "" "" 3131905309189282560 1478.97473 0.6329 0.0192 -1.674 0.48 0.021 0.018 0.934 9282.3 4.189 13.929398 0.662773 14.183665 13.520892 "" "" 1434.73206 1518.69666 50487.96725 19.451 28970.0 31.991 30960.0 18.135 "" "" 0.0027868901362792754 0.0030368646 0.003832518 0.006869382 98.82280929617 5.82164276792 1478.97473 -1.674 0.47999999999999954 -0.1292181959152221 -0.05105455636978151 0.16773336 0.16473335 "" "" 0.9740062328778382 "" 0.16298183885055326 "" 1.0
99.38308356483 5.90181264079 0.0168 0.0155 10.9517 "" "" 3131884796425768448 1441.42749 0.6458 0.019 -1.373 0.603 0.021 0.018 1.005 7318.4 4.1166 14.179657 0.795752 14.478128 13.682376 "" "" 1401.32861 1481.6167 40094.41741 14.324 22088.0 28.775 26681.0 83.844 "" "" 0.0027824890608940584 0.0031282068 0.005091628 0.008219834 99.38308356483 5.90181264079 1441.42749 -1.3729999999999987 0.6029999999999999 0.17178180408477783 0.07194544363021849 0.16773336 0.16473335 "" "" 1.2724561852708334 "" 0.212868016230168 "" 0.8
98.89836168954 5.57984446084 0.0194 0.0207 27.7806 "" "" 3131756256643645696 1461.06616 0.647 0.0251 -1.102 0.512 0.024 0.021 0.917 8276.4 4.2336 14.187147 0.690567 14.454862 13.764295 "" "" 1401.92358 1529.24915 39818.76396 14.179 22567.0 32.335 24742.0 26.71 "" "" 0.0027823125114246018 0.0031945612 0.0039569605 0.0071515217 98.89836168954 5.57984446084 1461.06616 -1.102000000000001 0.512 0.44278180408477774 -0.019054556369781483 0.17073336 0.16773336 "" "" 3.069302922228165 "" 0.5240155368489353 "" 0.8
99.02626796021 6.21101460801 0.017 0.0159 19.8116 "" "" 3131955268248602112 1408.95715 0.6671 0.0204 -1.408 0.28 0.021 0.017 0.912 7644.6 4.3116 14.189815 0.716614 14.467071 13.750457 "" "" 1361.89294 1455.07593 39721.05428 13.614 22315.0 36.893 25060.0 22.857 "" "" 0.0027803357189829215 0.0033177065 0.0039069685 0.0072246753 99.02626796021 6.21101460801 1408.95715 -1.408 0.2800000000000001 0.1367818040847779 -0.25105455636978147 0.16773336 0.16373336 "" "" 1.909357302355084 "" 0.3143900256476016 "" 0.8
99.3155324175 6.10440669459 0.0162 0.0147 12.4289 "" "" 3131892767885009024 1391.23828 0.675 0.0179 -1.688 0.54 0.021 0.018 0.987 5929.4 4.0539 14.237797 0.964277 14.634273 13.669995 21.71 9.14 1356.46985 1427.43274 38003.88916 10.992 19130.0 27.415 26987.0 20.922 "" "" 0.002773157959326619 0.003194691 0.003871981 0.0070666717 99.3155324175 6.10440669459 1391.23828 -1.6880000000000002 0.54 -0.1432181959152221 0.008945443630218541 0.16773336 0.16473335 -0.6315384615384616 11.887818 0.9462885030618274 1.1376742765085976 0.15871321278391984 6.600409937199824 1.0
99.03620867924 5.45937795862 0.0196 0.0215 29.9651 "" "" 3131741958691717632 1328.94861 0.7096 0.0243 -1.121 0.606 0.024 0.021 1.081 7040.9 4.1045 14.263972 1.026493 14.688021 13.661528 "" "" 1288.35413 1376.53809 37098.61963 9.9841 18206.0 24.723 27199.0 17.301 "" "" 0.0027707703588354263 0.003155766 0.0038419645 0.0069977306 99.03620867924 5.45937795862 1328.94861 -1.121 0.6060000000000006 0.42378180408477784 0.07494544363021849 0.17073336 0.16773336 "" "" 2.7109169236581923 "" 0.46259942060796366 "" 0.8
99.2973884375 6.03574228657 0.0187 0.0162 8.492 "" "" 3131891187337083136 1454.67761 0.6456 0.0203 -1.637 0.428 0.025 0.02 1.086 5854.2 4.0403 14.270444 0.971898 14.670624 13.698726 26.71 5.93 1410.36279 1492.64209 36878.14992 12.239 18500.0 32.232 26283.0 27.314 "" "" 0.0027787816637031807 0.00337096 0.0039442168 0.0073151765 99.2973884375 6.03574228657 1454.67761 -1.6369999999999996 0.4279999999999999 -0.09221819591522218 -0.1030545563697815 0.17173336 0.16673335 4.368461538461538 8.677818 0.953541124841232 4.471319367902637 0.16112462291058915 8.478264174993656 1.0
99.35329358468 5.84545171359 0.0181 0.0165 10.3854 "" "" 3131872491338633472 1416.86829 0.6595 0.0205 -1.536 0.475 0.023 0.02 0.868 6457.4 4.1137 14.302591 0.835126 14.634479 13.799354 14.46 8.27 1377.67407 1463.87366 35802.25471 12.559 19126.0 25.084 23956.0 14.894 "" "" 0.0027815186788165964 0.0031325233 0.0038391913 0.0069717146 99.35329358468 5.84545171359 1416.86829 -1.5359999999999985 0.47499999999999953 0.0087818040847778 -0.056054556369781516 0.16973336 0.16673335 -7.881538461538462 11.017818 0.38105183121410413 7.8907445161265795 0.06356167589157999 11.004964497769652 1.0
99.35194236617 5.70409444368 0.0173 0.0161 16.2856 "" "" 3131843908337205632 1354.37256 0.6943 0.0203 -1.679 0.52 0.023 0.019 1.005 7258.2 4.1062 14.312965 0.822372 14.631756 13.809384 -12.88 14.01 1313.82361 1386.42126 35461.79922 9.1624 19174.0 27.729 23736.0 30.193 "" "" 0.002769563887338334 0.0032016358 0.004023822 0.0072254576 99.35194236617 5.70409444368 1354.37256 -1.6790000000000003 0.52 -0.13421819591522222 -0.011054556369781476 0.16973336 0.16573335 -35.221538461538465 16.757818 0.8645616152441431 35.23214779692244 0.14672191967355128 16.75277238482085 0.8
99.22836278272 6.15189844506 0.0194 0.0168 13.3598 "" "" 3131940837158427520 1442.34766 0.66 0.0214 -1.54 0.493 0.024 0.02 0.974 6871.7 4.14 14.35021 0.93154 14.727449 13.79591 35.17 9.56 1403.3822 1488.82727 34265.94757 12.238 17556.0 25.411 24032.0 34.352 "" "" 0.002782472542836965 0.0032023008 0.00408563 0.0072879307 99.22836278272 6.15189844506 1442.34766 -1.5399999999999998 0.493 0.0047818040847777965 -0.0380545563697815 0.17073336 0.16673335 12.82846153846154 12.307818 0.2622145783087955 12.831141100029438 0.04373641227459391 12.305248170551554 0.8
99.00590680626 5.79600303817 0.0179 0.0169 14.2218 "" "" 3131863218510252544 1446.76392 0.6447 0.0206 -1.668 0.538 0.023 0.019 1.042 7495.8 3.9084 14.378331 1.106643 14.842197 13.735555 60.14 9.06 1404.1488 1500.57581 33389.82656 7.9395 15796.0 22.444 25406.0 19.428 "" "" 0.0027673887310250968 0.0031882483 0.0038695044 0.0070577525 99.00590680626 5.79600303817 1446.76392 -1.668 0.538 -0.1232181959152221 0.00694544363021854 0.16973336 0.16573335 37.79846153846154 11.807818 0.846329916329731 37.80793526499207 0.14363982472665224 11.804860105595129 1.0
99.30041229303 6.05263684739 0.0202 0.0197 9.3806 "" "" 3131891977611056256 1476.2926 0.6369 0.0259 -1.607 0.543 0.025 0.021 0.958 5839.3 3.7769 14.396484 0.987043 14.803882 13.816838 7.93 14.23 1422.5769 1526.10144 32836.21384 14.399 16363.0 45.033 23573.0 23.398 "" "" 0.0027961520414276613 0.0040882356 0.003930027 0.008018263 99.30041229303 6.05263684739 1476.2926 -1.607 0.5429999999999994 -0.06221819591522215 0.011945443630218544 0.17173336 0.16773336 -14.411538461538463 16.977818 0.4433314231457901 14.418355786259086 0.0760724623163641 16.969790200479892 0.9
