Clusters/Collinder_106/Collinder_106_stars_in_region.tsv
# %ECSV 1.0
# ---
# datatype:
# - name: RA_ICRS_1
#   unit: deg
#   datatype: float64
#   format: '{:15.11f}'
#   description: Right ascension (ICRS) at Ep=2016.0 (ra)
#   meta: !!omap
#   - {ucd: POS_EQ_RA_MAIN}
#   - {width: 15}
#   - {precision: '11'}
# - name: DE_ICRS_1
#   unit: deg
#   datatype: float64
#   format: '{:15.11f}'
#   description: Declination (ICRS) at Ep=2016.0 (dec)
#   meta: !!omap
#   - {ucd: POS_EQ_DEC_MAIN}
#   - {width: 15}
#   - {precision: '11'}
# - name: e_RA_ICRS
#   unit: mas
#   datatype: float64
#   format: '{:7.4f}'
#   description: Standard error of right ascension (ra_error)
#   meta: !!omap
#   - {ucd: ERROR}
#   - {width: 7}
#   - {precision: '4'}
# - name: e_DE_ICRS
#   unit: mas
#   datatype: float64
#   format: '{:7.4f}'
#   description: Standard error of declination (dec_error)
#   meta: !!omap
#   - {ucd: ERROR}
#   - {width: 7}
#   - {precision: '4'}
# - name: _r_1
#   unit: ''
#   datatype: float64
#   format: '{:7.4f}'
#   description: Distance from center (099.20190653000+05.93079414000)[ICRS], at Epoch=J2016.0
#   meta: !!omap
#   - {ucd: POS_ANG_DIST_GENERAL}
#   - {width: 7}
#   - {precision: '4'}
# - name: HIP
#   datatype: int32
#   description: '? HIP cross-id number, van Leeuwen, Cat. I/311 (hip_original_ext_source_id)'
#   meta: !!omap
#   - {ucd: ID_NUMBER}
#   - {width: 6}
#   - values: {'null': -2147483648}
# - name: TYC2
#   datatype: string
#   description: Tycho-2 cross-id name, Hog et al., Cat. I/259 (tyc2_original_ext_source_id)
#   meta: !!omap
#   - {ucd: ID_CROSSID}
#   - {_votable_string_dtype: char}
# - name: Source
#   datatype: int64
#   description: Source identifier, identical to the Gaia-EDR3 source_id (id)
#   meta: !!omap
#   - {ucd: ID_MAIN}
#   - {width: 19}
# - name: rgeo
#   unit: pc
#   datatype: float64
#   format: '{:15.8f}'
#   description: '? Median of the geometric distance posterior (r_med_geo)'
#   meta: !!omap
#   - {ucd: PHYS_DISTANCE_TRUE}
#   - {width: 15}
#   - {precision: '8'}
#   - values: {'null': .nan}
# - name: Plx
#   unit: mas
#   datatype: float64
#   format: '{:9.4f}'
#   description: '? Parallax (parallax)'
#   meta: !!omap
#   - {ucd: POS_PARLX_TRIG}
#   - {width: 9}
#   - {precision: '4'}
#   - values: {'null': .nan}
# - name: e_Plx
#   unit: mas
#   datatype: float32
#   format: '{:7.4f}'
#   description: '? Standard error of parallax (parallax_error)'
#   meta: !!omap
#   - {ucd: ERROR}
#   - {width: 7}
#   - {precision: '4'}
#   - values: {'null': .nan}
# - name: pmRA
#   unit: mas / yr
#   datatype: float64
#   format: '{:9.3f}'
#   description: '? Proper motion in right ascension direction, pmRA*cosDE (pmra)'
#   meta: !!omap
#   - {ucd: POS_EQ_PMRA}
#   - {width: 9}
#   - {precision: '3'}
#   - values: {'null': .nan}
# - name: pmDE
#   unit: mas / yr
#   datatype: float64
#   format: '{:9.3f}'
#   description: '? Proper motion in declination direction (pmdec)'
#   meta: !!omap
#   - {ucd: POS_EQ_PMDEC}
#   - {width: 9}
#   - {precision: '3'}
#   - values: {'null': .nan}
# - name: e_pmRA
#   unit: mas / yr
#   datatype: float32
#   format: '{:6.3f}'
#   description: '? Standard error of proper motion in right ascension direction (pmra_error)'
#   meta: !!omap
#   - {ucd: ERROR}
#   - {width: 6}
#   - {precision: '3'}
#   - values: {'null': .nan}
# - name: e_pmDE
[...]
#         unit: &id001 !astropy.units.Unit {unit: deg}
#         value: !astropy.table.SerializedColumn {name: SkyCoord.dec}
#       distance: !astropy.table.SerializedColumn
#         __class__: astropy.coordinates.distances.Distance
#         unit: !astropy.units.Unit {unit: pc}
#         value: !astropy.table.SerializedColumn {name: SkyCoord.distance}
#       frame: icrs
#       obstime: !astropy.time.Time {format: jyear_str, in_subfmt: '*', jd1: 367701545.0, jd2: 0.0, out_subfmt: '*', precision: 3, scale: tt}
#       pm_dec: !astropy.table.SerializedColumn
#         __class__: astropy.units.quantity.Quantity
#         unit: !astropy.units.Unit {unit: mas / yr}
#         value: !astropy.table.SerializedColumn {name: SkyCoord.pm_dec}
#       pm_ra_cosdec: !astropy.table.SerializedColumn
#         __class__: astropy.units.quantity.Quantity
#         unit: !astropy.units.Unit {unit: mas / yr}
#         value: !astropy.table.SerializedColumn {name: SkyCoord.pm_ra_cosdec}
#       ra: !astropy.table.SerializedColumn
#         __class__: astropy.coordinates.angles.Longitude
#         unit: *id001
#         value: !astropy.table.SerializedColumn {name: SkyCoord.ra}
#         wrap_angle: !astropy.coordinates.Angle
#           unit: *id001
#           value: 360.0
#       representation_type: spherical
# schema: astropy-2.0
RA_ICRS_1 DE_ICRS_1 e_RA_ICRS e_DE_ICRS _r_1 HIP TYC2 Source rgeo Plx e_Plx pmRA pmDE e_pmRA e_pmDE RUWE Teff logg Gmag BP-RP BPmag RPmag RV e_RV b_rgeo B_rgeo FG e_FG FBP e_FBP FRP e_FRP RAVE5 RAVE6 e_Gmag e_BPmag e_RPmag e_BP-RP SkyCoord.ra SkyCoord.dec SkyCoord.distance SkyCoord.pm_ra_cosdec SkyCoord.pm_dec
[from data line 1268]
99.37256315397 5.37930088497 0.0405 0.0398 34.6229 "" "" 3131078373365344512 1449.9613 0.674 0.0493 -2.293 -2.754 0.049 0.043 0.909 5523.4 4.6346 16.162819 1.132303 16.65096 15.518658 "" "" 1353.0033 1558.01575 6453.85541 3.3718 2985.6 17.754 4916.9 16.278 "" "" 0.0028131033839858487 0.007033481 0.0052157347 0.0122492155 99.37256315397 5.37930088497 1449.9613 -2.293 -2.7539999999999996
98.9862687525 5.58672918143 0.0422 0.0436 24.3287 "" "" 3131849749492882048 1205.06567 0.8175 0.0542 -0.789 2.262 0.05 0.042 1.015 5337.7 4.6772 16.16585 1.146934 16.653229 15.506294 "" "" 1131.00122 1319.36279 6435.86515 4.553 2979.4 16.264 4973.3 19.632 "" "" 0.002860377508975998 0.0065507577 0.005714267 0.012265025 98.9862687525 5.58672918143 1205.06567 -0.7890000000000001 2.2620000000000005
99.6798562202 6.13303173963 0.045 0.0483 30.9924 "" "" 3133385286199859072 1612.06836 0.5993 0.0603 2.958 -3.064 0.053 0.045 1.101 5657.7 4.4843 16.166351 1.410149 16.805628 15.395479 "" "" 1444.79834 1753.02209 6432.89006 3.3581 2589.2 10.013 5507.7 17.398 "" "" 0.002813009938636426 0.005041308 0.005103569 0.010144876 99.6798562202 6.13303173963 1612.06836 2.958 -3.0639999999999996
99.13825540357 5.95163828186 0.0387 0.0367 3.9991 "" "" 3131866379606075392 1397.47375 0.674 0.0438 0.901 -11.323 0.048 0.041 1.042 5407.6 4.5372 16.16787 1.265139 16.720459 15.45532 "" "" 1310.39563 1489.44495 6423.89813 3.3092 2800.5 13.28 5212.3 13.063 "" "" 0.00281151408589047 0.0058560087 0.0046570254 0.010513034 99.13825540357 5.95163828186 1397.47375 0.9009999999999998 -11.323
99.48073057467 6.19287354135 0.041 0.0389 22.8915 "" "" 3131899983429968384 1230.65906 0.7794 0.0458 1.852 2.575 0.052 0.047 1.044 5293.0 4.6191 16.16891 1.271481 16.735083 15.463601 "" "" 1156.40076 1314.94031 6417.757 3.8003 2763.0 13.939 5172.7 16.225 "" "" 0.0028293354806014654 0.006147116 0.0050874096 0.011234526 99.48073057467 6.19287354135 1230.65906 1.8519999999999999 2.575000000000001
99.44335440615 5.626422789 0.0376 0.0351 23.2648 "" "" 3131091842382622336 1237.89392 0.7777 0.0411 6.239 4.119 0.048 0.042 0.965 5270.1 4.6035 16.169174 1.143198 16.653658 15.51046 "" "" 1177.10803 1306.172 6416.18923 3.4267 2978.2 14.216 4954.2 14.254 "" "" 0.002815675254602813 0.0058859503 0.004903269 0.010789219 99.44335440615 5.626422789 1237.89392 6.238999999999999 4.118999999999999
98.67183537817 5.93696067085 0.0461 0.0476 31.636 "" "" 3131921836224120448 1409.68396 0.6889 0.0563 -1.919 -2.275 0.058 0.053 1.127 5598.6 4.6041 16.170546 1.458185 16.825584 15.367399 "" "" 1291.13379 1533.40613 6408.0943 5.4496 2542.0 12.918 5652.0 21.376 "" "" 0.002905914645211151 0.006182887 0.0055807945 0.011763682 98.67183537817 5.93696067085 1409.68396 -1.919 -2.275
98.74004941064 5.72118229482 0.0458 0.0462 30.3015 "" "" 3131902796627531392 1587.64429 0.6211 0.0575 0.664 -8.614 0.059 0.053 1.055 5682.2 4.6553 16.172808 1.197686 16.681011 15.483325 "" "" 1426.3894 1778.98938 6394.74906 3.9949 2904.1 26.769 5079.6 34.463 "" "" 0.0028375778976961756 0.010389609 0.008279234 0.018668843 98.74004941064 5.72118229482 1587.64429 0.6639999999999999 -8.614000000000003
98.85488671957 6.37471324595 0.0402 0.037 33.7338 "" "" 3132150465923185920 1537.83655 0.6271 0.0456 -0.761 -1.656 0.049 0.041 1.046 5532.4 4.6023 16.173405 1.061882 16.619133 15.557251 "" "" 1436.67859 1647.46021 6391.23125 4.2628 3074.4 14.745 4745.2 7.7933 "" "" 0.002848894107763571 0.005907668 0.004178923 0.01008659 98.85488671957 6.37471324595 1537.83655 -0.761 -1.6559999999999997
99.26842706842 6.05740460436 0.0459 0.0399 8.5712 "" "" 3131892115050020992 1534.93738 0.6337 0.0488 -1.698 0.614 0.062 0.057 1.095 4915.8 4.2368 16.174025 1.611139 16.90968 15.29854 "" "" 1425.22485 1670.49902 6387.586 14.735 2352.6 39.023 6022.0 56.559 "" "" 0.0037235453389110502 0.018224157 0.01087514 0.029099297 99.26842706842 6.05740460436 1534.93738 -1.698 0.614
99.02103652364 5.454819008 0.056 0.0589 30.5319 "" "" 3131741928632751360 1164.67188 0.8492 0.0682 -1.809 -10.54 0.065 0.056 1.071 4451.3 4.3949 16.174686 1.375174 16.786524 15.411349 "" "" 1076.15393 1271.8761 6383.69463 4.5081 2635.2 26.094 5427.7 27.433 "" "" 0.002860012789730762 0.011107223 0.006663136 0.01777036 99.02103652364 5.454819008 1164.67188 -1.8089999999999997 -10.54
99.22455102878 6.16731223193 0.0439 0.0422 14.2553 "" "" 3131941043316851968 1550.80566 0.6211 0.0538 -0.412 -3.66 0.056 0.046 1.05 5392.7 4.6102 16.175018 1.117732 16.652649 15.534917 "" "" 1447.79883 1705.95276 6381.74559 4.034 2981.0 11.848 4843.9 15.249 "" "" 0.0028395090423757583 0.0051387306 0.0050957208 0.010234451 99.22455102878 6.16731223193 1550.80566 -0.4119999999999999 -3.66
99.62720853714 5.69542864109 0.048 0.0432 29.0503 "" "" 3131115447522761856 1575.03516 0.613 0.0525 0.213 -1.423 0.057 0.051 1.17 5811.8 4.6319 16.17977 1.138183 16.655073 15.516891 "" "" 1457.41541 1705.20093 6353.87983 3.9227 2974.3 19.32 4925.0 19.831 "" "" 0.0028356822613399353 0.007584432 0.0057789763 0.013363408 99.62720853714 5.69542864109 1575.03516 0.213 -1.4230000000000003
99.03752249927 5.48387641349 0.0473 0.053 28.5546 "" "" 3131836005597553536 1461.65393 0.6618 0.0616 -1.251 -3.896 0.062 0.051 0.997 5596.9 4.6682 16.182028 1.148953 16.668339 15.519385 "" "" 1344.70667 1611.5459 6340.67509 3.9358 2938.2 19.904 4913.6 16.911 "" "" 0.0028365446942997547 0.007866462 0.0053147916 0.013181253 99.03752249927 5.48387641349 1461.65393 -1.251 -3.8959999999999995
99.07857034836 5.8312893185 0.0394 0.0373 9.478 "" "" 3131862977992290432 1185.625 0.8203 0.0459 1.95 -8.193 0.05 0.044 0.992 5115.2 4.5919 16.184118 1.140403 16.669779 15.529376 "" "" 1127.82886 1245.77161 6328.48584 3.3467 2934.3 15.406 4868.6 13.238 "" "" 0.002814509150586849 0.006346673 0.004795736 0.0111424085 99.07857034836 5.8312893185 1185.625 1.95 -8.192999999999998
98.69068416204 6.1359223135 0.0467 0.0528 32.8928 "" "" 3131933759052564096 1489.60229 0.6585 0.0712 0.873 4.93 0.061 0.052 1.02 5491.8 4.6155 16.184439 1.293762 16.75853 15.464767 "" "" 1335.72974 1682.58752 6326.61638 3.8661 2704.0 13.346 5167.1 11.365 "" "" 0.0028340767746600918 0.0060416833 0.0044706375 0.01051232 98.69068416204 6.1359223135 1489.60229 0.873 4.929999999999999
99.59156399833 5.81571504251 0.0395 0.0356 24.2601 "" "" 3131869158443911808 1461.12549 0.66 0.0436 -1.046 -4.691 0.052 0.045 1.032 5503.5 4.5896 16.185894 1.210276 16.713125 15.50285 "" "" 1368.57922 1554.39026 6318.13789 3.7915 2819.5 12.252 4989.1 15.632 "" "" 0.002831307804370851 0.0054813046 0.005084918 0.0105662225 99.59156399833 5.81571504251 1461.12549 -1.0459999999999998 -4.691
99.22948872794 6.24792367564 0.0694 0.0633 19.0988 "" "" 3131950492244862592 1612.63953 0.6251 0.0795 0.1 -1.518 0.09 0.075 1.846 5337.4 4.6759 16.189907 1.188293 16.677809 15.489515 "" "" 1441.23474 1838.69226 6294.82704 12.598 2912.7 15.665 5050.7 27.64 "" "" 0.0035090361561170014 0.0064716446 0.0070418413 0.013513486 99.22948872794 6.24792367564 1612.63953 0.1 -1.5179999999999998
98.69870524536 5.82715579866 0.0531 0.0572 30.6703 "" "" 3131907370773642880 1209.396 0.8359 0.0673 -2.624 -11.226 0.064 0.061 1.151 5039.5 4.6239 16.189978 1.467756 16.84806 15.380304 "" "" 1098.64368 1324.37939 6294.42229 14.3 2490.0 27.253 5585.2 36.962 "" "" 0.003698116567799673 0.012206527 0.00811858 0.020325107 98.69870524536 5.82715579866 1209.396 -2.624 -11.225999999999999
98.68967150808 5.85594015025 0.0473 0.0505 30.8998 "" "" 3131907817450229760 1432.67407 0.683 0.0644 -1.57 0.446 0.055 0.052 0.963 4816.6 4.2551 16.192251 1.678219 16.987177 15.308958 "" "" 1310.72375 1554.01428 6281.24868 16.864 2190.5 34.855 5964.5 47.717 "" "" 0.004011113057560216 0.01749998 0.009472675 0.026972655 98.68967150808 5.85594015025 1432.67407 -1.5699999999999996 0.44599999999999995
99.55186109292 6.0005168821 0.0481 0.0461 21.2984 "" "" 3131881253073920640 1276.19324 0.7698 0.0547 -1.028 -0.296 0.061 0.058 1.077 5298.3 4.6503 16.193142 1.171682 16.673018 15.501335 "" "" 1184.20898 1459.15295 6276.09779 9.9189 2925.6 30.943 4996.0 75.75 "" "" 0.0032459490554489073 0.011817542 0.01689034 0.02870788 99.55186109292 6.0005168821 1276.19324 -1.028 -0.296
98.85535687181 5.53866665942 0.0442 0.0427 31.3302 "" "" 3131755702587115264 1421.96777 0.6704 0.0526 -1.43 0.761 0.052 0.048 0.961 5768.8 4.4674 16.196255 1.621467 16.955286 15.333819 "" "" 1324.34143 1545.59131 6258.12941 15.941 2255.8 34.411 5829.5 37.557 "" "" 0.003903913762873644 0.016795691 0.007950653 0.024746343 98.85535687181 5.53866665942 1421.96777 -1.4300000000000002 0.7609999999999999
98.89937521471 5.58192173982 0.048 0.0482 27.6467 "" "" 3131756256643644544 1120.34424 0.8653 0.0584 -1.267 -2.033 0.059 0.051 0.996 "" "" 16.197947 1.327691 16.391579 15.063888 "" "" 1055.59827 1187.39062 6248.39507 5.18 3791.3 13.883 7474.9 32.375 "" "" 0.0028986117400332354 0.004857125 0.006033011 0.010890136 98.89937521471 5.58192173982 1120.34424 -1.267 -2.0330000000000004
98.96675826698 6.19003702898 0.041 0.0395 20.9472 "" "" 3131954993370734464 1470.39624 0.6615 0.051 3.644 -3.505 0.05 0.042 1.019 4670.6 4.2842 16.200403 1.157511 16.694225 15.536715 "" "" 1361.18665 1598.12891 6234.27186 4.0795 2869.0 17.982 4835.8 15.944 "" "" 0.002845444864858684 0.007354852 0.00520561 0.012560462 98.96675826698 6.19003702898 1470.39624 3.6440000000000006 -3.505
98.89249903033 6.01300800173 0.0425 0.0431 19.1113 "" "" 3131916750982046976 1616.03931 0.5862 0.0563 -0.624 -3.236 0.056 0.044 1.025 5523.1 4.5979 16.201044 1.226815 16.734142 15.507327 "" "" 1486.47937 1770.28052 6230.58813 3.7232 2765.4 14.459 4968.5 18.704 "" "" 0.002830677010835976 0.006325445 0.005566823 0.011892268 98.89249903033 6.01300800173 1616.03931 -0.6240000000000001 -3.2360000000000007
98.81990594435 6.13167388052 0.0399 0.038 25.7837 "" "" 3131931697468212736 1132.32056 0.8612 0.0474 5.199 -10.529 0.051 0.045 0.904 5288.7 4.6516 16.201452 1.236689 16.748821 15.512133 "" "" 1070.49939 1196.05872 6228.24851 3.5125 2728.3 12.253 4946.6 13.534 "" "" 0.002822537637870701 0.0056179725 0.004807096 0.010425068 98.81990594435 6.13167388052 1132.32056 5.199 -10.529000000000002
98.79331636128 6.06908326758 0.0417 0.0433 25.7543 "" "" 3131929734663501568 1326.59973 0.7354 0.0556 0.852 -3.549 0.05 0.045 0.956 5236.1 4.6043 16.205477 1.232702 16.740696 15.507994 "" "" 1241.64404 1447.04407 6205.20319 3.9953 2748.8 18.122 4965.5 18.064 "" "" 0.0028426187813764005 0.007682511 0.005466686 0.013149197 98.79331636128 6.06908326758 1326.59973 0.8520000000000001 -3.5490000000000004
99.14873928309 6.52999851209 0.0474 0.0438 36.0918 "" "" 3131971554764390784 1138.60107 0.8697 0.0515 0.605 -2.488 0.067 0.053 0.926 4847.5 4.5058 16.208147 1.201093 16.725416 15.524323 "" "" 1076.94495 1215.25098 6189.96162 4.8518 2787.7 24.668 4891.4 17.528 "" "" 0.0028837514876036063 0.0100044925 0.0054241107 0.015428603 99.14873928309 6.52999851209 1138.60107 0.6050000000000001 -2.4880000000000004
98.90632337966 6.13553940707 0.0423 0.0401 21.4935 "" "" 3131931143412973056 1433.80945 0.6775 0.0494 -1.568 -2.18 0.052 0.044 0.99 5699.4 4.5687 16.208378 1.106251 16.66789 15.56164 "" "" 1340.84949 1551.13037 6188.64469 4.3297 2939.4 13.692 4726.1 16.661 "" "" 0.0028581087905396245 0.005776068 0.0053790305 0.011155099 98.90632337966 6.13553940707 1433.80945 -1.568 -2.18
99.49889713078 5.94932984659 0.0416 0.0379 17.7586 "" "" 3131875175698960256 1582.75952 0.6018 0.0462 -0.121 -5.07 0.052 0.044 0.937 4963.3 4.497 16.208567 1.134631 16.694427 15.559796 "" "" 1472.88623 1721.2782 6187.56934 3.4949 2868.4 12.743 4734.1 12.189 "" "" 0.002822741116042288 0.0055723027 0.0047008917 0.010273194 99.49889713078 5.94932984659 1582.75952 -0.121 -5.069999999999999
99.00392457922 5.56303679831 0.0435 0.0454 25.0315 "" "" 3131849096657855872 1376.45288 0.6898 0.0572 -1.871 1.3 0.052 0.043 0.953 5437.8 4.5629 16.209246 1.420851 16.847504 15.426653 "" "" 1285.40906 1520.76819 6183.69907 8.2254 2491.2 15.412 5351.8 48.599 "" "" 0.0031108772647936845 0.0072734454 0.01055898 0.017832424 99.00392457922 5.56303679831 1376.45288 -1.871 1.3
99.6040695849 6.21095804443 0.0445 0.0458 29.2968 "" "" 3133398510399132160 1425.16382 0.6871 0.0586 1.017 -4.875 0.048 0.042 1.004 5158.8 4.6383 16.21367 1.217156 16.7461 15.528944 "" "" 1288.89563 1548.70715 6158.54841 4.1252 2735.1 15.117 4870.6 16.444 "" "" 0.002849684102422581 0.006617847 0.0052650366 0.0118828835 99.6040695849 6.21095804443 1425.16382 1.017 -4.875
99.23573653484 5.66004042146 0.0418 0.0401 16.3703 "" "" 3131844973489154560 1619.92957 0.6005 0.0483 1.749 -3.243 0.054 0.047 0.988 5131.3 4.3883 16.214394 1.069741 16.66363 15.593888 "" "" 1500.08301 1801.10754 6154.44752 3.3361 2951.0 11.81 4587.8 12.694 "" "" 0.002817475117462121 0.0051638545 0.0048278887 0.009991743 99.23573653484 5.66004042146 1619.92957 1.749 -3.243
99.55882654638 6.19064856223 0.0433 0.0428 26.3929 "" "" 3131900185288848768 1205.19348 0.8109 0.0512 0.736 -4.594 0.053 0.046 0.975 5200.5 4.6602 16.21515 1.144347 16.70692 15.562573 "" "" 1142.43433 1289.08484 6150.15525 4.2616 2835.6 18.503 4722.0 13.78 "" "" 0.002856185638771231 0.0076143304 0.004931818 0.012546148 99.55882654638 6.19064856223 1205.19348 0.7360000000000001 -4.594
99.32048495713 5.95940426641 0.0451 0.0395 7.2817 "" "" 3131886205175041152 1558.88501 0.6118 0.0499 -1.349 0.49 0.055 0.046 1.05 4906.8 4.3808 16.21809 1.120278 16.695396 15.575118 "" "" 1478.13562 1677.77063 6133.53305 7.2627 2865.9 23.547 4667.8 31.644 "" "" 0.003040493570664944 0.009346867 0.008274039 0.017620906 99.32048495713 5.95940426641 1558.88501 -1.349 0.49000000000000005
98.88310363771 5.72104974251 0.0434 0.0438 22.8143 "" "" 3131855178331530496 1436.02991 0.6763 0.0527 19.414 -1.173 0.05 0.045 0.947 5587.9 4.5955 16.224085 1.233163 16.760118 15.526956 "" "" 1327.4884 1539.4552 6099.76456 3.5673 2700.0 11.173 4879.5 23.15 "" "" 0.002827538149963831 0.0052888123 0.006388862 0.011677675 98.88310363771 5.72104974251 1436.02991 19.414000000000005 -1.1730000000000003
99.49411773732 5.89888263459 0.0514 0.0473 17.5441 "" "" 3131873629510759040 1350.78687 0.7115 0.0586 0.917 0.474 0.064 0.06 1.214 5558.9 4.5952 16.224611 1.263537 16.691969 15.428432 "" "" 1276.74475 1467.83838 6096.8039 8.2653 2874.9 17.143 5343.0 25.112 "" "" 0.0031238282442097747 0.007049876 0.006350096 0.013399972 99.49411773732 5.89888263459 1350.78687 0.9170000000000001 0.4739999999999999
98.90256890278 6.37626999489 0.0499 0.0431 32.1446 "" "" 3132150328484224896 1346.70691 0.7025 0.0547 2.614 0.147 0.066 0.049 1.072 4692.9 4.3954 16.22484 1.143111 16.717575 15.574464 "" "" 1259.75293 1441.92932 6095.51913 3.7123 2807.9 16.598 4670.6 12.649 "" "" 0.002833553046980046 0.0069982517 0.0047885003 0.011786751 98.90256890278 6.37626999489 1346.70691 2.614 0.147
98.69512201579 6.14609784738 0.0477 0.0472 32.8822 "" "" 3131934205729155584 1122.72961 0.8667 0.0632 0.626 -3.157 0.065 0.053 1.046 5320.9 4.6744 16.22658 1.214894 16.75323 15.538335 "" "" 1058.41821 1229.03613 6085.76326 6.2175 2717.2 12.35 4828.6 15.179 "" "" 0.0029702188575049296 0.005668978 0.0050924285 0.010761406 98.69512201579 6.14609784738 1122.72961 0.6259999999999999 -3.1570000000000005
99.17405218221 5.99480169048 0.0428 0.0395 4.1847 "" "" 3131890087825518336 1086.73816 0.9012 0.0483 0.255 -3.933 0.053 0.045 1.076 4966.1 4.6774 16.228306 1.177397 16.736498 15.559101 "" "" 1025.90784 1154.93689 6076.09088 3.3141 2759.4 16.446 4737.2 13.988 "" "" 0.002818241615308009 0.0070468863 0.004955997 0.0120028835 99.17405218221 5.99480169048 1086.73816 0.255 -3.933
99.07284022028 5.98873876994 0.0411 0.0386 8.4504 "" "" 3131913624245793280 1247.70142 0.7741 0.0492 -0.214 -6.221 0.053 0.046 1.013 5110.6 4.6034 16.22976 1.21584 16.766922 15.551082 "" "" 1189.31116 1323.81799 6067.96122 4.0221 2683.2 17.91 4772.3 17.246 "" "" 0.0028477564257141427 0.0077657024 0.0054477868 0.013213489 99.07284022028 5.98873876994 1247.70142 -0.21399999999999997 -6.221
