Clusters/Collinder_106/Collinder_106_stars_in_region.tsv
# %ECSV 1.0
# ---
# datatype:
# - name: RA_ICRS_1
#   unit: deg
#   datatype: float64
#   format: '{:15.11f}'
#   description: Right ascension (ICRS) at Ep=2016.0 (ra)
#   meta: !!omap
#   - {ucd: POS_EQ_RA_MAIN}
#   - {width: 15}
#   - {precision: '11'}
# - name: DE_ICRS_1
#   unit: deg
#   datatype: float64
#   format: '{:15.11f}'
#   description: Declination (ICRS) at Ep=2016.0 (dec)
#   meta: !!omap
#   - {ucd: POS_EQ_DEC_MAIN}
#   - {width: 15}
#   - {precision: '11'}
# - name: e_RA_ICRS
#   unit: mas
#   datatype: float64
#   format: '{:7.4f}'
#   description: Standard error of right ascension (ra_error)
#   meta: !!omap
#   - {ucd: ERROR}
#   - {width: 7}
#   - {precision: '4'}
# - name: e_DE_ICRS
#   unit: mas
#   datatype: float64
#   format: '{:7.4f}'
#   description: Standard error of declination (dec_error)
#   meta: !!omap
#   - {ucd: ERROR}
#   - {width: 7}
#   - {precision: '4'}
# - name: _r_1
#   unit: ''
#   datatype: float64
#   format: '{:7.4f}'
#   description: Distance from center (099.20190653000+05.93079414000)[ICRS], at Epoch=J2016.0
#   meta: !!omap
#   - {ucd: POS_ANG_DIST_GENERAL}
#   - {width: 7}
#   - {precision: '4'}
# - name: HIP
#   datatype: int32
#   description: '? HIP cross-id number, van Leeuwen, Cat. I/311 (hip_original_ext_source_id)'
#   meta: !!omap
#   - {ucd: ID_NUMBER}
#   - {width: 6}
#   - values: {'null': -2147483648}
# - name: TYC2
#   datatype: string
#   description: Tycho-2 cross-id name, Hog et al., Cat. I/259 (tyc2_original_ext_source_id)
#   meta: !!omap
#   - {ucd: ID_CROSSID}
#   - {_votable_string_dtype: char}
# - name: Source
#   datatype: int64
#   description: Source identifier, identical to the Gaia-EDR3 source_id (id)
#   meta: !!omap
#   - {ucd: ID_MAIN}
#   - {width: 19}
# - name: rgeo
#   unit: pc
#   datatype: float64
#   format: '{:15.8f}'
#   description: '? Median of the geometric distance posterior (r_med_geo)'
#   meta: !!omap
#   - {ucd: PHYS_DISTANCE_TRUE}
#   - {width: 15}
#   - {precision: '8'}
#   - values: {'null': .nan}
# - name: Plx
#   unit: mas
#   datatype: float64
#   format: '{:9.4f}'
#   description: '? Parallax (parallax)'
#   meta: !!omap
#   - {ucd: POS_PARLX_TRIG}
#   - {width: 9}
#   - {precision: '4'}
#   - values: {'null': .nan}
# - name: e_Plx
#   unit: mas
#   datatype: float32
#   format: '{:7.4f}'
#   description: '? Standard error of parallax (parallax_error)'
#   meta: !!omap
#   - {ucd: ERROR}
#   - {width: 7}
#   - {precision: '4'}
#   - values: {'null': .nan}
# - name: pmRA
#   unit: mas / yr
#   datatype: float64
#   format: '{:9.3f}'
#   description: '? Proper motion in right ascension direction, pmRA*cosDE (pmra)'
#   meta: !!omap
#   - {ucd: POS_EQ_PMRA}
#   - {width: 9}
#   - {precision: '3'}
#   - values: {'null': .nan}
# - name: pmDE
#   unit: mas / yr
#   datatype: float64
#   format: '{:9.3f}'
#   description: '? Proper motion in declination direction (pmdec)'
#   meta: !!omap
#   - {ucd: POS_EQ_PMDEC}
#   - {width: 9}
#   - {precision: '3'}
#   - values: {'null': .nan}
# - name: e_pmRA
#   unit: mas / yr
#   datatype: float32
#   format: '{:6.3f}'
#   description: '? Standard error of proper motion in right ascension direction (pmra_error)'
#   meta: !!omap
#   - {ucd: ERROR}
#   - {width: 6}
#   - {precision: '3'}
#   - values: {'null': .nan}
# - name: e_pmDE
[...]
#         value: !astropy.table.SerializedColumn {name: SkyCoord.dec}
#       distance: !astropy.table.SerializedColumn
#         __class__: astropy.coordinates.distances.Distance
#         unit: !astropy.units.Unit {unit: pc}
#         value: !astropy.table.SerializedColumn {name: SkyCoord.distance}
#       frame: icrs
#       obstime: !astropy.time.Time {format: jyear_str, in_subfmt: '*', jd1: 367701545.0, jd2: 0.0, out_subfmt: '*', precision: 3, scale: tt}
#       pm_dec: !astropy.table.SerializedColumn
#         __class__: astropy.units.quantity.Quantity
#         unit: !astropy.units.Unit {unit: mas / yr}
#         value: !astropy.table.SerializedColumn {name: SkyCoord.pm_dec}
#       pm_ra_cosdec: !astropy.table.SerializedColumn
#         __class__: astropy.units.quantity.Quantity
#         unit: !astropy.units.Unit {unit: mas / yr}
#         value: !astropy.table.SerializedColumn {name: SkyCoord.pm_ra_cosdec}
#       ra: !astropy.table.SerializedColumn
#         __class__: astropy.coordinates.angles.Longitude
#         unit: *id001
#         value: !astropy.table.SerializedColumn {name: SkyCoord.ra}
#         wrap_angle: !astropy.coordinates.Angle
#           unit: *id001
#           value: 360.0
#       representation_type: spherical
# schema: astropy-2.0
RA_ICRS_1 DE_ICRS_1 e_RA_ICRS e_DE_ICRS _r_1 HIP TYC2 Source rgeo Plx e_Plx pmRA pmDE e_pmRA e_pmDE RUWE Teff logg Gmag BP-RP BPmag RPmag RV e_RV b_rgeo B_rgeo FG e_FG FBP e_FBP FRP e_FRP RAVE5 RAVE6 e_Gmag e_BPmag e_RPmag e_BP-RP SkyCoord.ra SkyCoord.dec SkyCoord.distance SkyCoord.pm_ra_cosdec SkyCoord.pm_dec rmRA rmDE e_rmRA e_rmDE rRV e_rRV v_pec v_pec3d e_vpec e_vpec3d
[from data line 271]
98.91286732627 5.81733896365 0.0176 0.0176 18.5458 "" "" 3131904553275004800 1223.91748 0.7742 0.0233 1.102 -3.22 0.022 0.018 1.109 6486.7 4.1135 13.886661 0.911974 14.255386 13.343412 8.22 11.01 1192.86328 1261.60608 52514.90175 10.639 27118.0 34.67 36458.0 52.326 "" "" 0.0027640860232779085 0.003116387 0.0040880316 0.0072044185 98.91286732627 5.81733896365 1223.91748 1.1019999999999999 -3.22 2.646781804084778 -3.7510545563697817 0.16873336 0.16473335 -14.121538461538462 13.757818 26.63318923905467 30.145391315489793 4.423069934992019 7.5369846848342785
99.2049981779 5.98665979756 0.0142 0.013 3.357 "" "" 3131889847307340672 1453.974 0.6435 0.0155 -1.659 0.614 0.018 0.015 0.975 9233.0 4.2314 13.887185 0.656917 14.137643 13.480726 "" "" 1422.47571 1489.0127 52489.53649 16.414 30225.0 30.826 32127.0 21.64 "" "" 0.002776159856970315 0.003001869 0.003849489 0.006851358 99.2049981779 5.98665979756 1453.974 -1.6590000000000005 0.6139999999999993 -0.1142181959152222 0.0829454436302185 0.16473335 0.16173336 "" "" 0.9728418464366704 "" 0.1592578386002983 ""
99.35501555463 5.57962417511 0.0351 0.0341 22.9673 "" "" 3131840674219952896 1520.81567 0.6157 0.0393 -3.11 -2.983 0.046 0.046 2.217 "" "" 13.899277 0.921276 14.036807 13.115531 36.14 6.09 1423.70544 1600.66626 51908.21499 39.344 33166.0 66.533 44972.0 134.85 "" "" 0.002875589533437048 0.0035396272 0.004988262 0.008527889 99.35501555463 5.57962417511 1520.81567 -3.1100000000000008 -2.9829999999999943 -1.565218195915222 -3.5140545563697816 0.19273336 0.19273336 13.798461538461538 8.837818 27.730875707962994 30.97416679038993 5.34466491519289 6.196548971604033
99.43685478504 5.68820198949 0.0142 0.0129 20.2126 "" "" 3131843182481165824 1394.18286 0.6719 0.0158 0.052 0.203 0.018 0.016 1.037 8137.8 4.1331 13.906135 0.664846 14.161675 13.496828 "" "" 1363.78613 1425.71375 51581.37277 14.528 29563.0 36.516 31654.0 22.606 "" "" 0.002772237893515346 0.0030957358 0.0038581025 0.0069538383 99.43685478504 5.68820198949 1394.18286 0.05199999999999999 0.20300000000000004 1.5967818040847779 -0.3280545563697815 0.16473335 0.16273336 "" "" 10.77261113675386 "" 1.7737408492054567 ""
99.30574849506 5.52062484919 0.0155 0.0141 25.379 "" "" 3131834253250973184 1217.0686 0.7832 0.0165 -3.864 4.965 0.021 0.019 1.033 6934.6 4.2433 13.909293 0.743131 14.200365 13.457234 43.63 9.18 1194.63806 1243.36584 51431.52278 16.224 28528.0 27.736 32830.0 25.262 "" "" 0.002776525076170984 0.0029831738 0.0038706209 0.0068537947 99.30574849506 5.52062484919 1217.0686 -3.864 4.964999999999998 -2.319218195915222 4.433945443630218 0.16773336 0.16573335 21.28846153846154 11.927818 28.866811281989207 35.86769282048311 4.796654304927645 8.063618321753195
99.29655565686 6.48323057348 0.0167 0.0165 33.6235 "" "" 3133467783931228928 1204.29736 0.7877 0.0198 -0.5 -1.092 0.02 0.02 1.146 7522.8 4.2035 13.911584 0.65482 14.164173 13.509353 "" "" 1176.43127 1229.25476 51323.13026 20.953 29495.0 41.338 31291.0 21.734 "" "" 0.002790746807797236 0.003178141 0.0038538857 0.0070320265 99.29655565686 6.48323057348 1204.29736 -0.5 -1.092 1.0447818040847778 -1.6230545563697816 0.16673335 0.16673335 "" "" 11.018595059582154 "" 1.8371673142887914 ""
99.23974633964 5.62579887477 0.0182 0.0174 18.4386 "" "" 3131844556873881728 1331.25073 0.7067 0.0213 1.84 -3.956 0.024 0.024 1.184 8990.4 4.1895 13.925939 0.644012 14.170277 13.526264 "" "" 1290.32336 1373.89294 50649.04471 19.083 29330.0 31.552 30807.0 33.964 "" "" 0.0027855213613789498 0.0030247725 0.0039644083 0.006989181 99.23974633964 5.62579887477 1331.25073 1.8400000000000005 -3.956 3.3847818040847777 -4.487054556369781 0.17073336 0.17073336 "" "" 35.466293804766224 "" 6.055279594441259 ""
99.30812501625 5.78801539599 0.0167 0.0158 10.6575 "" "" 3131848680039538048 1396.0072 0.6707 0.0196 -1.692 -2.218 0.021 0.018 1.134 6439.0 3.9928 13.927506 0.920606 14.299746 13.379141 63.31 4.63 1362.276 1440.96008 50575.95164 12.252 26033.0 23.914 35278.0 27.678 "" "" 0.002767845449972015 0.002963069 0.00387419 0.006837259 99.30812501625 5.78801539599 1396.0072 -1.692 -2.218 -0.14721819591522212 -2.7490545563697815 0.16773336 0.16473335 40.96846153846154 7.377818 18.216763193167143 44.83598222481952 3.001066131806962 6.850795724030391
98.82280929617 5.82164276792 0.0164 0.0163 23.555 "" "" 3131905309189282560 1478.97473 0.6329 0.0192 -1.674 0.48 0.021 0.018 0.934 9282.3 4.189 13.929398 0.662773 14.183665 13.520892 "" "" 1434.73206 1518.69666 50487.96725 19.451 28970.0 31.991 30960.0 18.135 "" "" 0.0027868901362792754 0.0030368646 0.003832518 0.006869382 98.82280929617 5.82164276792 1478.97473 -1.674 0.47999999999999954 -0.1292181959152221 -0.05105455636978151 0.16773336 0.16473335 "" "" 0.9740062328778382 "" 0.16298183885055326 ""
99.21239889527 6.23389348694 0.0159 0.0145 18.1967 "" "" 3131950354805923968 1198.1001 0.7928 0.0174 0.363 -3.854 0.021 0.017 1.035 7208.0 4.2827 13.932431 0.743111 14.223378 13.480268 "" "" 1179.17896 1221.9552 50347.06972 21.198 27930.0 38.871 32140.0 59.307 "" "" 0.0027929844780915166 0.003173062 0.004277575 0.007450637 99.21239889527 6.23389348694 1198.1001 0.363 -3.8539999999999988 1.9077818040847778 -4.385054556369782 0.16773336 0.16373336 "" "" 27.157433058362432 "" 4.46404376967984 ""
99.70245421228 5.59463160731 0.0158 0.0144 36.0513 "" "" 3131110705878884224 1251.13379 0.7556 0.0182 -1.0 -4.018 0.019 0.016 1.05 5817.3 4.0607 13.935189 0.969193 14.31486 13.345667 6.61 3.81 1229.63354 1280.6156 50219.33888 13.878 25673.0 22.9 36382.0 26.958 "" "" 0.002771608528388185 0.0029534672 0.003864058 0.0068175253 99.70245421228 5.59463160731 1251.13379 -1.0 -4.018 0.5447818040847778 -4.549054556369781 0.16573335 0.16273336 -15.731538461538463 6.5578184 27.17036022769642 31.396015308788016 4.422686994383145 5.044445606853436
98.89394668676 6.39167401596 0.0165 0.0146 33.1988 "" "" 3132150397203700096 1372.13733 0.6825 0.0184 -1.415 2.891 0.021 0.017 0.995 "" "" 13.945596 0.697933 14.216062 13.518128 "" "" 1339.22412 1407.13184 49740.30765 22.416 28119.0 25.117 31039.0 21.289 "" "" 0.002798428578173566 0.0029539133 0.003852049 0.006805962 98.89394668676 6.39167401596 1372.13733 -1.4149999999999987 2.891 0.1297818040847778 2.3599454436302185 0.16773336 0.16373336 "" "" 15.372114485158434 "" 2.5171156590632915 ""
99.76693054263 5.95354402064 0.0178 0.0173 33.7469 "" "" 3131877958838116096 1402.35938 0.6716 0.0215 0.292 -3.772 0.021 0.018 1.08 8823.6 4.1755 13.947698 0.651974 14.19763 13.545656 "" "" 1365.22656 1444.71313 49644.12318 19.065 28600.0 39.267 30262.0 22.508 "" "" 0.002786690536912554 0.0031634143 0.0038646923 0.0070281066 99.76693054263 5.95354402064 1402.35938 0.292 -3.7719999999999994 1.8367818040847779 -4.303054556369782 0.16773336 0.16473335 "" "" 31.100043867657146 "" 5.137704624179441 ""
99.02217778383 5.74182381641 0.0157 0.0154 15.609 "" "" 3131856106044424960 1423.80859 0.6605 0.0184 -0.95 -1.413 0.018 0.016 0.921 9473.2 4.0796 13.956485 0.844105 14.290582 13.446477 "" "" 1385.49988 1461.12122 49243.95801 12.939 26253.0 27.697 33156.0 24.063 "" "" 0.0027700495221637035 0.0030161424 0.0038606515 0.0068767937 99.02217778383 5.74182381641 1423.80859 -0.9499999999999994 -1.4130000000000003 0.5947818040847779 -1.9440545563697815 0.16473335 0.16273336 "" "" 13.720458259460157 "" 2.2351382087912115 ""
99.46735450136 6.34420360794 0.0185 0.0181 29.4284 "" "" 3133451050739088128 1364.42188 0.6858 0.0225 -1.662 3.016 0.025 0.022 1.167 7422.9 4.1831 13.971081 0.902528 14.335459 13.432931 "" "" 1328.61658 1402.32458 48586.36439 18.246 25190.0 44.216 33573.0 39.281 "" "" 0.0027853252815999807 0.0033789189 0.0039871624 0.0073660812 99.46735450136 6.34420360794 1364.42188 -1.662 3.016 -0.11721819591522209 2.4849454436302185 0.17173336 0.16873336 "" "" 16.088906223047285 "" 2.7148432919481253 ""
99.2238051866 5.78097471806 0.023 0.0218 9.0837 "" "" 3131860023054516096 1477.62927 0.6343 0.0268 -0.907 -6.903 0.028 0.024 1.527 5928.8 3.6675 13.972477 0.933162 14.352353 13.419191 41.67 3.69 1429.68811 1535.34265 48523.93904 11.951 24801.0 20.399 34000.0 23.176 "" "" 0.002768265850077402 0.0029295979 0.0038511632 0.0067807613 99.2238051866 5.78097471806 1477.62927 -0.9069999999999989 -6.902999999999994 0.6377818040847778 -7.434054556369781 0.17473336 0.17073336 19.32846153846154 6.4378185 52.25910607410473 55.71896977788011 8.923917972372509 8.662601168309175
99.30387467104 6.49211340333 0.016 0.0157 34.2239 "" "" 3133467887010887296 1325.80981 0.7121 0.019 -2.48 -0.211 0.019 0.019 0.974 "" "" 13.973972 0.67357 14.23298 13.55941 "" "" 1297.16541 1357.30286 48457.16302 16.101 27684.0 30.243 29881.0 30.762 "" "" 0.00277883746410855 0.0030318105 0.003941204 0.006973014 99.30387467104 6.49211340333 1325.80981 -2.480000000000003 -0.21100000000000002 -0.9352181959152222 -0.7420545563697815 0.16573335 0.16573335 "" "" 7.502558086276113 "" 1.2434241024903088 ""
98.88306441375 6.23663624889 0.0171 0.0159 26.4312 "" "" 3131959082179615104 1495.61646 0.6272 0.0188 -0.99 -1.036 0.02 0.017 1.071 9199.8 4.252 13.980841 0.554044 14.188929 13.634885 "" "" 1454.37732 1537.50806 48151.55692 17.988 28830.0 24.196 27874.0 21.385 "" "" 0.002785013458125793 0.002935195 0.0038700881 0.006805283 98.88306441375 6.23663624889 1495.61646 -0.99 -1.0359999999999998 0.5547818040847778 -1.5670545563697815 0.16673335 0.16373336 "" "" 11.784843517107447 "" 1.9335417092584823 ""
99.28731134787 6.05031584093 0.0159 0.014 8.7977 "" "" 3131892011970801408 1412.83325 0.666 0.0171 -1.562 0.669 0.02 0.017 1.056 7491.8 4.182 13.981107 0.684242 14.243319 13.559076 "" "" 1380.68701 1441.39172 48139.78682 18.24 27421.0 43.232 29890.0 40.886 "" "" 0.0027858615017085854 0.0032734107 0.0040607173 0.007334128 99.28731134787 6.05031584093 1412.83325 -1.562 0.6689999999999992 -0.017218195915222223 0.13794544363021854 0.16673335 0.16373336 "" "" 0.9309655835935601 "" 0.1524733573608357 ""
99.44177117236 5.88205225403 0.0166 0.015 14.6111 "" "" 3131874282345814912 1255.60864 0.7557 0.0186 -0.969 -1.963 0.021 0.019 0.958 7412.5 4.0472 13.988128 0.707142 14.264548 13.557406 25.58 18.4 1228.06494 1279.06604 47829.47747 22.517 26890.0 32.178 29936.0 31.269 "" "" 0.0028023298688740726 0.0030778397 0.0039458675 0.007023707 99.44177117236 5.88205225403 1255.60864 -0.9690000000000002 -1.9630000000000003 0.5757818040847779 -2.4940545563697816 0.16773336 0.16573335 3.238461538461536 21.147818 15.234003134646521 15.574417634136907 2.526332927963024 5.044127399521342
99.42636563966 5.45607835512 0.0293 0.0288 31.478 "" "" 3131085142233735680 1110.92798 0.857 0.0361 -0.992 -2.629 0.038 0.034 2.271 "" "" 13.989007 0.891683 14.34589 13.454207 43.15 6.41 1066.57544 1152.26807 47790.76582 18.09 24949.0 26.782 32921.0 29.019 "" "" 0.002785801957360893 0.003023814 0.003898675 0.006922489 99.42636563966 5.45607835512 1110.92798 -0.9920000000000004 -2.6290000000000004 0.5527818040847778 -3.1600545563697815 0.18473336 0.18073335 20.808461538461536 9.157818 16.892885957807316 26.802269821437076 3.055135734245808 7.365991904422349
99.64476829368 6.04318866379 0.0268 0.0274 27.2736 "" "" 3131883147158169600 1143.6189 0.8313 0.0342 -1.485 -2.695 0.035 0.029 1.752 6251.2 4.0102 13.997165 0.857411 14.313811 13.4564 47.62 10.93 1102.20862 1184.86609 47433.04847 12.476 25698.0 67.166 32855.0 88.093 "" "" 0.0027700797632940785 0.003979684 0.0047705877 0.008750271 99.64476829368 6.04318866379 1143.6189 -1.485 -2.695000000000001 0.059781804084777734 -3.2260545563697813 0.18173335 0.17573336 25.278461538461535 13.677818 17.490649137090074 30.73960677998775 3.0737271403014126 11.382999879573397
98.62347875117 5.93250067779 0.0175 0.0181 34.52 "" "" 3131921045949491840 1473.81213 0.6344 0.021 0.4 -3.045 0.019 0.018 0.971 7191.9 3.9882 14.002795 1.112308 14.472976 13.360668 26.5 9.18 1430.87695 1522.01758 47187.67506 11.794 22194.0 30.818 35883.0 26.7 "" "" 0.0027686511853095433 0.0031714318 0.0038647635 0.007036195 98.62347875117 5.93250067779 1473.81213 0.4000000000000001 -3.045 1.9447818040847777 -3.5760545563697814 0.16573335 0.16473335 4.1584615384615375 11.927818 28.437159262602176 28.739603847190807 4.691054488028033 4.952166976915545
99.20200518884 5.44115502041 0.0171 0.0181 29.3783 "" "" 3131832015565888640 1547.94104 0.608 0.0203 -4.651 -0.277 0.021 0.018 0.927 5025.3 3.2536 14.00511 1.745142 14.849351 13.104209 7.25 2.47 1501.19922 1598.26196 47087.2162 9.7593 15692.0 22.947 45444.0 32.343 "" "" 0.002764494131347276 0.0032102773 0.003857569 0.007067846 99.20200518884 5.44115502041 1547.94104 -4.6509999999999945 -0.27699999999999936 -3.106218195915222 -0.8080545563697815 0.16773336 0.16473335 -15.091538461538462 5.2178183 23.549620333273936 27.970326257972822 3.9456163989569353 4.354502156832328
99.08309559521 5.87565703418 0.0155 0.0144 7.8246 "" "" 3131864008784179200 1402.36194 0.6713 0.0168 -1.288 2.652 0.02 0.017 1.024 7233.5 3.9343 14.008681 1.047643 14.442861 13.395218 25.66 9.85 1365.47351 1438.73425 46932.55232 12.046 22818.0 30.459 34759.0 43.767 "" "" 0.002769376709403793 0.0031441308 0.004019045 0.0071631754 99.08309559521 5.87565703418 1402.36194 -1.288 2.6520000000000006 0.2567818040847778 2.1209454436302186 0.16673335 0.16373336 3.3184615384615377 12.597818 14.201288815495674 14.583853777495545 2.325845791120657 3.653299002884368
99.46310201563 6.19576594391 0.016 0.0149 22.2625 "" "" 3131900739344217472 1250.98364 0.7559 0.0183 -0.741 -6.042 0.021 0.019 1.032 6570.4 4.0565 14.011354 0.889493 14.369557 13.480064 42.47 7.34 1226.25964 1275.35754 46817.12957 12.232 24411.0 30.224 32146.0 27.129 "" "" 0.0027698843677100814 0.0030971188 0.0038888697 0.0069859885 99.46310201563 6.19576594391 1250.98364 -0.7410000000000001 -6.041999999999999 0.8037818040847778 -6.573054556369781 0.16773336 0.16573335 20.128461538461536 10.087818 39.26632657548414 44.12481576888336 6.5089038492789335 7.397711009763852
99.07301163188 5.59543599056 0.2274 0.2305 21.5425 "" "" 3131839299830573312 1121.66724 1.0543 0.2974 -2.121 -0.245 0.283 0.233 16.622 7492.1 4.1652 14.017372 0.955719 14.377765 13.422046 "" "" 824.452148 1915.94373 46558.393 84.616 24228.0 37.092 33911.0 36.394 "" "" 0.0033890184159241716 0.003247769 0.0039549335 0.0072027026 99.07301163188 5.59543599056 1121.66724 -2.121 -0.24500000000000002 -0.5762181959152222 -0.7760545563697815 0.42973334 0.37973335 "" "" 5.139049280909595 "" 2.046482947202588 ""
99.54073535383 5.82894777084 0.0159 0.0143 21.1259 "" "" 3131870021738242304 1085.95947 0.8772 0.018 -1.963 -4.463 0.02 0.017 0.987 6597.2 4.1711 14.018566 0.876761 14.372913 13.496153 28.19 8.76 1067.32581 1104.18018 46507.20351 13.785 24336.0 37.252 31674.0 21.292 "" "" 0.002774050554346077 0.003247647 0.00384921 0.007096857 99.54073535383 5.82894777084 1085.95947 -1.963 -4.463000000000005 -0.41821819591522225 -4.994054556369782 0.16673335 0.16373336 5.848461538461539 11.507818 25.796617466483053 26.451275490586884 4.224310786267754 4.842156458658663
99.20589967242 6.00685828132 0.0152 0.0141 4.5701 "" "" 3131890431422883456 1154.60132 0.8275 0.0165 2.187 -2.678 0.019 0.016 1.004 5676.0 3.8091 14.032989 1.048197 14.473706 13.425509 -15.12 3.51 1122.6991 1176.24146 45893.47681 9.1449 22179.0 25.425 33803.0 23.839 "" "" 0.0027638009593977113 0.0030551879 0.0038561665 0.006911354 99.20589967242 6.00685828132 1154.60132 2.187 -2.678 3.7317818040847777 -3.2090545563697814 0.16573335 0.16273336 -37.46153846153846 6.257818 26.936139423745512 46.14024784242909 4.430044207638155 5.701104197748551
