Clusters/Collinder_106/Collinder_106_stars_in_region.tsv
# %ECSV 1.0
# ---
# datatype:
# - name: RA_ICRS_1
#   unit: deg
#   datatype: float64
#   format: '{:15.11f}'
#   description: Right ascension (ICRS) at Ep=2016.0 (ra)
#   meta: !!omap
#   - {ucd: POS_EQ_RA_MAIN}
#   - {width: 15}
#   - {precision: '11'}
# - name: DE_ICRS_1
#   unit: deg
#   datatype: float64
#   format: '{:15.11f}'
#   description: Declination (ICRS) at Ep=2016.0 (dec)
#   meta: !!omap
#   - {ucd: POS_EQ_DEC_MAIN}
#   - {width: 15}
#   - {precision: '11'}
# - name: e_RA_ICRS
#   unit: mas
#   datatype: float64
#   format: '{:7.4f}'
#   description: Standard error of right ascension (ra_error)
#   meta: !!omap
#   - {ucd: ERROR}
#   - {width: 7}
#   - {precision: '4'}
# - name: e_DE_ICRS
#   unit: mas
#   datatype: float64
#   format: '{:7.4f}'
#   description: Standard error of declination (dec_error)
#   meta: !!omap
#   - {ucd: ERROR}
#   - {width: 7}
#   - {precision: '4'}
# - name: _r_1
#   unit: ''
#   datatype: float64
#   format: '{:7.4f}'
#   description: Distance from center (099.20190653000+05.93079414000)[ICRS], at Epoch=J2016.0
#   meta: !!omap
#   - {ucd: POS_ANG_DIST_GENERAL}
#   - {width: 7}
#   - {precision: '4'}
# - name: HIP
#   datatype: int32
#   description: '? HIP cross-id number, van Leeuwen, Cat. I/311 (hip_original_ext_source_id)'
#   meta: !!omap
#   - {ucd: ID_NUMBER}
#   - {width: 6}
#   - values: {'null': -2147483648}
# - name: TYC2
#   datatype: string
#   description: Tycho-2 cross-id name, Hog et al., Cat. I/259 (tyc2_original_ext_source_id)
#   meta: !!omap
#   - {ucd: ID_CROSSID}
#   - {_votable_string_dtype: char}
# - name: Source
#   datatype: int64
#   description: Source identifier, identical to the Gaia-EDR3 source_id (id)
#   meta: !!omap
#   - {ucd: ID_MAIN}
#   - {width: 19}
# - name: rgeo
#   unit: pc
#   datatype: float64
#   format: '{:15.8f}'
#   description: '? Median of the geometric distance posterior (r_med_geo)'
#   meta: !!omap
#   - {ucd: PHYS_DISTANCE_TRUE}
#   - {width: 15}
#   - {precision: '8'}
#   - values: {'null': .nan}
# - name: Plx
#   unit: mas
#   datatype: float64
#   format: '{:9.4f}'
#   description: '? Parallax (parallax)'
#   meta: !!omap
#   - {ucd: POS_PARLX_TRIG}
#   - {width: 9}
#   - {precision: '4'}
#   - values: {'null': .nan}
# - name: e_Plx
#   unit: mas
#   datatype: float32
#   format: '{:7.4f}'
#   description: '? Standard error of parallax (parallax_error)'
#   meta: !!omap
#   - {ucd: ERROR}
#   - {width: 7}
#   - {precision: '4'}
#   - values: {'null': .nan}
# - name: pmRA
#   unit: mas / yr
#   datatype: float64
#   format: '{:9.3f}'
#   description: '? Proper motion in right ascension direction, pmRA*cosDE (pmra)'
#   meta: !!omap
#   - {ucd: POS_EQ_PMRA}
#   - {width: 9}
#   - {precision: '3'}
#   - values: {'null': .nan}
# - name: pmDE
#   unit: mas / yr
#   datatype: float64
#   format: '{:9.3f}'
#   description: '? Proper motion in declination direction (pmdec)'
#   meta: !!omap
#   - {ucd: POS_EQ_PMDEC}
#   - {width: 9}
#   - {precision: '3'}
#   - values: {'null': .nan}
# - name: e_pmRA
#   unit: mas / yr
#   datatype: float32
#   format: '{:6.3f}'
#   description: '? Standard error of proper motion in right ascension direction (pmra_error)'
#   meta: !!omap
#   - {ucd: ERROR}
#   - {width: 6}
#   - {precision: '3'}
#   - values: {'null': .nan}
# - name: e_pmDE
[...]
#         unit: &id001 !astropy.units.Unit {unit: deg}
#         value: !astropy.table.SerializedColumn {name: SkyCoord.dec}
#       distance: !astropy.table.SerializedColumn
#         __class__: astropy.coordinates.distances.Distance
#         unit: !astropy.units.Unit {unit: pc}
#         value: !astropy.table.SerializedColumn {name: SkyCoord.distance}
#       frame: icrs
#       obstime: !astropy.time.Time {format: jyear_str, in_subfmt: '*', jd1: 367701545.0, jd2: 0.0, out_subfmt: '*', precision: 3, scale: tt}
#       pm_dec: !astropy.table.SerializedColumn
#         __class__: astropy.units.quantity.Quantity
#         unit: !astropy.units.Unit {unit: mas / yr}
#         value: !astropy.table.SerializedColumn {name: SkyCoord.pm_dec}
#       pm_ra_cosdec: !astropy.table.SerializedColumn
#         __class__: astropy.units.quantity.Quantity
#         unit: !astropy.units.Unit {unit: mas / yr}
#         value: !astropy.table.SerializedColumn {name: SkyCoord.pm_ra_cosdec}
#       ra: !astropy.table.SerializedColumn
#         __class__: astropy.coordinates.angles.Longitude
#         unit: *id001
#         value: !astropy.table.SerializedColumn {name: SkyCoord.ra}
#         wrap_angle: !astropy.coordinates.Angle
#           unit: *id001
#           value: 360.0
#       representation_type: spherical
# schema: astropy-2.0
RA_ICRS_1 DE_ICRS_1 e_RA_ICRS e_DE_ICRS _r_1 HIP TYC2 Source rgeo Plx e_Plx pmRA pmDE e_pmRA e_pmDE RUWE Teff logg Gmag BP-RP BPmag RPmag RV e_RV b_rgeo B_rgeo FG e_FG FBP e_FBP FRP e_FRP RAVE5 RAVE6 e_Gmag e_BPmag e_RPmag e_BP-RP SkyCoord.ra SkyCoord.dec SkyCoord.distance SkyCoord.pm_ra_cosdec SkyCoord.pm_dec
[from data line 1682]
99.28703017474 5.75826308994 0.0617 0.0574 11.5315 "" "" 3131848027204653696 1555.1283 0.6336 0.0706 -0.393 -1.337 0.082 0.067 1.052 4968.4 4.7313 16.790543 1.251362 17.344688 16.093327 "" "" 1385.10852 1709.92529 3620.17848 3.2044 1575.9 15.6 2896.2 14.764 "" "" 0.0029181133394687643 0.011104081 0.0067020473 0.017806128 99.28703017474 5.75826308994 1555.1283 -0.3929999999999999 -1.337
99.52229366304 6.04001525164 0.0678 0.0621 20.2104 "" "" 3131893519499160832 1413.29089 0.6903 0.0744 -2.064 0.51 0.085 0.079 1.13 4986.8 4.7535 16.790855 1.285908 17.36153 16.075623 "" "" 1288.79468 1570.44263 3619.13193 6.7165 1551.7 13.924 2943.8 20.297 "" "" 0.003413471377615025 0.010134387 0.008385906 0.018520292 99.52229366304 6.04001525164 1413.29089 -2.064 0.51
99.39739295956 5.65678008212 0.0552 0.0529 20.1612 "" "" 3131842804524007040 1093.52283 0.889 0.0641 2.647 -8.54 0.074 0.063 1.024 4645.1 4.5588 16.794521 1.346985 17.396145 16.04916 "" "" 1019.42651 1168.62683 3606.93156 2.5661 1503.0 9.43 3016.4 16.909 "" "" 0.002861544987958891 0.007361311 0.00716427 0.014525581 99.39739295956 5.65678008212 1093.52283 2.647 -8.539999999999997
99.59073305137 5.87922004546 0.0594 0.053 23.4112 "" "" 3131870807711556096 1116.94849 0.8793 0.0648 -2.695 -3.369 0.077 0.066 1.044 4384.7 4.3907 16.795406 1.332632 17.41031 16.077679 "" "" 1043.18921 1182.67273 3603.99806 3.0919 1483.5 16.509 2938.2 13.334 "" "" 0.0029085066798760313 0.012400499 0.0062097814 0.01861028 99.59073305137 5.87922004546 1116.94849 -2.695 -3.3690000000000007
99.06593552629 6.2618827339 0.0546 0.05 21.4578 "" "" 3131957123674432000 1202.56531 0.8044 0.0643 -0.396 -2.74 0.065 0.057 1.004 4194.1 4.3521 16.797304 1.512559 17.50123 15.988671 "" "" 1119.56384 1294.31372 3597.69954 2.8161 1364.3 14.322 3189.3 15.76 "" "" 0.0028834097231726715 0.011734271 0.0065626972 0.018296968 99.06593552629 6.2618827339 1202.56531 -0.39599999999999996 -2.7400000000000007
98.71189153531 6.1911526294 0.0611 0.0566 33.1482 "" "" 3131934583686252800 1452.3689 0.6792 0.0706 -7.602 -5.771 0.089 0.072 0.987 5107.6 4.7258 16.801813 1.28343 17.373966 16.090536 "" "" 1294.9281 1590.19397 3582.79411 3.1131 1534.0 17.189 2903.6 14.954 "" "" 0.002912351557304544 0.012481898 0.006749147 0.019231046 98.71189153531 6.1911526294 1452.3689 -7.601999999999999 -5.770999999999998
99.17093565389 6.21352524629 0.0561 0.0503 17.0642 "" "" 3131944410565605504 1617.32654 0.6039 0.0626 1.648 0.553 0.072 0.06 1.003 4503.8 4.3498 16.803688 1.26655 17.064735 15.798185 "" "" 1466.92334 1832.61304 3576.60641 5.0932 2039.5 53.802 3800.9 58.493 "" "" 0.003159475278205422 0.028777296 0.017130768 0.045908064 99.17093565389 6.21352524629 1617.32654 1.6480000000000001 0.553
99.61202955994 5.85748706862 0.0576 0.051 24.8693 "" "" 3131870498473843200 1572.25415 0.615 0.0624 0.75 4.046 0.074 0.064 1.017 5201.2 4.7459 16.806564 1.311592 17.393389 16.081797 "" "" 1429.55786 1752.89172 3567.14602 2.8546 1506.8 7.8663 2927.1 17.173 "" "" 0.002889066135701121 0.0063176467 0.0074067134 0.013724361 99.61202955994 5.85748706862 1572.25415 0.7500000000000002 4.046000000000001
99.62415113471 5.52773731661 0.0522 0.0493 34.9326 "" "" 3131086512324034816 1179.64185 0.8249 0.0596 1.76 -0.63 0.062 0.058 1.025 4808.5 4.7445 16.807953 1.228769 17.339964 16.111195 "" "" 1114.35352 1263.47754 3562.58572 2.5124 1582.8 11.53 2848.9 8.0205 "" "" 0.002859730142054293 0.008386838 0.004860757 0.013247595 99.62415113471 5.52773731661 1179.64185 1.76 -0.6299999999999999
99.29132134369 5.90361758981 0.1252 0.126 5.5799 "" "" 3131885414897325056 1456.96509 0.7403 0.1038 -0.437 -0.033 0.135 0.124 1.001 "" "" 16.814219 "" "" "" "" "" 1263.88342 1643.16418 3542.08669 6.3414 "" "" "" "" "" "" 0.0033719616272196856 "" "" "" 99.29132134369 5.90361758981 1456.96509 -0.437 -0.033
99.1439571073 5.87035239435 0.0533 0.0505 5.0113 "" "" 3131864730338664320 1152.52148 0.8379 0.0618 -5.222 -3.161 0.063 0.056 1.015 4611.6 4.727 16.81461 1.388006 17.44256 16.054554 "" "" 1061.04688 1241.60535 3540.8122 2.7402 1440.1 9.3391 3001.5 9.1962 "" "" 0.002880589135550313 0.0075737215 0.0050348463 0.012608567 99.1439571073 5.87035239435 1152.52148 -5.222 -3.161
99.04747091057 6.34868298531 0.0618 0.0565 26.7124 "" "" 3131958841661316992 1499.16174 0.6497 0.0698 -0.917 0.206 0.072 0.062 1.038 5081.4 4.7493 16.81482 1.112179 17.282244 16.170065 "" "" 1364.651 1681.1665 3540.12866 2.9649 1669.2 12.927 2698.6 14.89 "" "" 0.002901490435155565 0.008859253 0.007083269 0.015942521 99.04747091057 6.34868298531 1499.16174 -0.9170000000000001 0.20599999999999996
98.9691872765 5.71036258177 0.0673 0.0714 19.1804 "" "" 3131855625008110080 1165.42957 0.8333 0.0883 -5.717 -13.362 0.07 0.063 0.919 5138.0 4.7608 16.817663 1.416197 17.458931 16.042734 "" "" 1066.81738 1305.12207 3530.86683 2.7227 1418.6 9.2522 3034.3 11.131 "" "" 0.0028797112591424645 0.0076111117 0.0054906523 0.013101764 98.9691872765 5.71036258177 1165.42957 -5.7170000000000005 -13.362000000000004
99.15778073604 5.93816860014 0.0542 0.0506 2.6703 "" "" 3131866173447643776 1563.98694 0.6319 0.0616 -1.598 0.651 0.067 0.058 0.945 4627.3 4.2937 16.8182 1.760544 17.675064 15.91452 "" "" 1435.64319 1731.92542 3529.12663 7.4178 1162.5 11.271 3414.7 24.008 "" "" 0.003577668279781362 0.010890236 0.008517929 0.019408166 99.15778073604 5.93816860014 1563.98694 -1.598 0.651
99.50801522265 6.32891262241 0.0666 0.0633 30.0678 "" "" 3133450050006844928 1204.97266 0.7887 0.0838 1.44 -1.122 0.092 0.066 1.014 4401.1 4.4032 16.818907 1.331196 17.409754 16.078558 "" "" 1092.6908 1350.81934 3526.82695 3.0262 1484.3 10.214 2935.9 17.067 "" "" 0.002908556538886658 0.007975334 0.0073566404 0.015331974 99.50801522265 6.32891262241 1204.97266 1.4400000000000002 -1.122
99.56627079235 5.66755204996 0.0576 0.0537 26.8799 "" "" 3131115688040970112 1413.63049 0.7011 0.0626 -1.225 -3.097 0.071 0.066 1.146 4867.5 4.7418 16.819422 1.26226 17.374247 16.111986 "" "" 1278.59082 1602.00073 3525.15292 2.9234 1533.6 15.264 2846.8 16.665 "" "" 0.0028987076713886655 0.011160782 0.0073946184 0.018555399 99.56627079235 5.66755204996 1413.63049 -1.225 -3.0970000000000004
98.78121886641 6.22963571419 0.0612 0.0561 30.846 "" "" 3131936404752340352 1332.90845 0.7377 0.0722 -4.037 -0.046 0.086 0.069 1.003 4885.0 4.7465 16.820337 1.301979 17.4059 16.10392 "" "" 1212.69739 1453.64954 3522.18483 2.607 1489.6 12.736 2868.1 11.78 "" "" 0.0028701222655054303 0.00969324 0.0058454997 0.015538739 98.78121886641 6.22963571419 1332.90845 -4.037 -0.046000000000000006
99.29406438271 5.76282189827 0.0668 0.0605 11.4817 "" "" 3131848061564403968 1449.1333 0.7 0.0753 2.659 -7.425 0.09 0.072 1.067 4770.5 4.558 16.820766 1.339666 17.424753 16.085087 "" "" 1311.85498 1645.41907 3520.79146 3.0694 1463.9 9.985 2918.3 14.8 "" "" 0.0029133694052306896 0.007913793 0.0066785133 0.014592307 99.29406438271 5.76282189827 1449.1333 2.659 -7.425
99.54662652341 5.98432989884 0.0672 0.0609 20.8208 "" "" 3131881016850272896 1513.70056 0.6437 0.0766 3.997 -9.744 0.08 0.076 1.033 "" "" 16.823004 1.223303 17.249687 16.026384 "" "" 1383.66919 1667.14172 3513.54 3.5969 1720.1 39.495 3080.4 48.295 "" "" 0.0029710624313520027 0.025085106 0.017436855 0.04252196 99.54662652341 5.98432989884 1513.70056 3.9970000000000008 -9.744
99.17389972236 6.24298981969 0.0557 0.0526 18.8061 "" "" 3131945303924395904 1293.9231 0.7605 0.0666 4.566 -10.271 0.072 0.06 1.032 4870.1 4.7208 16.823431 1.272001 17.387665 16.115664 "" "" 1198.66992 1394.76343 3512.16321 2.7379 1514.8 9.912 2837.2 15.899 "" "" 0.002882386928998698 0.007632707 0.007162495 0.014795202 99.17389972236 6.24298981969 1293.9231 4.566 -10.271
98.9268362905 5.5845634722 0.0753 0.0769 26.4802 "" "" 3131850058728742528 1490.76404 0.6714 0.0864 3.656 -0.774 0.087 0.08 1.046 4318.0 4.4384 16.82371 1.363276 17.42122 16.057945 "" "" 1351.52979 1774.35632 3511.25737 3.0158 1468.7 16.307 2992.1 23.884 "" "" 0.0029088497772047435 0.012373632 0.009454941 0.021828573 98.9268362905 5.5845634722 1490.76404 3.6560000000000006 -0.7739999999999998
99.5294486622 6.05296378138 0.0685 0.0634 20.8745 "" "" 3131893764317359232 1295.9707 0.7728 0.0719 3.098 -3.807 0.086 0.079 1.032 4773.6 4.7783 16.824331 1.226156 17.364069 16.137913 "" "" 1172.34729 1436.71741 3509.24694 3.1076 1548.1 13.84 2779.7 12.826 "" "" 0.0029182551101959698 0.010099537 0.0062754685 0.016375005 99.5294486622 6.05296378138 1295.9707 3.098 -3.807
99.02657625204 5.58072803727 0.0649 0.0688 23.4674 "" "" 3131837757944181632 1087.10327 0.9142 0.0885 -0.556 -5.233 0.08 0.065 1.05 4481.9 4.6674 16.826029 1.702898 17.644566 15.941668 "" "" 991.220215 1203.3551 3503.76865 2.8668 1195.6 11.46 3330.4 14.262 "" "" 0.0028949892918106 0.01077448 0.00599181 0.016766291 99.02657625204 5.58072803727 1087.10327 -0.556 -5.233
99.21072166925 6.25641832845 0.0559 0.0507 19.5445 "" "" 3131950457885128704 1388.02991 0.676 0.0634 -1.389 0.13 0.074 0.062 1.035 4899.5 4.7229 16.827541 1.259724 17.398563 16.13884 "" "" 1235.97803 1530.47937 3498.89154 3.7509 1499.7 12.991 2777.3 16.684 "" "" 0.002991076353476164 0.009810229 0.0075381896 0.017348418 99.21072166925 6.25641832845 1388.02991 -1.3889999999999998 0.13
99.30836912265 6.49457795168 0.0567 0.056 34.4179 "" "" 3133467917071065088 1186.59082 0.8257 0.0684 -17.137 -3.035 0.07 0.069 0.98 4815.0 4.7228 16.827616 1.207388 17.356916 16.149529 "" "" 1088.89172 1349.45361 3498.65051 2.8246 1558.3 14.297 2750.1 13.077 "" "" 0.002891391264226412 0.0103447335 0.0063982857 0.01674302 99.30836912265 6.49457795168 1186.59082 -17.136999999999997 -3.0350000000000006
98.89061718125 5.62122106357 0.071 0.0741 26.2739 "" "" 3131853357265426944 1294.52502 0.7825 0.0872 -1.415 0.909 0.078 0.073 1.121 5019.0 4.7699 16.8277 1.350323 17.432133 16.08181 "" "" 1164.68286 1487.62927 3498.37977 11.839 1454.0 19.79 2927.1 30.862 "" "" 0.0045926167787237095 0.01503876 0.01205525 0.02709401 98.89061718125 5.62122106357 1294.52502 -1.4150000000000003 0.909
99.24727151409 5.58348190667 0.0591 0.0603 21.014 "" "" 3131835623338551040 1250.63831 0.7917 0.0749 3.782 -6.061 0.076 0.063 1.056 4915.2 4.6894 16.83117 1.422848 17.473688 16.05084 "" "" 1163.51709 1382.61609 3487.21592 3.1979 1399.4 11.398 3011.8 21.195 "" "" 0.0029296970805885126 0.009272962 0.008524295 0.017797258 99.24727151409 5.58348190667 1250.63831 3.7819999999999996 -6.061
99.31422855391 5.76361737108 0.064 0.0611 12.0648 "" "" 3131848370802052096 1516.04785 0.6544 0.0719 3.466 -13.246 0.079 0.069 1.036 4833.5 4.6857 16.831703 1.162594 17.33075 16.168156 "" "" 1394.13464 1691.63428 3485.50103 2.8506 1596.3 13.59 2703.3 13.072 "" "" 0.0028948695183903172 0.009655284 0.006468991 0.016124275 99.31422855391 5.76361737108 1516.04785 3.466 -13.245999999999999
99.49540346099 5.82920487816 0.0608 0.0571 18.5474 "" "" 3131870159177212288 1172.17273 0.8635 0.0695 -0.171 -3.202 0.072 0.068 0.906 4615.2 4.7272 16.833115 1.328888 17.429995 16.101107 "" "" 1072.52771 1304.71704 3480.97362 2.937 1456.9 13.085 2875.5 12.014 "" "" 0.0029036131249002253 0.010142753 0.005904358 0.01604711 99.49540346099 5.82920487816 1172.17273 -0.17100000000000004 -3.202
99.27037143747 6.01177828749 0.0579 0.0503 6.3484 "" "" 3131889572429397632 1563.65088 0.6393 0.0616 -2.269 0.355 0.075 0.061 0.991 5028.1 4.6726 16.837355 1.466045 17.509985 16.04394 "" "" 1365.12769 1812.20325 3467.40745 4.8511 1353.4 15.927 3031.0 19.174 "" "" 0.0031462946769668623 0.013078195 0.007839494 0.02091769 99.27037143747 6.01177828749 1563.65088 -2.269 0.355
98.94276036091 5.57466461581 0.0826 0.0878 26.3802 "" "" 3131849302816299776 1408.40161 0.7169 0.0996 7.052 5.385 0.091 0.082 1.131 4470.6 4.6019 16.837732 1.52882 17.464567 15.935747 "" "" 1243.97388 1591.31946 3466.20335 4.6461 1411.2 11.192 3348.6 14.188 "" "" 0.0031160469959173416 0.00905157 0.005953663 0.015005233 98.94276036091 5.57466461581 1408.40161 7.051999999999999 5.385
99.46109514954 5.44139290077 0.0629 0.0608 33.1921 "" "" 3131084794336928256 1295.54956 0.7629 0.0723 -2.659 -3.818 0.076 0.07 1.103 4652.3 4.8069 16.840195 1.26936 17.380037 16.110678 "" "" 1197.87158 1425.22119 3458.34984 2.6964 1525.5 11.324 2850.3 11.168 "" "" 0.002882428429478363 0.008528878 0.0056904494 0.014219327 99.46109514954 5.44139290077 1295.54956 -2.6590000000000003 -3.818
99.66445685784 6.02802447407 0.0665 0.067 28.2118 "" "" 3131882322524448128 1552.60632 0.6604 0.0799 -1.476 0.997 0.082 0.069 1.076 4889.3 4.7305 16.842434 1.457577 17.521175 16.063599 "" "" 1367.80579 1802.43994 3451.2228 6.8539 1339.5 13.195 2976.6 19.305 "" "" 0.003498712363848052 0.011053209 0.007991769 0.019044979 99.66445685784 6.02802447407 1552.60632 -1.4759999999999998 0.9970000000000001
99.41145450417 6.4399418687 0.0581 0.0715 33.0072 "" "" 3133455861101994880 1270.15173 0.7682 0.0924 0.804 -5.503 0.072 0.066 0.98 4684.8 4.785 16.843674 1.254475 17.399136 16.14466 "" "" 1116.15015 1391.35681 3447.2839 2.6936 1498.9 10.613 2762.4 9.3027 "" "" 0.002882968023820786 0.008178262 0.0052585704 0.013436832 99.41145450417 6.4399418687 1270.15173 0.8040000000000003 -5.503
99.55408866744 5.75333991669 0.0584 0.052 23.5638 "" "" 3131867268658129664 1108.1106 0.8867 0.0625 5.056 -7.837 0.073 0.062 1.028 4526.9 4.7373 16.845781 1.299311 17.418219 16.118908 "" "" 1044.11206 1187.07861 3440.59731 2.5084 1472.8 16.735 2828.8 12.653 "" "" 0.002866769332598739 0.01264849 0.0061537363 0.018802226 99.55408866744 5.75333991669 1108.1106 5.056 -7.837
99.33845546582 5.88439705863 0.0631 0.0586 8.6118 "" "" 3131884349749195136 1251.81055 0.7937 0.0713 0.344 -2.472 0.078 0.067 1.165 4683.4 4.7408 16.84662 1.207153 17.383879 16.176725 "" "" 1157.36841 1384.08057 3437.94298 3.1086 1520.1 11.772 2682.1 23.027 "" "" 0.0029249916287987523 0.008859045 0.010058551 0.018917596 99.33845546582 5.88439705863 1251.81055 0.344 -2.472
99.65009499097 5.80322033287 0.056 0.0499 27.824 "" "" 3131118677338106496 1286.47852 0.7703 0.0589 -0.483 -11.072 0.071 0.058 0.974 4343.6 4.3793 16.84686 1.368427 17.449951 16.081524 "" "" 1192.08203 1373.69983 3437.18135 3.6966 1430.3 11.271 2927.8 12.874 "" "" 0.0029925355252290206 0.008999245 0.006089029 0.015088274 99.65009499097 5.80322033287 1286.47852 -0.4829999999999999 -11.072
99.32701062587 5.81981539436 0.0943 0.0845 10.0046 "" "" 3131848890495521536 1511.89783 0.6514 0.1036 -2.438 -2.793 0.117 0.096 1.784 4890.6 4.7319 16.847061 1.47032 17.471767 16.001448 "" "" 1299.66406 1810.90198 3436.5498 7.8249 1401.9 19.611 3151.9 22.819 "" "" 0.0037018203723692992 0.015442383 0.008721852 0.024164233 99.32701062587 5.81981539436 1511.89783 -2.438 -2.7929999999999997
99.26570145781 6.14207306282 0.0572 0.0517 13.2359 "" "" 3131940046885005952 1216.40137 0.8167 0.0647 -0.946 5.14 0.076 0.064 0.969 4582.6 4.6496 16.847548 1.460835 17.519823 16.058989 "" "" 1121.1615 1332.70325 3435.00751 2.5624 1341.2 15.47 2989.3 8.6204 "" "" 0.002871892080576609 0.012830423 0.0049078357 0.017738258 99.26570145781 6.14207306282 1216.40137 -0.946 5.139999999999999
99.24107146008 5.95675493457 0.0543 0.0487 2.8087 "" "" 3131888953954142208 1354.50549 0.7335 0.0598 -0.82 -2.043 0.065 0.057 0.912 5605.5 4.5933 16.849113 1.701283 17.658222 15.956939 "" "" 1259.17346 1498.17761 3430.05835 2.605 1180.7 9.8166 3283.8 13.094 "" "" 0.0028760588392537974 0.009448422 0.0057468913 0.015195314 99.24107146008 5.95675493457 1354.50549 -0.82 -2.0430000000000006
99.46155195733 6.39832166474 0.0606 0.0682 32.0436 "" "" 3133451806652866944 1539.74768 0.6322 0.0903 -1.649 -2.962 0.075 0.067 0.986 4801.9 4.8024 16.849573 1.272501 17.419476 16.146975 "" "" 1393.05908 1752.23364 3428.60689 4.1434 1471.0 11.739 2756.6 13.563 "" "" 0.003051781222608861 0.009102656 0.006543776 0.015646432 99.46155195733 6.39832166474 1539.74768 -1.6490000000000005 -2.9619999999999997
