Clusters/Collinder_106/Collinder_106_stars_in_region.tsv
# %ECSV 1.0
# ---
# datatype:
# - name: RA_ICRS_1
#   unit: deg
#   datatype: float64
#   format: '{:15.11f}'
#   description: Right ascension (ICRS) at Ep=2016.0 (ra)
#   meta: !!omap
#   - {ucd: POS_EQ_RA_MAIN}
#   - {width: 15}
#   - {precision: '11'}
# - name: DE_ICRS_1
#   unit: deg
#   datatype: float64
#   format: '{:15.11f}'
#   description: Declination (ICRS) at Ep=2016.0 (dec)
#   meta: !!omap
#   - {ucd: POS_EQ_DEC_MAIN}
#   - {width: 15}
#   - {precision: '11'}
# - name: e_RA_ICRS
#   unit: mas
#   datatype: float64
#   format: '{:7.4f}'
#   description: Standard error of right ascension (ra_error)
#   meta: !!omap
#   - {ucd: ERROR}
#   - {width: 7}
#   - {precision: '4'}
# - name: e_DE_ICRS
#   unit: mas
#   datatype: float64
#   format: '{:7.4f}'
#   description: Standard error of declination (dec_error)
#   meta: !!omap
#   - {ucd: ERROR}
#   - {width: 7}
#   - {precision: '4'}
# - name: _r_1
#   unit: ''
#   datatype: float64
#   format: '{:7.4f}'
#   description: Distance from center (099.20190653000+05.93079414000)[ICRS], at Epoch=J2016.0
#   meta: !!omap
#   - {ucd: POS_ANG_DIST_GENERAL}
#   - {width: 7}
#   - {precision: '4'}
# - name: HIP
#   datatype: int32
#   description: '? HIP cross-id number, van Leeuwen, Cat. I/311 (hip_original_ext_source_id)'
#   meta: !!omap
#   - {ucd: ID_NUMBER}
#   - {width: 6}
#   - values: {'null': -2147483648}
# - name: TYC2
#   datatype: string
#   description: Tycho-2 cross-id name, Hog et al., Cat. I/259 (tyc2_original_ext_source_id)
#   meta: !!omap
#   - {ucd: ID_CROSSID}
#   - {_votable_string_dtype: char}
# - name: Source
#   datatype: int64
#   description: Source identifier, identical to the Gaia-EDR3 source_id (id)
#   meta: !!omap
#   - {ucd: ID_MAIN}
#   - {width: 19}
# - name: rgeo
#   unit: pc
#   datatype: float64
#   format: '{:15.8f}'
#   description: '? Median of the geometric distance posterior (r_med_geo)'
#   meta: !!omap
#   - {ucd: PHYS_DISTANCE_TRUE}
#   - {width: 15}
#   - {precision: '8'}
#   - values: {'null': .nan}
# - name: Plx
#   unit: mas
#   datatype: float64
#   format: '{:9.4f}'
#   description: '? Parallax (parallax)'
#   meta: !!omap
#   - {ucd: POS_PARLX_TRIG}
#   - {width: 9}
#   - {precision: '4'}
#   - values: {'null': .nan}
# - name: e_Plx
#   unit: mas
#   datatype: float32
#   format: '{:7.4f}'
#   description: '? Standard error of parallax (parallax_error)'
#   meta: !!omap
#   - {ucd: ERROR}
#   - {width: 7}
#   - {precision: '4'}
#   - values: {'null': .nan}
# - name: pmRA
#   unit: mas / yr
#   datatype: float64
#   format: '{:9.3f}'
#   description: '? Proper motion in right ascension direction, pmRA*cosDE (pmra)'
#   meta: !!omap
#   - {ucd: POS_EQ_PMRA}
#   - {width: 9}
#   - {precision: '3'}
#   - values: {'null': .nan}
# - name: pmDE
#   unit: mas / yr
#   datatype: float64
#   format: '{:9.3f}'
#   description: '? Proper motion in declination direction (pmdec)'
#   meta: !!omap
#   - {ucd: POS_EQ_PMDEC}
#   - {width: 9}
#   - {precision: '3'}
#   - values: {'null': .nan}
# - name: e_pmRA
#   unit: mas / yr
#   datatype: float32
#   format: '{:6.3f}'
#   description: '? Standard error of proper motion in right ascension direction (pmra_error)'
#   meta: !!omap
#   - {ucd: ERROR}
#   - {width: 6}
#   - {precision: '3'}
#   - values: {'null': .nan}
# - name: e_pmDE
[...]
#         value: !astropy.table.SerializedColumn {name: SkyCoord.dec}
#       distance: !astropy.table.SerializedColumn
#         __class__: astropy.coordinates.distances.Distance
#         unit: !astropy.units.Unit {unit: pc}
#         value: !astropy.table.SerializedColumn {name: SkyCoord.distance}
#       frame: icrs
#       obstime: !astropy.time.Time {format: jyear_str, in_subfmt: '*', jd1: 367701545.0, jd2: 0.0, out_subfmt: '*', precision: 3, scale: tt}
#       pm_dec: !astropy.table.SerializedColumn
#         __class__: astropy.units.quantity.Quantity
#         unit: !astropy.units.Unit {unit: mas / yr}
#         value: !astropy.table.SerializedColumn {name: SkyCoord.pm_dec}
#       pm_ra_cosdec: !astropy.table.SerializedColumn
#         __class__: astropy.units.quantity.Quantity
#         unit: !astropy.units.Unit {unit: mas / yr}
#         value: !astropy.table.SerializedColumn {name: SkyCoord.pm_ra_cosdec}
#       ra: !astropy.table.SerializedColumn
#         __class__: astropy.coordinates.angles.Longitude
#         unit: *id001
#         value: !astropy.table.SerializedColumn {name: SkyCoord.ra}
#         wrap_angle: !astropy.coordinates.Angle
#           unit: *id001
#           value: 360.0
#       representation_type: spherical
# schema: astropy-2.0
RA_ICRS_1 DE_ICRS_1 e_RA_ICRS e_DE_ICRS _r_1 HIP TYC2 Source rgeo Plx e_Plx pmRA pmDE e_pmRA e_pmDE RUWE Teff logg Gmag BP-RP BPmag RPmag RV e_RV b_rgeo B_rgeo FG e_FG FBP e_FBP FRP e_FRP RAVE5 RAVE6 e_Gmag e_BPmag e_RPmag e_BP-RP SkyCoord.ra SkyCoord.dec SkyCoord.distance SkyCoord.pm_ra_cosdec SkyCoord.pm_dec rmRA rmDE e_rmRA e_rmDE rRV e_rRV v_pec v_pec3d e_vpec e_vpec3d
[from data line 1403]
98.81885845582 6.2869317311 0.0523 0.0471 31.2863 "" "" 3131960353489938688 1473.99658 0.6598 0.0553 -0.365 -4.741 0.07 0.056 0.962 5011.1 4.5133 16.376783 1.330629 16.943148 15.612518 "" "" 1367.84473 1606.52539 5299.48062 3.9856 2281.2 18.78 4509.7 17.882 "" "" 0.0028737691659465893 0.009363699 0.005728737 0.015092436 98.81885845582 6.2869317311 1473.99658 -0.365 -4.741 1.1797818040847778 -5.272054556369781 0.21673337 0.20273337 "" "" 37.745519983243184 "" 7.678303132641878 ""
99.18848421677 5.92071708319 0.0433 0.0408 1.0036 "" "" 3131865314454179968 1608.46228 0.5939 0.0512 0.211 -3.374 0.055 0.048 1.006 5609.0 4.6248 16.377716 1.338545 16.980232 15.641687 "" "" 1483.39526 1766.75293 5294.9322 3.0079 2204.6 16.027 4390.2 22.593 "" "" 0.002823508758721366 0.0083717285 0.006745618 0.015117346 99.18848421677 5.92071708319 1608.46228 0.211 -3.374 1.755781804084778 -3.9050545563697816 0.20173335 0.19473335 "" "" 32.643503407332844 "" 6.395775451149205 ""
99.02271451499 5.53481775391 0.053 0.0538 26.0559 "" "" 3131837032087763584 1562.08862 0.6167 0.062 -3.909 -1.525 0.066 0.057 1.144 5372.9 4.6917 16.378906 1.244098 16.912155 15.668057 "" "" 1415.44983 1719.78418 5289.12862 3.3157 2347.2 15.711 4284.8 15.339 "" "" 0.002838143019395147 0.007784594 0.005421332 0.013205926 99.02271451499 5.53481775391 1562.08862 -3.909000000000003 -1.524999999999999 -2.364218195915222 -2.0560545563697814 0.21273336 0.20373335 "" "" 23.19908887452823 "" 4.8464127347591575 ""
99.17559595582 6.24927379328 0.0464 0.0427 19.1731 "" "" 3131945303924392192 1471.16479 0.6559 0.0539 -1.38 -0.465 0.058 0.049 1.081 5646.9 4.3309 16.378923 1.165721 16.884995 15.719274 "" "" 1366.86389 1587.9552 5289.05016 4.2601 2406.7 13.204 4087.4 12.914 "" "" 0.002890772002988751 0.006577817 0.005104018 0.011681834 99.17559595582 6.24927379328 1471.16479 -1.38 -0.465 0.16478180408477794 -0.9960545563697816 0.20473336 0.19573335 "" "" 7.04021512606336 "" 1.3797305723182651 ""
99.36747377524 5.41455799082 0.0447 0.0443 32.5134 "" "" 3131079060560093824 1471.23352 0.6479 0.054 -0.241 -6.332 0.055 0.048 1.003 4980.7 4.6309 16.380005 1.186359 16.891117 15.704759 "" "" 1370.66846 1574.50195 5283.78302 3.3245 2393.2 19.679 4142.4 14.486 "" "" 0.0028387428531260295 0.0093537215 0.0053572026 0.014710924 99.36747377524 5.41455799082 1471.23352 -0.241 -6.332 1.3037818040847777 -6.863054556369781 0.20173335 0.19473335 "" "" 48.7164840380311 "" 9.498808235030095 ""
99.00675104581 5.82223734534 0.0475 0.0471 13.3452 "" "" 3131863321589675648 1603.18738 0.5994 0.0574 1.99 -9.496 0.058 0.05 1.024 4948.2 4.3427 16.381546 1.390622 17.001497 15.610875 "" "" 1461.99927 1773.04797 5276.28912 3.3414 2161.8 15.161 4516.6 20.331 "" "" 0.002839816489135764 0.008109524 0.006178162 0.014287686 99.00675104581 5.82223734534 1603.18738 1.9900000000000024 -9.496000000000002 3.534781804084778 -10.027054556369782 0.20473336 0.19673336 "" "" 80.79267518493162 "" 15.967344763213223 ""
99.46174012713 5.93084198476 0.0535 0.0482 15.5066 "" "" 3131875038260031104 1318.9325 0.7257 0.0606 -0.885 -1.366 0.066 0.065 1.072 4560.9 4.3725 16.38237 1.403006 17.013536 15.610531 "" "" 1216.69739 1440.62048 5272.28036 6.0338 2138.0 20.676 4518.0 18.543 "" "" 0.0030225387028850834 0.010864249 0.0058430163 0.016707266 99.46174012713 5.93084198476 1318.9325 -0.885 -1.366 0.6597818040847778 -1.8970545563697816 0.21273336 0.21173336 "" "" 12.55670668432967 "" 2.6600314646178793 ""
98.92249419782 6.312795121 0.0492 0.0437 28.3406 "" "" 3131959941173017088 1362.92053 0.7039 0.0547 1.485 -0.621 0.061 0.049 0.903 5252.5 4.6886 16.383911 1.15861 16.879837 15.721227 "" "" 1264.33032 1467.68005 5264.80507 2.8804 2418.1 15.667 4080.1 14.125 "" "" 0.002818623597149507 0.0075676832 0.0053302753 0.012897959 98.92249419782 6.312795121 1362.92053 1.485 -0.6209999999999998 3.029781804084778 -1.1520545563697815 0.20773336 0.19573335 "" "" 20.940365728375298 "" 4.319076914166534 ""
99.72993970888 5.8437894343 0.0457 0.0438 31.9443 "" "" 3131124587213056256 1212.31274 0.7994 0.0513 1.272 -0.954 0.061 0.051 1.037 4904.6 4.4807 16.384876 1.25609 16.948452 15.692362 "" "" 1141.20825 1304.12024 5260.12686 3.3 2270.1 15.335 4190.0 11.559 "" "" 0.0028382658725525506 0.00784717 0.0048223585 0.012669529 99.72993970888 5.8437894343 1212.31274 1.2720000000000002 -0.9540000000000001 2.816781804084778 -1.4850545563697815 0.20773336 0.19773336 "" "" 18.298033725126732 "" 3.762071014010663 ""
99.22793209287 5.78276991337 0.0443 0.0422 9.0163 "" "" 3131860023054513536 1351.54358 0.7133 0.052 -0.792 -8.387 0.055 0.047 1.022 5130.8 4.6344 16.385366 1.195524 16.906757 15.711233 "" "" 1257.76294 1468.67871 5257.7565 2.8759 2358.9 7.7939 4117.8 16.448 "" "" 0.0028185955926439774 0.0045446544 0.0057525476 0.010297202 99.22793209287 5.78276991337 1351.54358 -0.7919999999999999 -8.387 0.7527818040847778 -8.918054556369782 0.20173335 0.19373336 "" "" 57.33505785947435 "" 11.111025230496617 ""
98.80899982349 6.11383279308 0.0451 0.0435 25.8891 "" "" 3131931663108486656 1352.71228 0.7107 0.0547 -5.471 0.525 0.058 0.051 1.047 5506.7 4.6738 16.386616 1.190966 16.895061 15.704096 "" "" 1266.26611 1444.3092 5251.70833 2.9905 2384.5 16.006 4145.0 13.504 "" "" 0.002823832219190825 0.0078038676 0.0051764525 0.01298032 98.80899982349 6.11383279308 1352.71228 -5.471 0.5250000000000002 -3.9262181959152223 -0.006054556369781472 0.20473336 0.19773336 "" "" 25.174376442852417 "" 5.154034183442774 ""
98.92466119152 5.89523131616 0.0501 0.0505 16.6832 "" "" 3131911700100544768 1614.86523 0.6199 0.064 -1.16 0.58 0.065 0.052 1.096 5328.0 4.6529 16.386686 1.319462 16.974659 15.655197 "" "" 1458.71521 1812.32678 5251.36934 3.3772 2215.9 12.912 4335.9 15.819 "" "" 0.0028424174553116632 0.0069145076 0.00547491 0.012389418 98.92466119152 5.89523131616 1614.86523 -1.1599999999999986 0.5799999999999996 0.3847818040847779 0.048945443630218466 0.21173336 0.19873336 "" "" 2.9690301553157816 "" 0.6280467181747178 ""
98.79413559121 6.00880063404 0.0482 0.0553 24.7796 "" "" 3131928188475069568 1295.30481 0.7479 0.0725 -4.279 2.088 0.061 0.05 1.05 5533.8 4.6894 16.387419 1.218959 16.913706 15.694747 "" "" 1193.64465 1435.17212 5247.82275 3.129 2343.9 12.372 4180.8 17.398 "" "" 0.0028303486870216664 0.006374058 0.00589048 0.012264538 98.79413559121 6.00880063404 1295.30481 -4.279000000000008 2.0880000000000005 -2.734218195915222 1.5569454436302186 0.20773336 0.19673336 "" "" 19.318283583132573 "" 3.962073677716018 ""
99.55727969385 6.37237087244 0.0516 0.052 33.9321 "" "" 3133450599762723584 1611.25256 0.5942 0.059 -1.133 1.8 0.061 0.059 1.006 4679.4 4.3864 16.387917 1.186702 16.901873 15.715171 "" "" 1468.34875 1757.69763 5245.41865 3.3484 2369.6 17.962 4102.9 10.189 "" "" 0.002841152076129326 0.00869018 0.004642591 0.013332771 99.55727969385 6.37237087244 1611.25256 -1.133 1.8000000000000007 0.4117818040847778 1.2689454436302186 0.20773336 0.20573336 "" "" 10.188868377264773 "" 2.098140080276569 ""
99.63401986683 5.75885713317 0.0425 0.0385 27.7786 "" "" 3131117951486312960 1098.04688 0.8884 0.0459 -4.01 6.555 0.054 0.049 0.987 5099.5 4.6569 16.388947 1.109924 16.862076 15.752152 "" "" 1047.85803 1147.25391 5240.44445 3.0769 2458.0 25.243 3965.5 14.228 "" "" 0.002828104623831557 0.011494016 0.0054276274 0.016921643 99.63401986683 5.75885713317 1098.04688 -4.010000000000003 6.555 -2.465218195915222 6.023945443630218 0.20073336 0.19573335 "" "" 33.87692278050423 "" 6.6554068687516 ""
99.49008449004 6.0499724755 0.0571 0.0519 18.6237 "" "" 3131893420719993472 1329.52783 0.7353 0.0634 0.818 -11.432 0.071 0.066 1.158 4908.8 4.3807 16.38935 1.184914 16.900723 15.715809 "" "" 1236.14893 1476.78186 5238.48948 3.7938 2372.1 22.6 4100.5 17.28 "" "" 0.002865321892556456 0.010713959 0.0059344945 0.016648453 99.49008449004 6.0499724755 1329.52783 0.8180000000000005 -11.43200000000001 2.362781804084778 -11.963054556369782 0.21773335 0.21273336 "" "" 76.84709935441033 "" 16.362530361979893 ""
98.90106418199 6.2656627087 0.0439 0.0396 26.9414 "" "" 3131959700654882944 1395.18701 0.6848 0.0488 5.709 7.217 0.053 0.044 0.987 4729.0 4.3353 16.389645 1.145638 16.876457 15.73082 "" "" 1307.1637 1490.3606 5237.07407 3.0039 2425.7 14.148 4044.2 15.385 "" "" 0.002824822127642018 0.0069200373 0.005598544 0.012518581 98.90106418199 6.2656627087 1395.18701 5.709 7.217 7.2537818040847775 6.685945443630218 0.19973336 0.19073336 "" "" 65.23941658699496 "" 12.764142974079652 ""
99.38629929521 6.12357517031 0.0473 0.0419 15.9639 "" "" 3131898540321018880 1229.02612 0.7887 0.0541 3.267 -8.158 0.062 0.058 0.955 5014.0 4.6336 16.390585 1.247773 16.926838 15.679065 "" "" 1140.4491 1318.50269 5232.54525 3.334 2315.7 26.118 4241.6 37.577 "" "" 0.002840839420801323 0.0125595005 0.010334564 0.022894066 99.38629929521 6.12357517031 1229.02612 3.266999999999999 -8.158 4.811781804084777 -8.689054556369781 0.20873335 0.20473336 "" "" 57.86212934423008 "" 11.901031691973296 ""
99.07721175863 5.54426879453 0.0567 0.056 24.357 "" "" 3131836658432550912 1460.89441 0.6853 0.0727 -1.107 0.508 0.069 0.054 0.899 4850.3 4.3184 16.392952 1.569501 17.124622 15.555121 "" "" 1333.27698 1661.68359 5221.14411 12.206 1930.0 37.662 4754.6 39.426 "" "" 0.0037462556273675633 0.021369977 0.009764214 0.031134192 99.07721175863 5.54426879453 1460.89441 -1.1070000000000002 0.508 0.43778180408477785 -0.023054556369781487 0.21573335 0.20073336 "" "" 3.0356818796948817 "" 0.6547762523618506 ""
99.0319910081 5.96222460314 0.0456 0.0428 10.3139 "" "" 3131913933483468928 1619.25354 0.5875 0.0526 -0.708 -2.507 0.058 0.047 0.975 5671.5 4.6006 16.393759 1.21414 16.917105 15.702965 "" "" 1493.47095 1768.77673 5217.27105 3.3069 2336.5 19.943 4149.3 18.93 "" "" 0.002839961434734483 0.009678133 0.0062305317 0.015908664 99.0319910081 5.96222460314 1619.25354 -0.7080000000000001 -2.507 0.8367818040847779 -3.0380545563697816 0.20473336 0.19373336 "" "" 24.18618485669051 "" 4.704924129989224 ""
99.49575800711 5.7093701289 0.044 0.04 22.0037 "" "" 3131866620124498816 1490.42444 0.6479 0.0489 -0.041 -1.343 0.053 0.049 0.973 5490.1 4.6089 16.395273 1.20789 16.910616 15.702725 "" "" 1405.31531 1614.97791 5209.9927 3.6133 2350.6 16.887 4150.2 13.773 "" "" 0.002856359319741326 0.008284082 0.005221734 0.0135058155 99.49575800711 5.7093701289 1490.42444 -0.04100000000000001 -1.3430000000000004 1.503781804084778 -1.8740545563697815 0.19973336 0.19573335 "" "" 16.97483810318345 "" 3.349301071266814 ""
99.09695648353 6.03848736882 0.0457 0.0419 8.9985 "" "" 3131938088379476480 1523.71973 0.6353 0.0525 -1.754 0.483 0.057 0.046 1.006 4637.6 4.259 16.396332 1.610791 17.139751 15.52896 "" "" 1424.52637 1613.91235 5204.9161 9.5992 1903.3 35.037 4870.5 24.991 "" "" 0.0034060679939834633 0.020180644 0.006732009 0.026912654 99.09695648353 6.03848736882 1523.71973 -1.754 0.483 -0.20921819591522217 -0.04805455636978151 0.20373335 0.19273336 "" "" 1.5504105239775354 "" 0.31503767471555827 ""
99.37138989037 6.37345818711 0.0473 0.0455 28.4191 "" "" 3131953275383565696 1528.4314 0.63 0.0553 2.762 -3.662 0.064 0.06 1.034 4728.7 4.3807 16.402174 1.253969 16.952536 15.698566 "" "" 1423.08228 1650.95154 5176.99209 3.2899 2261.5 16.873 4166.1 16.623 "" "" 0.0028403954813425417 0.008567708 0.0057490254 0.014316733 99.37138989037 6.37345818711 1528.4314 2.762000000000001 -3.662 4.306781804084778 -4.193054556369781 0.21073335 0.20673336 "" "" 43.54704905489593 "" 9.092468797372266 ""
99.44825689141 6.47930783062 0.0461 0.0521 36.0423 "" "" 3133457510369416320 1358.86267 0.7455 0.0669 5.433 -5.109 0.054 0.049 1.02 5316.5 4.6476 16.404709 1.365713 17.022953 15.65724 "" "" 1241.03381 1496.40552 5164.91239 3.3221 2119.5 16.731 4327.8 17.725 "" "" 0.002842443341974237 0.009013366 0.00583587 0.014849236 99.44825689141 6.47930783062 1358.86267 5.433000000000001 -5.109 6.977781804084778 -5.6400545563697815 0.20073336 0.19573335 "" "" 57.78976353680228 "" 11.487021104599894 ""
99.24065929146 5.9933525428 0.0635 0.0565 4.4087 "" "" 3131890190904706816 1529.99414 0.6314 0.0691 -2.368 -0.876 0.081 0.065 1.422 5611.3 4.6836 16.40507 1.366716 16.944696 15.57798 "" "" 1392.7467 1675.32874 5163.19923 6.742 2277.9 11.952 4655.5 24.747 "" "" 0.003098669649151655 0.00634338 0.006898745 0.0132421255 99.24065929146 5.9933525428 1529.99414 -2.368 -0.8760000000000009 -0.823218195915222 -1.4070545563697814 0.22773336 0.21173336 "" "" 11.822354768813307 "" 2.552755838908994 ""
99.17467379468 6.0029762067 0.0444 0.0406 4.6258 "" "" 3131890087825514240 1170.6051 0.8237 0.049 2.543 -5.133 0.057 0.048 0.98 5081.7 4.6269 16.405483 1.224204 16.941692 15.717488 "" "" 1112.42419 1243.29199 5161.23111 3.3558 2284.2 19.538 4094.1 12.707 "" "" 0.0028443169598790195 0.009696977 0.0050635487 0.014760526 99.17467379468 6.0029762067 1170.6051 2.543 -5.133 4.087781804084778 -5.6640545563697815 0.20373335 0.19473335 "" "" 38.75794331358612 "" 7.668714278185935 ""
99.21439605707 5.98803073902 0.0459 0.0408 3.5141 "" "" 3131889843006976384 1168.04797 0.8318 0.0501 -1.577 -3.391 0.058 0.049 1.029 4975.8 4.639 16.406881 1.300738 16.99461 15.693872 "" "" 1098.30444 1248.20825 5154.59022 4.4209 2175.6 14.231 4184.2 13.407 "" "" 0.002908421290511204 0.0076304288 0.0051367846 0.012767213 99.21439605707 5.98803073902 1168.04797 -1.5769999999999995 -3.391 -0.032218195915222125 -3.9220545563697815 0.20473336 0.19573335 "" "" 21.71537350945206 "" 4.250436369874027 ""
99.35804766334 6.46743129052 0.0491 0.0599 33.5182 "" "" 3133467573475042560 1534.09668 0.6158 0.0752 -0.625 -6.226 0.059 0.056 0.973 5101.5 4.6507 16.40851 1.301431 16.986057 15.684627 "" "" 1372.02917 1775.68152 5146.86315 4.0345 2192.8 15.173 4220.0 9.7795 "" "" 0.0028837700964463625 0.008014105 0.00454032 0.012554426 99.35804766334 6.46743129052 1534.09668 -0.625 -6.226 0.9197818040847778 -6.7570545563697815 0.20573336 0.20273337 "" "" 49.58784351833566 "" 10.055836470185787 ""
99.5426273042 5.84957066301 0.0452 0.0409 20.9111 "" "" 3131870262256401024 1420.5907 0.691 0.0512 -0.251 -2.633 0.058 0.051 0.916 5406.3 4.6448 16.41023 1.201222 16.937014 15.735791 "" "" 1329.61865 1503.72498 5138.71423 3.0239 2294.1 13.742 4025.7 11.329 "" "" 0.0028284255048851583 0.0070769647 0.0048599867 0.011936951 99.5426273042 5.84957066301 1420.5907 -0.251 -2.633 1.293781804084778 -3.1640545563697815 0.20473336 0.19773336 "" "" 23.017797211745716 "" 4.574815371596146 ""
99.10298691749 6.24720024351 0.0471 0.0413 19.8805 "" "" 3131957222454668544 1336.67322 0.7062 0.0531 -2.604 -3.029 0.058 0.05 1.025 4715.8 4.5413 16.411087 1.149567 16.90855 15.758984 "" "" 1255.96362 1448.09937 5134.66716 5.0785 2355.0 11.597 3940.6 19.504 "" "" 0.0029571884432011784 0.0060308673 0.006569779 0.012600646 99.10298691749 6.24720024351 1336.67322 -2.6039999999999996 -3.0289999999999973 -1.0592181959152223 -3.5600545563697814 0.20473336 0.19673336 "" "" 23.53309811716088 "" 4.645340872204919 ""
99.52971887757 5.55013812345 0.0435 0.0403 30.077 "" "" 3131087440037017856 1349.3269 0.7029 0.0485 -1.732 -3.07 0.055 0.05 1.006 5108.1 4.6518 16.412458 1.127267 16.898802 15.771535 "" "" 1272.64893 1428.90332 5128.18104 2.9928 2376.3 14.564 3895.3 14.859 "" "" 0.002827239245350258 0.0072156102 0.0056068674 0.012822477 99.52971887757 5.55013812345 1349.3269 -1.7319999999999995 -3.0699999999999994 -0.18721819591522215 -3.6010545563697813 0.20173335 0.19673336 "" "" 23.06276457623731 "" 4.5375298479377 ""
