Clusters/Collinder_106/Collinder_106_stars_in_region.tsv
# %ECSV 1.0
# ---
# datatype:
# - name: RA_ICRS_1
#   unit: deg
#   datatype: float64
#   format: '{:15.11f}'
#   description: Right ascension (ICRS) at Ep=2016.0 (ra)
#   meta: !!omap
#   - {ucd: POS_EQ_RA_MAIN}
#   - {width: 15}
#   - {precision: '11'}
# - name: DE_ICRS_1
#   unit: deg
#   datatype: float64
#   format: '{:15.11f}'
#   description: Declination (ICRS) at Ep=2016.0 (dec)
#   meta: !!omap
#   - {ucd: POS_EQ_DEC_MAIN}
#   - {width: 15}
#   - {precision: '11'}
# - name: e_RA_ICRS
#   unit: mas
#   datatype: float64
#   format: '{:7.4f}'
#   description: Standard error of right ascension (ra_error)
#   meta: !!omap
#   - {ucd: ERROR}
#   - {width: 7}
#   - {precision: '4'}
# - name: e_DE_ICRS
#   unit: mas
#   datatype: float64
#   format: '{:7.4f}'
#   description: Standard error of declination (dec_error)
#   meta: !!omap
#   - {ucd: ERROR}
#   - {width: 7}
#   - {precision: '4'}
# - name: _r_1
#   unit: ''
#   datatype: float64
#   format: '{:7.4f}'
#   description: Distance from center (099.20190653000+05.93079414000)[ICRS], at Epoch=J2016.0
#   meta: !!omap
#   - {ucd: POS_ANG_DIST_GENERAL}
#   - {width: 7}
#   - {precision: '4'}
# - name: HIP
#   datatype: int32
#   description: '? HIP cross-id number, van Leeuwen, Cat. I/311 (hip_original_ext_source_id)'
#   meta: !!omap
#   - {ucd: ID_NUMBER}
#   - {width: 6}
#   - values: {'null': -2147483648}
# - name: TYC2
#   datatype: string
#   description: Tycho-2 cross-id name, Hog et al., Cat. I/259 (tyc2_original_ext_source_id)
#   meta: !!omap
#   - {ucd: ID_CROSSID}
#   - {_votable_string_dtype: char}
# - name: Source
#   datatype: int64
#   description: Source identifier, identical to the Gaia-EDR3 source_id (id)
#   meta: !!omap
#   - {ucd: ID_MAIN}
#   - {width: 19}
# - name: rgeo
#   unit: pc
#   datatype: float64
#   format: '{:15.8f}'
#   description: '? Median of the geometric distance posterior (r_med_geo)'
#   meta: !!omap
#   - {ucd: PHYS_DISTANCE_TRUE}
#   - {width: 15}
#   - {precision: '8'}
#   - values: {'null': .nan}
# - name: Plx
#   unit: mas
#   datatype: float64
#   format: '{:9.4f}'
#   description: '? Parallax (parallax)'
#   meta: !!omap
#   - {ucd: POS_PARLX_TRIG}
#   - {width: 9}
#   - {precision: '4'}
#   - values: {'null': .nan}
# - name: e_Plx
#   unit: mas
#   datatype: float32
#   format: '{:7.4f}'
#   description: '? Standard error of parallax (parallax_error)'
#   meta: !!omap
#   - {ucd: ERROR}
#   - {width: 7}
#   - {precision: '4'}
#   - values: {'null': .nan}
# - name: pmRA
#   unit: mas / yr
#   datatype: float64
#   format: '{:9.3f}'
#   description: '? Proper motion in right ascension direction, pmRA*cosDE (pmra)'
#   meta: !!omap
#   - {ucd: POS_EQ_PMRA}
#   - {width: 9}
#   - {precision: '3'}
#   - values: {'null': .nan}
# - name: pmDE
#   unit: mas / yr
#   datatype: float64
#   format: '{:9.3f}'
#   description: '? Proper motion in declination direction (pmdec)'
#   meta: !!omap
#   - {ucd: POS_EQ_PMDEC}
#   - {width: 9}
#   - {precision: '3'}
#   - values: {'null': .nan}
# - name: e_pmRA
#   unit: mas / yr
#   datatype: float32
#   format: '{:6.3f}'
#   description: '? Standard error of proper motion in right ascension direction (pmra_error)'
#   meta: !!omap
#   - {ucd: ERROR}
#   - {width: 6}
#   - {precision: '3'}
#   - values: {'null': .nan}
# - name: e_pmDE
[...]
#         unit: &id001 !astropy.units.Unit {unit: deg}
#         value: !astropy.table.SerializedColumn {name: SkyCoord.dec}
#       distance: !astropy.table.SerializedColumn
#         __class__: astropy.coordinates.distances.Distance
#         unit: !astropy.units.Unit {unit: pc}
#         value: !astropy.table.SerializedColumn {name: SkyCoord.distance}
#       frame: icrs
#       obstime: !astropy.time.Time {format: jyear_str, in_subfmt: '*', jd1: 367701545.0, jd2: 0.0, out_subfmt: '*', precision: 3, scale: tt}
#       pm_dec: !astropy.table.SerializedColumn
#         __class__: astropy.units.quantity.Quantity
#         unit: !astropy.units.Unit {unit: mas / yr}
#         value: !astropy.table.SerializedColumn {name: SkyCoord.pm_dec}
#       pm_ra_cosdec: !astropy.table.SerializedColumn
#         __class__: astropy.units.quantity.Quantity
#         unit: !astropy.units.Unit {unit: mas / yr}
#         value: !astropy.table.SerializedColumn {name: SkyCoord.pm_ra_cosdec}
#       ra: !astropy.table.SerializedColumn
#         __class__: astropy.coordinates.angles.Longitude
#         unit: *id001
#         value: !astropy.table.SerializedColumn {name: SkyCoord.ra}
#         wrap_angle: !astropy.coordinates.Angle
#           unit: *id001
#           value: 360.0
#       representation_type: spherical
# schema: astropy-2.0
RA_ICRS_1 DE_ICRS_1 e_RA_ICRS e_DE_ICRS _r_1 HIP TYC2 Source rgeo Plx e_Plx pmRA pmDE e_pmRA e_pmDE RUWE Teff logg Gmag BP-RP BPmag RPmag RV e_RV b_rgeo B_rgeo FG e_FG FBP e_FBP FRP e_FRP RAVE5 RAVE6 e_Gmag e_BPmag e_RPmag e_BP-RP SkyCoord.ra SkyCoord.dec SkyCoord.distance SkyCoord.pm_ra_cosdec SkyCoord.pm_dec
[from data line 896]
98.82181208854 6.37859861707 0.0379 0.0337 35.1571 "" "" 3132149022814323584 1358.14624 0.7008 0.0415 -1.732 0.59 0.047 0.039 1.161 5920.2 4.1484 15.509535 1.36983 16.117022 14.747191 "" "" 1291.92322 1423.15417 11779.66587 29.975 4882.1 44.139 10006.0 63.907 "" "" 0.003901908611154183 0.010204968 0.007897492 0.01810246 98.82181208854 6.37859861707 1358.14624 -1.732 0.59
99.01261071208 6.24566957539 0.0326 0.0303 22.0108 "" "" 3131957776509494400 1121.69202 0.858 0.0385 2.012 -5.16 0.04 0.042 1.104 5212.7 4.3895 15.511781 1.111642 15.971165 14.859523 "" "" 1075.41553 1182.02881 11755.32487 6.0129 5584.1 15.722 9023.0 20.278 "" "" 0.0028107317151805805 0.00413879 0.004498618 0.008637408 99.01261071208 6.24566957539 1121.69202 2.0119999999999996 -5.16
99.13737968379 5.5398715276 0.0315 0.0323 23.7696 "" "" 3131837929742856576 1120.52588 0.8494 0.0392 -5.023 1.576 0.039 0.033 0.972 5086.4 4.3796 15.5123 0.981549 15.911729 14.93018 "" "" 1070.3324 1179.92505 11749.7066 4.4033 5898.3 20.488 8454.5 24.351 "" "" 0.0027852015629815773 0.0046912837 0.004905405 0.009596689 99.13737968379 5.5398715276 1120.52588 -5.022999999999999 1.5760000000000003
99.16853511284 6.51245864695 0.0341 0.0337 34.9566 "" "" 3131970794551676288 1498.73389 0.6241 0.0407 1.53 2.915 0.047 0.037 1.028 5060.3 4.1968 15.515791 1.346292 16.111753 14.765461 "" "" 1406.56433 1614.80811 11711.98101 26.758 4905.9 39.806 9839.5 65.809 "" "" 0.0037074123611590187 0.009240854 0.008186305 0.017427158 99.16853511284 6.51245864695 1498.73389 1.5299999999999998 2.9150000000000005
99.56514287641 6.29281209719 0.0307 0.0318 30.6823 "" "" 3133403153264047744 1170.45386 0.8109 0.04 7.048 -10.116 0.036 0.03 1.0 5686.5 4.5008 15.516751 1.078737 15.971826 14.893088 "" "" 1117.56812 1218.43396 11701.62884 4.6611 5580.7 20.047 8748.3 21.789 "" "" 0.0027890551576423474 0.004795464 0.004647192 0.009442656 99.56514287641 6.29281209719 1170.45386 7.047999999999998 -10.116000000000001
99.30249384597 5.37024566921 0.0305 0.0307 34.1649 "" "" 3131079953913346432 1209.1394 0.7922 0.036 4.91 -5.74 0.036 0.032 0.997 5633.4 4.5163 15.516931 0.96891 15.916684 14.947774 "" "" 1159.94946 1275.28406 11699.69008 5.0378 5871.4 17.688 8318.6 13.285 "" "" 0.0027947012257720756 0.0042992495 0.00415816 0.008457409 99.30249384597 5.37024566921 1209.1394 4.91 -5.74
98.75254454149 6.32958448708 0.029 0.0279 35.9328 "" "" 3132149125890144768 1349.09216 0.6934 0.0341 -1.799 -0.66 0.038 0.034 0.988 5253.5 4.3004 15.519445 1.165049 15.998895 14.833846 "" "" 1291.29089 1410.13403 11672.62982 4.6898 5443.3 17.033 9238.9 64.776 "" "" 0.0027896381607958394 0.0043963306 0.008498908 0.012895239 98.75254454149 6.32958448708 1349.09216 -1.799 -0.6600000000000001
98.93955374471 6.27257203556 0.0351 0.0303 25.7974 "" "" 3131959563215905664 1152.5592 0.8322 0.0386 1.583 -4.051 0.047 0.035 1.106 5341.8 4.357 15.523175 1.11925 15.949994 14.830744 "" "" 1107.37695 1219.13171 11632.59694 6.4208 5694.0 31.393 9265.3 24.514 "" "" 0.0028197406763798474 0.006604372 0.0047471784 0.01135155 98.93955374471 6.27257203556 1152.5592 1.5830000000000002 -4.051
98.83956121387 5.61932191726 0.0315 0.0314 28.5854 "" "" 3131759761336963328 1534.95239 0.6012 0.0381 -1.364 0.549 0.036 0.034 0.937 5846.4 4.2535 15.52354 1.245968 16.063498 14.81753 "" "" 1459.98901 1638.375 11628.68614 15.85 5128.8 30.891 9378.8 32.656 "" "" 0.0031275866044304973 0.007109804 0.005345587 0.012455391 98.83956121387 5.61932191726 1534.95239 -1.3640000000000003 0.549
99.46900291821 5.76950375334 0.0296 0.028 18.6497 "" "" 3131867857074777856 1353.20569 0.6975 0.0345 -1.46 1.079 0.038 0.034 1.051 6020.9 4.4374 15.52455 0.96456 15.919859 14.955299 "" "" 1305.87329 1411.71655 11617.87585 4.686 5854.3 18.083 8261.1 16.032 "" "" 0.0027899046223144788 0.0043625827 0.0043270513 0.0086896345 99.46900291821 5.76950375334 1353.20569 -1.46 1.0790000000000002
98.86255623962 6.05093709885 0.0304 0.0298 21.4946 "" "" 3131928811250209024 1203.92737 0.7826 0.038 1.011 -0.524 0.039 0.032 1.026 5734.8 4.4536 15.533998 1.099351 15.999788 14.900437 "" "" 1144.69324 1272.16821 11517.22623 4.79 5438.8 17.654 8689.3 11.074 "" "" 0.0027920767340615057 0.004495025 0.0040247203 0.008519745 98.86255623962 6.05093709885 1203.92737 1.0109999999999997 -0.524
99.40889210948 6.2377135512 0.035 0.0332 22.1725 "" "" 3131947983984477056 1563.3717 0.5995 0.0392 -2.979 2.498 0.05 0.046 1.059 6109.7 4.3664 15.53424 1.10095 15.979785 14.878835 "" "" 1472.25757 1658.40247 11514.6557 4.6136 5539.9 22.483 8863.9 60.549 "" "" 0.0027894507186681096 0.005215435 0.008324066 0.013539501 99.40889210948 6.2377135512 1563.3717 -2.9789999999999996 2.498
98.75790329227 6.24642787749 0.0344 0.0327 32.5632 "" "" 3131936679630248960 1501.1626 0.619 0.0404 1.025 -0.49 0.047 0.039 1.095 6618.5 4.3794 15.536889 1.02618 15.963229 14.937049 "" "" 1423.51233 1587.07202 11486.59463 5.1952 5625.0 14.186 8401.2 13.144 "" "" 0.0027987372366290765 0.003909305 0.0041435766 0.008052882 98.75790329227 6.24642787749 1501.1626 1.025 -0.48999999999999994
99.60091935658 6.33082034687 0.034 0.0371 33.8038 "" "" 3133403325062455296 1322.87878 0.7252 0.0495 -0.131 -1.39 0.036 0.03 0.939 5801.2 4.591 15.539262 1.104572 16.012835 14.908262 "" "" 1244.55273 1437.16333 11461.51816 5.1945 5373.8 14.877 8626.9 15.066 "" "" 0.002798914286211825 0.0041011954 0.0042283596 0.008329555 99.60091935658 6.33082034687 1322.87878 -0.131 -1.3900000000000001
99.20774833452 6.53456383726 0.0319 0.0299 36.2279 "" "" 3133472074598418560 1616.83813 0.5836 0.0358 -2.636 -0.564 0.042 0.034 1.009 5995.9 4.3421 15.540939 1.060928 15.980527 14.919599 "" "" 1535.69861 1697.30652 11443.82466 5.8152 5536.1 15.956 8537.3 17.327 "" "" 0.0028100147664477395 0.004192546 0.0043748664 0.008567412 99.20774833452 6.53456383726 1616.83813 -2.6359999999999997 -0.564
98.68094529676 5.90305170485 0.0322 0.0327 31.1357 "" "" 3131920015157328896 1593.63464 0.5978 0.0391 0.863 -1.752 0.039 0.036 0.959 5388.4 4.2337 15.541009 1.279271 16.099443 14.820172 "" "" 1491.3634 1692.8717 11443.08147 4.5153 4961.8 12.718 9356.0 16.913 "" "" 0.0027884281515482253 0.003940787 0.0042586303 0.008199418 98.68094529676 5.90305170485 1593.63464 0.8630000000000001 -1.752
99.35808283193 5.89978259412 0.0309 0.0281 9.5046 "" "" 3131884762066040320 1334.62195 0.6971 0.0339 -2.606 0.194 0.039 0.034 0.965 5871.2 4.4293 15.543964 1.060649 15.977186 14.916537 "" "" 1286.48621 1393.76855 11411.97574 9.735 5553.2 32.184 8561.4 22.935 "" "" 0.0029068220809560824 0.006883327 0.00476901 0.011652337 99.35808283193 5.89978259412 1334.62195 -2.606 0.19400000000000003
99.00019539708 6.26183056681 0.0306 0.029 23.2234 "" "" 3131957845228968192 1532.90564 0.6106 0.0366 -1.083 -1.008 0.038 0.033 1.098 6484.9 4.4371 15.545547 0.992395 15.957093 14.964698 "" "" 1455.78479 1617.34937 11395.36656 5.6353 5656.9 18.12 8189.9 14.073 "" "" 0.0028071475038260814 0.0044587115 0.004214785 0.008673497 99.00019539708 6.26183056681 1532.90564 -1.0830000000000002 -1.008
99.16692443884 5.40617557376 0.03 0.0311 31.5463 "" "" 3131831470112169600 1478.38586 0.6406 0.0383 4.756 0.912 0.036 0.031 1.004 5434.5 4.239 15.546737 1.485601 16.218382 14.732781 "" "" 1397.04199 1553.92212 11382.87969 4.6384 4447.0 18.56 10140.0 31.179 "" "" 0.002790614609677317 0.0053215497 0.0050427336 0.010364283 99.16692443884 5.40617557376 1478.38586 4.756000000000001 0.9120000000000001
99.45798205235 6.14385503494 0.0312 0.0298 19.9218 "" "" 3131898299803314560 1220.22559 0.7767 0.0351 7.263 -4.201 0.041 0.04 0.997 5716.2 4.4753 15.547811 1.058557 15.993102 14.934546 "" "" 1173.83521 1278.22363 11371.6252 5.1777 5472.4 29.676 8420.5 17.785 "" "" 0.0027993170549039984 0.0065154466 0.0044206847 0.010936132 99.45798205235 6.14385503494 1220.22559 7.263000000000001 -4.2010000000000005
99.6022362784 5.51894757775 0.0284 0.027 34.3778 "" "" 3131086688421849984 1395.44873 0.6744 0.0324 -1.724 0.733 0.034 0.032 1.053 5771.1 4.3298 15.550182 1.191893 16.06292 14.871027 "" "" 1338.25464 1453.10046 11346.81338 20.367 5131.6 34.652 8927.9 46.739 "" "" 0.0033748762037238565 0.007844594 0.0068258056 0.0146704 99.6022362784 5.51894757775 1395.44873 -1.724 0.733
98.64118515516 6.00929222755 0.0324 0.0318 33.7907 "" "" 3131926028111507328 1401.48035 0.6671 0.0393 -0.959 -1.136 0.037 0.035 1.093 6512.9 4.3911 15.553366 1.167155 16.038918 14.871762 "" "" 1340.74048 1485.36719 11313.59025 8.657 5246.3 22.168 8921.8 18.567 "" "" 0.002877846664264235 0.005369571 0.0044033052 0.009772876 98.64118515516 6.00929222755 1401.48035 -0.9589999999999999 -1.136
99.60296572217 6.24838599113 0.0312 0.0328 30.5884 "" "" 3133401675795045120 1301.53918 0.7281 0.0419 -6.374 -2.244 0.035 0.031 0.912 5184.0 4.3784 15.554737 1.006564 15.967912 14.961348 "" "" 1245.64819 1372.9895 11299.31209 4.892 5600.8 16.055 8215.2 16.687 "" "" 0.0027951299365398395 0.004179904 0.00437578 0.008555684 99.60296572217 6.24838599113 1301.53918 -6.3740000000000006 -2.2439999999999998
98.84513591139 5.95821502436 0.0938 0.0952 21.3546 "" "" 3131916029427583232 1541.39209 0.6889 0.1214 0.182 -2.564 0.116 0.097 3.086 6047.8 4.2481 15.55657 1.252829 16.05506 14.802231 "" "" 1276.22266 2180.95288 11280.24844 29.697 5168.8 16.551 9511.9 14.781 "" "" 0.003970146080562086 0.0044578053 0.004138876 0.008596681 98.84513591139 5.95821502436 1541.39209 0.18200000000000002 -2.5640000000000005
99.38387354822 6.49595008684 0.0316 0.0368 35.6041 "" "" 3133468093168844288 1423.22046 0.6674 0.0474 4.798 -1.842 0.038 0.035 0.961 5367.5 4.3372 15.557295 1.029192 15.980529 14.951337 "" "" 1345.6698 1520.86816 11272.72686 4.639 5536.1 20.99 8291.3 23.472 "" "" 0.002791312527412929 0.004973026 0.004871441 0.009844467 99.38387354822 6.49595008684 1423.22046 4.798 -1.842
98.86919846489 6.43037001158 0.032 0.0295 35.9493 "" "" 3132151462355585024 1520.18799 0.6244 0.0368 -0.318 -1.613 0.04 0.033 1.037 5805.9 4.3977 15.558408 1.033245 15.990664 14.957419 "" "" 1428.8728 1597.59863 11261.17582 4.6434 5484.7 11.584 8245.0 14.2 "" "" 0.0027914539330104976 0.0036115819 0.0042166705 0.007828252 98.86919846489 6.43037001158 1520.18799 -0.318 -1.6130000000000002
98.73422672744 6.31441175977 0.0302 0.0296 36.1695 "" "" 3132125623832498176 1089.46802 0.8793 0.0371 0.993 -9.273 0.038 0.034 0.996 5497.6 4.5064 15.559453 1.190689 16.076403 14.885714 "" "" 1051.03015 1136.90442 11250.34156 4.4641 5068.2 24.282 8807.9 13.842 "" "" 0.0027887976630725847 0.0059028757 0.0041467007 0.010049576 98.73422672744 6.31441175977 1089.46802 0.9930000000000001 -9.273
99.07897839856 5.45419455385 0.0332 0.0348 29.5228 "" "" 3131832741422489472 1380.35229 0.691 0.0398 4.416 -7.663 0.042 0.035 0.992 6105.1 4.2346 15.559705 1.309375 16.128979 14.819604 "" "" 1304.53796 1475.00537 11247.72889 4.6709 4828.6 21.964 9360.9 34.264 "" "" 0.0027919672790388816 0.0056723906 0.0054843077 0.011156699 99.07897839856 5.45419455385 1380.35229 4.416000000000001 -7.662999999999999
98.90350352486 5.45585055311 0.034 0.0354 33.6074 "" "" 3131742581467814656 1451.26843 0.6571 0.0437 -0.181 -2.757 0.042 0.038 1.068 5954.3 4.5182 15.560012 1.164494 16.061111 14.896617 "" "" 1376.34033 1514.93005 11244.5505 5.1618 5140.1 21.113 8719.9 25.644 "" "" 0.0028000353711384236 0.00526058 0.0049476214 0.010208202 98.90350352486 5.45585055311 1451.26843 -0.18100000000000002 -2.757
99.20798735677 5.98949788063 0.0296 0.027 3.5409 "" "" 3131889847307339136 1575.56458 0.5941 0.0324 -1.134 -5.833 0.037 0.032 1.021 6291.3 4.276 15.561066 1.339307 16.157696 14.818389 "" "" 1508.64453 1648.83691 11233.63985 4.3919 4702.6 17.139 9371.4 16.123 "" "" 0.0027878256492783375 0.0048418287 0.0042158 0.009057629 99.20798735677 5.98949788063 1575.56458 -1.134 -5.833
98.67978766061 6.18367770466 0.0582 0.0559 34.6508 "" "" 3131934514966790784 1203.55115 0.7988 0.0683 0.513 -2.811 0.079 0.065 1.542 "" "" 15.567331 1.231061 15.860347 14.629286 "" "" 1124.26013 1298.71936 11168.99722 11.652 6184.1 54.378 11154.0 73.534 "" "" 0.0029790557788967505 0.009946454 0.008094341 0.018040795 98.67978766061 6.18367770466 1203.55115 0.5130000000000001 -2.811
98.91864655507 5.43981497593 0.0318 0.033 33.9681 "" "" 3131742375309385088 1604.30981 0.5839 0.0411 -1.064 0.426 0.039 0.041 1.02 5228.4 4.2803 15.568097 1.238044 16.106134 14.868091 "" "" 1504.50549 1691.74475 11161.12012 16.078 4931.3 30.419 8952.0 41.407 "" "" 0.003168283121906362 0.0072553805 0.0062852493 0.013540629 98.91864655507 5.43981497593 1604.30981 -1.0639999999999998 0.426
99.62312904847 5.5968044706 0.0375 0.0348 32.1539 "" "" 3131111251335798912 1290.90076 0.7403 0.0413 -0.308 -1.157 0.047 0.041 1.262 5851.2 4.4655 15.569198 1.027964 15.99193 14.963966 "" "" 1218.06274 1396.65283 11149.81097 11.349 5478.3 31.4 8195.4 19.556 "" "" 0.0029686878357578095 0.00681999 0.004582137 0.011402126 99.62312904847 5.5968044706 1290.90076 -0.30800000000000005 -1.1570000000000003
99.60430864156 5.5545605008 0.0293 0.0275 32.9649 "" "" 3131087650494505088 1515.50183 0.6176 0.0335 -0.043 1.099 0.035 0.031 1.041 6525.0 4.3761 15.570306 0.967518 15.965138 14.99762 "" "" 1445.28064 1594.97351 11138.44077 4.7524 5615.2 17.401 7945.3 15.785 "" "" 0.002793991312886771 0.004370992 0.0043516154 0.008722607 99.60430864156 5.5545605008 1515.50183 -0.043 1.0989999999999998
98.85582517564 6.3005698647 0.0353 0.0337 30.3072 "" "" 3131960795867576960 1301.66138 0.7155 0.0414 -3.502 -10.04 0.044 0.035 1.153 5021.5 4.3239 15.571685 1.170627 16.071138 14.900512 "" "" 1230.57544 1381.59094 11124.30192 4.7667 5092.9 14.168 8688.7 21.83 "" "" 0.0027943210221983102 0.004111934 0.004661007 0.008772941 98.85582517564 6.3005698647 1301.66138 -3.502 -10.039999999999997
99.362717236 5.75624418783 0.0327 0.0303 14.2062 "" "" 3131847683607268864 1606.55505 0.587 0.0373 0.12 1.77 0.04 0.034 1.092 6184.9 4.2531 15.573213 1.17598 16.042122 14.866142 "" "" 1512.151 1705.55896 11108.66373 5.1011 5230.8 15.315 8968.1 18.828 "" "" 0.002800064581219031 0.0042296904 0.004413567 0.008643257 99.362717236 5.75624418783 1606.55505 0.12000000000000002 1.7699999999999998
99.75712713419 5.98957875348 0.0311 0.0319 33.3204 "" "" 3131879157128347776 1435.17114 0.6653 0.0403 -3.488 -4.451 0.039 0.031 0.966 5725.3 4.443 15.573423 1.04598 16.015604 14.969625 "" "" 1364.34265 1519.90173 11106.50665 4.7311 5360.1 18.065 8152.8 16.286 "" "" 0.00279386701734819 0.0046016295 0.0043574865 0.008959116 99.75712713419 5.98957875348 1435.17114 -3.4880000000000004 -4.4510000000000005
98.75395207624 5.88437084481 0.0376 0.0381 26.8792 "" "" 3131909432357886336 1619.16431 0.5807 0.0452 -1.916 -5.932 0.046 0.04 1.146 5429.8 4.2717 15.574754 1.451292 16.23275 14.781458 "" "" 1515.62915 1725.64722 11092.90724 5.0137 4388.5 19.433 9695.6 22.507 "" "" 0.0027986781537429643 0.005558792 0.004542695 0.010101487 98.75395207624 5.88437084481 1619.16431 -1.9159999999999997 -5.932
99.15139100626 6.04757830323 0.0356 0.0311 7.6279 "" "" 3131937779141801088 1563.13208 0.6059 0.0387 1.039 -11.967 0.048 0.036 1.123 5807.9 4.3827 15.576154 1.118342 16.05103 14.932687 "" "" 1484.60938 1655.995 11078.60577 4.6508 5188.1 12.375 8435.0 13.669 "" "" 0.002792764924236356 0.0038068302 0.0041688583 0.007975688 99.15139100626 6.04757830323 1563.13208 1.039 -11.967000000000002
99.59019781164 5.66574785948 0.0305 0.0276 28.1093 "" "" 3131114893468182656 1563.05457 0.5984 0.0335 -3.224 -0.953 0.038 0.034 0.999 5062.6 4.1865 15.577013 1.260261 16.130814 14.870552 "" "" 1478.78833 1672.34937 11069.84757 4.5561 4820.5 22.154 8931.8 12.543 "" "" 0.0027913217899371737 0.00571693 0.0040753484 0.0097922785 99.59019781164 5.66574785948 1563.05457 -3.224000000000001 -0.9530000000000001
