Clusters/Collinder_106/Collinder_106_members.tsv
# %ECSV 1.0
# ---
# datatype:
# - name: RA_ICRS_1
#   unit: deg
#   datatype: float64
#   format: '{:15.11f}'
#   description: Right ascension (ICRS) at Ep=2016.0 (ra)
#   meta: !!omap
#   - {ucd: POS_EQ_RA_MAIN}
#   - {width: 15}
#   - {precision: '11'}
# - name: DE_ICRS_1
#   unit: deg
#   datatype: float64
#   format: '{:15.11f}'
#   description: Declination (ICRS) at Ep=2016.0 (dec)
#   meta: !!omap
#   - {ucd: POS_EQ_DEC_MAIN}
#   - {width: 15}
#   - {precision: '11'}
# - name: e_RA_ICRS
#   unit: mas
#   datatype: float64
#   format: '{:7.4f}'
#   description: Standard error of right ascension (ra_error)
#   meta: !!omap
#   - {ucd: ERROR}
#   - {width: 7}
#   - {precision: '4'}
# - name: e_DE_ICRS
#   unit: mas
#   datatype: float64
#   format: '{:7.4f}'
#   description: Standard error of declination (dec_error)
#   meta: !!omap
#   - {ucd: ERROR}
#   - {width: 7}
#   - {precision: '4'}
# - name: _r_1
#   unit: ''
#   datatype: float64
#   format: '{:7.4f}'
#   description: Distance from center (099.20190653000+05.93079414000)[ICRS], at Epoch=J2016.0
#   meta: !!omap
#   - {ucd: POS_ANG_DIST_GENERAL}
#   - {width: 7}
#   - {precision: '4'}
# - name: HIP
#   datatype: int32
#   description: '? HIP cross-id number, van Leeuwen, Cat. I/311 (hip_original_ext_source_id)'
#   meta: !!omap
#   - {ucd: ID_NUMBER}
#   - {width: 6}
#   - values: {'null': -2147483648}
# - name: TYC2
#   datatype: string
#   description: Tycho-2 cross-id name, Hog et al., Cat. I/259 (tyc2_original_ext_source_id)
#   meta: !!omap
#   - {ucd: ID_CROSSID}
#   - {_votable_string_dtype: char}
# - name: Source
#   datatype: int64
#   description: Source identifier, identical to the Gaia-EDR3 source_id (id)
#   meta: !!omap
#   - {ucd: ID_MAIN}
#   - {width: 19}
# - name: rgeo
#   unit: pc
#   datatype: float64
#   format: '{:15.8f}'
#   description: '? Median of the geometric distance posterior (r_med_geo)'
#   meta: !!omap
#   - {ucd: PHYS_DISTANCE_TRUE}
#   - {width: 15}
#   - {precision: '8'}
#   - values: {'null': .nan}
# - name: Plx
#   unit: mas
#   datatype: float64
#   format: '{:9.4f}'
#   description: '? Parallax (parallax)'
#   meta: !!omap
#   - {ucd: POS_PARLX_TRIG}
#   - {width: 9}
#   - {precision: '4'}
#   - values: {'null': .nan}
# - name: e_Plx
#   unit: mas
#   datatype: float32
#   format: '{:7.4f}'
#   description: '? Standard error of parallax (parallax_error)'
#   meta: !!omap
#   - {ucd: ERROR}
#   - {width: 7}
#   - {precision: '4'}
#   - values: {'null': .nan}
# - name: pmRA
#   unit: mas / yr
#   datatype: float64
#   format: '{:9.3f}'
#   description: '? Proper motion in right ascension direction, pmRA*cosDE (pmra)'
#   meta: !!omap
#   - {ucd: POS_EQ_PMRA}
#   - {width: 9}
#   - {precision: '3'}
#   - values: {'null': .nan}
# - name: pmDE
#   unit: mas / yr
#   datatype: float64
#   format: '{:9.3f}'
#   description: '? Proper motion in declination direction (pmdec)'
#   meta: !!omap
#   - {ucd: POS_EQ_PMDEC}
#   - {width: 9}
#   - {precision: '3'}
#   - values: {'null': .nan}
# - name: e_pmRA
#   unit: mas / yr
#   datatype: float32
#   format: '{:6.3f}'
#   description: '? Standard error of proper motion in right ascension direction (pmra_error)'
#   meta: !!omap
#   - {ucd: ERROR}
#   - {width: 6}
#   - {precision: '3'}
#   - values: {'null': .nan}
# - name: e_pmDE
[...]
#       distance: !astropy.table.SerializedColumn
#         __class__: astropy.coordinates.distances.Distance
#         unit: !astropy.units.Unit {unit: pc}
#         value: !astropy.table.SerializedColumn {name: SkyCoord.distance}
#       frame: icrs
#       obstime: !astropy.time.Time {format: jyear_str, in_subfmt: '*', jd1: 367701545.0, jd2: 0.0, out_subfmt: '*', precision: 3, scale: tt}
#       pm_dec: !astropy.table.SerializedColumn
#         __class__: astropy.units.quantity.Quantity
#         unit: !astropy.units.Unit {unit: mas / yr}
#         value: !astropy.table.SerializedColumn {name: SkyCoord.pm_dec}
#       pm_ra_cosdec: !astropy.table.SerializedColumn
#         __class__: astropy.units.quantity.Quantity
#         unit: !astropy.units.Unit {unit: mas / yr}
#         value: !astropy.table.SerializedColumn {name: SkyCoord.pm_ra_cosdec}
#       ra: !astropy.table.SerializedColumn
#         __class__: astropy.coordinates.angles.Longitude
#         unit: *id001
#         value: !astropy.table.SerializedColumn {name: SkyCoord.ra}
#         wrap_angle: !astropy.coordinates.Angle
#           unit: *id001
#           value: 360.0
#       representation_type: spherical
# schema: astropy-2.0
RA_ICRS_1 DE_ICRS_1 e_RA_ICRS e_DE_ICRS _r_1 HIP TYC2 Source rgeo Plx e_Plx pmRA pmDE e_pmRA e_pmDE RUWE Teff logg Gmag BP-RP BPmag RPmag RV e_RV b_rgeo B_rgeo FG e_FG FBP e_FBP FRP e_FRP RAVE5 RAVE6 e_Gmag e_BPmag e_RPmag e_BP-RP SkyCoord.ra SkyCoord.dec SkyCoord.distance SkyCoord.pm_ra_cosdec SkyCoord.pm_dec rmRA rmDE e_rmRA e_rmDE rRV e_rRV v_pec v_pec3d e_vpec e_vpec3d Pmemb
[from data line 31]
98.99944063206 5.56404241903 0.0213 0.022 25.1061 "" "" 3131849096657856768 1603.00977 0.578 0.0268 -1.327 0.688 0.026 0.022 1.111 8972.8 4.256 14.440137 0.842961 14.770889 13.927928 "" "" 1535.21924 1681.48206 31542.19013 9.8742 16868.0 37.061 21281.0 26.021 "" "" 0.0027762046888593016 0.003670915 0.0040057655 0.0076766806 98.99944063206 5.56404241903 1603.00977 -1.327 0.6879999999999992 0.21778180408477787 0.15694544363021845 0.17273337 0.16873336 "" "" 2.0396892632220673 "" 0.349554976908228 "" 0.8
99.33045230271 6.09027466458 0.0187 0.017 12.2636 "" "" 3131892561726579072 1462.41663 0.6403 0.0201 -1.597 0.498 0.025 0.021 1.037 5749.4 3.9669 14.450987 1.012783 14.868958 13.856175 19.67 9.51 1408.96216 1519.64197 31228.56785 12.166 15411.0 43.357 22735.0 51.968 "" "" 0.0027875978311263728 0.0041370955 0.0045213955 0.008658491 99.33045230271 6.09027466458 1462.41663 -1.597 0.498 -0.05221819591522214 -0.033054556369781496 0.17173336 0.16773336 -2.6715384615384608 12.257818 0.4283944429827642 2.705668041400829 0.07308351600280447 12.103202351587152 1.0
99.18099627299 6.0275212491 0.0204 0.0181 5.9362 "" "" 3131937431244754560 1463.94641 0.6443 0.0216 -1.43 0.453 0.027 0.022 1.122 5631.4 3.6867 14.481233 1.296496 15.046244 13.749747 "" "" 1424.12585 1506.96973 30370.63125 40.242 13089.0 94.245 25076.0 109.55 "" "" 0.0031082880576112537 0.008300644 0.0060648494 0.014365494 99.18099627299 6.0275212491 1463.94641 -1.4299999999999995 0.45300000000000007 0.1147818040847779 -0.07805455636978148 0.17373335 0.16873336 "" "" 0.9631963110198354 "" 0.16583159233867828 "" 0.9
98.94891368209 5.85923831457 0.0191 0.0185 15.6978 "" "" 3131910772387615744 1406.30664 0.6674 0.0232 -1.567 0.583 0.025 0.02 0.988 10316.8 4.1216 14.507505 0.883147 14.855878 13.972731 "" "" 1357.52661 1460.70959 29644.54098 37.723 15598.0 67.305 20420.0 93.148 "" "" 0.0030823105839892966 0.0054528504 0.006230006 0.011682857 98.94891368209 5.85923831457 1406.30664 -1.5670000000000002 0.5830000000000006 -0.022218195915222116 0.05194544363021847 0.17173336 0.16673335 "" "" 0.37660689686124327 "" 0.0630878223983979 "" 0.8
99.2986338853 6.0955919749 0.0185 0.0166 11.4491 "" "" 3131892733525281024 1498.62903 0.6269 0.0203 -1.634 0.623 0.023 0.02 1.026 6603.6 4.1456 14.519229 0.848645 14.842041 13.993396 "" "" 1459.80518 1541.6488 29326.1603 8.1956 15798.0 29.654 20035.0 53.415 "" "" 0.0027719768204526127 0.0034552158 0.004760547 0.008215763 99.2986338853 6.0955919749 1498.62903 -1.634 0.6229999999999998 -0.08921819591522206 0.0919454436302185 0.16973336 0.16673335 "" "" 0.910076137677541 "" 0.1530701541476491 "" 1.0
99.33195053651 5.86233497212 0.0211 0.0197 8.7813 "" "" 3131884311088685952 1377.6228 0.6876 0.0237 -1.552 0.471 0.024 0.021 0.972 6609.0 4.2268 14.60759 0.880287 14.959122 14.078835 51.52 9.92 1332.65381 1426.65015 27034.02931 9.1572 14183.0 19.62 18519.0 19.696 "" "" 0.002779756125285286 0.003168738 0.0039518545 0.0071205925 99.33195053651 5.86233497212 1377.6228 -1.5519999999999998 0.47099999999999964 -0.007218195915222214 -0.06005455636978152 0.17073336 0.16773336 29.17846153846154 12.667818 0.39497464768719104 29.18113470589852 0.06626744641932278 12.666657652894695 0.9
98.82932623578 5.58233944995 0.0222 0.0208 30.5258 "" "" 3131759383379857280 1417.46655 0.6641 0.0271 -1.357 0.49 0.026 0.026 1.015 7877.7 4.2162 14.626021 0.879333 14.973639 14.094306 "" "" 1374.63513 1473.87378 26578.9729 8.932 13995.0 19.618 18257.0 20.384 "" "" 0.002779373578782994 0.0031782764 0.0039690332 0.0071473094 98.82932623578 5.58233944995 1417.46655 -1.3569999999999987 0.49 0.18778180408477785 -0.0410545563697815 0.17273337 0.17273337 "" "" 1.2914678135693443 "" 0.22307958315055113 "" 1.0
98.8130933785 5.99805419959 0.021 0.0217 23.5508 "" "" 3131916476104176640 1510.62659 0.6235 0.027 -1.601 0.586 0.025 0.022 1.043 6250.4 4.0083 14.684514 1.194284 15.195882 14.001598 "" "" 1455.92896 1575.39929 25184.94332 9.2241 11404.0 17.135 19885.0 40.284 "" "" 0.0027838677332729703 0.003232089 0.0043728356 0.007604925 98.8130933785 5.99805419959 1510.62659 -1.6009999999999982 0.5860000000000006 -0.05621819591522215 0.05494544363021847 0.17173336 0.16873336 "" "" 0.5628746494794796 "" 0.09584309184824977 "" 0.8
99.25231706208 6.05996771772 0.0202 0.0181 8.3137 "" "" 3131892183769893504 1413.96545 0.6645 0.0221 -1.533 0.578 0.026 0.021 1.043 6618.2 4.2365 14.707621 0.897401 15.068353 14.170952 "" "" 1370.68774 1457.16223 24654.6273 6.1459 12826.0 20.504 17013.0 24.528 "" "" 0.002768581215228504 0.0032859794 0.004090719 0.0073766983 99.25231706208 6.05996771772 1413.96545 -1.533 0.578 0.011781804084777914 0.046945443630218464 0.17273337 0.16773336 "" "" 0.3243949927691975 "" 0.0545093130026027 "" 0.9
98.77147669968 5.74479993479 0.0252 0.0273 28.0109 "" "" 3131902938367402496 1547.51074 0.6093 0.0326 -1.7 0.409 0.032 0.027 1.011 6649.1 4.1768 14.866235 1.005612 15.281007 14.275394 "" "" 1464.46411 1632.70166 21303.58288 6.7652 10544.0 18.463 15453.0 36.362 "" "" 0.0027768090064198715 0.0033763144 0.0045618857 0.007938201 98.77147669968 5.74479993479 1547.51074 -1.7 0.409 -0.15521819591522212 -0.12205455636978152 0.17873336 0.17373335 "" "" 1.4484004403141395 "" 0.2561346231331197 "" 0.8
99.24084117544 5.96618133805 0.0214 0.0199 3.1475 "" "" 3131888953954138240 1374.94031 0.6813 0.0245 -1.618 0.467 0.025 0.022 0.964 7641.8 4.2496 14.909008 1.194167 15.42119 14.227023 "" "" 1334.47852 1427.50305 20480.64475 5.7111 9267.0 16.008 16157.0 17.493 "" "" 0.002771904372240736 0.0033619388 0.0039579743 0.0073199132 99.24084117544 5.96618133805 1374.94031 -1.618000000000001 0.46699999999999975 -0.07321819591522227 -0.06405455636978147 0.17173336 0.16873336 "" "" 0.6340113570851746 "" 0.10806040270932786 "" 0.9
99.27136793326 6.04014135296 0.0264 0.0235 7.7605 "" "" 3131891908891595520 1573.16382 0.5991 0.0277 -1.601 0.463 0.033 0.027 1.067 5645.8 4.0223 15.069883 1.192446 15.586093 14.393647 "" "" 1495.76807 1637.85681 17660.10578 19.245 7961.2 41.011 13858.0 41.003 "" "" 0.0029986150313492245 0.0062503507 0.004960212 0.011210563 99.27136793326 6.04014135296 1573.16382 -1.601 0.463 -0.05621819591522215 -0.06805455636978147 0.17973337 0.17373335 "" "" 0.6582247451145138 "" 0.11597370917983986 "" 1.0
99.01968709826 5.52593221297 0.0291 0.0294 26.6164 "" "" 3131837032087756928 1492.86804 0.6298 0.0338 -1.295 0.53 0.036 0.03 1.076 6028.1 4.094 15.110623 1.233432 15.642929 14.409497 "" "" 1425.50061 1564.0155 17009.72248 9.9827 7555.2 19.789 13657.0 33.691 "" "" 0.0028280403065280442 0.003984013 0.0046322565 0.00861627 99.01968709826 5.52593221297 1492.86804 -1.295 0.53 0.2497818040847779 -0.0010545563697814675 0.18273336 0.17673336 "" "" 1.7675203830590809 "" 0.32298474715410586 "" 0.8
99.20794942214 5.98244014127 0.0246 0.022 3.1197 "" "" 3131889847307341824 1527.9353 0.6071 0.0269 -1.434 0.393 0.03 0.025 1.058 5972.7 4.1471 15.117428 1.228319 15.651467 14.423148 "" "" 1476.92444 1601.03796 16903.45384 5.927 7496.0 19.718 13486.0 21.47 "" "" 0.0027814964492211955 0.0039927135 0.0041558985 0.008148612 99.20794942214 5.98244014127 1527.9353 -1.434 0.3930000000000004 0.11078180408477789 -0.13805455636978148 0.17673336 0.17173336 "" "" 1.281961754208884 "" 0.22268830490041663 "" 0.8
99.29361743926 6.05643217602 0.0332 0.0277 9.3153 "" "" 3131892042032376576 1375.00439 0.6857 0.0369 -1.582 0.615 0.041 0.032 1.035 5171.7 4.2062 15.312345 1.332271 15.875484 14.543214 "" "" 1307.89001 1445.09924 14125.66377 23.869 6098.5 74.832 12075.0 75.187 "" "" 0.0033102378516610253 0.013611629 0.0077452124 0.021356842 99.29361743926 6.05643217602 1375.00439 -1.5820000000000005 0.615 -0.03721819591522224 0.0839454436302185 0.18773335 0.17873336 "" "" 0.5984784810493221 "" 0.1078713843634792 "" 1.0
99.21294164977 6.11772817787 0.0301 0.0259 11.2354 "" "" 3131940321762375680 1405.3363 0.6654 0.0328 -1.625 0.522 0.038 0.03 0.965 5383.4 4.2146 15.450395 1.262413 15.99354 14.731127 "" "" 1351.12573 1470.5719 12439.10288 21.992 5470.2 38.245 10156.0 69.2 "" "" 0.003358045697785725 0.008087488 0.008307374 0.016394861 99.21294164977 6.11772817787 1405.3363 -1.625 0.522 -0.08021819591522217 -0.009054556369781475 0.18473336 0.17673336 "" "" 0.5377502224970345 "" 0.09928744332182524 "" 0.9
98.83956121387 5.61932191726 0.0315 0.0314 28.5854 "" "" 3131759761336963328 1534.95239 0.6012 0.0381 -1.364 0.549 0.036 0.034 0.937 5846.4 4.2535 15.52354 1.245968 16.063498 14.81753 "" "" 1459.98901 1638.375 11628.68614 15.85 5128.8 30.891 9378.8 32.656 "" "" 0.0031275866044304973 0.007109804 0.005345587 0.012455391 98.83956121387 5.61932191726 1534.95239 -1.3640000000000005 0.549 0.18078180408477773 0.01794544363021855 0.18273336 0.18073335 "" "" 1.3217739726841797 "" 0.241506540371667 "" 0.8
99.31296471706 6.15178670645 0.0421 0.0365 14.8232 "" "" 3131945784961292288 1419.67944 0.6766 0.0456 -1.623 0.554 0.057 0.047 1.111 4917.4 4.312 15.990726 1.386575 16.59752 15.210946 "" "" 1341.87061 1511.07117 7562.33693 8.9927 3136.2 21.573 6528.0 32.76 "" "" 0.003042814012514438 0.007972637 0.0066310926 0.01460373 99.31296471706 6.15178670645 1419.67944 -1.6230000000000002 0.554 -0.07821819591522217 0.022945443630218554 0.20373335 0.19373336 "" "" 0.5485325292459599 "" 0.1113295942389961 "" 0.9
99.29539255169 5.87646727309 0.0374 0.0338 6.4618 "" "" 3131884487188168320 1543.14099 0.6154 0.0413 -1.644 0.462 0.044 0.038 0.966 4714.6 4.2734 16.004461 1.377113 16.616459 15.239346 "" "" 1450.03174 1644.1676 7467.28196 18.692 3082.0 29.657 6359.5 65.198 "" "" 0.003870171491273484 0.010813814 0.011755156 0.02256897 99.29539255169 5.87646727309 1543.14099 -1.644 0.46200000000000047 -0.09921819591522207 -0.06905455636978147 0.19073336 0.18473336 "" "" 0.8841997832644681 "" 0.16693370356827625 "" 0.8
99.30633804022 6.03768296954 0.0389 0.0335 8.9423 "" "" 3131891187337077120 1436.1416 0.6644 0.0419 -1.554 0.648 0.05 0.042 0.965 4844.3 4.2778 16.050268 1.415872 16.678703 15.262832 "" "" 1366.96814 1521.26575 7158.78737 19.791 2910.3 26.333 6223.4 62.141 "" "" 0.004074479366178404 0.010212511 0.011481026 0.021693537 99.30633804022 6.03768296954 1436.1416 -1.5540000000000005 0.6479999999999999 -0.009218195915222216 0.11694544363021853 0.19673336 0.18873335 "" "" 0.7985533677098317 "" 0.15075393466932907 "" 0.9
99.04184352859 6.08626534043 0.0455 0.0442 13.3506 "" "" 3131941593072790912 1391.43164 0.7079 0.0539 -1.598 0.695 0.06 0.047 1.044 4933.6 4.2805 16.24976 1.538423 16.956383 15.417959 "" "" 1289.62854 1499.43933 5957.21028 11.354 2253.5 21.634 5394.8 31.104 "" "" 0.0034458564105730926 0.010790247 0.0073122964 0.018102543 99.04184352859 6.08626534043 1391.43164 -1.598 0.695 -0.053218195915222255 0.16394544363021846 0.20673336 0.19373336 "" "" 1.1368250225324583 "" 0.2216922249757077 "" 0.8
99.34366368922 5.95393629696 0.0426 0.0387 8.5729 "" "" 3131885994716156160 1616.68896 0.6037 0.0484 -1.68 0.547 0.051 0.046 0.969 4964.6 4.3643 16.281628 1.405284 16.92241 15.517125 "" "" 1512.75854 1716.14124 5784.90057 19.983 2325.2 35.055 4923.9 52.809 "" "" 0.0046538194237044925 0.016604792 0.012242527 0.028847318 99.34366368922 5.95393629696 1616.68896 -1.679999999999999 0.5470000000000007 -0.1352181959152221 0.015945443630218548 0.19773336 0.19273336 "" "" 1.0433710996175096 "" 0.20623861257423323 "" 0.9
99.46199504935 6.08081913998 0.0482 0.0444 17.9412 "" "" 3131894825169347712 1392.41504 0.6995 0.0546 -1.704 0.572 0.058 0.052 0.97 5388.1 4.5628 16.340677 1.509586 17.027004 15.517418 "" "" 1303.45081 1488.5304 5478.68251 10.871 2111.6 25.821 4922.6 28.333 "" "" 0.003497576760389534 0.013566583 0.0073031397 0.020869723 99.46199504935 6.08081913998 1392.41504 -1.703999999999998 0.5720000000000006 -0.15921819591522213 0.04094544363021846 0.20473336 0.19873336 "" "" 1.0850398106566335 "" 0.22174556205067789 "" 0.8
99.15778073604 5.93816860014 0.0542 0.0506 2.6703 "" "" 3131866173447643776 1563.98694 0.6319 0.0616 -1.598 0.651 0.067 0.058 0.945 4627.3 4.2937 16.8182 1.760544 17.675064 15.91452 "" "" 1435.64319 1731.92542 3529.12663 7.4178 1162.5 11.271 3414.7 24.008 "" "" 0.003577668279781362 0.010890236 0.008517929 0.019408166 99.15778073604 5.93816860014 1563.98694 -1.598 0.651 -0.053218195915222255 0.11994544363021853 0.21373336 0.20473336 "" "" 0.9727842023143503 "" 0.20062765195666848 "" 0.9
