Clusters/LP_1218/LP_1218_stars_in_region.tsv
# %ECSV 1.0
# ---
# datatype:
# - name: RA_ICRS_1
#   unit: deg
#   datatype: float64
#   format: '{:15.11f}'
#   description: Right ascension (ICRS) at Ep=2016.0 (ra)
#   meta: !!omap
#   - {ucd: POS_EQ_RA_MAIN}
#   - {width: 15}
#   - {precision: '11'}
# - name: DE_ICRS_1
#   unit: deg
#   datatype: float64
#   format: '{:15.11f}'
#   description: Declination (ICRS) at Ep=2016.0 (dec)
#   meta: !!omap
#   - {ucd: POS_EQ_DEC_MAIN}
#   - {width: 15}
#   - {precision: '11'}
# - name: e_RA_ICRS
#   unit: mas
#   datatype: float64
#   format: '{:7.4f}'
#   description: Standard error of right ascension (ra_error)
#   meta: !!omap
#   - {ucd: ERROR}
#   - {width: 7}
#   - {precision: '4'}
# - name: e_DE_ICRS
#   unit: mas
#   datatype: float64
#   format: '{:7.4f}'
#   description: Standard error of declination (dec_error)
#   meta: !!omap
#   - {ucd: ERROR}
#   - {width: 7}
#   - {precision: '4'}
# - name: _r_1
#   unit: ''
#   datatype: float64
#   format: '{:7.4f}'
#   description: Distance from center (273.96590706000-18.09169431000)[ICRS], at Epoch=J2016.0
#   meta: !!omap
#   - {ucd: POS_ANG_DIST_GENERAL}
#   - {width: 7}
#   - {precision: '4'}
# - name: HIP
#   datatype: int32
#   description: '? HIP cross-id number, van Leeuwen, Cat. I/311 (hip_original_ext_source_id)'
#   meta: !!omap
#   - {ucd: ID_NUMBER}
#   - {width: 6}
#   - values: {'null': -2147483648}
# - name: TYC2
#   datatype: string
#   description: Tycho-2 cross-id name, Hog et al., Cat. I/259 (tyc2_original_ext_source_id)
#   meta: !!omap
#   - {ucd: ID_CROSSID}
#   - {_votable_string_dtype: char}
# - name: Source
#   datatype: int64
#   description: Source identifier, identical to the Gaia-EDR3 source_id (id)
#   meta: !!omap
#   - {ucd: ID_MAIN}
#   - {width: 19}
# - name: rgeo
#   unit: pc
#   datatype: float64
#   format: '{:15.8f}'
#   description: '? Median of the geometric distance posterior (r_med_geo)'
#   meta: !!omap
#   - {ucd: PHYS_DISTANCE_TRUE}
#   - {width: 15}
#   - {precision: '8'}
#   - values: {'null': .nan}
# - name: Plx
#   unit: mas
#   datatype: float64
#   format: '{:9.4f}'
#   description: '? Parallax (parallax)'
#   meta: !!omap
#   - {ucd: POS_PARLX_TRIG}
#   - {width: 9}
#   - {precision: '4'}
#   - values: {'null': .nan}
# - name: e_Plx
#   unit: mas
#   datatype: float32
#   format: '{:7.4f}'
#   description: '? Standard error of parallax (parallax_error)'
#   meta: !!omap
#   - {ucd: ERROR}
#   - {width: 7}
#   - {precision: '4'}
#   - values: {'null': .nan}
# - name: pmRA
#   unit: mas / yr
#   datatype: float64
#   format: '{:9.3f}'
#   description: '? Proper motion in right ascension direction, pmRA*cosDE (pmra)'
#   meta: !!omap
#   - {ucd: POS_EQ_PMRA}
#   - {width: 9}
#   - {precision: '3'}
#   - values: {'null': .nan}
# - name: pmDE
#   unit: mas / yr
#   datatype: float64
#   format: '{:9.3f}'
#   description: '? Proper motion in declination direction (pmdec)'
#   meta: !!omap
#   - {ucd: POS_EQ_PMDEC}
#   - {width: 9}
#   - {precision: '3'}
#   - values: {'null': .nan}
# - name: e_pmRA
#   unit: mas / yr
#   datatype: float32
#   format: '{:6.3f}'
#   description: '? Standard error of proper motion in right ascension direction (pmra_error)'
#   meta: !!omap
#   - {ucd: ERROR}
#   - {width: 6}
#   - {precision: '3'}
#   - values: {'null': .nan}
# - name: e_pmDE
[...]
#         unit: &id001 !astropy.units.Unit {unit: deg}
#         value: !astropy.table.SerializedColumn {name: SkyCoord.dec}
#       distance: !astropy.table.SerializedColumn
#         __class__: astropy.coordinates.distances.Distance
#         unit: !astropy.units.Unit {unit: pc}
#         value: !astropy.table.SerializedColumn {name: SkyCoord.distance}
#       frame: icrs
#       obstime: !astropy.time.Time {format: jyear_str, in_subfmt: '*', jd1: 367701545.0, jd2: 0.0, out_subfmt: '*', precision: 3, scale: tt}
#       pm_dec: !astropy.table.SerializedColumn
#         __class__: astropy.units.quantity.Quantity
#         unit: !astropy.units.Unit {unit: mas / yr}
#         value: !astropy.table.SerializedColumn {name: SkyCoord.pm_dec}
#       pm_ra_cosdec: !astropy.table.SerializedColumn
#         __class__: astropy.units.quantity.Quantity
#         unit: !astropy.units.Unit {unit: mas / yr}
#         value: !astropy.table.SerializedColumn {name: SkyCoord.pm_ra_cosdec}
#       ra: !astropy.table.SerializedColumn
#         __class__: astropy.coordinates.angles.Longitude
#         unit: *id001
#         value: !astropy.table.SerializedColumn {name: SkyCoord.ra}
#         wrap_angle: !astropy.coordinates.Angle
#           unit: *id001
#           value: 360.0
#       representation_type: spherical
# schema: astropy-2.0
RA_ICRS_1 DE_ICRS_1 e_RA_ICRS e_DE_ICRS _r_1 HIP TYC2 Source rgeo Plx e_Plx pmRA pmDE e_pmRA e_pmDE RUWE Teff logg Gmag BP-RP BPmag RPmag RV e_RV b_rgeo B_rgeo FG e_FG FBP e_FBP FRP e_FRP RAVE5 RAVE6 e_Gmag e_BPmag e_RPmag e_BP-RP SkyCoord.ra SkyCoord.dec SkyCoord.distance SkyCoord.pm_ra_cosdec SkyCoord.pm_dec
[from data line 649]
274.13769654118 -18.09658144304 0.0391 0.0345 9.802 "" "" 4097154369519298176 2732.92383 0.324 0.0454 -1.109 -2.689 0.046 0.036 1.011 7997.7 2.5697 15.791131 2.192543 16.91322 14.720676 "" "" 2414.83813 3116.93408 9088.54305 7.2142 2344.9 9.7757 10254.0 19.376 "" "" 0.002886958391476731 0.0053172233 0.00430033 0.009617553 274.13769654118 -18.09658144304 2732.92383 -1.109 -2.6889999999999996
273.82224353038 -18.08029678801 0.0352 0.0325 8.2224 "" "" 4095668169087209600 2580.38403 0.3569 0.0419 -0.147 1.16 0.045 0.035 0.978 7988.0 3.8594 15.791509 1.731602 16.616007 14.884405 "" "" 2311.66626 2906.01831 9085.38762 4.3205 3083.3 10.157 8818.5 12.421 "" "" 0.0028032785587368335 0.0045362236 0.0040770597 0.008613283 273.82224353038 -18.08029678801 2580.38403 -0.14700000000000002 1.1600000000000001
274.00597686956 -18.35512526448 0.0388 0.0335 15.97 "" "" 4095639994100203136 2850.86499 0.3193 0.0423 1.285 -2.026 0.047 0.036 0.982 8500.3 4.2086 15.792686 1.124489 16.26982 15.14533 "" "" 2517.65137 3302.03076 9075.53013 4.1268 4241.2 11.124 6934.7 17.378 "" "" 0.0027992020323064507 0.003986794 0.0046568736 0.008643668 274.00597686956 -18.35512526448 2850.86499 1.2849999999999997 -2.026
273.72161462833 -17.96704859524 0.0395 0.0367 15.8175 "" "" 4095716929871367424 2803.92188 0.3119 0.0435 -1.021 -2.881 0.046 0.036 0.93 7000.7 3.5792 15.79768 2.543109 17.19291 14.6498 "" "" 2544.08032 3226.01782 9033.88819 6.0066 1812.4 14.112 10946.0 23.493 "" "" 0.0028483209099794456 0.008902473 0.004440035 0.013342509 273.72161462833 -17.96704859524 2803.92188 -1.021 -2.881
273.78619007966 -18.06522590625 0.037 0.0336 10.373 "" "" 4095668134727529600 2549.83203 0.3496 0.0415 0.525 -0.205 0.043 0.035 1.107 7297.5 3.6159 15.797774 1.340507 16.387173 15.046666 "" "" 2269.81519 2817.72925 9033.1075 4.0709 3806.7 14.971 7594.4 13.973 "" "" 0.0027984292868549797 0.005100767 0.004274851 0.009375619 273.78619007966 -18.06522590625 2549.83203 0.525 -0.205
274.00708083381 -18.09623166941 0.0378 0.0339 2.364 "" "" 4095654223346353024 2453.15454 0.356 0.0407 -1.777 -2.22 0.045 0.036 1.0 7605.4 3.5712 15.798272 2.445437 17.11973 14.674293 "" "" 2249.41016 2729.11255 9028.96409 4.866 1938.8 7.1419 10701.0 15.714 "" "" 0.0028167669702303835 0.004876577 0.0041019158 0.008978493 274.00708083381 -18.09623166941 2453.15454 -1.7769999999999997 -2.22
273.69025866909 -18.07587772025 0.0369 0.0329 15.7506 "" "" 4095663088159278848 2423.63428 0.385 0.0405 -0.985 -3.46 0.044 0.034 0.949 7976.6 4.1616 15.7987 1.457797 16.462074 15.004277 "" "" 2228.82202 2741.72949 9025.40049 3.9379 3552.9 14.043 7896.7 20.969 "" "" 0.0027957469200946615 0.005118726 0.004753511 0.009872237 273.69025866909 -18.07587772025 2423.63428 -0.985 -3.459999999999999
273.88086707232 -18.06569434634 0.0331 0.0295 5.0952 "" "" 4095665317228994688 2824.87061 0.3221 0.0378 -0.341 -2.51 0.043 0.034 1.073 8148.4 3.4837 15.798975 1.698593 16.604668 14.906075 "" "" 2533.75391 3213.88184 9023.1166 3.9684 3115.7 11.627 8644.3 15.542 "" "" 0.002796391590465476 0.0049194763 0.0042537525 0.009173229 273.88086707232 -18.06569434634 2824.87061 -0.34099999999999997 -2.51
273.86960949155 -17.91103625798 0.0384 0.0375 12.1528 "" "" 4095671987331248640 2275.31738 0.3983 0.0459 0.602 -1.794 0.042 0.036 1.052 7458.4 2.9426 15.800501 2.734102 17.341862 14.607759 "" "" 2069.56396 2507.91089 9010.45048 5.451 1580.1 10.889 11378.0 12.605 "" "" 0.0028325283834468177 0.007985485 0.0039661704 0.011951655 273.86960949155 -17.91103625798 2275.31738 0.6020000000000001 -1.7939999999999998
273.72306397968 -18.17439473659 0.0421 0.0351 14.7092 "" "" 4095661198373608576 2405.55981 0.3722 0.0436 -0.588 -2.597 0.057 0.041 0.985 7660.5 3.5024 15.800839 2.531965 17.141008 14.609043 "" "" 2173.48779 2663.57373 9007.63787 6.4059 1901.1 11.221 11364.0 21.735 "" "" 0.0028614651279752637 0.0069894837 0.004312307 0.011301791 273.72306397968 -18.17439473659 2405.55981 -0.588 -2.5969999999999995
274.1282098219 -18.09037703622 0.0381 0.0345 9.2571 "" "" 4097154472598543488 2527.16724 0.3579 0.0452 -1.094 -2.549 0.047 0.039 0.94 "" "" 15.805773 1.737569 16.618519 14.88095 "" "" 2293.13623 2869.97998 8966.79935 5.8875 3076.2 16.289 8846.6 23.932 "" "" 0.0028460482102579446 0.0063904505 0.0047865026 0.011176953 274.1282098219 -18.09037703622 2527.16724 -1.094 -2.5489999999999995
274.06694766416 -18.34155300995 0.045 0.0403 16.0595 "" "" 4095645770850512128 2348.35522 0.4053 0.0469 -0.417 -1.134 0.055 0.045 1.19 6915.6 3.8991 15.806225 1.812385 16.684727 14.872342 "" "" 2108.17163 2686.6189 8963.06759 5.5231 2894.2 15.202 8917.1 24.592 "" "" 0.0028353836982138634 0.0063488763 0.0048217764 0.011170653 274.06694766416 -18.34155300995 2348.35522 -0.41699999999999987 -1.1339999999999997
273.78765662133 -18.07415153083 0.0374 0.0342 10.2211 "" "" 4095668070321033856 2291.26318 0.4201 0.0422 0.505 -1.833 0.047 0.038 1.016 5009.9 3.4111 15.810211 1.975921 16.800043 14.824122 "" "" 2097.64966 2559.34033 8930.22618 4.2555 2602.6 10.736 9322.0 18.09 "" "" 0.002803475500671993 0.0052767876 0.004327003 0.009603791 273.78765662133 -18.07415153083 2291.26318 0.505 -1.8329999999999995
273.72666480672 -18.13257418569 0.0356 0.0317 13.862 "" "" 4095661885568392448 2899.22388 0.3103 0.0392 -0.187 0.139 0.046 0.036 0.965 9140.9 3.6223 15.813942 1.282838 16.370527 15.087689 "" "" 2591.62598 3250.30396 8899.59314 4.3148 3865.5 10.352 7312.8 13.348 "" "" 0.0028051532945548266 0.004029827 0.004267459 0.008297286 273.72666480672 -18.13257418569 2899.22388 -0.187 0.13899999999999998
274.12610360222 -17.97301377481 0.0705 0.0633 11.5862 "" "" 4097168074743864064 2070.78027 0.4787 0.0771 1.399 -0.944 0.088 0.077 1.654 7560.3 3.9095 15.814 1.605159 16.452156 14.846997 "" "" 1809.9386 2469.13501 8899.11135 6.2349 3585.5 11.875 9127.7 16.464 "" "" 0.002858397664058373 0.004551437 0.004256642 0.008808079 274.12610360222 -17.97301377481 2070.78027 1.3990000000000005 -0.944
273.97913894219 -18.34072727639 0.0509 0.044 14.961 "" "" 4095640823048622848 2110.80493 0.4535 0.0557 1.466 -0.311 0.063 0.047 1.36 7649.1 4.1992 15.815186 1.322745 16.380487 15.057742 "" "" 1832.93701 2364.05127 8889.40004 5.2439 3830.2 13.736 7517.3 17.448 "" "" 0.0028287815862738587 0.0047901976 0.0045425044 0.009332702 273.97913894219 -18.34072727639 2110.80493 1.466 -0.31100000000000005
274.03921747952 -17.93646438907 0.0367 0.0318 10.21 "" "" 4097169316005842816 2113.01733 0.4493 0.0429 0.178 -1.14 0.046 0.034 1.094 "" "" 15.816586 2.101467 16.883802 14.782335 "" "" 1912.26306 2319.67505 8877.94508 5.7601 2409.3 11.68 9687.8 22.104 "" "" 0.002843944480392875 0.0059573227 0.0045189047 0.010476228 274.03921747952 -17.93646438907 2113.01733 0.178 -1.1400000000000001
273.97733628386 -17.93394951939 0.0783 0.0738 9.4871 "" "" 4097171996065491712 2463.09473 0.4065 0.0999 -1.26 -4.892 0.095 0.076 2.301 5384.5 4.6648 15.81688 1.13109 16.219587 15.088497 "" "" 2003.46387 3299.33301 8875.53827 12.74 4442.0 32.636 7307.3 24.769 "" "" 0.003165537001880887 0.008450946 0.005275213 0.013726159 273.97733628386 -17.93394951939 2463.09473 -1.26 -4.892
274.13045808241 -18.30283459644 0.0389 0.0355 15.7626 "" "" 4094895732151614208 2536.81226 0.3752 0.0418 3.419 -1.425 0.049 0.039 0.985 7765.6 3.9721 15.82541 1.706419 16.637638 14.931219 "" "" 2297.86719 2892.25269 8806.0852 4.0996 3022.5 6.2467 8446.4 20.802 "" "" 0.0028012987354589626 0.0035805383 0.004629674 0.008210212 274.13045808241 -18.30283459644 2536.81226 3.4190000000000005 -1.425
274.11608705598 -18.15328979702 0.0466 0.0432 9.3272 "" "" 4095649958425505664 2809.05078 0.3308 0.0519 -1.058 -2.083 0.059 0.053 1.059 9695.5 4.1273 15.82558 1.790304 16.608103 14.817799 "" "" 2462.56763 3216.38159 8804.70839 7.4508 3105.8 18.597 9376.5 21.139 "" "" 0.002904470468232582 0.007074651 0.0045028026 0.011577453 274.11608705598 -18.15328979702 2809.05078 -1.058 -2.0830000000000006
273.96482492733 -18.24924904111 0.0424 0.0385 9.4535 "" "" 4095650237616633344 2177.82202 0.4229 0.0411 -0.778 -1.52 0.051 0.04 1.018 7234.6 4.1868 15.826315 1.436187 16.474903 15.038716 "" "" 2025.92688 2348.95532 8798.74585 3.9358 3511.2 14.394 7650.2 13.948 "" "" 0.0027977954962368997 0.0052531683 0.0042664143 0.009519583 273.96482492733 -18.24924904111 2177.82202 -0.7780000000000001 -1.52
274.03440770116 -18.27760168093 0.0381 0.0351 11.8182 "" "" 4095647282679071360 2155.93384 0.4279 0.0422 0.059 -1.646 0.046 0.037 0.958 8209.9 4.184 15.827785 1.155559 16.317904 15.162345 "" "" 1967.02002 2356.39722 8786.8469 3.6288 4057.5 12.057 6826.8 12.93 "" "" 0.0027915661304766613 0.0042654513 0.004302612 0.008568063 274.03440770116 -18.27760168093 2155.93384 0.059 -1.646
273.86965740321 -18.0570762789 0.0355 0.0329 5.8698 "" "" 4095665390261409408 2071.24194 0.4605 0.0425 -0.213 -3.888 0.045 0.035 1.032 8026.6 3.6095 15.829036 1.650275 16.610151 14.959876 "" "" 1895.32581 2243.41333 8776.72424 4.2978 3100.0 12.358 8226.4 12.43 "" "" 0.0028061463000370046 0.0051496276 0.004120083 0.009269711 273.86965740321 -18.0570762789 2071.24194 -0.213 -3.8879999999999995
274.07613162971 -18.33855908498 0.038 0.0343 16.089 "" "" 4094895148036072448 2097.40649 0.44 0.0398 -1.223 -5.222 0.046 0.037 0.889 7559.7 4.0113 15.831169 1.697186 16.638119 14.940932 "" "" 1955.59644 2285.20947 8759.49915 3.9075 3021.1 9.1291 8371.2 13.962 "" "" 0.002797564622789202 0.004306862 0.004190815 0.008497678 274.07613162971 -18.33855908498 2097.40649 -1.223 -5.2219999999999995
273.80583040493 -18.13573037764 0.0355 0.0314 9.5033 "" "" 4095664599987691904 2225.87622 0.4098 0.0393 -0.446 -2.684 0.046 0.036 0.961 "" "" 15.83653 1.981143 16.825861 14.844718 "" "" 2068.21045 2416.35596 8716.35335 6.5228 2541.4 11.848 9146.8 14.551 "" "" 0.002872620087070334 0.005779779 0.0041553606 0.00993514 273.80583040493 -18.13573037764 2225.87622 -0.44599999999999995 -2.684
273.86041467177 -18.01681313746 0.0375 0.0347 7.5101 "" "" 4095670131905331840 2492.05957 0.3852 0.0425 -0.446 -3.379 0.049 0.038 1.065 "" "" 15.838125 1.320364 16.38725 15.066887 "" "" 2278.98462 2746.99023 8703.55084 3.9672 3806.4 15.564 7454.2 23.687 "" "" 0.0027994122924424026 0.0052434667 0.005117324 0.01036079 273.86041467177 -18.01681313746 2492.05957 -0.44600000000000006 -3.3790000000000004
273.75004556514 -18.07473289171 0.0359 0.0322 12.354 "" "" 4095668753202820736 2223.55591 0.416 0.0392 -0.519 0.02 0.043 0.035 0.996 "" "" 15.840483 1.261745 16.392105 15.13036 "" "" 2044.15247 2423.39502 8684.67774 3.9054 3789.4 11.132 7031.0 11.391 "" "" 0.0027982442208942123 0.0042377077 0.0041686753 0.008406383 273.75004556514 -18.07473289171 2223.55591 -0.5190000000000001 0.02
273.93311673299 -18.10211310965 0.0348 0.0307 1.9718 "" "" 4095665695185934976 2460.95728 0.3688 0.0424 2.277 -0.41 0.044 0.033 1.01 9336.7 3.6792 15.844433 1.507333 16.50806 15.000728 "" "" 2243.02368 2711.43774 8653.13415 6.4032 3405.6 13.22 7922.6 24.397 "" "" 0.002870067751438382 0.00505454 0.0050460175 0.0101005575 273.93311673299 -18.10211310965 2460.95728 2.277 -0.41
274.11284267903 -18.02191172015 0.0407 0.0358 9.3695 "" "" 4097156087506382080 2201.60181 0.4231 0.0457 0.074 -1.163 0.048 0.037 0.981 "" "" 15.845778 1.618282 16.588028 14.969746 "" "" 2009.55493 2435.01855 8642.41719 4.8463 3163.8 15.639 8151.9 20.973 "" "" 0.0028217847278599467 0.0060488647 0.0046996335 0.010748498 274.11284267903 -18.02191172015 2201.60181 0.074 -1.163
274.13053007405 -18.09255798674 0.044 0.0399 9.3892 "" "" 4097154262128764544 2715.82324 0.3239 0.0521 0.297 -4.03 0.054 0.044 1.141 4658.1 2.5712 15.847488 2.897284 17.512514 14.615231 "" "" 2465.28687 3015.45752 8628.818 5.7706 1350.2 5.8977 11300.0 17.628 "" "" 0.0028493867029675303 0.00550241 0.004141559 0.009643968 274.13053007405 -18.09255798674 2715.82324 0.297 -4.030000000000001
273.98011383509 -18.22155958838 0.0434 0.0397 7.8339 "" "" 4095650856091932544 2897.92847 0.3091 0.0436 0.404 0.307 0.051 0.041 0.895 "" "" 15.847762 2.118462 16.924553 14.806091 "" "" 2542.77759 3379.06006 8626.6425 5.2698 2320.6 7.266 9478.1 18.505 "" "" 0.002834023413539656 0.0043979404 0.004333269 0.008731209 273.98011383509 -18.22155958838 2897.92847 0.404 0.30699999999999994
273.98662538568 -18.20072806015 0.0437 0.04 6.6478 "" "" 4095650959171158272 2380.35986 0.3971 0.0452 -2.611 -5.81 0.052 0.04 1.031 9489.0 3.9921 15.848128 1.577704 16.577955 15.000251 "" "" 2132.75903 2611.98511 8623.73847 5.7812 3193.3 11.725 7926.1 15.065 "" "" 0.002849836277878464 0.0048659677 0.004306081 0.009172048 273.98662538568 -18.20072806015 2380.35986 -2.6110000000000007 -5.8100000000000005
273.83789056439 -18.04704813511 0.036 0.0327 7.778 "" "" 4095668379558670208 2533.00757 0.3606 0.0416 -0.324 -2.185 0.046 0.036 1.006 "" "" 15.851841 1.641288 16.626911 14.985623 "" "" 2310.51099 2889.04688 8594.29365 3.8074 3052.5 12.524 8033.6 15.157 "" "" 0.0027969890596960954 0.0052563087 0.004298827 0.009555136 273.83789056439 -18.04704813511 2533.00757 -0.32400000000000007 -2.185
273.77325001787 -18.10362108329 0.0355 0.0317 11.0108 "" "" 4095667726723907712 2410.80664 0.3772 0.0395 1.434 -0.996 0.045 0.036 0.961 7835.1 3.9814 15.852467 1.708659 16.669193 14.960534 "" "" 2171.11646 2620.22144 8589.34711 4.1716 2935.9 8.4483 8221.4 17.469 "" "" 0.0028053246241684262 0.0041888286 0.0044278605 0.00861669 273.77325001787 -18.10362108329 2410.80664 1.4340000000000002 -0.996
274.03968742862 -18.14738299911 0.048 0.0436 5.3727 "" "" 4095652745877557248 2392.12769 0.3638 0.0472 -0.274 -2.259 0.057 0.046 1.198 "" "" 15.856225 2.477894 17.08805 14.610157 "" "" 2136.26929 2713.198 8559.66438 13.974 1996.2 40.412 11353.0 91.623 "" "" 0.003276213592031615 0.022156533 0.009542623 0.031699155 274.03968742862 -18.14738299911 2392.12769 -0.274 -2.259
273.8569853185 -18.24076774814 0.0378 0.0327 10.8886 "" "" 4095645388579837952 2767.51514 0.3343 0.0407 -0.202 -1.295 0.047 0.037 0.957 "" "" 15.859065 2.465702 17.184048 14.718346 "" "" 2403.17871 3149.63867 8537.30059 9.0193 1827.3 11.965 10276.0 37.798 "" "" 0.002984539858055718 0.007637229 0.005498445 0.0131356735 273.8569853185 -18.24076774814 2767.51514 -0.202 -1.2949999999999997
273.76635299375 -18.08287043668 0.0386 0.0342 11.3939 "" "" 4095668001601827200 2273.98291 0.3994 0.0445 -0.301 -1.254 0.046 0.037 1.044 7153.9 4.3315 15.862146 1.288293 16.427404 15.139112 "" "" 2044.52295 2555.42505 8513.11031 3.888 3668.2 14.215 6974.5 11.214 "" "" 0.0027995839297507434 0.0050485265 0.004163079 0.009211605 273.76635299375 -18.08287043668 2273.98291 -0.30099999999999993 -1.254
273.81471539421 -18.19523413001 0.0363 0.0315 10.6257 "" "" 4095657655006707456 2250.91406 0.3893 0.0394 0.438 0.703 0.047 0.037 1.007 15006.3 3.906 15.866933 2.73914 17.413572 14.674432 "" "" 2084.01855 2420.59961 8475.66456 5.1226 1479.1 9.5398 10700.0 22.544 "" "" 0.002832383671220422 0.007538101 0.0044177636 0.011955865 273.81471539421 -18.19523413001 2250.91406 0.43800000000000006 0.703
273.90912917188 -17.85618312162 0.0385 0.0351 14.4975 "" "" 4097220305860617856 2289.38013 0.3985 0.0441 1.076 -1.539 0.044 0.035 0.992 "" "" 15.86893 1.853998 16.772383 14.918385 "" "" 2100.97021 2511.74609 8460.08759 4.5717 2669.7 10.374 8546.8 20.18 "" "" 0.002817094937837755 0.0050581507 0.0045667845 0.009624936 273.90912917188 -17.85618312162 2289.38013 1.076 -1.5389999999999995
274.13418708381 -18.28195035545 0.0452 0.0414 14.9106 "" "" 4095647828121008768 2550.16064 0.3555 0.047 -1.127 -2.701 0.055 0.044 0.964 9284.7 4.0325 15.869221 1.211431 16.390924 15.179493 "" "" 2298.29541 2875.96533 8457.81781 4.1981 3793.6 12.526 6719.9 9.7002 "" "" 0.002807528589294009 0.0045428006 0.00409146 0.00863426 274.13418708381 -18.28195035545 2550.16064 -1.127 -2.7010000000000005
