Clusters/LP_1218/LP_1218_members.tsv
# %ECSV 1.0
# ---
# datatype:
# - name: RA_ICRS_1
#   unit: deg
#   datatype: float64
#   format: '{:15.11f}'
#   description: Right ascension (ICRS) at Ep=2016.0 (ra)
#   meta: !!omap
#   - {ucd: POS_EQ_RA_MAIN}
#   - {width: 15}
#   - {precision: '11'}
# - name: DE_ICRS_1
#   unit: deg
#   datatype: float64
#   format: '{:15.11f}'
#   description: Declination (ICRS) at Ep=2016.0 (dec)
#   meta: !!omap
#   - {ucd: POS_EQ_DEC_MAIN}
#   - {width: 15}
#   - {precision: '11'}
# - name: e_RA_ICRS
#   unit: mas
#   datatype: float64
#   format: '{:7.4f}'
#   description: Standard error of right ascension (ra_error)
#   meta: !!omap
#   - {ucd: ERROR}
#   - {width: 7}
#   - {precision: '4'}
# - name: e_DE_ICRS
#   unit: mas
#   datatype: float64
#   format: '{:7.4f}'
#   description: Standard error of declination (dec_error)
#   meta: !!omap
#   - {ucd: ERROR}
#   - {width: 7}
#   - {precision: '4'}
# - name: _r_1
#   unit: ''
#   datatype: float64
#   format: '{:7.4f}'
#   description: Distance from center (273.96590706000-18.09169431000)[ICRS], at Epoch=J2016.0
#   meta: !!omap
#   - {ucd: POS_ANG_DIST_GENERAL}
#   - {width: 7}
#   - {precision: '4'}
# - name: HIP
#   datatype: int32
#   description: '? HIP cross-id number, van Leeuwen, Cat. I/311 (hip_original_ext_source_id)'
#   meta: !!omap
#   - {ucd: ID_NUMBER}
#   - {width: 6}
#   - values: {'null': -2147483648}
# - name: TYC2
#   datatype: string
#   description: Tycho-2 cross-id name, Hog et al., Cat. I/259 (tyc2_original_ext_source_id)
#   meta: !!omap
#   - {ucd: ID_CROSSID}
#   - {_votable_string_dtype: char}
# - name: Source
#   datatype: int64
#   description: Source identifier, identical to the Gaia-EDR3 source_id (id)
#   meta: !!omap
#   - {ucd: ID_MAIN}
#   - {width: 19}
# - name: rgeo
#   unit: pc
#   datatype: float64
#   format: '{:15.8f}'
#   description: '? Median of the geometric distance posterior (r_med_geo)'
#   meta: !!omap
#   - {ucd: PHYS_DISTANCE_TRUE}
#   - {width: 15}
#   - {precision: '8'}
#   - values: {'null': .nan}
# - name: Plx
#   unit: mas
#   datatype: float64
#   format: '{:9.4f}'
#   description: '? Parallax (parallax)'
#   meta: !!omap
#   - {ucd: POS_PARLX_TRIG}
#   - {width: 9}
#   - {precision: '4'}
#   - values: {'null': .nan}
# - name: e_Plx
#   unit: mas
#   datatype: float32
#   format: '{:7.4f}'
#   description: '? Standard error of parallax (parallax_error)'
#   meta: !!omap
#   - {ucd: ERROR}
#   - {width: 7}
#   - {precision: '4'}
#   - values: {'null': .nan}
# - name: pmRA
#   unit: mas / yr
#   datatype: float64
#   format: '{:9.3f}'
#   description: '? Proper motion in right ascension direction, pmRA*cosDE (pmra)'
#   meta: !!omap
#   - {ucd: POS_EQ_PMRA}
#   - {width: 9}
#   - {precision: '3'}
#   - values: {'null': .nan}
# - name: pmDE
#   unit: mas / yr
#   datatype: float64
#   format: '{:9.3f}'
#   description: '? Proper motion in declination direction (pmdec)'
#   meta: !!omap
#   - {ucd: POS_EQ_PMDEC}
#   - {width: 9}
#   - {precision: '3'}
#   - values: {'null': .nan}
# - name: e_pmRA
#   unit: mas / yr
#   datatype: float32
#   format: '{:6.3f}'
#   description: '? Standard error of proper motion in right ascension direction (pmra_error)'
#   meta: !!omap
#   - {ucd: ERROR}
#   - {width: 6}
#   - {precision: '3'}
#   - values: {'null': .nan}
# - name: e_pmDE
[...]
#       distance: !astropy.table.SerializedColumn
#         __class__: astropy.coordinates.distances.Distance
#         unit: !astropy.units.Unit {unit: pc}
#         value: !astropy.table.SerializedColumn {name: SkyCoord.distance}
#       frame: icrs
#       obstime: !astropy.time.Time {format: jyear_str, in_subfmt: '*', jd1: 367701545.0, jd2: 0.0, out_subfmt: '*', precision: 3, scale: tt}
#       pm_dec: !astropy.table.SerializedColumn
#         __class__: astropy.units.quantity.Quantity
#         unit: !astropy.units.Unit {unit: mas / yr}
#         value: !astropy.table.SerializedColumn {name: SkyCoord.pm_dec}
#       pm_ra_cosdec: !astropy.table.SerializedColumn
#         __class__: astropy.units.quantity.Quantity
#         unit: !astropy.units.Unit {unit: mas / yr}
#         value: !astropy.table.SerializedColumn {name: SkyCoord.pm_ra_cosdec}
#       ra: !astropy.table.SerializedColumn
#         __class__: astropy.coordinates.angles.Longitude
#         unit: *id001
#         value: !astropy.table.SerializedColumn {name: SkyCoord.ra}
#         wrap_angle: !astropy.coordinates.Angle
#           unit: *id001
#           value: 360.0
#       representation_type: spherical
# schema: astropy-2.0
RA_ICRS_1 DE_ICRS_1 e_RA_ICRS e_DE_ICRS _r_1 HIP TYC2 Source rgeo Plx e_Plx pmRA pmDE e_pmRA e_pmDE RUWE Teff logg Gmag BP-RP BPmag RPmag RV e_RV b_rgeo B_rgeo FG e_FG FBP e_FBP FRP e_FRP RAVE5 RAVE6 e_Gmag e_BPmag e_RPmag e_BP-RP SkyCoord.ra SkyCoord.dec SkyCoord.distance SkyCoord.pm_ra_cosdec SkyCoord.pm_dec rmRA rmDE e_rmRA e_rmDE rRV e_rRV v_pec v_pec3d e_vpec e_vpec3d Pmemb
273.94652853179 -18.06324697114 0.014 0.0121 2.0335 "" "" 4095665940017182720 2624.2605 0.3346 0.0158 -0.017 -1.236 0.019 0.015 0.831 "" "" 10.477075 2.412839 11.781095 9.368257 "" "" 2523.58936 2727.53638 1213715.19713 427.64 264840.0 349.15 1418600.0 786.98 "" "" 0.002781749866389075 0.0031359012 0.0038270769 0.0069629783 273.94652853179 -18.06324697114 2624.2605 -0.017000000000000005 -1.236 -0.021714285489171745 -0.0538809881210327 0.10647334 0.10247334 "" "" 0.7226050789865238 "" 0.07445835088635554 "" 0.9
273.98821269998 -18.13696062246 0.0142 0.012 2.9991 "" "" 4095653634915907456 2249.90234 0.4357 0.0151 0.066 -1.275 0.017 0.013 0.949 "" "" 12.395175 1.600139 13.13163 11.531491 "" "" 2179.99487 2321.27881 207432.44261 124.41 76342.0 165.38 193450.0 229.88 "" "" 0.00283122385059218 0.0036492625 0.0039935373 0.0076428 273.98821269998 -18.13696062246 2249.90234 0.066 -1.275 0.06128571451082826 -0.09288098812103263 0.10447334 0.100473344 "" "" 1.1867294832893414 "" 0.12069423371206014 "" 0.95
273.97607766852 -18.15974364162 0.0234 0.0206 4.1239 "" "" 4095651916930567040 2931.63892 0.3276 0.0248 0.046 -1.148 0.027 0.021 0.927 "" "" 12.4211 3.023142 14.186336 11.163194 12.31 0.53 2737.67065 3122.52686 202538.10683 67.146 28899.0 48.137 271570.0 144.56 "" "" 0.0027787318621336895 0.003325019 0.0038233171 0.007148336 273.97607766852 -18.15974364162 2931.63892 0.045999999999999965 -1.148 0.041285714510828256 0.034119011878967376 0.11447334 0.10847334 -30.625 3.8149998 0.7442607546533001 30.63404232338457 0.08341468189301764 3.8138742746316674 0.95
273.95192318916 -18.06085815257 0.013 0.0112 2.0148 "" "" 4095665935704298368 2468.65259 0.3736 0.0144 -0.016 -1.211 0.017 0.013 1.025 14228.7 3.4951 13.019045 1.056725 13.437921 12.381195 "" "" 2377.38794 2603.2793 116769.36988 194.5 57577.0 258.48 88446.0 576.74 "" "" 0.0032958168196935075 0.0056162938 0.008025491 0.013641784 273.95192318916 -18.06085815257 2468.65259 -0.015999999999999993 -1.2110000000000003 -0.020714285489171744 -0.02888098812103279 0.10447334 0.100473344 "" "" 0.4158849364635332 "" 0.04235774853459468 "" 0.99
273.97328631389 -18.11482342199 0.0151 0.0134 1.4502 "" "" 4095665458980805632 2665.40601 0.3334 0.0167 0.116 -1.055 0.018 0.014 1.015 6997.7 2.7457 13.222182 1.426069 13.853337 12.427268 "" "" 2567.63281 2789.11914 96844.26056 30.399 39272.0 62.445 84772.0 62.726 "" "" 0.0027763176096349033 0.0032810778 0.0038638248 0.007144903 273.97328631389 -18.11482342199 2665.40601 0.11599999999999998 -1.055 0.11128571451082826 0.12711901187896735 0.10547334 0.10147334 "" "" 2.1345053856344767 "" 0.22034048551090085 "" 0.98
274.00712282181 -18.05198133098 0.0167 0.0152 3.3473 "" "" 4095666176222503936 2816.21948 0.3128 0.0172 -0.186 -1.732 0.021 0.016 1.004 6996.6 2.7721 13.425127 1.499565 14.101091 12.601526 "" "" 2702.43652 2940.10425 80333.3646 28.16 31259.0 38.62 72202.0 34.578 "" "" 0.0027814817203626547 0.003095873 0.0038149825 0.0069108554 274.00712282181 -18.05198133098 2816.21948 -0.186 -1.732 -0.19071428548917174 -0.5498809881210327 0.10847334 0.10347334 "" "" 7.769243766780371 "" 0.8081701761348143 "" 0.96
273.89294925205 -18.05186316179 0.0139 0.012 4.7989 "" "" 4095666833370686848 2209.49854 0.416 0.0159 -0.116 -0.404 0.019 0.014 0.979 "" "" 13.449741 1.195149 13.954024 12.758875 "" "" 2131.70898 2308.62744 78532.62087 16.627 35794.0 39.845 62461.0 25.036 "" "" 0.002764892591183027 0.0030406902 0.0038043552 0.0068450454 273.89294925205 -18.05186316179 2209.49854 -0.116 -0.404 -0.12071428548917175 0.7781190118789673 0.10647334 0.10147334 "" "" 8.246740180491425 "" 0.8378166046087314 "" 0.91
274.00497626229 -18.08565168241 0.0156 0.0139 2.2576 "" "" 4095665974376881664 2743.91528 0.3275 0.0167 0.279 -0.984 0.019 0.015 0.903 6997.1 2.7786 13.483792 1.445678 14.126115 12.680437 "" "" 2608.5647 2887.54932 76107.91367 89.254 30547.0 102.24 67140.0 222.25 "" "" 0.0030352954324768685 0.004581539 0.005215454 0.009796993 274.00497626229 -18.08565168241 2743.91528 0.279 -0.9839999999999998 0.2742857145108283 0.1981190118789673 0.10647334 0.10247334 "" "" 4.400692777057137 "" 0.4625967600688765 "" 0.96
274.02231832183 -18.10452020996 0.0172 0.0146 3.308 "" "" 4095654154626867072 2361.50708 0.3803 0.0192 0.007 -1.229 0.021 0.015 0.911 "" "" 13.547311 1.433091 14.185417 12.752326 "" "" 2237.55615 2470.32202 71783.14914 38.289 28923.0 53.861 62839.0 105.93 "" "" 0.002815524929267632 0.003445729 0.0041992376 0.0076449662 274.02231832183 -18.10452020996 2361.50708 0.007000000000000003 -1.2290000000000008 0.0022857145108282568 -0.04688098812103281 0.10847334 0.10247334 "" "" 0.5253877254341809 "" 0.05384592948818247 "" 0.98
273.94475639379 -18.10752569404 0.0151 0.0126 1.5354 "" "" 4095665489027475968 2423.5813 0.3748 0.0169 -0.023 -1.203 0.019 0.014 0.994 "" "" 13.594588 1.282944 14.14086 12.857916 "" "" 2311.05127 2511.61865 68724.46637 19.421 30135.0 42.379 57015.0 53.171 "" "" 0.0027723506762527585 0.0031806286 0.003912666 0.0070932945 273.94475639379 -18.10752569404 2423.5813 -0.023000000000000007 -1.2029999999999994 -0.027714285489171743 -0.020880988121032784 0.10647334 0.10147334 "" "" 0.39862701095916936 "" 0.041732410860213516 "" 0.99
273.94356066173 -18.07166250526 0.0158 0.0137 1.7519 "" "" 4095665905657440896 2555.8645 0.349 0.0175 -0.006 -1.217 0.021 0.016 1.053 "" "" 13.7948 1.044733 14.218648 13.173915 "" "" 2454.50488 2693.7749 57151.4156 16.286 28052.0 27.709 42618.0 31.141 "" "" 0.002772636648080075 0.0029891839 0.0038617519 0.0068509355 273.94356066173 -18.07166250526 2555.8645 -0.005999999999999995 -1.217 -0.010714285489171744 -0.0348809881210328 0.10847334 0.10347334 "" "" 0.4420621872597291 "" 0.04593640773268407 "" 0.99
273.97768363003 -18.07245852072 0.0156 0.0133 1.3354 "" "" 4095666043096380928 2343.51782 0.3824 0.0173 -0.003 -1.238 0.02 0.015 1.038 9899.4 3.5298 13.798168 1.328212 14.359876 13.031664 "" "" 2233.97705 2449.71606 56974.34218 88.609 24630.0 107.24 48584.0 247.52 "" "" 0.0032315796708870634 0.005489333 0.0066993283 0.012188662 273.97768363003 -18.07245852072 2343.51782 -0.002999999999999999 -1.238 -0.0077142854891717435 -0.055880988121032704 0.10747334 0.10247334 "" "" 0.6266282913208986 "" 0.06427268885422702 "" 0.99
274.00605714002 -18.06628221695 0.0171 0.0151 2.7512 "" "" 4095666077456107392 2487.11401 0.3627 0.0185 0.011 -1.166 0.021 0.016 0.933 6908.0 2.8708 13.864826 1.425607 14.498304 13.072698 "" "" 2367.8877 2600.11475 53581.68181 17.613 21682.0 28.858 46782.0 25.564 "" "" 0.0027783383420656588 0.0031421804 0.0038256675 0.006967848 274.00605714002 -18.06628221695 2487.11401 0.011000000000000008 -1.166 0.006285714510828256 0.01611901187896736 0.10847334 0.10347334 "" "" 0.20396288861332565 "" 0.021242136369230506 "" 0.98
273.98819745415 -18.09236181622 0.0177 0.0157 1.2719 "" "" 4095665596419764736 2360.82715 0.387 0.0191 0.011 -1.224 0.022 0.017 0.952 "" "" 13.945805 1.412911 14.570956 13.158045 "" "" 2271.0498 2445.35278 49730.73188 19.547 20278.0 22.391 43245.0 54.835 "" "" 0.002788173243391231 0.0030368308 0.004022324 0.007059155 273.98819745415 -18.09236181622 2360.82715 0.010999999999999994 -1.224 0.006285714510828256 -0.04188098812103269 0.10947334 0.10447334 "" "" 0.4739107250577183 "" 0.04956445514345785 "" 0.98
273.98781188448 -18.08828524778 0.018 0.0161 1.266 "" "" 4095665596419766272 2438.64087 0.368 0.0193 0.014 -1.146 0.022 0.017 1.018 "" "" 13.978675 1.266105 14.521165 13.25506 "" "" 2307.1416 2570.07373 48247.7338 17.926 21230.0 25.672 39549.0 38.544 "" "" 0.002784693367595451 0.00308363 0.0039247167 0.0070083467 273.98781188448 -18.08828524778 2438.64087 0.014000000000000014 -1.146 0.009285714510828257 0.03611901187896738 0.10947334 0.10447334 "" "" 0.43108181599443335 "" 0.04517317328414485 "" 0.98
273.99030676455 -18.05395473438 0.0182 0.0153 2.6579 "" "" 4095666283614553216 2502.92871 0.3595 0.0202 -0.032 -1.203 0.023 0.017 1.036 "" "" 14.25863 1.400847 14.878854 13.478006 "" "" 2376.81348 2643.54834 37281.61212 13.513 15271.0 21.063 32207.0 27.725 "" "" 0.0027832818354027824 0.003166648 0.0038932357 0.007059884 273.99030676455 -18.05395473438 2502.92871 -0.032000000000000015 -1.203 -0.036714285489171744 -0.020880988121032784 0.11047334 0.10447334 "" "" 0.501093418995296 "" 0.05463791035463415 "" 0.98
273.91341571838 -18.04849388341 0.0189 0.0165 3.9602 "" "" 4095666936449619200 2338.66406 0.3837 0.0216 -0.054 -1.124 0.026 0.019 0.935 "" "" 14.423748 1.180985 14.921995 13.741011 "" "" 2224.73853 2453.21655 32021.92433 8.3756 14676.0 18.587 25279.0 18.296 "" "" 0.0027699162299005303 0.003110607 0.0038602115 0.006970818 273.91341571838 -18.04849388341 2338.66406 -0.05400000000000002 -1.124 -0.05871428548917174 0.058119011878967175 0.11347334 0.10647334 "" "" 0.9158059405155675 "" 0.10079787236443796 "" 0.98
273.95808169683 -18.11416305737 0.0222 0.0199 1.4201 "" "" 4095665458980813568 2358.49414 0.3829 0.0252 0.085 -1.217 0.027 0.021 1.076 "" "" 14.480305 1.570739 15.195598 13.624859 "" "" 2230.40967 2520.84497 30396.59565 14.072 11407.0 20.508 28133.0 47.648 "" "" 0.002800791706689275 0.0034051854 0.0042029987 0.007608184 273.95808169683 -18.11416305737 2358.49414 0.08499999999999999 -1.2170000000000005 0.08028571451082826 -0.0348809881210328 0.11447334 0.10847334 "" "" 0.9785832998313508 "" 0.1111101213271135 "" 0.97
273.94822939315 -18.09473038189 0.0199 0.0169 1.0245 "" "" 4095665733858738176 2624.70068 0.3372 0.0226 0.05 -1.14 0.025 0.018 0.957 "" "" 14.49243 1.322111 15.065093 13.742982 "" "" 2456.43799 2882.40112 30059.02396 8.8688 12864.0 17.217 25233.0 22.305 "" "" 0.0027738797015079268 0.0031458938 0.0038993391 0.0070452327 273.94822939315 -18.09473038189 2624.70068 0.049999999999999996 -1.1399999999999992 0.04528571451082826 0.04211901187896738 0.11247334 0.10547334 "" "" 0.7694189775826464 "" 0.08408394265099381 "" 0.98
274.02846501431 -18.06821441599 0.0244 0.0217 3.8362 "" "" 4095654360785311104 2438.39062 0.368 0.0248 -0.056 -1.211 0.029 0.023 0.988 10398.5 3.6286 14.500085 1.874109 15.418902 13.544793 "" "" 2324.79004 2604.51245 29847.82411 173.16 9286.6 147.25 30286.0 604.38 "" "" 0.006875094431776727 0.017440267 0.02199384 0.039434105 274.02846501431 -18.06821441599 2438.39062 -0.05599999999999998 -1.2110000000000005 -0.060714285489171745 -0.02888098812103279 0.11647334 0.11047334 "" "" 0.777082227497803 "" 0.08966726188065417 "" 0.98
273.93219504266 -18.15134750897 0.0218 0.0196 4.0628 "" "" 4095663809713364608 2542.91895 0.3479 0.0246 -0.01 -1.148 0.026 0.02 1.052 8877.7 3.019 14.524225 1.335992 15.103576 13.767584 "" "" 2402.73975 2710.38232 29191.51139 9.4737 12416.0 19.18 24667.0 22.035 "" "" 0.00277775941938877 0.003255477 0.0039018467 0.007157324 273.93219504266 -18.15134750897 2542.91895 -0.01000000000000002 -1.148 -0.014714285489171744 0.034119011878967376 0.11347334 0.10747334 "" "" 0.44786538211003507 "" 0.048564830301002636 "" 0.93
273.91410090356 -18.07448309703 0.0218 0.0195 3.1301 "" "" 4095666558492766720 2666.19727 0.3335 0.026 -0.292 -1.109 0.029 0.021 1.118 "" "" 14.544754 2.61655 15.983891 13.36734 73.56 6.04 2475.90991 2864.39551 28644.74404 12.087 5519.0 17.083 35663.0 29.301 "" "" 0.0027931490008024935 0.0043679816 0.0038832305 0.008251213 273.91410090356 -18.07448309703 2666.19727 -0.2919999999999999 -1.109 -0.2967142854891717 0.0731190118789673 0.11647334 0.10847334 30.625 9.325 3.8619882056791517 30.867548945467064 0.4481073444640403 9.251896327551721 0.93
273.98200091969 -18.14104862916 0.0243 0.0211 3.1002 "" "" 4095653604871368832 2577.64819 0.3406 0.0263 0.102 -1.335 0.03 0.022 0.948 7998.6 2.5427 14.598475 1.668874 15.373486 13.704612 "" "" 2442.30444 2785.42603 27261.93991 14.344 9683.3 22.693 26140.0 21.384 "" "" 0.0028139178025311166 0.0037761412 0.0038823467 0.007658488 273.98200091969 -18.14104862916 2577.64819 0.10199999999999995 -1.335 0.09728571451082825 -0.15288098812103268 0.11747334 0.10947334 "" "" 2.2140347178725004 "" 0.2476129144724241 "" 0.84
273.96090270228 -18.09367054532 0.0225 0.019 0.3091 "" "" 4095665630779516288 2264.46655 0.3995 0.0253 -0.062 -1.274 0.03 0.021 1.019 "" "" 14.786868 1.35848 15.378101 14.019622 "" "" 2171.17114 2390.22632 22919.20447 7.9718 9642.2 21.882 19557.0 31.368 "" "" 0.002781079548541778 0.0037223902 0.0041612913 0.007883681 273.96090270228 -18.09367054532 2264.46655 -0.062 -1.274 -0.06671428548917174 -0.09188098812103274 0.11747334 0.10847334 "" "" 1.2187643955168554 "" 0.13608999694812493 "" 0.98
273.99655034083 -18.09863767335 0.025 0.0226 1.7966 "" "" 4095653845389235072 2246.6731 0.4145 0.0277 0.041 -1.169 0.03 0.024 0.868 7997.9 2.9676 14.872485 1.470204 15.531106 14.060902 "" "" 2112.94824 2385.75244 21181.3064 8.2908 8374.8 17.047 18828.0 16.824 "" "" 0.002787901897431852 0.0035593922 0.003901918 0.0074613104 273.99655034083 -18.09863767335 2246.6731 0.04100000000000002 -1.169 0.03628571451082826 0.013119011878967246 0.11747334 0.11147334 "" "" 0.41089494557699074 "" 0.04799066753046548 "" 0.94
273.93655978286 -18.10085275951 0.0246 0.0215 1.7616 "" "" 4095665699499001728 2193.55518 0.4107 0.0281 -0.037 -1.34 0.032 0.026 0.958 "" "" 14.893013 1.285558 15.444667 14.159109 "" "" 2071.54834 2319.97754 20784.60217 7.8254 9068.8 15.149 17199.0 20.344 "" "" 0.0027854784334735224 0.0033278295 0.0039916267 0.007319456 273.93655978286 -18.10085275951 2193.55518 -0.037000000000000005 -1.34 -0.04171428548917174 -0.1578809881210328 0.11947334 0.11347334 "" "" 1.6978910415086577 "" 0.19334649944095872 "" 0.96
273.95310456329 -18.08990871329 0.0247 0.021 0.738 "" "" 4095665836937953536 2449.39795 0.3685 0.0278 0.054 -1.216 0.032 0.023 1.018 9417.2 3.3687 15.006352 1.335364 15.580237 14.244873 "" "" 2288.48022 2640.93188 18724.30565 7.3399 8004.3 17.624 15893.0 24.006 "" "" 0.0027879976134698482 0.0036742317 0.0041198614 0.0077940933 273.95310456329 -18.08990871329 2449.39795 0.05399999999999999 -1.2159999999999993 0.049285714510828256 -0.033880988121032685 0.11947334 0.11047334 "" "" 0.6943802255227309 "" 0.08100692945457387 "" 0.98
274.00241623885 -18.04277309363 0.0252 0.0218 3.599 "" "" 4095666386693768576 2457.10522 0.3679 0.0288 0.041 -1.267 0.03 0.023 1.041 "" "" 15.028476 1.60718 15.757948 14.150768 "" "" 2272.64062 2641.49756 18346.62859 7.7812 6795.8 22.092 17332.0 66.475 "" "" 0.0027935344940197898 0.004499193 0.0056235646 0.010122757 274.00241623885 -18.04277309363 2457.10522 0.041 -1.2670000000000001 0.03628571451082826 -0.08488098812103262 0.11747334 0.11047334 "" "" 1.0751237845715569 "" 0.11996618701310349 "" 0.98
273.95187549895 -18.07001006474 0.0233 0.0205 1.5275 "" "" 4095665905657438208 2302.89404 0.3993 0.0269 0.041 -1.216 0.03 0.022 0.976 "" "" 15.038817 1.068485 15.475988 14.407503 "" "" 2184.90015 2435.71045 18172.70947 5.1996 8810.9 13.124 13682.0 17.527 "" "" 0.0027727773533125773 0.0032249747 0.0040271836 0.0072521586 273.95187549895 -18.07001006474 2302.89404 0.041 -1.216 0.03628571451082826 -0.033880988121032685 0.11747334 0.10947334 "" "" 0.5419051358096038 "" 0.06167811029459506 "" 0.98
274.00405639606 -18.11086022921 0.0283 0.025 2.4609 "" "" 4095653776669748224 2509.93921 0.3519 0.0306 0.064 -1.103 0.034 0.026 1.094 6998.2 2.6021 15.039483 1.529288 15.724952 14.195663 "" "" 2358.45068 2675.49951 18161.56942 8.4825 7005.5 12.468 16630.0 24.825 "" "" 0.002801596189766753 0.0033939593 0.0041122525 0.0075062118 274.00405639606 -18.11086022921 2509.93921 0.064 -1.103 0.05928571451082826 0.0791190118789673 0.12147334 0.11347334 "" "" 1.1762275639480075 "" 0.13692857039987683 "" 0.97
