Clusters/LP_1218/LP_1218_members.tsv
# %ECSV 1.0
# ---
# datatype:
# - name: RA_ICRS_1
#   unit: deg
#   datatype: float64
#   format: '{:15.11f}'
#   description: Right ascension (ICRS) at Ep=2016.0 (ra)
#   meta: !!omap
#   - {ucd: POS_EQ_RA_MAIN}
#   - {width: 15}
#   - {precision: '11'}
# - name: DE_ICRS_1
#   unit: deg
#   datatype: float64
#   format: '{:15.11f}'
#   description: Declination (ICRS) at Ep=2016.0 (dec)
#   meta: !!omap
#   - {ucd: POS_EQ_DEC_MAIN}
#   - {width: 15}
#   - {precision: '11'}
# - name: e_RA_ICRS
#   unit: mas
#   datatype: float64
#   format: '{:7.4f}'
#   description: Standard error of right ascension (ra_error)
#   meta: !!omap
#   - {ucd: ERROR}
#   - {width: 7}
#   - {precision: '4'}
# - name: e_DE_ICRS
#   unit: mas
#   datatype: float64
#   format: '{:7.4f}'
#   description: Standard error of declination (dec_error)
#   meta: !!omap
#   - {ucd: ERROR}
#   - {width: 7}
#   - {precision: '4'}
# - name: _r_1
#   unit: ''
#   datatype: float64
#   format: '{:7.4f}'
#   description: Distance from center (273.96590706000-18.09169431000)[ICRS], at Epoch=J2016.0
#   meta: !!omap
#   - {ucd: POS_ANG_DIST_GENERAL}
#   - {width: 7}
#   - {precision: '4'}
# - name: HIP
#   datatype: int32
#   description: '? HIP cross-id number, van Leeuwen, Cat. I/311 (hip_original_ext_source_id)'
#   meta: !!omap
#   - {ucd: ID_NUMBER}
#   - {width: 6}
#   - values: {'null': -2147483648}
# - name: TYC2
#   datatype: string
#   description: Tycho-2 cross-id name, Hog et al., Cat. I/259 (tyc2_original_ext_source_id)
#   meta: !!omap
#   - {ucd: ID_CROSSID}
#   - {_votable_string_dtype: char}
# - name: Source
#   datatype: int64
#   description: Source identifier, identical to the Gaia-EDR3 source_id (id)
#   meta: !!omap
#   - {ucd: ID_MAIN}
#   - {width: 19}
# - name: rgeo
#   unit: pc
#   datatype: float64
#   format: '{:15.8f}'
#   description: '? Median of the geometric distance posterior (r_med_geo)'
#   meta: !!omap
#   - {ucd: PHYS_DISTANCE_TRUE}
#   - {width: 15}
#   - {precision: '8'}
#   - values: {'null': .nan}
# - name: Plx
#   unit: mas
#   datatype: float64
#   format: '{:9.4f}'
#   description: '? Parallax (parallax)'
#   meta: !!omap
#   - {ucd: POS_PARLX_TRIG}
#   - {width: 9}
#   - {precision: '4'}
#   - values: {'null': .nan}
# - name: e_Plx
#   unit: mas
#   datatype: float32
#   format: '{:7.4f}'
#   description: '? Standard error of parallax (parallax_error)'
#   meta: !!omap
#   - {ucd: ERROR}
#   - {width: 7}
#   - {precision: '4'}
#   - values: {'null': .nan}
# - name: pmRA
#   unit: mas / yr
#   datatype: float64
#   format: '{:9.3f}'
#   description: '? Proper motion in right ascension direction, pmRA*cosDE (pmra)'
#   meta: !!omap
#   - {ucd: POS_EQ_PMRA}
#   - {width: 9}
#   - {precision: '3'}
#   - values: {'null': .nan}
# - name: pmDE
#   unit: mas / yr
#   datatype: float64
#   format: '{:9.3f}'
#   description: '? Proper motion in declination direction (pmdec)'
#   meta: !!omap
#   - {ucd: POS_EQ_PMDEC}
#   - {width: 9}
#   - {precision: '3'}
#   - values: {'null': .nan}
# - name: e_pmRA
#   unit: mas / yr
#   datatype: float32
#   format: '{:6.3f}'
#   description: '? Standard error of proper motion in right ascension direction (pmra_error)'
#   meta: !!omap
#   - {ucd: ERROR}
#   - {width: 6}
#   - {precision: '3'}
#   - values: {'null': .nan}
# - name: e_pmDE
[...]
#       distance: !astropy.table.SerializedColumn
#         __class__: astropy.coordinates.distances.Distance
#         unit: !astropy.units.Unit {unit: pc}
#         value: !astropy.table.SerializedColumn {name: SkyCoord.distance}
#       frame: icrs
#       obstime: !astropy.time.Time {format: jyear_str, in_subfmt: '*', jd1: 367701545.0, jd2: 0.0, out_subfmt: '*', precision: 3, scale: tt}
#       pm_dec: !astropy.table.SerializedColumn
#         __class__: astropy.units.quantity.Quantity
#         unit: !astropy.units.Unit {unit: mas / yr}
#         value: !astropy.table.SerializedColumn {name: SkyCoord.pm_dec}
#       pm_ra_cosdec: !astropy.table.SerializedColumn
#         __class__: astropy.units.quantity.Quantity
#         unit: !astropy.units.Unit {unit: mas / yr}
#         value: !astropy.table.SerializedColumn {name: SkyCoord.pm_ra_cosdec}
#       ra: !astropy.table.SerializedColumn
#         __class__: astropy.coordinates.angles.Longitude
#         unit: *id001
#         value: !astropy.table.SerializedColumn {name: SkyCoord.ra}
#         wrap_angle: !astropy.coordinates.Angle
#           unit: *id001
#           value: 360.0
#       representation_type: spherical
# schema: astropy-2.0
RA_ICRS_1 DE_ICRS_1 e_RA_ICRS e_DE_ICRS _r_1 HIP TYC2 Source rgeo Plx e_Plx pmRA pmDE e_pmRA e_pmDE RUWE Teff logg Gmag BP-RP BPmag RPmag RV e_RV b_rgeo B_rgeo FG e_FG FBP e_FBP FRP e_FRP RAVE5 RAVE6 e_Gmag e_BPmag e_RPmag e_BP-RP SkyCoord.ra SkyCoord.dec SkyCoord.distance SkyCoord.pm_ra_cosdec SkyCoord.pm_dec rmRA rmDE e_rmRA e_rmDE rRV e_rRV v_pec v_pec3d e_vpec e_vpec3d Pmemb
[from data line 31]
273.96306467672 -18.06021344649 0.0249 0.022 1.8958 "" "" 4095665940017176448 2188.07886 0.4203 0.0279 -0.007 -1.274 0.032 0.025 0.923 9019.2 3.4878 15.143448 1.123048 15.60809 14.485043 "" "" 2070.20459 2315.75928 16503.18096 5.1709 7801.5 13.454 12739.0 12.867 "" "" 0.0027762419375068816 0.0033601956 0.003935271 0.0072954665 273.96306467672 -18.06021344649 2188.07886 -0.006999999999999999 -1.274 -0.011714285489171743 -0.09188098812103274 0.11947334 0.11247334 "" "" 0.9606568044727539 "" 0.10815912678005321 "" 0.98
273.92410065282 -18.0633849296 0.0249 0.0223 2.9277 "" "" 4095666661571699584 2507.1311 0.3592 0.0293 0.064 -1.257 0.033 0.025 0.994 "" "" 15.146002 1.153941 15.62809 14.474149 "" "" 2328.41699 2687.18359 16464.40014 5.6461 7659.2 24.883 12868.0 17.355 "" "" 0.002780362989869037 0.0044974396 0.0040531443 0.008550584 273.92410065282 -18.0633849296 2507.1311 0.06400000000000004 -1.257 0.05928571451082826 -0.07488098812103261 0.12047334 0.11247334 "" "" 1.1350093202135985 "" 0.13123136812051905 "" 0.98
273.95015082527 -18.07618310698 0.0285 0.0249 1.2937 "" "" 4095665905657436032 2668.49585 0.3371 0.0319 -0.027 -1.253 0.037 0.027 1.141 9018.0 3.0042 15.164723 1.38698 15.772016 14.385036 "" "" 2454.18677 2909.62061 16182.93528 5.5431 6708.3 14.789 13968.0 21.267 "" "" 0.0027803048198948954 0.003676186 0.0041250978 0.007801284 273.95015082527 -18.07618310698 2668.49585 -0.027 -1.253 -0.03171428548917174 -0.0708809881210326 0.12447334 0.11447334 "" "" 0.9822008421691475 "" 0.11413288714077319 "" 0.98
273.93674481118 -18.14188473097 0.0295 0.0262 3.4401 "" "" 4095663912792581888 2366.62109 0.3911 0.0327 0.004 -1.162 0.036 0.027 1.08 "" "" 15.181429 1.442225 15.822119 14.379894 "" "" 2161.32837 2601.71118 15935.85076 13.264 6405.7 17.994 14035.0 46.725 "" "" 0.0028997345304817047 0.004133634 0.0052296384 0.009363272 273.93674481118 -18.14188473097 2366.62109 0.0040000000000000105 -1.1620000000000001 -0.0007142854891717433 0.020119011878967363 0.12347334 0.11447334 "" "" 0.2258329215780617 "" 0.025854508575901 "" 0.98
274.01874878955 -18.1317236942 0.0298 0.0271 3.8535 "" "" 4095653536151564032 2602.48242 0.3575 0.0333 0.017 -1.216 0.036 0.027 1.106 8756.7 2.7597 15.181987 1.454443 15.822958 14.368515 "" "" 2312.75317 2838.71655 15927.65724 8.102 6400.8 13.106 14182.0 12.473 "" "" 0.002810126349807161 0.0035675273 0.0038981482 0.0074656755 274.01874878955 -18.1317236942 2602.48242 0.01699999999999998 -1.216 0.012285714510828258 -0.033880988121032685 0.12347334 0.11447334 "" "" 0.4445773576409523 "" 0.051373235160233635 "" 0.97
273.92484584139 -18.15622986283 0.0291 0.0262 4.525 "" "" 4095663809713365888 2683.34058 0.3362 0.0328 -0.106 -1.255 0.035 0.028 0.962 6899.1 2.7591 15.189123 1.64578 15.952115 14.306335 "" "" 2469.53882 2951.2688 15823.30955 6.1023 5682.9 22.285 15018.0 30.375 "" "" 0.002786954122866464 0.00509042 0.0043710475 0.009461468 273.92484584139 -18.15622986283 2683.34058 -0.106 -1.255 -0.11071428548917174 -0.07288098812103261 0.122473344 0.115473345 "" "" 1.6858978767084107 "" 0.20298209900743194 "" 0.96
273.9296881091 -18.03569157624 0.0253 0.0223 3.9445 "" "" 4095666970809356672 2654.56226 0.3393 0.029 0.133 -1.12 0.034 0.027 0.96 "" "" 15.205841 1.181122 15.702469 14.521347 "" "" 2425.24023 2873.02026 15581.53428 5.5896 7152.0 13.311 12320.0 17.136 "" "" 0.0027827128532729828 0.0034450518 0.0040699276 0.0075149797 273.9296881091 -18.03569157624 2654.56226 0.133 -1.12 0.12828571451082826 0.06211901187896718 0.12147334 0.11447334 "" "" 1.7934543166682044 "" 0.2155286428581786 "" 0.98
273.90717145806 -18.07161838431 0.0298 0.0261 3.5601 "" "" 4095666592852226048 2486.23804 0.3758 0.0345 0.012 -1.156 0.039 0.029 1.198 9815.0 3.7775 15.276876 1.211481 15.752499 14.541018 "" "" 2260.87378 2757.32202 14594.73405 6.1376 6829.9 13.029 12099.0 17.244 "" "" 0.0027928952917953475 0.0034748954 0.004083906 0.007558801 273.90717145806 -18.07161838431 2486.23804 0.012000000000000014 -1.156 0.007285714510828257 0.02611901187896737 0.12647334 0.11647334 "" "" 0.3195572902261566 "" 0.03745973010136839 "" 0.98
273.98121188807 -18.11581521188 0.0331 0.0289 1.6901 "" "" 4095653707950279808 2394.23218 0.3777 0.0362 -0.036 -1.319 0.042 0.031 0.9 "" "" 15.495114 1.644263 16.249643 14.60538 "" "" 2221.02905 2591.42749 11937.15914 5.2267 4320.8 13.557 11403.0 30.844 "" "" 0.0027960303884079734 0.0044034207 0.0047862907 0.009189712 273.98121188807 -18.11581521188 2394.23218 -0.03600000000000002 -1.319 -0.04071428548917174 -0.13688098812103267 0.12947334 0.118473336 "" "" 1.620676854738345 "" 0.19351736007362408 "" 0.97
273.98177227175 -18.11068254952 0.0343 0.0294 1.4549 "" "" 4095653806716409728 2307.66846 0.3838 0.0381 -0.068 -0.742 0.044 0.032 1.069 "" "" 15.541585 1.624816 16.277077 14.652261 "" "" 2138.2002 2540.60791 11437.01897 5.5772 4212.9 13.602 10921.0 62.737 "" "" 0.002805728105956279 0.0044803293 0.007292851 0.01177318 273.98177227175 -18.11068254952 2307.66846 -0.068 -0.742 -0.07271428548917175 0.4401190118789673 0.13147333 0.11947334 "" "" 4.879436681411485 "" 0.5845942401859103 "" 0.88
273.96765575119 -18.03286369077 0.0302 0.0259 3.5312 "" "" 4095667108248293504 2346.49683 0.3874 0.0344 0.032 -1.193 0.039 0.029 1.037 9269.4 3.6377 15.558261 1.337439 16.146631 14.809193 "" "" 2189.33813 2597.93628 11262.69954 4.9389 4750.8 10.667 9451.1 13.203 "" "" 0.002796153622549182 0.0037051272 0.0040723784 0.0077775056 273.96765575119 -18.03286369077 2346.49683 0.032 -1.193 0.027285714510828257 -0.010880988121032775 0.12647334 0.11647334 "" "" 0.32672328560998254 "" 0.04088895607785591 "" 0.97
