Clusters/LP_1218/LP_1218_stars_in_region.tsv
# %ECSV 1.0
# ---
# datatype:
# - name: RA_ICRS_1
#   unit: deg
#   datatype: float64
#   format: '{:15.11f}'
#   description: Right ascension (ICRS) at Ep=2016.0 (ra)
#   meta: !!omap
#   - {ucd: POS_EQ_RA_MAIN}
#   - {width: 15}
#   - {precision: '11'}
# - name: DE_ICRS_1
#   unit: deg
#   datatype: float64
#   format: '{:15.11f}'
#   description: Declination (ICRS) at Ep=2016.0 (dec)
#   meta: !!omap
#   - {ucd: POS_EQ_DEC_MAIN}
#   - {width: 15}
#   - {precision: '11'}
# - name: e_RA_ICRS
#   unit: mas
#   datatype: float64
#   format: '{:7.4f}'
#   description: Standard error of right ascension (ra_error)
#   meta: !!omap
#   - {ucd: ERROR}
#   - {width: 7}
#   - {precision: '4'}
# - name: e_DE_ICRS
#   unit: mas
#   datatype: float64
#   format: '{:7.4f}'
#   description: Standard error of declination (dec_error)
#   meta: !!omap
#   - {ucd: ERROR}
#   - {width: 7}
#   - {precision: '4'}
# - name: _r_1
#   unit: ''
#   datatype: float64
#   format: '{:7.4f}'
#   description: Distance from center (273.96590706000-18.09169431000)[ICRS], at Epoch=J2016.0
#   meta: !!omap
#   - {ucd: POS_ANG_DIST_GENERAL}
#   - {width: 7}
#   - {precision: '4'}
# - name: HIP
#   datatype: int32
#   description: '? HIP cross-id number, van Leeuwen, Cat. I/311 (hip_original_ext_source_id)'
#   meta: !!omap
#   - {ucd: ID_NUMBER}
#   - {width: 6}
#   - values: {'null': -2147483648}
# - name: TYC2
#   datatype: string
#   description: Tycho-2 cross-id name, Hog et al., Cat. I/259 (tyc2_original_ext_source_id)
#   meta: !!omap
#   - {ucd: ID_CROSSID}
#   - {_votable_string_dtype: char}
# - name: Source
#   datatype: int64
#   description: Source identifier, identical to the Gaia-EDR3 source_id (id)
#   meta: !!omap
#   - {ucd: ID_MAIN}
#   - {width: 19}
# - name: rgeo
#   unit: pc
#   datatype: float64
#   format: '{:15.8f}'
#   description: '? Median of the geometric distance posterior (r_med_geo)'
#   meta: !!omap
#   - {ucd: PHYS_DISTANCE_TRUE}
#   - {width: 15}
#   - {precision: '8'}
#   - values: {'null': .nan}
# - name: Plx
#   unit: mas
#   datatype: float64
#   format: '{:9.4f}'
#   description: '? Parallax (parallax)'
#   meta: !!omap
#   - {ucd: POS_PARLX_TRIG}
#   - {width: 9}
#   - {precision: '4'}
#   - values: {'null': .nan}
# - name: e_Plx
#   unit: mas
#   datatype: float32
#   format: '{:7.4f}'
#   description: '? Standard error of parallax (parallax_error)'
#   meta: !!omap
#   - {ucd: ERROR}
#   - {width: 7}
#   - {precision: '4'}
#   - values: {'null': .nan}
# - name: pmRA
#   unit: mas / yr
#   datatype: float64
#   format: '{:9.3f}'
#   description: '? Proper motion in right ascension direction, pmRA*cosDE (pmra)'
#   meta: !!omap
#   - {ucd: POS_EQ_PMRA}
#   - {width: 9}
#   - {precision: '3'}
#   - values: {'null': .nan}
# - name: pmDE
#   unit: mas / yr
#   datatype: float64
#   format: '{:9.3f}'
#   description: '? Proper motion in declination direction (pmdec)'
#   meta: !!omap
#   - {ucd: POS_EQ_PMDEC}
#   - {width: 9}
#   - {precision: '3'}
#   - values: {'null': .nan}
# - name: e_pmRA
#   unit: mas / yr
#   datatype: float32
#   format: '{:6.3f}'
#   description: '? Standard error of proper motion in right ascension direction (pmra_error)'
#   meta: !!omap
#   - {ucd: ERROR}
#   - {width: 6}
#   - {precision: '3'}
#   - values: {'null': .nan}
# - name: e_pmDE
[...]
#         unit: &id001 !astropy.units.Unit {unit: deg}
#         value: !astropy.table.SerializedColumn {name: SkyCoord.dec}
#       distance: !astropy.table.SerializedColumn
#         __class__: astropy.coordinates.distances.Distance
#         unit: !astropy.units.Unit {unit: pc}
#         value: !astropy.table.SerializedColumn {name: SkyCoord.distance}
#       frame: icrs
#       obstime: !astropy.time.Time {format: jyear_str, in_subfmt: '*', jd1: 367701545.0, jd2: 0.0, out_subfmt: '*', precision: 3, scale: tt}
#       pm_dec: !astropy.table.SerializedColumn
#         __class__: astropy.units.quantity.Quantity
#         unit: !astropy.units.Unit {unit: mas / yr}
#         value: !astropy.table.SerializedColumn {name: SkyCoord.pm_dec}
#       pm_ra_cosdec: !astropy.table.SerializedColumn
#         __class__: astropy.units.quantity.Quantity
#         unit: !astropy.units.Unit {unit: mas / yr}
#         value: !astropy.table.SerializedColumn {name: SkyCoord.pm_ra_cosdec}
#       ra: !astropy.table.SerializedColumn
#         __class__: astropy.coordinates.angles.Longitude
#         unit: *id001
#         value: !astropy.table.SerializedColumn {name: SkyCoord.ra}
#         wrap_angle: !astropy.coordinates.Angle
#           unit: *id001
#           value: 360.0
#       representation_type: spherical
# schema: astropy-2.0
RA_ICRS_1 DE_ICRS_1 e_RA_ICRS e_DE_ICRS _r_1 HIP TYC2 Source rgeo Plx e_Plx pmRA pmDE e_pmRA e_pmDE RUWE Teff logg Gmag BP-RP BPmag RPmag RV e_RV b_rgeo B_rgeo FG e_FG FBP e_FBP FRP e_FRP RAVE5 RAVE6 e_Gmag e_BPmag e_RPmag e_BP-RP SkyCoord.ra SkyCoord.dec SkyCoord.distance SkyCoord.pm_ra_cosdec SkyCoord.pm_dec
[from data line 934]
273.97649630452 -18.3161048862 0.0545 0.0492 13.4782 "" "" 4095640921813390720 2380.2168 0.3883 0.0556 -3.341 -4.351 0.063 0.049 1.13 8479.6 4.3813 16.26704 1.499291 16.95116 15.451869 "" "" 2132.90503 2745.80298 5863.14491 3.4787 2264.4 11.435 5228.9 13.92 "" "" 0.0028296225537816732 0.006151978 0.004757936 0.010909914 273.97649630452 -18.3161048862 2380.2168 -3.3410000000000006 -4.351000000000001
273.89507107145 -18.02041795571 0.0499 0.0464 5.8837 "" "" 4095669960106619392 2575.35327 0.3648 0.0549 0.241 0.03 0.061 0.048 1.062 9299.2 4.1443 16.270395 1.623181 17.019953 15.396771 "" "" 2251.18018 2863.48145 5845.05794 3.577 2125.4 18.945 5501.1 15.309 "" "" 0.002834301883574125 0.010072018 0.0048387134 0.014910731 273.89507107145 -18.02041795571 2575.35327 0.24100000000000002 0.029999999999999995
274.07921859004 -18.16026346622 0.0547 0.0502 7.6599 "" "" 4095652780237261824 2402.73438 0.3904 0.0529 -1.072 -2.629 0.064 0.052 0.921 9006.0 3.4503 16.272417 2.005775 17.277493 15.271717 "" "" 2161.77515 2666.67749 5834.17662 4.4888 1676.6 14.436 6172.6 17.432 "" "" 0.0028791700083752136 0.009755993 0.004866768 0.014622761 274.07921859004 -18.16026346622 2402.73438 -1.072 -2.6290000000000004
273.94539695632 -18.25751359975 0.054 0.0488 10.0176 "" "" 4095650336382064640 2710.37915 0.3407 0.0525 -0.253 -3.256 0.064 0.05 0.995 7483.9 4.2289 16.276674 1.33713 16.867495 15.530365 "" "" 2426.49707 3134.80298 5811.35203 3.3828 2445.8 9.3786 4864.2 12.463 "" "" 0.0028268755083422754 0.0050118268 0.0046928115 0.009704638 273.94539695632 -18.25751359975 2710.37915 -0.253 -3.2559999999999993
273.89479914015 -18.0623828487 0.0427 0.0377 4.4208 "" "" 4095666799010667136 2146.19458 0.4623 0.0483 -0.406 -0.149 0.054 0.042 0.971 "" "" 16.279858 1.481619 16.953484 15.471865 "" "" 1948.28674 2388.33984 5794.33287 3.113 2259.6 11.101 5133.5 13.87 "" "" 0.0028163879053326496 0.0060197045 0.004784265 0.01080397 273.89479914015 -18.0623828487 2146.19458 -0.4060000000000001 -0.14899999999999997
273.94432834087 -18.05971225456 0.0454 0.0401 2.2797 "" "" 4095666695916725376 2308.06006 0.4185 0.0483 0.325 -1.211 0.057 0.043 0.972 9539.6 4.1283 16.281927 1.433126 16.905142 15.472016 "" "" 2071.49048 2629.95239 5783.30151 3.9717 2362.4 15.543 5132.8 33.529 "" "" 0.002854427681869796 0.0076689892 0.008036495 0.015705485 273.94432834087 -18.05971225456 2308.06006 0.325 -1.211
273.95678520334 -18.24737776358 0.058 0.0549 9.3555 "" "" 4095650443779272448 2253.51855 0.4285 0.0538 0.126 0.716 0.065 0.054 1.018 7422.4 4.306 16.283073 1.442865 16.94069 15.497824 "" "" 2011.51575 2561.72583 5777.20098 3.7046 2286.3 12.438 5012.2 11.107 "" "" 0.0028419210747865262 0.006532505 0.0044802325 0.011012738 273.95678520334 -18.24737776358 2253.51855 0.126 0.716
274.12295852708 -18.12943615397 0.3126 0.2843 9.2381 "" "" 4095652952035948160 2652.21191 0.6877 0.3428 -1.313 -2.963 0.383 0.309 6.599 "" "" 16.283869 1.996079 17.147587 15.151508 "" "" 1535.56189 4771.39941 5772.97006 34.896 1889.7 11.628 6895.3 19.828 "" "" 0.007117893430192185 0.0072401506 0.004902181 0.012142332 274.12295852708 -18.12943615397 2652.21191 -1.313 -2.9629999999999996
273.76003173999 -18.22294916438 0.0471 0.0417 14.1346 "" "" 4095657861164974208 2464.69653 0.388 0.0515 0.086 -2.507 0.062 0.047 0.998 8642.8 4.2474 16.285091 1.973763 17.277813 15.30405 "" "" 2227.98047 2877.90723 5766.47087 3.8273 1676.1 13.317 5991.5 17.829 "" "" 0.0028479964037337927 0.009066435 0.004972129 0.014038564 273.76003173999 -18.22294916438 2464.69653 0.086 -2.507
273.86305457358 -17.8643242897 0.0604 0.0559 14.8514 "" "" 4097220237141173504 2417.5376 0.3944 0.0615 -0.379 -1.916 0.068 0.057 1.04 9497.3 4.137 16.291504 1.588042 17.02771 15.439668 "" "" 2082.5481 2810.36523 5732.5147 4.1305 2110.2 8.4037 5288.0 12.619 "" "" 0.00286422875541976 0.005145948 0.004582217 0.009728165 273.86305457358 -17.8643242897 2417.5376 -0.37899999999999995 -1.916
273.95062558198 -18.11971136254 0.0483 0.0414 1.8935 "" "" 4095665424621076352 2168.42822 0.4305 0.0549 1.574 -2.371 0.057 0.042 0.983 8659.3 4.1946 16.292816 1.817623 17.17295 15.355328 "" "" 1962.75952 2435.03589 5725.58722 3.8157 1846.0 11.937 5715.1 17.117 "" "" 0.002848743238810453 0.0075549292 0.004985794 0.012540723 273.95062558198 -18.11971136254 2168.42822 1.5739999999999998 -2.3709999999999996
274.07732334414 -18.24532346065 0.0543 0.0503 11.1942 "" "" 4095647450164120960 2365.073 0.4016 0.0619 0.635 -3.32 0.063 0.049 1.08 "" "" 16.292994 1.386554 16.909071 15.522517 "" "" 2092.28931 2714.7876 5724.65776 3.7271 2353.9 15.771 4899.5 19.417 "" "" 0.002844550752670284 0.007791119 0.005726964 0.013518084 274.07732334414 -18.24532346065 2365.073 0.6350000000000001 -3.32
273.76955541735 -18.0582020934 0.0488 0.0452 11.3786 "" "" 4095668890641808128 2300.14087 0.4225 0.0528 -0.432 -1.192 0.057 0.046 0.946 9570.5 4.1909 16.293325 1.43436 16.907396 15.473037 "" "" 2066.92114 2585.84595 5722.90673 4.2127 2357.5 10.961 5127.9 14.22 "" "" 0.0028688930553847857 0.005767821 0.004832054 0.010599875 273.76955541735 -18.0582020934 2300.14087 -0.43199999999999994 -1.1919999999999997
274.07646598645 -18.12738122731 0.0655 0.0634 6.6586 "" "" 4095653089474931200 2847.20312 0.337 0.0576 -1.131 -2.645 0.068 0.059 0.984 9117.0 3.5276 16.295845 1.837935 17.17897 15.341036 "" "" 2473.76196 3288.38452 5709.64246 4.3985 1835.8 15.495 5790.9 22.754 "" "" 0.0028794745271985126 0.009579459 0.0056994515 0.015278911 274.07646598645 -18.12738122731 2847.20312 -1.1309999999999998 -2.6450000000000005
274.15661360908 -17.99230613625 0.0572 0.0514 12.4069 "" "" 4097157530615380608 2408.81934 0.4098 0.0562 0.254 -1.6 0.068 0.056 1.039 9239.6 3.7539 16.298515 1.931128 17.235256 15.304129 "" "" 2080.90991 2690.20923 5695.61067 3.9383 1743.1 16.166 5991.1 20.339 "" "" 0.0028557675640420886 0.010448843 0.0052791876 0.01572803 274.15661360908 -17.99230613625 2408.81934 0.25400000000000006 -1.6000000000000003
274.03394250337 -18.07979446349 0.0486 0.0435 3.9456 "" "" 4095654360785302784 2689.62451 0.3325 0.0516 -2.91 -4.251 0.056 0.044 0.955 "" "" 16.299126 3.342735 18.29108 14.948345 "" "" 2371.01978 3176.19946 5692.41462 4.9256 659.15 7.3466 8314.2 22.943 "" "" 0.0029110839280042365 0.0124186445 0.0048228884 0.017241534 274.03394250337 -18.07979446349 2689.62451 -2.9099999999999997 -4.251
273.75594013947 -18.02748207286 0.0514 0.0481 12.5818 "" "" 4095669547789818112 2466.38232 0.4048 0.0575 0.931 -1.791 0.06 0.048 1.073 8328.7 4.2577 16.299438 1.684207 17.09756 15.413354 "" "" 2131.85571 2892.91577 5690.76976 3.5301 1978.8 9.0266 5417.7 25.399 "" "" 0.002836440954483449 0.005684611 0.006339779 0.01202439 273.75594013947 -18.02748207286 2466.38232 0.931 -1.791
274.17124628848 -18.13927255084 0.066 0.0592 12.0526 "" "" 4097150963593818496 2309.05005 0.4171 0.0717 -1.376 -3.206 0.071 0.055 1.201 9264.1 4.1849 16.303492 1.827089 17.151857 15.324768 "" "" 1974.51672 2737.45312 5669.57144 4.9048 1882.2 7.7083 5878.3 27.293 "" "" 0.0029110200215458613 0.00524941 0.0063004955 0.011549905 274.17124628848 -18.13927255084 2309.05005 -1.376 -3.2060000000000004
274.1620579089 -18.28529671975 0.0512 0.0515 16.123 "" "" 4094897175260615808 2943.1875 0.3418 0.0661 -0.657 -1.55 0.059 0.045 0.985 "" "" 16.304499 1.970879 17.279198 15.308319 "" "" 2444.55103 3572.14771 5664.31664 4.2664 1673.9 20.612 5968.0 20.636 "" "" 0.002874118857144033 0.013657538 0.0053270985 0.018984636 274.1620579089 -18.28529671975 2943.1875 -0.6570000000000001 -1.5500000000000003
273.88701830904 -17.97878289684 0.0483 0.0441 8.1335 "" "" 4095670647301414784 2576.89136 0.3593 0.0522 0.008 -2.966 0.058 0.047 1.055 9869.5 4.0827 16.304804 1.698641 17.052193 15.353552 "" "" 2269.00586 3002.76929 5662.72174 4.6836 2063.2 18.769 5724.5 18.831 "" "" 0.0028979652770963647 0.010263516 0.00519999 0.015463505 273.88701830904 -17.97878289684 2576.89136 0.008 -2.9660000000000006
274.23313593551 -18.16641776903 0.0546 0.0513 15.8837 "" "" 4097149971472444800 2492.48779 0.3871 0.0637 -1.055 -2.539 0.06 0.046 1.03 8892.8 3.6109 16.304852 1.367108 16.904997 15.537889 "" "" 2155.2478 2982.39038 5662.469 4.0732 2362.8 11.881 4830.6 10.503 "" "" 0.002863871404588277 0.006131137 0.004456066 0.010587202 274.23313593551 -18.16641776903 2492.48779 -1.055 -2.539
274.03269539372 -18.11354736142 0.0508 0.0465 4.0283 "" "" 4095653948468427136 2901.61084 0.3401 0.0564 -0.761 -3.708 0.058 0.043 0.907 7985.5 3.7769 16.30595 2.001115 17.30979 15.308675 "" "" 2428.42212 3722.86182 5656.74815 4.0991 1627.4 13.846 5966.1 9.7309 "" "" 0.0028654478235318427 0.009649683 0.0041736923 0.013823375 274.03269539372 -18.11354736142 2901.61084 -0.761 -3.708
274.09737167462 -18.00898520617 0.0555 0.0493 8.9929 "" "" 4097156156225897728 2377.34204 0.3777 0.0614 -0.216 -1.22 0.064 0.05 0.98 8280.1 3.5557 16.306671 3.377411 18.331678 14.954268 "" "" 2086.26587 2806.1001 5652.99175 5.7284 634.96 9.5811 8269.0 15.365 "" "" 0.002966862329336254 0.01661889 0.0042841393 0.02090303 274.09737167462 -18.00898520617 2377.34204 -0.21600000000000003 -1.22
274.08249573409 -18.06528083752 0.0675 0.0614 6.8362 "" "" 4097155365951855872 2490.47119 0.3661 0.0729 -0.662 -1.881 0.08 0.061 0.993 "" "" 16.308079 "" "" "" "" "" 2152.67603 3005.54102 5645.66266 9.9473 "" "" "" "" "" "" 0.003354303506865072 "" "" "" 274.08249573409 -18.06528083752 2490.47119 -0.6620000000000001 -1.8810000000000002
274.17189835611 -17.91818899114 0.058 0.0498 15.7015 "" "" 4097170174999179008 2075.49194 0.4561 0.064 0.691 -1.617 0.068 0.053 0.997 4899.1 3.6738 16.310184 2.139962 17.403404 15.263442 "" "" 1856.55469 2420.69775 5634.72617 4.605 1493.0 11.848 6219.9 24.397 "" "" 0.0028946725654984216 0.0090565905 0.0056938804 0.014750471 274.17189835611 -17.91818899114 2075.49194 0.6909999999999998 -1.6170000000000002
273.81023096128 -17.97628092432 0.0554 0.0551 11.2622 "" "" 4095671231416999296 2345.57812 0.4019 0.0636 -1.562 -3.058 0.06 0.051 1.058 7470.0 3.6507 16.310236 2.865171 17.953505 15.088333 "" "" 2006.3761 2792.50928 5634.46237 5.1521 899.53 10.84 7308.4 17.27 "" "" 0.0029287225234906427 0.013378117 0.004567953 0.01794607 273.81023096128 -17.97628092432 2345.57812 -1.562 -3.058
273.94096436164 -18.32625554012 0.0553 0.0501 14.1453 "" "" 4095640990532808576 2624.1145 0.3707 0.0565 -1.317 -3.262 0.065 0.05 0.981 "" "" 16.310568 1.859533 17.221104 15.36157 "" "" 2326.24951 2977.59863 5632.73528 4.5216 1765.9 7.8538 5682.4 15.864 "" "" 0.0028898798519161177 0.005576937 0.00484474 0.010421677 273.94096436164 -18.32625554012 2624.1145 -1.3169999999999997 -3.262
273.83957692583 -17.90547343108 0.0524 0.0486 13.297 "" "" 4095718888376438528 2633.87061 0.3514 0.0564 1.896 1.985 0.06 0.048 0.961 15008.6 4.1167 16.312494 2.735733 17.854013 15.11828 "" "" 2275.25806 3213.58447 5622.75559 4.4719 985.85 9.8415 7109.6 15.24 "" "" 0.0028874622404327414 0.011192013 0.004438507 0.015630519 273.83957692583 -17.90547343108 2633.87061 1.8960000000000001 1.985
273.96116061177 -18.08870214159 0.0465 0.0397 0.3248 "" "" 4095665630779519744 3075.81738 0.3086 0.0513 -1.188 -2.584 0.056 0.042 1.041 9328.3 3.712 16.313402 1.413358 16.92542 15.512063 "" "" 2644.76733 3609.27881 5618.04957 3.7041 2318.7 13.41 4946.9 14.885 "" "" 0.002846792788536147 0.0068712565 0.004995655 0.011866911 273.96116061177 -18.08870214159 3075.81738 -1.188 -2.584
273.82931942561 -18.27647858287 0.0496 0.0437 13.5478 "" "" 4095644941903017472 2943.59399 0.303 0.0528 0.22 -1.522 0.06 0.047 0.965 15013.8 3.97 16.316486 3.165195 18.185326 15.020131 "" "" 2595.38037 3490.94824 5602.11279 4.4734 726.59 10.033 7782.3 18.217 "" "" 0.0028885026515644316 0.015249636 0.004554453 0.019804088 273.82931942561 -18.27647858287 2943.59399 0.22000000000000003 -1.522
273.8894330895 -18.07248349568 0.0449 0.0402 4.5116 "" "" 4095666592852234240 2809.52734 0.3414 0.0511 -0.169 -6.385 0.057 0.045 1.045 9288.7 3.8949 16.322058 1.693838 17.07563 15.381792 "" "" 2495.85425 3300.54565 5573.44654 3.7792 2019.1 11.868 5577.5 20.217 "" "" 0.0028519802214522095 0.006965097 0.0054563717 0.012421468 273.8894330895 -18.07248349568 2809.52734 -0.16899999999999998 -6.385
273.84394952109 -18.07433594757 0.0531 0.0488 7.0336 "" "" 4095665252807851136 2470.19897 0.3807 0.0605 -0.515 -2.739 0.069 0.054 1.063 5696.4 4.2904 16.322706 1.414503 16.863403 15.4489 "" "" 2152.96533 2967.05054 5570.11647 4.602 2455.0 16.479 5243.2 39.176 "" "" 0.0028976630470601878 0.007803771 0.008949544 0.016753316 273.84394952109 -18.07433594757 2470.19897 -0.515 -2.739
274.08099557314 -18.16262191117 0.0539 0.0503 7.8216 "" "" 4095652780237258880 2574.58667 0.3702 0.0578 -1.082 -2.485 0.064 0.05 1.003 "" "" 16.32313 2.052213 17.35507 15.302857 "" "" 2279.86963 3047.87524 5567.94657 5.4253 1560.9 7.0655 5998.1 14.934 "" "" 0.002951437782407379 0.00565144 0.0046466445 0.0102980845 274.08099557314 -18.16262191117 2574.58667 -1.082 -2.485
274.00377006515 -18.28786168813 0.0534 0.0491 11.9663 "" "" 4095646939081700736 2183.91748 0.4471 0.0556 -0.834 0.097 0.064 0.05 1.023 6028.7 4.4505 16.324213 1.230536 16.850903 15.620366 "" "" 1963.00842 2750.25391 5562.39139 3.7913 2483.5 9.9426 4477.3 11.526 "" "" 0.002852970000611814 0.0051651606 0.0047006304 0.009865791 274.00377006515 -18.28786168813 2183.91748 -0.8339999999999999 0.09699999999999999
274.07443759519 -18.08821263308 0.0574 0.0511 6.1935 "" "" 4095654051547832064 2903.71851 0.344 0.0583 -1.285 -2.686 0.067 0.053 0.997 "" "" 16.324383 1.445226 16.973143 15.527917 "" "" 2467.35596 3535.93188 5561.51973 3.7511 2219.0 6.8527 4875.2 12.35 "" "" 0.002850974170336795 0.0043620416 0.0046742414 0.009036283 274.07443759519 -18.08821263308 2903.71851 -1.285 -2.6859999999999995
273.83000071171 -17.95560557706 0.0567 0.0566 11.2606 "" "" 4095671364543272064 2165.98218 0.4548 0.0624 -0.201 2.912 0.061 0.05 0.982 9315.1 3.8241 16.325455 2.176559 17.450768 15.274208 "" "" 1880.3573 2552.18628 5556.02927 5.749 1429.3 10.517 6158.5 18.858 "" "" 0.0029755536645273877 0.008462227 0.005033585 0.013495812 273.83000071171 -17.95560557706 2165.98218 -0.201 2.912
273.8161289726 -18.24637195419 0.0483 0.041 12.611 "" "" 4095656800327047168 2243.7915 0.4275 0.0521 0.536 -0.438 0.067 0.048 0.944 9257.2 3.7847 16.329922 1.638142 17.08887 15.450727 "" "" 2029.67542 2493.57202 5533.22051 3.5582 1994.7 11.491 5234.4 13.708 "" "" 0.0028424048787768653 0.0068487935 0.004729525 0.011578319 273.8161289726 -18.24637195419 2243.7915 0.536 -0.438
274.12497065675 -18.09245111986 0.0587 0.0535 9.0721 "" "" 4097154472598544768 2350.80396 0.4118 0.0667 -1.285 -2.866 0.07 0.052 1.012 "" "" 16.331057 1.843086 17.196604 15.353518 "" "" 2020.06165 2643.03271 5527.4393 4.6304 1806.2 16.224 5724.7 42.189 "" "" 0.0029015583977766092 0.010143792 0.008849155 0.018992947 274.12497065675 -18.09245111986 2350.80396 -1.285 -2.865999999999999
274.07442137477 -18.29841908959 0.058 0.0556 13.8602 "" "" 4095646458045303296 2771.89771 0.3411 0.0614 -0.917 -2.818 0.071 0.061 0.949 5230.2 3.8522 16.33136 1.902697 17.246597 15.343901 "" "" 2394.65576 3375.68115 5525.89968 8.8736 1725.0 21.517 5775.6 28.086 "" "" 0.0032606088724304173 0.013827495 0.0064930706 0.020320566 274.07442137477 -18.29841908959 2771.89771 -0.917 -2.8180000000000005
274.13265137799 -17.9370150033 0.0568 0.0495 13.2911 "" "" 4097169659603128832 2154.40723 0.4515 0.0615 1.041 -2.29 0.064 0.05 1.068 7942.9 4.2375 16.333275 1.860722 17.247686 15.386965 "" "" 1886.81763 2480.03906 5516.16353 3.7954 1723.2 12.537 5551.0 16.17 "" "" 0.002854796026605507 0.008377479 0.004928147 0.013305627 274.13265137799 -17.9370150033 2154.40723 1.041 -2.2900000000000005
