Clusters/LP_1218/LP_1218_stars_in_region.tsv
# %ECSV 1.0
# ---
# datatype:
# - name: RA_ICRS_1
#   unit: deg
#   datatype: float64
#   format: '{:15.11f}'
#   description: Right ascension (ICRS) at Ep=2016.0 (ra)
#   meta: !!omap
#   - {ucd: POS_EQ_RA_MAIN}
#   - {width: 15}
#   - {precision: '11'}
# - name: DE_ICRS_1
#   unit: deg
#   datatype: float64
#   format: '{:15.11f}'
#   description: Declination (ICRS) at Ep=2016.0 (dec)
#   meta: !!omap
#   - {ucd: POS_EQ_DEC_MAIN}
#   - {width: 15}
#   - {precision: '11'}
# - name: e_RA_ICRS
#   unit: mas
#   datatype: float64
#   format: '{:7.4f}'
#   description: Standard error of right ascension (ra_error)
#   meta: !!omap
#   - {ucd: ERROR}
#   - {width: 7}
#   - {precision: '4'}
# - name: e_DE_ICRS
#   unit: mas
#   datatype: float64
#   format: '{:7.4f}'
#   description: Standard error of declination (dec_error)
#   meta: !!omap
#   - {ucd: ERROR}
#   - {width: 7}
#   - {precision: '4'}
# - name: _r_1
#   unit: ''
#   datatype: float64
#   format: '{:7.4f}'
#   description: Distance from center (273.96590706000-18.09169431000)[ICRS], at Epoch=J2016.0
#   meta: !!omap
#   - {ucd: POS_ANG_DIST_GENERAL}
#   - {width: 7}
#   - {precision: '4'}
# - name: HIP
#   datatype: int32
#   description: '? HIP cross-id number, van Leeuwen, Cat. I/311 (hip_original_ext_source_id)'
#   meta: !!omap
#   - {ucd: ID_NUMBER}
#   - {width: 6}
#   - values: {'null': -2147483648}
# - name: TYC2
#   datatype: string
#   description: Tycho-2 cross-id name, Hog et al., Cat. I/259 (tyc2_original_ext_source_id)
#   meta: !!omap
#   - {ucd: ID_CROSSID}
#   - {_votable_string_dtype: char}
# - name: Source
#   datatype: int64
#   description: Source identifier, identical to the Gaia-EDR3 source_id (id)
#   meta: !!omap
#   - {ucd: ID_MAIN}
#   - {width: 19}
# - name: rgeo
#   unit: pc
#   datatype: float64
#   format: '{:15.8f}'
#   description: '? Median of the geometric distance posterior (r_med_geo)'
#   meta: !!omap
#   - {ucd: PHYS_DISTANCE_TRUE}
#   - {width: 15}
#   - {precision: '8'}
#   - values: {'null': .nan}
# - name: Plx
#   unit: mas
#   datatype: float64
#   format: '{:9.4f}'
#   description: '? Parallax (parallax)'
#   meta: !!omap
#   - {ucd: POS_PARLX_TRIG}
#   - {width: 9}
#   - {precision: '4'}
#   - values: {'null': .nan}
# - name: e_Plx
#   unit: mas
#   datatype: float32
#   format: '{:7.4f}'
#   description: '? Standard error of parallax (parallax_error)'
#   meta: !!omap
#   - {ucd: ERROR}
#   - {width: 7}
#   - {precision: '4'}
#   - values: {'null': .nan}
# - name: pmRA
#   unit: mas / yr
#   datatype: float64
#   format: '{:9.3f}'
#   description: '? Proper motion in right ascension direction, pmRA*cosDE (pmra)'
#   meta: !!omap
#   - {ucd: POS_EQ_PMRA}
#   - {width: 9}
#   - {precision: '3'}
#   - values: {'null': .nan}
# - name: pmDE
#   unit: mas / yr
#   datatype: float64
#   format: '{:9.3f}'
#   description: '? Proper motion in declination direction (pmdec)'
#   meta: !!omap
#   - {ucd: POS_EQ_PMDEC}
#   - {width: 9}
#   - {precision: '3'}
#   - values: {'null': .nan}
# - name: e_pmRA
#   unit: mas / yr
#   datatype: float32
#   format: '{:6.3f}'
#   description: '? Standard error of proper motion in right ascension direction (pmra_error)'
#   meta: !!omap
#   - {ucd: ERROR}
#   - {width: 6}
#   - {precision: '3'}
#   - values: {'null': .nan}
# - name: e_pmDE
[...]
#         unit: &id001 !astropy.units.Unit {unit: deg}
#         value: !astropy.table.SerializedColumn {name: SkyCoord.dec}
#       distance: !astropy.table.SerializedColumn
#         __class__: astropy.coordinates.distances.Distance
#         unit: !astropy.units.Unit {unit: pc}
#         value: !astropy.table.SerializedColumn {name: SkyCoord.distance}
#       frame: icrs
#       obstime: !astropy.time.Time {format: jyear_str, in_subfmt: '*', jd1: 367701545.0, jd2: 0.0, out_subfmt: '*', precision: 3, scale: tt}
#       pm_dec: !astropy.table.SerializedColumn
#         __class__: astropy.units.quantity.Quantity
#         unit: !astropy.units.Unit {unit: mas / yr}
#         value: !astropy.table.SerializedColumn {name: SkyCoord.pm_dec}
#       pm_ra_cosdec: !astropy.table.SerializedColumn
#         __class__: astropy.units.quantity.Quantity
#         unit: !astropy.units.Unit {unit: mas / yr}
#         value: !astropy.table.SerializedColumn {name: SkyCoord.pm_ra_cosdec}
#       ra: !astropy.table.SerializedColumn
#         __class__: astropy.coordinates.angles.Longitude
#         unit: *id001
#         value: !astropy.table.SerializedColumn {name: SkyCoord.ra}
#         wrap_angle: !astropy.coordinates.Angle
#           unit: *id001
#           value: 360.0
#       representation_type: spherical
# schema: astropy-2.0
RA_ICRS_1 DE_ICRS_1 e_RA_ICRS e_DE_ICRS _r_1 HIP TYC2 Source rgeo Plx e_Plx pmRA pmDE e_pmRA e_pmDE RUWE Teff logg Gmag BP-RP BPmag RPmag RV e_RV b_rgeo B_rgeo FG e_FG FBP e_FBP FRP e_FRP RAVE5 RAVE6 e_Gmag e_BPmag e_RPmag e_BP-RP SkyCoord.ra SkyCoord.dec SkyCoord.distance SkyCoord.pm_ra_cosdec SkyCoord.pm_dec
[from data line 1344]
273.99211882455 -18.06014343949 0.0609 0.0527 2.4122 "" "" 4095666077456118912 2775.25415 0.3325 0.0685 -0.043 -1.265 0.073 0.054 1.001 9336.7 4.1811 16.763992 1.659576 17.539063 15.879486 "" "" 2426.95264 3459.50366 3709.79424 2.929 1317.6 4.7711 3526.7 5.2779 "" "" 0.0028855884642715896 0.004820976 0.004113868 0.008934844 273.99211882455 -18.06014343949 2775.25415 -0.04299999999999999 -1.2649999999999997
273.73197002369 -18.03707572341 0.0621 0.058 13.7409 "" "" 4095669135473231488 2267.83667 0.4314 0.0735 0.574 -1.807 0.073 0.056 1.1 4760.0 4.186 16.765104 1.949715 17.74472 15.795006 "" "" 1904.69409 2852.13696 3705.9959 2.6096 1090.3 11.721 3812.0 10.139 "" "" 0.0028594216607995054 0.012000797 0.0047563743 0.016757172 273.73197002369 -18.03707572341 2267.83667 0.5740000000000001 -1.807
274.06512838641 -18.27544686324 0.0609 0.0572 12.3913 "" "" 4095646561124542208 2583.14062 0.3924 0.0703 -0.703 -4.086 0.072 0.056 0.904 5585.8 4.6827 16.765526 1.376736 17.379759 16.003023 "" "" 2148.93555 3000.72363 3704.56105 2.8655 1525.9 9.6126 3147.4 14.625 "" "" 0.002880467445990217 0.007386947 0.006303696 0.013690643 274.06512838641 -18.27544686324 2583.14062 -0.7029999999999998 -4.086
273.9316524731 -18.04886162785 0.0577 0.0526 3.2284 "" "" 4095666764636241280 3028.95044 0.3414 0.0653 1.758 -0.556 0.073 0.055 1.004 9435.0 4.3254 16.766495 1.754203 17.512043 15.75784 "" "" 2305.66016 4103.26123 3701.25227 2.9805 1350.8 11.231 3944.8 13.126 "" "" 0.002890710096335674 0.009448538 0.0052283187 0.014676856 273.9316524731 -18.04886162785 3028.95044 1.758 -0.556
274.08700690077 -18.26004916401 0.0701 0.0763 12.2349 "" "" 4095646694249785088 2459.43018 0.462 0.0903 1.198 1.982 0.076 0.061 1.007 5365.6 4.6871 16.766819 1.527184 17.480448 15.953263 "" "" 1960.13 3821.13818 3700.14673 2.9939 1390.7 17.627 3295.0 14.946 "" "" 0.002891981122695363 0.014041616 0.006207896 0.020249512 274.08700690077 -18.26004916401 2459.43018 1.1980000000000002 1.9820000000000002
274.21488377152 -18.13201533999 0.072 0.0635 14.403 "" "" 4097151032313303808 2700.92773 0.3775 0.0825 -1.792 -1.66 0.081 0.059 0.936 7491.0 4.1052 16.767523 2.332182 17.94026 15.608078 "" "" 2227.71948 3633.69604 3697.75105 3.8698 910.57 8.6148 4528.2 36.113 "" "" 0.00298041289776302 0.010644229 0.009447757 0.020091986 274.21488377152 -18.13201533999 2700.92773 -1.7919999999999998 -1.66
273.71253376079 -18.09180440542 0.0631 0.0575 14.4508 "" "" 4095662877687432704 2748.66284 0.357 0.0668 -1.175 -3.482 0.074 0.057 0.973 4918.4 4.2714 16.770449 1.80752 17.62811 15.820591 "" "" 2345.32056 3420.77856 3687.79756 2.9787 1213.9 10.535 3723.2 16.423 "" "" 0.002891515713260639 0.009827133 0.0061008115 0.015927944 273.71253376079 -18.09180440542 2748.66284 -1.175 -3.482
273.81345798864 -18.00038273933 0.0687 0.0658 10.2788 "" "" 4095670990898818560 2562.96826 0.3597 0.0762 -8.665 -10.123 0.077 0.062 1.082 5068.1 3.6056 16.771292 2.59135 18.209929 15.618579 "" "" 2221.0896 3101.12598 3684.93745 3.287 710.31 11.088 4484.6 19.125 "" "" 0.002920574748539573 0.017176569 0.0059768474 0.023153417 273.81345798864 -18.00038273933 2562.96826 -8.665 -10.123
274.21129756977 -18.20193265259 0.0704 0.0674 15.4758 "" "" 4097149765313968640 2774.16479 0.3655 0.0838 0.833 -4.913 0.078 0.059 0.949 4762.6 4.1314 16.771542 2.383638 18.046469 15.66283 "" "" 2150.9856 3540.65918 3684.08645 3.6088 825.71 8.0167 4305.5 15.029 "" "" 0.0029534597974119775 0.01090427 0.0053523146 0.016256586 274.21129756977 -18.20193265259 2774.16479 0.8329999999999999 -4.913000000000001
273.75140584407 -18.03782931354 0.0685 0.0648 12.6553 "" "" 4095669169832693376 2763.70728 0.3489 0.0746 -0.73 -2.137 0.071 0.061 1.016 5872.1 4.5909 16.772484 1.479799 17.447832 15.968033 "" "" 2321.09717 3425.04175 3680.89304 2.9886 1433.1 16.277 3250.5 13.755 "" "" 0.0028929035560542006 0.01264339 0.0059491866 0.018592577 273.75140584407 -18.03782931354 2763.70728 -0.7300000000000001 -2.1369999999999996
273.83443903867 -17.88451783904 0.0684 0.064 14.5192 "" "" 4095719193299169664 2946.11621 0.351 0.074 -0.207 -0.627 0.079 0.063 0.914 "" "" 16.774204 2.196868 17.902649 15.705781 "" "" 2331.88818 3710.43066 3675.06478 2.862 942.67 10.604 4138.5 10.975 "" "" 0.002882136370634651 0.012527994 0.004751216 0.01727921 273.83443903867 -17.88451783904 2946.11621 -0.20700000000000002 -0.627
274.06700901836 -18.03388662806 0.0673 0.0598 6.7298 "" "" 4097155743909040896 2576.64941 0.3826 0.0755 -1.228 -2.64 0.079 0.059 0.991 9355.3 3.7648 16.774485 1.984284 17.768665 15.784381 "" "" 2159.64526 3231.59058 3674.11858 3.1243 1066.5 10.667 3849.5 7.9125 "" "" 0.0029058901871751703 0.011212118 0.004389096 0.015601214 274.06700901836 -18.03388662806 2576.64941 -1.2280000000000002 -2.64
274.01632497847 -18.02918146216 0.0682 0.0587 4.7265 "" "" 4095666416740753536 2474.55444 0.3809 0.0781 -2.458 -1.727 0.081 0.059 1.108 "" "" 16.778772 1.83852 17.645563 15.807043 "" "" 2045.79504 3003.92065 3659.63548 3.3558 1194.5 13.488 3770.0 13.009 "" "" 0.0029296753996350816 0.012573358 0.0053216596 0.017895017 274.01632497847 -18.02918146216 2474.55444 -2.458 -1.727
273.99419991882 -17.99195102992 0.0612 0.0555 6.1984 "" "" 4097168521420402176 2842.68457 0.3726 0.0789 1.043 -0.677 0.073 0.052 0.985 6337.2 4.3966 16.779863 1.787281 17.647247 15.859966 "" "" 2296.58496 4137.39404 3655.95669 2.9867 1192.7 8.3048 3590.6 11.387 "" "" 0.002894568486101021 0.00805846 0.005112689 0.013171149 273.99419991882 -17.99195102992 2842.68457 1.0430000000000001 -0.677
273.82629613605 -18.12885716308 0.0606 0.0537 8.268 "" "" 4095664531268209920 2589.54175 0.3752 0.0679 -2.246 -5.731 0.078 0.06 1.082 7533.2 4.1584 16.780468 1.929428 17.724386 15.794958 "" "" 2218.70361 3219.27783 3653.9241 2.9994 1110.9 9.1212 3812.2 13.569 "" "" 0.0028958788940019824 0.009341035 0.0054053958 0.014746431 273.82629613605 -18.12885716308 2589.54175 -2.2459999999999996 -5.730999999999999
273.87471882637 -17.95831169876 0.0656 0.0626 9.5455 "" "" 4095671501982220544 2107.92432 0.4575 0.0717 6.344 3.658 0.073 0.059 1.006 "" "" 16.781214 2.112328 17.863644 15.751316 "" "" 1863.48633 2459.27344 3651.41511 2.9097 977.15 9.2933 3968.5 15.701 "" "" 0.002887965101656421 0.010696343 0.0057215407 0.016417883 273.87471882637 -17.95831169876 2107.92432 6.343999999999999 3.658000000000001
273.88513483484 -18.26372395773 0.0834 0.0727 11.3022 "" "" 4095645221095201152 2952.52637 0.3112 0.0878 0.287 -1.472 0.1 0.077 1.076 9062.7 4.0624 16.781399 3.081073 18.583714 15.502641 "" "" 2183.4895 4095.46313 3650.79147 3.823 503.42 8.1129 4990.0 16.348 "" "" 0.0029806787604395608 0.017718324 0.0051900134 0.022908337 273.88513483484 -18.26372395773 2952.52637 0.2869999999999999 -1.4719999999999998
274.14054257275 -17.93772332735 0.0979 0.0875 13.5881 "" "" 4097169762682333696 2505.76611 0.3942 0.106 -0.006 -1.365 0.114 0.093 1.123 4576.3 2.3965 16.783617 4.333677 19.645609 15.311932 "" "" 1932.16187 4902.68408 3643.34467 5.5376 189.31 7.6523 5948.2 19.591 "" "" 0.003211707145374898 0.043976292 0.005203016 0.049179308 274.14054257275 -17.93772332735 2505.76611 -0.006000000000000002 -1.3650000000000002
274.00195982787 -18.33222291562 0.065 0.0591 14.5773 "" "" 4095640101494109056 2864.68701 0.3657 0.071 -0.227 -1.582 0.077 0.06 1.07 5440.5 4.6125 16.784227 1.483041 17.468765 15.985724 "" "" 2385.00415 3432.91919 3641.2946 2.7061 1405.8 9.9805 3197.9 8.958 "" "" 0.00287103724199618 0.0081976475 0.0048511554 0.013048803 274.00195982787 -18.33222291562 2864.68701 -0.22699999999999998 -1.5820000000000003
273.88659507899 -18.07298261531 0.0564 0.0519 4.6609 "" "" 4095665321541915776 2704.06006 0.363 0.0684 -0.679 1.474 0.071 0.055 0.986 7129.3 4.3261 16.785196 1.722172 17.610483 15.888311 "" "" 2292.67798 3229.96143 3638.04887 2.7236 1233.7 8.6372 3498.1 11.476 "" "" 0.002872713013110486 0.008097208 0.0051933522 0.01329056 273.88659507899 -18.07298261531 2704.06006 -0.679 1.4739999999999998
273.81253943384 -17.99490971546 0.065 0.0628 10.5013 "" "" 4095670990898821248 2228.354 0.4227 0.0731 -1.178 -4.918 0.073 0.059 1.054 "" "" 16.78533 2.070646 17.773613 15.702967 "" "" 1918.59521 2505.22998 3637.59694 3.8329 1061.6 11.519 4149.3 12.18 "" "" 0.002983386135121566 0.012106793 0.004943823 0.017050616 273.81253943384 -17.99490971546 2228.354 -1.178 -4.918
274.1714409496 -17.97928716972 0.0756 0.0682 13.5273 "" "" 4097157560663901696 2146.64209 0.4876 0.0771 1.691 1.787 0.088 0.069 1.014 "" "" 16.785938 1.880862 17.701614 15.820752 "" "" 1841.41748 2522.5769 3635.56388 3.5147 1134.4 10.862 3722.7 12.94 "" "" 0.00294848020424513 0.010763952 0.0053410404 0.016104992 274.1714409496 -17.97928716972 2146.64209 1.691 1.787
273.86331373605 -18.16750433218 0.0615 0.0553 7.4103 "" "" 4095663530522092672 2472.62646 0.3998 0.0647 -1.845 -4.611 0.08 0.063 0.976 "" "" 16.787457 2.428029 18.080252 15.652223 "" "" 2092.78125 3083.77319 3630.4818 3.1417 800.42 8.3409 4347.8 14.372 "" "" 0.002911110321833924 0.011653047 0.005211963 0.01686501 273.86331373605 -18.16750433218 2472.62646 -1.8450000000000002 -4.611
273.68466100494 -18.08533748231 0.1221 0.1086 16.0453 "" "" 4095663088146356480 2092.25146 0.5163 0.135 1.088 1.599 0.139 0.106 2.486 6047.9 4.4916 16.788195 1.532308 17.42258 15.890273 "" "" 1661.32019 2723.75195 3628.01334 9.7933 1466.8 11.239 3491.8 13.415 "" "" 0.004022599897054626 0.008774621 0.005628766 0.014403388 273.68466100494 -18.08533748231 2092.25146 1.0880000000000003 1.5989999999999998
273.9729612937 -18.07556071847 0.0674 0.0594 1.0483 "" "" 4095665871297689600 3089.00513 0.3093 0.0744 -0.859 -1.543 0.081 0.06 1.129 "" "" 16.789898 1.834866 17.6836 15.848733 "" "" 2560.6792 4002.99194 3622.3278 2.8737 1153.4 10.495 3628.0 10.29 "" "" 0.002886816151630137 0.010265764 0.004875111 0.015140874 273.9729612937 -18.07556071847 3089.00513 -0.859 -1.543
274.11152569411 -18.27285039135 0.0693 0.0651 13.6765 "" "" 4095646423685937536 2554.38428 0.4002 0.0797 -0.023 -1.733 0.083 0.062 0.957 5389.7 4.2903 16.792076 1.727842 17.554842 15.827 "" "" 2130.42114 3144.09814 3615.06891 3.9005 1298.6 11.431 3701.3 32.028 "" "" 0.0029940125762397967 0.009956212 0.010126746 0.020082958 274.11152569411 -18.27285039135 2554.38428 -0.023000000000000007 -1.7329999999999999
274.01353154678 -18.03560437305 0.0701 0.0619 4.325 "" "" 4095666421053505152 2554.10474 0.386 0.087 -1.815 -2.28 0.08 0.059 1.056 9453.5 3.5937 16.792906 3.175196 18.607431 15.432236 "" "" 2056.71338 3528.01709 3612.30474 6.0191 492.54 19.977 5324.3 59.392 "" "" 0.0032961745629540517 0.04412483 0.012687262 0.056812093 274.01353154678 -18.03560437305 2554.10474 -1.815 -2.28
273.92833037416 -18.33524907111 0.0655 0.0598 14.7694 "" "" 4095640960487607296 2215.13135 0.4408 0.0727 -6.962 3.486 0.078 0.058 0.982 5455.5 4.5419 16.793955 1.431309 17.411419 15.98011 "" "" 1929.13831 2591.80444 3608.81447 3.0746 1482.0 10.162 3214.5 22.522 "" "" 0.0029064480983816547 0.007950514 0.008494195 0.01644471 273.92833037416 -18.33524907111 2215.13135 -6.962 3.4860000000000007
273.93162776137 -18.05520505813 0.0612 0.0546 2.9354 "" "" 4095666661571700224 2356.98779 0.3935 0.0709 -0.064 -1.668 0.075 0.053 0.951 "" "" 16.795372 2.12604 17.849012 15.722973 "" "" 2053.19995 2772.4082 3604.10623 3.2056 990.4 18.356 4073.5 13.153 "" "" 0.002919647127277486 0.020315468 0.005155001 0.02547047 273.93162776137 -18.05520505813 2356.98779 -0.064 -1.668
273.97591321455 -18.05286669723 0.0597 0.0539 2.3986 "" "" 4095666313661447552 2822.20996 0.3419 0.0658 -0.431 -1.841 0.074 0.056 0.997 "" "" 16.795502 1.841305 17.692617 15.851313 "" "" 2446.60327 3402.28955 3603.67685 2.8922 1143.9 7.7034 3619.4 10.202 "" "" 0.0028898251955474553 0.007825987 0.0048630806 0.012689068 273.97591321455 -18.05286669723 2822.20996 -0.431 -1.8410000000000002
273.83279378007 -17.97339760277 0.0664 0.0631 10.395 "" "" 4095671128337775616 2333.54785 0.4125 0.073 -2.525 -0.68 0.077 0.061 0.989 8536.6 4.2077 16.798553 2.223682 17.953888 15.730206 "" "" 2055.32202 2725.8457 3593.56179 3.1225 899.21 10.396 4046.5 14.895 "" "" 0.0029123558412531784 0.012858838 0.0055005583 0.018359397 273.83279378007 -17.97339760277 2333.54785 -2.525 -0.6799999999999999
273.93358216264 -18.05596753841 0.0601 0.0543 2.8275 "" "" 4095666657258821504 2407.7041 0.3933 0.0687 0.768 -1.115 0.074 0.054 0.979 "" "" 16.799131 1.71575 17.620407 15.904657 "" "" 2033.67041 2942.5918 3591.65331 2.7368 1222.5 10.933 3445.8 8.2062 "" "" 0.0028768465343856305 0.010102832 0.0045792484 0.014682081 273.93358216264 -18.05596753841 2407.7041 0.768 -1.1149999999999998
273.73638398514 -18.04947673828 0.0645 0.0584 13.3349 "" "" 4095669131160010240 2156.7876 0.4402 0.0708 0.752 -1.525 0.074 0.063 0.919 5326.8 4.6347 16.799692 1.491123 17.487959 15.996836 "" "" 1863.22375 2472.42651 3589.79774 3.8001 1381.1 5.357 3165.4 12.791 "" "" 0.002985427418425944 0.0050517796 0.0057907156 0.010842495 273.73638398514 -18.04947673828 2156.7876 0.752 -1.525
273.86885805963 -18.32933666615 0.1047 0.0923 15.2938 "" "" 4095643533153424768 2644.95093 0.3695 0.117 0.492 -0.277 0.129 0.096 1.046 4758.0 2.8293 16.800621 3.731691 19.077637 15.345945 "" "" 2058.37866 3458.16919 3586.72444 4.8051 319.42 34.453 5764.7 33.679 "" "" 0.003115687010809754 0.11714195 0.0073837396 0.12452569 273.86885805963 -18.32933666615 2644.95093 0.492 -0.27699999999999997
273.92210742835 -18.31252144597 0.0814 0.0745 13.4828 "" "" 4095644018504335232 2539.4541 0.3737 0.0776 -0.342 -4.79 0.097 0.074 1.103 4798.0 3.5828 16.801006 2.627937 18.270622 15.642685 "" "" 2170.53149 3084.66675 3585.45421 2.9695 671.69 8.749 4386.2 10.089 "" "" 0.0028983403447475375 0.014414713 0.0045299684 0.01894468 273.92210742835 -18.31252144597 2539.4541 -0.3420000000000001 -4.789999999999999
274.16828158613 -18.22393695115 0.0693 0.0651 14.0028 "" "" 4095648446596646016 2393.09106 0.4072 0.0761 1.705 0.793 0.078 0.061 0.983 4717.4 3.4053 16.80158 3.005925 18.503576 15.497651 "" "" 1997.01392 2827.23193 3583.55834 3.1643 541.98 9.4601 5013.0 27.324 "" "" 0.0029173472735611904 0.019155499 0.0070218085 0.026177308 274.16828158613 -18.22393695115 2393.09106 1.705 0.7929999999999999
273.78343273125 -18.15416493236 0.0661 0.0584 11.0598 "" "" 4095658720158786048 2937.44482 0.3038 0.0705 4.877 -2.791 0.086 0.066 1.059 9202.0 3.96 16.80291 2.971074 18.519983 15.548909 "" "" 2488.97046 3539.8562 3579.17645 3.5616 533.86 10.247 4781.8 13.394 "" "" 0.0029595714254826854 0.021025758 0.004851036 0.025876794 273.78343273125 -18.15416493236 2937.44482 4.876999999999999 -2.791
274.11732297519 -18.24008964968 0.089 0.0854 12.4012 "" "" 4095648206078380032 2423.20215 0.4156 0.0969 -0.397 -1.748 0.103 0.08 1.23 "" "" 16.804169 2.294846 17.956541 15.661696 "" "" 1915.25085 3209.3374 3575.02962 3.774 897.02 9.4701 4310.0 27.779 "" "" 0.002984205069969941 0.011797135 0.007953201 0.019750336 274.11732297519 -18.24008964968 2423.20215 -0.3970000000000001 -1.748
273.96808574206 -18.2114873961 0.0684 0.0635 7.1887 "" "" 4095650920497893632 2677.5437 0.3568 0.0758 1.093 0.151 0.077 0.059 1.008 9461.1 4.2902 16.805037 1.912784 17.753761 15.840978 "" "" 2284.09106 3239.26245 3572.16962 3.0398 1081.2 10.676 3654.0 11.638 "" "" 0.002906102002827846 0.011077925 0.0051226937 0.016200619 273.96808574206 -18.2114873961 2677.5437 1.0930000000000002 0.151
273.96026118312 -18.33463891954 0.0647 0.0581 14.5802 "" "" 4095640788688900096 2355.26758 0.4148 0.0692 1.105 -1.092 0.078 0.059 0.973 6035.1 4.3991 16.80604 1.751243 17.647655 15.896413 "" "" 2019.88464 2694.29102 3568.86793 2.57 1192.2 10.223 3472.1 11.977 "" "" 0.002864103466923863 0.009719192 0.005320769 0.015039961 273.96026118312 -18.33463891954 2355.26758 1.1050000000000002 -1.092
