Clusters/FSR_0306/FSR_0306_stars_in_region.tsv
# %ECSV 1.0
# ---
# datatype:
# - name: RA_ICRS_1
#   unit: deg
#   datatype: float64
#   format: '{:15.11f}'
#   description: Right ascension (ICRS) at Ep=2016.0 (ra)
#   meta: !!omap
#   - {ucd: POS_EQ_RA_MAIN}
#   - {width: 15}
#   - {precision: '11'}
# - name: DE_ICRS_1
#   unit: deg
#   datatype: float64
#   format: '{:15.11f}'
#   description: Declination (ICRS) at Ep=2016.0 (dec)
#   meta: !!omap
#   - {ucd: POS_EQ_DEC_MAIN}
#   - {width: 15}
#   - {precision: '11'}
# - name: e_RA_ICRS
#   unit: mas
#   datatype: float64
#   format: '{:7.4f}'
#   description: Standard error of right ascension (ra_error)
#   meta: !!omap
#   - {ucd: ERROR}
#   - {width: 7}
#   - {precision: '4'}
# - name: e_DE_ICRS
#   unit: mas
#   datatype: float64
#   format: '{:7.4f}'
#   description: Standard error of declination (dec_error)
#   meta: !!omap
#   - {ucd: ERROR}
#   - {width: 7}
#   - {precision: '4'}
# - name: _r_1
#   unit: ''
#   datatype: float64
#   format: '{:7.4f}'
#   description: Distance from center (322.12380992000+51.68890539000)[ICRS], at Epoch=J2016.0
#   meta: !!omap
#   - {ucd: POS_ANG_DIST_GENERAL}
#   - {width: 7}
#   - {precision: '4'}
# - name: HIP
#   datatype: int32
#   description: '? HIP cross-id number, van Leeuwen, Cat. I/311 (hip_original_ext_source_id)'
#   meta: !!omap
#   - {ucd: ID_NUMBER}
#   - {width: 6}
#   - values: {'null': -2147483648}
# - name: TYC2
#   datatype: string
#   description: Tycho-2 cross-id name, Hog et al., Cat. I/259 (tyc2_original_ext_source_id)
#   meta: !!omap
#   - {ucd: ID_CROSSID}
#   - {_votable_string_dtype: char}
# - name: Source
#   datatype: int64
#   description: Source identifier, identical to the Gaia-EDR3 source_id (id)
#   meta: !!omap
#   - {ucd: ID_MAIN}
#   - {width: 19}
# - name: rgeo
#   unit: pc
#   datatype: float64
#   format: '{:15.8f}'
#   description: '? Median of the geometric distance posterior (r_med_geo)'
#   meta: !!omap
#   - {ucd: PHYS_DISTANCE_TRUE}
#   - {width: 15}
#   - {precision: '8'}
#   - values: {'null': .nan}
# - name: Plx
#   unit: mas
#   datatype: float64
#   format: '{:9.4f}'
#   description: '? Parallax (parallax)'
#   meta: !!omap
#   - {ucd: POS_PARLX_TRIG}
#   - {width: 9}
#   - {precision: '4'}
#   - values: {'null': .nan}
# - name: e_Plx
#   unit: mas
#   datatype: float32
#   format: '{:7.4f}'
#   description: '? Standard error of parallax (parallax_error)'
#   meta: !!omap
#   - {ucd: ERROR}
#   - {width: 7}
#   - {precision: '4'}
#   - values: {'null': .nan}
# - name: pmRA
#   unit: mas / yr
#   datatype: float64
#   format: '{:9.3f}'
#   description: '? Proper motion in right ascension direction, pmRA*cosDE (pmra)'
#   meta: !!omap
#   - {ucd: POS_EQ_PMRA}
#   - {width: 9}
#   - {precision: '3'}
#   - values: {'null': .nan}
# - name: pmDE
#   unit: mas / yr
#   datatype: float64
#   format: '{:9.3f}'
#   description: '? Proper motion in declination direction (pmdec)'
#   meta: !!omap
#   - {ucd: POS_EQ_PMDEC}
#   - {width: 9}
#   - {precision: '3'}
#   - values: {'null': .nan}
# - name: e_pmRA
#   unit: mas / yr
#   datatype: float32
#   format: '{:6.3f}'
#   description: '? Standard error of proper motion in right ascension direction (pmra_error)'
#   meta: !!omap
#   - {ucd: ERROR}
#   - {width: 6}
#   - {precision: '3'}
#   - values: {'null': .nan}
# - name: e_pmDE
[...]
#         unit: &id001 !astropy.units.Unit {unit: deg}
#         value: !astropy.table.SerializedColumn {name: SkyCoord.dec}
#       distance: !astropy.table.SerializedColumn
#         __class__: astropy.coordinates.distances.Distance
#         unit: !astropy.units.Unit {unit: pc}
#         value: !astropy.table.SerializedColumn {name: SkyCoord.distance}
#       frame: icrs
#       obstime: !astropy.time.Time {format: jyear_str, in_subfmt: '*', jd1: 367701545.0, jd2: 0.0, out_subfmt: '*', precision: 3, scale: tt}
#       pm_dec: !astropy.table.SerializedColumn
#         __class__: astropy.units.quantity.Quantity
#         unit: !astropy.units.Unit {unit: mas / yr}
#         value: !astropy.table.SerializedColumn {name: SkyCoord.pm_dec}
#       pm_ra_cosdec: !astropy.table.SerializedColumn
#         __class__: astropy.units.quantity.Quantity
#         unit: !astropy.units.Unit {unit: mas / yr}
#         value: !astropy.table.SerializedColumn {name: SkyCoord.pm_ra_cosdec}
#       ra: !astropy.table.SerializedColumn
#         __class__: astropy.coordinates.angles.Longitude
#         unit: *id001
#         value: !astropy.table.SerializedColumn {name: SkyCoord.ra}
#         wrap_angle: !astropy.coordinates.Angle
#           unit: *id001
#           value: 360.0
#       representation_type: spherical
# schema: astropy-2.0
RA_ICRS_1 DE_ICRS_1 e_RA_ICRS e_DE_ICRS _r_1 HIP TYC2 Source rgeo Plx e_Plx pmRA pmDE e_pmRA e_pmDE RUWE Teff logg Gmag BP-RP BPmag RPmag RV e_RV b_rgeo B_rgeo FG e_FG FBP e_FBP FRP e_FRP RAVE5 RAVE6 e_Gmag e_BPmag e_RPmag e_BP-RP SkyCoord.ra SkyCoord.dec SkyCoord.distance SkyCoord.pm_ra_cosdec SkyCoord.pm_dec
[from data line 487]
321.99602194027 51.41546359891 0.0355 0.0347 17.0852 "" "" 2172427173091648896 1742.37622 0.5571 0.0404 -2.381 -5.856 0.046 0.046 1.027 5021.8 4.3013 16.381397 1.44967 17.043234 15.593564 "" "" 1626.93469 1857.63354 5277.00998 2.2942 2080.3 6.486 4589.2 8.2456 "" "" 0.002795460553958255 0.0043868152 0.004253151 0.008639966 321.99602194027 51.41546359891 1742.37622 -2.3810000000000002 -5.856
321.80900729407 51.77018471106 0.0346 0.0366 12.6746 "" "" 2172449743139166720 2108.41455 0.4577 0.0409 0.639 -0.505 0.048 0.052 1.041 6024.1 4.1419 16.382288 1.588358 17.126404 15.538046 "" "" 1934.27148 2332.47144 5272.68455 2.2526 1926.9 8.5041 4829.9 13.826 "" "" 0.0027940911338237774 0.005544894 0.0048932065 0.0104381 321.80900729407 51.77018471106 2108.41455 0.6390000000000001 -0.5050000000000001
322.18286215911 51.78550028414 0.0592 0.0613 6.1971 "" "" 2172441260576472448 2365.41772 0.4027 0.0698 1.957 0.148 0.079 0.074 1.217 6028.9 4.0964 16.38633 1.978718 17.13655 15.157833 "" "" 2012.83423 2807.58423 5253.08614 5.1091 1909.0 23.151 6855.3 57.308 "" "" 0.0029507414871589002 0.01345942 0.009831814 0.023291234 322.18286215911 51.78550028414 2365.41772 1.9569999999999999 0.14800000000000002
321.74303822015 51.80455370835 0.0558 0.0555 15.7553 "" "" 2172496992081657472 2283.59448 0.4384 0.0651 -2.291 0.187 0.074 0.069 1.809 "" "" 16.38687 1.84708 17.24146 15.394381 "" "" 1974.66345 2567.29736 5250.4789 8.0809 1733.1 9.0992 5513.2 9.8108 "" "" 0.0032224434775343733 0.0063466053 0.004244603 0.010591209 321.74303822015 51.80455370835 2283.59448 -2.291 0.1869999999999999
321.65869447742 51.66852643521 0.0363 0.0343 17.3474 "" "" 2172447582776143616 2258.68042 0.4332 0.0404 -1.728 -3.732 0.047 0.042 1.058 9035.7 4.2419 16.390451 1.638797 17.157856 15.519059 "" "" 2058.88062 2481.87671 5233.18203 2.2078 1871.9 8.706 4915.1 10.414 "" "" 0.0027931352149997606 0.00576922 0.0044244453 0.0101936655 321.65869447742 51.66852643521 2258.68042 -1.7280000000000002 -3.732
322.02390391479 51.40852864714 0.0358 0.0356 17.2306 "" "" 2172426451537146624 1817.4187 0.5279 0.0408 -2.238 -3.363 0.047 0.047 1.044 7077.7 4.2964 16.393 1.560912 17.11983 15.558917 "" "" 1692.0907 1957.85413 5220.91652 2.437 1938.6 9.411 4738.0 8.7514 "" "" 0.0028015409141513284 0.0059637055 0.0042784885 0.010242194 322.02390391479 51.40852864714 1817.4187 -2.2379999999999995 -3.363
322.32088382419 51.57967379675 0.0306 0.0313 9.8396 "" "" 2172434904033072384 1840.69031 0.5214 0.0357 -2.398 -0.79 0.04 0.038 0.99 6824.7 4.3242 16.39325 1.519751 17.093348 15.573596 "" "" 1736.44543 2010.86792 5219.71555 2.0931 1986.4 8.8828 4674.3 10.271 "" "" 0.002789506095172442 0.0055998266 0.0044693863 0.010069213 322.32088382419 51.57967379675 1840.69031 -2.398 -0.7900000000000003
321.76436790621 51.58026180871 0.0331 0.0319 14.8886 "" "" 2172443219089403264 2548.40381 0.3629 0.0378 -2.919 -3.85 0.044 0.043 0.965 9244.2 3.892 16.394678 1.680306 17.191696 15.51139 "" "" 2304.33398 2756.62891 5212.84965 2.4294 1814.4 9.0244 4950.0 11.306 "" "" 0.002801396543475828 0.0060784183 0.0045203385 0.010598756 321.76436790621 51.58026180871 2548.40381 -2.919000000000001 -3.850000000000001
322.05440904382 51.4774689821 0.0319 0.0339 12.9474 "" "" 2172427791566933376 1828.56165 0.5272 0.0383 -0.702 -1.924 0.04 0.042 0.996 7201.9 4.3366 16.399532 1.55991 17.115135 15.555225 "" "" 1728.86182 1964.77893 5189.59676 2.2156 1947.0 9.7167 4754.1 9.2533 "" "" 0.002794038947495746 0.006094664 0.0043300795 0.010424743 322.05440904382 51.4774689821 1828.56165 -0.7019999999999998 -1.924
322.49124568337 51.82194987308 0.0344 0.0316 15.8102 "" "" 2172462632342379648 2379.67163 0.3925 0.0382 -2.285 -2.654 0.047 0.038 1.02 8822.5 4.2137 16.40225 1.840302 17.311506 15.471205 "" "" 2194.88452 2581.40039 5176.62576 2.2461 1624.9 7.8066 5136.6 10.881 "" "" 0.0027953028384738034 0.005915612 0.0044241915 0.010339804 322.49124568337 51.82194987308 2379.67163 -2.2850000000000006 -2.654
322.61624768619 51.55894632341 0.0334 0.035 19.9314 "" "" 2171704308615279104 1794.48279 0.5294 0.0394 -1.799 -1.764 0.042 0.042 1.069 7432.8 4.255 16.403563 1.796444 17.279188 15.482744 "" "" 1687.84827 1937.82202 5170.37337 2.3778 1673.9 7.338 5082.3 9.3813 "" "" 0.0028001979261952246 0.0055171596 0.004277883 0.009795043 322.61624768619 51.55894632341 1794.48279 -1.7989999999999997 -1.7639999999999998
322.3340211483 51.57813389158 0.0317 0.0311 10.2693 "" "" 2172435002808462208 2136.29077 0.4404 0.0362 -3.783 -3.6 0.042 0.038 1.041 8213.4 3.6088 16.404522 1.767618 17.243515 15.475897 "" "" 1972.00049 2330.11255 5165.80114 2.3692 1729.9 6.6408 5114.5 11.089 "" "" 0.0027999547489786433 0.0050156703 0.0044525526 0.009468223 322.3340211483 51.57813389158 2136.29077 -3.783 -3.6
322.36046011281 51.71582705113 0.0334 0.0346 8.9468 "" "" 2172460227160577280 1744.12085 0.563 0.0398 0.642 -2.865 0.043 0.042 1.066 5912.7 4.5519 16.404562 1.343744 17.001787 15.658043 "" "" 1633.14124 1891.9021 5165.61604 2.2491 2161.2 6.8273 4324.6 8.1587 "" "" 0.0027955787874787935 0.0044214358 0.004298764 0.0087202 322.36046011281 51.71582705113 1744.12085 0.6419999999999998 -2.865
321.79931065302 51.76851933853 0.0335 0.0331 12.971 "" "" 2172449747439792128 2082.42188 0.4622 0.0388 -3.232 -3.447 0.047 0.043 1.039 9265.5 3.9597 16.406456 1.65143 17.18057 15.52914 "" "" 1931.19165 2245.3938 5156.6118 2.5645 1833.1 9.4899 4869.7 11.438 "" "" 0.0028077299600584313 0.006275243 0.0045592966 0.010834539 321.79931065302 51.76851933853 2082.42188 -3.2319999999999998 -3.4469999999999996
322.17776631895 51.62757703999 0.0323 0.0338 4.1921 "" "" 2172437755891323136 1881.86182 0.5129 0.0378 -2.964 -1.935 0.042 0.042 0.991 7678.3 4.0713 16.412447 1.822244 17.297955 15.475711 "" "" 1744.79163 2024.19446 5128.23155 2.4743 1645.3 7.0847 5115.3 8.7528 "" "" 0.002804676601833485 0.005444501 0.0042113145 0.009655816 322.17776631895 51.62757703999 1881.86182 -2.964 -1.935
322.48753217061 51.46061892529 0.0327 0.0328 19.2761 "" "" 2171679676987143936 2350.05127 0.402 0.038 -2.087 -2.691 0.039 0.038 0.975 8737.9 4.156 16.420774 1.676204 17.212868 15.536664 "" "" 2182.10229 2566.63599 5089.05017 2.3761 1779.4 9.5802 4836.1 8.0573 "" "" 0.002801566084077544 0.0064773057 0.004189977 0.010667283 322.48753217061 51.46061892529 2350.05127 -2.0870000000000006 -2.691
322.35309618424 51.41182914521 0.0335 0.0321 18.6964 "" "" 2171678233877967616 1951.2959 0.5005 0.0376 -2.76 -4.529 0.043 0.041 0.939 6833.5 4.0506 16.425247 1.851234 17.335129 15.483894 "" "" 1823.37366 2119.88989 5068.12745 2.3944 1589.9 7.9423 5076.9 7.8724 "" "" 0.002802660381460473 0.0060993657 0.0041374094 0.0102367755 322.35309618424 51.41182914521 1951.2959 -2.7600000000000002 -4.529
321.66840123826 51.81301207535 0.0355 0.0335 18.4825 "" "" 2172496923362027264 2324.1709 0.4099 0.0395 -4.259 -5.02 0.046 0.04 0.973 7977.2 4.1717 16.43338 1.803649 17.312502 15.508853 "" "" 2166.99438 2551.36621 5030.30696 2.1796 1623.4 9.1561 4961.5 9.8591 "" "" 0.0027951933070717917 0.006729335 0.004351837 0.011081172 321.66840123826 51.81301207535 2324.1709 -4.259 -5.0200000000000005
321.87888391049 51.53271090532 0.0332 0.033 13.0809 "" "" 2172431846016029440 2494.2168 0.38 0.0385 -2.807 -2.874 0.043 0.044 1.02 8968.4 3.63 16.44129 1.443884 17.09505 15.651167 "" "" 2241.29175 2701.32983 4993.79539 2.1826 1983.3 10.488 4352.0 8.6393 "" "" 0.0027958848921189917 0.0063836 0.0043507675 0.010734368 321.87888391049 51.53271090532 2494.2168 -2.8069999999999995 -2.8739999999999997
321.67524171479 51.6084869866 0.0349 0.0345 17.3828 "" "" 2172446105307304064 2334.15576 0.3974 0.0397 -2.373 -2.443 0.049 0.045 1.002 9245.1 4.0011 16.44376 1.733138 17.272112 15.538974 "" "" 2139.03052 2538.15381 4982.4508 2.3332 1684.9 7.3253 4825.8 9.2018 "" "" 0.0028018374234843307 0.005483329 0.0043092645 0.009792593 321.67524171479 51.6084869866 2334.15576 -2.373 -2.443
321.65780126695 51.70798113935 0.0363 0.0367 17.3677 "" "" 2172447995092993536 2485.05176 0.3814 0.0424 -2.869 -2.274 0.05 0.045 1.087 8010.7 4.2062 16.44428 1.72529 17.269156 15.543865 "" "" 2270.50757 2791.4209 4980.05485 2.3598 1689.5 7.0209 4804.1 7.4798 "" "" 0.0028029404683414675 0.005304925 0.0041402113 0.009445136 321.65780126695 51.70798113935 2485.05176 -2.869 -2.274
322.27564968768 51.6101872468 0.0325 0.0359 7.3662 "" "" 2172435247630441728 1762.38428 0.545 0.0407 1.037 -2.755 0.043 0.044 0.987 "" "" 16.445375 2.078453 17.507042 15.428589 "" "" 1617.85767 1919.89062 4975.03628 2.4349 1357.1 10.803 5342.2 10.478 "" "" 0.0028060932464285876 0.009082063 0.004338041 0.013420104 322.27564968768 51.6101872468 1762.38428 1.037 -2.755
321.81036129034 51.47505257569 0.0345 0.0342 17.3555 "" "" 2172429818791345152 1955.21912 0.4933 0.0399 -5.068 -2.183 0.046 0.047 1.014 6054.1 4.292 16.45051 1.525301 17.147154 15.621853 "" "" 1797.03467 2104.2749 4951.56758 2.1846 1890.4 8.507 4471.1 8.5575 "" "" 0.002796649685116407 0.0056264857 0.0043130075 0.009939494 321.81036129034 51.47505257569 1955.21912 -5.068 -2.183
321.66830869438 51.52302798115 0.0337 0.0357 19.6764 "" "" 2172067529713434496 1929.18066 0.4956 0.0398 -10.402 -7.189 0.044 0.045 0.978 6835.4 4.3362 16.45162 1.582868 17.189524 15.606656 "" "" 1796.13562 2061.61353 4946.50625 2.2646 1818.1 6.7886 4534.1 8.9694 "" "" 0.002799797785293871 0.0049214014 0.0043470487 0.00926845 321.66830869438 51.52302798115 1929.18066 -10.401999999999997 -7.189
322.1817465513 51.42752655606 0.0344 0.035 15.8309 "" "" 2171676103574010112 2355.83521 0.3925 0.0403 -1.238 -3.961 0.044 0.043 1.041 8408.0 4.2012 16.455072 1.762107 17.30041 15.538302 "" "" 2117.88208 2631.13086 4930.80541 2.2934 1641.5 7.7435 4828.8 9.0498 "" "" 0.0028012155222350236 0.005832466 0.00429234 0.010124806 322.1817465513 51.42752655606 2355.83521 -1.2379999999999995 -3.9610000000000003
321.75872104449 51.80521953653 0.0441 0.0442 15.2526 "" "" 2172497026441397376 1882.50964 0.5312 0.0515 -1.411 -2.75 0.057 0.056 1.208 5874.3 4.4443 16.460236 1.433615 17.091139 15.657524 "" "" 1719.20862 2057.73633 4907.41348 3.7157 1990.5 8.1303 4326.6 7.1296 "" "" 0.002875343344355348 0.005239467 0.004181474 0.009420941 321.75872104449 51.80521953653 1882.50964 -1.4109999999999998 -2.75
321.6148604248 51.59581961383 0.0364 0.0371 19.7561 "" "" 2172446208386517248 2268.66528 0.4025 0.042 -5.3 -4.961 0.051 0.047 0.978 7708.3 3.9942 16.463537 2.282335 17.669134 15.386799 "" "" 2088.30664 2471.45239 4892.51263 2.3746 1168.9 5.8856 5551.9 10.97 "" "" 0.002805259845993031 0.006137717 0.00434581 0.010483528 321.6148604248 51.59581961383 2268.66528 -5.3 -4.960999999999999
322.05107223154 51.64547919273 0.047 0.0538 3.7571 "" "" 2172438370065577984 2091.604 0.4668 0.0581 -4.162 -3.77 0.065 0.074 1.475 8274.8 4.2493 16.46577 1.86665 17.355183 15.488533 "" "" 1884.05457 2326.84546 4882.45713 5.1385 1560.8 6.2823 5055.3 10.27 "" "" 0.0029828665019331836 0.0051849014 0.004375942 0.009560844 322.05107223154 51.64547919273 2091.604 -4.162000000000001 -3.7699999999999996
322.55543604021 51.86622667082 0.0361 0.0333 19.2337 "" "" 2172463182098190592 2114.521 0.4455 0.0404 -9.484 -8.352 0.048 0.04 0.989 6906.8 3.9141 16.466446 2.135462 17.56667 15.431208 "" "" 1950.16187 2305.34912 4879.41841 2.6507 1284.5 7.9863 5329.4 11.337 "" "" 0.0028177424954762614 0.007304401 0.0044292393 0.01173364 322.55543604021 51.86622667082 2114.521 -9.483999999999998 -8.352
322.46597048118 51.93975280652 0.1032 0.0861 19.6877 "" "" 2172466927302593408 1856.11475 0.5975 0.1068 -1.935 -1.707 0.134 0.113 2.051 "" "" 16.466457 1.512104 16.653952 15.141848 "" "" 1532.9054 2359.29126 4879.37017 4.4496 2977.4 17.41 6957.0 20.417 "" "" 0.002927814639789145 0.0069347853 0.0049433378 0.0118781235 322.46597048118 51.93975280652 1856.11475 -1.9350000000000005 -1.7070000000000005
321.85108183081 51.39385131183 0.0358 0.0344 20.4202 "" "" 2172428478761567744 1794.63623 0.5246 0.0411 -5.058 -3.886 0.049 0.05 0.986 7182.5 4.1732 16.467066 1.823751 17.346144 15.522392 "" "" 1661.66272 1968.88416 4876.63484 2.3389 1573.8 9.167 4900.1 8.9599 "" "" 0.0028040957668368197 0.0069122994 0.004269084 0.011181383 321.85108183081 51.39385131183 1794.63623 -5.058 -3.8859999999999992
321.63101030039 51.71667651453 0.0362 0.0356 18.4 "" "" 2172494827418009984 1903.90381 0.5146 0.0417 -3.46 -4.879 0.049 0.045 1.041 6737.2 4.3226 16.468527 1.593198 17.215197 15.621999 "" "" 1755.1554 2088.56323 4870.07865 2.3552 1775.6 7.8586 4470.5 7.2038 "" "" 0.002804904014678399 0.0055566505 0.004164697 0.009721348 321.63101030039 51.71667651453 1903.90381 -3.460000000000001 -4.879
321.67067489363 51.5765426141 0.0373 0.0377 18.1724 "" "" 2172445899148877952 1744.7688 0.5627 0.0437 -5.922 -14.183 0.052 0.048 1.085 6083.5 4.1791 16.470491 1.679936 17.262104 15.582169 "" "" 1607.1106 1871.45276 4861.27791 2.6152 1700.5 7.6246 4637.6 8.709 "" "" 0.0028165491204240473 0.005611062 0.0042942874 0.009905349 321.67067489363 51.5765426141 1744.7688 -5.922000000000002 -14.183
322.57408222823 51.80773891157 0.0317 0.0326 18.1825 "" "" 2172461704629460352 1894.81982 0.5033 0.0378 -3.537 -1.635 0.041 0.037 0.961 7983.1 4.1003 16.471886 1.88498 17.40145 15.516469 "" "" 1776.26318 2035.05835 4855.03623 2.1765 1495.7 6.4761 4926.9 9.9969 "" "" 0.0027979810777104507 0.005466696 0.004374582 0.009841278 322.57408222823 51.80773891157 1894.81982 -3.5369999999999995 -1.6349999999999998
322.52346352777 51.58334251457 0.032 0.032 16.1745 "" "" 2171707096058743040 1898.40649 0.5108 0.0368 -4.089 -3.343 0.04 0.039 1.034 6835.4 4.2664 16.472155 1.628619 17.239286 15.610667 "" "" 1768.93604 2004.37268 4853.83781 2.1812 1736.6 7.1352 4517.4 8.2771 "" "" 0.002798185104784066 0.005261694 0.0042709825 0.009532677 322.52346352777 51.58334251457 1898.40649 -4.089 -3.343
322.4137819272 51.6798759581 0.0334 0.0341 10.8004 "" "" 2172459333807391488 1808.62744 0.541 0.0397 2.691 -1.242 0.045 0.041 0.971 6377.0 4.0812 16.477703 1.66539 17.264364 15.598974 "" "" 1703.63379 1954.68152 4829.08829 2.2999 1697.0 8.8282 4566.3 12.042 "" "" 0.0028034218205808736 0.0062998324 0.004741508 0.01104134 322.4137819272 51.6798759581 1808.62744 2.691 -1.2419999999999998
321.68613513075 51.48077492746 0.0374 0.0378 20.5473 "" "" 2172066498921285888 2263.04517 0.4152 0.0431 -4.68 -6.363 0.049 0.046 1.068 8304.6 4.0135 16.47895 2.277996 17.681152 15.403156 "" "" 2039.99023 2571.78369 4823.54464 2.5029 1156.0 7.6809 5468.8 10.279 "" "" 0.002812327599724416 0.0077348193 0.0042951438 0.012029963 321.68613513075 51.48077492746 2263.04517 -4.68 -6.3629999999999995
322.04789584232 51.47106679512 0.0349 0.0365 13.3733 "" "" 2172427791566934016 2229.13501 0.4272 0.0409 -2.517 -2.012 0.044 0.046 0.974 9295.2 4.0949 16.47927 1.679346 17.275684 15.596338 "" "" 2057.57642 2419.05005 4822.1271 2.3811 1679.4 9.7704 4577.4 9.2388 "" "" 0.0028069940748658468 0.0069053834 0.0043687467 0.01127413 322.04789584232 51.47106679512 2229.13501 -2.517 -2.012
322.17781236686 51.4534714759 0.0354 0.0366 14.2689 "" "" 2172432670649944448 2506.23535 0.3716 0.0419 -5.947 -3.596 0.045 0.045 0.997 6930.2 3.8304 16.48053 2.237839 17.653778 15.415939 "" "" 2245.57227 2825.99829 4816.53363 2.5381 1185.5 7.1219 5404.8 7.4971 "" "" 0.0028140944826958746 0.007094289 0.0040684026 0.011162692 322.17781236686 51.4534714759 2506.23535 -5.947000000000001 -3.596
322.27311374854 51.91173661832 0.0379 0.0368 14.4721 "" "" 2172477097792082176 2540.72949 0.3715 0.0428 -2.771 -3.344 0.049 0.043 1.035 9228.8 4.0913 16.481274 1.695537 17.288692 15.593156 "" "" 2313.02051 2910.59644 4813.23591 2.2732 1659.4 8.1736 4590.9 10.232 "" "" 0.0028026282583108646 0.0060320413 0.00448769 0.010519732 322.27311374854 51.91173661832 2540.72949 -2.7710000000000004 -3.344
