Clusters/FSR_0306/FSR_0306_stars_in_region.tsv
# %ECSV 1.0
# ---
# datatype:
# - name: RA_ICRS_1
#   unit: deg
#   datatype: float64
#   format: '{:15.11f}'
#   description: Right ascension (ICRS) at Ep=2016.0 (ra)
#   meta: !!omap
#   - {ucd: POS_EQ_RA_MAIN}
#   - {width: 15}
#   - {precision: '11'}
# - name: DE_ICRS_1
#   unit: deg
#   datatype: float64
#   format: '{:15.11f}'
#   description: Declination (ICRS) at Ep=2016.0 (dec)
#   meta: !!omap
#   - {ucd: POS_EQ_DEC_MAIN}
#   - {width: 15}
#   - {precision: '11'}
# - name: e_RA_ICRS
#   unit: mas
#   datatype: float64
#   format: '{:7.4f}'
#   description: Standard error of right ascension (ra_error)
#   meta: !!omap
#   - {ucd: ERROR}
#   - {width: 7}
#   - {precision: '4'}
# - name: e_DE_ICRS
#   unit: mas
#   datatype: float64
#   format: '{:7.4f}'
#   description: Standard error of declination (dec_error)
#   meta: !!omap
#   - {ucd: ERROR}
#   - {width: 7}
#   - {precision: '4'}
# - name: _r_1
#   unit: ''
#   datatype: float64
#   format: '{:7.4f}'
#   description: Distance from center (322.12380992000+51.68890539000)[ICRS], at Epoch=J2016.0
#   meta: !!omap
#   - {ucd: POS_ANG_DIST_GENERAL}
#   - {width: 7}
#   - {precision: '4'}
# - name: HIP
#   datatype: int32
#   description: '? HIP cross-id number, van Leeuwen, Cat. I/311 (hip_original_ext_source_id)'
#   meta: !!omap
#   - {ucd: ID_NUMBER}
#   - {width: 6}
#   - values: {'null': -2147483648}
# - name: TYC2
#   datatype: string
#   description: Tycho-2 cross-id name, Hog et al., Cat. I/259 (tyc2_original_ext_source_id)
#   meta: !!omap
#   - {ucd: ID_CROSSID}
#   - {_votable_string_dtype: char}
# - name: Source
#   datatype: int64
#   description: Source identifier, identical to the Gaia-EDR3 source_id (id)
#   meta: !!omap
#   - {ucd: ID_MAIN}
#   - {width: 19}
# - name: rgeo
#   unit: pc
#   datatype: float64
#   format: '{:15.8f}'
#   description: '? Median of the geometric distance posterior (r_med_geo)'
#   meta: !!omap
#   - {ucd: PHYS_DISTANCE_TRUE}
#   - {width: 15}
#   - {precision: '8'}
#   - values: {'null': .nan}
# - name: Plx
#   unit: mas
#   datatype: float64
#   format: '{:9.4f}'
#   description: '? Parallax (parallax)'
#   meta: !!omap
#   - {ucd: POS_PARLX_TRIG}
#   - {width: 9}
#   - {precision: '4'}
#   - values: {'null': .nan}
# - name: e_Plx
#   unit: mas
#   datatype: float32
#   format: '{:7.4f}'
#   description: '? Standard error of parallax (parallax_error)'
#   meta: !!omap
#   - {ucd: ERROR}
#   - {width: 7}
#   - {precision: '4'}
#   - values: {'null': .nan}
# - name: pmRA
#   unit: mas / yr
#   datatype: float64
#   format: '{:9.3f}'
#   description: '? Proper motion in right ascension direction, pmRA*cosDE (pmra)'
#   meta: !!omap
#   - {ucd: POS_EQ_PMRA}
#   - {width: 9}
#   - {precision: '3'}
#   - values: {'null': .nan}
# - name: pmDE
#   unit: mas / yr
#   datatype: float64
#   format: '{:9.3f}'
#   description: '? Proper motion in declination direction (pmdec)'
#   meta: !!omap
#   - {ucd: POS_EQ_PMDEC}
#   - {width: 9}
#   - {precision: '3'}
#   - values: {'null': .nan}
# - name: e_pmRA
#   unit: mas / yr
#   datatype: float32
#   format: '{:6.3f}'
#   description: '? Standard error of proper motion in right ascension direction (pmra_error)'
#   meta: !!omap
#   - {ucd: ERROR}
#   - {width: 6}
#   - {precision: '3'}
#   - values: {'null': .nan}
# - name: e_pmDE
[...]
#         unit: &id001 !astropy.units.Unit {unit: deg}
#         value: !astropy.table.SerializedColumn {name: SkyCoord.dec}
#       distance: !astropy.table.SerializedColumn
#         __class__: astropy.coordinates.distances.Distance
#         unit: !astropy.units.Unit {unit: pc}
#         value: !astropy.table.SerializedColumn {name: SkyCoord.distance}
#       frame: icrs
#       obstime: !astropy.time.Time {format: jyear_str, in_subfmt: '*', jd1: 367701545.0, jd2: 0.0, out_subfmt: '*', precision: 3, scale: tt}
#       pm_dec: !astropy.table.SerializedColumn
#         __class__: astropy.units.quantity.Quantity
#         unit: !astropy.units.Unit {unit: mas / yr}
#         value: !astropy.table.SerializedColumn {name: SkyCoord.pm_dec}
#       pm_ra_cosdec: !astropy.table.SerializedColumn
#         __class__: astropy.units.quantity.Quantity
#         unit: !astropy.units.Unit {unit: mas / yr}
#         value: !astropy.table.SerializedColumn {name: SkyCoord.pm_ra_cosdec}
#       ra: !astropy.table.SerializedColumn
#         __class__: astropy.coordinates.angles.Longitude
#         unit: *id001
#         value: !astropy.table.SerializedColumn {name: SkyCoord.ra}
#         wrap_angle: !astropy.coordinates.Angle
#           unit: *id001
#           value: 360.0
#       representation_type: spherical
# schema: astropy-2.0
RA_ICRS_1 DE_ICRS_1 e_RA_ICRS e_DE_ICRS _r_1 HIP TYC2 Source rgeo Plx e_Plx pmRA pmDE e_pmRA e_pmDE RUWE Teff logg Gmag BP-RP BPmag RPmag RV e_RV b_rgeo B_rgeo FG e_FG FBP e_FBP FRP e_FRP RAVE5 RAVE6 e_Gmag e_BPmag e_RPmag e_BP-RP SkyCoord.ra SkyCoord.dec SkyCoord.distance SkyCoord.pm_ra_cosdec SkyCoord.pm_dec
[from data line 691]
321.91447070164 51.82831103494 0.0429 0.0399 11.4195 "" "" 2172455176278600960 2115.77686 0.4379 0.0491 -2.013 -2.642 0.055 0.05 1.007 8378.0 4.1646 16.82323 2.087353 17.887756 15.800404 "" "" 1901.26343 2346.75342 3512.80626 2.2156 955.68 8.5041 3793.1 8.6958 "" "" 0.0028391434523759576 0.010056228 0.0045254026 0.014581631 321.91447070164 51.82831103494 2115.77686 -2.0129999999999995 -2.642
321.65938191455 51.8272174531 0.0434 0.0418 19.1409 "" "" 2172497674974297600 1857.80383 0.5119 0.0484 0.518 -1.889 0.057 0.052 1.019 "" "" 16.82524 1.676697 17.625393 15.948696 "" "" 1729.16321 1991.56519 3506.31368 1.9938 1216.9 6.9757 3308.9 7.3597 "" "" 0.002823641619968838 0.0068206317 0.004485032 0.011305664 321.65938191455 51.8272174531 1857.80383 0.518 -1.8890000000000002
322.04698968955 51.93185273103 0.0411 0.0386 14.8528 "" "" 2172457748958547456 2022.44983 0.4762 0.0468 -1.57 -5.299 0.055 0.048 0.981 5334.7 4.36 16.82748 1.679927 17.63208 15.952153 "" "" 1822.12109 2233.18213 3499.08681 2.0152 1209.4 6.7164 3298.4 6.233 "" "" 0.002825382844247157 0.006643909 0.0043003815 0.01094429 322.04698968955 51.93185273103 2022.44983 -1.5699999999999998 -5.2989999999999995
322.58855381347 51.79978012443 0.0389 0.0403 18.5026 "" "" 2172461498471033088 1752.47974 0.5656 0.0463 -1.639 -1.718 0.05 0.047 1.044 5636.0 4.5363 16.827814 1.557841 17.555603 15.997762 "" "" 1592.62927 1880.03223 3498.01238 2.0436 1297.7 10.57 3162.7 8.8901 "" "" 0.0028273898955310105 0.009273232 0.00485777 0.014131002 322.58855381347 51.79978012443 1752.47974 -1.639 -1.718
321.8632046358 51.83395664432 0.0426 0.0412 13.0156 "" "" 2172455966555566976 2387.35962 0.393 0.0486 -2.584 -2.939 0.054 0.051 0.983 9260.5 4.0627 16.827864 1.656671 17.609442 15.952771 "" "" 2185.11646 2637.8457 3497.85227 1.9646 1234.9 7.007 3296.5 8.2167 "" "" 0.0028219960732249636 0.0067630117 0.004648391 0.011411402 321.8632046358 51.83395664432 2387.35962 -2.5840000000000005 -2.939
322.36248750134 51.679087049 0.0407 0.0396 8.8983 "" "" 2172436656379793024 2211.79248 0.4264 0.0465 -2.164 -2.653 0.053 0.048 1.046 "" "" 16.82856 1.841142 17.719732 15.878591 "" "" 2018.67786 2412.18164 3495.60818 2.0012 1115.6 6.9487 3529.6 8.487 "" "" 0.002824560542541997 0.007315668 0.004593404 0.011909071 322.36248750134 51.679087049 2211.79248 -2.1640000000000006 -2.6530000000000005
322.28325394534 51.43243830187 0.0405 0.0408 16.4974 "" "" 2171681120095977088 2542.03833 0.3694 0.046 -2.21 -3.396 0.051 0.052 1.029 7450.8 3.8337 16.830465 1.89764 17.766075 15.868435 "" "" 2306.17285 2879.24707 3489.47911 1.9571 1069.0 7.5949 3562.7 8.6185 "" "" 0.002821808136159075 0.008202916 0.004602413 0.01280533 322.28325394534 51.43243830187 2542.03833 -2.21 -3.3959999999999995
322.04141826221 51.83758302562 0.0416 0.0388 9.4308 "" "" 2172453904968290176 2393.95801 0.3827 0.0473 -2.059 -2.631 0.054 0.048 0.98 9215.6 3.713 16.831675 2.27802 17.979916 15.701896 "" "" 2188.24438 2640.19214 3485.59715 2.0931 877.91 8.6142 4153.4 21.588 "" "" 0.0028314082802634215 0.011012743 0.006791946 0.01780469 322.04141826221 51.83758302562 2393.95801 -2.059 -2.631
321.83350108606 51.6731468878 0.0398 0.0385 10.8415 "" "" 2172445280673690624 2116.74512 0.4476 0.0456 -0.263 -1.945 0.053 0.051 1.018 8344.2 4.2325 16.831867 1.654475 17.616245 15.96177 "" "" 1950.66565 2294.15039 3484.9741 1.8822 1227.2 6.8494 3269.3 7.7466 "" "" 0.002817028386485016 0.0066713393 0.0045718984 0.011243237 321.83350108606 51.6731468878 2116.74512 -0.2629999999999998 -1.945
322.21185758235 51.76427188565 0.0406 0.0445 5.5818 "" "" 2172440985706694656 1769.91589 0.5447 0.0495 2.752 0.664 0.054 0.057 1.003 6500.1 4.2501 16.833504 2.002674 17.847794 15.845119 "" "" 1641.02722 1955.40247 3479.72955 2.0451 991.52 7.4846 3640.1 8.0117 "" "" 0.002828244976087104 0.008657725 0.0044714864 0.013129211 322.21185758235 51.76427188565 1769.91589 2.7519999999999993 0.6639999999999997
321.94032199963 51.41344731752 0.047 0.0449 17.8891 "" "" 2172425936140933632 2336.59644 0.4029 0.0531 -2.307 -3.119 0.058 0.064 0.992 7900.1 4.2713 16.833925 1.809418 17.714497 15.905079 "" "" 2122.7522 2700.45044 3478.37446 2.103 1121.0 7.6063 3444.5 7.2289 "" "" 0.0028324348822849387 0.007877696 0.0044131395 0.012290835 321.94032199963 51.41344731752 2336.59644 -2.307 -3.1190000000000007
322.3358050776 51.60697110759 0.0576 0.0539 9.2983 "" "" 2172435110183498752 2373.61621 0.4269 0.0664 -2.871 -2.787 0.079 0.069 1.128 "" "" 16.834185 1.686698 16.490719 14.804021 "" "" 2009.03381 2707.45337 3477.54804 8.7699 3460.4 264.69 9496.2 854.38 "" "" 0.0038844383239093837 0.08309608 0.097757556 0.18085364 322.3358050776 51.60697110759 2373.61621 -2.871 -2.7869999999999995
321.81096925817 51.8128361234 0.0429 0.0432 13.7959 "" "" 2172450159756643072 2116.34277 0.4508 0.0489 -4.233 -1.081 0.054 0.054 1.007 7170.4 4.2912 16.834435 2.054373 17.880613 15.826241 "" "" 1924.51331 2367.65356 3476.74885 1.9315 961.99 7.4411 3703.9 7.2556 "" "" 0.002820569696312711 0.008849651 0.0043367324 0.013186383 321.81096925817 51.8128361234 2116.34277 -4.233 -1.081
321.64899591178 51.58365350137 0.0504 0.0486 18.7755 "" "" 2172445967868352512 2519.24658 0.3846 0.0565 -3.891 -2.842 0.071 0.064 1.135 7071.0 4.0851 16.834679 2.066307 17.871887 15.80558 "" "" 2178.18384 2990.54224 3475.96325 3.3079 969.75 10.143 3775.1 10.568 "" "" 0.002942681705114469 0.01169389 0.0048499187 0.01654381 321.64899591178 51.58365350137 2519.24658 -3.890999999999999 -2.8419999999999996
321.97244675508 51.99198044925 0.0432 0.0406 19.0305 "" "" 2172505478937243648 2038.82141 0.4784 0.049 -1.567 -3.763 0.058 0.051 1.031 5369.1 4.4688 16.840508 1.608787 17.596315 15.987529 "" "" 1844.00342 2315.11279 3457.35303 2.0376 1249.9 7.2879 3192.6 6.854 "" "" 0.0028286459043200853 0.0069182916 0.0044403635 0.011358655 321.97244675508 51.99198044925 2038.82141 -1.5670000000000002 -3.763
321.86806490894 51.41808953513 0.0438 0.0423 18.843 "" "" 2172428513121302656 2341.11572 0.4014 0.05 -3.736 -3.709 0.058 0.062 0.984 7786.8 4.1303 16.840782 2.302326 18.073502 15.771175 "" "" 2110.56152 2643.27344 3456.48022 2.0461 805.41 7.4394 3896.6 8.9731 "" "" 0.00282928778741081 0.010409618 0.0045315456 0.014941163 321.86806490894 51.41808953513 2341.11572 -3.7360000000000007 -3.7090000000000005
322.31228256929 51.45080388744 0.0399 0.0387 15.9216 "" "" 2171681463693359744 1980.05823 0.4828 0.0456 -5.477 -6.763 0.049 0.048 0.976 7688.7 3.6216 16.842628 1.650215 17.62878 15.978565 "" "" 1818.98328 2183.43823 3450.60839 1.8084 1213.1 7.8543 3219.1 8.2502 "" "" 0.002813461677059865 0.0075631584 0.0046932627 0.012256421 322.31228256929 51.45080388744 1980.05823 -5.476999999999999 -6.762999999999999
322.37128531151 51.48897080207 0.0404 0.0413 15.1332 "" "" 2171683078601220480 2056.56323 0.4613 0.0468 -3.921 -3.212 0.05 0.05 1.03 7995.5 4.3681 16.842817 1.890746 17.768484 15.877738 "" "" 1898.89673 2280.45752 3450.00745 1.8633 1066.7 6.3719 3532.3 6.1908 "" "" 0.0028170274110216153 0.007060327 0.004231396 0.011291724 322.37128531151 51.48897080207 2056.56323 -3.921 -3.2120000000000006
321.96424268485 51.93301828824 0.0429 0.0431 15.7976 "" "" 2172458268655037696 2012.84265 0.4679 0.0504 0.739 -1.912 0.055 0.051 0.951 "" "" 16.844126 1.971115 17.827255 15.85614 "" "" 1849.37524 2238.52075 3445.85227 2.0619 1010.5 7.0211 3603.3 8.8441 "" "" 0.002830877101074005 0.008043304 0.004624425 0.012667729 321.96424268485 51.93301828824 2012.84265 0.739 -1.9119999999999995
322.10363478731 51.72050157933 0.0431 0.0447 2.0388 "" "" 2172439199000296448 2536.83716 0.3573 0.0511 -2.388 -0.885 0.057 0.055 1.059 8203.3 3.7517 16.844679 3.02487 18.605259 15.580389 "" "" 2320.52295 2881.6626 3444.09614 2.465 493.53 8.2606 4645.2 9.8098 "" "" 0.002862803409546086 0.018385768 0.00442052 0.022806287 322.10363478731 51.72050157933 2536.83716 -2.3880000000000003 -0.8849999999999999
321.85607317736 51.57280712169 0.0458 0.0469 12.1636 "" "" 2172443734485492864 1934.42957 0.4925 0.05 -6.042 -4.716 0.062 0.065 0.995 8066.6 4.1853 16.84495 2.028492 17.869713 15.841221 "" "" 1768.20422 2161.80493 3443.23836 1.9687 971.7 9.2419 3653.2 7.0314 "" "" 0.0028243858677714628 0.010696811 0.0043186513 0.015015462 321.85607317736 51.57280712169 1934.42957 -6.042 -4.715999999999999
322.52945142984 51.87632783221 0.0466 0.0468 18.7927 "" "" 2172462872860539264 2230.89209 0.432 0.0547 -1.062 -0.654 0.063 0.057 1.09 7959.3 4.1753 16.845024 2.167818 17.96475 15.796932 "" "" 1959.0072 2602.7207 3442.99854 2.2216 890.26 8.1529 3805.3 9.931 "" "" 0.002842989938522068 0.010327113 0.0047236257 0.015050739 322.52945142984 51.87632783221 2230.89209 -1.062 -0.6540000000000001
321.89393498478 51.47211352399 0.0437 0.044 15.5774 "" "" 2172429303395404288 2566.1748 0.3778 0.0503 -3.142 -5.259 0.063 0.063 0.959 "" "" 16.846577 1.940737 17.819658 15.878922 "" "" 2259.02466 2947.11182 3438.08001 2.0 1017.5 6.152 3528.5 8.2885 "" "" 0.0028267827958876335 0.0071329246 0.004559421 0.011692345 321.89393498478 51.47211352399 2566.1748 -3.1420000000000012 -5.259
322.58977948937 51.54457045574 0.0411 0.04 19.3999 "" "" 2171703900603103360 1782.94873 0.54 0.0469 -3.168 -4.045 0.053 0.048 1.054 9288.9 4.1249 16.847069 2.053316 17.893112 15.839796 "" "" 1634.48682 1934.73401 3436.52275 1.9163 950.98 7.4525 3658.0 7.8962 "" "" 0.002821053478003528 0.008954343 0.004447086 0.013401429 322.58977948937 51.54457045574 1782.94873 -3.168000000000001 -4.045
322.36330777341 51.89206859186 0.0671 0.0794 15.0862 "" "" 2172465514270198272 1912.68481 0.529 0.0835 -4.673 -7.721 0.092 0.105 1.981 "" "" 16.847866 1.624497 17.415602 15.791105 "" "" 1667.68652 2233.36865 3434.00041 3.2271 1476.3 80.622 3825.7 86.613 "" "" 0.002938169853958464 0.05935859 0.024869675 0.08422826 322.36330777341 51.89206859186 1912.68481 -4.673 -7.720999999999998
322.46309088864 51.9019122759 0.0414 0.0419 17.9402 "" "" 2172466132731752832 1985.66711 0.4863 0.0486 -1.725 -1.803 0.057 0.054 1.026 5574.2 4.4891 16.851437 1.593437 17.59417 16.000732 "" "" 1799.8009 2213.28296 3422.72412 2.9012 1252.4 10.056 3154.0 12.546 "" "" 0.0029049516533493558 0.009153411 0.0057390044 0.014892415 322.46309088864 51.9019122759 1985.66711 -1.7249999999999999 -1.8029999999999997
322.20851933766 51.45757327068 0.0402 0.0422 14.2348 "" "" 2171682077864245632 2520.3269 0.3753 0.0477 -2.496 -0.092 0.05 0.051 1.015 "" "" 16.853037 2.169565 17.97787 15.808306 "" "" 2263.09229 2830.6106 3417.68229 1.9123 879.57 6.2276 3765.6 5.5156 "" "" 0.0028214977637233095 0.00817801 0.0041003446 0.012278354 322.20851933766 51.45757327068 2520.3269 -2.496 -0.09200000000000011
321.86977691928 51.59591492542 0.0402 0.0415 10.9816 "" "" 2172443975003657600 2146.47119 0.4464 0.0463 -0.173 -2.185 0.052 0.056 0.994 7984.0 4.2609 16.853575 1.971551 17.840382 15.868831 "" "" 1947.93787 2403.06226 3415.99421 1.7532 998.31 5.7922 3561.4 8.4711 "" "" 0.0028111030994263557 0.006889709 0.0045774584 0.011467167 321.86977691928 51.59591492542 2146.47119 -0.1729999999999996 -2.1850000000000005
322.55304777537 51.81610232964 0.0389 0.0392 17.6759 "" "" 2172461738989192960 1867.51599 0.5196 0.046 -1.688 -1.655 0.052 0.046 0.989 5630.3 4.4842 16.854753 1.558796 17.585293 16.026497 "" "" 1691.02527 2045.76917 3412.28494 1.8053 1262.7 6.8156 3080.1 9.1831 "" "" 0.0028145596390957007 0.006490723 0.004976162 0.011466885 322.55304777537 51.81610232964 1867.51599 -1.688 -1.6550000000000002
322.14129983341 51.70577984883 0.0423 0.0447 1.2034 "" "" 2172438958482138240 2217.92603 0.4325 0.0515 -2.153 -2.617 0.054 0.055 1.06 9250.5 4.1603 16.856438 1.822251 17.751398 15.929147 "" "" 1982.11987 2547.96558 3406.99592 1.9506 1083.6 6.8264 3369.0 8.251 "" "" 0.0028245696282728967 0.007387063 0.0046210806 0.012008144 322.14129983341 51.70577984883 2217.92603 -2.1530000000000005 -2.617
322.41849332407 51.77250326663 0.12 0.1333 12.0449 "" "" 2172460983074816640 2568.83643 0.422 0.1467 -9.798 -3.24 0.153 0.163 3.615 "" "" 16.857052 1.898701 17.69373 15.795029 "" "" 1750.54871 3645.59595 3405.06974 4.7436 1142.7 5.0438 3811.9 8.4186 "" "" 0.0031431769385629835 0.005545432 0.004475872 0.010021305 322.41849332407 51.77250326663 2568.83643 -9.798000000000002 -3.24
322.63827611608 51.58265214283 0.0414 0.0409 20.1913 "" "" 2171704347279697280 1784.20972 0.5424 0.0476 -1.879 -1.298 0.052 0.049 1.019 5389.1 4.2347 16.858013 1.818388 17.744747 15.926359 "" "" 1629.99353 1994.55481 3402.05535 2.0811 1090.2 10.486 3377.6 10.593 "" "" 0.0028342378755898054 0.010809379 0.005087112 0.015896492 322.63827611608 51.58265214283 1784.20972 -1.879 -1.298
322.46502999457 51.6154985198 0.0428 0.0425 13.4442 "" "" 2171708161210615424 1795.29736 0.5202 0.0484 -3.576 -3.134 0.053 0.051 1.009 8387.7 4.2007 16.858109 2.092014 17.917292 15.825277 "" "" 1637.29639 2008.08105 3401.75974 1.985 930.04 8.0754 3707.2 11.381 "" "" 0.0028272204527871846 0.009831521 0.005039227 0.014870748 322.46502999457 51.6154985198 1795.29736 -3.5759999999999996 -3.1340000000000003
322.21371946959 51.74132124917 0.043 0.0446 4.5893 "" "" 2172440539030103680 1834.38403 0.5401 0.0513 -6.286 -6.387 0.057 0.056 1.042 6685.4 4.2887 16.859385 1.821852 17.754671 15.932819 "" "" 1683.26758 2003.56494 3397.76421 1.9268 1080.3 7.8859 3357.6 7.6755 "" "" 0.0028232735184989784 0.008402375 0.0045215106 0.012923885 322.21371946959 51.74132124917 1834.38403 -6.285999999999998 -6.386999999999999
322.40400932718 51.5130324241 0.0421 0.0418 14.8458 "" "" 2171683216040172160 2060.18872 0.4745 0.0486 -3.696 -3.056 0.052 0.05 0.94 "" "" 16.862225 2.175716 17.996054 15.820337 "" "" 1865.03455 2323.19385 3388.88589 1.9852 864.96 6.3979 3724.1 7.6412 "" "" 0.0028277751697875185 0.008501815 0.004387089 0.012888904 322.40400932718 51.5130324241 2060.18872 -3.696000000000001 -3.056000000000001
322.4588227839 51.4235247221 0.0409 0.0418 20.2417 "" "" 2171679539548195584 2026.02039 0.4931 0.0477 -3.359 -2.502 0.05 0.053 0.992 7923.6 3.9398 16.863125 1.950419 17.826546 15.876126 "" "" 1803.83044 2354.33936 3386.0793 2.203 1011.1 5.6966 3537.6 7.4716 "" "" 0.0028444278368712286 0.0067233937 0.0044206544 0.011144048 322.4588227839 51.4235247221 2026.02039 -3.3590000000000004 -2.502
322.44755815951 51.5826542705 0.0397 0.041 13.6379 "" "" 2171684590429696256 1973.78857 0.4859 0.0462 1.232 -1.712 0.05 0.05 1.03 6069.3 4.3512 16.863224 1.66025 17.653193 15.992943 "" "" 1833.7196 2155.32935 3385.76492 2.1279 1186.2 7.6729 3176.7 7.3474 "" "" 0.002838558710047913 0.0075570047 0.0045376057 0.01209461 322.44755815951 51.5826542705 1973.78857 1.232 -1.7119999999999997
322.05821230612 51.47799474336 0.0419 0.0462 12.8888 "" "" 2172427791566933504 2203.06836 0.4258 0.0514 -1.605 -1.345 0.053 0.06 1.068 "" "" 16.863272 1.839339 17.758135 15.918796 "" "" 1986.48462 2485.07983 3385.61788 2.1592 1076.9 9.0771 3401.3 7.9026 "" "" 0.002840995620094792 0.009567468 0.004543926 0.014111394 322.05821230612 51.47799474336 2203.06836 -1.605 -1.345
322.48681452285 51.81491908319 0.0395 0.0397 15.4586 "" "" 2172462632342381056 1742.61182 0.5406 0.0465 3.885 -2.324 0.053 0.048 1.005 "" "" 16.865734 1.932924 17.820433 15.887508 "" "" 1608.26978 1905.67712 3377.94635 1.855 1016.8 11.131 3500.7 9.5407 "" "" 0.0028190924552661573 0.012208756 0.004799958 0.017008714 322.48681452285 51.81491908319 1742.61182 3.8849999999999993 -2.324
322.53021184206 51.65461964603 0.0412 0.0408 15.2615 "" "" 2171708642246951040 1839.46216 0.5063 0.047 0.234 -4.799 0.052 0.051 0.982 6445.7 4.3146 16.868608 1.783176 17.72637 15.943194 "" "" 1710.99878 1975.82654 3369.0209 1.8146 1108.8 6.6436 3325.7 7.2834 "" "" 0.002816695086062952 0.0070785154 0.004465161 0.011543676 322.53021184206 51.65461964603 1839.46216 0.2340000000000002 -4.799
