Clusters/FSR_0306/FSR_0306_stars_in_region.tsv
# %ECSV 1.0
# ---
# datatype:
# - name: RA_ICRS_1
#   unit: deg
#   datatype: float64
#   format: '{:15.11f}'
#   description: Right ascension (ICRS) at Ep=2016.0 (ra)
#   meta: !!omap
#   - {ucd: POS_EQ_RA_MAIN}
#   - {width: 15}
#   - {precision: '11'}
# - name: DE_ICRS_1
#   unit: deg
#   datatype: float64
#   format: '{:15.11f}'
#   description: Declination (ICRS) at Ep=2016.0 (dec)
#   meta: !!omap
#   - {ucd: POS_EQ_DEC_MAIN}
#   - {width: 15}
#   - {precision: '11'}
# - name: e_RA_ICRS
#   unit: mas
#   datatype: float64
#   format: '{:7.4f}'
#   description: Standard error of right ascension (ra_error)
#   meta: !!omap
#   - {ucd: ERROR}
#   - {width: 7}
#   - {precision: '4'}
# - name: e_DE_ICRS
#   unit: mas
#   datatype: float64
#   format: '{:7.4f}'
#   description: Standard error of declination (dec_error)
#   meta: !!omap
#   - {ucd: ERROR}
#   - {width: 7}
#   - {precision: '4'}
# - name: _r_1
#   unit: ''
#   datatype: float64
#   format: '{:7.4f}'
#   description: Distance from center (322.12380992000+51.68890539000)[ICRS], at Epoch=J2016.0
#   meta: !!omap
#   - {ucd: POS_ANG_DIST_GENERAL}
#   - {width: 7}
#   - {precision: '4'}
# - name: HIP
#   datatype: int32
#   description: '? HIP cross-id number, van Leeuwen, Cat. I/311 (hip_original_ext_source_id)'
#   meta: !!omap
#   - {ucd: ID_NUMBER}
#   - {width: 6}
#   - values: {'null': -2147483648}
# - name: TYC2
#   datatype: string
#   description: Tycho-2 cross-id name, Hog et al., Cat. I/259 (tyc2_original_ext_source_id)
#   meta: !!omap
#   - {ucd: ID_CROSSID}
#   - {_votable_string_dtype: char}
# - name: Source
#   datatype: int64
#   description: Source identifier, identical to the Gaia-EDR3 source_id (id)
#   meta: !!omap
#   - {ucd: ID_MAIN}
#   - {width: 19}
# - name: rgeo
#   unit: pc
#   datatype: float64
#   format: '{:15.8f}'
#   description: '? Median of the geometric distance posterior (r_med_geo)'
#   meta: !!omap
#   - {ucd: PHYS_DISTANCE_TRUE}
#   - {width: 15}
#   - {precision: '8'}
#   - values: {'null': .nan}
# - name: Plx
#   unit: mas
#   datatype: float64
#   format: '{:9.4f}'
#   description: '? Parallax (parallax)'
#   meta: !!omap
#   - {ucd: POS_PARLX_TRIG}
#   - {width: 9}
#   - {precision: '4'}
#   - values: {'null': .nan}
# - name: e_Plx
#   unit: mas
#   datatype: float32
#   format: '{:7.4f}'
#   description: '? Standard error of parallax (parallax_error)'
#   meta: !!omap
#   - {ucd: ERROR}
#   - {width: 7}
#   - {precision: '4'}
#   - values: {'null': .nan}
# - name: pmRA
#   unit: mas / yr
#   datatype: float64
#   format: '{:9.3f}'
#   description: '? Proper motion in right ascension direction, pmRA*cosDE (pmra)'
#   meta: !!omap
#   - {ucd: POS_EQ_PMRA}
#   - {width: 9}
#   - {precision: '3'}
#   - values: {'null': .nan}
# - name: pmDE
#   unit: mas / yr
#   datatype: float64
#   format: '{:9.3f}'
#   description: '? Proper motion in declination direction (pmdec)'
#   meta: !!omap
#   - {ucd: POS_EQ_PMDEC}
#   - {width: 9}
#   - {precision: '3'}
#   - values: {'null': .nan}
# - name: e_pmRA
#   unit: mas / yr
#   datatype: float32
#   format: '{:6.3f}'
#   description: '? Standard error of proper motion in right ascension direction (pmra_error)'
#   meta: !!omap
#   - {ucd: ERROR}
#   - {width: 6}
#   - {precision: '3'}
#   - values: {'null': .nan}
# - name: e_pmDE
[...]
#         unit: &id001 !astropy.units.Unit {unit: deg}
#         value: !astropy.table.SerializedColumn {name: SkyCoord.dec}
#       distance: !astropy.table.SerializedColumn
#         __class__: astropy.coordinates.distances.Distance
#         unit: !astropy.units.Unit {unit: pc}
#         value: !astropy.table.SerializedColumn {name: SkyCoord.distance}
#       frame: icrs
#       obstime: !astropy.time.Time {format: jyear_str, in_subfmt: '*', jd1: 367701545.0, jd2: 0.0, out_subfmt: '*', precision: 3, scale: tt}
#       pm_dec: !astropy.table.SerializedColumn
#         __class__: astropy.units.quantity.Quantity
#         unit: !astropy.units.Unit {unit: mas / yr}
#         value: !astropy.table.SerializedColumn {name: SkyCoord.pm_dec}
#       pm_ra_cosdec: !astropy.table.SerializedColumn
#         __class__: astropy.units.quantity.Quantity
#         unit: !astropy.units.Unit {unit: mas / yr}
#         value: !astropy.table.SerializedColumn {name: SkyCoord.pm_ra_cosdec}
#       ra: !astropy.table.SerializedColumn
#         __class__: astropy.coordinates.angles.Longitude
#         unit: *id001
#         value: !astropy.table.SerializedColumn {name: SkyCoord.ra}
#         wrap_angle: !astropy.coordinates.Angle
#           unit: *id001
#           value: 360.0
#       representation_type: spherical
# schema: astropy-2.0
RA_ICRS_1 DE_ICRS_1 e_RA_ICRS e_DE_ICRS _r_1 HIP TYC2 Source rgeo Plx e_Plx pmRA pmDE e_pmRA e_pmDE RUWE Teff logg Gmag BP-RP BPmag RPmag RV e_RV b_rgeo B_rgeo FG e_FG FBP e_FBP FRP e_FRP RAVE5 RAVE6 e_Gmag e_BPmag e_RPmag e_BP-RP SkyCoord.ra SkyCoord.dec SkyCoord.distance SkyCoord.pm_ra_cosdec SkyCoord.pm_dec
[from data line 650]
321.97066872547 51.75866223525 0.0387 0.0421 7.065 "" "" 2172451804723446912 1741.70422 0.5585 0.0461 -5.089 -7.297 0.053 0.055 0.979 6404.1 4.3761 16.74854 1.564374 17.472452 15.908078 "" "" 1609.83533 1920.29333 3762.96677 1.9332 1401.0 6.8242 3435.0 7.7066 "" "" 0.002811213094167697 0.005979463 0.004496372 0.010475835 321.97066872547 51.75866223525 1741.70422 -5.089 -7.297000000000001
321.75135187497 51.78745176186 0.0429 0.0393 15.049 "" "" 2172450056677426688 2027.91821 0.4688 0.0478 -6.334 -5.559 0.065 0.05 0.976 6824.7 4.3095 16.749537 1.757964 17.596869 15.838904 "" "" 1848.64746 2223.54053 3759.52027 2.0994 1249.3 7.9515 3661.0 11.956 "" "" 0.002821238785348666 0.007452478 0.0051822974 0.012634776 321.75135187497 51.78745176186 2027.91821 -6.3340000000000005 -5.558999999999999
322.58338490052 51.78625101425 0.0392 0.0418 18.0471 "" "" 2172461464111297792 1869.77332 0.508 0.0477 -4.303 -6.378 0.051 0.047 1.129 5031.2 4.1802 16.749767 1.669123 17.535576 15.866453 "" "" 1714.797 2028.66431 3758.71642 2.7307 1321.9 7.4625 3569.2 11.336 "" "" 0.0028660026878413437 0.00673448 0.005116146 0.011850626 322.58338490052 51.78625101425 1869.77332 -4.302999999999999 -6.378
322.03001774529 51.488145635 0.0392 0.0419 12.5428 "" "" 2172428066444835072 2481.58691 0.3709 0.0469 -2.794 -2.092 0.052 0.052 1.007 9291.7 3.811 16.750835 1.800149 17.625261 15.825112 "" "" 2227.57812 2757.28491 3755.01984 2.1811 1217.1 6.6604 3707.8 7.8687 "" "" 0.002826571666656835 0.006564057 0.00442638 0.010990437 322.03001774529 51.488145635 2481.58691 -2.794 -2.092
322.51108800623 51.87882710408 0.0411 0.0383 18.3436 "" "" 2172465827798034944 2011.17639 0.4765 0.0459 -1.662 -2.461 0.052 0.049 1.039 "" "" 16.75173 1.86829 17.649004 15.780714 "" "" 1810.15771 2207.15479 3751.93214 2.193 1190.7 11.15 3862.5 14.438 "" "" 0.0028274584462017653 0.010543 0.005545714 0.016088713 322.51108800623 51.87882710408 2011.17639 -1.662 -2.4609999999999994
322.58070004439 51.66278081534 0.1432 0.1304 17.0714 "" "" 2171708023766453632 2175.02832 0.4976 0.1573 -2.518 -0.559 0.183 0.155 3.164 "" "" 16.755896 "" "" "" "" "" 1638.97363 2927.72827 3737.56064 14.617 "" "" "" "" "" "" 0.0050617677211423654 "" "" "" 322.58070004439 51.66278081534 2175.02832 -2.518 -0.5590000000000002
321.94647168565 51.49763791698 0.1172 0.1216 13.2436 "" "" 2172430780864154368 2009.953 0.5315 0.1407 -5.962 -4.734 0.155 0.169 3.042 5246.0 4.7021 16.757349 1.676876 17.519949 15.843073 "" "" 1538.76953 2941.64404 3732.5658 5.6541 1341.0 6.7229 3646.9 9.201 "" "" 0.003208854615580718 0.006116632 0.004667692 0.010784324 321.94647168565 51.49763791698 2009.953 -5.962 -4.734
321.86451846954 51.90331520349 0.0436 0.0422 16.0647 "" "" 2172503657871006208 2544.22925 0.351 0.05 0.502 1.124 0.057 0.054 1.07 7946.0 3.7627 16.757437 2.980342 18.490417 15.510076 "" "" 2277.44727 2864.39697 3732.26035 2.2557 548.59 7.6904 4956.0 10.227 "" "" 0.002832381140359929 0.015474006 0.004393573 0.019867579 321.86451846954 51.90331520349 2544.22925 0.5020000000000002 1.124
321.67654776373 51.59720263567 0.0447 0.0413 17.5385 "" "" 2172446070947568000 2406.00781 0.3858 0.0488 -3.449 -4.237 0.064 0.054 1.009 7769.3 4.0256 16.757778 2.324423 17.972025 15.647602 "" "" 2137.3833 2670.30029 3731.08537 2.1722 884.32 12.349 4366.3 16.953 "" "" 0.0028268968127572584 0.015416252 0.005661699 0.021077951 321.67654776373 51.59720263567 2406.00781 -3.449 -4.237
322.01988122731 51.79154301082 0.0409 0.0366 7.2687 "" "" 2172452320119579392 1748.44836 0.5616 0.0452 -2.02 -1.939 0.05 0.046 1.028 5039.2 4.2842 16.758358 1.674839 17.545963 15.871124 "" "" 1611.3407 1895.10632 3729.09863 2.2254 1309.3 6.0343 3553.9 7.956 "" "" 0.0028304776155241426 0.0057292627 0.004493501 0.010222764 322.01988122731 51.79154301082 1748.44836 -2.02 -1.9390000000000003
322.19358052822 51.41583573338 0.0413 0.0385 16.5897 "" "" 2171675897415582592 2007.59106 0.4782 0.0468 -6.813 -11.129 0.052 0.047 0.977 7125.2 4.329 16.75917 1.6626 17.547298 15.884699 "" "" 1842.52612 2197.69458 3726.30556 2.0508 1307.7 9.1367 3509.8 6.8057 "" "" 0.0028193699737527073 0.008082729 0.0043262024 0.012408931 322.19358052822 51.41583573338 2007.59106 -6.812999999999999 -11.129000000000001
322.15405238221 51.77217954634 0.0824 0.101 5.1213 "" "" 2172452599290133120 2125.11084 0.4666 0.1006 -2.064 -2.593 0.106 0.117 1.679 "" "" 16.76354 2.044918 17.548134 15.503216 "" "" 1774.09497 2579.13086 3711.33641 5.4944 1306.7 14.767 4987.4 29.548 "" "" 0.00318989164908338 0.012583134 0.007460595 0.020043729 322.15405238221 51.77217954634 2125.11084 -2.0640000000000005 -2.5930000000000004
322.27971544967 51.4186417842 0.0406 0.0389 17.2274 "" "" 2171681017016764672 1738.13049 0.5424 0.0468 -2.281 -2.617 0.053 0.049 0.972 7724.2 4.092 16.766045 1.721083 17.592983 15.871901 "" "" 1631.52124 1871.76001 3702.78758 2.122 1253.8 6.8749 3551.4 8.6932 "" "" 0.002824702047199869 0.006574769 0.004620286 0.011195055 322.27971544967 51.4186417842 1738.13049 -2.2810000000000006 -2.617
322.23549604269 51.36419455806 0.0399 0.0396 19.9237 "" "" 2171674797903971840 1819.39172 0.5308 0.0459 -1.311 -2.189 0.05 0.05 1.014 5378.2 4.5938 16.767008 1.486352 17.45189 15.965539 "" "" 1653.578 1990.23193 3699.5031 2.3559 1427.8 7.3065 3257.9 9.9309 "" "" 0.002840746705550485 0.0062172953 0.00502366 0.011240955 322.23549604269 51.36419455806 1819.39172 -1.311 -2.189
322.15272487269 51.42237668958 0.0398 0.0404 16.0281 "" "" 2171676137933747584 2187.69092 0.4387 0.0462 -2.633 -4.119 0.051 0.049 1.012 4861.6 3.5675 16.767008 2.226989 17.934351 15.707362 "" "" 1999.99841 2412.31079 3699.50322 2.0199 915.54 7.5381 4132.5 8.9048 "" "" 0.0028183692826946978 0.009364726 0.004444919 0.013809646 322.15272487269 51.42237668958 2187.69092 -2.633 -4.119
322.32197429536 51.43509695092 0.0399 0.0397 16.9275 "" "" 2171681223175196032 1982.5741 0.4771 0.0462 -2.782 -2.387 0.05 0.049 1.054 8738.0 4.1968 16.76738 1.642636 17.535423 15.892787 "" "" 1809.18774 2191.64917 3698.2385 2.0636 1322.0 7.6188 3483.7 9.11 "" "" 0.00282113920425114 0.0068510943 0.00472705 0.0115781445 322.32197429536 51.43509695092 1982.5741 -2.782 -2.387
321.68055026759 51.73887786843 0.0405 0.0385 16.7489 "" "" 2172449506921479680 2171.81079 0.4502 0.0459 -1.288 -2.454 0.055 0.048 1.037 7057.5 4.1532 16.768911 1.999978 17.780582 15.780604 "" "" 1972.99463 2428.40137 3693.02478 1.8456 1054.8 6.6543 3862.9 8.6495 "" "" 0.0028082385958768303 0.0073959585 0.0044937674 0.011889726 321.68055026759 51.73887786843 2171.81079 -1.2879999999999998 -2.454
321.78160080253 51.6945541782 0.0415 0.0424 12.7325 "" "" 2172448476129348992 2188.48633 0.4243 0.0492 -3.621 -6.147 0.055 0.054 1.079 7198.0 4.2597 16.770365 1.86442 17.687803 15.823383 "" "" 1947.23108 2467.42749 3688.08479 2.2275 1148.9 7.8218 3713.7 8.0057 "" "" 0.0028322787730978155 0.007900848 0.0044454327 0.012346281 321.78160080253 51.6945541782 2188.48633 -3.6210000000000004 -6.147
322.1438615325 51.61355843535 0.0386 0.0412 4.582 "" "" 2172437618452226176 2272.73584 0.4098 0.0461 0.307 -1.525 0.051 0.055 1.008 7986.3 4.0651 16.77051 1.842194 17.658772 15.816578 "" "" 2086.62061 2523.21826 3687.59089 2.213 1180.1 5.9674 3737.0 7.2082 "" "" 0.0028313135899797844 0.006158546 0.0043208334 0.010479379 322.1438615325 51.61355843535 2272.73584 0.30700000000000005 -1.525
322.12218945969 51.90659813174 0.0785 0.0791 13.0617 "" "" 2172454592155275392 1809.03223 0.5615 0.0971 -3.475 -5.664 0.111 0.1 2.107 5239.3 4.3095 16.771513 1.928083 17.550764 15.622681 "" "" 1512.88989 2203.30933 3684.18537 4.6716 1303.5 17.061 4467.7 48.165 "" "" 0.0030801253597860655 0.014482098 0.0123000415 0.02678214 322.12218945969 51.90659813174 1809.03223 -3.4749999999999988 -5.663999999999999
322.15532562406 51.77026860983 0.0401 0.0433 5.0203 "" "" 2172452599298253952 1958.44666 0.4913 0.0471 0.68 -1.271 0.051 0.054 0.989 8016.4 4.3293 16.772385 2.058566 17.820415 15.761849 "" "" 1812.84619 2132.0332 3681.23087 2.0366 1016.8 6.6538 3930.2 8.6548 "" "" 0.0028200346916677993 0.007633137 0.004472166 0.012105303 322.15532562406 51.77026860983 1958.44666 0.6799999999999998 -1.271
322.29107154453 51.83618215852 0.0502 0.0545 10.8012 "" "" 2172464865725234688 1961.84058 0.4822 0.0614 -5.02 -3.693 0.069 0.068 1.519 5148.6 4.1766 16.772804 2.057097 17.766737 15.709641 "" "" 1766.93457 2186.05566 3679.81018 3.6523 1068.4 7.2391 4123.8 9.2555 "" "" 0.002958555818027302 0.007867914 0.004496877 0.012364791 322.29107154453 51.83618215852 1961.84058 -5.02 -3.693
321.92774548174 51.74965207328 0.0483 0.0478 8.1485 "" "" 2172451740304630784 1867.1123 0.4973 0.056 -4.107 -3.108 0.066 0.063 1.267 4793.7 4.275 16.773447 1.735159 17.565773 15.830614 "" "" 1710.25671 2129.03589 3677.63062 3.1666 1285.6 8.2069 3689.0 18.223 "" "" 0.0029095985851914663 0.0074715577 0.0065611866 0.014032744 321.92774548174 51.74965207328 1867.1123 -4.107 -3.1079999999999997
322.01514844287 51.89529103807 0.0425 0.0387 13.0232 "" "" 2172457237862899584 2096.45898 0.4632 0.0478 -1.952 -1.797 0.056 0.047 1.026 5725.6 4.452 16.773493 1.531578 17.481285 15.949707 "" "" 1891.5835 2409.49731 3677.47614 2.04 1389.6 8.392 3305.8 8.2917 "" "" 0.0028203795619950373 0.0071258876 0.00465832 0.011784207 322.01514844287 51.89529103807 2096.45898 -1.952 -1.7970000000000002
322.24343085798 51.62713944287 0.0392 0.0391 5.793 "" "" 2172436037904413824 2270.43579 0.4209 0.0463 -4.576 -8.362 0.052 0.048 1.0 7882.1 4.1405 16.776901 1.715891 17.596985 15.881094 "" "" 2075.74634 2565.01294 3665.9446 1.9909 1249.2 7.5076 3521.4 7.1791 "" "" 0.0028177058463884908 0.0070967046 0.004379874 0.011476578 322.24343085798 51.62713944287 2270.43579 -4.5760000000000005 -8.362000000000002
321.93163774047 51.92755154019 0.0413 0.0391 15.9954 "" "" 2172456825546024832 2014.98792 0.4655 0.0473 -1.646 -1.795 0.052 0.048 0.957 7968.1 3.7833 16.777185 2.264508 17.971756 15.707248 "" "" 1866.21667 2194.25562 3664.98787 2.2291 884.53 7.4284 4132.9 7.9214 "" "" 0.0028333488708834546 0.009535503 0.0043144263 0.013849929 321.93163774047 51.92755154019 2014.98792 -1.6459999999999997 -1.795
321.96848821406 51.70552639528 0.0386 0.039 5.8617 "" "" 2172450640793017856 1833.88037 0.5143 0.0443 0.312 -2.885 0.052 0.049 1.041 5122.2 3.7383 16.778812 2.127076 17.869528 15.742452 "" "" 1718.53223 1956.85168 3659.5007 1.9115 971.86 6.5969 4001.1 8.2434 "" "" 0.0028130796572815734 0.007880368 0.00439176 0.012272129 321.96848821406 51.70552639528 1833.88037 0.31200000000000017 -2.885
322.20542384278 51.38742783548 0.0427 0.0414 18.3433 "" "" 2171675072781870720 2390.52734 0.4141 0.0486 -5.401 -2.93 0.054 0.05 1.073 "" "" 16.781593 1.711508 17.606125 15.894617 "" "" 2116.18433 2778.51074 3650.13694 1.9614 1238.7 8.2039 3477.9 7.9663 "" "" 0.0028164105326701004 0.0077131693 0.004524219 0.012237389 322.20542384278 51.38742783548 2390.52734 -5.401 -2.9300000000000006
322.0489720541 51.46685089522 0.0387 0.0411 13.6124 "" "" 2172427791566934656 1800.96362 0.5291 0.0458 1.88 1.106 0.05 0.053 1.001 5028.7 4.285 16.786959 1.602836 17.540316 15.93748 "" "" 1676.46008 1967.72852 3632.14794 1.9613 1316.1 8.0823 3343.2 8.9727 "" "" 0.002817004298330242 0.0072278706 0.0047723106 0.012000181 322.0489720541 51.46685089522 1800.96362 1.88 1.106
322.27282801589 51.92615326152 0.0425 0.0412 15.2707 "" "" 2172477544468777856 2601.26489 0.364 0.0488 -4.825 -5.051 0.057 0.049 1.002 5380.2 3.4721 16.795364 2.352966 18.046728 15.693762 "" "" 2311.46094 2927.00977 3604.13345 2.23 825.52 8.5048 4184.6 10.88 "" "" 0.0028360325022511817 0.01152838 0.004717269 0.016245648 322.27282801589 51.92615326152 2601.26489 -4.825 -5.051
321.89462455672 51.6184095087 0.0382 0.0408 9.5224 "" "" 2172444112442607872 2153.14722 0.4423 0.0458 -2.049 -2.818 0.05 0.057 1.034 5117.8 4.3672 16.796316 1.566294 17.53339 15.967096 "" "" 1975.41052 2435.3064 3600.97449 2.0349 1324.5 7.2513 3253.3 12.198 "" "" 0.0028228050609406686 0.006566408 0.0055548023 0.01212121 321.89462455672 51.6184095087 2153.14722 -2.049 -2.8180000000000005
321.70297139062 51.53504785407 0.0436 0.0429 18.1957 "" "" 2172442665032772608 2413.80542 0.3832 0.0502 -2.384 -2.067 0.056 0.053 1.009 9309.3 4.1653 16.79834 1.875642 17.716715 15.841073 "" "" 2177.52539 2730.07544 3594.26849 2.0183 1118.7 7.9545 3653.7 7.7522 "" "" 0.0028219665064843926 0.008208848 0.004426119 0.0126349665 321.70297139062 51.53504785407 2413.80542 -2.384 -2.0669999999999997
321.78022258056 51.64426816474 0.0399 0.0398 13.0638 "" "" 2172445108874999552 1868.3772 0.4937 0.0464 -3.155 -3.225 0.053 0.054 0.975 7113.1 4.2298 16.802242 2.390064 18.069412 15.679348 "" "" 1710.07373 2018.12427 3581.37254 2.0427 808.45 6.7147 4240.5 13.733 "" "" 0.0028240544610301736 0.009439529 0.005162106 0.014601635 321.78022258056 51.64426816474 1868.3772 -3.1550000000000002 -3.225
322.06871121648 51.97308880211 0.0425 0.0387 17.173 "" "" 2172458646612307200 2469.34717 0.3814 0.0474 -2.301 -6.575 0.056 0.047 0.98 7075.7 4.0791 16.806202 2.262006 18.000854 15.738849 "" "" 2209.89551 2830.823 3568.34094 2.1546 861.14 6.8655 4014.4 7.3254 "" "" 0.002832238053024794 0.009094683 0.0042672004 0.013361884 322.06871121648 51.97308880211 2469.34717 -2.301 -6.575
321.89432452353 51.62959119661 0.0387 0.0429 9.2532 "" "" 2172444490399726208 2005.23633 0.4705 0.046 -1.395 -2.488 0.051 0.063 1.022 5323.7 4.3147 16.810293 1.583087 17.55162 15.968533 "" "" 1839.44568 2176.42822 3554.92011 1.8622 1302.5 5.9239 3249.0 8.1179 "" "" 0.002813408086232844 0.0056717945 0.004652207 0.010324001 321.89432452353 51.62959119661 2005.23633 -1.3950000000000002 -2.4880000000000004
322.18854849845 51.88392367267 0.0435 0.0425 11.9453 "" "" 2172454282925554688 1760.81458 0.557 0.0502 -1.765 -3.173 0.059 0.053 1.112 5688.4 4.541 16.810589 1.55799 17.496147 15.938157 "" "" 1594.03247 1939.323 3553.94648 2.5665 1370.7 5.885 3341.1 7.9702 "" "" 0.0028647084802667956 0.0054327617 0.004581698 0.0100144595 322.18854849845 51.88392367267 1760.81458 -1.7649999999999997 -3.173
321.66723816349 51.77080546814 0.0477 0.0436 17.6644 "" "" 2172496511045180032 1818.78809 0.5175 0.0536 -0.1 -1.222 0.062 0.051 1.059 8201.3 4.42 16.812897 1.760544 17.666471 15.905928 "" "" 1661.48865 2007.90857 3546.40234 2.1203 1171.7 7.6964 3441.8 10.587 "" "" 0.0028307530616936707 0.0076581184 0.005043564 0.012701683 321.66723816349 51.77080546814 1818.78809 -0.10000000000000009 -1.222
322.62359145079 51.83634646048 0.043 0.0455 20.56 "" "" 2172462116946319616 1747.94202 0.5385 0.0512 -1.803 -1.229 0.056 0.053 1.077 9215.9 4.1408 16.813927 1.900872 17.75077 15.849898 "" "" 1604.72449 1977.59534 3543.04112 2.2465 1084.2 6.3251 3624.1 8.7693 "" "" 0.0028400200311663876 0.0069213724 0.004602801 0.011524173 322.62359145079 51.83634646048 1747.94202 -1.803 -1.229
321.78472971351 51.46194417145 0.0461 0.0455 18.5825 "" "" 2172429784434887552 1968.51184 0.4598 0.0521 -2.79 -5.984 0.06 0.062 0.986 8172.4 3.9564 16.814495 2.585265 18.231169 15.645904 "" "" 1796.21606 2215.41895 3541.18848 6.0974 696.55 10.785 4373.2 33.59 "" "" 0.003329674282026612 0.01704092 0.009155839 0.02619676 321.78472971351 51.46194417145 1968.51184 -2.7900000000000005 -5.984000000000001
322.00628707041 51.88287688587 0.0437 0.0409 12.4289 "" "" 2172457134783686528 1786.84167 0.5494 0.0498 -3.295 -7.312 0.057 0.049 1.066 4990.6 4.332 16.818178 1.578903 17.558914 15.980011 "" "" 1634.18103 1950.6106 3529.19204 1.85 1293.8 10.552 3214.8 7.7281 "" "" 0.0028134875479432727 0.0092842495 0.004593028 0.013877278 322.00628707041 51.88287688587 1786.84167 -3.295000000000001 -7.311999999999999
