Clusters/UBC_432/UBC_432_stars_in_region.tsv
# %ECSV 1.0
# ---
# datatype:
# - name: RA_ICRS_1
#   unit: deg
#   datatype: float64
#   format: '{:15.11f}'
#   description: Right ascension (ICRS) at Ep=2016.0 (ra)
#   meta: !!omap
#   - {ucd: POS_EQ_RA_MAIN}
#   - {width: 15}
#   - {precision: '11'}
# - name: DE_ICRS_1
#   unit: deg
#   datatype: float64
#   format: '{:15.11f}'
#   description: Declination (ICRS) at Ep=2016.0 (dec)
#   meta: !!omap
#   - {ucd: POS_EQ_DEC_MAIN}
#   - {width: 15}
#   - {precision: '11'}
# - name: e_RA_ICRS
#   unit: mas
#   datatype: float64
#   format: '{:7.4f}'
#   description: Standard error of right ascension (ra_error)
#   meta: !!omap
#   - {ucd: ERROR}
#   - {width: 7}
#   - {precision: '4'}
# - name: e_DE_ICRS
#   unit: mas
#   datatype: float64
#   format: '{:7.4f}'
#   description: Standard error of declination (dec_error)
#   meta: !!omap
#   - {ucd: ERROR}
#   - {width: 7}
#   - {precision: '4'}
# - name: _r_1
#   unit: ''
#   datatype: float64
#   format: '{:7.4f}'
#   description: Distance from center (079.03490928000+39.52889505000)[ICRS], at Epoch=J2016.0
#   meta: !!omap
#   - {ucd: POS_ANG_DIST_GENERAL}
#   - {width: 7}
#   - {precision: '4'}
# - name: HIP
#   datatype: int32
#   description: '? HIP cross-id number, van Leeuwen, Cat. I/311 (hip_original_ext_source_id)'
#   meta: !!omap
#   - {ucd: ID_NUMBER}
#   - {width: 6}
#   - values: {'null': -2147483648}
# - name: TYC2
#   datatype: string
#   description: Tycho-2 cross-id name, Hog et al., Cat. I/259 (tyc2_original_ext_source_id)
#   meta: !!omap
#   - {ucd: ID_CROSSID}
#   - {_votable_string_dtype: char}
# - name: Source
#   datatype: int64
#   description: Source identifier, identical to the Gaia-EDR3 source_id (id)
#   meta: !!omap
#   - {ucd: ID_MAIN}
#   - {width: 19}
# - name: rgeo
#   unit: pc
#   datatype: float64
#   format: '{:15.8f}'
#   description: '? Median of the geometric distance posterior (r_med_geo)'
#   meta: !!omap
#   - {ucd: PHYS_DISTANCE_TRUE}
#   - {width: 15}
#   - {precision: '8'}
#   - values: {'null': .nan}
# - name: Plx
#   unit: mas
#   datatype: float64
#   format: '{:9.4f}'
#   description: '? Parallax (parallax)'
#   meta: !!omap
#   - {ucd: POS_PARLX_TRIG}
#   - {width: 9}
#   - {precision: '4'}
#   - values: {'null': .nan}
# - name: e_Plx
#   unit: mas
#   datatype: float32
#   format: '{:7.4f}'
#   description: '? Standard error of parallax (parallax_error)'
#   meta: !!omap
#   - {ucd: ERROR}
#   - {width: 7}
#   - {precision: '4'}
#   - values: {'null': .nan}
# - name: pmRA
#   unit: mas / yr
#   datatype: float64
#   format: '{:9.3f}'
#   description: '? Proper motion in right ascension direction, pmRA*cosDE (pmra)'
#   meta: !!omap
#   - {ucd: POS_EQ_PMRA}
#   - {width: 9}
#   - {precision: '3'}
#   - values: {'null': .nan}
# - name: pmDE
#   unit: mas / yr
#   datatype: float64
#   format: '{:9.3f}'
#   description: '? Proper motion in declination direction (pmdec)'
#   meta: !!omap
#   - {ucd: POS_EQ_PMDEC}
#   - {width: 9}
#   - {precision: '3'}
#   - values: {'null': .nan}
# - name: e_pmRA
#   unit: mas / yr
#   datatype: float32
#   format: '{:6.3f}'
#   description: '? Standard error of proper motion in right ascension direction (pmra_error)'
#   meta: !!omap
#   - {ucd: ERROR}
#   - {width: 6}
#   - {precision: '3'}
#   - values: {'null': .nan}
# - name: e_pmDE
[...]
#         value: !astropy.table.SerializedColumn {name: SkyCoord.dec}
#       distance: !astropy.table.SerializedColumn
#         __class__: astropy.coordinates.distances.Distance
#         unit: !astropy.units.Unit {unit: pc}
#         value: !astropy.table.SerializedColumn {name: SkyCoord.distance}
#       frame: icrs
#       obstime: !astropy.time.Time {format: jyear_str, in_subfmt: '*', jd1: 367701545.0, jd2: 0.0, out_subfmt: '*', precision: 3, scale: tt}
#       pm_dec: !astropy.table.SerializedColumn
#         __class__: astropy.units.quantity.Quantity
#         unit: !astropy.units.Unit {unit: mas / yr}
#         value: !astropy.table.SerializedColumn {name: SkyCoord.pm_dec}
#       pm_ra_cosdec: !astropy.table.SerializedColumn
#         __class__: astropy.units.quantity.Quantity
#         unit: !astropy.units.Unit {unit: mas / yr}
#         value: !astropy.table.SerializedColumn {name: SkyCoord.pm_ra_cosdec}
#       ra: !astropy.table.SerializedColumn
#         __class__: astropy.coordinates.angles.Longitude
#         unit: *id001
#         value: !astropy.table.SerializedColumn {name: SkyCoord.ra}
#         wrap_angle: !astropy.coordinates.Angle
#           unit: *id001
#           value: 360.0
#       representation_type: spherical
# schema: astropy-2.0
RA_ICRS_1 DE_ICRS_1 e_RA_ICRS e_DE_ICRS _r_1 HIP TYC2 Source rgeo Plx e_Plx pmRA pmDE e_pmRA e_pmDE RUWE Teff logg Gmag BP-RP BPmag RPmag RV e_RV b_rgeo B_rgeo FG e_FG FBP e_FBP FRP e_FRP RAVE5 RAVE6 e_Gmag e_BPmag e_RPmag e_BP-RP SkyCoord.ra SkyCoord.dec SkyCoord.distance SkyCoord.pm_ra_cosdec SkyCoord.pm_dec rmRA rmDE e_rmRA e_rmDE rRV e_rRV v_pec v_pec3d e_vpec e_vpec3d
[from data line 447]
78.76876056719 39.31545968758 0.0649 0.0384 17.7811 "" "" 188621460264214272 2843.29443 0.3451 0.0718 -0.108 -1.605 0.088 0.064 1.054 "" "" 16.80704 1.127102 17.285347 16.158245 "" "" 2298.93359 3386.76001 3565.58608 1.9916 1664.5 6.929 2728.1 9.7544 "" "" 0.0028212713137483196 0.005311579 0.005417959 0.010729538 78.76876056719 39.31545968758 2843.29443 -0.10799999999999993 -1.605 -0.38280000257492064 0.3072666120529175 0.19169328 0.16769327 "" "" 6.615495694639123 "" 1.2084213291024706 ""
78.84226623182 39.77674162467 0.0539 0.034 17.3302 "" "" 188707089030265600 2554.89307 0.378 0.068 1.56 -3.777 0.073 0.054 1.004 6332.4 4.48 16.811167 1.34384 17.406836 16.062996 "" "" 2223.47974 2961.14209 3552.05824 2.0877 1488.3 7.848 2978.2 8.046 "" "" 0.0028282512533411787 0.006368932 0.004784113 0.011153044 78.84226623182 39.77674162467 2554.89307 1.5599999999999996 -3.777000000000003 1.2851999974250794 -1.8647333879470827 0.17669326 0.15769327 "" "" 27.426231293691007 "" 4.499340212737466 ""
78.70892102388 39.6488177542 0.0623 0.037 16.7024 "" "" 188699147633810048 3074.36133 0.3262 0.072 1.347 -0.396 0.08 0.063 0.998 5455.5 4.6725 16.815722 1.252235 17.368248 16.116013 "" "" 2522.56201 4210.67627 3537.1877 2.093 1542.1 8.8926 2836.3 10.519 "" "" 0.0028292267386783995 0.006854532 0.005522485 0.012377016 78.70892102388 39.6488177542 3074.36133 1.347 -0.3959999999999999 1.0721999974250793 1.5162666120529176 0.18369326 0.16669327 "" "" 27.06197746367959 "" 4.66944690417692 ""
79.30680234842 39.34263691356 0.0618 0.033 16.8416 "" "" 188633043794636672 2338.62866 0.4055 0.0672 3.585 -5.228 0.075 0.057 0.965 5635.6 4.6024 16.816008 1.484358 17.501726 16.017368 "" "" 2072.02979 2803.31543 3536.25579 2.1121 1363.7 9.3701 3106.1 8.0408 "" "" 0.0028306029117376157 0.007964888 0.0047099395 0.012674827 79.30680234842 39.34263691356 2338.62866 3.585 -5.228 3.3101999974250793 -3.3157333879470823 0.17869326 0.16069327 "" "" 51.936398244224975 "" 8.824864276197298 ""
78.75556921161 39.40826206493 0.0841 0.0457 14.8255 "" "" 188623079470191616 2639.18945 0.3949 0.0857 -3.158 -0.772 0.099 0.075 0.954 5267.9 4.7323 16.818474 1.325686 17.405674 16.079988 "" "" 2164.31934 3888.18384 3528.2354 2.4712 1489.9 9.8028 2932.0 9.254 "" "" 0.0028583359109138496 0.0076691667 0.005101641 0.012770807 78.75556921161 39.40826206493 2639.18945 -3.158 -0.772 -3.4328000025749206 1.1402666120529175 0.20269327 0.17869326 "" "" 45.25062163974857 "" 9.069898381160419 ""
78.82123234382 39.46417568357 0.0993 0.039 10.628 "" "" 188646749032229120 2450.68359 0.4825 0.11 0.791 -1.883 0.15 0.073 1.009 5207.5 4.7577 16.819204 1.31579 17.374796 16.059006 "" "" 1866.10828 6488.77979 3525.85771 2.4754 1532.8 31.217 2989.2 54.463 "" "" 0.0028588169573778425 0.022287438 0.020139825 0.042427264 78.82123234382 39.46417568357 2450.68359 0.7909999999999999 -1.883 0.5161999974250794 0.029266612052917473 0.25369328 0.17669326 "" "" 6.005932895361687 "" 1.522407396725792 ""
79.1410196048 39.68579143466 0.053 0.0331 10.615 "" "" 188653625277309184 2190.25659 0.4477 0.0643 0.458 -1.011 0.077 0.058 0.951 5662.4 4.6464 16.820301 1.254858 17.375904 16.121046 "" "" 1910.19946 2501.05688 3522.30233 2.0318 1531.3 9.4009 2823.2 9.1825 "" "" 0.0028256033399263526 0.007225931 0.005172458 0.012398389 79.1410196048 39.68579143466 2190.25659 0.4580000000000001 -1.011 0.18319999742507936 0.9012666120529176 0.18069327 0.16169327 "" "" 9.548131869343132 "" 1.5514712637158157 ""
79.41124810064 39.67025638703 0.0527 0.0307 19.3558 "" "" 188734370662877440 2570.35815 0.3814 0.0619 0.959 -2.652 0.08 0.058 1.045 5464.5 4.6077 16.827599 1.406765 17.47163 16.064865 "" "" 2199.70508 2962.26831 3498.70187 1.7491 1402.1 7.1554 2973.1 9.3084 "" "" 0.002808275379038551 0.006203746 0.005083206 0.011286952 79.41124810064 39.67025638703 2570.35815 0.9589999999999999 -2.652 0.6841999974250793 -0.7397333879470827 0.18369326 0.16169327 "" "" 12.276559917630241 "" 2.1138536900541753 ""
79.15964663375 39.48686353668 0.0602 0.0355 6.3011 "" "" 188638541352765568 2766.51733 0.3623 0.0753 0.454 -1.523 0.082 0.063 1.037 9190.7 4.4863 16.839552 1.146872 17.323812 16.17694 "" "" 2319.1897 3420.67017 3460.39508 1.8149 1606.5 7.7059 2681.5 10.135 "" "" 0.0028135487083249845 0.005908283 0.005578859 0.011487141 79.15964663375 39.48686353668 2766.51733 0.4540000000000001 -1.5230000000000006 0.17919999742507936 0.38926661205291757 0.18569326 0.16669327 "" "" 5.619487636934802 "" 0.9562617199951379 ""
79.40044565162 39.6937318697 0.0504 0.0304 19.578 "" "" 188735195296593408 2343.12329 0.409 0.0581 -1.771 -1.549 0.077 0.054 1.052 6082.6 4.5981 16.84342 1.294949 17.412598 16.11765 "" "" 2070.52979 2725.00391 3448.0916 1.7224 1480.4 8.6931 2832.0 11.66 "" "" 0.002808190296440069 0.0069593894 0.005853773 0.012813162 79.40044565162 39.6937318697 2343.12329 -1.7710000000000004 -1.5489999999999995 -2.0458000025749206 0.36326661205291755 0.18069327 0.15769327 "" "" 23.0769069407596 "" 4.154622872787854 ""
79.36731062399 39.3240520843 0.0689 0.0405 19.7076 "" "" 187882210495420160 2230.91846 0.4449 0.0786 0.953 -1.722 0.091 0.067 1.305 8289.4 4.3168 16.844162 1.372164 17.425861 16.053698 "" "" 1892.69751 2673.7312 3445.73833 2.5379 1462.4 9.8976 3003.9 9.3542 "" "" 0.0028690204498570517 0.007860207 0.0050709867 0.012931194 79.36731062399 39.3240520843 2230.91846 0.953 -1.722 0.6781999974250793 0.1902666120529175 0.19469327 0.17069328 "" "" 7.448544796932708 "" 1.4378900232223761 ""
78.98136685976 39.67350277785 0.0535 0.0335 9.0226 "" "" 188655751285157376 2454.30054 0.3957 0.0635 1.732 0.1 0.076 0.056 1.028 6003.2 4.4064 16.84594 1.381609 17.47256 16.090952 "" "" 2113.36743 2795.08179 3440.09677 1.8465 1400.9 8.5214 2902.5 8.3511 "" "" 0.002816277557233006 0.007169525 0.0049033067 0.012072831 78.98136685976 39.67350277785 2454.30054 1.7319999999999998 0.10000000000000005 1.4571999974250793 2.0122666120529176 0.17969327 0.15969327 "" "" 28.90292971955696 "" 4.8222842214098485 ""
79.2827787752 39.73737231563 0.0521 0.0315 16.9603 "" "" 188747461723101312 2714.34497 0.3551 0.0648 -0.532 -2.176 0.08 0.056 0.986 7469.6 4.4188 16.847315 1.170849 17.347054 16.176205 "" "" 2327.34448 3342.29712 3435.74444 1.7396 1572.5 5.9044 2683.3 6.8087 "" "" 0.002809625808612974 0.004940099 0.0046769297 0.009617029 79.2827787752 39.73737231563 2714.34497 -0.532 -2.176 -0.8068000025749207 -0.2637333879470827 0.18369326 0.15969327 "" "" 10.920809056281753 "" 1.9822878251381093 ""
79.32399194027 39.69156929587 0.05 0.0303 16.5476 "" "" 188735362796256128 2163.05396 0.4351 0.0636 0.322 -2.209 0.075 0.055 1.001 5499.5 4.638 16.854618 1.257185 17.4084 16.151215 "" "" 1857.47314 2467.7251 3412.71392 1.7293 1486.1 7.6075 2745.8 6.8051 "" "" 0.002809710565196045 0.006219033 0.004639441 0.010858474 79.32399194027 39.69156929587 2163.05396 0.3219999999999997 -2.2089999999999996 0.047199997425079354 -0.2967333879470826 0.17869326 0.15869327 "" "" 3.0806188367502867 "" 0.4904870530220432 ""
79.41376472099 39.36676764288 0.0568 0.0327 20.0684 "" "" 187883859762883712 2421.16626 0.3999 0.0667 -0.216 -1.239 0.08 0.055 1.01 7484.2 4.2533 16.857775 1.466034 17.50101 16.034977 "" "" 2122.0686 2846.73584 3402.80552 1.9119 1364.6 7.6888 3056.1 9.182 "" "" 0.0028220432314948903 0.0067237983 0.004992481 0.011716279 79.41376472099 39.36676764288 2421.16626 -0.21600000000000008 -1.239000000000001 -0.4908000025749206 0.6732666120529174 0.18369326 0.15869327 "" "" 9.561734495185952 "" 1.604373543661042 ""
78.78651038437 39.80667986787 0.0532 0.0345 20.2338 "" "" 188708154182160896 2541.39917 0.3919 0.064 0.286 -1.622 0.073 0.054 1.02 8244.6 4.3688 16.86323 1.246969 17.408882 16.161913 "" "" 2171.08716 3078.50659 3385.75027 1.8554 1485.5 9.59 2718.9 11.3 "" "" 0.002818829197823394 0.007544159 0.005886057 0.013430215 78.78651038437 39.80667986787 2541.39917 0.28599999999999964 -1.6219999999999999 0.011199997425079322 0.29026661205291737 0.17669326 0.15769327 "" "" 3.4992209166785466 "" 0.5519083593884365 ""
79.21255869343 39.58661891569 0.0556 0.0333 8.9179 "" "" 188652147809127552 2379.86426 0.4351 0.0702 0.221 -5.817 0.082 0.059 1.016 5535.2 4.6348 16.866325 1.404844 17.49901 16.094166 "" "" 1993.46643 2957.26221 3376.1082 1.8998 1367.1 7.4675 2894.0 7.4268 "" "" 0.002822244980036906 0.006554172 0.0046954425 0.011249615 79.21255869343 39.58661891569 2379.86426 0.22099999999999986 -5.816999999999992 -0.05380000257492065 -3.9047333879470827 0.18569326 0.16269326 "" "" 44.051746700686145 "" 7.167128267012571 ""
79.01918543069 39.43279179082 0.0591 0.0351 5.812 "" "" 188643660953359488 2695.31152 0.3491 0.0682 5.126 1.838 0.078 0.059 0.995 6145.0 4.4429 16.871714 1.295608 17.44262 16.14701 "" "" 2306.78516 3248.17163 3359.39885 1.7993 1440.0 10.914 2756.5 7.4281 "" "" 0.002816018016756693 0.008689135 0.004779541 0.013468676 79.01918543069 39.43279179082 2695.31152 5.126000000000001 1.8380000000000005 4.85119999742508 3.7502666120529176 0.18169327 0.16269326 "" "" 78.33816303211532 "" 13.69569302789848 ""
79.17104551065 39.71512392438 0.0528 0.0326 12.8233 "" "" 188654136377517696 2351.83472 0.4191 0.0646 -0.44 -1.743 0.078 0.059 1.029 8161.1 4.3134 16.873358 1.307249 17.455841 16.148592 "" "" 1993.83276 2815.76709 3354.31145 3.4469 1422.6 9.6049 2752.5 11.367 "" "" 0.0029726399367270588 0.007843562 0.0058641173 0.01370768 79.17104551065 39.71512392438 2351.83472 -0.43999999999999995 -1.743 -0.7148000025749206 0.16926661205291738 0.18169327 0.16269326 "" "" 8.188741805984945 "" 1.4799892032042887 ""
79.31486884165 39.40109944793 0.0588 0.0328 15.0652 "" "" 188634035928773376 3069.58569 0.3348 0.0622 1.64 -1.178 0.079 0.055 1.036 6065.4 4.4724 16.879864 1.409714 17.514849 16.105135 "" "" 2521.5083 3643.17432 3334.27537 1.7132 1347.3 8.8583 2864.9 11.493 "" "" 0.0028112284320503853 0.0076644653 0.0057667154 0.01343118 79.31486884165 39.40109944793 3069.58569 1.6399999999999997 -1.1780000000000002 1.3651999974250792 0.7342666120529175 0.18269327 0.15869327 "" "" 22.554210162408882 "" 4.005420100587046 ""
78.93476763759 39.28360438984 0.0926 0.0476 15.4323 "" "" 188641045314978816 2165.22827 0.4501 0.0811 3.331 -6.326 0.111 0.074 0.975 5577.2 4.644 16.886429 1.46386 17.547983 16.084124 "" "" 1873.78674 2547.56421 3314.17494 2.0631 1306.8 6.5653 2920.8 10.813 "" "" 0.0028370058662116433 0.0061268783 0.0055172327 0.011644111 78.93476763759 39.28360438984 2165.22827 3.3309999999999995 -6.3260000000000005 3.0561999974250793 -4.413733387947082 0.21469328 0.17769328 "" "" 55.09847430006507 "" 10.494769937290265 ""
78.74956665204 39.7866734638 0.0579 0.0371 20.3211 "" "" 188702136932151680 2398.01221 0.4022 0.0669 -1.179 -1.908 0.076 0.054 1.023 6213.5 4.2895 16.888096 1.445068 17.548721 16.103653 "" "" 2057.49731 3316.34106 3309.08633 2.07 1306.0 7.9771 2868.8 9.0964 "" "" 0.002837794628051331 0.007194773 0.005112299 0.012307072 78.74956665204 39.7866734638 2398.01221 -1.179 -1.908 -1.4538000025749207 0.004266612052917562 0.17969327 0.15769327 "" "" 16.524802108540356 "" 2.969392733737653 ""
79.43808918662 39.63683990213 0.0618 0.0355 19.7368 "" "" 188734091485870208 2961.19165 0.3451 0.0709 -0.628 -0.417 0.088 0.063 1.14 8582.6 4.424 16.8896 1.284273 17.436205 16.151932 "" "" 2407.6936 3867.82202 3304.50391 2.3707 1448.6 5.3249 2744.0 9.4106 "" "" 0.002863304152935455 0.004869655 0.0053055226 0.010175178 79.43808918662 39.63683990213 2961.19165 -0.6280000000000001 -0.41700000000000004 -0.9028000025749207 1.4952666120529174 0.19169328 0.16669327 "" "" 24.51640093409708 "" 4.259102482561402 ""
78.77566469592 39.56800175717 0.07 0.0407 12.2214 "" "" 188694822603808896 2313.56226 0.4258 0.0737 0.735 -2.149 0.087 0.065 1.098 6364.2 4.4216 16.893805 1.19117 17.297016 16.105846 "" "" 1959.49768 2750.02441 3291.73284 2.5115 1646.7 7.3297 2863.0 8.2203 "" "" 0.0028771536572486595 0.0055803857 0.0048991656 0.010479551 78.77566469592 39.56800175717 2313.56226 0.7349999999999998 -2.149 0.46019999742507933 -0.23673338794708254 0.19069326 0.16869327 "" "" 5.675269584949059 "" 1.0573300751454906 ""
79.124986095 39.39703663583 0.0652 0.0364 8.9444 "" "" 188631806844075648 2645.97998 0.3818 0.0735 -0.595 -0.893 0.082 0.059 0.951 7607.9 4.448 16.896925 1.288315 17.459133 16.170818 "" "" 2253.18774 3227.99658 3282.28862 1.8542 1418.3 7.5168 2696.7 8.8774 "" "" 0.0028227610989910246 0.006395038 0.0052017835 0.011596821 79.124986095 39.39703663583 2645.97998 -0.5950000000000001 -0.893 -0.8698000025749206 1.0192666120529175 0.18569326 0.16269326 "" "" 16.805534735836694 "" 2.9032986055690015 ""
79.19840437753 39.71444387486 0.0572 0.034 13.455 "" "" 188654106313611648 2405.4082 0.425 0.0696 0.798 -2.708 0.085 0.061 1.031 5438.6 4.6774 16.900719 1.29813 17.47446 16.17633 "" "" 2046.83887 2816.37988 3270.84069 1.9564 1398.4 11.855 2683.0 10.626 "" "" 0.002830817860824912 0.009617984 0.005724871 0.015342856 79.19840437753 39.71444387486 2405.4082 0.7980000000000007 -2.708 0.5231999974250794 -0.7957333879470827 0.18869327 0.16469327 "" "" 10.858103567905887 "" 1.8707404032718387 ""
79.41007877997 39.70145698116 0.0506 0.0307 20.1964 "" "" 188736672765338624 2536.48853 0.3994 0.0601 1.097 -3.035 0.078 0.055 1.035 6050.4 4.467 16.902832 1.334293 17.49451 16.160217 "" "" 2200.70386 3067.42285 3264.4792 1.6937 1372.8 8.7223 2723.1 7.7866 "" "" 0.0028123134077898365 0.007441296 0.004891053 0.012332348 79.41007877997 39.70145698116 2536.48853 1.097 -3.035 0.8221999974250793 -1.1227333879470827 0.18169327 0.15869327 "" "" 16.731112815278852 "" 2.7954720890044014 ""
79.32383638411 39.78186278966 0.0537 0.0325 20.2115 "" "" 188747629223002368 2897.03589 0.3357 0.0702 2.503 -2.877 0.086 0.061 1.069 5528.4 4.6417 16.904642 1.25987 17.462358 16.202488 "" "" 2444.6272 3486.43774 3259.04183 1.8364 1414.1 7.2392 2619.2 9.4549 "" "" 0.002822423636542063 0.0062192217 0.0054447157 0.011663938 79.32383638411 39.78186278966 2897.03589 2.502999999999998 -2.876999999999999 2.2281999974250795 -0.9647333879470823 0.18969327 0.16469327 "" "" 33.34231091698296 "" 6.200674910185383 ""
79.02677559471 39.72489752938 0.059 0.0351 11.7662 "" "" 188656305337468544 2691.50513 0.3529 0.0703 0.798 0.738 0.087 0.062 1.046 7834.9 4.1936 16.910877 1.170208 17.411581 16.241373 "" "" 2269.80151 3298.40771 3240.37913 1.9631 1481.8 9.575 2527.0 7.3436 "" "" 0.0028327450448639943 0.0075502093 0.0049233185 0.012473527 79.02677559471 39.72489752938 2691.50513 0.798 0.738 0.5231999974250794 2.6502666120529175 0.19069326 0.16569327 "" "" 34.46395456479765 "" 5.745097245320429 ""
79.01095103712 39.36978306667 0.0653 0.0369 9.611 "" "" 188643214274834688 2170.58447 0.4594 0.0744 0.775 3.277 0.087 0.059 0.98 5728.1 4.633 16.912601 1.457922 17.53718 16.079258 "" "" 1881.90112 2632.30664 3235.23958 1.8491 1319.9 8.7652 2934.0 22.315 "" "" 0.0028243360785020636 0.007731203 0.009081517 0.01681272 79.01095103712 39.36978306667 2170.58447 0.7750000000000001 3.277 0.5001999974250794 5.189266612052918 0.19069326 0.16269326 "" "" 53.63759259071033 "" 8.741477401884863 ""
79.21601303885 39.56763524473 0.0548 0.0329 8.6953 "" "" 188640396778610304 3041.75 0.3177 0.0658 0.102 0.63 0.081 0.058 0.948 7403.4 4.304 16.915257 1.465323 17.584057 16.118734 "" "" 2600.17188 3572.84741 3227.33796 1.6872 1264.1 7.1754 2829.2 7.5132 "" "" 0.002813177052736286 0.0067651356 0.0047536283 0.011518763 79.21601303885 39.56763524473 3041.75 0.10200000000000001 0.63 -0.17280000257492067 2.5422666120529174 0.18469328 0.16169327 "" "" 36.73870719913396 "" 5.944562736784337 ""
