Clusters/UBC_432/UBC_432_stars_in_region.tsv
# %ECSV 1.0
# ---
# datatype:
# - name: RA_ICRS_1
#   unit: deg
#   datatype: float64
#   format: '{:15.11f}'
#   description: Right ascension (ICRS) at Ep=2016.0 (ra)
#   meta: !!omap
#   - {ucd: POS_EQ_RA_MAIN}
#   - {width: 15}
#   - {precision: '11'}
# - name: DE_ICRS_1
#   unit: deg
#   datatype: float64
#   format: '{:15.11f}'
#   description: Declination (ICRS) at Ep=2016.0 (dec)
#   meta: !!omap
#   - {ucd: POS_EQ_DEC_MAIN}
#   - {width: 15}
#   - {precision: '11'}
# - name: e_RA_ICRS
#   unit: mas
#   datatype: float64
#   format: '{:7.4f}'
#   description: Standard error of right ascension (ra_error)
#   meta: !!omap
#   - {ucd: ERROR}
#   - {width: 7}
#   - {precision: '4'}
# - name: e_DE_ICRS
#   unit: mas
#   datatype: float64
#   format: '{:7.4f}'
#   description: Standard error of declination (dec_error)
#   meta: !!omap
#   - {ucd: ERROR}
#   - {width: 7}
#   - {precision: '4'}
# - name: _r_1
#   unit: ''
#   datatype: float64
#   format: '{:7.4f}'
#   description: Distance from center (079.03490928000+39.52889505000)[ICRS], at Epoch=J2016.0
#   meta: !!omap
#   - {ucd: POS_ANG_DIST_GENERAL}
#   - {width: 7}
#   - {precision: '4'}
# - name: HIP
#   datatype: int32
#   description: '? HIP cross-id number, van Leeuwen, Cat. I/311 (hip_original_ext_source_id)'
#   meta: !!omap
#   - {ucd: ID_NUMBER}
#   - {width: 6}
#   - values: {'null': -2147483648}
# - name: TYC2
#   datatype: string
#   description: Tycho-2 cross-id name, Hog et al., Cat. I/259 (tyc2_original_ext_source_id)
#   meta: !!omap
#   - {ucd: ID_CROSSID}
#   - {_votable_string_dtype: char}
# - name: Source
#   datatype: int64
#   description: Source identifier, identical to the Gaia-EDR3 source_id (id)
#   meta: !!omap
#   - {ucd: ID_MAIN}
#   - {width: 19}
# - name: rgeo
#   unit: pc
#   datatype: float64
#   format: '{:15.8f}'
#   description: '? Median of the geometric distance posterior (r_med_geo)'
#   meta: !!omap
#   - {ucd: PHYS_DISTANCE_TRUE}
#   - {width: 15}
#   - {precision: '8'}
#   - values: {'null': .nan}
# - name: Plx
#   unit: mas
#   datatype: float64
#   format: '{:9.4f}'
#   description: '? Parallax (parallax)'
#   meta: !!omap
#   - {ucd: POS_PARLX_TRIG}
#   - {width: 9}
#   - {precision: '4'}
#   - values: {'null': .nan}
# - name: e_Plx
#   unit: mas
#   datatype: float32
#   format: '{:7.4f}'
#   description: '? Standard error of parallax (parallax_error)'
#   meta: !!omap
#   - {ucd: ERROR}
#   - {width: 7}
#   - {precision: '4'}
#   - values: {'null': .nan}
# - name: pmRA
#   unit: mas / yr
#   datatype: float64
#   format: '{:9.3f}'
#   description: '? Proper motion in right ascension direction, pmRA*cosDE (pmra)'
#   meta: !!omap
#   - {ucd: POS_EQ_PMRA}
#   - {width: 9}
#   - {precision: '3'}
#   - values: {'null': .nan}
# - name: pmDE
#   unit: mas / yr
#   datatype: float64
#   format: '{:9.3f}'
#   description: '? Proper motion in declination direction (pmdec)'
#   meta: !!omap
#   - {ucd: POS_EQ_PMDEC}
#   - {width: 9}
#   - {precision: '3'}
#   - values: {'null': .nan}
# - name: e_pmRA
#   unit: mas / yr
#   datatype: float32
#   format: '{:6.3f}'
#   description: '? Standard error of proper motion in right ascension direction (pmra_error)'
#   meta: !!omap
#   - {ucd: ERROR}
#   - {width: 6}
#   - {precision: '3'}
#   - values: {'null': .nan}
# - name: e_pmDE
[...]
#         value: !astropy.table.SerializedColumn {name: SkyCoord.dec}
#       distance: !astropy.table.SerializedColumn
#         __class__: astropy.coordinates.distances.Distance
#         unit: !astropy.units.Unit {unit: pc}
#         value: !astropy.table.SerializedColumn {name: SkyCoord.distance}
#       frame: icrs
#       obstime: !astropy.time.Time {format: jyear_str, in_subfmt: '*', jd1: 367701545.0, jd2: 0.0, out_subfmt: '*', precision: 3, scale: tt}
#       pm_dec: !astropy.table.SerializedColumn
#         __class__: astropy.units.quantity.Quantity
#         unit: !astropy.units.Unit {unit: mas / yr}
#         value: !astropy.table.SerializedColumn {name: SkyCoord.pm_dec}
#       pm_ra_cosdec: !astropy.table.SerializedColumn
#         __class__: astropy.units.quantity.Quantity
#         unit: !astropy.units.Unit {unit: mas / yr}
#         value: !astropy.table.SerializedColumn {name: SkyCoord.pm_ra_cosdec}
#       ra: !astropy.table.SerializedColumn
#         __class__: astropy.coordinates.angles.Longitude
#         unit: *id001
#         value: !astropy.table.SerializedColumn {name: SkyCoord.ra}
#         wrap_angle: !astropy.coordinates.Angle
#           unit: *id001
#           value: 360.0
#       representation_type: spherical
# schema: astropy-2.0
RA_ICRS_1 DE_ICRS_1 e_RA_ICRS e_DE_ICRS _r_1 HIP TYC2 Source rgeo Plx e_Plx pmRA pmDE e_pmRA e_pmDE RUWE Teff logg Gmag BP-RP BPmag RPmag RV e_RV b_rgeo B_rgeo FG e_FG FBP e_FBP FRP e_FRP RAVE5 RAVE6 e_Gmag e_BPmag e_RPmag e_BP-RP SkyCoord.ra SkyCoord.dec SkyCoord.distance SkyCoord.pm_ra_cosdec SkyCoord.pm_dec rmRA rmDE e_rmRA e_rmDE rRV e_rRV v_pec v_pec3d e_vpec e_vpec3d
[from data line 350]
78.75913000961 39.73530437207 0.048 0.0309 17.7701 "" "" 188701282234537728 2752.97095 0.3463 0.0569 -0.014 -1.571 0.068 0.054 0.944 7484.9 4.4036 16.545986 1.15972 17.034086 15.874367 "" "" 2429.48364 3348.31128 4534.74235 2.8128 2097.9 9.1009 3543.3 10.753 "" "" 0.002836429996338657 0.005474436 0.0050140084 0.010488445 78.75913000961 39.73530437207 2752.97095 -0.014000000000000179 -1.5709999999999975 -0.28880000257492067 0.34126661205291753 0.17169327 0.15769327 "" "" 5.833805897960823 "" 0.9548840257329088 ""
79.08283968552 39.40648222129 0.0522 0.0298 7.673 "" "" 188632043063970560 2820.24927 0.3489 0.0589 1.652 -2.154 0.068 0.051 1.007 6051.4 4.4976 16.546484 1.348737 17.141771 15.793035 "" "" 2482.26782 3343.07544 4532.65859 2.2616 1899.8 9.1428 3819.0 10.542 "" "" 0.0028080716627828196 0.0059234155 0.0048235036 0.010746919 79.08283968552 39.40648222129 2820.24927 1.6520000000000012 -2.154 1.3771999974250793 -0.24173338794708243 0.17169327 0.15469328 "" "" 18.69183660094667 "" 3.2002225820254386 ""
78.62777701119 39.54233666133 0.0868 0.044 18.8568 "" "" 188674752219281152 2681.89673 0.3685 0.0753 1.071 -0.927 0.101 0.063 1.05 6130.9 4.4698 16.548344 1.380281 17.159725 15.779445 "" "" 2185.38379 3504.77173 4524.89953 2.655 1868.6 10.885 3867.1 9.9611 "" "" 0.002828008835774228 0.006912758 0.004701624 0.011614382 78.62777701119 39.54233666133 2681.89673 1.071 -0.9270000000000005 0.7961999974250793 0.9852666120529174 0.20469327 0.16669327 "" "" 16.103313681150553 "" 2.9413088010540096 ""
78.81355515149 39.39640538057 0.0641 0.0363 12.9742 "" "" 188645683880052224 2227.04297 0.4274 0.0644 0.888 -2.331 0.075 0.057 1.019 7199.8 4.3553 16.555779 1.210335 17.08325 15.872915 "" "" 1973.6239 2508.43164 4494.02299 2.4081 2005.0 7.6123 3548.1 8.8616 "" "" 0.002816072570516803 0.004977683 0.00465156 0.009629243 78.81355515149 39.39640538057 2227.04297 0.8880000000000001 -2.3310000000000004 0.6131999974250794 -0.4187333879470825 0.17869326 0.16069327 "" "" 7.838290786716583 "" 1.3573726674785496 ""
79.09139069772 39.42786675889 0.052 0.0298 6.602 "" "" 188632146143262592 2710.23145 0.3694 0.061 0.572 -2.636 0.071 0.052 0.963 8121.9 4.3564 16.55651 1.324102 17.140724 15.816622 "" "" 2297.01367 3037.39014 4490.99395 2.0136 1901.6 8.0554 3736.9 8.3545 "" "" 0.002797993666843858 0.005379466 0.0044917455 0.009871211 79.09139069772 39.42786675889 2710.23145 0.572 -2.636 0.2971999974250793 -0.7237333879470826 0.17469327 0.15569326 "" "" 10.050837379322939 "" 1.5938170757792545 ""
79.23186903179 39.80077938126 0.0446 0.0271 18.6781 "" "" 188751516172223488 2120.46753 0.4458 0.0564 1.013 -1.52 0.069 0.054 0.942 5950.0 4.6698 16.561523 1.211761 17.082964 15.871202 "" "" 1926.6416 2338.62598 4470.30671 2.139 2005.5 8.4738 3553.7 7.1726 "" "" 0.0028038696161233672 0.0053694104 0.0043687443 0.009738155 79.23186903179 39.80077938126 2120.46753 1.013 -1.520000000000001 0.7381999974250792 0.39226661205291746 0.17269327 0.15769327 "" "" 8.402146473216373 "" 1.4242006578193218 ""
78.75141625812 39.66839726859 0.0546 0.0313 15.5511 "" "" 188700423241119360 2226.93506 0.4514 0.0646 1.543 0.031 0.073 0.054 1.027 5697.1 4.5655 16.572586 1.389031 17.184906 15.795875 "" "" 1950.1615 2637.48877 4424.98922 2.4054 1825.8 16.707 3809.0 10.881 "" "" 0.002817822871377121 0.0103194015 0.0048891194 0.015208521 78.75141625812 39.66839726859 2226.93506 1.543 0.031000000000000038 1.2681999974250793 1.9432666120529174 0.17669326 0.15769327 "" "" 24.494201008974777 "" 4.00724277551165 ""
79.12293502083 39.38528182983 0.061 0.0325 9.533 "" "" 188631806844078976 2452.7561 0.3997 0.0692 3.061 -3.23 0.074 0.053 0.942 5297.6 3.7361 16.573069 1.542633 17.296314 15.753681 "" "" 2117.65015 2994.7146 4423.02523 2.1326 1647.7 9.5269 3959.9 13.67 "" "" 0.002804610244060094 0.006869794 0.0053227637 0.012192558 79.12293502083 39.38528182983 2452.7561 3.060999999999999 -3.229999999999996 2.7861999974250793 -1.3177333879470825 0.17769328 0.15669326 "" "" 35.83267517562007 "" 6.236460567433103 ""
79.28109435743 39.64804069264 0.0472 0.0287 13.4418 "" "" 188734817339395072 2219.52783 0.428 0.0614 0.637 -1.226 0.072 0.052 1.124 7417.8 4.4161 16.576628 1.259507 17.12206 15.862554 "" "" 1979.97998 2531.89941 4408.54638 2.2616 1934.6 7.4756 3582.1 8.8474 "" "" 0.0028110537831008992 0.0050385413 0.0046341103 0.009672651 79.28109435743 39.64804069264 2219.52783 0.6370000000000002 -1.225999999999999 0.36219999742507936 0.6862666120529175 0.17569327 0.15569326 "" "" 8.163784548652071 "" 1.3083558705973561 ""
78.80320286597 39.32240345787 0.0571 0.0335 16.3958 "" "" 188621803861618688 2909.83374 0.3266 0.0635 2.159 -2.146 0.074 0.054 0.968 7737.3 4.2329 16.576696 1.489448 17.258835 15.769386 "" "" 2450.5144 3460.28394 4408.26634 2.3427 1705.6 11.247 3903.0 10.608 "" "" 0.002815086911267876 0.007683993 0.004794969 0.012478963 78.80320286597 39.32240345787 2909.83374 2.159 -2.146 1.8841999974250792 -0.23373338794708243 0.17769328 0.15769327 "" "" 26.187230416757643 "" 4.645798109354833 ""
79.00204606854 39.43976958746 0.0508 0.0301 5.5599 "" "" 188644485587083136 2591.71582 0.3667 0.0566 1.152 -2.485 0.069 0.051 0.968 7627.2 4.2753 16.578115 1.260971 17.121635 15.860664 "" "" 2266.0957 3039.1748 4402.51445 1.9616 1935.4 9.015 3588.3 7.3198 "" "" 0.0027974662578055523 0.0057759327 0.0043805335 0.010156466 79.00204606854 39.43976958746 2591.71582 1.152 -2.4850000000000003 0.8771999974250793 -0.5727333879470824 0.17269327 0.15469328 "" "" 12.8697067878684 "" 2.155884056555335 ""
78.7370691902 39.33769738488 0.0566 0.0346 17.9475 "" "" 188621705080697472 2280.82178 0.4138 0.0629 -0.214 -2.968 0.082 0.061 1.035 7476.0 4.3566 16.579195 1.26683 17.124754 15.857924 "" "" 1992.97961 2606.84302 4398.14069 2.4918 1929.8 12.202 3597.4 8.8384 "" "" 0.002823150169201601 0.0074103847 0.004625953 0.0120363375 78.7370691902 39.33769738488 2280.82178 -0.2139999999999998 -2.968 -0.4888000025749206 -1.0557333879470825 0.18569326 0.16469327 "" "" 12.577622943688393 "" 2.120467815618446 ""
78.76484648859 39.69517684939 0.0532 0.031 15.9801 "" "" 188700595039790208 2721.30371 0.3573 0.0632 1.301 0.107 0.071 0.051 1.014 6691.3 4.3043 16.583672 1.624212 17.353954 15.729742 "" "" 2324.14478 3564.17505 4380.04405 2.1678 1562.6 8.3214 4048.2 8.1726 "" "" 0.0028072307945378417 0.0064199506 0.0043690037 0.010788955 78.76484648859 39.69517684939 2721.30371 1.301 0.10699999999999998 1.0261999974250793 2.0192666120529177 0.17469327 0.15469328 "" "" 29.2170403809147 "" 4.645619724920284 ""
79.17560221152 39.51994373721 0.0474 0.0289 6.5335 "" "" 188638743214478592 2478.13501 0.3891 0.0563 0.616 -3.016 0.066 0.048 1.016 7220.8 4.3469 16.590929 1.202831 17.11037 15.907539 "" "" 2204.69165 2831.9292 4350.86353 1.9907 1955.5 9.5888 3436.7 8.5462 "" "" 0.0027997444622977975 0.0060107466 0.0046447236 0.01065547 79.17560221152 39.51994373721 2478.13501 0.6160000000000001 -3.016000000000001 0.34119999742507934 -1.1037333879470825 0.16969326 0.15169327 "" "" 13.570197210993076 "" 2.0809557358765343 ""
79.20914566104 39.48422678722 0.0511 0.0296 8.4995 "" "" 188638403913805184 2862.43652 0.328 0.0597 2.499 -1.658 0.07 0.054 1.031 7304.5 4.2854 16.599022 1.306721 17.172213 15.865492 "" "" 2435.62793 3370.04688 4318.55141 2.0953 1847.3 9.5255 3572.4 9.9509 "" "" 0.002805225581823969 0.0062552923 0.004840474 0.011095766 79.20914566104 39.48422678722 2862.43652 2.4989999999999997 -1.658 2.2241999974250795 0.25426661205291756 0.17369327 0.15769327 "" "" 30.374384170169957 "" 5.269842146161326 ""
78.88256273096 39.68649749161 0.0534 0.0317 11.7904 "" "" 188697051690694016 3009.51929 0.3125 0.0614 1.583 -1.591 0.071 0.051 1.016 6076.1 4.5169 16.599174 1.297745 17.163342 15.865597 "" "" 2564.89453 3775.22095 4317.94581 2.4108 1862.4 10.619 3572.1 10.714 "" "" 0.002821215147385965 0.0067903586 0.0049888454 0.011779204 78.88256273096 39.68649749161 3009.51929 1.583 -1.591 1.3081999974250793 0.3212666120529175 0.17469327 0.15469328 "" "" 19.216127108466978 "" 3.3362559853424427 ""
78.98340276759 39.7824677559 0.0498 0.0308 15.3993 "" "" 188705126229379712 2521.08496 0.3884 0.061 -4.447 -6.382 0.073 0.053 1.06 5752.7 4.613 16.600805 1.317851 17.153015 15.835164 "" "" 2095.13086 3021.17896 4311.46448 2.2713 1880.2 9.16 3673.6 12.731 "" "" 0.0028140611562086416 0.005980301 0.005333042 0.011313343 78.98340276759 39.7824677559 2521.08496 -4.447 -6.382 -4.721800002574921 -4.469733387947082 0.17669326 0.15669326 "" "" 77.69660488714067 "" 13.01722174097945 ""
78.78205505115 39.37878959715 0.0651 0.0373 14.7763 "" "" 188622254836476416 2575.60352 0.3912 0.0648 0.534 -8.766 0.075 0.057 0.984 5570.3 4.5519 16.602213 1.496807 17.285852 15.789045 "" "" 2236.40942 3080.74438 4305.8756 2.5282 1663.7 13.231 3833.0 14.799 "" "" 0.0028281061756783984 0.009074209 0.0056441403 0.01471835 78.78205505115 39.37878959715 2575.60352 0.5339999999999998 -8.765999999999998 0.2591999974250794 -6.8537333879470825 0.17869326 0.16069327 "" "" 83.73266490177488 "" 13.457548938509738 ""
78.97579502719 39.62207638514 0.0508 0.0296 6.2235 "" "" 188655343264320512 2481.34937 0.3805 0.0583 0.495 -2.061 0.068 0.05 0.91 7443.3 4.3447 16.614347 1.211341 17.139114 15.927773 "" "" 2098.68823 2977.69019 4258.01996 2.2234 1904.5 8.1795 3373.3 7.6028 "" "" 0.0028130421421399005 0.0054340665 0.0045024194 0.009936485 78.97579502719 39.62207638514 2481.34937 0.495 -2.061 0.22019999742507934 -0.14873338794708246 0.17169327 0.15369327 "" "" 3.125347532031218 "" 0.5196319143689438 ""
79.22516940148 39.65600285409 0.049 0.0297 11.6425 "" "" 188652968146316032 2707.1333 0.3748 0.0605 1.677 -1.789 0.077 0.055 1.006 7533.1 4.3779 16.617958 1.20529 17.134472 15.929182 "" "" 2283.04663 3374.18164 4243.88409 2.1633 1912.6 7.8841 3368.9 8.5594 "" "" 0.0028103549766873293 0.0052741 0.004679025 0.009953125 79.22516940148 39.65600285409 2707.1333 1.677000000000001 -1.7890000000000006 1.4021999974250794 0.12326661205291756 0.18069327 0.15869327 "" "" 18.062157396814197 "" 3.260847183600185 ""
78.69780460153 39.58136267405 0.0623 0.0328 15.9093 "" "" 188695406719383808 2142.55225 0.451 0.0728 1.964 -2.529 0.073 0.052 1.037 5449.7 4.5788 16.61977 1.233784 17.153858 15.920074 "" "" 1922.79163 2513.69336 4236.80559 2.2873 1878.8 10.882 3397.3 11.407 "" "" 0.0028169773603575546 0.006879772 0.0052510654 0.012130838 78.69780460153 39.58136267405 2142.55225 1.9639999999999986 -2.529 1.6891999974250793 -0.6167333879470824 0.17669326 0.15569326 "" "" 18.26263479433436 "" 3.1841727317678896 ""
78.90829737859 39.79106834495 0.0499 0.0302 16.7824 "" "" 188704546409597568 2676.08472 0.3428 0.0575 0.845 -0.738 0.068 0.047 1.003 6047.6 4.4376 16.620665 1.343826 17.215202 15.871376 "" "" 2414.85571 3067.13623 4233.31659 2.2068 1775.6 8.9929 3553.1 9.7917 "" "" 0.0028128510072103203 0.0061663105 0.0048204088 0.010986719 78.90829737859 39.79106834495 2676.08472 0.8449999999999999 -0.7379999999999991 0.5701999974250793 1.1742666120529175 0.17169327 0.15069327 "" "" 16.558341398347558 "" 2.5652176676653906 ""
78.7909592861 39.44409657979 0.0657 0.0377 12.3894 "" "" 188646615890945024 2857.57031 0.3531 0.0665 0.224 -2.544 0.077 0.06 0.978 "" "" 16.620848 1.305527 17.198473 15.892946 "" "" 2381.4436 3655.50439 4232.60263 2.4094 1803.1 12.626 3483.2 12.367 "" "" 0.0028237880438380576 0.008098564 0.0053984984 0.013497062 78.7909592861 39.44409657979 2857.57031 0.22400000000000025 -2.5439999999999996 -0.05080000257492065 -0.6317333879470826 0.18069327 0.16369326 "" "" 8.584375941889014 "" 1.4061904603508026 ""
79.04330111904 39.20239672086 0.0701 0.0368 19.5938 "" "" 188627988614156672 2480.56104 0.3994 0.0667 0.196 -4.225 0.086 0.058 1.047 5160.5 4.427 16.621563 1.644333 17.39931 15.754976 "" "" 2117.90601 3093.03906 4229.81358 1.9669 1498.6 8.8068 3955.2 9.135 "" "" 0.0028011943765471406 0.0069639212 0.0045356327 0.011499554 79.04330111904 39.20239672086 2480.56104 0.1959999999999994 -4.224999999999994 -0.07880000257492065 -2.312733387947082 0.18969327 0.16169327 "" "" 27.208573557797784 "" 4.400403157682489 ""
79.19913855567 39.27660219011 0.0561 0.0307 16.9446 "" "" 188627305720574720 2289.5166 0.4114 0.0626 1.684 -3.698 0.072 0.052 1.063 "" "" 16.622318 1.522056 17.320038 15.797982 "" "" 2012.24512 2648.60278 4226.87272 2.0759 1612.1 7.1545 3801.6 8.2136 "" "" 0.002806442536888041 0.0055680308 0.004448204 0.010016235 79.19913855567 39.27660219011 2289.5166 1.6839999999999993 -3.6979999999999977 1.4091999974250793 -1.7857333879470825 0.17569327 0.15569326 "" "" 24.68676816690106 "" 4.040180950544145 ""
79.39624983555 39.54032620345 0.0493 0.0272 16.7349 "" "" 188730380634057088 2534.4187 0.3846 0.058 0.668 -2.745 0.069 0.049 0.991 7564.4 4.0853 16.625715 1.313551 17.200855 15.887304 "" "" 2207.00928 2898.2063 4213.67291 1.9273 1799.2 6.991 3501.4 8.5791 "" "" 0.0027997156786116134 0.0050579575 0.0046217656 0.0096797235 79.39624983555 39.54032620345 2534.4187 0.668 -2.745 0.3931999974250794 -0.8327333879470826 0.17269327 0.15269327 "" "" 11.062867871285377 "" 1.7316708274108599 ""
79.4393085727 39.58498772709 0.0509 0.029 19.0076 "" "" 188730900329344640 2699.44653 0.3579 0.0617 1.431 -3.121 0.076 0.053 1.07 "" "" 16.627409 1.433714 17.271626 15.837912 "" "" 2250.87817 3150.80591 4207.10309 2.1029 1685.6 7.7519 3664.3 6.4078 "" "" 0.0028082579325691133 0.0057198755 0.0042294865 0.009949362 79.4393085727 39.58498772709 2699.44653 1.4309999999999998 -3.121 1.1561999974250794 -1.2087333879470825 0.17969327 0.15669326 "" "" 21.402480395094422 "" 3.5972372099663823 ""
79.33813985608 39.76991058555 0.0457 0.0281 20.1335 "" "" 188747564802301440 2962.9751 0.3199 0.0562 0.444 -1.295 0.071 0.051 0.984 "" "" 16.628353 0.822363 16.956446 16.134083 "" "" 2524.11792 3599.46338 4203.44878 2.1605 2253.4 8.0511 2789.5 8.7622 "" "" 0.0028112646202568905 0.004778407 0.005090664 0.009869071 79.33813985608 39.76991058555 2962.9751 0.4440000000000001 -1.2950000000000004 0.16919999742507935 0.6172666120529176 0.17469327 0.15469328 "" "" 8.988993757686575 "" 1.4038494838957996 ""
79.23561040157 39.65110184314 0.0502 0.0304 11.8271 "" "" 188652972442264832 2586.10156 0.3732 0.061 -0.676 -3.107 0.073 0.052 1.043 5900.1 4.4851 16.631779 1.246266 17.17395 15.927684 "" "" 2242.67212 3174.98633 4190.20746 2.0257 1844.3 6.5384 3373.5 8.3412 "" "" 0.0028048695822500565 0.004754047 0.004635791 0.009389838 79.23561040157 39.65110184314 2586.10156 -0.676 -3.107 -0.9508000025749207 -1.1947333879470827 0.17669326 0.15569326 "" "" 18.716864957512115 "" 3.0724737528234627 ""
79.36747452717 39.51752581064 0.0514 0.029 15.4069 "" "" 188636479768424192 2690.95361 0.3496 0.0572 -0.283 -0.922 0.071 0.049 1.012 8099.9 4.022 16.63237 1.273141 17.185331 15.91219 "" "" 2364.54004 3120.43042 4187.92162 1.9255 1825.1 8.5549 3422.0 8.928 "" "" 0.0028001757034681147 0.00580391 0.0047231177 0.010527028 79.36747452717 39.51752581064 2690.95361 -0.28300000000000003 -0.922 -0.5578000025749206 0.9902666120529174 0.17469327 0.15269327 "" "" 14.496960280184272 "" 2.294464475929022 ""
78.6396278149 39.60063005832 0.058 0.0346 18.7832 "" "" 188698567815326592 2805.31909 0.357 0.0677 -0.22 -1.609 0.071 0.052 1.01 8556.0 4.4862 16.647362 1.065443 17.099161 16.033718 "" "" 2287.36914 3284.17236 4130.4928 2.5851 1975.8 7.9438 3059.6 8.3319 "" "" 0.0028378744812133 0.005180782 0.004798506 0.009979288 78.6396278149 39.60063005832 2805.31909 -0.22000000000000003 -1.609 -0.4948000025749206 0.3032666120529175 0.17469327 0.15569326 "" "" 7.716940553135301 "" 1.3096891732445666 ""
