Clusters/UBC_432/UBC_432_members.tsv
# %ECSV 1.0
# ---
# datatype:
# - name: RA_ICRS_1
#   unit: deg
#   datatype: float64
#   format: '{:15.11f}'
#   description: Right ascension (ICRS) at Ep=2016.0 (ra)
#   meta: !!omap
#   - {ucd: POS_EQ_RA_MAIN}
#   - {width: 15}
#   - {precision: '11'}
# - name: DE_ICRS_1
#   unit: deg
#   datatype: float64
#   format: '{:15.11f}'
#   description: Declination (ICRS) at Ep=2016.0 (dec)
#   meta: !!omap
#   - {ucd: POS_EQ_DEC_MAIN}
#   - {width: 15}
#   - {precision: '11'}
# - name: e_RA_ICRS
#   unit: mas
#   datatype: float64
#   format: '{:7.4f}'
#   description: Standard error of right ascension (ra_error)
#   meta: !!omap
#   - {ucd: ERROR}
#   - {width: 7}
#   - {precision: '4'}
# - name: e_DE_ICRS
#   unit: mas
#   datatype: float64
#   format: '{:7.4f}'
#   description: Standard error of declination (dec_error)
#   meta: !!omap
#   - {ucd: ERROR}
#   - {width: 7}
#   - {precision: '4'}
# - name: _r_1
#   unit: ''
#   datatype: float64
#   format: '{:7.4f}'
#   description: Distance from center (079.03490928000+39.52889505000)[ICRS], at Epoch=J2016.0
#   meta: !!omap
#   - {ucd: POS_ANG_DIST_GENERAL}
#   - {width: 7}
#   - {precision: '4'}
# - name: HIP
#   datatype: int32
#   description: '? HIP cross-id number, van Leeuwen, Cat. I/311 (hip_original_ext_source_id)'
#   meta: !!omap
#   - {ucd: ID_NUMBER}
#   - {width: 6}
#   - values: {'null': -2147483648}
# - name: TYC2
#   datatype: string
#   description: Tycho-2 cross-id name, Hog et al., Cat. I/259 (tyc2_original_ext_source_id)
#   meta: !!omap
#   - {ucd: ID_CROSSID}
#   - {_votable_string_dtype: char}
# - name: Source
#   datatype: int64
#   description: Source identifier, identical to the Gaia-EDR3 source_id (id)
#   meta: !!omap
#   - {ucd: ID_MAIN}
#   - {width: 19}
# - name: rgeo
#   unit: pc
#   datatype: float64
#   format: '{:15.8f}'
#   description: '? Median of the geometric distance posterior (r_med_geo)'
#   meta: !!omap
#   - {ucd: PHYS_DISTANCE_TRUE}
#   - {width: 15}
#   - {precision: '8'}
#   - values: {'null': .nan}
# - name: Plx
#   unit: mas
#   datatype: float64
#   format: '{:9.4f}'
#   description: '? Parallax (parallax)'
#   meta: !!omap
#   - {ucd: POS_PARLX_TRIG}
#   - {width: 9}
#   - {precision: '4'}
#   - values: {'null': .nan}
# - name: e_Plx
#   unit: mas
#   datatype: float32
#   format: '{:7.4f}'
#   description: '? Standard error of parallax (parallax_error)'
#   meta: !!omap
#   - {ucd: ERROR}
#   - {width: 7}
#   - {precision: '4'}
#   - values: {'null': .nan}
# - name: pmRA
#   unit: mas / yr
#   datatype: float64
#   format: '{:9.3f}'
#   description: '? Proper motion in right ascension direction, pmRA*cosDE (pmra)'
#   meta: !!omap
#   - {ucd: POS_EQ_PMRA}
#   - {width: 9}
#   - {precision: '3'}
#   - values: {'null': .nan}
# - name: pmDE
#   unit: mas / yr
#   datatype: float64
#   format: '{:9.3f}'
#   description: '? Proper motion in declination direction (pmdec)'
#   meta: !!omap
#   - {ucd: POS_EQ_PMDEC}
#   - {width: 9}
#   - {precision: '3'}
#   - values: {'null': .nan}
# - name: e_pmRA
#   unit: mas / yr
#   datatype: float32
#   format: '{:6.3f}'
#   description: '? Standard error of proper motion in right ascension direction (pmra_error)'
#   meta: !!omap
#   - {ucd: ERROR}
#   - {width: 6}
#   - {precision: '3'}
#   - values: {'null': .nan}
# - name: e_pmDE
[...]
#       distance: !astropy.table.SerializedColumn
#         __class__: astropy.coordinates.distances.Distance
#         unit: !astropy.units.Unit {unit: pc}
#         value: !astropy.table.SerializedColumn {name: SkyCoord.distance}
#       frame: icrs
#       obstime: !astropy.time.Time {format: jyear_str, in_subfmt: '*', jd1: 367701545.0, jd2: 0.0, out_subfmt: '*', precision: 3, scale: tt}
#       pm_dec: !astropy.table.SerializedColumn
#         __class__: astropy.units.quantity.Quantity
#         unit: !astropy.units.Unit {unit: mas / yr}
#         value: !astropy.table.SerializedColumn {name: SkyCoord.pm_dec}
#       pm_ra_cosdec: !astropy.table.SerializedColumn
#         __class__: astropy.units.quantity.Quantity
#         unit: !astropy.units.Unit {unit: mas / yr}
#         value: !astropy.table.SerializedColumn {name: SkyCoord.pm_ra_cosdec}
#       ra: !astropy.table.SerializedColumn
#         __class__: astropy.coordinates.angles.Longitude
#         unit: *id001
#         value: !astropy.table.SerializedColumn {name: SkyCoord.ra}
#         wrap_angle: !astropy.coordinates.Angle
#           unit: *id001
#           value: 360.0
#       representation_type: spherical
# schema: astropy-2.0
RA_ICRS_1 DE_ICRS_1 e_RA_ICRS e_DE_ICRS _r_1 HIP TYC2 Source rgeo Plx e_Plx pmRA pmDE e_pmRA e_pmDE RUWE Teff logg Gmag BP-RP BPmag RPmag RV e_RV b_rgeo B_rgeo FG e_FG FBP e_FBP FRP e_FRP RAVE5 RAVE6 e_Gmag e_BPmag e_RPmag e_BP-RP SkyCoord.ra SkyCoord.dec SkyCoord.distance SkyCoord.pm_ra_cosdec SkyCoord.pm_dec rmRA rmDE e_rmRA e_rmDE rRV e_rRV v_pec v_pec3d e_vpec e_vpec3d Pmemb
79.06997104915 39.54874883365 0.0117 0.0074 2.0127 "" "" 188651117016505472 2597.81689 0.3446 0.014 0.259 -1.925 0.016 0.012 1.053 "" "" 13.150646 0.671239 13.401103 12.729864 "" "" 2510.63867 2696.87915 103439.92583 19.828 59563.0 26.944 64152.0 35.224 "" "" 0.002763169117369939 0.0028330674 0.00382611 0.006659177 79.06997104915 39.54874883365 2597.81689 0.2590000000000003 -1.9250000000000003 -0.015800002574920646 -0.012733387947082564 0.11969327 0.11569327 "" "" 0.24987287104367678 "" 0.029518588569985807 "" 0.99
79.0425495551 39.53887418576 0.013 0.0082 0.6953 "" "" 188651185735997824 2750.77612 0.3204 0.016 0.282 -1.914 0.019 0.015 1.023 "" "" 13.692783 0.645406 13.933284 13.287878 "" "" 2632.77539 2878.04761 62781.75445 14.754 36484.0 22.178 38371.0 16.055 "" "" 0.0027671090410602618 0.0028671673 0.003806587 0.006673754 79.0425495551 39.53887418576 2750.77612 0.2820000000000001 -1.914000000000001 0.007199997425079319 -0.0017333879470824431 0.12269327 0.11869327 "" "" 0.09656072341971962 "" 0.011826517435333946 "" 0.98
79.00680262403 39.30251695021 0.0179 0.0099 13.645 "" "" 188629775320859776 2275.55981 0.3989 0.0203 0.012 -1.824 0.021 0.015 0.969 11986.9 3.8683 13.856643 0.775503 14.1542 13.378696 "" "" 2173.90137 2377.93091 53987.05418 10.465 29767.0 22.768 35292.0 23.124 "" "" 0.0027633464683904305 0.0029111332 0.0038457522 0.0067568854 79.00680262403 39.30251695021 2275.55981 0.012000000000000066 -1.8240000000000007 -0.26280000257492064 0.08826661205291741 0.12469327 0.11869327 "" "" 2.9902134941836307 "" 0.37108024393237427 "" 0.8
79.07082152651 39.53661828314 0.0143 0.0091 1.7253 "" "" 188651048297034112 2383.11548 0.3809 0.0168 0.227 -1.942 0.021 0.016 1.032 "" "" 13.963158 0.713639 14.233605 13.519966 "" "" 2288.4502 2480.43188 48942.2016 11.02 27668.0 15.903 30986.0 19.045 "" "" 0.002766144269259772 0.002859108 0.003837845 0.006696953 79.07082152651 39.53661828314 2383.11548 0.22700000000000004 -1.9419999999999997 -0.04780000257492065 -0.029733387947082468 0.12469327 0.11969327 "" "" 0.6358851712819757 "" 0.07841655986291204 "" 0.95
79.02985833869 39.50087125577 0.0173 0.0101 1.6976 "" "" 188645069702593024 2385.11743 0.3799 0.0185 0.305 -1.919 0.023 0.017 1.058 "" "" 13.965103 0.762935 14.257162 13.494227 "" "" 2280.90332 2486.7146 48854.6001 10.181 27074.0 17.384 31730.0 15.155 "" "" 0.002764594607416936 0.0028759444 0.003814793 0.0066907373 79.02985833869 39.50087125577 2385.11743 0.3049999999999998 -1.9189999999999983 0.03019999742507934 -0.006733387947082559 0.12669326 0.12069327 "" "" 0.34980813954460754 "" 0.04422118694977415 "" 0.99
79.07472082645 39.516714621 0.0183 0.0118 1.9822 "" "" 188650189303584896 2475.08643 0.3624 0.0217 0.276 -1.936 0.025 0.02 1.078 9648.6 3.593 14.487036 0.690298 14.745967 14.055669 "" "" 2342.84131 2620.55664 30208.72143 7.1215 17260.0 17.585 18919.0 13.435 "" "" 0.0027671831002335006 0.0030014466 0.003857226 0.006858673 79.07472082645 39.516714621 2475.08643 0.276 -1.936 0.0011999974250793688 -0.023733387947082463 0.12869327 0.12369327 "" "" 0.27879364609514495 "" 0.03448852463222623 "" 0.98
79.12112096002 39.57940395944 0.0184 0.0112 5.009 "" "" 188651598052804352 2693.70532 0.3307 0.0215 0.242 -1.989 0.026 0.02 0.993 9730.3 3.4902 14.507953 0.679189 14.765001 14.085813 "" "" 2536.73828 2845.10059 29632.32382 8.6852 16960.0 17.123 18401.0 11.975 "" "" 0.0027736363258850684 0.0029977723 0.0038448635 0.0068426356 79.12112096002 39.57940395944 2693.70532 0.24199999999999972 -1.988999999999999 -0.03280000257492066 -0.07673338794708262 0.12969327 0.12369327 "" "" 1.065499433190874 "" 0.13280286143859735 "" 0.93
79.05375233172 39.52720703404 0.018 0.0119 0.8779 "" "" 188650979577569152 2803.28345 0.3136 0.0217 0.221 -1.916 0.025 0.019 0.971 "" "" 14.643003 0.845514 14.973839 14.128324 "" "" 2658.37158 2978.4541 26166.49343 5.356 13992.0 14.723 17694.0 13.979 "" "" 0.0027642683233132094 0.003015006 0.003875501 0.006890507 79.05375233172 39.52720703404 2803.28345 0.22099999999999997 -1.9159999999999995 -0.05380000257492065 -0.003733387947082445 0.12869327 0.12269327 "" "" 0.716590117767587 "" 0.09220019677903149 "" 0.98
79.06374322472 39.68681176633 0.0213 0.0127 9.5683 "" "" 188656752013526016 2430.08838 0.3629 0.026 0.239 -1.856 0.032 0.023 0.982 9556.5 4.1566 14.7932 0.758285 15.086641 14.328357 "" "" 2275.46069 2604.51099 22785.93875 6.22 12611.0 14.774 14717.0 12.851 "" "" 0.0027712145434843774 0.0030664192 0.0038964818 0.006962901 79.06374322472 39.68681176633 2430.08838 0.23899999999999996 -1.8559999999999994 -0.035800002574920664 0.056266612052917386 0.13569327 0.12669326 "" "" 0.7681780531022064 "" 0.09936460124128692 "" 0.94
79.0049053661 39.57165063013 0.0195 0.0122 2.9168 "" "" 188654278112445952 2715.43311 0.3289 0.0236 0.262 -1.937 0.027 0.021 1.01 9593.2 3.6661 14.796163 0.748922 15.078366 14.329444 "" "" 2561.26489 2939.55176 22723.84132 5.6145 12708.0 21.868 14702.0 13.768 "" "" 0.0027683482580538863 0.0033579378 0.0039137616 0.0072716996 79.0049053661 39.57165063013 2715.43311 0.26199999999999934 -1.9370000000000003 -0.012800002574920644 -0.024733387947082575 0.13069327 0.12469327 "" "" 0.3584519143876054 "" 0.045159408940470845 "" 0.95
79.09327513346 39.46969433873 0.0222 0.0132 4.4631 "" "" 188649880066441856 2421.71899 0.3782 0.027 0.274 -1.901 0.03 0.022 0.96 9508.1 4.0003 14.888259 0.924064 15.257974 14.33391 "" "" 2276.6709 2607.07812 20875.79926 4.3133 10770.0 10.211 14642.0 11.932 "" "" 0.0027644374053180346 0.002974 0.0038815679 0.006855568 79.09327513346 39.46969433873 2421.71899 0.274 -1.9009999999999994 -0.000800002574920633 0.011266612052917457 0.13369326 0.12569326 "" "" 0.12965447707997857 "" 0.016302062242700123 "" 0.98
78.94735094493 39.55863513468 0.0248 0.015 4.4268 "" "" 188648540036167808 2577.94067 0.3501 0.0291 0.332 -1.961 0.033 0.025 0.977 9327.4 3.5479 15.027264 0.78541 15.33179 14.54638 "" "" 2420.84277 2811.68604 18367.13088 5.284 10062.0 11.072 12039.0 13.996 "" "" 0.0027729684165627368 0.0030351942 0.0039845887 0.007019783 78.94735094493 39.55863513468 2577.94067 0.332 -1.9610000000000003 0.05719999742507936 -0.048733387947082596 0.13669327 0.12869327 "" "" 0.9182306846885401 "" 0.12248010692373476 "" 0.98
79.22448694851 39.34271099029 0.0289 0.016 14.2116 "" "" 188633417453262848 2124.76758 0.4277 0.0314 0.49 -1.809 0.039 0.028 1.002 7290.9 4.0377 15.414075 1.212844 15.935255 14.722411 "" "" 1984.67639 2269.56128 12862.24813 3.3211 5771.8 11.842 10237.0 12.036 "" "" 0.0027695453551999987 0.003570332 0.0039891447 0.0075594764 79.22448694851 39.34271099029 2124.76758 0.49 -1.8089999999999997 0.21519999742507934 0.10326661205291754 0.14269327 0.13169327 "" "" 2.4039867076180568 "" 0.3382405338720586 "" 0.85
79.02722321985 39.49159090934 0.0306 0.0178 2.2664 "" "" 188645065405159040 2527.01099 0.3616 0.0344 0.245 -1.958 0.04 0.03 0.96 9558.0 4.1864 15.50417 1.004185 15.91491 14.910726 "" "" 2312.70312 2729.96143 11838.00597 3.4028 5881.0 11.681 8607.3 10.16 "" "" 0.002772938985757504 0.0035264173 0.003990766 0.007517183 79.02722321985 39.49159090934 2527.01099 0.24500000000000033 -1.9579999999999995 -0.02980000257492066 -0.04573338794708248 0.14369327 0.13369326 "" "" 0.6538275418626318 "" 0.08941104594446171 "" 0.94
79.16729440822 39.60282149991 0.0273 0.0173 7.561 "" "" 188652388326758528 2609.52686 0.3468 0.0338 0.456 -1.897 0.04 0.029 1.021 9258.8 4.1535 15.557532 0.817681 15.880451 15.06277 "" "" 2391.0022 2867.21094 11270.26147 3.4479 6070.7 10.082 7482.6 11.4 "" "" 0.0027752690814966063 0.0033221082 0.0041255252 0.0074476334 79.16729440822 39.60282149991 2609.52686 0.45600000000000007 -1.8970000000000007 0.18119999742507936 0.015266612052917461 0.14369327 0.13269326 "" "" 2.249232153259413 "" 0.3230317596429455 "" 0.82
