Clusters/UBC_432/UBC_432_stars_in_region.tsv
# %ECSV 1.0
# ---
# datatype:
# - name: RA_ICRS_1
#   unit: deg
#   datatype: float64
#   format: '{:15.11f}'
#   description: Right ascension (ICRS) at Ep=2016.0 (ra)
#   meta: !!omap
#   - {ucd: POS_EQ_RA_MAIN}
#   - {width: 15}
#   - {precision: '11'}
# - name: DE_ICRS_1
#   unit: deg
#   datatype: float64
#   format: '{:15.11f}'
#   description: Declination (ICRS) at Ep=2016.0 (dec)
#   meta: !!omap
#   - {ucd: POS_EQ_DEC_MAIN}
#   - {width: 15}
#   - {precision: '11'}
# - name: e_RA_ICRS
#   unit: mas
#   datatype: float64
#   format: '{:7.4f}'
#   description: Standard error of right ascension (ra_error)
#   meta: !!omap
#   - {ucd: ERROR}
#   - {width: 7}
#   - {precision: '4'}
# - name: e_DE_ICRS
#   unit: mas
#   datatype: float64
#   format: '{:7.4f}'
#   description: Standard error of declination (dec_error)
#   meta: !!omap
#   - {ucd: ERROR}
#   - {width: 7}
#   - {precision: '4'}
# - name: _r_1
#   unit: ''
#   datatype: float64
#   format: '{:7.4f}'
#   description: Distance from center (079.03490928000+39.52889505000)[ICRS], at Epoch=J2016.0
#   meta: !!omap
#   - {ucd: POS_ANG_DIST_GENERAL}
#   - {width: 7}
#   - {precision: '4'}
# - name: HIP
#   datatype: int32
#   description: '? HIP cross-id number, van Leeuwen, Cat. I/311 (hip_original_ext_source_id)'
#   meta: !!omap
#   - {ucd: ID_NUMBER}
#   - {width: 6}
#   - values: {'null': -2147483648}
# - name: TYC2
#   datatype: string
#   description: Tycho-2 cross-id name, Hog et al., Cat. I/259 (tyc2_original_ext_source_id)
#   meta: !!omap
#   - {ucd: ID_CROSSID}
#   - {_votable_string_dtype: char}
# - name: Source
#   datatype: int64
#   description: Source identifier, identical to the Gaia-EDR3 source_id (id)
#   meta: !!omap
#   - {ucd: ID_MAIN}
#   - {width: 19}
# - name: rgeo
#   unit: pc
#   datatype: float64
#   format: '{:15.8f}'
#   description: '? Median of the geometric distance posterior (r_med_geo)'
#   meta: !!omap
#   - {ucd: PHYS_DISTANCE_TRUE}
#   - {width: 15}
#   - {precision: '8'}
#   - values: {'null': .nan}
# - name: Plx
#   unit: mas
#   datatype: float64
#   format: '{:9.4f}'
#   description: '? Parallax (parallax)'
#   meta: !!omap
#   - {ucd: POS_PARLX_TRIG}
#   - {width: 9}
#   - {precision: '4'}
#   - values: {'null': .nan}
# - name: e_Plx
#   unit: mas
#   datatype: float32
#   format: '{:7.4f}'
#   description: '? Standard error of parallax (parallax_error)'
#   meta: !!omap
#   - {ucd: ERROR}
#   - {width: 7}
#   - {precision: '4'}
#   - values: {'null': .nan}
# - name: pmRA
#   unit: mas / yr
#   datatype: float64
#   format: '{:9.3f}'
#   description: '? Proper motion in right ascension direction, pmRA*cosDE (pmra)'
#   meta: !!omap
#   - {ucd: POS_EQ_PMRA}
#   - {width: 9}
#   - {precision: '3'}
#   - values: {'null': .nan}
# - name: pmDE
#   unit: mas / yr
#   datatype: float64
#   format: '{:9.3f}'
#   description: '? Proper motion in declination direction (pmdec)'
#   meta: !!omap
#   - {ucd: POS_EQ_PMDEC}
#   - {width: 9}
#   - {precision: '3'}
#   - values: {'null': .nan}
# - name: e_pmRA
#   unit: mas / yr
#   datatype: float32
#   format: '{:6.3f}'
#   description: '? Standard error of proper motion in right ascension direction (pmra_error)'
#   meta: !!omap
#   - {ucd: ERROR}
#   - {width: 6}
#   - {precision: '3'}
#   - values: {'null': .nan}
# - name: e_pmDE
[...]
#         value: !astropy.table.SerializedColumn {name: SkyCoord.dec}
#       distance: !astropy.table.SerializedColumn
#         __class__: astropy.coordinates.distances.Distance
#         unit: !astropy.units.Unit {unit: pc}
#         value: !astropy.table.SerializedColumn {name: SkyCoord.distance}
#       frame: icrs
#       obstime: !astropy.time.Time {format: jyear_str, in_subfmt: '*', jd1: 367701545.0, jd2: 0.0, out_subfmt: '*', precision: 3, scale: tt}
#       pm_dec: !astropy.table.SerializedColumn
#         __class__: astropy.units.quantity.Quantity
#         unit: !astropy.units.Unit {unit: mas / yr}
#         value: !astropy.table.SerializedColumn {name: SkyCoord.pm_dec}
#       pm_ra_cosdec: !astropy.table.SerializedColumn
#         __class__: astropy.units.quantity.Quantity
#         unit: !astropy.units.Unit {unit: mas / yr}
#         value: !astropy.table.SerializedColumn {name: SkyCoord.pm_ra_cosdec}
#       ra: !astropy.table.SerializedColumn
#         __class__: astropy.coordinates.angles.Longitude
#         unit: *id001
#         value: !astropy.table.SerializedColumn {name: SkyCoord.ra}
#         wrap_angle: !astropy.coordinates.Angle
#           unit: *id001
#           value: 360.0
#       representation_type: spherical
# schema: astropy-2.0
RA_ICRS_1 DE_ICRS_1 e_RA_ICRS e_DE_ICRS _r_1 HIP TYC2 Source rgeo Plx e_Plx pmRA pmDE e_pmRA e_pmDE RUWE Teff logg Gmag BP-RP BPmag RPmag RV e_RV b_rgeo B_rgeo FG e_FG FBP e_FBP FRP e_FRP RAVE5 RAVE6 e_Gmag e_BPmag e_RPmag e_BP-RP SkyCoord.ra SkyCoord.dec SkyCoord.distance SkyCoord.pm_ra_cosdec SkyCoord.pm_dec rmRA rmDE e_rmRA e_rmDE rRV e_rRV v_pec v_pec3d e_vpec e_vpec3d
[from data line 414]
78.81140989278 39.76176988317 0.0546 0.0338 17.3739 "" "" 188701385313719552 2250.12524 0.431 0.0695 -0.561 0.905 0.08 0.061 0.966 7262.6 4.3372 16.725737 1.326281 17.309734 15.983454 "" "" 1963.46045 2580.71729 3842.83706 2.245 1627.5 10.778 3204.6 11.24 "" "" 0.002827386546654243 0.0077125966 0.0053652506 0.013077848 78.81140989278 39.76176988317 2250.12524 -0.561 0.905 -0.8358000025749207 2.8172666120529177 0.18369326 0.16469327 "" "" 31.342245282831506 "" 5.212558846851675 ""
79.38606168425 39.7001697852 0.0473 0.0293 19.2104 "" "" 188735264016071168 2794.53687 0.3513 0.0594 1.111 -0.929 0.074 0.054 1.001 7070.4 4.5606 16.73132 1.171848 17.229279 16.05743 "" "" 2364.85645 3387.01904 3823.12901 1.8773 1752.7 14.7 2993.5 11.596 "" "" 0.0028064256201142984 0.009524008 0.0056544547 0.0151784625 79.38606168425 39.7001697852 2794.53687 1.111 -0.929 0.8361999974250793 0.9832666120529174 0.17769328 0.15769327 "" "" 17.09745130459517 "" 2.8446773188777597 ""
78.85032237149 39.4286557172 0.0592 0.0353 10.4523 "" "" 188645859976685696 2744.07251 0.3675 0.0721 2.034 -3.346 0.076 0.058 0.927 7200.6 4.2923 16.734728 1.377159 17.352356 15.975197 "" "" 2349.16162 3306.51538 3811.14762 2.3292 1564.9 6.073 3229.1 13.847 "" "" 0.002834094447684226 0.00505356 0.0059967167 0.011050276 78.85032237149 39.4286557172 2744.07251 2.034 -3.346000000000001 1.7591999974250792 -1.4337333879470826 0.17969327 0.16169327 "" "" 29.518439524606187 "" 5.098846058373242 ""
78.99941182584 39.48873262455 0.0585 0.0349 2.9167 "" "" 188645138422090112 3093.55347 0.3103 0.0618 0.459 -2.149 0.074 0.057 1.054 8829.6 4.3233 16.735146 1.19487 17.244709 16.049839 "" "" 2647.72266 3640.9939 3809.68265 2.1977 1728.0 10.376 3014.5 12.033 "" "" 0.002825611432233027 0.007091417 0.005750371 0.012841788 78.99941182584 39.48873262455 3093.55347 0.4590000000000001 -2.149 0.18419999742507936 -0.23673338794708254 0.17769328 0.16069327 "" "" 4.3983569003758625 "" 0.7358766795090457 ""
79.12569913743 39.68824959094 0.0551 0.0341 10.4418 "" "" 188656545855073152 2201.49829 0.4431 0.0648 1.771 -4.359 0.082 0.06 1.038 5377.9 4.6318 16.741198 1.302584 17.326958 16.024374 "" "" 1871.71313 2581.13843 3788.50109 2.0348 1601.9 9.2355 3086.1 6.7017 "" "" 0.0028163541534057452 0.0068533304 0.0044545205 0.0113078505 79.12569913743 39.68824959094 2201.49829 1.7710000000000001 -4.359 1.4961999974250793 -2.4467333879470825 0.18569326 0.16369326 "" "" 29.92731682497223 "" 5.086543941474724 ""
79.01276703422 39.49595181541 0.0555 0.0332 2.2265 "" "" 188644966623388544 2605.95874 0.3834 0.0601 0.891 -0.333 0.072 0.054 0.985 7227.7 4.3489 16.742437 1.362966 17.354967 15.992002 "" "" 2282.9165 3002.75317 3784.18302 1.8603 1561.1 8.6761 3179.5 8.6129 "" "" 0.002806541443032712 0.006648034 0.0047889454 0.011436979 79.01276703422 39.49595181541 2605.95874 0.8910000000000007 -0.333 0.6161999974250794 1.5792666120529175 0.17569327 0.15769327 "" "" 20.93982506426082 "" 3.3542992384861234 ""
79.14903137242 39.69123743698 0.0534 0.032 11.0773 "" "" 188653998938526208 2744.5061 0.3733 0.0646 2.571 -2.577 0.075 0.057 1.001 7448.8 4.3531 16.74309 1.3043 17.305468 16.001167 "" "" 2307.48218 3363.41675 3781.90401 2.0675 1633.9 8.0129 3152.8 8.0867 "" "" 0.002818526970301056 0.0060113743 0.004694574 0.010705948 79.14903137242 39.69123743698 2744.5061 2.5710000000000006 -2.577 2.2961999974250795 -0.6647333879470825 0.17869326 0.16069327 "" "" 31.097684062457727 "" 5.515689852101125 ""
78.69266463375 39.74154735288 0.0569 0.0354 20.3195 "" "" 188701797630634496 3137.52637 0.3059 0.0623 0.83 -0.417 0.078 0.055 1.006 8213.6 4.3423 16.74629 0.929697 17.127527 16.19783 "" "" 2615.02832 3730.04858 3770.77502 2.1773 1924.9 9.0285 2630.4 10.262 "" "" 0.0028257419897896527 0.005806779 0.005676764 0.011483543 78.69266463375 39.74154735288 3137.52637 0.83 -0.41700000000000004 0.5551999974250793 1.4952666120529174 0.18169327 0.15869327 "" "" 23.720847040784214 "" 3.8345778572760074 ""
79.33509079848 39.65549347523 0.0544 0.0332 15.8218 "" "" 188734714260274560 2526.8147 0.4035 0.0693 0.254 -0.677 0.089 0.062 1.2 7643.6 4.4178 16.748835 1.229965 17.268492 16.038527 "" "" 2132.30029 3093.08862 3761.95186 2.189 1690.5 7.2965 3046.1 7.8243 "" "" 0.0028268213075975843 0.005453972 0.004696959 0.010150932 79.33509079848 39.65549347523 2526.8147 0.2539999999999998 -0.6769999999999994 -0.02080000257492065 1.2352666120529174 0.19269326 0.16569327 "" "" 14.797011094984478 "" 2.4518875965483358 ""
78.92594532171 39.28192642748 0.0858 0.0441 15.6555 "" "" 188641049613752448 2974.62256 0.3243 0.0941 2.149 -7.433 0.107 0.072 1.103 5296.7 4.6783 16.75582 1.409124 17.380177 15.971052 "" "" 2292.89478 4080.1875 3737.82645 2.3913 1525.3 10.836 3241.4 8.2432 "" "" 0.002841525726866196 0.008202405 0.0046805544 0.012882959 78.92594532171 39.28192642748 2974.62256 2.149 -7.433 1.8741999974250794 -5.520733387947082 0.21069327 0.17569327 "" "" 82.20400256214873 "" 14.766008445389861 ""
79.45025220425 39.5080849643 0.0542 0.0313 19.2647 "" "" 188729388500837760 3026.32886 0.3273 0.0624 -1.423 1.134 0.077 0.054 0.949 7637.9 4.4137 16.75861 1.308235 17.32593 16.017694 "" "" 2584.51855 3707.7937 3728.23238 1.9545 1603.4 14.791 3105.1 7.2083 "" "" 0.0028134971577927215 0.010397051 0.004542741 0.014939792 79.45025220425 39.5080849643 3026.32886 -1.4230000000000014 1.134 -1.6978000025749207 3.0462666120529174 0.18069327 0.15769327 "" "" 50.02668139817534 "" 8.176226358194485 ""
79.16768510028 39.69248980952 0.0514 0.0315 11.5765 "" "" 188653930219051776 2740.04004 0.3529 0.0629 0.235 -2.179 0.078 0.058 1.058 9011.6 4.4852 16.759956 1.083513 17.211847 16.128334 "" "" 2355.7478 3154.72583 3723.60851 1.9031 1781.1 12.053 2804.3 9.7911 "" "" 0.002810642908069753 0.007859307 0.0053529353 0.013212243 79.16768510028 39.69248980952 2740.04004 0.23499999999999982 -2.179 -0.03980000257492067 -0.26673338794708235 0.18169327 0.16169327 "" "" 3.502629937747917 "" 0.5679694647337699 ""
78.61741835394 39.51768472118 0.0779 0.0407 19.334 "" "" 188674546060764800 3136.72583 0.313 0.0766 0.565 -1.368 0.091 0.06 0.947 5621.0 4.6322 16.761593 1.382592 17.375332 15.99274 "" "" 2553.56299 3847.99756 3718.00157 2.4234 1532.1 11.38 3177.3 9.2243 "" "" 0.0028447507914931437 0.00853357 0.004921325 0.0134548955 78.61741835394 39.51768472118 3136.72583 0.5649999999999993 -1.368 0.2901999974250793 0.5442666120529174 0.19469327 0.16369326 "" "" 9.170631330855931 "" 1.5685487697224907 ""
79.40694798446 39.7087634907 0.0492 0.0292 20.3011 "" "" 188736668466339328 2784.94995 0.3365 0.0579 3.999 -3.653 0.077 0.052 0.983 "" "" 16.761808 1.403471 17.395472 15.992001 "" "" 2389.5415 3275.53589 3717.26513 1.8777 1503.9 5.6948 3179.5 9.7615 "" "" 0.0028093723226653394 0.004968722 0.005039346 0.010008068 79.40694798446 39.7087634907 2784.94995 3.9989999999999983 -3.652999999999999 3.7241999974250795 -1.7407333879470825 0.18069327 0.15569326 "" "" 54.26711759130568 "" 9.57660063662528 ""
79.09210783223 39.54540516138 0.052 0.0321 2.826 "" "" 188651078359557632 2329.56714 0.4234 0.063 0.738 -1.897 0.071 0.055 0.995 9156.5 4.3039 16.763496 1.12393 17.237083 16.113153 "" "" 2052.62915 2673.92041 3711.48769 2.0147 1740.1 7.1431 2843.8 6.7669 "" "" 0.002817648698308294 0.0052582663 0.0045780344 0.009836301 79.09210783223 39.54540516138 2329.56714 0.7379999999999998 -1.8970000000000002 0.46319999742507934 0.015266612052917461 0.17469327 0.15869327 "" "" 5.117500335953158 "" 0.8939080910481635 ""
79.01932607966 39.75561150405 0.0528 0.0334 13.622 "" "" 188704786927745792 2856.53931 0.3346 0.0623 0.497 -2.119 0.078 0.058 1.034 8262.7 4.3387 16.763712 1.156145 17.263388 16.107243 "" "" 2437.75854 3390.49072 3710.74972 2.1393 1698.5 7.6773 2859.3 9.2233 "" "" 0.0028255253088276854 0.0056452965 0.00515264 0.0107979365 79.01932607966 39.75561150405 2856.53931 0.4970000000000003 -2.119 0.22219999742507934 -0.20673338794708274 0.18169327 0.16169327 "" "" 4.109372882152005 "" 0.7096959186202941 ""
79.25320999388 39.40042674754 0.1789 0.1045 12.7148 "" "" 188634212025736192 2816.95605 0.4586 0.2031 -3.745 -7.685 0.23 0.177 3.713 5479.5 4.7068 16.764078 1.409385 17.307339 15.897954 "" "" 1749.49939 4575.45801 3709.4985 5.7268 1631.1 6.8867 3467.2 8.0577 "" "" 0.003225116260422014 0.005366479 0.0045442716 0.009910751 79.25320999388 39.40042674754 2816.95605 -3.745000000000001 -7.684999999999997 -4.019800002574921 -5.772733387947082 0.33369327 0.28069326 "" "" 93.92635939506381 "" 28.087281875492252 ""
79.25272701412 39.73753801527 0.0511 0.0311 16.063 "" "" 188747801021612800 2242.64551 0.4262 0.0642 1.443 -3.283 0.075 0.055 1.051 4660.8 4.3618 16.764698 1.484036 17.450205 15.966168 "" "" 1998.61438 2556.44287 3707.38251 2.0618 1430.0 7.9648 3256.0 9.1571 "" "" 0.0028207057894944565 0.006659967 0.004858764 0.011518731 79.25272701412 39.73753801527 2242.64551 1.4429999999999992 -3.2829999999999995 1.1681999974250794 -1.3707333879470824 0.17869326 0.15869327 "" "" 19.144882383046998 "" 3.2048412084498508 ""
78.86143894993 39.80846621026 0.0555 0.0341 18.5893 "" "" 188707222173473792 2738.79639 0.3545 0.0692 0.869 -3.799 0.078 0.054 0.994 5572.5 4.3987 16.76746 1.365149 17.361864 15.996716 "" "" 2315.7146 3190.39868 3697.96764 1.9408 1551.2 8.8797 3165.7 8.5686 "" "" 0.002813625881405307 0.0068127606 0.004787489 0.011600249 78.86143894993 39.80846621026 2738.79639 0.869 -3.799000000000002 0.5941999974250793 -1.8867333879470825 0.18169327 0.15769327 "" "" 25.679344863756235 "" 4.108867962096052 ""
79.32074920181 39.75165008318 0.0492 0.03 18.7897 "" "" 188747526143732224 3001.48413 0.32 0.0621 0.76 -3.648 0.077 0.055 1.032 5829.3 4.5875 16.768639 1.247124 17.303272 16.056149 "" "" 2507.07983 3583.6709 3693.95034 1.949 1637.2 7.3466 2997.1 8.5031 "" "" 0.0028142410786403892 0.0056144116 0.004875684 0.010490095 79.32074920181 39.75165008318 3001.48413 0.76 -3.6480000000000015 0.48519999742507935 -1.7357333879470827 0.18069327 0.15869327 "" "" 25.64100642954251 "" 4.112541143007035 ""
79.08182047303 39.81634936426 0.0581 0.0349 17.3828 "" "" 188658538719850240 2742.52881 0.3633 0.0647 -0.52 0.585 0.089 0.06 1.041 6192.5 4.4679 16.769274 1.209959 17.26022 16.05026 "" "" 2285.09937 3268.09521 3691.78909 2.5567 1703.4 11.164 3013.4 9.6401 "" "" 0.002856074488349761 0.0076433322 0.005133022 0.012776354 79.08182047303 39.81634936426 2742.52881 -0.52 0.585 -0.7948000025749207 2.4972666120529174 0.19269326 0.16369326 "" "" 34.06796462523384 "" 5.674754893954841 ""
78.92313160252 39.70890791196 0.0548 0.0344 11.9727 "" "" 188703000221408000 3010.27661 0.3349 0.0669 0.39 -3.811 0.077 0.06 1.099 5365.8 4.3563 16.770123 1.417072 17.40927 15.992197 "" "" 2490.80786 3673.38062 3688.90856 1.8561 1484.9 7.3624 3178.9 7.9114 "" "" 0.0028089550397043324 0.006063389 0.0046459716 0.01070936 78.92313160252 39.70890791196 3010.27661 0.38999999999999996 -3.810999999999999 0.11519999742507936 -1.8987333879470825 0.18069327 0.16369326 "" "" 27.14229740902244 "" 4.444791075343324 ""
78.73313505483 39.32125017359 0.0616 0.0364 18.7307 "" "" 188621597703187328 2474.50537 0.3978 0.0676 -1.098 -5.886 0.084 0.061 1.016 5261.4 4.3701 16.772236 1.449073 17.41419 15.965117 "" "" 2061.11792 2941.63623 3681.73342 2.3322 1478.2 9.2277 3259.2 11.471 "" "" 0.0028398600389468675 0.00732958 0.005374597 0.012704177 78.73313505483 39.32125017359 2474.50537 -1.0980000000000003 -5.88600000000001 -1.3728000025749207 -3.9737333879470826 0.18769327 0.16469327 "" "" 49.3114911166604 "" 8.249628452082222 ""
79.26064598836 39.26251020106 0.0605 0.0332 19.1052 "" "" 188626339346889984 2579.47388 0.3653 0.0645 -0.691 -1.291 0.076 0.056 0.987 7474.1 4.2721 16.77655 1.546611 17.491528 15.944917 "" "" 2245.18799 3017.7688 3667.13452 1.9035 1376.6 9.0652 3320.4 8.0014 "" "" 0.002812366294186788 0.007674939 0.0045966445 0.012271583 79.26064598836 39.26251020106 2579.47388 -0.6909999999999998 -1.291 -0.9658000025749206 0.6212666120529176 0.17969327 0.15969327 "" "" 14.040719725112993 "" 2.4441752782888004 ""
79.01640132206 39.66315665462 0.0532 0.0319 8.101 "" "" 188655858660355200 3055.55493 0.3148 0.062 -0.132 -3.718 0.079 0.056 0.954 7960.4 4.228 16.778198 1.117567 17.253553 16.135986 "" "" 2552.75073 3694.39038 3661.56773 1.8247 1713.9 10.762 2784.6 9.096 "" "" 0.0028079422605361737 0.007366463 0.005182864 0.012549328 79.01640132206 39.66315665462 3055.55493 -0.1319999999999995 -3.7180000000000044 -0.40680000257492066 -1.8057333879470825 0.18269327 0.15969327 "" "" 26.808481409031174 "" 4.31294265142585 ""
79.12378107802 39.72276080451 0.0532 0.0328 12.3357 "" "" 188657228754904448 2933.63965 0.3351 0.0645 1.69 -2.814 0.08 0.059 0.955 6083.7 4.4752 16.780594 1.29829 17.341629 16.043339 "" "" 2432.16724 3765.14941 3653.49968 2.1281 1580.4 8.7008 3032.7 10.199 "" "" 0.0028269678946851104 0.0065965937 0.0052550947 0.011851689 79.12378107802 39.72276080451 2933.63965 1.69 -2.814 1.4151999974250793 -0.9017333879470826 0.18369326 0.16269326 "" "" 23.334301895389096 "" 4.150800478445275 ""
79.08185342482 39.54678380596 0.0522 0.0315 2.4229 "" "" 188651082656763520 2924.10986 0.3333 0.0606 0.75 -0.466 0.073 0.058 1.033 8132.0 4.1983 16.781395 1.240767 17.320766 16.08 "" "" 2558.40503 3414.74683 3650.80342 1.8329 1611.1 8.6973 2932.0 6.0869 "" "" 0.0028087223630171685 0.0064914306 0.004400489 0.01089192 79.08185342482 39.54678380596 2924.10986 0.75 -0.4660000000000001 0.47519999742507935 1.4462666120529175 0.17669326 0.16169327 "" "" 21.09998272894009 "" 3.4438439612609772 ""
79.15200550032 39.46372033377 0.0524 0.0311 6.6847 "" "" 188638129035912320 2775.38672 0.3468 0.0628 1.23 -0.358 0.072 0.054 0.96 5649.6 4.5275 16.783735 1.499986 17.472685 15.972699 "" "" 2345.53101 3319.55786 3642.94323 1.7844 1400.7 7.1575 3236.5 8.159 "" "" 0.002806175545467208 0.0062101474 0.004666398 0.010876546 79.15200550032 39.46372033377 2775.38672 1.23 -0.358 0.9551999974250793 1.5542666120529174 0.17569327 0.15769327 "" "" 23.999567027222966 "" 3.907754452848749 ""
78.83655922917 39.72415803239 0.0548 0.033 14.8755 "" "" 188698155498324480 2401.67798 0.4197 0.0641 2.604 -4.478 0.072 0.053 0.955 "" "" 16.783762 1.480196 17.460953 15.980757 "" "" 2063.58374 3059.42554 3642.8541 2.1646 1415.9 8.4734 3212.6 7.5038 "" "" 0.002829842205180817 0.0070712916 0.004551375 0.011622666 78.83655922917 39.72415803239 2401.67798 2.6040000000000014 -4.4780000000000015 2.3291999974250794 -2.5657333879470823 0.17569327 0.15669326 "" "" 39.448578552297306 "" 6.530615729640153 ""
79.22730950943 39.67686014262 0.0495 0.031 12.5669 "" "" 188653071225571968 2365.87939 0.4044 0.0617 -0.368 -1.793 0.073 0.055 1.014 6029.0 4.47 16.791235 1.277533 17.347172 16.06964 "" "" 2046.78174 2835.87622 3617.86993 1.9245 1572.3 9.183 2960.1 7.0315 "" "" 0.002815200332909015 0.0069279317 0.004575523 0.011503454 79.22730950943 39.67686014262 2365.87939 -0.36799999999999977 -1.793 -0.6428000025749206 0.11926661205291755 0.17669326 0.15869327 "" "" 7.331562099478023 "" 1.2912626613800438 ""
78.90945599782 39.63463399559 0.0592 0.0355 8.5969 "" "" 188696678029594880 2762.95166 0.3586 0.0622 0.716 -0.594 0.08 0.056 0.958 9788.5 4.3824 16.792538 0.948786 17.10761 16.158825 "" "" 2379.70532 3282.65308 3613.52962 2.0561 1960.5 15.962 2726.6 28.978 "" "" 0.002823729256072416 0.009269733 0.012142246 0.021411978 78.90945599782 39.63463399559 2762.95166 0.716 -0.594 0.4411999974250793 1.3182666120529176 0.18369326 0.15969327 "" "" 18.205793619649352 "" 2.95428352717855 ""
79.17573986778 39.36145512898 0.0601 0.0327 11.9795 "" "" 188630737393736064 2587.49292 0.3788 0.0631 0.89 -2.384 0.074 0.055 0.967 8509.3 4.4483 16.796518 1.587811 17.531548 15.943736 "" "" 2225.64648 3012.10864 3600.30501 1.7952 1326.8 9.015 3324.0 8.7212 "" "" 0.002808002101667188 0.007887102 0.004732711 0.012619812 79.17573986778 39.36145512898 2587.49292 0.8900000000000001 -2.384 0.6151999974250794 -0.4717333879470824 0.17769328 0.15869327 "" "" 9.508149150274571 "" 1.6249866124054593 ""
