Clusters/Collinder_421/Collinder_421_members.tsv
# %ECSV 1.0
# ---
# datatype:
# - name: RA_ICRS_1
#   unit: deg
#   datatype: float64
#   format: '{:15.11f}'
#   description: Right ascension (ICRS) at Ep=2016.0 (ra)
#   meta: !!omap
#   - {ucd: POS_EQ_RA_MAIN}
#   - {width: 15}
#   - {precision: '11'}
# - name: DE_ICRS_1
#   unit: deg
#   datatype: float64
#   format: '{:15.11f}'
#   description: Declination (ICRS) at Ep=2016.0 (dec)
#   meta: !!omap
#   - {ucd: POS_EQ_DEC_MAIN}
#   - {width: 15}
#   - {precision: '11'}
# - name: e_RA_ICRS
#   unit: mas
#   datatype: float64
#   format: '{:7.4f}'
#   description: Standard error of right ascension (ra_error)
#   meta: !!omap
#   - {ucd: ERROR}
#   - {width: 7}
#   - {precision: '4'}
# - name: e_DE_ICRS
#   unit: mas
#   datatype: float64
#   format: '{:7.4f}'
#   description: Standard error of declination (dec_error)
#   meta: !!omap
#   - {ucd: ERROR}
#   - {width: 7}
#   - {precision: '4'}
# - name: _r_1
#   unit: ''
#   datatype: float64
#   format: '{:7.4f}'
#   description: Distance from center (305.83700742000+41.70340596000)[ICRS], at Epoch=J2016.0
#   meta: !!omap
#   - {ucd: POS_ANG_DIST_GENERAL}
#   - {width: 7}
#   - {precision: '4'}
# - name: HIP
#   datatype: int32
#   description: '? HIP cross-id number, van Leeuwen, Cat. I/311 (hip_original_ext_source_id)'
#   meta: !!omap
#   - {ucd: ID_NUMBER}
#   - {width: 6}
#   - values: {'null': -2147483648}
# - name: TYC2
#   datatype: string
#   description: Tycho-2 cross-id name, Hog et al., Cat. I/259 (tyc2_original_ext_source_id)
#   meta: !!omap
#   - {ucd: ID_CROSSID}
#   - {_votable_string_dtype: char}
# - name: Source
#   datatype: int64
#   description: Source identifier, identical to the Gaia-EDR3 source_id (id)
#   meta: !!omap
#   - {ucd: ID_MAIN}
#   - {width: 19}
# - name: rgeo
#   unit: pc
#   datatype: float64
#   format: '{:15.8f}'
#   description: '? Median of the geometric distance posterior (r_med_geo)'
#   meta: !!omap
#   - {ucd: PHYS_DISTANCE_TRUE}
#   - {width: 15}
#   - {precision: '8'}
#   - values: {'null': .nan}
# - name: Plx
#   unit: mas
#   datatype: float64
#   format: '{:9.4f}'
#   description: '? Parallax (parallax)'
#   meta: !!omap
#   - {ucd: POS_PARLX_TRIG}
#   - {width: 9}
#   - {precision: '4'}
#   - values: {'null': .nan}
# - name: e_Plx
#   unit: mas
#   datatype: float32
#   format: '{:7.4f}'
#   description: '? Standard error of parallax (parallax_error)'
#   meta: !!omap
#   - {ucd: ERROR}
#   - {width: 7}
#   - {precision: '4'}
#   - values: {'null': .nan}
# - name: pmRA
#   unit: mas / yr
#   datatype: float64
#   format: '{:9.3f}'
#   description: '? Proper motion in right ascension direction, pmRA*cosDE (pmra)'
#   meta: !!omap
#   - {ucd: POS_EQ_PMRA}
#   - {width: 9}
#   - {precision: '3'}
#   - values: {'null': .nan}
# - name: pmDE
#   unit: mas / yr
#   datatype: float64
#   format: '{:9.3f}'
#   description: '? Proper motion in declination direction (pmdec)'
#   meta: !!omap
#   - {ucd: POS_EQ_PMDEC}
#   - {width: 9}
#   - {precision: '3'}
#   - values: {'null': .nan}
# - name: e_pmRA
#   unit: mas / yr
#   datatype: float32
#   format: '{:6.3f}'
#   description: '? Standard error of proper motion in right ascension direction (pmra_error)'
#   meta: !!omap
#   - {ucd: ERROR}
#   - {width: 6}
#   - {precision: '3'}
#   - values: {'null': .nan}
# - name: e_pmDE
[...]
#       distance: !astropy.table.SerializedColumn
#         __class__: astropy.coordinates.distances.Distance
#         unit: !astropy.units.Unit {unit: pc}
#         value: !astropy.table.SerializedColumn {name: SkyCoord.distance}
#       frame: icrs
#       obstime: !astropy.time.Time {format: jyear_str, in_subfmt: '*', jd1: 367701545.0, jd2: 0.0, out_subfmt: '*', precision: 3, scale: tt}
#       pm_dec: !astropy.table.SerializedColumn
#         __class__: astropy.units.quantity.Quantity
#         unit: !astropy.units.Unit {unit: mas / yr}
#         value: !astropy.table.SerializedColumn {name: SkyCoord.pm_dec}
#       pm_ra_cosdec: !astropy.table.SerializedColumn
#         __class__: astropy.units.quantity.Quantity
#         unit: !astropy.units.Unit {unit: mas / yr}
#         value: !astropy.table.SerializedColumn {name: SkyCoord.pm_ra_cosdec}
#       ra: !astropy.table.SerializedColumn
#         __class__: astropy.coordinates.angles.Longitude
#         unit: *id001
#         value: !astropy.table.SerializedColumn {name: SkyCoord.ra}
#         wrap_angle: !astropy.coordinates.Angle
#           unit: *id001
#           value: 360.0
#       representation_type: spherical
# schema: astropy-2.0
RA_ICRS_1 DE_ICRS_1 e_RA_ICRS e_DE_ICRS _r_1 HIP TYC2 Source rgeo Plx e_Plx pmRA pmDE e_pmRA e_pmDE RUWE Teff logg Gmag BP-RP BPmag RPmag RV e_RV b_rgeo B_rgeo FG e_FG FBP e_FBP FRP e_FRP RAVE5 RAVE6 e_Gmag e_BPmag e_RPmag e_BP-RP SkyCoord.ra SkyCoord.dec SkyCoord.distance SkyCoord.pm_ra_cosdec SkyCoord.pm_dec rmRA rmDE e_rmRA e_rmDE rRV e_rRV v_pec v_pec3d e_vpec e_vpec3d Pmemb
[from data line 62]
305.99700320374 41.84488814939 0.0165 0.0188 11.1048 "" "" 2068477041693616128 1142.51721 0.8465 0.0208 -3.626 -8.342 0.022 0.023 1.114 7953.3 4.019 15.031558 1.496141 15.716621 14.220481 "" "" 1121.83472 1167.0022 18294.61846 4.8412 7059.4 12.839 16254.0 17.722 "" "" 0.0027702594931957596 0.0034182228 0.003960442 0.007378665 305.99700320374 41.84488814939 1142.51721 -3.6260000000000012 -8.342 0.012058900833129993 0.035235412597655724 0.12519601 0.12619601 "" "" 0.20168412368399125 "" 0.025430661202405946 "" 1.0
305.55129767396 41.57473479267 0.0169 0.02 14.9578 "" "" 2068492537935934976 1197.96228 0.8057 0.0219 -3.704 -8.377 0.024 0.026 1.036 "" "" 15.070804 1.684375 15.862904 14.178529 "" "" 1170.37598 1235.36206 17645.1412 6.3075 6169.6 13.568 16895.0 24.626 "" "" 0.0027825204191949974 0.0036723628 0.004097343 0.0077697057 305.55129767396 41.57473479267 1197.96228 -3.704000000000002 -8.377000000000004 -0.0659410991668703 0.0002354125976555821 0.12719601 0.12919602 "" "" 0.3744384467730266 "" 0.04762708751024696 "" 0.9
306.11810140343 41.67281948666 0.015 0.0179 12.7279 "" "" 2068460514659391616 1154.10535 0.8422 0.0195 -3.738 -8.424 0.02 0.021 1.0 7205.7 4.2968 15.144918 1.288163 15.707502 14.419339 "" "" 1127.10193 1181.1095 16480.842 3.7943 7118.9 11.409 13534.0 13.028 "" "" 0.002766635348890694 0.0032882798 0.003921231 0.0072095105 306.11810140343 41.67281948666 1154.10535 -3.7380000000000004 -8.424000000000005 -0.0999410991668701 -0.04676458740234324 0.123196006 0.12419601 "" "" 0.6036162946629673 "" 0.07447190010454856 "" 1.0
305.84443151791 41.63610322414 0.0191 0.0227 4.0518 "" "" 2068451924724861824 1120.27783 0.8677 0.0263 -3.56 -8.391 0.025 0.025 1.135 7978.8 4.312 15.151814 1.597587 15.894026 14.296439 13.64 10.99 1090.974 1160.20911 16376.50127 5.1568 5995.2 14.875 15156.0 11.441 "" "" 0.0027764503589783013 0.0038784037 0.003867231 0.0077456348 305.84443151791 41.63610322414 1120.27783 -3.5599999999999996 -8.391 0.07805890083312983 -0.013764587402343764 0.12819602 0.12819602 10.3515 12.653425 0.4208968922020506 10.36005339966283 0.053957304707730525 12.642978568383887 0.9
305.81432907938 41.7793972349 0.0163 0.0197 4.6712 "" "" 2068500784272860288 1146.31262 0.8441 0.0214 -3.855 -8.287 0.022 0.024 0.984 "" "" 15.252001 1.503809 15.935347 14.431538 "" "" 1116.7074 1173.50757 14932.97166 4.2045 5771.4 11.4 13383.0 20.009 "" "" 0.002772226648910931 0.0035191467 0.0041132467 0.0076323934 305.81432907938 41.7793972349 1146.31262 -3.855 -8.287 -0.2169410991668701 0.09023541259765544 0.12519601 0.12719601 "" "" 1.2766564546115848 "" 0.1602114466741715 "" 1.0
305.77279492369 41.75498569457 0.0173 0.0212 4.2243 "" "" 2068500337596267264 1128.07446 0.8563 0.0228 -3.49 -8.584 0.024 0.026 0.971 "" "" 15.273046 1.440478 15.910189 14.46971 "" "" 1104.95764 1158.93433 14646.31577 4.3728 5906.7 24.217 12920.0 35.926 "" "" 0.002774322838868751 0.005253598 0.0048371893 0.010090787 305.77279492369 41.75498569457 1128.07446 -3.49 -8.584 0.14805890083312967 -0.20676458740234338 0.12719601 0.12919602 "" "" 1.3598084069552023 "" 0.1747647352898719 "" 0.9
305.54269862798 41.71747053624 0.0192 0.0209 13.2094 "" "" 2068496695464048896 1173.97632 0.8255 0.0232 -3.401 -8.462 0.026 0.027 1.023 9617.5 4.2379 15.297598 1.565571 16.022604 14.457033 "" "" 1133.99573 1205.5675 14318.83001 4.3529 5325.7 10.755 13072.0 13.215 "" "" 0.0027750189717974548 0.003548593 0.003935541 0.0074841343 305.54269862798 41.71747053624 1173.97632 -3.4010000000000002 -8.462 0.23705890083313008 -0.0847645874023435 0.12919602 0.130196 "" "" 1.40094312205932 "" 0.1811556273558889 "" 0.9
305.65566518208 41.59380211355 0.0195 0.0209 10.457 "" "" 2068492125619082496 1178.28235 0.8209 0.0236 -3.719 -8.412 0.028 0.029 1.001 9253.6 4.0446 15.303713 1.631111 16.067272 14.436161 "" "" 1143.87781 1212.93884 14238.41613 4.1957 5111.0 10.443 13326.0 12.922 "" "" 0.0027738331433593065 0.0035646085 0.003923284 0.007487892 305.65566518208 41.59380211355 1178.28235 -3.7190000000000003 -8.412000000000003 -0.08094109916686998 -0.03476458740234456 0.131196 0.13219601 "" "" 0.49199381130952025 "" 0.0646244948893657 "" 1.0
306.19054522685 41.6008099637 0.0185 0.0206 17.0031 "" "" 2068459140269811072 1150.98242 0.8405 0.0228 -3.736 -8.378 0.026 0.027 1.085 6825.4 4.3723 15.337316 1.218639 15.859858 14.641219 "" "" 1125.21436 1177.77832 13804.49976 3.7866 6186.9 13.218 11032.0 9.9346 "" "" 0.0027713689447471193 0.0036284553 0.0039038046 0.00753226 306.19054522685 41.6008099637 1150.98242 -3.735999999999999 -8.377999999999998 -0.09794109916687033 -0.0007645874023438637 0.12919602 0.130196 "" "" 0.5343492927142414 "" 0.06903583351791 "" 1.0
305.77608256541 41.51372245547 0.0203 0.0219 11.7046 "" "" 2068446702044919808 1174.31396 0.8293 0.026 -3.414 -8.469 0.029 0.026 1.112 "" "" 15.391709 1.773606 16.246967 14.473361 "" "" 1138.53809 1212.05627 13129.94286 4.2065 4331.4 12.026 12877.0 15.888 "" "" 0.00277718988387002 0.0041075954 0.004009774 0.008117369 305.77608256541 41.51372245547 1174.31396 -3.414000000000002 -8.469 0.22405890083312974 -0.09176458740234317 0.13219601 0.12919602 "" "" 1.347711917242213 "" 0.17758703641193474 "" 0.8
305.94495601601 41.98650366116 0.0201 0.0214 17.6579 "" "" 2068527241271415680 1198.09851 0.8084 0.0245 -3.594 -8.405 0.025 0.026 1.108 7448.4 4.1151 15.393887 1.613735 16.144056 14.530321 "" "" 1166.78406 1229.79358 13103.62908 10.528 4762.1 18.853 12219.0 33.09 "" "" 0.002890110927741249 0.0051245727 0.004788407 0.00991298 305.94495601601 41.98650366116 1198.09851 -3.5939999999999985 -8.405 0.04405890083313002 -0.02776458740234311 0.12819602 0.12919602 "" "" 0.29574706328753386 "" 0.03799789234995937 "" 1.0
306.0091118857 41.74703049083 0.0186 0.0231 8.1393 "" "" 2068473571360014208 1146.84021 0.8464 0.0241 -3.627 -8.244 0.024 0.028 1.067 7874.7 4.2466 15.43093 1.602395 16.176252 14.573857 "" "" 1111.11267 1180.94031 12664.11475 4.583 4622.9 11.274 11739.0 17.67 "" "" 0.0027831945865555777 0.003846554 0.004117601 0.007964155 306.0091118857 41.74703049083 1146.84021 -3.6270000000000007 -8.244 0.011058900833130103 0.13323541259765648 0.12719601 0.131196 "" "" 0.7267613446009408 "" 0.09532859688671819 "" 1.0
305.81784859381 41.72879939672 0.0205 0.0228 1.7486 "" "" 2068453367833900416 1190.5321 0.8128 0.0263 -3.561 -8.402 0.027 0.029 1.076 7332.0 4.2589 15.439099 1.504538 16.127113 14.622576 "" "" 1153.2644 1229.78992 12569.18004 3.9153 4836.9 10.884 11223.0 10.912 "" "" 0.0027759995094488814 0.0037086264 0.003924044 0.00763267 305.81784859381 41.72879939672 1190.5321 -3.561 -8.402 0.07705890083312994 -0.024764587402342997 0.130196 0.13219601 "" "" 0.4567569351148701 "" 0.05955403862780748 "" 0.9
305.52247970514 41.83107141145 0.0189 0.0233 16.0248 "" "" 2068503911009134592 1147.52722 0.8391 0.0242 -3.536 -8.44 0.025 0.031 1.046 "" "" 15.528994 1.747381 16.3637 14.61632 "" "" 1117.20544 1180.82715 11570.42417 3.8493 3889.9 8.5182 11288.0 10.979 "" "" 0.0027788955130915336 0.003665774 0.0039241426 0.0075899167 305.52247970514 41.83107141145 1147.52722 -3.5360000000000023 -8.44 0.10205890083312985 -0.06276458740234325 0.12819602 0.13419601 "" "" 0.6517021871204715 "" 0.08463664598741037 "" 0.8
305.68381326734 41.73583248482 0.0199 0.0246 7.1313 "" "" 2068499783544098432 1163.30505 0.8308 0.0253 -3.607 -8.467 0.029 0.03 0.962 7894.8 4.199 15.549758 1.583154 16.285686 14.702533 "" "" 1130.62585 1194.30933 11351.24703 3.1818 4179.7 11.027 10427.0 13.191 "" "" 0.0027720768227469314 0.003998743 0.0040212376 0.00801998 305.68381326734 41.73583248482 1163.30505 -3.607 -8.467 0.031058900833129677 -0.08976458740234428 0.13219601 0.13319601 "" "" 0.5237589590140449 "" 0.06970679238089693 "" 1.0
305.82634053112 41.87661277304 0.02 0.0226 10.4034 "" "" 2068524801729997184 1164.37952 0.8323 0.025 -3.59 -8.339 0.027 0.028 1.015 7085.3 4.2689 15.628561 1.536992 16.34035 14.803357 "" "" 1132.03625 1194.25464 10556.55372 3.2757 3974.4 9.4609 9502.0 10.734 "" "" 0.002775841090678804 0.003803282 0.0039734184 0.0077767004 305.82634053112 41.87661277304 1164.37952 -3.590000000000001 -8.339 0.048058900833130025 0.03823541259765584 0.130196 0.131196 "" "" 0.3389502709569781 "" 0.044261663207010395 "" 1.0
305.8996368646 41.86652982711 0.0214 0.0239 10.1806 "" "" 2068478038126260352 1166.97498 0.8273 0.0274 -3.733 -8.231 0.03 0.028 1.011 6732.7 4.2406 15.686535 1.576216 16.423157 14.846941 "" "" 1140.93848 1206.79541 10007.66297 3.4712 3682.6 11.553 9128.1 12.134 "" "" 0.0027809370829377598 0.0044030612 0.004045585 0.008448646 305.8996368646 41.86652982711 1166.97498 -3.7329999999999988 -8.231 -0.09494109916687021 0.14623541259765638 0.13319601 0.131196 "" "" 0.9644211733966152 "" 0.12710320266781616 "" 1.0
305.59261895873 41.37575663332 0.0225 0.0258 22.5152 "" "" 2068441273205782272 1258.48157 0.7689 0.0289 -3.641 -8.248 0.032 0.037 0.977 8985.5 4.2264 15.697185 1.664504 16.4801 14.815597 "" "" 1207.08679 1311.29565 9909.98643 3.8086 3494.4 12.205 9395.5 11.887 "" "" 0.002786737018033526 0.004708048 0.0040212744 0.008729322 305.59261895873 41.37575663332 1258.48157 -3.641000000000002 -8.248000000000005 -0.0029410991668701314 0.12923541259765692 0.13519602 0.14019601 "" "" 0.7711150321105864 "" 0.10810529087312216 "" 0.9
305.7014680772 41.5737316612 0.0251 0.0307 9.8729 "" "" 2068444949698298112 1099.76624 0.8807 0.0322 -3.771 -8.433 0.032 0.039 0.968 "" "" 15.828737 1.646832 16.607346 14.960513 "" "" 1070.15381 1143.4093 8779.1362 3.2137 3108.0 12.123 8221.5 10.338 "" "" 0.0027838377342804667 0.005071516 0.0040184096 0.009089926 305.7014680772 41.5737316612 1099.76624 -3.7710000000000012 -8.433 -0.13294109916687002 -0.05576458740234358 0.13519602 0.14219601 "" "" 0.75150713128038 "" 0.10240508016987639 "" 0.9
305.74353414048 41.62580695157 0.0243 0.0301 6.2635 "" "" 2068450997011948288 1188.00928 0.8117 0.0318 -3.506 -8.378 0.032 0.036 1.026 7955.4 4.1391 15.933943 1.615189 16.691113 15.075924 "" "" 1145.96313 1230.86218 7968.37243 3.1367 2877.2 8.794 7392.5 11.239 "" "" 0.0027882708582331038 0.0043356004 0.0041241297 0.00845973 305.74353414048 41.62580695157 1188.00928 -3.5059999999999993 -8.378 0.1320589008331301 -0.0007645874023438637 0.13519602 0.13919601 "" "" 0.7436577903798584 "" 0.1005396711451507 "" 0.9
305.99241537052 41.80410182392 0.0248 0.0288 9.2136 "" "" 2068476698096224128 1149.6333 0.838 0.0317 -3.642 -8.395 0.032 0.034 0.92 8359.2 4.2017 16.011614 1.88778 16.93901 15.05123 "" "" 1115.94568 1194.21045 7418.24971 3.1251 2289.9 10.286 7562.5 9.9305 "" "" 0.002793026156103519 0.0056187497 0.0040393523 0.009658102 305.99241537052 41.80410182392 1149.6333 -3.6420000000000017 -8.395000000000003 -0.003941099166870021 -0.017764587402343324 0.13519602 0.137196 "" "" 0.09915752544574467 "" 0.013594778201022355 "" 0.8
305.77222574149 41.75435303377 0.025 0.0305 4.2141 "" "" 2068500337596267392 1269.97778 0.7628 0.0329 -3.569 -8.392 0.034 0.038 1.001 6099.8 4.2184 16.03968 1.556104 16.744576 15.188472 "" "" 1227.85059 1324.38489 7228.94162 3.7873 2739.0 20.627 6664.5 20.6 "" "" 0.00281342357396145 0.008639473 0.005054361 0.013693834 305.77222574149 41.75435303377 1269.97778 -3.568999999999999 -8.392 0.06905890083312993 -0.01476458740234321 0.137196 0.14119601 "" "" 0.4251082990092474 "" 0.05839852296853826 "" 0.8
305.83232934908 41.4016186015 0.0273 0.0281 18.1085 "" "" 2068439349060892160 1115.79517 0.8709 0.0334 -3.688 -8.36 0.039 0.035 1.023 6934.9 4.3351 16.047443 1.509552 16.74041 15.230858 "" "" 1081.19788 1152.39868 7177.443 3.1967 2749.5 9.805 6409.4 10.148 "" "" 0.0027974320783094664 0.0047724466 0.0041519688 0.008924415 305.83232934908 41.4016186015 1115.79517 -3.687999999999999 -8.36 -0.049941099166870284 0.01723541259765682 0.14219601 0.138196 "" "" 0.2794191605152795 "" 0.03961483795336448 "" 0.8
305.80168115721 41.58966105868 0.0257 0.0301 7.0061 "" "" 2068450275457421312 1199.52795 0.8056 0.0345 -3.648 -8.451 0.033 0.033 1.008 15011.5 4.6045 16.05141 1.644084 16.816357 15.172273 "" "" 1142.67834 1243.28674 7151.26385 3.2516 2563.7 15.464 6764.7 12.414 "" "" 0.002799196597662816 0.0071186535 0.0042724214 0.011391075 305.80168115721 41.58966105868 1199.52795 -3.6480000000000015 -8.451 -0.009941099166870249 -0.07376458740234426 0.13619602 0.13619602 "" "" 0.42319950999287137 "" 0.05763808776966399 "" 0.9
305.92592512578 41.76822047045 0.0246 0.0296 5.5653 "" "" 2068476423218326528 1188.0603 0.8091 0.0315 -3.613 -8.463 0.031 0.036 1.049 "" "" 16.057062 1.985658 17.046171 15.060514 "" "" 1145.17505 1230.71362 7114.12788 3.4527 2074.7 10.635 7498.1 11.981 "" "" 0.0028052549884064744 0.0062257666 0.004158544 0.01038431 305.92592512578 41.76822047045 1188.0603 -3.613 -8.463 0.025058900833129893 -0.08576458740234294 0.13419601 0.13919601 "" "" 0.5031689609728623 "" 0.06984450941101895 "" 1.0
305.95390770606 41.38841017697 0.0295 0.031 19.6152 "" "" 2068432511472957184 1252.24988 0.7802 0.0363 -3.652 -8.367 0.043 0.038 1.023 6529.0 4.3593 16.064955 1.417995 16.69788 15.279885 "" "" 1198.49158 1330.1178 7062.60948 3.6474 2859.3 18.004 6126.4 11.341 "" "" 0.0028117950104190343 0.007383951 0.004280578 0.011664528 305.95390770606 41.38841017697 1252.24988 -3.6520000000000015 -8.366999999999997 -0.013941099166870252 0.010235412597655369 0.14619601 0.14119601 "" "" 0.10265746940946435 "" 0.014830359119245063 "" 0.9
305.72265844955 41.57446252562 0.0279 0.0316 9.2815 "" "" 2068450752197262208 1118.15649 0.8674 0.035 -3.743 -8.205 0.037 0.039 1.025 8312.5 4.4128 16.085112 1.70611 16.896591 15.190481 "" "" 1079.94128 1158.57739 6932.69432 3.1456 2381.1 6.6501 6652.2 11.242 "" "" 0.0027990139701047226 0.00412068 0.004201242 0.008321922 305.72265844955 41.57446252562 1118.15649 -3.7430000000000017 -8.204999999999998 -0.10494109916687 0.17223541259765618 0.14019601 0.14219601 "" "" 1.0689538941054892 "" 0.15142516792164262 "" 0.9
305.94526718349 41.98512746466 0.03 0.0318 17.5823 "" "" 2068527241271415296 1152.18567 0.8467 0.0365 -3.6 -8.382 0.038 0.038 1.036 6351.9 4.2314 16.133364 1.62562 16.810575 15.184956 "" "" 1108.89783 1200.20361 6631.34328 3.5134 2577.4 30.587 6686.1 37.892 "" "" 0.002814727779636547 0.01318349 0.0072211656 0.020404655 305.94526718349 41.98512746466 1152.18567 -3.600000000000002 -8.382000000000005 0.038058900833129794 -0.004764587402343423 0.14119601 0.14119601 "" "" 0.20947581954740577 "" 0.029577150434623983 "" 1.0
305.76394471992 41.92502394027 0.0262 0.0307 13.6926 "" "" 2068525901241652224 1173.04236 0.8348 0.033 -3.723 -8.454 0.035 0.038 1.019 6698.9 4.3529 16.135038 1.536334 16.848951 15.312617 "" "" 1122.64722 1213.99609 6621.1213 3.2862 2487.9 10.358 5944.4 12.568 "" "" 0.002807520962291925 0.0053120772 0.0044218968 0.009733974 305.76394471992 41.92502394027 1173.04236 -3.7230000000000016 -8.454 -0.08494109916686998 -0.07676458740234438 0.138196 0.14119601 "" "" 0.6365856009432905 "" 0.08883722872033666 "" 0.8
305.69282123084 41.45748889915 0.0282 0.032 16.1117 "" "" 2068443266071100800 1089.07593 0.8992 0.0359 -3.55 -8.481 0.04 0.043 1.042 8973.5 4.3735 16.152456 1.8815 17.080545 15.199045 "" "" 1044.72034 1138.05066 6515.74484 3.0597 2010.0 9.4015 6599.9 13.97 "" "" 0.0028020942936126227 0.005794395 0.004423273 0.0102176685 305.69282123084 41.45748889915 1089.07593 -3.55 -8.481 0.08805890083313006 -0.10376458740234362 0.14319602 0.14619601 "" "" 0.7025449330062877 "" 0.1018321732543598 "" 1.0
