Clusters/Collinder_421/Collinder_421_members.tsv
# %ECSV 1.0
# ---
# datatype:
# - name: RA_ICRS_1
#   unit: deg
#   datatype: float64
#   format: '{:15.11f}'
#   description: Right ascension (ICRS) at Ep=2016.0 (ra)
#   meta: !!omap
#   - {ucd: POS_EQ_RA_MAIN}
#   - {width: 15}
#   - {precision: '11'}
# - name: DE_ICRS_1
#   unit: deg
#   datatype: float64
#   format: '{:15.11f}'
#   description: Declination (ICRS) at Ep=2016.0 (dec)
#   meta: !!omap
#   - {ucd: POS_EQ_DEC_MAIN}
#   - {width: 15}
#   - {precision: '11'}
# - name: e_RA_ICRS
#   unit: mas
#   datatype: float64
#   format: '{:7.4f}'
#   description: Standard error of right ascension (ra_error)
#   meta: !!omap
#   - {ucd: ERROR}
#   - {width: 7}
#   - {precision: '4'}
# - name: e_DE_ICRS
#   unit: mas
#   datatype: float64
#   format: '{:7.4f}'
#   description: Standard error of declination (dec_error)
#   meta: !!omap
#   - {ucd: ERROR}
#   - {width: 7}
#   - {precision: '4'}
# - name: _r_1
#   unit: ''
#   datatype: float64
#   format: '{:7.4f}'
#   description: Distance from center (305.83700742000+41.70340596000)[ICRS], at Epoch=J2016.0
#   meta: !!omap
#   - {ucd: POS_ANG_DIST_GENERAL}
#   - {width: 7}
#   - {precision: '4'}
# - name: HIP
#   datatype: int32
#   description: '? HIP cross-id number, van Leeuwen, Cat. I/311 (hip_original_ext_source_id)'
#   meta: !!omap
#   - {ucd: ID_NUMBER}
#   - {width: 6}
#   - values: {'null': -2147483648}
# - name: TYC2
#   datatype: string
#   description: Tycho-2 cross-id name, Hog et al., Cat. I/259 (tyc2_original_ext_source_id)
#   meta: !!omap
#   - {ucd: ID_CROSSID}
#   - {_votable_string_dtype: char}
# - name: Source
#   datatype: int64
#   description: Source identifier, identical to the Gaia-EDR3 source_id (id)
#   meta: !!omap
#   - {ucd: ID_MAIN}
#   - {width: 19}
# - name: rgeo
#   unit: pc
#   datatype: float64
#   format: '{:15.8f}'
#   description: '? Median of the geometric distance posterior (r_med_geo)'
#   meta: !!omap
#   - {ucd: PHYS_DISTANCE_TRUE}
#   - {width: 15}
#   - {precision: '8'}
#   - values: {'null': .nan}
# - name: Plx
#   unit: mas
#   datatype: float64
#   format: '{:9.4f}'
#   description: '? Parallax (parallax)'
#   meta: !!omap
#   - {ucd: POS_PARLX_TRIG}
#   - {width: 9}
#   - {precision: '4'}
#   - values: {'null': .nan}
# - name: e_Plx
#   unit: mas
#   datatype: float32
#   format: '{:7.4f}'
#   description: '? Standard error of parallax (parallax_error)'
#   meta: !!omap
#   - {ucd: ERROR}
#   - {width: 7}
#   - {precision: '4'}
#   - values: {'null': .nan}
# - name: pmRA
#   unit: mas / yr
#   datatype: float64
#   format: '{:9.3f}'
#   description: '? Proper motion in right ascension direction, pmRA*cosDE (pmra)'
#   meta: !!omap
#   - {ucd: POS_EQ_PMRA}
#   - {width: 9}
#   - {precision: '3'}
#   - values: {'null': .nan}
# - name: pmDE
#   unit: mas / yr
#   datatype: float64
#   format: '{:9.3f}'
#   description: '? Proper motion in declination direction (pmdec)'
#   meta: !!omap
#   - {ucd: POS_EQ_PMDEC}
#   - {width: 9}
#   - {precision: '3'}
#   - values: {'null': .nan}
# - name: e_pmRA
#   unit: mas / yr
#   datatype: float32
#   format: '{:6.3f}'
#   description: '? Standard error of proper motion in right ascension direction (pmra_error)'
#   meta: !!omap
#   - {ucd: ERROR}
#   - {width: 6}
#   - {precision: '3'}
#   - values: {'null': .nan}
# - name: e_pmDE
[...]
#       distance: !astropy.table.SerializedColumn
#         __class__: astropy.coordinates.distances.Distance
#         unit: !astropy.units.Unit {unit: pc}
#         value: !astropy.table.SerializedColumn {name: SkyCoord.distance}
#       frame: icrs
#       obstime: !astropy.time.Time {format: jyear_str, in_subfmt: '*', jd1: 367701545.0, jd2: 0.0, out_subfmt: '*', precision: 3, scale: tt}
#       pm_dec: !astropy.table.SerializedColumn
#         __class__: astropy.units.quantity.Quantity
#         unit: !astropy.units.Unit {unit: mas / yr}
#         value: !astropy.table.SerializedColumn {name: SkyCoord.pm_dec}
#       pm_ra_cosdec: !astropy.table.SerializedColumn
#         __class__: astropy.units.quantity.Quantity
#         unit: !astropy.units.Unit {unit: mas / yr}
#         value: !astropy.table.SerializedColumn {name: SkyCoord.pm_ra_cosdec}
#       ra: !astropy.table.SerializedColumn
#         __class__: astropy.coordinates.angles.Longitude
#         unit: *id001
#         value: !astropy.table.SerializedColumn {name: SkyCoord.ra}
#         wrap_angle: !astropy.coordinates.Angle
#           unit: *id001
#           value: 360.0
#       representation_type: spherical
# schema: astropy-2.0
RA_ICRS_1 DE_ICRS_1 e_RA_ICRS e_DE_ICRS _r_1 HIP TYC2 Source rgeo Plx e_Plx pmRA pmDE e_pmRA e_pmDE RUWE Teff logg Gmag BP-RP BPmag RPmag RV e_RV b_rgeo B_rgeo FG e_FG FBP e_FBP FRP e_FRP RAVE5 RAVE6 e_Gmag e_BPmag e_RPmag e_BP-RP SkyCoord.ra SkyCoord.dec SkyCoord.distance SkyCoord.pm_ra_cosdec SkyCoord.pm_dec rmRA rmDE e_rmRA e_rmDE rRV e_rRV v_pec v_pec3d e_vpec e_vpec3d Pmemb
[from data line 93]
305.71703292891 41.62855759318 0.027 0.0333 7.0061 "" "" 2068451237530124928 1138.36206 0.856 0.0342 -3.655 -8.234 0.036 0.043 1.023 7739.4 4.4026 16.20345 1.665786 16.985844 15.320058 "" "" 1104.66565 1186.38635 6216.80759 3.2008 2193.2 15.422 5903.8 14.451 "" "" 0.0028114543542914114 0.008128487 0.0046202377 0.012748724 305.71703292891 41.62855759318 1138.36206 -3.6549999999999994 -8.234000000000004 -0.016941099166869922 0.14323541259765626 0.13919601 0.14619601 "" "" 0.778261864394527 "" 0.1137053955819383 "" 1.0
305.95427352114 41.75517595835 0.0278 0.0334 6.1009 "" "" 2068476251419624064 1095.02515 0.887 0.0364 -3.835 -8.42 0.037 0.04 1.008 "" "" 16.239847 1.77841 17.097086 15.318676 "" "" 1059.9707 1140.75403 6011.84709 2.7676 1979.6 14.177 5911.4 16.319 "" "" 0.002800288635092513 0.008261007 0.0048236316 0.013084639 305.95427352114 41.75517595835 1095.02515 -3.834999999999998 -8.42 -0.19694109916687008 -0.04276458740234368 0.14019601 0.14319602 "" "" 1.0460286035610717 "" 0.14679178264030388 "" 1.0
305.66697906123 41.62956762102 0.028 0.0324 8.8151 "" "" 2068498104213272448 1121.27356 0.8642 0.0349 -3.724 -8.337 0.037 0.042 1.011 "" "" 16.263733 1.748941 17.106045 15.357104 "" "" 1071.54797 1165.42773 5881.02922 2.6807 1963.4 8.1457 5705.8 12.411 "" "" 0.0027994137538486998 0.005298615 0.0044565788 0.009755194 305.66697906123 41.62956762102 1121.27356 -3.7239999999999984 -8.336999999999994 -0.08594109916687032 0.040235412597656506 0.14019601 0.145196 "" "" 0.5043430229956455 "" 0.07116682511640327 "" 1.0
305.84994828061 41.76299165003 0.0291 0.0328 3.6218 "" "" 2068453814510497152 1179.59143 0.8212 0.0365 -3.656 -8.31 0.037 0.039 1.045 7831.9 4.3161 16.284412 1.715522 17.107841 15.39232 "" "" 1130.10449 1235.67188 5770.07827 2.6259 1960.1 9.83 5523.7 11.465 "" "" 0.002799273278612529 0.0061182766 0.0044002547 0.010518531 305.84994828061 41.76299165003 1179.59143 -3.6559999999999984 -8.31 -0.017941099166870256 0.06723541259765575 0.14019601 0.14219601 "" "" 0.3890845950179488 "" 0.055274893107808316 "" 0.8
305.87433100147 41.73063122065 0.0285 0.036 2.3372 "" "" 2068453539632577536 1204.40271 0.811 0.0383 -3.629 -8.224 0.038 0.04 0.96 5096.1 4.2649 16.316645 1.646435 17.096136 15.449701 "" "" 1145.71252 1266.49536 5601.29611 3.2183 1981.4 14.562 5239.4 10.379 "" "" 0.002825056848604703 0.008453209 0.0043485207 0.012801729 305.87433100147 41.73063122065 1204.40271 -3.6289999999999982 -8.224 0.00905890083312988 0.15323541259765605 0.14119601 0.14319602 "" "" 0.8763282033455152 "" 0.12548064638029552 "" 0.9
305.91691795415 41.66490757731 0.0329 0.0392 4.2611 "" "" 2068449450823684992 1142.93384 0.8561 0.0432 -3.559 -8.519 0.045 0.048 1.166 7136.4 4.3362 16.341944 1.755054 17.192831 15.437777 "" "" 1093.78198 1190.67407 5472.29273 2.7645 1812.5 6.7828 5297.2 12.107 "" "" 0.0028093833189280814 0.00492886 0.004521236 0.009450096 305.91691795415 41.66490757731 1142.93384 -3.559 -8.519000000000002 0.07905890083312972 -0.14176458740234388 0.14819601 0.151196 "" "" 0.879365060687097 "" 0.1323354179552271 "" 0.8
305.94788115141 41.65635992453 0.0309 0.0372 5.7144 "" "" 2068449210305507584 1181.12463 0.81 0.0413 -3.595 -8.293 0.043 0.044 1.04 7194.7 4.2609 16.421677 1.832493 17.313244 15.480751 "" "" 1125.42358 1241.6123 5084.8281 2.5493 1622.3 9.9599 5091.6 9.649 "" "" 0.002808575025879656 0.007226139 0.004303171 0.01152931 305.94788115141 41.65635992453 1181.12463 -3.595000000000003 -8.293000000000005 0.04305890083312969 0.08423541259765699 0.14619601 0.14719601 "" "" 0.5296362083376618 "" 0.07785090951583161 "" 1.0
305.53165618851 41.66126336686 0.0334 0.039 13.9146 "" "" 2068496008269530368 1147.47778 0.8455 0.0432 -3.542 -8.45 0.045 0.051 1.014 "" "" 16.433712 1.741133 17.268757 15.527624 "" "" 1102.72632 1208.26123 5028.77134 2.7708 1690.1 10.209 4876.5 9.1487 "" "" 0.002819515482892708 0.0071272086 0.0042933435 0.011420552 305.53165618851 41.66126336686 1147.47778 -3.5419999999999985 -8.45 0.09605890083313007 -0.07276458740234304 0.14819601 0.15419601 "" "" 0.6554443235942836 "" 0.09858624767393476 "" 0.9
305.8111313899 41.68732693582 0.0317 0.0357 1.5082 "" "" 2068453019940123392 1086.7345 0.9082 0.0408 -3.794 -8.234 0.043 0.042 0.993 5014.9 4.3215 16.489155 1.608381 17.24468 15.636299 "" "" 1031.03442 1133.37366 4778.42451 3.2335 1728.0 9.3481 4412.0 10.869 "" "" 0.002851592442585815 0.0065026265 0.0046301032 0.01113273 305.8111313899 41.68732693582 1086.7345 -3.794000000000001 -8.234000000000002 -0.15594109916687016 0.14323541259765626 0.14619601 0.145196 "" "" 1.0907006893842253 "" 0.15895790125531697 "" 1.0
305.81545435444 41.73316951077 0.0346 0.0418 2.03 "" "" 2068453367833902464 1176.78955 0.816 0.0463 -3.74 -8.286 0.047 0.052 1.066 7658.3 4.1259 16.49042 1.779177 17.353098 15.573921 "" "" 1121.67761 1241.74902 4772.86087 2.8429 1563.8 9.1627 4672.9 8.893 "" "" 0.0028301976079544195 0.0069465847 0.00430734 0.011253925 305.81545435444 41.73316951077 1176.78955 -3.739999999999998 -8.286000000000001 -0.10194109916687033 0.09123541259765666 0.15019602 0.15519601 "" "" 0.7631016034257914 "" 0.11632722143622702 "" 1.0
305.98321574809 41.45395650128 0.0354 0.0375 16.3424 "" "" 2068433881565604736 1179.85193 0.8283 0.0424 -3.644 -8.265 0.053 0.046 0.945 5385.7 4.619 16.53034 1.456219 17.196083 15.739864 "" "" 1118.31958 1242.04871 4600.55903 4.2715 1807.1 10.419 4010.6 13.955 "" "" 0.0029339411230952174 0.006853578 0.00534377 0.012197348 305.98321574809 41.45395650128 1179.85193 -3.6440000000000015 -8.265000000000002 -0.005941099166870245 0.11223541259765568 0.15619601 0.14919601 "" "" 0.6285551079618039 "" 0.09379049832341656 "" 0.8
305.83471959559 41.66638930029 0.0346 0.0379 2.2234 "" "" 2068452233962516224 1079.97974 0.9113 0.043 -3.653 -8.384 0.047 0.045 1.038 4981.3 4.3192 16.543972 1.632765 17.30625 15.673485 "" "" 1037.95679 1121.96228 4543.15575 3.0771 1632.7 11.393 4263.5 17.085 "" "" 0.002851765133584905 0.008073727 0.0057631177 0.013836844 305.83471959559 41.66638930029 1079.97974 -3.652999999999996 -8.383999999999997 -0.014941099166870142 -0.006764587402344091 0.15019602 0.14819601 "" "" 0.08395893699255194 "" 0.012581891003856536 "" 1.0
305.76931387407 41.67391487949 0.0336 0.0406 3.5115 "" "" 2068451718566459136 1165.33923 0.8396 0.0454 -3.973 -8.438 0.046 0.044 1.007 5026.9 4.2854 16.555964 1.701207 17.36155 15.660342 "" "" 1109.32117 1229.59619 4493.25972 2.7309 1551.7 12.303 4315.4 11.923 "" "" 0.002833238122306476 0.009049385 0.0048251823 0.013874567 305.76931387407 41.67391487949 1165.33923 -3.973 -8.438 -0.33494109916687 -0.06076458740234436 0.14919601 0.14719601 "" "" 1.8803165545862497 "" 0.28041668341191883 "" 0.9
305.96537472051 42.03198122963 0.034 0.0391 20.5319 "" "" 2068527619228542080 1230.01233 0.7828 0.045 -3.606 -8.41 0.044 0.047 1.014 7153.1 4.3352 16.61487 2.206891 17.77198 15.565089 "" "" 1157.7561 1323.71436 4255.9713 2.637 1063.2 8.8244 4711.1 11.353 "" "" 0.0028362553683863186 0.009433515 0.0045966883 0.014030203 305.96537472051 42.03198122963 1230.01233 -3.6060000000000008 -8.410000000000004 0.03205890083313001 -0.03276458740234389 0.14719601 0.15019602 "" "" 0.2672581383459196 "" 0.039750967451006786 "" 1.0
305.96411385092 41.82220425296 0.0339 0.0406 9.1196 "" "" 2068476972974142464 1158.95654 0.8236 0.0435 -3.788 -8.359 0.043 0.049 1.039 8116.0 4.3522 16.646957 1.970989 17.641878 15.670889 "" "" 1113.96655 1225.09253 4132.03314 2.2398 1198.6 8.9144 4273.7 12.53 "" "" 0.002817473829657481 0.00854345 0.004941339 0.013484789 305.96411385092 41.82220425296 1158.95654 -3.787999999999997 -8.358999999999998 -0.14994109916686993 0.018235412597656264 0.14619601 0.152196 "" "" 0.8297636959345405 "" 0.12138216974359263 "" 1.0
306.09670712062 41.45846969494 0.0382 0.0398 18.7571 "" "" 2068431858637534848 1110.17712 0.8724 0.0466 -3.71 -8.245 0.057 0.051 0.993 4758.1 4.3735 16.648546 1.476124 17.330194 15.854071 "" "" 1060.16077 1169.53674 4125.99203 3.9398 1597.1 10.116 3610.2 12.742 "" "" 0.0029439124154965043 0.007421497 0.0053822207 0.0128037175 306.09670712062 41.45846969494 1110.17712 -3.7100000000000013 -8.245000000000001 -0.07194109916687008 0.13223541259765703 0.160196 0.15419601 "" "" 0.7921676577734102 "" 0.1232507413824408 "" 1.0
305.92085672548 41.85823921275 0.0353 0.0407 10.0189 "" "" 2068478003766521856 1217.03186 0.788 0.0454 -3.687 -8.38 0.048 0.048 1.001 7116.6 4.3381 16.655975 1.747629 17.502596 15.754967 "" "" 1153.86682 1284.07458 4097.85587 2.5038 1362.6 8.6041 3955.2 12.881 "" "" 0.0028340557998900577 0.0074018743 0.0051755803 0.012577455 305.92085672548 41.85823921275 1217.03186 -3.6870000000000003 -8.379999999999999 -0.04894109916686995 -0.0027645874023445316 0.151196 0.151196 "" "" 0.28277811826968785 "" 0.04275492120698495 "" 1.0
305.80059593756 41.6384882571 0.0373 0.0433 4.2231 "" "" 2068450687774291968 1056.95251 0.9226 0.0493 -3.629 -8.373 0.049 0.047 0.977 6882.3 4.3327 16.691784 1.79623 17.56624 15.77001 "" "" 997.657471 1120.16492 3964.90829 2.4988 1285.1 8.7282 3900.8 7.4948 "" "" 0.0028390146842529806 0.007884362 0.00431688 0.012201242 305.80059593756 41.6384882571 1056.95251 -3.6289999999999987 -8.373000000000001 0.00905890083312988 0.004235412597656918 0.152196 0.15019602 "" "" 0.05010015121126506 "" 0.0076071658831524955 "" 0.8
305.99038139902 41.73114606927 0.0338 0.0413 7.0678 "" "" 2068473159043154816 1099.86292 0.8816 0.0436 -3.825 -8.301 0.044 0.051 1.073 7711.7 4.4013 16.701605 1.787558 17.566586 15.779028 "" "" 1055.31689 1161.17444 3929.20368 2.4205 1284.6 9.1326 3868.5 8.0912 "" "" 0.0028353380243419375 0.008207631 0.0044091535 0.012616785 305.99038139902 41.73114606927 1099.86292 -3.824999999999999 -8.301 -0.1869410991668703 0.0762354125976561 0.14719601 0.15419601 "" "" 1.0525134750724348 "" 0.15599760819828343 "" 1.0
305.8607339693 41.70031644618 0.0364 0.0446 1.0789 "" "" 2068452371401470464 1070.40442 0.9131 0.0484 -3.543 -8.522 0.049 0.051 0.971 7151.3 4.3289 16.747923 1.753123 17.593979 15.840856 "" "" 1023.58063 1137.62646 3765.11019 2.4297 1252.6 7.6295 3654.4 10.296 "" "" 0.002843008197345758 0.007177654 0.0048622102 0.012039864 305.8607339693 41.70031644618 1070.40442 -3.543000000000001 -8.522000000000006 0.09505890083312973 -0.144764587402344 0.152196 0.15419601 "" "" 0.8786907351017017 "" 0.13496355346003444 "" 0.8
305.68776748962 41.7010748857 0.0388 0.0457 6.6869 "" "" 2068498550887611136 1204.70215 0.8095 0.0502 -3.554 -8.475 0.054 0.052 0.98 6887.9 4.3189 16.804176 1.761346 17.6588 15.897454 "" "" 1145.40222 1290.08887 3575.00005 2.4292 1180.0 14.332 3468.8 11.382 "" "" 0.002852379748225337 0.013479038 0.0051938086 0.018672846 305.68776748962 41.7010748857 1204.70215 -3.5539999999999994 -8.475000000000001 0.08405890083313006 -0.0977645874023434 0.15719602 0.15519601 "" "" 0.736246688171529 "" 0.11489073508446454 "" 0.8
305.56595635837 41.47940274184 0.0444 0.0511 18.1268 "" "" 2068489819219698816 1193.51904 0.8166 0.057 -3.629 -8.535 0.06 0.066 1.017 "" "" 16.94073 2.195033 18.082779 15.887746 "" "" 1124.69263 1304.04028 3152.5001 2.7556 798.56 13.635 3499.9 12.577 "" "" 0.0029141842389774773 0.018747179 0.0054319813 0.02417916 305.56595635837 41.47940274184 1193.51904 -3.629000000000001 -8.535000000000004 0.00905890083312988 -0.1577645874023439 0.16319601 0.16919601 "" "" 0.8939886343916669 "" 0.15124199386952847 "" 0.9
305.78546465057 41.75175957252 0.041 0.0489 3.7073 "" "" 2068500436379141632 1115.54919 0.8757 0.0539 -3.709 -8.44 0.054 0.057 1.004 5163.6 4.6012 16.96811 1.887218 17.900898 16.01368 "" "" 1060.13477 1174.62427 3073.99697 4.4219 944.19 11.806 3116.6 16.418 "" "" 0.003167184440489092 0.013859629 0.0068554515 0.02071508 305.78546465057 41.75175957252 1115.54919 -3.709000000000001 -8.440000000000005 -0.07094109916687019 -0.06276458740234325 0.15719602 0.160196 "" "" 0.5008555581122504 "" 0.07939573687743424 "" 1.0
305.73536565363 41.69360166611 0.0427 0.0545 4.5913 "" "" 2068498615312945024 1116.98804 0.8636 0.0601 -3.495 -8.146 0.06 0.06 1.048 5123.3 4.6817 16.977606 1.733002 17.809183 16.076181 "" "" 1052.34363 1197.10034 3047.22591 2.4861 1027.4 9.2915 2942.3 10.611 "" "" 0.0028942080530531115 0.010207805 0.0054419963 0.015649801 305.73536565363 41.69360166611 1116.98804 -3.495 -8.146 0.14305890083312978 0.23123541259765545 0.16319601 0.16319601 "" "" 1.4396398405455801 "" 0.23494348123716263 "" 0.9
305.8320930862 41.98212798883 0.0468 0.0536 16.7248 "" "" 2068526519716937600 1281.85974 0.7757 0.0615 -3.46 -8.328 0.059 0.059 1.124 5308.6 4.6363 16.984934 1.762524 17.841185 16.078661 "" "" 1191.90051 1389.86597 3026.72861 3.5255 997.57 12.108 2935.6 13.454 "" "" 0.0030316889362277167 0.013470255 0.00624853 0.019718785 305.8320930862 41.98212798883 1281.85974 -3.4600000000000026 -8.328000000000003 0.17805890083312992 0.04923541259765685 0.16219601 0.16219601 "" "" 1.1224868312537257 "" 0.1820628857010937 "" 0.8
306.02375518151 42.02258827714 0.0429 0.0447 20.89 "" "" 2068486318823007616 1228.54895 0.7751 0.0529 -3.618 -8.405 0.053 0.054 0.96 7152.3 4.3437 16.988953 2.212467 18.145683 15.933216 "" "" 1145.88757 1321.47974 3015.54615 2.1926 753.6 7.6656 3356.4 10.356 "" "" 0.002866182297129883 0.011391082 0.005050358 0.01644144 306.02375518151 42.02258827714 1228.54895 -3.618000000000002 -8.404999999999998 0.02005890083313 -0.02776458740234311 0.15619601 0.15719602 "" "" 0.19946317268197994 "" 0.031286553209010304 "" 1.0
