Clusters/Collinder_421/Collinder_421_members.tsv
# %ECSV 1.0
# ---
# datatype:
# - name: RA_ICRS_1
#   unit: deg
#   datatype: float64
#   format: '{:15.11f}'
#   description: Right ascension (ICRS) at Ep=2016.0 (ra)
#   meta: !!omap
#   - {ucd: POS_EQ_RA_MAIN}
#   - {width: 15}
#   - {precision: '11'}
# - name: DE_ICRS_1
#   unit: deg
#   datatype: float64
#   format: '{:15.11f}'
#   description: Declination (ICRS) at Ep=2016.0 (dec)
#   meta: !!omap
#   - {ucd: POS_EQ_DEC_MAIN}
#   - {width: 15}
#   - {precision: '11'}
# - name: e_RA_ICRS
#   unit: mas
#   datatype: float64
#   format: '{:7.4f}'
#   description: Standard error of right ascension (ra_error)
#   meta: !!omap
#   - {ucd: ERROR}
#   - {width: 7}
#   - {precision: '4'}
# - name: e_DE_ICRS
#   unit: mas
#   datatype: float64
#   format: '{:7.4f}'
#   description: Standard error of declination (dec_error)
#   meta: !!omap
#   - {ucd: ERROR}
#   - {width: 7}
#   - {precision: '4'}
# - name: _r_1
#   unit: ''
#   datatype: float64
#   format: '{:7.4f}'
#   description: Distance from center (305.83700742000+41.70340596000)[ICRS], at Epoch=J2016.0
#   meta: !!omap
#   - {ucd: POS_ANG_DIST_GENERAL}
#   - {width: 7}
#   - {precision: '4'}
# - name: HIP
#   datatype: int32
#   description: '? HIP cross-id number, van Leeuwen, Cat. I/311 (hip_original_ext_source_id)'
#   meta: !!omap
#   - {ucd: ID_NUMBER}
#   - {width: 6}
#   - values: {'null': -2147483648}
# - name: TYC2
#   datatype: string
#   description: Tycho-2 cross-id name, Hog et al., Cat. I/259 (tyc2_original_ext_source_id)
#   meta: !!omap
#   - {ucd: ID_CROSSID}
#   - {_votable_string_dtype: char}
# - name: Source
#   datatype: int64
#   description: Source identifier, identical to the Gaia-EDR3 source_id (id)
#   meta: !!omap
#   - {ucd: ID_MAIN}
#   - {width: 19}
# - name: rgeo
#   unit: pc
#   datatype: float64
#   format: '{:15.8f}'
#   description: '? Median of the geometric distance posterior (r_med_geo)'
#   meta: !!omap
#   - {ucd: PHYS_DISTANCE_TRUE}
#   - {width: 15}
#   - {precision: '8'}
#   - values: {'null': .nan}
# - name: Plx
#   unit: mas
#   datatype: float64
#   format: '{:9.4f}'
#   description: '? Parallax (parallax)'
#   meta: !!omap
#   - {ucd: POS_PARLX_TRIG}
#   - {width: 9}
#   - {precision: '4'}
#   - values: {'null': .nan}
# - name: e_Plx
#   unit: mas
#   datatype: float32
#   format: '{:7.4f}'
#   description: '? Standard error of parallax (parallax_error)'
#   meta: !!omap
#   - {ucd: ERROR}
#   - {width: 7}
#   - {precision: '4'}
#   - values: {'null': .nan}
# - name: pmRA
#   unit: mas / yr
#   datatype: float64
#   format: '{:9.3f}'
#   description: '? Proper motion in right ascension direction, pmRA*cosDE (pmra)'
#   meta: !!omap
#   - {ucd: POS_EQ_PMRA}
#   - {width: 9}
#   - {precision: '3'}
#   - values: {'null': .nan}
# - name: pmDE
#   unit: mas / yr
#   datatype: float64
#   format: '{:9.3f}'
#   description: '? Proper motion in declination direction (pmdec)'
#   meta: !!omap
#   - {ucd: POS_EQ_PMDEC}
#   - {width: 9}
#   - {precision: '3'}
#   - values: {'null': .nan}
# - name: e_pmRA
#   unit: mas / yr
#   datatype: float32
#   format: '{:6.3f}'
#   description: '? Standard error of proper motion in right ascension direction (pmra_error)'
#   meta: !!omap
#   - {ucd: ERROR}
#   - {width: 6}
#   - {precision: '3'}
#   - values: {'null': .nan}
# - name: e_pmDE
[...]
#       distance: !astropy.table.SerializedColumn
#         __class__: astropy.coordinates.distances.Distance
#         unit: !astropy.units.Unit {unit: pc}
#         value: !astropy.table.SerializedColumn {name: SkyCoord.distance}
#       frame: icrs
#       obstime: !astropy.time.Time {format: jyear_str, in_subfmt: '*', jd1: 367701545.0, jd2: 0.0, out_subfmt: '*', precision: 3, scale: tt}
#       pm_dec: !astropy.table.SerializedColumn
#         __class__: astropy.units.quantity.Quantity
#         unit: !astropy.units.Unit {unit: mas / yr}
#         value: !astropy.table.SerializedColumn {name: SkyCoord.pm_dec}
#       pm_ra_cosdec: !astropy.table.SerializedColumn
#         __class__: astropy.units.quantity.Quantity
#         unit: !astropy.units.Unit {unit: mas / yr}
#         value: !astropy.table.SerializedColumn {name: SkyCoord.pm_ra_cosdec}
#       ra: !astropy.table.SerializedColumn
#         __class__: astropy.coordinates.angles.Longitude
#         unit: *id001
#         value: !astropy.table.SerializedColumn {name: SkyCoord.ra}
#         wrap_angle: !astropy.coordinates.Angle
#           unit: *id001
#           value: 360.0
#       representation_type: spherical
# schema: astropy-2.0
RA_ICRS_1 DE_ICRS_1 e_RA_ICRS e_DE_ICRS _r_1 HIP TYC2 Source rgeo Plx e_Plx pmRA pmDE e_pmRA e_pmDE RUWE Teff logg Gmag BP-RP BPmag RPmag RV e_RV b_rgeo B_rgeo FG e_FG FBP e_FBP FRP e_FRP RAVE5 RAVE6 e_Gmag e_BPmag e_RPmag e_BP-RP SkyCoord.ra SkyCoord.dec SkyCoord.distance SkyCoord.pm_ra_cosdec SkyCoord.pm_dec rmRA rmDE e_rmRA e_rmDE rRV e_rRV v_pec v_pec3d e_vpec e_vpec3d Pmemb
305.8330241206 41.6961393002 0.0092 0.0104 0.4711 "" 3160-107-1 2068453092955981952 1145.32983 0.8404 0.0118 -3.641 -8.507 0.013 0.012 0.89 "" "" 9.225419 2.165084 10.350893 8.185809 1.62 0.13 1131.88586 1159.94971 3843961.14878 997.91 988690.0 660.54 4215400.0 1390.3 "" "" 0.002769699558015708 0.0028829186 0.0037963083 0.0066792266 305.8330241206 41.6961393002 1145.32983 -3.6410000000000027 -8.507000000000001 -0.0029410991668701314 -0.12976458740234342 0.11619601 0.11519601 -1.6685000000000003 1.7934259 0.7046551382961673 1.8111960451390103 0.08117382510005992 1.6524317162200048 1.0
305.86970366299 41.68993241624 0.0103 0.0124 1.6731 "" 3160-453-1 2068452302681988736 1191.40747 0.807 0.0135 -3.444 -8.273 0.014 0.014 1.042 "" "" 9.695604 2.120497 10.790698 8.670201 2.82 0.14 1170.43848 1209.85217 2492901.66886 853.29 659380.0 433.97 2698200.0 883.62 "" "" 0.0027802700325071468 0.0028802198 0.0037960706 0.00667629 305.86970366299 41.68993241624 1191.40747 -3.4439999999999986 -8.273 0.19405890083312993 0.10423541259765656 0.11719601 0.11719601 -0.4685000000000006 1.8034259 1.2439886345685554 1.3292855121965856 0.14579050266922294 0.650086673548676 1.0
305.9006107526 41.73364955004 0.0104 0.0128 3.3774 "" 3160-463-1 2068452886797543552 1190.58252 0.8142 0.0139 -3.706 -8.517 0.014 0.015 1.135 "" "" 9.869142 2.05614 10.917959 8.861819 2.07 0.18 1171.3009 1207.91125 2124663.26973 675.74 586450.0 470.04 2261700.0 847.52 "" "" 0.002776874315149593 0.002922726 0.003801218 0.006723944 305.9006107526 41.73364955004 1190.58252 -3.706 -8.517 -0.06794109916687008 -0.1397645874023432 0.11719601 0.11819601 -1.2185000000000006 1.843426 0.87699598623879 1.5012875173926377 0.10349037432576914 1.4974130092700324 1.0
305.78831564688 41.69529759679 0.0108 0.0129 2.2349 "" 3160-311-1 2068453226098170880 1159.54321 0.8243 0.0138 -3.771 -8.509 0.015 0.015 0.965 "" "" 11.362351 0.930416 11.732717 10.802301 -8.93 5.37 1141.4292 1178.96704 537039.56285 148.46 276900.0 149.35 378650.0 90.036 "" "" 0.0027716195497390914 0.0028509619 0.0037881893 0.006639151 305.78831564688 41.69529759679 1159.54321 -3.771 -8.509 -0.13294109916687002 -0.1317645874023441 0.11819601 0.11819601 -12.2185 7.033426 1.0287689350833094 12.261733473363075 0.12159638394535796 7.0086341761865985 1.0
305.79805215074 41.75290780818 0.0084 0.0107 3.4445 "" 3160-1885-1 2068500371955997312 1209.74097 0.7856 0.011 -3.483 -8.62 0.011 0.013 0.776 "" "" 11.487894 0.955668 11.87131 10.915643 -9.32 8.15 1193.36707 1222.88245 478397.94398 77.274 243720.0 146.51 341120.0 87.11 "" "" 0.002760895850339824 0.002865491 0.003789538 0.006655029 305.79805215074 41.75290780818 1209.74097 -3.4830000000000014 -8.62 0.1550589008331298 -0.24276458740234297 0.11419601 0.11619601 -12.608500000000001 9.813425 1.651779114301563 12.716235547222412 0.19097879612312837 9.730314571840214 1.0
305.78992200984 41.65784320913 0.0076 0.0089 3.4533 "" "" 2068451512408019968 1176.60266 0.8272 0.0097 -3.749 -8.416 0.01 0.01 0.888 "" "" 12.052686 1.038683 12.478456 11.439773 -19.96 9.04 1163.86902 1189.2959 284362.52404 42.68 139330.0 89.336 210500.0 62.609 "" "" 0.0027601349232348246 0.0028757052 0.0037931532 0.006668858 305.78992200984 41.65784320913 1176.60266 -3.7489999999999988 -8.416 -0.11094109916687023 -0.03876458740234412 0.11319601 0.11319601 -23.2485 10.703426 0.6554125706504114 23.25773673184402 0.07419008652994716 10.699175735609321 1.0
305.78789857404 41.67792738054 0.007 0.0084 2.6792 "" "" 2068451542470992256 1162.40381 0.8364 0.009 -3.617 -8.533 0.01 0.01 0.889 "" "" 12.079236 0.939813 12.455196 11.515384 -5.14 7.98 1149.6001 1174.15198 277493.20937 43.322 142340.0 75.7 196340.0 48.169 "" "" 0.0027605291288639072 0.002849292 0.003788757 0.006638049 305.78789857404 41.67792738054 1162.40381 -3.616999999999998 -8.533 0.02105890083312989 -0.15576458740234322 0.11319601 0.11319601 -8.4285 9.643426 0.8660387474462332 8.472876451482001 0.09803212890403049 9.592924003259355 1.0
305.77253431133 41.7385011111 0.0075 0.009 3.5736 "" "" 2068500333299469696 1225.89368 0.8006 0.0096 -3.58 -8.551 0.011 0.011 0.887 "" "" 12.191886 0.859809 12.530123 11.670314 "" "" 1213.43835 1239.28381 250145.35124 40.084 132850.0 57.978 170230.0 52.564 "" "" 0.0027608076620332053 0.002830118 0.0037942224 0.00662434 305.77253431133 41.7385011111 1225.89368 -3.579999999999999 -8.551 0.05805890083312981 -0.1737645874023439 0.11419601 0.11419601 "" "" 1.064570102420662 "" 0.12156965799141449 "" 1.0
305.62310329628 41.65793017881 0.0075 0.0089 9.9662 "" "" 2068493259490179200 1188.45227 0.8305 0.0092 -3.552 -8.751 0.01 0.012 0.907 "" "" 12.195131 1.249341 12.729302 11.479961 6.17 8.74 1175.5415 1203.05603 249398.66224 45.717 110580.0 68.433 202850.0 45.058 "" "" 0.002762498942228691 0.0028699331 0.0037870687 0.0066570016 305.62310329628 41.65793017881 1188.45227 -3.5520000000000036 -8.751000000000001 0.08605890083312984 -0.3737645874023432 0.11319601 0.11519601 2.8814999999999995 10.403425 2.1606052592045146 3.6015631795238865 0.2486773502544226 8.324797568040617 1.0
305.77975593161 41.62595658098 0.0075 0.0091 5.3084 "" "" 2068451336312566144 1197.9884 0.8233 0.0098 -3.673 -8.519 0.01 0.01 0.938 "" "" 12.20736 1.013195 12.621122 11.607927 "" "" 1185.77112 1211.38403 246605.44538 38.863 122170.0 72.293 180300.0 36.219 "" "" 0.002760627769693788 0.0028631839 0.0037856698 0.0066488534 305.77975593161 41.62595658098 1197.9884 -3.673 -8.519 -0.03494109916687016 -0.14176458740234388 0.11319601 0.11319601 "" "" 0.829096314482854 "" 0.09385039297018952 "" 1.0
305.81103242358 41.72647296155 0.0067 0.0083 1.808 "" "" 2068453363537121920 1192.34119 0.8251 0.0088 -3.604 -8.399 0.009 0.01 0.861 "" "" 12.347173 1.026767 12.76557 11.738803 -8.24 8.48 1180.84827 1204.88013 216809.11615 32.866 106950.0 62.3 159820.0 52.232 "" "" 0.002760231521146908 0.0028609529 0.0037960028 0.006656956 305.81103242358 41.72647296155 1192.34119 -3.604 -8.398999999999997 0.03405890083312979 -0.021764587402342883 0.11219601 0.11319601 -11.528500000000001 10.143425 0.2284366799511727 11.530763008870972 0.025696129282017664 10.141434268411636 1.0
305.8291085417 41.67876100386 0.0082 0.0098 1.5205 "" 3160-261-1 2068452985580003584 1267.13318 0.7755 0.0108 -3.623 -8.41 0.012 0.012 1.071 "" "" 12.353951 0.944132 12.732548 11.788416 "" "" 1246.55994 1282.2312 215459.73981 38.339 110250.0 70.649 152680.0 86.247 "" "" 0.0027620851250995198 0.0028756065 0.003828823 0.0067044296 305.8291085417 41.67876100386 1267.13318 -3.6229999999999998 -8.41 0.015058900833129663 -0.03276458740234389 0.11519601 0.11519601 "" "" 0.21658107048876418 "" 0.024949275586442964 "" 0.8
305.69143037964 41.61032221033 0.0081 0.0101 8.5896 "" "" 2068451095794398848 1185.70898 0.8331 0.0103 -3.47 -8.358 0.011 0.013 1.003 "" "" 12.436356 1.266089 12.982698 11.716608 -11.51 11.49 1168.72729 1199.57642 199712.16228 35.61 87566.0 75.5 163120.0 47.986 "" "" 0.0027621129634727223 0.0029430233 0.003792854 0.006735877 305.69143037964 41.61032221033 1185.70898 -3.4700000000000033 -8.358 0.1680589008331297 0.01923541259765571 0.11419601 0.11619601 -14.7985 13.153425 0.9507015090330402 14.829006561778767 0.10859111818227035 13.126367544266527 1.0
306.00666727942 41.93356039845 0.0074 0.0089 15.7559 "" "" 2068479962271608320 1159.4574 0.8505 0.0098 -3.57 -8.484 0.01 0.01 0.889 "" "" 12.492367 1.030499 12.914772 11.884273 3.19 14.31 1146.00208 1170.21094 189670.59297 30.415 93220.0 74.639 139780.0 34.162 "" "" 0.002760815473917118 0.0029224595 0.0037886857 0.006711145 306.00666727942 41.93356039845 1159.4574 -3.57 -8.484 0.06805890083313004 -0.10676458740234374 0.11319601 0.11319601 -0.09850000000000048 15.973427 0.6958397932638319 0.7027768265171045 0.07876628674056976 2.2401661843846306 0.9
305.74072578034 41.72278924663 0.0087 0.0111 4.4664 "" "" 2068498825767780224 1169.78076 0.844 0.0112 -3.666 -8.526 0.012 0.013 1.037 "" "" 12.500832 1.071374 12.94329 11.871916 6.33 20.99 1153.86658 1185.37695 188197.6192 27.934 90803.0 84.142 141380.0 37.467 "" "" 0.002760029036564312 0.0029660184 0.0037903187 0.0067563374 305.74072578034 41.72278924663 1169.78076 -3.6660000000000004 -8.526 -0.027941099166870043 -0.14876458740234355 0.11519601 0.11619601 3.0414999999999996 22.653425 0.8392871927241201 3.1551743599792914 0.09749334077027554 21.83728489219699 0.9
305.94221950751 41.72225145654 0.0077 0.0096 4.8461 "" "" 2068476045261189248 1193.03723 0.8231 0.0101 -3.553 -8.208 0.01 0.011 0.976 "" "" 12.582738 1.209443 13.098554 11.889111 "" "" 1180.85938 1205.98608 174522.50384 28.973 78704.0 64.952 139160.0 42.713 "" "" 0.0027612095407953865 0.0029305134 0.0037940457 0.006724559 305.94221950751 41.72225145654 1193.03723 -3.553 -8.207999999999998 0.08505890083312995 0.16923541259765607 0.11319601 0.11419601 "" "" 1.071105318728632 "" 0.12210070047061893 "" 0.9
306.29456898667 41.60214155391 0.0077 0.0091 21.3939 "" "" 2068456769447823616 1220.14941 0.803 0.0097 -3.691 -8.401 0.01 0.011 0.923 "" "" 12.693401 0.69627 12.957791 12.261521 "" "" 1205.16345 1233.27087 157610.88899 23.26 89598.0 52.618 98753.0 29.709 "" "" 0.002759975276217613 0.002862098 0.0037934703 0.0066555683 306.29456898667 41.60214155391 1220.14941 -3.690999999999998 -8.401 -0.052941099166869954 -0.02376458740234355 0.11319601 0.11419601 "" "" 0.3356187099818991 "" 0.03804719045663053 "" 0.9
305.81319321639 41.42183874486 0.01 0.0112 16.9278 "" "" 2068439619641791232 1178.79126 0.8329 0.0125 -3.674 -8.396 0.015 0.014 1.025 "" "" 12.79174 1.014313 13.201627 12.187314 -31.34 31.84 1163.74646 1197.89087 143962.95267 24.643 71576.0 49.374 105740.0 75.658 "" "" 0.002761581133029105 0.002888941 0.0038583975 0.0067473385 305.81319321639 41.42183874486 1178.79126 -3.6739999999999995 -8.395999999999997 -0.03594109916687005 -0.018764587402344546 0.11819601 0.11719601 -34.6285 33.503426 0.22654229411115634 34.629241020574234 0.02672803259498116 33.50270866900769 1.0
305.86491883758 41.60893890316 0.0105 0.0119 5.8045 "" "" 2068448901067872256 1176.84436 0.824 0.0134 -3.682 -8.372 0.013 0.014 1.396 "" "" 13.060912 1.332758 13.643498 12.31074 "" "" 1159.7052 1195.98975 112352.2648 27.42 47645.0 37.741 94376.0 22.792 "" "" 0.0027680322935696357 0.0029197128 0.0037884666 0.0067081796 305.86491883758 41.60893890316 1176.84436 -3.682 -8.372 -0.04394109916687006 0.005235412597656364 0.11619601 0.11719601 "" "" 0.24684776143206846 "" 0.028686193919599416 "" 0.9
305.85530954728 41.73595528138 0.0078 0.0093 2.118 "" "" 2068453573992322688 1165.07556 0.83 0.0103 -3.664 -8.37 0.01 0.011 0.981 "" "" 13.136684 1.04531 13.564739 12.519429 "" "" 1146.34631 1177.22339 104778.67999 16.023 51230.0 40.707 77873.0 46.853 "" "" 0.0027603181819600684 0.0029205019 0.003835421 0.006755923 305.85530954728 41.73595528138 1165.07556 -3.6639999999999975 -8.369999999999994 -0.025941099166870263 0.007235412597657032 0.11319601 0.11419601 "" "" 0.14872665963433299 "" 0.0168460431438568 "" 1.0
305.72238887901 41.74923610885 0.0089 0.0118 5.8228 "" "" 2068499100645695744 1198.06128 0.8059 0.0118 -3.58 -8.289 0.013 0.014 1.145 7860.0 3.7642 13.178559 1.093462 13.633491 12.540029 "" "" 1181.50317 1220.59924 100814.48157 16.05 48086.0 27.909 76409.0 27.316 "" "" 0.0027607367655285695 0.0028604455 0.0037992613 0.006659707 305.72238887901 41.74923610885 1198.06128 -3.5800000000000005 -8.289000000000001 0.05805890083312981 0.08823541259765655 0.11619601 0.11719601 "" "" 0.5998158441023397 "" 0.07011533159727232 "" 1.0
305.87343714097 41.81948743326 0.0082 0.0103 7.1532 "" "" 2068477522729978240 1191.18066 0.8112 0.0109 -3.679 -8.72 0.011 0.013 1.091 "" "" 13.251175 1.096571 13.707698 12.611127 "" "" 1175.4447 1208.37732 94292.42036 12.762 44909.0 29.519 71566.0 27.065 "" "" 0.002759236013082424 0.0028799933 0.0038016213 0.0066816146 305.87343714097 41.81948743326 1191.18066 -3.679 -8.719999999999999 -0.04094109916686994 -0.3427645874023444 0.11419601 0.11619601 "" "" 1.9490726643701741 "" 0.22642009365467894 "" 1.0
305.68047254604 41.74452263703 0.0084 0.0104 7.4313 "" "" 2068499787840474496 1197.80286 0.8069 0.0108 -3.516 -8.289 0.012 0.013 1.012 "" "" 13.263664 1.174916 13.762677 12.587761 "" "" 1180.48145 1216.50049 93213.96117 13.717 42692.0 35.07 73123.0 22.613 "" "" 0.002759948678426039 0.0029292533 0.0037942668 0.0067235203 305.68047254604 41.74452263703 1197.80286 -3.5160000000000013 -8.288999999999998 0.12205890083312987 0.08823541259765655 0.11519601 0.11619601 "" "" 0.855110419215536 "" 0.0987996310953747 "" 1.0
305.82352641734 42.03058685996 0.0087 0.0103 19.6401 "" "" 2068531020842676224 1183.54102 0.8143 0.0111 -3.724 -8.218 0.011 0.012 1.0 "" "" 13.346156 1.185949 13.848695 12.662745 "" "" 1169.00171 1198.77881 86394.12311 13.597 39440.0 29.091 68243.0 29.894 "" "" 0.0027606137538136333 0.0029028251 0.0038091904 0.0067120157 305.82352641734 42.03058685996 1183.54102 -3.7239999999999984 -8.218 -0.08594109916687032 0.15923541259765628 0.11419601 0.11519601 "" "" 1.015109424779126 "" 0.11670834042965346 "" 1.0
306.05131428167 41.71936705804 0.0081 0.0104 9.6465 "" "" 2068472574927587968 1150.75305 0.8378 0.0106 -3.566 -8.296 0.011 0.012 1.007 "" "" 13.434389 0.937622 13.810354 12.872732 "" "" 1135.92725 1166.27124 79650.94927 12.379 40858.0 29.068 56243.0 26.557 "" "" 0.002760482331814134 0.0028951175 0.0038139943 0.006709112 306.05131428167 41.71936705804 1150.75305 -3.566 -8.296 0.07205890083313005 0.08123541259765688 0.11419601 0.11519601 "" "" 0.5923089182862598 "" 0.06797143647102637 "" 1.0
305.809413406 41.67930192781 0.0089 0.0101 1.9027 "" "" 2068453024236507904 1130.37158 0.8557 0.0117 -3.835 -8.482 0.013 0.012 1.005 "" "" 13.445023 0.961774 13.834181 12.872407 "" "" 1119.40771 1143.32336 78874.68201 12.026 39971.0 31.482 56259.0 18.413 "" "" 0.0027602886657716237 0.0029182748 0.0037960508 0.0067143254 305.809413406 41.67930192781 1130.37158 -3.835000000000002 -8.482 -0.19694109916687008 -0.10476458740234307 0.11619601 0.11519601 "" "" 1.1952147210955646 "" 0.13861644247686783 "" 0.9
305.79638892588 41.64441196101 0.009 0.0107 3.9803 "" "" 2068451443688537984 1176.96948 0.8205 0.0117 -3.704 -8.413 0.012 0.012 1.071 "" "" 13.459095 1.13587 13.934103 12.798233 "" "" 1163.2002 1190.07654 77859.00133 12.54 36457.0 28.717 60237.0 36.053 "" "" 0.0027608637411467812 0.0029182984 0.0038348418 0.00675314 305.79638892588 41.64441196101 1176.96948 -3.704000000000002 -8.413 -0.0659410991668703 -0.035764587402344006 0.11519601 0.11519601 "" "" 0.4184994579066278 "" 0.04820946855847735 "" 1.0
306.02725212579 41.87089778759 0.0088 0.0107 13.1693 "" "" 2068478656601316864 1193.98938 0.8088 0.0114 -3.661 -8.351 0.012 0.013 1.01 "" "" 13.518268 1.097711 13.975168 12.877458 "" "" 1178.25305 1210.00842 73729.23818 11.137 35103.0 29.953 55998.0 21.882 "" "" 0.0027601968245466583 0.0029399577 0.003803121 0.0067430786 306.02725212579 41.87089778759 1193.98938 -3.6610000000000005 -8.351000000000003 -0.02294109916687015 0.026235412597655383 0.11519601 0.11619601 "" "" 0.19723946598515035 "" 0.022833182152958716 "" 1.0
305.68740948201 41.71381010796 0.0093 0.0114 6.7298 "" "" 2068498928847005824 1174.57239 0.8224 0.0115 -3.666 -8.348 0.012 0.014 1.048 "" "" 13.54825 1.235053 14.080768 12.845715 "" "" 1158.90686 1192.61536 71721.05684 10.153 31850.0 29.893 57660.0 21.718 "" "" 0.0027596037565550684 0.0029704305 0.0038014427 0.006771873 305.68740948201 41.71381010796 1174.57239 -3.666 -8.348 -0.027941099166870043 0.029235412597655497 0.11519601 0.11719601 "" "" 0.22515004321000326 "" 0.026172691460783017 "" 1.0
