Clusters/Collinder_421/Collinder_421_stars_in_region.tsv
# %ECSV 1.0
# ---
# datatype:
# - name: RA_ICRS_1
#   unit: deg
#   datatype: float64
#   format: '{:15.11f}'
#   description: Right ascension (ICRS) at Ep=2016.0 (ra)
#   meta: !!omap
#   - {ucd: POS_EQ_RA_MAIN}
#   - {width: 15}
#   - {precision: '11'}
# - name: DE_ICRS_1
#   unit: deg
#   datatype: float64
#   format: '{:15.11f}'
#   description: Declination (ICRS) at Ep=2016.0 (dec)
#   meta: !!omap
#   - {ucd: POS_EQ_DEC_MAIN}
#   - {width: 15}
#   - {precision: '11'}
# - name: e_RA_ICRS
#   unit: mas
#   datatype: float64
#   format: '{:7.4f}'
#   description: Standard error of right ascension (ra_error)
#   meta: !!omap
#   - {ucd: ERROR}
#   - {width: 7}
#   - {precision: '4'}
# - name: e_DE_ICRS
#   unit: mas
#   datatype: float64
#   format: '{:7.4f}'
#   description: Standard error of declination (dec_error)
#   meta: !!omap
#   - {ucd: ERROR}
#   - {width: 7}
#   - {precision: '4'}
# - name: _r_1
#   unit: ''
#   datatype: float64
#   format: '{:7.4f}'
#   description: Distance from center (305.83700742000+41.70340596000)[ICRS], at Epoch=J2016.0
#   meta: !!omap
#   - {ucd: POS_ANG_DIST_GENERAL}
#   - {width: 7}
#   - {precision: '4'}
# - name: HIP
#   datatype: int32
#   description: '? HIP cross-id number, van Leeuwen, Cat. I/311 (hip_original_ext_source_id)'
#   meta: !!omap
#   - {ucd: ID_NUMBER}
#   - {width: 6}
#   - values: {'null': -2147483648}
# - name: TYC2
#   datatype: string
#   description: Tycho-2 cross-id name, Hog et al., Cat. I/259 (tyc2_original_ext_source_id)
#   meta: !!omap
#   - {ucd: ID_CROSSID}
#   - {_votable_string_dtype: char}
# - name: Source
#   datatype: int64
#   description: Source identifier, identical to the Gaia-EDR3 source_id (id)
#   meta: !!omap
#   - {ucd: ID_MAIN}
#   - {width: 19}
# - name: rgeo
#   unit: pc
#   datatype: float64
#   format: '{:15.8f}'
#   description: '? Median of the geometric distance posterior (r_med_geo)'
#   meta: !!omap
#   - {ucd: PHYS_DISTANCE_TRUE}
#   - {width: 15}
#   - {precision: '8'}
#   - values: {'null': .nan}
# - name: Plx
#   unit: mas
#   datatype: float64
#   format: '{:9.4f}'
#   description: '? Parallax (parallax)'
#   meta: !!omap
#   - {ucd: POS_PARLX_TRIG}
#   - {width: 9}
#   - {precision: '4'}
#   - values: {'null': .nan}
# - name: e_Plx
#   unit: mas
#   datatype: float32
#   format: '{:7.4f}'
#   description: '? Standard error of parallax (parallax_error)'
#   meta: !!omap
#   - {ucd: ERROR}
#   - {width: 7}
#   - {precision: '4'}
#   - values: {'null': .nan}
# - name: pmRA
#   unit: mas / yr
#   datatype: float64
#   format: '{:9.3f}'
#   description: '? Proper motion in right ascension direction, pmRA*cosDE (pmra)'
#   meta: !!omap
#   - {ucd: POS_EQ_PMRA}
#   - {width: 9}
#   - {precision: '3'}
#   - values: {'null': .nan}
# - name: pmDE
#   unit: mas / yr
#   datatype: float64
#   format: '{:9.3f}'
#   description: '? Proper motion in declination direction (pmdec)'
#   meta: !!omap
#   - {ucd: POS_EQ_PMDEC}
#   - {width: 9}
#   - {precision: '3'}
#   - values: {'null': .nan}
# - name: e_pmRA
#   unit: mas / yr
#   datatype: float32
#   format: '{:6.3f}'
#   description: '? Standard error of proper motion in right ascension direction (pmra_error)'
#   meta: !!omap
#   - {ucd: ERROR}
#   - {width: 6}
#   - {precision: '3'}
#   - values: {'null': .nan}
# - name: e_pmDE
[...]
#         value: !astropy.table.SerializedColumn {name: SkyCoord.dec}
#       distance: !astropy.table.SerializedColumn
#         __class__: astropy.coordinates.distances.Distance
#         unit: !astropy.units.Unit {unit: pc}
#         value: !astropy.table.SerializedColumn {name: SkyCoord.distance}
#       frame: icrs
#       obstime: !astropy.time.Time {format: jyear_str, in_subfmt: '*', jd1: 367701545.0, jd2: 0.0, out_subfmt: '*', precision: 3, scale: tt}
#       pm_dec: !astropy.table.SerializedColumn
#         __class__: astropy.units.quantity.Quantity
#         unit: !astropy.units.Unit {unit: mas / yr}
#         value: !astropy.table.SerializedColumn {name: SkyCoord.pm_dec}
#       pm_ra_cosdec: !astropy.table.SerializedColumn
#         __class__: astropy.units.quantity.Quantity
#         unit: !astropy.units.Unit {unit: mas / yr}
#         value: !astropy.table.SerializedColumn {name: SkyCoord.pm_ra_cosdec}
#       ra: !astropy.table.SerializedColumn
#         __class__: astropy.coordinates.angles.Longitude
#         unit: *id001
#         value: !astropy.table.SerializedColumn {name: SkyCoord.ra}
#         wrap_angle: !astropy.coordinates.Angle
#           unit: *id001
#           value: 360.0
#       representation_type: spherical
# schema: astropy-2.0
RA_ICRS_1 DE_ICRS_1 e_RA_ICRS e_DE_ICRS _r_1 HIP TYC2 Source rgeo Plx e_Plx pmRA pmDE e_pmRA e_pmDE RUWE Teff logg Gmag BP-RP BPmag RPmag RV e_RV b_rgeo B_rgeo FG e_FG FBP e_FBP FRP e_FRP RAVE5 RAVE6 e_Gmag e_BPmag e_RPmag e_BP-RP SkyCoord.ra SkyCoord.dec SkyCoord.distance SkyCoord.pm_ra_cosdec SkyCoord.pm_dec rmRA rmDE e_rmRA e_rmDE rRV e_rRV v_pec v_pec3d e_vpec e_vpec3d
[from data line 1547]
306.17425574676 41.76744984774 0.0458 0.0533 15.5811 "" "" 2068462640666949760 1331.6499 0.7288 0.0556 -7.639 -6.576 0.057 0.068 1.166 6903.8 4.3256 16.986015 1.892613 17.906313 16.0137 "" "" 1246.89258 1426.69214 3023.71529 2.1254 939.49 12.054 3116.6 12.928 "" "" 0.0028590602193611053 0.014207071 0.005879415 0.020086486 306.17425574676 41.76744984774 1331.6499 -7.639 -6.576 -4.00094109916687 1.8012354125976566 0.160196 0.17119601 "" "" 27.69530094218051 "" 4.48946627418823 ""
306.29726936374 42.24564072807 0.042 0.0495 38.4703 "" "" 2068865547260320512 966.280151 1.0202 0.0556 22.001 2.838 0.058 0.069 1.013 4658.3 4.4285 16.98617 1.734545 17.81833 16.083786 "" "" 910.287659 1016.90894 3023.28247 1.8375 1018.8 7.8666 2921.8 13.186 "" "" 0.002833239659970538 0.008835563 0.0061881104 0.015023674 306.29726936374 42.24564072807 966.280151 22.000999999999998 2.838000000000002 25.63905890083313 11.215235412597657 0.16119601 0.172196 "" "" 128.17457700185642 "" 20.894093186206632 ""
305.71567570278 41.43720702965 0.0447 0.049 16.875 "" "" 2068440238117189120 1101.599 0.8739 0.0557 -2.051 -2.977 0.063 0.064 0.979 4915.6 4.2057 16.986671 2.391186 18.272076 15.88089 "" "" 1042.14478 1176.63574 3021.88784 5.1278 670.79 11.35 3522.1 19.688 "" "" 0.0033145315267475092 0.01858171 0.0071496633 0.025731374 305.71567570278 41.43720702965 1101.599 -2.0510000000000006 -2.9770000000000003 1.5870589008331297 5.400235412597656 0.16619602 0.167196 "" "" 29.390255472496474 "" 4.9116031718046145 ""
305.89191767094 41.39768548741 0.0424 0.0459 18.5082 "" "" 2068433233027464192 1232.61682 0.772 0.053 -2.044 -2.708 0.064 0.058 0.97 5015.7 4.2822 16.986908 1.938929 17.948847 16.009918 "" "" 1165.43506 1326.05432 3021.22585 3.3371 903.4 11.225 3127.5 18.831 "" "" 0.0030049948433866153 0.013776093 0.0075511853 0.021327278 305.89191767094 41.39768548741 1232.61682 -2.044 -2.708 1.5940589008331298 5.669235412597656 0.167196 0.16119601 "" "" 34.40755614032318 "" 5.561746685942539 ""
305.8192736231 41.1688255287 0.041 0.0467 32.0847 "" "" 2068423818458673536 958.38031 1.0275 0.0539 1.453 1.472 0.053 0.058 0.996 4571.4 4.5813 16.98711 1.572657 17.72843 16.155773 "" "" 909.494629 998.417786 3020.66416 1.8439 1106.7 8.3903 2734.3 10.965 "" "" 0.0028339100462397393 0.008691399 0.0057654916 0.0144568905 305.8192736231 41.1688255287 958.38031 1.4529999999999985 1.4719999999999986 5.09105890083313 9.849235412597656 0.15619601 0.16119601 "" "" 50.36613933350925 "" 8.066376556848073 ""
306.35603755203 41.30763610342 0.0466 0.0474 33.2833 "" "" 2067698892402160768 1228.55334 0.7791 0.0571 -1.512 -5.828 0.064 0.063 1.036 5618.2 4.5869 16.987564 1.854958 17.904613 16.049656 "" "" 1159.56519 1311.26611 3019.40115 2.0617 940.96 8.9912 3015.1 9.3218 "" "" 0.0028533145054395062 0.010743235 0.005054866 0.015798101 306.35603755203 41.30763610342 1228.55334 -1.5119999999999996 -5.828 2.12605890083313 2.549235412597656 0.167196 0.16619602 "" "" 19.330277236954696 "" 3.2205587537914577 ""
306.02375518151 42.02258827714 0.0429 0.0447 20.89 "" "" 2068486318823007616 1228.54895 0.7751 0.0529 -3.618 -8.405 0.053 0.054 0.96 7152.3 4.3437 16.988953 2.212467 18.145683 15.933216 "" "" 1145.88757 1321.47974 3015.54615 2.1926 753.6 7.6656 3356.4 10.356 "" "" 0.002866182297129883 0.011391082 0.005050358 0.01644144 306.02375518151 42.02258827714 1228.54895 -3.618000000000003 -8.404999999999998 0.02005890083313 -0.02776458740234311 0.15619601 0.15719602 "" "" 0.19946317268197994 "" 0.031286553209010304 ""
305.67341297852 42.07435731227 0.055 0.0638 23.4259 "" "" 2068542561416684928 1024.74634 0.9481 0.0709 3.488 0.809 0.068 0.07 1.137 4281.5 4.648 16.989319 1.692888 17.730692 16.037804 "" "" 952.161682 1101.0835 3014.52754 3.194 1104.4 14.29 3048.2 13.573 "" "" 0.0029858257321143974 0.014322903 0.0061365035 0.020459406 305.67341297852 42.07435731227 1024.74634 3.4880000000000004 0.8089999999999995 7.126058900833129 9.186235412597656 0.17119601 0.17319602 "" "" 56.471728056070056 "" 9.738400563787822 ""
304.99859990545 41.83468772365 0.0437 0.0473 38.3366 "" "" 2068607363887672576 1106.99902 0.8689 0.0525 -7.418 -6.936 0.063 0.059 0.977 5289.2 4.6399 16.989754 1.781132 17.85063 16.069498 "" "" 1049.5083 1169.37915 3013.31933 1.8712 988.93 8.9092 2960.5 10.428 "" "" 0.0028366101725775215 0.010171493 0.005376761 0.015548253 304.99859990545 41.83468772365 1106.99902 -7.417999999999993 -6.936000000000007 -3.7799410991668703 1.4412354125976563 0.16619602 0.16219601 "" "" 21.226827889200376 "" 3.5171508813024968 ""
305.44886650698 41.84283724057 0.0404 0.0531 19.2781 "" "" 2068510061402322176 995.94281 0.9777 0.0535 -0.957 3.672 0.055 0.066 1.015 4789.0 4.2596 16.992546 2.167529 18.114807 15.947278 "" "" 937.073547 1057.71655 3005.58068 1.9001 775.34 9.9757 3313.2 11.636 "" "" 0.002839528791368503 0.01424525 0.0053687617 0.019614011 305.44886650698 41.84283724057 995.94281 -0.9570000000000012 3.671999999999997 2.68105890083313 12.049235412597657 0.158196 0.16919601 "" "" 58.272753702944435 "" 9.830217953514069 ""
305.85928666716 41.66743037514 0.0414 0.0479 2.3782 "" "" 2068452268322248960 1130.8457 0.8556 0.054 -3.533 -8.189 0.056 0.062 1.02 5341.9 4.5697 16.994776 1.907326 17.934914 16.027588 "" "" 1051.45837 1219.28174 2999.41216 2.34 915.06 9.4252 3077.0 8.5946 "" "" 0.0028825798150645906 0.011525996 0.004845689 0.016371686 305.85928666716 41.66743037514 1130.8457 -3.532999999999996 -8.189 0.10505890083312996 0.1882354125976562 0.15919602 0.165196 "" "" 1.1554941829647558 "" 0.18925932934696302 ""
305.0259305299 41.89839821884 0.0408 0.0473 38.1175 "" "" 2068610872880238976 1254.34338 0.7663 0.051 1.683 -0.615 0.057 0.06 0.986 "" "" 16.99678 2.491263 18.354355 15.863091 "" "" 1186.80444 1323.66211 2993.88322 2.041 621.83 8.0047 3580.3 12.813 "" "" 0.0028530060386795916 0.01425226 0.0054204655 0.019672725 305.0259305299 41.89839821884 1254.34338 1.6829999999999994 -0.615 5.32105890083313 7.762235412597656 0.160196 0.16319601 "" "" 55.953623566912675 "" 9.078082203587584 ""
305.50665580248 41.65997002578 0.0442 0.0531 15.031 "" "" 2068496141411741440 1085.77319 0.9098 0.0553 1.63 -5.115 0.059 0.066 1.026 5058.3 4.6118 16.99794 1.871748 17.928308 16.05656 "" "" 1021.56476 1150.14404 2990.68382 2.4124 920.65 6.8192 2995.9 11.568 "" "" 0.0028911604150879807 0.0085122585 0.005644408 0.014156667 305.50665580248 41.65997002578 1085.77319 1.63 -5.115 5.26805890083313 3.262235412597656 0.16219601 0.16919601 "" "" 31.889864034493705 "" 5.235236691890147 ""
306.37254407087 41.39787956328 0.0428 0.0484 30.2372 "" "" 2067702676272542336 1107.50916 0.8909 0.0544 -0.028 -0.089 0.06 0.062 0.956 4709.7 4.6137 16.99807 1.519918 17.702454 16.182535 "" "" 1030.27222 1174.78174 2990.32975 2.3848 1133.5 8.6367 2667.7 8.9704 "" "" 0.0028881716840699896 0.008730616 0.005254783 0.013985399 306.37254407087 41.39787956328 1107.50916 -0.028000000000000025 -0.08899999999999997 3.61005890083313 8.288235412597656 0.16319601 0.165196 "" "" 47.458000255080535 "" 7.8248134954252135 ""
