Clusters/Collinder_421/Collinder_421_stars_in_region.tsv
# %ECSV 1.0
# ---
# datatype:
# - name: RA_ICRS_1
#   unit: deg
#   datatype: float64
#   format: '{:15.11f}'
#   description: Right ascension (ICRS) at Ep=2016.0 (ra)
#   meta: !!omap
#   - {ucd: POS_EQ_RA_MAIN}
#   - {width: 15}
#   - {precision: '11'}
# - name: DE_ICRS_1
#   unit: deg
#   datatype: float64
#   format: '{:15.11f}'
#   description: Declination (ICRS) at Ep=2016.0 (dec)
#   meta: !!omap
#   - {ucd: POS_EQ_DEC_MAIN}
#   - {width: 15}
#   - {precision: '11'}
# - name: e_RA_ICRS
#   unit: mas
#   datatype: float64
#   format: '{:7.4f}'
#   description: Standard error of right ascension (ra_error)
#   meta: !!omap
#   - {ucd: ERROR}
#   - {width: 7}
#   - {precision: '4'}
# - name: e_DE_ICRS
#   unit: mas
#   datatype: float64
#   format: '{:7.4f}'
#   description: Standard error of declination (dec_error)
#   meta: !!omap
#   - {ucd: ERROR}
#   - {width: 7}
#   - {precision: '4'}
# - name: _r_1
#   unit: ''
#   datatype: float64
#   format: '{:7.4f}'
#   description: Distance from center (305.83700742000+41.70340596000)[ICRS], at Epoch=J2016.0
#   meta: !!omap
#   - {ucd: POS_ANG_DIST_GENERAL}
#   - {width: 7}
#   - {precision: '4'}
# - name: HIP
#   datatype: int32
#   description: '? HIP cross-id number, van Leeuwen, Cat. I/311 (hip_original_ext_source_id)'
#   meta: !!omap
#   - {ucd: ID_NUMBER}
#   - {width: 6}
#   - values: {'null': -2147483648}
# - name: TYC2
#   datatype: string
#   description: Tycho-2 cross-id name, Hog et al., Cat. I/259 (tyc2_original_ext_source_id)
#   meta: !!omap
#   - {ucd: ID_CROSSID}
#   - {_votable_string_dtype: char}
# - name: Source
#   datatype: int64
#   description: Source identifier, identical to the Gaia-EDR3 source_id (id)
#   meta: !!omap
#   - {ucd: ID_MAIN}
#   - {width: 19}
# - name: rgeo
#   unit: pc
#   datatype: float64
#   format: '{:15.8f}'
#   description: '? Median of the geometric distance posterior (r_med_geo)'
#   meta: !!omap
#   - {ucd: PHYS_DISTANCE_TRUE}
#   - {width: 15}
#   - {precision: '8'}
#   - values: {'null': .nan}
# - name: Plx
#   unit: mas
#   datatype: float64
#   format: '{:9.4f}'
#   description: '? Parallax (parallax)'
#   meta: !!omap
#   - {ucd: POS_PARLX_TRIG}
#   - {width: 9}
#   - {precision: '4'}
#   - values: {'null': .nan}
# - name: e_Plx
#   unit: mas
#   datatype: float32
#   format: '{:7.4f}'
#   description: '? Standard error of parallax (parallax_error)'
#   meta: !!omap
#   - {ucd: ERROR}
#   - {width: 7}
#   - {precision: '4'}
#   - values: {'null': .nan}
# - name: pmRA
#   unit: mas / yr
#   datatype: float64
#   format: '{:9.3f}'
#   description: '? Proper motion in right ascension direction, pmRA*cosDE (pmra)'
#   meta: !!omap
#   - {ucd: POS_EQ_PMRA}
#   - {width: 9}
#   - {precision: '3'}
#   - values: {'null': .nan}
# - name: pmDE
#   unit: mas / yr
#   datatype: float64
#   format: '{:9.3f}'
#   description: '? Proper motion in declination direction (pmdec)'
#   meta: !!omap
#   - {ucd: POS_EQ_PMDEC}
#   - {width: 9}
#   - {precision: '3'}
#   - values: {'null': .nan}
# - name: e_pmRA
#   unit: mas / yr
#   datatype: float32
#   format: '{:6.3f}'
#   description: '? Standard error of proper motion in right ascension direction (pmra_error)'
#   meta: !!omap
#   - {ucd: ERROR}
#   - {width: 6}
#   - {precision: '3'}
#   - values: {'null': .nan}
# - name: e_pmDE
[...]
#         value: !astropy.table.SerializedColumn {name: SkyCoord.dec}
#       distance: !astropy.table.SerializedColumn
#         __class__: astropy.coordinates.distances.Distance
#         unit: !astropy.units.Unit {unit: pc}
#         value: !astropy.table.SerializedColumn {name: SkyCoord.distance}
#       frame: icrs
#       obstime: !astropy.time.Time {format: jyear_str, in_subfmt: '*', jd1: 367701545.0, jd2: 0.0, out_subfmt: '*', precision: 3, scale: tt}
#       pm_dec: !astropy.table.SerializedColumn
#         __class__: astropy.units.quantity.Quantity
#         unit: !astropy.units.Unit {unit: mas / yr}
#         value: !astropy.table.SerializedColumn {name: SkyCoord.pm_dec}
#       pm_ra_cosdec: !astropy.table.SerializedColumn
#         __class__: astropy.units.quantity.Quantity
#         unit: !astropy.units.Unit {unit: mas / yr}
#         value: !astropy.table.SerializedColumn {name: SkyCoord.pm_ra_cosdec}
#       ra: !astropy.table.SerializedColumn
#         __class__: astropy.coordinates.angles.Longitude
#         unit: *id001
#         value: !astropy.table.SerializedColumn {name: SkyCoord.ra}
#         wrap_angle: !astropy.coordinates.Angle
#           unit: *id001
#           value: 360.0
#       representation_type: spherical
# schema: astropy-2.0
RA_ICRS_1 DE_ICRS_1 e_RA_ICRS e_DE_ICRS _r_1 HIP TYC2 Source rgeo Plx e_Plx pmRA pmDE e_pmRA e_pmDE RUWE Teff logg Gmag BP-RP BPmag RPmag RV e_RV b_rgeo B_rgeo FG e_FG FBP e_FBP FRP e_FRP RAVE5 RAVE6 e_Gmag e_BPmag e_RPmag e_BP-RP SkyCoord.ra SkyCoord.dec SkyCoord.distance SkyCoord.pm_ra_cosdec SkyCoord.pm_dec rmRA rmDE e_rmRA e_rmDE rRV e_rRV v_pec v_pec3d e_vpec e_vpec3d
[from data line 385]
305.98554836681 41.13295529188 0.0128 0.014 34.8735 "" "" 2067670584276460288 1256.57068 0.7677 0.0157 -0.151 -3.436 0.016 0.017 0.987 7983.9 4.071 14.460877 1.190267 14.970712 13.780445 "" "" 1234.36426 1281.01062 30945.37224 6.3314 14032.0 13.236 24377.0 17.31 "" "" 0.002764260469254442 0.0029721912 0.0038572182 0.0068294094 305.98554836681 41.13295529188 1256.57068 -0.15100000000000113 -3.435999999999999 3.48705890083313 4.941235412597656 0.11919601 0.120196015 "" "" 36.02132881180727 "" 4.3176781061909475 ""
306.45647328851 41.41340360819 0.0124 0.0149 32.8065 "" "" 2067701061364594560 1212.63501 0.7981 0.0161 2.285 -4.341 0.017 0.019 0.926 7066.9 4.2156 14.461164 1.125048 14.935512 13.810464 -3.58 8.72 1188.97607 1242.46069 30937.20152 6.071 14495.0 13.92 23712.0 15.804 "" "" 0.002763545602642887 0.002978624 0.0038480363 0.0068266606 306.45647328851 41.41340360819 1212.63501 2.285 -4.341 5.92305890083313 4.036235412597656 0.120196015 0.12219601 -6.868500000000001 10.383427 41.198308659292756 41.76693583010796 4.978148995471567 5.198794450928053
306.15454030361 41.48174378038 0.0134 0.0157 19.4912 "" "" 2068455223259609856 1028.73389 0.9439 0.0173 3.554 -10.796 0.019 0.019 0.941 5243.1 4.1099 14.462031 1.321942 15.049493 13.72755 -33.69 3.65 1009.66431 1049.58936 30912.49533 6.4104 13050.0 16.944 25594.0 16.286 "" "" 0.002764504064390234 0.0031260725 0.0038420097 0.006968082 306.15454030361 41.48174378038 1028.73389 3.554 -10.796000000000014 7.19205890083313 -2.418764587402343 0.12219601 0.12219601 -36.9785 5.313426 37.000077752290075 52.3107562163415 4.521261917093988 4.93303966443665
306.45583125095 41.46433439251 0.0186 0.0221 31.2578 "" "" 2067701748559377152 1119.06763 0.8771 0.0245 4.43 -4.712 0.027 0.029 1.491 6338.1 3.9456 14.463753 1.0808 14.916025 13.835225 -9.3 8.86 1083.56665 1144.90369 30863.5308 5.5316 14757.0 17.065 23178.0 18.234 "" "" 0.002762183236095584 0.0030596475 0.0038746982 0.0069343457 306.45583125095 41.46433439251 1119.06763 4.4300000000000015 -4.712 8.06805890083313 3.6652354125976565 0.130196 0.13219601 -12.588500000000002 10.523426 47.00517027923316 48.66165189581736 6.13607019237408 6.522485949902004
306.40661060765 41.42528781855 0.0404 0.0258 30.5341 "" "" 2067701263222615936 1211.18982 0.8132 0.0351 8.312 -1.363 0.086 0.056 1.533 "" "" 14.466064 "" "" "" 1.33 7.47 1153.91431 1265.07007 30797.91492 16.649 "" "" "" "" "" "" 0.0028171410882152064 "" "" "" 306.40661060765 41.42528781855 1211.18982 8.312 -1.3630000000000004 11.95005890083313 7.014235412597657 0.18919602 0.15919602 -1.9585000000000004 9.133426 79.55088586070241 79.57499081666614 14.476719305792766 14.474079687705183
305.77342537772 41.94400580454 0.0126 0.0155 14.7133 "" "" 2068528959258369152 1125.62915 0.8559 0.0158 -3.574 -8.334 0.016 0.02 0.965 "" "" 14.470684 1.38618 15.087474 13.701294 "" "" 1108.63281 1148.92249 30667.12699 7.5115 12602.0 14.972 26220.0 18.832 "" "" 0.002768124203049728 0.0030739154 0.0038589933 0.0069329087 305.77342537772 41.94400580454 1125.62915 -3.574 -8.334 0.06405890083313004 0.04323541259765662 0.11919601 0.123196006 "" "" 0.4123483368812101 "" 0.04967237029316349 ""
305.60475119381 41.59707094417 0.0139 0.0156 12.2119 "" "" 2068491953820389888 1210.17444 0.7921 0.0172 -1.537 -2.111 0.019 0.021 1.147 "" "" 14.473549 1.820725 15.351099 13.530374 "" "" 1184.82642 1239.53613 30586.31121 8.4949 9885.0 13.795 30691.0 17.907 "" "" 0.0027717720297242682 0.0031750388 0.003832105 0.007007144 305.60475119381 41.59707094417 1210.17444 -1.537 -2.111 2.10105890083313 6.266235412597656 0.12219601 0.12419601 "" "" 37.911275989299725 "" 4.7008218409913765 ""
306.57999833192 41.43762508507 0.02 0.0216 36.9678 "" "" 2067706421483749888 1045.17285 0.9294 0.0254 -6.843 -17.038 0.027 0.027 1.615 5815.4 4.1217 14.477562 1.061049 14.917438 13.856389 -36.2 5.94 1019.21057 1071.67712 30473.46859 6.8896 14738.0 19.736 22730.0 14.658 "" "" 0.002766232883374523 0.0031462635 0.0038436905 0.006989954 306.57999833192 41.43762508507 1045.17285 -6.843 -17.038 -3.20494109916687 -8.660764587402344 0.130196 0.130196 -39.4885 7.603426 45.75002193911738 60.43513994092942 5.956470089983671 6.709254306613682
305.28072187129 42.05461586931 0.0133 0.0142 32.5826 "" "" 2068709244810031360 959.037231 1.0175 0.0162 -2.242 -4.161 0.018 0.017 0.908 6635.7 4.1331 14.483248 1.219274 15.011139 13.791865 20.35 5.61 942.946045 975.591003 30314.30233 5.9109 13520.0 17.587 24122.0 15.935 "" "" 0.0027634413782442607 0.0031272597 0.0038468372 0.006974097 305.28072187129 42.05461586931 959.037231 -2.242 -4.161 1.39605890083313 4.216235412597657 0.12119601 0.120196015 17.061500000000002 7.273426 20.18966704396339 26.433263846829462 2.4287198071757676 5.047888447175085
305.3262925392 41.6739532196 0.0134 0.0151 22.9513 "" "" 2068507243903973760 1000.06647 0.9702 0.017 2.636 0.67 0.019 0.02 1.031 "" "" 14.487886 1.408319 15.116117 13.707798 "" "" 983.087219 1014.95056 30185.07497 7.3819 12274.0 16.958 26064.0 25.746 "" "" 0.0027680843969094815 0.0031678497 0.0039286083 0.007096458 305.3262925392 41.6739532196 1000.06647 2.635999999999999 0.6700000000000008 6.27405890083313 9.047235412597656 0.12219601 0.123196006 "" "" 52.1900473434854 "" 6.412703825647517 ""
305.45301338847 42.21202452857 0.0128 0.015 34.9976 "" "" 2068547857114098432 1100.35901 0.8824 0.0162 -3.323 -8.231 0.016 0.018 0.936 7450.4 4.1392 14.488926 1.111918 14.9557 13.843781 9.21 9.18 1079.56018 1123.11157 30156.17322 6.2706 14228.0 17.117 22996.0 17.391 "" "" 0.002764554099406596 0.003080778 0.003867549 0.0069483267 305.45301338847 42.21202452857 1100.35901 -3.323000000000006 -8.231000000000002 0.31505890083312993 0.14623541259765638 0.11919601 0.12119601 5.9215 10.843426 1.8116355804515714 6.192429711055112 0.2165863849498846 10.369200370127793
305.86223129795 41.18205433128 0.013 0.0145 31.3017 "" "" 2068420932240648320 989.29541 0.9771 0.0167 1.824 -4.436 0.016 0.018 0.958 6521.6 4.2643 14.489141 1.056845 14.929389 13.872544 -32.16 4.68 974.282471 1003.6424 30150.19886 5.4741 14577.0 17.909 22394.0 14.717 "" "" 0.0027623628640884635 0.003092632 0.0038461476 0.0069387797 305.86223129795 41.18205433128 989.29541 1.8240000000000005 -4.436 5.46205890083313 3.9412354125976563 0.11919601 0.12119601 -35.448499999999996 6.3434258 31.584673805323682 47.47828737053075 3.786514313476113 5.364363347686626
305.84653514375 41.70315744637 0.0126 0.0144 0.4271 "" "" 2068453127315718400 1174.65967 0.8241 0.0162 -3.585 -8.275 0.018 0.018 1.02 "" "" 14.498851 1.209753 15.017038 13.807285 "" "" 1155.39709 1199.36572 29881.76672 5.7771 13446.0 12.545 23782.0 18.46 "" "" 0.0027633042825375015 0.0029683635 0.0038722064 0.00684057 305.84653514375 41.70315744637 1174.65967 -3.585000000000005 -8.275000000000013 0.05305890083312992 0.1022354125976559 0.12119601 0.12119601 "" "" 0.6413308172398139 "" 0.07772673563842825 ""
305.99289858546 41.52004823229 0.0128 0.0154 13.036 "" "" 2068435775647764096 1089.67981 0.89 0.0168 4.936 4.428 0.018 0.019 1.028 "" "" 14.506785 1.38224 15.121303 13.739062 -32.34 6.81 1069.99609 1109.89404 29664.20797 9.4504 12215.0 19.676 25324.0 23.792 "" "" 0.0027769464081197313 0.003292983 0.0039146184 0.0072076013 305.99289858546 41.52004823229 1089.67981 4.936 4.427999999999998 8.57405890083313 12.805235412597657 0.12119601 0.12219601 -35.6285 8.473426 79.59734367329447 87.20738003228024 9.701908312847392 9.5079015394019
306.51461424885 42.03455200229 0.0124 0.0145 36.2129 "" "" 2068847748915755264 1261.06958 0.7682 0.0157 -4.806 -7.405 0.015 0.017 0.991 6670.3 4.0188 14.508637 1.184268 15.016543 13.832275 -5.28 5.74 1235.66504 1287.53271 29613.63424 5.6857 13452.0 16.98 23241.0 16.203 "" "" 0.00276319448026233 0.0031085822 0.0038544382 0.00696302 306.51461424885 42.03455200229 1261.06958 -4.8059999999999965 -7.404999999999993 -1.1679410991668702 0.972235412597656 0.11819601 0.120196015 -8.5685 7.4034257 9.08364623445603 12.487266360687082 1.0811238055888743 5.140589485187013
306.43484312248 41.76189444215 0.0128 0.0148 26.9974 "" "" 2068465393742153344 1160.41748 0.8336 0.0158 -1.231 -3.125 0.017 0.019 0.915 6863.7 4.2663 14.510695 0.973596 14.908597 13.935001 -21.08 7.8 1139.30884 1183.5918 29557.54699 5.4899 14859.0 15.149 21143.0 17.289 "" "" 0.002762690042904772 0.0030017218 0.0038822624 0.0068839844 306.43484312248 41.76189444215 1160.41748 -1.2310000000000003 -3.125 2.40705890083313 5.252235412597656 0.120196015 0.12219601 -24.368499999999997 9.463427 31.778630732834515 40.04628776183698 3.872264779362203 6.527130586351617
306.06188186444 41.78771189597 0.0344 0.0455 11.2662 "" "" 2068475014467340672 1075.42566 0.9093 0.0453 -0.458 -6.172 0.046 0.049 2.988 6995.5 4.0241 14.513012 1.520153 15.134562 13.614409 "" "" 1026.85498 1127.22424 29494.56663 16.5 12067.0 32.366 28405.0 59.354 "" "" 0.002821472948645702 0.004033073 0.0044080364 0.008441109 306.06188186444 41.78771189597 1075.42566 -0.4580000000000002 -6.172 3.1800589008331297 2.2052354125976565 0.14919601 0.152196 "" "" 19.7266936758058 "" 2.9624910119280186 ""
305.57321860644 42.12514441985 0.0151 0.0166 27.911 "" "" 2068543527787529088 1261.94275 0.7621 0.0186 -2.507 -5.215 0.02 0.021 0.998 7965.4 4.2315 14.516455 1.176192 15.018743 13.84255 17.56 5.28 1235.04883 1291.2124 29401.1772 6.9106 13425.0 20.23 23022.0 18.081 "" "" 0.0027671130891867945 0.003234474 0.0038743836 0.007108858 305.57321860644 42.12514441985 1261.94275 -2.5070000000000006 -5.215 1.1310589008331298 3.1622354125976564 0.123196006 0.12419601 14.271499999999998 6.943426 20.08879160408422 24.64214398875075 2.4926773363781187 4.505563285935032
306.23610807971 41.42937780223 0.0132 0.0145 24.317 "" "" 2067703466546364416 1083.49084 0.8975 0.016 -1.611 -5.28 0.019 0.018 0.975 6133.1 4.0614 14.517197 1.157692 15.010396 13.852704 -5.32 8.6 1066.16089 1103.04004 29381.09927 5.7011 13529.0 13.378 22807.0 22.752 "" "" 0.0027633627614921147 0.0029895992 0.003931523 0.006921122 306.23610807971 41.42937780223 1083.49084 -1.611 -5.280000000000001 2.02705890083313 3.097235412597656 0.12219601 0.12119601 -8.608500000000001 10.263426 19.010474293947286 20.86874229873067 2.309711001460932 4.727736617927799
306.10368448734 41.22842832171 0.0132 0.0156 30.9182 "" "" 2067676940828472064 1217.22046 0.7922 0.0165 -2.201 -2.992 0.018 0.02 1.056 6719.3 4.005 14.518522 1.261474 15.068543 13.80707 "" "" 1193.44861 1244.24316 29345.25144 6.1591 12823.0 20.692 23786.0 17.165 "" "" 0.002764727491924453 0.0032946311 0.0038597437 0.007154375 306.10368448734 41.22842832171 1217.22046 -2.2010000000000005 -2.992 1.4370589008331298 5.385235412597656 0.12119601 0.123196006 "" "" 32.15803818040282 "" 3.9574988197441168 ""
305.24750047235 41.59322811508 0.0131 0.0145 27.2442 "" "" 2068412784687620608 953.443726 1.0266 0.0164 -4.466 -16.592 0.018 0.019 1.02 5677.9 4.1261 14.525619 1.190025 15.038775 13.84875 -38.28 9.01 937.78302 970.223755 29154.04653 14.206 13180.0 19.699 22891.0 29.213 "" "" 0.002805652158204901 0.0032277522 0.004025369 0.007253121 305.24750047235 41.59322811508 953.443726 -4.465999999999999 -16.592 -0.8279410991668703 -8.214764587402342 0.12119601 0.12219601 -41.5685 10.673426 37.31325921539193 55.85892503015996 4.559157744916204 8.5066782002802
305.77725682059 41.83195653866 0.012 0.0146 8.1634 "" "" 2068501918144246528 1220.85474 0.7963 0.0152 -3.518 -8.174 0.016 0.018 0.95 "" "" 14.526508 1.157284 15.01864 13.861356 "" "" 1194.91345 1246.20959 29130.18481 5.2778 13426.0 19.32 22626.0 16.022 "" "" 0.0027623333573948946 0.0031978209 0.0038567907 0.0070546116 305.77725682059 41.83195653866 1220.85474 -3.518 -8.174 0.12005890083313009 0.20323541259765676 0.11919601 0.12119601 "" "" 1.365976116275932 "" 0.1648484554833944 ""
306.42100340777 41.66779569365 0.0143 0.0181 26.2549 "" "" 2068463022920180352 1007.07782 0.9686 0.018 -2.336 1.369 0.019 0.022 1.228 5763.6 4.1561 14.533852 1.102873 14.991583 13.88871 -23.95 7.46 989.920166 1026.84436 28933.85168 5.8253 13765.0 16.619 22063.0 18.134 "" "" 0.0027639776278819443 0.0030827546 0.0038833083 0.006966063 306.42100340777 41.66779569365 1007.07782 -2.336 1.369 1.30205890083313 9.746235412597656 0.12219601 0.12519601 -27.2385 9.123426 46.93747418459203 54.26842880606774 5.873944420236199 6.839625313820408
305.70386141491 41.76984998368 0.0125 0.0159 7.1715 "" "" 2068499925279427584 1209.79517 0.8001 0.0164 -3.63 -8.493 0.017 0.018 0.992 7983.3 4.0529 14.538991 1.225637 15.067527 13.841889 "" "" 1184.7843 1229.34729 28797.19957 5.4346 12835.0 16.961 23036.0 14.561 "" "" 0.002762928401493288 0.0031374497 0.0038411876 0.0069786375 305.70386141491 41.76984998368 1209.79517 -3.6299999999999963 -8.493000000000002 0.00805890083312999 -0.11576458740234408 0.120196015 0.12119601 "" "" 0.6654504309274497 "" 0.08064674041136734 ""
306.1714905699 41.54210244703 0.0125 0.015 17.8531 "" "" 2068455669936222848 1151.48071 0.8356 0.016 -0.673 -1.334 0.017 0.019 0.992 15014.3 4.6054 14.541348 1.307649 15.115133 13.807485 "" "" 1131.98645 1176.77576 28734.73842 6.1469 12285.0 16.852 23777.0 17.128 "" "" 0.0027650920072635823 0.0031627915 0.003859461 0.0070222523 306.1714905699 41.54210244703 1151.48071 -0.673 -1.334 2.96505890083313 7.043235412597657 0.120196015 0.12219601 "" "" 41.70966912617401 "" 5.084284460457828 ""
306.29848465119 41.67542629694 0.0128 0.0159 20.7448 "" "" 2068458315636073600 1107.20862 0.8713 0.0162 0.499 -0.436 0.017 0.021 1.094 6419.3 4.2332 14.545018 1.021014 14.969358 13.948344 0.89 7.37 1089.69385 1127.80261 28637.78711 5.3409 14050.0 15.576 20884.0 13.856 "" "" 0.002762750584601079 0.0030387244 0.0038474202 0.0068861446 306.29848465119 41.67542629694 1107.20862 0.49899999999999994 -0.43599999999999994 4.1370589008331295 7.941235412597656 0.120196015 0.12419601 -2.3985000000000003 9.033426 46.99338176478861 47.0545505975901 5.796776535480808 5.8075238514954455
305.94308881135 41.25618711614 0.0138 0.0164 27.2535 "" "" 2068422822026257664 1172.23315 0.8264 0.0176 0.455 -5.888 0.018 0.018 0.997 7199.2 4.1106 14.550905 1.322554 15.135111 13.812557 "" "" 1147.45007 1197.68213 28482.9361 5.7933 12061.0 14.831 23667.0 19.766 "" "" 0.0027641557448750513 0.003093141 0.0038866398 0.0069797807 305.94308881135 41.25618711614 1172.23315 0.45500000000000007 -5.888 4.09305890083313 2.4892354125976563 0.12119601 0.12119601 "" "" 26.61817257102009 "" 3.2260162883021057 ""
305.56917037003 41.69962051563 0.0128 0.015 12.0005 "" "" 2068496519368914560 942.572754 1.0352 0.0158 4.728 6.055 0.018 0.02 0.938 5943.6 4.2351 14.560136 0.998187 14.967737 13.96955 -0.14 5.3 929.168152 955.139771 28241.81303 5.776 14071.0 17.862 20480.0 34.154 "" "" 0.0027642535077304848 0.0031120144 0.004190728 0.0073027425 305.56917037003 41.69962051563 942.572754 4.728 6.054999999999999 8.36605890083313 14.432235412597656 0.12119601 0.123196006 -3.4285000000000005 6.963426 74.53058022349391 74.609396195792 9.144607847398435 9.140550362395222
306.29487186023 41.78564208952 0.0131 0.0147 21.0828 "" "" 2068467730204421248 1050.48828 0.9274 0.0157 3.697 -8.934 0.017 0.02 1.047 5261.7 4.1285 14.560388 1.219714 15.089606 13.869892 -13.95 4.36 1034.13892 1065.34668 28235.25307 5.2782 12577.0 14.107 22449.0 12.447 "" "" 0.002762785494638409 0.0030443596 0.0038270254 0.006871385 306.29487186023 41.78564208952 1050.48828 3.697 -8.934 7.33505890083313 -0.556764587402343 0.120196015 0.123196006 -17.2385 6.023426 36.62862900499438 40.482370793167675 4.403252517297301 4.738335925913239
