Clusters/Collinder_421/Collinder_421_stars_in_region.tsv
# %ECSV 1.0
# ---
# datatype:
# - name: RA_ICRS_1
#   unit: deg
#   datatype: float64
#   format: '{:15.11f}'
#   description: Right ascension (ICRS) at Ep=2016.0 (ra)
#   meta: !!omap
#   - {ucd: POS_EQ_RA_MAIN}
#   - {width: 15}
#   - {precision: '11'}
# - name: DE_ICRS_1
#   unit: deg
#   datatype: float64
#   format: '{:15.11f}'
#   description: Declination (ICRS) at Ep=2016.0 (dec)
#   meta: !!omap
#   - {ucd: POS_EQ_DEC_MAIN}
#   - {width: 15}
#   - {precision: '11'}
# - name: e_RA_ICRS
#   unit: mas
#   datatype: float64
#   format: '{:7.4f}'
#   description: Standard error of right ascension (ra_error)
#   meta: !!omap
#   - {ucd: ERROR}
#   - {width: 7}
#   - {precision: '4'}
# - name: e_DE_ICRS
#   unit: mas
#   datatype: float64
#   format: '{:7.4f}'
#   description: Standard error of declination (dec_error)
#   meta: !!omap
#   - {ucd: ERROR}
#   - {width: 7}
#   - {precision: '4'}
# - name: _r_1
#   unit: ''
#   datatype: float64
#   format: '{:7.4f}'
#   description: Distance from center (305.83700742000+41.70340596000)[ICRS], at Epoch=J2016.0
#   meta: !!omap
#   - {ucd: POS_ANG_DIST_GENERAL}
#   - {width: 7}
#   - {precision: '4'}
# - name: HIP
#   datatype: int32
#   description: '? HIP cross-id number, van Leeuwen, Cat. I/311 (hip_original_ext_source_id)'
#   meta: !!omap
#   - {ucd: ID_NUMBER}
#   - {width: 6}
#   - values: {'null': -2147483648}
# - name: TYC2
#   datatype: string
#   description: Tycho-2 cross-id name, Hog et al., Cat. I/259 (tyc2_original_ext_source_id)
#   meta: !!omap
#   - {ucd: ID_CROSSID}
#   - {_votable_string_dtype: char}
# - name: Source
#   datatype: int64
#   description: Source identifier, identical to the Gaia-EDR3 source_id (id)
#   meta: !!omap
#   - {ucd: ID_MAIN}
#   - {width: 19}
# - name: rgeo
#   unit: pc
#   datatype: float64
#   format: '{:15.8f}'
#   description: '? Median of the geometric distance posterior (r_med_geo)'
#   meta: !!omap
#   - {ucd: PHYS_DISTANCE_TRUE}
#   - {width: 15}
#   - {precision: '8'}
#   - values: {'null': .nan}
# - name: Plx
#   unit: mas
#   datatype: float64
#   format: '{:9.4f}'
#   description: '? Parallax (parallax)'
#   meta: !!omap
#   - {ucd: POS_PARLX_TRIG}
#   - {width: 9}
#   - {precision: '4'}
#   - values: {'null': .nan}
# - name: e_Plx
#   unit: mas
#   datatype: float32
#   format: '{:7.4f}'
#   description: '? Standard error of parallax (parallax_error)'
#   meta: !!omap
#   - {ucd: ERROR}
#   - {width: 7}
#   - {precision: '4'}
#   - values: {'null': .nan}
# - name: pmRA
#   unit: mas / yr
#   datatype: float64
#   format: '{:9.3f}'
#   description: '? Proper motion in right ascension direction, pmRA*cosDE (pmra)'
#   meta: !!omap
#   - {ucd: POS_EQ_PMRA}
#   - {width: 9}
#   - {precision: '3'}
#   - values: {'null': .nan}
# - name: pmDE
#   unit: mas / yr
#   datatype: float64
#   format: '{:9.3f}'
#   description: '? Proper motion in declination direction (pmdec)'
#   meta: !!omap
#   - {ucd: POS_EQ_PMDEC}
#   - {width: 9}
#   - {precision: '3'}
#   - values: {'null': .nan}
# - name: e_pmRA
#   unit: mas / yr
#   datatype: float32
#   format: '{:6.3f}'
#   description: '? Standard error of proper motion in right ascension direction (pmra_error)'
#   meta: !!omap
#   - {ucd: ERROR}
#   - {width: 6}
#   - {precision: '3'}
#   - values: {'null': .nan}
# - name: e_pmDE
[...]
#         value: !astropy.table.SerializedColumn {name: SkyCoord.dec}
#       distance: !astropy.table.SerializedColumn
#         __class__: astropy.coordinates.distances.Distance
#         unit: !astropy.units.Unit {unit: pc}
#         value: !astropy.table.SerializedColumn {name: SkyCoord.distance}
#       frame: icrs
#       obstime: !astropy.time.Time {format: jyear_str, in_subfmt: '*', jd1: 367701545.0, jd2: 0.0, out_subfmt: '*', precision: 3, scale: tt}
#       pm_dec: !astropy.table.SerializedColumn
#         __class__: astropy.units.quantity.Quantity
#         unit: !astropy.units.Unit {unit: mas / yr}
#         value: !astropy.table.SerializedColumn {name: SkyCoord.pm_dec}
#       pm_ra_cosdec: !astropy.table.SerializedColumn
#         __class__: astropy.units.quantity.Quantity
#         unit: !astropy.units.Unit {unit: mas / yr}
#         value: !astropy.table.SerializedColumn {name: SkyCoord.pm_ra_cosdec}
#       ra: !astropy.table.SerializedColumn
#         __class__: astropy.coordinates.angles.Longitude
#         unit: *id001
#         value: !astropy.table.SerializedColumn {name: SkyCoord.ra}
#         wrap_angle: !astropy.coordinates.Angle
#           unit: *id001
#           value: 360.0
#       representation_type: spherical
# schema: astropy-2.0
RA_ICRS_1 DE_ICRS_1 e_RA_ICRS e_DE_ICRS _r_1 HIP TYC2 Source rgeo Plx e_Plx pmRA pmDE e_pmRA e_pmDE RUWE Teff logg Gmag BP-RP BPmag RPmag RV e_RV b_rgeo B_rgeo FG e_FG FBP e_FBP FRP e_FRP RAVE5 RAVE6 e_Gmag e_BPmag e_RPmag e_BP-RP SkyCoord.ra SkyCoord.dec SkyCoord.distance SkyCoord.pm_ra_cosdec SkyCoord.pm_dec rmRA rmDE e_rmRA e_rmDE rRV e_rRV v_pec v_pec3d e_vpec e_vpec3d
[from data line 472]
306.12256189034 41.98241964412 0.0154 0.0187 21.0516 "" "" 2068485459829514368 1074.42834 0.9021 0.0203 -3.432 -10.216 0.019 0.023 1.141 "" "" 14.757209 2.087242 15.820891 13.733649 -25.8 10.14 1053.61072 1097.59204 23553.91257 10.796 6413.0 14.768 25451.0 25.718 "" "" 0.0027999008978258676 0.0037465098 0.003935405 0.0076819146 306.12256189034 41.98241964412 1074.42834 -3.4319999999999995 -10.215999999999998 0.20605890083312994 -1.838764587402343 0.12219601 0.12619601 -29.0885 11.803427 9.423059744680893 30.576704976204116 1.1886924000429702 11.234913668668288
306.12239196201 41.33020028621 0.0149 0.0174 25.803 "" "" 2068429865773095808 995.741089 0.9752 0.0186 0.763 -5.331 0.021 0.022 1.037 5701.8 4.1672 14.758478 1.210536 15.284801 14.074265 -13.85 8.11 975.186401 1017.11731 23526.39088 4.6131 10507.0 14.209 18597.0 13.328 "" "" 0.00276353269041759 0.0031529188 0.0038586524 0.007011571 306.12239196201 41.33020028621 995.741089 0.7629999999999997 -5.331 4.40105890083313 3.046235412597656 0.12419601 0.12519601 -17.1385 9.773426 25.26262735064374 30.527504367496096 3.145722420644674 6.073129630157049
306.36442358172 41.27505882664 0.0143 0.0157 34.9633 "" "" 2067697968988376448 1028.93774 0.944 0.0178 2.881 1.037 0.02 0.021 1.001 6301.1 4.2695 14.764123 1.061012 15.20795 14.146937 -18.57 9.02 1011.02197 1047.95959 23404.40996 4.7554 11278.0 11.566 17393.0 12.53 "" "" 0.0027641374046918563 0.0030041381 0.0038594708 0.006863609 306.36442358172 41.27505882664 1028.93774 2.8809999999999993 1.0369999999999995 6.51905890083313 9.414235412597655 0.123196006 0.12419601 -21.8585 10.683426 55.84853360833401 59.97376700234206 6.918113666420264 7.527555205591028
305.74736935448 42.33972603956 0.0144 0.0175 38.3877 "" "" 2068552530038551296 964.160278 1.0071 0.0194 -7.367 -7.536 0.019 0.021 1.047 5894.3 4.1122 14.767991 1.202325 15.284466 14.082141 26.28 11.34 946.781494 981.675659 23321.17593 4.9977 10511.0 12.113 18463.0 12.162 "" "" 0.0027651266960570424 0.003057873 0.0038464577 0.006904331 305.74736935448 42.33972603956 964.160278 -7.367 -7.536 -3.72894109916687 0.8412354125976567 0.12219601 0.12419601 22.991500000000002 13.003426 17.46998351232515 28.875757932406078 2.1364675718985535 10.43397971513196
305.97277975933 42.08677582104 0.0228 0.0239 23.788 "" "" 2068533700902244224 1230.71558 0.762 0.0277 -8.173 -14.976 0.029 0.029 1.12 "" "" 14.770225 3.643211 17.046423 13.403212 15.58 1.36 1188.65063 1280.34802 23273.2495 10.575 2074.2 12.821 34504.0 31.829 "" "" 0.0027991383036858135 0.007268033 0.0039098407 0.011177873 305.97277975933 42.08677582104 1230.71558 -8.172999999999998 -14.975999999999999 -4.53494109916687 -6.598764587402345 0.13219601 0.13219601 12.2915 3.023426 46.70859942896024 48.298801567586175 6.174690437919006 6.020760553789658
306.69254357723 41.71440172852 0.0146 0.0173 38.3268 "" "" 2068086130950450560 1336.39038 0.7207 0.0189 -0.035 -0.786 0.019 0.02 1.068 7466.2 4.1714 14.779373 1.240117 15.317129 14.077012 5.12 18.0 1310.96411 1374.36987 23077.95978 5.9964 10199.0 14.018 18550.0 14.853 "" "" 0.0027697247310284104 0.00316417 0.003878079 0.0070422487 306.69254357723 41.71440172852 1336.39038 -0.034999999999999865 -0.7859999999999989 3.6030589008331297 7.591235412597657 0.12219601 0.123196006 1.8314999999999997 19.663425 53.22814974598512 53.25964999538596 6.547741523812552 6.578711945975728
306.67075444776 41.6581756055 0.0125 0.0154 37.4599 "" "" 2067710372853692416 1219.76611 0.7912 0.0164 0.926 -1.296 0.017 0.019 0.947 6302.5 4.1186 14.779901 0.998431 15.190728 14.192297 "" "" 1195.68799 1245.35632 23066.75102 5.5587 11458.0 12.753 16682.0 12.916 "" "" 0.0027677151393975794 0.0030406239 0.0038717417 0.0069123656 306.67075444776 41.6581756055 1219.76611 0.9259999999999999 -1.2959999999999998 4.56405890083313 7.081235412597656 0.120196015 0.12219601 "" "" 48.70865784140931 "" 5.923578407050226 ""
305.98594667482 42.17871194741 0.0146 0.0147 29.2828 "" "" 2068535315810122368 944.669861 1.0339 0.0172 -2.516 -5.932 0.019 0.018 0.963 "" "" 14.781954 1.708014 15.582846 13.874832 84.85 5.82 925.869446 958.715271 23023.16811 4.9472 7985.1 13.75 22347.0 14.107 "" "" 0.0027651797911863113 0.0033586335 0.0038410274 0.007199661 305.98594667482 42.17871194741 944.669861 -2.516 -5.932 1.1220589008331299 2.445235412597656 0.12219601 0.12119601 81.5615 7.483426 12.046848893166018 82.44637560563093 1.4621325818794169 7.406190491238684
306.17866759006 41.46897953473 0.0208 0.0232 20.8071 "" "" 2068454394329428480 1313.22876 0.7282 0.0264 3.124 -0.419 0.03 0.029 1.385 "" "" 14.781972 1.820982 15.666659 13.845677 -7.97 10.48 1277.65332 1349.69031 23022.80024 7.3879 7391.9 16.918 22956.0 17.496 "" "" 0.0027772607000808632 0.00373631 0.003868912 0.007605222 306.17866759006 41.46897953473 1313.22876 3.1240000000000006 -0.4190000000000007 6.76205890083313 7.958235412597657 0.13319601 0.13219601 -11.2585 12.143425 65.0053926546203 65.97313768823916 8.620768199552467 8.743443493148298
306.50431865889 41.50499842509 0.0139 0.0156 32.2187 "" "" 2067707795873324288 925.431335 1.0554 0.0175 -4.249 -12.105 0.019 0.021 0.98 5760.2 4.3329 14.782256 1.037049 15.213532 14.176482 -0.55 8.95 909.32196 938.9953 23016.76717 8.4294 11220.0 19.28 16926.0 26.48 "" "" 0.002783863717709481 0.003356461 0.0041435403 0.007500001 306.50431865889 41.50499842509 925.431335 -4.2490000000000006 -12.104999999999997 -0.6109410991668698 -3.727764587402344 0.12219601 0.12419601 -3.8385000000000007 10.613426 16.570155462202656 17.008942774069308 2.0570871028577495 3.1229834477361944
305.29693354738 42.03742311894 0.0154 0.0164 31.3672 "" "" 2068709176090608896 1204.38049 0.8032 0.0184 -0.292 -3.234 0.02 0.02 1.031 7493.2 3.8457 14.785907 1.525925 15.485769 13.959845 7.61 3.94 1179.93323 1229.39868 22939.50947 5.9851 8731.9 15.596 20664.0 13.062 "" "" 0.002769843922059518 0.0033978892 0.0038411908 0.00723908 305.29693354738 42.03742311894 1204.38049 -0.2919999999999999 -3.234 3.34605890083313 5.143235412597656 0.123196006 0.123196006 4.3215 5.603426 35.02826806053399 35.29383693466362 4.315342715893081 4.337479534315171
305.82668991712 41.90615113737 0.1197 0.1408 12.1735 "" "" 2068525695083200768 1070.65417 0.9331 0.1505 -3.175 -4.521 0.162 0.177 8.834 5185.6 4.6687 14.786991 1.178953 15.236559 14.057606 13.15 6.21 923.914551 1270.96802 22916.61341 37.741 10985.0 13.916 18885.0 16.916 "" "" 0.003284665010762727 0.0031107648 0.0039025056 0.0070132706 305.82668991712 41.90615113737 1070.65417 -3.175 -4.521 0.46305890083313006 3.8562354125976563 0.26519603 0.280196 9.8615 7.873426 19.710600397753193 22.039894516306298 5.5187399774326105 6.063803137525733
306.44956887939 41.8061797719 0.0222 0.0258 28.1031 "" "" 2068466287095359744 994.241516 0.9833 0.027 1.974 -8.089 0.029 0.032 1.625 5359.1 3.9144 14.788804 1.148051 15.276284 14.128233 "" "" 966.675598 1024.96326 22878.38174 6.512 10590.0 14.377 17696.0 14.002 "" "" 0.0027725970775442994 0.003155585 0.0038757923 0.0070313774 306.44956887939 41.8061797719 994.241516 1.974000000000001 -8.088999999999999 5.61205890083313 0.28823541259765584 0.13219601 0.13519602 "" "" 26.482836775575986 "" 3.5011367206721977 ""
305.92750425487 41.69284315282 0.0147 0.0173 4.1035 "" "" 2068452543200142336 1182.64258 0.8148 0.0191 -3.677 -8.612 0.02 0.02 1.067 "" "" 14.788842 1.714325 15.606343 13.892018 1.7 6.07 1163.52795 1205.79639 22877.56693 6.7775 7814.1 12.672 21996.0 13.721 "" "" 0.0027740310622469512 0.0032992705 0.0038395873 0.0071388576 305.92750425487 41.69284315282 1182.64258 -3.6770000000000005 -8.612 -0.03894109916687016 -0.23476458740234385 0.123196006 0.123196006 -1.5885000000000005 7.733426 1.3340075292273736 2.0743452793677633 0.16434439933625752 5.923075403519642
305.95223139776 41.67285414273 0.0144 0.0171 5.4786 "" "" 2068449519543154688 1179.51575 0.8193 0.019 -3.64 -8.248 0.021 0.021 1.032 7988.3 4.1413 14.79135 1.51899 15.485363 13.966373 13.19 10.47 1156.28894 1199.71387 22824.77405 7.3692 8735.2 14.701 20540.0 19.043 "" "" 0.002777529122688913 0.0033352505 0.0039111353 0.007246386 305.95223139776 41.67285414273 1179.51575 -3.6399999999999997 -8.247999999999998 -0.0019410991668702415 0.12923541259765692 0.12419601 0.12419601 9.901499999999999 12.133427 0.7226243668622865 9.92783401480822 0.08974706153782988 12.101243983464355
305.64809508805 41.58439589639 0.0181 0.0203 11.0786 "" "" 2068492022539863424 956.701843 1.0193 0.0223 -13.24 -13.181 0.024 0.027 1.225 6846.3 4.0002 14.799176 1.768387 15.651721 13.883334 12.15 5.43 938.556274 976.780701 22660.85808 6.8596 7494.3 17.909 22173.0 30.071 "" "" 0.002774852562975872 0.003810094 0.004056095 0.007866189 305.64809508805 41.58439589639 956.701843 -13.239999999999998 -13.181000000000001 -9.60194109916687 -4.803764587402343 0.12719601 0.130196 8.8615 7.0934258 48.687733152089685 49.48758977500413 6.222399829472205 6.252212028654249
306.0180778947 41.27519073999 0.0171 0.0197 26.951 "" "" 2068428044707668608 1210.3374 0.7928 0.022 -4.687 -3.207 0.024 0.023 1.051 "" "" 14.804147 1.454249 15.464779 14.01053 -34.04 3.94 1174.83447 1250.39685 22557.35632 5.48 8902.4 12.997 19722.0 20.149 "" "" 0.002767916404456763 0.0032089923 0.0039388 0.0071477927 306.0180778947 41.27519073999 1210.3374 -4.687000000000001 -3.207 -1.0489410991668704 5.170235412597656 0.12719601 0.12619601 -37.3285 5.603426 30.26592649525604 48.056666747354015 3.820640288584399 4.9733624975473365
305.97327472609 41.86280576779 0.0142 0.017 11.3419 "" "" 2068477866327346304 1181.65552 0.8202 0.018 -1.817 -6.154 0.019 0.021 1.025 "" "" 14.81266 1.559602 15.531486 13.971885 -6.89 7.96 1152.41345 1211.79761 22381.16091 6.0423 8371.9 14.763 20436.0 19.349 "" "" 0.0027708677627978537 0.0033838865 0.003916693 0.0073005795 305.97327472609 41.86280576779 1181.65552 -1.8169999999999977 -6.1540000000000035 1.82105890083313 2.2232354125976563 0.12219601 0.12419601 -10.1785 9.623426 16.096586348282 19.044735606400483 1.9862679295588654 5.410311768081341
306.1247019429 41.70037962283 0.0139 0.016 12.8891 "" "" 2068460617738612608 1017.63055 0.9525 0.0179 -12.501 -16.946 0.019 0.019 0.949 6526.5 4.0786 14.815142 1.381725 15.432262 14.050537 -61.8 10.93 997.424561 1038.9574 22330.0651 5.444 9173.0 12.443 19008.0 14.516 "" "" 0.002768005600370433 0.0031550166 0.0038692665 0.007024283 306.1247019429 41.70037962283 1017.63055 -12.501000000000005 -16.94600000000001 -8.86294109916687 -8.568764587402345 0.12219601 0.12219601 -65.0885 12.593426 59.46414778326666 88.16177008114218 7.266281671213302 10.51019679053971
305.47971806428 42.27951798798 0.0141 0.0175 38.062 "" "" 2068736114124629504 1027.91882 0.949 0.0184 -9.039 -17.745 0.018 0.022 1.008 5281.7 4.2549 14.815456 1.136775 15.301086 14.164311 -30.95 7.37 1006.5614 1046.52197 22323.59189 4.7377 10351.0 16.845 17117.0 12.514 "" "" 0.0027649384521046968 0.0033025746 0.003861838 0.0071644126 305.47971806428 42.27951798798 1027.91882 -9.039000000000001 -17.745000000000005 -5.40094109916687 -9.367764587402345 0.12119601 0.12519601 -34.2385 9.033426 52.68550889719891 62.833412528740034 6.5440755423362775 7.371504568847032
306.04635473076 41.87617864811 0.0145 0.016 13.9703 "" "" 2068478484802622080 1176.27466 0.8203 0.018 -2.259 -2.827 0.018 0.019 0.988 7478.0 4.0513 14.822097 1.480849 15.493663 14.012814 -17.17 7.27 1153.59387 1199.89954 22187.47578 7.5997 8668.7 14.505 19680.0 17.295 "" "" 0.0027803040367047173 0.0033294926 0.0038979664 0.007227459 306.04635473076 41.87617864811 1176.27466 -2.259 -2.827 1.37905890083313 5.550235412597656 0.12119601 0.12219601 -20.4585 8.933426 31.886502410397956 37.88534358057631 3.8945564532513774 5.83240332763027
305.18367037908 41.95194173303 0.0161 0.0189 32.7963 "" "" 2068702888258434432 1220.48047 0.7929 0.0202 2.875 1.506 0.023 0.024 1.196 "" "" 14.824004 1.654642 15.601056 13.946414 20.52 5.35 1189.0946 1250.12976 22148.53703 5.7844 7852.3 15.669 20921.0 13.595 "" "" 0.0027698723682774004 0.003532561 0.0038446733 0.0073772343 305.18367037908 41.95194173303 1220.48047 2.875 1.5059999999999998 6.51305890083313 9.883235412597656 0.12619601 0.12719601 17.2315 7.013426 68.47398057442088 70.60885644135705 8.688941272937921 8.598302163985215
305.61057740101 41.51364298013 0.0147 0.0174 15.2585 "" "" 2068444503021687680 1034.92139 0.9369 0.019 -3.578 -2.29 0.021 0.023 0.98 9603.0 4.1212 14.826578 1.759456 15.671083 13.911627 68.18 5.42 1018.21008 1058.65381 22096.0963 6.044 7361.8 12.857 21603.0 27.332 "" "" 0.002771279301767003 0.0033735076 0.0040212795 0.007394787 305.61057740101 41.51364298013 1034.92139 -3.5780000000000007 -2.29 0.060058900833130036 6.087235412597656 0.12419601 0.12619601 64.89150000000001 7.083426 29.862553419437326 71.43303765750655 3.7685293793740833 6.624806879098797
305.49312871278 41.41686544254 0.0156 0.0171 23.1069 "" "" 2068395402956569344 918.956299 1.0607 0.0189 -9.205 -15.388 0.02 0.022 1.024 5487.1 4.3185 14.826895 1.104946 15.29418 14.189234 "" "" 902.283386 934.62738 22089.6417 4.6195 10417.0 18.301 16729.0 12.949 "" "" 0.002764659701934424 0.0033798623 0.003871694 0.007251556 305.49312871278 41.41686544254 918.956299 -9.204999999999998 -15.388000000000002 -5.56694109916687 -7.010764587402344 0.123196006 0.12519601 "" "" 38.99440961914181 "" 4.8519347534877575 ""
306.245655681 41.25214067473 0.0152 0.0172 32.7193 "" "" 2067677971620637568 1235.45496 0.7851 0.0195 0.785 -4.503 0.021 0.023 0.937 6681.7 4.226 14.827266 1.190126 15.337094 14.146968 13.47 7.07 1205.00635 1271.30798 22082.10276 5.3154 10013.0 12.496 17393.0 14.489 "" "" 0.0027676871905767913 0.0031017743 0.0038860997 0.006987874 306.245655681 41.25214067473 1235.45496 0.7849999999999999 -4.503 4.42305890083313 3.874235412597656 0.12419601 0.12619601 10.1815 8.733426 34.4329898566252 35.90673659240636 4.306472911252436 4.8153014829208045
305.57529440877 41.66773901907 0.0158 0.0177 11.9206 "" "" 2068493461352157696 1198.76147 0.8047 0.019 -3.5 -8.367 0.022 0.024 0.963 7492.9 4.0461 14.830097 1.509414 15.517494 14.008081 "" "" 1170.23572 1227.20288 22024.58337 5.1532 8480.5 9.6762 19766.0 16.518 "" "" 0.0027670061794371065 0.0030528216 0.0038867681 0.00693959 305.57529440877 41.66773901907 1198.76147 -3.500000000000001 -8.367000000000003 0.13805890083312988 0.010235412597655369 0.12519601 0.12719601 "" "" 0.7866214746578847 "" 0.09849053821097062 ""
306.23163842166 41.267011955 0.0168 0.0177 31.626 "" "" 2067678040340118528 1333.58008 0.7152 0.0198 -0.232 -2.325 0.023 0.023 1.081 "" "" 14.83086 2.123605 15.917629 13.794024 4.2 5.1 1297.85803 1368.00916 22009.11829 11.961 5866.3 18.558 24074.0 36.927 "" "" 0.0028177915010439555 0.004425194 0.0041300487 0.008555243 306.23163842166 41.267011955 1333.58008 -0.2320000000000001 -2.325 3.4060589008331297 6.052235412597656 0.12619601 0.12619601 0.9114999999999998 6.763426 43.89950592467116 43.90896779338178 5.53994257211351 5.540527996411392
306.05832841707 42.26241307331 0.0218 0.0222 34.9628 "" "" 2068537274315209728 1026.27563 0.9482 0.0261 -2.393 -6.26 0.029 0.028 1.43 5505.5 3.5945 14.832322 2.027952 15.84022 13.812268 -34.53 5.81 995.348694 1056.7489 21979.50876 37.542 6299.8 45.066 23673.0 130.55 "" "" 0.003321281458315935 0.008252846 0.007080556 0.015333402 306.05832841707 42.26241307331 1026.27563 -2.393 -6.26 1.24505890083313 2.1172354125976565 0.13219601 0.131196 -37.8185 7.473426 11.948238692192755 39.661055836873686 1.5706400492860357 7.141920260116637
306.43327945577 41.9901032249 0.0167 0.0205 31.7201 "" "" 2068845962209363072 1107.31152 0.8793 0.0213 -4.613 -8.675 0.021 0.025 1.212 7076.4 4.255 14.837301 1.233743 15.354488 14.120746 5.61 12.43 1077.35803 1132.30847 21878.93308 5.9935 9854.2 37.076 17818.0 31.764 "" "" 0.002771326673811047 0.004946975 0.004246176 0.009193151 306.43327945577 41.9901032249 1107.31152 -4.613000000000001 -8.675 -0.9749410991668706 -0.29776458740234446 0.12419601 0.12819602 2.3215 14.093426 5.350474200559594 5.832404000140407 0.6663604015288187 5.642883530635671
