Clusters/NGC_6871/NGC_6871_stars_in_region.tsv
# %ECSV 1.0
# ---
# datatype:
# - name: RA_ICRS_1
#   unit: deg
#   datatype: float64
#   format: '{:15.11f}'
#   description: Right ascension (ICRS) at Ep=2016.0 (ra)
#   meta: !!omap
#   - {ucd: POS_EQ_RA_MAIN}
#   - {width: 15}
#   - {precision: '11'}
# - name: DE_ICRS_1
#   unit: deg
#   datatype: float64
#   format: '{:15.11f}'
#   description: Declination (ICRS) at Ep=2016.0 (dec)
#   meta: !!omap
#   - {ucd: POS_EQ_DEC_MAIN}
#   - {width: 15}
#   - {precision: '11'}
# - name: e_RA_ICRS
#   unit: mas
#   datatype: float64
#   format: '{:7.4f}'
#   description: Standard error of right ascension (ra_error)
#   meta: !!omap
#   - {ucd: ERROR}
#   - {width: 7}
#   - {precision: '4'}
# - name: e_DE_ICRS
#   unit: mas
#   datatype: float64
#   format: '{:7.4f}'
#   description: Standard error of declination (dec_error)
#   meta: !!omap
#   - {ucd: ERROR}
#   - {width: 7}
#   - {precision: '4'}
# - name: _r_1
#   unit: ''
#   datatype: float64
#   format: '{:7.4f}'
#   description: Distance from center (301.58590690000+35.77020603000)[ICRS], at Epoch=J2016.0
#   meta: !!omap
#   - {ucd: POS_ANG_DIST_GENERAL}
#   - {width: 7}
#   - {precision: '4'}
# - name: HIP
#   datatype: int32
#   description: '? HIP cross-id number, van Leeuwen, Cat. I/311 (hip_original_ext_source_id)'
#   meta: !!omap
#   - {ucd: ID_NUMBER}
#   - {width: 6}
#   - values: {'null': -2147483648}
# - name: TYC2
#   datatype: string
#   description: Tycho-2 cross-id name, Hog et al., Cat. I/259 (tyc2_original_ext_source_id)
#   meta: !!omap
#   - {ucd: ID_CROSSID}
#   - {_votable_string_dtype: char}
# - name: Source
#   datatype: int64
#   description: Source identifier, identical to the Gaia-EDR3 source_id (id)
#   meta: !!omap
#   - {ucd: ID_MAIN}
#   - {width: 19}
# - name: rgeo
#   unit: pc
#   datatype: float64
#   format: '{:15.8f}'
#   description: '? Median of the geometric distance posterior (r_med_geo)'
#   meta: !!omap
#   - {ucd: PHYS_DISTANCE_TRUE}
#   - {width: 15}
#   - {precision: '8'}
#   - values: {'null': .nan}
# - name: Plx
#   unit: mas
#   datatype: float64
#   format: '{:9.4f}'
#   description: '? Parallax (parallax)'
#   meta: !!omap
#   - {ucd: POS_PARLX_TRIG}
#   - {width: 9}
#   - {precision: '4'}
#   - values: {'null': .nan}
# - name: e_Plx
#   unit: mas
#   datatype: float32
#   format: '{:7.4f}'
#   description: '? Standard error of parallax (parallax_error)'
#   meta: !!omap
#   - {ucd: ERROR}
#   - {width: 7}
#   - {precision: '4'}
#   - values: {'null': .nan}
# - name: pmRA
#   unit: mas / yr
#   datatype: float64
#   format: '{:9.3f}'
#   description: '? Proper motion in right ascension direction, pmRA*cosDE (pmra)'
#   meta: !!omap
#   - {ucd: POS_EQ_PMRA}
#   - {width: 9}
#   - {precision: '3'}
#   - values: {'null': .nan}
# - name: pmDE
#   unit: mas / yr
#   datatype: float64
#   format: '{:9.3f}'
#   description: '? Proper motion in declination direction (pmdec)'
#   meta: !!omap
#   - {ucd: POS_EQ_PMDEC}
#   - {width: 9}
#   - {precision: '3'}
#   - values: {'null': .nan}
# - name: e_pmRA
#   unit: mas / yr
#   datatype: float32
#   format: '{:6.3f}'
#   description: '? Standard error of proper motion in right ascension direction (pmra_error)'
#   meta: !!omap
#   - {ucd: ERROR}
#   - {width: 6}
#   - {precision: '3'}
#   - values: {'null': .nan}
# - name: e_pmDE
[...]
#         value: !astropy.table.SerializedColumn {name: SkyCoord.dec}
#       distance: !astropy.table.SerializedColumn
#         __class__: astropy.coordinates.distances.Distance
#         unit: !astropy.units.Unit {unit: pc}
#         value: !astropy.table.SerializedColumn {name: SkyCoord.distance}
#       frame: icrs
#       obstime: !astropy.time.Time {format: jyear_str, in_subfmt: '*', jd1: 367701545.0, jd2: 0.0, out_subfmt: '*', precision: 3, scale: tt}
#       pm_dec: !astropy.table.SerializedColumn
#         __class__: astropy.units.quantity.Quantity
#         unit: !astropy.units.Unit {unit: mas / yr}
#         value: !astropy.table.SerializedColumn {name: SkyCoord.pm_dec}
#       pm_ra_cosdec: !astropy.table.SerializedColumn
#         __class__: astropy.units.quantity.Quantity
#         unit: !astropy.units.Unit {unit: mas / yr}
#         value: !astropy.table.SerializedColumn {name: SkyCoord.pm_ra_cosdec}
#       ra: !astropy.table.SerializedColumn
#         __class__: astropy.coordinates.angles.Longitude
#         unit: *id001
#         value: !astropy.table.SerializedColumn {name: SkyCoord.ra}
#         wrap_angle: !astropy.coordinates.Angle
#           unit: *id001
#           value: 360.0
#       representation_type: spherical
# schema: astropy-2.0
RA_ICRS_1 DE_ICRS_1 e_RA_ICRS e_DE_ICRS _r_1 HIP TYC2 Source rgeo Plx e_Plx pmRA pmDE e_pmRA e_pmDE RUWE Teff logg Gmag BP-RP BPmag RPmag RV e_RV b_rgeo B_rgeo FG e_FG FBP e_FBP FRP e_FRP RAVE5 RAVE6 e_Gmag e_BPmag e_RPmag e_BP-RP SkyCoord.ra SkyCoord.dec SkyCoord.distance SkyCoord.pm_ra_cosdec SkyCoord.pm_dec rmRA rmDE e_rmRA e_rmDE rRV e_rRV v_pec v_pec3d e_vpec e_vpec3d
[from data line 1765]
301.77982389834 36.1759410752 0.0157 0.0172 26.1017 "" "" 2059111951436161152 1726.39221 0.5553 0.0205 -0.549 -1.006 0.022 0.023 1.026 6134.9 4.1096 15.045686 1.089825 15.505086 14.415261 "" "" 1667.41028 1789.02222 18058.11351 4.9466 8577.9 10.945 13585.0 21.152 "" "" 0.0027713252043547634 0.0031151627 0.004140233 0.007255396 301.77982389834 36.1759410752 1726.39221 -0.549 -1.006 2.5530870208740235 5.452691596984863 0.1382807 0.1392807 "" "" 49.26884800118687 "" 6.853366866901338 ""
301.85302284838 35.92108671688 0.0149 0.0183 15.8345 "" "" 2059103979976893824 1698.61096 0.561 0.0211 -3.583 -6.95 0.021 0.024 0.987 6469.9 4.0636 15.046254 1.003831 15.462355 14.458524 "" "" 1629.61182 1757.01465 18048.66618 3.9961 8922.3 14.112 13054.0 12.025 "" "" 0.0027657867829502104 0.003276283 0.0039094794 0.0071857623 301.85302284838 35.92108671688 1698.61096 -3.5830000000000037 -6.950000000000009 -0.48091297912597675 -0.4913084030151369 0.1372807 0.14028071 "" "" 5.535377687281207 "" 0.7684260011092722 ""
301.55072972759 35.84511403882 0.0143 0.0166 4.8094 "" "" 2059099886839553024 1484.61743 0.6436 0.0191 -2.096 -0.578 0.019 0.02 0.977 5797.0 4.0394 15.04736 1.191297 15.557282 14.365985 "" "" 1442.6156 1533.12366 18030.27962 4.7378 8175.3 16.491 14216.0 11.536 "" "" 0.0027700513170844762 0.0035470645 0.0038807192 0.0074277837 301.55072972759 35.84511403882 1484.61743 -2.096 -0.5780000000000003 1.0060870208740234 5.880691596984863 0.1352807 0.1362807 "" "" 41.98419574571263 "" 5.720445954596665 ""
301.96526246656 35.47365471744 0.0144 0.0173 25.6695 "" "" 2059026670561458176 1562.10522 0.6141 0.0196 2.341 -0.963 0.018 0.022 1.039 6569.2 4.218 15.048156 1.039202 15.481271 14.442069 "" "" 1519.24158 1611.67236 18017.07596 3.8041 8768.2 16.09 13253.0 12.068 "" "" 0.0027648400951741335 0.003428496 0.0039065545 0.0073350505 301.96526246656 35.47365471744 1562.10522 2.341 -0.9630000000000007 5.443087020874024 5.495691596984863 0.13428071 0.1382807 "" "" 57.27267690151389 "" 7.807102893675797 ""
302.23788945861 35.67391760218 0.0162 0.0198 32.2802 "" "" 2059036875404533120 1493.45056 0.6391 0.022 -5.424 -3.372 0.023 0.026 1.052 5862.8 4.0333 15.048224 1.201601 15.562521 14.36092 "" "" 1447.31396 1543.40222 18015.9462 4.4405 8136.0 15.846 14282.0 18.499 "" "" 0.0027682852899241616 0.0035009542 0.00403255 0.007533504 302.23788945861 35.67391760218 1493.45056 -5.424 -3.372 -2.321912979125977 3.0866915969848634 0.1392807 0.1422807 "" "" 27.34250163052173 "" 3.8608690070355496 ""
301.33531598693 35.87967152221 0.0175 0.0202 13.8476 "" "" 2059089926842494592 1895.19556 0.5091 0.0246 -5.339 -4.051 0.023 0.024 1.115 6565.5 3.876 15.048676 1.255819 15.594832 14.339013 "" "" 1803.24377 1976.3468 18008.4653 4.2826 7897.4 9.7353 14573.0 11.023 "" "" 0.002767391605163688 0.0030945747 0.0038675803 0.006962155 301.33531598693 35.87967152221 1895.19556 -5.339 -4.051 -2.236912979125977 2.407691596984863 0.1392807 0.14028071 "" "" 29.522932920977798 "" 4.127846780269467 ""
302.23850743751 35.99609094042 0.0152 0.0197 34.4984 "" "" 2059150262540031872 1983.38306 0.473 0.0209 -1.653 -3.37 0.022 0.027 0.994 4982.3 3.4921 15.051125 1.592083 15.797036 14.204953 5.06 5.71 1900.49731 2080.60107 17967.89073 4.1177 6555.4 9.1323 16488.0 11.019 "" "" 0.0027665320963581696 0.0031737688 0.0038484056 0.007022174 302.23850743751 35.99609094042 1983.38306 -1.6530000000000018 -3.369999999999999 1.4490870208740234 3.088691596984863 0.1382807 0.1432807 11.724166666666665 7.1967745 32.07443294989076 34.150041479986754 4.567132139592827 4.950232906691376
301.82646913606 36.2514118487 0.015 0.0172 31.1437 "" "" 2059218191746303104 1580.40979 0.604 0.0206 0.477 -2.024 0.02 0.022 1.02 6135.9 4.1901 15.051709 0.990721 15.458795 14.468074 "" "" 1530.35754 1633.83557 17958.21647 3.9383 8951.6 11.98 12940.0 10.761 "" "" 0.0027655892240079855 0.0031458547 0.0038857388 0.0070315935 301.82646913606 36.2514118487 1580.40979 0.47699999999999954 -2.024000000000001 3.5790870208740233 4.434691596984863 0.1362807 0.1382807 "" "" 42.69054338287684 "" 5.869749248036604 ""
301.23589486879 36.33112565301 0.0153 0.0186 37.6955 "" "" 2059877074095210112 1473.87573 0.6595 0.0214 -2.293 -4.36 0.022 0.026 1.0 5909.9 3.8707 15.052856 1.366307 15.54088 14.174573 -12.14 7.76 1422.52075 1526.10413 17939.2463 5.8647 8299.7 35.049 16956.0 147.0 "" "" 0.0027780889396979568 0.005367224 0.010143189 0.015510413 301.23589486879 36.33112565301 1473.87573 -2.293 -4.36 0.8090870208740233 2.098691596984863 0.1382807 0.1422807 -5.475833333333334 9.246775 15.713649169579483 16.640418291589622 2.2277158548578972 3.699199753680383
301.78857684941 35.40149902817 0.0148 0.0164 24.2322 "" "" 2059006089076926720 1806.69189 0.5248 0.0196 -1.596 -7.88 0.019 0.021 1.046 6711.8 3.7817 15.053099 1.117598 15.522175 14.404577 "" "" 1751.51599 1860.17554 17935.2455 4.5327 8444.0 9.34 13719.0 9.2437 "" "" 0.0027689494829279105 0.0030376497 0.0038495327 0.0068871826 301.78857684941 35.40149902817 1806.69189 -1.5960000000000005 -7.880000000000001 1.5060870208740234 -1.4213084030151366 0.1352807 0.1372807 "" "" 17.734170311912163 "" 2.415863708377853 ""
300.8545775558 35.94978873633 0.0147 0.0178 37.1588 "" "" 2059840446611937792 1947.16235 0.484 0.0196 -3.291 -6.22 0.019 0.022 1.045 "" "" 15.053113 1.358384 15.650108 14.291724 "" "" 1879.39587 2024.24133 17935.00547 4.4436 7505.4 9.4529 15222.0 10.835 "" "" 0.0027684205298640447 0.00310725 0.0038575882 0.006964838 300.8545775558 35.94978873633 1947.16235 -3.2910000000000013 -6.220000000000003 -0.1889129791259765 0.23869159698486353 0.1352807 0.1382807 "" "" 2.809511751441186 "" 0.3852768929602793 ""
301.09434986141 35.47200552866 0.0145 0.0178 29.9151 "" "" 2058690219995601152 1404.39062 0.6894 0.0203 1.572 -7.365 0.018 0.022 0.929 5463.5 4.0194 15.05347 1.29688 15.628306 14.331427 "" "" 1361.25232 1448.10828 17929.12161 4.0014 7657.6 11.873 14675.0 10.886 "" "" 0.0027659546532955975 0.0032586725 0.0038642471 0.00712292 301.09434986141 35.47200552866 1404.39062 1.572 -7.365 4.6740870208740235 -0.9063084030151369 0.13428071 0.1382807 "" "" 31.694032872217655 "" 4.260556889303387 ""
302.1967748011 35.88292934981 0.0158 0.0183 30.4771 "" "" 2059136071968014720 1731.32507 0.5542 0.0212 -6.539 -11.682 0.022 0.025 1.048 6656.3 4.0738 15.05394 1.209375 15.570983 14.361608 "" "" 1664.30481 1796.0791 17921.359 4.5345 8072.8 10.366 14273.0 11.835 "" "" 0.0027689813787196552 0.0031190894 0.0038851292 0.0070042186 302.1967748011 35.88292934981 1731.32507 -6.539000000000007 -11.682000000000002 -3.4369129791259763 -5.223308403015137 0.1382807 0.14128071 "" "" 51.3120485946006 "" 7.203238725027575 ""
301.41831429513 35.6046511635 0.0162 0.0185 12.8598 "" "" 2059070131306306304 1877.84973 0.5062 0.0216 -2.94 -2.039 0.022 0.023 1.045 5712.8 4.0712 15.054023 1.225218 15.57097 14.345752 "" "" 1809.4259 1953.80615 17919.98009 5.1241 8072.9 18.157 14483.0 23.577 "" "" 0.0027727557146645723 0.0037078597 0.004172255 0.007880114 301.41831429513 35.6046511635 1877.84973 -2.9400000000000013 -2.038999999999999 0.1620870208740235 4.419691596984864 0.1382807 0.1392807 "" "" 39.366155497498475 "" 5.48289326983037 ""
302.39836641834 35.9863664989 0.015 0.0184 41.5731 "" "" 2059137789954728192 1817.57446 0.5224 0.0212 -3.049 -6.33 0.02 0.024 0.947 7067.9 3.9243 15.05457 1.06959 15.498651 14.429061 "" "" 1744.96606 1885.35352 17910.94557 5.0176 8628.9 13.278 13413.0 14.942 "" "" 0.002772057465141847 0.0032521263 0.003968202 0.0072203283 302.39836641834 35.9863664989 1817.57446 -3.048999999999999 -6.330000000000001 0.053087020874023505 0.1286915969848632 0.1362807 0.14028071 "" "" 1.1993466828010535 "" 0.16755609364342902 ""
300.88384372803 35.42628137404 0.0151 0.0177 39.9873 "" "" 2058700768435452160 1448.52551 0.6642 0.0207 -3.863 -5.245 0.02 0.024 1.015 5823.9 4.1964 15.054766 1.082239 15.506423 14.424184 "" "" 1407.42554 1495.2334 17907.72428 4.2686 8567.4 17.617 13474.0 13.202 "" "" 0.002767447997228031 0.0035734389 0.0039262497 0.0074996883 300.88384372803 35.42628137404 1448.52551 -3.8630000000000004 -5.245000000000002 -0.7609129791259766 1.2136915969848632 0.1362807 0.14028071 "" "" 9.835511760710867 "" 1.3687465757357287 ""
301.27787099001 36.06086169642 0.0156 0.0182 22.9822 "" "" 2059845600573246208 2039.20911 0.4616 0.0209 -0.962 -3.845 0.021 0.022 0.939 7299.6 4.0408 15.05492 0.948461 15.441429 14.492969 "" "" 1969.64624 2140.99146 17905.17205 4.7692 9095.9 9.6989 12647.0 13.033 "" "" 0.0027704554416927273 0.0030208193 0.0039415234 0.0069623427 301.27787099001 36.06086169642 2039.20911 -0.9619999999999993 -3.8449999999999966 2.1400870208740237 2.613691596984863 0.1372807 0.1382807 "" "" 32.65192089338841 "" 4.5020541323967995 ""
301.26452084504 36.17540551103 0.0164 0.0186 28.8896 "" "" 2059870992422126976 1954.19763 0.4819 0.0205 -5.225 -9.576 0.023 0.025 1.041 6313.1 3.8595 15.055654 1.164494 15.542114 14.377621 "" "" 1885.16772 2027.48438 17893.08425 4.178 8290.3 19.295 14064.0 32.666 "" "" 0.0027669586928278987 0.0037643844 0.0045434814 0.008307866 301.26452084504 36.17540551103 1954.19763 -5.225 -9.576000000000004 -2.122912979125976 -3.1173084030151372 0.1392807 0.14128071 "" "" 34.93521034137378 "" 4.913641526758552 ""
301.45283346408 35.59944276655 0.0143 0.0166 12.1258 "" "" 2059069895114160512 1691.14087 0.5677 0.0189 -4.959 -6.894 0.018 0.02 0.989 5924.1 3.7417 15.056945 1.164294 15.556957 14.392663 "" "" 1636.75623 1745.89258 17871.82061 3.7224 8177.7 9.6731 13871.0 11.68 "" "" 0.002764584775440525 0.0030715493 0.0038883877 0.006959937 301.45283346408 35.59944276655 1691.14087 -4.959 -6.894 -1.8569129791259762 -0.43530840301513685 0.13428071 0.1362807 "" "" 15.288565731536623 "" 2.054563554855175 ""
301.76826346379 35.44701048764 0.0143 0.016 21.3347 "" "" 2059006467034121216 1551.20642 0.6181 0.019 0.116 -4.765 0.018 0.021 1.008 6642.0 4.2235 15.057856 0.9936 15.466521 14.472921 "" "" 1508.49011 1601.15906 17856.83066 4.1814 8888.1 10.626 12882.0 11.918 "" "" 0.00276702488394055 0.0030773259 0.003910591 0.006987917 301.76826346379 35.44701048764 1551.20642 0.11600000000000121 -4.765000000000005 3.2180870208740235 1.6936915969848636 0.13428071 0.1372807 "" "" 26.738709569881077 "" 3.6080442043086784 ""
302.25536814561 35.42948931385 0.0155 0.0193 38.5306 "" "" 2058844323422208768 1709.32605 0.5571 0.0221 -0.526 -4.805 0.02 0.027 0.992 6867.1 3.8984 15.058516 1.055712 15.494452 14.438741 "" "" 1644.35681 1800.17102 17845.97767 4.4089 8662.3 14.098 13294.0 16.35 "" "" 0.002768345896527692 0.003302652 0.004008343 0.007310995 302.25536814561 35.42948931385 1709.32605 -0.5259999999999995 -4.805 2.5760870208740236 1.6536915969848636 0.1362807 0.1432807 "" "" 24.802438053326725 "" 3.4316676941212587 ""
300.96846101877 36.05881720364 0.0149 0.018 34.6424 "" "" 2059848486791255808 1844.47327 0.5172 0.0201 -3.147 -2.068 0.02 0.021 0.982 4936.6 3.4657 15.060152 1.52845 15.768514 14.240064 -10.93 8.54 1773.27466 1917.63379 17819.11215 4.614 6729.9 11.611 15964.0 11.257 "" "" 0.0027696257176498917 0.0033606465 0.0038561483 0.007216795 300.96846101877 36.05881720364 1844.47327 -3.147000000000001 -2.0679999999999996 -0.04491297912597636 4.390691596984864 0.1362807 0.1372807 -4.265833333333333 10.026774 38.38896124347928 38.625246657867855 5.270059569443322 5.353600582159221
301.28529889215 35.95652015107 0.0728 0.0973 18.4018 "" "" 2059093328460830848 2003.70557 0.5421 0.1084 -4.126 -4.94 0.099 0.125 3.19 "" "" 15.060497 1.942223 15.722997 13.780774 -30.85 5.68 1613.78467 2593.46069 17813.44924 16.387 7018.1 22.553 24370.0 26.512 "" "" 0.0029307640507075607 0.0044675074 0.0039596567 0.008427164 301.28529889215 35.95652015107 2003.70557 -4.126 -4.940000000000001 -1.023912979125977 1.518691596984863 0.21528071 0.2412807 -24.185833333333335 7.1667743 17.395903323021443 29.792146388799956 4.0613664369043905 6.282868161207958
301.803350233 35.22116952385 0.0174 0.0199 34.6123 "" "" 2058999526366686848 1744.74902 0.5487 0.0241 -3.087 -6.69 0.023 0.028 1.255 "" "" 15.060823 1.443561 15.709105 14.265545 3.29 13.46 1678.09912 1829.39832 17808.11019 4.7738 7108.4 10.277 15593.0 12.503 "" "" 0.0027706498718678063 0.0032014106 0.003878355 0.0070797657 301.803350233 35.22116952385 1744.74902 -3.0870000000000015 -6.6899999999999995 0.01508702087402325 -0.2313084030151371 0.1392807 0.1442807 9.954166666666666 14.9467745 1.9170107864878858 10.137078690790986 0.2765477579241895 14.677170156851012
301.85210946905 36.10111692548 0.0153 0.0167 23.6949 "" "" 2059110577046555136 1394.70203 0.6931 0.02 -4.803 -3.079 0.021 0.023 1.005 5529.3 4.2148 15.061366 1.114871 15.534574 14.419703 "" "" 1355.02515 1430.03223 17799.18842 3.8328 8348.1 12.145 13529.0 16.455 "" "" 0.0027652216494747496 0.0032062496 0.0040034475 0.007209697 301.85210946905 36.10111692548 1394.70203 -4.803 -3.0790000000000006 -1.7009129791259765 3.379691596984863 0.1372807 0.1392807 "" "" 25.01277207549747 "" 3.4737446177353397 ""
301.92650561093 36.05210433223 0.0173 0.0199 23.665 "" "" 2059106831835031296 1558.59985 0.6091 0.0231 2.357 -2.252 0.024 0.025 1.069 5510.8 4.158 15.06151 1.070852 15.508291 14.437439 "" "" 1508.02222 1616.45093 17796.82822 4.3946 8552.6 9.8552 13310.0 20.739 "" "" 0.0027683331474274435 0.0030578254 0.004140739 0.0071985642 301.92650561093 36.05210433223 1558.59985 2.3569999999999993 -2.252 5.459087020874024 4.2066915969848635 0.14028071 0.14128071 "" "" 50.915511251693275 "" 7.161475905935453 ""
301.4259949631 35.10694852609 0.0147 0.0191 40.5559 "" "" 2058631563609581952 1667.23877 0.5744 0.0211 -2.118 -8.315 0.02 0.024 0.966 6080.2 4.1137 15.062365 0.999314 15.473924 14.474609 "" "" 1610.79846 1726.33215 17782.83384 3.9477 8827.7 12.558 12862.0 9.1315 "" "" 0.0027658423473353416 0.0031891426 0.0038571886 0.007046331 301.4259949631 35.10694852609 1667.23877 -2.118000000000002 -8.314999999999998 0.9840870208740236 -1.8563084030151362 0.1362807 0.14028071 "" "" 16.603798947701286 "" 2.314785416801063 ""
301.65216062803 35.36943817995 0.0157 0.0193 24.2625 "" "" 2059016053372796928 1441.97473 0.6674 0.0212 0.503 -2.015 0.021 0.025 1.034 5861.5 4.1955 15.062673 1.096396 15.519654 14.423259 "" "" 1403.12134 1475.63953 17777.78584 4.3241 8463.6 11.371 13485.0 16.251 "" "" 0.0027679468662292596 0.0031484715 0.0039994675 0.007147939 301.65216062803 35.36943817995 1441.97473 0.503 -2.015 3.6050870208740236 4.443691596984863 0.1372807 0.14128071 "" "" 39.11069558347474 "" 5.464026258269068 ""
302.35148248258 35.4795895079 0.0144 0.0182 41.2085 "" "" 2058842021319693312 1669.45569 0.5723 0.0209 -1.087 -5.041 0.019 0.023 1.011 6756.2 3.9741 15.062915 1.232987 15.595904 14.362917 "" "" 1618.03101 1738.73193 17773.82326 4.1843 7889.6 15.845 14256.0 10.307 "" "" 0.002767150589266168 0.0035411506 0.0038600417 0.0074011926 302.35148248258 35.4795895079 1669.45569 -1.0870000000000002 -5.040999999999999 2.0150870208740237 1.417691596984863 0.1352807 0.1392807 "" "" 19.496775600647016 "" 2.6636109868280444 ""
301.47935110728 35.77989888291 0.0167 0.0194 5.2195 "" "" 2059076114227554304 1741.11475 0.5472 0.0226 0.43 -2.834 0.023 0.024 1.087 6003.2 4.0585 15.063021 1.213951 15.579276 14.365325 "" "" 1686.73267 1799.60852 17772.08504 4.7418 8011.4 17.209 14224.0 13.187 "" "" 0.0027705068152753163 0.0036365297 0.003911129 0.007547659 301.47935110728 35.77989888291 1741.11475 0.43000000000000016 -2.8339999999999996 3.5320870208740236 3.624691596984863 0.1392807 0.14028071 "" "" 41.768095718254955 "" 5.838951665641298 ""
