Clusters/NGC_6871/NGC_6871_stars_in_region.tsv
# %ECSV 1.0
# ---
# datatype:
# - name: RA_ICRS_1
#   unit: deg
#   datatype: float64
#   format: '{:15.11f}'
#   description: Right ascension (ICRS) at Ep=2016.0 (ra)
#   meta: !!omap
#   - {ucd: POS_EQ_RA_MAIN}
#   - {width: 15}
#   - {precision: '11'}
# - name: DE_ICRS_1
#   unit: deg
#   datatype: float64
#   format: '{:15.11f}'
#   description: Declination (ICRS) at Ep=2016.0 (dec)
#   meta: !!omap
#   - {ucd: POS_EQ_DEC_MAIN}
#   - {width: 15}
#   - {precision: '11'}
# - name: e_RA_ICRS
#   unit: mas
#   datatype: float64
#   format: '{:7.4f}'
#   description: Standard error of right ascension (ra_error)
#   meta: !!omap
#   - {ucd: ERROR}
#   - {width: 7}
#   - {precision: '4'}
# - name: e_DE_ICRS
#   unit: mas
#   datatype: float64
#   format: '{:7.4f}'
#   description: Standard error of declination (dec_error)
#   meta: !!omap
#   - {ucd: ERROR}
#   - {width: 7}
#   - {precision: '4'}
# - name: _r_1
#   unit: ''
#   datatype: float64
#   format: '{:7.4f}'
#   description: Distance from center (301.58590690000+35.77020603000)[ICRS], at Epoch=J2016.0
#   meta: !!omap
#   - {ucd: POS_ANG_DIST_GENERAL}
#   - {width: 7}
#   - {precision: '4'}
# - name: HIP
#   datatype: int32
#   description: '? HIP cross-id number, van Leeuwen, Cat. I/311 (hip_original_ext_source_id)'
#   meta: !!omap
#   - {ucd: ID_NUMBER}
#   - {width: 6}
#   - values: {'null': -2147483648}
# - name: TYC2
#   datatype: string
#   description: Tycho-2 cross-id name, Hog et al., Cat. I/259 (tyc2_original_ext_source_id)
#   meta: !!omap
#   - {ucd: ID_CROSSID}
#   - {_votable_string_dtype: char}
# - name: Source
#   datatype: int64
#   description: Source identifier, identical to the Gaia-EDR3 source_id (id)
#   meta: !!omap
#   - {ucd: ID_MAIN}
#   - {width: 19}
# - name: rgeo
#   unit: pc
#   datatype: float64
#   format: '{:15.8f}'
#   description: '? Median of the geometric distance posterior (r_med_geo)'
#   meta: !!omap
#   - {ucd: PHYS_DISTANCE_TRUE}
#   - {width: 15}
#   - {precision: '8'}
#   - values: {'null': .nan}
# - name: Plx
#   unit: mas
#   datatype: float64
#   format: '{:9.4f}'
#   description: '? Parallax (parallax)'
#   meta: !!omap
#   - {ucd: POS_PARLX_TRIG}
#   - {width: 9}
#   - {precision: '4'}
#   - values: {'null': .nan}
# - name: e_Plx
#   unit: mas
#   datatype: float32
#   format: '{:7.4f}'
#   description: '? Standard error of parallax (parallax_error)'
#   meta: !!omap
#   - {ucd: ERROR}
#   - {width: 7}
#   - {precision: '4'}
#   - values: {'null': .nan}
# - name: pmRA
#   unit: mas / yr
#   datatype: float64
#   format: '{:9.3f}'
#   description: '? Proper motion in right ascension direction, pmRA*cosDE (pmra)'
#   meta: !!omap
#   - {ucd: POS_EQ_PMRA}
#   - {width: 9}
#   - {precision: '3'}
#   - values: {'null': .nan}
# - name: pmDE
#   unit: mas / yr
#   datatype: float64
#   format: '{:9.3f}'
#   description: '? Proper motion in declination direction (pmdec)'
#   meta: !!omap
#   - {ucd: POS_EQ_PMDEC}
#   - {width: 9}
#   - {precision: '3'}
#   - values: {'null': .nan}
# - name: e_pmRA
#   unit: mas / yr
#   datatype: float32
#   format: '{:6.3f}'
#   description: '? Standard error of proper motion in right ascension direction (pmra_error)'
#   meta: !!omap
#   - {ucd: ERROR}
#   - {width: 6}
#   - {precision: '3'}
#   - values: {'null': .nan}
# - name: e_pmDE
[...]
#         value: !astropy.table.SerializedColumn {name: SkyCoord.dec}
#       distance: !astropy.table.SerializedColumn
#         __class__: astropy.coordinates.distances.Distance
#         unit: !astropy.units.Unit {unit: pc}
#         value: !astropy.table.SerializedColumn {name: SkyCoord.distance}
#       frame: icrs
#       obstime: !astropy.time.Time {format: jyear_str, in_subfmt: '*', jd1: 367701545.0, jd2: 0.0, out_subfmt: '*', precision: 3, scale: tt}
#       pm_dec: !astropy.table.SerializedColumn
#         __class__: astropy.units.quantity.Quantity
#         unit: !astropy.units.Unit {unit: mas / yr}
#         value: !astropy.table.SerializedColumn {name: SkyCoord.pm_dec}
#       pm_ra_cosdec: !astropy.table.SerializedColumn
#         __class__: astropy.units.quantity.Quantity
#         unit: !astropy.units.Unit {unit: mas / yr}
#         value: !astropy.table.SerializedColumn {name: SkyCoord.pm_ra_cosdec}
#       ra: !astropy.table.SerializedColumn
#         __class__: astropy.coordinates.angles.Longitude
#         unit: *id001
#         value: !astropy.table.SerializedColumn {name: SkyCoord.ra}
#         wrap_angle: !astropy.coordinates.Angle
#           unit: *id001
#           value: 360.0
#       representation_type: spherical
# schema: astropy-2.0
RA_ICRS_1 DE_ICRS_1 e_RA_ICRS e_DE_ICRS _r_1 HIP TYC2 Source rgeo Plx e_Plx pmRA pmDE e_pmRA e_pmDE RUWE Teff logg Gmag BP-RP BPmag RPmag RV e_RV b_rgeo B_rgeo FG e_FG FBP e_FBP FRP e_FRP RAVE5 RAVE6 e_Gmag e_BPmag e_RPmag e_BP-RP SkyCoord.ra SkyCoord.dec SkyCoord.distance SkyCoord.pm_ra_cosdec SkyCoord.pm_dec rmRA rmDE e_rmRA e_rmDE rRV e_rRV v_pec v_pec3d e_vpec e_vpec3d
[from data line 4020]
301.2733338818 35.23910815899 0.0253 0.0307 35.3344 "" "" 2058636756240622848 2020.01807 0.4745 0.0352 0.348 1.438 0.035 0.038 0.965 6016.3 4.2514 16.256489 1.367754 16.866198 15.498444 "" "" 1891.11157 2153.48413 5920.40322 2.4577 2448.7 8.0487 5009.3 7.8566 "" "" 0.002791940779330891 0.004530003 0.004145298 0.008675301 301.2733338818 35.23910815899 2020.01807 0.34800000000000003 1.438 3.4500870208740233 7.896691596984863 0.1512807 0.1542807 "" "" 82.51131731791045 "" 12.690552593574793 ""
301.84385483427 36.23368896447 0.0279 0.0311 30.4976 "" "" 2059206371996241920 1777.81763 0.5443 0.0376 -1.317 -3.959 0.039 0.041 1.055 5344.3 4.3096 16.256832 1.254998 16.79259 15.537591 "" "" 1677.12048 1894.8103 5918.53396 3.2834 2620.5 8.0186 4831.9 7.9967 "" "" 0.0028203882586879977 0.0043385155 0.0041847914 0.008523307 301.84385483427 36.23368896447 1777.81763 -1.317 -3.959 1.7850870208740235 2.499691596984863 0.15528071 0.15728071 "" "" 25.884296071911336 "" 4.053690342619007 ""
302.07600914151 36.01543337692 0.0272 0.0344 27.9999 "" "" 2059152599002534016 1777.73193 0.5425 0.0381 -7.487 -12.665 0.037 0.042 0.99 5638.1 4.4381 16.257355 1.309959 16.836737 15.526777 "" "" 1677.80762 1905.00134 5915.68334 2.5768 2516.1 8.0737 4880.3 9.5221 "" "" 0.0027956136216567284 0.0044634957 0.0043325974 0.008796093 302.07600914151 36.01543337692 1777.73193 -7.487000000000009 -12.665 -4.384912979125977 -6.206308403015136 0.1532807 0.1582807 "" "" 64.03310136074194 "" 10.0297344795349 ""
301.9807689269 35.98804402371 0.0265 0.0333 23.2235 "" "" 2059059342350052992 2007.57422 0.48 0.0376 -0.689 -5.504 0.036 0.044 0.987 6916.8 4.3356 16.257475 1.350043 16.85522 15.505178 "" "" 1883.28479 2194.3396 5915.02473 2.369 2473.6 5.9446 4978.4 8.3396 "" "" 0.0027894225417416803 0.0038201164 0.004194244 0.00801436 301.9807689269 35.98804402371 2007.57422 -0.6889999999999998 -5.504 2.4130870208740234 0.9546915969848637 0.1522807 0.1602807 "" "" 24.694498598931293 "" 3.787835740509398 ""
301.89519728818 35.21724164249 0.0248 0.0278 36.4561 "" "" 2058811303712256768 1621.31519 0.5952 0.0325 -4.469 -4.923 0.032 0.035 0.975 5162.6 4.4083 16.257914 1.219399 16.791962 15.572563 "" "" 1538.73633 1719.37549 5912.63357 2.3249 2622.0 7.4387 4678.8 8.0025 "" "" 0.002788198523348348 0.0041560926 0.0042109657 0.008367058 301.89519728818 35.21724164249 1621.31519 -4.469000000000001 -4.923 -1.3669129791259769 1.5356915969848632 0.14828071 0.1512807 "" "" 15.799801509547697 "" 2.369369208372644 ""
301.92102177206 35.49390817992 0.0301 0.0359 23.2787 "" "" 2059029866017154944 1788.74133 0.5417 0.0405 -3.347 -9.175 0.039 0.047 1.154 5600.4 4.4884 16.259342 1.196089 16.754438 15.55835 "" "" 1685.21875 1921.87598 5904.86415 3.2641 2714.2 9.6052 4740.4 11.846 "" "" 0.0028199289650808587 0.0047484897 0.0046524354 0.009400925 301.92102177206 35.49390817992 1788.74133 -3.3470000000000013 -9.175 -0.24491297912597654 -2.7163084030151374 0.15528071 0.1632807 "" "" 23.124008946245407 "" 3.7742487631666206 ""
300.82000637686 36.07618863016 0.0265 0.0308 41.4958 "" "" 2059855221300269952 1407.39197 0.6815 0.0361 -3.654 -10.197 0.035 0.037 1.011 5403.9 4.5103 16.259802 1.356725 16.824404 15.467679 "" "" 1342.42151 1471.34912 5902.36474 2.7102 2544.8 12.488 5153.3 31.322 "" "" 0.0028000591173629134 0.0060143615 0.0076047736 0.013619135 300.82000637686 36.07618863016 1407.39197 -3.654000000000004 -10.197 -0.5519129791259765 -3.738308403015136 0.1512807 0.1532807 "" "" 25.2087196001209 "" 3.862941692257484 ""
301.29989482926 35.69551987179 0.0264 0.032 14.6332 "" "" 2059074464959700480 2086.35474 0.4603 0.0368 -5.916 -5.837 0.036 0.039 0.975 5305.1 3.8163 16.26002 1.598559 17.0125 15.413941 "" "" 1941.33423 2226.47119 5901.17884 2.4589 2140.0 9.387 5414.8 11.649 "" "" 0.002792213948714507 0.0055196653 0.0044429223 0.009962588 301.29989482926 35.69551987179 2086.35474 -5.916 -5.837 -2.813912979125977 0.6216915969848635 0.1522807 0.15528071 "" "" 28.498764275188172 "" 4.343828247054337 ""
301.3737295555 36.24656300792 0.0366 0.0408 30.3801 "" "" 2059872912231692416 1568.47083 0.6323 0.0481 6.215 -9.717 0.055 0.059 1.57 5176.0 4.3604 16.260023 1.382539 16.82953 15.446992 "" "" 1464.54651 1691.54541 5901.16307 4.5704 2532.8 8.677 5252.4 11.945 "" "" 0.0028807795882570936 0.0046497597 0.004514485 0.009164245 301.3737295555 36.24656300792 1568.47083 6.215000000000003 -9.71699999999999 9.317087020874023 -3.2583084030151372 0.17128071 0.1752807 "" "" 73.38195727354831 "" 12.601232120182912 ""
301.22190465689 35.8957116816 0.0266 0.0323 19.2411 "" "" 2059092400743363712 1861.18005 0.5235 0.0364 -1.437 -3.304 0.035 0.041 0.949 5950.7 4.3385 16.260126 1.3352 16.849737 15.514537 "" "" 1727.23145 1975.39868 5900.60124 5.7922 2486.1 16.942 4935.6 15.972 "" "" 0.002954267677620486 0.007907564 0.0051602926 0.013067856 301.22190465689 35.8957116816 1861.18005 -1.4370000000000016 -3.3039999999999985 1.6650870208740234 3.1546915969848635 0.1512807 0.15728071 "" "" 31.469416842758637 "" 4.9090105642412 ""
300.93034782264 35.38644845464 0.0267 0.0303 39.4153 "" "" 2058699668923754240 1410.11768 0.6837 0.0367 1.376 -3.81 0.036 0.042 1.036 5671.7 4.5421 16.260174 1.211189 16.782724 15.571535 "" "" 1341.39917 1507.72986 5900.33951 2.4655 2644.4 6.9679 4683.2 8.973 "" "" 0.002792421436801985 0.003996206 0.0043140748 0.008310281 300.93034782264 35.38644845464 1410.11768 1.3759999999999994 -3.8100000000000014 4.478087020874023 2.6486915969848632 0.1522807 0.1582807 "" "" 34.7751046911562 "" 5.350435617628388 ""
301.53175199592 35.75380320565 0.0264 0.0311 2.8143 "" "" 2059072953131585920 1874.23035 0.5094 0.0344 -3.04 -6.489 0.034 0.037 0.991 "" "" 16.260275 1.801272 17.131165 15.329892 "" "" 1774.00085 2007.22632 5899.79254 4.3523 1918.5 10.144 5850.6 12.337 "" "" 0.0028693750573336595 0.0063829245 0.004418751 0.010801676 301.53175199592 35.75380320565 1874.23035 -3.04 -6.489000000000003 0.0620870208740234 -0.030308403015136598 0.15028071 0.1532807 "" "" 0.6137833546680377 "" 0.09259699700982629 ""
300.94494584693 35.90566362636 0.0264 0.0304 32.2186 "" "" 2059840584050740480 2024.15381 0.4659 0.0349 -0.897 -1.16 0.033 0.037 0.993 "" "" 16.260292 1.363229 16.873623 15.510394 "" "" 1917.17883 2163.92505 5899.69596 2.4836 2432.0 6.8515 4954.5 6.5531 "" "" 0.002792972647711492 0.004140182 0.0040430166 0.008183198 300.94494584693 35.90566362636 2024.15381 -0.897 -1.16 2.205087020874023 5.298691596984863 0.1492807 0.1532807 "" "" 55.064795901185114 "" 8.40821889478287 ""
301.72425195607 36.40285862644 0.0275 0.031 38.5473 "" "" 2059223036469887360 1931.01599 0.501 0.0366 2.18 -2.372 0.035 0.041 1.036 5704.1 4.3736 16.260294 1.362549 16.869453 15.506905 "" "" 1787.84631 2088.10498 5899.69235 2.5158 2441.4 7.555 4970.5 7.4804 "" "" 0.0027939485626187937 0.0043673376 0.0041174805 0.008484818 301.72425195607 36.40285862644 1931.01599 2.1799999999999997 -2.372 5.282087020874023 4.086691596984863 0.1512807 0.15728071 "" "" 61.12781928134782 "" 9.38647426272485 ""
301.01949422725 35.49363600848 0.0254 0.0291 32.2232 "" "" 2058701897990820096 2052.91479 0.4684 0.0343 -4.074 -6.47 0.032 0.038 0.991 8077.5 3.8652 16.26138 1.389609 16.879782 15.490172 "" "" 1928.26233 2226.25537 5893.7926 2.3841 2418.3 6.022 5047.6 7.9131 "" "" 0.002790103685561869 0.003885218 0.004144983 0.0080302 301.01949422725 35.49363600848 2052.91479 -4.074 -6.469999999999999 -0.9719129791259764 -0.01130840301513647 0.14828071 0.1542807 "" "" 9.458146616594385 "" 1.4024685323121406 ""
301.67605429296 35.75175428883 0.0269 0.0304 4.5265 "" "" 2059095630559816704 2029.85876 0.4831 0.0359 -1.594 -2.823 0.035 0.04 0.973 6636.8 4.3749 16.261967 1.196945 16.777191 15.580246 "" "" 1888.89136 2205.53516 5890.6049 2.6958 2657.9 9.6259 4645.8 6.7186 "" "" 0.0027997642366174203 0.0048214765 0.004092568 0.008914044 301.67605429296 35.75175428883 2029.85876 -1.5940000000000003 -2.823 1.5080870208740234 3.6356915969848633 0.1512807 0.1562807 "" "" 37.8709355170097 "" 5.891079914009741 ""
302.03429723974 35.38030136516 0.0264 0.0299 32.0329 "" "" 2059025193092616448 2045.12 0.4639 0.0354 -4.409 -5.137 0.033 0.038 0.962 5046.3 4.1788 16.262037 1.505243 16.948946 15.443703 "" "" 1917.3114 2187.5708 5890.2224 2.5423 2269.0 7.8139 5268.4 9.6336 "" "" 0.002794886880820048 0.0046653305 0.0042691086 0.008934439 302.03429723974 35.38030136516 2045.12 -4.409000000000001 -5.136999999999992 -1.3069129791259764 1.3216915969848637 0.1492807 0.1542807 "" "" 18.018318653244798 "" 2.7357103962091593 ""
301.45859398941 35.29496344937 0.0262 0.0328 29.1843 "" "" 2059009181425960064 1978.45044 0.4846 0.0375 -0.197 -2.991 0.035 0.04 1.062 6156.8 4.301 16.262089 1.328998 16.81382 15.484822 "" "" 1830.0946 2169.41138 5889.94595 2.8199 2569.7 12.326 5072.6 26.433 "" "" 0.0028039248250195893 0.005908252 0.0068039205 0.012712173 301.45859398941 35.29496344937 1978.45044 -0.19699999999999984 -2.991000000000001 2.9050870208740234 3.467691596984863 0.1512807 0.1562807 "" "" 42.4231771993719 "" 6.543280307872713 ""
302.43422451772 35.85992480946 0.0275 0.0319 41.624 "" "" 2059132910871669888 1858.42371 0.5162 0.0378 -0.83 -2.238 0.039 0.04 1.056 "" "" 16.262197 1.432322 16.910591 15.47827 "" "" 1724.88184 2012.73499 5889.35437 2.6523 2350.6 7.8236 5103.3 9.4488 "" "" 0.0027983705573972834 0.00456551 0.004280751 0.008846261 302.43422451772 35.85992480946 1858.42371 -0.83 -2.2379999999999995 2.2720870208740234 4.220691596984864 0.15528071 0.1562807 "" "" 42.224656151515866 "" 6.589435333454437 ""
301.17259297198 35.22668597616 0.0313 0.0357 38.3549 "" "" 2058682351615309696 1880.52283 0.5267 0.0435 -0.552 -3.073 0.043 0.046 1.172 7856.0 4.0854 16.262781 1.595821 16.972347 15.376526 "" "" 1737.89014 2029.68494 5886.18798 3.7628 2220.6 6.5292 5604.6 9.4217 "" "" 0.0028413937175866292 0.004239848 0.00419703 0.008436877 301.17259297198 35.22668597616 1880.52283 -0.5519999999999993 -3.0730000000000013 2.5500870208740234 3.3856915969848633 0.1592807 0.16228071 "" "" 37.78164417538047 "" 6.090449000806037 ""
301.91870989855 36.29364091635 0.0489 0.0574 35.3143 "" "" 2059206853032517888 1918.94849 0.497 0.0652 -4.364 -7.311 0.066 0.076 2.041 8177.2 3.6895 16.262827 2.556063 17.613882 15.057819 "" "" 1701.37195 2179.85742 5885.94084 5.5827 1229.9 6.7942 7516.8 9.9135 "" "" 0.0029414752086905837 0.0066150427 0.004041549 0.0106565915 301.91870989855 36.29364091635 1918.94849 -4.364 -7.311 -1.2619129791259764 -0.8523084030151367 0.1822807 0.19228071 "" "" 13.850911672182827 "" 2.5689482681327833 ""
301.47227682902 35.22751461807 0.0441 0.0457 33.0312 "" "" 2059007944503062272 1582.84155 0.6299 0.0543 -3.846 -3.059 0.062 0.05 1.033 "" "" 16.263031 "" "" "" "" "" 1470.96082 1720.55286 5884.8338 4.0623 "" "" "" "" "" "" 0.002855436053340106 "" "" "" 301.47227682902 35.22751461807 1582.84155 -3.846 -3.0590000000000006 -0.7439129791259766 3.399691596984863 0.17828071 0.1662807 "" "" 26.11026830375666 "" 4.356441889382182 ""
301.33435872702 35.3175425266 0.0253 0.0325 29.8072 "" "" 2059012754866766336 1766.97083 0.5391 0.036 -3.306 -3.216 0.033 0.037 1.02 5509.6 4.5122 16.263382 1.218277 16.794252 15.575975 "" "" 1696.32397 1858.94556 5882.93461 2.3371 2616.5 7.6617 4664.1 8.2343 "" "" 0.0027888766868460852 0.004229996 0.004237683 0.008467679 301.33435872702 35.3175425266 1766.97083 -3.306 -3.216 -0.2039129791259766 3.242691596984863 0.1492807 0.1532807 "" "" 27.212620009746242 "" 4.1707464168792985 ""
301.93973913348 35.14809056343 0.0251 0.0311 41.1378 "" "" 2058810101121305728 1758.9563 0.5576 0.0346 -3.509 -11.938 0.034 0.04 1.009 5602.3 4.427 16.264137 1.222688 16.794104 15.571416 "" "" 1654.15784 1874.95386 5878.83906 2.4973 2616.8 9.4049 4683.7 8.2886 "" "" 0.002793655078188843 0.004797093 0.00423975 0.009036843 301.93973913348 35.14809056343 1758.9563 -3.508999999999998 -11.938 -0.40691297912597646 -5.479308403015137 0.15028071 0.1562807 "" "" 45.80927626144841 "" 7.15762684991598 ""
301.56536248636 36.30260289433 0.0359 0.0408 31.9594 "" "" 2059127894355890944 1993.78101 0.4988 0.0476 -2.609 -4.47 0.048 0.054 1.374 5926.1 4.4785 16.26459 1.268816 16.784672 15.515856 "" "" 1808.74597 2159.87085 5876.39067 4.0352 2639.7 9.6829 4929.6 17.059 "" "" 0.002854406974347167 0.0048627947 0.005329203 0.0101919975 301.56536248636 36.30260289433 1993.78101 -2.609 -4.47 0.49308702087402345 1.9886915969848635 0.16428071 0.17028071 "" "" 19.363261832758994 "" 3.290573175232109 ""
301.97480689161 35.27064287586 0.0262 0.0305 35.4839 "" "" 2058813296577033472 1630.72192 0.5972 0.0357 -0.461 -2.757 0.033 0.039 0.997 5641.9 4.4997 16.264647 1.120919 16.739948 15.619029 "" "" 1549.37463 1714.83337 5876.08382 3.2369 2750.7 11.766 4482.8 8.1049 "" "" 0.0028194856876607587 0.0054178913 0.004258772 0.009676663 301.97480689161 35.27064287586 1630.72192 -0.46099999999999997 -2.757 2.6410870208740236 3.701691596984863 0.1492807 0.15528071 "" "" 35.14884511089577 "" 5.387718851081431 ""
302.00278979228 35.3660305979 0.0247 0.0303 31.6552 "" "" 2059024849470263808 1509.11609 0.6375 0.0333 3.077 -1.996 0.032 0.036 1.008 5662.2 4.5902 16.265076 1.175956 16.75315 15.577195 "" "" 1437.47815 1586.60303 5873.76068 2.4009 2717.4 14.247 4658.9 13.709 "" "" 0.002790831978690405 0.006339423 0.0049487995 0.011288222 302.00278979228 35.3660305979 1509.11609 3.0769999999999995 -1.9959999999999996 6.179087020874023 4.462691596984863 0.14828071 0.1522807 "" "" 54.52263614376967 "" 8.160073326165817 ""
301.38515162665 35.42431809007 0.0273 0.0326 22.9484 "" "" 2059062026733964800 1654.7533 0.5843 0.0377 -4.659 -7.518 0.035 0.039 1.057 4877.8 4.3706 16.265108 1.155543 16.740465 15.584922 "" "" 1563.77319 1763.8197 5873.58544 3.2133 2749.4 11.398 4625.8 12.852 "" "" 0.002818617107114603 0.005295716 0.004835618 0.010131335 301.38515162665 35.42431809007 1654.7533 -4.659000000000004 -7.517999999999994 -1.5569129791259764 -1.0593084030151365 0.1512807 0.15528071 "" "" 14.770249824716496 "" 2.2533169653051295 ""
302.2968861979 35.73310217742 0.0286 0.0349 34.6914 "" "" 2059037455200067328 1925.69836 0.5084 0.0395 -1.16 -5.437 0.041 0.047 1.037 6877.3 4.3368 16.266336 1.414432 16.895939 15.481506 "" "" 1771.6792 2091.63452 5866.94412 2.6295 2382.5 7.3897 5088.1 9.2551 "" "" 0.002797960608505309 0.0043732887 0.004264275 0.008637564 302.2968861979 35.73310217742 1925.69836 -1.1600000000000001 -5.436999999999999 1.9420870208740235 1.021691596984863 0.15728071 0.1632807 "" "" 20.03040858489795 "" 3.1768344476836927 ""
301.13936218546 36.09251580145 0.0271 0.0324 29.0626 "" "" 2059849414504046080 1731.68384 0.5649 0.0375 0.699 -1.686 0.037 0.039 0.986 5177.6 4.3552 16.26647 1.13701 16.753317 15.616307 "" "" 1618.6936 1835.05505 5866.22547 2.4856 2717.0 11.18 4494.0 9.0287 "" "" 0.002793461535862371 0.005267324 0.0043636933 0.009631017 301.13936218546 36.09251580145 1731.68384 0.6990000000000002 -1.686 3.8010870208740233 4.772691596984863 0.1532807 0.15528071 "" "" 50.08124037541376 "" 7.7379299358698495 ""
302.31333785404 36.01340858964 0.0251 0.0335 38.2512 "" "" 2059138786387313152 1929.20361 0.4991 0.0361 -4.826 -3.403 0.034 0.041 1.025 7220.2 4.3522 16.266884 1.259365 16.806229 15.546864 "" "" 1813.92432 2061.59644 5863.99312 2.5406 2587.8 6.6977 4790.9 8.3158 "" "" 0.0027951861142508686 0.0039600027 0.004223188 0.008183191 302.31333785404 36.01340858964 1929.20361 -4.825999999999999 -3.4030000000000005 -1.7239129791259762 3.0556915969848633 0.15028071 0.15728071 "" "" 32.08263538093738 "" 4.992683427151747 ""
