Clusters/NGC_6871/NGC_6871_stars_in_region.tsv
# %ECSV 1.0
# ---
# datatype:
# - name: RA_ICRS_1
#   unit: deg
#   datatype: float64
#   format: '{:15.11f}'
#   description: Right ascension (ICRS) at Ep=2016.0 (ra)
#   meta: !!omap
#   - {ucd: POS_EQ_RA_MAIN}
#   - {width: 15}
#   - {precision: '11'}
# - name: DE_ICRS_1
#   unit: deg
#   datatype: float64
#   format: '{:15.11f}'
#   description: Declination (ICRS) at Ep=2016.0 (dec)
#   meta: !!omap
#   - {ucd: POS_EQ_DEC_MAIN}
#   - {width: 15}
#   - {precision: '11'}
# - name: e_RA_ICRS
#   unit: mas
#   datatype: float64
#   format: '{:7.4f}'
#   description: Standard error of right ascension (ra_error)
#   meta: !!omap
#   - {ucd: ERROR}
#   - {width: 7}
#   - {precision: '4'}
# - name: e_DE_ICRS
#   unit: mas
#   datatype: float64
#   format: '{:7.4f}'
#   description: Standard error of declination (dec_error)
#   meta: !!omap
#   - {ucd: ERROR}
#   - {width: 7}
#   - {precision: '4'}
# - name: _r_1
#   unit: ''
#   datatype: float64
#   format: '{:7.4f}'
#   description: Distance from center (301.58590690000+35.77020603000)[ICRS], at Epoch=J2016.0
#   meta: !!omap
#   - {ucd: POS_ANG_DIST_GENERAL}
#   - {width: 7}
#   - {precision: '4'}
# - name: HIP
#   datatype: int32
#   description: '? HIP cross-id number, van Leeuwen, Cat. I/311 (hip_original_ext_source_id)'
#   meta: !!omap
#   - {ucd: ID_NUMBER}
#   - {width: 6}
#   - values: {'null': -2147483648}
# - name: TYC2
#   datatype: string
#   description: Tycho-2 cross-id name, Hog et al., Cat. I/259 (tyc2_original_ext_source_id)
#   meta: !!omap
#   - {ucd: ID_CROSSID}
#   - {_votable_string_dtype: char}
# - name: Source
#   datatype: int64
#   description: Source identifier, identical to the Gaia-EDR3 source_id (id)
#   meta: !!omap
#   - {ucd: ID_MAIN}
#   - {width: 19}
# - name: rgeo
#   unit: pc
#   datatype: float64
#   format: '{:15.8f}'
#   description: '? Median of the geometric distance posterior (r_med_geo)'
#   meta: !!omap
#   - {ucd: PHYS_DISTANCE_TRUE}
#   - {width: 15}
#   - {precision: '8'}
#   - values: {'null': .nan}
# - name: Plx
#   unit: mas
#   datatype: float64
#   format: '{:9.4f}'
#   description: '? Parallax (parallax)'
#   meta: !!omap
#   - {ucd: POS_PARLX_TRIG}
#   - {width: 9}
#   - {precision: '4'}
#   - values: {'null': .nan}
# - name: e_Plx
#   unit: mas
#   datatype: float32
#   format: '{:7.4f}'
#   description: '? Standard error of parallax (parallax_error)'
#   meta: !!omap
#   - {ucd: ERROR}
#   - {width: 7}
#   - {precision: '4'}
#   - values: {'null': .nan}
# - name: pmRA
#   unit: mas / yr
#   datatype: float64
#   format: '{:9.3f}'
#   description: '? Proper motion in right ascension direction, pmRA*cosDE (pmra)'
#   meta: !!omap
#   - {ucd: POS_EQ_PMRA}
#   - {width: 9}
#   - {precision: '3'}
#   - values: {'null': .nan}
# - name: pmDE
#   unit: mas / yr
#   datatype: float64
#   format: '{:9.3f}'
#   description: '? Proper motion in declination direction (pmdec)'
#   meta: !!omap
#   - {ucd: POS_EQ_PMDEC}
#   - {width: 9}
#   - {precision: '3'}
#   - values: {'null': .nan}
# - name: e_pmRA
#   unit: mas / yr
#   datatype: float32
#   format: '{:6.3f}'
#   description: '? Standard error of proper motion in right ascension direction (pmra_error)'
#   meta: !!omap
#   - {ucd: ERROR}
#   - {width: 6}
#   - {precision: '3'}
#   - values: {'null': .nan}
# - name: e_pmDE
[...]
#         value: !astropy.table.SerializedColumn {name: SkyCoord.dec}
#       distance: !astropy.table.SerializedColumn
#         __class__: astropy.coordinates.distances.Distance
#         unit: !astropy.units.Unit {unit: pc}
#         value: !astropy.table.SerializedColumn {name: SkyCoord.distance}
#       frame: icrs
#       obstime: !astropy.time.Time {format: jyear_str, in_subfmt: '*', jd1: 367701545.0, jd2: 0.0, out_subfmt: '*', precision: 3, scale: tt}
#       pm_dec: !astropy.table.SerializedColumn
#         __class__: astropy.units.quantity.Quantity
#         unit: !astropy.units.Unit {unit: mas / yr}
#         value: !astropy.table.SerializedColumn {name: SkyCoord.pm_dec}
#       pm_ra_cosdec: !astropy.table.SerializedColumn
#         __class__: astropy.units.quantity.Quantity
#         unit: !astropy.units.Unit {unit: mas / yr}
#         value: !astropy.table.SerializedColumn {name: SkyCoord.pm_ra_cosdec}
#       ra: !astropy.table.SerializedColumn
#         __class__: astropy.coordinates.angles.Longitude
#         unit: *id001
#         value: !astropy.table.SerializedColumn {name: SkyCoord.ra}
#         wrap_angle: !astropy.coordinates.Angle
#           unit: *id001
#           value: 360.0
#       representation_type: spherical
# schema: astropy-2.0
RA_ICRS_1 DE_ICRS_1 e_RA_ICRS e_DE_ICRS _r_1 HIP TYC2 Source rgeo Plx e_Plx pmRA pmDE e_pmRA e_pmDE RUWE Teff logg Gmag BP-RP BPmag RPmag RV e_RV b_rgeo B_rgeo FG e_FG FBP e_FBP FRP e_FRP RAVE5 RAVE6 e_Gmag e_BPmag e_RPmag e_BP-RP SkyCoord.ra SkyCoord.dec SkyCoord.distance SkyCoord.pm_ra_cosdec SkyCoord.pm_dec rmRA rmDE e_rmRA e_rmDE rRV e_rRV v_pec v_pec3d e_vpec e_vpec3d
[from data line 5586]
301.73840594034 35.6897774066 0.0376 0.0405 8.8577 "" "" 2059047526923270400 1412.81152 0.7059 0.0501 -6.422 -5.178 0.052 0.061 0.986 5020.4 4.6042 16.821186 1.362472 17.432615 16.070143 "" "" 1317.43152 1522.64539 3519.43056 2.0057 1453.4 6.605 2958.7 6.8147 "" "" 0.00282394152231645 0.0056684073 0.004531829 0.010200236 301.73840594034 35.6897774066 1412.81152 -6.422 -5.178 -3.3199129791259763 1.2806915969848633 0.1682807 0.17728071 "" "" 23.829427377626825 "" 4.038455722353309 ""
302.11163353644 35.40651051105 0.0595 0.0771 33.6779 "" "" 2058839135101313664 1833.57068 0.5453 0.0841 3.678 -2.841 0.076 0.095 1.925 4956.6 4.6904 16.821495 1.400966 17.3767 15.975734 "" "" 1557.60022 2150.88574 3518.43064 3.4431 1530.2 7.5998 3227.5 14.147 "" "" 0.002953078883476805 0.006071451 0.0060772123 0.012148663 302.11163353644 35.40651051105 1833.57068 3.678 -2.841 6.780087020874023 3.617691596984863 0.19228071 0.2112807 "" "" 66.79019173376317 "" 13.134271043009273 ""
301.13684454198 35.75475956387 0.0337 0.0407 21.883 "" "" 2059084631115489792 1516.8479 0.6359 0.0475 -2.026 -4.604 0.045 0.051 1.019 4895.6 4.5056 16.821596 1.39319 17.456964 16.063774 "" "" 1412.97766 1623.34497 3518.10377 1.7842 1421.1 5.7076 2976.1 7.9083 "" "" 0.0028098010309228487 0.0051769186 0.0047547338 0.009931652 301.13684454198 35.75475956387 1516.8479 -2.025999999999997 -4.604000000000004 1.0760870208740236 1.8546915969848632 0.1612807 0.1672807 "" "" 15.416915839373765 "" 2.55597152131738 ""
301.12048527246 35.37953326995 0.0346 0.0418 32.6395 "" "" 2058688605087819136 1985.36743 0.4692 0.0482 -0.019 -2.585 0.044 0.05 1.016 "" "" 16.821863 1.802317 17.68572 15.883404 "" "" 1839.44556 2192.29883 3517.23566 1.9874 1151.1 7.7492 3514.0 8.0534 "" "" 0.0028227930310542318 0.00782362 0.004524968 0.012348589 301.12048527246 35.37953326995 1985.36743 -0.01900000000000035 -2.585 3.0830870208740233 3.8736915969848633 0.1602807 0.1662807 "" "" 46.59067167613576 "" 7.639935662494687 ""
302.26135029543 35.80572203828 0.0407 0.0456 32.9436 "" "" 2059134624540947200 1404.54138 0.6999 0.0531 -3.098 -4.425 0.061 0.062 0.941 4870.2 4.6396 16.822256 1.356806 17.432356 16.07555 "" "" 1319.4751 1512.96436 3515.96562 2.2758 1453.7 12.681 2944.0 14.584 "" "" 0.0028435323771549537 0.009873594 0.0065736026 0.016447198 302.26135029543 35.80572203828 1404.54138 -3.097999999999999 -4.425000000000001 0.0040870208740235725 2.0336915969848635 0.17728071 0.17828071 "" "" 13.539382310855789 "" 2.41381065270792 ""
301.63765883327 35.71239599317 0.037 0.0436 4.2876 "" "" 2059095115163751040 1531.64868 0.6346 0.0503 -4.675 -12.689 0.046 0.054 0.999 5083.4 4.6493 16.82267 1.354462 17.425564 16.071102 "" "" 1420.29309 1696.48621 3514.62107 2.1978 1462.8 7.6363 2956.1 8.0659 "" "" 0.002837737546357948 0.006317449 0.0048020952 0.0111195445 301.63765883327 35.71239599317 1531.64868 -4.674999999999997 -12.688999999999984 -1.5729129791259764 -6.230308403015137 0.16228071 0.17028071 "" "" 46.651341950423635 "" 7.921956841188076 ""
301.12570588901 35.46674310141 0.0356 0.0418 28.9024 "" "" 2058690082556616064 1929.02112 0.4985 0.0487 0.269 -3.276 0.045 0.052 1.022 "" "" 16.823555 2.099736 17.899351 15.799615 "" "" 1764.69702 2099.02344 3511.76242 4.271 945.53 7.5321 3795.9 15.848 "" "" 0.003055393904355384 0.009087902 0.005901835 0.0149897365 301.12570588901 35.46674310141 1929.02112 0.2689999999999999 -3.276 3.3710870208740236 3.1826915969848635 0.1612807 0.1682807 "" "" 42.390784730576264 "" 6.978232738254125 ""
301.52866131571 36.25348379655 0.035 0.0401 29.1295 "" "" 2059127138441647744 2005.31384 0.4757 0.0465 -1.311 -6.006 0.047 0.055 1.026 7125.8 4.3275 16.82372 1.389198 17.446627 16.057428 "" "" 1842.49121 2197.88672 3511.22503 1.862 1434.7 5.7162 2993.6 7.5612 "" "" 0.0028148347797955133 0.005147617 0.004669492 0.0098171085 301.52866131571 36.25348379655 2005.31384 -1.311 -6.006 1.7910870208740235 0.45269159698486305 0.1632807 0.17128071 "" "" 17.559975257579723 "" 2.875833792230863 ""
300.86043481396 35.50073258909 0.0377 0.0438 38.8967 "" "" 2058704479287396096 1731.57739 0.5533 0.0513 1.068 -1.926 0.051 0.056 1.071 5153.9 4.6095 16.82376 1.456732 17.499723 16.042992 "" "" 1580.2981 1924.28442 3511.09665 1.8523 1366.2 6.1159 3033.6 8.7 "" "" 0.0028142270509113913 0.0056043165 0.004896859 0.010501176 300.86043481396 35.50073258909 1731.57739 1.0680000000000018 -1.926 4.170087020874023 4.532691596984863 0.1672807 0.1722807 "" "" 50.55217291742525 "" 8.594219339305381 ""
301.64086013707 35.92140082667 0.0346 0.0404 9.4572 "" "" 2059102017141364224 1871.26843 0.5173 0.0479 -8.332 -15.984 0.05 0.061 1.005 5306.1 4.5884 16.82463 1.296759 17.399666 16.102907 "" "" 1716.42371 2057.21167 3508.28216 1.9845 1498.1 7.025 2870.8 8.0613 "" "" 0.0028229383357140877 0.0058057313 0.004855801 0.010661532 301.64086013707 35.92140082667 1871.26843 -8.332 -15.984000000000005 -5.229912979125977 -9.525308403015137 0.1662807 0.17728071 "" "" 96.38490473983444 "" 16.8475378978531 ""
300.75330444644 35.95542354577 0.0342 0.0416 41.9829 "" "" 2059852747399090816 1842.92981 0.5271 0.0463 -1.881 -2.16 0.044 0.054 1.039 5886.3 4.4761 16.824791 1.634572 17.587452 15.95288 "" "" 1724.00623 2000.21326 3507.76552 1.8839 1260.2 7.8381 3296.1 8.8692 "" "" 0.002816346650333865 0.007306698 0.004776922 0.01208362 300.75330444644 35.95542354577 1842.92981 -1.8810000000000002 -2.16 1.2210870208740234 4.298691596984863 0.1602807 0.17028071 "" "" 39.03678353839181 "" 6.618859611025125 ""
302.1119143201 35.88265865447 0.0369 0.0441 26.4636 "" "" 2059054261432412160 1584.547 0.6081 0.0501 -9.508 -10.97 0.055 0.06 0.936 5350.6 4.048 16.825548 1.408976 17.466171 16.057196 "" "" 1459.61218 1753.91467 3505.31717 1.819 1409.1 7.4167 2994.2 7.8755 "" "" 0.002812334928293484 0.0063594664 0.0047369916 0.011096458 302.1119143201 35.88265865447 1584.547 -9.508000000000006 -10.970000000000002 -6.405912979125976 -4.511308403015137 0.17128071 0.1762807 "" "" 58.846939563931386 "" 10.177836144820988 ""
301.29719160665 35.78801954399 0.0342 0.0435 14.0943 "" "" 2059087865257739520 1769.03833 0.5656 0.0477 -0.044 -4.119 0.044 0.055 1.005 4917.9 4.3804 16.82556 1.459187 17.496805 16.037619 "" "" 1621.31445 1929.95825 3505.27844 2.0247 1369.9 9.7963 3048.7 8.0459 "" "" 0.002825790198330596 0.008250337 0.004742806 0.012993143 301.29719160665 35.78801954399 1769.03833 -0.04399999999999937 -4.119 3.0580870208740234 2.3396915969848635 0.1602807 0.17128071 "" "" 32.28704943833054 "" 5.308891839717993 ""
302.35377458423 35.5369862757 0.1017 0.1146 39.9657 "" "" 2058846625524666368 1537.46326 0.7208 0.1374 -3.643 -12.693 0.13 0.152 2.817 4366.9 4.5293 16.825731 1.639719 17.528282 15.888563 "" "" 1302.59778 2019.03101 3504.72923 6.3122 1330.8 7.6605 3497.3 12.591 "" "" 0.003378704256117746 0.006844377 0.005437189 0.012281566 302.35377458423 35.5369862757 1537.46326 -3.6429999999999993 -12.69299999999999 -0.5409129791259764 -6.234308403015136 0.2462807 0.26828068 "" "" 45.603683996479575 "" 12.227396585555875 ""
301.13787074865 35.23598575411 0.0385 0.0437 38.8114 "" "" 2058682519103974656 1606.85938 0.6104 0.053 -2.691 -6.31 0.054 0.058 1.089 4912.5 4.3787 16.825922 1.452393 17.481571 16.029179 "" "" 1479.78625 1760.60706 3504.11365 1.8768 1389.3 8.1674 3072.5 8.1174 "" "" 0.0028160174041326424 0.0069660135 0.004744661 0.0117106745 301.13787074865 35.23598575411 1606.85938 -2.691000000000002 -6.309999999999997 0.4110870208740236 0.14869159698486367 0.17028071 0.1742807 "" "" 3.329572861138961 "" 0.56851882507861 ""
301.45231239432 35.64677380259 0.0367 0.0436 9.8596 "" "" 2059070582308989440 1794.43835 0.5485 0.05 0.595 -3.344 0.048 0.057 0.941 5340.1 4.6363 16.826025 1.267811 17.387053 16.119242 "" "" 1642.91296 1986.13269 3503.77628 1.9883 1515.6 8.4713 2827.9 6.2178 "" "" 0.002823366991400802 0.006679309 0.0044701975 0.011149507 301.45231239432 35.64677380259 1794.43835 0.595000000000001 -3.344 3.697087020874023 3.1146915969848634 0.16428071 0.1732807 "" "" 41.118188639090974 "" 6.910952803740025 ""
302.11604076158 35.83758259437 0.0366 0.0464 26.1119 "" "" 2059053780396023040 2057.77173 0.4643 0.0502 2.108 -1.57 0.053 0.06 1.0 4933.9 4.3291 16.826555 1.496426 17.50613 16.009705 "" "" 1863.86548 2259.48535 3502.07034 2.2254 1358.2 6.5859 3128.1 9.2226 "" "" 0.002840386996567627 0.005958387 0.004952844 0.010911232 302.11604076158 35.83758259437 2057.77173 2.108 -1.5700000000000007 5.210087020874024 4.888691596984863 0.16928071 0.1762807 "" "" 69.68659051110758 "" 12.02745289418897 ""
302.10488325327 35.40613874585 0.0393 0.0473 33.4423 "" "" 2058839096426911360 1626.17761 0.6084 0.0537 -4.038 -10.761 0.048 0.059 1.108 5221.3 4.6685 16.827372 1.329231 17.387854 16.058622 "" "" 1505.08276 1774.23755 3499.43596 2.5031 1514.5 8.2211 2990.3 11.04 "" "" 0.002862676456240405 0.006520756 0.0055092247 0.012029981 302.10488325327 35.40613874585 1626.17761 -4.038 -10.761 -0.9359129791259768 -4.302308403015136 0.16428071 0.1752807 "" "" 33.93814326338022 "" 5.932340306730649 ""
301.89976949921 35.84441709746 0.036 0.0447 15.9082 "" "" 2059055906379900544 1756.87805 0.5593 0.0506 -6.899 -6.521 0.053 0.06 1.056 5025.1 4.4493 16.82755 1.353813 17.434069 16.080256 "" "" 1634.34668 1935.98828 3498.8588 1.785 1451.4 8.1402 2931.3 8.6143 "" "" 0.0028104450325925558 0.006698168 0.00494613 0.011644298 301.89976949921 35.84441709746 1756.87805 -6.898999999999997 -6.520999999999997 -3.7969129791259766 -0.062308403015136626 0.16928071 0.1762807 "" "" 31.62343714837874 "" 5.353298653230049 ""
301.37726295451 35.10592387712 0.0372 0.0464 41.1412 "" "" 2058631430481064192 2004.05469 0.4906 0.0531 -2.553 -6.083 0.051 0.055 0.949 5495.8 4.613 16.827766 1.449373 17.485294 16.035921 "" "" 1819.00708 2240.41235 3498.16366 2.1772 1384.5 5.9719 3053.4 10.023 "" "" 0.002836973748790039 0.0054513784 0.0051947916 0.01064617 301.37726295451 35.10592387712 2004.05469 -2.552999999999999 -6.083 0.5490870208740235 0.3756915969848631 0.1672807 0.17128071 "" "" 6.319949364898878 "" 1.0653316708025997 ""
301.10361677803 35.80458075905 0.0338 0.0424 23.5642 "" "" 2059085730627902592 1886.20703 0.5253 0.0473 -3.716 -8.005 0.043 0.052 0.952 5570.2 4.5965 16.82778 1.3188 17.411093 16.092293 "" "" 1718.04175 2043.39893 3498.12219 1.8792 1482.4 7.2062 2899.0 7.9807 "" "" 0.002816377433142411 0.005970075 0.0048184525 0.010788527 301.10361677803 35.80458075905 1886.20703 -3.7159999999999993 -8.004999999999995 -0.6139129791259768 -1.5463084030151375 0.1592807 0.1682807 "" "" 14.874675955794396 "" 2.4853168750080337 ""
301.5089006492 35.33953263684 0.0345 0.0451 26.1124 "" "" 2059010762001675008 1864.83191 0.5091 0.05 -3.161 -6.277 0.045 0.053 1.001 8195.2 4.3025 16.828663 1.812775 17.694302 15.881527 "" "" 1686.45239 2073.53564 3495.27549 2.2194 1142.1 9.5461 3520.0 9.95 "" "" 0.0028402601070642813 0.009494234 0.004868555 0.014362789 301.5089006492 35.33953263684 1864.83191 -3.1610000000000005 -6.277 -0.058912979125976594 0.18169159698486315 0.1612807 0.16928071 "" "" 1.688343377911606 "" 0.284546605746523 ""
301.41041582539 36.0348725017 0.037 0.0428 18.0255 "" "" 2059117620793502464 1948.13147 0.4838 0.0488 -3.323 -11.254 0.053 0.056 1.006 4688.8 4.1958 16.828695 1.437388 17.488085 16.050697 "" "" 1759.86975 2104.07715 3495.17409 2.0232 1381.0 7.6766 3012.2 10.135 "" "" 0.002826089474033189 0.006649061 0.0052563325 0.011905394 301.41041582539 36.0348725017 1948.13147 -3.323000000000004 -11.254000000000012 -0.22091297912597652 -4.795308403015136 0.16928071 0.1722807 "" "" 44.32752802505413 "" 7.636498328640964 ""
302.39920575028 35.81316169252 0.0368 0.0419 39.6661 "" "" 2059132739072979200 1717.01819 0.5582 0.0501 -4.984 -2.648 0.054 0.055 1.028 5590.9 4.5855 16.82898 1.520639 17.529459 16.00882 "" "" 1546.63525 1865.36597 3494.259 2.2737 1329.3 7.5771 3130.6 6.5134 "" "" 0.002844452335649289 0.006788661 0.0044030137 0.0111916745 302.39920575028 35.81316169252 1717.01819 -4.984000000000002 -2.6480000000000006 -1.8819129791259765 3.810691596984863 0.17028071 0.17128071 "" "" 34.58977849478858 "" 5.917795805609393 ""
302.24363838432 36.12694242094 0.0355 0.0459 38.455 "" "" 2059152117966048000 1849.10999 0.5218 0.0509 -5.688 -8.342 0.047 0.054 0.96 5075.5 4.3999 16.829111 1.532202 17.538385 16.006184 "" "" 1701.83154 2000.19434 3493.83616 1.8513 1318.4 6.6199 3138.2 9.5197 "" "" 0.0028147408206765814 0.0061241826 0.005013116 0.011137299 302.24363838432 36.12694242094 1849.10999 -5.688 -8.342 -2.5859129791259763 -1.8833084030151372 0.1632807 0.17028071 "" "" 28.038803333841695 "" 4.647158410196625 ""
301.06809572247 35.8756845176 0.0635 0.0449 25.9742 "" "" 2059837045005639552 1452.07495 0.6882 0.0641 -0.459 -8.46 0.076 0.056 1.059 "" "" 16.829124 "" "" "" "" "" 1331.08118 1643.19031 3493.79187 3.0623 "" "" "" "" "" "" 0.0029150330637930295 "" "" "" 301.06809572247 35.8756845176 1452.07495 -0.45899999999999985 -8.46 2.6430870208740234 -2.0013084030151376 0.19228071 0.1722807 "" "" 22.81859132722177 "" 4.226980369466412 ""
301.38711791643 36.04984017171 0.038 0.045 19.3604 "" "" 2059117895671428352 1552.27563 0.6327 0.0525 -4.401 -6.014 0.053 0.057 1.026 5032.5 4.6303 16.829885 1.347357 17.431385 16.084028 "" "" 1440.9458 1659.07104 3491.34233 2.0461 1455.0 5.6707 2921.1 7.5878 "" "" 0.002827836825806272 0.005068623 0.004715693 0.009784317 301.38711791643 36.04984017171 1552.27563 -4.401 -6.014000000000001 -1.2989129791259764 0.44469159698486305 0.16928071 0.1732807 "" "" 10.101695678805786 "" 1.7143060473631733 ""
302.01107878238 35.82275891229 0.0376 0.0482 20.9303 "" "" 2059052887022053760 1702.23511 0.5752 0.052 -1.344 -2.587 0.055 0.066 0.99 4698.6 4.3789 16.830162 1.314917 17.399014 16.084097 "" "" 1558.1709 1863.66199 3490.45513 2.164 1499.0 7.7142 2920.9 8.1355 "" "" 0.00283635233460216 0.006245369 0.0048403232 0.011085693 302.01107878238 35.82275891229 1702.23511 -1.3440000000000012 -2.587 1.7580870208740234 3.871691596984863 0.17128071 0.1822807 "" "" 34.3089555265568 "" 6.190975942023288 ""
300.89050997616 35.85854734181 0.0342 0.0397 34.2471 "" "" 2059838934783326720 1717.32544 0.5536 0.0454 -3.406 -9.567 0.043 0.049 0.941 5429.3 4.6786 16.830475 1.331249 17.41169 16.08044 "" "" 1601.39417 1854.5592 3489.44789 1.9005 1481.6 7.8993 2930.8 6.9108 "" "" 0.002818061299054663 0.006426059 0.0045648795 0.010990938 300.89050997616 35.85854734181 1717.32544 -3.4059999999999975 -9.566999999999988 -0.3039129791259767 -3.108308403015137 0.1592807 0.1652807 "" "" 25.42266526040601 "" 4.200457471632915 ""
301.5593586068 35.81739096472 0.0339 0.0391 3.112 "" "" 2059099616289586176 1600.13635 0.602 0.0449 3.626 0.34 0.045 0.048 0.981 5091.6 4.6223 16.830887 1.301573 17.402758 16.101185 "" "" 1489.47498 1753.52295 3488.12639 1.7547 1493.9 8.0076 2875.3 11.952 "" "" 0.002808932327508694 0.0064540426 0.0058866316 0.012340674 301.5593586068 35.81739096472 1600.13635 3.626000000000004 0.3400000000000001 6.728087020874023 6.798691596984863 0.1612807 0.16428071 "" "" 72.54719632272773 "" 11.810921343236394 ""
301.52824097366 35.97352184555 0.0359 0.0409 12.517 "" "" 2059113394545638912 1635.00671 0.6042 0.05 -0.054 -7.305 0.052 0.058 0.981 5171.4 4.6225 16.831865 1.442337 17.42326 15.980923 "" "" 1509.83008 1757.46814 3484.98446 2.2243 1465.9 15.276 3212.1 47.772 "" "" 0.0028411268982085117 0.011653306 0.016584015 0.02823732 301.52824097366 35.97352184555 1635.00671 -0.053999999999999604 -7.304999999999999 3.0480870208740236 -0.8463084030151364 0.1682807 0.1742807 "" "" 24.516101003686707 "" 4.136288755004897 ""
