Clusters/NGC_6871/NGC_6871_members.tsv
# %ECSV 1.0
# ---
# datatype:
# - name: RA_ICRS_1
#   unit: deg
#   datatype: float64
#   format: '{:15.11f}'
#   description: Right ascension (ICRS) at Ep=2016.0 (ra)
#   meta: !!omap
#   - {ucd: POS_EQ_RA_MAIN}
#   - {width: 15}
#   - {precision: '11'}
# - name: DE_ICRS_1
#   unit: deg
#   datatype: float64
#   format: '{:15.11f}'
#   description: Declination (ICRS) at Ep=2016.0 (dec)
#   meta: !!omap
#   - {ucd: POS_EQ_DEC_MAIN}
#   - {width: 15}
#   - {precision: '11'}
# - name: e_RA_ICRS
#   unit: mas
#   datatype: float64
#   format: '{:7.4f}'
#   description: Standard error of right ascension (ra_error)
#   meta: !!omap
#   - {ucd: ERROR}
#   - {width: 7}
#   - {precision: '4'}
# - name: e_DE_ICRS
#   unit: mas
#   datatype: float64
#   format: '{:7.4f}'
#   description: Standard error of declination (dec_error)
#   meta: !!omap
#   - {ucd: ERROR}
#   - {width: 7}
#   - {precision: '4'}
# - name: _r_1
#   unit: ''
#   datatype: float64
#   format: '{:7.4f}'
#   description: Distance from center (301.58590690000+35.77020603000)[ICRS], at Epoch=J2016.0
#   meta: !!omap
#   - {ucd: POS_ANG_DIST_GENERAL}
#   - {width: 7}
#   - {precision: '4'}
# - name: HIP
#   datatype: int32
#   description: '? HIP cross-id number, van Leeuwen, Cat. I/311 (hip_original_ext_source_id)'
#   meta: !!omap
#   - {ucd: ID_NUMBER}
#   - {width: 6}
#   - values: {'null': -2147483648}
# - name: TYC2
#   datatype: string
#   description: Tycho-2 cross-id name, Hog et al., Cat. I/259 (tyc2_original_ext_source_id)
#   meta: !!omap
#   - {ucd: ID_CROSSID}
#   - {_votable_string_dtype: char}
# - name: Source
#   datatype: int64
#   description: Source identifier, identical to the Gaia-EDR3 source_id (id)
#   meta: !!omap
#   - {ucd: ID_MAIN}
#   - {width: 19}
# - name: rgeo
#   unit: pc
#   datatype: float64
#   format: '{:15.8f}'
#   description: '? Median of the geometric distance posterior (r_med_geo)'
#   meta: !!omap
#   - {ucd: PHYS_DISTANCE_TRUE}
#   - {width: 15}
#   - {precision: '8'}
#   - values: {'null': .nan}
# - name: Plx
#   unit: mas
#   datatype: float64
#   format: '{:9.4f}'
#   description: '? Parallax (parallax)'
#   meta: !!omap
#   - {ucd: POS_PARLX_TRIG}
#   - {width: 9}
#   - {precision: '4'}
#   - values: {'null': .nan}
# - name: e_Plx
#   unit: mas
#   datatype: float32
#   format: '{:7.4f}'
#   description: '? Standard error of parallax (parallax_error)'
#   meta: !!omap
#   - {ucd: ERROR}
#   - {width: 7}
#   - {precision: '4'}
#   - values: {'null': .nan}
# - name: pmRA
#   unit: mas / yr
#   datatype: float64
#   format: '{:9.3f}'
#   description: '? Proper motion in right ascension direction, pmRA*cosDE (pmra)'
#   meta: !!omap
#   - {ucd: POS_EQ_PMRA}
#   - {width: 9}
#   - {precision: '3'}
#   - values: {'null': .nan}
# - name: pmDE
#   unit: mas / yr
#   datatype: float64
#   format: '{:9.3f}'
#   description: '? Proper motion in declination direction (pmdec)'
#   meta: !!omap
#   - {ucd: POS_EQ_PMDEC}
#   - {width: 9}
#   - {precision: '3'}
#   - values: {'null': .nan}
# - name: e_pmRA
#   unit: mas / yr
#   datatype: float32
#   format: '{:6.3f}'
#   description: '? Standard error of proper motion in right ascension direction (pmra_error)'
#   meta: !!omap
#   - {ucd: ERROR}
#   - {width: 6}
#   - {precision: '3'}
#   - values: {'null': .nan}
# - name: e_pmDE
[...]
#       distance: !astropy.table.SerializedColumn
#         __class__: astropy.coordinates.distances.Distance
#         unit: !astropy.units.Unit {unit: pc}
#         value: !astropy.table.SerializedColumn {name: SkyCoord.distance}
#       frame: icrs
#       obstime: !astropy.time.Time {format: jyear_str, in_subfmt: '*', jd1: 367701545.0, jd2: 0.0, out_subfmt: '*', precision: 3, scale: tt}
#       pm_dec: !astropy.table.SerializedColumn
#         __class__: astropy.units.quantity.Quantity
#         unit: !astropy.units.Unit {unit: mas / yr}
#         value: !astropy.table.SerializedColumn {name: SkyCoord.pm_dec}
#       pm_ra_cosdec: !astropy.table.SerializedColumn
#         __class__: astropy.units.quantity.Quantity
#         unit: !astropy.units.Unit {unit: mas / yr}
#         value: !astropy.table.SerializedColumn {name: SkyCoord.pm_ra_cosdec}
#       ra: !astropy.table.SerializedColumn
#         __class__: astropy.coordinates.angles.Longitude
#         unit: *id001
#         value: !astropy.table.SerializedColumn {name: SkyCoord.ra}
#         wrap_angle: !astropy.coordinates.Angle
#           unit: *id001
#           value: 360.0
#       representation_type: spherical
# schema: astropy-2.0
RA_ICRS_1 DE_ICRS_1 e_RA_ICRS e_DE_ICRS _r_1 HIP TYC2 Source rgeo Plx e_Plx pmRA pmDE e_pmRA e_pmDE RUWE Teff logg Gmag BP-RP BPmag RPmag RV e_RV b_rgeo B_rgeo FG e_FG FBP e_FBP FRP e_FRP RAVE5 RAVE6 e_Gmag e_BPmag e_RPmag e_BP-RP SkyCoord.ra SkyCoord.dec SkyCoord.distance SkyCoord.pm_ra_cosdec SkyCoord.pm_dec rmRA rmDE e_rmRA e_rmDE rRV e_rRV v_pec v_pec3d e_vpec e_vpec3d Pmemb
[from data line 93]
301.50822021458 35.76424344408 0.0088 0.0114 3.799 "" "" 2059075873709362944 1807.21069 0.526 0.0125 -3.035 -6.372 0.012 0.013 0.987 "" "" 13.662764 0.559827 13.859749 13.299922 "" "" 1766.88403 1845.89392 64541.83766 18.09 39041.0 39.874 37948.0 49.867 "" "" 0.0027720743572085156 0.003002451 0.0040397216 0.0070421724 301.50822021458 35.76424344408 1807.21069 -3.0349999999999966 -6.372 0.0670870208740233 0.0866915969848634 0.1282807 0.1292807 "" "" 0.9390071950890446 "" 0.12104465312769959 "" 0.8
301.43267858938 35.69632533614 0.0092 0.0109 8.6802 "" "" 2059073812124493568 1773.84705 0.5348 0.0122 -3.143 -6.526 0.012 0.013 1.11 9891.4 3.9349 13.674318 0.642978 13.914361 13.271383 "" "" 1742.94202 1807.54639 63858.61621 13.474 37126.0 24.199 38959.0 20.868 "" "" 0.0027648273854926383 0.0028785195 0.003823865 0.0067023844 301.43267858938 35.69632533614 1773.84705 -3.142999999999999 -6.525999999999998 -0.040912979125976356 -0.06730840301513652 0.1282807 0.1292807 "" "" 0.6622785063075229 "" 0.0854416572487425 "" 1.0
301.53067568833 35.87398024566 0.0089 0.0107 6.7815 "" "" 2059100750160996480 1871.18787 0.504 0.0121 -3.133 -6.449 0.012 0.013 1.014 "" "" 13.709177 0.613027 13.93853 13.325503 "" "" 1839.99109 1914.90784 61840.94092 10.686 36308.0 22.358 37064.0 17.968 "" "" 0.0027617002220421344 0.002869155 0.0038158575 0.0066850125 301.53067568833 35.87398024566 1871.18787 -3.1330000000000013 -6.449000000000003 -0.03091297912597657 0.009691596984863438 0.1282807 0.1292807 "" "" 0.2873393428427398 "" 0.036885898103138734 "" 1.0
301.80391126628 35.57743430291 0.0092 0.0114 15.7062 "" "" 2059042716559392512 1909.21423 0.495 0.0131 -2.974 -6.5 0.012 0.014 1.086 "" "" 13.722347 0.518527 13.910253 13.391726 "" "" 1864.63501 1958.28186 61095.28924 19.874 37266.0 30.738 34871.0 22.774 "" "" 0.0027778640771644334 0.0029303664 0.0038453257 0.006775692 301.80391126628 35.57743430291 1909.21423 -2.9739999999999998 -6.499999999999998 0.12808702087402324 -0.04130840301513672 0.1282807 0.1302807 "" "" 1.2179353351988431 "" 0.156468696882346 "" 0.8
301.51443205558 35.49111047289 0.0091 0.0111 17.1047 "" "" 2059021447880497408 1767.07532 0.5345 0.0127 -3.182 -6.668 0.012 0.014 0.93 7626.8 3.8289 13.734209 0.758922 14.026127 13.267205 "" "" 1731.02954 1808.06836 60431.48171 13.051 33494.0 26.881 39109.0 30.592 "" "" 0.002765279375967561 0.0029230693 0.0038736311 0.0067967004 301.51443205558 35.49111047289 1767.07532 -3.182 -6.668000000000001 -0.0799129791259765 -0.20930840301513687 0.1282807 0.1302807 "" "" 1.8765854963488584 "" 0.24400859366795072 "" 1.0
301.88868734621 35.61028871303 0.0093 0.011 17.6002 "" "" 2059044503266096512 1663.0719 0.5773 0.013 -3.381 -6.783 0.012 0.014 0.97 9108.7 4.1784 13.738797 0.585441 13.957509 13.372068 "" "" 1633.24658 1689.01404 60176.6349 29.334 35679.0 76.685 35508.0 40.853 "" "" 0.0028056913154395056 0.003637393 0.0039804718 0.0076178648 301.88868734621 35.61028871303 1663.0719 -3.3809999999999993 -6.783000000000002 -0.27891297912597635 -0.3243084030151371 0.1282807 0.1302807 "" "" 3.371921075327347 "" 0.4364417062403756 "" 0.9
301.93594177912 35.3801422916 0.0091 0.0117 28.9747 "" "" 2059025811567974784 1911.21899 0.4955 0.0125 -3.099 -6.421 0.011 0.014 1.091 "" "" 13.743507 0.606138 13.955078 13.34894 "" "" 1871.65198 1961.13574 59916.12462 45.604 35759.0 106.9 36273.0 113.58 "" "" 0.002876578703287711 0.004280189 0.005083483 0.009363672 301.93594177912 35.3801422916 1911.21899 -3.099 -6.421 0.0030870208740232385 0.03769159698486302 0.12728071 0.1302807 "" "" 0.34259820431996846 "" 0.04462716490740058 "" 0.8
301.55623612438 35.90887319262 0.0098 0.0111 8.4443 "" "" 2059101162477856512 1972.30066 0.4741 0.0137 -2.996 -6.087 0.014 0.016 1.036 "" "" 13.756313 0.667073 14.009368 13.342295 "" "" 1917.88745 2020.04565 59213.6068 10.931 34015.0 23.203 36496.0 13.102 "" "" 0.0027626005096663 0.0028867929 0.003799428 0.006686221 301.55623612438 35.90887319262 1972.30066 -2.9959999999999973 -6.087 0.10608702087402344 0.37169159698486354 0.1302807 0.1322807 "" "" 3.6135992340712795 "" 0.4774688723579558 "" 0.9
301.55470866651 36.07258234691 0.0167 0.0183 18.2058 "" "" 2059116452562477184 1744.14319 0.5493 0.0223 -3.196 -6.237 0.024 0.024 2.062 10591.3 3.8633 13.76356 0.649751 13.986977 13.337226 "" "" 1690.85217 1811.11926 58819.67586 22.633 34724.0 21.554 36666.0 30.375 "" "" 0.0027868129510811085 0.0028704088 0.0038849371 0.006755346 301.55470866651 36.07258234691 1744.14319 -3.196 -6.237000000000002 -0.09391297912597674 0.22169159698486318 0.14028071 0.14028071 "" "" 1.9904450184421711 "" 0.2792210377569654 "" 1.0
301.50422505279 35.77600520093 0.0092 0.0113 3.9915 "" "" 2059076079867799040 1828.65088 0.5188 0.0126 -3.162 -6.612 0.012 0.014 1.024 10073.3 3.9813 13.780806 0.550288 13.98506 13.434772 "" "" 1788.37598 1870.9563 57892.81888 15.815 34785.0 29.733 33516.0 19.166 "" "" 0.0027712379933925195 0.0029404631 0.0038300408 0.0067705037 301.50422505279 35.77600520093 1828.65088 -3.1620000000000013 -6.612 -0.059912979125976484 -0.15330840301513682 0.1282807 0.1302807 "" "" 1.4267173478563002 "" 0.18549820867669267 "" 0.8
301.86194504501 35.69249759182 0.0113 0.0129 14.2302 "" "" 2059045946375782272 1918.81604 0.4919 0.0163 -3.038 -6.369 0.017 0.019 1.098 9874.9 3.9907 13.7825 0.53621 13.9808 13.44459 "" "" 1871.42017 1978.38708 57802.50668 17.321 34922.0 28.777 33214.0 19.139 "" "" 0.002774462452082775 0.0029301045 0.0038308157 0.0067609204 301.86194504501 35.69249759182 1918.81604 -3.038 -6.369 0.06408702087402363 0.08969159698486351 0.13328071 0.1352807 "" "" 1.0026069629010779 "" 0.13495896763011178 "" 0.8
301.55129001055 35.83612425909 0.0096 0.0106 4.2989 "" "" 2059099822448029952 1772.04199 0.5358 0.0123 -3.219 -6.502 0.013 0.014 0.97 "" "" 13.798869 0.667748 14.048521 13.380774 "" "" 1737.69409 1808.19897 56937.60922 10.968 32810.0 20.859 35225.0 24.669 "" "" 0.0027632466507514254 0.0028742834 0.003855112 0.006729395 301.55129001055 35.83612425909 1772.04199 -3.2189999999999994 -6.501999999999999 -0.11691297912597642 -0.0433084030151365 0.1292807 0.1302807 "" "" 1.0472187527338428 "" 0.1355119649259206 "" 0.8
301.58442577953 35.61371605311 0.009 0.0113 9.3897 "" "" 2059024024861038464 1830.5614 0.5202 0.0127 -3.235 -6.483 0.012 0.013 0.992 "" "" 13.803192 0.703291 14.061454 13.358163 "" "" 1792.6189 1870.99023 56711.33062 9.8928 32422.0 39.346 35966.0 58.14 "" "" 0.002761821993991993 0.0030856328 0.0041670348 0.0072526676 301.58442577953 35.61371605311 1830.5614 -3.235 -6.482999999999999 -0.13291297912597644 -0.02430840301513637 0.1282807 0.1292807 "" "" 1.172396402640596 "" 0.1504339192838873 "" 1.0
301.81654759923 35.5840235594 0.0093 0.0106 15.8478 "" "" 2059042750919127168 1719.82007 0.5507 0.0127 -3.289 -6.891 0.012 0.014 0.984 "" "" 13.807885 0.62728 14.048099 13.420818 "" "" 1688.00269 1761.30725 56466.75327 16.749 32823.0 29.398 33949.0 23.329 "" "" 0.0027740771821785264 0.0029547745 0.0038523218 0.0068070963 301.81654759923 35.5840235594 1719.82007 -3.2890000000000006 -6.890999999999999 -0.1869129791259767 -0.43230840301513673 0.1282807 0.1302807 "" "" 3.839446090803503 "" 0.499004193630171 "" 0.9
301.77062939261 35.63314883144 0.0092 0.0107 12.1915 "" "" 2059043850430786304 1777.72852 0.5323 0.0126 -3.08 -6.697 0.012 0.014 1.013 "" "" 13.812782 0.548981 14.016486 13.467505 "" "" 1738.2605 1818.66235 56212.60558 15.696 33793.0 21.643 32520.0 18.105 "" "" 0.002771948529251611 0.0028755148 0.0038274152 0.0067029297 301.77062939261 35.63314883144 1777.72852 -3.079999999999996 -6.696999999999994 0.022087020874023366 -0.23830840301513678 0.1282807 0.1302807 "" "" 2.0166961863034882 "" 0.2627025069551269 "" 1.0
301.77416050154 35.86071789414 0.0093 0.0115 10.6483 "" "" 2059097863943019904 1861.05225 0.5103 0.0134 -3.03 -6.06 0.013 0.016 1.062 "" "" 13.835108 0.520608 14.023672 13.503064 "" "" 1800.3551 1913.98633 55068.53155 15.077 33570.0 21.294 31473.0 17.072 "" "" 0.002771308827067883 0.0028739094 0.0038249937 0.006698903 301.77416050154 35.86071789414 1861.05225 -3.029999999999998 -6.059999999999997 0.07208702087402363 0.39869159698486367 0.1292807 0.1322807 "" "" 3.5740397057089526 "" 0.47244079980539005 "" 0.8
301.68222624132 35.80824173392 0.0092 0.0111 5.2139 "" "" 2059096077236443136 1894.32996 0.4987 0.0127 -2.884 -6.241 0.013 0.015 0.992 "" "" 13.844984 0.628613 14.081075 13.452462 "" "" 1853.00391 1929.38489 54569.89046 12.604 31841.0 26.016 32974.0 18.084 "" "" 0.0027667085443600806 0.0029278004 0.003826002 0.0067538023 301.68222624132 35.80824173392 1894.32996 -2.8839999999999986 -6.241000000000001 0.21808702087402354 0.21769159698486362 0.1292807 0.1312807 "" "" 2.7668465116059546 "" 0.3604723070021611 "" 1.0
301.86115314167 35.72370810288 0.0101 0.0132 13.6907 "" "" 2059046049454426496 1893.35242 0.4964 0.0139 -2.959 -6.167 0.014 0.019 0.975 "" "" 13.851332 0.641598 14.092917 13.45132 "" "" 1850.72131 1941.1366 54251.77736 22.114 31496.0 31.506 33009.0 51.26 "" "" 0.0027906367917773425 0.0029940975 0.0041384166 0.0071325144 301.86115314167 35.72370810288 1893.35242 -2.9589999999999996 -6.166999999999998 0.14308702087402336 0.29169159698486347 0.1302807 0.1352807 "" "" 2.915782581544915 "" 0.3916638190882287 "" 0.8
301.69293812237 35.67820274941 0.0108 0.0117 7.593 "" "" 2059047939240161920 1766.3866 0.5398 0.0139 -3.093 -6.485 0.013 0.015 1.076 9609.6 4.0322 13.851548 0.497579 14.033261 13.535683 "" "" 1714.49744 1810.5896 54240.98641 14.368 33275.0 23.693 30541.0 14.413 "" "" 0.002770289651170866 0.0028952903 0.0038139566 0.006709247 301.69293812237 35.67820274941 1766.3866 -3.093 -6.485000000000001 0.009087020874023466 -0.02630840301513704 0.1292807 0.1312807 "" "" 0.23304112481422445 "" 0.030544463241946762 "" 1.0
301.81085681147 35.70754881435 0.0105 0.0114 11.5824 "" "" 2059048901312747520 1835.60999 0.5156 0.0138 -3.051 -6.571 0.014 0.016 1.087 8344.3 4.0398 13.856669 0.882182 14.207595 13.325413 "" "" 1789.82703 1874.2041 53985.72775 18.025 28339.0 36.228 37067.0 41.791 "" "" 0.002779065181919194 0.003116335 0.0039726775 0.0070890123 301.81085681147 35.70754881435 1835.60999 -3.051 -6.571 0.05108702087402328 -0.11230840301513645 0.1302807 0.1322807 "" "" 1.0735190347081494 "" 0.14164007397083697 "" 1.0
301.12110972077 36.20298099514 0.0101 0.012 34.4014 "" "" 2059851338649599488 1920.10303 0.4903 0.0137 -3.182 -6.101 0.013 0.014 1.025 9531.8 3.9946 13.884912 0.575905 14.098617 13.522712 "" "" 1871.38965 1970.47766 52599.57969 12.982 31331.0 27.688 30908.0 21.948 "" "" 0.0027683201559531106 0.002950538 0.0038572208 0.0068077585 301.12110972077 36.20298099514 1920.10303 -3.181999999999999 -6.101 -0.0799129791259765 0.3576915969848633 0.1292807 0.1302807 "" "" 3.335710499429592 "" 0.43442070813978906 "" 0.8
300.85316850992 35.89007449452 0.0091 0.0106 36.3626 "" "" 2059839965575554816 1882.70337 0.5008 0.0119 -3.231 -6.339 0.012 0.013 0.997 "" "" 13.90054 0.782531 14.203781 13.42125 "" "" 1839.90552 1921.4231 51847.85521 8.6713 28438.0 16.051 33936.0 12.395 "" "" 0.0027612971899048217 0.0028566741 0.00380013 0.006656804 300.85316850992 35.89007449452 1882.70337 -3.230999999999997 -6.339000000000001 -0.12891297912597643 0.11969159698486287 0.1282807 0.1292807 "" "" 1.5698310719604802 "" 0.20210731138640414 "" 1.0
301.97574146198 35.84457143471 0.0099 0.0122 19.4868 "" "" 2059053161920728320 1872.81494 0.5089 0.0135 -3.042 -6.378 0.014 0.016 1.047 "" "" 13.901958 0.665057 14.154059 13.489002 "" "" 1821.69141 1929.22351 51780.13923 9.9609 29771.0 15.259 31883.0 15.283 "" "" 0.0027632250708131013 0.0028451236 0.0038150477 0.0066601713 301.97574146198 35.84457143471 1872.81494 -3.041999999999997 -6.377999999999995 0.06008702087402362 0.08069159698486317 0.1302807 0.1322807 "" "" 0.8930945653596738 "" 0.11750514685439158 "" 0.8
301.37241736175 35.80809846496 0.0095 0.0123 10.6365 "" "" 2059088518092703360 1800.28699 0.526 0.0136 -3.078 -6.515 0.013 0.015 0.992 "" "" 13.909194 0.639998 14.15318 13.513182 "" "" 1759.78577 1860.78809 51436.21777 13.403 29795.0 28.31 31181.0 17.905 "" "" 0.0027698069935489585 0.002974776 0.0038304608 0.006805237 301.37241736175 35.80809846496 1800.28699 -3.0779999999999994 -6.514999999999999 0.02408702087402359 -0.0563084030151364 0.1292807 0.1312807 "" "" 0.5226166526540665 "" 0.06844884715027884 "" 1.0
300.93740863157 35.92007174136 0.0109 0.0127 32.7971 "" "" 2059840893288567296 1965.5481 0.4825 0.0144 -3.207 -6.243 0.014 0.015 1.159 9900.5 4.2274 13.936736 0.562743 14.145911 13.583168 "" "" 1917.24951 2030.64026 50147.86638 11.572 29995.0 24.01 29234.0 15.313 "" "" 0.002766687661283176 0.002922392 0.0038219322 0.006744324 300.93740863157 35.92007174136 1965.5481 -3.2070000000000007 -6.243 -0.10491297912597641 0.21569159698486295 0.1302807 0.1312807 "" "" 2.2346406167604056 "" 0.29293897612475317 "" 0.8
301.47805709686 35.77899478893 0.0098 0.0117 5.2765 "" "" 2059076114227554688 1766.65076 0.5347 0.0135 -3.062 -6.805 0.014 0.014 1.003 "" "" 13.939546 0.681008 14.199182 13.518174 "" "" 1727.23901 1803.45435 50018.24309 10.675 28559.0 22.476 31038.0 25.577 "" "" 0.0027650467669250766 0.0029180779 0.0038838414 0.006801919 301.47805709686 35.77899478893 1766.65076 -3.062 -6.805 0.040087020874023604 -0.34630840301513643 0.1302807 0.1302807 "" "" 2.9193244987858495 "" 0.3803316488808348 "" 0.9
301.46164052933 35.76387668551 0.0098 0.0115 6.0617 "" "" 2059075736269872640 1826.55627 0.5218 0.0129 -3.138 -6.537 0.013 0.014 0.986 "" "" 13.963033 0.619528 14.195571 13.576043 "" "" 1778.80627 1865.54236 48947.84379 9.631 28654.0 24.339 29427.0 19.987 "" "" 0.002763589540636205 0.0029386336 0.003850655 0.0067892885 301.46164052933 35.76387668551 1826.55627 -3.138000000000001 -6.537000000000001 -0.03591297912597646 -0.07830840301513664 0.1292807 0.1302807 "" "" 0.7458823882519202 "" 0.09704487840108542 "" 1.0
301.906235696 35.82064282144 0.0101 0.012 15.8803 "" "" 2059055532742634624 1897.23328 0.499 0.0137 -2.911 -6.292 0.014 0.016 1.025 9716.6 3.9769 13.992133 0.609455 14.221116 13.611661 "" "" 1845.55249 1954.78601 47653.34792 12.401 27988.0 23.246 28477.0 15.797 "" "" 0.0027697691368267566 0.0029322782 0.0038270717 0.00675935 301.906235696 35.82064282144 1897.23328 -2.910999999999997 -6.291999999999998 0.1910870208740234 0.16669159698486347 0.1302807 0.1322807 "" "" 2.280372021650879 "" 0.2990678417312377 "" 0.9
301.75275267834 35.44112701633 0.0109 0.0123 21.3565 "" "" 2059018183704920320 1815.40906 0.5245 0.0146 -2.976 -6.501 0.014 0.016 1.193 "" "" 13.99442 0.59414 14.216816 13.622676 "" "" 1774.88367 1853.59082 47553.07157 13.532 28099.0 21.005 28190.0 19.764 "" "" 0.0027725886973782553 0.002905819 0.0038552778 0.006761097 301.75275267834 35.44112701633 1815.40906 -2.976000000000001 -6.501 0.12608702087402346 -0.04230840301513705 0.1302807 0.1322807 "" "" 1.144435817117134 "" 0.14933113058305864 "" 0.9
301.76928030968 35.98710665541 0.0103 0.0114 15.7746 "" "" 2059105384399456128 1841.99438 0.5113 0.0137 -3.079 -6.316 0.015 0.016 1.031 "" "" 14.005421 0.947181 14.391995 13.444815 "" "" 1797.05664 1886.75378 47073.73392 7.2649 23912.0 17.781 33207.0 16.873 "" "" 0.0027604105490633564 0.002904629 0.0038194342 0.0067240633 301.76928030968 35.98710665541 1841.99438 -3.0790000000000033 -6.316 0.023087020874023256 0.14269159698486344 0.1312807 0.1322807 "" "" 1.2620495989487075 "" 0.16691273690515662 "" 0.8
