Clusters/NGC_6871/NGC_6871_members.tsv
# %ECSV 1.0
# ---
# datatype:
# - name: RA_ICRS_1
#   unit: deg
#   datatype: float64
#   format: '{:15.11f}'
#   description: Right ascension (ICRS) at Ep=2016.0 (ra)
#   meta: !!omap
#   - {ucd: POS_EQ_RA_MAIN}
#   - {width: 15}
#   - {precision: '11'}
# - name: DE_ICRS_1
#   unit: deg
#   datatype: float64
#   format: '{:15.11f}'
#   description: Declination (ICRS) at Ep=2016.0 (dec)
#   meta: !!omap
#   - {ucd: POS_EQ_DEC_MAIN}
#   - {width: 15}
#   - {precision: '11'}
# - name: e_RA_ICRS
#   unit: mas
#   datatype: float64
#   format: '{:7.4f}'
#   description: Standard error of right ascension (ra_error)
#   meta: !!omap
#   - {ucd: ERROR}
#   - {width: 7}
#   - {precision: '4'}
# - name: e_DE_ICRS
#   unit: mas
#   datatype: float64
#   format: '{:7.4f}'
#   description: Standard error of declination (dec_error)
#   meta: !!omap
#   - {ucd: ERROR}
#   - {width: 7}
#   - {precision: '4'}
# - name: _r_1
#   unit: ''
#   datatype: float64
#   format: '{:7.4f}'
#   description: Distance from center (301.58590690000+35.77020603000)[ICRS], at Epoch=J2016.0
#   meta: !!omap
#   - {ucd: POS_ANG_DIST_GENERAL}
#   - {width: 7}
#   - {precision: '4'}
# - name: HIP
#   datatype: int32
#   description: '? HIP cross-id number, van Leeuwen, Cat. I/311 (hip_original_ext_source_id)'
#   meta: !!omap
#   - {ucd: ID_NUMBER}
#   - {width: 6}
#   - values: {'null': -2147483648}
# - name: TYC2
#   datatype: string
#   description: Tycho-2 cross-id name, Hog et al., Cat. I/259 (tyc2_original_ext_source_id)
#   meta: !!omap
#   - {ucd: ID_CROSSID}
#   - {_votable_string_dtype: char}
# - name: Source
#   datatype: int64
#   description: Source identifier, identical to the Gaia-EDR3 source_id (id)
#   meta: !!omap
#   - {ucd: ID_MAIN}
#   - {width: 19}
# - name: rgeo
#   unit: pc
#   datatype: float64
#   format: '{:15.8f}'
#   description: '? Median of the geometric distance posterior (r_med_geo)'
#   meta: !!omap
#   - {ucd: PHYS_DISTANCE_TRUE}
#   - {width: 15}
#   - {precision: '8'}
#   - values: {'null': .nan}
# - name: Plx
#   unit: mas
#   datatype: float64
#   format: '{:9.4f}'
#   description: '? Parallax (parallax)'
#   meta: !!omap
#   - {ucd: POS_PARLX_TRIG}
#   - {width: 9}
#   - {precision: '4'}
#   - values: {'null': .nan}
# - name: e_Plx
#   unit: mas
#   datatype: float32
#   format: '{:7.4f}'
#   description: '? Standard error of parallax (parallax_error)'
#   meta: !!omap
#   - {ucd: ERROR}
#   - {width: 7}
#   - {precision: '4'}
#   - values: {'null': .nan}
# - name: pmRA
#   unit: mas / yr
#   datatype: float64
#   format: '{:9.3f}'
#   description: '? Proper motion in right ascension direction, pmRA*cosDE (pmra)'
#   meta: !!omap
#   - {ucd: POS_EQ_PMRA}
#   - {width: 9}
#   - {precision: '3'}
#   - values: {'null': .nan}
# - name: pmDE
#   unit: mas / yr
#   datatype: float64
#   format: '{:9.3f}'
#   description: '? Proper motion in declination direction (pmdec)'
#   meta: !!omap
#   - {ucd: POS_EQ_PMDEC}
#   - {width: 9}
#   - {precision: '3'}
#   - values: {'null': .nan}
# - name: e_pmRA
#   unit: mas / yr
#   datatype: float32
#   format: '{:6.3f}'
#   description: '? Standard error of proper motion in right ascension direction (pmra_error)'
#   meta: !!omap
#   - {ucd: ERROR}
#   - {width: 6}
#   - {precision: '3'}
#   - values: {'null': .nan}
# - name: e_pmDE
[...]
#       distance: !astropy.table.SerializedColumn
#         __class__: astropy.coordinates.distances.Distance
#         unit: !astropy.units.Unit {unit: pc}
#         value: !astropy.table.SerializedColumn {name: SkyCoord.distance}
#       frame: icrs
#       obstime: !astropy.time.Time {format: jyear_str, in_subfmt: '*', jd1: 367701545.0, jd2: 0.0, out_subfmt: '*', precision: 3, scale: tt}
#       pm_dec: !astropy.table.SerializedColumn
#         __class__: astropy.units.quantity.Quantity
#         unit: !astropy.units.Unit {unit: mas / yr}
#         value: !astropy.table.SerializedColumn {name: SkyCoord.pm_dec}
#       pm_ra_cosdec: !astropy.table.SerializedColumn
#         __class__: astropy.units.quantity.Quantity
#         unit: !astropy.units.Unit {unit: mas / yr}
#         value: !astropy.table.SerializedColumn {name: SkyCoord.pm_ra_cosdec}
#       ra: !astropy.table.SerializedColumn
#         __class__: astropy.coordinates.angles.Longitude
#         unit: *id001
#         value: !astropy.table.SerializedColumn {name: SkyCoord.ra}
#         wrap_angle: !astropy.coordinates.Angle
#           unit: *id001
#           value: 360.0
#       representation_type: spherical
# schema: astropy-2.0
RA_ICRS_1 DE_ICRS_1 e_RA_ICRS e_DE_ICRS _r_1 HIP TYC2 Source rgeo Plx e_Plx pmRA pmDE e_pmRA e_pmDE RUWE Teff logg Gmag BP-RP BPmag RPmag RV e_RV b_rgeo B_rgeo FG e_FG FBP e_FBP FRP e_FRP RAVE5 RAVE6 e_Gmag e_BPmag e_RPmag e_BP-RP SkyCoord.ra SkyCoord.dec SkyCoord.distance SkyCoord.pm_ra_cosdec SkyCoord.pm_dec rmRA rmDE e_rmRA e_rmDE rRV e_rRV v_pec v_pec3d e_vpec e_vpec3d Pmemb
[from data line 216]
301.48676294409 35.78552500296 0.0203 0.0222 4.9128 "" "" 2059076148587575168 1702.37634 0.5597 0.0261 -3.194 -6.582 0.027 0.028 1.02 5802.8 3.7626 15.422347 1.300254 15.921048 14.620794 "" "" 1635.70471 1766.49866 12764.62268 22.662 5847.9 101.8 11242.0 81.887 "" "" 0.003362646431343319 0.01910529 0.00876519 0.02787048 301.48676294409 35.78552500296 1702.37634 -3.194 -6.581999999999995 -0.09191297912597651 -0.12330840301513657 0.1432807 0.1442807 "" "" 1.2410139021261628 "" 0.1786120997722477 "" 0.9
301.52007910638 35.72106216262 0.0175 0.0208 4.3555 "" "" 2059072811365429248 1815.5177 0.5284 0.0235 -3.092 -6.523 0.022 0.024 0.981 5658.9 4.1091 15.442958 1.405415 16.073206 14.66779 "" "" 1737.85352 1884.81335 12524.5932 19.414 5083.2 34.745 10766.0 49.801 "" "" 0.0032286481028375802 0.007928466 0.0062855263 0.014213992 301.52007910638 35.72106216262 1815.5177 -3.092 -6.523 0.010087020874023356 -0.0643084030151364 0.1382807 0.14028071 "" "" 0.560175864740925 "" 0.07855515218513416 "" 0.9
300.91113228855 35.41016307359 0.0178 0.0202 39.3779 "" "" 2058700493557507456 1778.80603 0.5352 0.0238 -3.249 -6.715 0.023 0.027 1.014 8064.1 3.6731 15.445 1.550979 16.155167 14.604188 "" "" 1684.94153 1855.45593 12501.06627 4.4456 4713.6 11.775 11415.0 10.822 "" "" 0.0027822415420991745 0.0038912005 0.0039170464 0.0078082466 300.91113228855 35.41016307359 1778.80603 -3.2489999999999997 -6.7149999999999945 -0.14691297912597667 -0.2563084030151366 0.1392807 0.1432807 "" "" 2.490909142793626 "" 0.3544613015358973 "" 0.9
301.39855258962 35.97872321993 0.0182 0.0202 15.4757 "" "" 2059114077412539776 1895.58057 0.5033 0.0236 -3.148 -6.492 0.024 0.026 0.989 5581.6 4.1329 15.452727 1.338914 16.024406 14.685493 "" "" 1827.24927 1960.48291 12412.40029 10.414 5316.9 18.028 10592.0 31.135 "" "" 0.0029019970764849246 0.004619283 0.004946657 0.00956594 301.39855258962 35.97872321993 1895.58057 -3.1480000000000024 -6.492000000000001 -0.045912979125976694 -0.03330840301513671 0.14028071 0.1422807 "" "" 0.5096553476218386 "" 0.07184792624330544 "" 0.8
301.44270628785 35.79106468133 0.0183 0.0243 7.0819 "" "" 2059076560903651840 1840.11438 0.513 0.0262 -3.02 -6.458 0.025 0.027 1.028 5789.2 4.1778 15.471921 1.418983 16.11244 14.693457 "" "" 1733.27051 1940.27576 12194.9061 16.582 4902.8 22.504 10514.0 39.619 "" "" 0.003125913115904865 0.005711474 0.005569771 0.011281244 301.44270628785 35.79106468133 1840.11438 -3.02 -6.458 0.08208702087402342 0.0006915969848630965 0.14128071 0.1432807 "" "" 0.7160000763829112 "" 0.10115710201054194 "" 0.9
301.59532089571 36.15232182291 0.0186 0.0204 22.9315 "" "" 2059122912193696256 1926.52734 0.4837 0.0243 -3.087 -6.274 0.026 0.027 0.962 5512.0 4.0868 15.478787 1.431434 16.120508 14.689075 "" "" 1829.15344 2025.2821 12118.02694 8.8171 4866.5 13.465 10557.0 17.628 "" "" 0.0028663327893321986 0.0040999567 0.004191722 0.0082916785 301.59532089571 36.15232182291 1926.52734 -3.086999999999999 -6.274000000000002 0.01508702087402325 0.18469159698486326 0.1422807 0.1432807 "" "" 1.6921732960263827 "" 0.24244459617788255 "" 0.9
301.73973020961 36.26347086625 0.0186 0.0213 30.5228 "" "" 2059125283015592192 1658.15991 0.5757 0.0251 -2.787 -6.227 0.025 0.028 0.97 5592.7 4.2445 15.489652 1.085999 15.950893 14.864895 "" "" 1590.74377 1724.00232 11997.3757 3.2101 5689.3 9.5838 8978.4 10.279 "" "" 0.002770592665243176 0.0033361847 0.003978544 0.0073147286 301.73973020961 36.26347086625 1658.15991 -2.787 -6.227 0.3150870208740235 0.23169159698486297 0.14128071 0.1442807 "" "" 3.0739363016022243 "" 0.4375463895448868 "" 0.8
301.77421656717 35.57868826385 0.0183 0.0209 14.7067 "" "" 2059043438113911936 1783.75757 0.5352 0.0247 -3.044 -6.321 0.024 0.027 1.049 5315.2 4.1522 15.52088 1.336951 16.094893 14.757941 "" "" 1713.50964 1852.66858 11657.21317 11.646 4982.6 25.851 9907.9 30.407 "" "" 0.0029611392589822217 0.0062862225 0.0050385045 0.011324727 301.77421656717 35.57868826385 1783.75757 -3.044 -6.321 0.0580870208740234 0.13769159698486355 0.14028071 0.1432807 "" "" 1.2635384465318886 "" 0.18047309064336553 "" 0.8
300.86661592168 35.45979437208 0.0195 0.0234 39.7216 "" "" 2058703792092475136 1891.78992 0.4967 0.0265 -3.258 -6.622 0.026 0.031 0.994 "" "" 15.627361 1.461583 16.276514 14.814931 "" "" 1815.65613 1972.36194 10568.22694 3.6211 4215.1 8.2599 9401.3 10.108 "" "" 0.0027803212013573944 0.0035088111 0.0039555575 0.007464369 300.86661592168 35.45979437208 1891.78992 -3.258000000000002 -6.622000000000003 -0.15591297912597657 -0.1633084030151366 0.1422807 0.14728071 "" "" 2.024625670748586 "" 0.2934046942330792 "" 0.8
301.64528512451 35.6282949202 0.0196 0.0229 8.9928 "" "" 2059024196659513600 1540.5741 0.6223 0.027 -3.191 -6.678 0.026 0.032 1.032 6315.2 3.6286 15.66273 1.599743 16.409832 14.810089 "" "" 1484.84021 1612.76514 10229.50517 18.031 3728.1 23.415 9443.3 40.496 "" "" 0.003354742989905526 0.0073679034 0.005996835 0.013364738 301.64528512451 35.6282949202 1540.5741 -3.191000000000002 -6.678000000000003 -0.0889129791259764 -0.21930840301513665 0.1422807 0.14828071 "" "" 1.7280707294965691 "" 0.2548014632529056 "" 0.9
302.09935312336 36.11596756724 0.027 0.0312 32.4413 "" "" 2059154076471363968 1884.71411 0.5017 0.0364 -3.042 -6.185 0.037 0.04 1.351 7397.5 3.8914 15.674235 1.781989 16.490507 14.708518 "" "" 1756.87598 2034.77905 10121.68188 18.069 3461.1 36.952 10369.0 107.38 "" "" 0.003368758231530662 0.011922799 0.011861931 0.02378473 302.09935312336 36.11596756724 1884.71411 -3.0420000000000025 -6.184999999999998 0.06008702087402362 0.27369159698486367 0.1532807 0.1562807 "" "" 2.5032669571612023 "" 0.39087014805130116 "" 0.8
301.54673892427 35.89015885402 0.0205 0.0237 7.4451 "" "" 2059101128118116480 1778.2605 0.5373 0.0277 -3.13 -6.435 0.028 0.03 1.017 5182.6 4.14 15.829617 1.530827 16.534199 15.003372 "" "" 1696.56616 1853.84253 8772.0284 10.433 3324.6 19.027 7903.3 32.128 "" "" 0.003042908742893507 0.0068114605 0.0058106957 0.012622156 301.54673892427 35.89015885402 1778.2605 -3.1300000000000003 -6.435000000000006 -0.027912979125976456 0.023691596984863672 0.1442807 0.1462807 "" "" 0.30859946780003356 "" 0.04478443018600374 "" 0.9
301.81453342628 35.836633443 0.0225 0.0265 11.8177 "" "" 2059050894178131712 1834.45984 0.5267 0.0318 -3.116 -6.554 0.031 0.036 0.92 5323.9 4.1733 15.938898 1.431881 16.57888 15.146999 "" "" 1726.25671 1947.00305 7932.08951 7.0206 3190.5 15.728 6924.0 20.246 "" "" 0.0029180913864014996 0.0060358914 0.004935851 0.010971742 301.81453342628 35.836633443 1834.45984 -3.115999999999998 -6.554 -0.013912979125976666 -0.09530840301513699 0.14728071 0.1522807 "" "" 0.837522487951854 "" 0.12745254400418612 "" 0.8
301.77385149304 35.76046097731 0.022 0.0262 9.1688 "" "" 2059050035184185856 2027.74609 0.4628 0.0309 -3.03 -6.287 0.03 0.036 0.964 5018.0 3.6745 15.957683 1.635851 16.72804 15.09219 "" "" 1922.14136 2150.40869 7796.0347 9.3469 2781.0 13.024 7282.5 28.006 "" "" 0.0030473379428781625 0.0057999576 0.0056318236 0.011431782 301.77385149304 35.76046097731 2027.74609 -3.030000000000002 -6.287000000000001 0.07208702087402363 0.17169159698486336 0.1462807 0.1522807 "" "" 1.7897702613589546 "" 0.2709652315831738 "" 0.9
301.48898215666 35.89870062624 0.0237 0.0288 9.037 "" "" 2059112741710487552 1694.52747 0.5696 0.0321 -3.157 -6.48 0.032 0.036 1.0 4966.8 4.1372 16.038052 1.676161 16.83533 15.159168 "" "" 1617.07056 1792.39526 7239.79752 8.8451 2519.3 16.161 6846.9 22.25 "" "" 0.003057995752585257 0.0075029577 0.005170332 0.0126732895 301.48898215666 35.89870062624 1694.52747 -3.157 -6.48 -0.05491297912597659 -0.021308403015137145 0.14828071 0.1522807 "" "" 0.47310698158475545 "" 0.07040319196404705 "" 0.9
301.53396982164 35.39209402613 0.0235 0.0302 22.8278 "" "" 2059014335414491136 1850.59058 0.5221 0.032 -2.98 -6.499 0.03 0.037 0.974 5336.5 4.1765 16.047525 1.524901 16.74259 15.217689 "" "" 1756.91931 1946.64038 7176.89328 5.4229 2744.0 15.499 6487.6 20.271 "" "" 0.002874861086635229 0.006737484 0.005078636 0.01181612 301.53396982164 35.39209402613 1850.59058 -2.9800000000000026 -6.499000000000002 0.12208702087402346 -0.040308403015136385 0.1462807 0.1532807 "" "" 1.1277821616101416 "" 0.1657653963617407 "" 0.8
301.65968488683 36.04624275152 0.0246 0.0285 16.9458 "" "" 2059109580614355840 1894.33887 0.5115 0.0333 -3.064 -6.217 0.036 0.04 1.035 5365.7 3.7732 16.065826 1.593479 16.804092 15.210613 "" "" 1783.30981 2081.41821 7056.93631 9.238 2592.9 13.166 6530.0 24.651 "" "" 0.0031003041435534564 0.0061789025 0.0055752154 0.011754118 301.65968488683 36.04624275152 1894.33887 -3.064000000000002 -6.216999999999993 0.03808702087402338 0.24169159698486364 0.1522807 0.1562807 "" "" 2.196970043350751 "" 0.343133727137602 "" 0.8
301.34539409345 35.37166720479 0.0245 0.0306 26.6379 "" "" 2059013442061552640 1674.11121 0.5796 0.0342 -3.113 -6.602 0.032 0.036 1.061 5513.8 3.793 16.128979 1.585386 16.832016 15.24663 "" "" 1587.26172 1782.92285 6658.18007 10.954 2527.0 24.995 6316.9 26.476 "" "" 0.003283666812085385 0.011095748 0.00591541 0.017011158 301.34539409345 35.37166720479 1674.11121 -3.1130000000000004 -6.6019999999999985 -0.010912979125976552 -0.14330840301513703 0.14828071 0.1522807 "" "" 1.140485778472208 "" 0.17364801826645185 "" 1.0
301.42277479211 35.74816969963 0.0252 0.0304 8.052 "" "" 2059076320385467904 1767.51685 0.5489 0.0347 -3.21 -6.455 0.033 0.035 0.967 5959.4 4.3603 16.173937 1.245569 16.702679 15.457109 "" "" 1662.82214 1871.31885 6388.10037 2.6401 2846.7 11.379 5203.7 12.587 "" "" 0.0027916190170299768 0.005159495 0.0046022665 0.009761762 301.42277479211 35.74816969963 1767.51685 -3.2100000000000004 -6.455 -0.10791297912597653 0.00369159698486321 0.1492807 0.1512807 "" "" 0.9046270212349851 "" 0.13504548132345015 "" 0.9
301.53168965398 35.79541019459 0.0251 0.0304 3.0416 "" "" 2059076011148316288 1917.28003 0.4961 0.0333 -3.365 -6.745 0.032 0.038 1.043 7154.1 4.3507 16.188889 1.240252 16.723032 15.48278 "" "" 1802.29688 2045.7981 6300.73168 2.4264 2793.9 11.102 5082.1 8.474 "" "" 0.0027868637433024683 0.0051379576 0.0041906084 0.0093285665 301.53168965398 35.79541019459 1917.28003 -3.365000000000002 -6.744999999999994 -0.2629129791259768 -0.2863084030151368 0.14828071 0.1542807 "" "" 3.532563644138163 "" 0.5354140984830057 "" 0.8
302.07835201732 36.33118521872 0.0264 0.0324 41.2741 "" "" 2059207883824408704 1818.16516 0.5336 0.0361 -2.913 -6.412 0.034 0.044 0.976 5740.5 4.464 16.244368 1.17085 16.744192 15.573342 "" "" 1696.70276 1936.19958 5986.87158 2.4347 2739.9 7.5538 4675.4 9.212 "" "" 0.0027904742921662953 0.004092077 0.0043428186 0.008434895 302.07835201732 36.33118521872 1818.16516 -2.913 -6.411999999999999 0.18908702087402363 0.04669159698486336 0.15028071 0.1602807 "" "" 1.6785181102375941 "" 0.2532436939807858 "" 0.8
301.15836723086 35.33119918696 0.0273 0.0316 33.6066 "" "" 2058685306552877824 1862.71558 0.5096 0.0373 -3.093 -6.57 0.038 0.044 0.975 9949.7 4.086 16.269135 1.651147 17.03919 15.388043 "" "" 1741.69287 2002.58984 5851.84719 4.0231 2088.0 10.794 5545.5 11.163 "" "" 0.0028546374441307328 0.0062680207 0.004365826 0.010633847 301.15836723086 35.33119918696 1862.71558 -3.0930000000000013 -6.570000000000004 0.009087020874023466 -0.111308403015137 0.1542807 0.1602807 "" "" 0.986041700749601 "" 0.15800501737684366 "" 0.8
302.27334020686 35.61183461763 0.0387 0.0473 34.8205 "" "" 2059035672813657856 1720.4845 0.5727 0.0529 -3.267 -6.726 0.054 0.067 1.418 4745.8 4.1937 16.31881 1.748402 17.143171 15.39477 "" "" 1589.36816 1879.51172 5590.14361 9.2686 1897.4 14.172 5511.3 24.872 "" "" 0.003291265829390474 0.008576117 0.0061880574 0.014764175 302.27334020686 35.61183461763 1720.4845 -3.266999999999999 -6.726000000000003 -0.16491297912597647 -0.2673084030151367 0.17028071 0.1832807 "" "" 2.561402396639049 "" 0.4605162863621579 "" 0.8
301.63358974232 35.44601807647 0.0276 0.0335 19.5899 "" "" 2059017599589538304 1999.29297 0.4818 0.0386 -3.047 -6.505 0.035 0.041 0.945 4964.1 4.2226 16.318874 1.523587 17.0195 15.495914 "" "" 1859.41724 2223.77637 5589.80723 6.8518 2126.3 13.138 5021.0 20.155 "" "" 0.003059898033161792 0.0072656567 0.005768751 0.013034407 301.63358974232 35.44601807647 1999.29297 -3.047 -6.505 0.055087020874023285 -0.04630840301513661 0.1512807 0.15728071 "" "" 0.6819927393767756 "" 0.10488605118163978 "" 0.9
302.34640159741 35.54824575933 0.0277 0.0321 39.3933 "" "" 2058846728603891712 1679.16089 0.5785 0.0385 -2.993 -6.198 0.035 0.042 0.995 5557.2 4.2858 16.323675 1.434345 16.878897 15.444551 "" "" 1565.50562 1799.94727 5565.15129 2.9935 2420.2 20.609 5264.3 36.837 "" "" 0.002816534569487667 0.009657336 0.008485576 0.018142913 302.34640159741 35.54824575933 1679.16089 -2.993 -6.198 0.10908702087402355 0.2606915969848629 0.1512807 0.1582807 "" "" 2.249238668207166 "" 0.3537093918966624 "" 0.8
301.18902791514 36.06249414439 0.0273 0.0328 26.0668 "" "" 2059846145998974592 1725.54089 0.5482 0.0372 -3.082 -6.285 0.036 0.041 1.038 4858.1 4.1713 16.327019 1.5644 17.033062 15.468662 "" "" 1624.26135 1842.64221 5548.03092 6.1983 2099.9 12.467 5148.6 23.146 "" "" 0.0030105048532977205 0.0070239203 0.006173179 0.0131971 301.18902791514 36.06249414439 1725.54089 -3.081999999999998 -6.284999999999998 0.020087020874023587 0.17369159698486314 0.1522807 0.15728071 "" "" 1.430103152052227 "" 0.2248347530501234 "" 0.8
300.8351955697 35.46590312477 0.0279 0.0323 40.9155 "" "" 2058703963891205120 1770.73315 0.5388 0.038 -3.445 -6.629 0.038 0.045 0.991 8187.3 4.274 16.359604 1.840517 17.26147 15.420954 "" "" 1648.36914 1878.71643 5383.999 2.5906 1701.5 5.9747 5379.9 8.8189 "" "" 0.0028044093747107263 0.0047244164 0.0041774777 0.008901894 300.8351955697 35.46590312477 1770.73315 -3.4449999999999994 -6.629000000000006 -0.3429129791259764 -0.17030840301513628 0.1542807 0.1612807 "" "" 3.213586152127824 "" 0.5003254624620881 "" 1.0
300.8668593208 35.4616935732 0.0297 0.0352 39.6575 "" "" 2058703826452214528 1944.05505 0.4916 0.0399 -3.104 -6.573 0.039 0.048 1.043 7467.8 3.8984 16.383892 2.058245 17.415195 15.356951 "" "" 1786.95166 2078.51636 5264.9009 2.6606 1476.9 5.4064 5706.6 9.4337 "" "" 0.00280941837130336 0.004856091 0.0041839248 0.009040016 300.8668593208 35.4616935732 1944.05505 -3.104000000000001 -6.573 -0.0019129791259766549 -0.11430840301513712 0.15528071 0.16428071 "" "" 1.0534789574944148 "" 0.17306369187577778 "" 0.8
301.57435696777 35.86524529814 0.0296 0.0345 5.73 "" "" 2059100234764889216 1617.26709 0.5968 0.0407 -3.089 -6.546 0.042 0.047 0.985 4776.3 4.1783 16.55254 1.717882 17.371216 15.653334 "" "" 1511.54346 1716.547 4507.44687 5.2363 1537.9 10.08 4343.3 13.896 "" "" 0.0030302913577857447 0.007643779 0.005133267 0.012777045 301.57435696777 35.86524529814 1617.26709 -3.0889999999999977 -6.545999999999999 0.01308702087402347 -0.08730840301513698 0.1582807 0.1632807 "" "" 0.6767699292785013 "" 0.11043022065049067 "" 0.8
302.30151409819 35.88667722225 0.0309 0.0382 35.5061 "" "" 2059135556571774080 1732.87463 0.5616 0.043 -3.058 -6.112 0.043 0.05 0.98 6863.3 4.2461 16.564661 1.752833 17.41107 15.658236 "" "" 1624.73999 1904.86841 4457.40588 5.9348 1482.5 7.7085 4323.8 17.63 "" "" 0.0031115188211827674 0.006297324 0.005820841 0.012118164 302.30151409819 35.88667722225 1732.87463 -3.0579999999999994 -6.112 0.04408702087402361 0.3466915969848632 0.1592807 0.1662807 "" "" 2.870596711860938 "" 0.47701169333584675 "" 0.8
