Clusters/NGC_6871/NGC_6871_members.tsv
# %ECSV 1.0
# ---
# datatype:
# - name: RA_ICRS_1
#   unit: deg
#   datatype: float64
#   format: '{:15.11f}'
#   description: Right ascension (ICRS) at Ep=2016.0 (ra)
#   meta: !!omap
#   - {ucd: POS_EQ_RA_MAIN}
#   - {width: 15}
#   - {precision: '11'}
# - name: DE_ICRS_1
#   unit: deg
#   datatype: float64
#   format: '{:15.11f}'
#   description: Declination (ICRS) at Ep=2016.0 (dec)
#   meta: !!omap
#   - {ucd: POS_EQ_DEC_MAIN}
#   - {width: 15}
#   - {precision: '11'}
# - name: e_RA_ICRS
#   unit: mas
#   datatype: float64
#   format: '{:7.4f}'
#   description: Standard error of right ascension (ra_error)
#   meta: !!omap
#   - {ucd: ERROR}
#   - {width: 7}
#   - {precision: '4'}
# - name: e_DE_ICRS
#   unit: mas
#   datatype: float64
#   format: '{:7.4f}'
#   description: Standard error of declination (dec_error)
#   meta: !!omap
#   - {ucd: ERROR}
#   - {width: 7}
#   - {precision: '4'}
# - name: _r_1
#   unit: ''
#   datatype: float64
#   format: '{:7.4f}'
#   description: Distance from center (301.58590690000+35.77020603000)[ICRS], at Epoch=J2016.0
#   meta: !!omap
#   - {ucd: POS_ANG_DIST_GENERAL}
#   - {width: 7}
#   - {precision: '4'}
# - name: HIP
#   datatype: int32
#   description: '? HIP cross-id number, van Leeuwen, Cat. I/311 (hip_original_ext_source_id)'
#   meta: !!omap
#   - {ucd: ID_NUMBER}
#   - {width: 6}
#   - values: {'null': -2147483648}
# - name: TYC2
#   datatype: string
#   description: Tycho-2 cross-id name, Hog et al., Cat. I/259 (tyc2_original_ext_source_id)
#   meta: !!omap
#   - {ucd: ID_CROSSID}
#   - {_votable_string_dtype: char}
# - name: Source
#   datatype: int64
#   description: Source identifier, identical to the Gaia-EDR3 source_id (id)
#   meta: !!omap
#   - {ucd: ID_MAIN}
#   - {width: 19}
# - name: rgeo
#   unit: pc
#   datatype: float64
#   format: '{:15.8f}'
#   description: '? Median of the geometric distance posterior (r_med_geo)'
#   meta: !!omap
#   - {ucd: PHYS_DISTANCE_TRUE}
#   - {width: 15}
#   - {precision: '8'}
#   - values: {'null': .nan}
# - name: Plx
#   unit: mas
#   datatype: float64
#   format: '{:9.4f}'
#   description: '? Parallax (parallax)'
#   meta: !!omap
#   - {ucd: POS_PARLX_TRIG}
#   - {width: 9}
#   - {precision: '4'}
#   - values: {'null': .nan}
# - name: e_Plx
#   unit: mas
#   datatype: float32
#   format: '{:7.4f}'
#   description: '? Standard error of parallax (parallax_error)'
#   meta: !!omap
#   - {ucd: ERROR}
#   - {width: 7}
#   - {precision: '4'}
#   - values: {'null': .nan}
# - name: pmRA
#   unit: mas / yr
#   datatype: float64
#   format: '{:9.3f}'
#   description: '? Proper motion in right ascension direction, pmRA*cosDE (pmra)'
#   meta: !!omap
#   - {ucd: POS_EQ_PMRA}
#   - {width: 9}
#   - {precision: '3'}
#   - values: {'null': .nan}
# - name: pmDE
#   unit: mas / yr
#   datatype: float64
#   format: '{:9.3f}'
#   description: '? Proper motion in declination direction (pmdec)'
#   meta: !!omap
#   - {ucd: POS_EQ_PMDEC}
#   - {width: 9}
#   - {precision: '3'}
#   - values: {'null': .nan}
# - name: e_pmRA
#   unit: mas / yr
#   datatype: float32
#   format: '{:6.3f}'
#   description: '? Standard error of proper motion in right ascension direction (pmra_error)'
#   meta: !!omap
#   - {ucd: ERROR}
#   - {width: 6}
#   - {precision: '3'}
#   - values: {'null': .nan}
# - name: e_pmDE
[...]
#       distance: !astropy.table.SerializedColumn
#         __class__: astropy.coordinates.distances.Distance
#         unit: !astropy.units.Unit {unit: pc}
#         value: !astropy.table.SerializedColumn {name: SkyCoord.distance}
#       frame: icrs
#       obstime: !astropy.time.Time {format: jyear_str, in_subfmt: '*', jd1: 367701545.0, jd2: 0.0, out_subfmt: '*', precision: 3, scale: tt}
#       pm_dec: !astropy.table.SerializedColumn
#         __class__: astropy.units.quantity.Quantity
#         unit: !astropy.units.Unit {unit: mas / yr}
#         value: !astropy.table.SerializedColumn {name: SkyCoord.pm_dec}
#       pm_ra_cosdec: !astropy.table.SerializedColumn
#         __class__: astropy.units.quantity.Quantity
#         unit: !astropy.units.Unit {unit: mas / yr}
#         value: !astropy.table.SerializedColumn {name: SkyCoord.pm_ra_cosdec}
#       ra: !astropy.table.SerializedColumn
#         __class__: astropy.coordinates.angles.Longitude
#         unit: *id001
#         value: !astropy.table.SerializedColumn {name: SkyCoord.ra}
#         wrap_angle: !astropy.coordinates.Angle
#           unit: *id001
#           value: 360.0
#       representation_type: spherical
# schema: astropy-2.0
RA_ICRS_1 DE_ICRS_1 e_RA_ICRS e_DE_ICRS _r_1 HIP TYC2 Source rgeo Plx e_Plx pmRA pmDE e_pmRA e_pmDE RUWE Teff logg Gmag BP-RP BPmag RPmag RV e_RV b_rgeo B_rgeo FG e_FG FBP e_FBP FRP e_FRP RAVE5 RAVE6 e_Gmag e_BPmag e_RPmag e_BP-RP SkyCoord.ra SkyCoord.dec SkyCoord.distance SkyCoord.pm_ra_cosdec SkyCoord.pm_dec rmRA rmDE e_rmRA e_rmDE rRV e_rRV v_pec v_pec3d e_vpec e_vpec3d Pmemb
[from data line 31]
301.71931372499 35.76634891184 0.0088 0.0103 6.4988 "" "" 2059048793913258240 2027.13196 0.4721 0.0121 -3.05 -6.247 0.012 0.014 1.022 13259.3 3.9052 12.27657 0.464582 12.427323 11.962741 "" "" 1975.3999 2081.90771 231376.16696 55.007 146050.0 132.69 130040.0 139.75 "" "" 0.0027673843144364906 0.0029594034 0.0039553973 0.006914801 301.71931372499 35.76634891184 2027.13196 -3.050000000000001 -6.247000000000002 0.052087020874023615 0.2116915969848634 0.1282807 0.1302807 "" "" 2.0947286667753926 "" 0.27266529950159935 "" 0.8
301.47799836488 35.86652416625 0.0106 0.0131 7.8077 "" "" 2059100853240237824 1750.08594 0.5494 0.0148 -3.151 -6.643 0.014 0.016 1.279 "" "" 12.324971 0.512917 12.5107 11.997784 -67.37 33.77 1709.71179 1788.35059 221288.12209 34.903 135250.0 66.902 125910.0 45.359 "" "" 0.0027606368377339533 0.002841388 0.0037995677 0.006640956 301.47799836488 35.86652416625 1750.08594 -3.151 -6.642999999999997 -0.048912979125976364 -0.1843084030151365 0.1302807 0.1322807 -60.70583333333334 35.256775 1.5818379789222499 60.72643915203662 0.2090399605808624 35.24481192248868 0.9
301.53347319198 35.8548734869 0.0079 0.0097 5.6847 "" "" 2059100642753809920 1945.42468 0.491 0.0108 -3.027 -6.39 0.011 0.012 0.951 15139.0 4.1306 12.327782 0.442486 12.481986 12.0395 "" "" 1898.09753 1997.08606 220716.19591 74.417 138870.0 142.4 121160.0 114.56 "" "" 0.0027795315220717344 0.003004091 0.0039163274 0.0069204187 301.53347319198 35.8548734869 1945.42468 -3.027 -6.39 0.0750870208740233 0.0686915969848636 0.12728071 0.1282807 "" "" 0.938428706970712 "" 0.1198723341456329 "" 0.9
301.50142847535 35.60106950521 0.0087 0.0107 10.9515 "" "" 2059069581550803584 1986.34424 0.4788 0.0119 -3.157 -6.379 0.011 0.013 1.003 14104.4 3.9422 12.372037 0.376936 12.503331 12.126395 "" "" 1940.74854 2036.44238 211900.47935 176.63 136170.0 352.68 111840.0 259.22 "" "" 0.002900145773140972 0.003961401 0.0045405356 0.008501937 301.50142847535 35.60106950521 1986.34424 -3.157 -6.379 -0.05491297912597659 0.07969159698486372 0.12728071 0.1292807 "" "" 0.911201117882108 "" 0.11721709447903833 "" 0.9
302.19452548104 35.59776046821 0.0077 0.0094 31.4137 "" "" 2059034298423580160 1803.0835 0.5359 0.0106 -2.926 -6.46 0.01 0.012 0.966 "" "" 12.393752 0.582091 12.604548 12.022457 "" "" 1768.99548 1840.08533 207704.41484 83.945 124050.0 195.31 123080.0 131.88 "" "" 0.0027900431641162764 0.003272187 0.003954383 0.00722657 302.19452548104 35.59776046821 1803.0835 -2.9260000000000037 -6.460000000000001 0.17608702087402328 -0.0013084030151366832 0.12628071 0.1282807 "" "" 1.5049896575524278 "" 0.19005133014136044 "" 0.8
302.21157460757 35.76958516123 0.0076 0.0091 30.4589 "" "" 2059040689335617920 1865.26929 0.5113 0.0104 -2.753 -6.403 0.011 0.012 0.93 "" "" 12.454553 0.539438 12.648921 12.109483 "" "" 1824.96411 1905.68762 196392.85011 52.364 119080.0 118.14 113600.0 79.965 "" "" 0.0027704860649375497 0.0029908752 0.003855883 0.006846758 302.21157460757 35.76958516123 1865.26929 -2.7530000000000046 -6.403000000000004 0.3490870208740233 0.0556915969848637 0.12728071 0.1282807 "" "" 3.125439726839913 "" 0.39788606278078 "" 0.8
301.18742412651 35.74520760311 0.007 0.0092 19.4599 "" "" 2059081646145176320 1810.48315 0.5314 0.0099 -3.1 -6.557 0.009 0.011 0.864 "" "" 12.522064 0.626497 12.753567 12.127069 "" "" 1780.03174 1846.87964 184552.99414 31.575 108140.0 65.663 111770.0 43.182 "" "" 0.002761574783966474 0.0028669976 0.003802589 0.0066695865 301.18742412651 35.74520760311 1810.48315 -3.1 -6.557 0.0020870208740233487 -0.0983084030151371 0.12528071 0.12728071 "" "" 0.8438423408914 "" 0.10740409977103461 "" 1.0
302.1701131933 35.45317151052 0.0094 0.0117 34.2623 "" 2679-1653-1 2058839478699167488 1743.87744 0.5463 0.0132 -3.018 -6.826 0.011 0.016 1.019 "" "" 12.540718 0.392657 12.678053 12.285396 "" "" 1709.70093 1786.78577 181409.34252 35.595 115930.0 63.4 96605.0 28.705 "" "" 0.0027635437171628302 0.0028526497 0.0037931262 0.006645776 302.1701131933 35.45317151052 1743.87744 -3.018 -6.82600000000001 0.08408702087402364 -0.36730840301513634 0.12728071 0.1322807 "" "" 3.1147070147313607 "" 0.411254069591175 "" 1.0
301.28086635694 36.06291518532 0.0094 0.0107 22.9816 "" "" 2059869063943428480 1934.33606 0.4944 0.0126 -2.948 -6.122 0.013 0.013 1.001 7103.0 3.5018 12.556446 0.405213 12.699164 12.293951 "" "" 1892.54749 1977.83398 178800.25532 34.896 113700.0 59.055 95847.0 28.225 "" "" 0.0027634563845748638 0.0028465872 0.0037928817 0.006639469 301.28086635694 36.06291518532 1934.33606 -2.9479999999999995 -6.122 0.15408702087402348 0.3366915969848634 0.1292807 0.1292807 "" "" 3.3949657568555627 "" 0.43890355386665164 "" 0.8
300.87402915548 36.01716074913 0.0078 0.009 37.6408 "" "" 2059853915630128896 1989.84985 0.4849 0.0104 -3.188 -6.294 0.01 0.011 0.898 13737.1 3.9965 12.634779 0.536097 12.829457 12.293361 "" "" 1945.45447 2025.50916 166354.68666 81.035 100840.0 181.34 95899.0 119.47 "" "" 0.0028056210754751347 0.0034054662 0.0040141316 0.007419598 300.87402915548 36.01716074913 1989.84985 -3.1879999999999997 -6.293999999999999 -0.08591297912597673 0.1646915969848637 0.12628071 0.12728071 "" "" 1.7520062444704612 "" 0.22262297854975274 "" 0.8
301.82763359254 35.97822967331 0.0094 0.0111 17.1436 "" "" 2059105491805427200 1917.47302 0.5014 0.013 -3.116 -6.544 0.014 0.015 1.012 "" "" 12.660061 0.416028 12.806894 12.390866 "" "" 1872.95215 1965.25708 162525.77113 25.965 102960.0 58.251 87662.0 30.25 "" "" 0.0027607746260572925 0.002856987 0.003797907 0.006654894 301.82763359254 35.97822967331 1917.47302 -3.1159999999999988 -6.544000000000004 -0.013912979125976666 -0.08530840301513631 0.1302807 0.1312807 "" "" 0.785596828851874 "" 0.10311342700584998 "" 1.0
300.90530142238 36.06392633056 0.0083 0.0099 37.4743 "" "" 2059854431026446464 1962.89124 0.4874 0.0113 -3.165 -6.268 0.011 0.012 0.951 14168.8 4.2255 12.660617 0.528109 12.851455 12.323346 "" "" 1918.57361 2007.19238 162442.56713 310.3 98818.0 586.95 93287.0 558.28 "" "" 0.003448654160694848 0.007026668 0.0075168465 0.014543515 300.90530142238 36.06392633056 1962.89124 -3.165 -6.268 -0.0629129791259766 0.1906915969848635 0.12728071 0.1282807 "" "" 1.8682801207261364 "" 0.23948153270178948 "" 0.9
301.77601781439 36.14410027414 0.0091 0.0099 24.2594 "" "" 2059111706587571200 1858.36719 0.5131 0.012 -2.799 -6.603 0.013 0.013 0.964 "" "" 12.722212 0.447199 12.87977 12.432571 "" "" 1815.92737 1899.59082 153483.55878 23.238 96274.0 50.637 84359.0 30.722 "" "" 0.0027602195038125416 0.0028480098 0.0038000094 0.006648019 301.77601781439 36.14410027414 1858.36719 -2.799 -6.602999999999999 0.3030870208740235 -0.14430840301513648 0.1292807 0.1292807 "" "" 2.95696455913439 "" 0.3822784518639361 "" 0.9
301.39492060853 35.7851625057 0.0075 0.01 9.3399 "" "" 2059076698342659712 1911.51697 0.4994 0.0111 -3.14 -6.584 0.01 0.012 0.941 "" "" 12.724839 0.551188 12.926107 12.374919 "" "" 1874.98108 1947.94141 153112.67657 24.873 92252.0 55.157 88959.0 39.685 "" "" 0.002760959644318618 0.0028646905 0.0038102919 0.0066749826 301.39492060853 35.7851625057 1911.51697 -3.139999999999996 -6.584 -0.03791297912597669 -0.12530840301513635 0.12628071 0.1282807 "" "" 1.1861967018496304 "" 0.1519686078527265 "" 1.0
301.68280293622 36.11374065236 0.0085 0.0098 21.1427 "" "" 2059121950120934528 2040.15454 0.4692 0.0115 -2.794 -6.234 0.012 0.013 0.929 11082.1 3.927 12.739159 0.462417 12.905594 12.443177 "" "" 1987.82092 2094.01562 151106.52194 31.561 94011.0 79.418 83539.0 39.8 "" "" 0.002764636597233494 0.0029370575 0.0038146162 0.0067516738 301.68280293622 36.11374065236 2040.15454 -2.794000000000002 -6.234 0.3080870208740234 0.2246915969848633 0.1282807 0.1292807 "" "" 3.6874783106895648 "" 0.47431589262341656 "" 0.9
301.75826477368 36.04055713198 0.0083 0.0096 18.2562 "" "" 2059109030858584832 2011.65332 0.4777 0.0112 -3.092 -6.419 0.012 0.013 0.926 "" "" 12.746861 0.477198 12.918327 12.44113 "" "" 1974.07593 2054.95459 150038.2785 26.329 92915.0 47.151 83696.0 26.563 "" "" 0.0027618997001458796 0.0028440496 0.0037950582 0.006639108 301.75826477368 36.04055713198 2011.65332 -3.0920000000000005 -6.418999999999999 0.010087020874023356 0.039691596984863686 0.1282807 0.1292807 "" "" 0.39049918718472565 "" 0.0504604046290926 "" 0.8
301.92115013946 35.77263075722 0.0099 0.012 16.3207 "" "" 2059052470406581248 1943.52429 0.4891 0.0135 -3.107 -6.27 0.013 0.016 1.071 "" "" 12.753535 0.447575 12.912534 12.464959 "" "" 1904.48206 2000.97205 149118.84766 23.894 93412.0 45.042 81879.0 26.527 "" "" 0.002760807098758564 0.0028388605 0.0037957157 0.0066345762 301.92115013946 35.77263075722 1943.52429 -3.107000000000001 -6.270000000000001 -0.0049129791259767686 0.1886915969848637 0.1292807 0.1322807 "" "" 1.738873685376312 "" 0.23001594704468717 "" 0.8
301.19951850393 35.93286320011 0.009 0.0117 21.1741 "" "" 2059092675621689344 1965.4928 0.488 0.0129 -3.119 -6.416 0.012 0.014 0.983 "" "" 12.760121 0.476759 12.930698 12.453939 "" "" 1915.80823 2021.63342 148217.08057 60.028 91862.0 118.16 82715.0 71.798 "" "" 0.002790187514694898 0.003120164 0.0038951142 0.007015278 301.19951850393 35.93286320011 1965.4928 -3.118999999999999 -6.416 -0.01691297912597678 0.04269159698486291 0.1282807 0.1302807 "" "" 0.4278081906662534 "" 0.05561985319609363 "" 1.0
301.50121140127 35.72232177348 0.0093 0.0104 5.0264 "" "" 2059072437734871296 1893.49146 0.5044 0.0122 -3.101 -6.505 0.012 0.013 0.977 "" "" 12.814622 0.40761 12.958757 12.551147 "" "" 1853.82251 1937.59082 140960.65197 24.23 89519.0 48.452 75631.0 23.307 "" "" 0.002761633555782241 0.0028513828 0.0037941635 0.0066455463 301.50121140127 35.72232177348 1893.49146 -3.101 -6.505000000000001 0.0010870208740234588 -0.04630840301513661 0.1282807 0.1292807 "" "" 0.4157393311889285 "" 0.053746844221535056 "" 1.0
301.45689027468 35.83826654856 0.0087 0.0104 7.4894 "" "" 2059077351178173952 1835.23901 0.5224 0.012 -3.054 -6.515 0.011 0.013 0.953 "" "" 12.863815 0.49734 13.043257 12.545917 "" "" 1797.58655 1866.58276 134716.45836 24.005 82816.0 49.856 75996.0 27.975 "" "" 0.0027621040195390813 0.002865706 0.0038004557 0.006666162 301.45689027468 35.83826654856 1835.23901 -3.0539999999999994 -6.515 0.04808702087402361 -0.0563084030151364 0.12728071 0.1292807 "" "" 0.6441396168287138 "" 0.08273396045822475 "" 1.0
301.77511105201 35.80542239633 0.0094 0.0115 9.4481 "" "" 2059050447501071488 1866.53979 0.5121 0.0132 -3.039 -6.53 0.013 0.016 0.958 11577.0 3.8496 12.864662 0.474169 13.036605 12.562436 "" "" 1823.28186 1906.16052 134611.3889 24.702 83325.0 45.802 74849.0 22.305 "" "" 0.0027625143676863247 0.0028532834 0.0037932058 0.0066464893 301.77511105201 35.80542239633 1866.53979 -3.0389999999999997 -6.530000000000001 0.06308702087402329 -0.07130840301513697 0.1292807 0.1322807 "" "" 0.8423569388790721 "" 0.11032517472532548 "" 0.9
300.9978713605 35.88877262245 0.0101 0.012 29.4767 "" "" 2059837629113164416 1864.69373 0.5145 0.0133 -3.148 -6.244 0.013 0.015 1.012 7158.8 3.5687 12.881273 0.473173 13.051788 12.578615 "" "" 1822.11206 1915.15808 132567.57709 24.171 82168.0 44.713 73742.0 21.654 "" "" 0.0027624225445003416 0.0028520373 0.0037928056 0.006644843 300.9978713605 35.88877262245 1864.69373 -3.1480000000000015 -6.244 -0.045912979125976694 0.2146915969848635 0.1292807 0.1312807 "" "" 1.9404906271998084 "" 0.2545804840837694 "" 0.9
301.68690622031 35.52132890028 0.0105 0.0124 15.7237 "" "" 2059019558094627840 1791.80078 0.5387 0.0144 -2.966 -6.547 0.013 0.016 1.128 "" "" 12.899755 0.644109 13.141286 12.497177 "" "" 1747.02771 1828.73645 130330.14707 36.921 75666.0 74.435 79485.0 54.938 "" "" 0.0027724344177204488 0.0029876123 0.0038531646 0.0068407767 301.68690622031 35.52132890028 1791.80078 -2.966 -6.546999999999999 0.13608702087402325 -0.08830840301513643 0.1292807 0.1322807 "" "" 1.37782775040235 "" 0.17936127562898527 "" 0.8
301.78466455075 35.29868492473 0.0094 0.0109 29.9094 "" "" 2059003237218538624 1843.88391 0.5248 0.0126 -2.988 -6.504 0.012 0.014 1.056 "" "" 12.949371 1.300133 13.509174 12.209042 "" "" 1802.17468 1884.7323 124508.23071 29.693 53920.0 46.263 103640.0 48.389 "" "" 0.0027674597600732776 0.0029415712 0.003813227 0.006754798 301.78466455075 35.29868492473 1843.88391 -2.9880000000000004 -6.504 0.11408702087402345 -0.04530840301513628 0.1282807 0.1302807 "" "" 1.072876679861134 "" 0.13792365746587948 "" 0.9
301.35665954526 35.64963070974 0.0092 0.0122 13.3071 "" "" 2059073395480725888 1742.6311 0.5529 0.0132 -3.124 -6.545 0.012 0.015 0.978 11434.3 4.0192 12.950536 0.572683 13.162354 12.58967 "" "" 1703.86646 1778.20276 124374.77335 43.997 74212.0 98.351 72994.0 54.04 "" "" 0.002781960163638795 0.0031393415 0.0038639144 0.007003256 301.35665954526 35.64963070974 1742.6311 -3.124000000000002 -6.545 -0.021912979125976673 -0.08630840301513665 0.1282807 0.1312807 "" "" 0.7355323008172514 "" 0.09642900960363612 "" 1.0
301.82350655086 35.51511690517 0.0107 0.0116 19.1957 "" "" 2059042235523023488 1748.15369 0.5476 0.0141 -3.069 -6.728 0.014 0.016 1.028 11184.3 3.9576 12.961923 0.393712 13.10221 12.708498 "" "" 1697.36438 1799.83826 123077.23237 30.415 78439.0 42.367 65427.0 30.846 "" "" 0.0027683530939492246 0.002851132 0.0038138886 0.0066650207 301.82350655086 35.51511690517 1748.15369 -3.068999999999998 -6.728000000000003 0.03308702087402349 -0.2693084030151365 0.1302807 0.1322807 "" "" 2.248335257453714 "" 0.29734501097604127 "" 0.8
301.41899175555 35.85937382646 0.0098 0.0118 9.7251 "" "" 2059089067848981504 1792.97424 0.5306 0.014 -3.093 -6.461 0.013 0.014 0.995 11051.0 3.9685 12.991829 0.511305 13.176602 12.665297 "" "" 1755.42737 1831.51636 119733.41205 31.362 73245.0 50.445 68083.0 33.181 "" "" 0.0027699578464143353 0.0028886327 0.0038162444 0.006704877 301.41899175555 35.85937382646 1792.97424 -3.093 -6.4609999999999985 0.009087020874023466 -0.002308403015137017 0.1292807 0.1302807 "" "" 0.07968075345604282 "" 0.010306031541586335 "" 0.9
301.40727104079 35.62362287322 0.0086 0.01 12.3741 "" "" 2059070204351917184 1890.73303 0.5044 0.0114 -3.18 -6.233 0.011 0.012 0.902 "" "" 12.994467 0.474126 13.162022 12.687896 "" "" 1841.0929 1934.25562 119442.81323 62.854 74235.0 153.12 66681.0 149.04 "" "" 0.0028139336605086814 0.0035777544 0.004491419 0.008069173 301.40727104079 35.62362287322 1890.73303 -3.18 -6.2330000000000005 -0.07791297912597672 0.22569159698486363 0.12728071 0.1282807 "" "" 2.139799780369725 "" 0.2742679515714199 "" 0.9
302.13529329271 35.6869693425 0.0077 0.0096 27.2213 "" "" 2059038593391456256 1704.58972 0.5591 0.0104 -3.089 -6.832 0.011 0.013 0.897 10914.4 4.2579 13.028628 0.496881 13.211129 12.714249 "" "" 1681.22876 1733.98169 115743.19902 27.982 70952.0 39.21 65082.0 26.692 "" "" 0.0027677949269390755 0.0028539547 0.0038055237 0.0066594784 302.13529329271 35.6869693425 1704.58972 -3.0889999999999977 -6.831999999999999 0.01308702087402347 -0.37330840301513657 0.12728071 0.1292807 "" "" 3.018093423479033 "" 0.3901738823283422 "" 0.8
