Clusters/UBC_322/UBC_322_stars_in_region.tsv
# %ECSV 1.0
# ---
# datatype:
# - name: RA_ICRS_1
#   unit: deg
#   datatype: float64
#   format: '{:15.11f}'
#   description: Right ascension (ICRS) at Ep=2016.0 (ra)
#   meta: !!omap
#   - {ucd: POS_EQ_RA_MAIN}
#   - {width: 15}
#   - {precision: '11'}
# - name: DE_ICRS_1
#   unit: deg
#   datatype: float64
#   format: '{:15.11f}'
#   description: Declination (ICRS) at Ep=2016.0 (dec)
#   meta: !!omap
#   - {ucd: POS_EQ_DEC_MAIN}
#   - {width: 15}
#   - {precision: '11'}
# - name: e_RA_ICRS
#   unit: mas
#   datatype: float64
#   format: '{:7.4f}'
#   description: Standard error of right ascension (ra_error)
#   meta: !!omap
#   - {ucd: ERROR}
#   - {width: 7}
#   - {precision: '4'}
# - name: e_DE_ICRS
#   unit: mas
#   datatype: float64
#   format: '{:7.4f}'
#   description: Standard error of declination (dec_error)
#   meta: !!omap
#   - {ucd: ERROR}
#   - {width: 7}
#   - {precision: '4'}
# - name: _r_1
#   unit: ''
#   datatype: float64
#   format: '{:7.4f}'
#   description: Distance from center (255.20001011000-44.19929530000)[ICRS], at Epoch=J2016.0
#   meta: !!omap
#   - {ucd: POS_ANG_DIST_GENERAL}
#   - {width: 7}
#   - {precision: '4'}
# - name: HIP
#   datatype: int32
#   description: '? HIP cross-id number, van Leeuwen, Cat. I/311 (hip_original_ext_source_id)'
#   meta: !!omap
#   - {ucd: ID_NUMBER}
#   - {width: 6}
#   - values: {'null': -2147483648}
# - name: TYC2
#   datatype: string
#   description: Tycho-2 cross-id name, Hog et al., Cat. I/259 (tyc2_original_ext_source_id)
#   meta: !!omap
#   - {ucd: ID_CROSSID}
#   - {_votable_string_dtype: char}
# - name: Source
#   datatype: int64
#   description: Source identifier, identical to the Gaia-EDR3 source_id (id)
#   meta: !!omap
#   - {ucd: ID_MAIN}
#   - {width: 19}
# - name: rgeo
#   unit: pc
#   datatype: float64
#   format: '{:15.8f}'
#   description: '? Median of the geometric distance posterior (r_med_geo)'
#   meta: !!omap
#   - {ucd: PHYS_DISTANCE_TRUE}
#   - {width: 15}
#   - {precision: '8'}
#   - values: {'null': .nan}
# - name: Plx
#   unit: mas
#   datatype: float64
#   format: '{:9.4f}'
#   description: '? Parallax (parallax)'
#   meta: !!omap
#   - {ucd: POS_PARLX_TRIG}
#   - {width: 9}
#   - {precision: '4'}
#   - values: {'null': .nan}
# - name: e_Plx
#   unit: mas
#   datatype: float32
#   format: '{:7.4f}'
#   description: '? Standard error of parallax (parallax_error)'
#   meta: !!omap
#   - {ucd: ERROR}
#   - {width: 7}
#   - {precision: '4'}
#   - values: {'null': .nan}
# - name: pmRA
#   unit: mas / yr
#   datatype: float64
#   format: '{:9.3f}'
#   description: '? Proper motion in right ascension direction, pmRA*cosDE (pmra)'
#   meta: !!omap
#   - {ucd: POS_EQ_PMRA}
#   - {width: 9}
#   - {precision: '3'}
#   - values: {'null': .nan}
# - name: pmDE
#   unit: mas / yr
#   datatype: float64
#   format: '{:9.3f}'
#   description: '? Proper motion in declination direction (pmdec)'
#   meta: !!omap
#   - {ucd: POS_EQ_PMDEC}
#   - {width: 9}
#   - {precision: '3'}
#   - values: {'null': .nan}
# - name: e_pmRA
#   unit: mas / yr
#   datatype: float32
#   format: '{:6.3f}'
#   description: '? Standard error of proper motion in right ascension direction (pmra_error)'
#   meta: !!omap
#   - {ucd: ERROR}
#   - {width: 6}
#   - {precision: '3'}
#   - values: {'null': .nan}
# - name: e_pmDE
[...]
#         unit: &id001 !astropy.units.Unit {unit: deg}
#         value: !astropy.table.SerializedColumn {name: SkyCoord.dec}
#       distance: !astropy.table.SerializedColumn
#         __class__: astropy.coordinates.distances.Distance
#         unit: !astropy.units.Unit {unit: pc}
#         value: !astropy.table.SerializedColumn {name: SkyCoord.distance}
#       frame: icrs
#       obstime: !astropy.time.Time {format: jyear_str, in_subfmt: '*', jd1: 367701545.0, jd2: 0.0, out_subfmt: '*', precision: 3, scale: tt}
#       pm_dec: !astropy.table.SerializedColumn
#         __class__: astropy.units.quantity.Quantity
#         unit: !astropy.units.Unit {unit: mas / yr}
#         value: !astropy.table.SerializedColumn {name: SkyCoord.pm_dec}
#       pm_ra_cosdec: !astropy.table.SerializedColumn
#         __class__: astropy.units.quantity.Quantity
#         unit: !astropy.units.Unit {unit: mas / yr}
#         value: !astropy.table.SerializedColumn {name: SkyCoord.pm_ra_cosdec}
#       ra: !astropy.table.SerializedColumn
#         __class__: astropy.coordinates.angles.Longitude
#         unit: *id001
#         value: !astropy.table.SerializedColumn {name: SkyCoord.ra}
#         wrap_angle: !astropy.coordinates.Angle
#           unit: *id001
#           value: 360.0
#       representation_type: spherical
# schema: astropy-2.0
RA_ICRS_1 DE_ICRS_1 e_RA_ICRS e_DE_ICRS _r_1 HIP TYC2 Source rgeo Plx e_Plx pmRA pmDE e_pmRA e_pmDE RUWE Teff logg Gmag BP-RP BPmag RPmag RV e_RV b_rgeo B_rgeo FG e_FG FBP e_FBP FRP e_FRP RAVE5 RAVE6 e_Gmag e_BPmag e_RPmag e_BP-RP SkyCoord.ra SkyCoord.dec SkyCoord.distance SkyCoord.pm_ra_cosdec SkyCoord.pm_dec
255.51053387938 -44.45714345234 0.044 0.0292 20.4201 "" "" 5963744678154782592 2934.32153 0.3106 0.0507 -1.405 -3.661 0.064 0.05 0.964 3734.1 0.8719 10.187598 4.114929 12.889249 8.77432 -28.77 0.73 2552.80933 3540.24585 1584555.79226 2117.5 95437.0 693.75 2451500.0 12238.0 "" "" 0.003113988850796534 0.008371107 0.0066076177 0.014978725 255.51053387938 -44.45714345234 2934.32153 -1.4050000000000002 -3.6609999999999996
255.55207136312 -44.09494680881 0.0274 0.0181 16.3995 "" "" 5963849475354494464 2360.16602 0.3874 0.0323 -1.361 -2.448 0.041 0.029 0.879 "" "" 11.030114 3.178329 12.933127 9.754799 -40.31 0.17 2198.38647 2552.4375 729291.37269 308.84 91657.0 161.56 993660.0 808.45 "" "" 0.002793419691033417 0.0033834316 0.0038812445 0.007264676 255.55207136312 -44.09494680881 2360.16602 -1.3609999999999998 -2.4480000000000004
255.25891273109 -44.3472260865 0.0771 0.0555 9.2295 "" "" 5963748526458343936 2438.80957 0.4209 0.0838 -1.848 -2.911 0.12 0.096 0.992 "" "" 11.879753 6.124494 16.344458 10.219964 -77.89 3.3 2058.33618 2829.50806 333461.37372 1688.1 3959.4 113.72 647400.0 9232.1 "" "" 0.006148333699599255 0.031308573 0.015937492 0.047246065 255.25891273109 -44.3472260865 2438.80957 -1.8479999999999999 -2.9109999999999996
255.19557081339 -44.52942131506 0.0113 0.0086 19.8085 "" "" 5963739769054227456 2933.53442 0.3183 0.0135 -1.968 -3.506 0.016 0.014 0.831 20345.7 3.5272 11.92483 1.259931 12.469282 11.209352 "" "" 2818.66992 3059.32324 319900.14983 163.76 140510.0 243.92 260270.0 437.61 "" "" 0.0028108187034262006 0.0033671213 0.0041971733 0.0075642946 255.19557081339 -44.52942131506 2933.53442 -1.968 -3.5059999999999993
255.41902259712 -44.23183741362 0.0695 0.0498 9.6185 "" "" 5963844012154949632 2456.14478 0.4703 0.0808 0.085 -0.195 0.118 0.09 1.066 "" "" 12.033556 6.055066 16.465742 10.410676 "" "" 2010.76123 3118.37183 289417.17557 3202.8 3540.9 158.21 543110.0 13924.0 "" "" 0.012327044738841521 0.048591662 0.028090997 0.07668266 255.41902259712 -44.23183741362 2456.14478 0.08499999999999999 -0.195
255.21852787381 -44.29770952814 0.0274 0.0196 5.9582 "" "" 5963750313151444608 2448.56128 0.4042 0.0298 -0.502 -3.1 0.04 0.033 0.841 "" "" 12.041634 3.52106 14.220855 10.699795 -91.17 0.41 2296.05737 2610.84863 287272.11856 146.75 27995.0 76.806 416140.0 592.99 "" "" 0.0028105892202442127 0.0040814457 0.004083797 0.008165242 255.21852787381 -44.29770952814 2448.56128 -0.5020000000000001 -3.1000000000000005
255.18964863836 -44.55204962309 0.0418 0.0302 21.1699 "" "" 5963739627272306304 2367.16602 0.4328 0.0497 0.237 -5.487 0.058 0.049 0.95 "" "" 12.083571 4.094511 14.752126 10.657615 3.91 0.44 2152.67505 2644.55469 276387.34444 326.68 17162.0 139.81 432630.0 1319.7 "" "" 0.003039515116291734 0.009274584 0.0050252057 0.014299789 255.18964863836 -44.55204962309 2367.16602 0.237 -5.487000000000001
254.95426176314 -44.35350329512 0.0135 0.0098 14.0378 "" "" 5964496847186076672 2384.59155 0.4208 0.0159 -0.121 -10.458 0.019 0.016 0.898 4724.8 1.7796 12.244211 2.483459 13.596541 11.113082 -65.66 0.44 2301.29858 2466.51416 238375.83652 45.32 49751.0 55.928 284400.0 139.06 "" "" 0.00276304155954121 0.0030454497 0.0038164854 0.0068619354 254.95426176314 -44.35350329512 2384.59155 -0.121 -10.458000000000002
255.29818825228 -44.53225730577 0.0201 0.0141 20.4167 "" "" 5963740314467131008 2745.04541 0.3656 0.0234 -1.106 -3.932 0.029 0.024 0.869 "" "" 12.267825 3.110272 14.106976 10.996703 -56.34 0.38 2543.05347 2938.73071 233247.4065 89.355 31090.0 65.718 316580.0 230.86 "" "" 0.002786537644540301 0.0036127828 0.0038614245 0.0074742073 255.29818825228 -44.53225730577 2745.04541 -1.1059999999999999 -3.9320000000000004
255.28424739688 -44.23800357343 0.0111 0.0076 4.3029 "" "" 5963750759828467200 2393.49731 0.416 0.0126 -1.171 -2.716 0.017 0.013 0.865 "" "" 12.356471 2.012004 13.374086 11.362082 -33.84 0.41 2323.97461 2468.42261 214960.36788 32.314 61064.0 47.891 226110.0 96.531 "" "" 0.0027601500168649975 0.0029172124 0.0038077002 0.0067249127 255.28424739688 -44.23800357343 2393.49731 -1.171 -2.716
255.29578094462 -44.11647116155 0.0126 0.0084 6.4568 "" "" 5963845523983811200 2311.58374 0.4314 0.0151 -0.935 -2.991 0.02 0.015 0.882 "" "" 12.357535 2.302962 13.57668 11.273718 -32.6 0.29 2235.67188 2399.97314 214749.67515 41.508 50669.0 39.636 245280.0 68.481 "" "" 0.002763300451980258 0.0029165724 0.003791519 0.006708091 255.29578094462 -44.11647116155 2311.58374 -0.935 -2.9910000000000005
255.58568380185 -44.19280254156 0.013 0.0083 16.5953 "" "" 5963842019291281664 2436.04126 0.3924 0.015 -0.717 -0.552 0.019 0.014 0.856 11520.7 3.4576 12.366027 1.047272 12.798429 11.751157 "" "" 2357.35132 2522.05444 213076.65315 42.024 103760.0 63.659 158010.0 67.065 "" "" 0.0027636285594517477 0.0028685827 0.0038073726 0.0066759554 255.58568380185 -44.19280254156 2436.04126 -0.717 -0.5520000000000002
255.44209419385 -44.24511915324 0.0217 0.0151 10.7662 "" "" 5963840988497937152 3223.54004 0.3003 0.0252 0.513 -7.126 0.036 0.028 0.884 "" "" 12.43577 3.293391 14.424398 11.131007 -80.72 0.25 3020.91284 3472.36987 199819.82676 132.49 23209.0 89.629 279740.0 497.08 "" "" 0.0028478127410588206 0.0050364286 0.0042433315 0.00927976 255.44209419385 -44.24511915324 3223.54004 0.5129999999999999 -7.126000000000003
255.38366683853 -44.20248568031 0.0321 0.0228 7.9021 "" "" 5963844291375268736 3184.49561 0.3104 0.0372 -1.686 -3.704 0.053 0.042 1.011 3704.2 0.807 12.448622 3.567397 14.617797 11.0504 -68.23 0.23 2826.21167 3560.21729 197468.60214 123.68 19422.0 269.57 301300.0 706.27 "" "" 0.0028379966844408375 0.015325733 0.0045564235 0.019882157 255.38366683853 -44.20248568031 3184.49561 -1.6860000000000002 -3.704
255.09839273786 -44.13018714292 0.0145 0.0101 6.0268 "" "" 5964503066298400896 3042.96899 0.3237 0.0162 -0.873 -1.81 0.021 0.017 0.909 "" "" 12.463698 2.43849 13.781243 11.342753 -37.06 0.41 2902.10547 3236.42627 194745.47881 43.882 41968.0 33.668 230170.0 95.606 "" "" 0.00276616024664905 0.0029229622 0.003806194 0.0067291562 255.09839273786 -44.13018714292 3042.96899 -0.873 -1.8100000000000003
255.12375194418 -44.17265862078 0.0156 0.011 3.6495 "" "" 5964502658297197952 2549.91772 0.3858 0.0187 -0.86 -1.796 0.024 0.019 0.938 "" "" 12.466939 2.573437 13.886748 11.313312 -36.28 0.26 2440.47046 2667.03296 194165.07322 39.729 38082.0 35.061 236500.0 89.195 "" "" 0.002764261804587526 0.0029638254 0.0038015 0.0067653256 255.12375194418 -44.17265862078 2549.91772 -0.86 -1.7960000000000003
255.17239960191 -44.09443597668 0.0113 0.0079 6.4029 "" "" 5964597143257662336 2888.32104 0.3387 0.0136 -0.794 -1.86 0.018 0.014 0.819 4814.2 2.1924 12.467612 2.302914 13.687187 11.384274 -35.35 0.47 2781.5791 2992.48584 194044.70519 45.687 45766.0 41.761 221540.0 151.93 "" "" 0.0027671532482850007 0.0029608412 0.0038520303 0.0068128714 255.17239960191 -44.09443597668 2888.32104 -0.794 -1.8600000000000003
254.88762451213 -44.43976399231 0.018 0.0127 19.6976 "" "" 5964495438435815296 3101.13916 0.3084 0.0202 -1.097 -0.684 0.025 0.019 0.869 "" "" 12.504867 2.974615 14.236033 11.261417 -47.68 0.32 2943.72778 3263.02295 187499.48628 65.86 27606.0 52.032 248080.0 175.89 "" "" 0.002781588052770859 0.0034601758 0.0038569816 0.0073171575 254.88762451213 -44.43976399231 3101.13916 -1.0970000000000002 -0.6840000000000002
254.88854303902 -44.38346468479 0.0156 0.011 17.3507 "" "" 5964496061226756096 2930.27441 0.3312 0.018 -2.955 -5.18 0.022 0.017 0.881 4728.2 1.1527 12.579642 2.856176 14.215898 11.359721 -91.7 0.71 2780.51196 3135.75879 175020.85519 46.648 28123.0 37.723 226610.0 96.138 "" "" 0.00277047465337827 0.0031473853 0.0038073475 0.006954733 254.88854303902 -44.38346468479 2930.27441 -2.955 -5.18
254.82449159746 -44.20476421205 0.0202 0.0147 16.1556 "" "" 5964510591075257216 2426.66748 0.4028 0.0248 -0.213 -1.616 0.03 0.024 0.963 "" "" 12.583668 2.990227 14.328046 11.337819 -40.12 0.27 2298.71338 2575.99731 174373.20605 53.436 25363.0 50.196 231220.0 110.0 "" "" 0.002775336339216444 0.003521693 0.0038145152 0.007336208 254.82449159746 -44.20476421205 2426.66748 -0.213 -1.616
255.20248392025 -44.1451331994 0.0115 0.0078 3.2515 "" "" 5964595807519871104 2348.85376 0.4091 0.0138 -1.335 -2.909 0.018 0.014 0.883 "" "" 12.615445 1.131876 13.085187 11.953311 -43.24 10.36 2276.62744 2409.57349 169343.53662 26.229 79679.0 65.131 131170.0 43.573 "" "" 0.002760447265530499 0.002927918 0.003796552 0.0067244703 255.20248392025 -44.1451331994 2348.85376 -1.3349999999999997 -2.9089999999999994
255.11455345798 -44.50943883495 0.0203 0.0147 18.9663 "" "" 5964490593712489344 2552.73926 0.3841 0.0236 -3.097 -5.259 0.029 0.024 0.862 5150.7 1.9345 12.628205 3.210318 14.548951 11.338634 -88.44 0.45 2393.77026 2718.74731 167365.06399 53.821 20694.0 48.846 231050.0 130.65 "" "" 0.002777353899534067 0.003788511 0.0038289232 0.0076174345 255.11455345798 -44.50943883495 2552.73926 -3.0970000000000004 -5.259
255.29447757212 -44.54892969315 0.0174 0.0122 21.3657 "" "" 5963740280108280320 2344.81372 0.4015 0.0209 -1.312 -2.694 0.026 0.022 1.326 7992.7 3.1094 12.641036 0.961307 13.025136 12.063829 -41.21 11.07 2244.8772 2471.15479 165398.80315 27.654 84210.0 51.916 118470.0 47.866 "" "" 0.0027612936765538405 0.002869337 0.0038047554 0.0066740923 255.29447757212 -44.54892969315 2344.81372 -1.312 -2.694
255.18604585974 -44.22563704655 0.0142 0.0103 1.6908 "" "" 5964501382671040768 2627.27783 0.3683 0.0166 -0.88 -1.812 0.021 0.017 0.901 "" "" 12.712005 2.524541 14.09551 11.57097 -36.59 0.45 2494.89233 2744.95752 154933.30163 39.058 31420.0 35.037 186540.0 82.123 "" "" 0.0027688817543591606 0.003041529 0.0038094881 0.0068510175 255.18604585974 -44.22563704655 2627.27783 -0.8800000000000001 -1.812
255.26016244449 -44.45976617306 0.0129 0.0091 15.8401 "" "" 5963741139101730944 2343.56055 0.4158 0.0151 -1.494 -4.307 0.018 0.015 0.868 4480.9 1.8912 12.731621 2.448003 14.059439 11.611436 -3.7 0.38 2251.40088 2451.31372 152159.33698 29.722 32482.0 38.309 179710.0 82.485 "" "" 0.0027634703104418693 0.0030699754 0.0038120954 0.0068820706 255.26016244449 -44.45976617306 2343.56055 -1.494 -4.307
255.23866578063 -44.00523751277 0.0171 0.0106 11.762 "" "" 5964598521947866368 2726.00366 0.3587 0.0193 -0.787 -1.813 0.026 0.019 0.886 6575.8 1.7826 12.749764 2.713618 14.271947 11.558329 -35.48 0.52 2573.85205 2874.04688 149637.7565 34.446 26708.0 23.122 188720.0 75.903 "" "" 0.0027666325043758226 0.0029442434 0.003804526 0.0067487694 255.23866578063 -44.00523751277 2726.00366 -0.7869999999999999 -1.8129999999999997
255.15425224667 -44.26760816061 0.0149 0.0107 4.5464 "" "" 5964499806438795008 2326.06372 0.4104 0.0178 -0.917 -1.838 0.022 0.019 0.907 4512.2 1.6562 12.764327 2.596598 14.186777 11.590179 -36.2 0.49 2248.34033 2439.67188 147644.07806 38.984 28887.0 69.821 183270.0 346.92 "" "" 0.0027701938198394075 0.0038303814 0.0043020616 0.008132443 255.15425224667 -44.26760816061 2326.06372 -0.917 -1.8380000000000003
255.58304462861 -44.32088047703 0.0129 0.0089 18.0035 "" "" 5963827966158977024 2309.57104 0.4179 0.0156 -1.939 -3.869 0.021 0.016 0.897 4708.8 2.0268 12.781693 2.260137 13.971935 11.711799 -44.87 0.4 2205.82104 2400.85913 145301.32568 27.333 35208.0 32.16 163850.0 52.411 "" "" 0.002762879587669453 0.0029611825 0.0037953053 0.006756488 255.58304462861 -44.32088047703 2309.57104 -1.9389999999999998 -3.869
254.88524579634 -44.02138646499 0.0691 0.0502 17.2575 "" "" 5964519352809416064 2525.12354 0.4028 0.0802 -0.118 -2.437 0.106 0.09 1.008 3423.2 0.1097 12.823994 5.595458 16.849207 11.253749 -92.57 0.3 2165.92358 3018.0625 139749.15981 370.33 2487.3 41.904 249840.0 1674.4 "" "" 0.003983696479671127 0.018503176 0.008199448 0.026702624 254.88524579634 -44.02138646499 2525.12354 -0.118 -2.437
255.58749234416 -44.37862702902 0.0556 0.0379 19.8176 "" "" 5963827347683486336 2786.92114 0.3481 0.0649 -4.801 -5.355 0.097 0.07 0.949 "" "" 12.832165 4.806022 16.137539 11.331517 33.71 0.32 2423.57886 3325.24219 138701.4364 158.57 4790.7 37.359 232570.0 625.69 "" "" 0.003022007175216794 0.008914717 0.0047765994 0.013691315 255.58749234416 -44.37862702902 2786.92114 -4.800999999999999 -5.355
255.18231371807 -44.16892474005 0.0161 0.0107 1.9749 "" "" 5964502001146449408 2522.15649 0.3786 0.0189 -0.718 -8.922 0.023 0.018 0.93 4770.2 1.9785 12.859895 2.557986 14.266895 11.708909 -30.85 2.21 2428.23169 2665.73511 135203.72964 48.373 26832.0 34.535 164280.0 118.9 "" "" 0.0027825681066427407 0.0031205553 0.003860212 0.0069807675 255.18231371807 -44.16892474005 2522.15649 -0.7179999999999996 -8.922
254.76557418143 -44.19816542877 0.0123 0.0084 18.6876 "" "" 5964511007713191168 2570.28149 0.372 0.0132 -2.102 -3.159 0.017 0.013 0.875 10083.4 3.4566 12.861286 1.415986 13.493638 12.077652 -22.47 8.23 2516.0564 2642.46118 135030.61929 23.608 54697.0 32.613 116980.0 34.399 "" "" 0.002761851294816989 0.002864286 0.0037928433 0.006657129 254.76557418143 -44.19816542877 2570.28149 -2.1020000000000003 -3.1590000000000007
255.62874860476 -44.30701075139 0.0269 0.0181 19.526 "" "" 5963829443627780864 3061.00293 0.3133 0.0315 -3.317 -1.496 0.042 0.031 0.974 "" "" 12.889574 3.400059 14.963301 11.563242 -96.49 0.28 2745.31665 3341.00171 131557.91275 46.279 14129.0 25.479 187870.0 102.83 "" "" 0.0027816658649752087 0.0034085927 0.0038258187 0.0072344113 255.62874860476 -44.30701075139 3061.00293 -3.3169999999999993 -1.4960000000000002
254.93540171326 -44.06479822048 0.0316 0.0232 13.9632 "" "" 5964506953264630528 2334.02393 0.416 0.038 -0.207 -1.844 0.045 0.038 1.456 "" "" 12.894206 2.929294 14.587621 11.658327 -30.35 0.34 2173.86792 2510.65845 130997.93226 36.534 19970.0 23.47 172120.0 67.027 "" "" 0.0027719086862636696 0.0030681083 0.0038029586 0.006871067 254.93540171326 -44.06479822048 2334.02393 -0.20699999999999993 -1.8439999999999999
255.16612790162 -44.12316623203 0.0132 0.009 4.7949 "" "" 5964596627862393984 2775.88184 0.3428 0.0151 -0.828 -1.847 0.019 0.015 0.851 "" "" 12.91722 1.299235 13.479016 12.179781 -37.56 8.21 2672.06567 2898.49316 128250.41497 24.942 55438.0 55.301 106470.0 32.366 "" "" 0.0027633991566212634 0.0029930004 0.0037937665 0.006786767 255.16612790162 -44.12316623203 2775.88184 -0.8280000000000001 -1.847
255.25244432415 -44.49503090458 0.015 0.011 17.8862 "" "" 5963740971645070080 2566.77417 0.3746 0.0178 0.79 -1.756 0.022 0.019 0.885 "" "" 12.926898 2.59678 14.366093 11.769313 -14.99 0.27 2465.51709 2673.05664 127112.26611 33.178 24490.0 24.802 155390.0 80.714 "" "" 0.0027698556349388683 0.0029990163 0.0038212277 0.006820244 255.25244432415 -44.49503090458 2566.77417 0.7899999999999998 -1.7559999999999998
255.10695242942 -44.14167972763 0.0135 0.0097 5.2905 "" "" 5964502997578907008 2320.28589 0.4079 0.0157 -1.556 -4.231 0.019 0.016 0.907 4913.5 2.2395 12.928001 2.130171 14.025444 11.895273 -19.96 0.46 2243.43433 2399.0022 126983.13619 27.227 33515.0 30.103 138370.0 62.681 "" "" 0.002765137250430773 0.0029556842 0.00381125 0.006766934 255.10695242942 -44.14167972763 2320.28589 -1.556 -4.231
254.93912897851 -44.43117995278 0.0128 0.0091 17.8608 "" "" 5964494785600798848 2312.32104 0.4074 0.0149 -2.612 -5.007 0.018 0.015 0.848 "" "" 12.956227 1.59401 13.700915 12.106905 -12.46 4.3 2238.57666 2383.22485 123724.50448 22.273 45191.0 32.774 113870.0 50.119 "" "" 0.0027622440429623187 0.002899149 0.0038094744 0.0067086234 254.93912897851 -44.43117995278 2312.32104 -2.612 -5.007000000000001
255.25869360324 -44.19015270658 0.0121 0.0084 2.5834 "" "" 5963844905509304448 2779.37695 0.3284 0.0141 -0.836 -1.817 0.019 0.014 0.937 "" "" 13.022477 1.54815 13.731179 12.183029 -51.96 7.71 2676.021 2884.28564 116400.82651 29.535 43949.0 39.976 106160.0 28.825 "" "" 0.00276905831141665 0.0029597927 0.0037908622 0.006750655 255.25869360324 -44.19015270658 2779.37695 -0.8360000000000001 -1.8170000000000002
