Clusters/UBC_322/UBC_322_members.tsv
# %ECSV 1.0
# ---
# datatype:
# - name: RA_ICRS_1
#   unit: deg
#   datatype: float64
#   format: '{:15.11f}'
#   description: Right ascension (ICRS) at Ep=2016.0 (ra)
#   meta: !!omap
#   - {ucd: POS_EQ_RA_MAIN}
#   - {width: 15}
#   - {precision: '11'}
# - name: DE_ICRS_1
#   unit: deg
#   datatype: float64
#   format: '{:15.11f}'
#   description: Declination (ICRS) at Ep=2016.0 (dec)
#   meta: !!omap
#   - {ucd: POS_EQ_DEC_MAIN}
#   - {width: 15}
#   - {precision: '11'}
# - name: e_RA_ICRS
#   unit: mas
#   datatype: float64
#   format: '{:7.4f}'
#   description: Standard error of right ascension (ra_error)
#   meta: !!omap
#   - {ucd: ERROR}
#   - {width: 7}
#   - {precision: '4'}
# - name: e_DE_ICRS
#   unit: mas
#   datatype: float64
#   format: '{:7.4f}'
#   description: Standard error of declination (dec_error)
#   meta: !!omap
#   - {ucd: ERROR}
#   - {width: 7}
#   - {precision: '4'}
# - name: _r_1
#   unit: ''
#   datatype: float64
#   format: '{:7.4f}'
#   description: Distance from center (255.20001011000-44.19929530000)[ICRS], at Epoch=J2016.0
#   meta: !!omap
#   - {ucd: POS_ANG_DIST_GENERAL}
#   - {width: 7}
#   - {precision: '4'}
# - name: HIP
#   datatype: int32
#   description: '? HIP cross-id number, van Leeuwen, Cat. I/311 (hip_original_ext_source_id)'
#   meta: !!omap
#   - {ucd: ID_NUMBER}
#   - {width: 6}
#   - values: {'null': -2147483648}
# - name: TYC2
#   datatype: string
#   description: Tycho-2 cross-id name, Hog et al., Cat. I/259 (tyc2_original_ext_source_id)
#   meta: !!omap
#   - {ucd: ID_CROSSID}
#   - {_votable_string_dtype: char}
# - name: Source
#   datatype: int64
#   description: Source identifier, identical to the Gaia-EDR3 source_id (id)
#   meta: !!omap
#   - {ucd: ID_MAIN}
#   - {width: 19}
# - name: rgeo
#   unit: pc
#   datatype: float64
#   format: '{:15.8f}'
#   description: '? Median of the geometric distance posterior (r_med_geo)'
#   meta: !!omap
#   - {ucd: PHYS_DISTANCE_TRUE}
#   - {width: 15}
#   - {precision: '8'}
#   - values: {'null': .nan}
# - name: Plx
#   unit: mas
#   datatype: float64
#   format: '{:9.4f}'
#   description: '? Parallax (parallax)'
#   meta: !!omap
#   - {ucd: POS_PARLX_TRIG}
#   - {width: 9}
#   - {precision: '4'}
#   - values: {'null': .nan}
# - name: e_Plx
#   unit: mas
#   datatype: float32
#   format: '{:7.4f}'
#   description: '? Standard error of parallax (parallax_error)'
#   meta: !!omap
#   - {ucd: ERROR}
#   - {width: 7}
#   - {precision: '4'}
#   - values: {'null': .nan}
# - name: pmRA
#   unit: mas / yr
#   datatype: float64
#   format: '{:9.3f}'
#   description: '? Proper motion in right ascension direction, pmRA*cosDE (pmra)'
#   meta: !!omap
#   - {ucd: POS_EQ_PMRA}
#   - {width: 9}
#   - {precision: '3'}
#   - values: {'null': .nan}
# - name: pmDE
#   unit: mas / yr
#   datatype: float64
#   format: '{:9.3f}'
#   description: '? Proper motion in declination direction (pmdec)'
#   meta: !!omap
#   - {ucd: POS_EQ_PMDEC}
#   - {width: 9}
#   - {precision: '3'}
#   - values: {'null': .nan}
# - name: e_pmRA
#   unit: mas / yr
#   datatype: float32
#   format: '{:6.3f}'
#   description: '? Standard error of proper motion in right ascension direction (pmra_error)'
#   meta: !!omap
#   - {ucd: ERROR}
#   - {width: 6}
#   - {precision: '3'}
#   - values: {'null': .nan}
# - name: e_pmDE
[...]
#       distance: !astropy.table.SerializedColumn
#         __class__: astropy.coordinates.distances.Distance
#         unit: !astropy.units.Unit {unit: pc}
#         value: !astropy.table.SerializedColumn {name: SkyCoord.distance}
#       frame: icrs
#       obstime: !astropy.time.Time {format: jyear_str, in_subfmt: '*', jd1: 367701545.0, jd2: 0.0, out_subfmt: '*', precision: 3, scale: tt}
#       pm_dec: !astropy.table.SerializedColumn
#         __class__: astropy.units.quantity.Quantity
#         unit: !astropy.units.Unit {unit: mas / yr}
#         value: !astropy.table.SerializedColumn {name: SkyCoord.pm_dec}
#       pm_ra_cosdec: !astropy.table.SerializedColumn
#         __class__: astropy.units.quantity.Quantity
#         unit: !astropy.units.Unit {unit: mas / yr}
#         value: !astropy.table.SerializedColumn {name: SkyCoord.pm_ra_cosdec}
#       ra: !astropy.table.SerializedColumn
#         __class__: astropy.coordinates.angles.Longitude
#         unit: *id001
#         value: !astropy.table.SerializedColumn {name: SkyCoord.ra}
#         wrap_angle: !astropy.coordinates.Angle
#           unit: *id001
#           value: 360.0
#       representation_type: spherical
# schema: astropy-2.0
RA_ICRS_1 DE_ICRS_1 e_RA_ICRS e_DE_ICRS _r_1 HIP TYC2 Source rgeo Plx e_Plx pmRA pmDE e_pmRA e_pmDE RUWE Teff logg Gmag BP-RP BPmag RPmag RV e_RV b_rgeo B_rgeo FG e_FG FBP e_FBP FRP e_FRP RAVE5 RAVE6 e_Gmag e_BPmag e_RPmag e_BP-RP SkyCoord.ra SkyCoord.dec SkyCoord.distance SkyCoord.pm_ra_cosdec SkyCoord.pm_dec rmRA rmDE e_rmRA e_rmDE rRV e_rRV v_pec v_pec3d e_vpec e_vpec3d Pmemb
[from data line 31]
255.32265031926 -44.10978321839 0.0258 0.0168 7.531 "" "" 5963846833996092672 2612.5354 0.343 0.0291 -0.593 -1.932 0.041 0.03 0.912 6598.9 2.7011 15.086713 1.494344 15.761601 14.267258 "" "" 2447.08398 2792.61694 17388.48129 4.9544 6772.9 12.061 15569.0 18.034 "" "" 0.002772632037784923 0.0033945953 0.003983137 0.0073777325 255.32265031926 -44.10978321839 2612.5354 -0.5930000000000003 -1.932 0.12578945827484134 -0.1370789594650268 0.1276594 0.116659395 "" "" 2.3039024808612196 "" 0.28064103743448005 "" 0.91
255.18270840563 -44.1234622597 0.0252 0.0171 4.6105 "" "" 5964595979326725888 2618.10938 0.3399 0.029 -0.669 -1.806 0.036 0.029 0.992 8602.6 3.4921 15.189423 1.352002 15.77966 14.427658 "" "" 2434.42285 2816.41089 15818.95263 4.294 6661.2 9.3146 13431.0 14.571 "" "" 0.002771037512568473 0.0031764845 0.003958681 0.007135166 255.18270840563 -44.1234622597 2618.10938 -0.669 -1.806 0.04978945827484127 -0.011078959465026905 0.12265939 0.11565939 "" "" 0.6329909963412667 "" 0.07743894911077803 "" 0.93
255.27238439129 -44.23980787742 0.0276 0.0199 3.9489 "" "" 5963750931626783744 2501.10303 0.3699 0.0324 -0.741 -1.808 0.044 0.035 1.027 "" "" 15.212826 1.422386 15.842153 14.419766 "" "" 2315.03149 2699.25732 15481.62461 4.5027 6288.6 12.055 13529.0 16.338 "" "" 0.0027733562044351475 0.0034809357 0.00400036 0.0074812956 255.27238439129 -44.23980787742 2501.10303 -0.7410000000000001 -1.8080000000000003 -0.022210541725158683 -0.013078959465026907 0.1306594 0.1216594 "" "" 0.30557235606402977 "" 0.03923623161790473 "" 0.87
255.07889909842 -44.13764267073 0.0277 0.0194 6.3916 "" "" 5964505922472396160 2638.32837 0.3376 0.0308 -0.655 -1.804 0.042 0.033 0.993 9449.1 3.5091 15.212922 1.426144 15.814283 14.38814 "" "" 2434.95142 2928.61963 15480.25419 5.1302 6452.1 21.885 13928.0 30.515 "" "" 0.00277871498682602 0.0046203397 0.004465667 0.009086007 255.07889909842 -44.13764267073 2638.32837 -0.655 -1.8040000000000007 0.06378945827484128 -0.009078959465026903 0.1286594 0.119659394 "" "" 0.8057696155588181 "" 0.103530790599727 "" 0.93
255.23992422802 -44.12559152591 0.0279 0.0183 4.7442 "" "" 5964596116766385280 2459.21875 0.3636 0.033 -0.697 -1.822 0.044 0.033 1.079 "" "" 15.300296 1.747967 16.129154 14.381187 -15.0 10.27 2288.14258 2673.49487 14283.29264 4.4059 4827.9 12.438 14018.0 16.695 "" "" 0.002775600008583021 0.003950839 0.003994468 0.007945307 255.23992422802 -44.12559152591 2459.21875 -0.6969999999999998 -1.822000000000001 0.021789458274841356 -0.02707895946502692 0.1306594 0.119659394 -17.84875 11.322195 0.4051520629086574 17.85334771846947 0.050278925965504574 11.319279340067897 0.88
255.21427841507 -44.09288094068 0.0283 0.019 6.4143 "" "" 5964596456062892416 2650.11304 0.345 0.0342 -0.74 -1.701 0.049 0.037 0.951 8507.8 2.7474 15.378425 1.966515 16.349588 14.383074 "" "" 2429.81226 2917.70361 13291.58902 5.4074 3940.8 8.9149 13994.0 13.668 "" "" 0.0027905010186287547 0.003717225 0.0039253365 0.0076425616 255.21427841507 -44.09288094068 2650.11304 -0.7399999999999995 -1.701 -0.021210541725158683 0.09392104053497308 0.1356594 0.123659395 "" "" 1.2095036337223064 "" 0.15030315521456095 "" 0.9
255.46422249997 -44.23350487486 0.0286 0.02 11.5457 "" "" 5963841130279238016 2692.82178 0.3395 0.0331 -0.664 -1.735 0.047 0.035 1.035 "" "" 15.446018 1.392451 16.06246 14.670009 "" "" 2467.03418 2953.62036 12489.33753 3.9284 5133.7 9.8749 10744.0 13.864 "" "" 0.0027764036025611097 0.0034852144 0.004030708 0.0075159227 255.46422249997 -44.23350487486 2692.82178 -0.6639999999999999 -1.7350000000000008 0.054789458274841274 0.05992104053497305 0.1336594 0.1216594 "" "" 1.0363542911028112 "" 0.13189062850945382 "" 0.87
