Clusters/UBC_322/UBC_322_members.tsv
# %ECSV 1.0
# ---
# datatype:
# - name: RA_ICRS_1
#   unit: deg
#   datatype: float64
#   format: '{:15.11f}'
#   description: Right ascension (ICRS) at Ep=2016.0 (ra)
#   meta: !!omap
#   - {ucd: POS_EQ_RA_MAIN}
#   - {width: 15}
#   - {precision: '11'}
# - name: DE_ICRS_1
#   unit: deg
#   datatype: float64
#   format: '{:15.11f}'
#   description: Declination (ICRS) at Ep=2016.0 (dec)
#   meta: !!omap
#   - {ucd: POS_EQ_DEC_MAIN}
#   - {width: 15}
#   - {precision: '11'}
# - name: e_RA_ICRS
#   unit: mas
#   datatype: float64
#   format: '{:7.4f}'
#   description: Standard error of right ascension (ra_error)
#   meta: !!omap
#   - {ucd: ERROR}
#   - {width: 7}
#   - {precision: '4'}
# - name: e_DE_ICRS
#   unit: mas
#   datatype: float64
#   format: '{:7.4f}'
#   description: Standard error of declination (dec_error)
#   meta: !!omap
#   - {ucd: ERROR}
#   - {width: 7}
#   - {precision: '4'}
# - name: _r_1
#   unit: ''
#   datatype: float64
#   format: '{:7.4f}'
#   description: Distance from center (255.20001011000-44.19929530000)[ICRS], at Epoch=J2016.0
#   meta: !!omap
#   - {ucd: POS_ANG_DIST_GENERAL}
#   - {width: 7}
#   - {precision: '4'}
# - name: HIP
#   datatype: int32
#   description: '? HIP cross-id number, van Leeuwen, Cat. I/311 (hip_original_ext_source_id)'
#   meta: !!omap
#   - {ucd: ID_NUMBER}
#   - {width: 6}
#   - values: {'null': -2147483648}
# - name: TYC2
#   datatype: string
#   description: Tycho-2 cross-id name, Hog et al., Cat. I/259 (tyc2_original_ext_source_id)
#   meta: !!omap
#   - {ucd: ID_CROSSID}
#   - {_votable_string_dtype: char}
# - name: Source
#   datatype: int64
#   description: Source identifier, identical to the Gaia-EDR3 source_id (id)
#   meta: !!omap
#   - {ucd: ID_MAIN}
#   - {width: 19}
# - name: rgeo
#   unit: pc
#   datatype: float64
#   format: '{:15.8f}'
#   description: '? Median of the geometric distance posterior (r_med_geo)'
#   meta: !!omap
#   - {ucd: PHYS_DISTANCE_TRUE}
#   - {width: 15}
#   - {precision: '8'}
#   - values: {'null': .nan}
# - name: Plx
#   unit: mas
#   datatype: float64
#   format: '{:9.4f}'
#   description: '? Parallax (parallax)'
#   meta: !!omap
#   - {ucd: POS_PARLX_TRIG}
#   - {width: 9}
#   - {precision: '4'}
#   - values: {'null': .nan}
# - name: e_Plx
#   unit: mas
#   datatype: float32
#   format: '{:7.4f}'
#   description: '? Standard error of parallax (parallax_error)'
#   meta: !!omap
#   - {ucd: ERROR}
#   - {width: 7}
#   - {precision: '4'}
#   - values: {'null': .nan}
# - name: pmRA
#   unit: mas / yr
#   datatype: float64
#   format: '{:9.3f}'
#   description: '? Proper motion in right ascension direction, pmRA*cosDE (pmra)'
#   meta: !!omap
#   - {ucd: POS_EQ_PMRA}
#   - {width: 9}
#   - {precision: '3'}
#   - values: {'null': .nan}
# - name: pmDE
#   unit: mas / yr
#   datatype: float64
#   format: '{:9.3f}'
#   description: '? Proper motion in declination direction (pmdec)'
#   meta: !!omap
#   - {ucd: POS_EQ_PMDEC}
#   - {width: 9}
#   - {precision: '3'}
#   - values: {'null': .nan}
# - name: e_pmRA
#   unit: mas / yr
#   datatype: float32
#   format: '{:6.3f}'
#   description: '? Standard error of proper motion in right ascension direction (pmra_error)'
#   meta: !!omap
#   - {ucd: ERROR}
#   - {width: 6}
#   - {precision: '3'}
#   - values: {'null': .nan}
# - name: e_pmDE
[...]
#       distance: !astropy.table.SerializedColumn
#         __class__: astropy.coordinates.distances.Distance
#         unit: !astropy.units.Unit {unit: pc}
#         value: !astropy.table.SerializedColumn {name: SkyCoord.distance}
#       frame: icrs
#       obstime: !astropy.time.Time {format: jyear_str, in_subfmt: '*', jd1: 367701545.0, jd2: 0.0, out_subfmt: '*', precision: 3, scale: tt}
#       pm_dec: !astropy.table.SerializedColumn
#         __class__: astropy.units.quantity.Quantity
#         unit: !astropy.units.Unit {unit: mas / yr}
#         value: !astropy.table.SerializedColumn {name: SkyCoord.pm_dec}
#       pm_ra_cosdec: !astropy.table.SerializedColumn
#         __class__: astropy.units.quantity.Quantity
#         unit: !astropy.units.Unit {unit: mas / yr}
#         value: !astropy.table.SerializedColumn {name: SkyCoord.pm_ra_cosdec}
#       ra: !astropy.table.SerializedColumn
#         __class__: astropy.coordinates.angles.Longitude
#         unit: *id001
#         value: !astropy.table.SerializedColumn {name: SkyCoord.ra}
#         wrap_angle: !astropy.coordinates.Angle
#           unit: *id001
#           value: 360.0
#       representation_type: spherical
# schema: astropy-2.0
RA_ICRS_1 DE_ICRS_1 e_RA_ICRS e_DE_ICRS _r_1 HIP TYC2 Source rgeo Plx e_Plx pmRA pmDE e_pmRA e_pmDE RUWE Teff logg Gmag BP-RP BPmag RPmag RV e_RV b_rgeo B_rgeo FG e_FG FBP e_FBP FRP e_FRP RAVE5 RAVE6 e_Gmag e_BPmag e_RPmag e_BP-RP SkyCoord.ra SkyCoord.dec SkyCoord.distance SkyCoord.pm_ra_cosdec SkyCoord.pm_dec rmRA rmDE e_rmRA e_rmDE rRV e_rRV v_pec v_pec3d e_vpec e_vpec3d Pmemb
255.12375194418 -44.17265862078 0.0156 0.011 3.6495 "" "" 5964502658297197952 2549.91772 0.3858 0.0187 -0.86 -1.796 0.024 0.019 0.938 "" "" 12.466939 2.573437 13.886748 11.313312 -36.28 0.26 2440.47046 2667.03296 194165.07322 39.729 38082.0 35.061 236500.0 89.195 "" "" 0.002764261804587526 0.0029638254 0.0038015 0.0067653256 255.12375194418 -44.17265862078 2549.91772 -0.8599999999999999 -1.7960000000000007 -0.14121054172515868 -0.0010789594650268963 0.11065939 0.105659395 -39.12875 1.3121951 1.7068065655747469 39.16595798923842 0.1888736876223615 1.3109743052064455 0.86
255.17239960191 -44.09443597668 0.0113 0.0079 6.4029 "" "" 5964597143257662336 2888.32104 0.3387 0.0136 -0.794 -1.86 0.018 0.014 0.819 4814.2 2.1924 12.467612 2.302914 13.687187 11.384274 -35.35 0.47 2781.5791 2992.48584 194044.70519 45.687 45766.0 41.761 221540.0 151.93 "" "" 0.0027671532482850007 0.0029608412 0.0038520303 0.0068128714 255.17239960191 -44.09443597668 2888.32104 -0.794 -1.8600000000000003 -0.07521054172515873 -0.06507895946502695 0.10465939 0.10065939 -38.198750000000004 1.5221951 1.3616440370055116 38.223011080316695 0.14020276129261106 1.5212371253844816 0.83
255.18604585974 -44.22563704655 0.0142 0.0103 1.6908 "" "" 5964501382671040768 2627.27783 0.3683 0.0166 -0.88 -1.812 0.021 0.017 0.901 "" "" 12.712005 2.524541 14.09551 11.57097 -36.59 0.45 2494.89233 2744.95752 154933.30163 39.058 31420.0 35.037 186540.0 82.123 "" "" 0.0027688817543591606 0.003041529 0.0038094881 0.0068510175 255.18604585974 -44.22563704655 2627.27783 -0.8800000000000001 -1.8119999999999996 -0.1612105417251587 -0.01707895946502691 0.10765939 0.10365939 -39.43875 1.5021951 2.018837668030489 39.490387527756155 0.2172588539190668 1.5002719666035949 0.92
255.15425224667 -44.26760816061 0.0149 0.0107 4.5464 "" "" 5964499806438795008 2326.06372 0.4104 0.0178 -0.917 -1.838 0.022 0.019 0.907 4512.2 1.6562 12.764327 2.596598 14.186777 11.590179 -36.2 0.49 2248.34033 2439.67188 147644.07806 38.984 28887.0 69.821 183270.0 346.92 "" "" 0.0027701938198394075 0.0038303814 0.0043020616 0.008132443 255.15425224667 -44.26760816061 2326.06372 -0.917 -1.8380000000000003 -0.19821054172515873 -0.043078959465026934 0.108659394 0.105659395 -39.04875 1.5421951 2.236397844562938 39.11273899743747 0.2427070055685552 1.5397345688160515 0.9
255.25869360324 -44.19015270658 0.0121 0.0084 2.5834 "" "" 5963844905509304448 2779.37695 0.3284 0.0141 -0.836 -1.817 0.019 0.014 0.937 "" "" 13.022477 1.54815 13.731179 12.183029 -51.96 7.71 2676.021 2884.28564 116400.82651 29.535 43949.0 39.976 106160.0 28.825 "" "" 0.00276905831141665 0.0029597927 0.0037908622 0.006750655 255.25869360324 -44.19015270658 2779.37695 -0.8360000000000001 -1.8170000000000002 -0.11721054172515866 -0.022078959465026804 0.105659395 0.10065939 -54.80875 8.762196 1.5713177390518465 54.83126950928238 0.16576141931146515 8.758598192559612 0.96
255.19987079755 -44.18325672099 0.0141 0.0094 0.9623 "" "" 5964501936742634752 2547.58447 0.3483 0.016 -0.787 -1.786 0.02 0.016 0.946 "" "" 13.463338 1.429025 14.098331 12.669307 "" "" 2461.74756 2639.31348 77555.34074 16.616 31339.0 28.379 67832.0 26.777 "" "" 0.002765121963111516 0.0029583282 0.0038036068 0.006761935 255.19987079755 -44.18325672099 2547.58447 -0.7870000000000001 -1.7860000000000005 -0.06821054172515872 0.008921040534973113 0.1066594 0.1026594 "" "" 0.8306945657429716 "" 0.08854653181034491 "" 0.94
255.22521050107 -44.16012218291 0.0145 0.0101 2.5885 "" "" 5964595601369578368 2750.44604 0.3208 0.0171 -0.703 -1.778 0.021 0.017 0.975 6599.1 2.7411 13.547127 1.50368 14.228404 12.724724 "" "" 2649.97192 2850.4231 71795.33287 18.074 27801.0 23.345 64457.0 24.253 "" "" 0.0027688439803452555 0.0029353478 0.003801397 0.006736745 255.22521050107 -44.16012218291 2750.44604 -0.7029999999999998 -1.7779999999999991 0.01578945827484135 0.01692104053497312 0.10765939 0.10365939 "" "" 0.3017264284774209 "" 0.03184422024679471 "" 0.95
255.19823030871 -44.195690105 0.016 0.0107 0.2295 "" "" 5964501898077352192 2599.35327 0.3417 0.0179 -0.735 -1.78 0.024 0.018 0.946 "" "" 13.894447 1.506839 14.552698 13.045859 "" "" 2491.06201 2705.49072 52139.62827 18.99 20622.0 69.672 47953.0 167.52 "" "" 0.002783552178593835 0.004608759 0.005354444 0.009963203 255.19823030871 -44.195690105 2599.35327 -0.7350000000000001 -1.7799999999999998 -0.016210541725158678 0.014921040534973118 0.11065939 0.10465939 "" "" 0.2714576501030721 "" 0.029303555119690766 "" 0.96
255.12022205429 -44.20363061017 0.0211 0.0145 3.4418 "" "" 5964502241664550016 2730.31934 0.325 0.0233 -0.589 -1.855 0.031 0.025 1.007 "" "" 13.92537 1.704504 14.640906 12.936402 "" "" 2582.33398 2918.63086 50675.55982 26.741 19013.0 78.321 53039.0 430.84 "" "" 0.002814256730764296 0.0052714744 0.00959519 0.014866665 255.12022205429 -44.20363061017 2730.31934 -0.589 -1.855 0.12978945827484134 -0.06007895946502684 0.11765939 0.11165939 "" "" 1.8509268052981447 "" 0.2158607356585868 "" 0.81
255.18525515522 -44.03204301655 0.0178 0.0119 10.0552 "" "" 5964598792525190016 2515.64526 0.353 0.0208 -0.896 -1.734 0.028 0.022 1.013 "" "" 14.034352 1.59651 14.774472 13.177962 "" "" 2382.54858 2631.97534 45835.91069 21.193 16812.0 35.367 42459.0 54.046 "" "" 0.002800678800461977 0.003605811 0.0040241443 0.007629955 255.18525515522 -44.03204301655 2515.64526 -0.896 -1.734 -0.1772105417251587 0.06092104053497316 0.1146594 0.108659394 "" "" 2.234466068626643 "" 0.25481888088906035 "" 0.92
255.33353324465 -44.22319163918 0.017 0.0118 5.9186 "" "" 5963843913418434304 2762.51099 0.3234 0.0192 -0.52 -1.668 0.028 0.021 0.966 6599.9 2.6305 14.143731 1.401231 14.763053 13.361822 "" "" 2623.38379 2927.80005 41443.27938 8.6 16990.0 13.427 35845.0 23.346 "" "" 0.002764516457585053 0.0029191247 0.0038449683 0.006764093 255.33353324465 -44.22319163918 2762.51099 -0.5200000000000004 -1.6679999999999997 0.1987894582748413 0.12692104053497322 0.1146594 0.10765939 "" "" 3.088318262861291 "" 0.3479824015026881 "" 0.82
255.1277188864 -44.12809830431 0.0173 0.0125 5.2849 "" "" 5964503036254647680 2840.85449 0.3118 0.0205 -0.612 -1.784 0.026 0.023 0.919 "" "" 14.150085 1.46487 14.80628 13.34141 "" "" 2694.21948 2982.93481 41201.48334 10.11 16327.0 16.478 36525.0 34.771 "" "" 0.0027681704497764777 0.0029976284 0.003918169 0.0069157975 255.1277188864 -44.12809830431 2840.85449 -0.6119999999999999 -1.7839999999999998 0.10678945827484132 0.010921040534973114 0.112659395 0.109659396 "" "" 1.4454895789979485 "" 0.16280368893902392 "" 0.92
255.14299308181 -44.16865143053 0.0182 0.0128 3.0658 "" "" 5964502623937452672 2777.94458 0.3254 0.0213 -0.648 -1.731 0.026 0.021 0.935 "" "" 14.192017 1.531355 14.890612 13.359257 "" "" 2631.1106 2912.6499 39640.60357 9.3336 15107.0 18.723 35930.0 13.894 "" "" 0.0027671542325378383 0.003097698 0.0038026308 0.006900329 255.14299308181 -44.16865143053 2777.94458 -0.648 -1.731 0.07078945827484129 0.06392104053497305 0.112659395 0.10765939 "" "" 1.2558915375452466 "" 0.1387027605195284 "" 0.95
255.23870677374 -44.19332441539 0.0169 0.0121 1.7027 "" "" 5964595493990138880 2802.51416 0.3221 0.0197 -0.649 -1.855 0.025 0.02 0.958 "" "" 14.234688 1.580645 14.962817 13.382173 "" "" 2670.94287 2962.08521 38112.87045 10.821 14135.0 13.541 35179.0 20.954 "" "" 0.002772510573759265 0.00297773 0.0038343132 0.0068120435 255.23870677374 -44.19332441539 2802.51416 -0.649 -1.855000000000001 0.06978945827484129 -0.06007895946502684 0.11165939 0.1066594 "" "" 1.2232785487480788 "" 0.13402126190758645 "" 0.96
255.16571731673 -44.17492770874 0.0178 0.0127 2.0771 "" "" 5964501971102404096 2548.70923 0.3493 0.0204 -0.731 -1.807 0.026 0.021 1.014 "" "" 14.245107 1.593654 14.981904 13.38825 "" "" 2452.72046 2663.34058 37748.86627 8.8 13888.0 12.155 34983.0 20.443 "" "" 0.002766921076003833 0.0029475465 0.0038322683 0.006779815 255.16571731673 -44.17492770874 2548.70923 -0.7309999999999999 -1.807 -0.012210541725158675 -0.012078959465026795 0.112659395 0.10765939 "" "" 0.20749546259157373 "" 0.02286907774246997 "" 0.81
255.18493125752 -44.12802319379 0.0187 0.0126 4.3253 "" "" 5964595975038045184 2561.05811 0.3475 0.0216 -0.714 -1.745 0.025 0.022 0.952 "" "" 14.278547 1.338784 14.856815 13.518031 "" "" 2442.62891 2714.71069 36603.93127 9.7248 15584.0 19.798 31042.0 28.423 "" "" 0.002770378201106366 0.003112489 0.003907944 0.007020433 255.18493125752 -44.12802319379 2561.05811 -0.714 -1.745 0.004789458274841341 0.04992104053497304 0.11165939 0.108659394 "" "" 0.6087949157448925 "" 0.06616817229475984 "" 0.96
255.29049372402 -44.23677141748 0.0182 0.0122 4.4939 "" "" 5963750759828467072 2581.81885 0.3516 0.0207 -0.763 -1.756 0.028 0.021 0.998 7944.9 3.4764 14.303841 1.313977 14.877715 13.563738 "" "" 2457.88965 2697.84595 35761.07173 7.5008 15287.0 11.863 29762.0 18.696 "" "" 0.002764715287206162 0.0029146082 0.0038404306 0.006755039 255.29049372402 -44.23677141748 2581.81885 -0.7629999999999999 -1.7559999999999998 -0.0442105417251587 0.03892104053497314 0.1146594 0.10765939 "" "" 0.7208294305261047 "" 0.08048564005074291 "" 0.96
254.85290468657 -44.30472985205 0.0177 0.0137 16.2033 "" "" 5964497981056784128 2572.12134 0.3433 0.0214 -0.738 -1.936 0.025 0.021 0.976 9087.6 3.7895 14.383841 0.96167 14.772362 13.810692 "" "" 2437.51343 2757.16821 33220.83683 6.4767 16845.0 12.896 23707.0 15.82 "" "" 0.002763439032064567 0.0029113486 0.003848203 0.0067595514 254.85290468657 -44.30472985205 2572.12134 -0.738 -1.936 -0.01921054172515868 -0.1410789594650268 0.11165939 0.10765939 "" "" 1.735887182094617 "" 0.18701326558853093 "" 0.88
255.32927413405 -44.17575949024 0.0197 0.0137 5.7379 "" "" 5963845116009071744 2643.8623 0.338 0.0221 -0.691 -1.867 0.033 0.025 1.023 "" "" 14.403382 1.478513 15.068863 13.59035 "" "" 2497.07812 2776.3252 32628.24198 8.6136 12820.0 14.006 29041.0 18.057 "" "" 0.0027701883986926547 0.0030318426 0.0038392013 0.0068710437 255.32927413405 -44.17575949024 2643.8623 -0.6909999999999997 -1.8669999999999984 0.02778945827484136 -0.07207895946502685 0.119659394 0.11165939 "" "" 0.9680953457031537 "" 0.10913013156600487 "" 0.95
255.16719612786 -43.97331939905 0.0195 0.0131 13.6321 "" "" 5964599239201882624 2495.47705 0.3528 0.0226 -0.735 -1.793 0.031 0.023 0.952 7720.1 2.5222 14.41356 2.037582 15.437357 13.399775 "" "" 2364.67847 2642.00293 32323.82914 9.5856 9130.1 12.533 34614.0 21.662 "" "" 0.0027740686114545213 0.0031632816 0.003839975 0.0070032566 255.16719612786 -43.97331939905 2495.47705 -0.7349999999999999 -1.7930000000000001 -0.016210541725158678 0.0019210405349732174 0.11765939 0.109659396 "" "" 0.19308910134695928 "" 0.022698070890404338 "" 0.92
255.32509870721 -44.05327369491 0.0193 0.0131 10.2851 "" "" 5963847589910379264 2380.87524 0.3757 0.0223 -0.707 -1.775 0.028 0.023 0.98 "" "" 14.427093 2.207047 15.558215 13.351169 "" "" 2267.34253 2522.86646 31923.42948 13.826 8168.3 14.317 36199.0 72.042 "" "" 0.0027951577191287955 0.0033773591 0.0043534767 0.007730836 255.32509870721 -44.05327369491 2380.87524 -0.7069999999999999 -1.7750000000000006 0.011789458274841347 0.019921040534973233 0.1146594 0.109659396 "" "" 0.26123551200589495 "" 0.028991391227139927 "" 0.86
255.21286612451 -44.43540241479 0.0203 0.0145 14.1772 "" "" 5963742139876237952 2617.68213 0.3403 0.0229 -0.806 -1.822 0.03 0.024 1.039 "" "" 14.462314 1.18689 14.959139 13.772249 "" "" 2478.76611 2755.5769 30904.47452 8.4793 14183.0 16.678 24562.0 21.651 "" "" 0.002771377041280889 0.0030684029 0.0038986776 0.0069670808 255.21286612451 -44.43540241479 2617.68213 -0.806 -1.822 -0.08721054172515874 -0.02707895946502692 0.116659395 0.11065939 "" "" 1.133054759024382 "" 0.1315977683026977 "" 0.84
255.09094066407 -44.23019012655 0.0188 0.0137 5.0434 "" "" 5964500837231028736 2660.83936 0.3355 0.0224 -0.707 -1.867 0.027 0.022 0.972 9241.5 3.1322 14.462836 1.530998 15.161207 13.630209 "" "" 2526.2876 2807.07568 30889.59554 8.399 11774.0 15.014 27995.0 15.564 "" "" 0.0027710903617853833 0.0031147907 0.003827282 0.006942073 255.09094066407 -44.23019012655 2660.83936 -0.7069999999999999 -1.8669999999999993 0.011789458274841347 -0.07207895946502685 0.1136594 0.108659394 "" "" 0.9211672156723126 "" 0.10021616633493836 "" 0.83
255.2004767794 -44.09571090596 0.0194 0.0135 6.2151 "" "" 5964596421703149696 2588.92505 0.3519 0.0229 -0.679 -1.723 0.03 0.024 0.971 "" "" 14.530459 1.548369 15.233355 13.684986 "" "" 2457.28955 2766.43311 29024.37462 7.7695 11017.0 20.044 26617.0 34.181 "" "" 0.0027706065524608393 0.0034186372 0.0040283673 0.0074470043 255.2004767794 -44.09571090596 2588.92505 -0.6790000000000003 -1.7229999999999994 0.03978945827484126 0.07192104053497306 0.116659395 0.11065939 "" "" 1.0086428230672038 "" 0.11306309280171202 "" 0.95
255.25019964827 -44.21647150313 0.0202 0.0137 2.392 "" "" 5963751039049561088 2501.05884 0.3635 0.0232 -0.75 -1.772 0.03 0.023 1.071 8402.9 3.0624 14.639594 1.49716 15.318 13.82084 "" "" 2380.82983 2655.0791 26248.78031 6.4878 10191.0 10.76 23487.0 17.011 "" "" 0.002768357778199179 0.003016485 0.0038603242 0.006876809 255.25019964827 -44.21647150313 2501.05884 -0.7499999999999998 -1.7719999999999994 -0.03121054172515869 0.022921040534973125 0.116659395 0.109659396 "" "" 0.4590620936250455 "" 0.05245041682067543 "" 0.96
255.17643255867 -44.18003332932 0.0204 0.0145 1.5377 "" "" 5964501971102390272 2417.60693 0.3753 0.0238 -0.62 -1.777 0.03 0.025 1.05 9776.0 3.1948 14.642202 1.51987 15.311234 13.791364 "" "" 2298.7854 2594.71045 26185.80707 7.9962 10255.0 24.477 24133.0 83.179 "" "" 0.0027751957128292746 0.0038079896 0.0053186244 0.009126614 255.17643255867 -44.18003332932 2417.60693 -0.62 -1.7770000000000001 0.09878945827484131 0.01792104053497323 0.116659395 0.11165939 "" "" 1.1505500555957702 "" 0.1340429998282727 "" 0.91
255.42364792505 -44.22115268575 0.021 0.0143 9.707 "" "" 5963844119576516224 2573.07837 0.3506 0.0239 -0.644 -1.789 0.035 0.026 0.942 8591.5 3.484 14.642838 1.339205 15.232267 13.893063 "" "" 2431.29199 2778.32935 26170.47141 5.1035 11028.0 15.439 21975.0 17.428 "" "" 0.0027634432650712523 0.0031773387 0.0038762332 0.0070535718 255.42364792505 -44.22115268575 2573.07837 -0.6439999999999999 -1.7889999999999988 0.07478945827484129 0.005921040534973221 0.1216594 0.112659395 "" "" 0.9150156699295385 "" 0.11127084723867742 "" 0.94
255.23185845242 -44.10582203879 0.0247 0.0159 5.7735 "" "" 5964596146825228288 2561.45581 0.3448 0.0278 -0.768 -1.732 0.038 0.03 1.056 8792.4 3.0433 14.746468 1.748905 15.568309 13.819404 "" "" 2404.5293 2753.62842 23788.10271 8.1867 8092.7 18.134 23518.0 36.104 "" "" 0.0027805411522094352 0.0037018992 0.0041306047 0.007832504 255.23185845242 -44.10582203879 2561.45581 -0.7680000000000007 -1.732 -0.04921054172515871 0.06292104053497316 0.12465939 0.116659395 "" "" 0.969841034572866 "" 0.11614677449316729 "" 0.88
255.13889983219 -44.18621995784 0.0221 0.0159 2.7435 "" "" 5964502589577702272 2458.06958 0.3679 0.0256 -0.744 -1.814 0.032 0.026 1.049 "" "" 14.785569 1.617596 15.534652 13.917056 "" "" 2300.14868 2595.17896 22946.64422 6.4004 8347.5 9.8308 21495.0 29.429 "" "" 0.0027719128863198123 0.003069207 0.0040612044 0.0071304115 255.13889983219 -44.18621995784 2458.06958 -0.744 -1.814 -0.025210541725158686 -0.019078959465026912 0.11865939 0.112659395 "" "" 0.36836713973933427 "" 0.042918532415141306 "" 0.82
255.26724037529 -44.12896094979 0.0228 0.0152 5.1168 "" "" 5964596082406626176 2438.08423 0.3702 0.0271 -0.636 -1.752 0.036 0.028 0.991 "" "" 14.923763 1.579225 15.641371 14.062145 "" "" 2300.14941 2611.53491 20204.18825 6.5771 7566.0 9.7211 18806.0 15.738 "" "" 0.0027778967175448597 0.0031194657 0.0038870682 0.007006534 255.26724037529 -44.12896094979 2438.08423 -0.6359999999999999 -1.7519999999999998 0.0827894582748413 0.04292104053497314 0.12265939 0.1146594 "" "" 1.0776917456729513 "" 0.1304102323510317 "" 0.93
