Clusters/UBC_322/UBC_322_stars_in_region.tsv
# %ECSV 1.0
# ---
# datatype:
# - name: RA_ICRS_1
#   unit: deg
#   datatype: float64
#   format: '{:15.11f}'
#   description: Right ascension (ICRS) at Ep=2016.0 (ra)
#   meta: !!omap
#   - {ucd: POS_EQ_RA_MAIN}
#   - {width: 15}
#   - {precision: '11'}
# - name: DE_ICRS_1
#   unit: deg
#   datatype: float64
#   format: '{:15.11f}'
#   description: Declination (ICRS) at Ep=2016.0 (dec)
#   meta: !!omap
#   - {ucd: POS_EQ_DEC_MAIN}
#   - {width: 15}
#   - {precision: '11'}
# - name: e_RA_ICRS
#   unit: mas
#   datatype: float64
#   format: '{:7.4f}'
#   description: Standard error of right ascension (ra_error)
#   meta: !!omap
#   - {ucd: ERROR}
#   - {width: 7}
#   - {precision: '4'}
# - name: e_DE_ICRS
#   unit: mas
#   datatype: float64
#   format: '{:7.4f}'
#   description: Standard error of declination (dec_error)
#   meta: !!omap
#   - {ucd: ERROR}
#   - {width: 7}
#   - {precision: '4'}
# - name: _r_1
#   unit: ''
#   datatype: float64
#   format: '{:7.4f}'
#   description: Distance from center (255.20001011000-44.19929530000)[ICRS], at Epoch=J2016.0
#   meta: !!omap
#   - {ucd: POS_ANG_DIST_GENERAL}
#   - {width: 7}
#   - {precision: '4'}
# - name: HIP
#   datatype: int32
#   description: '? HIP cross-id number, van Leeuwen, Cat. I/311 (hip_original_ext_source_id)'
#   meta: !!omap
#   - {ucd: ID_NUMBER}
#   - {width: 6}
#   - values: {'null': -2147483648}
# - name: TYC2
#   datatype: string
#   description: Tycho-2 cross-id name, Hog et al., Cat. I/259 (tyc2_original_ext_source_id)
#   meta: !!omap
#   - {ucd: ID_CROSSID}
#   - {_votable_string_dtype: char}
# - name: Source
#   datatype: int64
#   description: Source identifier, identical to the Gaia-EDR3 source_id (id)
#   meta: !!omap
#   - {ucd: ID_MAIN}
#   - {width: 19}
# - name: rgeo
#   unit: pc
#   datatype: float64
#   format: '{:15.8f}'
#   description: '? Median of the geometric distance posterior (r_med_geo)'
#   meta: !!omap
#   - {ucd: PHYS_DISTANCE_TRUE}
#   - {width: 15}
#   - {precision: '8'}
#   - values: {'null': .nan}
# - name: Plx
#   unit: mas
#   datatype: float64
#   format: '{:9.4f}'
#   description: '? Parallax (parallax)'
#   meta: !!omap
#   - {ucd: POS_PARLX_TRIG}
#   - {width: 9}
#   - {precision: '4'}
#   - values: {'null': .nan}
# - name: e_Plx
#   unit: mas
#   datatype: float32
#   format: '{:7.4f}'
#   description: '? Standard error of parallax (parallax_error)'
#   meta: !!omap
#   - {ucd: ERROR}
#   - {width: 7}
#   - {precision: '4'}
#   - values: {'null': .nan}
# - name: pmRA
#   unit: mas / yr
#   datatype: float64
#   format: '{:9.3f}'
#   description: '? Proper motion in right ascension direction, pmRA*cosDE (pmra)'
#   meta: !!omap
#   - {ucd: POS_EQ_PMRA}
#   - {width: 9}
#   - {precision: '3'}
#   - values: {'null': .nan}
# - name: pmDE
#   unit: mas / yr
#   datatype: float64
#   format: '{:9.3f}'
#   description: '? Proper motion in declination direction (pmdec)'
#   meta: !!omap
#   - {ucd: POS_EQ_PMDEC}
#   - {width: 9}
#   - {precision: '3'}
#   - values: {'null': .nan}
# - name: e_pmRA
#   unit: mas / yr
#   datatype: float32
#   format: '{:6.3f}'
#   description: '? Standard error of proper motion in right ascension direction (pmra_error)'
#   meta: !!omap
#   - {ucd: ERROR}
#   - {width: 6}
#   - {precision: '3'}
#   - values: {'null': .nan}
# - name: e_pmDE
[...]
#         unit: &id001 !astropy.units.Unit {unit: deg}
#         value: !astropy.table.SerializedColumn {name: SkyCoord.dec}
#       distance: !astropy.table.SerializedColumn
#         __class__: astropy.coordinates.distances.Distance
#         unit: !astropy.units.Unit {unit: pc}
#         value: !astropy.table.SerializedColumn {name: SkyCoord.distance}
#       frame: icrs
#       obstime: !astropy.time.Time {format: jyear_str, in_subfmt: '*', jd1: 367701545.0, jd2: 0.0, out_subfmt: '*', precision: 3, scale: tt}
#       pm_dec: !astropy.table.SerializedColumn
#         __class__: astropy.units.quantity.Quantity
#         unit: !astropy.units.Unit {unit: mas / yr}
#         value: !astropy.table.SerializedColumn {name: SkyCoord.pm_dec}
#       pm_ra_cosdec: !astropy.table.SerializedColumn
#         __class__: astropy.units.quantity.Quantity
#         unit: !astropy.units.Unit {unit: mas / yr}
#         value: !astropy.table.SerializedColumn {name: SkyCoord.pm_ra_cosdec}
#       ra: !astropy.table.SerializedColumn
#         __class__: astropy.coordinates.angles.Longitude
#         unit: *id001
#         value: !astropy.table.SerializedColumn {name: SkyCoord.ra}
#         wrap_angle: !astropy.coordinates.Angle
#           unit: *id001
#           value: 360.0
#       representation_type: spherical
# schema: astropy-2.0
RA_ICRS_1 DE_ICRS_1 e_RA_ICRS e_DE_ICRS _r_1 HIP TYC2 Source rgeo Plx e_Plx pmRA pmDE e_pmRA e_pmDE RUWE Teff logg Gmag BP-RP BPmag RPmag RV e_RV b_rgeo B_rgeo FG e_FG FBP e_FBP FRP e_FRP RAVE5 RAVE6 e_Gmag e_BPmag e_RPmag e_BP-RP SkyCoord.ra SkyCoord.dec SkyCoord.distance SkyCoord.pm_ra_cosdec SkyCoord.pm_dec
[from data line 1170]
255.25302374506 -44.41348140511 0.0418 0.0307 13.0512 "" "" 5963747912313227136 2490.26099 0.3836 0.0478 -1.659 -2.757 0.066 0.052 0.986 7716.4 3.9528 16.207167 1.722693 17.026653 15.30396 "" "" 2276.08813 2781.82715 6195.55605 2.6415 2112.3 9.3026 5992.0 10.842 "" "" 0.0027939350694869067 0.0055361288 0.004259479 0.009795608 255.25302374506 -44.41348140511 2490.26099 -1.6589999999999996 -2.7569999999999997
254.76527190501 -44.25348071301 0.0493 0.0333 18.9723 "" "" 5964509354124448128 2427.02808 0.3614 0.0551 0.029 0.056 0.069 0.054 1.044 4490.7 2.1709 16.207556 3.728718 18.549038 14.82032 "" "" 2196.35791 2761.57227 6193.33767 3.9343 519.76 8.0065 9354.7 12.519 "" "" 0.002840332788631505 0.016956065 0.004049064 0.02100513 254.76527190501 -44.25348071301 2427.02808 0.028999999999999998 0.05600000000000001
255.49148060685 -44.30821520163 0.086 0.065 14.1284 "" "" 5963839549731147520 2837.43262 0.3996 0.1111 -1.223 -3.521 0.151 0.111 2.034 "" "" 16.20846 "" "" "" "" "" 2090.07837 4039.71899 6188.17852 9.9851 "" "" "" "" "" "" 0.003265119814076418 "" "" "" 255.49148060685 -44.30821520163 2837.43262 -1.2229999999999999 -3.521
255.44389304646 -44.29221170751 0.0546 0.0328 11.8727 "" "" 5963840546137492864 2475.61987 0.3979 0.0639 -1.109 -2.423 0.09 0.061 1.154 7966.0 3.7964 16.210402 2.015191 17.157545 15.142354 "" "" 2087.90479 2992.08521 6177.1234 3.2552 1872.4 12.938 6953.7 48.331 "" "" 0.002814099098549393 0.008004319 0.00843981 0.016444128 255.44389304646 -44.29221170751 2475.61987 -1.109 -2.422999999999999
255.13059834139 -44.15056136592 0.0412 0.0287 4.18 "" "" 5964502795720713088 2554.73657 0.3469 0.0462 -0.708 -1.375 0.055 0.048 1.014 "" "" 16.21048 1.621116 16.950022 15.328906 "" "" 2337.27832 2880.4646 6176.67372 2.54 2266.8 10.159 5855.9 17.97 "" "" 0.0027912604732696655 0.005609092 0.005038314 0.010647406 255.13059834139 -44.15056136592 2554.73657 -0.7079999999999997 -1.3749999999999998
255.14772334602 -44.10447817406 0.042 0.0283 6.1181 "" "" 5964596799660260224 2593.85498 0.3663 0.0472 -3.428 -3.073 0.06 0.048 0.972 9036.1 4.1841 16.211496 1.789615 17.077763 15.288148 "" "" 2277.81641 2873.86938 6170.89538 2.6438 2015.2 6.4585 6079.9 9.2771 "" "" 0.002794309501026127 0.0044601723 0.0041265404 0.008586712 255.14772334602 -44.10447817406 2593.85498 -3.428 -3.073
255.50654457509 -43.97978594036 0.0459 0.0278 18.654 "" "" 5963851610000785024 2517.14526 0.3779 0.0568 -1.536 -1.7 0.064 0.049 1.036 "" "" 16.211706 1.66508 16.992277 15.327197 "" "" 2185.95239 2939.72705 6169.70634 2.8555 2180.2 8.9494 5865.2 10.535 "" "" 0.0028007682029591455 0.005258137 0.0042528757 0.009511013 255.50654457509 -43.97978594036 2517.14526 -1.536 -1.6999999999999997
255.39594376814 -44.2632984261 0.043 0.0317 9.2576 "" "" 5963843569820643456 2489.11426 0.3877 0.0504 -2.181 -3.246 0.072 0.059 1.009 7692.4 3.5318 16.212812 1.500814 16.880573 15.379759 "" "" 2224.29956 2877.03296 6163.422 2.7848 2416.5 9.8779 5588.0 15.793 "" "" 0.0027986502583861816 0.0052423505 0.0048682336 0.010110584 255.39594376814 -44.2632984261 2489.11426 -2.1809999999999996 -3.2459999999999996
255.353279474 -44.07044424737 0.0443 0.0291 10.1652 "" "" 5963847383751936256 2986.68042 0.308 0.0517 -1.317 -0.432 0.068 0.051 1.0 9302.6 3.9431 16.213585 2.15099 17.317421 15.166431 "" "" 2592.74609 3433.91089 6159.03721 8.1586 1616.0 9.8388 6801.2 20.976 "" "" 0.0031080995846188724 0.0071750893 0.0050494308 0.01222452 255.353279474 -44.07044424737 2986.68042 -1.3170000000000002 -0.43199999999999994
255.18231952189 -44.13586608957 0.0424 0.028 3.8812 "" "" 5964595876247506304 2797.2644 0.3307 0.0492 -0.17 -2.405 0.063 0.049 0.949 "" "" 16.215908 1.604236 16.960997 15.356761 "" "" 2444.229 3222.68164 6145.87759 2.6945 2244.0 9.0399 5707.6 14.058 "" "" 0.002796136181989374 0.005188036 0.0046298043 0.0098178405 255.18231952189 -44.13586608957 2797.2644 -0.16999999999999993 -2.405
255.59631013399 -44.4087647058 0.0438 0.0295 21.1547 "" "" 5963827248917584128 2699.71484 0.3306 0.0507 1.425 -1.563 0.068 0.051 0.956 5073.0 2.6433 16.21599 3.096807 17.947142 14.850335 "" "" 2401.55103 3050.0271 6145.41104 3.7363 904.82 6.6253 9099.6 27.147 "" "" 0.0028332899890761718 0.00842542 0.0049774963 0.0134029165 255.59631013399 -44.4087647058 2699.71484 1.425 -1.5629999999999997
255.26371399992 -44.34136030884 0.0428 0.0338 8.9525 "" "" 5963748565148317440 2868.51147 0.3421 0.0503 -0.86 -2.884 0.067 0.059 0.986 "" "" 16.217648 1.530591 16.91207 15.381478 "" "" 2494.84399 3292.13623 6136.03165 2.8997 2347.4 9.2396 5579.1 14.943 "" "" 0.002802685525666648 0.005103765 0.004768682 0.009872448 255.26371399992 -44.34136030884 2868.51147 -0.8600000000000001 -2.8839999999999995
255.07674427856 -44.21449114224 0.043 0.0305 5.3794 "" "" 5964500905950530176 2970.68164 0.321 0.05 -0.998 -2.939 0.062 0.051 1.015 4872.5 2.9677 16.218433 2.712878 17.737968 15.02509 "" "" 2580.97412 3408.79297 6131.59861 3.4655 1097.1 5.3507 7746.8 14.178 "" "" 0.0028228263106003094 0.0059853997 0.004269923 0.010255323 255.07674427856 -44.21449114224 2970.68164 -0.9979999999999999 -2.939
254.98482753228 -44.50403423251 0.0417 0.0284 20.4829 "" "" 5964491388302106880 2427.26758 0.4107 0.0447 -1.568 -3.587 0.059 0.045 1.022 8552.4 4.1175 16.219458 1.537451 16.89478 15.357328 "" "" 2143.23291 2669.5918 6125.81046 3.009 2385.1 12.208 5704.6 22.733 "" "" 0.0028064591879118335 0.006218392 0.005744909 0.0119633 254.98482753228 -44.50403423251 2427.26758 -1.568 -3.587
255.46502318083 -44.23132581018 0.0434 0.0303 11.5574 "" "" 5963841130279241472 2419.30518 0.4039 0.0509 -1.68 -3.75 0.073 0.055 1.09 "" "" 16.221289 1.598997 16.965776 15.366779 "" "" 2200.99805 2726.75537 6115.48583 2.6616 2234.1 5.9523 5655.2 10.729 "" "" 0.002795546630457335 0.004019065 0.004304266 0.00832333 255.46502318083 -44.23132581018 2419.30518 -1.68 -3.75
255.17301157791 -44.37702509659 0.0411 0.0298 10.7267 "" "" 5964498775645870464 2466.27295 0.3792 0.047 2.246 -5.433 0.062 0.049 1.03 4911.3 3.4473 16.222757 2.627841 17.677439 15.049598 "" "" 2227.86377 2737.87207 6107.21865 3.1316 1160.0 7.8429 7573.9 12.272 "" "" 0.0028110035969504295 0.007853171 0.0041687624 0.012021933 255.17301157791 -44.37702509659 2466.27295 2.246 -5.433
255.36647512664 -44.27126470001 0.0414 0.029 8.358 "" "" 5963843496758768768 2354.92139 0.419 0.0503 -3.218 -4.207 0.067 0.055 0.998 "" "" 16.22337 1.763769 17.059908 15.296139 "" "" 2076.91895 2617.95679 6103.78263 2.828 2048.6 8.5951 6035.4 12.426 "" "" 0.0028008643571744694 0.0053419014 0.0043909694 0.00973287 255.36647512664 -44.27126470001 2354.92139 -3.2179999999999995 -4.206999999999999
255.21910635944 -44.14390121691 0.0417 0.0293 3.4237 "" "" 5964595704448800896 2321.98804 0.4249 0.0502 -0.876 -2.079 0.063 0.049 0.995 9285.7 3.9714 16.225414 1.603993 16.955505 15.351512 "" "" 2061.37012 2627.79077 6092.29315 2.9301 2255.4 10.348 5735.3 22.167 "" "" 0.0028043659746704447 0.0057096453 0.00564742 0.011357065 255.21910635944 -44.14390121691 2321.98804 -0.8760000000000001 -2.079
254.98154919347 -44.41533234791 0.0452 0.0307 16.0 "" "" 5964495030434483200 2500.07129 0.3697 0.05 -2.847 -3.642 0.065 0.051 0.958 "" "" 16.226748 1.481944 16.902187 15.420243 "" "" 2186.16138 2811.88354 6084.81677 2.6721 2368.9 8.4812 5383.5 9.7356 "" "" 0.002796269052224688 0.0047848965 0.0042589796 0.009043876 254.98154919347 -44.41533234791 2500.07129 -2.847 -3.6420000000000003
254.96457720017 -44.34214544161 0.0435 0.0299 13.2579 "" "" 5964496950264538496 2989.33765 0.3109 0.0507 -1.857 -4.868 0.065 0.05 0.935 6736.8 4.2521 16.227232 1.577519 16.966288 15.388768 "" "" 2578.25391 3576.05591 6082.1011 2.8787 2233.1 7.9086 5541.8 13.284 "" "" 0.002802832245033816 0.0047508306 0.004588801 0.009339632 254.96457720017 -44.34214544161 2989.33765 -1.8570000000000002 -4.868000000000001
255.2639071981 -44.37503880076 0.0501 0.0337 10.8959 "" "" 5963748354646240512 2985.66113 0.3192 0.0547 -1.906 -3.165 0.071 0.056 1.116 "" "" 16.228043 2.184418 17.345642 15.161224 "" "" 2603.47192 3636.54858 6077.56583 5.73 1574.6 8.8053 6833.9 8.8687 "" "" 0.0029393260994478557 0.006681956 0.004033491 0.010715447 255.2639071981 -44.37503880076 2985.66113 -1.9059999999999997 -3.165
254.93932516558 -44.3179429095 0.0432 0.0305 13.2727 "" "" 5964497018984073472 2316.42749 0.4106 0.0517 -1.755 -3.321 0.061 0.049 1.103 8514.3 4.1275 16.228344 1.549017 16.904879 15.355862 "" "" 2077.59204 2563.1748 6075.87667 3.2434 2363.0 13.599 5712.3 17.1 "" "" 0.0028156182667854117 0.0068430495 0.004984726 0.011827776 254.93932516558 -44.3179429095 2316.42749 -1.7550000000000003 -3.3210000000000006
255.42634404777 -44.18199235015 0.0642 0.0456 9.7924 "" "" 5963845661434578048 2505.55469 0.4078 0.0762 -3.225 -2.904 0.108 0.087 1.586 "" "" 16.22909 1.641184 16.955313 15.314129 "" "" 2059.00049 3117.22119 6071.70605 3.8681 2255.8 10.873 5936.2 12.52 "" "" 0.0028408139591322365 0.0059306114 0.0044189882 0.0103496 255.42634404777 -44.18199235015 2505.55469 -3.225 -2.904
255.29089203965 -44.54799552984 0.0435 0.0302 21.282 "" "" 5963740280107337600 2646.06641 0.3742 0.0495 -1.183 -1.829 0.069 0.057 1.007 "" "" 16.230341 1.741469 17.064013 15.322543 "" "" 2342.91016 3005.49561 6064.7146 2.9355 2040.9 7.3064 5890.3 10.636 "" "" 0.0028049900647564934 0.004784686 0.004257612 0.009042298 255.29089203965 -44.54799552984 2646.06641 -1.1829999999999998 -1.829
255.08837563335 -43.94913873317 0.0437 0.0295 15.7619 "" "" 5964602507677653120 2649.10571 0.3541 0.0498 -0.713 -1.678 0.067 0.051 0.929 "" "" 16.231611 1.704227 17.038885 15.334659 "" "" 2336.51074 3071.10376 6057.62532 2.9816 2088.6 7.425 5825.0 9.7233 "" "" 0.002806666906550508 0.004762683 0.0041914606 0.008954143 255.08837563335 -43.94913873317 2649.10571 -0.7129999999999999 -1.6779999999999997
255.64435439832 -44.08687466223 0.0518 0.0318 20.286 "" "" 5963850063812340224 2989.92725 0.3266 0.0609 -0.806 -2.111 0.073 0.051 0.998 9443.7 4.1687 16.232761 1.643155 17.010857 15.367702 "" "" 2622.99902 3657.43848 6051.21278 2.988 2143.3 8.3084 5650.4 11.925 "" "" 0.0028069938799690124 0.0050496613 0.0044197626 0.009469423 255.64435439832 -44.08687466223 2989.92725 -0.806 -2.111
255.25617794022 -44.54035898346 0.0402 0.029 20.6051 "" "" 5963740451906052352 2869.86401 0.3374 0.0477 -1.131 -2.787 0.058 0.05 1.017 "" "" 16.23423 1.459758 16.478266 15.018508 "" "" 2464.58984 3321.26514 6043.03191 9.463 3500.3 42.272 7793.9 52.646 "" "" 0.003237660607087365 0.013405664 0.008250441 0.021656105 255.25617794022 -44.54035898346 2869.86401 -1.1310000000000002 -2.787
255.62853463501 -44.09625058069 0.0504 0.0311 19.4575 "" "" 5963848547642973824 3250.68091 0.3006 0.061 -3.069 -4.728 0.072 0.051 0.965 7961.3 4.1736 16.235144 1.524513 16.918434 15.393921 "" "" 2812.38525 3773.55322 6037.94664 3.0053 2333.7 8.4334 5515.6 21.866 "" "" 0.0028078161745264466 0.0048145084 0.005728052 0.01054256 255.62853463501 -44.09625058069 3250.68091 -3.0689999999999995 -4.728
255.26079189712 -44.0470373217 0.0501 0.0324 9.5032 "" "" 5964597933531702144 2516.05908 0.368 0.0581 -1.324 -1.207 0.075 0.058 1.096 "" "" 16.236986 3.107757 18.065048 14.957292 "" "" 2170.34229 2949.11621 6027.70438 3.3177 811.7 7.6709 8246.0 12.088 "" "" 0.0028193817191815343 0.0106332535 0.0041008457 0.014734099 255.26079189712 -44.0470373217 2516.05908 -1.3239999999999998 -1.2070000000000003
254.80077965719 -44.41457376018 0.0462 0.0308 21.4633 "" "" 5964484035317426176 2796.6084 0.3286 0.0518 -1.843 -3.601 0.071 0.051 1.067 8067.7 4.097 16.237131 1.829749 17.136429 15.30668 "" "" 2514.35889 3200.11694 6026.90035 2.858 1909.2 7.0541 5977.0 10.823 "" "" 0.0028030116558133635 0.004886487 0.0042601614 0.009146648 254.80077965719 -44.41457376018 2796.6084 -1.8430000000000002 -3.601
255.46834327319 -44.3318771083 0.0578 0.0395 14.0074 "" "" 5963840133846682368 2822.11255 0.3646 0.0681 -0.03 -1.643 0.094 0.068 1.486 4940.8 3.6579 16.237839 2.097268 17.272297 15.175029 "" "" 2415.09204 3630.15625 6022.97896 6.5142 1684.6 7.7183 6747.6 21.21 "" "" 0.002995119060981273 0.005703566 0.0050922674 0.010795834 255.46834327319 -44.3318771083 2822.11255 -0.02999999999999997 -1.6429999999999998
255.14352669083 -44.07639126837 0.0439 0.0284 7.765 "" "" 5964597044478647936 2741.53394 0.3363 0.0503 -1.594 -2.789 0.065 0.05 1.047 4958.4 2.8098 16.237976 2.82646 17.839718 15.013258 "" "" 2383.60938 3536.18823 6022.21394 3.241 998.92 8.2663 7831.7 15.678 "" "" 0.0028165961011271017 0.0094079925 0.0043597952 0.013767788 255.14352669083 -44.07639126837 2741.53394 -1.594 -2.7889999999999997
254.92034458956 -44.40716788328 0.0403 0.0296 17.3137 "" "" 5964495236592969216 2673.10645 0.352 0.0469 -1.652 -3.767 0.058 0.046 1.015 "" "" 16.239525 1.579026 16.976246 15.39722 "" "" 2375.64429 3091.77466 6013.63377 2.5037 2212.7 10.817 5498.8 12.486 "" "" 0.0027921537804803834 0.0059964173 0.0045123952 0.010508813 254.92034458956 -44.40716788328 2673.10645 -1.6519999999999997 -3.7669999999999986
255.34642103314 -44.16286677751 0.0457 0.0307 6.6682 "" "" 5963845219088301440 2408.43848 0.3973 0.0507 -0.971 -2.609 0.074 0.054 1.021 9670.2 4.3336 16.239689 1.741078 16.980148 15.23907 "" "" 2150.31104 2693.75879 6012.72442 3.0414 2204.7 31.468 6361.1 49.499 "" "" 0.002809520332033895 0.015746048 0.009255474 0.025001522 255.34642103314 -44.16286677751 2408.43848 -0.9710000000000001 -2.6090000000000004
255.49360120122 -44.09615636041 0.0487 0.0309 14.0735 "" "" 5963849239178718464 2702.4834 0.3648 0.0566 -1.078 -2.053 0.077 0.055 1.053 "" "" 16.240194 1.458368 16.8781 15.419731 "" "" 2348.75293 3173.19897 6009.92234 2.8897 2422.0 15.23 5386.0 22.432 "" "" 0.002804339617265641 0.0073754527 0.005893367 0.013268819 255.49360120122 -44.09615636041 2702.4834 -1.078 -2.053
255.47286652599 -44.2103135989 0.0717 0.0499 11.7545 "" "" 5963842642108099712 3356.97925 0.3162 0.0861 -2.3 -5.351 0.128 0.09 1.721 5811.7 3.8077 16.240917 1.610628 16.900131 15.289503 "" "" 2594.65747 4520.07617 6005.9294 6.5255 2373.4 7.7419 6072.4 14.818 "" "" 0.0029972309743332686 0.0045086653 0.0046155434 0.009124208 255.47286652599 -44.2103135989 3356.97925 -2.2999999999999994 -5.350999999999999
254.77154606866 -44.26117722936 0.0416 0.0277 18.7912 "" "" 5964508598210166912 2473.2915 0.3837 0.0461 -2.207 -4.045 0.058 0.045 0.97 7879.7 4.1128 16.242205 1.735483 17.075413 15.33993 "" "" 2175.03735 2788.45337 5998.80222 2.6564 2019.5 9.4252 5796.8 10.939 "" "" 0.002796953001653332 0.0057846275 0.004299021 0.010083648 254.77154606866 -44.26117722936 2473.2915 -2.207 -4.044999999999999
254.92183786566 -44.46837127407 0.1477 0.1022 20.079 "" "" 5964494613802006400 2410.13965 0.4688 0.1649 -7.249 -3.724 0.21 0.162 3.575 4943.3 4.3408 16.24259 1.64603 16.970333 15.324303 "" "" 1776.6062 3105.9436 5996.67768 9.7803 2224.8 8.3193 5880.8 13.637 "" "" 0.003275281414787028 0.004926276 0.0045412136 0.00946749 254.92183786566 -44.46837127407 2410.13965 -7.248999999999999 -3.724
255.61305744723 -44.06897740229 0.0466 0.0307 19.4297 "" "" 5963850093831260416 2505.1709 0.3846 0.0555 -4.623 -3.623 0.07 0.049 1.028 4919.1 3.5813 16.24296 2.140204 17.345991 15.205787 "" "" 2162.90015 2899.79688 5994.63998 2.8237 1574.1 9.7627 6559.1 11.804 "" "" 0.0028023815325290036 0.0072889966 0.0042545944 0.011543591 255.61305744723 -44.06897740229 2505.1709 -4.623 -3.6229999999999998
254.84613912358 -44.31668408765 0.0443 0.0295 16.7586 "" "" 5964496469228266624 2749.59937 0.3414 0.0488 -0.906 -2.021 0.058 0.046 0.971 6681.6 4.1518 16.242992 1.805821 17.121738 15.315917 "" "" 2477.55127 3082.62158 5994.45894 2.8109 1935.2 6.3026 5926.4 8.8129 "" "" 0.00280196217238474 0.004504296 0.004109806 0.008614102 254.84613912358 -44.31668408765 2749.59937 -0.9059999999999999 -2.021
