Clusters/UBC_322/UBC_322_stars_in_region.tsv
# %ECSV 1.0
# ---
# datatype:
# - name: RA_ICRS_1
#   unit: deg
#   datatype: float64
#   format: '{:15.11f}'
#   description: Right ascension (ICRS) at Ep=2016.0 (ra)
#   meta: !!omap
#   - {ucd: POS_EQ_RA_MAIN}
#   - {width: 15}
#   - {precision: '11'}
# - name: DE_ICRS_1
#   unit: deg
#   datatype: float64
#   format: '{:15.11f}'
#   description: Declination (ICRS) at Ep=2016.0 (dec)
#   meta: !!omap
#   - {ucd: POS_EQ_DEC_MAIN}
#   - {width: 15}
#   - {precision: '11'}
# - name: e_RA_ICRS
#   unit: mas
#   datatype: float64
#   format: '{:7.4f}'
#   description: Standard error of right ascension (ra_error)
#   meta: !!omap
#   - {ucd: ERROR}
#   - {width: 7}
#   - {precision: '4'}
# - name: e_DE_ICRS
#   unit: mas
#   datatype: float64
#   format: '{:7.4f}'
#   description: Standard error of declination (dec_error)
#   meta: !!omap
#   - {ucd: ERROR}
#   - {width: 7}
#   - {precision: '4'}
# - name: _r_1
#   unit: ''
#   datatype: float64
#   format: '{:7.4f}'
#   description: Distance from center (255.20001011000-44.19929530000)[ICRS], at Epoch=J2016.0
#   meta: !!omap
#   - {ucd: POS_ANG_DIST_GENERAL}
#   - {width: 7}
#   - {precision: '4'}
# - name: HIP
#   datatype: int32
#   description: '? HIP cross-id number, van Leeuwen, Cat. I/311 (hip_original_ext_source_id)'
#   meta: !!omap
#   - {ucd: ID_NUMBER}
#   - {width: 6}
#   - values: {'null': -2147483648}
# - name: TYC2
#   datatype: string
#   description: Tycho-2 cross-id name, Hog et al., Cat. I/259 (tyc2_original_ext_source_id)
#   meta: !!omap
#   - {ucd: ID_CROSSID}
#   - {_votable_string_dtype: char}
# - name: Source
#   datatype: int64
#   description: Source identifier, identical to the Gaia-EDR3 source_id (id)
#   meta: !!omap
#   - {ucd: ID_MAIN}
#   - {width: 19}
# - name: rgeo
#   unit: pc
#   datatype: float64
#   format: '{:15.8f}'
#   description: '? Median of the geometric distance posterior (r_med_geo)'
#   meta: !!omap
#   - {ucd: PHYS_DISTANCE_TRUE}
#   - {width: 15}
#   - {precision: '8'}
#   - values: {'null': .nan}
# - name: Plx
#   unit: mas
#   datatype: float64
#   format: '{:9.4f}'
#   description: '? Parallax (parallax)'
#   meta: !!omap
#   - {ucd: POS_PARLX_TRIG}
#   - {width: 9}
#   - {precision: '4'}
#   - values: {'null': .nan}
# - name: e_Plx
#   unit: mas
#   datatype: float32
#   format: '{:7.4f}'
#   description: '? Standard error of parallax (parallax_error)'
#   meta: !!omap
#   - {ucd: ERROR}
#   - {width: 7}
#   - {precision: '4'}
#   - values: {'null': .nan}
# - name: pmRA
#   unit: mas / yr
#   datatype: float64
#   format: '{:9.3f}'
#   description: '? Proper motion in right ascension direction, pmRA*cosDE (pmra)'
#   meta: !!omap
#   - {ucd: POS_EQ_PMRA}
#   - {width: 9}
#   - {precision: '3'}
#   - values: {'null': .nan}
# - name: pmDE
#   unit: mas / yr
#   datatype: float64
#   format: '{:9.3f}'
#   description: '? Proper motion in declination direction (pmdec)'
#   meta: !!omap
#   - {ucd: POS_EQ_PMDEC}
#   - {width: 9}
#   - {precision: '3'}
#   - values: {'null': .nan}
# - name: e_pmRA
#   unit: mas / yr
#   datatype: float32
#   format: '{:6.3f}'
#   description: '? Standard error of proper motion in right ascension direction (pmra_error)'
#   meta: !!omap
#   - {ucd: ERROR}
#   - {width: 6}
#   - {precision: '3'}
#   - values: {'null': .nan}
# - name: e_pmDE
[...]
#         unit: &id001 !astropy.units.Unit {unit: deg}
#         value: !astropy.table.SerializedColumn {name: SkyCoord.dec}
#       distance: !astropy.table.SerializedColumn
#         __class__: astropy.coordinates.distances.Distance
#         unit: !astropy.units.Unit {unit: pc}
#         value: !astropy.table.SerializedColumn {name: SkyCoord.distance}
#       frame: icrs
#       obstime: !astropy.time.Time {format: jyear_str, in_subfmt: '*', jd1: 367701545.0, jd2: 0.0, out_subfmt: '*', precision: 3, scale: tt}
#       pm_dec: !astropy.table.SerializedColumn
#         __class__: astropy.units.quantity.Quantity
#         unit: !astropy.units.Unit {unit: mas / yr}
#         value: !astropy.table.SerializedColumn {name: SkyCoord.pm_dec}
#       pm_ra_cosdec: !astropy.table.SerializedColumn
#         __class__: astropy.units.quantity.Quantity
#         unit: !astropy.units.Unit {unit: mas / yr}
#         value: !astropy.table.SerializedColumn {name: SkyCoord.pm_ra_cosdec}
#       ra: !astropy.table.SerializedColumn
#         __class__: astropy.coordinates.angles.Longitude
#         unit: *id001
#         value: !astropy.table.SerializedColumn {name: SkyCoord.ra}
#         wrap_angle: !astropy.coordinates.Angle
#           unit: *id001
#           value: 360.0
#       representation_type: spherical
# schema: astropy-2.0
RA_ICRS_1 DE_ICRS_1 e_RA_ICRS e_DE_ICRS _r_1 HIP TYC2 Source rgeo Plx e_Plx pmRA pmDE e_pmRA e_pmDE RUWE Teff logg Gmag BP-RP BPmag RPmag RV e_RV b_rgeo B_rgeo FG e_FG FBP e_FBP FRP e_FRP RAVE5 RAVE6 e_Gmag e_BPmag e_RPmag e_BP-RP SkyCoord.ra SkyCoord.dec SkyCoord.distance SkyCoord.pm_ra_cosdec SkyCoord.pm_dec
[from data line 120]
255.63861037238 -44.20502456022 0.0194 0.0122 18.8686 "" "" 5963836010677248000 2757.17017 0.3191 0.0225 0.405 -2.081 0.029 0.021 1.061 "" "" 14.039978 1.345437 14.619636 13.274199 "" "" 2627.30347 2930.53345 45599.0299 16.711 19389.0 22.035 38858.0 21.687 "" "" 0.00278390225879493 0.0030508314 0.0038276513 0.0068784826 255.63861037238 -44.20502456022 2757.17017 0.4049999999999999 -2.0810000000000004
255.02068367155 -44.28898134355 0.0174 0.0134 9.4004 "" "" 5964503139332881024 2511.98145 0.3458 0.0212 -2.345 -3.12 0.025 0.021 1.034 4770.8 2.2057 14.044523 2.721836 15.578167 12.856331 -66.02 1.11 2353.99463 2665.86768 45408.54635 16.198 8019.6 15.395 57099.0 27.925 "" "" 0.00278240742905634 0.0034826966 0.003816501 0.007299198 255.02068367155 -44.28898134355 2511.98145 -2.345 -3.12
254.96355081123 -44.28954176205 0.0173 0.0122 11.516 "" "" 5964497469976102656 2685.81445 0.3315 0.02 -1.026 -2.61 0.024 0.019 1.065 8331.7 2.7833 14.056027 1.350455 14.648564 13.298109 "" "" 2546.5061 2856.55371 44929.95236 11.038 18880.0 18.189 38011.0 18.567 "" "" 0.002768200959139396 0.0029797922 0.0038164107 0.0067962026 254.96355081123 -44.28954176205 2685.81445 -1.0259999999999998 -2.6100000000000003
255.11280833503 -44.51167861991 0.0175 0.0127 19.1127 "" "" 5964490593712489472 2526.19165 0.3489 0.0206 -1.031 0.14 0.026 0.021 1.17 4621.7 1.4814 14.059755 2.578387 15.448824 12.870437 -28.73 1.71 2384.573 2680.28003 44775.91782 17.989 9034.1 53.149 56362.0 255.62 "" "" 0.0027896345379094228 0.006970357 0.006207346 0.013177703 255.11280833503 -44.51167861991 2526.19165 -1.031 0.14
255.04366829623 -44.46085939028 0.0173 0.0125 17.0682 "" "" 5964491697539760128 2806.82056 0.3015 0.0197 -0.365 -1.199 0.025 0.02 0.971 "" "" 14.060907 2.524745 15.446338 12.921593 -68.47 1.47 2687.15918 2962.52905 44728.44676 12.763 9054.9 10.714 53768.0 26.674 "" "" 0.00277268293763064 0.0030717144 0.0038175709 0.0068892855 255.04366829623 -44.46085939028 2806.82056 -0.365 -1.1990000000000003
255.19819317837 -44.12789095672 0.0173 0.0116 4.285 "" "" 5964595979326719872 2564.64551 0.3458 0.02 -1.747 -2.925 0.027 0.02 1.025 "" "" 14.06848 1.282466 14.624099 13.341633 "" "" 2461.54858 2687.68579 44417.55431 14.689 19310.0 21.355 36518.0 27.009 "" "" 0.002778616641563903 0.0030375607 0.0038637503 0.0069013108 255.19819317837 -44.12789095672 2564.64551 -1.7469999999999999 -2.925
255.31454248192 -44.10937032592 0.0181 0.0121 7.3089 "" "" 5963847035812320640 2841.33105 0.3001 0.0208 -4.996 -0.438 0.028 0.021 1.035 4584.1 1.8549 14.081566 2.970759 15.80967 12.83891 8.0 1.18 2699.08716 2973.53418 43885.4457 14.163 6479.6 13.057 58022.0 36.519 "" "" 0.002777510883213853 0.0035456705 0.0038406653 0.007386336 255.31454248192 -44.10937032592 2841.33105 -4.996 -0.43800000000000017
255.5628375882 -44.21568950289 0.0192 0.0124 15.6359 "" "" 5963842057992158976 2495.57617 0.3506 0.0229 -3.421 -6.964 0.033 0.022 0.965 "" "" 14.083948 2.539372 15.478627 12.939256 -88.09 1.11 2333.17285 2640.22485 43789.24503 14.205 8789.5 9.6102 52900.0 17.048 "" "" 0.0027777399502056685 0.0030322084 0.0037955442 0.0068277526 255.5628375882 -44.21568950289 2495.57617 -3.4210000000000003 -6.964
254.94576263795 -44.04261736858 0.3341 0.2344 14.4325 "" "" 5964507365566389760 2873.19702 0.5712 0.389 -3.325 -8.986 0.448 0.382 25.492 "" "" 14.090442 1.021302 14.310204 13.288902 "" "" 1736.31897 4780.87305 43528.1273 19.63 25783.0 82.347 38335.0 51.327 "" "" 0.00279848784213358 0.0044508236 0.0040493174 0.008500141 254.94576263795 -44.04261736858 2873.19702 -3.325 -8.986
255.29868677645 -44.52957243431 0.0191 0.0132 20.2636 "" "" 5963740696767092608 2614.12036 0.3473 0.0214 -1.057 -2.608 0.028 0.023 1.177 "" "" 14.096719 0.984354 14.492899 13.508545 "" "" 2472.78906 2736.38599 43277.21072 9.9236 21790.0 30.168 31314.0 33.009 "" "" 0.0027665451072048292 0.0031693256 0.003948876 0.007118202 255.29868677645 -44.52957243431 2614.12036 -1.057 -2.6080000000000005
255.49882629341 -44.0360070162 0.0213 0.0131 16.1759 "" "" 5963849960733302912 2824.54736 0.3047 0.0255 -2.736 -7.273 0.029 0.022 1.015 4914.9 1.9616 14.098562 3.148732 15.964887 12.816154 -56.7 1.3 2638.90967 3003.80298 43203.78788 16.505 5616.5 12.252 59251.0 38.853 "" "" 0.002786365373312651 0.0036598686 0.003845856 0.0075057247 255.49882629341 -44.0360070162 2824.54736 -2.7359999999999998 -7.272999999999998
255.49144019648 -44.44024869231 0.0209 0.0136 19.1185 "" "" 5963744888656090496 2624.82666 0.3304 0.021 2.995 -3.331 0.03 0.022 0.975 4566.6 1.8538 14.099937 2.521228 15.472527 12.951299 -35.81 1.64 2472.59204 2767.29736 43149.11221 12.625 8839.1 19.366 52316.0 32.0 "" "" 0.0027735729990087613 0.0036665641 0.0038372865 0.0075038504 255.49144019648 -44.44024869231 2624.82666 2.995 -3.3309999999999995
254.9218409544 -44.34828367726 0.0165 0.012 14.9239 "" "" 5964497641774743680 2484.33765 0.3536 0.0196 -1.246 -0.786 0.024 0.021 1.025 "" "" 14.102899 2.154173 15.221954 13.067781 -79.67 2.53 2383.6709 2609.83325 43031.59468 11.259 11134.0 13.049 46994.0 21.661 "" "" 0.002769925878052159 0.0030666348 0.0038123715 0.0068790065 254.9218409544 -44.34828367726 2484.33765 -1.2460000000000002 -0.7859999999999999
255.04663118075 -43.88871284609 0.0166 0.0116 19.7742 "" "" 5964603744628212480 2436.36743 0.3582 0.0192 -0.794 -4.046 0.028 0.021 1.043 4634.4 1.8289 14.103733 2.840125 15.72754 12.887415 -28.42 1.09 2337.12817 2524.01685 42998.50791 11.771 6988.8 11.978 55487.0 23.778 "" "" 0.002771305048085692 0.003353763 0.0038079137 0.007161677 255.04663118075 -43.88871284609 2436.36743 -0.7939999999999999 -4.046
254.81937313605 -44.33691890854 0.0163 0.0112 18.3204 "" "" 5964508087135310080 2319.7251 0.389 0.0191 -1.056 3.393 0.023 0.019 0.963 4772.1 2.6573 14.104324 2.133553 15.207664 13.074112 -23.41 2.43 2226.72461 2414.07812 42975.11381 10.047 11281.0 15.904 46721.0 20.537 "" "" 0.0027669874022863924 0.0031824543 0.003809396 0.00699185 254.81937313605 -44.33691890854 2319.7251 -1.056 3.3930000000000007
255.12669033329 -43.91898448311 0.0169 0.0115 17.1132 "" "" 5964602679476306176 2432.87256 0.3652 0.0203 -1.98 -3.108 0.03 0.021 1.026 "" "" 14.105448 1.706144 14.911781 13.205637 "" "" 2331.09912 2549.35327 42930.65706 18.153 14815.0 20.697 41391.0 52.995 "" "" 0.002793306310082864 0.0031758067 0.004026931 0.0072027375 255.12669033329 -43.91898448311 2432.87256 -1.9800000000000002 -3.1079999999999997
255.44311945718 -44.15843098909 0.0174 0.012 10.7445 "" "" 5963845803204025216 2317.03442 0.3865 0.0201 -2.253 -3.847 0.029 0.021 0.957 "" "" 14.115144 2.199177 15.257124 13.057947 -31.35 1.49 2226.13843 2421.02734 42548.98668 9.8376 10779.0 15.672 47422.0 35.927 "" "" 0.002766731837675366 0.0032057767 0.0038678579 0.0070736343 255.44311945718 -44.15843098909 2317.03442 -2.253 -3.8469999999999995
254.98103051441 -44.47889033422 0.0165 0.0121 19.2283 "" "" 5964491422661880832 2470.28198 0.3614 0.019 -2.262 -3.953 0.024 0.019 0.945 "" "" 14.124783 2.015517 15.143869 13.128352 -48.29 2.22 2350.11938 2595.54712 42172.93991 10.737 11964.0 16.91 44444.0 29.634 "" "" 0.0027691512793563537 0.0031843376 0.0038480922 0.00703243 254.98103051441 -44.47889033422 2470.28198 -2.2619999999999996 -3.9529999999999994
255.3174745177 -44.537061619 0.0175 0.0125 20.8829 "" "" 5963740628047593088 2310.22974 0.3954 0.0209 -3.656 -3.985 0.027 0.022 0.88 6099.3 3.1042 14.143532 1.55963 14.861457 13.301827 -6.29 3.38 2198.15845 2418.39575 41450.90418 9.3456 15518.0 15.801 37882.0 21.374 "" "" 0.002766172916759646 0.0030012096 0.003828708 0.0068299174 255.3174745177 -44.537061619 2310.22974 -3.6560000000000006 -3.985
255.33353324465 -44.22319163918 0.017 0.0118 5.9186 "" "" 5963843913418434304 2762.51099 0.3234 0.0192 -0.52 -1.668 0.028 0.021 0.966 6599.9 2.6305 14.143731 1.401231 14.763053 13.361822 "" "" 2623.38379 2927.80005 41443.27938 8.6 16990.0 13.427 35845.0 23.346 "" "" 0.002764516457585053 0.0029191247 0.0038449683 0.006764093 255.33353324465 -44.22319163918 2762.51099 -0.5200000000000001 -1.6679999999999997
254.93836582 -44.45780212384 0.0167 0.0119 19.149 "" "" 5964494446318912256 2629.17627 0.3381 0.0186 -1.77 -2.98 0.025 0.019 0.986 "" "" 14.145289 2.049655 15.185726 13.136071 -53.67 1.88 2485.7395 2753.88232 41383.86131 9.6743 11511.0 13.787 44130.0 23.305 "" "" 0.0027669857503193392 0.0030783308 0.0038226282 0.0069009587 254.93836582 -44.45780212384 2629.17627 -1.77 -2.98
255.23064890185 -44.13915874302 0.0207 0.0143 3.8416 "" "" 5964595738809288832 2451.52808 0.3518 0.0248 -1.222 -0.538 0.033 0.025 1.231 4609.2 1.9134 14.146016 2.858327 15.779216 12.920889 -59.67 1.1 2315.26978 2600.27051 41356.16671 17.651 6663.9 14.05 53803.0 26.981 "" "" 0.0027940161550349474 0.003609045 0.0038183997 0.0074274447 255.23064890185 -44.13915874302 2451.52808 -1.222 -0.538
255.1277188864 -44.12809830431 0.0173 0.0125 5.2849 "" "" 5964503036254647680 2840.85449 0.3118 0.0205 -0.612 -1.784 0.026 0.023 0.919 "" "" 14.150085 1.46487 14.80628 13.34141 "" "" 2694.21948 2982.93481 41201.48334 10.11 16327.0 16.478 36525.0 34.771 "" "" 0.0027681704497764777 0.0029976284 0.003918169 0.0069157975 255.1277188864 -44.12809830431 2840.85449 -0.6119999999999999 -1.7839999999999998
255.11052037574 -44.38065756727 0.0171 0.013 11.5406 "" "" 5964493170693212288 2416.44946 0.3736 0.0203 -0.373 -0.834 0.026 0.021 0.98 "" "" 14.150649 1.319863 14.727067 13.407204 "" "" 2317.1958 2516.63916 41180.06776 9.9893 17563.0 16.213 34378.0 17.804 "" "" 0.002767879165734868 0.0029647283 0.0038209814 0.0067857094 255.11052037574 -44.38065756727 2416.44946 -0.373 -0.8339999999999999
255.28840722414 -44.10984675869 0.0173 0.0116 6.5791 "" "" 5963847074514271360 2593.05737 0.3509 0.0206 -0.289 -0.819 0.027 0.021 0.973 "" "" 14.152194 1.65087 14.921813 13.270943 "" "" 2490.89941 2722.32544 41121.50876 8.7101 14679.0 18.707 38975.0 19.975 "" "" 0.002764900969092701 0.0031144158 0.003820126 0.0069345417 255.28840722414 -44.10984675869 2593.05737 -0.28900000000000003 -0.819
255.11866296412 -44.07091460747 0.0181 0.0124 8.4619 "" "" 5964597113198132992 2587.15845 0.3308 0.0212 -0.452 -2.378 0.027 0.021 0.991 4555.7 1.948 14.16571 3.102017 15.995273 12.893255 -62.95 1.06 2451.63696 2764.11011 40612.78951 18.383 5461.4 8.6422 55189.0 36.357 "" "" 0.0027988052559114337 0.0032767155 0.0038464677 0.0071231835 255.11866296412 -44.07091460747 2587.15845 -0.452 -2.378
255.0908264065 -44.27567661714 0.0168 0.0125 6.5599 "" "" 5964500459273854848 2867.77271 0.3048 0.0194 -1.182 -3.766 0.025 0.02 0.911 12005.9 3.9059 14.176173 1.436322 14.814282 13.37796 "" "" 2717.32202 3022.51392 40223.26396 12.132 16207.0 23.681 35316.0 40.068 "" "" 0.002774712577301457 0.0032096445 0.0039750636 0.007184708 255.0908264065 -44.27567661714 2867.77271 -1.182 -3.7660000000000005
255.14955634614 -44.19506185759 0.0176 0.013 2.1852 "" "" 5964502589577684352 2367.7937 0.3706 0.0221 -3.76 -6.189 0.025 0.022 0.984 "" "" 14.186432 2.759511 15.744189 12.984678 -45.05 2.16 2239.40259 2496.7876 39845.00853 15.642 6882.4 14.582 50733.0 28.72 "" "" 0.0027880925912458273 0.0036161917 0.0038290345 0.0074452264 255.14955634614 -44.19506185759 2367.7937 -3.7600000000000007 -6.189
255.32127368964 -44.01880173851 0.0311 0.0205 12.0238 "" "" 5963847796068821504 2576.61792 0.3573 0.0384 -0.57 -3.031 0.052 0.041 1.802 "" "" 14.188215 2.683878 15.673588 12.98971 -29.19 1.45 2360.19238 2858.67065 39779.60806 21.383 7344.8 13.341 50498.0 46.317 "" "" 0.002816452598818927 0.0034167666 0.0039083795 0.0073251463 255.32127368964 -44.01880173851 2576.61792 -0.57 -3.0310000000000006
255.14299308181 -44.16865143053 0.0182 0.0128 3.0658 "" "" 5964502623937452672 2777.94458 0.3254 0.0213 -0.648 -1.731 0.026 0.021 0.935 "" "" 14.192017 1.531355 14.890612 13.359257 "" "" 2631.1106 2912.6499 39640.60357 9.3336 15107.0 18.723 35930.0 13.894 "" "" 0.0027671542325378383 0.003097698 0.0038026308 0.006900329 255.14299308181 -44.16865143053 2777.94458 -0.648 -1.731
255.68213669368 -44.24128584453 0.0201 0.0132 20.8839 "" "" 5963835731460128896 2582.71924 0.3409 0.024 0.089 -1.732 0.031 0.022 0.976 5056.0 2.6824 14.196836 2.22637 15.362171 13.135801 -6.96 2.62 2451.68457 2731.47949 39465.03744 11.455 9784.7 16.033 44141.0 35.713 "" "" 0.002773284002687583 0.0033090962 0.0038801252 0.0071892217 255.68213669368 -44.24128584453 2582.71924 0.08899999999999997 -1.7319999999999998
255.30430856397 -44.52716198008 0.0178 0.0131 20.1743 "" "" 5963740696767090944 2392.38818 0.3769 0.0202 -0.653 -2.478 0.025 0.022 0.983 8294.2 3.3547 14.205008 1.124908 14.673421 13.548512 "" "" 2286.93311 2510.53271 39169.12182 42.073 18452.0 59.913 30182.0 101.66 "" "" 0.0029919693026870223 0.0044959006 0.0052590366 0.009754937 255.30430856397 -44.52716198008 2392.38818 -0.653 -2.478
255.09951646323 -44.19673273781 0.0187 0.0133 4.3256 "" "" 5964502349059544448 2642.46973 0.3204 0.0211 3.176 -0.297 0.028 0.022 1.027 4705.3 2.1895 14.221748 2.890273 15.887538 12.997265 -71.86 1.46 2507.68262 2810.54297 38569.81396 15.524 6031.2 10.503 50148.0 31.379 "" "" 0.0027897593992073626 0.003370457 0.003839958 0.007210415 255.09951646323 -44.19673273781 2642.46973 3.1759999999999993 -0.29700000000000004
255.57642144581 -44.08810253117 0.0195 0.0132 17.5261 "" "" 5963848861221535104 2308.8042 0.3866 0.0235 -1.987 -0.934 0.03 0.022 0.986 4583.5 1.8652 14.224868 2.494479 15.578516 13.084037 -64.18 1.6 2186.0957 2454.57886 38459.13335 10.014 8017.0 16.231 46296.0 26.994 "" "" 0.002769785391014473 0.0035520303 0.0038320357 0.007384066 255.57642144581 -44.08810253117 2308.8042 -1.9869999999999999 -0.934
255.23870677374 -44.19332441539 0.0169 0.0121 1.7027 "" "" 5964595493990138880 2802.51416 0.3221 0.0197 -0.649 -1.855 0.025 0.02 0.958 "" "" 14.234688 1.580645 14.962817 13.382173 "" "" 2670.94287 2962.08521 38112.87045 10.821 14135.0 13.541 35179.0 20.954 "" "" 0.002772510573759265 0.00297773 0.0038343132 0.0068120435 255.23870677374 -44.19332441539 2802.51416 -0.649 -1.8550000000000004
255.03924805555 -44.09553122845 0.019 0.0132 9.3094 "" "" 5964506300429568256 2451.03809 0.3643 0.0223 -13.385 -17.301 0.027 0.022 0.969 "" "" 14.242318 2.190725 15.37638 13.185655 -29.08 2.92 2341.36987 2609.7146 37845.96291 11.265 9657.5 10.774 42160.0 35.478 "" "" 0.0027742081049493207 0.003041742 0.0038882508 0.0069299927 255.03924805555 -44.09553122845 2451.03809 -13.384999999999998 -17.301
255.1122125323 -44.29169506829 0.0193 0.0141 6.7064 "" "" 5964500390554347776 2394.01538 0.3794 0.0219 -1.176 -2.936 0.028 0.023 1.026 "" "" 14.244137 1.2168 14.763423 13.546623 "" "" 2272.9624 2558.09399 37782.62546 8.4313 16984.0 12.743 30235.0 15.802 "" "" 0.002765952182169668 0.0029066573 0.0038217437 0.006728401 255.1122125323 -44.29169506829 2394.01538 -1.1760000000000002 -2.936
255.16571731673 -44.17492770874 0.0178 0.0127 2.0771 "" "" 5964501971102404096 2548.70923 0.3493 0.0204 -0.731 -1.807 0.026 0.021 1.014 "" "" 14.245107 1.593654 14.981904 13.38825 "" "" 2452.72046 2663.34058 37748.86627 8.8 13888.0 12.155 34983.0 20.443 "" "" 0.002766921076003833 0.0029475465 0.0038322683 0.006779815 255.16571731673 -44.17492770874 2548.70923 -0.7309999999999999 -1.807
255.28933431427 -44.40483154425 0.0313 0.0218 12.9149 "" "" 5963747568715831424 2311.33594 0.3956 0.0342 -0.801 -2.951 0.045 0.037 1.877 8484.9 3.5573 14.24575 1.651804 15.014942 13.363138 -2.93 3.99 2142.37939 2579.94946 37726.51243 10.279 13472.0 18.802 35802.0 22.876 "" "" 0.002771154862609098 0.0031750838 0.0038425256 0.0070176097 255.28933431427 -44.40483154425 2311.33594 -0.801 -2.9510000000000005
