Clusters/LP_2221/LP_2221_members.tsv
# %ECSV 1.0
# ---
# datatype:
# - name: RA_ICRS_1
#   unit: deg
#   datatype: float64
#   format: '{:15.11f}'
#   description: Right ascension (ICRS) at Ep=2016.0 (ra)
#   meta: !!omap
#   - {ucd: POS_EQ_RA_MAIN}
#   - {width: 15}
#   - {precision: '11'}
# - name: DE_ICRS_1
#   unit: deg
#   datatype: float64
#   format: '{:15.11f}'
#   description: Declination (ICRS) at Ep=2016.0 (dec)
#   meta: !!omap
#   - {ucd: POS_EQ_DEC_MAIN}
#   - {width: 15}
#   - {precision: '11'}
# - name: e_RA_ICRS
#   unit: mas
#   datatype: float64
#   format: '{:7.4f}'
#   description: Standard error of right ascension (ra_error)
#   meta: !!omap
#   - {ucd: ERROR}
#   - {width: 7}
#   - {precision: '4'}
# - name: e_DE_ICRS
#   unit: mas
#   datatype: float64
#   format: '{:7.4f}'
#   description: Standard error of declination (dec_error)
#   meta: !!omap
#   - {ucd: ERROR}
#   - {width: 7}
#   - {precision: '4'}
# - name: _r_1
#   unit: ''
#   datatype: float64
#   format: '{:7.4f}'
#   description: Distance from center (129.44000767000-40.02830587000)[ICRS], at Epoch=J2016.0
#   meta: !!omap
#   - {ucd: POS_ANG_DIST_GENERAL}
#   - {width: 7}
#   - {precision: '4'}
# - name: HIP
#   datatype: int32
#   description: '? HIP cross-id number, van Leeuwen, Cat. I/311 (hip_original_ext_source_id)'
#   meta: !!omap
#   - {ucd: ID_NUMBER}
#   - {width: 6}
#   - values: {'null': -2147483648}
# - name: TYC2
#   datatype: string
#   description: Tycho-2 cross-id name, Hog et al., Cat. I/259 (tyc2_original_ext_source_id)
#   meta: !!omap
#   - {ucd: ID_CROSSID}
#   - {_votable_string_dtype: char}
# - name: Source
#   datatype: int64
#   description: Source identifier, identical to the Gaia-EDR3 source_id (id)
#   meta: !!omap
#   - {ucd: ID_MAIN}
#   - {width: 19}
# - name: rgeo
#   unit: pc
#   datatype: float64
#   format: '{:15.8f}'
#   description: '? Median of the geometric distance posterior (r_med_geo)'
#   meta: !!omap
#   - {ucd: PHYS_DISTANCE_TRUE}
#   - {width: 15}
#   - {precision: '8'}
#   - values: {'null': .nan}
# - name: Plx
#   unit: mas
#   datatype: float64
#   format: '{:9.4f}'
#   description: '? Parallax (parallax)'
#   meta: !!omap
#   - {ucd: POS_PARLX_TRIG}
#   - {width: 9}
#   - {precision: '4'}
#   - values: {'null': .nan}
# - name: e_Plx
#   unit: mas
#   datatype: float32
#   format: '{:7.4f}'
#   description: '? Standard error of parallax (parallax_error)'
#   meta: !!omap
#   - {ucd: ERROR}
#   - {width: 7}
#   - {precision: '4'}
#   - values: {'null': .nan}
# - name: pmRA
#   unit: mas / yr
#   datatype: float64
#   format: '{:9.3f}'
#   description: '? Proper motion in right ascension direction, pmRA*cosDE (pmra)'
#   meta: !!omap
#   - {ucd: POS_EQ_PMRA}
#   - {width: 9}
#   - {precision: '3'}
#   - values: {'null': .nan}
# - name: pmDE
#   unit: mas / yr
#   datatype: float64
#   format: '{:9.3f}'
#   description: '? Proper motion in declination direction (pmdec)'
#   meta: !!omap
#   - {ucd: POS_EQ_PMDEC}
#   - {width: 9}
#   - {precision: '3'}
#   - values: {'null': .nan}
# - name: e_pmRA
#   unit: mas / yr
#   datatype: float32
#   format: '{:6.3f}'
#   description: '? Standard error of proper motion in right ascension direction (pmra_error)'
#   meta: !!omap
#   - {ucd: ERROR}
#   - {width: 6}
#   - {precision: '3'}
#   - values: {'null': .nan}
# - name: e_pmDE
[...]
#         unit: &id001 !astropy.units.Unit {unit: deg}
#         value: !astropy.table.SerializedColumn {name: SkyCoord.dec}
#       distance: !astropy.table.SerializedColumn
#         __class__: astropy.coordinates.distances.Distance
#         unit: !astropy.units.Unit {unit: pc}
#         value: !astropy.table.SerializedColumn {name: SkyCoord.distance}
#       frame: icrs
#       obstime: !astropy.time.Time {format: jyear_str, in_subfmt: '*', jd1: 367701545.0, jd2: 0.0, out_subfmt: '*', precision: 3, scale: tt}
#       pm_dec: !astropy.table.SerializedColumn
#         __class__: astropy.units.quantity.Quantity
#         unit: !astropy.units.Unit {unit: mas / yr}
#         value: !astropy.table.SerializedColumn {name: SkyCoord.pm_dec}
#       pm_ra_cosdec: !astropy.table.SerializedColumn
#         __class__: astropy.units.quantity.Quantity
#         unit: !astropy.units.Unit {unit: mas / yr}
#         value: !astropy.table.SerializedColumn {name: SkyCoord.pm_ra_cosdec}
#       ra: !astropy.table.SerializedColumn
#         __class__: astropy.coordinates.angles.Longitude
#         unit: *id001
#         value: !astropy.table.SerializedColumn {name: SkyCoord.ra}
#         wrap_angle: !astropy.coordinates.Angle
#           unit: *id001
#           value: 360.0
#       representation_type: spherical
# schema: astropy-2.0
RA_ICRS_1 DE_ICRS_1 e_RA_ICRS e_DE_ICRS _r_1 HIP TYC2 Source rgeo Plx e_Plx pmRA pmDE e_pmRA e_pmDE RUWE Teff logg Gmag BP-RP BPmag RPmag RV e_RV b_rgeo B_rgeo FG e_FG FBP e_FBP FRP e_FRP RAVE5 RAVE6 e_Gmag e_BPmag e_RPmag e_BP-RP SkyCoord.ra SkyCoord.dec SkyCoord.distance SkyCoord.pm_ra_cosdec SkyCoord.pm_dec Pmemb
[from data line 80]
129.623256686 -40.60554818527 0.0271 0.0326 35.6347 "" "" 5528286435159074816 840.936523 1.149 0.0382 -5.307 3.228 0.037 0.044 1.008 7910.8 3.9724 16.017733 2.734419 17.543411 14.808992 "" "" 819.694885 872.580383 7376.55302 17.182 1312.4 15.74 9452.8 58.277 "" "" 0.003739987055361605 0.013317129 0.0076868893 0.021004017 129.623256686 -40.60554818527 840.936523 -5.307 3.2279999999999998 0.81
129.40555090391 -39.57408192372 0.0299 0.0338 27.2997 "" "" 5528624363186849280 921.6698 1.0604 0.0384 -5.532 4.437 0.043 0.043 1.219 4871.8 4.1845 16.019047 1.910536 16.896093 14.985558 "" "" 893.594482 948.736816 7367.62849 11.28 2382.2 36.925 8034.1 58.361 "" "" 0.0032179159789186168 0.017059045 0.008745736 0.02580478 129.40555090391 -39.57408192372 921.6698 -5.532 4.437 0.88
129.79491679229 -39.92147644257 0.0256 0.0286 17.5323 "" "" 5528413428752696832 933.175842 1.0394 0.033 -5.582 3.848 0.034 0.037 1.006 5343.1 4.1023 16.041044 2.052033 17.088655 15.036622 "" "" 909.787231 959.69519 7219.85874 45.911 1995.1 51.748 7665.0 150.4 "" "" 0.007433676438382722 0.02829922 0.021636581 0.049935803 129.79491679229 -39.92147644257 933.175842 -5.581999999999999 3.848 0.93
129.39700823297 -40.31485109161 0.0249 0.0346 17.3054 "" "" 5528308013074757376 947.686218 1.0176 0.0378 -5.814 3.577 0.031 0.043 1.078 6188.0 3.9938 16.047298 2.172084 17.167738 14.995654 "" "" 913.075134 994.201416 7178.39593 13.492 1854.9 18.223 7959.7 45.745 "" "" 0.0034287216241855535 0.011025433 0.0072951303 0.018320564 129.39700823297 -40.31485109161 947.686218 -5.814000000000001 3.5770000000000004 0.87
129.4101116105 -39.57071461287 0.0252 0.0311 27.49 "" "" 5528624363186846848 886.517578 1.0943 0.0338 -5.297 4.284 0.035 0.04 1.047 "" "" 16.065422 2.040072 17.099016 15.058944 "" "" 862.448975 911.013123 7059.56496 9.9638 1976.1 13.002 7509.0 30.148 "" "" 0.0031527814342855245 0.0076692924 0.0057693864 0.013438679 129.4101116105 -39.57071461287 886.517578 -5.297000000000001 4.283999999999999 0.89
129.37074094512 -40.27765303959 0.0264 0.0351 15.2943 "" "" 5528309043866886784 910.546082 1.0602 0.0378 -5.851 3.631 0.034 0.041 1.113 "" "" 16.088402 2.451793 17.369783 14.917991 "" "" 879.541138 943.198059 6911.7237 5.299 1539.9 13.512 8549.9 36.154 "" "" 0.002878311719642323 0.009927074 0.0059466125 0.015873687 129.37074094512 -40.27765303959 910.546082 -5.851000000000001 3.6310000000000002 0.87
129.4241815023 -40.3459453047 0.0271 0.0381 19.0722 "" "" 5528307665179440640 933.385315 1.0446 0.0403 -5.41 3.476 0.035 0.046 1.118 9652.8 4.2722 16.135048 2.19976 17.263243 15.063482 "" "" 899.704163 962.23584 6621.06031 7.8314 1698.7 11.599 7477.7 29.841 "" "" 0.0030398989592840594 0.007921254 0.005749519 0.013670773 129.4241815023 -40.3459453047 933.385315 -5.410000000000001 3.476 0.88
129.40407154725 -39.58528421312 0.0286 0.0332 26.6329 "" "" 5528623985229731712 917.926392 1.0602 0.037 -5.827 4.248 0.04 0.042 1.057 4767.0 4.2617 16.207863 1.8636 17.121767 15.258167 "" "" 885.21582 950.925659 6191.5787 8.4244 1935.1 23.575 6250.2 28.38 "" "" 0.0031263615249023094 0.013518419 0.006211937 0.019730356 129.40407154725 -39.58528421312 917.926392 -5.827 4.248000000000001 0.89
129.0799209976 -40.0647043405 0.028 0.0299 16.6828 "" "" 5528514927421183744 909.365051 1.071 0.036 -5.898 3.861 0.035 0.037 0.959 4919.0 4.2014 16.214392 2.078731 17.260157 15.181426 "" "" 882.298828 936.87793 6154.46433 13.212 1703.5 19.257 6707.9 39.753 "" "" 0.003608927483755462 0.012586719 0.0074622477 0.020048967 129.0799209976 -40.0647043405 909.365051 -5.898 3.8609999999999998 0.91
129.00332145536 -40.44488186385 0.0284 0.0319 32.0122 "" "" 5528490291488910592 881.559875 1.1093 0.036 -5.728 3.683 0.037 0.04 1.059 "" "" 16.230154 2.226358 17.395767 15.16941 "" "" 850.064209 912.112244 6065.76223 6.7345 1503.5 7.9268 6782.6 25.849 "" "" 0.003007468393173834 0.006368054 0.0056040436 0.011972098 129.00332145536 -40.44488186385 881.559875 -5.727999999999999 3.683 0.88
130.16096590199 -40.25194882084 0.0264 0.0303 35.6877 "" "" 5528366940023518720 897.410522 1.0904 0.0345 -5.098 3.396 0.037 0.038 1.102 8653.1 4.3368 16.283562 2.147654 17.351852 15.204199 "" "" 868.666382 922.013245 5774.59991 9.5983 1565.6 11.527 6568.7 38.249 "" "" 0.0032937224053408527 0.008466865 0.0073656864 0.01583255 130.16096590199 -40.25194882084 897.410522 -5.098 3.395999999999999 0.83
129.33393535711 -40.37071270654 0.0281 0.0344 21.1117 "" "" 5528308180575506176 869.090271 1.1236 0.0392 -5.686 3.665 0.036 0.039 0.989 4264.9 4.1424 16.295664 1.972973 17.288136 15.315163 "" "" 843.437683 893.470825 5710.58855 5.0111 1660.2 7.3097 5930.5 17.674 "" "" 0.0029153922038844225 0.005535087 0.004975285 0.010510372 129.33393535711 -40.37071270654 869.090271 -5.686 3.665 0.89
129.28859727492 -40.34885658527 0.0305 0.037 20.4468 "" "" 5528306982282590720 931.058838 1.044 0.0424 -5.923 3.693 0.04 0.043 1.05 4488.9 4.1736 16.39232 2.100615 17.467857 15.367242 "" "" 897.293213 968.345886 5224.18443 11.026 1406.9 13.861 5652.8 38.112 "" "" 0.0035836931482748223 0.0110547505 0.008238261 0.01929301 129.28859727492 -40.34885658527 931.058838 -5.922999999999998 3.693 0.82
129.21741733805 -39.88267050303 0.0309 0.0362 13.4596 "" "" 5528610241334686336 843.205261 1.1644 0.0412 -5.674 3.766 0.04 0.046 1.069 5675.6 4.2491 16.402662 2.025236 17.396902 15.371666 "" "" 819.34967 870.229919 5174.6567 26.134 1502.0 38.422 5629.8 73.422 "" "" 0.006136716545713267 0.027913539 0.014655514 0.042569052 129.21741733805 -39.88267050303 843.205261 -5.674000000000001 3.765999999999999 0.82
129.44686741379 -40.24035754994 0.0292 0.0396 12.727 "" "" 5528402880313080320 897.522827 1.0875 0.0422 -5.67 3.789 0.038 0.048 0.99 5233.9 4.2814 16.41166 2.135701 17.510878 15.375176 "" "" 864.867126 928.871338 5131.95884 13.064 1352.3 19.591 5611.6 50.28 "" "" 0.00390266014135328 0.015974795 0.010436558 0.026411355 129.44686741379 -40.24035754994 897.522827 -5.669999999999999 3.789 0.86
129.8326563862 -39.70974900077 0.0301 0.036 26.311 "" "" 5528628280197222912 921.590515 1.064 0.0402 -5.785 3.519 0.042 0.047 1.072 4897.2 4.3374 16.427433 1.939645 17.390888 15.451243 "" "" 889.505249 953.115845 5057.9391 10.533 1510.3 16.622 5231.9 35.966 "" "" 0.003564261898143985 0.012270779 0.008366079 0.020636858 129.8326563862 -39.70974900077 921.590515 -5.785 3.5189999999999992 0.85
129.41457191527 -40.18096076426 0.0348 0.0419 9.2334 "" "" 5528590931161738112 928.754944 1.0415 0.0502 -5.508 3.802 0.046 0.054 1.042 5688.4 4.2133 16.479553 2.151884 17.581167 15.429283 "" "" 882.042114 967.595154 4820.86825 4.9422 1267.5 12.976 5338.8 19.307 "" "" 0.002971648775715753 0.011460046 0.0054498077 0.016909854 129.41457191527 -40.18096076426 928.754944 -5.508000000000001 3.8019999999999996 0.92
129.17119749939 -39.7278430124 0.0297 0.0342 21.8677 "" "" 5528616288648432640 943.384644 1.0328 0.0404 -5.42 4.438 0.039 0.044 0.98 6021.9 4.1558 16.515131 2.195916 17.637436 15.44152 "" "" 911.313416 989.075134 4665.46234 16.015 1203.5 20.427 5279.0 55.969 "" "" 0.004634882429205946 0.018638225 0.012115743 0.030753968 129.17119749939 -39.7278430124 943.384644 -5.42 4.438 0.87
128.8338893798 -39.7276083201 0.0302 0.0356 33.2323 "" "" 5528572308183910016 967.190002 1.0024 0.0405 -5.686 4.397 0.042 0.049 0.924 4629.6 4.2503 16.552673 1.972851 17.54864 15.575788 "" "" 928.065552 1000.92035 4506.89586 8.4648 1306.1 12.808 4664.9 31.819 "" "" 0.0034278558919080726 0.011006574 0.008314368 0.019320942 128.8338893798 -39.7276083201 967.190002 -5.686 4.397 0.85
129.37529621441 -40.3052836382 0.0308 0.0412 16.8814 "" "" 5528308734629242880 860.787109 1.1299 0.0443 -5.451 3.65 0.04 0.049 0.999 4028.8 4.1282 16.625237 2.324949 17.841566 15.516617 "" "" 827.729248 900.544739 4215.5282 7.0638 997.22 10.735 4926.2 26.369 "" "" 0.0033017781765895178 0.012016295 0.0069325324 0.018948827 129.37529621441 -40.3052836382 860.787109 -5.451 3.65 0.89
129.90572742759 -39.98504220593 0.0374 0.0395 21.5604 "" "" 5528432635846439552 1005.00476 0.9841 0.0459 -5.452 4.434 0.048 0.05 1.054 7172.5 4.3152 16.629778 2.37123 17.887848 15.516618 "" "" 964.899048 1056.78076 4197.93345 4.6691 955.6 12.849 4926.2 16.789 "" "" 0.003008334929251093 0.014863052 0.00528923 0.020152282 129.90572742759 -39.98504220593 1005.00476 -5.452 4.434 0.8
129.33099542102 -40.28583282111 0.0324 0.0398 16.2401 "" "" 5528308700269505920 899.715027 1.0916 0.0448 -5.869 3.76 0.041 0.047 0.989 4136.6 4.2135 16.641819 2.148747 17.754251 15.605504 "" "" 865.243164 938.06897 4151.63698 3.4854 1080.7 9.6335 4539.0 11.942 "" "" 0.0029021759095331006 0.010072554 0.0047374656 0.01481002 129.33099542102 -40.28583282111 899.715027 -5.869000000000001 3.76 0.91
129.07453358699 -39.68339553105 0.0341 0.0414 26.6765 "" "" 5528664426641904512 939.391724 1.0404 0.048 -5.525 4.65 0.046 0.053 1.084 4369.1 4.1904 16.654205 1.867418 17.582378 15.71496 "" "" 903.896423 974.445312 4104.53828 4.959 1266.1 8.3852 4103.7 16.752 "" "" 0.0030516391575519525 0.0077130324 0.0058247545 0.013537787 129.07453358699 -39.68339553105 939.391724 -5.525 4.65 0.8
129.38455282789 -40.14900752547 0.0362 0.0454 7.6764 "" "" 5528591206039645440 929.462036 1.0621 0.0509 -5.663 3.835 0.046 0.056 0.995 6094.7 4.3252 16.661028 2.163936 17.764797 15.600862 "" "" 881.445007 974.857971 4078.82794 21.344 1070.3 25.43 4558.4 68.968 "" "" 0.006314387192544645 0.025947211 0.016856205 0.042803414 129.38455282789 -40.14900752547 929.462036 -5.663 3.8350000000000004 0.91
129.5080031526 -40.35469745442 0.0368 0.0497 19.8299 "" "" 5528398344828084096 860.435547 1.1402 0.0543 -5.442 3.628 0.046 0.064 1.091 "" "" 16.666489 2.666877 18.150118 15.483241 "" "" 817.595459 902.411743 4058.36959 7.1941 750.53 11.622 5080.0 26.761 "" "" 0.0033609556502134444 0.017042637 0.006855446 0.023898084 129.5080031526 -40.35469745442 860.435547 -5.442 3.628 0.84
129.52247844156 -40.23929488551 0.0373 0.045 13.2125 "" "" 5528402330557695232 887.153992 1.1026 0.0519 -5.436 3.888 0.048 0.058 1.063 5811.3 4.3647 16.670126 2.030199 17.666271 15.636072 "" "" 843.278992 928.053528 4044.79379 25.777 1171.9 35.379 4413.0 73.345 "" "" 0.007447690064892616 0.032896303 0.018436696 0.051333 129.52247844156 -40.23929488551 887.153992 -5.436000000000001 3.888 0.9
129.54380149895 -40.1942058044 0.036 0.0419 11.0348 "" "" 5528403945464958336 915.594971 1.0573 0.0496 -5.69 3.819 0.047 0.054 0.91 7828.4 4.2038 16.717077 2.16936 17.820549 15.651189 "" "" 877.91156 960.098999 3873.61277 18.855 1016.7 17.619 4351.9 54.181 "" "" 0.005960006560608344 0.019021124 0.014035783 0.033056907 129.54380149895 -40.1942058044 915.594971 -5.6899999999999995 3.818999999999999 0.91
129.28723067242 -39.86722109624 0.0359 0.0463 11.9498 "" "" 5528610962889175040 915.701477 1.0723 0.0499 -5.611 4.099 0.047 0.062 1.086 4181.6 4.2282 16.729326 1.991632 17.722158 15.730526 "" "" 876.957336 963.697327 3830.15546 7.3063 1113.1 12.776 4045.3 26.696 "" "" 0.003446930602731179 0.012770456 0.008100728 0.020871185 129.28723067242 -39.86722109624 915.701477 -5.610999999999999 4.099 0.89
129.42695763723 -40.2830597187 0.0337 0.047 15.2969 "" "" 5528401986959887616 859.311768 1.1405 0.0501 -5.515 3.88 0.043 0.059 1.027 4009.0 4.1369 16.765156 1.992991 17.763397 15.770406 "" "" 820.803711 908.036926 3705.82088 6.1328 1071.7 8.7253 3899.4 16.283 "" "" 0.0032894169534686424 0.009269475 0.005902452 0.0151719265 129.42695763723 -40.2830597187 859.311768 -5.515000000000001 3.8800000000000003 0.91
129.01423928742 -39.76742522138 0.039 0.0432 25.0822 "" "" 5528661609143403008 790.004089 1.2443 0.0508 -5.365 3.506 0.051 0.054 1.176 4234.2 4.6419 16.766296 1.674283 17.56393 15.889648 "" "" 757.919861 823.749329 3701.92745 1.9524 1287.8 8.8528 3493.8 8.4022 "" "" 0.0028141927937897038 0.007968216 0.00459363 0.0125618465 129.01423928742 -39.76742522138 790.004089 -5.365 3.5060000000000002 0.82
129.53759169005 -40.34201640296 0.0337 0.0468 19.3468 "" "" 5528397722052767744 1003.97272 0.9777 0.0498 -5.59 3.47 0.044 0.067 0.994 "" "" 16.766838 2.658239 18.245396 15.587156 "" "" 960.15918 1040.85461 3700.08044 10.294 687.48 16.638 4616.3 34.995 "" "" 0.004088518715823227 0.026424091 0.00905693 0.03548102 129.53759169005 -40.34201640296 1003.97272 -5.59 3.470000000000001 0.89
129.8936728182 -39.98184772686 0.0369 0.0401 21.0356 "" "" 5528432738925655680 868.774963 1.1279 0.0467 -5.572 3.814 0.049 0.049 0.943 4451.3 4.1583 16.773905 2.233581 17.94543 15.71185 "" "" 839.215027 909.993408 3676.0796 6.3246 906.24 9.9734 4115.5 21.041 "" "" 0.003328835023695456 0.012270244 0.006715421 0.018985664 129.8936728182 -39.98184772686 868.774963 -5.571999999999999 3.814 0.83
129.75938839159 -40.60452530949 0.0374 0.0429 37.5338 "" "" 5528332855166748160 934.450439 1.0442 0.0491 -5.065 3.548 0.048 0.057 0.992 4709.3 4.1749 16.790565 2.405536 18.078072 15.672536 "" "" 894.980957 978.132263 3620.09787 6.7433 802.03 10.824 4267.2 23.177 "" "" 0.0034179040872639975 0.014916114 0.00700425 0.021920364 129.75938839159 -40.60452530949 934.450439 -5.065 3.547999999999999 0.88
129.37832646249 -39.88106465521 0.0374 0.0489 9.2788 "" "" 5528599418017070720 923.328064 1.06 0.0553 -5.365 4.099 0.052 0.064 1.059 "" "" 16.797142 2.355464 18.056223 15.700759 "" "" 884.051575 964.647949 3598.24082 5.0581 818.33 12.594 4157.7 16.253 "" "" 0.0031497910404941288 0.016940702 0.005683106 0.022623807 129.37832646249 -39.88106465521 923.328064 -5.365 4.099 0.8
129.89528585884 -40.01070477406 0.038 0.0419 20.9464 "" "" 5528432498407488896 820.400818 1.1908 0.048 -5.448 3.415 0.05 0.052 1.023 "" "" 16.807175 2.083975 17.839815 15.75584 "" "" 791.409912 848.11792 3565.14202 17.104 998.83 28.635 3952.0 56.09 "" "" 0.005892734424588221 0.031251278 0.01586635 0.04711763 129.89528585884 -40.01070477406 820.400818 -5.448 3.415000000000001 0.85
129.16895390339 -40.38085196684 0.0365 0.0416 24.5299 "" "" 5528494345933245952 897.188965 1.0945 0.0481 -5.828 3.396 0.049 0.051 0.983 4583.8 4.1805 16.822311 2.286255 17.890789 15.604534 "" "" 863.858643 933.394592 3515.7845 11.441 953.02 18.913 4543.0 84.709 "" "" 0.004480531919983363 0.0217267 0.020594446 0.042321146 129.16895390339 -40.38085196684 897.188965 -5.828 3.3960000000000004 0.8
129.28777687772 -40.36460399902 0.039 0.0463 21.35 "" "" 5528306943624927872 911.901917 1.072 0.053 -5.595 3.699 0.052 0.057 1.089 4067.4 4.171 16.854567 2.256484 18.0398 15.783317 "" "" 878.671265 959.567627 3412.87546 3.0504 830.8 10.251 3853.3 10.825 "" "" 0.002921216941263982 0.01368406 0.004856651 0.018540712 129.28777687772 -40.36460399902 911.901917 -5.595 3.6990000000000003 0.89
129.17392095459 -39.78746738563 0.0369 0.0423 18.9417 "" "" 5528615292216036736 894.714172 1.0818 0.0504 -5.834 4.213 0.051 0.055 0.968 4111.2 4.1419 16.896397 2.323171 18.13002 15.80685 "" "" 861.526184 934.167175 3283.88825 3.4305 764.56 7.666 3770.7 12.073 "" "" 0.002979634387550195 0.011238205 0.0051350174 0.016373223 129.17392095459 -39.78746738563 894.714172 -5.834 4.213000000000001 0.84
130.02886916126 -39.62932993391 0.0391 0.0436 36.1837 "" "" 5528446585900156672 964.460938 1.0091 0.0503 -5.426 4.162 0.054 0.057 0.994 4533.8 4.2744 16.989622 2.100328 18.071405 15.971077 "" "" 918.218567 1016.10535 3013.6872 3.8305 806.97 9.123 3241.4 13.536 "" "" 0.003081592322670271 0.012587652 0.0059026205 0.018490272 130.02886916126 -39.62932993391 964.460938 -5.426 4.162 0.83
129.40096874524 -40.27434443809 0.0408 0.0533 14.8705 "" "" 5528308906427931264 863.549194 1.1325 0.0588 -5.708 3.637 0.053 0.068 1.035 3818.5 4.2732 16.993156 2.323961 18.218607 15.894646 "" "" 823.038147 904.459839 3003.89266 3.488 704.65 8.9148 3477.8 14.733 "" "" 0.003030047457407475 0.014016583 0.005953079 0.01996966 129.40096874524 -40.27434443809 863.549194 -5.708 3.6369999999999996 0.82
