Clusters/LP_2221/LP_2221_stars_in_region.tsv
# %ECSV 1.0
# ---
# datatype:
# - name: RA_ICRS_1
#   unit: deg
#   datatype: float64
#   format: '{:15.11f}'
#   description: Right ascension (ICRS) at Ep=2016.0 (ra)
#   meta: !!omap
#   - {ucd: POS_EQ_RA_MAIN}
#   - {width: 15}
#   - {precision: '11'}
# - name: DE_ICRS_1
#   unit: deg
#   datatype: float64
#   format: '{:15.11f}'
#   description: Declination (ICRS) at Ep=2016.0 (dec)
#   meta: !!omap
#   - {ucd: POS_EQ_DEC_MAIN}
#   - {width: 15}
#   - {precision: '11'}
# - name: e_RA_ICRS
#   unit: mas
#   datatype: float64
#   format: '{:7.4f}'
#   description: Standard error of right ascension (ra_error)
#   meta: !!omap
#   - {ucd: ERROR}
#   - {width: 7}
#   - {precision: '4'}
# - name: e_DE_ICRS
#   unit: mas
#   datatype: float64
#   format: '{:7.4f}'
#   description: Standard error of declination (dec_error)
#   meta: !!omap
#   - {ucd: ERROR}
#   - {width: 7}
#   - {precision: '4'}
# - name: _r_1
#   unit: ''
#   datatype: float64
#   format: '{:7.4f}'
#   description: Distance from center (129.44000767000-40.02830587000)[ICRS], at Epoch=J2016.0
#   meta: !!omap
#   - {ucd: POS_ANG_DIST_GENERAL}
#   - {width: 7}
#   - {precision: '4'}
# - name: HIP
#   datatype: int32
#   description: '? HIP cross-id number, van Leeuwen, Cat. I/311 (hip_original_ext_source_id)'
#   meta: !!omap
#   - {ucd: ID_NUMBER}
#   - {width: 6}
#   - values: {'null': -2147483648}
# - name: TYC2
#   datatype: string
#   description: Tycho-2 cross-id name, Hog et al., Cat. I/259 (tyc2_original_ext_source_id)
#   meta: !!omap
#   - {ucd: ID_CROSSID}
#   - {_votable_string_dtype: char}
# - name: Source
#   datatype: int64
#   description: Source identifier, identical to the Gaia-EDR3 source_id (id)
#   meta: !!omap
#   - {ucd: ID_MAIN}
#   - {width: 19}
# - name: rgeo
#   unit: pc
#   datatype: float64
#   format: '{:15.8f}'
#   description: '? Median of the geometric distance posterior (r_med_geo)'
#   meta: !!omap
#   - {ucd: PHYS_DISTANCE_TRUE}
#   - {width: 15}
#   - {precision: '8'}
#   - values: {'null': .nan}
# - name: Plx
#   unit: mas
#   datatype: float64
#   format: '{:9.4f}'
#   description: '? Parallax (parallax)'
#   meta: !!omap
#   - {ucd: POS_PARLX_TRIG}
#   - {width: 9}
#   - {precision: '4'}
#   - values: {'null': .nan}
# - name: e_Plx
#   unit: mas
#   datatype: float32
#   format: '{:7.4f}'
#   description: '? Standard error of parallax (parallax_error)'
#   meta: !!omap
#   - {ucd: ERROR}
#   - {width: 7}
#   - {precision: '4'}
#   - values: {'null': .nan}
# - name: pmRA
#   unit: mas / yr
#   datatype: float64
#   format: '{:9.3f}'
#   description: '? Proper motion in right ascension direction, pmRA*cosDE (pmra)'
#   meta: !!omap
#   - {ucd: POS_EQ_PMRA}
#   - {width: 9}
#   - {precision: '3'}
#   - values: {'null': .nan}
# - name: pmDE
#   unit: mas / yr
#   datatype: float64
#   format: '{:9.3f}'
#   description: '? Proper motion in declination direction (pmdec)'
#   meta: !!omap
#   - {ucd: POS_EQ_PMDEC}
#   - {width: 9}
#   - {precision: '3'}
#   - values: {'null': .nan}
# - name: e_pmRA
#   unit: mas / yr
#   datatype: float32
#   format: '{:6.3f}'
#   description: '? Standard error of proper motion in right ascension direction (pmra_error)'
#   meta: !!omap
#   - {ucd: ERROR}
#   - {width: 6}
#   - {precision: '3'}
#   - values: {'null': .nan}
# - name: e_pmDE
[...]
#         unit: &id001 !astropy.units.Unit {unit: deg}
#         value: !astropy.table.SerializedColumn {name: SkyCoord.dec}
#       distance: !astropy.table.SerializedColumn
#         __class__: astropy.coordinates.distances.Distance
#         unit: !astropy.units.Unit {unit: pc}
#         value: !astropy.table.SerializedColumn {name: SkyCoord.distance}
#       frame: icrs
#       obstime: !astropy.time.Time {format: jyear_str, in_subfmt: '*', jd1: 367701545.0, jd2: 0.0, out_subfmt: '*', precision: 3, scale: tt}
#       pm_dec: !astropy.table.SerializedColumn
#         __class__: astropy.units.quantity.Quantity
#         unit: !astropy.units.Unit {unit: mas / yr}
#         value: !astropy.table.SerializedColumn {name: SkyCoord.pm_dec}
#       pm_ra_cosdec: !astropy.table.SerializedColumn
#         __class__: astropy.units.quantity.Quantity
#         unit: !astropy.units.Unit {unit: mas / yr}
#         value: !astropy.table.SerializedColumn {name: SkyCoord.pm_ra_cosdec}
#       ra: !astropy.table.SerializedColumn
#         __class__: astropy.coordinates.angles.Longitude
#         unit: *id001
#         value: !astropy.table.SerializedColumn {name: SkyCoord.ra}
#         wrap_angle: !astropy.coordinates.Angle
#           unit: *id001
#           value: 360.0
#       representation_type: spherical
# schema: astropy-2.0
RA_ICRS_1 DE_ICRS_1 e_RA_ICRS e_DE_ICRS _r_1 HIP TYC2 Source rgeo Plx e_Plx pmRA pmDE e_pmRA e_pmDE RUWE Teff logg Gmag BP-RP BPmag RPmag RV e_RV b_rgeo B_rgeo FG e_FG FBP e_FBP FRP e_FRP RAVE5 RAVE6 e_Gmag e_BPmag e_RPmag e_BP-RP SkyCoord.ra SkyCoord.dec SkyCoord.distance SkyCoord.pm_ra_cosdec SkyCoord.pm_dec
[from data line 678]
129.38939404539 -40.89551801084 0.0113 0.0137 52.084 "" "" 5528275783640324992 958.068237 1.0069 0.015 -8.714 9.558 0.014 0.017 1.0 7109.1 4.1444 14.419191 1.341334 15.01246 13.671125 25.37 8.5 944.519775 970.032471 32156.61382 6.443 13503.0 14.419 26959.0 17.147 "" "" 0.002763894663202908 0.003021462 0.0038419547 0.0068634166 129.38939404539 -40.89551801084 958.068237 -8.713999999999999 9.558
129.82567923288 -40.31361747357 0.0115 0.014 24.611 "" "" 5528389926692079616 862.053833 1.1227 0.0158 -6.514 9.697 0.016 0.019 1.004 6596.2 4.0885 14.424508 1.287665 14.986308 13.698643 32.2 6.59 850.892212 875.456604 31999.52389 5.7909 13832.0 19.501 26285.0 15.867 "" "" 0.002762317018212409 0.0031824764 0.00383579 0.0070182662 129.82567923288 -40.31361747357 862.053833 -6.513999999999999 9.697
129.17382848093 -39.9288795566 0.0121 0.0141 13.6147 "" "" 5528609691578889728 912.755859 1.0537 0.0163 -9.983 2.873 0.016 0.018 0.954 6165.4 4.1273 14.425554 1.079106 14.875679 13.796573 -7.55 7.3 902.937195 928.415894 31968.70662 6.1039 15316.0 15.821 24018.0 13.598 "" "" 0.0027631076974265105 0.0030071398 0.0038290445 0.0068361843 129.17382848093 -39.9288795566 912.755859 -9.983 2.873
129.10558708606 -39.82237505976 0.0124 0.0139 19.7344 "" "" 5528614394562758784 844.846375 1.1506 0.0172 -3.514 8.307 0.017 0.017 1.049 5717.6 4.3578 14.425996 0.935709 14.809504 13.873795 51.97 3.29 832.388428 857.735779 31955.6932 6.1464 16279.0 15.101 22369.0 15.846 "" "" 0.002763222787120551 0.0029663846 0.0038568487 0.0068232333 129.10558708606 -39.82237505976 844.846375 -3.5140000000000007 8.307
129.82233749918 -40.26743263966 0.0215 0.026 22.6566 "" "" 5528393259586692480 869.411133 1.1185 0.0296 -5.245 2.948 0.029 0.034 1.861 5884.5 4.1319 14.426644 1.145556 14.905607 13.760051 13.28 7.06 848.091675 890.695923 31936.6333 12.974 14900.0 14.374 24839.0 17.789 "" "" 0.0027904002458459865 0.002980287 0.0038585423 0.0068388293 129.82233749918 -40.26743263966 869.411133 -5.245 2.9480000000000004
128.58581275289 -40.70738539864 0.0139 0.0156 56.4347 "" "" 5528469813085085056 854.285889 1.1341 0.0184 -3.521 4.39 0.021 0.021 1.191 6119.8 4.2641 14.426969 0.93819 14.7783 13.84011 22.75 18.63 841.235718 867.286987 31927.08657 13.655 16753.0 129.73 23074.0 67.672 "" "" 0.002794176353231916 0.008858489 0.004941996 0.013800485 128.58581275289 -40.70738539864 854.285889 -3.521 4.39
129.23761911209 -39.55500938166 0.0121 0.014 29.8914 "" "" 5528670577034992384 898.36261 1.0779 0.0163 6.806 -13.82 0.016 0.019 1.043 5542.8 4.1134 14.427022 1.33702 15.021561 13.684541 15.56 3.8 886.178406 909.395447 31925.51741 7.1481 13390.0 16.486 26628.0 26.012 "" "" 0.0027660232900469563 0.0030938685 0.003925384 0.0070192525 129.23761911209 -39.55500938166 898.36261 6.806000000000001 -13.82
129.34363680185 -40.99587107335 0.0118 0.0142 58.2201 "" "" 5528250907189780480 796.015991 1.2221 0.0153 -14.603 -2.304 0.015 0.017 0.959 5259.4 4.332 14.433887 1.021259 14.862668 13.841409 79.91 4.57 786.95343 804.787109 31724.29495 5.6961 15501.0 12.538 23046.0 14.099 "" "" 0.002762207917839688 0.0029251121 0.003837307 0.006762419 129.34363680185 -40.99587107335 796.015991 -14.603000000000002 -2.3039999999999994
129.8477670576 -39.58520023534 0.0128 0.014 32.5587 "" "" 5528629963824394496 1008.59332 0.9523 0.0162 -6.566 5.099 0.018 0.017 0.997 "" "" 14.439429 1.645295 15.211746 13.566451 45.38 4.53 987.697021 1027.73047 31562.76699 8.4716 11239.0 16.202 29688.0 23.61 "" "" 0.0027706882137772597 0.0031991948 0.0038767615 0.007075956 129.8477670576 -39.58520023534 1008.59332 -6.566000000000001 5.099
129.08390028001 -39.80573877891 0.012 0.0139 21.1395 "" "" 5528614669440664960 806.82782 1.2001 0.0165 -13.539 18.273 0.016 0.017 0.998 5827.9 4.4339 14.440866 0.845289 14.77959 13.9343 21.4 5.49 797.486511 818.773743 31521.01766 6.5795 16733.0 16.31 21156.0 12.587 "" "" 0.0027646248323117384 0.0029841287 0.003834189 0.006818318 129.08390028001 -39.80573877891 806.82782 -13.539 18.272999999999996
128.7404560316 -40.19003676946 0.0112 0.0142 33.5363 "" "" 5528509120625545728 797.647034 1.2156 0.0151 -2.549 -10.885 0.016 0.02 1.012 5726.7 4.3946 14.441091 0.939207 14.823384 13.884177 68.83 4.08 788.497864 805.206116 31514.51339 5.3139 16072.0 13.824 22156.0 19.435 "" "" 0.0027613955816851187 0.0029423067 0.0038975358 0.0068398425 128.7404560316 -40.19003676946 797.647034 -2.5490000000000004 -10.885000000000002
128.94093818283 -39.67400374479 0.0172 0.0203 31.3109 "" "" 5528665972830173056 818.021606 1.1862 0.0233 -8.059 -1.634 0.023 0.027 1.663 6013.2 4.4022 14.441628 0.913552 14.757952 13.844399 5.01 5.16 805.284119 832.941162 31498.90718 9.4227 17070.0 38.298 22983.0 100.54 "" "" 0.0027743969957892156 0.003703898 0.0060697915 0.009773689 128.94093818283 -39.67400374479 818.021606 -8.059 -1.6340000000000006
129.35492753229 -40.7791985621 0.0118 0.0143 45.2209 "" "" 5528280971960799104 743.435608 1.3073 0.0158 -8.471 7.991 0.016 0.017 0.998 5180.7 4.321 14.443814 0.990079 14.849614 13.859535 30.52 11.5 735.563232 752.783508 31435.55752 35.893 15688.0 57.761 22664.0 67.389 "" "" 0.0030213605144773187 0.004874964 0.0049704914 0.009845455 129.35492753229 -40.7791985621 743.435608 -8.471 7.9910000000000005
129.55627576059 -39.38007418269 0.019 0.0235 39.2625 "" "" 5528650579667139200 1045.37134 0.9316 0.026 -4.34 4.431 0.025 0.031 1.644 "" "" 14.447886 1.498158 15.121192 13.623034 "" "" 1011.37695 1072.34131 31317.87419 9.9521 12216.0 19.755 28180.0 21.261 "" "" 0.002776838049403158 0.0032966412 0.0038671365 0.007163778 129.55627576059 -39.38007418269 1045.37134 -4.34 4.430999999999999
128.76612839883 -40.41381408201 0.0145 0.0148 38.5763 "" "" 5528480258447127936 781.506836 1.243 0.0165 -5.269 4.571 0.019 0.019 1.057 5430.9 4.3674 14.44833 0.916704 14.813779 13.897075 11.43 5.29 772.805237 790.69281 31305.09049 24.439 16215.0 44.058 21894.0 53.642 "" "" 0.002882745422063409 0.004060536 0.0046216943 0.0086822305 128.76612839883 -40.41381408201 781.506836 -5.268999999999998 4.571
130.22163424617 -40.46458972103 0.0119 0.0125 44.3457 "" "" 5528326670413677440 966.329346 1.0026 0.015 -8.363 6.129 0.015 0.016 1.007 6907.3 3.8237 14.45133 1.858713 15.360158 13.501445 27.39 2.53 951.378052 980.752991 31218.70311 6.8336 9802.9 15.744 31520.0 18.479 "" "" 0.002765551018228534 0.0032902462 0.0038326092 0.0071228556 130.22163424617 -40.46458972103 966.329346 -8.363 6.129
129.10500665323 -40.47400420188 0.0126 0.0144 30.8296 "" "" 5528487714508859392 802.647522 1.211 0.0164 -0.721 8.141 0.017 0.018 0.913 5188.8 4.2863 14.452915 0.99001 14.857718 13.867708 -39.4 4.46 792.251465 813.485962 31173.1532 5.9059 15571.0 15.516 22494.0 16.342 "" "" 0.002762987692732581 0.002992584 0.0038608187 0.0068534026 129.10500665323 -40.47400420188 802.647522 -0.7210000000000001 8.140999999999998
129.22088542552 -40.14118706822 0.0127 0.0143 12.1266 "" "" 5528501424043986048 908.985352 1.0617 0.0167 1.724 -9.328 0.017 0.017 1.028 5990.6 4.1045 14.453548 1.123525 14.928441 13.804916 17.79 3.44 897.013916 922.381348 31154.97843 6.3197 14590.0 17.607 23834.0 18.95 "" "" 0.002764108249025225 0.0030824998 0.0038767161 0.0069592157 129.22088542552 -40.14118706822 908.985352 1.724 -9.328
129.60381184571 -40.61086574277 0.0434 0.0496 35.7478 "" "" 5528286400799345024 915.137512 1.0662 0.0543 -8.61 -1.405 0.059 0.065 2.353 "" "" 14.454562 1.638999 14.861596 13.222597 -52.4 6.69 875.555847 972.057678 31125.90158 23.837 15516.0 106.79 40749.0 214.46 "" "" 0.0028780471288340844 0.00797657 0.006850952 0.0148275215 129.60381184571 -40.61086574277 915.137512 -8.61 -1.4049999999999996
129.38146894345 -40.55201319671 0.0146 0.0171 31.5364 "" "" 5528300934968729984 886.971558 1.0894 0.0194 -8.694 4.365 0.02 0.02 1.213 5882.5 4.1061 14.459224 1.07963 14.91253 13.8329 34.39 4.89 873.81488 899.537231 30992.55667 5.7147 14805.0 12.397 23227.0 15.691 "" "" 0.002762583710343366 0.002934551 0.0038498966 0.0067844475 129.38146894345 -40.55201319671 886.971558 -8.694 4.365000000000001
129.21263945633 -40.68873006303 0.033 0.0409 40.9663 "" "" 5528293375826365824 852.790649 1.1326 0.0422 -18.056 7.416 0.045 0.049 2.777 5639.9 3.6367 14.459916 1.514173 15.134074 13.619902 50.21 3.71 825.549561 885.970581 30972.77946 18.522 12072.0 18.705 28262.0 15.992 "" "" 0.00283078678930578 0.0032580935 0.0038289903 0.0070870835 129.21263945633 -40.68873006303 852.790649 -18.056000000000004 7.416000000000001
130.2140749279 -40.58917736707 0.0194 0.019 48.8548 "" "" 5528323543677519872 858.207947 1.1324 0.0232 -8.03 11.696 0.026 0.025 1.763 5843.2 4.3668 14.465443 0.929609 14.817937 13.888328 40.46 4.53 843.733154 873.132385 30815.53194 11.558 16153.0 18.376 22071.0 29.001 "" "" 0.0027852511185957416 0.0030513373 0.004039683 0.0070910202 130.2140749279 -40.58917736707 858.207947 -8.03 11.695999999999998
129.36789588818 -40.05503699357 0.0126 0.0163 3.6803 "" "" 5528592889667858560 775.570129 1.2595 0.0176 5.623 -4.989 0.017 0.021 1.054 5741.4 4.4361 14.468343 0.901041 14.833263 13.932222 "" "" 764.937256 785.441833 30733.34378 10.185 15926.0 20.435 21197.0 24.499 "" "" 0.002778714452185102 0.003118632 0.0039822636 0.0071008955 129.36789588818 -40.05503699357 775.570129 5.623000000000001 -4.988999999999999
129.37816284583 -40.2152395555 0.0131 0.0173 11.5694 "" "" 5528590759363062144 794.495239 1.2206 0.0192 4.437 2.395 0.018 0.022 1.04 5146.7 4.3036 14.469134 1.045664 14.906394 13.86073 59.86 4.26 782.007874 807.699463 30710.93247 5.9309 14889.0 21.996 22639.0 18.955 "" "" 0.0027632868241485274 0.0032183602 0.0038871726 0.007105533 129.37816284583 -40.2152395555 794.495239 4.436999999999999 2.3949999999999996
130.61711612055 -40.15495474308 0.0115 0.0133 54.5617 "" "" 5528360308597288832 867.906433 1.1156 0.0153 12.044 -14.692 0.015 0.016 1.037 5254.3 4.2755 14.469667 1.022521 14.897132 13.874611 62.93 5.08 856.997192 879.169128 30695.87358 5.2755 15016.0 15.241 22352.0 15.192 "" "" 0.0027616314683165557 0.0029999104 0.0038507516 0.0068506617 130.61711612055 -40.15495474308 867.906433 12.044000000000002 -14.692000000000004
128.79322700568 -39.55806743062 0.0119 0.0137 41.0502 "" "" 5528680129042394240 891.633667 1.0829 0.016 -2.063 5.392 0.015 0.018 1.058 6067.8 4.1974 14.470125 1.11758 14.942321 13.82474 1.43 8.44 878.209595 905.661499 30682.91267 6.6503 14404.0 18.054 23402.0 19.683 "" "" 0.0027653512416323366 0.0031043515 0.003888142 0.0069924938 128.79322700568 -39.55806743062 891.633667 -2.0629999999999997 5.392000000000001
130.01981007479 -40.62810308118 0.0127 0.014 44.704 "" "" 5528329934588915072 821.602478 1.182 0.016 -1.971 -3.448 0.016 0.018 0.981 5625.3 4.3404 14.473321 1.008985 14.894911 13.885926 12.93 4.53 813.104736 831.681091 30592.73868 5.3412 15047.0 16.038 22120.0 16.048 "" "" 0.0027618331011878793 0.003020639 0.0038605954 0.0068812342 130.01981007479 -40.62810308118 821.602478 -1.971 -3.448
128.92035986952 -39.77559120872 0.0116 0.0144 28.3198 "" "" 5528568597332148480 1085.62305 0.8842 0.0156 -1.608 5.426 0.015 0.018 1.016 7367.2 3.9021 14.48242 1.367463 15.070592 13.703129 27.17 8.27 1069.87231 1105.57544 30337.4179 6.6928 12799.0 25.171 26176.0 54.887 "" "" 0.0027657119045598226 0.0035134512 0.004412111 0.007925563 128.92035986952 -39.77559120872 1085.62305 -1.6080000000000003 5.426
129.46001982667 -40.25120315384 0.013 0.0173 13.4053 "" "" 5528402124398836096 761.523682 1.2723 0.0183 -8.292 5.74 0.017 0.021 1.034 5130.6 4.3465 14.482976 1.060456 14.930561 13.870105 35.36 7.57 751.70282 770.883057 30321.90563 9.795 14561.0 23.667 22445.0 24.89 "" "" 0.002777552980616081 0.0033014074 0.0039665303 0.007267938 129.46001982667 -40.25120315384 761.523682 -8.292000000000002 5.739999999999999
129.3564169722 -40.33690553136 0.0121 0.015 18.9083 "" "" 5528308322312421632 930.771118 1.037 0.0169 -5.709 3.587 0.015 0.017 1.012 5219.8 3.8059 14.484923 1.508927 15.176759 13.667831 68.01 4.13 911.27832 947.645447 30267.56866 43.351 11607.0 70.634 27041.0 98.474 "" "" 0.0031638563499406976 0.007172188 0.0054696314 0.012641819 129.3564169722 -40.33690553136 930.771118 -5.709 3.5869999999999997
129.05718676074 -39.16901108575 0.0251 0.0274 54.5107 "" "" 5528694972448916224 815.907227 1.1946 0.0326 -1.927 -2.582 0.035 0.037 2.066 5464.3 4.3705 14.493826 0.960141 14.877243 13.917102 -15.32 7.9 797.330627 836.199768 30020.39446 13.104 15294.0 20.741 21494.0 23.769 "" "" 0.002795781922310743 0.0031548503 0.003965514 0.0071203643 129.05718676074 -39.16901108575 815.907227 -1.927 -2.582
129.21585547969 -40.39467348328 0.0128 0.0146 24.2631 "" "" 5528494036700307328 1066.27869 0.9032 0.0165 -6.233 7.999 0.017 0.018 0.931 7142.4 4.1894 14.496257 1.133446 14.977424 13.843978 30.34 5.43 1046.68689 1083.69067 29953.26364 5.3364 13946.0 14.121 22991.0 16.886 "" "" 0.002762101623480967 0.00299894 0.0038625929 0.006861533 129.21585547969 -40.39467348328 1066.27869 -6.232999999999999 7.999
129.65274745798 -39.39433751584 0.0134 0.0156 39.285 "" "" 5528647590369877760 984.208923 0.9769 0.0183 1.967 2.634 0.017 0.019 1.105 "" "" 14.498921 1.714033 15.311235 13.597202 4.6 4.64 968.183044 1004.34235 29879.84759 6.9685 10255.0 16.973 28859.0 14.981 "" "" 0.0027669307917579083 0.0033187715 0.0038211767 0.007139948 129.65274745798 -39.39433751584 984.208923 1.9669999999999999 2.6340000000000003
129.24864718303 -40.88346178564 0.0114 0.0142 52.0478 "" "" 5528255373955765120 768.297791 1.2643 0.0153 -7.091 0.806 0.014 0.017 1.037 5653.1 4.4218 14.504576 0.947142 14.893014 13.945872 22.74 5.18 759.375793 776.932556 29724.61726 5.1726 15073.0 13.2 20932.0 12.428 "" "" 0.0027617904652088823 0.0029477293 0.0038339645 0.0067816935 129.24864718303 -40.88346178564 768.297791 -7.090999999999999 0.8060000000000003
128.43561946666 -40.45957419992 0.0126 0.0158 52.7772 "" "" 5528522830161350912 760.967102 1.274 0.0173 -11.026 6.367 0.017 0.023 1.011 5350.6 4.3936 14.506022 0.981548 14.913683 13.932135 29.91 3.82 750.750305 772.042908 29685.04246 12.174 14789.0 28.042 21198.0 27.922 "" "" 0.002791066383461111 0.0034674662 0.004040916 0.007508382 128.43561946666 -40.45957419992 760.967102 -11.025999999999998 6.367000000000001
129.28349113886 -40.36949092811 0.0125 0.0156 21.6914 "" "" 5528306947922924032 1039.90125 0.9323 0.0175 -1.965 2.559 0.017 0.019 0.995 6130.2 4.0305 14.508762 1.11615 14.979941 13.863791 36.09 7.92 1021.38171 1055.70654 29610.22159 6.0325 13914.0 17.256 22576.0 14.455 "" "" 0.0027641848130560164 0.00309809 0.0038427853 0.006940875 129.28349113886 -40.36949092811 1039.90125 -1.9650000000000005 2.559000000000001
130.09885040069 -39.56678539468 0.0128 0.0134 41.1002 "" "" 5528448647484437760 883.731812 1.0952 0.0161 -2.083 4.375 0.017 0.017 1.038 5990.8 4.2539 14.508946 0.991151 14.895248 13.904098 0.52 5.79 870.678528 898.503113 29605.2057 6.6814 15042.0 48.086 21753.0 68.78 "" "" 0.0027661941949394917 0.0044533056 0.0051057674 0.009559073 130.09885040069 -39.56678539468 883.731812 -2.0830000000000006 4.375
129.24498107775 -39.97790130233 0.0125 0.0151 9.46 "" "" 5528608901304900992 1077.13477 0.8876 0.0171 -10.612 10.107 0.017 0.02 1.055 "" "" 14.509705 1.703437 15.325534 13.622097 113.82 3.41 1057.68445 1100.24097 29584.54471 7.3611 10121.0 13.858 28205.0 24.898 "" "" 0.0027685320077084005 0.0031615032 0.003899016 0.0070605194 129.24498107775 -39.97790130233 1077.13477 -10.612 10.107
130.29192323614 -39.40341575973 0.0121 0.014 54.3292 "" "" 5528826226652539776 853.836975 1.1351 0.0167 -8.599 10.731 0.016 0.019 1.067 5704.1 4.3955 14.514992 0.907059 14.882966 13.975907 29.42 5.67 842.388306 865.783813 29440.83406 5.2269 15214.0 13.024 20361.0 14.129 "" "" 0.0027620546836560765 0.002940905 0.0038537472 0.006794652 130.29192323614 -39.40341575973 853.836975 -8.599 10.730999999999998
