Clusters/LP_2221/LP_2221_stars_in_region.tsv
# %ECSV 1.0
# ---
# datatype:
# - name: RA_ICRS_1
#   unit: deg
#   datatype: float64
#   format: '{:15.11f}'
#   description: Right ascension (ICRS) at Ep=2016.0 (ra)
#   meta: !!omap
#   - {ucd: POS_EQ_RA_MAIN}
#   - {width: 15}
#   - {precision: '11'}
# - name: DE_ICRS_1
#   unit: deg
#   datatype: float64
#   format: '{:15.11f}'
#   description: Declination (ICRS) at Ep=2016.0 (dec)
#   meta: !!omap
#   - {ucd: POS_EQ_DEC_MAIN}
#   - {width: 15}
#   - {precision: '11'}
# - name: e_RA_ICRS
#   unit: mas
#   datatype: float64
#   format: '{:7.4f}'
#   description: Standard error of right ascension (ra_error)
#   meta: !!omap
#   - {ucd: ERROR}
#   - {width: 7}
#   - {precision: '4'}
# - name: e_DE_ICRS
#   unit: mas
#   datatype: float64
#   format: '{:7.4f}'
#   description: Standard error of declination (dec_error)
#   meta: !!omap
#   - {ucd: ERROR}
#   - {width: 7}
#   - {precision: '4'}
# - name: _r_1
#   unit: ''
#   datatype: float64
#   format: '{:7.4f}'
#   description: Distance from center (129.44000767000-40.02830587000)[ICRS], at Epoch=J2016.0
#   meta: !!omap
#   - {ucd: POS_ANG_DIST_GENERAL}
#   - {width: 7}
#   - {precision: '4'}
# - name: HIP
#   datatype: int32
#   description: '? HIP cross-id number, van Leeuwen, Cat. I/311 (hip_original_ext_source_id)'
#   meta: !!omap
#   - {ucd: ID_NUMBER}
#   - {width: 6}
#   - values: {'null': -2147483648}
# - name: TYC2
#   datatype: string
#   description: Tycho-2 cross-id name, Hog et al., Cat. I/259 (tyc2_original_ext_source_id)
#   meta: !!omap
#   - {ucd: ID_CROSSID}
#   - {_votable_string_dtype: char}
# - name: Source
#   datatype: int64
#   description: Source identifier, identical to the Gaia-EDR3 source_id (id)
#   meta: !!omap
#   - {ucd: ID_MAIN}
#   - {width: 19}
# - name: rgeo
#   unit: pc
#   datatype: float64
#   format: '{:15.8f}'
#   description: '? Median of the geometric distance posterior (r_med_geo)'
#   meta: !!omap
#   - {ucd: PHYS_DISTANCE_TRUE}
#   - {width: 15}
#   - {precision: '8'}
#   - values: {'null': .nan}
# - name: Plx
#   unit: mas
#   datatype: float64
#   format: '{:9.4f}'
#   description: '? Parallax (parallax)'
#   meta: !!omap
#   - {ucd: POS_PARLX_TRIG}
#   - {width: 9}
#   - {precision: '4'}
#   - values: {'null': .nan}
# - name: e_Plx
#   unit: mas
#   datatype: float32
#   format: '{:7.4f}'
#   description: '? Standard error of parallax (parallax_error)'
#   meta: !!omap
#   - {ucd: ERROR}
#   - {width: 7}
#   - {precision: '4'}
#   - values: {'null': .nan}
# - name: pmRA
#   unit: mas / yr
#   datatype: float64
#   format: '{:9.3f}'
#   description: '? Proper motion in right ascension direction, pmRA*cosDE (pmra)'
#   meta: !!omap
#   - {ucd: POS_EQ_PMRA}
#   - {width: 9}
#   - {precision: '3'}
#   - values: {'null': .nan}
# - name: pmDE
#   unit: mas / yr
#   datatype: float64
#   format: '{:9.3f}'
#   description: '? Proper motion in declination direction (pmdec)'
#   meta: !!omap
#   - {ucd: POS_EQ_PMDEC}
#   - {width: 9}
#   - {precision: '3'}
#   - values: {'null': .nan}
# - name: e_pmRA
#   unit: mas / yr
#   datatype: float32
#   format: '{:6.3f}'
#   description: '? Standard error of proper motion in right ascension direction (pmra_error)'
#   meta: !!omap
#   - {ucd: ERROR}
#   - {width: 6}
#   - {precision: '3'}
#   - values: {'null': .nan}
# - name: e_pmDE
[...]
#         unit: &id001 !astropy.units.Unit {unit: deg}
#         value: !astropy.table.SerializedColumn {name: SkyCoord.dec}
#       distance: !astropy.table.SerializedColumn
#         __class__: astropy.coordinates.distances.Distance
#         unit: !astropy.units.Unit {unit: pc}
#         value: !astropy.table.SerializedColumn {name: SkyCoord.distance}
#       frame: icrs
#       obstime: !astropy.time.Time {format: jyear_str, in_subfmt: '*', jd1: 367701545.0, jd2: 0.0, out_subfmt: '*', precision: 3, scale: tt}
#       pm_dec: !astropy.table.SerializedColumn
#         __class__: astropy.units.quantity.Quantity
#         unit: !astropy.units.Unit {unit: mas / yr}
#         value: !astropy.table.SerializedColumn {name: SkyCoord.pm_dec}
#       pm_ra_cosdec: !astropy.table.SerializedColumn
#         __class__: astropy.units.quantity.Quantity
#         unit: !astropy.units.Unit {unit: mas / yr}
#         value: !astropy.table.SerializedColumn {name: SkyCoord.pm_ra_cosdec}
#       ra: !astropy.table.SerializedColumn
#         __class__: astropy.coordinates.angles.Longitude
#         unit: *id001
#         value: !astropy.table.SerializedColumn {name: SkyCoord.ra}
#         wrap_angle: !astropy.coordinates.Angle
#           unit: *id001
#           value: 360.0
#       representation_type: spherical
# schema: astropy-2.0
RA_ICRS_1 DE_ICRS_1 e_RA_ICRS e_DE_ICRS _r_1 HIP TYC2 Source rgeo Plx e_Plx pmRA pmDE e_pmRA e_pmDE RUWE Teff logg Gmag BP-RP BPmag RPmag RV e_RV b_rgeo B_rgeo FG e_FG FBP e_FBP FRP e_FRP RAVE5 RAVE6 e_Gmag e_BPmag e_RPmag e_BP-RP SkyCoord.ra SkyCoord.dec SkyCoord.distance SkyCoord.pm_ra_cosdec SkyCoord.pm_dec
[from data line 599]
130.04863039893 -40.24594551487 0.0101 0.0118 30.8206 "" "" 5528391232362063232 795.76947 1.2224 0.0135 1.608 -9.515 0.014 0.015 0.981 5292.2 4.2617 14.212679 0.966685 14.610636 13.64395 19.89 3.36 787.71521 804.723206 38893.33144 5.6302 19551.0 17.997 27643.0 24.876 "" "" 0.0027597993027867326 0.0029637683 0.003903635 0.006867403 130.04863039893 -40.24594551487 795.76947 1.6080000000000005 -9.515
130.39776927322 -39.51868451982 0.0116 0.0126 53.7181 "" "" 5528810008856030720 850.763428 1.1409 0.0153 -3.341 18.624 0.015 0.016 1.034 6055.8 4.2681 14.214545 0.86429 14.55899 13.694699 108.52 10.38 840.076416 860.331116 38826.54664 7.3035 20503.0 15.367 26380.0 15.187 "" "" 0.0027628790508402784 0.0029064156 0.0038307214 0.006737137 130.39776927322 -39.51868451982 850.763428 -3.341000000000001 18.624000000000002
128.89189018104 -39.90368607102 0.0117 0.0128 26.2911 "" "" 5528565436236266496 761.972473 1.2776 0.0152 -8.256 5.59 0.015 0.017 1.01 5863.4 4.3728 14.214789 0.859817 14.560087 13.700271 26.56 4.94 755.416565 768.287231 38817.79211 15.622 20482.0 31.781 26245.0 27.506 "" "" 0.002789751471159617 0.0032593284 0.003946967 0.0072062956 128.89189018104 -39.90368607102 761.972473 -8.256 5.590000000000001
130.31739236933 -39.52216479361 0.0114 0.0121 50.5881 "" "" 5528820454216517504 854.065308 1.1345 0.0148 6.705 6.846 0.015 0.015 0.996 5653.7 4.2488 14.216834 1.010074 14.634541 13.624467 58.75 5.43 844.605103 863.493164 38744.77767 6.0209 19125.0 16.0 28143.0 19.016 "" "" 0.0027604812302752615 0.0029342985 0.003849926 0.0067842244 130.31739236933 -39.52216479361 854.065308 6.705 6.846
128.4788429032 -39.96360724826 0.0111 0.0133 44.3503 "" "" 5528573648213865600 960.399414 1.0083 0.0144 -4.455 1.763 0.014 0.017 0.979 7316.9 4.1401 14.217011 1.068976 14.662631 13.593655 "" "" 948.041199 973.302368 38738.47776 7.1225 18637.0 16.666 28953.0 15.609 "" "" 0.002762542200989672 0.0029542712 0.0038244408 0.006778712 128.4788429032 -39.96360724826 960.399414 -4.455 1.7630000000000001
130.63358481951 -40.29168041682 0.0109 0.0126 56.9663 "" "" 5528355051557362432 958.650635 1.0056 0.0151 -5.854 4.225 0.015 0.016 0.997 "" "" 14.223594 1.146885 14.708666 13.561781 "" "" 946.891968 972.196411 38504.31355 7.2723 17863.0 14.928 29816.0 21.94 "" "" 0.0027629404838739077 0.002933994 0.0038629037 0.0067968974 130.63358481951 -40.29168041682 958.650635 -5.854 4.225
128.76791860889 -39.36533681991 0.0111 0.0133 50.4478 "" "" 5528685283003101312 769.385193 1.26 0.0151 -6.944 6.9 0.014 0.016 1.008 5516.3 4.3756 14.223657 0.870028 14.574719 13.704692 27.81 5.44 759.585083 779.135803 38502.05459 20.181 20208.0 43.097 26139.0 40.607 "" "" 0.0028134775641789163 0.0036258334 0.004138679 0.007764512 128.76791860889 -39.36533681991 769.385193 -6.944000000000001 6.9
128.75313353275 -40.14856950892 0.0112 0.0129 32.3447 "" "" 5528509326783960704 871.169861 1.112 0.0146 -5.317 5.623 0.015 0.017 1.007 6176.8 4.1617 14.228038 1.020147 14.650074 13.629927 -14.41 4.5 859.983337 883.300232 38347.00789 6.2394 18853.0 16.302 28002.0 18.673 "" "" 0.0027609776870375895 0.0029438818 0.0038481073 0.0067919893 128.75313353275 -40.14856950892 871.169861 -5.317 5.623
129.83173565685 -40.72824481225 0.0104 0.0128 45.6537 "" "" 5528328250961820672 1063.75757 0.906 0.0141 -6.529 6.755 0.015 0.017 0.997 "" "" 14.229797 1.215956 14.750699 13.534743 "" "" 1048.11523 1078.93164 38284.93291 6.6729 17185.0 19.718 30568.0 20.459 "" "" 0.002761811157224363 0.0030556486 0.0038486084 0.006904257 129.83173565685 -40.72824481225 1063.75757 -6.529 6.755000000000001
128.36069636404 -40.44986508258 0.0116 0.0135 55.5285 "" "" 5528523757874318848 827.181274 1.1705 0.0158 -5.566 9.974 0.016 0.019 0.949 5880.6 4.3014 14.230051 0.921204 14.60356 13.682357 29.2 11.4 817.563904 836.401794 38275.99491 14.893 19679.0 34.278 26682.0 35.85 "" "" 0.0027875181178183208 0.0033707083 0.0040511503 0.0074218586 128.36069636404 -40.44986508258 827.181274 -5.566000000000001 9.973999999999998
130.5192326378 -40.09716235946 0.0111 0.0122 49.73 "" "" 5528373159139457920 799.178223 1.2154 0.0143 -9.57 8.221 0.015 0.015 0.985 5752.5 4.3852 14.231832 0.869867 14.584727 13.71486 62.06 3.16 786.516174 807.92981 38213.25793 7.7087 20023.0 23.896 25895.0 21.351 "" "" 0.0027640117308509898 0.0030763631 0.0038839586 0.0069603217 130.5192326378 -40.09716235946 799.178223 -9.570000000000002 8.221
129.65840615626 -40.23455627681 0.0114 0.015 15.9222 "" "" 5528400268973353472 862.339294 1.1248 0.0164 -7.441 1.979 0.015 0.02 1.001 5544.8 4.2575 14.232125 0.979804 14.635171 13.655367 40.39 5.56 851.658081 874.385864 38202.93934 7.1248 19114.0 22.186 27353.0 14.716 "" "" 0.002762750616839688 0.0030615751 0.003824256 0.0068858312 129.65840615626 -40.23455627681 862.339294 -7.441 1.979
128.58386245243 -39.40357000466 0.0115 0.0127 54.4642 "" "" 5529342378641460608 907.808228 1.0709 0.0149 -5.261 5.336 0.015 0.015 1.041 6910.9 4.2323 14.232333 1.172408 14.734582 13.562174 19.04 6.35 893.491821 919.75592 38195.61656 7.2283 17442.0 14.527 29805.0 23.002 "" "" 0.0027629706910201218 0.0029330486 0.0038711538 0.0068042027 128.58386245243 -39.40357000466 907.808228 -5.260999999999999 5.335999999999999
128.80751829852 -39.24316055576 0.032 0.0437 55.4374 "" "" 5529438345390810112 928.333862 1.0507 0.0464 -24.367 13.806 0.045 0.055 2.801 "" "" 14.2336 "" "" "" 86.65 3.53 895.727539 970.428528 38151.09254 17.35 "" "" "" "" "" "" 0.0027992122736628213 "" "" "" 128.80751829852 -39.24316055576 928.333862 -24.367000000000004 13.805999999999997
129.39535061521 -39.57011851208 0.011 0.0144 27.5682 "" "" 5528624191388159360 883.78717 1.0957 0.015 -5.487 4.178 0.016 0.019 1.133 5646.8 3.723 14.237448 1.581364 14.97191 13.390546 11.45 3.05 872.083069 895.312927 38016.10201 20.777 14017.0 35.266 34909.0 72.351 "" "" 0.002818492507245499 0.003904737 0.004398564 0.008303301 129.39535061521 -39.57011851208 883.78717 -5.487 4.178
130.23099473986 -40.49268945633 0.0115 0.0116 45.6943 "" "" 5528326601694205696 804.192383 1.2091 0.0141 7.475 -22.924 0.015 0.014 0.988 5412.0 4.3348 14.237592 0.946369 14.628607 13.682238 19.72 2.86 794.078369 814.322632 38011.055 6.6894 19230.0 18.824 26685.0 17.453 "" "" 0.0027619374851570897 0.0029857361 0.0038455152 0.006831251 130.23099473986 -40.49268945633 804.192383 7.474999999999999 -22.924
129.19231588384 -39.16396316622 0.0114 0.0132 53.1098 "" "" 5528715175975317120 755.105957 1.2856 0.0155 -8.39 4.102 0.016 0.018 1.071 5891.0 4.3668 14.23763 0.864457 14.582108 13.71765 45.44 3.44 747.825684 763.470764 38009.7449 7.2394 20071.0 16.903 25828.0 16.976 "" "" 0.0027630693039701 0.0029361725 0.003846165 0.0067823376 129.19231588384 -39.16396316622 755.105957 -8.389999999999999 4.102
129.58468354454 -39.85312794932 0.0111 0.0136 12.4406 "" "" 5528602922710348544 1017.36163 0.9495 0.0154 -6.525 6.146 0.015 0.018 1.045 "" "" 14.246403 1.139586 14.72652 13.586933 "" "" 1003.50769 1029.88452 37703.85813 5.8848 17572.0 17.796 29133.0 17.348 "" "" 0.0027605264883297886 0.0029990193 0.0038342832 0.006833303 129.58468354454 -39.85312794932 1017.36163 -6.525000000000001 6.146000000000001
130.00659585176 -39.44835884116 0.0197 0.0212 43.5221 "" "" 5528637832204472192 764.823425 1.271 0.0259 13.078 -4.741 0.026 0.026 1.655 5279.0 4.3119 14.252653 0.929077 14.628742 13.699665 48.02 3.79 749.13916 779.6297 37487.41115 10.609 19227.0 17.59 26260.0 19.81 "" "" 0.0027723999120056906 0.0029617029 0.0038671154 0.0068288185 130.00659585176 -39.44835884116 764.823425 13.077999999999996 -4.741
130.28837624588 -40.19240229768 0.0104 0.0128 40.1558 "" "" 5528365874875042176 969.357117 0.9942 0.0141 -8.083 6.857 0.014 0.016 0.947 "" "" 14.254229 1.358963 14.85458 13.495617 "" "" 958.802734 984.0578 37433.06669 8.3426 15617.0 14.398 31689.0 15.672 "" "" 0.002765925026649299 0.0029642917 0.0038173355 0.0067816274 130.28837624588 -40.19240229768 969.357117 -8.082999999999998 6.857000000000001
129.38040929717 -40.97033889975 0.0108 0.0128 56.5873 "" "" 5528274306171594752 958.624451 1.0058 0.0141 -2.729 2.296 0.014 0.016 0.939 7910.7 4.0238 14.255679 1.471017 14.921984 13.450967 14.1 5.55 947.278198 970.140015 37383.07944 9.5491 14677.0 18.668 33020.0 19.006 "" "" 0.0027692429604491155 0.0031132188 0.0038307018 0.0069439206 129.38040929717 -40.97033889975 958.624451 -2.729 2.296
129.08704608358 -40.33179142811 0.0118 0.0135 24.3592 "" "" 5528492490513917312 1082.70923 0.8886 0.0156 0.102 3.417 0.017 0.017 0.982 7268.5 4.055 14.260377 1.104961 14.723517 13.618556 14.71 4.8 1063.54102 1098.73145 37221.67998 9.2365 17620.0 20.355 28297.0 14.267 "" "" 0.0027684613984811464 0.0030591225 0.0038188205 0.006877943 129.08704608358 -40.33179142811 1082.70923 0.10199999999999987 3.417
129.4223596064 -40.27261127103 0.0111 0.0154 14.6807 "" "" 5528402742874131072 889.109863 1.09 0.0167 -5.588 3.817 0.015 0.019 1.083 "" "" 14.262532 1.622795 15.02598 13.403185 30.36 7.78 875.909912 901.969177 37147.87403 583.98 13336.0 851.36 34505.0 1434.4 "" "" 0.01728918702365794 0.06936869 0.045292865 0.11466156 129.4223596064 -40.27261127103 889.109863 -5.588 3.817000000000001
128.70358166814 -40.55624315214 0.0117 0.0139 46.2518 "" "" 5528477028630353024 749.451294 1.2987 0.0153 -4.036 7.597 0.015 0.017 0.991 5458.0 4.3675 14.262748 0.973669 14.666071 13.692402 32.56 4.4 741.839172 758.237976 37140.47646 7.4419 18578.0 18.364 26436.0 21.872 "" "" 0.002763895393999139 0.0029894598 0.003884669 0.0068741287 128.70358166814 -40.55624315214 749.451294 -4.036 7.597000000000001
129.17185295342 -40.52800732874 0.0112 0.0138 32.3974 "" "" 5528299526219505664 1046.75647 0.921 0.015 -6.509 6.813 0.015 0.017 0.984 7523.8 4.2753 14.263286 1.090339 14.717388 13.627049 "" "" 1030.32227 1064.58008 37122.10975 33.414 17720.0 74.775 28076.0 63.686 "" "" 0.0029235031311260484 0.0053643347 0.004511011 0.009875346 129.17185295342 -40.52800732874 1046.75647 -6.509 6.813000000000001
129.20938905496 -40.50209304758 0.0114 0.0131 30.3247 "" "" 5528299972896088576 1008.28552 0.959 0.0151 -4.661 1.564 0.015 0.016 0.984 7059.6 4.1877 14.264266 1.137653 14.746858 13.609204 13.39 5.18 994.348938 1025.08215 37088.5999 7.1076 17245.0 16.344 28541.0 15.711 "" "" 0.0027631652155569245 0.002973871 0.0038263472 0.0068002185 129.20938905496 -40.50209304758 1008.28552 -4.661 1.5639999999999996
128.2561826078 -39.98225693851 0.0123 0.016 54.4773 "" "" 5528553066730641280 893.018188 1.0844 0.0166 -1.321 0.809 0.016 0.021 1.048 6411.2 4.2583 14.265938 1.007358 14.680376 13.673018 16.24 7.78 878.02478 910.634216 37031.52569 8.4793 18334.0 20.175 26912.0 29.113 "" "" 0.0027665130843091395 0.0030352098 0.003957683 0.0069928933 128.2561826078 -39.98225693851 893.018188 -1.321 0.809
129.11959941301 -40.32219684797 0.0118 0.0137 22.95 "" "" 5528495445449595392 910.213562 1.0603 0.0151 -11.462 9.437 0.016 0.019 0.965 6036.1 4.206 14.266506 1.082034 14.721564 13.63953 36.24 6.01 900.662903 922.158569 37012.15487 6.8282 17652.0 16.55 27755.0 16.285 "" "" 0.0027625912572639424 0.002970064 0.0038326955 0.0068027596 129.11959941301 -40.32219684797 910.213562 -11.462 9.437000000000001
128.74286047557 -39.27189127071 0.0113 0.0134 55.6506 "" "" 5529438620268735232 844.573669 1.1439 0.0157 -13.564 -3.547 0.017 0.016 1.031 5966.7 4.3174 14.267509 0.914755 14.636944 13.722189 96.21 6.63 834.167603 855.230469 36977.96551 6.8741 19083.0 16.39 25721.0 21.185 "" "" 0.002762702824339552 0.0029418762 0.0038837395 0.0068256157 128.74286047557 -39.27189127071 844.573669 -13.563999999999997 -3.547
129.45903900778 -40.7383235439 0.011 0.0138 42.6099 "" "" 5528278463699863680 869.351868 1.1122 0.0151 -2.259 1.064 0.015 0.017 1.0 7291.3 3.9468 14.269691 1.641107 15.039395 13.398289 43.47 4.64 859.243103 880.136963 36903.73104 8.3406 13172.0 16.828 34661.0 25.998 "" "" 0.00276622560842297 0.003115938 0.0038661258 0.006982064 129.45903900778 -40.7383235439 869.351868 -2.2590000000000003 1.0640000000000003
128.80508051847 -40.03469820352 0.0115 0.0135 29.1719 "" "" 5528558426849697792 1021.35443 0.9459 0.0151 -6.977 9.598 0.015 0.017 1.002 6895.3 4.0471 14.274629 1.268821 14.822722 13.553902 36.29 8.18 1001.94324 1037.88611 36736.29719 8.6179 16082.0 21.36 30033.0 24.683 "" "" 0.002767067386665084 0.0031407971 0.003883294 0.007024091 128.80508051847 -40.03469820352 1021.35443 -6.977 9.598000000000003
129.09668578107 -39.99096979588 0.0122 0.013 15.936 "" "" 5528515752054882048 864.840637 1.1218 0.0158 -9.618 10.274 0.016 0.017 1.008 6145.5 4.3067 14.276627 1.058852 14.720903 13.662051 39.49 4.69 852.944092 878.969727 36668.74166 6.3664 17663.0 16.645 27186.0 15.409 "" "" 0.0027617609291906223 0.002971852 0.0038291563 0.0068010082 129.09668578107 -39.99096979588 864.840637 -9.617999999999999 10.274
129.26418420384 -40.82307220522 0.0107 0.0135 48.3574 "" "" 5528279735010251776 848.206726 1.1399 0.0141 -5.163 1.426 0.015 0.016 0.951 5877.2 4.1844 14.279378 1.006228 14.694687 13.688459 29.68 3.82 839.015564 858.592957 36575.93161 6.1064 18094.0 18.807 26532.0 22.345 "" "" 0.0027612762326255287 0.0030097517 0.003888425 0.006898177 129.26418420384 -40.82307220522 848.206726 -5.163 1.4260000000000006
128.80156827391 -39.74836738539 0.0335 0.0473 33.8528 "" "" 5528572170739070720 965.709473 1.0041 0.0472 -5.114 7.959 0.046 0.054 2.343 "" "" 14.280869 1.347588 14.399933 13.052345 -10.76 6.51 917.126221 1010.58276 36525.7548 35.608 23738.0 338.1 47667.0 462.98 "" "" 0.0029516297267060685 0.015713822 0.011202325 0.026916146 128.80156827391 -39.74836738539 965.709473 -5.114 7.959
130.1397730678 -40.33884061427 0.0112 0.0125 37.095 "" "" 5528342956929655040 780.728394 1.2457 0.0144 -8.105 7.118 0.016 0.016 1.043 5704.9 4.3657 14.284427 0.887612 14.643954 13.756342 42.22 3.93 771.385315 788.886963 36406.24718 15.672 18960.0 34.909 24924.0 31.398 "" "" 0.002794679978237742 0.0034323817 0.004019264 0.007451646 130.1397730678 -40.33884061427 780.728394 -8.105 7.118000000000001
129.02015609449 -39.80884542245 0.0115 0.0132 23.3809 "" "" 5528661231186291712 814.136597 1.189 0.0151 -3.321 -2.314 0.015 0.017 1.098 5875.1 4.3306 14.290782 0.884225 14.644486 13.760262 -1.44 4.01 805.55658 825.48761 36193.79358 12.405 18951.0 28.025 24834.0 30.85 "" "" 0.002780335448518533 0.003219162 0.0040128375 0.0072319997 129.02015609449 -39.80884542245 814.136597 -3.321 -2.3139999999999996
129.9903737098 -39.84643957246 0.0115 0.0147 27.5707 "" "" 5528435144107308544 1083.07495 0.8889 0.0165 -2.048 3.841 0.015 0.018 1.158 "" "" 14.301112 1.552066 15.013623 13.461557 18.81 4.15 1062.18201 1103.11829 35851.03671 9.3434 13489.0 18.486 32699.0 23.843 "" "" 0.002769811669009187 0.0031621251 0.00386141 0.007023535 129.9903737098 -39.84643957246 1083.07495 -2.0479999999999996 3.8410000000000006
129.72091422429 -39.44394418052 0.0117 0.013 37.3805 "" "" 5528652332013764096 852.476929 1.1328 0.0152 -1.817 1.075 0.015 0.016 1.037 5293.9 4.2564 14.302664 0.936016 14.687914 13.751898 12.1 3.81 841.739563 862.570923 35799.83634 6.6399 18208.0 16.655 25026.0 15.585 "" "" 0.002762669208989612 0.002961648 0.0038393878 0.0068010357 129.72091422429 -39.44394418052 852.476929 -1.817 1.075
129.54277268435 -39.26882700838 0.0111 0.0134 45.8154 "" "" 5528652297654032384 843.873901 1.1473 0.0152 -8.292 6.672 0.015 0.017 0.991 6021.7 4.3376 14.305402 0.888537 14.663743 13.775206 41.35 7.18 833.538635 855.799866 35709.68376 14.835 18617.0 29.528 24495.0 34.515 "" "" 0.00279199509004946 0.0032788021 0.0040772823 0.0073560844 129.54277268435 -39.26882700838 843.873901 -8.292 6.672
