Clusters/LP_2221/LP_2221_stars_in_region.tsv
# %ECSV 1.0
# ---
# datatype:
# - name: RA_ICRS_1
#   unit: deg
#   datatype: float64
#   format: '{:15.11f}'
#   description: Right ascension (ICRS) at Ep=2016.0 (ra)
#   meta: !!omap
#   - {ucd: POS_EQ_RA_MAIN}
#   - {width: 15}
#   - {precision: '11'}
# - name: DE_ICRS_1
#   unit: deg
#   datatype: float64
#   format: '{:15.11f}'
#   description: Declination (ICRS) at Ep=2016.0 (dec)
#   meta: !!omap
#   - {ucd: POS_EQ_DEC_MAIN}
#   - {width: 15}
#   - {precision: '11'}
# - name: e_RA_ICRS
#   unit: mas
#   datatype: float64
#   format: '{:7.4f}'
#   description: Standard error of right ascension (ra_error)
#   meta: !!omap
#   - {ucd: ERROR}
#   - {width: 7}
#   - {precision: '4'}
# - name: e_DE_ICRS
#   unit: mas
#   datatype: float64
#   format: '{:7.4f}'
#   description: Standard error of declination (dec_error)
#   meta: !!omap
#   - {ucd: ERROR}
#   - {width: 7}
#   - {precision: '4'}
# - name: _r_1
#   unit: ''
#   datatype: float64
#   format: '{:7.4f}'
#   description: Distance from center (129.44000767000-40.02830587000)[ICRS], at Epoch=J2016.0
#   meta: !!omap
#   - {ucd: POS_ANG_DIST_GENERAL}
#   - {width: 7}
#   - {precision: '4'}
# - name: HIP
#   datatype: int32
#   description: '? HIP cross-id number, van Leeuwen, Cat. I/311 (hip_original_ext_source_id)'
#   meta: !!omap
#   - {ucd: ID_NUMBER}
#   - {width: 6}
#   - values: {'null': -2147483648}
# - name: TYC2
#   datatype: string
#   description: Tycho-2 cross-id name, Hog et al., Cat. I/259 (tyc2_original_ext_source_id)
#   meta: !!omap
#   - {ucd: ID_CROSSID}
#   - {_votable_string_dtype: char}
# - name: Source
#   datatype: int64
#   description: Source identifier, identical to the Gaia-EDR3 source_id (id)
#   meta: !!omap
#   - {ucd: ID_MAIN}
#   - {width: 19}
# - name: rgeo
#   unit: pc
#   datatype: float64
#   format: '{:15.8f}'
#   description: '? Median of the geometric distance posterior (r_med_geo)'
#   meta: !!omap
#   - {ucd: PHYS_DISTANCE_TRUE}
#   - {width: 15}
#   - {precision: '8'}
#   - values: {'null': .nan}
# - name: Plx
#   unit: mas
#   datatype: float64
#   format: '{:9.4f}'
#   description: '? Parallax (parallax)'
#   meta: !!omap
#   - {ucd: POS_PARLX_TRIG}
#   - {width: 9}
#   - {precision: '4'}
#   - values: {'null': .nan}
# - name: e_Plx
#   unit: mas
#   datatype: float32
#   format: '{:7.4f}'
#   description: '? Standard error of parallax (parallax_error)'
#   meta: !!omap
#   - {ucd: ERROR}
#   - {width: 7}
#   - {precision: '4'}
#   - values: {'null': .nan}
# - name: pmRA
#   unit: mas / yr
#   datatype: float64
#   format: '{:9.3f}'
#   description: '? Proper motion in right ascension direction, pmRA*cosDE (pmra)'
#   meta: !!omap
#   - {ucd: POS_EQ_PMRA}
#   - {width: 9}
#   - {precision: '3'}
#   - values: {'null': .nan}
# - name: pmDE
#   unit: mas / yr
#   datatype: float64
#   format: '{:9.3f}'
#   description: '? Proper motion in declination direction (pmdec)'
#   meta: !!omap
#   - {ucd: POS_EQ_PMDEC}
#   - {width: 9}
#   - {precision: '3'}
#   - values: {'null': .nan}
# - name: e_pmRA
#   unit: mas / yr
#   datatype: float32
#   format: '{:6.3f}'
#   description: '? Standard error of proper motion in right ascension direction (pmra_error)'
#   meta: !!omap
#   - {ucd: ERROR}
#   - {width: 6}
#   - {precision: '3'}
#   - values: {'null': .nan}
# - name: e_pmDE
[...]
#         unit: &id001 !astropy.units.Unit {unit: deg}
#         value: !astropy.table.SerializedColumn {name: SkyCoord.dec}
#       distance: !astropy.table.SerializedColumn
#         __class__: astropy.coordinates.distances.Distance
#         unit: !astropy.units.Unit {unit: pc}
#         value: !astropy.table.SerializedColumn {name: SkyCoord.distance}
#       frame: icrs
#       obstime: !astropy.time.Time {format: jyear_str, in_subfmt: '*', jd1: 367701545.0, jd2: 0.0, out_subfmt: '*', precision: 3, scale: tt}
#       pm_dec: !astropy.table.SerializedColumn
#         __class__: astropy.units.quantity.Quantity
#         unit: !astropy.units.Unit {unit: mas / yr}
#         value: !astropy.table.SerializedColumn {name: SkyCoord.pm_dec}
#       pm_ra_cosdec: !astropy.table.SerializedColumn
#         __class__: astropy.units.quantity.Quantity
#         unit: !astropy.units.Unit {unit: mas / yr}
#         value: !astropy.table.SerializedColumn {name: SkyCoord.pm_ra_cosdec}
#       ra: !astropy.table.SerializedColumn
#         __class__: astropy.coordinates.angles.Longitude
#         unit: *id001
#         value: !astropy.table.SerializedColumn {name: SkyCoord.ra}
#         wrap_angle: !astropy.coordinates.Angle
#           unit: *id001
#           value: 360.0
#       representation_type: spherical
# schema: astropy-2.0
RA_ICRS_1 DE_ICRS_1 e_RA_ICRS e_DE_ICRS _r_1 HIP TYC2 Source rgeo Plx e_Plx pmRA pmDE e_pmRA e_pmDE RUWE Teff logg Gmag BP-RP BPmag RPmag RV e_RV b_rgeo B_rgeo FG e_FG FBP e_FBP FRP e_FRP RAVE5 RAVE6 e_Gmag e_BPmag e_RPmag e_BP-RP SkyCoord.ra SkyCoord.dec SkyCoord.distance SkyCoord.pm_ra_cosdec SkyCoord.pm_dec
[from data line 2260]
129.46802083868 -39.38130028442 0.0343 0.044 38.8419 "" "" 5528650029911352320 764.65625 1.2836 0.0464 -7.911 5.373 0.046 0.052 1.064 4411.6 4.647 16.732666 1.517287 17.444801 15.927514 "" "" 744.670288 794.25946 3818.3921 4.2293 1437.1 9.1549 3374.1 9.7423 "" "" 0.0030063228109667764 0.007458151 0.0049103475 0.012368498 129.46802083868 -39.38130028442 764.65625 -7.910999999999998 5.372999999999999
129.80829935727 -39.21312250404 0.0348 0.0426 51.788 "" "" 5528656485243039232 908.455994 1.0927 0.0498 -7.206 6.792 0.046 0.052 0.977 4598.0 4.5127 16.733137 1.518881 17.442312 15.923431 "" "" 860.729004 965.400879 3816.73297 2.3763 1440.4 7.1273 3386.8 7.865 "" "" 0.0028370298377921057 0.006053713 0.0045432304 0.010596944 129.80829935727 -39.21312250404 908.455994 -7.206000000000001 6.792
128.81574784601 -39.35108275325 0.0349 0.0392 49.8175 "" "" 5528686623032877568 873.451904 1.1152 0.0459 -5.464 10.009 0.047 0.049 0.999 4739.8 4.5566 16.737495 1.58393 17.480852 15.896922 "" "" 838.279175 904.154785 3801.44466 2.2786 1390.2 9.3682 3470.5 9.8917 "" "" 0.0028311345106069564 0.007830464 0.004884692 0.012715156 128.81574784601 -39.35108275325 873.451904 -5.4639999999999995 10.009
129.02545543458 -39.75182348827 0.0391 0.0425 25.2866 "" "" 5528661643503134976 1026.42883 0.9495 0.0507 -1.877 3.869 0.054 0.054 1.137 5450.0 4.6798 16.73885 1.59876 17.486284 15.887525 "" "" 967.840515 1091.43408 3796.70272 2.0689 1383.3 8.3687 3500.6 9.3668 "" "" 0.002818124701398403 0.007136538 0.0047669485 0.011903487 129.02545543458 -39.75182348827 1026.42883 -1.8770000000000002 3.8689999999999998
129.64113194766 -40.31264929537 0.037 0.0489 19.3931 "" "" 5528399444339656832 1027.48572 0.9571 0.054 -5.366 3.345 0.046 0.064 1.02 "" "" 16.739666 2.487686 18.053732 15.566046 "" "" 969.516907 1089.35291 3793.85207 16.106 820.21 21.521 4707.0 51.823 "" "" 0.0053700194803226586 0.028624292 0.01253694 0.04116123 129.64113194766 -40.31264929537 1027.48572 -5.3660000000000005 3.3450000000000006
130.27197564183 -40.28266419427 0.1891 0.2121 41.0912 "" "" 5528363847651655040 933.769104 1.1756 0.2427 -2.182 2.944 0.258 0.27 6.027 7824.1 4.1787 16.742685 1.930283 17.571869 15.641586 "" "" 770.249817 1176.98096 3783.31492 11.636 1278.4 9.4666 4390.6 14.079 "" "" 0.004329286114130631 0.008510307 0.005138569 0.013648877 130.27197564183 -40.28266419427 933.769104 -2.1820000000000004 2.944
129.41305885807 -39.6777888726 0.0333 0.0462 21.0676 "" "" 5528620446176699904 923.641907 1.0516 0.0473 -5.598 4.489 0.044 0.055 1.008 "" "" 16.743208 2.327919 17.973166 15.645247 "" "" 887.609131 974.594055 3781.49847 3.7688 883.39 8.9131 4375.8 12.92 "" "" 0.0029601872437686016 0.011304449 0.00495586 0.01626031 129.41305885807 -39.6777888726 923.641907 -5.597999999999999 4.488999999999998
129.89520322892 -40.02784883954 0.0369 0.039 20.9134 "" "" 5528408961986708736 1061.21594 0.9127 0.0449 -2.004 -2.034 0.049 0.049 0.989 7076.4 4.3186 16.743767 2.064109 17.799955 15.735846 "" "" 1022.07062 1106.97168 3779.54774 2.0279 1036.2 9.199 4025.5 10.953 "" "" 0.002816229830344372 0.010034482 0.004796971 0.014831454 129.89520322892 -40.02784883954 1061.21594 -2.0040000000000004 -2.034
129.27881062023 -40.40699646212 0.0377 0.0458 23.8916 "" "" 5528306604325551488 924.238403 1.0568 0.0511 -5.893 3.674 0.051 0.052 1.082 4101.6 4.1456 16.745358 2.252505 17.920002 15.667497 "" "" 880.467102 971.913391 3774.01813 5.182 927.72 9.7865 4287.1 11.41 "" "" 0.0031327715099773216 0.011788369 0.004757504 0.016545873 129.27881062023 -40.40699646212 924.238403 -5.893 3.6740000000000013
129.45439301306 -39.59797546962 0.0345 0.0441 25.8283 "" "" 5528621305170127360 932.636475 1.043 0.0473 -3.601 5.337 0.047 0.055 1.007 8594.0 4.2098 16.745964 2.435406 18.05362 15.618214 "" "" 898.666565 979.18866 3771.90592 2.3895 820.29 13.272 4486.1 10.805 "" "" 0.0028398725948592597 0.017787028 0.0045958916 0.022382919 129.45439301306 -39.59797546962 932.636475 -3.6010000000000004 5.337
129.41989144357 -40.7147413168 0.0372 0.0446 41.1964 "" "" 5528281659155534464 998.317932 0.9717 0.0512 -1.976 -5.121 0.05 0.053 0.997 8053.9 4.1464 16.748133 2.654118 18.20344 15.549322 "" "" 956.072327 1048.21802 3764.38174 2.3179 714.56 11.091 4780.0 17.507 "" "" 0.0028352655750321525 0.017081607 0.005486055 0.022567661 129.41989144357 -40.7147413168 998.317932 -1.976 -5.1209999999999996
129.48051204618 -39.73545908517 0.0833 0.1041 17.6695 "" "" 5528607625694482432 1100.31458 0.9428 0.1149 -6.613 6.493 0.109 0.14 2.404 4356.5 4.4692 16.748198 1.645344 17.485186 15.839842 "" "" 978.514648 1300.18469 3764.15573 5.272 1384.7 10.142 3657.8 13.054 "" "" 0.0031470932845854044 0.008427572 0.005412736 0.013840308 129.48051204618 -39.73545908517 1100.31458 -6.6129999999999995 6.492999999999999
129.63836344508 -39.3743358146 0.0322 0.0385 40.2924 "" "" 5528647899607521792 834.846252 1.1752 0.0436 4.634 3.984 0.042 0.047 1.024 4457.5 4.4999 16.749578 1.442395 17.410006 15.96761 "" "" 806.377441 866.777893 3759.37076 1.9274 1483.9 8.5552 3251.7 7.8084 "" "" 0.0028109868137676636 0.006853337 0.0045914343 0.011444772 129.63836344508 -39.3743358146 834.846252 4.634000000000001 3.984
128.95045459965 -40.67009193029 0.0357 0.0419 44.541 "" "" 5528461223150599296 944.448792 1.0321 0.0456 -6.255 3.235 0.051 0.052 0.939 3898.2 4.0498 16.749676 2.399173 18.031122 15.631949 "" "" 902.103577 980.352722 3759.03466 7.2333 837.47 14.895 4429.7 27.862 "" "" 0.003457836800488189 0.019511124 0.007805131 0.027316255 128.95045459965 -40.67009193029 944.448792 -6.255 3.2350000000000003
130.25390908638 -39.57097362167 0.0373 0.0396 46.4819 "" "" 5528819973180206464 751.05365 1.3059 0.0488 -6.802 6.304 0.048 0.054 1.012 4357.7 4.6001 16.749758 1.559178 17.479454 15.920276 "" "" 729.637939 780.317322 3758.7499 2.1416 1392.0 8.9531 3396.6 6.9912 "" "" 0.002823910719789984 0.007520043 0.00439066 0.011910703 130.25390908638 -39.57097362167 751.05365 -6.802 6.304000000000001
128.79462538546 -40.57367334251 0.0338 0.0407 44.078 "" "" 5528465037081317248 889.34198 1.0981 0.0443 -4.641 2.283 0.044 0.048 1.023 "" "" 16.749994 1.777326 17.615013 15.837687 "" "" 855.144531 933.32605 3757.93062 3.452 1228.6 8.8301 3665.1 12.198 "" "" 0.00293027141348001 0.00828715 0.0052288673 0.013516018 128.79462538546 -40.57367334251 889.34198 -4.641 2.2830000000000004
129.57859753876 -39.87049283265 0.0345 0.0431 11.4147 "" "" 5528601445241601536 892.882874 1.0855 0.0489 -4.478 4.018 0.049 0.056 0.999 4910.0 4.2398 16.751461 2.231875 17.87568 15.643805 "" "" 856.295654 930.185974 3752.85676 5.3803 966.37 12.827 4381.6 34.207 "" "" 0.003164601257251804 0.014679007 0.009280705 0.023959711 129.57859753876 -39.87049283265 892.882874 -4.478 4.017999999999999
129.17343867461 -39.7367943287 0.0342 0.0397 21.3672 "" "" 5528616288648435200 866.48877 1.1218 0.0471 -5.946 4.335 0.046 0.052 1.042 4156.1 4.2118 16.751812 2.239186 17.926262 15.687076 "" "" 826.690613 914.386047 3751.64567 2.9118 922.38 6.7649 4210.4 13.706 "" "" 0.0028813023585655905 0.008437662 0.0051745027 0.013612165 129.17343867461 -39.7367943287 866.48877 -5.946000000000001 4.335000000000001
130.32942991418 -39.83182754863 0.0343 0.0374 42.586 "" "" 5528427103928667904 929.261047 1.0619 0.0444 -9.139 3.36 0.049 0.049 1.023 4724.3 4.3876 16.752876 1.654308 17.537098 15.88279 "" "" 875.115784 968.735168 3747.97432 1.9107 1320.0 5.7406 3515.9 8.1287 "" "" 0.002810365684238668 0.0054845647 0.004537053 0.010021618 130.32942991418 -39.83182754863 929.261047 -9.139 3.3600000000000003
129.67785294913 -40.13349260747 0.0403 0.0496 12.6118 "" "" 5528407450158251904 871.142883 1.1421 0.0566 3.246 0.645 0.053 0.069 1.171 6007.1 4.4866 16.753796 1.675682 17.539293 15.863611 "" "" 822.871643 916.429443 3744.79754 2.5829 1317.3 11.421 3578.6 11.389 "" "" 0.00285527376368788 0.009818147 0.0051208814 0.014939029 129.67785294913 -40.13349260747 871.142883 3.2460000000000004 0.6450000000000005
129.9293141095 -39.36204629307 0.0356 0.0425 45.9166 "" "" 5528642161531090432 1029.99548 0.9568 0.0493 -3.075 -1.685 0.046 0.052 1.004 7170.9 4.2745 16.754738 1.953424 17.727013 15.773588 "" "" 982.353943 1093.32605 3741.55311 1.9988 1108.2 7.7623 3888.0 9.9733 "" "" 0.002815707843054355 0.00810064 0.0046947175 0.012795357 129.9293141095 -39.36204629307 1029.99548 -3.075 -1.685
130.02483574065 -40.39891439528 0.0361 0.0426 34.8206 "" "" 5528341101503829248 849.200745 1.1561 0.0482 -8.019 0.561 0.049 0.054 1.067 4477.9 4.5585 16.755356 1.499307 17.446247 15.94694 "" "" 817.786804 893.651489 3739.41887 2.0673 1435.2 10.368 3314.2 13.382 "" "" 0.002819942446288589 0.0083249435 0.0057881633 0.014113107 130.02483574065 -40.39891439528 849.200745 -8.018999999999998 0.5610000000000004
128.47274498371 -39.66997499171 0.0361 0.0442 49.4717 "" "" 5529332414317834112 965.512512 1.0172 0.0507 -7.559 -0.93 0.048 0.052 1.036 5821.4 4.3744 16.755507 2.035657 17.785566 15.749909 "" "" 921.916992 1014.01343 3738.89974 2.3736 1050.0 7.6819 3973.7 10.333 "" "" 0.002840225267534132 0.0084191365 0.004717489 0.013136625 128.47274498371 -39.66997499171 965.512512 -7.559 -0.9299999999999993
128.76360839943 -40.84098348392 0.0401 0.0485 57.7214 "" "" 5528452667575774592 988.384155 0.9712 0.053 -6.267 4.273 0.053 0.06 1.205 4778.0 4.3674 16.756657 1.707051 17.54759 15.840539 "" "" 940.895874 1035.2041 3734.94556 3.1131 1307.3 7.732 3655.5 10.893 "" "" 0.0029001303542703183 0.0070015388 0.0049750777 0.011976616 128.76360839943 -40.84098348392 988.384155 -6.267 4.273
129.82929688533 -40.90891866712 0.0381 0.0443 55.7445 "" "" 5528220567540996480 793.355713 1.2466 0.0499 -4.108 7.045 0.052 0.058 1.021 4405.4 4.6014 16.757996 1.66954 17.564955 15.895414 "" "" 761.306641 830.314941 3730.33996 2.1121 1286.6 11.283 3475.3 6.4787 "" "" 0.002823064423749855 0.009921895 0.004287246 0.014209142 129.82929688533 -40.90891866712 793.355713 -4.1080000000000005 7.045000000000001
128.82248208484 -39.73175504388 0.034 0.0401 33.5412 "" "" 5528572303885622272 779.5 1.25 0.0453 -1.34 -4.633 0.047 0.053 1.068 4258.7 4.5229 16.758896 1.799011 17.639221 15.84021 "" "" 746.603943 808.068726 3727.25057 2.0087 1201.5 7.7991 3656.6 8.5783 "" "" 0.002816764817678537 0.00757988 0.004557577 0.012137457 128.82248208484 -39.73175504388 779.5 -1.3399999999999999 -4.633000000000001
130.23573780483 -39.3825479747 0.0346 0.0388 53.3886 "" "" 5528826535890194688 1003.46228 0.9632 0.0484 -2.834 -10.787 0.046 0.048 1.018 4665.5 4.3787 16.759192 1.762019 17.606567 15.844548 "" "" 952.331482 1053.86072 3726.23504 2.0378 1238.2 8.4276 3642.0 8.0041 "" "" 0.0028185719710597766 0.007899075 0.0044696103 0.012368685 130.23573780483 -39.3825479747 1003.46228 -2.834 -10.787000000000003
128.59701304799 -39.80980536798 0.0461 0.0549 40.9474 "" "" 5528577049827895296 1088.9906 0.8956 0.0599 -7.582 8.63 0.065 0.067 1.304 4404.7 4.1512 16.759417 2.059732 17.794065 15.734333 "" "" 1025.93799 1167.60632 3725.46367 3.857 1041.8 7.2576 4031.1 9.6743 "" "" 0.0029757896987910393 0.008061901 0.004590563 0.012652464 128.59701304799 -39.80980536798 1088.9906 -7.581999999999999 8.63
128.58689584039 -40.42542607245 0.0385 0.0433 45.7712 "" "" 5528481701550433280 1019.43628 0.9461 0.0487 -9.02 6.972 0.052 0.06 1.09 4854.5 4.6303 16.761051 1.561081 17.42736 15.86628 "" "" 979.489197 1068.43628 3719.85928 2.5653 1460.4 8.369 3569.8 18.953 "" "" 0.002855243192907107 0.0068189166 0.0068929447 0.013711861 128.58689584039 -40.42542607245 1019.43628 -9.02 6.9719999999999995
128.63886849042 -40.63590442201 0.0365 0.0426 51.6883 "" "" 5528470397200582272 916.840027 1.064 0.0489 -8.672 7.319 0.047 0.052 1.046 4390.4 4.4651 16.762121 1.462073 17.431389 15.969316 "" "" 873.041321 958.480469 3716.1931 2.1882 1455.0 7.9156 3246.6 11.941 "" "" 0.0028285172005965233 0.0065325485 0.0054982253 0.012030774 128.63886849042 -40.63590442201 916.840027 -8.672 7.319
129.42695763723 -40.2830597187 0.0337 0.047 15.2969 "" "" 5528401986959887616 859.311768 1.1405 0.0501 -5.515 3.88 0.043 0.059 1.027 4009.0 4.1369 16.765156 1.992991 17.763397 15.770406 "" "" 820.803711 908.036926 3705.82088 6.1328 1071.7 8.7253 3899.4 16.283 "" "" 0.0032894169534686424 0.009269475 0.005902452 0.0151719265 129.42695763723 -40.2830597187 859.311768 -5.515000000000001 3.8800000000000003
129.58968428856 -40.826110572 0.0337 0.0469 48.354 "" "" 5528235720185320576 964.633667 1.0201 0.0479 -3.166 6.544 0.045 0.057 0.974 4905.3 4.328 16.76564 1.792796 17.63793 15.845134 "" "" 921.761536 1018.13538 3704.16888 2.0785 1202.9 8.7131 3640.0 10.565 "" "" 0.0028218707442004805 0.008344722 0.004920827 0.013265549 129.58968428856 -40.826110572 964.633667 -3.1659999999999995 6.5440000000000005
130.32462014821 -39.43858188937 0.0356 0.0408 54.0184 "" "" 5528822992535093120 837.362366 1.1724 0.0493 0.666 3.661 0.049 0.053 1.055 4521.6 4.6323 16.765966 1.487821 17.456224 15.968404 "" "" 800.728455 884.101013 3703.05652 2.0003 1422.1 7.888 3249.4 7.9564 "" "" 0.0028170476581891655 0.006637238 0.0046207556 0.011257993 130.32462014821 -39.43858188937 837.362366 0.6659999999999999 3.661
129.01423928742 -39.76742522138 0.039 0.0432 25.0822 "" "" 5528661609143403008 790.004089 1.2443 0.0508 -5.365 3.506 0.051 0.054 1.176 4234.2 4.6419 16.766296 1.674283 17.56393 15.889648 "" "" 757.919861 823.749329 3701.92745 1.9524 1287.8 8.8528 3493.8 8.4022 "" "" 0.0028141927937897038 0.007968216 0.00459363 0.0125618465 129.01423928742 -39.76742522138 790.004089 -5.365 3.5060000000000002
129.53759169005 -40.34201640296 0.0337 0.0468 19.3468 "" "" 5528397722052767744 1003.97272 0.9777 0.0498 -5.59 3.47 0.044 0.067 0.994 "" "" 16.766838 2.658239 18.245396 15.587156 "" "" 960.15918 1040.85461 3700.08044 10.294 687.48 16.638 4616.3 34.995 "" "" 0.004088518715823227 0.026424091 0.00905693 0.03548102 129.53759169005 -40.34201640296 1003.97272 -5.59 3.470000000000001
128.86855510783 -39.18331772846 0.0358 0.0393 57.1682 "" "" 5529444805021605632 1080.98242 0.8989 0.0472 -15.11 5.302 0.051 0.051 1.075 7136.4 4.3404 16.769753 2.283373 17.973885 15.690512 "" "" 1036.47656 1136.3136 3690.16345 2.424 882.8 7.1537 4197.1 9.2779 "" "" 0.0028461278281096836 0.009230004 0.004477062 0.013707066 128.86855510783 -39.18331772846 1080.98242 -15.11 5.301999999999999
130.49326912022 -39.96363712848 0.0363 0.0424 48.5685 "" "" 5528375083284762880 802.151917 1.2164 0.0476 -5.89 -12.175 0.047 0.055 0.956 4503.3 4.6316 16.769903 1.561665 17.508001 15.946336 "" "" 776.288696 840.974792 3689.65226 1.8165 1355.9 6.2092 3316.1 8.1357 "" "" 0.002806691034355495 0.0057014 0.004623768 0.010325167 130.49326912022 -39.96363712848 802.151917 -5.89 -12.175000000000002
129.10831786209 -40.11333951165 0.0514 0.0558 16.0614 "" "" 5528513789250675712 1011.7489 0.9713 0.0663 -2.397 4.059 0.069 0.074 1.458 4601.1 4.3911 16.771227 1.581435 17.491898 15.910462 "" "" 949.315613 1095.62341 3685.15529 3.5414 1376.1 9.837 3427.5 10.069 "" "" 0.0029462579910122778 0.008247637 0.0049454155 0.013193052 129.10831786209 -40.11333951165 1011.7489 -2.3970000000000002 4.059000000000001
128.56552515178 -40.38777236252 0.0438 0.0442 45.5063 "" "" 5528482732346920576 969.092407 0.9984 0.0533 -16.905 9.13 0.058 0.059 1.008 "" "" 16.771328 "" "" "" "" "" 931.397156 1021.5661 3684.81316 2.916 "" "" "" "" "" "" 0.0028861775907687466 "" "" "" 128.56552515178 -40.38777236252 969.092407 -16.905 9.13
129.98768294544 -39.90038288969 0.0346 0.0414 26.3293 "" "" 5528434731790457472 1106.6405 0.8727 0.0452 -8.926 5.983 0.044 0.051 0.976 7952.4 4.2254 16.771812 1.956716 17.74941 15.792694 "" "" 1059.77332 1154.05005 3683.16953 2.0668 1085.6 6.5833 3820.2 9.8636 "" "" 0.002821876052631828 0.0071509276 0.0047055674 0.0118564945 129.98768294544 -39.90038288969 1106.6405 -8.926000000000002 5.9830000000000005
