Clusters/LP_2221/LP_2221_members.tsv
# %ECSV 1.0
# ---
# datatype:
# - name: RA_ICRS_1
#   unit: deg
#   datatype: float64
#   format: '{:15.11f}'
#   description: Right ascension (ICRS) at Ep=2016.0 (ra)
#   meta: !!omap
#   - {ucd: POS_EQ_RA_MAIN}
#   - {width: 15}
#   - {precision: '11'}
# - name: DE_ICRS_1
#   unit: deg
#   datatype: float64
#   format: '{:15.11f}'
#   description: Declination (ICRS) at Ep=2016.0 (dec)
#   meta: !!omap
#   - {ucd: POS_EQ_DEC_MAIN}
#   - {width: 15}
#   - {precision: '11'}
# - name: e_RA_ICRS
#   unit: mas
#   datatype: float64
#   format: '{:7.4f}'
#   description: Standard error of right ascension (ra_error)
#   meta: !!omap
#   - {ucd: ERROR}
#   - {width: 7}
#   - {precision: '4'}
# - name: e_DE_ICRS
#   unit: mas
#   datatype: float64
#   format: '{:7.4f}'
#   description: Standard error of declination (dec_error)
#   meta: !!omap
#   - {ucd: ERROR}
#   - {width: 7}
#   - {precision: '4'}
# - name: _r_1
#   unit: ''
#   datatype: float64
#   format: '{:7.4f}'
#   description: Distance from center (129.44000767000-40.02830587000)[ICRS], at Epoch=J2016.0
#   meta: !!omap
#   - {ucd: POS_ANG_DIST_GENERAL}
#   - {width: 7}
#   - {precision: '4'}
# - name: HIP
#   datatype: int32
#   description: '? HIP cross-id number, van Leeuwen, Cat. I/311 (hip_original_ext_source_id)'
#   meta: !!omap
#   - {ucd: ID_NUMBER}
#   - {width: 6}
#   - values: {'null': -2147483648}
# - name: TYC2
#   datatype: string
#   description: Tycho-2 cross-id name, Hog et al., Cat. I/259 (tyc2_original_ext_source_id)
#   meta: !!omap
#   - {ucd: ID_CROSSID}
#   - {_votable_string_dtype: char}
# - name: Source
#   datatype: int64
#   description: Source identifier, identical to the Gaia-EDR3 source_id (id)
#   meta: !!omap
#   - {ucd: ID_MAIN}
#   - {width: 19}
# - name: rgeo
#   unit: pc
#   datatype: float64
#   format: '{:15.8f}'
#   description: '? Median of the geometric distance posterior (r_med_geo)'
#   meta: !!omap
#   - {ucd: PHYS_DISTANCE_TRUE}
#   - {width: 15}
#   - {precision: '8'}
#   - values: {'null': .nan}
# - name: Plx
#   unit: mas
#   datatype: float64
#   format: '{:9.4f}'
#   description: '? Parallax (parallax)'
#   meta: !!omap
#   - {ucd: POS_PARLX_TRIG}
#   - {width: 9}
#   - {precision: '4'}
#   - values: {'null': .nan}
# - name: e_Plx
#   unit: mas
#   datatype: float32
#   format: '{:7.4f}'
#   description: '? Standard error of parallax (parallax_error)'
#   meta: !!omap
#   - {ucd: ERROR}
#   - {width: 7}
#   - {precision: '4'}
#   - values: {'null': .nan}
# - name: pmRA
#   unit: mas / yr
#   datatype: float64
#   format: '{:9.3f}'
#   description: '? Proper motion in right ascension direction, pmRA*cosDE (pmra)'
#   meta: !!omap
#   - {ucd: POS_EQ_PMRA}
#   - {width: 9}
#   - {precision: '3'}
#   - values: {'null': .nan}
# - name: pmDE
#   unit: mas / yr
#   datatype: float64
#   format: '{:9.3f}'
#   description: '? Proper motion in declination direction (pmdec)'
#   meta: !!omap
#   - {ucd: POS_EQ_PMDEC}
#   - {width: 9}
#   - {precision: '3'}
#   - values: {'null': .nan}
# - name: e_pmRA
#   unit: mas / yr
#   datatype: float32
#   format: '{:6.3f}'
#   description: '? Standard error of proper motion in right ascension direction (pmra_error)'
#   meta: !!omap
#   - {ucd: ERROR}
#   - {width: 6}
#   - {precision: '3'}
#   - values: {'null': .nan}
# - name: e_pmDE
[...]
#         unit: &id001 !astropy.units.Unit {unit: deg}
#         value: !astropy.table.SerializedColumn {name: SkyCoord.dec}
#       distance: !astropy.table.SerializedColumn
#         __class__: astropy.coordinates.distances.Distance
#         unit: !astropy.units.Unit {unit: pc}
#         value: !astropy.table.SerializedColumn {name: SkyCoord.distance}
#       frame: icrs
#       obstime: !astropy.time.Time {format: jyear_str, in_subfmt: '*', jd1: 367701545.0, jd2: 0.0, out_subfmt: '*', precision: 3, scale: tt}
#       pm_dec: !astropy.table.SerializedColumn
#         __class__: astropy.units.quantity.Quantity
#         unit: !astropy.units.Unit {unit: mas / yr}
#         value: !astropy.table.SerializedColumn {name: SkyCoord.pm_dec}
#       pm_ra_cosdec: !astropy.table.SerializedColumn
#         __class__: astropy.units.quantity.Quantity
#         unit: !astropy.units.Unit {unit: mas / yr}
#         value: !astropy.table.SerializedColumn {name: SkyCoord.pm_ra_cosdec}
#       ra: !astropy.table.SerializedColumn
#         __class__: astropy.coordinates.angles.Longitude
#         unit: *id001
#         value: !astropy.table.SerializedColumn {name: SkyCoord.ra}
#         wrap_angle: !astropy.coordinates.Angle
#           unit: *id001
#           value: 360.0
#       representation_type: spherical
# schema: astropy-2.0
RA_ICRS_1 DE_ICRS_1 e_RA_ICRS e_DE_ICRS _r_1 HIP TYC2 Source rgeo Plx e_Plx pmRA pmDE e_pmRA e_pmDE RUWE Teff logg Gmag BP-RP BPmag RPmag RV e_RV b_rgeo B_rgeo FG e_FG FBP e_FBP FRP e_FRP RAVE5 RAVE6 e_Gmag e_BPmag e_RPmag e_BP-RP SkyCoord.ra SkyCoord.dec SkyCoord.distance SkyCoord.pm_ra_cosdec SkyCoord.pm_dec Pmemb
[from data line 40]
129.47499506414 -40.27662737794 0.0099 0.013 14.9854 "" "" 5528401849521386112 912.662354 1.0612 0.014 -5.741 3.468 0.012 0.016 1.08 6703.9 4.1902 13.725093 0.876076 14.075686 13.199611 21.86 5.36 899.264038 925.174622 60941.02085 10.125 31999.0 18.394 41621.0 24.506 "" "" 0.0027612188481364866 0.0028591198 0.0038330657 0.0066921855 129.47499506414 -40.27662737794 912.662354 -5.741000000000001 3.468000000000001 0.85
129.13395574256 -39.95431997653 0.0096 0.0111 14.7525 "" "" 5528609725938641920 922.722534 1.0475 0.0127 -5.329 3.965 0.013 0.015 1.069 6441.3 3.9893 13.774703 1.072455 14.218978 13.146522 22.34 4.8 910.781677 931.421326 58219.12541 10.967 28043.0 30.85 43707.0 18.316 "" "" 0.0027629006304064462 0.0030350739 0.0038066711 0.006841745 129.13395574256 -39.95431997653 922.722534 -5.328999999999999 3.9649999999999994 0.93
129.05812016641 -40.62839289014 0.0095 0.0107 40.0187 "" "" 5528297498994994176 911.709473 1.0616 0.012 -5.924 3.47 0.014 0.014 0.996 5229.7 3.5706 13.861578 1.64502 14.631424 12.986403 -10.53 3.53 902.032959 920.977783 53742.19228 186.4 19180.0 196.0 50652.0 445.9 "" "" 0.004666141837925905 0.011440569 0.01027805 0.021718618 129.05812016641 -40.62839289014 911.709473 -5.924 3.4700000000000006 0.8
129.65137333494 -39.76547793752 0.0089 0.0116 18.5296 "" "" 5528603850423269632 923.736389 1.0487 0.0127 -5.263 4.241 0.012 0.016 1.028 6736.9 4.0114 13.9231 1.241098 14.441083 13.199985 23.11 4.44 911.934021 934.13916 50781.62114 8.9884 22855.0 22.582 41607.0 129.98 "" "" 0.0027620139734594678 0.0029892938 0.0050782138 0.008067507 129.65137333494 -39.76547793752 923.736389 -5.263 4.240999999999998 0.91
129.51645826349 -39.55082314344 0.0103 0.0128 28.865 "" "" 5528644841590885376 932.937134 1.039 0.0143 -5.633 4.201 0.014 0.017 0.967 "" "" 14.027795 1.258847 14.570189 13.311341 "" "" 918.925842 942.837646 46113.58904 9.1489 20293.0 16.642 37551.0 22.803 "" "" 0.0027637276510195 0.0029287974 0.0038364602 0.0067652576 129.51645826349 -39.55082314344 932.937134 -5.632999999999999 4.200999999999999 0.93
128.95285279343 -40.484820423 0.0105 0.0114 35.3247 "" "" 5528489741733124224 899.155579 1.0798 0.0128 -5.814 3.412 0.013 0.014 0.958 5393.8 3.6977 14.076435 1.502966 14.767451 13.264485 21.91 4.7 889.698792 909.703003 44093.32231 93.349 16921.0 130.11 39207.0 222.87 "" "" 0.003588216369250495 0.008802423 0.0072370516 0.016039476 128.95285279343 -40.484820423 899.155579 -5.814000000000001 3.4120000000000004 0.85
129.39535061521 -39.57011851208 0.011 0.0144 27.5682 "" "" 5528624191388159360 883.78717 1.0957 0.015 -5.487 4.178 0.016 0.019 1.133 5646.8 3.723 14.237448 1.581364 14.97191 13.390546 11.45 3.05 872.083069 895.312927 38016.10201 20.777 14017.0 35.266 34909.0 72.351 "" "" 0.002818492507245499 0.003904737 0.004398564 0.008303301 129.39535061521 -39.57011851208 883.78717 -5.487 4.178 0.91
129.34430847533 -40.38325206076 0.0124 0.0144 21.7436 "" "" 5528307428959243008 893.718994 1.0827 0.0163 -5.733 3.723 0.016 0.017 1.006 6007.2 4.0668 14.345293 1.452217 14.997649 13.545432 7.0 7.02 880.541016 909.712219 34421.47156 74.913 13689.0 110.82 30268.0 198.81 "" "" 0.003629773918642158 0.009221859 0.0080710305 0.01729289 129.34430847533 -40.38325206076 893.718994 -5.7330000000000005 3.723 0.92
129.37798171209 -40.2558394694 0.0117 0.0157 13.9453 "" "" 5528309181305838848 907.726624 1.0688 0.0166 -5.821 3.603 0.015 0.019 0.982 5301.5 4.166 14.39507 1.229157 14.93226 13.703102 34.55 6.4 893.334534 917.936157 32879.01195 39.516 14538.0 56.114 26177.0 86.0 "" "" 0.003048698656602489 0.005034616 0.005196845 0.010231461 129.37798171209 -40.2558394694 907.726624 -5.821 3.6030000000000006 0.81
129.3564169722 -40.33690553136 0.0121 0.015 18.9083 "" "" 5528308322312421632 930.771118 1.037 0.0169 -5.709 3.587 0.015 0.017 1.012 5219.8 3.8059 14.484923 1.508927 15.176759 13.667831 68.01 4.13 911.27832 947.645447 30267.56866 43.351 11607.0 70.634 27041.0 98.474 "" "" 0.0031638563499406976 0.007172188 0.0054696314 0.012641819 129.3564169722 -40.33690553136 930.771118 -5.709 3.5869999999999997 0.9
128.88355866359 -39.64221512304 0.0129 0.0152 34.553 "" "" 5528666934902856704 921.492065 1.0445 0.0171 -5.762 4.449 0.017 0.02 0.987 5505.0 4.1122 14.582324 1.405767 15.213076 13.807308 -42.43 7.46 906.254944 938.869385 27670.51348 37.244 11225.0 63.326 23781.0 95.353 "" "" 0.003118881722630044 0.006730756 0.0057650516 0.012495807 128.88355866359 -39.64221512304 921.492065 -5.7620000000000005 4.449 0.84
128.78096907126 -39.64341507502 0.0146 0.0168 38.1478 "" "" 5528585090006572032 936.385986 1.0329 0.0193 -5.181 4.177 0.019 0.021 1.106 10404.4 4.3085 14.78184 1.892001 15.708516 13.816515 28.28 5.68 922.618225 953.625427 23025.58035 20.145 7112.3 51.207 23580.0 56.019 "" "" 0.0029144660572376557 0.008300091 0.0045756907 0.012875782 128.78096907126 -39.64341507502 936.385986 -5.181 4.177 0.9
129.82051132006 -40.56857372115 0.0189 0.0215 36.7965 "" "" 5528333130044625152 902.710754 1.0769 0.0258 -5.501 3.811 0.025 0.03 1.355 5291.5 3.7884 14.860641 1.600507 15.604114 14.003607 15.67 10.45 881.579346 925.330566 21413.63046 43.549 7830.2 63.855 19848.0 107.75 "" "" 0.0035309131354621087 0.009283363 0.007001808 0.01628517 129.82051132006 -40.56857372115 902.710754 -5.501000000000001 3.8110000000000004 0.85
129.37181848781 -40.27787783053 0.0141 0.0182 15.2974 "" "" 5528309043866886656 878.041809 1.1013 0.0196 -5.946 3.997 0.018 0.021 1.039 5224.1 3.7808 14.89094 1.637959 15.652649 14.01469 10.5 6.34 864.783203 892.747498 20824.31554 29.255 7487.9 34.659 19646.0 81.511 "" "" 0.003149335196464362 0.0057481145 0.0058801444 0.011628259 129.37181848781 -40.27787783053 878.041809 -5.946 3.997 0.85
129.26027969554 -40.25949376946 0.0158 0.0186 16.1358 "" "" 5528496579321471488 930.32666 1.0399 0.0206 -5.754 3.712 0.021 0.023 1.043 5563.9 4.0351 14.954537 1.506838 15.646067 14.139229 22.42 8.93 913.271851 947.61377 19639.56868 22.61 7533.4 34.968 17517.0 66.916 "" "" 0.003025585294758795 0.005760516 0.0056112506 0.011371767 129.26027969554 -40.25949376946 930.32666 -5.754 3.7119999999999997 0.93
129.503858307 -39.63976261008 0.0154 0.0193 23.4975 "" "" 5528620308737711616 937.875244 1.0339 0.0211 -5.546 4.115 0.021 0.026 1.111 7331.0 4.0633 14.984416 1.832993 15.873782 14.04079 -18.18 7.6 916.337952 959.299988 19106.45939 22.363 6108.1 31.28 19180.0 65.563 "" "" 0.0030342543587013886 0.0062209396 0.0052969814 0.011517921 129.503858307 -39.63976261008 937.875244 -5.545999999999999 4.115 0.93
129.47657293355 -40.02686011585 0.0161 0.0189 1.6822 "" "" 5528593851739461888 930.969055 1.044 0.0227 -5.759 4.028 0.022 0.026 1.014 5061.0 4.1649 15.016276 1.479199 15.686279 14.20708 35.6 19.56 910.781433 949.369202 18553.94545 21.531 7259.5 55.358 16456.0 47.243 "" "" 0.0030297286226808177 0.00873689 0.004898923 0.013635812 129.47657293355 -40.02686011585 930.969055 -5.759000000000001 4.028 0.93
129.13499745301 -39.65470751179 0.017 0.0204 26.4559 "" "" 5528664151763969536 916.30188 1.0593 0.0236 -5.432 4.298 0.022 0.025 1.14 5205.5 4.158 15.148456 1.663599 15.927994 14.264395 "" "" 899.077026 936.501526 16427.23097 43.499 5810.6 53.883 15610.0 116.65 "" "" 0.003982143519665096 0.010447737 0.00895053 0.019398266 129.13499745301 -39.65470751179 916.30188 -5.432 4.298 0.9
129.42213882019 -39.36701448566 0.0383 0.0499 39.6861 "" "" 5528696965313970176 885.760071 1.0968 0.053 -5.69 4.093 0.052 0.065 2.615 5367.4 4.1751 15.187283 1.888353 16.10197 14.213617 22.14 6.35 834.914978 932.641174 15850.15434 14.005 4950.3 19.561 16357.0 50.351 "" "" 0.00291755522103555 0.0051177535 0.0050451797 0.010162933 129.42213882019 -39.36701448566 885.760071 -5.6899999999999995 4.093 0.89
129.09967692371 -39.59070695128 0.0188 0.0204 30.5847 "" "" 5528665285635327232 931.219971 1.0369 0.0241 -5.564 4.227 0.026 0.026 1.045 5172.1 4.1934 15.245566 1.597624 15.991736 14.394113 "" "" 911.934998 950.701294 15021.73517 19.344 5479.3 28.467 13852.0 57.987 "" "" 0.0030897545437915458 0.006293148 0.005911139 0.012204287 129.09967692371 -39.59070695128 931.219971 -5.564000000000001 4.227 0.91
129.72096168452 -39.46304788264 0.0186 0.0216 36.3077 "" "" 5528634705467987328 925.229919 1.0397 0.0245 -5.297 4.155 0.025 0.027 1.056 5605.1 4.0976 15.248934 1.957336 16.220125 14.262789 30.33 6.28 906.285706 947.851074 14975.21459 42.368 4439.8 44.845 15633.0 120.85 "" "" 0.004126449152526117 0.011316051 0.009204883 0.020520933 129.72096168452 -39.46304788264 925.229919 -5.297000000000001 4.155000000000001 0.87
129.50985909025 -40.06223836897 0.0186 0.0229 3.7999 "" "" 5528593508142077824 910.559753 1.0657 0.0277 -5.703 4.049 0.024 0.03 1.057 "" "" 15.306463 1.617193 16.04965 14.432457 "" "" 890.472473 930.437622 14202.39472 21.558 5194.7 41.955 13371.0 61.03 "" "" 0.003210586959239948 0.009202148 0.006232379 0.015434527 129.50985909025 -40.06223836897 910.559753 -5.703 4.0489999999999995 0.9
129.84760640798 -39.71294346102 0.0171 0.0209 26.6521 "" "" 5528440607305712000 892.991699 1.0788 0.0228 -5.563 4.167 0.024 0.026 1.031 5128.8 4.1496 15.334558 1.772512 16.184973 14.412461 "" "" 877.754333 913.990051 13839.61217 26.675 4585.9 33.597 13620.0 78.751 "" "" 0.00345993335601923 0.008429439 0.007327601 0.01575704 129.84760640798 -39.71294346102 892.991699 -5.563000000000001 4.166999999999999 0.93
129.17872240272 -40.15012489956 0.0187 0.0208 14.0453 "" "" 5528501836360859648 892.295654 1.0805 0.0246 -5.848 3.77 0.024 0.025 0.984 4845.7 4.16 15.358967 1.788958 16.229744 14.440785 "" "" 869.995911 914.733765 13531.93628 31.246 4400.7 38.564 13269.0 73.232 "" "" 0.003725180139295125 0.009915149 0.0070845117 0.01699966 129.17872240272 -40.15012489956 892.295654 -5.848 3.77 0.9
129.21293668768 -39.69568804958 0.0333 0.0431 22.5311 "" "" 5528616804044484992 878.723389 1.1165 0.0474 -5.512 4.395 0.045 0.057 1.935 7641.7 3.9726 15.494257 2.036223 16.507147 14.470924 "" "" 837.470947 923.301819 11946.5889 15.687 3408.5 20.438 12906.0 42.28 "" "" 0.0031023114764096344 0.00708299 0.0051898966 0.012272887 129.21293668768 -39.69568804958 878.723389 -5.5120000000000005 4.394999999999999 0.85
129.70042612378 -40.04440027319 0.0204 0.0227 12.0021 "" "" 5528411126650248448 939.042664 1.029 0.0264 -5.062 4.024 0.029 0.033 1.065 4916.8 4.203 15.502706 1.579767 16.232079 14.652311 "" "" 915.718872 967.154236 11853.9897 12.807 4391.2 17.909 10920.0 37.339 "" "" 0.002994624604549408 0.0052338 0.0052977586 0.010531559 129.70042612378 -40.04440027319 939.042664 -5.062 4.023999999999999 0.86
129.42112838016 -39.59680530903 0.027 0.0349 25.9047 "" "" 5528621335230193280 945.609375 1.0165 0.0369 -5.34 3.977 0.036 0.043 1.525 5291.0 3.6455 15.536379 2.273086 16.73052 14.457434 "" "" 907.555603 978.371216 11491.99234 11.365 2774.7 16.614 13067.0 42.807 "" "" 0.0029571444078946322 0.0070744967 0.0051898723 0.012264369 129.42112838016 -39.59680530903 945.609375 -5.34 3.9770000000000003 0.87
129.55040138063 -40.11417021468 0.0208 0.0247 7.2273 "" "" 5528405491653178240 892.596863 1.0886 0.0308 -5.679 3.984 0.029 0.034 0.985 5587.4 4.392 15.562051 1.566949 16.287188 14.720239 "" "" 868.285095 914.593811 11223.45514 13.273 4173.9 22.73 10258.0 33.958 "" "" 0.003039812316091966 0.0065379203 0.005215562 0.011753483 129.55040138063 -40.11417021468 892.596863 -5.679 3.984 0.93
129.78836344967 -39.88236428454 0.0189 0.0219 18.2585 "" "" 5528437205691644288 861.81781 1.1235 0.0251 -5.587 4.377 0.025 0.028 0.977 5122.8 4.4148 15.564255 1.263827 16.120184 14.856357 "" "" 848.028137 882.336121 11200.6901 4.8979 4867.9 11.258 9049.3 11.109 "" "" 0.0027959260300091933 0.0037536765 0.004007523 0.0077611995 129.78836344967 -39.88236428454 861.81781 -5.587 4.376999999999999 0.89
129.35506046372 -40.0699735673 0.0227 0.0317 4.6339 "" "" 5528592786587600768 942.291138 1.0202 0.0332 -5.626 3.855 0.03 0.039 1.161 "" "" 15.595801 1.863078 16.510191 14.647113 "" "" 919.222778 970.620911 10879.9311 14.435 3398.9 18.946 10973.0 36.758 "" "" 0.003109155157620971 0.0066642715 0.0052451836 0.011909455 129.35506046372 -40.0699735673 942.291138 -5.626000000000001 3.8550000000000004 0.91
129.33939057183 -39.59882133239 0.023 0.0276 26.183 "" "" 5528624088308967296 924.818787 1.0464 0.0303 -5.472 4.364 0.031 0.035 1.164 5521.2 4.1057 15.638946 2.193512 16.74177 14.548258 "" "" 900.004822 947.98407 10456.06886 13.184 2746.1 15.203 12019.0 50.159 "" "" 0.0030766779201064167 0.006626884 0.005900399 0.012527283 129.33939057183 -39.59882133239 924.818787 -5.472000000000001 4.364 0.91
129.8099161667 -40.165730476 0.0201 0.024 18.8741 "" "" 5528394908854112768 900.009094 1.0741 0.0269 -5.439 3.812 0.027 0.032 0.995 6011.8 4.0937 15.701945 1.99036 16.68131 14.69095 "" "" 878.960693 925.606506 9866.62599 60.09 2903.3 74.891 10538.0 148.74 "" "" 0.007163474108045592 0.028145347 0.015783923 0.04392927 129.8099161667 -40.165730476 900.009094 -5.439 3.812 0.94
129.225465409 -39.98940037113 0.0222 0.0255 10.1322 "" "" 5528608488988047872 897.843201 1.0774 0.03 -5.795 3.727 0.03 0.034 1.067 5226.9 3.7563 15.73315 1.950655 16.696165 14.74551 "" "" 876.173828 919.551208 9587.09108 28.284 2863.9 33.831 10022.0 91.652 "" "" 0.004225163495803816 0.0131256925 0.010624107 0.023749799 129.225465409 -39.98940037113 897.843201 -5.795 3.7269999999999994 0.88
129.36483207975 -40.30023871162 0.0197 0.0258 16.6761 "" "" 5528308803348720000 910.664185 1.0657 0.028 -5.834 3.752 0.026 0.032 1.036 5293.8 4.1738 15.749048 1.903392 16.683165 14.779773 "" "" 884.316101 930.539856 9447.72967 14.178 2898.4 18.362 9710.7 46.517 "" "" 0.0032010216621160335 0.0074227434 0.0064291484 0.013851892 129.36483207975 -40.30023871162 910.664185 -5.834 3.751999999999999 0.87
129.3958129441 -40.2747270479 0.0221 0.0302 14.9235 "" "" 5528308975147408512 898.706055 1.0771 0.0322 -5.61 3.811 0.028 0.038 0.954 4808.4 4.1748 15.830957 1.899607 16.750406 14.8508 "" "" 869.656677 929.031433 8761.20305 36.707 2724.3 46.314 9095.8 112.5 "" "" 0.005318324288232243 0.01866757 0.01395046 0.03261803 129.3958129441 -40.2747270479 898.706055 -5.609999999999999 3.811 0.93
129.79502623106 -39.91131205643 0.0231 0.0252 17.77 "" "" 5528436896454000640 899.889771 1.0741 0.0291 -5.484 3.845 0.031 0.032 0.999 4845.4 4.1742 15.861712 1.915823 16.80919 14.893368 "" "" 876.656982 927.71814 8516.51486 13.516 2580.7 18.114 8746.0 41.838 "" "" 0.0032497483144584807 0.008115528 0.0064233444 0.014538873 129.79502623106 -39.91131205643 899.889771 -5.484 3.8450000000000006 0.93
129.50540732771 -40.38165337439 0.0226 0.0293 21.4116 "" "" 5528303752467186432 924.362915 1.0423 0.0322 -5.748 3.629 0.031 0.041 1.027 5432.4 4.3806 15.862181 1.762061 16.705286 14.943225 "" "" 897.481445 952.071899 8512.84047 12.077 2839.9 18.524 8353.5 32.974 "" "" 0.003156636227885452 0.00761182 0.005714143 0.013325963 129.50540732771 -40.38165337439 924.362915 -5.748 3.6289999999999996 0.89
129.32012085061 -40.34115458421 0.0222 0.0281 19.5588 "" "" 5528308253592909440 928.867981 1.0425 0.0322 -5.8 3.583 0.029 0.031 0.996 "" "" 15.874461 1.892275 16.80406 14.911785 "" "" 900.121582 956.565247 8417.0968 17.19 2592.9 26.447 8598.9 49.839 "" "" 0.003536737523820303 0.011420351 0.0073405923 0.018760944 129.32012085061 -40.34115458421 928.867981 -5.800000000000001 3.5830000000000006 0.85
129.38896959409 -39.57964340857 0.0223 0.0268 27.0223 "" "" 5528624191388164736 904.927795 1.0651 0.0297 -5.705 4.343 0.03 0.034 1.065 7613.1 4.1013 15.88724 1.994352 16.886707 14.892355 "" "" 881.092407 925.281372 8318.60988 14.729 2402.9 19.451 8754.2 41.854 "" "" 0.0033596819895538215 0.009221084 0.006421015 0.0156421 129.38896959409 -39.57964340857 904.927795 -5.704999999999999 4.343 0.86
