Clusters/LP_2221/LP_2221_members.tsv
# %ECSV 1.0
# ---
# datatype:
# - name: RA_ICRS_1
#   unit: deg
#   datatype: float64
#   format: '{:15.11f}'
#   description: Right ascension (ICRS) at Ep=2016.0 (ra)
#   meta: !!omap
#   - {ucd: POS_EQ_RA_MAIN}
#   - {width: 15}
#   - {precision: '11'}
# - name: DE_ICRS_1
#   unit: deg
#   datatype: float64
#   format: '{:15.11f}'
#   description: Declination (ICRS) at Ep=2016.0 (dec)
#   meta: !!omap
#   - {ucd: POS_EQ_DEC_MAIN}
#   - {width: 15}
#   - {precision: '11'}
# - name: e_RA_ICRS
#   unit: mas
#   datatype: float64
#   format: '{:7.4f}'
#   description: Standard error of right ascension (ra_error)
#   meta: !!omap
#   - {ucd: ERROR}
#   - {width: 7}
#   - {precision: '4'}
# - name: e_DE_ICRS
#   unit: mas
#   datatype: float64
#   format: '{:7.4f}'
#   description: Standard error of declination (dec_error)
#   meta: !!omap
#   - {ucd: ERROR}
#   - {width: 7}
#   - {precision: '4'}
# - name: _r_1
#   unit: ''
#   datatype: float64
#   format: '{:7.4f}'
#   description: Distance from center (129.44000767000-40.02830587000)[ICRS], at Epoch=J2016.0
#   meta: !!omap
#   - {ucd: POS_ANG_DIST_GENERAL}
#   - {width: 7}
#   - {precision: '4'}
# - name: HIP
#   datatype: int32
#   description: '? HIP cross-id number, van Leeuwen, Cat. I/311 (hip_original_ext_source_id)'
#   meta: !!omap
#   - {ucd: ID_NUMBER}
#   - {width: 6}
#   - values: {'null': -2147483648}
# - name: TYC2
#   datatype: string
#   description: Tycho-2 cross-id name, Hog et al., Cat. I/259 (tyc2_original_ext_source_id)
#   meta: !!omap
#   - {ucd: ID_CROSSID}
#   - {_votable_string_dtype: char}
# - name: Source
#   datatype: int64
#   description: Source identifier, identical to the Gaia-EDR3 source_id (id)
#   meta: !!omap
#   - {ucd: ID_MAIN}
#   - {width: 19}
# - name: rgeo
#   unit: pc
#   datatype: float64
#   format: '{:15.8f}'
#   description: '? Median of the geometric distance posterior (r_med_geo)'
#   meta: !!omap
#   - {ucd: PHYS_DISTANCE_TRUE}
#   - {width: 15}
#   - {precision: '8'}
#   - values: {'null': .nan}
# - name: Plx
#   unit: mas
#   datatype: float64
#   format: '{:9.4f}'
#   description: '? Parallax (parallax)'
#   meta: !!omap
#   - {ucd: POS_PARLX_TRIG}
#   - {width: 9}
#   - {precision: '4'}
#   - values: {'null': .nan}
# - name: e_Plx
#   unit: mas
#   datatype: float32
#   format: '{:7.4f}'
#   description: '? Standard error of parallax (parallax_error)'
#   meta: !!omap
#   - {ucd: ERROR}
#   - {width: 7}
#   - {precision: '4'}
#   - values: {'null': .nan}
# - name: pmRA
#   unit: mas / yr
#   datatype: float64
#   format: '{:9.3f}'
#   description: '? Proper motion in right ascension direction, pmRA*cosDE (pmra)'
#   meta: !!omap
#   - {ucd: POS_EQ_PMRA}
#   - {width: 9}
#   - {precision: '3'}
#   - values: {'null': .nan}
# - name: pmDE
#   unit: mas / yr
#   datatype: float64
#   format: '{:9.3f}'
#   description: '? Proper motion in declination direction (pmdec)'
#   meta: !!omap
#   - {ucd: POS_EQ_PMDEC}
#   - {width: 9}
#   - {precision: '3'}
#   - values: {'null': .nan}
# - name: e_pmRA
#   unit: mas / yr
#   datatype: float32
#   format: '{:6.3f}'
#   description: '? Standard error of proper motion in right ascension direction (pmra_error)'
#   meta: !!omap
#   - {ucd: ERROR}
#   - {width: 6}
#   - {precision: '3'}
#   - values: {'null': .nan}
# - name: e_pmDE
[...]
#         unit: &id001 !astropy.units.Unit {unit: deg}
#         value: !astropy.table.SerializedColumn {name: SkyCoord.dec}
#       distance: !astropy.table.SerializedColumn
#         __class__: astropy.coordinates.distances.Distance
#         unit: !astropy.units.Unit {unit: pc}
#         value: !astropy.table.SerializedColumn {name: SkyCoord.distance}
#       frame: icrs
#       obstime: !astropy.time.Time {format: jyear_str, in_subfmt: '*', jd1: 367701545.0, jd2: 0.0, out_subfmt: '*', precision: 3, scale: tt}
#       pm_dec: !astropy.table.SerializedColumn
#         __class__: astropy.units.quantity.Quantity
#         unit: !astropy.units.Unit {unit: mas / yr}
#         value: !astropy.table.SerializedColumn {name: SkyCoord.pm_dec}
#       pm_ra_cosdec: !astropy.table.SerializedColumn
#         __class__: astropy.units.quantity.Quantity
#         unit: !astropy.units.Unit {unit: mas / yr}
#         value: !astropy.table.SerializedColumn {name: SkyCoord.pm_ra_cosdec}
#       ra: !astropy.table.SerializedColumn
#         __class__: astropy.coordinates.angles.Longitude
#         unit: *id001
#         value: !astropy.table.SerializedColumn {name: SkyCoord.ra}
#         wrap_angle: !astropy.coordinates.Angle
#           unit: *id001
#           value: 360.0
#       representation_type: spherical
# schema: astropy-2.0
RA_ICRS_1 DE_ICRS_1 e_RA_ICRS e_DE_ICRS _r_1 HIP TYC2 Source rgeo Plx e_Plx pmRA pmDE e_pmRA e_pmDE RUWE Teff logg Gmag BP-RP BPmag RPmag RV e_RV b_rgeo B_rgeo FG e_FG FBP e_FBP FRP e_FRP RAVE5 RAVE6 e_Gmag e_BPmag e_RPmag e_BP-RP SkyCoord.ra SkyCoord.dec SkyCoord.distance SkyCoord.pm_ra_cosdec SkyCoord.pm_dec Pmemb
129.53738653585 -40.0810713908 0.0196 0.0235 5.4794 "" 7666-2100-1 5528405800890821376 894.247681 1.1036 0.0294 -5.199 3.977 0.027 0.031 1.015 19238.0 3.6005 7.557039 0.112847 7.567708 7.454861 "" "" 868.652405 918.82428 17870268.80008 28400.0 12833000.0 56143.0 8264400.0 36902.0 "" "" 0.003251014120561724 0.0055088433 0.006147102 0.011655945 129.53738653585 -40.0810713908 894.247681 -5.199 3.9769999999999994 0.91
129.56409536915 -39.41762521316 0.0112 0.0128 37.0856 42363 7666-753-1 5528650167350286464 914.68634 1.078 0.0147 -5.899 4.504 0.014 0.016 1.055 "" "" 8.705148 0.529582 8.885075 8.355493 "" "" 904.622009 928.061646 6207085.79689 1359.4 3814100.0 1597.2 3605500.0 838.96 "" "" 0.0027655615963171 0.0028269715 0.0037878165 0.006614788 129.56409536915 -39.41762521316 914.68634 -5.898999999999999 4.504 0.86
129.320293729 -39.68964796068 0.0088 0.0111 21.0543 "" 7666-847-1 5528621717487040384 933.464233 1.0568 0.0125 -5.499 4.109 0.011 0.015 0.824 "" "" 8.930868 0.441647 9.075357 8.633711 "" "" 924.302063 942.777161 5041959.92728 1086.1 3200900.0 1694.6 2790400.0 1093.9 "" "" 0.00276522868311019 0.0028487626 0.0038032737 0.006652036 129.320293729 -39.68964796068 933.464233 -5.498999999999999 4.109 0.9
129.25451784952 -39.67186925445 0.0108 0.0141 23.0298 "" 7666-763-1 5528622679559728768 915.07959 1.0768 0.0158 -5.414 4.313 0.014 0.019 0.979 "" "" 10.363494 0.395377 10.497669 10.102292 "" "" 903.204773 929.814941 1347563.20267 907.47 863670.0 1681.1 721510.0 888.77 "" "" 0.0028506792209184286 0.0035001813 0.0040090457 0.007509227 129.25451784952 -39.67186925445 915.07959 -5.413999999999999 4.313000000000001 0.85
129.57949235289 -40.05051822819 0.0137 0.016 6.5445 "" 7666-2173-1 5528411607686598016 907.524719 1.0845 0.0196 -5.652 4.109 0.018 0.022 1.006 "" "" 10.902052 0.193617 10.960617 10.767 "" "" 886.537476 923.794861 820589.62115 310.71 563860.0 449.62 391160.0 247.93 "" "" 0.002785820757070105 0.0029214025 0.0038415247 0.0067629274 129.57949235289 -40.05051822819 907.524719 -5.652 4.109 0.91
129.20938672442 -40.26871830792 0.0109 0.0134 17.8869 "" 7666-2362-1 5528495853464988544 903.289368 1.0872 0.0144 -5.808 3.785 0.014 0.016 1.053 "" "" 10.959084 0.382121 11.087633 10.705512 "" "" 890.943115 915.998535 778597.61186 198.56 501610.0 177.48 413960.0 141.82 "" "" 0.0027691977118579248 0.0028164913 0.0037976422 0.0066141337 129.20938672442 -40.26871830792 903.289368 -5.808 3.7849999999999997 0.9
129.43468483204 -40.18337499151 0.0113 0.0149 9.3074 "" 7666-898-1 5528403636227320704 887.736389 1.1049 0.0162 -5.6 3.88 0.015 0.018 0.892 "" "" 11.07182 0.351645 11.191287 10.839642 "" "" 875.227173 901.827515 701808.64067 247.34 455930.0 270.11 365850.0 164.36 "" "" 0.0027817636927652705 0.0028633536 0.0038107282 0.006674082 129.43468483204 -40.18337499151 887.736389 -5.6 3.879999999999999 0.81
129.46801250856 -40.26564794391 0.0117 0.0151 14.2983 "" 7666-1788-1 5528402055679814272 895.238831 1.084 0.0166 -5.615 3.741 0.016 0.019 0.902 "" "" 11.239759 0.240125 11.318048 11.077923 "" "" 879.704285 910.016113 601233.81417 214.42 405690.0 231.82 293760.0 149.92 "" "" 0.002782394782973973 0.0028583144 0.003819785 0.0066780997 129.46801250856 -40.26564794391 895.238831 -5.615 3.7409999999999997 0.89
129.7392896271 -39.79197034855 0.0088 0.0119 19.7685 "" 7666-1248-1 5528626149890269440 953.855591 1.0276 0.0125 -5.696 3.653 0.012 0.015 0.936 "" "" 11.285792 1.035328 11.706177 10.670849 21.77 2.92 939.774231 965.685364 576274.93947 180.07 283760.0 141.87 427380.0 102.62 "" "" 0.002776128327884926 0.0028424836 0.0037883627 0.0066308463 129.7392896271 -39.79197034855 953.855591 -5.696 3.653000000000001 0.89
129.10216726147 -39.86561782902 0.0116 0.013 18.3515 "" 7666-1294-1 5528613230631781120 891.277588 1.0893 0.0153 -5.575 4.276 0.015 0.016 0.973 "" "" 11.340047 0.450679 11.50112 11.050441 "" "" 879.634033 902.11731 548185.92462 151.95 342740.0 184.28 301290.0 72.417 "" "" 0.0027717073178125367 0.002850584 0.003788381 0.0066389646 129.10216726147 -39.86561782902 891.277588 -5.575000000000001 4.276 0.86
129.0731451185 -39.57032989773 0.0122 0.0139 32.2655 "" 7666-485-1 5528668309292307328 852.170593 1.1326 0.0167 -5.789 4.195 0.016 0.019 1.018 "" "" 11.393015 0.427811 11.541881 11.11407 "" "" 840.580444 865.431885 522084.61075 139.25 330110.0 154.8 284140.0 81.759 "" "" 0.0027704963217868566 0.0028362423 0.0037922722 0.0066285143 129.0731451185 -39.57032989773 852.170593 -5.789 4.194999999999999 0.86
129.42611762192 -40.24057058089 0.01 0.0134 12.7518 "" 7666-1163-1 5528402841653217664 844.15918 1.1426 0.0143 -5.66 3.696 0.013 0.017 0.766 "" "" 11.402923 0.215669 11.471635 11.255966 18.61 16.44 832.633057 856.035828 517342.08838 194.33 352180.0 353.65 249330.0 160.5 "" "" 0.0027853402306568303 0.0029956189 0.0038434633 0.006839082 129.42611762192 -40.24057058089 844.15918 -5.66 3.6960000000000006 0.84
129.58992122284 -40.31702365493 0.0096 0.0127 18.6367 "" "" 5528398207389092736 873.942078 1.0962 0.0139 -5.366 3.63 0.012 0.016 0.866 "" "" 11.631627 0.317409 11.737294 11.419886 "" "" 864.732361 884.06604 419079.0401 78.118 275740.0 116.04 214390.0 76.329 "" "" 0.002762743077095731 0.0028273338 0.0037990988 0.0066264328 129.58992122284 -40.31702365493 873.942078 -5.366 3.6300000000000003 0.87
129.0175270576 -39.64771674712 0.0088 0.0102 30.0051 "" 7666-639-1 5528666243407948928 894.619446 1.0771 0.0118 -5.181 4.346 0.012 0.013 0.947 "" "" 11.807388 0.462736 11.970215 11.507479 -10.56 22.65 885.136597 904.373291 356444.19777 50.493 222500.0 115.68 197770.0 63.72 "" "" 0.002759609514158024 0.0028466983 0.0037955367 0.006642235 129.0175270576 -39.64771674712 894.619446 -5.181 4.346 0.83
129.24919755894 -39.66026599302 0.0089 0.0116 23.7676 "" "" 5528622743979175808 892.377258 1.0838 0.0125 -5.383 4.384 0.012 0.016 0.95 "" "" 11.877204 0.520873 12.064893 11.54402 17.81 13.74 882.187561 903.368591 334245.07389 93.378 203920.0 161.1 191230.0 114.6 "" "" 0.0027719656574037195 0.0029190378 0.0038349815 0.0067540193 129.24919755894 -39.66026599302 892.377258 -5.382999999999999 4.384 0.9
129.43182082585 -40.27273680824 0.0078 0.0105 14.6707 "" "" 5528401986959886336 887.060059 1.1057 0.0113 -5.536 3.825 0.01 0.014 0.908 "" "" 11.914354 1.085112 12.359218 11.274106 "" "" 877.343445 895.917297 323001.79957 1904.6 155500.0 3180.5 245200.0 3524.5 "" "" 0.006969849529621476 0.022381566 0.016057456 0.03843902 129.43182082585 -40.27273680824 887.060059 -5.536 3.8249999999999993 0.93
129.51893771611 -40.32246023208 0.0081 0.0113 18.0164 "" 7666-722-1 5528398550986501504 919.150085 1.045 0.0121 -5.486 3.709 0.01 0.014 0.907 "" "" 11.930311 0.376521 12.060769 11.684248 5.69 19.54 908.31488 930.264954 318289.36755 42.111 204700.0 101.08 168060.0 65.467 "" "" 0.0027590621551441133 0.002841212 0.0038029735 0.0066441856 129.51893771611 -40.32246023208 919.150085 -5.485999999999999 3.709 0.93
129.35870027847 -40.33996155225 0.0101 0.0122 19.0671 "" "" 5528308318013124736 878.5849 1.0989 0.0137 -5.627 3.668 0.013 0.014 0.986 "" "" 11.959362 0.342475 12.078497 11.736022 -8.28 13.86 867.840515 889.315735 309886.07427 51.833 201380.0 97.755 160230.0 67.347 "" "" 0.0027612985894007345 0.002839511 0.0038068336 0.0066463444 129.35870027847 -40.33996155225 878.5849 -5.627000000000001 3.668 0.91
129.36746782406 -40.17276708246 0.0083 0.0109 9.2851 "" "" 5528591068600702720 878.685486 1.1009 0.0116 -5.868 4.39 0.011 0.014 0.967 "" "" 12.04448 0.516259 12.234043 11.717784 10.26 3.93 870.860168 888.197693 286519.72246 49.465 174500.0 95.495 162950.0 45.179 "" "" 0.0027616886233568067 0.0028527328 0.0037913513 0.006644084 129.36746782406 -40.17276708246 878.685486 -5.868 4.389999999999999 0.81
129.38360038994 -39.71715296721 0.0065 0.0088 18.849 "" 7666-1619-1 5528618826969004288 916.973083 1.0649 0.0097 -5.476 4.37 0.009 0.012 0.91 "" "" 12.159445 0.750616 12.446702 11.696086 8.71 10.87 908.735046 924.530701 257732.29452 32.161 143460.0 60.148 166240.0 61.202 "" "" 0.0027586491371494265 0.00282706 0.0038004606 0.0066275205 129.38360038994 -39.71715296721 916.973083 -5.476 4.369999999999999 0.93
129.3872461259 -39.55046626076 0.0063 0.0084 28.7734 "" 7666-479-1 5528624638064755456 908.806946 1.0834 0.0088 -5.364 4.479 0.009 0.011 0.824 8479.1 3.7962 12.179315 0.999712 12.585998 11.586286 20.82 2.22 901.386719 916.056519 253058.39156 51.448 126190.0 107.56 183930.0 129.52 "" "" 0.0027641478865934855 0.002939642 0.0038559397 0.0067955814 129.3872461259 -39.55046626076 908.806946 -5.364 4.478999999999999 0.91
129.38272250955 -40.40024279996 0.009 0.0111 22.47 "" "" 5528307119722183936 893.370117 1.086 0.0122 -5.69 3.719 0.012 0.013 0.939 "" "" 12.206944 0.447525 12.366975 11.91945 16.23 24.17 883.516785 901.264771 246699.80275 42.432 154390.0 62.507 135330.0 46.492 "" "" 0.0027616413775911415 0.002824584 0.0037977435 0.0066223275 129.38272250955 -40.40024279996 893.370117 -5.690000000000001 3.7189999999999994 0.91
129.20672341101 -39.71598643273 0.0082 0.0108 21.5999 "" 7666-742-1 5528616632245801216 903.703186 1.073 0.0117 -5.068 4.259 0.011 0.015 1.014 "" "" 12.242264 0.488182 12.416896 11.928714 2.72 31.35 892.693542 913.641235 238803.83278 37.259 147450.0 78.576 134180.0 41.602 "" "" 0.0027605227525179833 0.0028495283 0.003794344 0.0066438722 129.20672341101 -39.71598643273 903.703186 -5.068 4.259 0.85
129.41252071971 -39.58386521996 0.0081 0.0103 26.6965 "" "" 5528624290168990720 905.67157 1.0819 0.0111 -5.252 4.216 0.012 0.013 1.029 "" "" 12.456037 0.712413 12.723734 12.011321 43.16 16.61 897.302429 912.755676 196124.55449 30.3 111150.0 70.637 124350.0 73.189 "" "" 0.002760421325143396 0.0028742207 0.0038330264 0.0067072473 129.41252071971 -39.58386521996 905.67157 -5.251999999999999 4.215999999999999 0.92
129.69844647643 -39.43866233235 0.0076 0.0089 37.3342 "" "" 5528646520918113536 909.408386 1.0829 0.0103 -5.364 4.281 0.01 0.011 0.988 "" "" 12.526913 0.929546 12.893532 11.963985 17.78 24.8 898.088318 919.719666 183730.6621 26.031 95061.0 42.122 129890.0 59.496 "" "" 0.0027596108881248653 0.0028313426 0.0038119622 0.0066433046 129.69844647643 -39.43866233235 909.408386 -5.363999999999999 4.280999999999999 0.92
129.93415801458 -39.73034885975 0.0066 0.0085 28.9357 "" "" 5528439950172039680 916.003052 1.0822 0.0095 -5.305 4.099 0.009 0.011 0.972 "" "" 12.654222 1.316426 13.23332 11.916894 20.21 1.43 907.372681 923.744019 163402.12794 64.438 69517.0 106.06 135640.0 112.88 "" "" 0.002788388882699903 0.0032448354 0.0038858892 0.0071307244 129.93415801458 -39.73034885975 916.003052 -5.305 4.099 0.9
129.40973177477 -39.57674569788 0.0084 0.0106 27.1295 "" 7666-809-1 5528624358886874624 905.212402 1.0851 0.0115 -5.494 4.415 0.012 0.014 1.038 "" "" 12.757643 0.771536 13.052676 12.28114 "" "" 896.352295 915.905823 148555.84651 22.049 82101.0 51.575 96984.0 48.502 "" "" 0.002760028605883082 0.002872323 0.0038181874 0.0066905105 129.40973177477 -39.57674569788 905.212402 -5.494 4.414999999999999 0.91
129.23905888094 -40.41440684616 0.0081 0.0099 24.9283 "" "" 5528306398167678080 907.609802 1.0791 0.0111 -5.731 3.823 0.011 0.012 0.975 "" "" 12.760893 0.608262 12.989683 12.381421 "" "" 897.420715 917.729248 148111.77168 22.937 87005.0 43.838 88428.0 31.782 "" "" 0.002760445707189509 0.0028432934 0.003799474 0.006642767 129.23905888094 -40.41440684616 907.609802 -5.731 3.823000000000001 0.88
129.39656320044 -39.57690255016 0.0086 0.0116 27.1581 "" "" 5528623985229731584 896.129944 1.0939 0.012 -5.586 4.462 0.012 0.015 1.042 "" "" 12.822371 0.741372 13.106393 12.365021 "" "" 887.241028 905.706909 139958.14357 21.23 78138.0 49.822 89774.0 37.896 "" "" 0.0027602379084294376 0.00287477 0.0038070702 0.00668184 129.39656320044 -39.57690255016 896.129944 -5.586000000000001 4.462 0.88
129.86719966312 -40.18838398377 0.0118 0.0134 21.8301 "" "" 5528395389890439296 896.548096 1.1049 0.0155 -5.243 3.249 0.016 0.019 1.229 5546.2 3.7268 12.87125 1.105837 13.339418 12.233582 21.29 7.46 884.288879 908.366028 133797.11262 81.391 63045.0 120.65 101330.0 171.2 "" "" 0.002833374612843176 0.0034788281 0.004201034 0.007679862 129.86719966312 -40.18838398377 896.548096 -5.243 3.2490000000000006 0.81
129.62872630259 -40.30751984561 0.0088 0.0129 18.8554 "" "" 5528399513059136640 927.58667 1.0479 0.0128 -5.254 3.858 0.011 0.017 0.925 "" "" 12.959366 0.581479 13.178169 12.59669 "" "" 916.521606 937.845947 123367.43376 45.784 73139.0 62.658 72524.0 46.332 "" "" 0.002784627064296787 0.002941126 0.0038425045 0.0067836307 129.62872630259 -40.30751984561 927.58667 -5.254 3.8580000000000005 0.93
129.46296541094 -39.64012071033 0.0103 0.0132 23.3151 "" "" 5528620995932490368 939.250122 1.0397 0.0143 -5.538 4.364 0.014 0.017 1.058 "" "" 12.961446 0.885877 13.311961 12.426084 "" "" 926.423584 950.914001 123131.26094 21.151 64660.0 35.28 84864.0 25.595 "" "" 0.0027616250545046107 0.0028523656 0.0037935413 0.0066459067 129.46296541094 -39.64012071033 939.250122 -5.538 4.364 0.91
129.48053932391 -39.50507793645 0.0077 0.01 31.4493 "" "" 5528648071406290688 945.098022 1.024 0.0107 -5.626 4.239 0.01 0.012 0.965 "" "" 13.059515 0.760438 13.352877 12.592439 "" "" 936.038574 955.435974 112496.99703 25.755 62268.0 31.247 72809.0 23.336 "" "" 0.002766509599419261 0.0028428677 0.0037953686 0.0066382363 129.48053932391 -39.50507793645 945.098022 -5.626000000000001 4.239 0.92
129.83318034095 -39.92010496671 0.0082 0.0096 19.2084 "" "" 5528433907156760448 910.227112 1.0621 0.011 -5.256 4.111 0.011 0.012 0.957 "" "" 13.090532 0.753443 13.381526 12.628083 "" "" 900.635437 920.447754 109328.61631 23.086 60647.0 30.173 70457.0 40.273 "" "" 0.0027648421622832836 0.0028419774 0.0038299968 0.0066719744 129.83318034095 -39.92010496671 910.227112 -5.256000000000001 4.111 0.92
129.41010698868 -39.57487522994 0.0079 0.0103 27.2407 "" "" 5528624363186848384 910.855347 1.0674 0.0109 -5.684 4.194 0.011 0.013 0.995 9621.0 4.0999 13.132933 0.944423 13.512079 12.567657 "" "" 901.164185 920.592651 105141.37181 25.641 53776.0 40.896 74490.0 46.169 "" "" 0.002768013366621794 0.0029097784 0.0038388248 0.006748603 129.41010698868 -39.57487522994 910.855347 -5.684000000000001 4.194 0.9
129.4329527176 -39.58933304014 0.0105 0.0134 26.3404 "" "" 5528621339529868544 918.841614 1.0534 0.0142 -5.53 4.321 0.014 0.017 1.33 6592.7 3.6818 13.27036 1.316018 13.841714 12.525696 -12.96 7.3 908.133972 930.222961 92640.86549 19.247 39695.0 25.072 77425.0 40.204 "" "" 0.00276453830231553 0.0028732084 0.0038212012 0.0066944095 129.4329527176 -39.58933304014 918.841614 -5.529999999999999 4.321 0.83
129.16638185135 -40.30846661927 0.009 0.0102 20.975 "" "" 5528495548529321728 925.21228 1.0474 0.0113 -5.584 4.311 0.012 0.013 0.962 9764.3 4.3994 13.415599 0.896793 13.774484 12.87769 "" "" 916.27655 937.87262 81041.44061 12.471 42230.0 24.244 55986.0 23.712 "" "" 0.00276038119724059 0.0028589456 0.0038072544 0.0066662002 129.16638185135 -40.30846661927 925.21228 -5.584 4.311 0.9
129.42996550883 -39.57302404333 0.0088 0.0112 27.3208 "" "" 5528624328827103872 912.719849 1.0585 0.0121 -5.567 4.086 0.012 0.014 1.034 15004.1 4.5696 13.462555 1.159605 13.953902 12.794297 "" "" 903.040771 920.739197 77611.28834 12.384 35798.0 23.335 60456.0 27.579 "" "" 0.0027607613410732044 0.0028785313 0.0038116982 0.0066902293 129.42996550883 -39.57302404333 912.719849 -5.566999999999998 4.086 0.93
129.18604171317 -39.63625961409 0.0093 0.0117 26.2725 "" "" 5528664048684935680 941.734924 1.0235 0.0129 -5.443 4.446 0.012 0.017 1.203 "" "" 13.473211 1.020967 13.889607 12.868641 "" "" 932.191406 952.67218 76853.21618 17.438 37982.0 37.342 56455.0 28.05 "" "" 0.0027663115345480413 0.0029873867 0.0038176875 0.0068050744 129.18604171317 -39.63625961409 941.734924 -5.443 4.446 0.87
