Clusters/King_21/King_21_stars_in_region.tsv
# %ECSV 1.0
# ---
# datatype:
# - name: RA_ICRS_1
#   unit: deg
#   datatype: float64
#   format: '{:15.11f}'
#   description: Right ascension (ICRS) at Ep=2016.0 (ra)
#   meta: !!omap
#   - {ucd: POS_EQ_RA_MAIN}
#   - {width: 15}
#   - {precision: '11'}
# - name: DE_ICRS_1
#   unit: deg
#   datatype: float64
#   format: '{:15.11f}'
#   description: Declination (ICRS) at Ep=2016.0 (dec)
#   meta: !!omap
#   - {ucd: POS_EQ_DEC_MAIN}
#   - {width: 15}
#   - {precision: '11'}
# - name: e_RA_ICRS
#   unit: mas
#   datatype: float64
#   format: '{:7.4f}'
#   description: Standard error of right ascension (ra_error)
#   meta: !!omap
#   - {ucd: ERROR}
#   - {width: 7}
#   - {precision: '4'}
# - name: e_DE_ICRS
#   unit: mas
#   datatype: float64
#   format: '{:7.4f}'
#   description: Standard error of declination (dec_error)
#   meta: !!omap
#   - {ucd: ERROR}
#   - {width: 7}
#   - {precision: '4'}
# - name: _r_1
#   unit: ''
#   datatype: float64
#   format: '{:7.4f}'
#   description: Distance from center (357.47321685000+62.70740277000)[ICRS], at Epoch=J2016.0
#   meta: !!omap
#   - {ucd: POS_ANG_DIST_GENERAL}
#   - {width: 7}
#   - {precision: '4'}
# - name: HIP
#   datatype: int32
#   description: '? HIP cross-id number, van Leeuwen, Cat. I/311 (hip_original_ext_source_id)'
#   meta: !!omap
#   - {ucd: ID_NUMBER}
#   - {width: 6}
#   - values: {'null': -2147483648}
# - name: TYC2
#   datatype: string
#   description: Tycho-2 cross-id name, Hog et al., Cat. I/259 (tyc2_original_ext_source_id)
#   meta: !!omap
#   - {ucd: ID_CROSSID}
#   - {_votable_string_dtype: char}
# - name: Source
#   datatype: int64
#   description: Source identifier, identical to the Gaia-EDR3 source_id (id)
#   meta: !!omap
#   - {ucd: ID_MAIN}
#   - {width: 19}
# - name: rgeo
#   unit: pc
#   datatype: float64
#   format: '{:15.8f}'
#   description: '? Median of the geometric distance posterior (r_med_geo)'
#   meta: !!omap
#   - {ucd: PHYS_DISTANCE_TRUE}
#   - {width: 15}
#   - {precision: '8'}
#   - values: {'null': .nan}
# - name: Plx
#   unit: mas
#   datatype: float64
#   format: '{:9.4f}'
#   description: '? Parallax (parallax)'
#   meta: !!omap
#   - {ucd: POS_PARLX_TRIG}
#   - {width: 9}
#   - {precision: '4'}
#   - values: {'null': .nan}
# - name: e_Plx
#   unit: mas
#   datatype: float32
#   format: '{:7.4f}'
#   description: '? Standard error of parallax (parallax_error)'
#   meta: !!omap
#   - {ucd: ERROR}
#   - {width: 7}
#   - {precision: '4'}
#   - values: {'null': .nan}
# - name: pmRA
#   unit: mas / yr
#   datatype: float64
#   format: '{:9.3f}'
#   description: '? Proper motion in right ascension direction, pmRA*cosDE (pmra)'
#   meta: !!omap
#   - {ucd: POS_EQ_PMRA}
#   - {width: 9}
#   - {precision: '3'}
#   - values: {'null': .nan}
# - name: pmDE
#   unit: mas / yr
#   datatype: float64
#   format: '{:9.3f}'
#   description: '? Proper motion in declination direction (pmdec)'
#   meta: !!omap
#   - {ucd: POS_EQ_PMDEC}
#   - {width: 9}
#   - {precision: '3'}
#   - values: {'null': .nan}
# - name: e_pmRA
#   unit: mas / yr
#   datatype: float32
#   format: '{:6.3f}'
#   description: '? Standard error of proper motion in right ascension direction (pmra_error)'
#   meta: !!omap
#   - {ucd: ERROR}
#   - {width: 6}
#   - {precision: '3'}
#   - values: {'null': .nan}
# - name: e_pmDE
[...]
#         unit: &id001 !astropy.units.Unit {unit: deg}
#         value: !astropy.table.SerializedColumn {name: SkyCoord.dec}
#       distance: !astropy.table.SerializedColumn
#         __class__: astropy.coordinates.distances.Distance
#         unit: !astropy.units.Unit {unit: pc}
#         value: !astropy.table.SerializedColumn {name: SkyCoord.distance}
#       frame: icrs
#       obstime: !astropy.time.Time {format: jyear_str, in_subfmt: '*', jd1: 367701545.0, jd2: 0.0, out_subfmt: '*', precision: 3, scale: tt}
#       pm_dec: !astropy.table.SerializedColumn
#         __class__: astropy.units.quantity.Quantity
#         unit: !astropy.units.Unit {unit: mas / yr}
#         value: !astropy.table.SerializedColumn {name: SkyCoord.pm_dec}
#       pm_ra_cosdec: !astropy.table.SerializedColumn
#         __class__: astropy.units.quantity.Quantity
#         unit: !astropy.units.Unit {unit: mas / yr}
#         value: !astropy.table.SerializedColumn {name: SkyCoord.pm_ra_cosdec}
#       ra: !astropy.table.SerializedColumn
#         __class__: astropy.coordinates.angles.Longitude
#         unit: *id001
#         value: !astropy.table.SerializedColumn {name: SkyCoord.ra}
#         wrap_angle: !astropy.coordinates.Angle
#           unit: *id001
#           value: 360.0
#       representation_type: spherical
# schema: astropy-2.0
RA_ICRS_1 DE_ICRS_1 e_RA_ICRS e_DE_ICRS _r_1 HIP TYC2 Source rgeo Plx e_Plx pmRA pmDE e_pmRA e_pmDE RUWE Teff logg Gmag BP-RP BPmag RPmag RV e_RV b_rgeo B_rgeo FG e_FG FBP e_FBP FRP e_FRP RAVE5 RAVE6 e_Gmag e_BPmag e_RPmag e_BP-RP SkyCoord.ra SkyCoord.dec SkyCoord.distance SkyCoord.pm_ra_cosdec SkyCoord.pm_dec
357.99359207178 62.59623365002 0.0087 0.0095 15.8185 "" 4285-2142-1 2013046537382879616 2599.0354 0.3697 0.0116 -3.233 -1.427 0.012 0.012 0.842 18212.8 3.3374 10.061636 0.530019 10.248499 9.71848 "" "" 2505.29956 2688.9751 1779477.06292 1033.9 1086500.0 1765.3 1027500.0 1470.9 "" "" 0.0028266114713636275 0.0033010533 0.0040864986 0.007387552 357.99359207178 62.59623365002 2599.0354 -3.2330000000000005 -1.427
357.48137939722 62.69435344229 0.0073 0.0084 0.8145 "" 4285-156-1 2015970825989978112 2912.42188 0.3234 0.0096 -3.284 -1.844 0.01 0.012 0.87 "" "" 10.711738 0.953078 11.092694 10.139616 "" "" 2844.03906 2983.67432 977803.74956 187.38 499270.0 331.0 697130.0 180.34 "" "" 0.002763164818913663 0.0028815225 0.003789804 0.0066713262 357.48137939722 62.69435344229 2912.42188 -3.284 -1.8440000000000005
357.76985231341 62.91890727701 0.0213 0.0214 15.0721 "" "" 2016070675390294784 3037.67383 0.309 0.0266 -2.838 -1.084 0.027 0.025 1.5 4518.9 1.3865 11.041444 2.427089 12.355275 9.928186 -76.46 0.17 2806.21753 3273.36401 721720.66053 205.88 156070.0 134.52 847000.0 283.72 "" "" 0.0027726730649432767 0.0029429246 0.0037968406 0.0067397654 357.76985231341 62.91890727701 3037.67383 -2.838 -1.084
357.29846540132 62.53321658279 0.0164 0.0179 11.5099 "" "" 2012966169954321536 2834.94727 0.3286 0.0218 -3.065 -0.908 0.022 0.023 0.942 3655.6 0.33 11.325655 3.147181 13.194106 10.046926 -39.21 0.21 2675.22119 3005.58936 555500.93639 447.01 72073.0 273.99 759260.0 1329.5 "" "" 0.002890522698950804 0.0049820933 0.0042306255 0.009212719 357.29846540132 62.53321658279 2834.94727 -3.0649999999999995 -0.908
357.5014116691 62.66358297408 0.0109 0.0117 2.7414 "" 4285-394-1 2012968231538570624 2822.21289 0.3135 0.0145 -3.499 -1.728 0.017 0.016 0.914 "" "" 11.363399 0.783899 11.665189 10.881289 "" "" 2716.01465 2921.19019 536521.61046 195.47 294670.0 218.63 352080.0 109.03 "" "" 0.0027835697588886035 0.0029041308 0.003794308 0.006698439 357.5014116691 62.66358297408 2822.21289 -3.499000000000001 -1.728
357.72829424019 62.87897895415 0.0102 0.0097 12.4475 "" 4285-2209-1 2016069747677382528 2753.78296 0.3157 0.0126 -2.879 -1.536 0.013 0.012 0.882 16266.3 3.3592 11.681559 0.790432 11.983572 11.19314 "" "" 2653.49097 2857.53223 400242.44008 78.826 219780.0 136.35 264180.0 59.704 "" "" 0.002763605090399619 0.0028703245 0.003787339 0.0066576637 357.72829424019 62.87897895415 2753.78296 -2.879 -1.5360000000000005
356.98700794937 62.68243643448 0.0089 0.0105 13.4658 "" "" 2015973540408809728 2833.98511 0.3112 0.012 -3.727 -1.541 0.013 0.014 0.963 "" "" 11.701334 0.948147 12.080045 11.131898 "" "" 2747.42603 2931.26733 393018.69797 114.1 201090.0 185.25 279510.0 219.17 "" "" 0.0027732914116820415 0.0029640298 0.0038740835 0.006838113 356.98700794937 62.68243643448 2833.98511 -3.727 -1.5410000000000001
356.99568419926 62.80536108265 0.0096 0.0109 14.3728 "" 4285-2491-1 2015986833323058816 2441.88672 0.3642 0.0129 -3.498 -2.099 0.013 0.015 1.055 "" "" 11.787735 0.867219 12.125413 11.258194 "" "" 2375.30444 2537.98047 362955.04253 83.228 192860.0 118.09 248820.0 100.58 "" "" 0.002766545449443552 0.0028682775 0.0038047796 0.006673057 356.99568419926 62.80536108265 2441.88672 -3.4980000000000007 -2.099
357.08093141156 62.89799887866 0.0107 0.0117 15.7005 "" "" 2015991093929186944 2873.18652 0.325 0.0137 -3.31 -1.792 0.014 0.017 1.053 "" "" 11.79338 2.169026 12.919053 10.750027 -42.57 1.02 2763.01025 3023.18481 361072.73022 107.12 92853.0 103.6 397330.0 321.95 "" "" 0.0027740840539191955 0.003041799 0.0038804244 0.0069222236 357.08093141156 62.89799887866 2873.18652 -3.3099999999999996 -1.7919999999999998
357.60021083032 62.75449482444 0.0095 0.0105 4.4912 "" "" 2016064868594609408 2082.50708 0.464 0.0124 1.148 -0.447 0.013 0.013 0.875 "" "" 11.923463 2.519118 13.305117 10.785998 -38.74 0.2 2021.54211 2137.33643 320303.47825 80.272 65068.0 75.512 384380.0 203.12 "" "" 0.002768723026409746 0.0030614808 0.0038226831 0.006884164 357.60021083032 62.75449482444 2082.50708 1.1479999999999997 -0.44699999999999995
356.91451474431 62.76386775598 0.0096 0.0103 15.7256 "" "" 2015980859032973568 2883.08398 0.332 0.0123 -4.279 -1.106 0.013 0.013 1.044 "" "" 11.95118 2.211943 13.106111 10.894168 -82.22 0.23 2798.86328 2969.14868 312230.25109 50.343 78158.0 79.779 347930.0 97.436 "" "" 0.0027608758785928516 0.003002212 0.0037915928 0.0067938045 356.91451474431 62.76386775598 2883.08398 -4.278999999999999 -1.106
357.49633547551 62.70310578836 0.0088 0.01 0.6864 "" "" 2015970924764198912 2568.68555 0.3693 0.0114 -2.984 -1.549 0.012 0.013 1.029 "" "" 12.137536 0.890649 12.48755 11.596901 "" "" 2502.56836 2644.0271 262985.72159 50.202 138160.0 111.02 182140.0 71.454 "" "" 0.0027631043498799832 0.002923393 0.0038033077 0.006726701 357.49633547551 62.70310578836 2568.68555 -2.9840000000000004 -1.549
357.50615197972 62.79691691407 0.0075 0.0079 5.4465 "" 4285-2681-1 2015975116650847616 2101.67969 0.4626 0.0099 -4.466 -1.832 0.01 0.011 0.902 "" "" 12.177975 0.876633 12.522696 11.646063 "" "" 2063.66479 2143.22217 253370.87342 41.293 133760.0 95.229 174070.0 68.949 "" "" 0.0027609961544532323 0.0028952623 0.0038037717 0.006699034 357.50615197972 62.79691691407 2101.67969 -4.466000000000001 -1.832
357.26710540689 62.52828930222 0.0076 0.0094 12.1591 "" 4285-1482-1 2012964894332541568 2294.74219 0.4189 0.0102 -3.887 -1.886 0.01 0.012 0.922 13820.1 3.6058 12.211482 0.756032 12.500781 11.744749 "" "" 2237.46631 2340.9021 245670.99867 43.488 136490.0 77.555 158950.0 44.678 "" "" 0.0027620151950742645 0.0028575596 0.0037916834 0.0066492427 357.26710540689 62.52828930222 2294.74219 -3.8870000000000005 -1.886
357.07494865367 62.82092796592 0.0087 0.0098 12.8839 "" "" 2015986970762011776 2792.00244 0.3527 0.0114 -1.636 -1.454 0.012 0.014 0.941 4374.6 0.947 12.222576 2.396189 13.513316 11.117127 -50.46 0.29 2703.49536 2901.15625 243173.48185 44.915 53714.0 47.565 283340.0 115.96 "" "" 0.0027626084437328215 0.0029511733 0.0038054138 0.006756587 357.07494865367 62.82092796592 2792.00244 -1.636 -1.4539999999999997
357.0675182971 62.63976923757 0.0175 0.0201 11.8884 "" "" 2015972303458304640 2886.57324 0.33 0.0236 -3.409 -1.628 0.025 0.025 2.33 17547.5 3.844 12.251045 0.889869 12.496723 11.606854 "" "" 2706.35718 3076.01074 236880.16138 80.022 137000.0 457.9 180470.0 582.55 "" "" 0.0027796252607398125 0.004577546 0.0051542935 0.009731839 357.0675182971 62.63976923757 2886.57324 -3.4090000000000003 -1.628
357.71773435913 62.86938736314 0.0106 0.0108 11.8096 "" "" 2016069747677389952 2205.83203 0.4441 0.0135 -1.191 -2.876 0.013 0.013 1.169 4740.6 2.0396 12.485836 2.348031 13.740466 11.392435 -52.76 0.45 2142.65894 2268.87305 190814.85894 36.319 43574.0 32.924 219880.0 93.415 "" "" 0.002763059120764081 0.0029082734 0.0038074267 0.0067157 357.71773435913 62.86938736314 2205.83203 -1.191 -2.8759999999999994
357.1754251686 62.78606980889 0.0094 0.0097 9.4458 "" "" 2015986012994204416 2332.21045 0.4217 0.0117 -2.272 -1.123 0.013 0.014 0.979 4829.7 2.2618 12.525431 2.25105 13.71125 11.4602 -41.23 0.44 2268.07153 2401.27271 183981.69078 36.757 44763.0 39.205 206580.0 69.312 "" "" 0.0027638454300994673 0.0029477633 0.0037968978 0.0067446614 357.1754251686 62.78606980889 2332.21045 -2.272 -1.123
357.49553217596 62.77263790525 0.0081 0.0083 3.9619 "" "" 2015975052237727232 2751.43091 0.348 0.0103 -2.098 -1.321 0.011 0.011 1.009 "" "" 12.585256 1.137699 13.05897 11.921271 -59.84 17.27 2686.99438 2831.17041 174118.35106 38.809 81626.0 59.212 135100.0 57.791 "" "" 0.002765927068776922 0.0028992002 0.0038078118 0.0067070117 357.49553217596 62.77263790525 2751.43091 -2.0979999999999994 -1.3209999999999997
357.45165724335 62.67013592416 0.0117 0.0131 2.3134 "" "" 2015970516752351872 2477.68408 0.3953 0.0151 -0.088 -1.556 0.018 0.02 1.075 4916.6 1.9727 12.591164 2.660381 14.077549 11.417168 -73.52 0.24 2397.38135 2580.93726 173173.39091 40.369 31945.0 42.739 214930.0 117.53 "" "" 0.0027669204384252067 0.0031456463 0.0038257313 0.006971378 357.45165724335 62.67013592416 2477.68408 -0.08799999999999997 -1.5560000000000005
357.59557996049 62.92742343128 0.0124 0.0118 13.6206 "" "" 2016082422113780352 3090.0437 0.3076 0.0153 -3.074 -1.353 0.015 0.015 1.004 "" "" 12.771523 2.794663 14.363001 11.568337 -89.18 0.47 2970.6521 3210.35864 146668.68061 45.726 24559.0 38.209 186990.0 138.02 "" "" 0.0027760344298648257 0.0032616593 0.0038634136 0.007125073 357.59557996049 62.92742343128 3090.0437 -3.074 -1.353
356.97042695796 62.69811369634 0.0091 0.0105 13.8462 "" "" 2015973609128265984 2587.38037 0.3679 0.0118 -3.456 -1.361 0.012 0.013 1.071 16191.1 3.6425 12.799292 0.890142 13.150683 12.260542 "" "" 2522.88647 2656.427 142965.07792 32.839 75014.0 59.3 98842.0 53.352 "" "" 0.002766583864456596 0.0029191982 0.0038245495 0.0067437477 356.97042695796 62.69811369634 2587.38037 -3.4559999999999995 -1.3609999999999998
357.12600256751 62.90963170771 0.012 0.0128 15.4225 "" "" 2015991476192512384 2858.92969 0.3331 0.0154 -3.916 -1.466 0.016 0.018 1.223 6596.4 2.7341 12.853907 0.879954 13.200767 12.320812 "" "" 2752.63232 2998.1394 135951.58038 26.672 71633.0 53.641 93505.0 26.801 "" "" 0.002763541523818186 0.0029062124 0.0037921725 0.006698385 357.12600256751 62.90963170771 2858.92969 -3.9159999999999995 -1.4659999999999997
357.76084569685 62.62492658604 0.0111 0.0119 9.3425 "" "" 2013057910456176640 2575.68652 0.3649 0.0151 -3.128 -2.075 0.016 0.015 1.149 12896.5 3.6579 12.983373 0.793614 13.289937 12.496323 "" "" 2452.01978 2693.36133 120669.57353 24.2 65985.0 37.902 79548.0 28.087 "" "" 0.0027639104397528106 0.0028590187 0.0037987744 0.006657793 357.76084569685 62.62492658604 2575.68652 -3.1279999999999997 -2.0750000000000006
357.74289181723 62.74811362021 0.0111 0.0119 7.8062 "" "" 2013062652099920896 2428.90454 0.3859 0.0144 -0.106 -0.829 0.015 0.015 1.28 4623.2 2.0134 12.993917 2.33292 14.238342 11.905422 -82.36 0.45 2328.18579 2522.44531 119503.26402 25.495 27547.0 26.931 137080.0 56.023 "" "" 0.0027650394270872154 0.0029852537 0.0038053412 0.006790595 357.74289181723 62.74811362021 2428.90454 -0.10600000000000001 -0.8289999999999998
357.98629235043 62.72715651084 0.0079 0.0088 14.1607 "" "" 2013060075119619200 2715.56152 0.3396 0.0102 -3.221 -2.569 0.01 0.011 0.999 "" "" 13.022292 2.411134 14.32381 11.912676 -75.28 0.58 2635.31323 2784.13794 116420.61864 28.603 25462.0 25.375 136170.0 58.195 "" "" 0.0027682025714382413 0.002992629 0.0038077596 0.006800389 357.98629235043 62.72715651084 2715.56152 -3.221 -2.569
357.78514755115 62.56375592014 0.0088 0.0092 12.1774 "" "" 2013045094273855104 2734.62085 0.3405 0.0116 -3.598 -1.587 0.012 0.012 1.071 13770.8 3.7437 13.035045 0.818426 13.353344 12.534918 "" "" 2647.70679 2823.4519 115061.14775 35.716 62241.0 61.932 76770.0 59.601 "" "" 0.0027758554207581217 0.002992022 0.0038722397 0.006864262 357.78514755115 62.56375592014 2734.62085 -3.5980000000000008 -1.5869999999999997
357.22297714152 62.72414272286 0.0092 0.0107 6.9556 "" "" 2015973226867095808 2959.35913 0.3057 0.0121 -2.566 -2.19 0.013 0.016 1.253 5008.6 1.9906 13.044158 2.330537 14.283598 11.953061 -29.5 0.46 2872.27856 3066.61084 114099.41826 26.01 26423.0 21.348 131200.0 57.585 "" "" 0.0027664141690077865 0.002924813 0.0038093068 0.0067341197 357.22297714152 62.72414272286 2959.35913 -2.566 -2.19
357.48901392213 62.73948013241 0.008 0.0087 1.9731 "" "" 2015971822422345856 2862.30713 0.3229 0.0105 -3.268 -1.757 0.011 0.012 0.954 "" "" 13.050011 1.061274 13.48553 12.424256 "" "" 2779.02734 2968.81152 113486.03817 27.174 55107.0 50.819 85007.0 24.996 "" "" 0.002767558057331601 0.0029643811 0.0037928422 0.006757223 357.48901392213 62.73948013241 2862.30713 -3.268 -1.757
357.28044214754 62.52170627321 0.0078 0.0092 12.3468 "" "" 2012964692485576960 2568.69165 0.3587 0.0105 -4.486 -2.256 0.011 0.012 0.957 5187.1 2.5163 13.074263 2.06805 14.129519 12.061469 -50.27 0.65 2497.51318 2629.62939 110979.25401 22.769 30452.0 25.311 118730.0 50.529 "" "" 0.0027643098519148546 0.002932481 0.0038075233 0.0067400043 357.28044214754 62.52170627321 2568.69165 -4.486 -2.2560000000000002
357.58125368191 62.8698981748 0.0085 0.009 10.1903 "" "" 2016070091274750464 2339.03174 0.3932 0.0111 -0.775 -0.947 0.011 0.011 1.149 5083.8 2.3891 13.083487 2.18547 14.221485 12.036015 -22.25 0.37 2293.70215 2400.88135 110040.40792 23.611 27978.0 24.425 121550.0 33.249 "" "" 0.002765151180467223 0.0029467742 0.0037910333 0.0067378078 357.58125368191 62.8698981748 2339.03174 -0.775 -0.9470000000000001
357.6120594826 62.68525863685 0.0077 0.0085 4.0457 "" "" 2013061861825979008 2228.70923 0.4057 0.0102 1.017 -1.7 0.01 0.01 1.018 4479.3 1.5645 13.135046 2.47963 14.485274 12.005645 -42.84 0.33 2173.26392 2287.35181 104936.97221 27.383 21944.0 27.555 125000.0 53.562 "" "" 0.0027698482746395746 0.0031054444 0.0038079089 0.006913353 357.6120594826 62.68525863685 2228.70923 1.017 -1.6999999999999997
357.49617005921 62.72232301867 0.0092 0.0097 1.0954 "" "" 2015971753702889088 2859.46899 0.3187 0.0117 -3.269 -1.768 0.012 0.013 1.161 6634.7 3.1898 13.142868 1.003691 13.548042 12.544352 "" "" 2774.94922 2943.96387 104183.68443 30.946 52024.0 50.349 76106.0 70.57 "" "" 0.0027741296571084637 0.0029814737 0.0039111753 0.006892649 357.49617005921 62.72232301867 2859.46899 -3.2690000000000006 -1.7680000000000002
357.21871316094 62.57673870255 0.0085 0.0092 10.5217 "" "" 2012966032515331456 2581.82764 0.3559 0.0108 -3.765 -0.941 0.011 0.012 1.031 "" "" 13.15186 0.988785 13.550363 12.561578 "" "" 2502.11938 2654.46143 103324.3501 20.436 51913.0 52.925 74908.0 22.167 "" "" 0.0027636757486162455 0.0030017127 0.0037930142 0.006794727 357.21871316094 62.57673870255 2581.82764 -3.765000000000001 -0.9410000000000001
357.43122481424 62.67134100243 0.0083 0.009 2.4531 "" "" 2015970581166817152 2888.73853 0.3149 0.011 -3.262 -1.806 0.012 0.013 1.048 6478.8 2.8594 13.215428 0.94204 13.590381 12.64834 "" "" 2798.22974 2993.72998 97448.59404 30.173 50034.0 50.12 69155.0 53.565 "" "" 0.002775752867450665 0.0029946498 0.0038718164 0.0068664663 357.43122481424 62.67134100243 2888.73853 -3.262 -1.806
357.39423425333 62.71186832167 0.0083 0.0095 2.1893 "" "" 2015971307026277888 2990.39087 0.3055 0.0108 -3.216 -1.771 0.011 0.014 0.952 6185.3 2.6909 13.272796 1.047818 13.701302 12.653483 "" "" 2862.10547 3080.0061 92433.29112 21.573 45175.0 41.137 68828.0 36.74 "" "" 0.002766947941737073 0.0029601604 0.003823561 0.006783721 357.39423425333 62.71186832167 2990.39087 -3.2159999999999997 -1.7709999999999997
357.11712243597 62.74194069827 0.008 0.0094 10.0081 "" "" 2015974158884492672 2195.98413 0.4239 0.0104 -2.46 -0.213 0.011 0.013 1.037 "" "" 13.280412 1.943083 14.249897 12.306814 -39.27 0.82 2130.79956 2243.84229 91787.20341 17.8 27256.0 25.144 94718.0 31.559 "" "" 0.0027633534189336487 0.0029645 0.0037966557 0.006761156 357.11712243597 62.74194069827 2195.98413 -2.4599999999999995 -0.21299999999999997
357.44489531131 62.71024476844 0.0083 0.0096 0.7976 "" "" 2015971616264073600 2864.11694 0.3182 0.0112 -3.194 -1.724 0.011 0.013 1.025 "" "" 13.428637 1.202389 13.935038 12.732649 "" "" 2767.82202 2961.57471 80074.08732 91.586 36425.0 162.26 63988.0 191.22 "" "" 0.0030222385471761724 0.0055836653 0.00498107 0.010564735 357.44489531131 62.71024476844 2864.11694 -3.1939999999999995 -1.7240000000000002
357.43139918939 62.74993833733 0.0085 0.0095 2.7991 "" "" 2015971959861281024 2827.09424 0.3249 0.0111 -3.726 -1.282 0.011 0.013 0.971 "" "" 13.44561 1.155366 13.92768 12.772314 "" "" 2741.26489 2915.34692 78832.00702 27.4 36673.0 44.241 61693.0 72.179 "" "" 0.002781043102244458 0.0030823054 0.0039871465 0.0070694517 357.43139918939 62.74993833733 2827.09424 -3.726 -1.282
