Clusters/King_21/King_21_stars_in_region.tsv
# %ECSV 1.0
# ---
# datatype:
# - name: RA_ICRS_1
#   unit: deg
#   datatype: float64
#   format: '{:15.11f}'
#   description: Right ascension (ICRS) at Ep=2016.0 (ra)
#   meta: !!omap
#   - {ucd: POS_EQ_RA_MAIN}
#   - {width: 15}
#   - {precision: '11'}
# - name: DE_ICRS_1
#   unit: deg
#   datatype: float64
#   format: '{:15.11f}'
#   description: Declination (ICRS) at Ep=2016.0 (dec)
#   meta: !!omap
#   - {ucd: POS_EQ_DEC_MAIN}
#   - {width: 15}
#   - {precision: '11'}
# - name: e_RA_ICRS
#   unit: mas
#   datatype: float64
#   format: '{:7.4f}'
#   description: Standard error of right ascension (ra_error)
#   meta: !!omap
#   - {ucd: ERROR}
#   - {width: 7}
#   - {precision: '4'}
# - name: e_DE_ICRS
#   unit: mas
#   datatype: float64
#   format: '{:7.4f}'
#   description: Standard error of declination (dec_error)
#   meta: !!omap
#   - {ucd: ERROR}
#   - {width: 7}
#   - {precision: '4'}
# - name: _r_1
#   unit: ''
#   datatype: float64
#   format: '{:7.4f}'
#   description: Distance from center (357.47321685000+62.70740277000)[ICRS], at Epoch=J2016.0
#   meta: !!omap
#   - {ucd: POS_ANG_DIST_GENERAL}
#   - {width: 7}
#   - {precision: '4'}
# - name: HIP
#   datatype: int32
#   description: '? HIP cross-id number, van Leeuwen, Cat. I/311 (hip_original_ext_source_id)'
#   meta: !!omap
#   - {ucd: ID_NUMBER}
#   - {width: 6}
#   - values: {'null': -2147483648}
# - name: TYC2
#   datatype: string
#   description: Tycho-2 cross-id name, Hog et al., Cat. I/259 (tyc2_original_ext_source_id)
#   meta: !!omap
#   - {ucd: ID_CROSSID}
#   - {_votable_string_dtype: char}
# - name: Source
#   datatype: int64
#   description: Source identifier, identical to the Gaia-EDR3 source_id (id)
#   meta: !!omap
#   - {ucd: ID_MAIN}
#   - {width: 19}
# - name: rgeo
#   unit: pc
#   datatype: float64
#   format: '{:15.8f}'
#   description: '? Median of the geometric distance posterior (r_med_geo)'
#   meta: !!omap
#   - {ucd: PHYS_DISTANCE_TRUE}
#   - {width: 15}
#   - {precision: '8'}
#   - values: {'null': .nan}
# - name: Plx
#   unit: mas
#   datatype: float64
#   format: '{:9.4f}'
#   description: '? Parallax (parallax)'
#   meta: !!omap
#   - {ucd: POS_PARLX_TRIG}
#   - {width: 9}
#   - {precision: '4'}
#   - values: {'null': .nan}
# - name: e_Plx
#   unit: mas
#   datatype: float32
#   format: '{:7.4f}'
#   description: '? Standard error of parallax (parallax_error)'
#   meta: !!omap
#   - {ucd: ERROR}
#   - {width: 7}
#   - {precision: '4'}
#   - values: {'null': .nan}
# - name: pmRA
#   unit: mas / yr
#   datatype: float64
#   format: '{:9.3f}'
#   description: '? Proper motion in right ascension direction, pmRA*cosDE (pmra)'
#   meta: !!omap
#   - {ucd: POS_EQ_PMRA}
#   - {width: 9}
#   - {precision: '3'}
#   - values: {'null': .nan}
# - name: pmDE
#   unit: mas / yr
#   datatype: float64
#   format: '{:9.3f}'
#   description: '? Proper motion in declination direction (pmdec)'
#   meta: !!omap
#   - {ucd: POS_EQ_PMDEC}
#   - {width: 9}
#   - {precision: '3'}
#   - values: {'null': .nan}
# - name: e_pmRA
#   unit: mas / yr
#   datatype: float32
#   format: '{:6.3f}'
#   description: '? Standard error of proper motion in right ascension direction (pmra_error)'
#   meta: !!omap
#   - {ucd: ERROR}
#   - {width: 6}
#   - {precision: '3'}
#   - values: {'null': .nan}
# - name: e_pmDE
[...]
#         unit: &id001 !astropy.units.Unit {unit: deg}
#         value: !astropy.table.SerializedColumn {name: SkyCoord.dec}
#       distance: !astropy.table.SerializedColumn
#         __class__: astropy.coordinates.distances.Distance
#         unit: !astropy.units.Unit {unit: pc}
#         value: !astropy.table.SerializedColumn {name: SkyCoord.distance}
#       frame: icrs
#       obstime: !astropy.time.Time {format: jyear_str, in_subfmt: '*', jd1: 367701545.0, jd2: 0.0, out_subfmt: '*', precision: 3, scale: tt}
#       pm_dec: !astropy.table.SerializedColumn
#         __class__: astropy.units.quantity.Quantity
#         unit: !astropy.units.Unit {unit: mas / yr}
#         value: !astropy.table.SerializedColumn {name: SkyCoord.pm_dec}
#       pm_ra_cosdec: !astropy.table.SerializedColumn
#         __class__: astropy.units.quantity.Quantity
#         unit: !astropy.units.Unit {unit: mas / yr}
#         value: !astropy.table.SerializedColumn {name: SkyCoord.pm_ra_cosdec}
#       ra: !astropy.table.SerializedColumn
#         __class__: astropy.coordinates.angles.Longitude
#         unit: *id001
#         value: !astropy.table.SerializedColumn {name: SkyCoord.ra}
#         wrap_angle: !astropy.coordinates.Angle
#           unit: *id001
#           value: 360.0
#       representation_type: spherical
# schema: astropy-2.0
RA_ICRS_1 DE_ICRS_1 e_RA_ICRS e_DE_ICRS _r_1 HIP TYC2 Source rgeo Plx e_Plx pmRA pmDE e_pmRA e_pmDE RUWE Teff logg Gmag BP-RP BPmag RPmag RV e_RV b_rgeo B_rgeo FG e_FG FBP e_FBP FRP e_FRP RAVE5 RAVE6 e_Gmag e_BPmag e_RPmag e_BP-RP SkyCoord.ra SkyCoord.dec SkyCoord.distance SkyCoord.pm_ra_cosdec SkyCoord.pm_dec
[from data line 242]
357.47148958673 62.77646788844 0.0249 0.0238 4.1442 "" "" 2015975017877982080 2850.19116 0.326 0.0305 -1.38 -0.314 0.034 0.034 1.049 9246.6 3.6299 15.76482 1.28399 16.319471 15.035481 "" "" 2621.0542 3186.48145 9311.47749 3.1882 4051.6 7.9519 7673.0 11.411 "" "" 0.0027802855337316465 0.003510826 0.004109851 0.0076206774 357.47148958673 62.77646788844 2850.19116 -1.3799999999999997 -0.31399999999999995
357.54433138353 62.4574884349 0.0208 0.0232 15.123 "" "" 2012950295755279744 2818.66724 0.3341 0.0278 -4.085 -1.017 0.031 0.033 0.99 "" "" 15.770529 1.119017 16.227755 15.108738 "" "" 2589.87817 3013.58472 9262.64543 2.8084 4408.7 13.116 7172.4 11.481 "" "" 0.002774915537568246 0.00426832 0.004159835 0.0084281545 357.54433138353 62.4574884349 2818.66724 -4.085 -1.017
357.64600619449 62.5136305952 0.0219 0.0229 12.5665 "" "" 2013044471492851072 2793.35938 0.3282 0.0286 -3.339 -1.855 0.032 0.031 1.036 "" "" 15.775752 1.101221 16.235548 15.134327 "" "" 2578.43018 2987.30664 9218.19207 2.7931 4377.2 11.457 7005.3 12.208 "" "" 0.0027748900944758116 0.003982596 0.0042265514 0.0082091475 357.64600619449 62.5136305952 2793.35938 -3.3390000000000004 -1.8550000000000002
357.63989200365 62.96261188133 0.0249 0.0226 15.9787 "" "" 2016083354133703936 2309.27734 0.4069 0.0305 -1.975 -1.403 0.031 0.029 1.071 5035.1 3.5014 15.777787 2.068169 16.833263 14.765095 "" "" 2164.38647 2463.42456 9200.93004 3.2439 2524.1 8.3112 9842.8 10.291 "" "" 0.00278178310149108 0.004534974 0.003946182 0.008481156 357.63989200365 62.96261188133 2309.27734 -1.9750000000000005 -1.4029999999999998
358.01607678136 62.70980972115 0.0231 0.0246 14.9353 "" "" 2013059800241742592 2253.43237 0.4185 0.0296 2.852 -4.946 0.029 0.029 1.071 5247.0 3.2804 15.785645 1.982613 16.783197 14.800585 "" "" 2088.82324 2380.45947 9134.58531 2.9718 2643.2 9.1345 9526.3 10.102 "" "" 0.002777869577825015 0.0046758535 0.003950865 0.008626718 358.01607678136 62.70980972115 2253.43237 2.8520000000000003 -4.946
357.07940857738 62.52146366864 0.0223 0.0245 15.5752 "" "" 2012965414039600000 2425.52197 0.3925 0.0288 -2.123 -2.551 0.03 0.031 1.037 9263.3 4.087 15.792263 1.267748 16.334314 15.066566 "" "" 2267.1709 2600.18994 9079.07061 2.7676 3996.6 12.797 7456.4 13.516 "" "" 0.0027751269060139346 0.004457698 0.004261112 0.00871881 357.07940857738 62.52146366864 2425.52197 -2.123 -2.5510000000000006
357.62840876132 62.72204701224 0.0222 0.0244 4.3581 "" "" 2016064559356981632 2604.97949 0.3669 0.0287 -3.287 -1.64 0.031 0.03 1.024 "" "" 15.794984 1.055036 16.228968 15.173932 "" "" 2437.19434 2802.95337 9056.34908 2.7551 4403.8 14.087 6754.4 12.883 "" "" 0.0027750472918003605 0.0044550374 0.004309555 0.008764593 357.62840876132 62.72204701224 2604.97949 -3.2870000000000004 -1.6400000000000001
357.44684573023 62.94565968718 0.0248 0.0239 14.3137 "" "" 2015989586406923264 2430.8916 0.3811 0.0307 -2.576 0.109 0.03 0.032 0.953 9245.1 3.8138 15.800189 1.29554 16.365246 15.069706 "" "" 2252.16772 2596.32056 9013.0365 3.0466 3884.4 8.9525 7434.9 11.557 "" "" 0.0027796546530869316 0.0037478937 0.0041390876 0.007886982 357.44684573023 62.94565968718 2430.8916 -2.576 0.10899999999999996
357.63320865308 62.81772078848 0.0239 0.0229 7.9445 "" "" 2016068957403433344 2969.63428 0.3142 0.0297 -3.208 -1.756 0.031 0.029 0.98 9360.4 3.6272 15.804727 1.113693 16.2598 15.146107 "" "" 2763.46265 3253.7168 8975.44482 3.087 4280.5 11.021 6929.7 13.33 "" "" 0.0027805101379442736 0.0039496273 0.004318063 0.00826769 357.63320865308 62.81772078848 2969.63428 -3.2079999999999997 -1.7560000000000002
357.30143508659 62.75595244193 0.0241 0.0248 5.5484 "" "" 2015974743000063872 2659.93359 0.3557 0.0301 -3.667 -0.945 0.033 0.036 1.052 9461.6 3.8134 15.809579 1.078547 16.256166 15.177619 "" "" 2461.5481 2834.77515 8935.42272 2.7825 4294.9 7.6178 6731.5 9.1989 "" "" 0.0027759864192699723 0.0033902177 0.0040601864 0.007450404 357.30143508659 62.75595244193 2659.93359 -3.667 -0.9450000000000001
357.16743353857 62.80448502549 0.023 0.024 10.2211 "" "" 2015986283567842944 2208.77271 0.4323 0.0286 0.218 -1.171 0.033 0.036 1.0 9340.1 4.2795 15.821022 1.347765 16.416079 15.068314 "" "" 2081.40063 2347.77905 8841.74244 2.669 3706.7 12.6 7444.5 8.5369 "" "" 0.002774744251786426 0.004626687 0.0039791823 0.0086058695 357.16743353857 62.80448502549 2208.77271 0.21799999999999997 -1.171
357.48114840463 62.69131833799 0.0235 0.0232 0.9894 "" "" 2015970619831552256 2975.63379 0.319 0.0295 -3.269 -1.603 0.034 0.032 1.046 "" "" 15.822887 1.141217 16.291536 15.150319 "" "" 2741.38672 3306.55005 8826.56642 2.8141 4157.2 27.623 6902.9 43.078 "" "" 0.0027769791991253782 0.007735061 0.007758388 0.015493449 357.48114840463 62.69131833799 2975.63379 -3.269 -1.603
357.84654922757 62.53074509225 0.0222 0.0224 14.7809 "" "" 2013044063481775104 2236.83008 0.4276 0.0285 -3.882 -1.68 0.032 0.029 0.97 7166.8 3.775 15.826217 1.260028 16.36895 15.108922 "" "" 2080.28809 2363.35254 8799.5431 2.5827 3871.1 11.049 7171.2 12.547 "" "" 0.0027736868160118597 0.004169948 0.004229938 0.008399886 357.84654922757 62.53074509225 2236.83008 -3.882 -1.6799999999999997
357.46358852624 62.67919902274 0.0237 0.0249 1.7129 "" "" 2015970615526845184 2923.61475 0.3252 0.0312 -3.189 -1.663 0.035 0.035 0.942 9674.7 4.1391 15.826446 1.04497 16.25722 15.21225 "" "" 2698.58472 3214.14258 8797.68879 2.7522 4290.7 10.226 6520.2 7.7115 "" "" 0.002776176091095938 0.0038053738 0.0039915745 0.0077969483 357.46358852624 62.67919902274 2923.61475 -3.189 -1.6630000000000003
357.57851182993 62.62686671141 0.0231 0.023 5.636 "" "" 2013060723649243392 2833.37036 0.3317 0.0292 -2.722 -1.03 0.034 0.031 1.008 9012.6 3.6644 15.833342 1.134692 16.301218 15.166526 "" "" 2637.65112 3073.97974 8741.98665 2.7066 4120.3 8.8362 6800.6 13.98 "" "" 0.002775750149474285 0.0036340859 0.004389228 0.008023314 357.57851182993 62.62686671141 2833.37036 -2.722 -1.03
357.33365923472 62.87291365352 0.0236 0.024 10.6432 "" "" 2015988796132976128 2107.11304 0.4553 0.0299 0.81 -1.04 0.031 0.035 0.996 "" "" 15.83361 1.380157 16.446146 15.06599 "" "" 1930.67297 2250.16211 8739.83183 2.6776 3605.4 8.801 7460.4 8.4666 "" "" 0.002775326091596528 0.0038482973 0.0039751697 0.007823467 357.33365923472 62.87291365352 2107.11304 0.81 -1.04
357.38607579482 62.4893850175 0.0219 0.0229 13.3005 "" "" 2012962184224710144 2425.44336 0.3892 0.0289 -4.201 -3.126 0.031 0.031 1.01 7435.3 4.0577 15.839786 1.540138 16.550404 15.010265 "" "" 2268.17798 2566.48584 8690.2547 2.9316 3275.3 8.6411 7853.3 9.3648 "" "" 0.002779557544393537 0.00399877 0.0039949953 0.007993765 357.38607579482 62.4893850175 2425.44336 -4.201 -3.1260000000000003
357.64901004446 62.67200182097 0.0308 0.0325 5.285 "" "" 2013061135972844416 2133.9397 0.4485 0.04 -3.931 0.021 0.042 0.04 1.268 5136.6 3.5734 15.855198 1.879069 16.545708 14.666638 "" "" 1976.3125 2285.93042 8567.76701 6.0804 3289.5 96.722 10777.0 232.06 "" "" 0.002861031959253762 0.03204587 0.023682553 0.055728424 357.64901004446 62.67200182097 2133.9397 -3.9310000000000005 0.02099999999999999
357.10780769528 62.71980331151 0.0243 0.0264 10.0785 "" "" 2015973712207910400 2154.51489 0.4443 0.0312 -0.936 -0.245 0.034 0.036 1.144 9912.7 4.2498 15.856953 1.399541 16.468916 15.069375 "" "" 2044.79932 2323.21118 8553.92663 3.0353 3530.6 10.415 7437.2 8.4959 "" "" 0.002782124927869766 0.0042477315 0.0039776945 0.008225426 357.10780769528 62.71980331151 2154.51489 -0.936 -0.24499999999999997
357.62752683293 62.94709715804 0.0258 0.0233 14.9903 "" "" 2016082593912823936 2787.53003 0.3371 0.0313 -2.903 -1.35 0.032 0.029 0.98 9650.9 3.7918 15.865778 1.171605 16.355928 15.184323 "" "" 2568.13354 3088.20654 8484.68331 2.9362 3917.8 7.4652 6690.0 13.167 "" "" 0.00278082027634324 0.0034734823 0.0043416684 0.007815151 357.62752683293 62.94709715804 2787.53003 -2.903 -1.35
357.00893912494 62.6391763673 0.0223 0.0256 13.4272 "" "" 2015972269098553088 2904.5564 0.323 0.0298 -3.286 -1.858 0.031 0.032 0.989 "" "" 15.866063 1.05936 16.306778 15.247417 "" "" 2658.76147 3208.96777 8482.45198 2.7616 4099.3 10.387 6312.4 9.7112 "" "" 0.0027779015165938312 0.0039183595 0.0041320375 0.008050397 357.00893912494 62.6391763673 2904.5564 -3.286 -1.858
357.4629373486 62.86093701203 0.0242 0.0231 9.2164 "" "" 2015988143297971456 2587.25562 0.3688 0.0296 -3.656 -1.495 0.032 0.032 0.954 9142.4 4.1128 15.87005 1.603809 16.610634 15.006825 "" "" 2427.13818 2794.34912 8451.36236 2.9605 3098.6 11.228 7878.2 12.026 "" "" 0.002781445969631656 0.0048232055 0.0041268137 0.008950019 357.4629373486 62.86093701203 2587.25562 -3.656 -1.495
357.58175846753 62.8007957073 0.0266 0.0244 6.3474 "" "" 2016068923043699968 2281.61304 0.414 0.0323 -6.799 -2.366 0.034 0.031 1.042 8258.3 3.506 15.877185 1.430775 16.515425 15.08465 "" "" 2143.67554 2410.9541 8396.00749 3.1905 3382.6 8.4444 7333.3 12.197 "" "" 0.0027860389945046373 0.0038899386 0.004188647 0.008078585 357.58175846753 62.8007957073 2281.61304 -6.799000000000001 -2.3660000000000005
357.58382270581 62.770919791 0.025 0.0246 4.8748 "" "" 2016065693228316672 2646.65088 0.3454 0.031 -2.551 0.273 0.033 0.031 1.028 5004.5 3.3735 15.877943 2.160932 16.994957 14.834024 "" "" 2447.19214 2874.97168 8390.148 3.5946 2174.9 8.7238 9237.4 11.045 "" "" 0.0027943095943696525 0.0051721656 0.003996128 0.009168293 357.58382270581 62.770919791 2646.65088 -2.5509999999999997 0.27299999999999996
357.6722688353 62.92008298395 0.0244 0.0225 13.8785 "" "" 2016070537951326848 2960.75122 0.3155 0.0297 -3.77 -0.807 0.031 0.028 0.968 9427.1 3.7064 15.880829 1.109916 16.34437 15.234454 "" "" 2727.6748 3297.27588 8367.87463 2.8662 3959.8 11.186 6388.2 12.299 "" "" 0.0027803043540293036 0.004146331 0.0043189377 0.008465269 357.6722688353 62.92008298395 2960.75122 -3.7700000000000005 -0.807
357.69664781434 62.64412691332 0.0232 0.0239 7.2306 "" "" 2013060831033897728 2444.88379 0.3779 0.0302 -3.257 -1.615 0.031 0.03 0.984 5133.6 3.5705 15.886498 1.958021 16.867422 14.909401 "" "" 2264.2876 2635.00195 8324.30038 2.8963 2446.0 6.1197 8617.8 9.4421 "" "" 0.0027810959624982937 0.003894101 0.003962177 0.007856278 357.69664781434 62.64412691332 2444.88379 -3.2570000000000006 -1.615
356.93444235972 62.75068218348 0.0234 0.025 15.0378 "" "" 2015980652874561280 2646.38354 0.3499 0.0299 -3.061 -1.576 0.031 0.032 1.041 9454.4 3.9807 15.889173 1.356308 16.483175 15.126867 "" "" 2444.93921 2848.87622 8303.81608 2.8371 3484.6 15.502 7053.6 20.202 "" "" 0.002780179313104805 0.0055781025 0.00489423 0.010472333 356.93444235972 62.75068218348 2646.38354 -3.061 -1.5759999999999998
357.47469059207 62.7757385878 0.0254 0.0253 4.1003 "" "" 2015974944852175488 2732.64648 0.3494 0.0316 -1.512 -0.705 0.035 0.038 0.987 9848.5 3.8127 15.890909 1.277659 16.407171 15.129513 "" "" 2469.94849 2961.20776 8290.54152 3.5514 3737.2 14.029 7036.4 28.763 "" "" 0.0027942981381621997 0.0049392884 0.0058293603 0.010768648 357.47469059207 62.7757385878 2732.64648 -1.512 -0.7050000000000001
357.31944436649 62.81237609234 0.0363 0.034 7.5832 "" "" 2015987593544916608 2349.33447 0.4062 0.0435 -2.548 -1.352 0.049 0.048 1.392 "" "" 15.904489 1.438005 16.206818 14.768812 "" "" 2126.17163 2551.54883 8187.49733 5.8429 4494.6 76.142 9809.2 172.65 "" "" 0.0028621910369875173 0.018603634 0.019479992 0.038083628 357.31944436649 62.81237609234 2349.33447 -2.5480000000000005 -1.352
357.3328051097 62.68884073098 0.0232 0.0258 4.0215 "" "" 2015971169587337344 2535.46533 0.3614 0.0301 -3.793 -2.449 0.032 0.038 1.029 9183.1 4.0499 15.907497 1.64057 16.676176 15.035606 "" "" 2370.50708 2711.60132 8164.84076 2.8131 2917.1 8.9553 7672.1 10.587 "" "" 0.0027805976883630646 0.0043468205 0.0040655215 0.0084123425 357.3328051097 62.68884073098 2535.46533 -3.7930000000000006 -2.4490000000000003
357.08518538954 62.52144128912 0.0242 0.0265 15.4654 "" "" 2012965414039600512 2913.0625 0.3297 0.0311 -3.445 -1.326 0.032 0.033 1.042 9305.8 3.7975 15.913713 1.199384 16.425224 15.225841 "" "" 2679.07617 3223.78174 8118.22828 2.798 3675.6 9.4172 6439.1 9.6818 "" "" 0.002780614959998864 0.0039399457 0.0041168933 0.008056839 357.08518538954 62.52144128912 2913.0625 -3.444999999999999 -1.3259999999999998
357.36548653672 62.49835003712 0.0238 0.0247 12.891 "" "" 2012962940138946816 2572.39917 0.3597 0.0311 -3.664 -1.804 0.033 0.034 0.967 7705.3 4.1475 15.914434 1.469617 16.583925 15.114308 "" "" 2361.1438 2764.90601 8112.84452 2.6889 3175.8 9.569 7135.7 8.9885 "" "" 0.0027787198471220746 0.0042996868 0.004019228 0.008318914 357.36548653672 62.49835003712 2572.39917 -3.664 -1.8040000000000003
357.89987580654 62.80108430068 0.0325 0.0305 12.9979 "" "" 2013064297057745536 2889.6272 0.332 0.0395 -3.811 -1.779 0.039 0.034 1.2 9733.5 4.3582 15.917157 1.064596 16.340277 15.275681 "" "" 2570.21387 3217.41968 8092.52109 3.3411 3974.7 14.527 6150.2 18.886 "" "" 0.0027915455172323263 0.0048509617 0.005039818 0.00989078 357.89987580654 62.80108430068 2889.6272 -3.811 -1.779
357.67085765942 62.6044959945 0.0232 0.0252 8.2336 "" "" 2013057566858796160 2464.1416 0.382 0.0307 0.139 -1.004 0.033 0.032 0.997 7778.6 4.041 15.925547 1.413933 16.5605 15.146566 "" "" 2312.59546 2637.06104 8030.23228 2.816 3245.0 6.6555 6926.8 7.3937 "" "" 0.0027815018543306145 0.003569859 0.003953078 0.007522937 357.67085765942 62.6044959945 2464.1416 0.13900000000000004 -1.0040000000000002
357.73020313097 62.52278896608 0.0244 0.0262 13.1528 "" "" 2013044407079133696 2148.33984 0.44 0.0314 -4.384 -1.777 0.035 0.034 1.08 8130.2 4.4135 15.943082 1.2427 16.478237 15.235538 "" "" 2015.86047 2298.17993 7901.58128 2.7192 3500.4 10.602 6381.8 11.599 "" "" 0.0027805386189310413 0.0043126685 0.0042635426 0.008576211 357.73020313097 62.52278896608 2148.33984 -4.3839999999999995 -1.7770000000000001
357.66700093717 62.8608542529 0.0249 0.0242 10.6323 "" "" 2016069399773092224 2869.42847 0.3267 0.031 -2.771 -1.385 0.032 0.03 0.985 9309.2 3.5554 15.945828 1.268383 16.48631 15.217926 "" "" 2578.45801 3135.63306 7881.62642 2.8691 3474.5 7.8903 6486.2 12.282 "" "" 0.0027835228049154915 0.0037234812 0.0043023797 0.00802586 357.66700093717 62.8608542529 2869.42847 -2.771 -1.3849999999999998
357.75392661751 62.47810831542 0.0241 0.0248 15.7917 "" "" 2013043616805235328 2323.60229 0.4121 0.0301 -1.735 -0.212 0.033 0.032 0.989 "" "" 15.948695 1.323591 16.534966 15.211374 "" "" 2136.16626 2521.63354 7860.83487 21.814 3322.2 29.278 6525.4 56.512 "" "" 0.004082844029159927 0.009966925 0.010133935 0.02010086 357.75392661751 62.47810831542 2323.60229 -1.7350000000000003 -0.21199999999999997
357.92436008126 62.74466573706 0.0234 0.0244 12.6039 "" "" 2013063167496040448 2821.6377 0.3338 0.0295 -6.233 -0.667 0.03 0.03 1.052 7412.4 4.067 15.957123 1.526806 16.658464 15.131659 "" "" 2630.29736 3093.28931 7800.05471 2.7691 2965.0 10.786 7022.5 11.759 "" "" 0.002782150106171552 0.0048357924 0.004193923 0.009029715 357.92436008126 62.74466573706 2821.6377 -6.233 -0.6669999999999999
357.43556709874 62.65941181526 0.0258 0.026 3.0604 "" "" 2015970512447580928 2447.32617 0.3848 0.0321 -4.76 -1.239 0.038 0.038 0.979 9487.0 4.2083 15.960395 1.23131 16.487883 15.256573 "" "" 2255.46826 2638.71997 7776.58321 2.5423 3469.5 8.1695 6259.4 10.3 "" "" 0.0027780885622500206 0.0037843036 0.004180393 0.007964697 357.43556709874 62.65941181526 2447.32617 -4.76 -1.239
357.48500990406 62.68772410207 0.0267 0.0255 1.2245 "" "" 2015970619831556992 3026.74487 0.3098 0.0326 -3.234 -1.685 0.032 0.037 0.993 9401.5 3.9674 15.963621 1.175165 16.456318 15.281153 "" "" 2751.60327 3318.90845 7753.50663 2.803 3571.8 27.557 6119.2 12.258 "" "" 0.002783137160464756 0.008829094 0.00436052 0.013189614 357.48500990406 62.68772410207 3026.74487 -3.2339999999999995 -1.685
