Clusters/King_21/King_21_stars_in_region.tsv
# %ECSV 1.0
# ---
# datatype:
# - name: RA_ICRS_1
#   unit: deg
#   datatype: float64
#   format: '{:15.11f}'
#   description: Right ascension (ICRS) at Ep=2016.0 (ra)
#   meta: !!omap
#   - {ucd: POS_EQ_RA_MAIN}
#   - {width: 15}
#   - {precision: '11'}
# - name: DE_ICRS_1
#   unit: deg
#   datatype: float64
#   format: '{:15.11f}'
#   description: Declination (ICRS) at Ep=2016.0 (dec)
#   meta: !!omap
#   - {ucd: POS_EQ_DEC_MAIN}
#   - {width: 15}
#   - {precision: '11'}
# - name: e_RA_ICRS
#   unit: mas
#   datatype: float64
#   format: '{:7.4f}'
#   description: Standard error of right ascension (ra_error)
#   meta: !!omap
#   - {ucd: ERROR}
#   - {width: 7}
#   - {precision: '4'}
# - name: e_DE_ICRS
#   unit: mas
#   datatype: float64
#   format: '{:7.4f}'
#   description: Standard error of declination (dec_error)
#   meta: !!omap
#   - {ucd: ERROR}
#   - {width: 7}
#   - {precision: '4'}
# - name: _r_1
#   unit: ''
#   datatype: float64
#   format: '{:7.4f}'
#   description: Distance from center (357.47321685000+62.70740277000)[ICRS], at Epoch=J2016.0
#   meta: !!omap
#   - {ucd: POS_ANG_DIST_GENERAL}
#   - {width: 7}
#   - {precision: '4'}
# - name: HIP
#   datatype: int32
#   description: '? HIP cross-id number, van Leeuwen, Cat. I/311 (hip_original_ext_source_id)'
#   meta: !!omap
#   - {ucd: ID_NUMBER}
#   - {width: 6}
#   - values: {'null': -2147483648}
# - name: TYC2
#   datatype: string
#   description: Tycho-2 cross-id name, Hog et al., Cat. I/259 (tyc2_original_ext_source_id)
#   meta: !!omap
#   - {ucd: ID_CROSSID}
#   - {_votable_string_dtype: char}
# - name: Source
#   datatype: int64
#   description: Source identifier, identical to the Gaia-EDR3 source_id (id)
#   meta: !!omap
#   - {ucd: ID_MAIN}
#   - {width: 19}
# - name: rgeo
#   unit: pc
#   datatype: float64
#   format: '{:15.8f}'
#   description: '? Median of the geometric distance posterior (r_med_geo)'
#   meta: !!omap
#   - {ucd: PHYS_DISTANCE_TRUE}
#   - {width: 15}
#   - {precision: '8'}
#   - values: {'null': .nan}
# - name: Plx
#   unit: mas
#   datatype: float64
#   format: '{:9.4f}'
#   description: '? Parallax (parallax)'
#   meta: !!omap
#   - {ucd: POS_PARLX_TRIG}
#   - {width: 9}
#   - {precision: '4'}
#   - values: {'null': .nan}
# - name: e_Plx
#   unit: mas
#   datatype: float32
#   format: '{:7.4f}'
#   description: '? Standard error of parallax (parallax_error)'
#   meta: !!omap
#   - {ucd: ERROR}
#   - {width: 7}
#   - {precision: '4'}
#   - values: {'null': .nan}
# - name: pmRA
#   unit: mas / yr
#   datatype: float64
#   format: '{:9.3f}'
#   description: '? Proper motion in right ascension direction, pmRA*cosDE (pmra)'
#   meta: !!omap
#   - {ucd: POS_EQ_PMRA}
#   - {width: 9}
#   - {precision: '3'}
#   - values: {'null': .nan}
# - name: pmDE
#   unit: mas / yr
#   datatype: float64
#   format: '{:9.3f}'
#   description: '? Proper motion in declination direction (pmdec)'
#   meta: !!omap
#   - {ucd: POS_EQ_PMDEC}
#   - {width: 9}
#   - {precision: '3'}
#   - values: {'null': .nan}
# - name: e_pmRA
#   unit: mas / yr
#   datatype: float32
#   format: '{:6.3f}'
#   description: '? Standard error of proper motion in right ascension direction (pmra_error)'
#   meta: !!omap
#   - {ucd: ERROR}
#   - {width: 6}
#   - {precision: '3'}
#   - values: {'null': .nan}
# - name: e_pmDE
[...]
#         unit: &id001 !astropy.units.Unit {unit: deg}
#         value: !astropy.table.SerializedColumn {name: SkyCoord.dec}
#       distance: !astropy.table.SerializedColumn
#         __class__: astropy.coordinates.distances.Distance
#         unit: !astropy.units.Unit {unit: pc}
#         value: !astropy.table.SerializedColumn {name: SkyCoord.distance}
#       frame: icrs
#       obstime: !astropy.time.Time {format: jyear_str, in_subfmt: '*', jd1: 367701545.0, jd2: 0.0, out_subfmt: '*', precision: 3, scale: tt}
#       pm_dec: !astropy.table.SerializedColumn
#         __class__: astropy.units.quantity.Quantity
#         unit: !astropy.units.Unit {unit: mas / yr}
#         value: !astropy.table.SerializedColumn {name: SkyCoord.pm_dec}
#       pm_ra_cosdec: !astropy.table.SerializedColumn
#         __class__: astropy.units.quantity.Quantity
#         unit: !astropy.units.Unit {unit: mas / yr}
#         value: !astropy.table.SerializedColumn {name: SkyCoord.pm_ra_cosdec}
#       ra: !astropy.table.SerializedColumn
#         __class__: astropy.coordinates.angles.Longitude
#         unit: *id001
#         value: !astropy.table.SerializedColumn {name: SkyCoord.ra}
#         wrap_angle: !astropy.coordinates.Angle
#           unit: *id001
#           value: 360.0
#       representation_type: spherical
# schema: astropy-2.0
RA_ICRS_1 DE_ICRS_1 e_RA_ICRS e_DE_ICRS _r_1 HIP TYC2 Source rgeo Plx e_Plx pmRA pmDE e_pmRA e_pmDE RUWE Teff logg Gmag BP-RP BPmag RPmag RV e_RV b_rgeo B_rgeo FG e_FG FBP e_FBP FRP e_FRP RAVE5 RAVE6 e_Gmag e_BPmag e_RPmag e_BP-RP SkyCoord.ra SkyCoord.dec SkyCoord.distance SkyCoord.pm_ra_cosdec SkyCoord.pm_dec
[from data line 446]
357.41080553382 62.62674761193 0.0329 0.0349 5.1357 "" "" 2012967647423027200 2481.74561 0.3888 0.0426 -4.605 -3.658 0.048 0.05 0.984 7487.5 4.2228 16.572958 1.587174 17.309294 15.72212 "" "" 2235.82471 2762.7771 4423.47779 2.0809 1628.2 6.6572 4076.7 7.5323 "" "" 0.002802259607164397 0.005243268 0.0042787837 0.009522052 357.41080553382 62.62674761193 2481.74561 -4.6049999999999995 -3.6579999999999995
357.57622446304 62.79608634655 0.0407 0.0743 6.0266 "" "" 2016068923043702912 2831.9397 0.3546 0.0562 -3.163 -1.432 0.05 0.082 1.016 "" "" 16.573603 "" "" "" "" "" 2382.45239 3297.96729 4420.85146 2.8467 "" "" "" "" "" "" 0.002842635562840324 "" "" "" 357.57622446304 62.79608634655 2831.9397 -3.1630000000000003 -1.432
357.86758196748 62.76898147767 0.0368 0.0337 11.4509 "" "" 2013064232648453760 2237.7312 0.4265 0.0431 -4.389 -1.152 0.044 0.042 0.959 7637.3 4.3886 16.57811 1.446103 17.23222 15.786117 "" "" 2034.80872 2531.78735 4402.53635 2.2611 1748.0 9.159 3843.4 8.2068 "" "" 0.002811180078094229 0.006336326 0.0044337977 0.010770123 357.86758196748 62.76898147767 2237.7312 -4.389 -1.152
357.39965461949 62.61079355888 0.0342 0.0378 6.1408 "" "" 2012967441264606592 2490.46509 0.3954 0.0445 -2.157 -1.472 0.049 0.053 0.982 8487.0 4.2512 16.578323 1.443674 17.228088 15.784414 "" "" 2239.00903 2767.43652 4401.67052 3.1443 1754.6 10.136 3849.4 13.428 "" "" 0.0028623985029685847 0.0068647107 0.005350535 0.0122152455 357.39965461949 62.61079355888 2490.46509 -2.1569999999999996 -1.472
357.82805676256 62.55218949835 0.033 0.0334 13.5104 "" "" 2013044922475193088 2588.59741 0.3636 0.0421 -0.037 -0.229 0.046 0.046 0.977 7223.2 4.337 16.579042 1.375883 17.198856 15.822973 "" "" 2300.68677 2927.44629 4398.7543 2.1206 1802.5 7.3984 3715.1 8.769 "" "" 0.0028045965346845773 0.0052578314 0.004566327 0.009824159 357.82805676256 62.55218949835 2588.59741 -0.037000000000000005 -0.22899999999999998
357.10089336087 62.87197783037 0.0343 0.0348 14.2073 "" "" 2015990578533238144 2640.15405 0.3556 0.0425 -3.803 -1.0 0.045 0.052 0.963 7961.3 4.2966 16.5826 1.676687 17.314774 15.638086 "" "" 2375.78149 2907.39624 4384.36932 2.34 1620.0 24.2 4404.8 28.223 "" "" 0.0028155955059152044 0.016457269 0.007917005 0.024374273 357.10089336087 62.87197783037 2640.15405 -3.8029999999999995 -1.0
357.3416201024 62.594034612 0.0333 0.0367 7.7089 "" "" 2012967303825655552 2287.45166 0.4244 0.0443 -1.381 -0.844 0.048 0.052 0.994 7564.9 4.1524 16.58418 1.5577 17.30685 15.74915 "" "" 2045.81421 2533.27075 4377.98866 2.1901 1631.8 9.555 3976.5 9.7755 "" "" 0.002808343453821776 0.0069428505 0.0046268497 0.0115697 357.3416201024 62.594034612 2287.45166 -1.3809999999999996 -0.8440000000000001
357.64109371706 62.57790658803 0.0352 0.0349 9.044 "" "" 2013057395060128128 2243.93018 0.4349 0.0455 -2.853 -1.247 0.048 0.045 1.002 7438.7 4.3305 16.586468 1.544503 17.30386 15.759357 "" "" 2020.68079 2545.09814 4368.7779 2.0728 1636.3 8.681 3939.3 8.0606 "" "" 0.0028030615890226184 0.00640031 0.0043839924 0.010784302 357.64109371706 62.57790658803 2243.93018 -2.8529999999999998 -1.2469999999999999
357.65476269537 62.58799558009 0.0377 0.0376 8.7394 "" "" 2013057498139335808 2088.11157 0.462 0.0468 -4.642 -1.604 0.053 0.05 1.105 6813.8 4.3352 16.587143 1.616191 17.326977 15.710786 "" "" 1925.73572 2312.05469 4366.05752 3.287 1601.9 6.399 4119.5 12.24 "" "" 0.002874009727978891 0.0051570944 0.004968969 0.010126064 357.65476269537 62.58799558009 2088.11157 -4.6419999999999995 -1.6039999999999996
358.00424485954 62.6830720282 0.0352 0.0341 14.6884 "" "" 2013058975608053760 3006.43555 0.3198 0.0425 2.15 1.303 0.045 0.042 1.027 6397.2 4.0183 16.589596 1.868703 17.51045 15.641747 "" "" 2676.62012 3387.50146 4356.20923 2.1228 1352.8 7.1933 4389.9 7.8361 "" "" 0.0028056584465511744 0.006412116 0.004247334 0.01065945 358.00424485954 62.6830720282 3006.43555 2.1499999999999995 1.303
357.67566109808 62.8073024492 0.037 0.0342 8.1758 "" "" 2016066071185424640 2834.60522 0.3313 0.0454 -2.138 -2.538 0.045 0.043 0.984 7703.0 4.1632 16.589981 1.778327 17.449574 15.671247 "" "" 2573.33447 3176.21167 4354.65902 2.224 1430.8 7.8993 4272.3 8.047 "" "" 0.002810563007846467 0.0066118026 0.0042971866 0.010908989 357.67566109808 62.8073024492 2834.60522 -2.1379999999999995 -2.5380000000000003
357.43257032507 62.72130574908 0.038 0.0381 1.3949 "" "" 2015971684983398528 2802.14307 0.3422 0.0468 -3.121 -1.844 0.049 0.052 1.117 "" "" 16.590176 1.353416 17.185234 15.831819 "" "" 2479.31616 3197.23901 4353.87779 2.2717 1825.3 8.2613 3684.9 6.9822 "" "" 0.0028129540214243843 0.005650912 0.004303031 0.009953943 357.43257032507 62.72130574908 2802.14307 -3.1210000000000004 -1.8440000000000003
357.25552346828 62.62297594466 0.0332 0.0366 7.8507 "" "" 2015968764405701632 3089.39453 0.3009 0.042 -0.891 0.029 0.048 0.055 1.005 9299.8 4.0943 16.593073 1.523969 17.294308 15.770339 "" "" 2687.98486 3635.51099 4342.2749 2.2531 1650.8 6.7652 3899.6 8.8803 "" "" 0.002812323951489255 0.0052519552 0.004516288 0.009768244 357.25552346828 62.62297594466 3089.39453 -0.891 0.029
357.30460797413 62.60216613744 0.0337 0.0358 7.8399 "" "" 2012967544343815168 2637.64673 0.3635 0.0442 -0.657 -1.077 0.046 0.048 1.059 "" "" 16.594267 1.3603 17.200174 15.839874 "" "" 2351.15747 3009.49951 4337.50149 2.1215 1800.3 8.3982 3657.7 9.0068 "" "" 0.002806028065268439 0.0057825292 0.0046294215 0.010411951 357.30460797413 62.60216613744 2637.64673 -0.657 -1.077
357.51478503612 62.87048296492 0.036 0.0352 9.8511 "" "" 2015976525400227840 2691.5249 0.3463 0.0449 -3.498 -1.681 0.045 0.046 0.973 "" "" 16.59549 1.320162 17.172411 15.852249 "" "" 2419.13721 3034.79492 4332.62246 2.0305 1846.9 7.727 3616.2 8.1816 "" "" 0.002801910387738722 0.0053309533 0.0045075417 0.009838495 357.51478503612 62.87048296492 2691.5249 -3.498 -1.681
357.75937570593 62.81478184457 0.0368 0.0326 10.1619 "" "" 2016066208624384512 2510.97461 0.3823 0.0433 -2.573 -0.054 0.044 0.04 1.011 8286.4 4.2139 16.596107 1.711864 17.404705 15.692841 "" "" 2248.77148 2777.56274 4330.15546 2.0185 1491.2 7.2484 4188.1 10.882 "" "" 0.0028014179013481303 0.0059697027 0.004716168 0.01068587 357.75937570593 62.81478184457 2510.97461 -2.573 -0.05399999999999999
357.4509447262 62.54926301956 0.0338 0.0348 9.5083 "" "" 2012963627333691136 2864.30933 0.341 0.0443 -2.73 -1.391 0.051 0.051 0.979 9245.4 3.7013 16.59877 1.556245 17.310125 15.75388 "" "" 2483.42163 3341.19971 4319.55034 2.3381 1626.9 8.7366 3959.2 9.9209 "" "" 0.002817298314685464 0.006463729 0.0046567693 0.011120498 357.4509447262 62.54926301956 2864.30933 -2.7299999999999995 -1.391
356.96218672415 62.69575192478 0.0331 0.034 14.0796 "" "" 2015973609128266624 2649.44922 0.3533 0.0412 -2.964 -1.377 0.043 0.043 0.917 9299.3 4.1496 16.59924 1.310279 17.1685 15.858222 "" "" 2426.87793 3002.13623 4317.68397 1.9296 1853.6 8.6611 3596.4 10.815 "" "" 0.0027977187271002717 0.0057898476 0.0049943905 0.010784239 356.96218672415 62.69575192478 2649.44922 -2.9639999999999995 -1.3770000000000002
357.57290941894 62.96762484948 0.038 0.0325 15.8503 "" "" 2016083491572644864 2124.71655 0.474 0.0446 -3.932 -1.767 0.044 0.04 1.021 9304.6 4.2751 16.603014 1.467593 17.270596 15.803002 "" "" 1905.03918 2305.33594 4302.70294 1.96 1687.2 7.5804 3784.1 7.6885 "" "" 0.002799357348816988 0.0056196814 0.004376084 0.009995766 357.57290941894 62.96762484948 2124.71655 -3.932 -1.767
357.20935698271 62.58181986751 0.0343 0.0373 10.4737 "" "" 2012966032515327360 2791.72412 0.3391 0.045 -1.309 -1.315 0.047 0.052 1.047 8984.1 4.2526 16.604853 1.382263 17.219213 15.83695 "" "" 2435.92627 3299.49243 4295.42094 2.2435 1769.0 9.9404 3667.6 11.238 "" "" 0.0028130711980306434 0.0067087356 0.0050350334 0.011743769 357.20935698271 62.58181986751 2791.72412 -1.3090000000000002 -1.3150000000000002
357.04836353733 62.72790662578 0.0332 0.0344 11.7491 "" "" 2015985497598154368 3045.37061 0.3134 0.0411 -3.299 -1.132 0.044 0.048 0.987 9623.0 4.3824 16.607067 1.238363 17.140135 15.901772 "" "" 2707.29688 3442.91602 4286.67078 2.0841 1902.7 6.4908 3455.0 9.361 "" "" 0.002805428790829002 0.004637184 0.0047892933 0.009426477 357.04836353733 62.72790662578 3045.37061 -3.299 -1.132
357.52754969334 62.491011143 0.0336 0.0361 13.0699 "" "" 2012962390383157632 2321.72217 0.4244 0.0434 -0.552 -0.309 0.048 0.051 1.001 7154.5 4.3574 16.614656 1.471817 17.286753 15.814936 "" "" 2105.77808 2530.36987 4256.80636 2.0654 1662.3 7.0489 3742.7 10.852 "" "" 0.0028052283496373645 0.005383489 0.004918769 0.010302259 357.52754969334 62.491011143 2321.72217 -0.552 -0.309
357.02762847801 62.66112640484 0.0347 0.0373 12.5789 "" "" 2015972543976435968 2510.80054 0.3981 0.0444 -2.284 -0.625 0.048 0.05 0.983 8544.9 4.4627 16.616966 1.504733 17.307755 15.803021 "" "" 2206.16333 2863.44702 4247.76114 2.2202 1630.5 7.1809 3784.0 7.2985 "" "" 0.0028131533054753556 0.005536218 0.0043207835 0.009857002 357.02762847801 62.66112640484 2510.80054 -2.284 -0.625
357.72653224977 62.55113623927 0.0399 0.0363 11.6934 "" "" 2013044681956996224 2403.5498 0.3956 0.0465 0.314 -1.87 0.05 0.047 1.017 6220.5 4.2725 16.626846 1.540079 17.316158 15.776079 "" "" 2193.42798 2644.0625 4209.28109 2.2229 1617.9 10.524 3879.1 15.911 "" "" 0.002814346208095157 0.007593603 0.0058409264 0.013434529 357.72653224977 62.55113623927 2403.5498 0.31399999999999995 -1.8699999999999999
357.93315938782 62.61631091732 0.0336 0.0348 13.8017 "" "" 2013046743541260288 2307.7793 0.4134 0.0441 -3.257 -1.606 0.045 0.043 0.983 6901.0 4.3326 16.627094 1.518562 17.327076 15.808514 "" "" 2080.18506 2604.22656 4208.31951 2.1225 1601.7 5.4163 3764.9 7.3336 "" "" 0.0028092089494563344 0.00461141 0.0043308767 0.008942287 357.93315938782 62.61631091732 2307.7793 -3.257 -1.6060000000000003
357.48302166773 62.85820105934 0.0368 0.0343 9.0519 "" "" 2015976495346669696 3012.73608 0.309 0.0453 -2.235 -0.615 0.045 0.046 0.953 9453.0 4.2705 16.63044 1.272835 17.179985 15.90715 "" "" 2689.08911 3385.823 4195.37527 2.0208 1834.1 8.2337 3437.9 7.664 "" "" 0.0028045119223916713 0.005616236 0.0044879895 0.010104226 357.48302166773 62.85820105934 3012.73608 -2.2349999999999994 -0.615
357.85710582454 62.51256549442 0.0342 0.0345 15.7779 "" "" 2013043857323377792 2482.01953 0.3847 0.0439 -1.325 -4.086 0.049 0.045 1.001 7408.0 4.3024 16.631971 1.434663 17.280375 15.845712 "" "" 2234.43579 2753.44531 4189.4593 2.0035 1672.1 10.147 3638.1 7.2581 "" "" 0.002803815992375793 0.007155139 0.004356098 0.011511236 357.85710582454 62.51256549442 2482.01953 -1.3250000000000002 -4.086
357.49428122479 62.69302601693 0.0333 0.0339 1.0393 "" "" 2015970722910768128 2895.90527 0.3253 0.042 -3.362 -1.603 0.044 0.047 0.96 9368.3 4.3179 16.633055 1.273027 17.190382 15.917356 "" "" 2635.73413 3240.77563 4185.28006 2.0861 1816.6 13.324 3405.8 10.281 "" "" 0.002807962964041006 0.008438075 0.005002562 0.013440637 357.49428122479 62.69302601693 2895.90527 -3.3620000000000005 -1.6030000000000002
357.70657033601 62.94351386169 0.0389 0.0339 15.5429 "" "" 2016082666938959104 2682.03613 0.3602 0.0462 -3.537 -1.155 0.046 0.043 0.981 7995.3 4.2283 16.63312 1.319758 17.211216 15.891458 "" "" 2416.45508 3019.29517 4185.0308 2.162 1782.1 7.0752 3488.0 7.2785 "" "" 0.0028118307667535695 0.005134758 0.0044064526 0.009541211 357.70657033601 62.94351386169 2682.03613 -3.536999999999999 -1.1549999999999998
357.77205013728 62.50699350974 0.0347 0.0354 14.5822 "" "" 2013043891683096064 2668.29785 0.3606 0.0434 0.913 -3.05 0.05 0.047 0.944 6515.6 4.084 16.633379 1.625208 17.401762 15.776554 "" "" 2434.84595 2939.61768 4184.03458 1.9943 1495.2 9.325 3877.4 7.5528 "" "" 0.0028034990601721373 0.0073236558 0.004330885 0.011654541 357.77205013728 62.50699350974 2668.29785 0.9129999999999999 -3.0499999999999994
357.17756463354 62.90786610118 0.0388 0.0352 14.5045 "" "" 2015990788997755392 2429.02612 0.4041 0.045 -3.519 -1.696 0.048 0.05 1.004 9362.8 4.3624 16.63654 1.359696 17.244753 15.885056 "" "" 2211.56689 2886.82959 4171.86984 2.2775 1727.9 7.1553 3508.6 7.7071 "" "" 0.00281835238904909 0.005291478 0.004468979 0.009760456 357.17756463354 62.90786610118 2429.02612 -3.5189999999999997 -1.6960000000000002
357.96547889137 62.668203837 0.0345 0.0364 13.7547 "" "" 2013058941248323968 2176.13916 0.438 0.0445 -0.543 -0.106 0.045 0.043 1.025 9438.9 4.2071 16.639618 1.512521 17.312794 15.800273 "" "" 1945.06238 2403.67383 4160.05908 2.2863 1622.9 8.0018 3793.6 9.8981 "" "" 0.0028191919928693323 0.006036778 0.0047232197 0.010759998 357.96547889137 62.668203837 2176.13916 -0.5430000000000001 -0.10600000000000001
357.73597142026 62.69096500135 0.0345 0.0343 7.2979 "" "" 2013061552588353024 2308.53491 0.4129 0.0429 -4.464 -1.559 0.044 0.043 1.006 7555.1 4.4156 16.641033 1.475718 17.315502 15.839785 "" "" 2071.97754 2513.76294 4154.6384 1.9662 1618.9 7.0973 3658.0 7.9562 "" "" 0.002802821762401432 0.0055173957 0.0044564973 0.009973893 357.73597142026 62.69096500135 2308.53491 -4.464 -1.5589999999999997
357.60558639426 62.50531214572 0.0356 0.0367 12.6641 "" "" 2013044510158336768 2885.20825 0.3157 0.0463 -4.355 -1.831 0.052 0.05 1.017 7671.4 4.4055 16.641802 1.438018 17.294817 15.856799 "" "" 2584.42798 3216.01709 4151.70283 2.1786 1650.0 5.8468 3601.1 8.335 "" "" 0.0028136082400388195 0.0047525717 0.004538608 0.0092911795 357.60558639426 62.50531214572 2885.20825 -4.355 -1.8310000000000002
357.97781656499 62.78130235002 0.039 0.0387 14.5569 "" "" 2013064095208944000 2993.47266 0.3092 0.0468 -3.374 -0.842 0.049 0.048 1.009 7648.6 4.2817 16.644114 1.49351 17.325764 15.832253 "" "" 2592.31421 3398.13135 4142.86896 2.1379 1603.7 8.0926 3683.5 9.655 "" "" 0.0028117095969151717 0.0061484003 0.0047310395 0.01087944 357.97781656499 62.78130235002 2993.47266 -3.374 -0.842
357.71047468846 62.9426573858 0.0399 0.0353 15.5406 "" "" 2016082666938960128 2316.1062 0.4122 0.0471 -5.322 -0.111 0.047 0.043 1.007 7658.7 4.3386 16.649113 1.45717 17.309328 15.852159 "" "" 2100.94189 2585.88525 4123.83658 2.1046 1628.1 7.6494 3616.6 7.0196 "" "" 0.002810484347749142 0.0058143856 0.0043271976 0.010141583 357.71047468846 62.9426573858 2316.1062 -5.322 -0.11100000000000002
357.5086407212 62.71467380141 0.0347 0.0356 1.0677 "" "" 2015970993484057344 3023.79297 0.313 0.0431 -3.214 -1.738 0.044 0.048 1.034 9329.5 4.2286 16.651648 1.297293 17.219183 15.92189 "" "" 2721.62036 3643.46387 4114.21903 1.8412 1769.1 7.2044 3391.6 7.1232 "" "" 0.0027978345885812067 0.005228262 0.0044140187 0.009642281 357.5086407212 62.71467380141 3023.79297 -3.2140000000000004 -1.7379999999999998
358.0213533987 62.72915557249 0.0345 0.0356 15.1312 "" "" 2013060384357269760 2507.70361 0.3744 0.0432 -1.84 -1.39 0.043 0.043 1.001 7651.1 4.4331 16.654663 1.376734 17.270359 15.893625 "" "" 2319.98267 2767.40381 4102.80911 2.083 1687.6 6.9243 3481.0 7.4349 "" "" 0.0028099186956549575 0.0052564736 0.0044341125 0.0096905865 358.0213533987 62.72915557249 2507.70361 -1.84 -1.3899999999999997
357.13249345964 62.65258007872 0.0346 0.0367 9.9426 "" "" 2015969760838059392 2904.08838 0.3206 0.044 -5.859 0.403 0.047 0.05 0.971 8143.6 4.4247 16.659924 1.521451 17.324697 15.803247 "" "" 2561.86548 3294.5752 4082.98203 2.1415 1605.2 11.87 3783.2 16.471 "" "" 0.0028135523135271196 0.008499722 0.006052123 0.014551844 357.13249345964 62.65258007872 2904.08838 -5.858999999999999 0.4029999999999999
