Clusters/UBC_606/UBC_606_stars_in_region.tsv
# %ECSV 1.0
# ---
# datatype:
# - name: RA_ICRS_1
#   unit: deg
#   datatype: float64
#   format: '{:15.11f}'
#   description: Right ascension (ICRS) at Ep=2016.0 (ra)
#   meta: !!omap
#   - {ucd: POS_EQ_RA_MAIN}
#   - {width: 15}
#   - {precision: '11'}
# - name: DE_ICRS_1
#   unit: deg
#   datatype: float64
#   format: '{:15.11f}'
#   description: Declination (ICRS) at Ep=2016.0 (dec)
#   meta: !!omap
#   - {ucd: POS_EQ_DEC_MAIN}
#   - {width: 15}
#   - {precision: '11'}
# - name: e_RA_ICRS
#   unit: mas
#   datatype: float64
#   format: '{:7.4f}'
#   description: Standard error of right ascension (ra_error)
#   meta: !!omap
#   - {ucd: ERROR}
#   - {width: 7}
#   - {precision: '4'}
# - name: e_DE_ICRS
#   unit: mas
#   datatype: float64
#   format: '{:7.4f}'
#   description: Standard error of declination (dec_error)
#   meta: !!omap
#   - {ucd: ERROR}
#   - {width: 7}
#   - {precision: '4'}
# - name: _r_1
#   unit: ''
#   datatype: float64
#   format: '{:7.4f}'
#   description: Distance from center (037.46331562000+57.37129864000)[ICRS], at Epoch=J2016.0
#   meta: !!omap
#   - {ucd: POS_ANG_DIST_GENERAL}
#   - {width: 7}
#   - {precision: '4'}
# - name: HIP
#   datatype: int32
#   description: '? HIP cross-id number, van Leeuwen, Cat. I/311 (hip_original_ext_source_id)'
#   meta: !!omap
#   - {ucd: ID_NUMBER}
#   - {width: 6}
#   - values: {'null': -2147483648}
# - name: TYC2
#   datatype: string
#   description: Tycho-2 cross-id name, Hog et al., Cat. I/259 (tyc2_original_ext_source_id)
#   meta: !!omap
#   - {ucd: ID_CROSSID}
#   - {_votable_string_dtype: char}
# - name: Source
#   datatype: int64
#   description: Source identifier, identical to the Gaia-EDR3 source_id (id)
#   meta: !!omap
#   - {ucd: ID_MAIN}
#   - {width: 19}
# - name: rgeo
#   unit: pc
#   datatype: float64
#   format: '{:15.8f}'
#   description: '? Median of the geometric distance posterior (r_med_geo)'
#   meta: !!omap
#   - {ucd: PHYS_DISTANCE_TRUE}
#   - {width: 15}
#   - {precision: '8'}
#   - values: {'null': .nan}
# - name: Plx
#   unit: mas
#   datatype: float64
#   format: '{:9.4f}'
#   description: '? Parallax (parallax)'
#   meta: !!omap
#   - {ucd: POS_PARLX_TRIG}
#   - {width: 9}
#   - {precision: '4'}
#   - values: {'null': .nan}
# - name: e_Plx
#   unit: mas
#   datatype: float32
#   format: '{:7.4f}'
#   description: '? Standard error of parallax (parallax_error)'
#   meta: !!omap
#   - {ucd: ERROR}
#   - {width: 7}
#   - {precision: '4'}
#   - values: {'null': .nan}
# - name: pmRA
#   unit: mas / yr
#   datatype: float64
#   format: '{:9.3f}'
#   description: '? Proper motion in right ascension direction, pmRA*cosDE (pmra)'
#   meta: !!omap
#   - {ucd: POS_EQ_PMRA}
#   - {width: 9}
#   - {precision: '3'}
#   - values: {'null': .nan}
# - name: pmDE
#   unit: mas / yr
#   datatype: float64
#   format: '{:9.3f}'
#   description: '? Proper motion in declination direction (pmdec)'
#   meta: !!omap
#   - {ucd: POS_EQ_PMDEC}
#   - {width: 9}
#   - {precision: '3'}
#   - values: {'null': .nan}
# - name: e_pmRA
#   unit: mas / yr
#   datatype: float32
#   format: '{:6.3f}'
#   description: '? Standard error of proper motion in right ascension direction (pmra_error)'
#   meta: !!omap
#   - {ucd: ERROR}
#   - {width: 6}
#   - {precision: '3'}
#   - values: {'null': .nan}
# - name: e_pmDE
[...]
#         value: !astropy.table.SerializedColumn {name: SkyCoord.dec}
#       distance: !astropy.table.SerializedColumn
#         __class__: astropy.coordinates.distances.Distance
#         unit: !astropy.units.Unit {unit: pc}
#         value: !astropy.table.SerializedColumn {name: SkyCoord.distance}
#       frame: icrs
#       obstime: !astropy.time.Time {format: jyear_str, in_subfmt: '*', jd1: 367701545.0, jd2: 0.0, out_subfmt: '*', precision: 3, scale: tt}
#       pm_dec: !astropy.table.SerializedColumn
#         __class__: astropy.units.quantity.Quantity
#         unit: !astropy.units.Unit {unit: mas / yr}
#         value: !astropy.table.SerializedColumn {name: SkyCoord.pm_dec}
#       pm_ra_cosdec: !astropy.table.SerializedColumn
#         __class__: astropy.units.quantity.Quantity
#         unit: !astropy.units.Unit {unit: mas / yr}
#         value: !astropy.table.SerializedColumn {name: SkyCoord.pm_ra_cosdec}
#       ra: !astropy.table.SerializedColumn
#         __class__: astropy.coordinates.angles.Longitude
#         unit: *id001
#         value: !astropy.table.SerializedColumn {name: SkyCoord.ra}
#         wrap_angle: !astropy.coordinates.Angle
#           unit: *id001
#           value: 360.0
#       representation_type: spherical
# schema: astropy-2.0
RA_ICRS_1 DE_ICRS_1 e_RA_ICRS e_DE_ICRS _r_1 HIP TYC2 Source rgeo Plx e_Plx pmRA pmDE e_pmRA e_pmDE RUWE Teff logg Gmag BP-RP BPmag RPmag RV e_RV b_rgeo B_rgeo FG e_FG FBP e_FBP FRP e_FRP RAVE5 RAVE6 e_Gmag e_BPmag e_RPmag e_BP-RP SkyCoord.ra SkyCoord.dec SkyCoord.distance SkyCoord.pm_ra_cosdec SkyCoord.pm_dec rmRA rmDE e_rmRA e_rmDE rRV e_rRV v_pec v_pec3d e_vpec e_vpec3d
[from data line 567]
38.00535381643 57.39683480495 0.0333 0.0374 17.5965 "" "" 458017825011626112 2686.40845 0.3562 0.0536 -3.812 -1.879 0.045 0.047 1.01 6766.8 4.3488 16.548265 1.531467 17.257038 15.725572 "" "" 2368.70972 3197.62183 4525.22588 1.9461 1708.4 8.0753 4063.8 8.4136 "" "" 0.0027946038024591977 0.005841515 0.004397352 0.010238867 38.00535381643 57.39683480495 2686.40845 -3.8119999999999985 -1.879 -3.4697500104904173 -0.6852499761581421 0.09184216 0.09384215 "" "" 45.03571291337245 "" 4.139593727165672 ""
37.63497830455 57.21958366076 0.0322 0.0356 10.6692 "" "" 458038956251595904 2313.52246 0.4122 0.0524 2.557 -0.51 0.043 0.045 1.089 6697.8 4.3541 16.5519 1.525523 17.243477 15.717954 "" "" 2041.0769 2713.84497 4510.09914 2.0306 1729.9 8.2243 4092.4 9.0308 "" "" 0.0027983476221558694 0.005867654 0.004474837 0.010342491 37.63497830455 57.21958366076 2313.52246 2.557 -0.5099999999999998 2.8992499895095825 0.6837500238418579 0.089842156 0.09184216 "" "" 32.665651965766045 "" 2.938231056621575 ""
37.59600793067 57.31317127333 0.0303 0.0328 5.5336 "" "" 458040605519003520 2219.99805 0.4267 0.0484 -0.633 -0.337 0.041 0.041 1.006 6682.1 4.361 16.555664 1.552712 17.27438 15.721667 "" "" 2034.81946 2487.55444 4494.49793 2.0252 1681.4 7.3412 4078.4 7.571 "" "" 0.0027984161802109904 0.0055006356 0.0042832303 0.009783866 37.59600793067 57.31317127333 2219.99805 -0.633 -0.3370000000000001 -0.2907500104904175 0.8567500238418579 0.08784215 0.08784215 "" "" 9.520399620922838 "" 0.8362923860571543 ""
37.75393172176 57.44485786845 0.033 0.0353 10.3777 "" "" 458042976340894976 1989.07617 0.4768 0.0525 16.008 -5.118 0.046 0.044 0.962 7141.7 4.3542 16.556849 1.534001 17.26573 15.731729 "" "" 1801.58972 2184.63599 4489.59933 1.9941 1694.8 9.2524 4040.8 6.5852 "" "" 0.0027972031161868096 0.0065512196 0.0041730683 0.0107242875 37.75393172176 57.44485786845 1989.07617 16.007999999999985 -5.117999999999998 16.35024998950958 -3.9242499761581424 0.092842154 0.09084216 "" "" 158.53166450928592 "" 14.701327577124287 ""
37.36257786321 57.14935021249 0.03 0.0356 13.7122 "" "" 458032084303953664 2588.38354 0.3624 0.0505 0.813 -0.314 0.04 0.044 0.983 7192.3 4.3503 16.55823 1.365655 17.166464 15.800809 "" "" 2307.32812 2909.82959 4483.8867 1.9127 1857.1 5.277 3791.7 6.5488 "" "" 0.0027939742760570113 0.0041597104 0.0042190254 0.008378736 37.36257786321 57.14935021249 2588.38354 0.8129999999999998 -0.31400000000000017 1.1552499895095825 0.8797500238418579 0.08684215 0.09084216 "" "" 17.815590637175077 "" 1.5736764096369953 ""
37.62309889647 57.22677241602 0.0305 0.0343 10.1006 "" "" 458038956251592960 2242.9375 0.4182 0.0519 -0.299 -1.196 0.041 0.044 0.977 7114.4 4.3653 16.566729 1.314646 17.1391 15.824453 "" "" 2015.09668 2517.69629 4448.92998 1.838 1904.5 7.3007 3710.0 7.6005 "" "" 0.0027915926743634113 0.0050107636 0.0043853414 0.009396105 37.62309889647 57.22677241602 2242.9375 -0.2989999999999998 -1.196 0.04324998950958253 -0.002249976158142042 0.08784215 0.09084216 "" "" 0.4604350778956071 "" 0.04044939957643226 ""
37.01004026711 57.19147171851 0.0323 0.0407 18.2348 "" "" 457672166044162816 2479.23804 0.4019 0.0566 -0.498 -1.196 0.043 0.05 1.056 7164.9 4.3483 16.567541 1.354265 17.168196 15.81393 "" "" 2130.34229 2834.70898 4445.59827 1.9847 1854.1 6.6227 3746.2 7.8344 "" "" 0.002797631270331912 0.0047775735 0.0044090035 0.009186577 37.01004026711 57.19147171851 2479.23804 -0.49799999999999933 -1.196 -0.15575001049041748 -0.002249976158142042 0.089842156 0.096842155 "" "" 1.8305009753645785 "" 0.1644589310185225 ""
37.80803122472 57.40529028706 0.0304 0.0335 11.332 "" "" 458041945548755456 2623.65039 0.3548 0.0488 -4.759 0.417 0.041 0.041 1.028 5170.4 3.8422 16.567945 1.726849 17.400763 15.673914 "" "" 2341.76855 2984.85791 4443.94123 1.9188 1496.6 8.0387 4261.8 6.7071 "" "" 0.0027949169820018593 0.0064649223 0.0041476963 0.010612618 37.80803122472 57.40529028706 2623.65039 -4.759 0.417 -4.416750010490418 1.610750023841858 0.08784215 0.08784215 "" "" 58.46581673338514 "" 5.135763132388709 ""
37.01070158855 57.26095351083 0.0343 0.0405 16.09 "" "" 457673609153126656 2108.12598 0.4686 0.0585 4.012 2.453 0.047 0.05 1.219 6005.4 4.4731 16.569172 1.655521 17.33394 15.678419 "" "" 1877.89551 2429.09839 4438.92752 2.7981 1591.6 8.3132 4244.1 8.7675 "" "" 0.002839047669156324 0.0063202167 0.004394819 0.010715036 37.01070158855 57.26095351083 2108.12598 4.012 2.4529999999999994 4.354249989509582 3.6467500238418578 0.09384215 0.096842155 "" "" 56.75387208536251 "" 5.396748251773542 ""
37.19579758273 57.47838810437 0.031 0.0353 10.7689 "" "" 458052047311585664 2845.62695 0.3241 0.0491 -0.597 -0.372 0.041 0.045 0.954 9434.5 4.3803 16.570833 1.28446 17.131327 15.846867 "" "" 2527.77368 3256.25537 4432.13692 1.8977 1918.2 8.5936 3634.2 8.6678 "" "" 0.0027942620927875954 0.005607571 0.0045814295 0.0101890005 37.19579758273 57.47838810437 2845.62695 -0.597 -0.37199999999999994 -0.25475001049041746 0.8217500238418579 0.08784215 0.09184216 "" "" 11.604388037033388 "" 1.0617833602296691 ""
37.31399952846 57.64783735745 0.033 0.0379 17.2761 "" "" 458063381723461632 2096.60205 0.4621 0.0546 -0.396 -1.056 0.043 0.049 0.99 7222.0 4.3416 16.572876 1.39954 17.203568 15.804028 "" "" 1859.20276 2383.62354 4423.81204 1.9617 1794.7 6.8201 3780.5 9.5078 "" "" 0.002797068668070335 0.004980808 0.004662596 0.009643404 37.31399952846 57.64783735745 2096.60205 -0.3960000000000003 -1.0559999999999994 -0.0537500104904175 0.13775002384185786 0.089842156 0.09584215 "" "" 1.4694691570367115 "" 0.13970396824713172 ""
36.92300535905 57.32945907093 0.0431 0.0513 17.669 "" "" 457677113846418560 2810.95898 0.3347 0.0726 -1.658 -1.125 0.06 0.063 1.377 5694.0 4.464 16.574034 1.399438 17.180851 15.781413 "" "" 2395.76709 3406.99146 4419.0933 2.9955 1832.6 8.9051 3860.0 8.7552 "" "" 0.0028519190213008227 0.0059682513 0.004510918 0.010479169 36.92300535905 57.32945907093 2810.95898 -1.6580000000000006 -1.1250000000000009 -1.3157500104904174 0.06875002384185791 0.10684215 0.10984215 "" "" 17.554896994351015 "" 1.875748389207613 ""
37.23651830738 57.53690550308 0.0314 0.0352 12.342 "" "" 458058163344985600 2708.68311 0.3337 0.0493 -2.588 -0.666 0.041 0.045 1.063 7194.9 4.3348 16.576092 1.554 17.297716 15.743716 "" "" 2374.50366 3113.26465 4410.72614 2.0604 1645.6 8.3795 3996.4 7.1978 "" "" 0.002801611189073002 0.006192809 0.0042553097 0.010448119 37.23651830738 57.53690550308 2708.68311 -2.5879999999999983 -0.6659999999999991 -2.2457500104904176 0.5277500238418579 0.08784215 0.09184216 "" "" 29.619002933850126 "" 2.608130810602306 ""
37.27106214092 57.13827177197 0.0313 0.0354 15.3106 "" "" 458034592564710528 2444.38428 0.3728 0.051 2.236 -1.693 0.041 0.044 0.981 5040.2 4.3301 16.589151 1.504287 17.28174 15.777453 "" "" 2194.41431 2776.57544 4357.98968 1.8259 1670.0 5.8346 3874.2 8.3743 "" "" 0.0027926193078750645 0.0047089583 0.004448772 0.00915773 37.27106214092 57.13827177197 2444.38428 2.2360000000000015 -1.6929999999999996 2.5782499895095827 -0.49924997615814215 0.08784215 0.09084216 "" "" 30.427486896423005 "" 2.676169187446409 ""
37.23428696927 57.63487130295 0.0324 0.0368 17.4528 "" "" 458063484802637312 2375.14771 0.4037 0.0524 -3.362 0.448 0.042 0.047 0.947 5962.2 4.2944 16.590889 1.640585 17.364235 15.72365 "" "" 2102.49341 2620.06909 4351.01759 2.2974 1547.8 6.2294 4071.0 8.0278 "" "" 0.0028143283980987454 0.005184562 0.004343693 0.009528255 37.23428696927 57.63487130295 2375.14771 -3.361999999999999 0.44800000000000073 -3.0197500104904176 1.6417500238418579 0.08884215 0.09384215 "" "" 38.69650445343231 "" 3.482969041349946 ""
37.38595463941 57.12851077724 0.0314 0.0364 14.7821 "" "" 458031809420642944 2947.73633 0.3268 0.054 -0.352 -1.087 0.042 0.045 1.064 7165.9 4.3533 16.592407 1.322724 17.179102 15.856378 "" "" 2544.58179 3541.67749 4344.93832 1.9452 1835.6 7.5194 3602.5 7.1704 "" "" 0.0027978670669011638 0.005250384 0.004353601 0.009603985 37.38595463941 57.12851077724 2947.73633 -0.3520000000000002 -1.0870000000000004 -0.00975001049041746 0.10675002384185794 0.08884215 0.09184216 "" "" 1.49774852833077 "" 0.13751988870786364 ""
37.73490827657 57.25624396107 0.0326 0.0368 11.1848 "" "" 457992536243320320 2659.36035 0.3433 0.0512 -0.999 0.286 0.044 0.045 0.98 7247.6 4.3486 16.59241 1.398734 17.226328 15.827594 "" "" 2367.69214 3086.57202 4344.93615 1.9253 1757.5 7.2144 3699.3 10.791 "" "" 0.0027970074767285783 0.0052581998 0.00493097 0.01018917 37.73490827657 57.25624396107 2659.36035 -0.9989999999999999 0.286 -0.6567500104904175 1.479750023841858 0.09084216 0.09184216 "" "" 20.407389013148396 "" 1.870915641083247 ""
37.97042338335 57.28766563701 0.0331 0.0362 17.1738 "" "" 457990509019227008 2418.29517 0.3864 0.052 -0.587 -0.577 0.043 0.044 0.94 6025.9 4.4271 16.594309 1.486674 17.276129 15.789454 "" "" 2126.7395 2718.38428 4337.33519 1.8001 1678.7 7.4606 3831.6 7.7495 "" "" 0.0027919233630540057 0.0055739246 0.0043710205 0.009944946 37.97042338335 57.28766563701 2418.29517 -0.587 -0.5770000000000005 -0.24475001049041745 0.616750023841858 0.089842156 0.09084216 "" "" 7.605953874198245 "" 0.6899113613128712 ""
37.52845140015 57.27308528762 0.0335 0.0359 6.2592 "" "" 458040124482685568 2275.44092 0.4223 0.0539 1.122 -0.679 0.045 0.043 1.009 "" "" 16.60425 1.46952 17.253838 15.784318 "" "" 1985.91626 2592.10254 4297.8093 1.8556 1713.5 8.6683 3849.7 11.908 "" "" 0.002794912603845588 0.006160614 0.0050559645 0.011216579 37.52845140015 57.27308528762 2275.44092 1.122 -0.6789999999999998 1.4642499895095826 0.5147500238418579 0.09184216 0.089842156 "" "" 16.740248887804484 "" 1.5338138248297475 ""
37.8785282928 57.3217734302 0.0327 0.038 13.7664 "" "" 457994460388630912 2247.28662 0.4153 0.0519 0.605 -3.357 0.044 0.046 0.995 4941.7 4.3171 16.609634 1.640349 17.392778 15.752429 "" "" 2044.5592 2530.5564 4276.54412 1.8957 1507.7 7.0503 3964.5 7.5602 "" "" 0.0027970382848953087 0.0057932846 0.0043093595 0.010102645 37.8785282928 57.3217734302 2247.28662 0.6050000000000015 -3.357000000000002 0.9472499895095825 -2.1632499761581423 0.09084216 0.092842154 "" "" 25.15559078734294 "" 2.3274780110034317 ""
37.03611677392 57.36768171662 0.0324 0.0372 13.8229 "" "" 458052734506453376 2434.69263 0.3769 0.055 -0.773 -0.55 0.045 0.045 0.978 8502.1 4.4858 16.611712 1.209137 17.132607 15.92347 "" "" 2193.71875 2825.08447 4268.37011 2.0307 1915.9 13.016 3386.7 8.067 "" "" 0.0028033208777394174 0.007886219 0.0045795287 0.012465747 37.03611677392 57.36768171662 2434.69263 -0.7729999999999999 -0.55 -0.4307500104904175 0.6437500238418579 0.09184216 0.09184216 "" "" 8.938888285134931 "" 0.8209668047879815 ""
37.31485058825 57.33648552708 0.0319 0.0346 5.2397 "" "" 458038681373458176 2248.10742 0.4339 0.0513 -3.067 0.389 0.043 0.043 1.02 6731.1 4.3536 16.62257 1.427663 17.267551 15.839889 "" "" 2008.43103 2522.1814 4225.89266 1.9827 1692.0 8.9905 3657.7 8.8097 "" "" 0.0028020139913340235 0.0064083952 0.004595882 0.011004277 37.31485058825 57.33648552708 2248.10742 -3.067 0.3889999999999994 -2.7247500104904177 1.582750023841858 0.089842156 0.089842156 "" "" 33.57809355060835 "" 3.016728304710919 ""
37.04484525818 57.49251072193 0.0319 0.036 15.3482 "" "" 458055616422016768 2711.14868 0.3564 0.0503 0.197 0.423 0.043 0.045 1.008 7725.0 4.349 16.6287 1.395096 17.254463 15.859367 "" "" 2356.1001 3090.73901 4202.10032 1.9864 1712.5 8.3472 3592.6 7.2068 "" "" 0.002802714697726318 0.0059826593 0.004362042 0.010344701 37.04484525818 57.49251072193 2711.14868 0.19700000000000004 0.42300000000000004 0.5392499895095826 1.616750023841858 0.089842156 0.09184216 "" "" 21.901817981480228 "" 2.0071680743424225 ""
37.59059850306 57.2954403981 0.0327 0.0335 6.1406 "" "" 458040227561888128 2309.77173 0.4201 0.0519 -1.827 0.584 0.044 0.042 1.005 7162.2 4.3527 16.630463 1.386991 17.24784 15.86085 "" "" 2053.64136 2605.24561 4195.28527 2.0147 1723.0 6.0635 3587.7 7.8891 "" "" 0.002804220042363376 0.0047311843 0.004470311 0.009201495 37.59059850306 57.2954403981 2309.77173 -1.827 0.5839999999999999 -1.4847500104904174 1.777750023841858 0.09084216 0.08884215 "" "" 25.35871938739598 "" 2.2739005097618286 ""
37.79829643402 57.44625986256 0.0348 0.0361 11.7232 "" "" 458065615105639424 2147.43213 0.4405 0.0539 0.344 -1.066 0.047 0.046 0.994 6656.8 4.3634 16.633608 1.476827 17.30878 15.831954 "" "" 1976.78687 2415.02759 4183.14865 2.0101 1628.9 7.6668 3684.5 7.0577 "" "" 0.002804279339693324 0.0058223647 0.00431382 0.010136185 37.79829643402 57.44625986256 2147.43213 0.34400000000000003 -1.0660000000000007 0.6862499895095825 0.12775002384185785 0.09384215 0.092842154 "" "" 7.10522401857949 "" 0.6665327370677081 ""
37.99033708291 57.30061832875 0.0325 0.0376 17.5853 "" "" 457990543378459264 2384.0625 0.4069 0.0514 -0.938 2.463 0.043 0.046 1.015 5752.3 4.4742 16.636494 1.533481 17.346766 15.813285 "" "" 2096.65039 2696.98853 4172.04674 1.8676 1572.9 6.7 3748.4 6.0288 "" "" 0.0027978581263064907 0.0054013254 0.004163311 0.009564636 37.99033708291 57.30061832875 2384.0625 -0.938 2.463 -0.5957500104904174 3.656750023841858 0.089842156 0.092842154 "" "" 41.867753959106224 "" 3.883896032552357 ""
37.76137938091 57.43431007699 0.0349 0.0379 10.3498 "" "" 458042220426652928 2602.66577 0.3643 0.0544 0.136 0.713 0.046 0.047 1.027 7127.0 4.2955 16.63839 1.52569 17.34287 15.817181 "" "" 2270.46997 3048.98853 4164.76569 1.9908 1578.6 8.3901 3735.0 8.0972 "" "" 0.0028037729866638907 0.0064097284 0.0044524237 0.010862152 37.76137938091 57.43431007699 2602.66577 0.13600000000000023 0.7129999999999996 0.47824998950958253 1.906750023841858 0.092842154 0.09384215 "" "" 24.25151251617251 "" 2.2743858806875026 ""
37.06143148438 57.60102980383 0.0325 0.0396 18.9203 "" "" 458062423952521728 2032.46716 0.4601 0.0516 -1.378 -0.327 0.042 0.048 0.993 7180.3 4.3415 16.639143 1.539444 17.354752 15.815308 "" "" 1841.35864 2306.66431 4161.87851 2.0202 1561.4 6.9827 3741.4 9.1523 "" "" 0.002805270444554752 0.0056000785 0.0046192873 0.010219365 37.06143148438 57.60102980383 2032.46716 -1.3779999999999997 -0.3270000000000003 -1.0357500104904174 0.866750023841858 0.08884215 0.09484215 "" "" 13.011228572228966 "" 1.188719887247811 ""
37.07263192085 57.38841791008 0.0323 0.0376 12.6779 "" "" 458049917007884288 2179.63794 0.4539 0.0521 -0.969 -1.714 0.043 0.047 0.992 5874.8 4.5383 16.639929 1.426124 17.279673 15.853549 "" "" 1938.0105 2498.60693 4158.86795 1.9802 1673.2 8.098 3611.9 7.2591 "" "" 0.0028033976972657274 0.005949598 0.0043640826 0.01031368 37.07263192085 57.38841791008 2179.63794 -0.9690000000000001 -1.7139999999999997 -0.6267500104904175 -0.5202499761581421 0.089842156 0.09384215 "" "" 8.415408122881576 "" 0.7699681374990353 ""
37.16116314875 57.40751837552 0.0337 0.0387 10.009 "" "" 458051291397395840 2942.3186 0.3049 0.0528 -0.213 -0.49 0.045 0.048 1.038 7109.7 4.3374 16.640709 1.603632 17.397038 15.793406 "" "" 2584.45435 3409.95728 4155.88477 1.8712 1501.8 5.8834 3817.6 8.2279 "" "" 0.002798351242662666 0.0050869263 0.0044451663 0.009532092 37.16116314875 57.40751837552 2942.3186 -0.21299999999999994 -0.4899999999999999 0.12924998950958252 0.7037500238418579 0.09184216 0.09484215 "" "" 9.979071848916828 "" 0.9454747500754604 ""
37.29479887501 57.34816118543 0.0348 0.0381 5.6274 "" "" 458038750092926464 2635.33643 0.3662 0.0548 -3.018 -1.914 0.048 0.05 1.01 "" "" 16.640965 1.691289 17.407413 15.716125 "" "" 2254.11401 3079.53662 4154.89995 2.432 1487.5 15.468 4099.3 18.589 "" "" 0.002827661842778599 0.011629857 0.0062067877 0.017836645 37.29479887501 57.34816118543 2635.33643 -3.018 -1.9140000000000017 -2.6757500104904173 -0.720249976158142 0.09484215 0.096842155 "" "" 34.613835163374176 "" 3.2875735898002256 ""
