Clusters/UBC_606/UBC_606_stars_in_region.tsv
# %ECSV 1.0
# ---
# datatype:
# - name: RA_ICRS_1
#   unit: deg
#   datatype: float64
#   format: '{:15.11f}'
#   description: Right ascension (ICRS) at Ep=2016.0 (ra)
#   meta: !!omap
#   - {ucd: POS_EQ_RA_MAIN}
#   - {width: 15}
#   - {precision: '11'}
# - name: DE_ICRS_1
#   unit: deg
#   datatype: float64
#   format: '{:15.11f}'
#   description: Declination (ICRS) at Ep=2016.0 (dec)
#   meta: !!omap
#   - {ucd: POS_EQ_DEC_MAIN}
#   - {width: 15}
#   - {precision: '11'}
# - name: e_RA_ICRS
#   unit: mas
#   datatype: float64
#   format: '{:7.4f}'
#   description: Standard error of right ascension (ra_error)
#   meta: !!omap
#   - {ucd: ERROR}
#   - {width: 7}
#   - {precision: '4'}
# - name: e_DE_ICRS
#   unit: mas
#   datatype: float64
#   format: '{:7.4f}'
#   description: Standard error of declination (dec_error)
#   meta: !!omap
#   - {ucd: ERROR}
#   - {width: 7}
#   - {precision: '4'}
# - name: _r_1
#   unit: ''
#   datatype: float64
#   format: '{:7.4f}'
#   description: Distance from center (037.46331562000+57.37129864000)[ICRS], at Epoch=J2016.0
#   meta: !!omap
#   - {ucd: POS_ANG_DIST_GENERAL}
#   - {width: 7}
#   - {precision: '4'}
# - name: HIP
#   datatype: int32
#   description: '? HIP cross-id number, van Leeuwen, Cat. I/311 (hip_original_ext_source_id)'
#   meta: !!omap
#   - {ucd: ID_NUMBER}
#   - {width: 6}
#   - values: {'null': -2147483648}
# - name: TYC2
#   datatype: string
#   description: Tycho-2 cross-id name, Hog et al., Cat. I/259 (tyc2_original_ext_source_id)
#   meta: !!omap
#   - {ucd: ID_CROSSID}
#   - {_votable_string_dtype: char}
# - name: Source
#   datatype: int64
#   description: Source identifier, identical to the Gaia-EDR3 source_id (id)
#   meta: !!omap
#   - {ucd: ID_MAIN}
#   - {width: 19}
# - name: rgeo
#   unit: pc
#   datatype: float64
#   format: '{:15.8f}'
#   description: '? Median of the geometric distance posterior (r_med_geo)'
#   meta: !!omap
#   - {ucd: PHYS_DISTANCE_TRUE}
#   - {width: 15}
#   - {precision: '8'}
#   - values: {'null': .nan}
# - name: Plx
#   unit: mas
#   datatype: float64
#   format: '{:9.4f}'
#   description: '? Parallax (parallax)'
#   meta: !!omap
#   - {ucd: POS_PARLX_TRIG}
#   - {width: 9}
#   - {precision: '4'}
#   - values: {'null': .nan}
# - name: e_Plx
#   unit: mas
#   datatype: float32
#   format: '{:7.4f}'
#   description: '? Standard error of parallax (parallax_error)'
#   meta: !!omap
#   - {ucd: ERROR}
#   - {width: 7}
#   - {precision: '4'}
#   - values: {'null': .nan}
# - name: pmRA
#   unit: mas / yr
#   datatype: float64
#   format: '{:9.3f}'
#   description: '? Proper motion in right ascension direction, pmRA*cosDE (pmra)'
#   meta: !!omap
#   - {ucd: POS_EQ_PMRA}
#   - {width: 9}
#   - {precision: '3'}
#   - values: {'null': .nan}
# - name: pmDE
#   unit: mas / yr
#   datatype: float64
#   format: '{:9.3f}'
#   description: '? Proper motion in declination direction (pmdec)'
#   meta: !!omap
#   - {ucd: POS_EQ_PMDEC}
#   - {width: 9}
#   - {precision: '3'}
#   - values: {'null': .nan}
# - name: e_pmRA
#   unit: mas / yr
#   datatype: float32
#   format: '{:6.3f}'
#   description: '? Standard error of proper motion in right ascension direction (pmra_error)'
#   meta: !!omap
#   - {ucd: ERROR}
#   - {width: 6}
#   - {precision: '3'}
#   - values: {'null': .nan}
# - name: e_pmDE
[...]
#         value: !astropy.table.SerializedColumn {name: SkyCoord.dec}
#       distance: !astropy.table.SerializedColumn
#         __class__: astropy.coordinates.distances.Distance
#         unit: !astropy.units.Unit {unit: pc}
#         value: !astropy.table.SerializedColumn {name: SkyCoord.distance}
#       frame: icrs
#       obstime: !astropy.time.Time {format: jyear_str, in_subfmt: '*', jd1: 367701545.0, jd2: 0.0, out_subfmt: '*', precision: 3, scale: tt}
#       pm_dec: !astropy.table.SerializedColumn
#         __class__: astropy.units.quantity.Quantity
#         unit: !astropy.units.Unit {unit: mas / yr}
#         value: !astropy.table.SerializedColumn {name: SkyCoord.pm_dec}
#       pm_ra_cosdec: !astropy.table.SerializedColumn
#         __class__: astropy.units.quantity.Quantity
#         unit: !astropy.units.Unit {unit: mas / yr}
#         value: !astropy.table.SerializedColumn {name: SkyCoord.pm_ra_cosdec}
#       ra: !astropy.table.SerializedColumn
#         __class__: astropy.coordinates.angles.Longitude
#         unit: *id001
#         value: !astropy.table.SerializedColumn {name: SkyCoord.ra}
#         wrap_angle: !astropy.coordinates.Angle
#           unit: *id001
#           value: 360.0
#       representation_type: spherical
# schema: astropy-2.0
RA_ICRS_1 DE_ICRS_1 e_RA_ICRS e_DE_ICRS _r_1 HIP TYC2 Source rgeo Plx e_Plx pmRA pmDE e_pmRA e_pmDE RUWE Teff logg Gmag BP-RP BPmag RPmag RV e_RV b_rgeo B_rgeo FG e_FG FBP e_FBP FRP e_FRP RAVE5 RAVE6 e_Gmag e_BPmag e_RPmag e_BP-RP SkyCoord.ra SkyCoord.dec SkyCoord.distance SkyCoord.pm_ra_cosdec SkyCoord.pm_dec rmRA rmDE e_rmRA e_rmDE rRV e_rRV v_pec v_pec3d e_vpec e_vpec3d
[from data line 125]
37.748120646 57.4884499656 0.0118 0.0132 11.5772 "" "" 458066753280603648 2240.93774 0.4106 0.019 -0.397 -0.964 0.016 0.017 1.054 10713.6 3.9315 14.37192 0.964936 14.761726 13.79679 "" "" 2162.5061 2330.06152 33587.58229 6.2082 17011.0 18.043 24013.0 23.465 "" "" 0.0027626189013395643 0.003018483 0.0039254758 0.006943959 37.748120646 57.4884499656 2240.93774 -0.39700000000000035 -0.9640000000000006 -0.0547500104904175 0.22975002384185794 0.06284215 0.063842155 "" "" 2.5087515460383223 "" 0.160030293283582 ""
37.21204440004 57.55528118131 0.0127 0.0142 13.697 "" "" 458061564959075584 2222.96899 0.4182 0.0202 -0.465 -1.141 0.016 0.018 1.081 9632.2 3.7955 14.387573 1.105683 14.817321 13.711638 "" "" 2135.14673 2338.24976 33106.82217 6.4802 16162.0 64.791 25972.0 60.997 "" "" 0.002763503789641374 0.0051700817 0.0045591495 0.009729231 37.21204440004 57.55528118131 2222.96899 -0.46499999999999975 -1.1410000000000005 -0.1227500104904175 0.052750023841857896 0.06284215 0.06484215 "" "" 1.4077723755582714 "" 0.08891221321671362 ""
37.35881661039 57.08329607972 0.0121 0.0156 17.6103 "" "" 458031294029981952 2532.68311 0.3632 0.0209 -0.359 -1.03 0.016 0.02 1.001 10084.7 3.6482 14.390814 0.678486 14.645747 13.967261 "" "" 2425.08374 2655.59814 33008.14974 7.8494 18929.0 15.941 20524.0 10.233 "" "" 0.0027673907430907276 0.002936168 0.0038179536 0.0067541217 37.35881661039 57.08329607972 2532.68311 -0.35900000000000015 -1.030000000000001 -0.016750010490417466 0.16375002384185788 0.06284215 0.06684215 "" "" 1.9760632140541186 "" 0.13200489817952624 ""
37.20109745194 57.10923232641 0.0117 0.0139 17.8807 "" "" 457659178063109504 2027.0011 0.4657 0.0191 -3.158 2.121 0.016 0.017 1.002 7081.0 3.9117 14.39246 1.239751 14.928578 13.688828 "" "" 1941.81653 2112.79663 32958.13418 5.4114 14588.0 14.83 26523.0 20.409 "" "" 0.0027610810524882476 0.003000551 0.0038706218 0.0068711727 37.20109745194 57.10923232641 2027.0011 -3.158 2.1209999999999996 -2.8157500104904174 3.314750023841858 0.06284215 0.063842155 "" "" 41.787574183102315 "" 2.6503741381170745 ""
37.56898269406 57.21435926728 0.0114 0.0122 10.0202 "" "" 458033321254509184 2225.2085 0.4119 0.0184 -0.185 -1.189 0.015 0.015 0.957 "" "" 14.396558 0.753831 14.686526 13.932695 "" "" 2129.99512 2328.77319 32833.99096 6.1825 18231.0 11.824 21188.0 12.933 "" "" 0.002762894297469935 0.0028776564 0.0038370474 0.0067147035 37.56898269406 57.21435926728 2225.2085 -0.185 -1.189 0.15724998950958252 0.004750023841857853 0.061842155 0.061842155 "" "" 1.6593489439335294 "" 0.10261771411107641 ""
37.34040905339 57.36233123784 0.0118 0.0133 4.0129 "" "" 458038818812385664 2092.17017 0.4408 0.0185 2.886 0.641 0.016 0.017 1.005 "" "" 14.410838 2.004746 15.423123 13.418377 -18.28 1.81 2013.29565 2166.50659 32404.9481 6.8279 9250.6 18.123 34026.0 22.876 "" "" 0.002764801144207086 0.0035084942 0.0038492277 0.007357722 37.34040905339 57.36233123784 2092.17017 2.886 0.641 3.2282499895095826 1.834750023841858 0.06284215 0.063842155 "" "" 36.823451988234105 "" 2.3231093006012355 ""
37.37482117969 57.1287389157 0.011 0.0126 14.8343 "" "" 458031878145526912 2281.44604 0.4045 0.0187 -0.42 -1.021 0.014 0.016 0.999 10515.7 3.9451 14.422117 0.730139 14.701009 13.97087 "" "" 2186.15942 2398.60571 32070.06863 6.5253 17989.0 15.441 20456.0 15.925 "" "" 0.002764162218434397 0.0029416967 0.0038727468 0.0068144435 37.37482117969 57.1287389157 2281.44604 -0.41999999999999976 -1.0209999999999995 -0.07775001049041746 0.172750023841858 0.060842156 0.06284215 "" "" 2.048617894521135 "" 0.12805858605134735 ""
37.55556564796 57.52356645529 0.0123 0.0135 9.6092 "" "" 458047305667916672 2117.63208 0.446 0.0204 -0.392 -1.063 0.016 0.018 0.964 10698.1 4.0508 14.424217 0.826543 14.74764 13.921097 "" "" 2029.2323 2200.05908 32008.10111 7.4288 17233.0 17.611 21415.0 17.904 "" "" 0.0027668191649129334 0.0030026908 0.0038868624 0.0068895533 37.55556564796 57.52356645529 2117.63208 -0.3919999999999999 -1.0630000000000002 -0.049750010490417496 0.13075002384185797 0.06284215 0.06484215 "" "" 1.404207465277189 "" 0.09070145924365278 ""
37.16836733902 57.60608810113 0.4061 0.4944 16.9977 "" "" 458062630110944256 2454.17017 1.2172 0.6691 -2.627 -4.295 0.506 0.587 35.445 "" "" 14.425118 1.944449 15.273861 13.329412 8.09 2.26 1221.19519 3211.82153 31981.57931 133.87 10614.0 17.642 36931.0 17.802 "" "" 0.005314726357715982 0.0033229222 0.003815447 0.007138369 37.16836733902 57.60608810113 2454.17017 -2.627 -4.295 -2.2847500104904173 -3.101249976158142 0.55284214 0.6338422 "" "" 44.809311305736074 "" 27.180439810424236 ""
37.53390076321 57.17230399647 0.0119 0.0126 12.1573 "" "" 458032599700018432 2951.86182 0.3056 0.0183 -1.476 0.634 0.015 0.015 1.038 5629.0 2.4935 14.431195 1.904159 15.375439 13.47128 -32.09 2.05 2832.5354 3101.15869 31803.03475 5.6272 9665.9 9.3171 32408.0 16.715 "" "" 0.0027620092931629585 0.002979988 0.003820643 0.006800631 37.53390076321 57.17230399647 2951.86182 -1.4759999999999998 0.6339999999999992 -1.1337500104904175 1.8277500238418578 0.061842155 0.061842155 "" "" 30.094003022481303 "" 1.8610779908041832 ""
37.57693805089 57.47962214772 0.035 0.0383 7.4642 "" "" 458046068717345664 2665.55835 0.3522 0.0577 -0.786 -0.802 0.046 0.048 3.141 5512.1 3.251 14.433167 1.940615 15.392839 13.452225 -69.46 2.67 2271.31934 3198.92603 31745.32606 11.663 9512.2 11.901 32981.0 16.609 "" "" 0.0027840445110587525 0.0031032711 0.003818728 0.006921999 37.57693805089 57.47962214772 2665.55835 -0.7859999999999997 -0.8020000000000002 -0.4437500104904175 0.39175002384185786 0.092842154 0.09484215 "" "" 7.478896514794227 "" 0.7009476818191815 ""
37.15172138673 57.56084485935 0.0126 0.014 15.18 "" "" 458061427520123520 2782.44189 0.3192 0.0196 -0.091 -1.843 0.016 0.017 1.017 5813.8 2.4836 14.445594 2.046606 15.487746 13.44114 -63.47 2.18 2635.64868 2970.88965 31384.05427 6.885 8716.0 8.4605 33320.0 18.031 "" "" 0.0027655962745103805 0.002982578 0.0038247788 0.006807357 37.15172138673 57.56084485935 2782.44189 -0.09099999999999975 -1.8429999999999995 0.25124998950958255 -0.6492499761581421 0.06284215 0.063842155 "" "" 9.181623689245876 "" 0.5849868852568502 ""
37.83349011375 57.46060380393 0.0132 0.0147 13.1065 "" "" 458065756848194560 2514.91821 0.3641 0.0211 -0.334 -1.215 0.018 0.018 1.102 11075.0 3.9886 14.45665 1.054528 14.887126 13.832598 "" "" 2375.49048 2639.93262 31066.09446 41.001 15155.0 52.324 23234.0 116.11 "" "" 0.0031056633540098156 0.0046730144 0.0066124024 0.011285417 37.83349011375 57.46060380393 2514.91821 -0.3339999999999999 -1.2150000000000003 0.0082499895095825 -0.02124997615814217 0.06484215 0.06484215 "" "" 0.2717357196613871 "" 0.017619928190101556 ""
37.63762984716 57.31662792228 0.0318 0.0345 6.5276 "" "" 458039883964493440 2246.36621 0.4308 0.0516 -0.579 -0.986 0.043 0.043 2.977 10149.8 3.6407 14.468675 0.87356 14.806634 13.933074 "" "" 1992.69751 2597.74487 30723.9504 8.0859 16322.0 12.453 21180.0 12.313 "" "" 0.0027700971978469606 0.0029105407 0.003831727 0.006742268 37.63762984716 57.31662792228 2246.36621 -0.5789999999999993 -0.9860000000000001 -0.23675001049041744 0.20775002384185792 0.089842156 0.089842156 "" "" 3.3538066755471294 "" 0.30131322111550163 ""
37.78185393251 57.57231890255 0.0126 0.0136 15.8457 "" "" 458067474835076352 2327.52588 0.3911 0.0207 -0.349 -1.113 0.016 0.017 0.997 10799.4 4.1527 14.484586 1.081757 14.936525 13.854769 "" "" 2230.62695 2440.49243 30276.97576 5.5787 14481.0 13.979 22764.0 16.968 "" "" 0.002762573177540727 0.0029805296 0.0038650595 0.006845589 37.78185393251 57.57231890255 2327.52588 -0.349 -1.1130000000000004 -0.006750010490417457 0.08075002384185792 0.06284215 0.063842155 "" "" 0.8939795111234798 "" 0.057067423429482546 ""
37.42780213547 57.53593854539 0.0121 0.0135 9.9447 "" "" 458058850539740928 2812.65576 0.3182 0.0194 -0.345 -1.024 0.016 0.017 1.014 10111.4 3.675 14.49335 0.82194 14.814604 13.992663 "" "" 2698.21997 2949.07495 30033.5452 6.3054 16202.0 12.808 20049.0 12.338 "" "" 0.002764732969288335 0.0029191985 0.0038379885 0.0067571867 37.42780213547 57.53593854539 2812.65576 -0.3449999999999997 -1.024 -0.002750010490417454 0.1697500238418579 0.06284215 0.063842155 "" "" 2.263402290371796 "" 0.14449989070959982 ""
37.83073292321 57.46418846646 0.0132 0.0146 13.1146 "" "" 458065756848193664 2275.68823 0.4108 0.0207 -1.104 0.332 0.018 0.018 1.047 9247.9 3.7335 14.517878 1.021264 14.933261 13.911997 "" "" 2177.90063 2394.8584 29362.68499 4.9783 14525.0 14.924 21595.0 18.338 "" "" 0.002761462532582873 0.003004917 0.003890216 0.006895133 37.83073292321 57.46418846646 2275.68823 -1.104 0.332 -0.7617500104904176 1.525750023841858 0.06484215 0.06484215 "" "" 18.395070811692822 "" 1.1927759337555992 ""
37.88463445856 57.47587599699 0.0127 0.0136 14.9875 "" "" 458065997366358656 2919.15552 0.3067 0.0202 1.141 0.33 0.017 0.017 1.078 5206.2 2.7693 14.52861 1.976649 15.522046 13.545397 -3.38 2.0 2784.41968 3075.99487 29073.85984 6.1815 8445.0 9.5423 30269.0 22.347 "" "" 0.002764973344670403 0.0030479687 0.0038634508 0.0069114193 37.88463445856 57.47587599699 2919.15552 1.141 0.32999999999999996 1.4832499895095825 1.523750023841858 0.063842155 0.063842155 "" "" 29.42343648122385 "" 1.8784555936235963 ""
36.94067375243 57.36260157322 0.0124 0.0148 16.9183 "" "" 458052562707776512 2416.5979 0.3808 0.021 -0.369 -1.052 0.017 0.019 0.97 9570.8 4.1236 14.536275 0.884677 14.887236 14.002559 "" "" 2292.84912 2548.37915 28869.33783 6.259 15154.0 17.796 19867.0 11.627 "" "" 0.002765356935457222 0.0030676932 0.0038324252 0.0069001187 36.94067375243 57.36260157322 2416.5979 -0.3690000000000005 -1.052 -0.026750010490417475 0.14175002384185786 0.063842155 0.06584215 "" "" 1.652359355268311 "" 0.1086829217755085 ""
37.23765747967 57.26896816567 0.0149 0.0171 9.5468 "" "" 458036619789218304 2055.32983 0.4559 0.0253 -0.217 -1.057 0.021 0.022 1.253 9770.1 3.8325 14.537551 0.708801 14.803313 14.094512 "" "" 1957.19434 2157.87354 28835.42726 7.8948 16372.0 10.547 18254.0 13.11 "" "" 0.002771309068424479 0.0028765027 0.0038589863 0.006735489 37.23765747967 57.26896816567 2055.32983 -0.21700000000000003 -1.057 0.12524998950958252 0.13675002384185797 0.067842156 0.06884216 "" "" 1.8066088776862903 "" 0.12354996950517344 ""
37.74387489628 57.24753878039 0.0128 0.0143 11.7388 "" "" 457992330084897280 2443.11938 0.3718 0.021 -2.864 -0.63 0.018 0.017 1.007 4920.4 3.1739 14.579802 1.901585 15.525627 13.624042 -81.55 3.44 2323.84814 2575.49414 27734.84366 5.6978 8417.2 9.4861 28154.0 13.512 "" "" 0.0027643338293577126 0.0030466833 0.0038151343 0.0068618176 37.74387489628 57.24753878039 2443.11938 -2.864 -0.6300000000000003 -2.5217500104904174 0.5637500238418579 0.06484215 0.063842155 "" "" 29.923674949254117 "" 1.9389015743001348 ""
37.03237992797 57.45883712334 0.0128 0.015 14.8824 "" "" 458054727371202176 2193.5896 0.4218 0.0201 -2.134 -0.686 0.017 0.019 0.983 5123.3 2.8502 14.589818 1.860026 15.472636 13.61261 -82.13 2.69 2101.28833 2288.82593 27480.18852 6.4367 8838.2 52.238 28452.0 110.51 "" "" 0.0027670316760198994 0.0069975546 0.0056628254 0.01266038 37.03237992797 57.45883712334 2193.5896 -2.1339999999999995 -0.6860000000000006 -1.7917500104904174 0.5077500238418579 0.063842155 0.06584215 "" "" 19.363525032416117 "" 1.2391296145793405 ""
37.66988054326 57.43125991636 0.0128 0.0139 7.5848 "" "" 458043079420117248 2021.15503 0.4593 0.0203 -0.349 -0.988 0.017 0.017 1.005 9285.4 3.9531 14.59291 0.930756 14.968663 14.037908 "" "" 1938.50586 2114.2876 27402.03511 4.882 14059.0 11.111 19231.0 11.818 "" "" 0.002762101957915007 0.0029191324 0.0038378255 0.0067569576 37.66988054326 57.43125991636 2021.15503 -0.34899999999999987 -0.9880000000000005 -0.006750010490417457 0.20575002384185792 0.063842155 0.063842155 "" "" 1.9722022515345636 "" 0.12590964191134676 ""
37.31924447635 57.64264807472 0.0131 0.0152 16.9302 "" "" 458063317305687808 2111.77515 0.4433 0.0216 0.314 -1.328 0.017 0.019 0.996 9534.2 3.937 14.602989 1.067678 15.04478 13.977102 "" "" 2016.65784 2207.83765 27148.83218 4.8804 13107.0 20.042 20338.0 14.447 "" "" 0.002762224366805279 0.0032467418 0.0038572722 0.007104014 37.31924447635 57.64264807472 2111.77515 0.31400000000000006 -1.328000000000001 0.6562499895095826 -0.13424997615814216 0.063842155 0.06584215 "" "" 6.704985003588745 "" 0.4286074367834303 ""
37.59386185217 57.38026291043 0.0188 0.0235 4.257 "" "" 458041120909524608 2219.50293 0.424 0.0327 -0.202 -1.314 0.026 0.03 1.578 "" "" 14.623759 0.946334 14.485007 13.538673 "" "" 2081.83594 2364.70605 26634.39696 20.055 21949.0 501.66 30457.0 470.5 "" "" 0.0028740469641815565 0.02497164 0.017192999 0.04216464 37.59386185217 57.38026291043 2219.50293 -0.2020000000000003 -1.314 0.1402499895095825 -0.12024997615814215 0.07284215 0.07684215 "" "" 1.943582359294863 "" 0.1449194312393211 ""
37.63555305695 57.56813565299 0.0136 0.0145 13.0523 "" "" 458070876449184000 2043.2666 0.457 0.0218 -0.304 -1.26 0.017 0.018 1.048 8544.6 3.7032 14.62719 0.941943 15.005361 14.063417 "" "" 1969.0802 2136.68433 26550.37937 5.2938 13592.0 14.72 18784.0 9.7832 "" "" 0.002763811445349424 0.0030278128 0.003821452 0.0068492647 37.63555305695 57.56813565299 2043.2666 -0.3040000000000001 -1.2599999999999998 0.03824998950958253 -0.0662499761581421 0.063842155 0.06484215 "" "" 0.7409007383593001 "" 0.04785744371271349 ""
36.88760990783 57.31284456613 0.0141 0.0169 18.9668 "" "" 457676976407471744 2395.41528 0.3858 0.0236 0.826 0.253 0.02 0.021 1.124 5150.9 2.8169 14.628653 1.767044 15.481882 13.714838 -44.99 3.17 2258.1084 2579.50806 26514.63327 6.9316 8763.2 10.641 25895.0 17.7 "" "" 0.0027699014465696033 0.0030859683 0.0038515565 0.006937525 36.88760990783 57.31284456613 2395.41528 0.8260000000000001 0.2530000000000001 1.1682499895095826 1.446750023841858 0.06684215 0.067842156 "" "" 21.11373053150106 "" 1.424104919541475 ""
37.26869416129 57.57513647153 0.0467 0.0506 13.7478 "" "" 458061633678539648 2906.08984 0.3258 0.0746 0.29 -6.053 0.061 0.065 4.811 6201.9 3.6594 14.629129 2.040556 15.590934 13.550378 -13.58 3.02 2363.54834 3604.32031 26503.00424 19.315 7925.8 21.585 30131.0 38.887 "" "" 0.0028666871812633925 0.0040654847 0.0040307846 0.008096269 37.26869416129 57.57513647153 2906.08984 0.2900000000000018 -6.0530000000000035 0.6322499895095826 -4.859249976158142 0.107842155 0.111842155 "" "" 67.4997245735187 "" 7.5448989741057435 ""
37.83849476477 57.24298785054 0.0127 0.0141 14.3912 "" "" 457993051639395968 2290.85571 0.4018 0.0201 -0.606 -1.334 0.018 0.017 0.989 10323.3 3.9767 14.630682 0.877711 14.976548 14.098837 "" "" 2194.80176 2389.02271 26465.12434 5.698 13957.0 16.436 18181.0 17.392 "" "" 0.002765218579866176 0.0030691724 0.0039194967 0.006988669 37.83849476477 57.24298785054 2290.85571 -0.606 -1.334 -0.26375001049041746 -0.14024997615814216 0.06484215 0.063842155 "" "" 3.2437065629758948 "" 0.2096182061711 ""
37.06398111149 57.42393023913 0.0616 0.0786 13.2904 "" "" 458054413830898560 2841.12744 0.3732 0.0989 -0.419 -1.472 0.08 0.094 2.82 "" "" 14.630974 0.886111 14.552275 13.666163 -216.54 10.74 2292.19287 3802.10132 26458.01448 21.153 20630.0 47.313 27083.0 39.198 "" "" 0.0028888198965574155 0.003739696 0.0040930524 0.007832749 37.06398111149 57.42393023913 2841.12744 -0.419 -1.472 -0.07675001049041746 -0.27824997615814206 0.12684216 0.14084215 "" "" 3.887111886205143 "" 0.5438004997388325 ""
