Clusters/UBC_606/UBC_606_stars_in_region.tsv
# %ECSV 1.0
# ---
# datatype:
# - name: RA_ICRS_1
#   unit: deg
#   datatype: float64
#   format: '{:15.11f}'
#   description: Right ascension (ICRS) at Ep=2016.0 (ra)
#   meta: !!omap
#   - {ucd: POS_EQ_RA_MAIN}
#   - {width: 15}
#   - {precision: '11'}
# - name: DE_ICRS_1
#   unit: deg
#   datatype: float64
#   format: '{:15.11f}'
#   description: Declination (ICRS) at Ep=2016.0 (dec)
#   meta: !!omap
#   - {ucd: POS_EQ_DEC_MAIN}
#   - {width: 15}
#   - {precision: '11'}
# - name: e_RA_ICRS
#   unit: mas
#   datatype: float64
#   format: '{:7.4f}'
#   description: Standard error of right ascension (ra_error)
#   meta: !!omap
#   - {ucd: ERROR}
#   - {width: 7}
#   - {precision: '4'}
# - name: e_DE_ICRS
#   unit: mas
#   datatype: float64
#   format: '{:7.4f}'
#   description: Standard error of declination (dec_error)
#   meta: !!omap
#   - {ucd: ERROR}
#   - {width: 7}
#   - {precision: '4'}
# - name: _r_1
#   unit: ''
#   datatype: float64
#   format: '{:7.4f}'
#   description: Distance from center (037.46331562000+57.37129864000)[ICRS], at Epoch=J2016.0
#   meta: !!omap
#   - {ucd: POS_ANG_DIST_GENERAL}
#   - {width: 7}
#   - {precision: '4'}
# - name: HIP
#   datatype: int32
#   description: '? HIP cross-id number, van Leeuwen, Cat. I/311 (hip_original_ext_source_id)'
#   meta: !!omap
#   - {ucd: ID_NUMBER}
#   - {width: 6}
#   - values: {'null': -2147483648}
# - name: TYC2
#   datatype: string
#   description: Tycho-2 cross-id name, Hog et al., Cat. I/259 (tyc2_original_ext_source_id)
#   meta: !!omap
#   - {ucd: ID_CROSSID}
#   - {_votable_string_dtype: char}
# - name: Source
#   datatype: int64
#   description: Source identifier, identical to the Gaia-EDR3 source_id (id)
#   meta: !!omap
#   - {ucd: ID_MAIN}
#   - {width: 19}
# - name: rgeo
#   unit: pc
#   datatype: float64
#   format: '{:15.8f}'
#   description: '? Median of the geometric distance posterior (r_med_geo)'
#   meta: !!omap
#   - {ucd: PHYS_DISTANCE_TRUE}
#   - {width: 15}
#   - {precision: '8'}
#   - values: {'null': .nan}
# - name: Plx
#   unit: mas
#   datatype: float64
#   format: '{:9.4f}'
#   description: '? Parallax (parallax)'
#   meta: !!omap
#   - {ucd: POS_PARLX_TRIG}
#   - {width: 9}
#   - {precision: '4'}
#   - values: {'null': .nan}
# - name: e_Plx
#   unit: mas
#   datatype: float32
#   format: '{:7.4f}'
#   description: '? Standard error of parallax (parallax_error)'
#   meta: !!omap
#   - {ucd: ERROR}
#   - {width: 7}
#   - {precision: '4'}
#   - values: {'null': .nan}
# - name: pmRA
#   unit: mas / yr
#   datatype: float64
#   format: '{:9.3f}'
#   description: '? Proper motion in right ascension direction, pmRA*cosDE (pmra)'
#   meta: !!omap
#   - {ucd: POS_EQ_PMRA}
#   - {width: 9}
#   - {precision: '3'}
#   - values: {'null': .nan}
# - name: pmDE
#   unit: mas / yr
#   datatype: float64
#   format: '{:9.3f}'
#   description: '? Proper motion in declination direction (pmdec)'
#   meta: !!omap
#   - {ucd: POS_EQ_PMDEC}
#   - {width: 9}
#   - {precision: '3'}
#   - values: {'null': .nan}
# - name: e_pmRA
#   unit: mas / yr
#   datatype: float32
#   format: '{:6.3f}'
#   description: '? Standard error of proper motion in right ascension direction (pmra_error)'
#   meta: !!omap
#   - {ucd: ERROR}
#   - {width: 6}
#   - {precision: '3'}
#   - values: {'null': .nan}
# - name: e_pmDE
[...]
#         value: !astropy.table.SerializedColumn {name: SkyCoord.dec}
#       distance: !astropy.table.SerializedColumn
#         __class__: astropy.coordinates.distances.Distance
#         unit: !astropy.units.Unit {unit: pc}
#         value: !astropy.table.SerializedColumn {name: SkyCoord.distance}
#       frame: icrs
#       obstime: !astropy.time.Time {format: jyear_str, in_subfmt: '*', jd1: 367701545.0, jd2: 0.0, out_subfmt: '*', precision: 3, scale: tt}
#       pm_dec: !astropy.table.SerializedColumn
#         __class__: astropy.units.quantity.Quantity
#         unit: !astropy.units.Unit {unit: mas / yr}
#         value: !astropy.table.SerializedColumn {name: SkyCoord.pm_dec}
#       pm_ra_cosdec: !astropy.table.SerializedColumn
#         __class__: astropy.units.quantity.Quantity
#         unit: !astropy.units.Unit {unit: mas / yr}
#         value: !astropy.table.SerializedColumn {name: SkyCoord.pm_ra_cosdec}
#       ra: !astropy.table.SerializedColumn
#         __class__: astropy.coordinates.angles.Longitude
#         unit: *id001
#         value: !astropy.table.SerializedColumn {name: SkyCoord.ra}
#         wrap_angle: !astropy.coordinates.Angle
#           unit: *id001
#           value: 360.0
#       representation_type: spherical
# schema: astropy-2.0
RA_ICRS_1 DE_ICRS_1 e_RA_ICRS e_DE_ICRS _r_1 HIP TYC2 Source rgeo Plx e_Plx pmRA pmDE e_pmRA e_pmDE RUWE Teff logg Gmag BP-RP BPmag RPmag RV e_RV b_rgeo B_rgeo FG e_FG FBP e_FBP FRP e_FRP RAVE5 RAVE6 e_Gmag e_BPmag e_RPmag e_BP-RP SkyCoord.ra SkyCoord.dec SkyCoord.distance SkyCoord.pm_ra_cosdec SkyCoord.pm_dec rmRA rmDE e_rmRA e_rmDE rRV e_rRV v_pec v_pec3d e_vpec e_vpec3d
[from data line 93]
37.50126980865 57.36493945949 0.0094 0.0107 1.2859 "" "" 458043594816224384 2452.36182 0.3783 0.0156 -0.372 -1.264 0.012 0.013 1.007 15001.2 4.1378 13.916919 0.847767 14.251024 13.403257 "" "" 2334.8479 2575.21411 51071.56532 21.404 27227.0 38.008 34503.0 41.223 "" "" 0.002792640637274154 0.0031752558 0.0039958046 0.0071710604 37.50126980865 57.36493945949 2452.36182 -0.37200000000000005 -1.2640000000000013 -0.029750010490417478 -0.0702499761581421 0.058842152 0.059842154 "" "" 0.8868066521362485 "" 0.052934521910854744 ""
37.44052242027 57.1082401079 0.0103 0.0116 15.8009 "" "" 458031019152068992 2105.09839 0.4411 0.0167 -0.334 -1.007 0.013 0.014 1.143 "" "" 13.967911 0.687958 14.226382 13.538424 "" "" 2028.42493 2177.05396 48728.44007 36.98 27852.0 68.112 30464.0 67.348 "" "" 0.0028758837871581335 0.0038516168 0.004477173 0.00832879 37.44052242027 57.1082401079 2105.09839 -0.33399999999999974 -1.0069999999999992 0.0082499895095825 0.18675002384185801 0.059842154 0.060842156 "" "" 1.8652402265396293 "" 0.11348163433002188 ""
37.87575342674 57.58011730025 0.0103 0.0114 18.2757 "" "" 458068746145385088 2220.9585 0.4149 0.0169 -1.074 1.253 0.013 0.014 1.064 5315.1 2.9176 13.969684 2.02223 14.994935 12.972705 -56.93 1.2 2147.90698 2293.56323 48648.94204 9.7236 13723.0 13.476 51295.0 25.117 "" "" 0.0027638528116953197 0.0029869413 0.003816591 0.006803532 37.87575342674 57.58011730025 2220.9585 -1.0739999999999994 1.2529999999999988 -0.7317500104904175 2.446750023841858 0.059842154 0.060842156 "" "" 26.885037051571437 "" 1.6335530428834746 ""
37.31325675546 57.12068412922 0.0094 0.0112 15.8062 "" "" 458031568907736320 2554.40332 0.3561 0.0162 -2.758 -1.209 0.013 0.014 1.051 "" "" 13.978264 1.801788 14.857679 13.055891 -60.21 1.46 2447.01953 2654.01074 48265.98015 8.2324 15572.0 15.777 47512.0 16.138 "" "" 0.0027615364370551895 0.0029991856 0.0037973316 0.0067965174 37.31325675546 57.12068412922 2554.40332 -2.758 -1.208999999999998 -2.4157500104904175 -0.015249976158142164 0.059842154 0.060842156 "" "" 29.25017407557444 "" 1.7503946081094615 ""
37.6329807978 57.25321660369 0.0099 0.0108 8.9678 "" "" 458039162410013440 2750.67285 0.3279 0.0166 -1.007 -0.77 0.013 0.013 1.1 9277.1 3.8205 13.988185 0.899087 14.348527 13.44944 "" "" 2644.83862 2855.2124 47826.95075 7.1016 24889.0 15.348 33066.0 13.305 "" "" 0.002760032602128936 0.0028693755 0.0038045482 0.0066739237 37.6329807978 57.25321660369 2750.67285 -1.0069999999999995 -0.7699999999999996 -0.6647500104904174 0.4237500238418579 0.059842154 0.059842154 "" "" 10.278333510535099 "" 0.6150776207441809 ""
37.26299979454 57.34292360079 0.0097 0.011 6.7029 "" "" 458050123166334592 2097.11255 0.4416 0.0163 -0.609 -0.163 0.013 0.014 0.973 10484.1 3.8967 14.000315 0.79385 14.309518 13.515668 "" "" 2022.34558 2155.1521 47295.61081 8.5293 25799.0 18.254 31109.0 13.249 "" "" 0.002762268593246721 0.0028939927 0.003807564 0.006701557 37.26299979454 57.34292360079 2097.11255 -0.609 -0.16299999999999998 -0.26675001049041747 1.0307500238418579 0.059842154 0.060842156 "" "" 10.583522210255445 "" 0.6432651120406824 ""
37.26267908206 57.24917136177 0.0102 0.0115 9.7962 "" "" 458036344911321728 2205.89795 0.4172 0.0174 -0.54 1.143 0.014 0.015 1.089 5283.7 3.0293 14.042618 1.712217 14.865603 13.153386 -36.75 2.45 2137.07593 2324.18823 45488.28208 31.576 15459.0 36.418 43431.0 81.179 "" "" 0.0028565380519825537 0.0037851236 0.004289779 0.008074902 37.26267908206 57.24917136177 2205.89795 -0.54 1.143 -0.19775001049041752 2.3367500238418577 0.060842156 0.061842155 "" "" 24.52028923045137 "" 1.5162145650452585 ""
37.76103172 57.38812414284 0.0097 0.0105 9.6821 "" "" 458041979908502656 2188.61646 0.428 0.0153 -0.595 -1.04 0.013 0.013 0.997 12269.1 4.2363 14.067177 0.829732 14.392345 13.562613 "" "" 2114.2644 2256.75977 44470.90972 16.414 23904.0 32.58 29793.0 33.874 "" "" 0.002784309958275228 0.0031583025 0.003975879 0.0071341814 37.76103172 57.38812414284 2188.61646 -0.5949999999999999 -1.0399999999999996 -0.25275001049041745 0.15375002384185787 0.059842154 0.059842154 "" "" 3.069062412932033 "" 0.18365930672776484 ""
37.75542483883 57.38957314522 0.0538 0.0573 9.5112 "" "" 458041979908502272 2242.72192 0.4349 0.0868 -2.315 2.176 0.074 0.072 6.103 7299.0 3.2146 14.069256 1.271339 14.606195 13.334856 "" "" 1916.27661 2613.18872 44385.84633 19.275 19631.0 29.525 36746.0 24.127 "" "" 0.002795370094520956 0.0032328872 0.0038460274 0.007078915 37.75542483883 57.38957314522 2242.72192 -2.315 2.176 -1.9727500104904174 3.369750023841858 0.12084216 0.118842155 "" "" 41.50929611589795 "" 4.954376719233847 ""
37.50072110061 57.44087776746 0.0111 0.0118 4.3463 "" "" 458045175364163328 2053.49707 0.4451 0.0173 -0.531 -0.641 0.014 0.015 1.001 4540.7 2.344 14.089177 2.200295 15.240199 13.039905 -32.3 0.99 1984.70557 2123.48853 43578.84491 10.217 10948.0 11.734 48217.0 23.459 "" "" 0.0027670534453643502 0.003023113 0.0038161194 0.0068392325 37.50072110061 57.44087776746 2053.49707 -0.531 -0.641 -0.1887500104904175 0.5527500238418579 0.060842156 0.061842155 "" "" 5.685268033384879 "" 0.35099983126053047 ""
37.56170637333 57.20160594912 0.0103 0.0113 10.6697 "" "" 458033012016966400 2710.46045 0.3295 0.017 0.594 0.186 0.013 0.014 1.024 5311.1 2.5456 14.102263 1.824695 14.995567 13.170873 -41.87 1.7 2595.35083 2835.46484 43056.77122 7.7336 13715.0 11.138 42738.0 18.966 "" "" 0.0027622128174587435 0.0029261743 0.0038099708 0.0067361454 37.56170637333 57.20160594912 2710.46045 0.5940000000000001 0.1859999999999998 0.9362499895095825 1.3797500238418579 0.059842154 0.060842156 "" "" 21.422257180151 "" 1.2966605077109015 ""
37.05096447754 57.58620795308 0.0248 0.0306 18.5253 "" "" 458062389592790144 2551.37354 0.3591 0.0406 -0.597 -0.955 0.033 0.037 2.646 9089.3 3.511 14.112016 1.082014 14.557343 13.475328 "" "" 2318.21509 2861.05713 42671.7426 8.907 20534.0 16.122 32287.0 12.635 "" "" 0.0027646247624543547 0.0029174855 0.00380319 0.0067206756 37.05096447754 57.58620795308 2551.37354 -0.5969999999999999 -0.9549999999999994 -0.25475001049041746 0.23875002384185795 0.07984215 0.08384216 "" "" 4.222335248233683 "" 0.3451209071443887 ""
37.46090026822 57.42127460777 0.0104 0.0117 2.9996 "" "" 458045037924972288 2462.05103 0.3666 0.0172 -2.122 -1.146 0.014 0.014 1.026 "" "" 14.11743 2.044084 15.156487 13.112404 -57.23 1.56 2370.51562 2574.83691 42459.48544 8.8097 11826.0 13.085 45102.0 18.96 "" "" 0.0027645140068663253 0.0030377998 0.0038068423 0.006844642 37.46090026822 57.42127460777 2462.05103 -2.122 -1.1459999999999986 -1.7797500104904174 0.047750023841858 0.060842156 0.060842156 "" "" 20.777373582724106 "" 1.264140213313617 ""
37.44213374773 57.58769941073 0.0109 0.0123 13.002 "" "" 458059640813699328 2339.8479 0.3854 0.018 1.703 -1.036 0.014 0.016 1.045 5239.1 3.0006 14.12607 1.995105 15.134645 13.13954 -63.25 1.4 2235.85498 2432.08081 42122.95084 8.3734 12066.0 11.079 43989.0 19.688 "" "" 0.0027637603069319877 0.0029629213 0.003810494 0.006773415 37.44213374773 57.58769941073 2339.8479 1.7029999999999996 -1.0359999999999987 2.045249989509583 0.15775002384185788 0.060842156 0.06284215 "" "" 22.750992955224763 "" 1.3844929589537738 ""
37.19605827089 57.2259122438 0.0102 0.0118 12.2942 "" "" 458036104393170688 2150.7583 0.4302 0.0179 -0.413 -1.213 0.014 0.015 0.989 9540.2 4.0767 14.133645 0.683169 14.395834 13.712665 "" "" 2073.46924 2235.7605 41830.08019 9.3833 23828.0 16.781 25947.0 14.095 "" "" 0.002766063420316197 0.0028930462 0.0038251258 0.0067181718 37.19605827089 57.2259122438 2150.7583 -0.4130000000000006 -1.2130000000000005 -0.07075001049041746 -0.019249976158142168 0.060842156 0.061842155 "" "" 0.7474887333675362 "" 0.045530742466330376 ""
36.88371548635 57.42281612046 0.0112 0.013 18.991 "" "" 458053696579094400 2620.47046 0.3434 0.0187 -1.229 -0.92 0.015 0.016 1.046 "" "" 14.1458 1.971191 15.137454 13.166263 -68.97 1.57 2502.93677 2745.30444 41364.41356 9.7708 12035.0 16.592 42919.0 21.284 "" "" 0.0027672302982136325 0.003166322 0.0038175427 0.0069838646 36.88371548635 57.42281612046 2620.47046 -1.229 -0.92 -0.8867500104904176 0.27375002384185787 0.061842155 0.06284215 "" "" 11.527255592992702 "" 0.7138807076794542 ""
37.19111848653 57.19014417899 0.0104 0.0118 14.0025 "" "" 458035760795954048 2680.24585 0.3396 0.0171 0.185 -0.989 0.014 0.015 1.012 5439.0 3.0529 14.185876 1.642661 14.961287 13.318625 -50.31 2.16 2564.82568 2786.37915 39865.4205 6.6928 14155.0 10.976 37300.0 18.437 "" "" 0.002761342954018691 0.002914419 0.0038172947 0.0067317137 37.19111848653 57.19014417899 2680.24585 0.18499999999999983 -0.9890000000000004 0.5272499895095826 0.20475002384185792 0.060842156 0.061842155 "" "" 7.185721145519504 "" 0.43814311502336806 ""
37.74615857126 57.445900725 0.0114 0.012 10.1782 "" "" 458042976340894848 2195.18311 0.4241 0.0179 -0.259 -1.308 0.016 0.015 1.024 8795.7 3.6928 14.187612 1.001161 14.595082 13.593922 "" "" 2094.15771 2286.65894 39801.73989 5.8019 19833.0 15.418 28946.0 15.079 "" "" 0.0027598619696612074 0.0029150394 0.0038214696 0.006736509 37.74615857126 57.445900725 2195.18311 -0.2590000000000005 -1.308000000000001 0.08324998950958251 -0.11424997615814214 0.06284215 0.061842155 "" "" 1.4709101733973866 "" 0.09147706207834938 ""
36.99251713578 57.30029171325 0.0115 0.0135 15.8299 "" "" 458049195453457152 2139.09839 0.4292 0.0183 -0.69 -1.246 0.016 0.016 0.921 10548.1 3.997 14.188991 0.751308 14.477536 13.726229 "" "" 2062.84619 2231.53882 39751.20914 8.9941 22101.0 21.887 25625.0 17.208 "" "" 0.0027662497099355332 0.0029901762 0.0038490677 0.0068392437 36.99251713578 57.30029171325 2139.09839 -0.6900000000000002 -1.2459999999999989 -0.3477500104904174 -0.052249976158142086 0.06284215 0.06284215 "" "" 3.5655288229473623 "" 0.22406550786303756 ""
37.37358884074 57.15895919951 0.0247 0.0291 13.0687 "" "" 458032118663689344 2460.39868 0.375 0.0425 -1.367 1.341 0.033 0.036 2.766 8189.3 3.5908 14.195369 1.038922 14.620141 13.581219 "" "" 2246.271 2742.90601 39518.37289 8.6451 19380.0 14.841 29287.0 14.047 "" "" 0.0027655386224545797 0.002911417 0.00381509 0.006726507 37.37358884074 57.15895919951 2460.39868 -1.3669999999999993 1.3410000000000002 -1.0247500104904175 2.534750023841858 0.07984215 0.08284216 "" "" 31.88537042831137 "" 2.628225051922917 ""
37.47052723414 57.67635050194 0.0118 0.013 18.3046 "" "" 458084139307939712 2775.88599 0.3272 0.0192 -0.623 0.733 0.015 0.017 0.956 5815.7 3.0097 14.204252 1.825031 15.096724 13.271692 -20.28 2.54 2633.30933 2922.49268 39196.36143 8.5462 12495.0 13.933 38948.0 22.244 "" "" 0.002765471037282493 0.0030415154 0.003829913 0.0068714283 37.47052723414 57.67635050194 2775.88599 -0.6230000000000002 0.7329999999999997 -0.2807500104904175 1.926750023841858 0.061842155 0.063842155 "" "" 25.61931569856178 "" 1.6345433988325486 ""
37.92461583792 57.39482351747 0.0123 0.0138 14.9856 "" "" 458018271688234624 2565.70093 0.3533 0.0195 1.929 -1.89 0.017 0.017 1.204 5256.6 2.7309 14.232269 2.007225 15.247685 13.240459 -73.85 1.63 2442.04028 2680.04102 38197.85085 8.1225 10873.0 11.369 40084.0 15.767 "" "" 0.0027649759910187434 0.0030122872 0.0038034352 0.006815722 37.92461583792 57.39482351747 2565.70093 1.929 -1.8899999999999997 2.271249989509583 -0.696249976158142 0.063842155 0.063842155 "" "" 28.890329989083938 "" 1.844420926299937 ""
37.13850527393 57.60993273364 0.011 0.0128 17.74 "" "" 458062664470682496 2429.06104 0.371 0.0174 -0.693 -0.963 0.014 0.016 1.008 5272.9 3.1147 14.264721 2.119054 15.355922 13.236868 12.37 2.13 2349.91309 2523.28125 37073.06096 6.8002 9841.2 12.933 40217.0 16.742 "" "" 0.0027625081806483902 0.0031338353 0.0038063126 0.006940148 37.13850527393 57.60993273364 2429.06104 -0.6929999999999998 -0.963 -0.35075001049041743 0.23075002384185794 0.060842156 0.06284215 "" "" 4.834008177876016 "" 0.2970650276987274 ""
37.84145934779 57.48088144701 0.0118 0.013 13.8723 "" "" 458065791207928704 2245.59888 0.4102 0.0192 -0.538 -0.638 0.015 0.016 1.03 "" "" 14.266195 0.971238 14.659943 13.688705 "" "" 2170.93384 2349.80273 37022.76188 6.1785 18683.0 18.078 26526.0 11.395 "" "" 0.0027612714234248417 0.0029814024 0.0038080525 0.006789455 37.84145934779 57.48088144701 2245.59888 -0.538 -0.638 -0.19575001049041751 0.5557500238418579 0.061842155 0.06284215 "" "" 6.271702793086073 "" 0.39344000392684914 ""
37.67742809274 57.48630490999 0.0113 0.0126 9.7697 "" "" 458046274875956864 2086.68188 0.4513 0.0184 -0.362 -1.139 0.015 0.016 1.023 10611.1 4.1354 14.287818 0.826654 14.61233 13.785676 "" "" 2013.21411 2159.34058 36292.72399 6.3682 19520.0 13.587 24260.0 17.968 "" "" 0.0027618986351125524 0.0028907058 0.003863984 0.00675469 37.67742809274 57.48630490999 2086.68188 -0.36199999999999954 -1.139 -0.01975001049041747 0.0547500238418579 0.061842155 0.06284215 "" "" 0.5756817276303837 "" 0.036111260917231595 ""
37.85507453661 57.14340705612 0.0123 0.0134 18.6706 "" "" 457987725880026368 2683.98804 0.3379 0.0201 -3.172 -1.355 0.017 0.017 1.179 4814.2 2.8984 14.308678 1.895925 15.250093 13.354168 -60.31 1.61 2543.69312 2823.60815 35602.10387 6.7539 10849.0 14.876 36099.0 17.14 "" "" 0.002763007945691909 0.0031625011 0.0038143783 0.006976879 37.85507453661 57.14340705612 2683.98804 -3.1719999999999993 -1.355000000000001 -2.8297500104904176 -0.16124997615814207 0.063842155 0.063842155 "" "" 36.05877401728016 "" 2.302069841338659 ""
37.44516756653 57.55517493294 0.0119 0.0128 11.0481 "" "" 458058987978684672 2112.86694 0.4391 0.0187 -1.743 -1.525 0.016 0.017 0.961 "" "" 14.316993 0.989856 14.719216 13.729361 "" "" 2036.05493 2205.60181 35330.47875 6.2131 17690.0 18.036 25551.0 14.959 "" "" 0.0027619277995658774 0.0030017386 0.0038324639 0.0068342024 37.44516756653 57.55517493294 2112.86694 -1.7430000000000014 -1.5250000000000017 -1.4007500104904176 -0.331249976158142 0.06284215 0.063842155 "" "" 14.415418271546292 "" 0.9066651286899117 ""
37.87664276593 57.27622718862 0.0121 0.0137 14.5536 "" "" 457993223438066048 2265.42505 0.4095 0.0198 -0.404 -1.119 0.016 0.017 1.071 11406.0 4.2095 14.340478 0.717032 14.615631 13.8986 "" "" 2176.84351 2370.64795 34574.46112 12.84 19461.0 20.355 21863.0 35.023 "" "" 0.002784666885068322 0.0030124183 0.0041603846 0.007172803 37.87664276593 57.27622718862 2265.42505 -0.4039999999999998 -1.1189999999999996 -0.061750010490417506 0.07475002384185792 0.06284215 0.063842155 "" "" 1.0411337298893175 "" 0.06604789606618178 ""
37.23219329599 57.44988841563 0.0118 0.0136 8.8331 "" "" 458051772433691904 2064.36963 0.4436 0.0189 -0.338 0.025 0.016 0.017 1.094 5180.5 2.8352 14.341088 2.06503 15.389495 13.324465 -17.51 1.77 1990.01575 2161.30664 34555.0343 9.096 9541.5 11.381 37100.0 16.694 "" "" 0.0027701031542613384 0.0030760714 0.003810828 0.0068868995 37.23219329599 57.44988841563 2064.36963 -0.338 0.024999999999999967 0.004249989509582497 1.2187500238418578 0.06284215 0.063842155 "" "" 11.925678049210955 "" 0.7613608430833069 ""
37.90384012914 57.26717104528 0.0125 0.0135 15.5794 "" "" 457993017279638784 2341.27246 0.3907 0.0195 -0.329 -1.265 0.017 0.016 1.041 11845.4 4.094 14.34234 0.738836 14.620554 13.881718 "" "" 2254.25684 2449.38843 34515.20007 21.631 19373.0 35.672 22206.0 38.106 "" "" 0.0028380960953165893 0.0034324662 0.0042136735 0.0076461397 37.90384012914 57.26717104528 2341.27246 -0.32899999999999996 -1.265 0.013249989509582505 -0.07124997615814199 0.063842155 0.06284215 "" "" 0.8042622290197865 "" 0.050568660760961615 ""
37.69799676387 57.30336713532 0.0113 0.0122 8.6234 "" "" 458039712165804544 2510.44019 0.3659 0.0177 -0.177 -1.074 0.015 0.015 0.989 11779.5 4.1813 14.361989 0.673668 14.616103 13.942435 "" "" 2402.10596 2650.10034 33896.2027 6.9431 19453.0 15.788 20998.0 13.33 "" "" 0.0027642809769993955 0.0029260088 0.0038417175 0.0067677265 37.69799676387 57.30336713532 2510.44019 -0.177 -1.074 0.16524998950958253 0.11975002384185784 0.061842155 0.061842155 "" "" 2.4284174923840607 "" 0.1501785702680913 ""
