Clusters/UBC_270/UBC_270_stars_in_region.tsv
# %ECSV 1.0
# ---
# datatype:
# - name: RA_ICRS_1
#   unit: deg
#   datatype: float64
#   format: '{:15.11f}'
#   description: Right ascension (ICRS) at Ep=2016.0 (ra)
#   meta: !!omap
#   - {ucd: POS_EQ_RA_MAIN}
#   - {width: 15}
#   - {precision: '11'}
# - name: DE_ICRS_1
#   unit: deg
#   datatype: float64
#   format: '{:15.11f}'
#   description: Declination (ICRS) at Ep=2016.0 (dec)
#   meta: !!omap
#   - {ucd: POS_EQ_DEC_MAIN}
#   - {width: 15}
#   - {precision: '11'}
# - name: e_RA_ICRS
#   unit: mas
#   datatype: float64
#   format: '{:7.4f}'
#   description: Standard error of right ascension (ra_error)
#   meta: !!omap
#   - {ucd: ERROR}
#   - {width: 7}
#   - {precision: '4'}
# - name: e_DE_ICRS
#   unit: mas
#   datatype: float64
#   format: '{:7.4f}'
#   description: Standard error of declination (dec_error)
#   meta: !!omap
#   - {ucd: ERROR}
#   - {width: 7}
#   - {precision: '4'}
# - name: _r_1
#   unit: ''
#   datatype: float64
#   format: '{:7.4f}'
#   description: Distance from center (169.78681485000-59.54840347000)[ICRS], at Epoch=J2016.0
#   meta: !!omap
#   - {ucd: POS_ANG_DIST_GENERAL}
#   - {width: 7}
#   - {precision: '4'}
# - name: HIP
#   datatype: int32
#   description: '? HIP cross-id number, van Leeuwen, Cat. I/311 (hip_original_ext_source_id)'
#   meta: !!omap
#   - {ucd: ID_NUMBER}
#   - {width: 6}
#   - values: {'null': -2147483648}
# - name: TYC2
#   datatype: string
#   description: Tycho-2 cross-id name, Hog et al., Cat. I/259 (tyc2_original_ext_source_id)
#   meta: !!omap
#   - {ucd: ID_CROSSID}
#   - {_votable_string_dtype: char}
# - name: Source
#   datatype: int64
#   description: Source identifier, identical to the Gaia-EDR3 source_id (id)
#   meta: !!omap
#   - {ucd: ID_MAIN}
#   - {width: 19}
# - name: rgeo
#   unit: pc
#   datatype: float64
#   format: '{:15.8f}'
#   description: '? Median of the geometric distance posterior (r_med_geo)'
#   meta: !!omap
#   - {ucd: PHYS_DISTANCE_TRUE}
#   - {width: 15}
#   - {precision: '8'}
#   - values: {'null': .nan}
# - name: Plx
#   unit: mas
#   datatype: float64
#   format: '{:9.4f}'
#   description: '? Parallax (parallax)'
#   meta: !!omap
#   - {ucd: POS_PARLX_TRIG}
#   - {width: 9}
#   - {precision: '4'}
#   - values: {'null': .nan}
# - name: e_Plx
#   unit: mas
#   datatype: float32
#   format: '{:7.4f}'
#   description: '? Standard error of parallax (parallax_error)'
#   meta: !!omap
#   - {ucd: ERROR}
#   - {width: 7}
#   - {precision: '4'}
#   - values: {'null': .nan}
# - name: pmRA
#   unit: mas / yr
#   datatype: float64
#   format: '{:9.3f}'
#   description: '? Proper motion in right ascension direction, pmRA*cosDE (pmra)'
#   meta: !!omap
#   - {ucd: POS_EQ_PMRA}
#   - {width: 9}
#   - {precision: '3'}
#   - values: {'null': .nan}
# - name: pmDE
#   unit: mas / yr
#   datatype: float64
#   format: '{:9.3f}'
#   description: '? Proper motion in declination direction (pmdec)'
#   meta: !!omap
#   - {ucd: POS_EQ_PMDEC}
#   - {width: 9}
#   - {precision: '3'}
#   - values: {'null': .nan}
# - name: e_pmRA
#   unit: mas / yr
#   datatype: float32
#   format: '{:6.3f}'
#   description: '? Standard error of proper motion in right ascension direction (pmra_error)'
#   meta: !!omap
#   - {ucd: ERROR}
#   - {width: 6}
#   - {precision: '3'}
#   - values: {'null': .nan}
# - name: e_pmDE
[...]
#         value: !astropy.table.SerializedColumn {name: SkyCoord.dec}
#       distance: !astropy.table.SerializedColumn
#         __class__: astropy.coordinates.distances.Distance
#         unit: !astropy.units.Unit {unit: pc}
#         value: !astropy.table.SerializedColumn {name: SkyCoord.distance}
#       frame: icrs
#       obstime: !astropy.time.Time {format: jyear_str, in_subfmt: '*', jd1: 367701545.0, jd2: 0.0, out_subfmt: '*', precision: 3, scale: tt}
#       pm_dec: !astropy.table.SerializedColumn
#         __class__: astropy.units.quantity.Quantity
#         unit: !astropy.units.Unit {unit: mas / yr}
#         value: !astropy.table.SerializedColumn {name: SkyCoord.pm_dec}
#       pm_ra_cosdec: !astropy.table.SerializedColumn
#         __class__: astropy.units.quantity.Quantity
#         unit: !astropy.units.Unit {unit: mas / yr}
#         value: !astropy.table.SerializedColumn {name: SkyCoord.pm_ra_cosdec}
#       ra: !astropy.table.SerializedColumn
#         __class__: astropy.coordinates.angles.Longitude
#         unit: *id001
#         value: !astropy.table.SerializedColumn {name: SkyCoord.ra}
#         wrap_angle: !astropy.coordinates.Angle
#           unit: *id001
#           value: 360.0
#       representation_type: spherical
# schema: astropy-2.0
RA_ICRS_1 DE_ICRS_1 e_RA_ICRS e_DE_ICRS _r_1 HIP TYC2 Source rgeo Plx e_Plx pmRA pmDE e_pmRA e_pmDE RUWE Teff logg Gmag BP-RP BPmag RPmag RV e_RV b_rgeo B_rgeo FG e_FG FBP e_FBP FRP e_FRP RAVE5 RAVE6 e_Gmag e_BPmag e_RPmag e_BP-RP SkyCoord.ra SkyCoord.dec SkyCoord.distance SkyCoord.pm_ra_cosdec SkyCoord.pm_dec rmRA rmDE e_rmRA e_rmDE rRV e_rRV v_pec v_pec3d e_vpec e_vpec3d
[from data line 942]
169.40069312079 -59.30435017935 0.0232 0.0218 18.7958 "" "" 5339145593155547648 2325.25952 0.3963 0.0281 -6.047 1.336 0.028 0.027 1.056 7145.7 4.3392 15.494346 0.829278 15.824869 14.995591 "" "" 2173.90649 2488.45264 11945.61751 3.7865 6389.5 10.476 7960.2 9.9281 "" "" 0.0027767304200093366 0.003309672 0.004014654 0.007324326 169.40069312079 -59.30435017935 2325.25952 -6.047 1.3360000000000007 0.29263871002197295 0.1586666450500489 0.08153978 0.080539785 "" "" 3.6689702157311785 "" 0.2983374490197428 ""
170.28958027646 -59.57028463025 0.0223 0.0211 15.3397 "" "" 5339078385501167616 2767.38501 0.3307 0.027 -7.249 0.953 0.028 0.026 0.95 6692.0 4.1038 15.494475 1.030628 15.919315 14.888687 "" "" 2566.40991 3034.16187 11944.18355 3.3595 5857.2 11.805 8783.8 9.2226 "" "" 0.0027721917603220295 0.0035459215 0.003947565 0.0074934866 170.28958027646 -59.57028463025 2767.38501 -7.248999999999999 0.9529999999999998 -0.909361289978027 -0.2243333549499512 0.08153978 0.07953978 "" "" 12.286068536033918 "" 1.0004100298497742 ""
170.10385677877 -59.42363527217 0.02 0.0207 12.2201 "" "" 5339132124137353728 2151.81152 0.4307 0.025 -11.303 2.174 0.026 0.027 0.995 6557.2 4.1799 15.495941 0.970882 15.89195 14.921067 "" "" 2029.91565 2262.36475 11928.07574 3.343 6006.7 8.5957 8525.7 8.1271 "" "" 0.002772071952806442 0.0031935966 0.003918533 0.0071121296 170.10385677877 -59.42363527217 2151.81152 -11.30299999999999 2.1740000000000004 -4.963361289978028 0.9966666450500488 0.07953978 0.080539785 "" "" 51.634796161166435 "" 4.109033936295235 ""
169.9570816439 -59.41111991401 0.0196 0.0212 9.7347 "" "" 5339127279413710848 2828.604 0.3217 0.0243 -7.446 2.099 0.025 0.028 0.991 7112.5 3.9293 15.496849 0.837662 15.831058 14.993397 "" "" 2635.12988 3065.49927 11918.10194 4.0436 6353.2 14.78 7976.3 11.214 "" "" 0.00277983570869458 0.0037636322 0.0040760012 0.007839633 169.9570816439 -59.41111991401 2828.604 -7.446000000000001 2.099 -1.106361289978027 0.921666645050049 0.07853978 0.08153978 "" "" 19.306475836507524 "" 1.5403180738763955 ""
169.99529348787 -59.58212741771 0.0219 0.021 6.6516 "" "" 5339124187036869376 2680.27271 0.3432 0.0271 -5.531 1.513 0.029 0.028 0.925 6664.0 4.0286 15.497142 1.044147 15.931144 14.886997 "" "" 2512.96265 2862.82739 11914.88927 3.4374 5793.7 9.16 8797.5 9.4226 "" "" 0.002773067416976228 0.003275926 0.003954241 0.0072301673 169.99529348787 -59.58212741771 2680.27271 -5.530999999999998 1.513 0.808638710021973 0.33566664505004873 0.08253978 0.08153978 "" "" 11.123279652711854 "" 0.9164866105171331 ""
169.86998492811 -59.35060610982 0.0249 0.0262 12.1359 "" "" 5339136419104723840 2103.55713 0.4396 0.0303 -9.127 5.025 0.031 0.035 1.195 6091.3 3.7424 15.502113 1.045162 15.927682 14.88252 "" "" 1976.92041 2243.91382 11860.45478 3.7299 5812.2 10.591 8833.9 11.232 "" "" 0.002776395823780561 0.0034204142 0.0040236106 0.007444025 169.86998492811 -59.35060610982 2103.55713 -9.127 5.025000000000002 -2.787361289978028 3.847666645050049 0.084539786 0.08853978 "" "" 47.37357493970579 "" 4.130208058919432 ""
170.09184309907 -59.41266098831 0.0253 0.027 12.3578 "" "" 5339132227216818176 2399.58594 0.3879 0.0314 -4.955 2.197 0.034 0.036 1.227 6538.6 4.1436 15.502336 0.973352 15.88229 14.908938 "" "" 2204.72778 2603.88379 11858.02696 5.2633 6060.4 11.578 8621.5 13.59 "" "" 0.0027971469393675524 0.0034767042 0.0041488246 0.0076255286 170.09184309907 -59.41266098831 2399.58594 -4.955000000000001 2.197 1.3846387100219726 1.019666645050049 0.087539785 0.08953978 "" "" 19.558530935035648 "" 1.7260049525307608 ""
170.41766836639 -59.51948402252 0.0783 0.0741 19.2698 "" "" 5339083878705609984 2580.40186 0.4238 0.0953 -11.208 2.002 0.099 0.09 3.739 6063.9 4.2772 15.507146 1.101494 15.938153 14.836659 "" "" 1987.81006 3315.4436 11805.61117 11.241 5756.5 10.909 9215.0 14.008 "" "" 0.0029428817191187928 0.0034667805 0.004124045 0.0075908257 170.41766836639 -59.51948402252 2580.40186 -11.207999999999998 2.0020000000000007 -4.8683612899780275 0.8246666450500486 0.15253979 0.14353979 "" "" 60.39369399400497 "" 9.197715478991936 ""
169.49210658818 -59.58034786618 0.0235 0.0207 9.1602 "" "" 5339115012986098944 2023.7179 0.4643 0.0265 -9.291 2.862 0.032 0.028 1.051 7084.4 4.2631 15.509215 1.042552 15.940718 14.898166 "" "" 1907.5155 2120.99756 11783.1293 3.419 5742.9 12.521 8707.5 9.6939 "" "" 0.0027732721201512356 0.0036590449 0.0039679664 0.0076270113 169.49210658818 -59.58034786618 2023.7179 -9.291000000000004 2.862000000000003 -2.9513612899780277 1.684666645050049 0.08553979 0.08153978 "" "" 32.598201930465216 "" 2.7569705218538134 ""
169.32424843566 -59.63207524007 0.0221 0.019 14.9186 "" "" 5339109515427081216 2126.16235 0.4441 0.0254 -4.962 1.949 0.029 0.025 0.973 6830.8 4.0413 15.509367 1.091044 15.960649 14.869604 "" "" 2007.71814 2247.62109 11781.48431 3.2876 5638.4 9.7414 8939.6 10.114 "" "" 0.002771927444711515 0.0033621015 0.003973993 0.0073360945 169.32424843566 -59.63207524007 2126.16235 -4.962 1.9489999999999985 1.377638710021973 0.7716666450500489 0.08253978 0.07853978 "" "" 15.913549881625784 "" 1.2985825302322298 ""
169.69265903521 -59.40579410795 0.0195 0.0204 9.0248 "" "" 5339129478436460160 1992.7926 0.4688 0.0244 -7.056 1.424 0.026 0.027 1.027 6270.3 3.9261 15.509495 0.987871 15.873495 14.885624 "" "" 1894.8009 2097.51416 11780.09843 4.382 6109.7 18.851 8808.6 27.741 "" "" 0.0027847630056445235 0.004359729 0.005096613 0.009456342 169.69265903521 -59.40579410795 1992.7926 -7.056000000000005 1.4239999999999997 -0.7163612899780274 0.24666664505004876 0.07953978 0.080539785 "" "" 7.156541156473691 "" 0.5699925667689887 ""
170.16067495014 -59.47244354501 0.0205 0.0209 12.26 "" "" 5339131711820474368 2109.68677 0.4433 0.0253 -6.174 1.862 0.026 0.028 1.018 6720.8 4.3513 15.511521 0.991545 15.918736 14.927192 "" "" 2001.86609 2253.20337 11758.12896 3.1115 5860.3 10.584 8477.8 8.8492 "" "" 0.0027702596257517796 0.0034103014 0.0039456426 0.0073559443 170.16067495014 -59.47244354501 2109.68677 -6.174 1.8620000000000003 0.16563871002197228 0.6846666450500489 0.07953978 0.08153978 "" "" 7.044119465336367 "" 0.5736060213131484 ""
169.51377288375 -59.86643365657 0.0202 0.0213 20.7942 "" "" 5339093572507130240 1966.68323 0.4796 0.0251 -5.37 0.777 0.027 0.029 1.004 6580.3 4.2197 15.512586 1.010952 15.927984 14.917032 "" "" 1870.39551 2065.23877 11746.611 3.0804 5810.6 13.198 8557.5 10.29 "" "" 0.002769991914301079 0.0037238044 0.0039985226 0.007722327 169.51377288375 -59.86643365657 1966.68323 -5.37 0.7770000000000002 0.9696387100219725 -0.40033335494995115 0.080539785 0.08253978 "" "" 9.779149270976122 "" 0.7904890645008816 ""
169.50189523019 -59.72845818856 0.0206 0.0202 13.8338 "" "" 5339107728720891392 2075.7793 0.4502 0.0251 -3.213 -0.635 0.026 0.026 0.942 6906.0 4.2918 15.513181 1.009441 15.928977 14.919536 "" "" 1978.54993 2187.76074 11740.16932 3.4462 5805.3 10.889 8537.8 9.7614 "" "" 0.0027736912232628943 0.0034543367 0.003978021 0.0074323574 169.50189523019 -59.72845818856 2075.7793 -3.213 -0.6349999999999997 3.1266387100219726 -1.8123333549499512 0.07953978 0.07953978 "" "" 35.558065061918626 "" 2.8282807895556576 ""
169.4906835642 -59.48406070553 0.0215 0.0204 9.8055 "" "" 5339117967923725824 2020.67847 0.4696 0.0263 -5.75 2.097 0.029 0.027 1.061 7128.1 4.3705 15.514794 0.980514 15.91812 14.937606 "" "" 1911.78857 2141.81104 11722.73298 2.9395 5863.7 8.6793 8396.8 7.4186 "" "" 0.0027687379470811182 0.0032198995 0.0038992167 0.0071191164 169.4906835642 -59.48406070553 2020.67847 -5.75 2.097 0.5896387100219727 0.9196666450500488 0.08253978 0.080539785 "" "" 10.463562894718857 "" 0.8488827556843225 ""
169.59019810307 -59.82656024085 0.0199 0.0215 17.7197 "" "" 5339094087903237632 2262.38647 0.4102 0.0252 -4.835 0.995 0.026 0.029 1.002 5968.9 3.9605 15.518404 1.256557 16.044485 14.787928 "" "" 2112.03613 2384.47827 11683.82422 3.4531 5219.4 12.019 9638.0 19.446 "" "" 0.002773942343600417 0.0037464611 0.0043683583 0.008114819 169.59019810307 -59.82656024085 2262.38647 -4.835 0.9949999999999984 1.5046387100219727 -0.18233335494995118 0.07953978 0.08253978 "" "" 16.2533520684643 "" 1.2935068777622256 ""
169.84082603591 -59.71765344854 0.0244 0.0228 10.2863 "" "" 5339098520278814720 2388.03052 0.3839 0.0298 -5.776 3.551 0.032 0.029 1.124 6438.4 3.7407 15.520835 1.190079 15.921203 14.731124 "" "" 2248.98975 2559.50732 11657.69341 6.8481 5847.0 58.462 10156.0 102.43 "" "" 0.0028281748696185154 0.011208706 0.011584228 0.022792934 169.84082603591 -59.71765344854 2388.03052 -5.7759999999999945 3.5509999999999984 0.5636387100219729 2.373666645050049 0.08553979 0.08253978 "" "" 27.61525239583899 "" 2.2838547558221807 ""
169.70083549386 -59.42040748191 0.0197 0.0205 8.1142 "" "" 5339129375357238016 2393.55981 0.381 0.0246 -9.176 2.807 0.026 0.028 1.036 5856.2 4.112 15.521778 1.12035 15.999944 14.879594 "" "" 2274.54614 2529.1748 11647.5785 3.0535 5438.0 9.2738 8857.7 13.61 "" "" 0.0027699830032622916 0.0033486418 0.004131197 0.007479839 169.70083549386 -59.42040748191 2393.55981 -9.176000000000004 2.807 -2.8363612899780275 1.6296666450500488 0.07953978 0.08153978 "" "" 37.113329040997066 "" 2.9705814191432527 ""
170.14006576651 -59.39986258254 0.0226 0.0216 13.976 "" "" 5339132570813969408 2531.51514 0.3669 0.0268 -6.311 2.189 0.027 0.026 1.004 7835.4 4.204 15.527726 0.725786 15.810146 15.08436 "" "" 2339.64941 2748.59839 11583.94421 3.8114 6476.8 8.7065 7335.2 8.5942 "" "" 0.0027783817730340737 0.0031488445 0.0039877235 0.007136568 170.14006576651 -59.39986258254 2531.51514 -6.311000000000003 2.1889999999999996 0.028638710021972713 1.0116666450500489 0.080539785 0.07953978 "" "" 12.144237370924687 "" 0.9659597941245075 ""
169.78136020857 -59.46522237103 0.0206 0.0213 4.9936 "" "" 5339128241486184832 2504.77417 0.3605 0.0254 -4.034 0.931 0.027 0.029 1.019 5772.1 3.9394 15.529835 1.263329 16.067142 14.803814 "" "" 2362.56396 2652.41235 11561.46548 3.3194 5111.6 9.9809 9498.0 13.617 "" "" 0.0027728976908146254 0.0035042083 0.004087382 0.0075915903 169.78136020857 -59.46522237103 2504.77417 -4.0340000000000025 0.9310000000000008 2.305638710021973 -0.24633335494995112 0.080539785 0.08253978 "" "" 27.529783768249473 "" 2.217871894420295 ""
170.27207673829 -59.65995034552 0.0235 0.0225 16.1807 "" "" 5339075464923186560 2036.37524 0.4638 0.0292 -10.589 3.28 0.03 0.027 1.087 6766.2 3.9923 15.529855 1.069776 15.979057 14.909282 "" "" 1926.51648 2148.97339 11561.25006 3.1481 5543.6 9.5097 8618.8 8.7914 "" "" 0.0027711359324891854 0.0033546984 0.003938304 0.007293002 170.27207673829 -59.65995034552 2036.37524 -10.589000000000004 3.280000000000001 -4.249361289978028 2.1026666450500486 0.083539784 0.080539785 "" "" 45.76333565817196 "" 3.796448135407649 ""
170.30318297042 -59.59305980324 0.0234 0.023 15.9187 "" "" 5339077251629758080 2479.8418 0.3694 0.0292 -6.918 2.244 0.029 0.027 1.098 7512.5 4.1674 15.530451 0.904947 15.893527 14.98858 "" "" 2314.19727 2654.77197 11554.90912 6.8093 5998.0 11.672 8011.7 12.862 "" "" 0.0028286328139638223 0.003499867 0.004161962 0.007661829 170.30318297042 -59.59305980324 2479.8418 -6.917999999999998 2.2439999999999998 -0.5783612899780275 1.066666645050049 0.08253978 0.080539785 "" "" 14.262558945486472 "" 1.1552461642509364 ""
169.74846686815 -59.36070685799 0.0212 0.0215 11.3223 "" "" 5339131226429518848 2463.80981 0.3764 0.0255 -8.118 3.824 0.027 0.029 1.013 6174.2 4.1119 15.534608 0.957223 15.921732 14.964509 "" "" 2284.78198 2613.17041 11510.75253 3.4573 5844.2 15.294 8191.3 8.9595 "" "" 0.002774551128384572 0.0039822296 0.003961568 0.007943798 169.74846686815 -59.36070685799 2463.80981 -8.118 3.824 -1.7783612899780277 2.6466666450500487 0.080539785 0.08253978 "" "" 37.23837822394479 "" 3.050676524114578 ""
170.39167558202 -59.60954274314 0.0227 0.022 18.7388 "" "" 5339077315993042816 2402.3125 0.3803 0.028 -3.853 0.257 0.028 0.026 1.043 5692.0 4.1423 15.535103 1.064514 15.967178 14.902664 "" "" 2255.07568 2565.78882 11505.49894 6.5949 5604.6 13.993 8671.5 14.997 "" "" 0.0028247292515319565 0.0038901474 0.0042201444 0.008110292 170.39167558202 -59.60954274314 2402.3125 -3.853 0.257 2.4866387100219725 -0.9203333549499512 0.08153978 0.07953978 "" "" 30.19238454933712 "" 2.4546840126689053 ""
169.31421330687 -59.36916206178 0.0301 0.032 17.9802 "" "" 5339121713134987520 2756.11523 0.3391 0.0382 -8.211 3.146 0.04 0.038 1.75 6426.7 4.3052 15.535222 0.76753 15.638894 14.871364 "" "" 2509.3064 3069.58569 11504.23732 6.8323 7583.3 90.596 8925.1 169.61 "" "" 0.0028297654518555596 0.013267748 0.020976296 0.034244046 169.31421330687 -59.36916206178 2756.11523 -8.210999999999988 3.1459999999999972 -1.8713612899780276 1.9686666450500487 0.09353978 0.091539785 "" "" 35.484156394079974 "" 3.282090320842595 ""
169.8343459619 -59.78406064532 0.0253 0.0253 14.2126 "" "" 5339092095046917248 2329.78101 0.3924 0.0315 -7.11 1.932 0.034 0.035 1.285 6569.8 3.8909 15.535838 1.398796 16.080275 14.681479 "" "" 2197.16724 2531.24536 11497.70916 5.5598 5050.2 28.678 10631.0 43.09 "" "" 0.002804894068523372 0.006767406 0.0058008903 0.012568297 169.8343459619 -59.78406064532 2329.78101 -7.109999999999999 1.9320000000000002 -0.7703612899780277 0.7546666450500488 0.087539785 0.08853978 "" "" 11.909108206699791 "" 1.048369644780997 ""
170.2145626626 -59.47645334921 0.021 0.0217 13.7181 "" "" 5339084810772712960 2701.18604 0.3443 0.0267 -6.214 3.908 0.027 0.028 1.026 4969.5 3.5852 15.535985 1.481517 16.198044 14.716527 "" "" 2484.31982 2899.46558 11496.1591 3.0635 4531.1 23.477 10293.0 23.154 "" "" 0.0027704692175753755 0.0062794588 0.004499868 0.010779327 170.2145626626 -59.47645334921 2701.18604 -6.214 3.9079999999999995 0.12563871002197224 2.7306666450500487 0.080539785 0.08153978 "" "" 34.999410263939616 "" 2.8537707271155766 ""
169.81301559079 -59.25607831166 0.0231 0.0225 17.5578 "" "" 5339137965292684416 2673.89771 0.339 0.0265 -7.935 1.843 0.029 0.03 1.074 6763.8 4.1509 15.538282 0.920008 15.902125 14.982118 "" "" 2533.49463 2870.17285 11471.86346 3.7216 5950.7 10.956 8059.6 8.7122 "" "" 0.0027777422063725906 0.0034323412 0.003957421 0.0073897624 169.81301559079 -59.25607831166 2673.89771 -7.934999999999996 1.842999999999999 -1.595361289978027 0.6656666450500488 0.08253978 0.083539784 "" "" 21.909601673020365 "" 1.8116793007204837 ""
170.22862874414 -59.33120694614 0.0218 0.0213 18.748 "" "" 5339134494959347072 2507.36426 0.3664 0.0267 -5.009 0.397 0.028 0.028 0.951 6870.2 3.8595 15.538968 0.849475 15.875401 15.025926 "" "" 2324.5542 2714.37329 11464.61229 3.4833 6099.0 10.186 7740.8 10.594 "" "" 0.0027749973206656346 0.0033276267 0.0040609995 0.007388626 170.22862874414 -59.33120694614 2507.36426 -5.009000000000007 0.3970000000000003 1.3306387100219723 -0.7803333549499512 0.08153978 0.08153978 "" "" 18.33329002478678 "" 1.4948924334915623 ""
169.13029004027 -59.63899761998 0.0241 0.0219 20.6648 "" "" 5339111473932073984 2121.18188 0.4383 0.028 -6.539 1.547 0.033 0.028 1.015 7316.3 4.1749 15.541999 1.129612 16.018078 14.888466 "" "" 1983.66638 2289.99194 11432.65566 3.5002 5347.9 8.9341 8785.6 7.6493 "" "" 0.00277529885868667 0.0033279054 0.0038958106 0.007223716 169.13029004027 -59.63899761998 2121.18188 -6.538999999999995 1.5469999999999973 -0.19936128997802705 0.36966664505004876 0.08653978 0.08153978 "" "" 4.222829165717393 "" 0.3491973015513403 ""
