Clusters/UBC_270/UBC_270_members.tsv
# %ECSV 1.0
# ---
# datatype:
# - name: RA_ICRS_1
#   unit: deg
#   datatype: float64
#   format: '{:15.11f}'
#   description: Right ascension (ICRS) at Ep=2016.0 (ra)
#   meta: !!omap
#   - {ucd: POS_EQ_RA_MAIN}
#   - {width: 15}
#   - {precision: '11'}
# - name: DE_ICRS_1
#   unit: deg
#   datatype: float64
#   format: '{:15.11f}'
#   description: Declination (ICRS) at Ep=2016.0 (dec)
#   meta: !!omap
#   - {ucd: POS_EQ_DEC_MAIN}
#   - {width: 15}
#   - {precision: '11'}
# - name: e_RA_ICRS
#   unit: mas
#   datatype: float64
#   format: '{:7.4f}'
#   description: Standard error of right ascension (ra_error)
#   meta: !!omap
#   - {ucd: ERROR}
#   - {width: 7}
#   - {precision: '4'}
# - name: e_DE_ICRS
#   unit: mas
#   datatype: float64
#   format: '{:7.4f}'
#   description: Standard error of declination (dec_error)
#   meta: !!omap
#   - {ucd: ERROR}
#   - {width: 7}
#   - {precision: '4'}
# - name: _r_1
#   unit: ''
#   datatype: float64
#   format: '{:7.4f}'
#   description: Distance from center (169.78681485000-59.54840347000)[ICRS], at Epoch=J2016.0
#   meta: !!omap
#   - {ucd: POS_ANG_DIST_GENERAL}
#   - {width: 7}
#   - {precision: '4'}
# - name: HIP
#   datatype: int32
#   description: '? HIP cross-id number, van Leeuwen, Cat. I/311 (hip_original_ext_source_id)'
#   meta: !!omap
#   - {ucd: ID_NUMBER}
#   - {width: 6}
#   - values: {'null': -2147483648}
# - name: TYC2
#   datatype: string
#   description: Tycho-2 cross-id name, Hog et al., Cat. I/259 (tyc2_original_ext_source_id)
#   meta: !!omap
#   - {ucd: ID_CROSSID}
#   - {_votable_string_dtype: char}
# - name: Source
#   datatype: int64
#   description: Source identifier, identical to the Gaia-EDR3 source_id (id)
#   meta: !!omap
#   - {ucd: ID_MAIN}
#   - {width: 19}
# - name: rgeo
#   unit: pc
#   datatype: float64
#   format: '{:15.8f}'
#   description: '? Median of the geometric distance posterior (r_med_geo)'
#   meta: !!omap
#   - {ucd: PHYS_DISTANCE_TRUE}
#   - {width: 15}
#   - {precision: '8'}
#   - values: {'null': .nan}
# - name: Plx
#   unit: mas
#   datatype: float64
#   format: '{:9.4f}'
#   description: '? Parallax (parallax)'
#   meta: !!omap
#   - {ucd: POS_PARLX_TRIG}
#   - {width: 9}
#   - {precision: '4'}
#   - values: {'null': .nan}
# - name: e_Plx
#   unit: mas
#   datatype: float32
#   format: '{:7.4f}'
#   description: '? Standard error of parallax (parallax_error)'
#   meta: !!omap
#   - {ucd: ERROR}
#   - {width: 7}
#   - {precision: '4'}
#   - values: {'null': .nan}
# - name: pmRA
#   unit: mas / yr
#   datatype: float64
#   format: '{:9.3f}'
#   description: '? Proper motion in right ascension direction, pmRA*cosDE (pmra)'
#   meta: !!omap
#   - {ucd: POS_EQ_PMRA}
#   - {width: 9}
#   - {precision: '3'}
#   - values: {'null': .nan}
# - name: pmDE
#   unit: mas / yr
#   datatype: float64
#   format: '{:9.3f}'
#   description: '? Proper motion in declination direction (pmdec)'
#   meta: !!omap
#   - {ucd: POS_EQ_PMDEC}
#   - {width: 9}
#   - {precision: '3'}
#   - values: {'null': .nan}
# - name: e_pmRA
#   unit: mas / yr
#   datatype: float32
#   format: '{:6.3f}'
#   description: '? Standard error of proper motion in right ascension direction (pmra_error)'
#   meta: !!omap
#   - {ucd: ERROR}
#   - {width: 6}
#   - {precision: '3'}
#   - values: {'null': .nan}
# - name: e_pmDE
[...]
#       distance: !astropy.table.SerializedColumn
#         __class__: astropy.coordinates.distances.Distance
#         unit: !astropy.units.Unit {unit: pc}
#         value: !astropy.table.SerializedColumn {name: SkyCoord.distance}
#       frame: icrs
#       obstime: !astropy.time.Time {format: jyear_str, in_subfmt: '*', jd1: 367701545.0, jd2: 0.0, out_subfmt: '*', precision: 3, scale: tt}
#       pm_dec: !astropy.table.SerializedColumn
#         __class__: astropy.units.quantity.Quantity
#         unit: !astropy.units.Unit {unit: mas / yr}
#         value: !astropy.table.SerializedColumn {name: SkyCoord.pm_dec}
#       pm_ra_cosdec: !astropy.table.SerializedColumn
#         __class__: astropy.units.quantity.Quantity
#         unit: !astropy.units.Unit {unit: mas / yr}
#         value: !astropy.table.SerializedColumn {name: SkyCoord.pm_ra_cosdec}
#       ra: !astropy.table.SerializedColumn
#         __class__: astropy.coordinates.angles.Longitude
#         unit: *id001
#         value: !astropy.table.SerializedColumn {name: SkyCoord.ra}
#         wrap_angle: !astropy.coordinates.Angle
#           unit: *id001
#           value: 360.0
#       representation_type: spherical
# schema: astropy-2.0
RA_ICRS_1 DE_ICRS_1 e_RA_ICRS e_DE_ICRS _r_1 HIP TYC2 Source rgeo Plx e_Plx pmRA pmDE e_pmRA e_pmDE RUWE Teff logg Gmag BP-RP BPmag RPmag RV e_RV b_rgeo B_rgeo FG e_FG FBP e_FBP FRP e_FRP RAVE5 RAVE6 e_Gmag e_BPmag e_RPmag e_BP-RP SkyCoord.ra SkyCoord.dec SkyCoord.distance SkyCoord.pm_ra_cosdec SkyCoord.pm_dec rmRA rmDE e_rmRA e_rmDE rRV e_rRV v_pec v_pec3d e_vpec e_vpec3d Pmemb
169.98424342868 -59.55201674139 0.0176 0.0166 6.0071 "" 8628-2500-1 5339124668073233536 2217.42261 0.4193 0.0217 -6.472 1.312 0.023 0.022 1.35 "" "" 12.496638 0.306806 12.600126 12.293321 "" "" 2092.0293 2336.80444 188925.94342 38.912 124560.0 70.452 95903.0 39.511 "" "" 0.002764379966768645 0.0028569505 0.0038057608 0.0066627115 169.98424342868 -59.55201674139 2217.42261 -6.471999999999998 1.3119999999999994 -0.13236128997802776 0.13466664505004888 0.076539785 0.07553978 "" "" 1.9846535128034284 "" 0.15089875261119765 "" 0.84
169.89005192842 -59.59419367636 0.0121 0.0114 4.1701 "" "" 5339100891132010496 2266.78979 0.4142 0.0147 -6.358 1.268 0.016 0.015 0.918 7031.1 3.4534 12.895537 0.406752 13.037724 12.630973 "" "" 2197.91455 2343.06885 130837.37038 29.842 83239.0 52.837 70270.0 25.607 "" "" 0.0027664263694286073 0.0028740256 0.0038000352 0.0066740606 169.89005192842 -59.59419367636 2266.78979 -6.358 1.2680000000000002 -0.018361289978026996 0.09066664505004884 0.069539785 0.06853978 "" "" 0.9939510797507738 "" 0.06816462400660078 "" 0.91
169.82796871939 -59.57346532426 0.0123 0.0121 1.956 "" "" 5339103914789076096 2408.26587 0.3833 0.0153 -6.335 1.199 0.017 0.016 0.951 10901.0 3.8672 12.994598 0.384153 13.130759 12.746606 "" "" 2332.31934 2508.74902 119428.33204 28.874 76403.0 33.037 63171.0 34.402 "" "" 0.00276779586258112 0.0028293915 0.0038253542 0.006654746 169.82796871939 -59.57346532426 2408.26587 -6.335 1.199 0.004638710021972692 0.021666645050048894 0.07053979 0.069539785 "" "" 0.25293348691158396 "" 0.017600102042270773 "" 0.91
169.75591578706 -59.53024878469 0.0127 0.0131 1.4387 "" "" 5339128413284839168 2202.68262 0.4211 0.0158 -6.301 1.13 0.016 0.017 1.034 "" "" 13.013487 0.317257 13.123234 12.805977 "" "" 2130.13379 2260.33325 117368.63053 39.464 76935.0 44.554 59809.0 25.75 "" "" 0.0027793999004435714 0.0028601382 0.0038081803 0.0066683185 169.75591578706 -59.53024878469 2202.68262 -6.301 1.1300000000000006 0.0386387100219725 -0.04733335494995128 0.069539785 0.07053979 "" "" 0.6379436503006048 "" 0.04474639265152313 "" 0.91
169.87520606792 -59.61506252207 0.0105 0.0101 4.8173 "" "" 5339100753693035136 2155.80249 0.4333 0.0135 -6.318 1.127 0.014 0.013 0.912 "" "" 13.019651 0.420424 13.169043 12.748619 "" "" 2097.22949 2221.24927 116704.1339 43.666 73756.0 50.268 63054.0 38.863 "" "" 0.0027851067170948257 0.0028866269 0.0038381687 0.0067247953 169.87520606792 -59.61506252207 2155.80249 -6.317999999999997 1.1270000000000002 0.02163871002197304 -0.05033335494995117 0.06753978 0.06653978 "" "" 0.5598472316208778 "" 0.03733999485823139 "" 0.91
169.96623677865 -59.48055838223 0.0091 0.0095 6.8116 "" "" 5339126626578662656 2241.90161 0.4097 0.0113 -6.282 1.175 0.012 0.013 0.897 7487.4 3.6912 13.084306 0.307668 13.189427 12.88176 "" "" 2187.67236 2300.61353 109957.3466 32.334 72385.0 39.185 55777.0 20.599 "" "" 0.0027737561869944066 0.0028514036 0.0038005929 0.0066519966 169.96623677865 -59.48055838223 2241.90161 -6.281999999999998 1.1749999999999996 0.05763871002197263 -0.0023333549499511275 0.065539785 0.06653978 "" "" 0.6130059904503249 "" 0.040177291252435625 "" 0.94
169.25065622856 -59.50835575342 0.012 0.0113 16.4895 "" "" 5339119033075209472 2170.26562 0.4239 0.0142 -6.312 1.243 0.016 0.014 1.213 "" "" 13.107731 0.452659 13.268075 12.815416 "" "" 2110.23584 2247.80737 107610.47016 57.614 67327.0 69.286 59291.0 50.122 "" "" 0.002815971438142468 0.003005573 0.0038892345 0.0068948073 169.25065622856 -59.50835575342 2170.26562 -6.312 1.2429999999999999 0.02763871002197238 0.06566664505004893 0.069539785 0.06753978 "" "" 0.73291282244425 "" 0.04972412946235595 "" 0.92
169.62721437731 -59.43993135665 0.0091 0.0099 8.1233 "" "" 5339140679713238016 2297.30615 0.3999 0.0116 -6.36 1.182 0.012 0.012 0.944 10967.2 3.9465 13.213461 0.382506 13.349019 12.966513 "" "" 2233.20435 2361.39111 97625.31644 45.229 62490.0 73.694 51589.0 62.315 "" "" 0.002800858985458066 0.0030699307 0.0040004617 0.0070703924 169.62721437731 -59.43993135665 2297.30615 -6.360000000000003 1.1820000000000008 -0.020361289978027663 0.004666645050048768 0.065539785 0.065539785 "" "" 0.22746759554816798 "" 0.014908177245159521 "" 0.95
169.68564311154 -59.45494601203 0.0097 0.0098 6.398 "" "" 5339128855603384960 2214.73071 0.4162 0.0117 -6.311 1.198 0.012 0.013 0.895 "" "" 13.222423 0.334847 13.337932 13.003084 "" "" 2161.58984 2274.03369 96822.79839 25.025 63131.0 29.963 49880.0 20.725 "" "" 0.002769573570880092 0.0028373562 0.0038062104 0.0066435663 169.68564311154 -59.45494601203 2214.73071 -6.310999999999998 1.1979999999999995 0.028638710021972713 0.020666645050048782 0.065539785 0.06653978 "" "" 0.37075095719022216 "" 0.024426527668625374 "" 0.95
170.02755181425 -59.44614907265 0.0098 0.0113 9.56 "" "" 5339126897097285120 2266.97363 0.3992 0.0125 -6.359 1.166 0.013 0.015 1.058 "" "" 13.333361 0.414384 13.478256 13.063872 "" "" 2211.1792 2345.6394 87418.33216 24.252 55477.0 35.142 47164.0 23.798 "" "" 0.0027717353510467563 0.0028736847 0.0038188817 0.0066925664 170.02755181425 -59.44614907265 2266.97363 -6.359 1.166 -0.01936128997802733 -0.011333354949951246 0.06653978 0.06853978 "" "" 0.24106835803189444 "" 0.016165045155585422 "" 0.94
169.82061032676 -59.6180703745 0.0105 0.0113 4.3042 "" "" 5339103365033381376 2167.1814 0.4268 0.0138 -6.348 1.145 0.014 0.015 0.876 "" "" 13.472135 0.520211 13.659091 13.13888 "" "" 2108.80054 2224.05762 76929.4876 33.993 46966.0 61.426 44016.0 44.17 "" "" 0.0027967759637525717 0.0031307335 0.003933295 0.0070640286 169.82061032676 -59.6180703745 2167.1814 -6.348 1.1450000000000005 -0.008361289978027209 -0.032333354949951154 0.06753978 0.06853978 "" "" 0.34306827386662675 "" 0.02349246859500839 "" 0.95
169.842364483 -59.58346818792 0.0123 0.0118 2.6975 "" "" 5339103876073074048 2295.72046 0.4029 0.0149 -6.324 1.143 0.018 0.017 0.942 "" "" 13.692607 0.483217 13.868513 13.385296 "" "" 2222.5061 2374.97681 62791.95761 24.833 38727.0 41.176 35078.0 31.884 "" "" 0.002788577250990304 0.0030195492 0.003906104 0.006925653 169.842364483 -59.58346818792 2295.72046 -6.324 1.143 0.015638710021972813 -0.034333354949951156 0.07153978 0.07053979 "" "" 0.4105376315488113 "" 0.029030191272045466 "" 0.94
169.84465445656 -59.576100387 0.0117 0.0117 2.4192 "" "" 5339103914789078144 2156.3728 0.4251 0.0145 -6.236 1.161 0.015 0.016 1.01 9809.2 3.965 13.711923 0.565678 13.920323 13.354646 "" "" 2087.04712 2224.70435 61684.71132 17.903 36922.0 29.245 36083.0 21.348 "" "" 0.002773281174442154 0.0029196956 0.0038335824 0.006753278 169.84465445656 -59.576100387 2156.3728 -6.236000000000005 1.1610000000000005 0.10363871002197289 -0.01633335494995114 0.06853978 0.069539785 "" "" 1.0723873358868126 "" 0.07352737050117329 "" 0.92
169.76749459968 -59.54013345906 0.0126 0.0124 0.7691 "" "" 5339104189666973824 2223.81226 0.417 0.0156 -6.252 1.253 0.017 0.016 1.136 11597.4 4.0032 13.75806 0.402929 13.876369 13.47344 "" "" 2150.03711 2295.84082 59118.39253 22.871 38448.0 71.426 32343.0 87.296 "" "" 0.002787152651057432 0.0034428702 0.0047824075 0.008225278 169.76749459968 -59.54013345906 2223.81226 -6.252 1.2529999999999994 0.08763871002197288 0.07566664505004872 0.07053979 0.069539785 "" "" 1.220466381590268 "" 0.08557232966080858 "" 0.87
169.67837823521 -59.53151664907 0.0116 0.011 3.4504 "" "" 5339105186099354752 2246.6853 0.4076 0.0139 -6.277 1.149 0.015 0.014 0.963 "" "" 13.848017 0.43213 14.002516 13.570386 "" "" 2180.61987 2310.09741 54417.67982 22.428 34230.0 20.618 29580.0 17.09 "" "" 0.002791420577008007 0.0028657874 0.003831086 0.0066968733 169.67837823521 -59.53151664907 2246.6853 -6.277 1.149 0.06263871002197252 -0.02833335494995115 0.06853978 0.06753978 "" "" 0.73212497933225 "" 0.05005609039730586 "" 0.94
169.82534191896 -59.53221803321 0.0124 0.0127 1.5219 "" "" 5339127726090116736 2329.86157 0.3919 0.0154 -6.31 1.203 0.017 0.018 0.949 "" "" 13.99824 0.41712 14.149207 13.732087 "" "" 2235.95361 2419.15088 47386.08856 19.639 29904.0 18.31 25487.0 16.92 "" "" 0.0027918221722059364 0.0028682733 0.0038475003 0.0067157736 169.82534191896 -59.53221803321 2329.86157 -6.309999999999997 1.203 0.029638710021973047 0.025666645050048897 0.07053979 0.07153978 "" "" 0.4329899907423708 "" 0.03072932491644892 "" 0.85
169.78170749426 -59.58625816356 0.0135 0.0131 2.2766 "" "" 5339103949148802176 2264.14941 0.4061 0.0163 -6.297 1.131 0.018 0.018 0.966 10401.5 3.9328 14.141545 0.439377 14.299487 13.86011 "" "" 2187.87305 2355.45557 41526.81016 13.208 26039.0 18.525 22652.0 14.162 "" "" 0.0027768761919184635 0.0028951156 0.0038398565 0.006734972 169.78170749426 -59.58625816356 2264.14941 -6.296999999999997 1.1310000000000002 0.04263871002197295 -0.04633335494995117 0.07153978 0.07153978 "" "" 0.67576582190852 "" 0.048344139574052175 "" 0.92
169.66880257014 -59.451343094 0.0119 0.0124 6.8432 "" "" 5339128924322868864 2282.70557 0.4053 0.015 -6.317 1.118 0.015 0.016 1.013 9173.8 4.1202 14.159862 0.596274 14.38143 13.785155 "" "" 2212.42236 2351.97339 40832.12831 9.235 24146.0 19.657 24271.0 14.381 "" "" 0.00276624105085388 0.0029268248 0.003833743 0.006760568 169.66880257014 -59.451343094 2282.70557 -6.317 1.118 0.022638710021972486 -0.05933335494995107 0.06853978 0.069539785 "" "" 0.687131883502419 "" 0.047696231390940313 "" 0.91
169.90989889199 -59.59360002933 0.0134 0.0128 4.6199 "" "" 5339124285757639552 2175.66479 0.4205 0.0163 -6.299 1.147 0.018 0.017 0.917 "" "" 14.188615 0.515077 14.350104 13.835028 "" "" 2095.31763 2267.39648 39764.97984 13.297 24853.0 49.073 23182.0 114.52 "" "" 0.0027791367794770872 0.0035186657 0.0065613803 0.010080046 169.90989889199 -59.59360002933 2175.66479 -6.298999999999998 1.1469999999999996 0.04063871002197228 -0.030333354949951152 0.07153978 0.07053979 "" "" 0.5229660351264694 "" 0.03722660644607288 "" 0.92
169.86481269 -59.55176204758 0.0158 0.0157 2.3802 "" "" 5339127348133024640 2074.83521 0.4406 0.0192 -6.276 1.117 0.02 0.021 0.936 9596.7 4.3838 14.552115 0.526049 14.746477 14.220428 "" "" 1991.05872 2155.62085 28451.23332 10.071 17251.0 12.367 16255.0 10.625 "" "" 0.002781994462727763 0.0028967008 0.0038454365 0.0067421375 169.86481269 -59.55176204758 2074.83521 -6.276 1.117 0.06363871002197286 -0.06033335494995118 0.07353978 0.07453978 "" "" 0.8624324648632493 "" 0.06383278405866881 "" 0.85
169.89954755999 -59.66599255636 0.0152 0.0149 7.8415 "" "" 5339100238296911488 2143.03931 0.4285 0.0191 -6.381 1.086 0.02 0.019 1.016 10001.7 4.2181 14.640345 0.606449 14.867388 14.260939 "" "" 2069.24438 2247.66602 26230.62992 7.4882 15433.0 16.059 15660.0 10.709 "" "" 0.0027726988703627603 0.003010223 0.0038516223 0.006861845 169.89954755999 -59.66599255636 2143.03931 -6.3809999999999985 1.0860000000000007 -0.04136128997802757 -0.0913333549499511 0.07353978 0.072539784 "" "" 1.0184655457566516 "" 0.07405358283233986 "" 0.84
169.77539871263 -59.53084439971 0.0169 0.0164 1.1093 "" "" 5339127657370605440 2127.93726 0.4329 0.0203 -6.371 1.207 0.022 0.022 1.076 9253.0 4.2432 14.72236 0.558085 14.932162 14.374077 "" "" 2044.37268 2223.91919 24322.2073 8.1756 14540.0 13.53 14110.0 12.054 "" "" 0.0027793852864455926 0.002967455 0.0038915344 0.0068589896 169.77539871263 -59.53084439971 2127.93726 -6.371 1.207 -0.031361289978027784 0.0296666450500489 0.07553978 0.07553978 "" "" 0.4354298638997101 "" 0.03289227727539372 "" 0.92
170.14658352429 -59.61065388246 0.0173 0.0169 11.5505 "" "" 5339076564434840448 2340.28198 0.3898 0.0222 -6.317 1.108 0.024 0.022 0.952 9430.5 4.3719 14.852609 0.583567 15.072392 14.488826 "" "" 2200.56104 2475.35596 21572.63577 6.9755 12778.0 14.142 12695.0 18.156 "" "" 0.0027775962793711276 0.0030379225 0.004085936 0.0071238587 170.14658352429 -59.61065388246 2340.28198 -6.317 1.108 0.022638710021972486 -0.06933335494995108 0.07753979 0.07553978 "" "" 0.8090717766937571 "" 0.06127486422805237 "" 0.87
170.01959909499 -59.4611800407 0.0165 0.018 8.8105 "" "" 5339126794019069312 2392.95312 0.3869 0.0204 -6.37 1.166 0.021 0.024 0.952 9298.7 4.3937 14.900862 0.551237 15.106536 14.555299 "" "" 2280.8772 2516.05493 20634.88982 5.676 12382.0 14.436 11941.0 11.865 "" "" 0.002771458471859677 0.003063888 0.0039303424 0.0069942307 170.01959909499 -59.4611800407 2392.95312 -6.370000000000001 1.166000000000001 -0.03036128997802745 -0.011333354949951246 0.07453978 0.07753979 "" "" 0.36758642911350237 "" 0.027537048782378105 "" 0.9
169.81399214665 -59.54451991389 0.0189 0.0179 0.8587 "" "" 5339127623011134336 2270.31714 0.4076 0.0225 -6.341 1.065 0.025 0.025 0.984 9673.4 4.3698 15.003899 0.638637 15.244002 14.605366 "" "" 2169.39673 2432.09717 18766.66854 6.8961 10910.0 14.138 11403.0 15.921 "" "" 0.002784055815370533 0.003124842 0.0040720673 0.0071969093 169.81399214665 -59.54451991389 2270.31714 -6.341 1.0649999999999993 -0.0013612899780275356 -0.11233335494995123 0.07853978 0.07853978 "" "" 1.2089420558023107 "" 0.09495004463373279 "" 0.9
169.86995720178 -59.56467518567 0.0191 0.0181 2.7096 "" "" 5339127348133021952 2396.8623 0.3796 0.0231 -6.335 1.228 0.026 0.025 0.983 6566.0 4.01 15.085882 1.134509 15.56615 14.431641 "" "" 2295.3186 2521.99976 17401.78448 11.16 8108.8 23.345 13381.0 32.317 "" "" 0.002841939361771933 0.0041899513 0.0045999666 0.008789917 169.86995720178 -59.56467518567 2396.8623 -6.334999999999997 1.2279999999999998 0.004638710021972692 0.05066664505004881 0.07953978 0.07853978 "" "" 0.5780376501295345 "" 0.04540378581432789 "" 0.81
169.7715761982 -59.54788152394 0.0194 0.0197 0.4644 "" "" 5339104189666973952 2207.4231 0.4179 0.0243 -6.33 1.143 0.026 0.027 0.926 7487.6 4.1617 15.17065 0.714372 15.412148 14.697777 "" "" 2107.38916 2327.50024 16094.84679 5.3384 9344.5 24.736 10472.0 26.84 "" "" 0.0027787545072672643 0.0040056636 0.00469335 0.008699013 169.7715761982 -59.54788152394 2207.4231 -6.33 1.1429999999999993 0.009638710021972585 -0.034333354949951156 0.07953978 0.080539785 "" "" 0.37312429427004623 "" 0.03002424837214527 "" 0.81
169.45756532719 -59.45400710026 0.0185 0.017 11.5152 "" "" 5339118071002967168 2281.55811 0.4032 0.0216 -6.303 1.227 0.023 0.021 0.968 7984.7 4.0681 15.193689 0.713748 15.469855 14.756107 "" "" 2187.44263 2403.83179 15756.90208 4.1115 8860.8 10.522 9924.7 10.479 "" "" 0.002769846736557025 0.0030736476 0.003949418 0.007023066 169.45756532719 -59.45400710026 2281.55811 -6.3030000000000035 1.2270000000000003 0.03663871002197272 0.04966664505004892 0.076539785 0.07453978 "" "" 0.6674597690608733 "" 0.05022679521191369 "" 0.89
169.8229847485 -59.55094259188 0.0213 0.0195 1.1103 "" "" 5339127382492723584 2266.61548 0.4112 0.0244 -6.42 1.142 0.029 0.027 0.943 7989.9 4.2396 15.23218 0.776602 15.534936 14.758334 "" "" 2152.90161 2402.40796 15208.09962 4.4567 8345.3 9.0808 9904.3 10.987 "" "" 0.00277362996468257 0.003029986 0.0039666565 0.006996643 169.8229847485 -59.55094259188 2266.61548 -6.420000000000003 1.142 -0.08036128997802727 -0.03533335494995127 0.08253978 0.080539785 "" "" 0.9431515524321107 "" 0.07754505460034994 "" 0.9
169.54581692456 -59.57446375686 0.0229 0.0205 7.4906 "" "" 5339114875547175936 2617.18604 0.3448 0.0265 -6.495 1.143 0.029 0.025 1.089 9207.8 4.0304 15.345861 0.708041 15.610734 14.902693 "" "" 2452.3418 2830.05981 13696.26686 4.4246 7782.6 8.6971 8671.2 18.086 "" "" 0.002777555415493768 0.0030425622 0.0044059106 0.007448473 169.54581692456 -59.57446375686 2617.18604 -6.495000000000002 1.1430000000000002 -0.15536128997802745 -0.034333354949951156 0.08253978 0.07853978 "" "" 1.973829818875058 "" 0.16256036680934846 "" 0.82
