Clusters/UBC_270/UBC_270_stars_in_region.tsv
# %ECSV 1.0
# ---
# datatype:
# - name: RA_ICRS_1
#   unit: deg
#   datatype: float64
#   format: '{:15.11f}'
#   description: Right ascension (ICRS) at Ep=2016.0 (ra)
#   meta: !!omap
#   - {ucd: POS_EQ_RA_MAIN}
#   - {width: 15}
#   - {precision: '11'}
# - name: DE_ICRS_1
#   unit: deg
#   datatype: float64
#   format: '{:15.11f}'
#   description: Declination (ICRS) at Ep=2016.0 (dec)
#   meta: !!omap
#   - {ucd: POS_EQ_DEC_MAIN}
#   - {width: 15}
#   - {precision: '11'}
# - name: e_RA_ICRS
#   unit: mas
#   datatype: float64
#   format: '{:7.4f}'
#   description: Standard error of right ascension (ra_error)
#   meta: !!omap
#   - {ucd: ERROR}
#   - {width: 7}
#   - {precision: '4'}
# - name: e_DE_ICRS
#   unit: mas
#   datatype: float64
#   format: '{:7.4f}'
#   description: Standard error of declination (dec_error)
#   meta: !!omap
#   - {ucd: ERROR}
#   - {width: 7}
#   - {precision: '4'}
# - name: _r_1
#   unit: ''
#   datatype: float64
#   format: '{:7.4f}'
#   description: Distance from center (169.78681485000-59.54840347000)[ICRS], at Epoch=J2016.0
#   meta: !!omap
#   - {ucd: POS_ANG_DIST_GENERAL}
#   - {width: 7}
#   - {precision: '4'}
# - name: HIP
#   datatype: int32
#   description: '? HIP cross-id number, van Leeuwen, Cat. I/311 (hip_original_ext_source_id)'
#   meta: !!omap
#   - {ucd: ID_NUMBER}
#   - {width: 6}
#   - values: {'null': -2147483648}
# - name: TYC2
#   datatype: string
#   description: Tycho-2 cross-id name, Hog et al., Cat. I/259 (tyc2_original_ext_source_id)
#   meta: !!omap
#   - {ucd: ID_CROSSID}
#   - {_votable_string_dtype: char}
# - name: Source
#   datatype: int64
#   description: Source identifier, identical to the Gaia-EDR3 source_id (id)
#   meta: !!omap
#   - {ucd: ID_MAIN}
#   - {width: 19}
# - name: rgeo
#   unit: pc
#   datatype: float64
#   format: '{:15.8f}'
#   description: '? Median of the geometric distance posterior (r_med_geo)'
#   meta: !!omap
#   - {ucd: PHYS_DISTANCE_TRUE}
#   - {width: 15}
#   - {precision: '8'}
#   - values: {'null': .nan}
# - name: Plx
#   unit: mas
#   datatype: float64
#   format: '{:9.4f}'
#   description: '? Parallax (parallax)'
#   meta: !!omap
#   - {ucd: POS_PARLX_TRIG}
#   - {width: 9}
#   - {precision: '4'}
#   - values: {'null': .nan}
# - name: e_Plx
#   unit: mas
#   datatype: float32
#   format: '{:7.4f}'
#   description: '? Standard error of parallax (parallax_error)'
#   meta: !!omap
#   - {ucd: ERROR}
#   - {width: 7}
#   - {precision: '4'}
#   - values: {'null': .nan}
# - name: pmRA
#   unit: mas / yr
#   datatype: float64
#   format: '{:9.3f}'
#   description: '? Proper motion in right ascension direction, pmRA*cosDE (pmra)'
#   meta: !!omap
#   - {ucd: POS_EQ_PMRA}
#   - {width: 9}
#   - {precision: '3'}
#   - values: {'null': .nan}
# - name: pmDE
#   unit: mas / yr
#   datatype: float64
#   format: '{:9.3f}'
#   description: '? Proper motion in declination direction (pmdec)'
#   meta: !!omap
#   - {ucd: POS_EQ_PMDEC}
#   - {width: 9}
#   - {precision: '3'}
#   - values: {'null': .nan}
# - name: e_pmRA
#   unit: mas / yr
#   datatype: float32
#   format: '{:6.3f}'
#   description: '? Standard error of proper motion in right ascension direction (pmra_error)'
#   meta: !!omap
#   - {ucd: ERROR}
#   - {width: 6}
#   - {precision: '3'}
#   - values: {'null': .nan}
# - name: e_pmDE
[...]
#         value: !astropy.table.SerializedColumn {name: SkyCoord.dec}
#       distance: !astropy.table.SerializedColumn
#         __class__: astropy.coordinates.distances.Distance
#         unit: !astropy.units.Unit {unit: pc}
#         value: !astropy.table.SerializedColumn {name: SkyCoord.distance}
#       frame: icrs
#       obstime: !astropy.time.Time {format: jyear_str, in_subfmt: '*', jd1: 367701545.0, jd2: 0.0, out_subfmt: '*', precision: 3, scale: tt}
#       pm_dec: !astropy.table.SerializedColumn
#         __class__: astropy.units.quantity.Quantity
#         unit: !astropy.units.Unit {unit: mas / yr}
#         value: !astropy.table.SerializedColumn {name: SkyCoord.pm_dec}
#       pm_ra_cosdec: !astropy.table.SerializedColumn
#         __class__: astropy.units.quantity.Quantity
#         unit: !astropy.units.Unit {unit: mas / yr}
#         value: !astropy.table.SerializedColumn {name: SkyCoord.pm_ra_cosdec}
#       ra: !astropy.table.SerializedColumn
#         __class__: astropy.coordinates.angles.Longitude
#         unit: *id001
#         value: !astropy.table.SerializedColumn {name: SkyCoord.ra}
#         wrap_angle: !astropy.coordinates.Angle
#           unit: *id001
#           value: 360.0
#       representation_type: spherical
# schema: astropy-2.0
RA_ICRS_1 DE_ICRS_1 e_RA_ICRS e_DE_ICRS _r_1 HIP TYC2 Source rgeo Plx e_Plx pmRA pmDE e_pmRA e_pmDE RUWE Teff logg Gmag BP-RP BPmag RPmag RV e_RV b_rgeo B_rgeo FG e_FG FBP e_FBP FRP e_FRP RAVE5 RAVE6 e_Gmag e_BPmag e_RPmag e_BP-RP SkyCoord.ra SkyCoord.dec SkyCoord.distance SkyCoord.pm_ra_cosdec SkyCoord.pm_dec rmRA rmDE e_rmRA e_rmDE rRV e_rRV v_pec v_pec3d e_vpec e_vpec3d
[from data line 1068]
169.57450290499 -59.57756068855 0.025 0.023 6.6862 "" "" 5339114841187443584 1935.35205 0.4837 0.0289 -6.838 3.138 0.033 0.029 0.96 6088.2 4.0525 15.672865 1.103739 16.110691 15.006952 "" "" 1832.22681 2046.43042 10134.46415 3.7822 4910.7 13.001 7877.3 13.386 "" "" 0.002784955184234889 0.004005948 0.0042056832 0.008211631 169.57450290499 -59.57756068855 1935.35205 -6.837999999999998 3.137999999999998 -0.4983612899780274 1.9606666450500487 0.08653978 0.08253978 "" "" 18.558239860813526 "" 1.536400235425597 ""
169.93669747046 -59.79394223076 0.0215 0.0214 15.4163 "" "" 5339097661316378240 2569.59277 0.3505 0.0268 -7.609 1.966 0.028 0.029 0.918 6583.3 4.1287 15.673808 1.20383 16.191454 14.987624 "" "" 2407.93726 2826.37329 10125.66256 3.1195 4558.6 7.1522 8018.8 14.22 "" "" 0.0027755493779575585 0.003269072 0.004241554 0.0075106258 169.93669747046 -59.79394223076 2569.59277 -7.609000000000001 1.9660000000000002 -1.2693612899780273 0.7886666450500488 0.08153978 0.08253978 "" "" 18.201767671695006 "" 1.4892599160684146 ""
169.47839628814 -59.81798243266 0.0217 0.023 18.6782 "" "" 5339105529697693824 2587.5127 0.3505 0.0272 -8.018 3.257 0.028 0.029 0.988 5842.9 4.1898 15.676065 1.072697 16.130623 15.057926 "" "" 2435.05103 2757.1814 10104.63167 2.933 4821.3 12.379 7516.0 10.569 "" "" 0.002773284744648663 0.003944149 0.0040761167 0.008020265 169.47839628814 -59.81798243266 2587.5127 -8.018 3.257 -1.678361289978028 2.079666645050049 0.08153978 0.08253978 "" "" 32.77691066892251 "" 2.692518886925715 ""
169.5258577647 -59.85830274639 0.0229 0.0223 20.2021 "" "" 5339093606866870912 2671.33643 0.337 0.0273 -7.126 2.901 0.029 0.028 1.022 7363.0 4.3073 15.677921 0.879059 16.011566 15.132507 "" "" 2520.33545 2838.94629 10087.37844 3.5898 5380.1 14.491 7017.1 23.917 "" "" 0.0027822796421460784 0.004041904 0.0052894466 0.009331351 169.5258577647 -59.85830274639 2671.33643 -7.126000000000007 2.9010000000000002 -0.7863612899780277 1.7236666450500486 0.08253978 0.08153978 "" "" 23.989284780410998 "" 1.9602347072679864 ""
169.96680085878 -59.3555470563 0.0236 0.0236 12.8072 "" "" 5339133326728330624 2286.28003 0.4 0.0274 -5.274 1.274 0.029 0.031 1.066 6101.9 4.2763 15.678079 0.973166 16.07003 15.096864 "" "" 2167.75342 2422.40625 10085.91604 3.4264 5098.1 9.0393 7251.2 14.568 "" "" 0.002779898914910649 0.0033898398 0.004363688 0.0077535277 169.96680085878 -59.3555470563 2286.28003 -5.274 1.2739999999999978 1.0656387100219726 0.09666664505004885 0.08253978 0.084539786 "" "" 11.595708497291366 "" 0.957298803678143 ""
170.1171445141 -59.30727549985 0.024 0.024 17.6333 "" "" 5339134426240162176 2610.6084 0.3549 0.0287 -3.343 1.258 0.032 0.032 1.004 5639.2 4.1804 15.679412 0.99747 16.05211 15.054641 "" "" 2438.37671 2854.89038 10073.53394 3.0366 5182.9 31.576 7538.8 42.954 "" "" 0.0027746904013221624 0.0071790665 0.007249352 0.014428418 170.1171445141 -59.30727549985 2610.6084 -3.3430000000000026 1.2580000000000011 2.9966387100219727 0.08066664505004884 0.08553979 0.08553979 "" "" 37.09469064474909 "" 3.173071973964393 ""
170.08174425223 -59.26187528985 0.0238 0.0242 19.408 "" "" 5339135761911512192 2443.59302 0.3796 0.0291 -5.303 1.524 0.031 0.033 0.927 4933.1 4.0917 15.67959 1.516298 16.37883 14.862532 "" "" 2272.9624 2640.1394 10071.88091 3.0733 3836.1 13.905 8998.0 13.765 "" "" 0.0027751662444231617 0.004824272 0.004128251 0.008952523 170.08174425223 -59.26187528985 2443.59302 -5.303000000000002 1.524 1.0366387100219727 0.34666664505004885 0.084539786 0.08653978 "" "" 12.66060281290761 "" 1.0728985929338 ""
169.14022494535 -59.43202173775 0.0344 0.0341 20.897 "" "" 5339120544903737856 2097.23877 0.4435 0.0419 -3.597 1.352 0.044 0.04 1.779 6004.1 4.2579 15.679906 1.269383 16.179071 14.909689 "" "" 1931.45959 2386.38599 10068.95046 5.1711 4610.9 16.227 8615.5 23.104 "" "" 0.0028111754786768234 0.004731287 0.004770861 0.009502148 169.14022494535 -59.43202173775 2097.23877 -3.597 1.3520000000000003 2.7426387100219727 0.17466664505004892 0.09753978 0.09353978 "" "" 27.31956360988612 "" 2.6643118824914924 ""
169.69311786172 -59.7303947504 0.0297 0.0329 11.2831 "" "" 5339095393573263488 2035.18274 0.4622 0.0386 -5.524 1.127 0.04 0.047 1.304 7352.2 4.372 15.680189 0.979566 16.045162 15.065597 "" "" 1902.52783 2173.46997 10066.32908 4.994 5216.2 39.314 7463.1 17.717 "" "" 0.0028074769121039333 0.008645692 0.004574618 0.01322031 169.69311786172 -59.7303947504 2035.18274 -5.524 1.127 0.8156387100219726 -0.05033335494995117 0.09353978 0.10053978 "" "" 7.883243551199059 "" 0.7376140311936665 ""
169.4766369603 -59.30768185278 0.0228 0.0221 17.2687 "" "" 5339144081327093120 2560.24072 0.362 0.0272 -3.064 2.111 0.028 0.026 1.03 6276.5 4.2511 15.68194 0.958192 16.069818 15.111627 "" "" 2367.56274 2711.34985 10050.10589 3.14 5099.0 10.425 7153.3 12.635 "" "" 0.0027761233053156696 0.0035654726 0.0042381026 0.007803575 169.4766369603 -59.30768185278 2560.24072 -3.0639999999999965 2.1109999999999998 3.2756387100219726 0.933666645050049 0.08153978 0.07953978 "" "" 41.334911051709376 "" 3.3642983814756438 ""
169.33216552662 -59.59672764584 0.0247 0.0215 14.1163 "" "" 5339109687225880576 2407.71826 0.3885 0.0287 -13.822 2.99 0.033 0.029 1.008 5241.4 3.5278 15.683267 1.626456 16.435312 14.808856 "" "" 2259.20874 2582.72534 10037.84025 3.144 3641.6 9.7604 9454.0 19.76 "" "" 0.002776226948097209 0.0040315515 0.0044083484 0.0084399 169.33216552662 -59.59672764584 2407.71826 -13.821999999999997 2.9899999999999993 -7.4823612899780265 1.812666645050049 0.08653978 0.08253978 "" "" 87.86318327140626 "" 7.584604111379803 ""
170.24262732594 -59.41437250282 0.021 0.0217 16.0484 "" "" 5339085429248179456 2788.82471 0.3224 0.0265 -5.612 0.805 0.028 0.029 0.983 6450.3 4.2224 15.686359 1.012078 16.107544 15.095466 "" "" 2577.38354 3012.50952 10009.28003 3.0765 4924.9 7.7763 7260.6 9.9814 "" "" 0.0027754560812827673 0.0032747595 0.004063444 0.0073382035 170.24262732594 -59.41437250282 2788.82471 -5.612 0.8049999999999998 0.7276387100219726 -0.3723333549499511 0.08153978 0.08253978 "" "" 10.804809555347575 "" 0.8832747183538073 ""
169.42839765442 -59.79940527857 0.0235 0.022 18.5663 "" "" 5339105800217947008 2851.03589 0.3216 0.0279 -17.252 5.516 0.031 0.028 1.004 4880.8 3.459 15.687103 1.500797 16.357016 14.856218 "" "" 2607.76782 3127.45142 10002.42755 3.4142 3913.9 11.128 9050.5 25.301 "" "" 0.002780132245246986 0.004161058 0.0048472937 0.009008352 169.42839765442 -59.79940527857 2851.03589 -17.252 5.516 -10.912361289978026 4.338666645050049 0.084539786 0.08153978 "" "" 158.6970734523073 "" 13.352229914756986 ""
170.12935927107 -59.43490698698 0.0227 0.0229 12.4594 "" "" 5339132124137351936 2707.48193 0.3355 0.0282 -10.848 4.123 0.029 0.03 0.999 5493.0 3.7503 15.687852 1.327299 16.253792 14.926493 "" "" 2524.99194 2978.24854 9995.52938 3.3598 4304.3 19.518 8483.2 20.064 "" "" 0.0027793842902173187 0.005658977 0.0045692404 0.010228218 170.12935927107 -59.43490698698 2707.48193 -10.848 4.122999999999999 -4.508361289978028 2.945666645050049 0.08253978 0.083539784 "" "" 69.11302951949934 "" 5.725339251424556 ""
170.36244882693 -59.54310709101 0.0229 0.0223 17.5084 "" "" 5339083642541554304 2133.38452 0.4393 0.0286 -4.462 1.957 0.029 0.027 1.026 6577.4 4.2675 15.689169 0.982742 16.077267 15.094524 "" "" 1998.87646 2275.77393 9983.41895 3.3183 5064.2 11.781 7266.9 16.697 "" "" 0.0027788527267716863 0.0037635907 0.0045284787 0.00829207 170.36244882693 -59.54310709101 2133.38452 -4.462 1.9570000000000012 1.877638710021973 0.7796666450500489 0.08253978 0.080539785 "" "" 20.5589806191673 "" 1.6909494785234909 ""
169.56706103713 -59.47970124523 0.0253 0.024 7.8573 "" "" 5339117280728997632 1981.36731 0.4738 0.0308 -6.415 1.773 0.033 0.03 1.035 6658.0 4.312 15.693724 1.050574 16.125975 15.0754 "" "" 1879.43909 2089.82031 9941.6213 3.5517 4842.0 10.513 7396.0 13.795 "" "" 0.0027824888950145434 0.0036526977 0.004287751 0.007940449 169.56706103713 -59.47970124523 1981.36731 -6.415 1.773 -0.07536128997802738 0.5956666450500487 0.08653978 0.083539784 "" "" 5.638905425109854 "" 0.47134415573745647 ""
169.69722428226 -59.71914733781 0.0233 0.0237 10.5989 "" "" 5339101269089263616 2503.4939 0.3723 0.0294 -6.574 3.516 0.03 0.032 0.989 6669.8 3.9797 15.69375 1.393677 16.316732 14.923056 "" "" 2342.53076 2672.95947 9941.37673 3.3723 4061.9 11.785 8510.1 10.077 "" "" 0.002779826558756973 0.0042081103 0.003992068 0.008200178 169.69722428226 -59.71914733781 2503.4939 -6.573999999999997 3.5159999999999965 -0.2343612899780272 2.338666645050049 0.083539784 0.08553979 "" "" 27.890929729796046 "" 2.385236024954281 ""
169.52532214047 -59.62957850762 0.0268 0.0238 9.3165 "" "" 5339114325791575936 2755.1814 0.331 0.0304 -7.168 1.387 0.035 0.031 1.147 7905.1 4.1682 15.694481 0.904099 16.05018 15.146082 "" "" 2571.82739 3013.92798 9934.69102 3.4696 5192.1 7.7567 6929.9 9.4215 "" "" 0.00278128917334254 0.0032273864 0.004057415 0.0072848015 169.52532214047 -59.62957850762 2755.1814 -7.168000000000001 1.3870000000000002 -0.8283612899780275 0.20966664505004884 0.08853978 0.084539786 "" "" 11.159182042319806 "" 0.9854012551119404 ""
170.23820616098 -59.56641466338 0.0268 0.0257 13.765 "" "" 5339078076263495680 2174.03613 0.4305 0.0323 -5.292 1.145 0.036 0.034 1.081 6823.3 4.2626 15.694656 1.00142 16.107607 15.106187 "" "" 2031.38647 2398.24756 9933.08199 3.5741 4924.6 8.387 7189.2 9.9687 "" "" 0.002782878058837572 0.0033472695 0.004068203 0.0074154725 170.23820616098 -59.56641466338 2174.03613 -5.292000000000005 1.145 1.0476387100219728 -0.032333354949951154 0.08953978 0.087539785 "" "" 10.800985345023749 "" 0.9670975371463337 ""
170.26110426611 -59.77313744841 0.0224 0.0233 19.7088 "" "" 5339051241305343104 2274.27954 0.4036 0.0286 -6.925 2.545 0.028 0.028 0.963 6269.9 4.1599 15.696462 1.338623 16.292868 14.954245 "" "" 2158.18384 2408.02979 9916.58562 3.0014 4152.1 10.131 8269.1 8.8193 "" "" 0.0027748471203802505 0.0038474817 0.003952801 0.007800283 170.26110426611 -59.77313744841 2274.27954 -6.925000000000002 2.5450000000000017 -0.5853612899780272 1.3676666450500488 0.08153978 0.08153978 "" "" 16.03720133803921 "" 1.307669867339831 ""
170.11669224916 -59.62450736525 0.0243 0.0238 11.0112 "" "" 5339123087531016576 2515.49561 0.3673 0.0316 -6.704 2.092 0.033 0.032 0.975 6291.3 3.9743 15.700451 1.341679 16.299019 14.95734 "" "" 2340.38647 2681.35254 9880.21723 3.1763 4128.7 7.2442 8245.6 9.5932 "" "" 0.0027773405712672216 0.003378488 0.003984891 0.007363379 170.11669224916 -59.62450736525 2515.49561 -6.703999999999999 2.092 -0.3643612899780271 0.9146666450500489 0.08653978 0.08553979 "" "" 11.739446975057982 "" 1.0058056522713248 ""
169.85166050318 -59.56903329993 0.0254 0.0252 2.3277 "" "" 5339127313773262720 2325.83105 0.3988 0.0305 -6.371 1.239 0.034 0.036 0.913 7429.6 4.2891 15.701566 0.939191 16.083979 15.144788 "" "" 2201.21387 2478.93359 9870.07518 4.133 5033.0 8.6313 6938.1 8.8658 "" "" 0.0027925773875623295 0.0033543992 0.004025991 0.0073803905 169.85166050318 -59.56903329993 2325.83105 -6.371 1.239 -0.031361289978027784 0.06166664505004893 0.087539785 0.08953978 "" "" 0.7627052202501466 "" 0.06798179898618374 ""
169.87496354723 -59.39230673365 0.0219 0.0248 9.7435 "" "" 5339130268710891392 2657.50098 0.3439 0.0282 -10.273 1.886 0.029 0.034 1.033 6168.0 4.2511 15.701629 0.963235 16.096819 15.133584 "" "" 2488.51318 2879.80469 9869.50364 2.9586 4973.8 10.523 7010.1 11.461 "" "" 0.0027744769266470548 0.0036140853 0.0041754884 0.0077895736 169.87496354723 -59.39230673365 2657.50098 -10.273000000000003 1.886000000000002 -3.933361289978027 0.7086666450500487 0.08253978 0.087539785 "" "" 50.34453737228849 "" 4.163573030441351 ""
169.46809441494 -59.73614589495 0.0231 0.0222 14.8424 "" "" 5339107797440349696 2590.94897 0.3478 0.0275 -3.753 2.462 0.03 0.029 1.016 6832.8 4.1745 15.701906 1.125527 16.166262 15.040734 "" "" 2456.28613 2791.75269 9866.98161 3.2638 4665.7 15.159 7636.0 12.456 "" "" 0.0027786275002723497 0.004497659 0.0041737794 0.008671438 169.46809441494 -59.73614589495 2590.94897 -3.7529999999999997 2.4620000000000024 2.5866387100219725 1.284666645050049 0.083539784 0.08253978 "" "" 35.4689259267015 "" 2.956082265884373 ""
169.98382480558 -59.51421865192 0.0596 0.0604 6.3351 "" "" 5339126282981278848 2258.56128 0.4287 0.073 -6.356 2.215 0.085 0.092 1.838 "" "" 15.702473 1.264795 15.851537 14.586741 "" "" 2006.03784 2641.85059 9861.83109 10.764 6234.5 87.083 11600.0 170.04 "" "" 0.002999359460344958 0.01542001 0.016357979 0.03177799 169.98382480558 -59.51421865192 2258.56128 -6.356000000000008 2.215 -0.016361289978027216 1.0376666450500487 0.13853979 0.14553979 "" "" 11.110204565704766 "" 1.6169579784665706 ""
170.13994523114 -59.65218787979 0.0248 0.0238 12.3988 "" "" 5339076117758150656 1989.99133 0.4725 0.0313 -0.046 -5.777 0.033 0.031 1.034 4947.9 3.6325 15.703096 1.568607 16.434826 14.866219 "" "" 1866.34668 2117.70825 9856.17222 3.5937 3643.2 9.011 8967.5 10.623 "" "" 0.002783613881210453 0.003872544 0.0039922395 0.0078647835 170.13994523114 -59.65218787979 1989.99133 -0.04599999999999915 -5.777 6.293638710021972 -6.954333354949951 0.08653978 0.084539786 "" "" 88.47148969022639 "" 7.5595422551923 ""
169.66877985152 -59.65886030109 0.0241 0.0233 7.5341 "" "" 5339102643478800512 2185.17749 0.4255 0.0296 -9.295 1.768 0.031 0.031 1.034 5754.9 4.0724 15.705047 1.094253 16.164774 15.070521 "" "" 2069.28247 2348.46899 9838.48258 2.948 4672.1 6.4714 7429.3 8.8087 "" "" 0.002774460089261365 0.0031696488 0.0039926097 0.0071622585 169.66877985152 -59.65886030109 2185.17749 -9.294999999999987 1.7679999999999978 -2.9553612899780273 0.5906666450500488 0.084539786 0.084539786 "" "" 31.216258685389544 "" 2.6390158283959297 ""
170.30380127727 -59.72444296857 0.0238 0.0227 18.9054 "" "" 5339074842091600512 2499.50854 0.3675 0.0296 -4.381 -1.031 0.029 0.027 1.045 6122.8 3.9819 15.705748 1.179813 16.201448 15.021635 "" "" 2314.87378 2694.66553 9832.12878 3.2079 4516.9 9.3514 7771.5 11.577 "" "" 0.0027779984456047895 0.003582976 0.004110923 0.007693899 170.30380127727 -59.72444296857 2499.50854 -4.381 -1.031 1.9586387100219724 -2.208333354949951 0.08253978 0.080539785 "" "" 34.97171001431867 "" 2.8476211869724737 ""
169.23597990151 -59.45975378611 0.0234 0.0219 17.5953 "" "" 5339120304385571968 1997.40161 0.4658 0.0278 -6.66 1.984 0.03 0.027 1.021 6400.8 4.3011 15.706539 1.050048 16.139 15.088952 "" "" 1894.46118 2104.11182 9824.96392 2.7162 4784.3 10.915 7304.3 11.917 "" "" 0.0027716216148894143 0.0037310428 0.0041739102 0.007904953 169.23597990151 -59.45975378611 1997.40161 -6.6600000000000055 1.9840000000000013 -0.3203612899780275 0.8066666450500488 0.083539784 0.080539785 "" "" 8.21750453169686 "" 0.6652483301644584 ""
170.0218790863 -59.64451289006 0.0339 0.0341 9.1761 "" "" 5339099791620376576 2128.00195 0.4399 0.0438 -10.442 4.708 0.046 0.047 1.458 6591.9 4.244 15.707901 1.037341 16.109749 15.072408 "" "" 1939.67261 2337.54004 9812.64811 5.0495 4914.9 10.362 7416.4 16.138 "" "" 0.002811395788787049 0.0036089816 0.004457058 0.0080660395 170.0218790863 -59.64451289006 2128.00195 -10.442 4.708 -4.1023612899780275 3.530666645050049 0.09953979 0.10053978 "" "" 54.594253243165106 "" 5.457597904463444 ""
169.6390814288 -59.67089299227 0.0238 0.0233 8.6094 "" "" 5339102437320348544 2776.90723 0.3294 0.0293 -7.04 1.515 0.031 0.031 0.899 5608.1 4.0163 15.709077 1.263643 16.261688 14.998045 "" "" 2568.47192 2995.83594 9802.02917 3.0976 4273.1 11.03 7942.2 10.716 "" "" 0.0027766011641675113 0.003954675 0.0040533617 0.008008037 169.6390814288 -59.67089299227 2776.90723 -7.04 1.515000000000001 -0.7003612899780274 0.33766664505004873 0.084539786 0.084539786 "" "" 10.234031229077589 "" 0.8651828098309143 ""
