Clusters/UBC_270/UBC_270_stars_in_region.tsv
# %ECSV 1.0
# ---
# datatype:
# - name: RA_ICRS_1
#   unit: deg
#   datatype: float64
#   format: '{:15.11f}'
#   description: Right ascension (ICRS) at Ep=2016.0 (ra)
#   meta: !!omap
#   - {ucd: POS_EQ_RA_MAIN}
#   - {width: 15}
#   - {precision: '11'}
# - name: DE_ICRS_1
#   unit: deg
#   datatype: float64
#   format: '{:15.11f}'
#   description: Declination (ICRS) at Ep=2016.0 (dec)
#   meta: !!omap
#   - {ucd: POS_EQ_DEC_MAIN}
#   - {width: 15}
#   - {precision: '11'}
# - name: e_RA_ICRS
#   unit: mas
#   datatype: float64
#   format: '{:7.4f}'
#   description: Standard error of right ascension (ra_error)
#   meta: !!omap
#   - {ucd: ERROR}
#   - {width: 7}
#   - {precision: '4'}
# - name: e_DE_ICRS
#   unit: mas
#   datatype: float64
#   format: '{:7.4f}'
#   description: Standard error of declination (dec_error)
#   meta: !!omap
#   - {ucd: ERROR}
#   - {width: 7}
#   - {precision: '4'}
# - name: _r_1
#   unit: ''
#   datatype: float64
#   format: '{:7.4f}'
#   description: Distance from center (169.78681485000-59.54840347000)[ICRS], at Epoch=J2016.0
#   meta: !!omap
#   - {ucd: POS_ANG_DIST_GENERAL}
#   - {width: 7}
#   - {precision: '4'}
# - name: HIP
#   datatype: int32
#   description: '? HIP cross-id number, van Leeuwen, Cat. I/311 (hip_original_ext_source_id)'
#   meta: !!omap
#   - {ucd: ID_NUMBER}
#   - {width: 6}
#   - values: {'null': -2147483648}
# - name: TYC2
#   datatype: string
#   description: Tycho-2 cross-id name, Hog et al., Cat. I/259 (tyc2_original_ext_source_id)
#   meta: !!omap
#   - {ucd: ID_CROSSID}
#   - {_votable_string_dtype: char}
# - name: Source
#   datatype: int64
#   description: Source identifier, identical to the Gaia-EDR3 source_id (id)
#   meta: !!omap
#   - {ucd: ID_MAIN}
#   - {width: 19}
# - name: rgeo
#   unit: pc
#   datatype: float64
#   format: '{:15.8f}'
#   description: '? Median of the geometric distance posterior (r_med_geo)'
#   meta: !!omap
#   - {ucd: PHYS_DISTANCE_TRUE}
#   - {width: 15}
#   - {precision: '8'}
#   - values: {'null': .nan}
# - name: Plx
#   unit: mas
#   datatype: float64
#   format: '{:9.4f}'
#   description: '? Parallax (parallax)'
#   meta: !!omap
#   - {ucd: POS_PARLX_TRIG}
#   - {width: 9}
#   - {precision: '4'}
#   - values: {'null': .nan}
# - name: e_Plx
#   unit: mas
#   datatype: float32
#   format: '{:7.4f}'
#   description: '? Standard error of parallax (parallax_error)'
#   meta: !!omap
#   - {ucd: ERROR}
#   - {width: 7}
#   - {precision: '4'}
#   - values: {'null': .nan}
# - name: pmRA
#   unit: mas / yr
#   datatype: float64
#   format: '{:9.3f}'
#   description: '? Proper motion in right ascension direction, pmRA*cosDE (pmra)'
#   meta: !!omap
#   - {ucd: POS_EQ_PMRA}
#   - {width: 9}
#   - {precision: '3'}
#   - values: {'null': .nan}
# - name: pmDE
#   unit: mas / yr
#   datatype: float64
#   format: '{:9.3f}'
#   description: '? Proper motion in declination direction (pmdec)'
#   meta: !!omap
#   - {ucd: POS_EQ_PMDEC}
#   - {width: 9}
#   - {precision: '3'}
#   - values: {'null': .nan}
# - name: e_pmRA
#   unit: mas / yr
#   datatype: float32
#   format: '{:6.3f}'
#   description: '? Standard error of proper motion in right ascension direction (pmra_error)'
#   meta: !!omap
#   - {ucd: ERROR}
#   - {width: 6}
#   - {precision: '3'}
#   - values: {'null': .nan}
# - name: e_pmDE
[...]
#         value: !astropy.table.SerializedColumn {name: SkyCoord.dec}
#       distance: !astropy.table.SerializedColumn
#         __class__: astropy.coordinates.distances.Distance
#         unit: !astropy.units.Unit {unit: pc}
#         value: !astropy.table.SerializedColumn {name: SkyCoord.distance}
#       frame: icrs
#       obstime: !astropy.time.Time {format: jyear_str, in_subfmt: '*', jd1: 367701545.0, jd2: 0.0, out_subfmt: '*', precision: 3, scale: tt}
#       pm_dec: !astropy.table.SerializedColumn
#         __class__: astropy.units.quantity.Quantity
#         unit: !astropy.units.Unit {unit: mas / yr}
#         value: !astropy.table.SerializedColumn {name: SkyCoord.pm_dec}
#       pm_ra_cosdec: !astropy.table.SerializedColumn
#         __class__: astropy.units.quantity.Quantity
#         unit: !astropy.units.Unit {unit: mas / yr}
#         value: !astropy.table.SerializedColumn {name: SkyCoord.pm_ra_cosdec}
#       ra: !astropy.table.SerializedColumn
#         __class__: astropy.coordinates.angles.Longitude
#         unit: *id001
#         value: !astropy.table.SerializedColumn {name: SkyCoord.ra}
#         wrap_angle: !astropy.coordinates.Angle
#           unit: *id001
#           value: 360.0
#       representation_type: spherical
# schema: astropy-2.0
RA_ICRS_1 DE_ICRS_1 e_RA_ICRS e_DE_ICRS _r_1 HIP TYC2 Source rgeo Plx e_Plx pmRA pmDE e_pmRA e_pmDE RUWE Teff logg Gmag BP-RP BPmag RPmag RV e_RV b_rgeo B_rgeo FG e_FG FBP e_FBP FRP e_FRP RAVE5 RAVE6 e_Gmag e_BPmag e_RPmag e_BP-RP SkyCoord.ra SkyCoord.dec SkyCoord.distance SkyCoord.pm_ra_cosdec SkyCoord.pm_dec rmRA rmDE e_rmRA e_rmDE rRV e_rRV v_pec v_pec3d e_vpec e_vpec3d
[from data line 125]
170.11279503707 -59.50564200419 0.0096 0.0094 10.2453 "" "" 5339125733225194112 1976.74524 0.4734 0.0119 -0.36 -1.298 0.012 0.012 1.024 4584.5 2.4854 13.098768 1.621847 13.860605 12.238758 10.93 0.73 1928.65955 2022.32288 108502.39166 16.004 39010.0 35.755 100850.0 64.816 "" "" 0.002759970261305354 0.0029623227 0.0038432605 0.006805583 170.11279503707 -59.50564200419 1976.74524 -0.36 -1.298 5.979638710021972 -2.475333354949951 0.065539785 0.065539785 "" "" 60.63868452346435 "" 3.974246329946749 ""
170.03033267297 -59.33019597545 0.0095 0.0096 15.0533 "" "" 5339133601606330624 2418.3374 0.3769 0.0116 -7.195 2.28 0.012 0.013 0.925 "" "" 13.099652 0.303594 13.206987 12.903394 "" "" 2347.39062 2481.21362 108414.14728 41.52 71223.0 39.291 54676.0 19.004 "" "" 0.0027865189690041313 0.0028537344 0.0037981756 0.00665191 170.03033267297 -59.33019597545 2418.3374 -7.195000000000001 2.2799999999999994 -0.8553612899780276 1.1026666450500486 0.065539785 0.06653978 "" "" 15.996899837068701 "" 1.058448855966921 ""
169.25065622856 -59.50835575342 0.012 0.0113 16.4895 "" "" 5339119033075209472 2170.26562 0.4239 0.0142 -6.312 1.243 0.016 0.014 1.213 "" "" 13.107731 0.452659 13.268075 12.815416 "" "" 2110.23584 2247.80737 107610.47016 57.614 67327.0 69.286 59291.0 50.122 "" "" 0.002815971438142468 0.003005573 0.0038892345 0.0068948073 169.25065622856 -59.50835575342 2170.26562 -6.312 1.2429999999999999 0.02763871002197238 0.06566664505004893 0.069539785 0.06753978 "" "" 0.73291282244425 "" 0.04972412946235595 ""
169.57888255165 -59.65205476188 0.0099 0.0097 8.8619 "" "" 5339114257072156544 2174.45215 0.4281 0.0121 -11.315 2.54 0.012 0.012 0.972 "" "" 13.110284 1.448254 13.769569 12.321316 -19.88 1.91 2121.09424 2230.33447 107357.66142 14.907 42422.0 20.221 93461.0 37.133 "" "" 0.0027594415189521127 0.0028377608 0.0038039205 0.0066416813 169.57888255165 -59.65205476188 2174.45215 -11.315000000000007 2.540000000000001 -4.975361289978027 1.3626666450500489 0.065539785 0.065539785 "" "" 53.1691172658487 "" 3.4846924998602424 ""
170.08859979465 -59.85295890691 0.0274 0.0283 20.4296 "" "" 5339049626397312640 1932.47327 0.4875 0.034 -8.804 3.546 0.035 0.035 3.813 7134.0 3.6055 13.116058 0.864758 13.416318 12.551559 "" "" 1828.32507 2059.36914 106788.23908 46.939 58734.0 53.572 75602.0 79.63 "" "" 0.0027963449665445827 0.002960704 0.0039486084 0.0069093127 170.08859979465 -59.85295890691 1932.47327 -8.804 3.546 -2.4643612899780276 2.3686666450500486 0.08853978 0.08853978 "" "" 31.309869655914586 "" 2.7721689456849083 ""
170.32092325198 -59.75836605202 0.0093 0.0092 20.5145 "" "" 5339051133872024192 2005.67151 0.465 0.0117 -11.836 2.76 0.012 0.011 0.935 5043.0 2.9334 13.118802 1.694778 13.932352 12.237575 6.99 0.59 1954.59912 2056.34863 106518.74651 16.141 36515.0 21.812 100960.0 27.416 "" "" 0.0027602277953829015 0.002864555 0.0037908647 0.0066554197 170.32092325198 -59.75836605202 2005.67151 -11.836000000000006 2.7599999999999993 -5.496361289978028 1.5826666450500486 0.065539785 0.06453978 "" "" 54.37639632576491 "" 3.559683297943985 ""
169.59449773215 -59.26430677153 0.0093 0.0096 18.0291 "" "" 5339143767730527616 2354.41089 0.3927 0.0115 -6.658 3.671 0.011 0.011 0.975 "" "" 13.121849 1.617688 13.888048 12.27036 13.16 0.71 2295.67188 2410.75488 106220.16567 14.895 38036.0 21.386 97952.0 26.505 "" "" 0.0027595234237843646 0.002856171 0.0037907835 0.0066469545 169.59449773215 -59.26430677153 2354.41089 -6.6579999999999995 3.6709999999999945 -0.3183612899780277 2.4936666450500486 0.06453978 0.06453978 "" "" 28.05496731350773 "" 1.8106614941513912 ""
170.36283781871 -59.57503771272 0.01 0.0097 17.5819 "" "" 5339077492148062464 2269.65747 0.4063 0.0122 -11.041 3.136 0.013 0.012 1.09 4693.2 2.4317 13.147025 1.623158 13.916333 12.293175 -14.64 0.63 2224.37939 2326.20166 103785.51193 14.457 37058.0 18.527 95915.0 32.178 "" "" 0.002759467855364862 0.0028424796 0.0037968939 0.0066393735 170.36283781871 -59.57503771272 2269.65747 -11.041000000000002 3.136 -4.701361289978028 1.958666645050049 0.06653978 0.065539785 "" "" 54.79194588232644 "" 3.6377923644205032 ""
170.31078145901 -59.32084227619 0.0104 0.0096 21.0238 "" "" 5339181258545020544 2422.25537 0.3808 0.0124 -7.901 1.069 0.013 0.012 1.002 9473.3 3.7074 13.148737 0.327359 13.265244 12.937884 "" "" 2356.27759 2505.78735 103621.98961 41.013 67502.0 27.39 52967.0 24.505 "" "" 0.0027886297313384953 0.0028247365 0.0038126165 0.006637353 170.31078145901 -59.32084227619 2422.25537 -7.901 1.069 -1.5613612899780271 -0.10833335494995122 0.06653978 0.065539785 "" "" 17.969853776734553 "" 1.1956246541106397 ""
170.09537364795 -59.33887069864 0.0097 0.0099 15.7048 "" "" 5339134254441433600 2616.9541 0.3482 0.0121 -5.195 1.861 0.013 0.014 0.899 4912.0 2.4314 13.157499 1.386239 13.782185 12.395946 -22.41 1.3 2529.46045 2715.16626 102789.12324 11.954 41932.0 22.387 87253.0 25.765 "" "" 0.002758211884465163 0.0028497465 0.0037929562 0.006642703 170.09537364795 -59.33887069864 2616.9541 -5.194999999999995 1.8609999999999993 1.1446387100219724 0.6836666450500488 0.06653978 0.06753978 "" "" 16.538312969685748 "" 1.1048282635480973 ""
170.15070641935 -59.34195591958 0.0116 0.0129 16.6321 "" "" 5339134323160958720 2595.99438 0.3506 0.0146 -9.625 3.625 0.015 0.017 1.215 "" "" 13.162897 1.38267 13.780926 12.398255 -24.2 2.05 2491.51733 2710.88501 102279.36766 17.284 41980.0 24.847 87067.0 38.991 "" "" 0.0027614222859621666 0.002863217 0.00381053 0.0066737467 170.15070641935 -59.34195591958 2595.99438 -9.625 3.625 -3.2853612899780273 2.447666645050049 0.06853978 0.07053979 "" "" 50.412531182663905 "" 3.491586403842154 ""
170.1593533599 -59.39336684777 0.0094 0.0093 14.6783 "" "" 5339132467734759040 2300.43213 0.3978 0.0117 -5.365 1.261 0.012 0.012 0.889 9881.2 3.9462 13.164839 0.357299 13.289254 12.931955 "" "" 2237.80566 2363.2356 102096.60341 33.868 66026.0 33.974 53257.0 39.376 "" "" 0.0027787603112485976 0.0028455511 0.003863694 0.006709245 170.1593533599 -59.39336684777 2300.43213 -5.365 1.2609999999999997 0.9746387100219724 0.08366664505004873 0.065539785 0.065539785 "" "" 10.666593538648733 "" 0.6990862443199083 ""
169.70908934377 -59.22949128508 0.0107 0.0102 19.2815 "" "" 5339149883764061184 2742.69897 0.3336 0.0124 -9.279 2.63 0.013 0.013 0.978 "" "" 13.166861 1.449287 13.824182 12.374895 -12.01 1.71 2653.09375 2845.08325 101906.64427 15.527 40341.0 40.169 88961.0 54.684 "" "" 0.0027602818458196906 0.0029922968 0.0038378572 0.006830154 169.70908934377 -59.22949128508 2742.69897 -9.279 2.6299999999999972 -2.9393612899780273 1.4526666450500487 0.06653978 0.06653978 "" "" 42.62480819282278 "" 2.836245330087909 ""
169.64793380044 -59.40998977546 0.0105 0.0109 9.3209 "" "" 5339141195109351808 2081.95776 0.4456 0.0132 -7.37 2.183 0.014 0.014 1.086 7599.9 3.7307 13.174135 0.281192 13.269725 12.988533 "" "" 2023.3468 2130.7373 101226.17967 38.001 67224.0 66.244 50553.0 39.798 "" "" 0.0027853045216342976 0.002988269 0.003874832 0.0068631014 169.64793380044 -59.40998977546 2081.95776 -7.37 2.183 -1.0303612899780275 1.0056666450500487 0.06753978 0.06753978 "" "" 14.208588351481055 "" 0.95964495029566 ""
169.80728309217 -59.36799612933 0.0092 0.01 10.8424 "" "" 5339131299502640768 2342.06494 0.3961 0.0116 -5.261 1.878 0.012 0.013 0.955 "" "" 13.186377 1.653947 13.97682 12.322873 43.39 0.43 2284.11694 2426.97388 100091.25276 14.301 35050.0 23.386 93327.0 34.511 "" "" 0.002759683783503899 0.0028826788 0.0038006476 0.0066833263 169.80728309217 -59.36799612933 2342.06494 -5.261 1.8779999999999974 1.0786387100219725 0.7006666450500487 0.065539785 0.06653978 "" "" 14.278970853432536 "" 0.9401004982807813 ""
170.23401410335 -59.68821313198 0.01 0.0095 15.9538 "" "" 5339075774161122944 2053.07349 0.452 0.0123 -8.79 2.247 0.013 0.012 1.037 8208.5 3.4901 13.188869 0.871721 13.535623 12.663901 "" "" 2001.28369 2102.62744 99861.73372 14.842 52622.0 25.883 68171.0 31.643 "" "" 0.0027600414963828805 0.0028408174 0.0038128349 0.0066536525 170.23401410335 -59.68821313198 2053.07349 -8.79 2.247 -2.4503612899780265 1.0696666450500487 0.06653978 0.065539785 "" "" 26.01890389992621 "" 1.7271538911119109 ""
169.40583220321 -59.71165546795 0.0096 0.0095 15.1496 "" "" 5339108622073805312 2363.37671 0.3885 0.0117 -6.193 1.103 0.013 0.012 0.961 "" "" 13.189874 0.551856 13.392021 12.840165 "" "" 2309.80981 2425.71436 99769.38002 27.67 60063.0 30.505 57955.0 23.766 "" "" 0.0027717253178517753 0.0028441378 0.0038055172 0.0066496553 169.40583220321 -59.71165546795 2363.37671 -6.193000000000002 1.103 0.14663871002197304 -0.07433335494995119 0.06653978 0.065539785 "" "" 1.8417095155055911 "" 0.12217270101239672 ""
169.91986400144 -59.67522122635 0.0099 0.0098 8.6142 "" "" 5339100027782111872 2062.82593 0.4524 0.0127 -8.229 3.966 0.013 0.013 0.977 4760.6 2.5312 13.20196 1.610745 13.962353 12.351608 2.9 1.53 2016.1803 2114.05664 98664.93065 15.351 35520.0 28.088 90890.0 37.214 "" "" 0.0027604937265445365 0.002919277 0.0038054364 0.0067247134 169.91986400144 -59.67522122635 2062.82593 -8.229 3.966 -1.8893612899780265 2.788666645050049 0.06653978 0.06653978 "" "" 32.93585700092931 "" 2.1915446560779626 ""
170.16956897258 -59.35480321273 0.0099 0.0094 16.4674 "" 8629-1725-1 5339134013923322368 2829.05249 0.3191 0.0118 -6.631 1.725 0.013 0.013 1.022 "" "" 13.202094 0.57757 13.417948 12.840378 "" "" 2744.27661 2932.83398 98652.71113 28.092 58646.0 32.56 57944.0 23.666 "" "" 0.0027726117201238884 0.0028545423 0.0038053084 0.0066598505 170.16956897258 -59.35480321273 2829.05249 -6.630999999999999 1.7250000000000014 -0.29136128997802757 0.5476666450500489 0.06653978 0.06653978 "" "" 8.318669978430703 "" 0.5535224644797188 ""
169.22512407991 -59.60654201075 0.0122 0.0107 17.4183 "" "" 5339112367285358336 2180.18848 0.4244 0.0141 -7.96 2.995 0.016 0.013 1.27 5305.8 2.8369 13.209979 1.535115 13.90088 12.365765 -30.03 1.38 2120.89038 2245.06421 97938.88337 17.026 37589.0 63.702 89712.0 195.38 "" "" 0.0027617775277218723 0.003342249 0.0044581345 0.0078003835 169.22512407991 -59.60654201075 2180.18848 -7.959999999999999 2.995000000000003 -1.6203612899780273 1.817666645050049 0.069539785 0.06653978 "" "" 25.16406433867098 "" 1.7082508629504178 ""
169.76059629127 -59.68712146823 0.0453 0.0381 8.361 "" "" 5339101750095763200 2000.88428 0.475 0.0287 -7.042 0.782 0.07 0.06 1.182 "" "" 13.210017 "" "" "" "" "" 1906.63928 2085.92847 97935.40804 684.22 "" "" "" "" "" "" 0.008070351240342007 "" "" "" 169.76059629127 -59.68712146823 2000.88428 -7.042 0.782 -0.7023612899780272 -0.39533335494995114 0.12353978 0.113539785 "" "" 7.64404560740017 "" 0.9265290851970305 ""
169.62721437731 -59.43993135665 0.0091 0.0099 8.1233 "" "" 5339140679713238016 2297.30615 0.3999 0.0116 -6.36 1.182 0.012 0.012 0.944 10967.2 3.9465 13.213461 0.382506 13.349019 12.966513 "" "" 2233.20435 2361.39111 97625.31644 45.229 62490.0 73.694 51589.0 62.315 "" "" 0.002800858985458066 0.0030699307 0.0040004617 0.0070703924 169.62721437731 -59.43993135665 2297.30615 -6.360000000000004 1.1820000000000015 -0.020361289978027663 0.004666645050048768 0.065539785 0.065539785 "" "" 0.22746759554816798 "" 0.014908177245159521 ""
170.16800970639 -59.28067912709 0.0101 0.0101 19.836 "" "" 5339134907276542848 2596.67236 0.3522 0.0125 -5.227 1.853 0.013 0.013 0.958 "" "" 13.217248 1.352407 13.823382 12.470975 -23.0 1.45 2513.44653 2671.5647 97285.39328 12.232 40370.0 24.975 81427.0 28.211 "" "" 0.0027586999141929547 0.0028698817 0.0037980555 0.006667937 170.16800970639 -59.28067912709 2596.67236 -5.226999999999996 1.8530000000000006 1.1126387100219723 0.6756666450500488 0.06653978 0.06653978 "" "" 16.02193783019869 "" 1.0660962072671907 ""
169.68564311154 -59.45494601203 0.0097 0.0098 6.398 "" "" 5339128855603384960 2214.73071 0.4162 0.0117 -6.311 1.198 0.012 0.013 0.895 "" "" 13.222423 0.334847 13.337932 13.003084 "" "" 2161.58984 2274.03369 96822.79839 25.025 63131.0 29.963 49880.0 20.725 "" "" 0.002769573570880092 0.0028373562 0.0038062104 0.0066435663 169.68564311154 -59.45494601203 2214.73071 -6.310999999999998 1.1979999999999995 0.028638710021972713 0.020666645050048782 0.065539785 0.06653978 "" "" 0.37075095719022216 "" 0.024426527668625374 ""
170.33856757356 -59.35180275385 0.0102 0.0093 20.5497 "" "" 5339087319034019584 2675.75195 0.3396 0.0121 -9.088 1.64 0.013 0.012 1.002 4833.0 2.539 13.22417 1.4567 13.884913 12.428213 -19.66 0.93 2594.00806 2781.78271 96667.15545 13.523 38146.0 36.409 84698.0 46.764 "" "" 0.0027595033670491566 0.0029764003 0.0038266282 0.0068030283 170.33856757356 -59.35180275385 2675.75195 -9.088000000000001 1.6400000000000001 -2.7483612899780265 0.46266664505004873 0.06653978 0.065539785 "" "" 35.34811235549223 "" 2.351088587716141 ""
169.58079632543 -59.34986512344 0.0103 0.0105 13.4678 "" "" 5339142981815784192 2494.76562 0.3644 0.0126 -5.017 1.037 0.013 0.014 1.099 9983.3 3.6737 13.231714 0.367266 13.36226 12.994994 "" "" 2421.8877 2582.85522 95997.76887 29.922 61732.0 43.872 50253.0 29.272 "" "" 0.002776025276972202 0.0028948989 0.0038319316 0.0067268303 169.58079632543 -59.34986512344 2494.76562 -5.017 1.037 1.3226387100219723 -0.14033335494995125 0.06653978 0.06753978 "" "" 15.728242068923358 "" 1.046730145870981 ""
170.44239829686 -59.53182854802 0.0096 0.0098 19.965 "" "" 5339080923768060544 2236.96533 0.4126 0.0123 1.304 2.246 0.012 0.012 0.984 4806.7 2.6119 13.234706 1.521159 13.938825 12.417666 14.23 1.41 2176.9519 2293.13037 95733.63068 12.405 36298.0 22.262 85525.0 40.357 "" "" 0.002758909652199012 0.0028685299 0.0038139492 0.006682479 170.44239829686 -59.53182854802 2236.96533 1.3039999999999996 2.246000000000001 7.643638710021973 1.0686666450500488 0.065539785 0.065539785 "" "" 81.83543792516693 "" 5.363476984858224 ""
169.68140464602 -59.6406643096 0.0102 0.0102 6.3945 "" "" 5339102677838553344 1974.47925 0.4699 0.0127 -8.101 2.238 0.013 0.013 0.872 "" "" 13.239188 0.637571 13.477886 12.840315 "" "" 1921.39929 2025.89636 95339.18693 23.161 55496.0 39.741 57947.0 50.127 "" "" 0.0027679160267367097 0.0028964733 0.0038943358 0.0067908093 169.68140464602 -59.6406643096 1974.47925 -8.101 2.2379999999999995 -1.7613612899780282 1.0606666450500488 0.06653978 0.06653978 "" "" 19.24278659752332 "" 1.2804107734212282 ""
170.28457385546 -59.47617130622 0.0093 0.0098 15.76 "" "" 5339084673333817600 2558.37695 0.3579 0.0119 -6.663 1.074 0.012 0.012 1.021 "" "" 13.240271 1.635046 14.015044 12.379998 -32.61 1.17 2477.82129 2619.66553 95244.15678 13.948 33838.0 16.981 88544.0 36.448 "" "" 0.002759904073175583 0.0028428715 0.0038057158 0.006648587 170.28457385546 -59.47617130622 2558.37695 -6.663000000000001 1.0739999999999998 -0.3233612899780276 -0.1033333549499511 0.065539785 0.065539785 "" "" 4.116660732662431 "" 0.26980505822300216 ""
169.8090229696 -59.21846116787 0.0104 0.0098 19.8082 "" "" 5339139507123107456 2417.69995 0.3788 0.0124 -6.985 -1.569 0.014 0.013 0.972 4640.5 2.5846 13.241352 1.550565 13.966826 12.416261 -30.14 1.45 2347.67822 2495.81738 95149.35937 14.65 35374.0 22.229 85636.0 29.882 "" "" 0.002760386733501274 0.0028723767 0.0037983235 0.0066707004 169.8090229696 -59.21846116787 2417.69995 -6.984999999999999 -1.5690000000000035 -0.6453612899780277 -2.746333354949951 0.06753978 0.06653978 "" "" 32.32999058161328 "" 2.152934329528684 ""
169.51594388219 -59.3971357106 0.0091 0.0094 12.2688 "" "" 5339141779224875776 2119.52539 0.4369 0.0113 -5.747 -1.697 0.012 0.012 1.008 "" "" 13.244433 1.692461 14.057329 12.364868 22.23 0.72 2055.10864 2187.28491 94879.68765 13.547 32545.0 25.387 89787.0 28.446 "" "" 0.0027596777562406004 0.0029158792 0.003795003 0.0067108823 169.51594388219 -59.3971357106 2119.52539 -5.747000000000001 -1.6969999999999996 0.5926387100219728 -2.8743333549499512 0.065539785 0.065539785 "" "" 29.484550640557142 "" 1.9324111018275887 ""
