Clusters/UPK_28/UPK_28_stars_in_region.tsv
# %ECSV 1.0
# ---
# datatype:
# - name: RA_ICRS_1
#   unit: deg
#   datatype: float64
#   format: '{:15.11f}'
#   description: Right ascension (ICRS) at Ep=2016.0 (ra)
#   meta: !!omap
#   - {ucd: POS_EQ_RA_MAIN}
#   - {width: 15}
#   - {precision: '11'}
# - name: DE_ICRS_1
#   unit: deg
#   datatype: float64
#   format: '{:15.11f}'
#   description: Declination (ICRS) at Ep=2016.0 (dec)
#   meta: !!omap
#   - {ucd: POS_EQ_DEC_MAIN}
#   - {width: 15}
#   - {precision: '11'}
# - name: e_RA_ICRS
#   unit: mas
#   datatype: float64
#   format: '{:7.4f}'
#   description: Standard error of right ascension (ra_error)
#   meta: !!omap
#   - {ucd: ERROR}
#   - {width: 7}
#   - {precision: '4'}
# - name: e_DE_ICRS
#   unit: mas
#   datatype: float64
#   format: '{:7.4f}'
#   description: Standard error of declination (dec_error)
#   meta: !!omap
#   - {ucd: ERROR}
#   - {width: 7}
#   - {precision: '4'}
# - name: _r_1
#   unit: ''
#   datatype: float64
#   format: '{:7.4f}'
#   description: Distance from center (277.35930652000-04.98419419000)[ICRS], at Epoch=J2016.0
#   meta: !!omap
#   - {ucd: POS_ANG_DIST_GENERAL}
#   - {width: 7}
#   - {precision: '4'}
# - name: HIP
#   datatype: int32
#   description: '? HIP cross-id number, van Leeuwen, Cat. I/311 (hip_original_ext_source_id)'
#   meta: !!omap
#   - {ucd: ID_NUMBER}
#   - {width: 6}
#   - values: {'null': -2147483648}
# - name: TYC2
#   datatype: string
#   description: Tycho-2 cross-id name, Hog et al., Cat. I/259 (tyc2_original_ext_source_id)
#   meta: !!omap
#   - {ucd: ID_CROSSID}
#   - {_votable_string_dtype: char}
# - name: Source
#   datatype: int64
#   description: Source identifier, identical to the Gaia-EDR3 source_id (id)
#   meta: !!omap
#   - {ucd: ID_MAIN}
#   - {width: 19}
# - name: rgeo
#   unit: pc
#   datatype: float64
#   format: '{:15.8f}'
#   description: '? Median of the geometric distance posterior (r_med_geo)'
#   meta: !!omap
#   - {ucd: PHYS_DISTANCE_TRUE}
#   - {width: 15}
#   - {precision: '8'}
#   - values: {'null': .nan}
# - name: Plx
#   unit: mas
#   datatype: float64
#   format: '{:9.4f}'
#   description: '? Parallax (parallax)'
#   meta: !!omap
#   - {ucd: POS_PARLX_TRIG}
#   - {width: 9}
#   - {precision: '4'}
#   - values: {'null': .nan}
# - name: e_Plx
#   unit: mas
#   datatype: float32
#   format: '{:7.4f}'
#   description: '? Standard error of parallax (parallax_error)'
#   meta: !!omap
#   - {ucd: ERROR}
#   - {width: 7}
#   - {precision: '4'}
#   - values: {'null': .nan}
# - name: pmRA
#   unit: mas / yr
#   datatype: float64
#   format: '{:9.3f}'
#   description: '? Proper motion in right ascension direction, pmRA*cosDE (pmra)'
#   meta: !!omap
#   - {ucd: POS_EQ_PMRA}
#   - {width: 9}
#   - {precision: '3'}
#   - values: {'null': .nan}
# - name: pmDE
#   unit: mas / yr
#   datatype: float64
#   format: '{:9.3f}'
#   description: '? Proper motion in declination direction (pmdec)'
#   meta: !!omap
#   - {ucd: POS_EQ_PMDEC}
#   - {width: 9}
#   - {precision: '3'}
#   - values: {'null': .nan}
# - name: e_pmRA
#   unit: mas / yr
#   datatype: float32
#   format: '{:6.3f}'
#   description: '? Standard error of proper motion in right ascension direction (pmra_error)'
#   meta: !!omap
#   - {ucd: ERROR}
#   - {width: 6}
#   - {precision: '3'}
#   - values: {'null': .nan}
# - name: e_pmDE
[...]
#         value: !astropy.table.SerializedColumn {name: SkyCoord.dec}
#       distance: !astropy.table.SerializedColumn
#         __class__: astropy.coordinates.distances.Distance
#         unit: !astropy.units.Unit {unit: pc}
#         value: !astropy.table.SerializedColumn {name: SkyCoord.distance}
#       frame: icrs
#       obstime: !astropy.time.Time {format: jyear_str, in_subfmt: '*', jd1: 367701545.0, jd2: 0.0, out_subfmt: '*', precision: 3, scale: tt}
#       pm_dec: !astropy.table.SerializedColumn
#         __class__: astropy.units.quantity.Quantity
#         unit: !astropy.units.Unit {unit: mas / yr}
#         value: !astropy.table.SerializedColumn {name: SkyCoord.pm_dec}
#       pm_ra_cosdec: !astropy.table.SerializedColumn
#         __class__: astropy.units.quantity.Quantity
#         unit: !astropy.units.Unit {unit: mas / yr}
#         value: !astropy.table.SerializedColumn {name: SkyCoord.pm_ra_cosdec}
#       ra: !astropy.table.SerializedColumn
#         __class__: astropy.coordinates.angles.Longitude
#         unit: *id001
#         value: !astropy.table.SerializedColumn {name: SkyCoord.ra}
#         wrap_angle: !astropy.coordinates.Angle
#           unit: *id001
#           value: 360.0
#       representation_type: spherical
# schema: astropy-2.0
RA_ICRS_1 DE_ICRS_1 e_RA_ICRS e_DE_ICRS _r_1 HIP TYC2 Source rgeo Plx e_Plx pmRA pmDE e_pmRA e_pmDE RUWE Teff logg Gmag BP-RP BPmag RPmag RV e_RV b_rgeo B_rgeo FG e_FG FBP e_FBP FRP e_FRP RAVE5 RAVE6 e_Gmag e_BPmag e_RPmag e_BP-RP SkyCoord.ra SkyCoord.dec SkyCoord.distance SkyCoord.pm_ra_cosdec SkyCoord.pm_dec rmRA rmDE e_rmRA e_rmDE rRV e_rRV v_pec v_pec3d e_vpec e_vpec3d
[from data line 29]
277.35230300837 -4.95003983278 0.0119 0.0108 2.0916 "" "" 4257243636172008192 906.081604 1.0884 0.0137 0.768 -2.63 0.015 0.012 0.944 "" "" 12.696246 1.45809 13.354083 11.895993 -8.44 26.76 891.788696 918.595642 157198.44993 25.456 62199.0 55.567 138280.0 48.989 "" "" 0.002760924080640367 0.0029539613 0.0037989053 0.0067528663 277.35230300837 -4.95003983278 906.081604 0.768 -2.6300000000000017 -0.05413956117630003 -0.0359767723083495 0.15917248 0.15617247 -9.936428571428571 30.35125 0.2791776250429737 9.940349737379801 0.04418252737234421 30.339277074365363
277.99349403646 -5.37471640921 0.0145 0.015 44.5547 "" "" 4256415673865315328 879.260864 1.1177 0.0189 0.074 -2.568 0.018 0.015 1.043 "" "" 12.714203 1.128275 13.187633 12.059358 22.9 15.71 865.867188 894.539185 154620.01854 29.633 72504.0 58.586 118960.0 46.695 "" "" 0.0027631662015936403 0.0029248472 0.003803335 0.006728182 277.99349403646 -5.37471640921 879.260864 0.074 -2.568 -0.7481395611763001 0.02602322769165033 0.16217247 0.15917248 21.403571428571425 19.30125 3.119904335338138 21.629763590007652 0.5059513750544963 19.099548031343296
277.37663144138 -4.72331660231 0.0145 0.0152 15.6869 "" "" 4257265523325347328 987.042297 0.9995 0.0192 0.808 -5.558 0.017 0.016 0.979 5595.7 2.8052 12.720964 2.535574 14.115475 11.579901 101.5 0.69 966.867493 1004.30316 153660.05348 34.962 30848.0 29.248 185010.0 103.57 "" "" 0.002766372356652993 0.0029740138 0.0038279435 0.0068019573 277.37663144138 -4.72331660231 987.042297 0.8079999999999998 -5.558 -0.014139561176299997 -2.9639767723083494 0.16117248 0.16017248 100.00357142857143 4.28125 13.86736168287494 100.96047750735461 2.2211699918195604 4.2516325112264175
277.34216571186 -4.94112326326 0.0133 0.012 2.78 "" "" 4257243704891484800 818.185486 1.2073 0.0154 1.735 0.841 0.017 0.014 0.964 "" "" 12.732771 2.360207 13.999144 11.638937 -69.27 0.99 809.00293 827.197998 151998.17358 31.441 34337.0 27.929 175220.0 79.565 "" "" 0.0027644580273369166 0.002926592 0.0038114032 0.006737995 277.34216571186 -4.94112326326 818.185486 1.735000000000001 0.8410000000000003 0.9128604388237 3.4350232276916506 0.16117248 0.15817247 -70.76642857142856 4.58125 13.784092625506618 72.09638425235795 2.183015957525869 4.51606809924739
277.266895132 -5.64778932844 0.0128 0.0117 40.1966 "" "" 4257040471365971584 847.507385 1.1641 0.0148 -0.995 -2.69 0.015 0.013 0.952 9460.8 3.9445 12.749678 1.191001 13.257393 12.066392 "" "" 836.38916 857.723511 149649.58296 29.207 67992.0 46.735 118200.0 56.412 "" "" 0.0027634565318447627 0.002888252 0.0038147392 0.006702991 277.266895132 -5.64778932844 847.507385 -0.9949999999999999 -2.69 -1.8171395611763002 -0.09597677230834956 0.15917248 0.15717247 "" "" 7.309960769947093 "" 1.1635041335453515 ""
277.73880093198 -5.31961701544 0.015 0.0132 30.3201 "" "" 4257168731939380608 937.165649 1.0481 0.0166 7.131 -6.031 0.02 0.016 0.987 "" "" 12.775617 2.371973 14.049608 11.677635 18.87 0.47 920.925598 950.25415 146116.78897 38.615 32777.0 36.965 169080.0 105.9 "" "" 0.002770220182245319 0.0030470246 0.003840074 0.006887099 277.73880093198 -5.31961701544 937.165649 7.131 -6.031 6.3088604388237 -3.4369767723083493 0.16417247 0.16017248 17.373571428571427 4.0612497 31.91395946278242 36.33650771298465 5.2104535354238894 4.971215943875277
276.88512748028 -5.49776264439 0.0124 0.0116 41.8592 "" "" 4257106888743605248 959.160095 1.0265 0.0148 2.357 -0.83 0.015 0.013 0.98 "" "" 12.784781 1.921388 13.739992 11.818604 18.26 4.25 941.652222 971.947754 144888.68037 32.561 43593.0 61.343 148500.0 146.13 "" "" 0.002766102817311708 0.0031810824 0.003927496 0.0071085785 276.88512748028 -5.49776264439 959.160095 2.3570000000000015 -0.83 1.5348604388237002 1.7640232276916503 0.15917248 0.15717247 16.763571428571428 7.84125 10.630820836621023 19.850231200193917 1.6800663290105384 6.682804069363582
277.19142170563 -5.29411353518 0.012 0.0114 21.129 "" "" 4257088261443282688 710.539185 1.3865 0.0136 3.603 0.127 0.016 0.013 0.957 "" "" 12.793585 1.396156 13.416194 12.020038 -11.97 13.26 704.583008 716.064575 143718.57951 28.187 58741.0 59.848 123350.0 83.951 "" "" 0.0027635364071052215 0.0030014531 0.0038509432 0.0068523963 277.19142170563 -5.29411353518 710.539185 3.6030000000000006 0.127 2.7808604388237 2.72102322769165 0.16017248 0.15717247 -13.466428571428573 16.85125 13.103534721207915 18.78955349813532 2.079690600267816 12.164024096925187
277.20362664155 -5.00286405008 0.0166 0.0152 9.3725 "" "" 4257149769698385664 867.122742 1.131 0.0182 -0.309 -2.069 0.021 0.018 1.23 11497.2 4.2003 12.833923 1.447816 13.486725 12.038909 "" "" 853.03595 880.293945 138476.97507 84.152 55046.0 105.42 121230.0 228.31 "" "" 0.0028332178079231384 0.0034797448 0.004297058 0.007776803 277.20362664155 -5.00286405008 867.122742 -0.309 -2.069 -1.1311395611763 0.5250232276916504 0.16517247 0.16217247 "" "" 5.125564734652941 "" 0.8438970737388898 ""
277.42554027993 -5.36214333029 0.0153 0.0137 23.0197 "" "" 4257077442445744128 888.337646 1.108 0.0163 -0.629 -4.289 0.02 0.016 1.003 "" "" 12.845711 1.554501 13.561355 12.006854 -29.14 14.77 875.933044 902.418274 136981.67845 25.282 51390.0 56.572 124860.0 42.892 "" "" 0.0027625975163962802 0.0030353903 0.003797741 0.0068331314 277.42554027993 -5.36214333029 888.337646 -0.629 -4.289 -1.4511395611763 -1.6949767723083493 0.16417247 0.16017248 -30.636428571428574 18.36125 9.39543014830233 32.04473222362567 1.5208981365922765 17.55997157250387
278.07408357488 -5.22435043728 0.0155 0.0151 45.0814 "" "" 4256425736958318976 941.591492 1.0428 0.0177 -2.405 -10.602 0.017 0.015 0.949 4809.4 2.8658 12.84821 2.099173 13.927938 11.828766 -14.41 1.56 928.05481 961.479858 136666.67788 36.213 36664.0 32.903 147110.0 62.534 "" "" 0.0027702988066912316 0.0029554064 0.0038074579 0.006762864 278.07408357488 -5.22435043728 941.591492 -2.405 -10.602 -3.2271395611763 -8.00797677230835 0.16117248 0.15917248 -15.906428571428572 5.15125 38.53379143486077 41.687738631920396 6.144344348070999 6.009975790009754
277.65613100095 -5.37447289472 0.0165 0.0147 29.3757 "" "" 4257074620618981504 706.269104 1.3946 0.0188 0.315 -2.927 0.02 0.017 1.039 7872.3 3.7356 12.871832 1.47394 13.200153 11.726213 -63.67 17.8 697.879822 714.997925 133725.39938 103.6 71673.0 1978.9 161690.0 4975.3 "" "" 0.0028808526399003625 0.030106872 0.03362185 0.06372872 277.65613100095 -5.37447289472 706.269104 0.3149999999999999 -2.927 -0.5071395611763001 -0.33297677230834966 0.16417247 0.16117248 -65.16642857142857 21.391249 2.031001571060761 65.19807037126752 0.3316109115927961 21.380869639547214
277.33121519855 -4.99986412967 0.0143 0.0126 1.9244 "" "" 4257240067067167744 897.062866 1.0925 0.016 0.856 -2.79 0.019 0.015 0.948 9590.9 3.8801 12.910886 1.356856 13.510751 12.153894 "" "" 885.498352 911.408447 129000.79038 24.029 53841.0 46.353 109040.0 46.976 "" "" 0.0027627324385450717 0.0029425805 0.0038082171 0.006750798 277.33121519855 -4.99986412967 897.062866 0.856 -2.79 0.033860438823699934 -0.19597677230834964 0.16317247 0.15917248 "" "" 0.8456550890896315 "" 0.134704260589703 ""
276.96795911925 -5.27598384869 0.019 0.0175 29.2138 "" "" 4257137640711004160 986.135559 0.983 0.0212 -3.403 -14.303 0.024 0.02 1.084 "" "" 12.928033 2.583765 14.360689 11.776924 21.52 0.52 969.383057 1012.45001 126979.49566 40.215 24612.0 27.812 154310.0 69.855 "" "" 0.002776693633903808 0.003048005 0.0038112078 0.006859213 276.96795911925 -5.27598384869 986.135559 -3.4029999999999965 -14.303000000000008 -4.2251395611763005 -11.70897677230835 0.16817248 0.16417247 20.023571428571426 4.11125 58.18532599164071 61.53434466628049 9.579530793821963 9.156422881347728
277.46259354462 -5.68158022202 0.02 0.018 42.2957 "" "" 4256311937501628544 877.711365 1.1109 0.0211 -29.53 -9.22 0.024 0.021 1.186 5329.7 2.9509 12.945239 2.348775 14.198005 11.84923 0.73 4.5 860.645264 893.57074 124983.00968 31.319 28590.0 31.971 144370.0 82.355 "" "" 0.0027687202228418068 0.003042888 0.0038297942 0.006872682 277.46259354462 -5.68158022202 877.711365 -29.53000000000001 -9.22 -30.3521395611763 -6.62597677230835 0.16817248 0.16517247 -0.7664285714285726 8.091249 129.24948114944053 129.2517535283552 21.718717740153448 21.718388898915947
278.119268734 -5.23284363135 0.0126 0.0123 47.8042 "" "" 4256424225129831424 941.612671 1.0249 0.0151 -0.864 -0.763 0.015 0.013 0.993 7087.7 3.7361 13.049818 1.41815 13.687292 12.269142 -1.17 5.76 930.603821 958.765381 113506.22578 89.696 45761.0 139.57 98062.0 191.09 "" "" 0.0028858137344693457 0.004330229 0.0043312893 0.008661518 278.119268734 -5.23284363135 941.612671 -0.8639999999999991 -0.763 -1.6861395611763 1.8310232276916505 0.15917248 0.15717247 -2.6664285714285727 9.35125 11.109544950751172 11.425052749956626 1.756345371278696 2.7712366111197175
277.22927149646 -4.41490330549 0.0136 0.0141 35.0313 "" "" 4257465978036040448 888.8797 1.0698 0.0167 2.668 0.387 0.016 0.014 1.053 "" "" 13.086806 2.840858 14.714075 11.873217 -13.83 1.34 876.049377 902.626038 109704.45618 68.564 17774.0 38.567 141210.0 210.28 "" "" 0.0028376486519734144 0.0036517484 0.00411069 0.0077624386 277.22927149646 -4.41490330549 888.8797 2.6680000000000015 0.38699999999999973 1.8458604388237 2.9810232276916504 0.16017248 0.15817247 -15.326428571428572 4.93125 14.772793919374946 21.286964389959962 2.344875223379982 3.905619392196461
276.72179100927 -5.21632752413 0.0129 0.0121 40.5655 "" "" 4257128019982994048 790.948914 1.2143 0.0143 -15.255 -16.765 0.015 0.014 1.033 "" "" 13.12402 2.838094 14.751799 11.913705 -4.0 0.55 780.248108 801.526917 106008.09155 51.712 17167.0 45.068 136040.0 113.0 "" "" 0.0028057623918393217 0.0039886767 0.0038854945 0.007874171 276.72179100927 -5.21632752413 790.948914 -15.254999999999992 -16.765000000000008 -16.077139561176303 -14.17097677230835 0.15917248 0.15817247 -5.496428571428573 4.14125 80.34719931136294 80.53498099720828 12.753994461789134 12.727394868813006
277.26677791698 -5.6626474395 0.0123 0.0117 41.0808 "" "" 4257040093408841600 965.737305 0.9857 0.0142 -2.305 -8.122 0.015 0.013 1.002 "" "" 13.146843 2.426936 14.462057 12.035121 -39.0 1.06 955.033875 979.429077 103802.94528 29.51 22418.0 28.079 121650.0 47.732 "" "" 0.0027725551255813625 0.003103932 0.003803316 0.006907248 277.26677791698 -5.6626474395 965.737305 -2.305 -8.122000000000007 -3.1271395611763 -5.5279767723083495 0.15917248 0.15717247 -40.496428571428574 4.65125 29.07314371026776 49.85186468166159 4.583661976729342 4.628373226398505
276.78222793147 -5.39943665759 0.0138 0.0158 42.5415 "" "" 4257111557335057792 976.611084 0.983 0.0193 -3.044 -5.07 0.016 0.014 1.037 5170.9 3.0704 13.152939 2.199605 14.300838 12.101233 -5.89 1.0 959.73175 991.696167 103221.7355 38.704 26006.0 53.864 114460.0 131.37 "" "" 0.002785233532540493 0.0035835896 0.0039795213 0.007563111 276.78222793147 -5.39943665759 976.611084 -3.044000000000002 -5.07 -3.8661395611763 -2.47597677230835 0.16017248 0.15817247 -7.3864285714285725 4.59125 21.25247428149568 22.499488663666373 3.3917536566456636 3.5406235091724665
277.3898354919 -5.05621738976 0.0138 0.0123 4.6908 "" "" 4257238692677552000 951.5448 0.9999 0.0154 2.636 2.233 0.018 0.014 1.046 4650.2 2.6508 13.155406 2.703015 14.681434 11.978418 -25.25 0.39 936.955383 968.068726 102987.41532 55.245 18317.0 23.383 128170.0 58.564 "" "" 0.002816202672352817 0.0031154624 0.003811803 0.0069272653 277.3898354919 -5.05621738976 951.5448 2.636 2.233 1.8138604388237 4.827023227691651 0.16217247 0.15817247 -26.746428571428574 3.9812498 23.257805511668806 35.44427963078306 3.690382771801805 3.858699558224131
277.77027722897 -4.35559802749 0.0122 0.0114 45.0164 "" "" 4257303598224622336 970.25647 0.9753 0.0131 -8.631 -2.055 0.015 0.013 0.925 "" "" 13.162364 3.061412 14.966761 11.905349 -12.78 0.49 959.056702 980.306091 102329.56367 51.152 14084.0 27.79 137090.0 120.21 "" "" 0.0028082642177140295 0.0035177602 0.0038974509 0.007415211 277.77027722897 -4.35559802749 970.25647 -8.631000000000007 -2.0550000000000015 -9.4531395611763 0.5390232276916502 0.15917248 0.15717247 -14.276428571428571 4.08125 43.545755893289524 45.82629451606426 6.931005276253678 6.7076888363496
277.62764054384 -4.76723250856 0.0161 0.0156 20.6591 "" "" 4257250989156025472 755.767578 1.2803 0.0182 -1.99 -4.839 0.019 0.018 1.134 9122.6 3.7147 13.218413 1.882442 14.13503 12.252588 2.95 25.06 745.529175 767.60022 97180.97481 47.162 30297.0 48.179 99569.0 89.483 "" "" 0.002805249012499305 0.0032811689 0.0039033093 0.0071844785 277.62764054384 -4.76723250856 755.767578 -1.9900000000000002 -4.839 -2.8121395611763003 -2.24497677230835 0.16317247 0.16217247 1.4535714285714276 28.651249 12.890470703975248 12.972166544876123 2.0983618194835767 3.8281716302986535
277.26265667286 -5.64738564369 0.0172 0.0162 40.2082 "" "" 4257040535758519424 832.722473 1.1593 0.0198 -0.806 -2.579 0.019 0.018 1.437 "" "" 13.241371 1.347119 13.835572 12.488453 "" "" 819.36438 846.602783 95147.73725 23.304 39920.0 69.768 80127.0 61.382 "" "" 0.0027681229350220667 0.003374269 0.003869821 0.00724409 277.26265667286 -5.64738564369 832.722473 -0.8059999999999999 -2.578999999999998 -1.6281395611763 0.01502322769165021 0.16317247 0.16217247 "" "" 6.42671059804388 "" 1.0486616874342858 ""
277.4963731286 -5.13067216188 0.0138 0.013 12.0145 "" "" 4257190417242554240 861.647034 1.1236 0.0165 -2.234 -5.554 0.017 0.015 0.976 9000.8 4.0483 13.252126 1.419322 13.887208 12.467886 "" "" 847.795593 876.576843 94209.85015 20.078 38066.0 34.216 81659.0 65.272 "" "" 0.0027650192916006742 0.0029559224 0.003877744 0.0068336665 277.4963731286 -5.13067216188 861.647034 -2.234 -5.554000000000003 -3.0561395611763 -2.95997677230835 0.16117248 0.15917248 "" "" 17.37658542383268 "" 2.7838602730672797 ""
277.34669584841 -4.96764385116 0.0126 0.0113 1.2467 "" "" 4257240646884896512 869.987305 1.1092 0.0143 0.793 -2.532 0.016 0.013 0.913 9822.6 3.963 13.267422 1.477168 13.936459 12.45929 "" "" 855.131653 881.9151 92891.95677 17.879 36378.0 25.69 82308.0 35.645 "" "" 0.0027632334257832445 0.0028936039 0.0038085186 0.0067021223 277.34669584841 -4.96764385116 869.987305 0.7929999999999993 -2.532 -0.02913956117630001 0.06202322769165036 0.16017248 0.15717247 "" "" 0.2825888751131912 "" 0.04456967677820021 ""
277.83547431602 -5.02695607995 0.0136 0.0131 28.5765 "" "" 4257183579654985728 900.049561 1.0745 0.0159 0.736 3.541 0.016 0.014 0.924 "" "" 13.32406 1.70668 14.135147 12.428467 "" "" 883.78363 916.52002 88170.34194 18.286 30294.0 35.912 84678.0 64.495 "" "" 0.0027645059701559777 0.0030727247 0.003868795 0.0069415197 277.83547431602 -5.02695607995 900.049561 0.7359999999999998 3.540999999999998 -0.08613956117630006 6.135023227691651 0.16017248 0.15817247 "" "" 26.176030102495464 "" 4.14033780663721 ""
277.24964509638 -5.12757676205 0.0128 0.0116 10.8151 "" "" 4257142966469993984 805.337463 1.2006 0.0143 1.69 -1.51 0.016 0.013 1.05 "" "" 13.345683 1.710428 14.15988 12.449451 79.01 4.31 797.588135 814.198486 86431.76925 22.263 29612.0 46.918 83057.0 45.51 "" "" 0.002769476602528477 0.0032778606 0.0038259183 0.007103779 277.24964509638 -5.12757676205 805.337463 1.69 -1.5100000000000002 0.8678604388236999 1.0840232276916504 0.16017248 0.15717247 77.51357142857144 7.90125 5.300809591977742 77.69460945228215 0.8393886393856403 7.883047021254913
277.64811031811 -5.01190930118 0.014 0.0161 17.3422 "" "" 4257190241138948224 878.522888 1.0862 0.02 3.018 -17.823 0.017 0.015 1.074 "" "" 13.371388 2.711474 14.899361 12.187886 -4.84 0.58 863.733765 892.513672 84409.48749 37.145 14986.0 20.181 105680.0 64.518 "" "" 0.0027964386011587175 0.0031500517 0.003837068 0.00698712 277.64811031811 -5.01190930118 878.522888 3.0180000000000016 -17.822999999999993 2.1958604388236997 -15.22897677230835 0.16117248 0.15917248 -6.336428571428573 4.17125 64.0723256192608 64.38488360866548 10.201176681529008 10.159951596869334
