Clusters/UPK_28/UPK_28_stars_in_region.tsv
# %ECSV 1.0
# ---
# datatype:
# - name: RA_ICRS_1
#   unit: deg
#   datatype: float64
#   format: '{:15.11f}'
#   description: Right ascension (ICRS) at Ep=2016.0 (ra)
#   meta: !!omap
#   - {ucd: POS_EQ_RA_MAIN}
#   - {width: 15}
#   - {precision: '11'}
# - name: DE_ICRS_1
#   unit: deg
#   datatype: float64
#   format: '{:15.11f}'
#   description: Declination (ICRS) at Ep=2016.0 (dec)
#   meta: !!omap
#   - {ucd: POS_EQ_DEC_MAIN}
#   - {width: 15}
#   - {precision: '11'}
# - name: e_RA_ICRS
#   unit: mas
#   datatype: float64
#   format: '{:7.4f}'
#   description: Standard error of right ascension (ra_error)
#   meta: !!omap
#   - {ucd: ERROR}
#   - {width: 7}
#   - {precision: '4'}
# - name: e_DE_ICRS
#   unit: mas
#   datatype: float64
#   format: '{:7.4f}'
#   description: Standard error of declination (dec_error)
#   meta: !!omap
#   - {ucd: ERROR}
#   - {width: 7}
#   - {precision: '4'}
# - name: _r_1
#   unit: ''
#   datatype: float64
#   format: '{:7.4f}'
#   description: Distance from center (277.35930652000-04.98419419000)[ICRS], at Epoch=J2016.0
#   meta: !!omap
#   - {ucd: POS_ANG_DIST_GENERAL}
#   - {width: 7}
#   - {precision: '4'}
# - name: HIP
#   datatype: int32
#   description: '? HIP cross-id number, van Leeuwen, Cat. I/311 (hip_original_ext_source_id)'
#   meta: !!omap
#   - {ucd: ID_NUMBER}
#   - {width: 6}
#   - values: {'null': -2147483648}
# - name: TYC2
#   datatype: string
#   description: Tycho-2 cross-id name, Hog et al., Cat. I/259 (tyc2_original_ext_source_id)
#   meta: !!omap
#   - {ucd: ID_CROSSID}
#   - {_votable_string_dtype: char}
# - name: Source
#   datatype: int64
#   description: Source identifier, identical to the Gaia-EDR3 source_id (id)
#   meta: !!omap
#   - {ucd: ID_MAIN}
#   - {width: 19}
# - name: rgeo
#   unit: pc
#   datatype: float64
#   format: '{:15.8f}'
#   description: '? Median of the geometric distance posterior (r_med_geo)'
#   meta: !!omap
#   - {ucd: PHYS_DISTANCE_TRUE}
#   - {width: 15}
#   - {precision: '8'}
#   - values: {'null': .nan}
# - name: Plx
#   unit: mas
#   datatype: float64
#   format: '{:9.4f}'
#   description: '? Parallax (parallax)'
#   meta: !!omap
#   - {ucd: POS_PARLX_TRIG}
#   - {width: 9}
#   - {precision: '4'}
#   - values: {'null': .nan}
# - name: e_Plx
#   unit: mas
#   datatype: float32
#   format: '{:7.4f}'
#   description: '? Standard error of parallax (parallax_error)'
#   meta: !!omap
#   - {ucd: ERROR}
#   - {width: 7}
#   - {precision: '4'}
#   - values: {'null': .nan}
# - name: pmRA
#   unit: mas / yr
#   datatype: float64
#   format: '{:9.3f}'
#   description: '? Proper motion in right ascension direction, pmRA*cosDE (pmra)'
#   meta: !!omap
#   - {ucd: POS_EQ_PMRA}
#   - {width: 9}
#   - {precision: '3'}
#   - values: {'null': .nan}
# - name: pmDE
#   unit: mas / yr
#   datatype: float64
#   format: '{:9.3f}'
#   description: '? Proper motion in declination direction (pmdec)'
#   meta: !!omap
#   - {ucd: POS_EQ_PMDEC}
#   - {width: 9}
#   - {precision: '3'}
#   - values: {'null': .nan}
# - name: e_pmRA
#   unit: mas / yr
#   datatype: float32
#   format: '{:6.3f}'
#   description: '? Standard error of proper motion in right ascension direction (pmra_error)'
#   meta: !!omap
#   - {ucd: ERROR}
#   - {width: 6}
#   - {precision: '3'}
#   - values: {'null': .nan}
# - name: e_pmDE
[...]
#         value: !astropy.table.SerializedColumn {name: SkyCoord.dec}
#       distance: !astropy.table.SerializedColumn
#         __class__: astropy.coordinates.distances.Distance
#         unit: !astropy.units.Unit {unit: pc}
#         value: !astropy.table.SerializedColumn {name: SkyCoord.distance}
#       frame: icrs
#       obstime: !astropy.time.Time {format: jyear_str, in_subfmt: '*', jd1: 367701545.0, jd2: 0.0, out_subfmt: '*', precision: 3, scale: tt}
#       pm_dec: !astropy.table.SerializedColumn
#         __class__: astropy.units.quantity.Quantity
#         unit: !astropy.units.Unit {unit: mas / yr}
#         value: !astropy.table.SerializedColumn {name: SkyCoord.pm_dec}
#       pm_ra_cosdec: !astropy.table.SerializedColumn
#         __class__: astropy.units.quantity.Quantity
#         unit: !astropy.units.Unit {unit: mas / yr}
#         value: !astropy.table.SerializedColumn {name: SkyCoord.pm_ra_cosdec}
#       ra: !astropy.table.SerializedColumn
#         __class__: astropy.coordinates.angles.Longitude
#         unit: *id001
#         value: !astropy.table.SerializedColumn {name: SkyCoord.ra}
#         wrap_angle: !astropy.coordinates.Angle
#           unit: *id001
#           value: 360.0
#       representation_type: spherical
# schema: astropy-2.0
RA_ICRS_1 DE_ICRS_1 e_RA_ICRS e_DE_ICRS _r_1 HIP TYC2 Source rgeo Plx e_Plx pmRA pmDE e_pmRA e_pmDE RUWE Teff logg Gmag BP-RP BPmag RPmag RV e_RV b_rgeo B_rgeo FG e_FG FBP e_FBP FRP e_FRP RAVE5 RAVE6 e_Gmag e_BPmag e_RPmag e_BP-RP SkyCoord.ra SkyCoord.dec SkyCoord.distance SkyCoord.pm_ra_cosdec SkyCoord.pm_dec rmRA rmDE e_rmRA e_rmDE rRV e_rRV v_pec v_pec3d e_vpec e_vpec3d
[from data line 1055]
277.58153042251 -4.34896540573 0.0671 0.0669 40.3641 "" "" 4257306003406356096 910.554382 1.0805 0.0759 -12.559 8.37 0.082 0.069 0.999 4808.5 4.1149 16.969933 3.02282 18.739744 15.716924 "" "" 857.257324 965.236755 3068.83812 2.8028 436.03 8.2119 4096.3 10.223 "" "" 0.002928324903244068 0.020637518 0.0046503604 0.025287878 277.58153042251 -4.34896540573 910.554382 -12.559 8.37 -13.3811395611763 10.96402322769165 0.22617248 0.21317247 "" "" 74.66412458798563 "" 16.503942967925717 ""
277.42989265475 -5.0061895031 0.0733 0.069 4.4207 "" "" 4257239409924568832 734.013611 1.3546 0.0854 -0.303 -8.069 0.094 0.077 1.037 4336.2 4.2749 16.971403 2.322902 18.212132 15.88923 "" "" 690.248169 782.673767 3064.68488 2.7998 708.87 5.6084 3495.2 12.865 "" "" 0.0029284200650480136 0.009031852 0.0055004032 0.014532255 277.42989265475 -5.0061895031 734.013611 -0.303 -8.069 -1.1251395611763 -5.4749767723083504 0.23817247 0.22117248 "" "" 19.44675178059293 "" 4.314974891787763 ""
277.21703713718 -4.34318623546 0.0646 0.0654 39.3903 "" "" 4257467253644192128 749.578125 1.3207 0.081 10.649 -0.29 0.078 0.068 1.047 4561.5 4.1856 16.972286 2.647178 18.433865 15.786687 "" "" 704.461914 817.921692 3062.1883 2.6749 577.92 7.6645 3841.3 12.828 "" "" 0.0029139812606794103 0.014667104 0.005237387 0.01990449 277.21703713718 -4.34318623546 749.578125 10.649 -0.29000000000000004 9.826860438823699 2.3040232276916504 0.22217247 0.21217248 "" "" 35.861674805719716 "" 7.949189663091356 ""
277.24662189797 -5.75531623125 0.0612 0.0593 46.7544 "" "" 4257037207190313216 766.644775 1.2758 0.0725 -5.024 -1.345 0.072 0.064 1.004 4631.3 4.5014 16.973015 2.066943 17.976086 15.909142 "" "" 734.451294 811.156921 3060.13566 3.3131 881.01 9.5554 3431.6 40.326 "" "" 0.002995590297633871 0.01210189 0.013306875 0.025408763 277.24662189797 -5.75531623125 766.644775 -5.023999999999999 -1.3449999999999998 -5.8461395611763 1.2490232276916504 0.21617247 0.20817247 "" "" 21.723712154669126 "" 4.688616504892877 ""
277.139365104 -5.4273184556 0.0712 0.0699 29.6581 "" "" 4257084859822919424 732.712463 1.3476 0.0846 -0.969 -1.713 0.086 0.075 1.058 4707.4 4.3496 16.97359 2.404839 18.25369 15.848852 "" "" 700.004944 771.558105 3058.51498 3.5761 682.25 7.6636 3627.6 17.86 "" "" 0.0030337023994327105 0.012510988 0.00654659 0.019057577 277.139365104 -5.4273184556 732.712463 -0.969 -1.713 -1.7911395611763 0.8810232276916503 0.23017249 0.21917248 "" "" 6.9325410793120845 "" 1.5811127932977262 ""
278.09904452774 -4.96967258321 0.0723 0.0731 44.2255 "" "" 4257205325059126656 981.258545 1.014 0.0899 2.048 2.132 0.087 0.074 1.076 4812.2 4.6924 16.974342 1.865767 17.901314 16.035547 "" "" 883.245605 1069.22241 3056.3948 3.3998 943.83 10.736 3054.5 10.775 "" "" 0.0030083866468953438 0.01266143 0.0053807814 0.01804221 278.09904452774 -4.96967258321 981.258545 2.048 2.132 1.2258604388237 4.72602322769165 0.23117247 0.21817248 "" "" 22.708945528481117 "" 4.973594634018514 ""
277.16855074683 -5.47654907522 0.0639 0.0638 31.6638 "" "" 4257081462535892736 975.960876 1.013 0.0777 -6.644 -1.772 0.077 0.068 0.988 5041.4 4.4947 16.975985 2.005473 17.97786 15.972386 "" "" 913.236755 1051.3667 3051.77642 2.7577 879.58 7.9902 3237.5 19.3 "" "" 0.0029247855114685663 0.0102500105 0.007495127 0.017745137 277.16855074683 -5.47654907522 975.960876 -6.644 -1.772 -7.4661395611763 0.8220232276916504 0.22117248 0.21217248 "" "" 34.74747860648451 "" 7.681515915175292 ""
277.5659365932 -5.64185573918 0.0644 0.0599 41.3455 "" "" 4256313075712248960 1003.86633 0.9782 0.0706 1.242 -3.112 0.085 0.067 0.949 5024.8 4.4969 16.9773 2.011244 18.007795 15.996552 "" "" 936.25116 1065.60522 3048.07905 2.693 855.65 6.2533 3166.2 8.7098 "" "" 0.002917526535281898 0.008411095 0.0048170746 0.013228169 277.5659365932 -5.64185573918 1003.86633 1.241999999999999 -3.112000000000002 0.41986043882369994 -0.5179767723083497 0.22917247 0.21117248 "" "" 3.1727110515081054 "" 0.6931967610068153 ""
277.48881497359 -4.76584321559 0.0624 0.0636 15.2178 "" "" 4257252775863451136 759.126892 1.3118 0.0813 -3.57 -7.997 0.078 0.067 1.022 4375.3 4.3401 16.978971 2.396101 18.26882 15.872719 "" "" 711.215149 804.847412 3043.39477 2.7393 672.8 11.592 3548.7 8.2081 "" "" 0.0029234922065689236 0.018913617 0.0045376564 0.023451274 277.48881497359 -4.76584321559 759.126892 -3.569999999999999 -7.996999999999999 -4.3921395611763 -5.4029767723083495 0.22217247 0.21117248 "" "" 25.054611641829982 "" 5.402187397913016 ""
277.82901642169 -5.50158710847 0.0777 0.0736 41.8488 "" "" 4256319015621598336 995.335205 1.0071 0.094 0.629 5.728 0.101 0.085 1.074 4969.8 4.6819 16.980158 1.976723 17.945873 15.969151 "" "" 909.170532 1099.87683 3040.06956 2.8699 905.87 7.9869 3247.1 15.586 "" "" 0.0029397849269165513 0.009971087 0.0064376653 0.016408753 277.82901642169 -5.50158710847 995.335205 0.629 5.728 -0.19313956117630005 8.32202322769165 0.24517247 0.22917247 "" "" 39.27295315681988 "" 9.000629680201941 ""
277.44554991246 -4.40904549563 0.0729 0.0786 34.8922 "" "" 4257485636104399744 959.366699 1.0485 0.0951 7.365 -0.538 0.093 0.076 1.052 4691.2 4.2366 16.983255 2.481809 18.333118 15.85131 "" "" 884.795349 1069.82324 3031.41135 3.2387 634.12 7.3161 3619.4 12.494 "" "" 0.0029895385568529517 0.012833559 0.0053226463 0.018156204 277.44554991246 -4.40904549563 959.366699 7.365 -0.5379999999999995 6.5428604388237 2.05602322769165 0.23717248 0.22017246 "" "" 31.18741258066001 "" 7.350711433071092 ""
277.84873439928 -5.63299539272 0.0626 0.0622 48.6862 "" "" 4256303764222616448 914.598877 1.0801 0.0781 5.346 -9.477 0.08 0.066 1.03 5562.0 4.6252 16.983315 2.070161 18.047646 15.977485 "" "" 846.103333 990.703979 3031.24402 2.4664 824.82 7.622 3222.3 9.514 "" "" 0.002893478720770388 0.01041382 0.004955822 0.0153696425 277.84873439928 -5.63299539272 914.598877 5.346 -9.477 4.5238604388237 -6.88297677230835 0.22417247 0.21017247 "" "" 35.707061350419835 "" 7.658882156222398 ""
277.3514698082 -5.47932485932 0.0759 0.0761 29.7115 "" "" 4257070467418760320 812.178284 1.2213 0.0855 5.193 1.841 0.108 0.083 1.014 4637.1 4.3973 16.983332 2.08273 18.041868 15.959138 "" "" 765.559326 882.826965 3031.19811 2.938 829.22 10.114 3277.2 22.235 "" "" 0.002949447044588669 0.013533474 0.008279394 0.021812867 277.3514698082 -5.47932485932 812.178284 5.192999999999995 1.8409999999999995 4.3708604388237 4.435023227691651 0.25217247 0.22717246 "" "" 23.971719596399893 "" 5.748807674284148 ""
276.72712887842 -4.63933103815 0.086 0.0801 43.0901 "" "" 4257373997019200384 732.017822 1.3014 0.103 0.435 -0.998 0.101 0.085 1.095 4605.1 4.0891 16.984243 3.406948 19.07125 15.664303 "" "" 686.535278 792.534241 3028.65388 3.7259 321.3 7.9161 4299.7 21.109 "" "" 0.00306200239018945 0.026895188 0.006534226 0.033429414 276.72712887842 -4.63933103815 732.017822 0.43499999999999994 -0.9980000000000006 -0.38713956117630005 1.5960232276916504 0.24517247 0.22917247 "" "" 5.698413101222775 "" 1.3111521913671014 ""
277.33041938265 -5.17283495339 0.0725 0.0671 11.4494 "" "" 4257096890058174976 815.538208 1.2279 0.0797 9.453 2.916 0.092 0.08 1.108 4774.0 4.3892 16.9861 2.324277 18.231947 15.90767 "" "" 767.957947 872.391602 3023.47797 2.7062 696.05 9.8963 3436.3 11.844 "" "" 0.00292167532217827 0.015686912 0.0053186547 0.021005567 277.33041938265 -5.17283495339 815.538208 9.453 2.916 8.6308604388237 5.510023227691651 0.23617247 0.22417247 "" "" 39.58323066047524 "" 9.21345062589654 ""
278.09143744164 -4.74386632726 0.2266 0.2287 46.0837 "" "" 4257230068382392576 716.810913 1.5818 0.272 -2.212 4.991 0.29 0.258 3.505 "" "" 16.987467 2.412911 18.143364 15.730453 "" "" 592.243164 885.362 3019.67239 17.697 755.22 10.4 4045.5 13.52 "" "" 0.006933972278686833 0.015209594 0.0052392595 0.020448852 278.09143744164 -4.74386632726 716.810913 -2.212 4.990999999999998 -3.0341395611763002 7.58502322769165 0.43417245 0.40217245 "" "" 27.75693011637508 "" 11.289750577485112 ""
277.29294677589 -5.51473022132 0.0737 0.0754 32.0781 "" "" 4257068783791609472 856.921692 1.1451 0.0863 -1.506 -1.21 0.093 0.086 1.009 4859.5 4.6478 16.987814 1.998267 17.989965 15.991698 "" "" 808.523499 918.770142 3018.70705 2.8087 869.82 7.5534 3180.4 13.228 "" "" 0.002934671984233474 0.009832574 0.0058886646 0.01572124 277.29294677589 -5.51473022132 856.921692 -1.506 -1.2100000000000002 -2.3281395611763003 1.3840232276916504 0.23717248 0.23017249 "" "" 11.001245621699548 "" 2.5893051081281535 ""
278.01238093464 -5.4429849397 0.0664 0.0767 47.7545 "" "" 4256402307926991744 959.682495 1.0415 0.098 -1.352 -5.744 0.084 0.069 0.972 4959.1 4.6137 16.987923 1.886919 17.926632 16.039713 "" "" 863.550354 1059.05457 3018.40749 2.8807 922.07 11.294 3042.8 13.904 "" "" 0.0029437228606390147 0.013588217 0.0062368 0.019825017 278.01238093464 -5.4429849397 959.682495 -1.3519999999999992 -5.744 -2.1741395611763004 -3.1499767723083494 0.22817248 0.21317247 "" "" 17.4105868535568 "" 3.79768922426621 ""
277.24948904272 -5.74772509178 0.0704 0.0677 46.2792 "" "" 4257037310269531648 727.880005 1.3517 0.0843 -70.296 -48.326 0.085 0.072 1.143 4932.1 4.537 16.988865 2.092277 18.060602 15.968326 "" "" 689.088623 767.141479 3015.78631 2.72 815.04 10.408 3249.6 10.866 "" "" 0.002924160717704783 0.014142732 0.0052406215 0.019383354 277.24948904272 -5.74772509178 727.880005 -70.296 -48.326 -71.1181395611763 -45.73197677230835 0.22917247 0.21617247 "" "" 291.72050717188824 "" 65.76753043571874 ""
277.53995784475 -5.65196828265 0.0665 0.0641 41.4945 "" "" 4256313144431755008 705.653198 1.4096 0.0778 -5.078 -8.538 0.088 0.069 1.044 4145.0 4.2386 16.989273 2.172679 18.135145 15.962466 "" "" 665.470581 742.041504 3014.6566 2.8785 760.95 5.1854 3267.2 12.547 "" "" 0.0029438978060076088 0.007907247 0.0056275055 0.013534753 277.53995784475 -5.65196828265 705.653198 -5.078000000000002 -8.538 -5.9001395611763 -5.94397677230835 0.23217247 0.21317247 "" "" 28.01304358270007 "" 6.24143948619967 ""
277.02392136127 -5.53351935712 0.0662 0.0667 38.5728 "" "" 4257059055655457536 892.926575 1.078 0.0796 -7.679 -8.366 0.076 0.073 0.929 5224.9 4.5753 16.989525 2.208217 18.14105 15.932834 "" "" 820.882019 968.18457 3013.95722 2.8042 756.83 11.562 3357.6 12.008 "" "" 0.00293466197720371 0.0168197 0.005418609 0.02223831 277.02392136127 -5.53351935712 892.926575 -7.679 -8.366 -8.5011395611763 -5.771976772308349 0.22017246 0.21717247 "" "" 43.490598748382965 "" 9.53445692032182 ""
276.63154945116 -5.37691532793 0.19 0.1857 49.4605 "" "" 4257118571037928960 997.351685 1.0866 0.2299 -8.488 -10.64 0.216 0.184 3.634 4318.0 4.3236 16.990152 2.663231 18.325691 15.66246 "" "" 854.061951 1219.52979 3012.21247 7.2498 638.47 10.717 4307.0 41.953 "" "" 0.00379741425078433 0.018436909 0.011230799 0.029667709 276.63154945116 -5.37691532793 997.351685 -8.488000000000007 -10.639999999999993 -9.3101395611763 -8.04597677230835 0.36017248 0.32817248 "" "" 58.1718913399579 "" 20.177061655905145 ""
277.77358736823 -5.15214311473 0.0768 0.0772 26.7317 "" "" 4257175741323955712 839.594727 1.1627 0.098 3.976 5.338 0.096 0.077 1.062 5050.8 4.6129 16.992159 2.37951 18.127676 15.748166 "" "" 775.192932 903.073608 3006.65416 3.6972 766.21 12.636 3980.1 149.49 "" "" 0.00306174483593334 0.018121574 0.04095431 0.059075885 277.77358736823 -5.15214311473 839.594727 3.976 5.338 3.1538604388237 7.9320232276916505 0.24017248 0.22117248 "" "" 33.97066404560407 "" 7.604716549683917 ""
277.87416885458 -5.47864466575 0.0782 0.0711 42.7375 "" "" 4256412955136292736 856.072083 1.1841 0.0989 3.857 -2.745 0.098 0.076 1.087 4763.2 4.6504 16.997797 1.962605 17.98874 16.026136 "" "" 791.03125 927.099915 2991.07776 2.998 870.8 9.9571 3081.1 11.756 "" "" 0.0029624440737449644 0.012724449 0.005607608 0.018332057 277.87416885458 -5.47864466575 856.072083 3.857 -2.745 3.0348604388237 -0.15097677230834972 0.24217248 0.22017246 "" "" 12.330030083789362 "" 2.985354645193683 ""
278.06484116525 -5.27599088756 0.0683 0.0731 45.653 "" "" 4256422541499416576 998.923035 1.0053 0.086 1.408 -5.579 0.079 0.072 1.064 4809.6 4.6919 16.998161 1.820528 17.891691 16.071163 "" "" 915.593262 1097.04272 2990.07574 2.6269 952.23 9.8721 2955.9 16.67 "" "" 0.002915757613599264 0.011596861 0.007195546 0.018792408 278.06484116525 -5.27599088756 998.923035 1.408 -5.579 0.5858604388236999 -2.9849767723083493 0.22317249 0.21617247 "" "" 14.403204661142142 "" 3.117374389410457 ""
277.56937741558 -4.70994549293 0.0703 0.0759 20.7002 "" "" 4257254944834294400 727.068604 1.3595 0.0912 -5.998 -22.362 0.089 0.077 1.029 "" "" 16.999025 2.607492 18.442654 15.835161 "" "" 683.542664 769.4151 2987.6955 3.0615 573.26 13.595 3673.6 16.413 "" "" 0.002971459623005461 0.025899228 0.00614937 0.032048598 277.56937741558 -4.70994549293 727.068604 -5.998000000000001 -22.361999999999995 -6.8201395611763 -19.767976772308348 0.23317248 0.22117248 "" "" 72.06711229434109 "" 16.0334686134512 ""
