Clusters/UPK_28/UPK_28_stars_in_region.tsv
# %ECSV 1.0
# ---
# datatype:
# - name: RA_ICRS_1
#   unit: deg
#   datatype: float64
#   format: '{:15.11f}'
#   description: Right ascension (ICRS) at Ep=2016.0 (ra)
#   meta: !!omap
#   - {ucd: POS_EQ_RA_MAIN}
#   - {width: 15}
#   - {precision: '11'}
# - name: DE_ICRS_1
#   unit: deg
#   datatype: float64
#   format: '{:15.11f}'
#   description: Declination (ICRS) at Ep=2016.0 (dec)
#   meta: !!omap
#   - {ucd: POS_EQ_DEC_MAIN}
#   - {width: 15}
#   - {precision: '11'}
# - name: e_RA_ICRS
#   unit: mas
#   datatype: float64
#   format: '{:7.4f}'
#   description: Standard error of right ascension (ra_error)
#   meta: !!omap
#   - {ucd: ERROR}
#   - {width: 7}
#   - {precision: '4'}
# - name: e_DE_ICRS
#   unit: mas
#   datatype: float64
#   format: '{:7.4f}'
#   description: Standard error of declination (dec_error)
#   meta: !!omap
#   - {ucd: ERROR}
#   - {width: 7}
#   - {precision: '4'}
# - name: _r_1
#   unit: ''
#   datatype: float64
#   format: '{:7.4f}'
#   description: Distance from center (277.35930652000-04.98419419000)[ICRS], at Epoch=J2016.0
#   meta: !!omap
#   - {ucd: POS_ANG_DIST_GENERAL}
#   - {width: 7}
#   - {precision: '4'}
# - name: HIP
#   datatype: int32
#   description: '? HIP cross-id number, van Leeuwen, Cat. I/311 (hip_original_ext_source_id)'
#   meta: !!omap
#   - {ucd: ID_NUMBER}
#   - {width: 6}
#   - values: {'null': -2147483648}
# - name: TYC2
#   datatype: string
#   description: Tycho-2 cross-id name, Hog et al., Cat. I/259 (tyc2_original_ext_source_id)
#   meta: !!omap
#   - {ucd: ID_CROSSID}
#   - {_votable_string_dtype: char}
# - name: Source
#   datatype: int64
#   description: Source identifier, identical to the Gaia-EDR3 source_id (id)
#   meta: !!omap
#   - {ucd: ID_MAIN}
#   - {width: 19}
# - name: rgeo
#   unit: pc
#   datatype: float64
#   format: '{:15.8f}'
#   description: '? Median of the geometric distance posterior (r_med_geo)'
#   meta: !!omap
#   - {ucd: PHYS_DISTANCE_TRUE}
#   - {width: 15}
#   - {precision: '8'}
#   - values: {'null': .nan}
# - name: Plx
#   unit: mas
#   datatype: float64
#   format: '{:9.4f}'
#   description: '? Parallax (parallax)'
#   meta: !!omap
#   - {ucd: POS_PARLX_TRIG}
#   - {width: 9}
#   - {precision: '4'}
#   - values: {'null': .nan}
# - name: e_Plx
#   unit: mas
#   datatype: float32
#   format: '{:7.4f}'
#   description: '? Standard error of parallax (parallax_error)'
#   meta: !!omap
#   - {ucd: ERROR}
#   - {width: 7}
#   - {precision: '4'}
#   - values: {'null': .nan}
# - name: pmRA
#   unit: mas / yr
#   datatype: float64
#   format: '{:9.3f}'
#   description: '? Proper motion in right ascension direction, pmRA*cosDE (pmra)'
#   meta: !!omap
#   - {ucd: POS_EQ_PMRA}
#   - {width: 9}
#   - {precision: '3'}
#   - values: {'null': .nan}
# - name: pmDE
#   unit: mas / yr
#   datatype: float64
#   format: '{:9.3f}'
#   description: '? Proper motion in declination direction (pmdec)'
#   meta: !!omap
#   - {ucd: POS_EQ_PMDEC}
#   - {width: 9}
#   - {precision: '3'}
#   - values: {'null': .nan}
# - name: e_pmRA
#   unit: mas / yr
#   datatype: float32
#   format: '{:6.3f}'
#   description: '? Standard error of proper motion in right ascension direction (pmra_error)'
#   meta: !!omap
#   - {ucd: ERROR}
#   - {width: 6}
#   - {precision: '3'}
#   - values: {'null': .nan}
# - name: e_pmDE
[...]
#         value: !astropy.table.SerializedColumn {name: SkyCoord.dec}
#       distance: !astropy.table.SerializedColumn
#         __class__: astropy.coordinates.distances.Distance
#         unit: !astropy.units.Unit {unit: pc}
#         value: !astropy.table.SerializedColumn {name: SkyCoord.distance}
#       frame: icrs
#       obstime: !astropy.time.Time {format: jyear_str, in_subfmt: '*', jd1: 367701545.0, jd2: 0.0, out_subfmt: '*', precision: 3, scale: tt}
#       pm_dec: !astropy.table.SerializedColumn
#         __class__: astropy.units.quantity.Quantity
#         unit: !astropy.units.Unit {unit: mas / yr}
#         value: !astropy.table.SerializedColumn {name: SkyCoord.pm_dec}
#       pm_ra_cosdec: !astropy.table.SerializedColumn
#         __class__: astropy.units.quantity.Quantity
#         unit: !astropy.units.Unit {unit: mas / yr}
#         value: !astropy.table.SerializedColumn {name: SkyCoord.pm_ra_cosdec}
#       ra: !astropy.table.SerializedColumn
#         __class__: astropy.coordinates.angles.Longitude
#         unit: *id001
#         value: !astropy.table.SerializedColumn {name: SkyCoord.ra}
#         wrap_angle: !astropy.coordinates.Angle
#           unit: *id001
#           value: 360.0
#       representation_type: spherical
# schema: astropy-2.0
RA_ICRS_1 DE_ICRS_1 e_RA_ICRS e_DE_ICRS _r_1 HIP TYC2 Source rgeo Plx e_Plx pmRA pmDE e_pmRA e_pmDE RUWE Teff logg Gmag BP-RP BPmag RPmag RV e_RV b_rgeo B_rgeo FG e_FG FBP e_FBP FRP e_FRP RAVE5 RAVE6 e_Gmag e_BPmag e_RPmag e_BP-RP SkyCoord.ra SkyCoord.dec SkyCoord.distance SkyCoord.pm_ra_cosdec SkyCoord.pm_dec rmRA rmDE e_rmRA e_rmDE rRV e_rRV v_pec v_pec3d e_vpec e_vpec3d
[from data line 1023]
277.69480894191 -4.28282443138 0.0662 0.0645 46.6206 "" "" 4257307927551698816 715.008545 1.355 0.0712 0.676 -4.002 0.079 0.071 0.997 6080.4 4.0441 16.908537 2.89217 18.579414 15.687244 "" "" 686.078125 762.053162 3247.37278 3.0896 505.42 7.5904 4209.8 9.8638 "" "" 0.002942592295431926 0.016542591 0.0045558056 0.021098398 277.69480894191 -4.28282443138 715.008545 0.676 -4.002 -0.1461395611763 -1.4079767723083494 0.22317249 0.21517247 "" "" 4.797466187971444 "" 1.0326992342449912 ""
276.95141603702 -4.82883132616 0.0613 0.055 26.1048 "" "" 4257355309630803840 834.982849 1.1636 0.0642 1.984 -10.715 0.077 0.065 1.0 5407.1 4.3865 16.91413 2.429544 18.235046 15.805502 "" "" 791.049561 886.608276 3230.68747 2.5561 694.06 6.8484 3775.4 9.4203 "" "" 0.0028861250765243682 0.01107051 0.004650052 0.015720563 276.95141603702 -4.82883132616 834.982849 1.9839999999999998 -10.714999999999995 1.1618604388237 -8.12097677230835 0.22117248 0.20917247 "" "" 32.468634214733314 "" 6.799579063226072 ""
277.11206608952 -5.74162264228 0.0694 0.0744 47.7854 "" "" 4257040746243471616 877.010376 1.1203 0.084 2.571 -1.93 0.084 0.076 1.017 5041.0 4.6535 16.915445 1.981002 17.914904 15.933902 "" "" 833.106934 956.235413 3226.77659 2.6538 932.08 5.7327 3354.3 10.784 "" "" 0.0028964005440260065 0.0072372244 0.0051447195 0.012381944 277.11206608952 -5.74162264228 877.010376 2.571 -1.93 1.7488604388237001 0.6640232276916505 0.22817248 0.22017246 "" "" 7.77646692733431 "" 1.7666577344457661 ""
277.05560014066 -4.57185738175 0.0714 0.0664 30.6892 "" "" 4257457186236137984 889.708313 1.1083 0.0895 3.074 -4.947 0.1 0.076 1.119 "" "" 16.916492 2.501066 18.283152 15.782085 "" "" 813.344116 995.66394 3223.66245 4.2003 663.98 9.6932 3857.7 33.337 "" "" 0.0030972697361129524 0.016093971 0.010115166 0.026209138 277.05560014066 -4.57185738175 889.708313 3.074 -4.947000000000004 2.2518604388237 -2.3529767723083497 0.24417248 0.22017246 "" "" 13.735040805690769 "" 3.1859214462179337 ""
277.31936224936 -4.80627377639 0.0654 0.0741 10.939 "" "" 4257258690045538816 820.778259 1.2115 0.0946 -1.061 12.104 0.084 0.071 0.967 4600.4 4.4383 16.917469 2.168319 18.05129 15.882972 "" "" 764.622253 894.595398 3220.76446 2.8834 822.05 7.8751 3515.4 12.963 "" "" 0.0029217444564658504 0.010768907 0.0055057122 0.01627462 277.31936224936 -4.80627377639 820.778259 -1.0610000000000002 12.103999999999996 -1.8831395611763 14.69802322769165 0.22817248 0.21517247 "" "" 57.6499186359118 "" 12.417138445785797 ""
277.81012404948 -4.75627576911 0.0655 0.0681 30.2223 "" "" 4257227182164682112 730.753418 1.3647 0.0806 -3.192 -2.74 0.081 0.068 1.028 4577.7 4.33 16.918066 2.374631 18.197006 15.822375 "" "" 695.133301 769.627441 3218.99458 3.0642 718.81 11.326 3717.1 11.495 "" "" 0.002942781701814934 0.017333547 0.0050554136 0.022388961 277.81012404948 -4.75627576911 730.753418 -3.192 -2.740000000000002 -4.0141395611763 -0.14597677230834982 0.22517247 0.21217248 "" "" 13.913251755450112 "" 3.1326493395203143 ""
277.18456618052 -4.49547253092 0.0633 0.0606 31.1292 "" "" 4257463641573763968 808.82428 1.2028 0.073 1.367 -10.203 0.078 0.068 0.974 4623.6 4.338 16.919645 2.241228 18.102917 15.861689 "" "" 762.09198 856.178528 3214.31601 2.7723 783.88 8.5708 3584.9 13.025 "" "" 0.002910101913632894 0.012194727 0.0054630735 0.0176578 277.18456618052 -4.49547253092 808.82428 1.367 -10.203 0.5448604388236999 -7.608976772308349 0.22217247 0.21217248 "" "" 29.246196191558642 "" 6.206764892335257 ""
277.53507920479 -5.00132752073 0.0658 0.0695 10.5565 "" "" 4257193818856747008 904.479431 1.1006 0.0906 -0.003 0.066 0.085 0.075 0.955 4488.9 4.1706 16.919672 2.419063 18.236155 15.817092 "" "" 827.312866 975.486145 3214.23492 3.2861 693.35 9.396 3735.3 11.029 "" "" 0.0029705074925426823 0.014975678 0.0049558864 0.019931564 277.53507920479 -5.00132752073 904.479431 -0.0029999999999999996 0.06600000000000002 -0.8251395611763 2.6600232276916502 0.22917247 0.21917248 "" "" 11.940214889447223 "" 2.6276645612280856 ""
277.50604473739 -5.6085782037 0.0666 0.0626 38.4751 "" "" 4256314278303274752 880.00354 1.0954 0.0732 4.032 -14.507 0.085 0.07 1.094 5388.0 4.548 16.923677 2.15431 18.048525 15.894215 "" "" 827.46936 943.838318 3202.40257 2.9677 824.15 6.9551 3479.1 11.75 "" "" 0.002933283736189698 0.009578064 0.005265895 0.014843959 277.50604473739 -5.6085782037 880.00354 4.032 -14.507 3.2098604388237 -11.91297677230835 0.22917247 0.21417248 "" "" 51.463792342372855 "" 11.076075928876108 ""
277.38571593944 -5.49560690437 0.0632 0.0669 30.7253 "" "" 4257069436626525184 899.901733 1.108 0.0802 1.478 8.361 0.079 0.065 1.061 5596.7 4.6035 16.926003 2.094963 18.016863 15.9219 "" "" 845.580566 969.304016 3195.54893 2.4469 848.54 7.571 3391.6 14.141 "" "" 0.0028780145375872195 0.0100811655 0.0058971555 0.015978321 277.38571593944 -5.49560690437 899.901733 1.4779999999999993 8.360999999999994 0.6558604388236999 10.955023227691651 0.22317249 0.20917247 "" "" 46.81269535749464 "" 9.794345896539628 ""
276.97050469536 -5.56953829222 0.0619 0.0659 42.1076 "" "" 4257058510228446208 828.188721 1.2046 0.0824 0.41 -20.235 0.072 0.063 0.986 4718.2 4.3964 16.926497 2.174869 18.036747 15.861877 "" "" 765.433167 884.862305 3194.10002 3.0104 833.14 11.496 3584.3 20.657 "" "" 0.002939203617129038 0.015239031 0.0073101004 0.022549132 276.97050469536 -5.56953829222 828.188721 0.41000000000000003 -20.235 -0.4121395611763001 -17.64097677230835 0.21617247 0.20717248 "" "" 69.27057150508014 "" 14.351303787268849 ""
277.52115771826 -5.36867387982 0.2117 0.1965 25.0141 "" "" 4257076892664465024 900.393005 1.2161 0.2337 4.027 -1.003 0.262 0.216 3.885 4959.7 4.797 16.930212 2.226256 18.001656 15.775399 "" "" 733.01886 1333.85474 3183.18295 10.035 860.51 12.824 3881.5 14.906 "" "" 0.0043940039050286445 0.016419305 0.0056274864 0.022046791 277.52115771826 -5.36867387982 900.393005 4.027 -1.003 3.2048604388237 1.5910232276916505 0.40617245 0.36017248 "" "" 15.270652615452306 "" 6.070078395831977 ""
278.02547434695 -5.40458473384 0.0693 0.0696 47.1246 "" "" 4256414265115974656 886.155457 1.1288 0.0824 0.479 -5.052 0.084 0.071 1.061 4387.1 4.3239 16.933294 2.032629 17.98686 15.954231 "" "" 808.818481 935.252747 3174.16362 3.3196 872.31 10.456 3292.0 10.346 "" "" 0.0029801194293981987 0.0133099845 0.005091853 0.018401837 278.02547434695 -5.40458473384 886.155457 0.479 -5.052 -0.34313956117630007 -2.457976772308349 0.22817248 0.21517247 "" "" 10.424548899869482 "" 2.245743229117835 ""
277.22131972463 -5.02893059902 0.0641 0.0595 8.6734 "" "" 4257148940736084096 934.626526 1.0482 0.07 -2.539 -6.836 0.08 0.069 0.935 5606.6 4.3866 16.936764 2.27886 18.141989 15.863129 "" "" 874.320007 1010.61877 3164.03224 2.5003 756.17 8.3383 3580.2 9.9817 "" "" 0.0028858124548092365 0.012293256 0.004842194 0.017135449 277.22131972463 -5.02893059902 934.626526 -2.539 -6.836 -3.3611395611763 -4.24197677230835 0.22417247 0.21317247 "" "" 23.976632418721046 "" 5.214459445994942 ""
277.53335978026 -4.74860416871 0.0687 0.0706 17.5523 "" "" 4257254326359003008 813.057739 1.1891 0.0863 2.447 5.287 0.087 0.08 0.928 4689.4 4.2328 16.936808 2.536751 18.333057 15.796307 "" "" 758.489746 868.530151 3163.90912 3.1402 634.15 7.3952 3807.5 17.554 "" "" 0.002958548842296484 0.0129652005 0.0062721814 0.019237382 277.53335978026 -4.74860416871 813.057739 2.447 5.287 1.6248604388237 7.88102322769165 0.23117247 0.22417247 "" "" 31.01144183954355 "" 6.960895309219572 ""
277.79829003359 -5.40652937075 0.0728 0.0684 36.4715 "" "" 4256416601578440064 707.60907 1.3761 0.0841 -3.085 -11.747 0.093 0.082 1.079 4928.6 4.6393 16.938784 2.142615 18.057228 15.914613 "" "" 672.705017 760.334839 3158.15526 3.039 817.57 5.7246 3414.4 10.803 "" "" 0.0029467504044941232 0.00809814 0.005107294 0.013205434 277.79829003359 -5.40652937075 707.60907 -3.0849999999999995 -11.746999999999998 -3.9071395611763 -9.15297677230835 0.23717248 0.22617248 "" "" 33.37974536705812 "" 7.6073291739498075 ""
276.82468707034 -4.70558196374 0.0591 0.055 36.0701 "" "" 4257360910268238208 855.985962 1.1448 0.0676 0.47 -1.67 0.075 0.067 1.052 5401.9 4.4349 16.941984 2.353054 18.209229 15.856174 "" "" 817.382019 904.032104 3148.85843 2.9084 710.76 8.6284 3603.2 12.257 "" "" 0.002932140538524056 0.013472579 0.0052843676 0.018756947 276.82468707034 -4.70558196374 855.985962 0.47 -1.67 -0.3521395611763001 0.9240232276916505 0.21917248 0.21117248 "" "" 4.012127331300738 "" 0.8513882427943849 ""
277.33370495514 -5.3407813765 0.0609 0.0633 21.4499 "" "" 4257084348753353728 689.383911 1.4305 0.0747 -10.813 -16.522 0.078 0.07 0.99 4385.5 4.3935 16.942072 2.233209 18.111425 15.878217 "" "" 658.063416 720.782959 3148.60333 2.4881 777.76 10.87 3530.8 6.8685 "" "" 0.002885811660388135 0.015428674 0.004329511 0.019758185 277.33370495514 -5.3407813765 689.383911 -10.813 -16.522000000000013 -11.6351395611763 -13.927976772308348 0.22217247 0.21417248 "" "" 59.30321180690835 "" 12.898227851340444 ""
276.58625897727 -5.13149265306 0.0686 0.0685 47.0399 "" "" 4257320090898071040 935.075256 1.0278 0.0829 0.805 -8.935 0.084 0.072 1.01 4492.8 4.2531 16.942284 2.31489 18.17834 15.863451 "" "" 871.305603 1021.63788 3147.99136 3.1036 731.27 8.4109 3579.1 11.972 "" "" 0.002955943241806591 0.012795797 0.005241508 0.018037304 276.58625897727 -5.13149265306 935.075256 0.805 -8.935 -0.0171395611763 -6.34097677230835 0.22817248 0.21617247 "" "" 28.104939537362768 "" 6.075516777587302 ""
276.85218730109 -4.80744343569 0.074 0.0718 32.1175 "" "" 4257355069112662656 945.918396 1.0292 0.0741 1.161 -3.27 0.095 0.083 1.127 6046.8 4.2732 16.945015 2.514482 18.326677 15.812196 "" "" 867.785889 1003.28833 3140.08034 2.576 637.89 10.126 3752.1 12.89 "" "" 0.0028957086233428048 0.017459592 0.0053100134 0.022769606 276.85218730109 -4.80744343569 945.918396 1.1610000000000003 -3.270000000000002 0.3388604388237 -0.6759767723083496 0.23917247 0.22717246 "" "" 3.390338590754814 "" 0.778532618286261 ""
277.61443835764 -4.91525412024 0.0656 0.0694 15.8018 "" "" 4257200617780184704 982.685242 0.9808 0.089 -0.875 -5.012 0.079 0.066 0.938 4848.7 4.1747 16.94569 2.758679 18.4837 15.72502 "" "" 914.381104 1075.21033 3138.12823 3.0032 552.0 10.0 4065.8 11.812 "" "" 0.002944727726296662 0.019866047 0.004922731 0.024788778 277.61443835764 -4.91525412024 982.685242 -0.875 -5.012000000000003 -1.6971395611763 -2.417976772308349 0.22317249 0.21017247 "" "" 13.760133105638827 "" 2.952239158217911 ""
277.45655221862 -4.36917288072 0.0725 0.075 37.3567 "" "" 4257487452872544256 793.103882 1.2541 0.0894 -0.881 -5.871 0.093 0.077 1.017 4855.6 4.1685 16.948858 2.916244 18.637104 15.720861 "" "" 739.92395 849.36969 3128.983 3.0448 479.26 10.482 4081.4 12.417 "" "" 0.0029509379885648648 0.023909733 0.0050194324 0.028929165 277.45655221862 -4.36917288072 793.103882 -0.881 -5.871000000000001 -1.7031395611763 -3.27697677230835 0.23717248 0.22117248 "" "" 13.88365583873528 "" 3.1192499126849667 ""
277.65650462162 -4.63871656937 0.0644 0.0662 27.3023 "" "" 4257279134090988544 737.46991 1.3298 0.0775 4.453 2.266 0.084 0.078 1.021 4834.2 4.1766 16.949442 2.800428 18.532125 15.731697 "" "" 706.775818 775.115906 3127.30569 3.4379 527.92 8.0132 4040.9 12.171 "" "" 0.003002731140449596 0.016714714 0.004997784 0.021712499 277.65650462162 -4.63871656937 737.46991 4.453 2.2660000000000005 3.6308604388237002 4.86002322769165 0.22817248 0.22217247 "" "" 21.20626089170892 "" 4.757416223938504 ""
277.25366325521 -5.30385793052 0.0709 0.07 20.1921 "" "" 4257087681648178688 719.721069 1.361 0.0814 -0.122 -15.036 0.089 0.074 1.11 4748.4 4.5792 16.950111 2.225697 17.982748 15.757051 "" "" 675.646912 759.578735 3125.37277 3.7344 875.62 22.292 3947.6 63.854 "" "" 0.0030454554798670487 0.027781714 0.017964272 0.045745984 277.25366325521 -5.30385793052 719.721069 -0.12199999999999997 -15.036000000000001 -0.9441395611763 -12.44197677230835 0.23317248 0.21817248 "" "" 42.567559815232194 "" 9.290850505251662 ""
277.76386344839 -4.29513055833 0.0664 0.0646 47.9025 "" "" 4257306999838741376 988.182861 0.9674 0.0765 -6.811 -10.171 0.075 0.064 0.904 5008.7 4.1724 16.951006 2.806594 18.560898 15.754304 "" "" 904.114136 1064.67981 3122.79926 2.9933 514.11 7.6803 3957.6 8.9073 "" "" 0.0029453132942511037 0.016458072 0.0045005707 0.020958643 277.76386344839 -4.29513055833 988.182861 -6.810999999999996 -10.171000000000006 -7.6331395611763 -7.576976772308349 0.21917248 0.20817247 "" "" 50.37744730753537 "" 10.769884516054297 ""
277.13349613039 -5.77472604769 0.0653 0.0785 49.3126 "" "" 4257031847071188224 985.08905 1.0158 0.0982 -2.97 -7.188 0.079 0.069 1.044 4987.4 4.6313 16.95405 2.054084 17.991808 15.937724 "" "" 910.987549 1102.7655 3114.05627 2.6664 868.35 7.1294 3342.5 7.738 "" "" 0.0029079293570293827 0.009340666 0.0045388862 0.0138795525 277.13349613039 -5.77472604769 985.08905 -2.9699999999999984 -7.188 -3.7921395611763002 -4.593976772308349 0.22317249 0.21317247 "" "" 27.814797448950998 "" 6.043611935629609 ""
277.42698093785 -5.63220603047 0.0667 0.0647 39.0904 "" "" 4257063286233029888 855.272766 1.1436 0.0794 0.937 -2.528 0.082 0.077 1.057 5172.5 4.5738 16.956257 2.220626 18.121761 15.901135 "" "" 801.181702 903.157288 3107.73564 2.9 770.39 6.4444 3457.0 11.097 "" "" 0.002935691323746113 0.009501228 0.0051410603 0.014642289 277.42698093785 -5.63220603047 855.272766 0.937 -2.5280000000000005 0.1148604388237 0.06602322769165037 0.22617248 0.22117248 "" "" 0.5370888410087693 "" 0.12081335100646565 ""
277.57188159786 -4.83692377716 0.0666 0.0702 15.4779 "" "" 4257249138038057984 758.573853 1.2885 0.0812 0.801 -2.485 0.079 0.076 1.035 6013.9 4.3515 16.958593 2.670679 18.446804 15.776125 "" "" 711.259094 814.112122 3101.05697 3.0041 571.08 6.3247 3878.9 7.4387 "" "" 0.00294924586866838 0.012343978 0.0043149847 0.016658962 277.57188159786 -4.83692377716 758.573853 0.8009999999999996 -2.485 -0.021139561176300004 0.10902322769165051 0.22317249 0.22017246 "" "" 0.3993094718703394 "" 0.08796064245515567 ""
277.49082051854 -4.73502162257 0.0658 0.0689 16.8918 "" "" 4257253737936201984 836.144836 1.1783 0.0832 0.733 -2.6 0.081 0.072 1.049 5286.5 4.5027 16.961155 2.257096 18.124327 15.86723 "" "" 787.960327 899.681641 3093.74952 3.0559 768.57 12.948 3566.7 26.453 "" "" 0.002956678028952596 0.01850284 0.008895339 0.02739818 277.49082051854 -4.73502162257 836.144836 0.7330000000000004 -2.5999999999999988 -0.08913956117630006 -0.005976772308349698 0.22517247 0.21617247 "" "" 0.35408242866060663 "" 0.0797156382510107 ""
277.22007709902 -4.64228617117 0.0673 0.0721 22.1391 "" "" 4257264943518084224 685.359985 1.4322 0.0923 -17.41 -15.496 0.081 0.077 0.978 4848.9 4.3707 16.963995 2.292548 18.159025 15.866477 "" "" 636.391846 732.294556 3085.66298 2.9428 744.4 7.1076 3569.2 15.126 "" "" 0.0029434644163174304 0.010735627 0.0059544435 0.016690072 277.22007709902 -4.64228617117 685.359985 -17.410000000000014 -15.496 -18.2321395611763 -12.90197677230835 0.22517247 0.22117248 "" "" 72.55905447845001 "" 16.24203408719656 ""
276.90458154673 -5.30627676628 0.0685 0.0688 33.3445 "" "" 4257114069929344896 1006.66467 0.9777 0.0821 -0.919 3.505 0.083 0.072 0.95 4695.2 4.3138 16.967045 2.368247 18.230965 15.862718 "" "" 914.216858 1111.4082 3077.00903 2.8044 696.68 9.7836 3581.6 13.745 "" "" 0.0029276250456485467 0.015500376 0.0056253974 0.021125773 276.90458154673 -5.30627676628 1006.66467 -0.9189999999999998 3.504999999999998 -1.7411395611763 6.09902322769165 0.22717246 0.21617247 "" "" 30.264695075921892 "" 6.56806888892622 ""
