Clusters/UPK_28/UPK_28_members.tsv
# %ECSV 1.0
# ---
# datatype:
# - name: RA_ICRS_1
#   unit: deg
#   datatype: float64
#   format: '{:15.11f}'
#   description: Right ascension (ICRS) at Ep=2016.0 (ra)
#   meta: !!omap
#   - {ucd: POS_EQ_RA_MAIN}
#   - {width: 15}
#   - {precision: '11'}
# - name: DE_ICRS_1
#   unit: deg
#   datatype: float64
#   format: '{:15.11f}'
#   description: Declination (ICRS) at Ep=2016.0 (dec)
#   meta: !!omap
#   - {ucd: POS_EQ_DEC_MAIN}
#   - {width: 15}
#   - {precision: '11'}
# - name: e_RA_ICRS
#   unit: mas
#   datatype: float64
#   format: '{:7.4f}'
#   description: Standard error of right ascension (ra_error)
#   meta: !!omap
#   - {ucd: ERROR}
#   - {width: 7}
#   - {precision: '4'}
# - name: e_DE_ICRS
#   unit: mas
#   datatype: float64
#   format: '{:7.4f}'
#   description: Standard error of declination (dec_error)
#   meta: !!omap
#   - {ucd: ERROR}
#   - {width: 7}
#   - {precision: '4'}
# - name: _r_1
#   unit: ''
#   datatype: float64
#   format: '{:7.4f}'
#   description: Distance from center (277.35930652000-04.98419419000)[ICRS], at Epoch=J2016.0
#   meta: !!omap
#   - {ucd: POS_ANG_DIST_GENERAL}
#   - {width: 7}
#   - {precision: '4'}
# - name: HIP
#   datatype: int32
#   description: '? HIP cross-id number, van Leeuwen, Cat. I/311 (hip_original_ext_source_id)'
#   meta: !!omap
#   - {ucd: ID_NUMBER}
#   - {width: 6}
#   - values: {'null': -2147483648}
# - name: TYC2
#   datatype: string
#   description: Tycho-2 cross-id name, Hog et al., Cat. I/259 (tyc2_original_ext_source_id)
#   meta: !!omap
#   - {ucd: ID_CROSSID}
#   - {_votable_string_dtype: char}
# - name: Source
#   datatype: int64
#   description: Source identifier, identical to the Gaia-EDR3 source_id (id)
#   meta: !!omap
#   - {ucd: ID_MAIN}
#   - {width: 19}
# - name: rgeo
#   unit: pc
#   datatype: float64
#   format: '{:15.8f}'
#   description: '? Median of the geometric distance posterior (r_med_geo)'
#   meta: !!omap
#   - {ucd: PHYS_DISTANCE_TRUE}
#   - {width: 15}
#   - {precision: '8'}
#   - values: {'null': .nan}
# - name: Plx
#   unit: mas
#   datatype: float64
#   format: '{:9.4f}'
#   description: '? Parallax (parallax)'
#   meta: !!omap
#   - {ucd: POS_PARLX_TRIG}
#   - {width: 9}
#   - {precision: '4'}
#   - values: {'null': .nan}
# - name: e_Plx
#   unit: mas
#   datatype: float32
#   format: '{:7.4f}'
#   description: '? Standard error of parallax (parallax_error)'
#   meta: !!omap
#   - {ucd: ERROR}
#   - {width: 7}
#   - {precision: '4'}
#   - values: {'null': .nan}
# - name: pmRA
#   unit: mas / yr
#   datatype: float64
#   format: '{:9.3f}'
#   description: '? Proper motion in right ascension direction, pmRA*cosDE (pmra)'
#   meta: !!omap
#   - {ucd: POS_EQ_PMRA}
#   - {width: 9}
#   - {precision: '3'}
#   - values: {'null': .nan}
# - name: pmDE
#   unit: mas / yr
#   datatype: float64
#   format: '{:9.3f}'
#   description: '? Proper motion in declination direction (pmdec)'
#   meta: !!omap
#   - {ucd: POS_EQ_PMDEC}
#   - {width: 9}
#   - {precision: '3'}
#   - values: {'null': .nan}
# - name: e_pmRA
#   unit: mas / yr
#   datatype: float32
#   format: '{:6.3f}'
#   description: '? Standard error of proper motion in right ascension direction (pmra_error)'
#   meta: !!omap
#   - {ucd: ERROR}
#   - {width: 6}
#   - {precision: '3'}
#   - values: {'null': .nan}
# - name: e_pmDE
[...]
#         unit: &id001 !astropy.units.Unit {unit: deg}
#         value: !astropy.table.SerializedColumn {name: SkyCoord.dec}
#       distance: !astropy.table.SerializedColumn
#         __class__: astropy.coordinates.distances.Distance
#         unit: !astropy.units.Unit {unit: pc}
#         value: !astropy.table.SerializedColumn {name: SkyCoord.distance}
#       frame: icrs
#       obstime: !astropy.time.Time {format: jyear_str, in_subfmt: '*', jd1: 367701545.0, jd2: 0.0, out_subfmt: '*', precision: 3, scale: tt}
#       pm_dec: !astropy.table.SerializedColumn
#         __class__: astropy.units.quantity.Quantity
#         unit: !astropy.units.Unit {unit: mas / yr}
#         value: !astropy.table.SerializedColumn {name: SkyCoord.pm_dec}
#       pm_ra_cosdec: !astropy.table.SerializedColumn
#         __class__: astropy.units.quantity.Quantity
#         unit: !astropy.units.Unit {unit: mas / yr}
#         value: !astropy.table.SerializedColumn {name: SkyCoord.pm_ra_cosdec}
#       ra: !astropy.table.SerializedColumn
#         __class__: astropy.coordinates.angles.Longitude
#         unit: *id001
#         value: !astropy.table.SerializedColumn {name: SkyCoord.ra}
#         wrap_angle: !astropy.coordinates.Angle
#           unit: *id001
#           value: 360.0
#       representation_type: spherical
# schema: astropy-2.0
RA_ICRS_1 DE_ICRS_1 e_RA_ICRS e_DE_ICRS _r_1 HIP TYC2 Source rgeo Plx e_Plx pmRA pmDE e_pmRA e_pmDE RUWE Teff logg Gmag BP-RP BPmag RPmag RV e_RV b_rgeo B_rgeo FG e_FG FBP e_FBP FRP e_FRP RAVE5 RAVE6 e_Gmag e_BPmag e_RPmag e_BP-RP SkyCoord.ra SkyCoord.dec SkyCoord.distance SkyCoord.pm_ra_cosdec SkyCoord.pm_dec Pmemb
277.14225245492 -4.90265585682 0.0126 0.0119 13.8665 "" 5107-112-1 4257163479234110336 886.546997 1.0892 0.0152 0.828 -2.636 0.016 0.013 0.848 "" "" 10.87713 1.897517 11.806717 9.9092 -13.24 2.47 873.34082 898.867188 839642.88536 303.21 258660.0 302.24 861940.0 492.96 "" "" 0.0027830765490100607 0.0030650545 0.0038300536 0.006895108 277.14225245492 -4.90265585682 886.546997 0.828 -2.6359999999999997 1.0
277.29897593805 -4.98933485477 0.0122 0.0105 3.6193 "" "" 4257243086416195328 897.350708 1.0915 0.0133 0.735 -2.563 0.016 0.012 0.928 15000.8 3.9804 12.03708 1.396057 12.658894 11.262836 "" "" 887.876892 906.416199 288479.47329 93.093 117990.0 187.04 247760.0 246.82 "" "" 0.0027775075637719595 0.003278313 0.00393111 0.007209423 277.29897593805 -4.98933485477 897.350708 0.7350000000000001 -2.563 1.0
277.32513590401 -4.99101658616 0.0164 0.0138 2.0831 "" "" 4257240234559558784 884.245483 1.1112 0.0173 0.775 -2.58 0.022 0.016 1.112 12803.0 3.899 12.138658 1.359354 12.73072 11.371366 "" "" 870.981079 894.603455 262714.32285 78.447 110440.0 198.62 224190.0 327.43 "" "" 0.0027743281931746824 0.0034055584 0.0040985653 0.0075041237 277.32513590401 -4.99101658616 884.245483 0.7749999999999999 -2.5799999999999996 1.0
277.39568929628 -5.03586324021 0.0128 0.0114 3.7868 "" "" 4257238864476254336 862.808289 1.1461 0.0142 0.691 -2.579 0.016 0.013 1.007 12294.5 3.9457 12.414017 1.43051 13.056151 11.625642 0.05 30.55 852.839417 871.841797 203863.73174 44.252 81838.0 83.07 177380.0 67.801 "" "" 0.0027653811772338963 0.0029999383 0.0038020993 0.0068020374 277.39568929628 -5.03586324021 862.808289 0.691 -2.5789999999999997 1.0
277.32350374655 -5.00969789159 0.0152 0.0133 2.6308 "" "" 4257240067067166080 879.025696 1.1196 0.0171 0.616 -2.553 0.02 0.016 1.142 10729.5 3.8139 12.445069 1.316163 13.019008 11.702845 "" "" 866.683044 897.230347 198115.7685 171.61 84686.0 214.22 165200.0 451.13 "" "" 0.002911406024504101 0.003915108 0.0048036026 0.00871871 277.32350374655 -5.00969789159 879.025696 0.616 -2.5530000000000004 1.0
277.35230300837 -4.95003983278 0.0119 0.0108 2.0916 "" "" 4257243636172008192 906.081604 1.0884 0.0137 0.768 -2.63 0.015 0.012 0.944 "" "" 12.696246 1.45809 13.354083 11.895993 -8.44 26.76 891.788696 918.595642 157198.44993 25.456 62199.0 55.567 138280.0 48.989 "" "" 0.002760924080640367 0.0029539613 0.0037989053 0.0067528663 277.35230300837 -4.95003983278 906.081604 0.768 -2.6300000000000003 1.0
277.33121519855 -4.99986412967 0.0143 0.0126 1.9244 "" "" 4257240067067167744 897.062866 1.0925 0.016 0.856 -2.79 0.019 0.015 0.948 9590.9 3.8801 12.910886 1.356856 13.510751 12.153894 "" "" 885.498352 911.408447 129000.79038 24.029 53841.0 46.353 109040.0 46.976 "" "" 0.0027627324385450717 0.0029425805 0.0038082171 0.006750798 277.33121519855 -4.99986412967 897.062866 0.856 -2.79 1.0
277.34669584841 -4.96764385116 0.0126 0.0113 1.2467 "" "" 4257240646884896512 869.987305 1.1092 0.0143 0.793 -2.532 0.016 0.013 0.913 9822.6 3.963 13.267422 1.477168 13.936459 12.45929 "" "" 855.131653 881.9151 92891.95677 17.879 36378.0 25.69 82308.0 35.645 "" "" 0.0027632334257832445 0.0028936039 0.0038085186 0.0067021223 277.34669584841 -4.96764385116 869.987305 0.7929999999999998 -2.532 1.0
277.05950462718 -5.04016457229 0.0133 0.0121 18.2313 "" "" 4257159665303116672 909.960144 1.0588 0.0153 0.742 -2.62 0.017 0.014 1.002 9815.7 3.8887 13.404002 1.621662 14.161594 12.539932 95.39 5.03 895.847839 921.690857 81911.71712 20.74 29565.0 28.653 76416.0 24.926 "" "" 0.002769000485115639 0.0029819903 0.003795939 0.006777929 277.05950462718 -5.04016457229 909.960144 0.7420000000000001 -2.6199999999999997 1.0
277.39300166129 -4.97703892961 0.0135 0.0123 2.0593 "" "" 4257240410664526720 884.197998 1.0911 0.0154 0.858 -2.417 0.017 0.014 1.063 9779.9 3.9276 13.445278 1.513252 14.134856 12.621604 82.41 4.7 872.545959 895.24469 78856.12846 19.417 30302.0 48.85 70879.0 32.146 "" "" 0.002768259814279227 0.0032937317 0.0038113254 0.007105057 277.39300166129 -4.97703892961 884.197998 0.8579999999999999 -2.4169999999999994 1.0
277.53669490565 -5.07703202149 0.0153 0.0159 11.9765 "" "" 4257191070077602432 879.003418 1.0957 0.0211 0.882 -2.578 0.02 0.018 1.031 "" "" 13.608047 1.582152 14.340655 12.758503 "" "" 863.494812 897.793945 67877.80369 48.837 25070.0 74.611 62482.0 94.903 "" "" 0.0028639161692694455 0.0042692074 0.0041235043 0.008392712 277.53669490565 -5.07703202149 879.003418 0.882 -2.5779999999999994 1.0
277.34647226494 -4.96583215406 0.0177 0.0154 1.3425 "" "" 4257240651167904768 865.949402 1.1185 0.02 0.878 -2.368 0.021 0.017 1.155 7831.6 3.8459 13.943629 1.723909 14.767279 13.043369 -8.54 5.57 849.245728 886.43396 49830.49339 12.476 16924.0 24.699 48063.0 33.612 "" "" 0.0027686970513743107 0.0032087048 0.0038548992 0.007063604 277.34647226494 -4.96583215406 865.949402 0.8779999999999999 -2.368 1.0
277.4800815716 -4.81507948947 0.0161 0.0151 12.4534 "" "" 4257252058615898880 846.962891 1.1371 0.0185 0.873 -2.637 0.019 0.017 1.034 8466.5 4.0196 13.951035 1.770606 14.804125 13.033519 -29.31 6.58 834.989319 858.388733 49491.72787 12.272 16359.0 23.002 48501.0 32.153 "" "" 0.0027684415696472707 0.0031805094 0.0038473106 0.0070278198 277.4800815716 -4.81507948947 846.962891 0.873 -2.637 1.0
277.23554796339 -5.36186152728 0.0175 0.017 23.8363 "" "" 4257084108235311232 862.2052 1.1129 0.0199 0.524 -2.774 0.022 0.018 0.93 6530.7 3.8411 14.231231 1.922664 15.182706 13.260042 -11.11 3.8 845.830078 877.751709 38234.40444 13.312 11543.0 23.932 39368.0 46.729 "" "" 0.0027811306218705188 0.0035850052 0.0039930684 0.0075780735 277.23554796339 -5.36186152728 862.2052 0.524 -2.7739999999999996 0.9
277.42763172897 -4.99448097839 0.045 0.0418 4.1304 "" "" 4257239620390508288 931.750671 1.0311 0.0535 1.28 -3.212 0.056 0.048 2.254 7482.2 3.7978 14.469634 1.789059 15.336789 13.54773 "" "" 891.943726 972.619202 30696.79449 11.396 10016.0 20.914 30204.0 35.054 "" "" 0.002784646699483997 0.0035950944 0.003983908 0.0075790025 277.42763172897 -4.99448097839 931.750671 1.2800000000000002 -3.2120000000000006 1.0
277.21109935188 -5.12100750156 0.019 0.017 12.0767 "" "" 4257143653664812544 891.470459 1.0847 0.0208 0.761 -2.665 0.024 0.02 1.048 8555.8 4.0673 14.527137 1.80655 15.401807 13.595257 10.94 7.83 878.03418 905.364075 29113.3427 8.5502 9434.0 10.46 28910.0 22.013 "" "" 0.0027737096254720384 0.0030387861 0.0038687445 0.0069075306 277.21109935188 -5.12100750156 891.470459 0.7609999999999999 -2.6650000000000005 1.0
277.36218999434 -4.96866080785 0.0191 0.0172 0.9478 "" "" 4257240582463246464 890.964478 1.0786 0.022 0.957 -2.605 0.024 0.02 0.937 7496.4 4.0029 14.533804 1.799397 15.407202 13.607804 -6.13 7.53 871.726807 907.466064 28935.12165 7.8409 9387.2 16.335 28578.0 18.875 "" "" 0.002770983922920772 0.00336966 0.0038468116 0.0072164712 277.36218999434 -4.96866080785 890.964478 0.957 -2.6049999999999995 1.0
277.34963482733 -4.97373126344 0.0209 0.0188 0.8534 "" "" 4257240651182727808 910.484802 1.0573 0.0239 0.853 -2.545 0.026 0.022 1.052 8557.0 4.2798 14.582455 1.661655 15.367537 13.705882 "" "" 892.010193 929.266174 27667.18108 7.196 9736.5 10.045 26110.0 14.24 "" "" 0.002769753412519698 0.0030066187 0.0038254885 0.006832107 277.34963482733 -4.97373126344 910.484802 0.853 -2.545 1.0
277.38015218816 -4.8153700663 0.0215 0.0219 10.2058 "" "" 4257247316972087424 886.099731 1.0924 0.028 0.786 -2.462 0.026 0.023 0.983 8003.1 4.1675 14.658786 1.723594 15.482846 13.759253 58.82 9.18 868.338318 905.412964 25788.87677 9.6776 8755.5 14.923 24857.0 26.251 "" "" 0.002785281603831345 0.0033480683 0.003949491 0.007297559 277.38015218816 -4.8153700663 886.099731 0.786 -2.462 1.0
277.27779597655 -5.05265991639 0.023 0.0206 6.3726 "" "" 4257146024486769408 894.805176 1.0814 0.0261 0.735 -2.635 0.03 0.023 0.961 7672.7 4.1671 14.847522 1.826271 15.737775 13.911504 -15.79 10.18 878.633484 918.004517 21673.95655 8.4876 6923.2 15.52 21605.0 39.303 "" "" 0.0027879321989099978 0.003702579 0.004264372 0.007966951 277.27779597655 -5.05265991639 894.805176 0.7349999999999999 -2.6350000000000007 1.0
277.35721647197 -4.98783504992 0.0233 0.0208 0.2517 "" "" 4257240200195857024 891.703125 1.0772 0.0268 0.93 -2.756 0.029 0.023 0.993 7825.8 4.1631 14.850088 1.775813 15.711242 13.935429 "" "" 873.896973 912.310303 21622.7853 7.4215 7094.5 16.186 21134.0 15.505 "" "" 0.002780406353166208 0.0037310899 0.0038624115 0.0075935014 277.35721647197 -4.98783504992 891.703125 0.9300000000000003 -2.7560000000000002 1.0
277.56304689501 -4.98228690653 0.0252 0.0259 12.1788 "" "" 4257194226868675200 859.660522 1.1215 0.0339 0.885 -2.472 0.033 0.031 0.894 7987.4 4.0884 14.850966 1.914898 15.797183 13.882285 "" "" 831.909241 881.722656 21605.2932 8.7619 6554.6 16.882 22194.0 22.282 "" "" 0.002790280585069474 0.003950316 0.003933436 0.007883752 277.56304689501 -4.98228690653 859.660522 0.8849999999999998 -2.472 1.0
277.4083700113 -5.17149757166 0.0243 0.0229 11.6144 "" "" 4257096340302238336 836.974487 1.1477 0.0298 0.867 -2.518 0.03 0.025 0.942 7851.3 4.1798 14.947762 1.825738 15.836186 14.010448 -39.22 4.47 820.562683 857.104736 19762.50304 11.353 6323.3 15.922 19723.0 34.889 "" "" 0.0028250348652485375 0.00390629 0.004239396 0.008145686 277.4083700113 -5.17149757166 836.974487 0.8669999999999999 -2.518 1.0
277.35221045669 -5.03688386657 0.0292 0.0265 3.1897 "" "" 4257239001915236352 866.103882 1.1119 0.033 0.438 -2.902 0.039 0.03 0.931 7448.3 4.1437 15.047134 1.944737 16.014814 14.070078 "" "" 844.094604 886.941711 18034.03964 9.0067 5364.0 13.507 18669.0 22.864 "" "" 0.002808170388510378 0.0039063618 0.004006475 0.007912837 277.35221045669 -5.03688386657 866.103882 0.43800000000000006 -2.902 0.9
277.38611884244 -4.99010288268 0.0275 0.0251 1.6414 "" "" 4257240303277808768 910.896362 1.0632 0.032 0.807 -2.504 0.034 0.028 0.991 6010.6 3.9934 15.177465 2.046232 16.217762 14.17153 "" "" 885.004761 935.767151 15994.12388 7.7008 4449.5 20.44 17004.0 23.207 "" "" 0.002804472159231154 0.005715022 0.004059493 0.009774515 277.38611884244 -4.99010288268 910.896362 0.8070000000000002 -2.504 1.0
277.34838281048 -4.91548028284 0.0321 0.0278 4.1742 "" "" 4257244048489485696 912.065918 1.0542 0.0365 0.905 -2.454 0.041 0.034 0.935 5864.6 3.9496 15.598143 2.024194 16.624239 14.600045 "" "" 883.642395 944.612915 10856.4964 5.5361 3060.0 10.793 11459.0 18.485 "" "" 0.002810395391075095 0.0047381767 0.0041654883 0.0089036655 277.34838281048 -4.91548028284 912.065918 0.905 -2.4539999999999997 1.0
277.27799101994 -5.12679081924 0.0382 0.035 9.8398 "" "" 4257144375219234816 837.085632 1.1631 0.0414 0.68 -2.786 0.049 0.042 1.14 5504.8 4.2173 15.770969 1.887797 16.699642 14.811845 "" "" 807.189087 869.678772 9258.8884 5.8072 2854.7 9.4904 9428.0 15.026 "" "" 0.0028382245584477007 0.0045621945 0.0041566854 0.00871888 277.27799101994 -5.12679081924 837.085632 0.68 -2.786 0.9
277.46088784864 -5.08153849628 0.0462 0.0429 8.4247 "" "" 4257191551114000128 872.519958 1.0941 0.0543 1.123 -2.769 0.059 0.048 1.244 6121.2 4.1073 15.832862 2.041329 16.868963 14.827634 "" "" 836.861755 915.6026 8745.84611 4.6541 2442.5 13.567 9291.9 14.603 "" "" 0.0028152464289274105 0.0066449507 0.0041467184 0.010791669 277.46088784864 -5.08153849628 872.519958 1.1230000000000002 -2.7689999999999997 1.0
277.36062298138 -4.81327051748 0.0387 0.0401 10.2557 "" "" 4257247282612367104 901.72168 1.0633 0.0504 0.769 -2.496 0.049 0.043 1.044 5377.4 4.2094 15.898695 1.960005 16.86138 14.901375 "" "" 862.323914 942.065002 8231.30886 5.6847 2459.6 15.023 8681.8 31.095 "" "" 0.0028555270615861234 0.0071946364 0.0054227076 0.012617344 277.36062298138 -4.81327051748 901.72168 0.769 -2.496 1.0
277.36590798963 -5.05974318028 0.042 0.0382 4.5501 "" "" 4257238727037303552 874.773499 1.1061 0.0474 0.965 -2.462 0.053 0.044 0.992 5754.2 4.208 16.068697 2.05218 17.102797 15.050616 "" "" 844.746521 912.442383 7038.29944 4.603 1969.2 11.657 7566.8 27.92 "" "" 0.002845343630003782 0.0070066997 0.005507539 0.012514239 277.36590798963 -5.05974318028 874.773499 0.965 -2.4620000000000006 1.0
277.33717171847 -4.93938517901 0.0418 0.0373 2.9965 "" "" 4257243709199843968 945.465393 1.0318 0.0483 0.791 -2.664 0.055 0.045 0.977 5797.1 4.2873 16.22199 1.985349 17.215975 15.230626 "" "" 903.829224 982.595398 6111.54107 4.3172 1774.3 8.3962 6410.7 11.76 "" "" 0.002860074344941436 0.0058465702 0.0042720763 0.010118647 277.33717171847 -4.93938517901 945.465393 0.7909999999999999 -2.6640000000000006 1.0
277.31497426465 -4.81515376589 0.0472 0.0484 10.483 "" "" 4257258690045535616 880.637695 1.0973 0.0599 0.907 -2.532 0.057 0.05 0.986 5706.8 4.4388 16.333391 1.940756 17.30977 15.369015 "" "" 840.135071 931.979736 5515.56937 4.8188 1627.5 9.3709 5643.6 15.137 "" "" 0.0029140330906948842 0.0068459017 0.0047711753 0.0116170775 277.31497426465 -4.81515376589 880.637695 0.907 -2.532 1.0
277.34820778584 -4.97147246241 0.0534 0.0479 1.0113 "" "" 4257240651182730112 894.975891 1.0871 0.0618 0.609 -2.555 0.065 0.054 1.064 5711.2 4.4004 16.494612 2.094978 17.566635 15.471657 "" "" 841.988281 952.199951 4754.46932 3.5544 1284.6 8.2255 5134.5 16.639 "" "" 0.002872390134811097 0.007491151 0.0051636547 0.012654806 277.34820778584 -4.97147246241 894.975891 0.609 -2.5550000000000006 1.0
277.07238674902 -5.28294935411 0.0501 0.0487 24.8054 "" "" 4257134170376976256 990.000916 1.004 0.059 0.837 -2.56 0.067 0.058 1.039 4816.4 4.1775 16.534365 2.249197 17.680305 15.431108 "" "" 928.463257 1044.19629 4583.53937 4.3907 1156.9 8.532 5329.8 40.834 "" "" 0.002945081966923989 0.00847938 0.009136634 0.017616015 277.07238674902 -5.28294935411 990.000916 0.8369999999999999 -2.56 1.0
277.34726506351 -4.96650125592 0.0507 0.046 1.2826 "" "" 4257240651182734208 844.684265 1.142 0.0585 0.91 -2.355 0.063 0.054 0.931 6133.6 4.3042 16.542845 2.14899 17.530268 15.381278 "" "" 806.995117 881.218323 4547.87555 5.9771 1328.3 13.55 5580.2 29.851 "" "" 0.00310289415456894 0.011421648 0.0069294767 0.018351125 277.34726506351 -4.96650125592 844.684265 0.9100000000000001 -2.355 1.0
277.17518342642 -4.8783000619 0.0561 0.0528 12.7087 "" "" 4257257384375531264 846.763611 1.1459 0.0695 0.841 -2.387 0.07 0.061 1.021 6419.2 4.3199 16.662792 2.347066 17.918736 15.57167 "" "" 800.93634 898.854919 4072.20712 3.3109 928.8 8.9366 4682.6 13.096 "" "" 0.0028932761541656245 0.010812781 0.00484811 0.015660891 277.17518342642 -4.8783000619 846.763611 0.8410000000000001 -2.3870000000000005 0.9
277.37355769589 -4.97280304716 0.0531 0.0475 1.0921 "" "" 4257240616822973696 929.638 1.0591 0.0619 0.969 -2.625 0.067 0.056 0.921 5769.4 4.3052 16.716143 2.317368 17.955734 15.638367 "" "" 869.580933 989.433777 3876.94332 5.3621 897.68 7.2919 4403.6 16.936 "" "" 0.0031379536336332884 0.009250321 0.0056320545 0.014882376 277.37355769589 -4.97280304716 929.638 0.969 -2.625 1.0
277.37412104749 -4.78220423261 0.0599 0.0608 12.1517 "" "" 4257259171081856896 934.781616 1.0619 0.077 0.768 -2.555 0.069 0.064 1.019 5312.8 4.5595 16.718094 2.053557 17.770239 15.716681 "" "" 870.079163 1052.11536 3869.9839 4.1389 1064.9 7.018 4097.2 10.667 "" "" 0.0029900052555547926 0.007680078 0.0047195284 0.012399606 277.37412104749 -4.78220423261 934.781616 0.7680000000000001 -2.5549999999999997 1.0
277.55926902729 -4.88737488619 0.0568 0.0585 13.2901 "" "" 4257247866727709312 888.821472 1.1035 0.0723 0.863 -2.551 0.069 0.065 0.97 6062.4 4.3025 16.731998 2.459944 18.068645 15.608702 "" "" 833.6651 963.020996 3820.741 3.319 809.02 8.579 4525.6 12.516 "" "" 0.002912273059736997 0.011846615 0.004827008 0.016673623 277.55926902729 -4.88737488619 888.821472 0.8630000000000001 -2.551 1.0
277.55015392084 -4.83783602205 0.0592 0.0588 14.3971 "" "" 4257249172397809792 908.694885 1.0877 0.0712 0.705 -2.648 0.067 0.061 1.072 5496.3 4.2064 16.760492 2.642196 18.228054 15.585858 "" "" 855.794006 962.715149 3721.77559 2.9184 698.55 7.6502 4621.8 18.207 "" "" 0.0028838554562738193 0.012213464 0.00570767 0.017921135 277.55015392084 -4.83783602205 908.694885 0.705 -2.6480000000000006 1.0
