Clusters/UPK_28/UPK_28_members.tsv
# %ECSV 1.0
# ---
# datatype:
# - name: RA_ICRS_1
#   unit: deg
#   datatype: float64
#   format: '{:15.11f}'
#   description: Right ascension (ICRS) at Ep=2016.0 (ra)
#   meta: !!omap
#   - {ucd: POS_EQ_RA_MAIN}
#   - {width: 15}
#   - {precision: '11'}
# - name: DE_ICRS_1
#   unit: deg
#   datatype: float64
#   format: '{:15.11f}'
#   description: Declination (ICRS) at Ep=2016.0 (dec)
#   meta: !!omap
#   - {ucd: POS_EQ_DEC_MAIN}
#   - {width: 15}
#   - {precision: '11'}
# - name: e_RA_ICRS
#   unit: mas
#   datatype: float64
#   format: '{:7.4f}'
#   description: Standard error of right ascension (ra_error)
#   meta: !!omap
#   - {ucd: ERROR}
#   - {width: 7}
#   - {precision: '4'}
# - name: e_DE_ICRS
#   unit: mas
#   datatype: float64
#   format: '{:7.4f}'
#   description: Standard error of declination (dec_error)
#   meta: !!omap
#   - {ucd: ERROR}
#   - {width: 7}
#   - {precision: '4'}
# - name: _r_1
#   unit: ''
#   datatype: float64
#   format: '{:7.4f}'
#   description: Distance from center (277.35930652000-04.98419419000)[ICRS], at Epoch=J2016.0
#   meta: !!omap
#   - {ucd: POS_ANG_DIST_GENERAL}
#   - {width: 7}
#   - {precision: '4'}
# - name: HIP
#   datatype: int32
#   description: '? HIP cross-id number, van Leeuwen, Cat. I/311 (hip_original_ext_source_id)'
#   meta: !!omap
#   - {ucd: ID_NUMBER}
#   - {width: 6}
#   - values: {'null': -2147483648}
# - name: TYC2
#   datatype: string
#   description: Tycho-2 cross-id name, Hog et al., Cat. I/259 (tyc2_original_ext_source_id)
#   meta: !!omap
#   - {ucd: ID_CROSSID}
#   - {_votable_string_dtype: char}
# - name: Source
#   datatype: int64
#   description: Source identifier, identical to the Gaia-EDR3 source_id (id)
#   meta: !!omap
#   - {ucd: ID_MAIN}
#   - {width: 19}
# - name: rgeo
#   unit: pc
#   datatype: float64
#   format: '{:15.8f}'
#   description: '? Median of the geometric distance posterior (r_med_geo)'
#   meta: !!omap
#   - {ucd: PHYS_DISTANCE_TRUE}
#   - {width: 15}
#   - {precision: '8'}
#   - values: {'null': .nan}
# - name: Plx
#   unit: mas
#   datatype: float64
#   format: '{:9.4f}'
#   description: '? Parallax (parallax)'
#   meta: !!omap
#   - {ucd: POS_PARLX_TRIG}
#   - {width: 9}
#   - {precision: '4'}
#   - values: {'null': .nan}
# - name: e_Plx
#   unit: mas
#   datatype: float32
#   format: '{:7.4f}'
#   description: '? Standard error of parallax (parallax_error)'
#   meta: !!omap
#   - {ucd: ERROR}
#   - {width: 7}
#   - {precision: '4'}
#   - values: {'null': .nan}
# - name: pmRA
#   unit: mas / yr
#   datatype: float64
#   format: '{:9.3f}'
#   description: '? Proper motion in right ascension direction, pmRA*cosDE (pmra)'
#   meta: !!omap
#   - {ucd: POS_EQ_PMRA}
#   - {width: 9}
#   - {precision: '3'}
#   - values: {'null': .nan}
# - name: pmDE
#   unit: mas / yr
#   datatype: float64
#   format: '{:9.3f}'
#   description: '? Proper motion in declination direction (pmdec)'
#   meta: !!omap
#   - {ucd: POS_EQ_PMDEC}
#   - {width: 9}
#   - {precision: '3'}
#   - values: {'null': .nan}
# - name: e_pmRA
#   unit: mas / yr
#   datatype: float32
#   format: '{:6.3f}'
#   description: '? Standard error of proper motion in right ascension direction (pmra_error)'
#   meta: !!omap
#   - {ucd: ERROR}
#   - {width: 6}
#   - {precision: '3'}
#   - values: {'null': .nan}
# - name: e_pmDE
[...]
#       distance: !astropy.table.SerializedColumn
#         __class__: astropy.coordinates.distances.Distance
#         unit: !astropy.units.Unit {unit: pc}
#         value: !astropy.table.SerializedColumn {name: SkyCoord.distance}
#       frame: icrs
#       obstime: !astropy.time.Time {format: jyear_str, in_subfmt: '*', jd1: 367701545.0, jd2: 0.0, out_subfmt: '*', precision: 3, scale: tt}
#       pm_dec: !astropy.table.SerializedColumn
#         __class__: astropy.units.quantity.Quantity
#         unit: !astropy.units.Unit {unit: mas / yr}
#         value: !astropy.table.SerializedColumn {name: SkyCoord.pm_dec}
#       pm_ra_cosdec: !astropy.table.SerializedColumn
#         __class__: astropy.units.quantity.Quantity
#         unit: !astropy.units.Unit {unit: mas / yr}
#         value: !astropy.table.SerializedColumn {name: SkyCoord.pm_ra_cosdec}
#       ra: !astropy.table.SerializedColumn
#         __class__: astropy.coordinates.angles.Longitude
#         unit: *id001
#         value: !astropy.table.SerializedColumn {name: SkyCoord.ra}
#         wrap_angle: !astropy.coordinates.Angle
#           unit: *id001
#           value: 360.0
#       representation_type: spherical
# schema: astropy-2.0
RA_ICRS_1 DE_ICRS_1 e_RA_ICRS e_DE_ICRS _r_1 HIP TYC2 Source rgeo Plx e_Plx pmRA pmDE e_pmRA e_pmDE RUWE Teff logg Gmag BP-RP BPmag RPmag RV e_RV b_rgeo B_rgeo FG e_FG FBP e_FBP FRP e_FRP RAVE5 RAVE6 e_Gmag e_BPmag e_RPmag e_BP-RP SkyCoord.ra SkyCoord.dec SkyCoord.distance SkyCoord.pm_ra_cosdec SkyCoord.pm_dec rmRA rmDE e_rmRA e_rmDE rRV e_rRV v_pec v_pec3d e_vpec e_vpec3d Pmemb
[from data line 30]
277.33717171847 -4.93938517901 0.0418 0.0373 2.9965 "" "" 4257243709199843968 945.465393 1.0318 0.0483 0.791 -2.664 0.055 0.045 0.977 5797.1 4.2873 16.22199 1.985349 17.215975 15.230626 "" "" 903.829224 982.595398 6111.54107 4.3172 1774.3 8.3962 6410.7 11.76 "" "" 0.002860074344941436 0.0058465702 0.0042720763 0.010118647 277.33717171847 -4.93938517901 945.465393 0.7909999999999997 -2.6640000000000015 -0.031139561176300012 -0.06997677230834976 0.19917247 0.18917248 "" "" 0.34325003440502444 "" 0.06551323090805568 "" 1.0
277.31497426465 -4.81515376589 0.0472 0.0484 10.483 "" "" 4257258690045535616 880.637695 1.0973 0.0599 0.907 -2.532 0.057 0.05 0.986 5706.8 4.4388 16.333391 1.940756 17.30977 15.369015 "" "" 840.135071 931.979736 5515.56937 4.8188 1627.5 9.3709 5643.6 15.137 "" "" 0.0029140330906948842 0.0068459017 0.0047711753 0.0116170775 277.31497426465 -4.81515376589 880.637695 0.907 -2.532 0.08486043882369998 0.06202322769165036 0.20117247 0.19417247 "" "" 0.4387537912988008 "" 0.08720806699888824 "" 1.0
277.34820778584 -4.97147246241 0.0534 0.0479 1.0113 "" "" 4257240651182730112 894.975891 1.0871 0.0618 0.609 -2.555 0.065 0.054 1.064 5711.2 4.4004 16.494612 2.094978 17.566635 15.471657 "" "" 841.988281 952.199951 4754.46932 3.5544 1284.6 8.2255 5134.5 16.639 "" "" 0.002872390134811097 0.007491151 0.0051636547 0.012654806 277.34820778584 -4.97147246241 894.975891 0.609 -2.5550000000000015 -0.21313956117630006 0.03902322769165023 0.20917247 0.19817248 "" "" 0.9192072027395938 "" 0.19195325289729173 "" 1.0
277.07238674902 -5.28294935411 0.0501 0.0487 24.8054 "" "" 4257134170376976256 990.000916 1.004 0.059 0.837 -2.56 0.067 0.058 1.039 4816.4 4.1775 16.534365 2.249197 17.680305 15.431108 "" "" 928.463257 1044.19629 4583.53937 4.3907 1156.9 8.532 5329.8 40.834 "" "" 0.002945081966923989 0.00847938 0.009136634 0.017616015 277.07238674902 -5.28294935411 990.000916 0.8369999999999996 -2.56 0.014860438823699917 0.03402322769165034 0.21117248 0.20217247 "" "" 0.1742222288537083 "" 0.03547880707049541 "" 1.0
277.34726506351 -4.96650125592 0.0507 0.046 1.2826 "" "" 4257240651182734208 844.684265 1.142 0.0585 0.91 -2.355 0.063 0.054 0.931 6133.6 4.3042 16.542845 2.14899 17.530268 15.381278 "" "" 806.995117 881.218323 4547.87555 5.9771 1328.3 13.55 5580.2 29.851 "" "" 0.00310289415456894 0.011421648 0.0069294767 0.018351125 277.34726506351 -4.96650125592 844.684265 0.9100000000000004 -2.355 0.08786043882369998 0.2390232276916504 0.20717248 0.19817248 "" "" 1.0196073554392249 "" 0.20317215046666987 "" 1.0
277.17518342642 -4.8783000619 0.0561 0.0528 12.7087 "" "" 4257257384375531264 846.763611 1.1459 0.0695 0.841 -2.387 0.07 0.061 1.021 6419.2 4.3199 16.662792 2.347066 17.918736 15.57167 "" "" 800.93634 898.854919 4072.20712 3.3109 928.8 8.9366 4682.6 13.096 "" "" 0.0028932761541656245 0.010812781 0.00484811 0.015660891 277.17518342642 -4.8783000619 846.763611 0.8410000000000001 -2.3870000000000013 0.01886043882369992 0.20702322769165038 0.21417248 0.20517248 "" "" 0.8343618431861535 "" 0.17125124394746072 "" 0.9
277.37355769589 -4.97280304716 0.0531 0.0475 1.0921 "" "" 4257240616822973696 929.638 1.0591 0.0619 0.969 -2.625 0.067 0.056 0.921 5769.4 4.3052 16.716143 2.317368 17.955734 15.638367 "" "" 869.580933 989.433777 3876.94332 5.3621 897.68 7.2919 4403.6 16.936 "" "" 0.0031379536336332884 0.009250321 0.0056320545 0.014882376 277.37355769589 -4.97280304716 929.638 0.969 -2.625 0.14686043882369992 -0.03097677230834961 0.21117248 0.20017248 "" "" 0.6613771403894634 "" 0.13936250814853235 "" 1.0
277.37412104749 -4.78220423261 0.0599 0.0608 12.1517 "" "" 4257259171081856896 934.781616 1.0619 0.077 0.768 -2.555 0.069 0.064 1.019 5312.8 4.5595 16.718094 2.053557 17.770239 15.716681 "" "" 870.079163 1052.11536 3869.9839 4.1389 1064.9 7.018 4097.2 10.667 "" "" 0.0029900052555547926 0.007680078 0.0047195284 0.012399606 277.37412104749 -4.78220423261 934.781616 0.7680000000000003 -2.554999999999999 -0.05413956117630003 0.03902322769165023 0.21317247 0.20817247 "" "" 0.2957051913995936 "" 0.062534622667273 "" 1.0
277.55926902729 -4.88737488619 0.0568 0.0585 13.2901 "" "" 4257247866727709312 888.821472 1.1035 0.0723 0.863 -2.551 0.069 0.065 0.97 6062.4 4.3025 16.731998 2.459944 18.068645 15.608702 "" "" 833.6651 963.020996 3820.741 3.319 809.02 8.579 4525.6 12.516 "" "" 0.002912273059736997 0.011846615 0.004827008 0.016673623 277.55926902729 -4.88737488619 888.821472 0.8630000000000003 -2.551 0.04086043882369994 0.043023227691650234 0.21317247 0.20917247 "" "" 0.24997673549968494 "" 0.05276480311148867 "" 1.0
277.55015392084 -4.83783602205 0.0592 0.0588 14.3971 "" "" 4257249172397809792 908.694885 1.0877 0.0712 0.705 -2.648 0.067 0.061 1.072 5496.3 4.2064 16.760492 2.642196 18.228054 15.585858 "" "" 855.794006 962.715149 3721.77559 2.9184 698.55 7.6502 4621.8 18.207 "" "" 0.0028838554562738193 0.012213464 0.00570767 0.017921135 277.55015392084 -4.83783602205 908.694885 0.705 -2.648000000000001 -0.11713956117630009 -0.05397677230834974 0.21117248 0.20517248 "" "" 0.5555332151653597 "" 0.11673642169638049 "" 1.0
277.06717429885 -5.14483550452 0.0573 0.0551 19.9433 "" "" 4257140664367693568 844.643555 1.156 0.0634 1.058 -2.526 0.076 0.062 1.009 4938.9 4.2335 16.782528 2.450341 18.113632 15.663291 "" "" 811.774597 885.603455 3646.99944 4.8251 776.18 10.891 4303.7 14.315 "" "" 0.003107284939563463 0.0154879475 0.0052274102 0.020715358 277.06717429885 -5.14483550452 844.643555 1.0580000000000003 -2.5259999999999994 0.2358604388237 0.06802322769165059 0.22017246 0.20617247 "" "" 0.9827808155751925 "" 0.21535588767734926 "" 1.0
277.57188159786 -4.83692377716 0.0666 0.0702 15.4779 "" "" 4257249138038057984 758.573853 1.2885 0.0812 0.801 -2.485 0.079 0.076 1.035 6013.9 4.3515 16.958593 2.670679 18.446804 15.776125 "" "" 711.259094 814.112122 3101.05697 3.0041 571.08 6.3247 3878.9 7.4387 "" "" 0.00294924586866838 0.012343978 0.0043149847 0.016658962 277.57188159786 -4.83692377716 758.573853 0.8009999999999996 -2.485 -0.021139561176300004 0.10902322769165051 0.22317249 0.22017246 "" "" 0.3993094718703394 "" 0.08796064245515567 "" 1.0
277.49082051854 -4.73502162257 0.0658 0.0689 16.8918 "" "" 4257253737936201984 836.144836 1.1783 0.0832 0.733 -2.6 0.081 0.072 1.049 5286.5 4.5027 16.961155 2.257096 18.124327 15.86723 "" "" 787.960327 899.681641 3093.74952 3.0559 768.57 12.948 3566.7 26.453 "" "" 0.002956678028952596 0.01850284 0.008895339 0.02739818 277.49082051854 -4.73502162257 836.144836 0.7330000000000003 -2.5999999999999988 -0.08913956117630006 -0.005976772308349698 0.22517247 0.21617247 "" "" 0.35408242866060663 "" 0.0797156382510107 "" 0.9
