Clusters/NGC_957/NGC_957_stars_in_region.tsv
# %ECSV 1.0
# ---
# datatype:
# - name: RA_ICRS_1
#   unit: deg
#   datatype: float64
#   format: '{:15.11f}'
#   description: Right ascension (ICRS) at Ep=2016.0 (ra)
#   meta: !!omap
#   - {ucd: POS_EQ_RA_MAIN}
#   - {width: 15}
#   - {precision: '11'}
# - name: DE_ICRS_1
#   unit: deg
#   datatype: float64
#   format: '{:15.11f}'
#   description: Declination (ICRS) at Ep=2016.0 (dec)
#   meta: !!omap
#   - {ucd: POS_EQ_DEC_MAIN}
#   - {width: 15}
#   - {precision: '11'}
# - name: e_RA_ICRS
#   unit: mas
#   datatype: float64
#   format: '{:7.4f}'
#   description: Standard error of right ascension (ra_error)
#   meta: !!omap
#   - {ucd: ERROR}
#   - {width: 7}
#   - {precision: '4'}
# - name: e_DE_ICRS
#   unit: mas
#   datatype: float64
#   format: '{:7.4f}'
#   description: Standard error of declination (dec_error)
#   meta: !!omap
#   - {ucd: ERROR}
#   - {width: 7}
#   - {precision: '4'}
# - name: _r_1
#   unit: ''
#   datatype: float64
#   format: '{:7.4f}'
#   description: Distance from center (038.35981565000+57.55229855000)[ICRS], at Epoch=J2016.0
#   meta: !!omap
#   - {ucd: POS_ANG_DIST_GENERAL}
#   - {width: 7}
#   - {precision: '4'}
# - name: HIP
#   datatype: int32
#   description: '? HIP cross-id number, van Leeuwen, Cat. I/311 (hip_original_ext_source_id)'
#   meta: !!omap
#   - {ucd: ID_NUMBER}
#   - {width: 6}
#   - values: {'null': -2147483648}
# - name: TYC2
#   datatype: string
#   description: Tycho-2 cross-id name, Hog et al., Cat. I/259 (tyc2_original_ext_source_id)
#   meta: !!omap
#   - {ucd: ID_CROSSID}
#   - {_votable_string_dtype: char}
# - name: Source
#   datatype: int64
#   description: Source identifier, identical to the Gaia-EDR3 source_id (id)
#   meta: !!omap
#   - {ucd: ID_MAIN}
#   - {width: 19}
# - name: rgeo
#   unit: pc
#   datatype: float64
#   format: '{:15.8f}'
#   description: '? Median of the geometric distance posterior (r_med_geo)'
#   meta: !!omap
#   - {ucd: PHYS_DISTANCE_TRUE}
#   - {width: 15}
#   - {precision: '8'}
#   - values: {'null': .nan}
# - name: Plx
#   unit: mas
#   datatype: float64
#   format: '{:9.4f}'
#   description: '? Parallax (parallax)'
#   meta: !!omap
#   - {ucd: POS_PARLX_TRIG}
#   - {width: 9}
#   - {precision: '4'}
#   - values: {'null': .nan}
# - name: e_Plx
#   unit: mas
#   datatype: float32
#   format: '{:7.4f}'
#   description: '? Standard error of parallax (parallax_error)'
#   meta: !!omap
#   - {ucd: ERROR}
#   - {width: 7}
#   - {precision: '4'}
#   - values: {'null': .nan}
# - name: pmRA
#   unit: mas / yr
#   datatype: float64
#   format: '{:9.3f}'
#   description: '? Proper motion in right ascension direction, pmRA*cosDE (pmra)'
#   meta: !!omap
#   - {ucd: POS_EQ_PMRA}
#   - {width: 9}
#   - {precision: '3'}
#   - values: {'null': .nan}
# - name: pmDE
#   unit: mas / yr
#   datatype: float64
#   format: '{:9.3f}'
#   description: '? Proper motion in declination direction (pmdec)'
#   meta: !!omap
#   - {ucd: POS_EQ_PMDEC}
#   - {width: 9}
#   - {precision: '3'}
#   - values: {'null': .nan}
# - name: e_pmRA
#   unit: mas / yr
#   datatype: float32
#   format: '{:6.3f}'
#   description: '? Standard error of proper motion in right ascension direction (pmra_error)'
#   meta: !!omap
#   - {ucd: ERROR}
#   - {width: 6}
#   - {precision: '3'}
#   - values: {'null': .nan}
# - name: e_pmDE
[...]
#         value: !astropy.table.SerializedColumn {name: SkyCoord.dec}
#       distance: !astropy.table.SerializedColumn
#         __class__: astropy.coordinates.distances.Distance
#         unit: !astropy.units.Unit {unit: pc}
#         value: !astropy.table.SerializedColumn {name: SkyCoord.distance}
#       frame: icrs
#       obstime: !astropy.time.Time {format: jyear_str, in_subfmt: '*', jd1: 367701545.0, jd2: 0.0, out_subfmt: '*', precision: 3, scale: tt}
#       pm_dec: !astropy.table.SerializedColumn
#         __class__: astropy.units.quantity.Quantity
#         unit: !astropy.units.Unit {unit: mas / yr}
#         value: !astropy.table.SerializedColumn {name: SkyCoord.pm_dec}
#       pm_ra_cosdec: !astropy.table.SerializedColumn
#         __class__: astropy.units.quantity.Quantity
#         unit: !astropy.units.Unit {unit: mas / yr}
#         value: !astropy.table.SerializedColumn {name: SkyCoord.pm_ra_cosdec}
#       ra: !astropy.table.SerializedColumn
#         __class__: astropy.coordinates.angles.Longitude
#         unit: *id001
#         value: !astropy.table.SerializedColumn {name: SkyCoord.ra}
#         wrap_angle: !astropy.coordinates.Angle
#           unit: *id001
#           value: 360.0
#       representation_type: spherical
# schema: astropy-2.0
RA_ICRS_1 DE_ICRS_1 e_RA_ICRS e_DE_ICRS _r_1 HIP TYC2 Source rgeo Plx e_Plx pmRA pmDE e_pmRA e_pmDE RUWE Teff logg Gmag BP-RP BPmag RPmag RV e_RV b_rgeo B_rgeo FG e_FG FBP e_FBP FRP e_FRP RAVE5 RAVE6 e_Gmag e_BPmag e_RPmag e_BP-RP SkyCoord.ra SkyCoord.dec SkyCoord.distance SkyCoord.pm_ra_cosdec SkyCoord.pm_dec rmRA rmDE e_rmRA e_rmDE rRV e_rRV v_pec v_pec3d e_v_pec e_v_pec3d
[from data line 686]
38.35694713165 57.55167900842 0.0303 0.0326 0.0995 "" "" 458023253850137984 2380.93701 0.4046 0.0508 -0.333 -0.881 0.039 0.042 0.986 9405.7 4.2962 16.298523 1.376882 16.90271 15.525828 "" "" 2128.75366 2700.26099 5695.57434 2.2748 2367.7 8.5833 4884.6 9.4488 "" "" 0.0027892353133187626 0.004824616 0.004323748 0.009148364 38.35694713165 57.55167900842 2380.93701 -0.33299999999999996 -0.8810000000000001 -0.06381034421920778 0.2303448143005371 0.11704098 0.12004098 "" "" 2.697492434698028 "" 0.32323958677918174 ""
38.88592774009 57.45845189599 0.0297 0.0313 17.8686 "" "" 458100769419347456 1857.97278 0.5227 0.0486 0.088 -0.754 0.038 0.039 0.991 7302.0 4.3188 16.301912 1.465729 16.96872 15.502991 "" "" 1687.90515 2084.27734 5677.82742 2.6241 2228.1 9.9403 4988.4 10.581 "" "" 0.0028006397827038923 0.0055899695 0.004425769 0.010015739 38.88592774009 57.45845189599 1857.97278 0.08800000000000008 -0.754 0.3571896557807922 0.3573448143005371 0.116040975 0.11704098 "" "" 4.449650349704487 "" 0.5185723328680067 ""
38.73187597832 57.45769012473 0.0317 0.0352 13.2684 "" "" 458008032486329344 2260.8252 0.4324 0.0547 0.293 -0.548 0.043 0.044 1.026 7425.6 4.2559 16.307001 1.420376 16.946236 15.52586 "" "" 2040.578 2556.78369 5651.27234 2.5035 2274.7 8.209 4884.4 9.9136 "" "" 0.0027969858240520836 0.0048101568 0.0043749106 0.009185067 38.73187597832 57.45769012473 2260.8252 0.29300000000000015 -0.548 0.5621896557807922 0.5633448143005371 0.121040985 0.12204098 "" "" 8.528828035729664 "" 1.0366196616898293 ""
38.29075687785 57.74901583353 0.0282 0.033 12.0095 "" "" 458030022718506240 2314.93481 0.4141 0.0453 -0.338 -1.114 0.039 0.041 1.023 8441.7 4.4511 16.307346 1.373663 16.926998 15.553335 "" "" 2059.5542 2586.30151 5649.48054 2.139 2315.4 9.0071 4762.4 13.632 "" "" 0.0027858169963516964 0.005062004 0.004893094 0.009955098 38.29075687785 57.74901583353 2314.93481 -0.33800000000000013 -1.114 -0.06881034421920779 -0.002655185699462992 0.11704098 0.11904098 "" "" 0.7556034290501635 "" 0.08843882942113865 ""
38.34634928019 57.44916211692 0.0318 0.0348 6.2034 "" "" 458021570223037952 2021.27209 0.4743 0.0514 0.105 1.815 0.043 0.045 1.087 6678.9 4.3473 16.307896 1.51794 17.00457 15.48663 "" "" 1843.15918 2339.40503 5646.6234 2.1851 2155.7 8.1888 5064.1 6.8158 "" "" 0.0027871701463521954 0.004979495 0.0040520513 0.009031546 38.34634928019 57.44916211692 2021.27209 0.10499999999999998 1.815 0.3741896557807922 2.926344814300537 0.121040985 0.12304098 "" "" 28.26509073258059 "" 3.476862353998268 ""
38.38508339031 57.88865719514 0.0269 0.0306 20.1978 "" "" 458173096668002304 2301.04102 0.4076 0.0419 0.887 -4.812 0.035 0.038 1.041 6884.5 4.2871 16.310623 1.707938 17.124561 15.416623 "" "" 2120.15259 2545.93481 5632.45081 2.0764 1930.2 9.4362 5401.4 8.4423 "" "" 0.002784240350910381 0.0059965313 0.0041428846 0.010139416 38.38508339031 57.88865719514 2301.04102 0.887 -4.811999999999999 1.1561896557807922 -3.700655185699463 0.11304098 0.116040975 "" "" 42.28688012362379 "" 4.8958621746430975 ""
38.07986870803 57.92324260497 0.0294 0.0337 23.9947 "" "" 458175639288644992 2312.68506 0.403 0.047 -0.34 -0.559 0.042 0.043 1.063 7394.7 4.3537 16.314701 1.60067 17.061544 15.460875 "" "" 2137.59082 2547.40063 5611.333 2.4249 2045.5 7.5583 5185.7 7.3585 "" "" 0.002794983377224323 0.004886748 0.004081342 0.00896809 38.07986870803 57.92324260497 2312.68506 -0.3400000000000001 -0.5589999999999999 -0.07081034421920779 0.5523448143005371 0.12004098 0.121040985 "" "" 6.104427617074878 "" 0.738787627786302 ""
38.5258229789 57.89979587561 0.028 0.0315 21.5175 "" "" 458126401783536256 2475.41064 0.373 0.0437 0.089 -0.455 0.037 0.039 0.983 4978.9 3.7374 16.31671 1.960301 17.298065 15.337764 "" "" 2233.07715 2735.80493 5600.96434 2.2233 1645.1 7.0401 5808.4 8.7638 "" "" 0.002788823270726546 0.0054197335 0.004119144 0.009538878 38.5258229789 57.89979587561 2475.41064 0.089 -0.4550000000000002 0.3581896557807922 0.656344814300537 0.11504098 0.11704098 "" "" 8.773357254168303 "" 1.0228422954926197 ""
38.06091776013 57.8873779391 0.0279 0.0321 22.2695 "" "" 458081699766569600 1995.99524 0.4897 0.0446 -1.194 -0.04 0.038 0.04 1.023 8209.6 4.2122 16.319157 1.43537 16.965912 15.530541 "" "" 1852.27319 2171.04419 5588.35656 2.9776 2233.8 7.556 4863.4 8.7052 "" "" 0.0028153963422765057 0.004612259 0.00424977 0.00886203 38.06091776013 57.8873779391 1995.99524 -1.194 -0.04000000000000019 -0.9248103442192077 1.071344814300537 0.116040975 0.11804098 "" "" 13.390110442265273 "" 1.5692028780003902 ""
38.43356792766 57.87547294297 0.0275 0.0303 19.534 "" "" 458126122604821632 2085.16479 0.4591 0.0426 0.86 1.779 0.036 0.038 1.034 7474.3 4.2985 16.32167 1.685634 17.124132 15.438498 "" "" 1925.74426 2289.42432 5575.42995 2.0531 1930.9 6.1441 5293.7 8.4221 "" "" 0.002784176577621635 0.004440798 0.004155422 0.00859622 38.43356792766 57.87547294297 2085.16479 0.8600000000000001 1.779 1.1291896557807921 2.890344814300537 0.11404098 0.116040975 "" "" 30.669943838902707 "" 3.5509085891956667 ""
38.81152014431 57.74053741293 0.0287 0.0327 18.3824 "" "" 458108981396965632 1755.8302 0.551 0.0464 0.32 0.315 0.038 0.039 1.089 6768.5 4.2634 16.322575 1.578772 17.058327 15.479554 "" "" 1610.22095 1902.39746 5570.787 1.9614 2051.6 7.3951 5097.3 9.3523 "" "" 0.0027817121063538185 0.0048063765 0.0042722397 0.009078616 38.81152014431 57.74053741293 1755.8302 0.32 0.315 0.5891896557807923 1.426344814300537 0.116040975 0.11704098 "" "" 12.843861977320069 "" 1.501392858178083 ""
38.47371581211 57.52405147045 0.0312 0.0334 4.0407 "" "" 458023597447531392 1716.18079 0.5565 0.0519 -2.544 0.492 0.041 0.044 1.042 6709.3 4.3617 16.323267 1.53783 17.037994 15.500164 "" "" 1569.30994 1865.18164 5567.23643 2.1173 2090.4 7.6571 5001.4 7.1819 "" "" 0.0027860892355493455 0.004858173 0.004088337 0.00894651 38.47371581211 57.52405147045 1716.18079 -2.544 0.4919999999999998 -2.274810344219208 1.603344814300537 0.11904098 0.12204098 "" "" 22.639428206173314 "" 2.7177499198394544 ""
38.24770531529 57.54437012123 0.0304 0.0324 3.6406 "" "" 458025933909747968 2441.22583 0.4011 0.0487 -0.404 -1.072 0.039 0.041 1.023 8396.9 4.4071 16.326605 1.365628 16.919651 15.554023 "" "" 2167.3689 2871.073 5550.14966 2.3512 2331.1 11.753 4759.4 12.803 "" "" 0.002793446263565582 0.0061441627 0.0047764103 0.010920573 38.24770531529 57.54437012123 2441.22583 -0.404 -1.072 -0.1348103442192078 0.039344814300537045 0.11704098 0.11904098 "" "" 1.6250250132898005 "" 0.19045162552862505 ""
37.71197774677 57.37173749154 0.0269 0.0284 23.5468 "" "" 458041636311125248 2240.38135 0.422 0.0419 -1.431 -0.645 0.036 0.036 1.008 6301.6 4.3293 16.327633 1.508512 17.024609 15.516096 "" "" 2073.64819 2462.28882 5544.89766 1.9047 2116.3 8.8824 4928.6 9.3266 "" "" 0.002780446984547149 0.005343326 0.004301749 0.009645075 37.71197774677 57.37173749154 2240.38135 -1.431 -0.6449999999999999 -1.1618103442192078 0.4663448143005371 0.11404098 0.11404098 "" "" 13.294551531888912 "" 1.5161236621300385 ""
38.47974634358 57.74861511052 0.0276 0.0313 12.3923 "" "" 458123068889021440 2023.66223 0.4729 0.0441 0.044 -2.243 0.037 0.039 0.972 7310.0 4.3387 16.327671 1.474758 16.999315 15.524557 "" "" 1825.11267 2232.4021 5544.70526 2.3007 2166.2 6.8796 4890.3 7.9767 "" "" 0.002791907943724683 0.004435644 0.004173736 0.008609381 38.47974634358 57.74861511052 2023.66223 0.04399999999999982 -2.243 0.3131896557807922 -1.1316551856994628 0.11504098 0.11704098 "" "" 11.263054162651208 "" 1.316649012235822 ""
38.99623764916 57.53650750328 0.0315 0.0333 20.5138 "" "" 458102865363361280 2324.27515 0.4144 0.0492 -5.153 3.856 0.041 0.041 1.066 7466.9 4.3499 16.329058 1.637649 17.102396 15.464746 "" "" 2121.83643 2556.39844 5537.62782 2.454 1970.0 7.3789 5167.3 10.104 "" "" 0.002797014296516317 0.004931904 0.0043348516 0.009266756 38.99623764916 57.53650750328 2324.27515 -5.153 3.8560000000000008 -4.883810344219207 4.967344814300537 0.11904098 0.11904098 "" "" 76.74563000083269 "" 9.13587507778111 ""
37.90465399792 57.65517568717 0.0292 0.0324 15.8804 "" "" 458069673858274432 2103.33008 0.4509 0.0479 2.577 1.689 0.04 0.041 1.036 7185.1 4.345 16.331217 1.672741 17.125143 15.452402 "" "" 1922.22095 2320.86572 5526.62215 2.2361 1929.1 7.0399 5226.3 7.1701 "" "" 0.0027901198944894515 0.0048460346 0.004062325 0.008908359 37.90465399792 57.65517568717 2103.33008 2.5770000000000004 1.6890000000000005 2.846189655780792 2.800344814300537 0.11804098 0.11904098 "" "" 39.80769894056858 "" 4.718562426878964 ""
38.55003127783 57.59328883116 0.0299 0.0356 6.5956 "" "" 458024284642241664 2282.18872 0.4193 0.0502 -0.143 -0.939 0.038 0.045 0.995 8624.9 4.4611 16.336103 1.411518 16.973166 15.561647 "" "" 2069.15454 2562.16162 5501.81048 2.3323 2219.0 8.782 4726.1 11.073 "" "" 0.0027934975408016164 0.005123362 0.004555739 0.009679101 38.55003127783 57.59328883116 2282.18872 -0.14300000000000002 -0.9390000000000001 0.12618965578079225 0.17234481430053716 0.116040975 0.12304098 "" "" 2.3106745425346578 "" 0.2787692572593573 ""
38.87267468904 57.65188680691 0.0302 0.0322 17.5366 "" "" 458107675726699264 1820.71729 0.528 0.0502 -0.816 -1.248 0.039 0.039 1.004 7175.3 4.3434 16.337353 1.511375 17.028906 15.51753 "" "" 1700.1012 1965.88232 5495.48011 2.213 2107.9 9.7124 4922.1 11.106 "" "" 0.0027897940438441136 0.0057281447 0.0045039174 0.010232062 38.87267468904 57.65188680691 1820.71729 -0.816 -1.2479999999999998 -0.5468103442192077 -0.1366551856994629 0.11704098 0.11704098 "" "" 4.864219813089924 "" 0.5693130386927311 ""
38.24083031043 57.75584878305 0.0292 0.0342 12.7964 "" "" 458076923762989696 1880.42505 0.5066 0.0476 3.179 2.207 0.04 0.043 1.079 7108.6 4.3376 16.337374 1.575488 17.071428 15.49594 "" "" 1734.802 2041.83765 5495.37158 1.9904 2027.0 7.2588 5020.9 8.909 "" "" 0.002783241661196959 0.004785627 0.004242072 0.009027699 38.24083031043 57.75584878305 1880.42505 3.179 2.2070000000000003 3.448189655780792 3.318344814300537 0.11804098 0.121040985 "" "" 42.654574630888824 "" 5.096916114912315 ""
38.25402135437 57.63212536351 0.03 0.0348 5.8748 "" "" 458028304731630592 2384.06763 0.4049 0.0496 -0.136 -0.93 0.041 0.045 0.987 6732.6 4.1727 16.343878 1.671207 17.129313 15.458105 "" "" 2111.69482 2721.71362 5462.55686 2.781 1921.7 6.7953 5199.0 9.7267 "" "" 0.002810217558958458 0.004746046 0.0042906674 0.009036713 38.25402135437 57.63212536351 2384.06763 -0.13600000000000012 -0.9299999999999999 0.13318965578079223 0.18134481430053706 0.11904098 0.12304098 "" "" 2.542618827187364 "" 0.309320575226731 ""
38.22276561687 57.5136251433 0.0303 0.032 4.9869 "" "" 458025796470820352 2141.47144 0.434 0.0466 -0.312 -1.128 0.039 0.042 1.003 7446.3 4.3471 16.352764 1.323418 16.93161 15.608192 "" "" 1980.16296 2386.29077 5418.0257 2.1342 2305.5 8.1389 4527.7 7.6524 "" "" 0.0027883147448142178 0.0047408855 0.004201319 0.0089422045 38.22276561687 57.5136251433 2141.47144 -0.31199999999999994 -1.128 -0.04281034421920776 -0.016655185699462782 0.11704098 0.12004098 "" "" 0.466277313832901 "" 0.054759482303446315 ""
38.49157351496 57.47476639626 0.0313 0.0344 6.2983 "" "" 458010265869080448 1934.56824 0.5063 0.0543 -5.281 2.982 0.04 0.043 0.962 6883.2 4.3361 16.356594 1.575525 17.087414 15.511888 "" "" 1745.13879 2197.92651 5398.95158 2.1192 1997.3 6.3928 4947.7 8.74 "" "" 0.0027880842125157417 0.0044566398 0.004238181 0.00869482 38.49157351496 57.47476639626 1934.56824 -5.281000000000001 2.9819999999999998 -5.0118103442192075 4.093344814300537 0.11804098 0.121040985 "" "" 59.3380322327427 "" 7.076088127091762 ""
38.09513640979 57.46939050758 0.0288 0.0326 9.8747 "" "" 458019611717961216 2188.13452 0.4364 0.0457 -0.243 -1.139 0.037 0.04 1.029 8182.1 4.3744 16.358019 1.383523 16.978224 15.594701 "" "" 1993.46606 2422.97534 5391.87049 2.0617 2208.7 8.8383 4584.4 8.2587 "" "" 0.002786421208036545 0.0051634447 0.004255513 0.009418958 38.09513640979 57.46939050758 2188.13452 -0.243 -1.139 0.026189655780792243 -0.027655185699462903 0.11504098 0.11804098 "" "" 0.3950410868041999 "" 0.046074506940340536 ""
38.29637665503 57.51844906554 0.0313 0.0341 2.8809 "" "" 458022910252786432 1807.33325 0.5411 0.0511 -3.033 2.647 0.04 0.042 0.975 7112.2 4.369 16.359491 1.464413 17.025122 15.560709 "" "" 1651.98743 1960.31567 5384.55896 2.088 2115.3 7.4144 4730.1 8.3889 "" "" 0.002787301351911471 0.0047188965 0.0042416435 0.0089605395 38.29637665503 57.51844906554 1807.33325 -3.0330000000000004 2.6470000000000002 -2.7638103442192077 3.758344814300537 0.11804098 0.12004098 "" "" 39.965382775181546 "" 4.7695822892608035 ""
38.47282878241 57.78429387779 0.0302 0.0334 14.3844 "" "" 458123481205862400 2146.12476 0.4357 0.0467 -0.686 -1.023 0.042 0.041 1.091 9389.9 4.437 16.360115 1.241925 16.896238 15.654313 "" "" 1977.36438 2357.68481 5381.46982 2.1232 2381.9 6.5031 4339.4 6.9867 "" "" 0.002788420024103178 0.0040708827 0.004164083 0.008234966 38.47282878241 57.78429387779 2146.12476 -0.6860000000000003 -1.0230000000000001 -0.4168103442192078 0.0883448143005372 0.12004098 0.11904098 "" "" 4.334253335404315 "" 0.5201024298896348 ""
38.81980336803 57.81793111553 0.0301 0.0337 21.7184 "" "" 458127054619059712 1772.03516 0.5438 0.0484 0.152 0.334 0.039 0.041 1.112 7711.3 4.3798 16.360144 1.546057 17.054924 15.508867 "" "" 1627.16846 1943.21008 5381.32554 2.3597 2058.0 10.695 4961.5 9.0618 "" "" 0.002796149845733677 0.006294531 0.004268029 0.01056256 38.81980336803 57.81793111553 1772.03516 0.152 0.3340000000000001 0.42118965578079226 1.4453448143005372 0.11704098 0.11904098 "" "" 12.645065967521935 "" 1.5033168542141762 ""
38.20954392554 57.70146508892 0.0302 0.0339 10.169 "" "" 458029537381304448 1904.5144 0.5045 0.049 -0.176 -0.922 0.043 0.043 1.015 8912.2 4.3664 16.36023 1.419721 16.99911 15.579389 "" "" 1745.16492 2102.76685 5380.89859 1.9897 2166.6 7.2378 4649.5 9.9646 "" "" 0.00278441565494457 0.004576074 0.0044382648 0.009014338 38.20954392554 57.70146508892 1904.5144 -0.17599999999999993 -0.922 0.09318965578079225 0.18934481430053707 0.121040985 0.121040985 "" "" 1.9050969785934846 "" 0.23059481478702304 ""
38.51868188401 57.87360942712 0.0287 0.032 19.9397 "" "" 458125611509575552 1855.4989 0.5176 0.0446 2.434 -0.664 0.038 0.04 1.083 5052.8 4.264 16.361273 1.718039 17.184036 15.465997 "" "" 1724.93604 2082.60132 5375.73625 1.9902 1827.3 6.2915 5161.3 7.2214 "" "" 0.002784485846456373 0.004664717 0.004073254 0.00873797 38.51868188401 57.87360942712 1855.4989 2.434 -0.6640000000000001 2.7031896557807924 0.4473448143005371 0.116040975 0.11804098 "" "" 24.098079000826655 "" 2.797660079148508 ""
38.62102400388 57.72329500307 0.0301 0.0337 13.2529 "" "" 458119186238589312 2280.7146 0.4107 0.0476 -0.23 -1.202 0.041 0.041 1.094 8843.0 4.2344 16.366072 1.330316 16.95274 15.622424 "" "" 2050.14478 2497.73022 5352.02027 2.1551 2261.1 8.1675 4468.8 9.0439 "" "" 0.0027897899285309964 0.004813122 0.00437171 0.009184832 38.62102400388 57.72329500307 2280.7146 -0.22999999999999998 -1.202 0.039189655780792226 -0.09065518569946285 0.11904098 0.11904098 "" "" 1.0676893978738538 "" 0.12709879325690634 ""
38.63397162083 57.31364871802 0.0307 0.0351 16.8355 "" "" 458005421146252160 2327.67627 0.4081 0.055 -0.325 -1.14 0.043 0.046 1.062 8491.0 4.3319 16.366245 1.401267 16.995472 15.594205 "" "" 2033.17578 2856.99561 5351.16492 2.2452 2173.8 7.6223 4586.4 7.7776 "" "" 0.0027927245430031788 0.004720045 0.0042040097 0.008924054 38.63397162083 57.31364871802 2327.67627 -0.32500000000000007 -1.14 -0.055810344219207775 -0.028655185699462793 0.121040985 0.124040976 "" "" 0.6921874668975907 "" 0.08422049548266924 ""
