Clusters/NGC_957/NGC_957_members.tsv
# %ECSV 1.0
# ---
# datatype:
# - name: RA_ICRS_1
#   unit: deg
#   datatype: float64
#   format: '{:15.11f}'
#   description: Right ascension (ICRS) at Ep=2016.0 (ra)
#   meta: !!omap
#   - {ucd: POS_EQ_RA_MAIN}
#   - {width: 15}
#   - {precision: '11'}
# - name: DE_ICRS_1
#   unit: deg
#   datatype: float64
#   format: '{:15.11f}'
#   description: Declination (ICRS) at Ep=2016.0 (dec)
#   meta: !!omap
#   - {ucd: POS_EQ_DEC_MAIN}
#   - {width: 15}
#   - {precision: '11'}
# - name: e_RA_ICRS
#   unit: mas
#   datatype: float64
#   format: '{:7.4f}'
#   description: Standard error of right ascension (ra_error)
#   meta: !!omap
#   - {ucd: ERROR}
#   - {width: 7}
#   - {precision: '4'}
# - name: e_DE_ICRS
#   unit: mas
#   datatype: float64
#   format: '{:7.4f}'
#   description: Standard error of declination (dec_error)
#   meta: !!omap
#   - {ucd: ERROR}
#   - {width: 7}
#   - {precision: '4'}
# - name: _r_1
#   unit: ''
#   datatype: float64
#   format: '{:7.4f}'
#   description: Distance from center (038.35981565000+57.55229855000)[ICRS], at Epoch=J2016.0
#   meta: !!omap
#   - {ucd: POS_ANG_DIST_GENERAL}
#   - {width: 7}
#   - {precision: '4'}
# - name: HIP
#   datatype: int32
#   description: '? HIP cross-id number, van Leeuwen, Cat. I/311 (hip_original_ext_source_id)'
#   meta: !!omap
#   - {ucd: ID_NUMBER}
#   - {width: 6}
#   - values: {'null': -2147483648}
# - name: TYC2
#   datatype: string
#   description: Tycho-2 cross-id name, Hog et al., Cat. I/259 (tyc2_original_ext_source_id)
#   meta: !!omap
#   - {ucd: ID_CROSSID}
#   - {_votable_string_dtype: char}
# - name: Source
#   datatype: int64
#   description: Source identifier, identical to the Gaia-EDR3 source_id (id)
#   meta: !!omap
#   - {ucd: ID_MAIN}
#   - {width: 19}
# - name: rgeo
#   unit: pc
#   datatype: float64
#   format: '{:15.8f}'
#   description: '? Median of the geometric distance posterior (r_med_geo)'
#   meta: !!omap
#   - {ucd: PHYS_DISTANCE_TRUE}
#   - {width: 15}
#   - {precision: '8'}
#   - values: {'null': .nan}
# - name: Plx
#   unit: mas
#   datatype: float64
#   format: '{:9.4f}'
#   description: '? Parallax (parallax)'
#   meta: !!omap
#   - {ucd: POS_PARLX_TRIG}
#   - {width: 9}
#   - {precision: '4'}
#   - values: {'null': .nan}
# - name: e_Plx
#   unit: mas
#   datatype: float32
#   format: '{:7.4f}'
#   description: '? Standard error of parallax (parallax_error)'
#   meta: !!omap
#   - {ucd: ERROR}
#   - {width: 7}
#   - {precision: '4'}
#   - values: {'null': .nan}
# - name: pmRA
#   unit: mas / yr
#   datatype: float64
#   format: '{:9.3f}'
#   description: '? Proper motion in right ascension direction, pmRA*cosDE (pmra)'
#   meta: !!omap
#   - {ucd: POS_EQ_PMRA}
#   - {width: 9}
#   - {precision: '3'}
#   - values: {'null': .nan}
# - name: pmDE
#   unit: mas / yr
#   datatype: float64
#   format: '{:9.3f}'
#   description: '? Proper motion in declination direction (pmdec)'
#   meta: !!omap
#   - {ucd: POS_EQ_PMDEC}
#   - {width: 9}
#   - {precision: '3'}
#   - values: {'null': .nan}
# - name: e_pmRA
#   unit: mas / yr
#   datatype: float32
#   format: '{:6.3f}'
#   description: '? Standard error of proper motion in right ascension direction (pmra_error)'
#   meta: !!omap
#   - {ucd: ERROR}
#   - {width: 6}
#   - {precision: '3'}
#   - values: {'null': .nan}
# - name: e_pmDE
[...]
#       distance: !astropy.table.SerializedColumn
#         __class__: astropy.coordinates.distances.Distance
#         unit: !astropy.units.Unit {unit: pc}
#         value: !astropy.table.SerializedColumn {name: SkyCoord.distance}
#       frame: icrs
#       obstime: !astropy.time.Time {format: jyear_str, in_subfmt: '*', jd1: 367701545.0, jd2: 0.0, out_subfmt: '*', precision: 3, scale: tt}
#       pm_dec: !astropy.table.SerializedColumn
#         __class__: astropy.units.quantity.Quantity
#         unit: !astropy.units.Unit {unit: mas / yr}
#         value: !astropy.table.SerializedColumn {name: SkyCoord.pm_dec}
#       pm_ra_cosdec: !astropy.table.SerializedColumn
#         __class__: astropy.units.quantity.Quantity
#         unit: !astropy.units.Unit {unit: mas / yr}
#         value: !astropy.table.SerializedColumn {name: SkyCoord.pm_ra_cosdec}
#       ra: !astropy.table.SerializedColumn
#         __class__: astropy.coordinates.angles.Longitude
#         unit: *id001
#         value: !astropy.table.SerializedColumn {name: SkyCoord.ra}
#         wrap_angle: !astropy.coordinates.Angle
#           unit: *id001
#           value: 360.0
#       representation_type: spherical
# schema: astropy-2.0
RA_ICRS_1 DE_ICRS_1 e_RA_ICRS e_DE_ICRS _r_1 HIP TYC2 Source rgeo Plx e_Plx pmRA pmDE e_pmRA e_pmDE RUWE Teff logg Gmag BP-RP BPmag RPmag RV e_RV b_rgeo B_rgeo FG e_FG FBP e_FBP FRP e_FRP RAVE5 RAVE6 e_Gmag e_BPmag e_RPmag e_BP-RP SkyCoord.ra SkyCoord.dec SkyCoord.distance SkyCoord.pm_ra_cosdec SkyCoord.pm_dec rmRA rmDE e_rmRA e_rmDE rRV e_rRV v_pec v_pec3d e_v_pec e_v_pec3d Pmemb
[from data line 31]
38.42010553684 57.54278127679 0.0163 0.017 2.0233 "" "" 458023941044905856 1969.25378 0.4669 0.0269 -0.372 -1.205 0.021 0.022 1.086 "" "" 14.884265 1.007959 15.296946 14.288986 "" "" 1890.46033 2104.84155 20952.74546 3.9431 10391.0 11.232 15260.0 8.6779 "" "" 0.002762885817251827 0.0030269474 0.0038294832 0.0068564303 38.42010553684 57.54278127679 1969.25378 -0.37199999999999983 -1.205 -0.10281034421920776 -0.09365518569946296 0.09904098 0.10004098 "" "" 1.2981426498973399 "" 0.12915964503679783 "" 0.8
38.28045086349 57.56163436869 0.0156 0.0166 2.6153 "" "" 458026346226871552 2106.39355 0.4398 0.0248 -0.193 -1.111 0.02 0.022 0.988 9723.4 3.9337 14.914497 1.023871 15.323856 14.299985 "" "" 1988.97778 2219.48145 20377.35556 4.317 10136.0 13.544 15107.0 31.351 "" "" 0.0027649044970454975 0.0031448116 0.0044000666 0.007544878 38.28045086349 57.56163436869 2106.39355 -0.193 -1.111 0.07618965578079223 0.0003448143005371218 0.09804098 0.10004098 "" "" 0.7607085841007435 "" 0.07458064890253926 "" 0.9
37.97374359308 57.60881844045 0.0154 0.0164 12.8734 "" "" 458068574346668800 2066.92749 0.4527 0.0243 -0.325 -1.11 0.02 0.02 0.996 "" "" 14.936206 0.998385 15.344014 14.34563 "" "" 1957.49719 2162.34985 19973.96619 3.9722 9949.7 14.43 14485.0 10.542 "" "" 0.002763767440080875 0.0032038307 0.0038611034 0.007064934 37.97374359308 57.60881844045 2066.92749 -0.3250000000000002 -1.11 -0.055810344219207775 0.0013448143005370117 0.09804098 0.09804098 "" "" 0.5469458463672261 "" 0.05362310846983803 "" 0.9
38.47771772321 57.46854422176 0.0155 0.0168 6.3002 "" "" 458010265869085952 2298.63086 0.4067 0.0263 -0.319 -1.128 0.021 0.022 1.025 8500.7 3.4191 14.938556 1.160431 15.428244 14.267813 "" "" 2163.87573 2453.3562 19930.79515 4.0249 9207.0 14.407 15561.0 12.674 "" "" 0.0027640302681496095 0.003266721 0.0038814582 0.007148179 38.47771772321 57.46854422176 2298.63086 -0.31900000000000006 -1.1280000000000001 -0.04981034421920777 -0.016655185699462782 0.09904098 0.10004098 "" "" 0.5722441491700032 "" 0.05673342682692009 "" 0.8
38.28397369348 57.58452472246 0.0167 0.0169 3.1136 "" "" 458026449305788032 2244.82227 0.413 0.0256 -0.286 -1.158 0.022 0.022 1.009 10031.0 4.1134 14.94404 0.96653 15.336224 14.369694 "" "" 2137.72754 2409.2915 19830.35886 4.1024 10021.0 11.082 14167.0 10.931 "" "" 0.0027644601045877623 0.0030375498 0.0038711142 0.006908664 38.28397369348 57.58452472246 2244.82227 -0.2859999999999999 -1.158 -0.01681034421920774 -0.04665518569946281 0.10004098 0.10004098 "" "" 0.5276738000389046 "" 0.05278900390915411 "" 0.9
38.06605753267 57.67009117129 0.0156 0.0174 11.7936 "" "" 458074965257964288 2115.49414 0.4419 0.0255 -0.207 -0.948 0.021 0.022 1.053 "" "" 14.957175 1.000614 15.364848 14.364234 "" "" 2003.84424 2223.02637 19591.90207 4.0544 9760.6 12.899 14239.0 11.492 "" "" 0.0027644660967378943 0.0031374858 0.0038796372 0.007017123 38.06605753267 57.67009117129 2115.49414 -0.20700000000000002 -0.948 0.06218965578079225 0.16334481430053716 0.09904098 0.10004098 "" "" 1.7526259911503284 "" 0.17511350580485602 "" 0.8
38.0583399284 57.70745879171 0.0165 0.0176 13.4334 "" "" 458075824251399680 2060.1084 0.4562 0.0265 -0.192 -1.113 0.023 0.022 1.029 9259.8 4.0727 15.006244 1.023581 15.425643 14.402062 "" "" 1941.67737 2167.04297 18726.1831 3.9992 9229.1 12.819 13751.0 14.974 "" "" 0.002765059492767947 0.0031716395 0.003959995 0.0071316347 38.0583399284 57.70745879171 2060.1084 -0.19200000000000006 -1.113 0.07718965578079223 -0.00165518569946288 0.10104098 0.10004098 "" "" 0.7539236059770503 "" 0.0761768364956459 "" 0.9
37.84173722969 57.43877546703 0.0157 0.0165 18.0392 "" "" 458065447610552448 2160.74854 0.4301 0.0243 -0.216 -1.24 0.021 0.021 1.019 9668.1 4.0998 15.008875 0.95614 15.394362 14.438223 "" "" 2053.63574 2262.93213 18680.84984 3.9165 9498.9 9.5763 13301.0 10.497 "" "" 0.002764706846436921 0.002997192 0.003875296 0.006872488 37.84173722969 57.43877546703 2160.74854 -0.21600000000000003 -1.24 0.05318965578079224 -0.12865518569946288 0.09904098 0.09904098 "" "" 1.425850460791172 "" 0.1412176236292153 "" 0.8
38.49326808034 57.63717600234 0.0159 0.019 6.6594 "" "" 458025384153849216 2151.22461 0.4313 0.0269 -0.23 -1.169 0.021 0.024 1.047 7989.9 3.969 15.020897 0.988639 15.421476 14.432837 "" "" 2038.87842 2290.20898 18475.15406 4.1453 9264.6 15.532 13367.0 10.609 "" "" 0.002766068407606569 0.003331406 0.003876375 0.007207781 38.49326808034 57.63717600234 2151.22461 -0.22999999999999998 -1.169 0.039189655780792226 -0.05765518569946293 0.09904098 0.10204098 "" "" 0.7108532938017348 "" 0.07186907738006319 "" 0.9
38.39677648139 57.66089901305 0.0177 0.0194 6.6235 "" "" 458025590312275584 2352.98804 0.3959 0.0263 -0.245 -1.058 0.023 0.025 0.992 9534.6 4.0178 15.065804 0.994062 15.471324 14.477262 "" "" 2219.6377 2503.17017 17726.59899 3.9326 8848.9 13.134 12831.0 9.2581 "" "" 0.0027658283882356456 0.0032221111 0.0038597214 0.0070818327 38.39677648139 57.66089901305 2352.98804 -0.245 -1.058 0.02418965578079224 0.05334481430053706 0.10104098 0.10304098 "" "" 0.6532754084916507 "" 0.06709309931049183 "" 0.8
38.70205798897 57.50914249663 0.0187 0.0203 11.3239 "" "" 458104995667161088 2222.57349 0.4219 0.0317 -0.37 -1.094 0.023 0.025 0.99 9409.4 4.1685 15.22252 1.232237 15.75216 14.519923 "" "" 2093.54175 2390.88208 15344.01153 3.7758 6832.1 12.745 12336.0 11.027 "" "" 0.0027682433795474053 0.003447793 0.0039020057 0.0073497985 38.70205798897 57.50914249663 2222.57349 -0.37 -1.094 -0.10081034421920776 0.017344814300537026 0.10104098 0.10304098 "" "" 1.0776416641678357 "" 0.10894853437451185 "" 0.8
38.26799365619 57.472253824 0.0185 0.0213 5.6411 "" "" 458022532295700992 2215.41382 0.4263 0.031 -0.284 -1.15 0.025 0.027 1.083 9496.6 4.1522 15.237262 0.971699 15.632811 14.661112 "" "" 2075.72534 2392.99243 15137.07241 3.6199 7625.9 9.203 10832.0 8.4419 "" "" 0.0027675268072216807 0.0030825103 0.0038729478 0.006955458 38.26799365619 57.472253824 2215.41382 -0.2839999999999998 -1.15 -0.014810344219207738 -0.0386551856994628 0.10304098 0.10504098 "" "" 0.43469444112156996 "" 0.04555037045752031 "" 1.0
38.7623375113 57.76694984873 0.0179 0.0199 18.2424 "" "" 458121007305136896 2116.60327 0.4347 0.0276 -0.065 -1.177 0.024 0.024 1.051 9269.8 3.8817 15.307933 1.03355 15.732757 14.699206 "" "" 2008.72583 2253.61963 14183.17348 3.1754 6955.3 7.4149 10459.0 9.5508 "" "" 0.0027660219302523196 0.0030207299 0.003907264 0.006927994 38.7623375113 57.76694984873 2116.60327 -0.06500000000000006 -1.1770000000000003 0.20418965578079223 -0.06565518569946294 0.10204098 0.10204098 "" "" 2.1518683166039905 "" 0.21957874386504148 "" 0.8
38.16739662528 57.57694111592 0.0182 0.02 6.3663 "" "" 458026999061619200 2150.06396 0.4403 0.0305 -0.253 -1.038 0.024 0.026 0.993 9503.2 4.153 15.322712 1.041066 15.753361 14.712295 "" "" 2004.02954 2293.84961 13991.4298 3.1211 6824.5 9.0194 10333.0 9.1905 "" "" 0.0027659445204032897 0.003137527 0.0039008053 0.0070383325 38.16739662528 57.57694111592 2150.06396 -0.25299999999999995 -1.0379999999999998 0.016189655780792234 0.07334481430053708 0.10204098 0.10404098 "" "" 0.7654724879726342 "" 0.07957003329622728 "" 0.8
38.33999943721 57.54470024802 0.0196 0.0213 0.7841 "" "" 458023219490406656 2437.88232 0.3758 0.0334 -0.277 -1.029 0.025 0.027 1.025 9255.0 4.1923 15.35202 1.067523 15.794138 14.726615 "" "" 2285.95947 2610.80713 13618.79768 3.2759 6573.0 9.7208 10198.0 9.8598 "" "" 0.002767669946252904 0.003219208 0.003922456 0.0071416637 38.33999943721 57.54470024802 2437.88232 -0.27699999999999986 -1.0289999999999997 -0.007810344219207788 0.0823448143005372 0.10304098 0.10504098 "" "" 0.9558112506894444 "" 0.10038246919188257 "" 0.8
38.23924453855 57.48881207055 0.0223 0.0252 5.4407 "" "" 458022738454120576 2463.00562 0.3754 0.036 -0.282 -1.07 0.029 0.032 1.228 7697.1 4.3138 15.395301 1.28959 15.95591 14.66632 "" "" 2283.75073 2687.68262 13086.59277 3.3268 5663.1 8.7784 10780.0 9.0016 "" "" 0.0027691101071166293 0.0032584588 0.0038866035 0.007145062 38.23924453855 57.48881207055 2463.00562 -0.2819999999999999 -1.0699999999999998 -0.012810344219207737 0.04134481430053705 0.10704098 0.11004098 "" "" 0.5053245868522246 "" 0.05547527872377306 "" 0.8
38.36493131346 57.53644420363 0.0205 0.022 0.9654 "" "" 458023150770934016 1992.2738 0.4803 0.0357 -0.265 -1.126 0.026 0.029 1.098 9517.2 4.1503 15.399504 1.170268 15.893419 14.723151 "" "" 1866.08179 2139.03027 13036.03005 3.432 5998.6 10.254 10231.0 12.853 "" "" 0.0027701074198156843 0.0033510628 0.0040179836 0.007369046 38.36493131346 57.53644420363 1992.2738 -0.26500000000000007 -1.126 0.004189655780792223 -0.01465518569946278 0.10404098 0.10704098 "" "" 0.14393878961840467 "" 0.015375147181313092 "" 0.8
38.65944769419 57.50460585757 0.0205 0.0216 10.0672 "" "" 458011331021205888 2237.1499 0.4218 0.034 -0.284 -1.095 0.027 0.028 0.991 9545.5 4.1182 15.417648 1.063511 15.855134 14.791623 "" "" 2064.39233 2449.35669 12819.98314 3.2289 6213.9 11.251 9605.3 10.772 "" "" 0.0027688569774037826 0.0034131552 0.003970681 0.0073838364 38.65944769419 57.50460585757 2237.1499 -0.284 -1.0949999999999998 -0.014810344219207738 0.016344814300537136 0.10504098 0.106040984 "" "" 0.23389154050216565 "" 0.02469690929471063 "" 1.0
38.3456320698 57.44704828971 0.019 0.0204 6.3315 "" "" 458021570223039616 1904.56409 0.4978 0.0305 -0.179 -1.122 0.026 0.027 0.964 9292.5 4.138 15.43317 1.028664 15.857434 14.828771 "" "" 1800.81348 2031.99316 12638.0045 2.9569 6200.7 11.18 9282.2 10.211 "" "" 0.002767005579859778 0.0034084118 0.0039636176 0.007372029 38.3456320698 57.44704828971 1904.56409 -0.179 -1.1219999999999999 0.09018965578079224 -0.010655185699462999 0.10404098 0.10504098 "" "" 0.819861598855621 "" 0.0853105437160929 "" 0.8
38.39466238083 57.62244688514 0.0192 0.0226 4.3555 "" "" 458025487233078784 2293.56665 0.4194 0.0329 -0.212 -1.039 0.026 0.029 1.007 8669.6 4.1701 15.463304 1.065641 15.906373 14.840732 "" "" 2115.26099 2477.30713 12292.06399 3.2652 5927.4 9.8275 9180.5 11.419 "" "" 0.002770373499381007 0.0033204677 0.004013416 0.0073338836 38.39466238083 57.62244688514 2293.56665 -0.21200000000000002 -1.0389999999999997 0.05718965578079224 0.07234481430053719 0.10404098 0.10704098 "" "" 1.0025644102437876 "" 0.10616885321117366 "" 0.9
38.41397328071 57.43597942691 0.0194 0.0214 7.1943 "" "" 458009784833003136 2128.00073 0.44 0.0322 -0.337 -1.151 0.026 0.027 0.973 9705.6 4.2272 15.484371 1.150948 15.966365 14.815417 "" "" 1998.80725 2264.74585 12055.8665 2.8742 5608.8 15.803 9397.0 12.382 "" "" 0.0027674520931611607 0.0041404287 0.004041091 0.00818152 38.41397328071 57.43597942691 2128.00073 -0.337 -1.151 -0.06781034421920779 -0.039655185699462914 0.10404098 0.10504098 "" "" 0.7923554036034652 "" 0.08264007510101179 "" 0.8
38.73176211376 57.47452708045 0.0201 0.0216 12.8626 "" "" 458008066846064640 2294.06836 0.4096 0.034 -0.126 -1.02 0.026 0.028 1.039 9392.0 4.1172 15.516105 1.068312 15.957841 14.889529 "" "" 2121.92139 2501.66016 11708.59353 2.9469 5653.0 10.794 8777.0 8.4789 "" "" 0.002768837932135607 0.0034760523 0.003922223 0.0073982757 38.73176211376 57.47452708045 2294.06836 -0.12600000000000006 -1.0200000000000005 0.14318965578079224 0.09134481430053709 0.10404098 0.106040984 "" "" 1.8468693456473841 "" 0.19322575064614647 "" 0.8
38.46287465415 57.43258006594 0.0209 0.0245 7.9145 "" "" 458009922271731968 2475.27856 0.3765 0.0353 -0.318 -1.084 0.028 0.031 1.058 9263.1 4.1671 15.57066 1.152845 16.061226 14.90838 "" "" 2274.68042 2704.16016 11134.80887 3.0964 5139.6 10.996 8625.9 8.8263 "" "" 0.0027718131079083035 0.0036305499 0.0039392845 0.0075698346 38.46287465415 57.43258006594 2475.27856 -0.31800000000000006 -1.0839999999999999 -0.04881034421920777 0.027344814300537035 0.106040984 0.109040976 "" "" 0.6564288690046879 "" 0.07008381544552834 "" 0.8
38.2033129701 57.62376641371 0.0212 0.0226 6.6121 "" "" 458027548817395584 2063.92578 0.465 0.0344 -0.169 -1.045 0.03 0.03 1.052 9121.3 4.1507 15.57262 1.206575 16.09067 14.884094 "" "" 1912.8241 2203.89819 11114.7192 2.868 5002.1 8.9869 8821.1 8.2365 "" "" 0.0027695267841783043 0.0034044276 0.0039129886 0.0073174164 38.2033129701 57.62376641371 2063.92578 -0.16900000000000004 -1.0449999999999997 0.10018965578079223 0.06634481430053718 0.10804098 0.10804098 "" "" 1.1755741332487029 "" 0.12701018258818564 "" 0.8
38.47123574743 57.72194656007 0.0218 0.0242 10.7896 "" "" 458119735994411904 2173.00439 0.4356 0.0338 -0.327 -1.056 0.029 0.03 1.048 9361.8 4.3047 15.741893 1.094947 16.20285 15.107904 "" "" 2013.99866 2390.55054 9510.19641 2.6583 4511.0 8.9107 7177.9 9.7593 "" "" 0.002771983624224446 0.0035191926 0.0040574498 0.0075766426 38.47123574743 57.72194656007 2173.00439 -0.3270000000000001 -1.056 -0.05781034421920778 0.05534481430053706 0.10704098 0.10804098 "" "" 0.824330507239986 "" 0.0886323143167854 "" 1.0
38.09948555391 57.4281016402 0.0268 0.027 11.225 "" "" 458019199393796096 2266.79932 0.4073 0.0371 -0.325 -1.051 0.039 0.04 1.025 11065.2 4.38 15.75966 1.10385 16.154863 15.051013 "" "" 2101.41187 2441.8418 9355.83944 3.8981 4714.9 15.454 7564.0 31.04 "" "" 0.0027922085669372827 0.0045221094 0.0058425195 0.010364629 38.09948555391 57.4281016402 2266.79932 -0.32500000000000007 -1.051 -0.055810344219207775 0.060344814300537175 0.11704098 0.11804098 "" "" 0.8831726127507871 "" 0.1038443306908363 "" 0.8
38.26949772032 57.57323207823 0.0257 0.0282 3.1664 "" "" 458026346226582400 2265.65967 0.4285 0.0415 -0.389 -1.13 0.034 0.035 1.047 9260.8 4.3576 15.941068 1.217663 16.462862 15.245199 "" "" 2047.20776 2464.10107 7916.24985 2.5709 3550.4 8.9712 6325.3 9.8252 "" "" 0.0027777905911608182 0.0039130016 0.0041385973 0.008051598 38.26949772032 57.57323207823 2265.65967 -0.38899999999999996 -1.13 -0.11981034421920778 -0.018655185699462784 0.11204098 0.11304098 "" "" 1.3021743001755086 "" 0.14592784428509126 "" 0.9
