Clusters/NGC_957/NGC_957_members.tsv
# %ECSV 1.0
# ---
# datatype:
# - name: RA_ICRS_1
#   unit: deg
#   datatype: float64
#   format: '{:15.11f}'
#   description: Right ascension (ICRS) at Ep=2016.0 (ra)
#   meta: !!omap
#   - {ucd: POS_EQ_RA_MAIN}
#   - {width: 15}
#   - {precision: '11'}
# - name: DE_ICRS_1
#   unit: deg
#   datatype: float64
#   format: '{:15.11f}'
#   description: Declination (ICRS) at Ep=2016.0 (dec)
#   meta: !!omap
#   - {ucd: POS_EQ_DEC_MAIN}
#   - {width: 15}
#   - {precision: '11'}
# - name: e_RA_ICRS
#   unit: mas
#   datatype: float64
#   format: '{:7.4f}'
#   description: Standard error of right ascension (ra_error)
#   meta: !!omap
#   - {ucd: ERROR}
#   - {width: 7}
#   - {precision: '4'}
# - name: e_DE_ICRS
#   unit: mas
#   datatype: float64
#   format: '{:7.4f}'
#   description: Standard error of declination (dec_error)
#   meta: !!omap
#   - {ucd: ERROR}
#   - {width: 7}
#   - {precision: '4'}
# - name: _r_1
#   unit: ''
#   datatype: float64
#   format: '{:7.4f}'
#   description: Distance from center (038.35981565000+57.55229855000)[ICRS], at Epoch=J2016.0
#   meta: !!omap
#   - {ucd: POS_ANG_DIST_GENERAL}
#   - {width: 7}
#   - {precision: '4'}
# - name: HIP
#   datatype: int32
#   description: '? HIP cross-id number, van Leeuwen, Cat. I/311 (hip_original_ext_source_id)'
#   meta: !!omap
#   - {ucd: ID_NUMBER}
#   - {width: 6}
#   - values: {'null': -2147483648}
# - name: TYC2
#   datatype: string
#   description: Tycho-2 cross-id name, Hog et al., Cat. I/259 (tyc2_original_ext_source_id)
#   meta: !!omap
#   - {ucd: ID_CROSSID}
#   - {_votable_string_dtype: char}
# - name: Source
#   datatype: int64
#   description: Source identifier, identical to the Gaia-EDR3 source_id (id)
#   meta: !!omap
#   - {ucd: ID_MAIN}
#   - {width: 19}
# - name: rgeo
#   unit: pc
#   datatype: float64
#   format: '{:15.8f}'
#   description: '? Median of the geometric distance posterior (r_med_geo)'
#   meta: !!omap
#   - {ucd: PHYS_DISTANCE_TRUE}
#   - {width: 15}
#   - {precision: '8'}
#   - values: {'null': .nan}
# - name: Plx
#   unit: mas
#   datatype: float64
#   format: '{:9.4f}'
#   description: '? Parallax (parallax)'
#   meta: !!omap
#   - {ucd: POS_PARLX_TRIG}
#   - {width: 9}
#   - {precision: '4'}
#   - values: {'null': .nan}
# - name: e_Plx
#   unit: mas
#   datatype: float32
#   format: '{:7.4f}'
#   description: '? Standard error of parallax (parallax_error)'
#   meta: !!omap
#   - {ucd: ERROR}
#   - {width: 7}
#   - {precision: '4'}
#   - values: {'null': .nan}
# - name: pmRA
#   unit: mas / yr
#   datatype: float64
#   format: '{:9.3f}'
#   description: '? Proper motion in right ascension direction, pmRA*cosDE (pmra)'
#   meta: !!omap
#   - {ucd: POS_EQ_PMRA}
#   - {width: 9}
#   - {precision: '3'}
#   - values: {'null': .nan}
# - name: pmDE
#   unit: mas / yr
#   datatype: float64
#   format: '{:9.3f}'
#   description: '? Proper motion in declination direction (pmdec)'
#   meta: !!omap
#   - {ucd: POS_EQ_PMDEC}
#   - {width: 9}
#   - {precision: '3'}
#   - values: {'null': .nan}
# - name: e_pmRA
#   unit: mas / yr
#   datatype: float32
#   format: '{:6.3f}'
#   description: '? Standard error of proper motion in right ascension direction (pmra_error)'
#   meta: !!omap
#   - {ucd: ERROR}
#   - {width: 6}
#   - {precision: '3'}
#   - values: {'null': .nan}
# - name: e_pmDE
[...]
#       distance: !astropy.table.SerializedColumn
#         __class__: astropy.coordinates.distances.Distance
#         unit: !astropy.units.Unit {unit: pc}
#         value: !astropy.table.SerializedColumn {name: SkyCoord.distance}
#       frame: icrs
#       obstime: !astropy.time.Time {format: jyear_str, in_subfmt: '*', jd1: 367701545.0, jd2: 0.0, out_subfmt: '*', precision: 3, scale: tt}
#       pm_dec: !astropy.table.SerializedColumn
#         __class__: astropy.units.quantity.Quantity
#         unit: !astropy.units.Unit {unit: mas / yr}
#         value: !astropy.table.SerializedColumn {name: SkyCoord.pm_dec}
#       pm_ra_cosdec: !astropy.table.SerializedColumn
#         __class__: astropy.units.quantity.Quantity
#         unit: !astropy.units.Unit {unit: mas / yr}
#         value: !astropy.table.SerializedColumn {name: SkyCoord.pm_ra_cosdec}
#       ra: !astropy.table.SerializedColumn
#         __class__: astropy.coordinates.angles.Longitude
#         unit: *id001
#         value: !astropy.table.SerializedColumn {name: SkyCoord.ra}
#         wrap_angle: !astropy.coordinates.Angle
#           unit: *id001
#           value: 360.0
#       representation_type: spherical
# schema: astropy-2.0
RA_ICRS_1 DE_ICRS_1 e_RA_ICRS e_DE_ICRS _r_1 HIP TYC2 Source rgeo Plx e_Plx pmRA pmDE e_pmRA e_pmDE RUWE Teff logg Gmag BP-RP BPmag RPmag RV e_RV b_rgeo B_rgeo FG e_FG FBP e_FBP FRP e_FRP RAVE5 RAVE6 e_Gmag e_BPmag e_RPmag e_BP-RP SkyCoord.ra SkyCoord.dec SkyCoord.distance SkyCoord.pm_ra_cosdec SkyCoord.pm_dec rmRA rmDE e_rmRA e_rmDE rRV e_rRV v_pec v_pec3d e_v_pec e_v_pec3d Pmemb
38.4775692864 57.68224119328 0.0107 0.012 8.6663 "" 3695-712-1 458119529835993600 2222.5105 0.408 0.0173 -0.36 -1.13 0.014 0.015 0.968 18129.7 3.6201 11.173999 0.806082 11.485493 10.679411 -45.33 16.97 2145.51196 2306.14941 638774.01227 137.52 347710.0 169.37 424030.0 90.339 "" "" 0.002765217221520366 0.0028398496 0.003786454 0.0066263033 38.4775692864 57.68224119328 2222.5105 -0.3599999999999999 -1.13 -0.09081034421920775 -0.018655185699462784 0.09204098 0.09304098 -7.840000000000003 38.659996 0.97663738444975 7.900596216786737 0.08993041319201701 38.36348211010999 0.8
38.29656965297 57.56399114492 0.013 0.0132 2.1532 "" 3695-255-1 458023494368301824 2238.37769 0.3956 0.0197 -0.435 -1.259 0.017 0.017 1.493 16432.7 3.931 11.760397 0.758326 12.050446 11.292121 "" "" 2154.21143 2329.40967 372209.90573 106.25 206650.0 109.95 241160.0 89.673 "" "" 0.0027726966584211347 0.0028493432 0.003800884 0.006650227 38.29656965297 57.56399114492 2238.37769 -0.43500000000000016 -1.259 -0.16581034421920776 -0.1476551856994628 0.09504098 0.09504098 "" "" 2.355665884624739 "" 0.2238847871631082 "" 0.8
37.98591649253 57.40061150827 0.011 0.0125 15.11 "" 3695-1900-1 458017859371362944 2170.28906 0.4207 0.0184 -0.39 -1.169 0.015 0.015 1.311 17578.7 3.8421 11.893614 0.733989 12.173647 11.439658 "" "" 2072.91479 2260.35571 329231.36831 71.51 184480.0 88.118 210520.0 69.134 "" "" 0.0027653937948449742 0.0028379576 0.0037961632 0.006634121 37.98591649253 57.40061150827 2170.28906 -0.39 -1.1690000000000003 -0.12081034421920778 -0.05765518569946293 0.09304098 0.09304098 "" "" 1.377069802467778 "" 0.1281239244989842 "" 0.8
38.27770462095 57.57077259465 0.0104 0.0113 2.8657 "" "" 458026346226583296 2192.30396 0.4306 0.0167 -0.257 -1.068 0.013 0.014 1.266 16033.2 4.1049 12.067085 0.851519 12.403794 11.552276 -29.65 26.41 2116.17773 2281.11279 280616.1315 57.244 149240.0 77.441 189780.0 65.341 "" "" 0.002764207734808381 0.0028464817 0.0037978238 0.006644306 38.27770462095 57.57077259465 2192.30396 -0.25699999999999995 -1.068 0.01218965578079223 0.04334481430053705 0.091040984 0.09204098 7.839999999999996 48.1 0.46789091734174876 7.85394944664981 0.04303101846969042 48.014567847192595 0.9
38.24202600587 57.6452351872 0.007 0.0076 6.7406 "" 3695-1056-1 458029056342896896 2183.8999 0.4378 0.0114 -0.307 -1.246 0.01 0.01 0.898 17216.8 4.1493 12.277777 0.787623 12.584949 11.797325 "" "" 2133.58423 2227.49316 231119.23868 38.374 126310.0 65.603 151440.0 50.064 "" "" 0.0027612111381735784 0.0028465844 0.0037963875 0.006642972 38.24202600587 57.6452351872 2183.8999 -0.307 -1.246 -0.03781034421920776 -0.1346551856994629 0.08804098 0.08804098 "" "" 1.447817141287113 "" 0.12746723667354717 "" 0.9
38.25049951007 57.53086014762 0.0093 0.0096 3.7478 "" "" 458022978972258432 2286.01587 0.4167 0.0146 -0.448 -1.114 0.012 0.012 1.074 "" "" 12.810168 0.96827 13.204842 12.236571 "" "" 2223.44702 2365.33325 141540.13873 24.065 71364.0 44.788 101050.0 47.289 "" "" 0.00276149712737171 0.0028721706 0.0038133832 0.006685554 38.25049951007 57.53086014762 2286.01587 -0.448 -1.1139999999999999 -0.17881034421920777 -0.002655185699462992 0.09004098 0.09004098 "" "" 1.9377515688135045 "" 0.17447705368147645 "" 0.9
38.37686291818 57.58271852354 0.0084 0.0087 1.9058 "" "" 458024765678598528 2202.44019 0.4179 0.0143 -0.29 -1.144 0.011 0.011 0.969 15013.8 4.193 13.087739 0.893184 13.443086 12.549902 "" "" 2138.20605 2272.0 109610.2646 20.607 57304.0 32.783 75718.0 32.944 "" "" 0.0027628707572297075 0.0028584716 0.00380879 0.0066672615 38.37686291818 57.58271852354 2202.44019 -0.2899999999999999 -1.144 -0.020810344219207744 -0.032655185699462796 0.08904098 0.08904098 "" "" 0.40424605630559135 "" 0.03599446491069535 "" 0.9
38.31859744323 57.49288595919 0.0095 0.0098 3.8041 "" "" 458022635374895616 1923.32947 0.4795 0.0154 -0.345 -1.097 0.012 0.013 1.223 14917.9 4.2035 13.108369 0.785552 13.412942 12.62739 "" "" 1870.20508 1990.83008 107547.26035 33.272 58917.0 63.197 70502.0 53.753 "" "" 0.0027757188266742195 0.0030234687 0.0038689766 0.0068924455 38.31859744323 57.49288595919 1923.32947 -0.345 -1.097 -0.07581034421920774 0.014344814300537134 0.09004098 0.091040984 "" "" 0.7033950569239192 "" 0.06335882574443549 "" 1.0
38.31978592736 57.57114563884 0.009 0.0099 1.7142 "" "" 458023528728034176 2183.60522 0.4262 0.0148 -0.27 -1.153 0.012 0.013 1.005 13244.4 4.0799 13.402436 0.830763 13.728371 12.897608 "" "" 2111.98608 2251.51367 82029.9158 16.248 44062.0 30.471 54969.0 24.995 "" "" 0.0027637001587579816 0.0028894304 0.003811491 0.0067009213 38.31978592736 57.57114563884 2183.60522 -0.2700000000000001 -1.153 -0.0008103442192077814 -0.041655185699462915 0.09004098 0.091040984 "" "" 0.4312247735548751 "" 0.03925896538453132 "" 0.9
38.40901842466 57.53765966669 0.01 0.0106 1.8114 "" "" 458023906685172608 2290.63574 0.4049 0.0175 -0.259 -1.067 0.013 0.014 1.078 15005.6 4.0838 13.607064 1.027851 14.027257 12.999406 "" "" 2204.08838 2370.82104 67939.27991 16.924 33459.0 51.123 50049.0 30.953 "" "" 0.0027685626477208145 0.0032460887 0.0038385687 0.0070846574 38.40901842466 57.53765966669 2290.63574 -0.2590000000000001 -1.0670000000000002 0.010189655780792228 0.04434481430053716 0.091040984 0.09204098 "" "" 0.49402637830723684 "" 0.04544602287996859 "" 0.9
38.69562895287 57.6167214477 0.0103 0.011 11.4717 "" "" 458106679294307456 2064.66382 0.4513 0.0165 -0.322 -1.122 0.014 0.014 1.163 13389.5 3.9352 13.621863 0.939425 13.99765 13.058225 "" "" 1981.07117 2128.70142 67019.55359 11.664 34384.0 21.368 47410.0 22.753 "" "" 0.0027617920541726368 0.0028705944 0.0038151327 0.0066857273 38.69562895287 57.6167214477 2064.66382 -0.32199999999999984 -1.1219999999999999 -0.05281034421920777 -0.010655185699462999 0.09204098 0.09204098 "" "" 0.5272434798237601 "" 0.048528005723287866 "" 0.8
38.40641366256 57.57359301793 0.01 0.0117 1.9701 "" "" 458024800038341248 2238.13452 0.4168 0.0174 -0.348 -1.169 0.013 0.015 1.057 11833.0 3.7572 13.683892 0.869888 14.027553 13.157664 "" "" 2156.88599 2310.16479 63297.97475 9.9876 33450.0 22.8 43261.0 17.806 "" "" 0.0027606409160682013 0.0028866462 0.0038057105 0.0066923564 38.40641366256 57.57359301793 2238.13452 -0.34800000000000003 -1.169 -0.07881034421920774 -0.05765518569946293 0.091040984 0.09304098 "" "" 1.035927163529866 "" 0.09503923690873346 "" 0.9
38.38226431362 57.54925440331 0.0103 0.0108 0.7454 "" "" 458024662599409664 2111.29102 0.4405 0.0175 -0.33 -1.171 0.013 0.014 0.965 15597.7 4.239 13.698237 0.868592 14.041069 13.172477 "" "" 2031.67969 2184.7002 62467.13522 39.856 33036.0 68.867 42674.0 84.879 "" "" 0.0028410683848412613 0.0035927305 0.004352854 0.007945584 38.38226431362 57.54925440331 2111.29102 -0.32999999999999996 -1.1710000000000003 -0.06081034421920778 -0.05965518569946293 0.091040984 0.09204098 "" "" 0.8524996429864946 "" 0.07803164353484758 "" 0.8
38.11032201793 57.63817467267 0.0103 0.0113 9.5344 "" "" 458074312422947584 2160.4021 0.4303 0.0169 -0.31 -1.123 0.014 0.014 1.099 12647.6 4.0286 13.79625 0.893307 14.151926 13.258619 "" "" 2085.14404 2232.1272 57075.08808 9.9161 29830.0 21.743 39419.0 15.2 "" "" 0.0027617697158119677 0.002900232 0.0038024997 0.006702732 38.11032201793 57.63817467267 2160.4021 -0.31 -1.123 -0.04081034421920776 -0.011655185699462889 0.09204098 0.09204098 "" "" 0.4346195701703434 "" 0.04000281045813868 "" 0.8
38.31746113216 57.57405801474 0.0113 0.012 1.8874 "" "" 458023528728032256 2105.5708 0.4391 0.0176 -0.152 -1.199 0.015 0.015 1.022 13552.5 4.1563 14.015369 0.872505 14.360061 13.487555 "" "" 2032.89148 2193.46094 46644.34046 31.928 24626.0 50.595 31925.0 72.621 "" "" 0.0028537893423845116 0.0035722542 0.004514805 0.0080870595 38.31746113216 57.57405801474 2105.5708 -0.15200000000000008 -1.1990000000000003 0.11718965578079224 -0.08765518569946296 0.09304098 0.09304098 "" "" 1.4605820463911188 "" 0.13589398554890342 "" 0.8
38.40886372296 57.49120058791 0.0114 0.0118 3.992 "" "" 458022119978814336 1934.72778 0.4837 0.0189 -0.221 -1.021 0.014 0.015 1.047 10300.6 4.1405 14.053632 1.015035 14.468304 13.453269 "" "" 1864.0354 2011.47339 45029.19093 8.0474 22289.0 17.963 32950.0 15.906 "" "" 0.0027621440893801285 0.0029241561 0.0038155508 0.0067397067 38.40886372296 57.49120058791 1934.72778 -0.22099999999999992 -1.021 0.048189655780792234 0.0903448143005372 0.09204098 0.09304098 "" "" 0.9390108019660635 "" 0.08715937171637402 "" 0.9
38.445540148 57.52171551456 0.0119 0.0122 3.315 "" "" 458023631807274880 2133.26831 0.4341 0.0197 -0.211 -1.112 0.016 0.016 1.034 9673.9 3.7186 14.116264 0.928687 14.490246 13.561559 "" "" 2052.24121 2220.97852 42505.10416 8.087 21843.0 21.027 29822.0 21.153 "" "" 0.0027630528831031507 0.0029795035 0.0038570475 0.0068365512 38.445540148 57.52171551456 2133.26831 -0.21099999999999997 -1.112 0.05818965578079224 -0.0006551856994629901 0.09404098 0.09404098 "" "" 0.5884331606587 "" 0.05533683251991726 "" 0.8
38.25533637445 57.47179118066 0.0116 0.0131 5.8882 "" "" 458022532295702912 2116.28149 0.4399 0.0187 -0.294 -1.099 0.015 0.016 0.976 7199.9 3.7272 14.242098 0.903402 14.603825 13.700422 "" "" 2034.61389 2209.32666 37853.65163 7.802 19674.0 17.065 26242.0 13.963 "" "" 0.002764392731404569 0.0029448175 0.0038232799 0.006768097 38.25533637445 57.47179118066 2116.28149 -0.29400000000000004 -1.0990000000000002 -0.024810344219207747 0.012344814300537132 0.09304098 0.09404098 "" "" 0.2779825756639431 "" 0.025919172517687727 "" 0.8
38.65591616002 57.47918495403 0.0125 0.0136 10.5017 "" "" 458011021783565056 2225.23169 0.4193 0.0217 -0.211 -1.175 0.016 0.018 1.002 11046.4 4.0297 14.294161 0.854672 14.630965 13.776294 "" "" 2125.31274 2317.90381 36081.33239 7.0911 19188.0 16.891 24470.0 20.405 "" "" 0.0027635702945267553 0.002949327 0.0038863125 0.0068356395 38.65591616002 57.47918495403 2225.23169 -0.21100000000000008 -1.1749999999999998 0.05818965578079224 -0.06365518569946294 0.09404098 0.09604098 "" "" 0.9096665201421072 "" 0.08654178573652281 "" 0.8
38.30244782218 57.52808637519 0.0131 0.0138 2.3502 "" "" 458023288209900544 2286.12988 0.4096 0.0215 -0.316 -1.068 0.017 0.017 1.059 11706.1 4.4033 14.416152 1.029331 14.838553 13.809222 "" "" 2178.77295 2392.75415 32246.75778 8.9519 15849.0 21.984 23739.0 24.158 "" "" 0.002771756778149569 0.0031706668 0.003937579 0.007108246 38.30244782218 57.52808637519 2286.12988 -0.31599999999999984 -1.0679999999999998 -0.04681034421920777 0.04334481430053705 0.09504098 0.09504098 "" "" 0.6913141496826066 "" 0.06570317220058196 "" 0.8
38.46532944671 57.54253540084 0.0147 0.0165 3.4473 "" "" 458023769246493696 2444.84082 0.3731 0.0269 -0.059 -0.88 0.019 0.021 1.136 10757.2 4.1727 14.556676 0.99984 14.965386 13.965547 "" "" 2295.02637 2605.07251 28331.94414 5.2596 14101.0 14.34 20556.0 11.458 "" "" 0.002762682599302318 0.003000695 0.0038275302 0.006828225 38.46532944671 57.54253540084 2444.84082 -0.059 -0.8799999999999999 0.21018965578079224 0.2313448143005371 0.09704098 0.09904098 "" "" 3.6222336945392386 "" 0.3554919319347061 "" 0.8
38.73303283855 57.74176020099 0.0127 0.014 16.5173 "" "" 458120869865750272 2148.64355 0.4314 0.0198 -0.25 -1.098 0.017 0.017 1.093 10022.7 3.7498 14.606306 0.932177 14.972892 14.040715 "" "" 2054.35571 2248.97534 27066.00849 5.2009 14004.0 13.222 19181.0 24.269 "" "" 0.0027632076017596163 0.002972523 0.0040213047 0.0069938274 38.73303283855 57.74176020099 2148.64355 -0.25000000000000006 -1.0979999999999999 0.019189655780792236 0.013344814300537022 0.09504098 0.09504098 "" "" 0.23805046329305682 "" 0.022624548606958082 "" 0.9
38.24566775116 57.55256487083 0.014 0.0148 3.6746 "" "" 458026311866863360 2223.00488 0.414 0.0222 -0.225 -1.184 0.018 0.019 0.966 10209.6 4.0169 14.62413 1.063814 15.063942 14.000128 "" "" 2142.98486 2341.38843 26625.29721 4.9489 12878.0 14.986 19912.0 14.136 "" "" 0.002762700834891385 0.0030629039 0.0038571807 0.0069200844 38.24566775116 57.55256487083 2223.00488 -0.22499999999999992 -1.1839999999999997 0.04418965578079223 -0.07265518569946283 0.09604098 0.09704098 "" "" 0.8960515670419209 "" 0.08671267402833555 "" 0.9
38.27829402137 57.54966532116 0.0147 0.0162 2.6292 "" "" 458023356929636224 2233.16675 0.422 0.0242 -0.268 -1.134 0.018 0.02 1.08 9587.2 4.1233 14.651921 1.043031 15.082966 14.039935 "" "" 2132.27344 2350.06982 25952.44841 4.7867 12654.0 10.499 19195.0 15.375 "" "" 0.0027625877805178877 0.0029319872 0.0038781492 0.006810136 38.27829402137 57.54966532116 2233.16675 -0.26800000000000007 -1.134 0.0011896557807922203 -0.022655185699462788 0.09604098 0.09804098 "" "" 0.24014031127135382 "" 0.02354228491921689 "" 0.8
38.73034276582 57.6341356332 0.0135 0.0155 12.8866 "" "" 458106748013777152 2471.46875 0.3771 0.0232 -0.261 -1.103 0.018 0.019 1.044 7628.3 3.2667 14.662798 0.997316 15.068039 14.070723 "" "" 2333.40747 2608.86719 25693.7584 4.9787 12829.0 16.304 18658.0 11.348 "" "" 0.002763340517799813 0.0031127126 0.003836639 0.0069493516 38.73034276582 57.6341356332 2471.46875 -0.261 -1.103 0.008189655780792227 0.008344814300537129 0.09604098 0.09704098 "" "" 0.13697076102005803 "" 0.013224753988841476 "" 0.8
38.40933668661 57.51365965641 0.0155 0.0151 2.814 "" "" 458022360496965120 2262.87622 0.4108 0.024 -0.228 -1.064 0.02 0.02 1.045 9665.8 3.5814 14.692997 0.941877 15.072593 14.130715 "" "" 2150.15576 2403.5415 24988.94434 4.9725 12776.0 11.524 17655.0 10.448 "" "" 0.0027637775487323805 0.0029570512 0.0038336099 0.0067906613 38.40933668661 57.51365965641 2262.87622 -0.22800000000000004 -1.064 0.04118965578079223 0.04734481430053705 0.09804098 0.09804098 "" "" 0.6731061646340812 "" 0.06599199009851521 "" 0.9
38.21542161256 57.55187473706 0.0151 0.0165 4.6484 "" "" 458026002629222016 2167.65015 0.4219 0.024 -0.303 -1.179 0.019 0.021 1.071 "" "" 14.738852 1.110143 15.200135 14.089993 "" "" 2064.73267 2284.58789 23955.54661 4.9492 11360.0 13.548 18330.0 14.961 "" "" 0.002764435828034964 0.0030759873 0.0038818866 0.0069578737 38.21542161256 57.55187473706 2167.65015 -0.30299999999999994 -1.179 -0.033810344219207755 -0.06765518569946294 0.09704098 0.09904098 "" "" 0.7771043612867349 "" 0.07665710744328214 "" 1.0
38.39303077617 57.47000663491 0.0141 0.0154 5.0522 "" "" 458021982539875584 2059.09521 0.4588 0.0236 -0.257 -1.059 0.019 0.02 1.034 7979.3 4.1551 14.754954 0.991007 15.160647 14.169641 "" "" 1957.52502 2153.3125 23602.87967 4.495 11780.0 9.9702 17033.0 14.25 "" "" 0.0027630677746309238 0.002937598 0.003887005 0.006824603 38.39303077617 57.47000663491 2059.09521 -0.2569999999999999 -1.0590000000000002 0.01218965578079223 0.05234481430053717 0.09704098 0.09804098 "" "" 0.5245610194276632 "" 0.05140162519506909 "" 1.0
38.48235109016 57.49616581684 0.0155 0.0162 5.1892 "" "" 458011812057291520 2103.24634 0.4486 0.0266 -0.251 -1.098 0.021 0.021 1.004 10202.6 3.8986 14.809228 0.969584 15.198593 14.22901 "" "" 1996.46143 2196.66846 22452.03467 4.7481 11376.0 12.986 16127.0 15.821 "" "" 0.0027648706273922146 0.003053056 0.003926607 0.006979663 38.48235109016 57.49616581684 2103.24634 -0.25099999999999995 -1.0979999999999999 0.018189655780792235 0.013344814300537022 0.09904098 0.09904098 "" "" 0.22490806989446036 "" 0.022275115125260547 "" 0.9
38.70522694364 57.61932535207 0.0154 0.0171 11.8147 "" "" 458106610574828672 2114.49829 0.4436 0.0255 -0.16 -1.127 0.02 0.021 1.081 8296.0 3.5097 14.829028 1.240992 15.364287 14.123296 "" "" 2008.48218 2261.34229 22046.28096 4.5474 9765.7 13.166 17776.0 11.127 "" "" 0.0027644064906577437 0.0031508238 0.003840002 0.0069908258 38.70522694364 57.61932535207 2114.49829 -0.16000000000000003 -1.127 0.10918965578079223 -0.015655185699462892 0.09804098 0.09904098 "" "" 1.1055687297722054 "" 0.10841342533699465 "" 0.8
