Clusters/NGC_957/NGC_957_stars_in_region.tsv
# %ECSV 1.0
# ---
# datatype:
# - name: RA_ICRS_1
#   unit: deg
#   datatype: float64
#   format: '{:15.11f}'
#   description: Right ascension (ICRS) at Ep=2016.0 (ra)
#   meta: !!omap
#   - {ucd: POS_EQ_RA_MAIN}
#   - {width: 15}
#   - {precision: '11'}
# - name: DE_ICRS_1
#   unit: deg
#   datatype: float64
#   format: '{:15.11f}'
#   description: Declination (ICRS) at Ep=2016.0 (dec)
#   meta: !!omap
#   - {ucd: POS_EQ_DEC_MAIN}
#   - {width: 15}
#   - {precision: '11'}
# - name: e_RA_ICRS
#   unit: mas
#   datatype: float64
#   format: '{:7.4f}'
#   description: Standard error of right ascension (ra_error)
#   meta: !!omap
#   - {ucd: ERROR}
#   - {width: 7}
#   - {precision: '4'}
# - name: e_DE_ICRS
#   unit: mas
#   datatype: float64
#   format: '{:7.4f}'
#   description: Standard error of declination (dec_error)
#   meta: !!omap
#   - {ucd: ERROR}
#   - {width: 7}
#   - {precision: '4'}
# - name: _r_1
#   unit: ''
#   datatype: float64
#   format: '{:7.4f}'
#   description: Distance from center (038.35981565000+57.55229855000)[ICRS], at Epoch=J2016.0
#   meta: !!omap
#   - {ucd: POS_ANG_DIST_GENERAL}
#   - {width: 7}
#   - {precision: '4'}
# - name: HIP
#   datatype: int32
#   description: '? HIP cross-id number, van Leeuwen, Cat. I/311 (hip_original_ext_source_id)'
#   meta: !!omap
#   - {ucd: ID_NUMBER}
#   - {width: 6}
#   - values: {'null': -2147483648}
# - name: TYC2
#   datatype: string
#   description: Tycho-2 cross-id name, Hog et al., Cat. I/259 (tyc2_original_ext_source_id)
#   meta: !!omap
#   - {ucd: ID_CROSSID}
#   - {_votable_string_dtype: char}
# - name: Source
#   datatype: int64
#   description: Source identifier, identical to the Gaia-EDR3 source_id (id)
#   meta: !!omap
#   - {ucd: ID_MAIN}
#   - {width: 19}
# - name: rgeo
#   unit: pc
#   datatype: float64
#   format: '{:15.8f}'
#   description: '? Median of the geometric distance posterior (r_med_geo)'
#   meta: !!omap
#   - {ucd: PHYS_DISTANCE_TRUE}
#   - {width: 15}
#   - {precision: '8'}
#   - values: {'null': .nan}
# - name: Plx
#   unit: mas
#   datatype: float64
#   format: '{:9.4f}'
#   description: '? Parallax (parallax)'
#   meta: !!omap
#   - {ucd: POS_PARLX_TRIG}
#   - {width: 9}
#   - {precision: '4'}
#   - values: {'null': .nan}
# - name: e_Plx
#   unit: mas
#   datatype: float32
#   format: '{:7.4f}'
#   description: '? Standard error of parallax (parallax_error)'
#   meta: !!omap
#   - {ucd: ERROR}
#   - {width: 7}
#   - {precision: '4'}
#   - values: {'null': .nan}
# - name: pmRA
#   unit: mas / yr
#   datatype: float64
#   format: '{:9.3f}'
#   description: '? Proper motion in right ascension direction, pmRA*cosDE (pmra)'
#   meta: !!omap
#   - {ucd: POS_EQ_PMRA}
#   - {width: 9}
#   - {precision: '3'}
#   - values: {'null': .nan}
# - name: pmDE
#   unit: mas / yr
#   datatype: float64
#   format: '{:9.3f}'
#   description: '? Proper motion in declination direction (pmdec)'
#   meta: !!omap
#   - {ucd: POS_EQ_PMDEC}
#   - {width: 9}
#   - {precision: '3'}
#   - values: {'null': .nan}
# - name: e_pmRA
#   unit: mas / yr
#   datatype: float32
#   format: '{:6.3f}'
#   description: '? Standard error of proper motion in right ascension direction (pmra_error)'
#   meta: !!omap
#   - {ucd: ERROR}
#   - {width: 6}
#   - {precision: '3'}
#   - values: {'null': .nan}
# - name: e_pmDE
[...]
#         value: !astropy.table.SerializedColumn {name: SkyCoord.dec}
#       distance: !astropy.table.SerializedColumn
#         __class__: astropy.coordinates.distances.Distance
#         unit: !astropy.units.Unit {unit: pc}
#         value: !astropy.table.SerializedColumn {name: SkyCoord.distance}
#       frame: icrs
#       obstime: !astropy.time.Time {format: jyear_str, in_subfmt: '*', jd1: 367701545.0, jd2: 0.0, out_subfmt: '*', precision: 3, scale: tt}
#       pm_dec: !astropy.table.SerializedColumn
#         __class__: astropy.units.quantity.Quantity
#         unit: !astropy.units.Unit {unit: mas / yr}
#         value: !astropy.table.SerializedColumn {name: SkyCoord.pm_dec}
#       pm_ra_cosdec: !astropy.table.SerializedColumn
#         __class__: astropy.units.quantity.Quantity
#         unit: !astropy.units.Unit {unit: mas / yr}
#         value: !astropy.table.SerializedColumn {name: SkyCoord.pm_ra_cosdec}
#       ra: !astropy.table.SerializedColumn
#         __class__: astropy.coordinates.angles.Longitude
#         unit: *id001
#         value: !astropy.table.SerializedColumn {name: SkyCoord.ra}
#         wrap_angle: !astropy.coordinates.Angle
#           unit: *id001
#           value: 360.0
#       representation_type: spherical
# schema: astropy-2.0
RA_ICRS_1 DE_ICRS_1 e_RA_ICRS e_DE_ICRS _r_1 HIP TYC2 Source rgeo Plx e_Plx pmRA pmDE e_pmRA e_pmDE RUWE Teff logg Gmag BP-RP BPmag RPmag RV e_RV b_rgeo B_rgeo FG e_FG FBP e_FBP FRP e_FRP RAVE5 RAVE6 e_Gmag e_BPmag e_RPmag e_BP-RP SkyCoord.ra SkyCoord.dec SkyCoord.distance SkyCoord.pm_ra_cosdec SkyCoord.pm_dec rmRA rmDE e_rmRA e_rmDE rRV e_rRV v_pec v_pec3d e_v_pec e_v_pec3d
[from data line 750]
37.86819651899 57.82706199383 0.0315 0.035 22.8113 "" "" 458080497175766784 2450.4292 0.3753 0.0529 -0.621 0.251 0.044 0.045 1.0 8337.3 4.4424 16.434109 1.552127 17.1559 15.603772 "" "" 2184.53296 2813.17163 5026.93837 2.3359 1875.2 10.714 4546.2 11.284 "" "" 0.002801129392028673 0.0068019824 0.004641776 0.011443758 37.86819651899 57.82706199383 2450.4292 -0.621 0.25099999999999995 -0.35181034421920776 1.362344814300537 0.12204098 0.12304098 "" "" 16.342786437219537 "" 2.0098146569675848 ""
38.17109686727 57.76710256334 0.0321 0.0361 14.2407 "" "" 458077164281156864 2279.94434 0.4082 0.0509 -0.291 -1.175 0.044 0.046 1.089 9071.3 4.3982 16.435905 1.398258 17.067093 15.668835 "" "" 2077.64575 2590.4751 5018.6193 2.2268 2035.1 7.5435 4281.8 9.0164 "" "" 0.00279711851057966 0.0048971022 0.004417108 0.00931421 38.17109686727 57.76710256334 2279.94434 -0.2909999999999999 -1.175 -0.021810344219207745 -0.06365518569946294 0.12204098 0.124040976 "" "" 0.7271770277531322 "" 0.09004805406874816 ""
38.41830658047 57.60907188473 0.0324 0.0366 3.8915 "" "" 458025281074655488 1781.35339 0.5552 0.0552 1.906 3.182 0.045 0.048 1.057 6316.1 4.4145 16.438469 1.605672 17.167927 15.562255 "" "" 1609.7384 1977.95935 5006.79018 2.2696 1854.6 9.8276 4723.4 12.051 "" "" 0.0027989318820561175 0.006394231 0.0046858387 0.0110800695 38.41830658047 57.60907188473 1781.35339 1.906 3.1820000000000004 2.175189655780792 4.2933448143005375 0.12304098 0.12604098 "" "" 40.63849717448085 "" 5.097450971373828 ""
39.03137207475 57.49051081914 0.0342 0.0354 21.9521 "" "" 457915020672145792 1813.57654 0.5425 0.0531 -3.706 0.882 0.042 0.042 1.016 7199.8 4.3382 16.440666 1.596255 17.190819 15.594563 "" "" 1616.21912 2096.53809 4996.66824 2.1245 1815.9 10.85 4584.9 10.787 "" "" 0.00279372476444419 0.0070618517 0.0045616743 0.011623526 39.03137207475 57.49051081914 1813.57654 -3.7060000000000004 0.8819999999999999 -3.4368103442192077 1.9933448143005372 0.12004098 0.12004098 "" "" 34.15369901725058 "" 4.099843601807258 ""
37.98903431125 57.58286278649 0.0306 0.0324 12.0712 "" "" 458068196389560192 1969.26392 0.4978 0.0489 1.452 -0.629 0.04 0.04 0.967 7148.9 4.3482 16.444038 1.582958 17.181398 15.59844 "" "" 1810.85657 2139.14624 4981.17007 2.2447 1831.7 6.4716 4568.6 7.1878 "" "" 0.002798424101259085 0.004743432 0.0041474877 0.008890919 37.98903431125 57.58286278649 1969.26392 1.4519999999999997 -0.629 1.7211896557807922 0.4823448143005371 0.11804098 0.11804098 "" "" 16.685065476036065 "" 1.9695214619443624 ""
37.95927624632 57.60834870764 0.0301 0.0323 13.3158 "" "" 458068466964568192 1982.698 0.4876 0.0493 -0.119 -0.988 0.039 0.04 0.951 8318.5 4.4675 16.44729 1.407208 17.07528 15.668071 "" "" 1826.45007 2167.52588 4966.27541 2.2754 2019.8 7.7631 4284.8 7.9278 "" "" 0.0027998657063461685 0.0050198804 0.0042800917 0.009299972 37.95927624632 57.60834870764 1982.698 -0.119 -0.988 0.15018965578079224 0.12334481430053712 0.11704098 0.11804098 "" "" 1.8264737644366882 "" 0.21450984126842473 ""
38.33900997755 57.87781533783 0.0305 0.0338 19.5424 "" "" 458171653559005056 2200.02368 0.4347 0.0497 2.027 -1.712 0.039 0.043 1.0 7202.5 4.3363 16.44749 1.781592 17.308928 15.527335 "" "" 1967.48901 2486.51099 4965.35454 2.0698 1628.7 6.854 4877.8 8.5926 "" "" 0.002792243665795971 0.0053536342 0.004235774 0.009589408 38.33900997755 57.87781533783 2200.02368 2.0270000000000006 -1.712 2.2961896557807924 -0.6006551856994629 0.11704098 0.121040985 "" "" 24.750622082876948 "" 2.9032788658460054 ""
37.77611847926 57.63874462325 0.0323 0.0361 19.4714 "" "" 458072250838671104 2052.63525 0.4605 0.0526 0.001 -2.677 0.044 0.046 1.042 7729.5 4.2899 16.447594 1.65448 17.223663 15.569183 "" "" 1864.14624 2370.1853 4964.88412 2.2613 1761.8 8.2107 4693.4 12.651 "" "" 0.0027993441402204156 0.0057782643 0.0047800257 0.01055829 37.77611847926 57.63874462325 2052.63525 0.001000000000000112 -2.6770000000000005 0.27018965578079224 -1.565655185699463 0.12204098 0.124040976 "" "" 15.458194524894655 "" 1.9165624372781216 ""
39.0123160939 57.56334721046 0.0316 0.0329 21.0123 "" "" 458103346400406784 1875.42114 0.5023 0.0509 -4.357 1.833 0.041 0.041 1.007 6483.4 4.1792 16.447912 1.875041 17.370485 15.495444 "" "" 1723.58765 2114.83838 4963.42762 2.1548 1538.9 8.558 5023.2 10.955 "" "" 0.002795347283504852 0.0066514155 0.0044598756 0.011111291 39.0123160939 57.56334721046 1875.42114 -4.357 1.833 -4.087810344219208 2.9443448143005373 0.11904098 0.11904098 "" "" 44.78344305816997 "" 5.331064991295601 ""
38.67132957912 57.25206461807 0.0307 0.0344 20.6373 "" "" 458003909317840512 2000.70447 0.4801 0.0513 5.222 0.146 0.041 0.044 1.011 7128.7 4.3515 16.449633 1.630709 17.21615 15.585442 "" "" 1785.08289 2229.63892 4955.5726 2.1223 1774.0 7.6701 4623.6 8.3331 "" "" 0.002794279640732196 0.0054609147 0.0042559216 0.009716837 38.67132957912 57.25206461807 2000.70447 5.222000000000001 0.1459999999999994 5.491189655780793 1.257344814300537 0.11904098 0.12204098 "" "" 53.422503844798946 "" 6.367546875496285 ""
38.90685963416 57.34443624897 0.031 0.0352 21.6202 "" "" 457818641606427136 2459.51318 0.3829 0.0521 -1.72 2.372 0.041 0.045 1.026 6720.3 4.2314 16.451387 1.626028 17.218367 15.592339 "" "" 2190.93384 2750.31812 4947.56825 2.248 1770.4 8.8377 4594.3 10.131 "" "" 0.002799134531507777 0.00609594 0.0044739065 0.010569846 38.90685963416 57.34443624897 2459.51318 -1.72 2.372 -1.4508103442192077 3.483344814300537 0.11904098 0.12304098 "" "" 43.99063716356231 "" 5.38700108105552 ""
38.03332875426 57.37998661061 0.0311 0.0348 14.7606 "" "" 458017618853206272 1712.85535 0.5508 0.0504 -0.705 -0.923 0.042 0.043 0.983 6805.5 4.3598 16.451513 1.517221 17.149273 15.632052 "" "" 1577.26868 1916.60022 4946.99563 1.9524 1886.7 5.8028 4429.3 7.2873 "" "" 0.0027884408341274374 0.00435157 0.004180265 0.008531835 38.03332875426 57.37998661061 1712.85535 -0.705 -0.9229999999999999 -0.4358103442192077 0.18834481430053707 0.12004098 0.121040985 "" "" 3.8546082729415803 "" 0.4633197253346656 ""
38.16204156987 57.72048859045 0.0333 0.0373 11.9241 "" "" 458076442726886912 1831.04956 0.5284 0.053 -1.413 -1.657 0.048 0.047 1.037 6563.8 4.3637 16.45689 1.598126 17.205097 15.606972 "" "" 1656.09399 1995.04053 4922.55801 2.0943 1792.2 6.981 4532.8 9.5862 "" "" 0.0027937725392260444 0.005066651 0.004422231 0.0094888825 38.16204156987 57.72048859045 1831.04956 -1.413 -1.657 -1.1438103442192078 -0.5456551856994629 0.12604098 0.12504098 "" "" 10.999092328120009 "" 1.3843038825510665 ""
38.6084652807 57.49167882565 0.0337 0.0368 8.7981 "" "" 458011262301468288 1701.09827 0.5873 0.0563 -1.263 0.547 0.044 0.048 1.012 5440.8 4.4229 16.46144 1.620703 17.221876 15.601173 "" "" 1540.01477 1835.25537 4901.97675 2.1692 1764.7 9.3578 4557.1 8.4488 "" "" 0.002796895838583527 0.0063978764 0.004282015 0.010679891 38.6084652807 57.49167882565 1701.09827 -1.2629999999999997 0.547 -0.9938103442192077 1.6583448143005373 0.12204098 0.12604098 "" "" 15.588841077363753 "" 1.9485501477210576 ""
38.5529755382 57.46818618521 0.0327 0.0363 8.014 "" "" 458011502819660544 1699.89221 0.5612 0.0545 1.522 -0.084 0.045 0.048 1.02 7029.4 4.337 16.464634 1.677989 17.255936 15.577947 "" "" 1560.27722 1865.72668 4887.5742 2.1112 1710.2 8.7225 4655.6 8.5029 "" "" 0.0027949486106047593 0.0062007746 0.004268008 0.010468783 38.5529755382 57.46818618521 1699.89221 1.5220000000000002 -0.08399999999999999 1.7911896557807923 1.027344814300537 0.12304098 0.12604098 "" "" 16.637881370520258 "" 2.0596092593506428 ""
38.41542625815 57.83698584526 0.0331 0.0371 17.1741 "" "" 458124408918769664 2411.50146 0.3967 0.0506 -0.759 -2.334 0.043 0.046 1.154 7332.3 4.3459 16.466364 1.604914 17.202873 15.597959 "" "" 2177.15527 2762.25537 4879.79226 2.1023 1795.8 7.925 4570.6 13.367 "" "" 0.0027947420852637806 0.0055446276 0.00493622 0.010480847 38.41542625815 57.83698584526 2411.50146 -0.7589999999999999 -2.3339999999999996 -0.48981034421920777 -1.222655185699463 0.121040985 0.124040976 "" "" 15.055339804284776 "" 1.8612981341413442 ""
38.93389654686 57.73273087897 0.0307 0.0342 21.3785 "" "" 458113929199039616 2265.31714 0.4127 0.0497 -1.764 -0.611 0.04 0.041 1.022 "" "" 16.466919 1.689757 17.268648 15.578891 "" "" 2069.11987 2633.02612 4877.29991 2.0939 1690.3 7.639 4651.6 8.1581 "" "" 0.0027944695923066295 0.005644607 0.004231983 0.00987659 38.93389654686 57.73273087897 2265.31714 -1.7639999999999998 -0.6110000000000001 -1.4948103442192078 0.5003448143005371 0.11804098 0.11904098 "" "" 16.925960582451896 "" 1.9996687472487078 ""
38.27544394936 57.48532214333 0.0325 0.0352 4.8518 "" "" 458022566655427968 2004.06689 0.4798 0.0516 3.232 -0.912 0.043 0.045 0.976 6761.6 4.3622 16.471052 1.528161 17.168625 15.640464 "" "" 1817.24158 2269.05347 4858.76728 2.1333 1853.4 7.4595 4395.1 8.5229 "" "" 0.0027962541937188216 0.0051846397 0.0043262695 0.009510909 38.27544394936 57.48532214333 2004.06689 3.232 -0.9119999999999997 3.5011896557807924 0.19934481430053708 0.121040985 0.12304098 "" "" 33.31263515357464 "" 4.032411228055587 ""
38.02313234554 57.27275636226 0.0316 0.0362 19.9922 "" "" 457990268500561024 2416.77026 0.4012 0.0522 0.937 -1.763 0.042 0.044 1.112 6622.2 4.3427 16.471907 1.555535 17.199034 15.643498 "" "" 2122.59888 2814.73242 4854.94232 1.9478 1802.2 4.9782 4382.9 8.269 "" "" 0.0027895400864333016 0.004096311 0.0042988006 0.008395111 38.02313234554 57.27275636226 2416.77026 0.9370000000000003 -1.763 1.2061896557807923 -0.6516551856994628 0.12004098 0.12204098 "" "" 15.705089527588179 "" 1.8923966005313602 ""
38.83480273537 57.58449042593 0.0326 0.0365 15.4055 "" "" 458102693564662272 2321.23804 0.3857 0.0549 1.614 -1.996 0.042 0.045 1.063 6350.7 3.9911 16.472414 1.776556 17.336319 15.559763 "" "" 2059.77148 2676.95825 4852.6712 2.0718 1588.1 8.6456 4734.3 8.085 "" "" 0.002794040579584171 0.0065361955 0.0042097103 0.010745905 38.83480273537 57.58449042593 2321.23804 1.6139999999999997 -1.996 1.8831896557807923 -0.8846551856994629 0.12004098 0.12304098 "" "" 22.89247351635759 "" 2.7605772799604855 ""
38.67614238486 57.27653864945 0.0301 0.036 19.4483 "" "" 458004390354110592 2424.20142 0.3977 0.0526 0.777 0.661 0.041 0.046 1.011 7196.7 4.3566 16.473248 1.503137 17.161617 15.658481 "" "" 2151.07178 2798.74634 4848.94821 2.0193 1865.4 8.9093 4322.8 7.8626 "" "" 0.0027921719793449233 0.0058885575 0.0042642234 0.010152781 38.67614238486 57.27653864945 2424.20142 0.7770000000000001 0.6610000000000001 1.0461896557807924 1.7723448143005371 0.11904098 0.124040976 "" "" 23.648881778533188 "" 2.903337426691548 ""
38.00834102206 57.75849099982 0.0308 0.0361 16.7436 "" "" 458076266626323456 1714.21606 0.5563 0.0506 1.964 -4.238 0.042 0.044 1.004 5042.2 4.2895 16.475286 1.656042 17.254774 15.598732 "" "" 1558.90503 1916.19312 4839.8491 2.1581 1712.0 12.483 4567.4 10.469 "" "" 0.00279752988108771 0.008393916 0.004525153 0.012919069 38.00834102206 57.75849099982 1714.21606 1.9639999999999995 -4.238 2.233189655780792 -3.1266551856994633 0.12004098 0.12204098 "" "" 31.219993607686316 "" 3.78914082624684 ""
38.43673335496 57.69585047719 0.0331 0.0393 8.9606 "" "" 458119564195729024 2198.96191 0.4499 0.0563 -0.519 -1.277 0.045 0.049 1.034 7293.7 4.2729 16.47576 1.532366 17.17487 15.642504 "" "" 1966.64954 2491.71094 4837.74407 2.3178 1842.8 6.401 4386.9 8.4414 "" "" 0.0028039938091158033 0.004691262 0.0043183914 0.009009654 38.43673335496 57.69585047719 2198.96191 -0.519 -1.277 -0.24981034421920778 -0.1656551856994628 0.12304098 0.12704098 "" "" 3.1242621883546073 "" 0.3882718889432021 ""
38.40863929863 57.51151049341 0.0333 0.0351 2.909 "" "" 458022360496966656 1960.42285 0.4915 0.0556 -0.391 -1.159 0.043 0.045 1.018 7148.5 4.3397 16.476322 1.399806 17.10553 15.705724 "" "" 1783.18958 2193.05151 4835.24123 2.0733 1964.3 8.2139 4138.7 8.5257 "" "" 0.0027943743763359703 0.0053289398 0.0043916004 0.00972054 38.40863929863 57.51151049341 1960.42285 -0.39099999999999996 -1.159 -0.12181034421920778 -0.04765518569946292 0.121040985 0.12304098 "" "" 1.2154513387769394 "" 0.14744441130225053 ""
37.98655757615 57.30295416347 0.0297 0.034 19.2143 "" "" 457993498315957888 2288.98242 0.4351 0.0471 -0.79 -1.337 0.039 0.041 1.026 7340.9 4.3304 16.477966 1.413933 17.117638 15.703705 "" "" 2052.5127 2563.91113 4827.92195 1.8641 1942.5 6.0341 4146.4 5.4763 "" "" 0.0027870284804515258 0.00437722 0.0040422766 0.008419497 37.98655757615 57.30295416347 2288.98242 -0.7900000000000001 -1.3370000000000002 -0.5208103442192078 -0.22565518569946286 0.11704098 0.11904098 "" "" 6.15827510382509 "" 0.722731222514455 ""
38.14035366942 57.49381061198 0.0322 0.0339 7.8935 "" "" 458019817876364544 1863.77686 0.5148 0.0509 3.691 -0.807 0.041 0.043 0.997 6682.4 4.3685 16.478935 1.519409 17.175068 15.655659 "" "" 1677.35388 2064.1333 4823.61681 2.0703 1842.4 7.9562 4334.1 8.0151 "" "" 0.0027944488336989312 0.0054560346 0.004279631 0.009735666 38.14035366942 57.49381061198 1863.77686 3.691 -0.8069999999999998 3.960189655780792 0.30434481430053706 0.11904098 0.121040985 "" "" 35.0886742945597 "" 4.177405689235071 ""
38.10519045618 57.48497382963 0.0358 0.0365 9.1449 "" "" 458019989675068928 1925.6261 0.5097 0.0553 0.678 0.018 0.043 0.045 1.031 6711.4 4.3571 16.479988 1.617007 17.23549 15.618484 "" "" 1746.44641 2143.36792 4818.94294 2.1176 1742.7 9.5469 4485.0 11.044 "" "" 0.0027963227920179234 0.006569827 0.004629427 0.011199255 38.10519045618 57.48497382963 1925.6261 0.6779999999999999 0.018000000000000096 0.9471896557807923 1.1293448143005371 0.121040985 0.12304098 "" "" 13.453614802307206 "" 1.6442880451160213 ""
37.89663200418 57.52102208948 0.0322 0.0345 15.0346 "" "" 458066340963726976 2292.16675 0.4085 0.0502 -0.756 -0.813 0.041 0.043 1.01 "" "" 16.48172 1.430497 17.127417 15.696919 "" "" 2066.03784 2613.11157 4811.25688 2.1722 1925.1 6.7236 4172.4 7.375 "" "" 0.0027985848000607245 0.0047079306 0.004238717 0.008946648 37.89663200418 57.52102208948 2292.16675 -0.756 -0.8130000000000001 -0.48681034421920777 0.29834481430053716 0.11904098 0.121040985 "" "" 6.203393250245429 "" 0.7418661752009486 ""
38.24813147172 57.79132012494 0.0318 0.037 14.7822 "" "" 458077129921400704 2051.0105 0.4783 0.0514 1.531 -1.138 0.044 0.047 1.104 5911.5 4.3794 16.482912 1.655622 17.269167 15.613545 "" "" 1877.34863 2330.39209 4805.98046 1.9633 1689.5 8.397 4505.5 9.2249 "" "" 0.0027907908713765235 0.006074893 0.004384693 0.010459586 38.24813147172 57.79132012494 2051.0105 1.531 -1.1380000000000001 1.8001896557807922 -0.02665518569946279 0.12204098 0.12504098 "" "" 17.50298377267226 "" 2.13609293606887 ""
38.16734775353 57.24624814854 0.0293 0.0332 19.3884 "" "" 458012705410691712 1949.29907 0.5009 0.0488 1.86 1.766 0.039 0.041 1.002 7072.4 4.365 16.486378 1.549529 17.205027 15.655498 "" "" 1759.25464 2169.76147 4790.66044 2.0317 1792.3 6.7137 4334.7 8.0429 "" "" 0.002793529924557662 0.004932103 0.004282772 0.009214875 38.16734775353 57.24624814854 1949.29907 1.8599999999999999 1.7660000000000002 2.1291896557807926 2.877344814300537 0.11704098 0.11904098 "" "" 33.073092334909674 "" 3.9137767067583447 ""
38.23887369673 57.73708917602 0.0319 0.0373 11.7479 "" "" 458029953999033344 2135.62183 0.4374 0.0511 1.433 -2.345 0.043 0.046 1.033 6659.7 4.3619 16.488457 1.62451 17.238747 15.614237 "" "" 1945.58862 2366.71094 4781.49689 1.9478 1737.5 10.108 4502.6 16.197 "" "" 0.002790592722496566 0.006905147 0.0054348856 0.0123400325 38.23887369673 57.73708917602 2135.62183 1.4329999999999998 -2.345 1.7021896557807923 -1.233655185699463 0.121040985 0.124040976 "" "" 21.280514566081436 "" 2.5979767726919647 ""
