Clusters/NGC_957/NGC_957_stars_in_region.tsv
# %ECSV 1.0
# ---
# datatype:
# - name: RA_ICRS_1
#   unit: deg
#   datatype: float64
#   format: '{:15.11f}'
#   description: Right ascension (ICRS) at Ep=2016.0 (ra)
#   meta: !!omap
#   - {ucd: POS_EQ_RA_MAIN}
#   - {width: 15}
#   - {precision: '11'}
# - name: DE_ICRS_1
#   unit: deg
#   datatype: float64
#   format: '{:15.11f}'
#   description: Declination (ICRS) at Ep=2016.0 (dec)
#   meta: !!omap
#   - {ucd: POS_EQ_DEC_MAIN}
#   - {width: 15}
#   - {precision: '11'}
# - name: e_RA_ICRS
#   unit: mas
#   datatype: float64
#   format: '{:7.4f}'
#   description: Standard error of right ascension (ra_error)
#   meta: !!omap
#   - {ucd: ERROR}
#   - {width: 7}
#   - {precision: '4'}
# - name: e_DE_ICRS
#   unit: mas
#   datatype: float64
#   format: '{:7.4f}'
#   description: Standard error of declination (dec_error)
#   meta: !!omap
#   - {ucd: ERROR}
#   - {width: 7}
#   - {precision: '4'}
# - name: _r_1
#   unit: ''
#   datatype: float64
#   format: '{:7.4f}'
#   description: Distance from center (038.35981565000+57.55229855000)[ICRS], at Epoch=J2016.0
#   meta: !!omap
#   - {ucd: POS_ANG_DIST_GENERAL}
#   - {width: 7}
#   - {precision: '4'}
# - name: HIP
#   datatype: int32
#   description: '? HIP cross-id number, van Leeuwen, Cat. I/311 (hip_original_ext_source_id)'
#   meta: !!omap
#   - {ucd: ID_NUMBER}
#   - {width: 6}
#   - values: {'null': -2147483648}
# - name: TYC2
#   datatype: string
#   description: Tycho-2 cross-id name, Hog et al., Cat. I/259 (tyc2_original_ext_source_id)
#   meta: !!omap
#   - {ucd: ID_CROSSID}
#   - {_votable_string_dtype: char}
# - name: Source
#   datatype: int64
#   description: Source identifier, identical to the Gaia-EDR3 source_id (id)
#   meta: !!omap
#   - {ucd: ID_MAIN}
#   - {width: 19}
# - name: rgeo
#   unit: pc
#   datatype: float64
#   format: '{:15.8f}'
#   description: '? Median of the geometric distance posterior (r_med_geo)'
#   meta: !!omap
#   - {ucd: PHYS_DISTANCE_TRUE}
#   - {width: 15}
#   - {precision: '8'}
#   - values: {'null': .nan}
# - name: Plx
#   unit: mas
#   datatype: float64
#   format: '{:9.4f}'
#   description: '? Parallax (parallax)'
#   meta: !!omap
#   - {ucd: POS_PARLX_TRIG}
#   - {width: 9}
#   - {precision: '4'}
#   - values: {'null': .nan}
# - name: e_Plx
#   unit: mas
#   datatype: float32
#   format: '{:7.4f}'
#   description: '? Standard error of parallax (parallax_error)'
#   meta: !!omap
#   - {ucd: ERROR}
#   - {width: 7}
#   - {precision: '4'}
#   - values: {'null': .nan}
# - name: pmRA
#   unit: mas / yr
#   datatype: float64
#   format: '{:9.3f}'
#   description: '? Proper motion in right ascension direction, pmRA*cosDE (pmra)'
#   meta: !!omap
#   - {ucd: POS_EQ_PMRA}
#   - {width: 9}
#   - {precision: '3'}
#   - values: {'null': .nan}
# - name: pmDE
#   unit: mas / yr
#   datatype: float64
#   format: '{:9.3f}'
#   description: '? Proper motion in declination direction (pmdec)'
#   meta: !!omap
#   - {ucd: POS_EQ_PMDEC}
#   - {width: 9}
#   - {precision: '3'}
#   - values: {'null': .nan}
# - name: e_pmRA
#   unit: mas / yr
#   datatype: float32
#   format: '{:6.3f}'
#   description: '? Standard error of proper motion in right ascension direction (pmra_error)'
#   meta: !!omap
#   - {ucd: ERROR}
#   - {width: 6}
#   - {precision: '3'}
#   - values: {'null': .nan}
# - name: e_pmDE
[...]
#         value: !astropy.table.SerializedColumn {name: SkyCoord.dec}
#       distance: !astropy.table.SerializedColumn
#         __class__: astropy.coordinates.distances.Distance
#         unit: !astropy.units.Unit {unit: pc}
#         value: !astropy.table.SerializedColumn {name: SkyCoord.distance}
#       frame: icrs
#       obstime: !astropy.time.Time {format: jyear_str, in_subfmt: '*', jd1: 367701545.0, jd2: 0.0, out_subfmt: '*', precision: 3, scale: tt}
#       pm_dec: !astropy.table.SerializedColumn
#         __class__: astropy.units.quantity.Quantity
#         unit: !astropy.units.Unit {unit: mas / yr}
#         value: !astropy.table.SerializedColumn {name: SkyCoord.pm_dec}
#       pm_ra_cosdec: !astropy.table.SerializedColumn
#         __class__: astropy.units.quantity.Quantity
#         unit: !astropy.units.Unit {unit: mas / yr}
#         value: !astropy.table.SerializedColumn {name: SkyCoord.pm_ra_cosdec}
#       ra: !astropy.table.SerializedColumn
#         __class__: astropy.coordinates.angles.Longitude
#         unit: *id001
#         value: !astropy.table.SerializedColumn {name: SkyCoord.ra}
#         wrap_angle: !astropy.coordinates.Angle
#           unit: *id001
#           value: 360.0
#       representation_type: spherical
# schema: astropy-2.0
RA_ICRS_1 DE_ICRS_1 e_RA_ICRS e_DE_ICRS _r_1 HIP TYC2 Source rgeo Plx e_Plx pmRA pmDE e_pmRA e_pmDE RUWE Teff logg Gmag BP-RP BPmag RPmag RV e_RV b_rgeo B_rgeo FG e_FG FBP e_FBP FRP e_FRP RAVE5 RAVE6 e_Gmag e_BPmag e_RPmag e_BP-RP SkyCoord.ra SkyCoord.dec SkyCoord.distance SkyCoord.pm_ra_cosdec SkyCoord.pm_dec rmRA rmDE e_rmRA e_rmDE rRV e_rRV v_pec v_pec3d e_v_pec e_v_pec3d
[from data line 245]
38.48292343603 57.51740043797 0.0146 0.0155 4.4839 "" "" 458023597447535488 2273.64697 0.4105 0.0247 -0.217 -1.172 0.019 0.02 1.025 10268.3 3.9665 14.688303 1.009769 15.100544 14.090775 "" "" 2149.93652 2390.53589 25097.22441 4.788 12451.0 10.607 18317.0 14.598 "" "" 0.002763095034542793 0.0029394827 0.0038771715 0.0068166545 38.48292343603 57.51740043797 2273.64697 -0.21700000000000003 -1.1719999999999997 0.05218965578079224 -0.06065518569946282 0.09704098 0.09804098 "" "" 0.862356298850714 "" 0.08418049133693552 ""
38.5525241457 57.54628769836 0.0163 0.0188 6.2146 "" "" 458012396172798080 2264.97705 0.4138 0.0279 -0.266 -1.131 0.021 0.025 1.152 10155.3 4.0612 14.690152 0.892935 15.043903 14.150969 "" "" 2121.55005 2413.56079 25054.50395 5.0733 13118.0 11.929 17329.0 13.639 "" "" 0.002764077421912416 0.0029597064 0.0038747862 0.0068344926 38.5525241457 57.54628769836 2264.97705 -0.26600000000000007 -1.1310000000000002 0.003189655780792222 -0.019655185699462896 0.09904098 0.10304098 "" "" 0.2137784228348361 "" 0.022006411602536576 ""
38.40933668661 57.51365965641 0.0155 0.0151 2.814 "" "" 458022360496965120 2262.87622 0.4108 0.024 -0.228 -1.064 0.02 0.02 1.045 9665.8 3.5814 14.692997 0.941877 15.072593 14.130715 "" "" 2150.15576 2403.5415 24988.94434 4.9725 12776.0 11.524 17655.0 10.448 "" "" 0.0027637775487323805 0.0029570512 0.0038336099 0.0067906613 38.40933668661 57.51365965641 2262.87622 -0.22800000000000004 -1.064 0.04118965578079223 0.04734481430053705 0.09804098 0.09804098 "" "" 0.6731061646340812 "" 0.06599199009851521 ""
38.88963996391 57.40969258536 0.0147 0.0163 19.1116 "" "" 457912890368425856 2369.91895 0.3868 0.0253 -0.914 -1.2 0.02 0.021 1.103 5446.1 3.1693 14.696737 1.858242 15.612504 13.754262 -17.86 2.1 2209.8645 2517.40771 24902.99954 5.6889 7769.9 14.404 24972.0 17.704 "" "" 0.0027664611611524794 0.0034403852 0.0038569705 0.0072973557 38.88963996391 57.40969258536 2369.91895 -0.9139999999999999 -1.2 -0.6448103442192078 -0.08865518569946285 0.09804098 0.09904098 19.629999999999995 23.789999 7.311565542999604 20.947455470523835 0.7169694023511283 22.295171010420127
38.47872997651 57.50759444247 0.0304 0.0323 4.6762 "" "" 458011846417021824 2100.50732 0.4531 0.0514 -0.308 -1.193 0.04 0.042 2.225 8302.4 3.4286 14.698224 1.131659 15.168181 14.036523 "" "" 1886.31177 2398.03198 24868.92579 7.2125 11699.0 15.282 19255.0 17.359 "" "" 0.0027732548536654896 0.0031299375 0.0039040782 0.007034016 38.47872997651 57.50759444247 2100.50732 -0.308 -1.193 -0.03881034421920776 -0.08165518569946295 0.11804098 0.12004098 "" "" 0.9001499626996395 "" 0.10772539371871875 ""
38.55045694542 57.4678009509 0.0148 0.0158 7.9658 "" "" 458011502819660800 1760.52771 0.5318 0.0238 1.532 -0.061 0.02 0.021 0.998 "" "" 14.703606 1.397273 15.327677 13.930404 "" "" 1684.0177 1831.30884 24745.96428 5.0866 10101.0 12.37 21232.0 14.8 "" "" 0.0027643438526469936 0.0030907856 0.0038544144 0.0069452003 38.55045694542 57.4678009509 1760.52771 1.532 -0.061000000000000026 1.8011896557807923 1.0503448143005372 0.09804098 0.09904098 "" "" 17.399686439064826 "" 1.7103144463331625 ""
38.0497570853 57.2387728969 0.013 0.0145 21.3157 "" "" 457989409507114624 2313.15894 0.4013 0.0213 -2.134 0.605 0.018 0.017 1.052 6995.7 3.1695 14.708524 1.473797 15.379741 13.905944 -53.33 8.01 2219.43701 2432.56909 24634.12636 4.5526 9627.7 10.366 21716.0 9.7995 "" "" 0.0027626167316885117 0.003025161 0.0038110071 0.0068361685 38.0497570853 57.2387728969 2313.15894 -2.1340000000000003 0.605 -1.8648103442192077 1.716344814300537 0.09604098 0.09504098 -15.840000000000003 29.699999 27.788483789090698 31.986019309950976 2.6561250758170853 14.887844148073492
38.57133359354 57.32152876712 0.014 0.0154 15.4394 "" "" 458005318067037312 2342.66187 0.4045 0.0242 -0.29 -1.159 0.019 0.02 1.073 10108.6 4.0996 14.711315 0.988841 15.114989 14.126148 "" "" 2240.01221 2487.2644 24570.88436 4.7683 12286.0 15.509 17730.0 12.764 "" "" 0.0027633646916453143 0.0031086137 0.003859362 0.0069679758 38.57133359354 57.32152876712 2342.66187 -0.2900000000000001 -1.159 -0.020810344219207744 -0.04765518569946292 0.09704098 0.09804098 "" "" 0.5774286028242439 "" 0.056519586922901516 ""
37.84259690321 57.65964969277 0.0144 0.0164 17.8297 "" "" 458072560076299392 1802.17151 0.5269 0.0246 -0.155 -1.98 0.019 0.02 1.089 "" "" 14.714398 1.659356 15.498243 13.838887 -29.29 4.03 1732.08142 1912.12476 24501.20477 5.4261 8632.2 11.928 23100.0 15.099 "" "" 0.0027657920323209823 0.003167944 0.0038454346 0.0070133787 37.84259690321 57.65964969277 1802.17151 -0.15499999999999992 -1.98 0.11418965578079224 -0.8686551856994629 0.09704098 0.09804098 8.199999999999996 25.72 7.484146123337586 11.101911691031818 0.7336265471082253 19.003524571181256
38.13425521436 57.81785157254 0.0141 0.0155 17.4988 "" "" 458078091994069120 2277.90771 0.4099 0.0222 0.873 -0.133 0.02 0.019 0.982 7712.5 3.829 14.716929 1.443128 15.367186 13.924058 -49.04 8.97 2161.65625 2387.90601 24444.14662 4.6243 9739.6 16.032 21357.0 14.993 "" "" 0.0027629653613092378 0.0033134723 0.0038554748 0.007168947 38.13425521436 57.81785157254 2277.90771 0.873 -0.133 1.1421896557807922 0.9783448143005371 0.09804098 0.09704098 -11.550000000000004 30.66 16.238178875502914 19.926890203763083 1.5851554297835522 17.817995764651734
38.21542161256 57.55187473706 0.0151 0.0165 4.6484 "" "" 458026002629222016 2167.65015 0.4219 0.024 -0.303 -1.179 0.019 0.021 1.071 "" "" 14.738852 1.110143 15.200135 14.089993 "" "" 2064.73267 2284.58789 23955.54661 4.9492 11360.0 13.548 18330.0 14.961 "" "" 0.002764435828034964 0.0030759873 0.0038818866 0.0069578737 38.21542161256 57.55187473706 2167.65015 -0.30299999999999994 -1.179 -0.033810344219207755 -0.06765518569946294 0.09704098 0.09904098 "" "" 0.7771043612867349 "" 0.07665710744328214 ""
38.76187170374 57.41723210014 0.0145 0.0161 15.291 "" "" 458006894309864704 2262.08667 0.4131 0.0247 -0.287 -1.154 0.019 0.021 1.095 11057.6 4.398 14.742738 1.013707 15.110634 14.096927 "" "" 2128.00049 2397.57373 23869.95771 5.9359 12336.0 48.503 18213.0 88.032 "" "" 0.002768517271709957 0.005099879 0.0064671407 0.01156702 38.76187170374 57.41723210014 2262.08667 -0.287 -1.1539999999999997 -0.01781034421920774 -0.042655185699462805 0.09704098 0.09904098 "" "" 0.4956289164558171 "" 0.04894168060414195 ""
38.25051450302 57.74223031488 0.0141 0.0165 11.924 "" "" 458029988358770432 2044.27588 0.4526 0.0227 0.693 0.497 0.019 0.021 1.019 5799.8 2.7795 14.754454 2.096932 15.826409 13.729478 -86.39 2.38 1951.23242 2132.3291 23613.77258 5.7653 6380.5 9.779 25549.0 15.072 "" "" 0.002768042279181685 0.0032487046 0.0038332716 0.007081976 38.25051450302 57.74223031488 2044.27588 0.693 0.497 0.9621896557807922 1.608344814300537 0.09704098 0.09904098 -48.900000000000006 24.07 18.160637113011955 52.163385054562056 1.789145657978827 22.572756231796717
38.39303077617 57.47000663491 0.0141 0.0154 5.0522 "" "" 458021982539875584 2059.09521 0.4588 0.0236 -0.257 -1.059 0.019 0.02 1.034 7979.3 4.1551 14.754954 0.991007 15.160647 14.169641 "" "" 1957.52502 2153.3125 23602.87967 4.495 11780.0 9.9702 17033.0 14.25 "" "" 0.0027630677746309238 0.002937598 0.003887005 0.006824603 38.39303077617 57.47000663491 2059.09521 -0.2569999999999999 -1.0590000000000002 0.01218965578079223 0.05234481430053717 0.09704098 0.09804098 "" "" 0.5245610194276632 "" 0.05140162519506909 ""
38.21078194926 57.38565940515 0.0147 0.0152 11.0946 "" "" 458015248031238400 2324.69482 0.4007 0.0231 -0.295 -1.079 0.019 0.019 1.081 8728.1 3.5882 14.756104 1.119179 15.225957 14.106778 "" "" 2194.45068 2457.4563 23577.88226 4.1271 11093.0 11.064 18049.0 10.368 "" "" 0.0027618667322677043 0.0029929443 0.0038304976 0.006823442 38.21078194926 57.38565940515 2324.69482 -0.29499999999999993 -1.079 -0.025810344219207748 0.03234481430053715 0.09704098 0.09704098 "" "" 0.4559759516911166 "" 0.0442483536892768 ""
38.47098916044 57.39547492649 0.0145 0.0164 10.0698 "" "" 458009441235424384 1727.46802 0.5476 0.0262 -1.01 -3.109 0.02 0.02 1.089 "" "" 14.758155 1.587239 15.491262 13.904023 -12.21 5.77 1664.28894 1798.97888 23533.39927 5.0308 8687.8 12.819 21754.0 14.145 "" "" 0.002765078696798123 0.0032173786 0.003844753 0.0070621315 38.47098916044 57.39547492649 1727.46802 -1.0099999999999993 -3.108999999999999 -0.7408103442192078 -1.9976551856994629 0.09804098 0.09804098 25.279999999999994 27.46 17.445717601449832 30.71532944035496 1.7103953041972737 22.62159632628388
37.86430051304 57.55708702 0.0146 0.0157 15.953 "" "" 458068643066183296 1744.5625 0.5424 0.0237 5.238 -3.625 0.018 0.019 1.037 9573.8 4.046 14.758882 1.243831 15.292063 14.048232 "" "" 1675.82324 1807.63599 23517.66203 9.8423 10437.0 18.388 19049.0 28.814 "" "" 0.0027925360814706713 0.00338291 0.004120791 0.007503701 37.86430051304 57.55708702 1744.5625 5.238 -3.625 5.507189655780793 -2.513655185699463 0.09604098 0.09704098 "" "" 50.059631188620365 "" 4.816443974955583 ""
37.94728400773 57.54936762184 0.0141 0.0146 13.2818 "" "" 458067749712984576 2125.39282 0.436 0.022 -0.366 -1.015 0.018 0.018 0.983 8761.4 4.0562 14.767496 1.154336 15.257384 14.103048 "" "" 2032.81934 2227.40332 23331.80291 4.2964 10776.0 14.189 18111.0 11.742 "" "" 0.0027625643727547267 0.0031350984 0.0038443767 0.006979475 37.94728400773 57.54936762184 2125.39282 -0.3659999999999999 -1.0149999999999997 -0.09681034421920776 0.09634481430053721 0.09604098 0.09604098 "" "" 1.3759736761924264 "" 0.1321498589779303 ""
38.34163347377 57.4629808143 0.0152 0.016 5.391 "" "" 458021776381456384 2186.10376 0.4198 0.0244 -0.211 -1.079 0.02 0.021 1.013 7196.7 3.8793 14.780012 0.922831 15.150293 14.227463 "" "" 2098.82666 2316.44775 23064.39485 4.494 11893.0 14.606 16150.0 9.6936 "" "" 0.0027634296217625984 0.0030924156 0.0038351556 0.0069275713 38.34163347377 57.4629808143 2186.10376 -0.21100000000000008 -1.0789999999999997 0.05818965578079224 0.03234481430053715 0.09804098 0.09904098 "" "" 0.6898583367242999 "" 0.06779785647963389 ""
37.79372403985 57.61644198466 0.0139 0.016 18.6097 "" "" 458072040377395200 2426.46021 0.3767 0.0236 -0.468 -0.981 0.018 0.02 0.926 10475.1 4.2154 14.783494 0.978019 15.17933 14.201311 "" "" 2314.01001 2560.78174 22990.54093 4.4115 11579.0 11.925 16544.0 11.503 "" "" 0.002763185246098472 0.00300589 0.003854039 0.006859929 37.79372403985 57.61644198466 2426.46021 -0.4680000000000002 -0.9810000000000001 -0.1988103442192078 0.13034481430053713 0.09604098 0.09804098 "" "" 2.734227361137914 "" 0.26425371240411644 ""
38.39245076755 57.51722415949 0.0159 0.0162 2.3524 "" "" 458022326137225344 1986.66003 0.4747 0.0262 -0.279 -1.077 0.021 0.021 1.064 9808.0 4.0131 14.788314 0.93799 15.16544 14.227449 "" "" 1898.93689 2080.45435 22888.7034 4.5809 11728.0 13.853 16150.0 13.455 "" "" 0.002763875438059534 0.0030707906 0.0038861225 0.006956913 38.39245076755 57.51722415949 1986.66003 -0.2790000000000001 -1.077 -0.00981034421920779 0.03434481430053715 0.09904098 0.09904098 "" "" 0.3363525678215775 "" 0.03331268715443805 ""
39.02053560903 57.68603003691 0.0133 0.0151 22.6962 "" "" 458110630664171008 2343.95898 0.3986 0.0223 -0.272 -1.113 0.018 0.018 1.011 10321.5 4.0107 14.799773 0.968558 15.190755 14.222197 "" "" 2232.32959 2455.09692 22648.40553 4.4996 11458.0 15.193 16229.0 16.061 "" "" 0.002763750735616353 0.0031396912 0.0039291563 0.0070688473 39.02053560903 57.68603003691 2343.95898 -0.2719999999999999 -1.113 -0.002810344219207783 -0.00165518569946288 0.09604098 0.09604098 "" "" 0.036236954775932056 "" 0.0034802326136647477 ""
38.32483365352 57.58056851076 0.0151 0.0159 2.0357 "" "" 458023528728025856 2314.43604 0.4041 0.0241 -0.28 -1.022 0.019 0.02 1.028 10327.0 4.1343 14.80609 0.950658 15.191018 14.24036 "" "" 2192.96313 2471.05298 22517.00172 4.6884 11455.0 14.704 15959.0 8.5766 "" "" 0.002764578805573978 0.0031188792 0.0038241586 0.0069430377 38.32483365352 57.58056851076 2314.43604 -0.2799999999999999 -1.0219999999999998 -0.01081034421920779 0.08934481430053709 0.09704098 0.09804098 "" "" 0.9872993704193193 "" 0.09678162697049654 ""
38.10226008835 57.64577271499 0.0149 0.0168 10.0011 "" "" 458074690380066304 2471.07056 0.3703 0.0243 -1.638 0.135 0.02 0.021 0.992 9001.7 3.755 14.806232 1.150054 15.290495 14.140441 "" "" 2351.69629 2629.67993 22514.07637 4.4171 10452.0 11.372 17498.0 16.41 "" "" 0.002763541967862451 0.0030299386 0.0039141425 0.006944081 38.10226008835 57.64577271499 2471.07056 -1.638 0.13499999999999984 -1.3688103442192077 1.2463448143005371 0.09804098 0.09904098 "" "" 21.68311271851192 "" 2.135689287501975 ""
38.48235109016 57.49616581684 0.0155 0.0162 5.1892 "" "" 458011812057291520 2103.24634 0.4486 0.0266 -0.251 -1.098 0.021 0.021 1.004 10202.6 3.8986 14.809228 0.969584 15.198593 14.22901 "" "" 1996.46143 2196.66846 22452.03467 4.7481 11376.0 12.986 16127.0 15.821 "" "" 0.0027648706273922146 0.003053056 0.003926607 0.006979663 38.48235109016 57.49616581684 2103.24634 -0.25099999999999995 -1.0979999999999999 0.018189655780792235 0.013344814300537022 0.09904098 0.09904098 "" "" 0.22490806989446036 "" 0.022275115125260547 ""
38.5888968322 57.65316155427 0.016 0.017 9.5319 "" "" 458118361604892928 2287.73584 0.3965 0.0261 1.761 -0.114 0.021 0.021 1.113 5288.2 2.9892 14.81083 2.023086 15.835901 13.812815 1.66 2.66 2148.3667 2431.87695 22418.9219 5.5689 6324.9 9.3374 23661.0 10.992 "" "" 0.0027684881874518253 0.0032177975 0.003812891 0.007030688 38.5888968322 57.65316155427 2287.73584 1.7609999999999997 -0.11400000000000007 2.0301896557807924 0.9973448143005371 0.09904098 0.09904098 39.14999999999999 24.349998 24.52816450176075 46.19906226132123 2.4292933923822138 20.674939947455417
38.42930287413 57.56130127371 0.0169 0.018 2.3009 "" "" 458024044124105984 2124.30396 0.4415 0.0285 -0.195 -1.061 0.022 0.024 1.096 "" "" 14.82047 0.88571 15.172441 14.286731 "" "" 1977.01025 2267.7251 22220.75937 4.3697 11653.0 15.852 15292.0 13.546 "" "" 0.0027635802278169423 0.0031569728 0.003899837 0.00705681 38.42930287413 57.56130127371 2124.30396 -0.195 -1.0610000000000002 0.07418965578079223 0.050344814300537166 0.10004098 0.10204098 "" "" 0.9027927351132251 "" 0.09088944092658204 ""
38.70522694364 57.61932535207 0.0154 0.0171 11.8147 "" "" 458106610574828672 2114.49829 0.4436 0.0255 -0.16 -1.127 0.02 0.021 1.081 8296.0 3.5097 14.829028 1.240992 15.364287 14.123296 "" "" 2008.48218 2261.34229 22046.28096 4.5474 9765.7 13.166 17776.0 11.127 "" "" 0.0027644064906577437 0.0031508238 0.003840002 0.0069908258 38.70522694364 57.61932535207 2114.49829 -0.16000000000000003 -1.127 0.10918965578079223 -0.015655185699462892 0.09804098 0.09904098 "" "" 1.1055687297722054 "" 0.10841342533699465 ""
38.91963850498 57.62518131453 0.014 0.0154 18.5271 "" "" 458104652069731456 2010.05103 0.4691 0.0238 -0.228 -1.109 0.019 0.019 1.022 10131.8 3.9598 14.842048 1.04979 15.273165 14.223374 "" "" 1910.59009 2105.55737 21783.50815 4.3713 10621.0 11.505 16211.0 13.178 "" "" 0.0027639209202148657 0.0030279148 0.0038810708 0.006908986 38.91963850498 57.62518131453 2010.05103 -0.22799999999999987 -1.109 0.04118965578079223 0.0023448143005371236 0.09704098 0.09704098 "" "" 0.3930756683679099 "" 0.03814444848699902 ""
