Clusters/UBC_17a/UBC_17a_stars_in_region.tsv
# %ECSV 1.0
# ---
# datatype:
# - name: RA_ICRS_1
#   unit: deg
#   datatype: float64
#   format: '{:15.11f}'
#   description: Right ascension (ICRS) at Ep=2016.0 (ra)
#   meta: !!omap
#   - {ucd: POS_EQ_RA_MAIN}
#   - {width: 15}
#   - {precision: '11'}
# - name: DE_ICRS_1
#   unit: deg
#   datatype: float64
#   format: '{:15.11f}'
#   description: Declination (ICRS) at Ep=2016.0 (dec)
#   meta: !!omap
#   - {ucd: POS_EQ_DEC_MAIN}
#   - {width: 15}
#   - {precision: '11'}
# - name: e_RA_ICRS
#   unit: mas
#   datatype: float64
#   format: '{:7.4f}'
#   description: Standard error of right ascension (ra_error)
#   meta: !!omap
#   - {ucd: ERROR}
#   - {width: 7}
#   - {precision: '4'}
# - name: e_DE_ICRS
#   unit: mas
#   datatype: float64
#   format: '{:7.4f}'
#   description: Standard error of declination (dec_error)
#   meta: !!omap
#   - {ucd: ERROR}
#   - {width: 7}
#   - {precision: '4'}
# - name: _r_1
#   unit: ''
#   datatype: float64
#   format: '{:8.4f}'
#   description: Distance from center (083.33010627000-01.60640520000)[ICRS], at Epoch=J2016.0
#   meta: !!omap
#   - {ucd: POS_ANG_DIST_GENERAL}
#   - {width: 8}
#   - {precision: '4'}
# - name: HIP
#   datatype: int32
#   description: '? HIP cross-id number, van Leeuwen, Cat. I/311 (hip_original_ext_source_id)'
#   meta: !!omap
#   - {ucd: ID_NUMBER}
#   - {width: 6}
#   - values: {'null': -2147483648}
# - name: TYC2
#   datatype: string
#   description: Tycho-2 cross-id name, Hog et al., Cat. I/259 (tyc2_original_ext_source_id)
#   meta: !!omap
#   - {ucd: ID_CROSSID}
#   - {_votable_string_dtype: char}
# - name: Source
#   datatype: int64
#   description: Source identifier, identical to the Gaia-EDR3 source_id (id)
#   meta: !!omap
#   - {ucd: ID_MAIN}
#   - {width: 19}
# - name: rgeo
#   unit: pc
#   datatype: float64
#   format: '{:15.8f}'
#   description: '? Median of the geometric distance posterior (r_med_geo)'
#   meta: !!omap
#   - {ucd: PHYS_DISTANCE_TRUE}
#   - {width: 15}
#   - {precision: '8'}
#   - values: {'null': .nan}
# - name: Plx
#   unit: mas
#   datatype: float64
#   format: '{:9.4f}'
#   description: '? Parallax (parallax)'
#   meta: !!omap
#   - {ucd: POS_PARLX_TRIG}
#   - {width: 9}
#   - {precision: '4'}
#   - values: {'null': .nan}
# - name: e_Plx
#   unit: mas
#   datatype: float32
#   format: '{:7.4f}'
#   description: '? Standard error of parallax (parallax_error)'
#   meta: !!omap
#   - {ucd: ERROR}
#   - {width: 7}
#   - {precision: '4'}
#   - values: {'null': .nan}
# - name: pmRA
#   unit: mas / yr
#   datatype: float64
#   format: '{:9.3f}'
#   description: '? Proper motion in right ascension direction, pmRA*cosDE (pmra)'
#   meta: !!omap
#   - {ucd: POS_EQ_PMRA}
#   - {width: 9}
#   - {precision: '3'}
#   - values: {'null': .nan}
# - name: pmDE
#   unit: mas / yr
#   datatype: float64
#   format: '{:9.3f}'
#   description: '? Proper motion in declination direction (pmdec)'
#   meta: !!omap
#   - {ucd: POS_EQ_PMDEC}
#   - {width: 9}
#   - {precision: '3'}
#   - values: {'null': .nan}
# - name: e_pmRA
#   unit: mas / yr
#   datatype: float32
#   format: '{:6.3f}'
#   description: '? Standard error of proper motion in right ascension direction (pmra_error)'
#   meta: !!omap
#   - {ucd: ERROR}
#   - {width: 6}
#   - {precision: '3'}
#   - values: {'null': .nan}
# - name: e_pmDE
[...]
#         unit: &id001 !astropy.units.Unit {unit: deg}
#         value: !astropy.table.SerializedColumn {name: SkyCoord.dec}
#       distance: !astropy.table.SerializedColumn
#         __class__: astropy.coordinates.distances.Distance
#         unit: !astropy.units.Unit {unit: pc}
#         value: !astropy.table.SerializedColumn {name: SkyCoord.distance}
#       frame: icrs
#       obstime: !astropy.time.Time {format: jyear_str, in_subfmt: '*', jd1: 367701545.0, jd2: 0.0, out_subfmt: '*', precision: 3, scale: tt}
#       pm_dec: !astropy.table.SerializedColumn
#         __class__: astropy.units.quantity.Quantity
#         unit: !astropy.units.Unit {unit: mas / yr}
#         value: !astropy.table.SerializedColumn {name: SkyCoord.pm_dec}
#       pm_ra_cosdec: !astropy.table.SerializedColumn
#         __class__: astropy.units.quantity.Quantity
#         unit: !astropy.units.Unit {unit: mas / yr}
#         value: !astropy.table.SerializedColumn {name: SkyCoord.pm_ra_cosdec}
#       ra: !astropy.table.SerializedColumn
#         __class__: astropy.coordinates.angles.Longitude
#         unit: *id001
#         value: !astropy.table.SerializedColumn {name: SkyCoord.ra}
#         wrap_angle: !astropy.coordinates.Angle
#           unit: *id001
#           value: 360.0
#       representation_type: spherical
# schema: astropy-2.0
RA_ICRS_1 DE_ICRS_1 e_RA_ICRS e_DE_ICRS _r_1 HIP TYC2 Source rgeo Plx e_Plx pmRA pmDE e_pmRA e_pmDE RUWE Teff logg Gmag BP-RP BPmag RPmag RV e_RV b_rgeo B_rgeo FG e_FG FBP e_FBP FRP e_FRP RAVE5 RAVE6 e_Gmag e_BPmag e_RPmag e_BP-RP SkyCoord.ra SkyCoord.dec SkyCoord.distance SkyCoord.pm_ra_cosdec SkyCoord.pm_dec
[from data line 40]
85.05640567567 -1.46256061834 0.0322 0.0303 103.8999 26683 4767-1405-1 3217426388745056896 407.751129 2.4301 0.0426 -1.995 1.939 0.039 0.035 1.116 "" "" 7.638847 -0.058066 7.599575 7.657641 "" "" 399.116516 416.714508 16573255.22852 7618.3 12462000.0 11826.0 6856500.0 6207.6 "" "" 0.0028001562972124823 0.0029743265 0.0039051224 0.006879449 85.05640567567 -1.46256061834 407.751129 -1.9949999999999999 1.939
84.17512440008 -3.29412270384 0.02 0.0181 113.2251 "" 4770-1337-1 3216015028131831168 287.608673 3.4431 0.0232 14.388 2.782 0.023 0.021 1.002 "" "" 7.677072 1.60746 8.437484 6.830023 28.54 0.12 285.665497 290.080536 15999924.28454 3153.0 5760000.0 3429.3 14694000.0 7363.5 "" "" 0.0027636149903097853 0.0028640693 0.0038183448 0.006682414 84.17512440008 -3.29412270384 287.608673 14.388 2.782
83.68015285769 -4.39212428392 0.0274 0.0235 168.4537 "" 4774-919-1 3209652051264425472 370.740662 2.6678 0.0418 -0.149 0.46 0.037 0.028 0.887 "" "" 7.76222 -0.089158 7.601606 7.690764 "" "" 365.467041 376.901062 14793089.0423 5852.5 12439000.0 122220.0 6650500.0 119960.0 "" "" 0.0027886012221694794 0.011026799 0.019945567 0.030972365 83.68015285769 -4.39212428392 370.740662 -0.14899999999999997 0.4600000000000001
85.40995438195 -2.25902165452 0.0223 0.02 130.7217 26816 4771-1190-1 3216478266124377984 394.073425 2.504 0.0271 -0.048 0.106 0.026 0.022 0.939 13379.2 3.7523 7.764416 0.234761 7.821682 7.58692 "" "" 389.665222 397.539551 14763196.85013 4475.0 10157000.0 5048.6 7318000.0 3645.2 "" "" 0.0027749055358979226 0.0028418822 0.0038178808 0.006659763 85.40995438195 -2.25902165452 394.073425 -0.048 0.10600000000000001
82.27664298535 1.15413741952 0.018 0.0148 177.2809 25683 101-569-1 3221938165990045568 372.039001 2.6613 0.0231 12.354 -20.128 0.023 0.018 1.004 4421.8 1.9969 7.786258 1.413817 8.428783 7.014966 -13.83 0.12 369.494324 375.500244 14469172.57826 2344.7 5806400.0 1852.2 12393000.0 4554.8 "" "" 0.002760931864246658 0.0028115835 0.0038003896 0.006611973 82.27664298535 1.15413741952 372.039001 12.353999999999997 -20.128
81.93632393686 -1.81310394837 0.0294 0.0224 84.5047 25552 4753-1716-1 3220117409094677888 346.991455 2.8706 0.0397 1.187 -1.143 0.04 0.029 1.125 13147.9 3.9925 7.795357 -0.070289 7.75389 7.824179 "" "" 342.032013 350.751953 14348414.30432 4115.6 10811000.0 4677.8 5881500.0 3026.5 "" "" 0.0027728640399780975 0.002829443 0.0038204542 0.0066498974 81.93632393686 -1.81310394837 346.991455 1.1869999999999998 -1.143
80.86728649453 -1.00244114671 0.0387 0.0281 152.1098 "" "" 3220467569188102784 374.58075 2.6474 0.06 1.876 -0.119 0.054 0.036 1.773 "" "" 7.853978 -0.050418 7.823246 7.873664 21.38 1.04 365.94046 383.907196 13594258.97682 4622.7 10142000.0 5349.3 5619400.0 2625.3 "" "" 0.00277994600649131 0.002848331 0.0038132688 0.0066615995 80.86728649453 -1.00244114671 374.58075 1.876 -0.11900000000000001
84.31052620122 -1.66772960164 0.0358 0.0341 58.9162 26405 4766-1809-1 3217369179781083904 356.93335 2.7817 0.0475 1.693 -1.157 0.043 0.038 1.132 "" "" 7.863419 -0.137059 7.800895 7.937953 "" "" 351.196655 362.650452 13476566.29004 8436.5 10353000.0 18322.0 5296400.0 7804.7 "" "" 0.0028379148066654076 0.0033877795 0.004104082 0.0074918615 84.31052620122 -1.66772960164 356.93335 1.693 -1.1569999999999998
85.25957372706 -2.71687499844 0.0213 0.0192 133.4993 26752 4771-1197-1 3216425420846945408 397.541138 2.4898 0.0274 4.321 -1.139 0.026 0.023 1.03 "" "" 7.867092 0.165946 7.89944 7.733494 "" "" 394.003998 402.090057 13431049.61303 12024.0 9454500.0 22476.0 6393800.0 17796.0 "" "" 0.002921739306893459 0.0038009372 0.0048390003 0.008639937 85.25957372706 -2.71687499844 397.541138 4.320999999999999 -1.139
85.28387657929 -3.63257795369 0.0339 0.0333 168.7934 26766 4771-1202-1 3215765438992121600 407.854309 2.436 0.0446 2.774 -2.894 0.039 0.037 1.021 "" "" 7.881305 -0.160008 7.811517 7.971525 "" "" 402.209564 413.616852 13256378.49009 5016.6 10252000.0 5355.8 5135100.0 2610.3 "" "" 0.0027857866079105185 0.0028472391 0.003819467 0.006666706 85.28387657929 -3.63257795369 407.854309 2.7740000000000005 -2.894
84.65229809248 -2.55354689815 0.0516 0.0489 97.5425 "" 4771-1193-1 3216489776637339136 389.794464 2.5285 0.0645 1.541 -0.693 0.062 0.056 1.444 "" "" 7.883999 -0.138415 7.823672 7.962087 "" "" 380.161499 399.358673 13223517.57505 7831.2 10138000.0 5120.7 5179900.0 3017.7 "" "" 0.0028293512031646387 0.0028435534 0.003831947 0.0066755004 84.65229809248 -2.55354689815 389.794464 1.541 -0.6930000000000001
83.13570664642 1.02359723822 0.02 0.0191 158.2306 "" 114-802-1 3221181976867311488 396.036194 2.495 0.0267 7.577 -0.558 0.023 0.021 1.068 "" "" 7.980509 1.478281 8.662744 7.184463 46.63 0.12 392.115143 400.279816 12098825.56338 2488.0 4680800.0 1879.4 10602000.0 4018.0 "" "" 0.0027643514874528376 0.00282402 0.0038017156 0.0066257357 83.13570664642 1.02359723822 396.036194 7.577 -0.558
81.1881795006 -0.8360887107 0.0163 0.0115 136.5456 "" 4753-693-1 3220567556026087936 286.979401 3.4611 0.0238 -10.817 -8.579 0.021 0.014 1.04 "" "" 7.983421 1.189758 8.49747 7.307712 33.43 0.12 285.300934 289.044312 12066412.0456 1477.9 5450400.0 1239.8 9464000.0 1871.8 "" "" 0.0027585274118969594 0.002801079 0.0037854775 0.0065865563 81.1881795006 -0.8360887107 286.979401 -10.817 -8.579
84.01493136302 -0.77996238332 0.0332 0.0289 64.3927 "" 4766-2177-1 3217753527814181376 413.597076 2.3941 0.0416 0.701 -0.64 0.039 0.034 1.084 9992.5 3.7744 7.984247 -0.100299 7.93365 8.033949 "" "" 406.394867 421.33139 12057238.62265 4964.0 9161300.0 5777.0 4848200.0 2588.6 "" "" 0.0027913435905054704 0.002872942 0.003823583 0.006696525 84.01493136302 -0.77996238332 413.597076 0.7010000000000001 -0.64
83.36477123152 -0.44139599598 0.0201 0.0165 69.9315 "" 4766-956-1 3220701967027453568 337.071198 2.9368 0.0222 3.36 -6.417 0.023 0.018 1.011 "" "" 7.987033 1.293466 8.562513 7.269048 -14.48 0.12 334.473602 339.038025 12026339.32743 1866.8 5133500.0 2338.2 9807100.0 3246.8 "" "" 0.00276046975351365 0.0028336563 0.0037964368 0.006630093 83.36477123152 -0.44139599598 337.071198 3.36 -6.417000000000001
84.48437605694 0.98741366467 0.0399 0.0342 170.3405 26481 115-1105-1 3222447961427178240 372.769012 2.6368 0.0464 -1.566 -1.418 0.048 0.037 1.22 "" "" 8.007518 -0.167538 7.9345 8.102037 "" "" 366.895844 378.861084 11801565.99612 8636.8 9154100.0 18356.0 4553500.0 9431.8 "" "" 0.002867602916699469 0.003539067 0.004397881 0.007936948 84.48437605694 0.98741366467 372.769012 -1.566 -1.418
84.98093252079 -3.3305085699 0.0287 0.0255 143.1537 26656 4771-1199-1 3215836323132227584 365.814087 2.7121 0.0352 0.871 -0.834 0.033 0.029 0.971 "" "" 8.010802 -0.136577 7.946546 8.083122 24.15 2.18 360.605072 371.007385 11765914.20246 8112.9 9053100.0 15579.0 4633500.0 9922.1 "" "" 0.0028552155216704615 0.0033579627 0.0044372566 0.0077952193 84.98093252079 -3.3305085699 365.814087 0.8710000000000001 -0.834
84.07429924682 -1.63533280818 0.0365 0.0335 44.6674 26319 4766-1903-1 3217359455974996736 421.9646 2.3406 0.0478 -0.578 -0.853 0.044 0.04 1.13 "" "" 8.024097 -0.127784 7.966106 8.093889 19.92 4.15 410.96933 433.285217 11622728.06193 4115.3 8891500.0 4571.4 4587800.0 2021.5 "" "" 0.002782009369027432 0.0028454608 0.00380954 0.006655001 84.07429924682 -1.63533280818 421.9646 -0.5780000000000001 -0.8529999999999999
82.21912466685 -0.60307210242 0.0389 0.0345 89.8091 25664 4753-446-1 3220542782654734720 344.022522 2.8889 0.0509 0.26 -2.595 0.044 0.037 1.172 "" "" 8.035812 -0.11805 7.979914 8.097964 31.66 1.78 337.675201 351.0177 11497991.34271 4870.3 8779100.0 4294.7 4570600.0 2233.0 "" "" 0.0027934373351536 0.0028402738 0.0038164249 0.006656699 82.21912466685 -0.60307210242 344.022522 0.26 -2.595
83.35857141812 0.62136030015 0.0379 0.0335 133.6768 26048 114-314-1 3221108893703854464 387.814209 2.5455 0.0473 -0.281 -1.078 0.047 0.037 1.165 "" "" 8.037156 -0.121727 7.978654 8.100381 "" "" 381.833801 395.396912 11483768.96106 5726.4 8789300.0 10514.0 4560400.0 4221.1 "" "" 0.002808007796090778 0.0030776446 0.0039107115 0.006988356 83.35857141812 0.62136030015 387.814209 -0.28099999999999997 -1.078
83.95013079631 -0.98688762603 0.0338 0.0298 52.5825 "" 4766-2447-1 3217608529718691712 344.4245 2.8701 0.041 1.655 -1.092 0.039 0.033 1.015 "" "" 8.046395 -0.103988 7.994743 8.098731 18.05 2.76 340.215668 349.638 11386459.83993 3714.9 8660000.0 5926.6 4567400.0 3914.2 "" "" 0.0027779968988804297 0.0028874134 0.003892234 0.0067796474 83.95013079631 -0.98688762603 344.4245 1.655 -1.092
84.75622577455 -2.6489931406 0.0402 0.0397 105.9462 26579 4771-1103-1 3216485103712446464 394.229584 2.5128 0.0475 1.317 -0.693 0.046 0.043 1.053 "" "" 8.058573 -0.095274 7.987484 8.082759 "" "" 387.761139 401.353943 11259463.40834 5100.6 8718100.0 7560.2 4635100.0 6497.7 "" "" 0.00279887485788869 0.0029447468 0.004074349 0.007019096 84.75622577455 -2.6489931406 394.229584 1.317 -0.6929999999999997
83.0617848438 -4.51838720739 0.0184 0.0168 175.4568 25954 4774-923-1 3209813301515219968 408.83493 2.4177 0.0265 0.589 -0.021 0.024 0.019 0.956 "" "" 8.091038 0.140682 8.118433 7.977751 "" "" 404.264923 414.152008 10927774.96665 8365.5 7727600.0 18687.0 5105700.0 10005.0 "" "" 0.002877953398451401 0.0038312569 0.0043370873 0.008168344 83.0617848438 -4.51838720739 408.83493 0.589 -0.021
82.38912639046 -1.18882313273 0.0176 0.0152 61.753 "" 4753-1014-1 3220272508952660992 316.589508 3.1251 0.0223 9.979 -23.159 0.021 0.018 0.99 4789.4 2.5463 8.100804 1.185381 8.613897 7.428516 5.0 0.12 314.662872 318.819702 10829918.05622 1783.9 4896200.0 1196.7 8467400.0 2441.6 "" "" 0.002761118230485168 0.0028027608 0.003792327 0.0065950877 82.38912639046 -1.18882313273 316.589508 9.979 -23.158999999999992
83.60942779613 -4.37121765224 0.0325 0.0267 166.7307 "" 4774-189-1 3209654937482366208 387.17749 2.5716 0.0536 0.462 -0.693 0.042 0.031 1.14 "" "" 8.105311 -0.133399 8.045729 8.179128 "" "" 380.405029 393.472534 10785054.21946 3271.0 8262800.0 3089.4 4241400.0 1831.6 "" "" 0.00277492761799477 0.0028195465 0.0038083538 0.0066279005 83.60942779613 -4.37121765224 387.17749 0.4620000000000001 -0.693
82.70280825712 0.02853807813 0.0379 0.0314 105.0675 25818 114-471-1 3220968293654839296 417.036774 2.3739 0.0454 0.624 1.203 0.051 0.037 1.173 12264.5 3.9059 8.11495 -0.085279 8.071901 8.15718 29.38 1.85 410.451385 425.585968 10689729.27777 4168.2 8066000.0 5492.3 4328000.0 2587.6 "" "" 0.0027876549384569763 0.0028864532 0.003834723 0.006721176 82.70280825712 0.02853807813 417.036774 0.624 1.2030000000000003
81.93018486129 -0.25911786989 0.0347 0.0298 116.5662 25548 4753-117-1 3220988737699432832 401.692444 2.463 0.0459 -0.017 1.686 0.039 0.034 1.116 9997.3 3.8065 8.122035 -0.074944 8.083577 8.158522 24.6 2.17 394.276764 409.010254 10620199.85441 3596.6 7979700.0 3890.8 4322600.0 2073.5 "" "" 0.002779745770628928 0.0028399478 0.0038150982 0.006655046 81.93018486129 -0.25911786989 401.692444 -0.017 1.686
84.15443438447 -1.0280089666 0.054 0.05 60.4094 "" 4766-2448-1 3217605196824038656 350.143066 2.8306 0.0661 -3.081 -3.896 0.06 0.055 1.619 12026.6 3.8715 8.122899 0.015552 8.101795 8.086244 "" "" 341.893188 357.950623 10611751.46109 3882.7 7846900.0 2808.7 4620200.0 1493.8 "" "" 0.0027838107298649344 0.0028171046 0.0037956496 0.0066127544 84.15443438447 -1.0280089666 350.143066 -3.0810000000000004 -3.8959999999999995
84.23904622976 -0.70193217214 0.0339 0.0283 76.9286 "" 4766-2242-1 3217760910861041536 380.852081 2.6106 0.0443 -0.91 -0.537 0.039 0.034 1.105 "" "" 8.134982 -0.132711 8.075241 8.207952 "" "" 375.369476 386.984283 10494307.26371 3782.7 8041200.0 4200.3 4130300.0 2158.8 "" "" 0.0027829748876125396 0.0028472242 0.0038217492 0.0066689737 84.23904622976 -0.70193217214 380.852081 -0.9100000000000003 -0.5370000000000001
82.4381165573 0.17608222218 0.0198 0.0169 119.5901 "" 101-1971-1 3221032615085090560 309.8396 3.198 0.0211 -9.561 -27.26 0.024 0.02 1.091 4874.7 2.6592 8.189038 1.231125 8.724176 7.493051 65.21 0.12 308.120392 312.280731 9984619.33756 1413.8 4423300.0 3440.6 7978800.0 4024.8 "" "" 0.0027596059007539463 0.0029151791 0.0038188593 0.0067340387 82.4381165573 0.17608222218 309.8396 -9.561 -27.26
85.75239261568 -2.31261869833 0.0371 0.034 151.3056 26939 4771-1192-1 3216556606326986112 373.653778 2.6523 0.0377 -1.166 -2.369 0.043 0.038 1.379 "" "" 8.219374 0.309796 8.294795 7.984999 24.31 2.29 368.388885 378.120667 9709513.01868 3557.2 6569000.0 3160.5 5071800.0 2498.9 "" "" 0.0027838844524518407 0.002838648 0.0038170533 0.0066557014 85.75239261568 -2.31261869833 373.653778 -1.1659999999999997 -2.369
83.64305193048 -1.74374458435 0.0226 0.0184 20.498 26156 4766-119-1 3217540841034291968 346.721039 2.8507 0.027 -7.098 -7.627 0.025 0.021 1.115 "" "" 8.22849 0.353834 8.347928 7.994094 -13.54 4.47 343.77063 350.212158 9628324.0037 2187.3 6255300.0 2339.5 5029400.0 2389.6 "" "" 0.0027663379886729055 0.0028195637 0.0038144253 0.006633989 83.64305193048 -1.74374458435 346.721039 -7.098 -7.627000000000002
83.67965778444 -4.39200670392 0.0414 0.036 168.443 "" 4774-919-2 3209652046973175424 392.0466 2.5109 0.0629 0.497 0.65 0.055 0.046 1.12 16106.0 4.4006 8.258227 -0.161739 7.930158 8.091897 "" "" 383.705811 401.196472 9368189.18512 5005.0 9190800.0 437570.0 4596200.0 149580.0 "" "" 0.002815716375188962 0.05176668 0.035536043 0.08730272 83.67965778444 -4.39200670392 392.0466 0.49700000000000005 0.65
83.05450738632 -1.60049268974 0.0374 0.0319 16.5333 "" 4766-370-1 3217228064335286272 413.772339 2.3867 0.0413 0.465 -1.748 0.048 0.038 1.107 "" "" 8.261063 -0.106807 8.207445 8.314252 "" "" 403.979553 421.176758 9343761.02201 6967.6 7119300.0 14992.0 3745000.0 7103.0 "" "" 0.0028718091468360437 0.0036072894 0.0043039913 0.007911281 83.05450738632 -1.60049268974 413.772339 0.4650000000000001 -1.748
81.48281851903 -2.33552914348 0.0227 0.018 119.0968 25394 4757-924-1 3214070301300036992 350.951813 2.8261 0.031 0.929 -1.551 0.031 0.022 0.998 "" "" 8.263457 -0.088899 8.216889 8.305788 "" "" 347.650269 354.616516 9323173.69259 8547.0 7057700.0 16534.0 3774400.0 9553.9 "" "" 0.0029295910643898867 0.0037755342 0.0046729683 0.008448502 81.48281851903 -2.33552914348 350.951813 0.929 -1.5509999999999997
85.73344991894 0.02449489441 0.0205 0.018 174.2523 "" 115-281-1 3219276553281236992 323.956421 3.0538 0.0215 72.679 -34.344 0.024 0.019 1.095 "" "" 8.264943 1.153597 8.757416 7.603818 148.52 0.14 321.386475 326.61142 9310422.16599 1215.5 4289900.0 1620.3 7204900.0 2812.2 "" "" 0.002758963799540731 0.0028201449 0.003803067 0.006623212 85.73344991894 0.02449489441 323.956421 72.67900000000002 -34.343999999999994
83.80757699034 -2.38119770002 0.0511 0.0498 54.5968 "" 4770-967-1 3216894912312307200 422.766754 2.3599 0.0665 -0.796 1.694 0.058 0.054 1.986 9999.8 3.7009 8.302966 -0.011102 8.283814 8.294916 "" "" 411.310516 434.132843 8990015.09195 4978.8 6635800.0 10002.0 3812300.0 6642.5 "" "" 0.002820167846352752 0.0032346875 0.0042264084 0.007461096 83.80757699034 -2.38119770002 422.766754 -0.7960000000000002 1.694
83.43937332128 -0.02892696267 0.0256 0.0224 94.8754 26082 4766-1354-1 3220861228709720192 301.434784 3.2815 0.0321 -1.831 0.574 0.031 0.026 1.03 "" "" 8.307183 -0.058414 8.273205 8.331619 29.78 1.69 298.262878 304.632416 8955160.35994 2889.6 6700900.0 2664.5 3685600.0 1604.4 "" "" 0.002777503721691687 0.0028233728 0.0038088204 0.006632193 83.43937332128 -0.02892696267 301.434784 -1.8309999999999997 0.574
