Clusters/UBC_17a/UBC_17a_stars_in_region.tsv
# %ECSV 1.0
# ---
# datatype:
# - name: RA_ICRS_1
#   unit: deg
#   datatype: float64
#   format: '{:15.11f}'
#   description: Right ascension (ICRS) at Ep=2016.0 (ra)
#   meta: !!omap
#   - {ucd: POS_EQ_RA_MAIN}
#   - {width: 15}
#   - {precision: '11'}
# - name: DE_ICRS_1
#   unit: deg
#   datatype: float64
#   format: '{:15.11f}'
#   description: Declination (ICRS) at Ep=2016.0 (dec)
#   meta: !!omap
#   - {ucd: POS_EQ_DEC_MAIN}
#   - {width: 15}
#   - {precision: '11'}
# - name: e_RA_ICRS
#   unit: mas
#   datatype: float64
#   format: '{:7.4f}'
#   description: Standard error of right ascension (ra_error)
#   meta: !!omap
#   - {ucd: ERROR}
#   - {width: 7}
#   - {precision: '4'}
# - name: e_DE_ICRS
#   unit: mas
#   datatype: float64
#   format: '{:7.4f}'
#   description: Standard error of declination (dec_error)
#   meta: !!omap
#   - {ucd: ERROR}
#   - {width: 7}
#   - {precision: '4'}
# - name: _r_1
#   unit: ''
#   datatype: float64
#   format: '{:8.4f}'
#   description: Distance from center (083.33010627000-01.60640520000)[ICRS], at Epoch=J2016.0
#   meta: !!omap
#   - {ucd: POS_ANG_DIST_GENERAL}
#   - {width: 8}
#   - {precision: '4'}
# - name: HIP
#   datatype: int32
#   description: '? HIP cross-id number, van Leeuwen, Cat. I/311 (hip_original_ext_source_id)'
#   meta: !!omap
#   - {ucd: ID_NUMBER}
#   - {width: 6}
#   - values: {'null': -2147483648}
# - name: TYC2
#   datatype: string
#   description: Tycho-2 cross-id name, Hog et al., Cat. I/259 (tyc2_original_ext_source_id)
#   meta: !!omap
#   - {ucd: ID_CROSSID}
#   - {_votable_string_dtype: char}
# - name: Source
#   datatype: int64
#   description: Source identifier, identical to the Gaia-EDR3 source_id (id)
#   meta: !!omap
#   - {ucd: ID_MAIN}
#   - {width: 19}
# - name: rgeo
#   unit: pc
#   datatype: float64
#   format: '{:15.8f}'
#   description: '? Median of the geometric distance posterior (r_med_geo)'
#   meta: !!omap
#   - {ucd: PHYS_DISTANCE_TRUE}
#   - {width: 15}
#   - {precision: '8'}
#   - values: {'null': .nan}
# - name: Plx
#   unit: mas
#   datatype: float64
#   format: '{:9.4f}'
#   description: '? Parallax (parallax)'
#   meta: !!omap
#   - {ucd: POS_PARLX_TRIG}
#   - {width: 9}
#   - {precision: '4'}
#   - values: {'null': .nan}
# - name: e_Plx
#   unit: mas
#   datatype: float32
#   format: '{:7.4f}'
#   description: '? Standard error of parallax (parallax_error)'
#   meta: !!omap
#   - {ucd: ERROR}
#   - {width: 7}
#   - {precision: '4'}
#   - values: {'null': .nan}
# - name: pmRA
#   unit: mas / yr
#   datatype: float64
#   format: '{:9.3f}'
#   description: '? Proper motion in right ascension direction, pmRA*cosDE (pmra)'
#   meta: !!omap
#   - {ucd: POS_EQ_PMRA}
#   - {width: 9}
#   - {precision: '3'}
#   - values: {'null': .nan}
# - name: pmDE
#   unit: mas / yr
#   datatype: float64
#   format: '{:9.3f}'
#   description: '? Proper motion in declination direction (pmdec)'
#   meta: !!omap
#   - {ucd: POS_EQ_PMDEC}
#   - {width: 9}
#   - {precision: '3'}
#   - values: {'null': .nan}
# - name: e_pmRA
#   unit: mas / yr
#   datatype: float32
#   format: '{:6.3f}'
#   description: '? Standard error of proper motion in right ascension direction (pmra_error)'
#   meta: !!omap
#   - {ucd: ERROR}
#   - {width: 6}
#   - {precision: '3'}
#   - values: {'null': .nan}
# - name: e_pmDE
[...]
#         unit: &id001 !astropy.units.Unit {unit: deg}
#         value: !astropy.table.SerializedColumn {name: SkyCoord.dec}
#       distance: !astropy.table.SerializedColumn
#         __class__: astropy.coordinates.distances.Distance
#         unit: !astropy.units.Unit {unit: pc}
#         value: !astropy.table.SerializedColumn {name: SkyCoord.distance}
#       frame: icrs
#       obstime: !astropy.time.Time {format: jyear_str, in_subfmt: '*', jd1: 367701545.0, jd2: 0.0, out_subfmt: '*', precision: 3, scale: tt}
#       pm_dec: !astropy.table.SerializedColumn
#         __class__: astropy.units.quantity.Quantity
#         unit: !astropy.units.Unit {unit: mas / yr}
#         value: !astropy.table.SerializedColumn {name: SkyCoord.pm_dec}
#       pm_ra_cosdec: !astropy.table.SerializedColumn
#         __class__: astropy.units.quantity.Quantity
#         unit: !astropy.units.Unit {unit: mas / yr}
#         value: !astropy.table.SerializedColumn {name: SkyCoord.pm_ra_cosdec}
#       ra: !astropy.table.SerializedColumn
#         __class__: astropy.coordinates.angles.Longitude
#         unit: *id001
#         value: !astropy.table.SerializedColumn {name: SkyCoord.ra}
#         wrap_angle: !astropy.coordinates.Angle
#           unit: *id001
#           value: 360.0
#       representation_type: spherical
# schema: astropy-2.0
RA_ICRS_1 DE_ICRS_1 e_RA_ICRS e_DE_ICRS _r_1 HIP TYC2 Source rgeo Plx e_Plx pmRA pmDE e_pmRA e_pmDE RUWE Teff logg Gmag BP-RP BPmag RPmag RV e_RV b_rgeo B_rgeo FG e_FG FBP e_FBP FRP e_FRP RAVE5 RAVE6 e_Gmag e_BPmag e_RPmag e_BP-RP SkyCoord.ra SkyCoord.dec SkyCoord.distance SkyCoord.pm_ra_cosdec SkyCoord.pm_dec
[from data line 3499]
84.99272128007 -2.43858253712 0.0319 0.0301 111.4986 "" "" 3216496030109176448 399.038452 2.4537 0.0398 2.13 -0.266 0.037 0.033 1.067 3533.2 3.9762 15.689119 2.59765 17.109774 14.512123 "" "" 392.169312 405.809692 9983.87612 18.856 1956.6 17.91 12425.0 52.279 "" "" 0.003434622021172958 0.010322668 0.0059290086 0.016251676 84.99272128007 -2.43858253712 399.038452 2.13 -0.266
82.73343108498 0.69399669743 0.0333 0.0287 142.5906 "" "" 3221146242739617408 349.918182 2.8052 0.0424 1.529 -0.417 0.042 0.036 1.019 "" "" 15.690377 2.659623 17.157314 14.497691 "" "" 346.213684 355.196014 9972.31118 5.688 1872.8 14.821 12592.0 31.747 "" "" 0.0028240571725250212 0.009033991 0.0046665706 0.013700562 82.73343108498 0.69399669743 349.918182 1.529 -0.4169999999999999
84.70992851348 -2.44658003219 0.2894 0.2552 96.8845 "" "" 3216493246970258176 410.978882 2.5374 0.3695 2.088 1.802 0.322 0.294 8.693 "" "" 15.690602 2.757567 17.05777 14.300202 "" "" 352.598572 477.13974 9970.24661 32.515 2052.6 18.838 15103.0 29.362 "" "" 0.004486546365254946 0.010347751 0.0043288795 0.0146766305 84.70992851348 -2.44658003219 410.978882 2.088 1.802
81.11596047331 -2.41794473877 0.0747 0.0739 141.4132 "" "" 3214077413765776384 335.838837 2.9153 0.1057 1.855 -0.56 0.095 0.087 1.14 "" "" 15.691048 "" "" "" "" "" 326.978271 347.94693 9966.1579 25.796 "" "" "" "" "" "" 0.0039356622414328645 "" "" "" 81.11596047331 -2.41794473877 335.838837 1.855 -0.56
80.74856540509 -1.28234852908 0.0253 0.0189 156.059 "" "" 3220435064875660928 375.156494 2.6242 0.0363 0.825 -15.909 0.035 0.023 1.026 "" "" 15.691224 1.772478 16.55071 14.778233 "" "" 370.31897 380.075348 9964.53777 2.7098 3274.4 7.9777 9724.5 9.1569 "" "" 0.0027710950515064266 0.003844803 0.003915221 0.0077600237 80.74856540509 -1.28234852908 375.156494 0.825 -15.909
83.04187186222 0.11069505242 0.031 0.0276 104.4671 "" "" 3221061408545825024 408.103882 2.4023 0.041 13.916 -6.899 0.036 0.032 0.951 3801.0 4.3126 15.691706 1.713822 16.518137 14.804315 "" "" 401.198425 415.145844 9960.12003 4.484 3374.1 9.1393 9493.6 14.366 "" "" 0.0027983402954603193 0.0040538753 0.0041210526 0.008174928 83.04187186222 0.11069505242 408.103882 13.915999999999999 -6.899
81.59097374234 -2.20765274226 0.0258 0.021 110.3528 "" "" 3220080472376003072 347.531555 2.8325 0.0354 2.095 -0.342 0.035 0.025 1.085 "" "" 15.693051 2.731092 17.216702 14.485609 "" "" 343.048981 351.705139 9947.77804 12.379 1773.1 13.369 12733.0 38.257 "" "" 0.0030687504466981623 0.008648774 0.004992532 0.013641305 81.59097374234 -2.20765274226 347.531555 2.0950000000000006 -0.342
83.42229979036 -0.08022891112 0.0334 0.028 91.7375 "" "" 3220858033254062080 317.050659 3.1071 0.0415 15.783 -16.511 0.04 0.033 1.003 3793.0 4.3764 15.694256 2.019151 16.710964 14.691813 "" "" 313.495514 321.0354 9936.75025 4.0981 2825.1 9.2234 10530.0 14.567 "" "" 0.002791468130594492 0.0045111044 0.0040669017 0.008578006 83.42229979036 -0.08022891112 317.050659 15.783 -16.511
84.6230977954 -0.68469351036 0.0374 0.0334 95.2598 "" "" 3217722913287421184 331.84552 2.9508 0.048 2.125 -1.086 0.046 0.039 1.227 3510.6 4.0782 15.695039 2.920567 17.36504 14.444473 84.3 5.72 327.088562 336.463257 9929.58731 11.246 1546.7 12.854 13224.0 41.066 "" "" 0.003017266288043612 0.009444663 0.005064763 0.014509426 84.6230977954 -0.68469351036 331.84552 2.125 -1.0859999999999999
83.27841242397 -1.6337095153 0.036 0.0332 3.5066 "" "" 3217185183381756928 415.413544 2.3583 0.0429 0.001 -0.021 0.041 0.035 1.076 "" "" 15.695714 2.321397 16.915165 14.593768 "" "" 407.233704 422.322754 9923.41716 13.789 2340.7 21.683 11525.0 48.407 "" "" 0.003141319919258373 0.0104375295 0.005922828 0.016360357 83.27841242397 -1.6337095153 415.413544 0.001 -0.020999999999999998
82.8314784686 -2.86348267024 0.0238 0.0196 81.1329 "" "" 3216807088821515136 413.96167 2.3785 0.0348 -5.82 2.39 0.034 0.025 0.923 4550.1 4.5706 15.696301 1.871071 16.620947 14.749876 "" "" 407.433563 420.903961 9918.04632 3.0129 3069.3 8.7922 9981.8 12.377 "" "" 0.0027749907374866774 0.004178293 0.0040120017 0.008190295 82.8314784686 -2.86348267024 413.96167 -5.820000000000001 2.3899999999999997
83.49988644185 -2.21411037347 0.0309 0.0283 37.857 "" "" 3216960024016327424 411.802948 2.3822 0.0369 -0.609 -0.474 0.034 0.033 1.021 3971.5 4.3983 15.697136 2.029602 16.718529 14.688927 "" "" 403.474854 417.340607 9910.42685 6.7933 2805.5 17.956 10558.0 23.106 "" "" 0.0028540641004785416 0.007488253 0.0044642636 0.011952517 83.49988644185 -2.21411037347 411.802948 -0.6090000000000001 -0.474
83.65539848379 -0.33821435273 0.0341 0.03 78.5539 "" "" 3220785976586704768 381.501709 2.5652 0.0398 0.986 -0.258 0.041 0.036 1.085 3572.7 4.0022 15.69927 2.519166 17.063625 14.544459 "" "" 375.782318 387.303436 9890.96116 37.049 2041.6 39.72 12061.0 113.16 "" "" 0.004912369313540198 0.021306835 0.01086521 0.032172047 83.65539848379 -0.33821435273 381.501709 0.9860000000000001 -0.25799999999999995
84.96819019302 -2.60412802432 0.0319 0.0289 115.023 "" "" 3216439542699331712 358.570312 2.7415 0.0415 1.795 -1.415 0.038 0.032 1.043 3530.8 4.0091 15.700268 2.566915 17.102625 14.53571 "" "" 352.878387 363.88562 9881.87828 15.898 1969.6 17.966 12158.0 61.556 "" "" 0.0032623421921685824 0.010289238 0.006670958 0.016960196 84.96819019302 -2.60412802432 358.570312 1.795 -1.415
85.46081866534 -3.49107965308 0.0474 0.0479 170.5789 "" "" 3215773479170875392 364.486908 2.719 0.0635 2.686 2.91 0.055 0.048 1.414 4737.6 4.6915 15.700777 1.931794 16.656963 14.725169 "" "" 356.772675 372.70163 9877.24447 4.3508 2969.1 19.843 10212.0 25.145 "" "" 0.0027965184120148988 0.0077741174 0.004629345 0.012403462 85.46081866534 -3.49107965308 364.486908 2.6860000000000004 2.91
82.45146090542 -3.48444181404 0.0257 0.0201 124.3817 "" "" 3210705383402542080 393.279755 2.4961 0.0364 7.386 -7.061 0.033 0.025 1.021 4360.1 4.6033 15.701944 1.801168 16.581024 14.779857 "" "" 387.84314 398.265686 9866.63567 3.2989 3184.3 7.8703 9709.9 12.597 "" "" 0.0027791310077921825 0.0038712039 0.0040333336 0.007904537 82.45146090542 -3.48444181404 393.279755 7.386 -7.061000000000002
84.22957660704 -0.50638827619 0.0274 0.0238 85.2504 "" "" 3217767993263987584 398.345154 2.4612 0.0363 1.392 -0.419 0.035 0.029 1.006 3566.3 4.0009 15.702886 2.462935 17.024815 14.561879 "" "" 393.493256 403.992249 9858.08612 25.903 2115.9 30.242 11869.0 86.389 "" "" 0.003966188090509065 0.015766984 0.008759818 0.024526801 84.22957660704 -0.50638827619 398.345154 1.3919999999999997 -0.419
85.31868411377 -2.76010459278 0.0292 0.0258 137.8642 "" "" 3216424149536625024 369.818085 2.6602 0.0403 -1.99 -4.205 0.034 0.03 1.048 4202.6 4.6528 15.702952 1.732204 16.532019 14.799814 "" "" 364.44342 374.583679 9857.47402 11.206 3331.3 24.15 9533.1 27.488 "" "" 0.003019139875021353 0.0083508715 0.004907611 0.013258482 85.31868411377 -2.76010459278 369.818085 -1.9899999999999998 -4.205000000000001
83.2866452137 -4.15930690047 0.0287 0.0231 153.1962 "" "" 3209855873231080448 349.874603 2.8274 0.038 4.708 21.643 0.038 0.028 0.986 "" "" 15.703588 1.688706 16.510908 14.822202 "" "" 345.274353 354.124664 9851.71287 3.0201 3396.7 8.4965 9338.5 11.119 "" "" 0.0027753506177062106 0.0038937049 0.0039943606 0.007888066 83.2866452137 -4.15930690047 349.874603 4.708 21.643000000000004
82.18807526844 -0.2841685155 0.031 0.0253 104.8221 "" "" 3220939637633188096 333.420013 2.9487 0.0377 -0.788 1.409 0.036 0.029 1.123 "" "" 15.704688 2.437476 17.012728 14.575252 "" "" 330.022644 337.462494 9841.72821 5.0285 2139.6 8.5565 11724.0 13.36 "" "" 0.0028106100006616737 0.005161186 0.0039767446 0.00913793 82.18807526844 -0.2841685155 333.420013 -0.788 1.4089999999999998
84.34970760824 -3.91881164636 0.0326 0.0315 151.6025 "" "" 3215684281290504448 395.148254 2.4851 0.0364 -1.653 2.252 0.039 0.035 1.058 4909.9 4.3603 15.705968 2.131862 16.792189 14.660327 "" "" 389.819702 401.218536 9830.13683 21.651 2621.4 32.225 10840.0 72.23 "" "" 0.0036483327794311123 0.013635529 0.008162274 0.021797802 84.34970760824 -3.91881164636 395.148254 -1.6529999999999998 2.2519999999999993
81.59351094134 -1.78274199124 0.0262 0.021 104.6861 "" "" 3220132389940482048 364.205383 2.705 0.038 1.66 -1.102 0.035 0.024 1.034 3541.9 4.0029 15.706851 2.484973 17.047287 14.562314 "" "" 359.754791 369.463165 9822.14316 6.5993 2072.5 10.482 11864.0 18.304 "" "" 0.0028502520353872796 0.006159485 0.004133965 0.01029345 81.59351094134 -1.78274199124 364.205383 1.6599999999999997 -1.1020000000000003
80.8252331017 -2.27115105954 0.0313 0.0226 155.4107 "" "" 3214129571848636288 339.669525 2.8875 0.0397 1.529 -1.248 0.044 0.029 1.075 "" "" 15.708236 2.657801 17.176142 14.518341 "" "" 335.600739 343.451508 9809.63014 7.4435 1840.6 11.063 12354.0 24.303 "" "" 0.002875851268601013 0.0070973164 0.004341164 0.011438481 80.8252331017 -2.27115105954 339.669525 1.529 -1.248
80.79941517807 -1.61207548853 0.0268 0.0197 151.782 "" "" 3220361397596791168 370.393707 2.662 0.0381 1.283 -5.434 0.036 0.026 1.09 3939.6 4.4023 15.711188 2.105715 16.786251 14.680536 "" "" 365.315521 375.43515 9782.9897 3.1118 2635.8 8.5966 10640.0 12.949 "" "" 0.0027768793137915677 0.0045082658 0.004003711 0.008511977 80.79941517807 -1.61207548853 370.393707 1.2830000000000001 -5.433999999999999
84.60635842122 -2.1729333499 0.4526 0.4542 83.7422 "" "" 3217268471387413120 376.800751 2.5803 0.0856 0.781 0.462 0.352 0.384 1.117 "" "" 15.71487 "" "" "" "" "" 361.986237 388.733734 9749.86589 19.276 "" "" "" "" "" "" 0.003492778185483556 "" "" "" 84.60635842122 -2.1729333499 376.800751 0.781 0.462
83.35233041217 -2.18945087102 0.0576 0.0443 35.0081 "" "" 3216940748201789312 403.895111 2.4321 0.064 -0.157 -0.277 0.073 0.051 1.159 "" "" 15.716617 "" "" "" "" "" 394.56012 413.667969 9734.19488 27.505 "" "" "" "" "" "" 0.004123538578839037 "" "" "" 83.35233041217 -2.18945087102 403.895111 -0.15699999999999995 -0.277
81.56485861085 0.04707717062 0.0531 0.0452 145.1121 "" "" 3221763000043875712 345.852417 2.8414 0.0644 0.075 -0.812 0.059 0.052 1.761 3529.4 4.2289 15.718826 2.812435 17.301628 14.489193 13.82 10.47 338.640503 352.325989 9714.40345 9.0239 1639.7 14.449 12691.0 18.865 "" "" 0.0029341073690350478 0.009966032 0.0041095624 0.014075594 81.56485861085 0.04707717062 345.852417 0.075 -0.812
81.13571063111 -2.02248796185 0.0281 0.022 133.9445 "" "" 3220145549720368384 330.818024 2.9709 0.0362 1.127 -0.155 0.037 0.027 1.12 "" "" 15.719528 2.393038 16.997225 14.604187 "" "" 327.132538 334.970398 9708.13148 11.218 2170.3 16.133 11415.0 29.536 "" "" 0.0030275075544916913 0.008539542 0.004709136 0.013248678 81.13571063111 -2.02248796185 330.818024 1.1269999999999998 -0.15499999999999997
83.76457509065 -4.32999393451 0.0305 0.021 165.4756 "" "" 3209653460013669376 373.592529 2.6308 0.0449 0.984 0.519 0.037 0.027 0.989 3534.2 3.9796 15.720134 2.581963 17.137133 14.55517 "" "" 366.587433 380.948914 9702.7161 5.7356 1907.9 9.5175 11942.0 17.205 "" "" 0.0028290839232920735 0.006092606 0.0040903003 0.010182906 83.76457509065 -4.32999393451 373.592529 0.9840000000000001 0.5189999999999999
83.35792889777 -1.36382196619 0.0303 0.0264 14.6503 "" "" 3217614199075457664 331.34845 2.9719 0.0396 -2.607 -4.614 0.037 0.032 1.078 3999.5 4.5898 15.720668 1.935139 16.68453 14.749392 "" "" 326.789276 336.304504 9697.9438 6.3751 2894.7 12.825 9986.2 18.817 "" "" 0.002846259739001414 0.005560995 0.004297585 0.00985858 83.35792889777 -1.36382196619 331.34845 -2.6070000000000007 -4.614000000000001
84.05095500843 -1.35047865637 0.1532 0.137 45.8823 "" "" 3217579220861910912 284.930389 3.4998 0.1757 -2.19 1.76 0.179 0.159 5.03 3607.1 4.4506 15.72194 2.483934 17.026743 14.542809 "" "" 270.634857 300.317932 9686.58833 27.682 2112.1 35.86 12079.0 67.511 "" "" 0.004149581890781391 0.018643985 0.0071489946 0.025792979 84.05095500843 -1.35047865637 284.930389 -2.19 1.7600000000000002
83.37206958927 -1.50783684178 0.0442 0.0392 6.4274 "" "" 3217563587180862720 403.636383 2.4438 0.0583 0.459 -0.761 0.049 0.047 1.519 3624.5 4.1548 15.722646 2.682612 17.198776 14.516164 "" "" 393.658081 413.739014 9680.29376 9.7805 1802.6 10.331 12379.0 21.756 "" "" 0.002965660846823905 0.0068194564 0.004233775 0.011053232 83.37206958927 -1.50783684178 403.636383 0.45899999999999996 -0.761
84.43658758345 -2.21485887478 0.0343 0.0309 75.7319 "" "" 3217263106973173248 363.485748 2.7022 0.045 1.788 -1.496 0.038 0.034 1.078 3555.2 4.0099 15.722714 2.507556 17.081089 14.573533 "" "" 357.1987 369.596558 9679.67605 6.6656 2009.0 10.323 11742.0 17.916 "" "" 0.0028549573076723355 0.0062377416 0.0041265143 0.010364256 84.43658758345 -2.21485887478 363.485748 1.7879999999999998 -1.496
84.97342840274 -2.56186927036 0.033 0.029 113.9966 "" "" 3216445723156931840 380.15097 2.5888 0.0419 2.259 -0.318 0.039 0.032 1.031 "" "" 15.724664 2.305064 16.897247 14.592183 "" "" 374.470978 386.002319 9662.31477 32.714 2379.7 53.542 11542.0 77.731 "" "" 0.004594000848947459 0.024587322 0.008231003 0.032818325 84.97342840274 -2.56186927036 380.15097 2.259 -0.31799999999999995
83.88407566483 -1.18420608235 0.0369 0.0348 41.783 "" "" 3217596950486905088 403.302399 2.4405 0.0422 -0.927 -0.116 0.042 0.037 1.07 3463.9 4.0029 15.725569 2.271741 16.88158 14.609839 "" "" 396.819031 409.788452 9654.26911 37.128 2414.3 69.859 11356.0 136.4 "" "" 0.005002641829297127 0.031539984 0.013577675 0.04511766 83.88407566483 -1.18420608235 403.302399 -0.9270000000000002 -0.116
82.47195694056 -2.73772320793 0.0358 0.0302 85.175 "" "" 3216987340009414144 365.113098 2.6693 0.054 1.274 -1.376 0.048 0.037 0.968 "" "" 15.725853 2.580912 17.126629 14.545717 "" "" 356.535492 373.144745 9651.73958 6.5439 1926.5 9.9567 12047.0 23.842 "" "" 0.002851960537575183 0.0062668007 0.0043475167 0.010614317 82.47195694056 -2.73772320793 365.113098 1.2740000000000002 -1.376
80.64661864311 -1.14632504275 0.027 0.019 163.3123 "" "" 3220442074262281472 354.834534 2.7698 0.0376 1.19 -1.079 0.039 0.024 1.026 3539.2 4.0047 15.726467 2.562818 17.121758 14.55894 "" "" 349.861481 358.490204 9646.28433 24.787 1935.1 18.868 11901.0 73.103 "" "" 0.0039211372056261 0.010947882 0.0076656654 0.018613547 80.64661864311 -1.14632504275 354.834534 1.19 -1.0790000000000002
85.67107181191 -0.55733766009 0.0319 0.0277 153.8922 "" "" 3219031229044704000 398.44223 2.463 0.0382 -1.846 -1.264 0.039 0.031 0.999 3494.1 3.9681 15.726559 2.5418 17.096325 14.554524 "" "" 393.345245 403.61026 9645.46833 19.658 1981.0 27.083 11949.0 66.18 "" "" 0.0035338692956652816 0.0151034705 0.007102437 0.022205908 85.67107181191 -0.55733766009 398.44223 -1.8459999999999999 -1.264
83.5167738375 -1.59735427818 0.032 0.0277 11.2088 "" "" 3217558295781376512 393.909027 2.4842 0.0383 7.534 -31.169 0.038 0.032 1.027 4399.9 4.6018 15.72664 1.721207 16.556684 14.835478 "" "" 388.709412 400.718719 9644.74915 3.8869 3256.4 11.25 9225.0 11.888 "" "" 0.002789847192425413 0.004674883 0.0040300586 0.008704942 83.5167738375 -1.59735427818 393.909027 7.534 -31.169
85.70303203371 -2.82316716111 0.0297 0.0269 159.9049 "" "" 3216244722982288384 366.924896 2.6885 0.0356 15.97 0.128 0.037 0.03 1.114 "" "" 15.727407 2.030543 16.750668 14.720124 "" "" 362.171722 371.757141 9637.92673 3.8768 2723.6 9.1685 10259.0 13.076 "" "" 0.002789717442280155 0.0045982143 0.004024775 0.008622989 85.70303203371 -2.82316716111 366.924896 15.97 0.128
81.43849208833 -3.40708802723 0.0251 0.0202 156.6163 "" "" 3210931814078305408 409.798981 2.4023 0.0358 19.573 -3.704 0.033 0.025 0.98 4298.8 4.6478 15.727612 1.844197 16.632915 14.788718 "" "" 404.208496 415.116425 9636.11055 3.632 3035.6 7.8606 9631.0 12.803 "" "" 0.0027855447030692973 0.003960995 0.0040456047 0.0080066 81.43849208833 -3.40708802723 409.798981 19.572999999999997 -3.7039999999999997
