Clusters/UBC_17a/UBC_17a_members.tsv
# %ECSV 1.0
# ---
# datatype:
# - name: RA_ICRS_1
#   unit: deg
#   datatype: float64
#   format: '{:15.11f}'
#   description: Right ascension (ICRS) at Ep=2016.0 (ra)
#   meta: !!omap
#   - {ucd: POS_EQ_RA_MAIN}
#   - {width: 15}
#   - {precision: '11'}
# - name: DE_ICRS_1
#   unit: deg
#   datatype: float64
#   format: '{:15.11f}'
#   description: Declination (ICRS) at Ep=2016.0 (dec)
#   meta: !!omap
#   - {ucd: POS_EQ_DEC_MAIN}
#   - {width: 15}
#   - {precision: '11'}
# - name: e_RA_ICRS
#   unit: mas
#   datatype: float64
#   format: '{:7.4f}'
#   description: Standard error of right ascension (ra_error)
#   meta: !!omap
#   - {ucd: ERROR}
#   - {width: 7}
#   - {precision: '4'}
# - name: e_DE_ICRS
#   unit: mas
#   datatype: float64
#   format: '{:7.4f}'
#   description: Standard error of declination (dec_error)
#   meta: !!omap
#   - {ucd: ERROR}
#   - {width: 7}
#   - {precision: '4'}
# - name: _r_1
#   unit: ''
#   datatype: float64
#   format: '{:8.4f}'
#   description: Distance from center (083.33010627000-01.60640520000)[ICRS], at Epoch=J2016.0
#   meta: !!omap
#   - {ucd: POS_ANG_DIST_GENERAL}
#   - {width: 8}
#   - {precision: '4'}
# - name: HIP
#   datatype: int32
#   description: '? HIP cross-id number, van Leeuwen, Cat. I/311 (hip_original_ext_source_id)'
#   meta: !!omap
#   - {ucd: ID_NUMBER}
#   - {width: 6}
#   - values: {'null': -2147483648}
# - name: TYC2
#   datatype: string
#   description: Tycho-2 cross-id name, Hog et al., Cat. I/259 (tyc2_original_ext_source_id)
#   meta: !!omap
#   - {ucd: ID_CROSSID}
#   - {_votable_string_dtype: char}
# - name: Source
#   datatype: int64
#   description: Source identifier, identical to the Gaia-EDR3 source_id (id)
#   meta: !!omap
#   - {ucd: ID_MAIN}
#   - {width: 19}
# - name: rgeo
#   unit: pc
#   datatype: float64
#   format: '{:15.8f}'
#   description: '? Median of the geometric distance posterior (r_med_geo)'
#   meta: !!omap
#   - {ucd: PHYS_DISTANCE_TRUE}
#   - {width: 15}
#   - {precision: '8'}
#   - values: {'null': .nan}
# - name: Plx
#   unit: mas
#   datatype: float64
#   format: '{:9.4f}'
#   description: '? Parallax (parallax)'
#   meta: !!omap
#   - {ucd: POS_PARLX_TRIG}
#   - {width: 9}
#   - {precision: '4'}
#   - values: {'null': .nan}
# - name: e_Plx
#   unit: mas
#   datatype: float32
#   format: '{:7.4f}'
#   description: '? Standard error of parallax (parallax_error)'
#   meta: !!omap
#   - {ucd: ERROR}
#   - {width: 7}
#   - {precision: '4'}
#   - values: {'null': .nan}
# - name: pmRA
#   unit: mas / yr
#   datatype: float64
#   format: '{:9.3f}'
#   description: '? Proper motion in right ascension direction, pmRA*cosDE (pmra)'
#   meta: !!omap
#   - {ucd: POS_EQ_PMRA}
#   - {width: 9}
#   - {precision: '3'}
#   - values: {'null': .nan}
# - name: pmDE
#   unit: mas / yr
#   datatype: float64
#   format: '{:9.3f}'
#   description: '? Proper motion in declination direction (pmdec)'
#   meta: !!omap
#   - {ucd: POS_EQ_PMDEC}
#   - {width: 9}
#   - {precision: '3'}
#   - values: {'null': .nan}
# - name: e_pmRA
#   unit: mas / yr
#   datatype: float32
#   format: '{:6.3f}'
#   description: '? Standard error of proper motion in right ascension direction (pmra_error)'
#   meta: !!omap
#   - {ucd: ERROR}
#   - {width: 6}
#   - {precision: '3'}
#   - values: {'null': .nan}
# - name: e_pmDE
[...]
#         unit: &id001 !astropy.units.Unit {unit: deg}
#         value: !astropy.table.SerializedColumn {name: SkyCoord.dec}
#       distance: !astropy.table.SerializedColumn
#         __class__: astropy.coordinates.distances.Distance
#         unit: !astropy.units.Unit {unit: pc}
#         value: !astropy.table.SerializedColumn {name: SkyCoord.distance}
#       frame: icrs
#       obstime: !astropy.time.Time {format: jyear_str, in_subfmt: '*', jd1: 367701545.0, jd2: 0.0, out_subfmt: '*', precision: 3, scale: tt}
#       pm_dec: !astropy.table.SerializedColumn
#         __class__: astropy.units.quantity.Quantity
#         unit: !astropy.units.Unit {unit: mas / yr}
#         value: !astropy.table.SerializedColumn {name: SkyCoord.pm_dec}
#       pm_ra_cosdec: !astropy.table.SerializedColumn
#         __class__: astropy.units.quantity.Quantity
#         unit: !astropy.units.Unit {unit: mas / yr}
#         value: !astropy.table.SerializedColumn {name: SkyCoord.pm_ra_cosdec}
#       ra: !astropy.table.SerializedColumn
#         __class__: astropy.coordinates.angles.Longitude
#         unit: *id001
#         value: !astropy.table.SerializedColumn {name: SkyCoord.ra}
#         wrap_angle: !astropy.coordinates.Angle
#           unit: *id001
#           value: 360.0
#       representation_type: spherical
# schema: astropy-2.0
RA_ICRS_1 DE_ICRS_1 e_RA_ICRS e_DE_ICRS _r_1 HIP TYC2 Source rgeo Plx e_Plx pmRA pmDE e_pmRA e_pmDE RUWE Teff logg Gmag BP-RP BPmag RPmag RV e_RV b_rgeo B_rgeo FG e_FG FBP e_FBP FRP e_FRP RAVE5 RAVE6 e_Gmag e_BPmag e_RPmag e_BP-RP SkyCoord.ra SkyCoord.dec SkyCoord.distance SkyCoord.pm_ra_cosdec SkyCoord.pm_dec Pmemb
[from data line 40]
84.8042071338 -1.45590632252 0.0119 0.0112 88.8744 "" "" 3217423674325646208 344.842865 2.8586 0.0168 2.083 -1.319 0.014 0.012 1.246 6192.2 4.0869 13.132979 1.541061 13.831936 12.290874 "" "" 343.009033 346.839966 105136.85128 560.62 40054.0 784.83 96119.0 1139.4 "" "" 0.006411678232017883 0.021456428 0.013413811 0.034870237 84.8042071338 -1.45590632252 344.842865 2.0829999999999997 -1.3190000000000002 0.96
82.08026616508 -1.86774539199 0.0092 0.0072 76.5784 "" "" 3220118989642636288 354.853577 2.7791 0.0136 1.379 -1.137 0.011 0.008 1.013 4728.4 4.1642 13.225124 1.371015 13.836327 12.465312 11.25 3.7 353.138916 356.373108 96582.15298 148.78 39892.0 235.02 81853.0 334.21 "" "" 0.0032232159476152603 0.00697857 0.005825483 0.012804053 82.08026616508 -1.86774539199 354.853577 1.3790000000000004 -1.137 0.98
81.39444927587 -2.27151267085 0.01 0.0081 122.7408 "" "" 3214074458828380928 355.807831 2.7676 0.0157 0.987 -1.273 0.013 0.01 1.089 4663.6 4.1589 13.244196 1.385956 13.869251 12.483295 19.28 2.19 353.523895 357.823181 94900.46057 63.601 38701.0 98.963 80508.0 137.66 "" "" 0.00284978203147746 0.0039361394 0.004210735 0.008146875 81.39444927587 -2.27151267085 355.807831 0.987 -1.273 0.82
84.59949896854 -2.09501060225 0.0116 0.0114 81.5736 "" "" 3217271185807481856 364.937134 2.6998 0.0143 1.879 -1.503 0.014 0.013 1.027 "" "" 13.273946 1.427483 13.921994 12.494512 17.65 3.92 363.148834 366.84198 92335.44996 156.18 36865.0 222.3 79681.0 344.97 "" "" 0.003311249161349209 0.0071168584 0.0060315104 0.013148369 84.59949896854 -2.09501060225 364.937134 1.8789999999999993 -1.5029999999999997 0.91
83.32704665643 -1.56240466498 0.0128 0.0118 2.6464 "" "" 3217187313685505920 364.238953 2.7024 0.0154 1.504 -1.266 0.016 0.013 1.064 4595.5 4.1288 13.313092 1.463133 13.977219 12.514086 -1.92 4.63 361.787994 366.34201 89065.57237 230.89 35037.0 329.3 78257.0 783.84 "" "" 0.003938764740676808 0.010579017 0.011512991 0.022092007 83.32704665643 -1.56240466498 364.238953 1.5039999999999998 -1.266 0.97
81.18339196865 -0.44906071582 0.0107 0.0082 146.3089 "" "" 3220597861315279872 345.828949 2.8473 0.0139 1.207 -0.957 0.014 0.01 1.055 "" "" 13.344504 1.601547 14.027431 12.425883 5.32 4.34 344.334564 347.863617 86525.66944 116.19 33454.0 215.99 84880.0 768.17 "" "" 0.0031172842536474903 0.007544754 0.010527762 0.018072516 81.18339196865 -0.44906071582 345.828949 1.207 -0.957 0.88
83.78874018002 -2.68706087525 0.0124 0.0114 70.4294 "" "" 3216850824471916160 357.842621 2.7534 0.0148 1.65 -1.533 0.016 0.013 1.12 "" "" 13.380139 1.825665 14.270563 12.444899 17.96 7.75 356.198395 359.289703 83731.94584 77.748 26742.0 101.31 83406.0 197.05 "" "" 0.002933963659501661 0.00497028 0.0045676515 0.0095379315 83.78874018002 -2.68706087525 357.842621 1.65 -1.5329999999999995 0.94
83.04237267921 -0.62014644238 0.0136 0.0123 61.6415 "" "" 3220694343460689024 358.084839 2.7495 0.0183 1.339 -0.909 0.016 0.014 1.097 4525.2 4.1179 13.390503 1.552971 14.112624 12.559653 18.87 2.03 355.795898 360.220367 82936.50713 162.94 30929.0 203.16 75041.0 357.13 "" "" 0.0034845087895564062 0.007658135 0.006401819 0.014059954 83.04237267921 -0.62014644238 358.084839 1.339 -0.9090000000000005 0.95
84.85236355918 -2.34560199364 0.0126 0.011 101.485 "" "" 3216499947119356032 363.912415 2.7073 0.016 1.827 -1.245 0.016 0.013 1.051 4874.1 4.1497 13.414237 1.589124 14.157515 12.568391 40.68 3.52 362.119049 366.772095 81143.17935 201.16 29676.0 249.15 74439.0 460.71 "" "" 0.003851832482584115 0.00953295 0.0077096308 0.01724258 84.85236355918 -2.34560199364 363.912415 1.827 -1.245 0.96
81.71633580443 0.38436612194 0.0129 0.0104 153.7554 "" "" 3221779320919445376 349.213318 2.8214 0.0153 1.413 -0.925 0.017 0.013 1.043 4596.5 4.1392 13.479391 1.537353 14.1931 12.655747 55.74 7.0 347.686218 351.154968 76417.04162 161.34 28719.0 228.94 68685.0 506.89 "" "" 0.0035842072654647212 0.00909381 0.008859248 0.017953057 81.71633580443 0.38436612194 349.213318 1.413 -0.9250000000000002 0.95
84.21799492968 -1.35686395778 0.0137 0.0126 55.3202 "" "" 3217396701931361792 348.454742 2.8289 0.0162 1.822 -1.06 0.017 0.014 0.98 4580.9 4.14 13.597336 1.610332 14.35231 12.741979 23.63 3.07 346.500916 349.962585 68550.81303 129.35 24802.0 153.64 63441.0 298.54 "" "" 0.0034335049714042994 0.0072815525 0.006355165 0.013636718 84.21799492968 -1.35686395778 348.454742 1.822 -1.06 0.9
81.87029066285 -2.09225445445 0.0103 0.0084 92.269 "" "" 3220085385818557184 348.649078 2.8215 0.0151 1.376 -1.225 0.013 0.01 1.027 4321.5 4.1282 13.688394 1.508277 14.382676 12.874399 23.56 3.41 347.137604 350.480713 63036.09527 43.382 24118.0 56.021 56156.0 89.538 "" "" 0.002854840986283462 0.003761011 0.0041569965 0.007918008 81.87029066285 -2.09225445445 348.649078 1.376 -1.2249999999999999 0.96
82.75022143573 -0.44760395406 0.0135 0.0121 77.745 "" "" 3220736399780217856 350.399567 2.8114 0.0159 1.683 -0.975 0.017 0.014 0.992 "" "" 13.688849 1.652194 14.467802 12.815608 23.72 3.7 348.531281 352.358582 63009.61674 144.68 22300.0 210.7 59281.0 352.43 "" "" 0.003715769593342421 0.010631177 0.0074798362 0.018111013 82.75022143573 -0.44760395406 350.399567 1.683 -0.9750000000000003 0.94
82.01240927915 -1.34225708535 0.0289 0.022 80.609 "" "" 3220287936475032960 359.43222 2.737 0.0385 1.673 -1.257 0.039 0.029 2.482 "" "" 13.690993 1.696081 14.491502 12.795421 40.1 7.67 355.159637 364.334412 62885.33486 71.948 21818.0 100.51 60393.0 170.68 "" "" 0.00302239393538408 0.0057273176 0.004868179 0.010595497 82.01240927915 -1.34225708535 359.43222 1.673 -1.2570000000000003 0.87
81.54040587135 -2.11790245548 0.0113 0.0097 111.6267 "" "" 3220082362161609344 353.585266 2.7882 0.0176 1.202 -1.391 0.015 0.011 1.132 4558.7 4.1908 13.702447 1.568253 14.43265 12.864396 18.78 4.0 350.973969 355.372772 62225.44553 50.621 23033.0 76.722 56676.0 124.04 "" "" 0.0028934291050188516 0.0045677605 0.00446432 0.00903208 81.54040587135 -2.11790245548 353.585266 1.2019999999999997 -1.3909999999999996 0.94
82.22505690674 -1.28738455901 0.0131 0.0116 68.9903 "" "" 3220248594574575616 343.016418 2.8801 0.0176 1.163 -1.094 0.016 0.013 1.006 4494.6 4.1325 13.732343 1.691225 14.537668 12.846443 -13.39 4.23 340.603546 345.193787 60535.43363 138.06 20910.0 163.35 57621.0 327.63 "" "" 0.0037044925229597733 0.008928967 0.0072384444 0.016167412 82.22505690674 -1.28738455901 343.016418 1.163 -1.0939999999999996 0.84
84.08248040354 -0.51233137718 0.0131 0.011 79.6635 "" "" 3217778747862109824 352.500916 2.796 0.0167 1.948 -0.877 0.016 0.013 1.076 "" "" 13.791663 1.701578 14.599588 12.89801 14.84 3.54 350.551758 354.731934 57316.74133 124.91 19751.0 158.88 54948.0 299.74 "" "" 0.0036318586856818125 0.009168683 0.0070257867 0.01619447 84.08248040354 -0.51233137718 352.500916 1.9480000000000004 -0.877 0.85
81.98820050551 -2.03036836956 0.0107 0.0087 84.3984 "" "" 3217107186776027648 354.102631 2.7844 0.0159 1.479 -1.347 0.015 0.011 1.039 4469.4 4.1461 13.801999 1.564088 14.526574 12.962486 -4.08 4.12 352.265656 356.023712 56773.70279 104.72 21125.0 178.0 51780.0 272.86 "" "" 0.0034062335370734025 0.009564476 0.0068569756 0.016421452 81.98820050551 -2.03036836956 354.102631 1.479 -1.3469999999999995 0.98
81.66632904764 -2.13213098078 0.0109 0.009 104.6407 "" "" 3220087069445757184 357.362946 2.7526 0.0148 1.212 -1.418 0.015 0.012 1.074 4583.6 4.2101 13.808033 1.501825 14.497591 12.995766 24.29 3.22 355.568542 359.281006 56459.03735 62.192 21696.0 90.974 50217.0 128.92 "" "" 0.0030036922213184003 0.005339611 0.004696076 0.010035686 81.66632904764 -2.13213098078 357.362946 1.212 -1.4180000000000004 0.95
81.80926884933 -2.13862786569 0.0146 0.0117 96.6302 "" "" 3220085007861443328 342.446991 2.8824 0.0222 1.014 -1.072 0.019 0.014 1.36 4367.4 4.1406 13.875224 1.606378 14.630871 13.024493 20.58 2.51 339.988861 345.291626 53070.95729 50.038 19190.0 70.976 48906.0 127.69 "" "" 0.002939340921648447 0.0048898733 0.0047243726 0.009614246 81.80926884933 -2.13862786569 342.446991 1.0139999999999998 -1.072 0.92
82.13917795732 0.15830865507 0.0147 0.0124 127.7336 "" "" 3221029625787703680 343.447113 2.8671 0.0186 1.522 -0.784 0.018 0.015 1.042 4209.5 4.1481 13.919453 1.680267 14.716199 13.035932 18.7 3.63 341.536835 345.873596 50952.52587 42.77 17739.0 58.316 48393.0 136.98 "" "" 0.002902136550102271 0.004530446 0.004871205 0.009401651 82.13917795732 0.15830865507 343.447113 1.522 -0.7839999999999997 0.89
81.33489983224 -1.97696717568 0.0126 0.0101 121.7018 "" "" 3220146477433274880 347.324738 2.8368 0.0192 1.065 -1.01 0.017 0.013 1.184 "" "" 13.922383 1.648359 14.696484 13.048124 17.73 4.42 345.412231 349.464355 50815.18356 40.017 18064.0 46.706 47853.0 109.37 "" "" 0.0028849342087580274 0.0039580013 0.0045212326 0.008479234 81.33489983224 -1.97696717568 347.324738 1.065 -1.01 0.89
82.32451260458 -2.19959445531 0.0123 0.0097 70.022 "" "" 3217087258127928576 356.359955 2.763 0.0179 1.404 -1.178 0.016 0.012 1.041 "" "" 13.954358 1.656695 14.737607 13.080912 26.0 3.06 353.565643 358.461639 49340.51151 72.101 17393.0 96.628 46429.0 170.72 "" "" 0.0031794693001479337 0.0066459496 0.0054974454 0.012143395 82.32451260458 -2.19959445531 356.359955 1.4039999999999997 -1.178 0.98
82.87288568805 -2.08340006579 0.0156 0.0132 39.6344 "" "" 3217139313131295488 358.63739 2.7463 0.0204 1.384 -1.31 0.019 0.016 1.124 "" "" 14.0758 1.790031 14.942972 13.152942 -10.07 7.65 356.397369 361.298004 44119.12749 107.27 14396.0 121.63 43449.0 229.18 "" "" 0.0038158199198742456 0.009588198 0.006861585 0.016449783 82.87288568805 -2.08340006579 358.63739 1.384 -1.31 0.98
84.39763397806 -1.41786721827 0.0285 0.0242 65.0209 "" "" 3217391788488880512 345.076263 2.8493 0.029 1.361 -1.991 0.035 0.027 1.647 7379.7 4.2973 14.128191 2.039708 15.139791 13.100083 40.42 15.49 341.732605 348.163574 42040.72268 42.718 12009.0 111.56 45617.0 141.21 "" "" 0.0029679791001090933 0.010464977 0.005057644 0.015522621 84.39763397806 -1.41786721827 345.076263 1.361 -1.991 0.86
82.58564780996 -2.0570985856 0.0255 0.0206 52.1956 "" "" 3217188962953290752 356.709503 2.7663 0.0336 0.899 -1.182 0.032 0.025 1.949 "" "" 14.152285 2.120013 15.230968 13.110955 57.43 5.21 351.750824 360.624908 41118.09538 60.054 11042.0 63.76 45162.0 153.21 "" "" 0.003179052576031727 0.006862231 0.005277357 0.012139589 82.58564780996 -2.0570985856 356.709503 0.8989999999999999 -1.182 0.92
83.37474251216 -1.18789824532 0.069 0.0573 25.2527 "" "" 3217625331630658816 416.45224 2.3373 0.0907 0.968 -0.659 0.082 0.069 5.153 "" "" 14.158429 1.697782 14.838236 13.140453 25.89 6.5 402.206116 434.910522 40886.05998 166.95 15853.0 214.32 43952.0 406.4 "" "" 0.0052198363161602606 0.014941129 0.01072704 0.025668168 83.37474251216 -1.18789824532 416.45224 0.9679999999999997 -0.6590000000000003 0.9
81.91919660128 -0.28268017663 0.0164 0.0135 116.0699 "" "" 3220988565900663040 350.997375 2.8024 0.0211 1.558 -0.968 0.018 0.016 1.125 4973.5 4.2052 14.16289 1.856999 15.06756 13.210561 21.34 3.58 348.167236 354.325745 40718.43736 25.057 12835.0 30.122 41203.0 71.587 "" "" 0.002835170142377396 0.003778589 0.0042239986 0.008002588 81.91919660128 -0.28268017663 350.997375 1.5579999999999994 -0.9679999999999999 0.96
83.6673295344 -2.26933591166 0.0166 0.0165 44.621 "" "" 3216944390335560448 360.506348 2.7287 0.0203 1.609 -1.353 0.019 0.018 1.058 5682.5 4.2928 14.197935 1.872059 15.118941 13.246882 -24.22 8.51 357.624084 364.015167 39425.0768 75.487 12242.0 88.368 39848.0 189.72 "" "" 0.0034515824707636333 0.008319162 0.006403537 0.014722699 83.6673295344 -2.26933591166 360.506348 1.6089999999999998 -1.3530000000000004 0.98
82.21583378162 -0.6111591671 0.0158 0.013 89.6317 "" "" 3220542748294997632 352.631744 2.7926 0.0195 1.586 -1.033 0.018 0.015 1.014 4109.9 4.1136 14.245982 1.833142 15.139597 13.306455 17.14 4.17 350.091522 354.572723 37718.46679 48.277 12011.0 69.886 37720.0 119.73 "" "" 0.0030859296791900894 0.006906087 0.0051147677 0.012020854 82.21583378162 -0.6111591671 352.631744 1.5859999999999996 -1.033 0.97
81.90743056963 -1.45961217738 0.0147 0.0114 85.7833 "" "" 3220285153336248064 353.929138 2.7844 0.021 1.259 -0.91 0.018 0.014 1.083 4122.0 4.1326 14.257895 1.787346 15.121447 13.334101 25.22 5.61 351.588898 356.863922 37306.85619 47.638 12213.0 60.924 36772.0 121.26 "" "" 0.0030844610119437803 0.0060925926 0.005206014 0.011298606 81.90743056963 -1.45961217738 353.929138 1.259 -0.9099999999999999 0.91
84.43152528272 -0.76564025059 0.0161 0.0135 83.1269 "" "" 3217710917443751552 344.362244 2.864 0.0204 1.931 -0.932 0.021 0.016 1.033 "" "" 14.280178 1.934813 15.243116 13.308304 14.29 5.35 341.610626 346.970459 36549.0166 22.417 10919.0 33.874 37656.0 60.931 "" "" 0.0028346511411929945 0.0043738247 0.0041677523 0.008541577 84.43152528272 -0.76564025059 344.362244 1.931 -0.932 0.89
83.535764321 -1.37966706252 0.0167 0.0136 18.364 "" "" 3217566473398841984 353.33548 2.7858 0.0222 1.157 -1.002 0.02 0.017 0.996 5800.5 4.2812 14.282022 1.912729 15.21977 13.307041 28.49 8.9 350.619568 356.340881 36486.96549 161.07 11156.0 199.52 37700.0 547.75 "" "" 0.005528470244627993 0.019617336 0.016221274 0.03583861 83.535764321 -1.37966706252 353.33548 1.157 -1.002 0.87
84.3356667065 -0.54876243159 0.0162 0.0148 87.5542 "" "" 3217787853192964992 332.565063 2.9645 0.0218 2.042 -0.909 0.02 0.017 0.976 5317.7 4.2236 14.288559 2.0042 15.291159 13.286959 49.9 6.26 330.29071 334.950073 36267.94739 135.58 10446.0 143.75 38404.0 327.93 "" "" 0.004905669760878949 0.015199376 0.010011799 0.025211174 84.3356667065 -0.54876243159 332.565063 2.042 -0.9089999999999999 0.82
83.11996205411 -1.05144192944 0.0182 0.0166 35.6039 "" "" 3220639574037842688 356.394836 2.7545 0.0245 1.785 -1.232 0.021 0.02 1.113 "" "" 14.299855 2.197676 15.434207 13.236531 3.72 7.32 352.881409 359.760101 35892.58229 39.083 9156.6 45.066 40230.0 107.74 "" "" 0.002998248268122555 0.0060282494 0.0047684913 0.010796741 83.11996205411 -1.05144192944 356.394836 1.785 -1.232 0.88
82.09004765066 -0.77278862905 0.0184 0.0144 89.6387 "" "" 3220346279310659328 352.06665 2.7981 0.0219 1.354 -1.03 0.021 0.017 1.017 4775.1 4.2376 14.320377 1.880758 15.250072 13.369314 22.37 4.01 349.243591 355.454681 35220.53718 30.205 10849.0 67.45 35599.0 114.54 "" "" 0.002908398147626929 0.007304124 0.0051465826 0.012450706 82.09004765066 -0.77278862905 352.06665 1.354 -1.0300000000000007 0.92
85.2187389163 -2.01280941904 0.0221 0.0187 115.8563 "" "" 3216536815118554112 366.387665 2.6878 0.0238 1.877 -1.514 0.028 0.021 1.195 4919.4 4.2138 14.347669 1.841305 15.224493 13.383188 -26.54 5.45 363.199066 368.882477 34346.24278 245.23 11108.0 270.08 35147.0 568.16 "" "" 0.00822718931101788 0.026545638 0.0179535 0.044499137 85.2187389163 -2.01280941904 366.387665 1.8770000000000007 -1.5140000000000002 0.89
82.75667992461 -1.8902670996 0.016 0.0136 38.376 "" "" 3217198549320216448 357.293396 2.7586 0.0207 1.18 -0.963 0.021 0.016 1.026 4479.0 4.1549 14.359962 1.820884 15.245812 13.424929 0.76 5.94 354.662659 360.06369 33959.54313 97.086 10892.0 122.63 33821.0 251.78 "" "" 0.00415048051517451 0.012538392 0.008922698 0.02146109 82.75667992461 -1.8902670996 357.293396 1.18 -0.9629999999999999 0.93
83.87734563716 -2.01093722953 0.0167 0.0145 40.8184 "" "" 3216958580907419392 346.942871 2.8363 0.0195 1.533 -1.238 0.02 0.017 1.039 5825.5 4.288 14.369602 1.973147 15.354438 13.38129 -22.1 5.98 344.455261 349.809265 33659.36525 45.466 9854.7 54.087 35208.0 123.44 "" "" 0.0031213202186871356 0.0065798783 0.0053641438 0.011944022 83.87734563716 -2.01093722953 346.942871 1.5330000000000001 -1.238 0.98
