Clusters/UBC_17a/UBC_17a_stars_in_region.tsv
# %ECSV 1.0
# ---
# datatype:
# - name: RA_ICRS_1
#   unit: deg
#   datatype: float64
#   format: '{:15.11f}'
#   description: Right ascension (ICRS) at Ep=2016.0 (ra)
#   meta: !!omap
#   - {ucd: POS_EQ_RA_MAIN}
#   - {width: 15}
#   - {precision: '11'}
# - name: DE_ICRS_1
#   unit: deg
#   datatype: float64
#   format: '{:15.11f}'
#   description: Declination (ICRS) at Ep=2016.0 (dec)
#   meta: !!omap
#   - {ucd: POS_EQ_DEC_MAIN}
#   - {width: 15}
#   - {precision: '11'}
# - name: e_RA_ICRS
#   unit: mas
#   datatype: float64
#   format: '{:7.4f}'
#   description: Standard error of right ascension (ra_error)
#   meta: !!omap
#   - {ucd: ERROR}
#   - {width: 7}
#   - {precision: '4'}
# - name: e_DE_ICRS
#   unit: mas
#   datatype: float64
#   format: '{:7.4f}'
#   description: Standard error of declination (dec_error)
#   meta: !!omap
#   - {ucd: ERROR}
#   - {width: 7}
#   - {precision: '4'}
# - name: _r_1
#   unit: ''
#   datatype: float64
#   format: '{:8.4f}'
#   description: Distance from center (083.33010627000-01.60640520000)[ICRS], at Epoch=J2016.0
#   meta: !!omap
#   - {ucd: POS_ANG_DIST_GENERAL}
#   - {width: 8}
#   - {precision: '4'}
# - name: HIP
#   datatype: int32
#   description: '? HIP cross-id number, van Leeuwen, Cat. I/311 (hip_original_ext_source_id)'
#   meta: !!omap
#   - {ucd: ID_NUMBER}
#   - {width: 6}
#   - values: {'null': -2147483648}
# - name: TYC2
#   datatype: string
#   description: Tycho-2 cross-id name, Hog et al., Cat. I/259 (tyc2_original_ext_source_id)
#   meta: !!omap
#   - {ucd: ID_CROSSID}
#   - {_votable_string_dtype: char}
# - name: Source
#   datatype: int64
#   description: Source identifier, identical to the Gaia-EDR3 source_id (id)
#   meta: !!omap
#   - {ucd: ID_MAIN}
#   - {width: 19}
# - name: rgeo
#   unit: pc
#   datatype: float64
#   format: '{:15.8f}'
#   description: '? Median of the geometric distance posterior (r_med_geo)'
#   meta: !!omap
#   - {ucd: PHYS_DISTANCE_TRUE}
#   - {width: 15}
#   - {precision: '8'}
#   - values: {'null': .nan}
# - name: Plx
#   unit: mas
#   datatype: float64
#   format: '{:9.4f}'
#   description: '? Parallax (parallax)'
#   meta: !!omap
#   - {ucd: POS_PARLX_TRIG}
#   - {width: 9}
#   - {precision: '4'}
#   - values: {'null': .nan}
# - name: e_Plx
#   unit: mas
#   datatype: float32
#   format: '{:7.4f}'
#   description: '? Standard error of parallax (parallax_error)'
#   meta: !!omap
#   - {ucd: ERROR}
#   - {width: 7}
#   - {precision: '4'}
#   - values: {'null': .nan}
# - name: pmRA
#   unit: mas / yr
#   datatype: float64
#   format: '{:9.3f}'
#   description: '? Proper motion in right ascension direction, pmRA*cosDE (pmra)'
#   meta: !!omap
#   - {ucd: POS_EQ_PMRA}
#   - {width: 9}
#   - {precision: '3'}
#   - values: {'null': .nan}
# - name: pmDE
#   unit: mas / yr
#   datatype: float64
#   format: '{:9.3f}'
#   description: '? Proper motion in declination direction (pmdec)'
#   meta: !!omap
#   - {ucd: POS_EQ_PMDEC}
#   - {width: 9}
#   - {precision: '3'}
#   - values: {'null': .nan}
# - name: e_pmRA
#   unit: mas / yr
#   datatype: float32
#   format: '{:6.3f}'
#   description: '? Standard error of proper motion in right ascension direction (pmra_error)'
#   meta: !!omap
#   - {ucd: ERROR}
#   - {width: 6}
#   - {precision: '3'}
#   - values: {'null': .nan}
# - name: e_pmDE
[...]
#         unit: &id001 !astropy.units.Unit {unit: deg}
#         value: !astropy.table.SerializedColumn {name: SkyCoord.dec}
#       distance: !astropy.table.SerializedColumn
#         __class__: astropy.coordinates.distances.Distance
#         unit: !astropy.units.Unit {unit: pc}
#         value: !astropy.table.SerializedColumn {name: SkyCoord.distance}
#       frame: icrs
#       obstime: !astropy.time.Time {format: jyear_str, in_subfmt: '*', jd1: 367701545.0, jd2: 0.0, out_subfmt: '*', precision: 3, scale: tt}
#       pm_dec: !astropy.table.SerializedColumn
#         __class__: astropy.units.quantity.Quantity
#         unit: !astropy.units.Unit {unit: mas / yr}
#         value: !astropy.table.SerializedColumn {name: SkyCoord.pm_dec}
#       pm_ra_cosdec: !astropy.table.SerializedColumn
#         __class__: astropy.units.quantity.Quantity
#         unit: !astropy.units.Unit {unit: mas / yr}
#         value: !astropy.table.SerializedColumn {name: SkyCoord.pm_ra_cosdec}
#       ra: !astropy.table.SerializedColumn
#         __class__: astropy.coordinates.angles.Longitude
#         unit: *id001
#         value: !astropy.table.SerializedColumn {name: SkyCoord.ra}
#         wrap_angle: !astropy.coordinates.Angle
#           unit: *id001
#           value: 360.0
#       representation_type: spherical
# schema: astropy-2.0
RA_ICRS_1 DE_ICRS_1 e_RA_ICRS e_DE_ICRS _r_1 HIP TYC2 Source rgeo Plx e_Plx pmRA pmDE e_pmRA e_pmDE RUWE Teff logg Gmag BP-RP BPmag RPmag RV e_RV b_rgeo B_rgeo FG e_FG FBP e_FBP FRP e_FRP RAVE5 RAVE6 e_Gmag e_BPmag e_RPmag e_BP-RP SkyCoord.ra SkyCoord.dec SkyCoord.distance SkyCoord.pm_ra_cosdec SkyCoord.pm_dec
[from data line 5569]
84.43312211705 -3.81288943424 0.0692 0.0631 147.9745 "" "" 3215702835549195264 400.427094 2.4592 0.0787 -18.463 -8.255 0.079 0.067 0.955 3761.2 4.7053 16.955236 2.095121 18.038355 15.943233 "" "" 387.199707 415.747711 3110.65579 2.3985 831.91 11.629 3325.6 12.867 "" "" 0.002879694056896153 0.015431494 0.0056507 0.021082195 84.43312211705 -3.81288943424 400.427094 -18.463000000000005 -8.254999999999999
84.55202107874 -1.95143692944 0.0582 0.0575 76.1475 "" "" 3217276541631052544 383.683319 2.5692 0.069 -0.196 -1.001 0.073 0.066 0.951 "" "" 16.956715 3.523237 19.107178 15.583941 "" "" 374.830353 394.464111 3106.42487 5.0872 310.85 11.308 4630.0 21.962 "" "" 0.0032792112195007446 0.03959498 0.0063880514 0.04598303 84.55202107874 -1.95143692944 383.683319 -0.19599999999999998 -1.001
82.12809436068 -0.61596337959 0.0549 0.0465 93.4389 "" "" 3220543293755621888 414.704071 2.3702 0.0763 -0.517 4.308 0.064 0.053 0.997 3823.2 4.7174 16.957642 2.253888 18.139265 15.885377 "" "" 401.487183 429.125977 3103.77447 2.4867 758.07 10.635 3507.6 13.005 "" "" 0.002889372656656773 0.015485287 0.00552166 0.021006947 82.12809436068 -0.61596337959 414.704071 -0.5169999999999999 4.308000000000001
82.91145813159 1.12424623952 0.0561 0.0492 165.7531 "" "" 3221198843203465088 373.518036 2.6469 0.0674 -11.391 -18.968 0.069 0.054 0.997 3768.8 4.6439 16.958153 2.175423 18.08336 15.907938 "" "" 364.198212 385.533051 3102.31557 2.0844 798.13 9.2156 3435.4 9.7768 "" "" 0.0028502535341409906 0.012843185 0.004881719 0.017724905 82.91145813159 1.12424623952 373.518036 -11.390999999999998 -18.968
81.82905824947 -1.38379544674 0.0547 0.042 91.0175 "" "" 3220289345224328064 367.555267 2.6655 0.0708 1.134 -1.156 0.069 0.052 1.075 "" "" 16.958513 2.932158 18.6484 15.716242 "" "" 360.167877 377.636475 3101.28068 2.9601 474.3 8.1507 4098.8 12.267 "" "" 0.0029437607467018485 0.018865513 0.0049842214 0.023849733 81.82905824947 -1.38379544674 367.555267 1.134 -1.1559999999999997
81.9835185586 0.24987269083 0.0655 0.0545 137.5905 "" "" 3221045976728205056 345.526581 2.8435 0.0759 1.728 -0.175 0.079 0.064 1.028 "" "" 16.959648 2.938442 18.647985 15.709543 "" "" 336.805115 352.991333 3098.04362 5.4589 474.48 12.712 4124.2 16.636 "" "" 0.0033543721564856482 0.029221939 0.0057848543 0.03500679 81.9835185586 0.24987269083 345.526581 1.7280000000000002 -0.17500000000000002
82.31922320889 -2.65371960843 0.0441 0.0346 87.3059 "" "" 3216992700128000128 337.991699 2.9167 0.0653 1.337 -1.186 0.06 0.045 0.995 "" "" 16.960354 2.915994 18.631914 15.71592 "" "" 331.556885 347.174011 3096.03299 2.3514 481.56 5.8703 4100.1 13.681 "" "" 0.002876066848051065 0.013526216 0.005235323 0.01876154 82.31922320889 -2.65371960843 337.991699 1.337 -1.1859999999999995
80.81640686497 -1.51146336164 0.2373 0.1755 150.8737 "" "" 3220375588168727040 307.159088 3.2661 0.328 5.952 -0.545 0.315 0.213 5.81 "" "" 16.96057 1.558665 17.390453 15.831788 "" "" 277.375092 343.653259 3095.4183 5.2646 1510.9 10.706 3685.0 9.4308 "" "" 0.003316878252731359 0.00818369 0.004690914 0.012874603 80.81640686497 -1.51146336164 307.159088 5.952 -0.545
83.00814945118 -0.96679134603 0.0703 0.0646 42.9622 "" "" 3220644139587862656 395.938477 2.4654 0.0907 0.338 0.124 0.086 0.077 1.058 "" "" 16.96341 2.767721 17.92891 15.161188 "" "" 381.168396 411.673584 3087.32752 4.1545 920.14 9.5768 6834.1 24.536 "" "" 0.0031187192812918195 0.011639688 0.005429408 0.017069096 83.00814945118 -0.96679134603 395.938477 0.33799999999999997 0.12400000000000001
81.08440121142 -1.37182656226 0.0441 0.0339 135.43 "" "" 3220395890477426432 355.290222 2.7807 0.067 0.873 -13.11 0.059 0.041 1.02 3670.4 4.7266 16.96388 2.395389 18.243189 15.8478 "" "" 346.938965 363.841644 3085.98846 1.8082 688.88 6.5597 3631.1 6.0286 "" "" 0.002827809715474477 0.010708556 0.0041872594 0.014895815 81.08440121142 -1.37182656226 355.290222 0.8729999999999999 -13.110000000000001
85.39484093413 -1.71393769354 0.0648 0.0587 124.0 "" "" 3216653359055859968 395.214417 2.4743 0.086 0.67 -2.299 0.075 0.067 1.067 6082.2 4.2154 16.965258 3.163858 18.768456 15.604597 "" "" 383.194122 410.983398 3082.07913 11.78 424.65 21.221 4542.8 47.402 "" "" 0.004981216724386441 0.0543291 0.011942921 0.06627202 85.39484093413 -1.71393769354 395.214417 0.67 -2.299
84.26281645802 -1.16657990769 0.0594 0.0513 61.8577 "" "" 3217588562413255168 412.272064 2.3916 0.0697 -0.099 0.261 0.07 0.059 0.954 3423.4 4.2181 16.966175 3.078057 18.765305 15.687247 "" "" 399.670746 425.52594 3079.47282 3.0101 425.89 8.8382 4209.8 15.775 "" "" 0.002952642649687723 0.022703629 0.00555304 0.02825667 84.26281645802 -1.16657990769 412.272064 -0.099 0.261
81.97558868091 -1.39677227171 0.0549 0.0402 82.211 "" "" 3220285840531002112 306.568573 3.2231 0.0745 20.555 -14.246 0.069 0.055 0.98 3607.4 4.7914 16.966656 2.34759 18.207058 15.859468 "" "" 299.776855 313.236389 3078.11252 2.0488 712.19 8.6437 3592.3 9.8218 "" "" 0.0028485153677914044 0.013469506 0.0048058247 0.018275332 81.97558868091 -1.39677227171 306.568573 20.554999999999996 -14.246
82.67454664156 -2.70348188817 0.0514 0.0423 76.6666 "" "" 3216824715367292160 338.535797 2.9105 0.0719 -2.522 -3.768 0.063 0.048 0.999 3466.4 4.505 16.966816 2.575104 18.37543 15.800325 "" "" 329.729462 345.509674 3077.65682 2.1095 609.88 7.9169 3793.4 11.805 "" "" 0.002854051101083495 0.014367554 0.0050695143 0.01943707 82.67454664156 -2.70348188817 338.535797 -2.522 -3.768
84.15901222125 -1.82178017583 0.0547 0.0503 51.3642 "" "" 3217343100739720960 405.132202 2.446 0.0705 0.709 -10.834 0.068 0.059 0.987 4257.8 4.4366 16.967607 2.129157 18.060808 15.931651 "" "" 393.073914 417.766693 3075.41292 2.1073 814.88 8.1547 3361.2 14.369 "" "" 0.0028539901642065995 0.011217759 0.0059855715 0.017203331 84.15901222125 -1.82178017583 405.132202 0.7089999999999999 -10.834000000000001
81.58109771417 -1.77642436828 0.0461 0.0358 105.3896 "" "" 3220132389940482688 375.228333 2.6431 0.0686 1.048 -1.434 0.062 0.043 0.991 "" "" 16.968018 2.852248 18.583431 15.731183 "" "" 366.573273 383.808075 3074.25145 2.3162 503.55 6.672 4042.8 10.356 "" "" 0.002874184595358613 0.014654003 0.0046924264 0.019346429 81.58109771417 -1.77642436828 375.228333 1.0479999999999996 -1.4339999999999997
83.65731920909 -0.87766821769 0.0722 0.059 47.9277 "" "" 3217672473191613312 355.771942 2.7876 0.0775 -0.981 -0.366 0.089 0.07 0.931 3388.4 4.2127 16.96813 2.830081 18.561657 15.731576 "" "" 344.766113 365.119537 3073.93779 4.5582 513.75 9.893 4041.4 19.494 "" "" 0.0031912145091227977 0.021092778 0.006458426 0.027551204 83.65731920909 -0.87766821769 355.771942 -0.981 -0.366
80.88978587235 -2.51369985555 0.0549 0.0419 156.1214 "" "" 3214052193717855872 293.970947 3.3743 0.0763 8.281 0.136 0.073 0.053 1.076 3591.1 4.7254 16.968262 2.613894 18.39904 15.785146 "" "" 287.704987 300.854767 3073.56457 2.1928 596.76 10.412 3846.8 10.474 "" "" 0.002862132820287806 0.019147813 0.0047982275 0.023946041 80.88978587235 -2.51369985555 293.970947 8.281 0.136
85.12470991135 -0.27809617839 0.0576 0.048 133.9491 "" "" 3219244053264561408 383.798737 2.5723 0.069 1.607 -13.586 0.067 0.055 0.981 3702.1 4.73 16.96847 2.293743 18.163378 15.869635 "" "" 374.603546 392.694824 3072.97535 1.9964 741.42 13.925 3558.8 13.907 "" "" 0.002844174155302227 0.020581786 0.0056820074 0.026263792 85.12470991135 -0.27809617839 383.798737 1.6070000000000002 -13.586
84.2082476475 -2.58963881519 0.0618 0.0535 79.0733 "" "" 3216123776703456640 387.151611 2.5409 0.073 1.46 -1.01 0.075 0.061 1.023 "" "" 16.968554 2.971894 18.685555 15.71366 "" "" 375.728882 398.566772 3072.73505 3.1051 458.35 10.953 4108.6 14.174 "" "" 0.0029657336549039457 0.026094982 0.005321028 0.03141601 84.2082476475 -2.58963881519 387.151611 1.4600000000000002 -1.0099999999999998
85.9132402574 -1.83024278543 0.0546 0.0484 155.4993 "" "" 3216609687827093632 352.767609 2.8116 0.0692 12.983 3.442 0.065 0.055 1.007 3518.5 4.5829 16.969275 2.701047 18.46885 15.767802 "" "" 342.722931 361.528198 3070.69555 2.6549 559.6 10.326 3908.7 14.544 "" "" 0.002910838911351968 0.020227868 0.0055321706 0.02576004 85.9132402574 -1.83024278543 352.767609 12.983 3.442
84.080318941 -1.39159769112 0.067 0.0614 46.8067 "" "" 3217576643881535744 347.651031 2.8427 0.0728 -5.445 2.071 0.079 0.067 0.985 3550.4 4.5924 16.969858 2.390264 18.24193 15.851666 "" "" 338.23526 357.603516 3069.04774 3.3945 689.68 11.234 3618.2 12.623 "" "" 0.003005641579761668 0.017903993 0.005350854 0.023254847 84.080318941 -1.39159769112 347.651031 -5.445 2.071
82.12335188305 -4.23831100381 0.0589 0.0442 173.6805 "" "" 3210548599916930560 411.684021 2.4084 0.0849 2.646 -0.378 0.076 0.061 1.065 4108.2 4.4697 16.96986 2.223486 18.130003 15.906517 "" "" 397.577179 429.523132 3069.0433 1.9299 764.57 7.323 3439.9 12.27 "" "" 0.002838648427990377 0.010766917 0.0054113003 0.016178217 82.12335188305 -4.23831100381 411.684021 2.646000000000001 -0.378
82.7443024355 -3.58483238111 0.0502 0.0394 123.7892 "" "" 3210693559355787264 401.06897 2.4524 0.0754 -1.998 0.883 0.067 0.049 0.975 "" "" 16.970114 2.911165 18.61436 15.703196 "" "" 388.025238 416.377106 3068.3238 2.5301 489.41 9.3174 4148.4 12.224 "" "" 0.002897123200915355 0.020857736 0.004951701 0.025809437 82.7443024355 -3.58483238111 401.06897 -1.998 0.8829999999999999
84.59724400831 -2.42628529133 0.0613 0.0541 90.515 "" "" 3216505066720270208 357.798126 2.7727 0.0761 1.768 -1.35 0.073 0.062 1.038 3220.0 4.6025 16.970346 2.683221 18.412363 15.729142 "" "" 348.146881 367.555878 3067.66919 16.812 589.48 23.118 4050.4 60.171 "" "" 0.006557229462338768 0.0426713 0.016566105 0.059237406 84.59724400831 -2.42628529133 357.798126 1.768 -1.3499999999999999
83.86982835119 -2.05430178159 0.0582 0.0527 42.0691 "" "" 3216957859352922240 393.711273 2.5248 0.0726 0.355 -0.075 0.067 0.059 0.978 3562.8 4.4408 16.970366 2.145494 18.089138 15.943645 "" "" 382.136078 405.426178 3067.6153 2.4311 793.89 16.342 3324.3 12.07 "" "" 0.0028865490723255986 0.02252306 0.005461149 0.02798421 83.86982835119 -2.05430178159 393.711273 0.355 -0.075
84.28405735867 -0.813713119 0.0589 0.0501 74.4088 "" "" 3217711986890714240 354.725891 2.7669 0.0746 -5.395 1.73 0.069 0.058 1.003 3591.3 4.4323 16.97102 2.399112 18.256077 15.856965 "" "" 346.172821 364.980591 3065.76345 3.1047 680.75 9.8791 3600.6 11.561 "" "" 0.002966605090146102 0.016001431 0.0051416825 0.021143114 84.28405735867 -0.813713119 354.725891 -5.395 1.73
84.87552962929 0.52853135133 0.0641 0.0547 158.1293 "" "" 3222370853879692416 353.966797 2.7726 0.0722 -11.053 -27.182 0.079 0.065 0.991 3741.1 4.6729 16.971506 2.205067 18.11617 15.911104 "" "" 346.638794 362.709595 3064.39047 2.2615 774.37 11.861 3425.4 12.229 "" "" 0.002869462794057909 0.016862625 0.0054137325 0.022276357 84.87552962929 0.52853135133 353.966797 -11.052999999999999 -27.181999999999995
82.33751650491 -4.37304288463 0.3052 0.2417 176.329 "" "" 3209793613385268864 326.036041 3.3004 0.4359 1.448 0.819 0.393 0.306 5.138 "" "" 16.971724 3.160036 18.634699 15.474663 "" "" 282.93692 389.937805 3063.78048 23.718 480.33 6.1907 5120.3 13.519 "" "" 0.008845229775315197 0.014268893 0.00474356 0.019012453 82.33751650491 -4.37304288463 326.036041 1.4480000000000002 0.819
81.17815971227 -0.3243553497 0.0615 0.0457 150.276 "" "" 3221351954493634048 316.895844 3.1063 0.0819 1.259 -0.676 0.082 0.056 1.014 "" "" 16.97278 3.601994 19.199804 15.59781 "" "" 310.024139 326.130066 3060.79789 3.8746 285.43 7.6705 4571.2 16.079 "" "" 0.003079089820199585 0.029310625 0.005372962 0.034683585 81.17815971227 -0.3243553497 316.895844 1.259 -0.6759999999999999
82.12790531716 -0.60651670381 0.0602 0.0517 93.8092 "" "" 3220543328115369728 370.844208 2.6624 0.0832 -14.758 -7.567 0.07 0.061 1.071 3871.1 4.676 16.97316 2.09974 18.059406 15.959666 "" "" 359.455383 382.213196 3059.73013 2.268 815.93 8.595 3275.6 9.7035 "" "" 0.0028704496619182543 0.011772559 0.004962717 0.016735276 82.12790531716 -0.60651670381 370.844208 -14.758000000000001 -7.567
83.12286657475 -1.83284707524 0.0648 0.0534 18.4138 "" "" 3217172951315004416 385.2117 2.5476 0.0759 0.275 -0.499 0.079 0.065 1.061 3430.9 4.2188 16.973484 2.779684 18.534105 15.754421 "" "" 374.692688 395.106659 3058.81257 3.2853 526.96 6.9596 3957.2 17.739 "" "" 0.0029919300444587542 0.014608332 0.0061621317 0.020770464 83.12286657475 -1.83284707524 385.2117 0.275 -0.49899999999999994
83.42293360449 -3.86538667876 0.0473 0.0368 135.653 "" "" 3215875287076390784 411.066467 2.3781 0.0754 10.121 -6.424 0.064 0.049 1.028 3839.3 4.3975 16.97376 2.565775 18.392458 15.826683 "" "" 398.924774 425.436676 3058.03795 1.9848 600.39 8.2062 3702.4 8.5713 "" "" 0.002844007315238904 0.015099988 0.004538906 0.019638894 83.42293360449 -3.86538667876 411.066467 10.121 -6.4239999999999995
81.04045573406 -0.84838264365 0.0544 0.0378 144.6811 "" "" 3220476571439512064 357.700684 2.7613 0.08 1.071 -0.262 0.073 0.049 1.09 "" "" 16.974298 2.913645 18.646544 15.732899 "" "" 346.96582 367.73642 3056.52303 2.7078 475.12 6.9126 4036.4 10.422 "" "" 0.002918384774998421 0.01604108 0.0047055962 0.020746676 81.04045573406 -0.84838264365 357.700684 1.0709999999999997 -0.26199999999999996
82.89824886662 -2.85333437989 0.0451 0.0369 79.1692 "" "" 3216806435986471680 301.832581 3.2868 0.065 -1.565 4.301 0.06 0.046 1.013 3385.3 4.4192 16.97453 2.801411 18.563791 15.762381 "" "" 295.998199 306.876648 3055.87002 4.0537 512.74 9.9687 3928.3 15.953 "" "" 0.003109041541866019 0.021292506 0.00580732 0.027099825 82.89824886662 -2.85333437989 301.832581 -1.5650000000000002 4.300999999999999
84.1224054403 -2.05911227978 0.067 0.0548 54.7296 "" "" 3217282833758675072 401.873474 2.4668 0.0825 5.356 2.215 0.077 0.065 1.112 "" "" 16.97502 2.236804 17.670357 15.433553 "" "" 391.758331 414.296387 3054.48961 5.3967 1167.5 39.45 5317.9 134.13 "" "" 0.0033573233409041102 0.036793135 0.027644398 0.06443753 84.1224054403 -2.05911227978 401.873474 5.355999999999999 2.215
82.01250651119 -2.26094875049 0.0492 0.0397 88.2327 "" "" 3217076915846550528 385.028717 2.5494 0.0715 5.873 -45.073 0.065 0.047 0.991 3633.3 4.6548 16.97512 2.312863 18.200708 15.887845 "" "" 375.039185 395.955811 3054.20745 1.7628 716.36 7.6614 3499.6 9.5707 "" "" 0.002825683355159228 0.011942359 0.004806276 0.016748635 82.01250651119 -2.26094875049 385.028717 5.873000000000001 -45.07299999999999
83.9825516491 -2.21397954284 0.0665 0.0528 53.4759 "" "" 3216903811484479360 383.293976 2.5684 0.077 -1.218 -0.239 0.076 0.063 1.014 3426.6 4.2251 16.975761 2.750608 18.52389 15.773281 "" "" 371.46579 398.56424 3052.40653 3.8779 531.94 9.1033 3889.1 15.219 "" "" 0.003081303516324503 0.01878896 0.0056864414 0.024475401 83.9825516491 -2.21397954284 383.293976 -1.218 -0.23900000000000002
84.43863100571 -2.48115543574 0.0602 0.0498 84.692 "" "" 3216131473284797824 395.556824 2.4939 0.0696 1.134 -0.512 0.073 0.058 1.035 3460.9 4.2355 16.977028 3.086036 18.782597 15.696561 "" "" 384.748322 404.580963 3048.84631 2.7146 419.16 9.2188 4173.8 11.263 "" "" 0.0029199847353944537 0.024041604 0.0047820294 0.028823633 84.43863100571 -2.48115543574 395.556824 1.1339999999999997 -0.5119999999999999
81.37316949709 -2.31123663957 0.0486 0.0392 124.7346 "" "" 3214073874712832640 366.180084 2.6848 0.0725 8.354 -5.436 0.062 0.051 0.999 "" "" 16.97811 2.281048 18.177963 15.896915 "" "" 356.370911 375.585083 3045.81265 1.6962 731.53 8.8386 3470.5 9.5019 "" "" 0.002820883040754338 0.013411686 0.0048083602 0.018220047 81.37316949709 -2.31123663957 366.180084 8.354 -5.435999999999999
