Clusters/UBC_17a/UBC_17a_members.tsv
# %ECSV 1.0
# ---
# datatype:
# - name: RA_ICRS_1
#   unit: deg
#   datatype: float64
#   format: '{:15.11f}'
#   description: Right ascension (ICRS) at Ep=2016.0 (ra)
#   meta: !!omap
#   - {ucd: POS_EQ_RA_MAIN}
#   - {width: 15}
#   - {precision: '11'}
# - name: DE_ICRS_1
#   unit: deg
#   datatype: float64
#   format: '{:15.11f}'
#   description: Declination (ICRS) at Ep=2016.0 (dec)
#   meta: !!omap
#   - {ucd: POS_EQ_DEC_MAIN}
#   - {width: 15}
#   - {precision: '11'}
# - name: e_RA_ICRS
#   unit: mas
#   datatype: float64
#   format: '{:7.4f}'
#   description: Standard error of right ascension (ra_error)
#   meta: !!omap
#   - {ucd: ERROR}
#   - {width: 7}
#   - {precision: '4'}
# - name: e_DE_ICRS
#   unit: mas
#   datatype: float64
#   format: '{:7.4f}'
#   description: Standard error of declination (dec_error)
#   meta: !!omap
#   - {ucd: ERROR}
#   - {width: 7}
#   - {precision: '4'}
# - name: _r_1
#   unit: ''
#   datatype: float64
#   format: '{:8.4f}'
#   description: Distance from center (083.33010627000-01.60640520000)[ICRS], at Epoch=J2016.0
#   meta: !!omap
#   - {ucd: POS_ANG_DIST_GENERAL}
#   - {width: 8}
#   - {precision: '4'}
# - name: HIP
#   datatype: int32
#   description: '? HIP cross-id number, van Leeuwen, Cat. I/311 (hip_original_ext_source_id)'
#   meta: !!omap
#   - {ucd: ID_NUMBER}
#   - {width: 6}
#   - values: {'null': -2147483648}
# - name: TYC2
#   datatype: string
#   description: Tycho-2 cross-id name, Hog et al., Cat. I/259 (tyc2_original_ext_source_id)
#   meta: !!omap
#   - {ucd: ID_CROSSID}
#   - {_votable_string_dtype: char}
# - name: Source
#   datatype: int64
#   description: Source identifier, identical to the Gaia-EDR3 source_id (id)
#   meta: !!omap
#   - {ucd: ID_MAIN}
#   - {width: 19}
# - name: rgeo
#   unit: pc
#   datatype: float64
#   format: '{:15.8f}'
#   description: '? Median of the geometric distance posterior (r_med_geo)'
#   meta: !!omap
#   - {ucd: PHYS_DISTANCE_TRUE}
#   - {width: 15}
#   - {precision: '8'}
#   - values: {'null': .nan}
# - name: Plx
#   unit: mas
#   datatype: float64
#   format: '{:9.4f}'
#   description: '? Parallax (parallax)'
#   meta: !!omap
#   - {ucd: POS_PARLX_TRIG}
#   - {width: 9}
#   - {precision: '4'}
#   - values: {'null': .nan}
# - name: e_Plx
#   unit: mas
#   datatype: float32
#   format: '{:7.4f}'
#   description: '? Standard error of parallax (parallax_error)'
#   meta: !!omap
#   - {ucd: ERROR}
#   - {width: 7}
#   - {precision: '4'}
#   - values: {'null': .nan}
# - name: pmRA
#   unit: mas / yr
#   datatype: float64
#   format: '{:9.3f}'
#   description: '? Proper motion in right ascension direction, pmRA*cosDE (pmra)'
#   meta: !!omap
#   - {ucd: POS_EQ_PMRA}
#   - {width: 9}
#   - {precision: '3'}
#   - values: {'null': .nan}
# - name: pmDE
#   unit: mas / yr
#   datatype: float64
#   format: '{:9.3f}'
#   description: '? Proper motion in declination direction (pmdec)'
#   meta: !!omap
#   - {ucd: POS_EQ_PMDEC}
#   - {width: 9}
#   - {precision: '3'}
#   - values: {'null': .nan}
# - name: e_pmRA
#   unit: mas / yr
#   datatype: float32
#   format: '{:6.3f}'
#   description: '? Standard error of proper motion in right ascension direction (pmra_error)'
#   meta: !!omap
#   - {ucd: ERROR}
#   - {width: 6}
#   - {precision: '3'}
#   - values: {'null': .nan}
# - name: e_pmDE
[...]
#         unit: &id001 !astropy.units.Unit {unit: deg}
#         value: !astropy.table.SerializedColumn {name: SkyCoord.dec}
#       distance: !astropy.table.SerializedColumn
#         __class__: astropy.coordinates.distances.Distance
#         unit: !astropy.units.Unit {unit: pc}
#         value: !astropy.table.SerializedColumn {name: SkyCoord.distance}
#       frame: icrs
#       obstime: !astropy.time.Time {format: jyear_str, in_subfmt: '*', jd1: 367701545.0, jd2: 0.0, out_subfmt: '*', precision: 3, scale: tt}
#       pm_dec: !astropy.table.SerializedColumn
#         __class__: astropy.units.quantity.Quantity
#         unit: !astropy.units.Unit {unit: mas / yr}
#         value: !astropy.table.SerializedColumn {name: SkyCoord.pm_dec}
#       pm_ra_cosdec: !astropy.table.SerializedColumn
#         __class__: astropy.units.quantity.Quantity
#         unit: !astropy.units.Unit {unit: mas / yr}
#         value: !astropy.table.SerializedColumn {name: SkyCoord.pm_ra_cosdec}
#       ra: !astropy.table.SerializedColumn
#         __class__: astropy.coordinates.angles.Longitude
#         unit: *id001
#         value: !astropy.table.SerializedColumn {name: SkyCoord.ra}
#         wrap_angle: !astropy.coordinates.Angle
#           unit: *id001
#           value: 360.0
#       representation_type: spherical
# schema: astropy-2.0
RA_ICRS_1 DE_ICRS_1 e_RA_ICRS e_DE_ICRS _r_1 HIP TYC2 Source rgeo Plx e_Plx pmRA pmDE e_pmRA e_pmDE RUWE Teff logg Gmag BP-RP BPmag RPmag RV e_RV b_rgeo B_rgeo FG e_FG FBP e_FBP FRP e_FRP RAVE5 RAVE6 e_Gmag e_BPmag e_RPmag e_BP-RP SkyCoord.ra SkyCoord.dec SkyCoord.distance SkyCoord.pm_ra_cosdec SkyCoord.pm_dec Pmemb
[from data line 283]
84.00987479996 -2.6077503545 0.0616 0.0575 72.601 "" "" 3216873227021574144 344.119873 2.8552 0.0747 1.549 -1.392 0.071 0.066 1.082 3433.7 4.2447 16.941774 3.135365 18.78982 15.654454 "" "" 336.936554 352.538879 3149.46601 3.2255 416.38 8.764 4338.9 19.684 "" "" 0.002971231645951351 0.023022363 0.006208473 0.029230837 84.00987479996 -2.6077503545 344.119873 1.549 -1.3919999999999995 0.88
82.65308890659 -2.85858521558 0.0461 0.0367 85.394 "" "" 3216796162424738560 363.519531 2.6961 0.0653 1.678 -1.638 0.06 0.044 1.0 3372.1 4.3149 16.947172 3.217771 18.857763 15.639993 "" "" 356.278259 372.27832 3133.84734 2.85 391.12 8.3479 4397.0 13.622 "" "" 0.002926899388339147 0.023340864 0.005059423 0.028400287 82.65308890659 -2.85858521558 363.519531 1.678 -1.638 0.86
82.75432693643 -1.58950237323 0.0589 0.0517 34.5482 "" "" 3217242529785001344 345.560699 2.8731 0.07 1.14 -1.109 0.07 0.058 1.067 3404.4 4.145 16.951015 2.85711 18.5779 15.72079 "" "" 337.713257 352.387421 3122.77638 7.688 506.12 10.022 4081.7 26.966 "" "" 0.0038388340242272046 0.021679642 0.008107737 0.029787378 82.75432693643 -1.58950237323 345.560699 1.14 -1.1089999999999995 0.87
81.82905824947 -1.38379544674 0.0547 0.042 91.0175 "" "" 3220289345224328064 367.555267 2.6655 0.0708 1.134 -1.156 0.069 0.052 1.075 "" "" 16.958513 2.932158 18.6484 15.716242 "" "" 360.167877 377.636475 3101.28068 2.9601 474.3 8.1507 4098.8 12.267 "" "" 0.0029437607467018485 0.018865513 0.0049842214 0.023849733 81.82905824947 -1.38379544674 367.555267 1.134 -1.1559999999999997 0.92
81.17815971227 -0.3243553497 0.0615 0.0457 150.276 "" "" 3221351954493634048 316.895844 3.1063 0.0819 1.259 -0.676 0.082 0.056 1.014 "" "" 16.97278 3.601994 19.199804 15.59781 "" "" 310.024139 326.130066 3060.79789 3.8746 285.43 7.6705 4571.2 16.079 "" "" 0.003079089820199585 0.029310625 0.005372962 0.034683585 81.17815971227 -0.3243553497 316.895844 1.259 -0.6759999999999998 0.81
84.92408228096 -1.66916369178 0.0643 0.0534 95.6736 "" "" 3217311455420959232 360.146057 2.7425 0.0721 1.682 -1.177 0.077 0.06 1.037 3422.7 4.223 16.979065 3.093163 18.797543 15.70438 "" "" 352.304596 369.202942 3043.13401 4.4303 413.43 10.198 4143.9 15.672 "" "" 0.0031765156409494667 0.026926601 0.005580731 0.032507334 84.92408228096 -1.66916369178 360.146057 1.6820000000000006 -1.177 0.92
83.82718158889 -1.86970665999 0.0645 0.0553 33.7381 "" "" 3217348185980853504 374.783264 2.6077 0.0816 1.479 -1.485 0.075 0.063 1.115 3436.0 4.2094 16.979729 3.452303 19.087929 15.635626 "" "" 363.240082 384.841705 3041.27281 3.2461 316.41 10.273 4414.8 12.316 "" "" 0.0029891043655939213 0.035361245 0.0048433333 0.040204577 83.82718158889 -1.86970665999 374.783264 1.4790000000000003 -1.4849999999999999 0.8
82.69657545309 -1.57364733943 0.0565 0.0518 38.048 "" "" 3217222321969492096 331.745056 2.9845 0.0763 1.425 -0.998 0.067 0.056 0.958 "" "" 16.981796 2.8696 18.595472 15.725872 "" "" 323.890778 341.260498 3035.48517 2.5549 498.0 13.754 4062.6 16.663 "" "" 0.002902911061627037 0.030115906 0.00584079 0.035956696 82.69657545309 -1.57364733943 331.745056 1.425 -0.998 0.89
82.70063471856 0.49666303345 0.0608 0.0522 131.714 "" "" 3221133529636504960 358.51709 2.7488 0.0826 1.563 -0.965 0.072 0.063 0.932 3465.1 4.1676 16.993132 3.054293 18.78165 15.727358 "" "" 346.727814 370.89389 3003.95856 2.7329 419.52 8.0184 4057.1 11.751 "" "" 0.0029270242714835265 0.020938706 0.00491661 0.025855316 82.70063471856 0.49666303345 358.51709 1.5630000000000002 -0.965 0.92
