Clusters/UBC_17a/UBC_17a_members.tsv
# %ECSV 1.0
# ---
# datatype:
# - name: RA_ICRS_1
#   unit: deg
#   datatype: float64
#   format: '{:15.11f}'
#   description: Right ascension (ICRS) at Ep=2016.0 (ra)
#   meta: !!omap
#   - {ucd: POS_EQ_RA_MAIN}
#   - {width: 15}
#   - {precision: '11'}
# - name: DE_ICRS_1
#   unit: deg
#   datatype: float64
#   format: '{:15.11f}'
#   description: Declination (ICRS) at Ep=2016.0 (dec)
#   meta: !!omap
#   - {ucd: POS_EQ_DEC_MAIN}
#   - {width: 15}
#   - {precision: '11'}
# - name: e_RA_ICRS
#   unit: mas
#   datatype: float64
#   format: '{:7.4f}'
#   description: Standard error of right ascension (ra_error)
#   meta: !!omap
#   - {ucd: ERROR}
#   - {width: 7}
#   - {precision: '4'}
# - name: e_DE_ICRS
#   unit: mas
#   datatype: float64
#   format: '{:7.4f}'
#   description: Standard error of declination (dec_error)
#   meta: !!omap
#   - {ucd: ERROR}
#   - {width: 7}
#   - {precision: '4'}
# - name: _r_1
#   unit: ''
#   datatype: float64
#   format: '{:8.4f}'
#   description: Distance from center (083.33010627000-01.60640520000)[ICRS], at Epoch=J2016.0
#   meta: !!omap
#   - {ucd: POS_ANG_DIST_GENERAL}
#   - {width: 8}
#   - {precision: '4'}
# - name: HIP
#   datatype: int32
#   description: '? HIP cross-id number, van Leeuwen, Cat. I/311 (hip_original_ext_source_id)'
#   meta: !!omap
#   - {ucd: ID_NUMBER}
#   - {width: 6}
#   - values: {'null': -2147483648}
# - name: TYC2
#   datatype: string
#   description: Tycho-2 cross-id name, Hog et al., Cat. I/259 (tyc2_original_ext_source_id)
#   meta: !!omap
#   - {ucd: ID_CROSSID}
#   - {_votable_string_dtype: char}
# - name: Source
#   datatype: int64
#   description: Source identifier, identical to the Gaia-EDR3 source_id (id)
#   meta: !!omap
#   - {ucd: ID_MAIN}
#   - {width: 19}
# - name: rgeo
#   unit: pc
#   datatype: float64
#   format: '{:15.8f}'
#   description: '? Median of the geometric distance posterior (r_med_geo)'
#   meta: !!omap
#   - {ucd: PHYS_DISTANCE_TRUE}
#   - {width: 15}
#   - {precision: '8'}
#   - values: {'null': .nan}
# - name: Plx
#   unit: mas
#   datatype: float64
#   format: '{:9.4f}'
#   description: '? Parallax (parallax)'
#   meta: !!omap
#   - {ucd: POS_PARLX_TRIG}
#   - {width: 9}
#   - {precision: '4'}
#   - values: {'null': .nan}
# - name: e_Plx
#   unit: mas
#   datatype: float32
#   format: '{:7.4f}'
#   description: '? Standard error of parallax (parallax_error)'
#   meta: !!omap
#   - {ucd: ERROR}
#   - {width: 7}
#   - {precision: '4'}
#   - values: {'null': .nan}
# - name: pmRA
#   unit: mas / yr
#   datatype: float64
#   format: '{:9.3f}'
#   description: '? Proper motion in right ascension direction, pmRA*cosDE (pmra)'
#   meta: !!omap
#   - {ucd: POS_EQ_PMRA}
#   - {width: 9}
#   - {precision: '3'}
#   - values: {'null': .nan}
# - name: pmDE
#   unit: mas / yr
#   datatype: float64
#   format: '{:9.3f}'
#   description: '? Proper motion in declination direction (pmdec)'
#   meta: !!omap
#   - {ucd: POS_EQ_PMDEC}
#   - {width: 9}
#   - {precision: '3'}
#   - values: {'null': .nan}
# - name: e_pmRA
#   unit: mas / yr
#   datatype: float32
#   format: '{:6.3f}'
#   description: '? Standard error of proper motion in right ascension direction (pmra_error)'
#   meta: !!omap
#   - {ucd: ERROR}
#   - {width: 6}
#   - {precision: '3'}
#   - values: {'null': .nan}
# - name: e_pmDE
[...]
#         unit: &id001 !astropy.units.Unit {unit: deg}
#         value: !astropy.table.SerializedColumn {name: SkyCoord.dec}
#       distance: !astropy.table.SerializedColumn
#         __class__: astropy.coordinates.distances.Distance
#         unit: !astropy.units.Unit {unit: pc}
#         value: !astropy.table.SerializedColumn {name: SkyCoord.distance}
#       frame: icrs
#       obstime: !astropy.time.Time {format: jyear_str, in_subfmt: '*', jd1: 367701545.0, jd2: 0.0, out_subfmt: '*', precision: 3, scale: tt}
#       pm_dec: !astropy.table.SerializedColumn
#         __class__: astropy.units.quantity.Quantity
#         unit: !astropy.units.Unit {unit: mas / yr}
#         value: !astropy.table.SerializedColumn {name: SkyCoord.pm_dec}
#       pm_ra_cosdec: !astropy.table.SerializedColumn
#         __class__: astropy.units.quantity.Quantity
#         unit: !astropy.units.Unit {unit: mas / yr}
#         value: !astropy.table.SerializedColumn {name: SkyCoord.pm_ra_cosdec}
#       ra: !astropy.table.SerializedColumn
#         __class__: astropy.coordinates.angles.Longitude
#         unit: *id001
#         value: !astropy.table.SerializedColumn {name: SkyCoord.ra}
#         wrap_angle: !astropy.coordinates.Angle
#           unit: *id001
#           value: 360.0
#       representation_type: spherical
# schema: astropy-2.0
RA_ICRS_1 DE_ICRS_1 e_RA_ICRS e_DE_ICRS _r_1 HIP TYC2 Source rgeo Plx e_Plx pmRA pmDE e_pmRA e_pmDE RUWE Teff logg Gmag BP-RP BPmag RPmag RV e_RV b_rgeo B_rgeo FG e_FG FBP e_FBP FRP e_FRP RAVE5 RAVE6 e_Gmag e_BPmag e_RPmag e_BP-RP SkyCoord.ra SkyCoord.dec SkyCoord.distance SkyCoord.pm_ra_cosdec SkyCoord.pm_dec Pmemb
[from data line 160]
80.87545740896 -1.47265765109 0.0236 0.0181 147.4443 "" "" 3220381635482668800 342.775085 2.8606 0.0325 1.131 -1.144 0.03 0.023 1.069 3579.2 4.0184 15.586082 2.435821 16.888205 14.452383 -11.55 5.87 338.120605 346.572571 10977.76022 13.915 2399.6 18.06 13128.0 44.973 "" "" 0.00307990624361739 0.008634749 0.0053026373 0.013937386 80.87545740896 -1.47265765109 342.775085 1.131 -1.1440000000000001 0.94
84.5040639665 -2.43554309566 0.0299 0.0246 86.1979 "" "" 3216504134712395904 348.685883 2.8126 0.0344 1.749 -1.41 0.036 0.028 0.989 3551.2 4.0027 15.591257 2.454684 16.900015 14.445331 "" "" 344.41394 353.457703 10925.56294 15.496 2373.6 28.029 13214.0 46.651 "" "" 0.0031564480239997107 0.013121164 0.0053829765 0.01850414 84.5040639665 -2.43554309566 348.685883 1.7490000000000006 -1.41 0.9
84.28365631558 -1.54995409986 0.0304 0.0277 57.2915 "" "" 3217384401145162880 343.863312 2.8646 0.0371 1.899 -1.401 0.037 0.032 1.146 3602.2 4.0253 15.598416 2.419932 16.87807 14.458138 "" "" 339.640228 347.766785 10853.76074 6.6602 2422.1 15.438 13059.0 39.007 "" "" 0.0028347251109230574 0.0074615837 0.0049800863 0.0124416705 84.28365631558 -1.54995409986 343.863312 1.899 -1.4009999999999998 0.9
84.34038834089 -0.67779411415 0.0322 0.0269 82.3239 "" "" 3217715491583990272 345.27948 2.8384 0.0392 1.805 -0.952 0.04 0.032 1.1 3523.1 4.0053 15.605423 2.540215 16.983078 14.442863 "" "" 341.606537 350.271698 10783.94575 15.365 2198.8 23.072 13244.0 41.384 "" "" 0.0031598853258122317 0.0117293205 0.005078752 0.016808072 84.34038834089 -0.67779411415 345.27948 1.805 -0.952 0.9
83.91249523482 -1.32095129651 0.0298 0.0256 38.9048 "" "" 3217581969640997760 329.062408 2.9818 0.0359 1.684 -1.219 0.036 0.03 0.985 3422.5 3.9446 15.624241 2.929334 17.308104 14.37877 "" "" 325.781372 333.949371 10598.65011 7.2234 1630.0 14.826 14049.0 25.714 "" "" 0.0028529543100100203 0.010262127 0.0042699906 0.014532117 83.91249523482 -1.32095129651 329.062408 1.6840000000000004 -1.219 0.82
82.41381106326 -1.53388546697 0.029 0.0256 55.129 "" "" 3220225264312436736 338.645905 2.9081 0.036 1.109 -1.131 0.035 0.03 1.023 3564.9 4.05 15.625462 2.431272 16.919317 14.488046 "" "" 334.574524 343.29245 10586.73517 15.018 2331.8 19.513 12704.0 70.115 "" "" 0.0031565765136445257 0.009504446 0.007084602 0.016589047 82.41381106326 -1.53388546697 338.645905 1.1089999999999995 -1.1310000000000002 0.93
83.25135660267 -1.09221828797 0.0308 0.0279 31.2107 "" "" 3217641751289973888 348.739441 2.813 0.0396 1.5 -1.196 0.039 0.032 1.05 3527.2 4.0062 15.650906 2.534271 17.022673 14.488401 "" "" 344.958466 352.528137 10341.52455 47.074 2120.1 46.31 12700.0 143.45 "" "" 0.005658373292540107 0.023879636 0.012832841 0.036712475 83.25135660267 -1.09221828797 348.739441 1.5000000000000004 -1.1959999999999995 0.94
83.85677200923 -1.04885285307 0.0407 0.0347 46.0122 "" "" 3217607876883686144 354.398102 2.7905 0.0465 1.334 -0.936 0.049 0.038 1.081 "" "" 15.653115 3.126726 17.489996 14.36327 "" "" 348.287018 359.508636 10320.49631 11.185 1378.5 16.999 14251.0 73.86 "" "" 0.0029960597066780773 0.013676419 0.0067785336 0.020454952 83.85677200923 -1.04885285307 354.398102 1.3340000000000003 -0.9360000000000003 0.83
83.97010884943 -1.9500942475 0.0309 0.0271 43.5705 "" "" 3217334407725971584 358.066803 2.7477 0.0405 1.735 -1.228 0.036 0.032 1.089 3591.0 4.0297 15.656002 2.420749 16.94311 14.522361 "" "" 352.767578 362.572601 10293.09798 10.574 2281.3 14.051 12309.0 33.617 "" "" 0.002972512638719657 0.0072460114 0.0048037902 0.012049802 83.97010884943 -1.9500942475 358.066803 1.7350000000000003 -1.228 0.9
81.74453390405 -0.46160100745 0.0354 0.0305 117.3259 "" "" 3220557415608217472 343.603363 2.8544 0.0408 1.366 -0.858 0.042 0.034 1.105 3565.8 4.1504 15.666078 2.484262 17.005394 14.521131 "" "" 338.697205 348.38269 10198.01208 7.0219 2154.1 14.094 12323.0 24.007 "" "" 0.002854939592666071 0.0076321345 0.0043310137 0.011963148 81.74453390405 -0.46160100745 343.603363 1.3659999999999997 -0.8580000000000002 0.95
82.33883000582 -0.4766481869 0.0298 0.0256 90.1723 "" "" 3220920739777093632 353.532227 2.7773 0.0396 1.443 -0.929 0.036 0.03 1.024 "" "" 15.672833 2.525382 17.023212 14.49783 "" "" 348.906158 357.908295 10134.75991 53.669 2119.0 53.66 12590.0 239.0 "" "" 0.006375671301774948 0.027635597 0.020954521 0.048590116 82.33883000582 -0.4766481869 353.532227 1.4430000000000005 -0.929 0.91
84.79798597468 -1.10724061836 0.0298 0.0283 93.0022 "" "" 3217497272885177600 340.684875 2.8897 0.0395 1.945 -1.066 0.036 0.033 1.025 3532.9 4.048 15.673904 2.51414 17.030516 14.516376 19.57 7.79 335.222809 345.455109 10124.76837 9.277 2104.8 18.665 12377.0 33.796 "" "" 0.002929414021512913 0.010024258 0.004803427 0.014827685 84.79798597468 -1.10724061836 340.684875 1.945 -1.0660000000000003 0.94
84.96819019302 -2.60412802432 0.0319 0.0289 115.023 "" "" 3216439542699331712 358.570312 2.7415 0.0415 1.795 -1.415 0.038 0.032 1.043 3530.8 4.0091 15.700268 2.566915 17.102625 14.53571 "" "" 352.878387 363.88562 9881.87828 15.898 1969.6 17.966 12158.0 61.556 "" "" 0.0032623421921685824 0.010289238 0.006670958 0.016960196 84.96819019302 -2.60412802432 358.570312 1.795 -1.415 0.95
84.43658758345 -2.21485887478 0.0343 0.0309 75.7319 "" "" 3217263106973173248 363.485748 2.7022 0.045 1.788 -1.496 0.038 0.034 1.078 3555.2 4.0099 15.722714 2.507556 17.081089 14.573533 "" "" 357.1987 369.596558 9679.67605 6.6656 2009.0 10.323 11742.0 17.916 "" "" 0.0028549573076723355 0.0062377416 0.0041265143 0.010364256 84.43658758345 -2.21485887478 363.485748 1.7879999999999996 -1.496 0.8
83.34858757165 -0.55929262479 0.0332 0.027 62.8365 "" "" 3220698427974826752 354.099487 2.7793 0.0399 1.642 -1.095 0.041 0.032 0.974 3528.5 4.0091 15.733433 2.467032 17.059649 14.592617 "" "" 348.521362 358.303986 9584.59468 7.3824 2049.1 10.355 11537.0 24.871 "" "" 0.002879434343041924 0.006155398 0.004445455 0.010600854 83.34858757165 -0.55929262479 354.099487 1.642 -1.095 0.94
85.90364566348 -1.80734191509 0.0295 0.0265 154.8139 "" "" 3216613093736790528 365.39859 2.7002 0.038 2.028 -1.506 0.035 0.03 1.061 3580.1 4.0951 15.740664 2.472875 17.07321 14.600335 "" "" 361.127655 370.383728 9520.96308 8.8017 2023.6 11.701 11456.0 25.147 "" "" 0.002932444545364517 0.0068701217 0.004468088 0.01133821 85.90364566348 -1.80734191509 365.39859 2.028 -1.506 0.84
82.88227466391 -1.78488291199 0.0333 0.029 28.9143 "" "" 3217201263739477248 364.363525 2.702 0.0393 1.075 -0.966 0.039 0.033 1.042 3597.5 4.0829 15.756063 2.38155 17.020859 14.639309 "" "" 359.652557 369.19873 9386.89324 16.993 2123.6 19.428 11052.0 46.046 "" "" 0.003384519126343994 0.010317421 0.005894561 0.016211981 82.88227466391 -1.78488291199 364.363525 1.075 -0.9659999999999997 0.9
82.0491410722 -3.22981398991 0.0279 0.0228 124.0317 "" "" 3210775202390926848 366.604828 2.6778 0.0396 1.444 -1.198 0.036 0.028 1.113 3573.5 4.1431 15.7613 2.456492 17.076683 14.620191 "" "" 361.691071 371.426636 9341.71489 31.85 2017.2 31.609 11248.0 90.607 "" "" 0.004614622937361198 0.01724048 0.00952768 0.02676816 82.0491410722 -3.22981398991 366.604828 1.4439999999999997 -1.198 0.94
83.60349647351 -1.07192292826 0.0308 0.0258 36.0186 "" "" 3217650654757785088 355.38269 2.7721 0.0363 1.437 -0.937 0.039 0.031 1.027 3531.3 4.0452 15.776044 2.51611 17.14013 14.62402 "" "" 350.85965 361.015991 9215.71579 7.0153 1902.7 12.572 11209.0 26.03 "" "" 0.0028766103751059046 0.007697442 0.0045432243 0.012240667 83.60349647351 -1.07192292826 355.38269 1.437 -0.937 0.91
83.31274889642 -1.55768129119 0.0378 0.0362 3.1033 "" "" 3217188065303305472 359.614075 2.7271 0.0473 1.381 -1.257 0.044 0.04 1.075 3517.2 4.0127 15.786246 2.604915 17.203041 14.598126 "" "" 353.08075 365.355255 9129.52463 22.509 1795.6 24.587 11479.0 42.127 "" "" 0.003841560785281422 0.015126453 0.0054918556 0.020618308 83.31274889642 -1.55768129119 359.614075 1.3809999999999996 -1.257 0.83
83.94809941389 -2.93094436403 0.0314 0.0272 87.6843 "" "" 3216084602305507200 367.945251 2.6765 0.0395 1.753 -1.678 0.04 0.034 0.96 3563.6 4.1645 15.793293 2.536707 17.176744 14.640038 "" "" 362.431915 373.352966 9070.46291 6.2964 1839.6 9.5659 11044.0 26.607 "" "" 0.0028565404633247695 0.0062976414 0.004596281 0.010893922 83.94809941389 -2.93094436403 367.945251 1.7529999999999997 -1.6779999999999995 0.9
82.86421782287 -0.85664302764 0.0337 0.03 52.9597 "" "" 3220658437534217728 347.844849 2.8299 0.0438 1.777 -0.961 0.039 0.036 1.031 3638.7 4.3984 15.810482 2.469483 17.140097 14.670613 "" "" 341.715668 352.967896 8927.99136 5.436 1902.7 10.829 10738.0 17.953 "" "" 0.0028335151342770435 0.0067800693 0.004192718 0.010972787 82.86421782287 -0.85664302764 347.844849 1.777 -0.9609999999999997 0.87
82.07766139707 -1.78904354503 0.028 0.0218 75.9088 "" "" 3220122837933324928 350.460815 2.802 0.0399 1.337 -0.87 0.036 0.026 1.049 3503.7 4.0045 15.815382 2.51524 17.17332 14.658081 "" "" 345.551666 357.387634 8887.79123 10.913 1845.4 12.275 10862.0 33.05 "" "" 0.0030608891232122063 0.0077422084 0.0050197034 0.012761911 82.07766139707 -1.78904354503 350.460815 1.3369999999999995 -0.8700000000000002 0.86
82.94152332104 -0.84308200762 0.0342 0.0311 51.3898 "" "" 3220664209970233984 356.116913 2.7469 0.0429 1.685 -1.099 0.043 0.039 0.972 3440.7 4.0024 15.829772 2.748325 17.361076 14.612751 "" "" 351.714081 361.150238 8770.77392 11.8 1552.3 15.547 11326.0 39.55 "" "" 0.003118574384426335 0.0112264035 0.0053533246 0.016579729 82.94152332104 -0.84308200762 356.116913 1.685 -1.099 0.86
84.52773848062 0.38089033438 0.0337 0.0293 139.2124 "" "" 3222342266577275392 362.729797 2.7114 0.0422 1.957 -0.971 0.041 0.033 0.994 3527.7 4.0866 15.833792 2.527785 17.204832 14.677047 "" "" 355.71698 368.702057 8738.3598 10.183 1792.6 10.023 10674.0 35.09 "" "" 0.0030319302553180735 0.0066811987 0.005198411 0.01187961 84.52773848062 0.38089033438 362.729797 1.957 -0.9710000000000001 0.81
84.03256302165 -2.8956032029 0.0357 0.0325 88.0733 "" "" 3216090791354699776 353.542786 2.7767 0.0427 1.649 -1.627 0.041 0.037 1.023 3509.1 4.0121 15.846603 2.537206 17.220749 14.683543 "" "" 346.975555 359.718384 8635.858 8.2005 1766.5 12.231 10611.0 23.4 "" "" 0.002941896087855038 0.008018581 0.0044739847 0.012492565 84.03256302165 -2.8956032029 353.542786 1.6490000000000005 -1.6269999999999993 0.85
84.64002963382 -1.96512943898 0.0441 0.0391 81.4523 "" "" 3217298982835798400 350.063629 2.7909 0.053 1.615 -1.237 0.053 0.046 1.292 "" "" 15.849508 3.038403 17.604076 14.565673 "" "" 343.008881 355.93634 8612.77801 11.804 1241.0 14.606 11827.0 36.946 "" "" 0.0031314546133240084 0.013079681 0.005078124 0.018157806 84.64002963382 -1.96512943898 350.063629 1.615 -1.237 0.81
83.28928064018 -0.98377979227 0.0307 0.0275 37.4377 "" "" 3217644946745824640 358.775909 2.7413 0.0421 1.521 -0.867 0.039 0.032 1.014 3581.8 4.1427 15.856122 2.455404 17.17184 14.716436 "" "" 351.792358 363.725983 8560.47921 8.9714 1847.9 15.792 10294.0 34.504 "" "" 0.0029810234311506843 0.009689048 0.005246687 0.014935736 83.28928064018 -0.98377979227 358.775909 1.521 -0.8670000000000002 0.9
83.20884781122 -0.52186726762 0.0379 0.0312 65.4776 "" "" 3220696817361790848 338.709961 2.9036 0.0419 1.823 -1.104 0.043 0.035 1.033 "" "" 15.868616 2.64297 17.321127 14.678157 "" "" 333.412476 343.621124 8462.5346 6.5777 1610.5 11.503 10663.0 33.889 "" "" 0.002881662598911954 0.008241547 0.005117701 0.013359249 83.20884781122 -0.52186726762 338.709961 1.823 -1.1040000000000003 0.86
83.53393278148 -2.37674366829 0.0336 0.0313 47.809 "" "" 3216919651323983488 363.579987 2.709 0.0405 1.635 -1.418 0.042 0.038 0.96 3580.5 4.2672 15.882557 2.62795 17.33127 14.703321 "" "" 358.032898 369.21582 8354.56919 26.138 1595.5 21.734 10419.0 83.908 "" "" 0.004373806102191368 0.015050851 0.009525663 0.024576515 83.53393278148 -2.37674366829 363.579987 1.635 -1.4179999999999995 0.87
84.31109453378 -1.03071207428 0.0317 0.0275 68.2325 "" "" 3217686526324624768 327.247101 3.0033 0.0404 2.148 -1.281 0.038 0.031 0.994 3424.7 4.0374 15.889609 3.186515 17.77307 14.586555 "" "" 322.936157 331.686035 8300.47456 13.085 1062.2 14.118 11602.0 57.99 "" "" 0.0032436502931047044 0.014698088 0.0066131675 0.021311255 84.31109453378 -1.03071207428 327.247101 2.148 -1.281 0.89
82.0176718375 0.21048460543 0.0375 0.0301 134.4746 "" "" 3221042682488289152 343.267181 2.8633 0.0444 1.329 -0.665 0.047 0.036 1.064 "" "" 15.894334 2.654509 17.353138 14.698629 "" "" 337.532043 348.396454 8264.43744 18.468 1563.7 18.822 10464.0 61.021 "" "" 0.0036712875441543393 0.013363358 0.0073737027 0.02073706 82.0176718375 0.21048460543 343.267181 1.3290000000000004 -0.6649999999999998 0.91
83.3904415134 -3.92516082479 0.0304 0.0226 139.1723 "" "" 3215873878327134976 349.721771 2.7959 0.0487 1.32 -1.201 0.039 0.03 1.056 "" "" 15.89688 2.53458 17.271646 14.737066 "" "" 343.561401 357.269257 8245.07897 13.505 1685.6 17.306 10100.0 41.673 "" "" 0.003279392858237403 0.011491105 0.0058610793 0.017352184 83.3904415134 -3.92516082479 349.721771 1.32 -1.2009999999999996 0.92
85.63895299394 -0.43067334993 0.0327 0.0283 155.4364 "" "" 3219059369670264448 328.83139 2.9846 0.0414 2.249 -1.16 0.042 0.032 0.996 3409.9 4.0037 15.900473 2.640853 17.333422 14.692569 "" "" 324.519989 334.453491 8217.84268 14.24 1592.4 26.769 10523.0 35.109 "" "" 0.0033363721141950377 0.018463776 0.005235066 0.023698842 85.63895299394 -0.43067334993 328.83139 2.249000000000001 -1.16 0.83
82.5941332567 -0.71011109326 0.0379 0.0329 69.5785 "" "" 3220713928511418752 341.035614 2.8742 0.0484 1.588 -1.027 0.043 0.038 1.032 3518.1 4.1194 15.937726 2.556952 17.336882 14.779929 "" "" 336.513519 347.187561 7940.65778 8.889 1587.3 12.254 9709.3 27.529 "" "" 0.0030114775029880855 0.008834111 0.004874459 0.013708569 82.5941332567 -0.71011109326 341.035614 1.5880000000000007 -1.027 0.89
81.8600312982 -1.76541503811 0.0332 0.0249 88.681 "" "" 3220129744240753920 361.361053 2.7173 0.0479 0.953 -1.01 0.043 0.031 0.984 3495.5 4.0169 15.943395 2.5207 17.29727 14.77657 "" "" 354.95816 366.690002 7899.30334 5.4448 1646.3 10.524 9739.3 19.778 "" "" 0.0028551444523656783 0.007480427 0.00437551 0.011855938 81.8600312982 -1.76541503811 361.361053 0.953 -1.01 0.82
83.01902949727 -2.02183098168 0.0342 0.0317 31.1336 "" "" 3217145287435004672 334.78949 2.9252 0.0452 1.412 -1.314 0.041 0.036 1.06 3567.4 4.3772 15.953668 2.697594 17.450941 14.753347 "" "" 329.772095 341.103302 7824.91902 5.3169 1429.0 12.327 9949.9 17.553 "" "" 0.0028523759741023733 0.009772671 0.004237032 0.014009703 83.01902949727 -2.02183098168 334.78949 1.412 -1.314 0.87
83.78271261108 -1.15804215251 0.0425 0.0371 38.2197 "" "" 3217599424388079488 351.743927 2.7909 0.0521 2.071 -1.287 0.049 0.04 1.094 3472.6 3.9497 15.960109 3.021841 17.70873 14.68689 "" "" 345.597748 358.212891 7778.6338 7.5671 1127.0 17.66 10578.0 29.047 "" "" 0.0029508252675361796 0.017240673 0.004813787 0.02205446 83.78271261108 -1.15804215251 351.743927 2.071 -1.287 0.92
82.84411497215 -0.54897209647 0.0346 0.0304 69.8237 "" "" 3220722995186961792 343.098999 2.8598 0.0436 1.532 -1.223 0.044 0.035 0.999 "" "" 15.96661 2.64383 17.422146 14.778316 "" "" 337.668976 348.116821 7732.19718 5.9846 1467.4 13.537 9723.7 15.571 "" "" 0.0028806189555231456 0.010397457 0.004160119 0.014557576 82.84411497215 -0.54897209647 343.098999 1.5320000000000003 -1.223 0.95
83.17766033973 -2.28204668386 0.0379 0.031 41.5564 "" "" 3216933154700977664 362.219421 2.7137 0.0471 1.753 -1.656 0.044 0.035 1.045 3490.9 4.014 15.978864 2.59062 17.396704 14.806084 "" "" 356.201813 367.591583 7645.42046 6.0538 1502.2 18.646 9478.2 18.06 "" "" 0.002886327663762342 0.013762462 0.0043085515 0.018071014 83.17766033973 -2.28204668386 362.219421 1.7529999999999994 -1.656 0.83
