Clusters/Alessi_43/Alessi_43_members.tsv
# %ECSV 1.0
# ---
# datatype:
# - name: RA_ICRS_1
#   unit: deg
#   datatype: float64
#   format: '{:15.11f}'
#   description: Right ascension (ICRS) at Ep=2016.0 (ra)
#   meta: !!omap
#   - {ucd: POS_EQ_RA_MAIN}
#   - {width: 15}
#   - {precision: '11'}
# - name: DE_ICRS_1
#   unit: deg
#   datatype: float64
#   format: '{:15.11f}'
#   description: Declination (ICRS) at Ep=2016.0 (dec)
#   meta: !!omap
#   - {ucd: POS_EQ_DEC_MAIN}
#   - {width: 15}
#   - {precision: '11'}
# - name: e_RA_ICRS
#   unit: mas
#   datatype: float64
#   format: '{:7.4f}'
#   description: Standard error of right ascension (ra_error)
#   meta: !!omap
#   - {ucd: ERROR}
#   - {width: 7}
#   - {precision: '4'}
# - name: e_DE_ICRS
#   unit: mas
#   datatype: float64
#   format: '{:7.4f}'
#   description: Standard error of declination (dec_error)
#   meta: !!omap
#   - {ucd: ERROR}
#   - {width: 7}
#   - {precision: '4'}
# - name: _r_1
#   unit: ''
#   datatype: float64
#   format: '{:7.4f}'
#   description: Distance from center (132.64130804000-41.76300578000)[ICRS], at Epoch=J2016.0
#   meta: !!omap
#   - {ucd: POS_ANG_DIST_GENERAL}
#   - {width: 7}
#   - {precision: '4'}
# - name: HIP
#   datatype: int32
#   description: '? HIP cross-id number, van Leeuwen, Cat. I/311 (hip_original_ext_source_id)'
#   meta: !!omap
#   - {ucd: ID_NUMBER}
#   - {width: 6}
#   - values: {'null': -2147483648}
# - name: TYC2
#   datatype: string
#   description: Tycho-2 cross-id name, Hog et al., Cat. I/259 (tyc2_original_ext_source_id)
#   meta: !!omap
#   - {ucd: ID_CROSSID}
#   - {_votable_string_dtype: char}
# - name: Source
#   datatype: int64
#   description: Source identifier, identical to the Gaia-EDR3 source_id (id)
#   meta: !!omap
#   - {ucd: ID_MAIN}
#   - {width: 19}
# - name: rgeo
#   unit: pc
#   datatype: float64
#   format: '{:15.8f}'
#   description: '? Median of the geometric distance posterior (r_med_geo)'
#   meta: !!omap
#   - {ucd: PHYS_DISTANCE_TRUE}
#   - {width: 15}
#   - {precision: '8'}
#   - values: {'null': .nan}
# - name: Plx
#   unit: mas
#   datatype: float64
#   format: '{:9.4f}'
#   description: '? Parallax (parallax)'
#   meta: !!omap
#   - {ucd: POS_PARLX_TRIG}
#   - {width: 9}
#   - {precision: '4'}
#   - values: {'null': .nan}
# - name: e_Plx
#   unit: mas
#   datatype: float32
#   format: '{:7.4f}'
#   description: '? Standard error of parallax (parallax_error)'
#   meta: !!omap
#   - {ucd: ERROR}
#   - {width: 7}
#   - {precision: '4'}
#   - values: {'null': .nan}
# - name: pmRA
#   unit: mas / yr
#   datatype: float64
#   format: '{:9.3f}'
#   description: '? Proper motion in right ascension direction, pmRA*cosDE (pmra)'
#   meta: !!omap
#   - {ucd: POS_EQ_PMRA}
#   - {width: 9}
#   - {precision: '3'}
#   - values: {'null': .nan}
# - name: pmDE
#   unit: mas / yr
#   datatype: float64
#   format: '{:9.3f}'
#   description: '? Proper motion in declination direction (pmdec)'
#   meta: !!omap
#   - {ucd: POS_EQ_PMDEC}
#   - {width: 9}
#   - {precision: '3'}
#   - values: {'null': .nan}
# - name: e_pmRA
#   unit: mas / yr
#   datatype: float32
#   format: '{:6.3f}'
#   description: '? Standard error of proper motion in right ascension direction (pmra_error)'
#   meta: !!omap
#   - {ucd: ERROR}
#   - {width: 6}
#   - {precision: '3'}
#   - values: {'null': .nan}
# - name: e_pmDE
[...]
#         unit: &id001 !astropy.units.Unit {unit: deg}
#         value: !astropy.table.SerializedColumn {name: SkyCoord.dec}
#       distance: !astropy.table.SerializedColumn
#         __class__: astropy.coordinates.distances.Distance
#         unit: !astropy.units.Unit {unit: pc}
#         value: !astropy.table.SerializedColumn {name: SkyCoord.distance}
#       frame: icrs
#       obstime: !astropy.time.Time {format: jyear_str, in_subfmt: '*', jd1: 367701545.0, jd2: 0.0, out_subfmt: '*', precision: 3, scale: tt}
#       pm_dec: !astropy.table.SerializedColumn
#         __class__: astropy.units.quantity.Quantity
#         unit: !astropy.units.Unit {unit: mas / yr}
#         value: !astropy.table.SerializedColumn {name: SkyCoord.pm_dec}
#       pm_ra_cosdec: !astropy.table.SerializedColumn
#         __class__: astropy.units.quantity.Quantity
#         unit: !astropy.units.Unit {unit: mas / yr}
#         value: !astropy.table.SerializedColumn {name: SkyCoord.pm_ra_cosdec}
#       ra: !astropy.table.SerializedColumn
#         __class__: astropy.coordinates.angles.Longitude
#         unit: *id001
#         value: !astropy.table.SerializedColumn {name: SkyCoord.ra}
#         wrap_angle: !astropy.coordinates.Angle
#           unit: *id001
#           value: 360.0
#       representation_type: spherical
# schema: astropy-2.0
RA_ICRS_1 DE_ICRS_1 e_RA_ICRS e_DE_ICRS _r_1 HIP TYC2 Source rgeo Plx e_Plx pmRA pmDE e_pmRA e_pmDE RUWE Teff logg Gmag BP-RP BPmag RPmag RV e_RV b_rgeo B_rgeo FG e_FG FBP e_FBP FRP e_FRP RAVE5 RAVE6 e_Gmag e_BPmag e_RPmag e_BP-RP SkyCoord.ra SkyCoord.dec SkyCoord.distance SkyCoord.pm_ra_cosdec SkyCoord.pm_dec Pmemb
[from data line 120]
132.67387143899 -41.42297970647 0.0345 0.0365 20.4538 "" "" 5524637568385704064 972.402039 1.0011 0.0449 -5.14 3.626 0.046 0.049 1.019 4919.9 4.2106 16.550087 2.081711 17.605677 15.523966 "" "" 927.903748 1021.95416 4517.64314 19.951 1239.2 37.01 4893.0 56.088 "" "" 0.005530152772702007 0.032546464 0.013006882 0.045553345 132.67387143899 -41.42297970647 972.402039 -5.140000000000001 3.6260000000000012 0.8
132.43328522017 -41.69765609998 0.0312 0.0342 10.1063 "" "" 5524604720475996032 926.958557 1.0538 0.0397 -5.427 3.914 0.04 0.041 1.009 5578.1 4.2826 16.562984 1.989933 17.546255 15.556322 "" "" 896.787048 963.655396 4464.29217 22.774 1308.9 26.123 4749.3 67.708 "" "" 0.006186229329004689 0.021847995 0.015933428 0.037781425 132.43328522017 -41.69765609998 926.958557 -5.426999999999999 3.9139999999999997 1.0
132.58312455778 -41.78429550591 0.0325 0.0332 2.9 "" "" 5524594549993424000 984.780396 0.9901 0.0427 -5.617 3.852 0.044 0.045 1.035 5672.1 4.2441 16.588125 1.908146 17.478697 15.570551 "" "" 937.872742 1035.52368 4362.11093 51.932 1393.0 88.899 4687.5 109.98 "" "" 0.01321635723726143 0.06934608 0.025752809 0.09509888 132.58312455778 -41.78429550591 984.780396 -5.616999999999999 3.8519999999999976 1.0
132.10548974236 -41.82315761637 0.0311 0.0404 24.2391 "" "" 5524978279548874880 890.860168 1.0791 0.0431 -5.789 3.756 0.042 0.05 1.002 4631.3 4.3531 16.59481 1.989257 17.593817 15.60456 "" "" 858.532227 926.995728 4335.33473 5.4754 1252.8 11.04 4542.9 18.318 "" "" 0.00307768149533524 0.009966326 0.0057836 0.015749926 132.10548974236 -41.82315761637 890.860168 -5.789 3.7560000000000002 0.9
132.28070821383 -41.42492485782 0.0297 0.0313 25.9479 "" "" 5525367502366369920 958.847595 1.003 0.0373 -5.833 4.005 0.037 0.042 1.057 "" "" 16.596382 2.200634 17.671762 15.471128 "" "" 931.720032 993.204956 4329.06005 133.74 1166.0 115.75 5137.0 460.4 "" "" 0.033655214727976765 0.10781823 0.0973817 0.20519993 132.28070821383 -41.42492485782 958.847595 -5.833000000000001 4.005000000000002 0.8
132.36735258275 -41.74552978057 0.0338 0.0372 12.3071 "" "" 5524604342518902400 999.584412 0.9851 0.0429 -5.74 4.076 0.044 0.046 1.039 5383.3 4.2104 16.626955 2.196084 17.761715 15.565631 "" "" 952.024353 1038.94409 4208.86581 9.8144 1073.3 19.662 4708.8 36.546 "" "" 0.0037418726079260674 0.020084571 0.009235357 0.029319927 132.36735258275 -41.74552978057 999.584412 -5.74 4.075999999999997 0.9
133.27888971115 -42.23056893485 0.0366 0.0426 39.941 "" "" 5524356574444023168 913.529724 1.0608 0.046 -4.913 3.677 0.048 0.051 1.024 9738.8 4.1943 16.65768 2.699727 18.101618 15.401891 "" "" 876.718567 947.492676 4091.42796 9.2701 784.82 11.989 5475.2 39.6 "" "" 0.003693690935108822 0.016818883 0.008714858 0.025533741 133.27888971115 -42.23056893485 913.529724 -4.912999999999998 3.676999999999999 0.9
131.77648624764 -41.71961409223 0.0351 0.0424 38.8049 "" "" 5524994531704812544 958.622864 1.018 0.0474 -5.409 4.122 0.048 0.05 1.023 5394.1 4.2225 16.65851 2.145546 17.753342 15.607796 "" "" 918.288818 1006.57123 4088.30173 14.267 1081.6 18.3 4529.4 43.227 "" "" 0.004684827786714891 0.018580668 0.011029613 0.02961028 131.77648624764 -41.71961409223 958.622864 -5.408999999999998 4.121999999999998 0.9
132.69041509248 -42.14970632532 0.0316 0.0355 23.3053 "" "" 5524533973775121920 958.550781 1.0165 0.041 -5.431 3.779 0.042 0.045 1.003 "" "" 16.65999 2.411655 17.948948 15.537293 "" "" 921.432983 994.727417 4082.7293 3.7361 903.31 6.4642 4833.3 15.102 "" "" 0.002928983150951884 0.008255467 0.0050786342 0.013334101 132.69041509248 -42.14970632532 958.550781 -5.430999999999998 3.778999999999998 1.0
133.09057669891 -41.89424898441 0.039 0.0439 21.5746 "" "" 5524563076473324928 966.425171 0.9922 0.0515 -5.916 3.757 0.052 0.054 1.031 "" "" 16.680674 2.834001 18.286074 15.452073 "" "" 916.896912 1017.31506 4005.68671 4.6887 662.2 8.87 5227.9 13.814 "" "" 0.003034285768428646 0.014808393 0.0047449293 0.019553322 133.09057669891 -41.89424898441 966.425171 -5.916 3.7570000000000006 0.8
132.51892206506 -42.10459260668 0.0403 0.0439 21.2107 "" "" 5524581007958622336 946.109375 1.0175 0.0511 -5.537 3.469 0.051 0.055 1.074 "" "" 16.683117 1.835709 17.38765 15.551941 "" "" 904.718384 991.143005 3996.68789 95.646 1514.8 110.16 4768.5 335.18 "" "" 0.02612877752316556 0.0790067 0.076410405 0.15541711 132.51892206506 -42.10459260668 946.109375 -5.536999999999999 3.469 1.0
132.40448799789 -41.82155994073 0.0365 0.0387 11.1612 "" "" 5524600734746382336 949.850098 1.0254 0.047 -5.678 3.912 0.048 0.052 0.944 5495.9 4.4993 16.68702 2.005526 17.709091 15.703566 "" "" 906.787231 986.031799 3982.34509 7.4473 1126.6 12.321 4147.0 20.816 "" "" 0.0034226253230900706 0.012197508 0.0066321185 0.018829625 132.40448799789 -41.82155994073 949.850098 -5.677999999999998 3.9120000000000004 1.0
132.57049513301 -41.99058769334 0.038 0.0386 14.0166 "" "" 5524583447498709376 930.927979 1.0419 0.047 -5.645 3.485 0.051 0.049 0.976 4645.0 4.3611 16.697119 2.059789 17.735643 15.675855 "" "" 893.217712 967.978516 3945.47175 11.543 1099.4 14.865 4254.2 36.872 "" "" 0.0042049636374355695 0.014943051 0.0101408735 0.025083926 132.57049513301 -41.99058769334 930.927979 -5.6450000000000005 3.484999999999999 1.0
132.53546856877 -41.7013015337 0.0331 0.0364 6.0138 "" "" 5524607778493043328 963.58075 1.0136 0.0425 -5.642 3.971 0.046 0.045 0.991 6266.6 4.1965 16.70205 2.224774 17.856733 15.631959 "" "" 927.088867 1007.05969 3927.6009 10.586 983.39 14.826 4429.7 26.576 "" "" 0.004019380085068347 0.016605109 0.007530892 0.024136001 132.53546856877 -41.7013015337 963.58075 -5.642000000000001 3.9709999999999996 0.9
132.78915073789 -41.75350753369 0.0376 0.0377 6.6416 "" "" 5524592694567477632 990.682434 0.9877 0.0454 -5.193 3.878 0.05 0.046 1.014 4113.9 4.0867 16.723337 2.18436 17.822588 15.638227 "" "" 948.805786 1034.74438 3851.34049 76.217 1014.8 68.019 4404.2 249.35 "" "" 0.021662374001758293 0.0728271 0.06158655 0.13441366 132.78915073789 -41.75350753369 990.682434 -5.193 3.878 0.8
132.8926344846 -42.23766377227 0.0334 0.0357 30.6049 "" "" 5524518060914888320 908.03418 1.0669 0.042 -5.394 3.452 0.046 0.041 1.007 "" "" 16.726397 2.325305 17.88763 15.562326 "" "" 870.376709 945.105469 3840.5013 41.525 955.8 35.01 4723.1 141.45 "" "" 0.01205841528723559 0.039867185 0.032735124 0.07260231 132.8926344846 -42.23766377227 908.03418 -5.394 3.452 1.0
132.44415844772 -41.71282567399 0.0381 0.0428 9.3261 "" "" 5524604651756520576 958.190247 1.0315 0.0488 -5.105 4.038 0.05 0.053 1.099 3723.8 4.0223 16.727655 2.347012 17.974762 15.62775 "" "" 914.337585 1003.80988 3836.05074 10.543 882.09 17.793 4446.9 34.339 "" "" 0.004061559434089505 0.022077847 0.009196536 0.031274382 132.44415844772 -41.71282567399 958.190247 -5.105 4.038 1.0
132.7827389259 -41.63801930962 0.0355 0.0396 9.8173 "" "" 5524619701321796736 870.324219 1.1175 0.0447 -5.45 3.927 0.046 0.051 0.991 "" "" 16.740393 2.855702 18.359838 15.504136 "" "" 838.963501 901.028015 3791.31573 2.8668 618.7 6.4839 4983.1 15.603 "" "" 0.0028750295605511995 0.011715486 0.005083431 0.016798917 132.7827389259 -41.63801930962 870.324219 -5.45 3.927000000000001 1.0
132.57685514507 -41.73045333163 0.0344 0.0356 3.4842 "" "" 5524606747700530944 953.435547 1.0271 0.0426 -5.645 3.909 0.045 0.048 0.997 6406.4 4.3309 16.752964 2.082064 17.779024 15.69696 "" "" 914.433777 990.689209 3747.66667 40.692 1056.3 45.535 4172.3 132.85 "" "" 0.01210658465636626 0.046887025 0.034776844 0.08166387 132.57685514507 -41.73045333163 953.435547 -5.644999999999998 3.9090000000000003 1.0
132.78532313105 -41.7593512996 0.0374 0.0398 6.4492 "" "" 5524592694567480576 928.176941 1.0589 0.0466 -5.029 3.813 0.052 0.05 0.998 3715.3 4.2724 16.752975 2.163709 17.810724 15.647016 "" "" 891.458435 968.76062 3747.62576 17.907 1026.0 19.572 4368.7 56.36 "" "" 0.005874181483932131 0.020898623 0.014507855 0.035406478 132.78532313105 -41.7593512996 928.176941 -5.029000000000003 3.8130000000000006 1.0
132.33617140504 -41.83432671336 0.0355 0.0394 14.3037 "" "" 5524602315294365952 914.131104 1.08 0.0466 -5.55 3.897 0.046 0.047 0.961 "" "" 16.753874 2.250103 17.93056 15.680456 "" "" 863.974426 964.257507 3744.53156 7.5443 918.74 10.033 4236.2 20.817 "" "" 0.003518081113525181 0.012180538 0.006538355 0.018718893 132.33617140504 -41.83432671336 914.131104 -5.550000000000001 3.897 1.0
133.13070659316 -41.80529079727 0.0388 0.0445 22.042 "" "" 5524565687813399168 982.894958 0.9839 0.0522 -5.734 3.914 0.057 0.054 1.084 "" "" 16.786125 2.842143 18.400131 15.557988 "" "" 926.830017 1047.80896 3634.93724 4.9873 596.16 8.3906 4742.0 13.529 "" "" 0.00313224114739618 0.015533735 0.004886613 0.020420348 133.13070659316 -41.80529079727 982.894958 -5.734 3.913999999999998 1.0
132.48824716105 -41.60330285295 0.0561 0.0584 11.7839 "" "" 5524611386265894528 899.188354 1.0999 0.0719 -5.433 3.888 0.077 0.077 1.569 3667.6 4.0105 16.798447 2.613558 18.206297 15.592739 "" "" 845.08252 974.817627 3593.91615 4.1472 712.69 7.1878 4592.6 11.255 "" "" 0.0030267988541747043 0.0113000255 0.004622072 0.015922097 132.48824716105 -41.60330285295 899.188354 -5.433000000000002 3.888 1.0
132.59553091447 -41.2257161174 0.0341 0.0409 32.303 "" "" 5525392417476438016 868.383362 1.1213 0.0471 -5.843 4.329 0.049 0.053 0.976 4711.5 4.4066 16.811056 2.062172 17.858906 15.796734 "" "" 833.716125 898.343994 3552.42175 7.1159 981.42 9.2657 3806.0 28.168 "" "" 0.0035102376713081612 0.010623515 0.008879897 0.01950341 132.59553091447 -41.2257161174 868.383362 -5.843000000000001 4.329000000000001 0.8
133.05345027088 -42.17648693405 0.0372 0.0521 30.8789 "" "" 5524524868444350080 859.705017 1.1307 0.0468 -5.708 3.513 0.048 0.058 1.034 3663.1 4.0079 16.836178 2.377267 18.080547 15.70328 "" "" 825.573242 891.432129 3471.16951 15.292 800.2 21.952 4148.1 55.409 "" "" 0.005519980289947702 0.029915553 0.014987273 0.044902824 133.05345027088 -42.17648693405 859.705017 -5.707999999999998 3.512999999999999 0.9
132.64575936448 -41.67103689827 0.0407 0.0465 5.5217 "" "" 5524608465687407616 895.075806 1.0929 0.0536 -5.504 4.167 0.054 0.06 1.153 4735.6 4.192 16.840994 2.344358 17.979092 15.634734 "" "" 861.183472 930.372131 3455.80749 4.5796 878.58 15.192 4418.4 92.064 "" "" 0.0031083681531265638 0.018980252 0.022936463 0.041916713 132.64575936448 -41.67103689827 895.075806 -5.504 4.167 1.0
132.43840787282 -41.71018662247 0.0374 0.0397 9.6213 "" "" 5524604647457606400 1013.15125 0.9509 0.0476 -5.385 3.731 0.049 0.049 1.042 "" "" 16.844044 2.456702 18.167215 15.710513 "" "" 964.095947 1072.55994 3446.1099 4.7912 738.81 10.208 4120.5 16.331 "" "" 0.0031417266699790758 0.015258685 0.005727206 0.02098589 132.43840787282 -41.71018662247 1013.15125 -5.384999999999998 3.7309999999999994 1.0
132.55554301586 -41.79088635987 0.0383 0.043 4.1863 "" "" 5524606163585002240 941.95874 1.0389 0.0506 -5.618 3.749 0.05 0.049 1.002 "" "" 16.847574 2.246034 18.005209 15.759175 "" "" 900.635254 989.408203 3434.92225 12.863 857.7 13.101 3939.9 53.159 "" "" 0.004911496370669632 0.016817229 0.015128938 0.031946167 132.55554301586 -41.79088635987 941.95874 -5.618 3.749 1.0
132.44441609083 -41.73737822118 0.0405 0.0418 8.9467 "" "" 5524601658161029248 944.127197 1.0391 0.0503 -5.588 3.925 0.055 0.055 1.028 3880.3 4.0648 16.850935 2.264088 18.035603 15.771515 "" "" 904.420044 985.761475 3424.30817 3.8986 834.02 18.658 3895.4 20.435 "" "" 0.0030198971179689824 0.024448916 0.006835546 0.031284463 132.44441609083 -41.73737822118 944.127197 -5.588000000000002 3.9250000000000003 1.0
132.35739160259 -41.56002827621 0.0462 0.0496 17.6149 "" "" 5525362902461234304 790.91571 1.2268 0.0591 -5.88 4.385 0.064 0.06 1.267 9122.0 4.2408 16.87734 2.711397 18.304892 15.593494 "" "" 757.660339 822.719543 3342.02998 21.093 650.82 24.124 4589.4 75.709 "" "" 0.007385746893435499 0.04034168 0.018305242 0.05864692 132.35739160259 -41.56002827621 790.91571 -5.880000000000001 4.385 1.0
133.09953991963 -41.84727180711 0.0464 0.0526 21.1088 "" "" 5524565447290076928 972.92865 0.9934 0.0615 -5.634 3.925 0.063 0.062 1.301 3718.7 4.0107 16.89098 2.613234 18.270391 15.657158 "" "" 925.746216 1032.28528 3300.31208 5.1475 671.83 7.8983 4328.1 16.822 "" "" 0.0032341109571695707 0.01306574 0.0056649344 0.018730674 133.09953991963 -41.84727180711 972.92865 -5.634 3.925 0.8
132.1159349734 -41.71437171152 0.0397 0.0461 23.7019 "" "" 5525355235939650048 947.386475 1.0242 0.0512 -5.817 3.672 0.055 0.057 0.991 4220.8 4.4185 16.913944 2.138441 18.016031 15.87759 "" "" 906.641113 996.647644 3231.24061 2.151 849.19 9.8146 3532.8 11.121 "" "" 0.002848539020866416 0.012854962 0.0050956076 0.017950568 132.1159349734 -41.71437171152 947.386475 -5.817 3.672 0.8
132.31515186723 -41.61703211639 0.0393 0.0425 17.0371 "" "" 5525356648988860032 1009.67963 0.9638 0.0502 -5.927 4.239 0.052 0.05 1.001 "" "" 16.929884 2.246194 18.068333 15.822139 "" "" 961.195374 1063.26343 3184.14603 19.954 809.25 28.423 3717.9 57.439 "" "" 0.007340678761267511 0.03823586 0.01719438 0.05543024 132.31515186723 -41.61703211639 1009.67963 -5.926999999999999 4.238999999999999 1.0
132.56332159481 -41.74986158398 0.0393 0.0401 3.5786 "" "" 5524606369743418496 929.667236 1.0573 0.0494 -5.747 4.098 0.049 0.049 0.989 3851.3 4.0426 16.937525 2.350605 18.180353 15.829748 "" "" 894.128479 980.087219 3161.81602 4.283 729.92 14.251 3692.0 18.647 "" "" 0.0031232778207545583 0.021380816 0.00665991 0.028040726 132.56332159481 -41.74986158398 929.667236 -5.747000000000001 4.098000000000001 1.0
133.21129359145 -42.17146230814 0.0411 0.0522 35.3155 "" "" 5524544831452516480 890.747131 1.0905 0.0516 -5.085 3.503 0.054 0.061 0.993 9314.2 4.1744 16.937775 2.647892 18.357206 15.709314 "" "" 842.735779 943.275024 3161.08925 15.444 620.2 20.689 4125.1 57.629 "" "" 0.005977448177232799 0.036325946 0.015631849 0.051957794 133.21129359145 -42.17146230814 890.747131 -5.085000000000001 3.5030000000000006 0.9
132.85030381197 -41.84833956253 0.0451 0.047 10.6577 "" "" 5524591285818952192 1025.97974 0.9574 0.055 -5.461 3.655 0.061 0.057 1.025 4059.6 4.2083 16.943539 2.298646 18.15095 15.852303 "" "" 973.969849 1087.89429 3144.35422 17.069 749.96 26.167 3616.1 54.63 "" "" 0.006506116477726798 0.037985243 0.016832467 0.05481771 132.85030381197 -41.84833956253 1025.97974 -5.461 3.6549999999999994 0.9
132.09928108748 -41.15753566837 0.0411 0.0457 43.7461 "" "" 5525386645036960128 991.282654 0.9826 0.0532 -5.569 4.029 0.056 0.052 1.062 6015.8 4.3819 16.944103 2.241064 18.035162 15.794098 "" "" 941.358398 1041.25879 3142.71677 4.7231 834.36 10.84 3815.2 17.451 "" "" 0.00320223465938618 0.014379179 0.006240771 0.020619951 132.09928108748 -41.15753566837 991.282654 -5.569 4.028999999999996 0.9
132.35207758225 -41.54960486116 0.0395 0.0421 18.2224 "" "" 5525362898164627456 923.158264 1.0487 0.0485 -5.834 4.245 0.05 0.05 1.039 "" "" 16.950825 2.18411 18.005413 15.821303 "" "" 878.770203 970.067261 3123.32026 63.922 857.53 54.105 3720.8 223.19 "" "" 0.0223908960343259 0.068560235 0.065236814 0.13379705 132.35207758225 -41.54960486116 923.158264 -5.834 4.245 1.0
133.07645762912 -42.02483701256 0.0397 0.0476 24.9904 "" "" 5524550329010424576 901.726746 1.0746 0.0523 -4.915 3.547 0.054 0.059 0.988 3755.8 4.1959 16.960106 2.238844 18.120022 15.881178 "" "" 867.15918 944.489624 3096.73743 6.3889 771.63 10.657 3521.2 21.633 "" "" 0.0035509635843144886 0.015252504 0.0076666586 0.022919163 133.07645762912 -42.02483701256 901.726746 -4.915 3.5469999999999993 0.9
132.45319471825 -42.14971530257 0.0431 0.0444 24.6741 "" "" 5524205593455383936 930.187195 1.0615 0.0542 -5.583 3.562 0.061 0.06 1.07 3818.4 4.1476 16.991081 2.279739 18.185982 15.906242 "" "" 882.949707 981.585449 3009.63918 2.6145 726.15 8.6575 3440.8 11.849 "" "" 0.0029122832965434923 0.013241946 0.0053163213 0.018558268 132.45319471825 -42.14971530257 930.187195 -5.583 3.5620000000000007 0.9
