Clusters/Alessi_43/Alessi_43_runaways_all.tsv
# %ECSV 1.0
# ---
# datatype:
# - name: RA_ICRS_1
#   unit: deg
#   datatype: float64
#   format: '{:15.11f}'
#   description: Right ascension (ICRS) at Ep=2016.0 (ra)
#   meta: !!omap
#   - {ucd: POS_EQ_RA_MAIN}
#   - {width: 15}
#   - {precision: '11'}
# - name: DE_ICRS_1
#   unit: deg
#   datatype: float64
#   format: '{:15.11f}'
#   description: Declination (ICRS) at Ep=2016.0 (dec)
#   meta: !!omap
#   - {ucd: POS_EQ_DEC_MAIN}
#   - {width: 15}
#   - {precision: '11'}
# - name: e_RA_ICRS
#   unit: mas
#   datatype: float64
#   format: '{:7.4f}'
#   description: Standard error of right ascension (ra_error)
#   meta: !!omap
#   - {ucd: ERROR}
#   - {width: 7}
#   - {precision: '4'}
# - name: e_DE_ICRS
#   unit: mas
#   datatype: float64
#   format: '{:7.4f}'
#   description: Standard error of declination (dec_error)
#   meta: !!omap
#   - {ucd: ERROR}
#   - {width: 7}
#   - {precision: '4'}
# - name: _r_1
#   unit: ''
#   datatype: float64
#   format: '{:7.4f}'
#   description: Distance from center (132.64130804000-41.76300578000)[ICRS], at Epoch=J2016.0
#   meta: !!omap
#   - {ucd: POS_ANG_DIST_GENERAL}
#   - {width: 7}
#   - {precision: '4'}
# - name: HIP
#   datatype: int32
#   description: '? HIP cross-id number, van Leeuwen, Cat. I/311 (hip_original_ext_source_id)'
#   meta: !!omap
#   - {ucd: ID_NUMBER}
#   - {width: 6}
#   - values: {'null': -2147483648}
# - name: TYC2
#   datatype: string
#   description: Tycho-2 cross-id name, Hog et al., Cat. I/259 (tyc2_original_ext_source_id)
#   meta: !!omap
#   - {ucd: ID_CROSSID}
#   - {_votable_string_dtype: char}
# - name: Source
#   datatype: int64
#   description: Source identifier, identical to the Gaia-EDR3 source_id (id)
#   meta: !!omap
#   - {ucd: ID_MAIN}
#   - {width: 19}
# - name: rgeo
#   unit: pc
#   datatype: float64
#   format: '{:15.8f}'
#   description: '? Median of the geometric distance posterior (r_med_geo)'
#   meta: !!omap
#   - {ucd: PHYS_DISTANCE_TRUE}
#   - {width: 15}
#   - {precision: '8'}
#   - values: {'null': .nan}
# - name: Plx
#   unit: mas
#   datatype: float64
#   format: '{:9.4f}'
#   description: '? Parallax (parallax)'
#   meta: !!omap
#   - {ucd: POS_PARLX_TRIG}
#   - {width: 9}
#   - {precision: '4'}
#   - values: {'null': .nan}
# - name: e_Plx
#   unit: mas
#   datatype: float32
#   format: '{:7.4f}'
#   description: '? Standard error of parallax (parallax_error)'
#   meta: !!omap
#   - {ucd: ERROR}
#   - {width: 7}
#   - {precision: '4'}
#   - values: {'null': .nan}
# - name: pmRA
#   unit: mas / yr
#   datatype: float64
#   format: '{:9.3f}'
#   description: '? Proper motion in right ascension direction, pmRA*cosDE (pmra)'
#   meta: !!omap
#   - {ucd: POS_EQ_PMRA}
#   - {width: 9}
#   - {precision: '3'}
#   - values: {'null': .nan}
# - name: pmDE
#   unit: mas / yr
#   datatype: float64
#   format: '{:9.3f}'
#   description: '? Proper motion in declination direction (pmdec)'
#   meta: !!omap
#   - {ucd: POS_EQ_PMDEC}
#   - {width: 9}
#   - {precision: '3'}
#   - values: {'null': .nan}
# - name: e_pmRA
#   unit: mas / yr
#   datatype: float32
#   format: '{:6.3f}'
#   description: '? Standard error of proper motion in right ascension direction (pmra_error)'
#   meta: !!omap
#   - {ucd: ERROR}
#   - {width: 6}
#   - {precision: '3'}
#   - values: {'null': .nan}
# - name: e_pmDE
[...]
#         value: !astropy.table.SerializedColumn {name: SkyCoord.dec}
#       distance: !astropy.table.SerializedColumn
#         __class__: astropy.coordinates.distances.Distance
#         unit: !astropy.units.Unit {unit: pc}
#         value: !astropy.table.SerializedColumn {name: SkyCoord.distance}
#       frame: icrs
#       obstime: !astropy.time.Time {format: jyear_str, in_subfmt: '*', jd1: 367701545.0, jd2: 0.0, out_subfmt: '*', precision: 3, scale: tt}
#       pm_dec: !astropy.table.SerializedColumn
#         __class__: astropy.units.quantity.Quantity
#         unit: !astropy.units.Unit {unit: mas / yr}
#         value: !astropy.table.SerializedColumn {name: SkyCoord.pm_dec}
#       pm_ra_cosdec: !astropy.table.SerializedColumn
#         __class__: astropy.units.quantity.Quantity
#         unit: !astropy.units.Unit {unit: mas / yr}
#         value: !astropy.table.SerializedColumn {name: SkyCoord.pm_ra_cosdec}
#       ra: !astropy.table.SerializedColumn
#         __class__: astropy.coordinates.angles.Longitude
#         unit: *id001
#         value: !astropy.table.SerializedColumn {name: SkyCoord.ra}
#         wrap_angle: !astropy.coordinates.Angle
#           unit: *id001
#           value: 360.0
#       representation_type: spherical
# schema: astropy-2.0
RA_ICRS_1 DE_ICRS_1 e_RA_ICRS e_DE_ICRS _r_1 HIP TYC2 Source rgeo Plx e_Plx pmRA pmDE e_pmRA e_pmDE RUWE Teff logg Gmag BP-RP BPmag RPmag RV e_RV b_rgeo B_rgeo FG e_FG FBP e_FBP FRP e_FRP RAVE5 RAVE6 e_Gmag e_BPmag e_RPmag e_BP-RP SkyCoord.ra SkyCoord.dec SkyCoord.distance SkyCoord.pm_ra_cosdec SkyCoord.pm_dec rmRA rmDE v_pec "Temp. Est"
132.98671546278 -41.67380294722 0.0076 0.0094 16.3689 "" 7684-947-1 5524617227420570240 828.718018 1.1916 0.0106 8.476 3.166 0.01 0.012 0.945 "" "" 9.615953 1.578032 10.358509 8.780477 5.27 0.13 821.678101 834.740662 2682658.85519 486.41 981780.0 495.12 2437600.0 523.18 "" "" 0.0027623439237122664 0.002843388 0.0037865592 0.006629947 132.98671546278 -41.67380294722 828.718018 8.476 3.1659999999999995 14.006720710754395 -0.75391925239563 55.099771647367824 ""
132.26918571419 -41.86012579175 0.0194 0.0219 17.6322 "" "" 5524602036116091520 814.321533 1.1904 0.0254 -10.707 7.029 0.026 0.029 1.723 8231.5 4.0056 11.25821 0.356719 11.384149 11.02743 31.1 2.85 796.940125 831.445312 591102.51261 175.66 381730.0 228.97 307740.0 96.407 "" "" 0.0027741473867529554 0.0028651655 0.0037946564 0.0066598216 132.26918571419 -41.86012579175 814.321533 -10.706999999999997 7.029000000000002 -5.176279289245606 3.10908074760437 23.30687698503049 8231.5
133.04493592329 -41.59435475046 0.0241 0.0283 20.7259 "" 7684-653-1 5524617914615284992 979.943054 1.0132 0.0324 -0.307 7.28 0.029 0.034 2.451 "" "" 11.336214 1.615958 12.098172 10.482214 26.91 0.22 947.732544 1010.28107 550124.8821 174.15 197760.0 106.28 508480.0 146.33 "" "" 0.0027766747874971584 0.0028505288 0.0037922754 0.0066428045 133.04493592329 -41.59435475046 979.943054 -0.30699999999999816 7.28 5.223720710754394 3.3600807476043704 28.849989642023935 ""
132.73410499438 -41.84178400134 0.0099 0.0105 6.2903 "" "" 5524590426825145856 1018.10675 0.9673 0.0125 0.455 -1.558 0.014 0.014 1.012 "" "" 11.569294 1.596606 12.318983 10.722377 17.29 0.22 1003.93256 1031.1217 443842.79468 134.21 161370.0 129.44 407570.0 174.55 "" "" 0.002774810774857633 0.0029229303 0.0038078788 0.006730809 132.73410499438 -41.84178400134 1018.10675 0.4549999999999999 -1.558 5.985720710754395 -5.47791925239563 39.156590279772615 ""
132.59406399603 -42.0900215371 0.0079 0.0094 19.734 "" "" 5524580526922315776 967.599243 1.0075 0.0104 -1.221 -0.708 0.011 0.012 0.895 "" "" 11.82407 0.888767 12.17818 11.289412 6.41 4.58 955.04718 978.974121 351009.5439 43.633 183720.0 94.49 241760.0 69.534 "" "" 0.0027586237320675945 0.0028455 0.003792261 0.006637761 132.59406399603 -42.0900215371 967.599243 -1.2209999999999999 -0.7079999999999996 4.3097207107543944 -4.62791925239563 29.003925519374672 ""
133.008470432 -41.59308957469 0.0081 0.0098 19.3563 "" 7684-575-1 5524618155133464576 811.052673 1.2004 0.0111 -0.255 2.102 0.01 0.012 0.964 "" "" 12.21322 0.457366 12.38243 11.925064 11.78 3.3 803.583984 818.889465 245278.17556 38.006 152210.0 64.059 134630.0 37.865 "" "" 0.0027604515168037397 0.0028273389 0.0037916983 0.006619037 133.008470432 -41.59308957469 811.052673 -0.2550000000000001 2.102 5.275720710754395 -1.81791925239563 21.452265989142795 ""
132.87533316669 -41.69470930427 0.0068 0.0081 11.2519 "" "" 5524616261047795200 852.320557 1.1546 0.009 -11.087 2.875 0.009 0.01 0.864 5947.3 3.7638 12.487675 0.887664 12.844776 11.957112 46.7 1.21 845.252502 859.785217 190492.02971 28.59 99428.0 69.036 130710.0 47.972 "" "" 0.002760134597744107 0.002890217 0.0038003305 0.0066905473 132.87533316669 -41.69470930427 852.320557 -11.087000000000002 2.875000000000001 -5.556279289245605 -1.0449192523956299 22.84086340674451 5947.3
132.61000098041 -41.54121706697 0.0077 0.0088 13.3811 "" "" 5524610458552201472 894.273682 1.0954 0.0101 -15.826 12.544 0.01 0.011 1.0 "" "" 12.577625 0.760202 12.872737 12.112535 "" "" 885.062134 901.419189 175346.30748 23.807 96900.0 53.97 113280.0 31.749 "" "" 0.002759260707434329 0.0028549489 0.0037916126 0.0066465614 132.61000098041 -41.54121706697 894.273682 -15.826 12.543999999999997 -10.295279289245606 8.62408074760437 56.92827022026364 ""
132.31976085909 -41.62273728465 0.0126 0.0133 16.6845 "" "" 5525356644688904960 817.280518 1.2124 0.0159 -11.717 2.578 0.018 0.018 1.278 5431.0 3.6899 12.914803 1.144585 13.404866 12.260282 -6.42 2.33 805.321777 826.593811 128536.23326 20.502 59357.0 28.434 98866.0 29.621 "" "" 0.0027607572034782715 0.0028382312 0.0037933553 0.0066315867 132.31976085909 -41.62273728465 817.280518 -11.717 2.578 -6.186279289245606 -1.34191925239563 24.522429113438992 5431.0
132.82669844786 -42.51487203833 0.0087 0.0102 45.8598 "" "" 5524510673570845440 853.372314 1.1378 0.0115 -3.205 -12.385 0.012 0.012 1.132 "" "" 13.099014 0.999167 13.510285 12.511118 3.64 1.92 846.492249 863.23468 108477.80457 17.92 53865.0 30.017 78471.0 25.409 "" "" 0.0027611517156091404 0.002855017 0.003795698 0.006650715 132.82669844786 -42.51487203833 853.372314 -3.205 -12.385 2.3257207107543945 -16.304919252395628 66.62071108723279 ""
132.36689240988 -41.32748973111 0.008 0.0088 28.8908 "" "" 5525369705689408512 856.756897 1.1301 0.0104 -14.927 8.58 0.011 0.011 0.954 5678.2 4.0616 13.218327 0.928481 13.597709 12.669228 38.41 2.09 849.347351 863.814392 97188.78012 18.59 49697.0 31.184 67837.0 31.969 "" "" 0.0027631357145733487 0.0028721406 0.0038138602 0.006686001 132.36689240988 -41.32748973111 856.756897 -14.927000000000005 8.58 -9.396279289245605 4.66008074760437 42.59366009407912 5678.2
133.15755924539 -42.0536731213 0.0184 0.0208 28.9059 "" "" 5524549160779307392 965.422424 1.0092 0.0235 0.097 -2.718 0.027 0.027 2.626 7137.7 4.0458 13.316427 1.165852 13.813021 12.647168 0.98 4.93 944.220215 987.075317 88792.4241 13.826 40758.0 23.746 69229.0 25.515 "" "" 0.0027605019882604477 0.0028609755 0.003800507 0.006661482 133.15755924539 -42.0536731213 965.422424 0.09699999999999986 -2.718 5.627720710754395 -6.63791925239563 39.82345291775154 7137.7
133.02931498845 -41.89267737117 0.0087 0.0103 19.0123 "" "" 5524563690648105728 997.165344 0.9707 0.0116 4.55 -4.969 0.012 0.012 0.983 5746.1 3.5961 13.319982 1.429292 13.967389 12.538097 14.71 1.93 983.377441 1011.19159 88502.20958 32.962 35356.0 48.485 76545.0 82.358 "" "" 0.0027848353877941295 0.0031625784 0.0039558047 0.0071183834 133.02931498845 -41.89267737117 997.165344 4.550000000000001 -4.969 10.080720710754395 -8.888919252395631 63.525054436303506 5746.1
132.55687580571 -41.6230768811 0.0252 0.0279 9.2086 "" "" 5524609702638002688 817.2323 1.1973 0.0332 -9.486 12.118 0.032 0.038 3.428 5709.5 3.8031 13.444678 0.787286 13.756276 12.96899 33.44 2.65 794.033691 841.884827 78899.70512 13.522 42944.0 27.293 51471.0 19.322 "" "" 0.002761596205845802 0.0028742305 0.0038012958 0.0066755265 132.55687580571 -41.6230768811 817.2323 -9.485999999999999 12.117999999999999 -3.955279289245606 8.19808074760437 35.25959834400339 5709.5
132.44589561089 -42.02434352914 0.0099 0.01 17.9456 "" "" 5524584654389243264 829.427185 1.1705 0.0118 -13.968 17.082 0.013 0.013 1.019 6006.1 4.1895 13.65964 0.864801 14.010992 13.146191 65.77 2.06 818.90686 837.325256 64727.75773 11.344 33964.0 23.762 43720.0 27.067 "" "" 0.0027618828759976076 0.002891721 0.0038386912 0.006730412 132.44589561089 -42.02434352914 829.427185 -13.967999999999995 17.082 -8.437279289245605 13.16208074760437 61.46560065508334 6006.1
132.49546653969 -41.78780629044 0.0103 0.0111 6.6933 "" "" 5524600494228184960 960.90686 1.0023 0.0131 -2.402 -1.373 0.013 0.014 1.233 6575.7 3.9943 13.666821 0.820344 13.971673 13.151329 -4.49 4.59 948.991638 972.487793 64301.09947 13.938 35217.0 28.981 43514.0 39.703 "" "" 0.0027653529652107264 0.0029297366 0.0039070584 0.0068367952 132.49546653969 -41.78780629044 960.90686 -2.402 -1.373 3.1287207107543944 -5.29291925239563 28.00450280546079 6575.7
132.87611370032 -41.70999934666 0.009 0.0108 10.9835 "" "" 5524616196628474624 844.398376 1.147 0.0122 -10.742 5.107 0.012 0.014 0.95 6174.6 4.2893 13.681899 0.758854 13.979424 13.220571 20.41 3.08 836.514709 854.08136 63414.29844 11.63 34966.0 25.806 40825.0 20.467 "" "" 0.002762505843012263 0.002902954 0.0038183779 0.0067213317 132.87611370032 -41.70999934666 844.398376 -10.742 5.107 -5.211279289245606 1.1870807476043703 21.39217541445791 6174.6
132.28003640478 -41.49214987884 0.0097 0.0102 22.9484 "" "" 5525366991270101120 870.283081 1.1207 0.0124 -10.005 9.193 0.012 0.013 1.016 6270.2 4.2295 13.713162 0.857804 14.057813 13.200008 32.84 3.4 858.277222 878.295898 61614.33688 12.618 32531.0 24.68 41606.0 17.093 "" "" 0.0027642771197144743 0.0029092163 0.0038056131 0.0067148292 132.28003640478 -41.49214987884 870.283081 -10.005 9.193000000000001 -4.474279289245606 5.27308074760437 28.527542062851662 6270.2
132.98079234506 -42.22166621049 0.009 0.0118 31.4088 "" "" 5524523390975637760 921.300232 1.0488 0.0121 2.977 -4.193 0.012 0.015 1.024 "" "" 13.775479 1.115159 14.248816 13.133657 -2.46 2.92 911.605957 931.839905 58177.47245 8.9096 27283.0 22.304 44228.0 30.387 "" "" 0.0027603327465732922 0.0029279469 0.0038522957 0.0067802425 132.98079234506 -42.22166621049 921.300232 2.9770000000000003 -4.1930000000000005 8.507720710754395 -8.11291925239563 51.33750454940957 ""
132.7768613713 -41.4556531862 0.0112 0.0129 19.4179 "" "" 5524635094484516096 955.508423 1.0107 0.0147 -5.096 10.779 0.014 0.017 1.17 5471.1 3.5746 13.875175 1.585635 14.616453 13.030818 -18.59 1.61 941.940308 968.204224 53073.34453 9.3113 19446.0 13.641 48622.0 23.558 "" "" 0.0027618967221801644 0.0028922514 0.003815817 0.0067080683 132.7768613713 -41.4556531862 955.508423 -5.096 10.779 0.43472071075439445 6.85908074760437 31.12786141009303 5471.1
133.0712401653 -41.70417754381 0.011 0.0138 19.5711 "" "" 5524570395097992576 890.988464 1.0862 0.0153 4.004 -3.679 0.016 0.016 1.008 5731.7 4.1935 13.982886 0.978506 14.386066 13.40756 1.42 3.89 879.225281 901.278198 48060.93515 8.3368 24043.0 16.733 34366.0 21.967 "" "" 0.002761749363517259 0.002890679 0.0038425743 0.0067332536 133.0712401653 -41.70417754381 890.988464 4.004 -3.679 9.534720710754394 -7.59891925239563 51.49195882797466 5731.7
132.83317105183 -41.52991040803 0.1254 0.1533 16.4195 "" "" 5524622690619354752 1071.53772 0.9684 0.1739 -6.184 9.587 0.158 0.212 14.891 6667.8 4.1074 14.003694 0.99491 14.362446 13.367536 18.97 5.34 920.540771 1365.41602 47148.67236 85.406 24572.0 19.617 35657.0 18.962 "" "" 0.0033852309756874583 0.0029217086 0.0038232314 0.00674494 132.83317105183 -41.52991040803 1071.53772 -6.183999999999999 9.587 -0.6532792892456056 5.66708074760437 28.97422195477702 6667.8
132.77237402157 -41.75309407994 0.0104 0.012 5.8963 "" "" 5524592724627016320 897.078308 1.0815 0.0138 -8.712 9.873 0.014 0.015 0.928 6103.7 4.1206 14.007489 0.854032 14.348557 13.494525 0.52 4.0 887.042175 910.09845 46984.11833 8.943 24888.0 19.568 31721.0 17.757 "" "" 0.00276305949401996 0.0029178364 0.00382794 0.006745776 132.77237402157 -41.75309407994 897.078308 -8.711999999999998 9.872999999999996 -3.181279289245605 5.9530807476043694 28.701141138783093 6103.7
132.49441734755 -41.71047872634 0.01 0.0115 7.2928 "" "" 5524607537974531968 887.302185 1.0896 0.0131 1.518 -10.912 0.014 0.014 0.947 6298.4 4.2464 14.019791 0.880094 14.374521 13.494428 6.74 4.45 876.929077 896.440918 46454.77515 7.379 24300.0 20.538 31724.0 19.203 "" "" 0.002760712277136848 0.002937197 0.0038360988 0.006773296 132.49441734755 -41.71047872634 887.302185 1.5180000000000007 -10.912 7.048720710754394 -14.83191925239563 69.06634054040197 6298.4
132.70501840412 -41.87986099811 0.011 0.0119 7.5679 "" "" 5524590255026479744 857.585449 1.134 0.0139 -11.207 14.366 0.014 0.015 1.015 5926.2 4.3173 14.076976 0.826236 14.40549 13.579254 -23.73 3.53 846.621094 868.219543 44071.3473 7.9736 23617.0 21.96 29340.0 18.341 "" "" 0.0027623136574688244 0.0029671972 0.0038398413 0.0068070386 132.70501840412 -41.87986099811 857.585449 -11.207000000000006 14.366 -5.676279289245606 10.44608074760437 48.32695594139463 5926.2
132.75274885851 -41.75675889494 0.0113 0.0121 5.0018 "" "" 5524595305907605120 1069.75623 0.898 0.0141 -13.729 14.075 0.016 0.016 0.966 5700.7 4.0376 14.078769 1.206748 14.598941 13.392193 70.36 3.94 1053.61597 1085.85413 43998.63748 7.6678 19762.0 14.958 34856.0 22.306 "" "" 0.0027618095097645466 0.0029086778 0.0038427196 0.0067513976 132.75274885851 -41.75675889494 1069.75623 -13.729000000000001 14.075000000000003 -8.198279289245605 10.15508074760437 66.1787004405477 5700.7
132.79967775536 -41.79156727012 0.0293 0.038 7.2904 "" "" 5524592385324107520 853.568054 1.135 0.0395 -12.338 13.244 0.041 0.046 3.271 6322.8 4.2377 14.25417 1.003063 14.577708 13.574645 59.71 9.84 828.163269 884.09314 37435.06133 13.389 20153.0 39.728 29465.0 79.307 "" "" 0.0027825500354902843 0.003516543 0.0047774203 0.008293963 132.79967775536 -41.79156727012 853.568054 -12.338 13.244 -6.807279289245605 9.32408074760437 46.7083974567895 6322.8
132.67428961531 -41.89927218891 0.0121 0.0133 8.3079 "" "" 5524590048868064640 981.994629 0.9816 0.0152 4.833 -3.957 0.016 0.017 0.932 6392.0 4.1169 14.255645 1.043868 14.688677 13.644809 11.7 6.26 966.821472 995.410583 37384.2628 7.1035 18195.0 17.458 27621.0 16.253 "" "" 0.002763032896544528 0.002978306 0.0038330005 0.006811307 132.67428961531 -41.89927218891 981.994629 4.833 -3.957 10.363720710754395 -7.87691925239563 60.591475198085135 6392.0
132.30757567 -41.45563521165 0.0123 0.0123 23.7543 "" "" 5525367163068864640 888.094116 1.0909 0.015 -9.66 7.975 0.016 0.016 1.04 5014.2 3.7431 14.294962 1.410092 14.936713 13.526621 30.21 2.04 874.457153 898.572937 36054.69661 6.3543 14479.0 13.237 30797.0 16.876 "" "" 0.0027619566457745253 0.0029614705 0.0038259248 0.006787395 132.30757567 -41.45563521165 888.094116 -9.660000000000004 7.975000000000005 -4.129279289245606 4.05508074760437 24.362671499382728 5014.2
132.7922283492 -41.99827872507 0.0122 0.0136 15.6437 "" "" 5524541807795390720 873.740967 1.1118 0.0158 -12.64 13.839 0.016 0.016 1.036 5688.5 4.2849 14.311335 0.929664 14.692504 13.76284 -6.37 5.93 863.529114 884.270569 35515.08337 6.5757 18131.0 15.501 24775.0 16.084 "" "" 0.002762643856967074 0.0029405246 0.0038445492 0.006785074 132.7922283492 -41.99827872507 873.740967 -12.64 13.839 -7.109279289245606 9.91908074760437 50.541969000981965 5688.5
132.46744073006 -41.69399214137 0.0111 0.0124 8.8182 "" "" 5524607606694011392 840.203186 1.1539 0.0145 -10.29 3.585 0.015 0.016 1.046 5829.3 4.3939 14.338465 0.852184 14.68145 13.829266 17.7 6.89 829.601318 849.275391 34638.64122 8.9411 18316.0 25.661 23305.0 18.113 "" "" 0.0027695365407318043 0.003177876 0.0038724425 0.0070503186 132.46744073006 -41.69399214137 840.203186 -10.289999999999997 3.584999999999998 -4.759279289245605 -0.3349192523956299 19.001004412317876 5829.3
132.83666780651 -41.97098872019 0.0165 0.0182 15.2289 "" "" 5524541223679815552 1076.44775 0.8952 0.0209 -5.476 7.7 0.022 0.021 1.312 6002.5 3.8616 14.3463 1.145297 14.828987 13.68369 5.27 7.72 1054.14502 1104.80664 34389.5515 7.0354 15989.0 14.085 26649.0 20.628 "" "" 0.0027642587524596197 0.0029495482 0.0038716982 0.0068212464 132.83666780651 -41.97098872019 1076.44775 -5.476 7.700000000000003 0.05472071075439455 3.7800807476043703 19.289362418662943 6002.5
132.47814441994 -41.88553583996 0.0132 0.0133 10.3571 "" "" 5524587918563968640 948.889832 1.0174 0.0162 -10.208 7.741 0.016 0.017 0.928 6033.0 4.1501 14.429795 1.043691 14.863622 13.819931 19.14 7.43 936.585632 961.949463 31844.06508 6.0871 15487.0 18.607 23506.0 19.387 "" "" 0.0027631256091818672 0.0030800463 0.00388402 0.006964066 132.47814441994 -41.88553583996 948.889832 -10.208000000000002 7.741 -4.677279289245606 3.8210807476043698 27.164846838224545 6033.0
132.56869342306 -41.84898065313 0.0504 0.0548 6.0957 "" "" 5524588227801584512 800.15387 1.2216 0.0657 -1.682 -4.122 0.067 0.07 4.507 5142.2 4.4 14.481965 1.068834 14.922514 13.85368 31.77 6.31 754.719055 847.918152 30350.15427 13.838 14669.0 14.852 22787.0 14.576 "" "" 0.0027994374397529533 0.002998911 0.0038426637 0.006841575 132.56869342306 -41.84898065313 800.15387 -1.682 -4.122000000000002 3.8487207107543946 -8.04191925239563 33.81386068063457 5142.2
