Clusters/Alessi_43/Alessi_43_stars_in_region.tsv
# %ECSV 1.0
# ---
# datatype:
# - name: RA_ICRS_1
#   unit: deg
#   datatype: float64
#   format: '{:15.11f}'
#   description: Right ascension (ICRS) at Ep=2016.0 (ra)
#   meta: !!omap
#   - {ucd: POS_EQ_RA_MAIN}
#   - {width: 15}
#   - {precision: '11'}
# - name: DE_ICRS_1
#   unit: deg
#   datatype: float64
#   format: '{:15.11f}'
#   description: Declination (ICRS) at Ep=2016.0 (dec)
#   meta: !!omap
#   - {ucd: POS_EQ_DEC_MAIN}
#   - {width: 15}
#   - {precision: '11'}
# - name: e_RA_ICRS
#   unit: mas
#   datatype: float64
#   format: '{:7.4f}'
#   description: Standard error of right ascension (ra_error)
#   meta: !!omap
#   - {ucd: ERROR}
#   - {width: 7}
#   - {precision: '4'}
# - name: e_DE_ICRS
#   unit: mas
#   datatype: float64
#   format: '{:7.4f}'
#   description: Standard error of declination (dec_error)
#   meta: !!omap
#   - {ucd: ERROR}
#   - {width: 7}
#   - {precision: '4'}
# - name: _r_1
#   unit: ''
#   datatype: float64
#   format: '{:7.4f}'
#   description: Distance from center (132.64130804000-41.76300578000)[ICRS], at Epoch=J2016.0
#   meta: !!omap
#   - {ucd: POS_ANG_DIST_GENERAL}
#   - {width: 7}
#   - {precision: '4'}
# - name: HIP
#   datatype: int32
#   description: '? HIP cross-id number, van Leeuwen, Cat. I/311 (hip_original_ext_source_id)'
#   meta: !!omap
#   - {ucd: ID_NUMBER}
#   - {width: 6}
#   - values: {'null': -2147483648}
# - name: TYC2
#   datatype: string
#   description: Tycho-2 cross-id name, Hog et al., Cat. I/259 (tyc2_original_ext_source_id)
#   meta: !!omap
#   - {ucd: ID_CROSSID}
#   - {_votable_string_dtype: char}
# - name: Source
#   datatype: int64
#   description: Source identifier, identical to the Gaia-EDR3 source_id (id)
#   meta: !!omap
#   - {ucd: ID_MAIN}
#   - {width: 19}
# - name: rgeo
#   unit: pc
#   datatype: float64
#   format: '{:15.8f}'
#   description: '? Median of the geometric distance posterior (r_med_geo)'
#   meta: !!omap
#   - {ucd: PHYS_DISTANCE_TRUE}
#   - {width: 15}
#   - {precision: '8'}
#   - values: {'null': .nan}
# - name: Plx
#   unit: mas
#   datatype: float64
#   format: '{:9.4f}'
#   description: '? Parallax (parallax)'
#   meta: !!omap
#   - {ucd: POS_PARLX_TRIG}
#   - {width: 9}
#   - {precision: '4'}
#   - values: {'null': .nan}
# - name: e_Plx
#   unit: mas
#   datatype: float32
#   format: '{:7.4f}'
#   description: '? Standard error of parallax (parallax_error)'
#   meta: !!omap
#   - {ucd: ERROR}
#   - {width: 7}
#   - {precision: '4'}
#   - values: {'null': .nan}
# - name: pmRA
#   unit: mas / yr
#   datatype: float64
#   format: '{:9.3f}'
#   description: '? Proper motion in right ascension direction, pmRA*cosDE (pmra)'
#   meta: !!omap
#   - {ucd: POS_EQ_PMRA}
#   - {width: 9}
#   - {precision: '3'}
#   - values: {'null': .nan}
# - name: pmDE
#   unit: mas / yr
#   datatype: float64
#   format: '{:9.3f}'
#   description: '? Proper motion in declination direction (pmdec)'
#   meta: !!omap
#   - {ucd: POS_EQ_PMDEC}
#   - {width: 9}
#   - {precision: '3'}
#   - values: {'null': .nan}
# - name: e_pmRA
#   unit: mas / yr
#   datatype: float32
#   format: '{:6.3f}'
#   description: '? Standard error of proper motion in right ascension direction (pmra_error)'
#   meta: !!omap
#   - {ucd: ERROR}
#   - {width: 6}
#   - {precision: '3'}
#   - values: {'null': .nan}
# - name: e_pmDE
[...]
#         unit: &id001 !astropy.units.Unit {unit: deg}
#         value: !astropy.table.SerializedColumn {name: SkyCoord.dec}
#       distance: !astropy.table.SerializedColumn
#         __class__: astropy.coordinates.distances.Distance
#         unit: !astropy.units.Unit {unit: pc}
#         value: !astropy.table.SerializedColumn {name: SkyCoord.distance}
#       frame: icrs
#       obstime: !astropy.time.Time {format: jyear_str, in_subfmt: '*', jd1: 367701545.0, jd2: 0.0, out_subfmt: '*', precision: 3, scale: tt}
#       pm_dec: !astropy.table.SerializedColumn
#         __class__: astropy.units.quantity.Quantity
#         unit: !astropy.units.Unit {unit: mas / yr}
#         value: !astropy.table.SerializedColumn {name: SkyCoord.pm_dec}
#       pm_ra_cosdec: !astropy.table.SerializedColumn
#         __class__: astropy.units.quantity.Quantity
#         unit: !astropy.units.Unit {unit: mas / yr}
#         value: !astropy.table.SerializedColumn {name: SkyCoord.pm_ra_cosdec}
#       ra: !astropy.table.SerializedColumn
#         __class__: astropy.coordinates.angles.Longitude
#         unit: *id001
#         value: !astropy.table.SerializedColumn {name: SkyCoord.ra}
#         wrap_angle: !astropy.coordinates.Angle
#           unit: *id001
#           value: 360.0
#       representation_type: spherical
# schema: astropy-2.0
RA_ICRS_1 DE_ICRS_1 e_RA_ICRS e_DE_ICRS _r_1 HIP TYC2 Source rgeo Plx e_Plx pmRA pmDE e_pmRA e_pmDE RUWE Teff logg Gmag BP-RP BPmag RPmag RV e_RV b_rgeo B_rgeo FG e_FG FBP e_FBP FRP e_FRP RAVE5 RAVE6 e_Gmag e_BPmag e_RPmag e_BP-RP SkyCoord.ra SkyCoord.dec SkyCoord.distance SkyCoord.pm_ra_cosdec SkyCoord.pm_dec
[from data line 599]
132.06832806908 -42.48578475693 0.0121 0.0149 50.3072 "" "" 5524197145257580032 758.819275 1.2804 0.0153 -8.465 14.912 0.016 0.019 1.04 5668.0 4.4454 14.43489 0.870654 14.786103 13.915449 35.37 4.04 749.459656 768.87384 31695.00636 6.6919 16633.0 15.903 21527.0 15.73 "" "" 0.0027648396990656472 0.0029770234 0.0038617542 0.0068387776 132.06832806908 -42.48578475693 758.819275 -8.465 14.911999999999999
132.80444899692 -41.69460035631 0.0123 0.0155 8.3792 "" "" 5524619323364686208 1034.76428 0.9351 0.0161 -3.243 2.145 0.016 0.02 1.046 6896.8 4.1849 14.441594 1.07862 14.890337 13.811717 -1.29 10.06 1020.42743 1050.31213 31499.90433 6.3932 15111.0 22.132 23685.0 18.846 "" "" 0.002764117954890226 0.003211508 0.0038768637 0.0070883716 132.80444899692 -41.69460035631 1034.76428 -3.243 2.1450000000000005
133.29511733813 -41.65677534088 0.0136 0.0164 29.9706 "" "" 5524573487474421120 867.791199 1.1186 0.0191 -4.595 1.983 0.018 0.02 1.083 5508.9 4.3198 14.441863 0.994903 14.854115 13.859212 66.31 4.49 856.49646 883.671997 31492.08854 5.5608 15623.0 17.295 22671.0 16.78 "" "" 0.0027619820291365743 0.0030380408 0.0038638732 0.0069019143 133.29511733813 -41.65677534088 867.791199 -4.595 1.9829999999999997
132.31114433917 -41.0978911765 0.0121 0.0122 42.5811 "" "" 5525408154236410368 896.94342 1.0825 0.0151 -9.41 8.258 0.016 0.016 0.946 6554.9 4.2957 14.445034 1.032207 14.87191 13.839703 79.05 9.39 885.518188 909.670349 31400.24224 5.46 15369.0 12.056 23082.0 14.502 "" "" 0.0027617805643166122 0.0029172634 0.0038404497 0.006757713 132.31114433917 -41.0978911765 896.94342 -9.409999999999998 8.258
131.65081460396 -41.31755248405 0.0111 0.0144 51.8939 "" "" 5525053802253231104 802.706421 1.2054 0.0153 -4.647 6.645 0.015 0.019 0.995 5800.2 4.381 14.453358 0.926418 14.830045 13.903626 37.06 5.74 791.747742 812.916443 31160.43642 5.6344 15973.0 18.478 21762.0 17.124 "" "" 0.002762305493180927 0.0030598377 0.0038747417 0.0069345795 131.65081460396 -41.31755248405 802.706421 -4.647 6.644999999999999
131.67717359561 -41.7721078622 0.023 0.0276 43.1494 "" "" 5524991095731000704 822.502625 1.1769 0.0307 -2.613 -4.84 0.034 0.038 2.019 "" "" 14.454218 0.978191 14.848317 13.870126 30.81 8.24 801.158936 848.007996 31135.77763 11.783 15707.0 13.777 22444.0 16.032 "" "" 0.002785788222866863 0.0029482152 0.0038581355 0.006806351 131.67717359561 -41.7721078622 822.502625 -2.6129999999999995 -4.84
133.43535166643 -42.37259798612 0.0592 0.0595 50.8782 "" "" 5524339458996269824 989.041565 0.9599 0.0715 -6.021 3.482 0.077 0.076 5.455 6042.0 3.588 14.454364 1.991482 15.4393 13.447818 17.95 9.2 922.125854 1056.78125 31131.57818 54.651 9113.8 59.391 33115.0 171.59 "" "" 0.0033503131693966267 0.0076055937 0.006777493 0.014383087 133.43535166643 -42.37259798612 989.041565 -6.021000000000001 3.482000000000001
133.19293376417 -41.72118584611 0.0133 0.0165 24.8228 "" "" 5524572147444658944 1015.58459 0.9496 0.0183 -7.381 5.539 0.019 0.019 0.976 6658.1 4.2105 14.455857 1.042928 14.890757 13.847829 41.82 5.42 995.598694 1033.05322 31088.7848 5.9816 15105.0 18.08 22910.0 15.136 "" "" 0.0027632279143697995 0.0030779778 0.0038468519 0.0069248294 133.19293376417 -41.72118584611 1015.58459 -7.381 5.539
132.43182814679 -41.61477650136 0.0124 0.0129 12.9304 "" "" 5524611764222340480 934.422119 1.0365 0.0156 -5.87 4.178 0.017 0.017 1.031 5134.2 3.7507 14.457575 1.558745 15.181779 13.623034 40.44 5.8 919.952454 949.214233 31039.65999 66.491 11553.0 90.355 28180.0 178.86 "" "" 0.0036057011871012635 0.008938105 0.0078595625 0.016797667 132.43182814679 -41.61477650136 934.422119 -5.87 4.178000000000001
132.603937679 -41.40116148859 0.0131 0.0143 21.7753 "" "" 5524638255580490624 787.441833 1.2372 0.0171 -8.962 8.702 0.018 0.019 0.946 5645.3 4.4161 14.457602 0.890209 14.820585 13.930376 25.56 6.68 776.317383 796.783325 31038.88962 18.988 16113.0 38.226 21233.0 38.801 "" "" 0.0028342455772684514 0.0037973188 0.0042685173 0.0080658365 132.603937679 -41.40116148859 787.441833 -8.961999999999998 8.701999999999998
133.05118510579 -41.67170360623 0.0127 0.0153 19.1568 "" "" 5524570669975445760 905.279419 1.0662 0.0178 -3.665 1.916 0.017 0.018 0.995 5809.8 4.2183 14.458669 1.022851 14.885105 13.862254 13.35 10.93 892.186829 916.346436 31008.40609 5.4868 15184.0 13.516 22608.0 18.021 "" "" 0.002762009782695043 0.002952813 0.0038772062 0.006830019 133.05118510579 -41.67170360623 905.279419 -3.665 1.9159999999999995
133.11897817823 -40.96185073259 0.0221 0.0268 52.6626 "" "" 5524742262509963904 769.224365 1.2593 0.0304 -3.946 1.782 0.029 0.033 1.91 5496.7 4.4838 14.464959 0.938479 14.840373 13.901894 "" "" 750.930725 787.776001 30829.26668 14.779 15822.0 25.319 21797.0 25.492 "" "" 0.0028040491212644675 0.0032869044 0.00398699 0.0072738947 133.11897817823 -40.96185073259 769.224365 -3.9459999999999997 1.782
132.61913997487 -41.07826620176 0.1675 0.1952 41.0965 "" "" 5525402278721063808 845.875 1.2866 0.2127 -6.495 1.297 0.211 0.248 13.835 "" "" 14.468399 1.447294 15.04112 13.593825 "" "" 731.467957 1001.60132 30731.7263 65.233 13151.0 22.466 28949.0 21.467 "" "" 0.0035921016630848343 0.0033504087 0.003864188 0.0072145965 132.61913997487 -41.07826620176 845.875 -6.494999999999999 1.2970000000000002
133.25572412531 -41.52720107817 0.012 0.015 30.9689 "" "" 5524577988599191168 1040.26147 0.931 0.0173 1.076 -2.222 0.015 0.017 1.038 6032.3 3.9713 14.46961 1.292373 14.922448 13.630075 38.65 9.26 1018.45044 1058.04138 30697.46351 10.322 14670.0 109.88 27998.0 403.69 "" "" 0.002779401256395301 0.008597626 0.016104471 0.024702098 133.25572412531 -41.52720107817 1040.26147 1.076 -2.2220000000000004
132.41943155833 -42.195365246 0.0131 0.0144 27.7651 "" "" 5524205425955065344 1045.36755 0.9244 0.0169 -3.125 8.32 0.019 0.02 1.158 6345.6 3.9501 14.472909 1.167871 14.970311 13.802441 20.96 5.68 1025.8269 1062.91394 30604.35884 5.749 14038.0 14.94 23888.0 12.862 "" "" 0.002762858456009797 0.0030199713 0.0038243267 0.006844298 132.41943155833 -42.195365246 1045.36755 -3.125000000000001 8.32
133.02689601577 -42.29324315016 0.0143 0.0178 36.159 "" "" 5524519508325351552 929.956909 1.0391 0.0187 -5.313 3.511 0.02 0.022 1.263 5207.7 3.5944 14.474343 1.664046 15.257054 13.593008 57.67 6.81 910.456604 943.057922 30563.9391 35.489 10779.0 51.535 28970.0 87.195 "" "" 0.0030300382300755342 0.005893315 0.0049962816 0.010889597 133.02689601577 -42.29324315016 929.956909 -5.313 3.511
133.2898674689 -42.41455389372 0.0131 0.0159 48.6021 "" "" 5524328090221006336 789.359558 1.2281 0.0166 -6.552 0.156 0.017 0.019 0.998 5513.5 4.4105 14.477866 0.872347 14.827814 13.955467 7.37 5.41 778.517822 799.563171 30464.93061 6.2848 16006.0 12.628 20748.0 19.212 "" "" 0.002764409142566523 0.002918699 0.003910815 0.006829514 133.2898674689 -42.41455389372 789.359558 -6.552 0.1560000000000001
131.8692610237 -41.21938119372 0.013 0.0158 47.6219 "" "" 5525427773647146880 952.684875 1.0156 0.0177 -8.988 12.919 0.018 0.018 1.01 7055.8 3.9219 14.478333 1.50893 15.169635 13.660705 5.38 9.02 941.16272 965.928467 30451.8479 7.345 11683.0 19.236 27219.0 22.414 "" "" 0.0027677374465844393 0.0033137249 0.0038836952 0.00719742 131.8692610237 -41.21938119372 952.684875 -8.987999999999998 12.919
132.00337602855 -42.08423357999 0.0132 0.0147 34.3875 "" "" 5524218585734098560 760.103577 1.2808 0.0166 7.25 -4.473 0.017 0.019 1.069 5600.7 4.4542 14.479006 0.896782 14.844091 13.947309 23.9 8.82 751.334717 769.214844 30432.98717 6.7671 15768.0 16.795 20904.0 15.261 "" "" 0.002765876976457619 0.0030203362 0.0038616073 0.0068819434 132.00337602855 -42.08423357999 760.103577 7.250000000000001 -4.473000000000001
132.7871172559 -42.24769408727 0.0121 0.0141 29.799 "" "" 5524529575728611456 953.299866 1.0153 0.0158 -17.161 8.408 0.016 0.017 1.005 6029.2 4.0932 14.481591 1.080515 14.933441 13.852926 35.91 6.05 939.267273 965.808594 30360.59872 5.7495 14522.0 14.884 22803.0 16.384 "" "" 0.002762981150241697 0.0030038932 0.003859053 0.006862946 132.7871172559 -42.24769408727 953.299866 -17.161 8.408
132.56869342306 -41.84898065313 0.0504 0.0548 6.0957 "" "" 5524588227801584512 800.15387 1.2216 0.0657 -1.682 -4.122 0.067 0.07 4.507 5142.2 4.4 14.481965 1.068834 14.922514 13.85368 31.77 6.31 754.719055 847.918152 30350.15427 13.838 14669.0 14.852 22787.0 14.576 "" "" 0.0027994374397529533 0.002998911 0.0038426637 0.006841575 132.56869342306 -41.84898065313 800.15387 -1.682 -4.122000000000001
132.37510992206 -41.15630811385 0.0128 0.0137 38.3192 "" "" 5525406779846874496 922.171997 1.0487 0.0166 -8.222 7.611 0.019 0.017 1.121 "" "" 14.483505 1.421883 15.12221 13.700327 23.98 8.1 905.883789 934.951233 30307.1143 7.1746 12205.0 17.436 26244.0 18.031 "" "" 0.0027672823998393732 0.003192317 0.0038522955 0.0070446124 132.37510992206 -41.15630811385 922.171997 -8.222 7.610999999999999
131.95468991415 -42.06326099943 0.0136 0.0143 35.5584 "" "" 5524218517014623744 905.485168 1.0689 0.0168 -7.696 8.736 0.017 0.019 1.023 7954.8 4.0391 14.483882 1.472573 15.151133 13.678559 20.82 5.63 892.460205 918.151733 30296.59275 7.5963 11884.0 17.012 26775.0 21.335 "" "" 0.0027687357099034243 0.0031938532 0.0038771378 0.007070991 131.95468991415 -42.06326099943 905.485168 -7.696000000000001 8.736
133.5542669425 -41.58746199103 0.0131 0.0142 42.2485 "" "" 5524655504169492864 1041.72095 0.9284 0.0167 1.331 -0.062 0.016 0.017 0.934 6342.2 3.8617 14.489048 1.247327 15.030477 13.78315 33.09 10.99 1021.0741 1059.8335 30152.79375 5.6742 13281.0 13.231 24316.0 12.557 "" "" 0.00276288512995252 0.0029924926 0.003820745 0.0068132374 133.5542669425 -41.58746199103 1041.72095 1.331 -0.06200000000000005
132.53474478398 -41.65681409994 0.0123 0.0137 7.9611 "" "" 5524608087730316416 906.555298 1.0666 0.0161 -7.737 5.016 0.016 0.016 0.949 5958.3 4.2347 14.495688 1.048347 14.934978 13.886631 21.42 5.46 894.30481 917.992126 29968.9375 9.4607 14502.0 19.203 22106.0 27.817 "" "" 0.0027765565532709437 0.0031387901 0.0040187454 0.0071575353 132.53474478398 -41.65681409994 906.555298 -7.737 5.015999999999999
132.7098359794 -40.93692084179 0.015 0.016 49.6611 "" "" 5525404851401396864 816.618713 1.1906 0.0191 -9.147 -0.938 0.019 0.022 1.172 5241.8 4.3464 14.496471 1.048642 14.934445 13.885803 29.6 4.16 804.125244 828.704529 29947.33973 6.3691 14509.0 14.958 22123.0 18.328 "" "" 0.00276497905414826 0.0030063202 0.003884946 0.0068912664 132.7098359794 -40.93692084179 816.618713 -9.146999999999998 -0.937999999999999
132.57053229001 -42.0162663273 0.0129 0.014 15.521 "" "" 5524583142560983040 874.754578 1.1062 0.0166 1.78 -8.874 0.017 0.019 1.002 5751.1 4.3539 14.498143 0.89815 14.864385 13.966234 -14.62 7.55 861.911072 890.651733 29901.25242 6.5489 15476.0 19.88 20543.0 18.398 "" "" 0.0027655625136970203 0.0031193343 0.0039024644 0.0070217988 132.57053229001 -42.0162663273 874.754578 1.7799999999999991 -8.873999999999999
132.07236892289 -41.89525222432 0.0142 0.0153 26.6451 "" "" 5524976355403197056 1006.57251 0.9617 0.0177 -4.886 3.166 0.018 0.019 1.171 "" "" 14.50334 1.651664 15.209196 13.557532 14.28 6.18 992.025879 1021.89819 29758.47568 12.466 11265.0 83.183 29933.0 228.55 "" "" 0.0027926066223160685 0.0084889345 0.009110876 0.01759981 132.07236892289 -41.89525222432 1006.57251 -4.885999999999999 3.1660000000000004
132.5141649471 -42.07947212609 0.0306 0.0348 19.8182 "" "" 5524581458933817472 911.386902 1.0616 0.039 -4.845 4.05 0.04 0.044 2.533 5449.9 3.6293 14.506169 1.567486 15.204407 13.636921 47.53 4.73 880.825134 938.934448 29681.02887 49.115 11315.0 63.934 27822.0 149.24 "" "" 0.0032893284163605105 0.0067395126 0.0069428147 0.013682327 132.5141649471 -42.07947212609 911.386902 -4.845 4.05
132.7433988897 -41.0365566348 0.0369 0.0462 43.8285 "" "" 5525401140549924352 869.87146 1.1223 0.0501 -7.234 -5.196 0.044 0.058 2.975 "" "" 14.506897 "" "" "" 52.17 6.94 835.569824 911.343201 29661.13711 11.085 "" "" "" "" "" "" 0.0027850373120318363 "" "" "" 132.7433988897 -41.0365566348 869.87146 -7.233999999999999 -5.195999999999999
132.2153581768 -41.97859563492 0.013 0.0155 23.0109 "" "" 5524222880701366784 1116.56104 0.8623 0.017 -2.387 3.101 0.016 0.021 0.927 15000.7 4.6082 14.509724 1.295965 15.07623 13.780265 25.29 5.73 1095.66748 1136.07495 29584.03552 6.8365 12733.0 19.776 24381.0 12.207 "" "" 0.002766720121773131 0.0032601564 0.0038182759 0.0070784325 132.2153581768 -41.97859563492 1116.56104 -2.387 3.101
133.34269080726 -42.37561003059 0.0135 0.0152 48.238 "" "" 5524327884062524288 932.786499 1.0397 0.0171 -6.394 2.535 0.017 0.018 0.981 6367.2 4.1651 14.510682 1.172048 15.010726 13.838678 7.75 5.67 921.013428 949.249451 29557.93021 6.52 13525.0 16.004 23104.0 17.688 "" "" 0.002765709245863651 0.0030717433 0.0038697096 0.0069414526 133.34269080726 -42.37561003059 932.786499 -6.394000000000002 2.535
131.99037164486 -41.14500182863 0.0135 0.015 47.2416 "" "" 5525433339924727168 846.746338 1.1421 0.0175 -15.519 20.238 0.018 0.018 0.955 5486.7 4.3408 14.51176 0.991731 14.921353 13.929623 73.05 5.64 833.676514 860.264954 29528.60591 5.468 14685.0 20.386 21248.0 15.826 "" "" 0.0027626457578219248 0.003171249 0.0038649312 0.0070361802 131.99037164486 -41.14500182863 846.746338 -15.518999999999998 20.238
133.59006216623 -42.09079114636 0.0125 0.0138 46.6956 "" "" 5524361487886388480 853.486694 1.1379 0.0162 -1.171 -0.467 0.017 0.019 0.889 5569.1 4.3615 14.515409 1.028818 14.945874 13.917056 31.29 4.05 842.079407 863.796936 29429.50226 5.0419 14357.0 15.906 21495.0 12.011 "" "" 0.00276159175392177 0.0030384148 0.0038277667 0.0068661813 133.59006216623 -42.09079114636 853.486694 -1.171 -0.467
132.76737438722 -42.04109127745 0.0129 0.0143 17.6093 "" "" 5524540536485092224 807.907349 1.2043 0.0167 0.626 4.636 0.016 0.018 0.959 5366.0 4.4014 14.518669 0.927612 14.90057 13.972958 76.74 11.51 795.522278 818.764709 29341.29313 5.5848 14969.0 25.135 20416.0 20.989 "" "" 0.0027630593588562004 0.0033329776 0.0039407676 0.0072737453 132.76737438722 -42.04109127745 807.907349 0.6259999999999999 4.636
132.08241745514 -41.31273902454 0.012 0.0155 36.8765 "" "" 5525378707940953088 1094.08411 0.8805 0.0171 -4.496 -3.707 0.016 0.018 1.039 10114.6 4.3023 14.520316 1.448691 15.171062 13.722371 17.52 9.53 1073.01746 1115.69177 29296.81427 8.6412 11668.0 15.596 25716.0 21.248 "" "" 0.0027738680897781216 0.003145022 0.0038843928 0.007029415 132.08241745514 -41.31273902454 1094.08411 -4.496 -3.707
133.09585471281 -41.56832008335 0.0119 0.0147 23.4848 "" "" 5524623893209732864 1090.02734 0.8852 0.0169 -8.696 5.988 0.015 0.017 0.983 5867.7 3.9589 14.521221 1.209156 15.042316 13.833159 17.1 3.62 1067.49792 1106.63916 29272.40475 5.3385 13137.0 15.274 23222.0 16.339 "" "" 0.0027624259284382445 0.0030624473 0.0038558147 0.0069182618 133.09585471281 -41.56832008335 1090.02734 -8.696 5.988000000000002
132.32531114212 -41.1840604967 0.0121 0.0131 37.5292 "" "" 5525383380865067904 828.331299 1.1687 0.0153 -5.414 2.939 0.017 0.017 1.016 5228.3 4.3184 14.52158 1.019023 14.946706 13.927683 21.04 4.49 818.833862 837.465149 29262.72673 5.2276 14346.0 16.251 21286.0 18.228 "" "" 0.0027621386342393884 0.0030492176 0.0038920655 0.006941283 132.32531114212 -41.1840604967 828.331299 -5.414 2.939
133.46842155313 -41.55421519497 0.0133 0.0139 39.1361 "" "" 5524656500602035200 781.909851 1.2422 0.0166 -13.115 -1.234 0.017 0.018 0.951 5749.7 4.471 14.521591 0.847971 14.862453 14.014482 -6.24 5.76 771.602844 791.457458 29262.41507 5.8144 15504.0 16.585 19650.0 17.826 "" "" 0.0027637530025676755 0.0030222486 0.003905619 0.0069278674 133.46842155313 -41.55421519497 781.909851 -13.115000000000002 -1.2340000000000013
