Clusters/Alessi_43/Alessi_43_members.tsv
# %ECSV 1.0
# ---
# datatype:
# - name: RA_ICRS_1
#   unit: deg
#   datatype: float64
#   format: '{:15.11f}'
#   description: Right ascension (ICRS) at Ep=2016.0 (ra)
#   meta: !!omap
#   - {ucd: POS_EQ_RA_MAIN}
#   - {width: 15}
#   - {precision: '11'}
# - name: DE_ICRS_1
#   unit: deg
#   datatype: float64
#   format: '{:15.11f}'
#   description: Declination (ICRS) at Ep=2016.0 (dec)
#   meta: !!omap
#   - {ucd: POS_EQ_DEC_MAIN}
#   - {width: 15}
#   - {precision: '11'}
# - name: e_RA_ICRS
#   unit: mas
#   datatype: float64
#   format: '{:7.4f}'
#   description: Standard error of right ascension (ra_error)
#   meta: !!omap
#   - {ucd: ERROR}
#   - {width: 7}
#   - {precision: '4'}
# - name: e_DE_ICRS
#   unit: mas
#   datatype: float64
#   format: '{:7.4f}'
#   description: Standard error of declination (dec_error)
#   meta: !!omap
#   - {ucd: ERROR}
#   - {width: 7}
#   - {precision: '4'}
# - name: _r_1
#   unit: ''
#   datatype: float64
#   format: '{:7.4f}'
#   description: Distance from center (132.64130804000-41.76300578000)[ICRS], at Epoch=J2016.0
#   meta: !!omap
#   - {ucd: POS_ANG_DIST_GENERAL}
#   - {width: 7}
#   - {precision: '4'}
# - name: HIP
#   datatype: int32
#   description: '? HIP cross-id number, van Leeuwen, Cat. I/311 (hip_original_ext_source_id)'
#   meta: !!omap
#   - {ucd: ID_NUMBER}
#   - {width: 6}
#   - values: {'null': -2147483648}
# - name: TYC2
#   datatype: string
#   description: Tycho-2 cross-id name, Hog et al., Cat. I/259 (tyc2_original_ext_source_id)
#   meta: !!omap
#   - {ucd: ID_CROSSID}
#   - {_votable_string_dtype: char}
# - name: Source
#   datatype: int64
#   description: Source identifier, identical to the Gaia-EDR3 source_id (id)
#   meta: !!omap
#   - {ucd: ID_MAIN}
#   - {width: 19}
# - name: rgeo
#   unit: pc
#   datatype: float64
#   format: '{:15.8f}'
#   description: '? Median of the geometric distance posterior (r_med_geo)'
#   meta: !!omap
#   - {ucd: PHYS_DISTANCE_TRUE}
#   - {width: 15}
#   - {precision: '8'}
#   - values: {'null': .nan}
# - name: Plx
#   unit: mas
#   datatype: float64
#   format: '{:9.4f}'
#   description: '? Parallax (parallax)'
#   meta: !!omap
#   - {ucd: POS_PARLX_TRIG}
#   - {width: 9}
#   - {precision: '4'}
#   - values: {'null': .nan}
# - name: e_Plx
#   unit: mas
#   datatype: float32
#   format: '{:7.4f}'
#   description: '? Standard error of parallax (parallax_error)'
#   meta: !!omap
#   - {ucd: ERROR}
#   - {width: 7}
#   - {precision: '4'}
#   - values: {'null': .nan}
# - name: pmRA
#   unit: mas / yr
#   datatype: float64
#   format: '{:9.3f}'
#   description: '? Proper motion in right ascension direction, pmRA*cosDE (pmra)'
#   meta: !!omap
#   - {ucd: POS_EQ_PMRA}
#   - {width: 9}
#   - {precision: '3'}
#   - values: {'null': .nan}
# - name: pmDE
#   unit: mas / yr
#   datatype: float64
#   format: '{:9.3f}'
#   description: '? Proper motion in declination direction (pmdec)'
#   meta: !!omap
#   - {ucd: POS_EQ_PMDEC}
#   - {width: 9}
#   - {precision: '3'}
#   - values: {'null': .nan}
# - name: e_pmRA
#   unit: mas / yr
#   datatype: float32
#   format: '{:6.3f}'
#   description: '? Standard error of proper motion in right ascension direction (pmra_error)'
#   meta: !!omap
#   - {ucd: ERROR}
#   - {width: 6}
#   - {precision: '3'}
#   - values: {'null': .nan}
# - name: e_pmDE
[...]
#         unit: &id001 !astropy.units.Unit {unit: deg}
#         value: !astropy.table.SerializedColumn {name: SkyCoord.dec}
#       distance: !astropy.table.SerializedColumn
#         __class__: astropy.coordinates.distances.Distance
#         unit: !astropy.units.Unit {unit: pc}
#         value: !astropy.table.SerializedColumn {name: SkyCoord.distance}
#       frame: icrs
#       obstime: !astropy.time.Time {format: jyear_str, in_subfmt: '*', jd1: 367701545.0, jd2: 0.0, out_subfmt: '*', precision: 3, scale: tt}
#       pm_dec: !astropy.table.SerializedColumn
#         __class__: astropy.units.quantity.Quantity
#         unit: !astropy.units.Unit {unit: mas / yr}
#         value: !astropy.table.SerializedColumn {name: SkyCoord.pm_dec}
#       pm_ra_cosdec: !astropy.table.SerializedColumn
#         __class__: astropy.units.quantity.Quantity
#         unit: !astropy.units.Unit {unit: mas / yr}
#         value: !astropy.table.SerializedColumn {name: SkyCoord.pm_ra_cosdec}
#       ra: !astropy.table.SerializedColumn
#         __class__: astropy.coordinates.angles.Longitude
#         unit: *id001
#         value: !astropy.table.SerializedColumn {name: SkyCoord.ra}
#         wrap_angle: !astropy.coordinates.Angle
#           unit: *id001
#           value: 360.0
#       representation_type: spherical
# schema: astropy-2.0
RA_ICRS_1 DE_ICRS_1 e_RA_ICRS e_DE_ICRS _r_1 HIP TYC2 Source rgeo Plx e_Plx pmRA pmDE e_pmRA e_pmDE RUWE Teff logg Gmag BP-RP BPmag RPmag RV e_RV b_rgeo B_rgeo FG e_FG FBP e_FBP FRP e_FRP RAVE5 RAVE6 e_Gmag e_BPmag e_RPmag e_BP-RP SkyCoord.ra SkyCoord.dec SkyCoord.distance SkyCoord.pm_ra_cosdec SkyCoord.pm_dec Pmemb
[from data line 40]
133.14872579409 -42.15826101638 0.0139 0.0175 32.7862 "" "" 5524522218442923520 893.986328 1.0812 0.0181 -5.359 3.712 0.019 0.022 1.439 15008.7 4.1646 14.220987 2.203296 15.353011 13.149715 "" "" 879.929565 910.292542 38596.85835 31.51 9867.6 32.654 43578.0 88.319 "" "" 0.0028943845414178076 0.0045490903 0.004373294 0.008922384 133.14872579409 -42.15826101638 893.986328 -5.359 3.712 0.9
132.55192569921 -41.69712214712 0.0108 0.0126 5.6254 "" "" 5524607056938172416 916.854553 1.0594 0.0143 -5.268 3.973 0.015 0.015 0.968 "" "" 14.259975 1.562901 14.980908 13.418007 26.14 8.57 905.886292 927.465698 37235.46466 42.551 13901.0 67.475 34037.0 126.83 "" "" 0.0030217876023836293 0.005963161 0.0055363816 0.011499543 132.55192569921 -41.69712214712 916.854553 -5.268000000000001 3.973 1.0
132.5925744386 -42.09218821857 0.013 0.0135 19.8704 "" "" 5524580526922315392 946.637146 1.0195 0.0167 -5.834 3.394 0.017 0.019 1.072 5260.1 3.7607 14.31976 1.3639 14.914486 13.550586 32.21 8.39 930.743164 961.880005 35240.55924 56.474 14778.0 99.872 30125.0 203.8 "" "" 0.003258699367590497 0.007850161 0.008260456 0.016110618 132.5925744386 -42.09218821857 946.637146 -5.834 3.394000000000001 0.8
132.74484182934 -41.78368336712 0.0123 0.0126 4.7961 "" "" 5524592316610380032 943.770569 1.0253 0.0153 -5.509 3.834 0.017 0.016 0.933 5142.5 4.111 14.325015 1.303634 14.904305 13.600671 36.34 5.78 930.79425 956.921448 35070.40686 35.971 14917.0 58.307 28767.0 78.609 "" "" 0.0029718568496138378 0.005078937 0.0048048086 0.009883746 132.74484182934 -41.78368336712 943.770569 -5.509000000000002 3.8339999999999996 1.0
132.43876291467 -41.61718479119 0.0117 0.0123 12.6058 "" "" 5524611798582077952 913.378784 1.0633 0.0148 -5.823 4.245 0.016 0.015 0.997 5514.2 4.0572 14.335439 1.550645 15.047235 13.496591 6.8 6.72 899.841187 925.129944 34735.32697 77.107 13077.0 126.05 31661.0 202.85 "" "" 0.003660694342774365 0.010831032 0.00791663 0.018747661 132.43876291467 -41.61718479119 913.378784 -5.823000000000002 4.245000000000001 1.0
132.43182814679 -41.61477650136 0.0124 0.0129 12.9304 "" "" 5524611764222340480 934.422119 1.0365 0.0156 -5.87 4.178 0.017 0.017 1.031 5134.2 3.7507 14.457575 1.558745 15.181779 13.623034 40.44 5.8 919.952454 949.214233 31039.65999 66.491 11553.0 90.355 28180.0 178.86 "" "" 0.0036057011871012635 0.008938105 0.0078595625 0.016797667 132.43182814679 -41.61477650136 934.422119 -5.87 4.178000000000002 1.0
133.02689601577 -42.29324315016 0.0143 0.0178 36.159 "" "" 5524519508325351552 929.956909 1.0391 0.0187 -5.313 3.511 0.02 0.022 1.263 5207.7 3.5944 14.474343 1.664046 15.257054 13.593008 57.67 6.81 910.456604 943.057922 30563.9391 35.489 10779.0 51.535 28970.0 87.195 "" "" 0.0030300382300755342 0.005893315 0.0049962816 0.010889597 133.02689601577 -42.29324315016 929.956909 -5.313 3.511 1.0
132.07236892289 -41.89525222432 0.0142 0.0153 26.6451 "" "" 5524976355403197056 1006.57251 0.9617 0.0177 -4.886 3.166 0.018 0.019 1.171 "" "" 14.50334 1.651664 15.209196 13.557532 14.28 6.18 992.025879 1021.89819 29758.47568 12.466 11265.0 83.183 29933.0 228.55 "" "" 0.0027926066223160685 0.0084889345 0.009110876 0.01759981 132.07236892289 -41.89525222432 1006.57251 -4.885999999999998 3.1660000000000004 0.8
131.85828129793 -41.14892934677 0.055 0.0599 50.9637 "" "" 5525431003462542592 847.313599 1.188 0.0726 -6.086 4.626 0.073 0.07 3.759 "" "" 14.567496 1.41591 15.173143 13.757234 18.51 9.79 794.751709 908.746643 28050.98516 36.54 11646.0 52.225 24904.0 67.378 "" "" 0.0030971056660427814 0.0056116576 0.0047866954 0.0103983525 131.85828129793 -41.14892934677 847.313599 -6.086000000000002 4.626000000000001 0.8
132.30317258742 -41.57174256191 0.0129 0.0137 19.0101 "" "" 5525357782860223232 936.413025 1.0316 0.0164 -5.74 4.358 0.017 0.017 1.054 5349.0 3.6703 14.576048 1.664341 15.357891 13.69355 "" "" 923.964905 949.623413 27830.92854 59.277 9823.4 77.201 26408.0 271.44 "" "" 0.0035971478394379057 0.008977286 0.011782547 0.020759832 132.30317258742 -41.57174256191 936.413025 -5.74 4.3580000000000005 0.9
132.74764079953 -42.05052521335 0.0137 0.0157 17.8927 "" "" 5524541258039608576 939.481323 1.0384 0.0177 -5.14 3.617 0.018 0.021 1.061 5098.6 3.7523 14.633817 1.55055 15.348182 13.797631 97.34 5.53 924.313232 954.421143 26388.8174 40.324 9911.6 54.938 23994.0 102.52 "" "" 0.0032162624883186513 0.0066333683 0.0059836973 0.012617066 132.74764079953 -42.05052521335 939.481323 -5.139999999999999 3.617 1.0
132.94939131951 -41.83723027211 0.0146 0.0164 14.4819 "" "" 5524567676377751552 934.386047 1.0365 0.019 -5.236 3.655 0.021 0.023 1.028 5108.8 3.6949 14.639553 1.64314 15.403441 13.760302 3.3 8.83 915.351501 950.113892 26249.7698 28.234 9419.8 41.999 24833.0 83.516 "" "" 0.002992584743791012 0.005587385 0.005255167 0.010842552 132.94939131951 -41.83723027211 934.386047 -5.236000000000001 3.655000000000002 1.0
132.79877764513 -41.66241381763 0.0136 0.0158 9.2829 "" "" 5524619628304697088 918.25824 1.0532 0.0176 -5.431 4.071 0.018 0.02 1.073 5139.5 4.1154 14.660443 1.399228 15.240613 13.841385 -1.53 10.75 901.479919 934.409241 25749.53085 27.819 10944.0 98.528 23046.0 93.854 "" "" 0.0029946132921407896 0.010165224 0.00581674 0.015981965 132.79877764513 -41.66241381763 918.25824 -5.431 4.0710000000000015 1.0
132.80600648231 -41.66697157298 0.0167 0.0199 9.3602 "" "" 5524619426443892224 868.852417 1.1089 0.0221 -5.266 3.945 0.021 0.026 1.264 "" "" 14.790024 1.75581 15.62956 13.873751 20.84 6.77 845.828979 887.102722 22852.68361 44.248 7648.8 64.791 22370.0 110.03 "" "" 0.0034657136799201636 0.009610914 0.0065424023 0.016153317 132.80600648231 -41.66697157298 868.852417 -5.266 3.945 1.0
132.31978788492 -41.47204750977 0.0147 0.0161 22.6441 "" "" 5525364208131287808 904.015381 1.0669 0.0197 -5.787 4.376 0.019 0.02 1.058 5635.0 4.0227 14.790079 1.841465 15.693123 13.851658 "" "" 885.466858 922.274292 22851.52196 167.61 7213.9 247.65 22829.0 419.82 "" "" 0.008426779722940946 0.03737713 0.02032098 0.05769811 132.31978788492 -41.47204750977 904.015381 -5.786999999999999 4.376000000000001 0.9
132.78114438901 -41.83256657983 0.016 0.0176 7.5195 "" "" 5524591973013354368 934.632446 1.039 0.0203 -5.253 3.813 0.022 0.022 1.008 4887.1 4.1572 14.987267 1.381205 15.603807 14.222603 -10.95 9.9 912.283691 955.154663 19056.34941 26.164 7832.4 37.278 16222.0 68.511 "" "" 0.003132724088899016 0.005872674 0.0059422143 0.011814889 132.78114438901 -41.83256657983 934.632446 -5.252999999999999 3.8130000000000015 1.0
132.61101243036 -41.80368215613 0.0164 0.0176 2.7917 "" "" 5524594206396038144 917.455505 1.0501 0.0209 -5.634 3.33 0.022 0.022 1.029 "" "" 15.036528 1.411832 15.669949 14.258117 23.81 8.46 901.044556 933.036438 18211.08036 31.368 7369.5 47.27 15700.0 95.676 "" "" 0.003330050183478068 0.0075023514 0.007619821 0.015122172 132.61101243036 -41.80368215613 917.455505 -5.634000000000002 3.33 1.0
132.5330301579 -41.79938859732 0.0161 0.017 5.3136 "" "" 5524606129225270144 908.838684 1.0605 0.0205 -5.782 3.861 0.021 0.02 0.987 4787.6 4.1363 15.086841 1.515675 15.783512 14.267837 "" "" 894.971558 924.825378 17386.42631 28.768 6637.6 39.522 15561.0 73.886 "" "" 0.0032892473863563817 0.007041173 0.006392201 0.013433374 132.5330301579 -41.79938859732 908.838684 -5.782 3.8610000000000007 1.0
132.99280111897 -41.48346757432 0.0162 0.0184 23.0184 "" "" 5524628153817296640 932.378235 1.0421 0.0216 -5.884 4.336 0.02 0.023 1.029 5106.6 3.7724 15.155629 1.613548 15.909551 14.296002 "" "" 909.855713 949.924072 16319.05333 32.214 5910.1 48.585 15162.0 79.473 "" "" 0.003490749920186986 0.009351431 0.0068316204 0.016183052 132.99280111897 -41.48346757432 932.378235 -5.883999999999999 4.335999999999999 1.0
132.34562121273 -41.73930708858 0.0165 0.0176 13.3119 "" "" 5524604411238381312 943.494995 1.0263 0.021 -5.742 4.063 0.023 0.023 0.967 "" "" 15.200161 1.687426 15.99848 14.311054 -18.5 7.98 924.035461 961.846008 15663.2717 22.913 5445.3 33.005 14953.0 86.448 "" "" 0.0031803119944768445 0.007147915 0.0073269526 0.014474868 132.34562121273 -41.73930708858 943.494995 -5.742000000000001 4.062999999999999 1.0
132.31816235934 -41.52764507965 0.0173 0.0185 20.2322 "" "" 5525363795814432384 897.865295 1.0704 0.0219 -5.771 4.415 0.023 0.022 1.013 "" "" 15.245384 1.842226 16.140938 14.298712 -27.29 6.93 881.042908 916.771606 15024.258 37.155 4775.7 49.222 15124.0 108.27 "" "" 0.0038472269462758043 0.011533022 0.008642736 0.020175759 132.31816235934 -41.52764507965 897.865295 -5.770999999999999 4.414999999999999 0.9
132.52269166966 -41.65313067624 0.017 0.0192 8.467 "" "" 5524608152150997248 935.181885 1.0303 0.022 -5.469 4.086 0.022 0.024 0.973 "" "" 15.294006 1.819085 16.173744 14.354659 25.35 6.27 915.538452 960.568054 14366.26997 30.425 4633.6 38.212 14365.0 72.751 "" "" 0.0035887241324854932 0.009378428 0.006672263 0.01605069 132.52269166966 -41.65313067624 935.181885 -5.469 4.086 1.0
132.56624918559 -41.59615796814 0.0182 0.0196 10.5608 "" "" 5524609805717205248 912.858643 1.0615 0.023 -5.766 4.113 0.025 0.026 1.099 4965.0 4.1366 15.345209 1.772729 16.195911 14.423182 "" "" 894.439758 929.273926 13704.49592 52.694 4540.0 65.005 13486.0 133.58 "" "" 0.005001967498277199 0.01579428 0.011399076 0.027193356 132.56624918559 -41.59615796814 912.858643 -5.766 4.113000000000002 1.0
132.63125374343 -42.11696422698 0.0185 0.0201 21.2422 "" "" 5524534935847802240 918.782166 1.0522 0.0236 -5.38 3.424 0.023 0.025 0.973 "" "" 15.35949 1.565288 16.079515 14.514228 "" "" 896.696716 943.090942 13525.41238 14.817 5053.7 19.617 12401.0 36.598 "" "" 0.003001083427007449 0.005054421 0.0049548843 0.010009306 132.63125374343 -42.11696422698 918.782166 -5.38 3.4240000000000013 1.0
132.83094504856 -42.03665530075 0.0194 0.0223 18.4745 "" "" 5524540777003240064 914.312134 1.0633 0.0254 -5.274 3.548 0.025 0.025 1.005 "" "" 15.391521 1.690616 16.188602 14.497987 "" "" 896.602417 934.434631 13132.23638 24.121 4570.6 34.776 12588.0 63.806 "" "" 0.0034013007747317418 0.008719436 0.0066761407 0.015395576 132.83094504856 -42.03665530075 914.312134 -5.273999999999998 3.5479999999999983 1.0
132.61455340582 -41.71878470433 0.0179 0.0205 2.9111 "" "" 5524606850779730560 923.129272 1.0505 0.0238 -5.679 3.828 0.024 0.026 1.041 4751.0 4.149 15.413315 1.615824 16.143055 14.527231 "" "" 903.501404 941.496338 12871.25782 15.444 4766.4 41.267 12254.0 78.554 "" "" 0.0030477800099871204 0.0098055415 0.00792001 0.017725552 132.61455340582 -41.71878470433 923.129272 -5.679 3.8280000000000003 1.0
132.55438675626 -41.6760657817 0.0181 0.0216 6.5088 "" "" 5524607915931624704 929.343689 1.0401 0.0241 -5.577 3.961 0.025 0.027 1.064 5152.8 3.8136 15.42344 1.866428 16.336288 14.46986 "" "" 909.225037 954.09491 12751.77634 29.384 3989.3 35.57 12919.0 80.653 "" "" 0.0037217116211536324 0.010074872 0.0077606733 0.017835544 132.55438675626 -41.6760657817 929.343689 -5.577 3.961 1.0
133.03621403192 -41.69723210077 0.021 0.0245 18.1178 "" "" 5524570085859904640 933.729065 1.0386 0.028 -5.18 3.948 0.03 0.03 1.047 4636.1 4.1607 15.51208 1.620624 16.271776 14.651152 "" "" 907.062317 954.080933 11752.07977 24.528 4233.6 31.407 10932.0 68.885 "" "" 0.0035674674752464225 0.008524125 0.007815973 0.0163401 133.03621403192 -41.69723210077 933.729065 -5.18 3.948000000000001 1.0
132.73192501163 -41.7031545018 0.0184 0.0206 5.4183 "" "" 5524596061821838848 939.209656 1.0286 0.0237 -5.401 4.044 0.025 0.026 1.006 "" "" 15.526356 1.64047 16.298227 14.657757 "" "" 917.507935 957.351135 11598.57235 17.169 4131.7 25.834 10866.0 45.097 "" "" 0.0031897993698767157 0.007339728 0.0058812243 0.013220953 132.73192501163 -41.7031545018 939.209656 -5.401 4.044 1.0
132.77388540778 -42.02598924116 0.0239 0.0258 16.8534 "" "" 5524541395478543744 992.663269 0.9687 0.031 -5.622 3.884 0.031 0.032 1.185 6002.5 4.1438 15.551731 1.956545 16.523626 14.567081 "" "" 958.237488 1028.43738 11330.63741 33.055 3357.1 36.928 11812.0 93.814 "" "" 0.004198143156769917 0.012264659 0.009415058 0.021679718 132.77388540778 -42.02598924116 992.663269 -5.621999999999999 3.884 1.0
132.33369735616 -41.56717254402 0.0213 0.0227 18.1154 "" "" 5525362936821047424 888.491455 1.0815 0.0267 -5.4 4.149 0.029 0.028 1.061 5671.8 4.0875 15.579536 2.147301 16.669722 14.522421 "" "" 867.09967 915.719788 11044.15927 40.729 2934.5 49.871 12308.0 121.76 "" "" 0.004860442597055801 0.018661544 0.011386443 0.030047987 132.33369735616 -41.56717254402 888.491455 -5.4 4.149 1.0
132.6041753902 -41.71696509544 0.0226 0.0275 3.2241 "" "" 5524606816419994624 940.97644 1.031 0.0301 -5.397 3.936 0.031 0.036 1.112 5623.7 4.3249 15.61773 1.709828 16.404604 14.694776 "" "" 914.81604 973.078491 10662.39345 14.887 3746.1 34.676 10501.0 71.326 "" "" 0.0031448065704999333 0.010430302 0.008286689 0.018716991 132.6041753902 -41.71696509544 940.97644 -5.397000000000002 3.936000000000001 1.0
132.94477812518 -41.66384146815 0.0192 0.0228 14.8373 "" "" 5524617467938749056 883.993958 1.0933 0.026 -5.136 4.072 0.025 0.029 0.977 "" "" 15.621311 1.931119 16.577993 14.646874 "" "" 862.247375 902.381714 10627.2823 16.007 3193.1 21.899 10975.0 44.268 "" "" 0.0032040872941891036 0.00795181 0.005784672 0.013736483 132.94477812518 -41.66384146815 883.993958 -5.136000000000001 4.072000000000001 1.0
132.11340964374 -41.18363747014 0.02 0.0233 42.0904 "" "" 5525386267083142272 839.093262 1.1585 0.0265 -4.908 4.101 0.027 0.027 1.024 5197.3 4.5667 15.63775 1.180869 16.147467 14.966598 "" "" 818.808533 858.292603 10467.59086 3.6382 4747.1 11.523 8175.6 10.444 "" "" 0.0027810421412012573 0.00383808 0.004025848 0.007863928 132.11340964374 -41.18363747014 839.093262 -4.908 4.101 0.8
133.35727150063 -41.31447525889 0.0227 0.0256 41.9299 "" "" 5524675707695496448 1006.0108 0.9616 0.0309 -5.904 4.333 0.03 0.029 1.052 5229.7 4.2916 15.727688 1.413506 16.362497 14.948992 "" "" 971.999756 1034.01819 9635.44036 5.3255 3894.2 12.542 8309.2 17.098 "" "" 0.0028199099243659967 0.0044735637 0.0043903426 0.008863906 133.35727150063 -41.31447525889 1006.0108 -5.903999999999999 4.333000000000002 0.8
133.16106827641 -42.13534123125 0.0202 0.0261 32.203 "" "" 5524522463262615424 919.383118 1.0495 0.0265 -5.545 3.464 0.026 0.033 0.973 4751.9 4.156 15.739644 1.794469 16.60429 14.809821 "" "" 898.431396 939.095581 9529.91967 56.002 3116.7 64.426 9445.6 170.92 "" "" 0.006949787476017319 0.022616265 0.020006824 0.042623088 133.16106827641 -42.13534123125 919.383118 -5.544999999999998 3.4639999999999986 0.9
132.58131774622 -41.95143859993 0.0245 0.0237 11.6195 "" "" 5524586883472584704 929.204041 1.0424 0.0299 -5.475 3.705 0.032 0.029 0.954 "" "" 15.748229 1.860876 16.652603 14.791727 "" "" 906.364258 958.426819 9454.86442 37.194 2981.1 45.499 9604.3 126.76 "" "" 0.005082741757154215 0.016804291 0.014819836 0.031624127 132.58131774622 -41.95143859993 929.204041 -5.475 3.705 1.0
132.70619235898 -41.84935189118 0.0231 0.0243 5.9381 "" "" 5524590598617885568 918.504333 1.0522 0.0285 -5.655 3.58 0.03 0.032 1.003 "" "" 15.780893 1.878433 16.706964 14.828531 "" "" 892.828125 940.145325 9174.64835 13.619 2835.5 19.333 9284.2 45.738 "" "" 0.003192070995342484 0.007911129 0.006549311 0.01446044 132.70619235898 -41.84935189118 918.504333 -5.655000000000001 3.580000000000001 1.0
132.56438891439 -41.73414061752 0.0222 0.0232 3.8543 "" "" 5524606747700535680 907.011963 1.0713 0.0278 -5.527 3.941 0.029 0.028 1.019 "" "" 15.803507 1.862665 16.714315 14.85165 "" "" 885.452942 928.945557 8985.53702 12.897 2816.4 17.124 9088.6 42.075 "" "" 0.0031654839481478616 0.0071668234 0.006288702 0.013455525 132.56438891439 -41.73414061752 907.011963 -5.527 3.941 1.0
