Clusters/Alessi_43/Alessi_43_stars_in_region.tsv
# %ECSV 1.0
# ---
# datatype:
# - name: RA_ICRS_1
#   unit: deg
#   datatype: float64
#   format: '{:15.11f}'
#   description: Right ascension (ICRS) at Ep=2016.0 (ra)
#   meta: !!omap
#   - {ucd: POS_EQ_RA_MAIN}
#   - {width: 15}
#   - {precision: '11'}
# - name: DE_ICRS_1
#   unit: deg
#   datatype: float64
#   format: '{:15.11f}'
#   description: Declination (ICRS) at Ep=2016.0 (dec)
#   meta: !!omap
#   - {ucd: POS_EQ_DEC_MAIN}
#   - {width: 15}
#   - {precision: '11'}
# - name: e_RA_ICRS
#   unit: mas
#   datatype: float64
#   format: '{:7.4f}'
#   description: Standard error of right ascension (ra_error)
#   meta: !!omap
#   - {ucd: ERROR}
#   - {width: 7}
#   - {precision: '4'}
# - name: e_DE_ICRS
#   unit: mas
#   datatype: float64
#   format: '{:7.4f}'
#   description: Standard error of declination (dec_error)
#   meta: !!omap
#   - {ucd: ERROR}
#   - {width: 7}
#   - {precision: '4'}
# - name: _r_1
#   unit: ''
#   datatype: float64
#   format: '{:7.4f}'
#   description: Distance from center (132.64130804000-41.76300578000)[ICRS], at Epoch=J2016.0
#   meta: !!omap
#   - {ucd: POS_ANG_DIST_GENERAL}
#   - {width: 7}
#   - {precision: '4'}
# - name: HIP
#   datatype: int32
#   description: '? HIP cross-id number, van Leeuwen, Cat. I/311 (hip_original_ext_source_id)'
#   meta: !!omap
#   - {ucd: ID_NUMBER}
#   - {width: 6}
#   - values: {'null': -2147483648}
# - name: TYC2
#   datatype: string
#   description: Tycho-2 cross-id name, Hog et al., Cat. I/259 (tyc2_original_ext_source_id)
#   meta: !!omap
#   - {ucd: ID_CROSSID}
#   - {_votable_string_dtype: char}
# - name: Source
#   datatype: int64
#   description: Source identifier, identical to the Gaia-EDR3 source_id (id)
#   meta: !!omap
#   - {ucd: ID_MAIN}
#   - {width: 19}
# - name: rgeo
#   unit: pc
#   datatype: float64
#   format: '{:15.8f}'
#   description: '? Median of the geometric distance posterior (r_med_geo)'
#   meta: !!omap
#   - {ucd: PHYS_DISTANCE_TRUE}
#   - {width: 15}
#   - {precision: '8'}
#   - values: {'null': .nan}
# - name: Plx
#   unit: mas
#   datatype: float64
#   format: '{:9.4f}'
#   description: '? Parallax (parallax)'
#   meta: !!omap
#   - {ucd: POS_PARLX_TRIG}
#   - {width: 9}
#   - {precision: '4'}
#   - values: {'null': .nan}
# - name: e_Plx
#   unit: mas
#   datatype: float32
#   format: '{:7.4f}'
#   description: '? Standard error of parallax (parallax_error)'
#   meta: !!omap
#   - {ucd: ERROR}
#   - {width: 7}
#   - {precision: '4'}
#   - values: {'null': .nan}
# - name: pmRA
#   unit: mas / yr
#   datatype: float64
#   format: '{:9.3f}'
#   description: '? Proper motion in right ascension direction, pmRA*cosDE (pmra)'
#   meta: !!omap
#   - {ucd: POS_EQ_PMRA}
#   - {width: 9}
#   - {precision: '3'}
#   - values: {'null': .nan}
# - name: pmDE
#   unit: mas / yr
#   datatype: float64
#   format: '{:9.3f}'
#   description: '? Proper motion in declination direction (pmdec)'
#   meta: !!omap
#   - {ucd: POS_EQ_PMDEC}
#   - {width: 9}
#   - {precision: '3'}
#   - values: {'null': .nan}
# - name: e_pmRA
#   unit: mas / yr
#   datatype: float32
#   format: '{:6.3f}'
#   description: '? Standard error of proper motion in right ascension direction (pmra_error)'
#   meta: !!omap
#   - {ucd: ERROR}
#   - {width: 6}
#   - {precision: '3'}
#   - values: {'null': .nan}
# - name: e_pmDE
[...]
#         unit: &id001 !astropy.units.Unit {unit: deg}
#         value: !astropy.table.SerializedColumn {name: SkyCoord.dec}
#       distance: !astropy.table.SerializedColumn
#         __class__: astropy.coordinates.distances.Distance
#         unit: !astropy.units.Unit {unit: pc}
#         value: !astropy.table.SerializedColumn {name: SkyCoord.distance}
#       frame: icrs
#       obstime: !astropy.time.Time {format: jyear_str, in_subfmt: '*', jd1: 367701545.0, jd2: 0.0, out_subfmt: '*', precision: 3, scale: tt}
#       pm_dec: !astropy.table.SerializedColumn
#         __class__: astropy.units.quantity.Quantity
#         unit: !astropy.units.Unit {unit: mas / yr}
#         value: !astropy.table.SerializedColumn {name: SkyCoord.pm_dec}
#       pm_ra_cosdec: !astropy.table.SerializedColumn
#         __class__: astropy.units.quantity.Quantity
#         unit: !astropy.units.Unit {unit: mas / yr}
#         value: !astropy.table.SerializedColumn {name: SkyCoord.pm_ra_cosdec}
#       ra: !astropy.table.SerializedColumn
#         __class__: astropy.coordinates.angles.Longitude
#         unit: *id001
#         value: !astropy.table.SerializedColumn {name: SkyCoord.ra}
#         wrap_angle: !astropy.coordinates.Angle
#           unit: *id001
#           value: 360.0
#       representation_type: spherical
# schema: astropy-2.0
RA_ICRS_1 DE_ICRS_1 e_RA_ICRS e_DE_ICRS _r_1 HIP TYC2 Source rgeo Plx e_Plx pmRA pmDE e_pmRA e_pmDE RUWE Teff logg Gmag BP-RP BPmag RPmag RV e_RV b_rgeo B_rgeo FG e_FG FBP e_FBP FRP e_FRP RAVE5 RAVE6 e_Gmag e_BPmag e_RPmag e_BP-RP SkyCoord.ra SkyCoord.dec SkyCoord.distance SkyCoord.pm_ra_cosdec SkyCoord.pm_dec
[from data line 639]
133.0347339298 -41.212533822 0.0128 0.0145 37.4639 "" "" 5524644268534451456 811.109009 1.2022 0.0168 -13.603 12.377 0.018 0.018 0.956 5571.1 4.4131 14.526443 0.927971 14.906971 13.979 28.76 4.57 799.291443 825.016357 29131.935 8.8775 14881.0 20.301 20303.0 17.554 "" "" 0.0027751141294901846 0.0031589493 0.0038942187 0.007053168 133.0347339298 -41.212533822 811.109009 -13.603 12.377
133.08476103115 -42.50081542734 0.0138 0.0152 48.4669 "" "" 5524323417296702464 872.909912 1.1115 0.0172 9.211 0.373 0.018 0.019 0.972 5612.7 4.3297 14.52687 0.926346 14.899972 13.973626 21.93 6.83 859.631897 888.3349 29120.49789 5.8901 14977.0 17.115 20404.0 12.205 "" "" 0.0027640580818084613 0.0030535967 0.003834777 0.0068883738 133.08476103115 -42.50081542734 872.909912 9.211000000000002 0.37300000000000044
133.54861553281 -41.46856699023 0.0128 0.0138 44.3676 "" "" 5524658321668141696 916.924133 1.0557 0.0167 -22.619 5.392 0.017 0.017 0.942 5239.3 4.2693 14.528767 1.104512 14.999381 13.894869 77.29 4.84 903.163147 927.603638 29069.68173 5.3873 13667.0 23.601 21939.0 19.664 "" "" 0.002762657401379354 0.0033615998 0.0039026588 0.0072642583 133.54861553281 -41.46856699023 916.924133 -22.619 5.392000000000003
131.8543081949 -42.43956287213 0.0121 0.015 53.6213 "" "" 5524187249653518720 867.556641 1.1204 0.0156 -17.224 20.931 0.016 0.018 1.068 5418.3 4.3506 14.531423 1.004263 14.949845 13.945582 64.04 4.3 851.870483 880.025452 28998.64957 5.4831 14305.0 17.505 20938.0 22.017 "" "" 0.0027629575347041884 0.0030903497 0.00394806 0.00703841 131.8543081949 -42.43956287213 867.556641 -17.224 20.931
132.73281011045 -41.15614520723 0.0121 0.0145 36.6433 "" "" 5525398018113775744 845.027588 1.1531 0.0162 -7.705 2.6 0.016 0.019 1.063 5760.6 4.3828 14.532902 0.921094 14.904307 13.983213 26.43 5.58 833.68103 856.273499 28959.17349 12.631 14917.0 24.996 20224.0 24.604 "" "" 0.00279571982759482 0.0033309215 0.004003554 0.0073344754 132.73281011045 -41.15614520723 845.027588 -7.704999999999999 2.6000000000000005
132.75302513417 -42.57602626697 0.0136 0.0149 49.0335 "" "" 5524135263368957696 969.911133 0.9974 0.0175 -6.423 10.406 0.018 0.018 0.993 6035.1 4.1104 14.534469 1.0686 14.979234 13.910634 28.0 8.83 955.756165 985.87262 28917.40775 6.7534 13923.0 16.445 21622.0 21.488 "" "" 0.002766962965012003 0.0030707673 0.003930392 0.0070011597 132.75302513417 -42.57602626697 969.911133 -6.423 10.406000000000002
133.47756275904 -42.36548920972 0.0142 0.0159 51.9061 "" "" 5524339802593667968 1088.72144 0.8843 0.0183 -4.082 -0.957 0.019 0.02 1.047 5069.8 3.4549 14.535083 2.220301 15.696511 13.476211 11.08 2.22 1067.09424 1110.33264 28901.05979 9.5181 7191.4 15.056 32261.0 34.97 "" "" 0.0027784250084153294 0.0035988996 0.003958388 0.007557288 133.47756275904 -42.36548920972 1088.72144 -4.082 -0.9570000000000003
131.63175258769 -41.69568320207 0.0135 0.0142 45.3856 "" "" 5524992298321836544 862.723694 1.1216 0.0169 6.611 -1.573 0.019 0.019 1.002 5767.2 4.3511 14.547179 0.907762 14.91279 14.005029 -3.88 8.08 851.512146 873.480347 28580.835 5.6884 14801.0 23.396 19822.0 25.288 "" "" 0.0027637809843657807 0.0032757418 0.0040252106 0.0073009524 131.63175258769 -41.69568320207 862.723694 6.610999999999999 -1.5730000000000004
133.36186756857 -41.45641364169 0.012 0.0145 37.1927 "" "" 5524672271721679104 751.841736 1.2927 0.0163 -13.445 16.632 0.015 0.018 0.985 5412.6 4.4493 14.548164 0.955043 14.937283 13.982241 52.05 2.97 743.290161 761.485168 28554.92336 5.5432 14471.0 11.708 20242.0 27.122 "" "" 0.0027633697518494173 0.0029251822 0.0040496998 0.006974882 133.36186756857 -41.45641364169 751.841736 -13.444999999999999 16.632
131.87452878037 -41.19499527302 0.0146 0.0165 48.4717 "" "" 5525427872426982400 888.843384 1.0829 0.0191 -7.315 8.623 0.019 0.019 0.986 7485.4 4.3751 14.550645 1.268629 15.102327 13.833698 10.13 6.25 875.127075 903.235474 28489.76802 6.6954 12430.0 23.428 23210.0 18.313 "" "" 0.0027671096534370595 0.0034601677 0.003875254 0.0073354216 131.87452878037 -41.19499527302 888.843384 -7.315 8.623000000000001
132.56352940855 -41.0721411922 0.0122 0.0136 41.5993 "" "" 5525397365278490496 996.293274 0.965 0.0156 -3.817 6.521 0.016 0.017 0.995 7478.0 4.1171 14.554297 1.279938 15.108508 13.82857 36.13 5.55 979.387207 1013.21503 28394.08155 5.8086 12360.0 13.791 23320.0 13.441 "" "" 0.002764257986267755 0.003041814 0.0038308403 0.0068726544 132.56352940855 -41.0721411922 996.293274 -3.8170000000000006 6.520999999999999
132.37869440854 -41.02233131725 0.0134 0.0143 45.9856 "" "" 5525410147101200640 925.276794 1.0468 0.0168 3.307 -1.726 0.018 0.018 0.982 6852.8 4.2263 14.558023 1.255582 15.10112 13.845538 23.54 7.56 910.760437 942.044006 28296.79324 5.5459 12444.0 13.691 22958.0 20.802 "" "" 0.002763525038261373 0.003035122 0.003905322 0.006940444 132.37869440854 -41.02233131725 925.276794 3.307000000000001 -1.7259999999999998
133.67967380147 -41.65056880659 0.0126 0.0143 46.9985 "" "" 5524652721030667904 1052.96814 0.9127 0.0168 1.088 8.683 0.016 0.018 0.977 6528.0 3.9918 14.55881 1.466796 15.225257 13.758461 -33.48 5.17 1035.43665 1076.5636 28276.30163 6.881 11100.0 13.564 24876.0 13.962 "" "" 0.0027679591068420655 0.0030895493 0.003828195 0.006917744 133.67967380147 -41.65056880659 1052.96814 1.088 8.683
132.53892699714 -41.90693401125 0.0135 0.0142 9.7736 "" "" 5524587231369193216 906.244568 1.0641 0.017 -2.546 -3.284 0.017 0.018 1.013 5520.5 4.2959 14.564486 1.013047 14.985895 13.972848 23.22 5.26 893.631836 920.710632 28128.88189 5.5398 13838.0 15.566 20418.0 14.498 "" "" 0.0027636049112206382 0.003045761 0.0038572103 0.0069029713 132.53892699714 -41.90693401125 906.244568 -2.546 -3.284
132.11527026826 -41.85681331821 0.013 0.0167 24.1892 "" "" 5524977970310888832 764.608398 1.2722 0.0177 -11.603 4.91 0.018 0.021 1.105 5107.8 4.3404 14.565475 1.029079 14.99295 13.963871 7.77 5.25 754.143555 775.502319 28103.26602 4.8016 13748.0 19.885 20588.0 12.67 "" "" 0.0027615577434278843 0.0032017503 0.0038379915 0.0070397416 132.11527026826 -41.85681331821 764.608398 -11.602999999999998 4.910000000000001
131.85828129793 -41.14892934677 0.055 0.0599 50.9637 "" "" 5525431003462542592 847.313599 1.188 0.0726 -6.086 4.626 0.073 0.07 3.759 "" "" 14.567496 1.41591 15.173143 13.757234 18.51 9.79 794.751709 908.746643 28050.98516 36.54 11646.0 52.225 24904.0 67.378 "" "" 0.0030971056660427814 0.0056116576 0.0047866954 0.0103983525 131.85828129793 -41.14892934677 847.313599 -6.086000000000002 4.626000000000001
132.18732006594 -41.00537090609 0.014 0.0157 49.8408 "" "" 5525459345947635200 915.588318 1.0571 0.0185 -5.586 0.91 0.019 0.019 1.018 "" "" 14.572874 1.230206 15.105474 13.875267 48.79 7.58 898.47467 932.696045 27912.39686 6.116 12394.0 14.536 22338.0 14.93 "" "" 0.0027655715276670425 0.0030670087 0.0038484186 0.0069154273 132.18732006594 -41.00537090609 915.588318 -5.586 0.9100000000000005
133.16003773963 -42.16344013174 0.0159 0.0202 33.3592 "" "" 5524522222744671744 1112.37061 0.8734 0.0209 -8.1 6.636 0.021 0.027 1.244 6901.5 3.9738 14.573909 1.475745 15.028398 13.552652 17.8 5.77 1082.67542 1137.8335 27885.80079 13.521 13306.0 139.64 30067.0 352.78 "" "" 0.0028051612972648282 0.011730921 0.013287887 0.025018808 133.16003773963 -42.16344013174 1112.37061 -8.1 6.636000000000002
132.30317258742 -41.57174256191 0.0129 0.0137 19.0101 "" "" 5525357782860223232 936.413025 1.0316 0.0164 -5.74 4.358 0.017 0.017 1.054 5349.0 3.6703 14.576048 1.664341 15.357891 13.69355 "" "" 923.964905 949.623413 27830.92854 59.277 9823.4 77.201 26408.0 271.44 "" "" 0.0035971478394379057 0.008977286 0.011782547 0.020759832 132.30317258742 -41.57174256191 936.413025 -5.74 4.3580000000000005
133.00389649662 -41.95325920641 0.013 0.0154 19.8205 "" "" 5524539780570745088 1080.15417 0.8898 0.0172 -2.866 4.905 0.017 0.018 0.959 6644.0 4.0451 14.579654 1.191907 15.089584 13.897677 37.37 5.89 1059.48608 1103.39026 27738.65199 6.1666 12577.0 16.736 21882.0 13.537 "" "" 0.0027658722449123464 0.0031420393 0.0038386034 0.0069806427 133.00389649662 -41.95325920641 1080.15417 -2.866000000000001 4.905000000000001
132.58133860892 -40.86660463439 0.0147 0.0173 53.8519 "" "" 5525417186548864896 848.052246 1.1455 0.0193 -2.468 -1.807 0.02 0.022 1.192 5114.4 4.2537 14.580202 1.227856 15.117118 13.889262 5.8 5.87 834.252441 863.669983 27724.63475 7.8802 12262.0 18.673 22052.0 22.427 "" "" 0.0027725481529357926 0.0032432652 0.0039373827 0.007180648 132.58133860892 -40.86660463439 848.052246 -2.468 -1.8070000000000002
132.95092378926 -41.72840564987 0.0156 0.0177 14.015 "" "" 5524615612513277568 1066.2832 0.9044 0.0204 -5.078 -5.988 0.022 0.023 1.23 6345.9 4.1104 14.583379 1.202328 15.099294 13.896966 31.96 7.42 1040.27197 1088.0686 27643.6406 5.3612 12465.0 14.398 21896.0 14.188 "" "" 0.0027633544865400496 0.0030590568 0.0038443045 0.0069033615 132.95092378926 -41.72840564987 1066.2832 -5.078000000000001 -5.988
133.53345676579 -41.33456820936 0.0123 0.0141 47.5986 "" "" 5524677666200560640 775.77417 1.2493 0.0164 -7.343 4.499 0.016 0.016 0.953 5043.1 4.339 14.584231 1.086677 15.046531 13.959854 35.86 5.69 765.931335 787.190125 27621.94786 4.655 13086.0 19.398 20664.0 17.193 "" "" 0.002761388950807816 0.0032210774 0.0038858447 0.007106922 133.53345676579 -41.33456820936 775.77417 -7.343 4.499
133.11890394307 -41.25204735921 0.0127 0.0149 37.4216 "" "" 5524725975994104576 803.841309 1.2052 0.0171 -7.028 4.718 0.018 0.019 1.007 5277.4 4.3768 14.585202 1.072878 15.040627 13.967749 27.22 6.24 793.731567 815.708557 27597.24445 5.1031 13157.0 13.037 20514.0 15.933 "" "" 0.0027626249924986314 0.0029903955 0.0038723182 0.006862714 133.11890394307 -41.25204735921 803.841309 -7.027999999999999 4.718
132.78029740027 -41.25532807384 0.0131 0.0154 31.0942 "" "" 5524646089600715136 807.652588 1.1977 0.0177 -4.98 -0.978 0.019 0.021 1.051 5399.1 4.4037 14.586121 0.936666 14.971689 14.035023 23.82 5.26 798.607483 819.651367 27573.92538 5.9334 14020.0 15.524 19282.0 17.317 "" "" 0.0027652075090433864 0.0030381498 0.0039031433 0.0069412934 132.78029740027 -41.25532807384 807.652588 -4.9799999999999995 -0.978
132.42917623586 -41.17773722212 0.012 0.0132 36.3881 "" "" 5525395303694252032 821.652771 1.1821 0.0154 -8.948 5.762 0.016 0.017 0.982 5724.3 4.4001 14.586251 0.942509 14.957819 14.01531 22.4 10.45 811.877686 833.34137 27570.59431 12.641 14200.0 42.915 19635.0 55.796 "" "" 0.0027999285017975043 0.0043071955 0.0048788073 0.009186003 132.42917623586 -41.17773722212 821.652771 -8.948000000000002 5.762
133.53515526031 -41.27981138108 0.025 0.0373 49.5258 "" "" 5524678078517408640 920.885742 1.0571 0.0343 5.449 -2.109 0.035 0.047 1.959 "" "" 14.590112 0.993198 14.590702 13.597504 -18.32 8.17 887.711731 949.862854 27472.7477 22.282 19913.0 248.82 28851.0 415.43 "" "" 0.002892617765358565 0.013850606 0.016084021 0.029934626 133.53515526031 -41.27981138108 920.885742 5.449000000000001 -2.109
133.31269039918 -41.16645585771 0.0125 0.0159 46.8224 "" "" 5524724631662010112 1099.32043 0.8742 0.018 -11.587 12.324 0.017 0.018 0.953 6313.7 3.9848 14.591243 1.379719 15.207939 13.82822 37.96 4.89 1076.62476 1119.36035 27444.15229 5.4861 11278.0 14.428 23328.0 18.12 "" "" 0.002763855174081866 0.0031167828 0.0038723324 0.006989115 133.31269039918 -41.16645585771 1099.32043 -11.587 12.324
132.95848839802 -41.35601480228 0.0128 0.014 28.2682 "" "" 5524630146682086016 792.585938 1.2313 0.0166 -12.87 6.625 0.018 0.018 0.92 5437.1 4.4436 14.59326 0.900921 14.96224 14.061319 64.22 8.03 783.778381 800.693298 27393.20257 5.4249 14142.0 16.512 18820.0 15.9 "" "" 0.002763697127199522 0.003064651 0.003889104 0.006953755 132.95848839802 -41.35601480228 792.585938 -12.869999999999997 6.625
131.74994524954 -41.64270580432 0.0139 0.015 40.5767 "" "" 5524997967678640768 819.185181 1.1905 0.0174 -1.617 0.338 0.019 0.019 0.969 5733.0 4.4471 14.597847 0.883844 14.954349 14.070505 -8.25 6.45 808.27356 830.360168 27277.70419 6.388 14245.0 15.767 18662.0 11.116 "" "" 0.002767027024324383 0.003037965 0.0038343149 0.0068722796 131.74994524954 -41.64270580432 819.185181 -1.617 0.33799999999999997
133.67418713833 -42.07660792104 0.0296 0.0338 49.8035 "" "" 5524362140721336192 798.947571 1.2189 0.0377 -11.769 7.565 0.04 0.045 2.244 5018.7 4.3761 14.598945 1.034793 15.0332 13.998407 29.96 7.09 780.390137 824.613708 27250.15322 5.4194 13248.0 15.259 19943.0 12.613 "" "" 0.0027637680430994565 0.0030575998 0.0038412565 0.0068988563 133.67418713833 -42.07660792104 798.947571 -11.769 7.565000000000001
131.92701143755 -41.89177379256 0.0122 0.014 32.857 "" "" 5524979997535484800 879.564026 1.1038 0.0158 -9.43 2.817 0.016 0.017 1.017 5866.0 4.3426 14.600107 0.974151 14.999536 14.025385 30.41 4.32 866.765015 895.674683 27220.99455 4.6903 13665.0 18.829 19454.0 15.451 "" "" 0.002761663863292094 0.0031659391 0.0038765108 0.00704245 131.92701143755 -41.89177379256 879.564026 -9.43 2.8169999999999997
132.46895404908 -41.10027051339 0.0126 0.0155 40.5129 "" "" 5525397056040878848 835.815674 1.1634 0.0165 -4.162 -13.965 0.016 0.02 1.022 5801.6 4.3935 14.601375 0.945485 14.987925 14.042439 57.85 9.84 825.603027 848.229736 27189.23335 4.7755 13812.0 13.421 19151.0 15.181 "" "" 0.002761911500349531 0.002982964 0.003876141 0.006859105 132.46895404908 -41.10027051339 835.815674 -4.162 -13.965
131.8515859547 -41.24115137046 0.0125 0.0158 47.3252 "" "" 5525426261818665984 994.026611 0.9769 0.0173 -6.693 6.432 0.018 0.019 0.958 "" "" 14.601665 1.40822 15.230743 13.822523 "" "" 976.790283 1011.56018 27181.97138 5.7012 11044.0 16.962 23450.0 19.832 "" "" 0.0027647147815475464 0.0032504955 0.0038893265 0.007139822 131.8515859547 -41.24115137046 994.026611 -6.692999999999999 6.4319999999999995
133.43140037585 -42.13765365678 0.0146 0.0165 41.8128 "" "" 5524357880114965632 948.856812 1.0198 0.0185 -17.029 18.943 0.021 0.02 1.198 5303.4 4.177 14.609548 1.234977 15.129 13.894023 38.41 4.86 931.450989 963.758667 26985.33462 4.9494 12129.0 28.328 21956.0 48.076 "" "" 0.0027625069082232254 0.003770323 0.0044649392 0.008235263 133.43140037585 -42.13765365678 948.856812 -17.029 18.943
133.19901246318 -41.52339287055 0.0127 0.0162 28.8444 "" "" 5524578740212079232 893.598083 1.0808 0.0184 -10.066 8.074 0.016 0.018 1.046 5739.2 4.1642 14.61041 1.193265 15.120405 13.92714 28.29 4.72 877.006958 908.815369 26963.91039 5.1681 12225.0 12.361 21296.0 25.843 "" "" 0.0027631675772705885 0.0029983737 0.0040024593 0.007000833 133.19901246318 -41.52339287055 893.598083 -10.066 8.074000000000002
133.16611104517 -41.03052436653 0.0123 0.0155 49.8941 "" "" 5524740716321747968 829.66156 1.1641 0.0171 -9.209 1.157 0.015 0.018 0.917 5727.7 4.4221 14.611053 0.901008 14.97643 14.075422 4.38 4.37 819.759705 843.933289 26947.93258 5.4111 13959.0 19.754 18578.0 12.93 "" "" 0.002763931893303005 0.003185247 0.003854185 0.0070394324 133.16611104517 -41.03052436653 829.66156 -9.209 1.157
131.67000063301 -41.30492125668 0.0116 0.015 51.5609 "" "" 5525053424296105856 803.803589 1.2116 0.0161 -9.223 -7.647 0.015 0.02 1.004 5716.1 4.4453 14.612394 0.910355 14.981086 14.070731 38.85 7.54 794.516174 815.951355 26914.66044 5.1576 13899.0 15.535 18658.0 10.609 "" "" 0.002763164356043425 0.0030426492 0.0038294715 0.006872121 131.67000063301 -41.30492125668 803.803589 -9.222999999999999 -7.647
132.1238383398 -41.06650281608 0.0292 0.0308 47.8388 "" "" 5525435332789503744 991.428284 0.9724 0.0367 -10.068 5.885 0.038 0.035 2.168 5425.8 4.1854 14.612669 1.151817 15.103522 13.951705 29.27 11.85 955.621826 1028.59033 26907.86419 5.3666 12417.0 16.229 20820.0 13.637 "" "" 0.0027638162579808135 0.003130298 0.0038457073 0.0069760056 132.1238383398 -41.06650281608 991.428284 -10.068 5.885
