Clusters/Alessi_43/Alessi_43_runaways_all.tsv
# %ECSV 1.0
# ---
# datatype:
# - name: RA_ICRS_1
#   unit: deg
#   datatype: float64
#   format: '{:15.11f}'
#   description: Right ascension (ICRS) at Ep=2016.0 (ra)
#   meta: !!omap
#   - {ucd: POS_EQ_RA_MAIN}
#   - {width: 15}
#   - {precision: '11'}
# - name: DE_ICRS_1
#   unit: deg
#   datatype: float64
#   format: '{:15.11f}'
#   description: Declination (ICRS) at Ep=2016.0 (dec)
#   meta: !!omap
#   - {ucd: POS_EQ_DEC_MAIN}
#   - {width: 15}
#   - {precision: '11'}
# - name: e_RA_ICRS
#   unit: mas
#   datatype: float64
#   format: '{:7.4f}'
#   description: Standard error of right ascension (ra_error)
#   meta: !!omap
#   - {ucd: ERROR}
#   - {width: 7}
#   - {precision: '4'}
# - name: e_DE_ICRS
#   unit: mas
#   datatype: float64
#   format: '{:7.4f}'
#   description: Standard error of declination (dec_error)
#   meta: !!omap
#   - {ucd: ERROR}
#   - {width: 7}
#   - {precision: '4'}
# - name: _r_1
#   unit: ''
#   datatype: float64
#   format: '{:7.4f}'
#   description: Distance from center (132.64130804000-41.76300578000)[ICRS], at Epoch=J2016.0
#   meta: !!omap
#   - {ucd: POS_ANG_DIST_GENERAL}
#   - {width: 7}
#   - {precision: '4'}
# - name: HIP
#   datatype: int32
#   description: '? HIP cross-id number, van Leeuwen, Cat. I/311 (hip_original_ext_source_id)'
#   meta: !!omap
#   - {ucd: ID_NUMBER}
#   - {width: 6}
#   - values: {'null': -2147483648}
# - name: TYC2
#   datatype: string
#   description: Tycho-2 cross-id name, Hog et al., Cat. I/259 (tyc2_original_ext_source_id)
#   meta: !!omap
#   - {ucd: ID_CROSSID}
#   - {_votable_string_dtype: char}
# - name: Source
#   datatype: int64
#   description: Source identifier, identical to the Gaia-EDR3 source_id (id)
#   meta: !!omap
#   - {ucd: ID_MAIN}
#   - {width: 19}
# - name: rgeo
#   unit: pc
#   datatype: float64
#   format: '{:15.8f}'
#   description: '? Median of the geometric distance posterior (r_med_geo)'
#   meta: !!omap
#   - {ucd: PHYS_DISTANCE_TRUE}
#   - {width: 15}
#   - {precision: '8'}
#   - values: {'null': .nan}
# - name: Plx
#   unit: mas
#   datatype: float64
#   format: '{:9.4f}'
#   description: '? Parallax (parallax)'
#   meta: !!omap
#   - {ucd: POS_PARLX_TRIG}
#   - {width: 9}
#   - {precision: '4'}
#   - values: {'null': .nan}
# - name: e_Plx
#   unit: mas
#   datatype: float32
#   format: '{:7.4f}'
#   description: '? Standard error of parallax (parallax_error)'
#   meta: !!omap
#   - {ucd: ERROR}
#   - {width: 7}
#   - {precision: '4'}
#   - values: {'null': .nan}
# - name: pmRA
#   unit: mas / yr
#   datatype: float64
#   format: '{:9.3f}'
#   description: '? Proper motion in right ascension direction, pmRA*cosDE (pmra)'
#   meta: !!omap
#   - {ucd: POS_EQ_PMRA}
#   - {width: 9}
#   - {precision: '3'}
#   - values: {'null': .nan}
# - name: pmDE
#   unit: mas / yr
#   datatype: float64
#   format: '{:9.3f}'
#   description: '? Proper motion in declination direction (pmdec)'
#   meta: !!omap
#   - {ucd: POS_EQ_PMDEC}
#   - {width: 9}
#   - {precision: '3'}
#   - values: {'null': .nan}
# - name: e_pmRA
#   unit: mas / yr
#   datatype: float32
#   format: '{:6.3f}'
#   description: '? Standard error of proper motion in right ascension direction (pmra_error)'
#   meta: !!omap
#   - {ucd: ERROR}
#   - {width: 6}
#   - {precision: '3'}
#   - values: {'null': .nan}
# - name: e_pmDE
[...]
#         value: !astropy.table.SerializedColumn {name: SkyCoord.dec}
#       distance: !astropy.table.SerializedColumn
#         __class__: astropy.coordinates.distances.Distance
#         unit: !astropy.units.Unit {unit: pc}
#         value: !astropy.table.SerializedColumn {name: SkyCoord.distance}
#       frame: icrs
#       obstime: !astropy.time.Time {format: jyear_str, in_subfmt: '*', jd1: 367701545.0, jd2: 0.0, out_subfmt: '*', precision: 3, scale: tt}
#       pm_dec: !astropy.table.SerializedColumn
#         __class__: astropy.units.quantity.Quantity
#         unit: !astropy.units.Unit {unit: mas / yr}
#         value: !astropy.table.SerializedColumn {name: SkyCoord.pm_dec}
#       pm_ra_cosdec: !astropy.table.SerializedColumn
#         __class__: astropy.units.quantity.Quantity
#         unit: !astropy.units.Unit {unit: mas / yr}
#         value: !astropy.table.SerializedColumn {name: SkyCoord.pm_ra_cosdec}
#       ra: !astropy.table.SerializedColumn
#         __class__: astropy.coordinates.angles.Longitude
#         unit: *id001
#         value: !astropy.table.SerializedColumn {name: SkyCoord.ra}
#         wrap_angle: !astropy.coordinates.Angle
#           unit: *id001
#           value: 360.0
#       representation_type: spherical
# schema: astropy-2.0
RA_ICRS_1 DE_ICRS_1 e_RA_ICRS e_DE_ICRS _r_1 HIP TYC2 Source rgeo Plx e_Plx pmRA pmDE e_pmRA e_pmDE RUWE Teff logg Gmag BP-RP BPmag RPmag RV e_RV b_rgeo B_rgeo FG e_FG FBP e_FBP FRP e_FRP RAVE5 RAVE6 e_Gmag e_BPmag e_RPmag e_BP-RP SkyCoord.ra SkyCoord.dec SkyCoord.distance SkyCoord.pm_ra_cosdec SkyCoord.pm_dec rmRA rmDE v_pec "Temp. Est"
[from data line 35]
131.99037164486 -41.14500182863 0.0135 0.015 47.2416 "" "" 5525433339924727168 846.746338 1.1421 0.0175 -15.519 20.238 0.018 0.018 0.955 5486.7 4.3408 14.51176 0.991731 14.921353 13.929623 73.05 5.64 833.676514 860.264954 29528.60591 5.468 14685.0 20.386 21248.0 15.826 "" "" 0.0027626457578219248 0.003171249 0.0038649312 0.0070361802 131.99037164486 -41.14500182863 846.746338 -15.518999999999998 20.238 -9.988279289245606 16.31808074760437 76.78903226996556 5486.7
132.76737438722 -42.04109127745 0.0129 0.0143 17.6093 "" "" 5524540536485092224 807.907349 1.2043 0.0167 0.626 4.636 0.016 0.018 0.959 5366.0 4.4014 14.518669 0.927612 14.90057 13.972958 76.74 11.51 795.522278 818.764709 29341.29313 5.5848 14969.0 25.135 20416.0 20.989 "" "" 0.0027630593588562004 0.0033329776 0.0039407676 0.0072737453 132.76737438722 -42.04109127745 807.907349 0.6259999999999997 4.636 6.156720710754395 0.7160807476043702 23.735980259467024 5366.0
132.53892699714 -41.90693401125 0.0135 0.0142 9.7736 "" "" 5524587231369193216 906.244568 1.0641 0.017 -2.546 -3.284 0.017 0.018 1.013 5520.5 4.2959 14.564486 1.013047 14.985895 13.972848 23.22 5.26 893.631836 920.710632 28128.88189 5.5398 13838.0 15.566 20418.0 14.498 "" "" 0.0027636049112206382 0.003045761 0.0038572103 0.0069029713 132.53892699714 -41.90693401125 906.244568 -2.546 -3.284 2.9847207107543947 -7.20391925239563 33.496038060686075 5520.5
132.95092378926 -41.72840564987 0.0156 0.0177 14.015 "" "" 5524615612513277568 1066.2832 0.9044 0.0204 -5.078 -5.988 0.022 0.023 1.23 6345.9 4.1104 14.583379 1.202328 15.099294 13.896966 31.96 7.42 1040.27197 1088.0686 27643.6406 5.3612 12465.0 14.398 21896.0 14.188 "" "" 0.0027633544865400496 0.0030590568 0.0038443045 0.0069033615 132.95092378926 -41.72840564987 1066.2832 -5.078000000000001 -5.988 0.45272071075439424 -9.90791925239563 50.12867915025306 6345.9
132.65685013079 -41.72184647814 0.0128 0.0152 2.5657 "" "" 5524596508498469504 1008.42773 0.956 0.0176 -4.237 8.352 0.017 0.019 0.994 6651.1 4.1874 14.659407 1.286278 15.223473 13.937195 19.25 5.61 990.099548 1027.04102 25774.13068 5.3113 11118.0 13.275 21100.0 13.327 "" "" 0.0027643893368710344 0.0030766292 0.0038410935 0.0069177225 132.65685013079 -41.72184647814 1008.42773 -4.237000000000002 8.352 1.2937207107543944 4.43208074760437 22.06920576981366 6651.1
132.75293279254 -41.88610971242 0.0148 0.0161 8.9143 "" "" 5524589567832035584 959.003723 1.0115 0.0185 -1.62 3.075 0.02 0.021 1.067 6095.5 4.0372 14.710987 1.227273 15.238056 14.010783 33.08 5.39 942.817871 973.817261 24578.29753 5.5502 10970.0 13.369 19717.0 11.974 "" "" 0.0027662070708557524 0.0030880147 0.0038364674 0.006924482 132.75293279254 -41.88610971242 959.003723 -1.62 3.075 3.9107207107543944 -0.8449192523956297 18.187042682719596 6095.5
133.50740483154 -42.13832490675 0.0132 0.0149 44.7298 "" "" 5524355337493304832 927.842285 1.0446 0.0172 9.759 -16.466 0.018 0.019 1.05 15014.8 4.5993 14.726832 1.66175 15.50636 13.84461 31.15 5.81 913.74408 946.446045 24222.21574 8.6851 8567.9 18.937 22978.0 25.086 "" "" 0.002782686556826221 0.003680179 0.003960904 0.007641083 133.50740483154 -42.13832490675 927.842285 9.759 -16.466 15.289720710754395 -20.38591925239563 112.07163078207608 15014.8
132.54753731159 -41.5678110364 0.0208 0.0242 12.443 "" "" 5524612928154761600 919.677429 1.0489 0.0276 4.533 -10.603 0.029 0.033 1.604 "" "" 14.752354 1.070173 15.203974 14.1338 21.31 7.37 896.474182 941.459045 23659.49205 4.7575 11320.0 16.748 17605.0 11.173 "" "" 0.0027639562124506353 0.0032195367 0.0038416837 0.0070612207 132.54753731159 -41.5678110364 919.677429 4.533 -10.603 10.063720710754396 -14.52291925239563 77.02397152187952 ""
132.59404826891 -42.02872588889 0.0148 0.0155 16.0823 "" "" 5524583176920725120 811.726135 1.1977 0.0183 -2.219 -10.297 0.02 0.021 0.993 5368.0 4.4522 14.767183 0.950105 15.158845 14.20874 "" "" 801.445984 824.978882 23338.5266 5.1542 11800.0 16.651 16431.0 12.198 "" "" 0.002765733832931837 0.003183132 0.0038643763 0.0070475084 132.59404826891 -42.02872588889 811.726135 -2.2189999999999994 -10.297 3.3117207107543947 -14.21691925239563 56.16524529298047 5368.0
132.50455156265 -41.46120642602 0.0143 0.015 19.1189 "" "" 5524614719159767168 881.855469 1.0952 0.018 -15.056 18.506 0.018 0.02 0.994 5669.3 4.377 14.809184 1.049717 15.247024 14.197307 32.45 5.35 871.809387 893.404053 22452.92671 4.6448 10879.0 9.7954 16605.0 14.062 "" "" 0.0027644595432772087 0.002956473 0.0038896184 0.0068460917 132.50455156265 -41.46120642602 881.855469 -15.056 18.506 -9.525279289245605 14.58608074760437 72.81890648033044 5669.3
132.64178962859 -41.75456738497 0.0143 0.0157 0.5068 "" "" 5524594790511566208 831.681763 1.1655 0.0186 -7.79 8.241 0.019 0.02 0.957 5438.8 4.4343 14.819119 0.9893 15.23001 14.24071 "" "" 816.760986 846.417603 22248.4327 7.0304 11051.0 15.363 15954.0 15.742 "" "" 0.002776598357233086 0.003172267 0.003928286 0.0071005533 132.64178962859 -41.75456738497 831.681763 -7.790000000000001 8.241000000000001 -2.2592792892456055 4.32108074760437 19.22231379559731 5438.8
132.92636518817 -41.95489546181 0.0157 0.0176 17.1705 "" "" 5524542907306960512 919.093689 1.0583 0.0197 -11.212 0.137 0.02 0.022 1.027 5670.8 4.369 14.854449 1.108025 15.323011 14.214987 "" "" 902.518127 932.928894 21536.09921 5.0336 10144.0 15.33 16337.0 12.953 "" "" 0.0027669816282939685 0.0032368645 0.0038761802 0.0071130446 132.92636518817 -41.95489546181 919.093689 -11.212 0.137000000000001 -5.681279289245605 -3.78291925239563 29.73530656918678 5670.8
132.77847032139 -42.08281720514 0.0149 0.0168 20.142 "" "" 5524540227247458432 962.865784 1.0002 0.0189 3.966 -0.526 0.019 0.02 0.939 5534.9 4.2633 14.856678 1.013825 15.271725 14.257899 "" "" 946.668701 981.840759 21491.93578 4.5772 10635.0 14.374 15704.0 17.028 "" "" 0.002765005935368335 0.0031525337 0.0039584977 0.0071110316 132.77847032139 -42.08281720514 962.865784 3.966 -0.526 9.496720710754396 -4.44591925239563 47.85743512302223 5534.9
132.40581161721 -41.60645821872 0.0146 0.0154 14.1272 "" "" 5524612034801507072 917.884094 1.0522 0.0186 -8.94 11.121 0.019 0.019 1.005 5153.9 4.2615 14.918937 1.210552 15.442487 14.231935 28.59 5.55 906.714539 933.409851 20294.19917 4.325 9087.0 9.9374 16084.0 11.437 "" "" 0.0027650188489106334 0.0030322985 0.0038574317 0.00688973 132.40581161721 -41.60645821872 917.884094 -8.940000000000003 11.120999999999999 -3.409279289245605 7.201080747604371 34.66413489630573 5153.9
132.649394418 -41.85872099363 0.0161 0.0172 5.7543 "" "" 5524593106884416640 978.742249 0.9853 0.0206 -14.173 8.236 0.022 0.021 0.962 5757.4 4.375 15.007711 1.14111 15.493242 14.352132 "" "" 961.756226 998.020386 18700.88191 4.184 8672.0 13.906 14398.0 10.382 "" "" 0.002766007409091899 0.0032888064 0.003859618 0.007148424 132.649394418 -41.85872099363 978.742249 -14.173000000000002 8.236 -8.642279289245606 4.316080747604371 44.815508477021645 5757.4
132.34723405656 -41.71332153203 0.0522 0.0567 13.4994 "" "" 5524605201512357888 790.131348 1.2399 0.0679 -17.769 11.096 0.073 0.077 3.368 5281.6 4.6426 15.023677 1.042556 15.427203 14.384647 "" "" 751.560242 837.646667 18427.90778 17.373 9215.9 24.654 13973.0 31.042 "" "" 0.0029393046125367967 0.0040275636 0.0044834875 0.008511052 132.34723405656 -41.71332153203 790.131348 -17.769 11.096 -12.238279289245604 7.17608074760437 53.13355812736049 5281.6
132.9164010957 -41.71280709283 0.0162 0.0175 12.6794 "" "" 5524615784311600768 988.709167 0.9785 0.0209 -22.444 9.406 0.022 0.022 0.988 5384.1 4.2793 15.039778 1.200324 15.557006 14.356682 "" "" 970.362915 1008.50391 18156.64666 4.3848 8177.4 13.812 14338.0 10.694 "" "" 0.002767768066669272 0.0033388743 0.0038651647 0.007204039 132.9164010957 -41.71280709283 988.709167 -22.444000000000003 9.406000000000002 -16.913279289245605 5.486080747604371 83.32929050878002 5384.1
131.98554571492 -41.52284250941 0.019 0.0226 32.7441 "" "" 5525372626267231488 855.563354 1.1255 0.0254 -13.942 15.392 0.026 0.029 1.171 5728.0 4.4361 15.098863 1.200476 15.60845 14.407974 "" "" 839.807434 873.414429 17194.97376 5.4011 7799.0 19.328 13676.0 13.12 "" "" 0.0027763460730613893 0.0038762288 0.003920287 0.0077965157 131.98554571492 -41.52284250941 855.563354 -13.942 15.392 -8.411279289245606 11.47208074760437 57.68873022422202 5728.0
132.56398572706 -41.96932607937 0.017 0.0182 12.8523 "" "" 5524586509815071872 1040.08569 0.9256 0.0212 -9.996 13.02 0.022 0.023 0.938 5423.1 4.2704 15.103457 1.124055 15.578397 14.454342 "" "" 1015.41516 1066.52319 17122.36339 3.973 8017.9 12.163 13105.0 15.163 "" "" 0.0027668136750076525 0.0032400296 0.0039826958 0.007222725 132.56398572706 -41.96932607937 1040.08569 -9.995999999999999 13.02 -4.465279289245606 9.10008074760437 49.97338605642084 5423.1
132.03282828301 -41.56546010419 0.0164 0.0189 29.7381 "" "" 5525371526755603456 858.629578 1.1328 0.0215 -13.707 12.719 0.022 0.024 0.98 5237.8 4.3286 15.104792 1.115807 15.57895 14.463143 "" "" 842.322205 873.409973 17101.33055 3.979 8013.8 12.526 12999.0 19.01 "" "" 0.002766876659295763 0.0032657424 0.0040993714 0.007365114 132.03282828301 -41.56546010419 858.629578 -13.706999999999999 12.719 -8.176279289245606 8.79908074760437 48.88552431273582 5237.8
132.47306409718 -42.02464922589 0.018 0.0169 17.4043 "" "" 5524584753167925888 861.280212 1.12 0.0213 -9.914 9.959 0.024 0.022 0.999 5168.1 4.4216 15.113047 1.099361 15.581616 14.482255 "" "" 844.787354 877.114075 16971.81068 4.1519 7994.1 12.821 12772.0 13.844 "" "" 0.002768092775307676 0.0032889536 0.003958376 0.0072473297 132.47306409718 -42.02464922589 861.280212 -9.914000000000001 9.958999999999998 -4.383279289245605 6.03908074760437 30.463976706169657 5168.1
132.90538657365 -42.27688500871 0.0155 0.0174 33.0033 "" "" 5524517000064345472 939.348267 1.0336 0.0197 9.859 -11.287 0.021 0.02 1.02 5314.1 4.3152 15.11865 1.090894 15.575517 14.484623 "" "" 923.126099 959.502686 16884.43042 4.0186 8039.2 12.55 12744.0 10.512 "" "" 0.002767411454349657 0.003264641 0.0038840428 0.007148684 132.90538657365 -42.27688500871 939.348267 9.859 -11.287 15.389720710754395 -15.20691925239563 96.33219795414436 5314.1
132.62990068189 -41.90053109391 0.0191 0.0203 8.2673 "" "" 5524592935086100096 1029.33899 0.9295 0.0239 -13.19 9.354 0.024 0.025 1.145 "" "" 15.126643 1.112283 15.593241 14.480958 "" "" 1007.48218 1054.41528 16760.59877 4.0008 7909.0 14.029 12787.0 12.228 "" "" 0.0027674821654058318 0.0033902898 0.003919405 0.007309695 132.62990068189 -41.90053109391 1029.33899 -13.189999999999998 9.354 -7.659279289245605 5.434080747604369 45.820072840064256 ""
132.9315738701 -41.62781972057 0.0156 0.0189 15.3266 "" "" 5524618326932200320 1013.31665 0.9521 0.0206 -2.057 11.627 0.019 0.024 0.944 6074.1 4.2033 15.151526 1.165029 15.647637 14.482609 "" "" 992.033264 1034.6427 16380.84393 3.6396 7522.5 8.3963 12768.0 9.8041 "" "" 0.0027658604624223857 0.0030419792 0.003870243 0.006912222 132.9315738701 -41.62781972057 1013.31665 -2.057000000000002 11.627000000000002 3.4737207107543946 7.707080747604371 40.604366487530385 6074.1
131.99371751118 -41.44655235796 0.0157 0.0198 34.7078 "" "" 5525373416541068288 853.466858 1.1363 0.0218 -17.342 17.754 0.021 0.025 0.979 5159.4 4.4266 15.170669 1.132866 15.658832 14.525966 "" "" 839.823975 870.694275 16094.56711 3.7848 7445.3 12.044 12268.0 11.976 "" "" 0.0027671246166663522 0.0032969438 0.003925188 0.007222132 131.99371751118 -41.44655235796 853.466858 -17.342 17.75400000000001 -11.811279289245604 13.834080747604371 73.58775991121003 5159.4
132.65163619807 -42.20265818357 0.0564 0.0644 26.3832 "" "" 5524532324507702400 939.438416 1.038 0.0721 -2.919 -1.552 0.077 0.082 3.377 4934.4 4.1871 15.172756 1.127774 15.638127 14.510353 "" "" 885.317627 1013.49011 16063.65511 10.2 7588.7 11.071 12446.0 13.179 "" "" 0.002840260738564381 0.003208422 0.003950379 0.007158801 132.65163619807 -42.20265818357 939.438416 -2.919 -1.552 2.6117207107543945 -5.4719192523956295 26.999271308653874 4934.4
132.43290830422 -41.82332077929 0.0174 0.019 10.0002 "" "" 5524600769106113792 857.30481 1.1301 0.0223 1.295 -10.096 0.023 0.028 0.991 5264.0 4.4472 15.175721 1.063144 15.621829 14.558685 "" "" 840.08197 873.97876 16019.84832 4.0363 7703.4 13.875 11904.0 13.075 "" "" 0.0027688668016424543 0.0034072464 0.0039630644 0.007370311 132.43290830422 -41.82332077929 857.30481 1.295 -10.096 6.8257207107543945 -14.01591925239563 63.35039302839544 5264.0
132.99443895533 -41.63039822584 0.0162 0.0193 17.7085 "" "" 5524617566718626432 796.404541 1.2232 0.0223 -0.709 6.081 0.02 0.025 0.983 5066.9 4.4909 15.19785 1.038321 15.621277 14.582955 "" "" 779.984192 810.274292 15696.63627 5.1931 7707.4 27.837 11641.0 26.137 "" "" 0.002778636144632555 0.004812719 0.0044973735 0.009310093 132.99443895533 -41.63039822584 796.404541 -0.7090000000000001 6.0809999999999995 4.821720710754395 2.1610807476043705 19.946377110173845 5066.9
132.47543383923 -41.92529556752 0.0183 0.0175 12.2387 "" "" 5524587712405550592 874.98645 1.108 0.0213 -7.745 10.01 0.024 0.022 0.972 5194.7 4.4242 15.201761 1.098066 15.669151 14.571085 "" "" 863.522339 889.892822 15640.20346 4.0566 7374.9 11.008 11769.0 16.015 "" "" 0.0027696736538221317 0.0032266704 0.004057903 0.0072845733 132.47543383923 -41.92529556752 874.98645 -7.745 10.01 -2.2142792892456056 6.09008074760437 26.87593304525053 5194.7
132.15733017932 -41.2712682115 0.0158 0.0185 36.6503 "" "" 5525382178274527360 1059.58264 0.9185 0.0214 -9.639 19.933 0.022 0.023 0.948 7609.1 4.0769 15.204357 1.519891 15.897397 14.377506 "" "" 1034.02893 1086.18506 15602.84515 4.1424 5976.7 13.399 14066.0 12.488 "" "" 0.0027703571421348076 0.0037026752 0.0039003708 0.007603046 132.15733017932 -41.2712682115 1059.58264 -9.639 19.933 -4.108279289245605 16.01308074760437 83.02910962711137 7609.1
132.21765705458 -41.34638225947 0.1433 0.1577 31.4116 "" "" 5525380425927634944 1007.6795 1.0817 0.1861 -11.731 11.808 0.19 0.19 9.22 4817.0 4.299 15.267894 1.336628 15.829908 14.49328 "" "" 826.208679 1243.66248 14715.98081 20.237 6359.9 11.015 12643.0 15.353 "" "" 0.0031338567462686636 0.0033646824 0.0040027574 0.0073674396 132.21765705458 -41.34638225947 1007.6795 -11.731000000000002 11.808 -6.200279289245605 7.88808074760437 47.922627392344516 4817.0
132.81712851086 -41.97498202487 0.0181 0.0203 14.9491 "" "" 5524541945234329472 850.779053 1.1322 0.0233 -9.889 12.088 0.024 0.024 0.945 5164.2 4.4691 15.278472 1.059068 15.72548 14.666412 "" "" 833.289795 869.479431 14573.30704 3.5668 7002.0 10.918 10779.0 11.936 "" "" 0.002768104633170994 0.003263609 0.003966005 0.007229614 132.81712851086 -41.97498202487 850.779053 -9.889000000000001 12.087999999999997 -4.358279289245605 8.16808074760437 37.335012682370646 5164.2
132.46130030219 -41.60999578991 0.0175 0.0184 12.2204 "" "" 5524611420624945792 1040.72632 0.9282 0.0222 -8.399 10.89 0.024 0.024 0.957 8266.6 4.3352 15.31244 1.518051 16.007591 14.48954 "" "" 1017.64081 1066.83606 14124.42108 3.7261 5399.8 10.692 12687.0 14.222 "" "" 0.0027701674373399317 0.0035223356 0.0039705234 0.007492859 132.46130030219 -41.60999578991 1040.72632 -8.399000000000001 10.889999999999999 -2.8682792892456046 6.970080747604371 37.18122117780696 8266.6
132.88372664295 -41.64267747706 0.0166 0.0202 13.0404 "" "" 5524617055621905408 973.102905 0.9886 0.0221 -8.693 9.075 0.021 0.025 1.006 5662.9 4.4025 15.345266 1.21214 15.86822 14.65608 "" "" 955.824463 992.255005 13703.77236 6.5144 6139.4 14.95 10882.0 17.97 "" "" 0.0028032443641361673 0.0038438367 0.0041831005 0.008026937 132.88372664295 -41.64267747706 973.102905 -8.693 9.075 -3.162279289245605 5.155080747604369 27.895136657922823 5662.9
