Clusters/Alessi_43/Alessi_43_stars_in_region.tsv
# %ECSV 1.0
# ---
# datatype:
# - name: RA_ICRS_1
#   unit: deg
#   datatype: float64
#   format: '{:15.11f}'
#   description: Right ascension (ICRS) at Ep=2016.0 (ra)
#   meta: !!omap
#   - {ucd: POS_EQ_RA_MAIN}
#   - {width: 15}
#   - {precision: '11'}
# - name: DE_ICRS_1
#   unit: deg
#   datatype: float64
#   format: '{:15.11f}'
#   description: Declination (ICRS) at Ep=2016.0 (dec)
#   meta: !!omap
#   - {ucd: POS_EQ_DEC_MAIN}
#   - {width: 15}
#   - {precision: '11'}
# - name: e_RA_ICRS
#   unit: mas
#   datatype: float64
#   format: '{:7.4f}'
#   description: Standard error of right ascension (ra_error)
#   meta: !!omap
#   - {ucd: ERROR}
#   - {width: 7}
#   - {precision: '4'}
# - name: e_DE_ICRS
#   unit: mas
#   datatype: float64
#   format: '{:7.4f}'
#   description: Standard error of declination (dec_error)
#   meta: !!omap
#   - {ucd: ERROR}
#   - {width: 7}
#   - {precision: '4'}
# - name: _r_1
#   unit: ''
#   datatype: float64
#   format: '{:7.4f}'
#   description: Distance from center (132.64130804000-41.76300578000)[ICRS], at Epoch=J2016.0
#   meta: !!omap
#   - {ucd: POS_ANG_DIST_GENERAL}
#   - {width: 7}
#   - {precision: '4'}
# - name: HIP
#   datatype: int32
#   description: '? HIP cross-id number, van Leeuwen, Cat. I/311 (hip_original_ext_source_id)'
#   meta: !!omap
#   - {ucd: ID_NUMBER}
#   - {width: 6}
#   - values: {'null': -2147483648}
# - name: TYC2
#   datatype: string
#   description: Tycho-2 cross-id name, Hog et al., Cat. I/259 (tyc2_original_ext_source_id)
#   meta: !!omap
#   - {ucd: ID_CROSSID}
#   - {_votable_string_dtype: char}
# - name: Source
#   datatype: int64
#   description: Source identifier, identical to the Gaia-EDR3 source_id (id)
#   meta: !!omap
#   - {ucd: ID_MAIN}
#   - {width: 19}
# - name: rgeo
#   unit: pc
#   datatype: float64
#   format: '{:15.8f}'
#   description: '? Median of the geometric distance posterior (r_med_geo)'
#   meta: !!omap
#   - {ucd: PHYS_DISTANCE_TRUE}
#   - {width: 15}
#   - {precision: '8'}
#   - values: {'null': .nan}
# - name: Plx
#   unit: mas
#   datatype: float64
#   format: '{:9.4f}'
#   description: '? Parallax (parallax)'
#   meta: !!omap
#   - {ucd: POS_PARLX_TRIG}
#   - {width: 9}
#   - {precision: '4'}
#   - values: {'null': .nan}
# - name: e_Plx
#   unit: mas
#   datatype: float32
#   format: '{:7.4f}'
#   description: '? Standard error of parallax (parallax_error)'
#   meta: !!omap
#   - {ucd: ERROR}
#   - {width: 7}
#   - {precision: '4'}
#   - values: {'null': .nan}
# - name: pmRA
#   unit: mas / yr
#   datatype: float64
#   format: '{:9.3f}'
#   description: '? Proper motion in right ascension direction, pmRA*cosDE (pmra)'
#   meta: !!omap
#   - {ucd: POS_EQ_PMRA}
#   - {width: 9}
#   - {precision: '3'}
#   - values: {'null': .nan}
# - name: pmDE
#   unit: mas / yr
#   datatype: float64
#   format: '{:9.3f}'
#   description: '? Proper motion in declination direction (pmdec)'
#   meta: !!omap
#   - {ucd: POS_EQ_PMDEC}
#   - {width: 9}
#   - {precision: '3'}
#   - values: {'null': .nan}
# - name: e_pmRA
#   unit: mas / yr
#   datatype: float32
#   format: '{:6.3f}'
#   description: '? Standard error of proper motion in right ascension direction (pmra_error)'
#   meta: !!omap
#   - {ucd: ERROR}
#   - {width: 6}
#   - {precision: '3'}
#   - values: {'null': .nan}
# - name: e_pmDE
[...]
#         unit: &id001 !astropy.units.Unit {unit: deg}
#         value: !astropy.table.SerializedColumn {name: SkyCoord.dec}
#       distance: !astropy.table.SerializedColumn
#         __class__: astropy.coordinates.distances.Distance
#         unit: !astropy.units.Unit {unit: pc}
#         value: !astropy.table.SerializedColumn {name: SkyCoord.distance}
#       frame: icrs
#       obstime: !astropy.time.Time {format: jyear_str, in_subfmt: '*', jd1: 367701545.0, jd2: 0.0, out_subfmt: '*', precision: 3, scale: tt}
#       pm_dec: !astropy.table.SerializedColumn
#         __class__: astropy.units.quantity.Quantity
#         unit: !astropy.units.Unit {unit: mas / yr}
#         value: !astropy.table.SerializedColumn {name: SkyCoord.pm_dec}
#       pm_ra_cosdec: !astropy.table.SerializedColumn
#         __class__: astropy.units.quantity.Quantity
#         unit: !astropy.units.Unit {unit: mas / yr}
#         value: !astropy.table.SerializedColumn {name: SkyCoord.pm_ra_cosdec}
#       ra: !astropy.table.SerializedColumn
#         __class__: astropy.coordinates.angles.Longitude
#         unit: *id001
#         value: !astropy.table.SerializedColumn {name: SkyCoord.ra}
#         wrap_angle: !astropy.coordinates.Angle
#           unit: *id001
#           value: 360.0
#       representation_type: spherical
# schema: astropy-2.0
RA_ICRS_1 DE_ICRS_1 e_RA_ICRS e_DE_ICRS _r_1 HIP TYC2 Source rgeo Plx e_Plx pmRA pmDE e_pmRA e_pmDE RUWE Teff logg Gmag BP-RP BPmag RPmag RV e_RV b_rgeo B_rgeo FG e_FG FBP e_FBP FRP e_FRP RAVE5 RAVE6 e_Gmag e_BPmag e_RPmag e_BP-RP SkyCoord.ra SkyCoord.dec SkyCoord.distance SkyCoord.pm_ra_cosdec SkyCoord.pm_dec
[from data line 2221]
133.34773188171 -42.37285961475 0.0455 0.0515 48.2589 "" "" 5524327918417402240 1037.26428 0.945 0.0552 -10.108 3.903 0.058 0.062 1.034 4239.8 4.2993 16.97031 1.678026 17.776781 16.098755 "" "" 978.798096 1116.0614 3067.77046 1.98 1058.5 10.735 2881.7 10.146 "" "" 0.002843034989217735 0.011359226 0.005375572 0.016734798 133.34773188171 -42.37285961475 1037.26428 -10.108 3.902999999999999
131.65497471368 -42.03513997835 0.0414 0.0473 46.9775 "" "" 5524949073771058560 780.570984 1.2485 0.053 2.745 14.81 0.056 0.062 1.035 4450.9 4.6424 16.97365 1.635666 17.700369 16.064703 "" "" 747.3396 827.905212 3058.34481 1.9837 1135.7 9.5137 2973.6 20.076 "" "" 0.0028438930569000755 0.009513511 0.0082472 0.017760713 131.65497471368 -42.03513997835 780.570984 2.745 14.810000000000002
132.51198482479 -41.1371518719 0.0362 0.044 37.9989 "" "" 5525396712443491840 1100.29919 0.8814 0.0477 -11.546 2.569 0.048 0.052 1.052 "" "" 16.97545 1.741428 17.808758 16.06733 "" "" 1037.49182 1167.85254 3053.27976 1.7248 1027.8 9.2834 2966.4 9.6786 "" "" 0.002822758748763364 0.010195898 0.005180046 0.015375944 132.51198482479 -41.1371518719 1100.29919 -11.546 2.569000000000001
132.24512018239 -41.94955892372 0.0428 0.0435 20.9467 "" "" 5524223327377957376 1098.17334 0.8827 0.0525 -12.44 8.138 0.055 0.057 0.969 4771.6 4.3593 16.975487 1.622822 17.743052 16.12023 "" "" 1040.47278 1152.46021 3053.1794 1.8571 1091.9 7.7563 2825.3 10.454 "" "" 0.0028333580800799906 0.008201703 0.0055157067 0.01371741 132.24512018239 -41.94955892372 1098.17334 -12.44 8.138
132.39382614373 -41.59245346158 0.0395 0.0411 15.0903 "" "" 5524612107819728128 937.152466 1.0363 0.0498 9.708 -11.662 0.054 0.05 1.023 4541.4 4.4456 16.978628 1.554688 17.702179 16.147491 "" "" 904.719727 981.090271 3044.3545 1.7242 1133.8 7.104 2755.3 8.6958 "" "" 0.0028231033846851106 0.0073528085 0.0051015094 0.012454318 132.39382614373 -41.59245346158 937.152466 9.708000000000002 -11.662000000000003
132.0582071242 -42.00925419656 0.0416 0.0448 29.9449 "" "" 5524224800549915392 1073.6593 0.9022 0.0522 -8.322 16.13 0.053 0.056 1.037 9155.9 4.4894 16.981121 1.92331 17.918972 15.995662 "" "" 1002.14081 1156.9845 3037.37282 1.92 928.6 13.356 3168.8 11.882 "" "" 0.0028395116090752883 0.015863387 0.00555501 0.021418396 132.0582071242 -42.00925419656 1073.6593 -8.321999999999997 16.13
132.6583160106 -41.67450126671 0.1699 0.2052 5.3646 "" "" 5524608461388609536 763.93988 1.4005 0.2289 -3.562 2.518 0.234 0.272 4.973 "" "" 16.9813 1.915669 17.794832 15.879163 "" "" 632.667664 991.563049 3036.87399 8.8325 1041.1 6.8755 3527.7 9.1824 "" "" 0.004190863155427379 0.0076940223 0.0047191754 0.012413198 132.6583160106 -41.67450126671 763.93988 -3.562 2.518
132.16626018695 -42.50571395566 0.0432 0.0467 49.321 "" "" 5524193606204508928 814.17572 1.204 0.0529 -2.829 4.61 0.055 0.055 0.959 4366.4 4.6406 16.983006 1.566248 17.71034 16.144093 "" "" 785.671997 852.875 3032.10703 2.1545 1125.3 12.581 2763.9 9.0042 "" "" 0.002861289082650707 0.012455215 0.0051763686 0.017631583 132.16626018695 -42.50571395566 814.17572 -2.8289999999999997 4.609999999999999
132.48862222143 -41.02823597221 0.0404 0.0455 44.6186 "" "" 5525409425546664448 1027.73535 0.9584 0.0535 -0.466 -11.724 0.053 0.057 1.022 5208.8 4.6616 16.98576 1.671898 17.791069 16.119171 "" "" 969.553467 1104.7373 3024.42752 1.7986 1044.7 9.2575 2828.1 7.4977 "" "" 0.0028299627103474455 0.0100175515 0.0047507007 0.014768252 132.48862222143 -41.02823597221 1027.73535 -0.46599999999999975 -11.724
131.96825698558 -42.21164075165 0.0402 0.0524 40.3181 "" "" 5524215424640300416 835.99707 1.164 0.0529 -14.581 9.011 0.058 0.066 1.009 4428.8 4.6673 16.986048 1.637661 17.763582 16.125921 "" "" 800.830078 873.709534 3023.6244 1.8227 1071.5 10.549 2810.5 10.357 "" "" 0.0028319893421607212 0.011047311 0.005503833 0.016551144 131.96825698558 -42.21164075165 835.99707 -14.581 9.010999999999996
133.45888918219 -41.66608786016 0.076 0.1092 37.0767 "" "" 5524561014890687488 1112.11743 0.8937 0.1083 -22.093 7.169 0.103 0.131 2.623 4492.8 4.7034 16.990957 1.757415 17.739138 15.981723 "" "" 997.41571 1246.74231 3009.98313 5.081 1095.9 8.7635 3209.7 10.959 "" "" 0.0033092080558158377 0.009119542 0.0052939677 0.0144135095 133.45888918219 -41.66608786016 1112.11743 -22.093 7.1690000000000005
132.45319471825 -42.14971530257 0.0431 0.0444 24.6741 "" "" 5524205593455383936 930.187195 1.0615 0.0542 -5.583 3.562 0.061 0.06 1.07 3818.4 4.1476 16.991081 2.279739 18.185982 15.906242 "" "" 882.949707 981.585449 3009.63918 2.6145 726.15 8.6575 3440.8 11.849 "" "" 0.0029122832965434923 0.013241946 0.0053163213 0.018558268 132.45319471825 -42.14971530257 930.187195 -5.583 3.5620000000000003
132.36936688856 -41.52104443263 0.0397 0.0421 18.959 "" "" 5525363108619660160 884.871521 1.1037 0.0503 -5.648 4.272 0.05 0.051 1.042 9526.1 4.3409 16.99637 2.523308 18.29884 15.775532 "" "" 847.737549 916.98407 2995.01196 15.443 654.46 32.786 3881.0 98.539 "" "" 0.006239625818814318 0.054462843 0.027824825 0.08228767 132.36936688856 -41.52104443263 884.871521 -5.648 4.272
132.06749659884 -42.03978881621 0.1028 0.1088 30.5357 "" "" 5524223877133797632 1048.47791 0.9984 0.1255 -10.331 2.447 0.132 0.131 2.467 8590.4 4.4528 16.997953 1.889444 17.861628 15.972183 "" "" 932.104858 1260.93079 2990.64627 5.4374 978.96 10.631 3238.1 13.647 "" "" 0.0033894728166337386 0.012116175 0.0059348186 0.018050995 132.06749659884 -42.03978881621 1048.47791 -10.331000000000003 2.447000000000001
133.47988072449 -42.11085132282 0.0428 0.0456 42.8533 "" "" 5524358361152352512 842.951172 1.1652 0.0544 -5.56 14.807 0.06 0.062 1.053 4379.8 4.6108 16.998672 1.530693 17.706802 16.17611 "" "" 806.137756 880.586731 2988.66985 1.9274 1129.0 7.9303 2683.6 10.41 "" "" 0.0028428965189791805 0.008120784 0.00565881 0.013779594 133.47988072449 -42.11085132282 842.951172 -5.559999999999999 14.807
