Clusters/Alessi_43/Alessi_43_members.tsv
# %ECSV 1.0
# ---
# datatype:
# - name: RA_ICRS_1
#   unit: deg
#   datatype: float64
#   format: '{:15.11f}'
#   description: Right ascension (ICRS) at Ep=2016.0 (ra)
#   meta: !!omap
#   - {ucd: POS_EQ_RA_MAIN}
#   - {width: 15}
#   - {precision: '11'}
# - name: DE_ICRS_1
#   unit: deg
#   datatype: float64
#   format: '{:15.11f}'
#   description: Declination (ICRS) at Ep=2016.0 (dec)
#   meta: !!omap
#   - {ucd: POS_EQ_DEC_MAIN}
#   - {width: 15}
#   - {precision: '11'}
# - name: e_RA_ICRS
#   unit: mas
#   datatype: float64
#   format: '{:7.4f}'
#   description: Standard error of right ascension (ra_error)
#   meta: !!omap
#   - {ucd: ERROR}
#   - {width: 7}
#   - {precision: '4'}
# - name: e_DE_ICRS
#   unit: mas
#   datatype: float64
#   format: '{:7.4f}'
#   description: Standard error of declination (dec_error)
#   meta: !!omap
#   - {ucd: ERROR}
#   - {width: 7}
#   - {precision: '4'}
# - name: _r_1
#   unit: ''
#   datatype: float64
#   format: '{:7.4f}'
#   description: Distance from center (132.64130804000-41.76300578000)[ICRS], at Epoch=J2016.0
#   meta: !!omap
#   - {ucd: POS_ANG_DIST_GENERAL}
#   - {width: 7}
#   - {precision: '4'}
# - name: HIP
#   datatype: int32
#   description: '? HIP cross-id number, van Leeuwen, Cat. I/311 (hip_original_ext_source_id)'
#   meta: !!omap
#   - {ucd: ID_NUMBER}
#   - {width: 6}
#   - values: {'null': -2147483648}
# - name: TYC2
#   datatype: string
#   description: Tycho-2 cross-id name, Hog et al., Cat. I/259 (tyc2_original_ext_source_id)
#   meta: !!omap
#   - {ucd: ID_CROSSID}
#   - {_votable_string_dtype: char}
# - name: Source
#   datatype: int64
#   description: Source identifier, identical to the Gaia-EDR3 source_id (id)
#   meta: !!omap
#   - {ucd: ID_MAIN}
#   - {width: 19}
# - name: rgeo
#   unit: pc
#   datatype: float64
#   format: '{:15.8f}'
#   description: '? Median of the geometric distance posterior (r_med_geo)'
#   meta: !!omap
#   - {ucd: PHYS_DISTANCE_TRUE}
#   - {width: 15}
#   - {precision: '8'}
#   - values: {'null': .nan}
# - name: Plx
#   unit: mas
#   datatype: float64
#   format: '{:9.4f}'
#   description: '? Parallax (parallax)'
#   meta: !!omap
#   - {ucd: POS_PARLX_TRIG}
#   - {width: 9}
#   - {precision: '4'}
#   - values: {'null': .nan}
# - name: e_Plx
#   unit: mas
#   datatype: float32
#   format: '{:7.4f}'
#   description: '? Standard error of parallax (parallax_error)'
#   meta: !!omap
#   - {ucd: ERROR}
#   - {width: 7}
#   - {precision: '4'}
#   - values: {'null': .nan}
# - name: pmRA
#   unit: mas / yr
#   datatype: float64
#   format: '{:9.3f}'
#   description: '? Proper motion in right ascension direction, pmRA*cosDE (pmra)'
#   meta: !!omap
#   - {ucd: POS_EQ_PMRA}
#   - {width: 9}
#   - {precision: '3'}
#   - values: {'null': .nan}
# - name: pmDE
#   unit: mas / yr
#   datatype: float64
#   format: '{:9.3f}'
#   description: '? Proper motion in declination direction (pmdec)'
#   meta: !!omap
#   - {ucd: POS_EQ_PMDEC}
#   - {width: 9}
#   - {precision: '3'}
#   - values: {'null': .nan}
# - name: e_pmRA
#   unit: mas / yr
#   datatype: float32
#   format: '{:6.3f}'
#   description: '? Standard error of proper motion in right ascension direction (pmra_error)'
#   meta: !!omap
#   - {ucd: ERROR}
#   - {width: 6}
#   - {precision: '3'}
#   - values: {'null': .nan}
# - name: e_pmDE
[...]
#         unit: &id001 !astropy.units.Unit {unit: deg}
#         value: !astropy.table.SerializedColumn {name: SkyCoord.dec}
#       distance: !astropy.table.SerializedColumn
#         __class__: astropy.coordinates.distances.Distance
#         unit: !astropy.units.Unit {unit: pc}
#         value: !astropy.table.SerializedColumn {name: SkyCoord.distance}
#       frame: icrs
#       obstime: !astropy.time.Time {format: jyear_str, in_subfmt: '*', jd1: 367701545.0, jd2: 0.0, out_subfmt: '*', precision: 3, scale: tt}
#       pm_dec: !astropy.table.SerializedColumn
#         __class__: astropy.units.quantity.Quantity
#         unit: !astropy.units.Unit {unit: mas / yr}
#         value: !astropy.table.SerializedColumn {name: SkyCoord.pm_dec}
#       pm_ra_cosdec: !astropy.table.SerializedColumn
#         __class__: astropy.units.quantity.Quantity
#         unit: !astropy.units.Unit {unit: mas / yr}
#         value: !astropy.table.SerializedColumn {name: SkyCoord.pm_ra_cosdec}
#       ra: !astropy.table.SerializedColumn
#         __class__: astropy.coordinates.angles.Longitude
#         unit: *id001
#         value: !astropy.table.SerializedColumn {name: SkyCoord.ra}
#         wrap_angle: !astropy.coordinates.Angle
#           unit: *id001
#           value: 360.0
#       representation_type: spherical
# schema: astropy-2.0
RA_ICRS_1 DE_ICRS_1 e_RA_ICRS e_DE_ICRS _r_1 HIP TYC2 Source rgeo Plx e_Plx pmRA pmDE e_pmRA e_pmDE RUWE Teff logg Gmag BP-RP BPmag RPmag RV e_RV b_rgeo B_rgeo FG e_FG FBP e_FBP FRP e_FRP RAVE5 RAVE6 e_Gmag e_BPmag e_RPmag e_BP-RP SkyCoord.ra SkyCoord.dec SkyCoord.distance SkyCoord.pm_ra_cosdec SkyCoord.pm_dec Pmemb
132.44778529596 -41.74314063483 0.0265 0.0312 8.7439 43346 7683-1243-1 5524601593739814016 938.279175 1.0629 0.0357 -5.41 4.202 0.036 0.041 1.209 18673.4 3.662 7.855122 -0.028703 7.822094 7.850797 "" "" 911.391846 968.144409 13579943.37082 6418.7 10153000.0 12855.0 5739000.0 7721.2 "" "" 0.0028027036232000416 0.0031104337 0.00405185 0.007162284 132.44778529596 -41.74314063483 938.279175 -5.409999999999998 4.201999999999998 1.0
132.59280547451 -41.72014166326 0.0133 0.0158 3.3659 "" 7684-1912-1 5524606885139475584 900.854919 1.0991 0.0178 -5.261 4.102 0.018 0.02 0.891 "" "" 8.810702 0.070461 8.810538 8.740077 "" "" 882.784607 915.236206 5632038.83616 1858.9 4085100.0 2724.5 2530000.0 1935.8 "" "" 0.002778526307582752 0.0028826017 0.0038696064 0.006752208 132.59280547451 -41.72014166326 900.854919 -5.261 4.102 1.0
132.86672561528 -41.85730014411 0.0122 0.015 11.5601 "" 7684-2068-1 5524544384776205568 925.305542 1.0628 0.0162 -5.309 3.83 0.017 0.019 0.882 "" "" 8.833448 0.320672 8.919471 8.598799 "" "" 914.057617 937.554932 5515278.79197 5409.6 3695100.0 12519.0 2881600.0 7555.0 "" "" 0.0029539583904902547 0.0046169497 0.00473147 0.0093484195 132.86672561528 -41.85730014411 925.305542 -5.309000000000002 3.830000000000001 1.0
132.58567610191 -41.88738861032 0.0216 0.0229 7.8666 "" 7684-1966-1 5524587334448392832 885.805176 1.1141 0.0277 -5.307 4.065 0.027 0.027 1.118 "" "" 8.923273 0.000589 8.904297 8.903707 "" "" 866.935852 905.285706 5077353.13309 1681.4 3747100.0 1971.6 2176100.0 1276.9 "" "" 0.002778680409852039 0.0028480534 0.0038327032 0.006680757 132.58567610191 -41.88738861032 885.805176 -5.307 4.065000000000001 1.0
132.66693993648 -41.55012703045 0.0105 0.012 12.8243 "" 7684-1857-1 5524633617015844864 919.835388 1.0765 0.014 -5.592 4.209 0.014 0.016 0.886 "" "" 9.872861 0.170309 9.919855 9.749546 "" "" 908.855713 931.644165 2117397.95822 578.79 1470500.0 908.61 998480.0 352.27 "" "" 0.002771258034279942 0.0028696884 0.0037987442 0.0066684326 132.66693993648 -41.55012703045 919.835388 -5.5920000000000005 4.2090000000000005 1.0
133.13110666048 -42.14195618251 0.011 0.0133 31.5379 "" 7684-344-1 5524522497622365824 907.125 1.0865 0.0145 -5.42 3.706 0.014 0.017 0.936 "" "" 10.163981 0.128427 10.192955 10.064528 "" "" 894.369446 917.416382 1619400.28437 429.98 1143500.0 495.32 747040.0 206.57 "" "" 0.0027703603077953954 0.0028295282 0.0037912878 0.006620816 133.13110666048 -42.14195618251 907.125 -5.420000000000002 3.706 1.0
132.69683783679 -41.61947258574 0.0165 0.0192 8.9642 "" 7684-1776-1 5524609015443187456 841.772888 1.1778 0.0217 -5.464 4.238 0.022 0.025 1.45 "" "" 10.522565 0.198186 10.574644 10.376458 "" "" 827.514526 855.910156 1163913.65926 223.6 804560.0 264.89 560500.0 275.5 "" "" 0.0027632038578122376 0.002812975 0.003816874 0.006629849 132.69683783679 -41.61947258574 841.772888 -5.464000000000001 4.238 1.0
132.58964480905 -41.72519024632 0.0095 0.0109 3.2399 "" 7684-2125-1 5524606782060262528 926.490173 1.0683 0.0129 -5.393 4.236 0.013 0.014 0.825 11226.4 3.955 10.647884 0.251163 10.726739 10.475576 "" "" 916.042725 936.198547 1037033.97951 185.78 699390.0 283.76 511600.0 171.76 "" "" 0.002762176952156608 0.0028247295 0.0037969197 0.0066216495 132.58964480905 -41.72519024632 926.490173 -5.392999999999999 4.236 1.0
132.64822533116 -41.58215621469 0.0109 0.0125 10.8554 "" 7684-1808-2 5524610110654620800 947.939148 1.0423 0.0144 -5.55 4.18 0.014 0.017 0.984 "" "" 10.650855 0.16501 10.697438 10.532428 "" "" 937.307129 958.74292 1034200.30988 215.99 718520.0 251.31 485500.0 289.15 "" "" 0.0027646349468212314 0.0028158936 0.0038343007 0.0066501945 132.64822533116 -41.58215621469 947.939148 -5.549999999999999 4.18 1.0
132.47291264729 -41.86917148391 0.0155 0.0165 9.8631 "" "" 5524599669594488192 913.811035 1.069 0.0196 -5.278 4.122 0.02 0.021 1.174 "" "" 11.027074 0.152932 11.071557 10.918625 19.6 9.01 894.402344 929.146912 731336.22573 166.92 509090.0 293.72 340180.0 111.1 "" "" 0.0027664414479748496 0.0028596234 0.0037959798 0.006655603 132.47291264729 -41.86917148391 913.811035 -5.278000000000001 4.122000000000002 1.0
132.86223629297 -41.85846862379 0.0144 0.0187 11.4204 "" "" 5524544346117421440 956.901489 1.0071 0.0185 -5.381 3.924 0.02 0.023 0.977 "" "" 11.284639 0.254644 11.369212 11.114568 27.24 31.57 941.08606 974.749512 576887.38318 275.9 387020.0 254.75 284010.0 107.03 "" "" 0.0028038224708747863 0.0028802431 0.0038014657 0.0066817086 132.86223629297 -41.85846862379 956.901489 -5.380999999999999 3.9240000000000004 1.0
131.89575243497 -41.59126065904 0.0142 0.0145 34.9643 "" 7683-1470-1 5524996902526722304 915.257874 1.0679 0.0177 -5.859 3.658 0.019 0.018 1.069 "" "" 11.374569 0.800984 11.683566 10.882582 "" "" 901.838562 931.109558 531030.32805 233.73 289730.0 144.79 351660.0 124.72 "" "" 0.0027964547724526434 0.0028424372 0.003798948 0.006641385 131.89575243497 -41.59126065904 915.257874 -5.859 3.6579999999999995 0.8
132.60028425401 -41.70228639448 0.0087 0.0101 4.08 "" 7684-1984-1 5524606915198959872 911.186462 1.0548 0.0115 -5.683 3.988 0.012 0.013 0.789 "" "" 11.59372 0.343922 11.712952 11.36903 12.9 8.58 900.746704 921.022034 433969.0776 77.277 281990.0 122.82 224670.0 67.511 "" "" 0.0027620949909208884 0.0028299598 0.0037934375 0.0066233976 132.60028425401 -41.70228639448 911.186462 -5.683 3.9879999999999995 1.0
133.23639451943 -41.78306239045 0.0091 0.0109 26.6557 "" 7684-901-1 5524571013572812032 921.083008 1.0492 0.0124 -4.711 3.825 0.013 0.013 0.925 "" "" 11.608197 0.499195 11.784981 11.285786 "" "" 912.076599 931.638672 428220.98615 91.99 263890.0 119.43 242570.0 67.99 "" "" 0.002765174277332268 0.0028331077 0.0037916142 0.006624722 133.23639451943 -41.78306239045 921.083008 -4.711 3.825 0.9
132.19559470561 -41.73280213481 0.012 0.0142 20.0344 "" 7683-1800-1 5525354243807205120 908.976501 1.0586 0.0162 -5.88 4.244 0.017 0.018 1.091 "" "" 11.658536 0.254402 11.742864 11.488461 22.34 9.05 898.972046 920.461975 408820.35484 92.558 274330.0 129.08 201270.0 70.555 "" "" 0.0027662634886570455 0.0028365536 0.0037984978 0.006635051 132.19559470561 -41.73280213481 908.976501 -5.88 4.244 0.9
132.84167904308 -41.98630961812 0.0103 0.0119 16.1136 "" 7684-1171-1 5524541154960342272 932.098022 1.0265 0.0136 -5.207 3.745 0.013 0.014 0.917 "" "" 11.788307 0.368057 11.913663 11.545606 "" "" 920.775452 945.208862 362763.70434 136.24 234400.0 303.95 190950.0 270.27 "" "" 0.0027853290665158744 0.0031252527 0.0040798676 0.0072051203 132.84167904308 -41.98630961812 932.098022 -5.207000000000001 3.745000000000001 1.0
132.65099097398 -41.6008840093 0.0066 0.0081 9.737 "" "" 5524609255961364736 923.821899 1.0472 0.0091 -5.621 4.113 0.009 0.011 0.797 "" "" 11.83885 0.648987 12.083345 11.434359 "" "" 916.400146 931.311462 346263.54424 56.548 200480.0 113.58 211550.0 72.058 "" "" 0.0027610194614746835 0.0028571687 0.0037974329 0.0066546015 132.65099097398 -41.6008840093 923.821899 -5.621 4.113 1.0
132.72673107075 -41.8680976437 0.0183 0.0214 7.3723 "" "" 5524590392465421184 936.158447 1.0267 0.0238 -5.31 3.92 0.024 0.028 1.757 "" "" 11.859126 0.297264 11.961226 11.663962 51.73 39.37 919.653503 953.148682 339857.14597 70.108 224350.0 99.965 171230.0 73.219 "" "" 0.002764408302563459 0.0028317997 0.0038077908 0.0066395905 132.72673107075 -41.8680976437 936.158447 -5.31 3.919999999999999 0.8
132.85116257019 -41.83247398006 0.0118 0.0132 10.2706 "" "" 5524591320178818304 939.200623 1.0353 0.015 -5.442 3.7 0.017 0.018 1.125 7379.9 3.6548 11.902091 0.779295 12.205282 11.425987 16.33 7.24 923.741577 951.94165 326670.76442 102.41 179190.0 163.76 213190.0 153.71 "" "" 0.0027762643766438763 0.0029613501 0.0038596021 0.0068209525 132.85116257019 -41.83247398006 939.200623 -5.442 3.7 1.0
133.05398502823 -41.83617819286 0.0095 0.0117 18.9735 "" 7684-980-1 5524564279064684544 925.208435 1.0463 0.013 -5.114 3.921 0.014 0.014 0.984 "" "" 12.032222 0.413531 12.175129 11.761598 24.99 19.87 913.589539 935.966858 289773.14272 46.329 184230.0 100.87 156500.0 39.347 "" "" 0.0027607828800678227 0.0028527945 0.003789227 0.0066420212 133.05398502823 -41.83617819286 925.208435 -5.114 3.921 0.9
132.71968874604 -41.53335048862 0.0128 0.0143 14.2204 "" 7684-2058-1 5524632959880633472 971.209045 0.9962 0.0166 -5.636 4.139 0.016 0.019 1.455 "" "" 12.039145 0.476575 12.204914 11.728339 6.59 13.35 955.192627 986.300781 287931.32267 58.713 179250.0 80.841 161370.0 51.138 "" "" 0.0027642007114456082 0.0028328109 0.0037950112 0.0066278223 132.71968874604 -41.53335048862 971.209045 -5.635999999999998 4.138999999999999 0.9
133.00899898091 -41.82817091895 0.0098 0.0118 16.9058 "" 7684-19-1 5524567160981675008 915.957947 1.0539 0.0129 -5.138 3.636 0.014 0.015 1.026 "" "" 12.131269 0.422473 12.281596 11.859123 30.86 13.46 905.556702 925.654419 264508.1382 46.134 167020.0 94.876 143060.0 41.497 "" "" 0.0027618199810082265 0.0028575223 0.003792481 0.0066500036 133.00899898091 -41.82817091895 915.957947 -5.138 3.636 1.0
132.79256271251 -41.61953846382 0.0071 0.009 10.9556 "" 7684-439-1 5524620594674981888 918.785339 1.0557 0.0098 -5.396 4.158 0.009 0.012 0.854 "" "" 12.159622 0.510402 12.322153 11.811751 20.8 9.23 911.744812 926.072083 257690.18554 55.276 160900.0 208.61 149440.0 756.04 "" "" 0.002765145602267489 0.003125157 0.006667515 0.009792672 132.79256271251 -41.61953846382 918.785339 -5.395999999999998 4.158 1.0
133.06311604842 -41.57857344815 0.0072 0.0089 21.9054 "" "" 5524623824490270976 946.326538 1.0313 0.01 -5.157 3.614 0.009 0.011 0.9 "" "" 12.575493 0.520386 12.765314 12.244928 "" "" 935.545105 954.280945 175691.08553 26.149 106980.0 49.988 100270.0 38.76 "" "" 0.0027600548107184317 0.0028359175 0.003802614 0.0066385316 133.06311604842 -41.57857344815 946.326538 -5.157000000000002 3.6140000000000008 1.0
133.21918392602 -42.10486039161 0.0073 0.0091 32.9546 "" "" 5524545827884683648 919.255371 1.0605 0.0101 -5.598 3.62 0.009 0.011 0.974 "" "" 12.694286 0.635433 12.924418 12.288984 "" "" 911.595032 928.776062 157482.48366 22.174 92395.0 48.046 96286.0 48.808 "" "" 0.002759557958916396 0.002846719 0.0038192447 0.0066659637 133.21918392602 -42.10486039161 919.255371 -5.598 3.6199999999999988 1.0
132.93411675707 -41.50630664091 0.0079 0.0093 20.2394 "" "" 5524622480160429824 810.44989 1.2176 0.0107 -5.886 4.323 0.01 0.012 0.973 6762.1 4.0181 12.768017 0.825774 13.094378 12.268604 "" "" 804.480774 818.08728 147143.094 43.729 79007.0 100.28 98111.0 84.286 "" "" 0.002774149080021427 0.0031119352 0.00389278 0.0070047155 132.93411675707 -41.50630664091 810.44989 -5.885999999999999 4.3229999999999995 0.8
132.38052634423 -41.56350543253 0.0168 0.0192 16.7308 "" "" 5525362795084378496 907.128601 1.0955 0.0219 -5.905 4.616 0.022 0.025 1.35 "" "" 12.806103 0.722712 12.75437 12.031657 35.08 17.23 890.057312 926.088806 142071.0728 1288.7 108060.0 3955.6 122040.0 3380.7 "" "" 0.010226675954395895 0.039841834 0.030313125 0.07015496 132.38052634423 -41.56350543253 907.128601 -5.905000000000002 4.616 0.8
132.54124589815 -41.53091563385 0.008 0.0094 14.6302 "" "" 5524613241691029120 917.643188 1.0703 0.0106 -5.71 4.215 0.01 0.012 0.912 "" "" 12.825221 0.667156 13.079374 12.412218 "" "" 909.240967 926.858582 139591.32029 24.942 80106.0 44.576 85955.0 28.256 "" "" 0.0027621413091912556 0.002854833 0.0037961975 0.0066510304 132.54124589815 -41.53091563385 917.643188 -5.709999999999999 4.214999999999998 1.0
132.57058551198 -41.21786273625 0.0083 0.0097 32.8627 "" "" 5525392589275131648 888.15332 1.1151 0.0111 -5.895 4.577 0.011 0.012 0.956 5573.6 3.5502 12.863311 1.276476 13.424788 12.148312 12.44 20.47 877.871582 897.547485 134779.10356 94.617 58278.0 161.39 109610.0 217.75 "" "" 0.0028588010560603515 0.0041018957 0.0043515507 0.008453446 132.57058551198 -41.21786273625 888.15332 -5.894999999999998 4.576999999999998 1.0
132.79763481983 -41.6472062942 0.0163 0.0192 9.8646 "" "" 5524619735681532160 930.38385 1.0369 0.0216 -5.248 3.82 0.022 0.026 1.821 6532.9 3.8086 13.200563 0.802804 13.447609 12.644805 "" "" 912.062622 947.194214 98791.94829 2704.3 57065.0 4870.4 69380.0 5276.1 "" "" 0.029848048800757702 0.09270771 0.0826528 0.1753605 132.79763481983 -41.6472062942 930.38385 -5.247999999999999 3.819999999999999 1.0
131.93866503507 -41.73592126795 0.0132 0.0154 31.4948 "" "" 5524982059119761536 900.15387 1.0741 0.0177 -6.079 3.752 0.019 0.019 1.583 "" "" 13.448446 1.028483 13.868962 12.840479 "" "" 885.222717 912.20575 78626.40216 11.065 38711.0 26.616 57938.0 22.441 "" "" 0.002759553499708235 0.002888307 0.0038027065 0.0066910135 131.93866503507 -41.73592126795 900.15387 -6.079 3.752 0.8
131.84773244524 -42.27489618867 0.0127 0.0151 46.8465 "" "" 5524191578979764736 814.500305 1.1913 0.0172 -5.643 3.714 0.018 0.021 1.468 6181.6 4.2635 13.520272 0.720508 13.799815 13.079308 19.36 3.27 802.78418 824.011414 73593.22149 15.574 41256.0 22.22 46498.0 35.529 "" "" 0.0027648837304949203 0.002850789 0.0038693638 0.0067201527 131.84773244524 -42.27489618867 814.500305 -5.642999999999999 3.7139999999999986 0.9
133.08135986035 -41.801452808 0.0091 0.0108 19.823 "" "" 5524565825252809856 926.45282 1.0478 0.0124 -5.033 3.829 0.013 0.013 0.947 5638.0 3.707 13.572108 1.267346 14.126352 12.859006 11.26 6.68 915.626038 937.765381 70162.24034 107.84 30540.0 163.77 56958.0 240.73 "" "" 0.0032212787978829053 0.0064562727 0.005944819 0.012401092 133.08135986035 -41.801452808 926.45282 -5.033 3.829000000000001 0.9
132.71298071731 -41.84880092373 0.0101 0.0105 6.0642 "" "" 5524590598623848960 933.603943 1.0389 0.0124 -5.479 3.785 0.013 0.014 0.964 5709.3 3.8365 13.678485 1.193107 14.188914 12.995808 "" "" 924.937683 942.786438 63614.0147 106.84 28830.0 174.84 50215.0 218.09 "" "" 0.0033040785926713285 0.007151239 0.006043141 0.01319438 132.71298071731 -41.84880092373 933.603943 -5.479 3.785 1.0
132.79546239866 -41.89543188034 0.0245 0.0273 10.5181 "" "" 5524590736063142528 949.275879 1.0213 0.0308 -5.206 4.121 0.033 0.034 2.451 5259.7 3.5136 13.84867 1.5098 14.544366 13.034566 34.18 5.96 927.954346 975.258728 54384.94678 90.257 20781.0 119.62 48454.0 216.21 "" "" 0.0032921984343711958 0.006844286 0.0061445287 0.012988815 132.79546239866 -41.89543188034 949.275879 -5.206 4.121 1.0
132.6178156523 -41.86452508728 0.0103 0.0115 6.1811 "" "" 5524593244323378432 901.56012 1.0741 0.0135 -5.575 3.773 0.013 0.014 0.962 5272.1 3.71 13.897825 1.412353 14.532646 13.120294 1.24 6.56 891.159424 909.673157 51977.6633 101.57 21007.0 150.08 44776.0 242.46 "" "" 0.0034775239412744743 0.008243369 0.006989196 0.015232565 132.6178156523 -41.86452508728 901.56012 -5.575000000000001 3.773000000000001 1.0
132.55668802543 -41.72665540917 0.0247 0.0283 4.3712 "" "" 5524606953858966144 966.257751 0.9921 0.0313 -5.711 4.267 0.033 0.035 2.824 6336.1 3.8385 13.963339 1.586298 14.692092 13.105794 "" "" 942.375305 1004.0163 48934.04354 84.361 18138.0 100.89 45378.0 170.44 "" "" 0.0033309685706863486 0.006652638 0.0055600414 0.012212679 132.55668802543 -41.72665540917 966.257751 -5.711000000000002 4.2669999999999995 0.8
132.65931828919 -41.92178196085 0.0244 0.0257 9.5605 "" "" 5524589739630428928 890.425049 1.0839 0.0314 -5.435 3.587 0.032 0.033 2.695 5536.1 4.1021 13.988318 1.331055 14.545061 13.214006 5.38 6.57 863.148315 918.998169 47821.1273 78.794 20768.0 115.03 41073.0 168.57 "" "" 0.0032851366779214387 0.006629439 0.005842939 0.012472378 132.65931828919 -41.92178196085 890.425049 -5.435 3.5869999999999997 1.0
133.0930827439 -41.79170911807 0.0121 0.0141 20.2876 "" "" 5524565825252808960 906.522034 1.0676 0.0164 -5.717 3.614 0.017 0.016 1.132 5251.0 3.5107 14.060375 1.731212 14.88766 13.156448 "" "" 892.294678 919.46637 44750.37237 74.204 15148.0 94.574 43309.0 190.72 "" "" 0.003291355410520238 0.0073303906 0.0060946024 0.013424993 133.0930827439 -41.79170911807 906.522034 -5.7170000000000005 3.613999999999999 0.8
