Clusters/Alessi_43/Alessi_43_runaways_all.tsv
# %ECSV 1.0
# ---
# datatype:
# - name: RA_ICRS_1
#   unit: deg
#   datatype: float64
#   format: '{:15.11f}'
#   description: Right ascension (ICRS) at Ep=2016.0 (ra)
#   meta: !!omap
#   - {ucd: POS_EQ_RA_MAIN}
#   - {width: 15}
#   - {precision: '11'}
# - name: DE_ICRS_1
#   unit: deg
#   datatype: float64
#   format: '{:15.11f}'
#   description: Declination (ICRS) at Ep=2016.0 (dec)
#   meta: !!omap
#   - {ucd: POS_EQ_DEC_MAIN}
#   - {width: 15}
#   - {precision: '11'}
# - name: e_RA_ICRS
#   unit: mas
#   datatype: float64
#   format: '{:7.4f}'
#   description: Standard error of right ascension (ra_error)
#   meta: !!omap
#   - {ucd: ERROR}
#   - {width: 7}
#   - {precision: '4'}
# - name: e_DE_ICRS
#   unit: mas
#   datatype: float64
#   format: '{:7.4f}'
#   description: Standard error of declination (dec_error)
#   meta: !!omap
#   - {ucd: ERROR}
#   - {width: 7}
#   - {precision: '4'}
# - name: _r_1
#   unit: ''
#   datatype: float64
#   format: '{:7.4f}'
#   description: Distance from center (132.64130804000-41.76300578000)[ICRS], at Epoch=J2016.0
#   meta: !!omap
#   - {ucd: POS_ANG_DIST_GENERAL}
#   - {width: 7}
#   - {precision: '4'}
# - name: HIP
#   datatype: int32
#   description: '? HIP cross-id number, van Leeuwen, Cat. I/311 (hip_original_ext_source_id)'
#   meta: !!omap
#   - {ucd: ID_NUMBER}
#   - {width: 6}
#   - values: {'null': -2147483648}
# - name: TYC2
#   datatype: string
#   description: Tycho-2 cross-id name, Hog et al., Cat. I/259 (tyc2_original_ext_source_id)
#   meta: !!omap
#   - {ucd: ID_CROSSID}
#   - {_votable_string_dtype: char}
# - name: Source
#   datatype: int64
#   description: Source identifier, identical to the Gaia-EDR3 source_id (id)
#   meta: !!omap
#   - {ucd: ID_MAIN}
#   - {width: 19}
# - name: rgeo
#   unit: pc
#   datatype: float64
#   format: '{:15.8f}'
#   description: '? Median of the geometric distance posterior (r_med_geo)'
#   meta: !!omap
#   - {ucd: PHYS_DISTANCE_TRUE}
#   - {width: 15}
#   - {precision: '8'}
#   - values: {'null': .nan}
# - name: Plx
#   unit: mas
#   datatype: float64
#   format: '{:9.4f}'
#   description: '? Parallax (parallax)'
#   meta: !!omap
#   - {ucd: POS_PARLX_TRIG}
#   - {width: 9}
#   - {precision: '4'}
#   - values: {'null': .nan}
# - name: e_Plx
#   unit: mas
#   datatype: float32
#   format: '{:7.4f}'
#   description: '? Standard error of parallax (parallax_error)'
#   meta: !!omap
#   - {ucd: ERROR}
#   - {width: 7}
#   - {precision: '4'}
#   - values: {'null': .nan}
# - name: pmRA
#   unit: mas / yr
#   datatype: float64
#   format: '{:9.3f}'
#   description: '? Proper motion in right ascension direction, pmRA*cosDE (pmra)'
#   meta: !!omap
#   - {ucd: POS_EQ_PMRA}
#   - {width: 9}
#   - {precision: '3'}
#   - values: {'null': .nan}
# - name: pmDE
#   unit: mas / yr
#   datatype: float64
#   format: '{:9.3f}'
#   description: '? Proper motion in declination direction (pmdec)'
#   meta: !!omap
#   - {ucd: POS_EQ_PMDEC}
#   - {width: 9}
#   - {precision: '3'}
#   - values: {'null': .nan}
# - name: e_pmRA
#   unit: mas / yr
#   datatype: float32
#   format: '{:6.3f}'
#   description: '? Standard error of proper motion in right ascension direction (pmra_error)'
#   meta: !!omap
#   - {ucd: ERROR}
#   - {width: 6}
#   - {precision: '3'}
#   - values: {'null': .nan}
# - name: e_pmDE
[...]
#         value: !astropy.table.SerializedColumn {name: SkyCoord.dec}
#       distance: !astropy.table.SerializedColumn
#         __class__: astropy.coordinates.distances.Distance
#         unit: !astropy.units.Unit {unit: pc}
#         value: !astropy.table.SerializedColumn {name: SkyCoord.distance}
#       frame: icrs
#       obstime: !astropy.time.Time {format: jyear_str, in_subfmt: '*', jd1: 367701545.0, jd2: 0.0, out_subfmt: '*', precision: 3, scale: tt}
#       pm_dec: !astropy.table.SerializedColumn
#         __class__: astropy.units.quantity.Quantity
#         unit: !astropy.units.Unit {unit: mas / yr}
#         value: !astropy.table.SerializedColumn {name: SkyCoord.pm_dec}
#       pm_ra_cosdec: !astropy.table.SerializedColumn
#         __class__: astropy.units.quantity.Quantity
#         unit: !astropy.units.Unit {unit: mas / yr}
#         value: !astropy.table.SerializedColumn {name: SkyCoord.pm_ra_cosdec}
#       ra: !astropy.table.SerializedColumn
#         __class__: astropy.coordinates.angles.Longitude
#         unit: *id001
#         value: !astropy.table.SerializedColumn {name: SkyCoord.ra}
#         wrap_angle: !astropy.coordinates.Angle
#           unit: *id001
#           value: 360.0
#       representation_type: spherical
# schema: astropy-2.0
RA_ICRS_1 DE_ICRS_1 e_RA_ICRS e_DE_ICRS _r_1 HIP TYC2 Source rgeo Plx e_Plx pmRA pmDE e_pmRA e_pmDE RUWE Teff logg Gmag BP-RP BPmag RPmag RV e_RV b_rgeo B_rgeo FG e_FG FBP e_FBP FRP e_FRP RAVE5 RAVE6 e_Gmag e_BPmag e_RPmag e_BP-RP SkyCoord.ra SkyCoord.dec SkyCoord.distance SkyCoord.pm_ra_cosdec SkyCoord.pm_dec rmRA rmDE v_pec "Temp. Est"
[from data line 105]
132.81228592348 -41.61273188533 0.0225 0.0281 11.8316 "" "" 5524620216719789184 1067.41309 0.8985 0.0304 -11.249 10.747 0.029 0.035 1.034 5321.5 4.4953 15.986658 1.342656 16.588316 15.24566 "" "" 1035.85474 1101.11011 7590.72805 2.7067 3162.9 11.695 6322.6 8.6998 "" "" 0.0027823866972598427 0.004888949 0.004063943 0.008952891 132.81228592348 -41.61273188533 1067.41309 -11.249000000000006 10.747 -5.718279289245606 6.82708074760437 45.057664746862656 5321.5
132.90096105342 -41.8180154629 0.0264 0.0304 12.0754 "" "" 5524567989916460416 823.169189 1.1844 0.0346 -10.45 7.067 0.037 0.038 1.044 4712.4 4.5931 16.007475 1.25845 16.570816 15.312366 "" "" 799.212769 854.542725 7446.58053 2.9432 3214.3 9.3642 5945.8 10.775 "" "" 0.0027885373475643274 0.0042178254 0.0042608776 0.008478703 132.90096105342 -41.8180154629 823.169189 -10.45 7.067 -4.919279289245605 3.1470807476043703 22.78591394980987 4712.4
132.63112258334 -41.45928874849 0.0239 0.0275 18.2287 "" "" 5524637121709135744 1089.6261 0.8879 0.0314 -9.752 13.642 0.03 0.035 1.007 5527.7 3.9224 16.011524 1.562385 16.7397 15.177316 "" "" 1055.12915 1127.22388 7418.86166 3.0732 2751.3 7.2236 6733.4 8.3268 "" "" 0.0027917862873549832 0.003988873 0.0040107956 0.007999669 132.63112258334 -41.45928874849 1089.6261 -9.752 13.642000000000007 -4.221279289245606 9.72208074760437 54.74182666829454 5527.7
132.5034222457 -41.6351743138 0.025 0.0254 9.8481 "" "" 5524611111387295488 849.306702 1.1524 0.0317 -9.915 5.073 0.034 0.033 0.931 4664.2 4.5407 16.019947 1.30063 16.60198 15.301351 "" "" 826.563477 873.4599 7361.52463 3.9664 3123.4 11.727 6006.5 11.819 "" "" 0.002816737460992502 0.0049399002 0.004341423 0.009281323 132.5034222457 -41.6351743138 849.306702 -9.914999999999997 5.072999999999999 -4.384279289245605 1.1530807476043705 18.250075126198436 4664.2
132.54264150535 -41.83220676276 0.0355 0.0356 6.0595 "" "" 5524588433960016896 826.211304 1.1745 0.0437 -0.228 1.631 0.049 0.045 1.329 "" "" 16.022362 1.353567 16.595972 15.242405 "" "" 796.327698 855.282654 7345.17436 6.2083 3140.7 9.3662 6341.6 10.62 "" "" 0.0029041246574097977 0.0042742183 0.004194008 0.0084682265 132.54264150535 -41.83220676276 826.211304 -0.22800000000000015 1.6310000000000002 5.302720710754395 -2.2889192523956297 22.61879503921326 ""
132.87301791575 -41.76414794402 0.0252 0.0287 10.3702 "" "" 5524615234556185088 972.457153 1.0048 0.0323 -17.805 12.997 0.036 0.036 0.983 4966.9 4.3944 16.040462 1.262299 16.59324 15.330942 "" "" 940.440796 1013.13715 7223.72818 2.7007 3148.6 11.3 5845.0 9.6136 "" "" 0.0027850600604198725 0.0047925464 0.0041800365 0.008972583 132.87301791575 -41.76414794402 972.457153 -17.805 12.997 -12.274279289245605 9.07708074760437 70.36790265479281 4966.9
132.68414844368 -41.87962618509 0.0268 0.0292 7.2547 "" "" 5524590083227793408 1092.05505 0.8748 0.0344 -10.995 5.963 0.034 0.036 0.959 5424.3 4.5603 16.041801 1.276134 16.603802 15.327667 "" "" 1054.29187 1136.58215 7214.82672 2.8081 3118.1 9.6948 5862.6 10.475 "" "" 0.0027875374323571753 0.004379599 0.004248187 0.008627785 132.68414844368 -41.87962618509 1092.05505 -10.995 5.963000000000001 -5.464279289245605 2.04308074760437 30.197429264995783 5424.3
132.33078029829 -41.33856179453 0.0235 0.0248 29.0338 "" "" 5525370324164704896 1012.23022 0.9526 0.0305 -6.848 12.106 0.032 0.031 0.97 5523.2 4.4694 16.048489 1.541319 16.749443 15.208124 "" "" 981.374817 1045.51807 7170.52661 3.084 2726.7 14.103 6545.0 10.523 "" "" 0.0027946107108587272 0.0062705935 0.004163049 0.010433642 132.33078029829 -41.33856179453 1012.23022 -6.847999999999999 12.105999999999998 -1.3172792892456053 8.18608074760437 39.78184922045438 5523.2
133.02546814708 -41.62932046681 0.0241 0.0292 18.9881 "" "" 5524617777170216064 831.717041 1.1675 0.0336 -9.24 -5.433 0.031 0.034 1.033 4686.4 4.4647 16.06015 1.29937 16.622105 15.322735 "" "" 810.161255 852.776306 7093.92388 2.6908 3066.0 11.72 5889.3 12.7 "" "" 0.0027859279054499885 0.0050010057 0.004445852 0.0094468575 133.02546814708 -41.62932046681 831.717041 -9.24 -5.433 -3.7092792892456057 -9.35291925239563 39.66624694497284 4686.4
132.53309631988 -41.6846485093 0.1052 0.1213 6.7518 "" "" 5524607847212156928 812.89209 1.2057 0.1398 -7.199 12.658 0.148 0.149 4.775 3949.3 4.3832 16.061104 1.788966 16.876726 15.08776 "" "" 735.315674 906.926453 7087.69346 15.349 2425.1 8.5055 7312.3 11.279 "" "" 0.0036221792940036197 0.004720778 0.0041338117 0.00885459 132.53309631988 -41.6846485093 812.89209 -7.199000000000001 12.657999999999998 -1.6682792892456053 8.73808074760437 34.276905674265684 3949.3
132.62329316279 -41.95607518988 0.029 0.0309 11.6121 "" "" 5524583997254554496 860.420776 1.1409 0.0382 -11.837 9.794 0.04 0.037 1.015 4611.9 4.5095 16.077581 1.310714 16.662996 15.352283 "" "" 830.067993 888.191223 6980.93898 3.1721 2952.7 15.208 5731.2 11.996 "" "" 0.0027991402410181376 0.0062495554 0.0044100173 0.010659573 132.62329316279 -41.95607518988 860.420776 -11.837 9.794 -6.306279289245605 5.874080747604371 35.14856406824611 4611.9
132.55619353718 -41.58786652788 0.0241 0.0282 11.1792 "" "" 5524612760654705664 843.171326 1.1573 0.0321 -1.094 -0.297 0.032 0.035 1.015 4848.1 4.6101 16.107199 1.292012 16.67901 15.386998 "" "" 818.137207 870.834534 6793.08861 2.3939 2909.5 10.68 5550.8 10.543 "" "" 0.002781759215852039 0.004865064 0.0043053967 0.0091704605 132.55619353718 -41.58786652788 843.171326 -1.0939999999999999 -0.2969999999999998 4.436720710754394 -4.21691925239563 24.46346910716247 4848.1
132.86365970946 -41.79003624119 0.0278 0.0324 10.0804 "" "" 5524591732495150208 786.116943 1.2451 0.0368 -5.001 -1.788 0.04 0.04 0.973 4612.2 4.6443 16.1176 1.370115 16.731874 15.361759 "" "" 760.460815 810.31543 6728.32581 2.8931 2771.2 16.913 5681.4 11.776 "" "" 0.0027945915113854534 0.007189862 0.004398658 0.011588519 132.86365970946 -41.79003624119 786.116943 -5.001 -1.7879999999999994 0.5297207107543942 -5.70791925239563 21.36021061774823 4612.2
132.29132800385 -41.80528942904 0.0366 0.0414 15.8622 "" "" 5524602620232927616 954.708984 1.0269 0.0469 -17.998 7.818 0.049 0.054 1.609 4824.5 4.4093 16.118132 1.464311 16.76596 15.30165 "" "" 920.224915 991.35083 6725.03377 5.8391 2685.5 12.279 6004.8 8.9936 "" "" 0.0029121266735097754 0.0056947162 0.004114374 0.00980909 132.29132800385 -41.80528942904 954.708984 -17.998 7.818000000000003 -12.467279289245607 3.8980807476043697 59.11185811605469 4824.5
132.08476563381 -41.44205455961 0.0277 0.0544 31.5329 "" "" 5525374069373386112 820.962402 1.1992 0.042 -14.585 13.611 0.038 0.07 0.947 "" "" 16.173677 "" "" "" "" "" 794.517761 857.218445 6389.63595 3.9324 "" "" "" "" "" "" 0.0028351859588468258 "" "" "" 132.08476563381 -41.44205455961 820.962402 -14.585 13.611000000000004 -9.054279289245606 9.69108074760437 51.60964240924087 ""
132.3299826056 -41.39510476052 0.0259 0.0265 26.1248 "" "" 5525367987702502016 870.632996 1.1224 0.0323 -5.465 10.557 0.034 0.035 0.998 4773.4 4.6124 16.177479 1.385381 16.771019 15.385638 "" "" 848.775024 891.054321 6367.30334 2.8488 2673.1 10.708 5557.8 33.232 "" "" 0.002797813772480729 0.0051673297 0.007511968 0.0126792975 132.3299826056 -41.39510476052 870.632996 -5.465000000000002 10.557000000000002 0.06572071075439467 6.6370807476043705 27.39125025660507 4773.4
133.32321849313 -42.47601169375 0.0284 0.0329 52.4512 "" "" 5524326990709396224 938.677612 1.0331 0.0359 9.675 -16.902 0.037 0.039 1.072 6695.4 4.3146 16.20446 1.882791 17.132113 15.249322 "" "" 914.871399 973.100342 6211.02088 5.0057 1916.8 9.8596 6301.3 16.836 "" "" 0.0028909303386294763 0.00624299 0.0047643427 0.011007333 133.32321849313 -42.47601169375 938.677612 9.674999999999997 -16.902 15.205720710754395 -20.82191925239563 114.7173978097591 6695.4
132.84564590068 -41.5946263843 0.0267 0.033 13.6351 "" "" 5524620285437306496 838.029419 1.1717 0.0361 -9.511 -3.468 0.034 0.043 1.068 4679.8 4.3822 16.225788 1.455652 16.86908 15.413427 "" "" 814.236145 862.068115 6090.19498 7.8818 2442.2 13.735 5417.4 21.785 "" "" 0.003092927086199273 0.0067134826 0.005774627 0.01248811 132.84564590068 -41.5946263843 838.029419 -9.511 -3.467999999999999 -3.9802792892456047 -7.38791925239563 33.334801321368055 4679.8
132.63013006571 -42.00439629683 0.0445 0.0486 14.492 "" "" 5524582833319089408 896.586121 1.0883 0.0583 -3.431 11.385 0.062 0.069 2.028 4653.6 4.6811 16.233727 1.39842 16.787842 15.389421 "" "" 852.939941 955.283203 6045.83643 4.6324 2632.0 10.575 5538.5 16.535 "" "" 0.002878168881613219 0.0051783193 0.004979014 0.010157334 132.63013006571 -42.00439629683 896.586121 -3.431000000000001 11.385000000000005 2.0997207107543945 7.46508074760437 32.95630795184813 4653.6
132.98334256293 -41.68710952196 0.0274 0.0323 15.9792 "" "" 5524617158701099264 983.030273 0.9957 0.0372 -8.998 5.489 0.037 0.042 0.988 5333.7 4.5852 16.244234 1.397477 16.874502 15.477025 "" "" 948.608521 1013.4928 5987.60308 2.5056 2430.1 8.8813 5109.1 11.526 "" "" 0.002792528641820113 0.004850818 0.0045036934 0.009354511 132.98334256293 -41.68710952196 983.030273 -8.997999999999996 5.488999999999999 -3.467279289245605 1.56908074760437 17.733321703608883 5333.7
132.07791329295 -41.66197747639 0.0287 0.0329 25.952 "" "" 5525358470055031040 795.71521 1.2256 0.0374 -10.745 12.42 0.039 0.041 1.031 4674.1 4.5949 16.246979 1.41871 16.897966 15.479257 "" "" 775.925537 815.86261 5972.48307 2.7518 2378.1 9.6001 5098.7 12.214 "" "" 0.0028003639927341767 0.005195729 0.004587851 0.00978358 132.07791329295 -41.66197747639 795.71521 -10.745000000000001 12.419999999999998 -5.214279289245605 8.50008074760437 37.61116072592787 4674.1
132.74309295904 -41.60346980251 0.0247 0.0278 10.6032 "" "" 5524620732113949440 1038.05286 0.9434 0.032 -7.7 13.12 0.032 0.036 0.94 5191.1 4.6195 16.259481 1.410198 16.898705 15.488506 "" "" 1004.57922 1074.48474 5904.10538 2.1667 2376.5 10.362 5055.4 7.5455 "" "" 0.0027839806483392635 0.005495088 0.004112158 0.009607246 132.74309295904 -41.60346980251 1038.05286 -7.699999999999997 13.12 -2.1692792892456056 9.20008074760437 46.50915256814162 5191.1
132.51996143026 -41.2506303373 0.0262 0.0319 31.2223 "" "" 5525391008727174016 972.748413 0.9966 0.0348 -12.136 14.848 0.039 0.042 0.986 5802.9 4.534 16.27745 1.524137 16.978151 15.454015 "" "" 934.168091 1003.46497 5807.19191 2.3395 2208.8 8.8088 5218.6 8.0391 "" "" 0.0027898226200322876 0.005151084 0.0041329325 0.009284017 132.51996143026 -41.2506303373 972.748413 -12.135999999999997 14.847999999999997 -6.605279289245605 10.92808074760437 58.87661337480794 5802.9
132.2814677499 -41.87936807523 0.0288 0.0295 17.5393 "" "" 5524601765538568064 968.114868 1.0022 0.0356 -12.543 -6.287 0.037 0.04 0.974 5383.6 4.6039 16.28738 1.413349 16.923794 15.510445 "" "" 935.630737 1001.46893 5754.33241 2.4887 2322.2 9.4325 4954.3 7.7242 "" "" 0.002795046859971848 0.0052186493 0.004141155 0.009359805 132.2814677499 -41.87936807523 968.114868 -12.543 -6.287000000000001 -7.012279289245605 -10.206919252395629 56.82660883532192 5383.6
133.01750197297 -41.70061855001 0.03 0.0377 17.2554 "" "" 5524570257658602880 1028.37451 0.9499 0.0419 1.021 -1.874 0.043 0.045 0.981 5205.1 4.6393 16.324594 1.383108 16.943638 15.56053 "" "" 984.714355 1080.96387 5560.43311 2.629 2280.1 9.5391 4730.9 8.8213 "" "" 0.002802732376655021 0.0053308276 0.0042874515 0.009618279 133.01750197297 -41.70061855001 1028.37451 1.021 -1.8740000000000006 6.551720710754394 -5.79391925239563 42.632900120736565 5205.1
132.94359456808 -41.70631822075 0.032 0.032 13.9554 "" "" 5524615681232373248 1053.29077 0.9273 0.0397 2.196 8.848 0.045 0.042 1.016 5236.9 4.6517 16.330347 1.368174 16.944145 15.575972 "" "" 1009.1507 1089.56653 5531.05152 2.6431 2279.1 7.9926 4664.1 10.101 "" "" 0.0028037439814077086 0.0047204564 0.004451142 0.009171599 132.94359456808 -41.70631822075 1053.29077 2.1960000000000015 8.848000000000003 7.726720710754394 4.928080747604371 45.754702764455374 5236.9
132.42520604688 -41.46002966465 0.0279 0.0294 20.6019 "" "" 5525365135844214144 938.273254 1.0296 0.0352 -12.649 9.051 0.036 0.037 0.983 4799.3 4.502 16.345043 1.40677 16.976418 15.569648 "" "" 908.730957 970.629333 5456.68796 2.9667 2212.3 12.282 4691.4 12.322 "" "" 0.002817842641937513 0.006642126 0.004734542 0.011376668 132.42520604688 -41.46002966465 938.273254 -12.649000000000001 9.050999999999998 -7.118279289245605 5.13108074760437 39.02537541531312 4799.3
132.55706982359 -41.57233801492 0.0278 0.0323 12.047 "" "" 5524612863733913472 889.814392 1.0986 0.0362 -11.779 7.813 0.038 0.043 0.988 4666.9 4.4954 16.35851 1.390231 16.995813 15.605582 "" "" 862.261963 916.688599 5389.4307 2.8359 2173.2 7.6472 4538.6 14.777 "" "" 0.0028139270248642104 0.004730933 0.005174931 0.009905864 132.55706982359 -41.57233801492 889.814392 -11.779 7.812999999999997 -6.248279289245605 3.89308074760437 31.050291294955876 4666.9
132.78746912985 -41.78693077759 0.0296 0.032 6.6958 "" "" 5524592454049320192 910.210266 1.0752 0.0372 -22.28 16.72 0.04 0.04 0.963 4652.7 4.5227 16.36334 1.370213 16.973701 15.603488 "" "" 874.996399 939.727722 5365.50467 2.4336 2217.9 10.263 4547.4 10.43 "" "" 0.002798981468874441 0.005746864 0.0045260517 0.0102729155 132.78746912985 -41.78693077759 910.210266 -22.28 16.72 -16.749279289245607 12.800080747604369 90.94891671470532 4652.7
132.57088581348 -41.93239654976 0.0345 0.0356 10.6397 "" "" 5524586956491655040 894.011963 1.0912 0.0431 -12.519 7.314 0.045 0.044 1.155 4321.0 4.3921 16.37195 1.768676 17.208805 15.440129 "" "" 863.4104 925.415588 5323.12719 3.4739 1786.1 12.85 5285.7 12.363 "" "" 0.0028449679119050796 0.008294636 0.0045533185 0.012847954 132.57088581348 -41.93239654976 894.011963 -12.518999999999995 7.313999999999998 -6.988279289245606 3.39408074760437 32.92162705360112 4321.0
132.96178689245 -42.35639085432 0.032 0.0337 38.3587 "" "" 5524513426651670912 795.355347 1.226 0.0392 -0.342 -8.114 0.04 0.039 1.007 4458.4 4.5693 16.375853 1.521938 17.080965 15.559027 "" "" 775.387207 824.740906 5304.02873 2.5859 2009.2 8.3888 4737.5 9.5256 "" "" 0.0028057056851402847 0.0053230235 0.0043645753 0.009687599 132.96178689245 -42.35639085432 795.355347 -0.3419999999999992 -8.114 5.188720710754395 -12.03391925239563 49.40521478890311 4458.4
132.34199727244 -41.91699470449 0.0324 0.0322 16.2595 "" "" 5524598604444459264 1030.43445 0.9505 0.0394 -12.292 7.062 0.043 0.044 1.007 5364.7 4.5915 16.39646 1.446653 17.050434 15.603781 "" "" 992.973572 1072.45386 5204.3095 2.3352 2066.5 11.091 4546.2 8.3344 "" "" 0.0027980581108991904 0.006460747 0.0042714863 0.0107322335 132.34199727244 -41.91699470449 1030.43445 -12.292000000000002 7.062 -6.761279289245605 3.1420807476043704 36.41560691528703 5364.7
132.76825653316 -41.49446110891 0.0285 0.0336 17.089 "" "" 5524633513936568320 1007.65875 0.9807 0.038 -8.007 0.812 0.037 0.044 0.997 5157.3 4.6271 16.409044 1.373485 17.02453 15.651046 "" "" 977.160583 1042.89502 5144.33571 2.1015 2116.4 8.281 4352.5 8.4604 "" "" 0.002790790128706268 0.0050825793 0.004328713 0.009411292 132.76825653316 -41.49446110891 1007.65875 -8.007000000000001 0.8120000000000009 -2.476279289245605 -3.1079192523956296 18.980091663659056 5157.3
132.79580095008 -41.54120623677 0.0279 0.0338 15.0025 "" "" 5524621453668408960 993.25354 0.9711 0.038 5.188 -1.096 0.035 0.043 0.971 4894.0 4.4686 16.409834 1.463026 17.085926 15.6229 "" "" 961.797485 1032.87195 5140.59147 2.2161 2000.1 5.5863 4466.8 7.9779 "" "" 0.002794793118673225 0.004120793 0.004247837 0.00836863 132.79580095008 -41.54120623677 993.25354 5.188 -1.096 10.718720710754393 -5.01591925239563 55.71609502982216 4894.0
