Clusters/NGC_869/NGC_869_members.tsv
# %ECSV 1.0
# ---
# datatype:
# - name: RA_ICRS_1
#   unit: deg
#   datatype: float64
#   format: '{:15.11f}'
#   description: Right ascension (ICRS) at Ep=2016.0 (ra)
#   meta: !!omap
#   - {ucd: POS_EQ_RA_MAIN}
#   - {width: 15}
#   - {precision: '11'}
# - name: DE_ICRS_1
#   unit: deg
#   datatype: float64
#   format: '{:15.11f}'
#   description: Declination (ICRS) at Ep=2016.0 (dec)
#   meta: !!omap
#   - {ucd: POS_EQ_DEC_MAIN}
#   - {width: 15}
#   - {precision: '11'}
# - name: e_RA_ICRS
#   unit: mas
#   datatype: float64
#   format: '{:7.4f}'
#   description: Standard error of right ascension (ra_error)
#   meta: !!omap
#   - {ucd: ERROR}
#   - {width: 7}
#   - {precision: '4'}
# - name: e_DE_ICRS
#   unit: mas
#   datatype: float64
#   format: '{:7.4f}'
#   description: Standard error of declination (dec_error)
#   meta: !!omap
#   - {ucd: ERROR}
#   - {width: 7}
#   - {precision: '4'}
# - name: _r_1
#   unit: ''
#   datatype: float64
#   format: '{:7.4f}'
#   description: Distance from center (034.74421562000+57.13649893000)[ICRS], at Epoch=J2016.0
#   meta: !!omap
#   - {ucd: POS_ANG_DIST_GENERAL}
#   - {width: 7}
#   - {precision: '4'}
# - name: HIP
#   datatype: int32
#   description: '? HIP cross-id number, van Leeuwen, Cat. I/311 (hip_original_ext_source_id)'
#   meta: !!omap
#   - {ucd: ID_NUMBER}
#   - {width: 6}
#   - values: {'null': -2147483648}
# - name: TYC2
#   datatype: string
#   description: Tycho-2 cross-id name, Hog et al., Cat. I/259 (tyc2_original_ext_source_id)
#   meta: !!omap
#   - {ucd: ID_CROSSID}
#   - {_votable_string_dtype: char}
# - name: Source
#   datatype: int64
#   description: Source identifier, identical to the Gaia-EDR3 source_id (id)
#   meta: !!omap
#   - {ucd: ID_MAIN}
#   - {width: 19}
# - name: rgeo
#   unit: pc
#   datatype: float64
#   format: '{:15.8f}'
#   description: '? Median of the geometric distance posterior (r_med_geo)'
#   meta: !!omap
#   - {ucd: PHYS_DISTANCE_TRUE}
#   - {width: 15}
#   - {precision: '8'}
#   - values: {'null': .nan}
# - name: Plx
#   unit: mas
#   datatype: float64
#   format: '{:9.4f}'
#   description: '? Parallax (parallax)'
#   meta: !!omap
#   - {ucd: POS_PARLX_TRIG}
#   - {width: 9}
#   - {precision: '4'}
#   - values: {'null': .nan}
# - name: e_Plx
#   unit: mas
#   datatype: float32
#   format: '{:7.4f}'
#   description: '? Standard error of parallax (parallax_error)'
#   meta: !!omap
#   - {ucd: ERROR}
#   - {width: 7}
#   - {precision: '4'}
#   - values: {'null': .nan}
# - name: pmRA
#   unit: mas / yr
#   datatype: float64
#   format: '{:9.3f}'
#   description: '? Proper motion in right ascension direction, pmRA*cosDE (pmra)'
#   meta: !!omap
#   - {ucd: POS_EQ_PMRA}
#   - {width: 9}
#   - {precision: '3'}
#   - values: {'null': .nan}
# - name: pmDE
#   unit: mas / yr
#   datatype: float64
#   format: '{:9.3f}'
#   description: '? Proper motion in declination direction (pmdec)'
#   meta: !!omap
#   - {ucd: POS_EQ_PMDEC}
#   - {width: 9}
#   - {precision: '3'}
#   - values: {'null': .nan}
# - name: e_pmRA
#   unit: mas / yr
#   datatype: float32
#   format: '{:6.3f}'
#   description: '? Standard error of proper motion in right ascension direction (pmra_error)'
#   meta: !!omap
#   - {ucd: ERROR}
#   - {width: 6}
#   - {precision: '3'}
#   - values: {'null': .nan}
# - name: e_pmDE
[...]
#       distance: !astropy.table.SerializedColumn
#         __class__: astropy.coordinates.distances.Distance
#         unit: !astropy.units.Unit {unit: pc}
#         value: !astropy.table.SerializedColumn {name: SkyCoord.distance}
#       frame: icrs
#       obstime: !astropy.time.Time {format: jyear_str, in_subfmt: '*', jd1: 367701545.0, jd2: 0.0, out_subfmt: '*', precision: 3, scale: tt}
#       pm_dec: !astropy.table.SerializedColumn
#         __class__: astropy.units.quantity.Quantity
#         unit: !astropy.units.Unit {unit: mas / yr}
#         value: !astropy.table.SerializedColumn {name: SkyCoord.pm_dec}
#       pm_ra_cosdec: !astropy.table.SerializedColumn
#         __class__: astropy.units.quantity.Quantity
#         unit: !astropy.units.Unit {unit: mas / yr}
#         value: !astropy.table.SerializedColumn {name: SkyCoord.pm_ra_cosdec}
#       ra: !astropy.table.SerializedColumn
#         __class__: astropy.coordinates.angles.Longitude
#         unit: *id001
#         value: !astropy.table.SerializedColumn {name: SkyCoord.ra}
#         wrap_angle: !astropy.coordinates.Angle
#           unit: *id001
#           value: 360.0
#       representation_type: spherical
# schema: astropy-2.0
RA_ICRS_1 DE_ICRS_1 e_RA_ICRS e_DE_ICRS _r_1 HIP TYC2 Source rgeo Plx e_Plx pmRA pmDE e_pmRA e_pmDE RUWE Teff logg Gmag BP-RP BPmag RPmag RV e_RV b_rgeo B_rgeo FG e_FG FBP e_FBP FRP e_FRP RAVE5 RAVE6 e_Gmag e_BPmag e_RPmag e_BP-RP SkyCoord.ra SkyCoord.dec SkyCoord.distance SkyCoord.pm_ra_cosdec SkyCoord.pm_dec rmRA rmDE e_rmRA e_rmDE rRV e_rRV v_pec v_pec3d e_vpec e_vpec3d Pmemb
[from data line 187]
34.51228058746 57.16120464852 0.0146 0.0184 7.6931 "" "" 458560296561769216 2282.36304 0.4153 0.0246 -0.683 -1.003 0.02 0.024 0.981 9257.7 4.1298 15.002781 0.850471 15.339116 14.488646 "" "" 2136.06299 2448.83716 18786.0029 4.6297 9994.7 14.91 12697.0 11.101 "" "" 0.00276828193565756 0.0032262125 0.0038967708 0.007122983 34.51228058746 57.16120464852 2282.36304 -0.6830000000000004 -1.0030000000000008 -0.03391173648834234 0.14292278003692638 0.1230918 0.1270918 "" "" 1.5891242787887934 "" 0.20163092537873606 "" 0.9
35.02148691719 57.25823946216 0.0146 0.0181 11.601 "" "" 458470308408857600 2206.71289 0.4157 0.0243 -0.545 -1.073 0.019 0.022 1.027 9258.1 4.1407 15.02243 0.81049 15.340256 14.529766 "" "" 2100.60596 2342.61548 18449.06836 4.6457 9984.2 13.958 12225.0 11.448 "" "" 0.0027688513554376274 0.0031763145 0.003913753 0.0070900675 35.02148691719 57.25823946216 2206.71289 -0.5449999999999995 -1.073 0.10408826351165767 0.07292278003692632 0.1220918 0.12509179 "" "" 1.329347888359128 "" 0.16362618341961224 "" 0.9
34.74602676737 57.07322487377 0.0149 0.0194 3.7969 "" "" 458368672303403648 2305.25146 0.4096 0.0254 -0.656 -1.175 0.02 0.025 0.997 9354.9 3.9345 15.023108 0.924143 15.392004 14.467861 "" "" 2168.80981 2496.4397 18437.55432 4.4429 9519.5 14.491 12942.0 18.577 "" "" 0.0027677137964490918 0.0032429383 0.0040880996 0.007331038 34.74602676737 57.07322487377 2305.25146 -0.6559999999999999 -1.1750000000000007 -0.006911736488342313 -0.029077219963073775 0.1230918 0.1280918 "" "" 0.32657641577810337 "" 0.041746048840299796 "" 0.8
34.7722716488 57.07400523777 0.0143 0.0188 3.8595 "" "" 458368500504707072 2298.59033 0.4052 0.0254 -0.53 -1.15 0.019 0.023 1.001 9490.8 4.033 15.029323 0.839217 15.359349 14.520132 "" "" 2176.4895 2489.99536 18332.33819 4.2298 9810.2 18.903 12334.0 11.997 "" "" 0.002766684841731815 0.003487381 0.0039241575 0.0074115386 34.7722716488 57.07400523777 2298.59033 -0.5299999999999998 -1.15 0.11908826351165769 -0.004077219963073642 0.1220918 0.1260918 "" "" 1.2982647453795606 "" 0.15851365909083218 "" 0.8
34.69072503628 57.08613259438 0.0145 0.0196 3.4885 "" "" 458371592881155072 2116.63843 0.4381 0.0253 -0.416 -1.188 0.02 0.025 1.031 9278.6 4.0385 15.035029 0.809618 15.350495 14.540877 "" "" 2013.60046 2227.43433 18236.23206 4.8443 9890.5 12.644 12101.0 18.371 "" "" 0.0027703742574956727 0.0031163443 0.00412318 0.0072395243 34.69072503628 57.08613259438 2116.63843 -0.4159999999999999 -1.188 0.23308826351165773 -0.042077219963073675 0.1230918 0.1280918 "" "" 2.376341714901897 "" 0.2928905269262255 "" 0.9
34.49827784843 57.14715489306 0.0147 0.0185 8.0317 "" "" 458560262202039680 2218.9043 0.4143 0.025 -0.755 -1.178 0.02 0.024 0.978 9433.6 4.1904 15.035687 0.800414 15.348663 14.548249 "" "" 2093.44141 2352.84937 18225.17934 4.6494 9907.2 17.317 12019.0 11.229 "" "" 0.0027692070486178967 0.0033744066 0.0039131413 0.007287548 34.49827784843 57.14715489306 2218.9043 -0.7549999999999999 -1.178 -0.10591173648834229 -0.032077219963073667 0.1230918 0.1270918 "" "" 1.1639072327701983 "" 0.1436644167821714 "" 0.8
34.72591236482 57.13710544373 0.0194 0.0231 0.597 "" "" 458377605835289472 2371.49146 0.396 0.0291 -0.747 -1.271 0.024 0.03 1.01 9599.4 4.1814 15.084336 0.817263 15.385645 14.568382 "" "" 2197.86157 2543.32593 17426.5837 6.0983 9575.4 74.451 11798.0 47.391 "" "" 0.0027813931167325703 0.008891004 0.005770988 0.014661992 34.72591236482 57.13710544373 2371.49146 -0.7469999999999997 -1.271 -0.09791173648834228 -0.12507721996307364 0.1270918 0.13309179 "" "" 1.78553062235118 "" 0.23362679669374148 "" 0.8
34.40489668438 57.0330855391 0.016 0.0188 12.6843 "" "" 458370287211190272 2504.63452 0.3744 0.0262 -0.647 -1.16 0.022 0.025 1.052 9681.0 4.1436 15.092551 0.835368 15.41294 14.577572 "" "" 2351.19995 2691.59497 17295.22136 7.4346 9337.7 12.891 11698.0 18.5 "" "" 0.002794569076428796 0.003167291 0.0041511455 0.007318436 34.40489668438 57.0330855391 2504.63452 -0.6470000000000001 -1.1599999999999997 0.0020882635116576953 -0.01407721996307365 0.12509179 0.1280918 "" "" 0.16895314356884716 "" 0.021630723225862004 "" 0.9
34.55942960513 57.03033001276 0.0169 0.0225 8.768 "" "" 458369771814773888 2345.58887 0.3986 0.0301 -0.444 -1.24 0.023 0.028 1.132 9406.5 4.068 15.10585 0.938745 15.48185 14.543105 "" "" 2184.88818 2504.77148 17084.67503 5.3864 8763.5 11.332 12076.0 14.303 "" "" 0.002776502063424113 0.0031234818 0.0039921706 0.0071156523 34.55942960513 57.03033001276 2345.58887 -0.4440000000000004 -1.24 0.2050882635116577 -0.09407721996307372 0.1260918 0.1310918 "" "" 2.508644460547797 "" 0.3185354749058969 "" 0.8
34.77843500038 57.033014661 0.0153 0.0199 6.3085 "" "" 458367538432080128 2239.0813 0.4162 0.0271 -0.489 -1.158 0.02 0.025 1.004 10016.3 4.2596 15.107149 0.796353 15.383801 14.587448 "" "" 2117.81201 2378.40405 17064.24872 5.0639 9591.7 47.223 11593.0 69.884 "" "" 0.0027740945678074325 0.0060298108 0.007557783 0.013587594 34.77843500038 57.033014661 2239.0813 -0.489 -1.158 0.16008826351165772 -0.012077219963073649 0.1230918 0.1280918 "" "" 1.7038841179521014 "" 0.20978335243701307 "" 0.9
34.79973864783 57.07171862971 0.015 0.019 4.2873 "" "" 458368431785229568 2242.33789 0.4162 0.0256 -0.703 -1.039 0.02 0.024 1.036 9300.7 4.1696 15.109671 0.88517 15.461679 14.576509 "" "" 2125.29419 2398.20923 17024.66083 4.5863 8927.8 13.558 11710.0 15.369 "" "" 0.0027708010987534774 0.0032409388 0.004039101 0.0072800396 34.79973864783 57.07171862971 2242.33789 -0.703 -1.039 -0.05391173648834224 0.10692278003692635 0.1230918 0.1270918 "" "" 1.272735525385319 "" 0.16073535153306265 "" 0.9
34.48266737453 57.18616115467 0.0156 0.0197 9.0165 "" "" 458560571439660160 2428.86108 0.3836 0.0254 -0.705 -1.186 0.021 0.027 0.93 9597.8 4.4481 15.117505 0.80039 15.431894 14.631504 "" "" 2282.55859 2564.04468 16902.2622 4.4311 9176.1 14.584 11132.0 11.231 "" "" 0.002769983304028022 0.0032806676 0.003934922 0.0072155898 34.48266737453 57.18616115467 2428.86108 -0.7050000000000001 -1.1859999999999995 -0.055911736488342245 -0.040077219963073674 0.1240918 0.1300918 "" "" 0.7919858449970434 "" 0.09991712510132537 "" 0.9
34.62786173257 57.09559081487 0.0149 0.0198 4.5157 "" "" 458371455442197376 2099.33398 0.4418 0.0261 -0.765 -1.097 0.02 0.025 1.045 8350.8 3.989 15.118557 1.016966 15.535662 14.518696 "" "" 1984.34558 2217.45459 16885.88552 4.1748 8339.7 11.702 12350.0 13.358 "" "" 0.0027683651761145124 0.003178995 0.0039576297 0.007136625 34.62786173257 57.09559081487 2099.33398 -0.7650000000000002 -1.0969999999999993 -0.1159117364883423 0.048922780036926294 0.1230918 0.1280918 "" "" 1.2519477159264518 "" 0.15506722726339153 "" 0.8
34.64806714683 57.07857880089 0.016 0.0215 4.6789 "" "" 458371249283787776 2514.23682 0.3681 0.0281 -0.636 -1.118 0.022 0.028 1.109 9346.9 4.2575 15.136178 0.782597 15.442889 14.660293 "" "" 2377.96582 2641.84326 16614.04582 4.4271 9083.7 11.853 10840.0 11.161 "" "" 0.0027704677448402637 0.0031292485 0.0039412435 0.007070492 34.64806714683 57.07857880089 2514.23682 -0.6359999999999999 -1.118 0.013088263511657705 0.027922780036926165 0.12509179 0.1310918 "" "" 0.3675117208744573 "" 0.04778808374165015 "" 0.9
34.57509526806 57.14189546553 0.0161 0.0197 5.5154 "" "" 458372726752245120 2488.27002 0.3759 0.0274 -0.477 -1.141 0.021 0.025 1.01 9379.4 4.1774 15.13966 0.76494 15.437738 14.672798 "" "" 2319.16187 2641.31323 16560.8494 4.4851 9126.9 17.959 10716.0 10.718 "" "" 0.002770965873417084 0.003514152 0.003932301 0.007446453 34.57509526806 57.14189546553 2488.27002 -0.4769999999999999 -1.1409999999999998 0.17208826351165774 0.004922780036926255 0.1240918 0.1280918 "" "" 2.0305080810076874 "" 0.25197614359292375 "" 1.0
34.59509739277 57.12989741422 0.015 0.0199 4.8716 "" "" 458372658032770432 2220.08325 0.419 0.0262 -0.749 -1.221 0.021 0.025 0.954 9494.7 4.179 15.140851 0.787439 15.448058 14.660619 "" "" 2094.79736 2364.26733 16542.705 4.1451 9040.5 15.1 10837.0 9.9691 "" "" 0.002768718474317015 0.0033277166 0.0039091296 0.0072368463 34.59509739277 57.12989741422 2220.08325 -0.7490000000000003 -1.2210000000000005 -0.09991173648834228 -0.07507721996307382 0.1240918 0.1280918 "" "" 1.3151443889695476 "" 0.1651164051472698 "" 0.8
34.93678852494 57.00810370832 0.016 0.0192 9.9395 "" "" 458361422398659712 2111.88794 0.4437 0.0263 -0.366 -1.09 0.022 0.024 0.979 9684.9 4.2996 15.144418 1.104045 15.603186 14.499141 "" "" 1995.21326 2232.29175 16488.44699 7.1755 7836.9 19.314 12575.0 18.397 "" "" 0.002795539375107654 0.0038658644 0.0040996075 0.007965472 34.93678852494 57.00810370832 2111.88794 -0.366 -1.09 0.2830882635116577 0.05592278003692619 0.12509179 0.1270918 "" "" 2.888576696887748 "" 0.3615558829222179 "" 0.8
34.65054265308 57.14374784473 0.0157 0.0205 3.0804 "" "" 458372039557674880 2353.37036 0.3968 0.0262 -0.722 -1.075 0.021 0.027 1.009 9324.3 4.2569 15.153688 0.774679 15.457231 14.682551 "" "" 2195.34668 2499.28833 16348.25752 4.364 8964.5 11.842 10620.0 12.218 "" "" 0.002770521358987859 0.0031372132 0.003980452 0.0071176654 34.65054265308 57.14374784473 2353.37036 -0.7220000000000004 -1.0750000000000006 -0.07291173648834226 0.07092278003692631 0.1240918 0.1300918 "" "" 1.134640442165736 "" 0.14414953813112186 "" 0.8
34.70718881705 57.20762114861 0.015 0.0202 4.434 "" "" 458378499188416384 2327.91138 0.4078 0.0256 -0.704 -1.241 0.02 0.026 0.957 9239.6 4.2021 15.174095 0.860659 15.518969 14.65831 "" "" 2194.72974 2468.21436 16043.85904 4.3048 8468.9 15.389 10860.0 14.223 "" "" 0.002770677900576694 0.0034172253 0.0040380294 0.007455255 34.70718881705 57.20762114861 2327.91138 -0.7040000000000003 -1.241000000000001 -0.054911736488342244 -0.09507721996307383 0.1230918 0.1290918 "" "" 1.2115126974148291 "" 0.15461020250661417 "" 1.0
34.56754271015 57.09624034052 0.0149 0.0195 6.2417 "" "" 458372138332430080 2367.00806 0.3974 0.0257 -0.64 -1.109 0.02 0.024 0.988 8455.1 3.6078 15.176099 0.848678 15.509728 14.66105 "" "" 2245.57642 2551.39893 16014.27618 3.6939 8541.3 12.821 10833.0 8.7654 "" "" 0.0027666783606707544 0.0032312765 0.003880143 0.0071114195 34.56754271015 57.09624034052 2367.00806 -0.64 -1.1089999999999998 0.009088263511657702 0.036922780036926284 0.1230918 0.1270918 "" "" 0.42662415201356485 "" 0.05412439472137809 "" 0.8
34.89676603079 57.09440992531 0.0158 0.0198 5.5744 "" "" 458374032422538880 2423.85815 0.3869 0.0268 -0.639 -1.127 0.022 0.024 1.04 9496.6 4.1108 15.179043 0.892612 15.534672 14.642059 "" "" 2236.1001 2599.96436 15970.90196 3.7584 8347.3 11.254 11024.0 12.953 "" "" 0.002767141439242789 0.00315084 0.0039888835 0.0071397237 34.89676603079 57.09440992531 2423.85815 -0.6389999999999999 -1.127 0.010088263511657702 0.018922780036926268 0.12509179 0.1270918 "" "" 0.2463718689866559 "" 0.031203459092359772 "" 0.8
34.71714936091 57.41486213962 0.0162 0.0216 16.7248 "" "" 458569917288567808 2136.27393 0.4447 0.0283 -0.56 -1.297 0.022 0.029 0.947 9753.9 4.1692 15.196568 0.864451 15.534596 14.670144 "" "" 1992.76575 2268.02588 15715.18479 4.2631 8347.9 16.844 10742.0 20.155 "" "" 0.002771017439447839 0.0035474529 0.004293447 0.0078409 34.71714936091 57.41486213962 2136.27393 -0.5599999999999997 -1.2969999999999988 0.08908826351165766 -0.15107721996307366 0.12509179 0.13209179 "" "" 1.7759708182479184 "" 0.23144753965884746 "" 0.8
34.99959619977 57.23768527992 0.0153 0.0193 10.2862 "" "" 458376437604071552 2232.3374 0.4187 0.0253 -0.58 -1.105 0.021 0.024 1.054 9245.5 4.2829 15.205179 0.82553 15.532534 14.707004 "" "" 2131.08325 2377.21362 15591.03743 4.0428 8363.8 13.446 10384.0 9.7796 "" "" 0.002769666235657229 0.0032911599 0.003915267 0.007206427 34.99959619977 57.23768527992 2232.3374 -0.5799999999999997 -1.1049999999999998 0.06908826351165775 0.04092278003692629 0.1240918 0.1270918 "" "" 0.8496617090768115 "" 0.10610397095843703 "" 0.9
35.10427659583 57.17401145147 0.017 0.0218 11.9313 "" "" 458364274256726272 2138.88525 0.4412 0.0283 -0.626 -1.123 0.023 0.028 1.095 9446.3 4.1664 15.222015 0.903945 15.584003 14.680058 "" "" 2011.85803 2251.57373 15351.1412 4.0769 7976.6 13.115 10645.0 10.672 "" "" 0.00277036689512904 0.0033123721 0.003933006 0.007245378 35.10427659583 57.17401145147 2138.88525 -0.6259999999999996 -1.1230000000000002 0.023088263511657714 0.02292278003692627 0.1260918 0.1310918 "" "" 0.3298494176206464 "" 0.042418014023920335 "" 0.9
34.92520656006 57.23380888849 0.0159 0.0202 8.2899 "" "" 458377124798844672 2158.33105 0.4337 0.0268 -0.985 -1.044 0.022 0.026 1.043 9251.0 4.0945 15.243367 0.913573 15.610189 14.696616 "" "" 2045.80847 2273.01709 15052.19995 3.8163 7786.5 14.049 10484.0 15.368 "" "" 0.0027690369697491784 0.0034091943 0.004100816 0.00751001 34.92520656006 57.23380888849 2158.33105 -0.9849999999999998 -1.044 -0.33591173648834227 0.10192278003692623 0.12509179 0.1290918 "" "" 3.591250683769661 "" 0.45046467996371303 "" 0.9
34.38002920639 57.0866320227 0.0165 0.0204 12.2367 "" "" 458558372416460928 2423.70532 0.3802 0.0283 -0.596 -1.18 0.022 0.027 0.966 9153.3 4.2981 15.264108 0.799606 15.577205 14.777598 "" "" 2279.06836 2579.27002 14767.3815 4.0272 8026.7 14.224 9730.1 12.163 "" "" 0.002771183648837949 0.0033892316 0.0040156883 0.0074049197 34.38002920639 57.0866320227 2423.70532 -0.5959999999999994 -1.1800000000000002 0.05308826351165774 -0.03407721996307367 0.12509179 0.1300918 "" "" 0.7247345992484189 "" 0.09173053455008918 "" 0.8
34.81926085176 57.08392170523 0.0158 0.0206 3.9913 "" "" 458374341660210944 2394.2041 0.3866 0.0265 -0.564 -1.146 0.021 0.026 1.017 9267.6 4.1424 15.273232 0.941575 15.655387 14.713812 "" "" 2249.40576 2534.15747 14643.8004 3.461 7469.0 12.01 10319.0 10.643 "" "" 0.0027672436917797485 0.003291354 0.003941794 0.007233148 34.81926085176 57.08392170523 2394.2041 -0.5640000000000005 -1.1460000000000004 0.08508826351165777 -7.72199630736381e-05 0.1240918 0.1290918 "" "" 0.9656268904216002 "" 0.11982637971205017 "" 0.8
34.83426053035 57.04498564583 0.0164 0.0197 6.2262 "" "" 458367607151538048 2237.29028 0.4128 0.0271 -0.68 -1.115 0.022 0.024 0.986 9407.0 4.3663 15.273405 0.892546 15.631099 14.738553 "" "" 2120.31616 2370.45776 14641.47573 3.5902 7638.0 13.496 10086.0 11.403 "" "" 0.0027681524831458634 0.0033860723 0.0039737266 0.007359799 34.83426053035 57.04498564583 2237.29028 -0.6800000000000003 -1.1149999999999998 -0.030911736488342334 0.03092278003692628 0.12509179 0.1270918 "" "" 0.4636781767138039 "" 0.05846801701115734 "" 0.8
34.77145754962 57.19199129399 0.0164 0.0211 3.4455 "" "" 458378258670254208 2410.40869 0.383 0.0274 -0.632 -1.162 0.023 0.027 1.004 9365.8 4.1427 15.278089 0.868617 15.623441 14.754824 "" "" 2279.99756 2572.50928 14578.4486 3.8991 7692.0 11.317 9936.4 14.727 "" "" 0.0027705801020067727 0.0032150843 0.004107706 0.00732279 34.77145754962 57.19199129399 2410.40869 -0.6320000000000001 -1.1620000000000004 0.01708826351165771 -0.016077219963073652 0.1260918 0.1300918 "" "" 0.26806620573292755 "" 0.03430859829621186 "" 0.9
34.70891189152 57.18642321371 0.0169 0.0213 3.2081 "" "" 458378121231734784 2320.69482 0.4019 0.028 -0.669 -1.145 0.023 0.028 1.052 9516.6 4.1539 15.282592 0.92703 15.648596 14.721566 "" "" 2180.02515 2456.57666 14518.10193 3.8436 7515.9 19.633 10245.0 14.978 "" "" 0.0027702731342847476 0.0039785453 0.0040991865 0.008077731 34.70891189152 57.18642321371 2320.69482 -0.6689999999999997 -1.145 -0.019911736488342324 0.0009227800369262518 0.1260918 0.1310918 "" "" 0.2192660447356765 "" 0.02765004481622921 "" 0.9
