Clusters/NGC_869/NGC_869_members.tsv
# %ECSV 1.0
# ---
# datatype:
# - name: RA_ICRS_1
#   unit: deg
#   datatype: float64
#   format: '{:15.11f}'
#   description: Right ascension (ICRS) at Ep=2016.0 (ra)
#   meta: !!omap
#   - {ucd: POS_EQ_RA_MAIN}
#   - {width: 15}
#   - {precision: '11'}
# - name: DE_ICRS_1
#   unit: deg
#   datatype: float64
#   format: '{:15.11f}'
#   description: Declination (ICRS) at Ep=2016.0 (dec)
#   meta: !!omap
#   - {ucd: POS_EQ_DEC_MAIN}
#   - {width: 15}
#   - {precision: '11'}
# - name: e_RA_ICRS
#   unit: mas
#   datatype: float64
#   format: '{:7.4f}'
#   description: Standard error of right ascension (ra_error)
#   meta: !!omap
#   - {ucd: ERROR}
#   - {width: 7}
#   - {precision: '4'}
# - name: e_DE_ICRS
#   unit: mas
#   datatype: float64
#   format: '{:7.4f}'
#   description: Standard error of declination (dec_error)
#   meta: !!omap
#   - {ucd: ERROR}
#   - {width: 7}
#   - {precision: '4'}
# - name: _r_1
#   unit: ''
#   datatype: float64
#   format: '{:7.4f}'
#   description: Distance from center (034.74421562000+57.13649893000)[ICRS], at Epoch=J2016.0
#   meta: !!omap
#   - {ucd: POS_ANG_DIST_GENERAL}
#   - {width: 7}
#   - {precision: '4'}
# - name: HIP
#   datatype: int32
#   description: '? HIP cross-id number, van Leeuwen, Cat. I/311 (hip_original_ext_source_id)'
#   meta: !!omap
#   - {ucd: ID_NUMBER}
#   - {width: 6}
#   - values: {'null': -2147483648}
# - name: TYC2
#   datatype: string
#   description: Tycho-2 cross-id name, Hog et al., Cat. I/259 (tyc2_original_ext_source_id)
#   meta: !!omap
#   - {ucd: ID_CROSSID}
#   - {_votable_string_dtype: char}
# - name: Source
#   datatype: int64
#   description: Source identifier, identical to the Gaia-EDR3 source_id (id)
#   meta: !!omap
#   - {ucd: ID_MAIN}
#   - {width: 19}
# - name: rgeo
#   unit: pc
#   datatype: float64
#   format: '{:15.8f}'
#   description: '? Median of the geometric distance posterior (r_med_geo)'
#   meta: !!omap
#   - {ucd: PHYS_DISTANCE_TRUE}
#   - {width: 15}
#   - {precision: '8'}
#   - values: {'null': .nan}
# - name: Plx
#   unit: mas
#   datatype: float64
#   format: '{:9.4f}'
#   description: '? Parallax (parallax)'
#   meta: !!omap
#   - {ucd: POS_PARLX_TRIG}
#   - {width: 9}
#   - {precision: '4'}
#   - values: {'null': .nan}
# - name: e_Plx
#   unit: mas
#   datatype: float32
#   format: '{:7.4f}'
#   description: '? Standard error of parallax (parallax_error)'
#   meta: !!omap
#   - {ucd: ERROR}
#   - {width: 7}
#   - {precision: '4'}
#   - values: {'null': .nan}
# - name: pmRA
#   unit: mas / yr
#   datatype: float64
#   format: '{:9.3f}'
#   description: '? Proper motion in right ascension direction, pmRA*cosDE (pmra)'
#   meta: !!omap
#   - {ucd: POS_EQ_PMRA}
#   - {width: 9}
#   - {precision: '3'}
#   - values: {'null': .nan}
# - name: pmDE
#   unit: mas / yr
#   datatype: float64
#   format: '{:9.3f}'
#   description: '? Proper motion in declination direction (pmdec)'
#   meta: !!omap
#   - {ucd: POS_EQ_PMDEC}
#   - {width: 9}
#   - {precision: '3'}
#   - values: {'null': .nan}
# - name: e_pmRA
#   unit: mas / yr
#   datatype: float32
#   format: '{:6.3f}'
#   description: '? Standard error of proper motion in right ascension direction (pmra_error)'
#   meta: !!omap
#   - {ucd: ERROR}
#   - {width: 6}
#   - {precision: '3'}
#   - values: {'null': .nan}
# - name: e_pmDE
[...]
#       distance: !astropy.table.SerializedColumn
#         __class__: astropy.coordinates.distances.Distance
#         unit: !astropy.units.Unit {unit: pc}
#         value: !astropy.table.SerializedColumn {name: SkyCoord.distance}
#       frame: icrs
#       obstime: !astropy.time.Time {format: jyear_str, in_subfmt: '*', jd1: 367701545.0, jd2: 0.0, out_subfmt: '*', precision: 3, scale: tt}
#       pm_dec: !astropy.table.SerializedColumn
#         __class__: astropy.units.quantity.Quantity
#         unit: !astropy.units.Unit {unit: mas / yr}
#         value: !astropy.table.SerializedColumn {name: SkyCoord.pm_dec}
#       pm_ra_cosdec: !astropy.table.SerializedColumn
#         __class__: astropy.units.quantity.Quantity
#         unit: !astropy.units.Unit {unit: mas / yr}
#         value: !astropy.table.SerializedColumn {name: SkyCoord.pm_ra_cosdec}
#       ra: !astropy.table.SerializedColumn
#         __class__: astropy.coordinates.angles.Longitude
#         unit: *id001
#         value: !astropy.table.SerializedColumn {name: SkyCoord.ra}
#         wrap_angle: !astropy.coordinates.Angle
#           unit: *id001
#           value: 360.0
#       representation_type: spherical
# schema: astropy-2.0
RA_ICRS_1 DE_ICRS_1 e_RA_ICRS e_DE_ICRS _r_1 HIP TYC2 Source rgeo Plx e_Plx pmRA pmDE e_pmRA e_pmDE RUWE Teff logg Gmag BP-RP BPmag RPmag RV e_RV b_rgeo B_rgeo FG e_FG FBP e_FBP FRP e_FRP RAVE5 RAVE6 e_Gmag e_BPmag e_RPmag e_BP-RP SkyCoord.ra SkyCoord.dec SkyCoord.distance SkyCoord.pm_ra_cosdec SkyCoord.pm_dec rmRA rmDE e_rmRA e_rmDE rRV e_rRV v_pec v_pec3d e_vpec e_vpec3d Pmemb
[from data line 93]
34.59420951352 57.19475293125 0.0095 0.0129 6.0027 "" "" 458373104709354752 2224.02319 0.4173 0.0167 -0.668 -1.062 0.013 0.016 0.959 "" "" 13.996347 0.582369 14.211557 13.629189 "" "" 2158.68091 2307.71729 47468.75239 13.296 28235.0 24.509 28021.0 18.332 "" "" 0.002772052521371238 0.0029450427 0.0038455524 0.006790595 34.59420951352 57.19475293125 2224.02319 -0.6680000000000001 -1.0620000000000005 -0.018911736488342323 0.08392278003692621 0.1160918 0.1190918 "" "" 0.9068880205258599 "" 0.10787302415363134 "" 0.8
35.1031953071 57.11469533676 0.0099 0.0122 11.7642 "" "" 458363483982801536 2316.86279 0.4003 0.0161 -0.642 -1.123 0.013 0.016 1.035 11482.5 4.1219 14.019953 0.665131 14.272798 13.607667 "" "" 2230.81665 2412.20923 46447.85616 10.655 26687.0 20.761 28582.0 18.553 "" "" 0.002766554282880999 0.0029152134 0.0038445317 0.006759745 35.1031953071 57.11469533676 2316.86279 -0.6420000000000001 -1.123 0.0070882635116577 0.02292278003692627 0.1160918 0.1190918 "" "" 0.2634970526411063 "" 0.031312144101038414 "" 0.9
34.59686123128 57.15090068763 0.0208 0.0295 4.8739 "" "" 458372761111980032 2222.69971 0.4238 0.0366 -0.487 -1.333 0.028 0.037 2.43 10190.6 3.9078 14.045406 0.748094 14.327354 13.579261 "" "" 2070.42285 2438.21533 45371.6123 10.767 25379.0 25.731 29340.0 21.824 "" "" 0.002767340664812256 0.0029994664 0.0038647058 0.0068641724 34.59686123128 57.15090068763 2222.69971 -0.48699999999999977 -1.3329999999999997 0.16208826351165773 -0.1870772199630737 0.1310918 0.1400918 "" "" 2.607863261550105 "" 0.3554659146267563 "" 0.8
34.75850666159 57.22470169398 0.0101 0.0134 5.3125 "" "" 458378567907875072 2398.95215 0.3839 0.017 -0.469 -1.161 0.013 0.017 1.076 9231.0 3.6419 14.046444 0.752458 14.333851 13.581393 "" "" 2312.13843 2493.95093 45328.28383 14.812 25228.0 25.326 29282.0 24.682 "" "" 0.0027780683620454417 0.0029955045 0.003888608 0.0068841125 34.75850666159 57.22470169398 2398.95215 -0.469 -1.1609999999999994 0.18008826351165774 -0.015077219963073762 0.1160918 0.120091796 "" "" 2.0549538272108916 "" 0.23862148650291307 "" 0.9
34.98441719748 57.06939998523 0.0099 0.0135 8.8023 "" "" 458361972154395776 2380.61084 0.3846 0.0176 -0.55 -1.218 0.013 0.017 0.999 9349.5 3.6868 14.052179 0.701087 14.317583 13.616496 "" "" 2283.85815 2473.71875 45089.4499 10.01 25608.0 23.485 28350.0 21.457 "" "" 0.0027658431213465062 0.0029625185 0.0038676867 0.006830205 34.98441719748 57.06939998523 2380.61084 -0.55 -1.218 0.09908826351165767 -0.0720772199630737 0.1160918 0.120091796 "" "" 1.3826406078645754 "" 0.1624482709840006 "" 0.9
35.04934143798 57.19910806423 0.0095 0.0122 10.613 "" "" 458376094006709632 2331.31714 0.3957 0.0161 -0.553 -1.124 0.013 0.015 1.005 11088.2 3.9699 14.059547 0.672698 14.313866 13.641168 "" "" 2260.16895 2411.87964 44784.5047 9.424 25696.0 19.797 27713.0 19.449 "" "" 0.0027647764059132228 0.0029128604 0.0038554282 0.0067682886 35.04934143798 57.19910806423 2331.31714 -0.553 -1.124 0.09608826351165767 0.02192278003692616 0.1160918 0.1180918 "" "" 1.0891030432032454 "" 0.1265445905244917 "" 0.9
34.77943457176 57.01174266392 0.01 0.0124 7.573 "" "" 458367504072366848 2266.05591 0.4086 0.0172 -0.581 -1.139 0.013 0.015 0.965 10865.0 4.084 14.060372 0.682897 14.32054 13.637644 "" "" 2169.93848 2352.29517 44750.50154 9.1204 25539.0 15.473 27804.0 16.464 "" "" 0.002764191350647983 0.002866662 0.003833675 0.006700337 34.77943457176 57.01174266392 2266.05591 -0.581 -1.139 0.06808826351165775 0.006922780036926257 0.1160918 0.1180918 "" "" 0.7351136084476614 "" 0.08535583521230271 "" 1.0
34.51906008545 57.18194485721 0.0098 0.0127 7.8172 "" "" 458560674518875520 2271.33008 0.4102 0.0169 -0.775 -1.142 0.013 0.017 0.991 9900.2 3.7308 14.075753 0.63019 14.312168 13.681978 "" "" 2170.92017 2357.22485 44121.01568 9.4715 25737.0 16.997 26691.0 20.724 "" "" 0.002765160724199416 0.0028808303 0.0038722595 0.00675309 34.51906008545 57.18194485721 2271.33008 -0.7749999999999991 -1.1419999999999995 -0.1259117364883423 0.0039227800369263655 0.1160918 0.120091796 "" "" 1.356236648693085 "" 0.15745330851494602 "" 0.8
34.62673093202 57.24882394355 0.0101 0.0142 7.7465 "" "" 458379220742775424 2149.04077 0.4319 0.0182 -0.788 -1.169 0.014 0.019 1.033 9356.9 3.9248 14.09582 0.756655 14.388733 13.632078 "" "" 2068.55566 2229.25098 43313.04282 9.6766 23984.0 26.002 27946.0 19.999 "" "" 0.0027659767281986666 0.0030282978 0.0038584238 0.0068867216 34.62673093202 57.24882394355 2149.04077 -0.788 -1.1689999999999994 -0.13891173648834232 -0.02307721996307377 0.1170918 0.1220918 "" "" 1.434411360299525 "" 0.16815442540913847 "" 0.9
35.01107003091 57.19065210761 0.0101 0.0125 9.2701 "" "" 458376025287243136 2348.99072 0.3915 0.0164 -0.56 -1.028 0.013 0.015 1.037 7903.3 3.7908 14.124289 0.73112 14.403408 13.672288 "" "" 2278.65625 2440.13696 42192.06882 8.6152 23662.0 29.069 26930.0 20.404 "" "" 0.0027642247999024967 0.0030925993 0.0038678732 0.0069604726 35.01107003091 57.19065210761 2348.99072 -0.5599999999999997 -1.028 0.08908826351165766 0.11792278003692624 0.1160918 0.1180918 "" "" 1.6455490128767356 "" 0.19313647500386547 "" 0.9
34.60155249299 57.19456947069 0.01 0.0133 5.8035 "" "" 458378980224615168 2202.18213 0.4145 0.0174 -0.571 -1.285 0.013 0.017 1.018 11660.3 4.1222 14.133361 0.620355 14.36402 13.743666 "" "" 2109.33301 2296.4834 41841.02264 11.549 24536.0 19.903 25217.0 20.545 "" "" 0.002771570145376801 0.002925871 0.0038815215 0.0068073925 34.60155249299 57.19456947069 2202.18213 -0.571 -1.285 0.07808826351165776 -0.13907721996307365 0.1160918 0.120091796 "" "" 1.6649157561013326 "" 0.19836684397170237 "" 0.9
34.74467451279 57.09451771523 0.0102 0.0138 2.5189 "" "" 458368706663115520 2185.70288 0.4243 0.0176 -0.695 -1.08 0.014 0.017 0.955 "" "" 14.158335 0.770448 14.457334 13.686887 "" "" 2100.74707 2280.50049 40889.61697 8.4181 22516.0 21.306 26571.0 16.073 "" "" 0.002764372019580152 0.0029733106 0.0038360232 0.006809334 34.74467451279 57.09451771523 2185.70288 -0.6949999999999996 -1.0799999999999992 -0.045911736488342236 0.0659227800369262 0.1170918 0.120091796 "" "" 0.8322884520530694 "" 0.09914241230401924 "" 0.9
34.51849902078 57.17090633949 0.0098 0.0131 7.6301 "" "" 458560674518884480 2336.48291 0.3985 0.0169 -0.715 -1.142 0.013 0.017 0.908 "" "" 14.159479 0.77416 14.460998 13.686837 "" "" 2246.87158 2435.74805 40846.5143 7.7331 22440.0 17.597 26572.0 19.105 "" "" 0.002762976883962493 0.0029171822 0.00385916 0.006776342 34.51849902078 57.17090633949 2336.48291 -0.715 -1.142 -0.06591173648834225 0.0039227800369263655 0.1160918 0.120091796 "" "" 0.7312594728413312 "" 0.08490373189624018 "" 0.8
34.75706867157 56.96760485139 0.0116 0.0138 10.1423 "" "" 458366919956857728 2287.7522 0.4046 0.0181 -0.628 -1.115 0.015 0.017 0.969 7998.7 3.705 14.163206 0.733629 14.446964 13.713335 "" "" 2184.93652 2383.4707 40706.55126 10.002 22732.0 19.047 25931.0 17.718 "" "" 0.0027682049906109776 0.0029347332 0.0038515034 0.0067862365 34.75706867157 56.96760485139 2287.7522 -0.6280000000000006 -1.1150000000000004 0.021088263511657712 0.03092278003692628 0.1180918 0.120091796 "" "" 0.4058784885967484 "" 0.04848646374958422 "" 0.8
34.94371092597 57.04327270163 0.01 0.0129 8.578 "" "" 458361628557050368 2186.06909 0.4301 0.0168 -0.715 -1.137 0.013 0.016 0.991 "" "" 14.164914 0.784087 14.467887 13.6838 "" "" 2109.57715 2262.51587 40642.55407 8.4167 22298.0 17.626 26646.0 16.582 "" "" 0.0027644791793636652 0.002919184 0.0038393028 0.006758487 34.94371092597 57.04327270163 2186.06909 -0.715 -1.137 -0.06591173648834225 0.008922780036926259 0.1160918 0.1190918 "" "" 0.6892050637236882 "" 0.08004874000353121 "" 0.9
34.56271786906 56.88842574229 0.0108 0.0132 16.0218 "" "" 458342284023580160 2358.85034 0.3924 0.0182 -0.636 -1.18 0.013 0.016 1.038 10461.1 4.1926 14.16553 0.518078 14.356315 13.838237 "" "" 2254.06348 2461.72168 40619.49154 11.939 24711.0 17.685 23113.0 16.442 "" "" 0.0027737391270201248 0.0028963473 0.003857496 0.0067538433 34.56271786906 56.88842574229 2358.85034 -0.6359999999999997 -1.179999999999999 0.013088263511657705 -0.03407721996307367 0.1160918 0.1190918 "" "" 0.4081521082577808 "" 0.0484518973621077 "" 0.8
34.7415989435 57.11326159456 0.0108 0.0144 1.3968 "" "" 458374650897825664 2308.81641 0.4023 0.0192 -0.602 -1.35 0.015 0.018 0.972 10200.5 3.8698 14.173014 0.66907 14.424962 13.755892 "" "" 2193.16992 2412.38721 40340.49272 8.9485 23197.0 31.074 24935.0 16.092 "" "" 0.002765826200049953 0.0031464875 0.003843786 0.0069902735 34.7415989435 57.11326159456 2308.81641 -0.6019999999999998 -1.35 0.047088263511657735 -0.20407721996307382 0.1180918 0.1210918 "" "" 2.2920595640438353 "" 0.2772061256841378 "" 0.8
34.85432184643 56.99915102021 0.0109 0.0138 8.9895 "" "" 458367194834726400 2568.07031 0.3559 0.0192 -0.582 -1.12 0.014 0.016 1.028 10949.4 3.9678 14.18925 0.64736 14.431155 13.783795 "" "" 2447.73315 2702.45972 39741.71248 8.6331 23065.0 21.873 24302.0 26.582 "" "" 0.0027653963234368457 0.002974084 0.0039615803 0.0069356645 34.85432184643 56.99915102021 2568.07031 -0.5819999999999995 -1.12 0.06708826351165775 0.025922780036926163 0.1170918 0.1190918 "" "" 0.87548593010815 "" 0.10274137297675484 "" 0.8
35.14854378111 57.20151218638 0.0103 0.0134 13.7189 "" "" 458457973262809984 2416.14258 0.3805 0.0175 -0.645 -1.17 0.014 0.017 1.069 9240.9 3.9306 14.19065 0.882216 14.542887 13.66067 "" "" 2293.56909 2508.80762 39690.50781 7.9707 20810.0 16.356 27220.0 18.06 "" "" 0.002763933860905175 0.0029177493 0.0038474218 0.006765171 35.14854378111 57.20151218638 2416.14258 -0.645 -1.17 0.004088263511657697 -0.02407721996307366 0.1170918 0.120091796 "" "" 0.2796915445145054 "" 0.03356543183306526 "" 1.0
34.685154335 57.29041030191 0.011 0.0167 9.4319 "" "" 458379770498681344 2263.04541 0.4113 0.02 -0.594 -1.18 0.015 0.021 1.033 10769.8 3.9099 14.19921 0.785323 14.502584 13.717261 "" "" 2146.67773 2366.64014 39378.80841 8.7459 21596.0 19.264 25838.0 20.985 "" "" 0.0027658519658067334 0.0029534777 0.0038808908 0.006834368 34.685154335 57.29041030191 2263.04541 -0.594 -1.1799999999999988 0.05508826351165774 -0.03407721996307367 0.1180918 0.1240918 "" "" 0.6948450832440193 "" 0.08323021963319638 "" 0.8
34.41530328885 57.13169760604 0.0117 0.0134 10.7134 "" "" 458558887812517760 2362.0459 0.3919 0.0183 -0.714 -1.099 0.016 0.017 0.891 10263.2 3.9865 14.207396 0.589629 14.424885 13.835256 "" "" 2277.69971 2477.49048 39083.03706 9.1784 23199.0 24.505 23177.0 19.41 "" "" 0.002767092926308431 0.0030166756 0.0038872224 0.006903898 34.41530328885 57.13169760604 2362.0459 -0.714 -1.099 -0.06491173648834225 0.04692278003692629 0.1190918 0.120091796 "" "" 0.896756452497599 "" 0.10710495587467057 "" 1.0
34.44061101439 57.2413692038 0.0106 0.0137 11.7058 "" "" 458561877109676544 2447.04419 0.3761 0.0177 -0.733 -1.099 0.014 0.018 0.995 10661.0 3.9847 14.214124 0.681457 14.471025 13.789568 "" "" 2354.87622 2542.76855 38841.6197 9.8305 22233.0 13.94 24173.0 22.765 "" "" 0.0027689888992489336 0.0028720151 0.0039152554 0.0067872703 34.44061101439 57.2413692038 2447.04419 -0.7329999999999997 -1.0990000000000002 -0.08391173648834227 0.04692278003692629 0.1170918 0.1210918 "" "" 1.1151284879534122 "" 0.13164864633280496 "" 0.9
34.9284276283 56.98170615566 0.0115 0.0135 11.0626 "" "" 458355306365260416 2144.24463 0.432 0.0198 -0.554 -1.146 0.016 0.017 1.029 10465.7 4.0515 14.22783 0.565969 14.431332 13.865362 "" "" 2050.04468 2243.78857 38354.35893 11.156 23061.0 43.14 22543.0 38.576 "" "" 0.0027733592947701427 0.0034511331 0.00421137 0.007662503 34.9284276283 56.98170615566 2144.24463 -0.5539999999999997 -1.1459999999999995 0.09508826351165767 -7.72199630736381e-05 0.1190918 0.120091796 "" "" 0.9664507611476952 "" 0.11509636269669445 "" 0.9
35.08290871667 57.30342694195 0.0103 0.0131 14.8784 "" "" 458470858164631936 2185.84448 0.4268 0.0174 -0.68 -1.2 0.014 0.017 1.029 10516.3 4.0625 14.234398 0.6304 14.468397 13.837997 "" "" 2103.92407 2269.35547 38123.05419 9.8946 22287.0 18.321 23118.0 20.459 "" "" 0.0027696928345412367 0.002929446 0.0038996118 0.006829058 35.08290871667 57.30342694195 2185.84448 -0.6800000000000003 -1.1999999999999997 -0.030911736488342334 -0.054077219963073686 0.1170918 0.120091796 "" "" 0.6453670872560131 "" 0.07703098717622209 "" 0.8
34.45826574817 57.31825930852 0.0124 0.0165 14.3242 "" "" 458568199301462144 2297.90186 0.4044 0.0211 -0.647 -1.036 0.017 0.022 1.236 9259.3 4.0752 14.240232 0.915527 14.60518 13.689652 "" "" 2211.61084 2397.61157 37918.71848 8.5403 19649.0 19.42 26503.0 19.547 "" "" 0.0027661503080508012 0.002989407 0.0038632841 0.006852691 34.45826574817 57.31825930852 2297.90186 -0.647 -1.036 0.0020882635116576953 0.10992278003692624 0.120091796 0.12509179 "" "" 1.1975009804459835 "" 0.14979542555750988 "" 0.8
34.75785232881 56.97918276584 0.012 0.0157 9.4495 "" "" 458366919956849024 2301.08496 0.4059 0.0198 -0.599 -1.164 0.016 0.019 1.02 10442.0 3.9789 14.242313 0.604699 14.467764 13.863065 "" "" 2191.35571 2388.69531 37846.12482 12.262 22300.0 18.127 22591.0 15.017 "" "" 0.0027776851193497664 0.0029264253 0.0038476766 0.006774102 34.75785232881 56.97918276584 2301.08496 -0.5990000000000002 -1.1640000000000006 0.05008826351165774 -0.018077219963073654 0.1190918 0.1220918 "" "" 0.5808112405085346 "" 0.06937289159290579 "" 0.8
34.5374960714 57.13701131149 0.0109 0.0145 6.7305 "" "" 458372554953555072 2269.29321 0.4082 0.0179 -0.739 -1.177 0.014 0.018 0.998 10476.5 3.8758 14.25017 0.640489 14.49039 13.849901 "" "" 2182.26807 2366.47241 37573.26243 9.9093 21840.0 20.564 22866.0 20.895 "" "" 0.0027701592733059967 0.0029715567 0.0039074398 0.0068789963 34.5374960714 57.13701131149 2269.29321 -0.7390000000000002 -1.177 -0.08991173648834228 -0.031077219963073777 0.1170918 0.1210918 "" "" 1.0232722117122373 "" 0.12026023126904727 "" 0.9
34.95656961086 57.09802533445 0.011 0.0148 7.2925 "" "" 458373894983569152 2464.78223 0.3694 0.0186 -0.586 -1.005 0.015 0.018 1.107 8881.6 3.5966 14.266529 0.923208 14.63261 13.709402 "" "" 2372.2207 2589.37769 37011.35929 6.7239 19159.0 13.334 26025.0 18.28 "" "" 0.0027623714088744512 0.0028906802 0.0038555572 0.006746237 34.95656961086 57.09802533445 2464.78223 -0.5859999999999996 -1.0049999999999994 0.06308826351165775 0.14092278003692638 0.1180918 0.1210918 "" "" 1.8038656230949575 "" 0.217539194143926 "" 0.8
35.13951181607 57.06469920294 0.0103 0.0135 13.5839 "" "" 458362414523492224 2229.83862 0.4187 0.0176 -0.639 -1.152 0.014 0.018 1.02 10363.1 3.954 14.268356 0.684811 14.528575 13.843764 "" "" 2150.86938 2313.98145 36949.11746 8.1049 21086.0 17.66 22996.0 21.123 "" "" 0.0027655938524480997 0.0029346084 0.003908752 0.00684336 35.13951181607 57.06469920294 2229.83862 -0.639 -1.1519999999999997 0.010088263511657702 -0.006077219963073643 0.1170918 0.1210918 "" "" 0.12447979694867416 "" 0.01470978861864703 "" 0.9
34.70396429415 56.90161134851 0.0111 0.0139 14.1544 "" "" 458365236329742464 2394.10742 0.3822 0.0193 -0.668 -1.12 0.014 0.017 1.057 8329.3 3.5049 14.270751 0.80976 14.589223 13.779463 "" "" 2309.03491 2508.28247 36867.73707 9.9672 19940.0 16.903 24399.0 18.862 "" "" 0.002770911163043121 0.0029380487 0.003871463 0.0068095117 34.70396429415 56.90161134851 2394.10742 -0.6680000000000001 -1.12 -0.018911736488342323 0.025922780036926163 0.1170918 0.120091796 "" "" 0.3641376495036062 "" 0.04335360780198818 "" 0.8
