Clusters/NGC_869/NGC_869_members.tsv
# %ECSV 1.0
# ---
# datatype:
# - name: RA_ICRS_1
#   unit: deg
#   datatype: float64
#   format: '{:15.11f}'
#   description: Right ascension (ICRS) at Ep=2016.0 (ra)
#   meta: !!omap
#   - {ucd: POS_EQ_RA_MAIN}
#   - {width: 15}
#   - {precision: '11'}
# - name: DE_ICRS_1
#   unit: deg
#   datatype: float64
#   format: '{:15.11f}'
#   description: Declination (ICRS) at Ep=2016.0 (dec)
#   meta: !!omap
#   - {ucd: POS_EQ_DEC_MAIN}
#   - {width: 15}
#   - {precision: '11'}
# - name: e_RA_ICRS
#   unit: mas
#   datatype: float64
#   format: '{:7.4f}'
#   description: Standard error of right ascension (ra_error)
#   meta: !!omap
#   - {ucd: ERROR}
#   - {width: 7}
#   - {precision: '4'}
# - name: e_DE_ICRS
#   unit: mas
#   datatype: float64
#   format: '{:7.4f}'
#   description: Standard error of declination (dec_error)
#   meta: !!omap
#   - {ucd: ERROR}
#   - {width: 7}
#   - {precision: '4'}
# - name: _r_1
#   unit: ''
#   datatype: float64
#   format: '{:7.4f}'
#   description: Distance from center (034.74421562000+57.13649893000)[ICRS], at Epoch=J2016.0
#   meta: !!omap
#   - {ucd: POS_ANG_DIST_GENERAL}
#   - {width: 7}
#   - {precision: '4'}
# - name: HIP
#   datatype: int32
#   description: '? HIP cross-id number, van Leeuwen, Cat. I/311 (hip_original_ext_source_id)'
#   meta: !!omap
#   - {ucd: ID_NUMBER}
#   - {width: 6}
#   - values: {'null': -2147483648}
# - name: TYC2
#   datatype: string
#   description: Tycho-2 cross-id name, Hog et al., Cat. I/259 (tyc2_original_ext_source_id)
#   meta: !!omap
#   - {ucd: ID_CROSSID}
#   - {_votable_string_dtype: char}
# - name: Source
#   datatype: int64
#   description: Source identifier, identical to the Gaia-EDR3 source_id (id)
#   meta: !!omap
#   - {ucd: ID_MAIN}
#   - {width: 19}
# - name: rgeo
#   unit: pc
#   datatype: float64
#   format: '{:15.8f}'
#   description: '? Median of the geometric distance posterior (r_med_geo)'
#   meta: !!omap
#   - {ucd: PHYS_DISTANCE_TRUE}
#   - {width: 15}
#   - {precision: '8'}
#   - values: {'null': .nan}
# - name: Plx
#   unit: mas
#   datatype: float64
#   format: '{:9.4f}'
#   description: '? Parallax (parallax)'
#   meta: !!omap
#   - {ucd: POS_PARLX_TRIG}
#   - {width: 9}
#   - {precision: '4'}
#   - values: {'null': .nan}
# - name: e_Plx
#   unit: mas
#   datatype: float32
#   format: '{:7.4f}'
#   description: '? Standard error of parallax (parallax_error)'
#   meta: !!omap
#   - {ucd: ERROR}
#   - {width: 7}
#   - {precision: '4'}
#   - values: {'null': .nan}
# - name: pmRA
#   unit: mas / yr
#   datatype: float64
#   format: '{:9.3f}'
#   description: '? Proper motion in right ascension direction, pmRA*cosDE (pmra)'
#   meta: !!omap
#   - {ucd: POS_EQ_PMRA}
#   - {width: 9}
#   - {precision: '3'}
#   - values: {'null': .nan}
# - name: pmDE
#   unit: mas / yr
#   datatype: float64
#   format: '{:9.3f}'
#   description: '? Proper motion in declination direction (pmdec)'
#   meta: !!omap
#   - {ucd: POS_EQ_PMDEC}
#   - {width: 9}
#   - {precision: '3'}
#   - values: {'null': .nan}
# - name: e_pmRA
#   unit: mas / yr
#   datatype: float32
#   format: '{:6.3f}'
#   description: '? Standard error of proper motion in right ascension direction (pmra_error)'
#   meta: !!omap
#   - {ucd: ERROR}
#   - {width: 6}
#   - {precision: '3'}
#   - values: {'null': .nan}
# - name: e_pmDE
[...]
#       distance: !astropy.table.SerializedColumn
#         __class__: astropy.coordinates.distances.Distance
#         unit: !astropy.units.Unit {unit: pc}
#         value: !astropy.table.SerializedColumn {name: SkyCoord.distance}
#       frame: icrs
#       obstime: !astropy.time.Time {format: jyear_str, in_subfmt: '*', jd1: 367701545.0, jd2: 0.0, out_subfmt: '*', precision: 3, scale: tt}
#       pm_dec: !astropy.table.SerializedColumn
#         __class__: astropy.units.quantity.Quantity
#         unit: !astropy.units.Unit {unit: mas / yr}
#         value: !astropy.table.SerializedColumn {name: SkyCoord.pm_dec}
#       pm_ra_cosdec: !astropy.table.SerializedColumn
#         __class__: astropy.units.quantity.Quantity
#         unit: !astropy.units.Unit {unit: mas / yr}
#         value: !astropy.table.SerializedColumn {name: SkyCoord.pm_ra_cosdec}
#       ra: !astropy.table.SerializedColumn
#         __class__: astropy.coordinates.angles.Longitude
#         unit: *id001
#         value: !astropy.table.SerializedColumn {name: SkyCoord.ra}
#         wrap_angle: !astropy.coordinates.Angle
#           unit: *id001
#           value: 360.0
#       representation_type: spherical
# schema: astropy-2.0
RA_ICRS_1 DE_ICRS_1 e_RA_ICRS e_DE_ICRS _r_1 HIP TYC2 Source rgeo Plx e_Plx pmRA pmDE e_pmRA e_pmDE RUWE Teff logg Gmag BP-RP BPmag RPmag RV e_RV b_rgeo B_rgeo FG e_FG FBP e_FBP FRP e_FRP RAVE5 RAVE6 e_Gmag e_BPmag e_RPmag e_BP-RP SkyCoord.ra SkyCoord.dec SkyCoord.distance SkyCoord.pm_ra_cosdec SkyCoord.pm_dec rmRA rmDE e_rmRA e_rmDE rRV e_rRV v_pec v_pec3d e_vpec e_vpec3d Pmemb
[from data line 31]
34.88419604919 57.1594212426 0.0081 0.0102 4.7592 "" "" 458375028855290752 2151.62695 0.4404 0.013 -0.794 -1.189 0.011 0.012 0.981 13920.0 3.884 12.683956 0.605583 12.908557 12.302974 "" "" 2086.97144 2226.75146 158987.99104 41.358 93755.0 90.037 95054.0 52.675 "" "" 0.0027697579864110473 0.0029786287 0.0038269747 0.0068056034 34.88419604919 57.1594212426 2151.62695 -0.794 -1.189 -0.14491173648834232 -0.04307721996307379 0.1140918 0.1150918 "" "" 1.5418299703268272 "" 0.17603584270354428 "" 0.8
34.74999601483 57.10226390704 0.0081 0.0112 2.0627 "" "" 458368775382580096 2080.60181 0.4559 0.0137 -0.797 -1.025 0.011 0.014 0.989 14021.2 3.8618 12.700415 0.552312 12.901478 12.349166 "" "" 2017.00793 2132.83057 156596.10308 44.816 94368.0 113.52 91094.0 73.433 "" "" 0.002772785520077727 0.003080732 0.003879403 0.006960135 34.74999601483 57.10226390704 2080.60181 -0.7970000000000004 -1.0249999999999997 -0.14791173648834233 0.12092278003692636 0.1140918 0.1170918 "" "" 1.884147675275809 "" 0.21724787500602927 "" 0.9
34.72589076582 57.03956413371 0.0086 0.0111 5.8467 "" "" 458367950748939264 2114.55127 0.446 0.0147 -0.695 -1.141 0.011 0.014 1.072 13026.9 3.9497 12.727539 0.551115 12.930863 12.379748 "" "" 2048.05688 2202.95508 152732.35044 30.659 91848.0 56.458 88564.0 48.005 "" "" 0.0027639266236730376 0.0028688775 0.0038249276 0.006693805 34.72589076582 57.03956413371 2114.55127 -0.695 -1.1410000000000011 -0.045911736488342236 0.004922780036926255 0.1140918 0.1170918 "" "" 0.462809768280646 "" 0.05281878488622034 "" 0.8
35.13095563312 57.06406643046 0.0075 0.0098 13.3321 "" "" 458362414522436992 2291.49536 0.4089 0.0128 -0.574 -1.062 0.01 0.013 0.983 15116.1 4.1009 12.754202 0.528147 12.946498 12.418351 "" "" 2224.93872 2346.4082 149027.30602 55.372 90535.0 114.08 85471.0 76.789 "" "" 0.0027846957723301063 0.0031075298 0.003903233 0.0070107626 35.13095563312 57.06406643046 2291.49536 -0.5740000000000002 -1.062000000000001 0.07508826351165776 0.08392278003692621 0.1130918 0.1160918 "" "" 1.223147622086806 "" 0.1403777746188369 "" 1.0
34.59164436422 57.05382870433 0.0083 0.0116 7.0239 "" "" 458371283643254912 2194.90186 0.4304 0.0154 -0.742 -1.195 0.011 0.015 1.09 13332.2 3.8488 12.767864 0.542401 12.965576 12.423175 "" "" 2108.24292 2296.94702 147163.86009 41.056 88958.0 74.026 85092.0 54.702 "" "" 0.002771919556460722 0.0029328046 0.003843292 0.0067760963 34.59164436422 57.05382870433 2194.90186 -0.742 -1.1949999999999998 -0.09291173648834228 -0.04907721996307379 0.1140918 0.1180918 "" "" 1.0932031751309974 "" 0.1256923975178193 "" 0.9
34.90705267745 57.05672854024 0.0083 0.0109 7.1468 "" "" 458373340922619264 2531.8938 0.3683 0.0147 -0.745 -1.126 0.011 0.013 1.01 15000.6 3.9086 12.927746 0.733155 13.210399 12.477243 "" "" 2460.58716 2602.38232 127013.05938 26.278 71000.0 43.976 80958.0 32.076 "" "" 0.0027644616390818917 0.0028700666 0.0038037847 0.006673851 34.90705267745 57.05672854024 2531.8938 -0.745 -1.1259999999999997 -0.09591173648834228 0.01992278003692638 0.1140918 0.1160918 "" "" 1.1756240364383057 "" 0.13422713199639574 "" 0.9
34.430394067 57.31468930036 0.0095 0.0126 14.7716 "" "" 458568164941730048 2450.33862 0.388 0.0163 -0.929 -0.894 0.013 0.017 1.046 "" "" 12.952329 1.427972 13.592431 12.164459 -62.16 4.81 2358.28003 2542.45093 124169.56553 88.074 49940.0 111.51 107990.0 246.75 "" "" 0.0028609211724767935 0.0036962638 0.0045208707 0.0082171345 34.430394067 57.31468930036 2450.33862 -0.929 -0.894 -0.27991173648834233 0.25192278003692625 0.1160918 0.120091796 -4.087999999999994 11.516 4.373876872135969 5.986864195269998 0.5156741797863184 7.872469701060807 0.8
34.74412862678 57.07837264947 0.0103 0.0135 3.4876 "" "" 458368672303397632 2218.38672 0.4239 0.0179 -0.697 -1.393 0.014 0.018 1.151 15164.2 3.9475 12.971725 0.617797 13.187403 12.569606 "" "" 2135.43921 2299.82373 121971.13532 38.359 72520.0 123.81 74356.0 87.721 "" "" 0.002776397213140689 0.003349773 0.00399054 0.007340313 34.74412862678 57.07837264947 2218.38672 -0.6970000000000002 -1.3929999999999993 -0.04791173648834224 -0.24707721996307375 0.1170918 0.1210918 "" "" 2.6464508942964504 "" 0.32008598194146537 "" 0.9
34.60269192763 57.20509327991 0.0096 0.013 6.175 "" "" 458379048944089600 2282.03931 0.4069 0.0166 -0.847 -1.198 0.013 0.017 1.06 13125.3 4.0324 12.976211 0.58653 13.193355 12.606825 "" "" 2201.42456 2368.89307 121468.20417 29.894 72123.0 41.288 71850.0 36.607 "" "" 0.0027682464291275107 0.0028585608 0.0038196503 0.006678211 34.60269192763 57.20509327991 2282.03931 -0.8470000000000001 -1.1979999999999995 -0.19791173648834226 -0.052077219963073684 0.1160918 0.120091796 "" "" 2.213657681732254 "" 0.2575701148937631 "" 0.8
34.51522314997 56.91169883618 0.0107 0.0138 15.4224 "" "" 458345307680360960 2308.81152 0.403 0.0182 -0.622 -1.201 0.013 0.017 1.127 12708.2 3.9141 12.983705 0.41945 13.132642 12.713192 "" "" 2215.05273 2417.08618 120632.59698 32.254 76271.0 33.205 65145.0 32.128 "" "" 0.0027705707030848442 0.002829925 0.0038171252 0.0066470504 34.51522314997 56.91169883618 2308.81152 -0.6219999999999997 -1.201 0.027088263511657718 -0.0550772199630738 0.1160918 0.120091796 "" "" 0.6717078702203598 "" 0.0801503389004911 "" 0.9
34.81014189355 57.2093611319 0.0093 0.0121 4.8693 "" "" 458378327389715456 2216.65234 0.4257 0.0164 -0.747 -1.19 0.013 0.016 0.989 15130.2 4.0938 12.988865 0.747201 13.274417 12.527216 "" "" 2151.23389 2285.68677 120060.68367 28.658 66935.0 62.823 77316.0 63.037 "" "" 0.0027674814811950213 0.002970435 0.003881667 0.006852102 34.81014189355 57.2093611319 2216.65234 -0.7469999999999999 -1.19 -0.09791173648834228 -0.04407721996307368 0.1160918 0.1190918 "" "" 1.1281876475723178 "" 0.13154976016666414 "" 0.8
34.81420378733 57.09393022152 0.0078 0.0103 3.4237 "" "" 458374341660198784 2162.24878 0.4301 0.0132 -0.809 -1.314 0.01 0.012 1.135 13144.5 4.0716 13.073918 0.701371 13.342171 12.640799 "" "" 2084.23242 2215.20435 111014.41031 103.83 62885.0 173.79 69637.0 130.09 "" "" 0.0029364897560255933 0.0040973644 0.0042892485 0.008386613 34.81420378733 57.09393022152 2162.24878 -0.809 -1.3140000000000005 -0.15991173648834234 -0.1680772199630738 0.1130918 0.1150918 "" "" 2.3777312731048807 "" 0.27140834447613893 "" 0.9
34.51118610907 57.01322073287 0.0075 0.0096 10.605 "" "" 458369325138179968 2211.95923 0.4158 0.0132 -0.665 -1.188 0.01 0.012 1.018 12375.7 3.9205 13.082773 0.454271 13.243944 12.789673 "" "" 2151.91553 2274.23608 110112.71103 24.892 68840.0 36.084 60714.0 27.286 "" "" 0.002766230387332785 0.0028476196 0.0038107508 0.0066583706 34.51118610907 57.01322073287 2211.95923 -0.665 -1.1879999999999993 -0.01591173648834232 -0.042077219963073675 0.1130918 0.1150918 "" "" 0.4716566135950124 "" 0.05416668930080591 "" 1.0
34.68783569083 57.12184417605 0.0079 0.01 2.0357 "" "" 458371799039880576 2295.94897 0.4035 0.0134 -0.678 -1.077 0.011 0.013 1.028 12685.9 3.8934 13.113371 0.545962 13.311271 12.765308 "" "" 2213.86255 2408.4165 107052.88886 29.853 64701.0 42.346 62092.0 24.68 "" "" 0.002771905397061251 0.0028792364 0.0038039407 0.0066831773 34.68783569083 57.12184417605 2295.94897 -0.6779999999999996 -1.077 -0.028911736488342332 0.06892278003692631 0.1140918 0.1160918 "" "" 0.8133927454525053 "" 0.09418659564302283 "" 0.9
34.5667666879 57.06389628783 0.0073 0.0099 7.2402 "" "" 458371348057793280 2444.53442 0.376 0.0133 -0.591 -1.128 0.01 0.012 1.027 13282.8 3.8946 13.120152 0.531856 13.310591 12.778735 "" "" 2373.19189 2519.64185 106386.36441 23.98 64741.0 40.532 61329.0 26.889 "" "" 0.0027661674305872533 0.0028717755 0.0038092427 0.0066810185 34.5667666879 57.06389628783 2444.53442 -0.5909999999999999 -1.1280000000000001 0.058088263511657745 0.017922780036926378 0.1130918 0.1150918 "" "" 0.7043839960138809 "" 0.07978349509471176 "" 0.9
34.96861177631 57.25367913041 0.0071 0.0088 10.1312 "" "" 458377262237784704 2339.51172 0.3909 0.0121 -0.62 -1.138 0.009 0.011 0.93 12727.6 3.88 13.129651 0.588258 13.346676 12.758418 "" "" 2275.80835 2412.92432 105459.69059 28.827 62625.0 44.747 62487.0 33.64 "" "" 0.002771257626602795 0.0028960125 0.0038243139 0.0067203264 34.96861177631 57.25367913041 2339.51172 -0.6200000000000004 -1.1380000000000003 0.02908826351165772 0.007922780036926369 0.112091795 0.1140918 "" "" 0.3343189741307953 "" 0.03752097450897878 "" 1.0
34.36014004494 57.09278906687 0.0078 0.01 12.7841 "" "" 458558441135935872 2231.48633 0.4161 0.0139 -0.585 -1.215 0.01 0.013 1.01 12703.6 4.0007 13.152457 0.470147 13.320612 12.850465 "" "" 2153.21826 2298.32495 103267.56522 25.754 64146.0 40.923 57408.0 30.669 "" "" 0.002768593022216378 0.0028748617 0.0038236324 0.006698494 34.36014004494 57.09278906687 2231.48633 -0.5850000000000002 -1.2150000000000003 0.06408826351165775 -0.06907721996307381 0.1130918 0.1160918 "" "" 0.996675571431636 "" 0.11433243015288204 "" 0.8
34.95492764518 56.96904939487 0.0085 0.0104 12.1746 "" "" 458355237645794688 2306.32153 0.3971 0.0142 -0.669 -1.202 0.011 0.013 1.002 12376.9 3.9094 13.171702 0.486781 13.348133 12.861352 "" "" 2245.47339 2393.33545 101453.1957 31.329 62541.0 36.138 56835.0 20.221 "" "" 0.00277564420941059 0.0028598323 0.0037990715 0.006658904 34.95492764518 56.96904939487 2306.32153 -0.669 -1.202 -0.019911736488342324 -0.05607721996307369 0.1140918 0.1160918 "" "" 0.6505328673140855 "" 0.07537697767812285 "" 0.9
34.96497030563 57.16918829072 0.0077 0.0107 7.4472 "" "" 458375819128832640 2360.16431 0.3919 0.0129 -0.688 -0.988 0.01 0.013 1.068 10816.0 3.8939 13.180453 0.736194 13.461044 12.724851 "" "" 2287.29517 2422.90234 100638.75208 21.931 56364.0 31.807 64449.0 23.255 "" "" 0.0027654601194798656 0.0028566492 0.0037996324 0.0066562817 34.96497030563 57.16918829072 2360.16431 -0.6880000000000001 -0.9880000000000001 -0.03891173648834223 0.15792278003692628 0.1130918 0.1160918 "" "" 1.8195501071348696 "" 0.21092622795051555 "" 0.8
34.36540306836 57.07114343572 0.0074 0.0093 12.9522 "" "" 458558338056727040 2230.99487 0.4138 0.0127 -0.59 -1.189 0.01 0.012 1.031 12598.2 3.9433 13.186652 0.477634 13.357767 12.880133 "" "" 2178.51733 2291.96436 100065.85054 23.786 61988.0 35.596 55861.0 24.383 "" "" 0.0027673807770530277 0.00285898 0.0038089794 0.0066679595 34.36540306836 57.07114343572 2230.99487 -0.5900000000000003 -1.189 0.059088263511657746 -0.04307721996307379 0.1130918 0.1150918 "" "" 0.7732765471454104 "" 0.08799103072672793 "" 0.8
34.48113177106 57.04213406039 0.0077 0.0104 10.2768 "" "" 458370527729016960 2283.63037 0.4074 0.0137 -0.668 -1.113 0.01 0.013 1.062 12356.1 3.8889 13.192809 0.454964 13.355636 12.900672 "" "" 2200.62842 2354.62256 99499.97895 23.881 62110.0 30.655 54814.0 28.934 "" "" 0.002767615458055845 0.0028411637 0.003822589 0.0066637527 34.48113177106 57.04213406039 2283.63037 -0.668 -1.113 -0.018911736488342323 0.03292278003692628 0.1130918 0.1160918 "" "" 0.41098029418642185 "" 0.04740853921906525 "" 0.9
34.52565456326 57.13936482657 0.0075 0.0099 7.1178 "" "" 458372589313293056 2373.74609 0.388 0.0128 -0.691 -1.205 0.01 0.012 1.037 11017.1 3.9428 13.199715 0.595702 13.421669 12.825967 "" "" 2313.0127 2455.7561 98869.16101 23.726 58445.0 38.25 58718.0 24.556 "" "" 0.0027676117387030012 0.0028792294 0.0038065594 0.0066857887 34.52565456326 57.13936482657 2373.74609 -0.6909999999999998 -1.2050000000000005 -0.04191173648834223 -0.0590772199630738 0.1130918 0.1150918 "" "" 0.8149973550595506 "" 0.09325696402891581 "" 0.8
34.82813749573 57.23782258603 0.0075 0.011 6.6637 "" "" 458379907937656576 2377.01562 0.3892 0.0131 -0.726 -1.164 0.01 0.014 0.957 13249.1 3.986 13.232827 0.632278 13.468417 12.83614 "" "" 2312.46436 2456.37036 95899.41009 19.9 55982.0 46.763 58170.0 31.013 "" "" 0.002764516151813593 0.002933869 0.0038234538 0.0067573227 34.82813749573 57.23782258603 2377.01562 -0.7259999999999999 -1.1640000000000008 -0.07691173648834226 -0.018077219963073654 0.1130918 0.1170918 "" "" 0.890182915324257 "" 0.1008619115380207 "" 1.0
34.9260114835 57.17336362933 0.0074 0.01 6.316 "" "" 458375784769094016 2235.08203 0.4125 0.0128 -0.548 -1.108 0.01 0.012 1.004 13796.5 3.9738 13.239034 0.638167 13.477315 12.839148 "" "" 2179.32812 2297.24585 95352.75806 22.68 55525.0 34.848 58010.0 28.141 "" "" 0.0027673959877947832 0.0028721732 0.0038159057 0.006688079 34.9260114835 57.17336362933 2235.08203 -0.5480000000000002 -1.108 0.10108826351165767 0.037922780036926174 0.1130918 0.1150918 "" "" 1.1438385452418953 "" 0.12964317360089034 "" 0.8
35.12909611342 57.17620522819 0.0075 0.0095 12.7489 "" "" 458364102458031872 2354.56714 0.3904 0.0126 -0.783 -1.339 0.01 0.012 1.026 14245.1 4.0903 13.239555 0.637517 13.474652 12.837135 "" "" 2297.46558 2419.26367 95306.97128 26.164 55662.0 51.32 58117.0 38.305 "" "" 0.0027713948100453636 0.0029643096 0.0038465343 0.006810844 35.12909611342 57.17620522819 2354.56714 -0.783 -1.3390000000000004 -0.13391173648834231 -0.1930772199630737 0.1130918 0.1150918 "" "" 2.6224238145776777 "" 0.3001260216929338 "" 0.9
34.79141532698 57.05600348573 0.0074 0.0095 5.0688 "" "" 458368397425514240 2319.1687 0.3957 0.0133 -0.63 -1.173 0.01 0.012 0.979 12693.4 3.9217 13.301559 0.617344 13.531164 12.91382 "" "" 2255.05127 2386.00024 90016.67891 17.706 52839.0 33.825 54154.0 29.672 "" "" 0.002763584205737538 0.0028754345 0.0038259153 0.0067013497 34.79141532698 57.05600348573 2319.1687 -0.63 -1.173 0.01908826351165771 -0.027077219963073773 0.1130918 0.1150918 "" "" 0.3641836089485423 "" 0.04167415427431905 "" 0.9
34.77915200744 57.14961058566 0.0131 0.0144 1.3829 "" "" 458374818392710400 2200.90405 0.4255 0.0201 -0.478 -1.025 0.019 0.019 1.406 12717.7 3.9641 13.32848 0.655251 13.556842 12.90159 "" "" 2099.26147 2310.28223 87812.1983 24.753 51604.0 218.35 54767.0 147.52 "" "" 0.002772265882611595 0.0053749597 0.0047787665 0.010153726 34.77915200744 57.14961058566 2200.90405 -0.47800000000000004 -1.0250000000000006 0.17108826351165773 0.12092278003692636 0.1220918 0.1220918 "" "" 2.185644980735251 "" 0.26684932980307036 "" 0.8
34.92743814195 56.95746836619 0.0081 0.0098 12.2941 "" "" 458355203286069248 2247.57495 0.4079 0.0134 -0.734 -1.166 0.011 0.012 1.021 11137.1 3.8304 13.341256 0.666724 13.590557 12.923833 "" "" 2157.90674 2320.91724 86784.92309 35.104 50026.0 72.426 53657.0 74.382 "" "" 0.002790100931257234 0.003202483 0.0040680533 0.0072705364 34.92743814195 56.95746836619 2247.57495 -0.734 -1.166 -0.08491173648834227 -0.020077219963073656 0.1140918 0.1150918 "" "" 0.9295510117943575 "" 0.10610356859718857 "" 0.8
34.81939739604 57.0414910958 0.0077 0.0102 6.205 "" "" 458367607151543808 2296.60107 0.4024 0.0135 -0.55 -1.213 0.01 0.012 0.907 12419.1 3.8826 13.374867 0.587801 13.591813 13.004012 "" "" 2220.26685 2382.5249 84139.49321 24.338 49968.0 38.234 49837.0 28.216 "" "" 0.0027731609354199297 0.002911225 0.0038290457 0.0067402706 34.81939739604 57.0414910958 2296.60107 -0.5499999999999998 -1.2129999999999994 0.09908826351165767 -0.06707721996307381 0.1130918 0.1150918 "" "" 1.3025746370219435 "" 0.14813410747637917 "" 0.9
34.78124707208 57.14331359514 0.0088 0.0109 1.273 "" "" 458374822696468736 2342.1167 0.3926 0.0142 -0.63 -1.134 0.011 0.014 1.05 12289.6 3.9426 13.387596 0.665943 13.635263 12.96932 "" "" 2261.28613 2424.17651 83158.83545 28.174 48008.0 117.06 51455.0 66.155 "" "" 0.00277976601089957 0.003846266 0.004028934 0.0078752 34.78124707208 57.14331359514 2342.1167 -0.6299999999999999 -1.1339999999999997 0.01908826351165771 0.011922780036926373 0.1140918 0.1170918 "" "" 0.24985198743293938 "" 0.028718399393270398 "" 0.8
