Clusters/NGC_869/NGC_869_stars_in_region.tsv
# %ECSV 1.0
# ---
# datatype:
# - name: RA_ICRS_1
#   unit: deg
#   datatype: float64
#   format: '{:15.11f}'
#   description: Right ascension (ICRS) at Ep=2016.0 (ra)
#   meta: !!omap
#   - {ucd: POS_EQ_RA_MAIN}
#   - {width: 15}
#   - {precision: '11'}
# - name: DE_ICRS_1
#   unit: deg
#   datatype: float64
#   format: '{:15.11f}'
#   description: Declination (ICRS) at Ep=2016.0 (dec)
#   meta: !!omap
#   - {ucd: POS_EQ_DEC_MAIN}
#   - {width: 15}
#   - {precision: '11'}
# - name: e_RA_ICRS
#   unit: mas
#   datatype: float64
#   format: '{:7.4f}'
#   description: Standard error of right ascension (ra_error)
#   meta: !!omap
#   - {ucd: ERROR}
#   - {width: 7}
#   - {precision: '4'}
# - name: e_DE_ICRS
#   unit: mas
#   datatype: float64
#   format: '{:7.4f}'
#   description: Standard error of declination (dec_error)
#   meta: !!omap
#   - {ucd: ERROR}
#   - {width: 7}
#   - {precision: '4'}
# - name: _r_1
#   unit: ''
#   datatype: float64
#   format: '{:7.4f}'
#   description: Distance from center (034.74421562000+57.13649893000)[ICRS], at Epoch=J2016.0
#   meta: !!omap
#   - {ucd: POS_ANG_DIST_GENERAL}
#   - {width: 7}
#   - {precision: '4'}
# - name: HIP
#   datatype: int32
#   description: '? HIP cross-id number, van Leeuwen, Cat. I/311 (hip_original_ext_source_id)'
#   meta: !!omap
#   - {ucd: ID_NUMBER}
#   - {width: 6}
#   - values: {'null': -2147483648}
# - name: TYC2
#   datatype: string
#   description: Tycho-2 cross-id name, Hog et al., Cat. I/259 (tyc2_original_ext_source_id)
#   meta: !!omap
#   - {ucd: ID_CROSSID}
#   - {_votable_string_dtype: char}
# - name: Source
#   datatype: int64
#   description: Source identifier, identical to the Gaia-EDR3 source_id (id)
#   meta: !!omap
#   - {ucd: ID_MAIN}
#   - {width: 19}
# - name: rgeo
#   unit: pc
#   datatype: float64
#   format: '{:15.8f}'
#   description: '? Median of the geometric distance posterior (r_med_geo)'
#   meta: !!omap
#   - {ucd: PHYS_DISTANCE_TRUE}
#   - {width: 15}
#   - {precision: '8'}
#   - values: {'null': .nan}
# - name: Plx
#   unit: mas
#   datatype: float64
#   format: '{:9.4f}'
#   description: '? Parallax (parallax)'
#   meta: !!omap
#   - {ucd: POS_PARLX_TRIG}
#   - {width: 9}
#   - {precision: '4'}
#   - values: {'null': .nan}
# - name: e_Plx
#   unit: mas
#   datatype: float32
#   format: '{:7.4f}'
#   description: '? Standard error of parallax (parallax_error)'
#   meta: !!omap
#   - {ucd: ERROR}
#   - {width: 7}
#   - {precision: '4'}
#   - values: {'null': .nan}
# - name: pmRA
#   unit: mas / yr
#   datatype: float64
#   format: '{:9.3f}'
#   description: '? Proper motion in right ascension direction, pmRA*cosDE (pmra)'
#   meta: !!omap
#   - {ucd: POS_EQ_PMRA}
#   - {width: 9}
#   - {precision: '3'}
#   - values: {'null': .nan}
# - name: pmDE
#   unit: mas / yr
#   datatype: float64
#   format: '{:9.3f}'
#   description: '? Proper motion in declination direction (pmdec)'
#   meta: !!omap
#   - {ucd: POS_EQ_PMDEC}
#   - {width: 9}
#   - {precision: '3'}
#   - values: {'null': .nan}
# - name: e_pmRA
#   unit: mas / yr
#   datatype: float32
#   format: '{:6.3f}'
#   description: '? Standard error of proper motion in right ascension direction (pmra_error)'
#   meta: !!omap
#   - {ucd: ERROR}
#   - {width: 6}
#   - {precision: '3'}
#   - values: {'null': .nan}
# - name: e_pmDE
[...]
#         value: !astropy.table.SerializedColumn {name: SkyCoord.dec}
#       distance: !astropy.table.SerializedColumn
#         __class__: astropy.coordinates.distances.Distance
#         unit: !astropy.units.Unit {unit: pc}
#         value: !astropy.table.SerializedColumn {name: SkyCoord.distance}
#       frame: icrs
#       obstime: !astropy.time.Time {format: jyear_str, in_subfmt: '*', jd1: 367701545.0, jd2: 0.0, out_subfmt: '*', precision: 3, scale: tt}
#       pm_dec: !astropy.table.SerializedColumn
#         __class__: astropy.units.quantity.Quantity
#         unit: !astropy.units.Unit {unit: mas / yr}
#         value: !astropy.table.SerializedColumn {name: SkyCoord.pm_dec}
#       pm_ra_cosdec: !astropy.table.SerializedColumn
#         __class__: astropy.units.quantity.Quantity
#         unit: !astropy.units.Unit {unit: mas / yr}
#         value: !astropy.table.SerializedColumn {name: SkyCoord.pm_ra_cosdec}
#       ra: !astropy.table.SerializedColumn
#         __class__: astropy.coordinates.angles.Longitude
#         unit: *id001
#         value: !astropy.table.SerializedColumn {name: SkyCoord.ra}
#         wrap_angle: !astropy.coordinates.Angle
#           unit: *id001
#           value: 360.0
#       representation_type: spherical
# schema: astropy-2.0
RA_ICRS_1 DE_ICRS_1 e_RA_ICRS e_DE_ICRS _r_1 HIP TYC2 Source rgeo Plx e_Plx pmRA pmDE e_pmRA e_pmDE RUWE Teff logg Gmag BP-RP BPmag RPmag RV e_RV b_rgeo B_rgeo FG e_FG FBP e_FBP FRP e_FRP RAVE5 RAVE6 e_Gmag e_BPmag e_RPmag e_BP-RP SkyCoord.ra SkyCoord.dec SkyCoord.distance SkyCoord.pm_ra_cosdec SkyCoord.pm_dec rmRA rmDE e_rmRA e_rmDE rRV e_rRV v_pec v_pec3d e_vpec e_vpec3d
[from data line 1309]
34.58799817611 57.11972292499 0.0173 0.0233 5.186 "" "" 458372280075651456 2299.04956 0.4047 0.0302 -0.543 -1.168 0.023 0.029 1.052 9264.8 4.3743 15.438737 0.866649 15.784916 14.918267 "" "" 2130.37988 2482.58936 12573.37438 3.4772 6629.0 10.512 8547.7 9.1573 "" "" 0.0027716326232714063 0.003278621 0.0039543253 0.0072329463 34.58799817611 57.11972292499 2299.04956 -0.5430000000000001 -1.168000000000001 0.10608826351165768 -0.022077219963073658 0.1260918 0.13209179 "" "" 1.1808642999887216 "" 0.14919808926735975 ""
34.70080106539 57.1662077614 0.0197 0.025 2.2746 "" "" 458377915073305856 1942.56677 0.4903 0.0331 -0.563 -0.955 0.029 0.032 1.085 9442.2 4.4945 15.439979 0.894254 15.788632 14.894379 "" "" 1817.32886 2071.49487 12559.00682 4.1097 6606.4 23.294 8737.9 19.287 "" "" 0.002778132133229451 0.0047371686 0.00447516 0.009212328 34.70080106539 57.1662077614 1942.56677 -0.5629999999999998 -0.9549999999999994 0.08608826351165777 0.1909227800369263 0.13209179 0.1350918 "" "" 1.9284214926321737 "" 0.2595454777963489 ""
34.50423109098 57.32370483519 0.0173 0.023 13.6714 "" "" 458568061862700672 2062.92822 0.4512 0.03 -0.819 -1.35 0.023 0.03 0.998 9249.8 4.333 15.440576 0.942554 15.822108 14.879555 "" "" 1947.65088 2204.75879 12552.10253 3.4743 6405.8 8.3121 8858.0 8.8157 "" "" 0.0027716605847038383 0.0031256806 0.0039308164 0.007056497 34.50423109098 57.32370483519 2062.92822 -0.8189999999999996 -1.35 -0.16991173648834224 -0.20407721996307382 0.1260918 0.13309179 "" "" 2.596635215263471 "" 0.3382674640832747 ""
34.25422913842 57.35686741968 0.0191 0.0229 20.6836 "" "" 458566481314523648 2167.51416 0.4345 0.0311 -0.766 -1.166 0.028 0.03 1.092 9089.4 4.1973 15.440643 0.880771 15.795375 14.914604 "" "" 2027.21497 2353.66602 12551.32532 4.0221 6565.5 11.245 8576.6 12.723 "" "" 0.0027772004431391713 0.0033530735 0.004108271 0.007461345 34.25422913842 57.35686741968 2167.51416 -0.7660000000000005 -1.166 -0.1169117364883423 -0.020077219963073656 0.1310918 0.13309179 "" "" 1.2187361513683193 "" 0.15983666114467737 ""
34.92065663261 57.21862592865 0.0195 0.0254 7.5637 "" "" 458376746841733248 2621.6604 0.3517 0.0327 -0.576 -1.032 0.026 0.032 1.102 9311.3 4.3416 15.441717 0.957849 15.828157 14.870309 "" "" 2432.05762 2858.36279 12538.91043 3.5775 6370.2 11.51 8933.8 10.742 "" "" 0.002772679026429028 0.0034108008 0.0039985036 0.0074093044 34.92065663261 57.21862592865 2621.6604 -0.576 -1.0319999999999998 0.07308826351165776 0.11392278003692624 0.1290918 0.1350918 "" "" 1.6819806533715131 "" 0.22432605886114998 ""
35.18117690948 57.35857268257 0.0196 0.0228 19.4608 "" "" 458472369993065344 2339.65356 0.3961 0.0318 -1.326 -0.953 0.027 0.029 1.0 8993.6 4.3807 15.460127 1.023135 15.883306 14.860171 "" "" 2182.26343 2563.6001 12328.09193 3.5549 6054.7 11.069 9017.6 8.2357 "" "" 0.002773050433544827 0.0034241644 0.003907299 0.0073314635 35.18117690948 57.35857268257 2339.65356 -1.326 -0.9529999999999998 -0.6769117364883424 0.1929227800369263 0.1300918 0.13209179 "" "" 7.805854940885361 "" 1.016658885299859 ""
34.19478571428 57.23326347008 0.0174 0.0223 18.7848 "" "" 458564007413483264 2145.53198 0.4424 0.0296 -0.658 -1.112 0.024 0.028 0.949 9466.1 4.4886 15.46239 0.875098 15.812979 14.937881 "" "" 2032.31555 2306.22485 12302.42478 3.3111 6459.9 8.9529 8394.7 9.7641 "" "" 0.002770772516115659 0.003170063 0.003984785 0.0071548484 34.19478571428 57.23326347008 2145.53198 -0.6579999999999999 -1.112 -0.008911736488342314 0.03392278003692617 0.1270918 0.1310918 "" "" 0.35669466615961226 "" 0.04666895230603473 ""
35.36333689302 57.23956388986 0.0171 0.0208 21.0579 "" "" 458459107134136192 2230.39111 0.4109 0.0276 -0.497 -1.005 0.023 0.027 0.978 9241.2 4.322 15.46361 0.892461 15.823916 14.931456 "" "" 2093.08643 2392.29541 12288.60964 3.7974 6395.1 9.5227 8444.5 10.951 "" "" 0.0027756724625225635 0.003224726 0.0040331385 0.007257865 35.36333689302 57.23956388986 2230.39111 -0.49699999999999933 -1.0050000000000003 0.15208826351165772 0.14092278003692638 0.1260918 0.1300918 "" "" 2.19201459944513 "" 0.2804795236264392 ""
34.70516139831 57.13821401752 0.0213 0.0274 1.2757 "" "" 458377674554767360 2322.78271 0.3994 0.0338 -0.656 -0.968 0.028 0.032 0.971 8954.2 4.2946 15.463937 0.871834 15.800586 14.928752 "" "" 2116.4541 2537.98315 12284.91175 4.8146 6534.1 38.144 8465.6 22.77 "" "" 0.0027879832193575065 0.0069251433 0.0047761872 0.011701331 34.70516139831 57.13821401752 2322.78271 -0.6559999999999996 -0.9679999999999991 -0.006911736488342313 0.1779227800369263 0.1310918 0.1350918 "" "" 1.9604055658942316 "" 0.26482306871619243 ""
34.75668403611 57.15943775779 0.0176 0.0223 1.4349 "" "" 458377777633950720 1973.25818 0.4735 0.0293 -0.344 -1.16 0.024 0.029 0.985 "" "" 15.465384 1.001402 15.824878 14.823476 "" "" 1866.96985 2103.72729 12268.55576 3.8962 6389.5 24.368 9327.6 124.36 "" "" 0.0027768109570623875 0.0049930676 0.014960793 0.01995386 34.75668403611 57.15943775779 1973.25818 -0.34399999999999975 -1.160000000000001 0.30508826351165774 -0.01407721996307365 0.1270918 0.13209179 "" "" 2.856600955566489 "" 0.36308148359345505 ""
35.2799441417 57.19342632865 0.0185 0.0219 17.7605 "" "" 458457423506992768 2128.42749 0.4372 0.0298 -1.62 -1.43 0.026 0.03 1.046 7148.0 4.1247 15.465516 1.256967 16.00902 14.752053 "" "" 2013.53857 2259.84546 12267.05673 3.5006 5392.7 13.458 9961.8 9.0629 "" "" 0.0027726855828865797 0.003889313 0.003906329 0.007795642 35.2799441417 57.19342632865 2128.42749 -1.62 -1.4299999999999993 -0.9709117364883424 -0.28407721996307367 0.1290918 0.13309179 "" "" 10.205949822772348 "" 1.3207694927807248 ""
35.10258102441 57.45531525876 0.0179 0.0227 22.3804 "" "" 458474191059124352 2349.2666 0.3923 0.0313 -0.596 -1.595 0.025 0.028 1.002 9332.6 4.2635 15.468043 1.0058 15.88032 14.874519 "" "" 2197.99854 2490.646 12238.53536 3.4989 6071.4 9.9286 8899.2 11.095 "" "" 0.00277274947257858 0.0033071875 0.0040144795 0.007321667 35.10258102441 57.45531525876 2349.2666 -0.5960000000000001 -1.5950000000000006 0.05308826351165774 -0.4490772199630737 0.1280918 0.1310918 "" "" 5.0355314990298465 "" 0.6599110482143119 ""
34.57826514506 56.99519666071 0.0189 0.024 10.059 "" "" 458369462577490304 2197.70435 0.4306 0.032 -0.606 -1.241 0.025 0.03 1.004 8886.4 4.3512 15.468231 0.909449 15.831936 14.922487 "" "" 2053.95483 2394.23706 12236.42164 3.4595 6348.1 16.847 8514.6 10.925 "" "" 0.0027723662204771253 0.0040109223 0.0040279585 0.00803888 34.57826514506 56.99519666071 2197.70435 -0.6060000000000002 -1.2410000000000014 0.04308826351165773 -0.09507721996307383 0.1280918 0.13309179 "" "" 1.0873933212952565 "" 0.14381126007914885 ""
34.12517387277 57.21146167791 0.0169 0.0208 20.6307 "" "" 458563732535597184 2287.73877 0.407 0.0283 2.253 -1.208 0.022 0.025 0.976 6838.8 4.1781 15.469728 1.250749 16.012583 14.761834 "" "" 2146.82715 2418.42578 12219.55189 3.1935 5375.1 11.428 9872.4 8.1834 "" "" 0.002769892325999115 0.003621282 0.0038850612 0.0075063435 34.12517387277 57.21146167791 2287.73877 2.253 -1.2079999999999997 2.902088263511658 -0.06207721996307369 0.12509179 0.1280918 "" "" 31.47710079685043 "" 3.937570624451666 ""
34.62229999872 57.14654822131 0.0287 0.0392 4.0144 "" "" 458372795471919360 2141.45435 0.4338 0.05 -0.361 -0.913 0.039 0.052 1.718 9507.3 4.2651 15.470014 0.949805 15.847921 14.898116 "" "" 1905.11023 2408.46167 12216.34623 4.318 6255.3 10.889 8707.9 18.112 "" "" 0.0027819175284108507 0.0033700427 0.0044026743 0.0077727167 34.62229999872 57.14654822131 2141.45435 -0.3610000000000002 -0.913 0.2880882635116577 0.23292278003692624 0.1420918 0.15509179 "" "" 3.760451290535249 "" 0.5541691328632814 ""
34.55465578474 57.16410012296 0.0186 0.0246 6.3879 "" "" 458373001630146304 2354.62524 0.3894 0.0327 -0.941 -1.268 0.026 0.033 1.008 9698.9 4.3356 15.471152 0.929327 15.841941 14.912614 "" "" 2199.60669 2561.02979 12203.54269 3.5729 6289.9 17.427 8592.4 15.685 "" "" 0.002773596086545706 0.0041029463 0.004267538 0.008370484 34.55465578474 57.16410012296 2354.62524 -0.941 -1.268 -0.29191173648834223 -0.12207721996307375 0.1290918 0.1360918 "" "" 3.5314282261923973 "" 0.4596423920484045 ""
34.28760750259 57.26622873881 0.0176 0.0227 16.7577 "" "" 458564832047168640 1891.83142 0.4953 0.0305 -2.572 -2.354 0.024 0.029 1.047 5026.4 3.539 15.473752 1.672522 16.26924 14.596718 "" "" 1773.02869 2006.82642 12174.35321 3.2685 4243.5 12.337 11494.0 14.086 "" "" 0.0027706961386986884 0.004212923 0.0040067653 0.008219688 34.28760750259 57.26622873881 1891.83142 -2.572 -2.354 -1.9229117364883423 -1.2080772199630738 0.1270918 0.13209179 "" "" 20.363903511717027 "" 2.617302012754572 ""
34.46808498814 57.19865442439 0.0175 0.0231 9.7262 "" "" 458561018116251136 2513.91455 0.362 0.0288 -3.919 2.166 0.023 0.031 1.034 5135.8 3.4161 15.474128 1.828742 16.369099 14.540357 "" "" 2366.75269 2760.33374 12170.13705 3.6224 3870.6 9.5513 12106.0 11.488 "" "" 0.002774207178466302 0.0038682388 0.0039173034 0.007785542 34.46808498814 57.19865442439 2513.91455 -3.9190000000000005 2.1660000000000013 -3.2699117364883423 3.311922780036926 0.1260918 0.1340918 "" "" 55.45869691064046 "" 7.220960876331798 ""
35.24032521035 56.99345621457 0.0188 0.0242 18.3186 "" "" 458358948497479424 1882.86584 0.5049 0.0339 -0.46 -1.118 0.026 0.031 0.99 9363.3 4.2615 15.47451 0.93904 15.852443 14.913403 "" "" 1755.11377 2021.45837 12165.86091 3.5882 6229.3 15.078 8586.1 12.68 "" "" 0.002773866400444989 0.0038329547 0.004105446 0.007938401 35.24032521035 56.99345621457 1882.86584 -0.4599999999999997 -1.1179999999999983 0.1890882635116577 0.027922780036926165 0.1290918 0.1340918 "" "" 1.7058728039139721 "" 0.220399663549034 ""
34.56441935507 57.08274911173 0.0177 0.0232 6.6872 "" "" 458372142636707328 2224.64917 0.4108 0.0313 -0.814 -1.287 0.024 0.029 1.062 8675.7 4.2174 15.477342 0.978532 15.878071 14.899539 "" "" 2090.16772 2424.6106 12134.16796 2.8886 6084.0 10.464 8696.5 9.5067 "" "" 0.0027674164048133057 0.0033574034 0.003961367 0.0073187705 34.56441935507 57.08274911173 2224.64917 -0.8140000000000001 -1.286999999999999 -0.16491173648834223 -0.14107721996307365 0.1270918 0.13209179 "" "" 2.2884644075163356 "" 0.29573431771298675 ""
34.59500543519 57.07776257288 0.0177 0.0235 6.0048 "" "" 458371386722463744 2479.26855 0.3769 0.0307 -0.614 -1.092 0.023 0.03 1.012 9141.6 4.3377 15.482215 0.885652 15.837357 14.951705 "" "" 2276.90454 2700.46875 12079.83245 3.1496 6316.5 10.949 8288.5 11.761 "" "" 0.0027698244050305826 0.0033655632 0.0040813237 0.007446887 34.59500543519 57.07776257288 2479.26855 -0.614 -1.092 0.035088263511657725 0.05392278003692619 0.1260918 0.13309179 "" "" 0.7560349711487172 "" 0.09907730587702367 ""
34.73635386988 57.15486419284 0.0191 0.0263 1.1312 "" "" 458377807689939072 2308.80151 0.4043 0.0343 -0.788 -1.055 0.027 0.034 0.955 9391.3 4.3829 15.483009 0.899188 15.84518 14.945991 "" "" 2144.24048 2557.68237 12070.99164 3.781 6271.1 25.434 8332.2 33.826 "" "" 0.0027762290074815977 0.0052130236 0.005806189 0.011019213 34.73635386988 57.15486419284 2308.80151 -0.7880000000000005 -1.0550000000000002 -0.13891173648834232 0.09092278003692633 0.1300918 0.1370918 "" "" 1.81690203040128 "" 0.24024928926640357 ""
34.58328778086 56.96215254284 0.0188 0.0236 11.7051 "" "" 458366022298786176 2410.82373 0.3835 0.032 -0.645 -1.234 0.025 0.03 1.006 7485.8 4.3481 15.484153 0.873055 15.833253 14.960197 "" "" 2246.8313 2619.625 12058.28259 3.4528 6340.4 13.405 8223.9 13.603 "" "" 0.0027728042777134566 0.0036130734 0.0041843723 0.0077974456 34.58328778086 56.96215254284 2410.82373 -0.645 -1.234 0.004088263511657697 -0.08807721996307372 0.1280918 0.13309179 "" "" 1.0075688732533947 "" 0.1340885196052404 ""
35.38202998645 57.29455951873 0.0188 0.0222 22.7888 "" "" 458459622530165888 2353.0603 0.3992 0.0305 -0.829 -1.151 0.026 0.029 1.02 8998.0 4.2579 15.484226 1.008889 15.900011 14.891122 "" "" 2217.14087 2511.44946 12057.47662 3.1421 5962.3 12.734 8764.1 12.268 "" "" 0.002769809030220998 0.003627972 0.00407352 0.007701492 35.38202998645 57.29455951873 2353.0603 -0.829 -1.1510000000000011 -0.17991173648834224 -0.0050772199630737536 0.1290918 0.13209179 "" "" 2.0074454911740816 "" 0.25914959838752716 ""
34.93249746126 56.78235921826 0.018 0.0219 22.1231 "" "" 458348778015126144 2277.65869 0.3992 0.0304 -0.602 -1.148 0.023 0.027 1.063 8544.8 4.3055 15.484517 0.816433 15.80647 14.990037 "" "" 2146.89844 2477.80322 12054.24312 3.4491 6498.7 12.126 8001.0 11.518 "" "" 0.00277277860096523 0.003448082 0.004089826 0.007537908 34.93249746126 56.78235921826 2277.65869 -0.6020000000000003 -1.148 0.047088263511657735 -0.00207721996307364 0.1260918 0.1300918 "" "" 0.5088641045089252 "" 0.06416760328542778 ""
34.6847979599 56.87346826617 0.0188 0.0223 15.9008 "" "" 458364617854472064 2448.35376 0.382 0.0312 -0.609 -1.174 0.023 0.028 0.992 8083.6 4.1171 15.484943 0.915655 15.853612 14.937957 "" "" 2274.94629 2622.01392 12049.50532 3.4798 6222.6 11.174 8394.1 10.641 "" "" 0.00277310370571606 0.0034038597 0.0040222006 0.0074260603 34.6847979599 56.87346826617 2448.35376 -0.6090000000000001 -1.174 0.04008826351165773 -0.028077219963073663 0.1260918 0.1310918 "" "" 0.5679910025531412 "" 0.0725659115120425 ""
35.37450528923 57.10631295562 0.0192 0.0256 20.6092 "" "" 458452888021563264 2312.08594 0.4162 0.0308 -0.387 -0.965 0.027 0.033 1.07 7776.8 3.661 15.485068 1.105251 15.940703 14.835452 "" "" 2144.21948 2495.20972 12048.11942 5.032 5743.0 20.025 9225.2 17.515 "" "" 0.0027923863803695054 0.004702909 0.004305 0.009007908 35.37450528923 57.10631295562 2312.08594 -0.387 -0.9649999999999999 0.2620882635116577 0.1809227800369263 0.1300918 0.1360918 "" "" 3.490207157256285 "" 0.4609098415398979 ""
34.97940186324 57.08849122726 0.0175 0.0237 8.1858 "" "" 458362143953059968 2195.46729 0.4298 0.0296 -0.638 -1.185 0.024 0.029 0.972 9254.5 4.2142 15.486758 0.977972 15.884057 14.906085 "" "" 2051.75391 2342.58496 12029.39058 3.3734 6050.5 9.5779 8644.2 8.8377 "" "" 0.0027720918255921922 0.0032770447 0.0039390246 0.0072160694 34.97940186324 57.08849122726 2195.46729 -0.638 -1.185 0.011088263511657703 -0.039077219963073784 0.1270918 0.13209179 "" "" 0.4227119083005937 "" 0.05568204562093848 ""
35.23042816683 57.1303331003 0.0178 0.0218 15.8359 "" "" 458456770671992960 1807.18884 0.5196 0.0281 -4.284 -1.155 0.024 0.029 1.007 7182.5 4.2542 15.486973 1.240228 16.020168 14.779941 "" "" 1718.15564 1893.03491 12027.00394 3.502 5337.6 11.947 9709.2 12.96 "" "" 0.0027733978316443575 0.0037001064 0.004047725 0.0077478313 35.23042816683 57.1303331003 1807.18884 -4.283999999999999 -1.1549999999999998 -3.634911736488342 -0.009077219963073757 0.1270918 0.13209179 "" "" 31.137024009887444 "" 3.9572612687607758 ""
34.58657337738 57.1039092315 0.0173 0.0231 5.4945 "" "" 458372245715916544 2376.27515 0.3883 0.0306 -0.571 -1.168 0.024 0.029 0.955 9301.1 4.2113 15.48817 0.915567 15.856671 14.941104 "" "" 2207.0354 2526.87939 12013.75914 3.4641 6205.1 16.196 8369.8 10.774 "" "" 0.002773048803353251 0.0039769323 0.0040295213 0.0080064535 34.58657337738 57.1039092315 2376.27515 -0.5710000000000004 -1.167999999999999 0.07808826351165776 -0.022077219963073658 0.1270918 0.13209179 "" "" 0.91402676068159 "" 0.11650970434960742 ""
34.77430870958 57.02949200569 0.0184 0.0238 6.495 "" "" 458367504072345472 2366.93408 0.3931 0.0318 -0.431 -1.154 0.025 0.031 1.022 9189.9 4.4963 15.488389 0.916596 15.857471 14.940875 "" "" 2205.8811 2543.83179 12011.3279 3.9552 6200.5 14.02 8371.6 12.303 "" "" 0.0027784187511227126 0.0037164378 0.0041024014 0.0078188395 34.77430870958 57.02949200569 2366.93408 -0.4310000000000003 -1.153999999999999 0.21808826351165772 -0.008077219963073645 0.1280918 0.1340918 "" "" 2.4484681320905746 "" 0.31364927791656105 ""
