Clusters/NGC_869/NGC_869_stars_in_region.tsv
# %ECSV 1.0
# ---
# datatype:
# - name: RA_ICRS_1
#   unit: deg
#   datatype: float64
#   format: '{:15.11f}'
#   description: Right ascension (ICRS) at Ep=2016.0 (ra)
#   meta: !!omap
#   - {ucd: POS_EQ_RA_MAIN}
#   - {width: 15}
#   - {precision: '11'}
# - name: DE_ICRS_1
#   unit: deg
#   datatype: float64
#   format: '{:15.11f}'
#   description: Declination (ICRS) at Ep=2016.0 (dec)
#   meta: !!omap
#   - {ucd: POS_EQ_DEC_MAIN}
#   - {width: 15}
#   - {precision: '11'}
# - name: e_RA_ICRS
#   unit: mas
#   datatype: float64
#   format: '{:7.4f}'
#   description: Standard error of right ascension (ra_error)
#   meta: !!omap
#   - {ucd: ERROR}
#   - {width: 7}
#   - {precision: '4'}
# - name: e_DE_ICRS
#   unit: mas
#   datatype: float64
#   format: '{:7.4f}'
#   description: Standard error of declination (dec_error)
#   meta: !!omap
#   - {ucd: ERROR}
#   - {width: 7}
#   - {precision: '4'}
# - name: _r_1
#   unit: ''
#   datatype: float64
#   format: '{:7.4f}'
#   description: Distance from center (034.74421562000+57.13649893000)[ICRS], at Epoch=J2016.0
#   meta: !!omap
#   - {ucd: POS_ANG_DIST_GENERAL}
#   - {width: 7}
#   - {precision: '4'}
# - name: HIP
#   datatype: int32
#   description: '? HIP cross-id number, van Leeuwen, Cat. I/311 (hip_original_ext_source_id)'
#   meta: !!omap
#   - {ucd: ID_NUMBER}
#   - {width: 6}
#   - values: {'null': -2147483648}
# - name: TYC2
#   datatype: string
#   description: Tycho-2 cross-id name, Hog et al., Cat. I/259 (tyc2_original_ext_source_id)
#   meta: !!omap
#   - {ucd: ID_CROSSID}
#   - {_votable_string_dtype: char}
# - name: Source
#   datatype: int64
#   description: Source identifier, identical to the Gaia-EDR3 source_id (id)
#   meta: !!omap
#   - {ucd: ID_MAIN}
#   - {width: 19}
# - name: rgeo
#   unit: pc
#   datatype: float64
#   format: '{:15.8f}'
#   description: '? Median of the geometric distance posterior (r_med_geo)'
#   meta: !!omap
#   - {ucd: PHYS_DISTANCE_TRUE}
#   - {width: 15}
#   - {precision: '8'}
#   - values: {'null': .nan}
# - name: Plx
#   unit: mas
#   datatype: float64
#   format: '{:9.4f}'
#   description: '? Parallax (parallax)'
#   meta: !!omap
#   - {ucd: POS_PARLX_TRIG}
#   - {width: 9}
#   - {precision: '4'}
#   - values: {'null': .nan}
# - name: e_Plx
#   unit: mas
#   datatype: float32
#   format: '{:7.4f}'
#   description: '? Standard error of parallax (parallax_error)'
#   meta: !!omap
#   - {ucd: ERROR}
#   - {width: 7}
#   - {precision: '4'}
#   - values: {'null': .nan}
# - name: pmRA
#   unit: mas / yr
#   datatype: float64
#   format: '{:9.3f}'
#   description: '? Proper motion in right ascension direction, pmRA*cosDE (pmra)'
#   meta: !!omap
#   - {ucd: POS_EQ_PMRA}
#   - {width: 9}
#   - {precision: '3'}
#   - values: {'null': .nan}
# - name: pmDE
#   unit: mas / yr
#   datatype: float64
#   format: '{:9.3f}'
#   description: '? Proper motion in declination direction (pmdec)'
#   meta: !!omap
#   - {ucd: POS_EQ_PMDEC}
#   - {width: 9}
#   - {precision: '3'}
#   - values: {'null': .nan}
# - name: e_pmRA
#   unit: mas / yr
#   datatype: float32
#   format: '{:6.3f}'
#   description: '? Standard error of proper motion in right ascension direction (pmra_error)'
#   meta: !!omap
#   - {ucd: ERROR}
#   - {width: 6}
#   - {precision: '3'}
#   - values: {'null': .nan}
# - name: e_pmDE
[...]
#         value: !astropy.table.SerializedColumn {name: SkyCoord.dec}
#       distance: !astropy.table.SerializedColumn
#         __class__: astropy.coordinates.distances.Distance
#         unit: !astropy.units.Unit {unit: pc}
#         value: !astropy.table.SerializedColumn {name: SkyCoord.distance}
#       frame: icrs
#       obstime: !astropy.time.Time {format: jyear_str, in_subfmt: '*', jd1: 367701545.0, jd2: 0.0, out_subfmt: '*', precision: 3, scale: tt}
#       pm_dec: !astropy.table.SerializedColumn
#         __class__: astropy.units.quantity.Quantity
#         unit: !astropy.units.Unit {unit: mas / yr}
#         value: !astropy.table.SerializedColumn {name: SkyCoord.pm_dec}
#       pm_ra_cosdec: !astropy.table.SerializedColumn
#         __class__: astropy.units.quantity.Quantity
#         unit: !astropy.units.Unit {unit: mas / yr}
#         value: !astropy.table.SerializedColumn {name: SkyCoord.pm_ra_cosdec}
#       ra: !astropy.table.SerializedColumn
#         __class__: astropy.coordinates.angles.Longitude
#         unit: *id001
#         value: !astropy.table.SerializedColumn {name: SkyCoord.ra}
#         wrap_angle: !astropy.coordinates.Angle
#           unit: *id001
#           value: 360.0
#       representation_type: spherical
# schema: astropy-2.0
RA_ICRS_1 DE_ICRS_1 e_RA_ICRS e_DE_ICRS _r_1 HIP TYC2 Source rgeo Plx e_Plx pmRA pmDE e_pmRA e_pmDE RUWE Teff logg Gmag BP-RP BPmag RPmag RV e_RV b_rgeo B_rgeo FG e_FG FBP e_FBP FRP e_FRP RAVE5 RAVE6 e_Gmag e_BPmag e_RPmag e_BP-RP SkyCoord.ra SkyCoord.dec SkyCoord.distance SkyCoord.pm_ra_cosdec SkyCoord.pm_dec rmRA rmDE e_rmRA e_rmDE rRV e_rRV v_pec v_pec3d e_vpec e_vpec3d
[from data line 1405]
34.52741764584 57.31306359957 0.0183 0.0235 12.7207 "" "" 458567993143029888 2174.62524 0.4285 0.0306 -0.729 -1.095 0.025 0.032 1.025 8693.3 4.2729 15.577948 0.998022 15.988106 14.990084 "" "" 2062.87183 2309.08057 11060.32496 3.1518 5497.6 10.121 8000.6 13.672 "" "" 0.002772636911600283 0.003432251 0.0042102467 0.007642498 34.52741764584 57.31306359957 2174.62524 -0.729 -1.0949999999999998 -0.07991173648834227 0.050922780036926296 0.1280918 0.1350918 "" "" 0.9767358276621306 "" 0.1271241786679803 ""
35.34570304465 57.09315260497 0.0184 0.0227 19.7667 "" "" 458452853661833984 2317.59961 0.3958 0.031 -1.244 -1.466 0.025 0.03 1.019 7319.3 4.3234 15.57923 1.316096 16.15955 14.843453 "" "" 2142.46875 2492.78735 11047.26369 2.7851 4694.6 10.833 9157.5 9.7226 "" "" 0.0027688830547907203 0.0037499336 0.0039512687 0.0077012023 35.34570304465 57.09315260497 2317.59961 -1.2440000000000002 -1.4660000000000002 -0.5949117364883423 -0.3200772199630737 0.1280918 0.13309179 "" "" 7.421214930930828 "" 0.959051592611082 ""
34.651817229 56.80919578938 0.0194 0.0232 19.8693 "" "" 458340806554839808 2211.09424 0.4166 0.0335 -0.839 -1.294 0.025 0.029 1.016 7477.9 4.3703 15.580072 0.96374 15.970903 15.007163 "" "" 2051.09424 2387.10181 11038.69822 3.2197 5585.4 13.12 7875.8 11.126 "" "" 0.002773459245511622 0.0037801396 0.0040787584 0.0078588985 34.651817229 56.80919578938 2211.09424 -0.8390000000000009 -1.2940000000000005 -0.18991173648834225 -0.14807721996307377 0.1280918 0.13209179 "" "" 2.5239143974542553 "" 0.327146451174966 ""
34.92829892131 57.50085712815 0.0196 0.0265 22.6604 "" "" 458478073709539712 2164.72583 0.4315 0.0374 -0.171 -1.334 0.028 0.037 1.0 9192.2 4.3259 15.581363 1.104112 16.04381 14.939698 "" "" 2019.99658 2339.46973 11025.58293 3.285 5222.7 14.235 8380.7 12.292 "" "" 0.002774244739275599 0.0040672366 0.0041011744 0.0081684105 34.92829892131 57.50085712815 2164.72583 -0.17100000000000032 -1.333999999999998 0.4780882635116577 -0.1880772199630738 0.1310918 0.1400918 "" "" 5.271509849088312 "" 0.6975973175257973 ""
34.81630369973 57.05366123028 0.0178 0.0235 5.4977 "" "" 458367675871008128 2324.30127 0.4018 0.032 -1.131 -0.763 0.024 0.029 0.985 7072.2 4.2025 15.58393 1.284097 16.145567 14.86147 "" "" 2176.41113 2536.25269 10999.54714 3.1682 4755.4 11.493 9006.8 8.715 "" "" 0.0027730102958717583 0.0038302273 0.003922678 0.0077529056 34.81630369973 57.05366123028 2324.30127 -1.131 -0.7630000000000001 -0.4819117364883423 0.38292278003692626 0.1270918 0.13209179 "" "" 6.781334534075525 "" 0.8751303755096698 ""
34.65750371498 57.4110755496 0.0307 0.0404 16.713 "" "" 458569814209053056 2099.71338 0.4577 0.0512 1.045 -0.078 0.043 0.056 1.557 6739.4 4.1742 15.585982 1.448657 16.227514 14.778857 "" "" 1918.31018 2316.67603 10978.76941 4.5585 4409.7 17.64 9718.9 19.147 "" "" 0.0027919559720219547 0.005162246 0.0043426934 0.009504939 34.65750371498 57.4110755496 2099.71338 1.045 -0.07800000000000003 1.6940882635116576 1.0679227800369262 0.1460918 0.1590918 "" "" 19.931128272450604 "" 2.9877448498372714 ""
34.28507678933 57.10860506214 0.0189 0.0254 15.0478 "" "" 458559128330700416 2521.24121 0.3683 0.0314 -3.074 0.897 0.025 0.032 0.97 7511.3 4.0227 15.587583 1.110372 16.047636 14.937264 "" "" 2289.72949 2771.55444 10962.59978 3.4208 5204.3 10.623 8399.5 9.8277 "" "" 0.0027760713638005836 0.0035632283 0.0039871684 0.007550397 34.28507678933 57.10860506214 2521.24121 -3.073999999999999 0.8969999999999994 -2.424911736488342 2.0429227800369265 0.1280918 0.1350918 "" "" 37.89277024639829 "" 4.965584504038377 ""
34.81969665527 56.7985575981 0.0192 0.0238 20.4262 "" "" 458351698592885376 2211.14478 0.4305 0.0327 -0.695 -1.214 0.025 0.029 1.034 8105.3 4.1452 15.590749 0.900416 15.946036 15.04562 "" "" 2089.06812 2394.05444 10930.67881 3.311 5714.8 13.653 7601.7 13.027 "" "" 0.0027748785391394095 0.0038096334 0.0042125573 0.008022191 34.81969665527 56.7985575981 2211.14478 -0.6949999999999997 -1.214 -0.045911736488342236 -0.0680772199630737 0.1280918 0.13209179 "" "" 0.8606025553582803 "" 0.11261363414447378 ""
34.77727082003 57.03525877862 0.0192 0.0245 6.1693 "" "" 458368294346322048 2429.28271 0.3832 0.0338 -0.819 -0.806 0.025 0.031 1.095 8663.7 4.4658 15.591406 1.057127 16.028502 14.971374 "" "" 2236.22119 2621.80273 10924.06744 3.0126 5296.8 12.585 8139.7 13.46 "" "" 0.002771541444092648 0.0037999658 0.0041841585 0.007984124 34.77727082003 57.03525877862 2429.28271 -0.819 -0.806 -0.16991173648834224 0.3399227800369262 0.1280918 0.1340918 "" "" 4.37588907059602 "" 0.5816169997203096 ""
35.16268545422 56.83336304502 0.0207 0.0253 22.7587 "" "" 458349808807230336 1835.36694 0.5253 0.0334 -0.55 -1.17 0.027 0.033 1.041 8168.6 4.3639 15.592019 1.014019 16.009733 14.995714 "" "" 1713.56323 1959.172 10917.89952 2.9575 5389.2 11.555 7959.3 10.418 "" "" 0.002770972781993208 0.0036337732 0.0040377392 0.0076715127 35.16268545422 56.83336304502 1835.36694 -0.55 -1.17 0.09908826351165767 -0.02407721996307366 0.1300918 0.1360918 "" "" 0.8871156811250058 "" 0.11570966855433033 ""
35.40483066476 57.13853619194 0.0192 0.0242 21.5082 "" "" 458453403417622400 2060.95215 0.4506 0.0305 -0.462 -1.353 0.026 0.031 1.035 9074.4 4.3698 15.592541 0.955606 15.985418 15.029812 "" "" 1940.56812 2189.04541 10912.65465 3.0338 5511.2 13.549 7713.2 13.215 "" "" 0.002771804192066965 0.003861323 0.004212366 0.008073689 35.40483066476 57.13853619194 2060.95215 -0.4619999999999995 -1.3529999999999998 0.1870882635116577 -0.2070772199630737 0.1290918 0.1340918 "" "" 2.72626185965792 "" 0.3595071463097516 ""
35.21309141114 57.38624854151 0.0195 0.0227 21.3546 "" "" 458472816669636480 1885.32178 0.4973 0.0323 -2.392 0.812 0.027 0.029 0.943 4883.4 3.5224 15.59518 1.639041 16.370785 14.731744 "" "" 1781.24976 2023.17224 10886.16009 3.4606 3864.6 9.4742 10150.0 9.7023 "" "" 0.0027768532806671984 0.0038561379 0.0039192922 0.00777543 35.21309141114 57.38624854151 1885.32178 -2.3919999999999995 0.8119999999999998 -1.7429117364883422 1.9579227800369263 0.1300918 0.13209179 "" "" 23.4250331394335 "" 3.073630453481725 ""
35.14596500356 57.20794554135 0.0195 0.0237 13.7528 "" "" 458458179421236480 1810.0719 0.5271 0.0323 -0.741 0.016 0.026 0.031 1.048 7157.3 4.2989 15.595489 1.328293 16.17708 14.848787 "" "" 1705.8678 1915.33008 10883.06965 2.9542 4619.4 15.383 9112.6 12.118 "" "" 0.0027710378127556085 0.0045670094 0.0040457807 0.00861279 35.14596500356 57.20794554135 1810.0719 -0.7409999999999997 0.016000000000000007 -0.09191173648834228 1.1619227800369263 0.1290918 0.1340918 "" "" 10.000137182058184 "" 1.3406311782529197 ""
34.8398313653 57.1083202103 0.0192 0.0247 3.5436 "" "" 458374479099124352 2043.17395 0.4554 0.0323 -0.746 -1.262 0.026 0.031 1.029 8143.6 4.1947 15.595606 1.293421 16.158682 14.865261 "" "" 1912.40735 2171.06421 10881.89272 4.4819 4698.3 14.749 8975.4 14.837 "" "" 0.0027913722564706423 0.00440477 0.0041839024 0.008588673 34.8398313653 57.1083202103 2043.17395 -0.7460000000000001 -1.262 -0.09691173648834228 -0.11607721996307374 0.1290918 0.1340918 "" "" 1.4644580596859296 "" 0.19339781211375942 ""
34.16566754644 57.19262789252 0.019 0.0245 19.1211 "" "" 458563560736915968 2332.88867 0.3943 0.0322 -2.356 0.9 0.025 0.031 1.054 4909.6 3.5594 15.597648 1.670558 16.394203 14.723645 "" "" 2167.25708 2501.01855 10861.44504 2.9517 3782.1 7.7296 10226.0 10.294 "" "" 0.002771073661456342 0.003564941 0.0039342446 0.0074991854 34.16566754644 57.19262789252 2332.88867 -2.355999999999999 0.9 -1.7069117364883422 2.045922780036926 0.1280918 0.1340918 "" "" 29.463312964864883 "" 3.879213478758574 ""
34.38139418412 57.19474550366 0.0189 0.0249 12.3101 "" "" 458561327353905152 2138.93164 0.4425 0.0313 -0.277 -1.23 0.025 0.032 1.03 9501.3 4.3441 15.597898 0.994826 16.000135 15.005309 "" "" 2021.13232 2274.00488 10858.94797 3.3678 5437.0 11.38 7889.2 12.004 "" "" 0.0027758200662454605 0.0035985252 0.0041246726 0.007723198 34.38139418412 57.19474550366 2138.93164 -0.2769999999999999 -1.23 0.3720882635116577 -0.08407721996307371 0.1280918 0.1350918 "" "" 3.8675379341019767 "" 0.49674911825680806 ""
34.75693812811 57.15882039055 0.0199 0.0253 1.4018 "" "" 458377777633950848 1959.94226 0.4698 0.0369 -0.661 -1.299 0.027 0.032 1.023 "" "" 15.598247 1.005133 15.989541 14.984408 "" "" 1827.24536 2125.63989 10855.45868 3.9652 5490.4 37.308 8042.6 47.204 "" "" 0.0027837156178548766 0.007887701 0.0074089053 0.015296606 34.75693812811 57.15882039055 1959.94226 -0.6610000000000003 -1.2990000000000004 -0.011911736488342317 -0.15307721996307366 0.1300918 0.1350918 "" "" 1.4264057864026864 "" 0.19265358407749228 ""
35.19754931919 57.31402695633 0.0193 0.0232 18.1732 "" "" 458460412804148096 2347.36719 0.3918 0.0327 -0.67 -1.186 0.026 0.029 1.01 9734.5 4.5457 15.599118 0.957771 15.989133 15.031362 "" "" 2158.20776 2537.62891 10846.7417 3.7107 5492.4 14.503 7702.2 12.825 "" "" 0.0027802431724187663 0.0040005557 0.004189525 0.0081900805 35.19754931919 57.31402695633 2347.36719 -0.6700000000000002 -1.1859999999999997 -0.020911736488342325 -0.040077219963073674 0.1290918 0.13209179 "" "" 0.5029734055280293 "" 0.06611864946183912 ""
35.08512137593 57.27373442174 0.0188 0.024 13.8036 "" "" 458470411488055424 2678.67163 0.3475 0.0317 0.594 -0.043 0.025 0.031 1.033 7213.4 4.2994 15.599896 1.212994 16.119066 14.906073 "" "" 2445.5437 2902.37134 10838.97827 3.4222 4872.9 13.834 8644.3 11.188 "" "" 0.0027765628980346286 0.004157649 0.00403217 0.008189819 35.08512137593 57.27373442174 2678.67163 0.5939999999999999 -0.04300000000000003 1.2430882635116576 1.1029227800369263 0.1280918 0.1340918 "" "" 21.10020268858589 "" 2.759242314290836 ""
34.62416575539 56.79236123295 0.0188 0.0232 21.0183 "" "" 458340462957462016 2275.49707 0.4145 0.0339 0.852 -2.46 0.024 0.03 0.994 6644.3 4.2629 15.599985 1.244605 16.143597 14.898992 "" "" 2129.18726 2431.13574 10838.08491 3.0639 4764.1 11.399 8700.8 10.23 "" "" 0.0027723633353267147 0.0038123159 0.003989151 0.007801467 34.62416575539 56.79236123295 2275.49707 0.8519999999999994 -2.459999999999999 1.5010882635116576 -1.3140772199630737 0.1270918 0.13309179 "" "" 21.517890841551008 "" 2.7914955635681578 ""
35.14497812886 57.05109933501 0.0183 0.024 14.0322 "" "" 458362247032304896 1969.36853 0.4726 0.0312 0.559 -1.516 0.025 0.031 1.057 7347.0 4.3377 15.600021 1.181907 16.08534 14.903434 "" "" 1844.85986 2097.54224 10837.728 3.7008 5026.7 14.967 8665.3 26.054 "" "" 0.002780152023698313 0.0042703524 0.0049940576 0.00926441 35.14497812886 57.05109933501 1969.36853 0.5589999999999982 -1.516 1.2080882635116579 -0.37007721996307374 0.1280918 0.1340918 "" "" 11.794536378963375 "" 1.5169839013767694 ""
34.73789841694 57.16915293534 0.0202 0.0244 1.97 "" "" 458377846353418368 2289.54517 0.4102 0.0336 -0.642 -1.081 0.026 0.032 1.008 9130.3 4.2968 15.600043 0.98791 16.003536 15.015626 "" "" 2128.91431 2480.36768 10837.5082 3.4583 5420.0 24.036 7814.6 15.685 "" "" 0.002777017535533176 0.005564917 0.004362654 0.009927571 34.73789841694 57.16915293534 2289.54517 -0.642 -1.081 0.0070882635116577 0.06492278003692631 0.1290918 0.1350918 "" "" 0.7087577328331017 "" 0.09569836106619013 ""
34.78328723532 56.85007196574 0.0189 0.0227 17.233 "" "" 458352935543536896 2147.3418 0.4336 0.0314 -0.601 -1.234 0.025 0.027 1.018 8386.3 4.185 15.603824 0.88759 15.960103 15.072513 "" "" 2024.84424 2301.61938 10799.84366 3.1817 5641.3 10.236 7415.7 8.5226 "" "" 0.002773824562556765 0.0034155692 0.003980041 0.00739561 34.78328723532 56.85007196574 2147.3418 -0.601 -1.234 0.048088263511657736 -0.08807721996307372 0.1280918 0.1300918 "" "" 1.0214001844793206 "" 0.13240947027047884 ""
34.61696878318 56.91953468091 0.0199 0.0245 13.6649 "" "" 458365717366072704 2195.27344 0.4356 0.0337 -0.572 -1.144 0.025 0.03 0.981 8981.0 4.3931 15.604962 0.85272 15.944634 15.091914 "" "" 2039.26379 2381.20312 10788.51823 3.3878 5722.2 11.053 7284.4 10.89 "" "" 0.0027763340443598913 0.0034904624 0.004113191 0.0076036532 34.61696878318 56.91953468091 2195.27344 -0.5719999999999998 -1.1440000000000001 0.07708826351165776 0.0019227800369263637 0.1280918 0.13309179 "" "" 0.8023988172546025 "" 0.10278324968899277 ""
35.10606424197 57.14534782258 0.0197 0.0239 11.7917 "" "" 458363965019104128 2469.40381 0.3756 0.0318 -2.785 1.147 0.025 0.03 0.985 8519.6 4.2044 15.605224 1.160132 16.09794 14.937808 "" "" 2305.13037 2649.10449 10785.92057 3.6767 4968.7 16.11 8395.3 12.372 "" "" 0.0027800660649703176 0.0044919276 0.0041041225 0.00859605 35.10606424197 57.14534782258 2469.40381 -2.785 1.1469999999999998 -2.1359117364883424 2.2929227800369265 0.1280918 0.13309179 "" "" 36.67901461541384 "" 4.7973439532834865 ""
34.83179581814 57.24063153367 0.0186 0.027 6.8662 "" "" 458379839218177920 2466.01416 0.3698 0.0317 -0.824 -1.226 0.025 0.036 1.027 7826.0 3.9688 15.605746 0.976471 15.994561 15.01809 "" "" 2285.49438 2658.49438 10780.73267 3.1823 5465.0 9.8846 7796.9 16.236 "" "" 0.0027738969888387675 0.0034119622 0.0044040205 0.007815983 34.83179581814 57.24063153367 2466.01416 -0.8240000000000001 -1.226 -0.17491173648834224 -0.08007721996307371 0.1280918 0.13909179 "" "" 2.248602955976843 "" 0.29246339912896513 ""
34.80384763908 57.05281851061 0.0186 0.0236 5.3839 "" "" 458367675871009920 2489.83472 0.3703 0.0312 -0.596 -1.138 0.025 0.029 1.006 9061.7 4.3963 15.607368 0.960154 16.001665 15.041512 "" "" 2340.07349 2691.20142 10764.64159 3.2109 5429.4 11.086 7630.5 9.7232 "" "" 0.002774287639343534 0.003563667 0.0040246504 0.0075883176 34.80384763908 57.05281851061 2489.83472 -0.5959999999999999 -1.138 0.05308826351165774 0.007922780036926369 0.1280918 0.13209179 "" "" 0.6334766359163031 "" 0.08119920880827361 ""
34.82754263358 57.18327906632 0.0199 0.027 3.9025 "" "" 458375338092495744 2366.43945 0.3976 0.0338 -0.638 -1.099 0.027 0.036 1.094 8192.5 4.2305 15.608199 1.068125 16.047663 14.979538 "" "" 2189.14258 2613.9646 10756.40212 3.4745 5204.2 14.227 8078.7 12.045 "" "" 0.0027775506679976088 0.0040736804 0.0041114716 0.008185152 34.82754263358 57.18327906632 2366.43945 -0.6379999999999999 -1.0989999999999986 0.011088263511657703 0.04692278003692629 0.1300918 0.13909179 "" "" 0.5408251808295977 "" 0.07497482681262693 ""
34.60749229946 57.17306341768 0.0213 0.0283 4.9608 "" "" 458372898545112576 2169.54834 0.4311 0.0381 -0.879 -1.072 0.028 0.036 1.071 "" "" 15.610331 0.959274 15.967279 15.008005 "" "" 1998.82129 2443.48926 10735.30485 4.0026 5604.1 71.835 7869.7 72.191 "" "" 0.002784898783772657 0.014194219 0.010652731 0.02484695 34.60749229946 57.17306341768 2169.54834 -0.879 -1.072 -0.2299117364883423 0.0739227800369262 0.1310918 0.13909179 "" "" 2.4835405986301295 "" 0.32748452730157623 ""
34.38725843068 57.22162429457 0.0189 0.0269 12.6825 "" "" 458561636591528704 2478.59351 0.3826 0.0333 -4.766 -2.132 0.025 0.035 1.021 9310.8 4.3669 15.612322 0.959093 15.997961 15.038868 "" "" 2310.85889 2708.55396 10715.63885 3.0318 5447.9 11.584 7649.1 11.273 "" "" 0.002772391562627463 0.003621437 0.0041041593 0.0077255964 34.38725843068 57.22162429457 2478.59351 -4.765999999999995 -2.1320000000000037 -4.116911736488342 -0.9860772199630738 0.1280918 0.1380918 "" "" 49.73573408860948 "" 6.3987163819657455 ""
