Clusters/NGC_869/NGC_869_stars_in_region.tsv
# %ECSV 1.0
# ---
# datatype:
# - name: RA_ICRS_1
#   unit: deg
#   datatype: float64
#   format: '{:15.11f}'
#   description: Right ascension (ICRS) at Ep=2016.0 (ra)
#   meta: !!omap
#   - {ucd: POS_EQ_RA_MAIN}
#   - {width: 15}
#   - {precision: '11'}
# - name: DE_ICRS_1
#   unit: deg
#   datatype: float64
#   format: '{:15.11f}'
#   description: Declination (ICRS) at Ep=2016.0 (dec)
#   meta: !!omap
#   - {ucd: POS_EQ_DEC_MAIN}
#   - {width: 15}
#   - {precision: '11'}
# - name: e_RA_ICRS
#   unit: mas
#   datatype: float64
#   format: '{:7.4f}'
#   description: Standard error of right ascension (ra_error)
#   meta: !!omap
#   - {ucd: ERROR}
#   - {width: 7}
#   - {precision: '4'}
# - name: e_DE_ICRS
#   unit: mas
#   datatype: float64
#   format: '{:7.4f}'
#   description: Standard error of declination (dec_error)
#   meta: !!omap
#   - {ucd: ERROR}
#   - {width: 7}
#   - {precision: '4'}
# - name: _r_1
#   unit: ''
#   datatype: float64
#   format: '{:7.4f}'
#   description: Distance from center (034.74421562000+57.13649893000)[ICRS], at Epoch=J2016.0
#   meta: !!omap
#   - {ucd: POS_ANG_DIST_GENERAL}
#   - {width: 7}
#   - {precision: '4'}
# - name: HIP
#   datatype: int32
#   description: '? HIP cross-id number, van Leeuwen, Cat. I/311 (hip_original_ext_source_id)'
#   meta: !!omap
#   - {ucd: ID_NUMBER}
#   - {width: 6}
#   - values: {'null': -2147483648}
# - name: TYC2
#   datatype: string
#   description: Tycho-2 cross-id name, Hog et al., Cat. I/259 (tyc2_original_ext_source_id)
#   meta: !!omap
#   - {ucd: ID_CROSSID}
#   - {_votable_string_dtype: char}
# - name: Source
#   datatype: int64
#   description: Source identifier, identical to the Gaia-EDR3 source_id (id)
#   meta: !!omap
#   - {ucd: ID_MAIN}
#   - {width: 19}
# - name: rgeo
#   unit: pc
#   datatype: float64
#   format: '{:15.8f}'
#   description: '? Median of the geometric distance posterior (r_med_geo)'
#   meta: !!omap
#   - {ucd: PHYS_DISTANCE_TRUE}
#   - {width: 15}
#   - {precision: '8'}
#   - values: {'null': .nan}
# - name: Plx
#   unit: mas
#   datatype: float64
#   format: '{:9.4f}'
#   description: '? Parallax (parallax)'
#   meta: !!omap
#   - {ucd: POS_PARLX_TRIG}
#   - {width: 9}
#   - {precision: '4'}
#   - values: {'null': .nan}
# - name: e_Plx
#   unit: mas
#   datatype: float32
#   format: '{:7.4f}'
#   description: '? Standard error of parallax (parallax_error)'
#   meta: !!omap
#   - {ucd: ERROR}
#   - {width: 7}
#   - {precision: '4'}
#   - values: {'null': .nan}
# - name: pmRA
#   unit: mas / yr
#   datatype: float64
#   format: '{:9.3f}'
#   description: '? Proper motion in right ascension direction, pmRA*cosDE (pmra)'
#   meta: !!omap
#   - {ucd: POS_EQ_PMRA}
#   - {width: 9}
#   - {precision: '3'}
#   - values: {'null': .nan}
# - name: pmDE
#   unit: mas / yr
#   datatype: float64
#   format: '{:9.3f}'
#   description: '? Proper motion in declination direction (pmdec)'
#   meta: !!omap
#   - {ucd: POS_EQ_PMDEC}
#   - {width: 9}
#   - {precision: '3'}
#   - values: {'null': .nan}
# - name: e_pmRA
#   unit: mas / yr
#   datatype: float32
#   format: '{:6.3f}'
#   description: '? Standard error of proper motion in right ascension direction (pmra_error)'
#   meta: !!omap
#   - {ucd: ERROR}
#   - {width: 6}
#   - {precision: '3'}
#   - values: {'null': .nan}
# - name: e_pmDE
[...]
#         value: !astropy.table.SerializedColumn {name: SkyCoord.dec}
#       distance: !astropy.table.SerializedColumn
#         __class__: astropy.coordinates.distances.Distance
#         unit: !astropy.units.Unit {unit: pc}
#         value: !astropy.table.SerializedColumn {name: SkyCoord.distance}
#       frame: icrs
#       obstime: !astropy.time.Time {format: jyear_str, in_subfmt: '*', jd1: 367701545.0, jd2: 0.0, out_subfmt: '*', precision: 3, scale: tt}
#       pm_dec: !astropy.table.SerializedColumn
#         __class__: astropy.units.quantity.Quantity
#         unit: !astropy.units.Unit {unit: mas / yr}
#         value: !astropy.table.SerializedColumn {name: SkyCoord.pm_dec}
#       pm_ra_cosdec: !astropy.table.SerializedColumn
#         __class__: astropy.units.quantity.Quantity
#         unit: !astropy.units.Unit {unit: mas / yr}
#         value: !astropy.table.SerializedColumn {name: SkyCoord.pm_ra_cosdec}
#       ra: !astropy.table.SerializedColumn
#         __class__: astropy.coordinates.angles.Longitude
#         unit: *id001
#         value: !astropy.table.SerializedColumn {name: SkyCoord.ra}
#         wrap_angle: !astropy.coordinates.Angle
#           unit: *id001
#           value: 360.0
#       representation_type: spherical
# schema: astropy-2.0
RA_ICRS_1 DE_ICRS_1 e_RA_ICRS e_DE_ICRS _r_1 HIP TYC2 Source rgeo Plx e_Plx pmRA pmDE e_pmRA e_pmDE RUWE Teff logg Gmag BP-RP BPmag RPmag RV e_RV b_rgeo B_rgeo FG e_FG FBP e_FBP FRP e_FRP RAVE5 RAVE6 e_Gmag e_BPmag e_RPmag e_BP-RP SkyCoord.ra SkyCoord.dec SkyCoord.distance SkyCoord.pm_ra_cosdec SkyCoord.pm_dec rmRA rmDE e_rmRA e_rmDE rRV e_rRV v_pec v_pec3d e_vpec e_vpec3d
[from data line 2584]
35.04387479177 56.96690110211 0.0412 0.0486 14.1128 "" "" 458360219807849984 2647.21484 0.3613 0.0676 -4.073 -0.665 0.056 0.062 1.048 5406.0 4.6593 16.980154 1.339252 17.571203 16.23195 "" "" 2245.98315 3083.4021 3040.07849 1.7045 1279.2 10.554 2549.0 7.5645 "" "" 0.002821765711147964 0.009382314 0.004966432 0.014348746 35.04387479177 56.96690110211 2647.21484 -4.073 -0.6650000000000023 -3.4239117364883427 0.48092278003692623 0.1590918 0.1650918 "" "" 43.384288670914444 "" 6.907213873890345 ""
34.97446009666 56.88199580059 0.0389 0.0468 17.0223 "" "" 458353588378566656 2685.0481 0.3631 0.0661 -0.647 -0.297 0.049 0.058 1.04 5231.3 4.71 16.981224 1.274309 17.55098 16.27667 "" "" 2303.55005 3497.33301 3037.08841 1.7356 1303.2 9.3065 2446.2 9.5361 "" "" 0.002824316704982835 0.008240287 0.0056743543 0.013914641 34.97446009666 56.88199580059 2685.0481 -0.6469999999999998 -0.2969999999999996 0.0020882635116576953 0.8489227800369263 0.1520918 0.1610918 "" "" 10.804381567592653 "" 1.7404967513120242 ""
34.53873577431 57.05649892562 0.0375 0.0501 8.2398 "" "" 458370596448488448 2658.229 0.3561 0.0653 -0.675 -1.131 0.049 0.062 1.002 "" "" 16.981552 1.54706 17.69927 16.15221 "" "" 2323.60132 3075.63428 3036.17065 4.4095 1136.9 10.638 2743.3 12.288 "" "" 0.003174620007180542 0.010535443 0.0061591836 0.016694628 34.53873577431 57.05649892562 2658.229 -0.6750000000000005 -1.1309999999999998 -0.02591173648834233 0.014922780036926264 0.1520918 0.1650918 "" "" 0.3767606960408986 "" 0.058560418181908165 ""
34.29612902723 57.38434791852 0.0378 0.0489 20.798 "" "" 458572494268707456 2466.41235 0.4068 0.0665 -0.995 -1.003 0.052 0.062 1.031 4867.8 4.3793 16.98162 1.651922 17.754055 16.102133 "" "" 2138.79785 2884.9751 3035.97721 1.8527 1080.9 11.708 2872.8 11.754 "" "" 0.00283386425217282 0.0120868385 0.0058324486 0.017919287 34.29612902723 57.38434791852 2466.41235 -0.9949999999999998 -1.0030000000000001 -0.3459117364883423 0.14292278003692638 0.15509179 0.1650918 "" "" 4.3755732953800495 "" 0.6851700744568912 ""
34.26227272704 56.85843545987 0.0389 0.0463 22.9437 "" "" 458343963346594816 2670.23022 0.3637 0.0675 0.997 1.046 0.053 0.061 1.041 5348.8 4.7437 16.982286 1.201578 17.506422 16.304844 "" "" 2322.02319 3142.07617 3034.11407 1.7354 1357.8 6.6784 2383.5 7.2723 "" "" 0.002824434649207546 0.006025216 0.005025699 0.011050915 34.26227272704 56.85843545987 2670.23022 0.9970000000000003 1.0459999999999998 1.6460882635116576 2.1919227800369265 0.1560918 0.1640918 "" "" 34.69496547367012 "" 5.594658449362103 ""
34.98437398386 57.25933962152 0.0376 0.0433 10.7359 "" "" 458377227878042752 1842.57031 0.5223 0.0604 0.115 -0.145 0.05 0.055 0.998 5143.5 4.7144 16.98353 1.374138 17.60406 16.229921 "" "" 1684.25049 2067.18823 3030.64392 2.0757 1241.1 11.175 2553.8 10.824 "" "" 0.002853903913193817 0.010166462 0.0059548337 0.016121294 34.98437398386 57.25933962152 1842.57031 0.11499999999999999 -0.14500000000000002 0.7640882635116577 1.0009227800369263 0.1530918 0.1580918 "" "" 10.997901183550601 "" 1.7186360561284786 ""
35.34101102656 57.19420014971 0.0381 0.0448 19.7217 "" "" 458454537288966016 2598.06421 0.3743 0.0599 0.917 0.055 0.051 0.059 0.971 5728.0 4.6346 16.985085 1.235161 17.529871 16.29471 "" "" 2217.92627 3057.6936 3026.30799 1.6642 1328.8 8.872 2405.9 7.5526 "" "" 0.002819267264317979 0.007767562 0.005089256 0.012856818 35.34101102656 57.19420014971 2598.06421 0.9169999999999997 0.055000000000000264 1.5660882635116578 1.2009227800369262 0.1540918 0.16209179 "" "" 24.3037605228237 "" 3.8181598260640044 ""
34.42095349353 57.29887042553 0.0399 0.0498 14.3248 "" "" 458562289428771968 2018.01367 0.489 0.0679 1.093 -0.335 0.052 0.066 0.984 5201.2 4.7146 16.991655 1.354385 17.599503 16.245117 "" "" 1781.276 2354.14453 3008.04746 1.7223 1246.3 8.2274 2518.3 8.4988 "" "" 0.00282457829618339 0.007691378 0.00526401 0.012955388 34.42095349353 57.29887042553 2018.01367 1.093 -0.3350000000000001 1.7420882635116577 0.8109227800369263 0.15509179 0.16909179 "" "" 18.38064608434056 "" 2.898188045325096 ""
34.15400411004 57.27868691583 0.0394 0.0485 20.9911 "" "" 458564454090047232 2549.91382 0.3797 0.0642 3.39 -0.688 0.052 0.059 1.076 5282.5 4.6157 16.991785 1.309532 17.57318 16.263647 "" "" 2207.32764 3000.92212 3007.68968 1.7888 1276.9 8.7056 2475.7 7.9936 "" "" 0.0028299753779884983 0.007910686 0.0051549315 0.0130656175 34.15400411004 57.27868691583 2549.91382 3.39 -0.688 4.039088263511658 0.4579227800369263 0.15509179 0.16209179 "" "" 49.131551852525305 "" 7.624362076883675 ""
35.39963272658 57.12035340028 0.0382 0.046 21.3659 "" "" 458453300338415360 2649.05151 0.3699 0.0625 0.642 1.449 0.051 0.061 0.976 5276.5 4.6117 16.992722 1.306774 17.581762 16.274988 "" "" 2367.24365 3063.35522 3005.09193 1.6109 1266.8 8.0363 2450.0 9.6345 "" "" 0.0028161200918623837 0.007431356 0.0057020374 0.013133394 35.39963272658 57.12035340028 2649.05151 0.6420000000000003 1.4490000000000005 1.2910882635116576 2.594922780036926 0.1540918 0.1640918 "" "" 36.39336133983426 "" 5.901422248955226 ""
34.91647569175 56.77148075158 0.1333 0.1613 22.6147 "" "" 458348812374869760 2094.95166 0.6188 0.2244 -0.134 -0.496 0.171 0.2 3.6 "" "" 16.99309 1.128616 17.304388 16.175772 "" "" 1515.79346 3125.85718 3004.07466 3.4491 1635.5 7.761 2684.4 9.1723 "" "" 0.0030241933426162606 0.005859186 0.005295909 0.011155095 34.91647569175 56.77148075158 2094.95166 -0.13399999999999995 -0.4960000000000001 0.5150882635116577 0.6499227800369263 0.2740918 0.3030918 "" "" 8.234870363236142 "" 2.406599250944697 ""
34.22844652445 56.92477577256 0.0476 0.0581 21.0945 "" "" 458532289069107200 1825.24561 0.5375 0.0791 -2.34 -0.625 0.062 0.079 1.254 5203.4 4.6914 16.99378 1.225138 17.47119 16.246052 "" "" 1600.40356 2060.46069 3002.16643 2.9299 1402.6 13.096 2516.2 12.035 "" "" 0.0029520405572636722 0.010514425 0.006422759 0.016937185 34.22844652445 56.92477577256 1825.24561 -2.3400000000000007 -0.6250000000000001 -1.6909117364883421 0.5209227800369263 0.1650918 0.1820918 "" "" 15.307684196710412 "" 2.5507814422572967 ""
35.1814612326 56.85748181661 0.0403 0.0514 22.0103 "" "" 458355718682211456 1818.18152 0.5329 0.0678 -0.367 -1.061 0.051 0.065 0.998 4974.9 4.3912 16.994505 1.290924 17.556803 16.265879 "" "" 1591.73523 2076.71826 3000.16197 1.6896 1296.3 7.983 2470.6 7.9765 "" "" 0.0028223509503357918 0.0072450987 0.005154742 0.012399841 35.1814612326 56.85748181661 1818.18152 -0.367 -1.060999999999999 0.2820882635116577 0.08492278003692633 0.1540918 0.1680918 "" "" 2.5388648546242436 "" 0.39429406793680377 ""
35.37143168337 57.09809687182 0.0372 0.0479 20.5612 "" "" 458452883715569792 2402.90942 0.4063 0.0628 0.127 1.207 0.052 0.062 0.977 5334.1 4.6585 16.994686 1.49917 17.69664 16.19747 "" "" 2099.96802 2772.08911 2999.66346 1.7598 1139.6 8.2812 2631.3 8.7073 "" "" 0.002827987422280481 0.008368617 0.005214614 0.013583231 35.37143168337 57.09809687182 2402.90942 0.12699999999999984 1.2069999999999999 0.7760882635116577 2.352922780036926 0.15509179 0.1650918 "" "" 28.219475969506973 "" 4.631875930203329 ""
34.85658885809 57.13891154654 0.0393 0.0521 3.6614 "" "" 458374891415941632 2663.67798 0.3619 0.0674 -0.678 -0.984 0.052 0.067 0.985 4658.2 4.3381 16.9949 1.743851 17.824501 16.08065 "" "" 2192.07446 3323.82495 2999.07284 5.3657 1013.0 14.283 2930.2 21.809 "" "" 0.0033712225058319385 0.015560752 0.008921076 0.024481827 34.85658885809 57.13891154654 2663.67798 -0.6779999999999995 -0.984 -0.028911736488342332 0.16192278003692628 0.15509179 0.17009181 "" "" 2.076743355723277 "" 0.3523158204729906 ""
34.68042760218 56.95298226059 0.0428 0.0498 11.2061 "" "" 458366198402373888 2627.625 0.3727 0.0721 -2.144 -0.184 0.06 0.063 1.141 5371.9 4.7072 16.997032 1.298069 17.511667 16.213598 "" "" 2216.28125 3452.02148 2993.18855 2.0197 1351.3 9.0431 2592.5 14.438 "" "" 0.0028510554746053467 0.007783217 0.0071305903 0.014913807 34.68042760218 56.95298226059 2627.625 -2.144 -0.18400000000000008 -1.4949117364883424 0.9619227800369263 0.1630918 0.1660918 "" "" 22.140588132063975 "" 3.6305230330785494 ""
34.64534833436 57.21769408094 0.0381 0.0489 5.8372 "" "" 458379117663563520 1977.73755 0.4985 0.0638 0.814 -0.244 0.049 0.065 1.018 5422.6 4.7115 16.997372 1.338326 17.595327 16.257002 "" "" 1751.85205 2360.09619 2992.25068 1.7329 1251.1 7.3966 2490.9 12.404 "" "" 0.0028261556450685974 0.0069991467 0.0065966505 0.013595797 34.64534833436 57.21769408094 1977.73755 0.8140000000000007 -0.24400000000000016 1.4630882635116578 0.9019227800369263 0.1520918 0.1680918 "" "" 16.112354437211494 "" 2.524174698830984 ""
34.91210438373 57.02868052036 0.0376 0.0466 8.4744 "" "" 458361491118117376 2617.36694 0.3592 0.0625 -2.105 -0.08 0.049 0.058 1.042 6041.0 4.4927 16.997608 1.304827 17.572968 16.26814 "" "" 2204.60645 3248.69971 2991.601 1.7127 1277.1 8.1119 2465.5 7.356 "" "" 0.0028245636521262306 0.0074394415 0.004977677 0.012417119 34.91210438373 57.02868052036 2617.36694 -2.105 -0.08000000000000002 -1.4559117364883423 1.0659227800369262 0.1520918 0.1610918 "" "" 22.38600034392842 "" 3.476361563341036 ""
34.69041572138 56.94787545905 0.0444 0.0516 11.4528 "" "" 458365442488133760 2266.66138 0.4185 0.0737 0.138 -2.422 0.058 0.065 1.088 5265.2 4.7462 16.999043 1.316229 17.575798 16.25957 "" "" 1906.69629 2715.81348 2987.65183 1.9768 1273.8 9.9751 2485.0 10.54 "" "" 0.002847431452882898 0.008948488 0.0059574 0.014905889 34.69041572138 56.94787545905 2266.66138 0.13799999999999846 -2.4219999999999993 0.7870882635116577 -1.2760772199630739 0.1610918 0.1680918 "" "" 16.108371817597053 "" 2.6770835448015773 ""
