Clusters/LP_1864/LP_1864_stars_in_region.tsv
# %ECSV 1.0
# ---
# datatype:
# - name: RA_ICRS_1
#   unit: deg
#   datatype: float64
#   format: '{:15.11f}'
#   description: Right ascension (ICRS) at Ep=2016.0 (ra)
#   meta: !!omap
#   - {ucd: POS_EQ_RA_MAIN}
#   - {width: 15}
#   - {precision: '11'}
# - name: DE_ICRS_1
#   unit: deg
#   datatype: float64
#   format: '{:15.11f}'
#   description: Declination (ICRS) at Ep=2016.0 (dec)
#   meta: !!omap
#   - {ucd: POS_EQ_DEC_MAIN}
#   - {width: 15}
#   - {precision: '11'}
# - name: e_RA_ICRS
#   unit: mas
#   datatype: float64
#   format: '{:7.4f}'
#   description: Standard error of right ascension (ra_error)
#   meta: !!omap
#   - {ucd: ERROR}
#   - {width: 7}
#   - {precision: '4'}
# - name: e_DE_ICRS
#   unit: mas
#   datatype: float64
#   format: '{:7.4f}'
#   description: Standard error of declination (dec_error)
#   meta: !!omap
#   - {ucd: ERROR}
#   - {width: 7}
#   - {precision: '4'}
# - name: _r_1
#   unit: ''
#   datatype: float64
#   format: '{:7.4f}'
#   description: Distance from center (008.71191783000+62.99140166000)[ICRS], at Epoch=J2016.0
#   meta: !!omap
#   - {ucd: POS_ANG_DIST_GENERAL}
#   - {width: 7}
#   - {precision: '4'}
# - name: HIP
#   datatype: int32
#   description: '? HIP cross-id number, van Leeuwen, Cat. I/311 (hip_original_ext_source_id)'
#   meta: !!omap
#   - {ucd: ID_NUMBER}
#   - {width: 6}
#   - values: {'null': -2147483648}
# - name: TYC2
#   datatype: string
#   description: Tycho-2 cross-id name, Hog et al., Cat. I/259 (tyc2_original_ext_source_id)
#   meta: !!omap
#   - {ucd: ID_CROSSID}
#   - {_votable_string_dtype: char}
# - name: Source
#   datatype: int64
#   description: Source identifier, identical to the Gaia-EDR3 source_id (id)
#   meta: !!omap
#   - {ucd: ID_MAIN}
#   - {width: 19}
# - name: rgeo
#   unit: pc
#   datatype: float64
#   format: '{:15.8f}'
#   description: '? Median of the geometric distance posterior (r_med_geo)'
#   meta: !!omap
#   - {ucd: PHYS_DISTANCE_TRUE}
#   - {width: 15}
#   - {precision: '8'}
#   - values: {'null': .nan}
# - name: Plx
#   unit: mas
#   datatype: float64
#   format: '{:9.4f}'
#   description: '? Parallax (parallax)'
#   meta: !!omap
#   - {ucd: POS_PARLX_TRIG}
#   - {width: 9}
#   - {precision: '4'}
#   - values: {'null': .nan}
# - name: e_Plx
#   unit: mas
#   datatype: float32
#   format: '{:7.4f}'
#   description: '? Standard error of parallax (parallax_error)'
#   meta: !!omap
#   - {ucd: ERROR}
#   - {width: 7}
#   - {precision: '4'}
#   - values: {'null': .nan}
# - name: pmRA
#   unit: mas / yr
#   datatype: float64
#   format: '{:9.3f}'
#   description: '? Proper motion in right ascension direction, pmRA*cosDE (pmra)'
#   meta: !!omap
#   - {ucd: POS_EQ_PMRA}
#   - {width: 9}
#   - {precision: '3'}
#   - values: {'null': .nan}
# - name: pmDE
#   unit: mas / yr
#   datatype: float64
#   format: '{:9.3f}'
#   description: '? Proper motion in declination direction (pmdec)'
#   meta: !!omap
#   - {ucd: POS_EQ_PMDEC}
#   - {width: 9}
#   - {precision: '3'}
#   - values: {'null': .nan}
# - name: e_pmRA
#   unit: mas / yr
#   datatype: float32
#   format: '{:6.3f}'
#   description: '? Standard error of proper motion in right ascension direction (pmra_error)'
#   meta: !!omap
#   - {ucd: ERROR}
#   - {width: 6}
#   - {precision: '3'}
#   - values: {'null': .nan}
# - name: e_pmDE
[...]
#         value: !astropy.table.SerializedColumn {name: SkyCoord.dec}
#       distance: !astropy.table.SerializedColumn
#         __class__: astropy.coordinates.distances.Distance
#         unit: !astropy.units.Unit {unit: pc}
#         value: !astropy.table.SerializedColumn {name: SkyCoord.distance}
#       frame: icrs
#       obstime: !astropy.time.Time {format: jyear_str, in_subfmt: '*', jd1: 367701545.0, jd2: 0.0, out_subfmt: '*', precision: 3, scale: tt}
#       pm_dec: !astropy.table.SerializedColumn
#         __class__: astropy.units.quantity.Quantity
#         unit: !astropy.units.Unit {unit: mas / yr}
#         value: !astropy.table.SerializedColumn {name: SkyCoord.pm_dec}
#       pm_ra_cosdec: !astropy.table.SerializedColumn
#         __class__: astropy.units.quantity.Quantity
#         unit: !astropy.units.Unit {unit: mas / yr}
#         value: !astropy.table.SerializedColumn {name: SkyCoord.pm_ra_cosdec}
#       ra: !astropy.table.SerializedColumn
#         __class__: astropy.coordinates.angles.Longitude
#         unit: *id001
#         value: !astropy.table.SerializedColumn {name: SkyCoord.ra}
#         wrap_angle: !astropy.coordinates.Angle
#           unit: *id001
#           value: 360.0
#       representation_type: spherical
# schema: astropy-2.0
RA_ICRS_1 DE_ICRS_1 e_RA_ICRS e_DE_ICRS _r_1 HIP TYC2 Source rgeo Plx e_Plx pmRA pmDE e_pmRA e_pmDE RUWE Teff logg Gmag BP-RP BPmag RPmag RV e_RV b_rgeo B_rgeo FG e_FG FBP e_FBP FRP e_FRP RAVE5 RAVE6 e_Gmag e_BPmag e_RPmag e_BP-RP SkyCoord.ra SkyCoord.dec SkyCoord.distance SkyCoord.pm_ra_cosdec SkyCoord.pm_dec rmRA rmDE e_rmRA e_rmDE rRV e_rRV v_pec v_pec3d e_vpec e_vpec3d
[from data line 92]
8.3332914032 62.76839651677 0.0456 0.0489 16.9197 "" "" 430763440023566336 2511.9458 0.3581 0.062 -0.798 -1.949 0.058 0.072 1.118 3794.4 0.3716 13.512489 5.91272 17.80725 11.894529 "" "" 2186.74316 2936.198 74122.65738 409.51 1029.2 27.023 138470.0 2177.4 "" "" 0.006600984075345074 0.028643653 0.017486194 0.046129845 8.3332914032 62.76839651677 2511.9458 -0.7980000000000005 -1.9490000000000023 2.077260829925537 -1.2813478102684022 0.24280712 0.25680712 "" "" 29.060124896866437 "" 7.170445148546971 ""
9.19165601634 62.81413582532 0.0096 0.0099 16.8827 "" "" 430708876756634368 2344.90063 0.3965 0.0133 0.804 -0.563 0.012 0.013 1.017 4773.1 2.5562 13.52528 1.689467 14.334356 12.644889 -62.86 0.92 2269.28735 2461.01685 73254.55634 11.369 25216.0 13.39 69375.0 22.062 "" "" 0.0027604679363969894 0.0028491132 0.0037951209 0.006644234 9.19165601634 62.81413582532 2344.90063 0.804 -0.5629999999999997 3.6792608299255374 0.10465218973159796 0.19680712 0.19780712 -18.950000000000003 1.26 40.910894369250954 45.08662526838763 8.05158830107396 7.325053205596809
8.91457016132 63.24653669766 0.0792 0.0887 16.2653 "" "" 430829067119762432 2484.06934 0.4665 0.1124 1.703 0.772 0.106 0.118 11.082 6811.9 2.4284 13.532343 1.156714 14.005434 12.84872 "" "" 1927.23022 3192.81885 72779.60267 53.423 34138.0 22.645 57500.0 20.937 "" "" 0.0028682666041376327 0.0028816226 0.0038000029 0.0066816257 8.91457016132 63.24653669766 2484.06934 1.703 0.772 4.578260829925537 1.439652189731598 0.29080713 0.30280712 "" "" 56.50904607797494 "" 16.495393395675396 ""
8.47961037031 63.19265073235 0.0094 0.0095 13.6233 "" "" 430869508533927040 2466.1062 0.371 0.0128 4.302 -2.992 0.012 0.012 1.018 5075.0 2.6549 13.540453 1.850594 14.451715 12.601122 -29.1 0.98 2376.97241 2545.50195 72237.99374 13.281 22632.0 14.185 72229.0 25.986 "" "" 0.0027625413777706185 0.0028719564 0.0037995144 0.0066714706 8.47961037031 63.19265073235 2466.1062 4.302 -2.991999999999996 7.177260829925537 -2.324347810268402 0.19680712 0.19680712 14.809999999999995 1.32 88.18729608538248 89.42223040637556 17.35588743421855 17.117596128972536
8.47036412694 62.69393669038 0.0101 0.0105 19.0344 "" "" 430738838449824768 2846.32788 0.3185 0.0133 -1.867 -1.231 0.012 0.014 0.94 5064.1 2.7158 13.559894 1.672338 14.356639 12.6843 -69.99 1.91 2723.94409 2991.1377 70956.05358 11.134 24704.0 14.829 66902.0 31.518 "" "" 0.0027605822565975853 0.0028652751 0.0038138377 0.006679113 8.47036412694 62.69393669038 2846.32788 -1.8669999999999995 -1.2310000000000003 1.0082608299255371 -0.5633478102684022 0.19680712 0.19880712 -26.08 2.25 15.582357034093254 30.38052420117131 3.074161818985632 2.493362254537871
8.95153175027 62.90669636719 0.0095 0.0099 8.2813 "" "" 430722036536324736 2231.8833 0.4194 0.0134 -1.848 -2.143 0.012 0.013 0.91 9002.8 3.9204 13.564321 0.746358 13.854012 13.107655 "" "" 2166.93921 2293.60327 70667.30639 14.532 39247.0 19.495 45300.0 17.996 "" "" 0.0027643514737878344 0.0028418142 0.0038039146 0.006645729 8.95153175027 62.90669636719 2231.8833 -1.8479999999999992 -2.1429999999999993 1.027260829925537 -1.475347810268402 0.19680712 0.19780712 "" "" 19.0186573852408 "" 3.755826535688983 ""
8.87421570828 62.94831275912 0.0092 0.01 5.1253 "" "" 430725438150395008 2893.12183 0.3171 0.0132 -2.483 -0.628 0.012 0.013 1.027 6669.8 3.1992 13.579021 0.654596 13.82355 13.168954 "" "" 2793.78784 2985.50928 69716.9195 13.516 40364.0 31.723 42813.0 19.176 "" "" 0.002763348696546338 0.0029177351 0.0038105403 0.0067282757 8.87421570828 62.94831275912 2893.12183 -2.483 -0.628000000000001 0.392260829925537 0.0396521897315979 0.19680712 0.19780712 "" "" 5.406642475035938 "" 1.0641205404562726 ""
8.77844208835 62.63370858995 0.0096 0.0095 21.5389 "" "" 430714030717550720 2648.26465 0.3456 0.0121 -1.166 -0.425 0.011 0.013 0.959 10472.5 3.618 13.609764 0.661688 13.858912 13.197225 "" "" 2562.46948 2738.99878 67770.54279 18.994 39071.0 31.936 41713.0 42.569 "" "" 0.0027720726840932196 0.0029279068 0.003938455 0.006866362 8.77844208835 62.63370858995 2648.26465 -1.166 -0.42499999999999993 1.7092608299255372 0.2426521897315979 0.19580713 0.19780712 "" "" 21.671094198126458 "" 4.244215264305803 ""
9.03427951637 62.65528404217 0.0092 0.0097 22.017 "" "" 430711900413777664 2081.11621 0.4521 0.0129 1.012 -0.657 0.011 0.012 0.955 "" "" 13.621994 0.794967 13.932367 13.137401 "" "" 2020.78833 2144.43164 67011.48329 12.792 36515.0 18.001 44076.0 21.214 "" "" 0.0027631043629505045 0.0028410442 0.0038153382 0.0066563822 9.03427951637 62.65528404217 2081.11621 1.012 -0.657 3.887260829925537 0.010652189731597872 0.19580713 0.19680712 "" "" 38.34599280358644 "" 7.508419053747337 ""
9.23982499486 63.2136411541 0.0092 0.0107 19.5738 "" "" 430826249621262976 2221.77295 0.4114 0.0134 -4.276 -3.387 0.012 0.014 1.044 5522.3 2.7912 13.663682 1.929601 14.625962 12.696362 -73.69 1.22 2157.48486 2295.5083 64487.28158 14.911 19277.0 23.961 66163.0 24.494 "" "" 0.002766733555273596 0.0030994096 0.0038006958 0.0069001056 9.23982499486 63.2136411541 2221.77295 -4.276 -3.3870000000000005 -1.4007391700744627 -2.719347810268402 0.19680712 0.19880712 -29.78 1.5600001 32.213991391186084 43.8701452168945 6.3909146330533595 4.810865253051536
9.12399586256 63.0025889831 0.0098 0.0103 11.246 "" "" 430816044779179520 2991.18018 0.3018 0.0139 -1.889 -2.785 0.013 0.013 0.983 5156.1 2.4311 13.672644 1.702698 14.488404 12.785706 -41.26 1.38 2885.67554 3108.55444 63957.19666 9.6336 21880.0 17.789 60936.0 23.171 "" "" 0.0027601693199946083 0.002926476 0.0038018646 0.006728341 9.12399586256 63.0025889831 2991.18018 -1.8890000000000002 -2.7849999999999993 0.9862608299255371 -2.1173478102684022 0.19780712 0.19780712 2.6499999999999986 1.72 33.117154142077034 33.2230100753994 6.550808827029338 6.531377552276494
8.23864254688 63.15410544544 0.0103 0.011 16.1452 "" "" 430778489588631808 2963.71362 0.3089 0.0147 0.268 0.056 0.014 0.015 1.065 7999.0 3.04 13.681252 1.02103 14.097864 13.076835 "" "" 2836.8291 3088.22876 63452.11525 12.518 31352.0 33.024 46604.0 25.982 "" "" 0.0027636334245165557 0.003015453 0.0038275477 0.0068430007 8.23864254688 63.15410544544 2963.71362 0.268 0.056 3.143260829925537 0.723652189731598 0.19880712 0.19980712 "" "" 45.311638195544816 "" 9.010562515140995 ""
9.17604592516 62.69065270253 0.0106 0.011 22.0725 "" "" 430706471575088384 2597.68286 0.3528 0.0148 -1.701 -3.744 0.012 0.015 0.908 4775.3 2.6582 13.694282 1.573611 14.431775 12.858164 -74.24 1.25 2501.90405 2689.99146 62695.18304 10.345 23052.0 23.25 57002.0 32.06 "" "" 0.002761138296762456 0.002997367 0.0038283977 0.0068257647 9.17604592516 62.69065270253 2597.68286 -1.701 -3.743999999999999 1.174260829925537 -3.0763478102684023 0.19680712 0.19980712 -30.33 1.59 40.544811074272346 50.63388791163915 8.085775193662315 6.54431616496269
8.47344037338 62.8497718117 0.0101 0.0113 10.707 "" "" 430764883132545792 2674.28442 0.3458 0.0144 -2.564 -1.045 0.012 0.015 0.998 12684.8 3.7857 13.706767 0.543454 13.904443 13.360989 "" "" 2555.18164 2790.0249 61978.3401 17.675 37466.0 22.723 35873.0 27.011 "" "" 0.0027726630637147577 0.0028668214 0.0038667896 0.006733611 8.47344037338 62.8497718117 2674.28442 -2.5639999999999996 -1.045 0.31126082992553705 -0.37734781026840203 0.19680712 0.19980712 "" "" 6.200608375926451 "" 1.231427600001875 ""
9.25289474809 63.10093562764 0.009 0.0106 16.1137 "" "" 430823981878653952 2877.22339 0.32 0.0132 -2.789 -0.372 0.012 0.014 0.934 11245.0 3.9914 13.708742 0.728297 13.988651 13.260354 "" "" 2780.67871 2995.01074 61865.6873 14.24 34670.0 19.621 39357.0 17.949 "" "" 0.002766630557384758 0.0028570273 0.0038116802 0.0066687074 9.25289474809 63.10093562764 2877.22339 -2.789 -0.3719999999999998 0.08626082992553696 0.2956521897315979 0.19680712 0.19880712 "" "" 4.200231424413197 "" 0.8343799662585237 ""
8.79006162009 63.15337866832 0.0092 0.0099 9.9479 "" "" 430822882366917120 2882.83032 0.3156 0.013 -2.58 -0.385 0.012 0.013 0.984 13846.4 3.7655 13.714308 0.695316 13.975841 13.280524 "" "" 2764.88696 3020.58203 61549.34742 17.689 35082.0 40.264 38632.0 31.505 "" "" 0.0027729326712320136 0.0030557883 0.0038817164 0.0069375047 8.79006162009 63.15337866832 2882.83032 -2.580000000000002 -0.38499999999999995 0.29526082992553704 0.2826521897315979 0.19680712 0.19780712 "" "" 5.585322340344046 "" 1.1019055819487866 ""
9.17198554925 62.73648507492 0.0102 0.0108 19.8103 "" "" 430707090050320896 2403.58862 0.3833 0.014 -2.652 -1.206 0.012 0.014 0.954 "" "" 13.723905 0.44552 13.885207 13.439687 "" "" 2339.01001 2513.97339 61007.76078 21.32 38136.0 26.613 33364.0 13.815 "" "" 0.0027813221742650682 0.002891214 0.003806027 0.006697241 9.17198554925 62.73648507492 2403.58862 -2.6519999999999984 -1.2060000000000004 0.22326082992553697 -0.5383478102684021 0.19680712 0.19880712 "" "" 6.639923704178628 "" 1.3181236757314683 ""
8.83873237 62.82904740391 0.0235 0.0238 10.3391 "" "" 430722826810359680 2092.79834 0.4379 0.0326 -2.532 -1.469 0.029 0.033 2.468 "" "" 13.725565 1.654024 14.498751 12.844727 -53.7 1.52 1981.11768 2276.64868 60914.52273 23.545 21673.0 15.73 57712.0 20.979 "" "" 0.0027870966306706682 0.0028993126 0.003799934 0.0066992464 8.83873237 62.82904740391 2092.79834 -2.531999999999999 -1.4690000000000005 0.3432608299255371 -0.8013478102684022 0.21380712 0.21780711 -9.790000000000006 1.86 8.647859170160883 13.062525338805504 1.8782439436929685 1.868018104431246
8.22987309 62.79820045573 0.0099 0.0109 17.5508 "" "" 430766669838954240 2895.64893 0.3118 0.0138 -2.558 -1.659 0.012 0.015 0.989 5216.5 2.7042 13.732403 1.837949 14.6348 12.796851 -42.92 1.2 2790.87036 3039.1167 60532.06535 9.3886 19120.0 18.79 60314.0 20.701 "" "" 0.002760461491413341 0.0029872279 0.0037977088 0.0067849364 8.22987309 62.79820045573 2895.64893 -2.558 -1.659 0.3172608299255373 -0.9913478102684021 0.19680712 0.19980712 0.9899999999999949 1.5400001 14.286428027712507 14.32068873312347 2.8505754218503188 2.8457478205552773
8.83291147827 63.34447119238 0.0095 0.0103 21.4361 "" "" 430831747179301632 2227.44604 0.4156 0.0132 -0.996 -0.474 0.013 0.014 1.026 "" "" 13.737283 1.957554 14.716663 12.759109 -12.34 1.3 2170.78784 2290.13428 60260.62792 13.318 17732.0 15.898 62447.0 25.565 "" "" 0.0027657490427981956 0.002955103 0.0038054297 0.006760533 8.83291147827 63.34447119238 2227.44604 -0.996 -0.474 1.8792608299255371 0.19365218973159792 0.19780712 0.19880712 31.569999999999997 1.64 19.946479591395633 37.34336551638005 3.9457657526302348 2.522725594271851
8.79179374453 62.76423066802 0.0104 0.01 13.8043 "" "" 430716710776991360 2554.64258 0.3643 0.0138 -3.483 -0.518 0.012 0.014 0.98 "" "" 13.738315 1.875578 14.666445 12.790867 -73.98 1.11 2452.25098 2639.88867 60203.37975 11.153 18571.0 16.696 60647.0 24.076 "" "" 0.002762652001712825 0.0029559855 0.0038038804 0.006759866 8.79179374453 62.76423066802 2554.64258 -3.4829999999999988 -0.5179999999999999 -0.607739170074463 0.14965218973159788 0.19680712 0.19880712 -30.070000000000007 1.45 7.57894807277057 31.010407186777684 1.4924616364244212 1.4525711957835408
8.47018748519 63.1818367453 0.0107 0.0106 13.1778 "" "" 430869542893668224 2937.21875 0.3097 0.0144 -2.797 -0.666 0.015 0.014 1.016 11931.9 3.6815 13.753585 0.653573 13.998603 13.34503 "" "" 2839.58716 3056.17383 59362.59988 16.582 34354.0 30.671 36404.0 23.547 "" "" 0.0027719614147173875 0.002953754 0.0038440765 0.0067978306 8.47018748519 63.1818367453 2937.21875 -2.797 -0.6659999999999997 0.07826082992553696 0.001652189731597864 0.19980712 0.19880712 "" "" 1.089822678500874 "" 0.2177538489716556 ""
8.25746493258 62.72805362088 0.0113 0.0122 20.1092 "" "" 430739628723757696 2589.12915 0.3534 0.0152 -1.006 0.845 0.014 0.016 1.207 5339.8 2.9569 13.756709 1.621053 14.521306 12.900253 -35.34 1.63 2488.41113 2706.67505 59192.00953 11.166 21227.0 17.562 54835.0 34.739 "" "" 0.0027629220086751666 0.0029312023 0.0038414637 0.0067726662 8.25746493258 62.72805362088 2589.12915 -1.0060000000000004 0.8450000000000002 1.869260829925537 1.5126521897315979 0.19880712 0.20080712 8.569999999999993 1.97 29.51077328417947 30.729963225331733 5.890378246672696 5.683298498232523
8.63101328173 63.01852224874 0.0103 0.0099 2.7392 "" "" 430726503302249728 2793.08398 0.3294 0.0135 -2.923 -0.543 0.013 0.014 0.938 15005.9 3.9611 13.761999 0.563048 13.968246 13.405197 "" "" 2697.21338 2883.99146 58904.33386 12.3 35328.0 23.05 34441.0 22.597 "" "" 0.0027646319014523577 0.0028786932 0.0038459308 0.006724624 8.63101328173 63.01852224874 2793.08398 -2.9229999999999983 -0.5429999999999998 -0.04773917007446293 0.12465218973159786 0.19780712 0.19880712 "" "" 1.767185028811002 "" 0.3511034186169705 ""
9.0037085938 62.75003443712 0.0114 0.0106 16.5367 "" "" 430718634922375552 2853.64575 0.3192 0.0146 -3.512 0.535 0.013 0.014 0.917 4843.8 2.6398 13.76794 1.700006 14.584149 12.884143 -93.42 1.24 2740.39819 2992.13989 58582.92523 8.9722 20034.0 22.328 55655.0 20.11 "" "" 0.0027603333127823883 0.0030412646 0.003799689 0.0068409536 9.0037085938 62.75003443712 2853.64575 -3.512 0.535 -0.6367391700744629 1.202652189731598 0.19780712 0.19880712 -49.510000000000005 1.58 18.406724114192695 52.82090109621383 3.6553657476411394 1.953412432198352
9.11435232776 63.02589790793 0.0128 0.0134 11.1526 "" "" 430817590967381248 2518.14502 0.366 0.0183 -2.605 -0.378 0.017 0.018 1.329 13841.2 4.2023 13.768116 0.5014 13.947652 13.446252 "" "" 2423.70508 2660.06958 58573.39454 28.232 36004.0 51.841 33163.0 45.138 "" "" 0.0028045767944140407 0.0031982819 0.004058028 0.00725631 9.11435232776 63.02589790793 2518.14502 -2.605000000000001 -0.3779999999999998 0.2702608299255371 0.2896521897315979 0.20180713 0.20280713 "" "" 4.7285168911433235 "" 0.9567791422937121 ""
8.77267499089 62.80461673078 0.0106 0.0105 11.3295 "" "" 430717088734070400 2523.73608 0.3675 0.0147 -4.147 -1.551 0.013 0.015 1.007 5074.9 2.5383 13.76822 1.796869 14.643512 12.846642 -77.71 1.55 2436.82373 2611.74194 58567.78672 11.273 18968.0 13.508 57610.0 30.23 "" "" 0.002763233993083562 0.0028953224 0.0038220822 0.0067174044 8.77267499089 62.80461673078 2523.73608 -4.147000000000001 -1.551000000000001 -1.2717391700744631 -0.883347810268402 0.19780712 0.19980712 -33.8 1.89 18.523063054269734 38.5427537276782 3.6760913393465735 2.4224404094584924
8.06095001386 62.82927684909 0.0149 0.0159 20.2725 "" "" 430744267290772608 2403.74292 0.3844 0.0209 0.55 -0.991 0.019 0.021 0.975 5267.3 2.7759 13.805961 1.950186 14.78251 12.832324 -39.73 1.26 2298.98901 2519.32861 56566.92275 10.316 16688.0 17.962 58375.0 24.572 "" "" 0.002762425533119458 0.0030250174 0.0038069144 0.006831932 8.06095001386 62.82927684909 2403.74292 0.5499999999999999 -0.9909999999999994 3.425260829925537 -0.3233478102684021 0.20380712 0.20580712 4.18 1.6 39.20004375225581 39.422275811763704 7.989943709668181 7.946713729959988
8.27210961664 63.23116997637 0.0112 0.0126 18.6919 "" "" 430872635269927296 2523.71899 0.3672 0.0158 -1.475 -0.688 0.016 0.018 1.277 10793.1 3.8922 13.806603 0.827583 14.129571 13.301988 "" "" 2406.91162 2624.01855 56533.44094 10.901 30450.0 16.321 37876.0 20.612 "" "" 0.0027632624373373983 0.0028502124 0.003825289 0.0066755014 8.27210961664 63.23116997637 2523.71899 -1.475 -0.6880000000000001 1.400260829925537 -0.020347810268402045 0.20080712 0.20280713 "" "" 16.75228782705118 "" 3.3639858539335834 ""
