Clusters/LP_1864/LP_1864_stars_in_region.tsv
# %ECSV 1.0
# ---
# datatype:
# - name: RA_ICRS_1
#   unit: deg
#   datatype: float64
#   format: '{:15.11f}'
#   description: Right ascension (ICRS) at Ep=2016.0 (ra)
#   meta: !!omap
#   - {ucd: POS_EQ_RA_MAIN}
#   - {width: 15}
#   - {precision: '11'}
# - name: DE_ICRS_1
#   unit: deg
#   datatype: float64
#   format: '{:15.11f}'
#   description: Declination (ICRS) at Ep=2016.0 (dec)
#   meta: !!omap
#   - {ucd: POS_EQ_DEC_MAIN}
#   - {width: 15}
#   - {precision: '11'}
# - name: e_RA_ICRS
#   unit: mas
#   datatype: float64
#   format: '{:7.4f}'
#   description: Standard error of right ascension (ra_error)
#   meta: !!omap
#   - {ucd: ERROR}
#   - {width: 7}
#   - {precision: '4'}
# - name: e_DE_ICRS
#   unit: mas
#   datatype: float64
#   format: '{:7.4f}'
#   description: Standard error of declination (dec_error)
#   meta: !!omap
#   - {ucd: ERROR}
#   - {width: 7}
#   - {precision: '4'}
# - name: _r_1
#   unit: ''
#   datatype: float64
#   format: '{:7.4f}'
#   description: Distance from center (008.71191783000+62.99140166000)[ICRS], at Epoch=J2016.0
#   meta: !!omap
#   - {ucd: POS_ANG_DIST_GENERAL}
#   - {width: 7}
#   - {precision: '4'}
# - name: HIP
#   datatype: int32
#   description: '? HIP cross-id number, van Leeuwen, Cat. I/311 (hip_original_ext_source_id)'
#   meta: !!omap
#   - {ucd: ID_NUMBER}
#   - {width: 6}
#   - values: {'null': -2147483648}
# - name: TYC2
#   datatype: string
#   description: Tycho-2 cross-id name, Hog et al., Cat. I/259 (tyc2_original_ext_source_id)
#   meta: !!omap
#   - {ucd: ID_CROSSID}
#   - {_votable_string_dtype: char}
# - name: Source
#   datatype: int64
#   description: Source identifier, identical to the Gaia-EDR3 source_id (id)
#   meta: !!omap
#   - {ucd: ID_MAIN}
#   - {width: 19}
# - name: rgeo
#   unit: pc
#   datatype: float64
#   format: '{:15.8f}'
#   description: '? Median of the geometric distance posterior (r_med_geo)'
#   meta: !!omap
#   - {ucd: PHYS_DISTANCE_TRUE}
#   - {width: 15}
#   - {precision: '8'}
#   - values: {'null': .nan}
# - name: Plx
#   unit: mas
#   datatype: float64
#   format: '{:9.4f}'
#   description: '? Parallax (parallax)'
#   meta: !!omap
#   - {ucd: POS_PARLX_TRIG}
#   - {width: 9}
#   - {precision: '4'}
#   - values: {'null': .nan}
# - name: e_Plx
#   unit: mas
#   datatype: float32
#   format: '{:7.4f}'
#   description: '? Standard error of parallax (parallax_error)'
#   meta: !!omap
#   - {ucd: ERROR}
#   - {width: 7}
#   - {precision: '4'}
#   - values: {'null': .nan}
# - name: pmRA
#   unit: mas / yr
#   datatype: float64
#   format: '{:9.3f}'
#   description: '? Proper motion in right ascension direction, pmRA*cosDE (pmra)'
#   meta: !!omap
#   - {ucd: POS_EQ_PMRA}
#   - {width: 9}
#   - {precision: '3'}
#   - values: {'null': .nan}
# - name: pmDE
#   unit: mas / yr
#   datatype: float64
#   format: '{:9.3f}'
#   description: '? Proper motion in declination direction (pmdec)'
#   meta: !!omap
#   - {ucd: POS_EQ_PMDEC}
#   - {width: 9}
#   - {precision: '3'}
#   - values: {'null': .nan}
# - name: e_pmRA
#   unit: mas / yr
#   datatype: float32
#   format: '{:6.3f}'
#   description: '? Standard error of proper motion in right ascension direction (pmra_error)'
#   meta: !!omap
#   - {ucd: ERROR}
#   - {width: 6}
#   - {precision: '3'}
#   - values: {'null': .nan}
# - name: e_pmDE
[...]
#         value: !astropy.table.SerializedColumn {name: SkyCoord.dec}
#       distance: !astropy.table.SerializedColumn
#         __class__: astropy.coordinates.distances.Distance
#         unit: !astropy.units.Unit {unit: pc}
#         value: !astropy.table.SerializedColumn {name: SkyCoord.distance}
#       frame: icrs
#       obstime: !astropy.time.Time {format: jyear_str, in_subfmt: '*', jd1: 367701545.0, jd2: 0.0, out_subfmt: '*', precision: 3, scale: tt}
#       pm_dec: !astropy.table.SerializedColumn
#         __class__: astropy.units.quantity.Quantity
#         unit: !astropy.units.Unit {unit: mas / yr}
#         value: !astropy.table.SerializedColumn {name: SkyCoord.pm_dec}
#       pm_ra_cosdec: !astropy.table.SerializedColumn
#         __class__: astropy.units.quantity.Quantity
#         unit: !astropy.units.Unit {unit: mas / yr}
#         value: !astropy.table.SerializedColumn {name: SkyCoord.pm_ra_cosdec}
#       ra: !astropy.table.SerializedColumn
#         __class__: astropy.coordinates.angles.Longitude
#         unit: *id001
#         value: !astropy.table.SerializedColumn {name: SkyCoord.ra}
#         wrap_angle: !astropy.coordinates.Angle
#           unit: *id001
#           value: 360.0
#       representation_type: spherical
# schema: astropy-2.0
RA_ICRS_1 DE_ICRS_1 e_RA_ICRS e_DE_ICRS _r_1 HIP TYC2 Source rgeo Plx e_Plx pmRA pmDE e_pmRA e_pmDE RUWE Teff logg Gmag BP-RP BPmag RPmag RV e_RV b_rgeo B_rgeo FG e_FG FBP e_FBP FRP e_FRP RAVE5 RAVE6 e_Gmag e_BPmag e_RPmag e_BP-RP SkyCoord.ra SkyCoord.dec SkyCoord.distance SkyCoord.pm_ra_cosdec SkyCoord.pm_dec rmRA rmDE e_rmRA e_rmDE rRV e_rRV v_pec v_pec3d e_vpec e_vpec3d
[from data line 214]
8.2682106018 63.12385101416 0.0165 0.0146 14.4449 "" "" 430777871113383040 2987.33789 0.3082 0.0214 -2.493 -0.41 0.021 0.021 0.951 10077.0 3.6423 14.634943 0.804018 14.94649 14.142472 "" "" 2789.17212 3230.17773 26361.46114 6.4382 14349.0 15.992 17465.0 15.608 "" "" 0.0027680503760917972 0.0030412634 0.0039019478 0.006943211 8.2682106018 63.12385101416 2987.33789 -2.493 -0.41000000000000025 0.3822608299255372 0.2576521897315979 0.20580712 0.20580712 "" "" 6.527551753245317 "" 1.3434166244270822 ""
8.96621342786 62.77149244582 0.014 0.014 14.9153 "" "" 430719425196332416 2539.08423 0.3756 0.0189 -3.651 -2.123 0.018 0.018 1.007 "" "" 14.637633 0.781004 14.940825 14.159821 "" "" 2410.43652 2676.41113 26296.2332 5.9464 14424.0 12.989 17188.0 12.443 "" "" 0.002766237322120904 0.0029565154 0.0038602496 0.0068167653 8.96621342786 62.77149244582 2539.08423 -3.6509999999999985 -2.1230000000000007 -0.7757391700744627 -1.4553478102684023 0.20280713 0.20280713 "" "" 19.848359337438755 "" 4.025388761261078 ""
8.97933656815 62.97007780595 0.0144 0.0142 7.4006 "" "" 430816457096057984 2992.76367 0.304 0.0202 -1.821 0.314 0.02 0.019 1.049 6749.8 3.6636 14.640874 1.412604 15.276411 13.863807 -46.21 12.07 2808.5481 3208.65234 26217.86222 5.4484 10589.0 12.506 22575.0 13.128 "" "" 0.0027645430195697065 0.003070721 0.0038317589 0.0069024796 8.97933656815 62.97007780595 2992.76367 -1.8209999999999988 0.3139999999999997 1.0542608299255372 0.981652189731598 0.20480712 0.20380712 -2.3000000000000043 12.41 20.434828823995456 20.563857348902115 4.175721253338711 4.375513033441824
9.49374238041 62.99076209252 0.0148 0.0157 21.3029 "" "" 430810650303415680 2089.15503 0.4582 0.0206 -8.415 -1.749 0.019 0.021 0.998 5622.2 3.4401 14.643623 1.55129 15.337171 13.785881 -45.08 5.27 1999.15625 2171.28687 26151.55745 8.2828 10013.0 15.371 24255.0 24.384 "" "" 0.0027766960975232433 0.0032500767 0.003933843 0.0071839197 9.49374238041 62.99076209252 2089.15503 -8.415 -1.7489999999999997 -5.539739170074462 -1.0813478102684022 0.20380712 0.20580712 -1.1700000000000017 5.61 55.893128932742584 55.90537328282664 11.395539770817267 11.393648864315624
8.70778784417 62.92702884205 0.0145 0.014 3.864 "" "" 430724476077723520 2831.03906 0.3266 0.0192 -3.544 -0.215 0.018 0.02 0.978 9543.9 3.902 14.645139 0.56484 14.855771 14.290931 "" "" 2671.57617 3024.13403 26115.07718 7.6539 15599.0 13.508 15233.0 10.958 "" "" 0.002773634423075037 0.0029443195 0.003859241 0.0068035605 8.70778784417 62.92702884205 2831.03906 -3.5440000000000005 -0.21499999999999986 -0.6687391700744629 0.45265218973159793 0.20280713 0.20480712 "" "" 10.83635760688969 "" 2.2045231300905987 ""
8.72730299942 63.34055425328 0.0133 0.0135 20.9533 "" "" 430830407149503104 2285.2959 0.4034 0.0176 -1.606 -0.677 0.018 0.019 1.029 "" "" 14.650511 1.874136 15.578088 13.703952 -52.56 2.2 2188.65112 2394.10474 25986.17839 5.7767 8020.1 13.108 26156.0 12.772 "" "" 0.002765871127006855 0.0033066554 0.003816386 0.0071230414 8.72730299942 63.34055425328 2285.2959 -1.6060000000000003 -0.6770000000000005 1.269260829925537 -0.009347810268402146 0.20280713 0.20380712 -8.650000000000006 2.54 13.749390211796328 16.244021398540472 2.788475094062275 2.720323807680194
8.91196028458 62.90245563094 0.0152 0.0147 7.6342 "" "" 430722070896063232 2405.30078 0.3895 0.0209 0.735 -0.958 0.019 0.019 0.968 7983.5 4.0527 14.655993 0.880959 15.0081 14.127141 "" "" 2317.04736 2502.01953 25855.27688 8.1645 13557.0 18.702 17713.0 13.738 "" "" 0.0027765690765946325 0.003166765 0.0038720581 0.0070388233 8.91196028458 62.90245563094 2405.30078 0.735 -0.9580000000000001 3.610260829925537 -0.29034781026840206 0.20380712 0.20380712 "" "" 41.29393469016155 "" 8.415997719110514 ""
8.64252068739 62.83929579694 0.0156 0.0148 9.3212 "" "" 430717947727483264 2121.73657 0.4447 0.0209 -2.121 -1.299 0.019 0.023 1.017 7224.8 4.0095 14.657412 0.990203 15.055943 14.065741 2.15 13.66 2040.2063 2209.97021 25821.53785 8.623 12973.0 18.012 18744.0 53.374 "" "" 0.002779073889531476 0.0031713536 0.0048828362 0.008054189 8.64252068739 62.83929579694 2121.73657 -2.121 -1.2990000000000015 0.7542608299255371 -0.631347810268402 0.20380712 0.20780712 46.059999999999995 14.0 9.892303061267489 47.11030948588601 2.0325170465128983 13.694526532707993
8.08323427255 62.9394126705 0.0152 0.0159 17.4266 "" "" 430768559624675200 2038.92444 0.4668 0.0221 -1.2 -1.546 0.018 0.021 1.019 7765.9 4.0445 14.657599 1.078001 15.105276 14.027275 "" "" 1962.53564 2148.8103 25817.08062 6.7461 12397.0 17.37 19420.0 14.922 "" "" 0.0027698879092400426 0.0031779434 0.0038703643 0.007048308 8.08323427255 62.9394126705 2038.92444 -1.2 -1.546 1.6752608299255372 -0.8783478102684021 0.20280713 0.20580712 "" "" 18.280971036244523 "" 3.7194049400447526 ""
9.32926362178 62.88562396531 0.0134 0.0144 18.007 "" "" 430803125517678336 2695.23535 0.3436 0.0189 -2.639 -0.64 0.017 0.018 1.002 "" "" 14.66293 0.898775 15.022878 14.124103 "" "" 2581.89819 2822.41895 25690.60784 4.8559 13374.0 14.608 17763.0 10.947 "" "" 0.002762952160642304 0.0030317393 0.0038381566 0.006869896 9.32926362178 62.88562396531 2695.23535 -2.639 -0.6399999999999999 0.23626082992553732 0.027652189731597887 0.20180713 0.20280713 "" "" 3.0389333863419177 "" 0.613319581000546 ""
8.57758242704 62.91107296335 0.0389 0.0416 6.0551 "" "" 430771205324480896 2308.79028 0.408 0.0549 -1.97 0.801 0.05 0.057 2.831 5700.7 3.6213 14.663574 1.246702 15.173255 13.926553 -107.46 8.11 2030.71545 2686.5144 25675.39578 16.73 11644.0 14.043 21308.0 20.582 "" "" 0.0028446953837637607 0.0030821508 0.003922192 0.007004343 8.57758242704 62.91107296335 2308.79028 -1.9700000000000002 0.8009999999999997 0.9052608299255371 1.468652189731598 0.23480712 0.24180712 -63.55 8.45 18.880397450353236 66.29533850794718 4.529411076265551 8.202147885527156
8.05418605165 63.15442407069 0.0153 0.0167 20.373 "" "" 430777630595145984 2292.10645 0.4123 0.0212 -3.263 -1.047 0.021 0.024 1.038 "" "" 14.664429 0.648952 14.909055 14.260103 "" "" 2177.50415 2431.70874 25655.20168 8.9432 14852.0 15.353 15672.0 18.379 "" "" 0.002781193231367218 0.0030074478 0.003988101 0.006995549 8.05418605165 63.15442407069 2292.10645 -3.263 -1.047 -0.3877391700744628 -0.37934781026840203 0.20580712 0.20880713 "" "" 5.8934380478955 "" 1.2215902690736893 ""
9.06349064163 62.983469351 0.0167 0.017 9.5926 "" "" 430815941699977088 2901.57178 0.3169 0.023 -1.936 0.686 0.022 0.023 1.173 10933.1 4.0153 14.685453 0.844946 14.926229 14.081283 "" "" 2709.47534 3113.75317 25163.16662 8.3632 14619.0 59.613 18478.0 91.876 "" "" 0.0027788495819086505 0.0052332417 0.00658994 0.011823181 9.06349064163 62.983469351 2901.57178 -1.9359999999999997 0.6860000000000006 0.9392608299255372 1.3536521897315978 0.20680712 0.20780712 "" "" 22.660182095678667 "" 4.70159491252095 ""
8.03964598042 63.20206216564 0.0181 0.0197 22.2008 "" "" 430790996533313920 2009.63037 0.4716 0.0254 -3.412 -1.008 0.024 0.027 1.36 10244.4 3.9355 14.686688 0.859266 14.997156 14.13789 "" "" 1900.78845 2103.5498 25134.57311 7.0824 13695.0 25.814 17539.0 54.491 "" "" 0.0027722531236777496 0.003460249 0.0050657988 0.008526048 8.03964598042 63.20206216564 2009.63037 -3.411999999999998 -1.0080000000000005 -0.5367391700744628 -0.3403478102684021 0.20880713 0.21180712 "" "" 6.054038792560753 "" 1.2693614801051905 ""
8.29157498774 63.21339176755 0.0132 0.0143 17.5381 "" "" 430872429111502848 2811.87231 0.3304 0.0187 -2.918 -0.342 0.017 0.02 1.026 10724.6 3.806 14.688282 0.797052 14.99729 14.200237 "" "" 2659.0791 2946.65747 25097.70586 5.7248 13693.0 18.435 16560.0 14.247 "" "" 0.0027664279119300533 0.0031498761 0.0038931023 0.0070429784 8.29157498774 63.21339176755 2811.87231 -2.918 -0.34199999999999997 -0.04273917007446304 0.3256521897315979 0.20180713 0.20480712 "" "" 4.377602507803428 "" 0.8963433791715484 ""
8.19130066384 63.26613345517 0.0127 0.0147 21.7037 "" "" 430873494263370752 2957.2561 0.3118 0.0183 -2.881 -0.525 0.017 0.02 0.982 9277.7 3.841 14.691092 0.868136 15.034671 14.166534 "" "" 2773.41235 3146.24341 25032.82441 5.0054 13230.0 13.222 17082.0 14.078 "" "" 0.002763859690834166 0.0029937346 0.0038838636 0.0068775984 8.19130066384 63.26613345517 2957.2561 -2.881 -0.525 -0.005739170074462674 0.14265218973159788 0.20180713 0.20480712 "" "" 2.0012295743770285 "" 0.40985642981155157 ""
8.16631525051 63.05837214192 0.0155 0.0166 15.3832 "" "" 430775946968095488 2581.9231 0.3626 0.0217 -2.916 -0.979 0.021 0.023 1.067 10349.9 3.6846 14.699747 0.803046 14.998383 14.195336 "" "" 2443.1875 2734.2207 24834.07792 6.4953 13679.0 19.205 16635.0 50.974 "" "" 0.002769915066784396 0.003179416 0.005035129 0.0082145445 8.16631525051 63.05837214192 2581.9231 -2.916000000000001 -0.9790000000000002 -0.040739170074462816 -0.3113478102684021 0.20580712 0.20780712 "" "" 3.8428532603923813 "" 0.798443521559856 ""
8.87992700739 63.24130098371 0.0136 0.0142 15.6715 "" "" 430828689162641920 2813.11865 0.3273 0.0186 -2.359 -0.183 0.018 0.019 0.976 11614.3 4.0556 14.739607 0.817821 15.057906 14.240086 "" "" 2667.16284 2975.74487 23938.89792 6.0979 12950.0 14.061 15963.0 12.328 "" "" 0.0027691657114656044 0.0030289954 0.0038712798 0.006900275 8.87992700739 63.24130098371 2813.11865 -2.359 -0.18300000000000002 0.5162608299255371 0.4846521897315979 0.20280713 0.20380712 "" "" 9.442004039575508 "" 1.919334574249381 ""
8.76797091133 63.11736582362 0.0146 0.0144 7.71 "" "" 430821267459249152 2701.10938 0.3463 0.0195 -2.616 -0.607 0.019 0.02 1.095 7979.1 3.4524 14.740664 0.812948 15.058532 14.245584 "" "" 2574.80591 2824.79077 23915.6121 5.586 12942.0 14.528 15883.0 11.608 "" "" 0.0027669659798667074 0.003044749 0.003861784 0.0069065327 8.76797091133 63.11736582362 2701.10938 -2.6160000000000005 -0.6069999999999999 0.259260829925537 0.060652189731597916 0.20380712 0.20480712 "" "" 3.409007101195437 "" 0.694957207048042 ""
8.85207274604 62.66610954577 0.0441 0.0433 19.8917 "" "" 430711556816356608 2278.0498 0.4125 0.0579 -2.823 0.205 0.051 0.059 3.06 4766.2 3.2002 14.744801 1.874103 15.656113 13.782009 -115.03 1.97 2023.005 2680.77368 23824.64564 14.412 7464.0 10.984 24342.0 16.596 "" "" 0.0028325171975777173 0.0032152613 0.0038511918 0.007066453 8.85207274604 62.66610954577 2278.0498 -2.823 0.205 0.052260829925537156 0.8726521897315979 0.23580712 0.24380712 -71.12 2.31 9.439742390276326 71.74373238405416 2.30121096119767 2.309848070607426
9.25204544473 63.24840446652 0.0161 0.0171 21.2712 "" "" 430826696297835648 2099.62598 0.4478 0.0223 3.385 -2.632 0.021 0.023 1.174 5269.1 3.0568 14.767757 1.888204 15.703348 13.815145 -53.07 2.84 1999.18359 2205.0481 23326.18314 6.5928 7146.2 13.294 23610.0 17.225 "" "" 0.0027723558408859744 0.0034444989 0.0038614986 0.0073059974 9.25204544473 63.24840446652 2099.62598 3.384999999999998 -2.632 6.260260829925537 -1.9643478102684022 0.20580712 0.20780712 -9.160000000000004 3.1799998 65.29869118483474 65.93803659840361 13.4506931525585 13.327596512896651
9.19911816131 63.04057818437 0.0143 0.015 13.588 "" "" 430817797125803520 2895.32056 0.3207 0.0204 -2.694 -0.188 0.019 0.021 0.988 9363.9 3.7226 14.771071 0.804338 15.085012 14.280674 "" "" 2736.64331 3082.03296 23255.11586 4.9636 12630.0 11.018 15378.0 13.965 "" "" 0.0027650485028111195 0.002946551 0.0039058765 0.0068524275 9.19911816131 63.04057818437 2895.32056 -2.6939999999999995 -0.18800000000000003 0.18126082992553716 0.4796521897315979 0.20380712 0.20580712 "" "" 7.037010862322526 "" 1.4465156873056604 ""
8.56185211356 63.05468174604 0.015 0.0143 5.5766 "" "" 430773885384059264 2961.12354 0.3173 0.02 -2.59 -0.684 0.019 0.019 0.999 10343.5 3.6412 14.778 0.710923 15.048415 14.337492 "" "" 2789.3811 3114.09204 23107.18031 5.6125 13063.0 11.832 14594.0 12.207 "" "" 0.0027679116033710997 0.002958406 0.0038869614 0.006845367 8.56185211356 63.05468174604 2961.12354 -2.59 -0.6840000000000002 0.28526082992553725 -0.016347810268402152 0.20380712 0.20380712 "" "" 4.0104121283387375 "" 0.817350528062743 ""
8.48747036271 62.72065413409 0.0156 0.0167 17.3679 "" "" 430762306152211584 2897.90723 0.3139 0.0214 -0.413 -0.101 0.018 0.022 1.027 5524.6 3.1665 14.785155 2.008313 15.798406 13.790092 -74.39 5.15 2737.04712 3127.07495 22955.38603 6.1355 6547.2 10.343 24161.0 17.139 "" "" 0.0027705599511555256 0.0032752047 0.0038570599 0.007132265 8.48747036271 62.72065413409 2897.90723 -0.41300000000000026 -0.10100000000000003 2.4622608299255373 0.5666521897315979 0.20280713 0.20680712 -30.480000000000004 5.4900002 34.70589447738922 46.19014517703615 7.045650690857485 6.414793913285404
8.53585984014 62.72072056691 0.0156 0.0158 16.9408 "" "" 430715473826216064 2497.23218 0.3669 0.0209 -2.2 -1.035 0.019 0.022 1.037 7987.5 4.2014 14.793941 0.766103 15.08962 14.323517 "" "" 2365.24902 2636.89697 22770.38631 5.4964 12577.0 15.875 14783.0 10.911 "" "" 0.00276775627599349 0.0031085627 0.0038634054 0.0069719683 8.53585984014 62.72072056691 2497.23218 -2.2 -1.0349999999999995 0.6752608299255369 -0.367347810268402 0.20380712 0.20680712 "" "" 9.09917877211994 "" 1.8607464130797826 ""
8.18826552638 63.12148319981 0.0161 0.017 16.2354 "" "" 430778008552327808 2442.51514 0.3869 0.0226 -1.456 -0.004 0.022 0.023 1.031 9331.3 3.7172 14.795929 0.915629 15.137848 14.222219 "" "" 2321.92969 2584.93213 22728.73766 5.402 12030.0 24.732 16228.0 44.557 "" "" 0.0027673776600893813 0.0035731522 0.0048135878 0.00838674 8.18826552638 63.12148319981 2442.51514 -1.455999999999999 -0.004000000000000088 1.4192608299255371 0.6636521897315979 0.20680712 0.20780712 "" "" 18.13919295390435 "" 3.754575316637842 ""
8.08521316195 63.04086237917 0.0194 0.02 17.3177 "" "" 430770758647612672 2674.19067 0.3508 0.0267 -3.066 -0.62 0.025 0.028 1.2 10734.6 3.8867 14.79644 0.980735 15.18996 14.209225 "" "" 2489.03784 2833.64941 22718.03765 7.0914 11467.0 11.745 16424.0 13.514 "" "" 0.0027760853677430064 0.0030036182 0.0038835332 0.0068871514 8.08521316195 63.04086237917 2674.19067 -3.0660000000000007 -0.6199999999999999 -0.19073917007446273 0.047652189731597905 0.20980713 0.21280712 "" "" 2.4920549110615573 "" 0.5232930433703354 ""
8.8884152352 63.23154923201 0.0175 0.0187 15.1839 "" "" 430828654802909568 2230.09619 0.4217 0.0244 -0.182 0.833 0.022 0.025 1.295 6723.7 3.283 14.803555 1.649537 15.577161 13.927624 -15.6 8.15 2132.98047 2331.03247 22569.64956 5.0593 8027.0 13.765 21287.0 14.45 "" "" 0.002766048553435222 0.0033543368 0.0038505741 0.0072049107 8.8884152352 63.23154923201 2230.09619 -0.182 0.833 2.693260829925537 1.5006521897315979 0.20680712 0.20980713 28.309999999999995 8.49 32.59056981481558 43.16944916088654 6.763252663235248 7.554380538822531
8.25442210258 63.29396501566 0.0333 0.037 21.985 "" "" 430873283798961920 2880.79761 0.3277 0.0477 -1.15 0.815 0.047 0.049 3.445 5088.2 2.9816 14.805152 1.843767 15.674825 13.831058 -60.96 2.78 2546.9541 3336.02344 22536.47532 12.187 7336.5 12.225 23267.0 18.675 "" "" 0.002817181641361469 0.00332539 0.003878551 0.0072039412 8.25442210258 63.29396501566 2880.79761 -1.149999999999999 0.815 1.7252608299255372 1.4826521897315978 0.23180711 0.23380712 -17.050000000000004 3.12 31.06255234318864 35.43423003358947 7.226976734969218 6.5107968232498985
9.36473685084 63.00813636705 0.0143 0.0161 17.8108 "" "" 430805839936903424 2040.85339 0.4656 0.0204 0.666 -0.149 0.019 0.02 0.981 6523.2 3.7441 14.806862 1.330531 15.396109 14.065577 -32.84 6.67 1955.93933 2138.23022 22501.00429 4.6281 9483.6 11.269 18747.0 16.501 "" "" 0.0027643553768577065 0.003074005 0.0038983345 0.0069723395 9.36473685084 63.00813636705 2040.85339 0.666 -0.149 3.541260829925537 0.5186521897315979 0.20380712 0.20480712 11.069999999999993 7.01 34.62236404894212 36.349043898533004 7.057012967706275 7.052665768117373
