Clusters/LP_1864/LP_1864_members.tsv
# %ECSV 1.0
# ---
# datatype:
# - name: RA_ICRS_1
#   unit: deg
#   datatype: float64
#   format: '{:15.11f}'
#   description: Right ascension (ICRS) at Ep=2016.0 (ra)
#   meta: !!omap
#   - {ucd: POS_EQ_RA_MAIN}
#   - {width: 15}
#   - {precision: '11'}
# - name: DE_ICRS_1
#   unit: deg
#   datatype: float64
#   format: '{:15.11f}'
#   description: Declination (ICRS) at Ep=2016.0 (dec)
#   meta: !!omap
#   - {ucd: POS_EQ_DEC_MAIN}
#   - {width: 15}
#   - {precision: '11'}
# - name: e_RA_ICRS
#   unit: mas
#   datatype: float64
#   format: '{:7.4f}'
#   description: Standard error of right ascension (ra_error)
#   meta: !!omap
#   - {ucd: ERROR}
#   - {width: 7}
#   - {precision: '4'}
# - name: e_DE_ICRS
#   unit: mas
#   datatype: float64
#   format: '{:7.4f}'
#   description: Standard error of declination (dec_error)
#   meta: !!omap
#   - {ucd: ERROR}
#   - {width: 7}
#   - {precision: '4'}
# - name: _r_1
#   unit: ''
#   datatype: float64
#   format: '{:7.4f}'
#   description: Distance from center (008.71191783000+62.99140166000)[ICRS], at Epoch=J2016.0
#   meta: !!omap
#   - {ucd: POS_ANG_DIST_GENERAL}
#   - {width: 7}
#   - {precision: '4'}
# - name: HIP
#   datatype: int32
#   description: '? HIP cross-id number, van Leeuwen, Cat. I/311 (hip_original_ext_source_id)'
#   meta: !!omap
#   - {ucd: ID_NUMBER}
#   - {width: 6}
#   - values: {'null': -2147483648}
# - name: TYC2
#   datatype: string
#   description: Tycho-2 cross-id name, Hog et al., Cat. I/259 (tyc2_original_ext_source_id)
#   meta: !!omap
#   - {ucd: ID_CROSSID}
#   - {_votable_string_dtype: char}
# - name: Source
#   datatype: int64
#   description: Source identifier, identical to the Gaia-EDR3 source_id (id)
#   meta: !!omap
#   - {ucd: ID_MAIN}
#   - {width: 19}
# - name: rgeo
#   unit: pc
#   datatype: float64
#   format: '{:15.8f}'
#   description: '? Median of the geometric distance posterior (r_med_geo)'
#   meta: !!omap
#   - {ucd: PHYS_DISTANCE_TRUE}
#   - {width: 15}
#   - {precision: '8'}
#   - values: {'null': .nan}
# - name: Plx
#   unit: mas
#   datatype: float64
#   format: '{:9.4f}'
#   description: '? Parallax (parallax)'
#   meta: !!omap
#   - {ucd: POS_PARLX_TRIG}
#   - {width: 9}
#   - {precision: '4'}
#   - values: {'null': .nan}
# - name: e_Plx
#   unit: mas
#   datatype: float32
#   format: '{:7.4f}'
#   description: '? Standard error of parallax (parallax_error)'
#   meta: !!omap
#   - {ucd: ERROR}
#   - {width: 7}
#   - {precision: '4'}
#   - values: {'null': .nan}
# - name: pmRA
#   unit: mas / yr
#   datatype: float64
#   format: '{:9.3f}'
#   description: '? Proper motion in right ascension direction, pmRA*cosDE (pmra)'
#   meta: !!omap
#   - {ucd: POS_EQ_PMRA}
#   - {width: 9}
#   - {precision: '3'}
#   - values: {'null': .nan}
# - name: pmDE
#   unit: mas / yr
#   datatype: float64
#   format: '{:9.3f}'
#   description: '? Proper motion in declination direction (pmdec)'
#   meta: !!omap
#   - {ucd: POS_EQ_PMDEC}
#   - {width: 9}
#   - {precision: '3'}
#   - values: {'null': .nan}
# - name: e_pmRA
#   unit: mas / yr
#   datatype: float32
#   format: '{:6.3f}'
#   description: '? Standard error of proper motion in right ascension direction (pmra_error)'
#   meta: !!omap
#   - {ucd: ERROR}
#   - {width: 6}
#   - {precision: '3'}
#   - values: {'null': .nan}
# - name: e_pmDE
[...]
#       distance: !astropy.table.SerializedColumn
#         __class__: astropy.coordinates.distances.Distance
#         unit: !astropy.units.Unit {unit: pc}
#         value: !astropy.table.SerializedColumn {name: SkyCoord.distance}
#       frame: icrs
#       obstime: !astropy.time.Time {format: jyear_str, in_subfmt: '*', jd1: 367701545.0, jd2: 0.0, out_subfmt: '*', precision: 3, scale: tt}
#       pm_dec: !astropy.table.SerializedColumn
#         __class__: astropy.units.quantity.Quantity
#         unit: !astropy.units.Unit {unit: mas / yr}
#         value: !astropy.table.SerializedColumn {name: SkyCoord.pm_dec}
#       pm_ra_cosdec: !astropy.table.SerializedColumn
#         __class__: astropy.units.quantity.Quantity
#         unit: !astropy.units.Unit {unit: mas / yr}
#         value: !astropy.table.SerializedColumn {name: SkyCoord.pm_ra_cosdec}
#       ra: !astropy.table.SerializedColumn
#         __class__: astropy.coordinates.angles.Longitude
#         unit: *id001
#         value: !astropy.table.SerializedColumn {name: SkyCoord.ra}
#         wrap_angle: !astropy.coordinates.Angle
#           unit: *id001
#           value: 360.0
#       representation_type: spherical
# schema: astropy-2.0
RA_ICRS_1 DE_ICRS_1 e_RA_ICRS e_DE_ICRS _r_1 HIP TYC2 Source rgeo Plx e_Plx pmRA pmDE e_pmRA e_pmDE RUWE Teff logg Gmag BP-RP BPmag RPmag RV e_RV b_rgeo B_rgeo FG e_FG FBP e_FBP FRP e_FRP RAVE5 RAVE6 e_Gmag e_BPmag e_RPmag e_BP-RP SkyCoord.ra SkyCoord.dec SkyCoord.distance SkyCoord.pm_ra_cosdec SkyCoord.pm_dec rmRA rmDE e_rmRA e_rmDE rRV e_rRV v_pec v_pec3d e_vpec e_vpec3d Pmemb
8.92652862462 63.12960228684 0.0142 0.0158 10.1386 "" 4020-611-1 430822195172188416 2747.65259 0.3315 0.021 -2.384 -0.94 0.019 0.023 0.972 "" "" 8.092292 2.418514 9.401667 6.983153 -43.91 0.34 2596.80127 2917.07153 10915161.58714 8136.4 2370000.0 7831.7 12761000.0 27846.0 "" "" 0.0028717254007604707 0.0045450614 0.0044605886 0.00900565 8.92652862462 63.12960228684 2747.65259 -2.3839999999999972 -0.94 0.4912608299255372 -0.27234781026840205 0.20380712 0.20780712 "" "" 7.315551851022798 "" 1.4978921831837935 "" 0.84
8.77527880656 62.98294023108 0.0111 0.0112 1.7998 "" "" 430725781747757440 2338.37256 0.4135 0.0148 -3.007 -0.633 0.014 0.015 1.022 15767.9 3.5394 10.766467 0.26858 10.849502 10.580921 "" "" 2270.81934 2416.80566 929736.763 216.75 624620.0 359.08 464290.0 127.9 "" "" 0.0027669221595466816 0.002859131 0.0037911981 0.006650329 8.77527880656 62.98294023108 2338.37256 -3.007 -0.633 -0.131739170074463 0.03465218973159789 0.19880712 0.19980712 "" "" 1.5098507981942446 "" 0.3002670230490417 "" 0.84
8.84766882319 63.05767913552 0.0097 0.0095 5.4281 "" 4020-556-1 430820271026913024 2143.80005 0.4385 0.0132 -3.191 -0.484 0.012 0.013 0.98 6792.6 3.6489 13.395593 0.535979 13.592119 13.05614 "" "" 2082.39429 2199.0686 82548.56928 23.817 49954.0 32.196 47501.0 16.241 "" "" 0.0027730704672508954 0.0028765826 0.0037975693 0.006674152 8.84766882319 63.05767913552 2143.80005 -3.1909999999999994 -0.48400000000000026 -0.3157391700744627 0.18365218973159791 0.19680712 0.19780712 "" "" 3.7116928401790186 "" 0.7314276531999926 "" 0.9
8.74750486333 62.89083646248 0.0128 0.0118 6.1116 "" "" 430723617084284160 2582.29272 0.3597 0.0172 -2.946 -0.525 0.017 0.017 0.947 12125.2 3.9615 14.193377 0.536842 14.390557 13.853715 "" "" 2474.50244 2698.40308 39590.95744 12.526 23944.0 15.17 22786.0 13.29 "" "" 0.0027766507226570925 0.0028737134 0.0038320678 0.0067057814 8.74750486333 62.89083646248 2582.29272 -2.946 -0.5250000000000001 -0.07073917007446306 0.14265218973159788 0.20180713 0.20180713 "" "" 1.9489661341359454 "" 0.39331525498645625 "" 0.91
8.65650977418 63.10997409647 0.0128 0.012 7.2721 "" "" 430821061300812800 2888.78467 0.3178 0.0169 -2.948 -0.639 0.016 0.017 0.982 "" "" 14.427286 0.752628 14.715576 13.962948 "" "" 2737.34985 3027.91846 31917.76275 6.7296 17750.0 14.889 20605.0 13.092 "" "" 0.0027648134000275264 0.0029350442 0.003841826 0.00677687 8.65650977418 63.10997409647 2888.78467 -2.948 -0.6389999999999999 -0.07273917007446284 0.028652189731597888 0.20080712 0.20180713 "" "" 1.070490629742602 "" 0.21510624210509535 "" 0.87
9.18058686959 62.97478372663 0.0127 0.0133 12.8125 "" "" 430815735541802496 2259.87842 0.4111 0.0177 -2.869 -0.887 0.017 0.018 0.914 10108.3 3.9451 14.492734 0.561038 14.699497 14.138459 "" "" 2161.43604 2349.08008 30050.60734 8.1313 18014.0 19.117 17530.0 12.09 "" "" 0.0027709383955852123 0.0030187166 0.0038528477 0.0068715643 9.18058686959 62.97478372663 2259.87842 -2.8690000000000015 -0.8869999999999999 0.006260829925536893 -0.2193478102684021 0.20180713 0.20280713 "" "" 2.3505719946612933 "" 0.47671084766371735 "" 0.92
8.84732213863 63.05576089047 0.0194 0.019 5.3379 "" "" 430820271026914688 2630.24561 0.3513 0.0267 -2.987 -0.559 0.024 0.025 1.285 8492.0 3.4273 14.875177 0.816313 15.190591 14.374278 "" "" 2444.0874 2828.71704 21128.84973 5.4567 11460.0 15.692 14107.0 12.595 "" "" 0.0027695511809776394 0.0031615298 0.0039017173 0.0070632473 8.84732213863 63.05576089047 2630.24561 -2.9870000000000028 -0.5589999999999996 -0.11173917007446299 0.10865218973159785 0.20880713 0.20980713 "" "" 1.9431074230064105 "" 0.4066801797343668 "" 0.8
8.61737477269 63.00265128517 0.0153 0.0149 2.6625 "" "" 430726468942514944 2534.72998 0.3657 0.0198 -2.998 -0.64 0.019 0.021 0.88 10318.0 4.0617 14.881981 0.653736 15.126095 14.472359 "" "" 2432.66992 2679.0083 20996.85334 6.5798 12161.0 15.453 12889.0 18.721 "" "" 0.002776247700006946 0.0031126312 0.004095203 0.007207834 8.61737477269 63.00265128517 2534.72998 -2.997999999999996 -0.6399999999999996 -0.12273917007446311 0.027652189731597887 0.20380712 0.20580712 "" "" 1.5116257904754677 "" 0.308226811718731 "" 0.91
8.431735344 62.9390015453 0.0164 0.0165 8.2626 "" "" 430772167397010176 2637.53809 0.352 0.0221 -2.913 -0.989 0.021 0.022 0.972 9459.3 3.9847 14.935094 0.66638 15.187457 14.521077 "" "" 2500.14014 2807.53589 19994.44055 5.1298 11493.0 11.63 12323.0 13.629 "" "" 0.0027693652526234276 0.0029986901 0.0039655585 0.0069642486 8.431735344 62.9390015453 2637.53809 -2.9130000000000003 -0.989 -0.0377391700744627 -0.3213478102684021 0.20580712 0.20680712 "" "" 4.045078020593899 "" 0.8364960417877745 "" 0.82
8.78685797579 62.99907423998 0.0173 0.0164 2.0929 "" "" 430725919186706560 2456.67383 0.379 0.0231 -2.943 -0.639 0.022 0.022 1.043 9086.8 4.1479 14.946687 0.792011 15.255728 14.463717 "" "" 2349.5144 2605.18604 19782.08869 4.5406 10793.0 10.746 12992.0 13.716 "" "" 0.0027665673690959406 0.0029922612 0.003949379 0.0069416403 8.78685797579 62.99907423998 2456.67383 -2.943000000000002 -0.6390000000000005 -0.06773917007446295 0.028652189731597888 0.20680712 0.20680712 "" "" 0.85645812820545 "" 0.1771216402946264 "" 0.93
8.77656743049 62.99365640113 0.0165 0.017 1.7667 "" "" 430725816107492608 2743.74097 0.3436 0.0229 -2.966 -0.624 0.021 0.025 0.965 9413.7 3.8738 15.046724 0.622521 15.281733 14.659211 "" "" 2595.47168 2898.65186 18040.85186 4.9853 10537.0 16.247 10851.0 16.326 "" "" 0.002771606911912245 0.0032538667 0.004117309 0.007371176 8.77656743049 62.99365640113 2743.74097 -2.966 -0.624 -0.09073917007446308 0.0436521897315979 0.20580712 0.20980713 "" "" 1.3095478785306836 "" 0.27050646909994436 "" 0.91
8.70383209717 62.97322051296 0.0165 0.017 1.1129 "" "" 430726189763303680 2671.83667 0.3514 0.0227 -2.943 -0.599 0.022 0.023 1.007 9540.1 4.183 15.14082 0.569422 15.353306 14.783884 "" "" 2529.53882 2815.89697 16543.17933 4.9112 9864.9 11.929 9674.0 9.8501 "" "" 0.0027741092811640012 0.003083632 0.003937748 0.0070213797 8.70383209717 62.97322051296 2671.83667 -2.9429999999999983 -0.5989999999999989 -0.06773917007446295 0.06865218973159792 0.20680712 0.20780712 "" "" 1.22143353511598 "" 0.25322078407305465 "" 0.9
8.65621144736 63.07233007147 0.0181 0.0172 5.0868 "" "" 430820885201262336 2937.69067 0.3195 0.0241 -2.926 -0.921 0.023 0.024 1.059 9237.3 3.8806 15.193645 0.848733 15.528431 14.679698 "" "" 2742.104 3210.16113 15757.55661 4.3374 8395.5 9.9575 10648.0 10.636 "" "" 0.002771480743349596 0.0030729987 0.0039319075 0.0070049064 8.65621144736 63.07233007147 2937.69067 -2.926 -0.9210000000000014 -0.05073917007446305 -0.25334781026840214 0.20780712 0.20880713 "" "" 3.597834580081244 "" 0.7511150725229212 "" 0.83
8.62112615683 62.96445461411 0.0183 0.0186 2.9563 "" "" 430724854034822528 2776.06274 0.3316 0.0249 -2.545 -0.444 0.025 0.028 0.986 8741.5 3.573 15.296799 0.614459 15.529064 14.914605 "" "" 2630.56201 3008.44214 14329.37825 4.497 8390.6 10.382 8576.6 13.134 "" "" 0.002776308956476023 0.0030967451 0.0041289465 0.0072256913 8.62112615683 62.96445461411 2776.06274 -2.545000000000003 -0.4439999999999994 0.3302608299255372 0.2236521897315979 0.20980713 0.21280712 "" "" 5.248467306202766 "" 1.1061405062940854 "" 0.81
8.54398128973 63.1233802804 0.02 0.0199 9.1406 "" "" 430868129841696768 2494.9873 0.3779 0.0268 -2.937 -0.574 0.026 0.027 1.016 9981.4 3.9505 15.52005 0.978534 15.915141 14.936607 "" "" 2341.43799 2671.31372 11666.12666 3.1677 5879.8 10.668 8404.6 8.8561 "" "" 0.002771047116483877 0.0034154889 0.0039487476 0.0073642367 8.54398128973 63.1233802804 2494.9873 -2.937 -0.574 -0.061739170074462724 0.09365218973159795 0.21080711 0.21180712 "" "" 1.3265677090199408 "" 0.28057527325651893 "" 0.91
8.49013102706 63.1642525357 0.0215 0.0205 11.9942 "" "" 430869096217076352 2870.78467 0.3269 0.028 -2.94 -0.589 0.029 0.028 0.957 "" "" 15.574172 0.866631 15.91626 15.049629 "" "" 2646.1709 3158.27393 11098.84735 3.133 5873.7 10.177 7573.7 11.705 "" "" 0.0027723133689817143 0.003365103 0.0041351365 0.0075002396 8.49013102706 63.1642525357 2870.78467 -2.9399999999999973 -0.5890000000000003 -0.06473917007446284 0.07865218973159793 0.21380712 0.21280712 "" "" 1.3861866534116243 "" 0.2955510201728663 "" 0.9
9.00571354092 63.03589564344 0.0221 0.0227 8.4328 "" "" 430816903772591232 2402.02197 0.3888 0.0316 -2.93 -0.498 0.029 0.03 1.039 8199.3 4.2894 15.723961 1.011815 16.144941 15.133126 "" "" 2262.06836 2588.82178 9668.57449 2.9838 4758.2 9.5951 7013.1 11.837 "" "" 0.0027756187142107184 0.0035466396 0.004200234 0.0077468734 9.00571354092 63.03589564344 2402.02197 -2.93 -0.4979999999999991 -0.05473917007446305 0.1696521897315979 0.21380712 0.21480712 "" "" 2.029645791210331 "" 0.4357914005538071 "" 0.85
8.6761512738 62.76940896977 0.0233 0.023 13.3554 "" "" 430717226173046784 2883.32886 0.3332 0.0318 -2.858 -0.754 0.027 0.032 0.953 8575.5 3.8501 15.756211 0.902661 16.11622 15.213559 "" "" 2662.37109 3161.11523 9385.60791 3.0295 4885.7 11.067 6512.3 7.8823 "" "" 0.0027775183975846016 0.003719361 0.0040013376 0.0077206986 8.6761512738 62.76940896977 2883.32886 -2.8579999999999983 -0.7539999999999991 0.017260829925537013 -0.0863478102684021 0.21180712 0.21680713 "" "" 1.2034611496432253 "" 0.26069030990535 "" 0.89
8.96259093388 62.80616519656 0.0233 0.0228 13.0565 "" "" 430720005015772544 2223.99585 0.425 0.0316 -2.892 -0.974 0.029 0.031 0.975 15018.2 4.5918 15.792411 1.200757 16.274908 15.074151 "" "" 2089.85107 2422.63477 9077.83636 3.0775 4221.4 17.272 7404.5 15.297 "" "" 0.0027797969217493923 0.0052458844 0.0043948726 0.009640757 8.96259093388 62.80616519656 2223.99585 -2.892 -0.9740000000000008 -0.016739170074462795 -0.3063478102684021 0.21380712 0.21580712 "" "" 3.2342564537133374 "" 0.6979564204222848 "" 0.83
8.83665898513 62.97865366931 0.022 0.0232 3.4846 "" "" 430725644308808448 2764.54883 0.3414 0.0309 -2.858 -0.705 0.028 0.031 1.024 8697.1 4.242 15.818839 0.895334 16.1784 15.283066 "" "" 2558.3584 3010.1106 8859.54118 2.7776 4613.8 9.1249 6108.5 8.5414 "" "" 0.0027762669102650668 0.0035207905 0.0040729046 0.007593695 8.83665898513 62.97865366931 2764.54883 -2.858000000000001 -0.7050000000000001 0.017260829925537013 -0.03734781026840206 0.21280712 0.21580712 "" "" 0.5391440466651589 "" 0.11606808831897758 "" 0.8
8.70504282388 63.10009305508 0.0238 0.0224 6.5242 "" "" 430821370538474496 2772.37744 0.3329 0.0318 -3.051 -0.586 0.03 0.032 1.02 9653.6 4.4668 15.847775 0.927645 16.220821 15.293177 "" "" 2523.85229 3000.06372 8626.53752 3.1287 4437.0 9.7623 6051.8 9.6124 "" "" 0.002783316491787997 0.0036730918 0.004154244 0.007827336 8.70504282388 63.10009305508 2772.37744 -3.051 -0.586 -0.17573917007446305 0.08165218973159794 0.21480712 0.21680713 "" "" 2.5464983212707937 "" 0.5479136761626474 "" 0.88
8.50069247161 62.98864194873 0.0242 0.0242 5.758 "" "" 430772029958022528 2588.88232 0.3552 0.0322 -2.506 -0.485 0.031 0.034 0.957 8441.5 4.2668 15.884174 0.886402 16.24376 15.357357 "" "" 2396.01538 2817.3208 8342.13318 2.6912 4344.2 12.762 5704.5 8.3831 "" "" 0.0027774940055050406 0.004237742 0.0041023795 0.008340122 8.50069247161 62.98864194873 2588.88232 -2.5060000000000007 -0.48499999999999965 0.3692608299255373 0.1826521897315979 0.21580712 0.21880713 "" "" 5.055350311509711 "" 1.0939784937819486 "" 0.82
9.01589923009 63.0183211268 0.0301 0.0315 8.435 "" "" 430816800693395712 2141.65723 0.4452 0.0433 -2.593 -0.668 0.039 0.041 1.216 7645.2 4.4048 16.011112 1.201371 16.50478 15.303409 "" "" 1949.10938 2325.93604 7421.67931 3.7868 3415.9 9.2 5995.1 9.3532 "" "" 0.002810459708817973 0.0040417807 0.0041416213 0.008183402 9.01589923009 63.0183211268 2141.65723 -2.593 -0.6680000000000001 0.28226082992553714 -0.0003478102684021378 0.22380713 0.22580713 "" "" 2.8653603648845865 "" 0.6412880777722351 "" 0.88
