Clusters/LP_1864/LP_1864_stars_in_region.tsv
# %ECSV 1.0
# ---
# datatype:
# - name: RA_ICRS_1
#   unit: deg
#   datatype: float64
#   format: '{:15.11f}'
#   description: Right ascension (ICRS) at Ep=2016.0 (ra)
#   meta: !!omap
#   - {ucd: POS_EQ_RA_MAIN}
#   - {width: 15}
#   - {precision: '11'}
# - name: DE_ICRS_1
#   unit: deg
#   datatype: float64
#   format: '{:15.11f}'
#   description: Declination (ICRS) at Ep=2016.0 (dec)
#   meta: !!omap
#   - {ucd: POS_EQ_DEC_MAIN}
#   - {width: 15}
#   - {precision: '11'}
# - name: e_RA_ICRS
#   unit: mas
#   datatype: float64
#   format: '{:7.4f}'
#   description: Standard error of right ascension (ra_error)
#   meta: !!omap
#   - {ucd: ERROR}
#   - {width: 7}
#   - {precision: '4'}
# - name: e_DE_ICRS
#   unit: mas
#   datatype: float64
#   format: '{:7.4f}'
#   description: Standard error of declination (dec_error)
#   meta: !!omap
#   - {ucd: ERROR}
#   - {width: 7}
#   - {precision: '4'}
# - name: _r_1
#   unit: ''
#   datatype: float64
#   format: '{:7.4f}'
#   description: Distance from center (008.71191783000+62.99140166000)[ICRS], at Epoch=J2016.0
#   meta: !!omap
#   - {ucd: POS_ANG_DIST_GENERAL}
#   - {width: 7}
#   - {precision: '4'}
# - name: HIP
#   datatype: int32
#   description: '? HIP cross-id number, van Leeuwen, Cat. I/311 (hip_original_ext_source_id)'
#   meta: !!omap
#   - {ucd: ID_NUMBER}
#   - {width: 6}
#   - values: {'null': -2147483648}
# - name: TYC2
#   datatype: string
#   description: Tycho-2 cross-id name, Hog et al., Cat. I/259 (tyc2_original_ext_source_id)
#   meta: !!omap
#   - {ucd: ID_CROSSID}
#   - {_votable_string_dtype: char}
# - name: Source
#   datatype: int64
#   description: Source identifier, identical to the Gaia-EDR3 source_id (id)
#   meta: !!omap
#   - {ucd: ID_MAIN}
#   - {width: 19}
# - name: rgeo
#   unit: pc
#   datatype: float64
#   format: '{:15.8f}'
#   description: '? Median of the geometric distance posterior (r_med_geo)'
#   meta: !!omap
#   - {ucd: PHYS_DISTANCE_TRUE}
#   - {width: 15}
#   - {precision: '8'}
#   - values: {'null': .nan}
# - name: Plx
#   unit: mas
#   datatype: float64
#   format: '{:9.4f}'
#   description: '? Parallax (parallax)'
#   meta: !!omap
#   - {ucd: POS_PARLX_TRIG}
#   - {width: 9}
#   - {precision: '4'}
#   - values: {'null': .nan}
# - name: e_Plx
#   unit: mas
#   datatype: float32
#   format: '{:7.4f}'
#   description: '? Standard error of parallax (parallax_error)'
#   meta: !!omap
#   - {ucd: ERROR}
#   - {width: 7}
#   - {precision: '4'}
#   - values: {'null': .nan}
# - name: pmRA
#   unit: mas / yr
#   datatype: float64
#   format: '{:9.3f}'
#   description: '? Proper motion in right ascension direction, pmRA*cosDE (pmra)'
#   meta: !!omap
#   - {ucd: POS_EQ_PMRA}
#   - {width: 9}
#   - {precision: '3'}
#   - values: {'null': .nan}
# - name: pmDE
#   unit: mas / yr
#   datatype: float64
#   format: '{:9.3f}'
#   description: '? Proper motion in declination direction (pmdec)'
#   meta: !!omap
#   - {ucd: POS_EQ_PMDEC}
#   - {width: 9}
#   - {precision: '3'}
#   - values: {'null': .nan}
# - name: e_pmRA
#   unit: mas / yr
#   datatype: float32
#   format: '{:6.3f}'
#   description: '? Standard error of proper motion in right ascension direction (pmra_error)'
#   meta: !!omap
#   - {ucd: ERROR}
#   - {width: 6}
#   - {precision: '3'}
#   - values: {'null': .nan}
# - name: e_pmDE
[...]
#         value: !astropy.table.SerializedColumn {name: SkyCoord.dec}
#       distance: !astropy.table.SerializedColumn
#         __class__: astropy.coordinates.distances.Distance
#         unit: !astropy.units.Unit {unit: pc}
#         value: !astropy.table.SerializedColumn {name: SkyCoord.distance}
#       frame: icrs
#       obstime: !astropy.time.Time {format: jyear_str, in_subfmt: '*', jd1: 367701545.0, jd2: 0.0, out_subfmt: '*', precision: 3, scale: tt}
#       pm_dec: !astropy.table.SerializedColumn
#         __class__: astropy.units.quantity.Quantity
#         unit: !astropy.units.Unit {unit: mas / yr}
#         value: !astropy.table.SerializedColumn {name: SkyCoord.pm_dec}
#       pm_ra_cosdec: !astropy.table.SerializedColumn
#         __class__: astropy.units.quantity.Quantity
#         unit: !astropy.units.Unit {unit: mas / yr}
#         value: !astropy.table.SerializedColumn {name: SkyCoord.pm_ra_cosdec}
#       ra: !astropy.table.SerializedColumn
#         __class__: astropy.coordinates.angles.Longitude
#         unit: *id001
#         value: !astropy.table.SerializedColumn {name: SkyCoord.ra}
#         wrap_angle: !astropy.coordinates.Angle
#           unit: *id001
#           value: 360.0
#       representation_type: spherical
# schema: astropy-2.0
RA_ICRS_1 DE_ICRS_1 e_RA_ICRS e_DE_ICRS _r_1 HIP TYC2 Source rgeo Plx e_Plx pmRA pmDE e_pmRA e_pmDE RUWE Teff logg Gmag BP-RP BPmag RPmag RV e_RV b_rgeo B_rgeo FG e_FG FBP e_FBP FRP e_FRP RAVE5 RAVE6 e_Gmag e_BPmag e_RPmag e_BP-RP SkyCoord.ra SkyCoord.dec SkyCoord.distance SkyCoord.pm_ra_cosdec SkyCoord.pm_dec rmRA rmDE e_rmRA e_rmDE rRV e_rRV v_pec v_pec3d e_vpec e_vpec3d
[from data line 594]
8.31560253897 63.11978694501 0.027 0.0247 13.2452 "" "" 430777836753655936 2663.81323 0.3513 0.0354 -4.181 0.341 0.034 0.035 0.961 4953.7 3.3609 15.860951 1.926006 16.818695 14.892689 "" "" 2368.08862 2975.50635 8522.48389 3.5701 2558.2 7.9979 8751.5 10.687 "" "" 0.002792606241757925 0.0043939897 0.0040052007 0.00839919 8.31560253897 63.11978694501 2663.81323 -4.181000000000001 0.3410000000000001 -1.305739170074463 1.0086521897315979 0.21880713 0.21980712 "" "" 20.833048189182396 "" 4.566216167391982 ""
9.38371567579 62.94784033765 0.0245 0.0256 18.5039 "" "" 430804534266907904 2944.89185 0.3121 0.0341 -1.779 -0.91 0.031 0.033 1.01 9110.9 4.2936 15.861152 0.844261 16.197264 15.353003 "" "" 2643.48975 3342.66016 8520.90925 2.6504 4534.3 9.1384 5727.4 7.1627 "" "" 0.002775939574156263 0.0035458717 0.004015895 0.0075617665 9.38371567579 62.94784033765 2944.89185 -1.7790000000000001 -0.9100000000000001 1.0962608299255372 -0.24234781026840213 0.21580712 0.21780711 "" "" 15.671934519487142 "" 3.3835820033625805 ""
8.24481395103 63.22723976379 0.0239 0.0257 18.9976 "" "" 430872600910189440 2208.15332 0.4248 0.0342 -5.846 1.13 0.032 0.035 1.067 15039.6 4.5599 15.863419 1.323241 16.444742 15.121501 "" "" 2093.34448 2395.00977 8503.1413 3.3934 3610.1 11.955 7088.6 9.9267 "" "" 0.0027891810185579078 0.0045510866 0.0040737526 0.008624839 8.24481395103 63.22723976379 2208.15332 -5.846 1.129999999999999 -2.970739170074463 1.7976521897315978 0.21680713 0.21980712 "" "" 36.34330328451495 "" 7.908857428049836 ""
9.0073232758 63.16181727668 0.0215 0.0257 12.9984 "" "" 430825218829139456 2806.13086 0.3325 0.0329 0.685 -0.807 0.029 0.035 1.057 7301.4 3.5883 15.865321 1.264065 16.412048 15.147984 "" "" 2540.55762 3081.72412 8488.25575 3.1632 3720.5 11.284 6917.8 9.4562 "" "" 0.0027848690361848083 0.0043160883 0.0040603424 0.008376431 9.0073232758 63.16181727668 2806.13086 0.6850000000000003 -0.8069999999999997 3.560260829925537 -0.13934781026840215 0.21380712 0.21980712 "" "" 47.391502288540266 "" 10.133081687492894 ""
8.39574139506 62.99321721492 0.0257 0.0254 8.6154 "" "" 430772407915130496 2552.97656 0.3662 0.0343 -2.959 -0.709 0.033 0.037 1.035 9384.1 4.1768 15.869077 1.048388 16.302135 15.253748 "" "" 2366.66675 2791.52002 8458.94352 2.7858 4116.8 10.827 6275.7 11.073 "" "" 0.0027784247251053046 0.003992314 0.0042371727 0.008229487 8.39574139506 62.99321721492 2552.97656 -2.9590000000000005 -0.7090000000000003 -0.08373917007446297 -0.04134781026840206 0.21780711 0.22180712 "" "" 1.1301353823419777 "" 0.24704415054009957 ""
9.28424715981 62.82359432111 0.0258 0.0278 18.5999 "" "" 430708979835849088 2611.76294 0.3683 0.0357 -2.273 -0.984 0.033 0.039 1.054 9332.4 4.3949 15.869712 0.790915 16.18036 15.389446 "" "" 2408.9353 2894.62964 8453.99757 3.302 4605.5 11.017 5538.3 10.491 "" "" 0.0027877636535372976 0.0038119112 0.0043027457 0.008114656 9.28424715981 62.82359432111 2611.76294 -2.273 -0.9839999999999998 0.602260829925537 -0.3163478102684021 0.21780711 0.22380713 "" "" 8.421820436076523 "" 1.845376638318092 ""
9.15698345684 63.13056215735 0.0215 0.0245 14.6995 "" "" 430824256756515584 2500.45459 0.3832 0.0325 -1.086 -1.27 0.029 0.035 0.986 7429.8 4.0065 15.873348 1.079752 16.32811 15.248358 "" "" 2309.93237 2712.61206 8425.72804 2.8609 4019.5 10.206 6306.9 11.044 "" "" 0.0027798732968302674 0.0039223824 0.0042306506 0.0081530325 9.15698345684 63.13056215735 2500.45459 -1.086 -1.27 1.789260829925537 -0.6023478102684021 0.21380712 0.21980712 "" "" 22.376030736109353 "" 4.797992954652209 ""
9.18383072809 62.86702349558 0.0447 0.0422 14.8907 "" "" 430709426503898624 2676.99951 0.3575 0.0607 -0.22 -0.559 0.054 0.058 1.766 15060.3 4.335 15.876152 1.40451 16.460058 15.055548 "" "" 2317.66016 3261.00415 8403.99938 4.8155 3559.5 10.449 7532.5 24.387 "" "" 0.0028246827200417188 0.0042359564 0.005161394 0.00939735 9.18383072809 62.86702349558 2676.99951 -0.21999999999999997 -0.5589999999999999 2.655260829925537 0.10865218973159785 0.23880713 0.24280712 "" "" 33.72074121879984 "" 8.05298068369435 ""
9.43064221173 63.05989458579 0.0225 0.0247 19.9874 "" "" 430811165696303872 2773.17188 0.3399 0.0324 -3.921 -0.73 0.032 0.033 0.975 6501.1 3.9906 15.877927 1.572146 16.611046 15.038899 "" "" 2544.4104 3060.31543 8390.26966 2.7081 3097.4 7.8586 7648.9 8.5736 "" "" 0.002777516384209572 0.003920886 0.0039704917 0.007891377 9.43064221173 63.05989458579 2773.17188 -3.921 -0.729999999999999 -1.0457391700744627 -0.06234781026840208 0.21680713 0.21780711 "" "" 13.77047803368777 "" 2.9855866670565265 ""
8.99568332552 62.90653367409 0.026 0.0273 9.2674 "" "" 430722208335596672 2452.74561 0.387 0.0371 -2.733 -0.672 0.034 0.04 1.077 8320.1 4.4509 15.878376 0.998136 16.289267 15.29113 "" "" 2242.39087 2656.77563 8386.8017 2.9286 4165.9 16.367 6063.3 10.338 "" "" 0.0027812818737933424 0.005097133 0.004208402 0.009305535 8.99568332552 62.90653367409 2452.74561 -2.733 -0.6720000000000006 0.142260829925537 -0.004347810268402141 0.21880713 0.22480711 "" "" 1.654698672950362 "" 0.3620692610425751 ""
8.95572160212 62.89350526854 0.0251 0.0246 8.8758 "" "" 430722002176593408 2368.19409 0.3977 0.0337 -1.339 -0.388 0.031 0.033 0.966 7181.2 3.9545 15.879532 1.064357 16.321274 15.256917 "" "" 2212.20508 2609.45801 8377.87449 2.691 4044.9 9.9983 6257.4 10.761 "" "" 0.002777302706992646 0.0038713801 0.0042154524 0.008086832 8.95572160212 62.89350526854 2368.19409 -1.339 -0.3880000000000001 1.5362608299255371 0.2796521897315979 0.21580712 0.21780711 "" "" 17.52828568924788 "" 3.783858369058032 ""
8.23349764037 62.92222221541 0.0271 0.027 13.6953 "" "" 430769075020552960 2188.9397 0.4382 0.0368 -0.996 -1.448 0.035 0.038 1.067 7094.6 4.0484 15.879948 1.358058 16.474794 15.116736 "" "" 2028.99463 2404.64111 8374.66694 2.9438 3511.6 23.968 7119.7 14.084 "" "" 0.002781626500555582 0.007918425 0.004347029 0.012265454 8.23349764037 62.92222221541 2188.9397 -0.996 -1.448 1.8792608299255371 -0.780347810268402 0.21980712 0.22280712 "" "" 21.11260823847691 "" 4.650070642694259 ""
9.06809210873 63.1913996636 0.023 0.0253 15.4122 "" "" 430825562426499840 2763.10986 0.3366 0.0329 1.283 1.347 0.03 0.033 1.043 5850.4 3.6097 15.881799 1.89783 16.82091 14.92308 "" "" 2542.802 3126.3999 8360.40667 8.4277 2553.0 12.495 8509.9 30.991 "" "" 0.0029647370366895362 0.0060018417 0.0054697124 0.011471555 9.06809210873 63.1913996636 2763.10986 1.283 1.347 4.158260829925537 2.014652189731598 0.21480712 0.21780711 "" "" 60.51666579878381 "" 13.034119771586138 ""
8.50069247161 62.98864194873 0.0242 0.0242 5.758 "" "" 430772029958022528 2588.88232 0.3552 0.0322 -2.506 -0.485 0.031 0.034 0.957 8441.5 4.2668 15.884174 0.886402 16.24376 15.357357 "" "" 2396.01538 2817.3208 8342.13318 2.6912 4344.2 12.762 5704.5 8.3831 "" "" 0.0027774940055050406 0.004237742 0.0041023795 0.008340122 8.50069247161 62.98864194873 2588.88232 -2.5060000000000007 -0.48499999999999965 0.3692608299255373 0.1826521897315979 0.21580712 0.21880713 "" "" 5.055350311509711 "" 1.0939784937819486 ""
8.43139092003 62.6818280799 0.0247 0.0266 20.1011 "" "" 430738907169309824 2711.53711 0.3468 0.0333 -1.874 -1.351 0.03 0.036 0.966 7060.2 4.3298 15.884954 1.252878 16.42861 15.175732 "" "" 2502.25659 3111.41064 8336.1375 2.6054 3664.1 9.8753 6743.2 8.3821 "" "" 0.002776137677261104 0.0040432443 0.004013128 0.008056372 8.43139092003 62.6818280799 2711.53711 -1.8740000000000003 -1.351 1.001260829925537 -0.6833478102684021 0.21480712 0.22080712 "" "" 15.580336716498833 "" 3.3767539403549978 ""
8.91289099279 62.63574237677 0.0239 0.0234 22.0392 "" "" 430711178859280640 2866.02295 0.3373 0.0312 -0.807 0.431 0.028 0.031 1.017 7493.3 4.1993 15.885596 1.055971 16.325197 15.269226 "" "" 2613.48975 3098.54395 8331.21431 2.5102 4030.3 7.6856 6186.8 9.3446 "" "" 0.0027746721235602377 0.0034744511 0.0041198325 0.0075942837 8.91289099279 62.63574237677 2866.02295 -0.8070000000000007 0.43100000000000005 2.068260829925537 1.098652189731598 0.21280712 0.21580712 "" "" 31.81529891283376 "" 6.791642209278788 ""
8.8026156463 63.21438924646 0.0228 0.0233 13.6039 "" "" 430823466482420992 2018.67432 0.4643 0.031 -4.256 -1.584 0.029 0.031 1.014 5921.4 3.9857 15.885945 1.407651 16.515417 15.107766 "" "" 1914.43762 2131.94141 8328.53366 2.6599 3382.6 7.0982 7178.8 10.215 "" "" 0.0027770537445395344 0.003602216 0.0040829596 0.0076851756 8.8026156463 63.21438924646 2018.67432 -4.256000000000002 -1.5840000000000005 -1.3807391700744631 -0.9163478102684022 0.21380712 0.21580712 "" "" 15.856431649339505 "" 3.3999463483170405 ""
8.16318077889 62.9185146168 0.025 0.0276 15.596 "" "" 430767666271277568 2124.20239 0.4465 0.0355 3.062 1.057 0.031 0.039 1.04 7423.4 4.226 15.886629 1.32183 16.464262 15.142432 "" "" 1954.42896 2349.0415 8323.29288 2.9309 3545.8 11.158 6953.2 13.141 "" "" 0.002781718909122023 0.004411159 0.004300494 0.008711653 8.16318077889 62.9185146168 2124.20239 3.062 1.057 5.9372608299255365 1.7246521897315978 0.21580712 0.22380713 "" "" 62.25163652319064 "" 13.473758860977096 ""
9.18707103361 62.73887837082 0.0241 0.0245 19.9657 "" "" 430707021330843392 2712.51978 0.3444 0.032 -5.475 -1.138 0.028 0.032 0.976 7178.8 4.3592 15.886831 1.032402 16.314404 15.282001 "" "" 2484.58032 2958.17139 8321.73922 2.8012 4070.6 11.981 6114.5 10.36 "" "" 0.0027794530576347202 0.004242312 0.004203314 0.008445626 9.18707103361 62.73887837082 2712.51978 -5.475 -1.1380000000000003 -2.5997391700744625 -0.470347810268402 0.21280712 0.21680713 "" "" 33.96838880392002 "" 7.2330606442710845 ""
8.31938190606 62.7891056441 0.024 0.0247 16.2022 "" "" 430763577462511488 2713.80103 0.341 0.0327 -2.798 -0.302 0.03 0.036 1.044 "" "" 15.891819 0.971443 16.28596 15.314516 "" "" 2508.88721 2962.92261 8283.60118 2.8883 4178.6 11.514 5934.1 9.4742 "" "" 0.0027812057559004253 0.0040908908 0.0041579544 0.008248845 8.31938190606 62.7891056441 2713.80103 -2.7980000000000027 -0.3019999999999996 0.07726082992553707 0.3656521897315979 0.21480712 0.22080712 "" "" 4.807387084061099 "" 1.0602886037730346 ""
8.74499622756 63.21367763098 0.0229 0.0227 13.3667 "" "" 430823603921371520 2491.03711 0.3734 0.0302 -2.877 -0.945 0.03 0.032 0.984 7490.9 4.2136 15.892389 1.320491 16.475634 15.155143 "" "" 2312.06885 2670.69556 8279.25344 2.7809 3508.8 10.387 6872.3 7.3648 "" "" 0.0027793497279485174 0.004256209 0.003954436 0.008210645 8.74499622756 63.21367763098 2491.03711 -2.877 -0.9450000000000008 -0.0017391700744626704 -0.27734781026840205 0.21480712 0.21680713 "" "" 3.2748530648055976 "" 0.7100112279745066 ""
9.12710591067 63.24426850189 0.035 0.0368 18.896 "" "" 430827280413381888 2400.5896 0.4 0.0494 -3.555 -0.008 0.048 0.051 1.384 5429.7 3.5555 15.895167 1.916612 16.719292 14.80268 "" "" 2141.93872 2629.95581 8258.0972 5.6443 2803.5 28.711 9507.9 78.059 "" "" 0.0028535033622544854 0.011463892 0.009681915 0.021145806 9.12710591067 63.24426850189 2400.5896 -3.5550000000000006 -0.00799999999999991 -0.679739170074463 0.6596521897315979 0.23280713 0.23580712 "" "" 10.777985398388484 "" 2.5249256811656826 ""
8.16060088285 63.14024224795 0.0283 0.0293 17.4431 "" "" 430778798826283520 2267.09961 0.4142 0.0388 -3.318 -1.074 0.039 0.038 1.041 "" "" 15.8963 1.021923 16.314228 15.292305 "" "" 2083.4187 2489.63501 8249.47949 3.0742 4071.2 11.438 6056.7 9.7728 "" "" 0.0027848686799404805 0.004133979 0.0041656755 0.008299654 8.16060088285 63.14024224795 2267.09961 -3.3180000000000005 -1.074 -0.44273917007446295 -0.40634781026840217 0.22380713 0.22280712 "" "" 6.457800817738979 "" 1.4423527944517687 ""
8.94722546863 62.69867371787 0.1618 0.1863 18.7083 "" "" 430712965565599488 2940.53564 0.4854 0.2375 -3.322 0.333 0.188 0.222 8.221 "" "" 15.898991 1.011546 16.074398 15.062852 "" "" 1924.61597 5237.74463 8229.06339 8.0616 5077.6 9.8427 7482.0 16.891 "" "" 0.002953493168162338 0.0034949395 0.0045046248 0.0079995645 8.94722546863 62.69867371787 2940.53564 -3.322 0.33300000000000013 -0.44673917007446295 1.0006521897315979 0.37280712 0.40680712 "" "" 15.274068012509401 "" 6.130342341976385 ""
9.17710526441 62.88862768913 0.0241 0.0235 14.1156 "" "" 430815048346877952 2070.45874 0.4511 0.0323 -2.766 -2.886 0.031 0.032 1.004 7131.8 4.3539 15.901445 1.17691 16.40606 15.229149 "" "" 1928.27954 2233.45215 8210.48276 2.6951 3741.0 11.673 6419.5 8.7471 "" "" 0.002778273951238206 0.0043888846 0.0040586167 0.008447502 9.17710526441 62.88862768913 2070.45874 -2.7660000000000022 -2.886000000000002 0.1092608299255371 -2.218347810268402 0.21580712 0.21680713 "" "" 21.797199394847585 "" 4.725735549195894 ""
8.7731297156 62.98742588037 0.0245 0.0239 1.685 "" "" 430725816107493888 2547.46973 0.3655 0.0328 -5.041 -0.213 0.032 0.033 1.053 5628.6 4.0175 15.902781 1.367087 16.508034 15.140946 "" "" 2348.53833 2803.14185 8200.38115 2.6661 3405.7 10.976 6962.7 13.686 "" "" 0.002777839774562903 0.0044753845 0.004340309 0.008815694 8.7731297156 62.98742588037 2547.46973 -5.041000000000004 -0.2129999999999999 -2.1657391700744633 0.45465218973159793 0.21680713 0.21780711 "" "" 26.721350385868934 "" 5.794509594238534 ""
8.87889425049 63.02887344129 0.2146 0.2216 5.0723 "" "" 430819686911393920 2251.11694 0.6996 0.321 -3.223 1.172 0.268 0.284 8.675 "" "" 15.905021 1.424207 16.480387 15.05618 "" "" 1460.7948 3128.43213 8183.48879 22.926 3493.5 10.958 7528.1 9.618 "" "" 0.004104099404565729 0.0044026384 0.0040259054 0.008428544 8.87889425049 63.02887344129 2251.11694 -3.2230000000000016 1.1720000000000006 -0.34773917007446276 1.8396521897315978 0.45280713 0.46880713 "" "" 19.977238069543706 "" 9.354626876114198 ""
8.9516593224 63.08024027976 0.0275 0.0283 8.4234 "" "" 430818690469612288 2335.44214 0.3981 0.0401 -4.393 -2.034 0.036 0.043 1.117 6011.2 3.8935 15.906738 1.282122 16.386658 15.104536 "" "" 2125.45166 2657.15088 8170.55285 4.2074 3808.5 29.4 7200.2 54.502 "" "" 0.0028114725897551707 0.008833645 0.009045847 0.017879492 8.9516593224 63.08024027976 2335.44214 -4.393 -2.0339999999999976 -1.5177391700744627 -1.366347810268402 0.22080712 0.22780712 "" "" 22.60675959175769 "" 5.063184751367696 ""
9.17323142041 62.90916090022 0.0232 0.024 13.5199 "" "" 430815082709675136 2509.46094 0.368 0.0321 -2.52 -0.173 0.03 0.032 1.014 6749.2 4.1425 15.909638 1.257442 16.458458 15.201016 "" "" 2316.50854 2713.16431 8148.75529 2.6401 3564.8 10.363 6588.0 9.8776 "" "" 0.002777684009715657 0.004212732 0.00411506 0.0083277915 9.17323142041 62.90916090022 2509.46094 -2.5199999999999974 -0.17299999999999988 0.3552608299255371 0.4946521897315979 0.21480712 0.21680713 "" "" 7.244058625287802 "" 1.5656484259010308 ""
9.46690490482 62.98078849706 0.0232 0.0244 20.5849 "" "" 430804809144789120 2422.38135 0.3846 0.0321 -3.545 -1.045 0.03 0.032 1.015 8592.9 4.4393 15.91085 1.049587 16.346731 15.297144 "" "" 2256.39893 2575.29248 8139.6721 2.4621 3951.2 9.4525 6029.8 7.9626 "" "" 0.0027748235745425304 0.0038120379 0.004042201 0.007854239 9.46690490482 62.98078849706 2422.38135 -3.545 -1.0449999999999997 -0.6697391700744628 -0.37734781026840203 0.21480712 0.21680713 "" "" 8.826596170564867 "" 1.9002843880923448 ""
9.0220215146 63.33220871108 0.023 0.0246 22.1065 "" "" 430831128704026368 2529.63672 0.3735 0.0304 -1.691 -0.45 0.029 0.033 1.03 8948.0 4.0425 15.91174 1.099359 16.372255 15.272897 "" "" 2359.177 2747.2561 8132.99474 2.5456 3859.4 11.36 6165.9 8.7143 "" "" 0.002776197945825486 0.004242445 0.004079013 0.0083214585 9.0220215146 63.33220871108 2529.63672 -1.691 -0.45 1.184260829925537 0.2176521897315979 0.21380712 0.21780711 "" "" 14.437681741053597 "" 3.088783181606661 ""
