Clusters/FSR_0498/FSR_0498_stars_in_region.tsv
# %ECSV 1.0
# ---
# datatype:
# - name: RA_ICRS_1
#   unit: deg
#   datatype: float64
#   format: '{:15.11f}'
#   description: Right ascension (ICRS) at Ep=2016.0 (ra)
#   meta: !!omap
#   - {ucd: POS_EQ_RA_MAIN}
#   - {width: 15}
#   - {precision: '11'}
# - name: DE_ICRS_1
#   unit: deg
#   datatype: float64
#   format: '{:15.11f}'
#   description: Declination (ICRS) at Ep=2016.0 (dec)
#   meta: !!omap
#   - {ucd: POS_EQ_DEC_MAIN}
#   - {width: 15}
#   - {precision: '11'}
# - name: e_RA_ICRS
#   unit: mas
#   datatype: float64
#   format: '{:7.4f}'
#   description: Standard error of right ascension (ra_error)
#   meta: !!omap
#   - {ucd: ERROR}
#   - {width: 7}
#   - {precision: '4'}
# - name: e_DE_ICRS
#   unit: mas
#   datatype: float64
#   format: '{:7.4f}'
#   description: Standard error of declination (dec_error)
#   meta: !!omap
#   - {ucd: ERROR}
#   - {width: 7}
#   - {precision: '4'}
# - name: _r_1
#   unit: ''
#   datatype: float64
#   format: '{:7.4f}'
#   description: Distance from center (007.33691746000+62.38990180000)[ICRS], at Epoch=J2016.0
#   meta: !!omap
#   - {ucd: POS_ANG_DIST_GENERAL}
#   - {width: 7}
#   - {precision: '4'}
# - name: HIP
#   datatype: int32
#   description: '? HIP cross-id number, van Leeuwen, Cat. I/311 (hip_original_ext_source_id)'
#   meta: !!omap
#   - {ucd: ID_NUMBER}
#   - {width: 6}
#   - values: {'null': -2147483648}
# - name: TYC2
#   datatype: string
#   description: Tycho-2 cross-id name, Hog et al., Cat. I/259 (tyc2_original_ext_source_id)
#   meta: !!omap
#   - {ucd: ID_CROSSID}
#   - {_votable_string_dtype: char}
# - name: Source
#   datatype: int64
#   description: Source identifier, identical to the Gaia-EDR3 source_id (id)
#   meta: !!omap
#   - {ucd: ID_MAIN}
#   - {width: 19}
# - name: rgeo
#   unit: pc
#   datatype: float64
#   format: '{:15.8f}'
#   description: '? Median of the geometric distance posterior (r_med_geo)'
#   meta: !!omap
#   - {ucd: PHYS_DISTANCE_TRUE}
#   - {width: 15}
#   - {precision: '8'}
#   - values: {'null': .nan}
# - name: Plx
#   unit: mas
#   datatype: float64
#   format: '{:9.4f}'
#   description: '? Parallax (parallax)'
#   meta: !!omap
#   - {ucd: POS_PARLX_TRIG}
#   - {width: 9}
#   - {precision: '4'}
#   - values: {'null': .nan}
# - name: e_Plx
#   unit: mas
#   datatype: float32
#   format: '{:7.4f}'
#   description: '? Standard error of parallax (parallax_error)'
#   meta: !!omap
#   - {ucd: ERROR}
#   - {width: 7}
#   - {precision: '4'}
#   - values: {'null': .nan}
# - name: pmRA
#   unit: mas / yr
#   datatype: float64
#   format: '{:9.3f}'
#   description: '? Proper motion in right ascension direction, pmRA*cosDE (pmra)'
#   meta: !!omap
#   - {ucd: POS_EQ_PMRA}
#   - {width: 9}
#   - {precision: '3'}
#   - values: {'null': .nan}
# - name: pmDE
#   unit: mas / yr
#   datatype: float64
#   format: '{:9.3f}'
#   description: '? Proper motion in declination direction (pmdec)'
#   meta: !!omap
#   - {ucd: POS_EQ_PMDEC}
#   - {width: 9}
#   - {precision: '3'}
#   - values: {'null': .nan}
# - name: e_pmRA
#   unit: mas / yr
#   datatype: float32
#   format: '{:6.3f}'
#   description: '? Standard error of proper motion in right ascension direction (pmra_error)'
#   meta: !!omap
#   - {ucd: ERROR}
#   - {width: 6}
#   - {precision: '3'}
#   - values: {'null': .nan}
# - name: e_pmDE
[...]
#         unit: &id001 !astropy.units.Unit {unit: deg}
#         value: !astropy.table.SerializedColumn {name: SkyCoord.dec}
#       distance: !astropy.table.SerializedColumn
#         __class__: astropy.coordinates.distances.Distance
#         unit: !astropy.units.Unit {unit: pc}
#         value: !astropy.table.SerializedColumn {name: SkyCoord.distance}
#       frame: icrs
#       obstime: !astropy.time.Time {format: jyear_str, in_subfmt: '*', jd1: 367701545.0, jd2: 0.0, out_subfmt: '*', precision: 3, scale: tt}
#       pm_dec: !astropy.table.SerializedColumn
#         __class__: astropy.units.quantity.Quantity
#         unit: !astropy.units.Unit {unit: mas / yr}
#         value: !astropy.table.SerializedColumn {name: SkyCoord.pm_dec}
#       pm_ra_cosdec: !astropy.table.SerializedColumn
#         __class__: astropy.units.quantity.Quantity
#         unit: !astropy.units.Unit {unit: mas / yr}
#         value: !astropy.table.SerializedColumn {name: SkyCoord.pm_ra_cosdec}
#       ra: !astropy.table.SerializedColumn
#         __class__: astropy.coordinates.angles.Longitude
#         unit: *id001
#         value: !astropy.table.SerializedColumn {name: SkyCoord.ra}
#         wrap_angle: !astropy.coordinates.Angle
#           unit: *id001
#           value: 360.0
#       representation_type: spherical
# schema: astropy-2.0
RA_ICRS_1 DE_ICRS_1 e_RA_ICRS e_DE_ICRS _r_1 HIP TYC2 Source rgeo Plx e_Plx pmRA pmDE e_pmRA e_pmDE RUWE Teff logg Gmag BP-RP BPmag RPmag RV e_RV b_rgeo B_rgeo FG e_FG FBP e_FBP FRP e_FRP RAVE5 RAVE6 e_Gmag e_BPmag e_RPmag e_BP-RP SkyCoord.ra SkyCoord.dec SkyCoord.distance SkyCoord.pm_ra_cosdec SkyCoord.pm_dec
[from data line 367]
7.8229600609 62.46714209356 0.0877 0.0932 14.2714 "" "" 430369196383951872 2216.52832 0.4799 0.1169 -4.248 -1.596 0.109 0.121 5.134 6530.0 3.985 15.314614 1.321816 15.879284 14.557467 "" "" 1754.55408 3101.89648 14096.16381 10.527 6077.2 9.5632 11917.0 10.22 "" "" 0.0028721471541312024 0.0032717185 0.0038923929 0.0071641114 7.8229600609 62.46714209356 2216.52832 -4.248 -1.596
7.7900312053 62.54680588505 0.0168 0.0189 15.7019 "" "" 430744782684618880 2050.59717 0.4643 0.0235 -2.829 -2.649 0.021 0.024 0.923 6523.4 3.8526 15.323301 1.269896 15.874943 14.605046 "" "" 1961.58765 2158.04395 13983.83467 3.7913 6101.5 9.5809 11406.0 10.038 "" "" 0.002770999848874237 0.0032698114 0.0038982995 0.007168111 7.7900312053 62.54680588505 2050.59717 -2.8289999999999997 -2.649
6.95349860355 62.13721622677 0.0201 0.0211 18.5605 "" "" 430519520238454144 2374.08862 0.3878 0.0277 -1.345 -1.074 0.026 0.031 0.967 7993.9 3.9968 15.323441 0.827396 15.650862 14.823465 "" "" 2250.95532 2552.83569 13982.03018 4.1801 7500.2 9.9638 9327.6 10.288 "" "" 0.0027743739441277 0.0031409357 0.003964568 0.0071055037 6.95349860355 62.13721622677 2374.08862 -1.345 -1.074
7.40484062178 62.22047719075 0.0188 0.0186 10.3404 "" "" 430338508832696192 2690.55493 0.3479 0.0247 -0.825 -0.445 0.023 0.024 1.065 6787.5 3.9903 15.328378 1.177244 15.82846 14.651216 "" "" 2487.24487 2912.37598 13918.60052 3.3481 6368.4 13.122 10931.0 16.063 "" "" 0.00276767056931312 0.0035762917 0.00410235 0.007678642 7.40484062178 62.22047719075 2690.55493 -0.825 -0.445
6.65882382549 62.48162392999 0.019 0.0217 19.6147 "" "" 430533504651774592 2889.00415 0.3224 0.0256 -1.384 0.637 0.024 0.029 1.094 "" "" 15.333294 1.104645 15.797681 14.693036 "" "" 2740.00269 3092.29614 13855.72136 3.5426 6551.6 11.391 10518.0 15.045 "" "" 0.0027692689256543683 0.0033687616 0.004086033 0.007454795 6.65882382549 62.48162392999 2889.00415 -1.3840000000000003 0.637
6.84359736107 62.38390876628 0.0176 0.0188 13.7239 "" "" 430531614866205696 2314.51221 0.4029 0.0239 -0.821 -1.807 0.023 0.027 0.938 7344.1 4.0587 15.341222 0.854128 15.679411 14.825283 "" "" 2203.14795 2453.01245 13754.92235 3.7572 7305.5 8.572 9312.0 12.872 "" "" 0.0027712351930055594 0.0030672506 0.0040664696 0.0071337204 6.84359736107 62.38390876628 2314.51221 -0.821 -1.807
7.86612459027 62.43959423735 0.0171 0.0189 15.0027 "" "" 430357067396548480 2186.2124 0.4277 0.0235 -2.318 -1.316 0.021 0.025 1.059 8304.6 4.2491 15.341853 0.928825 15.669798 14.740972 "" "" 2086.66479 2292.89795 13746.92759 4.1965 7370.5 75.814 10064.0 35.99 "" "" 0.0027751833012429586 0.011511301 0.005418414 0.016929714 7.86612459027 62.43959423735 2186.2124 -2.318 -1.3160000000000003
7.29065122603 62.45579955903 0.0169 0.019 4.1575 "" "" 430366172726938624 2493.25977 0.3666 0.0231 -3.321 -0.762 0.021 0.024 0.995 9435.1 4.2325 15.342745 0.715308 15.614237 14.898929 "" "" 2362.62183 2662.6106 13735.63508 4.4177 7757.5 10.377 8701.4 9.1176 "" "" 0.0027773600144165495 0.0031455362 0.0039468994 0.007092436 7.29065122603 62.45579955903 2493.25977 -3.321 -0.762
7.57547318535 62.71732610405 0.0179 0.0191 20.7236 "" "" 430751276674834432 2769.63135 0.3304 0.0241 -1.843 0.403 0.022 0.025 1.079 7187.1 4.0551 15.344579 1.207205 15.86178 14.654575 "" "" 2622.45068 2965.64941 13712.45323 3.4737 6176.0 12.874 10898.0 12.898 "" "" 0.0027690139686481837 0.0035926732 0.0039918576 0.007584531 7.57547318535 62.71732610405 2769.63135 -1.8430000000000002 0.40299999999999997
6.78106691289 62.57280485172 0.0175 0.0206 18.9177 "" "" 430558862139806848 1997.0752 0.4761 0.0245 -4.3 -1.102 0.023 0.028 0.97 7791.3 4.3471 15.346298 0.951766 15.73029 14.778524 "" "" 1900.99609 2101.40283 13690.75943 13.647 6971.1 32.432 9721.8 27.896 "" "" 0.002960251471659862 0.0057706083 0.0048979283 0.010668537 6.78106691289 62.57280485172 1997.0752 -4.299999999999999 -1.1020000000000003
7.06867341111 62.65909478099 0.0258 0.0274 17.7767 "" "" 430561847135369344 2407.21094 0.3923 0.0354 0.889 -1.732 0.032 0.037 1.573 6145.8 4.0506 15.354588 1.241305 15.868474 14.627169 "" "" 2221.45166 2649.40015 13586.62847 4.8462 6138.0 8.6761 11176.0 10.267 "" "" 0.0027824031886818155 0.0031843893 0.0039087837 0.007093173 7.06867341111 62.65909478099 2407.21094 0.8889999999999998 -1.7320000000000002
7.26961272993 62.49872217982 0.0169 0.0189 6.7912 "" "" 430366413245078400 2078.47192 0.4571 0.0233 -1.118 -1.562 0.021 0.024 1.053 7485.6 4.1921 15.357184 1.100905 15.816559 14.715653 "" "" 1997.44885 2168.5542 13554.16868 9.4377 6438.6 20.069 10301.0 26.02 "" "" 0.0028571514485997386 0.0043861135 0.0046696067 0.009055721 7.26961272993 62.49872217982 2078.47192 -1.1180000000000003 -1.562
7.02761328847 62.41963714739 0.019 0.0193 8.7798 "" "" 430552505588329088 2941.38721 0.3158 0.0252 -2.041 1.017 0.024 0.026 1.092 6879.6 4.1049 15.357271 1.11691 15.824351 14.707441 "" "" 2738.89038 3149.13159 13553.093 3.3907 6392.6 8.1447 10380.0 8.9175 "" "" 0.002768676836491605 0.00311426 0.0038927842 0.0070070443 7.02761328847 62.41963714739 2941.38721 -2.0409999999999995 1.017
7.93066239792 62.25196694311 0.0186 0.0197 18.5024 "" "" 430348443102139648 2124.0293 0.4452 0.0248 -0.811 3.909 0.023 0.026 0.995 5290.3 3.5448 15.360158 1.565366 16.09033 14.524964 "" "" 2015.89795 2225.74829 13517.09555 3.3276 5003.6 7.6174 12279.0 10.789 "" "" 0.002768253933266936 0.0032430156 0.003897925 0.0071409405 7.93066239792 62.25196694311 2124.0293 -0.8109999999999997 3.909
7.80781826291 62.2448959443 0.0174 0.0183 15.7476 "" "" 430348236943706496 2460.78198 0.3763 0.0236 -1.558 -4.241 0.022 0.025 0.997 6619.7 4.0573 15.361671 1.205207 15.878314 14.673107 "" "" 2358.41675 2614.82666 13498.27392 3.1513 6082.6 12.289 10713.0 10.022 "" "" 0.002766954856034636 0.003549197 0.0039134873 0.007462684 7.80781826291 62.2448959443 2460.78198 -1.5579999999999996 -4.240999999999998
7.05806906017 62.4376733719 0.0221 0.0232 8.261 "" "" 430552849185706624 2848.03198 0.3237 0.0294 -1.911 -0.823 0.028 0.031 1.362 7948.7 4.0792 15.365736 0.99865 15.763831 14.765182 "" "" 2649.36133 3087.46484 13447.82936 3.9382 6759.0 11.031 9842.1 11.306 "" "" 0.002773605369408781 0.0033052885 0.003979862 0.0072851507 7.05806906017 62.4376733719 2848.03198 -1.9110000000000003 -0.8229999999999998
7.86260946942 62.57566593234 0.017 0.0188 18.3464 "" "" 430745263720941440 2702.83228 0.3421 0.023 -1.326 -0.992 0.021 0.025 1.001 9445.6 4.1458 15.376131 0.907094 15.739188 14.832094 "" "" 2551.58496 2910.95483 13319.69761 3.6164 6914.2 8.5214 9253.8 9.7291 "" "" 0.002771044569452897 0.0030944464 0.0039480063 0.0070424527 7.86260946942 62.57566593234 2702.83228 -1.326 -0.992
7.70987046669 62.5721952656 0.0172 0.0188 15.0509 "" "" 430745813476487808 2353.72852 0.393 0.0234 -1.562 -2.774 0.021 0.024 0.988 7425.8 3.9352 15.376389 1.210266 15.892546 14.68228 "" "" 2240.61206 2501.39819 13316.53252 3.9319 6003.4 11.82 10623.0 9.6024 "" "" 0.0027739070943566743 0.003514934 0.0039047305 0.0074196644 7.70987046669 62.5721952656 2353.72852 -1.5620000000000003 -2.7740000000000005
7.54132099789 62.68439584224 0.0176 0.0195 18.5528 "" "" 430749730486622720 2241.1748 0.4197 0.0242 -3.549 -1.209 0.022 0.027 0.972 6483.1 3.8537 15.37943 1.160686 15.874352 14.713666 "" "" 2116.90576 2360.97876 13279.28838 3.3161 6104.9 8.8494 10320.0 12.009 "" "" 0.002768627949021046 0.003203437 0.00398497 0.007188407 7.54132099789 62.68439584224 2241.1748 -3.549 -1.209
6.77116360995 62.46926480294 0.0187 0.0211 16.4168 "" "" 430556663116627072 2204.1228 0.4222 0.026 -0.47 3.336 0.025 0.029 1.026 5085.1 3.5635 15.381192 1.648283 16.157206 14.508923 "" "" 2101.67358 2342.05347 13257.74564 3.6489 4704.7 9.8537 12462.0 14.349 "" "" 0.0027714771586356784 0.0035994656 0.0039807754 0.007580241 6.77116360995 62.46926480294 2204.1228 -0.4700000000000001 3.3359999999999994
7.06924029801 62.57062938074 0.0198 0.0224 13.1398 "" "" 430561125580762496 2063.72046 0.4508 0.0279 -0.896 -0.749 0.025 0.029 1.199 6915.1 4.098 15.386977 0.963348 15.770115 14.806767 "" "" 1931.38989 2186.19482 13187.30095 4.1755 6720.0 15.382 9472.2 16.351 "" "" 0.0027766836423796007 0.0037365027 0.004218576 0.007955079 7.06924029801 62.57062938074 2063.72046 -0.8960000000000001 -0.7490000000000001
7.30218096049 62.10956196975 0.0212 0.0199 16.8484 "" "" 430336142314697728 2561.5127 0.3613 0.0281 -3.037 -1.126 0.027 0.027 1.034 7228.3 3.9884 15.386992 1.110965 15.855323 14.744358 "" "" 2410.56616 2768.83423 13187.12007 4.0429 6212.8 13.156 10033.0 9.7822 "" "" 0.0027753536935670774 0.0036153812 0.003924838 0.007540219 7.30218096049 62.10956196975 2561.5127 -3.037 -1.1259999999999997
7.50655040852 62.1827810821 0.0186 0.0183 13.2981 "" "" 430335420760167808 2542.63062 0.3583 0.0249 -0.086 -0.567 0.024 0.024 0.993 6642.6 3.8752 15.390966 1.278989 15.94742 14.668431 "" "" 2428.28613 2696.56958 13138.93638 3.3803 5707.5 11.74 10759.0 12.438 "" "" 0.0027694431369368992 0.0035738864 0.0039823586 0.0075562447 7.50655040852 62.1827810821 2542.63062 -0.086 -0.567
6.89769257526 62.15899976314 0.0204 0.0201 18.5002 "" "" 430519795116348544 2919.07104 0.3152 0.0273 -1.241 -1.221 0.027 0.029 0.917 7522.6 4.0965 15.394183 0.945492 15.77618 14.830688 "" "" 2710.67285 3188.5332 13100.06859 3.6259 6682.6 11.2 9265.8 15.16 "" "" 0.002771659941862662 0.0033311127 0.004176041 0.007507154 6.89769257526 62.15899976314 2919.07104 -1.241 -1.2209999999999999
7.20015315257 62.20750763367 0.0198 0.0203 11.5894 "" "" 430337825941827968 2323.13672 0.407 0.0273 -4.123 -1.787 0.025 0.027 0.973 7581.7 4.1955 15.406634 0.987641 15.810449 14.822807 "" "" 2156.4939 2514.80981 12950.69264 3.8616 6475.0 13.483 9333.3 15.945 "" "" 0.002774274329055158 0.003591166 0.0042100204 0.0078011863 7.20015315257 62.20750763367 2323.13672 -4.122999999999999 -1.787
7.78817052379 62.52381353351 0.0172 0.019 14.8763 "" "" 430369436902076672 2489.87866 0.3772 0.0236 -1.578 -0.716 0.021 0.024 0.981 7239.5 3.9437 15.409344 0.986172 15.814475 14.828303 "" "" 2379.73242 2633.67017 12918.41271 9.5233 6451.0 14.998 9286.2 43.399 "" "" 0.002869218778751798 0.003762557 0.006327009 0.010089566 7.78817052379 62.52381353351 2489.87866 -1.578 -0.7159999999999999
7.308799986 62.61114472068 0.0186 0.0186 13.2974 "" "" 430374522143291776 1976.302 0.4807 0.0248 -0.035 -1.237 0.022 0.024 1.008 7090.8 4.0991 15.412337 1.086709 15.870809 14.7841 "" "" 1893.13306 2090.09912 12882.84289 3.3095 6124.8 9.0168 9672.0 8.3011 "" "" 0.0027694013965336244 0.0032155751 0.003892565 0.00710814 7.308799986 62.61114472068 1976.302 -0.035000000000000045 -1.237
7.17664437931 62.28943360249 0.0177 0.0193 7.5011 "" "" 430527521755912832 2481.51245 0.3803 0.0247 -0.857 2.136 0.022 0.025 0.963 5144.2 3.5116 15.416293 1.541794 16.129879 14.588085 "" "" 2336.16772 2614.823 12835.99065 3.12 4824.6 9.2586 11586.0 8.4502 "" "" 0.0027679298859960328 0.0034822861 0.0038614501 0.0073437365 7.17664437931 62.28943360249 2481.51245 -0.857 2.136
7.56139038949 62.44322936833 0.0176 0.0198 7.0093 "" "" 430368062512580096 2042.36194 0.4663 0.024 -4.051 -2.163 0.022 0.027 0.957 5253.6 3.561 15.424035 1.651893 16.198997 14.547105 "" "" 1947.19788 2175.59814 12744.78706 6.654 4527.1 12.979 12031.0 29.032 "" "" 0.0028130264361943802 0.004180229 0.0045987032 0.008778932 7.56139038949 62.44322936833 2042.36194 -4.051 -2.163
7.78639430707 62.28454910481 0.0204 0.0207 14.0258 "" "" 430360400291065600 2217.87622 0.4223 0.0275 0.33 4.426 0.028 0.029 1.037 6077.3 3.8901 15.431114 1.255408 15.967364 14.711956 "" "" 2108.7063 2340.11572 12661.96801 3.9213 5603.6 19.144 10337.0 17.402 "" "" 0.0027757609257903237 0.004641532 0.0041981647 0.008839697 7.78639430707 62.28454910481 2217.87622 0.33 4.425999999999999
7.23718769756 62.13248530192 0.0204 0.0204 15.6941 "" "" 430336966948402048 2047.97144 0.4663 0.0279 -3.175 0.576 0.026 0.026 1.013 5852.5 4.0623 15.435358 1.214269 15.957819 14.74355 "" "" 1927.52905 2204.97632 12612.57343 3.0694 5653.1 9.8204 10040.0 10.576 "" "" 0.002767960316648045 0.0033678561 0.0039486424 0.0073164986 7.23718769756 62.13248530192 2047.97144 -3.1750000000000003 0.5759999999999998
6.72437579947 62.38426614505 0.0192 0.0204 17.0379 "" "" 430532542579132928 2738.7207 0.3299 0.0261 -1.578 -0.845 0.024 0.028 0.958 8803.8 4.3504 15.439063 0.76649 15.739228 14.972738 "" "" 2565.56177 2951.71021 12569.60225 3.9434 6913.9 11.172 8129.5 12.409 "" "" 0.002776294873184393 0.0032959091 0.004126781 0.0074226903 6.72437579947 62.38426614505 2738.7207 -1.578 -0.8450000000000001
7.85787237283 62.53811241391 0.0176 0.0192 16.9674 "" "" 430744812739342720 2028.13208 0.4655 0.0238 -0.958 0.033 0.022 0.026 0.937 5770.4 3.6781 15.449829 1.477775 16.123001 14.645226 "" "" 1938.9834 2127.75317 12445.58267 3.1806 4855.3 7.2515 10992.0 11.028 "" "" 0.0027692561714695763 0.003227157 0.003933228 0.007160385 7.85787237283 62.53811241391 2028.13208 -0.9580000000000001 0.033
7.30512102324 62.49781061113 0.0184 0.0207 6.5344 "" "" 430372215736685696 2843.66431 0.3314 0.0256 -2.746 -1.094 0.023 0.027 1.075 6639.9 4.0549 15.450757 1.24412 15.990916 14.746797 "" "" 2633.76074 3088.76855 12434.94178 3.3019 5483.4 8.574 10010.0 12.897 "" "" 0.002770362110427957 0.0032660668 0.0040299604 0.007296027 7.30512102324 62.49781061113 2843.66431 -2.746 -1.0939999999999999
7.47423496534 62.70541873436 0.018 0.0198 19.3083 "" "" 430750005364515072 2809.29321 0.3354 0.0245 -2.681 -0.843 0.023 0.028 1.005 8409.2 3.5264 15.450885 1.017712 15.866883 14.849172 "" "" 2596.59839 2974.15015 12433.48872 3.5356 6147.0 11.432 9109.4 9.0466 "" "" 0.0027725638776351412 0.0034441678 0.003930185 0.007374353 7.47423496534 62.70541873436 2809.29321 -2.6809999999999996 -0.8429999999999997
7.29190704382 62.39234013 0.0226 0.0234 1.2601 "" "" 430365622971171456 2818.91797 0.3354 0.0306 -0.079 -1.067 0.028 0.031 1.22 8077.1 3.4917 15.455524 0.963009 15.802151 14.839142 "" "" 2578.84888 3144.11426 12380.4637 3.6049 6524.6 37.302 9193.9 40.339 "" "" 0.0027733976341664537 0.0068055554 0.0060808808 0.012886437 7.29190704382 62.39234013 2818.91797 -0.07900000000000003 -1.0670000000000002
7.02660203349 62.44190089892 0.0189 0.0188 9.1686 "" "" 430552883545441280 2341.82495 0.3991 0.0245 -3.089 -1.117 0.024 0.025 0.982 9584.4 4.1995 15.456958 0.748632 15.744631 14.995999 "" "" 2228.33179 2494.68701 12364.13543 3.7808 6879.6 11.101 7957.2 11.987 "" "" 0.0027752507169377595 0.0032946013 0.004118116 0.0074127177 7.02660203349 62.44190089892 2341.82495 -3.0890000000000004 -1.1169999999999998
7.61516981714 62.71056916647 0.0183 0.0199 20.7221 "" "" 430748351793445632 1992.24792 0.4759 0.0253 -3.481 -1.747 0.023 0.025 0.969 6901.1 4.1434 15.461669 1.219872 15.986612 14.76674 "" "" 1909.86292 2097.8147 12310.60117 3.2016 5505.2 10.535 9827.9 9.3221 "" "" 0.0027697508666978724 0.0034787846 0.0039171847 0.0073959692 7.61516981714 62.71056916647 1992.24792 -3.481 -1.747
7.13401884943 62.21533835377 0.0199 0.0203 11.9046 "" "" 430525533192640896 2227.60742 0.4287 0.0275 -2.114 -1.029 0.025 0.027 0.964 7874.9 4.2064 15.46401 0.951435 15.851984 14.900549 "" "" 2099.32959 2377.56665 12284.08404 3.4962 6231.9 13.172 8688.4 13.253 "" "" 0.0027725942550209876 0.003612674 0.004126324 0.007738998 7.13401884943 62.21533835377 2227.60742 -2.1139999999999994 -1.029
7.1985814194 62.14761004764 0.0213 0.021 15.0418 "" "" 430337173106823296 2431.50684 0.3879 0.0293 2.126 0.913 0.028 0.028 1.033 6709.9 3.9628 15.464529 1.186735 15.972357 14.785622 "" "" 2296.91211 2611.56714 12278.21291 3.1627 5577.9 9.7849 9658.5 10.5 "" "" 0.0027694774170014965 0.0033782618 0.0039594076 0.0073376694 7.1985814194 62.14761004764 2431.50684 2.1259999999999994 0.9129999999999998
