Clusters/FSR_0498/FSR_0498_stars_in_region.tsv
# %ECSV 1.0
# ---
# datatype:
# - name: RA_ICRS_1
#   unit: deg
#   datatype: float64
#   format: '{:15.11f}'
#   description: Right ascension (ICRS) at Ep=2016.0 (ra)
#   meta: !!omap
#   - {ucd: POS_EQ_RA_MAIN}
#   - {width: 15}
#   - {precision: '11'}
# - name: DE_ICRS_1
#   unit: deg
#   datatype: float64
#   format: '{:15.11f}'
#   description: Declination (ICRS) at Ep=2016.0 (dec)
#   meta: !!omap
#   - {ucd: POS_EQ_DEC_MAIN}
#   - {width: 15}
#   - {precision: '11'}
# - name: e_RA_ICRS
#   unit: mas
#   datatype: float64
#   format: '{:7.4f}'
#   description: Standard error of right ascension (ra_error)
#   meta: !!omap
#   - {ucd: ERROR}
#   - {width: 7}
#   - {precision: '4'}
# - name: e_DE_ICRS
#   unit: mas
#   datatype: float64
#   format: '{:7.4f}'
#   description: Standard error of declination (dec_error)
#   meta: !!omap
#   - {ucd: ERROR}
#   - {width: 7}
#   - {precision: '4'}
# - name: _r_1
#   unit: ''
#   datatype: float64
#   format: '{:7.4f}'
#   description: Distance from center (007.33691746000+62.38990180000)[ICRS], at Epoch=J2016.0
#   meta: !!omap
#   - {ucd: POS_ANG_DIST_GENERAL}
#   - {width: 7}
#   - {precision: '4'}
# - name: HIP
#   datatype: int32
#   description: '? HIP cross-id number, van Leeuwen, Cat. I/311 (hip_original_ext_source_id)'
#   meta: !!omap
#   - {ucd: ID_NUMBER}
#   - {width: 6}
#   - values: {'null': -2147483648}
# - name: TYC2
#   datatype: string
#   description: Tycho-2 cross-id name, Hog et al., Cat. I/259 (tyc2_original_ext_source_id)
#   meta: !!omap
#   - {ucd: ID_CROSSID}
#   - {_votable_string_dtype: char}
# - name: Source
#   datatype: int64
#   description: Source identifier, identical to the Gaia-EDR3 source_id (id)
#   meta: !!omap
#   - {ucd: ID_MAIN}
#   - {width: 19}
# - name: rgeo
#   unit: pc
#   datatype: float64
#   format: '{:15.8f}'
#   description: '? Median of the geometric distance posterior (r_med_geo)'
#   meta: !!omap
#   - {ucd: PHYS_DISTANCE_TRUE}
#   - {width: 15}
#   - {precision: '8'}
#   - values: {'null': .nan}
# - name: Plx
#   unit: mas
#   datatype: float64
#   format: '{:9.4f}'
#   description: '? Parallax (parallax)'
#   meta: !!omap
#   - {ucd: POS_PARLX_TRIG}
#   - {width: 9}
#   - {precision: '4'}
#   - values: {'null': .nan}
# - name: e_Plx
#   unit: mas
#   datatype: float32
#   format: '{:7.4f}'
#   description: '? Standard error of parallax (parallax_error)'
#   meta: !!omap
#   - {ucd: ERROR}
#   - {width: 7}
#   - {precision: '4'}
#   - values: {'null': .nan}
# - name: pmRA
#   unit: mas / yr
#   datatype: float64
#   format: '{:9.3f}'
#   description: '? Proper motion in right ascension direction, pmRA*cosDE (pmra)'
#   meta: !!omap
#   - {ucd: POS_EQ_PMRA}
#   - {width: 9}
#   - {precision: '3'}
#   - values: {'null': .nan}
# - name: pmDE
#   unit: mas / yr
#   datatype: float64
#   format: '{:9.3f}'
#   description: '? Proper motion in declination direction (pmdec)'
#   meta: !!omap
#   - {ucd: POS_EQ_PMDEC}
#   - {width: 9}
#   - {precision: '3'}
#   - values: {'null': .nan}
# - name: e_pmRA
#   unit: mas / yr
#   datatype: float32
#   format: '{:6.3f}'
#   description: '? Standard error of proper motion in right ascension direction (pmra_error)'
#   meta: !!omap
#   - {ucd: ERROR}
#   - {width: 6}
#   - {precision: '3'}
#   - values: {'null': .nan}
# - name: e_pmDE
[...]
#         unit: &id001 !astropy.units.Unit {unit: deg}
#         value: !astropy.table.SerializedColumn {name: SkyCoord.dec}
#       distance: !astropy.table.SerializedColumn
#         __class__: astropy.coordinates.distances.Distance
#         unit: !astropy.units.Unit {unit: pc}
#         value: !astropy.table.SerializedColumn {name: SkyCoord.distance}
#       frame: icrs
#       obstime: !astropy.time.Time {format: jyear_str, in_subfmt: '*', jd1: 367701545.0, jd2: 0.0, out_subfmt: '*', precision: 3, scale: tt}
#       pm_dec: !astropy.table.SerializedColumn
#         __class__: astropy.units.quantity.Quantity
#         unit: !astropy.units.Unit {unit: mas / yr}
#         value: !astropy.table.SerializedColumn {name: SkyCoord.pm_dec}
#       pm_ra_cosdec: !astropy.table.SerializedColumn
#         __class__: astropy.units.quantity.Quantity
#         unit: !astropy.units.Unit {unit: mas / yr}
#         value: !astropy.table.SerializedColumn {name: SkyCoord.pm_ra_cosdec}
#       ra: !astropy.table.SerializedColumn
#         __class__: astropy.coordinates.angles.Longitude
#         unit: *id001
#         value: !astropy.table.SerializedColumn {name: SkyCoord.ra}
#         wrap_angle: !astropy.coordinates.Angle
#           unit: *id001
#           value: 360.0
#       representation_type: spherical
# schema: astropy-2.0
RA_ICRS_1 DE_ICRS_1 e_RA_ICRS e_DE_ICRS _r_1 HIP TYC2 Source rgeo Plx e_Plx pmRA pmDE e_pmRA e_pmDE RUWE Teff logg Gmag BP-RP BPmag RPmag RV e_RV b_rgeo B_rgeo FG e_FG FBP e_FBP FRP e_FRP RAVE5 RAVE6 e_Gmag e_BPmag e_RPmag e_BP-RP SkyCoord.ra SkyCoord.dec SkyCoord.distance SkyCoord.pm_ra_cosdec SkyCoord.pm_dec
[from data line 778]
7.2964739695 62.0942898479 0.0324 0.0296 17.7727 "" "" 430336004875754496 1984.91443 0.4931 0.043 -1.913 -1.41 0.042 0.04 1.016 5758.5 4.4957 16.320847 1.247319 16.86338 15.616061 "" "" 1835.65393 2152.18188 5579.66412 2.8414 2455.1 7.831 4495.0 8.6182 "" "" 0.0028102474332349723 0.0044473037 0.0043147495 0.008762053 7.2964739695 62.0942898479 1984.91443 -1.9130000000000003 -1.4100000000000001
8.02660174411 62.46082834768 0.0273 0.0301 19.6224 "" "" 430731824757837952 2926.80396 0.3198 0.0375 -1.72 -0.912 0.032 0.038 1.025 9046.4 4.3635 16.321516 1.031237 16.745672 15.714436 "" "" 2613.21777 3305.00488 5576.22626 2.3307 2736.2 8.2973 4105.7 7.4552 "" "" 0.0027924414648582405 0.004315667 0.004262691 0.008578358 8.02660174411 62.46082834768 2926.80396 -1.7199999999999998 -0.9120000000000001
6.87473949256 62.11639547871 0.2287 0.2304 20.88 "" "" 430518145848923776 2295.59839 0.6756 0.3046 0.294 -1.843 0.299 0.331 7.205 "" "" 16.32366 1.258691 16.745058 15.486367 "" "" 1401.71753 3222.6626 5565.22518 9.7685 2737.7 8.9038 5065.4 9.5247 "" "" 0.003350183818345012 0.004500437 0.0042955433 0.00879598 6.87473949256 62.11639547871 2295.59839 0.29399999999999993 -1.8430000000000004
7.41254258891 62.62885004088 0.028 0.0284 14.4891 "" "" 430374723999874432 2279.28711 0.4214 0.0363 -4.72 -1.324 0.035 0.04 1.007 6205.3 4.2742 16.324495 1.231442 16.849865 15.618423 "" "" 2129.3457 2448.61987 5560.94914 2.0447 2485.8 9.5259 4485.3 5.8737 "" "" 0.0027840906272123085 0.00500962 0.004037982 0.009047601 7.41254258891 62.62885004088 2279.28711 -4.72 -1.3239999999999998
7.43731284936 62.12219402291 0.0311 0.0291 16.3054 "" "" 430336348473129728 2060.99219 0.4628 0.0411 8.458 -2.041 0.039 0.041 0.994 5031.5 4.3382 16.32931 1.323991 16.920036 15.596046 "" "" 1863.82031 2280.19458 5536.34647 2.2115 2330.2 8.6259 4578.7 13.336 "" "" 0.002789244311945122 0.0048927204 0.004927888 0.009820608 7.43731284936 62.12219402291 2060.99219 8.458 -2.041
7.22684528676 62.44067222226 0.0277 0.0301 4.3165 "" "" 430553502020742528 2504.14917 0.3806 0.0373 1.42 -0.74 0.034 0.038 1.008 5211.5 4.2731 16.330553 1.371448 16.903831 15.532384 "" "" 2300.03247 2710.61621 5530.00303 2.2874 2365.3 10.266 4855.2 36.338 "" "" 0.0027916802018736206 0.005476447 0.008961921 0.014438367 7.22684528676 62.44067222226 2504.14917 1.42 -0.74
6.8278239349 62.41065124838 0.0305 0.0335 14.2061 "" "" 430532233341481600 2233.0564 0.4374 0.0419 -3.798 -1.745 0.04 0.047 1.1 5253.5 4.3092 16.331526 1.313811 16.91185 15.598039 "" "" 2055.61572 2416.11646 5525.05313 2.279 2347.9 7.4756 4570.3 7.6937 "" "" 0.00279147965052329 0.0044424566 0.0041981386 0.008640595 6.8278239349 62.41065124838 2233.0564 -3.797999999999999 -1.745
7.09906642607 62.55760531986 0.0393 0.0413 12.0311 "" "" 430555185647844864 2123.51367 0.4612 0.0528 -1.958 -1.541 0.051 0.055 1.429 6033.5 4.436 16.331547 1.171352 16.81391 15.642557 "" "" 1897.08533 2360.48389 5524.94716 3.1036 2569.5 8.2007 4386.7 7.4783 "" "" 0.0028220157722432387 0.0044488837 0.0042082844 0.008657169 7.09906642607 62.55760531986 2123.51367 -1.958 -1.5409999999999995
7.16599170737 62.29115717138 0.0284 0.0309 7.6004 "" "" 430527526057419136 2226.68042 0.4359 0.0395 -2.677 -0.352 0.036 0.042 1.028 5932.0 4.4532 16.333904 1.117472 16.807268 15.689796 "" "" 2055.61646 2416.65527 5512.96191 2.0755 2585.3 6.7788 4199.9 11.421 "" "" 0.002785474692028067 0.003986184 0.004795932 0.008782117 7.16599170737 62.29115717138 2226.68042 -2.6770000000000005 -0.35200000000000004
7.17171976186 62.05325631595 0.0356 0.0337 20.7202 "" "" 430330576037108992 2611.1687 0.3658 0.0463 -0.66 0.464 0.041 0.045 0.937 5939.1 4.4863 16.337185 1.163455 16.821732 15.658277 "" "" 2341.23486 3123.47949 5496.33378 2.2686 2551.1 12.186 4323.6 11.575 "" "" 0.0027915254980798105 0.0058892104 0.0047678733 0.010657083 7.17171976186 62.05325631595 2611.1687 -0.6599999999999999 0.46399999999999997
7.87894600519 62.22031513295 0.0281 0.031 18.2206 "" "" 430347962065814272 2867.81909 0.3362 0.0391 -3.354 -1.834 0.034 0.04 0.993 6596.2 4.3454 16.33906 1.13652 16.818195 15.681675 "" "" 2570.07764 3248.2832 5486.846 2.1446 2559.4 7.6479 4231.4 8.7702 "" "" 0.002787809519703461 0.004279122 0.004398613 0.008677735 7.87894600519 62.22031513295 2867.81909 -3.3539999999999996 -1.8340000000000005
7.7695588681 62.34059094248 0.0301 0.03 12.3986 "" "" 430366447604980992 2500.83228 0.3815 0.0396 -3.449 -0.373 0.036 0.039 1.02 7211.1 4.3538 16.343588 1.307282 16.916292 15.60901 "" "" 2250.54663 2791.00391 5464.01559 2.1554 2338.3 9.9861 4524.3 7.1236 "" "" 0.0027884088070966946 0.0054115728 0.004148031 0.009559603 7.7695588681 62.34059094248 2500.83228 -3.4489999999999994 -0.3730000000000002
6.81353331441 62.40140057942 0.0299 0.0323 14.5673 "" "" 430532198981746304 2938.54541 0.317 0.0411 -2.453 -0.913 0.041 0.046 0.999 7115.1 4.3047 16.3464 1.432469 16.984684 15.552215 "" "" 2651.71899 3378.56348 5449.88269 2.3532 2195.6 6.2531 4767.3 9.6998 "" "" 0.002794918840266326 0.0041649365 0.0043776515 0.008542588 6.81353331441 62.40140057942 2938.54541 -2.4529999999999994 -0.9130000000000001
6.90342418244 62.63185764504 0.0285 0.0294 18.8383 "" "" 430564428417381888 2198.59448 0.4341 0.038 -0.606 -3.558 0.035 0.039 0.966 5213.1 4.3571 16.347292 1.263138 16.905123 15.641985 "" "" 2002.34668 2385.9375 5445.40313 2.0751 2362.5 9.7173 4389.0 8.6363 "" "" 0.0027862115381503518 0.0052657677 0.00434143 0.009607198 6.90342418244 62.63185764504 2198.59448 -0.606 -3.5579999999999994
6.89971616571 62.24400007997 0.0332 0.0307 15.0051 "" "" 430526250445509888 2583.22339 0.3632 0.0418 -3.421 -0.912 0.044 0.046 1.015 7637.6 4.4306 16.347794 1.06492 16.785194 15.720274 "" "" 2369.71216 2846.2041 5442.88891 2.4072 2638.4 11.212 4083.7 8.345 "" "" 0.002796849190125784 0.0053919367 0.0043825014 0.009774438 6.89971616571 62.24400007997 2583.22339 -3.421 -0.9120000000000003
7.47475306988 62.41274521687 0.0294 0.0296 4.0691 "" "" 430365004496872704 2044.40137 0.4741 0.0396 -3.669 -1.483 0.035 0.039 0.988 5735.8 4.4431 16.348345 1.378688 16.96269 15.584003 "" "" 1894.59509 2230.23389 5440.12616 2.0994 2240.5 9.7317 4629.7 7.7829 "" "" 0.002786996159972037 0.005479518 0.004197037 0.009676555 7.47475306988 62.41274521687 2044.40137 -3.668999999999999 -1.4829999999999997
6.94892752301 62.6728684359 0.0285 0.0307 20.0886 "" "" 430564978173160320 2510.67773 0.3929 0.0389 0.613 -0.501 0.034 0.041 1.046 6119.8 4.5351 16.349669 1.147729 16.83702 15.689292 "" "" 2315.17261 2773.4021 5433.50003 2.1083 2515.4 9.1547 4201.9 13.105 "" "" 0.00278734125974154 0.004837288 0.005074469 0.009911757 6.94892752301 62.6728684359 2510.67773 0.6129999999999999 -0.5009999999999999
7.92029303166 62.2532919745 0.0286 0.0304 18.2081 "" "" 430348438797139840 2732.07544 0.3475 0.039 -4.0 0.647 0.036 0.04 1.004 6735.7 4.3072 16.352388 1.280649 16.9152 15.63455 "" "" 2468.81006 3100.1814 5419.89844 2.1878 2340.7 6.7409 4419.1 7.3535 "" "" 0.0027899586273491296 0.0041906754 0.0041890177 0.008379693 7.92029303166 62.2532919745 2732.07544 -4.0 0.647
7.50813200337 62.59045172546 0.0271 0.0302 12.9348 "" "" 430373697509582976 2358.25903 0.3912 0.0371 -3.97 -1.988 0.034 0.042 1.012 6597.1 4.3174 16.353079 1.185766 16.859478 15.673712 "" "" 2159.77368 2620.68701 5416.45429 2.2602 2463.9 9.6444 4262.6 7.6383 "" "" 0.0027923203839237158 0.005083946 0.00425076 0.009334706 7.50813200337 62.59045172546 2358.25903 -3.9699999999999998 -1.9879999999999998
7.27832336751 62.58883329759 0.0268 0.0287 12.0459 "" "" 430373010314807936 2225.15747 0.4206 0.0362 -1.707 -2.444 0.033 0.036 0.964 6305.1 4.1275 16.353552 1.132539 16.835348 15.702809 "" "" 2068.03931 2424.59546 5414.09604 1.9503 2519.3 6.8315 4149.9 8.6531 "" "" 0.0027829403585302127 0.004056241 0.004405564 0.008461805 7.27832336751 62.58883329759 2225.15747 -1.7070000000000003 -2.444
6.96475454453 62.11158293985 0.0339 0.0332 19.6711 "" "" 430519314080036352 2273.12671 0.429 0.0449 -3.525 -1.784 0.043 0.048 0.966 5769.3 4.4865 16.357159 1.271013 16.908455 15.637442 "" "" 2084.24023 2501.21509 5396.14397 2.3695 2355.2 9.1141 4407.4 10.78 "" "" 0.0027962630478538253 0.0050436235 0.004619077 0.009662701 6.96475454453 62.11158293985 2273.12671 -3.525 -1.7839999999999994
7.03091843003 62.37964368855 0.0284 0.0293 8.5326 "" "" 430552265070172672 2842.12622 0.3245 0.0384 -4.138 -1.387 0.036 0.039 0.937 7239.8 4.3756 16.359213 1.047518 16.794565 15.747047 "" "" 2585.48804 3165.33423 5385.94248 1.9922 2615.7 8.5205 3984.2 10.088 "" "" 0.002784434113783339 0.0045048287 0.004673457 0.0091782855 7.03091843003 62.37964368855 2842.12622 -4.138 -1.3869999999999996
7.54809335259 62.16052878085 0.0319 0.0291 14.9716 "" "" 430335180242012288 2700.06982 0.3419 0.0416 -0.725 -0.73 0.04 0.038 1.038 7175.6 4.3436 16.361328 1.354518 16.954954 15.600436 "" "" 2456.63647 3058.67822 5375.46003 2.4848 2256.5 10.58 4560.2 11.388 "" "" 0.002800655854253095 0.005805164 0.0046513677 0.010456532 7.54809335259 62.16052878085 2700.06982 -0.725 -0.73
7.31942297035 62.57749966787 0.0288 0.0297 11.2663 "" "" 430372941595336320 2113.56714 0.4637 0.0385 -1.524 -0.867 0.035 0.039 1.025 5908.0 4.4863 16.3627 1.129432 16.828272 15.69884 "" "" 1966.02612 2287.646 5368.67569 2.223 2535.8 11.812 4165.1 11.663 "" "" 0.002791756066555162 0.00577607 0.0048504476 0.010626517 7.31942297035 62.57749966787 2113.56714 -1.5240000000000002 -0.8670000000000001
7.17406260745 62.13579081642 0.0327 0.0324 15.9104 "" "" 430337104387350528 2846.58276 0.3208 0.0445 -1.448 -0.804 0.042 0.044 1.039 5605.4 4.0421 16.363829 1.838358 17.268492 15.430134 "" "" 2556.81104 3218.43091 5363.0914 2.2935 1690.5 5.8197 5334.6 6.2914 "" "" 0.0027941676751981662 0.0046643103 0.0039904052 0.0086547155 7.17406260745 62.13579081642 2846.58276 -1.4480000000000002 -0.804
7.55601474615 62.55717146649 0.0289 0.0315 11.7318 "" "" 430373216473262080 1995.44812 0.4797 0.0393 -5.725 0.455 0.037 0.044 1.055 7312.1 4.3971 16.368221 1.25081 16.904396 15.653586 "" "" 1841.20764 2157.01978 5341.43921 2.1234 2364.1 9.8635 4342.3 7.9256 "" "" 0.00278892129963224 0.005320256 0.004267416 0.009587672 7.55601474615 62.55717146649 1995.44812 -5.725 0.45500000000000007
7.34906308268 62.63308713114 0.0556 0.0591 14.595 "" "" 430374968819887232 2790.31519 0.3444 0.0753 -2.892 -0.729 0.07 0.079 2.188 7469.7 3.766 16.368279 1.357068 16.923916 15.566848 "" "" 2349.36279 3613.03149 5341.15984 8.4659 2321.9 9.7219 4703.5 9.9997 "" "" 0.0032485953114205564 0.0053339857 0.0044285352 0.009762521 7.34906308268 62.63308713114 2790.31519 -2.8919999999999995 -0.7290000000000001
6.92636551047 62.41683658316 0.0284 0.0291 11.525 "" "" 430552608667540736 2933.60327 0.3169 0.0384 -0.554 1.611 0.038 0.039 0.978 7116.7 4.2952 16.368288 1.237016 16.904402 15.667386 "" "" 2666.13403 3296.09155 5341.11332 2.0148 2364.0 6.3401 4287.5 8.6831 "" "" 0.002785594038379781 0.004032874 0.0043724882 0.008405362 6.92636551047 62.41683658316 2933.60327 -0.5540000000000002 1.611
7.59345709593 62.33813892203 0.0298 0.0299 7.786 "" "" 430361190564994560 2060.86597 0.4643 0.0392 0.525 -0.451 0.035 0.039 0.99 5249.8 3.8399 16.369047 1.495412 17.05773 15.562318 "" "" 1872.5686 2231.24854 5337.37287 2.3479 2052.7 8.6952 4723.1 10.24 "" "" 0.002796409088150688 0.005379341 0.004452505 0.009831846 7.59345709593 62.33813892203 2060.86597 0.5249999999999999 -0.4509999999999999
7.32804586927 62.40322793447 0.0299 0.0288 0.8367 "" "" 430365451172474368 2689.19702 0.3489 0.0395 -3.299 -0.735 0.036 0.037 0.96 7438.9 4.3444 16.369745 1.062745 16.814941 15.752196 "" "" 2463.61719 3035.70312 5333.94317 2.2101 2567.1 8.263 3965.3 7.4961 "" "" 0.0027918046449746485 0.0044719684 0.004300755 0.008772723 7.32804586927 62.40322793447 2689.19702 -3.2990000000000004 -0.7349999999999999
6.790697314 62.57923058801 0.0289 0.0318 18.9284 "" "" 430558896499539072 2370.37134 0.4059 0.0395 0.396 -0.235 0.036 0.042 1.004 5873.7 4.4151 16.37042 1.15851 16.868523 15.710012 "" "" 2143.24561 2631.41479 5330.62659 2.2773 2443.5 9.8459 4122.4 9.3124 "" "" 0.0027940893028061842 0.0051889047 0.004505466 0.009694371 6.790697314 62.57923058801 2370.37134 0.3960000000000001 -0.23500000000000004
7.65053172404 62.11064797559 0.0366 0.0297 18.9076 "" "" 430333908931730432 2827.8667 0.3201 0.0448 -1.946 -0.282 0.045 0.043 1.002 6055.5 4.4055 16.372995 1.110365 16.841799 15.731434 "" "" 2556.31689 3127.09863 5318.00168 2.2634 2504.4 8.832 4041.9 10.879 "" "" 0.0027938015319299144 0.004737711 0.004777414 0.009515125 7.65053172404 62.11064797559 2827.8667 -1.946 -0.2819999999999999
7.20780540448 62.44980462388 0.0277 0.03 5.0776 "" "" 430553502020739072 2178.39941 0.4387 0.0373 -4.839 3.03 0.034 0.039 1.001 6724.9 4.3472 16.37314 1.363028 16.986929 15.623901 "" "" 1991.27295 2331.10815 5317.29364 2.0395 2191.0 8.2843 4462.7 8.8987 "" "" 0.002786613643979699 0.0049636657 0.0043555535 0.00931922 7.20780540448 62.44980462388 2178.39941 -4.839 3.029999999999999
7.39329724275 62.2595634589 0.0303 0.0295 7.9766 "" "" 430362324437320064 2833.54834 0.3411 0.0407 -0.72 -1.29 0.037 0.038 1.068 5996.9 4.0062 16.373602 1.302534 16.94537 15.642836 "" "" 2532.1709 3259.31787 5315.0359 2.1106 2276.5 8.4886 4385.5 9.1346 "" "" 0.00278884850597318 0.004916838 0.0044043236 0.009321162 7.39329724275 62.2595634589 2833.54834 -0.7200000000000001 -1.2900000000000005
7.96196893961 62.51873502918 0.0307 0.031 18.9881 "" "" 430732825495697024 2447.10425 0.3918 0.0404 -1.825 -0.844 0.037 0.04 1.031 8473.7 4.4688 16.376995 1.040496 16.80725 15.766753 "" "" 2232.32178 2673.09497 5298.44933 2.2984 2585.3 7.2298 3912.5 5.8298 "" "" 0.002795283563194095 0.004123585 0.0041110814 0.008234667 7.96196893961 62.51873502918 2447.10425 -1.8250000000000002 -0.8440000000000001
6.80668105742 62.63235425308 0.0337 0.0338 20.6701 "" "" 430559545032867712 2783.1958 0.3421 0.0441 -2.516 -1.413 0.04 0.043 1.122 8540.0 4.2243 16.377316 1.099543 16.839409 15.739866 "" "" 2517.04297 3168.7749 5296.88602 2.3303 2509.9 6.8649 4010.6 8.1685 "" "" 0.0027964164493121655 0.004074769 0.0043787886 0.008453557 6.80668105742 62.63235425308 2783.1958 -2.516 -1.413
7.48660347653 62.32305013897 0.0298 0.0289 5.7838 "" "" 430362771112963072 1988.17236 0.489 0.0389 -3.14 -0.323 0.037 0.039 1.004 6033.9 4.3845 16.37777 1.208791 16.899296 15.690505 "" "" 1824.56921 2171.0459 5294.66712 2.2348 2375.2 7.3596 4197.2 7.6723 "" "" 0.002793170886074511 0.0043706647 0.0042688027 0.008639468 7.48660347653 62.32305013897 1988.17236 -3.14 -0.32300000000000006
7.67042127643 62.19151685994 0.0301 0.0293 15.1081 "" "" 430358059523703424 2909.63867 0.3211 0.0402 0.234 -0.056 0.04 0.042 0.995 7470.6 4.3117 16.381676 1.072176 16.831263 15.759087 "" "" 2634.45142 3173.04028 5275.65335 2.205 2528.8 7.46 3940.2 6.0166 "" "" 0.0027924391487618118 0.004247807 0.004127026 0.008374833 7.67042127643 62.19151685994 2909.63867 0.23399999999999999 -0.055999999999999994
7.09063989955 62.25077572366 0.0298 0.0302 10.8073 "" "" 430525773710781696 2798.81812 0.3342 0.04 -3.295 -0.824 0.036 0.04 0.957 7199.0 4.2948 16.383125 1.059458 16.816744 15.757286 "" "" 2537.8916 3103.19336 5268.61991 2.1337 2562.8 12.192 3946.8 10.421 "" "" 0.0027901844610046826 0.0058706068 0.0047436208 0.0106142275 7.09063989955 62.25077572366 2798.81812 -3.295 -0.8239999999999998
