Clusters/FSR_0498/FSR_0498_members.tsv
# %ECSV 1.0
# ---
# datatype:
# - name: RA_ICRS_1
#   unit: deg
#   datatype: float64
#   format: '{:15.11f}'
#   description: Right ascension (ICRS) at Ep=2016.0 (ra)
#   meta: !!omap
#   - {ucd: POS_EQ_RA_MAIN}
#   - {width: 15}
#   - {precision: '11'}
# - name: DE_ICRS_1
#   unit: deg
#   datatype: float64
#   format: '{:15.11f}'
#   description: Declination (ICRS) at Ep=2016.0 (dec)
#   meta: !!omap
#   - {ucd: POS_EQ_DEC_MAIN}
#   - {width: 15}
#   - {precision: '11'}
# - name: e_RA_ICRS
#   unit: mas
#   datatype: float64
#   format: '{:7.4f}'
#   description: Standard error of right ascension (ra_error)
#   meta: !!omap
#   - {ucd: ERROR}
#   - {width: 7}
#   - {precision: '4'}
# - name: e_DE_ICRS
#   unit: mas
#   datatype: float64
#   format: '{:7.4f}'
#   description: Standard error of declination (dec_error)
#   meta: !!omap
#   - {ucd: ERROR}
#   - {width: 7}
#   - {precision: '4'}
# - name: _r_1
#   unit: ''
#   datatype: float64
#   format: '{:7.4f}'
#   description: Distance from center (007.33691746000+62.38990180000)[ICRS], at Epoch=J2016.0
#   meta: !!omap
#   - {ucd: POS_ANG_DIST_GENERAL}
#   - {width: 7}
#   - {precision: '4'}
# - name: HIP
#   datatype: int32
#   description: '? HIP cross-id number, van Leeuwen, Cat. I/311 (hip_original_ext_source_id)'
#   meta: !!omap
#   - {ucd: ID_NUMBER}
#   - {width: 6}
#   - values: {'null': -2147483648}
# - name: TYC2
#   datatype: string
#   description: Tycho-2 cross-id name, Hog et al., Cat. I/259 (tyc2_original_ext_source_id)
#   meta: !!omap
#   - {ucd: ID_CROSSID}
#   - {_votable_string_dtype: char}
# - name: Source
#   datatype: int64
#   description: Source identifier, identical to the Gaia-EDR3 source_id (id)
#   meta: !!omap
#   - {ucd: ID_MAIN}
#   - {width: 19}
# - name: rgeo
#   unit: pc
#   datatype: float64
#   format: '{:15.8f}'
#   description: '? Median of the geometric distance posterior (r_med_geo)'
#   meta: !!omap
#   - {ucd: PHYS_DISTANCE_TRUE}
#   - {width: 15}
#   - {precision: '8'}
#   - values: {'null': .nan}
# - name: Plx
#   unit: mas
#   datatype: float64
#   format: '{:9.4f}'
#   description: '? Parallax (parallax)'
#   meta: !!omap
#   - {ucd: POS_PARLX_TRIG}
#   - {width: 9}
#   - {precision: '4'}
#   - values: {'null': .nan}
# - name: e_Plx
#   unit: mas
#   datatype: float32
#   format: '{:7.4f}'
#   description: '? Standard error of parallax (parallax_error)'
#   meta: !!omap
#   - {ucd: ERROR}
#   - {width: 7}
#   - {precision: '4'}
#   - values: {'null': .nan}
# - name: pmRA
#   unit: mas / yr
#   datatype: float64
#   format: '{:9.3f}'
#   description: '? Proper motion in right ascension direction, pmRA*cosDE (pmra)'
#   meta: !!omap
#   - {ucd: POS_EQ_PMRA}
#   - {width: 9}
#   - {precision: '3'}
#   - values: {'null': .nan}
# - name: pmDE
#   unit: mas / yr
#   datatype: float64
#   format: '{:9.3f}'
#   description: '? Proper motion in declination direction (pmdec)'
#   meta: !!omap
#   - {ucd: POS_EQ_PMDEC}
#   - {width: 9}
#   - {precision: '3'}
#   - values: {'null': .nan}
# - name: e_pmRA
#   unit: mas / yr
#   datatype: float32
#   format: '{:6.3f}'
#   description: '? Standard error of proper motion in right ascension direction (pmra_error)'
#   meta: !!omap
#   - {ucd: ERROR}
#   - {width: 6}
#   - {precision: '3'}
#   - values: {'null': .nan}
# - name: e_pmDE
[...]
#         unit: &id001 !astropy.units.Unit {unit: deg}
#         value: !astropy.table.SerializedColumn {name: SkyCoord.dec}
#       distance: !astropy.table.SerializedColumn
#         __class__: astropy.coordinates.distances.Distance
#         unit: !astropy.units.Unit {unit: pc}
#         value: !astropy.table.SerializedColumn {name: SkyCoord.distance}
#       frame: icrs
#       obstime: !astropy.time.Time {format: jyear_str, in_subfmt: '*', jd1: 367701545.0, jd2: 0.0, out_subfmt: '*', precision: 3, scale: tt}
#       pm_dec: !astropy.table.SerializedColumn
#         __class__: astropy.units.quantity.Quantity
#         unit: !astropy.units.Unit {unit: mas / yr}
#         value: !astropy.table.SerializedColumn {name: SkyCoord.pm_dec}
#       pm_ra_cosdec: !astropy.table.SerializedColumn
#         __class__: astropy.units.quantity.Quantity
#         unit: !astropy.units.Unit {unit: mas / yr}
#         value: !astropy.table.SerializedColumn {name: SkyCoord.pm_ra_cosdec}
#       ra: !astropy.table.SerializedColumn
#         __class__: astropy.coordinates.angles.Longitude
#         unit: *id001
#         value: !astropy.table.SerializedColumn {name: SkyCoord.ra}
#         wrap_angle: !astropy.coordinates.Angle
#           unit: *id001
#           value: 360.0
#       representation_type: spherical
# schema: astropy-2.0
RA_ICRS_1 DE_ICRS_1 e_RA_ICRS e_DE_ICRS _r_1 HIP TYC2 Source rgeo Plx e_Plx pmRA pmDE e_pmRA e_pmDE RUWE Teff logg Gmag BP-RP BPmag RPmag RV e_RV b_rgeo B_rgeo FG e_FG FBP e_FBP FRP e_FRP RAVE5 RAVE6 e_Gmag e_BPmag e_RPmag e_BP-RP SkyCoord.ra SkyCoord.dec SkyCoord.distance SkyCoord.pm_ra_cosdec SkyCoord.pm_dec Pmemb
7.26926326815 62.41642567995 0.0115 0.0113 2.4635 "" 4019-2400-1 430365657330888832 2761.09473 0.3467 0.0154 -3.359 -0.822 0.014 0.015 0.952 "" "" 10.230752 0.378551 10.359223 9.980672 "" "" 2658.16235 2857.19263 1522810.97238 857.35 981130.0 1321.9 807030.0 1215.9 "" "" 0.0028223122123819245 0.003150388 0.004118203 0.007268591 7.26926326815 62.41642567995 2761.09473 -3.358999999999999 -0.8220000000000003 0.9
7.83980479952 62.37349725585 0.0089 0.0102 14.0222 "" 4019-3754-1 430355280689990272 2602.3728 0.3367 0.0123 -3.279 -0.958 0.011 0.013 0.957 "" "" 11.849403 0.580261 12.060602 11.480341 "" "" 2527.31543 2678.95557 342914.20268 49.959 204730.0 94.429 202780.0 49.959 "" "" 0.00275985695814189 0.002834754 0.0037888363 0.0066235904 7.83980479952 62.37349725585 2602.3728 -3.279000000000001 -0.9580000000000004 0.8
7.61942685471 62.43828214742 0.0075 0.0079 8.369 "" "" 430368165591804928 2551.37109 0.3714 0.0101 -3.315 -0.875 0.009 0.011 0.931 14276.7 3.8856 12.247193 0.464763 12.411236 11.946473 "" "" 2486.29224 2612.85547 237722.11252 46.421 148230.0 79.767 132000.0 57.844 "" "" 0.0027634652719685975 0.002850687 0.003809212 0.006659899 7.61942685471 62.43828214742 2551.37109 -3.315 -0.875 0.8
6.72048259881 62.51965573661 0.0077 0.0091 18.7925 "" 4019-2369-1 430557075433448832 2564.104 0.3671 0.0108 -3.185 -0.862 0.01 0.012 0.949 13084.2 3.6087 12.450566 0.546766 12.648878 12.102112 "" "" 2508.58301 2635.00122 197115.29023 31.843 119090.0 56.813 114370.0 33.657 "" "" 0.0027608971221199674 0.0028378393 0.0037928638 0.006630703 6.72048259881 62.51965573661 2564.104 -3.185000000000001 -0.8620000000000001 0.8
7.61135753526 62.17072683617 0.0085 0.0085 15.2184 "" "" 430334527406982016 2626.92407 0.3504 0.0116 -3.189 -0.762 0.011 0.011 0.979 "" "" 13.241001 0.568621 13.448574 12.879953 "" "" 2557.06299 2707.63599 95180.15314 21.248 57015.0 31.682 55870.0 20.68 "" "" 0.0027659604558497373 0.002854653 0.0038006885 0.0066553415 7.61135753526 62.17072683617 2626.92407 -3.188999999999999 -0.7620000000000002 0.8
7.25805300437 62.38527861013 0.0085 0.0093 2.2106 "" "" 430364111142686208 2533.1731 0.3641 0.0116 -3.301 -0.778 0.01 0.012 1.0 14053.8 3.9826 13.330803 0.48118 13.503699 13.022519 "" "" 2470.94751 2607.70386 87624.49282 29.7 54192.0 64.736 48995.0 46.866 "" "" 0.002779787408177132 0.0030768847 0.0039194804 0.0069963653 7.25805300437 62.38527861013 2533.1731 -3.301 -0.7779999999999998 0.9
7.66823327678 62.20455570887 0.009 0.0088 14.4594 "" "" 430358098188628480 2598.59644 0.355 0.0118 -3.233 -0.762 0.011 0.012 0.926 14818.5 3.9492 13.345495 0.507961 13.525565 13.017604 "" "" 2521.60986 2674.11133 86446.72572 83.562 53112.0 150.69 49217.0 160.72 "" "" 0.002948431850362368 0.004156237 0.005182122 0.009338358 7.66823327678 62.20455570887 2598.59644 -3.233 -0.762 0.8
7.37256971845 62.27286238637 0.0091 0.0095 7.0923 "" "" 430362393155866880 2569.2644 0.3611 0.0124 -3.295 -0.757 0.011 0.012 1.026 13287.9 3.9859 13.622237 0.494049 13.799982 13.305933 "" "" 2482.45483 2650.66675 66996.45762 35.055 41250.0 63.826 37739.0 45.975 "" "" 0.0028132762979512092 0.003256885 0.0040041497 0.007261035 7.37256971845 62.27286238637 2569.2644 -3.294999999999999 -0.7570000000000001 0.9
7.1466081648 62.40607760772 0.0096 0.01 5.3788 "" "" 430552024552000000 2676.54712 0.3433 0.0128 -3.255 -0.807 0.012 0.013 0.909 10445.0 3.8751 13.697664 0.576345 13.913296 13.336951 "" "" 2597.12036 2827.01489 62500.14654 17.47 37162.0 20.634 36676.0 22.125 "" "" 0.002771983421747474 0.0028545533 0.0038357165 0.00669027 7.1466081648 62.40607760772 2676.54712 -3.255 -0.8069999999999998 0.9
7.16465858261 62.449022273 0.0095 0.0099 5.9567 "" "" 430553467660997888 2497.10132 0.3703 0.0126 -3.302 -0.777 0.011 0.013 0.939 11740.6 3.9652 13.70886 0.518205 13.898988 13.380783 "" "" 2421.27905 2588.63062 61858.97064 15.123 37655.0 22.032 35225.0 15.282 "" "" 0.0027680761535547236 0.002861575 0.003808622 0.006670197 7.16465858261 62.449022273 2497.10132 -3.302 -0.7770000000000001 0.9
7.25264418365 62.20651501132 0.0119 0.0118 11.2515 "" "" 430339028532672768 2686.17261 0.3466 0.0166 -3.316 -0.801 0.015 0.016 1.012 10494.6 3.8719 14.188309 0.48474 14.362619 13.877879 "" "" 2543.86816 2796.0979 39776.21418 11.389 24568.0 18.525 22285.0 16.95 "" "" 0.002772802365347228 0.0029077965 0.003868552 0.0067763487 7.25264418365 62.20651501132 2686.17261 -3.3160000000000003 -0.8010000000000002 1.0
7.35357362976 62.36869609865 0.0123 0.0126 1.3541 "" "" 430363870624542464 2608.38501 0.3588 0.0168 -3.288 -0.803 0.015 0.016 0.995 10126.6 3.8253 14.419655 0.523236 14.611701 14.088465 "" "" 2494.24829 2746.48779 32142.86936 10.004 19532.0 12.959 18356.0 11.599 "" "" 0.0027759645215992734 0.0028816601 0.0038411475 0.006722808 7.35357362976 62.36869609865 2608.38501 -3.287999999999999 -0.8030000000000002 1.0
7.01372304411 62.49322983075 0.0122 0.0131 10.9053 "" "" 430554738971282432 2645.65112 0.35 0.0167 -3.344 -0.805 0.015 0.017 1.033 9989.8 4.0275 14.54325 0.535328 14.739251 14.203923 "" "" 2518.14404 2771.87061 28684.4619 8.3959 17367.0 14.786 16504.0 11.592 "" "" 0.002773586493864087 0.0029393071 0.0038555514 0.0067948587 7.01372304411 62.49322983075 2645.65112 -3.344 -0.805 0.9
7.32053700233 62.38901576105 0.0134 0.0139 0.4586 "" "" 430365416812747776 2635.40918 0.3543 0.0186 -3.296 -0.714 0.017 0.018 0.973 10095.2 3.8389 14.58083 0.657719 14.828542 14.170823 "" "" 2510.96729 2764.05908 27708.60822 7.4329 15996.0 13.898 17015.0 10.362 "" "" 0.0027706708088864143 0.0029453228 0.003836785 0.006782108 7.32053700233 62.38901576105 2635.40918 -3.2960000000000003 -0.7139999999999997 0.9
7.37224727125 62.38618979669 0.0137 0.0139 1.0074 "" "" 430364626538772480 2898.48242 0.3178 0.0186 -3.328 -0.762 0.016 0.018 1.024 9818.7 4.0675 14.658777 0.83173 14.985029 14.153299 "" "" 2745.60107 3136.1084 25789.08562 7.1191 13849.0 12.992 17292.0 14.233 "" "" 0.0027715736591810867 0.0029702676 0.0038836023 0.00685387 7.37224727125 62.38618979669 2898.48242 -3.328 -0.7619999999999999 0.8
7.22538888612 62.41652430337 0.0149 0.0152 3.4873 "" "" 430365691691041408 2570.02759 0.3649 0.0198 -3.279 -0.723 0.018 0.02 1.008 10377.6 3.8806 14.704376 0.691506 14.965469 14.273963 "" "" 2452.1355 2747.72192 24728.41329 5.777 14100.0 16.542 15473.0 14.796 "" "" 0.002766970619749833 0.0030671738 0.003919394 0.0069865678 7.22538888612 62.41652430337 2570.02759 -3.278999999999999 -0.7230000000000001 1.0
7.3069209467 62.47015076773 0.013 0.0147 4.8865 "" "" 430366310165883008 2530.57764 0.3666 0.0178 -3.319 -0.743 0.016 0.019 0.919 9910.3 3.8659 14.707128 0.65316 14.954984 14.301824 "" "" 2426.85278 2633.55884 24665.82227 6.6691 14237.0 14.434 15081.0 12.764 "" "" 0.0027709143796541946 0.0029994533 0.0038894927 0.006888946 7.3069209467 62.47015076773 2530.57764 -3.319 -0.7429999999999999 0.8
7.36045455025 62.38986877976 0.0157 0.0157 0.6545 "" "" 430365382453013248 2371.62402 0.3934 0.0208 -3.282 -0.705 0.019 0.02 0.939 9950.4 4.0549 14.948861 0.667623 15.198907 14.531284 "" "" 2251.87817 2494.62964 19742.50464 5.9556 11372.0 12.163 12208.0 13.713 "" "" 0.002774718644888143 0.0030221788 0.0039712866 0.006993465 7.36045455025 62.38986877976 2371.62402 -3.282000000000001 -0.7049999999999998 0.8
7.42310385424 62.39982468668 0.015 0.015 2.4691 "" "" 430365073215365760 2663.26074 0.343 0.0199 -3.275 -0.766 0.018 0.02 0.991 9779.7 3.9027 14.958323 0.711879 15.228594 14.516715 "" "" 2538.54956 2789.38159 19571.20448 5.2601 11066.0 11.862 12373.0 10.608 "" "" 0.002770729633230014 0.0030231706 0.0038923284 0.006915499 7.42310385424 62.39982468668 2663.26074 -3.275 -0.7660000000000003 0.9
7.15896115074 62.38616322173 0.015 0.0162 4.9538 "" "" 430551784033838080 2527.89429 0.3692 0.0205 -3.285 -0.727 0.02 0.022 1.022 9849.7 4.2154 14.990452 0.603052 15.21719 14.614138 "" "" 2382.61938 2697.57715 19000.53566 5.8767 11183.0 18.389 11311.0 10.498 "" "" 0.002775708360574937 0.0033124813 0.0039114165 0.0072238976 7.15896115074 62.38616322173 2527.89429 -3.285 -0.7270000000000002 0.9
7.31146133706 62.47139658145 0.0154 0.0167 4.9405 "" "" 430366305860678400 2558.14331 0.3649 0.0206 -3.278 -0.718 0.019 0.022 1.018 "" "" 15.065096 0.702015 15.331892 14.629877 "" "" 2421.70386 2683.3252 17738.15721 4.8774 10061.0 13.24 11148.0 10.33 "" "" 0.002771446591261186 0.0031347272 0.0039109974 0.0070457244 7.31146133706 62.47139658145 2558.14331 -3.278 -0.718 0.9
7.41430721463 62.41322477567 0.0164 0.0167 2.5663 "" "" 430365073215352576 2469.92334 0.3746 0.0217 -3.293 -0.734 0.02 0.021 1.037 "" "" 15.190248 0.815679 15.50703 14.691351 "" "" 2340.65527 2633.75366 15806.93549 3.9406 8562.6 12.678 10535.0 11.887 "" "" 0.002768582898544202 0.0032201435 0.003972975 0.0071931183 7.41430721463 62.41322477567 2469.92334 -3.293 -0.734 0.8
7.27740978022 62.37974213812 0.0173 0.0192 1.7637 "" "" 430364111142693760 2709.23022 0.3433 0.0238 -3.244 -0.789 0.021 0.025 0.988 8099.4 3.589 15.265354 0.821309 15.586862 14.765553 "" "" 2562.73315 2877.14819 14750.44839 4.0153 7955.6 11.882 9838.7 11.769 "" "" 0.002771126424144386 0.003227166 0.003996309 0.007223475 7.27740978022 62.37974213812 2709.23022 -3.244 -0.7890000000000003 0.9
7.50495379195 62.38554390693 0.0174 0.0181 4.6803 "" "" 430364832697217408 2273.38477 0.4147 0.023 -3.371 -0.688 0.021 0.024 0.97 9852.2 4.0733 15.282562 0.868738 15.624113 14.755375 "" "" 2156.34985 2377.98975 14518.49729 4.0149 7687.3 9.2109 9931.4 15.264 "" "" 0.0027716307706288556 0.0030785478 0.004131384 0.007209932 7.50495379195 62.38554390693 2273.38477 -3.371 -0.688 0.8
7.29065122603 62.45579955903 0.0169 0.019 4.1575 "" "" 430366172726938624 2493.25977 0.3666 0.0231 -3.321 -0.762 0.021 0.024 0.995 9435.1 4.2325 15.342745 0.715308 15.614237 14.898929 "" "" 2362.62183 2662.6106 13735.63508 4.4177 7757.5 10.377 8701.4 9.1176 "" "" 0.0027773600144165495 0.0031455362 0.0039468994 0.007092436 7.29065122603 62.45579955903 2493.25977 -3.321 -0.762 0.8
7.3135581022 62.37835183172 0.0224 0.0233 0.9499 "" "" 430363939344006016 2336.19604 0.4034 0.0311 -3.34 -0.684 0.026 0.028 0.954 7993.1 4.4227 15.750691 0.873784 16.10001 15.226226 "" "" 2185.1001 2510.03027 9433.44069 3.0018 4959.2 9.1438 6436.8 9.9332 "" "" 0.002776896288925154 0.0034340352 0.0041341283 0.007568164 7.3135581022 62.37835183172 2336.19604 -3.339999999999999 -0.6839999999999997 0.8
