Clusters/FSR_0498/FSR_0498_stars_in_region.tsv
# %ECSV 1.0
# ---
# datatype:
# - name: RA_ICRS_1
#   unit: deg
#   datatype: float64
#   format: '{:15.11f}'
#   description: Right ascension (ICRS) at Ep=2016.0 (ra)
#   meta: !!omap
#   - {ucd: POS_EQ_RA_MAIN}
#   - {width: 15}
#   - {precision: '11'}
# - name: DE_ICRS_1
#   unit: deg
#   datatype: float64
#   format: '{:15.11f}'
#   description: Declination (ICRS) at Ep=2016.0 (dec)
#   meta: !!omap
#   - {ucd: POS_EQ_DEC_MAIN}
#   - {width: 15}
#   - {precision: '11'}
# - name: e_RA_ICRS
#   unit: mas
#   datatype: float64
#   format: '{:7.4f}'
#   description: Standard error of right ascension (ra_error)
#   meta: !!omap
#   - {ucd: ERROR}
#   - {width: 7}
#   - {precision: '4'}
# - name: e_DE_ICRS
#   unit: mas
#   datatype: float64
#   format: '{:7.4f}'
#   description: Standard error of declination (dec_error)
#   meta: !!omap
#   - {ucd: ERROR}
#   - {width: 7}
#   - {precision: '4'}
# - name: _r_1
#   unit: ''
#   datatype: float64
#   format: '{:7.4f}'
#   description: Distance from center (007.33691746000+62.38990180000)[ICRS], at Epoch=J2016.0
#   meta: !!omap
#   - {ucd: POS_ANG_DIST_GENERAL}
#   - {width: 7}
#   - {precision: '4'}
# - name: HIP
#   datatype: int32
#   description: '? HIP cross-id number, van Leeuwen, Cat. I/311 (hip_original_ext_source_id)'
#   meta: !!omap
#   - {ucd: ID_NUMBER}
#   - {width: 6}
#   - values: {'null': -2147483648}
# - name: TYC2
#   datatype: string
#   description: Tycho-2 cross-id name, Hog et al., Cat. I/259 (tyc2_original_ext_source_id)
#   meta: !!omap
#   - {ucd: ID_CROSSID}
#   - {_votable_string_dtype: char}
# - name: Source
#   datatype: int64
#   description: Source identifier, identical to the Gaia-EDR3 source_id (id)
#   meta: !!omap
#   - {ucd: ID_MAIN}
#   - {width: 19}
# - name: rgeo
#   unit: pc
#   datatype: float64
#   format: '{:15.8f}'
#   description: '? Median of the geometric distance posterior (r_med_geo)'
#   meta: !!omap
#   - {ucd: PHYS_DISTANCE_TRUE}
#   - {width: 15}
#   - {precision: '8'}
#   - values: {'null': .nan}
# - name: Plx
#   unit: mas
#   datatype: float64
#   format: '{:9.4f}'
#   description: '? Parallax (parallax)'
#   meta: !!omap
#   - {ucd: POS_PARLX_TRIG}
#   - {width: 9}
#   - {precision: '4'}
#   - values: {'null': .nan}
# - name: e_Plx
#   unit: mas
#   datatype: float32
#   format: '{:7.4f}'
#   description: '? Standard error of parallax (parallax_error)'
#   meta: !!omap
#   - {ucd: ERROR}
#   - {width: 7}
#   - {precision: '4'}
#   - values: {'null': .nan}
# - name: pmRA
#   unit: mas / yr
#   datatype: float64
#   format: '{:9.3f}'
#   description: '? Proper motion in right ascension direction, pmRA*cosDE (pmra)'
#   meta: !!omap
#   - {ucd: POS_EQ_PMRA}
#   - {width: 9}
#   - {precision: '3'}
#   - values: {'null': .nan}
# - name: pmDE
#   unit: mas / yr
#   datatype: float64
#   format: '{:9.3f}'
#   description: '? Proper motion in declination direction (pmdec)'
#   meta: !!omap
#   - {ucd: POS_EQ_PMDEC}
#   - {width: 9}
#   - {precision: '3'}
#   - values: {'null': .nan}
# - name: e_pmRA
#   unit: mas / yr
#   datatype: float32
#   format: '{:6.3f}'
#   description: '? Standard error of proper motion in right ascension direction (pmra_error)'
#   meta: !!omap
#   - {ucd: ERROR}
#   - {width: 6}
#   - {precision: '3'}
#   - values: {'null': .nan}
# - name: e_pmDE
[...]
#         unit: &id001 !astropy.units.Unit {unit: deg}
#         value: !astropy.table.SerializedColumn {name: SkyCoord.dec}
#       distance: !astropy.table.SerializedColumn
#         __class__: astropy.coordinates.distances.Distance
#         unit: !astropy.units.Unit {unit: pc}
#         value: !astropy.table.SerializedColumn {name: SkyCoord.distance}
#       frame: icrs
#       obstime: !astropy.time.Time {format: jyear_str, in_subfmt: '*', jd1: 367701545.0, jd2: 0.0, out_subfmt: '*', precision: 3, scale: tt}
#       pm_dec: !astropy.table.SerializedColumn
#         __class__: astropy.units.quantity.Quantity
#         unit: !astropy.units.Unit {unit: mas / yr}
#         value: !astropy.table.SerializedColumn {name: SkyCoord.pm_dec}
#       pm_ra_cosdec: !astropy.table.SerializedColumn
#         __class__: astropy.units.quantity.Quantity
#         unit: !astropy.units.Unit {unit: mas / yr}
#         value: !astropy.table.SerializedColumn {name: SkyCoord.pm_ra_cosdec}
#       ra: !astropy.table.SerializedColumn
#         __class__: astropy.coordinates.angles.Longitude
#         unit: *id001
#         value: !astropy.table.SerializedColumn {name: SkyCoord.ra}
#         wrap_angle: !astropy.coordinates.Angle
#           unit: *id001
#           value: 360.0
#       representation_type: spherical
# schema: astropy-2.0
RA_ICRS_1 DE_ICRS_1 e_RA_ICRS e_DE_ICRS _r_1 HIP TYC2 Source rgeo Plx e_Plx pmRA pmDE e_pmRA e_pmDE RUWE Teff logg Gmag BP-RP BPmag RPmag RV e_RV b_rgeo B_rgeo FG e_FG FBP e_FBP FRP e_FRP RAVE5 RAVE6 e_Gmag e_BPmag e_RPmag e_BP-RP SkyCoord.ra SkyCoord.dec SkyCoord.distance SkyCoord.pm_ra_cosdec SkyCoord.pm_dec
[from data line 859]
7.44860528897 62.44599739053 0.0289 0.0303 4.5777 "" "" 430371120529283072 2305.82666 0.4156 0.0381 -5.012 1.323 0.037 0.04 1.029 6527.2 4.379 16.446205 1.22655 16.97596 15.74941 "" "" 2145.69946 2453.91724 4971.24135 2.0372 2213.3 7.933 3975.5 9.0567 "" "" 0.002791012969805971 0.004788437 0.00451682 0.009305257 7.44860528897 62.44599739053 2305.82666 -5.011999999999999 1.323
6.96132796101 62.12233667528 0.034 0.0338 19.1776 "" "" 430519485878722816 2362.45264 0.4064 0.0462 -0.421 -0.792 0.044 0.049 0.983 5802.8 4.502 16.446478 1.305626 17.021782 15.716156 "" "" 2150.90601 2661.38184 4969.99209 2.2068 2121.8 10.637 4099.2 9.3458 "" "" 0.0027971778397626076 0.006116485 0.004517879 0.010634365 6.96132796101 62.12233667528 2362.45264 -0.42100000000000004 -0.792
7.16949717847 62.37812077026 0.0311 0.0327 4.7097 "" "" 430551406076718592 2567.60132 0.3766 0.0434 -1.569 -1.684 0.04 0.044 0.931 7172.1 4.3567 16.44831 1.150866 16.936602 15.785736 "" "" 2323.11182 2865.43579 4961.60835 2.0157 2295.0 11.067 3844.7 8.9757 "" "" 0.0027904032454414865 0.0059327227 0.0045506633 0.010483386 7.16949717847 62.37812077026 2567.60132 -1.569 -1.6839999999999997
7.57223446916 62.20041828629 0.032 0.032 13.1279 "" "" 430358819743131264 2705.4624 0.3474 0.0428 -3.185 -2.067 0.042 0.042 1.011 7055.2 4.3707 16.451355 1.127884 16.930428 15.802544 "" "" 2454.14233 3069.42969 4947.71384 2.1322 2308.1 9.8604 3785.7 11.673 "" "" 0.002794765537637115 0.005412893 0.0050489157 0.010461809 7.57223446916 62.20041828629 2705.4624 -3.1850000000000005 -2.067
7.68766348835 62.65254797499 0.0305 0.033 18.5103 "" "" 430746530726929024 1991.65234 0.4866 0.0408 -4.64 1.116 0.038 0.042 1.048 5945.0 4.3459 16.45429 1.384475 17.071634 15.68716 "" "" 1841.49048 2157.17822 4934.35394 2.0347 2026.6 7.2362 4210.1 7.8983 "" "" 0.00279145685990344 0.004776418 0.0042933216 0.00906974 7.68766348835 62.65254797499 1991.65234 -4.64 1.1160000000000003
7.44696709035 62.40102995796 0.03 0.0299 3.1316 "" "" 430364867056936960 2304.69531 0.4253 0.0394 -1.288 -1.554 0.036 0.04 0.983 6596.6 4.3236 16.455322 1.223185 16.982195 15.75901 "" "" 2102.67456 2557.68335 4929.66773 2.0468 2200.6 9.2978 3940.5 12.63 "" "" 0.0027919542041896102 0.005369262 0.005137506 0.010506768 7.44696709035 62.40102995796 2304.69531 -1.288 -1.554
6.88700993217 62.57402419529 0.0303 0.0326 16.6612 "" "" 430558003146529920 2444.88818 0.3976 0.0415 -2.648 -0.813 0.038 0.044 1.07 6491.2 4.3886 16.45634 1.100631 16.915518 15.814887 "" "" 2242.65161 2727.11255 4925.04753 2.0146 2340.0 9.7992 3742.9 9.7332 "" "" 0.0027908841129617966 0.0053345845 0.004717551 0.010052135 6.88700993217 62.57402419529 2444.88818 -2.6480000000000006 -0.8130000000000001
7.40831798409 62.07058254504 0.0375 0.0324 19.2628 "" "" 430335798717348736 2744.71069 0.3668 0.0494 0.542 -1.131 0.048 0.043 0.957 5804.1 4.518 16.457159 1.117919 16.923386 15.805467 "" "" 2424.62109 3357.51538 4921.33796 2.2562 2323.1 12.178 3775.5 15.012 "" "" 0.0027999201679393252 0.0063386955 0.005737662 0.012076357 7.40831798409 62.07058254504 2744.71069 0.5420000000000001 -1.131
7.83401910817 62.49736732827 0.0306 0.0329 15.2304 "" "" 430369333823138432 2515.42017 0.3721 0.0411 2.932 1.372 0.038 0.043 1.027 7479.4 4.2299 16.457403 1.391885 17.077053 15.685168 "" "" 2263.92285 2854.33325 4920.22687 2.216 2016.5 8.3909 4217.8 8.8856 "" "" 0.0027983764005844337 0.0053100167 0.004417637 0.009727653 7.83401910817 62.49736732827 2515.42017 2.9320000000000004 1.372
6.65157442828 62.50253609598 0.032 0.0391 20.1863 "" "" 430533539011509120 2507.52173 0.3843 0.0447 -2.242 3.276 0.04 0.053 1.013 5076.2 4.3501 16.457916 1.278606 17.021357 15.742751 "" "" 2280.35254 2781.68311 4917.90281 2.2205 2122.6 8.5678 4000.0 10.294 "" "" 0.0027985906490180057 0.0051953504 0.004700102 0.009895452 6.65157442828 62.50253609598 2507.52173 -2.242 3.276
7.89604449251 62.46665513556 0.0329 0.0356 16.1963 "" "" 430357410993929088 2088.50952 0.4676 0.0463 0.344 -1.608 0.041 0.048 1.192 7290.7 4.1772 16.458063 1.449956 16.981878 15.531922 "" "" 1914.09387 2283.11621 4917.24132 2.5756 2201.2 23.327 4857.2 100.08 "" "" 0.0028133976001504307 0.011839454 0.022688013 0.034527466 7.89604449251 62.46665513556 2088.50952 0.344 -1.6079999999999999
7.07766441225 62.50970420843 0.0289 0.0334 10.1702 "" "" 430554635892061568 2929.72266 0.3198 0.0401 -3.697 0.134 0.036 0.041 0.988 7294.3 4.3301 16.459702 1.287602 17.019224 15.731622 "" "" 2620.04541 3258.44849 4909.82459 2.1457 2126.8 10.286 4041.2 9.0416 "" "" 0.0027958773972027195 0.005946286 0.004492731 0.010439017 7.07766441225 62.50970420843 2929.72266 -3.6969999999999996 0.13399999999999992
8.03950541831 62.3513402645 0.0312 0.0344 19.6859 "" "" 430355521208352640 2569.96875 0.3766 0.0427 -3.197 -0.955 0.04 0.049 1.02 7194.4 4.3561 16.46015 1.185791 16.964392 15.778601 "" "" 2312.80688 2876.28174 4907.79902 2.2288 2237.0 9.7253 3870.1 8.0626 "" "" 0.0027990904744375684 0.005483195 0.0044045444 0.00988774 8.03950541831 62.3513402645 2569.96875 -3.1969999999999996 -0.9550000000000001
6.68562226247 62.3016168436 0.0344 0.0408 18.8949 "" "" 430530339254510336 2288.87134 0.428 0.046 -5.891 -0.976 0.048 0.06 1.023 6623.9 4.3556 16.465586 1.344281 17.05576 15.711478 "" "" 2063.70068 2625.79761 4883.28815 2.5031 2056.4 7.841 4116.9 7.5707 "" "" 0.0028109637557381245 0.004992363 0.0042743557 0.009266719 6.68562226247 62.3016168436 2288.87134 -5.891 -0.9760000000000002
7.11595934828 62.24328445945 0.0353 0.0363 10.7389 "" "" 430525567552360064 2460.8645 0.3885 0.048 -1.959 -1.742 0.044 0.047 1.082 5270.9 4.3346 16.469234 1.32778 17.023912 15.696133 "" "" 2197.08398 2802.02002 4866.90763 2.6149 2117.6 14.526 4175.5 15.306 "" "" 0.0028163952254562892 0.007953261 0.005488508 0.013441769 7.11595934828 62.24328445945 2460.8645 -1.9590000000000005 -1.7419999999999998
7.37798780433 62.24026303928 0.0317 0.0312 9.051 "" "" 430338822374238208 2490.79468 0.3847 0.0422 -4.424 0.711 0.041 0.042 0.998 7463.7 4.3552 16.469362 1.185697 16.976332 15.790635 "" "" 2287.67749 2764.05908 4866.33086 1.9794 2212.5 8.2262 3827.4 8.9887 "" "" 0.0027904881985394998 0.004907243 0.0045591164 0.009466359 7.37798780433 62.24026303928 2490.79468 -4.4239999999999995 0.7109999999999999
6.93224367056 62.35384056305 0.0333 0.0325 11.4656 "" "" 430528591209249408 2056.68091 0.4762 0.0447 -1.169 -2.256 0.045 0.047 1.01 5374.5 4.5295 16.46951 1.280276 17.026728 15.746451 "" "" 1884.66418 2259.88843 4865.67771 2.0558 2112.2 8.7764 3986.4 7.3355 "" "" 0.002793246704288328 0.0053044553 0.0042749643 0.00957942 6.93224367056 62.35384056305 2056.68091 -1.169 -2.2560000000000002
7.72642887474 62.28190246622 0.0304 0.031 12.6383 "" "" 430360091053417344 2900.24268 0.3425 0.0408 -2.7 0.518 0.038 0.043 0.982 7303.4 4.4268 16.469673 1.201221 16.993961 15.79274 "" "" 2554.32666 3286.31274 4864.94186 2.0584 2176.9 6.3605 3820.0 9.5607 "" "" 0.002793353467341878 0.0042247684 0.004654878 0.008879647 7.72642887474 62.28190246622 2900.24268 -2.7 0.518
7.30655527378 62.42934419658 0.031 0.0327 2.5125 "" "" 430365588611405696 2651.39966 0.3468 0.0431 -1.984 -0.493 0.04 0.041 1.016 7097.3 4.3655 16.470928 1.231288 17.006363 15.775075 "" "" 2419.36743 2952.96069 4859.31729 2.1538 2152.1 8.704 3882.6 10.997 "" "" 0.00279702941621894 0.0052026403 0.0048724418 0.010075082 7.30655527378 62.42934419658 2651.39966 -1.9840000000000002 -0.4930000000000001
6.68595352055 62.38384136606 0.0309 0.0333 18.1068 "" "" 430531271268811392 2684.19775 0.3479 0.0414 -3.934 -0.96 0.041 0.051 0.952 6070.6 4.4454 16.472517 1.112612 16.94871 15.836098 "" "" 2407.86865 3042.04834 4852.21607 2.0762 2269.5 8.0552 3670.4 7.7984 "" "" 0.0027942113164792426 0.004757682 0.004427777 0.009185459 6.68595352055 62.38384136606 2684.19775 -3.9339999999999997 -0.9600000000000002
7.55266592982 62.30907290805 0.0302 0.0311 7.7207 "" "" 430361224924752384 2511.10425 0.3723 0.0402 -3.259 -0.693 0.036 0.04 0.991 7654.8 4.3723 16.47268 1.140928 16.958584 15.817656 "" "" 2299.89844 2761.96753 4851.48998 2.0386 2249.0 9.1625 3733.3 5.9094 "" "" 0.00279283595601198 0.005229804 0.0041517843 0.009381589 7.55266592982 62.30907290805 2511.10425 -3.2590000000000003 -0.6929999999999998
7.09203555989 62.45887294414 0.0296 0.0316 7.9616 "" "" 430552230710408064 2291.17871 0.4134 0.0396 -1.215 -0.901 0.037 0.042 0.972 6752.9 4.3735 16.475704 1.144089 16.961494 15.817406 "" "" 2084.85132 2578.51025 4837.98985 2.0417 2242.9 8.3776 3734.2 8.0395 "" "" 0.0027931582338968624 0.0049225343 0.004443843 0.009366377 7.09203555989 62.45887294414 2291.17871 -1.215 -0.9009999999999999
7.32730792243 62.16519232753 0.0341 0.0308 13.4852 "" "" 430336726430223872 2520.36597 0.3711 0.0451 -3.429 0.742 0.043 0.042 0.983 7463.7 4.3193 16.476065 1.095252 16.927443 15.83219 "" "" 2291.08862 2823.16504 4836.38443 2.1101 2314.4 8.4343 3683.7 10.362 "" "" 0.0027957439667940587 0.0048415554 0.004859143 0.009700699 7.32730792243 62.16519232753 2520.36597 -3.429 0.742
7.21490117948 62.38108106479 0.0316 0.0325 3.4344 "" "" 430551749674102912 2530.08887 0.3755 0.0437 -0.822 -0.399 0.039 0.042 1.035 5895.4 4.4441 16.476454 1.250215 17.025826 15.77561 "" "" 2294.54688 2787.2439 4834.65382 2.0181 2113.9 7.2188 3880.7 8.4738 "" "" 0.0027923450221604192 0.0046402705 0.0044614295 0.0091017 7.21490117948 62.38108106479 2530.08887 -0.8219999999999998 -0.399
7.71880152413 62.36659600035 0.0301 0.0315 10.7149 "" "" 430366756842599552 2913.57031 0.3271 0.0405 -2.796 -0.255 0.037 0.043 1.03 9361.9 3.9723 16.476698 1.132176 16.940275 15.808099 "" "" 2686.39502 3253.44507 4833.56911 1.9726 2287.2 7.4954 3766.3 9.7125 "" "" 0.002790720565174067 0.004521608 0.004703519 0.009225126 7.71880152413 62.36659600035 2913.57031 -2.7960000000000003 -0.25499999999999995
6.76864140744 62.60171510879 0.0297 0.033 20.2349 "" "" 430559068298210816 2160.04443 0.4484 0.0407 -2.056 1.377 0.038 0.042 1.024 5735.3 4.5308 16.477318 1.14582 16.963505 15.817685 "" "" 1999.02661 2377.36841 4830.80882 2.0535 2238.8 10.681 3733.2 9.8864 "" "" 0.0027937069600991234 0.005883566 0.0047487896 0.010632356 6.76864140744 62.60171510879 2160.04443 -2.0560000000000005 1.3770000000000002
7.80182034034 62.43021160649 0.0299 0.0351 13.1433 "" "" 430368642323778048 2276.90259 0.4162 0.0417 -2.667 -0.565 0.036 0.045 0.979 7088.8 4.3448 16.481527 1.306864 17.061363 15.754499 "" "" 2092.73804 2540.66772 4812.10985 2.0104 2045.8 6.9972 3956.9 8.7077 "" "" 0.0027924076838094017 0.0046449173 0.004471301 0.009116218 7.80182034034 62.43021160649 2276.90259 -2.667 -0.565
7.01374448856 62.44478538221 0.0307 0.0326 9.5631 "" "" 430552883545438592 2765.57349 0.3561 0.0413 -2.431 -0.202 0.039 0.043 1.008 6418.9 4.3759 16.483759 1.173788 16.982891 15.809103 "" "" 2514.63843 3175.45581 4802.23036 2.1559 2199.2 9.6254 3762.9 8.1874 "" "" 0.002798102008451104 0.005510604 0.004456962 0.009967566 7.01374448856 62.44478538221 2765.57349 -2.431 -0.202
7.57794332448 62.4120083576 0.0327 0.0342 6.8298 "" "" 430367856354178304 2375.96338 0.4038 0.0423 -1.006 -0.367 0.039 0.047 1.093 7164.6 4.354 16.484192 1.284409 17.048754 15.764344 "" "" 2155.94238 2688.94043 4800.31967 2.0896 2069.7 7.363 3921.2 6.3577 "" "" 0.0027955615651088046 0.00476489 0.0041692504 0.00893414 7.57794332448 62.4120083576 2375.96338 -1.006 -0.36700000000000005
7.1316531289 62.70588998367 0.0306 0.0317 19.7912 "" "" 430563809942044800 2285.77979 0.4184 0.0408 -2.896 1.089 0.037 0.042 0.996 5791.0 4.4668 16.485298 1.192875 17.001722 15.808847 "" "" 2090.33398 2538.64331 4795.42679 2.1055 2161.4 7.1147 3763.7 7.5118 "" "" 0.0027962545920555584 0.0045340937 0.0043565463 0.00889064 7.1316531289 62.70588998367 2285.77979 -2.896 1.089
7.90655889422 62.25874727254 0.03 0.0331 17.7181 "" "" 430348443102134784 2932.53223 0.3183 0.0414 0.066 -1.392 0.038 0.042 0.975 7173.5 4.3941 16.489294 1.16481 16.979967 15.815157 "" "" 2644.99951 3348.80762 4777.8119 2.3138 2205.1 6.8511 3741.9 7.0822 "" "" 0.0028050411242075916 0.004377702 0.0043019215 0.008679623 7.90655889422 62.25874727254 2932.53223 0.06600000000000003 -1.3919999999999995
6.83716053747 62.20141971745 0.0357 0.0338 17.9507 "" "" 430523128010941696 1982.82129 0.4846 0.0463 3.684 -2.626 0.047 0.05 0.946 5620.8 4.5359 16.489874 1.281241 17.056622 15.775381 "" "" 1792.32739 2212.60303 4775.26184 2.091 2054.8 9.2975 3881.6 7.5907 "" "" 0.00279603602393894 0.005649756 0.004334951 0.009984707 6.83716053747 62.20141971745 1982.82129 3.6839999999999997 -2.626
7.61720003632 62.09313990134 0.0361 0.0334 19.4522 "" "" 430333840212263680 2775.146 0.3448 0.0483 -3.887 0.174 0.044 0.046 1.036 5871.4 4.5327 16.491243 1.129687 16.958302 15.828614 "" "" 2473.76245 3189.05444 4769.23952 2.3105 2249.6 10.007 3695.8 11.072 "" "" 0.0028050774539071224 0.005577754 0.0049863495 0.010564104 7.61720003632 62.09313990134 2775.146 -3.887 0.174
7.39456525313 62.59397097023 0.1061 0.1063 12.3479 "" "" 430374281625129728 2728.61963 0.391 0.1372 0.351 0.538 0.136 0.145 3.868 5033.4 4.632 16.491837 1.733222 17.23669 15.503469 "" "" 2062.13672 3753.28662 4766.63642 13.684 1740.8 7.2773 4986.2 8.9034 "" "" 0.004160164187687642 0.0053278697 0.0042476207 0.00957549 7.39456525313 62.59397097023 2728.61963 0.351 0.5380000000000001
7.53264527197 62.50535874959 0.0293 0.0321 8.8032 "" "" 430371567205848960 2246.44556 0.4351 0.0401 2.213 0.567 0.038 0.045 1.057 5715.9 4.4653 16.49405 1.383731 17.116098 15.732368 "" "" 2076.84253 2397.92041 4756.93004 2.0297 1945.3 7.9467 4038.4 12.107 "" "" 0.002793994230665643 0.0052399496 0.004987863 0.010227812 7.53264527197 62.50535874959 2246.44556 2.2130000000000005 0.567
7.21900810415 62.15383137492 0.0354 0.0334 14.5417 "" "" 430337207466559872 2605.49292 0.3727 0.048 -2.842 -1.34 0.045 0.045 1.04 6121.5 4.4498 16.495821 1.131496 16.973534 15.842037 "" "" 2319.51343 2904.62671 4749.1794 2.118 2218.2 10.047 3650.4 8.174 "" "" 0.0027975429372137425 0.005654078 0.004493818 0.010147896 7.21900810415 62.15383137492 2605.49292 -2.8419999999999996 -1.3399999999999999
7.18167801311 62.45987998219 0.0295 0.0314 6.0183 "" "" 430553570740296832 2672.08936 0.3528 0.0391 -3.29 -0.642 0.037 0.042 1.008 7114.7 4.3406 16.49741 1.270485 17.05256 15.782076 "" "" 2447.26636 2928.57104 4742.22847 2.51 2062.5 8.0594 3857.7 8.6734 "" "" 0.002814610185286939 0.005077872 0.004499187 0.009577059 7.18167801311 62.45987998219 2672.08936 -3.29 -0.6419999999999999
7.68182364213 62.68439937581 0.0308 0.0327 20.0824 "" "" 430748081219189888 2624.08862 0.361 0.0419 -1.295 -0.886 0.04 0.042 0.993 9088.3 4.3351 16.498014 1.024838 16.921192 15.896355 "" "" 2309.49268 3093.06006 4739.59346 2.1446 2327.8 7.2068 3472.3 6.2024 "" "" 0.0027987757886667225 0.0043685357 0.0042479397 0.008616475 7.68182364213 62.68439937581 2624.08862 -1.2950000000000002 -0.8860000000000001
7.20713460039 62.41160080061 0.0332 0.0347 3.8353 "" "" 430551887113117952 2563.62573 0.3847 0.0438 -3.076 -1.067 0.042 0.047 1.07 6592.6 4.3386 16.499012 1.21778 17.00307 15.785291 "" "" 2288.52686 2962.21021 4735.23591 2.354 2158.7 10.24 3846.3 8.7531 "" "" 0.0028076885145662664 0.0058575226 0.0045153885 0.010372911 7.20713460039 62.41160080061 2563.62573 -3.076 -1.0670000000000002
7.86657972671 62.2778826278 0.0327 0.0347 16.2145 "" "" 430348511821599232 2571.12085 0.3728 0.0452 0.57 -0.463 0.042 0.047 0.998 "" "" 16.500425 1.293794 17.061129 15.767335 "" "" 2286.50464 2858.71289 4729.07652 2.3771 2046.3 10.349 3910.4 9.8453 "" "" 0.002808849359529118 0.006159253 0.0046643536 0.0108236065 7.86657972671 62.2778826278 2571.12085 0.5699999999999997 -0.46299999999999997
7.19061781524 62.50363162173 0.0291 0.0302 7.9405 "" "" 430554120495998848 2167.77759 0.4431 0.039 -2.089 1.455 0.039 0.04 0.988 5874.6 4.508 16.503162 1.171026 16.999655 15.828629 "" "" 1995.41443 2336.56616 4717.17207 2.0097 2165.5 17.969 3695.8 14.736 "" "" 0.002793878454505678 0.009431445 0.0057467073 0.015178152 7.19061781524 62.50363162173 2167.77759 -2.089 1.455
