Clusters/Collinder_205/Collinder_205_stars_in_region.tsv
# %ECSV 1.0
# ---
# datatype:
# - name: RA_ICRS_1
#   unit: deg
#   datatype: float64
#   format: '{:15.11f}'
#   description: Right ascension (ICRS) at Ep=2016.0 (ra)
#   meta: !!omap
#   - {ucd: POS_EQ_RA_MAIN}
#   - {width: 15}
#   - {precision: '11'}
# - name: DE_ICRS_1
#   unit: deg
#   datatype: float64
#   format: '{:15.11f}'
#   description: Declination (ICRS) at Ep=2016.0 (dec)
#   meta: !!omap
#   - {ucd: POS_EQ_DEC_MAIN}
#   - {width: 15}
#   - {precision: '11'}
# - name: e_RA_ICRS
#   unit: mas
#   datatype: float64
#   format: '{:7.4f}'
#   description: Standard error of right ascension (ra_error)
#   meta: !!omap
#   - {ucd: ERROR}
#   - {width: 7}
#   - {precision: '4'}
# - name: e_DE_ICRS
#   unit: mas
#   datatype: float64
#   format: '{:7.4f}'
#   description: Standard error of declination (dec_error)
#   meta: !!omap
#   - {ucd: ERROR}
#   - {width: 7}
#   - {precision: '4'}
# - name: _r_1
#   unit: ''
#   datatype: float64
#   format: '{:7.4f}'
#   description: Distance from center (135.09080881000-48.98470569000)[ICRS], at Epoch=J2016.0
#   meta: !!omap
#   - {ucd: POS_ANG_DIST_GENERAL}
#   - {width: 7}
#   - {precision: '4'}
# - name: HIP
#   datatype: int32
#   description: '? HIP cross-id number, van Leeuwen, Cat. I/311 (hip_original_ext_source_id)'
#   meta: !!omap
#   - {ucd: ID_NUMBER}
#   - {width: 6}
#   - values: {'null': -2147483648}
# - name: TYC2
#   datatype: string
#   description: Tycho-2 cross-id name, Hog et al., Cat. I/259 (tyc2_original_ext_source_id)
#   meta: !!omap
#   - {ucd: ID_CROSSID}
#   - {_votable_string_dtype: char}
# - name: Source
#   datatype: int64
#   description: Source identifier, identical to the Gaia-EDR3 source_id (id)
#   meta: !!omap
#   - {ucd: ID_MAIN}
#   - {width: 19}
# - name: rgeo
#   unit: pc
#   datatype: float64
#   format: '{:15.8f}'
#   description: '? Median of the geometric distance posterior (r_med_geo)'
#   meta: !!omap
#   - {ucd: PHYS_DISTANCE_TRUE}
#   - {width: 15}
#   - {precision: '8'}
#   - values: {'null': .nan}
# - name: Plx
#   unit: mas
#   datatype: float64
#   format: '{:9.4f}'
#   description: '? Parallax (parallax)'
#   meta: !!omap
#   - {ucd: POS_PARLX_TRIG}
#   - {width: 9}
#   - {precision: '4'}
#   - values: {'null': .nan}
# - name: e_Plx
#   unit: mas
#   datatype: float32
#   format: '{:7.4f}'
#   description: '? Standard error of parallax (parallax_error)'
#   meta: !!omap
#   - {ucd: ERROR}
#   - {width: 7}
#   - {precision: '4'}
#   - values: {'null': .nan}
# - name: pmRA
#   unit: mas / yr
#   datatype: float64
#   format: '{:9.3f}'
#   description: '? Proper motion in right ascension direction, pmRA*cosDE (pmra)'
#   meta: !!omap
#   - {ucd: POS_EQ_PMRA}
#   - {width: 9}
#   - {precision: '3'}
#   - values: {'null': .nan}
# - name: pmDE
#   unit: mas / yr
#   datatype: float64
#   format: '{:9.3f}'
#   description: '? Proper motion in declination direction (pmdec)'
#   meta: !!omap
#   - {ucd: POS_EQ_PMDEC}
#   - {width: 9}
#   - {precision: '3'}
#   - values: {'null': .nan}
# - name: e_pmRA
#   unit: mas / yr
#   datatype: float32
#   format: '{:6.3f}'
#   description: '? Standard error of proper motion in right ascension direction (pmra_error)'
#   meta: !!omap
#   - {ucd: ERROR}
#   - {width: 6}
#   - {precision: '3'}
#   - values: {'null': .nan}
# - name: e_pmDE
[...]
#         value: !astropy.table.SerializedColumn {name: SkyCoord.dec}
#       distance: !astropy.table.SerializedColumn
#         __class__: astropy.coordinates.distances.Distance
#         unit: !astropy.units.Unit {unit: pc}
#         value: !astropy.table.SerializedColumn {name: SkyCoord.distance}
#       frame: icrs
#       obstime: !astropy.time.Time {format: jyear_str, in_subfmt: '*', jd1: 367701545.0, jd2: 0.0, out_subfmt: '*', precision: 3, scale: tt}
#       pm_dec: !astropy.table.SerializedColumn
#         __class__: astropy.units.quantity.Quantity
#         unit: !astropy.units.Unit {unit: mas / yr}
#         value: !astropy.table.SerializedColumn {name: SkyCoord.pm_dec}
#       pm_ra_cosdec: !astropy.table.SerializedColumn
#         __class__: astropy.units.quantity.Quantity
#         unit: !astropy.units.Unit {unit: mas / yr}
#         value: !astropy.table.SerializedColumn {name: SkyCoord.pm_ra_cosdec}
#       ra: !astropy.table.SerializedColumn
#         __class__: astropy.coordinates.angles.Longitude
#         unit: *id001
#         value: !astropy.table.SerializedColumn {name: SkyCoord.ra}
#         wrap_angle: !astropy.coordinates.Angle
#           unit: *id001
#           value: 360.0
#       representation_type: spherical
# schema: astropy-2.0
RA_ICRS_1 DE_ICRS_1 e_RA_ICRS e_DE_ICRS _r_1 HIP TYC2 Source rgeo Plx e_Plx pmRA pmDE e_pmRA e_pmDE RUWE Teff logg Gmag BP-RP BPmag RPmag RV e_RV b_rgeo B_rgeo FG e_FG FBP e_FBP FRP e_FRP RAVE5 RAVE6 e_Gmag e_BPmag e_RPmag e_BP-RP SkyCoord.ra SkyCoord.dec SkyCoord.distance SkyCoord.pm_ra_cosdec SkyCoord.pm_dec rmRA rmDE e_rmRA e_rmDE rRV e_rRV v_pec v_pec3d e_vpec e_vpec3d
[from data line 283]
135.44193109171 -48.79885525747 0.0197 0.0204 17.7822 "" "" 5325428429623714816 1231.21008 0.7713 0.0232 -8.921 10.213 0.026 0.026 0.987 "" "" 15.238387 2.305779 16.461153 14.155374 33.71 3.73 1195.63867 1262.27783 15121.40117 4.8678 3556.0 14.126 17259.0 14.0 "" "" 0.0027773998066446177 0.0051368484 0.003880643 0.009017492 135.44193109171 -48.79885525747 1231.21008 -8.921 10.212999999999994 -4.179999824523925 6.382166564941405 0.110528104 0.110528104 "" "" 44.523427906054046 "" 4.921090070359376 ""
134.45027364509 -49.09123467631 0.0179 0.021 25.9926 "" "" 5325442139159462272 1627.91589 0.5833 0.0218 -8.933 7.099 0.023 0.026 1.026 5489.8 3.7771 15.241336 1.545595 15.949776 14.404181 "" "" 1578.37781 1681.06104 15080.37766 4.1033 5695.2 9.702 13724.0 12.828 "" "" 0.0027711125180316996 0.0033475438 0.003913266 0.0072608097 134.45027364509 -49.09123467631 1627.91589 -8.933000000000002 7.098999999999995 -4.191999824523926 3.2681665649414064 0.107528105 0.110528104 "" "" 41.0155506855452 "" 4.457239718421563 ""
135.64625369359 -49.15285110685 0.0189 0.0194 24.0521 "" "" 5325215983359810688 1511.69922 0.6266 0.0216 -2.794 6.217 0.025 0.024 1.04 6741.4 3.9136 15.244668 1.316468 15.824414 14.507946 "" "" 1461.62109 1569.92322 15034.169 4.1465 6392.2 11.746 12473.0 12.007 "" "" 0.0027715448094795363 0.0034300815 0.0039212387 0.0073513202 135.64625369359 -49.15285110685 1511.69922 -2.7940000000000005 6.217 1.9470001754760742 2.386166564941406 0.1095281 0.10852811 "" "" 22.067506001953387 "" 2.40378886877572 ""
134.96083186748 -48.64046772899 0.0193 0.0195 21.2832 "" "" 5325479282036461568 1548.65747 0.61 0.0228 -4.52 5.259 0.025 0.026 1.085 9031.5 3.9176 15.245687 1.536015 15.949542 14.413528 "" "" 1496.67468 1603.03613 15020.07722 3.7925 5696.4 9.558 13607.0 12.548 "" "" 0.0027689246978269797 0.0033322445 0.0039097574 0.0072420016 134.96083186748 -48.64046772899 1548.65747 -4.5200000000000005 5.259 0.22100017547607465 1.4281665649414066 0.1095281 0.110528104 "" "" 10.608428115954736 "" 1.1722824562759986 ""
134.98885000795 -49.00700476093 0.0191 0.0191 4.2309 "" "" 5325400460797150464 1628.95483 0.5882 0.0218 -6.912 9.106 0.026 0.025 0.983 6871.2 4.183 15.253398 1.176676 15.753479 14.576803 "" "" 1565.83813 1699.51306 14913.76921 4.0927 6823.8 8.9119 11707.0 10.393 "" "" 0.0027713832297240693 0.0031298082 0.0039003561 0.0070301644 134.98885000795 -49.00700476093 1628.95483 -6.911999999999997 9.105999999999998 -2.1709998245239257 5.275166564941406 0.110528104 0.1095281 "" "" 44.04537500364205 "" 4.830610818712817 ""
135.324610524 -49.41431701124 0.018 0.0201 27.3579 "" "" 5325189148404071936 1321.42883 0.724 0.0219 -4.558 2.635 0.024 0.024 1.009 5537.3 4.1059 15.255396 1.514816 15.949951 14.435135 "" "" 1285.86853 1366.52063 14886.35304 4.5081 5694.3 10.608 13338.0 13.543 "" "" 0.0027748689526308074 0.0034461718 0.0039368854 0.007383057 135.324610524 -49.41431701124 1321.42883 -4.558000000000001 2.6350000000000007 0.1830001754760744 -1.195833435058594 0.10852811 0.10852811 "" "" 7.577387064165 "" 0.8223594771467508 ""
135.31756004091 -48.57716861705 0.0203 0.0214 26.0438 "" "" 5325482580571270272 1610.92078 0.5873 0.0235 -10.813 5.371 0.026 0.026 1.09 6673.9 3.8993 15.256503 1.677695 16.052114 14.374419 "" "" 1557.31201 1678.44116 14871.17762 4.4115 5182.9 17.492 14106.0 13.8 "" "" 0.002774081040874868 0.0046056635 0.003925807 0.00853147 135.31756004091 -48.57716861705 1610.92078 -10.812999999999999 5.370999999999997 -6.071999824523926 1.5401665649414067 0.110528104 0.110528104 "" "" 47.83262228514851 "" 5.286849050872117 ""
135.07671084369 -49.38204702805 0.026 0.028 23.8469 "" "" 5325379295198790656 1120.32471 0.8556 0.0306 -6.7 1.779 0.034 0.033 1.447 6373.5 4.169 15.262026 1.312952 15.838366 14.525414 "" "" 1089.93799 1172.70581 14795.73508 3.5768 6310.6 17.597 12274.0 9.5409 "" "" 0.002767793485795074 0.0041171773 0.0038724688 0.007989646 135.07671084369 -49.38204702805 1120.32471 -6.700000000000002 1.7790000000000037 -1.958999824523926 -2.051833435058594 0.118528105 0.1175281 "" "" 15.064619482376568 "" 1.7777159076059457 ""
135.30681685252 -48.8539206111 0.0183 0.0227 11.5806 "" "" 5325422863347095040 1495.52026 0.6303 0.0227 -4.94 4.674 0.025 0.025 1.003 8463.6 4.1998 15.26599 1.390959 15.888748 14.497789 "" "" 1452.46753 1543.66101 14741.7991 3.8901 6024.5 14.432 12590.0 14.007 "" "" 0.0027701760630335337 0.003814436 0.0039677243 0.0077821603 135.30681685252 -48.8539206111 1495.52026 -4.94 4.674000000000001 -0.19899982452392617 0.8431665649414066 0.1095281 0.1095281 "" "" 6.141223431327342 "" 0.6726365462726007 ""
135.03679603832 -48.6395164876 0.0272 0.0268 20.821 "" "" 5325478831057453568 1172.94678 0.8141 0.0311 -3.031 6.209 0.035 0.032 1.501 7444.7 4.0135 15.27448 1.880329 16.185606 14.305277 29.71 6.73 1126.87134 1222.2345 14626.98545 6.7756 4583.3 11.288 15033.0 14.246 "" "" 0.0028008461721612736 0.0038646318 0.003916932 0.0077815633 135.03679603832 -48.6395164876 1172.94678 -3.030999999999999 6.208999999999996 1.710000175476074 2.378166564941406 0.1195281 0.11652811 "" "" 16.285258037708058 "" 1.9144810113574677 ""
135.43323630051 -48.72879241554 0.0495 0.0513 20.4573 "" "" 5325430972244349952 1479.2218 0.6417 0.0562 -5.571 5.292 0.062 0.063 1.535 6800.1 3.6666 15.277484 1.962658 15.999845 14.037188 "" "" 1375.93823 1611.79932 14586.56518 9.4787 5438.5 55.734 19243.0 159.15 "" "" 0.002844217354582027 0.011471178 0.009742554 0.021213733 135.43323630051 -48.72879241554 1479.2218 -5.570999999999995 5.292 -0.8299998245239255 1.461166564941406 0.1465281 0.14752811 "" "" 11.782484280682167 "" 1.7353806205542675 ""
135.13509412084 -48.94424719421 0.0183 0.0196 2.9893 "" "" 5325423619260909184 1540.71387 0.6141 0.0211 -4.041 1.482 0.025 0.024 1.001 6468.0 4.0664 15.278705 1.360314 15.882704 14.522389 "" "" 1501.93787 1600.49182 14570.1774 3.7578 6058.1 11.72 12308.0 12.065 "" "" 0.002769512967795147 0.0034924208 0.0039263805 0.007418801 135.13509412084 -48.94424719421 1540.71387 -4.041 1.4819999999999998 0.7000001754760738 -2.3488334350585935 0.1095281 0.10852811 "" "" 17.899043674141225 "" 1.9440155475794922 ""
135.13816218512 -49.25011540801 0.0312 0.0325 16.0328 "" "" 5325380910106263808 1648.2832 0.5493 0.0365 -5.38 5.395 0.039 0.041 1.251 4731.7 2.4419 15.28362 3.702588 17.599281 13.896693 18.25 3.3 1559.66028 1747.71362 14504.36352 18.267 1246.5 10.481 21902.0 107.41 "" "" 0.0030759630832317432 0.009546105 0.006529538 0.016075643 135.13816218512 -49.25011540801 1648.2832 -5.379999999999999 5.395 -0.6389998245239257 1.5641665649414058 0.12352811 0.1255281 "" "" 13.201050748953776 "" 1.653352540592915 ""
135.29170814581 -48.83594720884 0.0205 0.0233 11.9343 "" "" 5325425887004071040 1325.44666 0.7257 0.0243 -6.253 6.227 0.027 0.027 1.108 7226.3 4.1395 15.285516 1.482238 15.956104 14.473866 "" "" 1279.1803 1374.54517 14479.06099 3.916 5662.1 18.917 12871.0 16.422 "" "" 0.002770923739739983 0.0045763846 0.004025262 0.008601647 135.29170814581 -48.83594720884 1325.44666 -6.253 6.227000000000001 -1.511999824523926 2.3961665649414066 0.111528106 0.111528106 "" "" 17.800726357338846 "" 1.9852812966599809 ""
134.95917847805 -48.93788110643 0.0201 0.0192 5.8976 "" "" 5325447774156821504 1509.43555 0.622 0.0223 -6.179 5.837 0.026 0.024 1.014 5711.6 3.8479 15.288997 1.491683 15.971213 14.47953 "" "" 1461.6084 1557.5061 14432.71411 4.2451 5583.8 12.315 12804.0 12.098 "" "" 0.002773765049421062 0.003676826 0.003916138 0.007592964 134.95917847805 -48.93788110643 1509.43555 -6.178999999999999 5.836999999999999 -1.437999824523926 2.006166564941406 0.110528104 0.10852811 "" "" 17.660068664299878 "" 1.9286741661230322 ""
135.13725341548 -49.43154149597 0.018 0.0195 26.8719 "" "" 5325375790505318016 1426.30371 0.6659 0.0218 -13.583 12.152 0.024 0.023 1.005 5303.1 3.6441 15.297198 1.651391 16.077778 14.426387 "" "" 1390.0271 1479.35413 14324.10396 3.7399 5061.8 11.535 13446.0 18.382 "" "" 0.00276986430278276 0.0037291788 0.004060406 0.007789585 135.13725341548 -49.43154149597 1426.30371 -13.582999999999995 12.151999999999994 -8.841999824523926 8.321166564941405 0.10852811 0.107528105 "" "" 82.08667090481542 "" 8.870250939386128 ""
135.43050292575 -49.20137409177 0.0218 0.0217 18.6315 "" "" 5325401938266301568 1161.45349 0.8191 0.0252 -2.413 10.658 0.028 0.026 1.1 5939.0 4.0452 15.299819 1.420297 15.934984 14.514688 "" "" 1136.74744 1196.11011 14289.56652 4.229 5773.3 10.847 12396.0 10.691 "" "" 0.0027739932262106485 0.003456336 0.0038936578 0.007349994 135.43050292575 -49.20137409177 1161.45349 -2.412999999999998 10.657999999999998 2.3280001754760744 6.827166564941406 0.1125281 0.110528104 "" "" 39.710576652170644 "" 4.39747441138396 ""
135.42897082886 -49.07451944601 0.0192 0.0209 14.3533 "" "" 5325407813781534080 1319.02173 0.727 0.0221 -13.421 8.6 0.026 0.025 1.041 5891.3 3.6647 15.302328 1.87496 16.220236 14.345276 66.32 12.39 1278.3595 1366.73364 14256.58483 4.4726 4439.4 14.017 14489.0 20.187 "" "" 0.0027762944176086897 0.0044200686 0.004070877 0.008490946 135.42897082886 -49.07451944601 1319.02173 -13.421000000000001 8.599999999999998 -8.679999824523925 4.769166564941406 0.110528104 0.1095281 "" "" 61.92083232155895 "" 6.829683672727203 ""
135.3610583188 -49.07206435867 0.0191 0.0196 11.8537 "" "" 5325406473751699456 1396.74817 0.6734 0.022 -4.913 6.626 0.027 0.024 1.03 6859.3 4.0063 15.305978 1.557669 16.024502 14.466833 "" "" 1353.17603 1437.0575 14208.74694 4.254 5316.4 9.9568 12955.0 12.24 "" "" 0.0027744287031654957 0.0034525113 0.003916123 0.0073686345 135.3610583188 -49.07206435867 1396.74817 -4.913 6.6259999999999994 -0.17199982452392604 2.7951665649414066 0.111528106 0.10852811 "" "" 18.54064445516642 "" 2.012393760673064 ""
134.99664023284 -48.75908460617 0.019 0.0193 14.0381 "" "" 5325473440880945536 1338.19592 0.7139 0.022 -6.294 2.032 0.025 0.024 0.933 7163.5 3.9402 15.306764 1.923866 16.261293 14.337427 -22.19 8.31 1293.4198 1373.65918 14198.45546 4.1198 4274.6 14.508 14594.0 15.504 "" "" 0.0027732718391864095 0.0046221428 0.0039514736 0.008573616 134.99664023284 -48.75908460617 1338.19592 -6.2940000000000005 2.031999999999999 -1.5529998245239254 -1.7988334350585937 0.1095281 0.10852811 "" "" 15.074065546441538 "" 1.642414065633312 ""
135.37203616266 -48.72870130231 0.0229 0.0239 18.9523 "" "" 5325432552792313216 1357.09717 0.7039 0.026 -1.324 2.527 0.03 0.028 1.028 7390.6 3.9465 15.313094 1.794001 16.18115 14.38715 "" "" 1322.69141 1396.18335 14115.91134 4.5733 4602.1 11.039 13941.0 12.133 "" "" 0.0027776831533007315 0.0038167583 0.0038957177 0.007712476 135.37203616266 -48.72870130231 1357.09717 -1.3240000000000003 2.527000000000001 3.4170001754760744 -1.3038334350585936 0.114528105 0.1125281 "" "" 23.526121509329663 "" 2.6884677563350974 ""
135.76954292814 -49.02411736567 0.0208 0.0242 26.8194 "" "" 5325224092258086144 1577.80872 0.6027 0.026 -2.958 1.512 0.029 0.028 1.011 7981.3 3.9855 15.315479 1.459074 15.973706 14.514632 "" "" 1519.82007 1676.75562 14084.93755 6.7642 5571.0 21.339 12397.0 20.033 "" "" 0.0028042228681827625 0.0050080377 0.0041667735 0.009174811 135.76954292814 -49.02411736567 1577.80872 -2.958 1.5120000000000005 1.783000175476074 -2.3188334350585937 0.1135281 0.1125281 "" "" 21.876108279571003 "" 2.469827821856575 ""
134.53744726022 -49.15389615582 0.0184 0.0209 24.0041 "" "" 5325441142727108992 1544.83215 0.6118 0.0222 -4.755 7.018 0.024 0.025 0.961 7135.3 4.062 15.31618 1.175118 15.816725 14.641607 "" "" 1507.80713 1594.38293 14075.8541 3.7755 6437.6 10.063 11028.0 9.2151 "" "" 0.002770667716798311 0.0032658025 0.003886751 0.0071525536 134.53744726022 -49.15389615582 1544.83215 -4.755 7.017999999999999 -0.013999824523925675 3.187166564941406 0.10852811 0.1095281 "" "" 23.338266314569825 "" 2.556195564718902 ""
134.94591105307 -48.84666427018 0.0249 0.0285 10.0619 "" "" 5325472577584935040 1529.70007 0.6176 0.0303 -6.308 5.612 0.035 0.037 1.619 8757.6 3.8486 15.324721 1.316532 15.863109 14.546577 "" "" 1463.28748 1607.16943 13965.54999 8.3601 6168.4 14.912 12037.0 23.214 "" "" 0.0028309397809596426 0.0038307116 0.0043206653 0.008151377 134.94591105307 -48.84666427018 1529.70007 -6.308000000000006 5.6119999999999965 -1.5669998245239256 1.7811665649414063 0.1195281 0.121528104 "" "" 17.20138131582816 "" 2.0755115885156004 ""
135.50558038645 -48.66596975867 0.0203 0.0224 25.1827 "" "" 5325431659439025536 1521.66418 0.6248 0.0238 -10.74 10.478 0.025 0.027 1.043 5094.1 3.4994 15.327648 1.800624 16.195152 14.394528 72.02 6.04 1472.19373 1587.7229 13927.95792 5.0544 4543.1 15.721 13847.0 21.36 "" "" 0.0027833491920641086 0.00467983 0.004133857 0.008813687 135.50558038645 -48.66596975867 1521.66418 -10.740000000000002 10.478000000000009 -5.998999824523926 6.647166564941406 0.1095281 0.111528106 "" "" 64.58188917830034 "" 7.145005419416701 ""
134.55959548792 -49.22027986424 0.0195 0.022 25.2037 "" "" 5325437431875397888 1660.76343 0.5618 0.0239 -5.887 5.733 0.026 0.026 1.032 6597.6 4.1072 15.328239 1.197223 15.843981 14.646758 "" "" 1595.37341 1736.54846 13920.38224 3.84 6278.0 10.879 10976.0 10.597 "" "" 0.0027715506056843167 0.0033652475 0.0039220587 0.0072873062 134.55959548792 -49.22027986424 1660.76343 -5.886999999999997 5.7330000000000005 -1.1459998245239253 1.902166564941406 0.110528104 0.110528104 "" "" 17.481471147304585 "" 1.9321938611689184 ""
135.07584216261 -49.36170317011 0.019 0.0209 22.6275 "" "" 5325379363918035456 1175.95886 0.8195 0.0233 -10.114 14.136 0.025 0.025 1.051 5962.5 4.2302 15.334333 1.231469 15.866836 14.635366 "" "" 1148.26672 1206.50037 13842.46375 3.8799 6147.3 14.849 11092.0 11.975 "" "" 0.002772075120178652 0.0038292608 0.003956982 0.0077862428 135.07584216261 -49.36170317011 1175.95886 -10.114 14.136 -5.3729998245239265 10.305166564941405 0.1095281 0.1095281 "" "" 64.78028021591177 "" 7.095261137825815 ""
135.1773418779 -49.41927446287 0.0179 0.0199 26.2939 "" "" 5325375859224814336 1365.5531 0.6985 0.0219 -6.325 1.403 0.024 0.024 1.01 6809.4 4.1803 15.337764 1.415246 15.973458 14.558212 "" "" 1332.56982 1402.11584 13798.79379 3.624 5572.3 12.516 11909.0 10.577 "" "" 0.002770035952131717 0.0037057013 0.0039004614 0.0076061627 135.1773418779 -49.41927446287 1365.5531 -6.325000000000001 1.4029999999999991 -1.583999824523926 -2.4278334350585937 0.10852811 0.10852811 "" "" 18.763560154888197 "" 2.036373671784422 ""
135.36655887738 -49.12708808126 0.0198 0.0196 13.8035 "" "" 5325406061434859776 1512.62415 0.6306 0.0226 -3.865 1.619 0.026 0.023 0.99 6988.5 4.1688 15.352444 1.410685 15.985662 14.574977 "" "" 1448.66504 1571.22363 13613.48587 3.9954 5510.0 12.367 11726.0 14.445 "" "" 0.002773684883616779 0.0037045258 0.004009067 0.0077135926 135.36655887738 -49.12708808126 1512.62415 -3.865 1.6189999999999976 0.876000175476074 -2.211833435058594 0.110528104 0.107528105 "" "" 17.056959002922287 "" 1.8411240276651513 ""
134.86429100644 -49.01678392064 0.0217 0.0209 9.1218 "" "" 5325445742629077504 1261.78687 0.7596 0.0237 -3.601 2.763 0.029 0.027 1.096 5526.8 4.2036 15.356524 1.269204 15.909273 14.640069 "" "" 1220.6665 1300.82288 13562.40784 3.7929 5911.6 9.9761 11044.0 12.265 "" "" 0.0027720004723234657 0.0033379807 0.0039670663 0.007305047 134.86429100644 -49.01678392064 1261.78687 -3.601 2.763 1.1400001754760742 -1.0678334350585938 0.1135281 0.111528106 "" "" 9.342165753785437 "" 1.0519075869002041 ""
