Clusters/Collinder_205/Collinder_205_stars_in_region.tsv
# %ECSV 1.0
# ---
# datatype:
# - name: RA_ICRS_1
#   unit: deg
#   datatype: float64
#   format: '{:15.11f}'
#   description: Right ascension (ICRS) at Ep=2016.0 (ra)
#   meta: !!omap
#   - {ucd: POS_EQ_RA_MAIN}
#   - {width: 15}
#   - {precision: '11'}
# - name: DE_ICRS_1
#   unit: deg
#   datatype: float64
#   format: '{:15.11f}'
#   description: Declination (ICRS) at Ep=2016.0 (dec)
#   meta: !!omap
#   - {ucd: POS_EQ_DEC_MAIN}
#   - {width: 15}
#   - {precision: '11'}
# - name: e_RA_ICRS
#   unit: mas
#   datatype: float64
#   format: '{:7.4f}'
#   description: Standard error of right ascension (ra_error)
#   meta: !!omap
#   - {ucd: ERROR}
#   - {width: 7}
#   - {precision: '4'}
# - name: e_DE_ICRS
#   unit: mas
#   datatype: float64
#   format: '{:7.4f}'
#   description: Standard error of declination (dec_error)
#   meta: !!omap
#   - {ucd: ERROR}
#   - {width: 7}
#   - {precision: '4'}
# - name: _r_1
#   unit: ''
#   datatype: float64
#   format: '{:7.4f}'
#   description: Distance from center (135.09080881000-48.98470569000)[ICRS], at Epoch=J2016.0
#   meta: !!omap
#   - {ucd: POS_ANG_DIST_GENERAL}
#   - {width: 7}
#   - {precision: '4'}
# - name: HIP
#   datatype: int32
#   description: '? HIP cross-id number, van Leeuwen, Cat. I/311 (hip_original_ext_source_id)'
#   meta: !!omap
#   - {ucd: ID_NUMBER}
#   - {width: 6}
#   - values: {'null': -2147483648}
# - name: TYC2
#   datatype: string
#   description: Tycho-2 cross-id name, Hog et al., Cat. I/259 (tyc2_original_ext_source_id)
#   meta: !!omap
#   - {ucd: ID_CROSSID}
#   - {_votable_string_dtype: char}
# - name: Source
#   datatype: int64
#   description: Source identifier, identical to the Gaia-EDR3 source_id (id)
#   meta: !!omap
#   - {ucd: ID_MAIN}
#   - {width: 19}
# - name: rgeo
#   unit: pc
#   datatype: float64
#   format: '{:15.8f}'
#   description: '? Median of the geometric distance posterior (r_med_geo)'
#   meta: !!omap
#   - {ucd: PHYS_DISTANCE_TRUE}
#   - {width: 15}
#   - {precision: '8'}
#   - values: {'null': .nan}
# - name: Plx
#   unit: mas
#   datatype: float64
#   format: '{:9.4f}'
#   description: '? Parallax (parallax)'
#   meta: !!omap
#   - {ucd: POS_PARLX_TRIG}
#   - {width: 9}
#   - {precision: '4'}
#   - values: {'null': .nan}
# - name: e_Plx
#   unit: mas
#   datatype: float32
#   format: '{:7.4f}'
#   description: '? Standard error of parallax (parallax_error)'
#   meta: !!omap
#   - {ucd: ERROR}
#   - {width: 7}
#   - {precision: '4'}
#   - values: {'null': .nan}
# - name: pmRA
#   unit: mas / yr
#   datatype: float64
#   format: '{:9.3f}'
#   description: '? Proper motion in right ascension direction, pmRA*cosDE (pmra)'
#   meta: !!omap
#   - {ucd: POS_EQ_PMRA}
#   - {width: 9}
#   - {precision: '3'}
#   - values: {'null': .nan}
# - name: pmDE
#   unit: mas / yr
#   datatype: float64
#   format: '{:9.3f}'
#   description: '? Proper motion in declination direction (pmdec)'
#   meta: !!omap
#   - {ucd: POS_EQ_PMDEC}
#   - {width: 9}
#   - {precision: '3'}
#   - values: {'null': .nan}
# - name: e_pmRA
#   unit: mas / yr
#   datatype: float32
#   format: '{:6.3f}'
#   description: '? Standard error of proper motion in right ascension direction (pmra_error)'
#   meta: !!omap
#   - {ucd: ERROR}
#   - {width: 6}
#   - {precision: '3'}
#   - values: {'null': .nan}
# - name: e_pmDE
[...]
#         value: !astropy.table.SerializedColumn {name: SkyCoord.dec}
#       distance: !astropy.table.SerializedColumn
#         __class__: astropy.coordinates.distances.Distance
#         unit: !astropy.units.Unit {unit: pc}
#         value: !astropy.table.SerializedColumn {name: SkyCoord.distance}
#       frame: icrs
#       obstime: !astropy.time.Time {format: jyear_str, in_subfmt: '*', jd1: 367701545.0, jd2: 0.0, out_subfmt: '*', precision: 3, scale: tt}
#       pm_dec: !astropy.table.SerializedColumn
#         __class__: astropy.units.quantity.Quantity
#         unit: !astropy.units.Unit {unit: mas / yr}
#         value: !astropy.table.SerializedColumn {name: SkyCoord.pm_dec}
#       pm_ra_cosdec: !astropy.table.SerializedColumn
#         __class__: astropy.units.quantity.Quantity
#         unit: !astropy.units.Unit {unit: mas / yr}
#         value: !astropy.table.SerializedColumn {name: SkyCoord.pm_ra_cosdec}
#       ra: !astropy.table.SerializedColumn
#         __class__: astropy.coordinates.angles.Longitude
#         unit: *id001
#         value: !astropy.table.SerializedColumn {name: SkyCoord.ra}
#         wrap_angle: !astropy.coordinates.Angle
#           unit: *id001
#           value: 360.0
#       representation_type: spherical
# schema: astropy-2.0
RA_ICRS_1 DE_ICRS_1 e_RA_ICRS e_DE_ICRS _r_1 HIP TYC2 Source rgeo Plx e_Plx pmRA pmDE e_pmRA e_pmDE RUWE Teff logg Gmag BP-RP BPmag RPmag RV e_RV b_rgeo B_rgeo FG e_FG FBP e_FBP FRP e_FRP RAVE5 RAVE6 e_Gmag e_BPmag e_RPmag e_BP-RP SkyCoord.ra SkyCoord.dec SkyCoord.distance SkyCoord.pm_ra_cosdec SkyCoord.pm_dec rmRA rmDE e_rmRA e_rmDE rRV e_rRV v_pec v_pec3d e_vpec e_vpec3d
[from data line 189]
134.78426164651 -49.21474827031 0.0171 0.0172 18.3176 "" "" 5325391282443527168 1318.552 0.7238 0.0191 -12.241 9.38 0.021 0.022 0.961 "" "" 14.886129 1.708273 15.702965 13.994692 24.62 3.71 1287.53809 1349.96851 20916.7792 5.4213 7148.8 11.127 20012.0 22.988 "" "" 0.0027696531519358905 0.003262042 0.0039798524 0.0072418945 134.78426164651 -49.21474827031 1318.552 -12.241000000000005 9.380000000000003 -7.499999824523925 5.549166564941407 0.1055281 0.1065281 "" "" 58.3100139028113 "" 6.17403635455848 ""
135.6525334162 -49.13314620835 0.0164 0.0169 23.8135 "" "" 5325221858875069824 1334.54224 0.7092 0.0192 -5.538 3.687 0.022 0.02 0.934 7751.4 4.1885 14.896306 1.149043 15.384108 14.235065 "" "" 1303.93689 1373.0802 20721.65132 12.076 9589.0 24.263 16037.0 36.164 "" "" 0.0028270382353231794 0.0039156526 0.004503139 0.008418791 135.6525334162 -49.13314620835 1334.54224 -5.538000000000004 3.6869999999999994 -0.796999824523926 -0.14383343505859392 0.1065281 0.1045281 "" "" 5.123047876667093 "" 0.5454283342050049 ""
135.3467890273 -49.315332035 0.0154 0.0161 22.2362 "" "" 5325377680291006464 1589.82898 0.5917 0.0184 -4.738 6.13 0.02 0.02 1.026 5648.3 3.5862 14.902019 1.615472 15.656915 14.041443 -103.66 9.4 1554.04016 1633.89417 20612.91729 25.724 7458.5 34.646 19168.0 72.327 "" "" 0.003070452673174193 0.0057637854 0.005573845 0.01133763 135.3467890273 -49.315332035 1589.82898 -4.738000000000001 6.130000000000003 0.0030001754760737853 2.299166564941406 0.1045281 0.1045281 "" "" 17.326049699908374 "" 1.811059043482373 ""
134.92245511761 -49.08417170113 0.0173 0.0164 8.9148 "" "" 5325398399212825984 1500.4137 0.6362 0.0191 -8.454 8.297 0.023 0.022 1.044 5818.7 3.8149 14.914041 1.520093 15.613366 14.093273 8.65 4.5 1457.7251 1543.92969 20385.92301 5.278 7763.7 13.395 18275.0 20.987 "" "" 0.002769622268724676 0.0033606777 0.0039797467 0.0073404247 134.92245511761 -49.08417170113 1500.4137 -8.453999999999997 8.296999999999999 -3.7129998245239264 4.466166564941407 0.107528105 0.1065281 "" "" 41.30635942492219 "" 4.417216357910469 ""
134.90461469471 -49.07345336677 0.0174 0.0163 9.0559 "" "" 5325398467932281984 1552.64526 0.6039 0.0199 -4.783 6.612 0.025 0.021 1.016 6866.0 4.014 14.918438 1.2567 15.462449 14.205749 35.26 7.41 1507.51868 1604.26343 20303.52945 4.7274 8921.5 13.812 16476.0 10.689 "" "" 0.002766892962573266 0.0032573743 0.0038444614 0.0071018357 134.90461469471 -49.07345336677 1552.64526 -4.7829999999999995 6.612 -0.041999824523926144 2.7811665649414063 0.1095281 0.1055281 "" "" 20.47043630049199 "" 2.1602252991743143 ""
135.08616918872 -49.16738138287 0.0164 0.0165 10.9621 "" "" 5325394722721008640 1651.3125 0.5679 0.0188 -4.677 4.037 0.022 0.021 1.031 7991.1 4.0445 14.922045 0.991549 15.298802 14.307253 "" "" 1604.87012 1707.69678 20236.1973 5.6823 10373.0 46.937 15006.0 55.244 "" "" 0.0027721358576407807 0.005649897 0.005500954 0.011150851 135.08616918872 -49.16738138287 1651.3125 -4.677 4.037 0.06400017547607462 0.20616656494140617 0.1065281 0.1055281 "" "" 1.689677082186801 "" 0.17845757213635283 ""
134.84395053085 -48.76004887413 0.016 0.016 16.6314 "" "" 5325476876855836800 1272.8114 0.7497 0.0186 -8.29 7.449 0.022 0.022 0.937 15006.0 4.5849 14.923624 1.381805 15.538386 14.156582 "" "" 1247.90405 1302.15979 20206.78913 4.3664 8318.8 14.973 17240.0 12.821 "" "" 0.0027652906282134254 0.0034064653 0.003864671 0.007271136 134.84395053085 -48.76004887413 1272.8114 -8.29 7.448999999999998 -3.548999824523925 3.618166564941406 0.1065281 0.1065281 "" "" 30.57701664649191 "" 3.2573115895008704 ""
135.02474887359 -49.10534735129 0.0179 0.017 7.6906 "" "" 5325395890952022656 1613.13953 0.5867 0.0199 -2.779 1.722 0.024 0.021 1.079 7059.8 3.9436 14.932987 1.147061 15.416385 14.269323 "" "" 1556.18774 1669.2644 20033.27544 4.849 9308.1 14.601 15539.0 13.555 "" "" 0.0027678245936293435 0.003268895 0.0038962476 0.0071651423 135.02474887359 -49.10534735129 1613.13953 -2.779000000000002 1.721999999999999 1.9620001754760743 -2.1088334350585938 0.10852811 0.1055281 "" "" 22.024241333929776 "" 2.3550631996512 ""
135.3434153935 -48.83665640436 0.0167 0.0182 13.3467 "" "" 5325428773221093760 1571.06335 0.6023 0.0201 -3.653 5.478 0.023 0.022 1.018 7222.9 3.9668 14.933176 1.502603 15.619473 14.116869 40.42 11.4 1517.36584 1632.46301 20029.77955 4.8372 7720.2 12.55 17882.0 14.081 "" "" 0.00276776828011302 0.0033015448 0.0038748768 0.0071764216 135.3434153935 -48.83665640436 1571.06335 -3.6530000000000005 5.478 1.0880001754760742 1.647166564941406 0.107528105 0.1065281 "" "" 14.700489133302034 "" 1.5704952871594675 ""
135.57693030036 -49.275133467 0.0161 0.0172 25.8439 "" "" 5325212959702832128 1602.94482 0.5912 0.0191 -6.815 7.541 0.02 0.021 1.013 7575.9 3.8988 14.933641 1.403192 15.562373 14.159182 "" "" 1557.99268 1646.76367 20021.19669 5.1848 8137.1 12.807 17198.0 17.377 "" "" 0.002769629034996015 0.003271879 0.00393538 0.0072072586 135.57693030036 -49.275133467 1602.94482 -6.815000000000002 7.541 -2.073999824523926 3.7101665649414066 0.1045281 0.1055281 "" "" 32.29517686398789 "" 3.4003874350755714 ""
134.59223935572 -49.22070471685 0.0164 0.0173 24.1675 "" "" 5325436710320910208 1624.8418 0.5871 0.0191 -6.442 4.641 0.022 0.022 1.028 5039.9 3.455 14.93868 1.699018 15.750436 14.051418 8.42 3.91 1577.97241 1681.89478 19928.51092 5.1032 6842.9 7.7555 18993.0 11.718 "" "" 0.0027693122279648266 0.0030494696 0.003838286 0.0068877554 134.59223935572 -49.22070471685 1624.8418 -6.442000000000004 4.641 -1.700999824523926 0.8101665649414063 0.1065281 0.1065281 "" "" 14.510739590640112 "" 1.5458015668197624 ""
135.30586300135 -49.09972272046 0.0192 0.0201 10.9162 "" "" 5325407057867226240 1440.1272 0.6618 0.0224 -4.617 5.67 0.026 0.024 1.176 15024.9 4.5997 14.947152 1.299655 15.509455 14.2098 37.83 8.98 1392.42261 1480.53467 19773.60383 6.5192 8543.5 16.476 16415.0 12.713 "" "" 0.002778475076611075 0.0034884305 0.0038717953 0.0073602255 135.30586300135 -49.09972272046 1440.1272 -4.617 5.67 0.12400017547607423 1.8391665649414062 0.110528104 0.10852811 "" "" 12.583026498737015 "" 1.3657269757216723 ""
135.07263095254 -49.29908117028 0.0156 0.0165 18.876 "" "" 5325380360350417024 1333.9613 0.7159 0.0189 -13.203 10.519 0.021 0.02 1.033 6632.1 4.1685 14.949498 1.129847 15.411333 14.281486 "" "" 1297.15442 1367.38477 19730.93484 4.7859 9351.6 17.414 15366.0 34.086 "" "" 0.002767877317122475 0.0034456784 0.004481563 0.007927241 135.07263095254 -49.29908117028 1333.9613 -13.202999999999989 10.519000000000004 -8.461999824523925 6.688166564941406 0.1055281 0.1045281 "" "" 68.19939570092028 "" 7.170806776934883 ""
134.97442298735 -49.27733011139 0.0166 0.0169 18.1423 "" "" 5325392489337969280 1229.34607 0.7774 0.0194 -4.348 -0.283 0.022 0.022 1.074 6152.3 4.1733 14.950627 1.13262 15.428067 14.295447 "" "" 1196.10376 1269.26721 19710.41618 4.4049 9208.5 11.025 15170.0 13.672 "" "" 0.0027659833993246025 0.0030781194 0.0039040023 0.0069821216 134.97442298735 -49.27733011139 1229.34607 -4.347999999999999 -0.28299999999999825 0.39300017547607435 -4.113833435058594 0.1065281 0.1065281 "" "" 24.08085778659008 "" 2.5652881070848816 ""
134.97770384172 -48.96279887735 0.0199 0.0204 4.6444 "" "" 5325400834451105024 1332.33301 0.7108 0.0232 -12.688 16.331 0.026 0.026 1.184 5728.1 3.7563 14.953331 1.506578 15.543494 14.036916 44.47 13.29 1297.08398 1373.12158 19661.39983 8.0763 8279.8 95.016 19248.0 260.38 "" "" 0.0027911814476876875 0.012768109 0.01516591 0.027934019 134.97770384172 -48.96279887735 1332.33301 -12.687999999999999 16.331 -7.946999824523926 12.500166564941406 0.110528104 0.110528104 "" "" 93.54451324844027 "" 10.339297689630632 ""
135.47094253224 -49.27154255765 0.0169 0.0183 22.7803 "" "" 5325213509458600192 1490.18542 0.6425 0.0208 -7.523 4.867 0.022 0.023 1.068 "" "" 14.956162 1.19321 15.465178 14.271968 "" "" 1443.14001 1536.40527 19610.18029 5.2123 8899.1 15.612 15501.0 15.573 "" "" 0.0027703916833098662 0.0033783282 0.00393364 0.007311968 135.47094253224 -49.27154255765 1490.18542 -7.522999999999998 4.866999999999999 -2.7819998245239255 1.0361665649414062 0.1065281 0.107528105 "" "" 20.969331324312037 "" 2.2363881520851483 ""
135.38043294678 -49.34623115074 0.0167 0.017 24.4874 "" "" 5325189732519864704 1620.54297 0.5828 0.0195 -2.145 2.116 0.022 0.021 0.909 7266.4 4.0766 14.956364 1.054877 15.394072 14.339194 "" "" 1567.92993 1693.4292 19606.55567 6.2791 9501.4 14.716 14571.0 20.965 "" "" 0.0027771736409719387 0.0032577408 0.0040895133 0.007347254 135.38043294678 -49.34623115074 1620.54297 -2.1449999999999996 2.1159999999999997 2.596000175476074 -1.7148334350585936 0.1065281 0.1055281 "" "" 23.898666520643577 "" 2.53864320425644 ""
134.61300372819 -48.66740285899 0.0156 0.017 26.8079 "" "" 5325469420791514112 1628.96167 0.5813 0.0186 -3.478 6.183 0.021 0.022 1.07 7911.6 3.8923 14.958908 1.496139 15.641239 14.1451 23.92 9.08 1580.14453 1691.56177 19560.65674 5.3326 7567.0 14.325 17423.0 13.137 "" "" 0.0027711731515533064 0.0034655007 0.003867029 0.00733253 134.61300372819 -48.66740285899 1628.96167 -3.478000000000004 6.183 1.263000175476074 2.352166564941406 0.1055281 0.1065281 "" "" 20.614304929791302 "" 2.1914062880404876 ""
135.59663315507 -49.1281835695 0.0271 0.0295 21.6716 "" "" 5325403896771419520 1173.03943 0.8247 0.0306 -2.826 6.162 0.036 0.036 1.612 7801.6 4.3204 14.961045 1.202568 15.470495 14.267927 "" "" 1138.98633 1220.96619 19522.19827 8.734 8855.6 15.275 15559.0 15.54 "" "" 0.0027978095137562563 0.0033604116 0.003931879 0.0072922907 135.59663315507 -49.1281835695 1173.03943 -2.826000000000001 6.161999999999999 1.9150001754760742 2.331166564941406 0.1205281 0.1205281 "" "" 16.774475412330997 "" 2.021795682170106 ""
135.62768646715 -49.24433463592 0.05 0.0314 26.215 "" "" 5325214540250809216 1264.71301 0.7552 0.0397 -12.522 7.751 0.059 0.033 1.018 "" "" 14.966332 "" "" "" "" "" 1209.51453 1328.25696 19427.35283 12.421 "" "" "" "" "" "" 0.002841419445960486 "" "" "" 135.62768646715 -49.24433463592 1264.71301 -12.521999999999995 7.751000000000002 -7.780999824523926 3.9201665649414066 0.1435281 0.1175281 "" "" 52.23054818129819 "" 7.242222642960198 ""
134.81028906529 -49.36381474915 0.0175 0.0165 25.2682 "" "" 5325385273792807936 1597.99036 0.5898 0.0202 -5.899 3.927 0.023 0.021 1.068 7606.1 4.0101 14.974787 1.146111 15.458716 14.312606 "" "" 1548.85974 1647.65637 19276.66725 7.925 8952.2 15.409 14932.0 17.153 "" "" 0.0027912421019188212 0.0033582079 0.0039798627 0.0073380703 134.81028906529 -49.36381474915 1597.99036 -5.898999999999996 3.9270000000000036 -1.1579998245239258 0.0961665649414063 0.107528105 0.1055281 "" "" 8.801433549919224 "" 0.9462820203514839 ""
134.70005011791 -49.04853703672 0.0181 0.0175 15.8463 "" "" 5325440489892139136 1608.83472 0.5917 0.0209 -5.228 4.596 0.024 0.023 1.004 6449.9 3.9651 14.985836 1.350391 15.585107 14.234715 73.0 6.84 1557.83289 1657.56104 19081.49897 5.0292 7968.5 12.39 16042.0 12.71 "" "" 0.002770140362633366 0.0032611352 0.0038760433 0.0071371784 134.70005011791 -49.04853703672 1608.83472 -5.228 4.596 -0.48699982452392554 0.7651665649414063 0.10852811 0.107528105 "" "" 6.916668795364181 "" 0.7457369455612826 ""
134.62643815554 -48.79012078534 0.0157 0.0172 21.7244 "" "" 5325464369910191616 1454.17737 0.6542 0.0192 -7.347 8.192 0.021 0.022 0.969 6984.4 3.8992 14.986877 1.563083 15.71087 14.147787 59.23 6.14 1415.90796 1493.71008 19063.19618 5.3006 7096.9 11.44 17380.0 14.099 "" "" 0.002771809702593644 0.0032936549 0.0038806552 0.0071743103 134.62643815554 -48.79012078534 1454.17737 -7.347000000000001 8.192000000000002 -2.605999824523926 4.361166564941406 0.1055281 0.1065281 "" "" 35.01855437729906 "" 3.7212782394241333 ""
135.29359372578 -48.90629620632 0.0168 0.0195 9.2731 "" "" 5325422519749715968 1304.04858 0.7299 0.0195 -1.534 3.114 0.022 0.023 1.043 6762.2 3.8349 14.987533 1.790898 15.854166 14.063268 34.7 6.35 1276.40186 1333.4408 19051.69562 5.1993 6219.4 14.933 18787.0 12.201 "" "" 0.0027712063543651835 0.0038184982 0.0038445962 0.0076630944 135.29359372578 -48.90629620632 1304.04858 -1.5339999999999996 3.114 3.2070001754760744 -0.7168334350585939 0.1065281 0.107528105 "" "" 20.31224173096733 "" 2.164795453946546 ""
134.6771293854 -49.24712293004 0.0166 0.0179 22.6238 "" "" 5325389946717059712 1480.08789 0.6433 0.0197 -5.295 4.735 0.021 0.023 1.007 7221.6 4.2548 14.988008 1.121626 15.461597 14.339972 "" "" 1435.34851 1528.70715 19043.34241 4.6843 8928.5 11.201 14560.0 11.956 "" "" 0.002768233375177545 0.0031048849 0.0038831173 0.006988002 134.6771293854 -49.24712293004 1480.08789 -5.295000000000001 4.7350000000000065 -0.5539998245239257 0.9041665649414066 0.1055281 0.107528105 "" "" 7.439309634505477 "" 0.7959013179007962 ""
135.48553031682 -49.20544806078 0.018 0.0191 20.3939 "" "" 5325401796523479168 1165.72803 0.8263 0.0216 -2.881 5.519 0.023 0.023 0.965 7469.7 4.1777 14.994565 1.332087 15.581881 14.249795 "" "" 1132.91638 1203.30432 18928.70357 4.9602 7992.2 15.186 15821.0 16.803 "" "" 0.002769970620675644 0.003470023 0.0039513833 0.007421406 135.48553031682 -49.20544806078 1165.72803 -2.8810000000000002 5.519 1.8600001754760744 1.6881665649414064 0.107528105 0.107528105 "" "" 13.879483159960309 "" 1.4924345278184834 ""
135.3395478538 -49.39254231356 0.0158 0.0174 26.3426 "" "" 5325189182763811456 1365.53198 0.6938 0.019 -7.274 7.705 0.022 0.022 1.022 7089.7 4.2272 14.995296 1.178701 15.50022 14.321519 "" "" 1329.27881 1401.37244 18915.95895 4.3008 8616.5 12.855 14810.0 11.718 "" "" 0.0027663563943909663 0.0032262749 0.0038757848 0.0071020597 135.3395478538 -49.39254231356 1365.53198 -7.274000000000001 7.705000000000001 -2.532999824523926 3.8741665649414063 0.1065281 0.1065281 "" "" 29.960096906695796 "" 3.191592299700232 ""
134.78908640302 -49.09288214463 0.0171 0.0162 13.5265 "" "" 5325445059737422464 1653.02844 0.5659 0.0196 -10.497 8.725 0.023 0.021 1.08 7429.6 4.0658 15.007383 1.063391 15.447679 14.384289 "" "" 1606.13892 1723.11731 18706.53235 4.6338 9043.7 11.548 13978.0 11.031 "" "" 0.0027684151458331778 0.0031156254 0.0038752914 0.006990917 134.78908640302 -49.09288214463 1653.02844 -10.496999999999998 8.724999999999998 -5.755999824523926 4.894166564941406 0.107528105 0.1055281 "" "" 59.19941142644087 "" 6.316190042679075 ""
135.28185841403 -49.11722557406 0.0177 0.0182 10.939 "" "" 5325406748629572352 1224.4303 0.781 0.0205 -9.636 10.014 0.023 0.022 1.0 7218.6 4.1272 15.008763 1.371393 15.616295 14.244902 22.96 7.5 1191.84863 1256.34253 18682.7755 5.0833 7742.8 12.134 15893.0 15.322 "" "" 0.0027711113042612487 0.0032680463 0.0039216536 0.0071897 135.28185841403 -49.11722557406 1224.4303 -9.636 10.014 -4.894999824523925 6.183166564941406 0.107528105 0.1065281 "" "" 45.77007972007486 "" 4.8934844196803455 ""
135.11609458155 -49.02373779716 0.018 0.019 2.5446 "" "" 5325420045848146304 1368.80859 0.692 0.0212 -1.648 5.131 0.026 0.023 0.915 7104.4 4.2065 15.008788 1.124315 15.480708 14.356393 "" "" 1333.78833 1422.56091 18682.35548 4.4321 8772.7 16.196 14342.0 18.786 "" "" 0.002767333341112275 0.0034355398 0.0040381025 0.007473642 135.11609458155 -49.02373779716 1368.80859 -1.6479999999999961 5.131000000000004 3.0930001754760745 1.3001665649414065 0.110528104 0.107528105 "" "" 21.768775536417564 "" 2.3963682545652776 ""
