Clusters/Collinder_205/Collinder_205_stars_in_region.tsv
# %ECSV 1.0
# ---
# datatype:
# - name: RA_ICRS_1
#   unit: deg
#   datatype: float64
#   format: '{:15.11f}'
#   description: Right ascension (ICRS) at Ep=2016.0 (ra)
#   meta: !!omap
#   - {ucd: POS_EQ_RA_MAIN}
#   - {width: 15}
#   - {precision: '11'}
# - name: DE_ICRS_1
#   unit: deg
#   datatype: float64
#   format: '{:15.11f}'
#   description: Declination (ICRS) at Ep=2016.0 (dec)
#   meta: !!omap
#   - {ucd: POS_EQ_DEC_MAIN}
#   - {width: 15}
#   - {precision: '11'}
# - name: e_RA_ICRS
#   unit: mas
#   datatype: float64
#   format: '{:7.4f}'
#   description: Standard error of right ascension (ra_error)
#   meta: !!omap
#   - {ucd: ERROR}
#   - {width: 7}
#   - {precision: '4'}
# - name: e_DE_ICRS
#   unit: mas
#   datatype: float64
#   format: '{:7.4f}'
#   description: Standard error of declination (dec_error)
#   meta: !!omap
#   - {ucd: ERROR}
#   - {width: 7}
#   - {precision: '4'}
# - name: _r_1
#   unit: ''
#   datatype: float64
#   format: '{:7.4f}'
#   description: Distance from center (135.09080881000-48.98470569000)[ICRS], at Epoch=J2016.0
#   meta: !!omap
#   - {ucd: POS_ANG_DIST_GENERAL}
#   - {width: 7}
#   - {precision: '4'}
# - name: HIP
#   datatype: int32
#   description: '? HIP cross-id number, van Leeuwen, Cat. I/311 (hip_original_ext_source_id)'
#   meta: !!omap
#   - {ucd: ID_NUMBER}
#   - {width: 6}
#   - values: {'null': -2147483648}
# - name: TYC2
#   datatype: string
#   description: Tycho-2 cross-id name, Hog et al., Cat. I/259 (tyc2_original_ext_source_id)
#   meta: !!omap
#   - {ucd: ID_CROSSID}
#   - {_votable_string_dtype: char}
# - name: Source
#   datatype: int64
#   description: Source identifier, identical to the Gaia-EDR3 source_id (id)
#   meta: !!omap
#   - {ucd: ID_MAIN}
#   - {width: 19}
# - name: rgeo
#   unit: pc
#   datatype: float64
#   format: '{:15.8f}'
#   description: '? Median of the geometric distance posterior (r_med_geo)'
#   meta: !!omap
#   - {ucd: PHYS_DISTANCE_TRUE}
#   - {width: 15}
#   - {precision: '8'}
#   - values: {'null': .nan}
# - name: Plx
#   unit: mas
#   datatype: float64
#   format: '{:9.4f}'
#   description: '? Parallax (parallax)'
#   meta: !!omap
#   - {ucd: POS_PARLX_TRIG}
#   - {width: 9}
#   - {precision: '4'}
#   - values: {'null': .nan}
# - name: e_Plx
#   unit: mas
#   datatype: float32
#   format: '{:7.4f}'
#   description: '? Standard error of parallax (parallax_error)'
#   meta: !!omap
#   - {ucd: ERROR}
#   - {width: 7}
#   - {precision: '4'}
#   - values: {'null': .nan}
# - name: pmRA
#   unit: mas / yr
#   datatype: float64
#   format: '{:9.3f}'
#   description: '? Proper motion in right ascension direction, pmRA*cosDE (pmra)'
#   meta: !!omap
#   - {ucd: POS_EQ_PMRA}
#   - {width: 9}
#   - {precision: '3'}
#   - values: {'null': .nan}
# - name: pmDE
#   unit: mas / yr
#   datatype: float64
#   format: '{:9.3f}'
#   description: '? Proper motion in declination direction (pmdec)'
#   meta: !!omap
#   - {ucd: POS_EQ_PMDEC}
#   - {width: 9}
#   - {precision: '3'}
#   - values: {'null': .nan}
# - name: e_pmRA
#   unit: mas / yr
#   datatype: float32
#   format: '{:6.3f}'
#   description: '? Standard error of proper motion in right ascension direction (pmra_error)'
#   meta: !!omap
#   - {ucd: ERROR}
#   - {width: 6}
#   - {precision: '3'}
#   - values: {'null': .nan}
# - name: e_pmDE
[...]
#         value: !astropy.table.SerializedColumn {name: SkyCoord.dec}
#       distance: !astropy.table.SerializedColumn
#         __class__: astropy.coordinates.distances.Distance
#         unit: !astropy.units.Unit {unit: pc}
#         value: !astropy.table.SerializedColumn {name: SkyCoord.distance}
#       frame: icrs
#       obstime: !astropy.time.Time {format: jyear_str, in_subfmt: '*', jd1: 367701545.0, jd2: 0.0, out_subfmt: '*', precision: 3, scale: tt}
#       pm_dec: !astropy.table.SerializedColumn
#         __class__: astropy.units.quantity.Quantity
#         unit: !astropy.units.Unit {unit: mas / yr}
#         value: !astropy.table.SerializedColumn {name: SkyCoord.pm_dec}
#       pm_ra_cosdec: !astropy.table.SerializedColumn
#         __class__: astropy.units.quantity.Quantity
#         unit: !astropy.units.Unit {unit: mas / yr}
#         value: !astropy.table.SerializedColumn {name: SkyCoord.pm_ra_cosdec}
#       ra: !astropy.table.SerializedColumn
#         __class__: astropy.coordinates.angles.Longitude
#         unit: *id001
#         value: !astropy.table.SerializedColumn {name: SkyCoord.ra}
#         wrap_angle: !astropy.coordinates.Angle
#           unit: *id001
#           value: 360.0
#       representation_type: spherical
# schema: astropy-2.0
RA_ICRS_1 DE_ICRS_1 e_RA_ICRS e_DE_ICRS _r_1 HIP TYC2 Source rgeo Plx e_Plx pmRA pmDE e_pmRA e_pmDE RUWE Teff logg Gmag BP-RP BPmag RPmag RV e_RV b_rgeo B_rgeo FG e_FG FBP e_FBP FRP e_FRP RAVE5 RAVE6 e_Gmag e_BPmag e_RPmag e_BP-RP SkyCoord.ra SkyCoord.dec SkyCoord.distance SkyCoord.pm_ra_cosdec SkyCoord.pm_dec rmRA rmDE e_rmRA e_rmDE rRV e_rRV v_pec v_pec3d e_vpec e_vpec3d
[from data line 791]
135.52788013119 -48.98750466275 0.0377 0.041 17.2103 "" "" 5325414239052632576 1341.78113 0.716 0.044 -17.366 16.599 0.051 0.049 1.0 4798.5 4.1493 16.657778 2.143001 17.763557 15.620557 "" "" 1256.82739 1456.95337 4091.0596 2.7598 1071.5 8.2521 4476.5 9.9724 "" "" 0.002851007377393428 0.008814972 0.0044870847 0.013302056 135.52788013119 -48.98750466275 1341.78113 -17.366 16.599 -12.624999824523925 12.768166564941406 0.1355281 0.1335281 "" "" 114.2007048880527 "" 15.362340640558278 ""
135.13845190909 -48.73268325082 0.0412 0.0388 15.2379 "" "" 5325474437313369088 1656.89075 0.5852 0.0471 -4.907 7.46 0.052 0.047 0.932 6028.7 4.3147 16.659584 1.774642 17.515533 15.740891 "" "" 1536.42529 1783.81567 4084.25421 2.4067 1346.5 11.886 4006.8 9.2645 "" "" 0.0028286239022094328 0.009982034 0.0045371796 0.014519213 135.13845190909 -48.73268325082 1656.89075 -4.906999999999996 7.459999999999994 -0.1659998245239258 3.629166564941406 0.1365281 0.13152811 "" "" 28.53204860846587 "" 3.75306990643521 ""
135.48333316814 -49.06704564287 0.039 0.0422 16.2141 "" "" 5325405202441441280 1523.20447 0.6301 0.0461 -6.93 5.65 0.053 0.05 1.039 6652.5 4.3586 16.65994 1.741352 17.494991 15.753639 "" "" 1439.5022 1625.08667 4082.9197 2.4446 1372.2 10.114 3960.1 10.822 "" "" 0.002830968507842533 0.008475039 0.0048049083 0.013279947 135.48333316814 -49.06704564287 1523.20447 -6.93 5.65 -2.1889998245239255 1.8191665649414066 0.1375281 0.1345281 "" "" 20.549828475593195 "" 2.8011585091653375 ""
135.03805791383 -49.34310176638 0.0383 0.0404 21.6031 "" "" 5325380188551716096 1459.70496 0.6674 0.0461 -6.966 11.629 0.052 0.047 1.047 5667.8 4.6206 16.660173 1.2725 17.210255 15.937755 "" "" 1376.14294 1552.85913 4082.0402 2.7692 1783.7 10.841 3342.4 12.93 "" "" 0.002852068217762407 0.0071645365 0.005650217 0.012814754 135.03805791383 -49.34310176638 1459.70496 -6.966000000000001 11.629000000000001 -2.224999824523926 7.798166564941406 0.1365281 0.13152811 "" "" 56.10880479348799 "" 7.401374734038451 ""
135.59366098766 -49.28638786314 0.0404 0.0427 26.7826 "" "" 5325214364150563072 1654.87231 0.5778 0.0481 -10.201 -6.188 0.052 0.052 1.105 6134.2 4.4398 16.66153 1.561707 17.387955 15.826248 "" "" 1547.74866 1768.11719 4076.94612 2.5115 1514.4 7.4234 3703.9 12.251 "" "" 0.002835337168319763 0.006009181 0.0052134697 0.011222651 135.59366098766 -49.28638786314 1654.87231 -10.201000000000004 -6.187999999999999 -5.459999824523926 -10.018833435058593 0.1365281 0.1365281 "" "" 89.50130034393713 "" 12.219442890152882 ""
135.33411743161 -48.66401381273 0.0408 0.047 21.5084 "" "" 5325433686663577856 1406.61536 0.7035 0.0474 -7.832 5.239 0.048 0.055 0.999 5901.4 4.4198 16.661701 1.775322 17.515408 15.740086 "" "" 1310.57141 1497.78528 4076.298 2.491 1346.6 9.0917 4009.8 9.1348 "" "" 0.0028340789893574873 0.007843506 0.0045168144 0.0123603195 135.33411743161 -48.66401381273 1406.61536 -7.832000000000002 5.238999999999999 -3.0909998245239256 1.4081665649414061 0.1325281 0.1395281 "" "" 22.64665960179877 "" 3.029155570045128 ""
135.28005518482 -48.55931914588 0.0383 0.0421 26.5976 "" "" 5325482748067665536 1181.87109 0.8363 0.0449 32.965 -13.288 0.051 0.051 1.034 6266.3 4.4579 16.662481 1.621608 17.423677 15.80207 "" "" 1119.12952 1271.51013 4073.37063 2.5527 1465.4 10.676 3787.3 8.5189 "" "" 0.0028380884506801437 0.008387681 0.004499776 0.012887457 135.28005518482 -48.55931914588 1181.87109 32.965 -13.288000000000004 37.70600017547608 -17.118833435058594 0.1355281 0.1355281 "" "" 231.98227165257694 "" 31.440117094686684 ""
135.57785866187 -49.19232384839 0.0389 0.0393 22.835 "" "" 5325215639762405120 1661.16638 0.5756 0.0439 -10.011 5.964 0.049 0.046 0.974 4856.6 4.2984 16.662626 1.514023 17.361244 15.847221 "" "" 1550.35583 1816.91357 4072.83038 2.2264 1552.1 8.6516 3633.0 11.604 "" "" 0.0028185188584276388 0.0066642407 0.0051293336 0.011793574 135.57785866187 -49.19232384839 1661.16638 -10.011 5.964 -5.269999824523925 2.1331665649414067 0.1335281 0.1305281 "" "" 44.76610468472084 "" 5.95880974238971 ""
134.82332786259 -49.29838190995 0.034 0.0369 21.5509 "" "" 5325387094858918784 1594.56958 0.6023 0.0414 -10.341 10.744 0.045 0.045 1.009 5490.8 4.5629 16.664341 1.428299 17.308128 15.879829 "" "" 1490.89526 1700.47913 4066.39919 2.1156 1629.9 7.1847 3525.5 10.263 "" "" 0.0028126262760087236 0.0055399253 0.0049268147 0.01046674 134.82332786259 -49.29838190995 1594.56958 -10.341 10.744 -5.599999824523925 6.913166564941406 0.1295281 0.1295281 "" "" 67.24382452873022 "" 8.709965181571171 ""
134.4970820202 -49.14380199619 0.0386 0.0467 25.2175 "" "" 5325441039647870976 1469.4967 0.6722 0.0486 -1.319 9.485 0.05 0.051 1.081 5683.0 4.6271 16.66457 1.379134 17.270306 15.891171 "" "" 1347.94031 1608.33301 4065.54734 2.2463 1687.7 8.1316 3488.9 10.709 "" "" 0.002819868743075963 0.005928826 0.0050388514 0.010967677 134.4970820202 -49.14380199619 1469.4967 -1.319 9.485 3.4220001754760743 5.654166564941406 0.1345281 0.1355281 "" "" 46.03484703504091 "" 6.2267073534829205 ""
135.2351113051 -49.28180160085 0.0375 0.0395 18.7043 "" "" 5325381356782943104 1567.27563 0.6234 0.0458 -1.053 6.683 0.049 0.047 1.004 4712.0 4.2992 16.665567 1.481839 17.349926 15.868087 "" "" 1451.58264 1682.58875 4061.8086 2.2947 1568.4 11.053 3563.9 9.7577 "" "" 0.002822769275457846 0.008144371 0.0048083756 0.012952747 135.2351113051 -49.28180160085 1567.27563 -1.0530000000000004 6.683 3.6880001754760743 2.852166564941406 0.1335281 0.13152811 "" "" 34.63502673312621 "" 4.598946994345194 ""
135.73755121188 -49.11178024135 0.0417 0.0432 26.5516 "" "" 5325221579695668736 1295.9165 0.766 0.0477 3.096 -7.631 0.053 0.054 0.997 5389.8 4.5848 16.667194 1.475807 17.3464 15.870592 "" "" 1225.52405 1405.86169 4055.72847 2.4767 1573.5 11.711 3555.7 10.621 "" "" 0.002833970608456922 0.008548891 0.0049801236 0.013529015 135.73755121188 -49.11178024135 1295.9165 3.0960000000000054 -7.631 7.837000175476074 -11.461833435058594 0.1375281 0.13852811 "" "" 85.2903875629883 "" 11.788011702453467 ""
134.54792589704 -49.16012314834 0.036 0.0426 23.7931 "" "" 5325438187789617024 1392.25 0.6894 0.0453 -5.505 4.397 0.047 0.05 0.957 5816.4 4.497 16.668531 1.370524 17.280472 15.909947 "" "" 1316.25269 1459.53015 4050.74025 2.5038 1672.0 8.1776 3429.1 7.9268 "" "" 0.0028358718835851575 0.005998638 0.0045368387 0.010535477 134.54792589704 -49.16012314834 1392.25 -5.505 4.397 -0.7639998245239257 0.5661665649414065 0.13152811 0.1345281 "" "" 6.275343456881351 "" 0.8321064223540616 ""
135.35784908584 -48.60178680119 0.0387 0.0408 25.2837 "" "" 5325435610809023872 1317.30176 0.7333 0.0444 -8.947 8.676 0.047 0.049 0.974 6726.6 4.3588 16.670397 1.840311 17.576689 15.736378 "" "" 1253.14514 1401.77283 4043.78571 2.2167 1272.7 9.7155 4023.5 7.9338 "" "" 0.00281886858594843 0.008745303 0.0043436494 0.013088953 135.35784908584 -48.60178680119 1317.30176 -8.947 8.676000000000005 -4.205999824523925 4.845166564941406 0.13152811 0.1335281 "" "" 40.062065498115935 "" 5.315127602250146 ""
135.04758528507 -48.55190961569 0.041 0.0388 26.024 "" "" 5325485776026892800 1668.26575 0.5747 0.0457 -5.655 4.519 0.053 0.046 0.969 9112.0 4.3815 16.672197 1.923188 17.625357 15.702168 "" "" 1552.84351 1801.71704 4037.08589 2.5815 1217.0 7.8117 4152.3 8.7869 "" "" 0.00284144334997419 0.0075069293 0.0044229645 0.011929894 135.04758528507 -48.55190961569 1668.26575 -5.655000000000001 4.519000000000001 -0.913999824523926 0.6881665649414064 0.1375281 0.1305281 "" "" 9.047076018679663 "" 1.2216942398964847 ""
135.53648411127 -49.29369419447 0.0381 0.0408 25.4902 "" "" 5325212817962334464 1257.98999 0.7614 0.0458 -9.774 7.172 0.048 0.049 0.972 4888.5 4.3392 16.672552 1.659365 17.466694 15.807329 "" "" 1192.9115 1351.4502 4035.76483 2.5273 1408.4 17.25 3769.0 10.399 "" "" 0.0028379702439731065 0.013587593 0.0048226123 0.018410206 135.53648411127 -49.29369419447 1257.98999 -9.774 7.172 -5.032999824523925 3.341166564941406 0.1325281 0.1335281 "" "" 36.02210803750905 "" 4.784989117687181 ""
134.52012005112 -49.20613354576 0.0361 0.0422 26.0618 "" "" 5325437672393540096 1384.92188 0.712 0.0454 -3.815 4.591 0.046 0.048 0.998 5584.3 4.6576 16.672985 1.405648 17.303324 15.897676 "" "" 1291.0896 1458.93237 4034.15352 2.4363 1637.1 8.9195 3468.1 11.38 "" "" 0.0028322653263271147 0.006540481 0.005193872 0.011734353 134.52012005112 -49.20613354576 1384.92188 -3.8149999999999995 4.590999999999999 0.9260001754760743 0.7601665649414064 0.1305281 0.1325281 "" "" 7.864650515898424 "" 1.0329192183853118 ""
134.85750917929 -48.77305155641 0.0427 0.04 15.6849 "" "" 5325476120941593344 1676.80176 0.5858 0.0487 -3.694 3.796 0.055 0.052 1.035 7157.6 4.3405 16.675526 1.783627 17.536736 15.753108 "" "" 1554.52087 1817.96887 4024.72432 2.3077 1320.5 8.4197 3962.0 8.7155 "" "" 0.0028247735978543984 0.0074639376 0.0044708 0.011934738 134.85750917929 -48.77305155641 1676.80176 -3.6940000000000035 3.7960000000000003 1.0470001754760743 -0.03483343505859393 0.1395281 0.1365281 "" "" 8.326203850278661 "" 1.1617120468222986 ""
134.6936075418 -48.78421753235 0.0373 0.0386 19.7559 "" "" 5325464885306297984 1428.29077 0.6754 0.045 -5.891 6.84 0.048 0.05 0.986 4960.8 4.2622 16.67931 1.770023 17.538607 15.768583 "" "" 1335.96606 1541.45251 4010.72701 2.4658 1318.2 7.5712 3905.9 9.1136 "" "" 0.002835024091704039 0.0068317666 0.004549893 0.01138166 134.6936075418 -48.78421753235 1428.29077 -5.891 6.84 -1.1499998245239258 3.009166564941406 0.1325281 0.1345281 "" "" 21.809367937925035 "" 2.928450263475745 ""
135.13023871629 -48.83702155746 0.0383 0.038 8.9964 "" "" 5325426574198849152 1579.36084 0.6031 0.044 -0.694 6.693 0.05 0.048 0.999 7463.3 4.1891 16.679672 1.773524 17.53756 15.764035 "" "" 1485.34082 1677.10437 4009.38693 2.2204 1319.5 8.42 3922.3 10.182 "" "" 0.0028201646077587366 0.007469033 0.0047146175 0.01218365 135.13023871629 -48.83702155746 1579.36084 -0.694 6.693 4.047000175476074 2.862166564941406 0.1345281 0.1325281 "" "" 37.10770732240241 "" 4.967408251856269 ""
135.29092619709 -48.97237651887 0.0416 0.041 7.9154 "" "" 5325421111000157824 1188.16003 0.8175 0.0472 -8.985 4.267 0.059 0.047 0.984 4948.9 4.3273 16.691902 1.688383 17.498543 15.81016 "" "" 1126.38623 1249.42212 3964.47384 2.3509 1367.7 8.6867 3759.2 10.647 "" "" 0.0028295423109632747 0.007438945 0.0048723537 0.012311298 135.29092619709 -48.97237651887 1188.16003 -8.984999999999996 4.267000000000003 -4.243999824523925 0.4361665649414066 0.1435281 0.13152811 "" "" 24.027587103552744 "" 3.4457452087902047 ""
134.97166142763 -49.12821038757 0.0429 0.0412 9.8022 "" "" 5325397295400632320 1569.55005 0.621 0.0485 -2.339 1.47 0.055 0.053 1.005 5461.2 4.6026 16.692326 1.4424 17.341692 15.899292 "" "" 1449.21411 1731.67749 3962.92862 2.372 1580.3 7.408 3462.9 7.7708 "" "" 0.002830920888005779 0.0058042505 0.0044966447 0.010300895 134.97166142763 -49.12821038757 1569.55005 -2.339 1.47 2.4020001754760743 -2.360833435058594 0.1395281 0.1375281 "" "" 25.056484867852138 "" 3.471550776163723 ""
135.09452078249 -48.56023969324 0.0412 0.0385 25.4684 "" "" 5325485054472396288 1563.12048 0.6209 0.045 -1.097 2.462 0.054 0.045 0.923 7127.4 4.1099 16.693369 2.026619 17.72301 15.69639 "" "" 1469.60938 1676.61963 3959.12263 2.4528 1112.3 9.2684 4174.5 12.058 "" "" 0.002836237637655723 0.009467535 0.0049111187 0.014378654 135.09452078249 -48.56023969324 1563.12048 -1.097 2.4620000000000006 3.6440001754760742 -1.3688334350585936 0.13852811 0.1295281 "" "" 28.84111947931609 "" 3.9641291049786322 ""
134.94013851451 -49.16949214922 0.0418 0.04 12.5695 "" "" 5325396784305180928 1486.8623 0.6423 0.0467 -5.89 5.831 0.055 0.051 1.047 5480.8 4.6085 16.693474 1.341727 17.285229 15.943501 "" "" 1387.95325 1598.02295 3958.74136 2.8389 1664.7 10.888 3324.7 8.8862 "" "" 0.0028632176600481497 0.0076297564 0.0047649727 0.012394729 134.94013851451 -49.16949214922 1486.8623 -5.89 5.831 -1.1489998245239255 2.0001665649414067 0.1395281 0.1355281 "" "" 16.256995614091707 "" 2.2195920398643763 ""
135.75787640403 -49.07589231093 0.0404 0.044 26.8063 "" "" 5325222507408610304 1640.83411 0.5928 0.0473 -1.927 0.778 0.053 0.054 0.973 5605.1 4.5437 16.697283 1.417609 17.3353 15.917691 "" "" 1506.38464 1766.89429 3944.88004 2.2841 1589.6 12.491 3404.7 10.054 "" "" 0.002826125297844213 0.00897632 0.0049561225 0.013932442 135.75787640403 -49.07589231093 1640.83411 -1.9269999999999996 0.7779999999999994 2.814000175476074 -3.0528334350585937 0.1375281 0.13852811 "" "" 32.2917331785855 "" 4.458508257004899 ""
135.19369555971 -48.86376896382 0.0383 0.0406 8.3129 "" "" 5325425607822568832 1337.97192 0.7299 0.0455 -1.449 -0.602 0.049 0.049 1.03 6154.4 4.391 16.698076 1.771964 17.552958 15.780993 "" "" 1263.52039 1417.04431 3941.99724 2.1438 1300.9 9.9244 3861.5 8.7803 "" "" 0.0028178777942453087 0.008740262 0.0045142514 0.013254514 135.19369555971 -48.86376896382 1337.97192 -1.449 -0.601999999999999 3.2920001754760744 -4.432833435058594 0.1335281 0.1335281 "" "" 35.017461673230336 "" 4.675815070262872 ""
134.84266403812 -49.11339390647 0.0396 0.0386 12.4435 "" "" 5325398124335390720 1468.07788 0.6686 0.0457 0.763 -10.525 0.055 0.051 1.031 5414.7 4.6481 16.701666 1.428152 17.347145 15.918993 "" "" 1385.48096 1574.8501 3928.98444 2.1129 1572.4 7.8946 3400.6 10.059 "" "" 0.0028165056726448313 0.0061237677 0.0049596573 0.011083425 134.84266403812 -49.11339390647 1468.07788 0.7630000000000012 -10.524999999999999 5.504000175476074 -14.355833435058594 0.1395281 0.1355281 "" "" 106.98834002039978 "" 14.555474348591337 ""
134.45778046744 -48.86255973947 0.0379 0.0438 26.0102 "" "" 5325458013358538496 1611.18799 0.6045 0.046 1.452 0.904 0.052 0.056 0.969 4800.8 4.32 16.704021 1.525739 17.412268 15.886529 "" "" 1491.22778 1783.31506 3920.46801 2.1977 1480.8 6.975 3503.9 8.7543 "" "" 0.0028217410178139855 0.0058257543 0.0046521183 0.010477873 134.45778046744 -48.86255973947 1611.18799 1.4520000000000004 0.9040000000000001 6.193000175476074 -2.926833435058594 0.1365281 0.14052811 "" "" 52.31204908432011 "" 7.180723524359092 ""
134.96691997254 -48.82191967002 0.0394 0.0396 10.9212 "" "" 5325472680664551040 1131.77307 0.8644 0.0461 2.587 4.528 0.054 0.045 0.964 6169.6 4.4426 16.704721 1.770731 17.544231 15.7735 "" "" 1083.77185 1187.94763 3917.9408 2.1861 1311.4 10.131 3888.3 11.541 "" "" 0.0028211336685543906 0.008839575 0.0049667847 0.01380636 134.96691997254 -48.82191967002 1131.77307 2.5869999999999984 4.528000000000005 7.328000175476074 0.6971665649414058 0.13852811 0.1295281 "" "" 39.48932881718107 "" 5.467296770004238 ""
135.06091899135 -49.27734567873 0.0367 0.0406 17.5976 "" "" 5325380635228304000 1168.60303 0.8521 0.0457 -6.439 7.39 0.049 0.048 1.034 5297.7 4.6692 16.70498 1.435386 17.357508 15.922122 "" "" 1096.29968 1225.97363 3917.00521 2.1811 1557.4 7.8883 3390.9 10.917 "" "" 0.0028208673821137993 0.006166633 0.005148052 0.0113146845 135.06091899135 -49.27734567873 1168.60303 -6.439000000000001 7.390000000000001 -1.6979998245239258 3.559166564941406 0.1335281 0.1325281 "" "" 21.843523577190634 "" 2.8989429270595193 ""
134.44918104348 -48.93101843298 0.0372 0.0434 25.4824 "" "" 5325457291804044416 1508.28955 0.6595 0.0473 -5.299 12.453 0.051 0.06 0.923 4886.2 4.3522 16.707993 1.587106 17.451221 15.864116 "" "" 1409.84351 1612.76465 3906.15688 2.4372 1428.7 8.2538 3576.9 8.9027 "" "" 0.002837376207405938 0.0068650334 0.004646111 0.011511144 134.44918104348 -48.93101843298 1508.28955 -5.2989999999999995 12.453 -0.5579998245239262 8.622166564941406 0.1355281 0.1445281 "" "" 61.771343267238876 "" 8.925448422946886 ""
