Clusters/FSR_0284/FSR_0284_stars_in_region.tsv
# %ECSV 1.0
# ---
# datatype:
# - name: RA_ICRS_1
#   unit: deg
#   datatype: float64
#   format: '{:15.11f}'
#   description: Right ascension (ICRS) at Ep=2016.0 (ra)
#   meta: !!omap
#   - {ucd: POS_EQ_RA_MAIN}
#   - {width: 15}
#   - {precision: '11'}
# - name: DE_ICRS_1
#   unit: deg
#   datatype: float64
#   format: '{:15.11f}'
#   description: Declination (ICRS) at Ep=2016.0 (dec)
#   meta: !!omap
#   - {ucd: POS_EQ_DEC_MAIN}
#   - {width: 15}
#   - {precision: '11'}
# - name: e_RA_ICRS
#   unit: mas
#   datatype: float64
#   format: '{:7.4f}'
#   description: Standard error of right ascension (ra_error)
#   meta: !!omap
#   - {ucd: ERROR}
#   - {width: 7}
#   - {precision: '4'}
# - name: e_DE_ICRS
#   unit: mas
#   datatype: float64
#   format: '{:7.4f}'
#   description: Standard error of declination (dec_error)
#   meta: !!omap
#   - {ucd: ERROR}
#   - {width: 7}
#   - {precision: '4'}
# - name: _r_1
#   unit: ''
#   datatype: float64
#   format: '{:7.4f}'
#   description: Distance from center (314.13570873000+49.36430573000)[ICRS], at Epoch=J2016.0
#   meta: !!omap
#   - {ucd: POS_ANG_DIST_GENERAL}
#   - {width: 7}
#   - {precision: '4'}
# - name: HIP
#   datatype: int32
#   description: '? HIP cross-id number, van Leeuwen, Cat. I/311 (hip_original_ext_source_id)'
#   meta: !!omap
#   - {ucd: ID_NUMBER}
#   - {width: 6}
#   - values: {'null': -2147483648}
# - name: TYC2
#   datatype: string
#   description: Tycho-2 cross-id name, Hog et al., Cat. I/259 (tyc2_original_ext_source_id)
#   meta: !!omap
#   - {ucd: ID_CROSSID}
#   - {_votable_string_dtype: char}
# - name: Source
#   datatype: int64
#   description: Source identifier, identical to the Gaia-EDR3 source_id (id)
#   meta: !!omap
#   - {ucd: ID_MAIN}
#   - {width: 19}
# - name: rgeo
#   unit: pc
#   datatype: float64
#   format: '{:15.8f}'
#   description: '? Median of the geometric distance posterior (r_med_geo)'
#   meta: !!omap
#   - {ucd: PHYS_DISTANCE_TRUE}
#   - {width: 15}
#   - {precision: '8'}
#   - values: {'null': .nan}
# - name: Plx
#   unit: mas
#   datatype: float64
#   format: '{:9.4f}'
#   description: '? Parallax (parallax)'
#   meta: !!omap
#   - {ucd: POS_PARLX_TRIG}
#   - {width: 9}
#   - {precision: '4'}
#   - values: {'null': .nan}
# - name: e_Plx
#   unit: mas
#   datatype: float32
#   format: '{:7.4f}'
#   description: '? Standard error of parallax (parallax_error)'
#   meta: !!omap
#   - {ucd: ERROR}
#   - {width: 7}
#   - {precision: '4'}
#   - values: {'null': .nan}
# - name: pmRA
#   unit: mas / yr
#   datatype: float64
#   format: '{:9.3f}'
#   description: '? Proper motion in right ascension direction, pmRA*cosDE (pmra)'
#   meta: !!omap
#   - {ucd: POS_EQ_PMRA}
#   - {width: 9}
#   - {precision: '3'}
#   - values: {'null': .nan}
# - name: pmDE
#   unit: mas / yr
#   datatype: float64
#   format: '{:9.3f}'
#   description: '? Proper motion in declination direction (pmdec)'
#   meta: !!omap
#   - {ucd: POS_EQ_PMDEC}
#   - {width: 9}
#   - {precision: '3'}
#   - values: {'null': .nan}
# - name: e_pmRA
#   unit: mas / yr
#   datatype: float32
#   format: '{:6.3f}'
#   description: '? Standard error of proper motion in right ascension direction (pmra_error)'
#   meta: !!omap
#   - {ucd: ERROR}
#   - {width: 6}
#   - {precision: '3'}
#   - values: {'null': .nan}
# - name: e_pmDE
[...]
#         value: !astropy.table.SerializedColumn {name: SkyCoord.dec}
#       distance: !astropy.table.SerializedColumn
#         __class__: astropy.coordinates.distances.Distance
#         unit: !astropy.units.Unit {unit: pc}
#         value: !astropy.table.SerializedColumn {name: SkyCoord.distance}
#       frame: icrs
#       obstime: !astropy.time.Time {format: jyear_str, in_subfmt: '*', jd1: 367701545.0, jd2: 0.0, out_subfmt: '*', precision: 3, scale: tt}
#       pm_dec: !astropy.table.SerializedColumn
#         __class__: astropy.units.quantity.Quantity
#         unit: !astropy.units.Unit {unit: mas / yr}
#         value: !astropy.table.SerializedColumn {name: SkyCoord.pm_dec}
#       pm_ra_cosdec: !astropy.table.SerializedColumn
#         __class__: astropy.units.quantity.Quantity
#         unit: !astropy.units.Unit {unit: mas / yr}
#         value: !astropy.table.SerializedColumn {name: SkyCoord.pm_ra_cosdec}
#       ra: !astropy.table.SerializedColumn
#         __class__: astropy.coordinates.angles.Longitude
#         unit: *id001
#         value: !astropy.table.SerializedColumn {name: SkyCoord.ra}
#         wrap_angle: !astropy.coordinates.Angle
#           unit: *id001
#           value: 360.0
#       representation_type: spherical
# schema: astropy-2.0
RA_ICRS_1 DE_ICRS_1 e_RA_ICRS e_DE_ICRS _r_1 HIP TYC2 Source rgeo Plx e_Plx pmRA pmDE e_pmRA e_pmDE RUWE Teff logg Gmag BP-RP BPmag RPmag RV e_RV b_rgeo B_rgeo FG e_FG FBP e_FBP FRP e_FRP RAVE5 RAVE6 e_Gmag e_BPmag e_RPmag e_BP-RP SkyCoord.ra SkyCoord.dec SkyCoord.distance SkyCoord.pm_ra_cosdec SkyCoord.pm_dec rmRA rmDE e_rmRA e_rmDE rRV e_rRV v_pec v_pec3d e_vpec e_vpec3d
[from data line 348]
313.98524406527 49.56992242776 0.0435 0.0488 13.661 "" "" 2168844105219123328 2984.07568 0.3135 0.0534 -3.06 -5.837 0.057 0.054 0.912 4913.0 3.5616 16.849552 2.492667 18.214584 15.721917 "" "" 2624.87329 3451.09448 3428.67271 2.4807 707.27 8.2543 4077.5 7.4612 "" "" 0.002865113336045019 0.012974803 0.0042697573 0.01724456 313.98524406527 49.56992242776 2984.07568 -3.06 -5.837 -0.6080000972747803 -2.3390000934600828 0.17212167 0.16912168 "" "" 34.18348759928844 "" 5.787713440707842 ""
314.37155922883 49.44129889431 0.0389 0.0421 10.3024 "" "" 2168781811012104832 3009.07935 0.3206 0.0479 -2.99 -5.656 0.053 0.051 1.04 5279.1 4.3219 16.852037 1.606979 17.605976 15.998997 "" "" 2655.01416 3412.396 3420.83128 2.0972 1238.9 9.6939 3159.1 9.3169 "" "" 0.0028345814196911504 0.008941911 0.0049534887 0.0138954 314.37155922883 49.44129889431 3009.07935 -2.9900000000000038 -5.656000000000001 -0.5380000972747805 -2.1580000934600827 0.16812168 0.16612168 "" "" 31.721737884326153 "" 5.273401773009256 ""
314.35970903495 49.25323194945 0.0403 0.0402 11.009 "" "" 2168775420100690176 2762.58154 0.3338 0.0453 -4.283 -3.703 0.053 0.05 1.035 8195.9 4.289 16.85453 1.923552 17.804623 15.88107 "" "" 2436.80347 3127.96631 3412.98449 2.03 1031.7 7.3922 3521.5 7.5604 "" "" 0.002829986562590115 0.008264605 0.004440413 0.012705018 314.35970903495 49.25323194945 2762.58154 -4.2829999999999995 -3.7030000000000003 -1.8310000972747806 -0.20500009346008286 0.16812168 0.16512167 "" "" 24.126086482138902 "" 4.05523005757473 ""
313.86618193937 49.34031512241 0.0438 0.0449 10.6322 "" "" 2168788442441251072 2571.77832 0.3748 0.0512 -5.892 -5.134 0.057 0.053 1.014 7621.4 4.43 16.855726 1.546396 17.573803 16.027407 "" "" 2256.03955 2902.85913 3409.23066 2.1487 1276.1 5.3609 3077.5 6.8999 "" "" 0.0028390226774239616 0.0053469073 0.004495487 0.009842394 313.86618193937 49.34031512241 2571.77832 -5.892000000000003 -5.134 -3.4400000972747806 -1.6360000934600833 0.17212167 0.16812168 "" "" 46.43516895423212 "" 7.958563862555499 ""
314.3083593418 49.42299462694 0.0397 0.0413 7.6064 "" "" 2168781566189023104 2631.84985 0.3584 0.047 -0.616 -8.376 0.051 0.051 0.979 6705.1 4.2262 16.86072 1.977203 17.853987 15.876783 "" "" 2355.48608 3076.95728 3393.58511 1.9277 985.87 5.2544 3535.5 10.375 "" "" 0.002823501856045303 0.0064242086 0.0049431836 0.011367392 314.3083593418 49.42299462694 2631.84985 -0.6159999999999979 -8.375999999999998 1.8359999027252196 -4.8780000934600825 0.16612168 0.16612168 "" "" 65.02053586499709 "" 10.80132042899709 ""
314.08793811616 49.26695679272 0.0406 0.0454 6.1325 "" "" 2168784697229868800 2254.21484 0.4265 0.0494 0.542 -2.353 0.055 0.051 0.996 4835.9 4.275 16.86085 1.615967 17.621489 16.005522 "" "" 2053.4126 2601.01685 3393.18116 2.0285 1221.3 7.0602 3140.1 8.2755 "" "" 0.002830738903789462 0.006868752 0.00474038 0.011609132 314.08793811616 49.26695679272 2254.21484 0.5420000000000003 -2.353 2.9939999027252195 1.1449999065399168 0.17012167 0.16612168 "" "" 34.250414662559116 "" 5.809437142922793 ""
314.42609956307 49.34387596239 0.0717 0.0707 11.4153 "" "" 2168777309877104896 2886.20947 0.3936 0.0811 -4.89 -6.041 0.101 0.084 1.892 9271.6 4.1827 16.866472 2.155262 17.913221 15.757959 "" "" 2197.42334 3993.71753 3375.6532 3.923 933.53 6.9012 3944.3 7.1238 "" "" 0.003030492820421122 0.008497534 0.0042578215 0.012755356 314.42609956307 49.34387596239 2886.20947 -4.8900000000000015 -6.040999999999999 -2.43800009727478 -2.5430000934600834 0.21612167 0.19912168 "" "" 48.19524828855014 "" 9.997496453082451 ""
314.06007716993 49.57828997132 0.047 0.0499 13.1733 "" "" 2168797616491591040 2210.51514 0.4314 0.058 -2.218 -3.747 0.058 0.056 0.931 8162.1 4.3732 16.869543 1.733337 17.681612 15.948275 "" "" 1968.38354 2540.00757 3366.12142 2.4423 1155.5 10.222 3310.2 10.322 "" "" 0.0028657205341141457 0.010001902 0.0050740438 0.015075945 314.06007716993 49.57828997132 2210.51514 -2.218 -3.747 0.23399990272521975 -0.2490000934600829 0.17312168 0.17112169 "" "" 3.5802495687712836 "" 0.6160267758901409 ""
314.21792425934 49.2882549868 0.0423 0.0433 5.5819 "" "" 2168779062232870144 2543.07471 0.3773 0.0498 -2.278 -3.041 0.055 0.054 0.965 7640.7 4.372 16.87098 1.584944 17.606607 16.021664 "" "" 2239.46313 3008.33496 3361.66716 2.0942 1238.2 7.6572 3093.8 11.135 "" "" 0.0028371240635446547 0.007271 0.0054363515 0.012707352 314.21792425934 49.2882549868 2543.07471 -2.278 -3.041 0.1739999027252197 0.45699990653991707 0.17012167 0.16912168 "" "" 5.894538978359131 "" 0.997642582992702 ""
314.43958509757 49.39219699116 0.0408 0.0396 11.9879 "" "" 2168780677140764544 2264.67432 0.418 0.0463 -1.55 -2.92 0.055 0.048 1.026 6693.1 4.3631 16.872417 1.634638 17.649897 16.015259 "" "" 2021.17224 2577.04077 3357.22236 2.092 1189.8 5.3945 3112.1 6.3031 "" "" 0.002837167945511257 0.005658429 0.0043725646 0.010030994 314.43958509757 49.39219699116 2264.67432 -1.55 -2.92 0.9019999027252197 0.5779999065399171 0.17012167 0.16312167 "" "" 11.499950312210025 "" 1.9333037381621003 ""
313.9928653324 49.17055712102 0.0409 0.0461 12.9002 "" "" 2168782498206531072 3049.72632 0.3243 0.0487 -4.13 -5.258 0.055 0.056 1.051 9149.4 4.4696 16.873758 1.553804 17.59728 16.043476 "" "" 2646.34644 3531.95239 3353.07415 1.9607 1248.8 8.7227 3032.3 8.551 "" "" 0.0028275189244257835 0.00808071 0.00486395 0.012944659 313.9928653324 49.17055712102 3049.72632 -4.130000000000002 -5.257999999999997 -1.6780000972747802 -1.760000093460083 0.17012167 0.17112169 "" "" 35.15228837609806 "" 5.998606085574011 ""
314.39401912034 49.35257074276 0.0419 0.042 10.1192 "" "" 2168780299183675392 2233.23486 0.4415 0.0481 -4.775 -9.427 0.057 0.049 0.979 4833.7 4.2969 16.88006 1.593113 17.632439 16.039326 "" "" 2029.40991 2499.9917 3333.66853 2.1795 1209.0 9.3574 3043.9 5.485 "" "" 0.002845287037030003 0.0088544665 0.004255756 0.013110222 314.39401912034 49.35257074276 2233.23486 -4.775 -9.427 -2.3230000972747806 -5.929000093460083 0.17212167 0.16412167 "" "" 67.40696974135835 "" 11.136215449557122 ""
314.04326778363 49.25995935285 0.0425 0.0453 7.23 "" "" 2168784765949318144 2273.17749 0.4141 0.05 -8.906 -7.64 0.056 0.054 1.03 6737.1 4.3534 16.880453 1.650944 17.664862 16.013918 "" "" 2048.76465 2500.44116 3332.46685 2.2374 1173.5 6.3255 3116.0 9.5631 "" "" 0.0028501172262638545 0.006483515 0.0050385515 0.011522066 314.04326778363 49.25995935285 2273.17749 -8.906000000000002 -7.640000000000002 -6.454000097274781 -4.142000093460083 0.17112169 0.16912168 "" "" 82.6301078388928 "" 14.091793759510754 ""
313.79233914802 49.39330571031 0.0429 0.0425 13.5255 "" "" 2168835893241395840 3020.85181 0.3265 0.0505 -0.735 -3.419 0.055 0.051 0.964 8795.4 4.3318 16.882626 1.734053 17.717405 15.983353 "" "" 2642.63135 3653.05347 3325.80013 3.1242 1118.0 8.9084 3204.9 10.768 "" "" 0.0029380317266238616 0.009090122 0.0052527157 0.014342837 313.79233914802 49.39330571031 3020.85181 -0.7349999999999997 -3.418999999999999 1.7169999027252199 0.07899990653991695 0.17012167 0.16612168 "" "" 24.611452170143867 "" 4.186735813270278 ""
314.13395625853 49.2960626464 0.0505 0.0541 4.0952 "" "" 2168785075176814080 2404.33154 0.4213 0.0605 -5.023 -6.521 0.073 0.067 1.214 9431.4 4.1727 16.885262 1.746098 17.639055 15.892957 "" "" 2134.20312 2786.62231 3317.74015 2.8724 1201.7 8.5028 3483.2 11.202 "" "" 0.00291125150635734 0.008173279 0.0051454785 0.013318758 314.13395625853 49.2960626464 2404.33154 -5.023000000000001 -6.5210000000000035 -2.57100009727478 -3.023000093460083 0.18812168 0.18212168 "" "" 45.22653048390579 "" 8.351701149282233 ""
314.37879118856 49.42018106216 0.0438 0.0447 10.0676 "" "" 2168781742292626176 2282.16772 0.4416 0.051 -6.485 -9.447 0.057 0.054 0.968 6466.1 4.3866 16.888268 1.668659 17.682156 16.013496 "" "" 2020.39258 2640.79932 3308.56827 1.9323 1154.9 7.6231 3117.2 9.0334 "" "" 0.0028273439877244985 0.0076905666 0.004917664 0.01260823 314.37879118856 49.42018106216 2282.16772 -6.484999999999999 -9.446999999999992 -4.033000097274781 -5.949000093460082 0.17212167 0.16912168 "" "" 77.74724192295297 "" 13.22262995445261 ""
314.09905865398 49.38585031003 0.0464 0.0514 1.929 "" "" 2168792252071488000 2666.7583 0.3642 0.0579 -5.879 -6.464 0.059 0.061 1.06 8016.4 4.311 16.891985 1.816887 17.782713 15.965826 "" "" 2383.81226 2975.68701 3297.2541 2.1653 1052.8 9.7771 3257.1 9.8619 "" "" 0.002846077882965673 0.0104618985 0.0050090705 0.015470969 314.09905865398 49.38585031003 2666.7583 -5.878999999999998 -6.463999999999998 -3.42700009727478 -2.9660000934600834 0.17412168 0.17612168 "" "" 57.28988208884517 "" 10.02464109193771 ""
314.23896041768 49.34234661937 0.0453 0.0443 4.2451 "" "" 2168779440190028160 2422.73999 0.3845 0.0507 -3.301 -7.93 0.059 0.054 0.957 4855.0 4.3081 16.893208 1.611506 17.652859 16.041353 "" "" 2188.84229 2765.11621 3293.54496 2.0027 1186.5 8.168 3038.2 7.7033 "" "" 0.0028333117828509987 0.007978137 0.0046756803 0.0126538165 314.23896041768 49.34234661937 2422.73999 -3.301 -7.93 -0.8490000972747804 -4.432000093460083 0.17412168 0.16912168 "" "" 51.8215707758131 "" 8.773453480361875 ""
314.2722281743 49.16762523284 0.0465 0.0449 12.9549 "" "" 2168768857390313728 2528.86597 0.3651 0.0524 -2.511 -3.388 0.062 0.061 1.0 7813.4 4.2916 16.906 1.620474 17.65672 16.036245 "" "" 2236.0686 2897.66992 3254.96508 2.1554 1182.3 5.6116 3052.5 9.8843 "" "" 0.0028475771315058535 0.005860144 0.0051617855 0.011021929 314.2722281743 49.16762523284 2528.86597 -2.5109999999999997 -3.3879999999999977 -0.059000097274780394 0.10999990653991709 0.17712167 0.17612168 "" "" 1.496241482658678 "" 0.26385557951718824 ""
314.11796958497 49.28540539222 0.045 0.051 4.7846 "" "" 2168785109547052160 2485.36133 0.391 0.0554 -2.517 -3.693 0.063 0.069 1.021 "" "" 16.906126 1.477684 17.553974 16.07629 "" "" 2131.21875 2862.78809 3254.59139 2.3556 1299.7 13.831 2942.0 23.104 "" "" 0.0028651911699936203 0.011886187 0.009326535 0.021212723 314.11796958497 49.28540539222 2485.36133 -2.5170000000000003 -3.6930000000000027 -0.06500009727478018 -0.19500009346008307 0.17812169 0.18412167 "" "" 2.421483351443044 "" 0.4444160406673995 ""
314.32163838702 49.40623469535 0.0433 0.0434 7.6855 "" "" 2168781501774416640 2264.94995 0.433 0.0494 -6.204 -5.956 0.054 0.055 1.014 5778.9 4.4492 16.909033 1.573158 17.643084 16.069925 "" "" 2007.72876 2552.17749 3245.88626 1.9399 1197.2 5.9981 2959.3 7.7361 "" "" 0.0028306971217721337 0.0061135003 0.004726483 0.010839984 314.32163838702 49.40623469535 2264.94995 -6.204000000000002 -5.955999999999998 -3.75200009727478 -2.4580000934600834 0.16912168 0.17012167 "" "" 48.155184590193194 "" 8.158576397480621 ""
314.21750049829 49.35045434711 0.0425 0.0439 3.3027 "" "" 2168779508909491840 2552.63599 0.3666 0.0493 -1.869 -3.918 0.056 0.056 1.016 8136.8 4.3676 16.909771 1.674549 17.701431 16.026882 "" "" 2285.0415 2928.36987 3243.6819 2.0201 1134.6 7.8616 3079.0 8.9176 "" "" 0.00283707625267165 0.008023774 0.004916514 0.012940288 314.21750049829 49.35045434711 2552.63599 -1.8689999999999998 -3.918 0.5829999027252197 -0.42000009346008316 0.17112169 0.17112169 "" "" 8.693880195417053 "" 1.4877114429814644 ""
314.01850419633 49.29221791299 0.0437 0.0498 6.3018 "" "" 2168785689356231680 2719.04224 0.3523 0.0524 -2.186 -2.228 0.059 0.06 1.042 9212.6 4.4643 16.910797 1.568903 17.638752 16.069849 "" "" 2415.77881 3189.32031 3240.61842 2.1739 1202.0 6.8604 2959.5 9.016 "" "" 0.0028499601600697785 0.006796006 0.005022379 0.011818385 314.01850419633 49.29221791299 2719.04224 -2.1860000000000004 -2.228 0.2659999027252198 1.2699999065399168 0.17412168 0.17512168 "" "" 16.723259924328264 "" 2.9279044945565267 ""
314.29076181846 49.38859163183 0.0442 0.0437 6.23 "" "" 2168779989945896960 2219.2395 0.4313 0.0507 -3.538 -4.624 0.056 0.053 0.978 6701.5 4.3042 16.921034 1.668293 17.716003 16.04771 "" "" 1989.39368 2441.29907 3210.20676 2.0865 1119.5 8.3895 3020.5 9.5605 "" "" 0.0028442534992041304 0.008601585 0.005108208 0.013709793 314.29076181846 49.38859163183 2219.2395 -3.538 -4.624 -1.08600009727478 -1.1260000934600827 0.17112169 0.16812168 "" "" 16.45597706943389 "" 2.7905071308464406 ""
314.41369255501 49.22888486385 0.0452 0.0458 13.5769 "" "" 2168774423667959168 2184.16357 0.4407 0.0519 -3.711 -4.375 0.06 0.057 1.078 "" "" 16.923264 1.57778 17.6163 16.03852 "" "" 1958.42053 2485.03467 3203.62112 2.1277 1227.1 10.176 3046.1 17.044 "" "" 0.0028481169124190287 0.009426123 0.0071547376 0.016580861 314.41369255501 49.22888486385 2184.16357 -3.7110000000000003 -4.375 -1.2590000972747801 -0.877000093460083 0.17512168 0.17212167 "" "" 15.884960477328335 "" 2.76632220048168 ""
313.99668072589 49.3312289208 0.0489 0.0526 5.7854 "" "" 2168785968540156288 3067.12817 0.3168 0.0582 -2.417 -3.414 0.068 0.065 1.079 9016.6 4.368 16.927355 1.557695 17.650726 16.09303 "" "" 2595.15283 3623.02734 3191.57291 2.0868 1188.8 7.2736 2897.0 9.0197 "" "" 0.0028453040061420386 0.007205181 0.005070584 0.012275765 313.99668072589 49.3312289208 3067.12817 -2.417 -3.414 0.03499990272521991 0.08399990653991685 0.18312168 0.18012168 "" "" 1.3229732667036043 "" 0.2388874345946849 ""
313.91493983883 49.4782619042 0.0469 0.0458 10.9997 "" "" 2168837817386789120 2382.37793 0.3934 0.0519 -2.438 -2.933 0.062 0.055 0.97 8164.3 4.4165 16.929472 1.779356 17.795786 16.01643 "" "" 2094.04663 2682.81201 3185.35576 2.0956 1040.2 7.8143 3108.8 8.62 "" "" 0.002846401230049374 0.00862042 0.0048318575 0.013452277 313.91493983883 49.4782619042 2382.37793 -2.438 -2.933 0.01399990272521956 0.5649999065399172 0.17712167 0.17012167 "" "" 6.382203645642555 "" 1.085779117548569 ""
314.12469678617 49.41653207978 0.0457 0.0497 3.163 "" "" 2168792595665016576 2916.77026 0.3161 0.0578 -1.634 -2.482 0.056 0.056 0.929 5702.5 4.5103 16.93112 1.552957 17.655277 16.10232 "" "" 2567.26294 3445.90796 3180.52463 2.0046 1183.9 7.9239 2872.3 8.4818 "" "" 0.0028390263111813803 0.0077841287 0.0049561136 0.012740242 314.12469678617 49.41653207978 2916.77026 -1.634 -2.482 0.8179999027252198 1.0159999065399168 0.17112169 0.17112169 "" "" 18.03354807484276 "" 3.0859311636986426 ""
314.03294028064 49.24357201847 0.0524 0.0606 8.285 "" "" 2168783288480556160 2664.14136 0.3596 0.0647 -2.161 -3.878 0.07 0.072 1.222 5195.1 4.3194 16.933136 1.659245 17.695019 16.035774 "" "" 2289.9502 3208.04224 3174.62188 3.023 1141.3 7.1014 3053.9 9.7393 "" "" 0.002942906508527278 0.007309181 0.005125724 0.012434905 314.03294028064 49.24357201847 2664.14136 -2.161 -3.878 0.2909999027252197 -0.3800000934600831 0.18512169 0.18712167 "" "" 6.044079322005786 "" 1.1265249309749679 ""
314.24133866644 49.16211775326 0.0426 0.0448 12.8169 "" "" 2168768887443790976 2343.69653 0.4107 0.0499 -3.732 -5.752 0.059 0.056 1.044 5695.7 4.5081 16.933695 1.528688 17.63574 16.107052 "" "" 2074.646 2712.20044 3172.99234 1.8836 1205.4 6.7619 2859.8 9.261 "" "" 0.002829701376704827 0.00669931 0.0051619615 0.011861272 314.24133866644 49.16211775326 2343.69653 -3.7320000000000007 -5.752000000000001 -1.2800000972747805 -2.254000093460083 0.17412168 0.17112169 "" "" 28.7958131028749 "" 4.9487925544629645 ""
313.93809627555 49.39777309155 0.0462 0.0515 7.976 "" "" 2168790126068487936 2287.2644 0.427 0.0555 -1.164 -3.041 0.056 0.055 0.946 5528.4 4.5574 16.93482 1.492617 17.619438 16.126822 "" "" 2032.02539 2547.00586 3169.70238 2.2778 1223.6 6.1529 2808.2 6.8546 "" "" 0.002863659343160923 0.0061312974 0.0046159807 0.010747278 313.93809627555 49.39777309155 2287.2644 -1.1639999999999988 -3.0410000000000013 1.2879999027252198 0.45699990653991707 0.17112169 0.17012167 "" "" 14.816957828546975 "" 2.5338503184223145 ""
