Clusters/FSR_0284/FSR_0284_stars_in_region.tsv
# %ECSV 1.0
# ---
# datatype:
# - name: RA_ICRS_1
#   unit: deg
#   datatype: float64
#   format: '{:15.11f}'
#   description: Right ascension (ICRS) at Ep=2016.0 (ra)
#   meta: !!omap
#   - {ucd: POS_EQ_RA_MAIN}
#   - {width: 15}
#   - {precision: '11'}
# - name: DE_ICRS_1
#   unit: deg
#   datatype: float64
#   format: '{:15.11f}'
#   description: Declination (ICRS) at Ep=2016.0 (dec)
#   meta: !!omap
#   - {ucd: POS_EQ_DEC_MAIN}
#   - {width: 15}
#   - {precision: '11'}
# - name: e_RA_ICRS
#   unit: mas
#   datatype: float64
#   format: '{:7.4f}'
#   description: Standard error of right ascension (ra_error)
#   meta: !!omap
#   - {ucd: ERROR}
#   - {width: 7}
#   - {precision: '4'}
# - name: e_DE_ICRS
#   unit: mas
#   datatype: float64
#   format: '{:7.4f}'
#   description: Standard error of declination (dec_error)
#   meta: !!omap
#   - {ucd: ERROR}
#   - {width: 7}
#   - {precision: '4'}
# - name: _r_1
#   unit: ''
#   datatype: float64
#   format: '{:7.4f}'
#   description: Distance from center (314.13570873000+49.36430573000)[ICRS], at Epoch=J2016.0
#   meta: !!omap
#   - {ucd: POS_ANG_DIST_GENERAL}
#   - {width: 7}
#   - {precision: '4'}
# - name: HIP
#   datatype: int32
#   description: '? HIP cross-id number, van Leeuwen, Cat. I/311 (hip_original_ext_source_id)'
#   meta: !!omap
#   - {ucd: ID_NUMBER}
#   - {width: 6}
#   - values: {'null': -2147483648}
# - name: TYC2
#   datatype: string
#   description: Tycho-2 cross-id name, Hog et al., Cat. I/259 (tyc2_original_ext_source_id)
#   meta: !!omap
#   - {ucd: ID_CROSSID}
#   - {_votable_string_dtype: char}
# - name: Source
#   datatype: int64
#   description: Source identifier, identical to the Gaia-EDR3 source_id (id)
#   meta: !!omap
#   - {ucd: ID_MAIN}
#   - {width: 19}
# - name: rgeo
#   unit: pc
#   datatype: float64
#   format: '{:15.8f}'
#   description: '? Median of the geometric distance posterior (r_med_geo)'
#   meta: !!omap
#   - {ucd: PHYS_DISTANCE_TRUE}
#   - {width: 15}
#   - {precision: '8'}
#   - values: {'null': .nan}
# - name: Plx
#   unit: mas
#   datatype: float64
#   format: '{:9.4f}'
#   description: '? Parallax (parallax)'
#   meta: !!omap
#   - {ucd: POS_PARLX_TRIG}
#   - {width: 9}
#   - {precision: '4'}
#   - values: {'null': .nan}
# - name: e_Plx
#   unit: mas
#   datatype: float32
#   format: '{:7.4f}'
#   description: '? Standard error of parallax (parallax_error)'
#   meta: !!omap
#   - {ucd: ERROR}
#   - {width: 7}
#   - {precision: '4'}
#   - values: {'null': .nan}
# - name: pmRA
#   unit: mas / yr
#   datatype: float64
#   format: '{:9.3f}'
#   description: '? Proper motion in right ascension direction, pmRA*cosDE (pmra)'
#   meta: !!omap
#   - {ucd: POS_EQ_PMRA}
#   - {width: 9}
#   - {precision: '3'}
#   - values: {'null': .nan}
# - name: pmDE
#   unit: mas / yr
#   datatype: float64
#   format: '{:9.3f}'
#   description: '? Proper motion in declination direction (pmdec)'
#   meta: !!omap
#   - {ucd: POS_EQ_PMDEC}
#   - {width: 9}
#   - {precision: '3'}
#   - values: {'null': .nan}
# - name: e_pmRA
#   unit: mas / yr
#   datatype: float32
#   format: '{:6.3f}'
#   description: '? Standard error of proper motion in right ascension direction (pmra_error)'
#   meta: !!omap
#   - {ucd: ERROR}
#   - {width: 6}
#   - {precision: '3'}
#   - values: {'null': .nan}
# - name: e_pmDE
[...]
#         value: !astropy.table.SerializedColumn {name: SkyCoord.dec}
#       distance: !astropy.table.SerializedColumn
#         __class__: astropy.coordinates.distances.Distance
#         unit: !astropy.units.Unit {unit: pc}
#         value: !astropy.table.SerializedColumn {name: SkyCoord.distance}
#       frame: icrs
#       obstime: !astropy.time.Time {format: jyear_str, in_subfmt: '*', jd1: 367701545.0, jd2: 0.0, out_subfmt: '*', precision: 3, scale: tt}
#       pm_dec: !astropy.table.SerializedColumn
#         __class__: astropy.units.quantity.Quantity
#         unit: !astropy.units.Unit {unit: mas / yr}
#         value: !astropy.table.SerializedColumn {name: SkyCoord.pm_dec}
#       pm_ra_cosdec: !astropy.table.SerializedColumn
#         __class__: astropy.units.quantity.Quantity
#         unit: !astropy.units.Unit {unit: mas / yr}
#         value: !astropy.table.SerializedColumn {name: SkyCoord.pm_ra_cosdec}
#       ra: !astropy.table.SerializedColumn
#         __class__: astropy.coordinates.angles.Longitude
#         unit: *id001
#         value: !astropy.table.SerializedColumn {name: SkyCoord.ra}
#         wrap_angle: !astropy.coordinates.Angle
#           unit: *id001
#           value: 360.0
#       representation_type: spherical
# schema: astropy-2.0
RA_ICRS_1 DE_ICRS_1 e_RA_ICRS e_DE_ICRS _r_1 HIP TYC2 Source rgeo Plx e_Plx pmRA pmDE e_pmRA e_pmDE RUWE Teff logg Gmag BP-RP BPmag RPmag RV e_RV b_rgeo B_rgeo FG e_FG FBP e_FBP FRP e_FRP RAVE5 RAVE6 e_Gmag e_BPmag e_RPmag e_BP-RP SkyCoord.ra SkyCoord.dec SkyCoord.distance SkyCoord.pm_ra_cosdec SkyCoord.pm_dec rmRA rmDE e_rmRA e_rmDE rRV e_rRV v_pec v_pec3d e_vpec e_vpec3d
[from data line 380]
314.14465908269 49.16511687947 0.044 0.0514 11.9565 "" "" 2168771640529085184 2206.31201 0.4236 0.0519 -0.336 -2.81 0.059 0.061 1.055 7387.9 4.3824 16.939907 1.635775 17.71221 16.076435 "" "" 1976.48987 2438.89453 3154.89006 1.8817 1123.4 8.1608 2941.6 6.5689 "" "" 0.002830396358548858 0.008366177 0.0044902368 0.012856414 314.14465908269 49.16511687947 2206.31201 -0.3360000000000003 -2.81 2.11599990272522 0.6879999065399169 0.17412168 0.17612168 "" "" 23.26927960664719 "" 4.056158634924423 ""
314.17380434266 49.52170870441 0.0434 0.0488 9.5604 "" "" 2168797685211123840 2351.33472 0.4163 0.054 -3.379 -1.976 0.055 0.056 1.027 5751.3 4.5137 16.940159 1.596773 17.696869 16.100096 "" "" 2114.06934 2674.63281 3154.15564 1.9476 1139.4 6.943 2878.2 7.464 "" "" 0.002835708007835427 0.0071802824 0.0047129057 0.011893189 314.17380434266 49.52170870441 2351.33472 -3.3790000000000004 -1.9760000000000004 -0.9270000972747803 1.521999906539917 0.17012167 0.17112169 "" "" 19.861875366147284 "" 3.393434658237577 ""
314.06930440077 49.38651640602 0.0423 0.0503 2.9164 "" "" 2168786655734985344 2369.948 0.4011 0.0534 -4.748 -6.062 0.055 0.06 1.017 5948.1 4.4037 16.943108 1.761162 17.743677 15.982515 "" "" 2123.63623 2801.66211 3145.60114 2.0974 1091.3 9.2191 3207.4 40.08 "" "" 0.0028488378091838067 0.009587096 0.014084035 0.023671132 314.06930440077 49.38651640602 2369.948 -4.748000000000004 -6.062000000000003 -2.2960000972747805 -2.5640000934600833 0.17012167 0.17512168 "" "" 38.66319684120847 "" 6.685424051538564 ""
314.21889434224 49.22172103337 0.0466 0.0452 9.1534 "" "" 2168772155925431552 2311.28833 0.4202 0.0508 -0.922 -3.008 0.061 0.057 0.98 7571.8 4.4237 16.943495 1.719008 17.769918 16.05091 "" "" 2081.89209 2548.30322 3144.47905 2.1326 1065.2 7.572 3011.6 7.383 "" "" 0.0028520172651725685 0.008206845 0.004622597 0.012829442 314.21889434224 49.22172103337 2311.28833 -0.9220000000000003 -3.008 1.5299999027252196 0.489999906539917 0.17612168 0.17212167 "" "" 17.60055803981748 "" 3.093358233480802 ""
314.27025006149 49.30762057329 0.0438 0.0443 6.264 "" "" 2168779161005987456 2958.4104 0.3188 0.0506 -2.553 -3.493 0.058 0.057 1.045 9309.8 4.327 16.944832 1.601551 17.700863 16.099312 "" "" 2559.13525 3456.53516 3140.60887 1.9921 1135.2 6.795 2880.3 9.6748 "" "" 0.002840084244274527 0.0070725563 0.005252037 0.012324594 314.27025006149 49.30762057329 2958.4104 -2.5530000000000004 -3.4930000000000003 -0.10100009727478021 0.004999906539917109 0.17312168 0.17212167 "" "" 1.4180451336134998 "" 0.24549089331340335 ""
314.43795209792 49.32919591188 0.0468 0.0442 12.0007 "" "" 2168777206807166080 2370.65161 0.4034 0.0521 -0.323 -1.98 0.061 0.055 1.084 5357.7 4.302 16.951445 1.58464 17.69633 16.111689 "" "" 2095.70776 2680.11792 3121.54131 2.05 1139.9 8.4773 2847.6 8.7862 "" "" 0.0028460857546008865 0.008542975 0.005050377 0.013593352 314.43795209792 49.32919591188 2370.65161 -0.32299999999999984 -1.98 2.1289999027252198 1.517999906539917 0.17612168 0.17012167 "" "" 29.38175498041384 "" 5.116025923314256 ""
314.15917190796 49.28247879933 0.0446 0.0477 4.9946 "" "" 2168773427235734784 2282.68896 0.4079 0.0528 -2.79 -3.755 0.063 0.058 0.942 7173.7 4.2688 16.955147 2.063794 18.01114 15.947347 "" "" 2054.43799 2567.70386 3110.9123 2.0142 853.02 8.5736 3313.0 9.6889 "" "" 0.002843582508208385 0.011263654 0.004936184 0.016199838 314.15917190796 49.28247879933 2282.68896 -2.79 -3.755 -0.3380000972747803 -0.2570000934600829 0.17812169 0.17312168 "" "" 4.594250272554045 "" 0.8099958565506598 ""
314.21276348245 49.29340848676 0.0441 0.048 5.2128 "" "" 2168779057926719488 2616.00806 0.3765 0.0526 -0.154 -1.421 0.06 0.059 0.985 5483.1 4.3571 16.956993 1.654936 17.741627 16.08669 "" "" 2317.36841 3039.38232 3105.62601 2.1224 1093.4 7.3548 2914.0 9.7742 "" "" 0.002853480245328338 0.007818088 0.0052484693 0.013066557 314.21276348245 49.29340848676 2616.00806 -0.1540000000000007 -1.4210000000000007 2.29799990272522 2.0769999065399167 0.17512168 0.17412168 "" "" 38.40907492508215 "" 6.709019628222334 ""
313.83349100513 49.25589097017 0.0442 0.0468 13.4935 "" "" 2168786964972476288 2397.79858 0.4015 0.0511 -0.261 -5.675 0.058 0.059 1.019 5018.2 4.3193 16.95837 1.491697 17.647808 16.15611 "" "" 2132.47607 2667.9834 3101.69333 1.9357 1192.0 7.4014 2733.5 6.991 "" "" 0.002837412598104352 0.0072961636 0.0046898127 0.011985976 313.83349100513 49.25589097017 2397.79858 -0.2609999999999988 -5.675000000000001 2.1909999027252196 -2.177000093460083 0.17312168 0.17412168 "" "" 35.104347294094296 "" 6.09478840395203 ""
314.09790571954 49.38781383412 0.0451 0.0526 2.0422 "" "" 2168792256372637184 2417.06396 0.3918 0.057 -1.264 0.203 0.057 0.059 0.996 5018.9 4.3618 16.963348 1.626364 17.731304 16.10494 "" "" 2172.31079 2803.375 3087.50064 2.2141 1103.8 9.0028 2865.4 8.3419 "" "" 0.002863216287069662 0.00928463 0.0049269367 0.014211567 314.09790571954 49.38781383412 2417.06396 -1.2640000000000002 0.2029999999999999 1.1879999027252197 3.700999906539917 0.17212167 0.17412168 "" "" 44.53286815333977 "" 7.7458612289982485 ""
314.36322742637 49.22626354569 0.048 0.0488 12.1597 "" "" 2168774835985131648 2164.78589 0.4431 0.0552 -1.116 -3.504 0.065 0.059 1.11 6125.8 4.4452 16.968687 1.566465 17.695189 16.128723 "" "" 1912.82043 2424.15283 3072.35879 1.9151 1141.1 9.1835 2803.3 10.994 "" "" 0.002837219195170683 0.009172599 0.00569339 0.014865989 314.36322742637 49.22626354569 2164.78589 -1.116000000000001 -3.5039999999999996 1.3359999027252196 -0.006000093460083011 0.18012168 0.17412168 "" "" 13.708946972077465 "" 2.4692768615485523 ""
314.12825054087 49.29795788632 0.0453 0.0492 3.9915 "" "" 2168785143906502144 2554.00659 0.374 0.0548 -3.25 -2.783 0.063 0.059 1.004 5683.8 4.5904 16.969368 1.444164 17.624315 16.180151 "" "" 2257.56665 2934.25732 3070.42998 2.0608 1218.1 6.45 2673.6 9.9146 "" "" 0.00285005665281237 0.0063904133 0.0055221906 0.011912604 314.12825054087 49.29795788632 2554.00659 -3.2499999999999996 -2.7829999999999986 -0.7980000972747803 0.7149999065399171 0.17812169 0.17412168 "" "" 12.971099437123966 "" 2.2874749406904944 ""
314.18533720202 49.24829300636 0.0437 0.0497 7.2265 "" "" 2168772980559140096 2324.46655 0.4085 0.0524 -2.288 -4.559 0.058 0.061 1.0 7663.4 4.437 16.972532 1.69108 17.78606 16.09498 "" "" 2053.51147 2579.39136 3061.49567 1.8767 1049.5 8.6284 2891.8 8.4542 "" "" 0.002834564518925167 0.009352226 0.0049354844 0.01428771 314.18533720202 49.24829300636 2324.46655 -2.2879999999999994 -4.559000000000001 0.16399990272521991 -1.0610000934600832 0.17312168 0.17612168 "" "" 11.828895204686773 "" 2.082503736936231 ""
314.07683706605 49.26058277695 0.0435 0.0477 6.6358 "" "" 2168784697229860864 2663.10205 0.3768 0.0519 -6.789 -4.898 0.059 0.057 0.962 6074.1 4.4108 16.975233 1.612171 17.740221 16.12805 "" "" 2342.30444 3120.67236 3053.88867 1.9368 1094.8 8.9112 2805.0 10.126 "" "" 0.002840058983419047 0.009267421 0.0054448247 0.014712246 314.07683706605 49.26058277695 2663.10205 -6.789 -4.898 -4.33700009727478 -1.4000000934600827 0.17412168 0.17212167 "" "" 57.528083263399544 "" 10.006085177533048 ""
314.2995998325 49.20814441466 0.045 0.0444 11.3548 "" "" 2168774866038367104 2592.0144 0.3694 0.0514 -2.134 -11.698 0.065 0.057 1.03 5506.3 3.7959 16.975433 1.819832 17.830154 16.010323 "" "" 2315.88232 3007.73218 3053.33011 2.1034 1007.8 11.891 3126.3 16.587 "" "" 0.0028550338348379504 0.0131108975 0.006889651 0.020000549 314.2995998325 49.20814441466 2592.0144 -2.1339999999999946 -11.697999999999999 0.31799990272521983 -8.200000093460083 0.18012168 0.17212167 "" "" 100.82214592702617 "" 17.35491582927161 ""
314.28797944679 49.3624048984 0.0472 0.0464 5.9512 "" "" 2168779749427717376 2880.42944 0.3089 0.0542 -3.902 -7.976 0.061 0.058 1.038 5163.8 3.2824 16.977577 2.880238 18.642965 15.762727 "" "" 2493.06689 3388.86597 3047.30564 2.2577 476.68 6.183 3927.1 8.7271 "" "" 0.002870340761528397 0.014356784 0.0044838996 0.018840684 314.28797944679 49.3624048984 2880.42944 -3.9019999999999975 -7.975999999999999 -1.4500000972747804 -4.478000093460083 0.17612168 0.17312168 "" "" 64.26452680427587 "" 11.144021902797904 ""
314.09116292771 49.19648976258 0.049 0.057 10.2188 "" "" 2168771193842217600 2179.46899 0.4715 0.0585 -2.578 -3.275 0.067 0.062 1.12 5452.3 4.6265 16.983662 1.49309 17.661243 16.168154 "" "" 1905.79553 2499.56421 3030.27565 2.0469 1177.4 14.98 2703.3 10.202 "" "" 0.0028512558100793686 0.014092734 0.0055743116 0.019667046 314.09116292771 49.19648976258 2179.46899 -2.578000000000001 -3.2750000000000004 -0.12600009727478012 0.22299990653991708 0.18212168 0.17712167 "" "" 2.646046359661521 "" 0.4719078139514661 ""
314.40487143182 49.43654376662 0.0404 0.0426 11.3684 "" "" 2168781879731601024 2435.06055 0.3751 0.0485 -2.342 -7.104 0.054 0.051 0.997 8185.7 4.4217 16.984867 1.737043 17.821379 16.084335 "" "" 2194.98584 2767.67944 3026.9104 1.8853 1015.9 8.7212 2920.3 8.0277 "" "" 0.0028370934273583767 0.009729384 0.00481577 0.014545154 314.40487143182 49.43654376662 2435.06055 -2.341999999999998 -7.103999999999999 0.10999990272521964 -3.606000093460083 0.16912168 0.16612168 "" "" 41.64048789984629 "" 6.917504846611694 ""
314.18363861579 49.53209156056 0.0466 0.0521 10.2393 "" "" 2168797719570874496 2670.25024 0.3489 0.0583 -2.385 -3.492 0.06 0.062 1.094 9105.4 4.3881 16.985159 1.533441 17.702095 16.168653 "" "" 2383.57861 3038.64746 3026.09841 2.0189 1133.9 7.8001 2702.1 8.2244 "" "" 0.002848945521626082 0.007972937 0.0050204103 0.012993347 314.18363861579 49.53209156056 2670.25024 -2.384999999999997 -3.492 0.06699990272521994 0.005999906539916999 0.17512168 0.17712167 "" "" 0.8514103335128239 "" 0.14911403147411406 ""
314.22995723119 49.16102034695 0.0447 0.0462 12.7432 "" "" 2168768509486673920 2752.8999 0.3285 0.0517 -2.609 -6.858 0.06 0.058 0.939 5114.6 3.758 16.989782 2.14469 18.106623 15.961933 "" "" 2480.76636 3118.42725 3013.24023 2.1015 781.21 7.7526 3268.8 7.4708 "" "" 0.0028574754473637827 0.011130072 0.0045212004 0.015651273 314.22995723119 49.16102034695 2752.8999 -2.6089999999999987 -6.857999999999995 -0.15700009727478026 -3.3600000934600827 0.17512168 0.17312168 "" "" 43.89162302435924 "" 7.598783679416367 ""
314.34218778875 49.32959872205 0.0471 0.0467 8.3353 "" "" 2168778890434284288 2347.78735 0.4035 0.055 -3.212 -3.3 0.064 0.061 1.056 8363.9 4.4613 16.9945 1.690128 17.800459 16.11033 "" "" 2045.69263 2775.02124 3000.17747 1.9354 1035.7 7.0894 2851.2 4.9535 "" "" 0.002842948122384019 0.007938399 0.004223958 0.012162358 314.34218778875 49.32959872205 2347.78735 -3.211999999999998 -3.299999999999997 -0.7600000972747805 0.19799990653991717 0.17912167 0.17612168 "" "" 8.73998585419853 "" 1.5638674407128714 ""
313.85491141533 49.35733797091 0.0476 0.049 10.9808 "" "" 2168788648599680000 2728.8208 0.3749 0.0562 -2.333 -1.452 0.059 0.058 0.96 5967.9 4.376 16.995499 1.829815 17.869589 16.039774 "" "" 2331.3645 3322.91064 2997.41835 2.0521 971.81 7.5717 3042.6 19.746 "" "" 0.002853824284022559 0.008907605 0.007995841 0.016903445 313.85491141533 49.35733797091 2728.8208 -2.3329999999999993 -1.4520000000000013 0.11899990272521954 2.045999906539917 0.17412168 0.17312168 "" "" 26.508936423271038 "" 4.589361129265267 ""
