Clusters/FSR_0284/FSR_0284_stars_in_region.tsv
# %ECSV 1.0
# ---
# datatype:
# - name: RA_ICRS_1
#   unit: deg
#   datatype: float64
#   format: '{:15.11f}'
#   description: Right ascension (ICRS) at Ep=2016.0 (ra)
#   meta: !!omap
#   - {ucd: POS_EQ_RA_MAIN}
#   - {width: 15}
#   - {precision: '11'}
# - name: DE_ICRS_1
#   unit: deg
#   datatype: float64
#   format: '{:15.11f}'
#   description: Declination (ICRS) at Ep=2016.0 (dec)
#   meta: !!omap
#   - {ucd: POS_EQ_DEC_MAIN}
#   - {width: 15}
#   - {precision: '11'}
# - name: e_RA_ICRS
#   unit: mas
#   datatype: float64
#   format: '{:7.4f}'
#   description: Standard error of right ascension (ra_error)
#   meta: !!omap
#   - {ucd: ERROR}
#   - {width: 7}
#   - {precision: '4'}
# - name: e_DE_ICRS
#   unit: mas
#   datatype: float64
#   format: '{:7.4f}'
#   description: Standard error of declination (dec_error)
#   meta: !!omap
#   - {ucd: ERROR}
#   - {width: 7}
#   - {precision: '4'}
# - name: _r_1
#   unit: ''
#   datatype: float64
#   format: '{:7.4f}'
#   description: Distance from center (314.13570873000+49.36430573000)[ICRS], at Epoch=J2016.0
#   meta: !!omap
#   - {ucd: POS_ANG_DIST_GENERAL}
#   - {width: 7}
#   - {precision: '4'}
# - name: HIP
#   datatype: int32
#   description: '? HIP cross-id number, van Leeuwen, Cat. I/311 (hip_original_ext_source_id)'
#   meta: !!omap
#   - {ucd: ID_NUMBER}
#   - {width: 6}
#   - values: {'null': -2147483648}
# - name: TYC2
#   datatype: string
#   description: Tycho-2 cross-id name, Hog et al., Cat. I/259 (tyc2_original_ext_source_id)
#   meta: !!omap
#   - {ucd: ID_CROSSID}
#   - {_votable_string_dtype: char}
# - name: Source
#   datatype: int64
#   description: Source identifier, identical to the Gaia-EDR3 source_id (id)
#   meta: !!omap
#   - {ucd: ID_MAIN}
#   - {width: 19}
# - name: rgeo
#   unit: pc
#   datatype: float64
#   format: '{:15.8f}'
#   description: '? Median of the geometric distance posterior (r_med_geo)'
#   meta: !!omap
#   - {ucd: PHYS_DISTANCE_TRUE}
#   - {width: 15}
#   - {precision: '8'}
#   - values: {'null': .nan}
# - name: Plx
#   unit: mas
#   datatype: float64
#   format: '{:9.4f}'
#   description: '? Parallax (parallax)'
#   meta: !!omap
#   - {ucd: POS_PARLX_TRIG}
#   - {width: 9}
#   - {precision: '4'}
#   - values: {'null': .nan}
# - name: e_Plx
#   unit: mas
#   datatype: float32
#   format: '{:7.4f}'
#   description: '? Standard error of parallax (parallax_error)'
#   meta: !!omap
#   - {ucd: ERROR}
#   - {width: 7}
#   - {precision: '4'}
#   - values: {'null': .nan}
# - name: pmRA
#   unit: mas / yr
#   datatype: float64
#   format: '{:9.3f}'
#   description: '? Proper motion in right ascension direction, pmRA*cosDE (pmra)'
#   meta: !!omap
#   - {ucd: POS_EQ_PMRA}
#   - {width: 9}
#   - {precision: '3'}
#   - values: {'null': .nan}
# - name: pmDE
#   unit: mas / yr
#   datatype: float64
#   format: '{:9.3f}'
#   description: '? Proper motion in declination direction (pmdec)'
#   meta: !!omap
#   - {ucd: POS_EQ_PMDEC}
#   - {width: 9}
#   - {precision: '3'}
#   - values: {'null': .nan}
# - name: e_pmRA
#   unit: mas / yr
#   datatype: float32
#   format: '{:6.3f}'
#   description: '? Standard error of proper motion in right ascension direction (pmra_error)'
#   meta: !!omap
#   - {ucd: ERROR}
#   - {width: 6}
#   - {precision: '3'}
#   - values: {'null': .nan}
# - name: e_pmDE
[...]
#         value: !astropy.table.SerializedColumn {name: SkyCoord.dec}
#       distance: !astropy.table.SerializedColumn
#         __class__: astropy.coordinates.distances.Distance
#         unit: !astropy.units.Unit {unit: pc}
#         value: !astropy.table.SerializedColumn {name: SkyCoord.distance}
#       frame: icrs
#       obstime: !astropy.time.Time {format: jyear_str, in_subfmt: '*', jd1: 367701545.0, jd2: 0.0, out_subfmt: '*', precision: 3, scale: tt}
#       pm_dec: !astropy.table.SerializedColumn
#         __class__: astropy.units.quantity.Quantity
#         unit: !astropy.units.Unit {unit: mas / yr}
#         value: !astropy.table.SerializedColumn {name: SkyCoord.pm_dec}
#       pm_ra_cosdec: !astropy.table.SerializedColumn
#         __class__: astropy.units.quantity.Quantity
#         unit: !astropy.units.Unit {unit: mas / yr}
#         value: !astropy.table.SerializedColumn {name: SkyCoord.pm_ra_cosdec}
#       ra: !astropy.table.SerializedColumn
#         __class__: astropy.coordinates.angles.Longitude
#         unit: *id001
#         value: !astropy.table.SerializedColumn {name: SkyCoord.ra}
#         wrap_angle: !astropy.coordinates.Angle
#           unit: *id001
#           value: 360.0
#       representation_type: spherical
# schema: astropy-2.0
RA_ICRS_1 DE_ICRS_1 e_RA_ICRS e_DE_ICRS _r_1 HIP TYC2 Source rgeo Plx e_Plx pmRA pmDE e_pmRA e_pmDE RUWE Teff logg Gmag BP-RP BPmag RPmag RV e_RV b_rgeo B_rgeo FG e_FG FBP e_FBP FRP e_FRP RAVE5 RAVE6 e_Gmag e_BPmag e_RPmag e_BP-RP SkyCoord.ra SkyCoord.dec SkyCoord.distance SkyCoord.pm_ra_cosdec SkyCoord.pm_dec rmRA rmDE e_rmRA e_rmDE rRV e_rRV v_pec v_pec3d e_vpec e_vpec3d
[from data line 317]
313.83057055791 49.39419747706 0.041 0.0415 12.0538 "" "" 2168835755802453504 2916.84546 0.3453 0.0481 -2.289 -4.649 0.052 0.049 0.942 7470.4 4.1594 16.763298 1.767334 17.623024 15.85569 "" "" 2515.61523 3376.19702 3712.1697 2.1981 1219.6 6.2977 3604.8 10.397 "" "" 0.002829330443493695 0.0062623844 0.004908153 0.011170537 313.83057055791 49.39419747706 2916.84546 -2.2890000000000006 -4.649 0.16299990272521958 -1.151000093460083 0.16712168 0.16412167 "" "" 16.07233322105148 "" 2.638774685070541 ""
314.13848968776 49.43741994142 0.0428 0.0475 4.3882 "" "" 2168792634329527424 2269.38916 0.4115 0.0556 -4.151 -4.606 0.053 0.051 1.018 5384.2 4.3676 16.765074 1.475907 17.442852 15.966945 "" "" 2021.48865 2577.32446 3706.09987 2.3514 1439.7 6.2148 3253.7 7.889 "" "" 0.0028401273665651892 0.005454489 0.0046058437 0.010060333 314.13848968776 49.43741994142 2269.38916 -4.151000000000003 -4.606000000000005 -1.69900009727478 -1.1080000934600829 0.16812168 0.16612168 "" "" 21.81893139358171 "" 3.655268730231072 ""
314.08233034168 49.30970627373 0.0413 0.0438 3.8842 "" "" 2168785384424646912 2393.63477 0.4014 0.0491 -2.625 -2.489 0.055 0.051 1.019 4996.9 4.1774 16.77327 1.810946 17.655869 15.844923 "" "" 2172.24487 2683.40747 3678.22959 2.2685 1183.2 8.2864 3640.7 8.4729 "" "" 0.002835519673386557 0.00809958 0.004546258 0.012645839 314.08233034168 49.30970627373 2393.63477 -2.6250000000000013 -2.488999999999999 -0.17300009727478027 1.0089999065399171 0.17012167 0.16612168 "" "" 11.614991804565502 "" 1.9308442188501438 ""
313.93697898064 49.27874952024 0.0405 0.0482 9.3143 "" "" 2168784319272666752 2681.91553 0.3714 0.0519 1.999 -2.6 0.054 0.055 0.988 6758.0 4.2159 16.773811 1.816165 17.66096 15.844794 "" "" 2361.29541 3025.35059 3676.39789 2.3202 1177.7 10.426 3641.2 9.9702 "" "" 0.002839244573469528 0.01000864 0.004808534 0.014817174 313.93697898064 49.27874952024 2681.91553 1.9990000000000008 -2.600000000000002 4.45099990272522 0.8979999065399169 0.16912168 0.17012167 "" "" 57.722434529631975 "" 9.764379277436824 ""
313.94712183335 49.34567980775 0.0435 0.0458 7.4546 "" "" 2168789163995803904 2582.8877 0.3649 0.049 -2.502 -4.866 0.057 0.052 0.987 6722.1 4.0145 16.77657 2.263418 17.972504 15.709085 "" "" 2295.10864 2880.18237 3667.06798 2.4338 883.93 7.6122 4125.9 8.431 "" "" 0.002847989486756851 0.009757538 0.0043824697 0.014140008 313.94712183335 49.34567980775 2582.8877 -2.502 -4.866 -0.05000009727478005 -1.3680000934600827 0.17212167 0.16712168 "" "" 16.75945467337821 "" 2.800981661493111 ""
314.46240440077 49.3381965845 0.0412 0.0388 12.8647 "" "" 2168777412965615616 2392.22461 0.4002 0.0456 2.291 -0.464 0.054 0.049 0.981 4859.9 3.6576 16.7773 2.182254 17.916058 15.733804 "" "" 2155.53223 2668.87842 3664.60389 2.3421 931.1 6.3783 4033.1 10.137 "" "" 0.0028413552094565782 0.007943738 0.004661638 0.012605377 314.46240440077 49.3381965845 2392.22461 2.291 -0.46399999999999997 4.74299990272522 3.033999906539917 0.16912168 0.16412167 "" "" 63.843717999079246 "" 10.705645260299884 ""
314.32134072877 49.4899004402 0.0423 0.0431 10.453 "" "" 2168793939999735168 2692.4104 0.3593 0.0512 -5.478 -4.349 0.055 0.052 1.029 7440.8 4.3088 16.77749 1.912865 17.727106 15.814241 "" "" 2314.77417 3120.43945 3663.9573 2.4232 1108.1 9.3138 3745.1 8.9084 "" "" 0.002847350568214854 0.00954284 0.004577516 0.014120355 314.32134072877 49.4899004402 2692.4104 -5.478000000000003 -4.349 -3.02600009727478 -0.8510000934600832 0.17012167 0.16712168 "" "" 40.11597611869281 "" 6.815848348846743 ""
314.3670472624 49.2215751064 0.0395 0.0393 12.4615 "" "" 2168774767265337216 2816.51392 0.336 0.045 -4.856 -5.942 0.054 0.049 1.028 9264.8 3.9264 16.787455 1.84961 17.694426 15.844815 "" "" 2431.20215 3359.33032 3630.48615 2.1532 1141.9 7.7587 3641.1 8.7073 "" "" 0.0028295662529372063 0.007887111 0.004585317 0.012472428 314.3670472624 49.2215751064 2816.51392 -4.856 -5.942 -2.40400009727478 -2.444000093460083 0.16912168 0.16412167 "" "" 45.76702218193384 "" 7.624748357493158 ""
314.31440629234 49.50730897641 0.0443 0.0471 11.056 "" "" 2168794141853749248 3184.53223 0.3086 0.0554 -2.994 -3.602 0.056 0.057 1.099 "" "" 16.788412 1.922407 17.744095 15.821688 "" "" 2691.77808 4123.68408 3627.28602 2.5183 1090.9 7.8438 3719.5 10.833 "" "" 0.002856569231554584 0.008290305 0.004927798 0.013218103 314.31440629234 49.50730897641 3184.53223 -2.9940000000000015 -3.602 -0.5420000972747805 -0.10400009346008288 0.17112169 0.17212167 "" "" 8.33057100723202 "" 1.4258380205380097 ""
314.1473615816 49.56690674998 0.0445 0.048 12.1646 "" "" 2168798063168245504 2306.27783 0.4246 0.0533 -2.216 -3.332 0.057 0.058 1.062 "" "" 16.78883 1.552366 17.506191 15.953825 "" "" 2012.40051 2651.09766 3625.89054 2.3697 1358.1 10.186 3293.3 7.6915 "" "" 0.00284522351771992 0.008607967 0.004551229 0.013159196 314.1473615816 49.56690674998 2306.27783 -2.216 -3.332 0.23599990272521953 0.16599990653991714 0.17212167 0.17312168 "" "" 3.1541845705725597 "" 0.5439495742849484 ""
314.030205547 49.38710984812 0.0409 0.0514 4.3427 "" "" 2168789473233507968 2852.5957 0.3366 0.0526 -1.275 -3.309 0.053 0.054 1.031 7617.2 4.4148 16.790367 1.684923 17.591219 15.906296 "" "" 2455.64575 3297.87573 3620.76052 2.1303 1255.8 6.5537 3440.6 7.4157 "" "" 0.002828401581594219 0.006315904 0.0044452213 0.010761125 314.030205547 49.38710984812 2852.5957 -1.275 -3.309 1.1769999027252198 0.18899990653991683 0.16812168 0.16912168 "" "" 16.1184473130559 "" 2.7102667963979337 ""
314.48165057648 49.3962424184 0.0391 0.0399 13.6484 "" "" 2168777859642235264 2565.46997 0.3662 0.0455 -3.196 -2.929 0.052 0.05 1.063 7659.0 4.4011 16.791613 1.902758 17.738934 15.836176 "" "" 2323.73096 2902.66821 3616.6071 2.1546 1096.1 6.7145 3670.2 7.8618 "" "" 0.002830225684562756 0.00721256 0.0044376436 0.011650204 314.48165057648 49.3962424184 2565.46997 -3.196 -2.929 -0.7440000972747804 0.5689999065399172 0.16712168 0.16512167 "" "" 11.389865842748135 "" 1.8951186460254188 ""
314.23301825928 49.49005454055 0.0431 0.0425 8.4467 "" "" 2168794421036009728 2534.20459 0.3775 0.0509 -3.703 -3.967 0.054 0.051 0.995 7208.4 4.3388 16.796528 1.689411 17.602268 15.912857 "" "" 2267.26074 2900.05933 3600.27663 2.1994 1243.1 7.221 3419.9 8.5322 "" "" 0.002834029134236334 0.0068965186 0.0046498557 0.011546374 314.23301825928 49.49005454055 2534.20459 -3.7030000000000003 -3.9670000000000005 -1.2510000972747801 -0.4690000934600831 0.16912168 0.16612168 "" "" 16.0485035470863 "" 2.70826317361223 ""
314.03815133199 49.21357215394 0.0402 0.0437 9.8168 "" "" 2168783047962382592 2157.37476 0.4414 0.0476 -1.327 -4.273 0.053 0.052 1.022 5242.1 4.3504 16.80296 1.416649 17.442255 16.025606 "" "" 1970.70789 2400.88477 3579.0095 2.073 1440.5 9.8459 3082.6 8.5709 "" "" 0.002826175265424873 0.00792826 0.0048370287 0.012765288 314.03815133199 49.21357215394 2157.37476 -1.326999999999999 -4.272999999999998 1.1249999027252198 -0.7750000934600827 0.16812168 0.16712168 "" "" 13.969756521361662 "" 2.3441320592482153 ""
314.17244236576 49.55693066843 0.0443 0.045 11.6459 "" "" 2168797891369570048 2577.51147 0.3707 0.0545 -0.803 -2.955 0.057 0.053 1.011 5381.1 4.2534 16.803843 1.815232 17.69325 15.878018 "" "" 2273.70166 2895.23901 3576.10071 2.3001 1143.2 6.0947 3531.4 12.654 "" "" 0.002842438306188153 0.0064257286 0.0054239933 0.011849722 314.17244236576 49.55693066843 2577.51147 -0.803 -2.955 1.6489999027252198 0.5429999065399169 0.17212167 0.16812168 "" "" 21.210658128503006 "" 3.6426014804198106 ""
314.19033282592 49.25216954776 0.0392 0.0443 7.0594 "" "" 2168773083638359552 2955.76758 0.3431 0.0471 -2.152 -4.563 0.053 0.054 1.001 8930.1 4.4438 16.811605 1.799473 17.687256 15.887783 "" "" 2569.68262 3339.96558 3550.62428 2.1849 1149.5 12.501 3499.8 9.8335 "" "" 0.00283516612332616 0.012132743 0.0048569595 0.016989702 314.19033282592 49.25216954776 2955.76758 -2.1519999999999992 -4.562999999999999 0.2999999027252196 -1.0650000934600827 0.16812168 0.16912168 "" "" 15.501697933298171 "" 2.620536738544405 ""
314.22294270442 49.25120111754 0.0412 0.0461 7.596 "" "" 2168772362083875456 2339.82446 0.4182 0.0496 -1.844 -2.128 0.056 0.061 1.05 5612.3 4.4831 16.820112 1.522324 17.523003 16.000679 "" "" 2100.12061 2662.15161 3522.91297 2.2352 1337.3 6.7056 3154.2 10.509 "" "" 0.0028401293212259506 0.0061175344 0.005231568 0.0113491025 314.22294270442 49.25120111754 2339.82446 -1.844 -2.128 0.6079999027252196 1.3699999065399169 0.17112169 0.17612168 "" "" 16.623443046035803 "" 2.914235074115825 ""
314.21023829161 49.28243491328 0.0424 0.0482 5.7119 "" "" 2168779057926680832 2826.26758 0.3388 0.0537 -2.654 -4.22 0.056 0.058 1.051 "" "" 16.825186 1.802767 17.678087 15.87532 "" "" 2453.73975 3248.23389 3506.49051 2.3006 1159.3 4.9427 3540.2 9.8189 "" "" 0.002845914681689455 0.005404927 0.004832378 0.0102373045 314.21023829161 49.28243491328 2826.26758 -2.6539999999999995 -4.22 -0.2020000972747802 -0.7220000934600828 0.17112169 0.17312168 "" "" 10.043702555440431 "" 1.7373322258008286 ""
314.05639377488 49.28107951306 0.0401 0.0454 5.8785 "" "" 2168784972107763200 2794.32983 0.3514 0.0491 -2.598 -3.522 0.055 0.053 0.999 5817.9 4.4879 16.829407 1.443886 17.485268 16.041382 "" "" 2461.65015 3177.33398 3492.88278 2.1366 1384.6 7.5166 3038.1 10.104 "" "" 0.0028342334479510276 0.006521203 0.005227077 0.01174828 314.05639377488 49.28107951306 2794.32983 -2.5980000000000008 -3.521999999999999 -0.14600009727478014 -0.024000093460082805 0.17012167 0.16812168 "" "" 1.9597426964641547 "" 0.3332921646620718 ""
314.0412601418 49.42511695155 0.0411 0.047 5.1881 "" "" 2168789679391957248 2194.4314 0.429 0.0519 -0.635 -2.504 0.053 0.05 0.982 5097.3 4.3488 16.829447 1.615808 17.595133 15.979324 "" "" 1959.53479 2463.24463 3492.75158 2.1919 1251.3 6.9951 3216.8 8.2659 "" "" 0.0028383168207962964 0.0066801594 0.004697588 0.011377747 314.0412601418 49.42511695155 2194.4314 -0.6350000000000006 -2.5039999999999987 1.8169999027252197 0.993999906539917 0.16812168 0.16512167 "" "" 21.542937672696084 "" 3.6070511016854088 ""
314.35109192845 49.39077831741 0.0419 0.0422 8.5624 "" "" 2168781329975738880 2203.2439 0.4305 0.0488 -3.171 -0.44 0.054 0.05 0.987 6222.6 4.4115 16.83207 1.535139 17.544783 16.009644 "" "" 1972.05029 2443.28052 3484.32719 2.1949 1310.7 8.9273 3128.2 9.0411 "" "" 0.002838937812333288 0.007903912 0.0049122996 0.012816211 314.35109192845 49.39077831741 2203.2439 -3.1709999999999994 -0.43999999999999895 -0.7190000972747801 3.057999906539917 0.16912168 0.16512167 "" "" 32.80670629226954 "" 5.424051532251196 ""
314.16343134957 49.37209823203 0.0411 0.0451 1.1798 "" "" 2168791500458152576 2404.28174 0.3998 0.0501 1.439 -2.554 0.054 0.053 1.027 6851.0 4.3506 16.832094 1.652637 17.622015 15.969378 "" "" 2178.20166 2673.52588 3484.24739 2.0966 1220.7 6.5579 3246.4 9.1133 "" "" 0.0028317178875670456 0.0064658397 0.0048552346 0.011321074 314.16343134957 49.37209823203 2404.28174 1.4390000000000012 -2.5540000000000003 3.89099990272522 0.9439999065399172 0.16912168 0.16812168 "" "" 45.62934393089918 "" 7.714382048288601 ""
314.36828399097 49.4661290639 0.0406 0.0459 10.9427 "" "" 2168782051530280064 2314.27734 0.4176 0.051 -4.741 1.862 0.054 0.05 1.02 5688.4 4.1409 16.833017 1.852729 17.744184 15.891456 "" "" 2086.25757 2648.79614 3481.2876 2.2309 1090.8 8.4511 3488.0 8.0831 "" "" 0.002841809740748843 0.008862536 0.004540311 0.013402848 314.36828399097 49.4661290639 2314.27734 -4.740999999999998 1.8620000000000005 -2.28900009727478 5.359999906539917 0.16912168 0.16512167 "" "" 63.934591644752906 "" 10.596835510999897 ""
314.06046894397 49.23373992315 0.0398 0.0466 8.3688 "" "" 2168784559790890496 2789.63647 0.3431 0.0494 -3.039 -4.454 0.051 0.053 1.043 4977.0 4.2732 16.837572 1.626507 17.611526 15.98502 "" "" 2459.98267 3247.4353 3466.7134 2.1231 1232.6 8.9757 3200.0 8.825 "" "" 0.002834417595840438 0.008384141 0.0048217527 0.013205893 314.06046894397 49.23373992315 2789.63647 -3.039 -4.454 -0.5870000972747804 -0.9560000934600827 0.16612168 0.16812168 "" "" 14.833836128174307 "" 2.4858018630728456 ""
314.23730003027 49.43638568365 0.043 0.0449 5.8685 "" "" 2168792084573782912 2493.94922 0.409 0.0517 -1.897 -3.223 0.057 0.055 1.114 8565.2 4.2762 16.839771 1.716038 17.65879 15.942753 "" "" 2174.3833 2857.97949 3459.69601 2.2131 1180.1 8.8175 3327.0 6.9341 "" "" 0.002841505452400695 0.008578845 0.0044050375 0.012983883 314.23730003027 49.43638568365 2493.94922 -1.897000000000002 -3.2230000000000025 0.5549999027252197 0.2749999065399171 0.17212167 0.17012167 "" "" 7.322062964355167 "" 1.2574125773955622 ""
314.11603390774 49.15018512774 0.0405 0.0447 12.8703 "" "" 2168770128700585472 3141.11548 0.3035 0.0481 -1.797 -1.877 0.055 0.054 0.955 4995.2 3.5141 16.840729 2.413959 18.138214 15.724255 "" "" 2675.5166 3819.64648 3456.64831 2.2179 758.81 8.0295 4068.7 13.205 "" "" 0.002842024399806601 0.011822888 0.0051672673 0.016990155 314.11603390774 49.15018512774 3141.11548 -1.7969999999999997 -1.877 0.6549999027252198 1.620999906539917 0.17012167 0.16912168 "" "" 26.030721595008455 "" 4.406022265121508 ""
314.12040429756 49.47819211894 0.051 0.0603 6.8592 "" "" 2168796035943629056 2217.77466 0.4275 0.0666 -1.435 -2.312 0.069 0.069 1.263 5074.1 4.4165 16.842827 1.555618 17.555397 15.999779 "" "" 1964.89758 2764.73071 3449.97327 3.121 1297.9 7.3501 3156.8 7.6901 "" "" 0.0029251524816110612 0.006752062 0.004612941 0.011365003 314.12040429756 49.47819211894 2217.77466 -1.4350000000000007 -2.3119999999999994 1.0169999027252197 1.1859999065399172 0.18412167 0.18412167 "" "" 16.423638626944086 "" 3.0239477441861036 ""
313.86221665963 49.2531659242 0.0407 0.043 12.6067 "" "" 2168786793173789696 2632.5957 0.3711 0.0463 -1.932 -2.39 0.054 0.051 0.929 5838.3 4.4673 16.844156 1.439297 17.494791 16.055494 "" "" 2348.31323 2986.32544 3445.75075 2.0676 1372.5 7.4551 2998.9 9.7812 "" "" 0.0028312942390695322 0.0065241973 0.0051791947 0.0117033925 313.86221665963 49.2531659242 2632.5957 -1.9319999999999988 -2.389999999999999 0.5199999027252198 1.1079999065399169 0.16912168 0.16612168 "" "" 15.273115934371626 "" 2.5455270151075746 ""
313.94605421756 49.40573685151 0.0452 0.0507 7.8136 "" "" 2168790160428232064 2877.79346 0.3498 0.0547 -5.915 -6.463 0.055 0.058 1.053 8670.8 4.2029 16.844406 1.991281 17.848461 15.85718 "" "" 2487.23828 3561.23315 3444.96105 2.1598 990.91 9.7396 3599.9 8.9072 "" "" 0.0028381573585788754 0.011030367 0.004636876 0.015667243 313.94605421756 49.40573685151 2877.79346 -5.915000000000001 -6.463000000000001 -3.4630000972747803 -2.965000093460083 0.17012167 0.17312168 "" "" 62.186813071016346 "" 10.658636093441885 ""
313.82997541874 49.26872862393 0.0414 0.0446 13.262 "" "" 2168787033691953664 2752.23926 0.3344 0.0482 -3.054 -3.141 0.054 0.053 0.983 7091.1 4.3558 16.845243 1.668989 17.637255 15.968266 "" "" 2479.48755 3169.07349 3442.30439 2.0406 1203.7 6.9576 3249.8 7.9115 "" "" 0.0028294951122559762 0.0068680467 0.004611954 0.011480001 313.82997541874 49.26872862393 2752.23926 -3.054 -3.141 -0.6020000972747801 0.356999906539917 0.16912168 0.16812168 "" "" 9.130560442054694 "" 1.541805374652239 ""
