Clusters/NGC_5606/NGC_5606_stars_in_region.tsv
# %ECSV 1.0
# ---
# datatype:
# - name: RA_ICRS_1
#   unit: deg
#   datatype: float64
#   format: '{:15.11f}'
#   description: Right ascension (ICRS) at Ep=2016.0 (ra)
#   meta: !!omap
#   - {ucd: POS_EQ_RA_MAIN}
#   - {width: 15}
#   - {precision: '11'}
# - name: DE_ICRS_1
#   unit: deg
#   datatype: float64
#   format: '{:15.11f}'
#   description: Declination (ICRS) at Ep=2016.0 (dec)
#   meta: !!omap
#   - {ucd: POS_EQ_DEC_MAIN}
#   - {width: 15}
#   - {precision: '11'}
# - name: e_RA_ICRS
#   unit: mas
#   datatype: float64
#   format: '{:7.4f}'
#   description: Standard error of right ascension (ra_error)
#   meta: !!omap
#   - {ucd: ERROR}
#   - {width: 7}
#   - {precision: '4'}
# - name: e_DE_ICRS
#   unit: mas
#   datatype: float64
#   format: '{:7.4f}'
#   description: Standard error of declination (dec_error)
#   meta: !!omap
#   - {ucd: ERROR}
#   - {width: 7}
#   - {precision: '4'}
# - name: _r_1
#   unit: ''
#   datatype: float64
#   format: '{:7.4f}'
#   description: Distance from center (216.95231649000-59.63289870000)[ICRS], at Epoch=J2016.0
#   meta: !!omap
#   - {ucd: POS_ANG_DIST_GENERAL}
#   - {width: 7}
#   - {precision: '4'}
# - name: HIP
#   datatype: int32
#   description: '? HIP cross-id number, van Leeuwen, Cat. I/311 (hip_original_ext_source_id)'
#   meta: !!omap
#   - {ucd: ID_NUMBER}
#   - {width: 6}
#   - values: {'null': -2147483648}
# - name: TYC2
#   datatype: string
#   description: Tycho-2 cross-id name, Hog et al., Cat. I/259 (tyc2_original_ext_source_id)
#   meta: !!omap
#   - {ucd: ID_CROSSID}
#   - {_votable_string_dtype: char}
# - name: Source
#   datatype: int64
#   description: Source identifier, identical to the Gaia-EDR3 source_id (id)
#   meta: !!omap
#   - {ucd: ID_MAIN}
#   - {width: 19}
# - name: rgeo
#   unit: pc
#   datatype: float64
#   format: '{:15.8f}'
#   description: '? Median of the geometric distance posterior (r_med_geo)'
#   meta: !!omap
#   - {ucd: PHYS_DISTANCE_TRUE}
#   - {width: 15}
#   - {precision: '8'}
#   - values: {'null': .nan}
# - name: Plx
#   unit: mas
#   datatype: float64
#   format: '{:9.4f}'
#   description: '? Parallax (parallax)'
#   meta: !!omap
#   - {ucd: POS_PARLX_TRIG}
#   - {width: 9}
#   - {precision: '4'}
#   - values: {'null': .nan}
# - name: e_Plx
#   unit: mas
#   datatype: float32
#   format: '{:7.4f}'
#   description: '? Standard error of parallax (parallax_error)'
#   meta: !!omap
#   - {ucd: ERROR}
#   - {width: 7}
#   - {precision: '4'}
#   - values: {'null': .nan}
# - name: pmRA
#   unit: mas / yr
#   datatype: float64
#   format: '{:9.3f}'
#   description: '? Proper motion in right ascension direction, pmRA*cosDE (pmra)'
#   meta: !!omap
#   - {ucd: POS_EQ_PMRA}
#   - {width: 9}
#   - {precision: '3'}
#   - values: {'null': .nan}
# - name: pmDE
#   unit: mas / yr
#   datatype: float64
#   format: '{:9.3f}'
#   description: '? Proper motion in declination direction (pmdec)'
#   meta: !!omap
#   - {ucd: POS_EQ_PMDEC}
#   - {width: 9}
#   - {precision: '3'}
#   - values: {'null': .nan}
# - name: e_pmRA
#   unit: mas / yr
#   datatype: float32
#   format: '{:6.3f}'
#   description: '? Standard error of proper motion in right ascension direction (pmra_error)'
#   meta: !!omap
#   - {ucd: ERROR}
#   - {width: 6}
#   - {precision: '3'}
#   - values: {'null': .nan}
# - name: e_pmDE
[...]
#         unit: &id001 !astropy.units.Unit {unit: deg}
#         value: !astropy.table.SerializedColumn {name: SkyCoord.dec}
#       distance: !astropy.table.SerializedColumn
#         __class__: astropy.coordinates.distances.Distance
#         unit: !astropy.units.Unit {unit: pc}
#         value: !astropy.table.SerializedColumn {name: SkyCoord.distance}
#       frame: icrs
#       obstime: !astropy.time.Time {format: jyear_str, in_subfmt: '*', jd1: 367701545.0, jd2: 0.0, out_subfmt: '*', precision: 3, scale: tt}
#       pm_dec: !astropy.table.SerializedColumn
#         __class__: astropy.units.quantity.Quantity
#         unit: !astropy.units.Unit {unit: mas / yr}
#         value: !astropy.table.SerializedColumn {name: SkyCoord.pm_dec}
#       pm_ra_cosdec: !astropy.table.SerializedColumn
#         __class__: astropy.units.quantity.Quantity
#         unit: !astropy.units.Unit {unit: mas / yr}
#         value: !astropy.table.SerializedColumn {name: SkyCoord.pm_ra_cosdec}
#       ra: !astropy.table.SerializedColumn
#         __class__: astropy.coordinates.angles.Longitude
#         unit: *id001
#         value: !astropy.table.SerializedColumn {name: SkyCoord.ra}
#         wrap_angle: !astropy.coordinates.Angle
#           unit: *id001
#           value: 360.0
#       representation_type: spherical
# schema: astropy-2.0
RA_ICRS_1 DE_ICRS_1 e_RA_ICRS e_DE_ICRS _r_1 HIP TYC2 Source rgeo Plx e_Plx pmRA pmDE e_pmRA e_pmDE RUWE Teff logg Gmag BP-RP BPmag RPmag RV e_RV b_rgeo B_rgeo FG e_FG FBP e_FBP FRP e_FRP RAVE5 RAVE6 e_Gmag e_BPmag e_RPmag e_BP-RP SkyCoord.ra SkyCoord.dec SkyCoord.distance SkyCoord.pm_ra_cosdec SkyCoord.pm_dec
[from data line 1488]
217.45773301963 -59.54468754041 0.0346 0.0391 16.2373 "" "" 5890851528316254336 2645.83887 0.3542 0.0561 -5.409 -2.195 0.048 0.051 0.99 4926.4 4.2825 16.500357 1.61791 17.247524 15.629614 "" "" 2268.3501 3065.57227 4729.37619 2.4208 1723.5 8.2914 4439.3 16.732 "" "" 0.0028108090079991994 0.005921773 0.005570448 0.011492221 217.45773301963 -59.54468754041 2645.83887 -5.408999999999999 -2.194999999999999
217.18391620848 -59.51648159608 0.0348 0.04 9.9152 "" "" 5890853830418688256 2437.59302 0.3776 0.0586 -5.201 -2.703 0.05 0.058 1.019 9185.1 4.2863 16.500519 1.605578 17.248281 15.642704 "" "" 2191.66943 2815.41528 4728.67053 2.8158 1722.3 6.926 4386.1 10.357 "" "" 0.002830156766017671 0.00518153 0.0045669097 0.00974844 217.18391620848 -59.51648159608 2437.59302 -5.2010000000000005 -2.7030000000000003
217.00578195245 -59.41186748981 0.0309 0.0358 13.3613 "" "" 5890868020989888128 1988.7738 0.4955 0.0501 -3.632 -3.083 0.04 0.052 0.99 6775.0 4.3459 16.50191 1.381868 17.119423 15.737555 "" "" 1814.86743 2254.64673 4722.62217 2.1869 1939.3 6.3278 4019.2 7.374 "" "" 0.002800815566719109 0.004509505 0.0042722085 0.008781713 217.00578195245 -59.41186748981 1988.7738 -3.6320000000000006 -3.083
217.40457314096 -59.52088432187 0.0348 0.0385 15.2964 "" "" 5890852421669466624 2061.27002 0.4644 0.0555 -9.52 -4.903 0.048 0.05 1.035 5504.6 4.5535 16.505217 1.379825 17.130684 15.750859 "" "" 1857.73425 2346.88892 4708.25729 2.1329 1919.3 9.3474 3970.2 8.434 "" "" 0.0027988761964978415 0.0059787557 0.004427581 0.010406337 217.40457314096 -59.52088432187 2061.27002 -9.52 -4.9030000000000005
217.28314204629 -59.64341581636 0.0355 0.0366 10.0529 "" "" 5890849329292872448 2129.15991 0.461 0.0532 -5.549 -2.695 0.048 0.052 0.966 5710.9 4.6111 16.50615 1.338974 17.077333 15.738359 "" "" 1894.3573 2416.98315 4704.21376 2.536 2016.0 9.5633 4016.2 25.436 "" "" 0.002816802807307387 0.0058576227 0.007846519 0.013704142 217.28314204629 -59.64341581636 2129.15991 -5.549 -2.6949999999999994
216.70408662906 -59.50609076796 0.0323 0.0344 10.7142 "" "" 5890775112262093312 2226.89844 0.4425 0.0468 -6.453 -2.022 0.041 0.047 0.95 5918.9 4.4312 16.5065 1.345492 17.108288 15.762795 "" "" 2016.43872 2512.09595 4702.69221 2.1416 1959.3 7.7625 3926.8 7.7727 "" "" 0.0027993326211356597 0.0051272195 0.004347686 0.009474905 216.70408662906 -59.50609076796 2226.89844 -6.453000000000001 -2.022
217.07506489558 -59.58200003975 0.0315 0.0365 4.8177 "" "" 5890759787814405120 1963.21338 0.4854 0.049 -4.394 -2.601 0.046 0.053 1.014 7170.3 3.5939 16.507885 1.660142 17.242556 15.582414 "" "" 1791.60571 2165.7793 4696.70273 2.3145 1731.4 10.565 4636.5 31.968 "" "" 0.0028067882107120252 0.0071887267 0.00838593 0.015574656 217.07506489558 -59.58200003975 1963.21338 -4.394 -2.6010000000000004
217.074794624 -59.48903397656 0.0303 0.0375 9.4005 "" "" 5890772810155336704 2177.12915 0.4465 0.0483 -10.275 -7.54 0.042 0.053 0.987 5394.8 3.8612 16.509941 1.617125 17.260303 15.643179 "" "" 1972.58997 2476.56982 4687.81233 2.4384 1703.3 5.8156 4384.2 13.807 "" "" 0.0028126030767124366 0.0046397434 0.00509658 0.009736324 217.074794624 -59.48903397656 2177.12915 -10.275 -7.54
217.00234907276 -59.86055890402 0.0338 0.0354 13.7431 "" "" 5890752297391122048 1931.00464 0.5023 0.048 -10.582 -4.952 0.044 0.048 0.966 5348.5 4.5983 16.513113 1.212068 17.042965 15.830897 "" "" 1789.84094 2122.58667 4674.13521 2.2469 2080.8 6.0684 3688.1 6.7433 "" "" 0.002804316932641573 0.004220337 0.0042690234 0.008489361 217.00234907276 -59.86055890402 1931.00464 -10.582 -4.952
217.11664609584 -59.56220006525 0.0321 0.0362 6.5491 "" "" 5890759925253370240 2378.62012 0.4118 0.0496 -1.511 -1.533 0.046 0.051 1.014 4899.0 4.2589 16.513124 1.614826 17.253178 15.638351 "" "" 2088.2981 2737.95435 4674.09096 2.223 1714.5 14.012 4403.7 19.216 "" "" 0.0028032899050088917 0.009301674 0.0060605058 0.015362179 217.11664609584 -59.56220006525 2378.62012 -1.511 -1.5329999999999997
216.77764823436 -59.58599904524 0.0366 0.0391 6.0023 "" "" 5890771160887348992 2695.09082 0.3567 0.0529 -3.32 -2.392 0.05 0.054 1.153 "" "" 16.513453 1.370481 17.10859 15.738108 "" "" 2405.78638 3161.65698 4672.67604 2.999 1958.8 6.4326 4017.1 7.019 "" "" 0.0028420731764617585 0.004527456 0.0042287894 0.0087562455 216.77764823436 -59.58599904524 2695.09082 -3.32 -2.392
217.2550796574 -59.51837364586 0.0326 0.0377 11.4822 "" "" 5890853692979753472 1976.75562 0.4783 0.0538 -9.185 -3.701 0.046 0.051 0.956 6568.1 4.3626 16.513916 1.420235 17.155996 15.735762 "" "" 1767.63489 2234.573 4670.68176 2.2757 1875.1 7.3378 4025.8 9.05 "" "" 0.0028056433795265396 0.005083041 0.0044989907 0.0095820315 217.2550796574 -59.51837364586 1976.75562 -9.184999999999999 -3.7010000000000005
217.27625183358 -59.46880881603 0.0324 0.0386 13.9265 "" "" 5890854483253801472 2554.34424 0.3768 0.0517 -7.736 -3.892 0.043 0.053 0.97 7166.0 4.2191 16.514503 1.489605 17.186974 15.697369 "" "" 2238.64111 2876.57617 4668.15277 2.4915 1822.3 8.6147 4170.7 12.21 "" "" 0.0028155974572293178 0.005842046 0.0049383193 0.010780365 217.27625183358 -59.46880881603 2554.34424 -7.736 -3.892
216.777190651 -59.55804451765 0.0339 0.0362 6.9607 "" "" 5890771607563976448 2809.19019 0.3278 0.0499 -11.983 -7.823 0.046 0.049 0.891 7088.7 4.314 16.51739 1.515875 17.22309 15.707214 "" "" 2450.88403 3289.77856 4655.76405 2.3518 1762.7 7.7273 4133.1 8.758 "" "" 0.002809373982796494 0.005517171 0.0044245664 0.009941738 216.777190651 -59.55804451765 2809.19019 -11.983000000000002 -7.823000000000001
217.26619033451 -59.57582201003 0.0333 0.0369 10.1253 "" "" 5890850566243497088 1979.86646 0.4929 0.0526 -3.714 -3.566 0.046 0.051 0.982 6825.2 4.2861 16.517885 1.489243 17.169544 15.680302 "" "" 1795.18774 2238.80908 4653.6396 2.5307 1851.8 8.7243 4236.8 19.198 "" "" 0.002817872089384683 0.0058266716 0.0062038363 0.012030508 217.26619033451 -59.57582201003 1979.86646 -3.714 -3.566
217.08663758761 -59.82126060843 0.035 0.0374 12.0098 "" "" 5878743225227578496 2081.45996 0.4669 0.0524 3.167 3.26 0.045 0.051 1.089 6698.7 4.27 16.518753 1.439128 17.17238 15.733253 "" "" 1854.2843 2314.31909 4649.9191 2.3941 1847.0 7.6016 4035.1 8.4707 "" "" 0.002811455834419601 0.0052680736 0.004413462 0.009681536 217.08663758761 -59.82126060843 2081.45996 3.166999999999999 3.26
216.91075933724 -59.90247622004 0.0341 0.0357 16.2233 "" "" 5890746250076523776 2348.44043 0.4141 0.0505 -5.93 -2.244 0.052 0.051 1.008 7091.1 4.2571 16.519096 1.407961 17.150322 15.742361 "" "" 2085.65796 2687.06201 4648.44633 2.2277 1884.9 6.0774 4001.4 7.2586 "" "" 0.002804019551102276 0.0044765933 0.004261786 0.00873838 216.91075933724 -59.90247622004 2348.44043 -5.930000000000001 -2.2440000000000007
217.36282126205 -59.80857909696 0.033 0.0371 16.2892 "" "" 5878743981141964416 2697.56763 0.3555 0.0542 -5.476 -3.698 0.042 0.053 0.999 7652.0 4.4146 16.520191 1.239663 17.050957 15.811294 "" "" 2344.80029 3160.96997 4643.76646 2.2735 2065.5 7.2258 3755.3 9.5658 "" "" 0.00280612562523122 0.004712945 0.004683234 0.009396179 217.36282126205 -59.80857909696 2697.56763 -5.476 -3.6979999999999995
217.13124278091 -59.56166652832 0.0344 0.0379 6.9126 "" "" 5890759925253369472 2435.32471 0.3934 0.0532 -5.205 -4.696 0.048 0.053 0.987 5728.1 4.5396 16.520327 1.245258 17.059296 15.814037 "" "" 2219.88843 2728.95117 4643.18863 2.2053 2049.7 8.0655 3745.8 8.8783 "" "" 0.0028031606499353203 0.005102734 0.0045723277 0.009675061 217.13124278091 -59.56166652832 2435.32471 -5.205 -4.696
217.21468523595 -59.53971226088 0.0333 0.0368 9.735 "" "" 5890853555540758528 2171.90112 0.4497 0.0527 -11.046 -7.962 0.047 0.05 1.015 5503.1 4.5877 16.520515 1.278383 17.080944 15.802561 "" "" 1945.16345 2429.52954 4642.37757 2.4292 2009.3 8.9816 3785.6 11.677 "" "" 0.0028132828137383777 0.0055981376 0.005049735 0.010647872 217.21468523595 -59.53971226088 2171.90112 -11.046000000000003 -7.962000000000001
216.9368862127 -59.53904937564 0.0317 0.0349 5.6504 "" "" 5890772191680376320 2029.76013 0.4859 0.0461 -6.483 -4.253 0.045 0.048 1.005 5617.4 4.5599 16.521563 1.201757 17.029768 15.828011 "" "" 1827.88684 2214.40918 4637.90193 2.2527 2106.2 6.917 3697.9 11.314 "" "" 0.0028053336009374553 0.0045275963 0.0050317673 0.009559363 216.9368862127 -59.53904937564 2029.76013 -6.4830000000000005 -4.253
216.93535791687 -59.6213258967 0.0337 0.0365 0.8642 "" "" 5890758550863798784 2604.4209 0.3646 0.0482 -5.28 -2.1 0.049 0.051 0.964 9217.0 4.3331 16.52166 1.5928 17.122717 15.529917 "" "" 2317.08667 2863.05591 4637.49057 3.2732 1933.4 23.546 4866.2 139.24 "" "" 0.0028599030747153537 0.013513863 0.03129597 0.044809833 216.93535791687 -59.6213258967 2604.4209 -5.28 -2.1
216.78861621597 -59.37023678143 0.0331 0.0349 16.5293 "" "" 5890778032835701248 2510.20825 0.3823 0.0484 -10.907 -4.23 0.043 0.047 1.03 4967.0 4.2694 16.523314 1.486016 17.19629 15.710273 "" "" 2242.83838 2809.85376 4630.4267 2.1879 1806.8 8.9358 4121.4 8.8316 "" "" 0.002802672773236642 0.0060513145 0.0044380995 0.0104894135 216.78861621597 -59.37023678143 2510.20825 -10.907 -4.23
216.47904929398 -59.65504526798 0.0321 0.0346 14.4119 "" "" 5890767759273200128 2635.6709 0.3467 0.0456 -3.374 -1.152 0.045 0.046 1.043 6245.0 4.2585 16.524426 1.509673 17.08924 15.579566 "" "" 2393.61841 3018.43042 4625.69282 2.5583 1994.0 7.6162 4648.7 82.886 "" "" 0.0028199940398240062 0.004998293 0.019724077 0.02472237 216.47904929398 -59.65504526798 2635.6709 -3.3740000000000006 -1.1520000000000001
217.14789881509 -59.60818240117 0.0352 0.0386 6.1171 "" "" 5890759478576723072 2654.25708 0.3799 0.0538 -7.227 -2.946 0.049 0.053 1.062 9212.5 4.2159 16.524687 1.665743 17.318626 15.652884 "" "" 2315.73462 3067.46753 4624.58018 2.378 1614.2 7.767 4345.2 7.649 "" "" 0.002811313367640946 0.0059226155 0.004235166 0.010157782 217.14789881509 -59.60818240117 2654.25708 -7.2269999999999985 -2.945999999999999
217.30527133368 -59.6862541706 0.0334 0.0373 11.1662 "" "" 5878745596049724288 2316.87476 0.4266 0.0533 -6.958 -3.744 0.046 0.052 0.999 "" "" 16.52485 1.501815 17.175764 15.673949 "" "" 2093.01733 2675.0 4623.88036 2.1625 1841.2 16.984 4261.7 13.441 "" "" 0.0028017187297835894 0.010396681 0.005099963 0.015496643 217.30527133368 -59.6862541706 2316.87476 -6.957999999999999 -3.7439999999999998
216.69453158131 -59.47321343511 0.032 0.0337 12.3785 "" "" 5890775936891076992 2235.88892 0.4274 0.0466 -9.432 -4.421 0.042 0.046 1.009 5411.3 4.4763 16.525896 1.368063 17.13649 15.768427 "" "" 2041.48657 2538.8772 4619.43151 2.0222 1909.1 6.8569 3906.5 7.8748 "" "" 0.0027960134560283297 0.004795015 0.0043673688 0.009162383 216.69453158131 -59.47321343511 2235.88892 -9.432000000000002 -4.421
217.10638403283 -59.61742771895 0.0316 0.0361 4.7656 "" "" 5890759134979333632 1999.93054 0.4718 0.0485 -6.388 -5.222 0.045 0.051 1.024 5762.5 4.481 16.526371 1.346745 17.128744 15.781999 "" "" 1824.20361 2220.7229 4617.40587 2.3794 1922.7 7.812 3858.0 9.3584 "" "" 0.0028115512586389083 0.0052197096 0.0046065194 0.009826229 217.10638403283 -59.61742771895 1999.93054 -6.388 -5.2219999999999995
217.07904933613 -59.53811123942 0.032 0.0368 6.8676 "" "" 5890760646812196096 2587.63428 0.3586 0.0504 -3.383 -1.739 0.046 0.053 0.977 8146.2 4.419 16.526476 1.400534 17.154682 15.754148 "" "" 2316.38647 2965.23682 4616.96251 2.1979 1877.3 5.3848 3958.2 6.7559 "" "" 0.002803379628387841 0.0041813753 0.004209261 0.008390636 217.07904933613 -59.53811123942 2587.63428 -3.383 -1.7390000000000005
216.66339753705 -59.48830027262 0.0326 0.0335 12.3451 "" "" 5890775558933948544 2440.99243 0.3922 0.0473 -4.489 -2.49 0.043 0.045 0.968 "" "" 16.52668 1.622662 17.289122 15.666459 "" "" 2207.79663 2813.3894 4616.09142 2.5706 1658.7 8.5728 4291.2 10.522 "" "" 0.0028208789339474213 0.0062668975 0.004622893 0.010889791 216.66339753705 -59.48830027262 2440.99243 -4.489 -2.4900000000000007
216.8590691823 -59.53954726766 0.0326 0.0357 6.2765 "" "" 5890771710643682304 2662.71948 0.3599 0.0472 -6.382 -4.558 0.046 0.049 0.98 6677.8 4.3378 16.528362 1.338863 17.127674 15.788811 "" "" 2378.3252 3052.07837 4608.95231 2.1564 1924.6 5.4323 3833.8 6.5121 "" "" 0.0028017563734953586 0.0041444604 0.0042053447 0.008349805 216.8590691823 -59.53954726766 2662.71948 -6.381999999999998 -4.557999999999999
216.59666688285 -59.66853985769 0.033 0.036 10.992 "" "" 5890764632536970240 2331.45728 0.4244 0.0491 -5.827 -3.392 0.043 0.046 1.04 7113.1 4.3317 16.529554 1.287332 17.092249 15.804917 "" "" 2083.76709 2609.73755 4603.8936 2.1979 1988.5 7.276 3777.4 8.1926 "" "" 0.0028036505096654296 0.004854668 0.0044529526 0.009307621 216.59666688285 -59.66853985769 2331.45728 -5.827 -3.3919999999999995
216.89178455217 -59.46275888507 0.0312 0.0354 10.373 "" "" 5890773703508576640 2468.08203 0.384 0.0488 -1.815 -2.938 0.042 0.048 1.073 6694.3 4.286 16.529701 1.568487 17.265661 15.697174 "" "" 2177.79443 2813.54346 4603.26952 2.3142 1694.9 6.6996 4171.5 7.1766 "" "" 0.002808864833185975 0.0051189563 0.004215772 0.009334728 216.89178455217 -59.46275888507 2468.08203 -1.8149999999999997 -2.9380000000000006
216.93228084898 -59.71932029638 0.0363 0.0376 5.2207 "" "" 5890756935955957376 2532.89648 0.3811 0.0519 0.637 1.626 0.047 0.05 0.967 6653.6 4.3523 16.530989 1.270848 17.08648 15.815631 "" "" 2185.68945 2942.55176 4597.813 2.2417 1999.1 10.465 3740.3 8.5484 "" "" 0.0028057103507680018 0.006331602 0.004521199 0.010852801 216.93228084898 -59.71932029638 2532.89648 0.637 1.6260000000000003
216.78283426464 -59.65246748523 0.0349 0.0383 5.2717 "" "" 5890769923936673664 2469.02808 0.3805 0.0509 -5.95 -3.664 0.047 0.052 0.991 6739.0 4.3401 16.531443 1.458398 17.193283 15.734885 "" "" 2169.33887 2840.84375 4595.88952 2.2893 1811.8 8.3291 4029.1 10.949 "" "" 0.002807896358868475 0.0057182116 0.0047946824 0.010512894 216.78283426464 -59.65246748523 2469.02808 -5.950000000000002 -3.6640000000000015
216.70477802627 -59.53563605495 0.034 0.0346 9.5182 "" "" 5890774459422283264 2094.29346 0.4648 0.0481 -7.679 -5.067 0.045 0.047 0.942 7039.2 4.1318 16.531624 1.861159 17.44744 15.58628 "" "" 1942.73926 2323.49243 4595.1236 2.2235 1433.6 6.9966 4620.0 10.093 "" "" 0.002804960197615383 0.0059885792 0.00446204 0.010450619 216.70477802627 -59.53563605495 2094.29346 -7.679000000000001 -5.067000000000002
216.78189888883 -59.60051305093 0.0351 0.0357 5.5246 "" "" 5890770404973571968 2028.88611 0.4802 0.0498 -3.601 -2.507 0.047 0.049 0.995 4701.2 4.1545 16.532036 1.626172 17.300785 15.674613 "" "" 1841.7854 2213.27173 4593.3789 2.4224 1641.0 7.6199 4259.1 10.804 "" "" 0.00281418547273156 0.0057621505 0.0046764505 0.010438601 216.78189888883 -59.60051305093 2028.88611 -3.601 -2.5069999999999997
217.18804301618 -59.48392623882 0.0308 0.0371 11.4562 "" "" 5890854792491403136 2729.67529 0.354 0.0497 -1.213 -0.268 0.041 0.053 1.046 5197.4 4.2512 16.532858 1.63769 17.264492 15.626802 "" "" 2445.93506 3214.8833 4589.90596 2.6354 1696.8 9.0204 4450.8 24.609 "" "" 0.002824963262516059 0.006410926 0.0070937793 0.013504705 217.18804301618 -59.48392623882 2729.67529 -1.213 -0.2679999999999999
216.5932616822 -59.48466169958 0.0324 0.0333 14.0799 "" "" 5890775696372908160 2727.46875 0.3533 0.0467 -7.9 -5.826 0.042 0.043 0.985 7995.5 4.2688 16.532867 1.682457 17.33326 15.650803 "" "" 2424.65942 3205.61035 4589.86452 2.0524 1592.6 7.0695 4353.5 8.6105 "" "" 0.0027977663650775486 0.0055689397 0.004346847 0.009915787 216.5932616822 -59.48466169958 2727.46875 -7.9 -5.8260000000000005
216.84643345897 -59.39348496748 0.0322 0.0345 14.722 "" "" 5890777380000648960 2545.90674 0.3659 0.0482 -5.153 -4.026 0.044 0.048 1.065 6847.1 4.1874 16.533283 1.762929 17.3837 15.62077 "" "" 2268.08643 2896.80298 4588.10384 2.2841 1520.3 5.8554 4475.6 8.134 "" "" 0.0028078361319313896 0.0050270823 0.004263491 0.009290573 216.84643345897 -59.39348496748 2545.90674 -5.153 -4.025999999999999
