Clusters/NGC_5606/NGC_5606_stars_in_region.tsv
# %ECSV 1.0
# ---
# datatype:
# - name: RA_ICRS_1
#   unit: deg
#   datatype: float64
#   format: '{:15.11f}'
#   description: Right ascension (ICRS) at Ep=2016.0 (ra)
#   meta: !!omap
#   - {ucd: POS_EQ_RA_MAIN}
#   - {width: 15}
#   - {precision: '11'}
# - name: DE_ICRS_1
#   unit: deg
#   datatype: float64
#   format: '{:15.11f}'
#   description: Declination (ICRS) at Ep=2016.0 (dec)
#   meta: !!omap
#   - {ucd: POS_EQ_DEC_MAIN}
#   - {width: 15}
#   - {precision: '11'}
# - name: e_RA_ICRS
#   unit: mas
#   datatype: float64
#   format: '{:7.4f}'
#   description: Standard error of right ascension (ra_error)
#   meta: !!omap
#   - {ucd: ERROR}
#   - {width: 7}
#   - {precision: '4'}
# - name: e_DE_ICRS
#   unit: mas
#   datatype: float64
#   format: '{:7.4f}'
#   description: Standard error of declination (dec_error)
#   meta: !!omap
#   - {ucd: ERROR}
#   - {width: 7}
#   - {precision: '4'}
# - name: _r_1
#   unit: ''
#   datatype: float64
#   format: '{:7.4f}'
#   description: Distance from center (216.95231649000-59.63289870000)[ICRS], at Epoch=J2016.0
#   meta: !!omap
#   - {ucd: POS_ANG_DIST_GENERAL}
#   - {width: 7}
#   - {precision: '4'}
# - name: HIP
#   datatype: int32
#   description: '? HIP cross-id number, van Leeuwen, Cat. I/311 (hip_original_ext_source_id)'
#   meta: !!omap
#   - {ucd: ID_NUMBER}
#   - {width: 6}
#   - values: {'null': -2147483648}
# - name: TYC2
#   datatype: string
#   description: Tycho-2 cross-id name, Hog et al., Cat. I/259 (tyc2_original_ext_source_id)
#   meta: !!omap
#   - {ucd: ID_CROSSID}
#   - {_votable_string_dtype: char}
# - name: Source
#   datatype: int64
#   description: Source identifier, identical to the Gaia-EDR3 source_id (id)
#   meta: !!omap
#   - {ucd: ID_MAIN}
#   - {width: 19}
# - name: rgeo
#   unit: pc
#   datatype: float64
#   format: '{:15.8f}'
#   description: '? Median of the geometric distance posterior (r_med_geo)'
#   meta: !!omap
#   - {ucd: PHYS_DISTANCE_TRUE}
#   - {width: 15}
#   - {precision: '8'}
#   - values: {'null': .nan}
# - name: Plx
#   unit: mas
#   datatype: float64
#   format: '{:9.4f}'
#   description: '? Parallax (parallax)'
#   meta: !!omap
#   - {ucd: POS_PARLX_TRIG}
#   - {width: 9}
#   - {precision: '4'}
#   - values: {'null': .nan}
# - name: e_Plx
#   unit: mas
#   datatype: float32
#   format: '{:7.4f}'
#   description: '? Standard error of parallax (parallax_error)'
#   meta: !!omap
#   - {ucd: ERROR}
#   - {width: 7}
#   - {precision: '4'}
#   - values: {'null': .nan}
# - name: pmRA
#   unit: mas / yr
#   datatype: float64
#   format: '{:9.3f}'
#   description: '? Proper motion in right ascension direction, pmRA*cosDE (pmra)'
#   meta: !!omap
#   - {ucd: POS_EQ_PMRA}
#   - {width: 9}
#   - {precision: '3'}
#   - values: {'null': .nan}
# - name: pmDE
#   unit: mas / yr
#   datatype: float64
#   format: '{:9.3f}'
#   description: '? Proper motion in declination direction (pmdec)'
#   meta: !!omap
#   - {ucd: POS_EQ_PMDEC}
#   - {width: 9}
#   - {precision: '3'}
#   - values: {'null': .nan}
# - name: e_pmRA
#   unit: mas / yr
#   datatype: float32
#   format: '{:6.3f}'
#   description: '? Standard error of proper motion in right ascension direction (pmra_error)'
#   meta: !!omap
#   - {ucd: ERROR}
#   - {width: 6}
#   - {precision: '3'}
#   - values: {'null': .nan}
# - name: e_pmDE
[...]
#         value: !astropy.table.SerializedColumn {name: SkyCoord.dec}
#       distance: !astropy.table.SerializedColumn
#         __class__: astropy.coordinates.distances.Distance
#         unit: !astropy.units.Unit {unit: pc}
#         value: !astropy.table.SerializedColumn {name: SkyCoord.distance}
#       frame: icrs
#       obstime: !astropy.time.Time {format: jyear_str, in_subfmt: '*', jd1: 367701545.0, jd2: 0.0, out_subfmt: '*', precision: 3, scale: tt}
#       pm_dec: !astropy.table.SerializedColumn
#         __class__: astropy.units.quantity.Quantity
#         unit: !astropy.units.Unit {unit: mas / yr}
#         value: !astropy.table.SerializedColumn {name: SkyCoord.pm_dec}
#       pm_ra_cosdec: !astropy.table.SerializedColumn
#         __class__: astropy.units.quantity.Quantity
#         unit: !astropy.units.Unit {unit: mas / yr}
#         value: !astropy.table.SerializedColumn {name: SkyCoord.pm_ra_cosdec}
#       ra: !astropy.table.SerializedColumn
#         __class__: astropy.coordinates.angles.Longitude
#         unit: *id001
#         value: !astropy.table.SerializedColumn {name: SkyCoord.ra}
#         wrap_angle: !astropy.coordinates.Angle
#           unit: *id001
#           value: 360.0
#       representation_type: spherical
# schema: astropy-2.0
RA_ICRS_1 DE_ICRS_1 e_RA_ICRS e_DE_ICRS _r_1 HIP TYC2 Source rgeo Plx e_Plx pmRA pmDE e_pmRA e_pmDE RUWE Teff logg Gmag BP-RP BPmag RPmag RV e_RV b_rgeo B_rgeo FG e_FG FBP e_FBP FRP e_FRP RAVE5 RAVE6 e_Gmag e_BPmag e_RPmag e_BP-RP SkyCoord.ra SkyCoord.dec SkyCoord.distance SkyCoord.pm_ra_cosdec SkyCoord.pm_dec rmRA rmDE e_rmRA e_rmDE rRV e_rRV v_pec v_pec3d e_vpec e_vpec3d
[from data line 1351]
216.73010199799 -59.41526053782 0.0304 0.0345 14.7053 "" "" 5890776383567697920 1941.84546 0.4892 0.0477 -7.752 -12.915 0.039 0.049 1.082 5656.8 4.4696 16.37176 1.449842 17.000746 15.550904 "" "" 1794.849 2101.94604 5324.05971 2.4275 2163.3 6.9497 4773.1 9.1961 "" "" 0.0027994382217825854 0.0044666575 0.0043196646 0.008786323 216.73010199799 -59.41526053782 1941.84546 -7.752000000000004 -12.915000000000004 -2.83113064956665 -10.024913110733031 0.11565864 0.12565865 "" "" 95.88181787034061 "" 11.980182202521318 ""
216.88110129013 -59.85886451647 0.0344 0.0347 13.7278 "" "" 5890746628033711616 2053.48877 0.4755 0.0486 -7.36 -5.383 0.048 0.047 1.034 4887.8 4.2824 16.371866 1.438326 16.989658 15.551332 "" "" 1861.45239 2324.86304 5323.53964 2.4411 2185.5 25.148 4771.2 20.935 "" "" 0.0027999386430255886 0.012801072 0.006081052 0.018882124 216.88110129013 -59.85886451647 2053.48877 -7.360000000000001 -5.383000000000001 -2.4391306495666507 -2.4929131107330322 0.124658644 0.12365864 "" "" 33.94754848486355 "" 4.21454557912324 ""
217.12538459968 -59.86951760166 0.0451 0.0475 15.1302 "" "" 5878742503673018240 2508.49854 0.4128 0.0672 -13.092 0.344 0.058 0.064 1.502 5648.4 4.5454 16.373798 1.32732 16.940104 15.612783 "" "" 2130.31934 3136.07129 5314.07516 4.04 2287.6 6.0757 4508.6 9.1245 "" "" 0.0028763026483439517 0.004012531 0.0043717166 0.008384248 217.12538459968 -59.86951760166 2508.49854 -13.092000000000002 0.34400000000000375 -8.171130649566651 3.2340868892669676 0.13465863 0.14065865 "" "" 104.49028561958593 "" 14.157055789388105 ""
216.84131940912 -59.77990017189 0.0331 0.0345 9.4382 "" "" 5890750781241054464 1878.68103 0.5296 0.047 -3.808 -1.43 0.044 0.047 0.966 7187.1 4.3399 16.374561 1.261021 16.920084 15.659063 "" "" 1735.57666 2024.05066 5310.33492 2.4541 2330.1 5.9821 4320.5 7.5403 "" "" 0.002800634011884228 0.0039439565 0.004227795 0.008171752 216.84131940912 -59.77990017189 1878.68103 -3.8080000000000003 -1.429999999999999 1.1128693504333498 1.4600868892669678 0.12065864 0.12365864 "" "" 16.348116662921687 "" 2.003703364629737 ""
216.79574702311 -59.41910326453 0.0277 0.0317 13.6839 "" "" 5890777620518800384 2545.54126 0.3775 0.0429 -2.621 -0.599 0.037 0.045 0.967 7552.0 4.2832 16.374931 1.409699 17.007483 15.597783 "" "" 2332.70557 2846.27295 5308.53208 2.2239 2149.9 6.8839 4571.4 8.9892 "" "" 0.002792610783378483 0.004457691 0.0043407273 0.008798419 216.79574702311 -59.41910326453 2545.54126 -2.6210000000000004 -0.599 2.2998693504333496 2.2910868892669676 0.113658644 0.121658646 "" "" 39.169446304769934 "" 4.610687328807401 ""
217.15544904225 -59.78447433867 0.0339 0.0349 10.9774 "" "" 5878743397026288128 2802.61523 0.3278 0.0505 1.542 -3.09 0.043 0.05 0.975 6765.9 3.2045 16.375862 2.821784 17.991838 15.170054 "" "" 2521.01172 3314.30298 5303.98158 2.9132 868.32 5.4108 6778.5 12.167 "" "" 0.0028191148570429043 0.0073183547 0.0042522545 0.011570609 217.15544904225 -59.78447433867 2802.61523 1.5419999999999994 -3.09 6.462869350433349 -0.19991311073303208 0.11965865 0.12665865 "" "" 85.89638134555177 "" 10.27883650144973 ""
217.02372778301 -59.54353150544 0.0306 0.034 5.7841 "" "" 5890760887326074880 2338.49121 0.402 0.0471 -6.06 -2.679 0.044 0.048 0.99 7183.1 4.339 16.37593 1.287917 16.939276 15.651359 "" "" 2115.10352 2658.02612 5303.6474 2.5558 2289.3 10.237 4351.3 9.1206 "" "" 0.0028045567799932186 0.0055996985 0.0044116736 0.010011372 217.02372778301 -59.54353150544 2338.49121 -6.06 -2.6789999999999994 -1.13913064956665 0.21108688926696795 0.12065864 0.124658644 "" "" 12.841592022804303 "" 1.5511816367104017 ""
216.72692613266 -59.44417142864 0.0306 0.0337 13.2373 "" "" 5890776074330042752 2266.96118 0.4313 0.0461 -7.136 -2.936 0.039 0.046 1.041 "" "" 16.378307 1.522972 17.06824 15.545267 "" "" 1998.83936 2514.16309 5292.0443 2.9975 2032.9 8.5515 4797.9 12.946 "" "" 0.002823116730318227 0.005352048 0.004781872 0.01013392 216.72692613266 -59.44417142864 2266.96118 -7.136 -2.936 -2.2151306495666505 -0.04591311073303217 0.11565864 0.12265864 "" "" 23.807568348076924 "" 2.7536247271267946 ""
217.39721109648 -59.5891674077 0.0312 0.0346 13.756 "" "" 5890849913408480896 2659.12134 0.3608 0.0496 -2.472 -3.313 0.043 0.045 0.962 5527.4 4.2688 16.379406 1.383885 16.941051 15.557166 "" "" 2395.80347 2982.57666 5286.69446 2.9165 2285.6 8.8835 4745.6 31.754 "" "" 0.002819671886720222 0.005058962 0.0081891995 0.013248161 217.39721109648 -59.5891674077 2659.12134 -2.4719999999999986 -3.313000000000001 2.4488693504333496 -0.4229131107330324 0.11965865 0.121658646 "" "" 31.323024637522355 "" 3.7498997910054626 ""
216.97690334095 -59.55336645422 0.0316 0.0353 4.83 "" "" 5890772226039732096 2421.19775 0.3944 0.0483 -8.37 -4.606 0.044 0.047 0.908 4729.7 4.1349 16.380356 1.623218 17.147804 15.524587 "" "" 2115.49878 2771.70947 5282.07284 2.4944 1889.3 8.5407 4890.2 10.266 "" "" 0.002802619876943256 0.0056457836 0.004413488 0.010059271 216.97690334095 -59.55336645422 2421.19775 -8.370000000000005 -4.605999999999998 -3.4491306495666496 -1.715913110733032 0.12065864 0.12365864 "" "" 44.21179402415135 "" 5.361110265410126 ""
216.77947749598 -59.74728514884 0.0334 0.0337 8.631 "" "" 5890751781994670976 2069.36694 0.4634 0.046 -6.13 -2.983 0.042 0.047 1.009 5182.7 4.3556 16.380655 1.128086 16.851877 15.723791 "" "" 1885.03442 2259.4314 5280.62046 2.3595 2481.2 7.8112 4070.4 12.747 "" "" 0.0027977029479652337 0.00441228 0.005083758 0.009496038 216.77947749598 -59.74728514884 2069.36694 -6.129999999999997 -2.9829999999999988 -1.2091306495666503 -0.09291311073303232 0.11865865 0.12365864 "" "" 11.895084332156193 "" 1.4118110533424604 ""
216.98602396006 -59.55824428952 0.03 0.0331 4.5947 "" "" 5890760475009203328 2478.7356 0.3867 0.044 -6.103 -2.95 0.043 0.046 0.994 7132.0 4.3305 16.380825 1.287857 16.946342 15.658485 "" "" 2189.46191 2806.90405 5279.79111 2.3461 2274.5 7.6788 4322.8 8.703 "" "" 0.002797239591020878 0.0046066088 0.0043659867 0.008972595 216.98602396006 -59.55824428952 2478.7356 -6.1030000000000015 -2.9500000000000024 -1.1821306495666501 -0.059913110733032404 0.11965865 0.12265864 "" "" 13.906924396970599 "" 1.6641920142003914 ""
217.24805414489 -59.46469363415 0.0291 0.0369 13.5176 "" "" 5890855136088827776 2453.64526 0.3663 0.0494 -5.797 -4.407 0.039 0.05 0.969 4886.7 3.1019 16.381239 2.954036 18.087528 15.133492 "" "" 2167.39746 2765.36938 5277.77729 2.7135 795.07 5.8968 7010.7 8.804 "" "" 0.0028112978559121514 0.008522276 0.0040178047 0.012540081 217.24805414489 -59.46469363415 2453.64526 -5.797000000000001 -4.407 -0.8761306495666501 -1.5169131107330323 0.11565864 0.12665865 "" "" 20.373347848844546 "" 2.526266512914733 ""
216.95876196996 -59.77743233129 0.032 0.0331 8.6742 "" "" 5890753603061251968 2726.60742 0.3636 0.0455 -4.905 -2.2 0.041 0.045 0.954 7696.2 4.3686 16.384333 1.260607 16.92821 15.667603 "" "" 2385.25098 3253.23047 5262.75754 2.3056 2312.8 7.4376 4286.6 9.078 "" "" 0.0027960758272942633 0.0044694534 0.004423873 0.008893326 216.95876196996 -59.77743233129 2726.60742 -4.904999999999998 -2.1999999999999984 0.01586935043334936 0.6900868892669676 0.117658645 0.121658646 "" "" 8.921123109727313 "" 1.0853132035707684 ""
216.87910222091 -59.72947623701 0.0341 0.0362 6.2045 "" "" 5890757004675427200 2451.4126 0.3837 0.0497 -3.802 -1.081 0.047 0.051 1.03 6740.3 4.3442 16.384493 1.286348 16.936869 15.65052 "" "" 2197.04785 2773.72241 5261.98574 2.5981 2294.4 11.953 4354.6 16.517 "" "" 0.0028069863460697597 0.006307038 0.0055895685 0.011896607 216.87910222091 -59.72947623701 2451.4126 -3.8019999999999996 -1.0809999999999986 1.1188693504333496 1.8090868892669678 0.12365864 0.12765864 "" "" 24.716554090784122 "" 3.128240318306202 ""
216.89933432744 -59.73054664608 0.031 0.0337 6.0747 "" "" 5890756798516992768 2327.04785 0.4124 0.0471 -7.283 -3.794 0.042 0.047 1.016 7069.1 4.3258 16.387186 1.382363 17.010952 15.628589 "" "" 2080.92944 2569.16357 5248.95088 2.4882 2143.1 6.6478 4443.5 9.5738 "" "" 0.0028029778120387734 0.0043735374 0.004444771 0.008818308 216.89933432744 -59.73054664608 2327.04785 -7.282999999999999 -3.793999999999999 -2.3621306495666508 -0.9039131107330323 0.11865865 0.12365864 "" "" 27.89731008466876 "" 3.3283994569292545 ""
216.72037404714 -59.764060201 0.0345 0.036 10.5468 "" "" 5890751438397265920 2787.65405 0.3431 0.0507 -6.273 -1.563 0.044 0.051 0.991 8485.1 4.2482 16.389479 1.500093 17.078697 15.578605 "" "" 2474.74707 3108.76221 5237.88118 2.531 2013.4 6.8766 4652.8 9.7309 "" "" 0.0028048236551013734 0.0046407008 0.004409068 0.009049769 216.72037404714 -59.764060201 2787.65405 -6.273 -1.5629999999999997 -1.35213064956665 1.3270868892669678 0.12065864 0.12765864 "" "" 25.03393787340602 "" 3.1077767397803298 ""
217.18764000188 -59.70338568322 0.0336 0.0352 8.2903 "" "" 5890754943091113856 2315.62915 0.4208 0.0511 -5.227 -2.882 0.041 0.049 0.968 5056.0 4.2941 16.389767 1.296998 16.964382 15.667384 "" "" 2093.4856 2620.64478 5236.48473 2.6471 2237.0 9.3785 4287.5 7.5653 "" "" 0.002809453199294628 0.0053389836 0.0042372104 0.009576194 217.18764000188 -59.70338568322 2315.62915 -5.226999999999997 -2.8819999999999997 -0.3061306495666507 0.008086889266967656 0.117658645 0.12565865 "" "" 3.361287354099619 "" 0.3955039040371741 ""
216.81337030355 -59.63062816437 0.0345 0.0364 4.2169 "" "" 5890770095740284160 2395.70093 0.3888 0.0511 -2.308 -2.94 0.047 0.051 1.093 "" "" 16.394264 1.352914 16.77861 15.425696 "" "" 2133.86157 2704.14233 5214.84113 3.4664 2654.4 30.842 5356.5 75.303 "" "" 0.002848271887190428 0.012920254 0.015724491 0.028644744 216.81337030355 -59.63062816437 2395.70093 -2.3079999999999994 -2.939999999999998 2.61286935043335 -0.04991311073303217 0.12365864 0.12765864 "" "" 29.676170931013008 "" 3.6697590037520738 ""
216.67332082079 -59.82807685157 0.0351 0.0339 14.4339 "" "" 5890750441964760704 2566.7561 0.3723 0.0474 -8.071 -3.625 0.045 0.045 1.006 6623.2 4.2771 16.39457 1.291319 16.956844 15.665525 "" "" 2288.13672 2900.56592 5213.37869 2.495 2252.6 7.4151 4294.9 7.3025 "" "" 0.0028038868657385596 0.004534168 0.0042061405 0.008740309 216.67332082079 -59.82807685157 2566.7561 -8.071 -3.624999999999999 -3.15013064956665 -0.7349131107330322 0.121658646 0.121658646 "" "" 39.35498776041444 "" 4.7878745073668965 ""
216.49115835731 -59.65856452505 0.0292 0.0324 14.0672 "" "" 5890767759273190656 2028.34155 0.4681 0.0422 -4.709 -6.049 0.041 0.044 0.972 6671.3 4.2977 16.394924 1.3939 17.02079 15.62689 "" "" 1887.4906 2213.32764 5211.66814 2.2124 2123.7 5.3174 4450.4 9.4536 "" "" 0.002793603874449646 0.0038955524 0.0044275173 0.00832307 216.49115835731 -59.65856452505 2028.34155 -4.709 -6.049 0.21186935043334998 -3.1589131107330326 0.117658645 0.12065864 "" "" 30.439095288326026 "" 3.6723360653131345 ""
217.08261330406 -59.73639845113 0.0316 0.0334 7.3577 "" "" 5890753362543118080 2012.25244 0.4712 0.0464 -8.293 -4.208 0.041 0.045 1.037 7102.8 4.3284 16.395018 1.394391 17.018068 15.623677 "" "" 1846.60535 2205.6499 5211.22244 2.4491 2129.1 8.7315 4463.6 9.5269 "" "" 0.0028021695698323907 0.0052546174 0.004433262 0.00968788 217.08261330406 -59.73639845113 2012.25244 -8.292999999999996 -4.208000000000004 -3.3721306495666497 -1.3179131107330324 0.117658645 0.121658646 "" "" 34.5327904006423 "" 4.081653054459952 ""
216.58530990354 -59.69637153647 0.0357 0.0369 11.7556 "" "" 5890764529458231680 2763.12427 0.3402 0.0531 -11.226 -6.073 0.049 0.052 1.105 5188.7 4.2797 16.39536 1.44738 17.026909 15.579529 "" "" 2374.91089 3362.55811 5209.57966 3.3644 2111.8 8.6189 4648.9 8.64 "" "" 0.002843139486662478 0.005236484 0.0042843237 0.009520808 216.58530990354 -59.69637153647 2763.12427 -11.226000000000006 -6.073000000000002 -6.305130649566651 -3.1829131107330326 0.12565865 0.12865865 "" "" 92.50525308999862 "" 11.68097735061137 ""
216.82328943823 -59.65698511337 0.0333 0.0347 4.1707 "" "" 5890758275985355904 2728.32324 0.3315 0.047 -6.88 -2.854 0.043 0.048 0.958 "" "" 16.395395 1.476175 17.046383 15.570208 "" "" 2443.35962 3068.69751 5209.41158 2.4016 2074.3 6.1473 4688.9 22.942 "" "" 0.0028004154722511255 0.004258901 0.006519549 0.0107784495 216.82328943823 -59.65698511337 2728.32324 -6.879999999999999 -2.854 -1.9591306495666503 0.03608688926696768 0.11965865 0.124658644 "" "" 25.340269336513728 "" 3.0322262647938034 ""
217.28399081028 -59.6993682024 0.0321 0.0341 10.8128 "" "" 5878745561689981952 2154.49658 0.4375 0.0519 -19.126 -5.052 0.042 0.047 0.965 5452.5 3.8695 16.396 1.468988 17.070564 15.601576 "" "" 1879.08728 2414.8147 5206.50914 2.4239 2028.6 8.3675 4555.4 9.798 "" "" 0.0028013007251366504 0.0052764746 0.004442653 0.009719128 217.28399081028 -59.6993682024 2154.49658 -19.126 -5.052 -14.205130649566652 -2.161913110733032 0.11865865 0.12365864 "" "" 146.7376963766123 "" 17.428647546538528 ""
216.64170928085 -59.66712928407 0.032 0.0333 9.638 "" "" 5890764941775119744 2569.91943 0.3757 0.0458 -6.863 -4.16 0.042 0.043 1.011 7180.6 4.335 16.396204 1.300081 16.965683 15.665602 "" "" 2295.50488 2851.34692 5205.53621 2.3992 2234.3 7.9647 4294.5 6.7398 "" "" 0.002800392610461421 0.0047712466 0.0041457447 0.008916991 216.64170928085 -59.66712928407 2569.91943 -6.862999999999996 -4.159999999999998 -1.9421306495666508 -1.2699131107330324 0.11865865 0.11965865 "" "" 28.266535849290978 "" 3.3625597016972715 ""
216.64069018401 -59.5265883656 0.0305 0.032 11.4156 "" "" 5890774665580724992 1980.28052 0.5009 0.0444 -5.975 -3.047 0.041 0.044 0.945 5469.0 4.4769 16.39645 1.288826 16.965258 15.676432 "" "" 1825.59583 2154.16333 5204.35602 2.1906 2235.2 7.7978 4251.9 7.753 "" "" 0.0027929630140376884 0.0047044675 0.004266515 0.008970982 216.64069018401 -59.5265883656 1980.28052 -5.975000000000001 -3.0469999999999997 -1.05413064956665 -0.15691311073303238 0.117658645 0.12065864 "" "" 10.003650341264322 "" 1.1776746185961333 ""
216.85544079646 -59.44180123184 0.0279 0.031 11.8385 "" "" 5890776692785684224 2506.66943 0.3724 0.0429 -1.469 -1.293 0.037 0.043 1.004 "" "" 16.39741 1.641425 17.13325 15.491824 "" "" 2277.61792 2866.96924 5199.75311 2.3425 1914.8 10.015 5040.0 41.539 "" "" 0.0027983984893699583 0.0063271727 0.009713868 0.01604104 216.85544079646 -59.44180123184 2506.66943 -1.4689999999999996 -1.2929999999999997 3.4518693504333493 1.5970868892669678 0.113658644 0.11965865 "" "" 45.19089741920496 "" 5.185174727031819 ""
217.46334239051 -59.61684604961 0.0331 0.0386 15.5341 "" "" 5878840050974371584 2037.8667 0.4691 0.0544 -2.627 -1.948 0.046 0.05 1.113 5529.4 4.6033 16.398142 1.186885 16.897812 15.710927 "" "" 1851.46375 2267.10693 5196.2492 2.7432 2378.4 6.491 4119.0 9.2032 "" "" 0.0028143073543085827 0.004070037 0.0044909553 0.008560993 217.46334239051 -59.61684604961 2037.8667 -2.6270000000000007 -1.948 2.29386935043335 0.9420868892669678 0.12265864 0.12665865 "" "" 23.953513551897295 "" 2.952126142617126 ""
216.86813211406 -59.57968963174 0.0326 0.0371 4.0894 "" "" 5890770645492107392 2605.52441 0.3474 0.0478 -2.278 -2.068 0.046 0.051 1.048 5014.8 3.1829 16.398993 2.702706 17.920334 15.217628 "" "" 2322.44067 2971.05518 5192.17948 3.6858 927.44 6.9579 6487.9 10.865 "" "" 0.002861088140943137 0.008610104 0.004194008 0.012804112 216.86813211406 -59.57968963174 2605.52441 -2.2780000000000014 -2.0680000000000005 2.6428693504333496 0.8220868892669677 0.12265864 0.12765864 "" "" 34.18255042062772 "" 4.208142476851039 ""
