Clusters/NGC_5606/NGC_5606_stars_in_region.tsv
# %ECSV 1.0
# ---
# datatype:
# - name: RA_ICRS_1
#   unit: deg
#   datatype: float64
#   format: '{:15.11f}'
#   description: Right ascension (ICRS) at Ep=2016.0 (ra)
#   meta: !!omap
#   - {ucd: POS_EQ_RA_MAIN}
#   - {width: 15}
#   - {precision: '11'}
# - name: DE_ICRS_1
#   unit: deg
#   datatype: float64
#   format: '{:15.11f}'
#   description: Declination (ICRS) at Ep=2016.0 (dec)
#   meta: !!omap
#   - {ucd: POS_EQ_DEC_MAIN}
#   - {width: 15}
#   - {precision: '11'}
# - name: e_RA_ICRS
#   unit: mas
#   datatype: float64
#   format: '{:7.4f}'
#   description: Standard error of right ascension (ra_error)
#   meta: !!omap
#   - {ucd: ERROR}
#   - {width: 7}
#   - {precision: '4'}
# - name: e_DE_ICRS
#   unit: mas
#   datatype: float64
#   format: '{:7.4f}'
#   description: Standard error of declination (dec_error)
#   meta: !!omap
#   - {ucd: ERROR}
#   - {width: 7}
#   - {precision: '4'}
# - name: _r_1
#   unit: ''
#   datatype: float64
#   format: '{:7.4f}'
#   description: Distance from center (216.95231649000-59.63289870000)[ICRS], at Epoch=J2016.0
#   meta: !!omap
#   - {ucd: POS_ANG_DIST_GENERAL}
#   - {width: 7}
#   - {precision: '4'}
# - name: HIP
#   datatype: int32
#   description: '? HIP cross-id number, van Leeuwen, Cat. I/311 (hip_original_ext_source_id)'
#   meta: !!omap
#   - {ucd: ID_NUMBER}
#   - {width: 6}
#   - values: {'null': -2147483648}
# - name: TYC2
#   datatype: string
#   description: Tycho-2 cross-id name, Hog et al., Cat. I/259 (tyc2_original_ext_source_id)
#   meta: !!omap
#   - {ucd: ID_CROSSID}
#   - {_votable_string_dtype: char}
# - name: Source
#   datatype: int64
#   description: Source identifier, identical to the Gaia-EDR3 source_id (id)
#   meta: !!omap
#   - {ucd: ID_MAIN}
#   - {width: 19}
# - name: rgeo
#   unit: pc
#   datatype: float64
#   format: '{:15.8f}'
#   description: '? Median of the geometric distance posterior (r_med_geo)'
#   meta: !!omap
#   - {ucd: PHYS_DISTANCE_TRUE}
#   - {width: 15}
#   - {precision: '8'}
#   - values: {'null': .nan}
# - name: Plx
#   unit: mas
#   datatype: float64
#   format: '{:9.4f}'
#   description: '? Parallax (parallax)'
#   meta: !!omap
#   - {ucd: POS_PARLX_TRIG}
#   - {width: 9}
#   - {precision: '4'}
#   - values: {'null': .nan}
# - name: e_Plx
#   unit: mas
#   datatype: float32
#   format: '{:7.4f}'
#   description: '? Standard error of parallax (parallax_error)'
#   meta: !!omap
#   - {ucd: ERROR}
#   - {width: 7}
#   - {precision: '4'}
#   - values: {'null': .nan}
# - name: pmRA
#   unit: mas / yr
#   datatype: float64
#   format: '{:9.3f}'
#   description: '? Proper motion in right ascension direction, pmRA*cosDE (pmra)'
#   meta: !!omap
#   - {ucd: POS_EQ_PMRA}
#   - {width: 9}
#   - {precision: '3'}
#   - values: {'null': .nan}
# - name: pmDE
#   unit: mas / yr
#   datatype: float64
#   format: '{:9.3f}'
#   description: '? Proper motion in declination direction (pmdec)'
#   meta: !!omap
#   - {ucd: POS_EQ_PMDEC}
#   - {width: 9}
#   - {precision: '3'}
#   - values: {'null': .nan}
# - name: e_pmRA
#   unit: mas / yr
#   datatype: float32
#   format: '{:6.3f}'
#   description: '? Standard error of proper motion in right ascension direction (pmra_error)'
#   meta: !!omap
#   - {ucd: ERROR}
#   - {width: 6}
#   - {precision: '3'}
#   - values: {'null': .nan}
# - name: e_pmDE
[...]
#         unit: &id001 !astropy.units.Unit {unit: deg}
#         value: !astropy.table.SerializedColumn {name: SkyCoord.dec}
#       distance: !astropy.table.SerializedColumn
#         __class__: astropy.coordinates.distances.Distance
#         unit: !astropy.units.Unit {unit: pc}
#         value: !astropy.table.SerializedColumn {name: SkyCoord.distance}
#       frame: icrs
#       obstime: !astropy.time.Time {format: jyear_str, in_subfmt: '*', jd1: 367701545.0, jd2: 0.0, out_subfmt: '*', precision: 3, scale: tt}
#       pm_dec: !astropy.table.SerializedColumn
#         __class__: astropy.units.quantity.Quantity
#         unit: !astropy.units.Unit {unit: mas / yr}
#         value: !astropy.table.SerializedColumn {name: SkyCoord.pm_dec}
#       pm_ra_cosdec: !astropy.table.SerializedColumn
#         __class__: astropy.units.quantity.Quantity
#         unit: !astropy.units.Unit {unit: mas / yr}
#         value: !astropy.table.SerializedColumn {name: SkyCoord.pm_ra_cosdec}
#       ra: !astropy.table.SerializedColumn
#         __class__: astropy.coordinates.angles.Longitude
#         unit: *id001
#         value: !astropy.table.SerializedColumn {name: SkyCoord.ra}
#         wrap_angle: !astropy.coordinates.Angle
#           unit: *id001
#           value: 360.0
#       representation_type: spherical
# schema: astropy-2.0
RA_ICRS_1 DE_ICRS_1 e_RA_ICRS e_DE_ICRS _r_1 HIP TYC2 Source rgeo Plx e_Plx pmRA pmDE e_pmRA e_pmDE RUWE Teff logg Gmag BP-RP BPmag RPmag RV e_RV b_rgeo B_rgeo FG e_FG FBP e_FBP FRP e_FRP RAVE5 RAVE6 e_Gmag e_BPmag e_RPmag e_BP-RP SkyCoord.ra SkyCoord.dec SkyCoord.distance SkyCoord.pm_ra_cosdec SkyCoord.pm_dec
[from data line 1651]
216.54728841199 -59.62371011346 0.0348 0.0372 12.2995 "" "" 5890767931071926144 1979.12463 0.4942 0.0494 -12.115 -2.695 0.049 0.048 1.009 4741.8 4.198 16.64028 1.55667 17.36609 15.809421 "" "" 1778.41003 2224.85303 4157.52316 2.0098 1545.2 6.6419 3761.8 9.5899 "" "" 0.002804864724674587 0.0054374025 0.0046845195 0.010121922 216.54728841199 -59.62371011346 1979.12463 -12.115000000000002 -2.695
216.7396322854 -59.73261561521 0.0363 0.0379 8.7915 "" "" 5890752056872606592 2337.5603 0.4156 0.052 -10.691 -4.246 0.048 0.051 1.013 4854.2 4.3164 16.64094 1.346851 17.234259 15.887407 "" "" 2091.0957 2685.7959 4155.0003 2.1193 1744.7 6.7837 3501.0 7.2337 "" "" 0.0028104223103860354 0.0050602756 0.004395025 0.009455301 216.7396322854 -59.73261561521 2337.5603 -10.691 -4.246000000000002
217.09800711882 -59.48626133226 0.0328 0.0408 9.85 "" "" 5890854895569820800 2562.76807 0.385 0.0517 -5.875 -1.404 0.043 0.055 1.002 6010.4 4.3445 16.642788 1.587385 17.350077 15.762692 "" "" 2271.33423 2962.96948 4147.93099 2.4717 1568.1 7.384 3927.2 14.329 "" "" 0.0028302593591751973 0.0058244118 0.0054751285 0.01129954 217.09800711882 -59.48626133226 2562.76807 -5.875 -1.4040000000000006
217.23148091021 -59.45519713294 0.033 0.0395 13.6294 "" "" 5890855204808311808 1922.8916 0.5149 0.0537 -7.752 -3.273 0.044 0.055 0.984 4800.7 4.2717 16.643827 1.792522 17.48662 15.694097 "" "" 1722.33679 2096.65381 4143.96078 2.1786 1382.8 9.4207 4183.3 12.668 "" "" 0.0028138239730717794 0.0079056155 0.005009366 0.012914982 217.23148091021 -59.45519713294 1922.8916 -7.752 -3.273
216.88543175651 -59.63836730216 0.038 0.0409 2.055 "" "" 5890758619583263104 2747.61768 0.3515 0.0527 -1.846 -2.354 0.054 0.057 0.998 6369.4 4.0203 16.643932 1.763999 17.500029 15.73603 "" "" 2407.10596 3234.00171 4143.56058 2.2351 1365.9 6.8921 4024.8 8.838 "" "" 0.0028168759694527598 0.0061480375 0.0044685467 0.010616584 216.88543175651 -59.63836730216 2747.61768 -1.846 -2.3540000000000005
217.06944928579 -59.60556839351 0.0341 0.0401 3.9144 "" "" 5890759341137782784 2057.05981 0.4726 0.053 -8.946 -2.926 0.048 0.057 0.935 4931.7 4.4363 16.64409 1.272034 17.213085 15.941052 "" "" 1879.82898 2287.44238 4142.95905 2.127 1779.0 14.423 3332.3 9.1205 "" "" 0.002811139361414225 0.009234084 0.004807752 0.014041835 217.06944928579 -59.60556839351 2057.05981 -8.946 -2.926
216.78954636983 -59.61437408185 0.0383 0.0405 5.0621 "" "" 5890770301893849344 2161.9502 0.4527 0.0532 -6.452 -5.204 0.051 0.055 1.03 5817.3 4.5226 16.644417 1.377315 17.246666 15.869351 "" "" 1962.85156 2367.23779 4141.7166 2.2357 1724.8 7.7039 3559.7 14.092 "" "" 0.002816962910036095 0.005594874 0.0057234596 0.011318333 216.78954636983 -59.61437408185 2161.9502 -6.452 -5.204
216.81196851885 -59.69967811423 0.0484 0.0489 5.843 "" "" 5890757863645996800 2614.93896 0.3879 0.0699 -7.603 -4.061 0.061 0.068 1.261 6008.7 4.4359 16.64455 1.576298 17.278364 15.702066 "" "" 2131.62427 3236.17896 4141.20324 3.308 1675.2 8.5993 4152.7 56.019 "" "" 0.00288859439806007 0.0062328097 0.015126102 0.021358911 216.81196851885 -59.69967811423 2614.93896 -7.603000000000001 -4.061
216.98276303348 -59.60562422688 0.0362 0.0391 1.8793 "" "" 5890760062692297728 2413.45288 0.4035 0.0523 -2.808 -1.813 0.053 0.054 1.003 7169.8 4.33 16.644726 1.654262 17.425497 15.771235 "" "" 2209.55908 2721.41309 4140.53716 2.2976 1462.9 11.042 3896.4 11.702 "" "" 0.002820420281361468 0.008657117 0.004991631 0.013648748 216.98276303348 -59.60562422688 2413.45288 -2.808 -1.813
217.14273781426 -59.77982834225 0.0369 0.038 10.5325 "" "" 5890753014624057984 2064.21875 0.4567 0.0553 -7.409 -2.809 0.046 0.054 0.963 4802.7 4.2872 16.645193 1.642961 17.40923 15.766269 "" "" 1863.39941 2349.9104 4138.75484 2.3886 1485.0 8.4858 3914.3 11.631 "" "" 0.002825673514586125 0.006802794 0.0049690944 0.0117718885 217.14273781426 -59.77982834225 2064.21875 -7.409 -2.8089999999999993
217.27639681423 -59.50703905185 0.0351 0.0387 12.4104 "" "" 5890854066615901696 2004.04236 0.4808 0.0555 -9.796 -2.709 0.047 0.053 0.968 5239.6 4.339 16.646933 1.511794 17.348347 15.836553 "" "" 1794.93042 2264.18774 4132.13071 2.1349 1570.6 6.4849 3668.9 11.489 "" "" 0.002811842746351468 0.0052803135 0.0050836294 0.010363943 217.27639681423 -59.50703905185 2004.04236 -9.795999999999998 -2.7089999999999987
216.75268091774 -59.62570364617 0.0359 0.0377 6.0714 "" "" 5890770267534099968 2078.43774 0.4552 0.0512 -12.041 -4.702 0.048 0.051 0.908 4702.9 4.3401 16.647472 1.347047 17.250717 15.90367 "" "" 1887.90466 2313.63379 4130.07105 2.0832 1718.4 7.491 3449.0 12.286 "" "" 0.002809217423817277 0.0054942407 0.0054075927 0.010901833 216.75268091774 -59.62570364617 2078.43774 -12.041000000000002 -4.702000000000001
217.12922145636 -59.80033124838 0.0363 0.037 11.3829 "" "" 5878743358349410688 2350.59546 0.4183 0.0527 -4.373 -1.377 0.046 0.051 1.024 4987.6 4.3395 16.64788 1.309111 17.222773 15.913662 "" "" 2116.48486 2666.75269 4128.52055 2.1043 1763.2 9.599 3417.4 10.186 "" "" 0.0028103449372048617 0.0065362835 0.0049755964 0.01151188 217.12922145636 -59.80033124838 2350.59546 -4.373 -1.3770000000000002
217.01793998007 -59.49570319961 0.0322 0.0392 8.4699 "" "" 5890772741435859328 1934.10596 0.5089 0.0504 -3.898 -4.494 0.044 0.055 0.994 6415.7 4.373 16.650318 1.427487 17.303625 15.876138 "" "" 1772.76099 2138.31201 4119.26525 2.0736 1636.7 7.0049 3537.6 9.1668 "" "" 0.0028090044180466445 0.005420158 0.004711583 0.010131741 217.01793998007 -59.49570319961 1934.10596 -3.898000000000001 -4.4940000000000015
217.25720531358 -59.51922109176 0.0349 0.0393 11.5037 "" "" 5890853692979752576 2428.15869 0.4041 0.0567 -8.746 -5.649 0.049 0.053 1.016 6863.8 4.1332 16.65033 1.617742 17.406733 15.788991 "" "" 2088.61572 2831.50732 4119.22059 2.2763 1488.4 8.2425 3833.2 7.0232 "" "" 0.002819888053624651 0.006628471 0.004270948 0.010899419 217.25720531358 -59.51922109176 2428.15869 -8.746 -5.648999999999998
217.20152836657 -59.84008268932 0.0382 0.0388 14.5368 "" "" 5878742263154875136 2571.31006 0.3625 0.0554 -7.262 -2.946 0.048 0.054 1.034 "" "" 16.650738 1.64729 17.4373 15.79001 "" "" 2232.62988 2935.04517 4117.66952 2.25 1447.1 5.5687 3829.6 7.2051 "" "" 0.0028184682854583954 0.005024105 0.0042960993 0.009320204 217.20152836657 -59.84008268932 2571.31006 -7.261999999999999 -2.9459999999999997
216.78778770799 -59.49755768276 0.0356 0.0369 9.5367 "" "" 5890774974818875904 2351.72241 0.4148 0.052 -7.833 -2.341 0.047 0.052 0.977 "" "" 16.650822 1.473546 17.329031 15.855485 "" "" 2085.0769 2677.50464 4117.35239 1.9752 1598.8 7.9827 3605.5 7.5565 "" "" 0.0028041183919617955 0.006096914 0.0044115405 0.010508454 216.78778770799 -59.49755768276 2351.72241 -7.833 -2.341
216.96205729 -59.66728927307 0.0367 0.041 2.0845 "" "" 5890757657510542592 2322.47144 0.4152 0.0548 -5.436 -2.397 0.049 0.055 1.08 5979.9 4.4986 16.650848 1.272785 17.196966 15.924181 "" "" 2089.43408 2563.41895 4117.25175 2.1499 1805.6 11.739 3384.4 8.3543 "" "" 0.0028130423887900583 0.0075902827 0.004633219 0.012223502 216.96205729 -59.66728927307 2322.47144 -5.435999999999999 -2.3969999999999994
217.37627650658 -59.68045326529 0.0333 0.0377 13.1635 "" "" 5878839398139303552 2055.66577 0.4558 0.0539 -6.638 -4.105 0.046 0.053 0.932 5287.4 4.5995 16.652306 1.203647 17.179714 15.976068 "" "" 1864.34155 2264.06494 4111.72811 2.0031 1834.6 5.3986 3226.5 7.1024 "" "" 0.0028056303991698447 0.0042417864 0.004471669 0.008713456 217.37627650658 -59.68045326529 2055.66577 -6.638 -4.105
216.59468939768 -59.45591780915 0.0348 0.0356 15.2004 "" "" 5890822803576772096 2218.0459 0.4248 0.0499 -8.437 -3.399 0.045 0.048 0.943 7139.2 4.3412 16.653034 1.707487 17.473343 15.765856 "" "" 1956.80713 2727.14868 4108.97091 2.0439 1399.8 5.9199 3915.8 7.0391 "" "" 0.0028077510831109017 0.0053729573 0.0042535863 0.009626543 216.59468939768 -59.45591780915 2218.0459 -8.437000000000001 -3.3990000000000022
216.47441762498 -59.70248281209 0.0348 0.0365 15.0706 "" "" 5890763223787671296 2579.45093 0.3603 0.0495 -7.491 -2.66 0.047 0.049 0.952 6888.3 4.3317 16.6533 1.403972 17.278357 15.874385 "" "" 2273.99951 2947.0354 4107.96898 2.0767 1675.2 7.9474 3543.3 7.8926 "" "" 0.002809457182739297 0.0058580516 0.004486938 0.01034499 216.47441762498 -59.70248281209 2579.45093 -7.490999999999999 -2.6599999999999993
217.10526642929 -59.76844328301 0.0359 0.0383 9.3582 "" "" 5890753053305427840 2640.86377 0.3548 0.0524 -9.988 -2.291 0.047 0.053 1.024 5834.4 4.3273 16.65423 1.637683 17.424736 15.787053 "" "" 2346.32471 3038.91016 4104.45062 2.475 1463.9 8.5678 3840.1 10.743 "" "" 0.0028320356087714283 0.0069400915 0.0048486856 0.011788777 217.10526642929 -59.76844328301 2640.86377 -9.988 -2.291
216.55464362611 -59.64638803759 0.0338 0.0362 12.087 "" "" 5890764873033082240 2393.48682 0.4028 0.0488 -6.524 -2.944 0.046 0.048 0.994 6154.8 4.4934 16.655014 1.209285 16.936186 15.726901 "" "" 2134.40161 2747.90698 4101.48472 4.7761 2295.8 65.997 4058.8 41.964 "" "" 0.0030315493763169057 0.031335954 0.01184459 0.043180544 216.55464362611 -59.64638803759 2393.48682 -6.524000000000001 -2.943999999999999
216.77731924609 -59.73164881767 0.0384 0.0398 7.9497 "" "" 5890751953793386880 2050.18677 0.4807 0.0552 -0.867 -6.555 0.05 0.054 0.994 4955.9 4.2864 16.655266 1.626239 17.421558 15.79532 "" "" 1829.82983 2289.8064 4100.53073 2.1712 1468.2 11.811 3810.9 9.3887 "" "" 0.0028146557270451447 0.009169091 0.004630188 0.013799278 216.77731924609 -59.73164881767 2050.18677 -0.8670000000000004 -6.555
216.87284805361 -59.89178314564 0.0356 0.0373 15.7176 "" "" 5890746146997948288 2322.22852 0.4153 0.051 -8.138 -3.065 0.052 0.051 0.999 6403.1 4.0701 16.655268 1.430433 17.308939 15.878506 "" "" 2107.3103 2660.66382 4100.52856 2.1954 1628.7 6.0833 3529.8 6.6523 "" "" 0.0028159715369771967 0.0049224454 0.0042977463 0.009220192 216.87284805361 -59.89178314564 2322.22852 -8.138 -3.064999999999999
216.74830047953 -59.45973251323 0.0346 0.0386 12.1014 "" "" 5890775318415790720 2738.60596 0.3722 0.0529 -3.085 0.075 0.045 0.057 1.017 6770.0 4.3428 16.65654 1.44177 17.31285 15.871081 "" "" 2336.12158 3204.84375 4095.72512 2.1382 1622.8 7.0456 3554.1 9.2591 "" "" 0.0028130178405276797 0.0054777353 0.004720636 0.0101983715 216.74830047953 -59.45973251323 2738.60596 -3.085 0.0749999999999998
216.83360937079 -59.72550207169 0.0372 0.0405 6.6182 "" "" 5890757039034665216 2031.1543 0.4784 0.0575 -9.323 -6.63 0.048 0.053 1.051 "" "" 16.6568 1.3494 17.24827 15.89887 "" "" 1829.92603 2306.96045 4094.74494 2.0593 1722.3 6.9368 3464.3 12.854 "" "" 0.002808903503063968 0.0051872684 0.005523841 0.010711109 216.83360937079 -59.72550207169 2031.1543 -9.323 -6.63
216.86881951338 -59.71855328293 0.0941 0.1032 5.728 "" "" 5890757069073296128 1970.21033 0.5513 0.1369 -6.137 2.609 0.123 0.14 2.499 4814.3 4.7835 16.657011 1.383115 17.20949 15.826375 "" "" 1553.07263 2817.00073 4093.95145 4.6043 1784.9 7.3889 3703.5 8.87 "" "" 0.003013773934830209 0.005290217 0.0045875553 0.009877773 216.86881951338 -59.71855328293 1970.21033 -6.1370000000000005 2.609000000000001
217.06966583858 -59.75196755884 0.0386 0.0393 7.9789 "" "" 5890753328183361792 2457.32349 0.3876 0.055 -8.44 -4.749 0.048 0.052 1.037 5749.2 4.2947 16.658094 1.494666 17.32531 15.830644 "" "" 2148.46753 2840.79932 4089.86403 2.3911 1604.3 6.6553 3688.9 10.086 "" "" 0.0028274929459945713 0.0052982834 0.00480584 0.0101041235 217.06966583858 -59.75196755884 2457.32349 -8.44 -4.7490000000000006
217.24762659457 -59.7128992659 0.0414 0.0429 10.1531 "" "" 5890755041848757632 2303.61475 0.4318 0.0656 -5.828 -2.169 0.052 0.058 1.044 7975.6 4.1808 16.659979 2.273878 17.837667 15.563789 "" "" 2012.68152 2735.11328 4082.77463 2.7185 1000.8 5.7586 4716.7 9.8832 "" "" 0.002848582439760923 0.0068420824 0.0044112816 0.011253364 217.24762659457 -59.7128992659 2303.61475 -5.828000000000002 -2.1690000000000005
217.38062763593 -59.64021578984 0.0361 0.041 12.9976 "" "" 5890849226213667968 2137.55249 0.4612 0.0583 -6.211 -2.891 0.048 0.056 1.02 7175.6 4.3375 16.660084 1.412228 17.297314 15.885086 "" "" 1870.80237 2418.73706 4082.38085 2.2061 1646.2 6.7547 3508.5 9.7513 "" "" 0.0028170974068869844 0.0052566226 0.004836299 0.010092922 217.38062763593 -59.64021578984 2137.55249 -6.211 -2.891
216.96190239846 -59.62415655714 0.0391 0.0432 0.5997 "" "" 5890758580901975680 2160.18286 0.4506 0.0551 0.809 -0.139 0.055 0.057 0.974 5403.8 4.5865 16.660097 1.193971 17.189646 15.995675 "" "" 1960.29895 2426.95923 4082.32917 2.1952 1817.9 9.6093 3168.8 12.242 "" "" 0.0028164966035002215 0.0063814307 0.0056460327 0.012027463 216.96190239846 -59.62415655714 2160.18286 0.809 -0.13900000000000007
216.46325175626 -59.75558472351 0.0359 0.0375 16.5361 "" "" 5890762742751250688 2381.58057 0.4126 0.0499 -6.047 -1.633 0.049 0.052 1.001 7104.7 4.3249 16.660318 1.293954 17.22685 15.932897 "" "" 2169.57764 2683.7522 4081.49787 2.0005 1756.6 7.4326 3357.4 8.9928 "" "" 0.00280624037600575 0.005374942 0.0047687567 0.010143699 216.46325175626 -59.75558472351 2381.58057 -6.047 -1.6329999999999998
216.43361089648 -59.67105138854 0.0342 0.0376 15.8903 "" "" 5890766453603122432 2285.27075 0.4161 0.0498 -10.223 -4.979 0.047 0.048 1.004 4845.8 4.2446 16.661152 1.774946 17.530775 15.755829 "" "" 2072.21021 2561.79736 4078.36392 2.0407 1327.7 7.8054 3952.1 10.204 "" "" 0.0028083685823733235 0.0069661136 0.0047055413 0.011671655 216.43361089648 -59.67105138854 2285.27075 -10.223 -4.979
217.49872490107 -59.66619988552 0.2683 0.3013 16.6856 "" "" 5878838917089868544 2378.32788 0.7176 0.4372 -0.909 5.843 0.38 0.419 6.301 "" "" 16.661617 1.769236 17.056309 15.287073 "" "" 1525.5658 4071.3064 4076.61707 12.968 2055.4 12.977 6086.0 11.507 "" "" 0.004418205084309522 0.0074010105 0.0043009147 0.011701925 217.49872490107 -59.66619988552 2378.32788 -0.9090000000000011 5.843000000000001
216.95750186221 -59.56057695724 0.038 0.0394 4.3422 "" "" 5890772122960511488 2663.70312 0.3538 0.0532 -2.847 -0.996 0.052 0.054 0.959 4970.2 4.2954 16.662043 1.58255 17.409971 15.827421 "" "" 2370.14404 3062.81348 4075.01802 2.2588 1484.0 7.3706 3699.9 10.275 "" "" 0.0028202812960029986 0.006071616 0.004834786 0.010906402 216.95750186221 -59.56057695724 2663.70312 -2.847 -0.9960000000000003
217.18482506925 -59.53377261165 0.0356 0.0399 9.2335 "" "" 5890853761699188224 2516.69238 0.4012 0.0569 -2.772 -2.199 0.049 0.055 1.001 "" "" 16.6627 1.484163 17.345455 15.861292 "" "" 2167.83813 2958.81299 4072.55026 2.2083 1574.8 8.4055 3586.3 8.3489 "" "" 0.0028175152223567745 0.0064318324 0.0045466963 0.010978529 217.18482506925 -59.53377261165 2516.69238 -2.7720000000000002 -2.1990000000000003
216.63108120556 -59.7095066036 0.0364 0.0386 10.7635 "" "" 5890763704823969280 2316.47021 0.4135 0.0523 -3.822 -1.775 0.047 0.051 1.058 5155.8 4.3741 16.664541 1.185332 17.177803 15.992471 "" "" 2098.5835 2633.94458 4065.6512 2.0307 1837.8 7.7642 3178.1 8.0043 "" "" 0.002808180757709634 0.0053688954 0.0046649002 0.010033796 216.63108120556 -59.7095066036 2316.47021 -3.822 -1.775
217.02652780148 -59.36551293557 0.0347 0.0396 16.2015 "" "" 5890868227148328320 2600.69238 0.3699 0.0565 -6.96 -2.777 0.046 0.057 1.056 "" "" 16.665045 1.814849 17.493942 15.679093 "" "" 2317.41821 3003.63599 4063.76773 1.9775 1373.5 21.202 4241.5 31.149 "" "" 0.002805517871662166 0.016990604 0.008823854 0.025814459 217.02652780148 -59.36551293557 2600.69238 -6.959999999999999 -2.7769999999999992
217.17481442962 -59.58043380117 0.035 0.0386 7.4517 "" "" 5890759616016139136 2516.51929 0.3791 0.0547 -3.92 -4.211 0.049 0.054 0.98 4956.9 4.2897 16.66533 1.599921 17.42466 15.824739 "" "" 2252.22607 2825.68213 4062.69428 2.1053 1464.0 6.8684 3709.0 9.4176 "" "" 0.0028121777560608306 0.0058078803 0.0046780077 0.0104858875 217.17481442962 -59.58043380117 2516.51929 -3.9200000000000004 -4.211
