Clusters/NGC_5606/NGC_5606_stars_in_region.tsv
# %ECSV 1.0
# ---
# datatype:
# - name: RA_ICRS_1
#   unit: deg
#   datatype: float64
#   format: '{:15.11f}'
#   description: Right ascension (ICRS) at Ep=2016.0 (ra)
#   meta: !!omap
#   - {ucd: POS_EQ_RA_MAIN}
#   - {width: 15}
#   - {precision: '11'}
# - name: DE_ICRS_1
#   unit: deg
#   datatype: float64
#   format: '{:15.11f}'
#   description: Declination (ICRS) at Ep=2016.0 (dec)
#   meta: !!omap
#   - {ucd: POS_EQ_DEC_MAIN}
#   - {width: 15}
#   - {precision: '11'}
# - name: e_RA_ICRS
#   unit: mas
#   datatype: float64
#   format: '{:7.4f}'
#   description: Standard error of right ascension (ra_error)
#   meta: !!omap
#   - {ucd: ERROR}
#   - {width: 7}
#   - {precision: '4'}
# - name: e_DE_ICRS
#   unit: mas
#   datatype: float64
#   format: '{:7.4f}'
#   description: Standard error of declination (dec_error)
#   meta: !!omap
#   - {ucd: ERROR}
#   - {width: 7}
#   - {precision: '4'}
# - name: _r_1
#   unit: ''
#   datatype: float64
#   format: '{:7.4f}'
#   description: Distance from center (216.95231649000-59.63289870000)[ICRS], at Epoch=J2016.0
#   meta: !!omap
#   - {ucd: POS_ANG_DIST_GENERAL}
#   - {width: 7}
#   - {precision: '4'}
# - name: HIP
#   datatype: int32
#   description: '? HIP cross-id number, van Leeuwen, Cat. I/311 (hip_original_ext_source_id)'
#   meta: !!omap
#   - {ucd: ID_NUMBER}
#   - {width: 6}
#   - values: {'null': -2147483648}
# - name: TYC2
#   datatype: string
#   description: Tycho-2 cross-id name, Hog et al., Cat. I/259 (tyc2_original_ext_source_id)
#   meta: !!omap
#   - {ucd: ID_CROSSID}
#   - {_votable_string_dtype: char}
# - name: Source
#   datatype: int64
#   description: Source identifier, identical to the Gaia-EDR3 source_id (id)
#   meta: !!omap
#   - {ucd: ID_MAIN}
#   - {width: 19}
# - name: rgeo
#   unit: pc
#   datatype: float64
#   format: '{:15.8f}'
#   description: '? Median of the geometric distance posterior (r_med_geo)'
#   meta: !!omap
#   - {ucd: PHYS_DISTANCE_TRUE}
#   - {width: 15}
#   - {precision: '8'}
#   - values: {'null': .nan}
# - name: Plx
#   unit: mas
#   datatype: float64
#   format: '{:9.4f}'
#   description: '? Parallax (parallax)'
#   meta: !!omap
#   - {ucd: POS_PARLX_TRIG}
#   - {width: 9}
#   - {precision: '4'}
#   - values: {'null': .nan}
# - name: e_Plx
#   unit: mas
#   datatype: float32
#   format: '{:7.4f}'
#   description: '? Standard error of parallax (parallax_error)'
#   meta: !!omap
#   - {ucd: ERROR}
#   - {width: 7}
#   - {precision: '4'}
#   - values: {'null': .nan}
# - name: pmRA
#   unit: mas / yr
#   datatype: float64
#   format: '{:9.3f}'
#   description: '? Proper motion in right ascension direction, pmRA*cosDE (pmra)'
#   meta: !!omap
#   - {ucd: POS_EQ_PMRA}
#   - {width: 9}
#   - {precision: '3'}
#   - values: {'null': .nan}
# - name: pmDE
#   unit: mas / yr
#   datatype: float64
#   format: '{:9.3f}'
#   description: '? Proper motion in declination direction (pmdec)'
#   meta: !!omap
#   - {ucd: POS_EQ_PMDEC}
#   - {width: 9}
#   - {precision: '3'}
#   - values: {'null': .nan}
# - name: e_pmRA
#   unit: mas / yr
#   datatype: float32
#   format: '{:6.3f}'
#   description: '? Standard error of proper motion in right ascension direction (pmra_error)'
#   meta: !!omap
#   - {ucd: ERROR}
#   - {width: 6}
#   - {precision: '3'}
#   - values: {'null': .nan}
# - name: e_pmDE
[...]
#         unit: &id001 !astropy.units.Unit {unit: deg}
#         value: !astropy.table.SerializedColumn {name: SkyCoord.dec}
#       distance: !astropy.table.SerializedColumn
#         __class__: astropy.coordinates.distances.Distance
#         unit: !astropy.units.Unit {unit: pc}
#         value: !astropy.table.SerializedColumn {name: SkyCoord.distance}
#       frame: icrs
#       obstime: !astropy.time.Time {format: jyear_str, in_subfmt: '*', jd1: 367701545.0, jd2: 0.0, out_subfmt: '*', precision: 3, scale: tt}
#       pm_dec: !astropy.table.SerializedColumn
#         __class__: astropy.units.quantity.Quantity
#         unit: !astropy.units.Unit {unit: mas / yr}
#         value: !astropy.table.SerializedColumn {name: SkyCoord.pm_dec}
#       pm_ra_cosdec: !astropy.table.SerializedColumn
#         __class__: astropy.units.quantity.Quantity
#         unit: !astropy.units.Unit {unit: mas / yr}
#         value: !astropy.table.SerializedColumn {name: SkyCoord.pm_ra_cosdec}
#       ra: !astropy.table.SerializedColumn
#         __class__: astropy.coordinates.angles.Longitude
#         unit: *id001
#         value: !astropy.table.SerializedColumn {name: SkyCoord.ra}
#         wrap_angle: !astropy.coordinates.Angle
#           unit: *id001
#           value: 360.0
#       representation_type: spherical
# schema: astropy-2.0
RA_ICRS_1 DE_ICRS_1 e_RA_ICRS e_DE_ICRS _r_1 HIP TYC2 Source rgeo Plx e_Plx pmRA pmDE e_pmRA e_pmDE RUWE Teff logg Gmag BP-RP BPmag RPmag RV e_RV b_rgeo B_rgeo FG e_FG FBP e_FBP FRP e_FRP RAVE5 RAVE6 e_Gmag e_BPmag e_RPmag e_BP-RP SkyCoord.ra SkyCoord.dec SkyCoord.distance SkyCoord.pm_ra_cosdec SkyCoord.pm_dec
[from data line 240]
216.60893249406 -59.83980786713 0.013 0.0142 16.1845 "" "" 5890749582971292544 2175.53882 0.4252 0.0193 -5.753 -4.191 0.018 0.019 1.027 "" "" 14.236527 0.715171 14.510328 13.795157 "" "" 2092.19751 2260.43726 38048.38293 11.043 21443.0 15.824 24049.0 15.969 "" "" 0.002773281386985378 0.0029029315 0.003847531 0.0067504626 216.60893249406 -59.83980786713 2175.53882 -5.753 -4.190999999999999
216.8844623007 -59.90091306272 0.0125 0.0132 16.211 "" "" 5890745940838883456 2029.12195 0.4526 0.0183 -4.235 -4.038 0.017 0.017 0.937 "" "" 14.242931 1.203048 14.76438 13.561333 -32.57 4.32 1945.7666 2117.72583 37824.59307 6.6864 16969.0 15.378 29828.0 12.067 "" "" 0.0027619968222999075 0.002958578 0.0038048201 0.006763398 216.8844623007 -59.90091306272 2029.12195 -4.235 -4.038
216.58000354356 -59.48498617229 0.0116 0.0123 14.3825 "" "" 5890775765092385920 1883.65991 0.4902 0.0169 -5.562 -3.573 0.016 0.016 0.976 "" "" 14.243711 1.140333 14.726673 13.58634 "" "" 1829.18689 1961.94604 37797.44748 6.4739 17569.0 15.056 29149.0 12.999 "" "" 0.0027615886451230988 0.0029412175 0.0038102705 0.006751488 216.58000354356 -59.48498617229 1883.65991 -5.562000000000001 -3.5730000000000004
216.99222868593 -59.52819244294 0.0118 0.0142 6.3983 "" "" 5890772260399492224 2545.04639 0.3517 0.0189 -7.675 -2.621 0.017 0.02 0.998 "" "" 14.254645 2.198655 15.401896 13.203241 -19.71 1.7 2436.88452 2664.54492 37418.70736 8.7683 9433.2 11.966 41482.0 23.882 "" "" 0.0027670415331019433 0.0031115718 0.0038307246 0.0069422964 216.99222868593 -59.52819244294 2545.04639 -7.675000000000001 -2.6210000000000004
216.80870188901 -59.69650594816 0.0126 0.0142 5.7884 "" "" 5890757863668436480 2649.73462 0.3351 0.0187 -7.037 -2.94 0.017 0.02 0.938 4623.5 2.4583 14.260568 2.187097 15.399567 13.21247 -9.68 1.47 2518.14233 2774.80957 37215.13692 10.596 9453.4 11.487 41131.0 18.245 "" "" 0.0027726076482839407 0.0030863564 0.0038099447 0.006896301 216.80870188901 -59.69650594816 2649.73462 -7.036999999999999 -2.9400000000000004
216.58891279129 -59.46977379077 0.0114 0.0127 14.761 "" "" 5890775765092393216 2127.7854 0.4312 0.0168 -5.933 -1.58 0.015 0.016 0.904 "" "" 14.261813 1.189159 14.767602 13.578443 "" "" 2055.50317 2197.98535 37172.47226 5.9434 16919.0 18.195 29362.0 19.94 "" "" 0.002760783351236119 0.0030246298 0.0038506347 0.0068752645 216.58891279129 -59.46977379077 2127.7854 -5.932999999999998 -1.58
216.84976148397 -59.75893660876 0.0132 0.0141 8.1749 "" "" 5890750888641438336 2740.97632 0.3271 0.0202 -6.755 -3.063 0.018 0.02 0.99 4692.6 2.4299 14.262013 2.146606 15.373881 13.227275 -71.32 1.38 2601.18237 2890.78662 37165.63128 9.7672 9679.8 11.138 40574.0 23.441 "" "" 0.002770054992104811 0.003057088 0.0038310823 0.0068881703 216.84976148397 -59.75893660876 2740.97632 -6.754999999999999 -3.0630000000000006
216.74836081783 -59.62974178703 0.0122 0.0142 6.1896 "" "" 5890770194493528448 2108.40015 0.4384 0.0182 -3.302 -2.501 0.017 0.019 1.032 "" "" 14.26314 0.690648 14.524206 13.833558 "" "" 2027.54858 2180.81934 37127.09287 10.61 21171.0 19.754 23213.0 28.556 "" "" 0.00277273526267024 0.002968392 0.0040084496 0.006976842 216.74836081783 -59.62974178703 2108.40015 -3.3019999999999996 -2.501
217.31885074839 -59.56923436511 0.012 0.0141 11.7657 "" "" 5890850394444821376 2589.3103 0.349 0.0194 -4.995 -4.695 0.017 0.019 1.066 5096.9 3.1596 14.264833 1.833409 15.162209 13.3288 -38.92 2.34 2455.09399 2729.55615 37069.21295 7.8768 11763.0 13.142 36952.0 15.568 "" "" 0.0027649620474852004 0.0030424437 0.0038069626 0.0068494063 217.31885074839 -59.56923436511 2589.3103 -4.994999999999999 -4.695
217.37749874234 -59.53678458577 0.0177 0.0208 14.1442 "" "" 5890850909840954112 2153.15845 0.4318 0.0285 -6.526 -3.687 0.026 0.028 1.556 5077.7 2.5195 14.271544 1.884582 15.190716 13.306134 -50.11 1.88 2052.25635 2314.29834 36840.78541 12.365 11459.0 24.175 37732.0 61.138 "" "" 0.0027793135098634933 0.0036099544 0.004168772 0.0077787265 217.37749874234 -59.53678458577 2153.15845 -6.526 -3.6870000000000003
216.82714517366 -59.37610683962 0.0115 0.0128 15.8719 "" "" 5890778204634385792 2582.64331 0.3542 0.0175 -7.121 -4.1 0.015 0.018 0.962 7795.7 3.4649 14.273367 1.212826 14.792468 13.579642 "" "" 2442.20239 2722.27246 36778.98883 14.83 16536.0 26.71 29329.0 36.967 "" "" 0.002789883391213372 0.0032955557 0.0040195137 0.0073150694 216.82714517366 -59.37610683962 2582.64331 -7.121000000000002 -4.1000000000000005
217.18049908312 -59.75130068199 0.0129 0.0143 9.9098 "" "" 5890754530774190208 2098.10449 0.4391 0.0204 -3.636 -1.754 0.016 0.02 0.986 7454.4 3.544 14.275975 0.931726 14.651768 13.720041 "" "" 2021.65881 2189.95605 36690.75322 12.208 18824.0 22.312 25772.0 22.233 "" "" 0.002778901505946385 0.0030726546 0.0038937165 0.006966371 217.18049908312 -59.75130068199 2098.10449 -3.636 -1.754
216.90847988972 -59.58699712255 0.0123 0.0143 3.0587 "" "" 5890770611132370432 2613.32153 0.349 0.0184 -1.039 -2.071 0.018 0.02 0.998 "" "" 14.276345 1.110537 14.739532 13.628996 "" "" 2503.26294 2760.57056 36678.24332 9.8119 17362.0 23.374 28026.0 23.753 "" "" 0.002770586514472722 0.0031498584 0.0038897935 0.007039652 216.90847988972 -59.58699712255 2613.32153 -1.0390000000000001 -2.0710000000000006
216.71226335068 -59.43496745254 0.0119 0.0133 13.9416 "" "" 5890776143049524736 2782.68286 0.3167 0.0177 -5.087 -2.827 0.015 0.018 1.034 4788.1 2.349 14.278975 2.611802 15.723998 13.112196 -73.89 4.0 2623.40967 2943.20386 36589.51034 11.743 7011.6 13.634 45111.0 27.201 "" "" 0.002777266700876321 0.0034988907 0.0038356653 0.007334556 216.71226335068 -59.43496745254 2782.68286 -5.087000000000001 -2.827
216.99278151683 -59.46371713612 0.0117 0.015 10.2252 "" "" 5890773772228042752 2731.88208 0.3233 0.0192 -8.404 -7.241 0.015 0.021 1.072 4771.5 2.6236 14.287325 2.140215 15.392118 13.251904 -42.08 1.71 2612.31714 2893.56543 36309.21164 9.0953 9518.5 14.88 39664.0 25.313 "" "" 0.0027687105789659097 0.0032658654 0.003842374 0.0071082395 216.99278151683 -59.46371713612 2731.88208 -8.403999999999998 -7.2410000000000005
217.26948991489 -59.55069422127 0.0121 0.0145 10.8217 "" "" 5890850669322737280 2282.03564 0.4 0.0193 -4.849 -2.784 0.017 0.02 0.946 10154.0 3.7242 14.288646 0.824963 14.610543 13.785581 "" "" 2211.62158 2379.46094 36265.04855 7.5758 19552.0 18.028 24262.0 14.625 "" "" 0.002764639711339043 0.002964332 0.003835631 0.0067999633 217.26948991489 -59.55069422127 2282.03564 -4.849 -2.784
216.90549064191 -59.80385097886 0.0135 0.0134 10.3545 "" "" 5890747590107013504 2192.65991 0.4177 0.0193 -4.968 -2.921 0.017 0.018 0.957 "" "" 14.294555 0.746433 14.581225 13.834792 "" "" 2099.48853 2275.36963 36068.23378 7.5881 20088.0 18.147 23187.0 16.176 "" "" 0.0027647720879302603 0.0029575445 0.0038545362 0.0068120807 216.90549064191 -59.80385097886 2192.65991 -4.968 -2.920999999999999
216.91694496338 -59.67058309371 0.0121 0.0136 2.5024 "" "" 5890758344705313152 2315.02759 0.3941 0.0182 -4.922 -2.892 0.016 0.019 0.968 "" "" 14.296561 0.720988 14.570151 13.849163 "" "" 2232.61743 2438.51782 36001.62818 7.4736 20293.0 18.287 22882.0 14.373 "" "" 0.002764523366288584 0.0029567436 0.0038404216 0.006797165 216.91694496338 -59.67058309371 2315.02759 -4.922 -2.892
217.42026269443 -59.56782153034 0.0123 0.0145 14.7344 "" "" 5890850016487728640 2462.62427 0.3664 0.0203 -5.726 -3.245 0.018 0.019 1.009 "" "" 14.299204 2.221735 15.462303 13.240568 -55.31 1.97 2349.15332 2604.90894 35914.11347 9.334 8922.7 17.733 40080.0 22.838 "" "" 0.0027697319757807974 0.0035271982 0.003829683 0.007356881 217.42026269443 -59.56782153034 2462.62427 -5.725999999999999 -3.2449999999999997
216.82317413094 -59.61533708427 0.0131 0.0141 4.0574 "" "" 5890770130095648128 2240.24194 0.4105 0.0181 -2.406 -1.669 0.019 0.02 0.999 "" "" 14.300642 0.768065 14.597625 13.82956 "" "" 2119.68872 2328.71606 35866.57358 8.1243 19786.0 21.437 23299.0 15.001 "" "" 0.0027662742885526987 0.003028004 0.0038434875 0.0068714917 216.82317413094 -59.61533708427 2240.24194 -2.406 -1.6690000000000003
216.97543890223 -59.6030428897 0.0123 0.0139 1.9239 "" "" 5890760062692690432 2301.86353 0.3968 0.0182 -5.27 -1.469 0.017 0.019 0.941 5518.5 3.4341 14.304645 1.287145 14.86972 13.582575 10.13 8.44 2213.96606 2393.80664 35734.58773 6.2918 15400.0 16.333 29250.0 13.683 "" "" 0.002761943846123579 0.003018449 0.003813357 0.006831806 216.97543890223 -59.6030428897 2301.86353 -5.2700000000000005 -1.4689999999999999
216.61732850759 -59.76025420267 0.0131 0.0147 12.6981 "" "" 5890763292507031168 2185.77295 0.4221 0.019 -3.233 -1.973 0.018 0.02 0.991 "" "" 14.312122 0.765136 14.603844 13.838708 "" "" 2104.82593 2304.97266 35489.33647 9.415 19673.0 15.423 23103.0 15.518 "" "" 0.002770334661240454 0.0029171149 0.0038490999 0.006766215 216.61732850759 -59.76025420267 2185.77295 -3.233 -1.9730000000000003
216.72981817167 -59.69193713406 0.0132 0.0155 7.6168 "" "" 5890763979701887872 2597.16284 0.3441 0.0197 -10.087 -3.309 0.018 0.021 1.011 4740.9 2.6976 14.323015 2.135614 15.425186 13.289572 -61.0 2.68 2485.57642 2697.52759 35135.06027 9.8956 9233.0 11.108 38312.0 22.426 "" "" 0.002772237000643703 0.00308079 0.003832445 0.006913235 216.72981817167 -59.69193713406 2597.16284 -10.087 -3.309
217.34170126704 -59.77902915832 0.0284 0.0317 14.6889 "" "" 5878744290379624320 2489.69116 0.373 0.0464 -1.486 -1.671 0.037 0.046 2.44 6281.7 3.6643 14.328899 1.049303 14.756049 13.706746 "" "" 2257.61938 2816.30664 34945.16039 9.2823 17100.0 17.898 26089.0 31.073 "" "" 0.0027703723665630582 0.0030127168 0.003994493 0.0070072096 217.34170126704 -59.77902915832 2489.69116 -1.486 -1.6709999999999998
217.26162825284 -59.73378767468 0.0127 0.0143 11.1536 "" "" 5878745355531532544 2687.26782 0.3315 0.0204 -3.884 -3.279 0.016 0.02 0.972 4910.6 2.3695 14.333776 1.907323 15.280654 13.373331 -52.68 2.95 2556.89062 2813.39722 34788.54416 8.1137 10548.0 13.64 35467.0 18.33 "" "" 0.002766931952398208 0.0031235039 0.0038208105 0.0069443146 217.26162825284 -59.73378767468 2687.26782 -3.8839999999999995 -3.279
216.85277328808 -59.6135398548 0.013 0.0146 3.2359 "" "" 5890770439333290752 2237.10669 0.4072 0.0189 -3.549 -3.67 0.019 0.02 1.056 9236.6 3.8849 14.335568 0.964968 14.72683 13.761862 "" "" 2164.32129 2334.37646 34731.17161 8.787 17566.0 19.122 24798.0 15.755 "" "" 0.002768979038316069 0.003030175 0.003841817 0.006871992 216.85277328808 -59.6135398548 2237.10669 -3.5490000000000004 -3.67
217.16448166399 -59.78193122361 0.0132 0.0141 11.0086 "" "" 5878743397026288768 2768.71899 0.3253 0.02 -3.982 -1.955 0.017 0.02 1.025 "" "" 14.336181 1.824945 15.221433 13.396487 "" "" 2641.32397 2922.3562 34711.58613 8.4181 11139.0 10.136 34719.0 16.197 "" "" 0.00276787291559916 0.0029599217 0.0038131725 0.006773094 217.16448166399 -59.78193122361 2768.71899 -3.982 -1.9549999999999994
217.33052466721 -59.69361420481 0.0126 0.0142 12.0265 "" "" 5878745527330247040 2091.55103 0.4416 0.0209 -6.129 -2.297 0.017 0.019 0.953 4995.9 3.1509 14.339273 1.701064 15.153673 13.452609 -85.76 3.01 2009.7627 2198.36694 34612.86323 6.5202 11856.0 10.04 32970.0 17.45 "" "" 0.0027629006721078255 0.002937755 0.003822819 0.006760574 217.33052466721 -59.69361420481 2091.55103 -6.129 -2.2970000000000006
217.0364862703 -59.66148506429 0.0122 0.0137 3.0748 "" "" 5890758894461120384 2439.94775 0.373 0.0184 -5.073 -2.947 0.016 0.019 1.03 9380.0 3.7575 14.339698 0.682384 14.59593 13.913547 "" "" 2332.71899 2570.12598 34599.33577 9.3406 19817.0 21.218 21565.0 14.427 "" "" 0.0027708668577155603 0.0030226547 0.0038485483 0.006871203 217.0364862703 -59.66148506429 2439.94775 -5.0729999999999995 -2.946999999999999
216.82973765587 -59.54033770545 0.0125 0.0139 6.6862 "" "" 5890771745003423744 2027.97156 0.4529 0.0185 -5.073 -3.976 0.018 0.019 0.957 "" "" 14.344526 0.889292 14.701317 13.812025 "" "" 1958.48193 2108.84595 34445.80838 7.4215 17984.0 16.98 23678.0 15.619 "" "" 0.0027652325503647918 0.002972528 0.0038466435 0.006819172 216.82973765587 -59.54033770545 2027.97156 -5.073 -3.976
216.86766859976 -59.40469034465 0.0124 0.0146 13.9328 "" "" 5890777311281437568 2536.36987 0.357 0.0193 -3.375 -5.352 0.017 0.02 0.976 4789.3 2.6678 14.347921 2.245125 15.529029 13.283904 -47.23 3.17 2403.95874 2672.06592 34338.24584 10.309 8390.8 9.5224 38512.0 17.998 "" "" 0.0027745339344993234 0.003050126 0.0038132905 0.006863416 216.86766859976 -59.40469034465 2536.36987 -3.374999999999999 -5.352
216.87404558015 -59.37881478604 0.0123 0.0137 15.4302 "" "" 5890777414360396672 1921.58569 0.4856 0.0193 -8.595 -3.786 0.016 0.019 0.964 "" "" 14.351112 1.57108 15.082382 13.511302 -37.05 3.87 1855.26807 2005.05505 34237.48249 6.2574 12661.0 12.387 31235.0 18.929 "" "" 0.002762456426907074 0.002985532 0.00383623 0.006821762 216.87404558015 -59.37881478604 1921.58569 -8.595 -3.785999999999999
217.05795844799 -59.71489253724 0.0134 0.0145 5.869 "" "" 5890754187176873984 1888.78943 0.4868 0.0201 -3.004 -2.275 0.017 0.019 0.881 8780.9 4.0541 14.354432 0.712357 14.629968 13.917611 "" "" 1820.8916 1967.72559 34132.96369 8.0268 19206.0 20.278 21484.0 17.19 "" "" 0.0027671248758118655 0.0030164777 0.0038779401 0.006894418 217.05795844799 -59.71489253724 1888.78943 -3.004 -2.2750000000000004
217.03215333021 -59.67436125447 0.0127 0.0137 3.4707 "" "" 5890757416992350976 2567.01099 0.3472 0.0184 -3.861 -0.932 0.017 0.019 1.012 "" "" 14.358925 2.138975 15.467052 13.328076 -28.19 2.61 2459.04663 2695.98462 33991.99886 8.8857 8883.7 13.413 36977.0 18.387 "" "" 0.002769899241019949 0.0032360975 0.0038177487 0.0070538465 217.03215333021 -59.67436125447 2567.01099 -3.8609999999999998 -0.9320000000000003
217.41928304806 -59.66359871672 0.0125 0.0145 14.277 "" "" 5878839329419841536 1938.52612 0.4822 0.0206 -9.623 -6.711 0.017 0.02 1.064 4959.2 3.4152 14.359985 1.432594 15.012078 13.579484 -67.11 6.53 1859.18823 2015.57239 33958.83483 6.2728 13508.0 13.137 29334.0 19.303 "" "" 0.002762609565438321 0.002983288 0.0038463203 0.006829608 217.41928304806 -59.66359871672 1938.52612 -9.623 -6.711000000000002
216.53764314817 -59.78147481482 0.0133 0.0146 15.394 "" "" 5890761746318782464 2687.24341 0.3358 0.0196 -9.17 -3.582 0.018 0.019 1.009 4654.8 1.9044 14.369823 2.125044 15.458156 13.333112 -11.16 4.42 2562.20825 2823.72998 33652.50357 9.4056 8956.8 17.56 36806.0 33.599 "" "" 0.002771980153327844 0.0035094195 0.0039071823 0.0074166018 216.53764314817 -59.78147481482 2687.24341 -9.17 -3.582
216.55334999059 -59.59606332077 0.0131 0.0133 12.3082 "" "" 5890768515187510528 2333.42993 0.3888 0.0182 -3.222 -3.49 0.019 0.017 0.999 4807.2 2.4523 14.370844 2.318105 15.602831 13.284726 -8.04 2.07 2227.85938 2439.44824 33620.89172 9.4624 7839.4 11.112 38483.0 21.84 "" "" 0.002772212991621568 0.0031864583 0.0038292827 0.007015741 216.55334999059 -59.59606332077 2333.42993 -3.2220000000000004 -3.4900000000000007
217.09668756328 -59.4452951201 0.0118 0.0151 12.0825 "" "" 5890866749680376704 1974.42456 0.4667 0.0195 -13.176 -2.041 0.015 0.021 1.058 9206.9 3.6975 14.373515 1.231774 14.898707 13.666933 "" "" 1903.1698 2058.74927 33538.27552 6.1571 14995.0 15.488 27064.0 23.094 "" "" 0.0027625204969001158 0.0030071014 0.0038912818 0.006898383 217.09668756328 -59.4452951201 1974.42456 -13.176000000000002 -2.0410000000000004
217.15080388389 -59.77099779692 0.0378 0.0417 10.235 "" "" 5890753018945680640 1954.1521 0.4914 0.0585 -2.49 -2.537 0.049 0.059 2.916 7733.9 3.8215 14.382463 1.180485 14.877027 13.696542 25.71 10.59 1756.2052 2209.36426 33262.98839 14.469 15297.0 10.741 26336.0 12.057 "" "" 0.002795503507055498 0.0028924467 0.003811929 0.0067043756 217.15080388389 -59.77099779692 1954.1521 -2.4899999999999993 -2.536999999999999
