Clusters/NGC_5606/NGC_5606_stars_in_region.tsv
# %ECSV 1.0
# ---
# datatype:
# - name: RA_ICRS_1
#   unit: deg
#   datatype: float64
#   format: '{:15.11f}'
#   description: Right ascension (ICRS) at Ep=2016.0 (ra)
#   meta: !!omap
#   - {ucd: POS_EQ_RA_MAIN}
#   - {width: 15}
#   - {precision: '11'}
# - name: DE_ICRS_1
#   unit: deg
#   datatype: float64
#   format: '{:15.11f}'
#   description: Declination (ICRS) at Ep=2016.0 (dec)
#   meta: !!omap
#   - {ucd: POS_EQ_DEC_MAIN}
#   - {width: 15}
#   - {precision: '11'}
# - name: e_RA_ICRS
#   unit: mas
#   datatype: float64
#   format: '{:7.4f}'
#   description: Standard error of right ascension (ra_error)
#   meta: !!omap
#   - {ucd: ERROR}
#   - {width: 7}
#   - {precision: '4'}
# - name: e_DE_ICRS
#   unit: mas
#   datatype: float64
#   format: '{:7.4f}'
#   description: Standard error of declination (dec_error)
#   meta: !!omap
#   - {ucd: ERROR}
#   - {width: 7}
#   - {precision: '4'}
# - name: _r_1
#   unit: ''
#   datatype: float64
#   format: '{:7.4f}'
#   description: Distance from center (216.95231649000-59.63289870000)[ICRS], at Epoch=J2016.0
#   meta: !!omap
#   - {ucd: POS_ANG_DIST_GENERAL}
#   - {width: 7}
#   - {precision: '4'}
# - name: HIP
#   datatype: int32
#   description: '? HIP cross-id number, van Leeuwen, Cat. I/311 (hip_original_ext_source_id)'
#   meta: !!omap
#   - {ucd: ID_NUMBER}
#   - {width: 6}
#   - values: {'null': -2147483648}
# - name: TYC2
#   datatype: string
#   description: Tycho-2 cross-id name, Hog et al., Cat. I/259 (tyc2_original_ext_source_id)
#   meta: !!omap
#   - {ucd: ID_CROSSID}
#   - {_votable_string_dtype: char}
# - name: Source
#   datatype: int64
#   description: Source identifier, identical to the Gaia-EDR3 source_id (id)
#   meta: !!omap
#   - {ucd: ID_MAIN}
#   - {width: 19}
# - name: rgeo
#   unit: pc
#   datatype: float64
#   format: '{:15.8f}'
#   description: '? Median of the geometric distance posterior (r_med_geo)'
#   meta: !!omap
#   - {ucd: PHYS_DISTANCE_TRUE}
#   - {width: 15}
#   - {precision: '8'}
#   - values: {'null': .nan}
# - name: Plx
#   unit: mas
#   datatype: float64
#   format: '{:9.4f}'
#   description: '? Parallax (parallax)'
#   meta: !!omap
#   - {ucd: POS_PARLX_TRIG}
#   - {width: 9}
#   - {precision: '4'}
#   - values: {'null': .nan}
# - name: e_Plx
#   unit: mas
#   datatype: float32
#   format: '{:7.4f}'
#   description: '? Standard error of parallax (parallax_error)'
#   meta: !!omap
#   - {ucd: ERROR}
#   - {width: 7}
#   - {precision: '4'}
#   - values: {'null': .nan}
# - name: pmRA
#   unit: mas / yr
#   datatype: float64
#   format: '{:9.3f}'
#   description: '? Proper motion in right ascension direction, pmRA*cosDE (pmra)'
#   meta: !!omap
#   - {ucd: POS_EQ_PMRA}
#   - {width: 9}
#   - {precision: '3'}
#   - values: {'null': .nan}
# - name: pmDE
#   unit: mas / yr
#   datatype: float64
#   format: '{:9.3f}'
#   description: '? Proper motion in declination direction (pmdec)'
#   meta: !!omap
#   - {ucd: POS_EQ_PMDEC}
#   - {width: 9}
#   - {precision: '3'}
#   - values: {'null': .nan}
# - name: e_pmRA
#   unit: mas / yr
#   datatype: float32
#   format: '{:6.3f}'
#   description: '? Standard error of proper motion in right ascension direction (pmra_error)'
#   meta: !!omap
#   - {ucd: ERROR}
#   - {width: 6}
#   - {precision: '3'}
#   - values: {'null': .nan}
# - name: e_pmDE
[...]
#         value: !astropy.table.SerializedColumn {name: SkyCoord.dec}
#       distance: !astropy.table.SerializedColumn
#         __class__: astropy.coordinates.distances.Distance
#         unit: !astropy.units.Unit {unit: pc}
#         value: !astropy.table.SerializedColumn {name: SkyCoord.distance}
#       frame: icrs
#       obstime: !astropy.time.Time {format: jyear_str, in_subfmt: '*', jd1: 367701545.0, jd2: 0.0, out_subfmt: '*', precision: 3, scale: tt}
#       pm_dec: !astropy.table.SerializedColumn
#         __class__: astropy.units.quantity.Quantity
#         unit: !astropy.units.Unit {unit: mas / yr}
#         value: !astropy.table.SerializedColumn {name: SkyCoord.pm_dec}
#       pm_ra_cosdec: !astropy.table.SerializedColumn
#         __class__: astropy.units.quantity.Quantity
#         unit: !astropy.units.Unit {unit: mas / yr}
#         value: !astropy.table.SerializedColumn {name: SkyCoord.pm_ra_cosdec}
#       ra: !astropy.table.SerializedColumn
#         __class__: astropy.coordinates.angles.Longitude
#         unit: *id001
#         value: !astropy.table.SerializedColumn {name: SkyCoord.ra}
#         wrap_angle: !astropy.coordinates.Angle
#           unit: *id001
#           value: 360.0
#       representation_type: spherical
# schema: astropy-2.0
RA_ICRS_1 DE_ICRS_1 e_RA_ICRS e_DE_ICRS _r_1 HIP TYC2 Source rgeo Plx e_Plx pmRA pmDE e_pmRA e_pmDE RUWE Teff logg Gmag BP-RP BPmag RPmag RV e_RV b_rgeo B_rgeo FG e_FG FBP e_FBP FRP e_FRP RAVE5 RAVE6 e_Gmag e_BPmag e_RPmag e_BP-RP SkyCoord.ra SkyCoord.dec SkyCoord.distance SkyCoord.pm_ra_cosdec SkyCoord.pm_dec rmRA rmDE e_rmRA e_rmDE rRV e_rRV v_pec v_pec3d e_vpec e_vpec3d
[from data line 415]
217.16570312082 -59.85986238215 0.0205 0.0214 15.0683 "" "" 5878742160075639296 2616.88086 0.3374 0.0298 -7.232 -1.579 0.026 0.029 1.324 4735.6 2.7092 14.866488 2.290252 16.066479 13.776227 -63.4 3.42 2413.802 2810.30249 21298.61025 7.5213 5114.8 7.6973 24472.0 13.769 "" "" 0.0027818688551992216 0.0032333857 0.0038284336 0.0070618195 217.16570312082 -59.85986238215 2616.88086 -7.232 -1.579 -2.3111306495666506 1.3110868892669678 0.102658644 0.10565864 -18.519999999999996 23.8 32.958926765549485 37.80583623644442 3.4078562526098075 12.031518494691214
216.63779433752 -59.60711740849 0.0153 0.0167 9.6684 "" "" 5890765422811033856 2622.10864 0.3411 0.0221 -2.288 -2.734 0.022 0.022 1.01 5012.7 3.1501 14.872296 2.298119 16.085043 13.786923 -32.61 3.87 2493.90356 2798.43652 21184.99203 6.5164 5028.1 10.906 24232.0 18.921 "" "" 0.0027754861637607213 0.0036511566 0.0038732989 0.0075244554 216.63779433752 -59.60711740849 2622.10864 -2.288 -2.734 2.63286935043335 0.1560868892669678 0.09865864 0.09865864 12.270000000000003 24.25 32.78084745623811 35.0019550875255 3.234113948153846 9.024364862523969
216.62171665413 -59.55261847954 0.015 0.0162 11.1355 "" "" 5890774562501493632 2086.23291 0.4416 0.0219 -5.66 -3.511 0.021 0.021 0.978 "" "" 14.872567 1.291173 15.437326 14.146153 "" "" 1969.7854 2192.62256 21179.70623 12.235 9130.3 23.54 17406.0 28.675 "" "" 0.002825804905733861 0.00395234 0.0041812733 0.0081336135 216.62171665413 -59.55261847954 2086.23291 -5.660000000000002 -3.5110000000000023 -0.7391306495666505 -0.6209131107330323 0.09765864 0.09765864 "" "" 9.545825430448437 "" 0.9322323448355266 ""
216.61973254048 -59.53121142556 0.0148 0.0158 11.8026 "" "" 5890774631220984832 1951.55615 0.4697 0.021 -4.255 -2.28 0.02 0.021 0.983 7185.5 3.9796 14.87284 1.233548 15.40698 14.173432 -51.38 8.0 1859.37329 2051.44312 21174.38994 4.3655 9389.1 9.4618 16974.0 11.511 "" "" 0.002764397943476539 0.0029970314 0.0038504363 0.0068474677 216.61973254048 -59.53121142556 1951.55615 -4.255 -2.2800000000000002 0.6658693504333497 0.610086889266968 0.09665865 0.09765864 -6.5 28.38 8.354006478450213 10.584867700731461 0.8113100918486645 17.43946818695834
217.02398687815 -59.47965293044 0.0146 0.0193 9.4494 "" "" 5890773050673520768 2158.47998 0.4222 0.0241 -8.496 -0.564 0.02 0.027 1.104 5713.2 3.1539 14.875461 2.03861 15.906627 13.868017 -108.18 4.35 2059.11938 2283.42676 21123.33465 5.5852 5926.1 12.714 22488.0 20.695 "" "" 0.002770235265050746 0.0036346924 0.0039092284 0.0075439205 217.02398687815 -59.47965293044 2158.47998 -8.495999999999999 -0.5640000000000004 -3.575130649566651 2.3260868892669677 0.09665865 0.10365865 -63.300000000000004 24.73 43.6384631755741 76.88436426430239 4.311148511630308 20.507074050549114
217.09652189118 -59.58744932424 0.0159 0.0184 5.157 "" "" 5890759719094918784 2457.15674 0.369 0.0247 -4.201 -1.83 0.023 0.026 0.97 8740.8 3.5538 14.88726 1.009143 15.289897 14.280754 "" "" 2309.71045 2614.25488 20895.01117 5.5538 10458.0 18.844 15376.0 43.629 "" "" 0.0027703916709240373 0.003407696 0.004875934 0.00828363 217.09652189118 -59.58744932424 2457.15674 -4.200999999999999 -1.8299999999999992 0.71986935043335 1.0600868892669677 0.099658646 0.102658644 "" "" 14.924413122269772 "" 1.5181322618030086 ""
217.29381310957 -59.70652356844 0.0159 0.0178 11.2505 "" "" 5878745561689980288 2354.27075 0.3867 0.026 -5.651 -3.971 0.021 0.025 0.977 8583.7 3.5812 14.889047 0.800686 15.20368 14.402994 "" "" 2236.62793 2484.15601 20860.65931 5.5121 11323.0 14.209 13739.0 11.519 "" "" 0.0027702156056293305 0.003105055 0.0038874634 0.0069925184 217.29381310957 -59.70652356844 2354.27075 -5.651 -3.971 -0.7301306495666502 -1.0809131107330323 0.09765864 0.10165864 "" "" 14.55613653094431 "" 1.4617640715976594 ""
216.77444966309 -59.78727342179 0.016 0.017 10.7129 "" "" 5890750923001143680 2164.51904 0.4253 0.023 -2.65 -1.752 0.021 0.022 0.956 7195.5 3.7686 14.889158 1.110434 15.337495 14.227061 "" "" 2064.74585 2283.95752 20858.51955 4.7134 10010.0 41.683 16156.0 68.475 "" "" 0.0027662217906496396 0.0053128027 0.005954811 0.011267614 216.77444966309 -59.78727342179 2164.51904 -2.65 -1.7520000000000002 2.2708693504333497 1.1380868892669678 0.09765864 0.09865864 "" "" 26.06093177979553 "" 2.5503282432112475 ""
217.09948327869 -59.76912850223 0.019 0.0203 9.3089 "" "" 5890753053305427712 2258.5603 0.408 0.028 -5.829 -3.223 0.024 0.028 1.191 9247.8 3.7654 14.892854 0.89498 15.234928 14.339949 "" "" 2136.5498 2393.60181 20787.63602 7.492 11001.0 25.143 14561.0 26.388 "" "" 0.0027829678622152383 0.0037339986 0.004260895 0.007994894 217.09948327869 -59.76912850223 2258.5603 -5.829 -3.223 -0.9081306495666501 -0.3329131107330321 0.10065864 0.10465865 "" "" 10.354746039509749 "" 1.047287051120731 ""
216.41414196006 -59.67265478485 0.0177 0.0198 16.4878 "" "" 5890766350523908736 2088.65967 0.4476 0.0257 -8.527 -5.286 0.024 0.026 1.203 6484.0 3.9461 14.895269 1.048468 15.308606 14.260139 "" "" 1998.17554 2182.59253 20741.43655 4.6673 10280.0 24.291 15671.0 79.888 "" "" 0.002766130785375217 0.0037903795 0.0067021456 0.010492525 216.41414196006 -59.67265478485 2088.65967 -8.527 -5.286 -3.6061306495666496 -2.395913110733032 0.10065864 0.102658644 "" "" 42.8631274175468 "" 4.340977103189937 ""
216.90699548039 -59.62347256367 0.0155 0.0178 1.4867 "" "" 5890758653943015808 1896.96631 0.4954 0.0229 -10.217 -6.638 0.022 0.025 1.016 6210.5 3.7633 14.897156 1.094665 15.355978 14.261313 "" "" 1821.52002 1990.9082 20705.44334 4.4996 9840.7 14.665 15654.0 15.251 "" "" 0.0027654041637666035 0.0032253673 0.003924619 0.007149986 216.90699548039 -59.62347256367 1896.96631 -10.216999999999999 -6.637999999999998 -5.296130649566651 -3.747913110733032 0.09865864 0.10165864 "" "" 58.338816477144505 "" 5.814614912413622 ""
217.16594883815 -59.53060732007 0.0148 0.019 8.9323 "" "" 5890853796058925824 2781.98804 0.3315 0.0252 -2.567 -1.018 0.021 0.026 0.897 8516.9 3.3721 14.897991 1.449802 15.550733 14.10093 "" "" 2615.79858 3009.81567 20689.5131 5.9199 8224.8 14.436 18146.0 15.317 "" "" 0.0027727784610599043 0.0033788453 0.0038889125 0.007267758 217.16594883815 -59.53060732007 2781.98804 -2.567000000000002 -1.0180000000000002 2.3538693504333494 1.8720868892669678 0.09765864 0.102658644 "" "" 39.659545644430615 "" 3.9511104477796666 ""
216.86929202747 -59.7802842474 0.017 0.0171 9.1932 "" "" 5890747864984424960 2059.3772 0.453 0.0237 -5.146 -3.158 0.022 0.023 0.994 6793.4 3.8736 14.898391 1.230266 15.430565 14.200299 -24.47 13.46 1968.7887 2152.46484 20681.89687 4.7086 9187.4 11.804 16559.0 11.489 "" "" 0.002766385882915353 0.0031194475 0.0038537255 0.006973173 216.86929202747 -59.7802842474 2059.3772 -5.145999999999998 -3.1579999999999995 -0.2251306495666503 -0.26791311073303214 0.09865864 0.099658646 20.410000000000004 33.84 3.4159662863726745 20.693886190603127 0.33902095818535494 33.37581774913806
217.34787609604 -59.57919302881 0.0197 0.0228 12.4327 "" "" 5890849947768218496 2065.83228 0.4615 0.0323 -7.068 -1.844 0.029 0.031 1.357 5748.5 3.8626 14.90045 1.158271 15.303247 14.144977 -5.43 12.56 1925.77515 2197.04102 20642.70949 8.2877 10330.0 87.385 17425.0 123.72 "" "" 0.002789588202780283 0.009599072 0.0085854875 0.01818456 217.34787609604 -59.57919302881 2065.83228 -7.0680000000000005 -1.8440000000000007 -2.14713064956665 1.0460868892669677 0.10565864 0.10765864 39.45 32.94 23.38734744880512 45.861427373023744 2.4801166305174047 28.363199461021967
216.95014423876 -59.86340973647 0.016 0.0171 13.8308 "" "" 5890746456235601152 1961.8269 0.4743 0.0231 -4.15 -2.183 0.021 0.023 1.01 7532.9 4.1252 14.913943 0.825253 15.239752 14.414498 "" "" 1883.58911 2050.31372 20387.75819 5.0922 10953.0 11.359 13594.0 14.124 "" "" 0.0027686330334325605 0.0030088008 0.0039441427 0.0069529433 216.95014423876 -59.86340973647 1961.8269 -4.150000000000002 -2.182999999999999 0.7708693504333493 0.7070868892669679 0.09765864 0.099658646 "" "" 9.72724040098489 "" 0.9588873021691481 ""
217.15803273155 -59.41371916139 0.0155 0.0192 14.5648 "" "" 5890867265076510464 2640.67798 0.335 0.0257 -4.183 -2.951 0.02 0.026 0.993 4844.7 2.3518 14.916077 2.510001 16.284367 13.774365 -31.56 3.99 2487.01465 2808.98071 20347.72653 7.0441 4184.8 11.092 24514.0 20.672 "" "" 0.002780838939976497 0.0040083337 0.0038887016 0.007897035 217.15803273155 -59.41371916139 2640.67798 -4.183 -2.9509999999999996 0.7378693504333498 -0.060913110733032294 0.09665865 0.102658644 13.320000000000004 24.369999 9.267190365158257 16.22662063598216 0.8961420475491103 20.011227775110456
217.41264920643 -59.65228010573 0.0164 0.0181 14.0072 "" "" 5878839535578277760 2523.48999 0.3582 0.0254 -7.058 -3.249 0.022 0.024 0.977 "" "" 14.920222 1.635981 15.678424 14.042443 "" "" 2349.34058 2736.78418 20270.1902 7.5929 7312.2 13.113 19151.0 40.918 "" "" 0.002785174012528957 0.0034023628 0.0044345367 0.0078369 217.41264920643 -59.65228010573 2523.48999 -7.058 -3.2489999999999988 -2.13713064956665 -0.35891311073303234 0.09865864 0.10065864 "" "" 25.92093868714549 "" 2.5587607211198766 ""
217.13149613405 -59.7699286871 0.0159 0.0173 9.8497 "" "" 5890753018945684608 2122.73877 0.4321 0.0249 -5.755 -3.605 0.021 0.025 0.988 7123.4 3.4288 14.922628 1.204602 15.438532 14.23393 "" "" 2030.43274 2232.01904 20225.31303 4.395 9120.2 14.262 16054.0 11.87 "" "" 0.002765402971105548 0.0032661532 0.0038636988 0.0071298517 217.13149613405 -59.7699286871 2122.73877 -5.755000000000001 -3.6050000000000044 -0.8341306495666503 -0.7149131107330322 0.09765864 0.10165864 "" "" 11.053657013089959 "" 1.0984269180931137 ""
217.02563128714 -59.4504493589 0.0151 0.0184 11.1718 "" "" 5890773153752759552 2646.22095 0.3313 0.024 -4.7 -1.946 0.02 0.026 1.059 5322.1 2.793 14.923475 2.318992 16.152397 13.833405 6.96 2.63 2465.87622 2863.76465 20209.55433 6.5881 4725.6 12.434 23216.0 13.526 "" "" 0.002777960012672746 0.0039932807 0.0038319535 0.007825234 217.02563128714 -59.4504493589 2646.22095 -4.700000000000001 -1.945999999999999 0.22086935043334943 0.9440868892669678 0.09665865 0.102658644 51.84 23.009998 12.16151331456575 53.247422530112765 1.2448031507896793 22.403607863067055
217.30934789994 -59.80950040194 0.0158 0.0177 15.1308 "" "" 5878743671904310912 2318.39038 0.4022 0.0269 -6.251 -3.252 0.021 0.026 1.036 7432.7 3.2937 14.925639 1.19151 15.433889 14.242379 "" "" 2160.62378 2436.77637 20169.3109 5.2995 9159.3 11.879 15930.0 17.206 "" "" 0.0027700492562700014 0.0031253593 0.0039571407 0.0070825 217.30934789994 -59.80950040194 2318.39038 -6.251 -3.252 -1.3301306495666507 -0.361913110733032 0.09765864 0.102658644 "" "" 15.148437449308291 "" 1.4847206650341167 ""
216.82407470195 -59.70500858906 0.0196 0.0218 5.8153 "" "" 5890757863668421376 1966.69531 0.4739 0.0295 -4.979 -2.578 0.026 0.03 1.27 7416.9 3.5551 14.925661 0.939628 15.299357 14.35973 "" "" 1862.3396 2066.92676 20168.90157 6.1112 10367.0 9.7119 14298.0 12.15 "" "" 0.0027748904053895014 0.0029697805 0.0038903682 0.0068601486 216.82407470195 -59.70500858906 1966.69531 -4.978999999999998 -2.578 -0.05813064956665048 0.3120868892669679 0.102658644 0.106658645 "" "" 2.959354526650903 "" 0.3152510248799243 ""
217.43536701219 -59.56750223996 0.033 0.0388 15.1821 "" "" 5890849844689041664 1916.92932 0.501 0.0553 -2.434 -1.168 0.047 0.049 2.162 6946.1 4.0482 14.925994 1.187138 15.409724 14.222587 -15.74 12.44 1716.82239 2109.79932 20162.72063 10.665 9365.4 13.525 16223.0 44.278 "" "" 0.0028145347156345616 0.0032005545 0.0048026135 0.008003168 217.43536701219 -59.56750223996 1916.92932 -2.4339999999999993 -1.1679999999999986 2.4868693504333494 1.7220868892669678 0.12365864 0.12565865 29.14 32.82 27.485106202774134 40.05709254274171 3.416683876207068 23.99011391383585
216.84089134314 -59.71082846239 0.0157 0.0173 5.7671 "" "" 5890757790627817600 2028.38269 0.4625 0.0233 -2.955 -3.012 0.021 0.024 0.967 9559.4 4.3456 14.928009 0.815659 15.249175 14.433516 "" "" 1940.37585 2147.66187 20125.33707 4.7837 10858.0 11.881 13358.0 11.006 "" "" 0.0027673799612237134 0.0030325672 0.0038838093 0.0069163768 216.84089134314 -59.71082846239 2028.38269 -2.955 -3.012 1.9658693504333495 -0.12191311073303224 0.09765864 0.10065864 "" "" 18.937227713401732 "" 1.849604916338561 ""
217.24419427602 -59.7509105473 0.0167 0.0186 11.3244 "" "" 5878744977574396032 2578.54907 0.3481 0.0259 -2.521 2.348 0.022 0.026 1.073 4615.8 2.7712 14.928319 2.274412 16.128574 13.854162 -6.66 2.88 2390.15479 2740.01123 20119.58891 6.3238 4830.4 10.29 22777.0 15.9 "" "" 0.0027763729367369754 0.0036241617 0.0038546303 0.007478792 217.24419427602 -59.7509105473 2578.54907 -2.520999999999999 2.3479999999999963 2.3998693504333497 5.238086889266968 0.09865864 0.102658644 38.22 23.259998 70.42108059194962 80.12425969541225 7.181255137997601 12.764809142090888
216.88548786996 -59.83582674714 0.0164 0.0172 12.3423 "" "" 5890747383947993344 1917.82874 0.4831 0.0236 -4.915 -4.536 0.022 0.023 0.93 6570.0 3.8308 14.929394 0.953293 15.316242 14.362949 "" "" 1828.65393 2014.62256 20099.67631 4.5134 10208.0 11.164 14255.0 11.308 "" "" 0.002766085557441374 0.0030323272 0.0038762772 0.0069086044 216.88548786996 -59.83582674714 1917.82874 -4.914999999999999 -4.535999999999998 0.005869350433349574 -1.6459131107330318 0.09865864 0.099658646 "" "" 14.96228180776414 "" 1.491120552075563 ""
217.08364977911 -59.69307649824 0.0157 0.0174 5.3738 "" "" 5890755870804079744 2455.94043 0.3699 0.0241 -5.543 -2.947 0.021 0.025 0.968 9118.5 4.1456 14.934216 0.858667 15.273803 14.415135 "" "" 2300.7373 2654.50391 20010.60526 5.1751 10614.0 16.721 13586.0 11.695 "" "" 0.0027695907376494838 0.0032727127 0.0038932292 0.007165942 217.08364977911 -59.69307649824 2455.94043 -5.543 -2.947 -0.6221306495666505 -0.05691311073303229 0.09765864 0.10165864 "" "" 7.272562470602565 "" 0.710474902810171 ""
217.22342644388 -59.55253172462 0.0157 0.018 9.5414 "" "" 5890853486821270144 2087.77124 0.4442 0.0247 -4.369 -2.081 0.022 0.025 0.987 7828.4 4.0641 14.943778 1.031353 15.370951 14.339598 "" "" 1967.68018 2220.82397 19835.14734 4.69 9705.9 15.147 14565.0 10.932 "" "" 0.0027672540850633928 0.0032643573 0.0038662406 0.0071305977 217.22342644388 -59.55253172462 2087.77124 -4.369 -2.0810000000000004 0.5518693504333498 0.8090868892669678 0.09865864 0.10165864 "" "" 9.691960172702876 "" 0.9761331719275969 ""
216.64157190035 -59.61168827558 0.0155 0.0169 9.5141 "" "" 5890765422811027840 2282.17725 0.4012 0.0226 -1.887 -2.233 0.022 0.022 1.037 5420.5 3.496 14.94623 1.706158 15.746973 14.040815 0.8 5.09 2176.81738 2390.1394 19790.41705 4.8253 6864.8 11.2 19179.0 47.792 "" "" 0.002768008005199858 0.0033049772 0.004647974 0.007952951 216.64157190035 -59.61168827558 2282.17725 -1.887000000000001 -2.2329999999999997 3.0338693504333496 0.6570868892669677 0.09865864 0.09865864 45.68 25.47 33.57986593053388 56.69453056435541 3.312944027089489 20.61532393961036
217.07180558209 -59.50190645529 0.0154 0.0188 8.6579 "" "" 5890761024765064960 2543.60889 0.3558 0.0245 -7.742 -2.563 0.021 0.027 0.963 5088.8 2.8156 14.948571 2.315275 16.176939 13.861664 -43.28 5.41 2368.06323 2695.36304 19747.77091 6.1512 4620.0 12.22 22620.0 19.202 "" "" 0.0027759979575934434 0.0040040305 0.003890143 0.007894173 217.07180558209 -59.50190645529 2543.60889 -7.742000000000002 -2.5630000000000006 -2.8211306495666504 0.3270868892669676 0.09765864 0.10365865 1.6000000000000014 25.789999 34.24139349506773 34.278754768574466 3.3467756195613467 3.5532498722356305
