Clusters/NGC_5606/NGC_5606_stars_in_region.tsv
# %ECSV 1.0
# ---
# datatype:
# - name: RA_ICRS_1
#   unit: deg
#   datatype: float64
#   format: '{:15.11f}'
#   description: Right ascension (ICRS) at Ep=2016.0 (ra)
#   meta: !!omap
#   - {ucd: POS_EQ_RA_MAIN}
#   - {width: 15}
#   - {precision: '11'}
# - name: DE_ICRS_1
#   unit: deg
#   datatype: float64
#   format: '{:15.11f}'
#   description: Declination (ICRS) at Ep=2016.0 (dec)
#   meta: !!omap
#   - {ucd: POS_EQ_DEC_MAIN}
#   - {width: 15}
#   - {precision: '11'}
# - name: e_RA_ICRS
#   unit: mas
#   datatype: float64
#   format: '{:7.4f}'
#   description: Standard error of right ascension (ra_error)
#   meta: !!omap
#   - {ucd: ERROR}
#   - {width: 7}
#   - {precision: '4'}
# - name: e_DE_ICRS
#   unit: mas
#   datatype: float64
#   format: '{:7.4f}'
#   description: Standard error of declination (dec_error)
#   meta: !!omap
#   - {ucd: ERROR}
#   - {width: 7}
#   - {precision: '4'}
# - name: _r_1
#   unit: ''
#   datatype: float64
#   format: '{:7.4f}'
#   description: Distance from center (216.95231649000-59.63289870000)[ICRS], at Epoch=J2016.0
#   meta: !!omap
#   - {ucd: POS_ANG_DIST_GENERAL}
#   - {width: 7}
#   - {precision: '4'}
# - name: HIP
#   datatype: int32
#   description: '? HIP cross-id number, van Leeuwen, Cat. I/311 (hip_original_ext_source_id)'
#   meta: !!omap
#   - {ucd: ID_NUMBER}
#   - {width: 6}
#   - values: {'null': -2147483648}
# - name: TYC2
#   datatype: string
#   description: Tycho-2 cross-id name, Hog et al., Cat. I/259 (tyc2_original_ext_source_id)
#   meta: !!omap
#   - {ucd: ID_CROSSID}
#   - {_votable_string_dtype: char}
# - name: Source
#   datatype: int64
#   description: Source identifier, identical to the Gaia-EDR3 source_id (id)
#   meta: !!omap
#   - {ucd: ID_MAIN}
#   - {width: 19}
# - name: rgeo
#   unit: pc
#   datatype: float64
#   format: '{:15.8f}'
#   description: '? Median of the geometric distance posterior (r_med_geo)'
#   meta: !!omap
#   - {ucd: PHYS_DISTANCE_TRUE}
#   - {width: 15}
#   - {precision: '8'}
#   - values: {'null': .nan}
# - name: Plx
#   unit: mas
#   datatype: float64
#   format: '{:9.4f}'
#   description: '? Parallax (parallax)'
#   meta: !!omap
#   - {ucd: POS_PARLX_TRIG}
#   - {width: 9}
#   - {precision: '4'}
#   - values: {'null': .nan}
# - name: e_Plx
#   unit: mas
#   datatype: float32
#   format: '{:7.4f}'
#   description: '? Standard error of parallax (parallax_error)'
#   meta: !!omap
#   - {ucd: ERROR}
#   - {width: 7}
#   - {precision: '4'}
#   - values: {'null': .nan}
# - name: pmRA
#   unit: mas / yr
#   datatype: float64
#   format: '{:9.3f}'
#   description: '? Proper motion in right ascension direction, pmRA*cosDE (pmra)'
#   meta: !!omap
#   - {ucd: POS_EQ_PMRA}
#   - {width: 9}
#   - {precision: '3'}
#   - values: {'null': .nan}
# - name: pmDE
#   unit: mas / yr
#   datatype: float64
#   format: '{:9.3f}'
#   description: '? Proper motion in declination direction (pmdec)'
#   meta: !!omap
#   - {ucd: POS_EQ_PMDEC}
#   - {width: 9}
#   - {precision: '3'}
#   - values: {'null': .nan}
# - name: e_pmRA
#   unit: mas / yr
#   datatype: float32
#   format: '{:6.3f}'
#   description: '? Standard error of proper motion in right ascension direction (pmra_error)'
#   meta: !!omap
#   - {ucd: ERROR}
#   - {width: 6}
#   - {precision: '3'}
#   - values: {'null': .nan}
# - name: e_pmDE
[...]
#         value: !astropy.table.SerializedColumn {name: SkyCoord.dec}
#       distance: !astropy.table.SerializedColumn
#         __class__: astropy.coordinates.distances.Distance
#         unit: !astropy.units.Unit {unit: pc}
#         value: !astropy.table.SerializedColumn {name: SkyCoord.distance}
#       frame: icrs
#       obstime: !astropy.time.Time {format: jyear_str, in_subfmt: '*', jd1: 367701545.0, jd2: 0.0, out_subfmt: '*', precision: 3, scale: tt}
#       pm_dec: !astropy.table.SerializedColumn
#         __class__: astropy.units.quantity.Quantity
#         unit: !astropy.units.Unit {unit: mas / yr}
#         value: !astropy.table.SerializedColumn {name: SkyCoord.pm_dec}
#       pm_ra_cosdec: !astropy.table.SerializedColumn
#         __class__: astropy.units.quantity.Quantity
#         unit: !astropy.units.Unit {unit: mas / yr}
#         value: !astropy.table.SerializedColumn {name: SkyCoord.pm_ra_cosdec}
#       ra: !astropy.table.SerializedColumn
#         __class__: astropy.coordinates.angles.Longitude
#         unit: *id001
#         value: !astropy.table.SerializedColumn {name: SkyCoord.ra}
#         wrap_angle: !astropy.coordinates.Angle
#           unit: *id001
#           value: 360.0
#       representation_type: spherical
# schema: astropy-2.0
RA_ICRS_1 DE_ICRS_1 e_RA_ICRS e_DE_ICRS _r_1 HIP TYC2 Source rgeo Plx e_Plx pmRA pmDE e_pmRA e_pmDE RUWE Teff logg Gmag BP-RP BPmag RPmag RV e_RV b_rgeo B_rgeo FG e_FG FBP e_FBP FRP e_FRP RAVE5 RAVE6 e_Gmag e_BPmag e_RPmag e_BP-RP SkyCoord.ra SkyCoord.dec SkyCoord.distance SkyCoord.pm_ra_cosdec SkyCoord.pm_dec rmRA rmDE e_rmRA e_rmDE rRV e_rRV v_pec v_pec3d e_vpec e_vpec3d
[from data line 1194]
217.09548090009 -59.8906840652 0.028 0.0305 16.0606 "" "" 5878741713399013248 2496.15747 0.374 0.042 -6.933 -3.374 0.039 0.041 1.06 7525.6 4.113 16.209301 1.35686 16.807981 15.451121 "" "" 2307.0542 2750.5481 6183.38816 2.7397 2583.6 9.7229 5232.5 8.9879 "" "" 0.0027970001441376645 0.0049477443 0.004214483 0.009162227 217.09548090009 -59.8906840652 2496.15747 -6.933 -3.3740000000000014 -2.01213064956665 -0.48391311073303234 0.11565864 0.117658645 "" "" 24.485914558115244 "" 2.83470708891763 ""
217.26291391527 -59.64584656226 0.0286 0.0323 9.4513 "" "" 5890755561566980608 2138.13965 0.4367 0.0465 -6.932 -2.416 0.039 0.044 1.026 6665.7 4.3042 16.212437 1.373549 16.825348 15.451798 "" "" 1929.09448 2325.17773 6165.55839 2.6823 2542.6 6.7439 5229.2 9.1485 "" "" 0.002795514111363653 0.004009751 0.0042298725 0.008239623 217.26291391527 -59.64584656226 2138.13965 -6.932000000000004 -2.4160000000000004 -2.0111306495666508 0.47408688926696785 0.11565864 0.12065864 "" "" 20.94103194837091 "" 2.4276360052283104 ""
217.05986986723 -59.52467744836 0.0271 0.0315 7.2691 "" "" 5890760921685827456 2646.67603 0.3631 0.0428 -5.202 -2.435 0.04 0.045 1.052 "" "" 16.212683 1.799485 17.083977 15.284492 "" "" 2406.49146 3042.78711 6164.15195 2.8808 2003.7 10.964 6100.4 8.8933 "" "" 0.0028016531391422193 0.0065635894 0.0040974403 0.01066103 217.05986986723 -59.52467744836 2646.67603 -5.202 -2.4349999999999996 -0.28113064956665035 0.4550868892669677 0.11665864 0.121658646 "" "" 6.7106917179431465 "" 0.8072852596846105 ""
217.09165945329 -59.65346293284 0.0302 0.0321 4.4018 "" "" 5890756076963158528 2281.83618 0.4172 0.0454 -6.812 -1.355 0.041 0.044 1.015 6445.3 4.0653 16.213064 1.379161 16.835213 15.456052 "" "" 2085.40259 2574.65674 6161.98584 2.9445 2519.6 8.3537 5208.8 14.22 "" "" 0.0028037406539405006 0.0045544705 0.004803056 0.009357527 217.09165945329 -59.65346293284 2281.83618 -6.812 -1.355 -1.8911306495666507 1.5350868892669678 0.117658645 0.12065864 "" "" 26.34481213086118 "" 3.131325607054713 ""
217.31550333159 -59.6294801677 0.0294 0.032 11.0188 "" "" 5890849363652619136 2267.99219 0.4108 0.0465 -5.278 -2.156 0.039 0.044 0.956 7527.3 4.1088 16.214449 1.335448 16.806808 15.47136 "" "" 2021.67468 2506.53101 6154.13887 2.6151 2586.4 8.9015 5135.9 8.815 "" "" 0.0027936799567175427 0.004663497 0.004213831 0.008877328 217.31550333159 -59.6294801677 2267.99219 -5.2780000000000005 -2.1560000000000006 -0.35713064956664997 0.7340868892669676 0.11565864 0.12065864 "" "" 8.77598389378691 "" 1.0506422706423748 ""
216.8199285534 -59.56102063588 0.0285 0.0309 5.8957 "" "" 5890771573204713472 2258.91748 0.4149 0.0411 -5.486 -4.767 0.041 0.044 0.96 5019.0 3.6208 16.217955 1.685154 17.025396 15.340242 "" "" 2074.17163 2442.29102 6134.29817 2.6273 2114.7 7.62 5795.1 11.619 "" "" 0.0027942853221493516 0.0048053125 0.004361477 0.00916679 216.8199285534 -59.56102063588 2258.91748 -5.486 -4.7669999999999995 -0.5651306495666502 -1.8769131107330326 0.117658645 0.12065864 "" "" 20.987818779903066 "" 2.527187822783089 ""
217.32235520707 -59.68758734617 0.0268 0.0308 11.6851 "" "" 5878745591731644160 2567.02515 0.3619 0.0442 -5.41 -3.332 0.036 0.042 0.954 "" "" 16.21871 1.648906 16.984129 15.335223 "" "" 2325.67212 2838.51953 6130.02735 2.4827 2196.7 6.6464 5822.0 12.854 "" "" 0.0027901885131678245 0.0043100473 0.004475481 0.008785528 217.32235520707 -59.68758734617 2567.02515 -5.409999999999999 -3.332 -0.48913064956665053 -0.4419131107330321 0.11265864 0.11865865 "" "" 8.020867485425581 "" 0.9255579090635715 ""
217.31592803897 -59.72482229668 0.0305 0.0331 12.3178 "" "" 5878745286812066688 2673.62329 0.367 0.048 -8.355 -2.655 0.042 0.046 0.981 5044.7 2.715 16.219294 2.20156 17.365944 15.164384 "" "" 2293.72778 3010.34595 6126.73953 3.1621 1545.4 5.0793 6814.0 14.181 "" "" 0.0028117250206920186 0.004529827 0.004403346 0.0089331735 217.31592803897 -59.72482229668 2673.62329 -8.355 -2.655 -3.434130649566651 0.23508688926696797 0.11865865 0.12265864 "" "" 43.62250439212925 "" 5.177014883409731 ""
216.57565817277 -59.6954735299 0.0304 0.0314 12.0159 "" "" 5890764426378509056 2438.2981 0.3935 0.0432 -6.326 -3.875 0.044 0.042 1.062 6697.3 4.095 16.219414 1.396591 16.850887 15.454296 "" "" 2169.92944 2712.15454 6126.06048 2.6385 2483.5 7.3247 5217.2 9.0999 "" "" 0.0027947209094516044 0.0042472584 0.0042272955 0.008474554 216.57565817277 -59.6954735299 2438.2981 -6.326 -3.875 -1.40513064956665 -0.9849131107330322 0.12065864 0.11865865 "" "" 19.832019339454465 "" 2.3799101927089774 ""
217.48579159192 -59.64549173667 0.0277 0.0322 16.1961 "" "" 5878839776096457216 2577.96021 0.3645 0.0449 -6.257 -1.929 0.039 0.044 1.014 6770.9 3.9078 16.220171 1.534264 16.926128 15.391865 "" "" 2297.68286 2920.81763 6121.7943 2.8968 2317.2 7.6264 5526.0 9.5221 "" "" 0.002802809900910381 0.00453367 0.004217099 0.008750768 217.48579159192 -59.64549173667 2577.96021 -6.257 -1.9290000000000025 -1.33613064956665 0.9610868892669677 0.11565864 0.12065864 "" "" 20.11192742470664 "" 2.3608881829319333 ""
216.78427433795 -59.78170358344 0.0314 0.0329 10.2752 "" "" 5890750923001152768 2259.95508 0.411 0.0446 -5.973 -1.855 0.041 0.045 1.079 7579.2 4.1617 16.222464 1.488001 16.899275 15.411274 "" "" 2028.89685 2470.38013 6108.87418 2.747 2375.2 7.3579 5428.1 9.223 "" "" 0.0027982414114176863 0.004370067 0.004205592 0.008575659 216.78427433795 -59.78170358344 2259.95508 -5.972999999999998 -1.854999999999998 -1.0521306495666503 1.0350868892669678 0.117658645 0.121658646 "" "" 15.810490558858552 "" 1.8916097384368056 ""
217.11840583117 -59.89787559001 0.0276 0.0293 16.6717 "" "" 5878741644679525120 1889.06531 0.508 0.0397 -2.98 -4.914 0.038 0.04 0.982 5823.4 4.4546 16.223194 1.183333 16.734695 15.551362 "" "" 1737.86218 2060.92773 6104.77194 2.3421 2764.0 6.8643 4771.0 6.9949 "" "" 0.002786628394657445 0.0038801495 0.0041009323 0.0079810815 217.11840583117 -59.89787559001 1889.06531 -2.980000000000001 -4.914 1.9408693504333496 -2.023913110733032 0.11465864 0.11665864 "" "" 25.108740227663002 "" 2.9052024477667726 ""
217.35580095926 -59.48939768953 0.0271 0.0332 14.9852 "" "" 5890854174016150912 2476.98901 0.395 0.0444 -7.24 -7.259 0.037 0.042 0.961 5023.2 4.295 16.226957 1.315435 16.80992 15.494485 "" "" 2200.23877 2717.30835 6083.64615 2.5067 2579.0 6.7965 5027.6 8.9645 "" "" 0.0027914020681912765 0.0039964854 0.0042463574 0.008242843 217.35580095926 -59.48939768953 2476.98901 -7.239999999999997 -7.259000000000002 -2.3191306495666506 -4.368913110733033 0.113658644 0.11865865 "" "" 58.07401527970585 "" 6.828210272847953 ""
217.27140714793 -59.61845973375 0.0289 0.0327 9.7195 "" "" 5890850153926602752 2160.72314 0.4487 0.0462 -6.365 -1.141 0.041 0.045 0.967 6511.2 4.3416 16.229063 1.297503 16.79671 15.499207 "" "" 1968.60657 2390.11816 6071.86172 2.789 2610.6 8.1919 5005.8 12.959 "" "" 0.002800090061041513 0.0044036927 0.0047099944 0.009113687 217.27140714793 -59.61845973375 2160.72314 -6.365 -1.141 -1.4441306495666506 1.7490868892669678 0.117658645 0.121658646 "" "" 23.23071005951523 "" 2.7889225029829303 ""
216.74506426608 -59.86490821784 0.029 0.0316 15.2653 "" "" 5890747143429804544 2530.7937 0.3721 0.0427 -7.364 -3.468 0.039 0.043 0.975 7497.6 4.0813 16.230618 1.511071 16.899397 15.388326 "" "" 2299.40894 2835.73071 6063.17246 2.6306 2375.0 20.594 5544.1 24.328 "" "" 0.002795297829814577 0.009819345 0.0060813106 0.015900655 216.74506426608 -59.86490821784 2530.7937 -7.3640000000000025 -3.468000000000001 -2.4431306495666503 -0.5779131107330322 0.11565864 0.11965865 "" "" 30.11648575724112 "" 3.4897195487689086 ""
217.34143012091 -59.52483140203 0.029 0.0314 13.4831 "" "" 5890851115999388928 2533.60034 0.3885 0.0455 -6.848 -3.412 0.042 0.042 0.996 8374.3 4.2292 16.231337 1.609901 16.980665 15.370764 "" "" 2256.12622 2897.35181 6059.15226 2.6936 2203.7 10.258 5634.5 8.4475 "" "" 0.0027972762838279295 0.0057730307 0.0041150227 0.009888053 217.34143012091 -59.52483140203 2533.60034 -6.8480000000000025 -3.411999999999998 -1.9271306495666503 -0.5219131107330321 0.11865865 0.11865865 "" "" 23.977141160825227 "" 2.8450951276613154 ""
217.47786233673 -59.59827494599 0.0283 0.0329 16.0839 "" "" 5878840154053589504 2618.36304 0.3527 0.0454 -2.804 -3.364 0.041 0.043 0.917 6948.3 4.2472 16.23257 1.538862 16.933409 15.394547 "" "" 2394.32324 2881.91431 6052.268 2.7404 2301.7 7.9242 5512.4 24.371 "" "" 0.0027988335292426702 0.0046644574 0.006109451 0.010773908 217.47786233673 -59.59827494599 2618.36304 -2.8039999999999985 -3.363999999999999 2.11686935043335 -0.4739131107330321 0.117658645 0.11965865 "" "" 26.922890345416217 "" 3.170301518574613 ""
217.24558986453 -59.83806092344 0.028 0.0328 15.1716 "" "" 5878743706263883008 2673.61353 0.349 0.0456 -7.516 -3.6 0.038 0.048 0.964 6682.5 4.1122 16.235092 1.52674 16.94592 15.419181 "" "" 2354.35547 3008.10132 6038.23398 2.3704 2275.3 8.4623 5388.7 7.918 "" "" 0.002788091587832363 0.0049082655 0.0041023 0.0090105655 217.24558986453 -59.83806092344 2673.61353 -7.5159999999999965 -3.599999999999996 -2.5951306495666504 -0.7099131107330323 0.11465864 0.124658644 "" "" 34.09625281048887 "" 3.934125881255634 ""
217.25708848723 -59.52475298512 0.0302 0.0356 11.3066 "" "" 5890853692979745024 2320.11572 0.4102 0.0495 -6.182 -8.439 0.044 0.049 1.121 5085.3 4.2784 16.236208 1.374017 16.788528 15.414512 "" "" 2078.20557 2603.70923 6032.02843 4.0445 2630.3 15.725 5411.9 53.952 "" "" 0.0028498701092500483 0.00706525 0.011464712 0.018529963 217.25708848723 -59.52475298512 2320.11572 -6.182000000000001 -8.439 -1.2611306495666508 -5.548913110733032 0.12065864 0.12565865 "" "" 62.57953912253351 "" 7.84858288467255 ""
217.4571473354 -59.71005954905 0.0278 0.0309 15.9804 "" "" 5878838401706886144 1954.875 0.4868 0.0455 -11.18 0.284 0.039 0.042 1.001 5238.6 3.8662 16.238234 1.236393 16.779768 15.543375 "" "" 1814.2699 2113.07983 6020.78836 2.3129 2651.6 9.0454 4806.3 12.105 "" "" 0.002786709869321319 0.0046371287 0.004664893 0.009302022 217.4571473354 -59.71005954905 1954.875 -11.179999999999994 0.28400000000000025 -6.25913064956665 3.1740868892669676 0.11565864 0.11865865 "" "" 65.02902754803365 "" 7.561485271992442 ""
217.42736926974 -59.55778959563 0.0292 0.0328 15.1131 "" "" 5890850050847945216 2712.18945 0.3541 0.0471 -7.227 -3.475 0.042 0.043 1.006 8701.9 4.0844 16.239742 1.645769 17.01807 15.372301 "" "" 2388.50317 3144.82178 6012.42676 2.5266 2129.1 6.1568 5626.5 10.883 "" "" 0.0027928410663733503 0.0042003025 0.0043236604 0.008523963 217.42736926974 -59.55778959563 2712.18945 -7.227000000000001 -3.4749999999999996 -2.3061306495666507 -0.5849131107330323 0.11865865 0.11965865 "" "" 30.58584365788818 "" 3.631130811288617 ""
216.4559953865 -59.64576627788 0.0279 0.0292 15.0714 "" "" 5890766487962899072 2371.35767 0.3997 0.0393 -5.649 -2.01 0.037 0.039 1.022 6659.3 4.205 16.24022 1.499423 16.926796 15.427373 "" "" 2142.75317 2639.30566 6009.78779 2.577 2315.8 7.2209 5348.2 8.5301 "" "" 0.0027943763901858666 0.0043870513 0.004157221 0.008544272 216.4559953865 -59.64576627788 2371.35767 -5.649 -2.01 -0.7281306495666504 0.880086889266968 0.113658644 0.11565864 "" "" 12.839120029343706 "" 1.4745748046777443 ""
217.44086661336 -59.66133561352 0.0293 0.0334 14.9105 "" "" 5878839707376967040 2292.89282 0.4122 0.0468 -7.147 -2.153 0.04 0.047 1.082 "" "" 16.241474 1.614042 16.956726 15.342684 "" "" 2097.64917 2525.06885 6002.84007 3.2598 2252.8 8.4026 5782.1 13.447 "" "" 0.00281769749030514 0.004917779 0.0045452644 0.009463044 217.44086661336 -59.66133561352 2292.89282 -7.147000000000002 -2.1530000000000014 -2.2261306495666506 0.7370868892669677 0.11665864 0.12365864 "" "" 25.486028771621708 "" 2.991265403269478 ""
217.0888880739 -59.6860340516 0.0285 0.0326 5.2247 "" "" 5890755905163827840 1944.61047 0.4928 0.0433 -7.88 -5.635 0.039 0.048 0.938 6485.4 4.3667 16.242731 1.231279 16.781458 15.550179 "" "" 1805.30396 2131.05493 5995.89551 2.7187 2647.5 10.558 4776.2 9.2251 "" "" 0.002798955264875182 0.0051509608 0.004322202 0.009473163 217.0888880739 -59.6860340516 1944.61047 -7.88 -5.634999999999999 -2.9591306495666503 -2.744913110733032 0.11565864 0.124658644 "" "" 37.203591093138705 "" 4.4609009138068085 ""
216.83623322232 -59.49635109241 0.0278 0.0309 8.9203 "" "" 5890773527388358784 2274.94751 0.418 0.0418 -5.504 -1.335 0.037 0.042 1.029 6329.2 3.993 16.243622 1.612893 16.988043 15.37515 "" "" 2094.81445 2524.18677 5990.98276 2.5861 2188.8 7.3123 5611.7 11.608 "" "" 0.002794896320862664 0.004576207 0.00439633 0.008972537 216.83623322232 -59.49635109241 2274.94751 -5.504 -1.335 -0.58313064956665 1.5550868892669678 0.113658644 0.11865865 "" "" 17.909083128975986 "" 2.1142335756699935 ""
216.96125937717 -59.89847900938 0.0284 0.0297 15.9371 "" "" 5878736662517482880 2216.0791 0.4201 0.0411 -4.819 -3.444 0.04 0.04 0.985 7605.4 4.2264 16.24367 1.267535 16.800358 15.532823 "" "" 2066.21899 2440.646 5990.7192 2.3343 2601.8 7.4853 4853.2 10.49 "" "" 0.0027876099427862314 0.0041883304 0.004448717 0.008637047 216.96125937717 -59.89847900938 2216.0791 -4.8190000000000035 -3.4440000000000026 0.10186935043334966 -0.5539131107330322 0.11665864 0.11665864 "" "" 5.916000510433193 "" 0.6901525908722607 ""
216.90215440436 -59.74580640387 0.0306 0.033 6.9427 "" "" 5890756729797492096 2529.46411 0.3684 0.0451 -5.576 -2.49 0.041 0.046 1.048 7194.0 4.335 16.244444 1.294284 16.810362 15.516078 "" "" 2323.97534 2757.11426 5986.44907 2.5977 2577.9 8.9701 4928.6 9.9562 "" "" 0.002795309681354374 0.0046965852 0.0043696924 0.009066278 216.90215440436 -59.74580640387 2529.46411 -5.576 -2.49 -0.65513064956665 0.40008688926696756 0.117658645 0.12265864 "" "" 9.203699695010046 "" 1.0955866307119924 ""
216.43351641651 -59.61780296626 0.0281 0.0295 15.7659 "" "" 5890768790065407104 2498.86377 0.3823 0.0412 -6.909 -2.756 0.039 0.039 0.971 "" "" 16.245354 1.413868 16.878853 15.464985 "" "" 2301.70093 2731.3186 5981.43778 2.5233 2420.3 7.2856 5166.1 7.6619 "" "" 0.002793129919097437 0.004297297 0.0041081244 0.008405421 216.43351641651 -59.61780296626 2498.86377 -6.908999999999999 -2.756 -1.9881306495666502 0.134086889266968 0.11565864 0.11565864 "" "" 23.602137192166442 "" 2.7297911090728952 ""
216.75126209341 -59.61208389769 0.0375 0.0408 6.2269 "" "" 5890770267534121088 2497.05444 0.3838 0.0542 -7.627 -6.226 0.052 0.054 1.287 "" "" 16.24811 1.456893 16.900528 15.443635 "" "" 2243.33423 2855.66748 5966.2699 3.3123 2372.5 7.2896 5268.7 8.5016 "" "" 0.0028204822546815654 0.004348991 0.0041656997 0.008514691 216.75126209341 -59.61208389769 2497.05444 -7.627000000000001 -6.226000000000001 -2.70613064956665 -3.335913110733032 0.12865865 0.13065864 "" "" 50.84189310038669 "" 6.602763354097178 ""
216.81831406897 -59.64588132009 0.0289 0.0326 4.1378 "" "" 5890770027016769280 2196.35596 0.428 0.0423 -15.473 -2.451 0.04 0.045 1.035 5892.9 4.2603 16.249489 1.409718 16.836618 15.426901 "" "" 2009.46033 2439.02563 5958.69936 2.7491 2516.3 17.296 5350.5 35.563 "" "" 0.0028004828976180575 0.007967428 0.008146288 0.016113717 216.81831406897 -59.64588132009 2196.35596 -15.472999999999992 -2.451000000000001 -10.552130649566651 0.4390868892669677 0.11665864 0.121658646 "" "" 109.9504198316078 "" 12.827637336464285 ""
