Clusters/NGC_146/NGC_146_stars_in_region.tsv
# %ECSV 1.0
# ---
# datatype:
# - name: RA_ICRS_1
#   unit: deg
#   datatype: float64
#   format: '{:15.11f}'
#   description: Right ascension (ICRS) at Ep=2016.0 (ra)
#   meta: !!omap
#   - {ucd: POS_EQ_RA_MAIN}
#   - {width: 15}
#   - {precision: '11'}
# - name: DE_ICRS_1
#   unit: deg
#   datatype: float64
#   format: '{:15.11f}'
#   description: Declination (ICRS) at Ep=2016.0 (dec)
#   meta: !!omap
#   - {ucd: POS_EQ_DEC_MAIN}
#   - {width: 15}
#   - {precision: '11'}
# - name: e_RA_ICRS
#   unit: mas
#   datatype: float64
#   format: '{:7.4f}'
#   description: Standard error of right ascension (ra_error)
#   meta: !!omap
#   - {ucd: ERROR}
#   - {width: 7}
#   - {precision: '4'}
# - name: e_DE_ICRS
#   unit: mas
#   datatype: float64
#   format: '{:7.4f}'
#   description: Standard error of declination (dec_error)
#   meta: !!omap
#   - {ucd: ERROR}
#   - {width: 7}
#   - {precision: '4'}
# - name: _r_1
#   unit: ''
#   datatype: float64
#   format: '{:7.4f}'
#   description: Distance from center (008.25901798000+63.33020171000)[ICRS], at Epoch=J2016.0
#   meta: !!omap
#   - {ucd: POS_ANG_DIST_GENERAL}
#   - {width: 7}
#   - {precision: '4'}
# - name: HIP
#   datatype: int32
#   description: '? HIP cross-id number, van Leeuwen, Cat. I/311 (hip_original_ext_source_id)'
#   meta: !!omap
#   - {ucd: ID_NUMBER}
#   - {width: 6}
#   - values: {'null': -2147483648}
# - name: TYC2
#   datatype: string
#   description: Tycho-2 cross-id name, Hog et al., Cat. I/259 (tyc2_original_ext_source_id)
#   meta: !!omap
#   - {ucd: ID_CROSSID}
#   - {_votable_string_dtype: char}
# - name: Source
#   datatype: int64
#   description: Source identifier, identical to the Gaia-EDR3 source_id (id)
#   meta: !!omap
#   - {ucd: ID_MAIN}
#   - {width: 19}
# - name: rgeo
#   unit: pc
#   datatype: float64
#   format: '{:15.8f}'
#   description: '? Median of the geometric distance posterior (r_med_geo)'
#   meta: !!omap
#   - {ucd: PHYS_DISTANCE_TRUE}
#   - {width: 15}
#   - {precision: '8'}
#   - values: {'null': .nan}
# - name: Plx
#   unit: mas
#   datatype: float64
#   format: '{:9.4f}'
#   description: '? Parallax (parallax)'
#   meta: !!omap
#   - {ucd: POS_PARLX_TRIG}
#   - {width: 9}
#   - {precision: '4'}
#   - values: {'null': .nan}
# - name: e_Plx
#   unit: mas
#   datatype: float32
#   format: '{:7.4f}'
#   description: '? Standard error of parallax (parallax_error)'
#   meta: !!omap
#   - {ucd: ERROR}
#   - {width: 7}
#   - {precision: '4'}
#   - values: {'null': .nan}
# - name: pmRA
#   unit: mas / yr
#   datatype: float64
#   format: '{:9.3f}'
#   description: '? Proper motion in right ascension direction, pmRA*cosDE (pmra)'
#   meta: !!omap
#   - {ucd: POS_EQ_PMRA}
#   - {width: 9}
#   - {precision: '3'}
#   - values: {'null': .nan}
# - name: pmDE
#   unit: mas / yr
#   datatype: float64
#   format: '{:9.3f}'
#   description: '? Proper motion in declination direction (pmdec)'
#   meta: !!omap
#   - {ucd: POS_EQ_PMDEC}
#   - {width: 9}
#   - {precision: '3'}
#   - values: {'null': .nan}
# - name: e_pmRA
#   unit: mas / yr
#   datatype: float32
#   format: '{:6.3f}'
#   description: '? Standard error of proper motion in right ascension direction (pmra_error)'
#   meta: !!omap
#   - {ucd: ERROR}
#   - {width: 6}
#   - {precision: '3'}
#   - values: {'null': .nan}
# - name: e_pmDE
[...]
#         unit: &id001 !astropy.units.Unit {unit: deg}
#         value: !astropy.table.SerializedColumn {name: SkyCoord.dec}
#       distance: !astropy.table.SerializedColumn
#         __class__: astropy.coordinates.distances.Distance
#         unit: !astropy.units.Unit {unit: pc}
#         value: !astropy.table.SerializedColumn {name: SkyCoord.distance}
#       frame: icrs
#       obstime: !astropy.time.Time {format: jyear_str, in_subfmt: '*', jd1: 367701545.0, jd2: 0.0, out_subfmt: '*', precision: 3, scale: tt}
#       pm_dec: !astropy.table.SerializedColumn
#         __class__: astropy.units.quantity.Quantity
#         unit: !astropy.units.Unit {unit: mas / yr}
#         value: !astropy.table.SerializedColumn {name: SkyCoord.pm_dec}
#       pm_ra_cosdec: !astropy.table.SerializedColumn
#         __class__: astropy.units.quantity.Quantity
#         unit: !astropy.units.Unit {unit: mas / yr}
#         value: !astropy.table.SerializedColumn {name: SkyCoord.pm_ra_cosdec}
#       ra: !astropy.table.SerializedColumn
#         __class__: astropy.coordinates.angles.Longitude
#         unit: *id001
#         value: !astropy.table.SerializedColumn {name: SkyCoord.ra}
#         wrap_angle: !astropy.coordinates.Angle
#           unit: *id001
#           value: 360.0
#       representation_type: spherical
# schema: astropy-2.0
RA_ICRS_1 DE_ICRS_1 e_RA_ICRS e_DE_ICRS _r_1 HIP TYC2 Source rgeo Plx e_Plx pmRA pmDE e_pmRA e_pmDE RUWE Teff logg Gmag BP-RP BPmag RPmag RV e_RV b_rgeo B_rgeo FG e_FG FBP e_FBP FRP e_FRP RAVE5 RAVE6 e_Gmag e_BPmag e_RPmag e_BP-RP SkyCoord.ra SkyCoord.dec SkyCoord.distance SkyCoord.pm_ra_cosdec SkyCoord.pm_dec
[from data line 368]
8.26721422621 63.32403245274 0.0208 0.0226 0.431 "" "" 430874903012618624 3017.50659 0.301 0.0287 -2.937 -0.551 0.028 0.031 1.018 9125.2 4.226 15.753029 0.833145 16.084362 15.251217 "" "" 2798.66748 3304.11035 9413.15292 2.7869 5031.2 12.844 6290.3 9.9019 "" "" 0.0027740075973196306 0.003932888 0.004147867 0.008080755 8.26721422621 63.32403245274 3017.50659 -2.9370000000000003 -0.5509999999999998
8.16172673159 63.21436567622 0.0219 0.0244 7.4295 "" "" 430779520380700032 2569.91528 0.3682 0.0323 -2.468 -0.797 0.03 0.033 0.999 8604.1 3.6302 15.753526 0.989752 16.157932 15.16818 "" "" 2381.40137 2867.14136 9408.85036 2.8443 4701.6 11.286 6790.3 9.6765 "" "" 0.002774800322202973 0.0038180712 0.004083826 0.007901898 8.16172673159 63.21436567622 2569.91528 -2.4679999999999995 -0.7969999999999999
8.08603879579 63.3925335991 0.0202 0.0258 5.97 "" "" 430887753554887808 2725.76245 0.3405 0.0296 -2.857 -0.488 0.027 0.037 1.04 9057.5 4.2568 15.761245 0.904152 16.119919 15.215767 "" "" 2511.48169 2974.78809 9342.19251 3.0307 4869.1 13.449 6499.1 9.6203 "" "" 0.0027777420420660036 0.0040961686 0.0041069086 0.008203077 8.08603879579 63.3925335991 2725.76245 -2.8569999999999993 -0.488
7.83253149843 63.22563651457 0.0242 0.0248 13.1058 "" "" 430790549856669696 2799.53345 0.3279 0.0333 -2.59 -0.691 0.033 0.034 1.045 "" "" 15.768725 0.835746 16.09735 15.261603 "" "" 2574.72852 3038.51294 9278.0485 3.4751 4971.4 10.74 6230.4 10.146 "" "" 0.002785168654809083 0.0036451041 0.0041725114 0.007817616 7.83253149843 63.22563651457 2799.53345 -2.59 -0.6909999999999998
7.8655802903 63.34105225007 0.02 0.0248 10.6136 "" "" 430886619683366528 2828.5769 0.335 0.0293 -2.968 -0.624 0.029 0.034 0.961 9241.2 4.1962 15.769498 0.840662 16.10334 15.262678 "" "" 2588.95679 3181.65161 9271.44754 2.9442 4944.0 9.759 6224.3 10.898 "" "" 0.002776808195797414 0.0035182538 0.004230544 0.0077487975 7.8655802903 63.34105225007 2828.5769 -2.9679999999999995 -0.6240000000000001
8.35377397702 63.28509216554 0.0208 0.0229 3.7213 "" "" 430874456336044544 3119.66577 0.3009 0.0291 -2.793 -0.512 0.028 0.032 1.034 9551.4 4.3216 15.773828 1.036255 16.200647 15.164392 "" "" 2904.42529 3395.6001 9234.54583 2.8617 4520.2 9.1875 6814.0 8.0849 "" "" 0.002775787173630553 0.003557392 0.003992905 0.007550297 8.35377397702 63.28509216554 3119.66577 -2.7929999999999997 -0.5120000000000001
7.99797132231 63.48377191192 0.0197 0.0237 11.5785 "" "" 430888681267568768 2870.07788 0.3276 0.0279 -2.699 -0.372 0.026 0.031 0.979 8427.9 3.5672 15.780258 1.047987 16.215431 15.167444 "" "" 2643.80029 3064.521 9180.01652 2.6976 4459.1 8.4308 6794.9 6.9403 "" "" 0.0027737307231471167 0.0034639603 0.0039387234 0.0074026836 7.99797132231 63.48377191192 2870.07788 -2.6990000000000003 -0.372
7.97238467819 63.16442687985 0.025 0.0259 12.6041 "" "" 430789415985384704 2616.98633 0.3603 0.0357 -3.192 -1.136 0.036 0.036 0.934 7736.9 4.046 15.798794 1.068542 16.242208 15.173666 "" "" 2431.24487 2846.28955 9024.62639 3.3073 4350.4 15.284 6756.0 12.511 "" "" 0.002783901934407115 0.004726002 0.004280918 0.009006919 7.97238467819 63.16442687985 2616.98633 -3.1920000000000006 -1.136
8.72929594656 63.36858769971 0.021 0.0222 12.8644 "" "" 430831918977983872 2323.29956 0.4062 0.0281 -5.534 -2.27 0.028 0.03 1.011 7450.0 3.549 15.800009 1.334515 16.383413 15.048899 "" "" 2186.30835 2465.32837 9014.53564 2.649 3819.9 8.3714 7578.8 9.017 "" "" 0.0027737311067903606 0.00366697 0.003994046 0.0076610157 8.72929594656 63.36858769971 2323.29956 -5.533999999999999 -2.2699999999999996
8.42167061103 63.27977562641 0.0208 0.0229 5.3269 "" "" 430871604477933056 2939.32812 0.3151 0.0288 -3.076 -0.607 0.028 0.031 1.003 9358.3 4.1918 15.802152 0.950822 16.185802 15.234981 "" "" 2731.59033 3190.63477 8996.76051 2.969 4582.4 6.9443 6385.1 7.4462 "" "" 0.0027785192479043547 0.0032391732 0.0039858385 0.0072250115 8.42167061103 63.27977562641 2939.32812 -3.0759999999999996 -0.607
8.23491391224 63.15148348701 0.0239 0.0268 10.7428 "" "" 430778111631512448 2985.76733 0.3167 0.0345 -2.682 -1.204 0.032 0.037 1.014 9057.9 4.49 15.802991 1.166946 16.313255 15.146309 "" "" 2727.95972 3265.30737 8989.81004 9.9737 4074.9 41.397 6928.4 25.642 "" "" 0.0030071190546849397 0.011377449 0.005516387 0.016893836 8.23491391224 63.15148348701 2985.76733 -2.682 -1.2039999999999997
8.27156524131 63.26311419836 0.0566 0.0601 4.0394 "" "" 430873081946515072 2976.76099 0.3201 0.0789 -1.516 0.552 0.074 0.08 2.711 5641.8 3.7277 15.803494 1.705847 16.59745 14.891603 "" "" 2451.65552 3627.85986 8985.6471 5.517 3136.4 6.9509 8760.3 11.818 "" "" 0.002834814067028837 0.0036844139 0.00405328 0.0077376943 8.27156524131 63.26311419836 2976.76099 -1.5160000000000002 0.5520000000000002
8.02768498163 63.41106652169 0.021 0.0258 7.8895 "" "" 430888028432605824 2792.47998 0.3334 0.0302 -2.499 0.766 0.028 0.036 1.069 9129.3 4.2353 15.804806 0.996701 16.207184 15.210483 "" "" 2545.66626 3039.62744 8974.79395 2.8128 4493.1 10.929 6530.8 8.6942 "" "" 0.0027762530646005994 0.0038418246 0.0040463447 0.007888169 8.02768498163 63.41106652169 2792.47998 -2.4989999999999997 0.7660000000000001
8.26012280378 63.52620545774 0.0608 0.0651 11.7603 "" "" 430884420660224512 2408.4751 0.4344 0.0808 -1.666 -1.156 0.08 0.087 3.035 7488.8 4.1696 15.809459 1.328034 16.372301 15.044267 "" "" 1985.6427 3066.55762 8936.41292 8.01 3859.2 10.466 7611.2 12.268 "" "" 0.0029221345910801625 0.0040564733 0.004164892 0.0082213655 8.26012280378 63.52620545774 2408.4751 -1.6660000000000001 -1.1559999999999997
8.33845634356 63.05327715604 0.0249 0.0234 16.7539 "" "" 430773198189052672 2574.12207 0.3741 0.0323 -2.446 -1.552 0.033 0.034 1.006 7634.1 4.1279 15.812056 1.456918 16.463882 15.006965 "" "" 2347.25 2823.73706 8915.06279 3.0902 3547.0 9.3058 7877.2 10.616 "" "" 0.002780903662614094 0.003987358 0.0040527494 0.008040108 8.33845634356 63.05327715604 2574.12207 -2.446 -1.552
8.54911924372 63.39045546488 0.0213 0.0231 8.6012 "" "" 430878407706080896 2393.25708 0.3924 0.0289 -3.657 -1.561 0.029 0.031 0.943 8075.1 4.2095 15.818548 1.293177 16.383968 15.090792 "" "" 2244.75 2570.52539 8861.9141 2.6397 3817.9 8.6257 7291.9 9.0688 "" "" 0.0027742354634165828 0.003715126 0.0040133605 0.0077284863 8.54911924372 63.39045546488 2393.25708 -3.6570000000000005 -1.5609999999999993
8.27357314878 63.27134640812 0.0229 0.026 3.5531 "" "" 430873185025727360 2955.84448 0.3029 0.033 -2.257 -0.888 0.031 0.035 1.068 7928.9 4.1047 15.818741 1.493883 16.487415 14.993532 "" "" 2729.66968 3267.91919 8860.33993 27.404 3471.0 42.017 7975.3 73.565 "" "" 0.004343768665940744 0.013435909 0.010704338 0.024140246 8.27357314878 63.27134640812 2955.84448 -2.257 -0.8880000000000001
8.36399222944 63.0459342728 0.025 0.0264 17.291 "" "" 430773163829324032 2387.44727 0.3898 0.0355 -5.7 -1.398 0.033 0.038 1.04 6359.3 3.6663 15.827512 1.781233 16.68669 14.905457 "" "" 2201.77539 2592.59302 8789.05492 3.5282 2889.0 8.4192 8649.2 10.879 "" "" 0.0027895793770422533 0.0042185844 0.0040185456 0.00823713 8.36399222944 63.0459342728 2387.44727 -5.7 -1.3980000000000001
8.18186290307 63.16609043105 0.0254 0.0283 10.0647 "" "" 430778936265208448 2567.65405 0.3711 0.0365 -0.678 -0.715 0.034 0.039 1.076 7937.2 4.0996 15.82893 1.341375 16.418058 15.076683 "" "" 2303.72949 2785.76514 8777.57702 2.8355 3699.9 9.9327 7387.3 12.971 "" "" 0.0027775537009155703 0.004034951 0.0042329724 0.008267923 8.18186290307 63.16609043105 2567.65405 -0.6779999999999999 -0.7150000000000001
8.27217950747 63.17522470068 0.0481 0.0514 9.3054 "" "" 430778627027563904 2907.64966 0.3357 0.0686 -1.922 -0.988 0.066 0.072 2.336 7976.7 4.0537 15.830455 1.342215 16.405277 15.063063 "" "" 2419.56812 3715.56323 8765.26252 5.7203 3743.7 8.2265 7480.5 8.0055 "" "" 0.002844969295090297 0.003671131 0.0039539626 0.0076250937 8.27217950747 63.17522470068 2907.64966 -1.9219999999999995 -0.988
7.87387491789 63.15616144764 0.0239 0.0257 14.7403 "" "" 430789897021718400 2452.47461 0.3911 0.0334 -2.822 1.399 0.032 0.034 0.923 7335.8 4.3101 15.837445 1.229714 16.376574 15.146859 "" "" 2255.56616 2714.55273 8709.0097 3.1908 3844.0 8.8832 6924.9 8.6851 "" "" 0.0027838870661456207 0.0037523871 0.004017212 0.007769599 7.87387491789 63.15616144764 2452.47461 -2.822 1.3989999999999998
7.78637585579 63.4805857823 0.0201 0.0254 15.5752 "" "" 430892048521910912 2803.60986 0.3305 0.0286 -3.416 -1.357 0.028 0.036 1.036 9106.4 4.2144 15.847902 1.171372 16.34678 15.175409 "" "" 2622.94507 3035.21484 8625.53361 2.6973 3951.0 10.436 6745.2 8.21 "" "" 0.0027761600131047193 0.0040011774 0.004003765 0.008004943 7.78637585579 63.4805857823 2803.60986 -3.4159999999999995 -1.357
8.25636366252 63.32410942049 0.0207 0.0231 0.3725 "" "" 430874799933403008 2884.12354 0.3222 0.0294 1.422 -0.446 0.028 0.031 0.988 6482.0 3.8652 15.853932 1.341513 16.449375 15.107862 "" "" 2675.90698 3129.60571 8577.7601 2.4952 3594.7 11.247 7178.2 8.6191 "" "" 0.002773362415822764 0.0043959985 0.0039979126 0.008393912 8.25636366252 63.32410942049 2884.12354 1.4220000000000002 -0.446
8.19296786594 63.22542158709 0.0224 0.0256 6.5345 "" "" 430873322464693120 2320.23047 0.4117 0.0324 -1.501 -1.981 0.03 0.035 1.0 5806.5 3.7733 15.856334 1.510743 16.546646 15.035903 "" "" 2125.55469 2544.59692 8558.806 2.7685 3286.7 10.577 7670.0 15.634 "" "" 0.002777612552688644 0.0044713872 0.0043796683 0.008851055 8.19296786594 63.22542158709 2320.23047 -1.501 -1.9810000000000003
8.51683060717 63.39987636641 0.0219 0.0251 8.0973 "" "" 430878476425725440 2507.58765 0.3727 0.0299 -2.205 -0.408 0.029 0.034 0.949 8230.1 4.4102 15.858834 1.214691 16.379187 15.164495 "" "" 2346.30054 2694.74219 8539.1201 2.6509 3834.8 9.2645 6813.3 11.636 "" "" 0.0027758597644490877 0.0038295358 0.0042097513 0.008039287 8.51683060717 63.39987636641 2507.58765 -2.2049999999999996 -0.408
8.10706319893 63.33921781139 0.0205 0.0253 4.1272 "" "" 430874387616524416 2555.96338 0.3686 0.0299 -2.868 -0.456 0.028 0.033 1.019 9695.2 4.3513 15.859485 1.135755 16.33213 15.196376 "" "" 2366.64502 2793.65527 8534.00251 2.705 4004.6 8.3211 6616.2 10.177 "" "" 0.002776728960345122 0.0035881393 0.004131933 0.0077200728 8.10706319893 63.33921781139 2555.96338 -2.868 -0.4560000000000001
8.31560253897 63.11978694501 0.027 0.0247 12.7172 "" "" 430777836753655936 2663.81323 0.3513 0.0354 -4.181 0.341 0.034 0.035 0.961 4953.7 3.3609 15.860951 1.926006 16.818695 14.892689 "" "" 2368.08862 2975.50635 8522.48389 3.5701 2558.2 7.9979 8751.5 10.687 "" "" 0.002792606241757925 0.0043939897 0.0040052007 0.00839919 8.31560253897 63.11978694501 2663.81323 -4.181000000000001 0.3410000000000001
8.24481395103 63.22723976379 0.0239 0.0257 6.1896 "" "" 430872600910189440 2208.15332 0.4248 0.0342 -5.846 1.13 0.032 0.035 1.067 15039.6 4.5599 15.863419 1.323241 16.444742 15.121501 "" "" 2093.34448 2395.00977 8503.1413 3.3934 3610.1 11.955 7088.6 9.9267 "" "" 0.0027891810185579078 0.0045510866 0.0040737526 0.008624839 8.24481395103 63.22723976379 2208.15332 -5.846 1.1299999999999997
8.29422705653 63.42734827594 0.0247 0.0262 5.9052 "" "" 430881500082498432 2385.66675 0.3939 0.0336 -1.204 -1.093 0.031 0.038 1.105 6522.7 3.9523 15.876841 1.424106 16.505018 15.080913 "" "" 2205.0 2568.84863 8398.66712 2.9884 3415.2 18.69 7358.6 16.201 "" "" 0.0027822717877205175 0.006564294 0.004471884 0.011036178 8.29422705653 63.42734827594 2385.66675 -1.204 -1.093
8.3208448291 63.58263736977 0.0216 0.0236 15.2366 "" "" 430885039135503104 2587.60303 0.3534 0.0299 0.278 -2.683 0.029 0.032 0.997 4941.6 3.4869 15.882917 2.058468 16.930351 14.871883 "" "" 2414.64624 2823.00537 8351.79479 2.9108 2308.2 8.9615 8920.8 11.295 "" "" 0.0027811831547026253 0.005055102 0.004021631 0.009076733 8.3208448291 63.58263736977 2587.60303 0.27800000000000014 -2.683
7.91719124165 63.16458923673 0.0258 0.0281 13.5636 "" "" 430789553424330880 2829.27661 0.3371 0.0371 -1.596 0.255 0.036 0.038 0.973 7304.8 4.3439 15.885403 1.189032 16.399717 15.210686 "" "" 2559.0415 3115.74951 8332.69842 2.7337 3763.0 8.5763 6529.6 9.6511 "" "" 0.0027782485957520346 0.0037293795 0.0041059754 0.007835355 7.91719124165 63.16458923673 2829.27661 -1.5959999999999996 0.255
7.89911917835 63.2066569099 0.0249 0.0273 12.2186 "" "" 430789725222971392 2640.00928 0.3561 0.0355 -2.249 -1.022 0.033 0.037 0.988 9645.5 4.3518 15.890593 1.060016 16.329859 15.269843 "" "" 2460.91992 2856.66846 8292.96107 2.8792 4013.0 9.5845 6183.3 10.405 "" "" 0.0027809858867907508 0.0038091182 0.0041978294 0.008006947 7.89911917835 63.2066569099 2640.00928 -2.249 -1.0220000000000002
8.74499622756 63.21367763098 0.0229 0.0227 14.8615 "" "" 430823603921371520 2491.03711 0.3734 0.0302 -2.877 -0.945 0.03 0.032 0.984 7490.9 4.2136 15.892389 1.320491 16.475634 15.155143 "" "" 2312.06885 2670.69556 8279.25344 2.7809 3508.8 10.387 6872.3 7.3648 "" "" 0.0027793497279485174 0.004256209 0.003954436 0.008210645 8.74499622756 63.21367763098 2491.03711 -2.877 -0.9450000000000003
8.16060088285 63.14024224795 0.0283 0.0293 11.7037 "" "" 430778798826283520 2267.09961 0.4142 0.0388 -3.318 -1.074 0.039 0.038 1.041 "" "" 15.8963 1.021923 16.314228 15.292305 "" "" 2083.4187 2489.63501 8249.47949 3.0742 4071.2 11.438 6056.7 9.7728 "" "" 0.0027848686799404805 0.004133979 0.0041656755 0.008299654 8.16060088285 63.14024224795 2267.09961 -3.3180000000000005 -1.074
8.28617285036 63.3747479035 0.0209 0.024 2.7709 "" "" 430875452768403072 2368.35254 0.403 0.0298 -1.519 0.744 0.027 0.032 0.97 5414.9 3.113 15.902193 1.750429 16.742775 14.992346 "" "" 2206.52124 2600.19873 8204.83108 2.6913 2743.5 8.7663 7984.0 8.518 "" "" 0.002778240948888866 0.00445205 0.003952912 0.008404963 8.28617285036 63.3747479035 2368.35254 -1.519 0.744
8.72191043504 63.30229700811 0.022 0.0229 12.584 "" "" 430830235350828160 2518.71973 0.3643 0.0298 -1.543 -1.182 0.028 0.032 0.944 5108.8 3.4458 15.921024 1.759435 16.770065 15.010631 "" "" 2330.00073 2707.38403 8063.74695 2.6093 2675.4 8.6238 7850.7 9.6023 "" "" 0.002777628482945318 0.0044758404 0.0040059024 0.008481743 8.72191043504 63.30229700811 2518.71973 -1.5429999999999995 -1.1819999999999997
8.5772529834 63.49633937303 0.0225 0.0244 13.1298 "" "" 430880641089022464 2302.7959 0.3961 0.0303 -3.376 -1.079 0.027 0.032 0.96 5140.9 3.5348 15.924219 1.755674 16.77041 15.014736 "" "" 2143.38647 2503.5752 8040.05629 2.8487 2674.6 8.6984 7821.0 10.854 "" "" 0.002782045383945354 0.00450038 0.0040686773 0.008569057 8.5772529834 63.49633937303 2302.7959 -3.376 -1.079
8.51946812078 63.33368631537 0.0217 0.0244 7.0168 "" "" 430877754871081728 2983.73901 0.304 0.0305 -0.125 -1.109 0.028 0.031 0.949 5160.3 3.3599 15.926928 1.879231 16.854084 14.974854 "" "" 2692.96631 3330.08716 8020.02357 2.6581 2476.2 7.8208 8113.7 7.6016 "" "" 0.0027787192193262597 0.0044208933 0.0039138785 0.008334772 8.51946812078 63.33368631537 2983.73901 -0.12499999999999997 -1.1089999999999998
8.01331770752 63.27235709092 0.0223 0.0278 7.4778 "" "" 430791649368271360 2677.9519 0.3419 0.0328 -5.513 -1.767 0.03 0.036 1.038 8517.4 4.201 15.929418 1.16594 16.426003 15.260062 "" "" 2446.18286 2994.48853 8001.65242 2.7071 3673.0 9.4626 6239.3 8.7735 "" "" 0.0027796971209948233 0.0039508264 0.0040761037 0.00802693 8.01331770752 63.27235709092 2677.9519 -5.513000000000001 -1.7669999999999995
7.71098971825 63.37641999327 0.0236 0.0275 15.0055 "" "" 430796253573131136 2326.32104 0.4012 0.0336 -4.346 -3.114 0.033 0.037 1.093 7261.5 4.2374 15.944016 1.332113 16.528822 15.196709 "" "" 2166.0271 2543.97266 7894.78984 2.5496 3341.1 8.5905 6614.2 9.4052 "" "" 0.002777541104287727 0.003946908 0.0040825615 0.008029469 7.71098971825 63.37641999327 2326.32104 -4.346 -3.1140000000000008
