Clusters/NGC_146/NGC_146_stars_in_region.tsv
# %ECSV 1.0
# ---
# datatype:
# - name: RA_ICRS_1
#   unit: deg
#   datatype: float64
#   format: '{:15.11f}'
#   description: Right ascension (ICRS) at Ep=2016.0 (ra)
#   meta: !!omap
#   - {ucd: POS_EQ_RA_MAIN}
#   - {width: 15}
#   - {precision: '11'}
# - name: DE_ICRS_1
#   unit: deg
#   datatype: float64
#   format: '{:15.11f}'
#   description: Declination (ICRS) at Ep=2016.0 (dec)
#   meta: !!omap
#   - {ucd: POS_EQ_DEC_MAIN}
#   - {width: 15}
#   - {precision: '11'}
# - name: e_RA_ICRS
#   unit: mas
#   datatype: float64
#   format: '{:7.4f}'
#   description: Standard error of right ascension (ra_error)
#   meta: !!omap
#   - {ucd: ERROR}
#   - {width: 7}
#   - {precision: '4'}
# - name: e_DE_ICRS
#   unit: mas
#   datatype: float64
#   format: '{:7.4f}'
#   description: Standard error of declination (dec_error)
#   meta: !!omap
#   - {ucd: ERROR}
#   - {width: 7}
#   - {precision: '4'}
# - name: _r_1
#   unit: ''
#   datatype: float64
#   format: '{:7.4f}'
#   description: Distance from center (008.25901798000+63.33020171000)[ICRS], at Epoch=J2016.0
#   meta: !!omap
#   - {ucd: POS_ANG_DIST_GENERAL}
#   - {width: 7}
#   - {precision: '4'}
# - name: HIP
#   datatype: int32
#   description: '? HIP cross-id number, van Leeuwen, Cat. I/311 (hip_original_ext_source_id)'
#   meta: !!omap
#   - {ucd: ID_NUMBER}
#   - {width: 6}
#   - values: {'null': -2147483648}
# - name: TYC2
#   datatype: string
#   description: Tycho-2 cross-id name, Hog et al., Cat. I/259 (tyc2_original_ext_source_id)
#   meta: !!omap
#   - {ucd: ID_CROSSID}
#   - {_votable_string_dtype: char}
# - name: Source
#   datatype: int64
#   description: Source identifier, identical to the Gaia-EDR3 source_id (id)
#   meta: !!omap
#   - {ucd: ID_MAIN}
#   - {width: 19}
# - name: rgeo
#   unit: pc
#   datatype: float64
#   format: '{:15.8f}'
#   description: '? Median of the geometric distance posterior (r_med_geo)'
#   meta: !!omap
#   - {ucd: PHYS_DISTANCE_TRUE}
#   - {width: 15}
#   - {precision: '8'}
#   - values: {'null': .nan}
# - name: Plx
#   unit: mas
#   datatype: float64
#   format: '{:9.4f}'
#   description: '? Parallax (parallax)'
#   meta: !!omap
#   - {ucd: POS_PARLX_TRIG}
#   - {width: 9}
#   - {precision: '4'}
#   - values: {'null': .nan}
# - name: e_Plx
#   unit: mas
#   datatype: float32
#   format: '{:7.4f}'
#   description: '? Standard error of parallax (parallax_error)'
#   meta: !!omap
#   - {ucd: ERROR}
#   - {width: 7}
#   - {precision: '4'}
#   - values: {'null': .nan}
# - name: pmRA
#   unit: mas / yr
#   datatype: float64
#   format: '{:9.3f}'
#   description: '? Proper motion in right ascension direction, pmRA*cosDE (pmra)'
#   meta: !!omap
#   - {ucd: POS_EQ_PMRA}
#   - {width: 9}
#   - {precision: '3'}
#   - values: {'null': .nan}
# - name: pmDE
#   unit: mas / yr
#   datatype: float64
#   format: '{:9.3f}'
#   description: '? Proper motion in declination direction (pmdec)'
#   meta: !!omap
#   - {ucd: POS_EQ_PMDEC}
#   - {width: 9}
#   - {precision: '3'}
#   - values: {'null': .nan}
# - name: e_pmRA
#   unit: mas / yr
#   datatype: float32
#   format: '{:6.3f}'
#   description: '? Standard error of proper motion in right ascension direction (pmra_error)'
#   meta: !!omap
#   - {ucd: ERROR}
#   - {width: 6}
#   - {precision: '3'}
#   - values: {'null': .nan}
# - name: e_pmDE
[...]
#         unit: &id001 !astropy.units.Unit {unit: deg}
#         value: !astropy.table.SerializedColumn {name: SkyCoord.dec}
#       distance: !astropy.table.SerializedColumn
#         __class__: astropy.coordinates.distances.Distance
#         unit: !astropy.units.Unit {unit: pc}
#         value: !astropy.table.SerializedColumn {name: SkyCoord.distance}
#       frame: icrs
#       obstime: !astropy.time.Time {format: jyear_str, in_subfmt: '*', jd1: 367701545.0, jd2: 0.0, out_subfmt: '*', precision: 3, scale: tt}
#       pm_dec: !astropy.table.SerializedColumn
#         __class__: astropy.units.quantity.Quantity
#         unit: !astropy.units.Unit {unit: mas / yr}
#         value: !astropy.table.SerializedColumn {name: SkyCoord.pm_dec}
#       pm_ra_cosdec: !astropy.table.SerializedColumn
#         __class__: astropy.units.quantity.Quantity
#         unit: !astropy.units.Unit {unit: mas / yr}
#         value: !astropy.table.SerializedColumn {name: SkyCoord.pm_ra_cosdec}
#       ra: !astropy.table.SerializedColumn
#         __class__: astropy.coordinates.angles.Longitude
#         unit: *id001
#         value: !astropy.table.SerializedColumn {name: SkyCoord.ra}
#         wrap_angle: !astropy.coordinates.Angle
#           unit: *id001
#           value: 360.0
#       representation_type: spherical
# schema: astropy-2.0
RA_ICRS_1 DE_ICRS_1 e_RA_ICRS e_DE_ICRS _r_1 HIP TYC2 Source rgeo Plx e_Plx pmRA pmDE e_pmRA e_pmDE RUWE Teff logg Gmag BP-RP BPmag RPmag RV e_RV b_rgeo B_rgeo FG e_FG FBP e_FBP FRP e_FRP RAVE5 RAVE6 e_Gmag e_BPmag e_RPmag e_BP-RP SkyCoord.ra SkyCoord.dec SkyCoord.distance SkyCoord.pm_ra_cosdec SkyCoord.pm_dec
[from data line 656]
8.39303922789 63.42242343395 0.0297 0.0335 6.6032 "" "" 430881568801982720 2199.1748 0.4285 0.0407 0.651 -2.043 0.038 0.047 1.02 7346.6 4.3891 16.560083 1.399157 17.189651 15.790495 "" "" 2025.55579 2397.38525 4476.24315 2.139 1817.8 8.0299 3827.9 9.4879 "" "" 0.002803742039261519 0.0055486606 0.004639599 0.010188259 8.39303922789 63.42242343395 2199.1748 0.6509999999999999 -2.043
8.231597612 63.37648333164 0.0297 0.0331 2.8733 "" "" 430876101302017664 2890.49585 0.3325 0.041 -2.906 -0.419 0.039 0.044 0.991 15018.5 4.6062 16.562687 1.145762 17.002981 15.857219 "" "" 2580.03027 3254.5752 4465.52269 2.1587 2158.9 11.495 3599.7 16.87 "" "" 0.002804865139657527 0.0064190864 0.006338341 0.012757428 8.231597612 63.37648333164 2890.49585 -2.906 -0.41899999999999993
8.01448069543 63.11416716004 0.0378 0.0404 14.5503 "" "" 430788831870305920 2282.48584 0.4055 0.0543 -3.236 -1.038 0.054 0.059 0.992 6227.5 4.4654 16.570995 1.197961 17.081709 15.883748 "" "" 2105.82397 2641.4729 4431.4808 2.3168 2007.9 8.8941 3512.8 8.9232 "" "" 0.0028131816860040414 0.0055600954 0.0046786955 0.010238791 8.01448069543 63.11416716004 2282.48584 -3.236 -1.038
8.13576605408 63.40384164473 0.029 0.0347 5.5237 "" "" 430876414841050624 2507.39893 0.3842 0.0416 0.667 -0.32 0.038 0.046 0.986 6738.5 4.3548 16.571768 1.383272 17.191587 15.808315 "" "" 2302.02075 2803.35742 4428.3247 1.8744 1814.6 8.4411 3765.6 7.3437 "" "" 0.0027933831729475213 0.005770056 0.0043321075 0.010102164 8.13576605408 63.40384164473 2507.39893 0.667 -0.32000000000000006
7.7079949419 63.19433257984 0.0368 0.0399 16.9619 "" "" 430793092477322240 3112.33032 0.3057 0.0504 0.341 -0.538 0.049 0.051 1.073 5859.4 4.4664 16.57635 1.335822 17.170725 15.834903 "" "" 2695.44849 3707.47632 4409.68008 2.031 1849.8 8.9002 3674.5 6.9185 "" "" 0.002800331263783981 0.005922393 0.0042968313 0.010219224 7.7079949419 63.19433257984 3112.33032 0.341 -0.538
8.12815135834 63.2275911013 0.0331 0.0369 7.0971 "" "" 430779726539111808 2461.40405 0.3931 0.0475 -1.802 -0.903 0.044 0.05 0.983 5000.3 4.2345 16.578732 1.668497 17.370127 15.70163 "" "" 2184.90918 2811.23511 4400.01566 2.2866 1539.5 10.317 4154.4 6.3481 "" "" 0.0028124990524896194 0.007792723 0.0041274903 0.011920214 8.12815135834 63.2275911013 2461.40405 -1.802 -0.9030000000000004
8.84258181224 63.21297360044 0.032 0.0358 17.2472 "" "" 430828586083441280 2467.92993 0.3877 0.0448 -1.079 -1.387 0.041 0.047 1.041 7390.8 4.2896 16.578869 1.348681 17.16905 15.820369 "" "" 2186.08398 2771.34033 4399.45536 2.0468 1852.7 6.5409 3724.0 8.2163 "" "" 0.0028012395274114657 0.0047411122 0.004474596 0.009215709 8.84258181224 63.21297360044 2467.92993 -1.0789999999999997 -1.387
8.31897666761 63.062422336 0.0367 0.0337 16.1485 "" "" 430773232548779392 2444.60962 0.393 0.0484 -1.903 -0.439 0.049 0.048 0.958 8626.8 4.4703 16.580776 1.166971 17.082644 15.915672 "" "" 2174.09131 2719.02637 4391.73862 2.159 2006.1 8.1246 3411.1 9.2564 "" "" 0.002806542681269808 0.0052077053 0.004792099 0.009999804 8.31897666761 63.062422336 2444.60962 -1.903 -0.43899999999999983
8.04454502654 63.19190434316 0.0371 0.0376 10.1181 "" "" 430790996527920384 2953.75757 0.3368 0.0504 -2.026 -0.926 0.047 0.05 1.015 8272.7 4.4597 16.585314 1.191215 17.0979 15.906685 "" "" 2572.7002 3501.3772 4373.41894 2.294 1978.1 11.975 3439.4 7.5024 "" "" 0.0028135607229952315 0.0071405172 0.004460124 0.0116006415 8.04454502654 63.19190434316 2953.75757 -2.026 -0.9259999999999999
7.92096690699 63.26866498779 0.0341 0.0408 9.8332 "" "" 430791752447480320 2615.71899 0.371 0.0499 -3.714 -2.989 0.045 0.056 1.054 6619.1 4.3392 16.587477 1.509478 17.282957 15.773479 "" "" 2344.04688 2959.95801 4364.71659 2.1737 1668.1 8.1977 3888.4 7.5861 "" "" 0.0028078748860873443 0.0060212216 0.004332505 0.010353727 7.92096690699 63.26866498779 2615.71899 -3.714 -2.989
8.50834490462 63.17744308906 0.0345 0.0371 11.3724 "" "" 430869474174195584 2216.90576 0.4455 0.0474 -1.777 -0.67 0.047 0.051 1.054 6745.6 4.3433 16.588236 1.470449 17.259142 15.788693 "" "" 2039.95532 2504.23608 4361.66281 1.9777 1705.1 6.637 3834.3 7.2821 "" "" 0.0027989554865411877 0.0050641387 0.00430531 0.009369449 8.50834490462 63.17744308906 2216.90576 -1.7770000000000001 -0.6700000000000002
7.74697873065 63.31380454395 0.0302 0.0354 13.8286 "" "" 430795424632046848 2170.72876 0.4547 0.0425 -6.437 0.468 0.04 0.046 0.957 5322.3 4.314 16.589777 1.366932 17.20146 15.834528 "" "" 1973.39099 2393.97021 4355.48028 2.0381 1798.2 8.6942 3675.8 7.7102 "" "" 0.0028017695961107003 0.0059449174 0.0044125104 0.010357428 7.74697873065 63.31380454395 2170.72876 -6.436999999999999 0.4679999999999999
7.93556838235 63.28694809548 0.0332 0.0387 9.0954 "" "" 430791885578940928 3009.67773 0.3018 0.0479 -2.073 -1.812 0.043 0.053 1.054 6106.3 4.3464 16.591227 1.328887 17.183077 15.85419 "" "" 2622.15479 3545.05103 4349.67026 2.0971 1828.9 10.764 3609.8 7.4835 "" "" 0.0028046041356921745 0.0069726966 0.004398868 0.011371564 7.93556838235 63.28694809548 3009.67773 -2.073 -1.812
8.52704057781 63.40482802935 0.0301 0.035 8.4861 "" "" 430878476425545984 2487.78247 0.3725 0.0416 -2.981 -0.702 0.039 0.045 1.047 8291.1 4.4214 16.59172 1.198652 17.116245 15.917593 "" "" 2278.91626 2708.23828 4347.68575 1.9825 1945.0 7.7644 3405.0 7.1912 "" "" 0.002799446026705673 0.005154673 0.0044205976 0.00957527 8.52704057781 63.40482802935 2487.78247 -2.9809999999999994 -0.7020000000000001
7.91173598566 63.23846726609 0.0369 0.0401 10.8648 "" "" 430791340130647936 2356.85889 0.4165 0.0537 -3.36 -2.226 0.05 0.054 1.095 7176.3 4.2395 16.59188 1.42388 17.221806 15.797926 "" "" 2115.27368 2635.72241 4347.04522 2.2629 1764.8 11.057 3801.8 10.646 "" "" 0.00281269100836656 0.007352451 0.0048505017 0.012202952 7.91173598566 63.23846726609 2356.85889 -3.3599999999999994 -2.2259999999999995
7.85377380646 63.45899341236 0.0303 0.0341 13.3524 "" "" 430889093584438528 2553.61963 0.3791 0.0417 -4.904 -0.821 0.04 0.045 1.018 5103.8 4.3147 16.592276 1.442725 17.234095 15.791369 "" "" 2317.92822 2894.29199 4345.46948 2.1131 1744.9 7.2641 3824.8 9.9058 "" "" 0.002805448212923939 0.005311796 0.0047107004 0.010022497 7.85377380646 63.45899341236 2553.61963 -4.904 -0.8210000000000001
8.76104191948 63.17761244592 0.0325 0.0316 16.3578 "" "" 430822985446108160 2702.65063 0.3472 0.0432 -2.838 -0.499 0.042 0.044 0.973 9209.4 4.2602 16.595596 1.151267 17.087584 15.936317 "" "" 2458.91138 2986.2251 4332.195 1.9749 1997.0 8.7107 3346.8 7.5403 "" "" 0.002799422263050764 0.005496678 0.0045019304 0.009998608 8.76104191948 63.17761244592 2702.65063 -2.8379999999999996 -0.4990000000000001
7.67934039021 63.31359399718 0.0319 0.0362 15.6474 "" "" 430795665150221184 2479.80566 0.3872 0.0446 -3.945 -0.531 0.042 0.046 1.003 6159.0 4.4007 16.597107 1.3149 17.174074 15.859174 "" "" 2217.76343 2729.49292 4326.17152 2.0248 1844.1 10.09 3593.3 8.5385 "" "" 0.0028017884712872626 0.0065632225 0.004576014 0.011139236 7.67934039021 63.31359399718 2479.80566 -3.9449999999999994 -0.5309999999999999
7.65209371657 63.37006613316 0.0303 0.0364 16.5078 "" "" 430796184855183488 2587.90015 0.3652 0.0428 -1.79 0.344 0.042 0.049 1.014 7174.6 4.5804 16.60028 1.321806 17.183928 15.862122 "" "" 2353.93408 2944.07373 4313.54914 1.8548 1827.5 7.4593 3583.5 9.0539 "" "" 0.0027945925740571085 0.0052368436 0.004669979 0.009906823 7.65209371657 63.37006613316 2587.90015 -1.7900000000000005 0.344
8.08809725766 63.46214752093 0.0306 0.0342 9.1524 "" "" 430894281904949760 3162.23755 0.3089 0.0416 -2.826 -0.53 0.039 0.045 1.002 7655.2 4.424 16.601423 1.149004 17.088274 15.93927 "" "" 2832.3667 3635.05688 4309.00795 2.921 1995.8 9.9188 3337.7 9.599 "" "" 0.0028519269424499656 0.0060746297 0.004902424 0.010977054 8.08809725766 63.46214752093 3162.23755 -2.8260000000000005 -0.5300000000000001
8.4529267151 63.39288954842 0.0446 0.0701 6.431 "" "" 430878613864503168 2330.71802 0.4293 0.0659 -5.183 0.304 0.063 0.085 1.146 "" "" 16.60189 1.356331 16.153862 14.797531 "" "" 2092.86719 2834.03101 4307.15696 6.994 4719.2 607.66 9553.1 1044.4 "" "" 0.003271094192246198 0.13983086 0.1187591 0.25858995 8.4529267151 63.39288954842 2330.71802 -5.182999999999999 0.304
8.17590780262 63.1140816291 0.0797 0.0537 13.1604 "" "" 430777286997830400 2182.66919 0.4669 0.0869 -2.126 -0.419 0.093 0.076 1.18 "" "" 16.603678 1.285842 16.501652 15.21581 "" "" 1844.94934 2620.88916 4300.07123 3.5439 3425.8 109.8 6498.8 1065.9 "" "" 0.0028969763043620957 0.034910508 0.17811702 0.21302754 8.17590780262 63.1140816291 2182.66919 -2.1260000000000003 -0.419
8.82843465511 63.3897924469 0.0315 0.0349 15.7307 "" "" 430832193855888384 2467.87793 0.3829 0.0417 -2.221 -2.082 0.04 0.047 0.98 6360.3 4.4391 16.60381 1.333135 17.196806 15.863671 "" "" 2232.3728 2795.60327 4299.54804 2.0869 1805.9 7.1025 3578.4 7.3467 "" "" 0.0028052644904382382 0.005100894 0.0043877754 0.009488669 8.82843465511 63.3897924469 2467.87793 -2.221 -2.082
7.88795048308 63.51049990676 0.0299 0.0345 14.7059 "" "" 430889677699947904 2838.71948 0.3388 0.042 -2.344 -0.885 0.04 0.046 0.946 7327.5 4.3082 16.608587 1.477753 17.278982 15.801229 "" "" 2504.45264 3195.55859 4280.67033 1.844 1674.3 8.4811 3790.2 7.8929 "" "" 0.0027947341163954004 0.006167036 0.004404067 0.010571104 7.88795048308 63.51049990676 2838.71948 -2.3440000000000003 -0.8850000000000001
8.70792830127 63.12906664153 0.0349 0.0345 17.1119 "" "" 430821507977397504 2719.01001 0.3357 0.0478 -3.29 -0.388 0.045 0.048 1.032 5368.3 3.8378 16.612022 1.8956 17.553112 15.657512 "" "" 2374.55054 3129.98413 4267.14801 2.1443 1300.7 9.0936 4326.7 8.2184 "" "" 0.0028088192762033832 0.00808728 0.004305446 0.012392726 8.70792830127 63.12906664153 2719.01001 -3.2900000000000005 -0.388
8.14395110388 63.23654564301 0.0328 0.0379 6.4196 "" "" 430873391184165248 2573.5127 0.3688 0.0488 -2.967 -1.263 0.044 0.049 0.987 7405.1 4.3472 16.614912 1.256021 17.161938 15.905916 "" "" 2314.19531 2952.29834 4255.81042 2.4617 1864.8 6.8116 3441.8 13.202 "" "" 0.0028259874731742397 0.0048490586 0.0056238803 0.010472938 8.14395110388 63.23654564301 2573.5127 -2.967 -1.2630000000000001
8.38516324912 63.59061708046 0.0323 0.0334 15.9867 "" "" 430907716563691904 2963.09375 0.3265 0.0438 -1.219 0.698 0.041 0.046 0.955 7201.4 4.3506 16.616352 1.447462 17.270613 15.823151 "" "" 2638.69604 3341.0769 4250.16527 2.0544 1687.2 6.5419 3714.5 7.1412 "" "" 0.0028048559082715615 0.005050493 0.004317494 0.0093679875 8.38516324912 63.59061708046 2963.09375 -1.2190000000000003 0.698
8.47742037442 63.21301697908 0.0322 0.034 9.1745 "" "" 430869676026222592 2520.01782 0.3849 0.0442 -2.908 -0.455 0.043 0.045 0.96 "" "" 16.619354 1.31266 17.188684 15.876024 "" "" 2260.29736 2920.79053 4238.43295 2.3328 1819.5 11.204 3537.9 10.11 "" "" 0.0028193779366314426 0.0072445367 0.004889789 0.012134326 8.47742037442 63.21301697908 2520.01782 -2.908 -0.45500000000000007
7.90146050787 63.50979465589 0.031 0.0344 14.4311 "" "" 430889712059688832 3025.63013 0.3091 0.0428 -2.037 -1.374 0.042 0.046 0.937 7851.3 4.1538 16.626747 1.398668 17.256166 15.857498 "" "" 2636.68262 3389.38794 4209.66707 1.9802 1709.8 6.2373 3598.8 9.4925 "" "" 0.0028022540278667823 0.0048448383 0.0047418615 0.009586699 7.90146050787 63.50979465589 3025.63013 -2.037 -1.3740000000000003
8.33419775221 63.23938072096 0.0312 0.0342 5.8143 "" "" 430872807068618368 2601.22437 0.3549 0.0432 -0.159 -0.475 0.04 0.047 0.989 5371.5 4.2871 16.629692 1.405938 17.268497 15.862559 "" "" 2365.4292 2931.42529 4198.26506 1.9371 1690.5 6.8052 3582.1 6.4341 "" "" 0.0028004917934972913 0.0051853624 0.0042528724 0.009438235 8.33419775221 63.23938072096 2601.22437 -0.15899999999999997 -0.475
8.25591901968 63.36654945871 0.0301 0.0342 2.1825 "" "" 430876101297830912 2687.16309 0.3484 0.0425 -1.671 1.299 0.038 0.046 1.048 6032.4 4.3635 16.631596 1.375494 17.227451 15.851957 "" "" 2432.07202 2964.99951 4190.91266 2.0533 1755.6 8.539 3617.2 7.3638 "" "" 0.002806199681343308 0.00597266 0.0043782657 0.010350926 8.25591901968 63.36654945871 2687.16309 -1.671 1.2990000000000002
7.95395784013 63.46576784708 0.1171 0.1301 11.5472 "" "" 430889265383134976 2363.03345 0.4869 0.1614 -2.062 0.081 0.148 0.173 3.768 "" "" 16.633602 1.538566 17.147285 15.60872 "" "" 1743.52686 3863.87231 4183.17673 8.8951 1890.2 12.875 4525.5 36.259 "" "" 0.0035947071154480066 0.0079042725 0.009484609 0.01738888 7.95395784013 63.46576784708 2363.03345 -2.0620000000000003 0.08100000000000007
8.4427961221 63.38995819146 0.0306 0.0355 6.1074 "" "" 430878231601693952 2600.89331 0.3662 0.0437 -0.18 0.558 0.04 0.046 0.981 5892.4 4.3007 16.633781 1.40177 17.267971 15.866201 "" "" 2373.19238 3071.28223 4182.4825 1.8877 1691.3 5.7269 3570.1 7.6766 "" "" 0.0027985566494404387 0.0046153003 0.004442307 0.0090576075 8.4427961221 63.38995819146 2600.89331 -0.18000000000000005 0.5579999999999999
8.34707450988 63.3430025683 0.0306 0.0347 2.4922 "" "" 430875074811473664 2709.8186 0.3457 0.0435 -2.16 0.161 0.04 0.05 1.026 6696.7 4.3527 16.641085 1.413323 17.276943 15.86362 "" "" 2489.35107 2988.72534 4154.44671 2.0254 1677.4 6.2215 3578.6 7.5713 "" "" 0.002805703781415277 0.0048991693 0.004422718 0.009321887 8.34707450988 63.3430025683 2709.8186 -2.16 0.16099999999999995
8.09970773148 63.20069717578 0.0361 0.039 8.8807 "" "" 430779589100185216 2363.47412 0.4131 0.0509 -4.17 1.603 0.047 0.052 1.045 7574.5 4.4078 16.647318 1.368341 17.256985 15.888643 "" "" 2026.33569 2766.80176 4130.66267 1.9613 1708.5 6.5518 3497.0 5.5231 "" "" 0.0028031329004608307 0.005012054 0.0041502095 0.009162264 8.09970773148 63.20069717578 2363.47412 -4.17 1.603
8.04995626371 63.24940617413 0.0328 0.0376 7.4356 "" "" 430791541981484672 3192.05664 0.3054 0.0477 -2.925 -0.599 0.044 0.05 0.967 8180.2 4.4216 16.648521 1.177421 17.146223 15.968802 "" "" 2745.92969 3709.58569 4126.08343 2.2499 1892.0 10.148 3248.2 7.1551 "" "" 0.002818208352288139 0.006457409 0.0044725505 0.010929959 8.04995626371 63.24940617413 3192.05664 -2.925 -0.599
8.36547715811 63.11376361254 0.0581 0.0551 13.3013 "" "" 430775259773292928 2785.06152 0.3596 0.0767 -2.604 -0.704 0.077 0.078 1.571 9357.2 4.2126 16.651897 1.20008 17.149982 15.949903 "" "" 2325.10449 3631.83789 4113.27687 3.7105 1885.5 8.5958 3305.2 11.508 "" "" 0.002924218218812523 0.005682003 0.0053455033 0.011027507 8.36547715811 63.11376361254 2785.06152 -2.6039999999999996 -0.704
7.8633585494 63.30608194483 0.0305 0.0391 10.7577 "" "" 430792710212701696 2192.81372 0.4376 0.0453 2.898 -1.744 0.041 0.053 1.009 5906.3 4.4796 16.653622 1.374664 17.27138 15.896715 "" "" 2016.77649 2431.10352 4106.74619 2.0195 1686.0 10.651 3471.1 9.459 "" "" 0.0028065730385411413 0.0074047367 0.0047997595 0.012204496 7.8633585494 63.30608194483 2192.81372 2.8979999999999997 -1.7440000000000002
8.0321813134 63.12299146606 0.0386 0.0454 13.8621 "" "" 430777458796491008 2750.19092 0.3401 0.0575 -2.556 -0.307 0.054 0.061 0.963 8155.1 4.2767 16.654388 1.083399 17.1088 16.025402 "" "" 2389.50024 3185.76416 4103.84831 2.7892 1958.4 10.047 3083.2 9.2613 "" "" 0.002852424199473569 0.0062298104 0.004991993 0.011221804 8.0321813134 63.12299146606 2750.19092 -2.556 -0.30700000000000005
8.29653295426 63.30845843099 0.0334 0.0357 1.6503 "" "" 430874731213936768 2518.76562 0.3708 0.0462 -2.939 -0.397 0.044 0.049 1.044 7619.5 4.4304 16.657269 1.195406 17.171217 15.975811 "" "" 2260.0979 2867.87793 4092.97477 1.8779 1849.0 8.0076 3227.3 9.228 "" "" 0.002799989293688651 0.005467593 0.00489098 0.010358574 8.29653295426 63.30845843099 2518.76562 -2.9390000000000005 -0.39699999999999996
