Clusters/NGC_146/NGC_146_stars_in_region.tsv
# %ECSV 1.0
# ---
# datatype:
# - name: RA_ICRS_1
#   unit: deg
#   datatype: float64
#   format: '{:15.11f}'
#   description: Right ascension (ICRS) at Ep=2016.0 (ra)
#   meta: !!omap
#   - {ucd: POS_EQ_RA_MAIN}
#   - {width: 15}
#   - {precision: '11'}
# - name: DE_ICRS_1
#   unit: deg
#   datatype: float64
#   format: '{:15.11f}'
#   description: Declination (ICRS) at Ep=2016.0 (dec)
#   meta: !!omap
#   - {ucd: POS_EQ_DEC_MAIN}
#   - {width: 15}
#   - {precision: '11'}
# - name: e_RA_ICRS
#   unit: mas
#   datatype: float64
#   format: '{:7.4f}'
#   description: Standard error of right ascension (ra_error)
#   meta: !!omap
#   - {ucd: ERROR}
#   - {width: 7}
#   - {precision: '4'}
# - name: e_DE_ICRS
#   unit: mas
#   datatype: float64
#   format: '{:7.4f}'
#   description: Standard error of declination (dec_error)
#   meta: !!omap
#   - {ucd: ERROR}
#   - {width: 7}
#   - {precision: '4'}
# - name: _r_1
#   unit: ''
#   datatype: float64
#   format: '{:7.4f}'
#   description: Distance from center (008.25901798000+63.33020171000)[ICRS], at Epoch=J2016.0
#   meta: !!omap
#   - {ucd: POS_ANG_DIST_GENERAL}
#   - {width: 7}
#   - {precision: '4'}
# - name: HIP
#   datatype: int32
#   description: '? HIP cross-id number, van Leeuwen, Cat. I/311 (hip_original_ext_source_id)'
#   meta: !!omap
#   - {ucd: ID_NUMBER}
#   - {width: 6}
#   - values: {'null': -2147483648}
# - name: TYC2
#   datatype: string
#   description: Tycho-2 cross-id name, Hog et al., Cat. I/259 (tyc2_original_ext_source_id)
#   meta: !!omap
#   - {ucd: ID_CROSSID}
#   - {_votable_string_dtype: char}
# - name: Source
#   datatype: int64
#   description: Source identifier, identical to the Gaia-EDR3 source_id (id)
#   meta: !!omap
#   - {ucd: ID_MAIN}
#   - {width: 19}
# - name: rgeo
#   unit: pc
#   datatype: float64
#   format: '{:15.8f}'
#   description: '? Median of the geometric distance posterior (r_med_geo)'
#   meta: !!omap
#   - {ucd: PHYS_DISTANCE_TRUE}
#   - {width: 15}
#   - {precision: '8'}
#   - values: {'null': .nan}
# - name: Plx
#   unit: mas
#   datatype: float64
#   format: '{:9.4f}'
#   description: '? Parallax (parallax)'
#   meta: !!omap
#   - {ucd: POS_PARLX_TRIG}
#   - {width: 9}
#   - {precision: '4'}
#   - values: {'null': .nan}
# - name: e_Plx
#   unit: mas
#   datatype: float32
#   format: '{:7.4f}'
#   description: '? Standard error of parallax (parallax_error)'
#   meta: !!omap
#   - {ucd: ERROR}
#   - {width: 7}
#   - {precision: '4'}
#   - values: {'null': .nan}
# - name: pmRA
#   unit: mas / yr
#   datatype: float64
#   format: '{:9.3f}'
#   description: '? Proper motion in right ascension direction, pmRA*cosDE (pmra)'
#   meta: !!omap
#   - {ucd: POS_EQ_PMRA}
#   - {width: 9}
#   - {precision: '3'}
#   - values: {'null': .nan}
# - name: pmDE
#   unit: mas / yr
#   datatype: float64
#   format: '{:9.3f}'
#   description: '? Proper motion in declination direction (pmdec)'
#   meta: !!omap
#   - {ucd: POS_EQ_PMDEC}
#   - {width: 9}
#   - {precision: '3'}
#   - values: {'null': .nan}
# - name: e_pmRA
#   unit: mas / yr
#   datatype: float32
#   format: '{:6.3f}'
#   description: '? Standard error of proper motion in right ascension direction (pmra_error)'
#   meta: !!omap
#   - {ucd: ERROR}
#   - {width: 6}
#   - {precision: '3'}
#   - values: {'null': .nan}
# - name: e_pmDE
[...]
#         unit: &id001 !astropy.units.Unit {unit: deg}
#         value: !astropy.table.SerializedColumn {name: SkyCoord.dec}
#       distance: !astropy.table.SerializedColumn
#         __class__: astropy.coordinates.distances.Distance
#         unit: !astropy.units.Unit {unit: pc}
#         value: !astropy.table.SerializedColumn {name: SkyCoord.distance}
#       frame: icrs
#       obstime: !astropy.time.Time {format: jyear_str, in_subfmt: '*', jd1: 367701545.0, jd2: 0.0, out_subfmt: '*', precision: 3, scale: tt}
#       pm_dec: !astropy.table.SerializedColumn
#         __class__: astropy.units.quantity.Quantity
#         unit: !astropy.units.Unit {unit: mas / yr}
#         value: !astropy.table.SerializedColumn {name: SkyCoord.pm_dec}
#       pm_ra_cosdec: !astropy.table.SerializedColumn
#         __class__: astropy.units.quantity.Quantity
#         unit: !astropy.units.Unit {unit: mas / yr}
#         value: !astropy.table.SerializedColumn {name: SkyCoord.pm_ra_cosdec}
#       ra: !astropy.table.SerializedColumn
#         __class__: astropy.coordinates.angles.Longitude
#         unit: *id001
#         value: !astropy.table.SerializedColumn {name: SkyCoord.ra}
#         wrap_angle: !astropy.coordinates.Angle
#           unit: *id001
#           value: 360.0
#       representation_type: spherical
# schema: astropy-2.0
RA_ICRS_1 DE_ICRS_1 e_RA_ICRS e_DE_ICRS _r_1 HIP TYC2 Source rgeo Plx e_Plx pmRA pmDE e_pmRA e_pmDE RUWE Teff logg Gmag BP-RP BPmag RPmag RV e_RV b_rgeo B_rgeo FG e_FG FBP e_FBP FRP e_FRP RAVE5 RAVE6 e_Gmag e_BPmag e_RPmag e_BP-RP SkyCoord.ra SkyCoord.dec SkyCoord.distance SkyCoord.pm_ra_cosdec SkyCoord.pm_dec
[from data line 203]
8.03256773458 63.12052480702 0.0175 0.0203 13.9905 "" "" 430777458796493952 2683.42383 0.3517 0.0252 -3.118 -1.189 0.025 0.029 1.002 9408.1 3.889 14.929335 0.69939 15.194812 14.495421 "" "" 2515.33569 2871.6936 20100.77364 5.4358 11415.0 13.52 12618.0 11.48 "" "" 0.002770920042679476 0.0030722506 0.0039063417 0.0069785924 8.03256773458 63.12052480702 2683.42383 -3.118 -1.1889999999999998
7.97519855259 63.36273909244 0.0137 0.0166 7.8847 "" "" 430886344805452800 2831.64331 0.3217 0.0197 -1.301 -0.862 0.018 0.023 0.982 9250.0 3.7935 14.93942 0.774758 15.240889 14.46613 "" "" 2706.03027 2967.54297 19914.93532 4.8846 10941.0 10.75 12963.0 11.345 "" "" 0.0027681593453634215 0.0029871513 0.0038970043 0.006884156 7.97519855259 63.36273909244 2831.64331 -1.3009999999999997 -0.8619999999999999
8.56142719776 63.27429388079 0.0143 0.0158 8.8152 "" "" 430870951642912512 3027.3584 0.3045 0.0196 -2.62 -0.431 0.018 0.02 0.976 10152.3 3.758 14.954865 0.884895 15.30474 14.419845 "" "" 2850.70361 3245.74365 19633.63657 3.9925 10316.0 12.725 13528.0 10.856 "" "" 0.0027641518008949817 0.0030949498 0.0038785134 0.006973463 8.56142719776 63.27429388079 3027.3584 -2.62 -0.43100000000000005
8.28191610038 63.40386146222 0.0142 0.0158 4.4623 "" "" 430881358337977600 2458.36255 0.3839 0.0204 -1.859 0.259 0.018 0.022 0.978 9004.1 3.8455 14.962069 0.915739 15.324769 14.40903 "" "" 2331.64697 2580.35352 19503.80672 4.7893 10128.0 17.561 13663.0 13.872 "" "" 0.00276818902408279 0.0033658727 0.003936863 0.007302736 8.28191610038 63.40386146222 2458.36255 -1.859 0.259
7.83032461963 63.20813824024 0.0168 0.0167 13.6928 "" "" 430790412417729408 2235.04272 0.4185 0.0223 -3.345 -1.028 0.022 0.023 1.018 "" "" 14.974438 0.737914 15.256446 14.518532 "" "" 2145.86499 2354.5625 19282.87032 5.1538 10785.0 11.364 12352.0 11.055 "" "" 0.0027705592865292917 0.0030155997 0.0039023054 0.006917905 7.83032461963 63.20813824024 2235.04272 -3.3449999999999998 -1.0280000000000002
8.01251078163 63.13815640847 0.0189 0.0208 13.3093 "" "" 430789244186730880 2420.16357 0.3882 0.0253 -3.196 -1.184 0.026 0.031 1.029 9225.5 3.9775 14.98251 0.702148 15.250502 14.548353 "" "" 2289.80469 2570.23242 19140.03695 5.8947 10845.0 14.512 12018.0 10.189 "" "" 0.002775536146308694 0.0031457643 0.0038898645 0.007035629 8.01251078163 63.13815640847 2420.16357 -3.1960000000000006 -1.184
8.82845536294 63.33317405385 0.0153 0.0158 15.3356 "" "" 430831644100091392 2818.72388 0.33 0.0209 -2.593 -0.323 0.02 0.021 1.021 10503.8 3.8083 14.982995 0.814869 15.29882 14.483952 "" "" 2682.47314 2985.39478 19131.48149 5.0678 10373.0 12.545 12752.0 11.168 "" "" 0.002770289796225224 0.0030837026 0.0038971633 0.006980866 8.82845536294 63.33317405385 2818.72388 -2.5929999999999995 -0.323
8.07702740508 63.18179364742 0.016 0.0177 10.1703 "" "" 430779245502820992 2810.80884 0.3229 0.0227 -2.395 -0.008 0.021 0.024 0.939 9766.8 3.471 15.001145 0.750938 15.287206 14.536267 "" "" 2667.02002 3010.26147 18814.32116 5.045 10484.0 11.99 12152.0 9.5476 "" "" 0.0027706587615466873 0.0030539918 0.003874456 0.0069284476 8.07702740508 63.18179364742 2810.80884 -2.395 -0.007999999999999974
8.25546529633 63.20666409398 0.0289 0.0274 7.4129 "" "" 430872497830979968 2814.20483 0.3347 0.0413 -3.706 -1.172 0.048 0.042 1.043 "" "" 15.017766 "" "" "" "" "" 2527.85962 3125.55298 18528.50526 15.974 "" "" "" "" "" "" 0.0029099782104257165 "" "" "" 8.25546529633 63.20666409398 2814.20483 -3.7059999999999995 -1.1719999999999997
8.48954358917 63.51638848567 0.0145 0.0166 12.7706 "" "" 430880950326657536 3031.21216 0.3053 0.0206 -1.252 -1.318 0.018 0.021 1.04 "" "" 15.022219 1.143083 15.50145 14.358367 "" "" 2875.70508 3204.51099 18452.67667 4.0496 8606.7 11.155 14316.0 9.5746 "" "" 0.002765603733268817 0.0031249437 0.003848508 0.006973452 8.48954358917 63.51638848567 3031.21216 -1.2519999999999998 -1.3179999999999996
8.70069398013 63.43198118662 0.0148 0.0156 13.352 "" "" 430879472857953664 2392.71655 0.3899 0.0197 -3.092 -0.545 0.02 0.022 1.053 "" "" 15.041581 0.862692 15.38223 14.519538 "" "" 2290.63159 2510.38916 18126.51269 4.1584 9605.6 11.879 12341.0 11.352 "" "" 0.002766555534977998 0.003096433 0.003909115 0.007005548 8.70069398013 63.43198118662 2392.71655 -3.092000000000001 -0.545
7.83592518878 63.52945121969 0.0144 0.0164 16.4879 "" "" 430892701356906368 2742.95117 0.3394 0.0201 -2.963 -0.746 0.02 0.022 0.982 10063.3 3.5917 15.044098 1.010366 15.454273 14.443908 "" "" 2612.53101 2950.6604 18084.54203 4.0926 8988.9 11.587 13231.0 8.7172 "" "" 0.0027662539532499193 0.0031215048 0.0038464828 0.006967988 7.83592518878 63.52945121969 2742.95117 -2.9629999999999996 -0.746
8.27415566839 63.31978590767 0.0145 0.0163 0.7462 "" "" 430874799933405952 2772.14771 0.3338 0.0206 -2.828 -0.637 0.02 0.022 0.987 9388.4 3.6075 15.05779 0.72179 15.322458 14.600668 "" "" 2614.11255 2955.54932 17857.91515 4.4124 10149.0 21.078 11452.0 22.091 "" "" 0.0027683491406712297 0.0035874357 0.004320904 0.00790834 8.27415566839 63.31978590767 2772.14771 -2.8279999999999994 -0.637
8.513251819 63.35523928997 0.0146 0.0166 7.0067 "" "" 430877926669760640 2547.16748 0.3689 0.021 -2.933 -0.81 0.019 0.021 0.942 8912.2 3.659 15.062418 0.77035 15.358995 14.588646 "" "" 2403.54712 2722.74854 17781.963 4.0599 9813.4 14.105 11580.0 15.704 "" "" 0.0027664488269149466 0.0031969307 0.0040560686 0.0072529996 8.513251819 63.35523928997 2547.16748 -2.9330000000000003 -0.8100000000000003
8.08900193433 63.14976831185 0.0181 0.0192 11.76 "" "" 430777561875681792 2256.35718 0.4138 0.0242 -3.296 -1.071 0.024 0.027 1.045 "" "" 15.067323 0.787841 15.374364 14.586523 "" "" 2139.29932 2409.22803 17701.80514 10.212 9675.5 30.718 11602.0 27.117 "" "" 0.002825615788539466 0.0044347486 0.0045523 0.008987049 8.08900193433 63.14976831185 2256.35718 -3.2960000000000003 -1.071
8.82627386747 63.38788275131 0.0157 0.0173 15.6488 "" "" 430832193855889152 2769.8501 0.331 0.0216 -2.587 -0.308 0.021 0.023 1.028 "" "" 15.073626 0.860452 15.413347 14.552896 "" "" 2555.81665 2977.77271 17599.33069 3.8723 9334.2 17.108 11967.0 10.096 "" "" 0.0027656568152146055 0.0034271018 0.0038887986 0.0073159 8.82627386747 63.38788275131 2769.8501 -2.587 -0.30799999999999994
8.202267314 63.4190260577 0.0166 0.0191 5.5436 "" "" 430876307456537088 2446.20068 0.3818 0.0233 -1.298 -2.503 0.021 0.024 1.111 9232.3 4.0658 15.078659 0.927901 15.449337 14.521436 "" "" 2307.45825 2595.57471 17517.95111 4.2237 9029.9 11.835 12319.0 10.229 "" "" 0.002767727844083474 0.0031320953 0.0038854203 0.0070175156 8.202267314 63.4190260577 2446.20068 -1.298 -2.503
8.50683844349 63.47760452232 0.0152 0.0175 11.0695 "" "" 430880744168242304 2166.05444 0.4311 0.0209 -2.409 -1.291 0.019 0.022 1.001 "" "" 15.079381 1.252601 15.621473 14.368873 "" "" 2086.74121 2270.17871 17506.29951 5.3058 7706.0 12.98 14178.0 13.2 "" "" 0.0027749004920310364 0.0033361078 0.003912228 0.007248336 8.50683844349 63.47760452232 2166.05444 -2.4089999999999994 -1.2909999999999997
8.8423334995 63.23176750678 0.0156 0.0162 16.8078 "" "" 430828620443168384 2611.86914 0.3498 0.0216 -2.577 -0.394 0.021 0.022 1.024 "" "" 15.079446 0.81583 15.39567 14.57984 "" "" 2483.521 2770.79907 17505.25912 5.9619 9487.4 13.11 11674.0 13.792 "" "" 0.0027800224439433413 0.0031679592 0.0039911275 0.007159087 8.8423334995 63.23176750678 2611.86914 -2.5770000000000004 -0.3940000000000001
8.42255808234 63.12447760586 0.018 0.0178 13.1109 "" "" 430775122334333184 2872.1521 0.3181 0.0243 -2.391 0.511 0.023 0.023 1.002 5343.9 3.2979 15.081927 1.924188 16.039192 14.115005 -32.01 5.08 2704.40308 3044.27246 17465.28982 4.873 5244.9 12.564 17913.0 14.065 "" "" 0.0027719229980510685 0.0038143757 0.003874337 0.007688713 8.42255808234 63.12447760586 2872.1521 -2.3909999999999996 0.511
7.95863472416 63.15018392965 0.0177 0.0189 13.5098 "" "" 430789484704875776 2543.4187 0.3628 0.0251 -3.298 -1.117 0.024 0.026 0.935 9405.2 4.0368 15.093578 0.720118 15.372918 14.6528 "" "" 2408.65918 2729.6936 17278.86736 5.442 9688.3 14.637 10915.0 15.45 "" "" 0.0027764585124750905 0.0032366188 0.004079903 0.007316522 7.95863472416 63.15018392965 2543.4187 -3.298 -1.117
8.07300644893 63.33394592894 0.0336 0.0423 5.0142 "" "" 430886001202212736 2393.41309 0.3851 0.0498 -4.362 0.028 0.045 0.058 2.269 "" "" 15.12006 "" "" "" "" "" 2153.42383 2690.93311 16862.53136 9.1269 "" "" "" "" "" "" 0.002817291529030899 "" "" "" 8.07300644893 63.33394592894 2393.41309 -4.362000000000001 0.028000000000000132
8.29800616902 63.20894176641 0.0168 0.0186 7.3513 "" "" 430872326032288768 2768.06128 0.3357 0.0239 -0.966 -1.339 0.022 0.027 1.075 8788.3 3.474 15.12609 0.91743 15.478292 14.560863 "" "" 2600.22363 2939.63672 16769.13512 3.8449 8792.2 22.368 11880.0 35.985 "" "" 0.002766543269668701 0.0039261626 0.005009943 0.008936105 8.29800616902 63.20894176641 2768.06128 -0.9659999999999997 -1.3390000000000002
8.1846767284 63.51619571717 0.0152 0.0168 11.3367 "" "" 430883080630203904 2427.09424 0.3852 0.0207 -3.001 -0.483 0.02 0.023 0.984 7970.8 4.0243 15.129851 0.853636 15.466544 14.612908 "" "" 2314.38257 2550.68335 16711.14764 4.1455 8887.9 11.14 11324.0 9.5799 "" "" 0.002768452901632245 0.0031043456 0.003889395 0.006993741 8.1846767284 63.51619571717 2427.09424 -3.001 -0.48300000000000004
8.16546841931 63.50549140332 0.0152 0.017 10.8131 "" "" 430883046270473088 2913.76074 0.3108 0.0208 -2.423 -0.692 0.02 0.023 1.028 9170.5 4.0631 15.130307 0.913713 15.496673 14.582959 "" "" 2776.12134 3115.68335 16704.13305 3.9763 8644.7 10.267 11641.0 9.3034 "" "" 0.0027674151688242593 0.0030737326 0.0038777122 0.006951445 8.16546841931 63.50549140332 2913.76074 -2.423 -0.6919999999999997
8.63755501918 63.29326040309 0.0153 0.0168 10.4389 "" "" 430876724078954112 3023.62793 0.3037 0.0215 -2.172 0.443 0.02 0.024 1.025 6057.0 3.3348 15.13048 1.573076 15.862082 14.289005 -71.79 6.28 2831.48389 3315.10498 16701.48052 4.1469 6174.2 11.834 15260.0 11.675 "" "" 0.0027684769344268087 0.0034807571 0.0038695908 0.007350348 8.63755501918 63.29326040309 3023.62793 -2.172 0.4429999999999999
7.88944716248 63.1880314029 0.0181 0.0198 13.1268 "" "" 430790343698281600 2677.13867 0.3454 0.0258 -2.642 -0.453 0.023 0.025 0.99 9926.8 4.0389 15.135066 0.693036 15.396386 14.70335 "" "" 2510.0166 2896.07568 16631.08091 5.6264 9481.2 10.713 10419.0 14.282 "" "" 0.00277969550326986 0.0030479624 0.004061863 0.0071098255 7.88944716248 63.1880314029 2677.13867 -2.6420000000000003 -0.453
8.20240613654 63.30631852998 0.0155 0.019 2.0928 "" "" 430874009659702784 2434.82886 0.3852 0.022 -2.995 -0.944 0.021 0.028 0.965 9489.7 4.0595 15.136661 0.777362 15.439479 14.662117 "" "" 2330.96313 2548.20166 16606.66259 4.2092 9112.2 13.868 10822.0 11.456 "" "" 0.002769029077514959 0.0032427567 0.0039502806 0.0071930373 8.20240613654 63.30631852998 2434.82886 -2.995 -0.9440000000000002
8.43337922271 63.26240446756 0.0157 0.0173 6.2168 "" "" 430871432679249024 2636.82007 0.3529 0.0225 -3.671 -1.168 0.021 0.024 0.959 "" "" 15.144567 1.276399 15.700831 14.424433 "" "" 2473.34009 2823.11548 16486.18967 3.6239 7162.8 15.211 13471.0 10.616 "" "" 0.0027656370240481732 0.0036195598 0.0038750262 0.007494586 8.43337922271 63.26240446756 2636.82007 -3.671 -1.168
8.28220938482 63.41578282184 0.0155 0.0174 5.1726 "" "" 430881397003115648 3034.31201 0.3005 0.0218 -1.849 -0.0 0.02 0.024 1.035 5221.8 3.0322 15.148539 1.893155 16.085405 14.19225 -166.01 3.74 2854.12109 3200.69727 16425.98303 4.274 5026.4 7.1159 16682.0 12.867 "" "" 0.0027697651474263467 0.0031855407 0.0038710504 0.007056591 8.28220938482 63.41578282184 3034.31201 -1.849 0.0
8.30233330071 63.18656381931 0.0166 0.0174 8.6973 "" "" 430872291672555136 2542.66089 0.3677 0.0233 -1.719 -0.567 0.022 0.025 1.004 "" "" 15.150921 0.846412 15.483744 14.637332 "" "" 2410.15234 2724.2522 16389.97805 4.2254 8748.2 11.639 11072.0 12.763 "" "" 0.0027695012774659176 0.0031419203 0.0039812215 0.0071231415 8.30233330071 63.18656381931 2542.66089 -1.7189999999999999 -0.5669999999999998
8.72347451958 63.22561688144 0.0167 0.0163 14.0143 "" "" 430823707000578304 2805.03638 0.3278 0.0214 -2.781 -0.501 0.022 0.023 1.034 8516.6 3.6075 15.152866 0.997922 15.559123 14.561201 "" "" 2628.09033 2979.30078 16360.63397 3.5535 8161.5 11.737 11876.0 10.507 "" "" 0.0027653933604688524 0.0031973408 0.0038995433 0.007096884 8.72347451958 63.22561688144 2805.03638 -2.7809999999999997 -0.501
7.86967012147 63.15149401047 0.0182 0.0197 15.0199 "" "" 430789892713808512 2907.89062 0.3126 0.0254 -1.264 -0.661 0.025 0.027 0.985 9816.7 4.1009 15.159555 0.815066 15.476979 14.661913 "" "" 2720.58716 3105.9873 16260.14663 4.7268 8802.9 15.807 10824.0 14.113 "" "" 0.00277333852258361 0.003403826 0.0040358137 0.0074396394 7.86967012147 63.15149401047 2907.89062 -1.2640000000000002 -0.661
8.01205037096 63.10961559482 0.0191 0.0207 14.8238 "" "" 430788797510568064 2948.54175 0.3096 0.0279 -1.652 -0.416 0.027 0.029 0.985 8074.4 3.5491 15.163587 0.91606 15.529819 14.613759 "" "" 2714.73535 3166.24854 16199.88941 4.3803 8384.7 14.263 11315.0 11.109 "" "" 0.0027709158264785324 0.0033460655 0.003926833 0.0072728987 8.01205037096 63.10961559482 2948.54175 -1.6520000000000001 -0.4159999999999999
7.99750245355 63.09210264375 0.0177 0.02 15.9405 "" "" 430788694430972288 2916.14819 0.3153 0.0268 -3.589 -0.485 0.025 0.027 0.98 9587.3 4.2801 15.171773 1.115221 15.636094 14.520873 "" "" 2688.48901 3154.74194 16078.1997 5.4773 7602.9 15.887 12326.0 13.937 "" "" 0.0027800352402972315 0.0035961482 0.0039737676 0.0075699156 7.99750245355 63.09210264375 2916.14819 -3.5890000000000004 -0.48499999999999993
7.77606020166 63.36349234097 0.0159 0.0187 13.1515 "" "" 430889815139014784 2891.19043 0.3156 0.0222 -5.183 -1.498 0.022 0.025 1.058 5168.0 2.9486 15.174191 1.701631 15.987353 14.285722 -22.93 6.45 2728.2522 3100.44995 16042.43174 7.7609 5501.4 13.411 15306.0 22.185 "" "" 0.0028049379880462867 0.0038458176 0.0040939297 0.007939748 7.77606020166 63.36349234097 2891.19043 -5.183000000000001 -1.4979999999999996
8.07882998003 63.14761136923 0.019 0.0195 11.9883 "" "" 430777561875683712 2240.53296 0.4191 0.026 -3.277 -1.087 0.025 0.027 1.063 9123.6 4.2834 15.179985 0.97271 15.576951 14.604241 "" "" 2119.14355 2365.97754 15957.05977 7.9421 8028.5 27.782 11415.0 30.019 "" "" 0.0028078123226910555 0.0046798387 0.004736686 0.009416524 8.07882998003 63.14761136923 2240.53296 -3.2770000000000006 -1.087
8.34463798009 63.29640751515 0.0154 0.0174 3.0716 "" "" 430874525055516800 2882.02515 0.3212 0.0218 -2.828 -0.491 0.021 0.024 1.003 "" "" 15.18598 0.786312 15.493012 14.7067 "" "" 2730.00513 3064.39282 15869.18631 4.2523 8673.8 11.983 10387.0 10.864 "" "" 0.0027706374037094715 0.0031677966 0.003946303 0.0071140993 8.34463798009 63.29640751515 2882.02515 -2.828 -0.4910000000000001
7.95010680475 63.43887494325 0.0158 0.0184 10.5576 "" "" 430888853066294656 2799.51978 0.3331 0.022 -5.031 -1.213 0.021 0.026 0.945 7197.3 3.8277 15.204197 1.265184 15.734796 14.469611 "" "" 2616.2605 2985.02344 15605.1443 11.255 6942.2 28.302 12922.0 49.634 "" "" 0.002864435726347615 0.0052323504 0.005628113 0.010860464 7.95010680475 63.43887494325 2799.51978 -5.030999999999999 -1.213
8.35819555092 63.37872397927 0.0162 0.0185 3.9494 "" "" 430881087765667840 2190.22266 0.4283 0.0233 -0.132 -0.165 0.022 0.025 1.093 6360.0 3.7957 15.208394 1.380206 15.821073 14.440866 "" "" 2083.14648 2306.80054 15544.93879 7.8825 6411.9 14.581 13268.0 23.064 "" "" 0.002809786147360515 0.0037257369 0.004224433 0.00795017 8.35819555092 63.37872397927 2190.22266 -0.132 -0.16500000000000004
8.17344013721 63.30478117549 0.0156 0.0193 2.7645 "" "" 430874078378902400 2223.85913 0.4156 0.0228 -1.534 1.48 0.022 0.026 0.984 5029.3 3.0573 15.213456 1.638861 15.986925 14.348064 "" "" 2110.25757 2349.57861 15472.63544 4.5767 5503.6 8.5988 14452.0 11.123 "" "" 0.002773973484424682 0.003265371 0.0038706611 0.007136032 8.17344013721 63.30478117549 2223.85913 -1.5340000000000003 1.4800000000000002
