Clusters/NGC_2384/NGC_2384_stars_in_region.tsv
# %ECSV 1.0
# ---
# datatype:
# - name: RA_ICRS_1
#   unit: deg
#   datatype: float64
#   format: '{:15.11f}'
#   description: Right ascension (ICRS) at Ep=2016.0 (ra)
#   meta: !!omap
#   - {ucd: POS_EQ_RA_MAIN}
#   - {width: 15}
#   - {precision: '11'}
# - name: DE_ICRS_1
#   unit: deg
#   datatype: float64
#   format: '{:15.11f}'
#   description: Declination (ICRS) at Ep=2016.0 (dec)
#   meta: !!omap
#   - {ucd: POS_EQ_DEC_MAIN}
#   - {width: 15}
#   - {precision: '11'}
# - name: e_RA_ICRS
#   unit: mas
#   datatype: float64
#   format: '{:7.4f}'
#   description: Standard error of right ascension (ra_error)
#   meta: !!omap
#   - {ucd: ERROR}
#   - {width: 7}
#   - {precision: '4'}
# - name: e_DE_ICRS
#   unit: mas
#   datatype: float64
#   format: '{:7.4f}'
#   description: Standard error of declination (dec_error)
#   meta: !!omap
#   - {ucd: ERROR}
#   - {width: 7}
#   - {precision: '4'}
# - name: _r_1
#   unit: ''
#   datatype: float64
#   format: '{:7.4f}'
#   description: Distance from center (111.29130623000-21.02110607000)[ICRS], at Epoch=J2016.0
#   meta: !!omap
#   - {ucd: POS_ANG_DIST_GENERAL}
#   - {width: 7}
#   - {precision: '4'}
# - name: HIP
#   datatype: int32
#   description: '? HIP cross-id number, van Leeuwen, Cat. I/311 (hip_original_ext_source_id)'
#   meta: !!omap
#   - {ucd: ID_NUMBER}
#   - {width: 6}
#   - values: {'null': -2147483648}
# - name: TYC2
#   datatype: string
#   description: Tycho-2 cross-id name, Hog et al., Cat. I/259 (tyc2_original_ext_source_id)
#   meta: !!omap
#   - {ucd: ID_CROSSID}
#   - {_votable_string_dtype: char}
# - name: Source
#   datatype: int64
#   description: Source identifier, identical to the Gaia-EDR3 source_id (id)
#   meta: !!omap
#   - {ucd: ID_MAIN}
#   - {width: 19}
# - name: rgeo
#   unit: pc
#   datatype: float64
#   format: '{:15.8f}'
#   description: '? Median of the geometric distance posterior (r_med_geo)'
#   meta: !!omap
#   - {ucd: PHYS_DISTANCE_TRUE}
#   - {width: 15}
#   - {precision: '8'}
#   - values: {'null': .nan}
# - name: Plx
#   unit: mas
#   datatype: float64
#   format: '{:9.4f}'
#   description: '? Parallax (parallax)'
#   meta: !!omap
#   - {ucd: POS_PARLX_TRIG}
#   - {width: 9}
#   - {precision: '4'}
#   - values: {'null': .nan}
# - name: e_Plx
#   unit: mas
#   datatype: float32
#   format: '{:7.4f}'
#   description: '? Standard error of parallax (parallax_error)'
#   meta: !!omap
#   - {ucd: ERROR}
#   - {width: 7}
#   - {precision: '4'}
#   - values: {'null': .nan}
# - name: pmRA
#   unit: mas / yr
#   datatype: float64
#   format: '{:9.3f}'
#   description: '? Proper motion in right ascension direction, pmRA*cosDE (pmra)'
#   meta: !!omap
#   - {ucd: POS_EQ_PMRA}
#   - {width: 9}
#   - {precision: '3'}
#   - values: {'null': .nan}
# - name: pmDE
#   unit: mas / yr
#   datatype: float64
#   format: '{:9.3f}'
#   description: '? Proper motion in declination direction (pmdec)'
#   meta: !!omap
#   - {ucd: POS_EQ_PMDEC}
#   - {width: 9}
#   - {precision: '3'}
#   - values: {'null': .nan}
# - name: e_pmRA
#   unit: mas / yr
#   datatype: float32
#   format: '{:6.3f}'
#   description: '? Standard error of proper motion in right ascension direction (pmra_error)'
#   meta: !!omap
#   - {ucd: ERROR}
#   - {width: 6}
#   - {precision: '3'}
#   - values: {'null': .nan}
# - name: e_pmDE
[...]
#         value: !astropy.table.SerializedColumn {name: SkyCoord.dec}
#       distance: !astropy.table.SerializedColumn
#         __class__: astropy.coordinates.distances.Distance
#         unit: !astropy.units.Unit {unit: pc}
#         value: !astropy.table.SerializedColumn {name: SkyCoord.distance}
#       frame: icrs
#       obstime: !astropy.time.Time {format: jyear_str, in_subfmt: '*', jd1: 367701545.0, jd2: 0.0, out_subfmt: '*', precision: 3, scale: tt}
#       pm_dec: !astropy.table.SerializedColumn
#         __class__: astropy.units.quantity.Quantity
#         unit: !astropy.units.Unit {unit: mas / yr}
#         value: !astropy.table.SerializedColumn {name: SkyCoord.pm_dec}
#       pm_ra_cosdec: !astropy.table.SerializedColumn
#         __class__: astropy.units.quantity.Quantity
#         unit: !astropy.units.Unit {unit: mas / yr}
#         value: !astropy.table.SerializedColumn {name: SkyCoord.pm_ra_cosdec}
#       ra: !astropy.table.SerializedColumn
#         __class__: astropy.coordinates.angles.Longitude
#         unit: *id001
#         value: !astropy.table.SerializedColumn {name: SkyCoord.ra}
#         wrap_angle: !astropy.coordinates.Angle
#           unit: *id001
#           value: 360.0
#       representation_type: spherical
# schema: astropy-2.0
RA_ICRS_1 DE_ICRS_1 e_RA_ICRS e_DE_ICRS _r_1 HIP TYC2 Source rgeo Plx e_Plx pmRA pmDE e_pmRA e_pmDE RUWE Teff logg Gmag BP-RP BPmag RPmag RV e_RV b_rgeo B_rgeo FG e_FG FBP e_FBP FRP e_FRP RAVE5 RAVE6 e_Gmag e_BPmag e_RPmag e_BP-RP SkyCoord.ra SkyCoord.dec SkyCoord.distance SkyCoord.pm_ra_cosdec SkyCoord.pm_dec rmRA rmDE e_rmRA e_rmDE rRV e_rRV v_pec v_pec3d e_vpec e_vpec3d
[from data line 661]
111.19732260525 -20.86215174719 0.0192 0.0261 10.8948 "" "" 5619924647670797696 2196.57446 0.4268 0.037 -1.134 1.539 0.031 0.038 0.987 5793.8 4.4664 16.085075 0.999578 16.498272 15.498694 "" "" 2034.94678 2336.34717 6932.92914 2.3282 3436.4 7.0425 5008.2 6.6605 "" "" 0.0027793397435914697 0.0035687631 0.004045824 0.0076145874 111.19732260525 -20.86215174719 2196.57446 -1.1339999999999995 1.5389999999999997 1.1773460540771485 -1.6017692432403565 0.08903708 0.09603708 "" "" 20.69770599084083 "" 1.9381611398095195 ""
111.21846037032 -21.14101664978 0.0215 0.0279 8.2701 "" "" 5619904405477235840 2290.61499 0.4081 0.0366 -2.166 2.069 0.035 0.041 1.015 6928.5 4.4521 16.088774 0.907493 16.450811 15.543319 "" "" 2117.78882 2505.82373 6909.34676 2.3933 3590.0 8.3791 4806.5 8.6327 "" "" 0.0027808682673173507 0.0037691926 0.004252806 0.008021998 111.21846037032 -21.14101664978 2290.61499 -2.1660000000000004 2.069 0.1453460540771485 -1.0717692432403565 0.093037084 0.09903708 "" "" 11.743268569710835 "" 1.1617845120916428 ""
111.27240862745 -20.84429751994 0.0202 0.0269 10.6612 "" "" 5620299271897429760 2468.64673 0.392 0.0382 -2.822 3.052 0.033 0.042 1.024 6664.0 4.2984 16.089138 0.890074 16.444979 15.554905 "" "" 2230.53833 2726.4646 6907.03428 2.219 3609.3 7.5312 4755.5 7.6747 "" "" 0.0027773113658584514 0.0035941023 0.0041658147 0.007759917 111.27240862745 -20.84429751994 2468.64673 -2.8219999999999996 3.051999999999999 -0.5106539459228516 -0.0887692432403564 0.09103708 0.10003708 "" "" 6.064969669231627 "" 0.5538148027315747 ""
111.4336278645 -21.08784258365 0.0241 0.0301 8.9186 "" "" 5619858951848981248 2877.40771 0.3266 0.0426 -2.178 2.958 0.038 0.043 1.21 6261.6 4.4798 16.091475 0.842159 16.35082 15.508661 "" "" 2551.0957 3243.64307 6892.17946 3.5015 3936.3 28.205 4962.4 17.085 "" "" 0.002809990852699554 0.008264902 0.005315722 0.013580624 111.4336278645 -21.08784258365 2877.40771 -2.178 2.958 0.1333460540771485 -0.18276924324035626 0.09603708 0.101037085 "" "" 3.085704613625466 "" 0.30649900656995044 ""
111.09827474286 -21.1228140172 0.0207 0.0285 12.4113 "" "" 5619902485639791872 2665.36719 0.3503 0.039 -1.997 2.713 0.035 0.039 0.97 6585.3 4.3574 16.095081 1.106789 16.55909 15.452301 "" "" 2394.3335 3063.21216 6869.32628 2.5682 3249.2 8.0671 5226.8 8.3337 "" "" 0.002785060029832396 0.003879644 0.004156981 0.008036625 111.09827474286 -21.1228140172 2665.36719 -1.9970000000000012 2.713000000000002 0.31434605407714833 -0.42776924324035637 0.093037084 0.097037084 "" "" 6.706653331385958 "" 0.6415150344831154 ""
111.43005548045 -20.78724950976 0.021 0.0271 16.0425 "" "" 5620289788609447680 2781.18604 0.3343 0.04 -0.698 -0.294 0.034 0.042 0.99 5958.5 4.4605 16.095354 1.027074 16.516808 15.489734 "" "" 2482.09766 3064.38574 6867.60436 2.5935 3378.3 7.5883 5049.7 9.4459 "" "" 0.002785660781693319 0.0037057577 0.0042905174 0.007996275 111.43005548045 -20.78724950976 2781.18604 -0.6980000000000001 -0.294 1.6133460540771485 -3.4347692432403565 0.09203708 0.10003708 "" "" 50.02620389944914 "" 4.934541669632501 ""
111.55229925469 -21.16030134533 0.0275 0.0327 16.8291 "" "" 5619854519442670336 2398.12598 0.3856 0.0465 -3.089 3.899 0.042 0.048 1.246 5726.1 4.4876 16.099272 1.022717 16.511559 15.488842 "" "" 2167.46753 2661.50635 6842.86868 3.3573 3394.6 9.2225 5053.8 7.4438 "" "" 0.002806341083433095 0.0040603005 0.0041037966 0.008164097 111.55229925469 -21.16030134533 2398.12598 -3.088999999999997 3.8989999999999996 -0.7776539459228515 0.7582307567596436 0.10003708 0.10603708 "" "" 12.346068374347912 "" 1.2717053509421712 ""
111.26879693159 -21.00677181815 0.0215 0.0286 1.5262 "" "" 5619910010422264320 2649.45312 0.3461 0.0356 -1.545 3.993 0.033 0.045 1.004 7060.5 4.4503 16.10058 0.968435 16.4946 15.526165 "" "" 2426.47485 2956.03662 6834.62391 2.6169 3448.1 10.709 4883.1 10.567 "" "" 0.0027865048419421874 0.004376726 0.004450169 0.008826895 111.26879693159 -21.00677181815 2649.45312 -1.545 3.9930000000000003 0.7663460540771485 0.8522307567596434 0.09103708 0.10303709 "" "" 14.393401151557304 "" 1.4084532644725707 ""
111.16741027476 -20.97127743605 0.0389 0.0591 7.5568 "" "" 5619921383489853184 2206.8606 0.4373 0.055 0.519 -6.309 0.064 0.096 0.964 "" "" 16.102163 "" "" "" "" "" 1984.7135 2538.94678 6824.6687 5.2378 "" "" "" "" "" "" 0.002878566867732043 "" "" "" 111.16741027476 -20.97127743605 2206.8606 0.5190000000000001 -6.309000000000001 2.8303460540771486 -9.449769243240357 0.12203708 0.15403709 "" "" 103.18812997766408 "" 15.64930375919997 ""
111.48904788324 -21.23196565361 0.0206 0.0267 16.809 "" "" 5619853626089554560 2441.27954 0.3748 0.0371 -2.308 1.052 0.033 0.041 1.034 6090.8 4.4193 16.10573 1.044485 16.538525 15.49404 "" "" 2261.08423 2651.62109 6802.27891 2.4133 3311.4 9.9383 5029.7 6.215 "" "" 0.0027821151953580565 0.0042898967 0.004010439 0.008300336 111.48904788324 -21.23196565361 2441.27954 -2.307999999999999 1.052 0.003346054077148608 -2.0887692432403564 0.09103708 0.09903708 "" "" 24.170568998824187 "" 2.3937821236662256 ""
111.46795364996 -21.03692563493 0.0202 0.0258 9.9384 "" "" 5620281370473820800 2713.02979 0.3485 0.0358 -1.182 1.412 0.032 0.038 0.97 "" "" 16.106329 1.015279 16.527163 15.511884 "" "" 2417.47168 3001.08057 6798.53777 2.3181 3346.2 6.4151 4947.7 6.5828 "" "" 0.0027800791912020333 0.0034810458 0.0040460406 0.0075270864 111.46795364996 -21.03692563493 2713.02979 -1.1820000000000002 1.4120000000000008 1.1293460540771485 -1.7287692432403565 0.090037085 0.09603708 "" "" 26.55491057153526 "" 2.5036622625465816 ""
111.46621745242 -21.19341159793 0.0208 0.0258 14.2385 "" "" 5619856958984176128 2639.80005 0.3634 0.0366 -4.763 0.038 0.032 0.037 1.012 6049.9 4.3859 16.109665 1.098759 16.571962 15.473204 "" "" 2391.23511 2922.61938 6777.68156 2.3209 3210.9 8.1751 5127.2 6.2245 "" "" 0.0027802910634404337 0.0039276704 0.0040026386 0.007930309 111.46621745242 -21.19341159793 2639.80005 -4.763 0.037999999999999944 -2.4516539459228515 -3.1027692432403566 0.090037085 0.09503709 "" "" 49.48083047433684 "" 4.608992155138236 ""
111.35992167904 -20.87442065168 0.021 0.027 9.6043 "" "" 5620287383427889408 2374.91748 0.3888 0.0384 -3.143 5.39 0.035 0.042 0.968 6112.1 4.539 16.114668 0.945168 16.500206 15.555037 "" "" 2133.53101 2620.91675 6746.5179 2.3558 3430.3 9.4186 4754.9 6.793 "" "" 0.002781281282271283 0.004083147 0.004085302 0.008168449 111.35992167904 -20.87442065168 2374.91748 -3.143 5.390000000000002 -0.8316539459228514 2.2492307567596432 0.093037084 0.10003708 "" "" 26.995211944574265 "" 2.6785002036852625 ""
111.23444680323 -21.07736979114 0.0201 0.0272 4.6404 "" "" 5619907983197792896 2815.95532 0.3275 0.0351 -2.306 3.135 0.032 0.042 1.014 "" "" 16.115282 1.135617 16.597082 15.461465 "" "" 2587.97485 3090.63867 6742.70016 2.3444 3137.5 8.4486 5182.9 7.2237 "" "" 0.0027810607784684443 0.0040413826 0.004071076 0.0081124585 111.23444680323 -21.07736979114 2815.95532 -2.305999999999999 3.1350000000000002 0.005346054077148388 -0.0057692432403566585 0.090037085 0.10003708 "" "" 0.10498438797121501 "" 0.010030987103467667 ""
111.25334294531 -21.19286283087 0.022 0.03 10.5222 "" "" 5619903275913997056 2498.46436 0.3738 0.0397 -1.058 -2.214 0.037 0.046 1.025 6341.3 4.4341 16.12185 1.146974 16.61219 15.465217 "" "" 2290.20703 2782.47021 6702.04182 2.2696 3094.1 7.7827 5165.0 7.3779 "" "" 0.0027797438344283124 0.0039042744 0.0040852237 0.007989498 111.25334294531 -21.19286283087 2498.46436 -1.058 -2.214 1.2533460540771484 -5.354769243240357 0.09503709 0.10403708 "" "" 65.12896884388404 "" 6.746637157964531 ""
111.12408257998 -20.83021680759 0.0198 0.0264 14.7989 "" "" 5619928010621599488 2384.39478 0.3932 0.037 -2.917 3.051 0.032 0.039 0.962 6619.9 4.4975 16.122433 0.885971 16.46877 15.582798 "" "" 2182.00049 2611.66235 6698.44398 2.3461 3531.1 7.804 4634.9 10.794 "" "" 0.0027814381006048437 0.0036800725 0.0045472123 0.008227285 111.12408257998 -20.83021680759 2384.39478 -2.917 3.051000000000001 -0.6056539459228514 -0.08976924324035629 0.090037085 0.097037084 "" "" 6.919900827939642 "" 0.6241285167653338 ""
111.41761040339 -21.15173432391 0.0233 0.0275 10.5558 "" "" 5619858058495821568 2963.93335 0.3083 0.0379 -2.639 0.618 0.036 0.039 1.04 6124.8 4.2611 16.126106 1.264074 16.676262 15.412188 "" "" 2608.80835 3295.7356 6675.81715 2.6229 2916.8 7.1804 5423.5 7.733 "" "" 0.0027881464868566084 0.0038637936 0.004084149 0.007947942 111.41761040339 -21.15173432391 2963.93335 -2.638999999999998 0.618 -0.32765394592285135 -2.5227692432403566 0.094037086 0.097037084 "" "" 35.74017657818821 "" 3.466370940333844 ""
111.39295536015 -20.95731258167 0.0199 0.026 6.8611 "" "" 5620282813582703872 2325.40625 0.4039 0.0356 -1.38 2.738 0.032 0.04 1.027 6057.7 4.5118 16.12663 0.892646 16.490965 15.598319 "" "" 2148.52271 2525.97266 6672.58595 2.2179 3459.6 7.1721 4569.1 9.2291 "" "" 0.0027788539640171304 0.0035848755 0.0043695876 0.007954463 111.39295536015 -20.95731258167 2325.40625 -1.3799999999999994 2.7379999999999995 0.9313460540771485 -0.40276924324035646 0.090037085 0.09803708 "" "" 11.184522878952404 "" 1.0216394428808453 ""
111.33173504113 -21.07210331373 0.0205 0.0269 3.8063 "" "" 5619906437009882368 2721.14111 0.3478 0.0372 1.012 2.814 0.033 0.041 0.966 6360.6 4.4798 16.126827 0.993167 16.532345 15.539178 "" "" 2485.88232 3052.93286 6671.38479 2.2204 3330.3 8.8503 4824.9 7.3936 "" "" 0.0027789152819506645 0.004013765 0.0041293874 0.008143153 111.33173504113 -21.07210331373 2721.14111 1.012 2.814 3.3233460540771484 -0.3267692432403564 0.09103708 0.09903708 "" "" 43.07192095775548 "" 3.924584774645666 ""
111.55048842003 -21.07881132676 0.0205 0.0261 14.9205 "" "" 5620233301197717248 2805.37329 0.3306 0.0368 -0.411 1.678 0.032 0.038 0.99 7131.8 4.3986 16.127756 0.87561 16.476349 15.600739 "" "" 2581.23291 3069.49634 6665.67969 2.2934 3506.5 9.1569 4558.9 7.8818 "" "" 0.0027805280152410254 0.0039779353 0.004219866 0.008197801 111.55048842003 -21.07881132676 2805.37329 -0.411 1.6780000000000002 1.9003460540771484 -1.4627692432403565 0.090037085 0.09603708 "" "" 31.889008953439124 "" 2.9438332841313586 ""
111.26340022592 -21.16222977041 0.0215 0.0267 8.6103 "" "" 5619903482072418304 2269.20728 0.4136 0.0351 0.77 0.635 0.035 0.039 1.001 5846.4 4.5137 16.130371 0.99407 16.537067 15.542997 "" "" 2088.65576 2519.99414 6649.64112 2.3647 3315.8 11.763 4807.9 9.0713 "" "" 0.0027822408632498215 0.0047561275 0.004298852 0.009054979 111.26340022592 -21.16222977041 2269.20728 0.77 0.635 3.0813460540771485 -2.5057692432403567 0.093037084 0.097037084 "" "" 42.7186529845582 "" 4.043303050678642 ""
111.16033699809 -21.0511591098 0.0212 0.0285 7.5528 "" "" 5619908739112093568 2742.7395 0.3381 0.0371 -1.324 0.127 0.034 0.04 0.948 6376.3 4.4065 16.131762 1.242369 16.654575 15.412207 "" "" 2496.34595 3038.35083 6641.12658 2.3506 2975.7 8.4689 5423.4 10.543 "" "" 0.002781990240700517 0.004163329 0.0043288087 0.008492138 111.16033699809 -21.0511591098 2742.7395 -1.3239999999999994 0.127 0.9873460540771484 -3.0137692432403567 0.09203708 0.09803708 "" "" 41.22980864878336 "" 4.018738992134206 ""
111.32336484053 -21.22596840222 0.0212 0.0266 12.422 "" "" 5619855928192138624 2848.12622 0.3383 0.0358 -0.476 1.23 0.032 0.037 0.971 7062.9 4.4475 16.136992 0.96496 16.531006 15.566046 "" "" 2608.65234 3139.27759 6609.21552 2.4328 3334.4 9.2064 4707.0 7.4705 "" "" 0.0027841534153478253 0.0040953136 0.0041536805 0.008248994 111.32336484053 -21.22596840222 2848.12622 -0.4760000000000001 1.2299999999999995 1.8353460540771485 -1.9107692432403565 0.090037085 0.09503709 "" "" 35.767758288912546 "" 3.3146477734018878 ""
111.39104593141 -20.88159799858 0.0206 0.0261 10.0647 "" "" 5620286661873356416 2158.46704 0.4371 0.037 2.364 -2.288 0.033 0.041 0.953 "" "" 16.138748 1.152025 16.629608 15.477583 "" "" 1966.39905 2358.4458 6598.53566 2.1877 3044.9 7.4753 5106.5 6.6812 "" "" 0.0027787347373485934 0.0038587535 0.004037534 0.007896287 111.39104593141 -20.88159799858 2158.46704 2.363999999999998 -2.288 4.675346054077148 -5.428769243240357 0.09103708 0.09903708 "" "" 73.30119778106044 "" 7.015810865509184 ""
111.33758485038 -20.77549160416 0.0206 0.0285 14.9634 "" "" 5620301402201106816 2694.10132 0.3552 0.0413 -3.051 4.485 0.035 0.046 1.028 "" "" 16.139868 1.44793 16.802252 15.354321 "" "" 2366.54639 3060.81982 6591.73226 2.3315 2597.3 7.4195 5720.4 8.9694 "" "" 0.002781953463661942 0.0041718786 0.004145104 0.008316983 111.33758485038 -20.77549160416 2694.10132 -3.051 4.485 -0.7396539459228517 1.3442307567596439 0.093037084 0.10403708 "" "" 19.59293875269519 "" 1.990386748956241 ""
111.14748310222 -20.94235313629 0.0231 0.0292 9.3406 "" "" 5619923135842421376 2054.59863 0.4541 0.0389 0.888 1.929 0.036 0.039 0.994 5019.8 4.3561 16.145538 1.219921 16.671976 15.452055 "" "" 1893.14563 2213.42969 6557.39972 3.5633 2928.4 11.108 5228.0 13.279 "" "" 0.0028177789458566672 0.004974572 0.0046785558 0.009653128 111.14748310222 -20.94235313629 2054.59863 0.8879999999999999 1.929 3.1993460540771483 -1.2117692432403564 0.094037086 0.097037084 "" "" 33.3177910852609 "" 3.1458221449741743 ""
111.58572958966 -20.93417567997 0.0203 0.0271 17.2996 "" "" 5620237046409088256 2255.87866 0.4145 0.0406 -0.931 0.621 0.033 0.039 0.997 "" "" 16.148222 0.982321 16.554169 15.571848 "" "" 2091.05054 2452.07617 6541.21119 2.2483 3264.0 8.1154 4681.9 8.5857 "" "" 0.0027804773042263368 0.0038823157 0.0042717597 0.008154076 111.58572958966 -20.93417567997 2255.87866 -0.931 0.621 1.3803460540771484 -2.5197692432403564 0.09103708 0.097037084 "" "" 30.72146280388431 "" 2.9395999464372062 ""
111.37461361627 -20.78217719502 0.0212 0.0285 15.0771 "" "" 5620301230402377216 2251.81519 0.4066 0.0409 -3.649 2.148 0.037 0.046 1.013 4746.0 4.1578 16.14872 1.448422 16.810268 15.361846 "" "" 2036.94727 2465.07397 6538.20783 2.2037 2578.2 7.9087 5680.9 9.0598 "" "" 0.002779515519964789 0.0043448186 0.0041571464 0.008501966 111.37461361627 -20.78217719502 2251.81519 -3.6490000000000005 2.1480000000000006 -1.3376539459228516 -0.9927692432403563 0.09503709 0.10403708 "" "" 17.780151086047745 "" 1.7482881232076766 ""
111.06134130212 -20.86159028871 0.0206 0.0257 16.0519 "" "" 5619927533889394816 2382.41748 0.4025 0.0381 -0.361 0.965 0.033 0.034 0.97 6337.7 4.4882 16.15131 1.00032 16.555532 15.555212 "" "" 2156.24414 2609.29492 6522.63216 2.2458 3259.9 9.0569 4754.2 10.823 "" "" 0.0027805641908640313 0.004109035 0.00451586 0.008624895 111.06134130212 -20.86159028871 2382.41748 -0.361 0.965 1.9503460540771484 -2.1757692432403566 0.09103708 0.09203708 "" "" 32.99664198778422 "" 3.0222581318738815 ""
111.55387965613 -20.90546907492 0.038 0.0485 16.2656 "" "" 5620284256684068736 2308.34448 0.4377 0.064 -1.808 1.319 0.068 0.068 1.312 "" "" 16.152786 0.680317 15.800328 15.120011 "" "" 1990.97961 2671.05981 6513.76399 14.553 6535.6 144.0 7098.3 116.8 "" "" 0.0036709697874949543 0.024084378 0.018260786 0.042345166 111.55387965613 -20.90546907492 2308.34448 -1.8079999999999994 1.319 0.5033460540771484 -1.8217692432403565 0.12603709 0.12603709 "" "" 20.679825547989072 "" 2.606425054802812 ""
111.12849234172 -21.23906288123 0.0223 0.0283 15.9389 "" "" 5619897572197473920 2319.97583 0.4022 0.0385 -1.424 0.63 0.035 0.039 1.017 6358.7 4.4917 16.158813 1.066085 16.606606 15.540521 "" "" 2131.86401 2546.50708 6477.70979 2.3042 3110.1 6.8224 4818.9 6.6795 "" "" 0.002782255772986028 0.0036684526 0.004067995 0.0077364477 111.12849234172 -21.23906288123 2319.97583 -1.4240000000000002 0.6300000000000007 0.8873460540771485 -2.5107692432403566 0.093037084 0.097037084 "" "" 29.283711249635815 "" 2.8288393485606544 ""
