Clusters/NGC_2384/NGC_2384_stars_in_region.tsv
# %ECSV 1.0
# ---
# datatype:
# - name: RA_ICRS_1
#   unit: deg
#   datatype: float64
#   format: '{:15.11f}'
#   description: Right ascension (ICRS) at Ep=2016.0 (ra)
#   meta: !!omap
#   - {ucd: POS_EQ_RA_MAIN}
#   - {width: 15}
#   - {precision: '11'}
# - name: DE_ICRS_1
#   unit: deg
#   datatype: float64
#   format: '{:15.11f}'
#   description: Declination (ICRS) at Ep=2016.0 (dec)
#   meta: !!omap
#   - {ucd: POS_EQ_DEC_MAIN}
#   - {width: 15}
#   - {precision: '11'}
# - name: e_RA_ICRS
#   unit: mas
#   datatype: float64
#   format: '{:7.4f}'
#   description: Standard error of right ascension (ra_error)
#   meta: !!omap
#   - {ucd: ERROR}
#   - {width: 7}
#   - {precision: '4'}
# - name: e_DE_ICRS
#   unit: mas
#   datatype: float64
#   format: '{:7.4f}'
#   description: Standard error of declination (dec_error)
#   meta: !!omap
#   - {ucd: ERROR}
#   - {width: 7}
#   - {precision: '4'}
# - name: _r_1
#   unit: ''
#   datatype: float64
#   format: '{:7.4f}'
#   description: Distance from center (111.29130623000-21.02110607000)[ICRS], at Epoch=J2016.0
#   meta: !!omap
#   - {ucd: POS_ANG_DIST_GENERAL}
#   - {width: 7}
#   - {precision: '4'}
# - name: HIP
#   datatype: int32
#   description: '? HIP cross-id number, van Leeuwen, Cat. I/311 (hip_original_ext_source_id)'
#   meta: !!omap
#   - {ucd: ID_NUMBER}
#   - {width: 6}
#   - values: {'null': -2147483648}
# - name: TYC2
#   datatype: string
#   description: Tycho-2 cross-id name, Hog et al., Cat. I/259 (tyc2_original_ext_source_id)
#   meta: !!omap
#   - {ucd: ID_CROSSID}
#   - {_votable_string_dtype: char}
# - name: Source
#   datatype: int64
#   description: Source identifier, identical to the Gaia-EDR3 source_id (id)
#   meta: !!omap
#   - {ucd: ID_MAIN}
#   - {width: 19}
# - name: rgeo
#   unit: pc
#   datatype: float64
#   format: '{:15.8f}'
#   description: '? Median of the geometric distance posterior (r_med_geo)'
#   meta: !!omap
#   - {ucd: PHYS_DISTANCE_TRUE}
#   - {width: 15}
#   - {precision: '8'}
#   - values: {'null': .nan}
# - name: Plx
#   unit: mas
#   datatype: float64
#   format: '{:9.4f}'
#   description: '? Parallax (parallax)'
#   meta: !!omap
#   - {ucd: POS_PARLX_TRIG}
#   - {width: 9}
#   - {precision: '4'}
#   - values: {'null': .nan}
# - name: e_Plx
#   unit: mas
#   datatype: float32
#   format: '{:7.4f}'
#   description: '? Standard error of parallax (parallax_error)'
#   meta: !!omap
#   - {ucd: ERROR}
#   - {width: 7}
#   - {precision: '4'}
#   - values: {'null': .nan}
# - name: pmRA
#   unit: mas / yr
#   datatype: float64
#   format: '{:9.3f}'
#   description: '? Proper motion in right ascension direction, pmRA*cosDE (pmra)'
#   meta: !!omap
#   - {ucd: POS_EQ_PMRA}
#   - {width: 9}
#   - {precision: '3'}
#   - values: {'null': .nan}
# - name: pmDE
#   unit: mas / yr
#   datatype: float64
#   format: '{:9.3f}'
#   description: '? Proper motion in declination direction (pmdec)'
#   meta: !!omap
#   - {ucd: POS_EQ_PMDEC}
#   - {width: 9}
#   - {precision: '3'}
#   - values: {'null': .nan}
# - name: e_pmRA
#   unit: mas / yr
#   datatype: float32
#   format: '{:6.3f}'
#   description: '? Standard error of proper motion in right ascension direction (pmra_error)'
#   meta: !!omap
#   - {ucd: ERROR}
#   - {width: 6}
#   - {precision: '3'}
#   - values: {'null': .nan}
# - name: e_pmDE
[...]
#         value: !astropy.table.SerializedColumn {name: SkyCoord.dec}
#       distance: !astropy.table.SerializedColumn
#         __class__: astropy.coordinates.distances.Distance
#         unit: !astropy.units.Unit {unit: pc}
#         value: !astropy.table.SerializedColumn {name: SkyCoord.distance}
#       frame: icrs
#       obstime: !astropy.time.Time {format: jyear_str, in_subfmt: '*', jd1: 367701545.0, jd2: 0.0, out_subfmt: '*', precision: 3, scale: tt}
#       pm_dec: !astropy.table.SerializedColumn
#         __class__: astropy.units.quantity.Quantity
#         unit: !astropy.units.Unit {unit: mas / yr}
#         value: !astropy.table.SerializedColumn {name: SkyCoord.pm_dec}
#       pm_ra_cosdec: !astropy.table.SerializedColumn
#         __class__: astropy.units.quantity.Quantity
#         unit: !astropy.units.Unit {unit: mas / yr}
#         value: !astropy.table.SerializedColumn {name: SkyCoord.pm_ra_cosdec}
#       ra: !astropy.table.SerializedColumn
#         __class__: astropy.coordinates.angles.Longitude
#         unit: *id001
#         value: !astropy.table.SerializedColumn {name: SkyCoord.ra}
#         wrap_angle: !astropy.coordinates.Angle
#           unit: *id001
#           value: 360.0
#       representation_type: spherical
# schema: astropy-2.0
RA_ICRS_1 DE_ICRS_1 e_RA_ICRS e_DE_ICRS _r_1 HIP TYC2 Source rgeo Plx e_Plx pmRA pmDE e_pmRA e_pmDE RUWE Teff logg Gmag BP-RP BPmag RPmag RV e_RV b_rgeo B_rgeo FG e_FG FBP e_FBP FRP e_FRP RAVE5 RAVE6 e_Gmag e_BPmag e_RPmag e_BP-RP SkyCoord.ra SkyCoord.dec SkyCoord.distance SkyCoord.pm_ra_cosdec SkyCoord.pm_dec rmRA rmDE e_rmRA e_rmDE rRV e_rRV v_pec v_pec3d e_vpec e_vpec3d
111.55568370996 -20.90625415903 0.0107 0.0137 16.3371 36101 5978-3678-1 5620284256691515648 2129.1687 0.4523 0.0204 -2.039 2.105 0.018 0.02 0.89 "" "" 7.119031 0.276941 7.195928 6.918986 48.98 0.3 2044.23779 2250.19287 26750668.15734 7224.9 18074000.0 12710.0 13538000.0 14939.0 "" "" 0.0027708804418732167 0.0028927492 0.0039647394 0.0068574883 111.55568370996 -20.90625415903 2129.1687 -2.039 2.105 0.2723460540771483 -1.0357692432403565 0.07603708 0.07803708 "" "" 10.808571183771566 "" 0.8420882332989595 ""
111.28318160808 -21.17384207056 0.0225 0.0254 9.1754 35997 5978-3679-1 5619903241555119744 2351.96631 0.3997 0.0358 -2.402 3.186 0.037 0.04 0.921 7696.1 2.243 7.126149 0.204556 7.074289 6.869734 57.53 10.86 2190.76343 2546.13428 26575844.80888 23709.0 20216000.0 313800.0 14167000.0 227310.0 "" "" 0.002920616591738364 0.01708259 0.017825926 0.03490852 111.28318160808 -21.17384207056 2351.96631 -2.4019999999999997 3.1860000000000004 -0.0906539459228517 0.0452307567596435 0.09503709 0.09803708 "" "" 1.1294497097947838 "" 0.10802345910135544 ""
111.28339000407 -21.17339611154 0.0294 0.034 9.1481 "" 5978-3679-2 5619903241548935808 2384.5415 0.4023 0.0445 -2.582 3.451 0.05 0.049 1.085 16452.6 3.4067 8.052767 0.165256 7.753128 7.587873 "" "" 2176.93921 2709.00537 11319832.15853 11432.0 10818000.0 898560.0 7311500.0 534360.0 "" "" 0.0029654830952406262 0.0902261 0.07944084 0.16966695 111.28339000407 -21.17339611154 2384.5415 -2.581999999999997 3.4509999999999987 -0.2706539459228514 0.3102307567596436 0.108037084 0.10703708 "" "" 4.653329715982384 "" 0.5000952420349285 ""
111.25832656216 -21.15905750495 0.0143 0.0181 8.4805 "" 5978-1770-1 5619903482072419712 2514.44751 0.3815 0.0251 -2.346 3.146 0.023 0.026 0.962 19777.3 3.4309 8.24764 0.114729 8.264613 8.149884 "" "" 2363.03906 2694.24829 9459993.72701 4123.3 6754200.0 6689.0 4357200.0 4561.1 "" "" 0.0027956649207653466 0.0029901876 0.003946576 0.0069367634 111.25832656216 -21.15905750495 2514.44751 -2.3460000000000023 3.146 -0.03465394592285165 0.005230756759643462 0.08103708 0.08403708 "" "" 0.4177009870191928 "" 0.0338776880885643 ""
111.30116168323 -21.02394952781 0.0129 0.0166 0.5777 "" 5978-3271-1 5619909769904079360 2511.69604 0.3818 0.0219 -2.292 3.16 0.02 0.024 0.901 23401.3 3.6032 8.559713 0.046205 8.546749 8.500545 "" "" 2381.96216 2656.28101 7096780.66622 5698.9 5208600.0 6022.3 3154600.0 4719.9 "" "" 0.0028899748084455696 0.0030595683 0.0041137137 0.007173282 111.30116168323 -21.02394952781 2511.69604 -2.292 3.16 0.019346054077148622 0.019230756759643697 0.07803708 0.082037084 "" "" 0.32475712339094354 "" 0.02599684535215731 ""
111.17060758511 -20.78981579593 0.0072 0.0095 15.4386 "" 5978-1673-1 5620303528200859008 2119.6416 0.451 0.0135 -0.769 -0.304 0.012 0.014 1.106 "" "" 9.043864 1.278213 9.607276 8.329062 34.84 0.16 2064.8374 2166.5979 4543608.37802 538.08 1961100.0 666.3 3694300.0 851.21 "" "" 0.002758318687615263 0.0028144496 0.0037876524 0.006602102 111.17060758511 -20.78981579593 2119.6416 -0.769 -0.30399999999999966 1.5423460540771483 -3.4447692432403563 0.07003708 0.072037086 "" "" 37.92067550508411 "" 2.719177239276843 ""
111.25475793685 -21.01998132638 0.0153 0.021 2.0481 "" 5978-3129-1 5619909903038471296 2072.79199 0.469 0.028 -2.204 3.158 0.024 0.031 1.283 19855.4 3.7377 9.061711 0.088155 9.034147 8.945992 "" "" 1970.42822 2215.73022 4469533.61795 1441.4 3324700.0 3890.8 2093000.0 1690.1 "" "" 0.002777479105579141 0.0030658583 0.0038797408 0.006945599 111.25475793685 -21.01998132638 2072.79199 -2.204 3.158000000000002 0.10734605407714826 0.017230756759643473 0.082037084 0.08903708 "" "" 1.068179322366604 "" 0.08782592630854734 ""
111.25445448267 -21.01876667331 0.0114 0.0137 2.0687 "" 5978-3129-2 5619909907343072896 2333.30151 0.4116 0.0189 -2.345 3.273 0.019 0.02 0.951 21980.1 3.7456 9.549203 0.105524 9.565157 9.459633 "" "" 2235.66406 2433.28369 2852762.32051 745.88 2038700.0 1264.3 1304100.0 461.57 "" "" 0.0027699051648207716 0.0028702626 0.0037988683 0.006669131 111.25445448267 -21.01876667331 2333.30151 -2.3449999999999998 3.273 -0.03365394592285176 0.1322307567596437 0.07703708 0.07803708 "" "" 1.509074212382715 "" 0.11767249884000605 ""
111.18242532319 -20.93772259681 0.0096 0.0129 7.8891 "" 5978-1707-1 5619923204561849856 2301.34644 0.4214 0.0176 -2.241 2.361 0.016 0.019 0.851 16607.1 3.4424 9.880077 0.102567 9.900444 9.797877 "" "" 2216.83472 2368.55908 2103369.87274 531.72 1497100.0 574.63 955010.0 279.11 "" "" 0.0027689568541488345 0.00282112 0.0037926794 0.0066137994 111.18242532319 -20.93772259681 2301.34644 -2.2409999999999997 2.3610000000000015 0.07034605407714833 -0.7797692432403562 0.07403708 0.07703708 "" "" 8.540564092127747 "" 0.6577372848715627 ""
111.44644498006 -20.95891860907 0.0133 0.0167 9.4578 "" "" 5620282985381341696 2752.37207 0.3503 0.0212 -2.286 3.177 0.022 0.025 1.036 25131.8 3.9346 9.910706 0.101506 9.907502 9.805996 "" "" 2574.71289 2918.10498 2044864.83478 886.84 1487400.0 1756.7 947890.0 5901.3 "" "" 0.002795265997551783 0.0030707289 0.0077443174 0.010815047 111.44644498006 -20.95891860907 2752.37207 -2.2859999999999996 3.177 0.025346054077148406 0.0362307567596436 0.08003709 0.083037086 "" "" 0.5768579501867295 "" 0.04733893387257336 ""
111.30575886101 -21.03207470571 0.0099 0.0127 1.0432 "" 5978-3329-1 5619906810662019840 2482.34351 0.3868 0.0175 -2.319 3.18 0.017 0.019 0.86 20416.1 3.582 10.076073 0.072337 10.083757 10.01142 "" "" 2384.83398 2569.0769 1755971.7329 416.77 1264500.0 596.43 784490.0 173.86 "" "" 0.0027673444442309794 0.0028367774 0.003787034 0.006623811 111.30575886101 -21.03207470571 2482.34351 -2.319 3.18 -0.007653945922851513 0.039230756759643715 0.075037085 0.07703708 "" "" 0.47030438353241505 "" 0.036196817996168404 ""
111.27182711986 -21.01264033666 0.0097 0.013 1.2034 "" 5978-2970-1 5619910010422265216 2564.77271 0.376 0.0171 -2.32 3.168 0.015 0.019 0.925 18793.9 3.4098 10.197497 0.142735 10.231812 10.089077 "" "" 2448.77319 2661.90479 1570173.43637 409.17 1103300.0 522.29 730340.0 238.95 "" "" 0.002769808536771566 0.0028371145 0.0037960391 0.0066331537 111.27182711986 -21.01264033666 2564.77271 -2.32 3.168 -0.008653945922851403 0.027230756759643704 0.07303708 0.07703708 "" "" 0.34736017534446995 "" 0.02663517690033755 ""
111.37279330704 -20.86321086455 0.0067 0.0086 10.5167 "" 5978-1728-1 5620287486507085696 2123.86792 0.4433 0.0124 -3.758 -0.039 0.011 0.013 0.974 4874.8 1.876 10.266496 1.800466 11.148699 9.348232 43.7 0.15 2054.85229 2184.5249 1473494.64755 346.95 474170.0 276.13 1445000.0 437.86 "" "" 0.002767154743843662 0.0028609117 0.0037936745 0.006654586 111.37279330704 -20.86321086455 2123.86792 -3.758 -0.039000000000000055 -1.4466539459228516 -3.1797692432403566 0.06903708 0.071037084 "" "" 35.16837660560381 "" 2.486338270650489 ""
111.50598042375 -21.13889550014 0.0121 0.0144 13.9424 "" 5978-3536-1 5619857577459407232 2321.44165 0.4117 0.0199 -2.286 3.21 0.019 0.021 0.982 18796.4 3.5982 10.622778 0.062139 10.630106 10.567967 "" "" 2219.70605 2429.56274 1061293.66548 249.34 764490.0 340.81 469860.0 101.49 "" "" 0.002767102543196582 0.0028318414 0.0037866512 0.0066184923 111.50598042375 -21.13889550014 2321.44165 -2.286 3.21 0.025346054077148406 0.06923075675964352 0.07703708 0.079037085 "" "" 0.8112387332279135 "" 0.06392832320819712 ""
111.43306309503 -20.78160452922 0.0077 0.01 16.4205 "" 5978-1792-1 5620289788609707520 2687.99707 0.3409 0.015 -3.071 3.201 0.013 0.016 1.059 "" "" 10.688951 2.222369 11.853936 9.631567 89.82 0.17 2593.98486 2778.7937 998542.13847 288.08 247650.0 256.3 1113100.0 631.53 "" "" 0.002773067957660521 0.0030079326 0.0038292543 0.006837187 111.43306309503 -20.78160452922 2687.99707 -3.0709999999999975 3.201000000000001 -0.7596539459228517 0.06023075675964362 0.071037084 0.07403708 "" "" 9.7092065859475 "" 0.6898995049549422 ""
111.31365329389 -20.82207545775 0.009 0.012 12.0073 "" 5978-1998-1 5620299581135026304 2786.87817 0.344 0.0176 -2.38 3.311 0.015 0.02 0.964 16889.7 3.5485 10.751112 0.132783 10.784246 10.651463 "" "" 2672.83276 2900.771 942978.93672 196.54 663310.0 285.39 435080.0 116.5 "" "" 0.0027645973357333345 0.0028290048 0.0037905471 0.006619552 111.31365329389 -20.82207545775 2786.87817 -2.38 3.311000000000002 -0.06865394592285146 0.1702307567596435 0.07303708 0.07803708 "" "" 2.4247050372433705 "" 0.18756802284134963 ""
111.31855642039 -21.01126988716 0.0103 0.0133 1.6364 "" 5978-2169-1 5619910147861188864 2678.73975 0.3591 0.0179 -2.299 3.122 0.016 0.02 0.976 17760.8 3.5608 10.78521 0.080665 10.798735 10.71807 26.35 22.23 2558.36426 2804.50195 913824.83794 235.01 654520.0 383.34 409200.0 147.87 "" "" 0.0027694320038672143 0.0028617147 0.0037996923 0.0066614067 111.31855642039 -21.01126988716 2678.73975 -2.299 3.122 0.012346054077148505 -0.01876924324035656 0.07403708 0.07803708 "" "" 0.28525260695648796 "" 0.021921950297472032 ""
111.0593084715 -20.82920073616 0.0098 0.0118 17.3674 "" 5978-1832-1 5619928495961629184 2212.86597 0.4339 0.0172 -2.41 3.372 0.016 0.016 0.993 "" "" 10.901913 0.161893 10.944684 10.782791 "" "" 2146.51807 2286.74243 820694.69075 184.44 572190.0 257.56 385520.0 93.671 "" "" 0.0027661033217093946 0.0028326486 0.0037885776 0.006621226 111.0593084715 -20.82920073616 2212.86597 -2.41 3.3719999999999994 -0.0986539459228517 0.23123075675964344 0.07403708 0.07403708 "" "" 2.636895370569202 "" 0.19522804007704658 ""
111.14232932342 -21.02698084914 0.0086 0.011 8.351 "" "" 5619909013990004736 2099.15381 0.453 0.0148 -1.295 7.666 0.014 0.015 1.118 "" "" 10.960059 1.792194 11.835549 10.043355 58.55 0.19 2046.25647 2172.86475 777898.83006 148.61 251880.0 155.29 761760.0 256.79 "" "" 0.0027631163899995955 0.0028693415 0.0037970627 0.006666404 111.14232932342 -21.02698084914 2099.15381 -1.2950000000000013 7.666 1.0163460540771485 4.525230756759644 0.072037086 0.07303708 "" "" 46.147650981145155 "" 3.3682881153411084 ""
111.17621210547 -20.90157661127 0.0092 0.012 9.6446 "" 5978-2710-1 5619924063555291008 2943.55371 0.3244 0.0164 -1.557 1.987 0.015 0.017 1.306 "" "" 11.120794 1.591244 11.868841 10.277597 71.74 0.2 2774.47095 3072.1333 670855.32796 145.85 244280.0 151.52 613930.0 236.74 "" "" 0.0027654128922644018 0.0028702936 0.0038025014 0.006672795 111.17621210547 -20.90157661127 2943.55371 -1.5570000000000002 1.987 0.7543460540771485 -1.1537692432403563 0.07303708 0.075037085 "" "" 19.233238310796175 "" 1.4317953850660625 ""
111.35666507503 -21.19546621168 0.0122 0.0154 11.0828 "" "" 5619856374868703104 2074.76123 0.4575 0.0204 -1.233 4.01 0.019 0.021 1.357 "" "" 11.153738 1.405526 11.788794 10.383267 61.17 2.94 2001.58167 2159.36133 650805.94721 172.95 262970.0 118.04 556990.0 144.09 "" "" 0.002770386231323114 0.0028324134 0.0037898044 0.0066222176 111.35666507503 -21.19546621168 2074.76123 -1.233 4.01 1.0783460540771483 0.8692307567596433 0.07703708 0.079037085 "" "" 13.621194027303074 "" 1.0601500771304508 ""
111.54211921221 -20.96987547161 0.0115 0.0145 14.382 "" "" 5620283466417848064 2785.19067 0.3489 0.0207 -1.067 0.863 0.019 0.022 1.374 "" "" 11.216415 2.154337 12.333483 10.179146 63.76 0.16 2651.0061 2935.32422 614299.93757 195.08 159230.0 129.86 672200.0 272.2 "" "" 0.002776809426605841 0.002927304 0.0038048688 0.006732173 111.54211921221 -20.96987547161 2785.19067 -1.067 0.8630000000000005 1.2443460540771485 -2.2777692432403565 0.07703708 0.08003709 "" "" 34.265306058308795 "" 2.71921183575653 ""
111.1737156029 -21.00433443543 0.0118 0.0153 6.6627 "" 5978-2746-1 5619909525082097408 2928.12695 0.3272 0.0207 -1.866 2.096 0.019 0.023 1.61 "" "" 11.291468 1.473843 11.967915 10.494072 69.86 0.19 2767.10962 3113.25732 573270.46661 200.43 222970.0 92.19 502960.0 127.95 "" "" 0.0027813461465139343 0.002826052 0.0037894612 0.006615513 111.1737156029 -21.00433443543 2928.12695 -1.866 2.0960000000000005 0.44534605407714833 -1.0447692432403564 0.07703708 0.08103708 "" "" 15.763120817783793 "" 1.2679062869094575 ""
111.21465554671 -21.10567430115 0.0123 0.0164 6.6457 "" "" 5619907570880970752 2287.56714 0.3961 0.0217 -2.332 3.107 0.02 0.025 1.12 16305.7 3.8097 11.370997 0.189632 11.426466 11.236834 "" "" 2177.08716 2423.81787 532779.96429 208.8 367140.0 205.66 253760.0 78.204 "" "" 0.0027879823840855594 0.0028556872 0.0037941649 0.006649852 111.21465554671 -21.10567430115 2287.56714 -2.332 3.107 -0.020653945922851413 -0.03376924324035624 0.07803708 0.083037086 "" "" 0.4292194387556 "" 0.03506989023488268 ""
111.5378626243 -21.00780910943 0.0157 0.0196 13.8325 "" 5978-2650-1 5620234916094809600 2619.84546 0.3392 0.0275 -2.121 3.089 0.024 0.028 1.517 14186.4 3.6475 11.433109 0.130342 11.467619 11.337277 "" "" 2441.50098 2842.49341 503156.62863 266.5 353480.0 311.75 231340.0 205.25 "" "" 0.0028146920396710275 0.00294991 0.003900212 0.006850122 111.5378626243 -21.00780910943 2619.84546 -2.121 3.0890000000000004 0.19034605407714844 -0.05176924324035648 0.082037084 0.086037084 "" "" 2.449593255555429 "" 0.20164762118130042 ""
111.26726412095 -21.10621980747 0.0126 0.0164 5.2813 "" "" 5619904749077723008 2336.28979 0.3761 0.0215 -2.298 3.135 0.021 0.025 1.163 11993.0 4.127 11.680385 0.112965 11.70809 11.595125 "" "" 2222.12427 2459.18945 400675.57578 128.11 283260.0 125.0 182440.0 64.486 "" "" 0.0027771029911561255 0.0028310085 0.0037988164 0.0066298246 111.26726412095 -21.10621980747 2336.28979 -2.298 3.135 0.013346054077148395 -0.0057692432403566585 0.079037085 0.083037086 "" "" 0.16101224568014863 "" 0.012829485828367739 ""
111.28788208005 -21.28661656197 0.0122 0.0157 15.9318 "" "" 5619848953165305856 2662.1272 0.3586 0.0209 -1.0 1.278 0.019 0.022 1.677 6865.8 2.6292 11.706224 1.48991 12.384122 10.894212 73.2 0.87 2512.48291 2809.28418 391252.39518 87.589 151970.0 68.196 347920.0 101.81 "" "" 0.00276602033257426 0.0028323897 0.0037927127 0.0066251024 111.28788208005 -21.28661656197 2662.1272 -1.0 1.278 1.3113460540771484 -1.8627692432403564 0.07703708 0.08003709 "" "" 28.745606834307992 "" 2.272501326438207 ""
111.31145003676 -21.01580024874 0.0121 0.0155 1.1723 "" "" 5619910147861192448 2570.22754 0.3297 0.0202 -2.052 3.039 0.018 0.022 1.274 16779.2 3.6267 11.716155 0.14325 11.754033 11.610783 "" "" 2436.22119 2691.44653 387690.20665 96.008 271520.0 129.45 179820.0 57.91 "" "" 0.002768407844750381 0.00283778 0.0037955218 0.0066333017 111.31145003676 -21.01580024874 2570.22754 -2.0519999999999996 3.039 0.2593460540771484 -0.1017692432403563 0.07603708 0.08003709 "" "" 3.394136725128603 "" 0.25993285293468665 ""
111.35037029314 -20.85439221948 0.0087 0.0111 10.5362 "" "" 5620287692665532544 2012.01477 0.4911 0.0161 -0.208 -0.505 0.014 0.017 1.298 "" "" 11.7223 1.876021 12.651175 10.775153 55.7 0.17 1923.05933 2099.90454 385502.13413 106.53 118840.0 75.728 388240.0 121.29 "" "" 0.0027716077251055266 0.0028746682 0.0037945725 0.006669241 111.35037029314 -20.85439221948 2012.01477 -0.208 -0.505 2.1033460540771483 -3.6457692432403563 0.072037086 0.075037085 "" "" 40.14104184885765 "" 2.9824495640009334 ""
111.50569979656 -21.03145536514 0.0081 0.0113 12.0231 "" "" 5620234778666477056 2547.18286 0.3823 0.0154 -1.332 0.705 0.013 0.017 1.269 4676.4 2.1483 11.789428 1.755013 12.639296 10.884283 94.95 0.22 2431.32764 2646.698 362389.46702 95.998 120140.0 84.065 351110.0 132.99 "" "" 0.002770290880160587 0.00289175 0.0038016904 0.0066934405 111.50569979656 -21.03145536514 2547.18286 -1.332 0.705 0.9793460540771484 -2.4357692432403564 0.071037084 0.075037085 "" "" 31.696692828513196 "" 2.3611913044901742 ""
