Clusters/NGC_2384/NGC_2384_stars_in_region.tsv
# %ECSV 1.0
# ---
# datatype:
# - name: RA_ICRS_1
#   unit: deg
#   datatype: float64
#   format: '{:15.11f}'
#   description: Right ascension (ICRS) at Ep=2016.0 (ra)
#   meta: !!omap
#   - {ucd: POS_EQ_RA_MAIN}
#   - {width: 15}
#   - {precision: '11'}
# - name: DE_ICRS_1
#   unit: deg
#   datatype: float64
#   format: '{:15.11f}'
#   description: Declination (ICRS) at Ep=2016.0 (dec)
#   meta: !!omap
#   - {ucd: POS_EQ_DEC_MAIN}
#   - {width: 15}
#   - {precision: '11'}
# - name: e_RA_ICRS
#   unit: mas
#   datatype: float64
#   format: '{:7.4f}'
#   description: Standard error of right ascension (ra_error)
#   meta: !!omap
#   - {ucd: ERROR}
#   - {width: 7}
#   - {precision: '4'}
# - name: e_DE_ICRS
#   unit: mas
#   datatype: float64
#   format: '{:7.4f}'
#   description: Standard error of declination (dec_error)
#   meta: !!omap
#   - {ucd: ERROR}
#   - {width: 7}
#   - {precision: '4'}
# - name: _r_1
#   unit: ''
#   datatype: float64
#   format: '{:7.4f}'
#   description: Distance from center (111.29130623000-21.02110607000)[ICRS], at Epoch=J2016.0
#   meta: !!omap
#   - {ucd: POS_ANG_DIST_GENERAL}
#   - {width: 7}
#   - {precision: '4'}
# - name: HIP
#   datatype: int32
#   description: '? HIP cross-id number, van Leeuwen, Cat. I/311 (hip_original_ext_source_id)'
#   meta: !!omap
#   - {ucd: ID_NUMBER}
#   - {width: 6}
#   - values: {'null': -2147483648}
# - name: TYC2
#   datatype: string
#   description: Tycho-2 cross-id name, Hog et al., Cat. I/259 (tyc2_original_ext_source_id)
#   meta: !!omap
#   - {ucd: ID_CROSSID}
#   - {_votable_string_dtype: char}
# - name: Source
#   datatype: int64
#   description: Source identifier, identical to the Gaia-EDR3 source_id (id)
#   meta: !!omap
#   - {ucd: ID_MAIN}
#   - {width: 19}
# - name: rgeo
#   unit: pc
#   datatype: float64
#   format: '{:15.8f}'
#   description: '? Median of the geometric distance posterior (r_med_geo)'
#   meta: !!omap
#   - {ucd: PHYS_DISTANCE_TRUE}
#   - {width: 15}
#   - {precision: '8'}
#   - values: {'null': .nan}
# - name: Plx
#   unit: mas
#   datatype: float64
#   format: '{:9.4f}'
#   description: '? Parallax (parallax)'
#   meta: !!omap
#   - {ucd: POS_PARLX_TRIG}
#   - {width: 9}
#   - {precision: '4'}
#   - values: {'null': .nan}
# - name: e_Plx
#   unit: mas
#   datatype: float32
#   format: '{:7.4f}'
#   description: '? Standard error of parallax (parallax_error)'
#   meta: !!omap
#   - {ucd: ERROR}
#   - {width: 7}
#   - {precision: '4'}
#   - values: {'null': .nan}
# - name: pmRA
#   unit: mas / yr
#   datatype: float64
#   format: '{:9.3f}'
#   description: '? Proper motion in right ascension direction, pmRA*cosDE (pmra)'
#   meta: !!omap
#   - {ucd: POS_EQ_PMRA}
#   - {width: 9}
#   - {precision: '3'}
#   - values: {'null': .nan}
# - name: pmDE
#   unit: mas / yr
#   datatype: float64
#   format: '{:9.3f}'
#   description: '? Proper motion in declination direction (pmdec)'
#   meta: !!omap
#   - {ucd: POS_EQ_PMDEC}
#   - {width: 9}
#   - {precision: '3'}
#   - values: {'null': .nan}
# - name: e_pmRA
#   unit: mas / yr
#   datatype: float32
#   format: '{:6.3f}'
#   description: '? Standard error of proper motion in right ascension direction (pmra_error)'
#   meta: !!omap
#   - {ucd: ERROR}
#   - {width: 6}
#   - {precision: '3'}
#   - values: {'null': .nan}
# - name: e_pmDE
[...]
#         value: !astropy.table.SerializedColumn {name: SkyCoord.dec}
#       distance: !astropy.table.SerializedColumn
#         __class__: astropy.coordinates.distances.Distance
#         unit: !astropy.units.Unit {unit: pc}
#         value: !astropy.table.SerializedColumn {name: SkyCoord.distance}
#       frame: icrs
#       obstime: !astropy.time.Time {format: jyear_str, in_subfmt: '*', jd1: 367701545.0, jd2: 0.0, out_subfmt: '*', precision: 3, scale: tt}
#       pm_dec: !astropy.table.SerializedColumn
#         __class__: astropy.units.quantity.Quantity
#         unit: !astropy.units.Unit {unit: mas / yr}
#         value: !astropy.table.SerializedColumn {name: SkyCoord.pm_dec}
#       pm_ra_cosdec: !astropy.table.SerializedColumn
#         __class__: astropy.units.quantity.Quantity
#         unit: !astropy.units.Unit {unit: mas / yr}
#         value: !astropy.table.SerializedColumn {name: SkyCoord.pm_ra_cosdec}
#       ra: !astropy.table.SerializedColumn
#         __class__: astropy.coordinates.angles.Longitude
#         unit: *id001
#         value: !astropy.table.SerializedColumn {name: SkyCoord.ra}
#         wrap_angle: !astropy.coordinates.Angle
#           unit: *id001
#           value: 360.0
#       representation_type: spherical
# schema: astropy-2.0
RA_ICRS_1 DE_ICRS_1 e_RA_ICRS e_DE_ICRS _r_1 HIP TYC2 Source rgeo Plx e_Plx pmRA pmDE e_pmRA e_pmDE RUWE Teff logg Gmag BP-RP BPmag RPmag RV e_RV b_rgeo B_rgeo FG e_FG FBP e_FBP FRP e_FRP RAVE5 RAVE6 e_Gmag e_BPmag e_RPmag e_BP-RP SkyCoord.ra SkyCoord.dec SkyCoord.distance SkyCoord.pm_ra_cosdec SkyCoord.pm_dec rmRA rmDE e_rmRA e_rmDE rRV e_rRV v_pec v_pec3d e_vpec e_vpec3d
[from data line 63]
111.47678510774 -21.18254798014 0.0081 0.0101 14.1994 "" "" 5619856993343903104 2090.03589 0.4416 0.0139 -3.378 3.002 0.012 0.015 0.875 13923.3 4.3336 12.713177 0.233621 12.786647 12.553026 "" "" 2018.64453 2174.50269 154766.18886 381.68 104900.0 709.61 75500.0 529.8 "" "" 0.0038420560268227866 0.007856736 0.008504738 0.016361475 111.47678510774 -21.18254798014 2090.03589 -3.3779999999999974 3.002 -1.0666539459228517 -0.13876924324035667 0.07003708 0.07303708 "" "" 10.656146456022563 "" 0.7468686725376495 ""
111.02340697491 -21.15633106918 0.0074 0.01 17.0514 "" "" 5619902176402204800 2554.06616 0.3591 0.0136 -1.358 2.288 0.012 0.013 0.94 13711.3 3.7577 12.714375 0.337114 12.831089 12.493975 "" "" 2474.14453 2628.47559 154595.49327 32.873 100690.0 53.335 79720.0 47.721 "" "" 0.002764975623096201 0.002848824 0.003834858 0.006683682 111.02340697491 -21.15633106918 2554.06616 -1.358 2.288 0.9533460540771483 -0.8527692432403566 0.07003708 0.071037084 "" "" 15.485074321828368 "" 1.0914394441572237 ""
111.44589390503 -21.21860960735 0.0082 0.0103 14.6727 "" 5978-1736-1 5619856817237533056 2987.76929 0.3049 0.0147 -0.993 1.373 0.012 0.015 1.006 11131.0 3.4996 12.740844 0.297043 12.838887 12.541844 "" "" 2867.7124 3120.81909 150872.1722 26.942 99968.0 66.276 76282.0 30.413 "" "" 0.0027621334023722136 0.0028815237 0.0038040907 0.0066856146 111.44589390503 -21.21860960735 2987.76929 -0.9930000000000001 1.373 1.3183460540771486 -1.7677692432403564 0.07003708 0.07303708 "" "" 31.230541810895733 "" 2.2479509845528076 ""
111.1206306643 -20.8315833028 0.0077 0.0103 14.8593 "" 5978-2084-1 5619928014925728000 2162.19019 0.4267 0.015 -2.445 3.145 0.012 0.015 0.881 "" "" 12.762674 0.201899 12.827862 12.625963 "" "" 2094.3335 2233.81738 147868.89685 26.042 100990.0 43.444 70595.0 28.038 "" "" 0.0027619472392830325 0.002828992 0.0038039028 0.0066328947 111.1206306643 -20.8315833028 2162.19019 -2.4449999999999985 3.145 -0.1336539459228514 0.0042307567596435725 0.07003708 0.07303708 "" "" 1.3704761890835373 "" 0.09598835663487024 ""
111.22693289169 -20.84958938919 0.0066 0.009 10.905 "" "" 5620299924732491264 2865.87134 0.3443 0.0126 -0.355 1.133 0.01 0.014 1.024 "" "" 12.7917 1.735937 13.631795 11.895858 33.45 0.36 2761.16528 2985.8252 143968.21496 22.041 48161.0 27.103 138300.0 42.636 "" "" 0.002760329549244834 0.0028562874 0.0037941749 0.0066504623 111.22693289169 -20.84958938919 2865.87134 -0.355 1.1330000000000002 1.9563460540771485 -2.0077692432403564 0.068037085 0.072037086 "" "" 38.08051811134903 "" 2.670109803511616 ""
111.21182545969 -20.92073113318 0.0077 0.0101 7.49 "" "" 5619923406416391552 2527.17554 0.3638 0.0141 -1.558 2.043 0.012 0.016 0.993 "" "" 12.795195 0.410529 12.939202 12.528673 "" "" 2450.62354 2605.48242 143505.66744 24.268 91146.0 40.755 77213.0 26.625 "" "" 0.002761430957468573 0.0028320902 0.0037978804 0.006629971 111.21182545969 -20.92073113318 2527.17554 -1.5579999999999998 2.043 0.7533460540771484 -1.0977692432403563 0.07003708 0.07403708 "" "" 15.948597702524525 "" 1.1607446515477433 ""
111.19665202234 -21.23534837855 0.007 0.0097 13.9033 "" "" 5619897228600069376 2535.15479 0.3864 0.0124 -2.018 4.629 0.011 0.014 1.0 "" "" 12.814003 1.792011 13.689037 11.897026 63.85 0.33 2474.17651 2607.51294 141041.09632 19.98 45688.0 21.885 138150.0 40.275 "" "" 0.0027596097153061 0.0028382265 0.0037926133 0.00663084 111.19665202234 -21.23534837855 2535.15479 -2.018 4.629 0.29334605407714864 1.4882307567596431 0.06903708 0.072037086 "" "" 18.227624015368203 "" 1.3110608549033869 ""
111.02029045372 -20.89350153702 0.0073 0.0087 17.0062 "" "" 5619925914677228672 2270.18677 0.4333 0.0127 -1.785 -0.509 0.012 0.011 1.007 "" "" 12.828677 1.489576 13.514762 12.025186 30.07 0.7 2203.76074 2341.03101 139147.60049 20.73 53643.0 19.651 122770.0 29.943 "" "" 0.0027600639305259225 0.002818376 0.0037886475 0.0066070235 111.02029045372 -20.89350153702 2270.18677 -1.785 -0.5089999999999995 0.5263460540771485 -3.6497692432403563 0.07003708 0.06903708 "" "" 39.680318014192146 "" 2.740227456835227 ""
111.19420069914 -21.13899181485 0.0086 0.0115 8.921 "" "" 5619904444145109632 2175.69727 0.4211 0.0149 -2.261 3.235 0.014 0.017 0.937 14107.8 4.0667 12.85853 0.262341 12.943862 12.681521 "" "" 2102.89062 2257.56445 135373.8353 45.006 90755.0 90.995 67073.0 73.428 "" "" 0.002778863450785182 0.002995015 0.0039618826 0.0069568977 111.19420069914 -21.13899181485 2175.69727 -2.261 3.235 0.05034605407714832 0.09423075675964343 0.072037086 0.075037085 "" "" 1.1017899317887443 "" 0.08195260227642957 ""
111.58959426789 -20.96430648094 0.0071 0.0092 17.0534 "" "" 5620236599732690048 2329.24634 0.4019 0.0133 -1.623 2.076 0.012 0.013 0.903 8907.9 3.7141 12.877765 0.625575 13.114362 12.488787 "" "" 2258.13208 2437.3877 132996.71994 27.127 77566.0 41.643 80102.0 31.148 "" "" 0.0027642054279007028 0.0028504073 0.0038028902 0.0066532977 111.58959426789 -20.96430648094 2329.24634 -1.6229999999999998 2.076 0.6883460540771484 -1.0647692432403564 0.07003708 0.071037084 "" "" 13.998339618155807 "" 0.9902958268397177 ""
111.39927784781 -20.94390290656 0.0102 0.0136 7.6187 "" "" 5620282847942425728 2718.58569 0.3303 0.0186 -2.227 3.346 0.017 0.021 1.145 12327.5 3.8255 12.884294 0.251009 12.970033 12.719024 "" "" 2603.13623 2890.21924 132199.1976 26.642 88594.0 35.823 64796.0 20.74 "" "" 0.0027639946006298047 0.0028244972 0.003795326 0.006619823 111.39927784781 -20.94390290656 2718.58569 -2.226999999999999 3.345999999999996 0.08434605407714857 0.20523075675964364 0.075037085 0.079037085 "" "" 2.859259532087263 "" 0.22437093447913495 ""
111.30261730205 -20.83911728541 0.0075 0.0098 10.9377 "" "" 5620299443696089856 2678.73584 0.3611 0.014 0.128 3.968 0.012 0.016 1.009 "" "" 12.885158 1.435218 13.537718 12.1025 73.35 0.89 2586.45044 2768.39087 132094.23243 17.952 52521.0 22.669 114330.0 32.377 "" "" 0.002759268347936947 0.00282925 0.003791868 0.0066211177 111.30261730205 -20.83911728541 2678.73584 0.128 3.968 2.4393460540771486 0.8272307567596435 0.07003708 0.07403708 "" "" 32.70540461099088 "" 2.304427677029963 ""
111.08991525518 -21.13026998091 0.0094 0.0125 13.0395 "" "" 5619902451280062720 2401.87817 0.3846 0.0164 -2.274 3.096 0.015 0.017 1.012 16198.2 4.4013 12.885513 0.320765 12.954233 12.633469 "" "" 2293.7417 2514.06226 132050.90381 64.969 89893.0 234.5 70109.0 257.04 "" "" 0.0028066242395289693 0.0039758077 0.0054889983 0.009464806 111.08991525518 -21.13026998091 2401.87817 -2.2739999999999996 3.095999999999999 0.037346054077148416 -0.04476924324035636 0.07303708 0.075037085 "" "" 0.6637518167399313 "" 0.049265609033371904 ""
111.17539591702 -20.90404597104 0.0069 0.0092 9.5659 "" "" 5619924063555292928 2041.32239 0.4707 0.0127 -4.839 5.53 0.011 0.013 0.871 "" "" 12.946881 1.3337 13.526364 12.192664 82.23 0.49 1993.08142 2092.66577 124794.2045 19.353 53073.0 99.173 105220.0 123.53 "" "" 0.002760460038181285 0.0034498072 0.003988548 0.007438355 111.17539591702 -20.90404597104 2041.32239 -4.838999999999996 5.529999999999997 -2.527653945922852 2.389230756759644 0.06903708 0.071037084 "" "" 33.65402427852058 "" 2.3553759308760323 ""
111.1197827808 -20.88074736176 0.0085 0.0109 12.7786 "" "" 5619924372792992000 2086.23926 0.465 0.0147 -4.888 7.122 0.013 0.014 1.055 "" "" 12.947253 1.610327 13.711259 12.100932 88.71 0.46 2029.74561 2144.57642 124751.37179 20.008 44762.0 28.657 114490.0 39.744 "" "" 0.002760817256088475 0.0028754491 0.0037981288 0.006673578 111.1197827808 -20.88074736176 2086.23926 -4.888 7.122000000000001 -2.5766539459228515 3.9812307567596434 0.071037084 0.072037086 "" "" 46.89546519724941 "" 3.3644364791730976 ""
111.27509378302 -21.0247801726 0.0105 0.0134 0.9344 "" "" 5619909804263839232 2281.11963 0.4028 0.0177 -2.296 3.285 0.016 0.021 0.996 15249.5 4.0989 12.952529 0.213926 13.025164 12.811237 "" "" 2196.40625 2382.77295 124146.73114 136.53 84208.0 283.92 59520.0 202.96 "" "" 0.003002916771404981 0.0046028197 0.0052906303 0.00989345 111.27509378302 -21.0247801726 2281.11963 -2.2960000000000007 3.285 0.015346054077148619 0.1442307567596437 0.07403708 0.079037085 "" "" 1.5682986139562214 "" 0.12386872004778454 ""
111.30481788797 -21.00222226204 0.0082 0.0112 1.3625 "" "" 5619910216580668544 2620.07446 0.3457 0.015 -1.03 0.21 0.013 0.018 0.971 11168.5 3.7049 12.987758 0.320133 13.100515 12.780382 "" "" 2514.47021 2742.01538 120183.20877 48.664 78562.0 38.759 61236.0 29.701 "" "" 0.0027901729032924053 0.002841122 0.0038158938 0.0066570155 111.30481788797 -21.00222226204 2620.07446 -1.03 0.20999999999999996 1.2813460540771484 -2.9307692432403565 0.071037084 0.07603708 "" "" 39.72431824871767 "" 2.989536653086094 ""
111.08697680702 -20.90349466063 0.0339 0.0431 13.4485 "" "" 5619925712822836608 2186.66577 0.445 0.0584 -3.496 2.979 0.052 0.057 4.734 "" "" 13.003118 1.478401 13.67585 12.197449 65.2 0.57 1951.7843 2424.01685 118494.85272 34.304 46246.0 27.089 104760.0 27.983 "" "" 0.002773190466676985 0.0028617333 0.003790493 0.006652226 111.08697680702 -20.90349466063 2186.66577 -3.4960000000000004 2.9789999999999983 -1.1846539459228516 -0.16176924324035635 0.11003709 0.11503708 "" "" 12.39264782767831 "" 1.3648104381192314 ""
111.10205526832 -21.02547487277 0.0074 0.01 10.6024 "" "" 5619920795076311040 2264.67627 0.4178 0.0136 -0.558 2.161 0.012 0.014 1.088 "" "" 13.004548 1.507081 13.700961 12.19388 10.77 0.77 2193.53687 2339.37842 118338.93518 19.931 45189.0 21.04 105100.0 34.41 "" "" 0.0027613815858893646 0.0028355946 0.0037960622 0.0066316565 111.10205526832 -21.02547487277 2264.67627 -0.5580000000000007 2.1610000000000027 1.7533460540771484 -0.9797692432403564 0.07003708 0.072037086 "" "" 21.5606364758419 "" 1.5204158580967944 ""
111.43523698103 -21.05283883411 0.0069 0.0091 8.2821 "" "" 5619905921613787648 2515.88013 0.3725 0.0131 -0.972 3.072 0.011 0.013 1.019 "" "" 13.006559 1.566168 13.739865 12.173697 46.29 0.54 2441.18091 2600.2793 118119.89544 15.865 43598.0 33.197 107070.0 25.182 "" "" 0.0027591765529767025 0.0029100701 0.0037879988 0.006698069 111.43523698103 -21.05283883411 2515.88013 -0.9719999999999996 3.071999999999997 1.3393460540771485 -0.06876924324035638 0.06903708 0.071037084 "" "" 15.993105861683938 "" 1.1042026460226018 ""
111.26389415583 -21.27352347093 0.0524 0.0689 15.2225 "" "" 5619849777799041664 2276.55396 0.4037 0.0886 -1.421 0.269 0.081 0.093 8.233 9084.4 3.4721 13.062774 0.426872 13.210632 12.78376 "" "" 1914.68542 2792.35425 112159.79336 102.56 70985.0 155.79 61046.0 96.257 "" "" 0.002928729476813059 0.0036692014 0.0041490495 0.007818251 111.26389415583 -21.27352347093 2276.55396 -1.421 0.269 0.8903460540771484 -2.8717692432403563 0.13903709 0.15103708 "" "" 32.44405232752516 "" 4.867359846900101 ""
111.16050866518 -21.25039066151 0.0066 0.0088 15.5833 "" "" 5619896781923483392 2184.14917 0.4186 0.0115 -0.018 1.781 0.011 0.013 0.996 5059.7 2.805 13.091876 1.59361 13.841814 12.248204 50.32 0.7 2142.27905 2242.57031 109193.37161 13.952 39691.0 18.638 99972.0 27.388 "" "" 0.002758810412863806 0.0028363678 0.0037910684 0.0066274363 111.16050866518 -21.25039066151 2184.14917 -0.017999999999999794 1.781 2.2933460540771486 -1.3597692432403565 0.06903708 0.071037084 "" "" 27.602398838839637 "" 1.9201011303953692 ""
111.25708073497 -20.84621501007 0.0066 0.0093 10.6673 "" "" 5620299306257181312 2766.02979 0.3238 0.0138 -2.366 3.268 0.01 0.015 0.958 12132.9 3.8873 13.093576 0.340902 13.212036 12.871134 "" "" 2639.30542 2861.31396 109022.51042 92.248 70893.0 170.75 56325.0 117.23 "" "" 0.0029044389392820376 0.0038240799 0.0044034338 0.008227514 111.25708073497 -20.84621501007 2766.02979 -2.366 3.2680000000000033 -0.054653945922851666 0.12723075675964335 0.068037085 0.07303708 "" "" 1.8155144168930495 "" 0.13122705953806607 ""
111.25404471308 -21.26934332937 0.009 0.0112 15.0395 "" "" 5619849949597739776 2019.86694 0.4534 0.0147 -0.956 0.934 0.014 0.015 1.318 9501.2 3.9592 13.102089 0.396654 13.245921 12.849267 "" "" 1969.15552 2084.91162 108171.03835 24.197 68715.0 26.834 57471.0 16.18 "" "" 0.002766003525832655 0.002822201 0.003791723 0.006613924 111.25404471308 -21.26934332937 2019.86694 -0.9560000000000004 0.9339999999999996 1.3553460540771485 -2.2067692432403563 0.072037086 0.07303708 "" "" 24.79468341096354 "" 1.804174047052693 ""
111.0828676715 -21.1533476351 0.036 0.0501 14.1109 "" "" 5619901283048973184 2184.39868 0.4351 0.0651 -0.646 1.591 0.058 0.07 6.365 8896.9 3.9864 13.110589 0.490767 13.284368 12.793602 "" "" 1891.62964 2611.77686 107327.50566 49.669 66324.0 41.745 60495.0 18.325 "" "" 0.002800759215936175 0.0028726377 0.0037936652 0.0066663027 111.0828676715 -21.1533476351 2184.39868 -0.6460000000000001 1.591 1.6653460540771485 -1.5497692432403565 0.116037086 0.12803708 "" "" 23.554409958160146 "" 2.8678302223500736 ""
111.14280468977 -20.82123100702 0.0118 0.0158 14.5975 "" "" 5619927946206249984 2702.28247 0.3382 0.0228 -0.781 0.837 0.019 0.022 2.213 4968.6 2.512 13.11606 1.373599 13.702466 12.328867 40.85 1.12 2555.302 2854.40308 106788.01455 26.905 45126.0 115.71 92814.0 185.6 "" "" 0.0027688658957437965 0.0039415318 0.004358623 0.008300155 111.14280468977 -20.82123100702 2702.28247 -0.7810000000000001 0.8370000000000002 1.5303460540771483 -2.3037692432403567 0.07703708 0.08003709 "" "" 35.42584896727089 "" 2.8032711193505193 ""
111.16756552709 -21.25208199808 0.0067 0.0092 15.4924 "" "" 5619896781923481728 2654.26025 0.3362 0.012 -1.957 1.169 0.01 0.013 0.93 11047.0 3.6156 13.139721 0.497889 13.318941 12.821053 "" "" 2566.7168 2731.51929 104486.0707 23.565 64245.0 27.652 58984.0 23.758 "" "" 0.002766179695255305 0.0028290339 0.0038045994 0.0066336333 111.16756552709 -21.25208199808 2654.26025 -1.9570000000000003 1.169 0.35434605407714836 -1.9717692432403564 0.068037085 0.071037084 "" "" 25.204609065008775 "" 1.7881447869830647 ""
111.34460727133 -20.9249018029 0.0063 0.0086 6.4989 "" "" 5620286112117611392 2617.3064 0.3424 0.012 1.469 -0.108 0.01 0.013 1.043 "" "" 13.148894 1.76103 14.002758 12.241728 32.71 0.69 2527.81445 2699.87427 103607.0038 16.316 34223.0 21.878 100570.0 22.179 "" "" 0.0027606202280143492 0.0028752051 0.003786959 0.006662164 111.34460727133 -20.9249018029 2617.3064 1.4689999999999994 -0.10799999999999989 3.7803460540771487 -3.2487692432403565 0.068037085 0.071037084 "" "" 61.83821368302879 "" 4.287080223052402 ""
111.21213109567 -20.7650994383 0.0066 0.0093 15.9887 "" "" 5620303841742643584 2274.479 0.4039 0.013 -1.932 3.009 0.011 0.014 1.087 7538.9 3.0555 13.155757 1.12305 13.624651 12.501601 "" "" 2193.20483 2339.46484 102954.2071 18.4 48479.0 24.836 79162.0 25.844 "" "" 0.0027621444741936798 0.0028450724 0.0037959674 0.0066410396 111.21213109567 -20.7650994383 2274.479 -1.932 3.009 0.3793460540771485 -0.13176924324035655 0.06903708 0.072037086 "" "" 4.329447095485536 "" 0.30031779234838735 ""
111.11726526828 -21.04139732692 0.0092 0.0124 9.8226 "" "" 5619908979630294784 2279.63574 0.4007 0.0164 -3.274 3.147 0.015 0.018 1.539 5108.1 2.5378 13.177965 1.52437 13.882989 12.358619 73.97 1.82 2210.07983 2344.21143 100869.67575 12.354 38214.0 22.445 90305.0 25.444 "" "" 0.002758527117515197 0.002862118 0.0037917423 0.00665386 111.11726526828 -21.04139732692 2279.63574 -3.274000000000002 3.1469999999999985 -0.9626539459228516 0.006230756759643352 0.07303708 0.07603708 "" "" 10.40214949503988 "" 0.7597439638189761 ""
