Clusters/NGC_2384/NGC_2384_members.tsv
# %ECSV 1.0
# ---
# datatype:
# - name: RA_ICRS_1
#   unit: deg
#   datatype: float64
#   format: '{:15.11f}'
#   description: Right ascension (ICRS) at Ep=2016.0 (ra)
#   meta: !!omap
#   - {ucd: POS_EQ_RA_MAIN}
#   - {width: 15}
#   - {precision: '11'}
# - name: DE_ICRS_1
#   unit: deg
#   datatype: float64
#   format: '{:15.11f}'
#   description: Declination (ICRS) at Ep=2016.0 (dec)
#   meta: !!omap
#   - {ucd: POS_EQ_DEC_MAIN}
#   - {width: 15}
#   - {precision: '11'}
# - name: e_RA_ICRS
#   unit: mas
#   datatype: float64
#   format: '{:7.4f}'
#   description: Standard error of right ascension (ra_error)
#   meta: !!omap
#   - {ucd: ERROR}
#   - {width: 7}
#   - {precision: '4'}
# - name: e_DE_ICRS
#   unit: mas
#   datatype: float64
#   format: '{:7.4f}'
#   description: Standard error of declination (dec_error)
#   meta: !!omap
#   - {ucd: ERROR}
#   - {width: 7}
#   - {precision: '4'}
# - name: _r_1
#   unit: ''
#   datatype: float64
#   format: '{:7.4f}'
#   description: Distance from center (111.29130623000-21.02110607000)[ICRS], at Epoch=J2016.0
#   meta: !!omap
#   - {ucd: POS_ANG_DIST_GENERAL}
#   - {width: 7}
#   - {precision: '4'}
# - name: HIP
#   datatype: int32
#   description: '? HIP cross-id number, van Leeuwen, Cat. I/311 (hip_original_ext_source_id)'
#   meta: !!omap
#   - {ucd: ID_NUMBER}
#   - {width: 6}
#   - values: {'null': -2147483648}
# - name: TYC2
#   datatype: string
#   description: Tycho-2 cross-id name, Hog et al., Cat. I/259 (tyc2_original_ext_source_id)
#   meta: !!omap
#   - {ucd: ID_CROSSID}
#   - {_votable_string_dtype: char}
# - name: Source
#   datatype: int64
#   description: Source identifier, identical to the Gaia-EDR3 source_id (id)
#   meta: !!omap
#   - {ucd: ID_MAIN}
#   - {width: 19}
# - name: rgeo
#   unit: pc
#   datatype: float64
#   format: '{:15.8f}'
#   description: '? Median of the geometric distance posterior (r_med_geo)'
#   meta: !!omap
#   - {ucd: PHYS_DISTANCE_TRUE}
#   - {width: 15}
#   - {precision: '8'}
#   - values: {'null': .nan}
# - name: Plx
#   unit: mas
#   datatype: float64
#   format: '{:9.4f}'
#   description: '? Parallax (parallax)'
#   meta: !!omap
#   - {ucd: POS_PARLX_TRIG}
#   - {width: 9}
#   - {precision: '4'}
#   - values: {'null': .nan}
# - name: e_Plx
#   unit: mas
#   datatype: float32
#   format: '{:7.4f}'
#   description: '? Standard error of parallax (parallax_error)'
#   meta: !!omap
#   - {ucd: ERROR}
#   - {width: 7}
#   - {precision: '4'}
#   - values: {'null': .nan}
# - name: pmRA
#   unit: mas / yr
#   datatype: float64
#   format: '{:9.3f}'
#   description: '? Proper motion in right ascension direction, pmRA*cosDE (pmra)'
#   meta: !!omap
#   - {ucd: POS_EQ_PMRA}
#   - {width: 9}
#   - {precision: '3'}
#   - values: {'null': .nan}
# - name: pmDE
#   unit: mas / yr
#   datatype: float64
#   format: '{:9.3f}'
#   description: '? Proper motion in declination direction (pmdec)'
#   meta: !!omap
#   - {ucd: POS_EQ_PMDEC}
#   - {width: 9}
#   - {precision: '3'}
#   - values: {'null': .nan}
# - name: e_pmRA
#   unit: mas / yr
#   datatype: float32
#   format: '{:6.3f}'
#   description: '? Standard error of proper motion in right ascension direction (pmra_error)'
#   meta: !!omap
#   - {ucd: ERROR}
#   - {width: 6}
#   - {precision: '3'}
#   - values: {'null': .nan}
# - name: e_pmDE
[...]
#         unit: &id001 !astropy.units.Unit {unit: deg}
#         value: !astropy.table.SerializedColumn {name: SkyCoord.dec}
#       distance: !astropy.table.SerializedColumn
#         __class__: astropy.coordinates.distances.Distance
#         unit: !astropy.units.Unit {unit: pc}
#         value: !astropy.table.SerializedColumn {name: SkyCoord.distance}
#       frame: icrs
#       obstime: !astropy.time.Time {format: jyear_str, in_subfmt: '*', jd1: 367701545.0, jd2: 0.0, out_subfmt: '*', precision: 3, scale: tt}
#       pm_dec: !astropy.table.SerializedColumn
#         __class__: astropy.units.quantity.Quantity
#         unit: !astropy.units.Unit {unit: mas / yr}
#         value: !astropy.table.SerializedColumn {name: SkyCoord.pm_dec}
#       pm_ra_cosdec: !astropy.table.SerializedColumn
#         __class__: astropy.units.quantity.Quantity
#         unit: !astropy.units.Unit {unit: mas / yr}
#         value: !astropy.table.SerializedColumn {name: SkyCoord.pm_ra_cosdec}
#       ra: !astropy.table.SerializedColumn
#         __class__: astropy.coordinates.angles.Longitude
#         unit: *id001
#         value: !astropy.table.SerializedColumn {name: SkyCoord.ra}
#         wrap_angle: !astropy.coordinates.Angle
#           unit: *id001
#           value: 360.0
#       representation_type: spherical
# schema: astropy-2.0
RA_ICRS_1 DE_ICRS_1 e_RA_ICRS e_DE_ICRS _r_1 HIP TYC2 Source rgeo Plx e_Plx pmRA pmDE e_pmRA e_pmDE RUWE Teff logg Gmag BP-RP BPmag RPmag RV e_RV b_rgeo B_rgeo FG e_FG FBP e_FBP FRP e_FRP RAVE5 RAVE6 e_Gmag e_BPmag e_RPmag e_BP-RP SkyCoord.ra SkyCoord.dec SkyCoord.distance SkyCoord.pm_ra_cosdec SkyCoord.pm_dec Pmemb
111.30116168323 -21.02394952781 0.0129 0.0166 0.5777 "" 5978-3271-1 5619909769904079360 2511.69604 0.3818 0.0219 -2.292 3.16 0.02 0.024 0.901 23401.3 3.6032 8.559713 0.046205 8.546749 8.500545 "" "" 2381.96216 2656.28101 7096780.66622 5698.9 5208600.0 6022.3 3154600.0 4719.9 "" "" 0.0028899748084455696 0.0030595683 0.0041137137 0.007173282 111.30116168323 -21.02394952781 2511.69604 -2.292 3.16 0.99
111.25445448267 -21.01876667331 0.0114 0.0137 2.0687 "" 5978-3129-2 5619909907343072896 2333.30151 0.4116 0.0189 -2.345 3.273 0.019 0.02 0.951 21980.1 3.7456 9.549203 0.105524 9.565157 9.459633 "" "" 2235.66406 2433.28369 2852762.32051 745.88 2038700.0 1264.3 1304100.0 461.57 "" "" 0.0027699051648207716 0.0028702626 0.0037988683 0.006669131 111.25445448267 -21.01876667331 2333.30151 -2.3449999999999998 3.273 1.0
111.30575886101 -21.03207470571 0.0099 0.0127 1.0432 "" 5978-3329-1 5619906810662019840 2482.34351 0.3868 0.0175 -2.319 3.18 0.017 0.019 0.86 20416.1 3.582 10.076073 0.072337 10.083757 10.01142 "" "" 2384.83398 2569.0769 1755971.7329 416.77 1264500.0 596.43 784490.0 173.86 "" "" 0.0027673444442309794 0.0028367774 0.003787034 0.006623811 111.30575886101 -21.03207470571 2482.34351 -2.319 3.18 0.99
111.27182711986 -21.01264033666 0.0097 0.013 1.2034 "" 5978-2970-1 5619910010422265216 2564.77271 0.376 0.0171 -2.32 3.168 0.015 0.019 0.925 18793.9 3.4098 10.197497 0.142735 10.231812 10.089077 "" "" 2448.77319 2661.90479 1570173.43637 409.17 1103300.0 522.29 730340.0 238.95 "" "" 0.002769808536771566 0.0028371145 0.0037960391 0.0066331537 111.27182711986 -21.01264033666 2564.77271 -2.32 3.168 0.99
111.26726412095 -21.10621980747 0.0126 0.0164 5.2813 "" "" 5619904749077723008 2336.28979 0.3761 0.0215 -2.298 3.135 0.021 0.025 1.163 11993.0 4.127 11.680385 0.112965 11.70809 11.595125 "" "" 2222.12427 2459.18945 400675.57578 128.11 283260.0 125.0 182440.0 64.486 "" "" 0.0027771029911561255 0.0028310085 0.0037988164 0.0066298246 111.26726412095 -21.10621980747 2336.28979 -2.298 3.135 1.0
111.33826329987 -21.02549440931 0.0083 0.011 2.643 "" 5978-2479-1 5619907124204208640 2406.53955 0.3813 0.0147 -2.479 3.275 0.013 0.016 0.905 7998.5 3.4336 12.684229 0.161728 12.732529 12.570801 "" "" 2334.47192 2490.2666 158948.09317 73.079 110260.0 147.58 74274.0 108.03 "" "" 0.002800174124157191 0.003145937 0.0040960396 0.0072419764 111.33826329987 -21.02549440931 2406.53955 -2.479 3.2749999999999995 0.97
111.27509378302 -21.0247801726 0.0105 0.0134 0.9344 "" "" 5619909804263839232 2281.11963 0.4028 0.0177 -2.296 3.285 0.016 0.021 0.996 15249.5 4.0989 12.952529 0.213926 13.025164 12.811237 "" "" 2196.40625 2382.77295 124146.73114 136.53 84208.0 283.92 59520.0 202.96 "" "" 0.003002916771404981 0.0046028197 0.0052906303 0.00989345 111.27509378302 -21.0247801726 2281.11963 -2.2960000000000003 3.285 0.9
111.20140877257 -21.00097078746 0.0073 0.0098 5.1781 "" "" 5619909495026264320 2599.93237 0.341 0.0128 -2.366 3.128 0.012 0.015 0.944 7408.7 3.8022 13.515529 0.338013 13.633089 13.295076 "" "" 2520.23389 2689.61841 73915.43624 17.813 48104.0 22.047 38118.0 13.904 "" "" 0.0027677159992223776 0.0028341962 0.0038000753 0.0066342717 111.20140877257 -21.00097078746 2599.93237 -2.366 3.128 0.99
111.28072099886 -21.01994383601 0.0076 0.0106 0.5969 "" "" 5619909799959256320 2716.26636 0.3284 0.0132 -2.309 3.118 0.012 0.016 0.936 11451.3 3.8723 13.651674 0.31073 13.761278 13.450548 "" "" 2640.11084 2816.73511 65204.42395 21.152 42747.0 20.75 33032.0 17.027 "" "" 0.0027777400135149963 0.002839509 0.0038205958 0.0066601047 111.28072099886 -21.01994383601 2716.26636 -2.3089999999999997 3.1179999999999994 1.0
111.30420057456 -21.01454384173 0.0076 0.0099 0.8225 "" "" 5619909769904073600 2516.34277 0.3565 0.0133 -2.181 3.181 0.012 0.015 0.984 10354.2 3.9976 13.748646 0.565769 13.958104 13.392335 "" "" 2439.48413 2613.45996 59633.2239 15.355 35660.0 23.895 34852.0 19.47 "" "" 0.002769466930961452 0.0028834608 0.003827744 0.0067112045 111.30420057456 -21.01454384173 2516.34277 -2.1809999999999996 3.181 0.81
111.21964663671 -21.0142481362 0.0084 0.0117 4.0346 "" "" 5619910697617092736 2841.65942 0.3141 0.0147 -2.253 3.083 0.013 0.018 1.009 12221.9 3.9532 13.902968 0.350492 14.026326 13.675834 "" "" 2725.07104 2936.31201 51732.02004 14.979 33488.0 17.973 26843.0 15.508 "" "" 0.0027731968755400314 0.002850369 0.0038310813 0.0066814506 111.21964663671 -21.0142481362 2841.65942 -2.253 3.083 0.99
111.28712820164 -21.02496040451 0.0084 0.0115 0.329 "" "" 5619909804263828224 2688.69775 0.3335 0.0148 -2.289 3.197 0.013 0.018 0.942 12580.5 4.0243 13.955269 0.330979 14.06941 13.738431 "" "" 2592.39331 2795.61597 49299.14013 14.095 32185.0 19.807 25339.0 13.73 "" "" 0.0027727513660311216 0.0028690598 0.0038248966 0.0066939564 111.28712820164 -21.02496040451 2688.69775 -2.289 3.197 1.0
111.3249918121 -20.99589324073 0.0081 0.0106 2.4184 "" "" 5619910182220920960 2495.18848 0.3611 0.0142 -2.294 3.038 0.012 0.016 0.973 11267.0 4.0083 13.961413 0.300688 14.066602 13.765914 "" "" 2405.1814 2570.39111 49020.89691 13.894 32268.0 21.998 24705.0 12.493 "" "" 0.002772451511064271 0.0028866779 0.0038190542 0.006705732 111.3249918121 -20.99589324073 2495.18848 -2.2940000000000005 3.0380000000000003 1.0
111.36087189273 -21.08133100559 0.0098 0.0126 5.3133 "" "" 5619905642432122752 2485.77051 0.3622 0.0171 -2.331 3.07 0.016 0.02 1.109 10835.2 3.9247 14.024972 0.33174 14.142333 13.810593 "" "" 2383.69141 2612.0625 46233.64277 15.562 30094.0 20.352 23709.0 11.377 "" "" 0.0027794505489374733 0.0028851673 0.0038151238 0.0067002913 111.36087189273 -21.08133100559 2485.77051 -2.3309999999999995 3.0700000000000003 1.0
111.3484374035 -21.01978242954 0.0088 0.0115 3.2007 "" "" 5619907158563940736 2705.69214 0.3279 0.0153 -2.243 3.049 0.014 0.017 0.997 11575.0 4.0362 14.217875 0.308938 14.326697 14.017759 "" "" 2606.72144 2808.33691 38707.63489 12.918 25394.0 13.733 19591.0 12.004 "" "" 0.0027790436705273707 0.002851282 0.0038374865 0.0066887685 111.3484374035 -21.01978242954 2705.69214 -2.243 3.049 1.0
111.36196654942 -21.08243157374 0.0094 0.0125 5.4031 "" "" 5619905646736080128 2550.63208 0.3488 0.0171 -2.302 3.081 0.016 0.02 0.955 10349.7 4.248 14.262048 0.374103 14.394071 14.019968 "" "" 2435.61182 2650.95557 37164.43287 10.55 23867.0 18.803 19551.0 15.358 "" "" 0.0027725049887326932 0.0029183393 0.0038744211 0.0067927605 111.36196654942 -21.08243157374 2550.63208 -2.302 3.081 1.0
111.37784773428 -21.05182861444 0.01 0.013 5.1851 "" "" 5619906127772225536 2451.01855 0.3664 0.0179 -2.24 2.997 0.016 0.019 0.979 10232.3 4.0218 14.468423 0.378581 14.603744 14.225162 "" "" 2336.43774 2559.77319 30731.05346 9.6945 19675.0 18.999 16184.0 11.725 "" "" 0.0027765269617173933 0.0029806471 0.0038603703 0.0068410174 111.37784773428 -21.05182861444 2451.01855 -2.24 2.997 0.99
111.35129496888 -21.03070851047 0.01 0.0131 3.4087 "" "" 5619906952405513216 2459.17627 0.3679 0.0175 -2.301 3.129 0.015 0.019 0.962 10131.2 4.2496 14.547312 0.410936 14.695307 14.28437 "" "" 2370.88184 2544.56567 28577.35642 9.4609 18084.0 11.018 15325.0 12.47 "" "" 0.002778667208744185 0.002867514 0.003881268 0.006748782 111.35129496888 -21.03070851047 2459.17627 -2.301 3.1289999999999996 0.99
111.36636418479 -21.0268863201 0.0103 0.0135 4.218 "" "" 5619907055484721024 2717.94702 0.3286 0.0179 -2.312 3.06 0.016 0.02 1.017 8027.2 4.0212 14.554627 0.756169 14.848547 14.092378 "" "" 2614.06592 2853.4812 28385.45559 7.9214 15704.0 14.756 18290.0 27.141 "" "" 0.002771929513854705 0.002970832 0.0041084713 0.0070793033 111.36636418479 -21.0268863201 2717.94702 -2.312 3.06 1.0
111.21176693984 -20.98724268968 0.0135 0.0181 4.8967 "" "" 5619911002550348032 2427.77808 0.3729 0.0245 -2.384 3.188 0.022 0.028 1.066 10002.7 4.236 15.033154 0.676906 15.274676 14.597771 "" "" 2294.70874 2576.14868 18267.76644 4.9987 10606.0 11.966 11483.0 15.5 "" "" 0.0027712912304320293 0.003047224 0.0040535866 0.0071008103 111.21176693984 -20.98724268968 2427.77808 -2.3839999999999995 3.1880000000000006 0.98
111.2535549725 -21.02579384491 0.0133 0.0176 2.1329 "" "" 5619909907343078784 2552.75781 0.3534 0.0224 -2.389 3.098 0.021 0.027 1.002 9279.7 4.313 15.149122 0.534709 15.347413 14.812704 "" "" 2423.7168 2702.65503 16417.16008 4.795 9918.6 8.5333 9420.6 8.3045 "" "" 0.0027735086876790205 0.0029423768 0.003898689 0.006841066 111.2535549725 -21.02579384491 2552.75781 -2.389 3.098 0.99
111.31738979395 -20.96979475923 0.0154 0.0205 3.4078 "" "" 5619910560178040320 2255.02148 0.401 0.0277 -2.286 3.04 0.024 0.031 0.974 8302.3 4.1474 15.5395 0.846109 15.873867 15.027758 "" "" 2147.48535 2424.03003 11459.00053 2.9083 6107.6 10.505 7727.8 9.088 "" "" 0.0027690653516385904 0.003357444 0.0039892416 0.0073466855 111.31738979395 -20.96979475923 2255.02148 -2.286 3.04 1.0
111.31264591207 -20.94866294394 0.0172 0.023 4.508 "" "" 5619910663257251328 2707.78662 0.3349 0.0325 -2.271 3.149 0.028 0.034 1.052 7275.1 4.4185 15.760112 0.966394 16.156172 15.189777 "" "" 2502.75684 2942.82129 9351.94904 2.6117 4709.2 6.9041 6656.5 8.8555 "" "" 0.0027719535575967793 0.0032122927 0.0040459926 0.0072582853 111.31264591207 -20.94866294394 2707.78662 -2.271 3.149 1.0
111.22429176243 -21.02510269606 0.0178 0.0245 3.7609 "" "" 5619908459929668608 2908.3147 0.3177 0.0312 -2.405 3.142 0.028 0.036 1.04 7126.9 4.3599 15.769419 1.184613 16.275427 15.090814 "" "" 2671.8208 3254.45801 9272.12406 3.8136 4219.4 9.4273 7291.8 11.059 "" "" 0.0027912731147366945 0.003697258 0.004122528 0.007819786 111.22429176243 -21.02510269606 2908.3147 -2.4049999999999994 3.142000000000001 1.0
111.25763120976 -20.93743337423 0.019 0.0256 5.3631 "" "" 5619911556610469248 2348.84448 0.3934 0.0358 -2.295 3.247 0.031 0.04 1.032 8971.6 4.4962 16.022215 0.916696 16.39475 15.478055 "" "" 2184.00977 2549.18896 7346.16592 2.5162 3780.2 7.6563 5104.3 7.4453 "" "" 0.0027803035620491963 0.0035525656 0.00409778 0.0076503456 111.25763120976 -20.93743337423 2348.84448 -2.295 3.247 0.99
111.26316616224 -20.95651421393 0.0231 0.0302 4.1838 "" "" 5619911316092304256 2221.61792 0.4263 0.0412 -2.295 3.189 0.037 0.047 0.991 5992.1 4.5917 16.313747 1.150255 16.803911 15.653656 "" "" 2065.01465 2431.28394 5616.26317 2.2631 2593.3 5.9952 4342.1 7.5065 "" "" 0.0027898383266629296 0.0037530244 0.004219813 0.007972837 111.26316616224 -20.95651421393 2221.61792 -2.295 3.1890000000000005 1.0
