Clusters/BDSB96/BDSB96_stars_in_region.tsv
# %ECSV 1.0
# ---
# datatype:
# - name: RA_ICRS_1
#   unit: deg
#   datatype: float64
#   format: '{:15.11f}'
#   description: Right ascension (ICRS) at Ep=2016.0 (ra)
#   meta: !!omap
#   - {ucd: POS_EQ_RA_MAIN}
#   - {width: 15}
#   - {precision: '11'}
# - name: DE_ICRS_1
#   unit: deg
#   datatype: float64
#   format: '{:15.11f}'
#   description: Declination (ICRS) at Ep=2016.0 (dec)
#   meta: !!omap
#   - {ucd: POS_EQ_DEC_MAIN}
#   - {width: 15}
#   - {precision: '11'}
# - name: e_RA_ICRS
#   unit: mas
#   datatype: float64
#   format: '{:7.4f}'
#   description: Standard error of right ascension (ra_error)
#   meta: !!omap
#   - {ucd: ERROR}
#   - {width: 7}
#   - {precision: '4'}
# - name: e_DE_ICRS
#   unit: mas
#   datatype: float64
#   format: '{:7.4f}'
#   description: Standard error of declination (dec_error)
#   meta: !!omap
#   - {ucd: ERROR}
#   - {width: 7}
#   - {precision: '4'}
# - name: _r_1
#   unit: ''
#   datatype: float64
#   format: '{:7.4f}'
#   description: Distance from center (106.34890617000-12.32210602000)[ICRS], at Epoch=J2016.0
#   meta: !!omap
#   - {ucd: POS_ANG_DIST_GENERAL}
#   - {width: 7}
#   - {precision: '4'}
# - name: HIP
#   datatype: int32
#   description: '? HIP cross-id number, van Leeuwen, Cat. I/311 (hip_original_ext_source_id)'
#   meta: !!omap
#   - {ucd: ID_NUMBER}
#   - {width: 6}
#   - values: {'null': -2147483648}
# - name: TYC2
#   datatype: string
#   description: Tycho-2 cross-id name, Hog et al., Cat. I/259 (tyc2_original_ext_source_id)
#   meta: !!omap
#   - {ucd: ID_CROSSID}
#   - {_votable_string_dtype: char}
# - name: Source
#   datatype: int64
#   description: Source identifier, identical to the Gaia-EDR3 source_id (id)
#   meta: !!omap
#   - {ucd: ID_MAIN}
#   - {width: 19}
# - name: rgeo
#   unit: pc
#   datatype: float64
#   format: '{:15.8f}'
#   description: '? Median of the geometric distance posterior (r_med_geo)'
#   meta: !!omap
#   - {ucd: PHYS_DISTANCE_TRUE}
#   - {width: 15}
#   - {precision: '8'}
#   - values: {'null': .nan}
# - name: Plx
#   unit: mas
#   datatype: float64
#   format: '{:9.4f}'
#   description: '? Parallax (parallax)'
#   meta: !!omap
#   - {ucd: POS_PARLX_TRIG}
#   - {width: 9}
#   - {precision: '4'}
#   - values: {'null': .nan}
# - name: e_Plx
#   unit: mas
#   datatype: float32
#   format: '{:7.4f}'
#   description: '? Standard error of parallax (parallax_error)'
#   meta: !!omap
#   - {ucd: ERROR}
#   - {width: 7}
#   - {precision: '4'}
#   - values: {'null': .nan}
# - name: pmRA
#   unit: mas / yr
#   datatype: float64
#   format: '{:9.3f}'
#   description: '? Proper motion in right ascension direction, pmRA*cosDE (pmra)'
#   meta: !!omap
#   - {ucd: POS_EQ_PMRA}
#   - {width: 9}
#   - {precision: '3'}
#   - values: {'null': .nan}
# - name: pmDE
#   unit: mas / yr
#   datatype: float64
#   format: '{:9.3f}'
#   description: '? Proper motion in declination direction (pmdec)'
#   meta: !!omap
#   - {ucd: POS_EQ_PMDEC}
#   - {width: 9}
#   - {precision: '3'}
#   - values: {'null': .nan}
# - name: e_pmRA
#   unit: mas / yr
#   datatype: float32
#   format: '{:6.3f}'
#   description: '? Standard error of proper motion in right ascension direction (pmra_error)'
#   meta: !!omap
#   - {ucd: ERROR}
#   - {width: 6}
#   - {precision: '3'}
#   - values: {'null': .nan}
# - name: e_pmDE
[...]
#         value: !astropy.table.SerializedColumn {name: SkyCoord.dec}
#       distance: !astropy.table.SerializedColumn
#         __class__: astropy.coordinates.distances.Distance
#         unit: !astropy.units.Unit {unit: pc}
#         value: !astropy.table.SerializedColumn {name: SkyCoord.distance}
#       frame: icrs
#       obstime: !astropy.time.Time {format: jyear_str, in_subfmt: '*', jd1: 367701545.0, jd2: 0.0, out_subfmt: '*', precision: 3, scale: tt}
#       pm_dec: !astropy.table.SerializedColumn
#         __class__: astropy.units.quantity.Quantity
#         unit: !astropy.units.Unit {unit: mas / yr}
#         value: !astropy.table.SerializedColumn {name: SkyCoord.pm_dec}
#       pm_ra_cosdec: !astropy.table.SerializedColumn
#         __class__: astropy.units.quantity.Quantity
#         unit: !astropy.units.Unit {unit: mas / yr}
#         value: !astropy.table.SerializedColumn {name: SkyCoord.pm_ra_cosdec}
#       ra: !astropy.table.SerializedColumn
#         __class__: astropy.coordinates.angles.Longitude
#         unit: *id001
#         value: !astropy.table.SerializedColumn {name: SkyCoord.ra}
#         wrap_angle: !astropy.coordinates.Angle
#           unit: *id001
#           value: 360.0
#       representation_type: spherical
# schema: astropy-2.0
RA_ICRS_1 DE_ICRS_1 e_RA_ICRS e_DE_ICRS _r_1 HIP TYC2 Source rgeo Plx e_Plx pmRA pmDE e_pmRA e_pmDE RUWE Teff logg Gmag BP-RP BPmag RPmag RV e_RV b_rgeo B_rgeo FG e_FG FBP e_FBP FRP e_FRP RAVE5 RAVE6 e_Gmag e_BPmag e_RPmag e_BP-RP SkyCoord.ra SkyCoord.dec SkyCoord.distance SkyCoord.pm_ra_cosdec SkyCoord.pm_dec rmRA rmDE e_rmRA e_rmDE rRV e_rRV v_pec v_pec3d e_vpec e_vpec3d
[from data line 728]
105.83721597079 -12.32014072689 0.0348 0.0394 29.9945 "" "" 3045723457502416768 1326.19934 0.7361 0.0451 -1.0 -4.276 0.044 0.04 1.065 7075.4 4.3185 15.929549 1.561648 16.655107 15.093459 "" "" 1246.21069 1410.11633 8000.68176 3.5992 2974.2 11.843 7274.0 12.751 "" "" 0.002798277027128077 0.005145485 0.0042315573 0.009377042 105.83721597079 -12.32014072689 1326.19934 -0.9999999999999996 -4.276 2.860323429107666 -5.407764650344848 0.29837358 0.29437357 "" "" 38.456538675633304 "" 11.35439419862449 ""
106.21320893578 -12.61499342996 0.0339 0.0409 19.2878 "" "" 3044949504394652416 1053.06592 0.9117 0.0469 0.725 -1.328 0.042 0.043 1.082 4558.8 4.3771 15.93081 1.279466 16.497799 15.218333 "" "" 999.60437 1109.27808 7991.40142 4.0427 3437.9 11.639 6483.7 14.61 "" "" 0.0028095317876186705 0.0046147844 0.00450214 0.009116924 106.21320893578 -12.61499342996 1053.06592 0.7249999999999999 -1.328 4.585323429107666 -2.459764650344849 0.29637358 0.2973736 "" "" 25.97306544426232 "" 7.703542037356806 ""
106.2707563477 -11.79419130493 0.0295 0.0303 32.0051 "" "" 3045815782118834304 1027.92334 0.9361 0.0357 -1.513 1.917 0.037 0.04 0.938 4659.3 4.4562 15.936074 1.373545 16.548016 15.174471 "" "" 994.793152 1060.92334 7952.74709 3.4785 3282.5 17.936 6751.0 16.175 "" "" 0.0027959463974890344 0.006555975 0.004588115 0.01114409 106.2707563477 -11.79419130493 1027.92334 -1.5130000000000003 1.9169999999999987 2.347323429107666 0.7852353496551514 0.29137358 0.29437357 "" "" 12.059965398753022 "" 3.517613402870049 ""
106.32914381133 -12.32768794286 0.0406 0.0437 1.2059 "" "" 3045713905495622272 1022.25293 0.9366 0.0479 -3.602 1.394 0.059 0.068 0.96 6024.3 4.1428 15.940848 2.092737 16.991673 14.898935 "" "" 980.834656 1060.17969 7917.84943 10.44 2181.5 35.135 8701.3 45.556 "" "" 0.0031050328165038808 0.017707946 0.006826148 0.024534093 106.32914381133 -12.32768794286 1022.25293 -3.601999999999997 1.3939999999999997 0.25832342910766615 0.2622353496551513 0.31337357 0.32237357 "" "" 1.783625798204655 "" 0.5671449064625809 ""
106.54663658445 -11.98232035614 0.0317 0.0359 23.4552 "" "" 3045761802970605824 1304.63342 0.7429 0.0412 -0.798 0.063 0.037 0.04 1.037 5372.5 4.5671 15.942625 1.137106 16.43344 15.296333 "" "" 1236.85144 1373.84875 7904.90959 6.0778 3647.9 16.673 6034.3 13.773 "" "" 0.0028790020246876637 0.0056930524 0.0045193923 0.010212445 106.54663658445 -11.98232035614 1304.63342 -0.797999999999999 0.063 3.062323429107666 -1.0687646503448487 0.29137358 0.29437357 "" "" 20.0574822815286 "" 5.850783813208314 ""
106.25544407317 -12.10998691285 0.0327 0.0354 13.8571 "" "" 3045730741766639872 1057.66687 0.914 0.04 -3.444 1.244 0.044 0.049 1.128 4314.5 4.1278 15.946778 1.875525 16.87116 14.995635 "" "" 1016.74542 1101.96875 7874.72649 38.988 2437.5 70.047 7959.8 94.958 "" "" 0.0060405223794283295 0.031325556 0.013492631 0.044818185 106.25544407317 -12.10998691285 1057.66687 -3.444 1.2439999999999998 0.41632342910766607 0.11223534965515136 0.29837358 0.30337358 "" "" 2.16168595243011 "" 0.645727992952335 ""
106.18953072457 -11.86518150753 0.1316 0.1353 28.9661 "" "" 3045809219408918784 1237.93555 0.8241 0.1521 -0.924 2.725 0.158 0.165 3.604 5466.2 4.6899 15.948074 1.311859 16.501085 15.189226 "" "" 1015.18884 1514.35742 7865.33195 14.647 3427.5 18.096 6659.9 16.382 "" "" 0.003417572029988537 0.006375295 0.0046277763 0.011003071 106.18953072457 -11.86518150753 1237.93555 -0.9240000000000003 2.725 2.936323429107666 1.5932353496551515 0.4123736 0.41937357 "" "" 19.60271126448959 "" 8.1150544315244 ""
106.46034965576 -12.31265554816 0.033 0.0348 6.5573 "" "" 3045712015709959296 1086.87964 0.8841 0.0398 4.126 -6.955 0.043 0.047 0.91 5259.7 4.5845 15.949537 1.121626 16.426216 15.30459 "" "" 1045.65894 1140.96301 7854.74127 3.6379 3672.2 20.336 5988.6 11.541 "" "" 0.002800830778378126 0.0066284696 0.004319933 0.010948403 106.46034965576 -12.31265554816 1086.87964 4.126 -6.955000000000004 7.986323429107666 -8.086764650344849 0.2973736 0.30137357 "" "" 58.55346514818019 "" 17.53121521563954 ""
105.93936428852 -12.59481530814 0.0364 0.0421 29.042 "" "" 3045609451890202880 1040.22791 0.9434 0.0486 -3.925 -2.332 0.043 0.045 1.11 4582.2 4.415 15.951527 1.417274 16.597475 15.180202 "" "" 989.772766 1086.27356 7840.36427 4.1597 3136.4 18.281 6715.5 14.155 "" "" 0.0028148903210823187 0.006916176 0.0044182665 0.0113344425 105.93936428852 -12.59481530814 1040.22791 -3.925 -2.332 -0.0646765708923338 -3.4637646503448485 0.2973736 0.29937357 "" "" 17.081693141911153 "" 5.113795540867404 ""
106.40937940247 -12.25403710003 0.0513 0.0641 5.4082 "" "" 3045716138878550528 1229.77954 0.7915 0.0568 -0.328 0.178 0.072 0.092 1.018 "" "" 15.951643 "" "" "" "" "" 1154.29419 1323.51685 7839.52485 12.256 "" "" "" "" "" "" 0.0032361928503121546 "" "" "" 106.40937940247 -12.25403710003 1229.77954 -0.32799999999999996 0.178 3.532323429107666 -0.9537646503448487 0.32637358 0.3463736 "" "" 21.327838546740015 "" 6.990652479694375 ""
106.40916183529 -11.8413918042 0.0319 0.0327 29.0587 "" "" 3045767884643503488 1137.34363 0.8432 0.0381 -4.586 10.427 0.039 0.039 0.956 4983.9 4.391 15.953222 1.122552 16.432777 15.310225 "" "" 1102.80542 1181.97375 7828.12753 4.2099 3650.1 15.241 5957.6 14.504 "" "" 0.002816509918557764 0.005323308 0.004612004 0.009935312 106.40916183529 -11.8413918042 1137.34363 -4.586000000000002 10.426999999999996 -0.7256765708923343 9.295235349655151 0.29337358 0.29337358 "" "" 50.26317307646266 "" 14.74588726621655 ""
106.35723268573 -12.52688795114 0.0351 0.0418 12.2966 "" "" 3044951978295747584 936.077209 1.0304 0.0446 5.92 -6.499 0.044 0.053 1.084 4865.5 4.6104 15.955424 1.234109 16.497879 15.26377 "" "" 902.508545 985.555298 7812.26631 3.7326 3437.7 8.5251 6218.0 9.1634 "" "" 0.002803728186103997 0.0038774486 0.004104126 0.007981574 106.35723268573 -12.52688795114 936.077209 5.92 -6.498999999999999 9.780323429107666 -7.630764650344848 0.29837358 0.30737358 "" "" 55.04092860733862 "" 16.611940925518176 ""
106.60375998835 -12.47587839277 0.0346 0.0373 17.5547 "" "" 3044956170184510336 958.243713 1.0154 0.0412 -0.044 -4.218 0.043 0.047 1.109 4953.2 4.6046 15.959172 1.227283 16.497786 15.270502 "" "" 921.377075 991.859924 7785.34364 3.9472 3438.0 8.6773 6179.6 17.285 "" "" 0.002809770348862951 0.0039108135 0.0048483615 0.0087591745 106.60375998835 -12.47587839277 958.243713 -0.043999999999999984 -4.218 3.816323429107666 -5.349764650344849 0.2973736 0.30137357 "" "" 29.848141451426635 "" 8.955352792836177 ""
106.24510351022 -12.18243569802 0.0308 0.0356 10.3572 "" "" 3045729844114301824 1370.41858 0.6873 0.0383 1.28 -1.394 0.039 0.05 0.987 5653.2 4.5003 15.960658 1.269637 16.521019 15.251382 "" "" 1293.79382 1476.56055 7774.6981 3.7395 3365.2 14.954 6289.3 14.389 "" "" 0.0028043723310200203 0.005573404 0.0045226114 0.010096015 106.24510351022 -12.18243569802 1370.41858 1.28 -1.3940000000000001 5.140323429107666 -2.5257646503448488 0.29337358 0.3043736 "" "" 37.20355743728764 "" 10.995323964825294 ""
106.54446916917 -12.78029834913 0.0331 0.0395 29.7819 "" "" 3044929605807683328 1118.06726 0.8635 0.0456 0.709 3.863 0.04 0.049 0.992 5292.9 4.627 15.960658 1.093308 16.419756 15.326448 "" "" 1067.46375 1170.10437 7774.69616 4.1009 3694.2 30.754 5869.2 13.199 "" "" 0.00281420751764161 0.009459543 0.004499496 0.013959039 106.54446916917 -12.78029834913 1118.06726 0.7089999999999999 3.863 4.569323429107666 2.7312353496551514 0.29437357 0.30337358 "" "" 28.211985542072597 "" 8.372447121770499 ""
106.76329367127 -12.24458319159 0.0306 0.0342 24.7353 "" "" 3044986097516263552 1183.15576 0.8159 0.0393 0.295 -0.058 0.038 0.039 0.981 5317.3 4.6027 15.962161 1.141846 16.452784 15.310938 "" "" 1126.60059 1244.30603 7763.94404 4.2782 3583.5 12.429 5953.6 13.054 "" "" 0.002819525833949537 0.004686793 0.0044666575 0.00915345 106.76329367127 -12.24458319159 1183.15576 0.295 -0.057999999999999996 4.155323429107666 -1.1897646503448487 0.29237357 0.29337358 "" "" 24.24012669314574 "" 7.08901191482366 ""
106.55731398671 -12.76856571307 0.0372 0.0437 29.4374 "" "" 3044929713186306816 972.393677 1.0054 0.0499 -3.974 2.686 0.046 0.054 1.11 4969.6 4.5145 15.962833 1.195836 16.463947 15.268111 "" "" 925.221252 1022.68762 7759.13616 5.8536 3546.8 17.407 6193.2 19.466 "" "" 0.0028744921520864218 0.0060148826 0.005092111 0.011106994 106.55731398671 -12.76856571307 972.393677 -3.9739999999999984 2.686 -0.11367657089233418 1.5542353496551513 0.30037358 0.30837357 "" "" 7.182833020664654 "" 2.2146940530087003 ""
106.59347228364 -12.50915431918 0.0334 0.0361 18.2023 "" "" 3044954894577629312 1267.73608 0.7437 0.0407 -0.272 3.72 0.043 0.046 1.111 4870.5 4.3385 15.964277 1.130098 16.442686 15.312588 "" "" 1207.99634 1339.35388 7748.82763 3.5577 3616.9 13.288 5944.6 12.032 "" "" 0.0028000505362184716 0.004867849 0.004371838 0.009239687 106.59347228364 -12.50915431918 1267.73608 -0.272 3.7200000000000037 3.5883234291076658 2.5882353496551516 0.2973736 0.30037358 "" "" 26.58632932205905 "" 7.933457548335182 ""
106.24025707809 -12.49882375721 0.0322 0.0384 12.3676 "" "" 3045703425775491328 959.429504 1.0107 0.047 0.555 -2.459 0.042 0.041 0.948 4783.4 4.5141 15.964611 1.223676 16.503588 15.279912 "" "" 924.429993 997.319397 7746.44161 6.3085 3419.6 13.631 6126.2 18.228 "" "" 0.002893715688800552 0.0051493417 0.0049719186 0.01012126 106.24025707809 -12.49882375721 959.429504 0.5549999999999997 -2.458999999999998 4.415323429107666 -3.5907646503448487 0.29637358 0.2953736 "" "" 25.88141284119155 "" 7.660274363396611 ""
106.30120536229 -12.3106173899 0.0374 0.0394 2.8799 "" "" 3045714214733268736 1081.48132 0.8797 0.0461 -4.105 1.198 0.051 0.06 1.022 9677.6 4.3074 15.964914 2.042771 16.961777 14.919005 "" "" 1032.95959 1154.53796 7744.27722 55.564 2242.4 60.763 8541.9 156.5 "" "" 0.008262913217176782 0.029552538 0.020248104 0.04980064 106.30120536229 -12.3106173899 1081.48132 -4.105000000000003 1.198 -0.2446765708923344 0.06623534965515132 0.30537358 0.31437358 "" "" 1.2994111523048304 "" 0.3976152673914272 ""
106.57092763282 -12.63383729827 0.033 0.0357 22.7817 "" "" 3044940433425309952 1264.98645 0.7606 0.0405 -3.091 8.79 0.043 0.052 1.048 5266.5 4.5674 15.966184 1.223403 16.496067 15.272664 "" "" 1204.56641 1330.30176 7735.22776 5.3 3443.4 12.122 6167.3 17.308 "" "" 0.0028539811660348515 0.004732241 0.004854698 0.00958694 106.57092763282 -12.63383729827 1264.98645 -3.0910000000000006 8.79 0.7693234291076658 7.6582353496551505 0.2973736 0.3063736 "" "" 46.15017010251112 "" 14.135104247708377 ""
106.38875105517 -11.8897691343 0.0319 0.034 26.0453 "" "" 3045767128729312640 1017.32971 0.9559 0.0387 -2.028 2.2 0.039 0.041 1.032 5149.6 4.6096 15.968123 1.260643 16.512194 15.251551 "" "" 976.922791 1063.52515 7721.42376 3.3999 3392.6 25.749 6288.4 16.16 "" "" 0.0027964874347852654 0.008700023 0.004697722 0.013397746 106.38875105517 -11.8897691343 1017.32971 -2.028 2.2 1.832323429107666 1.0682353496551515 0.29337358 0.2953736 "" "" 10.227645470957773 "" 3.0057230203587393 ""
106.32955026543 -12.23841746823 0.0357 0.0369 5.1479 "" "" 3045716718694118528 1329.79529 0.7226 0.0416 -1.392 4.057 0.046 0.052 1.081 5770.2 4.4886 15.969269 1.329378 16.556269 15.226891 "" "" 1271.96216 1404.42053 7713.27894 10.65 3257.7 24.377 6432.8 33.349 "" "" 0.0031367394064949557 0.008590203 0.006779811 0.015370013 106.32955026543 -12.23841746823 1329.79529 -1.3920000000000001 4.057 2.468323429107666 2.9252353496551518 0.30037358 0.3063736 "" "" 24.125501366673983 "" 7.3315624179955545 ""
106.02331650592 -12.40366792616 0.2451 0.2693 19.6999 "" "" 3045718440980581376 1101.07483 1.1762 0.3196 0.075 -1.605 0.293 0.284 8.03 9492.7 3.998 15.96974 1.920659 16.83982 14.919162 "" "" 792.841797 1630.59412 7709.93373 23.77 2508.9 9.4679 8540.7 12.088 "" "" 0.0043355080831441965 0.0049570836 0.004079845 0.009036928 106.02331650592 -12.40366792616 1101.07483 0.075 -1.605 3.935323429107666 -2.7367646503448486 0.5473736 0.5383736 "" "" 25.01719091369299 "" 13.62076306554764 ""
106.65309922206 -12.61166698944 0.0579 0.0599 24.8885 "" "" 3044940192907164672 1361.24817 0.7122 0.0685 2.328 -3.268 0.077 0.082 1.712 5492.5 4.6752 15.979626 1.175781 16.458925 15.283144 "" "" 1274.53284 1526.80151 7640.05184 7.21 3563.3 12.78 6108.0 12.561 "" "" 0.0029396662550052323 0.0047904863 0.00438966 0.009180146 106.65309922206 -12.61166698944 1361.24817 2.328 -3.268 6.188323429107665 -4.399764650344848 0.33137357 0.33637357 "" "" 48.992279311852066 "" 16.317405986231392 ""
106.48746236899 -12.75405783767 0.0362 0.0409 27.1579 "" "" 3044932874282270592 1186.43762 0.8196 0.047 -3.402 0.724 0.043 0.051 1.061 4802.9 4.2606 15.980567 1.648679 16.755348 15.106669 "" "" 1116.35999 1256.07751 7633.43701 28.674 2711.9 36.032 7186.1 75.462 "" "" 0.0049219242206904 0.014693124 0.012011508 0.026704632 106.48746236899 -12.75405783767 1186.43762 -3.402 0.7240000000000012 0.4583234291076659 -0.40776465034484866 0.2973736 0.30537358 "" "" 3.449920138102142 "" 1.038199611324057 ""
106.84105581631 -12.41776946589 0.0329 0.0335 29.409 "" "" 3044968848927724544 986.262085 0.977 0.0376 -4.457 3.308 0.04 0.038 1.047 5190.2 4.5979 15.986532 1.172299 16.489534 15.317235 "" "" 948.998657 1022.8819 7591.60676 3.319 3464.2 8.787 5919.2 10.479 "" "" 0.0027959090303863714 0.003920395 0.0042400802 0.008160476 106.84105581631 -12.41776946589 986.262085 -4.457000000000005 3.308 -0.5966765708923338 2.176235349655151 0.29437357 0.29237357 "" "" 10.549111131198023 "" 3.0857610928897494 ""
106.36606667443 -12.46130872608 0.0421 0.0472 8.4125 "" "" 3045708820254371968 1331.56799 0.7278 0.0527 -2.238 1.875 0.057 0.065 1.143 "" "" 15.986656 1.363994 16.554455 15.190461 "" "" 1258.59753 1409.29028 7590.74346 9.2361 3263.1 19.139 6652.3 22.594 "" "" 0.003055656659845039 0.006952579 0.005280363 0.0122329425 106.36606667443 -12.46130872608 1331.56799 -2.2380000000000027 1.8749999999999987 1.622323429107666 0.7432353496551514 0.3113736 0.31937358 "" "" 11.262916518623257 "" 3.522770545688363 ""
106.12464142283 -12.19804940272 0.0338 0.0384 15.1096 "" "" 3045731394601758080 1295.36841 0.7289 0.0427 -0.544 -1.713 0.046 0.045 1.015 7809.6 4.2198 15.987009 1.469866 16.653671 15.183805 "" "" 1239.31873 1382.84058 7588.2787 4.3603 2978.2 16.377 6693.2 16.069 "" "" 0.0028250679873271477 0.0065902164 0.004591105 0.011181321 106.12464142283 -12.19804940272 1295.36841 -0.5439999999999994 -1.713 3.316323429107666 -2.8447646503448487 0.30037358 0.29937357 "" "" 26.82763704558912 "" 8.046951782197276 ""
106.37786950868 -12.38179854848 0.0343 0.0363 3.9635 "" "" 3045709816686761728 1216.63635 0.7928 0.0424 -2.233 -2.452 0.051 0.057 1.118 5717.0 4.5941 15.987259 1.147134 16.472202 15.325068 "" "" 1158.2887 1272.53308 7586.53275 3.4706 3519.9 12.849 5876.7 17.933 "" "" 0.0027997304287106757 0.004846984 0.0050260145 0.009872999 106.37786950868 -12.38179854848 1216.63635 -2.2330000000000014 -2.452 1.627323429107666 -3.5837646503448486 0.30537358 0.3113736 "" "" 22.697946849927458 "" 7.044447338532945 ""
106.8364063551 -12.16599298249 0.0329 0.0358 30.0802 "" "" 3044992866384599168 1187.55164 0.81 0.0427 -1.55 -2.264 0.04 0.038 1.024 5683.0 4.6434 15.999475 1.252951 16.548521 15.29557 "" "" 1129.7644 1246.078 7501.65445 4.7329 3281.0 13.18 6038.5 12.079 "" "" 0.002839194094153908 0.0051775984 0.0043589654 0.009536564 106.8364063551 -12.16599298249 1187.55164 -1.55 -2.264 2.310323429107666 -3.3957646503448484 0.29437357 0.29237357 "" "" 23.119215507037666 "" 6.774112354025097 ""
