Clusters/BDSB96/BDSB96_stars_in_region.tsv
# %ECSV 1.0
# ---
# datatype:
# - name: RA_ICRS_1
#   unit: deg
#   datatype: float64
#   format: '{:15.11f}'
#   description: Right ascension (ICRS) at Ep=2016.0 (ra)
#   meta: !!omap
#   - {ucd: POS_EQ_RA_MAIN}
#   - {width: 15}
#   - {precision: '11'}
# - name: DE_ICRS_1
#   unit: deg
#   datatype: float64
#   format: '{:15.11f}'
#   description: Declination (ICRS) at Ep=2016.0 (dec)
#   meta: !!omap
#   - {ucd: POS_EQ_DEC_MAIN}
#   - {width: 15}
#   - {precision: '11'}
# - name: e_RA_ICRS
#   unit: mas
#   datatype: float64
#   format: '{:7.4f}'
#   description: Standard error of right ascension (ra_error)
#   meta: !!omap
#   - {ucd: ERROR}
#   - {width: 7}
#   - {precision: '4'}
# - name: e_DE_ICRS
#   unit: mas
#   datatype: float64
#   format: '{:7.4f}'
#   description: Standard error of declination (dec_error)
#   meta: !!omap
#   - {ucd: ERROR}
#   - {width: 7}
#   - {precision: '4'}
# - name: _r_1
#   unit: ''
#   datatype: float64
#   format: '{:7.4f}'
#   description: Distance from center (106.34890617000-12.32210602000)[ICRS], at Epoch=J2016.0
#   meta: !!omap
#   - {ucd: POS_ANG_DIST_GENERAL}
#   - {width: 7}
#   - {precision: '4'}
# - name: HIP
#   datatype: int32
#   description: '? HIP cross-id number, van Leeuwen, Cat. I/311 (hip_original_ext_source_id)'
#   meta: !!omap
#   - {ucd: ID_NUMBER}
#   - {width: 6}
#   - values: {'null': -2147483648}
# - name: TYC2
#   datatype: string
#   description: Tycho-2 cross-id name, Hog et al., Cat. I/259 (tyc2_original_ext_source_id)
#   meta: !!omap
#   - {ucd: ID_CROSSID}
#   - {_votable_string_dtype: char}
# - name: Source
#   datatype: int64
#   description: Source identifier, identical to the Gaia-EDR3 source_id (id)
#   meta: !!omap
#   - {ucd: ID_MAIN}
#   - {width: 19}
# - name: rgeo
#   unit: pc
#   datatype: float64
#   format: '{:15.8f}'
#   description: '? Median of the geometric distance posterior (r_med_geo)'
#   meta: !!omap
#   - {ucd: PHYS_DISTANCE_TRUE}
#   - {width: 15}
#   - {precision: '8'}
#   - values: {'null': .nan}
# - name: Plx
#   unit: mas
#   datatype: float64
#   format: '{:9.4f}'
#   description: '? Parallax (parallax)'
#   meta: !!omap
#   - {ucd: POS_PARLX_TRIG}
#   - {width: 9}
#   - {precision: '4'}
#   - values: {'null': .nan}
# - name: e_Plx
#   unit: mas
#   datatype: float32
#   format: '{:7.4f}'
#   description: '? Standard error of parallax (parallax_error)'
#   meta: !!omap
#   - {ucd: ERROR}
#   - {width: 7}
#   - {precision: '4'}
#   - values: {'null': .nan}
# - name: pmRA
#   unit: mas / yr
#   datatype: float64
#   format: '{:9.3f}'
#   description: '? Proper motion in right ascension direction, pmRA*cosDE (pmra)'
#   meta: !!omap
#   - {ucd: POS_EQ_PMRA}
#   - {width: 9}
#   - {precision: '3'}
#   - values: {'null': .nan}
# - name: pmDE
#   unit: mas / yr
#   datatype: float64
#   format: '{:9.3f}'
#   description: '? Proper motion in declination direction (pmdec)'
#   meta: !!omap
#   - {ucd: POS_EQ_PMDEC}
#   - {width: 9}
#   - {precision: '3'}
#   - values: {'null': .nan}
# - name: e_pmRA
#   unit: mas / yr
#   datatype: float32
#   format: '{:6.3f}'
#   description: '? Standard error of proper motion in right ascension direction (pmra_error)'
#   meta: !!omap
#   - {ucd: ERROR}
#   - {width: 6}
#   - {precision: '3'}
#   - values: {'null': .nan}
# - name: e_pmDE
[...]
#         value: !astropy.table.SerializedColumn {name: SkyCoord.dec}
#       distance: !astropy.table.SerializedColumn
#         __class__: astropy.coordinates.distances.Distance
#         unit: !astropy.units.Unit {unit: pc}
#         value: !astropy.table.SerializedColumn {name: SkyCoord.distance}
#       frame: icrs
#       obstime: !astropy.time.Time {format: jyear_str, in_subfmt: '*', jd1: 367701545.0, jd2: 0.0, out_subfmt: '*', precision: 3, scale: tt}
#       pm_dec: !astropy.table.SerializedColumn
#         __class__: astropy.units.quantity.Quantity
#         unit: !astropy.units.Unit {unit: mas / yr}
#         value: !astropy.table.SerializedColumn {name: SkyCoord.pm_dec}
#       pm_ra_cosdec: !astropy.table.SerializedColumn
#         __class__: astropy.units.quantity.Quantity
#         unit: !astropy.units.Unit {unit: mas / yr}
#         value: !astropy.table.SerializedColumn {name: SkyCoord.pm_ra_cosdec}
#       ra: !astropy.table.SerializedColumn
#         __class__: astropy.coordinates.angles.Longitude
#         unit: *id001
#         value: !astropy.table.SerializedColumn {name: SkyCoord.ra}
#         wrap_angle: !astropy.coordinates.Angle
#           unit: *id001
#           value: 360.0
#       representation_type: spherical
# schema: astropy-2.0
RA_ICRS_1 DE_ICRS_1 e_RA_ICRS e_DE_ICRS _r_1 HIP TYC2 Source rgeo Plx e_Plx pmRA pmDE e_pmRA e_pmDE RUWE Teff logg Gmag BP-RP BPmag RPmag RV e_RV b_rgeo B_rgeo FG e_FG FBP e_FBP FRP e_FRP RAVE5 RAVE6 e_Gmag e_BPmag e_RPmag e_BP-RP SkyCoord.ra SkyCoord.dec SkyCoord.distance SkyCoord.pm_ra_cosdec SkyCoord.pm_dec rmRA rmDE e_rmRA e_rmDE rRV e_rRV v_pec v_pec3d e_vpec e_vpec3d
[from data line 147]
106.19011488291 -12.73896200362 0.0314 0.037 26.6846 "" "" 3044853602064854272 1067.35059 0.9091 0.0384 -6.549 2.132 0.036 0.036 2.177 5472.1 4.0909 13.562611 1.017273 13.984566 12.967293 83.07 3.16 1025.90881 1108.45813 70778.70118 20.099 34801.0 17.841 51551.0 24.179 "" "" 0.002772516585032295 0.0028451474 0.003813536 0.0066586835 106.19011488291 -12.73896200362 1067.35059 -6.548999999999997 2.132 -2.6886765708923344 1.0002353496551515 0.29037356 0.29037356 76.74285714285713 4.9176474 14.513458200346493 78.10317913748571 4.214324580210447 4.895045957841104
106.0817713033 -12.45522053225 0.0467 0.0407 17.5746 "" "" 3045706140194851328 951.231384 1.0248 0.0571 -0.92 0.15 0.064 0.047 1.452 "" "" 13.57918 "" "" "" 56.73 7.78 895.248474 1019.26935 69706.78123 94.476 "" "" "" "" "" "" 0.003123652696523502 "" "" "" 106.0817713033 -12.45522053225 951.231384 -0.92 0.15000000000000013 2.940323429107666 -0.9817646503448486 0.3183736 0.30137357 50.40285714285714 9.537647 13.976931208683654 52.30490047954914 4.426628152556849 9.266622890550614
106.29296463207 -11.96955206274 0.0134 0.0137 21.4062 "" "" 3045760531659678208 1089.66382 0.8752 0.0166 2.056 -1.772 0.021 0.021 0.945 5981.6 3.9302 13.589813 0.906324 13.957815 13.051491 19.24 4.36 1070.00415 1109.70105 69027.40468 17.859 35669.0 30.458 47705.0 29.041 "" "" 0.0027696023493150013 0.0029401693 0.003836742 0.006776911 106.29296463207 -11.96955206274 1089.66382 2.056 -1.7720000000000007 5.916323429107666 -2.903764650344849 0.27537358 0.27537358 12.91285714285714 6.117647 34.03999176735107 36.406907574156385 9.373714330503075 9.028903866364862
106.56514558572 -12.38579604985 0.0167 0.0177 13.2375 "" "" 3044959949754974336 1181.71924 0.8064 0.0201 -1.602 -0.393 0.022 0.022 1.512 "" "" 13.600924 0.874839 13.947024 13.072185 41.21 5.1 1154.23499 1205.10156 68324.65905 17.716 36025.0 25.713 46804.0 25.386 "" "" 0.002769664979152754 0.002895789 0.0038249865 0.0067207757 106.56514558572 -12.38579604985 1181.71924 -1.6019999999999994 -0.39299999999999985 2.2583234291076657 -1.5247646503448486 0.27637357 0.27637357 34.88285714285714 6.857647 15.262964249878738 38.07586900048449 4.218279845213204 6.506144529339332
106.34000626168 -12.69748714381 0.0147 0.0161 22.5289 "" "" 3044945243787091072 1205.08044 0.7921 0.0178 -1.291 0.861 0.017 0.019 1.151 6129.0 3.7944 13.613664 0.872008 13.960219 13.088211 27.79 4.23 1178.13525 1240.29688 67527.59792 16.522 35590.0 33.328 46118.0 24.831 "" "" 0.002768096449546878 0.0029696445 0.0038243257 0.0067939702 106.34000626168 -12.69748714381 1205.08044 -1.2910000000000001 0.861 2.569323429107666 -0.27076465034484865 0.27137357 0.27337357 21.46285714285714 5.987647 14.757453991429099 26.046817176842172 4.005108339053975 5.430695504424046
106.56027386745 -12.57895471011 0.0131 0.0134 19.7701 "" "" 3044952940369256192 1068.59009 0.8971 0.0166 -3.434 1.095 0.017 0.021 1.136 5652.9 4.0243 13.617853 1.052805 14.058167 13.005362 51.07 9.24 1050.31372 1084.83044 67267.5019 80.735 32520.0 131.06 49775.0 172.32 "" "" 0.0030479309713860926 0.0051895548 0.0053303163 0.0105198715 106.56027386745 -12.57895471011 1068.59009 -3.4339999999999993 1.0950000000000009 0.42632342910766585 -0.03676465034484866 0.27137357 0.27537358 44.74285714285714 10.997646 2.167392551184049 44.795321806825434 0.5882375197752271 10.984802666106544
105.9345304424 -12.66127853042 0.0135 0.0161 31.6759 "" "" 3045607867041852288 1278.39661 0.7431 0.0183 -2.214 0.399 0.016 0.017 1.015 7988.8 4.2666 13.620232 0.725067 13.904134 13.179067 "" "" 1250.73279 1313.58789 67120.34775 24.252 37477.0 35.965 42416.0 20.472 "" "" 0.0027831076597525798 0.0029783673 0.0038155382 0.0067939055 105.9345304424 -12.66127853042 1278.39661 -2.2140000000000013 0.39899999999999963 1.646323429107666 -0.7327646503448486 0.27037358 0.27137357 "" "" 10.919602293068312 "" 2.954180309462755 ""
106.54897194424 -11.85583342987 0.0121 0.0125 30.3389 "" "" 3045765342023568000 1184.35449 0.8067 0.0138 1.5 0.726 0.015 0.014 0.999 6297.8 3.7717 13.635036 1.113984 14.107377 12.993393 65.79 3.68 1166.86621 1200.05762 66211.29222 13.747 31079.0 30.336 50327.0 33.386 "" "" 0.0027645262495475525 0.0029846577 0.0038474014 0.006832059 106.54897194424 -11.85583342987 1184.35449 1.5 0.7260000000000002 5.360323429107666 -0.40576465034484865 0.26937357 0.26837358 59.462857142857146 5.437647 30.178092361725064 66.68244625225327 8.129008731520786 6.086571039509824
106.71277503228 -12.48290956421 0.0319 0.0327 23.4039 "" "" 3044966959142279552 1322.02515 0.7273 0.038 -1.596 -5.268 0.041 0.042 3.421 6264.5 3.8742 13.638935 0.891126 13.957066 13.06594 40.01 4.37 1245.8988 1392.5675 65973.98771 29.916 35694.0 32.297 47074.0 43.937 "" "" 0.002798959968958933 0.0029580686 0.003912885 0.006870954 106.71277503228 -12.48290956421 1322.02515 -1.596 -5.268 2.264323429107666 -6.399764650344848 0.2953736 0.29637358 33.68285714285714 6.127647 42.53964300997139 54.26007825945268 12.602900465704701 10.58752714014104
106.11877289712 -12.65269645181 0.0136 0.0177 23.9831 "" "" 3045606050276072704 1028.84326 0.9326 0.0183 3.875 -7.445 0.016 0.017 1.074 5694.1 4.1159 13.646543 0.91851 14.024347 13.105837 -7.37 4.63 1011.26349 1049.90552 65513.28907 12.162 33549.0 37.366 45376.0 23.037 "" "" 0.002762682573229375 0.0030409486 0.0038193676 0.0068603163 106.11877289712 -12.65269645181 1028.84326 3.875 -7.445 7.735323429107666 -8.576764650344849 0.27037358 0.27137357 -13.697142857142858 6.387647 56.32473512504521 57.96626181974719 15.259805856625224 14.904293146228598
106.40100670846 -12.85385570485 0.0172 0.0195 32.0505 "" "" 3044836770093242880 1251.76746 0.7597 0.0224 0.932 7.192 0.017 0.019 1.171 6429.1 4.0567 13.672858 0.802272 13.989484 13.187212 27.43 4.23 1210.91565 1288.25745 63944.52652 17.92 34644.0 26.245 42099.0 20.695 "" "" 0.002772069543449258 0.0029088787 0.0038168821 0.006725761 106.40100670846 -12.85385570485 1251.76746 0.9320000000000002 7.191999999999999 4.792323429107666 6.0602353496551515 0.27137357 0.27337357 21.10285714285714 5.987647 45.84194484202852 50.465973551408105 12.496781154065786 11.624588380713721
106.24731742247 -12.04401336273 0.0127 0.0132 17.7174 "" "" 3045757645441737984 957.211487 1.0015 0.0147 0.202 -5.817 0.015 0.017 1.047 6526.7 4.187 13.700624 0.755489 13.994048 13.238559 2.36 4.05 945.091675 971.027222 62330.01152 13.19 34498.0 59.119 40155.0 29.348 "" "" 0.0027648830800340017 0.0033536474 0.0038617894 0.0072154365 106.24731742247 -12.04401336273 957.211487 0.2020000000000002 -5.8170000000000055 4.062323429107666 -6.948764650344849 0.26937357 0.27137357 -3.9671428571428584 5.807647 36.52017633938813 36.735017385445516 9.892057255733171 9.854184095035329
105.87996171532 -12.55308823015 0.0153 0.0169 30.7736 "" "" 3045621615236744832 1259.29602 0.7508 0.0188 -0.543 -0.49 0.018 0.018 1.165 "" "" 13.71475 0.716948 13.989125 13.272178 "" "" 1232.51318 1290.83997 61524.30952 23.539 34655.0 25.346 38930.0 22.937 "" "" 0.0027864575735957065 0.002900969 0.0038331375 0.0067341067 105.87996171532 -12.55308823015 1259.29602 -0.543 -0.49 3.317323429107666 -1.6217646503448486 0.2723736 0.2723736 "" "" 22.04092652216475 "" 6.003366215288868 ""
106.12340854133 -12.46082821659 0.0138 0.0162 15.6175 "" "" 3045705418640335872 1215.51221 0.7909 0.0209 1.615 -0.002 0.017 0.018 0.992 7582.0 3.9365 13.745102 1.031577 14.171078 13.139501 34.79 3.99 1187.36792 1249.05505 59828.22056 16.661 29308.0 39.888 43990.0 43.44 "" "" 0.0027718601755768193 0.003157307 0.0039285184 0.0070858253 106.12340854133 -12.46082821659 1215.51221 1.6150000000000007 -0.001999999999999971 5.475323429107666 -1.1337646503448486 0.27137357 0.2723736 28.46285714285714 5.7476473 32.21543715027227 42.988005623869505 8.743745065425681 7.57754226657832
106.52601591625 -12.56381965505 0.0138 0.0142 17.8329 "" "" 3044952837290052992 1103.15625 0.8662 0.017 -3.263 1.048 0.017 0.021 1.111 6566.5 4.1784 13.748413 0.753253 14.036254 13.283001 32.52 8.36 1085.85645 1124.77759 59646.03787 16.83 33183.0 50.579 38544.0 58.132 "" "" 0.0027722993325469064 0.0032440457 0.0041188775 0.007362923 106.52601591625 -12.56381965505 1103.15625 -3.263 1.0480000000000014 0.5973234291076661 -0.08376465034484859 0.27137357 0.27537358 26.192857142857143 10.117647 3.153942413124175 26.38206053460241 0.8561416799003899 10.045608178275373
106.2974764261 -12.49167444536 0.014 0.0146 10.6111 "" "" 3045702841659921024 1011.9126 0.947 0.0171 -1.218 -1.8 0.019 0.019 1.083 6333.3 4.0726 13.754612 0.732657 14.041122 13.308466 42.62 5.01 996.58606 1027.34558 59306.45213 17.863 33035.0 31.446 37651.0 30.134 "" "" 0.0027746590246927132 0.0029754317 0.0038779937 0.0068534254 106.2974764261 -12.49167444536 1011.9126 -1.218 -1.799999999999999 2.642323429107666 -2.9317646503448485 0.27337357 0.27337357 36.29285714285714 6.7676473 18.93062215216559 40.933359679604834 5.175131836130887 6.460124446335867
106.5431946016 -11.92774587036 0.0118 0.0124 26.2634 "" "" 3045763246079580672 1187.47534 0.8003 0.0141 -1.043 -0.149 0.014 0.015 1.044 6373.3 4.0568 13.762169 0.874974 14.114316 13.239342 -2.51 13.37 1167.79456 1207.08752 58895.12337 18.237 30881.0 39.281 40126.0 43.267 "" "" 0.002775755784695907 0.0031132621 0.003956555 0.007069817 106.5431946016 -11.92774587036 1187.47534 -1.043 -0.14899999999999997 2.817323429107666 -1.2807646503448487 0.26837358 0.26937357 -8.837142857142858 15.127647 17.41938676956613 19.532796249008655 4.677891133858227 8.015345595304609
106.4301060024 -12.57518466525 0.0133 0.0149 15.9125 "" "" 3044947855127141376 1086.78345 0.8809 0.0159 -3.373 1.133 0.017 0.021 1.117 5378.4 3.5613 13.763733 0.97622 14.168068 13.191848 49.2 6.96 1070.16394 1104.66345 58810.3279 42.81 29389.0 103.94 41920.0 75.037 "" "" 0.0028664319975723928 0.0047465814 0.004249802 0.008996383 106.4301060024 -12.57518466525 1086.78345 -3.373 1.1330000000000002 0.4873234291076658 0.0012353496551513743 0.27137357 0.27537358 42.87285714285714 8.717648 2.510383343900163 42.94629092395719 0.681251755018607 8.702832371362819
106.60612600378 -12.57066733672 0.0222 0.0227 21.2023 "" "" 3044941292417899264 1355.79199 0.6986 0.0259 3.206 -0.088 0.03 0.033 1.692 "" "" 13.771331 1.290213 14.339989 13.049776 -23.68 3.51 1311.12061 1403.89282 58400.22152 12.247 25085.0 25.355 47780.0 26.921 "" "" 0.002764711753517479 0.00299823 0.0038285712 0.006826801 106.60612600378 -12.57066733672 1355.79199 3.2059999999999977 -0.08800000000000009 7.0663234291076655 -1.2197646503448487 0.28437358 0.28737357 -30.00714285714286 5.267647 46.08298683941186 54.991547518599496 13.108804623806776 11.355025904343313
106.45520618611 -12.17256165638 0.0128 0.0137 10.9251 "" "" 3045740499932987776 959.550049 1.0033 0.0149 0.55 -1.503 0.016 0.019 1.006 6430.0 4.1985 13.774267 0.800478 14.090747 13.290269 11.12 4.15 947.827576 972.024414 58242.45882 14.24 31559.0 26.665 38287.0 25.264 "" "" 0.0027680782050250774 0.0029371087 0.0038466873 0.006783796 106.45520618611 -12.17256165638 959.550049 0.55 -1.503 4.410323429107666 -2.6347646503448487 0.27037358 0.27337357 4.792857142857141 5.907647 23.366294086316064 23.85278136654184 6.336141472416232 6.319403958205131
106.5599408588 -12.38051038301 0.0369 0.0401 12.8558 "" "" 3044959984114712320 1186.11292 0.8106 0.0453 -4.42 3.095 0.048 0.046 2.67 6631.9 4.1592 13.783091 0.843008 14.094191 13.251183 49.22 12.16 1128.79651 1255.54724 57771.07284 32.692 31459.0 27.701 39690.0 29.396 "" "" 0.0028229920334526437 0.0029494162 0.0038639833 0.0068133995 106.5599408588 -12.38051038301 1186.11292 -4.42 3.095 -0.5596765708923339 1.9632353496551516 0.3023736 0.30037358 42.89285714285714 13.917646 11.4774072704926 44.40189265707383 3.4492405885160933 13.4741743642365
106.00968415586 -12.32972462038 0.0124 0.0146 19.8894 "" "" 3045721224119345408 1035.62476 0.9229 0.0171 -14.83 2.749 0.015 0.017 1.027 "" "" 13.784909 1.180346 14.298389 13.118044 50.04 3.1 1019.46649 1051.76025 57674.37591 8.8165 26065.0 26.581 44868.0 25.97 "" "" 0.002760314558176666 0.003001834 0.0038312734 0.006833107 106.00968415586 -12.32972462038 1035.62476 -14.829999999999986 2.7489999999999997 -10.969676570892334 1.6172353496551515 0.26937357 0.27137357 43.71285714285714 4.857647 54.43067451624213 69.8105451051983 14.66450907063508 11.83145800767371
106.52005142393 -12.25958775719 0.0524 0.0545 10.7116 "" "" 3045735689569638272 1363.39465 0.7141 0.0634 -4.31 -0.935 0.063 0.063 3.845 5078.3 3.5163 13.793989 1.392749 14.409596 13.016848 58.75 3.05 1269.07336 1483.07275 57194.0656 43.598 23528.0 18.505 49251.0 26.019 "" "" 0.0028769380324557333 0.0029179214 0.00382266 0.0067405812 106.52005142393 -12.25958775719 1363.39465 -4.31 -0.9350000000000002 -0.4496765708923336 -2.0667646503448487 0.31737357 0.31737357 52.42285714285714 4.8076468 13.668931783469764 54.17560010855032 4.338157729875646 4.779134189513314
106.14194681964 -12.17928000585 0.0127 0.0138 14.8557 "" "" 3045731532040696320 1272.40405 0.7469 0.0155 -1.604 0.574 0.017 0.017 1.034 "" "" 13.799064 0.985482 14.199554 13.214071 "" "" 1250.39246 1295.78259 56927.38493 12.214 28549.0 41.224 41070.0 30.228 "" "" 0.002765150026608986 0.003200463 0.0038629407 0.0070634037 106.14194681964 -12.17928000585 1272.40405 -1.604 0.574 2.256323429107666 -0.5577646503448487 0.27137357 0.27137357 "" "" 14.017951928937464 "" 3.8041016585586007 ""
106.36338435475 -11.8171543416 0.0145 0.0144 30.309 "" "" 3045814785687147520 1194.94641 0.7955 0.0174 -2.011 -0.445 0.019 0.019 1.026 7366.5 4.1835 13.801425 0.779726 14.109322 13.329596 12.24 12.89 1170.4729 1220.0321 56803.72183 27.701 31023.0 56.756 36925.0 36.72 "" "" 0.0028057316246631707 0.0034249923 0.003930585 0.0073555773 106.36338435475 -11.8171543416 1194.94641 -2.0109999999999997 -0.44499999999999984 1.849323429107666 -1.5767646503448487 0.27337357 0.27337357 5.912857142857142 14.647648 13.765127978104738 14.98134265830131 3.7630222321962434 6.736191382358367
105.96045370201 -12.32893864744 0.0122 0.0147 22.7736 "" "" 3045722735947857408 1274.50598 0.7421 0.0169 -0.575 -0.302 0.014 0.015 1.04 10358.1 4.1448 13.801696 1.069138 14.243834 13.174695 "" "" 1251.32385 1302.94678 56789.5635 14.023 27408.0 42.816 42587.0 26.227 "" "" 0.002768332887509215 0.003265245 0.0038380742 0.0071033193 105.96045370201 -12.32893864744 1274.50598 -0.575 -0.302 3.285323429107666 -1.4337646503448487 0.26837358 0.26937357 "" "" 21.65486145195987 "" 5.815062541585952 ""
106.15801233382 -12.61021373823 0.0163 0.022 20.5887 "" "" 3045700058521205120 1127.12708 0.8558 0.0247 2.277 -2.672 0.018 0.02 1.147 6064.4 3.9528 13.811827 0.869394 14.160093 13.290699 24.95 7.36 1092.77954 1167.52893 56262.12568 15.658 29606.0 50.792 38272.0 32.2 "" "" 0.002771839318241708 0.0033547953 0.0038882096 0.0072430046 106.15801233382 -12.61021373823 1127.12708 2.277000000000002 -2.672 6.137323429107666 -3.803764650344849 0.2723736 0.2743736 18.622857142857143 9.117647 38.576021266213274 42.835968821711084 10.528557265612205 10.276743517767754
106.04049808169 -12.70276956178 0.0143 0.018 29.1204 "" "" 3045604194850247040 1207.56152 0.7892 0.0207 -4.901 9.25 0.016 0.016 1.019 6928.3 4.1077 13.817156 0.748549 14.109668 13.361118 63.92 11.06 1179.83801 1234.40784 55986.65802 16.775 31013.0 32.324 35868.0 28.651 "" "" 0.002774458213660193 0.0030109202 0.0038776144 0.006888535 106.04049808169 -12.70276956178 1207.56152 -4.901 9.25 -1.0406765708923338 8.118235349655151 0.27037358 0.27037358 57.59285714285714 12.817648 46.84773015883453 74.24046750197985 12.666388650964013 12.757632138045965
