Clusters/BDSB96/BDSB96_stars_in_region.tsv
# %ECSV 1.0
# ---
# datatype:
# - name: RA_ICRS_1
#   unit: deg
#   datatype: float64
#   format: '{:15.11f}'
#   description: Right ascension (ICRS) at Ep=2016.0 (ra)
#   meta: !!omap
#   - {ucd: POS_EQ_RA_MAIN}
#   - {width: 15}
#   - {precision: '11'}
# - name: DE_ICRS_1
#   unit: deg
#   datatype: float64
#   format: '{:15.11f}'
#   description: Declination (ICRS) at Ep=2016.0 (dec)
#   meta: !!omap
#   - {ucd: POS_EQ_DEC_MAIN}
#   - {width: 15}
#   - {precision: '11'}
# - name: e_RA_ICRS
#   unit: mas
#   datatype: float64
#   format: '{:7.4f}'
#   description: Standard error of right ascension (ra_error)
#   meta: !!omap
#   - {ucd: ERROR}
#   - {width: 7}
#   - {precision: '4'}
# - name: e_DE_ICRS
#   unit: mas
#   datatype: float64
#   format: '{:7.4f}'
#   description: Standard error of declination (dec_error)
#   meta: !!omap
#   - {ucd: ERROR}
#   - {width: 7}
#   - {precision: '4'}
# - name: _r_1
#   unit: ''
#   datatype: float64
#   format: '{:7.4f}'
#   description: Distance from center (106.34890617000-12.32210602000)[ICRS], at Epoch=J2016.0
#   meta: !!omap
#   - {ucd: POS_ANG_DIST_GENERAL}
#   - {width: 7}
#   - {precision: '4'}
# - name: HIP
#   datatype: int32
#   description: '? HIP cross-id number, van Leeuwen, Cat. I/311 (hip_original_ext_source_id)'
#   meta: !!omap
#   - {ucd: ID_NUMBER}
#   - {width: 6}
#   - values: {'null': -2147483648}
# - name: TYC2
#   datatype: string
#   description: Tycho-2 cross-id name, Hog et al., Cat. I/259 (tyc2_original_ext_source_id)
#   meta: !!omap
#   - {ucd: ID_CROSSID}
#   - {_votable_string_dtype: char}
# - name: Source
#   datatype: int64
#   description: Source identifier, identical to the Gaia-EDR3 source_id (id)
#   meta: !!omap
#   - {ucd: ID_MAIN}
#   - {width: 19}
# - name: rgeo
#   unit: pc
#   datatype: float64
#   format: '{:15.8f}'
#   description: '? Median of the geometric distance posterior (r_med_geo)'
#   meta: !!omap
#   - {ucd: PHYS_DISTANCE_TRUE}
#   - {width: 15}
#   - {precision: '8'}
#   - values: {'null': .nan}
# - name: Plx
#   unit: mas
#   datatype: float64
#   format: '{:9.4f}'
#   description: '? Parallax (parallax)'
#   meta: !!omap
#   - {ucd: POS_PARLX_TRIG}
#   - {width: 9}
#   - {precision: '4'}
#   - values: {'null': .nan}
# - name: e_Plx
#   unit: mas
#   datatype: float32
#   format: '{:7.4f}'
#   description: '? Standard error of parallax (parallax_error)'
#   meta: !!omap
#   - {ucd: ERROR}
#   - {width: 7}
#   - {precision: '4'}
#   - values: {'null': .nan}
# - name: pmRA
#   unit: mas / yr
#   datatype: float64
#   format: '{:9.3f}'
#   description: '? Proper motion in right ascension direction, pmRA*cosDE (pmra)'
#   meta: !!omap
#   - {ucd: POS_EQ_PMRA}
#   - {width: 9}
#   - {precision: '3'}
#   - values: {'null': .nan}
# - name: pmDE
#   unit: mas / yr
#   datatype: float64
#   format: '{:9.3f}'
#   description: '? Proper motion in declination direction (pmdec)'
#   meta: !!omap
#   - {ucd: POS_EQ_PMDEC}
#   - {width: 9}
#   - {precision: '3'}
#   - values: {'null': .nan}
# - name: e_pmRA
#   unit: mas / yr
#   datatype: float32
#   format: '{:6.3f}'
#   description: '? Standard error of proper motion in right ascension direction (pmra_error)'
#   meta: !!omap
#   - {ucd: ERROR}
#   - {width: 6}
#   - {precision: '3'}
#   - values: {'null': .nan}
# - name: e_pmDE
[...]
#         value: !astropy.table.SerializedColumn {name: SkyCoord.dec}
#       distance: !astropy.table.SerializedColumn
#         __class__: astropy.coordinates.distances.Distance
#         unit: !astropy.units.Unit {unit: pc}
#         value: !astropy.table.SerializedColumn {name: SkyCoord.distance}
#       frame: icrs
#       obstime: !astropy.time.Time {format: jyear_str, in_subfmt: '*', jd1: 367701545.0, jd2: 0.0, out_subfmt: '*', precision: 3, scale: tt}
#       pm_dec: !astropy.table.SerializedColumn
#         __class__: astropy.units.quantity.Quantity
#         unit: !astropy.units.Unit {unit: mas / yr}
#         value: !astropy.table.SerializedColumn {name: SkyCoord.pm_dec}
#       pm_ra_cosdec: !astropy.table.SerializedColumn
#         __class__: astropy.units.quantity.Quantity
#         unit: !astropy.units.Unit {unit: mas / yr}
#         value: !astropy.table.SerializedColumn {name: SkyCoord.pm_ra_cosdec}
#       ra: !astropy.table.SerializedColumn
#         __class__: astropy.coordinates.angles.Longitude
#         unit: *id001
#         value: !astropy.table.SerializedColumn {name: SkyCoord.ra}
#         wrap_angle: !astropy.coordinates.Angle
#           unit: *id001
#           value: 360.0
#       representation_type: spherical
# schema: astropy-2.0
RA_ICRS_1 DE_ICRS_1 e_RA_ICRS e_DE_ICRS _r_1 HIP TYC2 Source rgeo Plx e_Plx pmRA pmDE e_pmRA e_pmDE RUWE Teff logg Gmag BP-RP BPmag RPmag RV e_RV b_rgeo B_rgeo FG e_FG FBP e_FBP FRP e_FRP RAVE5 RAVE6 e_Gmag e_BPmag e_RPmag e_BP-RP SkyCoord.ra SkyCoord.dec SkyCoord.distance SkyCoord.pm_ra_cosdec SkyCoord.pm_dec rmRA rmDE e_rmRA e_rmDE rRV e_rRV v_pec v_pec3d e_vpec e_vpec3d
[from data line 695]
106.01874040722 -12.29897065845 0.0302 0.037 19.4042 "" "" 3045724316495771904 1066.37366 0.9063 0.0431 -0.149 -6.601 0.036 0.037 1.096 5043.2 4.5169 15.832394 1.082701 16.28991 15.207209 "" "" 1016.91418 1123.46838 8749.61843 4.0048 4163.4 17.515 6550.5 14.862 "" "" 0.0027997772173150672 0.0053523686 0.0045113023 0.009863671 106.01874040722 -12.29897065845 1066.37366 -0.14900000000000008 -6.601 3.711323429107666 -7.732764650344849 0.29037356 0.29137358 "" "" 43.35476753497303 "" 12.624328035061914 ""
106.36469954395 -11.863928278 0.044 0.0467 27.5063 "" "" 3045767437966950400 1247.5946 0.7829 0.0549 -4.301 1.168 0.053 0.06 1.452 "" "" 15.834674 1.376085 16.355097 14.979012 "" "" 1167.50635 1326.94409 8731.26645 17.515 3920.8 61.618 8082.6 82.961 "" "" 0.0035121871296172782 0.017289693 0.011767579 0.029057272 106.36469954395 -11.863928278 1247.5946 -4.301000000000001 1.1680000000000004 -0.44067657089233414 0.036235349655151294 0.30737358 0.31437358 "" "" 2.614779240070585 "" 0.8038383772256453 ""
106.36812927671 -12.63848419134 0.0336 0.0399 19.0161 "" "" 3044947099212938752 999.953369 0.9659 0.0458 -1.151 0.183 0.041 0.045 1.221 4731.5 4.4405 15.845687 1.318131 16.435673 15.117541 "" "" 948.542358 1045.94128 8643.14559 3.9933 3640.4 15.313 7114.5 15.618 "" "" 0.0028006111995881344 0.0053519127 0.00446817 0.009820083 106.36812927671 -12.63848419134 999.953369 -1.1509999999999996 0.183 2.709323429107666 -0.9487646503448486 0.2953736 0.29937357 "" "" 13.606210488898025 "" 4.024896049993703 ""
106.08337637704 -11.88770578201 0.0316 0.0314 30.3643 "" "" 3045810456359581184 1356.24316 0.7076 0.0365 0.453 -0.134 0.04 0.037 1.011 6909.0 4.337 15.857525 1.238708 16.394972 15.156263 "" "" 1295.92993 1418.32654 8549.42554 4.331 3779.4 12.561 6865.2 13.862 "" "" 0.0028096809921818486 0.0045613875 0.0043691923 0.00893058 106.08337637704 -11.88770578201 1356.24316 0.45300000000000007 -0.13399999999999998 4.313323429107666 -1.2657646503448485 0.29437357 0.29137358 "" "" 28.897878084841615 "" 8.49993014701787 ""
106.13739813566 -12.05222008716 0.0336 0.0353 20.3983 "" "" 3045781903417088512 928.65918 1.0473 0.0404 -0.111 -3.87 0.044 0.041 1.109 5007.2 4.496 15.860692 1.074836 16.314682 15.239846 "" "" 895.839844 963.233521 8524.52256 3.8164 4069.5 13.664 6356.5 10.624 "" "" 0.002797867680672371 0.0045907474 0.004192458 0.008783205 106.13739813566 -12.05222008716 928.65918 -0.11099999999999977 -3.8700000000000028 3.749323429107666 -5.001764650344849 0.29837358 0.2953736 "" "" 27.51595638613398 "" 8.157279852937087 ""
105.87636717228 -12.5210404645 0.0375 0.0389 30.1518 "" "" 3045623367577319936 1382.55981 0.6814 0.0446 2.077 -4.829 0.046 0.044 1.003 "" "" 15.861463 "" "" "" "" "" 1316.97217 1471.04846 8518.4692 8.7026 "" "" "" "" "" "" 0.002970206158204167 "" "" "" 105.87636717228 -12.5210404645 1382.55981 2.077 -4.828999999999999 5.937323429107666 -5.960764650344848 0.30037358 0.29837358 "" "" 55.13473536882318 "" 16.5057580548139 ""
106.24658191792 -11.84933900517 0.0331 0.032 28.9943 "" "" 3045809459927038976 1161.39038 0.8399 0.0374 0.135 -2.273 0.043 0.045 1.016 5168.2 4.5865 15.861465 1.124866 16.332151 15.207286 "" "" 1100.15063 1232.39111 8518.45175 4.2019 4004.6 19.879 6550.0 17.139 "" "" 0.0028068871586535127 0.006069041 0.0047280975 0.010797138 106.24658191792 -11.84933900517 1161.39038 0.135 -2.273 3.995323429107666 -3.4047646503448488 0.2973736 0.29937357 "" "" 28.897283786794926 "" 8.61765023834582 ""
106.21894379607 -12.48127750152 0.0334 0.0377 12.2151 "" "" 3045703494494967168 1053.52368 0.914 0.0454 -1.78 -2.501 0.04 0.04 1.095 5173.0 4.6221 15.863825 1.115451 16.341354 15.225903 "" "" 1005.63678 1099.9458 8499.9622 4.006 3970.8 21.441 6438.7 13.457 "" "" 0.0028024328230283418 0.0064927107 0.0044082915 0.010901002 106.21894379607 -12.48127750152 1053.52368 -1.7800000000000016 -2.5010000000000026 2.0803234291076658 -3.6327646503448485 0.29437357 0.29437357 "" "" 20.904907196391623 "" 6.1538522010693475 ""
106.82930626517 -12.16762540117 0.0428 0.0436 29.654 "" 5389-2645-2 3044992866377985920 967.204712 1.0077 0.0486 -2.116 3.494 0.055 0.05 1.155 "" "" 15.868202 "" "" "" "" "" 918.35907 1025.77332 8465.76128 31.979 "" "" "" "" "" "" 0.004940908504839468 "" "" "" 106.82930626517 -12.16762540117 967.204712 -2.1159999999999988 3.4939999999999998 1.744323429107666 2.3622353496551516 0.3093736 0.3043736 "" "" 13.462366428469016 "" 4.121466102087515 ""
106.430148503 -12.84749432123 0.0462 0.0521 31.8803 "" "" 3044930400381228928 1272.72156 0.7708 0.052 -3.408 0.843 0.053 0.057 1.223 4809.1 4.1843 15.868536 1.557209 16.58865 15.031441 "" "" 1200.71204 1366.77686 8463.15571 22.274 3162.0 36.163 7701.6 48.977 "" "" 0.003969539527533991 0.012726906 0.00787125 0.020598155 106.430148503 -12.84749432123 1272.72156 -3.408 0.843 0.4523234291076661 -0.28876465034484866 0.30737358 0.3113736 "" "" 3.2373827138571616 "" 0.9988527364661975 ""
106.44222274041 -12.10606740393 0.0291 0.0313 14.0701 "" "" 3045743210052668928 1248.97034 0.7731 0.0347 0.716 -0.539 0.037 0.043 1.084 5492.9 4.5454 15.869232 1.166267 16.373947 15.20768 "" "" 1186.35059 1307.97229 8457.73032 4.5833 3853.3 11.432 6547.7 17.039 "" "" 0.0028174395882703067 0.004261571 0.00471875 0.008980321 106.44222274041 -12.10606740393 1248.97034 0.716 -0.539 4.576323429107666 -1.6707646503448488 0.29137358 0.2973736 "" "" 28.841489135218488 "" 8.424185304805663 ""
106.37170518221 -12.65034342572 0.03 0.0348 19.7395 "" "" 3044947099212941824 1025.88635 0.9368 0.04 -3.628 -0.02 0.036 0.039 1.021 "" "" 15.870026 1.935898 16.828579 14.892681 "" "" 986.150146 1068.5459 8451.54946 11.135 2535.0 13.48 8751.6 37.087 "" "" 0.003104517426934322 0.006412324 0.005954288 0.0123666115 106.37170518221 -12.65034342572 1025.88635 -3.628000000000003 -0.01999999999999999 0.2323234291076659 -1.1517646503448487 0.29037356 0.29337358 "" "" 5.713489831465538 "" 1.6755201493421072 ""
106.56926578208 -11.83201556374 0.0323 0.0342 32.1222 "" "" 3045768709277903488 1180.27808 0.8074 0.0398 -2.047 -5.19 0.041 0.039 1.046 4703.4 4.345 15.873778 1.171803 16.372301 15.200499 "" "" 1135.46216 1236.46179 8422.39085 3.3467 3859.2 18.296 6591.1 21.754 "" "" 0.0027888917618519174 0.005854929 0.005208175 0.0110631045 106.56926578208 -11.83201556374 1180.27808 -2.047 -5.19 1.8133234291076659 -6.321764650344849 0.2953736 0.29337358 "" "" 36.793410726071635 "" 10.799826593442422 ""
106.14635882193 -12.0389826034 0.0357 0.0375 20.7289 "" "" 3045782040856030080 1254.68799 0.757 0.0433 -6.011 -1.307 0.046 0.045 1.107 4882.3 4.3465 15.877225 1.129093 16.353941 15.224848 "" "" 1191.94385 1316.91431 8395.70096 3.6122 3925.0 18.378 6444.9 16.145 "" "" 0.00279463794159444 0.0057990868 0.004656324 0.010455411 106.14635882193 -12.0389826034 1254.68799 -6.0109999999999975 -1.307 -2.150676570892334 -2.4387646503448486 0.30037358 0.29937357 "" "" 19.338057357698233 "" 5.797771197869748 ""
106.11692882154 -11.88622033528 0.0331 0.0331 29.4821 "" "" 3045810559438777344 955.14325 1.0024 0.0377 -0.612 -1.541 0.042 0.04 1.062 5247.9 4.6411 15.880142 1.097998 16.34182 15.243822 "" "" 925.782166 991.927429 8373.16878 4.5477 3969.1 11.823 6333.3 10.954 "" "" 0.0028177167467589065 0.004271389 0.004220207 0.008491596 106.11692882154 -11.88622033528 955.14325 -0.6119999999999998 -1.541 3.248323429107666 -2.6727646503448486 0.29637358 0.29437357 "" "" 19.04476081544982 "" 5.629017927626385 ""
106.6590019448 -11.94721877146 0.0393 0.0412 28.9279 "" "" 3045751873006134656 1204.86816 0.7985 0.0459 -9.373 3.36 0.048 0.048 1.375 5179.2 4.6129 15.880359 1.154762 16.37815 15.223389 "" "" 1150.69385 1261.29004 8371.50294 3.7621 3838.5 11.998 6453.6 9.9415 "" "" 0.0027981883741535285 0.0043934216 0.0041329274 0.008526349 106.6590019448 -11.94721877146 1204.86816 -9.373 3.36 -5.512676570892333 2.2282353496551512 0.3023736 0.3023736 "" "" 33.95791782658654 "" 10.267977457126484 ""
105.91615602751 -12.55945984443 0.0362 0.0423 29.081 "" "" 3045611272955479296 1365.35022 0.6958 0.049 -5.039 1.087 0.04 0.039 0.904 "" "" 15.88303 1.526673 16.583815 15.057141 "" "" 1283.19495 1460.40637 8350.92623 4.5734 3176.1 10.931 7521.5 13.488 "" "" 0.0028187488276338194 0.0046634846 0.0042514186 0.008914903 105.91615602751 -12.55945984443 1365.35022 -5.039 1.0870000000000004 -1.1786765708923337 -0.04476465034484867 0.29437357 0.29337358 "" "" 7.633611288327764 "" 2.2471224452768976 ""
106.35383938564 -11.93730552701 0.0292 0.0304 23.0898 "" "" 3045761012695946496 1324.83594 0.712 0.0345 9.788 -1.872 0.037 0.04 0.956 5875.2 4.4665 15.884747 1.211968 16.409374 15.197406 "" "" 1273.07153 1389.25452 8337.73564 3.8547 3729.6 15.713 6609.9 13.681 "" "" 0.0028006696599130413 0.005358072 0.0043970174 0.00975509 106.35383938564 -11.93730552701 1324.83594 9.788000000000007 -1.8720000000000003 13.648323429107666 -3.0037646503448485 0.29137358 0.29437357 "" "" 87.75882997339585 "" 25.582827252943073 ""
106.11916236049 -12.252382416 0.0293 0.0331 14.1036 "" "" 3045727786829262336 1062.74695 0.8965 0.0364 -1.362 -7.838 0.037 0.038 0.933 5098.9 4.5166 15.885874 1.144675 16.37957 15.234895 "" "" 1027.83667 1108.92712 8329.08592 3.4233 3833.4 13.297 6385.6 12.845 "" "" 0.002791222436713137 0.004687077 0.0043650516 0.0090521285 106.11916236049 -12.252382416 1062.74695 -1.362000000000001 -7.838000000000005 2.498323429107666 -8.96976465034485 0.29137358 0.29237357 "" "" 46.90439023340908 "" 13.710232562207368 ""
106.30156915098 -11.95751653606 0.0336 0.0358 22.0509 "" "" 3045760566019398400 1148.12109 0.8282 0.039 -1.89 -5.89 0.041 0.045 1.018 4929.8 4.402 15.887897 1.081041 16.307327 15.226286 "" "" 1107.8324 1192.5896 8313.57018 4.7312 4097.2 28.3 6436.4 49.237 "" "" 0.002823751403612826 0.00800158 0.009125092 0.017126672 106.30156915098 -11.95751653606 1148.12109 -1.8899999999999997 -5.89 1.9703234291076661 -7.021764650344848 0.2953736 0.29937357 "" "" 39.68900632056077 "" 11.870323601076654 ""
105.88850721328 -12.28582368276 0.0302 0.0388 27.0771 "" "" 3045724007258183936 1041.12463 0.929 0.0425 -13.446 -5.92 0.037 0.038 0.922 5326.6 4.6557 15.889737 1.056871 16.33339 15.276518 "" "" 995.706543 1088.10022 8299.49643 3.7561 4000.0 13.106 6145.4 12.74 "" "" 0.0027987917157518533 0.004521089 0.0043988614 0.008919951 105.88850721328 -12.28582368276 1041.12463 -13.446 -5.92 -9.585676570892334 -7.051764650344849 0.29137358 0.29237357 "" "" 58.726210841586976 "" 17.131910762388543 ""
106.31599678304 -12.3291752194 0.0475 0.049 1.9751 "" "" 3045713939855363968 1022.34576 0.9504 0.0616 -3.936 1.129 0.071 0.072 1.104 9321.1 4.2667 15.889854 1.826538 16.643967 14.817429 "" "" 965.747803 1078.75085 8298.60583 77.276 3004.9 291.85 9379.7 341.19 "" "" 0.010479019596702558 0.1054887 0.03967447 0.14516318 106.31599678304 -12.3291752194 1022.34576 -3.9360000000000035 1.128999999999999 -0.07567657089233393 -0.0027646503448486293 0.3253736 0.32637358 "" "" 0.36696716131485246 "" 0.1194019125395018 ""
106.33967031882 -12.33296346787 0.0455 0.047 0.847 "" "" 3045713901196842624 1199.40991 0.7893 0.0553 -4.072 1.226 0.067 0.072 0.994 5928.0 3.7254 15.892003 2.210214 16.9328 14.722587 "" "" 1128.97363 1286.79309 8282.19583 38.556 2303.0 51.964 10236.0 106.88 "" "" 0.005756638609459983 0.024656508 0.011950178 0.036606684 106.33967031882 -12.33296346787 1199.40991 -4.072 1.226 -0.21167657089233405 0.09423534965515135 0.32137358 0.32637358 "" "" 1.3172907494931005 "" 0.4244389521786098 ""
105.81054084046 -12.31673646559 0.0394 0.0477 31.5598 "" "" 3045770427259268480 1064.10303 0.9115 0.051 -1.116 -5.545 0.047 0.048 1.28 5145.1 4.6378 15.894392 1.235259 16.374207 15.138948 "" "" 1012.59973 1115.93066 8263.9906 6.1402 3852.4 14.983 6975.6 17.531 "" "" 0.0028709874907500554 0.0050612614 0.004661471 0.009722732 105.81054084046 -12.31673646559 1064.10303 -1.1159999999999999 -5.5449999999999955 2.744323429107666 -6.676764650344849 0.30137357 0.3023736 "" "" 36.410331271967245 "" 11.004267636651166 ""
106.58094491547 -12.58203790229 0.0326 0.0347 20.6894 "" "" 3044952906010336896 1366.38306 0.6956 0.0404 -2.271 2.868 0.044 0.054 0.904 5377.7 4.5077 15.900897 1.123236 16.377186 15.25395 "" "" 1291.50012 1426.90845 8214.63192 7.3536 3841.9 16.79 6274.5 15.744 "" "" 0.002921719112060731 0.005504482 0.00465894 0.010163422 106.58094491547 -12.58203790229 1366.38306 -2.271 2.8680000000000025 1.589323429107666 1.7362353496551512 0.29837358 0.30837357 "" "" 15.244872869174776 "" 4.632235437925617 ""
105.987255525 -12.59220537795 0.035 0.0409 26.6753 "" "" 3045610139084955520 1221.48486 0.7849 0.0439 -2.585 0.508 0.04 0.042 1.009 6639.8 4.3628 15.902679 1.327326 16.490599 15.163273 "" "" 1163.98267 1287.78394 8201.15157 4.0576 3460.8 17.136 6821.0 11.093 "" "" 0.0028071961579972968 0.00605691 0.004171516 0.010228425 105.987255525 -12.59220537795 1221.48486 -2.5849999999999986 0.5080000000000003 1.275323429107666 -0.6237646503448486 0.29437357 0.29637358 "" "" 8.219800917981512 "" 2.4228743842919163 ""
106.86134328344 -12.13276866848 0.0369 0.0397 32.1245 "" "" 3044994412572787200 934.42981 1.045 0.0462 1.724 -2.45 0.045 0.044 1.161 4828.7 4.3217 15.906599 1.36148 16.451199 15.089719 "" "" 894.302246 971.783447 8171.60084 4.3904 3588.7 47.386 7299.1 84.568 "" "" 0.002816393824667336 0.014605296 0.013134909 0.027740205 106.86134328344 -12.13276866848 934.42981 1.7239999999999993 -2.45 5.584323429107666 -3.581764650344849 0.29937357 0.29837358 "" "" 29.384546760534207 "" 8.788401880346184 ""
106.34684455194 -12.47452078383 0.0321 0.0369 9.1457 "" "" 3045708785890361728 1196.09607 0.8093 0.04 -4.026 -0.875 0.044 0.052 1.075 5320.9 4.6021 15.912173 1.155995 16.342129 15.186133 "" "" 1144.13379 1253.63684 8129.75348 4.2924 3967.9 29.609 6678.9 121.03 "" "" 0.002814322220140323 0.008568896 0.020034598 0.028603494 106.34684455194 -12.47452078383 1196.09607 -4.026 -0.875 -0.16567657089233379 -2.0067646503448486 0.29837358 0.3063736 "" "" 11.416051011164269 "" 3.49696634052213 ""
106.10623553521 -12.52916342856 0.0364 0.0441 18.8819 "" "" 3045704520991737216 1013.31079 0.9563 0.0513 -0.902 0.365 0.042 0.044 0.999 5219.8 4.6555 15.913379 1.07516 16.364546 15.289386 "" "" 964.761414 1054.23889 8120.7303 4.0684 3886.9 12.079 6073.0 14.607 "" "" 0.002808498286302319 0.004378274 0.0045938445 0.008972119 106.10623553521 -12.52916342856 1013.31079 -0.9020000000000007 0.365 2.958323429107666 -0.7667646503448486 0.29637358 0.29837358 "" "" 14.678621631751957 "" 4.352209464949812 ""
106.13373962183 -12.66984471641 0.042 0.0455 24.3759 "" "" 3044855358711193856 1166.73975 0.832 0.0516 -3.939 0.751 0.053 0.048 1.161 5399.0 4.6726 15.913639 1.087721 16.372965 15.285244 "" "" 1095.7561 1276.27417 8118.78508 4.63 3856.8 15.925 6096.2 19.694 "" "" 0.002824034094477297 0.005280442 0.005156196 0.010436638 106.13373962183 -12.66984471641 1166.73975 -3.9389999999999987 0.7509999999999999 -0.07867657089233404 -0.38076465034484863 0.30737358 0.3023736 "" "" 2.150243362008277 "" 0.6506205168110468 ""
106.57421676847 -12.07405697226 0.0304 0.0326 19.9022 "" "" 3045742836395513472 1242.56628 0.7694 0.0377 -3.03 0.767 0.037 0.038 1.05 5709.0 4.5391 15.921444 1.170393 16.424099 15.253706 "" "" 1191.24866 1304.51599 8060.63615 3.6994 3679.4 10.179 6275.9 11.571 "" "" 0.002800015542404451 0.004099645 0.0042767865 0.008376432 106.57421676847 -12.07405697226 1242.56628 -3.0299999999999994 0.7670000000000001 0.8303234291076662 -0.3647646503448486 0.29137358 0.29237357 "" "" 5.341500629719861 "" 1.557237483911786 ""
106.70437083818 -12.69359970098 0.0419 0.0401 30.5019 "" "" 3044936413335112704 1038.50769 0.9332 0.048 -4.838 -0.46 0.057 0.053 1.259 5214.5 4.6597 15.923424 1.132364 16.405697 15.273333 "" "" 989.796509 1082.7998 8045.94843 4.7416 3742.3 12.993 6163.5 13.841 "" "" 0.0028286367276285523 0.0046898746 0.0044976003 0.009187475 106.70437083818 -12.69359970098 1038.50769 -4.838 -0.46000000000000035 -0.9776765708923341 -1.5917646503448486 0.3113736 0.30737358 "" "" 9.1954667423031 "" 2.8365661919273926 ""
