Clusters/Trapezium-FG/Trapezium-FG_stars_in_region.tsv
# %ECSV 1.0
# ---
# datatype:
# - name: RA_ICRS_1
#   unit: deg
#   datatype: float64
#   format: '{:15.11f}'
#   description: Right ascension (ICRS) at Ep=2016.0 (ra)
#   meta: !!omap
#   - {ucd: POS_EQ_RA_MAIN}
#   - {width: 15}
#   - {precision: '11'}
# - name: DE_ICRS_1
#   unit: deg
#   datatype: float64
#   format: '{:15.11f}'
#   description: Declination (ICRS) at Ep=2016.0 (dec)
#   meta: !!omap
#   - {ucd: POS_EQ_DEC_MAIN}
#   - {width: 15}
#   - {precision: '11'}
# - name: e_RA_ICRS
#   unit: mas
#   datatype: float64
#   format: '{:7.4f}'
#   description: Standard error of right ascension (ra_error)
#   meta: !!omap
#   - {ucd: ERROR}
#   - {width: 7}
#   - {precision: '4'}
# - name: e_DE_ICRS
#   unit: mas
#   datatype: float64
#   format: '{:7.4f}'
#   description: Standard error of declination (dec_error)
#   meta: !!omap
#   - {ucd: ERROR}
#   - {width: 7}
#   - {precision: '4'}
# - name: _r_1
#   unit: ''
#   datatype: float64
#   format: '{:8.4f}'
#   description: Distance from center (083.83500607000-05.40950522000)[ICRS], at Epoch=J2016.0
#   meta: !!omap
#   - {ucd: POS_ANG_DIST_GENERAL}
#   - {width: 8}
#   - {precision: '4'}
# - name: HIP
#   datatype: int32
#   description: '? HIP cross-id number, van Leeuwen, Cat. I/311 (hip_original_ext_source_id)'
#   meta: !!omap
#   - {ucd: ID_NUMBER}
#   - {width: 6}
#   - values: {'null': -2147483648}
# - name: TYC2
#   datatype: string
#   description: Tycho-2 cross-id name, Hog et al., Cat. I/259 (tyc2_original_ext_source_id)
#   meta: !!omap
#   - {ucd: ID_CROSSID}
#   - {_votable_string_dtype: char}
# - name: Source
#   datatype: int64
#   description: Source identifier, identical to the Gaia-EDR3 source_id (id)
#   meta: !!omap
#   - {ucd: ID_MAIN}
#   - {width: 19}
# - name: rgeo
#   unit: pc
#   datatype: float64
#   format: '{:15.8f}'
#   description: '? Median of the geometric distance posterior (r_med_geo)'
#   meta: !!omap
#   - {ucd: PHYS_DISTANCE_TRUE}
#   - {width: 15}
#   - {precision: '8'}
#   - values: {'null': .nan}
# - name: Plx
#   unit: mas
#   datatype: float64
#   format: '{:9.4f}'
#   description: '? Parallax (parallax)'
#   meta: !!omap
#   - {ucd: POS_PARLX_TRIG}
#   - {width: 9}
#   - {precision: '4'}
#   - values: {'null': .nan}
# - name: e_Plx
#   unit: mas
#   datatype: float32
#   format: '{:7.4f}'
#   description: '? Standard error of parallax (parallax_error)'
#   meta: !!omap
#   - {ucd: ERROR}
#   - {width: 7}
#   - {precision: '4'}
#   - values: {'null': .nan}
# - name: pmRA
#   unit: mas / yr
#   datatype: float64
#   format: '{:9.3f}'
#   description: '? Proper motion in right ascension direction, pmRA*cosDE (pmra)'
#   meta: !!omap
#   - {ucd: POS_EQ_PMRA}
#   - {width: 9}
#   - {precision: '3'}
#   - values: {'null': .nan}
# - name: pmDE
#   unit: mas / yr
#   datatype: float64
#   format: '{:9.3f}'
#   description: '? Proper motion in declination direction (pmdec)'
#   meta: !!omap
#   - {ucd: POS_EQ_PMDEC}
#   - {width: 9}
#   - {precision: '3'}
#   - values: {'null': .nan}
# - name: e_pmRA
#   unit: mas / yr
#   datatype: float32
#   format: '{:6.3f}'
#   description: '? Standard error of proper motion in right ascension direction (pmra_error)'
#   meta: !!omap
#   - {ucd: ERROR}
#   - {width: 6}
#   - {precision: '3'}
#   - values: {'null': .nan}
# - name: e_pmDE
[...]
#         value: !astropy.table.SerializedColumn {name: SkyCoord.dec}
#       distance: !astropy.table.SerializedColumn
#         __class__: astropy.coordinates.distances.Distance
#         unit: !astropy.units.Unit {unit: pc}
#         value: !astropy.table.SerializedColumn {name: SkyCoord.distance}
#       frame: icrs
#       obstime: !astropy.time.Time {format: jyear_str, in_subfmt: '*', jd1: 367701545.0, jd2: 0.0, out_subfmt: '*', precision: 3, scale: tt}
#       pm_dec: !astropy.table.SerializedColumn
#         __class__: astropy.units.quantity.Quantity
#         unit: !astropy.units.Unit {unit: mas / yr}
#         value: !astropy.table.SerializedColumn {name: SkyCoord.pm_dec}
#       pm_ra_cosdec: !astropy.table.SerializedColumn
#         __class__: astropy.units.quantity.Quantity
#         unit: !astropy.units.Unit {unit: mas / yr}
#         value: !astropy.table.SerializedColumn {name: SkyCoord.pm_ra_cosdec}
#       ra: !astropy.table.SerializedColumn
#         __class__: astropy.coordinates.angles.Longitude
#         unit: *id001
#         value: !astropy.table.SerializedColumn {name: SkyCoord.ra}
#         wrap_angle: !astropy.coordinates.Angle
#           unit: *id001
#           value: 360.0
#       representation_type: spherical
# schema: astropy-2.0
RA_ICRS_1 DE_ICRS_1 e_RA_ICRS e_DE_ICRS _r_1 HIP TYC2 Source rgeo Plx e_Plx pmRA pmDE e_pmRA e_pmDE RUWE Teff logg Gmag BP-RP BPmag RPmag RV e_RV b_rgeo B_rgeo FG e_FG FBP e_FBP FRP e_FRP RAVE5 RAVE6 e_Gmag e_BPmag e_RPmag e_BP-RP SkyCoord.ra SkyCoord.dec SkyCoord.distance SkyCoord.pm_ra_cosdec SkyCoord.pm_dec rmRA rmDE e_rmRA e_rmDE rRV e_rRV v_pec v_pec3d e_vpec e_vpec3d
[from data line 2783]
85.1114131171 -5.35714862998 0.0327 0.0272 76.3113 "" "" 3023135193693890688 398.567352 2.4822 0.0559 -3.415 5.505 0.044 0.034 1.061 3717.9 4.2337 16.239103 2.283021 17.432629 15.149608 "" "" 389.410126 411.34433 6015.97147 3.1085 1453.3 12.469 6907.4 9.7321 "" "" 0.002811853457543784 0.009724267 0.0040772315 0.013801498 85.1114131171 -5.35714862998 398.567352 -3.415 5.504999999999998 -4.6988531732559204 5.156087164878845 0.43678293 0.42678294 "" "" 13.179107467864087 "" 5.684790810321667 ""
83.82237315591 -5.33744838985 0.0448 0.0398 4.3888 "" "" 3017365953118751232 384.441711 2.5508 0.0671 1.236 1.681 0.061 0.05 0.983 3826.2 4.036 16.240019 1.059558 15.781292 14.721734 "" "" 373.517487 393.32605 6010.89418 28.937 6651.2 1046.6 10244.0 839.77 "" "" 0.005908602713196703 0.17086886 0.08908535 0.2599542 83.82237315591 -5.33744838985 384.441711 1.2359999999999998 1.681 -0.04785317325592042 1.3320871648788453 0.45378292 0.44278294 "" "" 2.428966547256256 "" 1.0755398081814707 ""
82.8818605662 -6.67250410254 0.0638 0.0567 94.7459 "" "" 3016741018183555456 449.782837 2.1839 0.0872 -1.305 -3.957 0.081 0.066 2.016 4176.7 4.5305 16.241482 1.872897 17.135149 15.262252 "" "" 433.4729 470.695801 6002.79943 5.9605 1911.4 13.705 6226.7 14.194 "" "" 0.0029587256323563758 0.008269786 0.0045176586 0.0127874445 82.8818605662 -6.67250410254 449.782837 -1.3050000000000006 -3.957 -2.58885317325592 -4.305912835121155 0.47378293 0.4587829 "" "" 10.711544621216593 "" 4.957441026596726 ""
83.2112067119 -6.18591825349 0.0359 0.0312 59.6379 "" "" 3017205115169880320 377.983124 2.6092 0.0506 1.07 0.441 0.048 0.037 1.057 3480.7 4.0245 16.241764 2.576228 17.64147 15.065242 "" "" 371.10376 385.247559 6001.24625 3.944 1199.0 16.71 7465.5 19.697 "" "" 0.0028462136509765017 0.0153865805 0.0047423327 0.020128913 83.2112067119 -6.18591825349 377.983124 1.0700000000000014 0.44100000000000006 -0.21385317325592035 0.09208716487884522 0.44078293 0.42978293 "" "" 0.4171606888304448 "" 0.1831671207133767 ""
82.63541057623 -4.72187925347 0.0382 0.0294 82.7178 "" "" 3209721183056802944 379.141876 2.6072 0.0562 -0.307 -13.078 0.05 0.038 0.975 "" "" 16.242334 1.968855 17.22836 15.259504 "" "" 371.340576 385.997925 5998.09118 2.8765 1754.2 8.9652 6242.5 11.119 "" "" 0.002804086824704444 0.0062108855 0.0042454274 0.010456312 82.63541057623 -4.72187925347 379.141876 -0.30699999999999994 -13.078000000000001 -1.5908531732559203 -13.426912835121154 0.44278294 0.4307829 "" "" 24.298720137902947 "" 10.47156552600183 ""
83.76144801143 -5.00083023399 0.0328 0.0298 24.9113 "" "" 3209547013544363136 381.958435 2.571 0.0464 2.373 -0.82 0.042 0.037 1.028 "" "" 16.242952 3.117951 18.054697 14.936746 "" "" 375.301575 388.557709 5994.67581 9.102 819.48 8.5162 8403.5 30.201 "" "" 0.003210829018364501 0.011623054 0.0054322374 0.017055292 83.76144801143 -5.00083023399 381.958435 2.373 -0.82 1.0891468267440798 -1.1689128351211546 0.43478292 0.42978293 "" "" 2.8925818809087342 "" 1.2499243047206496 ""
83.78344224553 -5.61296588309 0.0477 0.0392 12.5901 "" "" 3017252600328984448 369.50708 2.6293 0.075 1.419 0.418 0.059 0.047 1.083 "" "" 16.244823 2.53762 17.5623 15.02468 "" "" 360.439178 381.605804 5984.35724 15.836 1289.7 72.432 7749.7 90.736 "" "" 0.003980772757965449 0.06104081 0.01326207 0.07430288 83.78344224553 -5.61296588309 369.50708 1.419 0.418 0.13514682674407963 0.0690871648788452 0.45178294 0.43978292 "" "" 0.2658402127133996 "" 0.11944813628752234 ""
83.28467052114 -5.64307733956 0.0332 0.0305 35.7298 "" "" 3209413216721537152 369.447052 2.6783 0.0436 10.212 -18.489 0.042 0.037 1.019 "" "" 16.246664 2.011536 17.25706 15.245523 "" "" 363.250793 375.885437 5974.22024 2.7667 1708.4 9.6751 6323.4 11.858 "" "" 0.0028008228689758784 0.0067522414 0.00429292 0.011045162 83.28467052114 -5.64307733956 369.447052 10.212 -18.489 8.92814682674408 -18.837912835121156 0.43478292 0.42978293 "" "" 36.506046125985435 "" 15.723314285794466 ""
84.6644872343 -5.63861070134 0.0326 0.0285 51.4096 "" "" 3017283833342005504 364.43219 2.7026 0.0441 1.161 -0.814 0.041 0.034 1.012 3489.6 4.3511 16.24731 2.628366 17.694311 15.065945 "" "" 358.485321 370.507416 5970.66465 14.678 1142.1 16.604 7460.7 44.291 "" "" 0.003836144500730135 0.016029282 0.0074718725 0.023501154 84.6644872343 -5.63861070134 364.43219 1.161 -0.814 -0.12285317325592038 -1.1629128351211548 0.43378294 0.42678294 "" "" 2.020004121662384 "" 0.8622606211358159 ""
82.53230613113 -4.39483970857 0.033 0.0275 98.8478 "" "" 3209874668007846784 337.232361 2.935 0.0469 15.2 -10.933 0.044 0.035 0.996 3822.3 4.6976 16.24967 2.203428 17.395548 15.19212 "" "" 333.005646 342.39798 5957.69645 3.1604 1503.8 7.8398 6642.2 10.238 "" "" 0.00281487347528305 0.0063106264 0.0041333223 0.010443948 82.53230613113 -4.39483970857 337.232361 15.2 -10.933 13.916146826744079 -11.281912835121155 0.43678293 0.42778292 "" "" 28.636503009037263 "" 12.406363885020253 ""
83.96752636769 -5.65688357788 0.046 0.0406 16.8208 "" "" 3017247858684418304 395.491638 2.4791 0.0725 0.563 -0.083 0.062 0.051 0.948 "" "" 16.253263 2.694634 17.710474 15.015841 "" "" 384.865631 406.590424 5938.02072 26.639 1125.2 33.483 7813.1 80.897 "" "" 0.005596115263231038 0.03242892 0.011860031 0.044288952 83.96752636769 -5.65688357788 395.491638 0.5630000000000006 -0.08300000000000003 -0.7208531732559205 -0.4319128351211548 0.45478293 0.44378293 "" "" 1.5753343298512412 "" 0.7118985017659661 ""
84.02934986735 -5.57177505072 0.0488 0.0439 15.1499 "" "" 3017343241329617152 396.66214 2.4579 0.0734 3.03 -2.513 0.064 0.052 1.166 "" "" 16.253403 2.455825 17.440311 14.984487 "" "" 383.19693 406.363037 5937.25547 79.755 1443.1 71.587 8042.0 262.31 "" "" 0.014842650410370783 0.053931687 0.0356151 0.089546785 84.02934986735 -5.57177505072 396.66214 3.0299999999999967 -2.5130000000000026 1.7461468267440794 -2.8619128351211547 0.45678294 0.4447829 "" "" 6.303387616975384 "" 2.8243588942488302 ""
82.83414776125 -6.96055929254 0.035 0.0323 110.5661 "" "" 3016726312215888256 360.528534 2.7358 0.048 1.042 -0.039 0.048 0.04 1.069 3561.4 4.3241 16.254068 2.708219 17.755672 15.047454 "" "" 354.757294 367.042603 5933.61429 4.0407 1079.3 8.0821 7588.9 11.713 "" "" 0.002852798069027214 0.00859574 0.0041342378 0.012729978 82.83414776125 -6.96055929254 360.528534 1.042 -0.03899999999999999 -0.24185317325592037 -0.38791283512115476 0.44078293 0.43278292 "" "" 0.7811946390890426 "" 0.33984860566178543 ""
83.97705981642 -4.68669593875 0.0347 0.0277 44.1918 "" "" 3209581579441040256 387.109619 2.5346 0.053 1.262 1.033 0.042 0.034 0.989 3416.3 4.0033 16.256025 2.80965 17.83078 15.02113 "" "" 380.637726 393.658081 5922.92917 3.267 1007.2 14.863 7775.1 17.826 "" "" 0.00281965278984316 0.016263073 0.0045255055 0.020788578 83.97705981642 -4.68669593875 387.109619 1.262 1.033 -0.0218531732559204 0.6840871648788451 0.43478292 0.42678294 "" "" 1.2558715694349434 "" 0.5359948936629816 ""
83.76302882932 -5.1547431623 0.0304 0.0281 15.8791 "" "" 3209528665444202240 389.395294 2.5184 0.0431 1.69 -0.137 0.039 0.035 1.008 3563.3 3.9885 16.25622 2.819439 17.829737 15.010298 "" "" 382.84375 395.972443 5921.86415 6.7751 1008.1 18.316 7853.1 40.996 "" "" 0.0030223797964370777 0.019922905 0.006812428 0.026735332 83.76302882932 -5.1547431623 389.395294 1.6900000000000002 -0.13700000000000004 0.40614682674407954 -0.4859128351211548 0.43178293 0.42778292 "" "" 1.1688997064433801 "" 0.5019636435597455 ""
83.29531214526 -4.48134437807 0.0336 0.03 64.3591 "" "" 3209811647950503424 376.882904 2.6146 0.0502 0.611 0.569 0.043 0.036 0.941 3508.2 4.2077 16.256578 2.55083 17.645302 15.094472 "" "" 368.708435 384.21344 5919.91016 4.876 1194.8 8.2797 7267.2 13.183 "" "" 0.002896812680769296 0.008024605 0.004261799 0.012286404 83.29531214526 -4.48134437807 376.882904 0.611 0.569 -0.6728531732559204 0.22008716487884517 0.43578294 0.42878294 "" "" 1.2646699675093724 "" 0.5502721951675558 ""
83.43001203466 -4.6734710493 0.0333 0.0294 50.3606 "" "" 3209617519727489152 362.501862 2.7197 0.0452 0.588 0.113 0.042 0.036 0.971 3526.1 4.2438 16.25757 2.831987 17.859575 15.027588 "" "" 356.698395 368.728302 5914.50669 4.129 980.81 12.273 7729.0 20.494 "" "" 0.00285767463512601 0.013869506 0.0047509824 0.01862049 83.43001203466 -4.6734710493 362.501862 0.5879999999999999 0.11300000000000004 -0.6958531732559204 -0.2359128351211548 0.43478292 0.42878294 "" "" 1.2625011279912697 "" 0.5481378638721475 ""
82.78910762145 -6.87115830544 0.1455 0.1309 107.6286 "" "" 3016732256448835840 376.41745 2.6252 0.1053 0.485 -0.439 0.148 0.132 1.468 "" "" 16.257593 "" "" "" "" "" 363.2854 390.290283 5914.38383 162.92 "" "" "" "" "" "" 0.03003477651866039 "" "" "" 82.78910762145 -6.87115830544 376.41745 0.485 -0.43900000000000006 -0.7988531732559204 -0.7879128351211548 0.5407829 0.5247829 "" "" 2.001964181600122 "" 1.0669533331075616 ""
83.82894700627 -6.45708111259 0.0316 0.0293 62.8556 "" "" 3016945385610297600 361.658142 2.7167 0.0443 0.577 1.221 0.041 0.035 1.015 "" "" 16.257864 2.963992 17.95895 14.994958 "" "" 356.730713 366.491241 5912.90802 9.4121 895.03 13.696 7964.8 31.411 "" "" 0.003252488371527016 0.016846897 0.0057112123 0.02255811 83.82894700627 -6.45708111259 361.658142 0.577 1.221 -0.7068531732559205 0.8720871648788453 0.43378294 0.42778292 "" "" 1.9243871014217386 "" 0.8278171601762035 ""
83.85703870345 -4.82537919319 0.0464 0.0417 35.0723 "" "" 3209573058225987712 378.669373 2.5838 0.0715 1.304 -1.427 0.06 0.049 1.131 "" "" 16.257914 2.475285 17.502144 15.026859 "" "" 368.572418 391.211395 5912.64059 25.125 1363.2 47.002 7734.2 82.856 "" "" 0.005373822906517292 0.037539113 0.012230034 0.04976915 83.85703870345 -4.82537919319 378.669373 1.304 -1.4269999999999994 0.020146826744079638 -1.7759128351211548 0.45278293 0.44178292 "" "" 3.1877783206532775 "" 1.4083105882002078 ""
83.84195182921 -5.47092637728 0.0601 0.05 3.7085 "" "" 3017359459125967360 406.885223 2.4026 0.082 2.209 -1.06 0.078 0.061 0.975 5026.0 4.2267 16.25805 1.493513 16.23647 14.742956 82.89 11.87 395.660645 420.07254 5911.88647 18.142 4373.5 544.59 10046.0 449.9 "" "" 0.0043235296802380295 0.1352251 0.048770256 0.18399537 83.84195182921 -5.47092637728 406.885223 2.209 -1.0599999999999985 0.9251468267440797 -1.4089128351211548 0.47078294 0.45378292 59.14972972972973 13.649328 3.2507283652904193 59.23898852955692 1.4919895487246468 13.62900791823343
83.78311827569 -5.35477573857 0.0458 0.041 4.5156 "" "" 3017365162841787008 375.301941 2.6149 0.0704 0.955 0.68 0.061 0.049 0.825 "" "" 16.259844 0.776292 14.451591 13.6753 "" "" 365.007996 385.109131 5902.1373 35.74 22635.0 370.08 26856.0 179.32 "" "" 0.0071286181257140145 0.017969618 0.008175565 0.026145183 83.78311827569 -5.35477573857 375.301941 0.955 0.68 -0.32885317325592045 0.33108716487884526 0.45378292 0.44178292 "" "" 0.8301399559180107 "" 0.37172214116323865 ""
83.82837019298 -5.29141474583 0.0621 0.0551 7.0965 "" "" 3017366915187666560 414.426056 2.3585 0.0908 0.426 0.436 0.082 0.07 0.949 7684.8 3.6804 16.261028 4.267642 19.036583 14.768941 "" "" 400.182648 428.001404 5895.69713 53.475 331.73 32.373 9808.0 249.77 "" "" 0.010226009068107774 0.10599198 0.027906405 0.13389839 83.82837019298 -5.29141474583 414.426056 0.42599999999999993 0.436 -0.8578531732559205 0.08708716487884521 0.47478294 0.46278292 "" "" 1.6938103530153064 "" 0.8039875228267949 ""
82.42177125658 -4.87156654372 0.0338 0.0296 90.4103 "" "" 3209713177237825280 454.060425 2.1654 0.0461 11.228 -8.957 0.042 0.034 0.993 4347.9 4.6365 16.261436 2.000799 17.27715 15.27635 "" "" 446.87149 461.977478 5893.48732 2.6793 1677.1 9.4509 6146.4 11.266 "" "" 0.00279918350645631 0.0067245797 0.0042713224 0.010995902 82.42177125658 -4.87156654372 454.060425 11.228 -8.957000000000004 9.94414682674408 -9.305912835121156 0.43478292 0.42678294 "" "" 29.31214785170932 "" 12.635480707781594 ""
83.58206286762 -5.0415707618 0.0339 0.0312 26.7539 "" "" 3209540175956476800 416.500275 2.3602 0.0475 21.736 -12.803 0.04 0.034 1.017 "" "" 16.261591 2.783352 17.827026 15.043674 "" "" 408.363281 424.6026 5892.64866 12.439 1010.7 15.674 7615.3 49.813 "" "" 0.00358394770354766 0.017067278 0.008044996 0.025112275 83.58206286762 -5.0415707618 416.500275 21.735999999999997 -12.803000000000013 20.45214682674408 -13.151912835121156 0.43278292 0.42678294 "" "" 48.004729840497205 "" 20.69178010112178 ""
84.14360520096 -4.07540592656 0.0317 0.0268 82.1452 "" "" 3215669266084904832 354.171967 2.7767 0.0438 0.854 -1.084 0.04 0.032 1.013 3490.9 4.3714 16.263844 2.629774 17.706383 15.076609 "" "" 348.025177 359.440399 5880.42965 4.5937 1129.4 8.749 7387.8 16.699 "" "" 0.0028829091223913964 0.008861479 0.004506278 0.013367757 84.14360520096 -4.07540592656 354.171967 0.854 -1.084 -0.42985317325592043 -1.4329128351211549 0.43278292 0.42478293 "" "" 2.511445869973275 "" 1.0684924353157044 ""
83.9275682528 -5.43562021782 0.0511 0.0467 5.7466 "" "" 3017361245831857024 402.247406 2.4303 0.0797 1.021 1.232 0.065 0.055 0.852 "" "" 16.264696 1.936783 16.677225 14.740442 "" "" 389.823914 414.97583 5875.81373 17.226 2914.2 376.64 10069.0 297.59 "" "" 0.004209924978275109 0.14035156 0.032310802 0.17266236 83.9275682528 -5.43562021782 402.247406 1.021 1.232 -0.2628531732559205 0.8830871648788452 0.45778292 0.44778293 "" "" 1.756745074904763 "" 0.7880848533570336 ""
83.84536022301 -4.62800083796 0.0317 0.0269 46.8943 "" "" 3209632775451232768 387.707855 2.542 0.0494 0.486 -1.178 0.041 0.035 1.025 3556.5 4.0049 16.26507 2.765518 17.774958 15.009439 "" "" 380.15979 393.786865 5873.79784 11.516 1060.3 16.071 7859.3 50.893 "" "" 0.003481809318985888 0.016691392 0.007982134 0.024673525 83.84536022301 -4.62800083796 387.707855 0.486 -1.178 -0.7978531732559204 -1.5269128351211547 0.43378294 0.42778292 "" "" 3.1660463398556886 "" 1.358477175182317 ""
83.99276761743 -6.23457758079 0.0368 0.0332 50.392 "" "" 3017165807629355776 378.66098 2.597 0.0466 1.406 0.141 0.046 0.039 1.063 "" "" 16.265335 2.782498 17.837704 15.055205 "" "" 372.127686 384.901672 5872.3573 71.704 1000.8 56.144 7534.9 270.11 "" "" 0.013540602734761514 0.06097272 0.039104376 0.10007709 83.99276761743 -6.23457758079 378.66098 1.405999999999999 0.14100000000000015 0.1221468267440795 -0.2079128351211548 0.43878293 0.43178293 "" "" 0.4328074941116663 "" 0.1876609191286958 ""
83.58314370973 -6.14849128854 0.0346 0.0315 46.8189 "" "" 3017161547021752064 382.098358 2.5721 0.0474 1.464 0.604 0.045 0.037 1.045 "" "" 16.266039 2.641997 17.719627 15.07763 "" "" 374.798828 390.475311 5868.5527 4.296 1115.7 10.123 7380.8 13.907 "" "" 0.0028676637787641577 0.010238646 0.0042975405 0.014536186 83.58314370973 -6.14849128854 382.098358 1.4640000000000004 0.6039999999999998 0.18014682674407956 0.2550871648788452 0.43778294 0.42978293 "" "" 0.5655950132537827 "" 0.24459809760831902 ""
82.23544585817 -6.08797297603 0.0374 0.0327 103.8053 "" "" 3208988805233699072 349.53299 2.8089 0.0519 1.346 -1.29 0.048 0.042 1.16 "" "" 16.266405 3.036259 18.031473 14.995214 "" "" 343.942932 356.43631 5866.5719 5.2151 837.2 7.3722 7962.9 18.682 "" "" 0.002919475466674689 0.009959572 0.0045576696 0.014517242 82.23544585817 -6.08797297603 349.53299 1.346 -1.2900000000000003 0.062146826744079675 -1.6389128351211548 0.44078293 0.43478292 "" "" 2.7172799240996706 "" 1.181450476623729 ""
