Clusters/Trapezium-FG/Trapezium-FG_stars_in_region.tsv
# %ECSV 1.0
# ---
# datatype:
# - name: RA_ICRS_1
#   unit: deg
#   datatype: float64
#   format: '{:15.11f}'
#   description: Right ascension (ICRS) at Ep=2016.0 (ra)
#   meta: !!omap
#   - {ucd: POS_EQ_RA_MAIN}
#   - {width: 15}
#   - {precision: '11'}
# - name: DE_ICRS_1
#   unit: deg
#   datatype: float64
#   format: '{:15.11f}'
#   description: Declination (ICRS) at Ep=2016.0 (dec)
#   meta: !!omap
#   - {ucd: POS_EQ_DEC_MAIN}
#   - {width: 15}
#   - {precision: '11'}
# - name: e_RA_ICRS
#   unit: mas
#   datatype: float64
#   format: '{:7.4f}'
#   description: Standard error of right ascension (ra_error)
#   meta: !!omap
#   - {ucd: ERROR}
#   - {width: 7}
#   - {precision: '4'}
# - name: e_DE_ICRS
#   unit: mas
#   datatype: float64
#   format: '{:7.4f}'
#   description: Standard error of declination (dec_error)
#   meta: !!omap
#   - {ucd: ERROR}
#   - {width: 7}
#   - {precision: '4'}
# - name: _r_1
#   unit: ''
#   datatype: float64
#   format: '{:8.4f}'
#   description: Distance from center (083.83500607000-05.40950522000)[ICRS], at Epoch=J2016.0
#   meta: !!omap
#   - {ucd: POS_ANG_DIST_GENERAL}
#   - {width: 8}
#   - {precision: '4'}
# - name: HIP
#   datatype: int32
#   description: '? HIP cross-id number, van Leeuwen, Cat. I/311 (hip_original_ext_source_id)'
#   meta: !!omap
#   - {ucd: ID_NUMBER}
#   - {width: 6}
#   - values: {'null': -2147483648}
# - name: TYC2
#   datatype: string
#   description: Tycho-2 cross-id name, Hog et al., Cat. I/259 (tyc2_original_ext_source_id)
#   meta: !!omap
#   - {ucd: ID_CROSSID}
#   - {_votable_string_dtype: char}
# - name: Source
#   datatype: int64
#   description: Source identifier, identical to the Gaia-EDR3 source_id (id)
#   meta: !!omap
#   - {ucd: ID_MAIN}
#   - {width: 19}
# - name: rgeo
#   unit: pc
#   datatype: float64
#   format: '{:15.8f}'
#   description: '? Median of the geometric distance posterior (r_med_geo)'
#   meta: !!omap
#   - {ucd: PHYS_DISTANCE_TRUE}
#   - {width: 15}
#   - {precision: '8'}
#   - values: {'null': .nan}
# - name: Plx
#   unit: mas
#   datatype: float64
#   format: '{:9.4f}'
#   description: '? Parallax (parallax)'
#   meta: !!omap
#   - {ucd: POS_PARLX_TRIG}
#   - {width: 9}
#   - {precision: '4'}
#   - values: {'null': .nan}
# - name: e_Plx
#   unit: mas
#   datatype: float32
#   format: '{:7.4f}'
#   description: '? Standard error of parallax (parallax_error)'
#   meta: !!omap
#   - {ucd: ERROR}
#   - {width: 7}
#   - {precision: '4'}
#   - values: {'null': .nan}
# - name: pmRA
#   unit: mas / yr
#   datatype: float64
#   format: '{:9.3f}'
#   description: '? Proper motion in right ascension direction, pmRA*cosDE (pmra)'
#   meta: !!omap
#   - {ucd: POS_EQ_PMRA}
#   - {width: 9}
#   - {precision: '3'}
#   - values: {'null': .nan}
# - name: pmDE
#   unit: mas / yr
#   datatype: float64
#   format: '{:9.3f}'
#   description: '? Proper motion in declination direction (pmdec)'
#   meta: !!omap
#   - {ucd: POS_EQ_PMDEC}
#   - {width: 9}
#   - {precision: '3'}
#   - values: {'null': .nan}
# - name: e_pmRA
#   unit: mas / yr
#   datatype: float32
#   format: '{:6.3f}'
#   description: '? Standard error of proper motion in right ascension direction (pmra_error)'
#   meta: !!omap
#   - {ucd: ERROR}
#   - {width: 6}
#   - {precision: '3'}
#   - values: {'null': .nan}
# - name: e_pmDE
[...]
#         value: !astropy.table.SerializedColumn {name: SkyCoord.dec}
#       distance: !astropy.table.SerializedColumn
#         __class__: astropy.coordinates.distances.Distance
#         unit: !astropy.units.Unit {unit: pc}
#         value: !astropy.table.SerializedColumn {name: SkyCoord.distance}
#       frame: icrs
#       obstime: !astropy.time.Time {format: jyear_str, in_subfmt: '*', jd1: 367701545.0, jd2: 0.0, out_subfmt: '*', precision: 3, scale: tt}
#       pm_dec: !astropy.table.SerializedColumn
#         __class__: astropy.units.quantity.Quantity
#         unit: !astropy.units.Unit {unit: mas / yr}
#         value: !astropy.table.SerializedColumn {name: SkyCoord.pm_dec}
#       pm_ra_cosdec: !astropy.table.SerializedColumn
#         __class__: astropy.units.quantity.Quantity
#         unit: !astropy.units.Unit {unit: mas / yr}
#         value: !astropy.table.SerializedColumn {name: SkyCoord.pm_ra_cosdec}
#       ra: !astropy.table.SerializedColumn
#         __class__: astropy.coordinates.angles.Longitude
#         unit: *id001
#         value: !astropy.table.SerializedColumn {name: SkyCoord.ra}
#         wrap_angle: !astropy.coordinates.Angle
#           unit: *id001
#           value: 360.0
#       representation_type: spherical
# schema: astropy-2.0
RA_ICRS_1 DE_ICRS_1 e_RA_ICRS e_DE_ICRS _r_1 HIP TYC2 Source rgeo Plx e_Plx pmRA pmDE e_pmRA e_pmDE RUWE Teff logg Gmag BP-RP BPmag RPmag RV e_RV b_rgeo B_rgeo FG e_FG FBP e_FBP FRP e_FRP RAVE5 RAVE6 e_Gmag e_BPmag e_RPmag e_BP-RP SkyCoord.ra SkyCoord.dec SkyCoord.distance SkyCoord.pm_ra_cosdec SkyCoord.pm_dec rmRA rmDE e_rmRA e_rmDE rRV e_rRV v_pec v_pec3d e_vpec e_vpec3d
[from data line 1134]
83.65226841645 -5.60476188163 0.1102 0.0947 16.0112 "" "" 3017263492365279616 439.714081 2.2249 0.1509 2.602 -0.959 0.136 0.115 7.194 "" "" 14.350425 2.378395 15.579267 13.200871 -10.59 6.71 415.487396 467.673004 34259.17805 66.018 8011.4 62.405 41573.0 225.28 "" "" 0.0034596562078091516 0.008905737 0.006992801 0.015898537 83.65226841645 -5.60476188163 439.714081 2.6020000000000003 -0.9589999999999992 1.3181468267440795 -1.3079128351211549 0.52878296 0.50778294 -34.330270270270276 8.489328 3.870273030701434 34.54774189671415 2.006624772148666 8.43888423311555
83.66065730496 -5.79310311727 0.0139 0.0124 25.261 "" "" 3017242739083318784 386.922699 2.5419 0.0192 1.355 -0.883 0.018 0.016 1.044 "" "" 14.350776 2.214527 15.492126 13.277598 15.16 9.2 383.897522 389.577881 34248.10719 39.326 8680.9 39.764 38736.0 110.69 "" "" 0.003024250295457203 0.005702572 0.0048897346 0.010592306 83.66065730496 -5.79310311727 386.922699 1.3549999999999984 -0.883 0.07114682674407957 -1.2319128351211548 0.41078293 0.40878293 -8.580270270270272 10.979328 2.2631096857308655 8.873708546066451 0.9251356897852391 10.618882202114003
83.33904726417 -5.35962162646 0.0155 0.0135 29.777 "" "" 3209439295762756480 397.014191 2.4698 0.0205 1.713 -1.231 0.021 0.017 1.091 "" "" 14.35255 2.231193 15.449501 13.218308 "" "" 394.137115 400.386993 34192.17869 580.05 9028.5 532.54 40910.0 1287.7 "" "" 0.018623815767594542 0.06410217 0.03438342 0.09848559 83.33904726417 -5.35962162646 397.014191 1.7129999999999999 -1.2310000000000014 0.42914682674407967 -1.5799128351211549 0.41378292 0.40978292 "" "" 3.0808843217099544 "" 1.2633443795027661 ""
83.7997057856 -5.76054660424 0.0191 0.0174 21.1677 "" "" 3017245831459893760 403.540741 2.4321 0.0275 1.517 -0.415 0.025 0.022 1.403 8575.4 4.2906 14.353689 2.129942 15.431143 13.301201 25.47 7.33 399.29541 408.506989 34156.33311 141.48 9182.5 136.19 37903.0 382.52 "" "" 0.005274196102833702 0.016343005 0.01159081 0.027933814 83.7997057856 -5.76054660424 403.540741 1.517 -0.415 0.2331468267440795 -0.7639128351211548 0.41778293 0.41478294 1.7297297297297263 9.109328 1.5277381624665942 2.307801731294887 0.6340715562049504 6.840459711486861
83.68742809839 -5.1137652671 0.013 0.0128 19.8144 "" "" 3209526874441202304 380.957703 2.5819 0.0194 1.74 -1.078 0.016 0.015 1.036 "" "" 14.353734 1.95234 15.317888 13.365548 -16.89 7.52 378.131622 383.368622 34154.90436 49.585 10192.0 55.603 35722.0 155.2 "" "" 0.0031743208409970402 0.0065475516 0.0060444428 0.012591994 83.68742809839 -5.1137652671 380.957703 1.7400000000000002 -1.078 0.4561468267440796 -1.4269128351211549 0.40878293 0.4077829 -40.63027027027027 9.299328 2.705085884924701 40.72022043015026 1.103338889566716 9.27907530825521
82.62967348457 -5.34818058317 0.0134 0.0115 72.0954 "" "" 3209474651933460352 383.615265 2.5612 0.0194 2.425 1.067 0.017 0.014 1.013 4663.4 4.5507 14.357144 1.283631 14.928725 13.645094 62.89 2.61 380.876678 386.630463 34047.78137 6.9147 14586.0 15.475 27613.0 17.404 "" "" 0.002764129104398242 0.0030186002 0.0038408362 0.0068594366 82.62967348457 -5.34818058317 383.615265 2.425 1.067 1.1411468267440794 0.7180871648788452 0.40978292 0.40678293 39.14972972972973 4.389328 2.451630789149919 39.22641751979387 1.002555639925036 4.381194944918652
83.82425650296 -5.38766025237 0.0348 0.0329 1.4595 "" "" 3017364059023821696 397.529358 2.4683 0.0512 0.152 0.429 0.043 0.042 0.741 "" "" 14.363044 0.908489 12.726515 11.818026 "" "" 389.993744 406.993164 33863.28904 214.65 110870.0 2407.2 148580.0 559.93 "" "" 0.007413244365135255 0.023737958 0.0055700326 0.029307991 83.82425650296 -5.38766025237 397.529358 0.15200000000000016 0.42899999999999955 -1.1318531732559205 0.08008716487884521 0.43578294 0.43478292 "" "" 2.138070914375024 "" 0.9317241880480155 ""
83.9862168013 -6.39858186809 0.0131 0.0122 60.0268 "" "" 3016951024903011968 307.765381 3.205 0.0188 -5.84 -2.626 0.017 0.015 0.942 4563.2 4.6615 14.366016 1.398418 15.002986 13.604568 3.55 2.28 305.960114 309.429321 33770.70244 7.1117 13621.0 23.671 28664.0 17.673 "" "" 0.002764790581530404 0.003368258 0.003838209 0.007206467 83.9862168013 -6.39858186809 307.765381 -5.839999999999996 -2.6260000000000003 -7.12385317325592 -2.9749128351211547 0.40978292 0.4077829 -20.190270270270272 4.059328 11.262090609823334 23.11886023337722 4.611674593610506 4.196985601580207
83.65852674509 -6.29441913553 0.0382 0.0336 54.1296 "" "" 3017139007033390592 319.587158 3.0903 0.0507 -7.447 -0.95 0.051 0.042 2.888 4686.3 4.6197 14.366278 1.302952 14.948803 13.645851 22.47 3.4 314.611816 323.723907 33762.57185 10.031 14318.0 20.876 27594.0 29.407 "" "" 0.002774138631610579 0.003207964 0.0039525363 0.0071605 83.65852674509 -6.29441913553 319.587158 -7.446999999999999 -0.95 -8.73085317325592 -1.2989128351211547 0.44378293 0.43478292 -1.2702702702702737 5.1793284 13.371438154154506 13.43163969401768 5.93143589406113 5.925132143329905
82.73772533209 -4.21573062969 0.4681 0.4075 97.1297 "" "" 3209883635900019840 352.728333 3.1426 0.6786 1.114 -7.223 0.606 0.505 11.957 "" "" 14.366708 2.096795 15.289124 13.192329 -11.32 5.71 283.396759 446.201294 33749.20836 196.76 10466.0 204.88 41901.0 518.01 "" "" 0.006903589343083459 0.02143648 0.013944572 0.035381053 82.73772533209 -4.21573062969 352.728333 1.1140000000000003 -7.222999999999999 -0.1698531732559203 -7.571912835121155 0.99878293 0.8977829 -35.06027027027027 7.4893284 12.662910383132044 37.27696139434692 11.369224083187403 8.033267284690991
84.34881510874 -5.10013314995 0.0135 0.0119 35.8746 "" "" 3017396945600610304 384.469635 2.5512 0.0194 2.606 0.028 0.017 0.014 1.074 "" "" 14.368065 1.9444 15.323862 13.379462 63.04 9.96 381.447937 387.555878 33707.05596 87.32 10136.0 102.13 35267.0 219.56 "" "" 0.0039373651609060974 0.011290047 0.0077442494 0.019034296 84.34881510874 -5.10013314995 384.469635 2.606 0.028 1.3221468267440795 -0.32091283512115476 0.40978292 0.40678293 39.29972972972973 11.739328 2.479421232432798 39.3778654383099 1.0156120619885283 11.716209085815883
83.72445008234 -6.39795272818 0.0213 0.0189 59.6728 "" "" 3017134471547930752 378.356537 2.6005 0.0306 -0.032 0.781 0.027 0.022 1.71 "" "" 14.369865 2.289823 15.557642 13.267819 -6.79 9.05 374.713074 383.43515 33651.18716 36.364 8172.6 55.521 39087.0 164.98 "" "" 0.002994718111653301 0.007886097 0.005940121 0.0138262175 83.72445008234 -6.39795272818 378.356537 -0.032 0.781 -1.3158531732559204 0.43208716487884524 0.41978294 0.41478294 -30.53027027027027 10.829329 2.483836502652559 30.63114177675488 1.041469903356671 10.793996817336778
82.185945167 -4.91842036255 0.2198 0.1959 102.8526 "" "" 3209691599322660608 363.153168 2.9382 0.3197 8.624 -1.125 0.282 0.243 17.772 "" "" 14.369991 1.417372 14.8088 13.391428 37.76 3.22 323.202454 417.406738 33647.29987 79.21 16289.0 16.684 34881.0 20.891 "" "" 0.0037582871103241378 0.0030036205 0.003834916 0.006838537 82.185945167 -4.91842036255 363.153168 8.624 -1.125 7.34014682674408 -1.4739128351211548 0.67478293 0.63578296 14.019729729729725 4.9993286 12.887143463492206 19.04288025334659 8.677086822525435 6.930302868281263
84.29895586934 -4.95078709845 0.0133 0.0115 39.0653 "" "" 3017407803276250880 376.793488 2.6083 0.0207 1.156 0.955 0.018 0.014 0.994 4254.1 4.324 14.3731 1.750936 15.216517 13.465581 25.93 5.27 373.441742 379.714264 33551.08805 20.623 11189.0 35.552 32578.0 55.96 "" "" 0.002834991702112813 0.0044369292 0.0042144908 0.0086514205 84.29895586934 -4.95078709845 376.793488 1.1560000000000012 0.955 -0.1278531732559205 0.6060871648788452 0.41078293 0.40678293 2.189729729729727 7.0493283 1.1062948399287216 2.4533252051277548 0.4502112663673618 6.295193587355137
83.36883001928 -5.29061772803 0.0183 0.0147 28.7478 "" "" 3209440223475675648 375.363892 2.6262 0.0239 0.443 -0.457 0.022 0.017 1.142 5778.4 4.2654 14.373455 1.877519 15.27689 13.399371 "" "" 371.655151 378.877625 33540.14126 166.87 10584.0 214.01 34627.0 432.76 "" "" 0.006063919603702849 0.022130335 0.014085769 0.036216103 83.36883001928 -5.29061772803 375.363892 0.4429999999999997 -0.457 -0.8408531732559203 -0.8059128351211549 0.41478294 0.40978292 "" "" 2.0722658285327795 "" 0.8545952442438215 ""
83.81335105134 -5.37335006333 0.0253 0.0227 2.5257 "" "" 3017364132040203520 385.235107 2.5469 0.0429 0.408 0.16 0.036 0.027 0.752 "" "" 14.375042 1.009395 12.95551 11.946115 "" "" 378.686127 393.218628 33491.15118 135.63 89787.0 940.51 132040.0 317.61 "" "" 0.005188913653429847 0.01171024 0.00459395 0.01630419 83.81335105134 -5.37335006333 385.235107 0.4079999999999999 0.16 -0.8758531732559205 -0.18891283512115478 0.42878294 0.41978294 "" "" 1.6360995753214855 "" 0.7008835740141987 ""
82.56568355425 -4.88362554947 0.0143 0.0119 82.153 "" "" 3209702044682572672 365.197601 2.6968 0.0216 19.182 -12.222 0.018 0.015 1.014 4666.5 4.6406 14.375635 1.31306 14.961969 13.64891 -5.21 2.83 362.433411 367.793213 33472.85546 6.7163 14146.0 20.939 27517.0 22.326 "" "" 0.002763919121748122 0.0032199165 0.003880688 0.0071006045 82.56568355425 -4.88362554947 365.197601 19.181999999999995 -12.221999999999998 17.898146826744078 -12.570912835121154 0.41078293 0.4077829 -28.950270270270273 4.6093283 37.860723664600464 47.66080722280029 15.515109479379293 12.638883564086498
83.65039600077 -5.70422961182 0.0146 0.0124 20.8386 "" "" 3017244457070230784 382.024017 2.5822 0.0201 1.219 0.672 0.019 0.015 1.054 4675.3 4.1709 14.377857 1.834619 15.267428 13.43281 12.15 11.48 379.208069 384.938904 33404.41039 139.1 10677.0 182.84 33576.0 359.09 "" "" 0.005294569619661127 0.018801052 0.01221135 0.031012401 83.65039600077 -5.70422961182 382.024017 1.2190000000000014 0.672 -0.06485317325592033 0.32308716487884526 0.41178292 0.4077829 -11.590270270270272 13.259328 0.596714271802687 11.605620744280934 0.24342276667545368 13.24179601083651
83.90108455873 -4.15773365612 0.0151 0.0131 75.2101 "" "" 3215661844381470976 381.015717 2.5831 0.0226 0.772 0.05 0.019 0.017 1.077 4109.2 4.0966 14.379864 1.792809 15.247428 13.454618 34.74 4.34 377.24527 384.165741 33342.72447 48.718 10875.0 52.726 32909.0 124.24 "" "" 0.003179379489899901 0.0059577893 0.005575392 0.011533181 83.90108455873 -4.15773365612 381.015717 0.772 0.05 -0.5118531732559204 -0.2989128351211548 0.41178292 0.40978292 10.99972972972973 6.1193285 1.0704998467327285 11.051697790337686 0.44027006794582374 6.090703068102719
83.16383395203 -3.89509624017 0.0156 0.0125 99.3343 "" "" 3209917823839040384 355.644592 2.772 0.025 2.113 -1.013 0.021 0.016 1.147 3992.7 4.0771 14.38143 1.817896 15.264371 13.446475 30.68 4.31 352.984772 358.302673 33294.69649 74.081 10707.0 93.32 33156.0 207.3 "" "" 0.0036643890542407648 0.00986582 0.0077694813 0.0176353 83.16383395203 -3.89509624017 355.644592 2.113 -1.013 0.8291468267440796 -1.3619128351211547 0.41378292 0.40878293 6.939729729729727 6.0893283 2.6878633367394555 7.442073503982797 1.1024030567276537 5.692237553818817
82.84883531027 -6.57390684309 0.0129 0.0118 91.3446 "" "" 3016790736724952960 389.937836 2.5269 0.0187 4.876 -6.118 0.017 0.015 0.993 4653.6 4.5579 14.383142 1.310408 14.971058 13.66065 27.79 2.32 387.424042 392.707123 33242.23032 5.7132 14028.0 16.611 27221.0 16.249 "" "" 0.0027616316325310077 0.0030721258 0.0038345496 0.006906675 82.84883531027 -6.57390684309 389.937836 4.876 -6.118 3.59214682674408 -6.466912835121155 0.40978292 0.4077829 4.049729729729727 4.099328 13.673022938349906 14.260149619008192 5.582085137027564 5.4774017649459665
83.42829134938 -6.70396661199 0.0138 0.0121 81.3702 "" "" 3016747237296366336 367.182892 2.684 0.0198 1.488 -0.396 0.017 0.015 1.037 4404.1 4.1663 14.383927 1.746622 15.189191 13.442569 64.61 6.38 364.474548 369.830444 33218.18728 33.857 11475.0 73.71 33276.0 210.13 "" "" 0.0029692402365676406 0.007511679 0.007828839 0.015340518 83.42829134938 -6.70396661199 367.182892 1.4879999999999998 -0.3959999999999995 0.20414682674407958 -0.7449128351211548 0.40978292 0.4077829 40.86972972972973 8.159328 1.3442866018866406 40.891831881797195 0.5483653554199094 8.154938245426532
83.82288258174 -5.65795528156 0.015 0.0134 14.9246 "" "" 3017251500816581248 379.022949 2.5885 0.0232 0.968 1.167 0.019 0.017 1.08 3991.7 4.0833 14.384784 1.768679 15.23294 13.464261 3.57 5.99 376.557526 382.185425 33191.99965 60.319 11022.0 89.635 32618.0 164.35 "" "" 0.003388928969306906 0.009259971 0.0066491677 0.015909139 83.82288258174 -5.65795528156 379.022949 0.9679999999999989 1.1669999999999987 -0.31585317325592044 0.8180871648788453 0.41178292 0.40978292 -20.170270270270272 7.769328 1.5754892449999354 20.23170702478808 0.6460182099109919 7.745898697513598
82.74751892574 -5.63650431705 0.0135 0.0116 66.359 "" "" 3209402977519449088 448.017303 2.188 0.0194 0.806 -9.725 0.017 0.015 1.047 5592.2 4.4385 14.385866 1.477653 15.063259 13.585607 18.01 4.85 444.645905 452.756104 33158.90623 7.2857 12886.0 16.13 29169.0 20.701 "" "" 0.002765628263531732 0.0031035638 0.0038571307 0.0069606947 82.74751892574 -5.63650431705 448.017303 0.806 -9.725 -0.47785317325592036 -10.073912835121154 0.40978292 0.4077829 -5.730270270270271 6.6293283 21.417035746143217 22.170372516534755 8.733597606420322 8.609070590384047
83.83389789839 -5.35934194681 0.0349 0.0301 3.0105 "" "" 3017365643877358464 419.387909 2.334 0.0489 0.734 -0.449 0.045 0.035 0.8 "" "" 14.390549 1.390927 13.920173 12.529245 "" "" 410.764038 426.593292 33016.20942 105.66 36927.0 658.18 77172.0 294.61 "" "" 0.0044345006266817335 0.019552069 0.0056092567 0.025161326 83.83389789839 -5.35934194681 419.387909 0.7339999999999999 -0.449 -0.5498531732559204 -0.7979128351211549 0.43778294 0.42778292 "" "" 1.9263173252240835 "" 0.8302967720012568 ""
83.87599926372 -5.85471587115 0.0145 0.0133 26.8245 "" "" 3017191543073275008 371.157288 2.6549 0.0215 1.07 0.351 0.02 0.018 1.037 6012.8 4.2741 14.390926 1.882896 15.308653 13.425757 -1.97 6.83 368.023956 373.914612 33004.73368 167.03 10279.0 183.54 33795.0 400.18 "" "" 0.0061468136092708405 0.019586464 0.013400624 0.032987088 83.87599926372 -5.85471587115 371.157288 1.0700000000000014 0.351 -0.21385317325592035 0.0020871648788451935 0.41278294 0.41078293 -25.71027027027027 8.609328 0.3762467146638615 25.71302313927008 0.15530815252648345 8.608406844278916
85.082673046 -5.78294058192 0.0136 0.012 77.7994 "" "" 3017102104673039104 434.242706 2.2584 0.0211 3.297 -27.208 0.017 0.014 1.071 5206.1 4.544 14.394118 1.322326 14.981666 13.65934 44.9 3.02 430.879639 437.482208 32907.84175 5.9048 13892.0 14.947 27254.0 18.819 "" "" 0.0027621990572132458 0.0030248498 0.0038530228 0.0068778726 85.082673046 -5.78294058192 434.242706 3.2969999999999953 -27.207999999999988 2.0131468267440797 -27.556912835121153 0.40978292 0.40678293 21.159729729729726 4.7993283 56.87183615125281 60.680638670420684 23.13540091197733 21.747726364158567
83.7688614638 -5.49397536133 0.0235 0.0203 6.4261 "" "" 3017266275504060800 395.54184 2.4846 0.0358 1.939 0.74 0.032 0.026 0.961 "" "" 14.394616 1.809983 15.091207 13.281224 87.69 8.81 389.713928 400.139862 32892.76976 677.17 12558.0 541.13 38607.0 1592.1 "" "" 0.02252144619456281 0.046868 0.044933498 0.091801494 83.7688614638 -5.49397536133 395.54184 1.9389999999999994 0.7399999999999993 0.6551468267440796 0.3910871648788452 0.42478293 0.41878292 63.949729729729725 10.589329 1.4305215009932333 63.965727731890006 0.6054179032484815 10.586689003938083
