Clusters/Trapezium-FG/Trapezium-FG_members.tsv
# %ECSV 1.0
# ---
# datatype:
# - name: RA_ICRS_1
#   unit: deg
#   datatype: float64
#   format: '{:15.11f}'
#   description: Right ascension (ICRS) at Ep=2016.0 (ra)
#   meta: !!omap
#   - {ucd: POS_EQ_RA_MAIN}
#   - {width: 15}
#   - {precision: '11'}
# - name: DE_ICRS_1
#   unit: deg
#   datatype: float64
#   format: '{:15.11f}'
#   description: Declination (ICRS) at Ep=2016.0 (dec)
#   meta: !!omap
#   - {ucd: POS_EQ_DEC_MAIN}
#   - {width: 15}
#   - {precision: '11'}
# - name: e_RA_ICRS
#   unit: mas
#   datatype: float64
#   format: '{:7.4f}'
#   description: Standard error of right ascension (ra_error)
#   meta: !!omap
#   - {ucd: ERROR}
#   - {width: 7}
#   - {precision: '4'}
# - name: e_DE_ICRS
#   unit: mas
#   datatype: float64
#   format: '{:7.4f}'
#   description: Standard error of declination (dec_error)
#   meta: !!omap
#   - {ucd: ERROR}
#   - {width: 7}
#   - {precision: '4'}
# - name: _r_1
#   unit: ''
#   datatype: float64
#   format: '{:8.4f}'
#   description: Distance from center (083.83500607000-05.40950522000)[ICRS], at Epoch=J2016.0
#   meta: !!omap
#   - {ucd: POS_ANG_DIST_GENERAL}
#   - {width: 8}
#   - {precision: '4'}
# - name: HIP
#   datatype: int32
#   description: '? HIP cross-id number, van Leeuwen, Cat. I/311 (hip_original_ext_source_id)'
#   meta: !!omap
#   - {ucd: ID_NUMBER}
#   - {width: 6}
#   - values: {'null': -2147483648}
# - name: TYC2
#   datatype: string
#   description: Tycho-2 cross-id name, Hog et al., Cat. I/259 (tyc2_original_ext_source_id)
#   meta: !!omap
#   - {ucd: ID_CROSSID}
#   - {_votable_string_dtype: char}
# - name: Source
#   datatype: int64
#   description: Source identifier, identical to the Gaia-EDR3 source_id (id)
#   meta: !!omap
#   - {ucd: ID_MAIN}
#   - {width: 19}
# - name: rgeo
#   unit: pc
#   datatype: float64
#   format: '{:15.8f}'
#   description: '? Median of the geometric distance posterior (r_med_geo)'
#   meta: !!omap
#   - {ucd: PHYS_DISTANCE_TRUE}
#   - {width: 15}
#   - {precision: '8'}
#   - values: {'null': .nan}
# - name: Plx
#   unit: mas
#   datatype: float64
#   format: '{:9.4f}'
#   description: '? Parallax (parallax)'
#   meta: !!omap
#   - {ucd: POS_PARLX_TRIG}
#   - {width: 9}
#   - {precision: '4'}
#   - values: {'null': .nan}
# - name: e_Plx
#   unit: mas
#   datatype: float32
#   format: '{:7.4f}'
#   description: '? Standard error of parallax (parallax_error)'
#   meta: !!omap
#   - {ucd: ERROR}
#   - {width: 7}
#   - {precision: '4'}
#   - values: {'null': .nan}
# - name: pmRA
#   unit: mas / yr
#   datatype: float64
#   format: '{:9.3f}'
#   description: '? Proper motion in right ascension direction, pmRA*cosDE (pmra)'
#   meta: !!omap
#   - {ucd: POS_EQ_PMRA}
#   - {width: 9}
#   - {precision: '3'}
#   - values: {'null': .nan}
# - name: pmDE
#   unit: mas / yr
#   datatype: float64
#   format: '{:9.3f}'
#   description: '? Proper motion in declination direction (pmdec)'
#   meta: !!omap
#   - {ucd: POS_EQ_PMDEC}
#   - {width: 9}
#   - {precision: '3'}
#   - values: {'null': .nan}
# - name: e_pmRA
#   unit: mas / yr
#   datatype: float32
#   format: '{:6.3f}'
#   description: '? Standard error of proper motion in right ascension direction (pmra_error)'
#   meta: !!omap
#   - {ucd: ERROR}
#   - {width: 6}
#   - {precision: '3'}
#   - values: {'null': .nan}
# - name: e_pmDE
[...]
#       distance: !astropy.table.SerializedColumn
#         __class__: astropy.coordinates.distances.Distance
#         unit: !astropy.units.Unit {unit: pc}
#         value: !astropy.table.SerializedColumn {name: SkyCoord.distance}
#       frame: icrs
#       obstime: !astropy.time.Time {format: jyear_str, in_subfmt: '*', jd1: 367701545.0, jd2: 0.0, out_subfmt: '*', precision: 3, scale: tt}
#       pm_dec: !astropy.table.SerializedColumn
#         __class__: astropy.units.quantity.Quantity
#         unit: !astropy.units.Unit {unit: mas / yr}
#         value: !astropy.table.SerializedColumn {name: SkyCoord.pm_dec}
#       pm_ra_cosdec: !astropy.table.SerializedColumn
#         __class__: astropy.units.quantity.Quantity
#         unit: !astropy.units.Unit {unit: mas / yr}
#         value: !astropy.table.SerializedColumn {name: SkyCoord.pm_ra_cosdec}
#       ra: !astropy.table.SerializedColumn
#         __class__: astropy.coordinates.angles.Longitude
#         unit: *id001
#         value: !astropy.table.SerializedColumn {name: SkyCoord.ra}
#         wrap_angle: !astropy.coordinates.Angle
#           unit: *id001
#           value: 360.0
#       representation_type: spherical
# schema: astropy-2.0
RA_ICRS_1 DE_ICRS_1 e_RA_ICRS e_DE_ICRS _r_1 HIP TYC2 Source rgeo Plx e_Plx pmRA pmDE e_pmRA e_pmDE RUWE Teff logg Gmag BP-RP BPmag RPmag RV e_RV b_rgeo B_rgeo FG e_FG FBP e_FBP FRP e_FRP RAVE5 RAVE6 e_Gmag e_BPmag e_RPmag e_BP-RP SkyCoord.ra SkyCoord.dec SkyCoord.distance SkyCoord.pm_ra_cosdec SkyCoord.pm_dec rmRA rmDE e_rmRA e_rmDE rRV e_rRV v_pec v_pec3d e_vpec e_vpec3d Pmemb
[from data line 30]
83.80669123884 -5.51601684978 0.0114 0.0104 6.6107 "" "" 3017265377852811776 383.547729 2.5971 0.0169 1.739 0.376 0.015 0.012 1.107 5346.0 3.6599 12.52581 1.577584 13.253396 11.675812 "" "" 381.27478 385.408508 183917.25407 856.62 68243.0 1363.0 169370.0 2378.4 "" "" 0.005758879590196839 0.021863896 0.01570803 0.037571926 83.80669123884 -5.51601684978 383.547729 1.739 0.376 0.4551468267440797 0.027087164878845216 0.4077829 0.40478292 "" "" 0.8289283819997366 "" 0.33801408524752163 "" 1.0
83.64645825478 -5.53621968384 0.0285 0.0233 13.5875 "" "" 3017267306296233216 418.235779 2.3764 0.0407 1.116 0.599 0.038 0.028 2.675 6602.7 3.722 12.634851 1.621256 13.382689 11.761433 19.66 3.4 411.473602 424.664337 166343.79412 250.02 60582.0 447.09 156530.0 598.78 "" "" 0.0032023231431597184 0.008484542 0.0056154863 0.014100028 83.64645825478 -5.53621968384 418.235779 1.1160000000000014 0.5989999999999993 -0.1678531732559203 0.2500871648788452 0.4307829 0.42078292 -4.0802702702702724 5.1793284 0.5970997963076121 4.1237281245496815 0.2531189097314422 5.124877212811391 1.0
83.75994378469 -5.26331571183 0.0143 0.0129 9.8511 "" "" 3209521037582290304 387.256256 2.5766 0.0202 0.542 0.263 0.019 0.016 1.149 6643.5 3.4602 12.640215 2.658126 14.125036 11.46691 18.38 5.59 385.023254 390.217072 165523.86474 706.97 30578.0 471.71 205300.0 2415.3 "" "" 0.005394097557588788 0.016979866 0.01332079 0.030300654 83.75994378469 -5.26331571183 387.256256 0.5420000000000007 0.263 -0.7418531732559204 -0.08591283512115477 0.41178292 0.40878293 -5.360270270270274 7.3693285 1.3708428639431187 5.532784789594397 0.5644354480768806 7.140919324018981 0.98
83.84277158604 -5.34146174771 0.0111 0.0107 4.1089 "" "" 3017365880089976064 381.760132 2.5995 0.0169 1.505 -0.33 0.014 0.013 1.137 "" "" 12.648315 1.375832 13.205521 11.829689 23.94 3.66 379.277313 383.661011 164293.57225 148.45 71320.0 1086.0 146990.0 979.17 "" "" 0.0029247592352295774 0.016766455 0.008160531 0.024926987 83.84277158604 -5.34146174771 381.760132 1.505 -0.33 0.22114682674407948 -0.6789128351211549 0.40678293 0.40578294 0.1997297297297287 5.439328 1.2920549750671748 1.3074012481001187 0.5244179422138991 0.9793299066093542 0.99
83.6985032846 -5.73077204022 0.0093 0.0085 20.9287 "" "" 3017244216552060672 377.932983 2.6298 0.0137 1.387 0.651 0.012 0.011 1.03 4942.2 4.1251 12.716104 1.262071 13.267879 12.005808 31.0 5.24 375.987823 380.021851 154349.59986 297.87 67339.0 447.53 124980.0 600.74 "" "" 0.0034615109970329272 0.0077363877 0.0064435676 0.014179955 83.6985032846 -5.73077204022 377.932983 1.387 0.6509999999999996 0.1031468267440796 0.30208716487884524 0.40478292 0.40378293 7.259729729729727 7.019328 0.5718360632138727 7.282216162124934 0.2309574159391564 6.997676946868427 1.0
83.78773884555 -5.49978879564 0.0114 0.0106 6.1086 "" "" 3017266206784582144 392.167969 2.5347 0.0167 1.459 0.261 0.015 0.012 1.107 5388.7 3.8105 12.738749 1.508891 13.422939 11.914048 11.37 8.76 389.869019 394.638367 151163.63686 211.55 58377.0 299.86 136000.0 491.56 "" "" 0.003146514871656108 0.006236027 0.005448288 0.011684315 83.78773884555 -5.49978879564 392.167969 1.459 0.261 0.17514682674407966 -0.08791283512115478 0.4077829 0.40478292 -12.370270270270273 10.539329 0.36428793139188204 12.375633004274583 0.14833111262246562 10.53476247189471 1.0
83.67675904332 -5.20519489488 0.0127 0.0114 15.4808 "" "" 3209525126391156864 394.363037 2.5104 0.0186 1.494 0.739 0.017 0.013 1.061 6769.4 3.6802 12.957624 2.414254 14.249617 11.835362 25.62 2.67 391.524933 397.323547 123565.58208 186.54 27263.0 155.33 146220.0 587.74 "" "" 0.0032059874064520886 0.006786085 0.005773197 0.012559282 83.67675904332 -5.20519489488 394.363037 1.4939999999999998 0.739 0.21014682674407958 0.3900871648788452 0.40978292 0.40578294 1.8797297297297284 4.4493284 0.828261603877535 2.0541180933158603 0.3368424881690773 4.073858767375318 1.0
84.21557321317 -5.22499205181 0.0102 0.0093 25.2879 "" "" 3017382407121669504 397.185425 2.4965 0.0148 0.962 0.382 0.013 0.011 0.935 "" "" 12.966047 1.332492 13.560245 12.227753 23.89 8.08 394.973022 399.457031 122610.52462 66.459 51442.0 102.75 101870.0 142.65 "" "" 0.002817468336315284 0.0035338455 0.004073728 0.0076075736 84.21557321317 -5.22499205181 397.185425 0.962 0.38199999999999995 -0.32185317325592044 0.03308716487884522 0.40578294 0.40378293 0.14972972972972798 9.859328 0.6091331952832316 0.6272656865801739 0.24716314834801642 2.36565142226823 1.0
83.86044937568 -5.81382839534 0.0091 0.0086 24.3069 "" "" 3017244663228789120 380.985535 2.5905 0.0141 0.944 0.923 0.012 0.011 1.071 "" "" 13.055611 1.340035 13.649805 12.309771 32.54 9.26 378.809479 383.924011 112902.24813 138.57 47369.0 174.05 94460.0 297.65 "" "" 0.003060643689018228 0.0048682755 0.005097896 0.009966171 83.86044937568 -5.81382839534 380.985535 0.9439999999999992 0.9229999999999987 -0.33985317325592046 0.5740871648788453 0.40478292 0.40378293 8.799729729729727 11.039329 1.2047697094518306 8.881819260101043 0.4867783760467593 10.937497738199447 1.0
83.46201443713 -5.05948785352 0.0107 0.0095 30.6221 "" "" 3209541412907075584 384.848267 2.562 0.0147 1.792 -0.504 0.014 0.011 1.001 4762.4 4.174 13.131892 1.297811 13.704233 12.406423 22.79 3.31 382.557953 387.132507 105242.18798 199.37 45053.0 309.32 86415.0 427.32 "" "" 0.003438351031024354 0.007959402 0.0065657618 0.014525164 83.46201443713 -5.05948785352 384.848267 1.792 -0.504 0.5081468267440796 -0.8529128351211548 0.40678293 0.40378293 -0.9502702702702734 5.0893283 1.811066584660822 2.0452324466022325 0.7327049846350422 2.4520360403226973 0.97
83.81853032463 -5.7110215059 0.01 0.0092 18.1177 "" "" 3017246621733867904 372.06601 2.6496 0.014 1.439 0.572 0.013 0.012 0.932 "" "" 13.298965 1.418893 13.938933 12.520041 23.73 3.37 370.069183 374.209015 90232.02202 126.39 36295.0 171.83 77829.0 293.7 "" "" 0.003147168111174698 0.005848613 0.005574114 0.011422727 83.81853032463 -5.7110215059 372.06601 1.439 0.5719999999999991 0.15514682674407965 0.22308716487884517 0.40578294 0.40478292 -0.010270270270272164 5.149328 0.47922508055145124 0.47933511897311404 0.19413848283265897 0.2232602370355938 1.0
83.8476904775 -5.18103902423 0.0104 0.0101 13.7289 "" "" 3209527634652049408 391.894501 2.5101 0.015 1.82 0.318 0.014 0.013 1.075 "" "" 13.42294 1.799913 14.288403 12.488489 -10.77 4.07 389.645081 393.985016 80495.3042 274.1 26306.0 325.72 80124.0 705.91 "" "" 0.004610904259265027 0.013730042 0.010285131 0.024015173 83.8476904775 -5.18103902423 391.894501 1.8199999999999978 0.318 0.5361468267440797 -0.03091283512115478 0.40678293 0.40578294 -34.51027027027027 5.8493285 0.9975896462954975 34.52468593962146 0.40579913311506965 5.846897907387699 0.98
83.92820699071 -5.198548562 0.0095 0.0089 13.828 "" "" 3017373924574255488 389.29126 2.5247 0.0141 1.26 -0.523 0.012 0.011 1.066 5077.2 4.1023 13.424715 1.795006 14.29113 12.496124 18.72 4.47 387.133942 391.776245 80363.82692 255.94 26240.0 316.47 79562.0 651.72 "" "" 0.004421343537578998 0.013388586 0.009663363 0.02305195 83.92820699071 -5.198548562 389.29126 1.2599999999999998 -0.523 -0.0238531732559204 -0.8719128351211548 0.40478292 0.40378293 -5.020270270270274 6.249328 1.6094908897923346 5.271961163635796 0.6498861587972055 5.95428285814419 0.96
83.61886503645 -5.41607972103 0.0121 0.0104 12.9167 "" "" 3209424035744296192 399.585144 2.4612 0.016 1.26 0.632 0.017 0.012 1.127 "" "" 13.434993 1.681412 14.210857 12.529446 "" "" 396.482971 402.226105 79606.70737 160.09 28254.0 375.84 77158.0 531.85 "" "" 0.0035155577034851494 0.014709712 0.008384131 0.023093842 83.61886503645 -5.41607972103 399.585144 1.2599999999999998 0.632 -0.0238531732559204 0.2830871648788452 0.40978292 0.40478292 "" "" 0.5380766294807939 "" 0.21782331290876322 "" 1.0
84.0437227807 -5.32916645302 0.0109 0.0104 13.3674 "" "" 3017368014699258240 386.844604 2.5431 0.016 1.4 -0.135 0.014 0.012 1.179 4851.5 4.1486 13.514942 1.553557 14.227744 12.674187 -12.71 4.05 384.406158 389.373566 73955.38653 176.57 27818.0 245.52 67528.0 414.31 "" "" 0.0037830384774587954 0.009980585 0.007658853 0.01763944 84.0437227807 -5.32916645302 386.844604 1.3999999999999997 -0.135 0.1161468267440795 -0.4839128351211548 0.40678293 0.40478292 -36.45027027027027 5.8293285 0.9125240621649382 36.46169089523659 0.3694737978010546 5.827509995824888 1.0
83.52953361176 -5.43342118099 0.0167 0.014 18.3027 "" "" 3209422700009322880 374.862427 2.6248 0.0227 2.143 0.064 0.022 0.018 1.583 4843.8 4.176 13.621325 1.527023 14.309198 12.782175 21.2 5.21 371.318481 378.209656 67052.82695 112.58 25807.0 173.84 61135.0 267.16 "" "" 0.0033037614464499457 0.007827841 0.0060659377 0.013893778 83.52953361176 -5.43342118099 374.862427 2.143 0.06400000000000008 0.8591468267440794 -0.2849128351211548 0.41478294 0.41078293 -2.5402702702702733 6.9893284 1.6083257282075707 3.0066068406150843 0.6664714487004809 5.916008121590712 0.89
83.70194900305 -5.69952215686 0.0112 0.0099 19.1294 "" "" 3017250195146534016 379.261047 2.5981 0.0171 1.326 0.754 0.014 0.013 1.011 4578.7 4.1407 13.686006 1.503303 14.365995 12.862693 8.59 3.4 376.615784 381.746643 63174.91401 176.62 24492.0 227.53 56765.0 388.63 "" "" 0.0040994626559201965 0.0104652615 0.0083389 0.018804163 83.70194900305 -5.69952215686 379.261047 1.3259999999999987 0.7540000000000009 0.04214682674407966 0.4050871648788452 0.40678293 0.40578294 -15.150270270270273 5.1793284 0.7321550758881191 15.167951091607067 0.297103888014967 5.173310933207589 1.0
83.96677053566 -5.47976934758 0.011 0.01 8.9282 "" "" 3017349151203962112 377.342041 2.6097 0.0166 1.307 0.558 0.014 0.012 1.02 4717.3 4.1725 13.69801 1.490259 14.369473 12.879214 "" "" 374.914612 379.541992 62480.24029 114.22 24413.0 239.74 55908.0 336.43 "" "" 0.0033957838403190685 0.011021157 0.0075478596 0.018569017 83.96677053566 -5.47976934758 377.342041 1.3070000000000013 0.558 0.02314682674407953 0.20908716487884527 0.40678293 0.40478292 "" "" 0.37625819256207294 "" 0.15231202326422988 "" 1.0
83.89545851942 -5.48733565147 0.0153 0.0138 5.903 "" "" 3017359527845298048 369.18222 2.6703 0.0236 1.022 0.026 0.019 0.017 1.337 "" "" 13.737047 1.614544 14.464526 12.849982 27.17 4.77 365.790649 372.957245 60273.71126 123.97 22367.0 245.76 57434.0 329.98 "" "" 0.003546637141568449 0.012251596 0.0072935536 0.019545149 83.89545851942 -5.48733565147 369.18222 1.0219999999999994 0.025999999999999995 -0.2618531732559204 -0.32291283512115476 0.41178292 0.40978292 3.429729729729729 6.5493283 0.7275133639246674 3.5060407461524097 0.2987006193362783 6.407078192240854 1.0
83.80850462446 -5.86917874185 0.0114 0.0106 27.6258 "" "" 3017191646152505088 378.955688 2.5937 0.0163 1.444 0.605 0.016 0.014 1.079 4792.8 4.1694 13.891104 1.648179 14.671184 13.023005 -24.58 5.99 376.20694 381.487671 52300.44386 215.55 18490.0 304.19 48973.0 573.33 "" "" 0.005254998419940476 0.0180787 0.013260758 0.03133946 83.80850462446 -5.86917874185 378.955688 1.444 0.6050000000000001 0.16014682674407954 0.2560871648788452 0.40878293 0.40678293 -48.32027027027027 7.769328 0.5425377936004916 48.32331596909974 0.22100069906359682 7.768838832107076 1.0
83.70128980391 -5.62301663474 0.0174 0.0152 15.0959 "" "" 3017262839530248192 344.217773 2.8607 0.0251 1.246 0.821 0.022 0.02 1.467 4942.4 4.2017 13.902919 1.757675 14.735958 12.978283 0.6 8.03 340.83905 347.160095 51734.35735 132.2 17419.0 163.25 51032.0 311.31 "" "" 0.00391016043409613 0.010551074 0.0076257396 0.018176813 83.70128980391 -5.62301663474 344.217773 1.2459999999999998 0.8210000000000011 -0.037853173255920414 0.47208716487884517 0.41478294 0.41278294 -23.14027027027027 9.809328 0.7727258659632572 23.153168540074226 0.3189779490741526 9.803869235186031 1.0
83.95623782603 -5.5906579888 0.0297 0.0256 13.06 "" "" 3017342859064738560 390.106598 2.5229 0.0427 1.138 -0.419 0.04 0.032 2.314 5364.2 4.1852 13.926422 1.79461 14.781922 12.987312 16.47 4.89 382.322571 395.953033 50626.51942 132.63 16697.0 164.02 50610.0 336.58 "" "" 0.003960088596899491 0.011024458 0.008149939 0.019174397 83.95623782603 -5.5906579888 390.106598 1.138 -0.41900000000000015 -0.1458531732559205 -0.7679128351211548 0.43278292 0.42478293 -7.270270270270274 6.669328 1.445337226413798 7.412545413070555 0.6143608424210515 6.542415033881732 1.0
83.76634121409 -5.48427427703 0.017 0.0148 6.0783 "" "" 3017266481662489984 387.139557 2.5366 0.0262 1.04 0.233 0.022 0.018 1.275 7340.0 4.0054 13.944856 2.117353 14.959722 12.842369 41.83 5.71 384.178528 391.452057 49774.2366 141.08 14175.0 255.76 57838.0 415.22 "" "" 0.004130645534067377 0.019787675 0.008662462 0.028450137 83.76634121409 -5.48427427703 387.139557 1.0399999999999987 0.23299999999999996 -0.24385317325592037 -0.11591283512115477 0.41478294 0.41078293 18.089729729729726 7.4893284 0.49546173331192994 18.096513587535142 0.20514525132080605 7.486522959415931 1.0
84.1138619797 -5.77845786388 0.0141 0.0118 27.7007 "" "" 3017196112918434560 377.415466 2.6091 0.0202 1.101 0.704 0.019 0.015 1.066 4947.7 4.2014 13.946177 1.660233 14.719241 13.059008 -36.55 10.05 375.104614 380.273804 49713.67789 90.222 17690.0 156.46 47376.0 276.99 "" "" 0.0033873856111291817 0.009999982 0.007387797 0.01738778 84.1138619797 -5.77845786388 377.415466 1.1009999999999986 0.704 -0.18285317325592043 0.3550871648788452 0.41178292 0.4077829 -60.29027027027027 11.829329 0.714510424608275 60.29450401495239 0.29196649585602236 11.828498414120407 1.0
83.98366280006 -4.94867084207 0.0114 0.0106 29.0419 "" "" 3209558592776300032 376.039246 2.6167 0.0164 1.178 0.987 0.015 0.013 1.089 "" "" 13.963237 1.673271 14.754704 13.081433 75.27 3.73 374.131897 378.264374 48938.64354 85.433 17121.0 114.17 46407.0 199.59 "" "" 0.0033442911885086836 0.0077591706 0.006007402 0.013766573 83.98366280006 -4.94867084207 376.039246 1.178 0.987 -0.10585317325592047 0.6380871648788452 0.4077829 0.40578294 51.52972972972972 5.5093284 1.1528867729057013 51.542625019784666 0.46788368447388284 5.507959945991122 0.99
84.14433968649 -5.53728248744 0.0112 0.0104 20.0029 "" "" 3017344443920441984 390.219635 2.5199 0.016 1.771 0.063 0.015 0.013 0.985 "" "" 14.006867 1.704802 14.810162 13.105359 3.19 7.91 388.225525 393.184662 47011.01346 83.135 16269.0 116.43 45396.0 234.73 "" "" 0.003358320223637149 0.0082559055 0.0067676543 0.015023559 84.14433968649 -5.53728248744 390.219635 1.7710000000000008 0.063 0.4871468267440795 -0.2859128351211548 0.4077829 0.40578294 -20.55027027027027 9.689328 1.0447741095629723 20.576811247643967 0.425506648830951 9.67685454214263 1.0
83.79642824417 -5.61422600877 0.0184 0.0164 12.4975 "" "" 3017252428529514752 379.58255 2.5908 0.0295 1.336 -0.066 0.022 0.019 1.564 "" "" 14.101202 2.442701 15.379008 12.936307 42.79 7.17 375.971466 383.692657 43098.88429 101.35 9634.2 76.445 53044.0 312.77 "" "" 0.003756399255476031 0.009055612 0.0074343025 0.016489914 83.79642824417 -5.61422600877 379.58255 1.336 -0.06600000000000009 0.052146826744079666 -0.4149128351211548 0.41478294 0.41178292 19.049729729729727 8.949328 0.7523928503304057 19.064582286978567 0.3098577508175046 8.94236467139962 1.0
83.60723830826 -4.94871723666 0.0136 0.013 30.8158 "" "" 3209549831042934528 385.228333 2.5514 0.0195 1.574 0.319 0.017 0.014 1.195 4982.1 4.1694 14.156235 1.862845 15.063557 13.200711 67.57 5.42 382.365326 387.708435 40968.7504 509.35 12882.0 494.35 41579.0 1207.0 "" "" 0.01377691159121596 0.04175872 0.03174371 0.07350243 83.60723830826 -4.94871723666 385.228333 1.573999999999998 0.31899999999999973 0.29014682674407966 -0.02991283512115478 0.40978292 0.40678293 43.82972972972972 7.1993284 0.5326110818941467 43.83296570785178 0.21823817905678874 7.198797418993353 1.0
