Clusters/Trapezium-FG/Trapezium-FG_members.tsv
# %ECSV 1.0
# ---
# datatype:
# - name: RA_ICRS_1
#   unit: deg
#   datatype: float64
#   format: '{:15.11f}'
#   description: Right ascension (ICRS) at Ep=2016.0 (ra)
#   meta: !!omap
#   - {ucd: POS_EQ_RA_MAIN}
#   - {width: 15}
#   - {precision: '11'}
# - name: DE_ICRS_1
#   unit: deg
#   datatype: float64
#   format: '{:15.11f}'
#   description: Declination (ICRS) at Ep=2016.0 (dec)
#   meta: !!omap
#   - {ucd: POS_EQ_DEC_MAIN}
#   - {width: 15}
#   - {precision: '11'}
# - name: e_RA_ICRS
#   unit: mas
#   datatype: float64
#   format: '{:7.4f}'
#   description: Standard error of right ascension (ra_error)
#   meta: !!omap
#   - {ucd: ERROR}
#   - {width: 7}
#   - {precision: '4'}
# - name: e_DE_ICRS
#   unit: mas
#   datatype: float64
#   format: '{:7.4f}'
#   description: Standard error of declination (dec_error)
#   meta: !!omap
#   - {ucd: ERROR}
#   - {width: 7}
#   - {precision: '4'}
# - name: _r_1
#   unit: ''
#   datatype: float64
#   format: '{:8.4f}'
#   description: Distance from center (083.83500607000-05.40950522000)[ICRS], at Epoch=J2016.0
#   meta: !!omap
#   - {ucd: POS_ANG_DIST_GENERAL}
#   - {width: 8}
#   - {precision: '4'}
# - name: HIP
#   datatype: int32
#   description: '? HIP cross-id number, van Leeuwen, Cat. I/311 (hip_original_ext_source_id)'
#   meta: !!omap
#   - {ucd: ID_NUMBER}
#   - {width: 6}
#   - values: {'null': -2147483648}
# - name: TYC2
#   datatype: string
#   description: Tycho-2 cross-id name, Hog et al., Cat. I/259 (tyc2_original_ext_source_id)
#   meta: !!omap
#   - {ucd: ID_CROSSID}
#   - {_votable_string_dtype: char}
# - name: Source
#   datatype: int64
#   description: Source identifier, identical to the Gaia-EDR3 source_id (id)
#   meta: !!omap
#   - {ucd: ID_MAIN}
#   - {width: 19}
# - name: rgeo
#   unit: pc
#   datatype: float64
#   format: '{:15.8f}'
#   description: '? Median of the geometric distance posterior (r_med_geo)'
#   meta: !!omap
#   - {ucd: PHYS_DISTANCE_TRUE}
#   - {width: 15}
#   - {precision: '8'}
#   - values: {'null': .nan}
# - name: Plx
#   unit: mas
#   datatype: float64
#   format: '{:9.4f}'
#   description: '? Parallax (parallax)'
#   meta: !!omap
#   - {ucd: POS_PARLX_TRIG}
#   - {width: 9}
#   - {precision: '4'}
#   - values: {'null': .nan}
# - name: e_Plx
#   unit: mas
#   datatype: float32
#   format: '{:7.4f}'
#   description: '? Standard error of parallax (parallax_error)'
#   meta: !!omap
#   - {ucd: ERROR}
#   - {width: 7}
#   - {precision: '4'}
#   - values: {'null': .nan}
# - name: pmRA
#   unit: mas / yr
#   datatype: float64
#   format: '{:9.3f}'
#   description: '? Proper motion in right ascension direction, pmRA*cosDE (pmra)'
#   meta: !!omap
#   - {ucd: POS_EQ_PMRA}
#   - {width: 9}
#   - {precision: '3'}
#   - values: {'null': .nan}
# - name: pmDE
#   unit: mas / yr
#   datatype: float64
#   format: '{:9.3f}'
#   description: '? Proper motion in declination direction (pmdec)'
#   meta: !!omap
#   - {ucd: POS_EQ_PMDEC}
#   - {width: 9}
#   - {precision: '3'}
#   - values: {'null': .nan}
# - name: e_pmRA
#   unit: mas / yr
#   datatype: float32
#   format: '{:6.3f}'
#   description: '? Standard error of proper motion in right ascension direction (pmra_error)'
#   meta: !!omap
#   - {ucd: ERROR}
#   - {width: 6}
#   - {precision: '3'}
#   - values: {'null': .nan}
# - name: e_pmDE
[...]
#       distance: !astropy.table.SerializedColumn
#         __class__: astropy.coordinates.distances.Distance
#         unit: !astropy.units.Unit {unit: pc}
#         value: !astropy.table.SerializedColumn {name: SkyCoord.distance}
#       frame: icrs
#       obstime: !astropy.time.Time {format: jyear_str, in_subfmt: '*', jd1: 367701545.0, jd2: 0.0, out_subfmt: '*', precision: 3, scale: tt}
#       pm_dec: !astropy.table.SerializedColumn
#         __class__: astropy.units.quantity.Quantity
#         unit: !astropy.units.Unit {unit: mas / yr}
#         value: !astropy.table.SerializedColumn {name: SkyCoord.pm_dec}
#       pm_ra_cosdec: !astropy.table.SerializedColumn
#         __class__: astropy.units.quantity.Quantity
#         unit: !astropy.units.Unit {unit: mas / yr}
#         value: !astropy.table.SerializedColumn {name: SkyCoord.pm_ra_cosdec}
#       ra: !astropy.table.SerializedColumn
#         __class__: astropy.coordinates.angles.Longitude
#         unit: *id001
#         value: !astropy.table.SerializedColumn {name: SkyCoord.ra}
#         wrap_angle: !astropy.coordinates.Angle
#           unit: *id001
#           value: 360.0
#       representation_type: spherical
# schema: astropy-2.0
RA_ICRS_1 DE_ICRS_1 e_RA_ICRS e_DE_ICRS _r_1 HIP TYC2 Source rgeo Plx e_Plx pmRA pmDE e_pmRA e_pmDE RUWE Teff logg Gmag BP-RP BPmag RPmag RV e_RV b_rgeo B_rgeo FG e_FG FBP e_FBP FRP e_FRP RAVE5 RAVE6 e_Gmag e_BPmag e_RPmag e_BP-RP SkyCoord.ra SkyCoord.dec SkyCoord.distance SkyCoord.pm_ra_cosdec SkyCoord.pm_dec rmRA rmDE e_rmRA e_rmDE rRV e_rRV v_pec v_pec3d e_vpec e_vpec3d Pmemb
[from data line 149]
83.7864333817 -5.07798238011 0.0349 0.0325 20.102 "" "" 3209532479375154688 385.401001 2.5277 0.0519 1.78 -0.121 0.046 0.039 1.216 "" "" 15.948042 3.417922 18.001879 14.583957 "" "" 377.076904 393.883301 7865.56483 8.5687 860.33 16.53 11630.0 33.877 "" "" 0.0029984650180577633 0.021046622 0.0049280836 0.025974706 83.7864333817 -5.07798238011 385.401001 1.78 -0.12099999999999995 0.4961468267440796 -0.4699128351211548 0.43878293 0.43178293 "" "" 1.248361028753775 "" 0.5436448792366411 "" 0.84
83.81112899282 -5.14777260899 0.0269 0.0257 15.7686 "" "" 3209528734163677056 375.415283 2.6072 0.0388 1.391 0.778 0.035 0.03 1.048 "" "" 15.963211 2.946147 17.635973 14.689826 "" "" 370.104309 380.494415 7756.43948 4.9799 1205.1 24.893 10549.0 23.979 "" "" 0.0028421311879788034 0.022600269 0.0045138365 0.027114104 83.81112899282 -5.14777260899 375.415283 1.3910000000000018 0.778 0.1071468267440796 0.42908716487884524 0.42778292 0.42278293 "" "" 0.786992400248555 "" 0.33295919654847317 "" 0.99
83.34372700392 -5.38418258707 0.0338 0.0286 29.3854 "" "" 3209427441653024896 389.0271 2.5204 0.0469 0.577 -0.14 0.043 0.036 1.098 3576.2 4.2473 16.002571 2.6583 17.46238 14.804079 "" "" 382.306427 395.522186 7480.29376 10.233 1414.1 15.149 9495.7 34.866 "" "" 0.0031301516032632144 0.011961276 0.0054933117 0.017454587 83.34372700392 -5.38418258707 389.0271 0.577 -0.14 -0.7068531732559205 -0.4889128351211548 0.43578294 0.42878294 "" "" 1.5848404070302493 "" 0.6870760374422401 "" 0.83
83.49132431728 -5.60750781367 0.0297 0.0252 23.7158 "" "" 3017261293342035200 383.673859 2.5597 0.043 1.191 0.134 0.04 0.032 1.025 3597.0 4.2943 16.01793 2.50868 17.350409 14.841728 "" "" 377.960083 389.450073 7375.22046 21.399 1567.7 21.23 9172.1 63.938 "" "" 0.0041851835326056925 0.014965581 0.008459738 0.023425318 83.49132431728 -5.60750781367 383.673859 1.191 0.13399999999999984 -0.09285317325592035 -0.21491283512115478 0.43278292 0.42478293 "" "" 0.4257625280756125 "" 0.18139668622868 "" 1.0
83.74254727196 -5.82632326935 0.0299 0.0265 25.6112 "" "" 3017239303109623936 377.87793 2.6024 0.0411 1.22 0.253 0.041 0.033 1.015 3456.4 4.0062 16.018724 2.800269 17.59264 14.792371 "" "" 372.156586 384.363525 7369.81712 8.4082 1254.2 16.491 9598.6 33.129 "" "" 0.0030209599506141414 0.014546041 0.0053222547 0.019868296 83.74254727196 -5.82632326935 377.87793 1.2200000000000013 0.253 -0.06385317325592044 -0.09591283512115478 0.43378294 0.42578292 "" "" 0.20638192735544628 "" 0.08838422297118763 "" 1.0
84.20065755165 -5.68136094647 0.0303 0.0269 27.256 "" "" 3017290774009120128 368.415466 2.6549 0.0423 1.475 -0.375 0.039 0.031 1.091 3513.7 4.1002 16.023132 2.914462 17.687807 14.773345 "" "" 362.818573 374.579926 7339.96444 4.4561 1148.9 8.9199 9768.3 13.376 "" "" 0.00283306727670089 0.00887928 0.0040612915 0.012940571 84.20065755165 -5.68136094647 368.415466 1.475 -0.37500000000000006 0.19114682674407968 -0.7239128351211548 0.43178293 0.4237829 "" "" 1.3074878698872303 "" 0.554778770240815 "" 0.99
83.71112405221 -5.06881428352 0.0453 0.0415 21.7403 "" "" 3209533132210095616 329.907898 2.9748 0.065 2.898 -0.099 0.057 0.05 1.681 3579.5 4.207 16.027885 3.057466 17.778898 14.721432 "" "" 323.361786 336.292755 7307.90177 15.055 1056.5 16.727 10247.0 43.488 "" "" 0.0035489044988851245 0.01741485 0.00595952 0.02337437 83.71112405221 -5.06881428352 329.907898 2.8979999999999957 -0.099 1.6141468267440797 -0.44791283512115476 0.44978294 0.44278294 "" "" 2.6195235542774453 "" 1.1769154761576552 "" 0.86
83.83991659283 -5.1638017399 0.0327 0.031 14.7451 "" "" 3209527737731263232 388.760437 2.5302 0.0482 0.777 -0.432 0.044 0.038 1.134 "" "" 16.030445 2.571292 17.397852 14.82656 "" "" 382.747711 396.399902 7290.68788 23.8 1500.6 46.606 9301.1 76.505 "" "" 0.0044893186656461605 0.03383629 0.009697372 0.04353366 83.83991659283 -5.1638017399 388.760437 0.777 -0.43200000000000005 -0.5068531732559204 -0.7809128351211547 0.43678293 0.4307829 "" "" 1.715540850504009 "" 0.7420915326143236 "" 0.83
84.04954260062 -5.26532742376 0.0297 0.0273 15.4627 "" "" 3017369595247218176 382.188446 2.5698 0.0411 1.429 0.04 0.038 0.032 1.006 3478.0 4.0822 16.070694 3.037997 17.834791 14.796794 "" "" 376.566559 387.948975 7025.36944 5.4537 1003.5 19.556 9559.6 22.49 "" "" 0.002881349121769383 0.021341778 0.004561605 0.025903383 84.04954260062 -5.26532742376 382.188446 1.429 0.039999999999999925 0.14514682674407964 -0.3089128351211548 0.4307829 0.42478293 "" "" 0.6183139650835596 "" 0.26332400578769166 "" 1.0
83.77846762091 -5.17736236251 0.031 0.0285 14.3323 "" "" 3209522515051035520 397.971985 2.4652 0.0433 1.08 0.092 0.04 0.034 1.108 "" "" 16.07528 3.199079 17.929047 14.729967 "" "" 391.643646 404.754517 6995.75643 9.1402 920.02 31.192 10166.0 43.45 "" "" 0.0030990449485616884 0.03691597 0.0059848046 0.042900775 83.77846762091 -5.17736236251 397.971985 1.08 0.092 -0.20385317325592034 -0.2569128351211548 0.43278292 0.42678294 "" "" 0.6186669099479251 "" 0.26547676680218946 "" 1.0
83.79217788891 -5.80952305486 0.0301 0.0271 24.1369 "" "" 3017239062591441536 378.870056 2.5911 0.0431 1.065 0.796 0.039 0.033 1.042 3475.9 4.0191 16.075966 2.615878 17.50184 14.885962 "" "" 373.432648 383.915192 6991.33956 4.4752 1363.6 26.026 8805.9 21.495 "" "" 0.002841618493237507 0.020909619 0.0046160147 0.025525633 83.79217788891 -5.80952305486 378.870056 1.0649999999999997 0.7959999999999999 -0.21885317325592046 0.44708716487884526 0.43178293 0.42578292 "" "" 0.8939329428228775 "" 0.3816640430669576 "" 1.0
84.14180702408 -5.568180008 0.0297 0.0263 20.6494 "" "" 3017343756725678336 377.118744 2.6189 0.0425 1.157 0.031 0.04 0.033 1.1 3466.1 4.0046 16.08262 2.594658 17.49553 14.900871 "" "" 370.747528 383.836761 6948.62385 4.5961 1371.5 12.441 8685.8 15.499 "" "" 0.002847372182246503 0.010236411 0.0042470256 0.014483437 84.14180702408 -5.568180008 377.118744 1.1569999999999987 0.031 -0.12685317325592038 -0.31791283512115476 0.43278292 0.42578292 "" "" 0.6118524379117727 "" 0.2611087356564366 "" 1.0
83.71985299586 -5.01414224835 0.0313 0.0283 24.6995 "" "" 3209545467356145664 375.548553 2.6224 0.0433 0.283 0.727 0.038 0.034 1.064 3509.5 4.1496 16.093546 2.897819 17.739374 14.841556 "" "" 369.596649 381.234741 6879.05364 5.1816 1095.6 9.7844 9173.5 18.622 "" "" 0.0028741302045519985 0.010089771 0.004375092 0.014464863 83.71985299586 -5.01414224835 375.548553 0.2830000000000003 0.7269999999999999 -1.0008531732559205 0.3780871648788452 0.4307829 0.42678294 "" "" 1.904504989761466 "" 0.8194807119142462 "" 0.81
83.93414125515 -5.83463660722 0.0347 0.0305 26.1857 "" "" 3017196765753498880 369.23111 2.6663 0.0501 1.145 0.338 0.047 0.039 1.11 3556.4 4.3832 16.094378 2.643661 17.542614 14.898953 "" "" 362.264221 375.702301 6873.77614 5.6447 1313.3 23.436 8701.2 24.934 "" "" 0.0028959866998763428 0.019574968 0.004895273 0.024470242 83.93414125515 -5.83463660722 369.23111 1.1449999999999998 0.33799999999999997 -0.1388531732559204 -0.010912835121154763 0.43978292 0.43178293 "" "" 0.24376401057232963 "" 0.10719138449253705 "" 1.0
83.89811385395 -5.11626390264 0.031 0.0293 17.994 "" "" 3209529764955821056 385.338959 2.5548 0.0438 1.189 0.884 0.041 0.036 1.033 3553.2 4.2074 16.101881 2.499905 17.444727 14.944822 "" "" 379.43219 390.933868 6826.44523 6.9862 1437.2 13.961 8341.2 26.467 "" "" 0.0029709312327923744 0.0109097 0.0051139384 0.016023638 83.89811385395 -5.11626390264 385.338959 1.189000000000001 0.8839999999999997 -0.09485317325592035 0.5350871648788452 0.43378294 0.42878294 "" "" 0.9925772293477332 "" 0.4257522368002132 "" 1.0
83.55871163356 -5.78940279926 0.0333 0.0288 28.1383 "" "" 3017242223687246976 386.439911 2.5411 0.0468 1.344 0.667 0.041 0.033 1.019 3463.0 4.0326 16.1034 2.622395 17.512226 14.889832 "" "" 380.840149 392.771088 6816.90421 26.034 1350.6 32.549 8774.6 89.737 "" "" 0.004978449862939016 0.026314216 0.0117292935 0.03804351 83.55871163356 -5.78940279926 386.439911 1.344 0.6669999999999998 0.06014682674407967 0.31808716487884525 0.43378294 0.42578292 "" "" 0.5929729971473605 "" 0.25264301572635844 "" 1.0
83.64867192914 -5.59782600104 0.0344 0.03 15.8593 "" "" 3017263561084755584 377.204529 2.6182 0.0485 1.156 0.51 0.045 0.037 1.06 3493.4 4.0111 16.103796 2.429399 17.35003 14.920632 "" "" 370.513214 382.616974 6814.40953 4.4322 1568.2 33.555 8529.1 27.83 "" "" 0.0028443768333552724 0.023398606 0.005180198 0.028578803 83.64867192914 -5.59782600104 377.204529 1.156 0.51 -0.1278531732559205 0.16108716487884522 0.43778294 0.42978293 "" "" 0.3677073966780926 "" 0.15917770579611476 "" 1.0
84.0782872668 -5.20508968346 0.0299 0.0283 19.0177 "" "" 3017371519392561664 372.054047 2.6387 0.0425 1.497 -0.051 0.039 0.033 1.017 3474.9 3.9492 16.127329 3.074696 17.926521 14.851826 "" "" 366.209381 378.128143 6668.30476 4.0827 922.16 10.394 9087.2 14.246 "" "" 0.0028343743322503667 0.012551772 0.0041449848 0.016696757 84.0782872668 -5.20508968346 372.054047 1.4970000000000008 -0.05099999999999996 0.2131468267440797 -0.3999128351211548 0.43178293 0.42578292 "" "" 0.7991793502924335 "" 0.3413435212254359 "" 1.0
83.69123716917 -5.80344810425 0.0315 0.0285 25.1473 "" "" 3017242567284625920 379.673401 2.59 0.0446 1.321 0.535 0.041 0.036 1.036 3469.3 4.0124 16.137026 2.56945 17.512545 14.943094 "" "" 372.612335 385.541351 6609.01524 5.2637 1350.2 20.161 8354.5 29.899 "" "" 0.002887826336487071 0.01645041 0.005420496 0.021870907 83.69123716917 -5.80344810425 379.673401 1.3209999999999986 0.5350000000000007 0.03714682674407954 0.18608716487884525 0.43378294 0.42878294 "" "" 0.3414993976503353 "" 0.14649491591975003 "" 1.0
83.95128156569 -5.83648970172 0.0324 0.0291 26.5432 "" "" 3017197074991298304 381.851776 2.5739 0.0465 1.436 0.648 0.044 0.037 1.033 3438.6 4.0065 16.14965 2.735546 17.676394 14.940847 "" "" 375.326752 388.746704 6532.6039 4.368 1161.1 17.982 8371.8 16.834 "" "" 0.002849355458954364 0.01704476 0.004364639 0.0214094 83.95128156569 -5.83648970172 381.851776 1.4360000000000004 0.6479999999999988 0.15214682674407953 0.29908716487884524 0.43678293 0.42978293 "" "" 0.6073594623708914 "" 0.26191238896447816 "" 0.99
84.10155750508 -5.58060146035 0.0359 0.0316 18.9425 "" "" 3017343653646467200 411.961151 2.3879 0.0535 1.174 -0.229 0.046 0.039 1.207 10186.5 4.4516 16.150673 3.014458 17.855545 14.841087 "" "" 399.234558 420.129944 6526.45881 6.1056 984.46 16.384 9177.5 33.417 "" "" 0.0029365764945274665 0.018283652 0.0054692645 0.023752917 84.10155750508 -5.58060146035 411.961151 1.174 -0.22900000000000006 -0.10985317325592048 -0.5779128351211548 0.43878293 0.43178293 "" "" 1.1486947513194894 "" 0.49626938540504767 "" 0.98
83.88456723801 -5.7350072543 0.0321 0.0292 19.7531 "" "" 3017245659661189888 385.301666 2.5561 0.0496 1.362 0.87 0.042 0.038 1.093 3569.9 4.2635 16.16556 2.638075 17.583853 14.945778 "" "" 378.802887 391.79422 6437.58026 16.071 1264.4 35.046 8333.9 59.235 "" "" 0.00386502697300236 0.030222958 0.008592871 0.03881583 83.88456723801 -5.7350072543 385.301666 1.3620000000000003 0.87 0.07814682674407969 0.5210871648788452 0.43478292 0.4307829 "" "" 0.9623194784768727 "" 0.41463584233237943 "" 1.0
83.99785858768 -5.61937852009 0.0375 0.0323 15.9111 "" "" 3017342622854337792 384.514862 2.5684 0.0552 1.359 -0.225 0.049 0.039 1.113 "" "" 16.172014 3.188739 18.019283 14.830544 "" "" 375.687866 392.539368 6399.42157 5.0125 846.65 31.209 9267.0 30.653 "" "" 0.0028835773758746097 0.04011927 0.005213592 0.045332864 83.99785858768 -5.61937852009 384.514862 1.359 -0.22499999999999998 0.07514682674407958 -0.5739128351211548 0.44178292 0.43178293 "" "" 1.0549424685300353 "" 0.455685992522397 "" 1.0
84.17830259258 -5.45955189173 0.0307 0.0296 20.7239 "" "" 3017351418940818560 370.789154 2.6586 0.0464 1.267 0.934 0.041 0.036 0.996 3581.7 4.3558 16.174118 2.643615 17.597792 14.954177 "" "" 364.509277 377.250824 6387.04056 3.905 1248.2 15.113 8269.7 21.195 "" "" 0.0028341554092970287 0.013438754 0.004693315 0.018132068 84.17830259258 -5.45955189173 370.789154 1.267 0.9339999999999998 -0.016853173255920506 0.5850871648788453 0.43378294 0.42878294 "" "" 1.0287409498531201 "" 0.4411108579270349 "" 1.0
83.89051359733 -5.77118642728 0.0343 0.0309 21.9526 "" "" 3017245281704071040 387.081818 2.5453 0.0529 1.21 0.444 0.045 0.04 1.074 3467.5 4.0152 16.190243 2.583735 17.569582 14.985846 "" "" 379.788971 393.660736 6292.88432 4.6249 1281.1 22.87 8031.9 21.997 "" "" 0.0028685391988433266 0.019582195 0.004808897 0.024391092 83.89051359733 -5.77118642728 387.081818 1.21 0.444 -0.07385317325592045 0.09508716487884522 0.43778294 0.43278292 "" "" 0.22090376030309358 "" 0.09602045928302878 "" 1.0
83.76694033653 -5.81506179931 0.0338 0.03 24.6705 "" "" 3017239715426475904 376.953156 2.6265 0.0481 1.047 0.509 0.044 0.037 1.078 3534.8 4.4018 16.198406 2.600637 17.60057 14.999933 "" "" 370.331451 383.34906 6245.74248 4.0926 1245.1 22.603 7928.4 29.494 "" "" 0.0028456878244229747 0.019906491 0.0055314684 0.025437959 83.76694033653 -5.81506179931 376.953156 1.047 0.509 -0.23685317325592048 0.16008716487884522 0.43678293 0.42978293 "" "" 0.5107982143200918 "" 0.22199291120009604 "" 1.0
83.72391400579 -5.09693304413 0.0295 0.0279 19.8943 "" "" 3209532754252977408 377.720703 2.5967 0.0439 0.701 -0.309 0.038 0.033 0.977 3560.3 4.2494 16.222874 2.714532 17.724363 15.009831 "" "" 371.728394 383.878143 6106.57146 5.8535 1110.9 18.307 7856.4 24.058 "" "" 0.002945323471067479 0.01810856 0.005033662 0.023142222 83.72391400579 -5.09693304413 377.720703 0.7010000000000001 -0.30900000000000033 -0.5828531732559205 -0.6579128351211547 0.4307829 0.42578292 "" "" 1.5736829571694606 "" 0.6735185894411742 "" 0.89
83.45494210016 -5.38396941227 0.0372 0.0307 22.7544 "" "" 3209426720098499200 378.47818 2.5944 0.0552 0.905 0.055 0.046 0.039 1.121 "" "" 16.225145 2.987891 17.900019 14.912128 "" "" 370.622986 385.532745 6093.80065 7.4969 944.95 26.29 8596.2 37.787 "" "" 0.0030620183677464163 0.03033548 0.006087855 0.036423337 83.45494210016 -5.38396941227 378.47818 0.905 0.05499999999999999 -0.3788531732559204 -0.2939128351211548 0.43878293 0.43178293 "" "" 0.8602057708028894 "" 0.3751925334515294 "" 0.89
83.76302882932 -5.1547431623 0.0304 0.0281 15.8791 "" "" 3209528665444202240 389.395294 2.5184 0.0431 1.69 -0.137 0.039 0.035 1.008 3563.3 3.9885 16.25622 2.819439 17.829737 15.010298 "" "" 382.84375 395.972443 5921.86415 6.7751 1008.1 18.316 7853.1 40.996 "" "" 0.0030223797964370777 0.019922905 0.006812428 0.026735332 83.76302882932 -5.1547431623 389.395294 1.6900000000000002 -0.13700000000000004 0.40614682674407954 -0.4859128351211548 0.43178293 0.42778292 "" "" 1.1688997064433801 "" 0.5019636435597455 "" 0.98
83.88940389334 -4.93383494235 0.0367 0.0346 28.7247 "" "" 3209559211251444992 382.272888 2.5543 0.0568 0.813 -0.144 0.048 0.043 1.189 "" "" 16.280155 3.067534 18.032644 14.96511 "" "" 372.996948 390.677155 5792.75322 7.7735 836.29 28.491 8186.8 28.379 "" "" 0.003116825704920338 0.037094295 0.005333728 0.042428024 83.88940389334 -4.93383494235 382.272888 0.8129999999999991 -0.14399999999999996 -0.47085317325592047 -0.4929128351211548 0.44078293 0.43578294 "" "" 1.2351570498318898 "" 0.5412157662499679 "" 0.98
83.58848068375 -5.59299604564 0.0392 0.0332 18.3844 "" "" 3017266619101473408 410.505524 2.406 0.0535 1.423 0.391 0.053 0.041 1.108 3432.8 4.1124 16.292852 2.914785 17.924534 15.009748 "" "" 401.858673 419.329956 5725.39761 3.8318 923.85 34.717 7857.0 23.945 "" "" 0.002849526337579723 0.04089575 0.0050231945 0.04591894 83.58848068375 -5.59299604564 410.505524 1.4230000000000003 0.391 0.13914682674407963 0.04208716487884523 0.44578293 0.43378294 "" "" 0.2828652897496406 "" 0.12581552519712075 "" 1.0
