Clusters/Trapezium-FG/Trapezium-FG_members.tsv
# %ECSV 1.0
# ---
# datatype:
# - name: RA_ICRS_1
#   unit: deg
#   datatype: float64
#   format: '{:15.11f}'
#   description: Right ascension (ICRS) at Ep=2016.0 (ra)
#   meta: !!omap
#   - {ucd: POS_EQ_RA_MAIN}
#   - {width: 15}
#   - {precision: '11'}
# - name: DE_ICRS_1
#   unit: deg
#   datatype: float64
#   format: '{:15.11f}'
#   description: Declination (ICRS) at Ep=2016.0 (dec)
#   meta: !!omap
#   - {ucd: POS_EQ_DEC_MAIN}
#   - {width: 15}
#   - {precision: '11'}
# - name: e_RA_ICRS
#   unit: mas
#   datatype: float64
#   format: '{:7.4f}'
#   description: Standard error of right ascension (ra_error)
#   meta: !!omap
#   - {ucd: ERROR}
#   - {width: 7}
#   - {precision: '4'}
# - name: e_DE_ICRS
#   unit: mas
#   datatype: float64
#   format: '{:7.4f}'
#   description: Standard error of declination (dec_error)
#   meta: !!omap
#   - {ucd: ERROR}
#   - {width: 7}
#   - {precision: '4'}
# - name: _r_1
#   unit: ''
#   datatype: float64
#   format: '{:8.4f}'
#   description: Distance from center (083.83500607000-05.40950522000)[ICRS], at Epoch=J2016.0
#   meta: !!omap
#   - {ucd: POS_ANG_DIST_GENERAL}
#   - {width: 8}
#   - {precision: '4'}
# - name: HIP
#   datatype: int32
#   description: '? HIP cross-id number, van Leeuwen, Cat. I/311 (hip_original_ext_source_id)'
#   meta: !!omap
#   - {ucd: ID_NUMBER}
#   - {width: 6}
#   - values: {'null': -2147483648}
# - name: TYC2
#   datatype: string
#   description: Tycho-2 cross-id name, Hog et al., Cat. I/259 (tyc2_original_ext_source_id)
#   meta: !!omap
#   - {ucd: ID_CROSSID}
#   - {_votable_string_dtype: char}
# - name: Source
#   datatype: int64
#   description: Source identifier, identical to the Gaia-EDR3 source_id (id)
#   meta: !!omap
#   - {ucd: ID_MAIN}
#   - {width: 19}
# - name: rgeo
#   unit: pc
#   datatype: float64
#   format: '{:15.8f}'
#   description: '? Median of the geometric distance posterior (r_med_geo)'
#   meta: !!omap
#   - {ucd: PHYS_DISTANCE_TRUE}
#   - {width: 15}
#   - {precision: '8'}
#   - values: {'null': .nan}
# - name: Plx
#   unit: mas
#   datatype: float64
#   format: '{:9.4f}'
#   description: '? Parallax (parallax)'
#   meta: !!omap
#   - {ucd: POS_PARLX_TRIG}
#   - {width: 9}
#   - {precision: '4'}
#   - values: {'null': .nan}
# - name: e_Plx
#   unit: mas
#   datatype: float32
#   format: '{:7.4f}'
#   description: '? Standard error of parallax (parallax_error)'
#   meta: !!omap
#   - {ucd: ERROR}
#   - {width: 7}
#   - {precision: '4'}
#   - values: {'null': .nan}
# - name: pmRA
#   unit: mas / yr
#   datatype: float64
#   format: '{:9.3f}'
#   description: '? Proper motion in right ascension direction, pmRA*cosDE (pmra)'
#   meta: !!omap
#   - {ucd: POS_EQ_PMRA}
#   - {width: 9}
#   - {precision: '3'}
#   - values: {'null': .nan}
# - name: pmDE
#   unit: mas / yr
#   datatype: float64
#   format: '{:9.3f}'
#   description: '? Proper motion in declination direction (pmdec)'
#   meta: !!omap
#   - {ucd: POS_EQ_PMDEC}
#   - {width: 9}
#   - {precision: '3'}
#   - values: {'null': .nan}
# - name: e_pmRA
#   unit: mas / yr
#   datatype: float32
#   format: '{:6.3f}'
#   description: '? Standard error of proper motion in right ascension direction (pmra_error)'
#   meta: !!omap
#   - {ucd: ERROR}
#   - {width: 6}
#   - {precision: '3'}
#   - values: {'null': .nan}
# - name: e_pmDE
[...]
#       distance: !astropy.table.SerializedColumn
#         __class__: astropy.coordinates.distances.Distance
#         unit: !astropy.units.Unit {unit: pc}
#         value: !astropy.table.SerializedColumn {name: SkyCoord.distance}
#       frame: icrs
#       obstime: !astropy.time.Time {format: jyear_str, in_subfmt: '*', jd1: 367701545.0, jd2: 0.0, out_subfmt: '*', precision: 3, scale: tt}
#       pm_dec: !astropy.table.SerializedColumn
#         __class__: astropy.units.quantity.Quantity
#         unit: !astropy.units.Unit {unit: mas / yr}
#         value: !astropy.table.SerializedColumn {name: SkyCoord.pm_dec}
#       pm_ra_cosdec: !astropy.table.SerializedColumn
#         __class__: astropy.units.quantity.Quantity
#         unit: !astropy.units.Unit {unit: mas / yr}
#         value: !astropy.table.SerializedColumn {name: SkyCoord.pm_ra_cosdec}
#       ra: !astropy.table.SerializedColumn
#         __class__: astropy.coordinates.angles.Longitude
#         unit: *id001
#         value: !astropy.table.SerializedColumn {name: SkyCoord.ra}
#         wrap_angle: !astropy.coordinates.Angle
#           unit: *id001
#           value: 360.0
#       representation_type: spherical
# schema: astropy-2.0
RA_ICRS_1 DE_ICRS_1 e_RA_ICRS e_DE_ICRS _r_1 HIP TYC2 Source rgeo Plx e_Plx pmRA pmDE e_pmRA e_pmDE RUWE Teff logg Gmag BP-RP BPmag RPmag RV e_RV b_rgeo B_rgeo FG e_FG FBP e_FBP FRP e_FRP RAVE5 RAVE6 e_Gmag e_BPmag e_RPmag e_BP-RP SkyCoord.ra SkyCoord.dec SkyCoord.distance SkyCoord.pm_ra_cosdec SkyCoord.pm_dec rmRA rmDE e_rmRA e_rmDE rRV e_rRV v_pec v_pec3d e_vpec e_vpec3d Pmemb
[from data line 118]
83.40439111225 -5.38523995089 0.0235 0.0215 25.7635 "" "" 3209426582659553408 372.264496 2.6436 0.0378 0.391 0.877 0.029 0.026 1.039 3591.1 4.0626 15.416285 2.365627 16.65397 14.288343 "" "" 366.506256 376.938477 12836.09944 23.909 2977.3 31.354 15269.0 113.8 "" "" 0.003417838459599162 0.011769421 0.008931082 0.020700503 83.40439111225 -5.38523995089 372.264496 0.39100000000000046 0.877 -0.8928531732559204 0.5280871648788452 0.4217829 0.41878292 "" "" 1.830411676004222 "" 0.7706169983668495 "" 0.92
83.98505380192 -5.27551409529 0.0221 0.0209 12.0408 "" "" 3017369389088792704 393.744781 2.4943 0.0321 1.097 0.046 0.029 0.025 1.084 3657.3 4.0062 15.428978 2.329774 16.645515 14.315742 "" "" 388.245209 398.62735 12686.89671 13.719 3000.6 28.99 14889.0 48.482 "" "" 0.002995031381314912 0.010854471 0.0051752124 0.016029682 83.98505380192 -5.27551409529 393.744781 1.097 0.04599999999999995 -0.18685317325592044 -0.3029128351211548 0.4217829 0.41778293 "" "" 0.6642484372958187 "" 0.27824653557584744 "" 1.0
83.83485291058 -5.04072816599 0.0213 0.0202 22.1266 "" "" 3209534128642592896 375.044556 2.6053 0.0315 1.742 0.288 0.028 0.025 1.061 "" "" 15.440367 2.994707 17.171553 14.176846 5.01 7.19 370.901794 379.599091 12554.51626 6.3114 1848.4 16.041 16921.0 21.005 "" "" 0.002808862700992496 0.009826797 0.004012512 0.013839309 83.83485291058 -5.04072816599 375.044556 1.7419999999999982 0.2879999999999999 0.4581468267440796 -0.06091283512115481 0.42078292 0.41778293 -18.730270270270275 8.969328 0.8216197446483576 18.748282145363785 0.3456808939822877 8.960723707230931 1.0
83.81378772081 -5.66563209024 0.0377 0.0336 15.4198 "" "" 3017250023347832576 383.517731 2.5425 0.0595 1.602 -0.418 0.049 0.043 1.63 "" "" 15.474556 2.958687 17.14443 14.185743 "" "" 376.063202 391.216278 12165.34249 10.384 1895.2 31.599 16783.0 56.743 "" "" 0.00290700242072489 0.018316433 0.0052686706 0.023585103 83.81378772081 -5.66563209024 383.517731 1.6019999999999999 -0.418 0.3181468267440797 -0.7669128351211547 0.44178292 0.43578294 "" "" 1.5093530246367481 "" 0.6590877551821019 "" 1.0
84.04307434102 -5.70752336499 0.0237 0.0203 21.7744 "" "" 3017200339166252288 388.777283 2.5215 0.0363 0.708 0.665 0.032 0.026 1.05 6503.6 4.1726 15.500696 2.510363 16.809914 14.299551 "" "" 383.593658 393.753845 11875.94875 151.18 2579.0 126.26 15113.0 526.14 "" "" 0.014093309417470435 0.05322752 0.037987005 0.09121452 84.04307434102 -5.70752336499 388.777283 0.708 0.665 -0.5758531732559204 0.31608716487884525 0.42478293 0.41878292 "" "" 1.210538667833352 "" 0.5125436323991974 "" 1.0
83.73849412315 -5.70080959734 0.0242 0.0212 18.404 "" "" 3017249404872550016 379.328857 2.5892 0.035 1.36 0.417 0.031 0.027 1.023 3589.9 4.0022 15.521493 2.327142 16.731676 14.404534 "" "" 374.866821 385.821869 11650.63592 20.36 2771.7 37.436 13720.0 65.65 "" "" 0.003345416182498573 0.014927587 0.006424497 0.021352082 83.73849412315 -5.70080959734 379.328857 1.36 0.41700000000000004 0.07614682674407969 0.0680871648788452 0.4237829 0.41978294 "" "" 0.18366391114463015 "" 0.07750808527851025 "" 1.0
84.08875377305 -5.33731595036 0.0223 0.0201 15.7647 "" "" 3017356602958232064 364.436829 2.6999 0.0324 0.571 -0.126 0.028 0.024 1.031 "" "" 15.539386 2.479465 16.79359 14.314125 "" "" 359.557434 368.468445 11460.21021 33.886 2618.1 30.775 14911.0 125.22 "" "" 0.004230616949934987 0.013063947 0.009870079 0.022934027 84.08875377305 -5.33731595036 364.436829 0.571 -0.126 -0.7128531732559205 -0.4749128351211548 0.42078292 0.41678292 "" "" 1.4796547994652531 "" 0.6208000740977255 "" 0.94
83.90329417077 -5.62959235254 0.0276 0.0246 13.8207 "" "" 3017251810054336512 395.22879 2.4787 0.0418 1.472 0.28 0.037 0.032 1.087 "" "" 15.540544 2.500535 16.836496 14.335961 "" "" 388.904327 402.789642 11447.99046 12.227 2516.6 59.799 14614.0 60.341 "" "" 0.002989398500286165 0.025949506 0.0058635245 0.03181303 83.90329417077 -5.62959235254 395.22879 1.4719999999999998 0.2800000000000001 0.18814682674407956 -0.06891283512115476 0.42978293 0.42478293 "" "" 0.37537037408364643 "" 0.16110691282641415 "" 1.0
83.70124134506 -5.12039113364 0.0223 0.0211 19.0994 "" "" 3209526844377985152 344.098358 2.8631 0.0324 1.279 -0.068 0.028 0.025 0.989 3665.8 4.1945 15.55432 2.282689 16.74502 14.462331 "" "" 340.010071 348.248047 11303.6434 16.073 2737.8 22.85 13008.0 56.349 "" "" 0.003158359813461781 0.009481515 0.006033613 0.015515128 83.70124134506 -5.12039113364 344.098358 1.279 -0.06800000000000002 -0.004853173255920495 -0.4169128351211548 0.42078292 0.41778293 "" "" 0.6800418347142961 "" 0.28411014934804 "" 1.0
83.86738457122 -5.01378315677 0.025 0.0233 23.822 "" "" 3209534644038666112 399.708893 2.4455 0.0366 1.934 0.787 0.033 0.029 1.154 "" "" 15.56835 2.817143 17.154001 14.336859 "" "" 394.364685 404.623016 11158.52592 13.943 1878.5 21.082 14602.0 66.665 "" "" 0.003071211237570406 0.012500354 0.0062333415 0.018733695 83.86738457122 -5.01378315677 399.708893 1.9340000000000024 0.787 0.6501468267440795 0.43808716487884525 0.42578292 0.4217829 "" "" 1.4853281397523248 "" 0.6305781059354948 "" 0.97
83.57263900734 -5.50977565483 0.0375 0.031 16.7858 "" "" 3017268337088387456 375.582092 2.6049 0.0527 0.883 0.87 0.05 0.038 1.045 3561.0 4.0026 15.599369 2.36692 16.813677 14.446756 "" "" 368.199982 383.837708 10844.23606 23.303 2570.1 61.082 13196.0 101.75 "" "" 0.0036104349451300225 0.02595444 0.009185313 0.035139754 83.57263900734 -5.50977565483 375.582092 0.883 0.87 -0.4008531732559204 0.5210871648788452 0.44278294 0.4307829 "" "" 1.1703969624867463 "" 0.5094536204952897 "" 1.0
83.92102696452 -5.10702671268 0.0277 0.0269 18.8624 "" "" 3209529799315557760 392.782867 2.5012 0.0398 0.881 1.129 0.037 0.034 1.079 "" "" 15.610919 2.702077 17.096586 14.394509 33.63 4.97 385.328369 399.018677 10729.49126 11.126 1980.5 17.287 13847.0 61.189 "" "" 0.002976465898368675 0.009879162 0.006107585 0.015986746 83.92102696452 -5.10702671268 392.782867 0.881 1.1290000000000002 -0.4028531732559204 0.7800871648788452 0.42978293 0.42678294 9.88972972972973 6.749328 1.6345915219066798 10.02390360940234 0.6986510720670847 6.659960263964366 0.94
83.39879068011 -5.15651985734 0.0287 0.0237 30.1599 "" "" 3209446580027252736 382.835602 2.5669 0.0437 1.464 -0.239 0.037 0.03 1.093 "" "" 15.61289 2.762374 17.159151 14.396777 206.82 10.92 375.682678 390.476746 10710.02877 23.185 1869.6 27.376 13818.0 81.922 "" "" 0.0036216216791313503 0.0161411 0.007464446 0.023605546 83.39879068011 -5.15651985734 382.835602 1.4639999999999997 -0.239 0.18014682674407956 -0.5879128351211548 0.42978293 0.42278293 183.0797297297297 12.699328 1.1158113420610463 183.08312995156584 0.47242146440517135 12.699092896877348 0.99
83.61587324065 -5.70283382504 0.0255 0.022 21.9317 "" "" 3017256242460493952 362.035645 2.7161 0.0351 1.151 0.372 0.032 0.026 1.028 "" "" 15.633917 2.329252 16.83509 14.505838 "" "" 357.276367 365.489319 10504.61164 26.646 2519.9 30.626 12497.0 78.171 "" "" 0.00389573326365158 0.013487424 0.00777225 0.021259673 83.61587324065 -5.70283382504 362.035645 1.1509999999999996 0.37200000000000016 -0.1328531732559204 0.023087164878845212 0.42478293 0.41878292 "" "" 0.23139940503851555 "" 0.09825409718931498 "" 1.0
83.62445757779 -5.06814640708 0.0259 0.0246 24.0365 "" "" 3209539179524062720 383.319336 2.5525 0.0362 1.606 0.513 0.03 0.026 1.031 3571.7 4.0063 15.646241 2.489772 16.986456 14.496684 "" "" 378.252777 388.539185 10386.04293 29.002 2192.0 27.978 12603.0 88.477 "" "" 0.004096787611093821 0.014136091 0.008507747 0.022643838 83.62445757779 -5.06814640708 383.319336 1.6060000000000005 0.513 0.3221468267440797 0.16408716487884523 0.42278293 0.41878292 "" "" 0.6568741005090405 "" 0.27717593215816705 "" 1.0
84.21137158195 -5.62982637136 0.0286 0.0251 26.0763 "" "" 3017295653091963008 387.836761 2.533 0.0395 1.569 -0.233 0.037 0.029 1.138 3528.8 4.023 15.649179 2.823669 17.236837 14.413169 "" "" 381.833435 393.688141 10357.97594 11.354 1740.5 14.632 13611.0 46.657 "" "" 0.00300137040623025 0.0095444815 0.005304281 0.014848763 84.21137158195 -5.62982637136 387.836761 1.569 -0.23299999999999998 0.28514682674407954 -0.5819128351211548 0.42978293 0.4217829 "" "" 1.191287035885554 "" 0.5043238698952439 "" 0.99
83.93100795674 -5.68196220149 0.0296 0.0256 17.3236 "" "" 3017248099202599424 383.225525 2.5611 0.0457 1.086 0.652 0.038 0.033 1.102 3568.3 4.003 15.655609 2.316315 16.835678 14.519363 45.78 9.92 377.353821 389.432312 10296.81828 14.827 2518.5 40.922 12343.0 60.157 "" "" 0.0031679739060772546 0.017860932 0.0065027 0.024363633 83.93100795674 -5.68196220149 383.225525 1.086 0.652 -0.19785317325592033 0.30308716487884524 0.4307829 0.42578292 22.03972972972973 11.699328 0.6574779514591759 22.049534321980303 0.2809292018788679 11.694129174857611 1.0
83.77403803453 -5.73338489043 0.0258 0.023 19.7709 "" "" 3017249061275166592 377.452942 2.5998 0.0353 1.424 0.755 0.034 0.028 1.018 3524.9 3.975 15.663497 2.556577 17.046972 14.490396 "" "" 372.603821 383.163177 10222.28423 10.461 2073.1 22.206 12677.0 40.572 "" "" 0.0029709110129342254 0.011959875 0.0051340247 0.0170939 83.77403803453 -5.73338489043 377.452942 1.424 0.7550000000000001 0.14014682674407952 0.4060871648788452 0.42678294 0.42078292 "" "" 0.768591774051175 "" 0.32390421663751817 "" 1.0
84.00136098819 -5.0832762403 0.0285 0.0258 21.9528 "" "" 3209530108553199488 367.34613 2.6722 0.0391 1.735 -0.218 0.038 0.032 1.197 3526.6 3.9597 15.692894 2.883947 17.292307 14.40836 "" "" 362.211121 373.303528 9949.22574 5.82 1653.8 23.641 13671.0 60.82 "" "" 0.0028275733301192448 0.015769355 0.0061331172 0.021902472 84.00136098819 -5.0832762403 367.34613 1.7349999999999994 -0.21799999999999997 0.4511468267440797 -0.5669128351211548 0.4307829 0.42478293 "" "" 1.2615424504363122 "" 0.5388292100313888 "" 1.0
83.83127730376 -5.79605543043 0.0253 0.0224 23.1941 "" "" 3017244938106697344 382.485474 2.5768 0.0379 1.103 0.536 0.033 0.029 1.003 3520.7 4.002 15.695749 2.479659 17.018864 14.539205 "" "" 376.604218 387.673096 9923.08843 11.203 2127.5 30.26 12119.0 60.096 "" "" 0.00301567917939951 0.015692754 0.006578063 0.022270817 83.83127730376 -5.79605543043 382.485474 1.103 0.5360000000000007 -0.18085317325592043 0.18708716487884525 0.42578292 0.4217829 "" "" 0.4717566374269569 "" 0.19989266445570963 "" 1.0
84.03745339089 -5.74666490868 0.0269 0.0229 23.5667 "" "" 3017199377093585280 373.836609 2.6261 0.0391 1.076 0.307 0.037 0.028 1.022 3537.0 4.0189 15.721808 2.449574 17.031094 14.58152 "" "" 367.933716 379.889191 9687.75954 9.8883 2103.7 20.575 11656.0 33.563 "" "" 0.002969835310031478 0.010979368 0.004904865 0.015884234 84.03745339089 -5.74666490868 373.836609 1.076 0.30700000000000005 -0.20785317325592034 -0.04191283512115479 0.42978293 0.42078292 "" "" 0.37572623609827877 "" 0.16134992677641224 "" 1.0
83.73500611954 -5.63480021406 0.0274 0.0237 14.7782 "" "" 3017251054139986560 388.643951 2.521 0.0415 1.36 0.962 0.034 0.03 1.074 "" "" 15.72338 2.690523 17.193022 14.502499 "" "" 382.790619 394.661255 9673.74714 7.4556 1812.2 33.053 12536.0 50.235 "" "" 0.002879582082546646 0.01999851 0.005763108 0.025761617 83.73500611954 -5.63480021406 388.643951 1.3599999999999999 0.9619999999999999 0.07614682674407969 0.6130871648788452 0.42678294 0.42278293 "" "" 1.1380901444041684 "" 0.4812345643823534 "" 0.98
83.73568397117 -5.86863140717 0.0258 0.0231 28.1787 "" "" 3017238306677218432 382.677948 2.5703 0.0362 1.075 0.317 0.034 0.029 1.036 3526.3 4.0038 15.738347 2.505462 17.063091 14.55763 "" "" 377.328583 389.05658 9541.30526 36.255 2042.6 33.841 11915.0 119.52 "" "" 0.004961063789521404 0.018203164 0.011528196 0.02973136 83.73568397117 -5.86863140717 382.677948 1.075 0.31699999999999995 -0.20885317325592045 -0.03191283512115478 0.42678294 0.4217829 "" "" 0.3832344276984405 "" 0.1635144463193928 "" 1.0
83.78442971165 -5.83343883337 0.0251 0.0224 25.6147 "" "" 3017238856433017728 380.185272 2.5789 0.0348 0.884 0.63 0.033 0.028 1.027 3666.6 4.143 15.743911 2.52605 17.098145 14.572095 "" "" 375.241058 386.104218 9492.54021 19.936 1977.7 36.672 11758.0 70.591 "" "" 0.003576488228237141 0.02032496 0.007534793 0.027859753 83.78442971165 -5.83343883337 380.185272 0.8840000000000009 0.6299999999999999 -0.3998531732559204 0.2810871648788452 0.42578292 0.42078292 "" "" 0.8807951965577634 "" 0.3735767505776733 "" 1.0
83.41069241443 -5.22010700437 0.0321 0.0249 27.78 "" "" 3209443109693683072 378.743439 2.5978 0.0489 0.815 0.187 0.039 0.031 1.12 3410.9 4.0018 15.763303 2.379106 16.971142 14.592036 "" "" 372.422791 385.532684 9324.50122 39.736 2223.1 60.258 11544.0 142.68 "" "" 0.005385097458347295 0.029561274 0.013941389 0.043502662 83.41069241443 -5.22010700437 378.743439 0.8149999999999997 0.18700000000000008 -0.46885317325592046 -0.16191283512115479 0.43178293 0.4237829 "" "" 0.8904827137198434 "" 0.38374247339526163 "" 1.0
83.86250244105 -5.81277915796 0.0274 0.0243 24.2521 "" "" 3017244663228788480 376.598389 2.606 0.0417 1.163 0.345 0.036 0.032 1.045 3522.9 4.0034 15.768029 2.43045 17.023905 14.593454 "" "" 370.80658 382.272858 9283.99498 22.107 2117.7 32.014 11529.0 90.622 "" "" 0.003778335592951083 0.016648915 0.009333674 0.025982589 83.86250244105 -5.81277915796 376.598389 1.1629999999999983 0.34500000000000003 -0.12085317325592038 -0.003912835121154812 0.42878294 0.42478293 "" "" 0.21584518461873942 "" 0.09254983294174254 "" 1.0
83.80993639453 -4.92286097756 0.0263 0.0249 29.2371 "" "" 3209547975617016448 388.280396 2.5306 0.0376 1.706 0.281 0.032 0.029 0.984 3533.2 4.0092 15.770589 2.485228 17.094574 14.609346 "" "" 383.399475 393.872498 9262.13433 39.943 1984.2 34.052 11361.0 129.71 "" "" 0.0054327881054653734 0.01884069 0.012959332 0.03180002 83.80993639453 -4.92286097756 388.280396 1.706 0.28100000000000036 0.42214682674407955 -0.06791283512115476 0.42478293 0.4217829 "" "" 0.7869294026321254 "" 0.3342148258521883 "" 1.0
83.71776843555 -5.20088833987 0.0256 0.0243 14.3434 "" "" 3209522240173132160 382.98703 2.5717 0.0387 1.269 1.075 0.033 0.029 1.043 3565.5 4.0148 15.780223 2.440235 17.07423 14.633995 "" "" 376.692474 388.207703 9180.31866 5.6649 2021.7 26.179 11106.0 26.049 "" "" 0.0028356051005435264 0.014333395 0.004557281 0.018890675 83.71776843555 -5.20088833987 382.98703 1.269 1.075 -0.014853173255920504 0.7260871648788452 0.42578292 0.4217829 "" "" 1.3183842860828248 "" 0.5560741781052269 "" 0.8
83.89726787686 -5.18651753421 0.035 0.0316 13.8867 "" "" 3209527772090999040 381.577911 2.5652 0.0472 1.134 -0.211 0.046 0.04 1.299 "" "" 15.847975 2.969997 17.55125 14.581254 "" "" 375.028748 388.484253 8624.95704 7.899 1302.9 17.548 11659.0 24.82 "" "" 0.0029292528489551868 0.014886956 0.0044301287 0.019317085 83.89726787686 -5.18651753421 381.577911 1.134 -0.2110000000000002 -0.1498531732559205 -0.5599128351211548 0.43878293 0.43278292 "" "" 1.0483451533875352 "" 0.4541290307580811 "" 0.99
83.88816759089 -5.78539546448 0.0313 0.0283 22.7757 "" "" 3017245178624857600 374.643646 2.6156 0.0487 1.048 0.658 0.041 0.037 1.096 3520.1 4.0179 15.879528 2.536295 17.24381 14.707516 "" "" 366.941162 380.664124 8377.90751 17.383 1729.4 29.107 10379.0 57.404 "" "" 0.0035590282641571372 0.018485475 0.0070953085 0.025580784 83.88816759089 -5.78539546448 374.643646 1.0479999999999998 0.658 -0.23585317325592037 0.30908716487884524 0.43378294 0.42978293 "" "" 0.6904264896329029 "" 0.2977527925716677 "" 1.0
