Clusters/Trapezium-FG/Trapezium-FG_stars_in_region.tsv
# %ECSV 1.0
# ---
# datatype:
# - name: RA_ICRS_1
#   unit: deg
#   datatype: float64
#   format: '{:15.11f}'
#   description: Right ascension (ICRS) at Ep=2016.0 (ra)
#   meta: !!omap
#   - {ucd: POS_EQ_RA_MAIN}
#   - {width: 15}
#   - {precision: '11'}
# - name: DE_ICRS_1
#   unit: deg
#   datatype: float64
#   format: '{:15.11f}'
#   description: Declination (ICRS) at Ep=2016.0 (dec)
#   meta: !!omap
#   - {ucd: POS_EQ_DEC_MAIN}
#   - {width: 15}
#   - {precision: '11'}
# - name: e_RA_ICRS
#   unit: mas
#   datatype: float64
#   format: '{:7.4f}'
#   description: Standard error of right ascension (ra_error)
#   meta: !!omap
#   - {ucd: ERROR}
#   - {width: 7}
#   - {precision: '4'}
# - name: e_DE_ICRS
#   unit: mas
#   datatype: float64
#   format: '{:7.4f}'
#   description: Standard error of declination (dec_error)
#   meta: !!omap
#   - {ucd: ERROR}
#   - {width: 7}
#   - {precision: '4'}
# - name: _r_1
#   unit: ''
#   datatype: float64
#   format: '{:8.4f}'
#   description: Distance from center (083.83500607000-05.40950522000)[ICRS], at Epoch=J2016.0
#   meta: !!omap
#   - {ucd: POS_ANG_DIST_GENERAL}
#   - {width: 8}
#   - {precision: '4'}
# - name: HIP
#   datatype: int32
#   description: '? HIP cross-id number, van Leeuwen, Cat. I/311 (hip_original_ext_source_id)'
#   meta: !!omap
#   - {ucd: ID_NUMBER}
#   - {width: 6}
#   - values: {'null': -2147483648}
# - name: TYC2
#   datatype: string
#   description: Tycho-2 cross-id name, Hog et al., Cat. I/259 (tyc2_original_ext_source_id)
#   meta: !!omap
#   - {ucd: ID_CROSSID}
#   - {_votable_string_dtype: char}
# - name: Source
#   datatype: int64
#   description: Source identifier, identical to the Gaia-EDR3 source_id (id)
#   meta: !!omap
#   - {ucd: ID_MAIN}
#   - {width: 19}
# - name: rgeo
#   unit: pc
#   datatype: float64
#   format: '{:15.8f}'
#   description: '? Median of the geometric distance posterior (r_med_geo)'
#   meta: !!omap
#   - {ucd: PHYS_DISTANCE_TRUE}
#   - {width: 15}
#   - {precision: '8'}
#   - values: {'null': .nan}
# - name: Plx
#   unit: mas
#   datatype: float64
#   format: '{:9.4f}'
#   description: '? Parallax (parallax)'
#   meta: !!omap
#   - {ucd: POS_PARLX_TRIG}
#   - {width: 9}
#   - {precision: '4'}
#   - values: {'null': .nan}
# - name: e_Plx
#   unit: mas
#   datatype: float32
#   format: '{:7.4f}'
#   description: '? Standard error of parallax (parallax_error)'
#   meta: !!omap
#   - {ucd: ERROR}
#   - {width: 7}
#   - {precision: '4'}
#   - values: {'null': .nan}
# - name: pmRA
#   unit: mas / yr
#   datatype: float64
#   format: '{:9.3f}'
#   description: '? Proper motion in right ascension direction, pmRA*cosDE (pmra)'
#   meta: !!omap
#   - {ucd: POS_EQ_PMRA}
#   - {width: 9}
#   - {precision: '3'}
#   - values: {'null': .nan}
# - name: pmDE
#   unit: mas / yr
#   datatype: float64
#   format: '{:9.3f}'
#   description: '? Proper motion in declination direction (pmdec)'
#   meta: !!omap
#   - {ucd: POS_EQ_PMDEC}
#   - {width: 9}
#   - {precision: '3'}
#   - values: {'null': .nan}
# - name: e_pmRA
#   unit: mas / yr
#   datatype: float32
#   format: '{:6.3f}'
#   description: '? Standard error of proper motion in right ascension direction (pmra_error)'
#   meta: !!omap
#   - {ucd: ERROR}
#   - {width: 6}
#   - {precision: '3'}
#   - values: {'null': .nan}
# - name: e_pmDE
[...]
#         value: !astropy.table.SerializedColumn {name: SkyCoord.dec}
#       distance: !astropy.table.SerializedColumn
#         __class__: astropy.coordinates.distances.Distance
#         unit: !astropy.units.Unit {unit: pc}
#         value: !astropy.table.SerializedColumn {name: SkyCoord.distance}
#       frame: icrs
#       obstime: !astropy.time.Time {format: jyear_str, in_subfmt: '*', jd1: 367701545.0, jd2: 0.0, out_subfmt: '*', precision: 3, scale: tt}
#       pm_dec: !astropy.table.SerializedColumn
#         __class__: astropy.units.quantity.Quantity
#         unit: !astropy.units.Unit {unit: mas / yr}
#         value: !astropy.table.SerializedColumn {name: SkyCoord.pm_dec}
#       pm_ra_cosdec: !astropy.table.SerializedColumn
#         __class__: astropy.units.quantity.Quantity
#         unit: !astropy.units.Unit {unit: mas / yr}
#         value: !astropy.table.SerializedColumn {name: SkyCoord.pm_ra_cosdec}
#       ra: !astropy.table.SerializedColumn
#         __class__: astropy.coordinates.angles.Longitude
#         unit: *id001
#         value: !astropy.table.SerializedColumn {name: SkyCoord.ra}
#         wrap_angle: !astropy.coordinates.Angle
#           unit: *id001
#           value: 360.0
#       representation_type: spherical
# schema: astropy-2.0
RA_ICRS_1 DE_ICRS_1 e_RA_ICRS e_DE_ICRS _r_1 HIP TYC2 Source rgeo Plx e_Plx pmRA pmDE e_pmRA e_pmDE RUWE Teff logg Gmag BP-RP BPmag RPmag RV e_RV b_rgeo B_rgeo FG e_FG FBP e_FBP FRP e_FRP RAVE5 RAVE6 e_Gmag e_BPmag e_RPmag e_BP-RP SkyCoord.ra SkyCoord.dec SkyCoord.distance SkyCoord.pm_ra_cosdec SkyCoord.pm_dec rmRA rmDE e_rmRA e_rmDE rRV e_rRV v_pec v_pec3d e_vpec e_vpec3d
[from data line 724]
83.80940412834 -5.72157331349 0.0357 0.0372 18.7864 "" "" 3017246243776748544 402.35318 2.4387 0.055 1.886 -1.28 0.048 0.05 2.137 "" "" 13.461991 1.859507 13.930422 12.070915 "" "" 394.751434 410.955078 77651.55458 815.63 36580.0 957.28 117700.0 1962.2 "" "" 0.011732393848552427 0.028549831 0.01849088 0.047040712 83.80940412834 -5.72157331349 402.35318 1.8859999999999995 -1.28 0.6021468267440795 -1.6289128351211548 0.44078293 0.44278294 "" "" 3.3120506668085823 "" 1.4657247483003388 ""
82.3677919512 -5.0605745307 0.0105 0.0089 90.1307 "" "" 3209674041495868288 455.290741 2.1535 0.0149 5.235 -14.065 0.014 0.011 0.925 5888.8 4.3181 13.471221 1.13499 13.954415 12.819426 -12.69 1.72 452.256012 458.949158 76994.24521 10.138 35781.0 22.645 59073.0 18.971 "" "" 0.0027590265167427457 0.0028735355 0.003795432 0.006668967 82.3677919512 -5.0605745307 455.290741 5.234999999999998 -14.065000000000015 3.95114682674408 -14.413912835121154 0.40678293 0.40378293 -36.43027027027027 3.4993284 32.25387945688327 48.656729565231714 13.030352110290078 9.026258853645546
84.7037673837 -4.65002537674 0.016 0.0143 69.0846 "" "" 3023421509098535552 392.505096 2.5076 0.0248 -2.193 -15.847 0.021 0.017 1.889 5683.6 4.5691 13.471958 1.044798 13.886304 12.841506 31.29 3.11 389.047211 395.959076 76942.00233 22.291 38097.0 34.339 57884.0 116.81 "" "" 0.0027732167993161677 0.0029568186 0.004368556 0.0073253745 84.7037673837 -4.65002537674 392.505096 -2.193 -15.847000000000001 -3.4768531732559205 -16.195912835121156 0.41378292 0.40978292 7.549729729729727 4.889328 30.81857891875231 31.729847550269273 12.634383328695383 12.326549286222425
83.86434917612 -5.44116852375 0.0195 0.0185 2.5848 "" "" 3017359905802399744 388.159027 2.5406 0.0276 1.875 1.334 0.025 0.023 1.0 9941.8 4.2708 13.472198 1.872699 14.337911 12.465212 "" "" 384.37326 392.118958 76924.96693 204.84 25133.0 765.13 81860.0 1323.3 "" "" 0.003993817822593405 0.033170883 0.017953666 0.05112455 83.86434917612 -5.44116852375 388.159027 1.874999999999998 1.334 0.5911468267440796 0.9850871648788453 0.41778293 0.41578293 "" "" 2.11373497410867 "" 0.8799761959102596 ""
85.25978067894 -5.23862470895 0.0096 0.0085 85.7329 "" "" 3023137976832684800 362.448303 2.7162 0.0145 23.666 -26.374 0.013 0.01 0.983 5161.1 4.5217 13.474138 1.050461 13.918955 12.868494 21.51 1.97 360.938782 364.079407 76787.68235 9.8722 36969.0 26.907 56463.0 21.181 "" "" 0.0027588537633097617 0.002899915 0.0038012648 0.00670118 85.25978067894 -5.23862470895 362.448303 23.66599999999997 -26.374 22.38214682674408 -26.722912835121154 0.40578294 0.40278292 -2.230270270270271 3.7493284 59.88607883660025 59.92759417749015 24.195322575179702 24.178963691793488
83.88595328593 -4.33418638313 0.0097 0.0081 64.591 "" "" 3215646313779765888 383.158112 2.5714 0.0156 1.87 0.941 0.013 0.01 1.068 "" "" 13.481217 1.707336 14.293095 12.585758 -32.27 5.25 380.657806 385.269745 76288.63817 143.64 26193.0 159.91 73258.0 345.58 "" "" 0.0034308686228534256 0.0071917973 0.0063652163 0.013557013 83.88595328593 -4.33418638313 383.158112 1.8699999999999983 0.9409999999999998 0.5861468267440797 0.5920871648788452 0.40578294 0.40278292 -56.010270270270276 7.0293283 1.5131376441967497 56.03070552187441 0.6117170408407155 7.026784061840069
83.62020481492 -5.78719935473 0.0104 0.0095 26.0398 "" "" 3017242051888552704 392.006683 2.5103 0.0155 -1.587 -7.551 0.013 0.011 1.154 "" "" 13.483571 1.739788 14.31378 12.573992 -52.02 3.98 389.580444 394.703125 76123.45827 136.21 25698.0 186.79 74056.0 440.02 "" "" 0.003371354314040257 0.00837056 0.0074766926 0.015847253 83.62020481492 -5.78719935473 392.006683 -1.5870000000000024 -7.5509999999999975 -2.87085317325592 -7.899912835121155 0.40578294 0.40378293 -75.76027027027027 5.7593284 15.618135593350901 77.35337556200564 6.309988486717383 5.782801991146606
84.53114970284 -5.00792055635 0.0105 0.0088 48.0708 "" "" 3017393200389092608 361.220215 2.7304 0.0158 15.667 22.638 0.013 0.011 0.962 "" "" 13.483935 0.994697 13.898542 12.903846 41.54 1.84 359.192322 363.126434 76097.8577 10.242 37670.0 23.683 54654.0 19.339 "" "" 0.0027591924744569053 0.0028724535 0.003798858 0.0066713113 84.53114970284 -5.00792055635 361.220215 15.666999999999998 22.638000000000023 14.38314682674408 22.289087164878847 0.40578294 0.40378293 17.799729729729727 3.6193285 45.418990129138145 48.782323056637765 18.366165297430975 17.15081658619132
83.99033737872 -6.637021584 0.0111 0.0103 74.2318 "" "" 3016927316683548160 395.961884 2.4905 0.0155 0.935 0.349 0.014 0.012 1.178 "" "" 13.485539 1.760696 14.327238 12.566542 -25.91 4.09 393.322662 398.142944 75985.58073 151.63 25382.0 190.2 74566.0 378.86 "" "" 0.003505129716601776 0.008601101 0.0066869496 0.015288051 83.99033737872 -6.637021584 395.961884 0.935 0.3489999999999999 -0.34885317325592036 8.716487884519175e-05 0.40678293 0.40478292 -49.65027027027027 5.8693285 0.6547483535194718 49.65458723337976 0.266340450386454 5.86881927102181
83.85453195863 -5.39632917936 0.0252 0.023 1.409 "" "" 3017361074033139200 381.789093 2.5838 0.0401 0.336 -2.318 0.033 0.03 0.96 "" "" 13.486901 1.115235 12.935118 11.819882 "" "" 377.511902 387.786865 75890.31885 281.36 91489.0 1814.4 148320.0 1174.9 "" "" 0.004878009593310603 0.021712227 0.009394304 0.031106532 83.85453195863 -5.39632917936 381.789093 0.3359999999999997 -2.318 -0.9478531732559203 -2.666912835121155 0.42578292 0.42278293 "" "" 5.122018596512068 "" 2.167230757415518 ""
83.96155208241 -5.27477989545 0.0103 0.0102 11.0677 "" "" 3017372309666556160 390.664795 2.5226 0.0158 -0.677 -0.277 0.013 0.013 1.155 5413.4 3.9395 13.489055 1.797195 14.35731 12.560116 -17.78 5.89 388.167664 393.395172 75739.89479 282.0 24688.0 326.14 75009.0 714.41 "" "" 0.004892187138986182 0.01461195 0.011009905 0.025621854 83.96155208241 -5.27477989545 390.664795 -0.677 -0.277 -1.9608531732559205 -0.6259128351211548 0.40578294 0.40578294 -41.520270270270274 7.669328 3.8115102466869297 41.69484924636242 1.54664582613122 7.638524855243654
83.96535577799 -4.14194917757 0.0125 0.0107 76.4517 "" "" 3215662119259364736 396.337036 2.4819 0.0174 1.703 0.529 0.017 0.013 1.18 "" "" 13.490081 1.657294 14.267292 12.609998 -7.22 4.48 393.616486 399.441864 75668.39253 123.26 26823.0 145.24 71641.0 272.22 "" "" 0.003274105807292927 0.006507507 0.005594994 0.0121025015 83.96535577799 -4.14194917757 396.337036 1.703 0.5290000000000007 0.41914682674407966 0.18008716487884524 0.40978292 0.40578294 -30.96027027027027 6.2593284 0.8570282927579048 30.97212993487482 0.3506635450503111 6.256939104179368
83.49390188032 -6.50895800803 0.0103 0.009 69.0363 "" "" 3016759160125534848 368.650909 2.6692 0.0146 -10.167 -6.163 0.013 0.011 1.05 5174.3 4.5207 13.491276 1.025497 13.924562 12.899065 8.19 2.26 366.682312 370.878693 75585.13901 23.211 36778.0 46.826 54895.0 44.359 "" "" 0.0027754194705330937 0.003113838 0.0038798803 0.0069937184 83.49390188032 -6.50895800803 368.650909 -10.167000000000002 -6.163000000000001 -11.45085317325592 -6.511912835121155 0.40578294 0.40378293 -15.550270270270273 4.0393286 23.01851164314574 27.778818976768747 9.329290113397084 8.054486626061468
84.08707445624 -6.51946677229 0.0171 0.0165 68.2753 "" "" 3016946248899380352 362.433563 2.7189 0.0249 1.846 -0.994 0.021 0.019 1.834 "" "" 13.493516 1.633806 14.257388 12.623582 36.98 4.13 359.361938 365.747589 75429.35744 90.779 27068.0 121.66 70750.0 243.52 "" "" 0.0030494593544703533 0.005621301 0.005315026 0.010936327 84.08707445624 -6.51946677229 362.433563 1.846 -0.9940000000000004 0.5621468267440797 -1.3429128351211548 0.41378292 0.41178292 13.239729729729724 5.9093285 2.5010113794237245 13.473882188749316 1.0306211197422668 5.809785131297014
83.25572331579 -6.13557219108 0.0109 0.0101 55.6204 "" "" 3017205866788381696 416.832703 2.3585 0.0152 6.401 -3.998 0.014 0.012 1.09 5212.0 4.4013 13.493644 1.148014 13.989435 12.841421 39.94 1.59 414.794006 418.861023 75420.48485 9.9517 34645.0 18.98 57888.0 22.049 "" "" 0.0027590421391145534 0.002852867 0.00380194 0.006654807 83.25572331579 -6.13557219108 416.832703 6.401000000000001 -3.997999999999999 5.117146826744079 -4.346912835121155 0.40678293 0.40478292 16.199729729729725 3.3693285 13.265882302868606 20.93835897557045 5.38522949887609 4.2937824979803985
82.58298285754 -6.76828796818 0.01 0.0089 110.5717 "" "" 3016780428803888768 383.517334 2.564 0.0133 -17.911 -21.878 0.014 0.011 1.086 5150.6 4.0889 13.495169 1.907143 14.441355 12.534212 -68.77 3.55 381.943939 385.443665 75314.61221 272.82 22849.0 319.4 76820.0 771.93 "" "" 0.004802091979090275 0.015431552 0.01154615 0.026977703 82.58298285754 -6.76828796818 383.517334 -17.911 -21.878 -19.19485317325592 -22.226912835121155 0.40678293 0.40378293 -92.51027027027027 5.3293285 53.38722693111585 106.8098595864301 21.625415594754365 11.753432083096056
84.53376953442 -5.1676138082 0.0088 0.0077 44.1982 "" "" 3017386603319348480 450.328064 2.177 0.0132 -15.243 5.38 0.012 0.01 1.062 4768.9 3.5617 13.496298 2.063782 14.549937 12.486156 -2.56 0.75 447.46051 453.106659 75236.33543 14.564 20675.0 14.358 80296.0 28.851 "" "" 0.00276332447920872 0.002890254 0.0037994625 0.006689716 84.53376953442 -5.1676138082 450.328064 -15.243 5.3799999999999955 -16.526853173255923 5.031087164878845 0.40478292 0.40278292 -26.30027027027027 2.5293283 36.875864468841364 45.29385826592408 14.920479288690679 12.235927579563047
85.21206245636 -5.91772977728 0.009 0.0082 87.6923 "" "" 3017050118389015424 398.898834 2.4652 0.0135 6.425 -12.869 0.012 0.01 0.991 5250.8 4.3402 13.497229 1.124937 13.973021 12.848084 36.65 1.57 396.91272 401.29184 75171.86473 10.853 35173.0 24.541 57534.0 32.108 "" "" 0.002759775577051528 0.0028911796 0.0038276445 0.006718824 85.21206245636 -5.91772977728 398.898834 6.424999999999997 -12.869 5.141146826744079 -13.217912835121155 0.40478292 0.40278292 12.909729729729726 3.3493285 26.816080994424176 29.761776183456945 10.808122058119386 9.846154885250913
84.0437227807 -5.32916645302 0.0109 0.0104 13.3674 "" "" 3017368014699258240 386.844604 2.5431 0.016 1.4 -0.135 0.014 0.012 1.179 4851.5 4.1486 13.514942 1.553557 14.227744 12.674187 -12.71 4.05 384.406158 389.373566 73955.38653 176.57 27818.0 245.52 67528.0 414.31 "" "" 0.0037830384774587954 0.009980585 0.007658853 0.01763944 84.0437227807 -5.32916645302 386.844604 1.3999999999999997 -0.135 0.1161468267440795 -0.4839128351211548 0.40678293 0.40478292 -36.45027027027027 5.8293285 0.9125240621649382 36.46169089523659 0.3694737978010546 5.827509995824888
83.32186486386 -4.34374487689 0.0377 0.0315 70.9232 "" "" 3209837250252818432 416.450958 2.3669 0.0535 2.367 3.842 0.051 0.039 3.902 6305.1 4.2046 13.516295 1.392095 14.140928 12.748834 57.6 1.99 408.491974 424.801483 73863.31827 10.173 30133.0 20.946 63041.0 25.939 "" "" 0.0027593749828880385 0.00289044 0.0038056935 0.0066961334 83.32186486386 -4.34374487689 416.450958 2.366999999999999 3.842000000000003 1.0831468267440796 3.4930871648788453 0.44378293 0.43178293 33.85972972972973 3.7693284 7.2191640434982185 34.62076872135108 3.124806849940785 3.7436121039557904
83.52008093621 -7.05317840396 0.0101 0.0091 100.3932 "" "" 3016514239613271040 408.755737 2.4062 0.0143 1.005 -2.874 0.013 0.011 1.025 "" "" 13.517518 1.724463 14.341815 12.617353 16.81 4.41 406.496399 410.691284 73780.13863 69.82 25043.0 106.72 71157.0 207.55 "" "" 0.0029406567766444556 0.00540302 0.0049307966 0.0103338165 83.52008093621 -7.05317840396 408.755737 1.005 -2.874000000000001 -0.2788531732559205 -3.222912835121155 0.40578294 0.40378293 -6.930270270270274 6.189328 6.267730126970924 9.344147203652721 2.530895833111602 4.894290768181711
83.96898828793 -4.50154472697 0.0898 0.0862 55.0632 "" "" 3209635592949715968 348.26239 2.8259 0.1572 1.994 -0.033 0.129 0.131 2.836 "" "" 13.517951 1.590635 13.784812 12.194177 "" "" 327.35083 370.75415 73750.71755 267.68 41830.0 6319.4 105070.0 15788.0 "" "" 0.004808424752748931 0.16404958 0.16318835 0.32723793 83.96898828793 -4.50154472697 348.26239 1.9939999999999998 -0.03300000000000001 0.7101468267440796 -0.3819128351211548 0.52178293 0.5237829 "" "" 1.3310581269878086 "" 0.6951215108720606 ""
85.0870964106 -4.97726061554 0.0109 0.01 79.1844 "" "" 3023350869772160640 399.738708 2.4649 0.015 12.914 -2.251 0.014 0.012 0.897 5174.3 4.4131 13.523433 1.020997 13.949018 12.928021 87.85 3.2 397.520325 401.728058 73379.34726 9.806 35959.0 24.657 53450.0 26.156 "" "" 0.002759137724598773 0.0028877861 0.0038165452 0.0067043314 85.0870964106 -4.97726061554 399.738708 12.914 -2.2509999999999994 11.63014682674408 -2.5999128351211547 0.40678293 0.40478292 64.10972972972972 4.979328 22.580267846881085 67.97003709029356 9.18312298319123 5.6003821030648275
83.61457220252 -3.98645096841 0.0098 0.0084 86.3947 "" "" 3215857901048917504 411.357483 2.3906 0.015 8.043 -17.348 0.013 0.01 0.985 "" "" 13.525901 1.027323 13.9559 12.928577 13.8 2.11 408.456299 413.607422 73212.72175 10.947 35732.0 24.746 53423.0 21.584 "" "" 0.002760098651783636 0.0028897116 0.0038047535 0.006694465 83.61457220252 -3.98645096841 411.357483 8.04300000000001 -17.348 6.759146826744079 -17.696912835121154 0.40578294 0.40278292 -9.940270270270272 3.8893282 36.93723466060171 38.25138268636018 14.891840074274574 14.41569726390085
83.79201350382 -4.4609775812 0.0418 0.0347 56.9697 "" "" 3209638204289855360 376.78009 2.6226 0.0633 0.787 0.15 0.055 0.044 4.537 5657.4 4.2148 13.528389 1.573952 14.225899 12.651947 "" "" 367.791351 383.978729 73045.13361 933.52 27865.0 1197.9 68925.0 2352.4 "" "" 0.014146674396064648 0.046758484 0.037248246 0.08400673 83.79201350382 -4.4609775812 376.78009 0.7869999999999999 0.15 -0.4968531732559204 -0.1989128351211548 0.44778293 0.43678293 "" "" 0.9558177197396243 "" 0.4265619234810645 ""
83.6581737404 -5.68576297269 0.063 0.0551 19.6536 "" "" 3017256345539703680 400.073273 2.4629 0.0979 1.881 0.454 0.077 0.069 5.556 4755.5 4.1974 13.529106 1.570323 14.254256 12.683933 11.46 5.15 386.824219 415.915894 72996.88286 66.314 27147.0 128.82 66924.0 170.25 "" "" 0.0029265422744277026 0.0058591263 0.004681087 0.010540213 83.6581737404 -5.68576297269 400.073273 1.8810000000000016 0.454 0.5971468267440796 0.10508716487884523 0.46978292 0.46178293 -12.280270270270272 6.9293284 1.1497990934752989 12.3339805361546 0.5398819435317825 6.8993371574471745
83.15977495044 -4.51469216865 0.0139 0.0124 67.168 "" "" 3209810552736142976 398.223816 2.4667 0.0196 0.248 0.006 0.018 0.015 1.426 4719.7 4.1584 13.530674 1.432516 14.182003 12.749487 25.57 2.82 394.547577 402.324615 72891.55408 52.717 29015.0 84.231 63003.0 124.77 "" "" 0.0028650267133895815 0.004209463 0.0043482143 0.008557677 83.15977495044 -4.51469216865 398.223816 0.24800000000000008 0.006 -1.0358531732559204 -0.3429128351211548 0.41078293 0.4077829 1.8297297297297277 4.599328 2.059610260843439 2.7549782776690637 0.8454444898912397 3.1193665485301953
83.61672252001 -5.99790235966 0.0099 0.0095 37.6324 "" "" 3017212261995558912 378.218536 2.6034 0.0138 1.513 0.774 0.013 0.011 1.064 4743.9 4.148 13.532107 1.529985 14.236444 12.706459 27.52 3.73 376.321533 380.155975 72795.35917 253.38 27596.0 352.48 65550.0 595.24 "" "" 0.004676931166164016 0.014145862 0.01055881 0.024704672 83.61672252001 -5.99790235966 378.218536 1.5130000000000001 0.774 0.2291468267440795 0.42508716487884524 0.40578294 0.40378293 3.779729729729727 5.5093284 0.8657495664822411 3.877612556930739 0.3499655072335195 5.370824434807243
83.81247419237 -5.36664054036 0.0213 0.0197 2.9028 "" "" 3017364372568087808 406.43045 2.4172 0.034 4.465 1.079 0.029 0.024 0.919 "" "" 13.53557 1.281234 13.229291 11.948057 "" "" 401.186584 411.038422 72563.56333 186.68 69775.0 639.75 131810.0 410.89 "" "" 0.003923494223811533 0.010338477 0.0050733555 0.015411832 83.81247419237 -5.36664054036 406.43045 4.465000000000009 1.079 3.1811468267440794 0.7300871648788452 0.4217829 0.41678292 "" "" 6.287744481394935 "" 2.6504989436206867 ""
