Clusters/Teutsch_8/Teutsch_8_stars_in_region.tsv
# %ECSV 1.0
# ---
# datatype:
# - name: RA_ICRS_1
#   unit: deg
#   datatype: float64
#   format: '{:15.11f}'
#   description: Right ascension (ICRS) at Ep=2016.0 (ra)
#   meta: !!omap
#   - {ucd: POS_EQ_RA_MAIN}
#   - {width: 15}
#   - {precision: '11'}
# - name: DE_ICRS_1
#   unit: deg
#   datatype: float64
#   format: '{:15.11f}'
#   description: Declination (ICRS) at Ep=2016.0 (dec)
#   meta: !!omap
#   - {ucd: POS_EQ_DEC_MAIN}
#   - {width: 15}
#   - {precision: '11'}
# - name: e_RA_ICRS
#   unit: mas
#   datatype: float64
#   format: '{:7.4f}'
#   description: Standard error of right ascension (ra_error)
#   meta: !!omap
#   - {ucd: ERROR}
#   - {width: 7}
#   - {precision: '4'}
# - name: e_DE_ICRS
#   unit: mas
#   datatype: float64
#   format: '{:7.4f}'
#   description: Standard error of declination (dec_error)
#   meta: !!omap
#   - {ucd: ERROR}
#   - {width: 7}
#   - {precision: '4'}
# - name: _r_1
#   unit: ''
#   datatype: float64
#   format: '{:7.4f}'
#   description: Distance from center (300.60200681000+35.31140604000)[ICRS], at Epoch=J2016.0
#   meta: !!omap
#   - {ucd: POS_ANG_DIST_GENERAL}
#   - {width: 7}
#   - {precision: '4'}
# - name: HIP
#   datatype: int32
#   description: '? HIP cross-id number, van Leeuwen, Cat. I/311 (hip_original_ext_source_id)'
#   meta: !!omap
#   - {ucd: ID_NUMBER}
#   - {width: 6}
#   - values: {'null': -2147483648}
# - name: TYC2
#   datatype: string
#   description: Tycho-2 cross-id name, Hog et al., Cat. I/259 (tyc2_original_ext_source_id)
#   meta: !!omap
#   - {ucd: ID_CROSSID}
#   - {_votable_string_dtype: char}
# - name: Source
#   datatype: int64
#   description: Source identifier, identical to the Gaia-EDR3 source_id (id)
#   meta: !!omap
#   - {ucd: ID_MAIN}
#   - {width: 19}
# - name: rgeo
#   unit: pc
#   datatype: float64
#   format: '{:15.8f}'
#   description: '? Median of the geometric distance posterior (r_med_geo)'
#   meta: !!omap
#   - {ucd: PHYS_DISTANCE_TRUE}
#   - {width: 15}
#   - {precision: '8'}
#   - values: {'null': .nan}
# - name: Plx
#   unit: mas
#   datatype: float64
#   format: '{:9.4f}'
#   description: '? Parallax (parallax)'
#   meta: !!omap
#   - {ucd: POS_PARLX_TRIG}
#   - {width: 9}
#   - {precision: '4'}
#   - values: {'null': .nan}
# - name: e_Plx
#   unit: mas
#   datatype: float32
#   format: '{:7.4f}'
#   description: '? Standard error of parallax (parallax_error)'
#   meta: !!omap
#   - {ucd: ERROR}
#   - {width: 7}
#   - {precision: '4'}
#   - values: {'null': .nan}
# - name: pmRA
#   unit: mas / yr
#   datatype: float64
#   format: '{:9.3f}'
#   description: '? Proper motion in right ascension direction, pmRA*cosDE (pmra)'
#   meta: !!omap
#   - {ucd: POS_EQ_PMRA}
#   - {width: 9}
#   - {precision: '3'}
#   - values: {'null': .nan}
# - name: pmDE
#   unit: mas / yr
#   datatype: float64
#   format: '{:9.3f}'
#   description: '? Proper motion in declination direction (pmdec)'
#   meta: !!omap
#   - {ucd: POS_EQ_PMDEC}
#   - {width: 9}
#   - {precision: '3'}
#   - values: {'null': .nan}
# - name: e_pmRA
#   unit: mas / yr
#   datatype: float32
#   format: '{:6.3f}'
#   description: '? Standard error of proper motion in right ascension direction (pmra_error)'
#   meta: !!omap
#   - {ucd: ERROR}
#   - {width: 6}
#   - {precision: '3'}
#   - values: {'null': .nan}
# - name: e_pmDE
[...]
#         value: !astropy.table.SerializedColumn {name: SkyCoord.dec}
#       distance: !astropy.table.SerializedColumn
#         __class__: astropy.coordinates.distances.Distance
#         unit: !astropy.units.Unit {unit: pc}
#         value: !astropy.table.SerializedColumn {name: SkyCoord.distance}
#       frame: icrs
#       obstime: !astropy.time.Time {format: jyear_str, in_subfmt: '*', jd1: 367701545.0, jd2: 0.0, out_subfmt: '*', precision: 3, scale: tt}
#       pm_dec: !astropy.table.SerializedColumn
#         __class__: astropy.units.quantity.Quantity
#         unit: !astropy.units.Unit {unit: mas / yr}
#         value: !astropy.table.SerializedColumn {name: SkyCoord.pm_dec}
#       pm_ra_cosdec: !astropy.table.SerializedColumn
#         __class__: astropy.units.quantity.Quantity
#         unit: !astropy.units.Unit {unit: mas / yr}
#         value: !astropy.table.SerializedColumn {name: SkyCoord.pm_ra_cosdec}
#       ra: !astropy.table.SerializedColumn
#         __class__: astropy.coordinates.angles.Longitude
#         unit: *id001
#         value: !astropy.table.SerializedColumn {name: SkyCoord.ra}
#         wrap_angle: !astropy.coordinates.Angle
#           unit: *id001
#           value: 360.0
#       representation_type: spherical
# schema: astropy-2.0
RA_ICRS_1 DE_ICRS_1 e_RA_ICRS e_DE_ICRS _r_1 HIP TYC2 Source rgeo Plx e_Plx pmRA pmDE e_pmRA e_pmDE RUWE Teff logg Gmag BP-RP BPmag RPmag RV e_RV b_rgeo B_rgeo FG e_FG FBP e_FBP FRP e_FRP RAVE5 RAVE6 e_Gmag e_BPmag e_RPmag e_BP-RP SkyCoord.ra SkyCoord.dec SkyCoord.distance SkyCoord.pm_ra_cosdec SkyCoord.pm_dec rmRA rmDE e_rmRA e_rmDE rRV e_rRV v_pec v_pec3d e_vpec e_vpec3d
[from data line 95]
300.63925781001 35.27941559169 0.0107 0.0122 2.648 "" "" 2058695133438769536 1560.40271 0.6125 0.0137 -0.674 -0.344 0.014 0.016 1.078 7651.2 4.0951 14.026236 0.769423 14.329046 13.559624 "" "" 1528.46423 1590.63916 46179.85865 9.2225 25340.0 20.773 29875.0 18.355 "" "" 0.0027638387921623568 0.0029286935 0.0038378 0.0067664934 300.63925781001 35.27941559169 1560.40271 -0.674 -0.344 2.760941291809082 6.375058990478515 0.22303657 0.22503658 "" "" 51.38394880906874 "" 11.547097646672734 ""
300.67992007848 35.49096318195 0.0101 0.0119 11.4275 "" "" 2059449570221484416 2116.74316 0.4342 0.0135 -2.506 -3.146 0.014 0.015 1.03 "" "" 14.031296 2.24601 15.210397 12.964387 -24.49 1.34 2064.5979 2179.53784 45965.13168 11.944 11253.0 17.5 51690.0 24.457 "" "" 0.0027697265919202777 0.0032612863 0.0038141354 0.0070754215 300.67992007848 35.49096318195 2116.74316 -2.5060000000000002 -3.146 0.9289412918090822 3.5730589904785157 0.22303657 0.22403657 "" "" 37.04156914852442 "" 8.296325958782756 ""
300.92152842881 35.40157500249 0.0097 0.0115 16.545 "" "" 2058700424838016256 1568.42761 0.6081 0.0133 -1.223 -3.462 0.013 0.015 0.972 7781.0 4.0845 14.035923 0.683301 14.299116 13.615815 "" "" 1537.88379 1595.76892 45769.65644 8.3297 26048.0 22.289 28368.0 13.438 "" "" 0.0027623962786439116 0.00294078 0.0038142165 0.0067549963 300.92152842881 35.40157500249 1568.42761 -1.2230000000000008 -3.4619999999999993 2.211941291809082 3.2570589904785154 0.22203657 0.22403657 "" "" 29.27010802820594 "" 6.539153998916359 ""
300.87674781234 35.41827327351 0.0099 0.0118 14.8937 "" "" 2058700665356238464 2056.70483 0.4511 0.0136 3.183 0.288 0.013 0.016 1.048 4775.1 2.1645 14.041273 2.227539 15.205624 12.978085 -40.87 1.53 2005.39111 2115.88794 45544.67752 11.712 11302.0 13.957 51042.0 22.028 "" "" 0.0027694300632117317 0.0030956047 0.0038083175 0.006903922 300.87674781234 35.41827327351 2056.70483 3.183 0.2880000000000006 6.617941291809082 7.007058990478516 0.22203657 0.22503658 "" "" 93.96126815617782 "" 21.01229487164517 ""
300.46653707416 35.21801387833 0.0104 0.0117 8.6859 "" "" 2059421223436165376 1615.71301 0.5885 0.014 -2.683 -5.08 0.014 0.014 1.04 "" "" 14.044653 1.09534 14.507719 13.412379 22.99 5.15 1586.41846 1653.52319 45403.09973 7.3755 21495.0 15.943 34214.0 17.594 "" "" 0.002760959357707213 0.0029040582 0.0038203993 0.0067244573 300.46653707416 35.21801387833 1615.71301 -2.683 -5.080000000000002 0.7519412918090822 1.6390589904785156 0.22303657 0.22303657 "" "" 13.810619603730554 "" 3.080273258268319 ""
300.88050099945 35.21146044684 0.011 0.012 14.9036 "" "" 2058680564909626752 1893.29382 0.5023 0.0145 -3.323 -6.721 0.016 0.016 1.007 "" "" 14.054349 0.83164 14.368834 13.537193 "" "" 1829.74231 1943.1521 44999.45744 9.6223 24428.0 28.752 30499.0 27.373 "" "" 0.002765084046599947 0.0030688976 0.0039029843 0.0069718817 300.88050099945 35.21146044684 1893.29382 -3.3229999999999995 -6.721000000000005 0.11194129180908208 -0.0019410095214844603 0.22503658 0.22503658 "" "" 1.0047359709461543 "" 0.22610234307787277 ""
300.56722188928 35.22726836611 0.0105 0.0123 5.3281 "" "" 2058671871894687232 1514.09241 0.6275 0.0137 0.821 -5.75 0.014 0.016 1.003 6391.9 3.7427 14.059564 1.070616 14.508362 13.437746 9.5 5.05 1474.39844 1550.7251 44783.83026 7.434 21482.0 18.11 33424.0 16.756 "" "" 0.002761208438028248 0.0029364673 0.0038183748 0.006754842 300.56722188928 35.22726836611 1514.09241 0.821 -5.75 4.255941291809082 0.9690589904785156 0.22303657 0.22503658 "" "" 31.325808055066023 "" 6.9899021054396036 ""
300.54710713487 35.56113356271 0.0107 0.0121 15.2221 "" "" 2059454552383767168 2029.79443 0.4667 0.0143 -3.477 -6.749 0.015 0.017 1.044 "" "" 14.071749 1.417387 14.686211 13.268824 "" "" 1970.24426 2093.67725 44284.02744 16.516 18236.0 28.864 39051.0 56.551 "" "" 0.002784916390372801 0.0032769365 0.0040933876 0.007370324 300.54710713487 35.56113356271 2029.79443 -3.4769999999999968 -6.748999999999997 -0.04205870819091784 -0.02994100952148404 0.22403657 0.22603658 "" "" 0.49671984596543856 "" 0.11161852766360711 ""
300.65461050785 35.38180051493 0.0107 0.0122 4.9464 "" "" 2058696817065721088 1834.32263 0.5153 0.0143 -3.373 -6.744 0.014 0.017 0.968 "" "" 14.079289 0.801326 14.390848 13.589522 "" "" 1791.07129 1882.53015 43977.54075 8.91 23937.0 16.946 29064.0 15.971 "" "" 0.0027640871732929947 0.0028941066 0.0038261844 0.006720291 300.65461050785 35.38180051493 1834.32263 -3.373 -6.744 0.06194129180908181 -0.024941009521484148 0.22303657 0.22603658 "" "" 0.5805798653785188 "" 0.1297349411816585 ""
300.35400067428 35.54860484482 0.0103 0.0113 18.6965 "" "" 2059442075473482880 1944.11328 0.4766 0.0135 -2.332 -6.223 0.014 0.014 0.98 "" "" 14.112826 2.162213 15.231405 13.069192 -20.35 1.77 1881.12744 2000.91125 42639.90505 10.484 11037.0 13.471 46933.0 22.754 "" "" 0.0027682220657301686 0.0030888729 0.0038158628 0.0069047357 300.35400067428 35.54860484482 1944.11328 -2.3320000000000003 -6.223000000000001 1.1029412918090822 0.49605899047851576 0.22303657 0.22303657 "" "" 11.14437880921891 "" 2.4856040504349615 ""
300.66349409321 35.06404154701 0.0103 0.012 15.145 "" "" 2058666271257154688 1792.0907 0.5208 0.0139 -0.024 -2.394 0.014 0.016 1.019 "" "" 14.115594 2.209775 15.267931 13.058156 -8.67 1.98 1752.6731 1828.15454 42531.33618 10.383 10672.0 13.345 47413.0 23.107 "" "" 0.0027680397852404806 0.0031029566 0.0038162437 0.0069192005 300.66349409321 35.06404154701 1792.0907 -0.024000000000000243 -2.394 3.410941291809082 4.3250589904785155 0.22303657 0.22503658 "" "" 46.78975911443214 "" 10.493621489732362 ""
300.32987875035 35.50618172885 0.0105 0.012 17.7107 "" "" 2059441152085014656 1526.33826 0.6265 0.0139 -1.755 -5.361 0.015 0.016 0.938 7469.6 3.9793 14.138364 0.983316 14.542111 13.558795 "" "" 1496.19861 1556.18604 41648.66911 8.1432 20824.0 18.094 29898.0 29.323 "" "" 0.0027634858624833087 0.0029453433 0.0039265305 0.0068718735 300.32987875035 35.50618172885 1526.33826 -1.755 -5.361 1.6799412918090821 1.3580589904785159 0.22403657 0.22503658 "" "" 15.628813983181947 "" 3.507611166070425 ""
300.38981167872 35.30482592088 0.0135 0.0145 10.3973 "" "" 2059425552763591424 1735.56873 0.5497 0.0179 -3.232 -6.679 0.019 0.018 1.291 "" "" 14.140263 0.851164 14.470671 13.619507 "" "" 1668.18481 1795.59619 41575.91114 7.7951 22241.0 21.359 28272.0 25.113 "" "" 0.0027628297674668475 0.0029786287 0.0039004914 0.00687912 300.38981167872 35.30482592088 1735.56873 -3.232 -6.679 0.20294129180908183 0.040058990478515355 0.22803657 0.22703657 "" "" 1.7017303587895856 "" 0.3879930655851685 ""
300.57126252119 35.47645257062 0.0102 0.0121 10.0163 "" "" 2059448986106040704 1640.86646 0.5806 0.0135 -1.102 -1.912 0.014 0.016 0.95 6637.0 3.8517 14.145692 0.932417 14.511147 13.57873 11.82 8.26 1598.2124 1678.52722 41368.53503 8.3423 21427.0 21.706 29354.0 51.828 "" "" 0.002764005681921601 0.002999128 0.0042377594 0.0072368877 300.57126252119 35.47645257062 1640.86646 -1.102 -1.912 2.3329412918090817 4.807058990478516 0.22303657 0.22503658 "" "" 41.558313565922596 "" 9.336352999489801 ""
300.43203790182 35.39635606494 0.0408 0.0542 9.755 "" "" 2059427889197469056 1503.82239 0.6574 0.0564 -3.555 -4.964 0.056 0.059 3.061 "" "" 14.188676 1.011573 14.194458 13.182885 -45.6 22.26 1395.70984 1617.39917 39762.74822 43.681 28684.0 219.14 42267.0 202.38 "" "" 0.0030023962657755913 0.008751506 0.00642726 0.015178766 300.43203790182 35.39635606494 1503.82239 -3.5550000000000006 -4.964 -0.12005870819091813 1.7550589904785152 0.26503658 0.26803657 "" "" 12.539504841296848 "" 3.36087167774363 ""
300.71982208317 35.12795580405 0.0143 0.0162 12.43 "" "" 2058666855372700544 1755.18567 0.5429 0.0194 -3.852 -5.442 0.019 0.021 1.419 "" "" 14.189376 1.141383 14.668792 13.527409 "" "" 1676.65222 1816.81299 39737.11375 8.1702 18531.0 20.966 30775.0 20.184 "" "" 0.0027643485491055937 0.00304861 0.0038458803 0.00689449 300.71982208317 35.12795580405 1755.18567 -3.851999999999999 -5.441999999999999 -0.41705870819091784 1.2770589904785155 0.22803657 0.23003657 "" "" 11.176815158262729 "" 2.5689303913413934 ""
300.62262465714 35.09204497926 0.0105 0.0129 13.2004 "" "" 2058665824580585600 1738.30518 0.5373 0.0148 -2.851 -7.4 0.014 0.017 1.073 "" "" 14.198557 2.284542 15.403635 13.119093 -11.89 1.76 1693.73901 1789.72839 39402.52829 10.281 9418.1 9.3808 44825.0 20.481 "" "" 0.0027698455246931426 0.0029924158 0.0038118009 0.0068042167 300.62262465714 35.09204497926 1738.30518 -2.850999999999999 -7.4 0.583941291809082 -0.6809410095214847 0.22303657 0.22603658 "" "" 7.391162587877874 "" 1.6613129444061279 ""
300.7769990253 35.48820862985 0.0135 0.0148 13.6301 "" "" 2058704960323686656 2084.50537 0.4525 0.0177 -3.183 -6.606 0.018 0.019 1.265 "" "" 14.198732 1.485595 14.865652 13.380057 "" "" 2015.31592 2164.39795 39396.15536 12.653 15458.0 21.182 35248.0 42.952 "" "" 0.002777298656381536 0.0031620453 0.0040042684 0.007166314 300.7769990253 35.48820862985 2084.50537 -3.1830000000000007 -6.606 0.2519412918090822 0.11305899047851575 0.22703657 0.22803657 "" "" 2.7284783088864653 "" 0.6199225370448708 ""
300.72257265407 35.1738012056 0.0109 0.0127 10.1524 "" "" 2058667267689693440 2062.21411 0.4555 0.015 -3.509 -6.006 0.015 0.016 0.934 "" "" 14.202651 0.836541 14.523441 13.6869 "" "" 1991.44409 2132.91553 39254.20866 28.143 21186.0 44.79 26570.0 54.621 "" "" 0.0028631646245877193 0.0036130128 0.0043892493 0.008002263 300.72257265407 35.1738012056 2062.21411 -3.5089999999999995 -6.006 -0.07405870819091787 0.7130589904785154 0.22403657 0.22503658 "" "" 7.0075690059768885 "" 1.5768847181012031 ""
300.53761883681 35.4177846724 0.0108 0.0123 7.1179 "" "" 2059448367631526656 2048.18262 0.4514 0.0141 -0.873 -10.025 0.015 0.016 0.942 4735.2 2.4065 14.205616 2.287437 15.41476 13.127323 -28.85 1.71 1995.2533 2097.75342 39147.15773 16.265 9322.1 14.622 44487.0 44.775 "" "" 0.0027920038642322573 0.0032688368 0.0039341915 0.0072030285 300.53761883681 35.4177846724 2048.18262 -0.8730000000000013 -10.025000000000002 2.561941291809082 -3.3059410095214847 0.22403657 0.22503658 "" "" 40.60472269168426 "" 9.122333464768701 ""
300.78208603432 35.55676368595 0.0116 0.0132 17.1529 "" "" 2059455892413286528 1598.06897 0.5945 0.0158 1.169 -2.794 0.015 0.018 1.064 4910.6 3.265 14.223155 1.563457 14.954815 13.391357 -51.36 1.82 1561.43347 1643.00378 38519.8589 6.8448 14239.0 17.847 34883.0 18.179 "" "" 0.0027620665260037714 0.0031043452 0.0038215027 0.006925848 300.78208603432 35.55676368595 1598.06897 1.169 -2.7939999999999996 4.6039412918090825 3.9250589904785156 0.22403657 0.22703657 "" "" 45.827738399047526 "" 10.325179716728085 ""
300.77095641626 35.13556355681 0.0114 0.0132 13.4123 "" "" 2058678640764203648 1711.77368 0.553 0.0154 -5.179 -9.472 0.016 0.017 1.104 6854.7 3.6067 14.223376 1.422241 14.862494 13.440253 18.35 5.17 1669.34131 1752.94226 38512.01696 8.0629 15503.0 16.513 33347.0 17.323 "" "" 0.0027646807087043502 0.003020343 0.0038212354 0.0068415785 300.77095641626 35.13556355681 1711.77368 -5.179 -9.472000000000001 -1.7440587081909182 -2.752941009521484 0.22503658 0.22603658 "" "" 26.44208115847267 "" 5.969316366119682 ""
300.28990019441 35.14540714278 0.0109 0.0135 18.2536 "" "" 2059415176122256896 1678.64502 0.5647 0.0153 -9.603 -15.238 0.014 0.017 1.033 6534.3 3.8629 14.227752 1.094277 14.687039 13.592762 -37.57 5.17 1644.1864 1721.4762 38357.11913 6.3816 18222.0 14.628 28977.0 19.613 "" "" 0.0027612351055797666 0.0029231354 0.0038501653 0.0067733005 300.28990019441 35.14540714278 1678.64502 -9.603000000000002 -15.238 -6.168058708190918 -8.518941009521484 0.22303657 0.22603658 "" "" 83.68521632390694 "" 18.829951098206752 ""
300.42392916798 35.07085643676 0.0106 0.0133 16.8688 "" "" 2058663488118438912 1613.29517 0.5884 0.0151 -3.657 -6.022 0.014 0.015 1.057 7507.1 4.0819 14.231477 0.95431 14.62148 13.66717 "" "" 1578.32239 1650.20886 38225.74837 6.2511 19356.0 19.487 27058.0 15.946 "" "" 0.0027610349509236205 0.002996645 0.003833163 0.006829808 300.42392916798 35.07085643676 1613.29517 -3.6569999999999974 -6.022 -0.222058708190918 0.6970589904785154 0.22303657 0.22403657 "" "" 5.594364476931103 "" 1.252827867454784 ""
300.89844670838 35.15487487716 0.0227 0.0249 17.2995 "" "" 2058678194087634304 1667.78296 0.5754 0.0299 -2.635 -8.09 0.033 0.033 2.356 6640.5 4.0268 14.232317 0.968895 14.610721 13.641826 -15.0 5.19 1599.92554 1744.18787 38196.16777 14.37 19549.0 19.944 27697.0 27.728 "" "" 0.0027854331808856146 0.0030019977 0.0039325804 0.006934578 300.89844670838 35.15487487716 1667.78296 -2.635000000000003 -8.09 0.7999412918090822 -1.3709410095214842 0.24203658 0.24203658 "" "" 12.547730181939377 "" 3.037009713041855 ""
300.59773205483 35.34809498421 0.0125 0.0139 2.2113 "" "" 2059446890162753024 1824.98486 0.5189 0.0158 0.173 -2.866 0.017 0.018 1.093 "" "" 14.247121 1.338944 14.834422 13.495478 "" "" 1780.61536 1892.52905 37678.93118 9.6989 15909.0 14.85 31693.0 19.652 "" "" 0.0027694579929572133 0.0029685274 0.0038388767 0.006807404 300.59773205483 35.34809498421 1824.98486 0.17299999999999915 -2.866 3.607941291809082 3.8530589904785155 0.22603658 0.22703657 "" "" 45.66189319173326 "" 10.345612338943262 ""
300.45647174112 35.4515671573 0.0119 0.0118 11.0186 "" "" 2059428129744127232 1645.23291 0.5786 0.0146 -1.32 -1.25 0.017 0.016 0.983 6304.6 3.8958 14.275688 1.094227 14.737705 13.643478 -31.59 6.05 1609.4126 1677.21619 36700.45702 6.6097 17391.0 16.474 27655.0 15.046 "" "" 0.0027622500100431486 0.0029736904 0.0038252661 0.0067989565 300.45647174112 35.4515671573 1645.23291 -1.3200000000000003 -1.25 2.1149412918090817 5.469058990478516 0.22603658 0.22503658 "" "" 45.72790394869213 "" 10.296411218241388 ""
300.75466557268 35.43155518573 0.0107 0.0127 10.3804 "" "" 2058698706851291136 1586.22449 0.6024 0.0146 -0.461 -2.469 0.014 0.016 0.967 "" "" 14.276789 0.767573 14.578597 13.811024 "" "" 1555.84753 1618.62109 36663.27067 7.3038 20136.0 13.641 23700.0 14.442 "" "" 0.0027637966568627515 0.0028854886 0.0038368553 0.006722344 300.75466557268 35.43155518573 1586.22449 -0.4610000000000007 -2.4689999999999985 2.973941291809082 4.250058990478516 0.22303657 0.22503658 "" "" 39.0012279242333 "" 8.751140380244493 ""
300.75896782185 35.4988382682 0.0112 0.0132 13.6159 "" "" 2058699153527922176 1856.73438 0.5072 0.0152 -3.409 -6.58 0.015 0.017 1.035 "" "" 14.281034 1.250584 14.813067 13.562484 "" "" 1800.49634 1909.65063 36520.19738 7.5341 16225.0 14.807 29796.0 19.448 "" "" 0.002764409435606989 0.0029608828 0.0038452481 0.006806131 300.75896782185 35.4988382682 1856.73438 -3.409 -6.58 0.025941291809082223 0.13905899047851555 0.22403657 0.22603658 "" "" 1.2449602943796174 "" 0.28132318680852686 ""
300.69877883756 35.43083252769 0.011 0.0136 8.5885 "" "" 2058698569412375424 1927.52539 0.4914 0.0152 -2.382 -2.251 0.015 0.018 1.015 6639.3 3.411 14.296613 1.373582 14.910543 13.536961 23.46 4.59 1869.52063 1988.06323 35999.9285 6.6938 14832.0 13.775 30505.0 14.411 "" "" 0.002762706161116208 0.0029667895 0.003814028 0.0067808176 300.69877883756 35.43083252769 1927.52539 -2.3820000000000006 -2.2510000000000003 1.052941291809082 4.468058990478516 0.22403657 0.22703657 "" "" 41.94051558995558 "" 9.515452180926818 ""
300.77999046143 35.5355253772 0.0116 0.0135 16.0173 "" "" 2059455789334063872 1895.83167 0.4894 0.0157 -10.801 -6.288 0.016 0.018 1.016 "" "" 14.306169 2.534903 15.695893 13.16099 -34.24 1.3 1846.50049 1957.63965 35684.47288 13.301 7195.5 9.9538 43128.0 23.48 "" "" 0.0027848821442687747 0.003168733 0.0038253274 0.0069940602 300.77999046143 35.5355253772 1895.83167 -10.800999999999998 -6.288 -7.366058708190918 0.43105899047851537 0.22503658 0.22703657 "" "" 66.30643094382093 "" 14.921826803028717 ""
