Clusters/Teutsch_8/Teutsch_8_stars_in_region.tsv
# %ECSV 1.0
# ---
# datatype:
# - name: RA_ICRS_1
#   unit: deg
#   datatype: float64
#   format: '{:15.11f}'
#   description: Right ascension (ICRS) at Ep=2016.0 (ra)
#   meta: !!omap
#   - {ucd: POS_EQ_RA_MAIN}
#   - {width: 15}
#   - {precision: '11'}
# - name: DE_ICRS_1
#   unit: deg
#   datatype: float64
#   format: '{:15.11f}'
#   description: Declination (ICRS) at Ep=2016.0 (dec)
#   meta: !!omap
#   - {ucd: POS_EQ_DEC_MAIN}
#   - {width: 15}
#   - {precision: '11'}
# - name: e_RA_ICRS
#   unit: mas
#   datatype: float64
#   format: '{:7.4f}'
#   description: Standard error of right ascension (ra_error)
#   meta: !!omap
#   - {ucd: ERROR}
#   - {width: 7}
#   - {precision: '4'}
# - name: e_DE_ICRS
#   unit: mas
#   datatype: float64
#   format: '{:7.4f}'
#   description: Standard error of declination (dec_error)
#   meta: !!omap
#   - {ucd: ERROR}
#   - {width: 7}
#   - {precision: '4'}
# - name: _r_1
#   unit: ''
#   datatype: float64
#   format: '{:7.4f}'
#   description: Distance from center (300.60200681000+35.31140604000)[ICRS], at Epoch=J2016.0
#   meta: !!omap
#   - {ucd: POS_ANG_DIST_GENERAL}
#   - {width: 7}
#   - {precision: '4'}
# - name: HIP
#   datatype: int32
#   description: '? HIP cross-id number, van Leeuwen, Cat. I/311 (hip_original_ext_source_id)'
#   meta: !!omap
#   - {ucd: ID_NUMBER}
#   - {width: 6}
#   - values: {'null': -2147483648}
# - name: TYC2
#   datatype: string
#   description: Tycho-2 cross-id name, Hog et al., Cat. I/259 (tyc2_original_ext_source_id)
#   meta: !!omap
#   - {ucd: ID_CROSSID}
#   - {_votable_string_dtype: char}
# - name: Source
#   datatype: int64
#   description: Source identifier, identical to the Gaia-EDR3 source_id (id)
#   meta: !!omap
#   - {ucd: ID_MAIN}
#   - {width: 19}
# - name: rgeo
#   unit: pc
#   datatype: float64
#   format: '{:15.8f}'
#   description: '? Median of the geometric distance posterior (r_med_geo)'
#   meta: !!omap
#   - {ucd: PHYS_DISTANCE_TRUE}
#   - {width: 15}
#   - {precision: '8'}
#   - values: {'null': .nan}
# - name: Plx
#   unit: mas
#   datatype: float64
#   format: '{:9.4f}'
#   description: '? Parallax (parallax)'
#   meta: !!omap
#   - {ucd: POS_PARLX_TRIG}
#   - {width: 9}
#   - {precision: '4'}
#   - values: {'null': .nan}
# - name: e_Plx
#   unit: mas
#   datatype: float32
#   format: '{:7.4f}'
#   description: '? Standard error of parallax (parallax_error)'
#   meta: !!omap
#   - {ucd: ERROR}
#   - {width: 7}
#   - {precision: '4'}
#   - values: {'null': .nan}
# - name: pmRA
#   unit: mas / yr
#   datatype: float64
#   format: '{:9.3f}'
#   description: '? Proper motion in right ascension direction, pmRA*cosDE (pmra)'
#   meta: !!omap
#   - {ucd: POS_EQ_PMRA}
#   - {width: 9}
#   - {precision: '3'}
#   - values: {'null': .nan}
# - name: pmDE
#   unit: mas / yr
#   datatype: float64
#   format: '{:9.3f}'
#   description: '? Proper motion in declination direction (pmdec)'
#   meta: !!omap
#   - {ucd: POS_EQ_PMDEC}
#   - {width: 9}
#   - {precision: '3'}
#   - values: {'null': .nan}
# - name: e_pmRA
#   unit: mas / yr
#   datatype: float32
#   format: '{:6.3f}'
#   description: '? Standard error of proper motion in right ascension direction (pmra_error)'
#   meta: !!omap
#   - {ucd: ERROR}
#   - {width: 6}
#   - {precision: '3'}
#   - values: {'null': .nan}
# - name: e_pmDE
[...]
#         value: !astropy.table.SerializedColumn {name: SkyCoord.dec}
#       distance: !astropy.table.SerializedColumn
#         __class__: astropy.coordinates.distances.Distance
#         unit: !astropy.units.Unit {unit: pc}
#         value: !astropy.table.SerializedColumn {name: SkyCoord.distance}
#       frame: icrs
#       obstime: !astropy.time.Time {format: jyear_str, in_subfmt: '*', jd1: 367701545.0, jd2: 0.0, out_subfmt: '*', precision: 3, scale: tt}
#       pm_dec: !astropy.table.SerializedColumn
#         __class__: astropy.units.quantity.Quantity
#         unit: !astropy.units.Unit {unit: mas / yr}
#         value: !astropy.table.SerializedColumn {name: SkyCoord.pm_dec}
#       pm_ra_cosdec: !astropy.table.SerializedColumn
#         __class__: astropy.units.quantity.Quantity
#         unit: !astropy.units.Unit {unit: mas / yr}
#         value: !astropy.table.SerializedColumn {name: SkyCoord.pm_ra_cosdec}
#       ra: !astropy.table.SerializedColumn
#         __class__: astropy.coordinates.angles.Longitude
#         unit: *id001
#         value: !astropy.table.SerializedColumn {name: SkyCoord.ra}
#         wrap_angle: !astropy.coordinates.Angle
#           unit: *id001
#           value: 360.0
#       representation_type: spherical
# schema: astropy-2.0
RA_ICRS_1 DE_ICRS_1 e_RA_ICRS e_DE_ICRS _r_1 HIP TYC2 Source rgeo Plx e_Plx pmRA pmDE e_pmRA e_pmDE RUWE Teff logg Gmag BP-RP BPmag RPmag RV e_RV b_rgeo B_rgeo FG e_FG FBP e_FBP FRP e_FRP RAVE5 RAVE6 e_Gmag e_BPmag e_RPmag e_BP-RP SkyCoord.ra SkyCoord.dec SkyCoord.distance SkyCoord.pm_ra_cosdec SkyCoord.pm_dec rmRA rmDE e_rmRA e_rmDE rRV e_rRV v_pec v_pec3d e_vpec e_vpec3d
[from data line 158]
300.73885723336 35.50677304435 0.0128 0.0144 13.4979 "" "" 2059449845099342208 2041.84534 0.4637 0.0169 -3.247 -6.182 0.017 0.019 1.025 "" "" 14.632912 1.126562 15.099509 13.972947 "" "" 1977.56763 2112.93262 26410.82998 5.2215 12463.0 15.197 20416.0 17.317 "" "" 0.002763668836160554 0.003088332 0.0038899663 0.0069782985 300.73885723336 35.50677304435 2041.84534 -3.247 -6.182 0.18794129180908214 0.5370589904785152 0.22603658 0.22803657 "" "" 5.5069223124457976 "" 1.2545827455894638 ""
300.34387702714 35.08215897861 0.0121 0.0151 18.6916 "" "" 2059414007891019520 1518.4884 0.6339 0.0172 -3.815 -7.461 0.016 0.018 1.07 6432.7 3.9408 14.633512 1.143976 15.120761 13.976785 -14.59 19.21 1482.54456 1555.78259 26396.24699 5.1103 12221.0 11.332 20344.0 11.895 "" "" 0.002763326363662963 0.0029662442 0.0038323265 0.006798571 300.34387702714 35.08215897861 1518.4884 -3.8150000000000004 -7.4609999999999985 -0.3800587081909179 -0.7419410095214847 0.22503658 0.22703657 "" "" 6.00008723034994 "" 1.359753602597689 ""
300.58392787756 35.32288865087 0.0131 0.0156 1.1216 "" "" 2059446855803012480 1931.79114 0.4906 0.0178 -3.389 -6.688 0.018 0.02 1.04 6034.8 3.3268 14.64384 1.68317 15.439245 13.756075 -1.09 4.09 1861.58496 1997.37952 26146.33171 11.011 9114.2 19.367 24930.0 36.933 "" "" 0.0027930009044953054 0.0036204695 0.004107426 0.0077278954 300.58392787756 35.32288865087 1931.79114 -3.389 -6.687999999999999 0.04594129180908224 0.031058990478515902 0.22703657 0.22903657 "" "" 0.5077847525212656 "" 0.1156052351635184 ""
300.63987619829 35.42898964071 0.0132 0.015 7.2942 "" "" 2059447852234563712 2047.34692 0.4626 0.0171 -3.448 -6.711 0.018 0.02 1.077 "" "" 14.645719 1.538291 15.347894 13.809603 -12.49 10.92 1983.09497 2112.36719 26101.12503 6.4804 9914.2 10.628 23731.0 12.537 "" "" 0.0027684753611239322 0.003023198 0.0038226605 0.006845859 300.63987619829 35.42898964071 2047.34692 -3.4479999999999995 -6.710999999999995 -0.013058708190917923 0.008058990478515327 0.22703657 0.22903657 "" "" 0.14891697334474935 "" 0.03389200577730433 ""
300.51714822674 35.30685976663 0.0128 0.0147 4.1639 "" "" 2059423491179291520 1483.77551 0.6468 0.0172 -3.675 -8.52 0.018 0.019 0.943 6151.1 3.8654 14.645798 1.132653 15.128577 13.995924 3.62 7.49 1450.31909 1518.85693 26099.23623 4.9642 12134.0 14.426 19989.0 12.771 "" "" 0.002763048444437949 0.0030742916 0.0038425145 0.006916806 300.51714822674 35.30685976663 1483.77551 -3.6750000000000025 -8.52 -0.2400587081909178 -1.800941009521484 0.22703657 0.22803657 "" "" 12.778221185101996 "" 2.9136791004163443 ""
300.56041954687 35.15707047057 0.0124 0.0145 9.4818 "" "" 2058669397993415424 1480.81848 0.648 0.0169 1.987 -1.978 0.016 0.018 0.989 6472.4 4.0335 14.646284 1.040199 15.078355 14.038156 30.66 7.73 1445.53723 1517.20044 26087.54665 5.6757 12708.0 16.959 19226.0 12.288 "" "" 0.0027654272205615226 0.0031439536 0.00384256 0.0069865137 300.56041954687 35.15707047057 1480.81848 1.9870000000000005 -1.9780000000000002 5.421941291809082 4.741058990478516 0.22503658 0.22703657 "" "" 50.55447321465975 "" 11.420526064953181 ""
300.7189669121 35.42148929212 0.0149 0.0185 8.7392 "" "" 2058698500692882560 1920.22156 0.4918 0.0203 -3.387 -6.745 0.02 0.024 1.139 "" "" 14.656085 1.403275 15.282394 13.879119 -10.86 11.31 1848.2207 1995.94141 25853.11033 6.1918 10531.0 13.127 22259.0 13.794 "" "" 0.0027675632872836663 0.0031010788 0.0038388064 0.006939885 300.7189669121 35.42148929212 1920.22156 -3.3869999999999987 -6.744999999999997 0.04794129180908202 -0.02594100952148448 0.22903657 0.23303658 "" "" 0.49613879303016173 "" 0.1140864108530848 ""
300.7026873735 35.50788565943 0.0133 0.0158 12.7756 "" "" 2059449913818858240 1569.48962 0.6135 0.0174 -3.378 -10.799 0.018 0.02 1.028 5896.0 3.9985 14.660984 1.157405 15.153513 13.996108 -42.85 6.29 1529.19922 1609.15576 25736.71319 4.799 11858.0 13.19 19985.0 13.509 "" "" 0.002762747943053038 0.0030403251 0.003849981 0.0068903062 300.7026873735 35.50788565943 1569.48962 -3.378000000000003 -10.799 0.05694129180908192 -4.079941009521484 0.22703657 0.22903657 "" "" 30.35519068371892 "" 6.952436972264553 ""
300.56300120588 34.9915308669 0.0131 0.0153 19.2877 "" "" 2058664278392053760 1875.90234 0.4868 0.0183 -2.068 -1.697 0.017 0.02 0.987 "" "" 14.675945 2.786013 16.253378 13.467365 -28.36 2.66 1815.22412 1942.84875 25384.50987 9.2322 4305.9 8.4613 32525.0 21.731 "" "" 0.0027834720120466913 0.0035124025 0.0038483704 0.007360773 300.56300120588 34.9915308669 1875.90234 -2.0680000000000005 -1.6969999999999996 1.366941291809082 5.022058990478516 0.22603658 0.22903657 "" "" 46.27963265427329 "" 10.590210247208686 ""
300.86923067237 35.43410759836 0.0136 0.0164 15.0041 "" "" 2058703620293759360 1927.28174 0.4898 0.0185 -0.502 -3.09 0.018 0.022 1.046 "" "" 14.703677 1.657302 15.481184 13.823882 42.07 9.17 1844.92566 2011.65393 24744.33453 11.456 8768.9 17.345 23421.0 28.757 "" "" 0.002800797182010813 0.0035209707 0.0040076026 0.0075285733 300.86923067237 35.43410759836 1927.28174 -0.5019999999999998 -3.09 2.9329412918090823 3.6290589904785158 0.22703657 0.23103657 "" "" 42.62602578765561 "" 9.781160265315423 ""
300.89396571166 35.38303956495 0.091 0.1063 14.9208 "" "" 2058700287399074944 1515.2074 0.6952 0.124 -2.119 -4.102 0.12 0.143 7.624 "" "" 14.719681 2.513658 16.039667 13.52601 -0.51 2.72 1267.70288 1894.77612 24382.28443 30.408 5242.6 12.332 30814.0 20.607 "" "" 0.0030700597023118324 0.0037825482 0.0038484978 0.0076310458 300.89396571166 35.38303956495 1515.2074 -2.1189999999999998 -4.102 1.3159412918090818 2.6170589904785153 0.32903656 0.3520366 "" "" 21.03835428701102 "" 7.31119634295798 ""
300.51508936764 35.60489710851 0.0142 0.016 18.1146 "" "" 2059454930340982784 1785.22827 0.5155 0.0192 2.16 0.621 0.02 0.023 1.103 "" "" 14.739289 2.792019 16.32436 13.532341 2.51 2.39 1731.96997 1851.78223 23945.89828 9.7237 4033.4 7.782 30635.0 27.828 "" "" 0.0027903706609446323 0.0034890212 0.003905947 0.0073949685 300.51508936764 35.60489710851 1785.22827 2.16 0.621 5.594941291809082 7.340058990478516 0.22903657 0.23203658 "" "" 78.09810425160929 "" 18.035867686411695 ""
300.76568552893 35.12889504229 0.0138 0.0153 13.5752 "" "" 2058655173061782528 2066.01416 0.457 0.0184 -1.596 -3.72 0.019 0.019 1.014 "" "" 14.74086 1.130227 15.20923 14.079003 "" "" 1989.83398 2143.2251 23911.27334 5.7905 11265.0 14.783 18516.0 14.684 "" "" 0.002767836845511703 0.003132909 0.0038762237 0.0070091328 300.76568552893 35.12889504229 2066.01416 -1.596000000000001 -3.719999999999998 1.838941291809082 2.9990589904785154 0.22803657 0.22803657 "" "" 34.45107966289753 "" 7.856105955365721 ""
300.92015904377 35.27863529379 0.0128 0.0149 15.7039 "" "" 2058681423902612352 1982.54797 0.4731 0.0174 -2.093 -3.889 0.017 0.019 1.006 "" "" 14.746571 1.546437 15.458363 13.911925 29.38 6.88 1927.33337 2042.66345 23785.83876 6.4132 8955.1 11.298 21597.0 13.324 "" "" 0.00277082759125073 0.003108277 0.003838281 0.006946558 300.92015904377 35.27863529379 1982.54797 -2.092999999999999 -3.8889999999999976 1.341941291809082 2.830058990478516 0.22603658 0.22803657 "" "" 29.433197338804987 "" 6.701078134426529 ""
300.2212158916 35.38648401939 0.0141 0.017 19.1721 "" "" 2059438540744747392 1658.10547 0.5743 0.0191 -2.86 -7.342 0.02 0.022 0.955 7106.3 4.2542 14.754914 0.928061 15.129074 14.201013 "" "" 1613.06177 1715.81995 23603.75799 4.879 12128.0 17.522 16548.0 13.592 "" "" 0.0027644450843918164 0.0032008793 0.0038831707 0.00708405 300.2212158916 35.38648401939 1658.10547 -2.860000000000001 -7.34199999999999 0.5749412918090822 -0.622941009521484 0.22903657 0.23103657 "" "" 6.662512326464742 "" 1.533168962925216 ""
300.6893536872 35.48872431816 0.0135 0.0163 11.4647 "" "" 2059449879459119360 1554.58557 0.6179 0.0181 0.548 -3.048 0.018 0.021 1.032 6486.5 4.0179 14.755422 0.971668 15.14963 14.177961 -74.46 10.29 1506.0946 1609.21838 23592.73036 4.6211 11900.0 13.678 16903.0 12.171 "" "" 0.002763514946175882 0.0030565416 0.0038593928 0.0069159344 300.6893536872 35.48872431816 1554.58557 0.5480000000000005 -3.048 3.982941291809082 3.6710589904785156 0.22703657 0.23003657 "" "" 39.914132565144655 "" 9.117163039260438 ""
300.25045217018 35.29988693768 0.0132 0.0161 17.2277 "" "" 2059420364442817024 1887.13196 0.4997 0.0186 -2.356 -6.917 0.019 0.02 0.943 5756.6 3.5495 14.755605 1.427868 15.400981 13.973113 -43.53 5.77 1813.7594 1958.58264 23588.74828 10.016 9441.1 16.987 20413.0 24.077 "" "" 0.0027936218271129355 0.0034060678 0.0039904527 0.0073965206 300.25045217018 35.29988693768 1887.13196 -2.356 -6.917 1.0789412918090822 -0.1979410095214842 0.22803657 0.22903657 "" "" 9.812206044618549 "" 2.2378619614884605 ""
300.37133591892 35.53391016056 0.0135 0.0146 17.4766 "" "" 2059441323883438720 1881.70178 0.5004 0.0177 -3.497 -6.224 0.018 0.019 1.05 8840.7 4.0132 14.768458 0.938443 15.14784 14.209396 "" "" 1832.38916 1945.745 23311.13562 4.9026 11920.0 11.542 16421.0 12.397 "" "" 0.002764765783298647 0.0029816593 0.0038672462 0.0068489052 300.37133591892 35.53391016056 1881.70178 -3.497 -6.224 -0.062058708190917855 0.4950589904785154 0.22703657 0.22803657 "" "" 4.450121266910997 "" 1.014721679376141 ""
300.93601013277 35.21572766305 0.0149 0.0167 17.3407 "" "" 2058679912074601344 1508.90295 0.6345 0.0198 0.182 -2.598 0.023 0.022 1.032 6607.5 4.0327 14.791756 0.986064 15.198648 14.212585 "" "" 1469.36609 1557.39795 22816.27009 5.0322 11375.0 15.887 16373.0 11.182 "" "" 0.0027657063646253015 0.0031756146 0.003851436 0.0070270505 300.93601013277 35.21572766305 1508.90295 0.18200000000000083 -2.598000000000003 3.616941291809082 4.121058990478516 0.23203658 0.23103657 "" "" 39.21688377425862 "" 9.07761963841192 ""
300.27085712179 35.35259848719 0.0174 0.0213 16.3967 "" "" 2059426480476550016 1465.11768 0.6605 0.0244 0.419 -4.798 0.026 0.028 1.287 6163.8 3.7727 14.807387 1.109059 15.274632 14.165573 -14.41 7.78 1410.33643 1521.43005 22490.12615 5.1552 10606.0 12.462 17097.0 14.201 "" "" 0.0027665370440672406 0.0030679875 0.0038854883 0.006953476 300.27085712179 35.35259848719 1465.11768 0.4189999999999994 -4.798000000000001 3.853941291809082 1.9210589904785156 0.23503658 0.23703657 "" "" 29.90506340701726 "" 7.040727639206583 ""
300.91957623418 35.231041991 0.0148 0.016 16.2865 "" "" 2058680667988853376 1940.17139 0.4852 0.0193 -3.121 -6.438 0.021 0.021 1.088 "" "" 14.814524 1.654098 15.565339 13.911241 "" "" 1866.96655 2006.30872 22342.77331 8.5934 8114.9 10.807 21610.0 18.483 "" "" 0.0027867853415197274 0.0031425708 0.0038917963 0.007034367 300.91957623418 35.231041991 1940.17139 -3.1210000000000013 -6.437999999999999 0.31394129180908203 0.2810589904785159 0.23003657 0.23003657 "" "" 3.8750989877155564 "" 0.8914144858295617 ""
300.86228800972 35.09941718551 0.015 0.0168 18.0169 "" "" 2058677403813594112 1742.90186 0.5403 0.0202 -2.027 -5.304 0.021 0.022 1.078 "" "" 14.817001 1.353376 15.41511 14.061733 "" "" 1694.7002 1805.92114 22291.84609 7.2787 9319.1 13.831 18813.0 16.831 "" "" 0.002778033264874338 0.0032220592 0.0039022109 0.0071242703 300.86228800972 35.09941718551 1742.90186 -2.027 -5.304 1.407941291809082 1.4150589904785154 0.23003657 0.23103657 "" "" 16.491060281421433 "" 3.8018430368998253 ""
300.56285451425 35.60800408045 0.0131 0.0166 17.8985 "" "" 2059454792901962368 1701.07361 0.5586 0.0182 -1.438 -1.327 0.018 0.023 0.949 6743.5 3.9457 14.826467 1.24501 15.367545 14.122535 -36.52 7.7 1664.09705 1748.70386 22098.35738 4.9129 9736.4 11.001 17789.0 11.858 "" "" 0.0027658730922992905 0.0030479464 0.0038480554 0.0068960018 300.56285451425 35.60800408045 1701.07361 -1.438 -1.327 1.996941291809082 5.392058990478516 0.22703657 0.23203658 "" "" 46.362463031318406 "" 10.730092714917394 ""
300.46496067106 35.43366955174 0.0149 0.0168 9.9383 "" "" 2059428061024773760 1547.17859 0.6165 0.019 -2.923 0.577 0.021 0.023 1.067 5962.7 3.9466 14.828496 1.109694 15.296501 14.186808 "" "" 1507.99036 1596.81128 22057.09416 4.6869 10395.0 12.973 16766.0 12.119 "" "" 0.002764962089115927 0.0031017866 0.0038600059 0.0069617927 300.46496067106 35.43366955174 1547.17859 -2.923 0.577 0.511941291809082 7.296058990478516 0.23003657 0.23203658 "" "" 53.63812663441948 "" 12.445483908358401 ""
300.57001693254 35.55804757115 0.0142 0.0162 14.8809 "" "" 2059453830829227648 1521.95117 0.6302 0.0189 -1.274 -8.205 0.02 0.025 0.966 6505.2 4.0392 14.835229 1.147425 15.324182 14.176758 -0.6 7.46 1478.745 1560.96509 21920.72943 5.1744 10133.0 12.904 16922.0 12.879 "" "" 0.002767213986686101 0.003113961 0.0038686628 0.0069826236 300.57001693254 35.55804757115 1521.95117 -1.2739999999999996 -8.20500000000001 2.160941291809082 -1.4859410095214844 0.22903657 0.23403658 "" "" 18.91909222308909 "" 4.363756572165334 ""
300.73832663555 35.38700239337 0.0145 0.0169 8.0672 "" "" 2058698122735723776 1482.22949 0.6506 0.0199 -4.607 -5.689 0.019 0.022 0.925 5957.6 3.9799 14.839351 1.13386 15.320937 14.187077 -4.67 8.66 1436.15015 1527.6488 21837.68412 4.4639 10163.0 11.989 16762.0 17.814 "" "" 0.0027642442000409017 0.003070102 0.0039516026 0.0070217047 300.73832663555 35.38700239337 1482.22949 -4.607 -5.689 -1.1720587081909182 1.0300589904785156 0.22803657 0.23103657 "" "" 10.962771615347833 "" 2.5142979210892626 ""
300.30576945871 35.45458466598 0.0189 0.0212 16.8463 "" "" 2059440567969411712 1830.35986 0.4948 0.0248 -2.018 -3.086 0.026 0.027 1.05 "" "" 14.844663 3.45476 16.953009 13.498249 3.92 1.65 1727.36438 1929.03223 21731.10479 12.677 2260.5 10.025 31612.0 32.131 "" "" 0.0028271805222619835 0.00556508 0.003937204 0.009502284 300.30576945871 35.45458466598 1830.35986 -2.017999999999999 -3.086 1.4169412918090822 3.6330589904785158 0.23503658 0.23603657 "" "" 33.832517616402455 "" 7.981252823415503 ""
300.41365939453 35.14639775556 0.014 0.0166 13.5364 "" "" 2059420463196651008 1662.92139 0.5818 0.0195 -4.277 -4.034 0.018 0.018 0.964 5841.8 3.9212 14.856162 1.174296 15.357777 14.18348 10.18 9.78 1598.40857 1718.14099 21502.15417 4.9249 9824.4 13.146 16818.0 15.5 "" "" 0.002766519624932957 0.0031457487 0.0039096065 0.0070553552 300.41365939453 35.14639775556 1662.92139 -4.277000000000001 -4.033999999999999 -0.8420587081909181 2.685058990478516 0.22703657 0.22703657 "" "" 22.18065626674654 "" 5.035820020274678 ""
300.89400305572 35.20361660255 0.0162 0.0181 15.7 "" "" 2058680496190145024 1833.74023 0.5076 0.0223 -3.406 -6.688 0.024 0.024 1.097 "" "" 14.857158 2.561006 16.117981 13.556975 -6.82 12.37 1755.15564 1915.22485 21482.4385 16.803 4877.8 42.155 29948.0 234.38 "" "" 0.002883225331057962 0.009789222 0.009299814 0.019089036 300.89400305572 35.20361660255 1833.74023 -3.4059999999999997 -6.688 0.028941291809081893 0.031058990478515902 0.23303658 0.23303658 "" "" 0.368998658763282 "" 0.08599018461466416 ""
300.75384009143 35.14688815718 0.0142 0.0168 12.3618 "" "" 2058690391794737408 1574.22864 0.6057 0.019 0.421 -2.433 0.02 0.022 1.014 5076.9 3.7237 14.867743 1.363599 15.463072 14.099473 0.59 3.86 1531.19238 1621.95081 21274.01278 5.5198 8916.4 11.023 18171.0 45.815 "" "" 0.002769683819854076 0.0030962385 0.0046666474 0.0077628857 300.75384009143 35.14688815718 1574.22864 0.42100000000000004 -2.433 3.855941291809082 4.286058990478516 0.22903657 0.23103657 "" "" 43.01970361354274 "" 9.900730123903056 ""
300.75105917894 35.25276912124 0.0259 0.0284 8.104 "" "" 2058692109781737472 1669.89844 0.5706 0.0335 -1.14 -4.181 0.035 0.037 1.905 8944.7 3.3735 14.872077 1.554749 15.540062 13.985313 "" "" 1583.41003 1784.4906 21189.2709 8.1966 8306.0 13.21 20185.0 13.601 "" "" 0.0027871461250516816 0.0032812792 0.0038495385 0.0071308175 300.75105917894 35.25276912124 1669.89844 -1.1399999999999988 -4.180999999999998 2.2949412918090824 2.5380589904785156 0.24403657 0.24603657 "" "" 27.08438706757452 "" 6.639438071057238 ""
