Clusters/Teutsch_8/Teutsch_8_stars_in_region.tsv
# %ECSV 1.0
# ---
# datatype:
# - name: RA_ICRS_1
#   unit: deg
#   datatype: float64
#   format: '{:15.11f}'
#   description: Right ascension (ICRS) at Ep=2016.0 (ra)
#   meta: !!omap
#   - {ucd: POS_EQ_RA_MAIN}
#   - {width: 15}
#   - {precision: '11'}
# - name: DE_ICRS_1
#   unit: deg
#   datatype: float64
#   format: '{:15.11f}'
#   description: Declination (ICRS) at Ep=2016.0 (dec)
#   meta: !!omap
#   - {ucd: POS_EQ_DEC_MAIN}
#   - {width: 15}
#   - {precision: '11'}
# - name: e_RA_ICRS
#   unit: mas
#   datatype: float64
#   format: '{:7.4f}'
#   description: Standard error of right ascension (ra_error)
#   meta: !!omap
#   - {ucd: ERROR}
#   - {width: 7}
#   - {precision: '4'}
# - name: e_DE_ICRS
#   unit: mas
#   datatype: float64
#   format: '{:7.4f}'
#   description: Standard error of declination (dec_error)
#   meta: !!omap
#   - {ucd: ERROR}
#   - {width: 7}
#   - {precision: '4'}
# - name: _r_1
#   unit: ''
#   datatype: float64
#   format: '{:7.4f}'
#   description: Distance from center (300.60200681000+35.31140604000)[ICRS], at Epoch=J2016.0
#   meta: !!omap
#   - {ucd: POS_ANG_DIST_GENERAL}
#   - {width: 7}
#   - {precision: '4'}
# - name: HIP
#   datatype: int32
#   description: '? HIP cross-id number, van Leeuwen, Cat. I/311 (hip_original_ext_source_id)'
#   meta: !!omap
#   - {ucd: ID_NUMBER}
#   - {width: 6}
#   - values: {'null': -2147483648}
# - name: TYC2
#   datatype: string
#   description: Tycho-2 cross-id name, Hog et al., Cat. I/259 (tyc2_original_ext_source_id)
#   meta: !!omap
#   - {ucd: ID_CROSSID}
#   - {_votable_string_dtype: char}
# - name: Source
#   datatype: int64
#   description: Source identifier, identical to the Gaia-EDR3 source_id (id)
#   meta: !!omap
#   - {ucd: ID_MAIN}
#   - {width: 19}
# - name: rgeo
#   unit: pc
#   datatype: float64
#   format: '{:15.8f}'
#   description: '? Median of the geometric distance posterior (r_med_geo)'
#   meta: !!omap
#   - {ucd: PHYS_DISTANCE_TRUE}
#   - {width: 15}
#   - {precision: '8'}
#   - values: {'null': .nan}
# - name: Plx
#   unit: mas
#   datatype: float64
#   format: '{:9.4f}'
#   description: '? Parallax (parallax)'
#   meta: !!omap
#   - {ucd: POS_PARLX_TRIG}
#   - {width: 9}
#   - {precision: '4'}
#   - values: {'null': .nan}
# - name: e_Plx
#   unit: mas
#   datatype: float32
#   format: '{:7.4f}'
#   description: '? Standard error of parallax (parallax_error)'
#   meta: !!omap
#   - {ucd: ERROR}
#   - {width: 7}
#   - {precision: '4'}
#   - values: {'null': .nan}
# - name: pmRA
#   unit: mas / yr
#   datatype: float64
#   format: '{:9.3f}'
#   description: '? Proper motion in right ascension direction, pmRA*cosDE (pmra)'
#   meta: !!omap
#   - {ucd: POS_EQ_PMRA}
#   - {width: 9}
#   - {precision: '3'}
#   - values: {'null': .nan}
# - name: pmDE
#   unit: mas / yr
#   datatype: float64
#   format: '{:9.3f}'
#   description: '? Proper motion in declination direction (pmdec)'
#   meta: !!omap
#   - {ucd: POS_EQ_PMDEC}
#   - {width: 9}
#   - {precision: '3'}
#   - values: {'null': .nan}
# - name: e_pmRA
#   unit: mas / yr
#   datatype: float32
#   format: '{:6.3f}'
#   description: '? Standard error of proper motion in right ascension direction (pmra_error)'
#   meta: !!omap
#   - {ucd: ERROR}
#   - {width: 6}
#   - {precision: '3'}
#   - values: {'null': .nan}
# - name: e_pmDE
[...]
#         value: !astropy.table.SerializedColumn {name: SkyCoord.dec}
#       distance: !astropy.table.SerializedColumn
#         __class__: astropy.coordinates.distances.Distance
#         unit: !astropy.units.Unit {unit: pc}
#         value: !astropy.table.SerializedColumn {name: SkyCoord.distance}
#       frame: icrs
#       obstime: !astropy.time.Time {format: jyear_str, in_subfmt: '*', jd1: 367701545.0, jd2: 0.0, out_subfmt: '*', precision: 3, scale: tt}
#       pm_dec: !astropy.table.SerializedColumn
#         __class__: astropy.units.quantity.Quantity
#         unit: !astropy.units.Unit {unit: mas / yr}
#         value: !astropy.table.SerializedColumn {name: SkyCoord.pm_dec}
#       pm_ra_cosdec: !astropy.table.SerializedColumn
#         __class__: astropy.units.quantity.Quantity
#         unit: !astropy.units.Unit {unit: mas / yr}
#         value: !astropy.table.SerializedColumn {name: SkyCoord.pm_ra_cosdec}
#       ra: !astropy.table.SerializedColumn
#         __class__: astropy.coordinates.angles.Longitude
#         unit: *id001
#         value: !astropy.table.SerializedColumn {name: SkyCoord.ra}
#         wrap_angle: !astropy.coordinates.Angle
#           unit: *id001
#           value: 360.0
#       representation_type: spherical
# schema: astropy-2.0
RA_ICRS_1 DE_ICRS_1 e_RA_ICRS e_DE_ICRS _r_1 HIP TYC2 Source rgeo Plx e_Plx pmRA pmDE e_pmRA e_pmDE RUWE Teff logg Gmag BP-RP BPmag RPmag RV e_RV b_rgeo B_rgeo FG e_FG FBP e_FBP FRP e_FRP RAVE5 RAVE6 e_Gmag e_BPmag e_RPmag e_BP-RP SkyCoord.ra SkyCoord.dec SkyCoord.distance SkyCoord.pm_ra_cosdec SkyCoord.pm_dec rmRA rmDE e_rmRA e_rmDE rRV e_rRV v_pec v_pec3d e_vpec e_vpec3d
[from data line 730]
300.47931392183 35.17896023349 0.0344 0.038 9.9648 "" "" 2058670360066118016 1560.24756 0.6182 0.0454 -2.592 -4.25 0.047 0.05 0.999 5287.2 4.6029 16.759684 1.297573 17.337955 16.040382 "" "" 1461.25452 1671.37476 3724.54559 2.0172 1585.8 7.2422 3040.9 8.4979 "" "" 0.0028173692404201084 0.0056895805 0.004846613 0.010536194 300.47931392183 35.17896023349 1560.24756 -2.5919999999999996 -4.25 0.842941291809082 2.4690589904785156 0.25603658 0.25903657 "" "" 19.29493957518245 "" 4.992083880593157 ""
300.85872740295 35.42657600042 0.035 0.0405 14.3358 "" "" 2058703620293766016 1906.78491 0.5082 0.0465 1.27 -2.325 0.046 0.052 1.036 7904.2 3.6529 16.76006 2.00669 17.773214 15.766524 "" "" 1735.01135 2072.06787 3723.25514 2.2125 1062.0 6.2678 3913.3 10.09 "" "" 0.002829850550808485 0.0069889966 0.0047032577 0.011692254 300.85872740295 35.42657600042 1906.78491 1.27 -2.325 4.704941291809082 4.3940589904785154 0.25503656 0.26103657 "" "" 58.185138140470215 "" 15.002990095420321 ""
300.8272707125 35.31256681915 0.0377 0.0418 11.0294 "" "" 2058693827768278272 2035.38672 0.4846 0.0501 0.993 -0.478 0.05 0.053 1.038 8313.1 4.4173 16.761383 1.588621 17.498543 15.909922 "" "" 1836.2583 2224.62939 3718.71833 2.1782 1367.7 6.9727 3429.2 9.8712 "" "" 0.0028277610542156175 0.0061986814 0.0049042497 0.011102932 300.8272707125 35.31256681915 2035.38672 0.9930000000000005 -0.47799999999999965 4.427941291809082 6.241058990478516 0.25903657 0.26203656 "" "" 73.82721281156732 "" 19.27155452096118 ""
300.36430289513 35.44934850127 0.0378 0.0387 14.2731 "" "" 2059428675174938240 1463.56799 0.6534 0.0467 0.245 -10.149 0.054 0.048 0.999 5199.3 4.6399 16.761946 1.324968 17.344221 16.019253 "" "" 1374.72205 1561.45544 3716.79069 1.9708 1576.6 7.7331 3100.7 6.1993 "" "" 0.0028148221520774923 0.006012111 0.00435842 0.010370531 300.36430289513 35.44934850127 1463.56799 0.2450000000000001 -10.149 3.679941291809082 -3.4299410095214835 0.26303658 0.25703657 "" "" 34.89851689534661 "" 9.08284478369952 ""
300.82837482042 35.44172080089 0.0348 0.0413 13.5564 "" "" 2058703856495804928 1577.82141 0.6032 0.0467 3.038 -3.115 0.048 0.055 0.908 4855.6 4.3411 16.762178 1.330456 17.34769 16.017235 "" "" 1475.18237 1705.20544 3715.99746 2.043 1571.6 6.5476 3106.5 8.573 "" "" 0.0028192383262735494 0.00531471 0.004823024 0.010137734 300.82837482042 35.44172080089 1577.82141 3.037999999999999 -3.115 6.472941291809082 3.6040589904785154 0.25703657 0.26403657 "" "" 55.40841425522334 "" 14.334722907467649 ""
300.80326826245 35.24692386725 0.0339 0.0409 10.59 "" "" 2058691353867490560 1737.3291 0.563 0.0463 -4.112 -10.201 0.047 0.053 1.004 5498.9 4.5688 16.763115 1.493113 17.436398 15.943284 "" "" 1628.07336 1912.0957 3712.79513 2.1523 1448.3 8.7853 3325.4 10.1 "" "" 0.002826293089428065 0.0071526617 0.0050157835 0.012168445 300.80326826245 35.24692386725 1737.3291 -4.112 -10.201 -0.6770587081909181 -3.481941009521485 0.25603658 0.26203656 "" "" 29.21062356096531 "" 7.647936549745178 ""
300.80694412911 35.05160902518 0.0351 0.0415 18.5468 "" "" 2058653970470718592 2005.64673 0.4964 0.0485 -2.955 -7.815 0.048 0.053 1.071 5331.9 4.5978 16.76426 1.322613 17.357668 16.035055 "" "" 1854.62439 2223.375 3708.88212 1.8583 1557.2 6.919 3055.9 7.0982 "" "" 0.002808509021900005 0.0055729467 0.0045435526 0.010116499 300.80694412911 35.05160902518 2005.64673 -2.955 -7.815 0.47994129180908196 -1.0959410095214848 0.25703657 0.26203656 "" "" 11.374122216736763 "" 2.971357841696708 ""
300.58546455447 35.6178974371 0.034 0.0401 18.4072 "" "" 2059455205218799104 1988.76489 0.4747 0.0454 -5.054 -8.39 0.043 0.054 0.99 8586.9 4.4201 16.770464 1.835696 17.664488 15.828792 "" "" 1832.59192 2156.39624 3687.74513 2.0564 1173.9 3.7272 3695.2 9.123 "" "" 0.0028210542099636094 0.0044349465 0.0046334737 0.00906842 300.58546455447 35.6178974371 1988.76489 -5.053999999999998 -8.38999999999999 -1.6190587081909182 -1.670941009521485 0.25203657 0.26303658 "" "" 21.932929516362837 "" 5.65362106002024 ""
300.47615004211 35.02847322349 0.0342 0.0408 18.0634 "" "" 2058662491685697408 1901.5575 0.4957 0.0474 -2.183 -2.442 0.045 0.052 1.018 9480.1 3.989 16.771526 2.364214 18.020395 15.656181 "" "" 1756.83655 2072.66284 3684.14381 2.1826 845.78 6.6943 4332.0 10.893 "" "" 0.0028294038005200976 0.009035151 0.0046623317 0.013697483 300.47615004211 35.02847322349 1901.5575 -2.183 -2.442000000000001 1.2519412918090822 4.2770589904785155 0.25403658 0.26103657 "" "" 40.1683399237277 "" 10.46349047612629 ""
300.62991343913 35.57779845724 0.0362 0.0428 16.0416 "" "" 2059454105707075456 1705.12891 0.5657 0.0488 -7.971 -9.506 0.049 0.055 0.953 4532.1 4.2646 16.773546 1.335583 17.370811 16.035229 "" "" 1554.37488 1924.66345 3677.29463 2.095 1538.5 6.7582 3055.4 6.8515 "" "" 0.0028238984500733874 0.005525541 0.0044957087 0.01002125 300.62991343913 35.57779845724 1705.12891 -7.971 -9.506 -4.536058708190918 -2.7869410095214846 0.25803658 0.26403657 "" "" 43.02862444847755 "" 11.174301406131834 ""
300.83824997625 35.12339991328 0.0351 0.0439 16.1662 "" "" 2058677674374069248 1942.30872 0.4976 0.0492 -6.921 -7.793 0.049 0.054 1.026 "" "" 16.775667 1.583632 17.514593 15.930962 "" "" 1755.54199 2182.67285 3670.11571 1.9463 1347.7 7.3874 3363.4 8.1102 "" "" 0.002814837218482091 0.0065730354 0.0045975964 0.011170631 300.83824997625 35.12339991328 1942.30872 -6.920999999999999 -7.793 -3.4860587081909182 -1.0739410095214845 0.25803658 0.26303658 "" "" 33.58301012588124 "" 8.680328501858089 ""
300.46253794311 35.4728594649 0.082 0.0935 11.8481 "" "" 2059452383394554624 1823.33264 0.5716 0.1095 -1.053 -1.51 0.114 0.124 3.154 "" "" 16.776266 1.658567 17.408455 15.749887 "" "" 1544.87097 2151.77881 3668.09067 3.2884 1486.1 7.1815 3973.8 8.7131 "" "" 0.002922190769656422 0.0059425216 0.004466666 0.0104091875 300.46253794311 35.4728594649 1823.33264 -1.053 -1.51 2.381941291809082 5.209058990478516 0.32303658 0.33303657 "" "" 49.50325183634478 "" 16.4018533808176 ""
300.34281772949 35.28247357774 0.0341 0.0401 12.8107 "" "" 2059425106086665088 1885.00232 0.5154 0.0472 -2.925 -6.216 0.048 0.05 0.999 5477.4 4.594 16.776543 1.348967 17.37812 16.029154 "" "" 1729.02856 2101.06104 3667.15807 2.0501 1528.2 9.7158 3072.5 7.8342 "" "" 0.0028213837433838517 0.007445343 0.0046848375 0.01213018 300.34281772949 35.28247357774 1885.00232 -2.925000000000003 -6.216000000000001 0.5099412918090822 0.5030589904785154 0.25703657 0.25903657 "" "" 6.400218814589674 "" 1.6514159403195339 ""
300.89553109792 35.40508162357 0.0536 0.0601 15.4236 "" "" 2058700386162136576 1874.24084 0.5334 0.074 -3.741 -7.136 0.071 0.084 1.808 5258.7 4.6528 16.778055 1.355433 17.280031 15.924598 "" "" 1653.13831 2235.53662 3662.05255 3.5796 1672.6 8.3893 3383.1 16.228 "" "" 0.0029526474177722765 0.006118927 0.00643486 0.012553787 300.89553109792 35.40508162357 1874.24084 -3.741 -7.135999999999999 -0.30605870819091807 -0.4169410095214845 0.28003657 0.29303658 "" "" 4.594890437696938 "" 1.3258608670361942 ""
300.87576748878 35.26315405429 0.0342 0.0388 13.7167 "" "" 2058692728257037312 2040.76074 0.4562 0.0459 -3.458 -5.663 0.048 0.052 1.009 9436.7 4.2827 16.778927 1.792007 17.641184 15.849177 "" "" 1846.97412 2222.92944 3659.11162 2.0475 1199.3 7.4574 3626.5 8.0039 "" "" 0.0028215049633313074 0.0073050912 0.004475031 0.011780122 300.87576748878 35.26315405429 2040.76074 -3.4579999999999993 -5.663 -0.023058708190918153 1.0560589904785154 0.25703657 0.26103657 "" "" 10.217910905604782 "" 2.6672291375393113 ""
300.70263623692 35.45326663387 0.0367 0.0446 9.8326 "" "" 2059449226597614080 2118.77661 0.4541 0.0485 -2.046 -4.616 0.049 0.056 1.07 5759.8 4.3615 16.78132 1.570867 17.411129 15.840262 "" "" 1907.90894 2388.40796 3651.05386 2.5038 1482.4 12.026 3656.4 28.976 "" "" 0.002854150354247567 0.009239421 0.009397632 0.018637054 300.70263623692 35.45326663387 2118.77661 -2.0459999999999994 -4.615999999999998 1.3889412918090822 2.103058990478516 0.25803658 0.26503658 "" "" 25.311580849585795 "" 6.6551823714032246 ""
300.61457698511 35.34608046126 0.0377 0.0444 2.1696 "" "" 2058696370389374976 1622.72791 0.597 0.0477 -7.6 -4.335 0.051 0.055 1.076 5218.0 4.6264 16.782154 1.330353 17.378237 16.047884 "" "" 1500.84021 1722.92163 3648.25661 2.0484 1528.0 7.0868 3020.0 9.6518 "" "" 0.0028219526035845434 0.005756935 0.0051307324 0.010887668 300.61457698511 35.34608046126 1622.72791 -7.600000000000005 -4.335000000000002 -4.165058708190918 2.3840589904785157 0.2600366 0.26403657 "" "" 36.91345537737597 "" 9.635497308651235 ""
300.28807431564 35.1559750415 0.0342 0.0426 17.9911 "" "" 2059415412315118464 1574.99475 0.6177 0.048 0.102 -5.038 0.045 0.049 0.996 5226.8 4.619 16.783783 1.446577 17.448025 16.001448 "" "" 1469.23816 1692.65845 3642.78413 1.9423 1432.9 7.7329 3151.9 8.5748 "" "" 0.0028154786748166515 0.0064897803 0.0047967127 0.011286493 300.28807431564 35.1559750415 1574.99475 0.10200000000000053 -5.038000000000004 3.536941291809082 1.6810589904785154 0.25403658 0.25803658 "" "" 29.23561746243168 "" 7.448603248163407 ""
300.47789315054 35.49510921115 0.0345 0.0375 12.583 "" "" 2059452490799498368 2093.92651 0.4669 0.0445 -0.906 -2.359 0.046 0.049 1.021 8253.2 4.4263 16.78538 1.452874 17.45024 15.997365 "" "" 1927.34082 2307.65552 3637.4299 2.0196 1430.0 5.1179 3163.8 8.7775 "" "" 0.0028204952856582884 0.0047837705 0.0048329257 0.009616696 300.47789315054 35.49510921115 2093.92651 -0.9060000000000001 -2.359000000000001 2.528941291809082 4.360058990478516 0.25503656 0.25803658 "" "" 50.02706272993713 "" 12.87119592775311 ""
300.61760957386 35.42660408716 0.037 0.0433 6.9539 "" "" 2059447882268554880 1739.68237 0.5517 0.0477 -3.427 -6.585 0.052 0.056 0.978 4996.2 4.1806 16.785809 2.074683 17.797287 15.722604 "" "" 1607.94519 1923.4563 3635.99371 2.8565 1038.7 9.5011 4074.9 32.099 "" "" 0.002884328806280849 0.010315845 0.009350451 0.019666295 300.61760957386 35.42660408716 1739.68237 -3.426999999999997 -6.585000000000001 0.007941291809081985 0.13405899047851566 0.26103657 0.26503658 "" "" 1.1074009631473145 "" 0.2934863942966555 ""
300.940118238 35.38961673427 0.0338 0.0393 17.1989 "" "" 2058699630247847936 1866.15271 0.5011 0.0458 -6.076 -11.256 0.045 0.053 0.97 7683.7 4.0481 16.787218 2.056475 17.835718 15.779243 "" "" 1697.52014 2036.90149 3631.28001 3.1366 1002.6 8.1466 3867.8 10.088 "" "" 0.002910551970503627 0.0092528295 0.004722597 0.013975427 300.940118238 35.38961673427 1866.15271 -6.076 -11.255999999999997 -2.6410587081909176 -4.536941009521485 0.25403658 0.26203656 "" "" 46.43628248737006 "" 12.075060072087982 ""
300.84009952679 35.1261640607 0.0355 0.0439 16.1164 "" "" 2058677713051261184 1849.58362 0.5187 0.0494 0.347 -1.875 0.051 0.055 1.091 7450.2 4.3538 16.789864 1.468734 17.45895 15.990216 "" "" 1727.33826 2032.50195 3622.4396 1.9609 1418.5 7.4307 3184.7 7.7208 "" "" 0.00281730671195703 0.0063350764 0.004605668 0.010940745 300.84009952679 35.1261640607 1849.58362 0.34700000000000003 -1.875 3.781941291809082 4.844058990478516 0.2600366 0.26403657 "" "" 53.878343375430006 "" 14.144622641872726 ""
300.34955609383 35.16481631226 0.0345 0.0407 15.1794 "" "" 2059415657128548608 1878.07373 0.49 0.0465 -3.231 -5.44 0.046 0.051 0.962 5759.7 4.1807 16.793554 1.73557 17.253067 15.517497 "" "" 1749.25427 2033.46436 3610.14621 6.1836 1714.7 66.575 4922.2 115.1 "" "" 0.0033241903742229745 0.042247068 0.025668453 0.06791552 300.34955609383 35.16481631226 1878.07373 -3.2310000000000003 -5.44 0.20394129180908216 1.2790589904785152 0.25503656 0.2600366 "" "" 11.530100985234869 "" 2.9968321973212033 ""
300.35290935359 35.53716308657 0.0363 0.037 18.2156 "" "" 2059442045437945728 1949.04163 0.4872 0.0454 5.489 -1.822 0.049 0.048 0.999 5372.0 4.5903 16.794151 1.30411 17.369 16.06489 "" "" 1788.06604 2141.36182 3608.16078 1.8861 1541.1 7.6431 2973.0 6.9369 "" "" 0.002813165643382597 0.0060646716 0.004549899 0.01061457 300.35290935359 35.53716308657 1949.04163 5.489 -1.822 8.923941291809083 4.897058990478516 0.25803658 0.25703657 "" "" 94.04092267682788 "" 24.244265785830198 ""
300.61074542751 35.55036307537 0.0362 0.0418 14.3438 "" "" 2059453624670737664 1833.95337 0.5234 0.0482 -3.387 -6.439 0.047 0.055 0.987 7064.3 4.3193 16.79424 1.91353 17.74283 15.8293 "" "" 1683.89722 2024.42749 3607.86685 5.6861 1092.2 11.516 3693.5 16.248 "" "" 0.0032434282316923455 0.011782963 0.0060906643 0.017873626 300.61074542751 35.55036307537 1833.95337 -3.3870000000000005 -6.4389999999999965 0.04794129180908202 0.28005899047851557 0.25603658 0.26403657 "" "" 2.469948441825304 "" 0.6516024505719858 ""
300.83865729192 35.34334815283 0.0364 0.0459 11.7419 "" "" 2058694308804624896 1970.14355 0.4868 0.0497 -0.576 -2.654 0.047 0.057 1.01 5434.3 4.3508 16.796576 1.561014 17.485716 15.924702 "" "" 1789.88794 2169.37158 3600.11471 2.1467 1384.0 10.799 3382.8 20.025 "" "" 0.0028303584450856327 0.008919369 0.007456029 0.016375398 300.83865729192 35.34334815283 1970.14355 -0.5760000000000007 -2.6540000000000026 2.858941291809082 4.065058990478516 0.25603658 0.26603657 "" "" 46.409757932048265 "" 12.195061735554095 ""
300.52319781834 35.1470392895 0.0357 0.0425 10.5914 "" "" 2058669329273949312 1648.40686 0.5919 0.0481 -4.649 -10.105 0.049 0.052 1.033 5054.2 4.4361 16.80136 1.277399 17.365767 16.088367 "" "" 1524.66589 1805.04114 3584.29182 1.8969 1545.6 10.834 2909.5 11.368 "" "" 0.0028145966283122823 0.008105894 0.00568154 0.0137874335 300.52319781834 35.1470392895 1648.40686 -4.649 -10.105000000000002 -1.214058708190918 -3.385941009521485 0.25803658 0.26103657 "" "" 28.105111235200997 "" 7.326905893905417 ""
300.7053086496 35.09255461324 0.0347 0.0408 14.0739 "" "" 2058666374336358016 1896.35059 0.5103 0.0469 -1.929 -8.182 0.048 0.054 1.03 7992.0 4.1153 16.806135 1.944101 17.772432 15.828331 "" "" 1733.42432 2048.10449 3568.55928 2.0462 1062.8 6.4202 3696.8 8.404 "" "" 0.0028247773853622552 0.0071275723 0.0045139617 0.011641534 300.7053086496 35.09255461324 1896.35059 -1.9289999999999994 -8.182000000000002 1.505941291809082 -1.4629410095214848 0.25703657 0.26303658 "" "" 18.8721119126221 "" 4.906126033001309 ""
300.76270544407 35.0215467401 0.033 0.0391 19.0943 "" "" 2058653455074656768 1604.80115 0.607 0.0454 -3.88 -7.884 0.046 0.052 0.996 5061.8 4.6648 16.810478 1.280197 17.379848 16.099651 "" "" 1502.8241 1743.07593 3554.31278 1.7359 1525.7 7.4944 2879.4 9.7683 "" "" 0.0028058814814051402 0.0060190214 0.005277375 0.011296397 300.76270544407 35.0215467401 1604.80115 -3.8799999999999986 -7.8839999999999915 -0.44505870819091786 -1.1649410095214847 0.25503656 0.26103657 "" "" 9.486101751757234 "" 2.4690430911651133 ""
300.84039619715 35.55414549828 0.0367 0.0421 18.6532 "" "" 2058705544439227648 1716.29089 0.569 0.0494 -1.097 -1.386 0.049 0.056 1.067 8390.4 4.4097 16.810707 2.11156 17.889666 15.778106 "" "" 1578.88953 1885.46826 3553.56267 2.2323 954.0 8.4637 3871.8 7.1516 "" "" 0.002838481018744871 0.010028405 0.004278505 0.01430691 300.84039619715 35.55414549828 1716.29089 -1.0970000000000004 -1.3860000000000001 2.337941291809082 5.3330589904785155 0.25803658 0.26503658 "" "" 47.37149002511372 "" 12.502317687443306 ""
300.59211938138 35.27952023866 0.0379 0.0437 1.9735 "" "" 2058672662168689664 2012.0719 0.4877 0.0473 -2.483 -10.155 0.051 0.057 0.962 7123.4 4.3304 16.812313 1.469229 17.481585 16.012356 "" "" 1856.23547 2197.24438 3548.30704 1.9892 1389.3 8.5044 3120.4 8.1826 "" "" 0.0028217491050083372 0.0072081015 0.0047317864 0.011939888 300.59211938138 35.27952023866 2012.0719 -2.4829999999999957 -10.155000000000001 0.9519412918090819 -3.4359410095214837 0.2600366 0.26603657 "" "" 34.00374716912861 "" 9.031848715427804 ""
