Clusters/NGC_6322/NGC_6322_stars_in_region.tsv
# %ECSV 1.0
# ---
# datatype:
# - name: RA_ICRS_1
#   unit: deg
#   datatype: float64
#   format: '{:15.11f}'
#   description: Right ascension (ICRS) at Ep=2016.0 (ra)
#   meta: !!omap
#   - {ucd: POS_EQ_RA_MAIN}
#   - {width: 15}
#   - {precision: '11'}
# - name: DE_ICRS_1
#   unit: deg
#   datatype: float64
#   format: '{:15.11f}'
#   description: Declination (ICRS) at Ep=2016.0 (dec)
#   meta: !!omap
#   - {ucd: POS_EQ_DEC_MAIN}
#   - {width: 15}
#   - {precision: '11'}
# - name: e_RA_ICRS
#   unit: mas
#   datatype: float64
#   format: '{:7.4f}'
#   description: Standard error of right ascension (ra_error)
#   meta: !!omap
#   - {ucd: ERROR}
#   - {width: 7}
#   - {precision: '4'}
# - name: e_DE_ICRS
#   unit: mas
#   datatype: float64
#   format: '{:7.4f}'
#   description: Standard error of declination (dec_error)
#   meta: !!omap
#   - {ucd: ERROR}
#   - {width: 7}
#   - {precision: '4'}
# - name: _r_1
#   unit: ''
#   datatype: float64
#   format: '{:7.4f}'
#   description: Distance from center (259.62970960000-42.93979502000)[ICRS], at Epoch=J2016.0
#   meta: !!omap
#   - {ucd: POS_ANG_DIST_GENERAL}
#   - {width: 7}
#   - {precision: '4'}
# - name: HIP
#   datatype: int32
#   description: '? HIP cross-id number, van Leeuwen, Cat. I/311 (hip_original_ext_source_id)'
#   meta: !!omap
#   - {ucd: ID_NUMBER}
#   - {width: 6}
#   - values: {'null': -2147483648}
# - name: TYC2
#   datatype: string
#   description: Tycho-2 cross-id name, Hog et al., Cat. I/259 (tyc2_original_ext_source_id)
#   meta: !!omap
#   - {ucd: ID_CROSSID}
#   - {_votable_string_dtype: char}
# - name: Source
#   datatype: int64
#   description: Source identifier, identical to the Gaia-EDR3 source_id (id)
#   meta: !!omap
#   - {ucd: ID_MAIN}
#   - {width: 19}
# - name: rgeo
#   unit: pc
#   datatype: float64
#   format: '{:15.8f}'
#   description: '? Median of the geometric distance posterior (r_med_geo)'
#   meta: !!omap
#   - {ucd: PHYS_DISTANCE_TRUE}
#   - {width: 15}
#   - {precision: '8'}
#   - values: {'null': .nan}
# - name: Plx
#   unit: mas
#   datatype: float64
#   format: '{:9.4f}'
#   description: '? Parallax (parallax)'
#   meta: !!omap
#   - {ucd: POS_PARLX_TRIG}
#   - {width: 9}
#   - {precision: '4'}
#   - values: {'null': .nan}
# - name: e_Plx
#   unit: mas
#   datatype: float32
#   format: '{:7.4f}'
#   description: '? Standard error of parallax (parallax_error)'
#   meta: !!omap
#   - {ucd: ERROR}
#   - {width: 7}
#   - {precision: '4'}
#   - values: {'null': .nan}
# - name: pmRA
#   unit: mas / yr
#   datatype: float64
#   format: '{:9.3f}'
#   description: '? Proper motion in right ascension direction, pmRA*cosDE (pmra)'
#   meta: !!omap
#   - {ucd: POS_EQ_PMRA}
#   - {width: 9}
#   - {precision: '3'}
#   - values: {'null': .nan}
# - name: pmDE
#   unit: mas / yr
#   datatype: float64
#   format: '{:9.3f}'
#   description: '? Proper motion in declination direction (pmdec)'
#   meta: !!omap
#   - {ucd: POS_EQ_PMDEC}
#   - {width: 9}
#   - {precision: '3'}
#   - values: {'null': .nan}
# - name: e_pmRA
#   unit: mas / yr
#   datatype: float32
#   format: '{:6.3f}'
#   description: '? Standard error of proper motion in right ascension direction (pmra_error)'
#   meta: !!omap
#   - {ucd: ERROR}
#   - {width: 6}
#   - {precision: '3'}
#   - values: {'null': .nan}
# - name: e_pmDE
[...]
#         unit: &id001 !astropy.units.Unit {unit: deg}
#         value: !astropy.table.SerializedColumn {name: SkyCoord.dec}
#       distance: !astropy.table.SerializedColumn
#         __class__: astropy.coordinates.distances.Distance
#         unit: !astropy.units.Unit {unit: pc}
#         value: !astropy.table.SerializedColumn {name: SkyCoord.distance}
#       frame: icrs
#       obstime: !astropy.time.Time {format: jyear_str, in_subfmt: '*', jd1: 367701545.0, jd2: 0.0, out_subfmt: '*', precision: 3, scale: tt}
#       pm_dec: !astropy.table.SerializedColumn
#         __class__: astropy.units.quantity.Quantity
#         unit: !astropy.units.Unit {unit: mas / yr}
#         value: !astropy.table.SerializedColumn {name: SkyCoord.pm_dec}
#       pm_ra_cosdec: !astropy.table.SerializedColumn
#         __class__: astropy.units.quantity.Quantity
#         unit: !astropy.units.Unit {unit: mas / yr}
#         value: !astropy.table.SerializedColumn {name: SkyCoord.pm_ra_cosdec}
#       ra: !astropy.table.SerializedColumn
#         __class__: astropy.coordinates.angles.Longitude
#         unit: *id001
#         value: !astropy.table.SerializedColumn {name: SkyCoord.ra}
#         wrap_angle: !astropy.coordinates.Angle
#           unit: *id001
#           value: 360.0
#       representation_type: spherical
# schema: astropy-2.0
RA_ICRS_1 DE_ICRS_1 e_RA_ICRS e_DE_ICRS _r_1 HIP TYC2 Source rgeo Plx e_Plx pmRA pmDE e_pmRA e_pmDE RUWE Teff logg Gmag BP-RP BPmag RPmag RV e_RV b_rgeo B_rgeo FG e_FG FBP e_FBP FRP e_FRP RAVE5 RAVE6 e_Gmag e_BPmag e_RPmag e_BP-RP SkyCoord.ra SkyCoord.dec SkyCoord.distance SkyCoord.pm_ra_cosdec SkyCoord.pm_dec
[from data line 1612]
259.20536935583 -43.08142557759 0.0491 0.0328 20.465 "" "" 5953547021360552704 1061.57373 0.9283 0.0495 -0.919 -6.286 0.065 0.044 0.933 4767.5 4.3305 16.268034 1.537018 16.97852 15.441502 "" "" 999.4729 1135.71362 5857.78197 3.008 2208.0 10.888 5279.1 6.8959 "" "" 0.0028111616915152318 0.0060373587 0.004036729 0.010074088 259.20536935583 -43.08142557759 1061.57373 -0.9190000000000002 -6.286
259.88945359506 -42.90357871881 0.0439 0.0304 11.6174 "" "" 5953654116345596288 1287.13879 0.7618 0.0507 6.829 0.38 0.053 0.043 0.966 5680.0 4.5858 16.268415 1.350987 16.860386 15.509399 "" "" 1192.09082 1375.59375 5855.72855 2.5924 2461.9 7.9775 4959.0 10.415 "" "" 0.0027969324832004083 0.004490299 0.0044140043 0.008904303 259.88945359506 -42.90357871881 1287.13879 6.828999999999999 0.3800000000000002
259.24301062954 -42.99622793853 0.0473 0.0305 17.312 "" "" 5953641471956539392 1076.30188 0.9076 0.0478 2.396 -3.315 0.062 0.043 0.943 5892.6 4.3338 16.269419 1.800098 17.145664 15.345566 "" "" 1027.65076 1127.21484 5850.32004 5.6526 1893.0 10.086 5766.8 21.531 "" "" 0.002948267060944744 0.006422587 0.0055422345 0.011964822 259.24301062954 -42.99622793853 1076.30188 2.396 -3.3149999999999995
259.46910457358 -42.69606169487 0.0486 0.0311 16.2426 "" "" 5953672258282335616 1345.45569 0.7274 0.0598 -5.487 -11.556 0.066 0.046 0.962 4853.0 4.293 16.269897 1.645245 17.051834 15.40659 "" "" 1238.23499 1516.2063 5847.73136 3.2474 2063.9 8.2358 5451.6 16.043 "" "" 0.0028205183308718943 0.0051532374 0.0049489853 0.010102223 259.46910457358 -42.69606169487 1345.45569 -5.487 -11.555999999999997
260.05358837168 -42.88656475035 0.0456 0.0317 18.8984 "" "" 5953467272455552000 1536.01111 0.6237 0.0508 -3.945 2.101 0.062 0.05 1.045 5761.6 4.5122 16.270555 1.484149 16.93161 15.447461 "" "" 1433.95691 1674.04041 5844.19066 3.5894 2305.5 8.8469 5250.2 12.911 "" "" 0.00283486601090397 0.005014288 0.0046273675 0.009641655 260.05358837168 -42.88656475035 1536.01111 -3.945 2.101
260.00617767965 -42.54966793115 0.0497 0.0323 28.6895 "" "" 5959670235945516544 1194.84253 0.8015 0.0526 1.256 -6.835 0.065 0.046 1.069 4872.9 4.2879 16.27065 1.635909 17.040821 15.404912 "" "" 1127.63672 1258.1095 5843.68438 2.9273 2084.9 6.4266 5460.0 10.195 "" "" 0.002808486629114238 0.0043572504 0.0042887866 0.008646037 260.00617767965 -42.54966793115 1194.84253 1.2559999999999993 -6.834999999999999
259.63114229393 -42.96793669629 0.0597 0.035 1.6897 "" "" 5953633023785346176 1460.10291 0.7051 0.0806 -0.681 -3.672 0.067 0.05 0.974 "" "" 16.271166 1.471124 16.938704 15.46758 "" "" 1301.01807 1636.23804 5840.90936 3.137 2290.5 12.477 5153.8 9.625 "" "" 0.0028163485219029013 0.0065394286 0.00428896 0.010828389 259.63114229393 -42.96793669629 1460.10291 -0.681 -3.672
259.31581703791 -43.18649933179 0.0492 0.0308 20.2099 "" "" 5953545470847578112 1110.70459 0.874 0.0514 8.234 -11.995 0.064 0.046 0.995 5375.3 3.8617 16.271599 1.442337 16.930344 15.488007 "" "" 1051.77368 1169.97095 5838.58095 2.7905 2308.2 8.5388 5057.7 11.086 "" "" 0.0028037592005331125 0.0048905336 0.0044662426 0.009356776 259.31581703791 -43.18649933179 1110.70459 8.234 -11.994999999999997
259.50419899755 -42.74569556895 0.0474 0.0305 12.8886 "" "" 5953671845965399424 1515.56775 0.6486 0.0593 -4.652 -8.721 0.065 0.047 0.962 7736.8 3.9974 16.272335 1.571726 16.850336 15.27861 "" "" 1391.44141 1660.04175 5834.62037 5.3616 2484.8 50.477 6133.6 67.657 "" "" 0.002930396351922525 0.022231765 0.012558454 0.034790218 259.50419899755 -42.74569556895 1515.56775 -4.652000000000001 -8.720999999999998
259.53424752619 -43.03166071369 0.0564 0.035 6.9237 "" "" 5953638349545530624 1234.19958 0.7836 0.0644 -1.953 0.253 0.065 0.047 1.044 6764.6 4.1844 16.272913 1.698334 17.083288 15.384954 "" "" 1161.66809 1318.11646 5831.51451 3.1492 2004.9 9.6332 5561.3 9.7478 "" "" 0.0028170150759834634 0.0059160623 0.004231477 0.01014754 259.53424752619 -43.03166071369 1234.19958 -1.9530000000000005 0.25300000000000006
259.37871911206 -42.72344414019 0.0495 0.0327 17.0433 "" "" 5953651784202714112 1504.92322 0.656 0.0642 -2.941 -5.439 0.068 0.05 0.954 5346.0 3.7736 16.273083 2.018643 17.238707 15.220063 "" "" 1392.76941 1653.98413 5830.60177 3.7183 1737.5 22.415 6473.4 36.053 "" "" 0.0028409863373894642 0.014281977 0.007130835 0.021412812 259.37871911206 -42.72344414019 1504.92322 -2.941 -5.439
259.12271815032 -43.04436298456 0.0525 0.0347 23.1179 "" "" 5953594261676151424 1382.41443 0.7015 0.0536 -2.272 -2.534 0.07 0.048 1.077 4857.6 3.499 16.273483 2.639127 17.737526 15.098399 "" "" 1273.50024 1505.67932 5828.45889 3.3528 1097.5 7.0072 7241.0 12.245 "" "" 0.002825220674491193 0.007472546 0.0042017624 0.011674308 259.12271815032 -43.04436298456 1382.41443 -2.272 -2.534
259.79339377661 -43.04740158933 0.0491 0.0317 9.6585 "" "" 5953628660098314368 1079.99353 0.9156 0.0593 -1.23 -3.009 0.065 0.047 1.003 5272.0 4.6565 16.274002 1.416699 16.917006 15.500306 "" "" 1010.2464 1159.43518 5825.67147 5.2317 2336.8 11.392 5000.8 15.226 "" "" 0.002922753286065479 0.005983394 0.0050211297 0.011004524 259.79339377661 -43.04740158933 1079.99353 -1.23 -3.0089999999999995
259.49361419384 -42.88830161965 0.0524 0.0344 6.7313 "" "" 5953646041807836800 1521.59058 0.6226 0.066 -1.474 -2.205 0.073 0.056 0.949 "" "" 16.274748 1.742012 17.09846 15.356447 "" "" 1365.84021 1712.06677 5821.66728 2.9394 1977.1 10.054 5709.3 21.086 "" "" 0.0028093251719476715 0.0061861817 0.00551028 0.011696462 259.49361419384 -42.88830161965 1521.59058 -1.4739999999999998 -2.205
259.50628105181 -43.26126765485 0.0469 0.0319 20.032 "" "" 5953541180197705088 1535.69006 0.6232 0.0489 2.043 -3.194 0.069 0.047 1.087 5389.4 4.2106 16.27623 1.742307 17.035082 15.292775 "" "" 1433.75 1672.33118 5813.7259 4.0188 2096.0 12.132 6054.1 39.319 "" "" 0.002855710004255828 0.0068759746 0.008000399 0.014876373 259.50628105181 -43.26126765485 1535.69006 2.043 -3.1939999999999995
259.07160689114 -42.84463266846 0.0438 0.0288 25.1888 "" "" 5953690365864292096 1102.03723 0.8944 0.0466 5.243 -2.187 0.059 0.041 0.964 6854.3 4.3309 16.27667 1.741827 17.111889 15.370062 "" "" 1053.84314 1165.12793 5811.36922 2.6885 1952.8 7.0592 5638.1 10.799 "" "" 0.002800729582263005 0.0048155393 0.004313742 0.009129281 259.07160689114 -42.84463266846 1102.03723 5.243 -2.187
258.96575801422 -43.06321191362 0.0462 0.0321 30.0605 "" "" 5953596082742275712 1220.30774 0.807 0.0508 4.666 -1.291 0.065 0.047 0.965 6864.1 4.3286 16.279474 1.876221 17.203007 15.326786 "" "" 1155.84949 1293.52722 5796.38759 2.7641 1795.6 6.909 5867.4 11.178 "" "" 0.002803543316571519 0.005023707 0.0043083834 0.009332091 258.96575801422 -43.06321191362 1220.30774 4.6659999999999995 -1.291
260.16827834715 -42.90099439843 0.0426 0.0316 23.7779 "" "" 5953469741991081088 1538.33484 0.6277 0.0459 -4.672 -6.315 0.06 0.048 0.95 5633.9 4.5543 16.281912 1.350569 16.833725 15.483156 "" "" 1426.73303 1633.54175 5783.38272 2.8177 2523.1 11.689 5080.4 14.371 "" "" 0.0028056383389780818 0.0057520308 0.004869931 0.010621961 260.16827834715 -42.90099439843 1538.33484 -4.671999999999999 -6.315000000000001
259.49818852568 -43.03034536246 0.0573 0.0371 7.9273 "" "" 5953638212078982272 1396.51123 0.7246 0.0641 -3.873 -4.258 0.067 0.049 1.014 7871.4 4.1369 16.282543 1.697763 16.977335 15.279572 "" "" 1282.30884 1586.28796 5780.02401 3.9541 2210.5 66.427 6128.2 57.188 "" "" 0.0028536758906674516 0.032746185 0.010813957 0.04356014 259.49818852568 -43.03034536246 1396.51123 -3.8730000000000007 -4.258000000000001
259.2072160409 -42.71222988784 0.0451 0.0294 23.067 "" "" 5953697998060196096 1489.13892 0.6423 0.0521 1.553 -1.648 0.063 0.045 0.967 "" "" 16.284557 1.537493 16.987255 15.449762 "" "" 1383.03906 1621.32666 5769.31383 2.6475 2190.4 9.7915 5239.1 9.8967 "" "" 0.002800005295770279 0.005598301 0.004300021 0.009898322 259.2072160409 -42.71222988784 1489.13892 1.5530000000000004 -1.6479999999999997
259.79682391521 -42.459396825 0.0456 0.0314 29.7509 "" "" 5959674393501614080 1533.31848 0.6295 0.0485 -1.288 -2.823 0.062 0.049 0.962 5637.0 3.7915 16.285038 1.589235 16.994568 15.405333 "" "" 1432.78955 1636.97546 5766.75088 2.8866 2175.7 15.31 5457.9 27.866 "" "" 0.002808407851600978 0.008133668 0.006709143 0.014842812 259.79682391521 -42.459396825 1533.31848 -1.288 -2.8230000000000004
259.30053592655 -42.88963334052 0.045 0.0311 14.7744 "" "" 5953643808418782848 1265.96887 0.7594 0.0531 -0.28 -6.309 0.064 0.046 0.953 "" "" 16.286146 2.226913 17.452942 15.226029 "" "" 1191.57153 1343.02185 5760.87757 3.2057 1426.4 7.286 6437.9 12.919 "" "" 0.002820781758558672 0.0062082256 0.0043624206 0.010570646 259.30053592655 -42.88963334052 1265.96887 -0.2799999999999999 -6.309000000000001
259.82076804525 -42.60217261603 0.0503 0.0346 21.9356 "" "" 5953668547436811008 1355.97571 0.7072 0.0519 -3.004 -9.758 0.066 0.055 0.943 5807.1 4.4813 16.288122 1.474876 16.961681 15.486806 "" "" 1267.44104 1483.72571 5750.40084 2.6898 2242.6 9.1042 5063.3 16.309 "" "" 0.002801734066257902 0.005216615 0.005149174 0.010365789 259.82076804525 -42.60217261603 1355.97571 -3.004 -9.758
260.07945698832 -42.87787164388 0.0411 0.03 20.1109 "" "" 5953473113612614784 1451.13232 0.6608 0.0451 -0.138 -3.422 0.058 0.047 0.951 5083.5 4.3415 16.290379 1.399832 16.90437 15.504538 "" "" 1365.18823 1547.64685 5738.45837 2.9629 2364.1 9.0073 4981.3 14.857 "" "" 0.0028117701824617574 0.0049897153 0.0049769576 0.009966673 260.07945698832 -42.87787164388 1451.13232 -0.13800000000000007 -3.4219999999999997
259.66687863128 -43.25428622077 0.051 0.0332 18.9396 "" "" 5953622544065528960 1544.47485 0.624 0.0558 -1.145 -7.131 0.071 0.048 0.986 5391.1 3.9838 16.291004 1.946756 17.266092 15.319336 "" "" 1432.93152 1711.51477 5735.14943 3.2892 1694.3 8.2027 5907.8 10.463 "" "" 0.002824805941671164 0.005951058 0.004240429 0.010191487 259.66687863128 -43.25428622077 1544.47485 -1.145 -7.131
259.63553364304 -42.63437623643 0.0526 0.0331 18.3269 "" "" 5953673533923664384 1365.88354 0.7328 0.0621 1.141 -1.698 0.068 0.049 0.965 "" "" 16.293108 1.550894 17.009966 15.459072 "" "" 1241.31433 1509.49805 5724.05643 3.3175 2145.0 8.4486 5194.3 11.901 "" "" 0.0028262625116249364 0.0051061665 0.0045245867 0.009630753 259.63553364304 -42.63437623643 1365.88354 1.1410000000000002 -1.6980000000000002
259.38605718974 -42.96984848269 0.0497 0.0331 10.8505 "" "" 5953642335275257344 1067.54724 0.9191 0.0556 -1.582 -8.757 0.068 0.047 0.961 5371.7 4.5772 16.294127 1.526955 16.976128 15.449173 "" "" 1004.80518 1141.84631 5718.68002 4.2012 2212.9 7.9249 5241.9 11.989 "" "" 0.002868449776882937 0.0047857794 0.00452219 0.009307969 259.38605718974 -42.96984848269 1067.54724 -1.582 -8.757
259.62331850279 -43.16754303479 0.0452 0.0316 13.6678 "" "" 5953623437418848000 1140.41162 0.8582 0.052 0.341 -11.198 0.067 0.047 1.02 5050.6 4.331 16.29541 1.47728 16.964338 15.487059 "" "" 1066.66528 1218.47742 5711.92563 2.8689 2237.1 6.7779 5062.1 10.079 "" "" 0.0028087668474968126 0.0043134745 0.004353965 0.008667439 259.62331850279 -43.16754303479 1140.41162 0.3410000000000002 -11.198
259.66397379666 -43.40601484683 0.0552 0.0356 28.0133 "" "" 5953524859321836032 1245.23657 0.7935 0.0531 -11.533 -8.225 0.079 0.05 1.045 "" "" 16.295755 1.459909 16.930857 15.470948 "" "" 1174.60718 1323.42249 5710.10814 3.3036 2307.1 15.167 5137.8 30.4 "" "" 0.002826016492318096 0.0076636565 0.0074534817 0.015117139 259.66397379666 -43.40601484683 1245.23657 -11.532999999999998 -8.224999999999998
259.95471605728 -43.00248072905 0.0531 0.0348 14.7558 "" "" 5953465451389352832 1298.95764 0.7536 0.0541 -1.713 -4.549 0.075 0.055 0.983 5398.6 4.6287 16.296017 1.423062 16.942026 15.518964 "" "" 1214.76294 1386.80017 5708.73402 3.0481 2283.5 12.818 4915.6 12.467 "" "" 0.0028156451429197423 0.006702903 0.004676147 0.01137905 259.95471605728 -43.00248072905 1298.95764 -1.713 -4.549000000000001
259.44247220037 -42.73462157042 0.0512 0.0339 14.8125 "" "" 5953648691826243456 1465.63562 0.6568 0.0656 5.936 -12.628 0.069 0.049 1.031 7642.3 4.2517 16.296215 1.608607 17.048674 15.440066 "" "" 1347.61926 1617.92236 5707.69705 3.1505 2069.9 6.8367 5286.1 11.841 "" "" 0.0028197424683802028 0.0045436886 0.004494299 0.009037988 259.44247220037 -42.73462157042 1465.63562 5.935999999999998 -12.628
259.68216652851 -42.78601918674 0.0561 0.0367 9.5106 "" "" 5953659240270470528 1198.26428 0.821 0.0657 4.517 -0.517 0.078 0.06 1.1 4832.3 4.3754 16.296469 1.415804 16.944357 15.528553 "" "" 1112.90845 1310.06055 5706.35665 3.4385 2278.6 10.765 4872.3 10.092 "" "" 0.0028319276316020603 0.0058391984 0.0043978654 0.010237064 259.68216652851 -42.78601918674 1198.26428 4.517 -0.5169999999999999
259.54224172557 -43.05388987894 0.0627 0.0391 7.8484 "" "" 5953638310866446336 1356.21155 0.7059 0.0687 -5.352 -7.288 0.078 0.054 1.202 7034.7 4.3172 16.297256 1.778881 17.133152 15.354271 "" "" 1252.49365 1486.16187 5702.22096 3.505 1914.9 12.926 5720.7 9.238 "" "" 0.002834991254961084 0.0078421105 0.004166262 0.012008373 259.54224172557 -43.05388987894 1356.21155 -5.352 -7.288
260.08841755687 -42.77822205305 0.0435 0.0327 22.3831 "" "" 5953473830800139264 1408.77368 0.6928 0.0496 1.022 -5.634 0.06 0.05 0.99 5511.3 4.5057 16.297514 1.492196 16.986115 15.493918 "" "" 1336.31519 1513.72241 5700.87073 2.7672 2192.7 8.3212 5030.3 7.7045 "" "" 0.0028052691655838648 0.0049761524 0.0041290526 0.009105206 260.08841755687 -42.77822205305 1408.77368 1.0220000000000002 -5.634
259.56023353913 -43.29367872381 0.0648 0.042 21.4499 "" "" 5953529154273892224 1519.61719 0.6399 0.0604 -4.699 -7.092 0.093 0.06 1.197 4910.8 4.2254 16.297876 1.688803 16.968803 15.280001 "" "" 1408.67188 1758.22363 5698.97146 3.4161 2227.9 53.078 6125.7 47.291 "" "" 0.002831139565346988 0.026016876 0.009194643 0.03521152 259.56023353913 -43.29367872381 1519.61719 -4.698999999999999 -7.091999999999999
259.45137329678 -43.34461673521 0.0497 0.0327 25.5133 "" "" 5953539049893428224 1183.44653 0.8106 0.0505 -1.132 -3.435 0.07 0.047 1.044 7147.7 4.2911 16.30073 1.768487 17.144285 15.375798 "" "" 1122.15479 1278.20361 5684.00742 3.1135 1895.4 8.984 5608.4 14.139 "" "" 0.002818774749798929 0.0058539915 0.004666466 0.010520457 259.45137329678 -43.34461673521 1183.44653 -1.132 -3.4350000000000005
259.34956387009 -43.02855580626 0.0523 0.0342 13.4 "" "" 5953640617287066752 1156.75806 0.8396 0.0541 -3.311 -7.57 0.066 0.047 0.973 4828.2 4.2765 16.301006 1.934748 17.163698 15.22895 "" "" 1096.52051 1220.42615 5682.55808 4.0503 1861.8 15.135 6420.6 97.843 "" "" 0.002861933455219283 0.009256719 0.016971607 0.026228325 259.34956387009 -43.02855580626 1156.75806 -3.3109999999999995 -7.57
259.18060003651 -42.8904084593 0.0503 0.0313 19.9559 "" "" 5953689339405541760 1267.16406 0.7518 0.0479 1.211 -6.378 0.069 0.046 1.009 8314.4 4.1521 16.301235 2.07818 17.357315 15.279135 "" "" 1196.58398 1370.99719 5681.36417 2.6389 1557.7 13.512 6130.6 13.993 "" "" 0.002801091665385255 0.009822645 0.004519412 0.014342057 259.18060003651 -42.8904084593 1267.16406 1.2109999999999999 -6.378
259.74655231621 -42.59417949506 0.043 0.0324 21.366 "" "" 5953667280450569600 1151.13733 0.8571 0.048 1.19 -11.752 0.058 0.046 1.014 6098.3 4.5154 16.30402 1.578318 16.928608 15.35029 "" "" 1094.47644 1216.46692 5666.8121 4.4464 2311.9 18.582 5741.7 44.602 "" "" 0.0028840147676238966 0.009161852 0.009242163 0.018404014 259.74655231621 -42.59417949506 1151.13733 1.1899999999999997 -11.751999999999999
