Clusters/NGC_6322/NGC_6322_stars_in_region.tsv
# %ECSV 1.0
# ---
# datatype:
# - name: RA_ICRS_1
#   unit: deg
#   datatype: float64
#   format: '{:15.11f}'
#   description: Right ascension (ICRS) at Ep=2016.0 (ra)
#   meta: !!omap
#   - {ucd: POS_EQ_RA_MAIN}
#   - {width: 15}
#   - {precision: '11'}
# - name: DE_ICRS_1
#   unit: deg
#   datatype: float64
#   format: '{:15.11f}'
#   description: Declination (ICRS) at Ep=2016.0 (dec)
#   meta: !!omap
#   - {ucd: POS_EQ_DEC_MAIN}
#   - {width: 15}
#   - {precision: '11'}
# - name: e_RA_ICRS
#   unit: mas
#   datatype: float64
#   format: '{:7.4f}'
#   description: Standard error of right ascension (ra_error)
#   meta: !!omap
#   - {ucd: ERROR}
#   - {width: 7}
#   - {precision: '4'}
# - name: e_DE_ICRS
#   unit: mas
#   datatype: float64
#   format: '{:7.4f}'
#   description: Standard error of declination (dec_error)
#   meta: !!omap
#   - {ucd: ERROR}
#   - {width: 7}
#   - {precision: '4'}
# - name: _r_1
#   unit: ''
#   datatype: float64
#   format: '{:7.4f}'
#   description: Distance from center (259.62970960000-42.93979502000)[ICRS], at Epoch=J2016.0
#   meta: !!omap
#   - {ucd: POS_ANG_DIST_GENERAL}
#   - {width: 7}
#   - {precision: '4'}
# - name: HIP
#   datatype: int32
#   description: '? HIP cross-id number, van Leeuwen, Cat. I/311 (hip_original_ext_source_id)'
#   meta: !!omap
#   - {ucd: ID_NUMBER}
#   - {width: 6}
#   - values: {'null': -2147483648}
# - name: TYC2
#   datatype: string
#   description: Tycho-2 cross-id name, Hog et al., Cat. I/259 (tyc2_original_ext_source_id)
#   meta: !!omap
#   - {ucd: ID_CROSSID}
#   - {_votable_string_dtype: char}
# - name: Source
#   datatype: int64
#   description: Source identifier, identical to the Gaia-EDR3 source_id (id)
#   meta: !!omap
#   - {ucd: ID_MAIN}
#   - {width: 19}
# - name: rgeo
#   unit: pc
#   datatype: float64
#   format: '{:15.8f}'
#   description: '? Median of the geometric distance posterior (r_med_geo)'
#   meta: !!omap
#   - {ucd: PHYS_DISTANCE_TRUE}
#   - {width: 15}
#   - {precision: '8'}
#   - values: {'null': .nan}
# - name: Plx
#   unit: mas
#   datatype: float64
#   format: '{:9.4f}'
#   description: '? Parallax (parallax)'
#   meta: !!omap
#   - {ucd: POS_PARLX_TRIG}
#   - {width: 9}
#   - {precision: '4'}
#   - values: {'null': .nan}
# - name: e_Plx
#   unit: mas
#   datatype: float32
#   format: '{:7.4f}'
#   description: '? Standard error of parallax (parallax_error)'
#   meta: !!omap
#   - {ucd: ERROR}
#   - {width: 7}
#   - {precision: '4'}
#   - values: {'null': .nan}
# - name: pmRA
#   unit: mas / yr
#   datatype: float64
#   format: '{:9.3f}'
#   description: '? Proper motion in right ascension direction, pmRA*cosDE (pmra)'
#   meta: !!omap
#   - {ucd: POS_EQ_PMRA}
#   - {width: 9}
#   - {precision: '3'}
#   - values: {'null': .nan}
# - name: pmDE
#   unit: mas / yr
#   datatype: float64
#   format: '{:9.3f}'
#   description: '? Proper motion in declination direction (pmdec)'
#   meta: !!omap
#   - {ucd: POS_EQ_PMDEC}
#   - {width: 9}
#   - {precision: '3'}
#   - values: {'null': .nan}
# - name: e_pmRA
#   unit: mas / yr
#   datatype: float32
#   format: '{:6.3f}'
#   description: '? Standard error of proper motion in right ascension direction (pmra_error)'
#   meta: !!omap
#   - {ucd: ERROR}
#   - {width: 6}
#   - {precision: '3'}
#   - values: {'null': .nan}
# - name: e_pmDE
[...]
#         unit: &id001 !astropy.units.Unit {unit: deg}
#         value: !astropy.table.SerializedColumn {name: SkyCoord.dec}
#       distance: !astropy.table.SerializedColumn
#         __class__: astropy.coordinates.distances.Distance
#         unit: !astropy.units.Unit {unit: pc}
#         value: !astropy.table.SerializedColumn {name: SkyCoord.distance}
#       frame: icrs
#       obstime: !astropy.time.Time {format: jyear_str, in_subfmt: '*', jd1: 367701545.0, jd2: 0.0, out_subfmt: '*', precision: 3, scale: tt}
#       pm_dec: !astropy.table.SerializedColumn
#         __class__: astropy.units.quantity.Quantity
#         unit: !astropy.units.Unit {unit: mas / yr}
#         value: !astropy.table.SerializedColumn {name: SkyCoord.pm_dec}
#       pm_ra_cosdec: !astropy.table.SerializedColumn
#         __class__: astropy.units.quantity.Quantity
#         unit: !astropy.units.Unit {unit: mas / yr}
#         value: !astropy.table.SerializedColumn {name: SkyCoord.pm_ra_cosdec}
#       ra: !astropy.table.SerializedColumn
#         __class__: astropy.coordinates.angles.Longitude
#         unit: *id001
#         value: !astropy.table.SerializedColumn {name: SkyCoord.ra}
#         wrap_angle: !astropy.coordinates.Angle
#           unit: *id001
#           value: 360.0
#       representation_type: spherical
# schema: astropy-2.0
RA_ICRS_1 DE_ICRS_1 e_RA_ICRS e_DE_ICRS _r_1 HIP TYC2 Source rgeo Plx e_Plx pmRA pmDE e_pmRA e_pmDE RUWE Teff logg Gmag BP-RP BPmag RPmag RV e_RV b_rgeo B_rgeo FG e_FG FBP e_FBP FRP e_FRP RAVE5 RAVE6 e_Gmag e_BPmag e_RPmag e_BP-RP SkyCoord.ra SkyCoord.dec SkyCoord.distance SkyCoord.pm_ra_cosdec SkyCoord.pm_dec
[from data line 1409]
260.16324528753 -42.72042444598 0.0388 0.0279 26.9147 "" "" 5953472804375080832 1417.04578 0.6891 0.0434 -0.548 0.004 0.05 0.039 1.015 5704.1 4.4605 16.088305 1.381361 16.713184 15.331823 "" "" 1324.71533 1489.51501 6912.33336 3.3344 2819.3 10.181 5840.2 10.637 "" "" 0.0028046559469477182 0.004812238 0.004265468 0.009077705 260.16324528753 -42.72042444598 1417.04578 -0.5479999999999999 0.0039999999999999845
259.6094763547 -43.24363802697 0.051 0.0355 18.2521 "" "" 5953622745904724864 1288.1156 0.7525 0.0556 -0.261 -0.83 0.071 0.05 1.25 7112.5 4.3357 16.08975 1.547668 16.78681 15.239141 "" "" 1211.89282 1390.74609 6903.13384 5.4378 2634.5 9.4129 6360.7 11.948 "" "" 0.002885007698826193 0.0047784676 0.0042945445 0.009073012 259.6094763547 -43.24363802697 1288.1156 -0.261 -0.83
259.61280270362 -42.81162644761 0.0483 0.0291 7.726 "" "" 5953658995429304448 1447.91321 0.6769 0.0587 -0.987 -2.227 0.059 0.044 1.042 "" "" 16.089933 1.406681 16.706654 15.299973 "" "" 1339.12439 1599.79053 6901.97036 4.0685 2836.3 8.7401 6014.1 10.936 "" "" 0.0028286745759818622 0.004356471 0.0042639854 0.008620456 259.61280270362 -42.81162644761 1447.91321 -0.9870000000000001 -2.2269999999999994
259.59668566282 -43.25318614477 0.0452 0.0309 18.859 "" "" 5953623471777547136 1376.57812 0.6993 0.0489 -2.298 -4.705 0.063 0.043 1.036 4872.5 4.275 16.089945 1.57111 16.78254 15.21143 "" "" 1301.76453 1475.27844 6901.90639 4.0934 2644.9 14.048 6525.1 45.37 "" "" 0.0028295647477351773 0.006406264 0.008442479 0.014848743 259.59668566282 -43.25318614477 1376.57812 -2.2979999999999996 -4.704999999999999
259.29483987447 -42.88083016217 0.0411 0.0283 15.1352 "" "" 5953643911498002304 1349.62561 0.7145 0.0485 -1.766 -3.288 0.059 0.041 0.974 9365.2 3.958 16.090105 2.356361 17.345556 14.989195 "" "" 1250.99023 1461.96619 6900.87839 4.7125 1574.7 9.6789 8007.2 15.598 "" "" 0.002853333273279768 0.0072332853 0.004330935 0.01156422 259.29483987447 -42.88083016217 1349.62561 -1.766 -3.2879999999999994
259.48721684145 -42.66021864017 0.0476 0.0309 17.9092 "" "" 5953672704958994432 1106.08862 0.874 0.0586 -6.354 -11.483 0.064 0.045 1.072 4783.4 4.3418 16.091051 1.532853 16.802391 15.269538 "" "" 1037.79651 1179.52661 6894.87107 3.5965 2596.9 11.929 6185.0 10.506 "" "" 0.002812922294225165 0.005714813 0.004205356 0.009920169 259.48721684145 -42.66021864017 1106.08862 -6.354000000000001 -11.483
259.20909731062 -43.32376375807 0.0395 0.0282 29.4949 "" "" 5953537847302732800 1437.5603 0.665 0.043 -1.908 -2.806 0.057 0.042 1.062 6934.0 3.9817 16.092775 1.712658 16.878237 15.165579 "" "" 1352.38367 1520.33765 6883.93424 3.2263 2421.7 16.548 6806.5 34.293 "" "" 0.0028019137716412306 0.00792639 0.0066488488 0.014575238 259.20909731062 -43.32376375807 1437.5603 -1.908 -2.806
259.57161272536 -42.90861643819 0.0533 0.0333 3.1646 "" "" 5953645079735132928 1572.4751 0.6428 0.0703 -0.842 -2.514 0.061 0.049 0.944 7102.8 4.3205 16.093145 1.75524 16.937012 15.181771 "" "" 1408.64783 1727.48401 6881.58933 3.4389 2294.1 9.8832 6705.8 14.691 "" "" 0.0028082326589683095 0.005446432 0.004465597 0.009912029 259.57161272536 -42.90861643819 1572.4751 -0.8420000000000001 -2.514
259.06365249243 -43.02527487189 0.0419 0.0295 25.3701 "" "" 5953594948870929920 1243.93872 0.7759 0.0465 1.94 -4.091 0.059 0.045 0.998 7661.5 4.384 16.093767 1.692759 16.895868 15.203109 "" "" 1182.68115 1331.93384 6877.64553 3.5428 2382.7 8.373 6575.3 17.201 "" "" 0.002811509591101467 0.004726738 0.0047276807 0.009454419 259.06365249243 -43.02527487189 1243.93872 1.9400000000000002 -4.091
259.68952258355 -43.41834316608 0.0442 0.0298 28.8319 "" "" 5953524786286392704 1174.46069 0.8262 0.0473 1.846 -2.976 0.065 0.045 0.912 5493.3 4.5498 16.093773 1.420875 16.73236 15.311486 "" "" 1118.45349 1240.55322 6877.60891 3.1187 2770.0 10.644 5950.6 13.489 "" "" 0.0027989610261497113 0.005019068 0.0045101144 0.009529183 259.68952258355 -43.41834316608 1174.46069 1.846 -2.976
259.38491387342 -42.52736770074 0.0398 0.0282 26.9951 "" "" 5953678580474498560 1109.86951 0.8901 0.0468 1.299 -4.533 0.052 0.039 0.983 6658.1 4.2994 16.09466 1.600213 16.842047 15.241834 "" "" 1051.97668 1165.3623 6871.99376 2.9239 2503.8 13.49 6344.9 10.073 "" "" 0.0027937781109950042 0.006481089 0.004153893 0.010634982 259.38491387342 -42.52736770074 1109.86951 1.299 -4.5329999999999995
259.63255957993 -42.92908411466 0.0539 0.0331 0.6547 "" "" 5953634535587273600 1148.86682 0.8847 0.0657 -0.007 -2.023 0.064 0.049 1.142 5275.4 3.8038 16.096458 1.968502 17.008501 15.039999 "" "" 1056.64307 1239.92908 6860.62458 12.041 2147.9 16.726 7641.1 56.495 "" "" 0.003350068340552717 0.008903279 0.008872651 0.01777593 259.63255957993 -42.92908411466 1148.86682 -0.007000000000000006 -2.023
259.84892993013 -42.62526701463 0.0428 0.0299 21.1975 "" "" 5953665528103844992 1401.15173 0.6861 0.0445 -3.374 -6.919 0.056 0.045 0.931 6352.3 4.1995 16.097141 1.509333 16.784866 15.275534 "" "" 1309.64246 1497.22754 6856.30087 3.1458 2639.2 9.5894 6151.0 13.134 "" "" 0.0027999908987187375 0.0048319576 0.004433778 0.009265736 259.84892993013 -42.62526701463 1401.15173 -3.374 -6.919
259.21805419876 -43.32071082416 0.0386 0.0274 29.1078 "" "" 5953537847302731520 1082.37866 0.8919 0.042 9.973 -1.571 0.056 0.04 0.983 5453.8 4.4988 16.097555 1.516683 16.799389 15.282706 "" "" 1041.1051 1134.96558 6853.69151 2.986 2604.1 7.7419 6110.5 10.223 "" "" 0.0027956301051165634 0.0042666267 0.0041932394 0.008459866 259.21805419876 -43.32071082416 1082.37866 9.973 -1.5709999999999997
259.88250259262 -42.49727088007 0.0404 0.0284 28.7951 "" "" 5959671198045884544 1115.07153 0.8718 0.0446 -0.11 -0.984 0.058 0.044 0.98 4786.7 4.2833 16.097717 1.675951 16.896935 15.220984 "" "" 1072.14563 1167.73999 6852.67005 22.741 2380.4 29.034 6467.9 64.246 "" "" 0.004535855175247539 0.013533586 0.011427728 0.024961315 259.88250259262 -42.49727088007 1115.07153 -0.11000000000000001 -0.9840000000000002
259.63670762899 -43.20807932872 0.0428 0.0291 16.1 "" "" 5953623226941097344 1506.71167 0.6431 0.047 -2.156 -5.358 0.062 0.042 0.946 7860.5 4.1225 16.098074 1.711653 16.913713 15.202061 "" "" 1423.54089 1620.03345 6850.42107 3.2504 2343.9 9.7246 6581.6 13.358 "" "" 0.002803066413797398 0.00529873 0.0043748845 0.009673614 259.63670762899 -43.20807932872 1506.71167 -2.156 -5.3580000000000005
259.66171799624 -43.26897828129 0.044 0.03 19.8007 "" "" 5953622578424335488 1304.328 0.7421 0.0493 -3.183 -6.621 0.06 0.042 0.995 5599.1 4.3854 16.09813 1.603555 16.836926 15.233371 "" "" 1205.19543 1422.1438 6850.07356 3.0943 2515.6 11.469 6394.5 15.547 "" "" 0.0027986294861068444 0.005682244 0.004609995 0.0102922395 259.66171799624 -43.26897828129 1304.328 -3.183 -6.621
259.84607517409 -43.35938579346 0.0456 0.0292 26.8981 "" "" 5953618146018894848 1213.37292 0.7885 0.0512 -0.451 -2.675 0.063 0.044 0.999 5479.7 4.4194 16.09892 1.393734 16.730162 15.336428 "" "" 1144.4541 1290.80371 6845.07968 3.3063 2775.6 10.944 5815.5 12.805 "" "" 0.002804784640056533 0.0051099765 0.004472019 0.009581996 259.84607517409 -43.35938579346 1213.37292 -0.45100000000000007 -2.6749999999999994
259.97817641054 -43.05384172599 0.0631 0.0409 16.7531 "" "" 5953441743164903808 1304.55066 0.7522 0.0697 -1.692 -13.042 0.079 0.064 1.313 5978.5 4.2949 16.099005 1.45646 16.742508 15.286048 "" "" 1195.13196 1429.48596 6844.55479 4.7237 2744.2 10.688 6091.7 14.748 "" "" 0.002855390449304514 0.005066241 0.004603595 0.009669837 259.97817641054 -43.05384172599 1304.55066 -1.692 -13.042
260.17207015578 -43.22711994156 0.0515 0.0321 29.361 "" "" 5953435901971289344 1346.25232 0.7178 0.0587 -1.236 -3.734 0.064 0.05 1.122 4959.5 4.3312 16.102795 1.432423 16.733633 15.30121 "" "" 1242.47363 1505.60217 6820.6975 3.8551 2766.7 8.2955 6007.2 15.833 "" "" 0.002822830806888683 0.004287505 0.004740541 0.009028045 260.17207015578 -43.22711994156 1346.25232 -1.2360000000000002 -3.7339999999999995
259.68767760457 -42.89236864969 0.0811 0.0509 3.8191 "" "" 5953634295095704704 1291.62476 0.7926 0.1147 -1.32 -2.667 0.081 0.073 0.99 "" "" 16.110025 1.412826 16.607883 15.195058 "" "" 1117.89465 1548.28259 6775.42512 7.5792 3106.4 117.34 6624.2 102.42 "" "" 0.003011128036406535 0.041106995 0.017207276 0.05831427 259.68767760457 -42.89236864969 1291.62476 -1.3199999999999998 -2.667
259.79269294253 -42.89516946703 0.1082 0.0616 7.6457 "" "" 5953654666102156544 1551.08484 0.7053 0.1252 -1.407 -2.391 0.133 0.097 1.661 "" "" 16.111923 1.719124 16.65754 14.938416 "" "" 1280.29517 1969.38013 6763.59428 8.7726 2967.6 49.909 8390.6 96.528 "" "" 0.0030943358948506785 0.018471818 0.013049895 0.031521715 259.79269294253 -42.89516946703 1551.08484 -1.4069999999999996 -2.391
259.54413444549 -42.55453564061 0.0794 0.0486 23.4211 "" "" 5953674766549493888 1389.81079 0.751 0.0942 -1.497 -1.398 0.094 0.069 1.76 8685.7 4.3006 16.111994 1.553968 16.775118 15.221149 "" "" 1228.31018 1562.20703 6763.15756 6.4479 2663.0 11.345 6466.9 10.19 "" "" 0.002943344117288233 0.0054018693 0.0041485666 0.0095504355 259.54413444549 -42.55453564061 1389.81079 -1.497 -1.398
259.15048790068 -42.67456786375 0.0422 0.0276 26.424 "" "" 5953698891413441664 1475.65479 0.6664 0.0491 0.884 -4.455 0.062 0.045 1.003 7495.3 4.1769 16.112175 1.644652 16.886536 15.241883 "" "" 1365.99524 1570.22827 6762.02979 3.1093 2403.3 6.8792 6344.6 9.7236 "" "" 0.0028001840125532643 0.004176544 0.0041294727 0.008306017 259.15048790068 -42.67456786375 1475.65479 0.8839999999999998 -4.455
259.62433567733 -43.25582630454 0.0437 0.0301 18.9633 "" "" 5953622677185238528 1115.62292 0.8646 0.0467 0.719 -1.418 0.061 0.042 0.983 4696.2 4.4392 16.11892 1.552373 16.827047 15.274674 "" "" 1066.15662 1186.91895 6720.15438 3.233 2538.6 10.297 6155.9 27.094 "" "" 0.0028043939279870866 0.005213413 0.0060925605 0.011305973 259.62433567733 -43.25582630454 1115.62292 0.719 -1.4179999999999997
258.98731389565 -42.95541461966 0.0434 0.0296 28.2286 "" "" 5953598389167283072 1102.02905 0.8834 0.0473 -5.534 -12.276 0.06 0.043 1.082 7492.3 4.124 16.119717 1.938895 17.074907 15.136012 "" "" 1051.98645 1152.97571 6715.21612 3.5012 2020.5 7.4945 6994.4 32.692 "" "" 0.0028128705999644035 0.0048993626 0.0063274717 0.011226835 258.98731389565 -42.95541461966 1102.02905 -5.533999999999999 -12.275999999999998
259.69597247589 -43.0882034318 0.2916 0.1996 9.367 "" "" 5953631237051170816 1279.15344 1.2185 0.3544 -3.317 -3.609 0.434 0.318 2.653 "" "" 16.120165 2.704305 17.333162 14.628858 "" "" 792.393616 2000.51672 6712.44723 10.87 1592.8 10.357 11159.0 50.769 "" "" 0.0032685047822976097 0.0075912373 0.0062196488 0.013810886 259.69597247589 -43.0882034318 1279.15344 -3.3170000000000006 -3.609
259.77225080389 -42.58737695009 0.0434 0.0301 22.0576 "" "" 5953667344845981952 1562.77283 0.6148 0.0467 3.041 -0.383 0.057 0.044 1.009 5800.4 4.3632 16.120722 1.47566 16.793983 15.318323 "" "" 1469.83325 1676.72571 6709.00332 3.5339 2617.1 8.1199 5913.3 12.545 "" "" 0.0028140468560963125 0.004374104 0.0044259774 0.008800082 259.77225080389 -42.58737695009 1562.77283 3.041 -0.383
259.91814380099 -42.76378072836 0.0473 0.0306 16.5076 "" "" 5953662263928614912 1558.38635 0.6191 0.051 -0.49 -3.253 0.058 0.045 1.074 6848.5 4.3262 16.121729 1.399154 16.754074 15.35492 "" "" 1446.62488 1698.49268 6702.78481 2.9412 2715.1 11.563 5717.3 9.9841 "" "" 0.002796206213531086 0.005400514 0.00422831 0.009628825 259.91814380099 -42.76378072836 1558.38635 -0.49 -3.253
259.62282161894 -43.36335348736 0.047 0.0327 25.4153 "" "" 5953527913022630528 1314.20862 0.7328 0.0527 -3.192 -9.694 0.066 0.046 1.106 5165.4 4.1692 16.123613 1.898683 17.060265 15.161582 "" "" 1229.71509 1398.43115 6691.162 4.405 2047.9 7.9318 6831.6 12.087 "" "" 0.0028465226445362874 0.0050466633 0.004239558 0.009286221 259.62282161894 -43.36335348736 1314.20862 -3.1920000000000006 -9.694
259.94078366067 -42.67625122905 0.0447 0.0322 20.9173 "" "" 5953664424268128384 1344.61499 0.7285 0.0488 2.185 -1.663 0.057 0.05 1.038 7207.1 4.3428 16.124903 1.358053 16.72198 15.363926 "" "" 1259.37854 1472.36804 6683.22103 3.155 2796.6 9.0194 5670.1 11.683 "" "" 0.0028025878824030465 0.004477336 0.0043918565 0.008869193 259.94078366067 -42.67625122905 1344.61499 2.1850000000000005 -1.6630000000000003
259.15187336403 -42.71352003749 0.0446 0.0284 25.0291 "" "" 5953698376017332224 1175.67737 0.8332 0.0505 1.202 -7.691 0.059 0.044 1.042 7028.1 4.3088 16.12704 1.664517 16.902172 15.237655 "" "" 1111.18713 1249.28687 6670.06823 3.0246 2368.9 10.902 6369.4 19.307 "" "" 0.0027989613390364595 0.0057229465 0.005011491 0.010734437 259.15187336403 -42.71352003749 1175.67737 1.2020000000000004 -7.691
259.63401961283 -43.0749467142 0.0413 0.0293 8.1113 "" "" 5953626353677458560 1294.36914 0.7471 0.0543 0.12 1.45 0.06 0.045 0.965 4838.9 4.3028 16.127642 1.590153 16.87315 15.282997 "" "" 1205.59485 1395.8313 6666.37897 3.1307 2433.1 9.8625 6108.8 9.0995 "" "" 0.002802102132251528 0.0052109356 0.0041108793 0.009321814 259.63401961283 -43.0749467142 1294.36914 0.11999999999999997 1.4500000000000002
259.48692028846 -42.66174828469 0.0481 0.0307 17.8278 "" "" 5953672709289998720 1222.58423 0.7976 0.0574 -2.563 -3.769 0.065 0.044 1.029 5951.8 4.4973 16.128345 1.498703 16.798094 15.299391 "" "" 1156.24268 1300.06567 6662.06519 3.6424 2607.2 11.473 6017.3 14.433 "" "" 0.0028185395604901136 0.0055328393 0.0045897425 0.010122582 259.48692028846 -42.66174828469 1222.58423 -2.5629999999999997 -3.769
259.84635093243 -42.65281263522 0.0425 0.029 19.6841 "" "" 5953664011951291648 1478.20496 0.6491 0.0449 -1.451 0.507 0.055 0.042 1.039 7193.5 4.3402 16.128689 1.378913 16.738726 15.359813 "" "" 1392.43042 1574.38721 6659.95097 2.8624 2753.8 8.8956 5691.6 12.791 "" "" 0.0027945561244236807 0.004481727 0.0044986056 0.008980332 259.84635093243 -42.65281263522 1478.20496 -1.451 0.5069999999999999
259.48036279225 -43.21889276082 0.0382 0.0271 17.9795 "" "" 5953541656918078848 1330.04895 0.7372 0.0433 -2.312 -4.152 0.057 0.04 0.992 6884.1 4.3311 16.130867 1.564206 16.838573 15.274367 "" "" 1260.8988 1414.04077 6646.60208 3.4226 2511.8 10.516 6157.6 10.892 "" "" 0.0028114710850836405 0.00533361 0.0042393575 0.009572968 259.48036279225 -43.21889276082 1330.04895 -2.3120000000000003 -4.151999999999999
259.97500946994 -42.70408506609 0.0459 0.0313 20.7589 "" "" 5953664153714231424 1378.96875 0.6989 0.0483 6.457 -6.711 0.061 0.048 0.95 6866.6 4.3335 16.13371 1.416321 16.771389 15.355068 "" "" 1305.6156 1490.3761 6629.22343 2.8935 2672.2 7.4479 5716.5 8.6353 "" "" 0.0027957769947278637 0.0041161366 0.004119911 0.008236048 259.97500946994 -42.70408506609 1378.96875 6.456999999999999 -6.710999999999999
259.49051248636 -42.63457985409 0.0453 0.0307 19.3114 "" "" 5953672846728977408 1219.13293 0.8007 0.0529 -4.894 3.322 0.06 0.044 1.086 4952.6 4.3245 16.13395 1.527002 16.834982 15.30798 "" "" 1152.83813 1297.71265 6627.75895 3.1077 2520.1 11.493 5969.9 11.472 "" "" 0.0028019572772401947 0.005683551 0.0043170326 0.010000584 259.49051248636 -42.63457985409 1219.13293 -4.894 3.322
259.32226111205 -43.36752518608 0.0408 0.0282 28.9781 "" "" 5953534205170370176 1562.19592 0.6133 0.0426 -2.633 -3.823 0.059 0.043 0.93 5039.7 3.5247 16.136564 2.050442 17.183846 15.133404 "" "" 1446.69714 1686.75476 6611.81471 3.0393 1827.6 5.8563 7011.3 9.2786 "" "" 0.002800156837047019 0.004459726 0.004043295 0.008503022 259.32226111205 -43.36752518608 1562.19592 -2.633 -3.8229999999999995
