Clusters/NGC_6322/NGC_6322_stars_in_region.tsv
# %ECSV 1.0
# ---
# datatype:
# - name: RA_ICRS_1
#   unit: deg
#   datatype: float64
#   format: '{:15.11f}'
#   description: Right ascension (ICRS) at Ep=2016.0 (ra)
#   meta: !!omap
#   - {ucd: POS_EQ_RA_MAIN}
#   - {width: 15}
#   - {precision: '11'}
# - name: DE_ICRS_1
#   unit: deg
#   datatype: float64
#   format: '{:15.11f}'
#   description: Declination (ICRS) at Ep=2016.0 (dec)
#   meta: !!omap
#   - {ucd: POS_EQ_DEC_MAIN}
#   - {width: 15}
#   - {precision: '11'}
# - name: e_RA_ICRS
#   unit: mas
#   datatype: float64
#   format: '{:7.4f}'
#   description: Standard error of right ascension (ra_error)
#   meta: !!omap
#   - {ucd: ERROR}
#   - {width: 7}
#   - {precision: '4'}
# - name: e_DE_ICRS
#   unit: mas
#   datatype: float64
#   format: '{:7.4f}'
#   description: Standard error of declination (dec_error)
#   meta: !!omap
#   - {ucd: ERROR}
#   - {width: 7}
#   - {precision: '4'}
# - name: _r_1
#   unit: ''
#   datatype: float64
#   format: '{:7.4f}'
#   description: Distance from center (259.62970960000-42.93979502000)[ICRS], at Epoch=J2016.0
#   meta: !!omap
#   - {ucd: POS_ANG_DIST_GENERAL}
#   - {width: 7}
#   - {precision: '4'}
# - name: HIP
#   datatype: int32
#   description: '? HIP cross-id number, van Leeuwen, Cat. I/311 (hip_original_ext_source_id)'
#   meta: !!omap
#   - {ucd: ID_NUMBER}
#   - {width: 6}
#   - values: {'null': -2147483648}
# - name: TYC2
#   datatype: string
#   description: Tycho-2 cross-id name, Hog et al., Cat. I/259 (tyc2_original_ext_source_id)
#   meta: !!omap
#   - {ucd: ID_CROSSID}
#   - {_votable_string_dtype: char}
# - name: Source
#   datatype: int64
#   description: Source identifier, identical to the Gaia-EDR3 source_id (id)
#   meta: !!omap
#   - {ucd: ID_MAIN}
#   - {width: 19}
# - name: rgeo
#   unit: pc
#   datatype: float64
#   format: '{:15.8f}'
#   description: '? Median of the geometric distance posterior (r_med_geo)'
#   meta: !!omap
#   - {ucd: PHYS_DISTANCE_TRUE}
#   - {width: 15}
#   - {precision: '8'}
#   - values: {'null': .nan}
# - name: Plx
#   unit: mas
#   datatype: float64
#   format: '{:9.4f}'
#   description: '? Parallax (parallax)'
#   meta: !!omap
#   - {ucd: POS_PARLX_TRIG}
#   - {width: 9}
#   - {precision: '4'}
#   - values: {'null': .nan}
# - name: e_Plx
#   unit: mas
#   datatype: float32
#   format: '{:7.4f}'
#   description: '? Standard error of parallax (parallax_error)'
#   meta: !!omap
#   - {ucd: ERROR}
#   - {width: 7}
#   - {precision: '4'}
#   - values: {'null': .nan}
# - name: pmRA
#   unit: mas / yr
#   datatype: float64
#   format: '{:9.3f}'
#   description: '? Proper motion in right ascension direction, pmRA*cosDE (pmra)'
#   meta: !!omap
#   - {ucd: POS_EQ_PMRA}
#   - {width: 9}
#   - {precision: '3'}
#   - values: {'null': .nan}
# - name: pmDE
#   unit: mas / yr
#   datatype: float64
#   format: '{:9.3f}'
#   description: '? Proper motion in declination direction (pmdec)'
#   meta: !!omap
#   - {ucd: POS_EQ_PMDEC}
#   - {width: 9}
#   - {precision: '3'}
#   - values: {'null': .nan}
# - name: e_pmRA
#   unit: mas / yr
#   datatype: float32
#   format: '{:6.3f}'
#   description: '? Standard error of proper motion in right ascension direction (pmra_error)'
#   meta: !!omap
#   - {ucd: ERROR}
#   - {width: 6}
#   - {precision: '3'}
#   - values: {'null': .nan}
# - name: e_pmDE
[...]
#         unit: &id001 !astropy.units.Unit {unit: deg}
#         value: !astropy.table.SerializedColumn {name: SkyCoord.dec}
#       distance: !astropy.table.SerializedColumn
#         __class__: astropy.coordinates.distances.Distance
#         unit: !astropy.units.Unit {unit: pc}
#         value: !astropy.table.SerializedColumn {name: SkyCoord.distance}
#       frame: icrs
#       obstime: !astropy.time.Time {format: jyear_str, in_subfmt: '*', jd1: 367701545.0, jd2: 0.0, out_subfmt: '*', precision: 3, scale: tt}
#       pm_dec: !astropy.table.SerializedColumn
#         __class__: astropy.units.quantity.Quantity
#         unit: !astropy.units.Unit {unit: mas / yr}
#         value: !astropy.table.SerializedColumn {name: SkyCoord.pm_dec}
#       pm_ra_cosdec: !astropy.table.SerializedColumn
#         __class__: astropy.units.quantity.Quantity
#         unit: !astropy.units.Unit {unit: mas / yr}
#         value: !astropy.table.SerializedColumn {name: SkyCoord.pm_ra_cosdec}
#       ra: !astropy.table.SerializedColumn
#         __class__: astropy.coordinates.angles.Longitude
#         unit: *id001
#         value: !astropy.table.SerializedColumn {name: SkyCoord.ra}
#         wrap_angle: !astropy.coordinates.Angle
#           unit: *id001
#           value: 360.0
#       representation_type: spherical
# schema: astropy-2.0
RA_ICRS_1 DE_ICRS_1 e_RA_ICRS e_DE_ICRS _r_1 HIP TYC2 Source rgeo Plx e_Plx pmRA pmDE e_pmRA e_pmDE RUWE Teff logg Gmag BP-RP BPmag RPmag RV e_RV b_rgeo B_rgeo FG e_FG FBP e_FBP FRP e_FRP RAVE5 RAVE6 e_Gmag e_BPmag e_RPmag e_BP-RP SkyCoord.ra SkyCoord.dec SkyCoord.distance SkyCoord.pm_ra_cosdec SkyCoord.pm_dec
[from data line 922]
260.06778524734 -42.61958588418 0.0379 0.0262 27.2269 "" "" 5959481807214676480 1234.12793 0.7786 0.0406 -0.479 -4.44 0.05 0.037 1.151 "" "" 15.502714 1.372313 16.105011 14.732698 "" "" 1166.71533 1301.62854 11853.89272 4.6437 4936.4 9.727 10141.0 12.097 "" "" 0.0027879555617415864 0.0035159776 0.003995141 0.0075111184 260.06778524734 -42.61958588418 1234.12793 -0.4790000000000001 -4.44
260.11442239508 -42.90223784272 0.0295 0.0211 21.416 "" "" 5953472834367532544 1458.3811 0.6439 0.0317 -0.605 -0.74 0.042 0.033 0.98 6646.3 4.3059 15.503054 1.203511 16.021706 14.818194 "" "" 1391.46521 1524.05469 11850.19363 3.7944 5330.1 10.352 9373.0 8.9104 "" "" 0.002777165779880575 0.0034973747 0.0039177877 0.0074151624 260.11442239508 -42.90223784272 1458.3811 -0.605 -0.74
259.40673872824 -43.19366631804 0.0301 0.0205 18.0982 "" "" 5953542726385988864 1150.80762 0.8306 0.0325 0.586 -7.777 0.042 0.03 0.976 "" "" 15.507236 1.70003 16.312536 14.612506 "" "" 1109.94312 1191.26733 11804.62601 4.0306 4077.6 28.219 11328.0 28.187 "" "" 0.0027801474854352946 0.008015152 0.004645679 0.012660831 259.40673872824 -43.19366631804 1150.80762 0.5859999999999995 -7.777000000000001
260.14632341826 -43.14172974404 0.0344 0.0221 25.691 "" "" 5953460739738405632 1564.05591 0.6043 0.0372 -0.8 -2.211 0.048 0.034 0.991 6739.7 4.111 15.51144 1.27146 16.066858 14.795399 "" "" 1468.48962 1662.16418 11759.00864 3.9087 5113.0 11.218 9571.9 17.58 "" "" 0.002778855454974624 0.0036687262 0.004273187 0.007941913 260.14632341826 -43.14172974404 1564.05591 -0.8 -2.2110000000000003
260.16149579944 -43.10381352571 0.0346 0.0236 25.318 "" "" 5953460911537933952 1542.66663 0.6177 0.0385 -2.363 -4.864 0.046 0.035 0.934 6822.8 3.6768 15.514926 1.291995 16.07741 14.785415 "" "" 1430.67297 1677.2998 11721.31062 4.1856 5063.5 10.17 9660.3 12.24 "" "" 0.0027824643087595315 0.0035412523 0.004021965 0.0075632175 260.16149579944 -43.10381352571 1542.66663 -2.3629999999999995 -4.864
259.29232604209 -42.65292344683 0.0339 0.0224 22.7353 "" "" 5953652982469183360 1288.69653 0.7441 0.0452 -1.419 0.672 0.045 0.032 0.945 7181.6 4.3379 15.515208 1.533379 16.217142 14.683763 "" "" 1223.17407 1375.79468 11718.27244 4.219 4452.0 9.2609 10608.0 10.239 "" "" 0.0027829113228029106 0.0035896967 0.0039219847 0.0075116814 259.29232604209 -42.65292344683 1288.69653 -1.4190000000000003 0.6720000000000002
259.86945029037 -42.77943546938 0.0354 0.0224 14.2742 "" "" 5953657144326303488 1325.19666 0.7191 0.0395 -10.395 -2.479 0.042 0.032 0.96 "" "" 15.516021 1.781897 16.379324 14.597426 "" "" 1263.02295 1400.7052 11709.50437 3.8675 3834.3 8.8307 11487.0 14.673 "" "" 0.002778558407633722 0.0037466965 0.0040258095 0.007772506 259.86945029037 -42.77943546938 1325.19666 -10.395000000000001 -2.4790000000000005
259.69704471408 -42.72434639468 0.0329 0.0221 13.2621 "" "" 5953660992617167232 1198.55579 0.7985 0.0368 -4.894 3.844 0.042 0.033 1.024 5251.7 3.6672 15.516295 1.614991 16.273058 14.658067 "" "" 1153.5105 1246.27466 11706.55366 3.6174 4228.6 11.245 10863.0 13.744 "" "" 0.0027756709577706398 0.004015142 0.004021286 0.008036428 259.69704471408 -42.72434639468 1198.55579 -4.894 3.8440000000000003
259.81522613543 -42.95391416573 0.0362 0.0222 8.1917 "" "" 5953630854803381120 1550.36462 0.6159 0.0436 0.382 -4.845 0.045 0.033 1.018 5330.9 4.1766 15.519467 1.483283 16.190727 14.707444 "" "" 1445.11719 1664.31177 11672.38882 8.0808 4561.7 16.894 10380.0 27.826 "" "" 0.0028560069315467724 0.0048942 0.0047702338 0.009664433 259.81522613543 -42.95391416573 1550.36462 0.382 -4.845
259.29373524413 -42.6051037145 0.0331 0.0218 24.9445 "" "" 5953676587609532032 1068.22241 0.8947 0.0424 2.235 -3.067 0.044 0.032 0.927 6700.3 4.2313 15.52007 1.455999 16.180037 14.724037 "" "" 1025.01208 1117.23047 11665.9146 10.077 4606.8 16.498 10222.0 27.315 "" "" 0.0029105610557107 0.0047857785 0.0047645727 0.009550352 259.29373524413 -42.6051037145 1068.22241 2.2350000000000003 -3.067
260.01055552708 -42.71940406918 0.0309 0.0216 21.3471 "" "" 5953476412147688192 1095.65576 0.8689 0.0354 -1.292 -3.627 0.046 0.034 0.904 5628.1 4.3655 15.521547 1.419327 16.165218 14.745892 "" "" 1057.09302 1135.64453 11650.05575 9.3205 4670.1 15.526 10018.0 18.589 "" "" 0.002888998078033618 0.004562256 0.0042828186 0.008845074 260.01055552708 -42.71940406918 1095.65576 -1.292 -3.627
259.59008013251 -42.46834304325 0.0289 0.0212 28.341 "" "" 5953680607715731200 1112.7533 0.8604 0.0328 -2.017 -7.036 0.039 0.031 1.057 6315.6 3.9987 15.521913 1.786584 16.381367 14.594783 "" "" 1069.91492 1168.23206 11646.12984 3.967 3827.1 9.1937 11515.0 23.065 "" "" 0.0027800297427998722 0.0038194081 0.0043604313 0.00817984 259.59008013251 -42.46834304325 1112.7533 -2.0169999999999995 -7.035999999999999
259.44870325171 -43.01602613657 0.0359 0.0234 9.1681 "" "" 5953638998055369984 1136.74023 0.8528 0.0405 -5.114 -2.516 0.048 0.034 0.978 6564.5 4.1863 15.522001 1.481801 16.199781 14.71798 "" "" 1089.92065 1186.27966 11645.18578 4.1679 4523.8 10.524 10279.0 13.047 "" "" 0.002782587658179103 0.003763615 0.0040227994 0.0077864146 259.44870325171 -43.01602613657 1136.74023 -5.114 -2.516
259.77583951061 -43.1273662216 0.0413 0.0257 12.9511 "" "" 5953627968585088000 1400.51135 0.6776 0.0457 1.088 -4.141 0.066 0.04 1.214 5864.6 4.1673 15.522014 1.46277 16.141796 14.679027 "" "" 1308.37085 1507.15125 11645.04741 5.4222 4772.0 7.8853 10655.0 22.315 "" "" 0.0028013146376099666 0.0033171938 0.0044106985 0.007727892 259.77583951061 -43.1273662216 1400.51135 1.088 -4.141
259.78658218896 -43.05020692859 0.0331 0.0216 9.5541 "" "" 5953628655779969920 1564.2865 0.6056 0.0398 -3.496 -5.909 0.044 0.032 0.927 5342.5 3.6871 15.523701 1.513978 16.200907 14.686929 "" "" 1469.18799 1666.81653 11626.97073 4.2286 4519.1 22.542 10578.0 61.626 "" "" 0.002783471190375655 0.006092309 0.0073684333 0.013460742 259.78658218896 -43.05020692859 1564.2865 -3.496 -5.909
259.79141077655 -43.0647767897 0.0404 0.0258 10.3237 "" "" 5953628625738550528 1241.14856 0.7785 0.0469 -2.844 -4.852 0.054 0.037 1.141 4951.7 4.1821 15.528216 1.564596 16.259478 14.694881 "" "" 1169.93286 1324.00049 11578.70901 4.3121 4281.8 14.431 10500.0 14.932 "" "" 0.0027848312261042675 0.0046016625 0.0040826127 0.008684276 259.79141077655 -43.0647767897 1241.14856 -2.8440000000000003 -4.851999999999999
259.77018227602 -42.49020331808 0.0321 0.0223 27.6772 "" "" 5953669582553088768 1277.13232 0.7366 0.0358 2.011 -1.088 0.046 0.036 1.048 7178.9 4.029 15.52874 1.437374 16.177238 14.739864 "" "" 1229.90063 1324.72192 11573.1253 3.6883 4618.7 12.739 10074.0 8.25 "" "" 0.0027769620997488724 0.004093009 0.003882566 0.007975575 259.77018227602 -42.49020331808 1277.13232 2.0109999999999997 -1.088
259.31638234968 -42.64244122789 0.0327 0.0218 22.5529 "" "" 5953653051188678528 1515.70422 0.6257 0.0424 -2.866 -5.184 0.043 0.032 0.943 6728.5 4.1184 15.530602 1.527422 16.233217 14.705795 "" "" 1429.13538 1614.50012 11553.29017 4.1662 4386.6 9.1182 10395.0 11.43 "" "" 0.0027829985087544575 0.0035886604 0.0039634556 0.007552116 259.31638234968 -42.64244122789 1515.70422 -2.8660000000000005 -5.184000000000001
259.5951206442 -43.11153348958 0.0295 0.021 10.4154 "" "" 5953625876960366976 1558.20288 0.6044 0.0358 -0.216 -1.811 0.043 0.033 0.973 7918.7 3.7061 15.531095 1.726913 16.347006 14.620092 "" "" 1482.33203 1637.06116 11548.06206 7.5364 3950.2 12.068 11249.0 28.66 "" "" 0.0028449696738297534 0.00433443 0.004683556 0.009017986 259.5951206442 -43.11153348958 1558.20288 -0.21600000000000003 -1.811
259.00104244087 -42.82778957601 0.0306 0.0217 28.444 "" "" 5953693187696286720 1242.31274 0.7711 0.0332 -1.422 -5.582 0.042 0.029 1.061 7999.5 4.0785 15.535283 1.813408 16.41541 14.602001 "" "" 1184.56067 1310.67639 11503.59793 3.9491 3709.0 10.993 11438.0 13.179 "" "" 0.0027804160597693466 0.004259162 0.0039810454 0.008240208 259.00104244087 -42.82778957601 1242.31274 -1.4219999999999995 -5.581999999999999
259.64255347369 -42.56072677694 0.0315 0.0215 22.7511 "" "" 5953679718677626752 1135.36975 0.8401 0.0353 -1.987 -7.118 0.043 0.033 0.88 6637.8 3.9756 15.535692 1.566812 16.257778 14.690966 "" "" 1094.54053 1188.64526 11499.25885 3.8524 4288.5 13.571 10538.0 11.565 "" "" 0.0027792252538923865 0.004426051 0.0039627664 0.008388817 259.64255347369 -42.56072677694 1135.36975 -1.987 -7.118
260.08572305709 -42.8626475666 0.0291 0.021 20.5701 "" "" 5953472941813939328 1502.8728 0.629 0.032 -0.913 -2.63 0.041 0.033 0.9 7182.6 4.262 15.537168 1.285254 16.098093 14.812839 "" "" 1439.18445 1579.34143 11483.64523 3.7187 4968.0 13.967 9419.4 12.433 "" "" 0.0027776616890034154 0.0041355025 0.0040419684 0.00817747 260.08572305709 -42.8626475666 1502.8728 -0.9130000000000003 -2.63
260.20774451322 -42.78315599054 0.0335 0.0229 27.1036 "" "" 5953472357698381824 1465.43579 0.6423 0.0346 3.616 -6.931 0.047 0.035 1.03 5123.1 3.742 15.537288 1.744674 16.377008 14.632335 "" "" 1393.22717 1532.59839 11482.37725 4.0411 3842.5 11.752 11123.0 17.497 "" "" 0.002781690122814078 0.004337248 0.004147372 0.008484621 260.20774451322 -42.78315599054 1465.43579 3.615999999999999 -6.931000000000001
259.24209117016 -43.18860592404 0.0642 0.0456 22.6179 "" "" 5953544886732024192 1449.81323 0.6728 0.0671 0.354 -2.078 0.079 0.07 1.503 "" "" 15.541271 1.947494 16.229147 14.281653 "" "" 1313.49951 1597.20276 11440.31869 8.8157 4403.1 27.396 15364.0 38.891 "" "" 0.0028795433410623503 0.0073089576 0.0046730135 0.011981972 259.24209117016 -43.18860592404 1449.81323 0.3540000000000001 -2.0780000000000003
259.66091301722 -42.54217100891 0.0313 0.0224 23.897 "" "" 5953668375638164608 1455.26343 0.6405 0.0353 -5.685 -3.963 0.043 0.033 0.969 7268.8 4.0325 15.543803 1.742862 16.381454 14.638593 "" "" 1391.98401 1556.91431 11413.67772 4.2141 3826.8 7.4698 11059.0 11.937 "" "" 0.0027843286713871195 0.003503796 0.0039569126 0.0074607087 259.66091301722 -42.54217100891 1455.26343 -5.684999999999999 -3.963
259.41636634655 -42.62286750343 0.0355 0.0224 21.2099 "" "" 5953675969134209152 1442.06274 0.6677 0.0444 -4.949 -7.301 0.044 0.031 0.978 5233.7 4.1618 15.544126 1.627399 16.290907 14.663507 "" "" 1370.02197 1531.92603 11410.28703 4.2597 4159.6 10.002 10808.0 20.669 "" "" 0.00278497401552885 0.0038211104 0.004312182 0.008133292 259.41636634655 -42.62286750343 1442.06274 -4.949 -7.300999999999998
259.46948338204 -42.52577839977 0.0307 0.0216 25.8251 "" "" 5953678035021996032 1548.026 0.6078 0.0365 -1.548 -1.165 0.04 0.031 1.075 7491.5 4.0561 15.54568 1.62919 16.30241 14.67322 "" "" 1483.71167 1650.84058 11393.9602 3.9928 4115.8 8.6779 10712.0 29.154 "" "" 0.002781465678586332 0.0036090869 0.00479745 0.008406537 259.46948338204 -42.52577839977 1548.026 -1.548 -1.165
260.08501529139 -43.16119692461 0.0517 0.0295 23.9788 "" "" 5953437443835732864 1144.90942 0.8431 0.0599 -0.932 8.827 0.066 0.046 1.337 5837.0 4.4645 15.547123 1.378442 16.128119 14.749677 "" "" 1076.578 1255.65491 11378.83184 6.638 4832.5 10.278 9983.6 9.8523 "" "" 0.0028271821215969267 0.0036218006 0.0039283265 0.007550127 260.08501529139 -43.16119692461 1144.90942 -0.9319999999999994 8.827000000000002
260.00807359554 -42.79077610634 0.0323 0.0225 18.8895 "" "" 5953474384923080704 1206.83337 0.7845 0.0377 -2.3 -6.636 0.041 0.033 1.031 6560.1 4.2812 15.547712 1.354322 16.154846 14.800524 "" "" 1168.41309 1257.05396 11372.65215 3.6266 4715.0 11.775 9526.8 10.09 "" "" 0.002776988160127317 0.0038906392 0.003950449 0.007841088 260.00807359554 -42.79077610634 1206.83337 -2.3 -6.635999999999999
259.6823319893 -42.57722176542 0.0331 0.0223 21.8776 "" "" 5953668276883016320 1384.49133 0.6872 0.0358 -2.042 -3.538 0.043 0.033 0.937 7396.6 4.0282 15.548563 1.553235 16.267054 14.713819 "" "" 1314.89722 1468.40979 11363.74312 4.2454 4252.0 9.5382 10319.0 9.5284 "" "" 0.002785016804359901 0.0037036422 0.003910094 0.007613736 259.6823319893 -42.57722176542 1384.49133 -2.0420000000000003 -3.5380000000000003
259.04441304463 -43.13014526595 0.0342 0.0237 28.095 "" "" 5953592754170040576 1136.32874 0.8398 0.0357 2.326 0.108 0.044 0.032 0.926 6533.2 4.0663 15.54883 1.589279 16.28713 14.697851 "" "" 1093.9176 1179.84509 11360.94955 4.4155 4174.1 13.392 10472.0 12.181 "" "" 0.0027874459019495905 0.004463107 0.00398481 0.008447917 259.04441304463 -43.13014526595 1136.32874 2.326 0.10799999999999993
259.39574739924 -43.22761561172 0.0311 0.0206 20.0833 "" "" 5953542206672403840 1120.23413 0.8591 0.0339 -0.887 -3.901 0.044 0.03 0.988 6518.5 4.358 15.54936 1.371025 16.160213 14.789188 "" "" 1076.54944 1163.31213 11355.40308 4.9806 4691.7 9.9091 9626.8 14.243 "" "" 0.002796170683395099 0.0036115763 0.004106596 0.0077181724 259.39574739924 -43.22761561172 1120.23413 -0.887 -3.9010000000000002
260.08598541834 -43.19094384942 0.0417 0.0237 25.0419 "" "" 5953437031518765568 1482.19702 0.6316 0.0475 0.703 -9.693 0.05 0.035 0.992 7129.1 4.3275 15.550985 1.35845 16.142242 14.783793 "" "" 1389.08936 1595.76025 11338.42266 4.6126 4770.0 12.575 9674.8 17.298 "" "" 0.0027904980493098333 0.0039972193 0.004248779 0.008245998 260.08598541834 -43.19094384942 1482.19702 0.7029999999999998 -9.693000000000001
260.11641302006 -43.07343289063 0.0332 0.0222 22.8105 "" "" 5953461568738671360 1197.14221 0.7931 0.0371 -0.631 -7.233 0.045 0.034 0.964 6298.6 4.3066 15.555375 1.337734 16.15415 14.816416 "" "" 1153.27478 1246.36316 11292.66791 3.6647 4718.0 8.99 9388.4 11.969 "" "" 0.002777757242171495 0.0034734898 0.0040248805 0.0074983705 260.11641302006 -43.07343289063 1197.14221 -0.631 -7.232999999999999
260.19058522607 -42.91902357166 0.0331 0.0238 24.6716 "" "" 5953469677638631552 1516.2644 0.6279 0.0346 -7.593 -8.77 0.044 0.035 0.98 5212.6 3.742 15.557876 1.553264 16.278727 14.725463 "" "" 1440.84863 1582.30847 11266.69144 3.557 4206.6 9.9978 10209.0 11.186 "" "" 0.0027765600166533982 0.0038005044 0.003962193 0.0077626975 260.19058522607 -42.91902357166 1516.2644 -7.593000000000002 -8.77
260.11426383419 -42.98947171403 0.036 0.0233 21.4828 "" "" 5953463419799010560 1475.67517 0.6547 0.0385 -0.466 -1.711 0.046 0.036 1.009 6683.8 4.2875 15.559201 1.297657 16.131172 14.833515 "" "" 1385.28906 1566.29614 11252.9424 4.1464 4818.9 9.7474 9241.7 12.309 "" "" 0.0027842127350638907 0.003550802 0.0040465915 0.0075973934 260.11426383419 -42.98947171403 1475.67517 -0.46599999999999997 -1.7109999999999999
259.60713903796 -42.78983424431 0.041 0.0244 9.0522 "" "" 5953659034112077312 1210.9928 0.7845 0.0467 -13.237 -9.094 0.05 0.036 1.043 4958.4 4.1606 15.559269 1.71083 16.376888 14.666059 "" "" 1146.85571 1284.96338 11252.24275 4.089 3842.9 9.897 10783.0 18.014 "" "" 0.002783425821657643 0.003950165 0.0041920976 0.008142263 259.60713903796 -42.78983424431 1210.9928 -13.237 -9.094
259.59776739215 -42.79664930877 0.0401 0.0234 8.7028 "" "" 5953670746459843584 1425.84045 0.6692 0.0457 0.0 -2.941 0.049 0.035 0.931 6609.6 3.8131 15.56059 1.411268 16.17958 14.768312 "" "" 1336.22791 1535.49512 11238.56829 4.4282 4608.8 21.944 9813.7 27.644 "" "" 0.002788333197375108 0.005874456 0.004861837 0.010736292 259.59776739215 -42.79664930877 1425.84045 0.0 -2.941
259.07974183451 -43.04806485996 0.0385 0.0258 24.9945 "" "" 5953593402682690816 1271.9386 0.7592 0.0402 -0.349 -4.203 0.053 0.036 1.015 6195.6 4.1612 15.560831 1.93507 16.230804 14.295734 "" "" 1208.73608 1336.13708 11236.06656 11.519 4396.4 162.58 15166.0 414.29 "" "" 0.0029716539697571607 0.040247634 0.029898912 0.070146546 259.07974183451 -43.04806485996 1271.9386 -0.349 -4.203000000000001
260.1015617825 -42.72688004006 0.0314 0.0222 24.377 "" "" 5953475862391830400 1310.97778 0.7313 0.0349 1.56 -3.347 0.041 0.031 0.912 6854.0 4.2028 15.562489 1.35988 16.17034 14.810459 "" "" 1261.18237 1358.94385 11218.91603 3.5635 4648.2 9.0609 9440.1 10.178 "" "" 0.002776818654471994 0.003502066 0.003956519 0.0074585853 260.1015617825 -42.72688004006 1310.97778 1.5599999999999998 -3.347
