Clusters/NGC_4103/NGC_4103_members.tsv
# %ECSV 1.0
# ---
# datatype:
# - name: RA_ICRS_1
#   unit: deg
#   datatype: float64
#   format: '{:15.11f}'
#   description: Right ascension (ICRS) at Ep=2016.0 (ra)
#   meta: !!omap
#   - {ucd: POS_EQ_RA_MAIN}
#   - {width: 15}
#   - {precision: '11'}
# - name: DE_ICRS_1
#   unit: deg
#   datatype: float64
#   format: '{:15.11f}'
#   description: Declination (ICRS) at Ep=2016.0 (dec)
#   meta: !!omap
#   - {ucd: POS_EQ_DEC_MAIN}
#   - {width: 15}
#   - {precision: '11'}
# - name: e_RA_ICRS
#   unit: mas
#   datatype: float64
#   format: '{:7.4f}'
#   description: Standard error of right ascension (ra_error)
#   meta: !!omap
#   - {ucd: ERROR}
#   - {width: 7}
#   - {precision: '4'}
# - name: e_DE_ICRS
#   unit: mas
#   datatype: float64
#   format: '{:7.4f}'
#   description: Standard error of declination (dec_error)
#   meta: !!omap
#   - {ucd: ERROR}
#   - {width: 7}
#   - {precision: '4'}
# - name: _r_1
#   unit: ''
#   datatype: float64
#   format: '{:7.4f}'
#   description: Distance from center (181.60261656000-61.24920237000)[ICRS], at Epoch=J2016.0
#   meta: !!omap
#   - {ucd: POS_ANG_DIST_GENERAL}
#   - {width: 7}
#   - {precision: '4'}
# - name: HIP
#   datatype: int32
#   description: '? HIP cross-id number, van Leeuwen, Cat. I/311 (hip_original_ext_source_id)'
#   meta: !!omap
#   - {ucd: ID_NUMBER}
#   - {width: 6}
#   - values: {'null': -2147483648}
# - name: TYC2
#   datatype: string
#   description: Tycho-2 cross-id name, Hog et al., Cat. I/259 (tyc2_original_ext_source_id)
#   meta: !!omap
#   - {ucd: ID_CROSSID}
#   - {_votable_string_dtype: char}
# - name: Source
#   datatype: int64
#   description: Source identifier, identical to the Gaia-EDR3 source_id (id)
#   meta: !!omap
#   - {ucd: ID_MAIN}
#   - {width: 19}
# - name: rgeo
#   unit: pc
#   datatype: float64
#   format: '{:15.8f}'
#   description: '? Median of the geometric distance posterior (r_med_geo)'
#   meta: !!omap
#   - {ucd: PHYS_DISTANCE_TRUE}
#   - {width: 15}
#   - {precision: '8'}
#   - values: {'null': .nan}
# - name: Plx
#   unit: mas
#   datatype: float64
#   format: '{:9.4f}'
#   description: '? Parallax (parallax)'
#   meta: !!omap
#   - {ucd: POS_PARLX_TRIG}
#   - {width: 9}
#   - {precision: '4'}
#   - values: {'null': .nan}
# - name: e_Plx
#   unit: mas
#   datatype: float32
#   format: '{:7.4f}'
#   description: '? Standard error of parallax (parallax_error)'
#   meta: !!omap
#   - {ucd: ERROR}
#   - {width: 7}
#   - {precision: '4'}
#   - values: {'null': .nan}
# - name: pmRA
#   unit: mas / yr
#   datatype: float64
#   format: '{:9.3f}'
#   description: '? Proper motion in right ascension direction, pmRA*cosDE (pmra)'
#   meta: !!omap
#   - {ucd: POS_EQ_PMRA}
#   - {width: 9}
#   - {precision: '3'}
#   - values: {'null': .nan}
# - name: pmDE
#   unit: mas / yr
#   datatype: float64
#   format: '{:9.3f}'
#   description: '? Proper motion in declination direction (pmdec)'
#   meta: !!omap
#   - {ucd: POS_EQ_PMDEC}
#   - {width: 9}
#   - {precision: '3'}
#   - values: {'null': .nan}
# - name: e_pmRA
#   unit: mas / yr
#   datatype: float32
#   format: '{:6.3f}'
#   description: '? Standard error of proper motion in right ascension direction (pmra_error)'
#   meta: !!omap
#   - {ucd: ERROR}
#   - {width: 6}
#   - {precision: '3'}
#   - values: {'null': .nan}
# - name: e_pmDE
[...]
#         unit: &id001 !astropy.units.Unit {unit: deg}
#         value: !astropy.table.SerializedColumn {name: SkyCoord.dec}
#       distance: !astropy.table.SerializedColumn
#         __class__: astropy.coordinates.distances.Distance
#         unit: !astropy.units.Unit {unit: pc}
#         value: !astropy.table.SerializedColumn {name: SkyCoord.distance}
#       frame: icrs
#       obstime: !astropy.time.Time {format: jyear_str, in_subfmt: '*', jd1: 367701545.0, jd2: 0.0, out_subfmt: '*', precision: 3, scale: tt}
#       pm_dec: !astropy.table.SerializedColumn
#         __class__: astropy.units.quantity.Quantity
#         unit: !astropy.units.Unit {unit: mas / yr}
#         value: !astropy.table.SerializedColumn {name: SkyCoord.pm_dec}
#       pm_ra_cosdec: !astropy.table.SerializedColumn
#         __class__: astropy.units.quantity.Quantity
#         unit: !astropy.units.Unit {unit: mas / yr}
#         value: !astropy.table.SerializedColumn {name: SkyCoord.pm_ra_cosdec}
#       ra: !astropy.table.SerializedColumn
#         __class__: astropy.coordinates.angles.Longitude
#         unit: *id001
#         value: !astropy.table.SerializedColumn {name: SkyCoord.ra}
#         wrap_angle: !astropy.coordinates.Angle
#           unit: *id001
#           value: 360.0
#       representation_type: spherical
# schema: astropy-2.0
RA_ICRS_1 DE_ICRS_1 e_RA_ICRS e_DE_ICRS _r_1 HIP TYC2 Source rgeo Plx e_Plx pmRA pmDE e_pmRA e_pmDE RUWE Teff logg Gmag BP-RP BPmag RPmag RV e_RV b_rgeo B_rgeo FG e_FG FBP e_FBP FRP e_FRP RAVE5 RAVE6 e_Gmag e_BPmag e_RPmag e_BP-RP SkyCoord.ra SkyCoord.dec SkyCoord.distance SkyCoord.pm_ra_cosdec SkyCoord.pm_dec Pmemb
[from data line 39]
181.5893629019 -61.173734007 0.0104 0.0115 4.5443 "" "" 6058524096629203584 1923.57568 0.488 0.014 -6.303 0.272 0.013 0.016 0.96 9891.8 3.8395 12.688339 0.368712 12.819779 12.451067 "" "" 1872.28992 1976.21899 158347.41877 27.389 101740.0 53.321 82934.0 32.841 "" "" 0.002761712739544707 0.002847602 0.0038037582 0.00665136 181.5893629019 -61.173734007 1923.57568 -6.303000000000002 0.2720000000000001 0.9
181.24412161906 -61.31279863531 0.0105 0.0115 11.0176 "" "" 6058520656316059392 1633.32751 0.582 0.0144 -5.962 -0.368 0.013 0.015 0.974 "" "" 12.704894 0.310719 12.812017 12.501298 "" "" 1606.32349 1669.95654 155951.28595 25.145 102470.0 50.762 79184.0 26.296 "" "" 0.0027608758425736327 0.0028415378 0.0037965418 0.00663808 181.24412161906 -61.31279863531 1633.32751 -5.962000000000001 -0.368 0.9
181.41553343926 -61.23819073511 0.0119 0.0131 5.4404 "" "" 6058521996346209280 2047.12512 0.4586 0.0162 -6.21 0.311 0.015 0.018 1.072 "" "" 12.737693 0.304182 12.841278 12.537096 "" "" 1988.30542 2130.38306 151310.66788 27.221 99748.0 46.631 76616.0 35.854 "" "" 0.002762234862811026 0.0028359608 0.0038133822 0.0066493433 181.41553343926 -61.23819073511 2047.12512 -6.21 0.311 1.0
181.71430833808 -61.27733815075 0.0112 0.0142 3.6375 "" "" 6058509970436042752 1875.26904 0.5071 0.0159 -6.183 0.128 0.015 0.02 0.942 "" "" 12.746981 0.38545 12.880402 12.494951 "" "" 1813.17444 1930.28088 150021.80533 32.678 96218.0 66.163 79649.0 48.69 "" "" 0.002765451169697631 0.0028883296 0.003837219 0.0067255488 181.71430833808 -61.27733815075 1875.26904 -6.183 0.12800000000000003 0.8
181.90609464055 -61.41477172862 0.0137 0.013 13.2285 "" "" 6057759867324752640 2042.42847 0.4648 0.0177 -6.236 0.324 0.015 0.017 0.958 11189.6 3.7479 12.85358 0.355902 12.977899 12.621997 "" "" 1970.43652 2154.42041 135992.48632 25.557 87954.0 39.712 70853.0 33.377 "" "" 0.002762864904062059 0.0028329073 0.0038138328 0.0066467403 181.90609464055 -61.41477172862 2042.42847 -6.236 0.324 0.9
181.50519712205 -61.23656301246 0.013 0.0136 2.9126 "" "" 6058522687879888256 2105.09131 0.4441 0.0177 -6.099 0.232 0.016 0.018 1.052 10853.8 3.8372 12.862792 0.277661 12.955889 12.678227 "" "" 2025.88025 2192.28638 134843.46686 30.5 89756.0 44.462 67277.0 44.963 "" "" 0.002766242809567219 0.002841534 0.0038484102 0.0066899443 181.50519712205 -61.23656301246 2105.09131 -6.099 0.23200000000000004 1.0
181.62971993994 -61.26635803778 0.0135 0.0138 1.2927 "" "" 6058510868128645888 1901.6676 0.4962 0.0181 -6.265 0.237 0.017 0.018 1.058 10209.9 3.8695 12.93127 0.409189 13.07769 12.668501 "" "" 1822.61206 1967.38342 126601.56031 29.873 80231.0 42.958 67883.0 45.196 "" "" 0.0027672049613842835 0.0028500874 0.0038478924 0.0066979798 181.62971993994 -61.26635803778 1901.6676 -6.264999999999998 0.237 1.0
181.11019497417 -61.28137629434 0.0125 0.0134 14.3346 "" "" 6058501144321986944 1638.30725 0.575 0.0166 -5.888 -0.339 0.016 0.019 1.11 "" "" 12.974646 0.316583 13.083308 12.766726 "" "" 1599.12317 1683.8114 121643.4314 32.013 79817.0 45.968 62011.0 31.434 "" "" 0.0027700962721128007 0.0028593778 0.0038192454 0.006678623 181.11019497417 -61.28137629434 1638.30725 -5.887999999999997 -0.33899999999999997 0.8
181.6325054368 -61.23911090423 0.013 0.013 1.054 "" "" 6058511143006570752 1944.32458 0.4864 0.0175 -6.249 0.311 0.016 0.017 1.014 9558.6 3.8549 12.985209 0.41919 13.135447 12.716256 "" "" 1880.95557 2012.48584 120465.53011 36.554 76074.0 56.227 64961.0 45.529 "" "" 0.0027749468747087064 0.0029032773 0.0038552277 0.006758505 181.6325054368 -61.23911090423 1944.32458 -6.249000000000001 0.31100000000000005 1.0
181.65805960226 -61.27759562133 0.0093 0.0098 2.3367 "" "" 6058510043494933248 1941.48059 0.4802 0.0127 -5.915 0.168 0.011 0.013 0.961 7196.0 3.5175 13.034609 0.398227 13.175442 12.777215 "" "" 1893.1759 1991.69873 115107.41879 29.017 73323.0 35.711 61415.0 20.176 "" "" 0.0027688807571807712 0.0028398363 0.0037961758 0.0066360123 181.65805960226 -61.27759562133 1941.48059 -5.915 0.16800000000000004 0.9
181.95649819338 -61.33172396791 0.0094 0.0105 11.3379 "" "" 6057761069915709312 1802.83813 0.5195 0.0129 -6.246 0.134 0.012 0.013 0.949 "" "" 13.05982 0.413883 13.206014 12.79213 "" "" 1755.86853 1841.31177 112465.33575 34.37 71287.0 32.556 60577.0 23.748 "" "" 0.0027752270315859065 0.0028338858 0.0038032746 0.0066371607 181.95649819338 -61.33172396791 1802.83813 -6.246 0.13399999999999995 1.0
181.71485398909 -61.24337410443 0.0118 0.0133 3.2583 "" "" 6058510249653402368 2008.31323 0.4649 0.0166 -6.161 0.133 0.016 0.017 1.15 "" "" 13.084112 0.346084 13.204073 12.857989 "" "" 1938.19812 2074.43433 109977.01494 46.967 71415.0 41.207 57012.0 20.605 "" "" 0.002794062528425565 0.002859637 0.003799698 0.006659335 181.71485398909 -61.24337410443 2008.31323 -6.161 0.13299999999999998 1.0
181.7095340066 -61.22929570608 0.0099 0.0102 3.3097 "" "" 6058511074287125888 1818.95898 0.5112 0.0137 -6.218 0.188 0.013 0.013 1.038 "" "" 13.107912 0.432039 13.260179 12.828139 "" "" 1774.16711 1865.09351 107592.45516 42.174 67818.0 39.691 58601.0 32.909 "" "" 0.00278799440503902 0.0028616125 0.0038282492 0.0066898614 181.7095340066 -61.22929570608 1818.95898 -6.217999999999997 0.188 1.0
181.5296757736 -61.05948015554 0.0098 0.0093 11.5775 "" "" 6058575292633234176 1804.93323 0.5154 0.0128 -6.066 0.218 0.012 0.012 0.985 "" "" 13.110944 0.492981 13.291842 12.798861 "" "" 1759.00513 1849.44482 107292.49143 28.13 65869.0 41.078 60202.0 23.063 "" "" 0.0027699855716806633 0.0028711515 0.003802201 0.006673353 181.5296757736 -61.05948015554 1804.93323 -6.066 0.21799999999999992 1.0
181.48351650196 -61.07513907806 0.0099 0.0093 10.9979 "" "" 6058575189554000768 1871.82068 0.4981 0.0126 -6.286 0.304 0.012 0.012 1.0 7470.8 3.6111 13.118849 0.376542 13.252773 12.876231 "" "" 1835.22119 1910.11731 106514.11376 38.065 68282.0 29.725 56062.0 21.598 "" "" 0.002782506278328549 0.0028299198 0.003802458 0.006632378 181.48351650196 -61.07513907806 1871.82068 -6.286000000000002 0.30399999999999994 0.9
181.26632187902 -61.2785675109 0.0089 0.0094 9.8596 "" "" 6058521519648545280 1947.78247 0.4773 0.0121 -6.159 0.189 0.011 0.012 1.003 7412.7 3.7664 13.119076 0.354742 13.239022 12.88428 "" "" 1896.35364 1997.66187 106491.87582 34.425 69152.0 32.091 55648.0 59.778 "" "" 0.0027775845641037234 0.002835298 0.003955252 0.00679055 181.26632187902 -61.2785675109 1947.78247 -6.159 0.18900000000000006 1.0
181.37618775422 -61.03992645503 0.0101 0.0098 14.1652 "" "" 6058575017755321216 1840.53015 0.5021 0.0128 -6.186 0.136 0.013 0.013 1.007 "" "" 13.145997 0.378306 13.279432 12.901126 "" "" 1805.86536 1882.39941 103883.82073 31.539 66626.0 29.435 54791.0 28.174 "" "" 0.0027749674078910223 0.0028311012 0.0038203953 0.0066514965 181.37618775422 -61.03992645503 1840.53015 -6.186 0.13599999999999998 1.0
181.71698251096 -61.27808450923 0.0094 0.0112 3.7265 "" "" 6058509974775484416 1952.53113 0.4732 0.0133 -6.108 0.076 0.012 0.014 1.005 10517.6 3.8952 13.203995 0.381313 13.336762 12.955449 "" "" 1914.08301 2000.67346 98480.16868 28.544 63199.0 37.908 52117.0 44.321 "" "" 0.0027732332355958613 0.0028651648 0.0038905342 0.006755699 181.71698251096 -61.27808450923 1952.53113 -6.108 0.07600000000000004 1.0
181.63335978455 -61.24304978812 0.0137 0.0183 0.9611 "" "" 6058511143006632576 1822.55151 0.5103 0.0188 -6.106 0.107 0.019 0.023 1.168 11294.0 4.0394 13.220622 0.295904 13.245488 12.949584 "" "" 1770.50293 1890.55017 96983.55517 31.217 68742.0 613.78 52399.0 342.12 "" "" 0.0027773949808309797 0.010087806 0.008033457 0.018121263 181.63335978455 -61.24304978812 1822.55151 -6.105999999999998 0.10700000000000003 0.8
181.69347991516 -61.22608526384 0.0108 0.0109 2.9674 "" "" 6058511241750758400 1899.2345 0.488 0.0151 -6.385 0.255 0.013 0.014 1.072 "" "" 13.226478 0.367047 13.356334 12.989286 "" "" 1851.46167 1947.85046 96461.89687 30.147 62070.0 37.257 50518.0 28.937 "" "" 0.00277613564488005 0.002865269 0.0038302096 0.0066954787 181.69347991516 -61.22608526384 1899.2345 -6.385 0.2549999999999999 0.8
181.12618238525 -61.31602623328 0.0089 0.0104 14.3085 "" "" 6058498086305260032 1643.30151 0.5697 0.0123 -5.763 -0.402 0.011 0.014 1.05 "" "" 13.291855 0.439955 13.451035 13.011081 "" "" 1614.85876 1674.92114 90824.84127 27.539 56886.0 28.496 49514.0 27.907 "" "" 0.0027749173012462836 0.002842684 0.0038286026 0.0066712867 181.12618238525 -61.31602623328 1643.30151 -5.763 -0.402 0.8
181.82723877384 -61.28256770372 0.0098 0.0112 6.7814 "" "" 6058512689195165824 1835.49524 0.5049 0.0135 -6.295 0.191 0.012 0.014 0.996 "" "" 13.311392 0.416855 13.458291 13.041436 "" "" 1793.90454 1880.02087 89205.16846 23.986 56507.0 30.493 48149.0 20.374 "" "" 0.0027707431819998184 0.0028510217 0.0038072034 0.0066582253 181.82723877384 -61.28256770372 1835.49524 -6.295 0.19100000000000006 1.0
181.58463446022 -61.49956195621 0.0107 0.0107 15.0305 "" "" 6057753167175475328 1845.25488 0.5028 0.0138 -6.204 0.201 0.013 0.014 0.975 "" "" 13.331786 0.421513 13.481955 13.060442 "" "" 1803.82166 1887.33105 87545.15889 27.882 55289.0 32.682 47313.0 29.704 "" "" 0.0027769339461533008 0.0028630306 0.0038403603 0.0067033907 181.58463446022 -61.49956195621 1845.25488 -6.2040000000000015 0.20099999999999982 0.8
181.50088762844 -61.13003431416 0.0098 0.0093 7.7315 "" "" 6058527150307436544 1851.35107 0.5013 0.0127 -6.132 0.158 0.013 0.013 0.987 7987.9 3.863 13.351474 0.372957 13.483628 13.110671 "" "" 1800.49585 1896.75134 85972.05683 22.492 55203.0 35.336 45174.0 17.644 "" "" 0.0027699230866710402 0.0028754235 0.0038030986 0.006678522 181.50088762844 -61.13003431416 1851.35107 -6.1320000000000014 0.158 1.0
181.5276673807 -61.17897505873 0.0099 0.0102 4.7375 "" "" 6058523890470752896 1874.72571 0.4991 0.0131 -6.152 0.09 0.013 0.013 1.004 7891.3 4.1313 13.366148 0.386911 13.494467 13.107555 "" "" 1834.25659 1918.3728 84817.88584 21.154 54655.0 69.228 45304.0 99.433 "" "" 0.0027685945039339485 0.0031106772 0.004467915 0.007578592 181.5276673807 -61.17897505873 1874.72571 -6.151999999999998 0.09000000000000004 1.0
181.67346061516 -61.21831554626 0.011 0.0101 2.7602 "" "" 6058511314805288448 2026.87585 0.4516 0.015 -6.272 0.153 0.014 0.013 0.991 9997.1 3.8342 13.387852 0.356729 13.515702 13.158974 "" "" 1967.2522 2105.25928 83139.26273 25.497 53596.0 32.331 43208.0 19.569 "" "" 0.002775366551574098 0.00286601 0.0038112372 0.006677247 181.67346061516 -61.21831554626 2026.87585 -6.2719999999999985 0.153 1.0
181.66953529559 -61.19833425273 0.0101 0.0105 3.6126 "" "" 6058523065837066624 1863.6178 0.502 0.014 -6.036 0.35 0.013 0.014 1.068 7594.7 3.9004 13.435515 0.373166 13.567531 13.194365 "" "" 1819.62854 1911.70862 79568.40998 25.792 51098.0 39.244 41823.0 28.552 "" "" 0.002777706100033109 0.0029121079 0.0038513802 0.006763488 181.66953529559 -61.19833425273 1863.6178 -6.036 0.35 0.8
181.10077541784 -61.24413136856 0.013 0.014 14.4875 "" "" 6058502175114149120 1549.8717 0.6043 0.0173 -5.968 -0.415 0.016 0.02 1.419 8301.2 4.2547 13.435627 0.475157 13.610781 13.135624 "" "" 1510.46436 1593.97449 79560.22423 23.943 49103.0 29.404 44148.0 18.567 "" "" 0.0027746262228930886 0.0028649191 0.003806866 0.0066717854 181.10077541784 -61.24413136856 1549.8717 -5.968000000000001 -0.41499999999999987 1.0
181.67364358434 -61.29788101414 0.0104 0.0107 3.5673 "" "" 6058509871696237696 1975.96875 0.4717 0.0143 -6.255 0.206 0.013 0.014 1.051 "" "" 13.474033 0.436687 13.62709 13.190403 "" "" 1925.48389 2030.58179 76795.11111 22.521 48371.0 29.787 41976.0 21.201 "" "" 0.002773656514310229 0.002869159 0.0038189585 0.0066881175 181.67364358434 -61.29788101414 1975.96875 -6.255000000000002 0.2059999999999999 1.0
181.74144081913 -61.22872518996 0.011 0.0121 4.1919 "" "" 6058516881083517952 1909.85889 0.4849 0.0158 -6.284 0.209 0.014 0.015 1.133 7928.3 3.73 13.483794 0.391196 13.624631 13.233435 "" "" 1851.1416 1977.17212 76107.76069 29.693 48480.0 34.97 40344.0 23.134 "" "" 0.0027876909804268237 0.0028980004 0.0038303179 0.0067283185 181.74144081913 -61.22872518996 1909.85889 -6.283999999999998 0.20900000000000002 1.0
181.29814954613 -61.24462111029 0.0103 0.011 8.7919 "" "" 6058521794526487680 1949.18945 0.4735 0.0141 -6.142 0.142 0.013 0.014 1.086 10380.1 3.9928 13.49621 0.425094 13.649127 13.224033 "" "" 1888.81226 2015.26294 75242.40638 18.843 47399.0 18.433 40695.0 22.543 "" "" 0.0027687036416319997 0.002821937 0.0038269388 0.006648876 181.29814954613 -61.24462111029 1949.18945 -6.142000000000004 0.14199999999999996 1.0
181.99312146132 -61.17781807373 0.0115 0.0117 12.0684 "" "" 6058516571845713024 1883.91785 0.4944 0.0151 -6.168 0.296 0.015 0.015 1.016 7594.6 4.0328 13.54895 0.362569 13.67985 13.317281 "" "" 1831.46118 1935.37732 71674.83084 29.766 46076.0 37.331 37346.0 22.346 "" "" 0.0027919703136567863 0.0029255538 0.0038348108 0.0067603644 181.99312146132 -61.17781807373 1883.91785 -6.168000000000002 0.2959999999999999 0.9
181.83101885346 -61.24330015985 0.0107 0.0116 6.6018 "" "" 6058515919010603264 1791.91431 0.5185 0.0145 -6.082 0.104 0.014 0.015 0.966 "" "" 13.564249 0.430078 13.712694 13.282617 "" "" 1750.77759 1840.79456 70671.97622 21.08 44703.0 32.837 38558.0 22.496 "" "" 0.002774287303639513 0.0029019157 0.0038321 0.0067340154 181.83101885346 -61.24330015985 1791.91431 -6.082 0.10400000000000009 1.0
181.63916934308 -61.2542461638 0.0112 0.0115 1.0974 "" "" 6058510936848136064 1893.47742 0.4914 0.0152 -6.221 0.19 0.015 0.016 1.131 "" "" 13.62247 0.445992 13.781518 13.335525 "" "" 1850.21155 1949.54797 66982.09233 18.387 41958.0 30.106 36724.0 27.107 "" "" 0.002771392795283532 0.002896888 0.0038634166 0.006760305 181.63916934308 -61.2542461638 1893.47742 -6.221 0.19 1.0
181.62339529934 -61.26931276313 0.0107 0.0113 1.3473 "" "" 6058510833768903040 1852.22827 0.4991 0.0143 -6.139 0.195 0.013 0.014 1.02 "" "" 13.653871 0.452273 13.814138 13.361865 "" "" 1816.65405 1903.39954 65072.6448 17.22 40716.0 34.162 35844.0 37.132 "" "" 0.002770259839335147 0.0029351164 0.0039431956 0.0068783117 181.62339529934 -61.26931276313 1852.22827 -6.139 0.19500000000000012 1.0
181.41410210626 -61.41795673116 0.0109 0.0106 11.4874 "" "" 6058504438519099520 1920.1825 0.4804 0.0143 -6.218 0.22 0.013 0.014 1.017 8991.6 3.8131 13.660172 0.472116 13.820247 13.348131 "" "" 1868.57556 1977.31897 64696.1237 17.585 40487.0 51.425 36300.0 63.886 "" "" 0.002771079410606173 0.003112371 0.0042349757 0.0073473467 181.41410210626 -61.41795673116 1920.1825 -6.217999999999998 0.22000000000000003 1.0
181.70950730678 -61.20706879489 0.0109 0.0119 3.99 "" "" 6058511349165036672 1897.42932 0.4904 0.0153 -6.292 0.185 0.014 0.015 1.061 9963.6 4.0108 13.677642 0.382472 13.81539 13.432918 "" "" 1846.16736 1948.95569 63663.42253 20.706 40669.0 28.653 33573.0 13.955 "" "" 0.002777856701236558 0.0028931282 0.0038062313 0.0066993595 181.70950730678 -61.20706879489 1897.42932 -6.291999999999998 0.18499999999999994 1.0
181.1410007758 -61.26699470218 0.0102 0.0121 13.3612 "" "" 6058501174344620288 1593.68164 0.5907 0.014 -5.93 -0.352 0.013 0.017 1.027 9599.1 4.3771 13.704381 0.453781 13.87076 13.416979 "" "" 1560.82996 1629.90747 62114.68678 19.829 38647.0 28.092 34070.0 17.775 "" "" 0.0027770347877888804 0.0028996372 0.0038215956 0.006721233 181.1410007758 -61.26699470218 1593.68164 -5.93 -0.3519999999999999 1.0
181.23870859772 -61.30728528418 0.01 0.0111 11.0563 "" "" 6058520660655059456 1614.29871 0.5815 0.0139 -5.929 -0.454 0.012 0.014 1.066 8402.4 4.2886 13.718673 0.474699 13.891654 13.416955 "" "" 1579.37927 1643.86536 61302.41294 15.889 37910.0 33.15 34070.0 18.449 "" "" 0.002769653833631309 0.0029472748 0.0038248382 0.006772113 181.23870859772 -61.30728528418 1614.29871 -5.929 -0.45400000000000007 1.0
