Clusters/NGC_4103/NGC_4103_members.tsv
# %ECSV 1.0
# ---
# datatype:
# - name: RA_ICRS_1
#   unit: deg
#   datatype: float64
#   format: '{:15.11f}'
#   description: Right ascension (ICRS) at Ep=2016.0 (ra)
#   meta: !!omap
#   - {ucd: POS_EQ_RA_MAIN}
#   - {width: 15}
#   - {precision: '11'}
# - name: DE_ICRS_1
#   unit: deg
#   datatype: float64
#   format: '{:15.11f}'
#   description: Declination (ICRS) at Ep=2016.0 (dec)
#   meta: !!omap
#   - {ucd: POS_EQ_DEC_MAIN}
#   - {width: 15}
#   - {precision: '11'}
# - name: e_RA_ICRS
#   unit: mas
#   datatype: float64
#   format: '{:7.4f}'
#   description: Standard error of right ascension (ra_error)
#   meta: !!omap
#   - {ucd: ERROR}
#   - {width: 7}
#   - {precision: '4'}
# - name: e_DE_ICRS
#   unit: mas
#   datatype: float64
#   format: '{:7.4f}'
#   description: Standard error of declination (dec_error)
#   meta: !!omap
#   - {ucd: ERROR}
#   - {width: 7}
#   - {precision: '4'}
# - name: _r_1
#   unit: ''
#   datatype: float64
#   format: '{:7.4f}'
#   description: Distance from center (181.60261656000-61.24920237000)[ICRS], at Epoch=J2016.0
#   meta: !!omap
#   - {ucd: POS_ANG_DIST_GENERAL}
#   - {width: 7}
#   - {precision: '4'}
# - name: HIP
#   datatype: int32
#   description: '? HIP cross-id number, van Leeuwen, Cat. I/311 (hip_original_ext_source_id)'
#   meta: !!omap
#   - {ucd: ID_NUMBER}
#   - {width: 6}
#   - values: {'null': -2147483648}
# - name: TYC2
#   datatype: string
#   description: Tycho-2 cross-id name, Hog et al., Cat. I/259 (tyc2_original_ext_source_id)
#   meta: !!omap
#   - {ucd: ID_CROSSID}
#   - {_votable_string_dtype: char}
# - name: Source
#   datatype: int64
#   description: Source identifier, identical to the Gaia-EDR3 source_id (id)
#   meta: !!omap
#   - {ucd: ID_MAIN}
#   - {width: 19}
# - name: rgeo
#   unit: pc
#   datatype: float64
#   format: '{:15.8f}'
#   description: '? Median of the geometric distance posterior (r_med_geo)'
#   meta: !!omap
#   - {ucd: PHYS_DISTANCE_TRUE}
#   - {width: 15}
#   - {precision: '8'}
#   - values: {'null': .nan}
# - name: Plx
#   unit: mas
#   datatype: float64
#   format: '{:9.4f}'
#   description: '? Parallax (parallax)'
#   meta: !!omap
#   - {ucd: POS_PARLX_TRIG}
#   - {width: 9}
#   - {precision: '4'}
#   - values: {'null': .nan}
# - name: e_Plx
#   unit: mas
#   datatype: float32
#   format: '{:7.4f}'
#   description: '? Standard error of parallax (parallax_error)'
#   meta: !!omap
#   - {ucd: ERROR}
#   - {width: 7}
#   - {precision: '4'}
#   - values: {'null': .nan}
# - name: pmRA
#   unit: mas / yr
#   datatype: float64
#   format: '{:9.3f}'
#   description: '? Proper motion in right ascension direction, pmRA*cosDE (pmra)'
#   meta: !!omap
#   - {ucd: POS_EQ_PMRA}
#   - {width: 9}
#   - {precision: '3'}
#   - values: {'null': .nan}
# - name: pmDE
#   unit: mas / yr
#   datatype: float64
#   format: '{:9.3f}'
#   description: '? Proper motion in declination direction (pmdec)'
#   meta: !!omap
#   - {ucd: POS_EQ_PMDEC}
#   - {width: 9}
#   - {precision: '3'}
#   - values: {'null': .nan}
# - name: e_pmRA
#   unit: mas / yr
#   datatype: float32
#   format: '{:6.3f}'
#   description: '? Standard error of proper motion in right ascension direction (pmra_error)'
#   meta: !!omap
#   - {ucd: ERROR}
#   - {width: 6}
#   - {precision: '3'}
#   - values: {'null': .nan}
# - name: e_pmDE
[...]
#         unit: &id001 !astropy.units.Unit {unit: deg}
#         value: !astropy.table.SerializedColumn {name: SkyCoord.dec}
#       distance: !astropy.table.SerializedColumn
#         __class__: astropy.coordinates.distances.Distance
#         unit: !astropy.units.Unit {unit: pc}
#         value: !astropy.table.SerializedColumn {name: SkyCoord.distance}
#       frame: icrs
#       obstime: !astropy.time.Time {format: jyear_str, in_subfmt: '*', jd1: 367701545.0, jd2: 0.0, out_subfmt: '*', precision: 3, scale: tt}
#       pm_dec: !astropy.table.SerializedColumn
#         __class__: astropy.units.quantity.Quantity
#         unit: !astropy.units.Unit {unit: mas / yr}
#         value: !astropy.table.SerializedColumn {name: SkyCoord.pm_dec}
#       pm_ra_cosdec: !astropy.table.SerializedColumn
#         __class__: astropy.units.quantity.Quantity
#         unit: !astropy.units.Unit {unit: mas / yr}
#         value: !astropy.table.SerializedColumn {name: SkyCoord.pm_ra_cosdec}
#       ra: !astropy.table.SerializedColumn
#         __class__: astropy.coordinates.angles.Longitude
#         unit: *id001
#         value: !astropy.table.SerializedColumn {name: SkyCoord.ra}
#         wrap_angle: !astropy.coordinates.Angle
#           unit: *id001
#           value: 360.0
#       representation_type: spherical
# schema: astropy-2.0
RA_ICRS_1 DE_ICRS_1 e_RA_ICRS e_DE_ICRS _r_1 HIP TYC2 Source rgeo Plx e_Plx pmRA pmDE e_pmRA e_pmDE RUWE Teff logg Gmag BP-RP BPmag RPmag RV e_RV b_rgeo B_rgeo FG e_FG FBP e_FBP FRP e_FRP RAVE5 RAVE6 e_Gmag e_BPmag e_RPmag e_BP-RP SkyCoord.ra SkyCoord.dec SkyCoord.distance SkyCoord.pm_ra_cosdec SkyCoord.pm_dec Pmemb
[from data line 79]
181.31136267969 -61.19659640719 0.0109 0.0107 8.9853 "" "" 6058525471018548608 1662.43091 0.5655 0.0143 -5.983 -0.451 0.014 0.014 1.027 9306.9 4.151 13.742515 0.419415 13.896599 13.477184 "" "" 1622.53845 1701.26392 59970.96599 18.445 37738.0 25.022 32232.0 23.925 "" "" 0.0027754822961954763 0.0028815435 0.003864353 0.0067458963 181.31136267969 -61.19659640719 1662.43091 -5.983 -0.45100000000000023 1.0
181.46668947335 -61.22975364216 0.0104 0.0108 4.0939 "" "" 6058522722239471232 1909.36096 0.4848 0.0139 -6.185 0.193 0.013 0.014 0.977 "" "" 13.763315 0.40034 13.908166 13.507826 "" "" 1862.5614 1961.01611 58832.94178 18.653 37338.0 26.992 31335.0 21.295 "" "" 0.0027767401266406066 0.002898465 0.003850735 0.0067491997 181.46668947335 -61.22975364216 1909.36096 -6.184999999999999 0.19299999999999995 1.0
181.70095365042 -61.22553668402 0.0106 0.0124 3.1744 "" "" 6058511074287153280 1799.41797 0.5193 0.0152 -6.024 0.113 0.014 0.017 0.964 "" "" 13.765415 0.445078 13.927074 13.481997 "" "" 1757.69006 1848.39429 58719.29197 21.351 36693.0 25.91 32089.0 20.264 "" "" 0.0027834592452528144 0.0028935845 0.0038410705 0.0067346552 181.70095365042 -61.22553668402 1799.41797 -6.024 0.11299999999999996 0.8
181.95318364475 -61.35230561738 0.0105 0.0117 11.8446 "" "" 6057761001196209792 2206.58618 0.4213 0.0146 -6.329 0.185 0.013 0.015 0.982 9162.4 3.8232 13.778385 0.681491 14.036852 13.355361 "" "" 2147.11865 2272.04883 58022.01113 12.339 33165.0 27.079 36059.0 17.96 "" "" 0.00276497760524371 0.002927614 0.0038178745 0.0067454884 181.95318364475 -61.35230561738 2206.58618 -6.329 0.18500000000000003 1.0
181.57021998184 -61.25203469708 0.0264 0.0462 0.9502 "" "" 6058510799379707904 1726.1001 0.5448 0.0405 -6.163 0.054 0.035 0.061 1.409 "" "" 13.827348 "" "" "" "" "" 1617.64587 1879.48108 55463.55798 54.134 "" "" "" "" "" "" 0.0029520794055354557 "" "" "" 181.57021998184 -61.25203469708 1726.1001 -6.163000000000003 0.054000000000000006 0.8
181.33277293624 -61.37965295947 0.011 0.011 11.0299 "" "" 6058507878831086720 1861.96387 0.5038 0.0143 -6.183 0.072 0.013 0.014 0.986 9774.2 4.0026 13.837118 0.435867 13.99629 13.560423 "" "" 1806.89197 1924.42712 54966.66115 19.663 34427.0 15.847 29853.0 14.551 "" "" 0.0027825601212387537 0.002834576 0.0038162535 0.0066508297 181.33277293624 -61.37965295947 1861.96387 -6.183 0.072 1.0
181.58544206383 -61.24927632785 0.0111 0.0124 0.4957 "" "" 6058510799409155584 1813.26331 0.5119 0.0155 -6.143 0.138 0.014 0.018 1.022 8543.8 4.3289 13.839258 0.438371 13.995913 13.557542 "" "" 1767.68396 1867.69739 54858.43952 17.051 34439.0 35.332 29932.0 27.565 "" "" 0.0027759094135730348 0.0030042964 0.0039094095 0.0069137057 181.58544206383 -61.24927632785 1813.26331 -6.143000000000002 0.13799999999999996 1.0
181.48575822114 -61.19126236661 0.0113 0.0115 4.8457 "" "" 6058523787391405952 1880.37585 0.4936 0.015 -6.148 0.233 0.014 0.015 1.041 8541.4 4.3442 13.860814 0.404618 14.007138 13.60252 "" "" 1826.42126 1932.75818 53780.02204 14.58 34085.0 19.25 28718.0 15.484 "" "" 0.002770998025119881 0.0028567542 0.0038244503 0.006681205 181.48575822114 -61.19126236661 1880.37585 -6.1480000000000015 0.23300000000000004 1.0
182.06295625621 -61.32764985924 0.0111 0.0115 14.0789 "" "" 6057761860189716608 1717.27124 0.5466 0.0152 -6.268 0.279 0.014 0.015 0.933 "" "" 13.878532 0.486364 14.05544 13.569076 "" "" 1677.30615 1760.5033 52909.50994 12.834 32602.0 22.394 29616.0 20.222 "" "" 0.002767878028547113 0.0028881202 0.0038514053 0.0067395256 182.06295625621 -61.32764985924 1717.27124 -6.268 0.279 1.0
181.64405960207 -61.30419562369 0.0118 0.0116 3.5093 "" "" 6058509768617003264 1824.73511 0.5129 0.0154 -6.201 0.112 0.014 0.015 0.949 8587.1 4.3791 13.892263 0.456091 14.058211 13.60212 "" "" 1758.42224 1883.19116 52244.57714 15.281 32519.0 20.972 28728.0 18.569 "" "" 0.0027735605235607278 0.002876689 0.0038439871 0.006720676 181.64405960207 -61.30419562369 1824.73511 -6.200999999999998 0.11199999999999996 1.0
181.40828054485 -61.23460201113 0.0112 0.0115 5.6778 "" "" 6058522035044685952 1903.48547 0.4879 0.0151 -6.291 0.139 0.014 0.015 1.047 8389.7 4.3051 13.921633 0.468609 14.095427 13.626819 "" "" 1853.57837 1954.22241 50850.32077 15.771 31423.0 24.032 28082.0 13.124 "" "" 0.0027758207214716546 0.0029111074 0.003813292 0.0067243995 181.40828054485 -61.23460201113 1903.48547 -6.291000000000001 0.139 1.0
181.70254215566 -61.23984860074 0.0117 0.0141 2.9384 "" "" 6058511005567644032 1919.73657 0.4851 0.0169 -6.104 0.219 0.016 0.021 1.049 9943.4 4.2387 13.942713 0.49915 14.114133 13.614983 "" "" 1861.90503 2004.69556 49872.55586 20.572 30886.0 51.768 28390.0 38.051 "" "" 0.0027914808130481495 0.0033311748 0.004049859 0.007381034 181.70254215566 -61.23984860074 1919.73657 -6.103999999999998 0.219 0.9
181.67838992591 -61.22872048385 0.0125 0.0124 2.5091 "" "" 6058511246056840960 1905.80676 0.4886 0.0168 -6.381 0.088 0.016 0.016 0.97 9535.4 4.0938 13.954603 0.485799 14.129452 13.643653 "" "" 1843.80786 1984.39111 49329.33787 16.73 30453.0 45.514 27650.0 41.153 "" "" 0.0027798165596218554 0.003227726 0.004110359 0.007338085 181.67838992591 -61.22872048385 1905.80676 -6.381 0.088 1.0
181.65918665179 -61.2103231034 0.0117 0.0121 2.8479 "" "" 6058522962757844864 1814.40881 0.5169 0.0163 -6.344 0.069 0.016 0.016 1.01 10030.0 4.3191 13.96822 0.56967 14.178946 13.609276 "" "" 1756.16846 1879.89783 48714.54855 13.59 29096.0 21.071 28540.0 30.25 "" "" 0.0027719184365339327 0.0028988414 0.0039507016 0.006849543 181.65918665179 -61.2103231034 1814.40881 -6.344 0.06899999999999994 1.0
181.74871414201 -61.26718863447 0.0118 0.016 4.3511 "" "" 6058515850291360256 1939.67493 0.4813 0.0169 -6.277 0.053 0.016 0.022 1.081 9823.3 4.0387 13.977905 0.484882 14.153648 13.668766 "" "" 1872.49207 2012.54456 48281.91606 17.717 29782.0 36.204 27018.0 25.596 "" "" 0.0027839755285146185 0.0030865956 0.003916852 0.007003448 181.74871414201 -61.26718863447 1939.67493 -6.277 0.052999999999999936 1.0
181.76222856523 -61.17714923371 0.0124 0.0138 6.3212 "" "" 6058528975712555776 1920.29749 0.4808 0.0171 -6.045 0.174 0.016 0.017 1.151 9744.1 3.977 13.986735 0.483093 14.158599 13.675506 "" "" 1851.16528 1986.0918 47890.84739 13.787 29647.0 20.569 26851.0 15.635 "" "" 0.0027729923943568533 0.0028900658 0.0038318948 0.0067219604 181.76222856523 -61.17714923371 1920.29749 -6.045 0.1740000000000001 0.9
181.20951510547 -61.34839931036 0.0115 0.0117 12.7955 "" "" 6058520282697912832 1580.91785 0.5995 0.0151 -5.93 -0.355 0.014 0.015 0.943 8999.8 4.2416 13.988987 0.510925 14.180703 13.669778 "" "" 1539.57764 1618.34668 47791.64879 13.666 29049.0 18.697 26993.0 14.804 "" "" 0.0027727564605607006 0.0028763514 0.003826003 0.006702354 181.20951510547 -61.34839931036 1580.91785 -5.93 -0.35500000000000004 1.0
181.62521800903 -61.32032573553 0.018 0.0177 4.3169 "" "" 6058509734257243008 1921.69824 0.488 0.0242 -6.19 0.314 0.021 0.024 1.517 7495.8 3.7526 14.021504 0.512725 14.203197 13.690473 "" "" 1836.76343 2052.13086 46381.51212 16.233 28454.0 17.22 26483.0 14.358 "" "" 0.0027813999692522995 0.0028664952 0.0038249479 0.006691443 181.62521800903 -61.32032573553 1921.69824 -6.190000000000002 0.314 0.8
181.73889366453 -61.16700280366 0.0111 0.0121 6.3113 "" "" 6058529044432031232 1817.63318 0.5115 0.0152 -6.039 0.149 0.014 0.016 0.961 "" "" 14.024593 0.511586 14.211446 13.69986 "" "" 1772.32678 1870.76526 46249.74325 13.579 28238.0 15.84 26255.0 18.9 "" "" 0.0027736990128211366 0.0028558671 0.0038593519 0.006715219 181.73889366453 -61.16700280366 1817.63318 -6.0390000000000015 0.14900000000000005 1.0
181.85731041604 -61.32639851798 0.0123 0.0129 8.6804 "" "" 6058511619704788608 1836.38074 0.5078 0.0164 -6.373 0.115 0.015 0.017 0.938 "" "" 14.064455 0.739181 14.35092 13.611739 "" "" 1787.12244 1900.72058 44582.52425 8.4819 24834.0 21.88 28475.0 16.725 "" "" 0.0027630522486531543 0.0029495948 0.0038328068 0.0067824014 181.85731041604 -61.32639851798 1836.38074 -6.373 0.11499999999999988 0.8
181.62065731748 -61.27698863763 0.0118 0.0123 1.7465 "" "" 6058510077854652416 1933.96411 0.4802 0.0161 -6.303 0.165 0.014 0.016 1.004 9445.6 3.9184 14.066295 0.539062 14.264084 13.725022 "" "" 1876.5791 1999.88757 44507.06705 12.742 26902.0 19.004 25654.0 22.855 "" "" 0.002772798069970303 0.002893667 0.0039011985 0.0067948652 181.62065731748 -61.27698863763 1933.96411 -6.302999999999998 0.1650000000000001 1.0
181.46780122607 -61.22036000764 0.0115 0.0118 4.2599 "" "" 6058523473815054848 1928.60205 0.4794 0.0157 -6.128 0.126 0.014 0.015 1.039 9280.4 4.0631 14.088274 0.458441 14.257196 13.798756 "" "" 1878.81213 1990.14417 43615.13634 11.984 27073.0 17.267 23969.0 11.654 "" "" 0.0027714232608725756 0.0028748168 0.0038160717 0.0066908887 181.46780122607 -61.22036000764 1928.60205 -6.128000000000002 0.12599999999999997 1.0
181.14797631451 -61.24015515293 0.0116 0.0123 13.134 "" "" 6058501453559645952 1936.29993 0.4799 0.0154 -6.2 0.216 0.014 0.018 1.039 9474.8 4.243 14.08941 0.467498 14.260707 13.793209 "" "" 1881.01575 1995.44617 43569.5379 22.537 26986.0 36.161 24092.0 27.349 "" "" 0.002811974220555508 0.003146699 0.003975277 0.0071219755 181.14797631451 -61.24015515293 1936.29993 -6.200000000000002 0.21600000000000005 0.9
181.28793403373 -61.04402370069 0.0131 0.012 15.3157 "" "" 6058577526016206720 1721.61597 0.542 0.017 -6.235 0.239 0.016 0.017 0.916 7676.4 4.0902 14.09319 0.698766 14.363293 13.664527 "" "" 1675.52026 1773.91211 43418.06661 11.497 24553.0 22.389 27124.0 17.59 "" "" 0.002770279018012928 0.002960614 0.0038444102 0.006805024 181.28793403373 -61.04402370069 1721.61597 -6.2349999999999985 0.239 1.0
181.32659661468 -61.41864840435 0.0123 0.0124 12.9026 "" "" 6058507535233683712 1681.20508 0.5581 0.0163 -6.001 -0.409 0.014 0.016 0.992 8409.3 4.394 14.103469 0.563233 14.315476 13.752243 "" "" 1638.77307 1725.57263 43008.99819 11.086 25658.0 23.058 25018.0 17.415 "" "" 0.0027694964658735916 0.0029558532 0.0038542093 0.0068100626 181.32659661468 -61.41864840435 1681.20508 -6.001000000000002 -0.409 0.9
181.7075376261 -61.23016151262 0.0122 0.013 3.2372 "" "" 6058511074287125248 1969.72339 0.4728 0.0174 -6.114 0.208 0.016 0.017 0.99 9672.6 4.2294 14.134389 0.505525 14.318672 13.813148 "" "" 1909.67053 2035.34204 41801.42163 14.58 25583.0 26.186 23654.0 22.006 "" "" 0.0027812227713109807 0.0030033477 0.0039120344 0.006915382 181.7075376261 -61.23016151262 1969.72339 -6.113999999999998 0.20799999999999993 1.0
181.54927084269 -61.31473009912 0.0122 0.0127 4.2218 "" "" 6058509596818249344 1641.26318 0.5717 0.0165 -5.987 -0.508 0.014 0.016 0.999 9380.7 4.1949 14.136725 0.676047 14.395427 13.719379 "" "" 1597.26917 1686.80798 41711.58828 11.107 23837.0 18.925 25787.0 14.164 "" "" 0.002770446620172129 0.0029202905 0.0038261435 0.0067464337 181.54927084269 -61.31473009912 1641.26318 -5.986999999999998 -0.5080000000000001 0.9
181.20383689376 -61.33727406407 0.0125 0.0131 12.6493 "" "" 6058520488856346624 1626.57031 0.5754 0.0162 -5.986 -0.452 0.015 0.019 1.037 "" "" 14.174882 0.584313 14.396971 13.812657 "" "" 1590.19836 1660.52979 40271.14572 10.101 23803.0 16.322 23664.0 20.761 "" "" 0.0027687457017998274 0.00288779 0.0038975717 0.006785362 181.20383689376 -61.33727406407 1626.57031 -5.9860000000000015 -0.4520000000000002 0.8
181.78814543185 -61.25620809164 0.0125 0.0143 5.3703 "" "" 6058515815931632640 1913.93823 0.4834 0.0171 -6.174 0.1 0.016 0.018 0.951 8418.0 4.3852 14.184091 0.541171 14.38543 13.844259 "" "" 1841.15662 1968.72009 39931.04488 13.776 24057.0 18.908 22986.0 14.839 "" "" 0.002780664402055262 0.0029177489 0.0038438274 0.006761576 181.78814543185 -61.25620809164 1913.93823 -6.173999999999999 0.10000000000000005 1.0
181.588417034 -61.23431340864 0.0127 0.0128 0.9829 "" "" 6058522550440956288 1812.97253 0.5139 0.0172 -6.289 0.214 0.016 0.017 1.029 8263.3 4.3741 14.19605 0.543432 14.398293 13.854861 "" "" 1773.66931 1868.68494 39493.59608 11.317 23774.0 30.548 22762.0 23.147 "" "" 0.0027728298740475987 0.0031195108 0.0039373552 0.007056866 181.588417034 -61.23431340864 1812.97253 -6.289 0.21400000000000008 1.0
181.59623785617 -61.24247424146 0.0128 0.0131 0.4437 "" "" 6058511177366288512 1910.91455 0.4879 0.0176 -6.122 0.052 0.016 0.018 1.054 8312.5 4.3801 14.206577 0.518766 14.390251 13.871485 "" "" 1856.21289 1981.06799 39112.52292 10.201 23951.0 32.769 22416.0 35.186 "" "" 0.0027698332309514834 0.00316096 0.0041458695 0.0073068296 181.59623785617 -61.24247424146 1910.91455 -6.122 0.052000000000000005 1.0
181.69912248807 -61.2589470703 0.0177 0.0196 2.8455 "" "" 6058510249653393280 1796.75598 0.5189 0.0253 -6.222 0.141 0.023 0.025 1.385 9528.0 4.0899 14.207147 0.524021 14.386134 13.862113 "" "" 1717.60168 1886.03125 39092.01302 12.481 24042.0 43.809 22611.0 38.531 "" "" 0.0027770402508136807 0.0034204046 0.0042079575 0.007628362 181.69912248807 -61.2589470703 1796.75598 -6.2219999999999995 0.14100000000000001 0.8
181.56735720117 -61.3169041439 0.0133 0.0133 4.1874 "" "" 6058509425019565440 1849.0874 0.4977 0.0175 -6.132 0.157 0.016 0.017 1.046 9648.0 4.2438 14.21606 0.538604 14.412987 13.874383 "" "" 1785.81189 1915.48938 38772.40595 11.112 23454.0 16.276 22357.0 14.583 "" "" 0.0027728350892589518 0.0028901102 0.003845163 0.006735273 181.56735720117 -61.3169041439 1849.0874 -6.1320000000000014 0.15700000000000003 1.0
181.71898317101 -61.24216567457 0.0126 0.0137 3.3852 "" "" 6058510249653403904 1886.97485 0.4933 0.0177 -6.265 -0.079 0.016 0.018 1.025 8396.4 4.3817 14.233294 0.52173 14.426357 13.904627 "" "" 1810.12939 1966.86975 38161.83897 14.539 23167.0 24.261 21742.0 14.682 "" "" 0.0027861968656033615 0.0030129442 0.0038498414 0.0068627857 181.71898317101 -61.24216567457 1886.97485 -6.265 -0.07900000000000007 0.9
181.5405220717 -61.26320445183 0.0123 0.0134 1.9788 "" "" 6058510765049381248 1933.85388 0.4777 0.0168 -6.218 0.077 0.016 0.018 0.934 8230.5 4.3392 14.242805 0.589416 14.462068 13.872652 "" "" 1880.66187 2006.7832 37828.96752 13.554 22418.0 17.838 22392.0 19.512 "" "" 0.002782646711839437 0.0029208572 0.003896 0.0068168575 181.5405220717 -61.26320445183 1933.85388 -6.218 0.07700000000000003 0.9
181.5869660504 -61.27550446227 0.0138 0.014 1.6414 "" "" 6058510455811755008 2007.68311 0.4629 0.0184 -6.316 0.181 0.017 0.019 1.075 9624.5 4.2495 14.246574 0.571697 14.460292 13.888595 "" "" 1932.66699 2071.60156 37697.87491 12.028 22454.0 19.28 22066.0 14.963 "" "" 0.002777011893971929 0.0029417954 0.0038504254 0.0067922208 181.5869660504 -61.27550446227 2007.68311 -6.315999999999998 0.18100000000000008 1.0
181.7667738448 -61.49327822276 0.0184 0.0184 15.3861 "" "" 6057756083419609088 1921.44592 0.4826 0.0232 -6.227 0.146 0.022 0.023 1.344 6966.5 3.7341 14.251992 0.6983 14.514873 13.816572 "" "" 1836.37097 2019.3385 37510.236 8.2786 21353.0 16.47 23579.0 25.565 "" "" 0.002765720402706911 0.0029131377 0.0039584707 0.006871608 181.7667738448 -61.49327822276 1921.44592 -6.2269999999999985 0.14600000000000002 1.0
181.79577815814 -61.24166950842 0.0134 0.0151 5.5936 "" "" 6058515884651117696 1944.89246 0.487 0.0186 -6.03 0.036 0.017 0.02 1.086 9541.4 4.151 14.259918 0.583333 14.472373 13.88904 "" "" 1865.59717 2004.22302 37237.40525 12.241 22206.0 14.266 22057.0 11.671 "" "" 0.002778340505499398 0.0028760356 0.0038227963 0.006698832 181.79577815814 -61.24166950842 1944.89246 -6.0299999999999985 0.036000000000000004 0.8
181.22325636786 -61.34677921266 0.0125 0.0138 12.4004 "" "" 6058520213978437376 1611.39331 0.5798 0.0168 -5.968 -0.421 0.015 0.018 1.018 8220.6 4.23 14.277049 0.608161 14.506964 13.898803 "" "" 1571.9093 1654.2533 36654.49522 9.3558 21510.0 19.285 21859.0 13.484 "" "" 0.0027692216374652335 0.0029550989 0.003838267 0.006793366 181.22325636786 -61.34677921266 1611.39331 -5.968 -0.42099999999999993 0.8
