Clusters/NGC_4103/NGC_4103_stars_in_region.tsv
# %ECSV 1.0
# ---
# datatype:
# - name: RA_ICRS_1
#   unit: deg
#   datatype: float64
#   format: '{:15.11f}'
#   description: Right ascension (ICRS) at Ep=2016.0 (ra)
#   meta: !!omap
#   - {ucd: POS_EQ_RA_MAIN}
#   - {width: 15}
#   - {precision: '11'}
# - name: DE_ICRS_1
#   unit: deg
#   datatype: float64
#   format: '{:15.11f}'
#   description: Declination (ICRS) at Ep=2016.0 (dec)
#   meta: !!omap
#   - {ucd: POS_EQ_DEC_MAIN}
#   - {width: 15}
#   - {precision: '11'}
# - name: e_RA_ICRS
#   unit: mas
#   datatype: float64
#   format: '{:7.4f}'
#   description: Standard error of right ascension (ra_error)
#   meta: !!omap
#   - {ucd: ERROR}
#   - {width: 7}
#   - {precision: '4'}
# - name: e_DE_ICRS
#   unit: mas
#   datatype: float64
#   format: '{:7.4f}'
#   description: Standard error of declination (dec_error)
#   meta: !!omap
#   - {ucd: ERROR}
#   - {width: 7}
#   - {precision: '4'}
# - name: _r_1
#   unit: ''
#   datatype: float64
#   format: '{:7.4f}'
#   description: Distance from center (181.60261656000-61.24920237000)[ICRS], at Epoch=J2016.0
#   meta: !!omap
#   - {ucd: POS_ANG_DIST_GENERAL}
#   - {width: 7}
#   - {precision: '4'}
# - name: HIP
#   datatype: int32
#   description: '? HIP cross-id number, van Leeuwen, Cat. I/311 (hip_original_ext_source_id)'
#   meta: !!omap
#   - {ucd: ID_NUMBER}
#   - {width: 6}
#   - values: {'null': -2147483648}
# - name: TYC2
#   datatype: string
#   description: Tycho-2 cross-id name, Hog et al., Cat. I/259 (tyc2_original_ext_source_id)
#   meta: !!omap
#   - {ucd: ID_CROSSID}
#   - {_votable_string_dtype: char}
# - name: Source
#   datatype: int64
#   description: Source identifier, identical to the Gaia-EDR3 source_id (id)
#   meta: !!omap
#   - {ucd: ID_MAIN}
#   - {width: 19}
# - name: rgeo
#   unit: pc
#   datatype: float64
#   format: '{:15.8f}'
#   description: '? Median of the geometric distance posterior (r_med_geo)'
#   meta: !!omap
#   - {ucd: PHYS_DISTANCE_TRUE}
#   - {width: 15}
#   - {precision: '8'}
#   - values: {'null': .nan}
# - name: Plx
#   unit: mas
#   datatype: float64
#   format: '{:9.4f}'
#   description: '? Parallax (parallax)'
#   meta: !!omap
#   - {ucd: POS_PARLX_TRIG}
#   - {width: 9}
#   - {precision: '4'}
#   - values: {'null': .nan}
# - name: e_Plx
#   unit: mas
#   datatype: float32
#   format: '{:7.4f}'
#   description: '? Standard error of parallax (parallax_error)'
#   meta: !!omap
#   - {ucd: ERROR}
#   - {width: 7}
#   - {precision: '4'}
#   - values: {'null': .nan}
# - name: pmRA
#   unit: mas / yr
#   datatype: float64
#   format: '{:9.3f}'
#   description: '? Proper motion in right ascension direction, pmRA*cosDE (pmra)'
#   meta: !!omap
#   - {ucd: POS_EQ_PMRA}
#   - {width: 9}
#   - {precision: '3'}
#   - values: {'null': .nan}
# - name: pmDE
#   unit: mas / yr
#   datatype: float64
#   format: '{:9.3f}'
#   description: '? Proper motion in declination direction (pmdec)'
#   meta: !!omap
#   - {ucd: POS_EQ_PMDEC}
#   - {width: 9}
#   - {precision: '3'}
#   - values: {'null': .nan}
# - name: e_pmRA
#   unit: mas / yr
#   datatype: float32
#   format: '{:6.3f}'
#   description: '? Standard error of proper motion in right ascension direction (pmra_error)'
#   meta: !!omap
#   - {ucd: ERROR}
#   - {width: 6}
#   - {precision: '3'}
#   - values: {'null': .nan}
# - name: e_pmDE
[...]
#         unit: &id001 !astropy.units.Unit {unit: deg}
#         value: !astropy.table.SerializedColumn {name: SkyCoord.dec}
#       distance: !astropy.table.SerializedColumn
#         __class__: astropy.coordinates.distances.Distance
#         unit: !astropy.units.Unit {unit: pc}
#         value: !astropy.table.SerializedColumn {name: SkyCoord.distance}
#       frame: icrs
#       obstime: !astropy.time.Time {format: jyear_str, in_subfmt: '*', jd1: 367701545.0, jd2: 0.0, out_subfmt: '*', precision: 3, scale: tt}
#       pm_dec: !astropy.table.SerializedColumn
#         __class__: astropy.units.quantity.Quantity
#         unit: !astropy.units.Unit {unit: mas / yr}
#         value: !astropy.table.SerializedColumn {name: SkyCoord.pm_dec}
#       pm_ra_cosdec: !astropy.table.SerializedColumn
#         __class__: astropy.units.quantity.Quantity
#         unit: !astropy.units.Unit {unit: mas / yr}
#         value: !astropy.table.SerializedColumn {name: SkyCoord.pm_ra_cosdec}
#       ra: !astropy.table.SerializedColumn
#         __class__: astropy.coordinates.angles.Longitude
#         unit: *id001
#         value: !astropy.table.SerializedColumn {name: SkyCoord.ra}
#         wrap_angle: !astropy.coordinates.Angle
#           unit: *id001
#           value: 360.0
#       representation_type: spherical
# schema: astropy-2.0
RA_ICRS_1 DE_ICRS_1 e_RA_ICRS e_DE_ICRS _r_1 HIP TYC2 Source rgeo Plx e_Plx pmRA pmDE e_pmRA e_pmDE RUWE Teff logg Gmag BP-RP BPmag RPmag RV e_RV b_rgeo B_rgeo FG e_FG FBP e_FBP FRP e_FRP RAVE5 RAVE6 e_Gmag e_BPmag e_RPmag e_BP-RP SkyCoord.ra SkyCoord.dec SkyCoord.distance SkyCoord.pm_ra_cosdec SkyCoord.pm_dec
[from data line 3430]
181.01672582468 -61.4785786586 0.0452 0.039 21.7538 "" "" 6058483311616460032 1879.04541 0.5231 0.0554 -7.504 -0.202 0.058 0.057 0.968 5207.9 4.682 16.894718 1.268879 17.442528 16.173649 "" "" 1683.76599 2123.51538 3288.96572 1.8731 1440.1 7.0962 2689.7 10.47 "" "" 0.0028238504279798978 0.0060339076 0.0056697354 0.011703643 181.01672582468 -61.4785786586 1879.04541 -7.503999999999999 -0.20200000000000004
181.10288538595 -61.41634208135 0.1624 0.1599 17.5346 "" "" 6058484853468235904 2207.98926 0.6325 0.2112 -10.454 1.203 0.206 0.243 4.305 "" "" 16.895315 1.422382 17.408524 15.986141 "" "" 1518.11926 3646.89771 3287.15945 9.0873 1486.0 6.6087 3196.7 9.0236 "" "" 0.004074407169680416 0.005576778 0.004865874 0.010442652 181.10288538595 -61.41634208135 2207.98926 -10.453999999999997 1.2030000000000003
182.20813246654 -61.38743001646 0.0418 0.0384 19.3086 "" "" 6057757943179503488 1539.6571 0.6363 0.0537 -8.123 -0.973 0.051 0.05 0.945 4879.9 4.4508 16.895561 1.261095 17.44935 16.188255 "" "" 1437.31482 1680.9801 3286.41604 2.0852 1431.1 5.8011 2653.7 9.4012 "" "" 0.0028401334402322555 0.005211049 0.0053924588 0.010603508 182.20813246654 -61.38743001646 1539.6571 -8.122999999999998 -0.973
181.2019165995 -61.27139045288 0.0443 0.0443 11.6365 "" "" 6058521657052883712 2175.54126 0.4449 0.0595 -8.293 1.177 0.056 0.059 1.143 5661.3 4.5444 16.895575 1.183567 17.3577 16.174133 "" "" 1937.24561 2516.00464 3286.37377 2.3842 1557.2 8.5425 2688.5 8.6579 "" "" 0.002865698845119924 0.0065772827 0.0051486758 0.011725958 181.2019165995 -61.27139045288 2175.54126 -8.292999999999997 1.1769999999999998
181.68062715456 -61.04940463044 0.0478 0.0413 12.1988 "" "" 6058528627778947456 1810.42188 0.5428 0.0611 -3.898 -3.5 0.059 0.055 1.086 5279.0 4.6657 16.896404 1.416296 17.530487 16.114191 "" "" 1616.82825 2131.95166 3283.86405 1.9239 1328.1 5.932 2841.1 7.6901 "" "" 0.0028277916512944924 0.0055948594 0.004787511 0.010382371 181.68062715456 -61.04940463044 1810.42188 -3.8980000000000006 -3.500000000000001
181.61053306528 -61.39394313634 0.042 0.0463 8.6874 "" "" 6058505606750286720 2021.81763 0.4867 0.0594 -7.815 10.719 0.053 0.072 1.01 5128.5 4.627 16.896706 1.297751 17.466497 16.168747 "" "" 1817.61328 2285.5127 3282.95443 2.0374 1408.7 6.5194 2701.8 7.3057 "" "" 0.002836512954901019 0.005747438 0.004785698 0.010533135 181.61053306528 -61.39394313634 2021.81763 -7.815000000000001 10.718999999999998
181.95048765436 -61.18927328046 0.0462 0.0447 10.6731 "" "" 6058516537485955840 1846.49841 0.5476 0.0611 -4.565 0.689 0.059 0.058 1.086 5078.7 4.5215 16.897451 1.262266 17.450445 16.188179 "" "" 1660.50403 2056.39136 3280.69532 1.8808 1429.7 9.0355 2653.9 8.2079 "" "" 0.002824752595165195 0.00740729 0.0050556334 0.012462923 181.95048765436 -61.18927328046 1846.49841 -4.565 0.6890000000000001
181.48228478284 -61.00447440212 0.0465 0.0415 15.0919 "" "" 6058576563943596672 1670.12256 0.5856 0.0614 -7.223 -0.548 0.056 0.055 1.109 5274.9 4.6553 16.89775 1.397972 17.52094 16.122969 "" "" 1535.58447 1863.3053 3279.79047 1.8727 1339.8 7.5149 2818.2 10.357 "" "" 0.002824200631692484 0.0066986177 0.0054958914 0.012194509 181.48228478284 -61.00447440212 1670.12256 -7.223000000000001 -0.548
181.92477409887 -60.8765907352 0.0422 0.0457 24.234 "" "" 6058583431561940864 2010.54688 0.479 0.0587 -6.956 1.991 0.05 0.061 0.974 5318.2 4.684 16.89814 1.218454 17.431879 16.213425 "" "" 1817.2041 2263.04028 3278.61636 1.9756 1454.3 7.2364 2592.9 9.1609 "" "" 0.0028319270447793397 0.006080444 0.0053850254 0.011465469 181.92477409887 -60.8765907352 2010.54688 -6.956 1.9909999999999999
181.3521799501 -60.9203868785 0.0569 0.0496 21.0241 "" "" 6058591132473710080 1556.03223 0.6381 0.0724 -6.098 0.374 0.073 0.073 1.198 "" "" 16.898485 "" "" "" "" "" 1395.67651 1730.80298 3277.57582 2.5013 "" "" "" "" "" "" 0.00287721104182636 "" "" "" 181.3521799501 -60.9203868785 1556.03223 -6.098 0.37399999999999994
180.94727633657 -61.51445361694 0.2324 0.1715 24.6571 "" "" 6058483105420849920 2013.54248 0.6683 0.2535 -3.2 0.232 0.292 0.236 5.569 "" "" 16.898556 1.364209 17.081804 15.717595 "" "" 1535.77771 2843.79736 3277.36315 12.254 2007.7 354.77 4093.7 1347.8 "" "" 0.004906293153738002 0.19187497 0.35748515 0.5493601 180.94727633657 -61.51445361694 2013.54248 -3.2000000000000006 0.23200000000000004
181.8548140557 -60.94606481112 0.0397 0.0463 19.6035 "" "" 6058581924063458048 1980.9552 0.4902 0.0558 -5.582 1.789 0.05 0.06 1.016 "" "" 16.898918 1.315174 17.427134 16.11196 "" "" 1798.20239 2248.08057 3276.26845 2.0704 1460.7 13.903 2846.9 20.621 "" "" 0.002839462604730241 0.010704123 0.008725333 0.019429456 181.8548140557 -60.94606481112 1980.9552 -5.582000000000001 1.7890000000000001
181.13739015152 -61.43982730291 0.0587 0.0571 17.6066 "" "" 6058483861372308992 2247.31128 0.4246 0.0785 -5.499 0.267 0.071 0.08 1.385 9511.5 4.347 16.899002 1.484487 17.5342 16.049713 "" "" 1990.44641 2657.07422 3276.0154 2.5831 1323.5 8.8147 3014.9 8.7438 "" "" 0.0028852521731735376 0.0077507873 0.0049192444 0.012670032 181.13739015152 -61.43982730291 2247.31128 -5.499 0.267
181.24984242036 -60.90088446014 0.0442 0.0411 23.2717 "" "" 6058591888387812608 2140.63501 0.4693 0.0572 -11.137 -3.139 0.054 0.056 1.057 5198.7 4.6944 16.899336 1.365501 17.490553 16.125051 "" "" 1841.32959 2435.21118 3275.00869 2.287 1377.8 7.499 2812.8 13.542 "" "" 0.002857733597529657 0.0065349634 0.006450367 0.01298533 181.24984242036 -60.90088446014 2140.63501 -11.137 -3.139
181.17854649388 -61.3247053393 0.0408 0.0433 13.0364 "" "" 6058521279130332544 1623.67627 0.6288 0.0539 -10.869 1.764 0.05 0.062 1.012 4969.2 4.66 16.899464 1.234676 17.448866 16.21419 "" "" 1487.60571 1796.47034 3274.62169 1.751 1431.8 7.8558 2591.1 10.19 "" "" 0.002815820081883225 0.006578121 0.005702235 0.012280356 181.17854649388 -61.3247053393 1623.67627 -10.868999999999996 1.7640000000000002
181.43080836886 -61.1866051403 0.0437 0.0399 6.2242 "" "" 6058525299219888000 1866.97571 0.5194 0.0566 -7.251 0.795 0.054 0.054 1.047 5339.6 4.679 16.899843 1.174923 17.41352 16.238598 "" "" 1653.17676 2090.3374 3273.47602 1.8608 1479.1 6.856 2533.5 8.6253 "" "" 0.0028235980228404414 0.005754365 0.005286494 0.011040859 181.43080836886 -61.1866051403 1866.97571 -7.251 0.795
181.11495147532 -61.10187101953 0.0504 0.0443 16.6478 "" "" 6058553886524218752 1995.70813 0.4989 0.0625 -6.463 1.919 0.058 0.064 0.957 5008.1 4.5039 16.900452 1.31432 17.491543 16.177223 "" "" 1728.77002 2364.1377 3271.64524 1.9356 1376.6 6.2066 2680.8 10.883 "" "" 0.002829206028223886 0.005634538 0.0058061373 0.011440676 181.11495147532 -61.10187101953 1995.70813 -6.463 1.9189999999999996
181.45669550224 -61.36826269181 0.0421 0.0415 8.2885 "" "" 6058509184501297408 1790.97766 0.5489 0.0567 -6.985 1.952 0.049 0.057 0.98 5180.9 4.6146 16.901073 1.284546 17.460516 16.17597 "" "" 1660.2998 1996.66675 3269.77019 1.8694 1416.5 8.6846 2683.9 8.0009 "" "" 0.002824377246367083 0.0072177844 0.0049759103 0.012193695 181.45669550224 -61.36826269181 1790.97766 -6.985 1.952
181.88573300912 -61.42738803547 0.0528 0.0451 13.4418 "" "" 6057756534430113024 1873.07275 0.5188 0.0625 -6.224 0.272 0.062 0.06 1.048 4900.4 4.3804 16.901619 1.387297 17.531221 16.143925 "" "" 1672.58313 2223.4082 3268.12773 3.5089 1327.2 8.3204 2764.3 10.102 "" "" 0.0029917729146666915 0.0073563075 0.005479683 0.012835991 181.88573300912 -61.42738803547 1873.07275 -6.224 0.272
180.90818324178 -61.31743532292 0.0411 0.0412 20.4338 "" "" 6058501522278945152 1991.2594 0.4967 0.0548 -5.016 -1.771 0.052 0.055 1.015 5219.7 4.6553 16.902458 1.178165 17.411848 16.233683 "" "" 1811.96887 2217.50073 3265.60255 1.9186 1481.4 9.4325 2545.0 6.6376 "" "" 0.0028281959534539295 0.007455019 0.004722527 0.012177546 180.90818324178 -61.31743532292 1991.2594 -5.016000000000001 -1.771
181.26550521209 -61.30641800548 0.0633 0.0603 10.3086 "" "" 6058520656316077184 1610.35901 0.5931 0.0816 -5.383 -1.096 0.078 0.085 1.474 5103.8 4.6528 16.902622 1.388449 17.485077 16.096628 "" "" 1423.1272 1849.86121 3265.11076 3.0667 1384.8 7.182 2887.4 9.9625 "" "" 0.002937975224236763 0.0062843286 0.0053214096 0.011605738 181.26550521209 -61.30641800548 1610.35901 -5.383 -1.096
181.49033213869 -61.59548134341 0.0447 0.0457 21.0252 "" "" 6057749421963935488 2024.53418 0.5036 0.0595 -7.155 0.503 0.059 0.066 1.076 5301.1 4.6859 16.903658 1.438677 17.540445 16.101768 "" "" 1799.51306 2309.49414 3261.99789 3.3965 1315.9 7.3949 2873.8 13.379 "" "" 0.002978225906843296 0.0067091617 0.006311359 0.013020521 181.49033213869 -61.59548134341 2024.53418 -7.154999999999999 0.503
181.9706100326 -61.47476767745 0.0498 0.0444 17.1799 "" "" 6057755675436618240 1918.23376 0.5141 0.0634 -10.138 2.439 0.058 0.06 1.0 5230.9 4.724 16.903708 1.285166 17.465569 16.180403 "" "" 1736.59448 2166.02759 3261.84944 1.9725 1409.9 7.3184 2673.0 9.266 "" "" 0.0028324664698965644 0.0062886234 0.005333792 0.011622416 181.9706100326 -61.47476767745 1918.23376 -10.138 2.4389999999999996
181.27131030177 -61.45894510193 0.0476 0.0442 15.7855 "" "" 6058504099226010880 2228.1521 0.4264 0.0614 -9.465 -2.396 0.058 0.062 1.074 "" "" 16.904207 1.421472 17.477375 16.055902 "" "" 1929.23633 2647.59619 3260.34935 2.0028 1394.7 18.038 2997.8 15.271 "" "" 0.002834893448855036 0.014316615 0.006698779 0.021015394 181.27131030177 -61.45894510193 2228.1521 -9.465 -2.396
181.40591463608 -60.88234939199 0.0608 0.0959 22.7397 "" "" 6058591540463514752 2241.22021 0.4326 0.073 -6.349 -5.517 0.089 0.116 1.066 5514.3 4.6059 16.904528 1.036167 17.129452 16.093285 "" "" 1980.93347 2676.97803 3259.3868 3.2728 1921.5 93.172 2896.3 62.353 "" "" 0.0029631629388434918 0.052720368 0.023677845 0.07639821 181.40591463608 -60.88234939199 2241.22021 -6.348999999999999 -5.5169999999999995
181.51186051905 -60.96821574301 0.0472 0.0443 17.0632 "" "" 6058579690679822848 2000.53967 0.4868 0.0607 -9.0 0.97 0.058 0.062 1.032 5280.7 4.5085 16.905151 1.274736 17.29875 16.024014 "" "" 1766.72864 2276.71069 3257.51596 2.5629 1644.1 28.547 3087.1 43.026 "" "" 0.002884697588162145 0.019057322 0.015597111 0.03465443 181.51186051905 -60.96821574301 2000.53967 -9.0 0.9699999999999998
181.6680031284 -60.88409170718 0.0415 0.0418 21.9887 "" "" 6058580579703645440 1949.30408 0.4967 0.0555 -7.766 0.68 0.05 0.054 0.996 5219.5 4.6905 16.905218 1.253199 17.447344 16.194145 "" "" 1766.81299 2165.52295 3257.31137 1.9253 1433.8 6.6567 2639.4 8.3468 "" "" 0.002829068367185811 0.005761437 0.0051061492 0.010867586 181.6680031284 -60.88409170718 1949.30408 -7.766 0.68
181.3684145229 -61.65364016072 0.0614 0.0636 25.1783 "" "" 6057747051135067008 1869.59717 0.5413 0.0815 -5.256 1.681 0.081 0.092 1.402 5744.4 4.6146 16.906528 1.299259 17.3673 16.06804 "" "" 1640.10852 2205.87256 3253.38673 2.8985 1543.5 9.7881 2964.4 12.306 "" "" 0.002920181816222091 0.007429059 0.0058820364 0.013311096 181.3684145229 -61.65364016072 1869.59717 -5.255999999999999 1.6809999999999998
182.07333614097 -61.43919840738 0.0467 0.0408 17.7028 "" "" 6057757221624902144 1833.0022 0.5343 0.0574 -6.091 1.449 0.052 0.052 1.003 5070.6 4.6697 16.907244 1.353907 17.514664 16.160757 "" "" 1661.47534 2093.24536 3251.24032 1.7657 1347.6 5.825 2721.8 8.2813 "" "" 0.0028177070597367564 0.0054598697 0.0050196066 0.010479476 182.07333614097 -61.43919840738 1833.0022 -6.091 1.449
181.50951218973 -61.5491684661 0.0454 0.0432 18.1955 "" "" 6057752754858579968 1903.33167 0.5166 0.0599 -9.815 2.233 0.055 0.06 1.04 5029.9 4.6839 16.907608 1.30154 17.483364 16.181824 "" "" 1701.29785 2112.75195 3250.15305 1.8061 1387.0 5.8863 2669.5 7.0874 "" "" 0.002820604340460694 0.0053867 0.0047532083 0.010139909 181.50951218973 -61.5491684661 1903.33167 -9.815 2.233
181.79512230565 -61.62877540901 0.0537 0.0565 23.4343 "" "" 6057741828461010944 1546.04382 0.645 0.0717 -2.894 -5.123 0.065 0.069 1.123 "" "" 16.9085 1.207537 17.251879 16.044342 "" "" 1394.96057 1695.7998 3247.47738 2.5749 1716.6 30.186 3029.9 34.625 "" "" 0.0028866745195483476 0.019295212 0.012970383 0.032265596 181.79512230565 -61.62877540901 1546.04382 -2.8940000000000006 -5.122999999999999
181.43314590838 -61.45243598669 0.0448 0.042 13.1324 "" "" 6058503583863887104 1969.67004 0.4977 0.0567 -2.655 0.964 0.052 0.057 1.045 5397.4 4.6822 16.908766 1.178589 17.422966 16.244377 "" "" 1796.80823 2206.08936 3246.68853 1.7722 1466.3 7.3209 2520.0 8.324 "" "" 0.002818336458363105 0.006096759 0.0052101654 0.011306925 181.43314590838 -61.45243598669 1969.67004 -2.655 0.964
181.32670175758 -61.30425873068 0.0456 0.0426 8.6145 "" "" 6058520798094025856 2022.4906 0.4876 0.0574 -3.727 -0.373 0.053 0.058 1.021 5182.3 4.6571 16.909388 1.269743 17.45521 16.185467 "" "" 1809.64429 2354.08887 3244.829 1.9184 1423.4 7.6757 2660.6 9.2484 "" "" 0.0028291046487457635 0.006485696 0.0053411066 0.011826802 181.32670175758 -61.30425873068 2022.4906 -3.727 -0.37299999999999994
181.43000968505 -61.18030896527 0.0433 0.0407 6.4773 "" "" 6058525367939372800 1746.65173 0.5936 0.057 -4.194 2.976 0.053 0.053 0.957 5160.5 4.7084 16.909515 1.22373 17.42436 16.20063 "" "" 1533.61084 2068.48877 3244.4487 1.6908 1464.4 12.67 2623.7 15.068 "" "" 0.002812816688023534 0.0097994115 0.0072913785 0.01709079 181.43000968505 -61.18030896527 1746.65173 -4.194000000000002 2.9760000000000004
181.77773427377 -60.86525752129 0.0413 0.0427 23.5912 "" "" 6058586253390299136 1582.59387 0.6084 0.0543 -1.632 1.313 0.049 0.057 0.97 5134.9 4.5947 16.90985 1.39978 17.543222 16.143442 "" "" 1465.52417 1705.68494 3243.45012 1.8243 1312.6 6.0703 2765.6 6.9323 "" "" 0.0028221833479759014 0.00574429 0.004657298 0.010401588 181.77773427377 -60.86525752129 1582.59387 -1.6320000000000001 1.3129999999999997
181.07716391938 -61.280399089 0.041 0.0436 15.2722 "" "" 6058501243064023936 2220.04199 0.4366 0.0552 -6.912 2.504 0.05 0.06 1.041 5235.5 4.7151 16.909912 1.140944 17.394352 16.253408 "" "" 1992.17419 2462.7019 3243.26048 1.8396 1505.5 6.8166 2499.2 7.601 "" "" 0.002823303872410873 0.0056526144 0.005018743 0.010671358 181.07716391938 -61.280399089 2220.04199 -6.912 2.5040000000000004
181.61610539149 -61.35888994523 0.1029 0.1087 6.5927 "" "" 6058506504413960448 1978.40442 0.6209 0.1457 -9.679 -0.28 0.123 0.144 2.95 5524.7 4.7264 16.910948 1.308159 17.410725 16.102566 "" "" 1539.22925 2816.51758 3240.16709 5.7681 1483.0 7.8059 2871.7 10.332 "" "" 0.003365642904605878 0.006359619 0.005435365 0.011794984 181.61610539149 -61.35888994523 1978.40442 -9.679 -0.28
181.61470850881 -61.52042965101 0.0472 0.0432 16.2773 "" "" 6057750315316929152 1562.59253 0.6333 0.06 -11.089 1.639 0.056 0.055 1.053 4983.1 4.677 16.912544 1.35844 17.511656 16.153215 "" "" 1434.22131 1740.23865 3235.40971 1.8574 1351.3 7.199 2740.8 8.8144 "" "" 0.0028249421713859024 0.006422011 0.0051454687 0.01156748 181.61470850881 -61.52042965101 1562.59253 -11.089 1.6390000000000002
181.80648767161 -61.41973789083 0.0603 0.0516 11.7952 "" "" 6057759626806558464 1924.11255 0.5342 0.0718 -7.205 0.657 0.066 0.064 1.17 5154.4 4.7151 16.91256 1.291634 17.435951 16.144318 "" "" 1683.67566 2397.51245 3235.36411 3.1948 1448.9 8.4554 2763.3 17.342 "" "" 0.002956558485879111 0.006923211 0.0077918475 0.014715059 181.80648767161 -61.41973789083 1924.11255 -7.205000000000001 0.6569999999999999
182.18548213638 -61.0892083859 0.0485 0.0427 19.405 "" "" 6058518873948293376 2161.25879 0.4519 0.0606 -4.999 0.166 0.06 0.057 1.053 5145.0 4.7176 16.91276 1.184101 17.430855 16.246754 "" "" 1933.07227 2456.39697 3234.76543 1.9419 1455.7 8.0839 2514.5 10.522 "" "" 0.0028313637938669352 0.0066436883 0.0059097596 0.012553448 182.18548213638 -61.0892083859 2161.25879 -4.999 0.1660000000000001
