Clusters/NGC_4103/NGC_4103_stars_in_region.tsv
# %ECSV 1.0
# ---
# datatype:
# - name: RA_ICRS_1
#   unit: deg
#   datatype: float64
#   format: '{:15.11f}'
#   description: Right ascension (ICRS) at Ep=2016.0 (ra)
#   meta: !!omap
#   - {ucd: POS_EQ_RA_MAIN}
#   - {width: 15}
#   - {precision: '11'}
# - name: DE_ICRS_1
#   unit: deg
#   datatype: float64
#   format: '{:15.11f}'
#   description: Declination (ICRS) at Ep=2016.0 (dec)
#   meta: !!omap
#   - {ucd: POS_EQ_DEC_MAIN}
#   - {width: 15}
#   - {precision: '11'}
# - name: e_RA_ICRS
#   unit: mas
#   datatype: float64
#   format: '{:7.4f}'
#   description: Standard error of right ascension (ra_error)
#   meta: !!omap
#   - {ucd: ERROR}
#   - {width: 7}
#   - {precision: '4'}
# - name: e_DE_ICRS
#   unit: mas
#   datatype: float64
#   format: '{:7.4f}'
#   description: Standard error of declination (dec_error)
#   meta: !!omap
#   - {ucd: ERROR}
#   - {width: 7}
#   - {precision: '4'}
# - name: _r_1
#   unit: ''
#   datatype: float64
#   format: '{:7.4f}'
#   description: Distance from center (181.60261656000-61.24920237000)[ICRS], at Epoch=J2016.0
#   meta: !!omap
#   - {ucd: POS_ANG_DIST_GENERAL}
#   - {width: 7}
#   - {precision: '4'}
# - name: HIP
#   datatype: int32
#   description: '? HIP cross-id number, van Leeuwen, Cat. I/311 (hip_original_ext_source_id)'
#   meta: !!omap
#   - {ucd: ID_NUMBER}
#   - {width: 6}
#   - values: {'null': -2147483648}
# - name: TYC2
#   datatype: string
#   description: Tycho-2 cross-id name, Hog et al., Cat. I/259 (tyc2_original_ext_source_id)
#   meta: !!omap
#   - {ucd: ID_CROSSID}
#   - {_votable_string_dtype: char}
# - name: Source
#   datatype: int64
#   description: Source identifier, identical to the Gaia-EDR3 source_id (id)
#   meta: !!omap
#   - {ucd: ID_MAIN}
#   - {width: 19}
# - name: rgeo
#   unit: pc
#   datatype: float64
#   format: '{:15.8f}'
#   description: '? Median of the geometric distance posterior (r_med_geo)'
#   meta: !!omap
#   - {ucd: PHYS_DISTANCE_TRUE}
#   - {width: 15}
#   - {precision: '8'}
#   - values: {'null': .nan}
# - name: Plx
#   unit: mas
#   datatype: float64
#   format: '{:9.4f}'
#   description: '? Parallax (parallax)'
#   meta: !!omap
#   - {ucd: POS_PARLX_TRIG}
#   - {width: 9}
#   - {precision: '4'}
#   - values: {'null': .nan}
# - name: e_Plx
#   unit: mas
#   datatype: float32
#   format: '{:7.4f}'
#   description: '? Standard error of parallax (parallax_error)'
#   meta: !!omap
#   - {ucd: ERROR}
#   - {width: 7}
#   - {precision: '4'}
#   - values: {'null': .nan}
# - name: pmRA
#   unit: mas / yr
#   datatype: float64
#   format: '{:9.3f}'
#   description: '? Proper motion in right ascension direction, pmRA*cosDE (pmra)'
#   meta: !!omap
#   - {ucd: POS_EQ_PMRA}
#   - {width: 9}
#   - {precision: '3'}
#   - values: {'null': .nan}
# - name: pmDE
#   unit: mas / yr
#   datatype: float64
#   format: '{:9.3f}'
#   description: '? Proper motion in declination direction (pmdec)'
#   meta: !!omap
#   - {ucd: POS_EQ_PMDEC}
#   - {width: 9}
#   - {precision: '3'}
#   - values: {'null': .nan}
# - name: e_pmRA
#   unit: mas / yr
#   datatype: float32
#   format: '{:6.3f}'
#   description: '? Standard error of proper motion in right ascension direction (pmra_error)'
#   meta: !!omap
#   - {ucd: ERROR}
#   - {width: 6}
#   - {precision: '3'}
#   - values: {'null': .nan}
# - name: e_pmDE
[...]
#         unit: &id001 !astropy.units.Unit {unit: deg}
#         value: !astropy.table.SerializedColumn {name: SkyCoord.dec}
#       distance: !astropy.table.SerializedColumn
#         __class__: astropy.coordinates.distances.Distance
#         unit: !astropy.units.Unit {unit: pc}
#         value: !astropy.table.SerializedColumn {name: SkyCoord.distance}
#       frame: icrs
#       obstime: !astropy.time.Time {format: jyear_str, in_subfmt: '*', jd1: 367701545.0, jd2: 0.0, out_subfmt: '*', precision: 3, scale: tt}
#       pm_dec: !astropy.table.SerializedColumn
#         __class__: astropy.units.quantity.Quantity
#         unit: !astropy.units.Unit {unit: mas / yr}
#         value: !astropy.table.SerializedColumn {name: SkyCoord.pm_dec}
#       pm_ra_cosdec: !astropy.table.SerializedColumn
#         __class__: astropy.units.quantity.Quantity
#         unit: !astropy.units.Unit {unit: mas / yr}
#         value: !astropy.table.SerializedColumn {name: SkyCoord.pm_ra_cosdec}
#       ra: !astropy.table.SerializedColumn
#         __class__: astropy.coordinates.angles.Longitude
#         unit: *id001
#         value: !astropy.table.SerializedColumn {name: SkyCoord.ra}
#         wrap_angle: !astropy.coordinates.Angle
#           unit: *id001
#           value: 360.0
#       representation_type: spherical
# schema: astropy-2.0
RA_ICRS_1 DE_ICRS_1 e_RA_ICRS e_DE_ICRS _r_1 HIP TYC2 Source rgeo Plx e_Plx pmRA pmDE e_pmRA e_pmDE RUWE Teff logg Gmag BP-RP BPmag RPmag RV e_RV b_rgeo B_rgeo FG e_FG FBP e_FBP FRP e_FRP RAVE5 RAVE6 e_Gmag e_BPmag e_RPmag e_BP-RP SkyCoord.ra SkyCoord.dec SkyCoord.distance SkyCoord.pm_ra_cosdec SkyCoord.pm_dec
[from data line 3065]
181.1261745154 -61.56984971063 0.042 0.0363 23.6065 "" "" 6058479085368587648 1804.09009 0.5371 0.052 -6.206 -0.685 0.052 0.051 1.044 5171.5 4.3853 16.682152 1.31899 17.242369 15.923379 "" "" 1659.11877 2043.89001 4000.23643 1.9587 1731.7 8.3706 3386.9 10.924 "" "" 0.0028061389889069135 0.005943768 0.0051523806 0.011096149 181.1261745154 -61.56984971063 1804.09009 -6.2059999999999995 -0.6849999999999998
181.85787993772 -61.53057495557 0.0402 0.0388 18.4065 "" "" 6057755052633964800 2061.09302 0.4746 0.0517 -2.998 0.648 0.048 0.053 0.979 5536.0 4.6337 16.683697 1.203165 17.18211 15.978945 "" "" 1871.35706 2305.08887 3994.55025 2.1447 1830.5 10.134 3218.0 8.0558 "" "" 0.0028163109009430067 0.0066268616 0.00465523 0.011282092 181.85787993772 -61.53057495557 2061.09302 -2.9979999999999998 0.6480000000000001
182.06068149197 -61.1060966884 0.0398 0.0362 15.7887 "" "" 6058519183185910144 1768.47388 0.5747 0.0527 -7.414 0.642 0.05 0.047 1.012 5136.9 4.6157 16.683764 1.306666 17.257437 15.95077 "" "" 1583.04858 2013.09509 3994.30801 3.2434 1707.8 8.839 3302.6 17.011 "" "" 0.0028929310075149 0.0062739756 0.006749715 0.013023691 182.06068149197 -61.1060966884 1768.47388 -7.414 0.6419999999999999
182.38102211957 -61.43840117029 0.0424 0.0375 25.1096 "" "" 6057838585484855808 1837.04297 0.5428 0.0529 -3.098 -7.768 0.05 0.05 1.053 5265.7 4.6371 16.683844 1.403784 17.213814 15.81003 "" "" 1681.20544 2025.75232 3994.00931 2.3894 1777.8 13.342 3759.6 60.532 "" "" 0.002830845831863011 0.008612689 0.017884938 0.026497627 182.38102211957 -61.43840117029 1837.04297 -3.097999999999999 -7.768
181.89624600062 -61.21533801692 0.0438 0.0412 8.7188 "" "" 6058516400046970112 1964.95044 0.5206 0.0587 -9.389 2.544 0.054 0.055 1.074 5301.8 4.6802 16.685652 1.20812 17.211962 16.003841 "" "" 1734.44153 2205.7439 3987.36526 2.1694 1780.9 6.656 3145.0 8.9302 "" "" 0.0028179307099723766 0.004924566 0.004877318 0.009801884 181.89624600062 -61.21533801692 1964.95044 -9.389 2.544
181.43117480443 -60.95919096056 0.0452 0.038 18.0967 "" "" 6058579896838248960 2169.1936 0.4475 0.0562 -7.853 0.305 0.055 0.052 1.107 5485.9 4.6507 16.688131 1.128338 17.136946 16.008608 "" "" 1948.07861 2409.58862 3978.26752 2.5187 1908.3 8.3414 3131.2 14.595 "" "" 0.002839771482119261 0.005505307 0.006316268 0.011821575 181.43117480443 -60.95919096056 2169.1936 -7.853000000000001 0.30500000000000005
181.5932473477 -61.48323221497 0.0445 0.0416 14.0444 "" "" 6057753235894959872 2109.87695 0.4693 0.0557 -6.832 0.547 0.053 0.058 1.117 5492.7 4.6817 16.688143 1.24674 16.884943 15.638203 "" "" 1910.32971 2347.38281 3978.22658 3.7523 2406.8 69.112 4404.3 99.981 "" "" 0.002939476466113569 0.03130185 0.02493513 0.05623698 181.5932473477 -61.48323221497 2109.87695 -6.831999999999999 0.5470000000000002
182.28814520609 -61.36632610971 0.0391 0.0368 20.9605 "" "" 6057757908819803008 1952.94897 0.4967 0.051 -8.704 1.825 0.048 0.047 1.059 "" "" 16.688393 1.313444 17.26952 15.956076 "" "" 1798.19409 2209.48193 3977.30977 2.0936 1688.9 8.5088 3286.5 7.1724 "" "" 0.0028139687739358733 0.006140532 0.0044607418 0.010601274 182.28814520609 -61.36632610971 1952.94897 -8.704 1.8249999999999997
181.89142059014 -61.3944559596 0.0389 0.0389 12.0459 "" "" 6057760142202682752 2142.82202 0.4513 0.0518 -4.253 -0.801 0.046 0.052 1.008 5153.0 4.579 16.68917 1.346419 17.289623 15.943204 "" "" 1953.10559 2425.17969 3974.46131 2.1377 1657.9 6.5602 3325.7 9.223 "" "" 0.0028165251445448443 0.00512272 0.0048321798 0.0099549 181.89142059014 -61.3944559596 2142.82202 -4.253 -0.801
181.27872404315 -60.97907479448 0.042 0.0386 18.7301 "" "" 6058578900397134080 2120.62207 0.4479 0.0582 -3.288 -2.305 0.052 0.053 0.999 5405.3 4.6918 16.689753 1.050624 16.966463 15.915839 "" "" 1906.08069 2429.33521 3972.33459 2.8984 2232.7 51.379 3410.5 35.321 "" "" 0.0028669454059036467 0.025140325 0.011862628 0.03700295 181.27872404315 -60.97907479448 2120.62207 -3.288 -2.3049999999999997
181.038996535 -61.04848348485 0.0466 0.0413 20.2808 "" "" 6058555157834558336 2120.29834 0.4381 0.0573 -6.444 0.123 0.056 0.057 1.032 5545.5 4.6397 16.689785 1.156214 17.181911 16.025698 "" "" 1911.23816 2373.01172 3972.21382 2.1464 1830.8 8.0429 3082.3 8.8179 "" "" 0.0028170879469322668 0.005525904 0.004891988 0.010417892 181.038996535 -61.04848348485 2120.29834 -6.443999999999999 0.12299999999999998
181.68094363341 -61.43034371266 0.0566 0.052 11.0997 "" "" 6057754575915429888 1780.04944 0.5602 0.0708 -9.169 0.701 0.067 0.065 1.356 5906.7 4.5867 16.690763 1.235004 17.06291 15.827906 "" "" 1604.46912 2105.50244 3968.63535 3.2475 2042.9 17.271 3698.2 31.608 "" "" 0.002895018151141626 0.009593686 0.0100197485 0.019613434 181.68094363341 -61.43034371266 1780.04944 -9.169000000000002 0.7010000000000001
182.39003604684 -61.24186073793 0.0514 0.0905 22.7318 "" "" 6057856280729174016 2149.70679 0.485 0.0858 -6.33 0.699 0.066 0.106 1.291 "" "" 16.691101 1.203772 16.430094 15.226321 "" "" 1826.95251 2579.12085 3967.40559 5.835 3659.1 439.36 6436.2 207.47 "" "" 0.0031845963564300253 0.1303977 0.035202023 0.16559973 182.39003604684 -61.24186073793 2149.70679 -6.33 0.6989999999999998
181.61449450574 -61.29652080852 0.0409 0.0407 2.8597 "" "" 6058510004797227264 1846.52466 0.5257 0.0547 -6.172 0.158 0.048 0.054 0.973 5571.8 4.6139 16.692327 1.359788 17.242247 15.882459 "" "" 1687.28625 2034.43384 3962.92446 8.3977 1731.9 17.895 3517.0 23.229 "" "" 0.0035895998289646905 0.011560227 0.008106023 0.01966625 181.61449450574 -61.29652080852 1846.52466 -6.172 0.15799999999999997
181.27463963913 -61.18174515003 0.0593 0.0536 10.3038 "" "" 6058525917695156480 1920.03613 0.5133 0.0768 -4.863 -0.159 0.078 0.073 1.466 5404.5 4.7169 16.692627 1.274136 17.183905 15.909769 "" "" 1684.91895 2260.92944 3961.8292 4.9555 1827.5 11.589 3429.7 16.68 "" "" 0.0030718222191419295 0.0074290116 0.0064935368 0.013922548 181.27463963913 -61.18174515003 1920.03613 -4.863000000000001 -0.15900000000000003
181.49888739356 -61.20477679675 0.0391 0.0375 4.0099 "" "" 6058523581233092480 1896.46851 0.525 0.0521 -6.117 0.291 0.047 0.048 0.969 5353.8 4.6425 16.692932 1.305408 17.26088 15.955472 "" "" 1714.35913 2082.94531 3960.72073 3.7793 1702.4 7.1671 3288.3 14.293 "" "" 0.0029436531191076726 0.005355241 0.006046105 0.011401346 181.49888739356 -61.20477679675 1896.46851 -6.116999999999999 0.29100000000000004
181.29022910046 -61.54623268586 0.0489 0.0386 19.9531 "" "" 6057752063330127104 1797.66809 0.5235 0.0568 -6.644 1.673 0.058 0.056 1.046 5442.6 4.6425 16.693285 1.272709 17.243006 15.970297 "" "" 1630.45093 2007.37354 3959.4315 2.2141 1730.7 6.966 3243.7 10.355 "" "" 0.002821419516732319 0.005184819 0.0051280768 0.010312896 181.29022910046 -61.54623268586 1797.66809 -6.644 1.673
182.14710560146 -61.38869563997 0.0407 0.0384 17.7731 "" "" 6057757629607997824 2156.47534 0.4494 0.0537 -9.91 1.735 0.049 0.05 1.037 5680.2 4.6267 16.693895 1.340777 17.264187 15.923409 "" "" 1963.17419 2402.2666 3957.20662 2.1575 1697.2 7.8924 3386.8 9.3701 "" "" 0.0028181902758022226 0.00576861 0.004827719 0.010596329 182.14710560146 -61.38869563997 2156.47534 -9.91 1.7349999999999994
180.91902913964 -61.1271267798 0.0431 0.0369 21.08 "" "" 6058553542926787200 2099.75342 0.459 0.0524 -12.327 0.713 0.05 0.048 0.981 5084.9 4.381 16.694466 1.078024 17.1485 16.070477 "" "" 1884.21521 2404.13696 3955.12448 2.0154 1888.1 15.372 2957.8 7.0954 "" "" 0.0028103168075511854 0.00926944 0.004589923 0.013859363 180.91902913964 -61.1271267798 2099.75342 -12.327 0.7129999999999999
181.62446993028 -61.16758633745 0.0494 0.0454 4.9375 "" "" 6058524062269475840 1834.3739 0.5309 0.0656 -6.773 0.37 0.064 0.062 1.178 5018.0 4.4899 16.69562 1.234708 17.222017 15.987309 "" "" 1627.94604 2092.92896 3950.92844 2.288 1764.5 8.6481 3193.3 7.9282 "" "" 0.002826149636169801 0.0060084946 0.00464221 0.010650705 181.62446993028 -61.16758633745 1834.3739 -6.773 0.3700000000000001
181.92116303841 -61.60873406394 0.0375 0.0362 23.4285 "" "" 6057739320200144896 1846.54102 0.5278 0.0497 -8.58 1.17 0.047 0.048 1.039 5355.0 4.6448 16.695852 1.321866 17.28432 15.962455 "" "" 1705.95117 2038.65515 3950.07794 3.3284 1666.1 7.058 3267.2 10.068 "" "" 0.0029032320355839034 0.005379581 0.005047542 0.010427123 181.92116303841 -61.60873406394 1846.54102 -8.58 1.17
181.49283789994 -61.31028282115 0.0403 0.0414 4.8424 "" "" 6058510318372724352 1699.22412 0.5826 0.0554 -5.615 -1.605 0.048 0.054 1.047 5363.0 4.6594 16.695925 1.219648 17.211258 15.99161 "" "" 1540.57617 1858.57617 3949.81664 2.1396 1782.0 6.2967 3180.6 8.0629 "" "" 0.0028173918586892523 0.004743775 0.0046753883 0.009419164 181.49283789994 -61.31028282115 1699.22412 -5.615 -1.6049999999999998
182.09745495725 -61.25167294855 0.0445 0.0371 14.2812 "" "" 6058513719987375488 2136.06128 0.4639 0.0542 -10.585 3.991 0.056 0.052 1.058 5300.4 4.6277 16.696115 1.314549 17.266167 15.951617 "" "" 1881.96069 2370.89136 3949.12485 2.1389 1694.1 9.3525 3300.0 9.6905 "" "" 0.0028173731891775067 0.0066115404 0.0049445787 0.011556119 182.09745495725 -61.25167294855 2136.06128 -10.585 3.9910000000000005
182.17136914158 -60.97318647574 0.0354 0.0357 23.3678 "" "" 6058532892722654080 1702.34436 0.561 0.0489 -6.166 11.824 0.043 0.046 0.965 5354.5 4.6452 16.696245 1.230926 17.223951 15.993026 "" "" 1561.48413 1875.04248 3948.65369 1.952 1761.3 7.0318 3176.5 6.7365 "" "" 0.002807110163174389 0.0051550493 0.0044255485 0.009580597 182.17136914158 -60.97318647574 1702.34436 -6.1659999999999995 11.824
182.15394399303 -61.31517709027 0.0392 0.0356 16.3801 "" "" 6057761757110530688 1916.97888 0.513 0.0511 -3.39 0.327 0.047 0.046 0.982 5081.0 4.5492 16.696798 1.285857 17.261269 15.975411 "" "" 1734.23511 2087.29468 3946.64073 1.9796 1701.8 7.0375 3228.4 10.284 "" "" 0.002808624892274293 0.00528621 0.0051230434 0.010409254 182.15394399303 -61.31517709027 1916.97888 -3.39 0.32699999999999996
182.01468909072 -61.31476558839 0.0383 0.0385 12.5144 "" "" 6057761207354691456 1725.34998 0.5627 0.0525 -6.191 0.032 0.047 0.053 0.996 5608.5 4.6788 16.697279 1.257209 17.251467 15.994258 "" "" 1563.82141 1903.28564 3944.89576 2.4094 1717.2 8.9622 3172.9 7.7058 "" "" 0.0028339952002453053 0.006316229 0.004608331 0.010924559 182.01468909072 -61.31476558839 1725.34998 -6.191 0.03200000000000001
181.53393236163 -61.17373965445 0.0392 0.0365 4.9436 "" "" 6058523890470756352 2000.55579 0.4953 0.0515 -10.726 -1.324 0.049 0.048 0.995 5021.0 4.6255 16.697351 1.288354 17.274015 15.985662 "" "" 1817.33606 2241.49634 3944.62614 1.9019 1681.9 5.8946 3198.1 8.9021 "" "" 0.002804608413597152 0.0047185444 0.0048391614 0.009557705 181.53393236163 -61.17373965445 2000.55579 -10.725999999999999 -1.324
181.1045777958 -61.48739619814 0.0434 0.0363 20.2306 "" "" 6058483483415156864 1641.37732 0.5991 0.0523 -12.545 -0.46 0.051 0.052 1.09 5114.4 4.4542 16.698658 1.38221 17.316116 15.933907 "" "" 1537.00928 1835.79187 3939.88664 2.0715 1618.0 7.0569 3354.3 7.9389 "" "" 0.002813834471177746 0.005496306 0.00457024 0.0100665465 181.1045777958 -61.48739619814 1641.37732 -12.545 -0.45999999999999996
182.20289032658 -61.26733185096 0.0466 0.0489 17.353 "" "" 6057763165859845504 1751.26819 0.5644 0.0634 -4.005 3.282 0.058 0.057 1.223 "" "" 16.69978 1.261604 16.911026 15.649422 "" "" 1576.15332 1949.2113 3935.81866 5.042 2349.7 230.66 4359.0 188.43 "" "" 0.0030864798199010226 0.1066186 0.047085907 0.15370451 182.20289032658 -61.26733185096 1751.26819 -4.004999999999999 3.282
180.86442823737 -61.02770527577 0.044 0.0375 25.173 "" "" 6058567527341500288 2225.95288 0.4422 0.0523 -6.84 0.214 0.054 0.051 1.011 5595.9 4.6552 16.700264 1.091993 17.141096 16.049103 "" "" 1964.50659 2501.70972 3934.06448 2.3 1901.0 10.368 3016.6 16.02 "" "" 0.0028274921227851263 0.0065459977 0.0068941736 0.013440171 180.86442823737 -61.02770527577 2225.95288 -6.84 0.21400000000000005
182.16476949066 -61.03948293995 0.0409 0.0358 20.5743 "" "" 6058531724491668352 2018.29871 0.4732 0.0524 -9.378 0.592 0.049 0.05 1.003 5340.6 4.6447 16.70027 1.240435 17.239523 15.999088 "" "" 1804.58179 2308.1333 3934.03848 1.9913 1736.2 6.9609 3158.8 9.3353 "" "" 0.002809593514573358 0.005170471 0.0049577765 0.010128248 182.16476949066 -61.03948293995 2018.29871 -9.377999999999998 0.5920000000000001
182.1042642682 -61.11804875506 0.0401 0.0394 16.5045 "" "" 6058518461631535232 1741.29065 0.5672 0.0515 -1.217 -1.045 0.05 0.053 1.066 5470.0 4.5065 16.70106 1.21266 17.200808 15.988148 "" "" 1594.97974 1870.07837 3931.17988 2.1596 1799.3 6.3748 3190.8 10.054 "" "" 0.0028191387185040845 0.0047520604 0.005097797 0.009849858 182.1042642682 -61.11804875506 1741.29065 -1.2169999999999999 -1.045
182.18814969217 -61.32398118908 0.0398 0.0371 17.4645 "" "" 6057762062014315648 2149.91211 0.4356 0.0528 -6.097 0.1 0.054 0.049 0.97 5638.0 4.6032 16.701157 1.261849 17.245014 15.983165 "" "" 1953.58496 2368.04663 3930.82553 5.3282 1727.5 14.441 3205.5 18.287 "" "" 0.003123733001605365 0.009495381 0.007255986 0.016751368 182.18814969217 -61.32398118908 2149.91211 -6.097 0.09999999999999992
181.67358011701 -61.15691202057 0.0413 0.0395 5.9051 "" "" 6058524165348709248 2031.51453 0.4717 0.0547 -8.31 0.36 0.054 0.055 1.017 4817.7 4.2841 16.702074 1.214233 17.233696 16.019463 "" "" 1856.53687 2254.0293 3927.51175 2.1284 1745.6 7.2431 3100.1 10.186 "" "" 0.0028174427918485146 0.0052991454 0.0051971236 0.010496269 181.67358011701 -61.15691202057 2031.51453 -8.310000000000002 0.35999999999999976
180.88175382543 -61.08963621415 0.0525 0.0424 22.9492 "" "" 6058554603738529408 1565.13 0.6295 0.0614 3.377 -3.349 0.06 0.055 1.098 4923.4 4.4868 16.702148 1.212473 17.227991 16.015518 "" "" 1431.86719 1712.94727 3927.23775 2.3138 1754.8 5.8349 3111.4 10.119 "" "" 0.00282860040575136 0.0045627314 0.00517225 0.009734981 180.88175382543 -61.08963621415 1565.13 3.376999999999999 -3.349
181.74154192365 -61.25228889634 0.0427 0.045 4.0135 "" "" 6058516056449792256 1825.88257 0.5458 0.0574 -8.42 3.653 0.058 0.06 0.994 5629.6 4.6908 16.702566 1.192669 17.213013 16.020344 "" "" 1652.11023 2053.74634 3925.72775 2.165 1779.1 7.8245 3097.6 8.9919 "" "" 0.0028196308663474574 0.0055304994 0.004921097 0.010451596 181.74154192365 -61.25228889634 1825.88257 -8.420000000000002 3.6529999999999996
181.70300957315 -61.65573199298 0.0596 0.0704 24.561 "" "" 6057735884220698112 1740.83374 0.5871 0.0775 -5.879 0.229 0.081 0.1 1.533 "" "" 16.702732 1.260897 17.043377 15.78248 "" "" 1493.35364 1987.77783 3925.13056 5.2333 2080.0 10.916 3856.3 18.396 "" "" 0.0031124442098028017 0.0063444907 0.0064116763 0.012756167 181.70300957315 -61.65573199298 1740.83374 -5.8790000000000004 0.2290000000000001
182.19117811054 -61.14939543377 0.0393 0.0376 18.036 "" "" 6058515506693886464 2069.15332 0.4827 0.0525 -5.785 -0.046 0.052 0.051 1.041 5423.0 4.6407 16.704443 1.198296 17.201538 16.003242 "" "" 1877.39331 2375.14453 3918.95081 4.695 1798.0 9.1582 3146.7 13.506 "" "" 0.0030469182453283323 0.0061942483 0.006000025 0.012194274 182.19117811054 -61.14939543377 2069.15332 -5.785 -0.04600000000000001
181.70347215969 -60.8835236989 0.0394 0.0372 22.1352 "" "" 6058580549673368832 1958.5105 0.4882 0.0523 -10.531 3.074 0.046 0.047 1.005 4972.2 4.3957 16.709654 1.363939 17.324076 15.960136 "" "" 1790.36389 2215.17139 3900.1876 1.9289 1606.2 8.4016 3274.2 7.5756 "" "" 0.0028071558868914227 0.006327582 0.0045381 0.010865683 181.70347215969 -60.8835236989 1958.5105 -10.531000000000002 3.074
