Clusters/NGC_4103/NGC_4103_members.tsv
# %ECSV 1.0
# ---
# datatype:
# - name: RA_ICRS_1
#   unit: deg
#   datatype: float64
#   format: '{:15.11f}'
#   description: Right ascension (ICRS) at Ep=2016.0 (ra)
#   meta: !!omap
#   - {ucd: POS_EQ_RA_MAIN}
#   - {width: 15}
#   - {precision: '11'}
# - name: DE_ICRS_1
#   unit: deg
#   datatype: float64
#   format: '{:15.11f}'
#   description: Declination (ICRS) at Ep=2016.0 (dec)
#   meta: !!omap
#   - {ucd: POS_EQ_DEC_MAIN}
#   - {width: 15}
#   - {precision: '11'}
# - name: e_RA_ICRS
#   unit: mas
#   datatype: float64
#   format: '{:7.4f}'
#   description: Standard error of right ascension (ra_error)
#   meta: !!omap
#   - {ucd: ERROR}
#   - {width: 7}
#   - {precision: '4'}
# - name: e_DE_ICRS
#   unit: mas
#   datatype: float64
#   format: '{:7.4f}'
#   description: Standard error of declination (dec_error)
#   meta: !!omap
#   - {ucd: ERROR}
#   - {width: 7}
#   - {precision: '4'}
# - name: _r_1
#   unit: ''
#   datatype: float64
#   format: '{:7.4f}'
#   description: Distance from center (181.60261656000-61.24920237000)[ICRS], at Epoch=J2016.0
#   meta: !!omap
#   - {ucd: POS_ANG_DIST_GENERAL}
#   - {width: 7}
#   - {precision: '4'}
# - name: HIP
#   datatype: int32
#   description: '? HIP cross-id number, van Leeuwen, Cat. I/311 (hip_original_ext_source_id)'
#   meta: !!omap
#   - {ucd: ID_NUMBER}
#   - {width: 6}
#   - values: {'null': -2147483648}
# - name: TYC2
#   datatype: string
#   description: Tycho-2 cross-id name, Hog et al., Cat. I/259 (tyc2_original_ext_source_id)
#   meta: !!omap
#   - {ucd: ID_CROSSID}
#   - {_votable_string_dtype: char}
# - name: Source
#   datatype: int64
#   description: Source identifier, identical to the Gaia-EDR3 source_id (id)
#   meta: !!omap
#   - {ucd: ID_MAIN}
#   - {width: 19}
# - name: rgeo
#   unit: pc
#   datatype: float64
#   format: '{:15.8f}'
#   description: '? Median of the geometric distance posterior (r_med_geo)'
#   meta: !!omap
#   - {ucd: PHYS_DISTANCE_TRUE}
#   - {width: 15}
#   - {precision: '8'}
#   - values: {'null': .nan}
# - name: Plx
#   unit: mas
#   datatype: float64
#   format: '{:9.4f}'
#   description: '? Parallax (parallax)'
#   meta: !!omap
#   - {ucd: POS_PARLX_TRIG}
#   - {width: 9}
#   - {precision: '4'}
#   - values: {'null': .nan}
# - name: e_Plx
#   unit: mas
#   datatype: float32
#   format: '{:7.4f}'
#   description: '? Standard error of parallax (parallax_error)'
#   meta: !!omap
#   - {ucd: ERROR}
#   - {width: 7}
#   - {precision: '4'}
#   - values: {'null': .nan}
# - name: pmRA
#   unit: mas / yr
#   datatype: float64
#   format: '{:9.3f}'
#   description: '? Proper motion in right ascension direction, pmRA*cosDE (pmra)'
#   meta: !!omap
#   - {ucd: POS_EQ_PMRA}
#   - {width: 9}
#   - {precision: '3'}
#   - values: {'null': .nan}
# - name: pmDE
#   unit: mas / yr
#   datatype: float64
#   format: '{:9.3f}'
#   description: '? Proper motion in declination direction (pmdec)'
#   meta: !!omap
#   - {ucd: POS_EQ_PMDEC}
#   - {width: 9}
#   - {precision: '3'}
#   - values: {'null': .nan}
# - name: e_pmRA
#   unit: mas / yr
#   datatype: float32
#   format: '{:6.3f}'
#   description: '? Standard error of proper motion in right ascension direction (pmra_error)'
#   meta: !!omap
#   - {ucd: ERROR}
#   - {width: 6}
#   - {precision: '3'}
#   - values: {'null': .nan}
# - name: e_pmDE
[...]
#         unit: &id001 !astropy.units.Unit {unit: deg}
#         value: !astropy.table.SerializedColumn {name: SkyCoord.dec}
#       distance: !astropy.table.SerializedColumn
#         __class__: astropy.coordinates.distances.Distance
#         unit: !astropy.units.Unit {unit: pc}
#         value: !astropy.table.SerializedColumn {name: SkyCoord.distance}
#       frame: icrs
#       obstime: !astropy.time.Time {format: jyear_str, in_subfmt: '*', jd1: 367701545.0, jd2: 0.0, out_subfmt: '*', precision: 3, scale: tt}
#       pm_dec: !astropy.table.SerializedColumn
#         __class__: astropy.units.quantity.Quantity
#         unit: !astropy.units.Unit {unit: mas / yr}
#         value: !astropy.table.SerializedColumn {name: SkyCoord.pm_dec}
#       pm_ra_cosdec: !astropy.table.SerializedColumn
#         __class__: astropy.units.quantity.Quantity
#         unit: !astropy.units.Unit {unit: mas / yr}
#         value: !astropy.table.SerializedColumn {name: SkyCoord.pm_ra_cosdec}
#       ra: !astropy.table.SerializedColumn
#         __class__: astropy.coordinates.angles.Longitude
#         unit: *id001
#         value: !astropy.table.SerializedColumn {name: SkyCoord.ra}
#         wrap_angle: !astropy.coordinates.Angle
#           unit: *id001
#           value: 360.0
#       representation_type: spherical
# schema: astropy-2.0
RA_ICRS_1 DE_ICRS_1 e_RA_ICRS e_DE_ICRS _r_1 HIP TYC2 Source rgeo Plx e_Plx pmRA pmDE e_pmRA e_pmDE RUWE Teff logg Gmag BP-RP BPmag RPmag RV e_RV b_rgeo B_rgeo FG e_FG FBP e_FBP FRP e_FRP RAVE5 RAVE6 e_Gmag e_BPmag e_RPmag e_BP-RP SkyCoord.ra SkyCoord.dec SkyCoord.distance SkyCoord.pm_ra_cosdec SkyCoord.pm_dec Pmemb
[from data line 159]
181.58625151352 -61.44557478991 0.0206 0.019 11.7917 "" "" 6057754266687118208 1674.14221 0.5666 0.026 -6.301 0.172 0.024 0.026 0.996 6639.0 4.2375 15.13712 0.975873 15.532578 14.556705 "" "" 1585.05725 1773.80005 16599.63319 4.0245 8363.5 11.987 11925.0 13.152 "" "" 0.002767865636903492 0.0031947768 0.0039645447 0.0071593216 181.58625151352 -61.44557478991 1674.14221 -6.301 0.17200000000000007 1.0
181.71926909244 -61.2200400498 0.0185 0.0186 3.7955 "" "" 6058511074287152384 1882.66956 0.4863 0.0257 -6.129 0.171 0.023 0.025 1.034 7554.0 4.2093 15.151165 0.861179 15.490614 14.629435 "" "" 1787.22778 1960.03821 16386.29139 11.671 8693.0 24.313 11153.0 22.466 "" "" 0.0028617813315792604 0.00412386 0.004366567 0.0084904265 181.71926909244 -61.2200400498 1882.66956 -6.128999999999997 0.17100000000000004 1.0
181.40515800282 -61.29101791784 0.019 0.0189 6.223 "" "" 6058520866813526272 1809.29834 0.5131 0.0245 -6.182 0.122 0.023 0.025 1.082 7298.9 4.1273 15.15478 0.849452 15.488308 14.638856 "" "" 1720.63928 1917.13086 16331.81767 16.731 8711.5 34.145 11056.0 33.295 "" "" 0.002971353634016237 0.0050887116 0.0049974527 0.010086164 181.40515800282 -61.29101791784 1809.29834 -6.181999999999999 0.12199999999999997 1.0
181.58006518113 -61.28043310367 0.0188 0.0187 1.9835 "" "" 6058510451473910400 1987.96802 0.4712 0.0254 -6.16 0.351 0.023 0.025 1.062 7736.7 4.0326 15.160279 0.860232 15.471494 14.611261 "" "" 1886.4574 2095.45996 16249.30755 10.68 8847.5 34.984 11341.0 38.153 "" "" 0.0028462305051107305 0.0051201507 0.0052559664 0.010376117 181.58006518113 -61.28043310367 1987.96802 -6.159999999999998 0.35100000000000003 0.9
181.37388396919 -61.31495058307 0.0185 0.0188 7.6842 "" "" 6058509012669104256 1898.67358 0.4879 0.0242 -6.213 0.121 0.022 0.025 1.028 7482.9 4.0676 15.21889 0.880777 15.567561 14.686784 "" "" 1805.23938 1986.99927 15395.38747 4.0246 8098.3 10.37 10579.0 11.061 "" "" 0.0027699003895978315 0.0031173688 0.0039461902 0.0070635593 181.37388396919 -61.31495058307 1898.67358 -6.213000000000002 0.12100000000000002 1.0
181.67556721888 -61.20968071759 0.0188 0.0192 3.1719 "" "" 6058511314805290624 1838.93079 0.5179 0.0256 -6.212 0.186 0.024 0.025 0.914 6910.6 4.4099 15.287682 0.900807 15.647986 14.747179 "" "" 1753.17261 1917.66943 14450.20267 3.6161 7520.1 14.756 10007.0 12.287 "" "" 0.002768683927097765 0.00351053 0.0040076068 0.007518137 181.67556721888 -61.20968071759 1838.93079 -6.212 0.18600000000000017 1.0
181.4056872323 -61.27361629859 0.019 0.0191 5.867 "" "" 6058521141691449344 2006.02393 0.4602 0.0248 -6.269 0.101 0.023 0.025 1.07 7177.9 4.1723 15.297069 0.903439 15.658789 14.755349 "" "" 1904.81238 2129.49854 14325.81714 3.4936 7445.6 12.549 9931.6 8.6793 "" "" 0.002768012925885475 0.003336717 0.0038966667 0.0072333836 181.4056872323 -61.27361629859 2006.02393 -6.268999999999998 0.10099999999999999 1.0
181.5451879634 -61.3225363055 0.0191 0.0201 4.7012 "" "" 6058509596818242304 1994.93921 0.4723 0.0262 -6.107 0.22 0.022 0.026 0.968 7433.0 4.2892 15.299443 0.921933 15.672135 14.750202 "" "" 1910.34778 2106.96802 14294.51594 4.4125 7354.7 10.277 9978.8 10.425 "" "" 0.0027756287745890175 0.0031759662 0.0039459257 0.0071218917 181.5451879634 -61.3225363055 1994.93921 -6.107 0.21999999999999992 0.9
181.57291282345 -61.22426111072 0.0188 0.0197 1.7248 "" "" 6058522619160432128 1783.04138 0.5234 0.0257 -6.198 0.201 0.024 0.026 1.033 6572.4 4.0594 15.317432 0.888178 15.669191 14.781014 "" "" 1716.27698 1862.86743 14059.62957 3.8947 7374.6 10.034 9699.6 10.373 "" "" 0.0027716868151912875 0.003157115 0.0039537214 0.0071108365 181.57291282345 -61.22426111072 1783.04138 -6.198000000000001 0.201 1.0
181.56924620198 -61.2355254235 0.021 0.0213 1.2654 "" "" 6058522550440950144 1992.53174 0.4733 0.0284 -6.194 0.068 0.027 0.031 1.092 6884.0 4.0851 15.35068 0.894742 15.708951 14.814209 "" "" 1885.89038 2134.53687 13635.60846 3.6404 7109.5 10.706 9407.5 11.436 "" "" 0.002770525640632302 0.0032339154 0.0040032146 0.00723713 181.56924620198 -61.2355254235 1992.53174 -6.194000000000002 0.06799999999999998 1.0
181.65582691932 -61.21016676158 0.0194 0.0198 2.8012 "" "" 6058522962757843712 1794.6864 0.5187 0.0264 -6.33 0.015 0.025 0.026 0.99 6752.4 4.2082 15.355336 0.904917 15.708096 14.80318 "" "" 1717.91748 1882.55652 13577.25861 3.5885 7115.1 9.5024 9503.6 14.683 "" "" 0.0027702232555105993 0.0031444605 0.0041349223 0.007279383 181.65582691932 -61.21016676158 1794.6864 -6.329999999999998 0.01500000000000002 1.0
182.00418407328 -61.32550444421 0.0188 0.0199 12.4476 "" "" 6057761207354679168 1895.99487 0.4895 0.026 -6.195 0.026 0.024 0.026 0.955 6813.3 4.188 15.35784 0.983795 15.745974 14.762178 "" "" 1819.57996 2010.02783 13545.99146 3.504 6871.1 24.821 9869.3 20.644 "" "" 0.0027695969527087257 0.0048132963 0.004409253 0.009222549 182.00418407328 -61.32550444421 1895.99487 -6.195000000000002 0.02600000000000001 0.8
181.55201179945 -61.23053353625 0.0205 0.0196 1.8409 "" "" 6058522584800685184 1883.09949 0.4972 0.0268 -6.227 0.171 0.026 0.026 1.019 6434.2 4.1791 15.358126 0.911289 15.727648 14.816359 "" "" 1802.07019 1965.06226 13542.42889 3.6236 6988.1 10.331 9388.9 9.098 "" "" 0.002770593464333513 0.003218922 0.0039230897 0.007142012 181.55201179945 -61.23053353625 1883.09949 -6.227000000000002 0.17099999999999996 1.0
182.05316355975 -61.12634788372 0.0223 0.02 14.9689 "" "" 6058519114466414976 1903.21448 0.4992 0.0287 -6.232 0.091 0.029 0.026 1.052 6590.8 4.265 15.366325 0.943389 15.749522 14.806133 "" "" 1812.31982 2037.42603 13440.5344 3.455 6848.7 10.498 9477.7 11.959 "" "" 0.0027694195723869212 0.0032488196 0.0040200236 0.0072688432 182.05316355975 -61.12634788372 1903.21448 -6.232000000000002 0.09100000000000004 0.8
181.82537538241 -61.28050178155 0.0199 0.0211 6.6944 "" "" 6058512689195167104 1942.72742 0.4746 0.0272 -6.184 0.246 0.025 0.027 1.012 6800.8 4.1877 15.37065 0.967238 15.760721 14.793483 "" "" 1850.0094 2023.33228 13387.10018 3.4905 6778.4 9.0215 9588.8 13.968 "" "" 0.0027698248471318097 0.003142157 0.0040969695 0.0072391266 181.82537538241 -61.28050178155 1942.72742 -6.184 0.24599999999999994 0.9
181.24126222387 -61.35598528294 0.0199 0.0201 12.2245 "" "" 6058508566025860096 1580.94348 0.6016 0.0258 -5.94 -0.383 0.024 0.028 1.057 6243.9 4.3104 15.392049 0.943761 15.774316 14.830555 "" "" 1524.28748 1654.20056 13125.84339 4.3258 6694.1 11.427 9266.9 11.83 "" "" 0.0027784571075768613 0.0033496362 0.0040255217 0.007375158 181.24126222387 -61.35598528294 1580.94348 -5.94 -0.383 0.9
181.46163876321 -61.28782727065 0.0216 0.022 4.6802 "" "" 6058510627610563456 2018.88098 0.4642 0.0287 -6.354 0.13 0.026 0.03 0.946 6721.0 4.2058 15.420372 0.966299 15.809129 14.84283 "" "" 1900.05847 2140.80933 12787.86278 3.7918 6482.8 12.523 9162.8 12.681 "" "" 0.0027740643904910845 0.0034905456 0.0040671364 0.0075576818 181.46163876321 -61.28782727065 2018.88098 -6.353999999999998 0.12999999999999995 1.0
181.72951757846 -61.08037500066 0.0264 0.0226 10.7747 "" "" 6058533442478600704 2032.61194 0.4562 0.0329 -6.268 0.136 0.035 0.031 1.03 7096.6 4.3423 15.511928 0.949243 15.897765 14.948523 "" "" 1905.25439 2162.23364 11753.72636 3.5869 5974.6 13.044 8312.8 12.26 "" "" 0.0027751707393938838 0.0036611422 0.0041046105 0.0077657527 181.72951757846 -61.08037500066 2032.61194 -6.268 0.13600000000000012 1.0
181.58228949222 -61.2362578933 0.021 0.0231 0.9734 "" "" 6058522550440953728 2008.37988 0.4592 0.0302 -6.263 0.147 0.027 0.031 0.971 6885.3 4.3374 15.542618 0.927328 15.915066 14.987738 "" "" 1865.53857 2142.99219 11426.13925 3.2566 5880.2 12.125 8017.9 13.61 "" "" 0.002772642807887403 0.0035773234 0.004204797 0.0077821203 181.58228949222 -61.2362578933 2008.37988 -6.263 0.14699999999999996 1.0
181.60225774169 -61.10718169404 0.0234 0.0217 8.5212 "" "" 6058527601322594944 1957.58691 0.4832 0.0307 -6.267 0.221 0.029 0.029 1.014 6654.3 4.3465 15.591091 0.990509 15.999599 15.00909 "" "" 1846.66968 2053.80566 10927.23839 3.1587 5439.7 10.466 7861.8 15.212 "" "" 0.0027731374454125638 0.003485513 0.004324022 0.007809535 181.60225774169 -61.10718169404 1957.58691 -6.267000000000002 0.221 1.0
181.3634346984 -61.25691145745 0.0228 0.0244 6.9174 "" "" 6058521863246150528 1759.24084 0.5367 0.0307 -6.149 0.228 0.028 0.032 1.127 6823.7 4.3913 15.623356 0.954418 16.013733 15.059315 "" "" 1672.38623 1843.85486 10607.29056 3.1567 5369.4 11.457 7506.4 9.0841 "" "" 0.0027742009273078513 0.0036265878 0.0040012696 0.0076278574 181.3634346984 -61.25691145745 1759.24084 -6.149 0.22799999999999992 0.9
181.18996230752 -61.23463491335 0.0222 0.0213 11.944 "" "" 6058524921262670336 1704.31067 0.5584 0.029 -5.961 -0.282 0.027 0.029 0.988 5373.2 4.317 15.64554 1.168691 16.140202 14.971511 "" "" 1631.61646 1777.15808 10392.75801 4.0187 4779.0 10.947 8138.7 15.213 "" "" 0.0027871223834194593 0.0037377006 0.0042898143 0.008027514 181.18996230752 -61.23463491335 1704.31067 -5.9609999999999985 -0.2820000000000001 1.0
181.89056248101 -61.19955972791 0.0222 0.0243 8.834 "" "" 6058516606205415808 1861.18066 0.5094 0.03 -6.222 0.152 0.029 0.032 1.03 6299.3 4.2387 15.689994 1.059615 16.124044 15.064429 "" "" 1763.15771 1968.29065 9975.83105 3.1239 4850.6 10.045 7471.1 10.102 "" "" 0.0027762179114411024 0.0035833605 0.004054499 0.0076378593 181.89056248101 -61.19955972791 1861.18066 -6.222 0.1519999999999999 0.9
181.12509859871 -61.22483756685 0.0239 0.0241 13.8638 "" "" 6058502278193368448 1586.79065 0.5997 0.0306 -5.979 -0.377 0.029 0.034 1.078 5913.8 4.4218 15.716044 1.000863 16.092255 15.091392 "" "" 1495.82458 1665.04077 9739.32381 5.0944 4994.8 20.842 7287.9 54.549 "" "" 0.0028132409354232127 0.005320754 0.008962438 0.014283192 181.12509859871 -61.22483756685 1586.79065 -5.9789999999999965 -0.3770000000000001 0.9
181.77920400577 -61.27331255723 0.023 0.0254 5.2958 "" "" 6058512860993858432 2011.04968 0.4627 0.0323 -6.031 0.011 0.03 0.032 1.002 5932.8 4.1968 15.751143 1.139096 16.227858 15.088761 "" "" 1900.67993 2135.12476 9429.51212 3.2169 4408.3 11.813 7305.6 10.156 "" "" 0.0027801055072293546 0.0040311343 0.0040696287 0.008100763 181.77920400577 -61.27331255723 2011.04968 -6.031 0.010999999999999937 0.8
181.13673586832 -61.22834193011 0.0223 0.0226 13.5079 "" "" 6058502278193368064 1586.03674 0.6018 0.029 -5.978 -0.387 0.028 0.032 1.075 5931.9 4.385 15.753793 0.977173 16.152422 15.175249 "" "" 1516.44312 1655.41284 9406.53523 4.0654 4725.5 10.655 6746.2 10.907 "" "" 0.0027949916822089084 0.0037119086 0.0041671423 0.00787905 181.13673586832 -61.22834193011 1586.03674 -5.978 -0.387 1.0
181.9426923153 -61.28080558511 0.0269 0.0275 9.9912 "" "" 6058512242518583552 1708.67102 0.5495 0.0371 -6.165 0.199 0.035 0.036 1.158 7143.9 4.3004 15.771688 1.058895 16.211443 15.152548 "" "" 1589.42969 1837.51172 9252.76443 3.0108 4475.5 8.0594 6888.7 9.4258 "" "" 0.0027778778133159846 0.0034070152 0.0040608826 0.0074678976 181.9426923153 -61.28080558511 1708.67102 -6.164999999999998 0.1990000000000001 0.8
181.4267105665 -61.1012787459 0.0247 0.0237 10.2307 "" "" 6058526742328962688 1739.08789 0.5388 0.0337 -6.411 0.234 0.031 0.032 0.977 6139.6 4.3185 15.792055 1.004467 16.208313 15.203846 "" "" 1661.69617 1851.11572 9080.80987 2.951 4488.4 10.31 6570.8 11.193 "" "" 0.0027778193560535516 0.0037423177 0.0042076535 0.007949971 181.4267105665 -61.1012787459 1739.08789 -6.410999999999997 0.2340000000000001 1.0
181.21268470637 -61.136323913 0.026 0.022 13.1516 "" "" 6058573265408589568 1941.51074 0.4808 0.0317 -6.234 0.296 0.033 0.031 1.013 6135.2 4.3455 15.807464 0.965385 16.198374 15.232988 "" "" 1838.39478 2098.02808 8952.84753 2.6139 4529.7 11.003 6396.8 9.8296 "" "" 0.002773495102630161 0.0038393496 0.004131253 0.007970602 181.21268470637 -61.136323913 1941.51074 -6.234 0.296 0.9
181.41810746099 -61.20060832071 0.0251 0.025 6.0745 "" "" 6058522344282372096 1988.33105 0.4837 0.0331 -6.205 0.106 0.032 0.033 1.081 5982.7 4.261 15.834849 0.998118 16.247599 15.24948 "" "" 1846.86401 2131.34424 8729.85824 2.5909 4328.9 7.1587 6300.4 9.1203 "" "" 0.002774098490259827 0.0033179515 0.0040931553 0.0074111065 181.41810746099 -61.20060832071 1988.33105 -6.205000000000002 0.1060000000000001 1.0
181.81285252717 -61.16918611909 0.0253 0.0272 7.7432 "" "" 6058517362119887360 1848.3064 0.5043 0.0346 -6.157 0.133 0.033 0.037 1.029 6245.3 4.2712 15.867935 1.016911 16.285913 15.269002 "" "" 1725.95374 1948.14978 8467.8374 2.8476 4178.8 9.4739 6188.1 9.6991 "" "" 0.002779406239205585 0.003720763 0.004144842 0.007865605 181.81285252717 -61.16918611909 1848.3064 -6.157 0.1329999999999999 1.0
181.23947503709 -61.08486515153 0.029 0.0246 14.4095 "" "" 6058574467999457792 1905.46643 0.4968 0.0359 -6.226 0.255 0.034 0.033 1.086 6035.0 4.4026 15.867985 1.009147 16.270842 15.261695 "" "" 1744.54504 2033.25793 8467.45363 2.9696 4237.2 15.307 6229.9 13.978 "" "" 0.0027815067283222285 0.0048134294 0.0044964566 0.009309886 181.23947503709 -61.08486515153 1905.46643 -6.226 0.25499999999999984 0.8
181.90723007384 -61.34966913651 0.0247 0.026 10.6477 "" "" 6057761035555940992 1978.51331 0.4723 0.033 -6.203 0.102 0.03 0.035 1.028 6659.0 4.2819 15.87382 1.081057 16.329353 15.248297 "" "" 1839.32056 2111.87451 8422.06443 2.5152 4014.9 8.0135 6307.2 8.0097 "" "" 0.0027743335473185146 0.0035328765 0.004023039 0.007555915 181.90723007384 -61.34966913651 1978.51331 -6.202999999999998 0.102 0.9
181.15103749709 -61.29534641485 0.0235 0.0253 13.3141 "" "" 6058498155024747136 1557.73401 0.6135 0.0307 -5.912 -0.47 0.029 0.036 0.944 5928.4 4.43 15.906643 1.039768 16.342428 15.30266 "" "" 1481.07556 1630.7627 8171.26814 3.0925 3966.8 7.3493 5999.2 10.14 "" "" 0.002785791584329766 0.0034396753 0.0042013642 0.00764104 181.15103749709 -61.29534641485 1557.73401 -5.912 -0.47000000000000003 0.9
181.49479851834 -61.25146764728 0.0266 0.0251 3.1145 "" "" 6058522481721452672 1968.91052 0.4875 0.0349 -6.135 0.303 0.033 0.035 0.99 5513.6 4.2937 15.919083 1.049714 16.35674 15.307027 "" "" 1842.92749 2103.35229 8078.18644 3.8205 3914.9 9.0831 5975.1 11.607 "" "" 0.0028027593095714828 0.003759081 0.0043280562 0.008087138 181.49479851834 -61.25146764728 1968.91052 -6.135000000000002 0.30299999999999994 0.8
181.51245907744 -61.19435324639 0.0256 0.0247 4.1967 "" "" 6058523581233097984 1876.24341 0.5108 0.0341 -6.189 0.182 0.032 0.032 1.018 6041.7 4.38 15.922088 1.020285 16.332083 15.311798 "" "" 1757.05176 2017.25439 8055.85364 2.7962 4004.8 10.949 5948.9 14.274 "" "" 0.0027809734739555076 0.0040738513 0.004590267 0.008664118 181.51245907744 -61.19435324639 1876.24341 -6.189 0.182 0.9
181.60966419644 -61.24349323716 0.0272 0.028 0.3984 "" "" 6058511108646816128 1897.19421 0.5028 0.0382 -6.322 0.212 0.035 0.037 1.0 5762.4 4.3753 16.033045 1.216196 16.563934 15.347738 "" "" 1773.95825 2031.6051 7273.258 4.8563 3234.8 11.119 5755.2 13.006 "" "" 0.0028490918445036964 0.004659714 0.0045059947 0.009165709 181.60966419644 -61.24349323716 1897.19421 -6.322 0.212 0.9
181.39655659262 -61.25726978032 0.027 0.0267 5.9658 "" "" 6058521210410939776 1622.85889 0.5902 0.0354 -6.366 0.366 0.032 0.036 1.027 5859.7 4.4973 16.054825 1.087498 16.50765 15.420153 "" "" 1540.69983 1706.10547 7128.80095 6.33 3406.9 10.938 5383.9 15.223 "" "" 0.002919115101990523 0.00446496 0.004869102 0.009334062 181.39655659262 -61.25726978032 1622.85889 -6.366 0.3660000000000002 1.0
