Clusters/NGC_4103/NGC_4103_stars_in_region.tsv
# %ECSV 1.0
# ---
# datatype:
# - name: RA_ICRS_1
#   unit: deg
#   datatype: float64
#   format: '{:15.11f}'
#   description: Right ascension (ICRS) at Ep=2016.0 (ra)
#   meta: !!omap
#   - {ucd: POS_EQ_RA_MAIN}
#   - {width: 15}
#   - {precision: '11'}
# - name: DE_ICRS_1
#   unit: deg
#   datatype: float64
#   format: '{:15.11f}'
#   description: Declination (ICRS) at Ep=2016.0 (dec)
#   meta: !!omap
#   - {ucd: POS_EQ_DEC_MAIN}
#   - {width: 15}
#   - {precision: '11'}
# - name: e_RA_ICRS
#   unit: mas
#   datatype: float64
#   format: '{:7.4f}'
#   description: Standard error of right ascension (ra_error)
#   meta: !!omap
#   - {ucd: ERROR}
#   - {width: 7}
#   - {precision: '4'}
# - name: e_DE_ICRS
#   unit: mas
#   datatype: float64
#   format: '{:7.4f}'
#   description: Standard error of declination (dec_error)
#   meta: !!omap
#   - {ucd: ERROR}
#   - {width: 7}
#   - {precision: '4'}
# - name: _r_1
#   unit: ''
#   datatype: float64
#   format: '{:7.4f}'
#   description: Distance from center (181.60261656000-61.24920237000)[ICRS], at Epoch=J2016.0
#   meta: !!omap
#   - {ucd: POS_ANG_DIST_GENERAL}
#   - {width: 7}
#   - {precision: '4'}
# - name: HIP
#   datatype: int32
#   description: '? HIP cross-id number, van Leeuwen, Cat. I/311 (hip_original_ext_source_id)'
#   meta: !!omap
#   - {ucd: ID_NUMBER}
#   - {width: 6}
#   - values: {'null': -2147483648}
# - name: TYC2
#   datatype: string
#   description: Tycho-2 cross-id name, Hog et al., Cat. I/259 (tyc2_original_ext_source_id)
#   meta: !!omap
#   - {ucd: ID_CROSSID}
#   - {_votable_string_dtype: char}
# - name: Source
#   datatype: int64
#   description: Source identifier, identical to the Gaia-EDR3 source_id (id)
#   meta: !!omap
#   - {ucd: ID_MAIN}
#   - {width: 19}
# - name: rgeo
#   unit: pc
#   datatype: float64
#   format: '{:15.8f}'
#   description: '? Median of the geometric distance posterior (r_med_geo)'
#   meta: !!omap
#   - {ucd: PHYS_DISTANCE_TRUE}
#   - {width: 15}
#   - {precision: '8'}
#   - values: {'null': .nan}
# - name: Plx
#   unit: mas
#   datatype: float64
#   format: '{:9.4f}'
#   description: '? Parallax (parallax)'
#   meta: !!omap
#   - {ucd: POS_PARLX_TRIG}
#   - {width: 9}
#   - {precision: '4'}
#   - values: {'null': .nan}
# - name: e_Plx
#   unit: mas
#   datatype: float32
#   format: '{:7.4f}'
#   description: '? Standard error of parallax (parallax_error)'
#   meta: !!omap
#   - {ucd: ERROR}
#   - {width: 7}
#   - {precision: '4'}
#   - values: {'null': .nan}
# - name: pmRA
#   unit: mas / yr
#   datatype: float64
#   format: '{:9.3f}'
#   description: '? Proper motion in right ascension direction, pmRA*cosDE (pmra)'
#   meta: !!omap
#   - {ucd: POS_EQ_PMRA}
#   - {width: 9}
#   - {precision: '3'}
#   - values: {'null': .nan}
# - name: pmDE
#   unit: mas / yr
#   datatype: float64
#   format: '{:9.3f}'
#   description: '? Proper motion in declination direction (pmdec)'
#   meta: !!omap
#   - {ucd: POS_EQ_PMDEC}
#   - {width: 9}
#   - {precision: '3'}
#   - values: {'null': .nan}
# - name: e_pmRA
#   unit: mas / yr
#   datatype: float32
#   format: '{:6.3f}'
#   description: '? Standard error of proper motion in right ascension direction (pmra_error)'
#   meta: !!omap
#   - {ucd: ERROR}
#   - {width: 6}
#   - {precision: '3'}
#   - values: {'null': .nan}
# - name: e_pmDE
[...]
#         unit: &id001 !astropy.units.Unit {unit: deg}
#         value: !astropy.table.SerializedColumn {name: SkyCoord.dec}
#       distance: !astropy.table.SerializedColumn
#         __class__: astropy.coordinates.distances.Distance
#         unit: !astropy.units.Unit {unit: pc}
#         value: !astropy.table.SerializedColumn {name: SkyCoord.distance}
#       frame: icrs
#       obstime: !astropy.time.Time {format: jyear_str, in_subfmt: '*', jd1: 367701545.0, jd2: 0.0, out_subfmt: '*', precision: 3, scale: tt}
#       pm_dec: !astropy.table.SerializedColumn
#         __class__: astropy.units.quantity.Quantity
#         unit: !astropy.units.Unit {unit: mas / yr}
#         value: !astropy.table.SerializedColumn {name: SkyCoord.pm_dec}
#       pm_ra_cosdec: !astropy.table.SerializedColumn
#         __class__: astropy.units.quantity.Quantity
#         unit: !astropy.units.Unit {unit: mas / yr}
#         value: !astropy.table.SerializedColumn {name: SkyCoord.pm_ra_cosdec}
#       ra: !astropy.table.SerializedColumn
#         __class__: astropy.coordinates.angles.Longitude
#         unit: *id001
#         value: !astropy.table.SerializedColumn {name: SkyCoord.ra}
#         wrap_angle: !astropy.coordinates.Angle
#           unit: *id001
#           value: 360.0
#       representation_type: spherical
# schema: astropy-2.0
RA_ICRS_1 DE_ICRS_1 e_RA_ICRS e_DE_ICRS _r_1 HIP TYC2 Source rgeo Plx e_Plx pmRA pmDE e_pmRA e_pmDE RUWE Teff logg Gmag BP-RP BPmag RPmag RV e_RV b_rgeo B_rgeo FG e_FG FBP e_FBP FRP e_FRP RAVE5 RAVE6 e_Gmag e_BPmag e_RPmag e_BP-RP SkyCoord.ra SkyCoord.dec SkyCoord.distance SkyCoord.pm_ra_cosdec SkyCoord.pm_dec
[from data line 2089]
181.76544490109 -61.13119843091 0.0286 0.0284 8.5027 "" "" 6058529349330682624 2167.20801 0.4341 0.0388 -5.569 -1.116 0.035 0.037 1.048 6009.3 4.3867 16.057812 1.128122 16.53058 15.402458 "" "" 1994.18506 2370.28687 7109.21587 2.5109 3335.7 7.5857 5472.4 9.875 "" "" 0.002781876894780654 0.0037257674 0.0042570266 0.007982794 181.76544490109 -61.13119843091 2167.20801 -5.568999999999999 -1.1159999999999999
181.28958421936 -60.90487404795 0.0281 0.0262 22.5684 "" "" 6058592193298371712 1996.41882 0.4931 0.0366 -3.801 0.367 0.035 0.038 1.036 6255.8 4.1986 16.058048 1.065062 16.468843 15.403782 "" "" 1839.03943 2189.83691 7107.67734 2.7474 3530.9 18.76 5465.7 28.295 "" "" 0.0027870990110956655 0.006407963 0.0067731584 0.013181122 181.28958421936 -60.90487404795 1996.41882 -3.8010000000000006 0.367
182.13867116301 -61.22686829527 0.0417 0.0398 15.5339 "" "" 6058513823033894656 2026.4762 0.4975 0.0544 -1.767 0.942 0.056 0.054 1.564 "" "" 16.059225 1.379909 16.643038 15.263128 "" "" 1816.87439 2309.95703 7099.97473 4.3126 3007.5 9.0988 6221.7 11.193 "" "" 0.0028331454966907714 0.004309832 0.00425429 0.008564122 182.13867116301 -61.22686829527 2026.4762 -1.7669999999999997 0.9419999999999998
181.27831594247 -61.55756348339 0.0304 0.0281 20.7135 "" "" 6057751861505450880 2112.04004 0.4528 0.0391 -8.663 0.745 0.035 0.039 1.025 6122.5 4.4912 16.0624 1.125889 16.53254 15.406651 "" "" 1957.14075 2301.75488 7079.23043 2.8835 3329.7 8.0207 5451.3 13.01 "" "" 0.002790585209411861 0.0038242852 0.004582364 0.008406649 181.27831594247 -61.55756348339 2112.04004 -8.663 0.7449999999999999
181.71109556825 -61.22894977715 0.0317 0.0304 3.3592 "" "" 6058511074287126400 2121.02686 0.4451 0.0424 -4.965 -1.418 0.041 0.04 1.078 6016.2 4.4273 16.062462 0.919942 16.279652 15.35971 "" "" 1954.71948 2318.104 7078.84364 3.9681 4203.0 76.469 5692.1 50.213 "" "" 0.002821737924180375 0.019949865 0.010296548 0.030246412 181.71109556825 -61.22894977715 2121.02686 -4.965000000000001 -1.4180000000000001
181.76054488153 -61.3397004061 0.0287 0.028 7.085 "" "" 6058511658402978688 2199.8291 0.4261 0.0388 -4.593 0.477 0.034 0.035 1.016 6348.3 4.2236 16.064444 1.036401 16.494314 15.457913 "" "" 2018.60742 2409.81323 7065.93155 2.9342 3449.0 11.829 5199.9 10.732 "" "" 0.002791964695186311 0.004653093 0.0043937536 0.009046847 181.76054488153 -61.3397004061 2199.8291 -4.592999999999999 0.477
181.49167826902 -61.37352692939 0.0276 0.0275 8.115 "" "" 6058506263923553024 1878.24097 0.5142 0.0366 -6.875 -1.399 0.033 0.037 1.014 5450.3 4.2951 16.065126 1.153993 16.547144 15.393151 "" "" 1758.79089 2032.40991 7061.49265 2.5744 3285.2 8.0706 5519.5 11.065 "" "" 0.0027836068781494044 0.0038599768 0.0043613366 0.008221313 181.49167826902 -61.37352692939 1878.24097 -6.875000000000001 -1.3989999999999998
182.34570399538 -61.31596872083 0.0301 0.0288 21.794 "" "" 6057852776057933952 2153.98779 0.4445 0.04 -6.207 0.25 0.037 0.037 1.108 5412.4 4.2987 16.06611 1.133923 16.54022 15.406298 "" "" 1976.17334 2376.99829 7055.08492 5.08 3306.2 14.81 5453.0 17.651 "" "" 0.002864083234905034 0.0056070336 0.005160923 0.010767957 182.34570399538 -61.31596872083 2153.98779 -6.207 0.25000000000000006
181.54674779436 -61.35679160955 0.0282 0.028 6.653 "" "" 6058506362664689408 1621.71326 0.6066 0.0384 -3.423 -7.252 0.033 0.038 0.973 5664.9 4.4949 16.066214 1.183732 16.502848 15.319116 "" "" 1514.11523 1737.63062 7054.42053 3.3499 3422.0 22.708 5909.0 37.79 "" "" 0.0028031429864170863 0.007726221 0.00790556 0.01563178 181.54674779436 -61.35679160955 1621.71326 -3.423 -7.251999999999999
182.25825431887 -61.22872974118 0.0272 0.0266 18.9676 "" "" 6057763578176725888 2034.62939 0.469 0.0356 -4.946 0.773 0.035 0.034 0.976 7186.0 4.3522 16.066412 1.100577 16.52814 15.427562 "" "" 1885.93884 2217.23584 7053.12904 2.5771 3343.2 7.5336 5347.3 12.3 "" "" 0.002783732864053213 0.003710922 0.0045300033 0.008240925 182.25825431887 -61.22872974118 2034.62939 -4.946000000000001 0.7730000000000001
182.13228180956 -61.26854845713 0.0289 0.0275 15.3254 "" "" 6057763028420886272 1618.90845 0.5942 0.0377 -11.654 2.023 0.037 0.037 1.038 6003.5 4.4863 16.067963 1.157778 16.566805 15.409027 "" "" 1530.26746 1744.48718 7043.06423 2.5795 3226.2 8.1808 5439.4 8.2204 "" "" 0.002783866533261808 0.0039198017 0.004120204 0.008040005 182.13228180956 -61.26854845713 1618.90845 -11.654 2.0229999999999997
182.00543211948 -60.93161048295 0.0274 0.0278 22.3523 "" "" 6058536741013496192 1908.35547 0.4967 0.0366 -10.58 0.285 0.033 0.036 0.983 5178.8 4.2685 16.068356 1.35035 16.672422 15.322072 "" "" 1780.3916 2051.94238 7040.52234 2.6102 2927.2 8.0435 5892.9 8.9537 "" "" 0.0027845674760452444 0.004084844 0.0041237297 0.008208574 182.00543211948 -60.93161048295 1908.35547 -10.58 0.2850000000000001
182.08108929478 -61.27531569663 0.0283 0.0265 13.8916 "" "" 6057762994061137408 1952.94128 0.4838 0.0376 -7.475 0.801 0.037 0.036 0.976 6034.0 4.3849 16.069048 1.084481 16.524557 15.440076 "" "" 1803.41333 2094.55859 7036.02656 2.5816 3354.2 7.5934 5286.0 10.2 "" "" 0.002783969724867628 0.0037184036 0.004321229 0.008039633 182.08108929478 -61.27531569663 1952.94128 -7.474999999999999 0.8009999999999999
181.17111749047 -61.5025978147 0.0308 0.027 19.6209 "" "" 6058503755662423424 1896.20007 0.4967 0.0379 -5.28 -0.9 0.036 0.039 0.989 5883.1 4.3885 16.069767 1.139819 16.555195 15.415376 "" "" 1765.04968 2078.42432 7031.36608 2.6491 3260.9 7.0016 5407.6 11.221 "" "" 0.002785519048431072 0.0036358845 0.0043999436 0.008035828 181.17111749047 -61.5025978147 1896.20007 -5.28 -0.9000000000000001
181.04362620618 -61.36124054683 0.0286 0.0277 17.4504 "" "" 6058497635291128576 1533.3678 0.6212 0.0377 -11.181 1.822 0.035 0.036 1.013 5586.9 4.5411 16.070425 1.132437 16.485447 15.35301 "" "" 1430.43079 1628.9137 7027.10625 4.1878 3477.3 18.027 5727.4 97.422 "" "" 0.0028302747488505985 0.0062822727 0.018850913 0.025133185 181.04362620618 -61.36124054683 1533.3678 -11.181 1.822
180.8847871631 -61.12313016214 0.0306 0.027 22.0933 "" "" 6058554333200766592 2005.99207 0.476 0.0373 -8.951 -0.666 0.036 0.036 1.03 5597.0 4.4244 16.070427 1.260264 16.619997 15.359733 "" "" 1862.88232 2185.70435 7027.09626 2.629 3072.0 6.5786 5692.0 10.017 "" "" 0.0027851009207556297 0.0036319434 0.0042349235 0.007866867 180.8847871631 -61.12313016214 2005.99207 -8.951 -0.666
182.03947927738 -61.03129693172 0.0291 0.0269 18.1933 "" "" 6058532274247315584 1499.30994 0.6518 0.0377 0.149 -4.288 0.035 0.034 1.013 5786.1 4.5543 16.07054 1.11692 16.540943 15.424023 "" "" 1418.07959 1613.10205 7026.36997 2.6541 3304.0 8.705 5364.7 11.529 "" "" 0.0027856754167430095 0.0039959885 0.0044416226 0.008437611 182.03947927738 -61.03129693172 1499.30994 0.149 -4.288
182.23447820452 -61.5277121198 0.0268 0.026 24.6744 "" "" 6057741484863800064 1588.95593 0.5946 0.0356 -5.226 0.765 0.032 0.033 0.927 5962.5 4.413 16.070662 1.159392 16.556448 15.397056 "" "" 1517.66382 1674.71655 7025.57747 3.4098 3257.1 5.7901 5499.7 18.089 "" "" 0.002805257203687484 0.003392687 0.0051996494 0.008592336 182.23447820452 -61.5277121198 1588.95593 -5.226 0.765
181.2607244653 -61.12406454091 0.032 0.0254 12.4145 "" "" 6058573402847549824 1711.97827 0.5529 0.0406 -12.717 0.704 0.036 0.035 0.989 6008.2 4.4486 16.070675 1.040783 16.497366 15.456583 "" "" 1604.11975 1840.10059 7025.49768 2.8864 3439.3 9.9801 5206.2 10.195 "" "" 0.0027911948171969567 0.0042084605 0.0043363776 0.008544838 181.2607244653 -61.12406454091 1711.97827 -12.717 0.704
182.06484093432 -61.28832458807 0.0268 0.0269 13.5366 "" "" 6057762925341646848 1587.8042 0.6055 0.0369 -3.602 6.153 0.033 0.036 0.96 5690.3 4.486 16.071665 1.226527 16.584885 15.358357 "" "" 1509.37805 1712.28528 7019.08435 2.4913 3172.9 8.7405 5699.2 17.309 "" "" 0.002782138377561584 0.004090309 0.0050156866 0.009105995 182.06484093432 -61.28832458807 1587.8042 -3.602 6.1530000000000005
181.82290771325 -61.48028617192 0.0388 0.0379 15.2434 "" "" 6057756225192414080 1948.74707 0.4886 0.0492 -6.897 0.801 0.046 0.053 1.267 6086.7 4.437 16.071993 1.149002 16.529165 15.380163 "" "" 1778.83557 2156.87012 7016.96765 4.3277 3340.0 11.406 5585.9 10.893 "" "" 0.002835522476884784 0.004640313 0.004332044 0.008972357 181.82290771325 -61.48028617192 1948.74707 -6.8969999999999985 0.801
180.75661808102 -61.19563866541 0.0284 0.029 24.6466 "" "" 6058551790579994880 1537.28723 0.6409 0.0383 -11.552 -2.956 0.035 0.039 1.008 5199.6 3.7855 16.072233 1.159111 16.564302 15.405191 "" "" 1436.50293 1644.06934 7015.4154 2.5756 3233.7 9.3218 5458.6 10.348 "" "" 0.0027840043396192772 0.0041929763 0.004303504 0.00849648 180.75661808102 -61.19563866541 1537.28723 -11.552000000000001 -2.9560000000000004
182.26313753201 -61.20030307924 0.0741 0.0697 19.3017 "" "" 6058514269711752960 2162.98657 0.4876 0.0933 -0.249 1.11 0.095 0.096 2.43 "" "" 16.074795 1.222331 16.370077 15.147746 "" "" 1754.91162 2738.5813 6998.87888 8.313 3867.1 74.996 6919.3 150.92 "" "" 0.00304217793455244 0.021240117 0.02398117 0.045221288 182.26313753201 -61.20030307924 2162.98657 -0.249 1.11
181.54065220989 -61.33344471132 0.0303 0.0293 5.3608 "" "" 6058509390659801472 1833.10754 0.5146 0.041 -6.264 0.151 0.034 0.039 1.055 5967.6 4.415 16.075516 1.098858 16.537872 15.439014 "" "" 1704.88318 1973.7782 6994.23641 3.9522 3313.4 8.674 5291.2 8.0982 "" "" 0.0028227975588707294 0.003982928 0.004128565 0.008111494 181.54065220989 -61.33344471132 1833.10754 -6.263999999999999 0.151
181.07930031254 -61.40165093222 0.0325 0.0345 17.6255 "" "" 6058496574438753152 1668.58496 0.5704 0.0441 -6.037 -1.652 0.038 0.046 1.227 6051.5 4.4948 16.076279 1.136795 16.461245 15.32445 "" "" 1558.8374 1803.30444 6989.32929 3.2833 3555.7 38.96 5880.0 46.964 "" "" 0.002802128539562539 0.012219291 0.009459641 0.021678932 181.07930031254 -61.40165093222 1668.58496 -6.037000000000001 -1.6520000000000001
181.52964293724 -61.37820756913 0.0282 0.0292 8.0206 "" "" 6058506092124880000 2117.1167 0.4593 0.0396 -8.246 0.352 0.034 0.038 0.98 5993.3 4.3591 16.07839 1.090069 16.527452 15.437384 "" "" 1951.62903 2288.84668 6975.74989 2.9017 3345.3 8.0953 5299.1 23.497 "" "" 0.0027920891794498406 0.0038325125 0.0061205686 0.009953082 181.52964293724 -61.37820756913 2117.1167 -8.246000000000002 0.35200000000000004
182.0577172004 -61.32698236671 0.0284 0.0284 13.9233 "" "" 6057761860198185216 2108.67334 0.4538 0.0388 -6.077 0.716 0.035 0.037 0.942 5912.6 4.3383 16.078543 1.152772 16.570477 15.417705 "" "" 1940.1344 2257.85327 6974.77124 2.8093 3215.3 7.1488 5396.1 8.9358 "" "" 0.0027898086153564042 0.0036894998 0.004185254 0.007874754 182.0577172004 -61.32698236671 2108.67334 -6.077 0.716
181.0031778244 -61.32598057095 0.026 0.0262 17.8822 "" "" 6058500555875225344 2015.0105 0.4821 0.0346 -4.935 -0.15 0.032 0.034 1.042 5595.8 4.4408 16.079098 1.153239 16.564844 15.411605 "" "" 1876.82397 2178.49927 6971.20287 2.4306 3232.1 8.222 5426.5 10.011 "" "" 0.002781203695217445 0.0039259978 0.0042773536 0.008203352 181.0031778244 -61.32598057095 2015.0105 -4.935 -0.15
180.97901946977 -61.41151853305 0.0289 0.027 20.4222 "" "" 6058496402684640512 2097.8335 0.4532 0.0376 -1.41 -2.388 0.037 0.039 1.018 4872.6 4.2434 16.07919 1.15782 16.5829 15.425079 "" "" 1964.39819 2319.0481 6970.6124 2.8168 3178.8 9.8444 5359.5 7.982 "" "" 0.0027900329936958648 0.004369306 0.0041107708 0.008480077 180.97901946977 -61.41151853305 2097.8335 -1.4099999999999997 -2.388
180.98533486923 -61.04071942473 0.0315 0.0279 21.8161 "" "" 6058566599628576128 2108.87964 0.4507 0.0394 -5.672 -0.024 0.039 0.037 0.994 7073.3 4.4078 16.079317 1.010407 16.488096 15.477689 "" "" 1936.87097 2352.67725 6969.79385 2.8168 3468.8 8.7485 5106.0 10.807 "" "" 0.0027900410969524604 0.00390938 0.0044231773 0.008332558 180.98533486923 -61.04071942473 2108.87964 -5.671999999999999 -0.024000000000000007
181.39913091593 -61.01475765609 0.0586 0.0586 15.2518 "" "" 6058575120834561664 2060.45337 0.4865 0.0795 -6.038 -0.1 0.073 0.083 2.152 5793.7 4.3812 16.079624 1.258111 16.359074 15.100963 "" "" 1779.31555 2400.66821 6967.82079 6.7872 3906.5 46.277 7223.9 95.393 "" "" 0.002951319913815003 0.013160961 0.014827121 0.027988082 181.39913091593 -61.01475765609 2060.45337 -6.038 -0.09999999999999999
182.23861595416 -61.1586225098 0.0294 0.0287 19.1679 "" "" 6058515369254931584 1980.14221 0.4857 0.0376 -12.815 1.966 0.037 0.039 1.001 5668.5 4.406 16.07964 1.256745 16.627247 15.370501 "" "" 1853.28662 2141.13574 6967.72952 2.4915 3051.5 7.1231 5635.8 9.1016 "" "" 0.002782537558827535 0.0037693996 0.004166319 0.007935719 182.23861595416 -61.1586225098 1980.14221 -12.814999999999998 1.9659999999999997
181.28996875567 -61.16057036366 0.0287 0.0266 10.4845 "" "" 6058526123853609728 1863.62756 0.5144 0.0369 -12.779 -1.732 0.035 0.036 1.03 5504.0 4.4331 16.081192 1.194276 16.570189 15.375913 "" "" 1753.66406 1980.99854 6957.76612 2.7628 3216.2 13.317 5607.8 27.263 "" "" 0.0027888454227439413 0.0052910745 0.0064919675 0.011783042 181.28996875567 -61.16057036366 1863.62756 -12.778999999999998 -1.7319999999999998
181.41521846488 -61.05515415756 0.031 0.0261 12.8447 "" "" 6058574021322901248 1794.97021 0.5302 0.039 -3.958 -1.158 0.036 0.035 0.996 5814.1 4.4675 16.081478 1.10051 16.541 15.440491 "" "" 1662.12402 1942.42102 6955.9317 2.7684 3303.8 7.8605 5284.0 10.143 "" "" 0.002788998290330456 0.0038023747 0.004315946 0.00811832 181.41521846488 -61.05515415756 1794.97021 -3.958 -1.158
182.11729596153 -60.96278603752 0.0272 0.0272 22.7588 "" "" 6058535744580940160 1880.56494 0.5127 0.0374 -13.061 -3.654 0.034 0.035 1.029 5498.0 4.3974 16.081604 1.373551 16.69686 15.323308 "" "" 1760.62305 1997.57532 6955.12617 2.419 2862.0 7.5953 5886.2 8.9113 "" "" 0.00278107647736627 0.0040109055 0.0041213557 0.008132261 182.11729596153 -60.96278603752 1880.56494 -13.061000000000003 -3.6540000000000004
182.25389411824 -61.29861256747 0.0336 0.0304 19.0136 "" "" 6057762203787159552 2213.01294 0.4298 0.0426 -4.525 4.77 0.04 0.04 1.133 5060.5 4.3063 16.082544 1.24784 16.627577 15.379737 "" "" 2046.20483 2382.04907 6949.10164 2.4755 3050.6 9.1645 5588.1 10.077 "" "" 0.0027823343526510794 0.0042923097 0.0042564203 0.00854873 182.25389411824 -61.29861256747 2213.01294 -4.525 4.77
181.36775194787 -61.52168201395 0.0306 0.0269 17.6869 "" "" 6057752475647032192 1746.61438 0.5576 0.0387 -5.848 -0.39 0.037 0.038 0.991 5993.8 4.3076 16.084166 1.112677 16.543243 15.430567 "" "" 1644.92847 1846.51855 6938.73268 3.3914 3297.0 10.868 5332.5 10.179 "" "" 0.0028059576389670854 0.0045380495 0.004310344 0.008848393 181.36775194787 -61.52168201395 1746.61438 -5.848 -0.39000000000000007
181.31042652882 -61.12193232779 0.0358 0.0288 11.389 "" "" 6058573574646248704 1876.24854 0.5077 0.0468 -1.332 -1.635 0.039 0.039 1.088 "" "" 16.084772 1.222612 16.569565 15.346952 "" "" 1713.56946 2066.67554 6934.85919 3.9974 3218.0 64.39 5759.4 20.436 "" "" 0.002825502932132131 0.021903288 0.0053968052 0.027300093 181.31042652882 -61.12193232779 1876.24854 -1.332 -1.635
182.10794990019 -61.02708488921 0.0291 0.0278 19.794 "" "" 6058531655772032384 1614.49927 0.5996 0.0384 -0.451 0.254 0.035 0.035 1.004 5652.5 4.4986 16.085691 1.20889 16.606787 15.397897 "" "" 1523.33923 1738.1217 6928.99677 2.5998 3109.6 7.881 5495.4 8.2165 "" "" 0.0027852725946531922 0.003918788 0.00411327 0.008032057 182.10794990019 -61.02708488921 1614.49927 -0.4509999999999999 0.254
181.52787847599 -61.17956844656 0.0819 0.0672 4.7031 "" "" 6058523890440179200 1540.50867 0.6777 0.1005 -10.028 1.922 0.094 0.088 2.94 "" "" 16.086758 0.890574 16.140394 15.24982 "" "" 1328.94556 1844.82202 6922.19537 4.1293 4778.1 348.75 6298.4 182.92 "" "" 0.002830419017882184 0.07929618 0.03175796 0.11105414 181.52787847599 -61.17956844656 1540.50867 -10.028000000000002 1.9220000000000002
