Clusters/LP_1807/LP_1807_stars_in_region.tsv
# %ECSV 1.0
# ---
# datatype:
# - name: RA_ICRS_1
#   unit: deg
#   datatype: float64
#   format: '{:15.11f}'
#   description: Right ascension (ICRS) at Ep=2016.0 (ra)
#   meta: !!omap
#   - {ucd: POS_EQ_RA_MAIN}
#   - {width: 15}
#   - {precision: '11'}
# - name: DE_ICRS_1
#   unit: deg
#   datatype: float64
#   format: '{:15.11f}'
#   description: Declination (ICRS) at Ep=2016.0 (dec)
#   meta: !!omap
#   - {ucd: POS_EQ_DEC_MAIN}
#   - {width: 15}
#   - {precision: '11'}
# - name: e_RA_ICRS
#   unit: mas
#   datatype: float64
#   format: '{:7.4f}'
#   description: Standard error of right ascension (ra_error)
#   meta: !!omap
#   - {ucd: ERROR}
#   - {width: 7}
#   - {precision: '4'}
# - name: e_DE_ICRS
#   unit: mas
#   datatype: float64
#   format: '{:7.4f}'
#   description: Standard error of declination (dec_error)
#   meta: !!omap
#   - {ucd: ERROR}
#   - {width: 7}
#   - {precision: '4'}
# - name: _r_1
#   unit: ''
#   datatype: float64
#   format: '{:7.4f}'
#   description: Distance from center (334.11121251000+57.81230469000)[ICRS], at Epoch=J2016.0
#   meta: !!omap
#   - {ucd: POS_ANG_DIST_GENERAL}
#   - {width: 7}
#   - {precision: '4'}
# - name: HIP
#   datatype: int32
#   description: '? HIP cross-id number, van Leeuwen, Cat. I/311 (hip_original_ext_source_id)'
#   meta: !!omap
#   - {ucd: ID_NUMBER}
#   - {width: 6}
#   - values: {'null': -2147483648}
# - name: TYC2
#   datatype: string
#   description: Tycho-2 cross-id name, Hog et al., Cat. I/259 (tyc2_original_ext_source_id)
#   meta: !!omap
#   - {ucd: ID_CROSSID}
#   - {_votable_string_dtype: char}
# - name: Source
#   datatype: int64
#   description: Source identifier, identical to the Gaia-EDR3 source_id (id)
#   meta: !!omap
#   - {ucd: ID_MAIN}
#   - {width: 19}
# - name: rgeo
#   unit: pc
#   datatype: float64
#   format: '{:15.8f}'
#   description: '? Median of the geometric distance posterior (r_med_geo)'
#   meta: !!omap
#   - {ucd: PHYS_DISTANCE_TRUE}
#   - {width: 15}
#   - {precision: '8'}
#   - values: {'null': .nan}
# - name: Plx
#   unit: mas
#   datatype: float64
#   format: '{:9.4f}'
#   description: '? Parallax (parallax)'
#   meta: !!omap
#   - {ucd: POS_PARLX_TRIG}
#   - {width: 9}
#   - {precision: '4'}
#   - values: {'null': .nan}
# - name: e_Plx
#   unit: mas
#   datatype: float32
#   format: '{:7.4f}'
#   description: '? Standard error of parallax (parallax_error)'
#   meta: !!omap
#   - {ucd: ERROR}
#   - {width: 7}
#   - {precision: '4'}
#   - values: {'null': .nan}
# - name: pmRA
#   unit: mas / yr
#   datatype: float64
#   format: '{:9.3f}'
#   description: '? Proper motion in right ascension direction, pmRA*cosDE (pmra)'
#   meta: !!omap
#   - {ucd: POS_EQ_PMRA}
#   - {width: 9}
#   - {precision: '3'}
#   - values: {'null': .nan}
# - name: pmDE
#   unit: mas / yr
#   datatype: float64
#   format: '{:9.3f}'
#   description: '? Proper motion in declination direction (pmdec)'
#   meta: !!omap
#   - {ucd: POS_EQ_PMDEC}
#   - {width: 9}
#   - {precision: '3'}
#   - values: {'null': .nan}
# - name: e_pmRA
#   unit: mas / yr
#   datatype: float32
#   format: '{:6.3f}'
#   description: '? Standard error of proper motion in right ascension direction (pmra_error)'
#   meta: !!omap
#   - {ucd: ERROR}
#   - {width: 6}
#   - {precision: '3'}
#   - values: {'null': .nan}
# - name: e_pmDE
[...]
#         unit: &id001 !astropy.units.Unit {unit: deg}
#         value: !astropy.table.SerializedColumn {name: SkyCoord.dec}
#       distance: !astropy.table.SerializedColumn
#         __class__: astropy.coordinates.distances.Distance
#         unit: !astropy.units.Unit {unit: pc}
#         value: !astropy.table.SerializedColumn {name: SkyCoord.distance}
#       frame: icrs
#       obstime: !astropy.time.Time {format: jyear_str, in_subfmt: '*', jd1: 367701545.0, jd2: 0.0, out_subfmt: '*', precision: 3, scale: tt}
#       pm_dec: !astropy.table.SerializedColumn
#         __class__: astropy.units.quantity.Quantity
#         unit: !astropy.units.Unit {unit: mas / yr}
#         value: !astropy.table.SerializedColumn {name: SkyCoord.pm_dec}
#       pm_ra_cosdec: !astropy.table.SerializedColumn
#         __class__: astropy.units.quantity.Quantity
#         unit: !astropy.units.Unit {unit: mas / yr}
#         value: !astropy.table.SerializedColumn {name: SkyCoord.pm_ra_cosdec}
#       ra: !astropy.table.SerializedColumn
#         __class__: astropy.coordinates.angles.Longitude
#         unit: *id001
#         value: !astropy.table.SerializedColumn {name: SkyCoord.ra}
#         wrap_angle: !astropy.coordinates.Angle
#           unit: *id001
#           value: 360.0
#       representation_type: spherical
# schema: astropy-2.0
RA_ICRS_1 DE_ICRS_1 e_RA_ICRS e_DE_ICRS _r_1 HIP TYC2 Source rgeo Plx e_Plx pmRA pmDE e_pmRA e_pmDE RUWE Teff logg Gmag BP-RP BPmag RPmag RV e_RV b_rgeo B_rgeo FG e_FG FBP e_FBP FRP e_FRP RAVE5 RAVE6 e_Gmag e_BPmag e_RPmag e_BP-RP SkyCoord.ra SkyCoord.dec SkyCoord.distance SkyCoord.pm_ra_cosdec SkyCoord.pm_dec
[from data line 324]
333.98476501899 58.09079405391 0.0382 0.0359 17.1875 "" "" 2198796141988921728 2545.74634 0.3741 0.0445 0.008 -0.316 0.046 0.042 1.077 8118.0 4.4349 16.566141 1.437253 17.209171 15.771918 "" "" 2302.92139 2815.60083 4451.33374 2.3164 1785.5 6.4619 3894.0 8.6715 "" "" 0.002812652368329779 0.004819245 0.0044865957 0.00930584 333.98476501899 58.09079405391 2545.74634 0.008000000000000007 -0.31600000000000006
333.85752929917 57.86337674651 0.0494 0.0443 8.6625 "" "" 2198758380625284352 2875.66895 0.35 0.0588 -0.539 -2.497 0.071 0.052 1.187 5368.8 4.2709 16.568708 1.96784 17.292017 15.324177 "" "" 2428.62622 3392.17236 4440.82448 2.8021 1654.3 10.122 5881.5 222.64 "" "" 0.002839213016168924 0.007205342 0.041273173 0.048478514 333.85752929917 57.86337674651 2875.66895 -0.5389999999999999 -2.497
334.24520694028 57.90983501759 0.0386 0.0367 7.2481 "" "" 2198778755961391232 2394.37231 0.4092 0.0457 -2.404 -0.567 0.054 0.044 0.987 6390.5 4.2931 16.572401 1.434229 17.224031 15.789803 "" "" 2152.00366 2665.28906 4425.74641 2.3744 1761.2 7.1445 3830.3 6.9452 "" "" 0.0028162189158514642 0.005213814 0.0042613903 0.009475204 334.24520694028 57.90983501759 2394.37231 -2.4040000000000004 -0.5670000000000002
333.7447514993 57.64102204255 0.0436 0.0418 15.603 "" "" 2198750924572646144 2473.72388 0.3977 0.0489 -0.868 -2.691 0.067 0.049 1.047 7456.6 4.2597 16.57712 1.399974 17.204288 15.804315 "" "" 2204.07617 2797.50391 4406.55327 2.2634 1793.5 9.9188 3779.5 7.5618 "" "" 0.00281119167018149 0.0066211736 0.004359187 0.01098036 333.7447514993 57.64102204255 2473.72388 -0.8679999999999997 -2.691
334.18127664423 58.03564759912 0.049 0.0457 13.5853 "" "" 2198783257087070848 2412.95166 0.4063 0.0564 -1.836 -1.32 0.058 0.057 1.237 5345.4 4.2788 16.57954 1.390472 16.974642 15.584169 "" "" 2118.66724 2741.30884 4396.74142 4.1153 2216.0 26.733 4629.0 50.403 "" "" 0.0029367544144100035 0.013391806 0.012411488 0.025803294 334.18127664423 58.03564759912 2412.95166 -1.836 -1.3200000000000003
334.04969503566 57.57232350059 0.0403 0.0359 14.5334 "" "" 2198560640344385408 2474.78052 0.3834 0.0441 -1.545 -2.513 0.056 0.045 1.069 8361.7 4.1587 16.585918 1.457228 17.244312 15.787085 "" "" 2228.64014 2759.49634 4370.98379 2.9271 1728.6 7.7275 3839.9 6.7984 "" "" 0.0028496378389691024 0.005598482 0.004240141 0.009838623 334.04969503566 57.57232350059 2474.78052 -1.545 -2.513
333.67412371213 57.95015634141 0.0372 0.0367 16.212 "" "" 2198773155323421696 2641.99585 0.3692 0.0432 -2.69 -2.488 0.046 0.045 0.933 9303.2 3.7472 16.586674 1.599204 17.321587 15.722383 "" "" 2359.99561 2957.91602 4367.94663 2.2953 1609.8 9.8008 4075.7 7.9109 "" "" 0.002813770745251926 0.0071749324 0.004327226 0.011502158 333.67412371213 57.95015634141 2641.99585 -2.6900000000000004 -2.4879999999999995
333.68801006239 57.88892484626 0.0363 0.0379 14.2725 "" "" 2198769822428814464 2255.65991 0.4394 0.0449 -7.042 -4.756 0.048 0.045 1.026 5891.0 4.4643 16.587574 1.417129 17.19937 15.78224 "" "" 2029.22827 2493.91577 4364.32691 2.1927 1801.6 9.0653 3857.1 16.576 "" "" 0.002808798318086692 0.0061344714 0.0060045915 0.012139063 333.68801006239 57.88892484626 2255.65991 -7.041999999999999 -4.756
334.20368860277 57.93658263965 0.038 0.0368 8.0192 "" "" 2198778996479545856 2664.26074 0.355 0.0462 -1.772 -2.332 0.052 0.044 1.016 6060.0 4.2642 16.58834 1.40946 17.221386 15.811926 "" "" 2393.06641 2997.35107 4361.24568 2.3546 1765.5 7.6685 3753.1 9.7288 "" "" 0.00281698352608129 0.005479508 0.0047122026 0.010191711 334.20368860277 57.93658263965 2664.26074 -1.7719999999999998 -2.332
334.29620886055 57.95870699233 0.0653 0.057 10.5821 "" "" 2198780370872017024 2333.70166 0.3751 0.0723 -2.949 -1.551 0.09 0.071 1.29 8035.8 3.8588 16.592352 2.709527 18.04282 15.333293 "" "" 1967.23962 2796.94824 4345.16336 5.3257 828.49 13.051 5832.3 20.469 "" "" 0.0030598483414848087 0.017329428 0.0053668963 0.022696324 334.29620886055 57.95870699233 2333.70166 -2.9489999999999994 -1.5509999999999997
334.31331296635 57.98670501273 0.0422 0.036 12.289 "" "" 2198780680106729856 2748.61206 0.3562 0.0482 -3.117 -2.266 0.053 0.044 1.001 7170.3 4.3415 16.593878 1.331269 17.18417 15.852901 "" "" 2384.58374 3222.75586 4339.05629 2.2176 1827.0 8.9159 3614.1 8.5787 "" "" 0.0028106404821461504 0.0059882295 0.004574452 0.010562682 334.31331296635 57.98670501273 2748.61206 -3.117 -2.2660000000000005
333.96600098775 57.88732487619 0.0427 0.0387 6.462 "" "" 2198758105758169344 2681.04663 0.3554 0.048 -0.931 -1.666 0.057 0.044 1.037 9242.9 3.7672 16.59653 2.31303 17.801935 15.488905 "" "" 2377.38525 3040.23633 4328.46794 3.335 1034.3 9.6505 5053.5 7.7469 "" "" 0.002879511436293555 0.010507641 0.004129647 0.014637288 333.96600098775 57.88732487619 2681.04663 -0.9310000000000003 -1.6660000000000001
334.09343214111 57.60054507372 0.0392 0.0362 12.7184 "" "" 2198560777783337984 2565.03833 0.3652 0.0444 -8.663 -4.059 0.055 0.045 0.996 7440.7 4.0509 16.597319 1.938252 17.56182 15.623567 "" "" 2346.99048 2818.04688 4325.32882 2.2685 1290.3 6.8716 4464.1 8.4529 "" "" 0.0028135467605888303 0.006420174 0.0043023643 0.010722538 334.09343214111 57.60054507372 2565.03833 -8.663 -4.059
334.50129196514 57.7997186692 0.0411 0.0366 12.4926 "" "" 2198586994264357504 2932.70996 0.3328 0.0463 -0.674 -0.468 0.056 0.046 1.005 8015.7 4.2006 16.605516 1.409603 17.238 15.828398 "" "" 2562.15991 3568.8418 4292.79332 2.1934 1738.7 7.4064 3696.6 8.2228 "" "" 0.0028106127081902283 0.005401406 0.0044851545 0.009886561 334.50129196514 57.7997186692 2932.70996 -0.6739999999999999 -0.46799999999999997
333.76321832875 57.74314735625 0.0387 0.038 11.8813 "" "" 2198755219539917568 2968.48145 0.3251 0.0466 -7.638 -4.933 0.054 0.049 1.015 7135.9 4.3407 16.607832 1.50949 17.306463 15.796973 "" "" 2580.44727 3412.3877 4283.65168 2.2724 1632.4 9.0704 3805.1 6.7112 "" "" 0.0028148753587089615 0.0066468487 0.0042368355 0.010883684 333.76321832875 57.74314735625 2968.48145 -7.638 -4.933
334.08100191357 58.03606352061 0.0386 0.0387 13.46 "" "" 2198795179916271104 2333.91016 0.4259 0.0464 -2.951 -3.913 0.046 0.043 0.998 5023.7 4.2539 16.610323 1.602347 17.361212 15.758864 "" "" 2102.66846 2664.54785 4273.83287 2.5243 1552.1 9.3738 3941.1 10.294 "" "" 0.002828962625168128 0.0071261697 0.004725046 0.011851216 334.08100191357 58.03606352061 2333.91016 -2.9510000000000005 -3.9130000000000003
334.16445935936 57.86185585848 0.0416 0.0384 3.4251 "" "" 2198778206205578496 2798.26562 0.3388 0.0477 -4.495 -2.723 0.055 0.047 1.074 8097.8 4.4116 16.610832 1.381321 17.226519 15.845198 "" "" 2483.73096 3196.6709 4271.83156 2.1755 1757.2 8.9715 3639.8 9.3115 "" "" 0.0028102526033876875 0.0062059 0.004690274 0.010896174 334.16445935936 57.86185585848 2798.26562 -4.494999999999999 -2.723
334.52063917816 57.81582493368 0.0401 0.0374 13.087 "" "" 2198587578379907968 2355.22607 0.395 0.0472 -2.99 -0.256 0.056 0.048 0.992 "" "" 16.611666 2.152992 17.72805 15.575058 "" "" 2133.06128 2710.85474 4268.55434 3.0193 1107.1 7.4824 4668.0 9.4423 "" "" 0.0028603465288089213 0.007850571 0.004371156 0.012221727 334.52063917816 57.81582493368 2355.22607 -2.9900000000000007 -0.25599999999999984
334.37883701036 57.58813434974 0.0468 0.0602 15.954 "" "" 2198571498023642240 2566.22241 0.3928 0.0628 -1.36 -2.506 0.073 0.089 1.093 "" "" 16.613058 "" "" "" "" "" 2252.0459 2968.96069 4263.08268 3.3192 "" "" "" "" "" "" 0.0028820821506744918 "" "" "" 334.37883701036 57.58813434974 2566.22241 -1.3600000000000003 -2.5059999999999993
334.33433336962 57.93239562402 0.0376 0.0352 10.1294 "" "" 2198779546235379584 2818.44092 0.3343 0.0445 0.866 -0.728 0.051 0.044 1.019 7199.3 4.3377 16.620506 1.390153 17.241884 15.851731 "" "" 2485.09619 3270.82104 4233.93323 2.1428 1732.5 5.763 3618.0 8.4958 "" "" 0.0028095785521509435 0.004563847 0.0045589283 0.009122776 334.33433336962 57.93239562402 2818.44092 0.8660000000000001 -0.7280000000000002
333.99739149292 57.79670201713 0.0403 0.0365 3.7572 "" "" 2198754497985566464 2938.22705 0.3282 0.0448 -4.087 -2.808 0.052 0.043 1.03 7659.2 4.3661 16.625536 1.375256 17.240425 15.86517 "" "" 2601.75366 3336.66016 4214.36958 2.1603 1734.8 6.8593 3573.5 8.3763 "" "" 0.0028109677175896857 0.005119997 0.00455638 0.009676377 333.99739149292 57.79670201713 2938.22705 -4.087 -2.808
334.1710089761 57.99380901888 0.0386 0.036 11.0559 "" "" 2198782398093622400 3038.79321 0.3207 0.0452 -3.539 -2.761 0.047 0.042 1.027 9271.7 3.5869 16.62794 1.560103 17.342224 15.782121 "" "" 2611.13696 3448.30542 4205.04543 2.1091 1579.5 8.4138 3857.5 8.01 "" "" 0.0028086192206849404 0.006421438 0.00440074 0.010822178 334.1710089761 57.99380901888 3038.79321 -3.5390000000000006 -2.7610000000000006
333.5997705255 57.92000131724 0.0379 0.0371 17.5546 "" "" 2198772708646820352 2784.12012 0.3496 0.0435 -3.764 -2.633 0.046 0.045 1.033 9249.3 3.836 16.628342 1.47535 17.297527 15.822177 "" "" 2477.79248 3123.24634 4203.48959 2.1385 1645.9 7.5149 3717.8 7.9161 "" "" 0.002810141076520018 0.0056885625 0.0044303644 0.010118927 333.5997705255 57.92000131724 2784.12012 -3.764 -2.633
334.61780944528 57.83691436201 0.0402 0.0359 16.2533 "" "" 2198593350816122752 2613.4585 0.3722 0.0455 -2.053 -2.637 0.055 0.044 0.988 7176.2 4.3296 16.630182 1.594195 17.375252 15.781056 "" "" 2381.6748 2910.6521 4196.37329 2.2731 1532.2 6.9058 3861.3 5.9921 "" "" 0.002817388676992558 0.0056330943 0.004137941 0.009771036 334.61780944528 57.83691436201 2613.4585 -2.053 -2.637
334.41529268634 58.01109696215 0.0416 0.0376 15.3689 "" "" 2198781023704251264 2726.0874 0.3528 0.0463 -4.461 -5.828 0.05 0.046 1.05 7129.5 4.3439 16.631731 1.448965 17.29037 15.841406 "" "" 2361.50708 3259.2793 4190.38588 2.0848 1656.8 8.3719 3652.5 8.4818 "" "" 0.002807771123596507 0.0061550266 0.004543194 0.010698221 334.41529268634 58.01109696215 2726.0874 -4.461000000000001 -5.828000000000001
333.84024423248 57.58346843157 0.0455 0.0395 16.2481 "" "" 2198562667568920064 2276.05103 0.4033 0.0474 -3.184 -4.248 0.067 0.049 1.014 7874.4 4.2945 16.63612 1.663827 17.409773 15.745946 "" "" 2034.62805 2558.62695 4173.48235 2.2463 1484.3 10.961 3988.2 12.535 "" "" 0.002816609029228394 0.008489372 0.005092036 0.013581408 333.84024423248 57.58346843157 2276.05103 -3.184000000000001 -4.248
334.60697226232 57.70896874719 0.0676 0.0659 17.0363 "" "" 2198574173774739072 2721.40356 0.379 0.0782 -2.673 -1.933 0.092 0.081 1.851 "" "" 16.63822 1.431541 17.24532 15.813779 "" "" 2199.29077 3257.41431 4165.41877 4.6774 1727.0 6.704 3746.7 9.9383 "" "" 0.00301300601596801 0.005054571 0.0047516245 0.009806195 334.60697226232 57.70896874719 2721.40356 -2.672999999999999 -1.9329999999999998
334.17359452535 57.618340386 0.0411 0.0377 11.8083 "" "" 2198561013994684160 2259.98413 0.4209 0.0454 -2.89 -3.071 0.055 0.046 1.037 7480.8 4.2053 16.642897 1.528153 17.33457 15.806416 "" "" 2041.31982 2563.52808 4147.51832 2.1846 1590.7 7.2612 3772.2 11.547 "" "" 0.0028140434811559324 0.005687571 0.005032846 0.010720417 334.17359452535 57.618340386 2259.98413 -2.89 -3.071
334.47516244591 57.64807535668 0.0417 0.0387 15.2652 "" "" 2198572150857293056 2475.98755 0.3797 0.0469 -4.523 -3.276 0.054 0.046 1.003 9102.1 4.4611 16.649956 1.442524 17.307606 15.865082 "" "" 2226.36865 2817.57642 4120.63794 2.3502 1630.7 8.1582 3573.8 8.2858 "" "" 0.00282404984976522 0.0061065224 0.004540962 0.010647485 334.47516244591 57.64807535668 2475.98755 -4.523 -3.276
333.74123018263 57.59693568452 0.043 0.0412 17.54 "" "" 2198744774179328768 3072.70239 0.3027 0.049 -3.607 -2.656 0.063 0.047 1.063 9362.2 3.9718 16.651693 1.524958 17.35181 15.826853 "" "" 2725.52954 3744.44336 4114.05104 2.1824 1565.6 6.9129 3701.8 9.9372 "" "" 0.002814873750992918 0.0055468995 0.004772681 0.01031958 333.74123018263 57.59693568452 3072.70239 -3.607 -2.656
334.04499343155 57.99593752745 0.0413 0.041 11.2184 "" "" 2198782943541934848 2391.58862 0.4191 0.0495 -1.433 -1.195 0.048 0.046 1.008 7068.3 4.3445 16.66464 1.305268 17.244974 15.939706 "" "" 2106.87524 2750.39624 4065.28445 2.2463 1727.5 9.2339 3336.4 9.5973 "" "" 0.0028198769961107367 0.0064394013 0.004902846 0.011342248 334.04499343155 57.99593752745 2391.58862 -1.433 -1.195
333.95693794375 57.82199848317 0.039 0.0391 4.9644 "" "" 2198757349843841152 3242.16455 0.3077 0.0457 -2.759 -2.041 0.051 0.046 1.004 9293.1 3.6618 16.667767 1.516558 17.360764 15.844206 "" "" 2775.00073 3738.15234 4053.58982 2.0929 1552.8 7.9003 3643.1 9.1244 "" "" 0.0028117668204015057 0.0061886543 0.0046559996 0.0108446535 333.95693794375 57.82199848317 3242.16455 -2.7589999999999995 -2.0409999999999995
334.55176280675 57.92467132291 0.0421 0.0377 15.5917 "" "" 2198596992948361856 2964.81152 0.3271 0.0455 0.91 1.242 0.052 0.047 1.075 7141.2 4.2756 16.670422 1.447133 17.332582 15.885449 "" "" 2586.6377 3590.7583 4043.69573 2.1094 1593.6 8.7679 3507.3 11.709 "" "" 0.002812929275680015 0.006593154 0.0052366136 0.011829767 334.55176280675 57.92467132291 2964.81152 0.9099999999999998 1.2420000000000002
334.21700751081 58.0478987874 0.0407 0.0378 14.5319 "" "" 2198784734555964032 2621.21826 0.3726 0.047 -4.278 -1.845 0.048 0.045 1.015 7466.1 4.3603 16.672861 1.397114 17.304838 15.907724 "" "" 2373.32007 2976.00073 4034.6187 2.0025 1634.9 7.2645 3436.1 7.4009 "" "" 0.002807522769142026 0.0055730967 0.004444373 0.0100174695 334.21700751081 58.0478987874 2621.21826 -4.278 -1.845
334.45644750033 57.74543422736 0.04 0.0374 11.7507 "" "" 2198586788105935744 2354.2876 0.4064 0.0469 -6.208 -3.748 0.056 0.045 0.971 8139.4 4.3564 16.677893 1.562735 17.403027 15.840292 "" "" 2099.76733 2641.8999 4015.96227 2.2348 1493.5 8.4103 3656.3 6.7192 "" "" 0.0028207861797410706 0.0067206346 0.0042737336 0.010994368 334.45644750033 57.74543422736 2354.2876 -6.207999999999999 -3.748
334.63938907073 57.78345771547 0.0436 0.0385 16.9766 "" "" 2198586371482099840 2940.09399 0.3243 0.0478 -2.426 -2.369 0.06 0.047 1.101 "" "" 16.683308 1.50892 17.377821 15.868901 "" "" 2510.14746 3373.9126 3995.98606 2.6389 1528.6 7.8792 3561.2 9.0355 "" "" 0.002847084154910846 0.0062534227 0.0046767835 0.010930207 334.63938907073 57.78345771547 2940.09399 -2.426 -2.3690000000000007
333.91100019101 58.07747150652 0.0415 0.0387 17.1399 "" "" 2198798959487464064 2762.91479 0.344 0.0484 -3.029 -2.302 0.05 0.046 0.97 8084.4 4.1801 16.683737 1.507594 17.336334 15.82874 "" "" 2368.65649 3250.66504 3994.40669 3.2626 1588.1 15.317 3695.4 22.5 "" "" 0.0028945190278041434 0.010837114 0.0076147662 0.01845188 333.91100019101 58.07747150652 2762.91479 -3.029 -2.302
334.09548320242 57.75199430097 0.0396 0.037 3.6534 "" "" 2198565794305241856 2513.69409 0.381 0.0465 0.514 -0.459 0.057 0.045 1.017 7190.7 4.3317 16.685694 1.545056 17.401186 15.85613 "" "" 2283.00317 2879.67163 3987.2107 2.0675 1496.0 8.6013 3603.3 8.1235 "" "" 0.0028122494715628467 0.006837656 0.0045028 0.011340456 334.09548320242 57.75199430097 2513.69409 0.514 -0.4590000000000001
334.27775517268 57.55324561276 0.042 0.037 16.4359 "" "" 2198548129092470016 2669.38647 0.361 0.0466 -2.345 -3.036 0.059 0.045 1.002 7796.7 4.2943 16.68746 1.658899 17.470247 15.811348 "" "" 2358.26685 3000.74121 3980.73385 2.2341 1403.8 8.2191 3755.1 13.522 "" "" 0.0028218950428669145 0.0069422503 0.005437785 0.012380036 334.27775517268 57.55324561276 2669.38647 -2.3449999999999998 -3.0359999999999996
334.5004265503 57.74765353295 0.0419 0.0395 13.0413 "" "" 2198586066551435648 2685.69922 0.3684 0.0495 -4.178 -2.958 0.06 0.049 1.078 8165.9 4.3221 16.688196 1.795808 17.56014 15.764333 "" "" 2411.64893 3034.68188 3978.03303 2.2448 1292.3 6.7859 3921.3 11.093 "" "" 0.002822616868615505 0.0063473657 0.004870064 0.01121743 334.5004265503 57.74765353295 2685.69922 -4.178 -2.958
