Clusters/LP_1807/LP_1807_stars_in_region.tsv
# %ECSV 1.0
# ---
# datatype:
# - name: RA_ICRS_1
#   unit: deg
#   datatype: float64
#   format: '{:15.11f}'
#   description: Right ascension (ICRS) at Ep=2016.0 (ra)
#   meta: !!omap
#   - {ucd: POS_EQ_RA_MAIN}
#   - {width: 15}
#   - {precision: '11'}
# - name: DE_ICRS_1
#   unit: deg
#   datatype: float64
#   format: '{:15.11f}'
#   description: Declination (ICRS) at Ep=2016.0 (dec)
#   meta: !!omap
#   - {ucd: POS_EQ_DEC_MAIN}
#   - {width: 15}
#   - {precision: '11'}
# - name: e_RA_ICRS
#   unit: mas
#   datatype: float64
#   format: '{:7.4f}'
#   description: Standard error of right ascension (ra_error)
#   meta: !!omap
#   - {ucd: ERROR}
#   - {width: 7}
#   - {precision: '4'}
# - name: e_DE_ICRS
#   unit: mas
#   datatype: float64
#   format: '{:7.4f}'
#   description: Standard error of declination (dec_error)
#   meta: !!omap
#   - {ucd: ERROR}
#   - {width: 7}
#   - {precision: '4'}
# - name: _r_1
#   unit: ''
#   datatype: float64
#   format: '{:7.4f}'
#   description: Distance from center (334.11121251000+57.81230469000)[ICRS], at Epoch=J2016.0
#   meta: !!omap
#   - {ucd: POS_ANG_DIST_GENERAL}
#   - {width: 7}
#   - {precision: '4'}
# - name: HIP
#   datatype: int32
#   description: '? HIP cross-id number, van Leeuwen, Cat. I/311 (hip_original_ext_source_id)'
#   meta: !!omap
#   - {ucd: ID_NUMBER}
#   - {width: 6}
#   - values: {'null': -2147483648}
# - name: TYC2
#   datatype: string
#   description: Tycho-2 cross-id name, Hog et al., Cat. I/259 (tyc2_original_ext_source_id)
#   meta: !!omap
#   - {ucd: ID_CROSSID}
#   - {_votable_string_dtype: char}
# - name: Source
#   datatype: int64
#   description: Source identifier, identical to the Gaia-EDR3 source_id (id)
#   meta: !!omap
#   - {ucd: ID_MAIN}
#   - {width: 19}
# - name: rgeo
#   unit: pc
#   datatype: float64
#   format: '{:15.8f}'
#   description: '? Median of the geometric distance posterior (r_med_geo)'
#   meta: !!omap
#   - {ucd: PHYS_DISTANCE_TRUE}
#   - {width: 15}
#   - {precision: '8'}
#   - values: {'null': .nan}
# - name: Plx
#   unit: mas
#   datatype: float64
#   format: '{:9.4f}'
#   description: '? Parallax (parallax)'
#   meta: !!omap
#   - {ucd: POS_PARLX_TRIG}
#   - {width: 9}
#   - {precision: '4'}
#   - values: {'null': .nan}
# - name: e_Plx
#   unit: mas
#   datatype: float32
#   format: '{:7.4f}'
#   description: '? Standard error of parallax (parallax_error)'
#   meta: !!omap
#   - {ucd: ERROR}
#   - {width: 7}
#   - {precision: '4'}
#   - values: {'null': .nan}
# - name: pmRA
#   unit: mas / yr
#   datatype: float64
#   format: '{:9.3f}'
#   description: '? Proper motion in right ascension direction, pmRA*cosDE (pmra)'
#   meta: !!omap
#   - {ucd: POS_EQ_PMRA}
#   - {width: 9}
#   - {precision: '3'}
#   - values: {'null': .nan}
# - name: pmDE
#   unit: mas / yr
#   datatype: float64
#   format: '{:9.3f}'
#   description: '? Proper motion in declination direction (pmdec)'
#   meta: !!omap
#   - {ucd: POS_EQ_PMDEC}
#   - {width: 9}
#   - {precision: '3'}
#   - values: {'null': .nan}
# - name: e_pmRA
#   unit: mas / yr
#   datatype: float32
#   format: '{:6.3f}'
#   description: '? Standard error of proper motion in right ascension direction (pmra_error)'
#   meta: !!omap
#   - {ucd: ERROR}
#   - {width: 6}
#   - {precision: '3'}
#   - values: {'null': .nan}
# - name: e_pmDE
[...]
#         unit: &id001 !astropy.units.Unit {unit: deg}
#         value: !astropy.table.SerializedColumn {name: SkyCoord.dec}
#       distance: !astropy.table.SerializedColumn
#         __class__: astropy.coordinates.distances.Distance
#         unit: !astropy.units.Unit {unit: pc}
#         value: !astropy.table.SerializedColumn {name: SkyCoord.distance}
#       frame: icrs
#       obstime: !astropy.time.Time {format: jyear_str, in_subfmt: '*', jd1: 367701545.0, jd2: 0.0, out_subfmt: '*', precision: 3, scale: tt}
#       pm_dec: !astropy.table.SerializedColumn
#         __class__: astropy.units.quantity.Quantity
#         unit: !astropy.units.Unit {unit: mas / yr}
#         value: !astropy.table.SerializedColumn {name: SkyCoord.pm_dec}
#       pm_ra_cosdec: !astropy.table.SerializedColumn
#         __class__: astropy.units.quantity.Quantity
#         unit: !astropy.units.Unit {unit: mas / yr}
#         value: !astropy.table.SerializedColumn {name: SkyCoord.pm_ra_cosdec}
#       ra: !astropy.table.SerializedColumn
#         __class__: astropy.coordinates.angles.Longitude
#         unit: *id001
#         value: !astropy.table.SerializedColumn {name: SkyCoord.ra}
#         wrap_angle: !astropy.coordinates.Angle
#           unit: *id001
#           value: 360.0
#       representation_type: spherical
# schema: astropy-2.0
RA_ICRS_1 DE_ICRS_1 e_RA_ICRS e_DE_ICRS _r_1 HIP TYC2 Source rgeo Plx e_Plx pmRA pmDE e_pmRA e_pmDE RUWE Teff logg Gmag BP-RP BPmag RPmag RV e_RV b_rgeo B_rgeo FG e_FG FBP e_FBP FRP e_FRP RAVE5 RAVE6 e_Gmag e_BPmag e_RPmag e_BP-RP SkyCoord.ra SkyCoord.dec SkyCoord.distance SkyCoord.pm_ra_cosdec SkyCoord.pm_dec
[from data line 283]
333.8804718107 57.58840194323 0.0384 0.0343 15.3363 "" "" 2198562736288400640 2665.94067 0.3604 0.0407 -2.619 -3.45 0.056 0.042 1.008 6672.1 3.8299 16.431921 1.902498 17.374084 15.471586 "" "" 2377.55176 2979.10425 5037.07805 2.2731 1533.9 8.001 5134.8 7.6696 "" "" 0.0027985449985286084 0.0063133435 0.0041126236 0.010425967 333.8804718107 57.58840194323 2665.94067 -2.6190000000000007 -3.45
334.27186705344 58.07707023613 0.0353 0.0328 16.6894 "" "" 2198784906354656000 2292.28906 0.426 0.0411 -3.615 -9.646 0.042 0.039 1.044 5008.9 4.1697 16.43233 1.700094 17.241507 15.541412 "" "" 2071.5896 2521.15186 5035.17867 2.4647 1733.1 8.4425 4815.0 8.2009 "" "" 0.002806108143464709 0.0059798276 0.0042075356 0.010187363 334.27186705344 58.07707023613 2292.28906 -3.614999999999999 -9.646000000000003
334.58797524853 57.77722595896 0.0434 0.0387 15.3901 "" "" 2198586307069612288 2322.56885 0.4185 0.0485 -2.856 -3.519 0.062 0.048 1.142 8503.0 4.4483 16.435123 1.436443 17.058775 15.622332 "" "" 2127.31177 2591.21558 5022.2388 2.9157 2050.7 13.272 4469.2 10.489 "" "" 0.0028265011237161653 0.0075605013 0.004558169 0.01211867 334.58797524853 57.77722595896 2322.56885 -2.856 -3.5190000000000006
333.98394902333 57.95132479869 0.0363 0.035 9.2767 "" "" 2198759338405574912 2542.63623 0.3715 0.0432 -6.121 -6.186 0.046 0.041 1.027 6740.6 4.3278 16.43736 1.439243 17.092379 15.653135 "" "" 2304.18359 2820.27637 5011.90382 2.5021 1988.2 6.8856 4344.1 9.7722 "" "" 0.0028081292466471874 0.0046822894 0.0044998936 0.009182183 333.98394902333 57.95132479869 2542.63623 -6.121 -6.186
334.04705398133 57.72866721833 0.0351 0.0331 5.422 "" "" 2198565278909165056 2433.60181 0.4027 0.0423 -3.139 -2.683 0.051 0.038 0.999 9208.7 3.8863 16.437572 1.876377 17.359987 15.48361 "" "" 2199.45654 2723.32153 5010.92434 2.4231 1553.9 7.5944 5078.3 8.3009 "" "" 0.002804895338614577 0.005995185 0.0041753296 0.010170515 334.04705398133 57.72866721833 2433.60181 -3.1390000000000002 -2.683
333.80655093528 57.78379377159 0.0501 0.0379 9.8904 "" "" 2198755833712393216 2738.90161 0.3498 0.0463 -0.292 -0.769 0.073 0.045 1.005 9302.3 3.9601 16.439198 2.092032 17.48569 15.393658 "" "" 2389.63403 3366.86523 5003.42654 6.261 1384.0 9.8553 5516.9 26.165 "" "" 0.0030720772900525604 0.008219463 0.0063874274 0.01460689 333.80655093528 57.78379377159 2738.90161 -0.2919999999999998 -0.7689999999999999
333.6737470765 57.80224815046 0.0354 0.0351 13.9971 "" "" 2198756559569681920 2334.68408 0.411 0.0422 -0.356 0.516 0.047 0.044 1.022 "" "" 16.441936 1.501749 17.11005 15.608301 "" "" 2134.03223 2564.43604 4990.82477 2.4583 1956.1 7.0734 4527.3 8.9623 "" "" 0.0028067408993252374 0.004816567 0.0043478017 0.009164369 333.6737470765 57.80224815046 2334.68408 -0.35600000000000004 0.516
334.14453725415 57.89373109829 0.0365 0.0341 5.0001 "" "" 2198778481083474560 3127.40845 0.3073 0.0428 -3.461 -2.842 0.051 0.04 1.023 9219.8 3.5647 16.450455 1.503305 17.133913 15.630608 "" "" 2794.47461 3604.94214 4951.81777 2.2829 1913.6 8.4095 4435.2 7.8281 "" "" 0.002800417586686406 0.0055272994 0.004237452 0.009764751 334.14453725415 57.89373109829 3127.40845 -3.4609999999999994 -2.8419999999999996
333.95997468327 57.77289522652 0.0384 0.0358 5.3835 "" "" 2198754085668707200 2523.39722 0.3895 0.0429 -5.706 -4.249 0.051 0.042 1.039 8342.6 4.1679 16.453386 1.338242 17.046175 15.707933 "" "" 2309.33179 2814.70728 4938.46439 8.4355 2074.7 14.241 4130.3 17.178 "" "" 0.0033213279115039966 0.007957809 0.0058884933 0.013846302 333.95997468327 57.77289522652 2523.39722 -5.7059999999999995 -4.248999999999999
333.74139087402 57.65848247481 0.0372 0.035 15.0164 "" "" 2198751749206361472 3033.57837 0.3089 0.0426 -3.183 -2.66 0.057 0.041 0.995 "" "" 16.455154 1.378267 17.059242 15.680975 "" "" 2749.17651 3375.16553 4930.43343 2.2085 2049.8 8.4755 4234.2 9.956 "" "" 0.002797912128431712 0.0052857185 0.0045608273 0.009846546 333.74139087402 57.65848247481 3033.57837 -3.1829999999999994 -2.66
333.97908344899 57.87787901647 0.0365 0.0361 5.769 "" "" 2198758037038694912 2358.49365 0.4007 0.0437 -2.914 -1.418 0.049 0.041 1.081 6876.1 4.2824 16.456142 1.487037 17.126009 15.638972 "" "" 2123.17188 2659.35425 4925.94923 2.3921 1927.6 6.6167 4401.2 10.005 "" "" 0.002805312516203755 0.0046556313 0.004513918 0.009169549 333.97908344899 57.87787901647 2358.49365 -2.9140000000000006 -1.4179999999999997
333.57108235395 57.7720146886 0.0381 0.0357 17.4414 "" "" 2198762332005718656 2557.49512 0.3713 0.0436 -1.176 -1.309 0.05 0.042 1.065 8287.0 4.2782 16.456448 1.524379 17.16278 15.638402 "" "" 2325.82495 2861.69775 4924.56185 2.4111 1863.4 6.4447 4403.5 8.0467 "" "" 0.002806130960682327 0.0046782247 0.0042684926 0.008946717 333.57108235395 57.7720146886 2557.49512 -1.1759999999999997 -1.309
333.78916953748 57.75700159736 0.0387 0.0368 10.8222 "" "" 2198755597497039744 2457.49561 0.3961 0.0445 0.184 0.207 0.05 0.043 1.062 7595.0 4.1418 16.46519 1.475655 17.136644 15.66099 "" "" 2241.34424 2868.40259 4885.06849 2.3404 1908.8 7.6593 4312.8 8.7671 "" "" 0.0028039907762149987 0.0051735356 0.004376642 0.0095501775 333.78916953748 57.75700159736 2457.49561 0.184 0.207
334.26105533348 57.82917901499 0.038 0.0341 4.894 "" "" 2198589846122592384 2322.44849 0.4166 0.0423 -3.0 -3.302 0.048 0.042 1.034 7983.5 4.1618 16.465942 1.357319 17.06972 15.7124 "" "" 2120.6709 2594.6272 4881.68839 2.471 2030.2 8.6163 4113.4 7.3765 "" "" 0.002809594649448157 0.0053868457 0.0042514317 0.009638278 334.26105533348 57.82917901499 2322.44849 -3.0 -3.302
334.22296951344 58.08288739665 0.0467 0.0411 16.6204 "" "" 2198785043793600768 3154.60254 0.3149 0.0518 -3.65 -2.702 0.054 0.049 1.392 9998.1 4.2381 16.472544 1.532388 17.042698 15.51031 "" "" 2643.91724 3775.59717 4852.09682 3.7116 2081.3 12.271 4954.9 53.372 "" "" 0.0028777720083731978 0.0069829756 0.012290583 0.019273559 334.22296951344 58.08288739665 3154.60254 -3.6500000000000004 -2.702000000000001
333.78392787275 58.04413686786 0.0376 0.0373 17.3841 "" "" 2198775216907914752 2528.9043 0.3756 0.0435 -0.309 -0.866 0.045 0.043 0.929 7122.5 4.1354 16.474195 1.761707 17.32517 15.563463 "" "" 2287.30371 2875.9458 4844.71794 2.5196 1604.5 7.0057 4718.2 8.1 "" "" 0.0028125843733920364 0.005500784 0.004214026 0.00971481 333.78392787275 58.04413686786 2528.9043 -0.309 -0.8660000000000001
333.77939206993 57.89469480809 0.0349 0.0364 11.6901 "" "" 2198768963435365120 2499.10522 0.3892 0.0431 -3.577 -2.038 0.044 0.041 1.068 7083.3 4.3253 16.474632 1.537093 17.172703 15.63561 "" "" 2295.4314 2806.9043 4842.77077 2.4594 1846.4 6.2882 4414.8 8.8781 "" "" 0.0028099504035584283 0.004632235 0.004364741 0.008996977 333.77939206993 57.89469480809 2499.10522 -3.577 -2.038
333.9633601921 57.90370626472 0.0363 0.0363 7.2353 "" "" 2198758861672410880 2426.20337 0.4072 0.0437 -2.95 -2.761 0.048 0.041 1.112 9374.3 4.202 16.476883 1.609186 17.164352 15.555166 "" "" 2165.87305 2741.09033 4832.73797 2.7062 1860.7 13.476 4754.4 56.983 "" "" 0.002821600939635752 0.008343723 0.013550614 0.021894336 333.9633601921 57.90370626472 2426.20337 -2.9499999999999993 -2.7610000000000006
333.93796154425 57.68928978455 0.0381 0.0337 9.2328 "" "" 2198751302529916032 2910.42163 0.3191 0.0431 -0.587 -1.601 0.059 0.039 1.043 "" "" 16.477654 1.555267 17.196161 15.640894 "" "" 2561.53662 3239.16235 4829.30928 2.2811 1807.0 10.148 4393.4 10.144 "" "" 0.002802640964571451 0.0067054946 0.0045352126 0.011240708 333.93796154425 57.68928978455 2910.42163 -0.587 -1.6009999999999998
334.12896136139 57.55918399635 0.0404 0.0388 15.1979 "" "" 2198559746991199872 2469.89795 0.3884 0.0471 -3.832 -3.232 0.059 0.049 1.25 9431.0 4.0646 16.480532 1.797566 17.325663 15.528096 "" "" 2251.30273 2716.22681 4816.52882 2.6227 1603.8 15.327 4874.4 16.436 "" "" 0.002818033675983043 0.0107446285 0.0052618077 0.016006436 334.12896136139 57.55918399635 2469.89795 -3.8319999999999994 -3.232
333.9814545032 57.81654852184 0.038 0.0341 4.1548 "" "" 2198754772863467392 3020.62134 0.336 0.0432 -5.732 -4.551 0.049 0.039 1.036 7162.3 4.247 16.486588 1.708057 17.302559 15.594501 "" "" 2660.3894 3783.79224 4789.73587 2.4618 1638.3 7.9982 4585.2 10.435 "" "" 0.0028112627629690726 0.005990089 0.0045154365 0.010505525 333.9814545032 57.81654852184 3020.62134 -5.731999999999999 -4.551000000000002
333.65642066444 57.64882197354 0.0384 0.039 17.5632 "" "" 2198746011129880576 2833.6311 0.3423 0.048 -3.646 -4.998 0.059 0.044 1.0 5261.8 4.2724 16.486609 1.508735 17.178127 15.669393 "" "" 2525.0564 3205.23438 4789.64663 2.2495 1837.2 8.7644 4279.6 6.8603 "" "" 0.002802108766046811 0.0058832425 0.004160881 0.010044124 333.65642066444 57.64882197354 2833.6311 -3.6460000000000004 -4.998
334.10412102684 57.60676220801 0.0376 0.0346 12.3346 "" "" 2198560777783473152 2273.48608 0.4223 0.043 -1.126 -0.665 0.054 0.045 1.013 8013.0 4.3239 16.490204 1.598036 17.238636 15.6406 "" "" 2062.73706 2508.67603 4773.8094 2.2553 1737.7 12.503 4394.6 8.3126 "" "" 0.0028026582394411513 0.00829535 0.0043013375 0.012596687 334.10412102684 57.60676220801 2273.48608 -1.126 -0.665
334.36975687576 57.90525587572 0.036 0.0336 9.9606 "" "" 2198779305717222784 2676.13135 0.3707 0.0409 -3.445 -2.518 0.046 0.042 1.004 7176.3 4.2112 16.498556 1.383363 17.114136 15.730773 "" "" 2418.64575 3060.94067 4737.23074 2.3173 1948.8 8.2416 4044.4 9.2319 "" "" 0.002806040636731754 0.0053729205 0.004519503 0.009892424 334.36975687576 57.90525587572 2676.13135 -3.445 -2.518
333.65118274719 57.83577691024 0.0368 0.0361 14.7658 "" "" 2198768581174963968 2286.19727 0.4148 0.0439 2.993 -3.767 0.051 0.044 1.052 5204.5 4.2598 16.50118 1.510061 17.196 15.685938 "" "" 2123.75146 2533.78491 4725.79211 2.0346 1807.2 7.4089 4214.9 9.3928 "" "" 0.00279469004019624 0.005253356 0.004487525 0.009740882 333.65118274719 57.83577691024 2286.19727 2.993 -3.7670000000000003
334.46217947364 57.69360239058 0.0361 0.0357 13.303 "" "" 2198584176765837440 2701.28345 0.3484 0.0429 -0.636 -2.299 0.048 0.043 1.032 7714.2 4.1594 16.511581 1.711758 17.326956 15.615198 "" "" 2410.57471 3056.40747 4680.73978 2.3511 1601.9 9.1888 4498.6 9.695 "" "" 0.00280877262924391 0.006824432 0.0044450867 0.011269519 334.46217947364 57.69360239058 2701.28345 -0.636 -2.2990000000000004
334.36087214607 57.88338754228 0.0405 0.0367 9.0409 "" "" 2198591525443083904 2896.0874 0.3088 0.0453 -1.263 -1.517 0.052 0.048 1.04 6821.1 3.3341 16.515001 2.660917 17.99453 15.333612 "" "" 2502.87671 3311.33643 4666.01283 2.9642 866.17 6.716 5830.6 10.161 "" "" 0.0028403400696824324 0.00886878 0.004226562 0.013095342 334.36087214607 57.88338754228 2896.0874 -1.2630000000000001 -1.5170000000000001
333.69179179837 57.62775196774 0.0429 0.041 17.4137 "" "" 2198745770611723904 2885.64746 0.3223 0.0489 -2.653 -2.806 0.071 0.048 1.124 9262.2 4.2648 16.51527 1.357115 17.11587 15.758755 "" "" 2548.64209 3332.43921 4664.85874 2.3811 1945.7 11.371 3941.5 9.7451 "" "" 0.0028105022104884616 0.0069315904 0.0046357084 0.011567298 333.69179179837 57.62775196774 2885.64746 -2.6529999999999996 -2.806
334.16277720536 58.01517735293 0.0363 0.0345 12.2828 "" "" 2198783222727334912 2528.64062 0.3752 0.0424 -4.52 -4.615 0.042 0.039 0.933 5522.7 4.2135 16.516304 1.442635 17.17062 15.727984 "" "" 2310.04297 2800.24731 4660.41775 2.2638 1850.0 8.1255 4054.8 9.24 "" "" 0.0028053407580739776 0.005525018 0.004517208 0.010042226 334.16277720536 58.01517735293 2528.64062 -4.52 -4.615
334.21152685076 57.62159998061 0.037 0.0353 11.8853 "" "" 2198561052661388416 2550.40674 0.3716 0.0418 -3.441 -3.53 0.055 0.046 1.069 7603.1 4.2771 16.525455 1.709803 17.346277 15.636475 "" "" 2321.06592 2989.66235 4621.30689 2.2441 1573.6 6.8373 4411.3 8.5118 "" "" 0.0028053097711688495 0.0054808874 0.004321187 0.009802074 334.21152685076 57.62159998061 2550.40674 -3.4409999999999994 -3.5299999999999994
334.41212838407 57.99068879801 0.0372 0.0357 14.3735 "" "" 2198780851905562880 2555.5896 0.3779 0.0437 -3.49 -3.384 0.049 0.045 0.996 6744.5 4.3417 16.527897 1.395394 17.160545 15.765151 "" "" 2271.86768 2894.12207 4610.92177 2.2803 1867.2 12.46 3918.3 9.9962 "" "" 0.002807151160436547 0.0077639064 0.0046857214 0.012449628 334.41212838407 57.99068879801 2555.5896 -3.49 -3.384000000000001
333.83696549243 57.87387235036 0.0394 0.0403 9.5051 "" "" 2198758552434651008 2630.14478 0.3295 0.0486 -2.567 -2.382 0.055 0.048 1.051 "" "" 16.528 2.925394 18.219353 15.293959 "" "" 2366.76172 3062.19678 4610.48617 2.939 704.17 7.7453 6047.5 8.218 "" "" 0.0028409171306649017 0.0122638345 0.0040571643 0.016321 333.83696549243 57.87387235036 2630.14478 -2.567 -2.382
334.14735952509 57.57202415691 0.0364 0.0337 14.4634 "" "" 2198559781350937600 2421.96362 0.3992 0.0413 -4.774 -3.433 0.052 0.042 0.972 8574.9 4.222 16.536333 1.493934 17.219929 15.725995 "" "" 2167.42041 2717.22266 4575.2389 2.1537 1767.8 8.7357 4062.2 8.7756 "" "" 0.00280232054347931 0.00604738 0.0044480567 0.010495437 334.14735952509 57.57202415691 2421.96362 -4.774 -3.433
334.3934648079 57.69564058193 0.04 0.0388 11.43 "" "" 2198584382924138112 2892.21143 0.3277 0.0462 -2.874 -1.917 0.056 0.051 1.024 9298.8 3.5413 16.539343 2.23282 17.697262 15.464442 "" "" 2540.31152 3409.13257 4562.5735 3.0905 1139.0 8.8721 5168.7 9.6722 "" "" 0.0028517803774259828 0.008905583 0.0042908853 0.013196468 334.3934648079 57.69564058193 2892.21143 -2.874 -1.9169999999999998
334.19347813986 57.69222668416 0.0379 0.035 7.671 "" "" 2198564454275473152 2773.98706 0.3531 0.0428 -1.539 -3.044 0.057 0.043 0.974 8409.4 4.3086 16.548895 1.506878 17.24221 15.735333 "" "" 2485.80005 3138.63696 4522.60584 2.2851 1731.9 6.4416 4027.4 11.068 "" "" 0.0028094003861520245 0.004908428 0.004815262 0.009723689 334.19347813986 57.69222668416 2773.98706 -1.5389999999999993 -3.0439999999999996
333.90835454658 57.71967464776 0.0422 0.0401 8.5461 "" "" 2198751646127287808 3000.9563 0.3256 0.0485 -2.427 -3.305 0.062 0.049 1.177 "" "" 16.550692 1.923156 17.491285 15.56813 "" "" 2600.21582 3554.00635 4515.12626 3.1293 1376.9 9.3183 4697.9 7.7642 "" "" 0.002856227037410635 0.00785974 0.0041837264 0.012043467 333.90835454658 57.71967464776 3000.9563 -2.427 -3.3050000000000006
333.81770682599 57.90682530498 0.0355 0.0365 10.9514 "" "" 2198770475263853696 3101.47681 0.3019 0.0431 0.833 -1.641 0.045 0.041 1.016 6760.2 4.141 16.551392 1.867025 17.47083 15.603806 "" "" 2735.14038 3725.09863 4512.21706 2.2054 1403.1 9.1615 4546.1 8.7978 "" "" 0.0028059573020006953 0.007618594 0.0043241885 0.011942782 333.81770682599 57.90682530498 3101.47681 0.833 -1.6409999999999998
334.29765228004 57.91578401325 0.0396 0.0368 8.5997 "" "" 2198779511875639936 2264.45605 0.4208 0.046 -3.755 -2.167 0.055 0.046 1.112 6042.5 4.3054 16.55281 1.515737 17.24449 15.728753 "" "" 2052.7041 2517.38135 4506.32861 2.1768 1728.3 8.6229 4051.9 10.48 "" "" 0.0028047918518277373 0.006093348 0.004708468 0.010801816 334.29765228004 57.91578401325 2264.45605 -3.755 -2.167
334.0333594224 57.65475223681 0.0437 0.0404 9.7765 "" "" 2198564041958601728 2347.43774 0.4113 0.0475 2.768 7.435 0.063 0.045 1.057 7639.1 4.4061 16.558922 1.537483 17.265053 15.72757 "" "" 2078.00488 2669.58691 4481.0322 2.2891 1695.9 10.652 4056.3 7.7406 "" "" 0.0028105897301867926 0.0073682563 0.0043100463 0.011678303 334.0333594224 57.65475223681 2347.43774 2.768 7.434999999999999
333.8262665547 57.79442073254 0.0536 0.0531 9.1726 "" "" 2198755941094554368 2510.05786 0.3854 0.0655 -0.123 -1.393 0.067 0.059 1.354 8990.3 4.4689 16.562975 1.413898 17.173517 15.759619 "" "" 2205.46045 2961.67847 4464.33252 4.0621 1845.1 8.8272 3938.3 11.402 "" "" 0.0029270736372500085 0.005896257 0.004915745 0.010812001 333.8262665547 57.79442073254 2510.05786 -0.12300000000000005 -1.393
