Clusters/LP_1807/LP_1807_stars_in_region.tsv
# %ECSV 1.0
# ---
# datatype:
# - name: RA_ICRS_1
#   unit: deg
#   datatype: float64
#   format: '{:15.11f}'
#   description: Right ascension (ICRS) at Ep=2016.0 (ra)
#   meta: !!omap
#   - {ucd: POS_EQ_RA_MAIN}
#   - {width: 15}
#   - {precision: '11'}
# - name: DE_ICRS_1
#   unit: deg
#   datatype: float64
#   format: '{:15.11f}'
#   description: Declination (ICRS) at Ep=2016.0 (dec)
#   meta: !!omap
#   - {ucd: POS_EQ_DEC_MAIN}
#   - {width: 15}
#   - {precision: '11'}
# - name: e_RA_ICRS
#   unit: mas
#   datatype: float64
#   format: '{:7.4f}'
#   description: Standard error of right ascension (ra_error)
#   meta: !!omap
#   - {ucd: ERROR}
#   - {width: 7}
#   - {precision: '4'}
# - name: e_DE_ICRS
#   unit: mas
#   datatype: float64
#   format: '{:7.4f}'
#   description: Standard error of declination (dec_error)
#   meta: !!omap
#   - {ucd: ERROR}
#   - {width: 7}
#   - {precision: '4'}
# - name: _r_1
#   unit: ''
#   datatype: float64
#   format: '{:7.4f}'
#   description: Distance from center (334.11121251000+57.81230469000)[ICRS], at Epoch=J2016.0
#   meta: !!omap
#   - {ucd: POS_ANG_DIST_GENERAL}
#   - {width: 7}
#   - {precision: '4'}
# - name: HIP
#   datatype: int32
#   description: '? HIP cross-id number, van Leeuwen, Cat. I/311 (hip_original_ext_source_id)'
#   meta: !!omap
#   - {ucd: ID_NUMBER}
#   - {width: 6}
#   - values: {'null': -2147483648}
# - name: TYC2
#   datatype: string
#   description: Tycho-2 cross-id name, Hog et al., Cat. I/259 (tyc2_original_ext_source_id)
#   meta: !!omap
#   - {ucd: ID_CROSSID}
#   - {_votable_string_dtype: char}
# - name: Source
#   datatype: int64
#   description: Source identifier, identical to the Gaia-EDR3 source_id (id)
#   meta: !!omap
#   - {ucd: ID_MAIN}
#   - {width: 19}
# - name: rgeo
#   unit: pc
#   datatype: float64
#   format: '{:15.8f}'
#   description: '? Median of the geometric distance posterior (r_med_geo)'
#   meta: !!omap
#   - {ucd: PHYS_DISTANCE_TRUE}
#   - {width: 15}
#   - {precision: '8'}
#   - values: {'null': .nan}
# - name: Plx
#   unit: mas
#   datatype: float64
#   format: '{:9.4f}'
#   description: '? Parallax (parallax)'
#   meta: !!omap
#   - {ucd: POS_PARLX_TRIG}
#   - {width: 9}
#   - {precision: '4'}
#   - values: {'null': .nan}
# - name: e_Plx
#   unit: mas
#   datatype: float32
#   format: '{:7.4f}'
#   description: '? Standard error of parallax (parallax_error)'
#   meta: !!omap
#   - {ucd: ERROR}
#   - {width: 7}
#   - {precision: '4'}
#   - values: {'null': .nan}
# - name: pmRA
#   unit: mas / yr
#   datatype: float64
#   format: '{:9.3f}'
#   description: '? Proper motion in right ascension direction, pmRA*cosDE (pmra)'
#   meta: !!omap
#   - {ucd: POS_EQ_PMRA}
#   - {width: 9}
#   - {precision: '3'}
#   - values: {'null': .nan}
# - name: pmDE
#   unit: mas / yr
#   datatype: float64
#   format: '{:9.3f}'
#   description: '? Proper motion in declination direction (pmdec)'
#   meta: !!omap
#   - {ucd: POS_EQ_PMDEC}
#   - {width: 9}
#   - {precision: '3'}
#   - values: {'null': .nan}
# - name: e_pmRA
#   unit: mas / yr
#   datatype: float32
#   format: '{:6.3f}'
#   description: '? Standard error of proper motion in right ascension direction (pmra_error)'
#   meta: !!omap
#   - {ucd: ERROR}
#   - {width: 6}
#   - {precision: '3'}
#   - values: {'null': .nan}
# - name: e_pmDE
[...]
#         unit: &id001 !astropy.units.Unit {unit: deg}
#         value: !astropy.table.SerializedColumn {name: SkyCoord.dec}
#       distance: !astropy.table.SerializedColumn
#         __class__: astropy.coordinates.distances.Distance
#         unit: !astropy.units.Unit {unit: pc}
#         value: !astropy.table.SerializedColumn {name: SkyCoord.distance}
#       frame: icrs
#       obstime: !astropy.time.Time {format: jyear_str, in_subfmt: '*', jd1: 367701545.0, jd2: 0.0, out_subfmt: '*', precision: 3, scale: tt}
#       pm_dec: !astropy.table.SerializedColumn
#         __class__: astropy.units.quantity.Quantity
#         unit: !astropy.units.Unit {unit: mas / yr}
#         value: !astropy.table.SerializedColumn {name: SkyCoord.pm_dec}
#       pm_ra_cosdec: !astropy.table.SerializedColumn
#         __class__: astropy.units.quantity.Quantity
#         unit: !astropy.units.Unit {unit: mas / yr}
#         value: !astropy.table.SerializedColumn {name: SkyCoord.pm_ra_cosdec}
#       ra: !astropy.table.SerializedColumn
#         __class__: astropy.coordinates.angles.Longitude
#         unit: *id001
#         value: !astropy.table.SerializedColumn {name: SkyCoord.ra}
#         wrap_angle: !astropy.coordinates.Angle
#           unit: *id001
#           value: 360.0
#       representation_type: spherical
# schema: astropy-2.0
RA_ICRS_1 DE_ICRS_1 e_RA_ICRS e_DE_ICRS _r_1 HIP TYC2 Source rgeo Plx e_Plx pmRA pmDE e_pmRA e_pmDE RUWE Teff logg Gmag BP-RP BPmag RPmag RV e_RV b_rgeo B_rgeo FG e_FG FBP e_FBP FRP e_FRP RAVE5 RAVE6 e_Gmag e_BPmag e_RPmag e_BP-RP SkyCoord.ra SkyCoord.dec SkyCoord.distance SkyCoord.pm_ra_cosdec SkyCoord.pm_dec
[from data line 162]
333.69311767774 57.75056267908 0.0251 0.0248 13.878 "" "" 2198756112893102208 2364.96509 0.4034 0.0296 -0.767 -1.35 0.036 0.032 1.03 8082.4 4.0926 15.726595 1.183246 16.233479 15.050233 "" "" 2200.45337 2509.72241 9645.14187 2.9634 4385.6 8.5728 7569.5 9.1803 "" "" 0.0027754401566675887 0.0035056293 0.0040022046 0.0075078337 333.69311767774 57.75056267908 2364.96509 -0.7670000000000001 -1.35
334.51628254362 58.00403248588 0.0249 0.0233 17.2933 "" "" 2198785868427372416 2507.09863 0.359 0.0296 -1.147 -1.391 0.033 0.028 0.988 6827.1 3.2556 15.726857 2.326388 16.948303 14.621915 "" "" 2370.9353 2707.99512 9642.81447 4.1274 2270.4 7.657 11230.0 22.904 "" "" 0.002794236880080467 0.0046035815 0.00438033 0.008983912 334.51628254362 58.00403248588 2507.09863 -1.1470000000000002 -1.3909999999999998
334.0655662033 57.84979678224 0.0252 0.0239 2.6808 "" "" 2198754875942775808 2839.5603 0.3196 0.0292 -4.996 -1.802 0.033 0.027 1.072 6097.5 3.0201 15.729772 2.335619 16.972984 14.637365 "" "" 2602.56396 3136.53589 9616.96893 4.1322 2219.3 7.6056 11072.0 8.7007 "" "" 0.002794535283189751 0.0046507795 0.0038744914 0.008525271 334.0655662033 57.84979678224 2839.5603 -4.9959999999999996 -1.8019999999999998
334.62384668858 57.80317497437 0.027 0.0234 16.3958 "" "" 2198586650666993024 2701.54175 0.3538 0.0297 -2.879 -2.126 0.038 0.03 1.008 7479.4 3.615 15.730194 1.166802 16.223806 15.057004 "" "" 2494.44727 2926.95386 9613.22132 3.2411 4424.8 12.33 7522.4 11.413 "" "" 0.002779529918467848 0.0041156476 0.0041227737 0.008238422 334.62384668858 57.80317497437 2701.54175 -2.8789999999999996 -2.1259999999999994
334.00355270811 57.99484524088 0.0283 0.0272 11.4776 "" "" 2198794664520195200 2932.27441 0.3158 0.0315 -2.47 -2.205 0.035 0.032 1.068 9239.5 3.4348 15.732597 1.435348 16.364092 14.928743 "" "" 2697.11768 3253.74683 9591.9657 3.8445 3888.5 13.247 8465.7 21.722 "" "" 0.002789473114055609 0.004633152 0.0046951906 0.009328343 334.00355270811 57.99484524088 2932.27441 -2.4699999999999998 -2.2049999999999996
333.77945695091 57.6869258116 0.0263 0.0249 13.016 "" "" 2198751886645312896 2797.93335 0.3236 0.0306 -3.818 -2.466 0.041 0.03 0.973 7043.9 3.2238 15.751271 2.492803 17.10892 14.616117 "" "" 2570.51611 3031.75586 9428.404 3.8501 1958.2 10.063 11290.0 12.111 "" "" 0.0027907631528629705 0.006238252 0.003954773 0.010193025 333.77945695091 57.6869258116 2797.93335 -3.8180000000000005 -2.466
334.23383157102 57.63303069681 0.0243 0.0228 11.4515 "" "" 2198561087021126912 2300.98047 0.4084 0.0277 -0.311 -1.118 0.034 0.029 0.963 7720.9 4.048 15.752496 1.637726 16.523191 14.885466 "" "" 2161.92627 2453.79272 9417.77658 3.0263 3358.5 9.1909 8809.9 15.66 "" "" 0.0027773212418528864 0.0040759398 0.0042436323 0.008319572 334.23383157102 57.63303069681 2300.98047 -0.311 -1.118
334.12351529358 57.61642236309 0.0248 0.023 11.7596 "" "" 2198560812143212032 2307.97998 0.41 0.0278 -1.55 -3.704 0.035 0.028 0.953 7461.8 3.776 15.755592 1.745399 16.592825 14.847425 "" "" 2180.01636 2478.07129 9390.95263 3.1269 3149.8 7.8367 9124.1 9.6559 "" "" 0.0027789357477478807 0.0038835714 0.003950186 0.007833757 334.12351529358 57.61642236309 2307.97998 -1.5500000000000007 -3.7039999999999997
334.05097101379 57.92879555808 0.0254 0.0265 7.249 "" "" 2198781710898854912 2708.17236 0.3504 0.032 0.494 1.138 0.035 0.031 1.025 "" "" 15.761148 1.203144 16.228098 15.024954 "" "" 2528.73608 2948.19385 9343.02589 15.67 4407.4 34.657 7747.8 76.561 "" "" 0.003302690723013599 0.008981909 0.011375066 0.020356975 334.05097101379 57.92879555808 2708.17236 0.4940000000000001 1.138
334.3182507479 58.08324251533 0.0245 0.0238 17.5421 "" "" 2198785215592305024 2745.88623 0.3405 0.0282 -4.172 -4.2 0.03 0.029 1.033 8135.9 4.1321 15.765126 1.19273 16.27675 15.084021 "" "" 2512.94678 3000.14697 9308.85569 3.0095 4214.2 11.804 7337.5 9.1019 "" "" 0.0027775887122967833 0.004127186 0.0040121865 0.008139372 334.3182507479 58.08324251533 2745.88623 -4.171999999999999 -4.2
333.72951332981 57.91873719212 0.0241 0.0252 13.7541 "" "" 2198769959867766400 2364.00464 0.3974 0.0301 -1.445 -3.001 0.032 0.029 1.004 7977.6 4.4024 15.774947 1.409948 16.405989 14.99604 "" "" 2193.78101 2536.06348 9225.02839 3.1252 3741.3 8.49 7956.9 7.6629 "" "" 0.002779762648034185 0.0037222935 0.003921358 0.007643651 333.72951332981 57.91873719212 2364.00464 -1.4449999999999998 -3.0010000000000003
334.41697991811 57.78582312088 0.027 0.0264 9.9047 "" "" 2198587097343562624 2374.73657 0.4045 0.0332 -1.18 -0.468 0.041 0.032 1.052 7879.3 4.0112 15.790349 1.354693 16.391985 15.037292 "" "" 2209.75391 2539.84595 9095.09252 3.0074 3789.9 10.638 7660.2 10.84 "" "" 0.00277861092652737 0.004131931 0.004079749 0.00821168 334.41697991811 57.78582312088 2374.73657 -1.18 -0.468
333.74818392219 57.75914348603 0.0256 0.025 12.0417 "" "" 2198755425698341120 2727.3291 0.341 0.0307 -3.159 -3.401 0.037 0.033 1.003 8115.3 3.6476 15.79565 1.248971 16.33399 15.085019 "" "" 2482.02246 2974.9668 9050.79936 2.8655 3997.8 8.1709 7330.8 9.4031 "" "" 0.0027766798131419377 0.0035650202 0.0040278058 0.007592826 333.74818392219 57.75914348603 2727.3291 -3.159 -3.400999999999999
334.12348326911 57.90958484628 0.0248 0.0243 5.8499 "" "" 2198781500436710784 3037.83374 0.3158 0.0301 -2.858 -2.062 0.035 0.029 1.017 8482.9 3.2437 15.802528 1.24436 16.334023 15.089663 "" "" 2757.07593 3334.7168 8993.63429 2.9774 3997.7 10.328 7299.5 7.7105 "" "" 0.0027786663038566516 0.003956385 0.003949561 0.007905946 334.12348326911 57.90958484628 3037.83374 -2.858 -2.0620000000000003
334.39014499721 57.668499462 0.0265 0.0264 12.4195 "" "" 2198584108040974976 2806.45483 0.3337 0.032 -3.228 -2.697 0.037 0.033 1.122 "" "" 15.816086 1.867779 16.724998 14.85722 "" "" 2555.57593 3078.29517 8882.03283 2.9174 2788.8 8.3654 9042.1 12.079 "" "" 0.002778303170748463 0.00428858 0.004048132 0.008336712 334.39014499721 57.668499462 2806.45483 -3.228 -2.6969999999999996
334.10235410297 58.09506552256 0.0286 0.0281 16.968 "" "" 2198795592233118464 3073.22754 0.3156 0.0349 0.54 -0.192 0.034 0.032 1.076 7224.2 3.6033 15.82686 2.329293 17.064636 14.735343 "" "" 2724.70972 3481.11987 8794.32646 3.614 2039.7 5.9621 10116.0 10.626 "" "" 0.002791212243733262 0.004225757 0.003947709 0.008173466 334.10235410297 58.09506552256 3073.22754 0.54 -0.19200000000000003
333.95139454626 57.84099333057 0.0261 0.0246 5.3884 "" "" 2198757418563311744 2586.17163 0.368 0.0302 0.185 2.745 0.034 0.029 1.071 7498.7 3.7695 15.828411 1.261226 16.357494 15.096269 "" "" 2403.49854 2821.87842 8781.77254 3.3807 3912.2 19.421 7255.2 22.609 "" "" 0.002786842527580541 0.0060692076 0.0050726 0.011141808 333.95139454626 57.84099333057 2586.17163 0.18500000000000005 2.745
334.51847242021 57.82440398038 0.0285 0.0269 13.0347 "" "" 2198587578379904512 2868.04077 0.3262 0.0342 -3.625 -2.296 0.04 0.035 1.079 7657.7 3.2561 15.829585 1.750968 16.667624 14.916656 "" "" 2629.73267 3217.83887 8772.28295 3.3479 2940.1 9.0601 8560.4 11.827 "" "" 0.0027863037549022197 0.0043565095 0.004066186 0.008422695 334.51847242021 57.82440398038 2868.04077 -3.6249999999999996 -2.296
333.74066352264 58.00158597647 0.1151 0.1177 16.3862 "" "" 2198774873310464000 2667.61694 0.4613 0.1347 -1.786 -1.32 0.145 0.144 4.451 9489.9 3.8163 15.835868 1.610832 16.33949 14.728659 "" "" 1922.00671 4011.08594 8721.67156 22.257 3977.6 21.501 10179.0 34.634 "" "" 0.00390750916524494 0.0064984495 0.005284972 0.011783421 333.74066352264 58.00158597647 2667.61694 -1.7859999999999998 -1.3199999999999998
334.32535185164 57.56179164564 0.0265 0.025 16.5255 "" "" 2198571429302700416 2947.52588 0.3081 0.0303 -0.772 -0.453 0.039 0.031 0.95 9113.7 3.9301 15.837677 1.236427 16.371996 15.135569 "" "" 2703.39917 3282.95044 8707.15153 2.8581 3860.3 12.049 6997.3 9.7525 "" "" 0.0027782734385488313 0.0043896986 0.0040710736 0.008460772 334.32535185164 57.56179164564 2947.52588 -0.7719999999999999 -0.45300000000000007
334.41493037311 57.82802016755 0.0286 0.0253 9.7509 "" "" 2198590361518693760 2497.39282 0.3747 0.033 -4.697 -2.333 0.039 0.031 1.088 7035.3 3.1128 15.842691 1.277342 16.398975 15.121634 "" "" 2305.81421 2716.1665 8667.03044 3.1886 3765.5 6.8204 7087.7 10.015 "" "" 0.002784123478381188 0.0034135734 0.004078893 0.0074924664 334.41493037311 57.82802016755 2497.39282 -4.696999999999999 -2.3329999999999997
333.89709265404 57.70432042882 0.0271 0.0253 9.4315 "" "" 2198751543047941120 2676.85181 0.3438 0.0313 -5.873 -7.536 0.04 0.031 0.94 4893.4 3.1214 15.870296 2.169564 16.992315 14.822751 "" "" 2479.74609 2960.37378 8449.44944 4.4031 2180.2 7.9371 9333.8 12.022 "" "" 0.002812811138697221 0.004838243 0.0040298076 0.008868051 333.89709265404 57.70432042882 2676.85181 -5.873 -7.535999999999998
333.89426466981 57.84349647456 0.0282 0.028 7.1792 "" "" 2198757659081468800 2500.73096 0.3836 0.0335 -3.16 -3.916 0.037 0.031 1.118 7310.1 4.1005 15.871598 1.448929 16.526817 15.077889 "" "" 2289.03052 2779.21826 8439.32308 3.1866 3347.3 8.4045 7379.1 10.468 "" "" 0.0027856523017737653 0.003900854 0.0040811794 0.007982033 333.89426466981 57.84349647456 2500.73096 -3.16 -3.9160000000000004
334.3425403111 58.00140777714 0.0276 0.0248 13.532 "" "" 2198780714466599296 2762.44214 0.3466 0.0303 -3.127 -3.531 0.035 0.031 1.004 8137.6 4.3689 15.879528 1.03263 16.305199 15.272569 "" "" 2500.43579 3071.24756 8377.90883 2.9413 4105.2 12.566 6167.8 10.713 "" "" 0.0027815618239780994 0.0043393844 0.004223757 0.008563141 334.3425403111 58.00140777714 2762.44214 -3.127 -3.5309999999999997
334.03434116672 57.70113718694 0.0274 0.0265 7.1095 "" "" 2198565171523338624 2868.37378 0.3257 0.033 -3.696 -2.976 0.042 0.031 1.024 9223.7 3.821 15.899922 1.334733 16.477789 15.143056 "" "" 2662.58423 3183.62378 8222.00953 3.2149 3501.9 6.4229 6949.2 11.031 "" "" 0.0027878342145880638 0.0034279146 0.004153804 0.0075817183 334.03434116672 57.70113718694 2868.37378 -3.6959999999999997 -2.976
334.19935150885 58.09798230683 0.0283 0.0271 17.3688 "" "" 2198796863543591680 2504.29028 0.3793 0.0327 -3.989 -3.97 0.035 0.034 1.077 "" "" 15.910412 1.249342 16.451553 15.202211 "" "" 2340.02515 2702.46899 8142.95736 3.4525 3587.5 10.653 6580.7 11.026 "" "" 0.0027935102492789923 0.004263762 0.004194408 0.00845817 334.19935150885 58.09798230683 2504.29028 -3.9889999999999994 -3.9699999999999998
334.40711888682 57.67487215824 0.0439 0.0439 12.5612 "" "" 2198584108047639936 2428.91284 0.3716 0.0511 -1.855 -1.445 0.06 0.054 1.231 15013.5 3.9064 15.917109 2.885586 17.55809 14.672504 "" "" 2129.59595 2889.05811 8092.88515 4.5314 1294.7 7.1236 10719.0 12.163 "" "" 0.0028215896080588513 0.00659333 0.0039751166 0.0105684465 334.40711888682 57.67487215824 2428.91284 -1.855 -1.445
334.09157197946 58.09816009034 0.0277 0.0269 17.1627 "" "" 2198796348147360768 2782.21655 0.3312 0.0328 -4.366 -3.64 0.034 0.03 1.03 "" "" 15.937086 1.619529 16.698584 15.079055 "" "" 2581.61914 3042.38281 7945.33688 2.9669 2857.5 6.8291 7371.2 11.254 "" "" 0.0027849887183994883 0.0038102444 0.004126928 0.007937172 334.09157197946 58.09816009034 2782.21655 -4.366 -3.6399999999999997
333.89371277301 57.60191048005 0.0298 0.0275 14.4209 "" "" 2198563114245521408 2983.74219 0.3083 0.0319 -2.427 -3.366 0.045 0.034 1.003 5003.7 2.7409 15.944525 2.584115 17.374146 14.790031 "" "" 2698.36133 3453.0332 7891.08548 3.2849 1533.8 7.3395 9619.4 12.982 "" "" 0.0027921436895629106 0.005897254 0.0040534856 0.00995074 333.89371277301 57.60191048005 2983.74219 -2.4270000000000005 -3.3660000000000005
334.15683562096 57.88065355535 0.0268 0.0267 4.352 "" "" 2198778309284787840 2668.71045 0.3522 0.0318 -3.543 -3.937 0.037 0.032 1.022 7813.5 4.1368 15.947449 1.275589 16.503635 15.228046 "" "" 2462.97412 2937.47827 7869.86409 3.2665 3419.5 11.798 6426.0 10.222 "" "" 0.0027919303650450794 0.0046709436 0.0041553136 0.008826258 334.15683562096 57.88065355535 2668.71045 -3.543 -3.937
333.60962201814 57.82739304261 0.0262 0.0255 16.0538 "" "" 2198768516758615296 2812.05469 0.3349 0.0312 -2.15 -3.168 0.038 0.031 1.034 7672.9 4.0433 15.952554 1.576714 16.679964 15.10325 "" "" 2553.99268 3137.36963 7832.94856 2.7287 2906.9 9.8356 7208.7 11.545 "" "" 0.0027811592127591697 0.004613088 0.0041602063 0.008773294 333.60962201814 57.82739304261 2812.05469 -2.1499999999999995 -3.1679999999999993
334.40920912799 57.78409221939 0.0295 0.0277 9.6774 "" "" 2198587097343561984 3007.82715 0.3175 0.0344 -3.465 -2.876 0.042 0.034 0.987 9530.9 3.7533 15.961912 1.406593 16.58534 15.178747 "" "" 2723.09424 3377.7583 7765.72168 3.0422 3171.6 9.9828 6724.5 10.414 "" "" 0.0027879559804189318 0.00441178 0.0041365414 0.008548321 334.40920912799 57.78409221939 3007.82715 -3.4650000000000007 -2.8760000000000003
334.31558207211 57.59685087191 0.0259 0.0247 14.4926 "" "" 2198571738540340480 2802.8064 0.3328 0.0301 -4.49 -3.608 0.037 0.031 1.023 9191.9 3.8915 15.962616 1.108283 16.423706 15.315423 "" "" 2566.73145 3107.68701 7760.68925 2.5503 3680.7 9.582 5929.1 9.6003 "" "" 0.002778325040099372 0.003971673 0.0041682506 0.008139923 334.31558207211 57.59685087191 2802.8064 -4.49 -3.608
334.2300909569 57.94620040406 0.0277 0.0268 8.8839 "" "" 2198779095255101952 2750.81812 0.3444 0.0332 0.506 -1.639 0.039 0.031 0.99 6699.4 4.0563 15.967102 1.406979 16.598787 15.191809 "" "" 2533.28833 3014.8584 7728.68775 2.904 3132.6 8.8186 6644.1 13.492 "" "" 0.002785357951410203 0.004138479 0.004375473 0.008513952 334.2300909569 57.94620040406 2750.81812 0.5060000000000002 -1.639
334.37701336126 57.749165737 0.0279 0.0269 9.3086 "" "" 2198585516795601792 2887.90942 0.3316 0.0331 -2.925 -3.09 0.041 0.034 1.003 9801.4 4.2453 15.968415 1.23317 16.499348 15.266177 "" "" 2663.48364 3250.06494 7719.34852 2.7315 3433.0 10.448 6204.2 8.1848 "" "" 0.002781976012929073 0.0043247724 0.0040416988 0.008366471 334.37701336126 57.749165737 2887.90942 -2.9249999999999994 -3.09
334.5721387042 57.93786800917 0.0277 0.0268 16.5237 "" "" 2198597783222343552 2904.87109 0.3204 0.032 -2.825 -1.989 0.036 0.033 1.035 "" "" 15.981018 1.220157 16.505661 15.285504 "" "" 2643.40063 3141.95532 7630.26026 2.6961 3413.1 9.2977 6094.8 8.6574 "" "" 0.002781899901706061 0.0040660673 0.0040819403 0.008148007 334.5721387042 57.93786800917 2904.87109 -2.8250000000000006 -1.9890000000000003
334.30534959568 57.79438339871 0.0302 0.0273 6.2989 "" "" 2198588780970720512 2925.53271 0.325 0.0359 1.841 -1.783 0.042 0.034 1.004 6502.7 4.0184 15.986046 1.503086 16.673037 15.169951 "" "" 2652.78687 3200.39478 7595.00882 3.0835 2925.5 7.9882 6779.2 9.8766 "" "" 0.002790357069915511 0.0040711407 0.0040970524 0.008168193 334.30534959568 57.79438339871 2925.53271 1.8409999999999997 -1.783
334.26147387899 57.54206700473 0.0289 0.0281 16.9157 "" "" 2198547927241342080 2404.34375 0.3887 0.0336 -1.568 2.874 0.044 0.037 1.016 5037.9 3.4641 16.003986 1.988703 17.005348 15.016645 "" "" 2240.53662 2567.81177 7470.54254 2.8792 2154.2 9.4931 7807.3 9.1737 "" "" 0.002786914087644875 0.005538729 0.003988895 0.009527624 334.26147387899 57.54206700473 2404.34375 -1.5680000000000003 2.8740000000000006
334.25053271794 57.85034179367 0.0309 0.0272 5.0016 "" "" 2198777553370563584 2884.15332 0.3097 0.0349 -5.451 -2.128 0.04 0.035 1.02 7023.6 3.2999 16.00443 2.807172 17.606396 14.799224 "" "" 2602.57739 3248.69287 7467.4887 4.2083 1238.4 9.9483 9538.2 10.459 "" "" 0.0028224403653104723 0.009157346 0.003962466 0.013119811 334.25053271794 57.85034179367 2884.15332 -5.4510000000000005 -2.1280000000000006
