Clusters/NGC_1502/NGC_1502_stars_in_region.tsv
# %ECSV 1.0
# ---
# datatype:
# - name: RA_ICRS_1
#   unit: deg
#   datatype: float64
#   format: '{:15.11f}'
#   description: Right ascension (ICRS) at Ep=2016.0 (ra)
#   meta: !!omap
#   - {ucd: POS_EQ_RA_MAIN}
#   - {width: 15}
#   - {precision: '11'}
# - name: DE_ICRS_1
#   unit: deg
#   datatype: float64
#   format: '{:15.11f}'
#   description: Declination (ICRS) at Ep=2016.0 (dec)
#   meta: !!omap
#   - {ucd: POS_EQ_DEC_MAIN}
#   - {width: 15}
#   - {precision: '11'}
# - name: e_RA_ICRS
#   unit: mas
#   datatype: float64
#   format: '{:7.4f}'
#   description: Standard error of right ascension (ra_error)
#   meta: !!omap
#   - {ucd: ERROR}
#   - {width: 7}
#   - {precision: '4'}
# - name: e_DE_ICRS
#   unit: mas
#   datatype: float64
#   format: '{:7.4f}'
#   description: Standard error of declination (dec_error)
#   meta: !!omap
#   - {ucd: ERROR}
#   - {width: 7}
#   - {precision: '4'}
# - name: _r_1
#   unit: ''
#   datatype: float64
#   format: '{:7.4f}'
#   description: Distance from center (061.95141558000+62.33749631000)[ICRS], at Epoch=J2016.0
#   meta: !!omap
#   - {ucd: POS_ANG_DIST_GENERAL}
#   - {width: 7}
#   - {precision: '4'}
# - name: HIP
#   datatype: int32
#   description: '? HIP cross-id number, van Leeuwen, Cat. I/311 (hip_original_ext_source_id)'
#   meta: !!omap
#   - {ucd: ID_NUMBER}
#   - {width: 6}
#   - values: {'null': -2147483648}
# - name: TYC2
#   datatype: string
#   description: Tycho-2 cross-id name, Hog et al., Cat. I/259 (tyc2_original_ext_source_id)
#   meta: !!omap
#   - {ucd: ID_CROSSID}
#   - {_votable_string_dtype: char}
# - name: Source
#   datatype: int64
#   description: Source identifier, identical to the Gaia-EDR3 source_id (id)
#   meta: !!omap
#   - {ucd: ID_MAIN}
#   - {width: 19}
# - name: rgeo
#   unit: pc
#   datatype: float64
#   format: '{:15.8f}'
#   description: '? Median of the geometric distance posterior (r_med_geo)'
#   meta: !!omap
#   - {ucd: PHYS_DISTANCE_TRUE}
#   - {width: 15}
#   - {precision: '8'}
#   - values: {'null': .nan}
# - name: Plx
#   unit: mas
#   datatype: float64
#   format: '{:9.4f}'
#   description: '? Parallax (parallax)'
#   meta: !!omap
#   - {ucd: POS_PARLX_TRIG}
#   - {width: 9}
#   - {precision: '4'}
#   - values: {'null': .nan}
# - name: e_Plx
#   unit: mas
#   datatype: float32
#   format: '{:7.4f}'
#   description: '? Standard error of parallax (parallax_error)'
#   meta: !!omap
#   - {ucd: ERROR}
#   - {width: 7}
#   - {precision: '4'}
#   - values: {'null': .nan}
# - name: pmRA
#   unit: mas / yr
#   datatype: float64
#   format: '{:9.3f}'
#   description: '? Proper motion in right ascension direction, pmRA*cosDE (pmra)'
#   meta: !!omap
#   - {ucd: POS_EQ_PMRA}
#   - {width: 9}
#   - {precision: '3'}
#   - values: {'null': .nan}
# - name: pmDE
#   unit: mas / yr
#   datatype: float64
#   format: '{:9.3f}'
#   description: '? Proper motion in declination direction (pmdec)'
#   meta: !!omap
#   - {ucd: POS_EQ_PMDEC}
#   - {width: 9}
#   - {precision: '3'}
#   - values: {'null': .nan}
# - name: e_pmRA
#   unit: mas / yr
#   datatype: float32
#   format: '{:6.3f}'
#   description: '? Standard error of proper motion in right ascension direction (pmra_error)'
#   meta: !!omap
#   - {ucd: ERROR}
#   - {width: 6}
#   - {precision: '3'}
#   - values: {'null': .nan}
# - name: e_pmDE
[...]
#         value: !astropy.table.SerializedColumn {name: SkyCoord.dec}
#       distance: !astropy.table.SerializedColumn
#         __class__: astropy.coordinates.distances.Distance
#         unit: !astropy.units.Unit {unit: pc}
#         value: !astropy.table.SerializedColumn {name: SkyCoord.distance}
#       frame: icrs
#       obstime: !astropy.time.Time {format: jyear_str, in_subfmt: '*', jd1: 367701545.0, jd2: 0.0, out_subfmt: '*', precision: 3, scale: tt}
#       pm_dec: !astropy.table.SerializedColumn
#         __class__: astropy.units.quantity.Quantity
#         unit: !astropy.units.Unit {unit: mas / yr}
#         value: !astropy.table.SerializedColumn {name: SkyCoord.pm_dec}
#       pm_ra_cosdec: !astropy.table.SerializedColumn
#         __class__: astropy.units.quantity.Quantity
#         unit: !astropy.units.Unit {unit: mas / yr}
#         value: !astropy.table.SerializedColumn {name: SkyCoord.pm_ra_cosdec}
#       ra: !astropy.table.SerializedColumn
#         __class__: astropy.coordinates.angles.Longitude
#         unit: *id001
#         value: !astropy.table.SerializedColumn {name: SkyCoord.ra}
#         wrap_angle: !astropy.coordinates.Angle
#           unit: *id001
#           value: 360.0
#       representation_type: spherical
# schema: astropy-2.0
RA_ICRS_1 DE_ICRS_1 e_RA_ICRS e_DE_ICRS _r_1 HIP TYC2 Source rgeo Plx e_Plx pmRA pmDE e_pmRA e_pmDE RUWE Teff logg Gmag BP-RP BPmag RPmag RV e_RV b_rgeo B_rgeo FG e_FG FBP e_FBP FRP e_FRP RAVE5 RAVE6 e_Gmag e_BPmag e_RPmag e_BP-RP SkyCoord.ra SkyCoord.dec SkyCoord.distance SkyCoord.pm_ra_cosdec SkyCoord.pm_dec rmRA rmDE e_rmRA e_rmDE rRV e_rRV v_pec v_pec3d e_vpec e_vpec3d
[from data line 90]
61.01257138515 62.74152440599 0.0095 0.0094 35.5299 "" "" 476349879297040512 894.53064 1.096 0.0129 3.796 -0.481 0.01 0.014 1.035 "" "" 12.869668 1.348596 13.474247 12.125651 -44.78 1.6 884.968811 905.608276 133992.26377 19.289 55682.0 30.325 111920.0 32.257 "" "" 0.0027597497288718116 0.0028521374 0.0037923146 0.006644452 61.01257138515 62.74152440599 894.53064 3.7960000000000003 -0.48100000000000087 4.458757039070129 0.41905606412887575 0.16866758 0.17266758 -29.65875 4.888736 18.988779321674375 35.21668910743524 3.2034644079207544 4.464843318844513
61.87493846729 62.32382640259 0.0859 0.0818 2.2832 "" "" 476270370863059328 1069.83716 0.9206 0.129 -0.642 0.242 0.156 0.128 8.293 "" "" 12.877017 1.153268 13.062881 11.909613 "" "" 941.800476 1241.97656 133088.30446 133.19 81333.0 120.43 136560.0 138.5 "" "" 0.0029618262540127183 0.0032201854 0.0039365315 0.0071567167 61.87493846729 62.32382640259 1069.83716 -0.6419999999999998 0.24200000000000021 0.02075703907012938 1.1420560641288757 0.31466758 0.2866676 "" "" 5.792354911655423 "" 1.6605365689822145 ""
62.85375350416 62.13227965384 0.0113 0.0097 28.0659 "" "" 475521912681036800 948.485901 1.0341 0.0149 2.956 1.649 0.018 0.016 0.993 "" "" 12.913528 1.063907 13.357919 12.294012 "" "" 934.205872 962.437927 128687.216 38.353 61980.0 72.448 95841.0 73.025 "" "" 0.0027742560423007585 0.0030652385 0.003868862 0.0069341008 62.85375350416 62.13227965384 948.485901 2.956 1.649 3.6187570390701294 2.5490560641288758 0.17666757 0.17466758 "" "" 19.900348433364847 "" 3.502597247786852 ""
62.144273205 62.35532544387 0.0132 0.0133 5.4761 "" "" 476271195496726400 1005.76221 0.9779 0.0201 -2.205 -0.569 0.021 0.022 1.229 9796.0 4.099 12.913818 0.998615 13.322044 12.323429 "" "" 987.622314 1025.5979 128652.90037 22.697 64062.0 44.164 93280.0 36.697 "" "" 0.0027619701828185132 0.0028888236 0.0038034422 0.006692266 62.144273205 62.35532544387 1005.76221 -2.205 -0.569 -1.5422429609298707 0.3310560641288758 0.17966758 0.18066758 "" "" 7.519839508385469 "" 1.3514034659564071 ""
61.81980944703 62.21672569735 0.0128 0.0112 8.1241 "" "" 476262910499291008 1029.82849 0.9537 0.0184 7.593 -6.34 0.022 0.018 1.078 5104.8 3.018 12.915972 1.924292 13.877356 11.953064 -27.46 0.57 1014.4317 1047.11584 128397.96226 23.439 38413.0 28.417 131200.0 35.724 "" "" 0.0027624396697937324 0.0029034773 0.0037909267 0.006694404 61.81980944703 62.21672569735 1029.82849 7.592999999999993 -6.33999999999999 8.25575703907013 -5.439943935871124 0.18066758 0.17666757 -12.338750000000001 3.8587356 48.261717097662945 49.81403505817765 8.66133860716225 8.445689376317292
63.14381247869 62.45568211373 0.0126 0.0123 33.8992 "" "" 475545002425037184 1167.76904 0.8365 0.0178 -3.918 3.97 0.013 0.018 1.322 5312.7 2.9565 12.948634 1.84218 13.853991 12.01181 -23.83 0.71 1144.21313 1193.96436 124592.80062 18.05 39248.0 20.077 124290.0 24.202 "" "" 0.0027598062238399666 0.0028449106 0.0037852905 0.006630201 63.14381247869 62.45568211373 1167.76904 -3.9180000000000006 3.9700000000000006 -3.2552429609298708 4.870056064128876 0.17166758 0.17666757 -8.708749999999998 3.9987357 32.42435206133983 33.57351535303106 5.678760330061967 5.581610063897722
61.67169572416 61.91382538831 0.0125 0.0113 26.6037 "" "" 475503972598174720 980.7005 0.995 0.0172 -0.704 -0.9 0.018 0.017 1.021 "" "" 12.966905 0.800774 13.281618 12.480844 "" "" 965.433533 995.927368 122513.77647 26.423 66492.0 45.854 80690.0 38.876 "" "" 0.0027652527059214877 0.002888886 0.0038154111 0.006704297 61.67169572416 61.91382538831 980.7005 -0.704 -0.8999999999999999 -0.041242960929870565 5.606412887571022e-05 0.17666757 0.17566758 "" "" 0.1917189211368135 "" 0.03387051577171882 ""
62.40624962199 61.76775410728 0.0093 0.0084 36.4985 "" "" 475443503758294016 1070.49268 0.899 0.0128 4.894 0.029 0.013 0.013 1.003 "" "" 13.073613 2.027506 14.103761 12.076255 -59.64 0.66 1056.43604 1087.56519 111045.64903 22.634 31183.0 21.617 117130.0 36.247 "" "" 0.002764193136162706 0.0028899054 0.0037942873 0.0066841925 62.40624962199 61.76775410728 1070.49268 4.894000000000001 0.028999999999997885 5.5567570390701295 0.9290560641288758 0.17166758 0.17166758 -44.51875 3.9487357 28.58710997931628 52.906917870275 4.907479870311542 4.251053569535629
60.75581351814 62.52834381477 0.0085 0.0078 35.1172 "" "" 474843170410187776 847.789856 1.1427 0.0117 9.803 -3.192 0.014 0.012 0.983 "" "" 13.100823 1.106993 13.568273 12.46128 -41.53 2.13 840.255432 856.873047 108297.21384 15.043 51063.0 26.982 82157.0 25.753 "" "" 0.0027594445543534874 0.0028485418 0.0037946748 0.0066432166 60.75581351814 62.52834381477 847.789856 9.803000000000004 -3.1919999999999966 10.46575703907013 -2.2919439358711244 0.17266758 0.17066757 -26.40875 5.4187355 43.053580335565364 50.507750457464255 7.430038620784155 6.9383258081286
61.07058403246 62.14608334623 0.0096 0.0085 27.1616 "" "" 474774313494598400 1062.05688 0.909 0.0125 0.621 0.355 0.015 0.013 0.965 9331.3 4.0739 13.120334 0.808661 13.437804 12.629144 "" "" 1048.67053 1077.80347 106368.58908 21.324 57583.0 40.96 70388.0 24.96 "" "" 0.002763904029466067 0.0028950833 0.0037989418 0.0066940254 61.07058403246 62.14608334623 1062.05688 0.621 0.355 1.2837570390701294 1.2550560641288757 0.17366758 0.17166758 "" "" 9.037943068210188 "" 1.5607902130554923 ""
61.95021278304 62.23585614222 0.0106 0.0089 6.0985 "" "" 476265938456835072 999.23114 0.9691 0.0144 -0.654 -0.925 0.017 0.014 1.099 "" "" 13.140601 0.950672 13.523583 12.572911 "" "" 985.846252 1013.13293 104401.35291 17.65 53209.0 31.408 74130.0 23.696 "" "" 0.002761427406643381 0.0028628274 0.0037952836 0.006658111 61.95021278304 62.23585614222 999.23114 -0.6540000000000001 -0.925 0.008757039070129369 -0.024943935871124312 0.17566758 0.17266758 "" "" 0.125212408516033 "" 0.021661658610611718 ""
62.03395754774 62.53102575428 0.0082 0.0086 11.8358 "" "" 476285798385475968 925.347534 1.0482 0.0121 4.185 0.215 0.01 0.014 0.995 6410.1 3.7142 13.179771 1.413069 13.816519 12.40345 2.44 2.38 915.825745 935.055664 100702.06164 14.149 40626.0 22.994 86652.0 21.798 "" "" 0.0027595399706613934 0.0028570404 0.003789238 0.0066462783 62.03395754774 62.53102575428 925.347534 4.185 0.21499999999999903 4.847757039070129 1.1150560641288758 0.16866758 0.17266758 17.56125 5.6687355 21.818205606971716 28.007706037278243 3.6844586761927256 4.568565727298215
61.80645917176 62.53522709127 0.0086 0.0085 12.5279 "" "" 476288134847708416 1133.69556 0.8477 0.0121 1.237 -0.158 0.01 0.014 1.0 9000.2 3.846 13.183538 1.173908 13.682908 12.509 "" "" 1117.65198 1148.22388 100353.20087 13.589 45947.0 32.739 78625.0 26.157 "" "" 0.0027592398767469603 0.002895436 0.003796603 0.006692039 61.80645917176 62.53522709127 1133.69556 1.237 -0.15800000000000003 1.8997570390701295 0.7420560641288757 0.16866758 0.17266758 "" "" 10.95991146524553 "" 1.8544446138891895 ""
61.87372887678 61.82471077437 0.0106 0.009 30.8444 "" "" 475499819369015168 1217.41089 0.7847 0.0135 0.401 -2.07 0.015 0.013 1.216 "" "" 13.18669 0.943347 13.565784 12.622437 "" "" 1197.29016 1234.06689 100062.29249 15.03 51180.0 32.129 70824.0 31.796 "" "" 0.0027601423836990497 0.0028722133 0.003810685 0.006682898 61.87372887678 61.82471077437 1217.41089 0.40100000000000025 -2.07 1.0637570390701294 -1.169943935871124 0.17366758 0.17166758 "" "" 9.12464002509717 "" 1.5746901012320624 ""
62.08891271745 62.8205684419 0.0096 0.0089 29.2323 "" "" 476362935997452800 896.615723 1.084 0.0126 3.553 -3.874 0.009 0.014 1.073 6440.6 3.9757 13.216885 1.077929 13.669394 12.591466 -7.43 2.56 887.617004 909.025574 97317.97295 10.98 46522.0 23.868 72874.0 23.675 "" "" 0.0027580419651208406 0.0028452303 0.0037958063 0.006641037 62.08891271745 62.8205684419 896.615723 3.5530000000000044 -3.874000000000003 4.215757039070129 -2.9739439358711244 0.16766758 0.17266758 7.69125 5.848736 21.926223464896328 23.23606253208728 3.7131044390280206 4.003062343222238
61.89375182103 62.36697828902 0.0089 0.0086 2.3889 "" "" 476282224972769920 1013.8963 0.9502 0.0123 -0.764 -0.581 0.015 0.014 1.017 "" "" 13.240664 0.98809 13.643961 12.655871 "" "" 1002.00269 1024.87 95209.76281 14.779 47625.0 36.52 68677.0 25.586 "" "" 0.002760469735162492 0.0029117381 0.0038009663 0.0067127044 61.89375182103 62.36697828902 1013.8963 -0.7640000000000001 -0.5810000000000004 -0.10124296092987062 0.31905606412887577 0.17366758 0.17266758 "" "" 1.608687993273325 "" 0.27791581060457354 ""
62.06089600865 62.28182842297 0.0093 0.0083 4.5248 "" "" 476266419493357184 1023.58258 0.9426 0.013 -0.649 -0.694 0.015 0.013 0.876 9252.2 4.0759 13.243074 0.969811 13.638095 12.668283 "" "" 1008.7348 1036.28967 94998.59177 15.122 47883.0 36.577 67896.0 31.595 "" "" 0.0027607352708500545 0.0029108266 0.0038130034 0.00672383 62.06089600865 62.28182842297 1023.58258 -0.649 -0.6940000000000002 0.013757039070129373 0.20605606412887578 0.17366758 0.17166758 "" "" 1.0019646135740055 "" 0.17201378049861774 ""
61.70983795562 62.74574851182 0.0225 0.0194 25.3905 "" "" 476341770398706816 1094.12854 0.8809 0.0268 -0.993 -0.742 0.021 0.03 1.434 "" "" 13.248589 1.111175 13.308882 12.197707 "" "" 1064.4751 1126.80945 94517.28258 58.085 64843.0 466.39 104730.0 479.66 "" "" 0.002834958260706327 0.008292752 0.006245866 0.014538618 61.70983795562 62.74574851182 1094.12854 -0.9929999999999999 -0.7420000000000001 -0.3302429609298706 0.15805606412887574 0.17966758 0.18866758 "" "" 1.8987481021383448 "" 0.3443926320072346 ""
62.17478782512 61.91095094184 0.0087 0.0082 26.3487 "" "" 475490095562993408 990.019836 0.9727 0.0121 1.796 -3.556 0.013 0.013 1.025 "" "" 13.257273 1.050064 13.693635 12.643571 "" "" 979.774048 1001.75574 93764.30352 12.191 45495.0 30.009 69459.0 20.145 "" "" 0.00275893401105064 0.0028806143 0.0037924773 0.0066730916 62.17478782512 61.91095094184 990.019836 1.7959999999999996 -3.5560000000000014 2.4587570390701297 -2.6559439358711243 0.17166758 0.17166758 "" "" 16.98439186758213 "" 2.915669378959582 ""
61.83836330704 62.34361917731 0.0112 0.0103 3.1702 "" "" 476282087533837056 1047.09485 0.9248 0.0151 -0.573 -0.955 0.02 0.017 1.204 "" "" 13.259057 1.065385 13.701035 12.635651 "" "" 1032.37549 1063.39636 93610.34409 13.871 45186.0 29.709 69968.0 39.805 "" "" 0.0027600131368467683 0.0028800406 0.003829524 0.0067095645 61.83836330704 62.34361917731 1047.09485 -0.573 -0.955 0.08975703907012944 -0.05494393587112423 0.17866758 0.17566758 "" "" 0.5223233150716581 "" 0.09289774158484862 ""
61.6959059312 62.93976392313 0.0355 0.032 36.8165 "" "" 476356579445854208 913.583191 1.0604 0.0471 2.548 1.547 0.035 0.046 3.32 "" "" 13.260291 1.082914 13.367392 12.284477 "" "" 870.541077 949.363953 93503.99842 113.94 61441.0 602.59 96687.0 588.2 "" "" 0.0030565017543073177 0.011007968 0.007609957 0.018617924 61.6959059312 62.93976392313 913.583191 2.5480000000000005 1.5470000000000002 3.2107570390701294 2.4470560641288754 0.19366758 0.20466758 "" "" 17.481587288759386 "" 3.457516376497741 ""
61.918159995 62.34974845257 0.0094 0.0085 1.1825 "" "" 476270405222775168 999.919006 0.9637 0.0129 -0.603 -1.025 0.016 0.014 1.048 9368.5 4.1103 13.26354 0.968895 13.657315 12.68842 "" "" 985.368042 1013.61975 93224.6644 13.852 47043.0 29.063 66648.0 25.355 "" "" 0.0027600390711547 0.0028696642 0.0038018858 0.0066715498 61.918159995 62.34974845257 999.919006 -0.603 -1.025 0.059757039070129414 -0.12494393587112418 0.17466758 0.17266758 "" "" 0.6564306826217224 "" 0.11358984844065485 ""
62.09231748358 62.28379667411 0.0092 0.0089 5.0807 "" "" 476266522572346240 1027.96338 0.9376 0.013 -0.907 -0.799 0.015 0.014 0.984 9256.3 4.1708 13.266008 0.869009 13.613076 12.744067 "" "" 1013.63019 1040.31238 93012.98007 18.787 48999.0 26.663 63319.0 30.201 "" "" 0.002764033610143074 0.0028520348 0.0038146959 0.0066667306 62.09231748358 62.28379667411 1027.96338 -0.9070000000000001 -0.799 -0.24424296092987063 0.10105606412887569 0.17366758 0.17266758 "" "" 1.2879288871950691 "" 0.22348370141746457 ""
61.95300172498 62.18090239787 0.01 0.0087 9.3957 "" "" 476264804585485184 1027.6499 0.943 0.0136 -0.45 -0.967 0.016 0.014 1.034 "" "" 13.266117 0.98808 13.668823 12.680743 "" "" 1013.26532 1044.13562 93003.63896 15.701 46547.0 32.114 67121.0 36.341 "" "" 0.002761410260508095 0.002888973 0.0038248254 0.0067137983 61.95300172498 62.18090239787 1027.6499 -0.45 -0.9669999999999999 0.21275703907012938 -0.06694393587112424 0.17466758 0.17266758 "" "" 1.086443595987016 "" 0.18957175042280477 ""
61.05468059136 62.5865417619 0.0088 0.0084 29.0183 "" "" 476344141220801024 954.591919 1.0121 0.0127 -1.314 0.177 0.012 0.013 1.006 7992.5 4.08 13.279482 0.949567 13.665756 12.716189 "" "" 943.659485 965.285461 91865.8502 13.197 46678.0 38.266 64965.0 26.862 "" "" 0.0027597312425826836 0.0029286987 0.003805952 0.0067346506 61.05468059136 62.5865417619 954.591919 -1.3139999999999998 0.17700000000000018 -0.6512429609298707 1.0770560641288758 0.17066757 0.17166758 "" "" 5.695037632240139 "" 0.9761318680955542 ""
62.2911784857 61.88492312424 0.0093 0.0082 28.7799 "" "" 475494905926857600 959.56842 1.0077 0.0124 0.628 -3.906 0.013 0.012 0.977 "" "" 13.290405 0.915423 13.661224 12.745801 "" "" 949.937805 969.49231 90946.22818 13.015 46873.0 22.763 63218.0 25.651 "" "" 0.002759697644682179 0.0028395525 0.003804971 0.0066445237 62.2911784857 61.88492312424 959.56842 0.627999999999999 -3.905999999999998 1.2907570390701295 -3.0059439358711244 0.17166758 0.17066757 "" "" 14.879274069184088 "" 2.5417317469219336 ""
61.94448020688 62.15313949102 0.0098 0.0086 11.0631 "" "" 476258860350756480 1020.25671 0.9485 0.014 -0.568 -0.822 0.016 0.013 0.98 9224.9 4.2271 13.322504 0.955463 13.710739 12.755276 "" "" 1004.10522 1030.73779 88296.81078 12.782 44784.0 31.578 62668.0 26.797 "" "" 0.002759799408015874 0.0028932937 0.0038077906 0.0067010843 61.94448020688 62.15313949102 1020.25671 -0.5679999999999998 -0.8219999999999998 0.09475703907012945 0.07805606412887578 0.17466758 0.17166758 "" "" 0.593701488955408 "" 0.10298409560801038 ""
62.21222999107 61.80821242208 0.0103 0.0085 32.5917 "" "" 475485766236497024 883.850769 1.0968 0.0135 0.532 2.276 0.014 0.013 1.094 "" "" 13.327702 1.425538 13.973208 12.54767 -80.49 1.49 873.960388 895.881409 87875.19121 14.021 35167.0 25.646 75873.0 32.408 "" "" 0.002760760757031715 0.0029003406 0.0038077284 0.006708069 62.21222999107 61.80821242208 883.850769 0.5320000000000005 2.276 1.1947570390701294 3.1760560641288755 0.17266758 0.17166758 -65.36874999999999 4.7787356 14.216249676847916 66.89675052973035 2.442235952569444 4.698337279455617
61.99169034862 62.34122804596 0.0097 0.0091 1.1439 "" "" 476270542661723008 1001.09839 0.9617 0.0137 -0.387 -0.936 0.016 0.015 1.085 "" "" 13.34464 1.392697 13.966497 12.5738 "" "" 988.330811 1017.86829 86514.87039 25.922 35385.0 53.582 74069.0 92.644 "" "" 0.0027744581923260705 0.0032385276 0.0040159603 0.007254488 61.99169034862 62.34122804596 1001.09839 -0.3870000000000001 -0.9360000000000002 0.2757570390701294 -0.03594393587112432 0.17466758 0.17366758 "" "" 1.3195932703824522 "" 0.23046818209221892 ""
