Clusters/NGC_1502/NGC_1502_members.tsv
# %ECSV 1.0
# ---
# datatype:
# - name: RA_ICRS_1
#   unit: deg
#   datatype: float64
#   format: '{:15.11f}'
#   description: Right ascension (ICRS) at Ep=2016.0 (ra)
#   meta: !!omap
#   - {ucd: POS_EQ_RA_MAIN}
#   - {width: 15}
#   - {precision: '11'}
# - name: DE_ICRS_1
#   unit: deg
#   datatype: float64
#   format: '{:15.11f}'
#   description: Declination (ICRS) at Ep=2016.0 (dec)
#   meta: !!omap
#   - {ucd: POS_EQ_DEC_MAIN}
#   - {width: 15}
#   - {precision: '11'}
# - name: e_RA_ICRS
#   unit: mas
#   datatype: float64
#   format: '{:7.4f}'
#   description: Standard error of right ascension (ra_error)
#   meta: !!omap
#   - {ucd: ERROR}
#   - {width: 7}
#   - {precision: '4'}
# - name: e_DE_ICRS
#   unit: mas
#   datatype: float64
#   format: '{:7.4f}'
#   description: Standard error of declination (dec_error)
#   meta: !!omap
#   - {ucd: ERROR}
#   - {width: 7}
#   - {precision: '4'}
# - name: _r_1
#   unit: ''
#   datatype: float64
#   format: '{:7.4f}'
#   description: Distance from center (061.95141558000+62.33749631000)[ICRS], at Epoch=J2016.0
#   meta: !!omap
#   - {ucd: POS_ANG_DIST_GENERAL}
#   - {width: 7}
#   - {precision: '4'}
# - name: HIP
#   datatype: int32
#   description: '? HIP cross-id number, van Leeuwen, Cat. I/311 (hip_original_ext_source_id)'
#   meta: !!omap
#   - {ucd: ID_NUMBER}
#   - {width: 6}
#   - values: {'null': -2147483648}
# - name: TYC2
#   datatype: string
#   description: Tycho-2 cross-id name, Hog et al., Cat. I/259 (tyc2_original_ext_source_id)
#   meta: !!omap
#   - {ucd: ID_CROSSID}
#   - {_votable_string_dtype: char}
# - name: Source
#   datatype: int64
#   description: Source identifier, identical to the Gaia-EDR3 source_id (id)
#   meta: !!omap
#   - {ucd: ID_MAIN}
#   - {width: 19}
# - name: rgeo
#   unit: pc
#   datatype: float64
#   format: '{:15.8f}'
#   description: '? Median of the geometric distance posterior (r_med_geo)'
#   meta: !!omap
#   - {ucd: PHYS_DISTANCE_TRUE}
#   - {width: 15}
#   - {precision: '8'}
#   - values: {'null': .nan}
# - name: Plx
#   unit: mas
#   datatype: float64
#   format: '{:9.4f}'
#   description: '? Parallax (parallax)'
#   meta: !!omap
#   - {ucd: POS_PARLX_TRIG}
#   - {width: 9}
#   - {precision: '4'}
#   - values: {'null': .nan}
# - name: e_Plx
#   unit: mas
#   datatype: float32
#   format: '{:7.4f}'
#   description: '? Standard error of parallax (parallax_error)'
#   meta: !!omap
#   - {ucd: ERROR}
#   - {width: 7}
#   - {precision: '4'}
#   - values: {'null': .nan}
# - name: pmRA
#   unit: mas / yr
#   datatype: float64
#   format: '{:9.3f}'
#   description: '? Proper motion in right ascension direction, pmRA*cosDE (pmra)'
#   meta: !!omap
#   - {ucd: POS_EQ_PMRA}
#   - {width: 9}
#   - {precision: '3'}
#   - values: {'null': .nan}
# - name: pmDE
#   unit: mas / yr
#   datatype: float64
#   format: '{:9.3f}'
#   description: '? Proper motion in declination direction (pmdec)'
#   meta: !!omap
#   - {ucd: POS_EQ_PMDEC}
#   - {width: 9}
#   - {precision: '3'}
#   - values: {'null': .nan}
# - name: e_pmRA
#   unit: mas / yr
#   datatype: float32
#   format: '{:6.3f}'
#   description: '? Standard error of proper motion in right ascension direction (pmra_error)'
#   meta: !!omap
#   - {ucd: ERROR}
#   - {width: 6}
#   - {precision: '3'}
#   - values: {'null': .nan}
# - name: e_pmDE
[...]
#         unit: &id001 !astropy.units.Unit {unit: deg}
#         value: !astropy.table.SerializedColumn {name: SkyCoord.dec}
#       distance: !astropy.table.SerializedColumn
#         __class__: astropy.coordinates.distances.Distance
#         unit: !astropy.units.Unit {unit: pc}
#         value: !astropy.table.SerializedColumn {name: SkyCoord.distance}
#       frame: icrs
#       obstime: !astropy.time.Time {format: jyear_str, in_subfmt: '*', jd1: 367701545.0, jd2: 0.0, out_subfmt: '*', precision: 3, scale: tt}
#       pm_dec: !astropy.table.SerializedColumn
#         __class__: astropy.units.quantity.Quantity
#         unit: !astropy.units.Unit {unit: mas / yr}
#         value: !astropy.table.SerializedColumn {name: SkyCoord.pm_dec}
#       pm_ra_cosdec: !astropy.table.SerializedColumn
#         __class__: astropy.units.quantity.Quantity
#         unit: !astropy.units.Unit {unit: mas / yr}
#         value: !astropy.table.SerializedColumn {name: SkyCoord.pm_ra_cosdec}
#       ra: !astropy.table.SerializedColumn
#         __class__: astropy.coordinates.angles.Longitude
#         unit: *id001
#         value: !astropy.table.SerializedColumn {name: SkyCoord.ra}
#         wrap_angle: !astropy.coordinates.Angle
#           unit: *id001
#           value: 360.0
#       representation_type: spherical
# schema: astropy-2.0
RA_ICRS_1 DE_ICRS_1 e_RA_ICRS e_DE_ICRS _r_1 HIP TYC2 Source rgeo Plx e_Plx pmRA pmDE e_pmRA e_pmDE RUWE Teff logg Gmag BP-RP BPmag RPmag RV e_RV b_rgeo B_rgeo FG e_FG FBP e_FBP FRP e_FRP RAVE5 RAVE6 e_Gmag e_BPmag e_RPmag e_BP-RP SkyCoord.ra SkyCoord.dec SkyCoord.distance SkyCoord.pm_ra_cosdec SkyCoord.pm_dec Pmemb
[from data line 80]
61.92728875267 62.21640011367 0.0261 0.0215 7.2969 "" "" 476265835377629184 1081.4043 0.8906 0.0355 -0.672 -0.94 0.046 0.032 1.035 5179.3 3.7898 15.694929 2.020799 16.715275 14.694476 "" "" 1042.81494 1132.01135 9930.58896 21.854 2813.9 25.034 10504.0 61.53 "" "" 0.0036470255181879547 0.010054215 0.0073981895 0.017452404 61.92728875267 62.21640011367 1081.4043 -0.6719999999999998 -0.94 1.0
61.89791171204 62.29509099397 0.0256 0.0235 2.9492 "" "" 476269236991702016 1063.75403 0.9063 0.0357 -0.585 -1.206 0.041 0.036 1.031 5386.3 3.7618 15.771478 1.983499 16.761003 14.777505 "" "" 1032.52856 1097.1001 9254.55732 20.706 2697.8 26.598 9731.0 64.195 "" "" 0.0036732608275811293 0.011062091 0.008098514 0.019160606 61.89791171204 62.29509099397 1063.75403 -0.5849999999999997 -1.2060000000000002 1.0
62.07158557356 62.38530934274 0.025 0.0247 4.4065 "" "" 476272157569397760 1066.11194 0.9005 0.0366 -0.674 -0.88 0.034 0.037 0.994 4924.6 4.1522 15.869995 1.881829 16.798084 14.916255 "" "" 1022.29504 1119.21973 8451.79021 11.414 2607.3 15.826 8563.6 32.419 "" "" 0.0031211748203891776 0.0071566026 0.005583711 0.012740314 62.07158557356 62.38530934274 1066.11194 -0.6739999999999999 -0.8799999999999999 1.0
62.08844384133 62.50413877334 0.0244 0.0245 10.6986 "" "" 476285145550451840 1001.61206 0.9635 0.0359 -0.692 -0.73 0.028 0.039 0.99 5459.1 3.9825 15.968246 1.88135 16.892353 15.011003 "" "" 969.957092 1036.5033 7720.5485 10.958 2390.4 16.402 7848.0 37.014 "" "" 0.0031569800560004523 0.007955255 0.006364396 0.014319651 62.08844384133 62.50413877334 1001.61206 -0.692 -0.73 1.0
61.67985442951 62.34035641143 0.0302 0.028 7.5661 "" "" 476277139731534080 1145.57556 0.8483 0.0415 -0.727 -1.074 0.054 0.045 0.992 5054.2 4.1681 15.990512 1.962088 16.942871 14.980783 "" "" 1098.56714 1188.65735 7563.83482 10.703 2281.8 30.286 8069.5 76.483 "" "" 0.0031547004472924282 0.014678443 0.010962714 0.025641158 61.67985442951 62.34035641143 1145.57556 -0.7270000000000001 -1.0740000000000005 1.0
61.96020243776 62.26110018017 0.028 0.0251 4.5903 "" "" 476268996473537920 1019.57959 0.9575 0.0396 -0.731 -1.046 0.046 0.039 1.024 4823.9 4.1414 15.993255 2.058332 17.043274 14.984941 "" "" 979.069153 1065.40442 7544.75369 14.015 2080.2 17.562 8038.6 43.214 "" "" 0.0034145936754280035 0.009581532 0.0069534844 0.016535018 61.96020243776 62.26110018017 1019.57959 -0.7309999999999999 -1.0460000000000005 1.0
61.93306561889 62.34910372906 0.0305 0.0265 0.8638 "" "" 476270783179895808 979.97583 0.9887 0.0392 -0.597 -0.79 0.051 0.041 1.042 5241.2 3.8351 16.002127 1.936779 16.971043 15.034264 "" "" 938.499695 1017.60809 7483.34916 6.837 2223.3 12.669 7681.6 29.135 "" "" 0.0029284420369606657 0.0067868973 0.0055894325 0.01237633 61.93306561889 62.34910372906 979.97583 -0.5970000000000001 -0.79 1.0
61.8028001065 62.29142476312 0.0348 0.0328 4.9805 "" "" 476264357908866176 981.724854 0.998 0.0485 -0.716 -0.821 0.059 0.048 1.047 5039.8 3.7674 16.122728 2.244947 17.296406 15.051459 "" "" 934.509888 1031.6228 6696.61235 9.3835 1647.6 15.352 7560.9 35.332 "" "" 0.0031474350093098997 0.010494381 0.006326569 0.01682095 61.8028001065 62.29142476312 981.724854 -0.7160000000000002 -0.821 1.0
62.05901278998 62.36942104623 0.0293 0.0304 3.5557 "" "" 476271401655161856 915.367859 1.0478 0.0433 -0.883 -0.693 0.044 0.049 1.001 4731.8 4.1734 16.155546 1.980662 17.149115 15.168452 "" "" 873.596069 957.624878 6497.22596 8.6897 1887.0 13.436 6788.6 25.784 "" "" 0.003114551102814071 0.008218866 0.005593675 0.013812541 62.05901278998 62.36942104623 915.367859 -0.8830000000000001 -0.6929999999999998 1.0
62.06177548265 62.34891275091 0.0297 0.0306 3.149 "" "" 476269855466942848 1077.59167 0.894 0.0432 -0.575 -0.843 0.053 0.049 0.976 4894.9 4.1407 16.170797 2.120535 17.264587 15.144053 "" "" 1032.07129 1131.86743 6406.60398 7.549 1696.6 10.928 6942.8 24.286 "" "" 0.003037844510412104 0.007529413 0.0053579765 0.012887389 62.06177548265 62.34891275091 1077.59167 -0.575 -0.843 1.0
62.10837126508 62.27468744389 0.032 0.0292 5.7756 "" "" 476266350773657600 1083.19629 0.8904 0.044 -0.771 -0.92 0.053 0.045 1.023 4742.6 4.1597 16.17927 1.989504 17.177128 15.187624 "" "" 1034.59021 1142.75305 6356.79973 11.028 1838.9 16.221 6669.7 30.907 "" "" 0.0033376095996976145 0.0099754715 0.006292621 0.016268093 62.10837126508 62.27468744389 1083.19629 -0.7709999999999998 -0.9199999999999997 1.0
61.83106359 62.46407219265 0.0309 0.0299 8.2987 "" "" 476284046038870656 1034.94543 0.9426 0.0448 -0.766 -1.008 0.038 0.046 1.025 4750.4 4.3131 16.293152 1.885366 17.226896 15.341531 "" "" 990.225708 1085.33875 5723.8182 9.0528 1756.5 11.406 5788.2 27.174 "" "" 0.003246624793616379 0.007582362 0.0063455096 0.013927871 61.83106359 62.46407219265 1034.94543 -0.7660000000000005 -1.008 1.0
62.06322405839 62.29310747867 0.0345 0.0317 4.0997 "" "" 476266591291822720 1055.24719 0.9137 0.0472 -0.694 -0.923 0.057 0.048 0.99 4697.3 4.1987 16.413277 2.01092 17.427933 15.417013 "" "" 1000.57776 1110.41199 5124.32166 5.52 1459.6 13.195 5399.5 19.41 "" "" 0.0029932738492408403 0.010204092 0.005432953 0.015637044 62.06322405839 62.29310747867 1055.24719 -0.694 -0.923 1.0
61.66556931242 62.32476878931 0.0382 0.0322 8.0007 "" "" 476276349457560064 1070.01367 0.905 0.0511 -0.418 -0.906 0.065 0.05 0.973 5016.2 4.2163 16.443668 2.140307 17.543688 15.40338 "" "" 1023.74457 1128.30396 4982.8673 3.9769 1312.0 12.826 5467.7 12.298 "" "" 0.00288837058887572 0.010974672 0.0044997027 0.015474374 61.66556931242 62.32476878931 1070.01367 -0.41800000000000015 -0.9060000000000001 1.0
61.93761304046 62.38421999317 0.035 0.0333 2.8296 "" "" 476282637289616640 972.296021 1.0117 0.0479 -0.701 -0.732 0.063 0.05 1.029 4730.2 4.3089 16.487297 1.915575 17.438648 15.523073 "" "" 934.559326 1005.5556 4786.60497 4.6899 1445.3 9.9575 4897.0 20.925 "" "" 0.002953550638521975 0.007983691 0.005983941 0.013967631 61.93761304046 62.38421999317 972.296021 -0.7010000000000002 -0.7320000000000002 0.9
61.86534340134 62.31308698069 0.0376 0.0329 2.8104 "" "" 476270061625419648 1014.99182 0.9574 0.0496 -0.487 -1.01 0.063 0.051 0.952 5619.4 4.2807 16.497993 2.15093 17.607244 15.456315 "" "" 969.251892 1075.08887 4739.68495 7.1472 1237.4 15.024 5207.5 21.932 "" "" 0.0032050467543034977 0.013474602 0.0059323995 0.019407002 61.86534340134 62.31308698069 1014.99182 -0.4870000000000002 -1.0100000000000005 1.0
61.99612617222 62.32989359988 0.0372 0.0358 1.3265 "" "" 476269786747483264 1031.33838 0.9381 0.0537 -0.692 -0.941 0.061 0.056 0.992 4619.8 4.2725 16.499207 1.990725 17.49433 15.503605 "" "" 979.891663 1088.38696 4734.39369 5.2781 1373.0 19.46 4985.6 17.87 "" "" 0.0030094710324175566 0.015639413 0.0054248045 0.021064218 61.99612617222 62.32989359988 1031.33838 -0.6920000000000001 -0.9410000000000003 1.0
61.97544007892 62.36874235887 0.0403 0.0359 1.9905 "" "" 476270817539619584 1067.95166 0.8971 0.0538 -0.846 -0.695 0.073 0.056 0.969 5432.0 3.9923 16.575796 2.110472 17.657522 15.54705 "" "" 1011.59894 1149.10608 4411.92651 4.2284 1181.4 11.894 4790.0 18.631 "" "" 0.0029452639031970185 0.011281367 0.005667255 0.016948622 61.97544007892 62.36874235887 1067.95166 -0.8460000000000001 -0.6949999999999998 1.0
61.97212744232 62.28314554647 0.0399 0.035 3.3118 "" "" 476269099552744064 1103.03113 0.8794 0.0545 -0.687 -0.586 0.067 0.054 1.0 5745.8 4.2052 16.58857 2.196955 17.724909 15.527954 "" "" 1033.18115 1171.58362 4360.32569 9.1602 1110.3 17.851 4875.0 42.269 "" "" 0.0035769249542570818 0.017677654 0.010144264 0.027821917 61.97212744232 62.28314554647 1103.03113 -0.6869999999999999 -0.5859999999999999 1.0
61.92574862931 62.3217475133 0.0395 0.0347 1.185 "" "" 476270130345098240 1023.50177 0.9565 0.0526 -0.548 -1.028 0.066 0.052 0.992 4823.1 4.1831 16.616568 2.195 17.744675 15.549675 "" "" 969.463806 1069.19629 4249.31894 12.239 1090.3 30.006 4778.5 60.54 "" "" 0.004167847886327324 0.030010384 0.014265217 0.0442756 61.92574862931 62.3217475133 1023.50177 -0.548 -1.028 0.9
62.05736539974 62.3351501405 0.037 0.0416 2.9548 "" "" 476269851174103040 1094.19153 0.8826 0.0555 -0.315 -0.824 0.064 0.069 0.96 4607.8 4.1807 16.618866 2.117308 17.709486 15.592178 "" "" 1031.98083 1159.45496 4240.33359 10.47 1126.2 12.13 4595.0 36.351 "" "" 0.00384430679519526 0.012022428 0.009383972 0.021406401 62.05736539974 62.3351501405 1094.19153 -0.3149999999999999 -0.8239999999999998 1.0
61.90036587835 62.34641965465 0.0418 0.0364 1.5193 "" "" 476270405223001984 1088.72961 0.9012 0.0557 -0.679 -1.047 0.075 0.058 1.008 5242.9 3.9827 16.682838 2.111432 17.75129 15.639857 "" "" 1029.58093 1157.13794 3997.71061 8.7867 1083.7 17.567 4397.6 31.726 "" "" 0.003645075688997226 0.0178198 0.008697035 0.026516834 61.90036587835 62.34641965465 1088.72961 -0.6789999999999999 -1.047 1.0
61.94365457613 62.29516108057 0.0467 0.0383 2.5493 "" "" 476269305711172736 1064.94714 0.9016 0.0579 -0.713 -1.339 0.071 0.058 0.946 4342.0 4.1023 16.733738 2.340365 17.987003 15.646639 "" "" 1005.71204 1128.42969 3814.62032 4.7495 872.2 8.4196 4370.2 23.562 "" "" 0.003069075320673634 0.01084596 0.006967802 0.017813763 61.94365457613 62.29516108057 1064.94714 -0.7129999999999999 -1.339 0.8
61.86616940334 62.57212898935 0.0355 0.0383 14.2753 "" "" 476289749755392768 1163.49036 0.8297 0.0539 -0.801 -0.822 0.04 0.059 0.918 4426.3 4.1619 16.812624 2.093882 17.885126 15.791244 "" "" 1103.13037 1239.46936 3547.29677 3.903 958.0 8.5792 3825.3 13.3 "" "" 0.003003144559825399 0.010115537 0.0053417156 0.015457252 61.86616940334 62.57212898935 1163.49036 -0.8010000000000002 -0.8220000000000003 1.0
62.08366582511 62.31914720508 0.0441 0.0395 3.846 "" "" 476269580589045376 1082.28931 0.8831 0.0623 -0.697 -0.949 0.073 0.062 1.0 4493.5 4.165 16.835571 2.239834 17.964281 15.724447 "" "" 1010.58093 1182.03406 3473.10755 13.869 890.64 15.256 4068.0 48.504 "" "" 0.005137060557918141 0.018805986 0.013485967 0.032291953 62.08366582511 62.31914720508 1082.28931 -0.6970000000000001 -0.9489999999999998 1.0
61.97730791033 62.29407822711 0.0456 0.0408 2.7032 "" "" 476269477509860480 1121.42371 0.8656 0.0616 -0.684 -0.632 0.076 0.066 1.037 4466.1 4.1594 16.862667 2.187704 18.003178 15.815474 "" "" 1055.75256 1184.34973 3387.50757 5.2414 859.3 11.345 3740.8 23.859 "" "" 0.003227066145152969 0.014603571 0.007889084 0.022492655 61.97730791033 62.29407822711 1121.42371 -0.684 -0.6320000000000001 1.0
61.88868813777 62.34022429673 0.0446 0.042 1.7549 "" "" 476270370863265536 969.03241 0.9944 0.0628 -0.642 -1.014 0.078 0.068 1.057 4181.1 4.1008 16.883259 2.47384 18.22733 15.75349 "" "" 916.5578 1034.62903 3323.86379 4.982 699.01 10.229 3960.6 19.11 "" "" 0.0032000162419840612 0.016131312 0.006459703 0.022591015 61.88868813777 62.34022429673 969.03241 -0.6420000000000001 -1.0140000000000002 1.0
