Clusters/NGC_1502/NGC_1502_stars_in_region.tsv
# %ECSV 1.0
# ---
# datatype:
# - name: RA_ICRS_1
#   unit: deg
#   datatype: float64
#   format: '{:15.11f}'
#   description: Right ascension (ICRS) at Ep=2016.0 (ra)
#   meta: !!omap
#   - {ucd: POS_EQ_RA_MAIN}
#   - {width: 15}
#   - {precision: '11'}
# - name: DE_ICRS_1
#   unit: deg
#   datatype: float64
#   format: '{:15.11f}'
#   description: Declination (ICRS) at Ep=2016.0 (dec)
#   meta: !!omap
#   - {ucd: POS_EQ_DEC_MAIN}
#   - {width: 15}
#   - {precision: '11'}
# - name: e_RA_ICRS
#   unit: mas
#   datatype: float64
#   format: '{:7.4f}'
#   description: Standard error of right ascension (ra_error)
#   meta: !!omap
#   - {ucd: ERROR}
#   - {width: 7}
#   - {precision: '4'}
# - name: e_DE_ICRS
#   unit: mas
#   datatype: float64
#   format: '{:7.4f}'
#   description: Standard error of declination (dec_error)
#   meta: !!omap
#   - {ucd: ERROR}
#   - {width: 7}
#   - {precision: '4'}
# - name: _r_1
#   unit: ''
#   datatype: float64
#   format: '{:7.4f}'
#   description: Distance from center (061.95141558000+62.33749631000)[ICRS], at Epoch=J2016.0
#   meta: !!omap
#   - {ucd: POS_ANG_DIST_GENERAL}
#   - {width: 7}
#   - {precision: '4'}
# - name: HIP
#   datatype: int32
#   description: '? HIP cross-id number, van Leeuwen, Cat. I/311 (hip_original_ext_source_id)'
#   meta: !!omap
#   - {ucd: ID_NUMBER}
#   - {width: 6}
#   - values: {'null': -2147483648}
# - name: TYC2
#   datatype: string
#   description: Tycho-2 cross-id name, Hog et al., Cat. I/259 (tyc2_original_ext_source_id)
#   meta: !!omap
#   - {ucd: ID_CROSSID}
#   - {_votable_string_dtype: char}
# - name: Source
#   datatype: int64
#   description: Source identifier, identical to the Gaia-EDR3 source_id (id)
#   meta: !!omap
#   - {ucd: ID_MAIN}
#   - {width: 19}
# - name: rgeo
#   unit: pc
#   datatype: float64
#   format: '{:15.8f}'
#   description: '? Median of the geometric distance posterior (r_med_geo)'
#   meta: !!omap
#   - {ucd: PHYS_DISTANCE_TRUE}
#   - {width: 15}
#   - {precision: '8'}
#   - values: {'null': .nan}
# - name: Plx
#   unit: mas
#   datatype: float64
#   format: '{:9.4f}'
#   description: '? Parallax (parallax)'
#   meta: !!omap
#   - {ucd: POS_PARLX_TRIG}
#   - {width: 9}
#   - {precision: '4'}
#   - values: {'null': .nan}
# - name: e_Plx
#   unit: mas
#   datatype: float32
#   format: '{:7.4f}'
#   description: '? Standard error of parallax (parallax_error)'
#   meta: !!omap
#   - {ucd: ERROR}
#   - {width: 7}
#   - {precision: '4'}
#   - values: {'null': .nan}
# - name: pmRA
#   unit: mas / yr
#   datatype: float64
#   format: '{:9.3f}'
#   description: '? Proper motion in right ascension direction, pmRA*cosDE (pmra)'
#   meta: !!omap
#   - {ucd: POS_EQ_PMRA}
#   - {width: 9}
#   - {precision: '3'}
#   - values: {'null': .nan}
# - name: pmDE
#   unit: mas / yr
#   datatype: float64
#   format: '{:9.3f}'
#   description: '? Proper motion in declination direction (pmdec)'
#   meta: !!omap
#   - {ucd: POS_EQ_PMDEC}
#   - {width: 9}
#   - {precision: '3'}
#   - values: {'null': .nan}
# - name: e_pmRA
#   unit: mas / yr
#   datatype: float32
#   format: '{:6.3f}'
#   description: '? Standard error of proper motion in right ascension direction (pmra_error)'
#   meta: !!omap
#   - {ucd: ERROR}
#   - {width: 6}
#   - {precision: '3'}
#   - values: {'null': .nan}
# - name: e_pmDE
[...]
#         value: !astropy.table.SerializedColumn {name: SkyCoord.dec}
#       distance: !astropy.table.SerializedColumn
#         __class__: astropy.coordinates.distances.Distance
#         unit: !astropy.units.Unit {unit: pc}
#         value: !astropy.table.SerializedColumn {name: SkyCoord.distance}
#       frame: icrs
#       obstime: !astropy.time.Time {format: jyear_str, in_subfmt: '*', jd1: 367701545.0, jd2: 0.0, out_subfmt: '*', precision: 3, scale: tt}
#       pm_dec: !astropy.table.SerializedColumn
#         __class__: astropy.units.quantity.Quantity
#         unit: !astropy.units.Unit {unit: mas / yr}
#         value: !astropy.table.SerializedColumn {name: SkyCoord.pm_dec}
#       pm_ra_cosdec: !astropy.table.SerializedColumn
#         __class__: astropy.units.quantity.Quantity
#         unit: !astropy.units.Unit {unit: mas / yr}
#         value: !astropy.table.SerializedColumn {name: SkyCoord.pm_ra_cosdec}
#       ra: !astropy.table.SerializedColumn
#         __class__: astropy.coordinates.angles.Longitude
#         unit: *id001
#         value: !astropy.table.SerializedColumn {name: SkyCoord.ra}
#         wrap_angle: !astropy.coordinates.Angle
#           unit: *id001
#           value: 360.0
#       representation_type: spherical
# schema: astropy-2.0
RA_ICRS_1 DE_ICRS_1 e_RA_ICRS e_DE_ICRS _r_1 HIP TYC2 Source rgeo Plx e_Plx pmRA pmDE e_pmRA e_pmDE RUWE Teff logg Gmag BP-RP BPmag RPmag RV e_RV b_rgeo B_rgeo FG e_FG FBP e_FBP FRP e_FRP RAVE5 RAVE6 e_Gmag e_BPmag e_RPmag e_BP-RP SkyCoord.ra SkyCoord.dec SkyCoord.distance SkyCoord.pm_ra_cosdec SkyCoord.pm_dec rmRA rmDE e_rmRA e_rmDE rRV e_rRV v_pec v_pec3d e_vpec e_vpec3d
[from data line 152]
62.18279133015 62.49929279317 0.0092 0.0096 11.6429 "" "" 476284939392012160 885.23114 1.0945 0.0137 -7.223 -4.941 0.011 0.015 0.987 6468.8 4.0488 13.743706 1.240487 14.281984 13.041497 -24.92 2.82 871.824768 897.986206 59905.21564 7.43 26462.0 16.51 48146.0 19.872 "" "" 0.002758608987048149 0.002871224 0.0038058572 0.006677081 62.18279133015 62.49929279317 885.23114 -7.222999999999996 -4.941000000000005 -6.5602429609298705 -4.040943935871124 0.16966757 0.17366758 -9.798750000000002 6.1087356 32.3298712744095 33.7821858111992 5.521203470605304 5.573021147457984
60.66038464915 62.30338544854 0.0118 0.0103 36.0406 "" "" 474827502369580032 1154.60437 0.8307 0.0155 0.14 -0.48 0.017 0.016 0.984 7072.1 3.9182 13.747831 1.209381 14.270695 13.061314 "" "" 1136.49756 1171.14087 59677.97261 26.46 26739.0 34.589 47275.0 117.13 "" "" 0.0027970571950639623 0.00312372 0.004638978 0.0077626975 60.66038464915 62.30338544854 1154.60437 0.13999999999999996 -0.4800000000000001 0.8027570390701294 0.42005606412887575 0.17566758 0.17466758 "" "" 4.958469681125126 "" 0.8699789363845714 ""
62.22776571164 62.4576180972 0.056 0.0568 10.5341 "" "" 476272879123855616 1063.56958 0.9366 0.0833 3.764 -2.971 0.066 0.085 6.178 5089.6 3.1341 13.773746 1.94305 14.734465 12.791414 -19.03 1.21 979.316833 1182.76892 58270.49385 21.217 17443.0 14.995 60617.0 25.317 "" "" 0.0027835364285992556 0.002942144 0.0038064886 0.0067486325 62.22776571164 62.4576180972 1063.56958 3.7639999999999993 -2.9709999999999996 4.426757039070129 -2.0709439358711244 0.22466758 0.24366757 -3.9087500000000013 4.4987354 24.638073729589138 24.94620218925459 5.622304727601057 5.597421330443114
61.95212445965 62.32921268027 0.0115 0.0113 0.4974 "" "" 476270508301995776 998.520691 0.9703 0.0168 -0.308 -0.954 0.021 0.016 0.959 9182.5 4.2586 13.776523 1.080608 14.221344 13.140736 "" "" 983.931396 1010.94586 58121.61835 10.769 27982.0 49.065 43940.0 99.081 "" "" 0.0027626542574849073 0.0033777857 0.0045030685 0.007880854 61.95212445965 62.32921268027 998.520691 -0.30800000000000016 -0.9540000000000003 0.3547570390701294 -0.05394393587112423 0.17966758 0.17466758 "" "" 1.6983614315087847 "" 0.3049511860436271 ""
61.44866316292 61.96139664936 0.0264 0.0224 26.6046 "" "" 474755381279239296 865.203247 1.1251 0.0373 -1.278 11.567 0.034 0.033 2.464 5546.5 4.1117 13.782732 1.232907 14.301244 13.068336 -61.66 2.34 840.242981 890.290894 57790.15252 24.59 25997.0 23.923 46970.0 24.452 "" "" 0.002793782495785693 0.0029636608 0.0038214135 0.0067850742 61.44866316292 61.96139664936 865.203247 -1.278 11.567 -0.6152429609298706 12.467056064128876 0.19266757 0.19166759 -46.53874999999999 5.6287355 51.19040745873045 69.18318485985843 9.811666539781502 8.187973978881137
61.22948097547 62.59059665177 0.0101 0.0111 25.1319 "" "" 476334005097960320 1004.54712 0.9629 0.0154 -0.802 -0.775 0.013 0.017 1.037 7867.1 4.0565 13.791433 1.245659 14.331141 13.085482 "" "" 988.364868 1017.41614 57328.86949 7.6364 25291.0 16.694 46234.0 22.915 "" "" 0.002759113160408014 0.00288074 0.0038174998 0.0066982396 61.22948097547 62.59059665177 1004.54712 -0.8020000000000002 -0.775 -0.13924296092987065 0.1250560641288757 0.17166758 0.17566758 "" "" 0.8911564970089422 "" 0.1545843588621875 ""
61.70147722546 62.40613226414 0.0111 0.0102 8.0821 "" "" 476277616467818624 1022.42102 0.9425 0.0144 -0.544 -0.841 0.02 0.016 1.001 7222.4 3.9705 13.803016 1.320086 14.386373 13.066288 "" "" 1007.55322 1036.68091 56720.5522 10.077 24036.0 21.449 47059.0 25.537 "" "" 0.0027620638801579135 0.0029536034 0.0038250315 0.006778635 61.70147722546 62.40613226414 1022.42102 -0.5440000000000002 -0.8410000000000002 0.11875703907012936 0.05905606412887576 0.17866758 0.17466758 "" "" 0.6427640246874268 "" 0.11433593980093634 ""
62.20958566414 61.85244607013 0.0116 0.0098 29.9923 "" "" 475488961691644416 1114.69507 0.8595 0.0153 1.322 1.444 0.017 0.014 0.932 "" "" 13.824068 1.317633 14.404999 13.087366 "" "" 1096.7677 1135.69348 55631.36402 7.891 23627.0 22.96 46154.0 20.568 "" "" 0.002759620833119111 0.002982994 0.0038102276 0.0067932215 62.20958566414 61.85244607013 1114.69507 1.3219999999999996 1.4440000000000002 1.9847570390701295 2.3440560641288757 0.17566758 0.17266758 "" "" 16.228527666229702 "" 2.8225721771507155 ""
62.88325463494 62.40209242816 0.0097 0.0097 26.217 "" "" 475538714592598272 1127.94385 0.8538 0.0138 -1.344 -4.023 0.011 0.015 0.998 6468.8 3.7944 13.845092 1.350348 14.445313 13.094966 "" "" 1116.54785 1145.25696 54564.47003 7.0043 22766.0 16.134 45832.0 16.405 "" "" 0.00275884292367404 0.002894322 0.00379931 0.006693632 62.88325463494 62.40209242816 1127.94385 -1.3439999999999999 -4.023 -0.6812429609298707 -3.122943935871124 0.16966757 0.17366758 "" "" 17.089319642512553 "" 2.9647898815043914 ""
60.73599318476 62.31277205504 0.0123 0.0105 33.9024 "" "" 474826815174801664 863.688232 1.1294 0.0166 -4.201 -8.792 0.019 0.017 1.134 "" "" 13.8498 1.653633 14.638906 12.985273 -13.79 1.4 848.850159 874.704529 54328.37336 9.6165 19048.0 13.856 50705.0 24.515 "" "" 0.002762014419592531 0.0028997965 0.003815663 0.0067154597 60.73599318476 62.31277205504 863.688232 -4.2010000000000005 -8.792000000000002 -3.5382429609298702 -7.891943935871124 0.17766757 0.17566758 1.3312500000000007 4.6887355 35.40721608863633 35.43223359752935 6.231807905046941 6.229899040093942
61.16193523727 62.78181471224 0.0109 0.0103 34.4553 "" "" 476350738290471040 1031.22327 0.9371 0.0144 -0.895 -0.75 0.011 0.015 1.019 8170.1 4.2341 13.852824 1.196071 14.366937 13.170866 "" "" 1016.55518 1044.9187 54177.27192 7.5753 24470.0 16.721 42738.0 19.767 "" "" 0.002759499299576033 0.0028871235 0.0038125978 0.0066997213 61.16193523727 62.78181471224 1031.22327 -0.895 -0.7499999999999999 -0.23224296092987062 0.15005606412887573 0.16966757 0.17366758 "" "" 1.3515435976573877 "" 0.23091847839543106 ""
61.15731257486 62.10120747135 0.0108 0.0104 26.3467 "" "" 474772423709457280 1049.59387 0.9184 0.0151 -0.705 -0.996 0.016 0.017 1.061 6034.3 3.7465 13.885091 1.519858 14.586547 13.066689 37.73 5.1 1036.62231 1066.5752 52590.85846 25.453 19989.0 34.391 47042.0 61.482 "" "" 0.002804980314242667 0.0033577508 0.0040369947 0.0073947455 61.15731257486 62.10120747135 1049.59387 -0.7050000000000001 -0.9960000000000001 -0.042242960929870566 -0.09594393587112426 0.17466758 0.17566758 52.85124999999999 8.388736 0.5215460683113424 52.853823294666874 0.09153425293961263 8.3883273973388
61.86768913069 62.336653657 0.0117 0.0108 2.3328 "" "" 476270439582529792 1016.7674 0.9472 0.0162 -0.522 -0.878 0.021 0.016 1.01 "" "" 13.886493 1.591001 14.627083 13.036081 6.3 4.09 1000.49615 1032.05896 52523.01285 24.475 19257.0 46.799 48387.0 68.948 "" "" 0.0028013858635871636 0.0038402104 0.004083777 0.007923987 61.86768913069 62.336653657 1016.7674 -0.522 -0.8779999999999999 0.14075703907012937 0.02205606412887573 0.17966758 0.17466758 21.42125 7.3787355 0.6866531656445101 21.432252427880503 0.12328814996075305 7.37494866383253
61.53506262236 62.08329331093 0.0139 0.0136 19.1905 "" "" 476260269100196096 874.518433 1.1053 0.0204 2.264 -1.594 0.021 0.023 1.434 6403.1 4.1004 13.891069 1.134987 14.373875 13.238888 -36.63 3.64 859.870544 888.474243 52302.07626 8.597 24315.0 19.561 40142.0 20.019 "" "" 0.002761093814311773 0.0029236919 0.0038179718 0.0067416634 61.53506262236 62.08329331093 874.518433 2.2639999999999993 -1.5940000000000003 2.926757039070129 -0.6939439358711244 0.17966758 0.18166758 -21.508750000000003 6.9287357 12.46840108599646 24.86136263771111 2.2415016870250697 6.098877239748229
61.53004932377 61.92933797115 0.0113 0.01 27.1914 "" "" 474754419206566656 1010.31195 0.9551 0.0159 -0.629 -1.012 0.016 0.016 0.936 7528.6 4.2522 13.897199 1.09125 14.356276 13.265026 "" "" 994.383545 1023.43042 52007.66672 8.7805 24712.0 23.111 39188.0 18.883 "" "" 0.00276141094763102 0.0029691877 0.0038154204 0.006784608 61.53004932377 61.92933797115 1010.31195 -0.6290000000000006 -1.012 0.03375703907012939 -0.11194393587112428 0.17466758 0.17466758 "" "" 0.5599299456815348 "" 0.09780160965446995 ""
62.14207186207 62.78143503922 0.011 0.0108 27.1529 "" "" 476361870846083456 1057.89087 0.9134 0.0153 4.607 -7.363 0.011 0.016 0.991 7189.5 4.0127 13.916943 1.221909 14.445061 13.223151 "" "" 1039.22559 1079.50879 51070.46913 6.1271 22772.0 16.669 40728.0 14.985 "" "" 0.0027583975315810865 0.0029011518 0.003800435 0.006701587 62.14207186207 62.78143503922 1057.89087 4.607000000000003 -7.362999999999997 5.26975703907013 -6.462943935871125 0.16966757 0.17466758 "" "" 41.81542378425312 "" 7.221031277901905 ""
61.23179251761 61.96611852263 0.0115 0.0104 30.055 "" "" 474756927467482112 1137.80151 0.8476 0.0155 -1.909 1.824 0.016 0.017 1.06 6468.6 3.7772 13.922265 1.40663 14.555196 13.148566 -6.8 3.45 1118.59082 1153.64624 50820.7093 9.2211 20575.0 17.814 43625.0 19.622 "" "" 0.0027623537823156744 0.0029442692 0.0038108022 0.0067550717 61.23179251761 61.96611852263 1137.80151 -1.9089999999999994 1.8239999999999998 -1.2462429609298706 2.7240560641288756 0.17466758 0.17566758 8.32125 6.7387357 16.15579271925768 18.17285998268075 2.8352594646262688 3.9842629759079453
62.11256665437 62.48824329618 0.0104 0.0103 10.0925 "" "" 476284870672547712 888.064331 1.094 0.0151 -0.517 -1.707 0.013 0.016 1.027 "" "" 13.928812 1.322024 14.514275 13.19225 -15.74 2.76 874.384888 899.927856 50515.16368 7.3035 21365.0 15.095 41904.0 18.623 "" "" 0.0027597881993447642 0.0028936996 0.0038100597 0.0067037595 62.11256665437 62.48824329618 888.064331 -0.5170000000000007 -1.7069999999999987 0.14575703907012938 -0.8069439358711243 0.17166758 0.17466758 -0.6187500000000004 6.0487356 3.4517377591203275 3.5067570660422174 0.6025822285835554 1.2210099113671133
61.89705884222 61.76390315681 0.0474 0.0431 34.4495 "" "" 475487278064528000 957.755127 1.0323 0.0612 -5.156 0.231 0.068 0.064 4.301 5810.5 4.1799 13.929053 1.101301 14.384731 13.28343 -44.2 3.99 895.415894 1010.68176 50503.96722 20.242 24073.0 13.986 38529.0 18.597 "" "" 0.0027894724392900833 0.0028605855 0.0038155424 0.006676128 61.89705884222 61.76390315681 957.755127 -5.155999999999997 0.2310000000000006 -4.49324296092987 1.1310560641288758 0.22666758 0.22266757 -29.078750000000003 7.2787356 21.034581774043193 35.88909767563696 4.7628857264570374 6.5248224636387615
61.71025573961 62.74553793452 0.0289 0.0231 25.3753 "" "" 476341770394245760 1027.66223 0.9452 0.0268 -0.543 -1.002 0.028 0.04 1.113 "" "" 13.948301 "" "" "" "" "" 997.239258 1059.22656 49616.53225 272.9 "" "" "" "" "" "" 0.006576743535550287 "" "" "" 61.71025573961 62.74553793452 1027.66223 -0.5430000000000001 -1.002 0.11975703907012936 -0.10194393587112427 0.18666758 0.19866759 "" "" 0.7660880284718623 "" 0.14693650548873677 ""
61.02745326013 62.12630902792 0.0115 0.0106 28.7686 "" "" 474774279134872832 1037.94165 0.9271 0.0153 -0.697 -0.972 0.017 0.017 0.968 6433.8 3.937 13.948737 1.344457 14.545603 13.201146 10.57 10.87 1023.17468 1057.10962 49596.60499 8.3025 20758.0 16.762 41562.0 22.346 "" "" 0.002761308295380797 0.002924671 0.0038241982 0.006748869 61.02745326013 62.12630902792 1037.94165 -0.6969999999999995 -0.9719999999999988 -0.03424296092987056 -0.07194393587112424 0.17566758 0.17566758 25.69125 14.158735 0.39200101792700387 25.694240431671762 0.06886187172220343 14.157087445712495
62.21911243894 62.53760735452 0.0109 0.0118 14.1207 "" "" 476308510173728640 1002.52026 0.9663 0.0165 -2.986 3.253 0.012 0.018 1.116 7251.9 4.0664 13.968853 1.14012 14.453232 13.313112 -10.44 5.74 985.273743 1023.08148 48686.17057 13.415 22601.0 24.855 37490.0 26.942 "" "" 0.002771513758287553 0.0030349174 0.0038590843 0.0068940017 62.21911243894 62.53760735452 1002.52026 -2.9860000000000015 3.253 -2.323242960929871 4.153056064128876 0.17066757 0.17666757 4.68125 9.028735 22.613138927156403 23.092599544039565 3.96309128393397 4.290753663089704
60.81219157457 62.37972377641 0.0124 0.0104 31.8123 "" "" 474828189564302976 954.532227 1.0127 0.0157 -0.691 -0.658 0.019 0.016 0.959 6850.2 4.0461 13.979761 1.25434 14.526289 13.271949 "" "" 936.301086 964.786804 48199.45907 7.9527 21130.0 17.934 38938.0 23.185 "" "" 0.002761137656744055 0.002938407 0.0038342755 0.0067726825 60.81219157457 62.37972377641 954.532227 -0.6909999999999998 -0.6580000000000004 -0.028242960929870553 0.2420560641288757 0.17766757 0.17466758 "" "" 1.1026082138937316 "" 0.19263471487738063 ""
62.77783273588 62.71409952226 0.0315 0.048 32.1538 "" "" 476305761394603520 1101.7157 0.8888 0.0513 -0.101 -0.762 0.03 0.048 1.932 "" "" 13.986852 "" "" "" 0.7 5.33 1043.74792 1161.26331 47885.72581 24.128 "" "" "" "" "" "" 0.0028091049057908557 "" "" "" 62.77783273588 62.71409952226 1101.7157 -0.10100000000000003 -0.7620000000000001 0.5617570390701294 0.13805606412887572 0.18866758 0.20666757 15.82125 8.618735 3.0208600607620104 16.10706512898011 0.5731739641784511 8.466480866160005
62.14778248409 62.52260158336 0.0108 0.0102 12.3728 "" "" 476285214270228736 937.885071 1.0326 0.015 -1.207 -5.211 0.012 0.017 1.007 6542.8 3.8571 13.991113 1.405687 14.622351 13.216663 "" "" 925.847717 953.233643 47698.17825 6.8266 19341.0 15.669 40973.0 18.153 "" "" 0.002759698514638526 0.002925534 0.0038098714 0.0067354054 62.14778248409 62.52260158336 937.885071 -1.2070000000000005 -5.211 -0.5442429609298707 -4.310943935871125 0.17066757 0.17566758 "" "" 19.31674725243369 "" 3.39183232485578 ""
62.21251086521 61.74712915209 0.0164 0.0137 36.1753 "" "" 475484323127512576 979.555847 0.9809 0.022 -3.177 2.033 0.022 0.02 1.393 6789.7 4.1075 13.997565 1.222809 14.52643 13.303621 -59.79 6.7 960.84613 997.966431 47415.51558 8.2011 21127.0 17.247 37819.0 17.221 "" "" 0.0027617123409576613 0.0029275664 0.0038115813 0.006739148 62.21251086521 61.74712915209 979.555847 -3.1770000000000027 2.033000000000001 -2.5142429609298707 2.9330560641288757 0.18066758 0.17866758 -44.66875 9.988735 17.937156209327206 48.135629209976116 3.2200322122569363 9.346655906837068
60.90175677242 62.62533122981 0.0104 0.01 33.8372 "" "" 476348092590715904 1030.04993 0.9375 0.0146 3.985 -3.938 0.015 0.016 0.975 "" "" 14.000765 1.086893 14.456839 13.369946 "" "" 1016.617 1042.68481 47276.02128 8.6553 22526.0 16.909 35578.0 18.086 "" "" 0.0027624810564543982 0.0029067637 0.0038194705 0.006726234 60.90175677242 62.62533122981 1030.04993 3.985 -3.938 4.647757039070129 -3.0379439358711244 0.17366758 0.17466758 "" "" 27.109946177137154 "" 4.716250393072959 ""
61.24584008727 62.42067021454 0.0122 0.0115 20.2515 "" "" 476327304949027840 1088.39783 0.8844 0.0169 6.0 -5.754 0.02 0.017 1.045 6291.4 3.8323 14.003179 1.525719 14.708113 13.182394 5.08 2.99 1071.48108 1108.62976 47171.02348 8.7298 17872.0 16.283 42286.0 25.987 "" "" 0.002762637119946933 0.0029603331 0.0038378302 0.006798163 61.24584008727 62.42067021454 1088.39783 6.0 -5.754 6.662757039070129 -4.853943935871124 0.17866758 0.17566758 20.20125 6.2787356 42.52757858299414 47.081689027638355 7.5543078798524315 7.336151904628907
