Clusters/NGC_1502/NGC_1502_stars_in_region.tsv
# %ECSV 1.0
# ---
# datatype:
# - name: RA_ICRS_1
#   unit: deg
#   datatype: float64
#   format: '{:15.11f}'
#   description: Right ascension (ICRS) at Ep=2016.0 (ra)
#   meta: !!omap
#   - {ucd: POS_EQ_RA_MAIN}
#   - {width: 15}
#   - {precision: '11'}
# - name: DE_ICRS_1
#   unit: deg
#   datatype: float64
#   format: '{:15.11f}'
#   description: Declination (ICRS) at Ep=2016.0 (dec)
#   meta: !!omap
#   - {ucd: POS_EQ_DEC_MAIN}
#   - {width: 15}
#   - {precision: '11'}
# - name: e_RA_ICRS
#   unit: mas
#   datatype: float64
#   format: '{:7.4f}'
#   description: Standard error of right ascension (ra_error)
#   meta: !!omap
#   - {ucd: ERROR}
#   - {width: 7}
#   - {precision: '4'}
# - name: e_DE_ICRS
#   unit: mas
#   datatype: float64
#   format: '{:7.4f}'
#   description: Standard error of declination (dec_error)
#   meta: !!omap
#   - {ucd: ERROR}
#   - {width: 7}
#   - {precision: '4'}
# - name: _r_1
#   unit: ''
#   datatype: float64
#   format: '{:7.4f}'
#   description: Distance from center (061.95141558000+62.33749631000)[ICRS], at Epoch=J2016.0
#   meta: !!omap
#   - {ucd: POS_ANG_DIST_GENERAL}
#   - {width: 7}
#   - {precision: '4'}
# - name: HIP
#   datatype: int32
#   description: '? HIP cross-id number, van Leeuwen, Cat. I/311 (hip_original_ext_source_id)'
#   meta: !!omap
#   - {ucd: ID_NUMBER}
#   - {width: 6}
#   - values: {'null': -2147483648}
# - name: TYC2
#   datatype: string
#   description: Tycho-2 cross-id name, Hog et al., Cat. I/259 (tyc2_original_ext_source_id)
#   meta: !!omap
#   - {ucd: ID_CROSSID}
#   - {_votable_string_dtype: char}
# - name: Source
#   datatype: int64
#   description: Source identifier, identical to the Gaia-EDR3 source_id (id)
#   meta: !!omap
#   - {ucd: ID_MAIN}
#   - {width: 19}
# - name: rgeo
#   unit: pc
#   datatype: float64
#   format: '{:15.8f}'
#   description: '? Median of the geometric distance posterior (r_med_geo)'
#   meta: !!omap
#   - {ucd: PHYS_DISTANCE_TRUE}
#   - {width: 15}
#   - {precision: '8'}
#   - values: {'null': .nan}
# - name: Plx
#   unit: mas
#   datatype: float64
#   format: '{:9.4f}'
#   description: '? Parallax (parallax)'
#   meta: !!omap
#   - {ucd: POS_PARLX_TRIG}
#   - {width: 9}
#   - {precision: '4'}
#   - values: {'null': .nan}
# - name: e_Plx
#   unit: mas
#   datatype: float32
#   format: '{:7.4f}'
#   description: '? Standard error of parallax (parallax_error)'
#   meta: !!omap
#   - {ucd: ERROR}
#   - {width: 7}
#   - {precision: '4'}
#   - values: {'null': .nan}
# - name: pmRA
#   unit: mas / yr
#   datatype: float64
#   format: '{:9.3f}'
#   description: '? Proper motion in right ascension direction, pmRA*cosDE (pmra)'
#   meta: !!omap
#   - {ucd: POS_EQ_PMRA}
#   - {width: 9}
#   - {precision: '3'}
#   - values: {'null': .nan}
# - name: pmDE
#   unit: mas / yr
#   datatype: float64
#   format: '{:9.3f}'
#   description: '? Proper motion in declination direction (pmdec)'
#   meta: !!omap
#   - {ucd: POS_EQ_PMDEC}
#   - {width: 9}
#   - {precision: '3'}
#   - values: {'null': .nan}
# - name: e_pmRA
#   unit: mas / yr
#   datatype: float32
#   format: '{:6.3f}'
#   description: '? Standard error of proper motion in right ascension direction (pmra_error)'
#   meta: !!omap
#   - {ucd: ERROR}
#   - {width: 6}
#   - {precision: '3'}
#   - values: {'null': .nan}
# - name: e_pmDE
[...]
#         value: !astropy.table.SerializedColumn {name: SkyCoord.dec}
#       distance: !astropy.table.SerializedColumn
#         __class__: astropy.coordinates.distances.Distance
#         unit: !astropy.units.Unit {unit: pc}
#         value: !astropy.table.SerializedColumn {name: SkyCoord.distance}
#       frame: icrs
#       obstime: !astropy.time.Time {format: jyear_str, in_subfmt: '*', jd1: 367701545.0, jd2: 0.0, out_subfmt: '*', precision: 3, scale: tt}
#       pm_dec: !astropy.table.SerializedColumn
#         __class__: astropy.units.quantity.Quantity
#         unit: !astropy.units.Unit {unit: mas / yr}
#         value: !astropy.table.SerializedColumn {name: SkyCoord.pm_dec}
#       pm_ra_cosdec: !astropy.table.SerializedColumn
#         __class__: astropy.units.quantity.Quantity
#         unit: !astropy.units.Unit {unit: mas / yr}
#         value: !astropy.table.SerializedColumn {name: SkyCoord.pm_ra_cosdec}
#       ra: !astropy.table.SerializedColumn
#         __class__: astropy.coordinates.angles.Longitude
#         unit: *id001
#         value: !astropy.table.SerializedColumn {name: SkyCoord.ra}
#         wrap_angle: !astropy.coordinates.Angle
#           unit: *id001
#           value: 360.0
#       representation_type: spherical
# schema: astropy-2.0
RA_ICRS_1 DE_ICRS_1 e_RA_ICRS e_DE_ICRS _r_1 HIP TYC2 Source rgeo Plx e_Plx pmRA pmDE e_pmRA e_pmDE RUWE Teff logg Gmag BP-RP BPmag RPmag RV e_RV b_rgeo B_rgeo FG e_FG FBP e_FBP FRP e_FRP RAVE5 RAVE6 e_Gmag e_BPmag e_RPmag e_BP-RP SkyCoord.ra SkyCoord.dec SkyCoord.distance SkyCoord.pm_ra_cosdec SkyCoord.pm_dec rmRA rmDE e_rmRA e_rmDE rRV e_rRV v_pec v_pec3d e_vpec e_vpec3d
[from data line 838]
61.53487479357 62.81032065644 0.0474 0.0462 30.6159 "" "" 476353452709746304 1147.60364 0.8409 0.0652 4.423 -2.697 0.048 0.066 1.081 4437.8 4.3563 16.925634 1.952009 17.893272 15.941263 "" "" 1083.22595 1225.66418 3196.63254 1.66 950.84 8.4856 3331.6 10.816 "" "" 0.0028124155494385922 0.0100831855 0.0051679933 0.015251178 61.53487479357 62.81032065644 1147.60364 4.423 -2.697 5.085757039070129 -1.7969439358711243 0.20666757 0.22466758 "" "" 29.34076748293747 "" 6.124647604926174 ""
63.05183378301 62.06406995409 0.0484 0.042 34.8894 "" "" 475472194140835968 1260.20203 0.7686 0.0669 0.138 0.33 0.077 0.065 1.026 5334.6 4.6517 16.926111 1.665909 17.720407 16.054499 "" "" 1158.33496 1346.95361 3195.23191 1.8979 1114.9 6.9504 3001.6 9.385 "" "" 0.0028297863693920434 0.0073211235 0.0050801523 0.012401275 63.05183378301 62.06406995409 1260.20203 0.13800000000000007 0.33 0.8007570390701294 1.2300560641288758 0.23566759 0.22366758 "" "" 8.76731363221688 "" 1.9928595288769042 ""
63.10632913883 62.60476647942 0.0425 0.0382 35.8174 "" "" 475551290256800000 1224.76257 0.7987 0.0547 4.103 -2.48 0.04 0.052 0.988 4837.0 4.3491 16.928661 1.715597 17.74858 16.032984 "" "" 1148.474 1331.37073 3187.73369 1.3876 1086.4 9.1829 3061.7 8.3487 "" "" 0.00279555958087972 0.009592064 0.004800928 0.014392992 63.10632913883 62.60476647942 1224.76257 4.103 -2.4799999999999995 4.765757039070129 -1.5799439358711242 0.19866759 0.21066758 "" "" 29.147757876237332 "" 5.826286823026209 ""
60.89402275779 62.3923011239 0.0499 0.0436 29.6104 "" "" 474829632673298688 1060.84155 0.9281 0.0673 -0.793 -0.96 0.09 0.065 1.01 4276.4 4.2181 16.928804 2.134755 18.036644 15.901889 "" "" 1009.08405 1150.39062 3187.31591 6.7127 833.22 11.084 3454.6 18.898 "" "" 0.003580569598396413 0.014710162 0.007039898 0.021750059 60.89402275779 62.3923011239 1060.84155 -0.793 -0.96 -0.13024296092987064 -0.05994393587112423 0.24866758 0.22366758 "" "" 0.7209472589967285 "" 0.1762586486693096 ""
61.38569678508 62.12168054382 0.0456 0.0404 20.4399 "" "" 474760294721794816 976.868896 1.0095 0.0626 -2.404 -4.657 0.068 0.06 0.974 4778.5 4.6555 16.931019 1.802992 17.809992 16.007 "" "" 916.717651 1051.69983 3180.81834 1.9445 1026.6 9.5423 3135.9 8.2488 "" "" 0.0028341366985464665 0.0104705775 0.0047371155 0.015207693 61.38569678508 62.12168054382 976.868896 -2.404 -4.657 -1.7412429609298705 -3.7569439358711243 0.22666758 0.21866758 "" "" 19.173573342912984 "" 4.220167516274413 ""
60.94044855691 62.68492030428 0.0397 0.0399 34.9054 "" "" 476348539267283584 878.649963 1.0952 0.0552 1.749 -7.073 0.048 0.061 1.015 4911.5 4.6625 16.945898 1.704535 17.709108 16.004574 "" "" 839.29187 916.143921 3137.52638 1.672 1126.6 6.6854 3142.9 24.83 "" "" 0.0028154145870796536 0.00702112 0.009373395 0.016394515 60.94044855691 62.68492030428 878.649963 1.7490000000000003 -7.073000000000005 2.4117570390701295 -6.172943935871125 0.20666757 0.21966758 "" "" 27.601605573865786 "" 6.016888647306021 ""
61.3700799473 61.8549859773 0.046 0.0402 33.2351 "" "" 474752254543084672 1217.04138 0.7993 0.0603 -0.855 -0.02 0.063 0.058 1.0 5002.4 4.668 16.946156 1.651953 17.730225 16.078272 "" "" 1144.62781 1327.52209 3136.78193 1.9389 1104.9 8.2864 2936.6 8.998 "" "" 0.0028358740242775266 0.008607453 0.0050350036 0.013642456 61.3700799473 61.8549859773 1217.04138 -0.855 -0.02000000000000002 -0.1922429609298706 0.8800560641288757 0.22166759 0.21666758 "" "" 5.196562833514312 "" 1.1271230763631512 ""
62.69417471302 62.17882783008 0.0466 0.0443 22.8247 "" "" 475523183991357824 1145.50732 0.8574 0.0633 -1.387 -3.813 0.082 0.073 0.984 "" "" 16.949543 2.027457 17.973942 15.946485 "" "" 1066.14832 1282.01392 3127.01415 2.1038 882.75 10.762 3315.6 9.6887 "" "" 0.0028505029941061325 0.013527569 0.0049345405 0.01846211 62.69417471302 62.17882783008 1145.50732 -1.387 -3.8130000000000006 -0.7242429609298706 -2.9129439358711244 0.24066758 0.23166758 "" "" 16.29795327845676 "" 3.7844026908728448 ""
62.55626431514 61.78941625619 0.0493 0.0422 37.0196 "" "" 475443812995910016 915.022156 1.0602 0.0668 7.532 -8.585 0.068 0.068 0.91 4506.2 4.4526 16.949915 1.773737 17.82108 16.047342 "" "" 863.001282 972.758484 3125.9436 2.0985 1016.2 7.248 3021.5 7.3568 "" "" 0.002850095776493073 0.008231283 0.0046121776 0.012843461 62.55626431514 61.78941625619 915.022156 7.531999999999995 -8.584999999999994 8.19475703907013 -7.684943935871125 0.22666758 0.22666758 "" "" 48.72602402497147 "" 11.04461009439151 ""
61.36053397018 62.13767271898 0.0505 0.0412 20.4073 "" "" 474772114471792128 881.015564 1.1252 0.0656 25.865 -7.641 0.077 0.063 1.006 4682.7 4.3926 16.95623 1.688133 17.76377 16.075636 "" "" 833.067505 922.608521 3107.81018 1.8743 1071.3 10.429 2943.8 9.4696 "" "" 0.0028320580776322723 0.010931609 0.005146058 0.016077667 61.36053397018 62.13767271898 881.015564 25.86500000000001 -7.640999999999998 26.527757039070128 -6.740943935871124 0.23566759 0.22166759 "" "" 114.30095420247535 "" 26.842687062138033 ""
63.0193447615 62.15667124179 0.0458 0.0435 31.7484 "" "" 475520710090162304 1231.09741 0.7912 0.0648 -1.629 3.014 0.066 0.066 1.04 5327.2 4.6385 16.958511 1.695341 17.762897 16.067556 "" "" 1126.3064 1341.75415 3101.28978 2.0117 1072.2 9.4607 2965.8 9.2741 "" "" 0.00284390562734838 0.009978181 0.0050804056 0.015058586 63.0193447615 62.15667124179 1231.09741 -1.629 3.0140000000000002 -0.9662429609298706 3.9140560641288755 0.22466758 0.22466758 "" "" 23.525760809002456 "" 5.285475723577149 ""
62.20948662263 62.12353059867 0.048 0.0418 14.7261 "" "" 475513047869671040 967.215271 0.9902 0.0657 -0.479 -1.062 0.078 0.061 0.973 4535.5 4.3661 16.960104 2.165855 17.864021 15.698166 "" "" 911.232971 1025.03198 3096.74147 4.2028 976.81 29.473 4167.7 84.248 "" "" 0.003124591314519674 0.0328782 0.022270648 0.055148847 62.20948662263 62.12353059867 967.215271 -0.4789999999999994 -1.0619999999999996 0.1837570390701294 -0.16194393587112432 0.23666757 0.21966758 "" "" 1.1229228579745214 "" 0.25758844169215855 ""
61.68201479843 62.86249738426 0.0451 0.0455 32.3664 "" "" 476355067617401728 1059.95898 0.9164 0.0635 -1.391 -8.742 0.045 0.065 0.99 5012.8 4.6351 16.960846 1.649507 17.742235 16.092728 "" "" 1005.20697 1128.90698 3094.62538 1.5156 1092.8 7.8029 2897.8 10.156 "" "" 0.0028061608552835344 0.008239279 0.005363147 0.013602425 61.68201479843 62.86249738426 1059.95898 -1.3910000000000005 -8.742000000000003 -0.7282429609298706 -7.841943935871125 0.20366758 0.22366758 "" "" 39.56906304918934 "" 8.843850153375753 ""
62.62285350211 62.3234832461 0.3188 0.3288 18.7266 "" "" 475539745386357888 1147.55664 1.4936 0.4973 0.034 1.995 0.393 0.474 7.879 "" "" 16.963842 1.796782 17.369123 15.572341 "" "" 764.884583 1865.17651 3086.10124 6.4032 1540.9 7.4119 4679.7 9.5908 "" "" 0.003559020991269761 0.005921121 0.004385779 0.0103069 62.62285350211 62.3234832461 1147.55664 0.03400000000000003 1.995 0.6967570390701294 2.895056064128876 0.5516676 0.6326676 "" "" 16.19706845390085 "" 10.179904961844871 ""
62.58014971827 62.76207111535 0.0478 0.0408 30.8438 "" "" 476318405776985472 1252.31836 0.7832 0.0617 1.899 -3.813 0.046 0.06 1.028 5016.7 4.6339 16.964464 1.766779 17.816746 16.049967 "" "" 1174.02686 1348.30566 3084.32975 1.4873 1020.3 6.0463 3014.2 7.1832 "" "" 0.0028046210037709104 0.007013014 0.004580237 0.011593251 62.58014971827 62.76207111535 1252.31836 1.899 -3.8130000000000033 2.5617570390701294 -2.9129439358711244 0.20466758 0.21866758 "" "" 23.026619971323264 "" 4.897193584450961 ""
61.66644223266 61.79379197731 0.0472 0.0389 33.5911 "" "" 473999054718939904 1055.18762 0.9107 0.0595 -0.667 -1.061 0.066 0.057 0.967 5061.8 4.566 16.965141 2.015007 17.99346 15.978453 "" "" 1000.45703 1107.99805 3082.41082 4.7094 867.03 8.9147 3219.4 14.17 "" "" 0.003216127239837153 0.011506814 0.006092675 0.01759949 61.66644223266 61.79379197731 1055.18762 -0.667 -1.061 -0.004242960929870643 -0.1609439358711242 0.22466758 0.21566758 "" "" 0.8052551535604544 "" 0.1736725650758657 ""
61.91460591982 62.40440225668 0.0458 0.0425 4.143 "" "" 476282706009088384 911.046997 1.0771 0.0623 3.266 -8.076 0.073 0.064 0.977 4781.9 4.6169 16.965334 1.77499 17.83066 16.05567 "" "" 859.982483 966.716431 3081.86436 1.8451 1007.3 7.1115 2998.4 9.9789 "" "" 0.0028309579925856953 0.008157279 0.0052288114 0.013386091 61.91460591982 62.40440225668 911.046997 3.266000000000004 -8.076 3.9287570390701294 -7.175943935871125 0.23166758 0.22266757 "" "" 35.3286688987159 "" 7.9410055776656545 ""
61.17891130501 62.1491208565 0.0498 0.0409 24.3659 "" "" 474772836027349888 1262.73816 0.7601 0.0644 -4.903 -1.56 0.077 0.066 0.973 5354.9 4.6908 16.965982 1.597141 17.711454 16.114313 "" "" 1162.3385 1395.84485 3080.02128 2.0487 1124.2 8.2972 2840.8 8.4272 "" "" 0.0028483928498300786 0.008485181 0.0049656252 0.013450807 61.17891130501 62.1491208565 1262.73816 -4.903 -1.5599999999999998 -4.24024296092987 -0.6599439358711243 0.23566759 0.22466758 "" "" 25.685008035440802 "" 6.046594208203737 ""
62.13997138314 61.98623664548 0.0448 0.0393 21.7276 "" "" 475508340584042368 1123.72046 0.8807 0.0602 2.638 -0.597 0.064 0.056 0.998 4671.2 4.388 16.972551 1.62957 17.732054 16.102484 "" "" 1045.67322 1225.9425 3061.44496 1.7407 1103.1 8.6196 2871.9 17.148 "" "" 0.0028236312543498017 0.008930955 0.007504103 0.016435057 62.13997138314 61.98623664548 1123.72046 2.638 -0.597 3.3007570390701293 0.30305606412887576 0.22266757 0.21466759 "" "" 17.655215792763343 "" 3.9300844346387014 ""
62.26134887048 61.87921779782 0.0462 0.0408 28.8399 "" "" 475494871567125760 1169.27051 0.842 0.0623 9.492 -5.993 0.066 0.061 1.037 4744.1 4.3334 16.972855 1.779812 17.837519 16.057707 "" "" 1087.28918 1273.54626 3060.59087 1.8428 1000.9 8.5652 2992.8 7.9934 "" "" 0.002831810375345304 0.009701091 0.0047637126 0.014464803 62.26134887048 61.87921779782 1169.27051 9.492000000000004 -5.992999999999997 10.15475703907013 -5.092943935871125 0.22466758 0.21966758 "" "" 62.96285382033363 "" 14.083005281118314 ""
61.37921281235 62.14783670432 0.0511 0.043 19.6253 "" "" 476273325800662528 855.037109 1.1373 0.07 9.033 -1.408 0.078 0.066 1.055 4524.8 4.396 16.98811 1.711319 17.80969 16.098372 "" "" 812.968933 905.772888 3017.88529 2.075 1026.9 7.8959 2882.8 8.2183 "" "" 0.0028546588157013953 0.008802219 0.004885092 0.013687311 61.37921281235 62.14783670432 855.037109 9.033 -1.408 9.695757039070129 -0.5079439358711242 0.23666757 0.22466758 "" "" 39.34958718486848 "" 9.311511589053248 ""
62.65881797477 62.60627603207 0.0463 0.0408 25.3946 "" "" 476298408409325440 988.943726 0.9914 0.0631 7.18 -6.563 0.043 0.057 0.956 4683.1 4.4816 16.988405 1.749289 17.839958 16.09067 "" "" 941.380066 1041.09937 3017.06562 1.9209 998.7 9.548 2903.3 9.5539 "" "" 0.002840710496540667 0.010748562 0.005200854 0.015949417 62.65881797477 62.60627603207 988.943726 7.179999999999993 -6.56299999999999 7.842757039070129 -5.662943935871124 0.20166758 0.21566758 "" "" 45.34571682968553 "" 9.367166427184076 ""
63.19613407888 62.36706625515 0.0464 0.0474 34.7003 "" "" 475531842645267200 889.350342 1.0809 0.0681 1.76 1.504 0.05 0.066 0.973 4841.0 4.6842 16.989567 1.745203 17.83899 16.093786 "" "" 836.263 951.531738 3013.83983 1.5945 999.59 6.9288 2895.0 6.7623 "" "" 0.0028145597128707302 0.008026501 0.0045514437 0.012577945 63.19613407888 62.36706625515 889.350342 1.7600000000000007 1.5040000000000007 2.422757039070129 2.4040560641288757 0.20866758 0.22466758 "" "" 14.387984551335075 "" 3.1186426000055163 ""
62.74759085703 62.33997890043 0.044 0.0384 22.1775 "" "" 475538061757591936 1092.72156 0.8946 0.0561 2.255 2.191 0.05 0.057 0.959 4611.3 4.3885 16.990395 1.67251 17.792894 16.120384 "" "" 1028.58398 1150.6665 3011.54062 1.6511 1042.9 6.8774 2824.9 9.2402 "" "" 0.0028188876490875788 0.007684333 0.0051861685 0.012870502 62.74759085703 62.33997890043 1092.72156 2.2549999999999986 2.190999999999999 2.9177570390701293 3.0910560641288756 0.20866758 0.21566758 "" "" 22.01618663708737 "" 4.6761948310195605 ""
62.36728785414 61.77732642736 0.0535 0.0432 35.5857 "" "" 475490404801168128 1085.89563 0.9036 0.0678 0.569 -3.346 0.073 0.064 0.894 4802.9 4.3842 16.991423 1.67794 17.797558 16.119617 "" "" 1012.78107 1163.03455 3008.6927 1.8014 1038.5 7.1294 2826.9 7.0473 "" "" 0.0028309668937822525 0.007958794 0.004648638 0.012607432 62.36728785414 61.77732642736 1085.89563 0.5689999999999992 -3.345999999999997 1.2317570390701293 -2.4459439358711244 0.23166758 0.22266757 "" "" 14.095913046861265 "" 3.1647776086801263 ""
62.59893702908 62.57043048291 0.0433 0.0408 22.7627 "" "" 476297686854847872 1167.87976 0.8232 0.0611 -2.724 0.817 0.042 0.055 0.986 4736.4 4.3968 16.992699 1.684607 17.799286 16.11468 "" "" 1091.02893 1260.32764 3005.1566 1.6789 1036.8 7.1128 2839.8 9.6626 "" "" 0.002821297297785127 0.0079539595 0.0052850237 0.013238983 62.59893702908 62.57043048291 1167.87976 -2.724 0.8170000000000004 -2.061242960929871 1.7170560641288757 0.20066758 0.21366757 "" "" 14.85088543496255 "" 3.0606524740554204 ""
60.98574476187 62.61392434623 0.0462 0.0481 31.4958 "" "" 476345133355020672 974.960571 1.0254 0.0657 0.067 3.8 0.06 0.071 1.048 "" "" 16.992838 2.032095 18.04984 16.017746 "" "" 906.600769 1049.62268 3004.77414 4.1713 823.15 19.709 3105.0 19.123 "" "" 0.0031406332542840915 0.026145507 0.0076809567 0.033826463 60.98574476187 62.61392434623 974.960571 0.06699999999999817 3.8 0.7297570390701293 4.7000560641288756 0.21866758 0.22966757 "" "" 21.980683165093183 "" 5.042691767588329 ""
61.18986002754 62.77706450061 0.0586 0.0562 33.7493 "" "" 476351047528114688 976.729431 0.9976 0.0794 11.717 19.668 0.061 0.08 1.343 4746.0 4.3788 16.998919 2.017642 17.992361 15.974719 "" "" 910.460449 1040.1145 2987.99196 3.3808 867.9 9.1225 3230.5 9.3755 "" "" 0.0030167742142405978 0.011748312 0.004920625 0.016668938 61.18986002754 62.77706450061 976.729431 11.717000000000002 19.668 12.37975703907013 20.568056064128875 0.21966758 0.23866758 "" "" 111.14199152984028 "" 25.981176798107317 ""
