Clusters/NGC_1502/NGC_1502_members.tsv
# %ECSV 1.0
# ---
# datatype:
# - name: RA_ICRS_1
#   unit: deg
#   datatype: float64
#   format: '{:15.11f}'
#   description: Right ascension (ICRS) at Ep=2016.0 (ra)
#   meta: !!omap
#   - {ucd: POS_EQ_RA_MAIN}
#   - {width: 15}
#   - {precision: '11'}
# - name: DE_ICRS_1
#   unit: deg
#   datatype: float64
#   format: '{:15.11f}'
#   description: Declination (ICRS) at Ep=2016.0 (dec)
#   meta: !!omap
#   - {ucd: POS_EQ_DEC_MAIN}
#   - {width: 15}
#   - {precision: '11'}
# - name: e_RA_ICRS
#   unit: mas
#   datatype: float64
#   format: '{:7.4f}'
#   description: Standard error of right ascension (ra_error)
#   meta: !!omap
#   - {ucd: ERROR}
#   - {width: 7}
#   - {precision: '4'}
# - name: e_DE_ICRS
#   unit: mas
#   datatype: float64
#   format: '{:7.4f}'
#   description: Standard error of declination (dec_error)
#   meta: !!omap
#   - {ucd: ERROR}
#   - {width: 7}
#   - {precision: '4'}
# - name: _r_1
#   unit: ''
#   datatype: float64
#   format: '{:7.4f}'
#   description: Distance from center (061.95141558000+62.33749631000)[ICRS], at Epoch=J2016.0
#   meta: !!omap
#   - {ucd: POS_ANG_DIST_GENERAL}
#   - {width: 7}
#   - {precision: '4'}
# - name: HIP
#   datatype: int32
#   description: '? HIP cross-id number, van Leeuwen, Cat. I/311 (hip_original_ext_source_id)'
#   meta: !!omap
#   - {ucd: ID_NUMBER}
#   - {width: 6}
#   - values: {'null': -2147483648}
# - name: TYC2
#   datatype: string
#   description: Tycho-2 cross-id name, Hog et al., Cat. I/259 (tyc2_original_ext_source_id)
#   meta: !!omap
#   - {ucd: ID_CROSSID}
#   - {_votable_string_dtype: char}
# - name: Source
#   datatype: int64
#   description: Source identifier, identical to the Gaia-EDR3 source_id (id)
#   meta: !!omap
#   - {ucd: ID_MAIN}
#   - {width: 19}
# - name: rgeo
#   unit: pc
#   datatype: float64
#   format: '{:15.8f}'
#   description: '? Median of the geometric distance posterior (r_med_geo)'
#   meta: !!omap
#   - {ucd: PHYS_DISTANCE_TRUE}
#   - {width: 15}
#   - {precision: '8'}
#   - values: {'null': .nan}
# - name: Plx
#   unit: mas
#   datatype: float64
#   format: '{:9.4f}'
#   description: '? Parallax (parallax)'
#   meta: !!omap
#   - {ucd: POS_PARLX_TRIG}
#   - {width: 9}
#   - {precision: '4'}
#   - values: {'null': .nan}
# - name: e_Plx
#   unit: mas
#   datatype: float32
#   format: '{:7.4f}'
#   description: '? Standard error of parallax (parallax_error)'
#   meta: !!omap
#   - {ucd: ERROR}
#   - {width: 7}
#   - {precision: '4'}
#   - values: {'null': .nan}
# - name: pmRA
#   unit: mas / yr
#   datatype: float64
#   format: '{:9.3f}'
#   description: '? Proper motion in right ascension direction, pmRA*cosDE (pmra)'
#   meta: !!omap
#   - {ucd: POS_EQ_PMRA}
#   - {width: 9}
#   - {precision: '3'}
#   - values: {'null': .nan}
# - name: pmDE
#   unit: mas / yr
#   datatype: float64
#   format: '{:9.3f}'
#   description: '? Proper motion in declination direction (pmdec)'
#   meta: !!omap
#   - {ucd: POS_EQ_PMDEC}
#   - {width: 9}
#   - {precision: '3'}
#   - values: {'null': .nan}
# - name: e_pmRA
#   unit: mas / yr
#   datatype: float32
#   format: '{:6.3f}'
#   description: '? Standard error of proper motion in right ascension direction (pmra_error)'
#   meta: !!omap
#   - {ucd: ERROR}
#   - {width: 6}
#   - {precision: '3'}
#   - values: {'null': .nan}
# - name: e_pmDE
[...]
#         unit: &id001 !astropy.units.Unit {unit: deg}
#         value: !astropy.table.SerializedColumn {name: SkyCoord.dec}
#       distance: !astropy.table.SerializedColumn
#         __class__: astropy.coordinates.distances.Distance
#         unit: !astropy.units.Unit {unit: pc}
#         value: !astropy.table.SerializedColumn {name: SkyCoord.distance}
#       frame: icrs
#       obstime: !astropy.time.Time {format: jyear_str, in_subfmt: '*', jd1: 367701545.0, jd2: 0.0, out_subfmt: '*', precision: 3, scale: tt}
#       pm_dec: !astropy.table.SerializedColumn
#         __class__: astropy.units.quantity.Quantity
#         unit: !astropy.units.Unit {unit: mas / yr}
#         value: !astropy.table.SerializedColumn {name: SkyCoord.pm_dec}
#       pm_ra_cosdec: !astropy.table.SerializedColumn
#         __class__: astropy.units.quantity.Quantity
#         unit: !astropy.units.Unit {unit: mas / yr}
#         value: !astropy.table.SerializedColumn {name: SkyCoord.pm_ra_cosdec}
#       ra: !astropy.table.SerializedColumn
#         __class__: astropy.coordinates.angles.Longitude
#         unit: *id001
#         value: !astropy.table.SerializedColumn {name: SkyCoord.ra}
#         wrap_angle: !astropy.coordinates.Angle
#           unit: *id001
#           value: 360.0
#       representation_type: spherical
# schema: astropy-2.0
RA_ICRS_1 DE_ICRS_1 e_RA_ICRS e_DE_ICRS _r_1 HIP TYC2 Source rgeo Plx e_Plx pmRA pmDE e_pmRA e_pmDE RUWE Teff logg Gmag BP-RP BPmag RPmag RV e_RV b_rgeo B_rgeo FG e_FG FBP e_FBP FRP e_FRP RAVE5 RAVE6 e_Gmag e_BPmag e_RPmag e_BP-RP SkyCoord.ra SkyCoord.dec SkyCoord.distance SkyCoord.pm_ra_cosdec SkyCoord.pm_dec Pmemb
[from data line 40]
61.99169034862 62.34122804596 0.0097 0.0091 1.1439 "" "" 476270542661723008 1001.09839 0.9617 0.0137 -0.387 -0.936 0.016 0.015 1.085 "" "" 13.34464 1.392697 13.966497 12.5738 "" "" 988.330811 1017.86829 86514.87039 25.922 35385.0 53.582 74069.0 92.644 "" "" 0.0027744581923260705 0.0032385276 0.0040159603 0.007254488 61.99169034862 62.34122804596 1001.09839 -0.3870000000000001 -0.9360000000000002 1.0
61.89945090393 62.2675016653 0.0107 0.009 4.4427 "" "" 476269168272235776 1019.91321 0.9471 0.0147 -0.461 -1.053 0.019 0.014 1.089 "" "" 13.376409 1.011165 13.791165 12.780001 "" "" 1006.56146 1035.75659 84020.14759 15.607 41586.0 31.35 61257.0 31.361 "" "" 0.002762691395734408 0.0029077446 0.003820039 0.006727784 61.89945090393 62.2675016653 1019.91321 -0.4609999999999999 -1.053 1.0
61.99084331686 62.43492260332 0.0094 0.0095 5.9475 "" "" 476284320916769024 1002.44495 0.9605 0.0137 -0.568 -0.79 0.012 0.015 0.985 9249.7 4.1893 13.3928 0.929127 13.768706 12.83958 "" "" 990.369141 1017.16656 82761.18598 11.091 42456.0 26.664 57986.0 23.894 "" "" 0.002759159323386271 0.0028722838 0.0038057705 0.006678054 61.99084331686 62.43492260332 1002.44495 -0.5680000000000002 -0.7900000000000001 1.0
62.03842607152 62.29465467588 0.0094 0.0085 3.5342 "" "" 476269443150112256 1033.21094 0.9357 0.0131 -0.441 -0.775 0.015 0.013 1.027 9252.4 4.1295 13.400018 0.967082 13.794063 12.826981 "" "" 1017.60638 1046.9541 82212.83043 10.815 41476.0 23.82 58663.0 27.499 "" "" 0.002759019579590001 0.0028589962 0.003813497 0.006672493 62.03842607152 62.29465467588 1033.21094 -0.44100000000000017 -0.7749999999999998 1.0
62.0734570601 62.44227426373 0.0093 0.0092 7.1442 "" "" 476272638605709952 1032.302 0.9297 0.0135 -0.5 -0.857 0.012 0.015 0.98 9132.2 4.1656 13.423807 0.927047 13.798778 12.871731 "" "" 1021.42487 1049.21191 80431.11306 12.735 41296.0 22.689 56295.0 18.187 "" "" 0.002760677848747816 0.0028532255 0.0037956242 0.0066488497 62.0734570601 62.44227426373 1032.302 -0.5 -0.857 1.0
62.04917544581 62.34376913409 0.0119 0.0106 2.7488 "" "" 476269855466946816 1040.81531 0.9332 0.0165 -0.407 -1.023 0.021 0.017 1.128 9247.5 4.1706 13.474093 0.994872 13.88257 12.887698 "" "" 1014.37079 1056.30188 76790.81918 11.993 38229.0 26.799 55473.0 31.412 "" "" 0.002760533022720083 0.0028921175 0.0038290618 0.006721179 62.04917544581 62.34376913409 1040.81531 -0.4069999999999998 -1.023 1.0
61.97682183097 62.22011651925 0.011 0.0094 7.0784 "" "" 476265766658330240 995.541443 0.9721 0.0155 -0.755 -1.038 0.02 0.015 0.977 9250.6 4.1742 13.557037 1.01372 13.97471 12.960991 "" "" 981.378601 1016.32587 71142.93086 10.762 35118.0 24.447 51852.0 22.946 "" "" 0.0027602110428928245 0.0028907293 0.0038098001 0.0067005297 61.97682183097 62.22011651925 995.541443 -0.7550000000000001 -1.0379999999999998 1.0
62.16085024401 62.42212472675 0.0101 0.0094 7.728 "" "" 476272703025304064 1062.90552 0.9093 0.0142 -0.42 -0.953 0.012 0.015 0.971 "" "" 13.601115 0.956027 13.99008 13.034053 "" "" 1047.8877 1074.66321 68312.59368 9.5464 34625.0 19.783 48477.0 20.647 "" "" 0.0027594946128768165 0.0028582974 0.0038075673 0.006665865 62.16085024401 62.42212472675 1062.90552 -0.42 -0.953 1.0
62.08601248449 62.11085640473 0.011 0.01 14.1096 "" "" 475513631983716096 1077.4519 0.8947 0.0155 -0.596 -0.897 0.018 0.014 1.128 6988.9 3.8972 13.643394 1.353839 14.245397 12.891558 "" "" 1061.48865 1092.63977 65703.63515 10.258 27369.0 19.688 55276.0 25.746 "" "" 0.002760529540949411 0.0028974218 0.0038130651 0.006710487 62.08601248449 62.11085640473 1077.4519 -0.5959999999999999 -0.8969999999999998 1.0
61.87493372955 62.24250149283 0.0113 0.0097 6.086 "" "" 476263052238818048 1003.88776 0.9605 0.0156 -0.599 -0.778 0.019 0.015 1.038 "" "" 13.661478 1.109409 14.128802 13.019393 "" "" 990.721924 1020.0304 64618.3131 15.317 30472.0 28.621 49136.0 28.2 "" "" 0.002767313495646915 0.0029706913 0.0038304059 0.006801097 61.87493372955 62.24250149283 1003.88776 -0.5990000000000001 -0.778 1.0
61.89408801523 62.37030599382 0.0105 0.01 2.5343 "" "" 476282224972768384 1010.66754 0.9566 0.0144 -0.715 -1.26 0.018 0.016 1.113 8783.9 4.268 13.678179 1.203512 14.195504 12.991992 "" "" 995.637756 1024.27148 63631.92785 11.776 28656.0 27.121 50392.0 25.552 "" "" 0.002762636908155825 0.0029733758 0.0038192696 0.0067926454 61.89408801523 62.37030599382 1010.66754 -0.715 -1.26 1.0
62.04400059981 62.28867597164 0.0111 0.0096 3.9042 "" "" 476266488212614272 1007.62909 0.9572 0.0153 -0.745 -0.986 0.018 0.014 1.04 "" "" 13.680995 1.066917 14.127258 13.060341 "" "" 991.164307 1028.85144 63467.11003 15.523 30515.0 40.682 47318.0 31.049 "" "" 0.0027680873908532914 0.003143287 0.0038459448 0.006989232 62.04400059981 62.28867597164 1007.62909 -0.7450000000000001 -0.9859999999999999 1.0
61.74126332532 62.37626403026 0.0137 0.0135 6.2956 "" "" 476277277170464256 1059.17786 0.915 0.0194 -0.544 -0.83 0.024 0.02 1.442 9597.2 4.3674 13.722661 1.077534 14.15729 13.079757 "" "" 1036.12598 1078.09009 61077.64244 21.875 29683.0 28.989 46479.0 35.022 "" "" 0.0027826245340545645 0.0029848607 0.0038669135 0.006851774 61.74126332532 62.37626403026 1059.17786 -0.544 -0.83 1.0
61.95212445965 62.32921268027 0.0115 0.0113 0.4974 "" "" 476270508301995776 998.520691 0.9703 0.0168 -0.308 -0.954 0.021 0.016 0.959 9182.5 4.2586 13.776523 1.080608 14.221344 13.140736 "" "" 983.931396 1010.94586 58121.61835 10.769 27982.0 49.065 43940.0 99.081 "" "" 0.0027626542574849073 0.0033777857 0.0045030685 0.007880854 61.95212445965 62.32921268027 998.520691 -0.308 -0.9540000000000002 1.0
61.70147722546 62.40613226414 0.0111 0.0102 8.0821 "" "" 476277616467818624 1022.42102 0.9425 0.0144 -0.544 -0.841 0.02 0.016 1.001 7222.4 3.9705 13.803016 1.320086 14.386373 13.066288 "" "" 1007.55322 1036.68091 56720.5522 10.077 24036.0 21.449 47059.0 25.537 "" "" 0.0027620638801579135 0.0029536034 0.0038250315 0.006778635 61.70147722546 62.40613226414 1022.42102 -0.5440000000000002 -0.8410000000000002 1.0
61.86768913069 62.336653657 0.0117 0.0108 2.3328 "" "" 476270439582529792 1016.7674 0.9472 0.0162 -0.522 -0.878 0.021 0.016 1.01 "" "" 13.886493 1.591001 14.627083 13.036081 6.3 4.09 1000.49615 1032.05896 52523.01285 24.475 19257.0 46.799 48387.0 68.948 "" "" 0.0028013858635871636 0.0038402104 0.004083777 0.007923987 61.86768913069 62.336653657 1016.7674 -0.522 -0.8779999999999999 1.0
61.86026352242 62.4085887357 0.0118 0.0108 4.9625 "" "" 476282568570139264 998.335693 0.9646 0.0162 -1.198 -1.378 0.019 0.017 1.036 "" "" 14.031487 1.219759 14.558621 13.338862 "" "" 981.487122 1017.72675 45957.01191 7.4866 20510.0 21.44 36611.0 22.696 "" "" 0.00276099127663185 0.0030121752 0.0038388479 0.006851023 61.86026352242 62.4085887357 998.335693 -1.198 -1.3779999999999994 0.8
61.93409800673 62.29426142073 0.0129 0.0116 2.6386 "" "" 476269271351436160 1053.36877 0.9177 0.0176 -0.81 -0.979 0.02 0.018 1.049 7622.4 4.1033 14.097818 1.392219 14.72207 13.32985 "" "" 1036.63525 1069.79797 43233.3959 8.2018 17644.0 20.519 36916.0 22.341 "" "" 0.0027630083302473962 0.0030625702 0.0038360748 0.0068986453 61.93409800673 62.29426142073 1053.36877 -0.8099999999999999 -0.979 1.0
62.09944153469 62.31289001208 0.0136 0.0122 4.3813 "" "" 476266625651784832 1055.95081 0.9163 0.0198 -0.554 -0.795 0.022 0.019 1.066 6164.1 3.7404 14.217222 1.616877 14.976156 13.35928 -4.38 5.01 1033.84058 1079.96143 38730.93833 20.778 13962.0 26.722 35929.0 51.356 "" "" 0.0028162129113877615 0.0034789557 0.0040856083 0.0075645642 62.09944153469 62.31289001208 1055.95081 -0.5540000000000003 -0.7950000000000004 1.0
62.03749928645 62.25993855673 0.013 0.0117 5.2364 "" "" 476266385133414400 979.130798 0.9847 0.0184 -0.724 -0.737 0.02 0.017 1.023 5756.4 3.5805 14.219584 1.762281 15.070433 13.308151 -11.31 10.42 960.205383 995.954712 38646.7577 50.3 12801.0 62.501 37661.0 156.41 "" "" 0.003096562445601809 0.0059905667 0.0058835684 0.011874136 62.03749928645 62.25993855673 979.130798 -0.7239999999999999 -0.7369999999999997 1.0
62.08207882747 62.40904079694 0.0125 0.0128 5.6252 "" "" 476272260648600832 993.361938 0.9736 0.0185 -0.705 -0.872 0.016 0.021 1.022 5973.7 3.9856 14.234514 1.457453 14.897857 13.440404 -7.34 4.85 976.555298 1009.29877 38118.97461 11.194 15006.0 17.594 33342.0 27.535 "" "" 0.0027737062361778845 0.003066846 0.0038842873 0.0069511333 62.08207882747 62.40904079694 993.361938 -0.7050000000000001 -0.8719999999999999 1.0
61.97016278846 62.2609025279 0.0154 0.0139 4.6253 "" "" 476266041536036864 1045.90149 0.9192 0.0215 -0.24 -0.793 0.025 0.021 1.181 7255.9 4.0539 14.283081 1.454822 14.941387 13.486565 "" "" 1026.85828 1068.05994 36451.40007 7.9802 14417.0 22.132 31955.0 18.839 "" "" 0.0027655540689784704 0.003250092 0.003833203 0.007083295 61.97016278846 62.2609025279 1045.90149 -0.2399999999999999 -0.793 1.0
61.86300721448 62.32045310318 0.0137 0.0133 2.6672 "" "" 476270267784052352 1023.49353 0.9398 0.0191 -0.811 -0.984 0.023 0.022 1.059 "" "" 14.310734 1.421433 14.952294 13.530861 "" "" 1008.08716 1042.91614 35534.75369 7.4945 14272.0 16.998 30677.0 20.585 "" "" 0.002764819186524847 0.0030752555 0.0038489634 0.006924219 61.86300721448 62.32045310318 1023.49353 -0.8109999999999999 -0.984 1.0
62.03492361814 62.41160106125 0.0129 0.0132 5.0167 "" "" 476272501166775168 1074.24316 0.8967 0.0187 -0.722 -0.892 0.017 0.021 1.025 6358.3 3.8436 14.38409 1.497651 15.066642 13.568991 -12.03 5.84 1050.21167 1106.59314 33213.19329 6.7133 12846.0 14.924 29618.0 17.73 "" "" 0.002764046100359049 0.003062041 0.0038348609 0.006896902 62.03492361814 62.41160106125 1074.24316 -0.7220000000000002 -0.8920000000000001 1.0
61.98663905877 62.59281746164 0.0121 0.0127 15.3504 "" "" 476289474877783808 990.172974 0.9741 0.0176 -0.66 -0.925 0.014 0.021 0.998 6672.4 4.0482 14.388306 1.42908 15.033007 13.603927 -7.5 8.05 971.908081 1008.00616 33084.48894 5.1907 13250.0 13.089 28681.0 12.401 "" "" 0.0027605807983936215 0.0029892137 0.003808426 0.0067976397 61.98663905877 62.59281746164 990.172974 -0.66 -0.925 1.0
62.09931586232 62.36815568782 0.015 0.0149 4.51 "" "" 476271367295418624 985.004456 0.9763 0.0224 -0.612 -0.8 0.02 0.023 1.134 5799.1 3.7654 14.505572 1.599686 15.254162 13.654476 4.49 10.52 965.336243 1009.61426 29697.3597 13.901 10808.0 19.359 27376.0 34.308 "" "" 0.0028017990410991347 0.0034010392 0.004016855 0.007417894 62.09931586232 62.36815568782 985.004456 -0.6120000000000001 -0.7999999999999999 1.0
61.92823046681 62.38214479282 0.0151 0.0139 2.7555 "" "" 476282632989594368 1038.1178 0.9309 0.02 -0.766 -0.826 0.027 0.021 1.0 5783.4 3.9646 14.581411 1.692781 15.389528 13.696747 -5.38 7.95 1012.68201 1060.6864 27693.78551 33.214 9541.3 39.486 26331.0 84.285 "" "" 0.0030475237242476557 0.0052890717 0.00513442 0.010423492 61.92823046681 62.38214479282 1038.1178 -0.7659999999999998 -0.826 1.0
61.82968741812 62.34062639741 0.0158 0.0153 3.3958 "" "" 476282087533840512 989.091736 0.9773 0.0227 -0.415 -1.278 0.028 0.024 1.069 6265.5 3.8971 14.613739 1.893495 15.545538 13.652043 5.58 12.85 969.061951 1013.91412 26881.35719 30.987 8264.2 37.764 27437.0 99.783 "" "" 0.0030262516258583038 0.0056921192 0.005465825 0.011157945 61.82968741812 62.34062639741 989.091736 -0.415 -1.2779999999999996 0.9
61.79230623295 62.37022486631 0.0174 0.0174 4.8454 "" "" 476282431131214848 1025.82922 0.9417 0.0258 -0.652 -0.811 0.03 0.027 1.097 5329.9 3.7441 14.881872 1.719729 15.705205 13.985476 -1.52 5.42 1000.36285 1048.48633 20998.96256 11.382 7134.0 22.681 20182.0 32.329 "" "" 0.0028174668397609745 0.004438513 0.0041603586 0.0085988715 61.79230623295 62.37022486631 1025.82922 -0.6519999999999999 -0.8110000000000002 1.0
61.95984677297 62.32281837606 0.0233 0.0196 0.9115 "" "" 476269752387754496 1078.60779 0.8977 0.0309 -0.975 -1.029 0.038 0.031 1.292 6303.8 3.9211 14.912341 1.822132 15.792444 13.970312 -66.1 7.36 1040.37744 1107.95227 20417.8693 18.538 6583.2 28.99 20466.0 57.929 "" "" 0.002926352177523747 0.0055357716 0.0048711533 0.010406924 61.95984677297 62.32281837606 1078.60779 -0.975 -1.029 1.0
61.95249057316 62.32188988598 0.02 0.017 0.9369 "" "" 476270508302000768 978.991089 0.9881 0.0279 -0.729 -0.581 0.031 0.027 0.994 5455.9 4.0666 14.982929 1.798155 15.84877 14.050615 -29.27 9.98 956.541504 998.513916 19132.64284 30.884 6250.4 49.2 19007.0 123.22 "" "" 0.003265485755815372 0.008990298 0.007989175 0.016979473 61.95249057316 62.32188988598 978.991089 -0.7289999999999999 -0.5809999999999997 1.0
61.94861861336 62.42502566046 0.0191 0.0171 5.2523 "" "" 476283015246721024 1023.21619 0.939 0.0254 -0.623 -0.873 0.024 0.027 1.017 5270.5 4.1122 15.127371 1.675563 15.924967 14.249404 -8.24 6.29 996.625671 1053.7384 16749.36543 25.215 5826.8 33.764 15827.0 68.233 "" "" 0.0032036509572245797 0.006882362 0.006016114 0.012898476 61.94861861336 62.42502566046 1023.21619 -0.623 -0.873 1.0
61.92955460207 62.32200635353 0.0253 0.0203 1.1112 "" "" 476270130344882176 1036.20068 0.9419 0.0307 -0.672 -0.998 0.039 0.03 1.028 5224.4 3.839 15.389456 1.834418 16.2805 14.446082 "" "" 999.387573 1076.45874 13157.22912 10.227 4199.7 32.364 13205.0 51.088 "" "" 0.0028816684061353905 0.008819934 0.0056505073 0.014470441 61.92955460207 62.32200635353 1036.20068 -0.6720000000000004 -0.998 1.0
61.76980730669 62.22769269937 0.0232 0.0209 8.312 "" "" 476263155318046080 1026.69836 0.9411 0.0334 -0.941 -1.054 0.038 0.032 1.008 5513.0 4.1382 15.410718 1.869696 16.324038 14.454342 "" "" 1001.62817 1060.31848 12902.07874 14.808 4034.6 19.203 13105.0 38.489 "" "" 0.0030240060803480755 0.005872787 0.0049448977 0.010817684 61.76980730669 62.22769269937 1026.69836 -0.9410000000000002 -1.0539999999999996 0.9
61.96178703761 62.31891446079 0.0215 0.0197 1.1518 "" "" 476269752387756928 1010.15735 0.9625 0.0299 -0.7 -0.638 0.035 0.031 1.069 5347.2 4.1357 15.451887 1.920827 16.399403 14.478576 "" "" 980.416138 1042.22693 12422.00879 28.592 3764.1 38.5 12815.0 87.328 "" "" 0.0037198251544846637 0.011450288 0.008308155 0.019758444 61.96178703761 62.31891446079 1010.15735 -0.7000000000000001 -0.6380000000000001 1.0
62.39698601465 62.40913526656 0.0192 0.0189 13.1209 "" "" 476292154937079040 1018.00085 0.9533 0.0281 -0.658 -0.821 0.022 0.027 1.009 5038.7 4.1347 15.462427 1.731747 16.290686 14.558939 "" "" 991.385864 1048.05347 12302.00841 7.7004 4160.5 11.507 11901.0 20.072 "" "" 0.00283789763067626 0.00409908 0.0041996376 0.008298717 62.39698601465 62.40913526656 1018.00085 -0.6580000000000001 -0.8209999999999998 1.0
62.28068971945 62.22574771081 0.0286 0.0257 11.3753 "" "" 475515899726407552 1107.71582 0.8749 0.0393 -0.57 -0.598 0.048 0.041 1.381 6305.1 4.0562 15.515939 1.919274 16.461958 14.542684 "" "" 1056.4845 1165.89282 11710.39068 7.9317 3553.3 13.127 12080.0 23.688 "" "" 0.0028517698940070213 0.0048860577 0.004337808 0.009223865 62.28068971945 62.22574771081 1107.71582 -0.57 -0.5980000000000001 1.0
61.52362813412 62.39069860257 0.0273 0.0267 12.3263 "" "" 476280335187200768 1013.24908 0.9539 0.0396 -0.64 -0.98 0.047 0.043 1.207 5283.1 4.1561 15.568587 1.988753 16.558628 14.569875 "" "" 969.725952 1055.8363 11156.08236 18.264 3250.6 23.172 11782.0 53.781 "" "" 0.0032789143677263866 0.008227275 0.006232655 0.01445993 61.52362813412 62.39069860257 1013.24908 -0.6400000000000001 -0.98 0.9
61.9259671736 62.3024998454 0.0247 0.0218 2.2164 "" "" 476269340070910080 1009.76007 0.9625 0.0342 -0.837 -0.503 0.042 0.033 1.042 5363.8 4.1541 15.637254 1.997947 16.630701 14.632754 "" "" 975.303711 1042.39221 10472.37244 14.969 3041.8 21.576 11119.0 55.25 "" "" 0.0031623210959960714 0.008191167 0.0065870835 0.014778251 61.9259671736 62.3024998454 1009.76007 -0.837 -0.5030000000000001 1.0
