Clusters/NGC_1502/NGC_1502_members.tsv
# %ECSV 1.0
# ---
# datatype:
# - name: RA_ICRS_1
#   unit: deg
#   datatype: float64
#   format: '{:15.11f}'
#   description: Right ascension (ICRS) at Ep=2016.0 (ra)
#   meta: !!omap
#   - {ucd: POS_EQ_RA_MAIN}
#   - {width: 15}
#   - {precision: '11'}
# - name: DE_ICRS_1
#   unit: deg
#   datatype: float64
#   format: '{:15.11f}'
#   description: Declination (ICRS) at Ep=2016.0 (dec)
#   meta: !!omap
#   - {ucd: POS_EQ_DEC_MAIN}
#   - {width: 15}
#   - {precision: '11'}
# - name: e_RA_ICRS
#   unit: mas
#   datatype: float64
#   format: '{:7.4f}'
#   description: Standard error of right ascension (ra_error)
#   meta: !!omap
#   - {ucd: ERROR}
#   - {width: 7}
#   - {precision: '4'}
# - name: e_DE_ICRS
#   unit: mas
#   datatype: float64
#   format: '{:7.4f}'
#   description: Standard error of declination (dec_error)
#   meta: !!omap
#   - {ucd: ERROR}
#   - {width: 7}
#   - {precision: '4'}
# - name: _r_1
#   unit: ''
#   datatype: float64
#   format: '{:7.4f}'
#   description: Distance from center (061.95141558000+62.33749631000)[ICRS], at Epoch=J2016.0
#   meta: !!omap
#   - {ucd: POS_ANG_DIST_GENERAL}
#   - {width: 7}
#   - {precision: '4'}
# - name: HIP
#   datatype: int32
#   description: '? HIP cross-id number, van Leeuwen, Cat. I/311 (hip_original_ext_source_id)'
#   meta: !!omap
#   - {ucd: ID_NUMBER}
#   - {width: 6}
#   - values: {'null': -2147483648}
# - name: TYC2
#   datatype: string
#   description: Tycho-2 cross-id name, Hog et al., Cat. I/259 (tyc2_original_ext_source_id)
#   meta: !!omap
#   - {ucd: ID_CROSSID}
#   - {_votable_string_dtype: char}
# - name: Source
#   datatype: int64
#   description: Source identifier, identical to the Gaia-EDR3 source_id (id)
#   meta: !!omap
#   - {ucd: ID_MAIN}
#   - {width: 19}
# - name: rgeo
#   unit: pc
#   datatype: float64
#   format: '{:15.8f}'
#   description: '? Median of the geometric distance posterior (r_med_geo)'
#   meta: !!omap
#   - {ucd: PHYS_DISTANCE_TRUE}
#   - {width: 15}
#   - {precision: '8'}
#   - values: {'null': .nan}
# - name: Plx
#   unit: mas
#   datatype: float64
#   format: '{:9.4f}'
#   description: '? Parallax (parallax)'
#   meta: !!omap
#   - {ucd: POS_PARLX_TRIG}
#   - {width: 9}
#   - {precision: '4'}
#   - values: {'null': .nan}
# - name: e_Plx
#   unit: mas
#   datatype: float32
#   format: '{:7.4f}'
#   description: '? Standard error of parallax (parallax_error)'
#   meta: !!omap
#   - {ucd: ERROR}
#   - {width: 7}
#   - {precision: '4'}
#   - values: {'null': .nan}
# - name: pmRA
#   unit: mas / yr
#   datatype: float64
#   format: '{:9.3f}'
#   description: '? Proper motion in right ascension direction, pmRA*cosDE (pmra)'
#   meta: !!omap
#   - {ucd: POS_EQ_PMRA}
#   - {width: 9}
#   - {precision: '3'}
#   - values: {'null': .nan}
# - name: pmDE
#   unit: mas / yr
#   datatype: float64
#   format: '{:9.3f}'
#   description: '? Proper motion in declination direction (pmdec)'
#   meta: !!omap
#   - {ucd: POS_EQ_PMDEC}
#   - {width: 9}
#   - {precision: '3'}
#   - values: {'null': .nan}
# - name: e_pmRA
#   unit: mas / yr
#   datatype: float32
#   format: '{:6.3f}'
#   description: '? Standard error of proper motion in right ascension direction (pmra_error)'
#   meta: !!omap
#   - {ucd: ERROR}
#   - {width: 6}
#   - {precision: '3'}
#   - values: {'null': .nan}
# - name: e_pmDE
[...]
#         unit: &id001 !astropy.units.Unit {unit: deg}
#         value: !astropy.table.SerializedColumn {name: SkyCoord.dec}
#       distance: !astropy.table.SerializedColumn
#         __class__: astropy.coordinates.distances.Distance
#         unit: !astropy.units.Unit {unit: pc}
#         value: !astropy.table.SerializedColumn {name: SkyCoord.distance}
#       frame: icrs
#       obstime: !astropy.time.Time {format: jyear_str, in_subfmt: '*', jd1: 367701545.0, jd2: 0.0, out_subfmt: '*', precision: 3, scale: tt}
#       pm_dec: !astropy.table.SerializedColumn
#         __class__: astropy.units.quantity.Quantity
#         unit: !astropy.units.Unit {unit: mas / yr}
#         value: !astropy.table.SerializedColumn {name: SkyCoord.pm_dec}
#       pm_ra_cosdec: !astropy.table.SerializedColumn
#         __class__: astropy.units.quantity.Quantity
#         unit: !astropy.units.Unit {unit: mas / yr}
#         value: !astropy.table.SerializedColumn {name: SkyCoord.pm_ra_cosdec}
#       ra: !astropy.table.SerializedColumn
#         __class__: astropy.coordinates.angles.Longitude
#         unit: *id001
#         value: !astropy.table.SerializedColumn {name: SkyCoord.ra}
#         wrap_angle: !astropy.coordinates.Angle
#           unit: *id001
#           value: 360.0
#       representation_type: spherical
# schema: astropy-2.0
RA_ICRS_1 DE_ICRS_1 e_RA_ICRS e_DE_ICRS _r_1 HIP TYC2 Source rgeo Plx e_Plx pmRA pmDE e_pmRA e_pmDE RUWE Teff logg Gmag BP-RP BPmag RPmag RV e_RV b_rgeo B_rgeo FG e_FG FBP e_FBP FRP e_FRP RAVE5 RAVE6 e_Gmag e_BPmag e_RPmag e_BP-RP SkyCoord.ra SkyCoord.dec SkyCoord.distance SkyCoord.pm_ra_cosdec SkyCoord.pm_dec Pmemb
62.23020841168 62.51157123135 0.0102 0.0112 13.0019 "" 4068-1312-1 476296690422522112 1010.37738 0.9637 0.0156 -0.77 -0.841 0.012 0.018 1.117 21493.3 3.8656 9.164556 0.550738 9.359259 8.80852 "" "" 997.656067 1023.47919 4065599.73342 977.78 2464400.0 1323.5 2375500.0 996.99 "" "" 0.0027676656725360814 0.0028504464 0.0038067533 0.0066572 62.23020841168 62.51157123135 1010.37738 -0.7699999999999998 -0.841 1.0
62.04520836016 62.33833247151 0.0105 0.0105 2.6131 "" 4068-1127-1 476269855466949120 1048.797 0.9335 0.0153 -0.534 -0.944 0.017 0.016 1.102 "" "" 9.291955 0.648793 9.531293 8.8825 "" "" 1033.30481 1065.17163 3615471.20421 873.09 2103300.0 1125.4 2219000.0 498.81 "" "" 0.00276776692146459 0.0028500066 0.003787254 0.0066372603 62.04520836016 62.33833247151 1048.797 -0.534 -0.944 1.0
61.8845486756 62.32018879606 0.0113 0.0103 2.133 "" 4068-1189-1 476270164704629504 1009.95361 0.9675 0.0149 -0.785 -1.088 0.019 0.015 1.099 23709.0 4.0168 9.503604 0.778201 9.802313 9.024112 -49.49 10.66 994.017883 1024.5415 2975125.16972 667.41 1638700.0 1071.8 1947700.0 395.71 "" "" 0.0027660644357573325 0.0028791204 0.0037858137 0.006664934 61.8845486756 62.32018879606 1009.95361 -0.785 -1.088 1.0
61.93365284335 62.30114193716 0.0183 0.0172 2.2367 "" 4068-1408-1 476269374430648064 994.682312 0.9843 0.0262 -0.721 -1.158 0.029 0.027 1.873 21084.7 3.7888 9.510402 0.782303 9.810302 9.027999 "" "" 966.59375 1026.24829 2956555.40915 849.78 1626700.0 1031.2 1940700.0 752.99 "" "" 0.002772935962141133 0.0028738067 0.0038027873 0.006676594 61.93365284335 62.30114193716 994.682312 -0.7210000000000001 -1.158 1.0
61.92862136401 62.32733656924 0.0104 0.0094 0.8803 "" 4068-1192-1 476270130344879744 1019.1438 0.9554 0.0143 -0.72 -0.946 0.017 0.015 1.001 20499.7 3.9426 9.544993 0.738746 9.824647 9.085901 "" "" 1005.61969 1035.97864 2863843.64102 660.24 1605300.0 1114.4 1839900.0 467.47 "" "" 0.002766666605226321 0.0028901799 0.0037894358 0.006679616 61.92862136401 62.32733656924 1019.1438 -0.7200000000000002 -0.9460000000000004 1.0
61.92297875856 62.33307399221 0.011 0.0097 0.8354 "" 4068-1370-1 476270199064353792 1039.00818 0.938 0.0149 -0.538 -0.729 0.018 0.015 0.947 19777.8 3.8756 9.655495 0.748343 9.940291 9.191949 "" "" 1023.02991 1057.52295 2586717.25533 1148.5 1443100.0 1782.3 1668700.0 1497.4 "" "" 0.002797173014900078 0.0030956685 0.003902941 0.0069986098 61.92297875856 62.33307399221 1039.00818 -0.5379999999999999 -0.7290000000000002 1.0
62.01983815554 62.3388481328 0.0111 0.0107 1.9076 "" "" 476269889826690432 1023.34381 0.9562 0.0157 -0.869 -1.186 0.018 0.018 1.118 "" "" 9.949091 0.749572 10.23676 9.487188 "" "" 1004.01068 1037.52478 1973833.22231 547.37 1098300.0 580.53 1271400.0 354.47 "" "" 0.002771722201427146 0.0028485782 0.003791485 0.006640063 62.01983815554 62.3388481328 1023.34381 -0.869 -1.1860000000000004 1.0
61.93113203713 62.32628863886 0.0114 0.0102 0.8784 "" "" 476270130344880000 1044.21924 0.9367 0.0153 -0.66 -0.842 0.018 0.015 0.949 17741.5 4.0053 10.285271 0.794583 10.591336 9.796753 "" "" 1029.09229 1062.57593 1448233.6501 375.12 792290.0 527.46 956000.0 632.92 "" "" 0.002769634924887039 0.0028822762 0.003847131 0.0067294072 61.93113203713 62.32628863886 1044.21924 -0.66 -0.842 0.9
61.8883563007 62.33121796122 0.0109 0.0096 1.7967 "" 4068-1042-1 476270370863052416 1023.57312 0.9517 0.0143 -0.434 -0.983 0.018 0.015 0.919 5827.2 2.5768 10.325028 0.720586 10.599849 9.879263 "" "" 1007.59198 1039.27856 1396160.64448 368.37 786100.0 418.85 886040.0 200.96 "" "" 0.0027701718732136152 0.002849511 0.0037873958 0.006636907 61.8883563007 62.33121796122 1023.57312 -0.434 -0.9829999999999997 1.0
61.96564675407 62.27489248717 0.0177 0.0153 3.7771 "" 4068-1391-1 476269030833271680 1027.16309 0.9449 0.0245 -0.897 -0.386 0.03 0.025 1.71 "" "" 10.579119 0.876072 10.925431 10.049359 "" "" 1000.45331 1053.2146 1104839.44606 215.09 582430.0 386.06 757560.0 215.95 "" "" 0.0027634158379573675 0.0028814888 0.0037920333 0.0066735223 61.96564675407 62.27489248717 1027.16309 -0.897 -0.38599999999999995 0.8
62.27199970686 62.35414258321 0.0108 0.0102 8.9833 "" 4068-1369-1 476268412357901696 1031.90015 0.9442 0.0158 -0.813 -0.872 0.014 0.015 1.092 15631.1 4.057 10.809402 0.678237 11.064305 10.386068 "" "" 1013.85596 1049.58838 893687.47519 235.74 512500.0 326.62 555560.0 294.29 "" "" 0.0027701649680569283 0.0028746894 0.0038228924 0.006697582 62.27199970686 62.35414258321 1031.90015 -0.8130000000000001 -0.872 1.0
61.96769860889 62.34936931586 0.0147 0.0134 0.8445 "" "" 476270611381199360 1056.77356 0.9102 0.0195 -0.448 -1.228 0.024 0.021 1.136 "" "" 11.036548 0.724906 11.313503 10.588597 "" "" 1036.25562 1080.74951 724982.70432 221.37 407390.0 279.73 461020.0 273.11 "" "" 0.002775193288966114 0.00288805 0.0038337223 0.0067217723 61.96769860889 62.34936931586 1056.77356 -0.44800000000000006 -1.228 1.0
62.01773916307 62.33750705815 0.0116 0.011 1.8475 "" "" 476269889826691968 1025.43884 0.9378 0.0162 -0.895 -1.128 0.019 0.017 0.906 15727.8 4.1578 11.083989 0.774416 11.382231 10.607815 "" "" 1010.64954 1039.80688 693986.5369 195.94 382410.0 307.24 452930.0 297.94 "" "" 0.002772320358009456 0.0029233508 0.0038462726 0.0067696236 62.01773916307 62.33750705815 1025.43884 -0.8950000000000001 -1.1280000000000001 1.0
62.04741744704 62.43280749141 0.0114 0.0114 6.3112 "" "" 476272535526500480 1031.15771 0.9241 0.0165 -0.865 -0.919 0.015 0.018 0.925 "" "" 11.224038 0.655891 11.469772 10.813881 "" "" 1012.18677 1050.06677 610002.16408 152.37 352780.0 166.03 374630.0 91.727 "" "" 0.002768634998219879 0.002836574 0.00378872 0.0066252938 62.04741744704 62.43280749141 1031.15771 -0.8650000000000003 -0.9190000000000002 1.0
61.92240744385 62.36520086845 0.0192 0.019 1.8481 "" "" 476270851899598720 1102.17029 0.8683 0.0268 -0.671 -0.975 0.034 0.031 1.508 "" "" 11.272753 0.824092 11.596615 10.772523 "" "" 1067.51111 1151.47192 583237.54757 255.92 313890.0 212.4 389180.0 227.05 "" "" 0.00279620424580581 0.0028852748 0.0038320953 0.00671737 61.92240744385 62.36520086845 1102.17029 -0.6710000000000002 -0.9749999999999998 1.0
61.950108518 62.33783245995 0.013 0.0117 0.0416 "" "" 476270572722399616 1045.65601 0.9099 0.018 -0.696 -0.786 0.022 0.019 0.997 15003.1 4.0966 11.303438 0.757496 11.594344 10.836848 "" "" 1026.57776 1065.94702 566984.99489 239.98 314540.0 474.73 366790.0 295.98 "" "" 0.0027933798088583947 0.0032357892 0.0038796049 0.007115394 61.950108518 62.33783245995 1045.65601 -0.6960000000000001 -0.786 1.0
61.97870007396 62.33821700013 0.0144 0.0149 0.7613 "" "" 476270538361204224 1049.44702 0.9148 0.0217 -0.981 -0.756 0.024 0.024 1.141 "" "" 11.361145 0.840713 11.692206 10.851494 "" "" 1024.34741 1073.15247 537636.30666 208.65 287430.0 174.65 361880.0 312.94 "" "" 0.0027873525618686804 0.002867103 0.0038942606 0.0067613637 61.97870007396 62.33821700013 1049.44702 -0.9810000000000001 -0.756 1.0
61.73824056441 62.16434460154 0.0159 0.0144 11.9749 "" "" 476262395103216384 1017.85919 0.9353 0.0223 -0.778 -1.038 0.023 0.022 1.142 13234.7 3.9335 11.380966 0.62061 11.612637 10.992027 "" "" 994.604675 1039.33423 527910.47735 203.72 309290.0 188.66 317940.0 109.28 "" "" 0.0027869942952253113 0.002867692 0.0037977614 0.0066654533 61.73824056441 62.16434460154 1017.85919 -0.7780000000000002 -1.0380000000000003 1.0
62.02121304518 62.31541136394 0.0153 0.014 2.3535 "" "" 476269511869579520 949.551025 1.0077 0.0214 -0.405 -0.975 0.026 0.022 1.123 "" "" 11.46857 0.858769 11.808826 10.950057 -17.94 13.58 927.423645 970.491211 486988.48548 131.22 258160.0 142.18 330470.0 112.86 "" "" 0.0027708080228843455 0.0028535253 0.0037975276 0.006651053 62.02121304518 62.31541136394 949.551025 -0.4050000000000001 -0.975 1.0
61.84497733433 62.35157233338 0.0119 0.011 3.0822 "" "" 476282186312509312 1063.72217 0.9195 0.016 -0.518 -0.96 0.019 0.018 1.205 10231.3 3.9032 12.073659 0.954503 12.459435 11.504932 -17.73 17.68 1046.5752 1079.27808 278922.16013 60.151 141790.0 103.03 198240.0 71.721 "" "" 0.002765250999575648 0.0028995639 0.00379974 0.006699304 61.84497733433 62.35157233338 1063.72217 -0.518 -0.9600000000000002 1.0
61.92004215321 62.26127140647 0.0083 0.007 4.6565 "" "" 476268957813243136 1018.71967 0.962 0.0115 -0.712 -1.144 0.014 0.011 0.905 14004.9 4.2905 12.262575 0.850741 12.599141 11.7484 0.42 30.87 1007.1582 1031.64368 234377.8246 293.92 124670.0 530.26 158420.0 623.2 "" "" 0.0030733754277330457 0.005395434 0.005703174 0.011098608 61.92004215321 62.26127140647 1018.71967 -0.712 -1.1439999999999995 1.0
61.84462402408 62.39422996927 0.0082 0.0076 4.5188 "" "" 476282568570146688 1030.50842 0.9547 0.0111 -0.805 -0.931 0.015 0.013 0.918 11526.4 4.2038 12.321587 0.865965 12.665523 11.799558 "" "" 1015.95648 1042.86401 221979.14053 35.148 117280.0 57.865 151120.0 50.764 "" "" 0.0027606781832132735 0.0028411292 0.0037969393 0.0066380687 61.84462402408 62.39422996927 1030.50842 -0.8049999999999998 -0.9309999999999998 1.0
61.96015796222 62.32965385689 0.0103 0.0106 0.5298 "" "" 476270504005048320 1024.80139 0.9541 0.0143 -0.79 -0.693 0.017 0.015 1.075 "" "" 12.358909 0.837776 12.66608 11.828304 "" "" 1010.68091 1041.25684 214478.24588 48.829 117220.0 183.68 147180.0 206.2 "" "" 0.002766385532095582 0.003267953 0.0040740077 0.0073419604 61.96015796222 62.32965385689 1024.80139 -0.79 -0.6929999999999998 1.0
61.82092774071 62.35889608837 0.01 0.0089 3.8537 "" "" 476282156253309440 981.339111 0.9997 0.0137 -0.812 -0.891 0.016 0.014 1.063 11563.1 4.0384 12.403212 0.955566 12.788781 11.833215 "" "" 972.298462 994.805115 205902.74983 39.756 104690.0 95.344 146510.0 59.28 "" "" 0.0027632836357171656 0.0029602014 0.0038048278 0.0067650294 61.82092774071 62.35889608837 981.339111 -0.8119999999999998 -0.891 1.0
62.01238823371 62.36449270353 0.0092 0.0094 2.3464 "" "" 476270641440416768 990.528748 0.9911 0.0138 -0.703 -0.771 0.016 0.016 1.033 10643.2 4.1885 12.439057 0.862886 12.783314 11.920427 -11.51 34.25 977.192871 1002.84784 199215.78784 29.732 105220.0 57.45 135200.0 31.323 "" "" 0.002760080916054799 0.0028524504 0.0037877434 0.006640194 62.01238823371 62.36449270353 990.528748 -0.7030000000000003 -0.7710000000000001 1.0
61.65577139914 62.35849701398 0.0088 0.0074 8.3284 "" "" 476277414609628416 1007.92047 0.9726 0.0121 -0.792 -0.801 0.015 0.012 0.877 "" "" 12.510114 0.845427 12.841814 11.996388 -19.29 27.19 995.292358 1019.55969 186595.6058 32.428 99699.0 74.717 126070.0 82.243 "" "" 0.002761773409280331 0.0029063933 0.0038451792 0.0067515727 61.65577139914 62.35849701398 1007.92047 -0.7920000000000001 -0.8009999999999999 1.0
61.9918573024 62.24979711994 0.0084 0.0073 5.3815 "" "" 476266007176300928 1026.26172 0.9567 0.0116 -0.686 -1.115 0.014 0.011 0.898 11418.5 4.0487 12.610265 0.98945 13.014752 12.025302 -11.34 25.96 1013.69409 1036.7384 170153.49005 28.574 85019.0 49.53 122750.0 52.708 "" "" 0.0027613462430046065 0.0028609673 0.0038080278 0.006668995 61.9918573024 62.24979711994 1026.26172 -0.6859999999999996 -1.1149999999999998 1.0
61.94817908246 62.34043163011 0.0099 0.0088 0.1979 "" "" 476270577021467264 1037.3512 0.9438 0.0124 -0.47 -0.871 0.016 0.014 0.953 "" "" 12.62941 0.839302 12.959694 12.120392 -33.96 38.15 1021.97437 1051.89832 167179.40394 92.002 89442.0 223.65 112460.0 164.71 "" "" 0.0028193611208118495 0.0038930268 0.0041002925 0.007993319 61.94817908246 62.34043163011 1037.3512 -0.46999999999999975 -0.871 1.0
62.00224721878 62.43139708088 0.009 0.0095 5.8087 "" "" 476284320916769152 1026.76196 0.9583 0.0132 -0.785 -0.924 0.012 0.015 1.051 6099.4 3.305 12.634971 1.440482 13.288973 11.848491 "" "" 1011.77283 1039.58301 166325.42781 27.064 66043.0 34.926 144460.0 64.832 "" "" 0.0027609782595238094 0.0028486361 0.0038106632 0.006659299 62.00224721878 62.43139708088 1026.76196 -0.7850000000000001 -0.9239999999999999 1.0
61.86279948469 62.32936419949 0.0087 0.0082 2.5166 "" "" 476270267783842432 1018.90503 0.961 0.0119 -0.619 -0.87 0.015 0.013 0.893 "" "" 12.6487 1.021476 13.06908 12.047605 "" "" 1007.93677 1029.88892 164235.44883 28.344 80870.0 52.933 120260.0 52.422 "" "" 0.002761684252105048 0.0028792515 0.0038089 0.0066881515 61.86279948469 62.32936419949 1018.90503 -0.619 -0.8700000000000001 1.0
62.00877834689 62.35218560142 0.0104 0.0097 1.8245 "" "" 476270641440417536 1020.82043 0.9623 0.015 -0.516 -0.748 0.018 0.015 1.006 "" "" 12.827648 1.04098 13.261526 12.220546 "" "" 1005.65808 1036.17554 139279.56522 22.725 67734.0 36.132 102550.0 36.357 "" "" 0.0027610091409604083 0.0028496475 0.0037989335 0.006648581 62.00877834689 62.35218560142 1020.82043 -0.516 -0.7479999999999999 1.0
61.97058561201 62.32741441051 0.0123 0.0118 0.8069 "" "" 476269752387749888 1026.55859 0.9548 0.0182 -0.87 -0.791 0.021 0.018 1.062 10151.7 4.1498 12.863816 0.908678 13.226943 12.318265 "" "" 1007.83685 1044.87854 134716.2785 22.582 69926.0 79.171 93724.0 80.714 "" "" 0.0027613244433229802 0.0030489643 0.003893327 0.0069422913 61.97058561201 62.32741441051 1026.55859 -0.8700000000000001 -0.791 1.0
61.95021278304 62.23585614222 0.0106 0.0089 6.0985 "" "" 476265938456835072 999.23114 0.9691 0.0144 -0.654 -0.925 0.017 0.014 1.099 "" "" 13.140601 0.950672 13.523583 12.572911 "" "" 985.846252 1013.13293 104401.35291 17.65 53209.0 31.408 74130.0 23.696 "" "" 0.002761427406643381 0.0028628274 0.0037952836 0.006658111 61.95021278304 62.23585614222 999.23114 -0.6540000000000001 -0.925 1.0
61.89375182103 62.36697828902 0.0089 0.0086 2.3889 "" "" 476282224972769920 1013.8963 0.9502 0.0123 -0.764 -0.581 0.015 0.014 1.017 "" "" 13.240664 0.98809 13.643961 12.655871 "" "" 1002.00269 1024.87 95209.76281 14.779 47625.0 36.52 68677.0 25.586 "" "" 0.002760469735162492 0.0029117381 0.0038009663 0.0067127044 61.89375182103 62.36697828902 1013.8963 -0.7640000000000001 -0.5810000000000002 1.0
62.06089600865 62.28182842297 0.0093 0.0083 4.5248 "" "" 476266419493357184 1023.58258 0.9426 0.013 -0.649 -0.694 0.015 0.013 0.876 9252.2 4.0759 13.243074 0.969811 13.638095 12.668283 "" "" 1008.7348 1036.28967 94998.59177 15.122 47883.0 36.577 67896.0 31.595 "" "" 0.0027607352708500545 0.0029108266 0.0038130034 0.00672383 62.06089600865 62.28182842297 1023.58258 -0.6489999999999999 -0.6940000000000002 1.0
61.83836330704 62.34361917731 0.0112 0.0103 3.1702 "" "" 476282087533837056 1047.09485 0.9248 0.0151 -0.573 -0.955 0.02 0.017 1.204 "" "" 13.259057 1.065385 13.701035 12.635651 "" "" 1032.37549 1063.39636 93610.34409 13.871 45186.0 29.709 69968.0 39.805 "" "" 0.0027600131368467683 0.0028800406 0.003829524 0.0067095645 61.83836330704 62.34361917731 1047.09485 -0.573 -0.955 1.0
61.918159995 62.34974845257 0.0094 0.0085 1.1825 "" "" 476270405222775168 999.919006 0.9637 0.0129 -0.603 -1.025 0.016 0.014 1.048 9368.5 4.1103 13.26354 0.968895 13.657315 12.68842 "" "" 985.368042 1013.61975 93224.6644 13.852 47043.0 29.063 66648.0 25.355 "" "" 0.0027600390711547 0.0028696642 0.0038018858 0.0066715498 61.918159995 62.34974845257 999.919006 -0.603 -1.025 0.9
62.09231748358 62.28379667411 0.0092 0.0089 5.0807 "" "" 476266522572346240 1027.96338 0.9376 0.013 -0.907 -0.799 0.015 0.014 0.984 9256.3 4.1708 13.266008 0.869009 13.613076 12.744067 "" "" 1013.63019 1040.31238 93012.98007 18.787 48999.0 26.663 63319.0 30.201 "" "" 0.002764033610143074 0.0028520348 0.0038146959 0.0066667306 62.09231748358 62.28379667411 1027.96338 -0.9070000000000001 -0.799 1.0
61.95300172498 62.18090239787 0.01 0.0087 9.3957 "" "" 476264804585485184 1027.6499 0.943 0.0136 -0.45 -0.967 0.016 0.014 1.034 "" "" 13.266117 0.98808 13.668823 12.680743 "" "" 1013.26532 1044.13562 93003.63896 15.701 46547.0 32.114 67121.0 36.341 "" "" 0.002761410260508095 0.002888973 0.0038248254 0.0067137983 61.95300172498 62.18090239787 1027.6499 -0.45 -0.9669999999999999 1.0
