Clusters/Berkeley_86/Berkeley_86_stars_in_region.tsv
# %ECSV 1.0
# ---
# datatype:
# - name: RA_ICRS_1
#   unit: deg
#   datatype: float64
#   format: '{:15.11f}'
#   description: Right ascension (ICRS) at Ep=2016.0 (ra)
#   meta: !!omap
#   - {ucd: POS_EQ_RA_MAIN}
#   - {width: 15}
#   - {precision: '11'}
# - name: DE_ICRS_1
#   unit: deg
#   datatype: float64
#   format: '{:15.11f}'
#   description: Declination (ICRS) at Ep=2016.0 (dec)
#   meta: !!omap
#   - {ucd: POS_EQ_DEC_MAIN}
#   - {width: 15}
#   - {precision: '11'}
# - name: e_RA_ICRS
#   unit: mas
#   datatype: float64
#   format: '{:7.4f}'
#   description: Standard error of right ascension (ra_error)
#   meta: !!omap
#   - {ucd: ERROR}
#   - {width: 7}
#   - {precision: '4'}
# - name: e_DE_ICRS
#   unit: mas
#   datatype: float64
#   format: '{:7.4f}'
#   description: Standard error of declination (dec_error)
#   meta: !!omap
#   - {ucd: ERROR}
#   - {width: 7}
#   - {precision: '4'}
# - name: _r_1
#   unit: ''
#   datatype: float64
#   format: '{:7.4f}'
#   description: Distance from center (305.10380725000+38.70630598000)[ICRS], at Epoch=J2016.0
#   meta: !!omap
#   - {ucd: POS_ANG_DIST_GENERAL}
#   - {width: 7}
#   - {precision: '4'}
# - name: HIP
#   datatype: int32
#   description: '? HIP cross-id number, van Leeuwen, Cat. I/311 (hip_original_ext_source_id)'
#   meta: !!omap
#   - {ucd: ID_NUMBER}
#   - {width: 6}
#   - values: {'null': -2147483648}
# - name: TYC2
#   datatype: string
#   description: Tycho-2 cross-id name, Hog et al., Cat. I/259 (tyc2_original_ext_source_id)
#   meta: !!omap
#   - {ucd: ID_CROSSID}
#   - {_votable_string_dtype: char}
# - name: Source
#   datatype: int64
#   description: Source identifier, identical to the Gaia-EDR3 source_id (id)
#   meta: !!omap
#   - {ucd: ID_MAIN}
#   - {width: 19}
# - name: rgeo
#   unit: pc
#   datatype: float64
#   format: '{:15.8f}'
#   description: '? Median of the geometric distance posterior (r_med_geo)'
#   meta: !!omap
#   - {ucd: PHYS_DISTANCE_TRUE}
#   - {width: 15}
#   - {precision: '8'}
#   - values: {'null': .nan}
# - name: Plx
#   unit: mas
#   datatype: float64
#   format: '{:9.4f}'
#   description: '? Parallax (parallax)'
#   meta: !!omap
#   - {ucd: POS_PARLX_TRIG}
#   - {width: 9}
#   - {precision: '4'}
#   - values: {'null': .nan}
# - name: e_Plx
#   unit: mas
#   datatype: float32
#   format: '{:7.4f}'
#   description: '? Standard error of parallax (parallax_error)'
#   meta: !!omap
#   - {ucd: ERROR}
#   - {width: 7}
#   - {precision: '4'}
#   - values: {'null': .nan}
# - name: pmRA
#   unit: mas / yr
#   datatype: float64
#   format: '{:9.3f}'
#   description: '? Proper motion in right ascension direction, pmRA*cosDE (pmra)'
#   meta: !!omap
#   - {ucd: POS_EQ_PMRA}
#   - {width: 9}
#   - {precision: '3'}
#   - values: {'null': .nan}
# - name: pmDE
#   unit: mas / yr
#   datatype: float64
#   format: '{:9.3f}'
#   description: '? Proper motion in declination direction (pmdec)'
#   meta: !!omap
#   - {ucd: POS_EQ_PMDEC}
#   - {width: 9}
#   - {precision: '3'}
#   - values: {'null': .nan}
# - name: e_pmRA
#   unit: mas / yr
#   datatype: float32
#   format: '{:6.3f}'
#   description: '? Standard error of proper motion in right ascension direction (pmra_error)'
#   meta: !!omap
#   - {ucd: ERROR}
#   - {width: 6}
#   - {precision: '3'}
#   - values: {'null': .nan}
# - name: e_pmDE
[...]
#         value: !astropy.table.SerializedColumn {name: SkyCoord.dec}
#       distance: !astropy.table.SerializedColumn
#         __class__: astropy.coordinates.distances.Distance
#         unit: !astropy.units.Unit {unit: pc}
#         value: !astropy.table.SerializedColumn {name: SkyCoord.distance}
#       frame: icrs
#       obstime: !astropy.time.Time {format: jyear_str, in_subfmt: '*', jd1: 367701545.0, jd2: 0.0, out_subfmt: '*', precision: 3, scale: tt}
#       pm_dec: !astropy.table.SerializedColumn
#         __class__: astropy.units.quantity.Quantity
#         unit: !astropy.units.Unit {unit: mas / yr}
#         value: !astropy.table.SerializedColumn {name: SkyCoord.pm_dec}
#       pm_ra_cosdec: !astropy.table.SerializedColumn
#         __class__: astropy.units.quantity.Quantity
#         unit: !astropy.units.Unit {unit: mas / yr}
#         value: !astropy.table.SerializedColumn {name: SkyCoord.pm_ra_cosdec}
#       ra: !astropy.table.SerializedColumn
#         __class__: astropy.coordinates.angles.Longitude
#         unit: *id001
#         value: !astropy.table.SerializedColumn {name: SkyCoord.ra}
#         wrap_angle: !astropy.coordinates.Angle
#           unit: *id001
#           value: 360.0
#       representation_type: spherical
# schema: astropy-2.0
RA_ICRS_1 DE_ICRS_1 e_RA_ICRS e_DE_ICRS _r_1 HIP TYC2 Source rgeo Plx e_Plx pmRA pmDE e_pmRA e_pmDE RUWE Teff logg Gmag BP-RP BPmag RPmag RV e_RV b_rgeo B_rgeo FG e_FG FBP e_FBP FRP e_FRP RAVE5 RAVE6 e_Gmag e_BPmag e_RPmag e_BP-RP SkyCoord.ra SkyCoord.dec SkyCoord.distance SkyCoord.pm_ra_cosdec SkyCoord.pm_dec rmRA rmDE e_rmRA e_rmDE rRV e_rRV v_pec v_pec3d e_vpec e_vpec3d
[from data line 1240]
304.83058239491 38.85107702915 0.0364 0.0465 15.4524 "" "" 2061306198677049216 1930.87 0.5024 0.049 -1.377 -2.702 0.048 0.06 1.354 "" "" 16.385813 1.361185 16.956707 15.595522 "" "" 1724.47229 2192.30298 5255.5899 3.4233 2252.9 7.5649 4580.9 9.2569 "" "" 0.0028446324949442854 0.004590911 0.0043700594 0.00896097 304.83058239491 38.85107702915 1930.87 -1.3769999999999987 -2.702 2.0949998836517336 2.729368350982666 0.103595346 0.11559534 "" "" 31.49047979083158 "" 3.504810327694363 ""
304.93366411948 38.68149621976 0.0333 0.0426 8.1056 "" "" 2061290496276353792 1717.74988 0.5567 0.0441 -0.246 -2.644 0.046 0.057 1.187 "" "" 16.385876 "" "" "" "" "" 1579.14832 1875.32983 5255.28766 4.9185 "" "" "" "" "" "" 0.002936726558400662 "" "" "" 304.93366411948 38.68149621976 1717.74988 -0.24600000000000033 -2.644 3.2259998836517334 2.787368350982666 0.10159534 0.11259534 "" "" 34.713097645894905 "" 3.6947378684165826 ""
304.83148674983 38.38713763459 0.03 0.035 23.0223 "" "" 2061277263471845760 1693.60083 0.5611 0.0398 -1.603 -4.645 0.042 0.045 1.018 7102.6 4.3085 16.386936 1.483069 17.058485 15.575416 "" "" 1595.3136 1800.83618 5250.15987 2.479 2051.3 10.506 4666.5 8.9678 "" "" 0.0028026074148273677 0.0062214844 0.004317085 0.010538569 304.83148674983 38.38713763459 1693.60083 -1.6029999999999998 -4.645 1.8689998836517334 0.7863683509826664 0.09759534 0.10059534 "" "" 16.277639833664505 "" 1.596061748482253 ""
304.76487585021 38.50202818072 0.0293 0.0316 20.0694 "" "" 2061281803262573440 1965.1449 0.4826 0.0379 -3.08 -4.939 0.04 0.04 0.949 6411.3 4.2959 16.386942 1.469093 17.061743 15.592649 "" "" 1839.00623 2173.74731 5250.12741 2.5397 2045.1 6.3133 4593.0 8.5298 "" "" 0.002804931353129003 0.004361077 0.004283621 0.008644698 304.76487585021 38.50202818072 1965.1449 -3.0799999999999974 -4.9389999999999965 0.3919998836517333 0.49236835098266596 0.095595345 0.095595345 "" "" 5.862328278552078 "" 0.5604112937115693 ""
304.88803264686 38.86994149823 0.0305 0.0369 14.0795 "" "" 2061306301756215808 1754.10193 0.5527 0.0406 -5.758 -7.405 0.041 0.048 1.095 7401.5 4.1359 16.387228 1.763753 17.224432 15.460679 "" "" 1645.71973 1882.24854 5248.75039 2.8063 1760.5 7.4397 5186.6 10.106 "" "" 0.0028158071691600484 0.0053699873 0.0043311925 0.009701179 304.88803264686 38.86994149823 1754.10193 -5.758000000000001 -7.404999999999998 -2.2860001163482666 -1.9736316490173342 0.09659535 0.103595346 "" "" 25.110469584667523 "" 2.5021313541299914 ""
305.09295542513 38.69965041796 0.031 0.0405 0.6463 "" "" 2061288365972429440 1745.7793 0.5544 0.0406 -0.483 -2.78 0.041 0.059 1.024 8354.7 4.1829 16.388708 1.649587 17.150806 15.50122 "" "" 1637.29663 1878.57007 5241.59606 2.8963 1884.1 11.387 4996.5 21.713 "" "" 0.0028198779417667338 0.007130469 0.0060452735 0.013175743 305.09295542513 38.69965041796 1745.7793 -0.4829999999999998 -2.780000000000001 2.9889998836517333 2.651368350982666 0.09659535 0.11459534 "" "" 33.062587060171225 "" 3.4683639991662516 ""
304.8049098431 38.66018792166 0.0286 0.0319 14.2702 "" "" 2061285204880754048 1406.55847 0.6833 0.0367 -3.015 -6.694 0.038 0.041 0.98 4900.3 4.1856 16.388948 1.663446 17.185503 15.522057 "" "" 1347.04895 1480.63818 5240.4367 2.3643 1824.8 6.2416 4901.6 9.8871 "" "" 0.0027985243165544824 0.004645051 0.0043680747 0.009013126 304.8049098431 38.66018792166 1406.55847 -3.015 -6.694 0.4569998836517333 -1.262631649017334 0.09359534 0.09659535 "" "" 8.952504382630396 "" 0.8617022610643876 ""
305.07149709396 38.44325367612 0.0298 0.0338 15.8557 "" "" 2061096329383871104 1733.49573 0.5497 0.039 1.514 -1.67 0.039 0.042 0.981 6930.0 3.9589 16.389236 1.990738 17.390457 15.399719 "" "" 1615.56677 1843.82349 5239.04748 2.507 1510.9 7.7398 5486.2 12.084 "" "" 0.0028038759419491527 0.006222466 0.0044724504 0.010694916 305.07149709396 38.44325367612 1733.49573 1.5140000000000013 -1.67 4.985999883651734 3.761368350982666 0.09459534 0.09759534 "" "" 51.319030419449675 "" 4.910937991820571 ""
305.34269332056 38.75980819347 0.029 0.0313 11.6326 "" "" 2061195525945527424 1882.65491 0.513 0.0367 -3.245 -6.612 0.037 0.04 0.945 6946.7 4.0904 16.390368 1.493691 17.072443 15.578752 "" "" 1766.04272 2022.12976 5233.59175 2.5741 2025.1 7.1198 4652.2 8.2273 "" "" 0.002806591652589142 0.0047282255 0.004239163 0.008967388 305.34269332056 38.75980819347 1882.65491 -3.245 -6.612 0.2269998836517333 -1.180631649017334 0.09259534 0.095595345 "" "" 10.7286752203001 "" 1.0244813619807538 ""
305.03619212348 38.64891697254 0.0305 0.0362 4.6784 "" "" 2061288572130875008 1599.11536 0.595 0.0395 -3.358 -5.393 0.045 0.049 1.035 5096.6 3.7874 16.39232 1.99413 17.398424 15.404294 "" "" 1524.87708 1725.50879 5224.18053 7.59 1499.8 13.84 5463.1 25.42 "" "" 0.0031749094383987436 0.010400319 0.006309209 0.016709527 305.03619212348 38.64891697254 1599.11536 -3.357999999999998 -5.393000000000006 0.1139998836517333 0.03836835098266622 0.10059534 0.10459534 "" "" 0.9117251707744939 "" 0.09209297599055145 ""
304.89259298956 39.06971269244 0.0397 0.0511 23.9319 "" "" 2061405635736779136 1954.83813 0.4972 0.0548 -1.578 -4.277 0.052 0.064 1.59 5643.7 4.2423 16.393972 1.58354 17.027275 15.443735 "" "" 1763.68994 2218.96436 5216.23958 4.5985 2111.1 12.311 5268.2 25.281 "" "" 0.0029168369615449634 0.006919057 0.0064366255 0.013355683 304.89259298956 39.06971269244 1954.83813 -1.5780000000000003 -4.277000000000001 1.8939998836517333 1.1543683509826659 0.10759534 0.11959535 "" "" 20.552419172735007 "" 2.2807809407160398 ""
305.44172456165 38.88562636535 0.0313 0.034 19.1171 "" "" 2061202604044726272 1931.76135 0.5044 0.041 -1.952 -3.694 0.041 0.042 1.127 "" "" 16.396732 1.597776 17.056576 15.4588 "" "" 1800.67603 2047.08569 5202.99985 2.7557 2054.9 23.57 5195.6 50.68 "" "" 0.0028146877380438046 0.012762288 0.011244861 0.024007149 305.44172456165 38.88562636535 1931.76135 -1.9519999999999995 -3.694 1.5199998836517334 1.737368350982666 0.09659535 0.09759534 "" "" 21.137250691427845 "" 2.0537596001207676 ""
305.53612138931 38.75419304043 0.0339 0.0359 20.4379 "" "" 2061197896767756160 1815.29578 0.5263 0.0413 -4.479 -6.023 0.051 0.049 1.019 6353.7 4.0261 16.40117 1.606116 17.15248 15.546363 "" "" 1701.83057 1950.8606 5181.77412 2.806 1881.2 6.6513 4793.1 7.2983 "" "" 0.0028173504556961624 0.004745678 0.0041251485 0.008870827 305.53612138931 38.75419304043 1815.29578 -4.479000000000001 -6.023 -1.0070001163482667 -0.5916316490173337 0.10659534 0.10459534 "" "" 10.04951774640974 "" 1.0661103874260605 ""
304.72265568157 38.6338999373 0.0318 0.0341 18.3761 "" "" 2061296440511276160 1899.89868 0.4997 0.0407 -3.531 -2.487 0.043 0.043 1.086 4814.0 4.171 16.402822 1.649587 17.189228 15.539641 "" "" 1764.41089 2051.86841 5173.90102 2.3987 1818.6 6.2726 4822.8 7.5624 "" "" 0.002800922113595608 0.004670007 0.0041451417 0.008815149 304.72265568157 38.6338999373 1899.89868 -3.531000000000002 -2.487000000000001 -0.05900011634826674 2.944368350982666 0.09859534 0.09859534 "" "" 26.52089022198052 "" 2.61483628216231 ""
305.28955905948 38.48569729595 0.0302 0.0345 15.8455 "" "" 2061094577037102848 1515.18408 0.6326 0.0412 -0.027 -5.566 0.04 0.043 1.056 6652.6 4.0315 16.40327 1.987166 17.403746 15.416579 "" "" 1424.31775 1613.03564 5171.75904 2.4938 1492.5 6.5635 5401.6 8.106 "" "" 0.002804617745078737 0.0055301664 0.004115633 0.009645799 305.28955905948 38.48569729595 1515.18408 -0.027000000000000357 -5.565999999999999 3.4449998836517333 -0.13463164901733382 0.095595345 0.09859534 "" "" 24.760781133866146 "" 2.367130463309491 ""
304.82100321265 38.50640103829 0.0292 0.0326 17.8798 "" "" 2061280119635337088 2026.93237 0.4708 0.0386 -1.926 -3.894 0.04 0.042 0.976 "" "" 16.403326 1.56931 17.135548 15.566237 "" "" 1892.86499 2204.14648 5171.49831 3.0619 1910.7 6.1407 4706.1 11.986 "" "" 0.0028293153024301827 0.0044677625 0.004682995 0.009150757 304.82100321265 38.50640103829 2026.93237 -1.9260000000000024 -3.8940000000000063 1.5459998836517335 1.5373683509826659 0.095595345 0.09759534 "" "" 20.947379356378555 "" 2.0234104478350554 ""
304.65287475319 38.77964103047 0.0271 0.0331 21.5564 "" "" 2061301491393044096 2027.13062 0.4688 0.0367 -1.987 -1.555 0.036 0.04 1.002 6514.9 4.267 16.403614 1.615463 17.166656 15.551193 "" "" 1879.90979 2209.56421 5170.12469 2.2701 1856.8 5.728 4771.8 6.178 "" "" 0.0027962575911651888 0.0043592746 0.004032331 0.008391606 304.65287475319 38.77964103047 2027.13062 -1.9869999999999983 -1.5549999999999997 1.4849998836517333 3.8763683509826663 0.09159534 0.095595345 "" "" 39.8860533900569 "" 3.7928775440754428 ""
304.79049296436 39.00847836759 0.1088 0.1122 23.3024 "" "" 2061311348325576320 1584.66272 0.6966 0.1389 -3.754 -5.646 0.14 0.139 4.757 5213.3 4.3631 16.407701 1.69549 17.098938 15.403448 "" "" 1337.56824 2061.99487 5150.69769 9.3141 1976.2 11.431 5467.4 13.94 "" "" 0.003383276228245346 0.0068721697 0.004684759 0.011556929 304.79049296436 39.00847836759 1584.66272 -3.7539999999999987 -5.645999999999999 -0.2820001163482666 -0.2146316490173339 0.19559534 0.19459534 "" "" 2.661914574525367 "" 0.5196832738439386 ""
304.84373362403 38.71558684564 0.1763 0.2115 12.189 "" "" 2061291247877985280 1681.80029 0.8739 0.2316 -0.56 -2.021 0.236 0.277 6.126 4738.1 4.3817 16.40886 2.018198 17.364174 15.345976 "" "" 1079.70105 3212.7981 5145.20672 16.06 1547.9 10.956 5764.6 8.0613 "" "" 0.0043677074847670305 0.008175661 0.0040729586 0.012248619 304.84373362403 38.71558684564 1681.80029 -0.5599999999999996 -2.021 2.9119998836517333 3.410368350982666 0.29159534 0.33259535 "" "" 35.7488964466063 "" 11.295101507661538 ""
305.35663286976 38.96091431736 0.0291 0.0308 19.3133 "" "" 2061391612668045568 1982.67993 0.4758 0.0372 -3.582 -6.4 0.037 0.037 1.015 6702.4 4.252 16.409159 1.585475 17.150507 15.565032 "" "" 1853.21887 2152.46924 5143.79374 2.148 1884.6 8.0238 4711.4 8.701 "" "" 0.002792374404190621 0.0053993864 0.0042783516 0.009677738 305.35663286976 38.96091431736 1982.67993 -3.582 -6.4 -0.11000011634826645 -0.9686316490173343 0.09259534 0.09259534 "" "" 9.161616826881579 "" 0.8483230142370413 ""
305.09545776956 38.3772540153 0.0308 0.035 19.747 "" "" 2061092889106257664 1533.84509 0.6227 0.0396 -3.16 -5.818 0.042 0.046 1.011 "" "" 16.409441 1.897398 17.345251 15.447853 "" "" 1447.88806 1613.87036 5142.45141 2.7529 1575.1 6.8949 5248.3 12.928 "" "" 0.002815956719714703 0.0055112243 0.004629956 0.010141181 305.09545776956 38.3772540153 1533.84509 -3.160000000000001 -5.818 0.31199988365173326 -0.3866316490173336 0.09759534 0.10159534 "" "" 3.61207715618715 "" 0.3613410936420378 ""
304.79779100876 38.98311203711 0.0311 0.0326 21.9166 "" "" 2061311077760073472 1743.31226 0.552 0.0394 -0.603 -1.438 0.041 0.042 0.983 7093.0 4.3053 16.411427 1.437601 17.061039 15.623438 "" "" 1645.73645 1869.74683 5133.06199 2.4165 2046.5 9.5845 4464.6 10.117 "" "" 0.0028023288848581635 0.0058001047 0.004509651 0.010309756 304.79779100876 38.98311203711 1743.31226 -0.6029999999999994 -1.4380000000000002 2.8689998836517336 3.9933683509826663 0.09659535 0.09759534 "" "" 40.631707170482734 "" 3.951679740894817 ""
304.71912540847 38.81814880819 0.0269 0.0299 19.2077 "" "" 2061307332548517248 1787.22351 0.5371 0.0345 0.247 -5.308 0.035 0.037 1.037 6953.6 4.2801 16.412983 1.457446 17.078419 15.620973 "" "" 1677.01794 1931.04297 5125.70744 2.3688 2014.0 7.1344 4474.8 7.1293 "" "" 0.0028006348914316635 0.0047515943 0.004156436 0.00890803 304.71912540847 38.81814880819 1787.22351 0.2470000000000001 -5.308 3.7189998836517333 0.12336835098266619 0.09059534 0.09259534 "" "" 31.522611906175385 "" 2.855871876669319 ""
305.53318582994 38.85604673284 0.0329 0.0331 22.0012 "" "" 2061200847400568960 1495.69531 0.6512 0.0395 -4.855 -10.131 0.046 0.042 1.028 4921.1 4.2733 16.413322 1.605948 17.166449 15.560501 "" "" 1399.23901 1600.34033 5124.10123 2.4735 1857.1 8.3937 4731.1 9.081 "" "" 0.0028047238211271093 0.005645053 0.0043158713 0.009960924 305.53318582994 38.85604673284 1495.69531 -4.855000000000003 -10.130999999999993 -1.383000116348267 -4.699631649017334 0.10159534 0.09759534 "" "" 34.731224874103596 "" 3.4008859120326798 ""
305.51615418507 38.78491686132 0.0314 0.0342 19.8642 "" "" 2061198171645543808 1617.23145 0.5932 0.0399 -0.032 -1.578 0.043 0.044 1.064 "" "" 16.413622 1.632761 17.185097 15.552336 "" "" 1524.69568 1715.99377 5122.68815 2.4461 1825.5 6.5977 4766.8 8.9468 "" "" 0.002803671167494715 0.004814899 0.004293766 0.0091086645 305.51615418507 38.78491686132 1617.23145 -0.03200000000000014 -1.578 3.4399998836517334 3.8533683509826657 0.09859534 0.09959534 "" "" 39.5968001128923 "" 3.926144725442631 ""
305.40673430279 38.86734023713 0.0279 0.0307 17.1486 "" "" 2061202947649255552 1797.38147 0.5291 0.0365 -0.75 -1.618 0.037 0.04 0.953 6427.0 4.2964 16.415815 1.533499 17.112116 15.578617 "" "" 1686.58289 1901.81921 5112.34681 2.5976 1952.4 7.0083 4652.8 8.9546 "" "" 0.002810004420522739 0.0047931513 0.004318566 0.009111717 305.40673430279 38.86734023713 1797.38147 -0.750000000000001 -1.6180000000000003 2.7219998836517334 3.8133683509826657 0.09259534 0.095595345 "" "" 39.915940394931965 "" 3.7757833792815703 ""
305.19156366236 39.04051869925 0.0295 0.0356 20.4675 "" "" 2061396358607034368 1554.4137 0.6167 0.039 -4.998 -11.715 0.038 0.046 1.039 5319.6 4.2923 16.416212 1.549725 17.112944 15.563219 "" "" 1462.30322 1652.58459 5110.48556 2.8673 1950.9 7.9316 4719.2 19.072 "" "" 0.002821856119940313 0.005222072 0.005791113 0.011013185 305.19156366236 39.04051869925 1554.4137 -4.998 -11.715 -1.5260001163482668 -6.283631649017334 0.09359534 0.10159534 "" "" 47.64299765358477 "" 4.819872194836037 ""
305.60216944625 38.71386416773 0.0317 0.0388 23.3373 "" "" 2061185836499417600 1511.1626 0.6518 0.0407 1.131 -0.827 0.043 0.051 1.089 6952.9 4.3141 16.41624 1.716741 17.229755 15.513015 "" "" 1427.72913 1611.93677 5110.34883 2.5846 1751.9 8.1703 4942.6 8.8274 "" "" 0.0028095056379681027 0.005781378 0.0042478065 0.010029185 305.60216944625 38.71386416773 1511.1626 1.131 -0.827 4.602999883651734 4.604368350982666 0.09859534 0.10659534 "" "" 46.63479346460899 "" 4.788202939940964 ""
305.39031560981 38.40620783152 0.0282 0.0334 22.4705 "" "" 2061081520336427904 1666.59595 0.5707 0.0391 -2.206 -7.007 0.039 0.041 1.021 8386.5 4.1887 16.417046 1.803333 17.296492 15.493158 "" "" 1556.59436 1782.38831 5106.56383 2.2439 1647.5 8.369 5033.8 7.7632 "" "" 0.0027963195328125365 0.006180942 0.0041336995 0.0103146415 305.39031560981 38.40620783152 1666.59595 -2.2060000000000013 -7.0070000000000014 1.2659998836517334 -1.5756316490173337 0.09459534 0.09659535 "" "" 15.96703965761409 "" 1.529892923638985 ""
305.44008525236 38.82732383646 0.0297 0.0308 17.3266 "" "" 2061201882497336960 1914.49988 0.4967 0.0372 -2.573 -4.927 0.042 0.04 0.999 7182.0 4.296 16.41792 1.488052 17.101158 15.613106 "" "" 1802.23645 2027.69727 5102.45088 2.3669 1972.2 6.5391 4507.3 7.3683 "" "" 0.002800972813159324 0.0045546005 0.004175406 0.008730006 305.44008525236 38.82732383646 1914.49988 -2.5730000000000004 -4.927 0.8989998836517334 0.5043683509826664 0.09759534 0.095595345 "" "" 9.354405337724797 "" 0.9085025121582768 ""
305.60516622268 38.70257639141 0.0297 0.0344 23.4761 "" "" 2061185763475111040 1626.86975 0.5942 0.0378 -4.108 -6.686 0.04 0.045 0.946 7167.6 4.2986 16.41815 1.609216 17.175566 15.56635 "" "" 1534.75452 1745.92603 5101.37058 2.4096 1841.6 9.1224 4705.6 8.0921 "" "" 0.0028026406988880233 0.006058898 0.0042154286 0.010274326 305.60516622268 38.70257639141 1626.86975 -4.107999999999996 -6.686 -0.6360001163482663 -1.254631649017334 0.095595345 0.10059534 "" "" 10.847003201315223 "" 1.0802918484584214 ""
