Clusters/Berkeley_86/Berkeley_86_stars_in_region.tsv
# %ECSV 1.0
# ---
# datatype:
# - name: RA_ICRS_1
#   unit: deg
#   datatype: float64
#   format: '{:15.11f}'
#   description: Right ascension (ICRS) at Ep=2016.0 (ra)
#   meta: !!omap
#   - {ucd: POS_EQ_RA_MAIN}
#   - {width: 15}
#   - {precision: '11'}
# - name: DE_ICRS_1
#   unit: deg
#   datatype: float64
#   format: '{:15.11f}'
#   description: Declination (ICRS) at Ep=2016.0 (dec)
#   meta: !!omap
#   - {ucd: POS_EQ_DEC_MAIN}
#   - {width: 15}
#   - {precision: '11'}
# - name: e_RA_ICRS
#   unit: mas
#   datatype: float64
#   format: '{:7.4f}'
#   description: Standard error of right ascension (ra_error)
#   meta: !!omap
#   - {ucd: ERROR}
#   - {width: 7}
#   - {precision: '4'}
# - name: e_DE_ICRS
#   unit: mas
#   datatype: float64
#   format: '{:7.4f}'
#   description: Standard error of declination (dec_error)
#   meta: !!omap
#   - {ucd: ERROR}
#   - {width: 7}
#   - {precision: '4'}
# - name: _r_1
#   unit: ''
#   datatype: float64
#   format: '{:7.4f}'
#   description: Distance from center (305.10380725000+38.70630598000)[ICRS], at Epoch=J2016.0
#   meta: !!omap
#   - {ucd: POS_ANG_DIST_GENERAL}
#   - {width: 7}
#   - {precision: '4'}
# - name: HIP
#   datatype: int32
#   description: '? HIP cross-id number, van Leeuwen, Cat. I/311 (hip_original_ext_source_id)'
#   meta: !!omap
#   - {ucd: ID_NUMBER}
#   - {width: 6}
#   - values: {'null': -2147483648}
# - name: TYC2
#   datatype: string
#   description: Tycho-2 cross-id name, Hog et al., Cat. I/259 (tyc2_original_ext_source_id)
#   meta: !!omap
#   - {ucd: ID_CROSSID}
#   - {_votable_string_dtype: char}
# - name: Source
#   datatype: int64
#   description: Source identifier, identical to the Gaia-EDR3 source_id (id)
#   meta: !!omap
#   - {ucd: ID_MAIN}
#   - {width: 19}
# - name: rgeo
#   unit: pc
#   datatype: float64
#   format: '{:15.8f}'
#   description: '? Median of the geometric distance posterior (r_med_geo)'
#   meta: !!omap
#   - {ucd: PHYS_DISTANCE_TRUE}
#   - {width: 15}
#   - {precision: '8'}
#   - values: {'null': .nan}
# - name: Plx
#   unit: mas
#   datatype: float64
#   format: '{:9.4f}'
#   description: '? Parallax (parallax)'
#   meta: !!omap
#   - {ucd: POS_PARLX_TRIG}
#   - {width: 9}
#   - {precision: '4'}
#   - values: {'null': .nan}
# - name: e_Plx
#   unit: mas
#   datatype: float32
#   format: '{:7.4f}'
#   description: '? Standard error of parallax (parallax_error)'
#   meta: !!omap
#   - {ucd: ERROR}
#   - {width: 7}
#   - {precision: '4'}
#   - values: {'null': .nan}
# - name: pmRA
#   unit: mas / yr
#   datatype: float64
#   format: '{:9.3f}'
#   description: '? Proper motion in right ascension direction, pmRA*cosDE (pmra)'
#   meta: !!omap
#   - {ucd: POS_EQ_PMRA}
#   - {width: 9}
#   - {precision: '3'}
#   - values: {'null': .nan}
# - name: pmDE
#   unit: mas / yr
#   datatype: float64
#   format: '{:9.3f}'
#   description: '? Proper motion in declination direction (pmdec)'
#   meta: !!omap
#   - {ucd: POS_EQ_PMDEC}
#   - {width: 9}
#   - {precision: '3'}
#   - values: {'null': .nan}
# - name: e_pmRA
#   unit: mas / yr
#   datatype: float32
#   format: '{:6.3f}'
#   description: '? Standard error of proper motion in right ascension direction (pmra_error)'
#   meta: !!omap
#   - {ucd: ERROR}
#   - {width: 6}
#   - {precision: '3'}
#   - values: {'null': .nan}
# - name: e_pmDE
[...]
#         value: !astropy.table.SerializedColumn {name: SkyCoord.dec}
#       distance: !astropy.table.SerializedColumn
#         __class__: astropy.coordinates.distances.Distance
#         unit: !astropy.units.Unit {unit: pc}
#         value: !astropy.table.SerializedColumn {name: SkyCoord.distance}
#       frame: icrs
#       obstime: !astropy.time.Time {format: jyear_str, in_subfmt: '*', jd1: 367701545.0, jd2: 0.0, out_subfmt: '*', precision: 3, scale: tt}
#       pm_dec: !astropy.table.SerializedColumn
#         __class__: astropy.units.quantity.Quantity
#         unit: !astropy.units.Unit {unit: mas / yr}
#         value: !astropy.table.SerializedColumn {name: SkyCoord.pm_dec}
#       pm_ra_cosdec: !astropy.table.SerializedColumn
#         __class__: astropy.units.quantity.Quantity
#         unit: !astropy.units.Unit {unit: mas / yr}
#         value: !astropy.table.SerializedColumn {name: SkyCoord.pm_ra_cosdec}
#       ra: !astropy.table.SerializedColumn
#         __class__: astropy.coordinates.angles.Longitude
#         unit: *id001
#         value: !astropy.table.SerializedColumn {name: SkyCoord.ra}
#         wrap_angle: !astropy.coordinates.Angle
#           unit: *id001
#           value: 360.0
#       representation_type: spherical
# schema: astropy-2.0
RA_ICRS_1 DE_ICRS_1 e_RA_ICRS e_DE_ICRS _r_1 HIP TYC2 Source rgeo Plx e_Plx pmRA pmDE e_pmRA e_pmDE RUWE Teff logg Gmag BP-RP BPmag RPmag RV e_RV b_rgeo B_rgeo FG e_FG FBP e_FBP FRP e_FRP RAVE5 RAVE6 e_Gmag e_BPmag e_RPmag e_BP-RP SkyCoord.ra SkyCoord.dec SkyCoord.distance SkyCoord.pm_ra_cosdec SkyCoord.pm_dec rmRA rmDE e_rmRA e_rmDE rRV e_rRV v_pec v_pec3d e_vpec e_vpec3d
[from data line 239]
305.03410504872 38.5657659671 0.0101 0.0121 9.0431 "" "" 2061285823351750528 1921.55627 0.4878 0.0133 -2.768 -5.037 0.014 0.015 0.949 10208.5 3.849 13.909597 1.247232 14.44951 13.202278 "" "" 1874.20642 1975.78833 51417.14141 11.344 22678.0 18.0 41519.0 17.592 "" "" 0.0027657132931751126 0.0029202222 0.0038072774 0.0067275 305.03410504872 38.5657659671 1921.55627 -2.768000000000001 -5.037000000000004 0.7039998836517336 0.3943683509826661 0.069595344 0.07059534 "" "" 7.349696074044189 "" 0.513269673410819 ""
304.93922961126 38.98461740485 0.01 0.012 18.3846 "" "" 2061401100260902144 1712.77112 0.5593 0.0134 -3.178 -5.935 0.013 0.015 1.013 10236.4 4.0632 13.924191 1.064394 14.365176 13.300782 "" "" 1672.29956 1755.92395 50730.61142 9.5026 24510.0 17.494 37918.0 17.385 "" "" 0.0027628157047515866 0.0028957876 0.0038120246 0.006707812 304.93922961126 38.98461740485 1712.77112 -3.178 -5.935 0.29399988365173346 -0.5036316490173336 0.06859534 0.07059534 "" "" 4.734441017922313 "" 0.3318484428347576 ""
305.06115722212 38.82220301137 0.0096 0.013 7.2344 "" "" 2061386703530461440 1926.76978 0.4897 0.013 -0.458 -2.192 0.013 0.016 0.909 "" "" 13.930617 0.964499 14.323249 13.35875 "" "" 1884.50317 1982.70435 50431.23799 8.6983 25475.0 21.4 35947.0 17.841 "" "" 0.002761676661512172 0.002935456 0.0038176046 0.006753061 305.06115722212 38.82220301137 1926.76978 -0.45800000000000046 -2.192000000000002 3.013999883651733 3.239368350982666 0.06859534 0.07159534 "" "" 40.41001683643665 "" 2.837561477727557 ""
305.10945161142 38.33243923362 0.0099 0.0119 22.4336 "" "" 2061086193260972672 1888.84998 0.5052 0.0132 -1.281 -3.797 0.013 0.016 0.993 "" "" 13.940454 1.256039 14.484267 13.228229 "" "" 1850.66406 1935.63733 49976.44526 9.7711 21964.0 22.461 40538.0 25.208 "" "" 0.0027634852655486846 0.003002969 0.0038392127 0.006842182 305.10945161142 38.33243923362 1888.84998 -1.2810000000000001 -3.797 2.1909998836517337 1.6343683509826659 0.06859534 0.07159534 "" "" 24.472807174445663 "" 1.7053311888951261 ""
305.56203863048 38.61213582998 0.0095 0.0114 22.2003 "" "" 2061178483515391232 1718.11975 0.5561 0.0128 -3.158 -5.855 0.013 0.015 0.98 "" "" 13.946161 0.809491 14.264374 13.454883 "" "" 1679.26221 1751.21521 49714.42321 7.7313 26895.0 19.545 32901.0 17.618 "" "" 0.002760488879346572 0.0028995865 0.0038238394 0.006723426 305.56203863048 38.61213582998 1718.11975 -3.1580000000000013 -5.855000000000004 0.3139998836517335 -0.4236316490173344 0.06859534 0.07059534 "" "" 4.294383223194564 "" 0.3001461166762113 ""
304.96420485866 38.94313474177 0.0097 0.0117 15.6365 "" "" 2061400069468739712 1606.76392 0.5936 0.0129 -2.183 -7.784 0.013 0.015 0.929 "" "" 13.949924 1.128483 14.426566 13.298083 "" "" 1576.47864 1640.15527 49542.41448 17.867 23163.0 28.28 38012.0 37.223 "" "" 0.0027830035843622665 0.0030890508 0.003926082 0.007015133 304.96420485866 38.94313474177 1606.76392 -2.183 -7.784000000000001 1.2889998836517336 -2.352631649017334 0.06859534 0.07059534 "" "" 20.43092129647638 "" 1.4329970093719762 ""
305.50008452062 38.7022410076 0.0103 0.0113 18.5565 "" "" 2061197347011555584 1902.29382 0.4964 0.0132 -2.853 -3.688 0.014 0.015 1.031 "" "" 13.950067 0.96394 14.340334 13.376394 "" "" 1848.34351 1962.82129 49535.90629 8.5545 25077.0 19.16 35367.0 18.025 "" "" 0.0027616924618979596 0.0029108773 0.003819676 0.0067305537 305.50008452062 38.7022410076 1902.29382 -2.853 -3.6880000000000006 0.6189998836517332 1.7433683509826658 0.069595344 0.07059534 "" "" 16.68120003956008 "" 1.1757592234939684 ""
305.36971384335 39.04022611095 0.0099 0.0106 23.5731 "" "" 2061394159593836288 1664.3501 0.5725 0.0125 -4.218 -4.557 0.013 0.013 0.932 "" "" 13.954769 0.886884 14.307828 13.420944 "" "" 1627.23181 1700.04102 49321.80536 6.8894 25840.0 17.536 33945.0 21.552 "" "" 0.0027594908411739676 0.0028858194 0.0038417343 0.006727554 305.36971384335 39.04022611095 1664.3501 -4.218 -4.557 -0.7460001163482666 0.8743683509826656 0.06859534 0.06859534 "" "" 9.067350113284936 "" 0.6219779851200555 ""
305.23184627941 38.98011018422 0.0097 0.0122 17.484 "" "" 2061389383590244096 1867.27185 0.5084 0.0129 0.504 -1.164 0.013 0.016 1.027 "" "" 13.971705 0.950304 14.354961 13.404657 "" "" 1817.27441 1906.65833 48558.41411 8.2026 24742.0 19.521 34458.0 18.305 "" "" 0.002761417538442995 0.0029187081 0.0038231392 0.0067418474 305.23184627941 38.98011018422 1867.27185 0.504 -1.164 3.9759998836517334 4.267368350982666 0.06859534 0.07159534 "" "" 51.62341285387641 "" 3.6248510068732824 ""
305.42066298668 38.84435334826 0.0103 0.0106 16.9788 "" "" 2061202088655782528 1701.84302 0.5601 0.0129 -5.884 -4.628 0.014 0.014 1.006 "" "" 13.975561 1.37403 14.586161 13.212131 "" "" 1660.21057 1737.48962 48386.2925 10.724 19996.0 19.762 41144.0 26.122 "" "" 0.002765808127490602 0.0029893883 0.003841731 0.0068311193 305.42066298668 38.84435334826 1701.84302 -5.883999999999997 -4.628000000000001 -2.412000116348267 0.8033683509826659 0.069595344 0.069595344 "" "" 20.50783422450092 "" 1.4272497850271548 ""
304.86606415781 39.05157465285 0.0101 0.0123 23.5047 "" "" 2061405223429524608 1429.46606 0.6745 0.0133 -3.837 -4.46 0.013 0.016 0.928 "" "" 13.976095 0.89115 14.334848 13.443699 "" "" 1399.92847 1464.40808 48362.48183 7.0445 25204.0 21.611 33241.0 19.321 "" "" 0.002759855149194226 0.0029413821 0.0038317072 0.006773089 304.86606415781 39.05157465285 1429.46606 -3.836999999999998 -4.459999999999999 -0.3650001163482668 0.971368350982666 0.06859534 0.07159534 "" "" 7.030982134747486 "" 0.5008239931755534 ""
305.03409583952 38.88217458193 0.0097 0.0124 11.0442 "" "" 2061387699962899456 1998.23352 0.472 0.0129 -2.839 -4.295 0.013 0.016 1.008 "" "" 13.993365 0.998967 14.402081 13.403114 "" "" 1945.32581 2049.521 47599.3199 8.5732 23691.0 24.881 34507.0 16.239 "" "" 0.002762251027224993 0.0030141782 0.0038137638 0.006827942 305.03409583952 38.88217458193 1998.23352 -2.8389999999999995 -4.294999999999997 0.6329998836517334 1.136368350982666 0.06859534 0.07159534 "" "" 12.320478329389955 "" 0.8734773345724047 ""
304.80837384244 38.54495522447 0.0102 0.0113 16.8967 "" "" 2061283452530003840 1707.26001 0.5598 0.0137 -3.654 -5.635 0.015 0.015 0.937 8383.1 3.8226 13.99921 1.10879 14.465241 13.35645 "" "" 1660.91675 1750.73608 47343.74662 8.4037 22352.0 14.793 36023.0 14.826 "" "" 0.0027620520145025347 0.0028812115 0.0038057074 0.006686919 304.80837384244 38.54495522447 1707.26001 -3.653999999999997 -5.635000000000002 -0.18200011634826652 -0.20363164901733377 0.07059534 0.07059534 "" "" 2.210130893239713 "" 0.15602493951139368 ""
305.487531588 38.73856874212 0.022 0.0251 18.0666 "" "" 2061197656249222144 1520.80505 0.636 0.0284 -3.092 -5.568 0.029 0.033 2.742 9090.1 3.9134 13.999724 1.154995 14.466887 13.311893 "" "" 1452.11938 1612.15857 47321.33516 23.763 22318.0 18.047 37532.0 31.118 "" "" 0.0028087452488627603 0.0029250402 0.0038851087 0.006810149 305.487531588 38.73856874212 1520.80505 -3.092 -5.567999999999999 0.3799998836517333 -0.1366316490173336 0.08459534 0.088595346 "" "" 2.91096121197716 "" 0.24761450354431933 ""
305.50682709029 38.53467516236 0.0101 0.0115 21.5169 "" "" 2061177590161918720 1830.87122 0.5171 0.0131 -4.128 -7.247 0.014 0.015 0.98 "" "" 14.003268 0.964188 14.396374 13.432186 "" "" 1783.50195 1881.31946 47167.11487 7.5392 23816.0 17.828 33596.0 23.25 "" "" 0.0027607801461814307 0.002906134 0.0038533492 0.0067594834 305.50682709029 38.53467516236 1830.87122 -4.127999999999997 -7.246999999999991 -0.6560001163482667 -1.8156316490173339 0.069595344 0.07059534 "" "" 16.753569625639752 "" 1.1808015577841207 ""
305.47034989864 38.85968256819 0.0136 0.0151 19.4575 "" "" 2061202329173933952 1622.17139 0.588 0.0175 0.101 -4.575 0.018 0.02 1.44 "" "" 14.00596 0.979712 14.408064 13.428352 "" "" 1573.24084 1672.52722 47050.31543 12.494 23561.0 23.485 33715.0 27.622 "" "" 0.0027703634116888255 0.002992704 0.0038826505 0.006875355 305.47034989864 38.85968256819 1622.17139 0.10100000000000064 -4.575000000000001 3.5729998836517334 0.8563683509826658 0.073595345 0.07559534 "" "" 28.25121018381606 "" 2.082266415108161 ""
305.19154809746 38.95050592112 0.0106 0.0144 15.2151 "" "" 2061389211791557632 1688.49121 0.5627 0.0146 -3.462 -5.162 0.014 0.017 1.073 "" "" 14.015615 1.204349 14.522975 13.318625 "" "" 1654.67163 1731.63379 46633.7848 12.491 21195.0 25.598 37300.0 33.027 "" "" 0.002770625262802024 0.0030829394 0.0038997352 0.006982675 305.19154809746 38.95050592112 1688.49121 -3.461999999999999 -5.161999999999997 0.00999988365173321 0.2693683509826661 0.069595344 0.07259534 "" "" 2.157360729758084 "" 0.15660561871435066 ""
304.94651616958 39.00267572148 0.01 0.0124 19.2411 "" "" 2061401134620641280 1656.88525 0.5744 0.0134 -1.923 -4.756 0.013 0.016 0.997 "" "" 14.017897 1.034312 14.445476 13.411163 "" "" 1624.73181 1695.93457 46535.89661 6.8596 22763.0 17.378 34253.0 18.685 "" "" 0.0027599643056900785 0.0029106871 0.0038255076 0.0067361947 304.94651616958 39.00267572148 1656.88525 -1.923 -4.756000000000006 1.5489998836517334 0.6753683509826658 0.06859534 0.07159534 "" "" 13.271304335259703 "" 0.9168253090768996 ""
305.15488698874 38.9679268546 0.0215 0.0264 15.8777 "" "" 2061389108712362240 1587.58398 0.6095 0.0292 -3.388 -5.322 0.028 0.035 2.393 11902.6 3.9685 14.020181 0.972094 14.330046 13.357952 "" "" 1512.11597 1673.47949 46438.09875 20.635 25316.0 67.825 35973.0 164.51 "" "" 0.002797239635586331 0.004030678 0.0062399763 0.010270654 305.15488698874 38.9679268546 1587.58398 -3.388 -5.322000000000001 0.0839998836517335 0.10936835098266595 0.08359534 0.09059534 "" "" 1.0377453840770474 "" 0.09138707564076573 ""
305.11231058376 38.93222443301 0.0101 0.0137 13.5609 "" "" 2061389692827713408 1713.43152 0.5543 0.014 -3.032 -5.521 0.013 0.017 1.012 "" "" 14.032566 1.25946 14.577813 13.318353 41.15 12.39 1673.30566 1754.09595 45911.37893 14.743 20151.0 23.521 37309.0 47.41 "" "" 0.0027772911817191175 0.0030644946 0.0040233396 0.007087834 305.11231058376 38.93222443301 1713.43152 -3.0320000000000005 -5.521 0.43999988365173337 -0.08963164901733389 0.06859534 0.07259534 46.49222222222222 13.395981 3.6469237715299783 46.63503811680488 0.2507594454455065 13.354971163659316
305.32193677104 38.52367003653 0.0101 0.0115 14.9885 "" "" 2061188550918548224 1684.36938 0.5633 0.0136 -3.3 -6.082 0.013 0.014 1.08 "" "" 14.034088 1.443426 14.682597 13.239171 "" "" 1647.76575 1725.90515 45847.0532 9.6661 18297.0 14.414 40132.0 24.742 "" "" 0.0027648126596250913 0.0029183251 0.003838201 0.0067565264 305.32193677104 38.52367003653 1684.36938 -3.2999999999999954 -6.081999999999999 0.17199988365173358 -0.6506316490173338 0.06859534 0.069595344 "" "" 5.373032631468938 "" 0.37358944602547883 ""
305.42800885216 38.4371693015 0.0111 0.0127 22.1822 "" "" 2061175494217877760 1471.04749 0.6432 0.0149 0.721 -1.717 0.015 0.018 1.169 5153.3 3.254 14.035934 2.055919 15.083288 13.02737 0.69 1.89 1444.35498 1499.52515 45769.17321 13.172 12650.0 17.026 48776.0 37.906 "" "" 0.0027729811547634376 0.0031496848 0.0038724258 0.0070221107 305.42800885216 38.4371693015 1471.04749 0.7209999999999999 -1.717 4.1929998836517335 3.714368350982666 0.07059534 0.073595345 6.032222222222218 2.8959804 39.05855243935677 39.52161716828214 2.809475016398741 2.8115205435437933
304.97181460295 38.73127628983 0.0132 0.0166 6.3581 "" "" 2061292145543797632 1851.76147 0.5104 0.0175 -4.183 -7.282 0.018 0.022 1.372 "" "" 14.04296 2.084227 15.10923 13.025003 -28.96 1.69 1793.23157 1913.3324 45473.96364 13.327 12352.0 16.911 48883.0 23.529 "" "" 0.0027736325835723634 0.0031614306 0.0038153424 0.006976773 304.97181460295 38.73127628983 1851.76147 -4.183 -7.282 -0.7110001163482664 -1.850631649017334 0.073595345 0.07759534 -23.617777777777782 2.6959805 17.40121115449671 29.336011603554336 1.3415027296800681 2.3117436690472997
305.50337990357 38.78492583311 0.012 0.0128 19.2842 "" "" 2061198927559792000 1560.0946 0.609 0.015 -3.801 -7.438 0.017 0.017 1.175 "" "" 14.047132 1.42395 14.665573 13.241623 "" "" 1523.22437 1599.75574 45299.56621 9.5179 18586.0 35.898 40041.0 115.37 "" "" 0.0027647477412738606 0.0034903672 0.004906135 0.008396503 305.50337990357 38.78492583311 1560.0946 -3.8010000000000024 -7.437999999999999 -0.32900011634826676 -2.0066316490173337 0.07259534 0.07259534 "" "" 15.03685947105633 "" 1.091605970849946 ""
305.05529756904 38.68426685989 0.0147 0.018 2.6285 "" "" 2061288709569838464 1696.22729 0.5609 0.0192 -3.704 -6.667 0.02 0.025 1.44 10462.8 3.9424 14.04816 1.143835 14.520683 13.376848 "" "" 1651.23145 1748.92126 45256.71654 9.9873 21239.0 15.63 35352.0 38.533 "" "" 0.002765718394040997 0.0029023192 0.003960333 0.006862652 305.05529756904 38.68426685989 1696.22729 -3.7040000000000006 -6.667000000000002 -0.23200011634826678 -1.2356316490173338 0.07559534 0.080595344 "" "" 10.108220314804996 "" 0.8130061093228966 ""
304.7473055664 38.72449072701 0.01 0.0111 16.7255 "" "" 2061298055419035648 1929.70447 0.4917 0.0132 -2.652 -5.257 0.013 0.014 1.043 "" "" 14.050044 1.036527 14.477645 13.441118 "" "" 1885.32458 1975.15308 45178.20927 22.863 22098.0 43.934 33320.0 47.611 "" "" 0.002809570285367099 0.0035276904 0.004085413 0.007613104 304.7473055664 38.72449072701 1929.70447 -2.6519999999999984 -5.257 0.8199998836517333 0.17436835098266634 0.06859534 0.069595344 "" "" 7.66807403480521 "" 0.5263282080959488 ""
305.35899280528 39.02749526174 0.0098 0.0106 22.6606 "" "" 2061392682125086848 1462.32397 0.6579 0.0125 -5.619 -9.133 0.013 0.013 1.015 "" "" 14.050197 1.146237 14.539084 13.392846 -3.86 8.78 1437.6886 1489.65466 45171.85849 6.3536 20883.0 15.121 34835.0 16.012 "" "" 0.002759549000380249 0.00289881 0.0038121897 0.0067109996 305.35899280528 39.02749526174 1462.32397 -5.619 -9.133 -2.1470001163482664 -3.701631649017333 0.06859534 0.06859534 1.482222222222219 9.78598 29.661022014542166 29.69803376762853 2.0346079591850006 2.089944511316556
305.27336674687 38.9788961097 0.01 0.0117 18.1738 "" "" 2061392269808247168 1894.1084 0.4978 0.0133 -2.007 -4.292 0.013 0.015 0.991 7988.3 3.9597 14.059241 0.998661 14.466916 13.468255 "" "" 1854.75293 1948.60974 44797.13041 8.6056 22318.0 20.431 32498.0 22.362 "" "" 0.002763203130081304 0.002961918 0.0038525166 0.0068144347 305.27336674687 38.9788961097 1894.1084 -2.0069999999999975 -4.292 1.4649998836517333 1.1393683509826662 0.06859534 0.07059534 "" "" 16.66245578452164 "" 1.15563956733165 ""
305.01850681993 38.64722881694 0.0115 0.0145 5.3412 "" "" 2061288537771819520 1415.01746 0.6766 0.0153 -2.438 -8.919 0.016 0.019 1.195 "" "" 14.060132 1.405166 14.685435 13.28027 "" "" 1384.38062 1441.74231 44760.39538 10.79 18249.0 17.004 38641.0 16.853 "" "" 0.002767723155207486 0.0029679139 0.0038089321 0.006776846 305.01850681993 38.64722881694 1415.01746 -2.4380000000000006 -8.919 1.0339998836517332 -3.4876316490173345 0.07159534 0.07459534 "" "" 24.398597947969204 "" 1.8142174175798174 ""
304.92381145155 39.0222991719 0.0348 0.0444 20.7407 "" "" 2061404158277623680 1478.60193 0.6586 0.0477 -1.829 -0.068 0.046 0.057 3.726 6490.2 3.6939 14.065801 1.211132 14.581466 13.370334 -35.87 5.15 1370.81152 1594.29028 44527.30564 16.259 20083.0 21.937 35565.0 17.357 "" "" 0.002783696175679264 0.00303176 0.0038163462 0.006848106 304.92381145155 39.0222991719 1478.60193 -1.8289999999999997 -0.06800000000000012 1.6429998836517334 5.363368350982666 0.10159534 0.11259534 -30.52777777777778 6.1559806 39.313765477608634 49.77466596651147 4.3911166387893905 5.126776453854704
