Clusters/Berkeley_86/Berkeley_86_stars_in_region.tsv
# %ECSV 1.0
# ---
# datatype:
# - name: RA_ICRS_1
#   unit: deg
#   datatype: float64
#   format: '{:15.11f}'
#   description: Right ascension (ICRS) at Ep=2016.0 (ra)
#   meta: !!omap
#   - {ucd: POS_EQ_RA_MAIN}
#   - {width: 15}
#   - {precision: '11'}
# - name: DE_ICRS_1
#   unit: deg
#   datatype: float64
#   format: '{:15.11f}'
#   description: Declination (ICRS) at Ep=2016.0 (dec)
#   meta: !!omap
#   - {ucd: POS_EQ_DEC_MAIN}
#   - {width: 15}
#   - {precision: '11'}
# - name: e_RA_ICRS
#   unit: mas
#   datatype: float64
#   format: '{:7.4f}'
#   description: Standard error of right ascension (ra_error)
#   meta: !!omap
#   - {ucd: ERROR}
#   - {width: 7}
#   - {precision: '4'}
# - name: e_DE_ICRS
#   unit: mas
#   datatype: float64
#   format: '{:7.4f}'
#   description: Standard error of declination (dec_error)
#   meta: !!omap
#   - {ucd: ERROR}
#   - {width: 7}
#   - {precision: '4'}
# - name: _r_1
#   unit: ''
#   datatype: float64
#   format: '{:7.4f}'
#   description: Distance from center (305.10380725000+38.70630598000)[ICRS], at Epoch=J2016.0
#   meta: !!omap
#   - {ucd: POS_ANG_DIST_GENERAL}
#   - {width: 7}
#   - {precision: '4'}
# - name: HIP
#   datatype: int32
#   description: '? HIP cross-id number, van Leeuwen, Cat. I/311 (hip_original_ext_source_id)'
#   meta: !!omap
#   - {ucd: ID_NUMBER}
#   - {width: 6}
#   - values: {'null': -2147483648}
# - name: TYC2
#   datatype: string
#   description: Tycho-2 cross-id name, Hog et al., Cat. I/259 (tyc2_original_ext_source_id)
#   meta: !!omap
#   - {ucd: ID_CROSSID}
#   - {_votable_string_dtype: char}
# - name: Source
#   datatype: int64
#   description: Source identifier, identical to the Gaia-EDR3 source_id (id)
#   meta: !!omap
#   - {ucd: ID_MAIN}
#   - {width: 19}
# - name: rgeo
#   unit: pc
#   datatype: float64
#   format: '{:15.8f}'
#   description: '? Median of the geometric distance posterior (r_med_geo)'
#   meta: !!omap
#   - {ucd: PHYS_DISTANCE_TRUE}
#   - {width: 15}
#   - {precision: '8'}
#   - values: {'null': .nan}
# - name: Plx
#   unit: mas
#   datatype: float64
#   format: '{:9.4f}'
#   description: '? Parallax (parallax)'
#   meta: !!omap
#   - {ucd: POS_PARLX_TRIG}
#   - {width: 9}
#   - {precision: '4'}
#   - values: {'null': .nan}
# - name: e_Plx
#   unit: mas
#   datatype: float32
#   format: '{:7.4f}'
#   description: '? Standard error of parallax (parallax_error)'
#   meta: !!omap
#   - {ucd: ERROR}
#   - {width: 7}
#   - {precision: '4'}
#   - values: {'null': .nan}
# - name: pmRA
#   unit: mas / yr
#   datatype: float64
#   format: '{:9.3f}'
#   description: '? Proper motion in right ascension direction, pmRA*cosDE (pmra)'
#   meta: !!omap
#   - {ucd: POS_EQ_PMRA}
#   - {width: 9}
#   - {precision: '3'}
#   - values: {'null': .nan}
# - name: pmDE
#   unit: mas / yr
#   datatype: float64
#   format: '{:9.3f}'
#   description: '? Proper motion in declination direction (pmdec)'
#   meta: !!omap
#   - {ucd: POS_EQ_PMDEC}
#   - {width: 9}
#   - {precision: '3'}
#   - values: {'null': .nan}
# - name: e_pmRA
#   unit: mas / yr
#   datatype: float32
#   format: '{:6.3f}'
#   description: '? Standard error of proper motion in right ascension direction (pmra_error)'
#   meta: !!omap
#   - {ucd: ERROR}
#   - {width: 6}
#   - {precision: '3'}
#   - values: {'null': .nan}
# - name: e_pmDE
[...]
#         value: !astropy.table.SerializedColumn {name: SkyCoord.dec}
#       distance: !astropy.table.SerializedColumn
#         __class__: astropy.coordinates.distances.Distance
#         unit: !astropy.units.Unit {unit: pc}
#         value: !astropy.table.SerializedColumn {name: SkyCoord.distance}
#       frame: icrs
#       obstime: !astropy.time.Time {format: jyear_str, in_subfmt: '*', jd1: 367701545.0, jd2: 0.0, out_subfmt: '*', precision: 3, scale: tt}
#       pm_dec: !astropy.table.SerializedColumn
#         __class__: astropy.units.quantity.Quantity
#         unit: !astropy.units.Unit {unit: mas / yr}
#         value: !astropy.table.SerializedColumn {name: SkyCoord.pm_dec}
#       pm_ra_cosdec: !astropy.table.SerializedColumn
#         __class__: astropy.units.quantity.Quantity
#         unit: !astropy.units.Unit {unit: mas / yr}
#         value: !astropy.table.SerializedColumn {name: SkyCoord.pm_ra_cosdec}
#       ra: !astropy.table.SerializedColumn
#         __class__: astropy.coordinates.angles.Longitude
#         unit: *id001
#         value: !astropy.table.SerializedColumn {name: SkyCoord.ra}
#         wrap_angle: !astropy.coordinates.Angle
#           unit: *id001
#           value: 360.0
#       representation_type: spherical
# schema: astropy-2.0
RA_ICRS_1 DE_ICRS_1 e_RA_ICRS e_DE_ICRS _r_1 HIP TYC2 Source rgeo Plx e_Plx pmRA pmDE e_pmRA e_pmDE RUWE Teff logg Gmag BP-RP BPmag RPmag RV e_RV b_rgeo B_rgeo FG e_FG FBP e_FBP FRP e_FRP RAVE5 RAVE6 e_Gmag e_BPmag e_RPmag e_BP-RP SkyCoord.ra SkyCoord.dec SkyCoord.distance SkyCoord.pm_ra_cosdec SkyCoord.pm_dec rmRA rmDE e_rmRA e_rmDE rRV e_rRV v_pec v_pec3d e_vpec e_vpec3d
[from data line 1113]
305.39283127975 38.74306980417 0.0258 0.0274 13.7078 "" "" 2061192708446950400 1583.10657 0.6018 0.0322 -3.264 -7.022 0.034 0.037 1.023 6837.9 4.2484 16.208406 1.542497 16.930529 15.388032 "" "" 1513.74036 1680.86499 6188.48744 2.6255 2307.8 7.0814 5545.6 12.457 "" "" 0.0027935584825608357 0.0043455972 0.0044979807 0.008843578 305.39283127975 38.74306980417 1583.10657 -3.264000000000001 -7.022000000000002 0.2079998836517336 -1.5906316490173342 0.08959535 0.09259534 "" "" 12.037598738700996 "" 1.1140280766787454 ""
305.47845690427 38.94221131732 0.0271 0.0282 22.5175 "" "" 2061205009233554048 1475.68237 0.6493 0.0344 -5.663 -10.832 0.036 0.036 1.029 4907.8 4.1896 16.211296 1.538544 16.927286 15.388742 "" "" 1416.01013 1559.46826 6172.03823 2.6753 2314.7 7.156 5541.9 6.699 "" "" 0.002795222767728308 0.00436484 0.0040007746 0.008365614 305.47845690427 38.94221131732 1475.68237 -5.663 -10.832 -2.191000116348267 -5.400631649017335 0.09159534 0.09159534 "" "" 40.766344265420976 "" 3.734007032886167 ""
304.65656275302 38.8281920235 0.025 0.0292 22.1641 "" "" 2061302453465905024 1516.63623 0.6333 0.0327 -7.138 -11.65 0.034 0.037 0.998 4973.0 4.1683 16.212395 1.781457 17.074486 15.293029 "" "" 1437.09583 1594.69531 6165.79667 2.6549 2021.3 6.8954 6052.7 7.5735 "" "" 0.002794699861914406 0.0046371897 0.0040161363 0.008653326 304.65656275302 38.8281920235 1516.63623 -7.138 -11.65 -3.6660001163482665 -6.218631649017334 0.08959535 0.09259534 "" "" 51.894843528881836 "" 4.765555985255835 ""
304.94078810291 38.41740019377 0.0276 0.0312 18.9466 "" "" 2061091068037100928 1463.93213 0.6619 0.0344 -3.92 -5.826 0.036 0.04 1.02 7861.3 4.2094 16.213316 1.657952 16.99735 15.339398 "" "" 1389.38379 1539.32544 6160.55833 2.77 2170.1 9.2538 5799.6 9.0438 "" "" 0.002798234001832054 0.0054055844 0.004141285 0.009546869 304.94078810291 38.41740019377 1463.93213 -3.920000000000001 -5.8260000000000005 -0.44800011634826653 -0.3946316490173336 0.09159534 0.095595345 "" "" 4.142775805658316 "" 0.386786508500241 ""
305.31323755341 38.98812012313 0.0261 0.0291 19.5368 "" "" 2061392132369277824 1589.00769 0.5961 0.035 -5.391 -7.62 0.033 0.037 0.964 6694.9 4.1437 16.213636 1.668303 17.000864 15.332561 "" "" 1521.76428 1669.96411 6158.73933 2.584 2163.1 8.1137 5836.3 10.461 "" "" 0.0027927235154942094 0.004936672 0.004250993 0.009187665 305.31323755341 38.98812012313 1589.00769 -5.391 -7.620000000000008 -1.9190001163482666 -2.188631649017334 0.088595346 0.09259534 "" "" 21.923732019096764 "" 1.9923940290424693 ""
305.38436744431 38.49941309064 0.0271 0.0285 18.0875 "" "" 2061176593729556736 1624.87708 0.5837 0.035 -3.302 -5.928 0.036 0.036 1.008 7582.0 4.1861 16.213661 1.692553 17.022013 15.32946 "" "" 1545.6626 1699.21106 6158.60113 3.7664 2121.3 7.9878 5852.9 12.122 "" "" 0.0028341994694232645 0.004949723 0.004397759 0.009347482 305.38436744431 38.49941309064 1624.87708 -3.302 -5.927999999999999 0.16999988365173335 -0.4966316490173339 0.09159534 0.09159534 "" "" 4.042904757450037 "" 0.3703112228881505 ""
305.59074399302 38.61296387946 0.0246 0.0292 23.4914 "" "" 2061184152871936640 1379.67065 0.7022 0.0324 -0.261 -7.241 0.033 0.039 0.991 4852.2 4.2906 16.21521 1.492838 16.899073 15.406235 "" "" 1321.22314 1436.7688 6149.82758 2.3517 2375.7 8.8383 5453.4 9.4567 "" "" 0.0027864259010820036 0.0049092406 0.0042223856 0.009131626 305.59074399302 38.61296387946 1379.67065 -0.2609999999999979 -7.241000000000002 3.2109998836517333 -1.8096316490173336 0.088595346 0.09459534 "" "" 24.10394764724539 "" 2.171240807557832 ""
304.73809637159 38.81720640927 0.0248 0.0279 18.3582 "" "" 2061307366908232320 2008.24683 0.4713 0.032 -0.343 -2.131 0.033 0.036 0.976 6681.2 4.2992 16.215265 1.359452 16.819881 15.460429 "" "" 1866.54126 2162.72925 6149.51384 2.4439 2555.4 9.3688 5187.8 9.9666 "" "" 0.0027889011802608703 0.0048610996 0.004316781 0.00917788 304.73809637159 38.81720640927 2008.24683 -0.34300000000000125 -2.1310000000000002 3.1289998836517334 3.3003683509826662 0.088595346 0.09159534 "" "" 43.291531380308136 "" 3.904363022017297 ""
304.87577695042 38.59756670105 0.0258 0.0298 12.5193 "" "" 2061283830487100288 1800.34937 0.5365 0.035 -4.364 -8.14 0.038 0.039 0.968 5025.9 4.1733 16.217813 1.628162 16.983356 15.355194 "" "" 1690.37817 1909.56067 6135.09313 2.5397 2198.2 7.2127 5715.8 8.3294 "" "" 0.002791737558411256 0.004525092 0.004097204 0.008622296 304.87577695042 38.59756670105 1800.34937 -4.364 -8.14 -0.8920001163482665 -2.7086316490173346 0.09359534 0.09459534 "" "" 24.3356613555852 "" 2.2996706042460384 ""
305.53038101606 38.50991936111 0.0453 0.0491 23.2132 "" "" 2061174566505202304 1376.43713 0.6978 0.0582 1.184 0.298 0.062 0.066 1.838 5496.6 4.4975 16.21967 1.505088 16.877071 15.371984 "" "" 1285.02393 1488.99365 6124.61363 6.4811 2424.3 9.6448 5628.1 8.6257 "" "" 0.002985269528556884 0.0051422687 0.0041294876 0.009271756 305.53038101606 38.50991936111 1376.43713 1.184 0.29800000000000004 4.655999883651734 5.729368350982666 0.117595345 0.12159534 "" "" 48.166922108583485 "" 5.781011076764539 ""
305.01058413725 38.64233254198 0.039 0.0472 5.814 "" "" 2061287060302406400 1561.65076 0.6257 0.0513 -7.033 -10.181 0.053 0.062 1.547 8068.8 4.1791 16.223211 1.877396 17.12961 15.252214 "" "" 1456.22534 1689.54089 6104.67287 4.4539 1921.2 8.0446 6284.5 8.9269 "" "" 0.0028669280362033154 0.0053342017 0.0040819426 0.009416144 305.01058413725 38.64233254198 1561.65076 -7.033 -10.181 -3.561000116348267 -4.749631649017333 0.10859534 0.117595345 "" "" 43.941866395417776 "" 5.028633402756197 ""
305.3088074836 38.8588324049 0.0269 0.0284 13.2546 "" "" 2061384882464426752 1677.49219 0.5684 0.0351 -9.034 -7.557 0.036 0.038 0.97 6741.0 4.0359 16.229446 1.919415 17.181623 15.262209 "" "" 1603.39233 1799.50195 6069.71383 2.7826 1831.3 10.016 6226.9 10.15 "" "" 0.002799917756400055 0.0065610944 0.0041732285 0.010734323 305.3088074836 38.8588324049 1677.49219 -9.033999999999988 -7.556999999999999 -5.562000116348267 -2.1256316490173344 0.09159534 0.09359534 "" "" 47.34481450034953 "" 4.348746223123503 ""
305.32943564568 38.35389235989 0.0502 0.0462 23.6486 "" "" 2061081142374310144 1594.96143 0.5746 0.0564 -2.904 -3.342 0.06 0.058 1.151 "" "" 16.232544 "" "" "" "" "" 1463.40369 1748.47363 6052.41846 6.4631 "" "" "" "" "" "" 0.002989316971864975 "" "" "" 305.32943564568 38.35389235989 1594.96143 -2.904 -3.342 0.5679998836517335 2.089368350982666 0.11559534 0.11359534 "" "" 16.369153378094158 "" 1.8617309197125744 ""
305.11660524675 38.86160249142 0.0256 0.0349 9.337 "" "" 2061387047127837824 1623.03357 0.6061 0.0357 1.521 4.726 0.034 0.042 1.027 7514.7 4.1148 16.233374 1.62149 16.990135 15.368645 "" "" 1520.9823 1701.74146 6047.79432 2.6292 2184.6 8.626 5645.5 12.548 "" "" 0.002795457487327551 0.0051150876 0.0044841217 0.009599209 305.11660524675 38.86160249142 1623.03357 1.520999999999999 4.725999999999995 4.992999883651733 10.157368350982665 0.08959535 0.09759534 "" "" 87.07311952287962 "" 8.366914230582873 ""
305.38288678336 38.48556422924 0.0275 0.0293 18.6196 "" "" 2061176593729551104 1550.92834 0.6132 0.0357 -10.287 -10.373 0.036 0.037 1.012 6718.3 4.268 16.2351 1.578834 16.97125 15.392416 "" "" 1469.44702 1631.95459 6038.1901 2.6069 2222.9 7.2581 5523.2 10.775 "" "" 0.0027949090444971104 0.0045113983 0.004332455 0.008843853 305.38288678336 38.48556422924 1550.92834 -10.287 -10.373 -6.815000116348267 -4.941631649017333 0.09159534 0.09259534 "" "" 61.88462329312297 "" 5.689744412506216 ""
304.76431985967 38.77720774441 0.0254 0.0286 16.4472 "" "" 2061304137092756608 1445.78979 0.6653 0.0337 -0.086 -3.691 0.034 0.037 1.026 4999.8 4.3125 16.236032 1.441264 16.886057 15.444793 "" "" 1374.73071 1513.08594 6033.00375 2.4704 2404.3 6.2718 5263.1 7.9741 "" "" 0.0027909582855052922 0.003975745 0.0041218605 0.008097606 304.76431985967 38.77720774441 1445.78979 -0.08600000000000141 -3.691 3.3859998836517335 1.7403683509826662 0.08959535 0.09259534 "" "" 26.0901024214583 "" 2.354123514898798 ""
305.20260719455 38.91629950623 0.0268 0.0336 13.4196 "" "" 2061385810177441920 1925.02393 0.4968 0.037 -5.223 -11.582 0.037 0.046 0.981 6317.6 3.9958 16.240717 1.770252 17.098036 15.327784 "" "" 1799.02881 2087.67676 6007.03524 2.6713 1977.9 7.225 5862.0 7.7299 "" "" 0.0027973033797984597 0.004849183 0.004041472 0.008890655 305.20260719455 38.91629950623 1925.02393 -5.223 -11.582 -1.7510001163482665 -6.150631649017335 0.09259534 0.10159534 "" "" 58.35207843758974 "" 5.890551099121876 ""
305.27933665264 39.04791138586 0.0275 0.0324 22.0753 "" "" 2061395808861321856 2032.93591 0.471 0.0352 -1.099 -3.156 0.034 0.041 0.996 7965.6 4.2669 16.242422 1.677852 17.038155 15.360303 "" "" 1899.36975 2171.49487 5997.60132 2.5826 2090.0 9.2415 5689.0 8.3302 "" "" 0.0027947035722127246 0.0055527887 0.004100147 0.009652936 305.27933665264 39.04791138586 2032.93591 -1.0989999999999998 -3.1559999999999997 2.372999883651733 2.275368350982666 0.08959535 0.09659535 "" "" 31.67986540043933 "" 2.9466756152201956 ""
304.6107779819 38.60366400559 0.0283 0.0295 23.9078 "" "" 2061295375359486976 1423.75171 0.6771 0.0366 -3.157 -7.476 0.039 0.038 1.054 5703.9 4.5592 16.242588 1.348625 16.83694 15.488316 "" "" 1354.62671 1488.46362 5996.69191 2.6661 2515.6 11.567 5056.3 8.791 "" "" 0.0027972846220403417 0.005719128 0.004224581 0.009943709 304.6107779819 38.60366400559 1423.75171 -3.1570000000000014 -7.475999999999997 0.31499988365173337 -2.044631649017334 0.09459534 0.09359534 "" "" 13.961158936839473 "" 1.3070248051067994 ""
304.94058932751 38.6760222828 0.0334 0.0426 7.8568 "" "" 2061290290117911552 1793.20703 0.5444 0.0471 -3.072 -2.43 0.048 0.053 1.264 6494.9 3.9779 16.242956 1.71586 17.058023 15.342163 "" "" 1663.52087 1975.7771 5994.65992 3.1997 2052.1 7.4009 5784.9 10.514 "" "" 0.002815605395620669 0.0048080985 0.0042635314 0.0090716295 304.94058932751 38.6760222828 1793.20703 -3.072 -2.4299999999999997 0.39999988365173333 3.001368350982666 0.103595346 0.10859534 "" "" 25.73659540857886 "" 2.792679482531124 ""
304.84463561428 38.63900548992 0.0282 0.0324 12.7945 "" "" 2061290736794578816 1661.84546 0.578 0.0379 -3.656 -5.642 0.04 0.043 1.006 5216.7 3.6402 16.244263 2.069701 17.289204 15.219502 "" "" 1560.00391 1752.44434 5987.4455 23.67 1658.6 32.72 6476.7 59.478 "" "" 0.005100476304261081 0.021599809 0.01066298 0.032262787 304.84463561428 38.63900548992 1661.84546 -3.6560000000000006 -5.642000000000002 -0.18400011634826674 -0.21063164901733433 0.095595345 0.09859534 "" "" 2.203092323641835 "" 0.2143790211264562 ""
305.20545570151 39.01711871318 0.028 0.0363 19.2439 "" "" 2061395533983433344 1928.49976 0.4887 0.0379 -7.408 -9.834 0.036 0.044 1.076 "" "" 16.246325 2.007255 17.26036 15.253106 "" "" 1802.43652 2074.53394 5976.08585 2.8686 1703.2 10.285 6279.4 10.161 "" "" 0.002804176374995757 0.007125373 0.0041677766 0.01129315 305.20545570151 39.01711871318 1928.49976 -7.408 -9.834 -3.936000116348267 -4.402631649017334 0.09159534 0.09959534 "" "" 53.98295730629836 "" 5.1890495153217575 ""
305.26898472396 38.9419083984 0.0272 0.0306 16.1073 "" "" 2061386085055328000 2017.58118 0.4757 0.0359 -2.995 -3.496 0.036 0.04 1.037 6579.3 4.0269 16.247858 1.720974 17.068842 15.347868 "" "" 1888.07837 2174.53613 5967.65674 2.7097 2031.8 7.4186 5754.5 13.804 "" "" 0.0027990770926263446 0.0048477454 0.004589887 0.009437632 305.26898472396 38.9419083984 2017.58118 -2.994999999999999 -3.4959999999999996 0.4769998836517333 1.935368350982666 0.09159534 0.095595345 "" "" 19.062438483662763 "" 1.8180001672561554 ""
305.24748703338 38.42861108884 0.0268 0.032 17.9734 "" "" 2061094022977699328 1846.1731 0.5091 0.0373 -0.39 -3.56 0.037 0.037 0.932 "" "" 16.248465 2.065033 17.301369 15.236336 "" "" 1746.9845 2006.22925 5964.3145 2.8427 1640.1 7.6898 6377.1 9.6249 "" "" 0.0028034936188816705 0.0058051064 0.004119349 0.009924456 305.24748703338 38.42861108884 1846.1731 -0.38999999999999857 -3.560000000000002 3.0819998836517333 1.871368350982666 0.09259534 0.09259534 "" "" 31.552577595095475 "" 2.9216216131067316 ""
305.44147728725 38.90694373422 0.0275 0.0287 19.854 "" "" 2061203463045329664 1820.09607 0.5209 0.0357 -3.355 -4.893 0.036 0.037 0.979 5064.9 4.1729 16.253296 1.685841 17.051315 15.365475 "" "" 1699.62744 1951.73889 5937.84136 2.9489 2064.9 8.3203 5662.0 7.2758 "" "" 0.0028075850679482135 0.0051888786 0.0040286845 0.009217563 305.44147728725 38.90694373422 1820.09607 -3.3550000000000004 -4.892999999999999 0.11699988365173342 0.5383683509826662 0.09159534 0.09259534 "" "" 4.753057563767885 "" 0.43989772129066823 ""
305.28006793379 38.72895433941 0.0266 0.0304 8.3627 "" "" 2061194701311821184 1586.29114 0.6096 0.035 -2.814 -4.854 0.036 0.039 0.975 6010.4 4.2397 16.254442 1.626951 16.981308 15.354357 "" "" 1505.06299 1685.28979 5931.56877 2.9226 2202.4 15.53 5720.3 13.358 "" "" 0.0028067731105132026 0.008148543 0.0045510433 0.012699585 305.28006793379 38.72895433941 1586.29114 -2.8140000000000005 -4.854 0.6579998836517333 0.5773683509826659 0.09159534 0.09459534 "" "" 6.582119617572945 "" 0.6115596539845596 ""
304.83040861464 38.64997685827 0.0261 0.0292 13.2445 "" "" 2061284929998817280 1971.90381 0.4892 0.0339 -2.908 -6.257 0.037 0.038 1.013 6477.9 4.0059 16.257353 1.69372 17.053976 15.360256 "" "" 1837.51941 2150.82178 5915.68988 2.5967 2059.8 6.9082 5689.3 10.946 "" "" 0.002796233711251165 0.0045874375 0.0043182517 0.008905689 304.83040861464 38.64997685827 1971.90381 -2.908000000000004 -6.257 0.5639998836517335 -0.8256316490173337 0.09259534 0.09359534 "" "" 9.345718678900738 "" 0.8717530492399505 ""
304.92395056416 38.37815342249 0.0279 0.0327 21.422 "" "" 2061090694386851200 1489.19775 0.6458 0.035 -0.106 -6.43 0.037 0.042 1.0 4979.3 3.6322 16.258453 1.827072 17.15636 15.329289 "" "" 1417.71545 1578.62683 5909.6974 2.7757 1874.4 8.6024 5853.9 9.6113 "" "" 0.00280211405518673 0.0057108914 0.0041786954 0.009889587 304.92395056416 38.37815342249 1489.19775 -0.10600000000000032 -6.429999999999999 3.3659998836517335 -0.9986316490173337 0.09259534 0.09759534 "" "" 24.783537350964007 "" 2.3051125864132156 ""
304.59492183786 38.71156075925 0.0255 0.0301 23.8281 "" "" 2061299429808745728 1901.38953 0.4939 0.0345 -0.707 -3.807 0.034 0.036 0.984 6309.6 4.3718 16.261488 1.299316 16.839733 15.540418 "" "" 1777.67798 2030.60132 5893.2049 2.3278 2509.1 7.234 4819.4 8.1516 "" "" 0.002788496503321002 0.0041933013 0.004201928 0.0083952295 304.59492183786 38.71156075925 1901.38953 -0.7070000000000007 -3.8070000000000004 2.7649998836517335 1.624368350982666 0.08959535 0.09159534 "" "" 28.90188610177798 "" 2.6044278532697556 ""
305.42932442793 38.80941380586 0.0283 0.0293 16.4388 "" "" 2061201710698643072 1616.8208 0.6046 0.0351 -4.333 -10.349 0.039 0.038 1.059 6918.9 4.1953 16.26164 1.502856 16.939209 15.436353 "" "" 1513.63794 1753.677 5892.37551 2.7663 2289.5 7.0386 5304.2 7.8169 "" "" 0.0028020716708783626 0.004350454 0.0041041384 0.008454593 305.42932442793 38.80941380586 1616.8208 -4.332999999999997 -10.349 -0.8610001163482668 -4.917631649017334 0.09459534 0.09359534 "" "" 38.26068835610736 "" 3.5821660452656494 ""
