Clusters/Pismis_27/Pismis_27_stars_in_region.tsv
# %ECSV 1.0
# ---
# datatype:
# - name: RA_ICRS_1
#   unit: deg
#   datatype: float64
#   format: '{:15.11f}'
#   description: Right ascension (ICRS) at Ep=2016.0 (ra)
#   meta: !!omap
#   - {ucd: POS_EQ_RA_MAIN}
#   - {width: 15}
#   - {precision: '11'}
# - name: DE_ICRS_1
#   unit: deg
#   datatype: float64
#   format: '{:15.11f}'
#   description: Declination (ICRS) at Ep=2016.0 (dec)
#   meta: !!omap
#   - {ucd: POS_EQ_DEC_MAIN}
#   - {width: 15}
#   - {precision: '11'}
# - name: e_RA_ICRS
#   unit: mas
#   datatype: float64
#   format: '{:7.4f}'
#   description: Standard error of right ascension (ra_error)
#   meta: !!omap
#   - {ucd: ERROR}
#   - {width: 7}
#   - {precision: '4'}
# - name: e_DE_ICRS
#   unit: mas
#   datatype: float64
#   format: '{:7.4f}'
#   description: Standard error of declination (dec_error)
#   meta: !!omap
#   - {ucd: ERROR}
#   - {width: 7}
#   - {precision: '4'}
# - name: _r_1
#   unit: ''
#   datatype: float64
#   format: '{:7.4f}'
#   description: Distance from center (092.72030721000+20.62189436000)[ICRS], at Epoch=J2016.0
#   meta: !!omap
#   - {ucd: POS_ANG_DIST_GENERAL}
#   - {width: 7}
#   - {precision: '4'}
# - name: HIP
#   datatype: int32
#   description: '? HIP cross-id number, van Leeuwen, Cat. I/311 (hip_original_ext_source_id)'
#   meta: !!omap
#   - {ucd: ID_NUMBER}
#   - {width: 6}
#   - values: {'null': -2147483648}
# - name: TYC2
#   datatype: string
#   description: Tycho-2 cross-id name, Hog et al., Cat. I/259 (tyc2_original_ext_source_id)
#   meta: !!omap
#   - {ucd: ID_CROSSID}
#   - {_votable_string_dtype: char}
# - name: Source
#   datatype: int64
#   description: Source identifier, identical to the Gaia-EDR3 source_id (id)
#   meta: !!omap
#   - {ucd: ID_MAIN}
#   - {width: 19}
# - name: rgeo
#   unit: pc
#   datatype: float64
#   format: '{:15.8f}'
#   description: '? Median of the geometric distance posterior (r_med_geo)'
#   meta: !!omap
#   - {ucd: PHYS_DISTANCE_TRUE}
#   - {width: 15}
#   - {precision: '8'}
#   - values: {'null': .nan}
# - name: Plx
#   unit: mas
#   datatype: float64
#   format: '{:9.4f}'
#   description: '? Parallax (parallax)'
#   meta: !!omap
#   - {ucd: POS_PARLX_TRIG}
#   - {width: 9}
#   - {precision: '4'}
#   - values: {'null': .nan}
# - name: e_Plx
#   unit: mas
#   datatype: float32
#   format: '{:7.4f}'
#   description: '? Standard error of parallax (parallax_error)'
#   meta: !!omap
#   - {ucd: ERROR}
#   - {width: 7}
#   - {precision: '4'}
#   - values: {'null': .nan}
# - name: pmRA
#   unit: mas / yr
#   datatype: float64
#   format: '{:9.3f}'
#   description: '? Proper motion in right ascension direction, pmRA*cosDE (pmra)'
#   meta: !!omap
#   - {ucd: POS_EQ_PMRA}
#   - {width: 9}
#   - {precision: '3'}
#   - values: {'null': .nan}
# - name: pmDE
#   unit: mas / yr
#   datatype: float64
#   format: '{:9.3f}'
#   description: '? Proper motion in declination direction (pmdec)'
#   meta: !!omap
#   - {ucd: POS_EQ_PMDEC}
#   - {width: 9}
#   - {precision: '3'}
#   - values: {'null': .nan}
# - name: e_pmRA
#   unit: mas / yr
#   datatype: float32
#   format: '{:6.3f}'
#   description: '? Standard error of proper motion in right ascension direction (pmra_error)'
#   meta: !!omap
#   - {ucd: ERROR}
#   - {width: 6}
#   - {precision: '3'}
#   - values: {'null': .nan}
# - name: e_pmDE
[...]
#         unit: &id001 !astropy.units.Unit {unit: deg}
#         value: !astropy.table.SerializedColumn {name: SkyCoord.dec}
#       distance: !astropy.table.SerializedColumn
#         __class__: astropy.coordinates.distances.Distance
#         unit: !astropy.units.Unit {unit: pc}
#         value: !astropy.table.SerializedColumn {name: SkyCoord.distance}
#       frame: icrs
#       obstime: !astropy.time.Time {format: jyear_str, in_subfmt: '*', jd1: 367701545.0, jd2: 0.0, out_subfmt: '*', precision: 3, scale: tt}
#       pm_dec: !astropy.table.SerializedColumn
#         __class__: astropy.units.quantity.Quantity
#         unit: !astropy.units.Unit {unit: mas / yr}
#         value: !astropy.table.SerializedColumn {name: SkyCoord.pm_dec}
#       pm_ra_cosdec: !astropy.table.SerializedColumn
#         __class__: astropy.units.quantity.Quantity
#         unit: !astropy.units.Unit {unit: mas / yr}
#         value: !astropy.table.SerializedColumn {name: SkyCoord.pm_ra_cosdec}
#       ra: !astropy.table.SerializedColumn
#         __class__: astropy.coordinates.angles.Longitude
#         unit: *id001
#         value: !astropy.table.SerializedColumn {name: SkyCoord.ra}
#         wrap_angle: !astropy.coordinates.Angle
#           unit: *id001
#           value: 360.0
#       representation_type: spherical
# schema: astropy-2.0
RA_ICRS_1 DE_ICRS_1 e_RA_ICRS e_DE_ICRS _r_1 HIP TYC2 Source rgeo Plx e_Plx pmRA pmDE e_pmRA e_pmDE RUWE Teff logg Gmag BP-RP BPmag RPmag RV e_RV b_rgeo B_rgeo FG e_FG FBP e_FBP FRP e_FRP RAVE5 RAVE6 e_Gmag e_BPmag e_RPmag e_BP-RP SkyCoord.ra SkyCoord.dec SkyCoord.distance SkyCoord.pm_ra_cosdec SkyCoord.pm_dec
[from data line 615]
92.94124591703 20.86545298049 0.0597 0.0522 19.1635 "" "" 3375309936303266560 1559.13513 0.6278 0.062 -0.049 -2.196 0.075 0.059 0.977 4910.3 4.2952 16.951244 1.808439 17.823526 16.015087 "" "" 1432.65552 1698.68579 3122.11525 5.2526 1013.9 14.708 3112.6 17.193 "" "" 0.0033058060045769774 0.015995314 0.007088781 0.023084095 92.94124591703 20.86545298049 1559.13513 -0.04900000000000001 -2.196
92.55850604002 20.75535456962 0.0652 0.0584 12.1081 "" "" 3375216512173745664 1583.88782 0.6117 0.0733 2.167 -5.141 0.086 0.065 0.986 5066.1 4.7092 16.953394 1.385145 17.579742 16.194597 "" "" 1433.61499 1770.76453 3115.93954 2.6267 1269.2 13.24 2638.3 20.982 "" "" 0.0029033592704260777 0.011664762 0.009425587 0.02109035 92.55850604002 20.75535456962 1583.88782 2.167 -5.141000000000001
92.53921743778 20.52816961823 0.0713 0.0611 11.6232 "" "" 3375203902149809280 1744.44189 0.5545 0.0752 0.286 -2.311 0.089 0.068 1.006 5795.4 4.4812 16.953627 1.917928 17.89125 15.973323 "" "" 1552.70544 1991.49524 3115.27258 5.6301 952.61 18.72 3234.7 27.325 "" "" 0.003382608061693341 0.021517763 0.009919883 0.031437647 92.53921743778 20.52816961823 1744.44189 0.286 -2.311
92.51032810307 20.84705335828 0.0685 0.0592 17.926 "" "" 3375229019118500736 1895.55469 0.5153 0.075 -0.553 -4.199 0.084 0.064 0.962 5072.5 4.6807 16.955477 1.397125 17.478695 16.08157 "" "" 1640.52222 2285.98071 3109.97129 2.722 1393.0 48.922 2927.7 57.748 "" "" 0.0029145908747636776 0.038232878 0.021746747 0.059979625 92.51032810307 20.84705335828 1895.55469 -0.553 -4.198999999999999
92.44647430302 20.42515791664 0.0815 0.0729 19.3934 "" "" 3375178166705808640 1960.60339 0.5028 0.0837 -1.18 -0.541 0.083 0.066 1.055 5983.6 4.5714 16.956837 1.763422 17.800383 16.03696 "" "" 1672.79163 2339.40479 3106.07859 2.553 1035.8 13.282 3050.5 18.106 "" "" 0.00289623524662849 0.014199163 0.0074707926 0.021669956 92.44647430302 20.42515791664 1960.60339 -1.18 -0.5409999999999999
92.9137140538 20.76844593729 0.0656 0.0564 13.9701 "" "" 3375119755151766272 1675.83765 0.5948 0.0691 0.467 0.768 0.081 0.061 1.032 5171.4 4.7205 16.957874 1.381269 17.56595 16.18468 "" "" 1496.58325 1963.72583 3103.11105 2.4287 1285.4 15.355 2662.5 14.65 "" "" 0.002883382847315632 0.013266602 0.0070691984 0.020335801 92.9137140538 20.76844593729 1675.83765 0.467 0.768
92.54720163812 20.62497985982 0.0625 0.0546 9.7225 "" "" 3375205895014615680 1434.3208 0.6834 0.071 1.06 -3.686 0.088 0.067 0.987 4611.1 4.3909 16.961554 1.318611 17.547949 16.229338 "" "" 1307.38794 1579.59949 3092.61033 3.0545 1306.9 15.771 2555.2 14.761 "" "" 0.0029566430564982996 0.013395904 0.007322797 0.020718701 92.54720163812 20.62497985982 1434.3208 1.06 -3.686
92.59430909756 20.3437179738 0.0793 0.0689 18.1309 "" "" 3375009426030677504 1844.06519 0.529 0.0908 2.33 -2.837 0.089 0.067 0.913 4917.4 4.7581 16.970453 1.346994 17.576052 16.229057 "" "" 1561.08337 2231.7439 3067.3669 3.0781 1273.5 17.538 2555.8 16.15 "" "" 0.002962916905701104 0.015210315 0.007832833 0.023043148 92.59430909756 20.3437179738 1844.06519 2.33 -2.8370000000000006
92.58261217928 20.30691299474 0.0852 0.0732 20.4225 "" "" 3374985752170953472 2088.85376 0.4776 0.098 2.806 -0.929 0.093 0.071 1.102 8970.1 4.4743 16.971092 1.846291 17.861303 16.015013 "" "" 1724.38403 2609.16235 3065.55973 2.8816 979.25 16.892 3112.8 14.006 "" "" 0.0029382611132646613 0.018935574 0.0061765234 0.025112098 92.58261217928 20.30691299474 2088.85376 2.806000000000001 -0.9290000000000002
92.49676462562 20.38990848337 0.0811 0.0728 18.75 "" "" 3374990150217462656 1456.21582 0.6711 0.0858 2.281 -2.58 0.089 0.069 0.974 "" "" 16.971346 1.251579 17.45467 16.20309 "" "" 1305.59497 1660.29199 3064.84428 2.6469 1424.1 153.81 2617.7 16.595 "" "" 0.00291050306410179 0.11729818 0.007852405 0.12515059 92.49676462562 20.38990848337 1456.21582 2.281 -2.58
92.5739425898 20.76482053586 0.0754 0.0669 11.8757 "" "" 3375215855042277888 1635.91467 0.5952 0.0824 2.752 -6.67 0.093 0.073 1.141 5123.4 4.7839 16.972078 1.303093 17.545645 16.242552 "" "" 1422.63855 1967.80139 3062.77579 2.6125 1309.7 13.191 2524.3 13.864 "" "" 0.002906798965574769 0.011285635 0.0070599047 0.018345539 92.5739425898 20.76482053586 1635.91467 2.7519999999999993 -6.67
92.76870906012 20.94148618405 0.0719 0.0628 19.3668 "" "" 3375312646424343936 1998.22046 0.4814 0.0772 3.047 -3.348 0.092 0.066 1.188 6031.8 4.4242 16.975792 1.861977 17.86911 16.007133 "" "" 1761.79333 2332.05371 3052.3178 3.6865 972.24 8.9692 3135.5 14.177 "" "" 0.0030514505357067227 0.010397597 0.0061954 0.016592998 92.76870906012 20.94148618405 1998.22046 3.0470000000000006 -3.348
92.79590386475 20.54947564343 0.0754 0.0658 6.0754 "" "" 3375018939382060672 1450.31787 0.6734 0.0813 -1.326 -7.794 0.097 0.074 1.047 4550.4 4.6185 16.976675 1.401785 17.604517 16.202732 "" "" 1306.21289 1629.08606 3049.83828 2.6287 1240.5 20.756 2618.6 18.96 "" "" 0.0029099026049134746 0.018379519 0.008722586 0.027102105 92.79590386475 20.54947564343 1450.31787 -1.326 -7.794
92.55766351371 20.93577901002 0.0723 0.062 20.9268 "" "" 3375232072838922880 1597.51489 0.6218 0.0781 -1.356 -5.909 0.097 0.072 0.892 5071.1 4.7437 16.980648 1.285267 17.53527 16.250004 "" "" 1423.95044 1824.59802 3038.69581 2.6665 1322.2 16.26 2507.0 10.162 "" "" 0.002915393768661093 0.013640457 0.005801063 0.019441519 92.55766351371 20.93577901002 1597.51489 -1.356 -5.908999999999999
92.72432666999 20.98180350741 0.0737 0.0668 21.5957 "" "" 3375325496966526336 1771.98364 0.5477 0.078 2.601 -4.907 0.092 0.068 1.094 6016.0 4.4648 16.988136 1.698962 17.665775 15.966813 "" "" 1595.47473 2075.42188 3017.81095 3.3723 1172.5 16.96 3254.1 14.179 "" "" 0.0030106179297120206 0.015950901 0.006055134 0.022006035 92.72432666999 20.98180350741 1771.98364 2.601 -4.906999999999999
92.33581585746 20.62765178764 0.0802 0.0698 21.5937 "" "" 3375208021026751104 1833.41455 0.5252 0.0964 0.255 -2.145 0.087 0.066 1.012 8980.3 4.3014 16.988602 2.15889 18.09486 15.93597 "" "" 1577.84717 2182.92676 3016.52018 12.672 789.72 14.528 3347.9 43.643 "" "" 0.005328678352824077 0.020167572 0.014649495 0.034817066 92.33581585746 20.62765178764 1833.41455 0.255 -2.1450000000000005
92.61822582455 20.61954848008 0.0633 0.0554 5.7342 "" "" 3375210701081403264 1715.27698 0.5585 0.0682 1.6 -4.365 0.09 0.07 0.986 5117.2 4.7177 16.989635 1.312586 17.579473 16.266888 "" "" 1521.43298 1885.98657 3013.64624 2.4216 1269.5 16.315 2468.3 18.885 "" "" 0.00289014481881883 0.014229588 0.009126319 0.023355907 92.61822582455 20.61954848008 1715.27698 1.6000000000000003 -4.365
