Clusters/Pismis_27/Pismis_27_stars_in_region.tsv
# %ECSV 1.0
# ---
# datatype:
# - name: RA_ICRS_1
#   unit: deg
#   datatype: float64
#   format: '{:15.11f}'
#   description: Right ascension (ICRS) at Ep=2016.0 (ra)
#   meta: !!omap
#   - {ucd: POS_EQ_RA_MAIN}
#   - {width: 15}
#   - {precision: '11'}
# - name: DE_ICRS_1
#   unit: deg
#   datatype: float64
#   format: '{:15.11f}'
#   description: Declination (ICRS) at Ep=2016.0 (dec)
#   meta: !!omap
#   - {ucd: POS_EQ_DEC_MAIN}
#   - {width: 15}
#   - {precision: '11'}
# - name: e_RA_ICRS
#   unit: mas
#   datatype: float64
#   format: '{:7.4f}'
#   description: Standard error of right ascension (ra_error)
#   meta: !!omap
#   - {ucd: ERROR}
#   - {width: 7}
#   - {precision: '4'}
# - name: e_DE_ICRS
#   unit: mas
#   datatype: float64
#   format: '{:7.4f}'
#   description: Standard error of declination (dec_error)
#   meta: !!omap
#   - {ucd: ERROR}
#   - {width: 7}
#   - {precision: '4'}
# - name: _r_1
#   unit: ''
#   datatype: float64
#   format: '{:7.4f}'
#   description: Distance from center (092.72030721000+20.62189436000)[ICRS], at Epoch=J2016.0
#   meta: !!omap
#   - {ucd: POS_ANG_DIST_GENERAL}
#   - {width: 7}
#   - {precision: '4'}
# - name: HIP
#   datatype: int32
#   description: '? HIP cross-id number, van Leeuwen, Cat. I/311 (hip_original_ext_source_id)'
#   meta: !!omap
#   - {ucd: ID_NUMBER}
#   - {width: 6}
#   - values: {'null': -2147483648}
# - name: TYC2
#   datatype: string
#   description: Tycho-2 cross-id name, Hog et al., Cat. I/259 (tyc2_original_ext_source_id)
#   meta: !!omap
#   - {ucd: ID_CROSSID}
#   - {_votable_string_dtype: char}
# - name: Source
#   datatype: int64
#   description: Source identifier, identical to the Gaia-EDR3 source_id (id)
#   meta: !!omap
#   - {ucd: ID_MAIN}
#   - {width: 19}
# - name: rgeo
#   unit: pc
#   datatype: float64
#   format: '{:15.8f}'
#   description: '? Median of the geometric distance posterior (r_med_geo)'
#   meta: !!omap
#   - {ucd: PHYS_DISTANCE_TRUE}
#   - {width: 15}
#   - {precision: '8'}
#   - values: {'null': .nan}
# - name: Plx
#   unit: mas
#   datatype: float64
#   format: '{:9.4f}'
#   description: '? Parallax (parallax)'
#   meta: !!omap
#   - {ucd: POS_PARLX_TRIG}
#   - {width: 9}
#   - {precision: '4'}
#   - values: {'null': .nan}
# - name: e_Plx
#   unit: mas
#   datatype: float32
#   format: '{:7.4f}'
#   description: '? Standard error of parallax (parallax_error)'
#   meta: !!omap
#   - {ucd: ERROR}
#   - {width: 7}
#   - {precision: '4'}
#   - values: {'null': .nan}
# - name: pmRA
#   unit: mas / yr
#   datatype: float64
#   format: '{:9.3f}'
#   description: '? Proper motion in right ascension direction, pmRA*cosDE (pmra)'
#   meta: !!omap
#   - {ucd: POS_EQ_PMRA}
#   - {width: 9}
#   - {precision: '3'}
#   - values: {'null': .nan}
# - name: pmDE
#   unit: mas / yr
#   datatype: float64
#   format: '{:9.3f}'
#   description: '? Proper motion in declination direction (pmdec)'
#   meta: !!omap
#   - {ucd: POS_EQ_PMDEC}
#   - {width: 9}
#   - {precision: '3'}
#   - values: {'null': .nan}
# - name: e_pmRA
#   unit: mas / yr
#   datatype: float32
#   format: '{:6.3f}'
#   description: '? Standard error of proper motion in right ascension direction (pmra_error)'
#   meta: !!omap
#   - {ucd: ERROR}
#   - {width: 6}
#   - {precision: '3'}
#   - values: {'null': .nan}
# - name: e_pmDE
[...]
#         unit: &id001 !astropy.units.Unit {unit: deg}
#         value: !astropy.table.SerializedColumn {name: SkyCoord.dec}
#       distance: !astropy.table.SerializedColumn
#         __class__: astropy.coordinates.distances.Distance
#         unit: !astropy.units.Unit {unit: pc}
#         value: !astropy.table.SerializedColumn {name: SkyCoord.distance}
#       frame: icrs
#       obstime: !astropy.time.Time {format: jyear_str, in_subfmt: '*', jd1: 367701545.0, jd2: 0.0, out_subfmt: '*', precision: 3, scale: tt}
#       pm_dec: !astropy.table.SerializedColumn
#         __class__: astropy.units.quantity.Quantity
#         unit: !astropy.units.Unit {unit: mas / yr}
#         value: !astropy.table.SerializedColumn {name: SkyCoord.pm_dec}
#       pm_ra_cosdec: !astropy.table.SerializedColumn
#         __class__: astropy.units.quantity.Quantity
#         unit: !astropy.units.Unit {unit: mas / yr}
#         value: !astropy.table.SerializedColumn {name: SkyCoord.pm_ra_cosdec}
#       ra: !astropy.table.SerializedColumn
#         __class__: astropy.coordinates.angles.Longitude
#         unit: *id001
#         value: !astropy.table.SerializedColumn {name: SkyCoord.ra}
#         wrap_angle: !astropy.coordinates.Angle
#           unit: *id001
#           value: 360.0
#       representation_type: spherical
# schema: astropy-2.0
RA_ICRS_1 DE_ICRS_1 e_RA_ICRS e_DE_ICRS _r_1 HIP TYC2 Source rgeo Plx e_Plx pmRA pmDE e_pmRA e_pmDE RUWE Teff logg Gmag BP-RP BPmag RPmag RV e_RV b_rgeo B_rgeo FG e_FG FBP e_FBP FRP e_FRP RAVE5 RAVE6 e_Gmag e_BPmag e_RPmag e_BP-RP SkyCoord.ra SkyCoord.dec SkyCoord.distance SkyCoord.pm_ra_cosdec SkyCoord.pm_dec
[from data line 123]
92.5440346463 20.32060530319 0.0237 0.0207 20.6147 "" "" 3374986061408603648 1396.45813 0.6781 0.0288 -1.717 -4.683 0.027 0.021 0.967 6699.0 4.2244 14.516879 0.97025 14.911194 13.940944 "" "" 1337.42566 1448.23828 29389.69154 9.9861 14823.0 29.294 21027.0 26.156 "" "" 0.0027799077277618944 0.0035198056 0.0040134494 0.007533255 92.5440346463 20.32060530319 1396.45813 -1.7170000000000003 -4.683000000000001
92.52210563469 20.92908258179 0.0223 0.0192 21.5254 "" "" 3375232141558395520 1611.62439 0.5753 0.0247 -2.027 -0.389 0.031 0.022 1.005 7266.4 4.0204 14.517221 1.146814 15.002095 13.855281 60.48 7.18 1560.65161 1680.46924 29380.43472 8.421 13633.0 25.107 22753.0 18.612 "" "" 0.0027728379760609298 0.0034326613 0.0038823332 0.0073149945 92.52210563469 20.92908258179 1611.62439 -2.0270000000000006 -0.389
92.72285296139 20.38257337372 0.0223 0.0188 14.36 "" "" 3375010628621485568 1826.30029 0.4965 0.0261 0.375 -2.569 0.03 0.021 1.051 "" "" 14.521558 2.086937 15.574834 13.487897 "" "" 1735.91418 1939.07031 29263.31807 13.823 8044.2 22.534 31915.0 41.196 "" "" 0.0028026451598277763 0.0041273995 0.0040308624 0.008158262 92.72285296139 20.38257337372 1826.30029 0.375 -2.569
92.75243832333 20.73464096449 0.0197 0.0168 7.0011 "" "" 3375213454157000704 1779.85425 0.5171 0.0204 -0.185 -2.134 0.025 0.019 0.988 6063.0 3.8983 14.528367 1.207925 15.048608 13.840683 -58.17 10.97 1726.78699 1859.28015 29080.36221 7.0421 13061.0 20.654 23061.0 26.196 "" "" 0.002767836213146077 0.0032761088 0.0039755306 0.0072516394 92.75243832333 20.73464096449 1779.85425 -0.185 -2.1339999999999995
92.48660527967 20.76458612671 0.0209 0.0173 15.6642 "" "" 3375216409094541440 1887.57849 0.4926 0.0236 0.028 -1.775 0.029 0.021 1.071 9258.4 4.147 14.532843 0.65952 14.781669 14.122148 "" "" 1797.46411 1956.36499 28960.73127 12.151 16701.0 31.411 17795.0 29.869 "" "" 0.002792723827802919 0.003457595 0.0041958215 0.007653416 92.48660527967 20.76458612671 1887.57849 0.027999999999999994 -1.775
92.98560330134 20.81989886102 0.0218 0.0188 19.0472 "" "" 3375121541858126336 1875.83545 0.4931 0.0231 -0.009 -2.232 0.028 0.024 1.062 6729.7 3.7512 14.536325 1.165624 15.025527 13.859903 "" "" 1790.96497 1952.19641 28867.98064 18.519 13342.0 39.839 22657.0 92.71 "" "" 0.002841990713657141 0.0042773304 0.0058327904 0.010110121 92.98560330134 20.81989886102 1875.83545 -0.009000000000000001 -2.232
92.43561478755 20.38073305985 0.0228 0.02 21.5722 "" "" 3374990253296518400 1425.39307 0.6606 0.0253 5.48 -5.926 0.025 0.019 1.012 5716.6 4.0875 14.53985 1.082334 14.994154 13.911819 -2.75 7.44 1368.83203 1478.11304 28774.42104 7.1481 13733.0 27.767 21599.0 22.451 "" "" 0.0027684899612376484 0.0035502475 0.003944285 0.0074945325 92.43561478755 20.38073305985 1425.39307 5.480000000000001 -5.926
92.62702388945 20.42537217937 0.0234 0.0201 12.9039 "" "" 3375013239961612416 1672.74805 0.5555 0.0291 -0.011 -1.845 0.031 0.023 1.081 7259.9 3.9537 14.555495 1.342945 15.148138 13.805193 "" "" 1598.97852 1757.92969 28362.76285 9.5182 11917.0 22.526 23828.0 26.258 "" "" 0.0027793070291994575 0.0034636678 0.003964246 0.0074279136 92.62702388945 20.42537217937 1672.74805 -0.011 -1.8449999999999998
92.77344955331 20.42205788087 0.0246 0.0205 12.3565 "" "" 3375011075298062464 1704.87781 0.5451 0.028 0.471 -2.28 0.033 0.024 1.243 "" "" 14.558506 1.723036 15.366799 13.643764 "" "" 1639.81238 1785.48413 28284.22138 11.803 9743.1 24.066 27647.0 25.056 "" "" 0.002792323158964921 0.0038700458 0.0039053748 0.0077754203 92.77344955331 20.42205788087 1704.87781 0.4709999999999999 -2.28
92.95429657763 20.49151379136 0.0204 0.0178 15.297 "" "" 3375007055208616960 1531.55518 0.6145 0.0235 -0.79 -0.63 0.027 0.019 0.939 4984.3 3.4648 14.571256 1.546938 15.288754 13.741816 18.54 5.33 1479.40698 1603.81677 27954.03927 7.9044 10469.0 20.212 25260.0 50.11 "" "" 0.0027723713399309346 0.0034898445 0.0043500336 0.007839878 92.95429657763 20.49151379136 1531.55518 -0.7900000000000001 -0.6300000000000001
92.41096424206 20.71329474478 0.0244 0.0195 18.2114 "" "" 3375221975372177664 1400.36487 0.6698 0.0294 -1.25 -5.111 0.032 0.022 0.931 6653.3 4.0285 14.581112 0.944186 14.964934 14.020748 22.32 21.04 1339.34106 1472.38403 27701.40942 8.7661 14107.0 23.847 19537.0 24.964 "" "" 0.00277665935076711 0.0033397046 0.0040259683 0.007365673 92.41096424206 20.71329474478 1400.36487 -1.2499999999999998 -5.111000000000001
92.73830209717 20.28020408882 0.0239 0.0211 20.5264 "" "" 3374996609848250368 1733.53552 0.5396 0.0309 0.564 0.921 0.026 0.021 0.888 8598.0 3.6016 14.606595 1.442736 15.25305 13.810314 "" "" 1643.61694 1839.19397 27058.80912 8.4172 10819.0 17.343 23716.0 24.848 "" "" 0.0027759427455542477 0.003288497 0.0039468682 0.007235365 92.73830209717 20.28020408882 1733.53552 0.564 0.9210000000000002
92.41636856356 20.55201575627 0.0234 0.0218 17.5791 "" "" 3375206582209420800 1618.39795 0.5807 0.0296 0.926 -2.063 0.027 0.02 1.074 7678.3 4.2555 14.608885 0.944975 14.990441 14.045466 "" "" 1548.16052 1715.89734 27001.8134 8.1335 13780.0 24.578 19097.0 23.796 "" "" 0.0027746618708157414 0.003396344 0.0040142303 0.0074105742 92.41636856356 20.55201575627 1618.39795 0.926 -2.0630000000000006
92.58899575499 20.95063382183 0.0238 0.02 21.0548 "" "" 3375325879222001024 1849.07788 0.5006 0.0253 -0.047 -1.352 0.033 0.023 1.034 "" "" 14.614784 0.796478 14.922531 14.126053 "" "" 1775.03906 1919.60046 26855.47746 9.6407 14669.0 32.833 17731.0 23.847 "" "" 0.0027827511868217083 0.0037000964 0.0040516704 0.0077517666 92.58899575499 20.95063382183 1849.07788 -0.047 -1.352
92.6181473056 20.45218009595 0.0261 0.0208 11.6892 "" "" 3375014992308265856 1940.35815 0.4793 0.0297 0.681 -2.427 0.033 0.023 1.106 "" "" 14.633251 1.662712 15.388224 13.725512 "" "" 1832.77734 2061.79297 26402.57767 14.998 9552.7 26.492 25642.0 31.924 "" "" 0.0028235038068839704 0.0041050287 0.0040138382 0.008118867 92.6181473056 20.45218009595 1940.35815 0.6809999999999999 -2.4269999999999996
92.78444981995 20.2957287314 0.0222 0.0201 19.8994 "" "" 3374997400122222848 1506.8739 0.621 0.0285 0.828 -2.853 0.03 0.022 0.985 7643.0 4.256 14.636542 0.876549 14.982709 14.10616 "" "" 1436.99341 1580.1073 26322.66431 17.73 13878.0 52.974 18059.0 50.128 "" "" 0.002850720575933599 0.0049960967 0.004833898 0.009829994 92.78444981995 20.2957287314 1506.8739 0.828 -2.853
92.51108822665 20.60891188268 0.0219 0.02 11.7751 "" "" 3375205448338025728 1948.26135 0.4699 0.0273 -0.524 -0.672 0.031 0.023 1.048 "" "" 14.652712 1.107622 15.110505 14.002883 "" "" 1868.3905 2062.25513 25933.54164 7.6544 12337.0 18.192 19861.0 18.033 "" "" 0.002773893276584622 0.0032168764 0.003905834 0.0071227103 92.51108822665 20.60891188268 1948.26135 -0.524 -0.6720000000000002
92.40376873393 20.43383243541 0.0237 0.021 21.0636 "" "" 3375178372864244352 1872.91138 0.4931 0.0272 1.139 -2.716 0.027 0.019 1.038 "" "" 14.659178 1.588912 15.3929 13.803987 "" "" 1763.29126 1983.22546 25779.56847 8.9224 9511.7 33.57 23854.0 32.98 "" "" 0.0027808268343174213 0.004740119 0.00406658 0.008806699 92.40376873393 20.43383243541 1872.91138 1.139 -2.716
92.70736091094 20.65691332244 0.02 0.0171 2.2233 "" "" 3375211117694813696 1767.0415 0.5216 0.0215 -0.075 -1.591 0.026 0.02 0.879 7385.9 4.1415 14.661726 0.980706 15.062814 14.082108 32.18 6.62 1696.83228 1837.53882 25719.1367 7.4457 12891.0 15.611 18464.0 16.207 "" "" 0.002773190781746023 0.0030844475 0.003897688 0.0069821356 92.70736091094 20.65691332244 1767.0415 -0.07499999999999998 -1.591
92.61271539252 20.45926689211 0.0248 0.0203 11.4784 "" "" 3375014992308265600 1897.51135 0.4821 0.0289 0.586 -2.278 0.032 0.023 1.082 "" "" 14.671585 0.7959 14.978478 14.182577 "" "" 1788.17395 1990.92529 25486.65816 9.1933 13932.0 27.376 16832.0 27.452 "" "" 0.002783014254583137 0.003512353 0.0041736504 0.007686003 92.61271539252 20.45926689211 1897.51135 0.5860000000000002 -2.278
93.00207395589 20.40275493981 0.0218 0.0187 20.5815 "" "" 3375001415915393920 1704.06995 0.5431 0.024 1.404 -0.097 0.028 0.02 1.056 7419.3 4.0071 14.672751 1.258927 15.219561 13.960633 45.06 9.01 1639.9126 1773.52612 25459.27736 6.1807 11158.0 17.903 20649.0 16.961 "" "" 0.0027678990083848504 0.003289351 0.0038831776 0.0071725287 93.00207395589 20.40275493981 1704.06995 1.4040000000000001 -0.09700000000000002
92.8831282443 20.90319946109 0.0206 0.0181 19.1917 "" "" 3375310657857776896 1483.0918 0.6289 0.0228 1.307 -2.766 0.026 0.019 1.046 6662.1 4.0906 14.677556 0.98641 15.081665 14.095255 35.17 13.38 1440.50085 1526.87195 25346.87928 7.0125 12669.0 18.505 18241.0 15.054 "" "" 0.0027716454028052203 0.0032093725 0.0038841492 0.0070935218 92.8831282443 20.90319946109 1483.0918 1.3069999999999997 -2.766
92.84394761645 20.9389750014 0.0209 0.0181 20.2497 "" "" 3375313956390232832 1411.65588 0.6591 0.0232 -0.335 -6.702 0.028 0.02 1.068 6310.2 3.9753 14.678949 0.970295 15.022959 14.052664 40.71 21.38 1361.02637 1465.14136 25314.36633 9.5574 13373.0 55.527 18971.0 82.349 "" "" 0.002785645739324184 0.005301753 0.006041157 0.01134291 92.84394761645 20.9389750014 1411.65588 -0.33499999999999996 -6.702000000000001
93.00281172642 20.67364380157 0.0218 0.0182 16.1625 "" "" 3375114601191319040 1827.70081 0.5066 0.023 -0.217 -2.425 0.027 0.021 0.969 7670.0 4.0473 14.688044 1.141048 15.169518 14.02847 "" "" 1756.62268 1904.67188 25103.22148 7.4467 11684.0 17.472 19399.0 19.918 "" "" 0.002774080482137547 0.0032281699 0.0039403643 0.007168534 93.00281172642 20.67364380157 1827.70081 -0.21700000000000003 -2.425
92.57825651141 20.612220725 0.02 0.0174 7.9983 "" "" 3375205620136706816 1772.98779 0.5203 0.0237 -1.366 -4.231 0.029 0.022 1.025 5422.9 3.3123 14.698989 1.547711 15.417253 13.869542 4.8 3.68 1700.14722 1843.91052 24851.42414 6.8353 9300.7 15.581 22456.0 20.71 "" "" 0.0027714559562554294 0.0033306712 0.0039097783 0.0072404495 92.57825651141 20.612220725 1772.98779 -1.3659999999999999 -4.231
92.57345865564 20.55765392971 0.022 0.0185 9.1043 "" "" 3375204073948489728 1488.39722 0.6307 0.0248 1.083 -2.684 0.03 0.024 0.957 "" "" 14.705647 0.869382 15.054125 14.184743 "" "" 1441.73523 1535.66321 24699.47592 7.0831 12995.0 17.358 16798.0 16.895 "" "" 0.0027728564992708362 0.00314457 0.0039339806 0.0070785508 92.57345865564 20.55765392971 1488.39722 1.083 -2.684
92.47296681565 20.613567488 0.0328 0.029 13.8989 "" "" 3375208364619187072 1846.53235 0.5028 0.0397 2.896 -0.025 0.044 0.033 1.483 6983.5 4.0251 14.713496 0.926646 15.069349 14.142703 "" "" 1735.9917 1967.81372 24521.57616 21.065 12814.0 22.468 17461.0 28.599 "" "" 0.0029089001930644146 0.0033777528 0.004176852 0.0075546047 92.47296681565 20.613567488 1846.53235 2.896 -0.025
92.45117936854 20.39542966024 0.0268 0.0245 20.3316 "" "" 3374990459454948096 1719.53979 0.5414 0.0285 3.357 -4.635 0.03 0.022 1.088 5581.1 3.4754 14.713672 1.306792 15.290102 13.98331 37.6 11.07 1642.62842 1796.42859 24517.61079 6.0462 10456.0 14.875 20222.0 23.535 "" "" 0.002768298970384875 0.0031891745 0.003985028 0.0071742022 92.45117936854 20.39542966024 1719.53979 3.3569999999999998 -4.634999999999999
93.10042811581 20.6258968498 0.0223 0.0196 21.3469 "" "" 3375102369124458624 1614.21606 0.5781 0.0253 -1.356 -0.778 0.029 0.022 1.067 "" "" 14.721281 0.932997 15.10013 14.167133 "" "" 1527.26465 1666.04773 24346.36867 6.7249 12456.0 25.435 17073.0 21.157 "" "" 0.002771593258805077 0.0035637624 0.0040117293 0.0075754914 93.10042811581 20.6258968498 1614.21606 -1.3559999999999999 -0.778
92.77427989307 20.52321519905 0.1065 0.0865 6.6519 "" "" 3375018462641785600 1869.14819 0.5384 0.1211 -0.411 -1.81 0.142 0.107 5.554 "" "" 14.724175 1.423439 15.329574 13.906135 "" "" 1506.00281 2469.67163 24281.58721 34.789 10083.0 16.613 21712.0 21.607 "" "" 0.003164108584789379 0.003314387 0.0039307983 0.0072451853 92.77427989307 20.52321519905 1869.14819 -0.41100000000000003 -1.81
92.8920558944 20.73274430776 0.0252 0.0219 11.7127 "" "" 3375118586920679296 1555.41479 0.5993 0.0266 -3.313 -1.095 0.033 0.024 1.11 6908.4 4.1037 14.737972 1.162051 15.231256 14.069204 -0.14 8.68 1488.65894 1628.33081 23974.96284 6.8859 11039.0 16.835 18684.0 23.38 "" "" 0.002772910287742067 0.0032444906 0.004016165 0.007260656 92.8920558944 20.73274430776 1555.41479 -3.3129999999999997 -1.095
92.94418334162 20.82865355972 0.0242 0.021 17.656 "" "" 3375121782376304384 1666.87866 0.5563 0.0262 1.945 -1.808 0.03 0.023 1.154 6927.5 3.9515 14.750265 1.243212 15.289453 14.046241 "" "" 1600.76868 1755.5636 23705.03779 6.5187 10463.0 17.102 19084.0 21.551 "" "" 0.002771449590084647 0.00330673 0.003973289 0.007280019 92.94418334162 20.82865355972 1666.87866 1.9449999999999996 -1.8080000000000003
92.63007626293 20.4135051957 0.0303 0.0253 13.4923 "" "" 3375010285024114560 1406.28418 0.6776 0.0357 -0.887 -7.82 0.036 0.027 1.346 6631.1 4.2429 14.769281 0.986374 15.17136 14.184986 36.62 7.68 1330.54956 1462.24902 23293.47794 8.0439 11665.0 17.96 16794.0 17.259 "" "" 0.0027807132304882884 0.0032526094 0.0039406517 0.007193261 92.63007626293 20.4135051957 1406.28418 -0.8870000000000001 -7.819999999999999
92.83253713999 20.6392201968 0.023 0.0197 6.3871 "" "" 3375023754041455616 1913.44836 0.4797 0.0245 -0.406 -2.126 0.03 0.021 1.061 6903.0 3.3949 14.798342 1.325087 15.380467 14.05538 32.83 7.8 1843.03271 2004.62854 22678.27943 6.2157 9621.2 17.565 18924.0 24.297 "" "" 0.002771343261597096 0.0034225849 0.004028272 0.0074508567 92.83253713999 20.6392201968 1913.44836 -0.406 -2.1259999999999994
93.03687091874 20.72294942416 0.0243 0.0213 18.7768 "" "" 3375117006372677248 1773.02869 0.5307 0.0247 3.212 -5.413 0.032 0.024 0.927 5515.3 4.0415 14.803224 1.37548 15.419168 14.043689 "" "" 1689.64783 1854.0188 22576.53215 6.9529 9284.3 18.24 19129.0 20.688 "" "" 0.00277553520303002 0.0035121117 0.003957591 0.0074697025 93.03687091874 20.72294942416 1773.02869 3.212 -5.413
92.46063588637 20.61318607287 0.0248 0.0217 14.5917 "" "" 3375208334556056320 1681.5658 0.5585 0.0288 -0.414 -2.261 0.033 0.024 0.959 9258.4 4.1981 14.805777 0.885973 15.153498 14.267525 "" "" 1603.77661 1757.98169 22523.51115 18.67 11858.0 32.69 15565.0 35.791 "" "" 0.002898577620079292 0.004091939 0.004529541 0.00862148 92.46063588637 20.61318607287 1681.5658 -0.41399999999999987 -2.2609999999999997
92.7157071435 20.39067749974 0.0271 0.0206 13.8754 "" "" 3375010628621896192 1479.04102 0.6401 0.0315 1.066 -2.734 0.034 0.024 0.931 6104.0 4.0164 14.814115 1.070321 15.260428 14.190107 12.52 8.92 1408.58899 1551.90173 22351.21057 8.393 10746.0 20.516 16715.0 19.228 "" "" 0.0027853201787103542 0.0034758884 0.003980409 0.007456297 92.7157071435 20.39067749974 1479.04102 1.066 -2.734
92.56241642394 20.72280173446 0.0237 0.0209 10.734 "" "" 3375215270926691328 1785.25342 0.5249 0.0273 -0.376 -1.94 0.033 0.025 0.937 5482.2 3.5776 14.815868 1.421746 15.450642 14.028895 "" "" 1712.32629 1911.85486 22315.13035 29.758 9019.0 53.223 19391.0 77.843 "" "" 0.003112572543181482 0.0069883256 0.005768954 0.012757279 92.56241642394 20.72280173446 1785.25342 -0.376 -1.94
92.78355555979 20.8743476943 0.0275 0.0239 15.5574 "" "" 3375309210450455552 1921.34766 0.4886 0.0292 -0.509 -2.184 0.034 0.024 1.168 7937.3 4.3633 14.833767 0.899756 15.141274 14.241519 "" "" 1821.42297 2022.64661 21950.28307 8.526 11992.0 66.561 15942.0 181.78 "" "" 0.0027874076691921596 0.0066409055 0.012944227 0.019585133 92.78355555979 20.8743476943 1921.34766 -0.5090000000000001 -2.184
92.72501671079 20.61632132507 0.023 0.0198 0.4263 "" "" 3375023066846716544 1771.63611 0.5226 0.0246 -0.204 -2.053 0.031 0.023 1.018 7979.6 4.0202 14.848484 1.158422 15.329869 14.171447 "" "" 1691.422 1865.04919 21654.75135 10.248 10080.0 34.028 17005.0 33.259 "" "" 0.0028028199080283207 0.0046063974 0.004335098 0.008941496 92.72501671079 20.61632132507 1771.63611 -0.20400000000000001 -2.053
