Clusters/Pismis_27/Pismis_27_stars_in_region.tsv
# %ECSV 1.0
# ---
# datatype:
# - name: RA_ICRS_1
#   unit: deg
#   datatype: float64
#   format: '{:15.11f}'
#   description: Right ascension (ICRS) at Ep=2016.0 (ra)
#   meta: !!omap
#   - {ucd: POS_EQ_RA_MAIN}
#   - {width: 15}
#   - {precision: '11'}
# - name: DE_ICRS_1
#   unit: deg
#   datatype: float64
#   format: '{:15.11f}'
#   description: Declination (ICRS) at Ep=2016.0 (dec)
#   meta: !!omap
#   - {ucd: POS_EQ_DEC_MAIN}
#   - {width: 15}
#   - {precision: '11'}
# - name: e_RA_ICRS
#   unit: mas
#   datatype: float64
#   format: '{:7.4f}'
#   description: Standard error of right ascension (ra_error)
#   meta: !!omap
#   - {ucd: ERROR}
#   - {width: 7}
#   - {precision: '4'}
# - name: e_DE_ICRS
#   unit: mas
#   datatype: float64
#   format: '{:7.4f}'
#   description: Standard error of declination (dec_error)
#   meta: !!omap
#   - {ucd: ERROR}
#   - {width: 7}
#   - {precision: '4'}
# - name: _r_1
#   unit: ''
#   datatype: float64
#   format: '{:7.4f}'
#   description: Distance from center (092.72030721000+20.62189436000)[ICRS], at Epoch=J2016.0
#   meta: !!omap
#   - {ucd: POS_ANG_DIST_GENERAL}
#   - {width: 7}
#   - {precision: '4'}
# - name: HIP
#   datatype: int32
#   description: '? HIP cross-id number, van Leeuwen, Cat. I/311 (hip_original_ext_source_id)'
#   meta: !!omap
#   - {ucd: ID_NUMBER}
#   - {width: 6}
#   - values: {'null': -2147483648}
# - name: TYC2
#   datatype: string
#   description: Tycho-2 cross-id name, Hog et al., Cat. I/259 (tyc2_original_ext_source_id)
#   meta: !!omap
#   - {ucd: ID_CROSSID}
#   - {_votable_string_dtype: char}
# - name: Source
#   datatype: int64
#   description: Source identifier, identical to the Gaia-EDR3 source_id (id)
#   meta: !!omap
#   - {ucd: ID_MAIN}
#   - {width: 19}
# - name: rgeo
#   unit: pc
#   datatype: float64
#   format: '{:15.8f}'
#   description: '? Median of the geometric distance posterior (r_med_geo)'
#   meta: !!omap
#   - {ucd: PHYS_DISTANCE_TRUE}
#   - {width: 15}
#   - {precision: '8'}
#   - values: {'null': .nan}
# - name: Plx
#   unit: mas
#   datatype: float64
#   format: '{:9.4f}'
#   description: '? Parallax (parallax)'
#   meta: !!omap
#   - {ucd: POS_PARLX_TRIG}
#   - {width: 9}
#   - {precision: '4'}
#   - values: {'null': .nan}
# - name: e_Plx
#   unit: mas
#   datatype: float32
#   format: '{:7.4f}'
#   description: '? Standard error of parallax (parallax_error)'
#   meta: !!omap
#   - {ucd: ERROR}
#   - {width: 7}
#   - {precision: '4'}
#   - values: {'null': .nan}
# - name: pmRA
#   unit: mas / yr
#   datatype: float64
#   format: '{:9.3f}'
#   description: '? Proper motion in right ascension direction, pmRA*cosDE (pmra)'
#   meta: !!omap
#   - {ucd: POS_EQ_PMRA}
#   - {width: 9}
#   - {precision: '3'}
#   - values: {'null': .nan}
# - name: pmDE
#   unit: mas / yr
#   datatype: float64
#   format: '{:9.3f}'
#   description: '? Proper motion in declination direction (pmdec)'
#   meta: !!omap
#   - {ucd: POS_EQ_PMDEC}
#   - {width: 9}
#   - {precision: '3'}
#   - values: {'null': .nan}
# - name: e_pmRA
#   unit: mas / yr
#   datatype: float32
#   format: '{:6.3f}'
#   description: '? Standard error of proper motion in right ascension direction (pmra_error)'
#   meta: !!omap
#   - {ucd: ERROR}
#   - {width: 6}
#   - {precision: '3'}
#   - values: {'null': .nan}
# - name: e_pmDE
[...]
#         unit: &id001 !astropy.units.Unit {unit: deg}
#         value: !astropy.table.SerializedColumn {name: SkyCoord.dec}
#       distance: !astropy.table.SerializedColumn
#         __class__: astropy.coordinates.distances.Distance
#         unit: !astropy.units.Unit {unit: pc}
#         value: !astropy.table.SerializedColumn {name: SkyCoord.distance}
#       frame: icrs
#       obstime: !astropy.time.Time {format: jyear_str, in_subfmt: '*', jd1: 367701545.0, jd2: 0.0, out_subfmt: '*', precision: 3, scale: tt}
#       pm_dec: !astropy.table.SerializedColumn
#         __class__: astropy.units.quantity.Quantity
#         unit: !astropy.units.Unit {unit: mas / yr}
#         value: !astropy.table.SerializedColumn {name: SkyCoord.pm_dec}
#       pm_ra_cosdec: !astropy.table.SerializedColumn
#         __class__: astropy.units.quantity.Quantity
#         unit: !astropy.units.Unit {unit: mas / yr}
#         value: !astropy.table.SerializedColumn {name: SkyCoord.pm_ra_cosdec}
#       ra: !astropy.table.SerializedColumn
#         __class__: astropy.coordinates.angles.Longitude
#         unit: *id001
#         value: !astropy.table.SerializedColumn {name: SkyCoord.ra}
#         wrap_angle: !astropy.coordinates.Angle
#           unit: *id001
#           value: 360.0
#       representation_type: spherical
# schema: astropy-2.0
RA_ICRS_1 DE_ICRS_1 e_RA_ICRS e_DE_ICRS _r_1 HIP TYC2 Source rgeo Plx e_Plx pmRA pmDE e_pmRA e_pmDE RUWE Teff logg Gmag BP-RP BPmag RPmag RV e_RV b_rgeo B_rgeo FG e_FG FBP e_FBP FRP e_FRP RAVE5 RAVE6 e_Gmag e_BPmag e_RPmag e_BP-RP SkyCoord.ra SkyCoord.dec SkyCoord.distance SkyCoord.pm_ra_cosdec SkyCoord.pm_dec
[from data line 491]
92.37892981265 20.71033264372 0.068 0.0563 19.8857 "" "" 3375221837933231104 1680.08606 0.5839 0.0812 1.417 -2.631 0.084 0.056 1.245 5375.8 4.696 16.478481 1.286102 17.033264 15.747162 "" "" 1489.24353 1899.04517 4825.6351 4.6872 2099.5 24.203 3983.8 16.989 "" "" 0.002950245379437554 0.012823571 0.005976786 0.018800357 92.37892981265 20.71033264372 1680.08606 1.4170000000000003 -2.6310000000000002
92.91317663201 20.66943961839 0.054 0.0464 11.1984 "" "" 3375115116587115136 1912.02576 0.4834 0.0563 0.079 -4.413 0.069 0.049 0.888 5650.3 4.5252 16.480436 1.384328 17.101103 15.716775 "" "" 1732.5575 2142.67603 4816.95342 3.0443 1972.3 15.551 4096.8 16.547 "" "" 0.0028394779669789413 0.00900393 0.0057891747 0.0147931045 92.91317663201 20.66943961839 1912.02576 0.07899999999999999 -4.413000000000001
92.84576617097 20.51683079672 0.0585 0.0476 9.4555 "" "" 3375017947246162816 1671.32495 0.5764 0.0607 -2.758 -3.203 0.075 0.05 1.001 5231.5 4.3895 16.482386 1.457458 17.150839 15.69338 "" "" 1512.97327 1875.22009 4808.31026 3.6401 1884.0 15.762 4186.1 20.17 "" "" 0.0028753070094394845 0.009502399 0.0064538056 0.015956204 92.84576617097 20.51683079672 1671.32495 -2.7579999999999996 -3.203
93.06939181872 20.76093500277 0.0522 0.0446 21.2961 "" "" 3375117590488209024 1685.6073 0.5699 0.0578 -0.331 -2.837 0.065 0.052 1.01 5614.0 4.648 16.48637 1.296686 17.051826 15.75514 "" "" 1531.82349 1884.42908 4790.69771 2.9939 2063.9 16.272 3954.6 20.783 "" "" 0.002837636195173482 0.0090033095 0.006844114 0.015847424 93.06939181872 20.76093500277 1685.6073 -0.33100000000000007 -2.8370000000000006
92.80840399847 20.35143541263 0.0542 0.0466 16.9661 "" "" 3374998774511737216 1868.44507 0.5235 0.0655 -0.258 -3.475 0.07 0.055 1.079 "" "" 16.487175 1.989185 17.47734 15.488155 "" "" 1671.76526 2144.54248 4787.14897 3.3972 1394.7 9.79 5057.0 13.338 "" "" 0.002861022245382623 0.008115942 0.0047417614 0.0128577035 92.80840399847 20.35143541263 1868.44507 -0.25800000000000006 -3.4750000000000005
92.71266684832 20.27659494691 0.0606 0.0588 20.7224 "" "" 3374996639911646592 1688.54688 0.5834 0.0838 -0.439 -3.757 0.068 0.054 0.951 5354.7 4.6561 16.487904 1.39459 17.109648 15.715057 "" "" 1500.94751 1941.67847 4783.93171 3.6283 1956.9 16.319 4103.3 12.646 "" "" 0.0028757391672977017 0.009474347 0.00504781 0.014522158 92.71266684832 20.27659494691 1688.54688 -0.43900000000000006 -3.757000000000001
92.6829867417 20.97795519647 0.0555 0.0484 21.466 "" "" 3375325432545299328 1621.6272 0.59 0.0574 3.221 -4.025 0.07 0.055 1.022 4650.2 4.2901 16.490286 1.342096 17.082571 15.740475 "" "" 1484.56726 1772.672 4773.44645 3.5468 2006.3 12.077 4008.4 15.181 "" "" 0.0028709937127830605 0.007106301 0.005585008 0.012691309 92.6829867417 20.97795519647 1621.6272 3.221 -4.025
92.92699536552 20.348002846 0.0475 0.041 20.125 "" "" 3375000733016796800 1760.00085 0.5476 0.0561 -0.167 0.842 0.063 0.045 0.961 5970.0 4.482 16.492674 1.271378 17.05114 15.779761 "" "" 1592.32458 1998.27197 4762.96371 2.9802 2065.2 12.188 3865.9 10.612 "" "" 0.002837834278408554 0.0069887224 0.004813145 0.011801867 92.92699536552 20.348002846 1760.00085 -0.167 0.842
92.409032022 20.7070252703 0.0582 0.0491 18.2061 "" "" 3375221593118536064 1905.93408 0.5059 0.0686 -0.572 -4.003 0.075 0.054 1.008 7955.2 2.6365 16.496122 3.184928 18.381592 15.196664 "" "" 1643.87524 2213.25732 4747.85917 10.007 606.43 18.311 6614.4 33.547 "" "" 0.003581693186198277 0.032902047 0.006678842 0.03958089 92.409032022 20.7070252703 1905.93408 -0.572 -4.003
93.00796718289 20.73476116962 0.0503 0.0431 17.5102 "" "" 3375117246890849408 1434.79883 0.7015 0.0526 3.123 -6.514 0.063 0.049 1.034 5349.8 4.6393 16.49642 1.14809 16.984299 15.836208 "" "" 1323.12866 1550.78638 4746.56143 3.0509 2196.3 27.254 3670.1 17.785 "" "" 0.0028423245520623162 0.013758836 0.0064781113 0.020236947 93.00796718289 20.73476116962 1434.79883 3.123000000000001 -6.514000000000002
92.62642309893 20.77093174102 0.0509 0.0449 10.3794 "" "" 3375217096289282304 2067.48242 0.4539 0.0547 0.394 -2.675 0.069 0.055 0.949 8214.9 4.3213 16.497534 1.396421 17.128828 15.732407 "" "" 1857.16333 2291.93701 4741.68873 2.9696 1922.6 28.878 4038.3 16.949 "" "" 0.002837982994730484 0.016545033 0.0059202276 0.02246526 92.62642309893 20.77093174102 2067.48242 0.39399999999999996 -2.6750000000000003
92.88999765821 20.4305033347 0.0549 0.0502 14.926 "" "" 3375004993624342912 1508.18677 0.6258 0.0654 2.302 -3.305 0.066 0.05 1.083 4321.8 4.3493 16.498802 1.367076 17.111225 15.744149 "" "" 1348.83374 1672.65125 4736.15597 2.9873 1954.0 11.666 3994.8 17.754 "" "" 0.0028391494103353265 0.007057183 0.0061292225 0.013186405 92.88999765821 20.4305033347 1508.18677 2.302 -3.305000000000001
92.67331127705 20.7963916322 0.0533 0.0487 10.797 "" "" 3375217646045083136 1737.91125 0.5477 0.0571 1.192 0.881 0.069 0.054 0.947 5663.6 4.6506 16.504875 1.226676 17.040062 15.813386 "" "" 1586.66174 1925.68298 4709.73665 3.3495 2086.4 13.884 3748.0 15.618 "" "" 0.002861471901109252 0.007745096 0.0058951587 0.013640255 92.67331127705 20.7963916322 1737.91125 1.1920000000000004 0.8810000000000001
92.96049614332 20.40768129679 0.0535 0.0479 18.638 "" "" 3375004306429566208 1831.88928 0.5088 0.0617 -0.311 -2.086 0.07 0.049 1.074 4895.7 4.2431 16.506092 1.794865 17.37268 15.577816 "" "" 1669.17517 2056.36182 4704.46117 10.965 1535.8 22.522 4656.2 31.298 "" "" 0.00374108438731216 0.016164588 0.008218627 0.024383215 92.96049614332 20.40768129679 1831.88928 -0.311 -2.086
92.44542129302 20.44437226577 0.0649 0.0596 18.7619 "" "" 3375201703126587264 1450.7312 0.6722 0.0716 1.327 -2.499 0.067 0.051 1.078 5072.9 4.7476 16.510246 1.143567 17.00754 15.863973 "" "" 1334.6958 1610.60303 4686.49412 3.9529 2149.8 9.5567 3577.4 15.565 "" "" 0.00290352299593854 0.0055749756 0.0060497513 0.011624727 92.44542129302 20.44437226577 1450.7312 1.3270000000000002 -2.499
92.71717885402 20.92915739179 0.0545 0.0477 18.4366 "" "" 3375313333619097984 1452.4585 0.6759 0.0543 1.129 -3.981 0.069 0.051 0.992 5486.0 4.5976 16.517334 1.244957 17.042059 15.797102 "" "" 1354.41833 1560.32556 4655.99918 3.8037 2082.5 40.422 3804.7 16.246 "" "" 0.0028945702308034865 0.021258391 0.00598138 0.027239772 92.71717885402 20.92915739179 1452.4585 1.129 -3.9810000000000008
93.03340559107 20.70201523672 0.056 0.0475 18.2231 "" "" 3375116216099020032 1623.13635 0.5971 0.0579 -4.607 -2.511 0.073 0.056 1.074 5295.4 4.6498 16.51829 1.156485 17.002594 15.846109 "" "" 1498.23071 1798.94592 4651.90193 3.2533 2159.6 26.579 3636.8 13.889 "" "" 0.0028580303923133018 0.013650751 0.005610413 0.019261163 93.03340559107 20.70201523672 1623.13635 -4.607 -2.511
92.61882245483 20.7925183467 0.0521 0.0459 11.7152 "" "" 3375217401230525696 1728.19006 0.546 0.0553 0.369 -3.897 0.068 0.053 0.936 5649.0 4.6586 16.519903 1.169929 17.018309 15.84838 "" "" 1554.37976 1894.5509 4644.99698 3.2634 2128.6 11.269 3629.2 16.978 "" "" 0.0028589594639928427 0.006389396 0.0063310782 0.012720474 92.61882245483 20.7925183467 1728.19006 0.36900000000000005 -3.897
92.97647356146 20.34685156508 0.0515 0.0461 21.9007 "" "" 3375000591281620608 2027.02441 0.4728 0.0584 0.11 -3.53 0.066 0.049 1.051 9416.6 4.0709 16.520386 2.194225 17.657944 15.463718 "" "" 1796.03955 2327.10156 4642.93586 3.0919 1181.0 10.253 5172.1 15.163 "" "" 0.0028486073074107817 0.009830244 0.004941203 0.014771447 92.97647356146 20.34685156508 2027.02441 0.11 -3.53
92.54754260068 20.86893773041 0.0555 0.0477 17.711 "" "" 3375230634026194432 1481.64185 0.6678 0.0578 0.787 -3.724 0.071 0.054 0.976 5266.5 4.632 16.525105 1.210041 17.0477 15.83766 "" "" 1361.30981 1618.08716 4622.79797 3.2982 2071.7 13.247 3665.2 12.797 "" "" 0.002862140227232459 0.007482189 0.005352957 0.012835147 92.54754260068 20.86893773041 1481.64185 0.787 -3.7239999999999993
93.02084666381 20.40038799467 0.0568 0.0517 21.4914 "" "" 3375002691521850368 1554.61853 0.6341 0.0614 -2.769 -5.256 0.075 0.056 1.019 5550.4 4.6472 16.525156 1.357297 17.13137 15.774074 "" "" 1400.15588 1700.71643 4622.58067 2.8769 1918.1 11.546 3886.2 15.214 "" "" 0.00283696708668149 0.007106261 0.0056877662 0.012794027 93.02084666381 20.40038799467 1554.61853 -2.7689999999999992 -5.256
92.43321537781 20.47766959907 0.0602 0.059 18.3041 "" "" 3375202008068710656 1628.70251 0.592 0.0759 1.317 -4.101 0.066 0.048 0.897 5268.8 4.7399 16.536913 1.169232 17.035824 15.866591 "" "" 1447.76685 1822.63 4572.79544 3.8384 2094.5 25.23 3568.8 27.113 "" "" 0.0029021331960163163 0.013372912 0.0090732 0.02244611 92.43321537781 20.47766959907 1628.70251 1.3169999999999995 -4.100999999999999
92.75871617254 20.71824637097 0.0519 0.0456 6.1701 "" "" 3375213247998572288 1678.93457 0.5755 0.0532 1.218 -3.843 0.069 0.051 1.033 5712.3 4.6104 16.53733 1.278391 17.105186 15.826796 "" "" 1547.95422 1851.39502 4571.03356 2.9832 1964.9 8.9666 3702.0 13.614 "" "" 0.002844975013187543 0.0056862514 0.005497808 0.011184059 92.75871617254 20.71824637097 1678.93457 1.218 -3.8430000000000004
92.45493970676 20.54966081945 0.0579 0.0555 15.5227 "" "" 3375203695991389824 2018.80615 0.4866 0.0726 0.428 -2.491 0.069 0.052 0.971 9262.6 3.6642 16.537855 2.300277 17.733051 15.432775 "" "" 1729.2417 2449.88623 4568.82817 3.7012 1102.0 17.993 5321.7 19.205 "" "" 0.0028923006234064133 0.017945683 0.005443908 0.02338959 92.45493970676 20.54966081945 2018.80615 0.428 -2.491
92.61999557295 20.80486837455 0.0563 0.051 12.3377 "" "" 3375217504309751168 1608.92297 0.6044 0.0619 -0.243 -3.746 0.073 0.059 1.075 5145.7 4.6268 16.538853 1.373049 17.159758 15.786709 "" "" 1436.27393 1801.19055 4564.62901 4.0407 1868.6 11.479 3841.3 13.776 "" "" 0.002918138401012699 0.0072298767 0.0054263333 0.01265621 92.61999557295 20.80486837455 1608.92297 -0.24299999999999997 -3.746
92.89044485738 20.6957180718 0.0543 0.0466 10.5289 "" "" 3375118380762258432 1472.13879 0.6541 0.0567 1.242 -4.161 0.071 0.051 1.055 5381.3 4.6106 16.540237 1.424301 17.18615 15.761848 "" "" 1371.18762 1598.42102 4558.80971 2.9968 1823.7 9.8023 3930.2 17.134 "" "" 0.0028462593073714055 0.006468491 0.006057088 0.012525579 92.89044485738 20.6957180718 1472.13879 1.2420000000000002 -4.161
92.4698811699 20.65228636448 0.0561 0.0536 14.1791 "" "" 3375208746872907648 1748.27661 0.5441 0.0723 -3.143 -3.809 0.075 0.055 0.997 5390.4 4.6986 16.542507 1.178675 17.041826 15.863152 "" "" 1565.60046 1979.67883 4549.29505 3.1937 2083.0 18.224 3580.1 18.083 "" "" 0.002858802661943918 0.009900324 0.0066602016 0.016560525 92.4698811699 20.65228636448 1748.27661 -3.1429999999999993 -3.8090000000000006
93.02986937743 20.63220497089 0.0626 0.0542 17.394 "" "" 3375114223230898560 1812.66223 0.5134 0.0697 1.697 0.347 0.078 0.059 1.208 "" "" 16.542665 1.823872 17.269638 15.445766 "" "" 1595.84119 2070.3606 4548.62763 3.9312 1688.7 13.461 5258.4 12.19 "" "" 0.002910722800875887 0.009093288 0.004540788 0.013634076 93.02986937743 20.63220497089 1812.66223 1.6970000000000005 0.34700000000000003
92.6845531472 20.42397196831 0.0593 0.0493 12.0441 "" "" 3375011625053896960 1966.69763 0.5176 0.0683 1.506 -6.218 0.077 0.055 1.064 5515.5 4.6348 16.547186 1.300231 17.127047 15.826816 "" "" 1702.10706 2247.51709 4529.72785 3.3117 1925.7 15.275 3702.0 16.27 "" "" 0.002867382938858087 0.009052955 0.0060871253 0.01514008 92.6845531472 20.42397196831 1966.69763 1.5060000000000002 -6.218
92.72871957667 20.79994405775 0.0536 0.0468 10.6934 "" "" 3375214721170940288 2071.49487 0.4627 0.0556 0.15 -3.542 0.076 0.06 1.026 8484.5 4.2331 16.550896 1.475772 17.228083 15.752311 "" "" 1848.9613 2368.8584 4514.2779 3.1979 1754.6 16.713 3964.9 14.448 "" "" 0.0028606561267947024 0.010711679 0.005471453 0.016183132 92.72871957667 20.79994405775 2071.49487 0.14999999999999997 -3.542
93.0781553759 20.78049093823 0.0742 0.0639 22.2248 "" "" 3375117727927153536 1897.53918 0.5352 0.079 2.452 1.323 0.09 0.077 1.173 "" "" 16.551617 1.425639 16.963934 15.538295 "" "" 1648.63928 2167.09155 4511.28241 4.7626 2237.9 25.99 4828.8 87.518 "" "" 0.002984227235811996 0.012914283 0.020037718 0.032952003 93.0781553759 20.78049093823 1897.53918 2.452 1.323
93.09889448229 20.75301344838 0.0562 0.046 22.6601 "" "" 3375116800214220672 1850.67273 0.5144 0.0604 -0.158 -7.57 0.068 0.054 1.061 5600.7 4.5982 16.552328 1.352162 17.148565 15.796403 "" "" 1656.82874 2149.58447 4508.32866 3.0992 1887.9 13.999 3807.1 22.551 "" "" 0.0028546222593662865 0.008520646 0.007459543 0.01598019 93.09889448229 20.75301344838 1850.67273 -0.15799999999999997 -7.57
92.64033721785 20.34650121698 0.0652 0.056 17.124 "" "" 3375009013713807360 1715.9928 0.5583 0.0774 3.981 2.54 0.072 0.054 1.072 5088.3 4.7369 16.552681 1.231902 17.082682 15.85078 "" "" 1524.3606 1951.57617 4506.86599 3.1567 2006.1 22.677 3621.1 13.139 "" "" 0.0028583397809917 0.012586347 0.00545928 0.018045627 92.64033721785 20.34650121698 1715.9928 3.981 2.54
92.9407332167 20.38686893217 0.0533 0.0473 18.7698 "" "" 3375003894112715008 1552.14209 0.638 0.0611 -0.487 -12.804 0.068 0.051 1.06 4679.3 4.3433 16.557867 1.43927 17.213604 15.774334 "" "" 1423.49402 1683.3092 4485.39018 2.9211 1778.2 10.448 3885.3 17.893 "" "" 0.002844601200797139 0.0069628465 0.0062677916 0.013230639 92.9407332167 20.38686893217 1552.14209 -0.487 -12.804000000000002
92.4933229328 20.73899933819 0.0543 0.0458 14.5504 "" "" 3375216237295852928 1475.91736 0.6595 0.0601 -1.722 -8.683 0.076 0.055 0.985 5159.0 4.6184 16.560604 1.270506 17.12173 15.851225 "" "" 1365.46533 1663.02014 4474.09285 3.0102 1935.2 11.332 3619.7 12.451 "" "" 0.002850509772015922 0.006943078 0.0053133536 0.012256431 92.4933229328 20.73899933819 1475.91736 -1.722 -8.683
92.42885478193 20.86007336142 0.0568 0.0473 21.718 "" "" 3375230015550926592 1524.25244 0.6315 0.066 3.736 0.791 0.082 0.055 1.038 5346.7 4.6979 16.562084 1.212493 17.083101 15.870608 "" "" 1381.0907 1694.15906 4468.00048 3.115 2005.3 12.865 3555.6 12.101 "" "" 0.0028574057911329915 0.0075035845 0.005285631 0.012789216 92.42885478193 20.86007336142 1524.25244 3.736 0.7910000000000001
92.66165482522 20.65701777265 0.0463 0.0402 3.9098 "" "" 3375211250838787200 2078.54907 0.4749 0.0518 -0.287 -1.921 0.06 0.048 0.989 "" "" 16.562653 1.714909 17.364077 15.649168 "" "" 1851.66187 2343.51514 4465.65998 36.888 1548.1 75.908 4360.0 171.73 "" "" 0.009382283665426176 0.053309973 0.042931233 0.096241206 92.66165482522 20.65701777265 2078.54907 -0.287 -1.921
92.6444902689 20.53365108815 0.0532 0.0464 6.7948 "" "" 3375016469776987392 1653.07434 0.5692 0.0625 -0.229 -2.095 0.073 0.054 1.03 6079.5 4.3873 16.562912 1.739672 17.392336 15.652664 "" "" 1488.39636 1825.55286 4464.59724 7.4661 1508.3 14.356 4346.0 33.051 "" "" 0.0032997621244939793 0.010704082 0.009080792 0.019784875 92.6444902689 20.53365108815 1653.07434 -0.229 -2.0950000000000006
92.60693731297 20.62409133522 0.0488 0.0427 6.3677 "" "" 3375210774097454336 1742.24561 0.5555 0.0568 4.268 -5.389 0.068 0.053 0.958 5122.8 4.4822 16.563822 1.266901 17.121399 15.854498 "" "" 1594.48804 1896.69507 4460.85087 2.5975 1935.8 12.115 3608.8 14.549 "" "" 0.00282692065018018 0.0073455153 0.005783031 0.013128547 92.60693731297 20.62409133522 1742.24561 4.268 -5.388999999999999
92.75392547634 20.47516036287 0.0546 0.0459 9.0044 "" "" 3375012209169419776 1718.72351 0.5689 0.0601 3.262 -5.372 0.075 0.055 0.97 5672.7 4.637 16.568495 1.41714 17.212252 15.795112 "" "" 1557.68665 1931.07092 4441.69704 3.0095 1780.4 11.57 3811.7 13.622 "" "" 0.002851835647154107 0.0075873537 0.0054165623 0.013003916 92.75392547634 20.47516036287 1718.72351 3.2620000000000005 -5.372
92.56983481158 20.63794068381 0.0585 0.0506 8.5041 "" "" 3375205723215918464 1898.70544 0.4984 0.069 1.178 -4.662 0.08 0.061 1.15 5215.9 4.6003 16.571014 1.384318 17.15582 15.771503 "" "" 1644.28345 2188.10938 4431.40413 5.6057 1875.4 17.166 3895.4 24.216 "" "" 0.003078661055826557 0.0103222625 0.00773564 0.018057901 92.56983481158 20.63794068381 1898.70544 1.178 -4.662000000000001
