Clusters/UBC_245/UBC_245_stars_in_region.tsv
# %ECSV 1.0
# ---
# datatype:
# - name: RA_ICRS_1
#   unit: deg
#   datatype: float64
#   format: '{:15.11f}'
#   description: Right ascension (ICRS) at Ep=2016.0 (ra)
#   meta: !!omap
#   - {ucd: POS_EQ_RA_MAIN}
#   - {width: 15}
#   - {precision: '11'}
# - name: DE_ICRS_1
#   unit: deg
#   datatype: float64
#   format: '{:15.11f}'
#   description: Declination (ICRS) at Ep=2016.0 (dec)
#   meta: !!omap
#   - {ucd: POS_EQ_DEC_MAIN}
#   - {width: 15}
#   - {precision: '11'}
# - name: e_RA_ICRS
#   unit: mas
#   datatype: float64
#   format: '{:7.4f}'
#   description: Standard error of right ascension (ra_error)
#   meta: !!omap
#   - {ucd: ERROR}
#   - {width: 7}
#   - {precision: '4'}
# - name: e_DE_ICRS
#   unit: mas
#   datatype: float64
#   format: '{:7.4f}'
#   description: Standard error of declination (dec_error)
#   meta: !!omap
#   - {ucd: ERROR}
#   - {width: 7}
#   - {precision: '4'}
# - name: _r_1
#   unit: ''
#   datatype: float64
#   format: '{:7.4f}'
#   description: Distance from center (129.31930792000-45.22660588000)[ICRS], at Epoch=J2016.0
#   meta: !!omap
#   - {ucd: POS_ANG_DIST_GENERAL}
#   - {width: 7}
#   - {precision: '4'}
# - name: HIP
#   datatype: int32
#   description: '? HIP cross-id number, van Leeuwen, Cat. I/311 (hip_original_ext_source_id)'
#   meta: !!omap
#   - {ucd: ID_NUMBER}
#   - {width: 6}
#   - values: {'null': -2147483648}
# - name: TYC2
#   datatype: string
#   description: Tycho-2 cross-id name, Hog et al., Cat. I/259 (tyc2_original_ext_source_id)
#   meta: !!omap
#   - {ucd: ID_CROSSID}
#   - {_votable_string_dtype: char}
# - name: Source
#   datatype: int64
#   description: Source identifier, identical to the Gaia-EDR3 source_id (id)
#   meta: !!omap
#   - {ucd: ID_MAIN}
#   - {width: 19}
# - name: rgeo
#   unit: pc
#   datatype: float64
#   format: '{:15.8f}'
#   description: '? Median of the geometric distance posterior (r_med_geo)'
#   meta: !!omap
#   - {ucd: PHYS_DISTANCE_TRUE}
#   - {width: 15}
#   - {precision: '8'}
#   - values: {'null': .nan}
# - name: Plx
#   unit: mas
#   datatype: float64
#   format: '{:9.4f}'
#   description: '? Parallax (parallax)'
#   meta: !!omap
#   - {ucd: POS_PARLX_TRIG}
#   - {width: 9}
#   - {precision: '4'}
#   - values: {'null': .nan}
# - name: e_Plx
#   unit: mas
#   datatype: float32
#   format: '{:7.4f}'
#   description: '? Standard error of parallax (parallax_error)'
#   meta: !!omap
#   - {ucd: ERROR}
#   - {width: 7}
#   - {precision: '4'}
#   - values: {'null': .nan}
# - name: pmRA
#   unit: mas / yr
#   datatype: float64
#   format: '{:9.3f}'
#   description: '? Proper motion in right ascension direction, pmRA*cosDE (pmra)'
#   meta: !!omap
#   - {ucd: POS_EQ_PMRA}
#   - {width: 9}
#   - {precision: '3'}
#   - values: {'null': .nan}
# - name: pmDE
#   unit: mas / yr
#   datatype: float64
#   format: '{:9.3f}'
#   description: '? Proper motion in declination direction (pmdec)'
#   meta: !!omap
#   - {ucd: POS_EQ_PMDEC}
#   - {width: 9}
#   - {precision: '3'}
#   - values: {'null': .nan}
# - name: e_pmRA
#   unit: mas / yr
#   datatype: float32
#   format: '{:6.3f}'
#   description: '? Standard error of proper motion in right ascension direction (pmra_error)'
#   meta: !!omap
#   - {ucd: ERROR}
#   - {width: 6}
#   - {precision: '3'}
#   - values: {'null': .nan}
# - name: e_pmDE
[...]
#         value: !astropy.table.SerializedColumn {name: SkyCoord.dec}
#       distance: !astropy.table.SerializedColumn
#         __class__: astropy.coordinates.distances.Distance
#         unit: !astropy.units.Unit {unit: pc}
#         value: !astropy.table.SerializedColumn {name: SkyCoord.distance}
#       frame: icrs
#       obstime: !astropy.time.Time {format: jyear_str, in_subfmt: '*', jd1: 367701545.0, jd2: 0.0, out_subfmt: '*', precision: 3, scale: tt}
#       pm_dec: !astropy.table.SerializedColumn
#         __class__: astropy.units.quantity.Quantity
#         unit: !astropy.units.Unit {unit: mas / yr}
#         value: !astropy.table.SerializedColumn {name: SkyCoord.pm_dec}
#       pm_ra_cosdec: !astropy.table.SerializedColumn
#         __class__: astropy.units.quantity.Quantity
#         unit: !astropy.units.Unit {unit: mas / yr}
#         value: !astropy.table.SerializedColumn {name: SkyCoord.pm_ra_cosdec}
#       ra: !astropy.table.SerializedColumn
#         __class__: astropy.coordinates.angles.Longitude
#         unit: *id001
#         value: !astropy.table.SerializedColumn {name: SkyCoord.ra}
#         wrap_angle: !astropy.coordinates.Angle
#           unit: *id001
#           value: 360.0
#       representation_type: spherical
# schema: astropy-2.0
RA_ICRS_1 DE_ICRS_1 e_RA_ICRS e_DE_ICRS _r_1 HIP TYC2 Source rgeo Plx e_Plx pmRA pmDE e_pmRA e_pmDE RUWE Teff logg Gmag BP-RP BPmag RPmag RV e_RV b_rgeo B_rgeo FG e_FG FBP e_FBP FRP e_FRP RAVE5 RAVE6 e_Gmag e_BPmag e_RPmag e_BP-RP SkyCoord.ra SkyCoord.dec SkyCoord.distance SkyCoord.pm_ra_cosdec SkyCoord.pm_dec rmRA rmDE e_rmRA e_rmDE rRV e_rRV v_pec v_pec3d e_vpec e_vpec3d
[from data line 219]
129.4329336279 -45.32687514218 0.0131 0.0145 7.6947 "" "" 5522281624211267200 2071.56689 0.446 0.0162 -4.581 4.262 0.019 0.019 1.025 9324.4 3.9672 14.476083 0.704375 14.745075 14.0407 "" "" 2005.48413 2135.54541 30515.02147 8.6518 17274.0 14.836 19181.0 14.935 "" "" 0.0027724630552382803 0.0029418706 0.0038727787 0.0068146493 129.4329336279 -45.32687514218 2071.56689 -4.581 4.262 0.0018771591186519387 -0.06763180541992231 0.11886958 0.11886958 "" "" 0.6643478033541226 "" 0.07897074457684182 ""
128.92406008041 -45.2551526278 0.0127 0.0137 16.7859 "" "" 5521968916234352640 1893.12305 0.4904 0.0156 -5.531 4.869 0.017 0.017 0.982 9246.7 4.0506 14.47827 0.636059 14.717583 14.081524 "" "" 1843.4679 1952.48706 30453.60705 6.8997 17717.0 16.862 18473.0 13.796 "" "" 0.002766279092393673 0.0029753721 0.0038653852 0.006840757 128.92406008041 -45.2551526278 1893.12305 -5.531 4.869 -0.9481228408813474 0.5393681945800779 0.116869584 0.116869584 "" "" 9.788230765201925 "" 1.143946454942483 ""
128.80232595779 -44.98943439127 0.0133 0.0142 26.1107 "" "" 5522728884925971840 2223.59326 0.417 0.016 -3.243 6.187 0.017 0.017 1.034 7105.1 3.4708 14.480049 1.06197 14.922133 13.860164 "" "" 2148.15649 2320.46167 30403.7339 6.375 14675.0 12.862 22651.0 12.935 "" "" 0.00276470907900757 0.002947981 0.0038299018 0.0067778826 128.80232595779 -44.98943439127 2223.59326 -3.243 6.187 1.3398771591186525 1.8573681945800784 0.116869584 0.116869584 "" "" 24.138487597448083 "" 2.8210549972872636 ""
128.71380498753 -45.21907887794 0.013 0.0145 25.5931 "" "" 5522717408773633664 2030.35547 0.4575 0.0163 -4.266 4.462 0.017 0.018 1.005 9298.6 4.2446 14.494461 0.554939 14.704834 14.149895 "" "" 1960.54089 2113.66406 30002.83634 11.358 17926.0 16.887 17346.0 13.924 "" "" 0.00278580823702981 0.0029717302 0.0038785713 0.0068503013 128.71380498753 -45.21907887794 2030.35547 -4.266000000000005 4.4620000000000015 0.31687715911865233 0.13236819458007787 0.116869584 0.11786958 "" "" 3.3049669752597928 "" 0.3867429203548741 ""
129.10985513906 -45.2262354908 0.0128 0.0144 8.8512 "" "" 5521970050105868160 1913.91223 0.4871 0.0155 -4.687 6.529 0.018 0.019 0.986 6561.3 3.6554 14.503274 1.09912 14.965663 13.866543 40.6 13.02 1868.86548 1959.72925 29760.28417 4.9868 14098.0 17.134 22519.0 13.624 "" "" 0.002761320095553249 0.0030864638 0.0038360404 0.006922504 129.10985513906 -45.2262354908 1913.91223 -4.686999999999999 6.528999999999996 -0.10412284088134793 2.199368194580078 0.11786958 0.11886958 "" "" 19.974892137706124 "" 2.3743625636885124 ""
129.65292081473 -44.83194780892 0.0141 0.0146 27.5834 "" "" 5522367901516951808 1944.80286 0.4835 0.0173 -4.604 10.191 0.018 0.019 1.004 5233.9 3.3742 14.510568 1.646213 15.287609 13.641397 7.78 4.3 1879.02625 2018.91272 29561.02593 6.9207 10480.0 15.558 27708.0 19.483 "" "" 0.002767020216622475 0.0032222685 0.0038557188 0.0070779873 129.65292081473 -44.83194780892 1944.80286 -4.604000000000002 10.191000000000003 -0.02112284088134775 5.861368194580079 0.11786958 0.11886958 "" "" 54.03258553370109 "" 6.42283006769452 ""
129.57543738988 -45.607906292 0.0127 0.014 25.2936 "" "" 5522262451477349504 1896.27771 0.4926 0.0146 -6.193 2.43 0.016 0.018 0.975 8162.0 3.8763 14.51648 0.917062 14.885447 13.968385 "" "" 1843.43713 1942.01733 29400.49019 10.274 15179.0 17.893 20502.0 20.841 "" "" 0.0027813201379523144 0.0030697074 0.0039372398 0.007006947 129.57543738988 -45.607906292 1896.27771 -6.192999999999997 2.4300000000000015 -1.6101228408813473 -1.8996318054199217 0.11586958 0.11786958 "" "" 22.382805907781044 "" 2.6196297996594087 ""
128.73915435038 -45.37719219884 0.0134 0.0146 26.0976 "" "" 5521963693554038272 2375.50269 0.3823 0.0164 -4.202 3.874 0.019 0.018 0.982 8684.3 3.8401 14.520916 0.920899 14.890846 13.969947 "" "" 2300.84131 2467.80835 29280.6333 5.8979 15104.0 13.556 20473.0 16.112 "" "" 0.0027639857880158063 0.002955439 0.0038747685 0.0068302075 128.73915435038 -45.37719219884 2375.50269 -4.202000000000002 3.8739999999999983 0.3808771591186524 -0.45563180541992176 0.11886958 0.11786958 "" "" 6.686775510762587 "" 0.7909248179548102 ""
128.92810720253 -44.99688812125 0.0141 0.0142 21.5491 "" "" 5522726788981953408 2330.51807 0.3987 0.0165 -4.848 5.788 0.018 0.019 1.047 "" "" 14.52473 2.149645 15.636609 13.486964 76.96 2.4 2244.53223 2419.33691 29177.96748 7.8541 7599.3 10.473 31943.0 15.939 "" "" 0.0027707767605378753 0.0031660693 0.0038180144 0.006984084 128.92810720253 -44.99688812125 2330.51807 -4.848 5.788 -0.2651228408813475 1.4583681945800784 0.11786958 0.11886958 "" "" 16.374139534086517 "" 1.9458653885771326 ""
129.44211438648 -44.82241704069 0.0161 0.0174 24.8042 "" "" 5522357627954248960 2444.84937 0.3727 0.0198 -1.447 -0.883 0.022 0.022 1.072 5089.6 2.5295 14.525416 2.513308 15.900275 13.386967 41.66 3.95 2341.73291 2565.58057 29159.51641 10.964 5960.8 13.21 35024.0 35.747 "" "" 0.0027853989546057605 0.0036843729 0.0039384924 0.007622865 129.44211438648 -44.82241704069 2444.84937 -1.447 -0.883 3.1358771591186523 -5.212631805419922 0.12186958 0.12186958 "" "" 70.49562324592843 "" 8.591271923331913 ""
129.60681782594 -45.51673652894 0.0148 0.0157 21.2107 "" "" 5522264066385042048 1940.7666 0.4748 0.0169 -4.319 6.609 0.02 0.021 1.124 7912.9 3.9614 14.527116 1.05773 14.967242 13.909512 "" "" 1889.24573 2021.66125 29113.89191 5.3281 14077.0 16.891 21645.0 17.536 "" "" 0.002762475490009726 0.0030793299 0.003880395 0.006959725 129.60681782594 -45.51673652894 1940.7666 -4.319000000000001 6.609000000000005 0.2638771591186524 2.279368194580078 0.119869575 0.12086958 "" "" 21.108484158892185 "" 2.551095531164289 ""
129.28502699533 -45.26886721738 0.0151 0.0178 2.9201 "" "" 5522329517381875200 1818.8147 0.5111 0.0188 -5.783 5.221 0.021 0.023 1.279 9641.0 4.2783 14.531116 0.814183 14.816093 14.00191 "" "" 1765.6073 1898.69714 29006.83087 7.9555 16180.0 36.682 19879.0 116.65 "" "" 0.0027713644098961614 0.0037207527 0.0074077435 0.011128496 129.28502699533 -45.26886721738 1818.8147 -5.783 5.221 -1.200122840881348 0.8913681945800782 0.12086958 0.12286958 "" "" 12.888110376171143 "" 1.566993118121409 ""
129.30544536105 -45.62434647559 0.0826 0.089 23.8716 "" "" 5521898994165313152 1817.32471 0.548 0.0996 -4.3 4.501 0.11 0.109 5.971 7998.0 3.9473 14.535904 0.806324 14.840288 14.033964 "" "" 1582.62549 2230.90161 28879.20184 19.731 15823.0 19.872 19301.0 16.645 "" "" 0.0028534295477979825 0.0031055382 0.0038936408 0.006999179 129.30544536105 -45.62434647559 1817.32471 -4.3 4.501 0.2828771591186525 0.17136819458007846 0.20986958 0.20886958 "" "" 2.8490024749664244 "" 0.5971554086518012 ""
129.41740235839 -45.17505492358 0.0135 0.0155 5.1736 "" "" 5522331480193659520 1783.02161 0.5258 0.0165 -4.219 3.39 0.017 0.018 1.107 7091.7 3.9706 14.536673 1.207186 15.055652 13.848466 45.26 5.99 1725.31653 1837.18774 28858.75754 5.9823 12976.0 15.905 22897.0 18.147 "" "" 0.002764497289627367 0.0030912962 0.0038761045 0.0069674007 129.41740235839 -45.17505492358 1783.02161 -4.218999999999998 3.3899999999999992 0.36387715911865204 -0.9396318054199218 0.116869584 0.11786958 "" "" 8.51599202971325 "" 1.0026699308460525 ""
128.75789250463 -45.40063321848 0.026 0.0282 25.8873 "" "" 5521960669897089408 2241.93115 0.4151 0.0314 -4.525 3.429 0.036 0.037 1.962 "" "" 14.554855 0.892273 14.90475 14.012477 "" "" 2088.93311 2398.01416 28379.48211 7.066 14911.0 17.235 19686.0 11.721 "" "" 0.0027685497015906566 0.0030594058 0.003834269 0.006893675 128.75789250463 -45.40063321848 2241.93115 -4.525 3.4290000000000003 0.05787715911865199 -0.900631805419922 0.13586958 0.13686958 "" "" 9.59053427719028 "" 1.3126130943734862 ""
129.12942605208 -45.31177632148 0.0137 0.0145 9.5081 "" "" 5521956787246921088 2382.59082 0.3808 0.0163 -4.436 3.117 0.019 0.018 0.957 4866.6 2.4407 14.563647 2.458866 15.897159 13.438292 58.72 1.9 2284.23584 2474.00439 28150.60104 8.4779 5978.0 12.174 33407.0 22.142 "" "" 0.0027746544214653883 0.0035600364 0.0038472824 0.007407319 129.12942605208 -45.31177632148 2382.59082 -4.436 3.1169999999999973 0.1468771591186524 -1.2126318054199219 0.11886958 0.11786958 "" "" 13.794924216609498 "" 1.6262021892243566 ""
129.97685248074 -45.31090685985 0.0142 0.0152 28.2229 "" "" 5522273652751927808 2482.94971 0.3619 0.0171 -0.744 2.557 0.019 0.019 1.022 4692.4 2.565 14.564091 2.299695 15.782838 13.483143 27.14 2.37 2402.44434 2596.77417 28139.1167 7.6307 6641.7 10.346 32055.0 23.468 "" "" 0.0027710064790193193 0.0032627445 0.003862068 0.0071248123 129.97685248074 -45.31090685985 2482.94971 -0.7440000000000002 2.5569999999999995 3.8388771591186526 -1.772631805419922 0.11886958 0.11886958 "" "" 49.76457767888223 "" 5.915494463912002 ""
129.44135116436 -45.606652035 0.013 0.0163 23.3749 "" "" 5521899784439426560 1861.88123 0.5011 0.0165 -2.34 -2.127 0.018 0.018 1.031 4885.7 3.216 14.566851 1.591844 15.314522 13.722678 12.97 3.72 1800.21667 1931.72302 28067.6729 6.192 10224.0 15.844 25709.0 17.135 "" "" 0.0027657116796053587 0.0032582246 0.0038480363 0.007106261 129.44135116436 -45.606652035 1861.88123 -2.339999999999999 -2.127 2.2428771591186525 -6.456631805419922 0.11786958 0.11786958 "" "" 60.321924569762764 "" 7.110119811397355 ""
129.02190132677 -45.59872918581 0.0137 0.0144 25.6013 "" "" 5521943627467195008 1995.23633 0.467 0.0169 -2.728 5.404 0.018 0.018 1.029 5538.6 3.6058 14.569809 1.47757 15.241291 13.763721 15.51 5.1 1930.0376 2067.59546 27991.3131 11.36 10937.0 28.748 24755.0 31.648 "" "" 0.0027903313295478314 0.003991191 0.004026218 0.008017409 129.02190132677 -45.59872918581 1995.23633 -2.728000000000003 5.404 1.8548771591186521 1.074368194580078 0.11786958 0.11786958 "" "" 20.272518576266968 "" 2.3895132157021557 ""
129.11101102964 -45.39452813204 0.0136 0.0139 13.3702 "" "" 5521954794382124032 1976.07214 0.4691 0.016 -4.292 4.491 0.018 0.018 0.993 9501.8 4.0502 14.571814 0.651565 14.817686 14.166121 "" "" 1912.86743 2042.40393 27939.68471 6.3756 16156.0 13.739 17089.0 11.967 "" "" 0.0027664367599820796 0.0029389695 0.003855101 0.006794071 129.11101102964 -45.39452813204 1976.07214 -4.292 4.491 0.29087715911865253 0.16136819458007778 0.11786958 0.11786958 "" "" 3.1156976540189416 "" 0.3672459685954523 ""
129.37883263935 -45.11853895172 0.0141 0.0157 6.9557 "" "" 5522334984886949248 2485.11572 0.366 0.0173 -4.09 2.913 0.019 0.019 1.005 6405.2 3.1103 14.574631 2.172273 15.699882 13.527609 20.33 3.64 2375.02808 2588.75854 27867.27436 8.2992 7169.1 10.803 30769.0 19.531 "" "" 0.0027742280608042983 0.0032344705 0.0038417056 0.007076176 129.37883263935 -45.11853895172 2485.11572 -4.09 2.9130000000000003 0.4928771591186525 -1.416631805419922 0.11886958 0.11886958 "" "" 17.66828365803993 "" 2.100221463555474 ""
129.83382829777 -45.26540763714 0.013 0.0139 21.8596 "" "" 5522286194056389632 1990.04114 0.4694 0.0156 -5.666 4.546 0.016 0.017 0.942 9244.4 4.0873 14.575578 0.999668 14.984883 13.985215 "" "" 1920.20654 2041.43091 27842.9712 5.0918 13850.0 14.817 20187.0 15.231 "" "" 0.00276246508738399 0.0030222884 0.0038671421 0.006889431 129.83382829777 -45.26540763714 1990.04114 -5.666 4.546000000000001 -1.083122840881348 0.2163681945800784 0.11586958 0.116869584 "" "" 10.418735733009276 "" 1.207616019578967 ""
129.52886702671 -45.43907076193 0.0137 0.0151 15.5125 "" "" 5522277015702047360 1886.01196 0.4924 0.0165 -2.756 6.123 0.018 0.019 1.054 6831.6 3.86 14.5774 1.145989 15.062123 13.916134 19.08 12.79 1817.28833 1945.3728 27796.2884 5.9971 12899.0 20.899 21513.0 17.164 "" "" 0.002765259889723206 0.0032984128 0.0038773846 0.0071757976 129.52886702671 -45.43907076193 1886.01196 -2.756000000000001 6.122999999999999 1.8268771591186526 1.7933681945800783 0.11786958 0.11886958 "" "" 22.88571019315095 "" 2.708784236885588 ""
129.57289244475 -45.17889254733 0.0161 0.0191 11.0962 "" "" 5522289836188594048 2087.13892 0.4401 0.0198 -4.426 4.316 0.02 0.025 1.259 9279.4 3.7597 14.578012 0.896865 14.934771 14.037906 "" "" 2009.96631 2181.41357 27780.63852 5.8153 14505.0 12.413 19231.0 15.759 "" "" 0.002764677907444978 0.0029408091 0.003882695 0.0068235043 129.57289244475 -45.17889254733 2087.13892 -4.426 4.316000000000004 0.1568771591186522 -0.013631805419922038 0.119869575 0.12486958 "" "" 1.5578400666048962 "" 0.18679720768281355 ""
129.40130792269 -45.13394038554 0.0139 0.0154 6.5529 "" "" 5522335087966175616 2180.9082 0.4188 0.017 -6.404 4.884 0.018 0.018 0.977 5069.0 3.1035 14.579401 2.044298 15.616719 13.572421 49.81 2.5 2109.79102 2259.21948 27745.11228 7.4577 7739.8 17.5 29525.0 16.444 "" "" 0.0027707326051075324 0.0037163894 0.0038274524 0.007543842 129.40130792269 -45.13394038554 2180.9082 -6.404 4.884 -1.8211228408813476 0.5543681945800785 0.11786958 0.11786958 "" "" 19.678798836345226 "" 2.319531720328062 ""
129.24877728156 -45.09656663145 0.0133 0.0162 8.3535 "" "" 5522346220521356672 2209.77295 0.4168 0.0169 -3.61 -0.84 0.017 0.019 1.042 "" "" 14.579584 2.377967 15.852488 13.474521 17.87 3.44 2131.04443 2287.57666 27740.4208 9.2103 6229.0 8.0192 32311.0 18.566 "" "" 0.002778801460030631 0.0031207085 0.003830527 0.0069512352 129.24877728156 -45.09656663145 2209.77295 -3.6099999999999994 -0.8399999999999996 0.9728771591186525 -5.169631805419922 0.116869584 0.11886958 "" "" 55.098908632768875 "" 6.545845543613256 ""
129.77951339013 -45.06753180524 0.014 0.0143 21.6877 "" "" 5522291588535202304 1866.61267 0.5045 0.0164 -5.681 3.988 0.018 0.018 1.052 7457.2 3.7721 14.585259 1.106173 15.048637 13.942465 "" "" 1818.80396 1932.12793 27595.81521 4.8165 13061.0 19.192 20998.0 13.214 "" "" 0.0027618291442882705 0.0032140834 0.0038406458 0.0070547294 129.77951339013 -45.06753180524 1866.61267 -5.680999999999999 3.9879999999999995 -1.0981228408813477 -0.3416318054199219 0.11786958 0.11786958 "" "" 10.175236734210493 "" 1.1993508629834597 ""
129.27531696027 -45.17577014919 0.0144 0.0161 3.5724 "" "" 5522333266900010496 2013.69788 0.4631 0.0173 -4.617 4.331 0.02 0.019 1.021 9857.1 4.0526 14.58781 0.803025 14.900598 14.097572 "" "" 1942.47644 2111.80981 27531.04958 6.0757 14968.0 20.006 18202.0 17.205 "" "" 0.002765718799104668 0.0031449907 0.0039162417 0.0070612323 129.27531696027 -45.17577014919 2013.69788 -4.617000000000001 4.331000000000003 -0.03412284088134765 0.00136819458007853 0.119869575 0.11886958 "" "" 0.32596176676445876 "" 0.039072377390900394 ""
128.81724501525 -45.37935466848 0.0138 0.0148 23.085 "" "" 5521962211780396416 2123.91113 0.4378 0.017 -4.005 4.634 0.018 0.019 0.961 15008.4 4.472 14.59045 1.191268 15.072744 13.881476 54.26 19.03 2057.69092 2210.17554 27464.17262 7.2969 12774.0 24.753 22211.0 29.095 "" "" 0.0027703795083875026 0.003494488 0.004038132 0.00753262 128.81724501525 -45.37935466848 2123.91113 -4.005000000000001 4.634 0.5778771591186525 0.30436819458007847 0.11786958 0.11886958 "" "" 6.575305716679911 "" 0.7764611946187079 ""
129.95336851432 -45.20121636284 0.0133 0.0152 26.8435 "" "" 5522298357404737792 1972.04126 0.4716 0.0167 -5.884 5.202 0.018 0.02 0.987 "" "" 14.600461 1.033915 15.026206 13.992291 "" "" 1907.74377 2044.03308 27212.12482 5.3447 13333.0 11.427 20056.0 15.22 "" "" 0.0027635600505876243 0.002941246 0.0038681522 0.006809398 129.95336851432 -45.20121636284 1972.04126 -5.884 5.202 -1.301122840881348 0.8723681945800781 0.11786958 0.119869575 "" "" 14.642894070297093 "" 1.7350868186695858 ""
129.55301591175 -45.28656658293 0.0139 0.0162 10.5061 "" "" 5522282689363399424 1991.04126 0.4666 0.017 -5.821 4.627 0.018 0.02 0.956 "" "" 14.614064 0.825124 14.938235 14.113112 "" "" 1917.19629 2053.77759 26873.29638 6.8821 14458.0 18.289 17944.0 12.863 "" "" 0.0027693143058926165 0.00310988 0.0038586888 0.006968569 129.55301591175 -45.28656658293 1991.04126 -5.8210000000000015 4.626999999999999 -1.2381228408813474 0.2973681945800779 0.11786958 0.119869575 "" "" 12.017122086130012 "" 1.4177744128720842 ""
