Clusters/UBC_245/UBC_245_stars_in_region.tsv
# %ECSV 1.0
# ---
# datatype:
# - name: RA_ICRS_1
#   unit: deg
#   datatype: float64
#   format: '{:15.11f}'
#   description: Right ascension (ICRS) at Ep=2016.0 (ra)
#   meta: !!omap
#   - {ucd: POS_EQ_RA_MAIN}
#   - {width: 15}
#   - {precision: '11'}
# - name: DE_ICRS_1
#   unit: deg
#   datatype: float64
#   format: '{:15.11f}'
#   description: Declination (ICRS) at Ep=2016.0 (dec)
#   meta: !!omap
#   - {ucd: POS_EQ_DEC_MAIN}
#   - {width: 15}
#   - {precision: '11'}
# - name: e_RA_ICRS
#   unit: mas
#   datatype: float64
#   format: '{:7.4f}'
#   description: Standard error of right ascension (ra_error)
#   meta: !!omap
#   - {ucd: ERROR}
#   - {width: 7}
#   - {precision: '4'}
# - name: e_DE_ICRS
#   unit: mas
#   datatype: float64
#   format: '{:7.4f}'
#   description: Standard error of declination (dec_error)
#   meta: !!omap
#   - {ucd: ERROR}
#   - {width: 7}
#   - {precision: '4'}
# - name: _r_1
#   unit: ''
#   datatype: float64
#   format: '{:7.4f}'
#   description: Distance from center (129.31930792000-45.22660588000)[ICRS], at Epoch=J2016.0
#   meta: !!omap
#   - {ucd: POS_ANG_DIST_GENERAL}
#   - {width: 7}
#   - {precision: '4'}
# - name: HIP
#   datatype: int32
#   description: '? HIP cross-id number, van Leeuwen, Cat. I/311 (hip_original_ext_source_id)'
#   meta: !!omap
#   - {ucd: ID_NUMBER}
#   - {width: 6}
#   - values: {'null': -2147483648}
# - name: TYC2
#   datatype: string
#   description: Tycho-2 cross-id name, Hog et al., Cat. I/259 (tyc2_original_ext_source_id)
#   meta: !!omap
#   - {ucd: ID_CROSSID}
#   - {_votable_string_dtype: char}
# - name: Source
#   datatype: int64
#   description: Source identifier, identical to the Gaia-EDR3 source_id (id)
#   meta: !!omap
#   - {ucd: ID_MAIN}
#   - {width: 19}
# - name: rgeo
#   unit: pc
#   datatype: float64
#   format: '{:15.8f}'
#   description: '? Median of the geometric distance posterior (r_med_geo)'
#   meta: !!omap
#   - {ucd: PHYS_DISTANCE_TRUE}
#   - {width: 15}
#   - {precision: '8'}
#   - values: {'null': .nan}
# - name: Plx
#   unit: mas
#   datatype: float64
#   format: '{:9.4f}'
#   description: '? Parallax (parallax)'
#   meta: !!omap
#   - {ucd: POS_PARLX_TRIG}
#   - {width: 9}
#   - {precision: '4'}
#   - values: {'null': .nan}
# - name: e_Plx
#   unit: mas
#   datatype: float32
#   format: '{:7.4f}'
#   description: '? Standard error of parallax (parallax_error)'
#   meta: !!omap
#   - {ucd: ERROR}
#   - {width: 7}
#   - {precision: '4'}
#   - values: {'null': .nan}
# - name: pmRA
#   unit: mas / yr
#   datatype: float64
#   format: '{:9.3f}'
#   description: '? Proper motion in right ascension direction, pmRA*cosDE (pmra)'
#   meta: !!omap
#   - {ucd: POS_EQ_PMRA}
#   - {width: 9}
#   - {precision: '3'}
#   - values: {'null': .nan}
# - name: pmDE
#   unit: mas / yr
#   datatype: float64
#   format: '{:9.3f}'
#   description: '? Proper motion in declination direction (pmdec)'
#   meta: !!omap
#   - {ucd: POS_EQ_PMDEC}
#   - {width: 9}
#   - {precision: '3'}
#   - values: {'null': .nan}
# - name: e_pmRA
#   unit: mas / yr
#   datatype: float32
#   format: '{:6.3f}'
#   description: '? Standard error of proper motion in right ascension direction (pmra_error)'
#   meta: !!omap
#   - {ucd: ERROR}
#   - {width: 6}
#   - {precision: '3'}
#   - values: {'null': .nan}
# - name: e_pmDE
[...]
#         value: !astropy.table.SerializedColumn {name: SkyCoord.dec}
#       distance: !astropy.table.SerializedColumn
#         __class__: astropy.coordinates.distances.Distance
#         unit: !astropy.units.Unit {unit: pc}
#         value: !astropy.table.SerializedColumn {name: SkyCoord.distance}
#       frame: icrs
#       obstime: !astropy.time.Time {format: jyear_str, in_subfmt: '*', jd1: 367701545.0, jd2: 0.0, out_subfmt: '*', precision: 3, scale: tt}
#       pm_dec: !astropy.table.SerializedColumn
#         __class__: astropy.units.quantity.Quantity
#         unit: !astropy.units.Unit {unit: mas / yr}
#         value: !astropy.table.SerializedColumn {name: SkyCoord.pm_dec}
#       pm_ra_cosdec: !astropy.table.SerializedColumn
#         __class__: astropy.units.quantity.Quantity
#         unit: !astropy.units.Unit {unit: mas / yr}
#         value: !astropy.table.SerializedColumn {name: SkyCoord.pm_ra_cosdec}
#       ra: !astropy.table.SerializedColumn
#         __class__: astropy.coordinates.angles.Longitude
#         unit: *id001
#         value: !astropy.table.SerializedColumn {name: SkyCoord.ra}
#         wrap_angle: !astropy.coordinates.Angle
#           unit: *id001
#           value: 360.0
#       representation_type: spherical
# schema: astropy-2.0
RA_ICRS_1 DE_ICRS_1 e_RA_ICRS e_DE_ICRS _r_1 HIP TYC2 Source rgeo Plx e_Plx pmRA pmDE e_pmRA e_pmDE RUWE Teff logg Gmag BP-RP BPmag RPmag RV e_RV b_rgeo B_rgeo FG e_FG FBP e_FBP FRP e_FRP RAVE5 RAVE6 e_Gmag e_BPmag e_RPmag e_BP-RP SkyCoord.ra SkyCoord.dec SkyCoord.distance SkyCoord.pm_ra_cosdec SkyCoord.pm_dec rmRA rmDE e_rmRA e_rmDE rRV e_rRV v_pec v_pec3d e_vpec e_vpec3d
[from data line 788]
129.47710715573 -44.7965729993 0.027 0.0317 26.656 "" "" 5522357799752953344 1996.16528 0.4805 0.0335 -2.76 2.546 0.033 0.038 1.004 4985.3 3.7424 15.986912 1.633717 16.760435 15.126719 "" "" 1851.42151 2133.91748 7588.95912 3.1179 2699.2 8.3516 7054.6 11.422 "" "" 0.002791194903959439 0.004366975 0.0041682054 0.00853518 129.47710715573 -44.7965729993 1996.16528 -2.76 2.5459999999999994 1.8228771591186526 -1.783631805419922 0.13286957 0.13786958 "" "" 24.130847168426317 "" 3.265826752385588 ""
129.11489934296 -45.18121743139 0.024 0.0266 9.0604 "" "" 5521970458118118784 1783.46997 0.5229 0.0299 -2.259 4.794 0.032 0.033 0.977 6551.6 4.376 15.988157 1.263101 16.541862 15.278762 "" "" 1701.92285 1865.40601 7580.25392 2.6677 3301.2 8.4535 6132.7 7.6913 "" "" 0.0027816883628916413 0.0039389115 0.0040171975 0.007956109 129.11489934296 -45.18121743139 1783.46997 -2.259 4.793999999999999 2.3238771591186524 0.4643681945800777 0.13186958 0.13286957 "" "" 20.033616226494573 "" 2.6425966639343055 ""
129.18593978003 -44.78161097222 0.0279 0.0274 27.2926 "" "" 5523104982316267008 1915.30139 0.4924 0.0331 -3.828 -1.148 0.036 0.033 1.027 6671.1 4.3056 15.989482 1.317703 16.574572 15.256868 "" "" 1820.08447 2044.82117 7571.01561 3.1186 3203.2 10.077 6257.6 9.5544 "" "" 0.0027913801322465522 0.004410398 0.0041269693 0.008537367 129.18593978003 -44.78161097222 1915.30139 -3.8279999999999994 -1.1479999999999992 0.7548771591186525 -5.477631805419922 0.13586958 0.13286957 "" "" 50.198836797558045 "" 6.672735818856261 ""
128.68619089899 -45.29699624961 0.0256 0.0299 27.0693 "" "" 5521966545412762112 1797.81665 0.5352 0.0322 -6.03 5.295 0.033 0.038 1.063 6035.7 4.2169 15.991347 1.416514 16.631792 15.215278 "" "" 1700.44531 1913.59399 7558.01618 3.3422 3038.8 10.957 6502.0 9.81 "" "" 0.002796838160477254 0.0048073907 0.004119123 0.008926514 128.68619089899 -45.29699624961 1797.81665 -6.03 5.295 -1.447122840881348 0.965368194580078 0.13286957 0.13786958 "" "" 14.823999677785961 "" 1.992778759868588 ""
129.54948822404 -45.41820396739 0.0279 0.0297 15.0483 "" "" 5522278531834856448 1868.28149 0.5148 0.0331 -5.387 7.821 0.037 0.036 1.041 6850.9 4.3715 15.992097 1.218585 16.515177 15.296592 "" "" 1750.51611 2009.20081 7552.79674 3.3145 3383.3 14.632 6032.8 8.4857 "" "" 0.0027962138690144846 0.0054619904 0.004076277 0.009538267 129.54948822404 -45.41820396739 1868.28149 -5.386999999999997 7.821 -0.8041228408813472 3.491368194580078 0.13686958 0.13586958 "" "" 31.7278027511357 "" 4.312446997269046 ""
129.31756585796 -45.36517618144 0.0267 0.0318 8.3145 "" "" 5522328009860135552 1911.71436 0.4936 0.0338 -4.084 4.447 0.036 0.035 1.058 5766.8 4.3036 15.992864 1.351303 16.588144 15.236841 "" "" 1823.18262 2031.12134 7547.46912 13.016 3163.4 23.077 6374.1 40.08 "" "" 0.0033313212453536397 0.008397528 0.0078033553 0.016200883 129.31756585796 -45.36517618144 1911.71436 -4.083999999999998 4.446999999999996 0.4988771591186527 0.11736819458007819 0.13586958 0.13486958 "" "" 4.644009680499033 "" 0.6307369199614427 ""
129.53386763402 -45.63853479481 0.0242 0.0262 26.315 "" "" 5521887002616855552 2093.99072 0.4547 0.029 -6.204 5.088 0.031 0.032 1.004 6026.4 4.2865 15.993517 1.176041 16.497131 15.321091 "" "" 1974.12329 2213.53149 7542.92761 2.7249 3440.0 11.238 5898.2 10.131 "" "" 0.0027830971280034256 0.0045128586 0.0042144516 0.00872731 129.53386763402 -45.63853479481 2093.99072 -6.204000000000001 5.088 -1.6211228408813474 0.7583681945800782 0.13086958 0.13186958 "" "" 17.764071722317166 "" 2.3279761462783912 ""
129.20409458422 -44.93701670098 0.0281 0.0297 18.0479 "" "" 5522352336554432896 1885.94873 0.4994 0.0336 -4.097 5.985 0.036 0.037 1.05 6605.1 4.3423 15.993986 1.226198 16.524927 15.298729 "" "" 1775.91711 2041.41077 7539.66988 3.3602 3353.1 11.989 6021.0 9.5229 "" "" 0.0027974861285279986 0.0047807256 0.0041512116 0.008931937 129.20409458422 -44.93701670098 1885.94873 -4.097 5.985 0.4858771591186519 1.6553681945800784 0.13586958 0.13686958 "" "" 15.422261747195382 "" 2.109619328064858 ""
129.23377499105 -44.9556354106 0.0262 0.0299 16.657 "" "" 5522349347257228800 1925.82971 0.4872 0.0323 -2.588 0.749 0.036 0.035 0.982 7208.9 4.3465 15.996681 1.22671 16.528662 15.301951 "" "" 1809.67627 2034.27979 7520.9775 2.9687 3341.6 10.063 6003.1 10.577 "" "" 0.0027884506521792234 0.0042983093 0.0042359456 0.0085342545 129.23377499105 -44.9556354106 1925.82971 -2.588 0.7489999999999999 1.9948771591186523 -3.5806318054199218 0.13586958 0.13486958 "" "" 37.4159518176859 "" 5.055161325677635 ""
129.69804937859 -45.47870056921 0.0265 0.0286 21.9956 "" "" 5522265818731725056 1881.2373 0.5077 0.0315 -3.528 4.537 0.034 0.038 1.004 7236.0 4.3408 16.002085 1.280764 16.557825 15.277061 "" "" 1784.58337 2003.88086 7483.64413 2.9816 3253.0 10.037 6142.3 16.164 "" "" 0.0027890697018584884 0.004359761 0.004737866 0.009097626 129.69804937859 -45.47870056921 1881.2373 -3.5279999999999996 4.537000000000001 1.0548771591186523 0.20736819458007805 0.13386959 0.13786958 "" "" 9.586435198158474 "" 1.2847793246789705 ""
129.42872979993 -45.06382599053 0.0238 0.0289 10.8089 "" "" 5522335534642562432 2276.9978 0.4099 0.0309 -0.98 5.222 0.031 0.035 1.058 7428.2 4.2173 16.002676 1.530975 16.703564 15.172588 "" "" 2145.68848 2430.72412 7479.56319 3.0579 2844.4 10.129 6762.7 7.749 "" "" 0.0027908464841791937 0.0047679814 0.0039788783 0.00874686 129.42872979993 -45.06382599053 2276.9978 -0.98 5.222000000000001 3.6028771591186524 0.8923681945800785 0.13086958 0.13486958 "" "" 40.060741936552816 "" 5.2521278109390455 ""
129.61063193025 -44.87621259879 0.0275 0.03 24.382 "" "" 5522344365095354624 1972.43323 0.478 0.0332 -7.581 3.353 0.036 0.038 1.003 5726.6 3.9316 16.004025 1.47186 16.649866 15.178006 "" "" 1858.08997 2128.24219 7470.28575 3.6065 2988.6 13.518 6729.1 32.821 "" "" 0.0028047361140655074 0.0056482614 0.0065059676 0.012154229 129.61063193025 -44.87621259879 1972.43323 -7.5809999999999995 3.352999999999996 -2.998122840881348 -0.9766318054199217 0.13586958 0.13786958 "" "" 29.48014054035057 "" 4.011148018255815 ""
129.3019997285 -44.90812893472 0.0329 0.0326 19.1227 "" "" 5522349897013064064 2596.10083 0.357 0.0393 -2.28 4.613 0.044 0.041 1.118 "" "" 16.006329 1.858184 16.915531 15.057347 "" "" 2382.30249 2884.31226 7454.44383 3.4744 2339.9 8.4167 7520.0 10.914 "" "" 0.002801405115875662 0.004799733 0.004094722 0.008894455 129.3019997285 -44.90812893472 2596.10083 -2.2799999999999994 4.613000000000001 2.3028771591186525 0.28336819458007856 0.14386958 0.14086959 "" "" 28.5518267578271 "" 4.106474836322731 ""
129.65336945113 -45.59496258137 0.0263 0.0286 26.2004 "" "" 5522262657635808000 2398.07666 0.3639 0.0304 -0.747 2.579 0.033 0.037 0.959 "" "" 16.006754 3.101759 17.83126 14.729502 "" "" 2205.77954 2599.4873 7451.51952 7.3976 1006.7 9.9788 10171.0 33.864 "" "" 0.002958650744478776 0.0111180395 0.005229855 0.016347894 129.65336945113 -45.59496258137 2398.07666 -0.7469999999999999 2.5789999999999997 3.8358771591186525 -1.7506318054199217 0.13286957 0.13686958 "" "" 47.92818477039353 "" 6.401654712068835 ""
129.03740167256 -45.445369429 0.0285 0.0298 17.7104 "" "" 5521954210266539392 2172.21655 0.4312 0.0335 -3.432 3.898 0.038 0.036 1.029 6795.7 4.3651 16.009 1.200185 16.517899 15.317714 "" "" 2036.47803 2290.66187 7436.12517 3.1961 3374.9 11.733 5916.6 14.715 "" "" 0.0027945587041570425 0.0046939063 0.0046449285 0.009338835 129.03740167256 -45.445369429 2172.21655 -3.4319999999999995 3.898000000000002 1.1508771591186524 -0.43163180541992174 0.13786958 0.13586958 "" "" 12.655765919425384 "" 1.7417437584931286 ""
129.36145179186 -45.4771950592 0.026 0.0284 15.14 "" "" 5521904491723403904 2172.89404 0.4243 0.0317 -2.885 6.604 0.034 0.034 0.998 7211.6 4.3489 16.010002 1.207219 16.532091 15.324872 "" "" 2070.55518 2312.93359 7429.26628 3.0914 3331.0 7.5385 5877.7 9.2654 "" "" 0.0027921140264018287 0.0037178912 0.004148857 0.007866749 129.36145179186 -45.4771950592 2172.89404 -2.885 6.603999999999994 1.6978771591186526 2.274368194580078 0.13386959 0.13386959 "" "" 29.23237848764503 "" 3.913326475365922 ""
129.38274322404 -44.8751916843 0.0288 0.0297 21.2556 "" "" 5522356047406268800 2077.07593 0.4554 0.0339 -0.732 3.951 0.036 0.035 0.943 6378.8 4.0711 16.012337 1.440781 16.66291 15.22213 "" "" 1967.56555 2184.72046 7413.31244 3.0877 2952.9 8.5244 6461.1 10.884 "" "" 0.002792183699413792 0.0041962876 0.0041986727 0.00839496 129.38274322404 -44.8751916843 2077.07593 -0.7320000000000008 3.9509999999999996 3.850877159118652 -0.3786318054199218 0.13586958 0.13486958 "" "" 38.096016968041994 "" 5.175726292341033 ""
129.33893667948 -45.22499952692 0.0252 0.0309 0.8351 "" "" 5522330071444459392 2263.15771 0.4087 0.0324 -3.158 5.311 0.034 0.034 0.999 9324.3 4.2561 16.012365 1.386717 16.612837 15.22612 "" "" 2132.85205 2437.33936 7413.10727 2.8771 3092.3 12.351 6437.4 29.335 "" "" 0.002787356208724594 0.0051566223 0.0062259994 0.011382622 129.33893667948 -45.22499952692 2263.15771 -3.158 5.311 1.4248771591186524 0.9813681945800781 0.13386959 0.13386959 "" "" 18.55976718124027 "" 2.4845883928901684 ""
129.46279105654 -44.91624118407 0.0269 0.031 19.5893 "" "" 5522343265585999104 2264.94678 0.4201 0.0335 -4.699 4.218 0.035 0.038 0.989 8728.0 4.2923 16.013042 1.244914 16.545845 15.300931 "" "" 2098.57056 2442.06934 7408.49385 3.2611 3289.1 13.257 6008.8 10.149 "" "" 0.002796462121303187 0.0051899673 0.0042007943 0.009390762 129.46279105654 -44.91624118407 2264.94678 -4.699 4.217999999999995 -0.1161228408813475 -0.1116318054199219 0.13486958 0.13786958 "" "" 1.729310617099947 "" 0.235737349901874 ""
129.85293052181 -44.98307655462 0.03 0.0328 26.9106 "" "" 5522316396267090304 1842.10657 0.5117 0.0366 -4.492 5.809 0.04 0.043 1.156 7209.8 4.2934 16.018694 1.333649 16.600536 15.266888 "" "" 1727.99011 1980.1947 7370.02652 3.0902 3127.5 9.4519 6200.2 10.244 "" "" 0.0027926751013479193 0.0043072016 0.004183498 0.0084907 129.85293052181 -44.98307655462 1842.10657 -4.492 5.809000000000001 0.09087715911865235 1.4793681945800783 0.13986957 0.14286958 "" "" 12.941578685631663 "" 1.8488134380007315 ""
129.1725832824 -45.39123046407 0.025 0.0278 11.6575 "" "" 5521953316913426432 1834.61523 0.5186 0.0312 -5.214 2.485 0.034 0.033 1.012 7211.3 4.3454 16.01948 1.215299 16.54695 15.331651 "" "" 1737.69092 1935.64246 7364.69322 3.1471 3285.8 9.7779 5841.1 8.8895 "" "" 0.002794109504493593 0.0042689596 0.004124809 0.008393768 129.1725832824 -45.39123046407 1834.61523 -5.214 2.4849999999999968 -0.6311228408813481 -1.844631805419922 0.13386959 0.13286957 "" "" 16.95396465210239 "" 2.25444868368595 ""
128.90155301784 -45.4370184005 0.0258 0.0296 21.6767 "" "" 5521949502982261760 2034.96777 0.4572 0.0325 -3.762 4.423 0.035 0.039 0.954 7621.4 4.419 16.02021 1.123243 16.49479 15.371546 "" "" 1914.96021 2168.55908 7359.74534 2.8226 3447.5 7.0296 5630.4 7.2528 "" "" 0.0027866069797310685 0.003561774 0.0040298617 0.007591636 128.90155301784 -45.4370184005 2034.96777 -3.762 4.423 0.8208771591186523 0.09336819458007817 0.13486958 0.13886958 "" "" 7.969027346234296 "" 1.0751924158655997 ""
129.61709342322 -44.95086557441 0.0278 0.0318 20.8048 "" "" 5522340551166699008 2548.15723 0.3761 0.0351 -4.024 3.707 0.037 0.044 1.089 6703.2 3.9916 16.020393 1.447111 16.678757 15.231646 "" "" 2387.75269 2758.61621 7358.50612 2.9347 2910.1 7.3739 6404.7 11.665 "" "" 0.0027891373983806316 0.003918399 0.004265457 0.008183856 129.61709342322 -44.95086557441 2548.15723 -4.024 3.7069999999999994 0.5588771591186523 -0.622631805419922 0.13686958 0.14386958 "" "" 10.105503113316392 "" 1.4227458261371455 ""
129.16065861504 -45.22421959431 0.0254 0.0289 6.7059 "" "" 5521958363488737152 2598.5293 0.3578 0.0304 -7.252 -0.177 0.035 0.036 0.987 5063.2 3.5358 16.021465 1.963587 17.003782 15.040195 "" "" 2427.65356 2779.83521 7351.23577 3.0492 2157.3 10.946 7639.8 10.872 "" "" 0.002791881846928564 0.0061752433 0.0040830146 0.010258257 129.16065861504 -45.22421959431 2598.5293 -7.251999999999999 -0.17700000000000063 -2.6691228408813474 -4.5066318054199215 0.13486958 0.13586958 "" "" 64.51342620516627 "" 8.748704413760075 ""
129.02923392167 -45.23488605436 0.026 0.028 12.2672 "" "" 5521969843947370496 1946.44165 0.4775 0.0314 -6.616 4.687 0.036 0.034 0.986 6780.7 4.3724 16.023603 1.177703 16.524292 15.346589 "" "" 1857.28308 2066.67529 7336.77489 2.7887 3355.1 10.744 5761.3 5.5098 "" "" 0.0027860545684539996 0.0044579674 0.003919423 0.00837739 129.02923392167 -45.23488605436 1946.44165 -6.616000000000003 4.686999999999999 -2.0331228408813473 0.3573681945800784 0.13586958 0.13386959 "" "" 19.045431291950695 "" 2.5865612726891225 ""
129.20357643129 -44.96273453524 0.0282 0.0296 16.5738 "" "" 5522352164755755264 2490.10645 0.3774 0.0331 -2.236 3.137 0.038 0.035 1.034 9385.6 3.8729 16.02363 1.279016 16.567112 15.288096 "" "" 2295.6626 2705.5957 7336.59948 3.1366 3225.3 15.91 6080.2 18.986 "" "" 0.002794146498552831 0.00603901 0.0050771995 0.011116209 129.20357643129 -44.96273453524 2490.10645 -2.236 3.137 2.346877159118652 -1.1926318054199219 0.13786958 0.13486958 "" "" 31.072001823815036 "" 4.264918156451555 ""
129.72993134636 -45.28031842154 0.0273 0.0283 17.6409 "" "" 5522284854026575616 2019.82703 0.4634 0.0311 -7.68 7.51 0.034 0.037 1.02 6387.4 3.9266 16.023783 1.868973 16.943138 15.074165 "" "" 1920.74048 2147.38257 7335.57056 3.2238 2281.2 7.4631 7404.4 13.414 "" "" 0.002796330678593314 0.004516877 0.004260588 0.008777465 129.72993134636 -45.28031842154 2019.82703 -7.68 7.51 -3.0971228408813474 3.180368194580078 0.13386959 0.13686958 "" "" 42.501260182176466 "" 5.755421270225918 ""
129.07989657336 -45.03691462249 0.0277 0.0317 15.2393 "" "" 5522350236305819776 2241.07104 0.4185 0.0354 -6.416 3.851 0.037 0.037 0.953 7120.6 4.3391 16.025188 1.332062 16.610306 15.278244 "" "" 2104.55811 2426.69727 7326.08088 2.9388 3099.5 10.876 6135.7 9.4639 "" "" 0.00278953038623735 0.0047222455 0.004133795 0.00885604 129.07989657336 -45.03691462249 2241.07104 -6.4159999999999995 3.8510000000000035 -1.833122840881348 -0.4786318054199219 0.13686958 0.13686958 "" "" 20.125495118887606 "" 2.754568055230259 ""
129.18794414361 -44.97499030595 0.0274 0.0306 16.0894 "" "" 5522352130396011648 2543.78052 0.3589 0.0341 -4.896 7.129 0.036 0.036 1.061 7761.7 3.9852 16.025333 1.564131 16.722923 15.158793 "" "" 2357.9375 2799.57495 7325.09504 3.9541 2794.1 11.229 6849.2 30.735 "" "" 0.002816963259581323 0.0051792054 0.0061661373 0.011345343 129.18794414361 -44.97499030595 2543.78052 -4.896 7.129 -0.31312284088134756 2.7993681945800777 0.13586958 0.13586958 "" "" 33.963933791571954 "" 4.61466533541745 ""
129.74068320652 -45.2936171705 0.0275 0.0287 18.2446 "" "" 5522284781003325824 1808.54932 0.5225 0.0317 2.047 -1.659 0.034 0.039 1.018 6315.5 4.0746 16.027187 1.831028 16.921309 15.090281 "" "" 1717.85852 1891.26306 7312.60049 2.8948 2327.5 11.753 7295.3 12.208 "" "" 0.0027886414883786415 0.006151708 0.00419342 0.010345127 129.74068320652 -45.2936171705 1808.54932 2.047 -1.6589999999999987 6.629877159118653 -5.988631805419922 0.13386959 0.13886958 "" "" 76.58818730863763 "" 10.426629427258106 ""
128.80697485194 -45.12935912325 0.0252 0.027 22.4406 "" "" 5522724005835452032 2119.17114 0.4441 0.0303 -3.283 5.722 0.033 0.037 0.977 5832.2 4.324 16.027693 1.223207 16.552103 15.328897 "" "" 2006.66528 2249.39893 7309.19262 2.9526 3270.2 8.9164 5856.0 13.075 "" "" 0.0027900091896507235 0.004067994 0.004490031 0.008558026 128.80697485194 -45.12935912325 2119.17114 -3.2830000000000017 5.722000000000001 1.2998771591186524 1.3923681945800785 0.13286957 0.13686958 "" "" 19.133752211071936 "" 2.5834693738510484 ""
