Clusters/UBC_245/UBC_245_stars_in_region.tsv
# %ECSV 1.0
# ---
# datatype:
# - name: RA_ICRS_1
#   unit: deg
#   datatype: float64
#   format: '{:15.11f}'
#   description: Right ascension (ICRS) at Ep=2016.0 (ra)
#   meta: !!omap
#   - {ucd: POS_EQ_RA_MAIN}
#   - {width: 15}
#   - {precision: '11'}
# - name: DE_ICRS_1
#   unit: deg
#   datatype: float64
#   format: '{:15.11f}'
#   description: Declination (ICRS) at Ep=2016.0 (dec)
#   meta: !!omap
#   - {ucd: POS_EQ_DEC_MAIN}
#   - {width: 15}
#   - {precision: '11'}
# - name: e_RA_ICRS
#   unit: mas
#   datatype: float64
#   format: '{:7.4f}'
#   description: Standard error of right ascension (ra_error)
#   meta: !!omap
#   - {ucd: ERROR}
#   - {width: 7}
#   - {precision: '4'}
# - name: e_DE_ICRS
#   unit: mas
#   datatype: float64
#   format: '{:7.4f}'
#   description: Standard error of declination (dec_error)
#   meta: !!omap
#   - {ucd: ERROR}
#   - {width: 7}
#   - {precision: '4'}
# - name: _r_1
#   unit: ''
#   datatype: float64
#   format: '{:7.4f}'
#   description: Distance from center (129.31930792000-45.22660588000)[ICRS], at Epoch=J2016.0
#   meta: !!omap
#   - {ucd: POS_ANG_DIST_GENERAL}
#   - {width: 7}
#   - {precision: '4'}
# - name: HIP
#   datatype: int32
#   description: '? HIP cross-id number, van Leeuwen, Cat. I/311 (hip_original_ext_source_id)'
#   meta: !!omap
#   - {ucd: ID_NUMBER}
#   - {width: 6}
#   - values: {'null': -2147483648}
# - name: TYC2
#   datatype: string
#   description: Tycho-2 cross-id name, Hog et al., Cat. I/259 (tyc2_original_ext_source_id)
#   meta: !!omap
#   - {ucd: ID_CROSSID}
#   - {_votable_string_dtype: char}
# - name: Source
#   datatype: int64
#   description: Source identifier, identical to the Gaia-EDR3 source_id (id)
#   meta: !!omap
#   - {ucd: ID_MAIN}
#   - {width: 19}
# - name: rgeo
#   unit: pc
#   datatype: float64
#   format: '{:15.8f}'
#   description: '? Median of the geometric distance posterior (r_med_geo)'
#   meta: !!omap
#   - {ucd: PHYS_DISTANCE_TRUE}
#   - {width: 15}
#   - {precision: '8'}
#   - values: {'null': .nan}
# - name: Plx
#   unit: mas
#   datatype: float64
#   format: '{:9.4f}'
#   description: '? Parallax (parallax)'
#   meta: !!omap
#   - {ucd: POS_PARLX_TRIG}
#   - {width: 9}
#   - {precision: '4'}
#   - values: {'null': .nan}
# - name: e_Plx
#   unit: mas
#   datatype: float32
#   format: '{:7.4f}'
#   description: '? Standard error of parallax (parallax_error)'
#   meta: !!omap
#   - {ucd: ERROR}
#   - {width: 7}
#   - {precision: '4'}
#   - values: {'null': .nan}
# - name: pmRA
#   unit: mas / yr
#   datatype: float64
#   format: '{:9.3f}'
#   description: '? Proper motion in right ascension direction, pmRA*cosDE (pmra)'
#   meta: !!omap
#   - {ucd: POS_EQ_PMRA}
#   - {width: 9}
#   - {precision: '3'}
#   - values: {'null': .nan}
# - name: pmDE
#   unit: mas / yr
#   datatype: float64
#   format: '{:9.3f}'
#   description: '? Proper motion in declination direction (pmdec)'
#   meta: !!omap
#   - {ucd: POS_EQ_PMDEC}
#   - {width: 9}
#   - {precision: '3'}
#   - values: {'null': .nan}
# - name: e_pmRA
#   unit: mas / yr
#   datatype: float32
#   format: '{:6.3f}'
#   description: '? Standard error of proper motion in right ascension direction (pmra_error)'
#   meta: !!omap
#   - {ucd: ERROR}
#   - {width: 6}
#   - {precision: '3'}
#   - values: {'null': .nan}
# - name: e_pmDE
[...]
#         value: !astropy.table.SerializedColumn {name: SkyCoord.dec}
#       distance: !astropy.table.SerializedColumn
#         __class__: astropy.coordinates.distances.Distance
#         unit: !astropy.units.Unit {unit: pc}
#         value: !astropy.table.SerializedColumn {name: SkyCoord.distance}
#       frame: icrs
#       obstime: !astropy.time.Time {format: jyear_str, in_subfmt: '*', jd1: 367701545.0, jd2: 0.0, out_subfmt: '*', precision: 3, scale: tt}
#       pm_dec: !astropy.table.SerializedColumn
#         __class__: astropy.units.quantity.Quantity
#         unit: !astropy.units.Unit {unit: mas / yr}
#         value: !astropy.table.SerializedColumn {name: SkyCoord.pm_dec}
#       pm_ra_cosdec: !astropy.table.SerializedColumn
#         __class__: astropy.units.quantity.Quantity
#         unit: !astropy.units.Unit {unit: mas / yr}
#         value: !astropy.table.SerializedColumn {name: SkyCoord.pm_ra_cosdec}
#       ra: !astropy.table.SerializedColumn
#         __class__: astropy.coordinates.angles.Longitude
#         unit: *id001
#         value: !astropy.table.SerializedColumn {name: SkyCoord.ra}
#         wrap_angle: !astropy.coordinates.Angle
#           unit: *id001
#           value: 360.0
#       representation_type: spherical
# schema: astropy-2.0
RA_ICRS_1 DE_ICRS_1 e_RA_ICRS e_DE_ICRS _r_1 HIP TYC2 Source rgeo Plx e_Plx pmRA pmDE e_pmRA e_pmDE RUWE Teff logg Gmag BP-RP BPmag RPmag RV e_RV b_rgeo B_rgeo FG e_FG FBP e_FBP FRP e_FRP RAVE5 RAVE6 e_Gmag e_BPmag e_RPmag e_BP-RP SkyCoord.ra SkyCoord.dec SkyCoord.distance SkyCoord.pm_ra_cosdec SkyCoord.pm_dec rmRA rmDE e_rmRA e_rmDE rRV e_rRV v_pec v_pec3d e_vpec e_vpec3d
[from data line 251]
129.16153654764 -45.03607721473 0.0184 0.0194 13.2395 "" "" 5522347560551272064 2176.58911 0.4225 0.022 -6.384 6.354 0.024 0.024 1.326 "" "" 14.622008 1.041786 15.056355 14.014569 "" "" 2105.63281 2278.61255 26677.40088 4.9369 12968.0 13.528 19649.0 15.545 "" "" 0.0027626365074119178 0.003011292 0.0038757639 0.006887056 129.16153654764 -45.03607721473 2176.58911 -6.384000000000001 6.353999999999996 -1.801122840881348 2.024368194580078 0.12386958 0.12386958 "" "" 27.95536965216153 "" 3.4628199817224865 ""
129.26803768939 -45.33543244073 0.0138 0.016 6.879 "" "" 5521953729230323200 2164.53687 0.4245 0.0175 -4.631 4.339 0.02 0.019 1.005 9140.5 4.1746 14.625948 0.703737 14.897241 14.193503 "" "" 2100.37866 2244.75854 26580.78008 8.0089 15015.0 18.682 16663.0 13.572 "" "" 0.0027746725759304237 0.0030999954 0.0038814647 0.0069814604 129.26803768939 -45.33543244073 2164.53687 -4.631 4.339000000000002 -0.048122840881347884 0.009368194580078537 0.119869575 0.11886958 "" "" 0.5030044147507289 "" 0.060276632794389925 ""
129.18266983985 -45.08914733902 0.0139 0.0156 10.0718 "" "" 5522346426679773056 2358.27808 0.395 0.017 -3.286 3.17 0.018 0.019 0.986 8999.1 3.3965 14.630396 1.510174 15.317084 13.806911 "" "" 2252.38013 2447.09058 26472.1061 6.7865 10200.0 13.654 23790.0 19.435 "" "" 0.0027693437340693843 0.0031460146 0.0038820694 0.0070280842 129.18266983985 -45.08914733902 2358.27808 -3.286 3.17 1.2968771591186523 -1.159631805419922 0.11786958 0.11886958 "" "" 19.447038477265625 "" 2.300874925697471 ""
129.22664517755 -45.03775730292 0.0208 0.024 11.9906 "" "" 5522348831863673088 2558.25684 0.3576 0.0256 -3.668 5.23 0.026 0.03 1.038 6098.5 2.5838 14.636429 2.070741 15.691143 13.620402 39.35 2.56 2415.05396 2718.98022 26325.41499 7.2689 7227.0 14.852 28249.0 31.174 "" "" 0.0027715814450608857 0.003572617 0.003964758 0.007537375 129.22664517755 -45.03775730292 2558.25684 -3.668000000000001 5.229999999999998 0.9148771591186522 0.9003681945800786 0.12586957 0.12986958 "" "" 15.565271263262268 "" 1.9900704682323278 ""
129.32077463873 -45.65293010043 0.0145 0.0157 25.5795 "" "" 5521898714978853632 1790.99634 0.5231 0.0175 -3.392 2.9 0.019 0.019 1.026 7728.7 4.143 14.64931 0.87502 14.999316 14.124296 "" "" 1726.16052 1854.02698 26014.92692 6.7408 13668.0 25.126 17760.0 14.594 "" "" 0.0027696452684164577 0.003430559 0.003883262 0.007313821 129.32077463873 -45.65293010043 1790.99634 -3.3919999999999986 2.9000000000000012 1.1908771591186524 -1.429631805419922 0.11886958 0.11886958 "" "" 15.79569716656619 "" 1.877627893185239 ""
128.85842928026 -45.32371592572 0.0132 0.0146 20.3129 "" "" 5521962765841169792 2526.33545 0.3616 0.0162 -2.54 5.007 0.018 0.02 1.045 6085.0 3.0575 14.667114 1.967486 15.650619 13.683133 7.15 3.09 2422.53711 2635.11011 25591.80905 5.9184 7501.9 11.817 26663.0 17.075 "" "" 0.0027667372611964725 0.0032726156 0.0038428085 0.007115424 128.85842928026 -45.32371592572 2526.33545 -2.54 5.007 2.0428771591186523 0.6773681945800778 0.11786958 0.119869575 "" "" 25.772813182528743 "" 3.0429752870074713 ""
128.6949423703 -45.14158041488 0.0135 0.0147 26.8926 "" "" 5522719126760503680 1836.51697 0.5163 0.0164 -3.975 5.344 0.017 0.019 1.025 7340.4 3.9319 14.676585 1.051011 15.111887 14.060876 28.54 14.3 1781.88684 1889.81116 25369.53846 5.4721 12321.0 16.164 18828.0 14.243 "" "" 0.002765254726373766 0.0031327175 0.003867599 0.0070003164 128.6949423703 -45.14158041488 1836.51697 -3.9750000000000005 5.343999999999998 0.6078771591186523 1.0143681945800784 0.116869584 0.11886958 "" "" 10.294326055623626 "" 1.218275907186042 ""
129.92327122227 -45.10943378952 0.0139 0.0158 26.4983 "" "" 5522310864349392128 2464.86694 0.3772 0.0174 -4.125 4.673 0.018 0.022 0.995 "" "" 14.68143 1.188641 15.167496 13.978855 "" "" 2355.40698 2569.46729 25256.60258 7.8372 11706.0 56.051 20306.0 64.711 "" "" 0.0027758414707263752 0.0059001753 0.005124006 0.011024181 129.92327122227 -45.10943378952 2464.86694 -4.125 4.673 0.45787715911865234 0.34336819458007817 0.11786958 0.12186958 "" "" 6.6867140491353885 "" 0.7978909001632412 ""
129.06416009973 -44.97671817153 0.015 0.0153 18.4814 "" "" 5522351477561281024 2349.71313 0.3961 0.0177 -4.46 4.438 0.019 0.018 1.032 10597.6 3.9147 14.682879 1.223926 15.205119 13.981193 "" "" 2267.86206 2443.65649 25222.89693 6.4377 11308.0 15.167 20262.0 17.748 "" "" 0.0027692204929441813 0.0031473376 0.0038972006 0.007044538 129.06416009973 -44.97671817153 2349.71313 -4.459999999999999 4.438000000000001 0.12287715911865238 0.10836819458007785 0.11886958 0.11786958 "" "" 1.8247541392431323 "" 0.21611131702095387 ""
129.02556384022 -45.25257396828 0.0137 0.015 12.5077 "" "" 5521969843947377920 2015.2981 0.4611 0.0165 -4.542 4.359 0.019 0.019 1.02 9274.4 4.1552 14.683575 0.660069 14.934486 14.274417 "" "" 1948.56995 2091.02905 25206.75247 6.5286 14508.0 15.448 15466.0 12.856 "" "" 0.0027696330580511135 0.0030201948 0.003885647 0.0069058416 129.02556384022 -45.25257396828 2015.2981 -4.541999999999999 4.358999999999998 0.04087715911865253 0.02936819458007811 0.11886958 0.11886958 "" "" 0.4808087338036686 "" 0.05715353240550249 ""
129.29036728315 -45.28782615362 0.0146 0.0168 3.8713 "" "" 5522329452969137536 2017.72827 0.4641 0.0177 -6.206 4.057 0.021 0.021 0.987 9225.6 4.2416 14.687184 0.788589 14.995539 14.20695 "" "" 1939.14685 2086.75562 25123.0784 5.4471 13715.0 16.721 16458.0 20.038 "" "" 0.0027653580607863385 0.0030882421 0.0040038945 0.007092137 129.29036728315 -45.28782615362 2017.72827 -6.2059999999999995 4.057 -1.623122840881348 -0.2726318054199215 0.12086958 0.12086958 "" "" 15.741059794248306 "" 1.902615237776363 ""
128.73712022918 -45.10002251882 0.015 0.0152 25.774 "" "" 5522725174074467456 2538.00732 0.3582 0.0173 -2.825 2.291 0.019 0.019 0.975 6094.6 3.0931 14.704387 1.969681 15.691952 13.722271 11.99 3.57 2435.95825 2643.53564 24728.16994 6.5029 7221.6 11.375 25719.0 18.585 "" "" 0.0027700743952617053 0.0032725784 0.0038599586 0.0071325367 128.73712022918 -45.10002251882 2538.00732 -2.8250000000000006 2.2910000000000004 1.7578771591186522 -2.038631805419922 0.11886958 0.11886958 "" "" 32.383584922064706 "" 3.849423149217022 ""
129.93454367599 -45.04705681572 0.0145 0.0154 28.1802 "" "" 5522312101299936256 1925.90198 0.4899 0.0174 -5.696 7.461 0.02 0.021 1.001 7521.2 4.0575 14.718906 1.141617 15.202936 14.061319 38.75 15.14 1851.35413 1990.1355 24399.67733 9.3635 11330.0 17.594 18820.0 22.093 "" "" 0.002786645340320686 0.0032600097 0.0039885114 0.007248521 129.93454367599 -45.04705681572 1925.90198 -5.6960000000000015 7.461000000000004 -1.1131228408813474 3.1313681945800784 0.119869575 0.12086958 "" "" 30.33791516381793 "" 3.6635399772919297 ""
128.73466414616 -45.31972260398 0.014 0.0159 25.3101 "" "" 5521966236174643456 2030.50708 0.4534 0.0176 -4.33 4.09 0.019 0.021 1.06 "" "" 14.722937 0.935246 15.097993 14.162746 "" "" 1973.07446 2097.53857 24309.28888 5.8417 12480.0 13.583 17142.0 13.34 "" "" 0.0027676458614609056 0.003030091 0.003872677 0.0069027683 128.73466414616 -45.31972260398 2030.50708 -4.33 4.09 0.2528771591186523 -0.23963180541992202 0.11886958 0.12086958 "" "" 3.353041977886342 "" 0.4017614605032221 ""
129.08847184981 -45.42215994916 0.0139 0.0156 15.2478 "" "" 5521954656943167232 2120.36743 0.439 0.017 -4.105 6.619 0.019 0.019 0.988 7298.5 3.7414 14.725093 1.182258 15.219667 14.03741 "" "" 2035.6123 2203.65161 24261.04754 19.571 11157.0 54.796 19240.0 79.928 "" "" 0.0028911754735125353 0.0060182996 0.0058845333 0.011902833 129.08847184981 -45.42215994916 2120.36743 -4.105 6.619 0.4778771591186519 2.289368194580078 0.11886958 0.11886958 "" "" 23.50532119445747 "" 2.794067665870921 ""
129.28038960606 -45.18882242235 0.0148 0.0173 2.8011 "" "" 5522333266900131584 1984.46497 0.4699 0.0179 -3.014 2.485 0.019 0.02 1.014 "" "" 14.730882 1.120459 15.202066 14.081608 "" "" 1907.87073 2067.99609 24132.04552 4.9054 11339.0 12.936 18472.0 17.949 "" "" 0.0027641451468683603 0.0030527543 0.0039238683 0.0069766226 129.28038960606 -45.18882242235 1984.46497 -3.0140000000000016 2.485000000000002 1.5688771591186526 -1.844631805419922 0.11886958 0.119869575 "" "" 22.778247958757444 "" 2.720881222186782 ""
129.70498589985 -44.87462473788 0.0155 0.0161 26.7072 "" "" 5522364706061345408 2298.33008 0.4013 0.0187 -4.532 6.176 0.02 0.022 0.967 "" "" 14.735642 1.023622 15.153096 14.129475 "" "" 2216.09229 2407.62793 24026.45516 5.5688 11863.0 17.074 17675.0 13.954 "" "" 0.002766788195438102 0.003197962 0.0038753652 0.007073327 129.70498589985 -44.87462473788 2298.33008 -4.532 6.176 0.050877159118652315 1.8463681945800783 0.119869575 0.12186958 "" "" 20.122126217837728 "" 2.4522447662240756 ""
129.26674001199 -45.25757814999 0.0136 0.0168 2.8958 "" "" 5522332476626167168 2095.1853 0.4418 0.0172 -6.185 6.442 0.019 0.021 1.062 5094.2 3.1461 14.737146 2.077157 15.799399 13.722242 46.73 2.61 2027.68237 2180.25781 23993.19579 26.283 6541.2 32.933 25719.0 70.209 "" "" 0.003001058541356763 0.0061372737 0.004802958 0.010940231 129.26674001199 -45.25757814999 2095.1853 -6.185 6.442 -1.6021228408813473 2.1123681945800783 0.11886958 0.12086958 "" "" 26.329606544805838 "" 3.163320067740422 ""
129.81775331716 -45.47587310323 0.0187 0.0204 25.7954 "" "" 5522267845956345600 1842.20459 0.5076 0.0215 -6.053 4.543 0.025 0.026 1.29 6271.6 3.9508 14.737575 0.850188 15.060593 14.210404 "" "" 1776.90613 1914.88733 23983.7487 7.7914 12918.0 13.391 16406.0 20.985 "" "" 0.0027778042767490087 0.0030086173 0.0040264637 0.0070350813 129.81775331716 -45.47587310323 1842.20459 -6.052999999999999 4.542999999999999 -1.4701228408813476 0.21336819458007827 0.12486958 0.12586957 "" "" 12.97168593881752 "" 1.6200375972549257 ""
129.67595784614 -45.55423504193 0.014 0.0153 24.7439 "" "" 5522264238183771648 1927.44043 0.4804 0.0165 -5.113 4.946 0.019 0.021 1.006 9254.5 4.0085 14.740919 0.830595 15.069938 14.239343 "" "" 1866.89575 1987.87683 23909.97321 5.3372 12807.0 17.672 15974.0 13.158 "" "" 0.0027659586345909646 0.0031669508 0.0038837562 0.007050707 129.67595784614 -45.55423504193 1927.44043 -5.113000000000002 4.946000000000003 -0.5301228408813481 0.6163681945800779 0.11886958 0.12086958 "" "" 7.427459919451667 "" 0.8914679192285143 ""
128.99575545616 -45.24094605926 0.0141 0.0149 13.6981 "" "" 5521969122392835328 2087.07422 0.4441 0.0171 -4.829 5.184 0.02 0.019 0.969 7221.1 3.5932 14.742899 1.079822 15.193905 14.114083 "" "" 1996.6637 2147.93774 23866.40497 4.5316 11425.0 16.083 17928.0 13.112 "" "" 0.002763021590807764 0.0031813574 0.0038619014 0.0070432588 128.99575545616 -45.24094605926 2087.07422 -4.8290000000000015 5.184 -0.2461228408813474 0.8543681945800783 0.119869575 0.11886958 "" "" 8.795753880848274 "" 1.0462241901199816 ""
129.58483842031 -45.35338807987 0.0146 0.0158 13.5459 "" "" 5522279287749306880 1837.17102 0.5089 0.0174 -5.351 4.127 0.02 0.021 0.993 9240.8 4.1927 14.742957 0.735122 15.027847 14.292726 "" "" 1785.45972 1897.12378 23865.13732 6.6857 13313.0 13.79 15208.0 13.614 "" "" 0.002772057883107595 0.003008298 0.0039023568 0.0069106547 129.58483842031 -45.35338807987 1837.17102 -5.350999999999999 4.1270000000000024 -0.7681228408813476 -0.2026318054199221 0.119869575 0.12086958 "" "" 6.917792051393986 "" 0.8296846420947066 ""
129.52706990632 -44.95410120448 0.0158 0.0187 18.5683 "" "" 5522342200431819520 1993.19995 0.4738 0.0198 -5.835 5.086 0.02 0.023 1.004 "" "" 14.743948 0.841063 15.064302 14.223239 "" "" 1909.29407 2083.49536 23843.3604 6.786 12873.0 26.035 16213.0 28.318 "" "" 0.002772593690556284 0.0035506047 0.0042284695 0.007779074 129.52706990632 -44.95410120448 1993.19995 -5.834999999999999 5.086 -1.2521228408813476 0.7563681945800784 0.119869575 0.12286958 "" "" 13.82058418366761 "" 1.6678531146048812 ""
129.40036872769 -44.86910480599 0.0316 0.0349 21.7236 "" "" 5522356013038969216 2242.33179 0.4153 0.0312 -4.783 5.599 0.041 0.041 1.136 "" "" 14.747227 "" "" "" "" "" 2116.71216 2417.58813 23771.47572 25.154 "" "" "" "" "" "" 0.00298525004757706 "" "" "" 129.40036872769 -44.86910480599 2242.33179 -4.783000000000003 5.599000000000001 -0.20012284088134802 1.2693681945800783 0.14086959 0.14086959 "" "" 13.658313997747966 "" 1.9240410609913197 ""
128.83578149402 -45.44185372914 0.0146 0.0156 24.1395 "" "" 5521961013494557952 2034.58813 0.4552 0.0178 -5.452 6.038 0.02 0.021 0.998 "" "" 14.7481 0.96135 15.132822 14.171472 57.45 9.44 1968.22571 2130.7793 23752.34558 5.2158 12086.0 13.502 17005.0 16.948 "" "" 0.0027656161088693656 0.0030424127 0.0039312416 0.006973654 128.83578149402 -45.44185372914 2034.58813 -5.452 6.038 -0.8691228408813476 1.7083681945800784 0.119869575 0.12086958 "" "" 18.484950882453916 "" 2.2304800821448 ""
129.54526857878 -45.23657777585 0.0309 0.037 9.5666 "" "" 5522283617075951616 1897.87683 0.4924 0.038 -4.441 4.485 0.041 0.047 2.186 9007.9 3.6182 14.751788 1.000413 15.154548 14.154135 "" "" 1779.82812 2020.35229 23671.81226 7.5454 11847.0 13.645 17278.0 11.727 "" "" 0.0027769695698745883 0.0030575872 0.0038505548 0.006908142 129.54526857878 -45.23657777585 1897.87683 -4.441 4.485 0.1418771591186525 0.15536819458007844 0.14086959 0.14686957 "" "" 1.8927501908819881 "" 0.27288214661812704 ""
129.53174907225 -45.32226002146 0.0157 0.0163 10.6488 "" "" 5522282208327073408 1808.68884 0.5198 0.0185 -6.658 6.24 0.024 0.021 0.968 "" "" 14.754993 1.548484 15.473481 13.924997 35.15 3.35 1752.5 1880.42468 23602.03782 7.0352 8831.3 14.758 21338.0 17.579 "" "" 0.0027742615186975854 0.0033282137 0.0038837867 0.0072120004 129.53174907225 -45.32226002146 1808.68884 -6.657999999999999 6.24 -2.075122840881348 1.9103681945800783 0.12386958 0.12086958 "" "" 24.1813087001393 "" 2.9622709087421555 ""
129.07569057001 -45.1828767102 0.0141 0.0156 10.6278 "" "" 5521971149617766016 1819.43018 0.5169 0.0172 -1.741 -0.242 0.019 0.019 1.03 6457.5 3.6985 14.767541 1.154543 15.256679 14.102136 73.27 13.7 1761.10303 1872.02026 23330.84686 5.2594 10783.0 16.117 18126.0 16.851 "" "" 0.0027661695492117657 0.0032277817 0.0039118463 0.007139628 129.07569057001 -45.1828767102 1819.43018 -1.741 -0.24200000000000021 2.8418771591186522 -4.571631805419922 0.11886958 0.11886958 "" "" 46.42303988647138 "" 5.518287268876422 ""
129.78204769624 -45.27032293004 0.0157 0.0154 19.7222 "" "" 5522284957105798144 2158.94531 0.4266 0.0176 -5.449 4.963 0.02 0.019 0.959 "" "" 14.77542 1.276649 15.325969 14.04932 "" "" 2084.23022 2233.31421 23162.13174 5.2396 10116.0 14.081 19030.0 15.612 "" "" 0.0027662453043419103 0.0031731778 0.0038829267 0.0070561045 129.78204769624 -45.27032293004 2158.94531 -5.448999999999997 4.963000000000003 -0.8661228408813475 0.6333681945800782 0.119869575 0.11886958 "" "" 10.98041539907902 "" 1.3124022744955712 ""
129.50341275383 -45.14848715162 0.0144 0.0177 9.0873 "" "" 5522331205315771648 2094.9043 0.4408 0.0179 -4.539 4.277 0.019 0.023 0.975 9267.3 4.0357 14.775903 0.752956 15.067284 14.314327 "" "" 2030.88586 2170.63574 23151.85018 5.6617 12838.0 15.333 14908.0 13.466 "" "" 0.0027680835332364617 0.0030767827 0.0039045527 0.0069813356 129.50341275383 -45.14848715162 2094.9043 -4.539 4.276999999999999 0.04387715911865264 -0.05263180541992174 0.11886958 0.12286958 "" "" 0.680416379132219 "" 0.0824973797181389 ""
