Clusters/UBC_245/UBC_245_members.tsv
# %ECSV 1.0
# ---
# datatype:
# - name: RA_ICRS_1
#   unit: deg
#   datatype: float64
#   format: '{:15.11f}'
#   description: Right ascension (ICRS) at Ep=2016.0 (ra)
#   meta: !!omap
#   - {ucd: POS_EQ_RA_MAIN}
#   - {width: 15}
#   - {precision: '11'}
# - name: DE_ICRS_1
#   unit: deg
#   datatype: float64
#   format: '{:15.11f}'
#   description: Declination (ICRS) at Ep=2016.0 (dec)
#   meta: !!omap
#   - {ucd: POS_EQ_DEC_MAIN}
#   - {width: 15}
#   - {precision: '11'}
# - name: e_RA_ICRS
#   unit: mas
#   datatype: float64
#   format: '{:7.4f}'
#   description: Standard error of right ascension (ra_error)
#   meta: !!omap
#   - {ucd: ERROR}
#   - {width: 7}
#   - {precision: '4'}
# - name: e_DE_ICRS
#   unit: mas
#   datatype: float64
#   format: '{:7.4f}'
#   description: Standard error of declination (dec_error)
#   meta: !!omap
#   - {ucd: ERROR}
#   - {width: 7}
#   - {precision: '4'}
# - name: _r_1
#   unit: ''
#   datatype: float64
#   format: '{:7.4f}'
#   description: Distance from center (129.31930792000-45.22660588000)[ICRS], at Epoch=J2016.0
#   meta: !!omap
#   - {ucd: POS_ANG_DIST_GENERAL}
#   - {width: 7}
#   - {precision: '4'}
# - name: HIP
#   datatype: int32
#   description: '? HIP cross-id number, van Leeuwen, Cat. I/311 (hip_original_ext_source_id)'
#   meta: !!omap
#   - {ucd: ID_NUMBER}
#   - {width: 6}
#   - values: {'null': -2147483648}
# - name: TYC2
#   datatype: string
#   description: Tycho-2 cross-id name, Hog et al., Cat. I/259 (tyc2_original_ext_source_id)
#   meta: !!omap
#   - {ucd: ID_CROSSID}
#   - {_votable_string_dtype: char}
# - name: Source
#   datatype: int64
#   description: Source identifier, identical to the Gaia-EDR3 source_id (id)
#   meta: !!omap
#   - {ucd: ID_MAIN}
#   - {width: 19}
# - name: rgeo
#   unit: pc
#   datatype: float64
#   format: '{:15.8f}'
#   description: '? Median of the geometric distance posterior (r_med_geo)'
#   meta: !!omap
#   - {ucd: PHYS_DISTANCE_TRUE}
#   - {width: 15}
#   - {precision: '8'}
#   - values: {'null': .nan}
# - name: Plx
#   unit: mas
#   datatype: float64
#   format: '{:9.4f}'
#   description: '? Parallax (parallax)'
#   meta: !!omap
#   - {ucd: POS_PARLX_TRIG}
#   - {width: 9}
#   - {precision: '4'}
#   - values: {'null': .nan}
# - name: e_Plx
#   unit: mas
#   datatype: float32
#   format: '{:7.4f}'
#   description: '? Standard error of parallax (parallax_error)'
#   meta: !!omap
#   - {ucd: ERROR}
#   - {width: 7}
#   - {precision: '4'}
#   - values: {'null': .nan}
# - name: pmRA
#   unit: mas / yr
#   datatype: float64
#   format: '{:9.3f}'
#   description: '? Proper motion in right ascension direction, pmRA*cosDE (pmra)'
#   meta: !!omap
#   - {ucd: POS_EQ_PMRA}
#   - {width: 9}
#   - {precision: '3'}
#   - values: {'null': .nan}
# - name: pmDE
#   unit: mas / yr
#   datatype: float64
#   format: '{:9.3f}'
#   description: '? Proper motion in declination direction (pmdec)'
#   meta: !!omap
#   - {ucd: POS_EQ_PMDEC}
#   - {width: 9}
#   - {precision: '3'}
#   - values: {'null': .nan}
# - name: e_pmRA
#   unit: mas / yr
#   datatype: float32
#   format: '{:6.3f}'
#   description: '? Standard error of proper motion in right ascension direction (pmra_error)'
#   meta: !!omap
#   - {ucd: ERROR}
#   - {width: 6}
#   - {precision: '3'}
#   - values: {'null': .nan}
# - name: e_pmDE
[...]
#       distance: !astropy.table.SerializedColumn
#         __class__: astropy.coordinates.distances.Distance
#         unit: !astropy.units.Unit {unit: pc}
#         value: !astropy.table.SerializedColumn {name: SkyCoord.distance}
#       frame: icrs
#       obstime: !astropy.time.Time {format: jyear_str, in_subfmt: '*', jd1: 367701545.0, jd2: 0.0, out_subfmt: '*', precision: 3, scale: tt}
#       pm_dec: !astropy.table.SerializedColumn
#         __class__: astropy.units.quantity.Quantity
#         unit: !astropy.units.Unit {unit: mas / yr}
#         value: !astropy.table.SerializedColumn {name: SkyCoord.pm_dec}
#       pm_ra_cosdec: !astropy.table.SerializedColumn
#         __class__: astropy.units.quantity.Quantity
#         unit: !astropy.units.Unit {unit: mas / yr}
#         value: !astropy.table.SerializedColumn {name: SkyCoord.pm_ra_cosdec}
#       ra: !astropy.table.SerializedColumn
#         __class__: astropy.coordinates.angles.Longitude
#         unit: *id001
#         value: !astropy.table.SerializedColumn {name: SkyCoord.ra}
#         wrap_angle: !astropy.coordinates.Angle
#           unit: *id001
#           value: 360.0
#       representation_type: spherical
# schema: astropy-2.0
RA_ICRS_1 DE_ICRS_1 e_RA_ICRS e_DE_ICRS _r_1 HIP TYC2 Source rgeo Plx e_Plx pmRA pmDE e_pmRA e_pmDE RUWE Teff logg Gmag BP-RP BPmag RPmag RV e_RV b_rgeo B_rgeo FG e_FG FBP e_FBP FRP e_FRP RAVE5 RAVE6 e_Gmag e_BPmag e_RPmag e_BP-RP SkyCoord.ra SkyCoord.dec SkyCoord.distance SkyCoord.pm_ra_cosdec SkyCoord.pm_dec rmRA rmDE e_rmRA e_rmDE rRV e_rRV v_pec v_pec3d e_vpec e_vpec3d Pmemb
[from data line 32]
129.49286253419 -45.20052155648 0.0185 0.0232 7.5009 "" "" 5522330792998917632 1945.46375 0.4835 0.023 -4.686 4.196 0.025 0.027 1.031 7495.1 3.9056 15.263727 1.231068 15.788415 14.557347 "" "" 1867.39575 2040.29248 14772.55844 4.0653 6607.7 14.192 11918.0 29.341 "" "" 0.00277147304929558 0.003636344 0.004629099 0.008265443 129.49286253419 -45.20052155648 1945.46375 -4.686 4.196 -0.1031228408813476 -0.13363180541992215 0.12486958 0.12686957 "" "" 1.5565435412632065 "" 0.1963218583751383 "" 0.95
129.55540165193 -45.14617251169 0.0171 0.0202 11.0892 "" "" 5522336939086654080 2023.48047 0.458 0.021 -4.703 4.427 0.023 0.027 1.002 9342.9 4.2181 15.26826 0.871975 15.611929 14.739954 "" "" 1950.65369 2128.0498 14711.02275 4.0798 7774.0 16.816 10073.0 11.346 "" "" 0.002771724121218736 0.0036470266 0.003972321 0.0076193474 129.55540165193 -45.14617251169 2023.48047 -4.703 4.427000000000003 -0.12012284088134795 0.09736819458007773 0.12286958 0.12686957 "" "" 1.4830907009142256 "" 0.18460177753928877 "" 0.85
129.39390495241 -45.22560439966 0.0187 0.0216 3.1529 "" "" 5522331239675555840 2068.17651 0.4503 0.023 -4.559 4.332 0.025 0.025 0.996 9347.8 4.2484 15.425892 0.991529 15.831467 14.839938 "" "" 1981.62073 2166.50806 12723.00887 3.7295 6350.8 12.69 9187.2 8.9696 "" "" 0.002773640251032688 0.0035343643 0.0039252224 0.0074595865 129.39390495241 -45.22560439966 2068.17651 -4.559 4.332000000000001 0.02387715911865218 0.002368194580077976 0.12486958 0.12486958 "" "" 0.23522001265854228 "" 0.029371823620598838 "" 0.97
129.26874911451 -45.3289247327 0.0194 0.022 6.4997 "" "" 5521953797949797760 2339.76025 0.3957 0.024 -4.662 4.311 0.027 0.026 1.089 6385.3 3.9718 15.452176 1.230226 15.970097 14.73987 "" "" 2228.29126 2494.50366 12418.70804 3.8321 5589.6 25.285 10074.0 24.031 "" "" 0.0027756143500916445 0.005648631 0.004581665 0.010230296 129.26874911451 -45.3289247327 2339.76025 -4.662 4.311 -0.07912284088134758 -0.018631805419921932 0.12686957 0.12586957 "" "" 0.9015099508636119 "" 0.11432699747342663 "" 0.96
129.24475188482 -45.11100873227 0.02 0.0232 7.6192 "" "" 5522346220521357568 2054.2876 0.4526 0.0241 -4.667 4.337 0.025 0.027 0.987 8420.4 4.0046 15.472605 1.02111 15.875857 14.854748 "" "" 1960.92969 2165.11328 12187.22443 3.9227 6096.4 18.172 9062.7 28.877 "" "" 0.002777393685500564 0.0042730453 0.005123687 0.009396732 129.24475188482 -45.11100873227 2054.2876 -4.667 4.337 -0.08412284088134747 0.007368194580077869 0.12486958 0.12686957 "" "" 0.8222673731679854 "" 0.10268879942371839 "" 0.96
129.5757421508 -45.33833543844 0.0204 0.0217 12.7334 "" "" 5522279356468782336 2314.37549 0.3994 0.0234 -4.505 4.242 0.028 0.029 0.984 8567.5 4.2261 15.48571 0.949326 15.870659 14.921333 "" "" 2189.56763 2463.82837 12041.00468 3.9407 6125.7 13.302 8523.6 11.409 "" "" 0.0027781379753940615 0.0036529056 0.004049166 0.0077020717 129.5757421508 -45.33833543844 2314.37549 -4.505000000000001 4.242000000000001 0.07787715911865245 -0.08763180541992188 0.12786958 0.12886958 "" "" 1.286090892660898 "" 0.16517171511110548 "" 0.88
129.05868028412 -45.42597477384 0.0233 0.0243 16.2471 "" "" 5521954347705500032 2241.18335 0.4191 0.0278 -4.612 4.327 0.031 0.031 1.261 6711.0 4.2412 15.540385 1.190487 16.045906 14.855419 "" "" 2103.90137 2392.47534 11449.66138 3.7757 5212.6 10.675 9057.1 10.159 "" "" 0.0027784853094149193 0.0035677745 0.0039707473 0.0075385217 129.05868028412 -45.42597477384 2241.18335 -4.612 4.326999999999998 -0.029122840881347756 -0.0026318054199219176 0.13086958 0.13086958 "" "" 0.31063873876178416 "" 0.0406531619865301 "" 0.93
129.3491588418 -45.17511291018 0.0206 0.0255 3.3374 "" "" 5522334538210353408 2041.72241 0.4614 0.0262 -4.786 4.138 0.027 0.033 0.968 8101.5 4.3753 15.620237 0.957389 16.009226 15.051837 "" "" 1934.28015 2167.22607 10637.80193 4.1051 5391.7 9.8715 7558.3 11.665 "" "" 0.0027869940714357515 0.0034258664 0.004134193 0.0075600594 129.3491588418 -45.17511291018 2041.72241 -4.785999999999996 4.137999999999999 -0.20312284088134724 -0.19163180541992197 0.12686957 0.13286957 "" "" 2.7025342842287756 "" 0.3505987987942645 "" 0.9
129.65835630794 -45.04191286878 0.0227 0.025 18.1314 "" "" 5522339142415192576 1945.9541 0.4752 0.0272 -4.472 4.386 0.029 0.033 0.985 9066.1 4.3303 15.725332 1.192149 16.236532 15.044383 "" "" 1856.18591 2039.47546 9656.36704 3.0961 4373.2 8.0557 7610.4 7.6199 "" "" 0.0027772243351339722 0.0034329311 0.0039326195 0.007365551 129.65835630794 -45.04191286878 1945.9541 -4.472 4.386 0.11087715911865192 0.056368194580078246 0.12886958 0.13286957 "" "" 1.147286226958101 "" 0.14880433296214732 "" 0.96
129.29575262999 -45.36025567409 0.0222 0.0256 8.0804 "" "" 5521952904596622592 2225.41187 0.4233 0.0274 -4.533 4.272 0.031 0.03 0.934 7218.7 4.3489 15.726577 1.103638 16.189976 15.086338 "" "" 2100.32202 2364.0874 9645.30588 2.9881 4564.8 13.783 7321.9 13.522 "" "" 0.0027757750222772593 0.004304902 0.004278347 0.0085832495 129.29575262999 -45.36025567409 2225.41187 -4.533 4.272 0.04987715911865198 -0.05763180541992163 0.13086958 0.12986958 "" "" 0.803980029842056 "" 0.10475760402759508 "" 0.95
129.61340958012 -44.98605843767 0.0231 0.0261 19.0636 "" "" 5522340448085214720 2244.75269 0.4146 0.028 -4.595 4.337 0.029 0.034 1.014 8170.1 4.2646 15.791819 1.138512 16.272396 15.133884 "" "" 2115.8584 2421.14941 9082.79286 5.1925 4231.1 12.829 7008.2 11.327 "" "" 0.002824368481003633 0.004315381 0.004166908 0.008482289 129.61340958012 -44.98605843767 2244.75269 -4.5950000000000015 4.336999999999996 -0.012122840881347408 0.007368194580077869 0.12886958 0.13386959 "" "" 0.15094496485825837 "" 0.01965866353719373 "" 0.89
129.37490801078 -45.58784419315 0.0252 0.028 21.8005 "" "" 5521900368554901120 1996.90747 0.4633 0.0306 -4.337 4.489 0.034 0.034 1.077 7057.3 4.4496 15.846779 1.015686 16.263058 15.247372 "" "" 1897.20166 2119.10425 8634.46139 2.9053 4267.7 10.007 6312.6 10.529 "" "" 0.002779433781179946 0.0037770947 0.004190849 0.007967943 129.37490801078 -45.58784419315 1996.90747 -4.3370000000000015 4.489 0.2458771591186526 0.159368194580078 0.13386959 0.13386959 "" "" 2.7734225441486324 "" 0.37127693437537673 "" 0.92
129.19724321873 -45.24605181902 0.0234 0.0285 5.2877 "" "" 5521958127276910848 2141.31665 0.4276 0.0294 -4.479 4.502 0.033 0.035 1.089 7209.9 4.3132 15.857202 1.113207 16.327143 15.213936 "" "" 2032.17493 2266.33521 8551.96681 3.0004 4023.1 9.7837 6510.0 9.1868 "" "" 0.0027815269017351595 0.0038414397 0.0040781465 0.007919586 129.19724321873 -45.24605181902 2141.31665 -4.479000000000001 4.501999999999999 0.10387715911865225 0.1723681945800779 0.13286957 0.13486958 "" "" 2.0426478241451003 "" 0.27440856979108313 "" 0.9
129.06394784641 -44.98250675115 0.0271 0.028 18.2058 "" "" 5522351271402851584 2369.68872 0.394 0.0317 -4.479 4.562 0.035 0.034 1.146 9290.9 4.1408 15.89254 1.365414 16.498941 15.133528 "" "" 2201.71069 2568.04541 8278.10289 2.8092 3434.3 11.787 7010.5 12.042 "" "" 0.002779845912034 0.0046552224 0.004214484 0.008869706 129.06394784641 -44.98250675115 2369.68872 -4.479 4.562 0.10387715911865225 0.2323681945800784 0.13486958 0.13386959 "" "" 2.8589618232774314 "" 0.3832056966429321 "" 0.9
129.50369140815 -45.23070767035 0.0245 0.0288 7.7953 "" "" 5522283784571120512 2405.14282 0.3833 0.0298 -4.778 4.037 0.031 0.035 1.053 8308.2 4.4032 15.926544 1.406038 16.544136 15.138098 "" "" 2248.04126 2578.72412 8022.85603 3.5257 3294.3 10.778 6981.0 10.969 "" "" 0.002796327336700869 0.0045169992 0.004146576 0.008663575 129.50369140815 -45.23070767035 2405.14282 -4.778 4.036999999999999 -0.19512284088134724 -0.29263180541992195 0.13086958 0.13486958 "" "" 4.009729860840902 "" 0.5359054316221226 "" 0.89
129.20879587852 -45.57375903186 0.0299 0.0353 21.3432 "" "" 5521902979894820224 2182.21948 0.4354 0.0384 -4.485 4.239 0.038 0.041 1.135 7130.4 4.3351 16.050322 1.373438 16.654795 15.281357 "" "" 2010.45728 2393.32056 7158.43867 3.707 2975.1 7.7922 6118.1 9.1963 "" "" 0.0028121012091263204 0.0039839232 0.0041166926 0.008100616 129.20879587852 -45.57375903186 2182.21948 -4.484999999999999 4.238999999999999 0.09787715911865202 -0.090631805419922 0.13786958 0.14086959 "" "" 1.3797942313859672 "" 0.1921535668642171 "" 0.94
128.8527802841 -45.12264300743 0.028 0.0297 20.6951 "" "" 5522724349440824320 2085.87842 0.4492 0.033 -4.643 4.333 0.037 0.043 1.009 6521.2 4.3468 16.227158 1.371461 16.83777 15.46631 "" "" 1959.39355 2235.6001 6082.52111 8.661 2513.7 13.875 5159.8 27.005 "" "" 0.0031594140673105544 0.0066106752 0.0068245125 0.013435188 128.8527802841 -45.12264300743 2085.87842 -4.643 4.333 -0.06012284088134745 0.0033681945800783097 0.13686958 0.14286958 "" "" 0.5953704353646201 "" 0.08149952149818236 "" 0.93
129.42847638303 -44.9660807014 0.0338 0.0361 16.301 "" "" 5522342681468109440 2348.01343 0.4125 0.0407 -4.513 4.361 0.044 0.043 0.981 5933.6 4.3966 16.359478 1.367278 16.97069 15.603412 "" "" 2156.95581 2559.63623 5384.62751 2.7523 2224.0 9.0755 4547.7 15.851 "" "" 0.0028106536406297196 0.005235937 0.0053483536 0.010584291 129.42847638303 -44.9660807014 2348.01343 -4.513 4.361000000000001 0.06987715911865244 0.03136819458007789 0.14386958 0.14286958 "" "" 0.8524695138383979 "" 0.12250186935825001 "" 0.87
129.54493520033 -45.07286110386 0.03 0.0371 13.2759 "" "" 5522338455220385920 2062.86621 0.4702 0.0391 -4.552 4.58 0.038 0.048 0.978 7458.2 4.4058 16.379692 1.362428 16.988092 15.625665 "" "" 1908.74744 2345.29443 5285.30228 2.6301 2188.7 9.3599 4455.5 7.9683 "" "" 0.002807793157610117 0.005416969 0.0042490144 0.009665983 129.54493520033 -45.07286110386 2062.86621 -4.552 4.58 0.03087715911865274 0.2503681945800782 0.13786958 0.14786959 "" "" 2.466643627534056 "" 0.3643843500799961 "" 0.87
129.31702926336 -45.35705280263 0.0309 0.0383 7.8274 "" "" 5522328005554042112 2237.16943 0.4258 0.0386 -4.695 4.203 0.042 0.042 0.988 6129.1 4.4071 16.38312 1.244161 16.926394 15.682233 "" "" 2057.35132 2501.05688 5268.64065 2.6125 2316.6 9.2887 4229.3 8.2943 "" "" 0.0028074246572176997 0.0051707933 0.0043379283 0.0095087215 129.31702926336 -45.35705280263 2237.16943 -4.695000000000002 4.202999999999998 -0.11212284088134794 -0.12663180541992158 0.14186957 0.14186957 "" "" 1.7935540998222146 "" 0.25445075749608814 "" 0.85
129.51814252967 -45.42511808561 0.0342 0.0366 14.5677 "" "" 5522277226164791296 2086.91577 0.4586 0.0408 -4.534 4.298 0.045 0.043 1.008 5786.9 4.5203 16.441504 1.210019 16.963764 15.753745 "" "" 1908.03247 2266.98535 4992.81419 2.472 2238.3 13.202 3959.7 9.2937 "" "" 0.002807269259677251 0.006985356 0.0045582415 0.011543598 129.51814252967 -45.42511808561 2086.91577 -4.533999999999999 4.298 0.048877159118652536 -0.03163180541992183 0.14486958 0.14286958 "" "" 0.5759093690084334 "" 0.08309340021511233 "" 0.89
129.56257197669 -45.04742780716 0.0325 0.0382 14.8858 "" "" 5522338588354439808 2244.573 0.4268 0.0418 -4.81 4.364 0.041 0.05 1.011 8387.2 4.3997 16.486053 1.546764 17.185148 15.638384 "" "" 2055.37451 2452.20605 4792.09553 2.5438 1825.4 9.761 4403.6 17.027 "" "" 0.0028149532584132914 0.006441438 0.0056487094 0.0120901475 129.56257197669 -45.04742780716 2244.573 -4.809999999999999 4.363999999999999 -0.22712284088134727 0.034368194580078004 0.14086959 0.14986958 "" "" 2.4439312712935375 "" 0.3447833133290365 "" 0.9
129.48841853943 -45.28601216171 0.0359 0.0401 7.9826 "" "" 5522283067320534016 2199.09326 0.4405 0.0438 -4.634 4.21 0.048 0.047 1.007 "" "" 16.571434 1.472945 17.246443 15.773498 "" "" 2053.61279 2403.98315 4429.6864 3.0898 1725.2 15.601 3888.3 13.153 "" "" 0.0028575039681471293 0.010207082 0.0052699805 0.015477063 129.48841853943 -45.28601216171 2199.09326 -4.634 4.21 -0.051122840881348 -0.11963180541992191 0.14786959 0.14686957 "" "" 1.3560957438254657 "" 0.19937920786578311 "" 0.89
129.09525295865 -45.22235611997 0.0361 0.0391 9.472 "" "" 5521970118825330048 2176.74268 0.4457 0.0437 -4.615 4.345 0.047 0.05 0.973 6344.8 4.4413 16.688456 1.460029 17.34885 15.888822 "" "" 1995.92712 2391.43994 3977.08026 3.4825 1569.9 9.7058 3496.5 10.108 "" "" 0.0029147300807739174 0.0072692893 0.004912784 0.012182074 129.09525295865 -45.22235611997 2176.74268 -4.615 4.345 -0.03212284088134787 0.015368194580077876 0.14686957 0.14986958 "" "" 0.36741344674730975 "" 0.05416885215814393 "" 0.8
129.42592687492 -45.34229086402 0.0413 0.0463 8.2727 "" "" 5522281314973622784 1863.76233 0.512 0.0511 -4.61 4.364 0.057 0.057 0.9 5413.8 4.6068 16.975828 1.440868 17.62625 16.18538 "" "" 1691.03406 2094.48877 3052.21566 4.8213 1216.0 13.391 2660.8 14.848 "" "" 0.00324547959674864 0.012277733 0.007140845 0.019418579 129.42592687492 -45.34229086402 1863.76233 -4.610000000000001 4.363999999999998 -0.027122840881347976 0.034368194580078004 0.15686958 0.15686958 "" "" 0.386776148312143 "" 0.06067341015333246 "" 0.87
