Clusters/UBC_245/UBC_245_members.tsv
# %ECSV 1.0
# ---
# datatype:
# - name: RA_ICRS_1
#   unit: deg
#   datatype: float64
#   format: '{:15.11f}'
#   description: Right ascension (ICRS) at Ep=2016.0 (ra)
#   meta: !!omap
#   - {ucd: POS_EQ_RA_MAIN}
#   - {width: 15}
#   - {precision: '11'}
# - name: DE_ICRS_1
#   unit: deg
#   datatype: float64
#   format: '{:15.11f}'
#   description: Declination (ICRS) at Ep=2016.0 (dec)
#   meta: !!omap
#   - {ucd: POS_EQ_DEC_MAIN}
#   - {width: 15}
#   - {precision: '11'}
# - name: e_RA_ICRS
#   unit: mas
#   datatype: float64
#   format: '{:7.4f}'
#   description: Standard error of right ascension (ra_error)
#   meta: !!omap
#   - {ucd: ERROR}
#   - {width: 7}
#   - {precision: '4'}
# - name: e_DE_ICRS
#   unit: mas
#   datatype: float64
#   format: '{:7.4f}'
#   description: Standard error of declination (dec_error)
#   meta: !!omap
#   - {ucd: ERROR}
#   - {width: 7}
#   - {precision: '4'}
# - name: _r_1
#   unit: ''
#   datatype: float64
#   format: '{:7.4f}'
#   description: Distance from center (129.31930792000-45.22660588000)[ICRS], at Epoch=J2016.0
#   meta: !!omap
#   - {ucd: POS_ANG_DIST_GENERAL}
#   - {width: 7}
#   - {precision: '4'}
# - name: HIP
#   datatype: int32
#   description: '? HIP cross-id number, van Leeuwen, Cat. I/311 (hip_original_ext_source_id)'
#   meta: !!omap
#   - {ucd: ID_NUMBER}
#   - {width: 6}
#   - values: {'null': -2147483648}
# - name: TYC2
#   datatype: string
#   description: Tycho-2 cross-id name, Hog et al., Cat. I/259 (tyc2_original_ext_source_id)
#   meta: !!omap
#   - {ucd: ID_CROSSID}
#   - {_votable_string_dtype: char}
# - name: Source
#   datatype: int64
#   description: Source identifier, identical to the Gaia-EDR3 source_id (id)
#   meta: !!omap
#   - {ucd: ID_MAIN}
#   - {width: 19}
# - name: rgeo
#   unit: pc
#   datatype: float64
#   format: '{:15.8f}'
#   description: '? Median of the geometric distance posterior (r_med_geo)'
#   meta: !!omap
#   - {ucd: PHYS_DISTANCE_TRUE}
#   - {width: 15}
#   - {precision: '8'}
#   - values: {'null': .nan}
# - name: Plx
#   unit: mas
#   datatype: float64
#   format: '{:9.4f}'
#   description: '? Parallax (parallax)'
#   meta: !!omap
#   - {ucd: POS_PARLX_TRIG}
#   - {width: 9}
#   - {precision: '4'}
#   - values: {'null': .nan}
# - name: e_Plx
#   unit: mas
#   datatype: float32
#   format: '{:7.4f}'
#   description: '? Standard error of parallax (parallax_error)'
#   meta: !!omap
#   - {ucd: ERROR}
#   - {width: 7}
#   - {precision: '4'}
#   - values: {'null': .nan}
# - name: pmRA
#   unit: mas / yr
#   datatype: float64
#   format: '{:9.3f}'
#   description: '? Proper motion in right ascension direction, pmRA*cosDE (pmra)'
#   meta: !!omap
#   - {ucd: POS_EQ_PMRA}
#   - {width: 9}
#   - {precision: '3'}
#   - values: {'null': .nan}
# - name: pmDE
#   unit: mas / yr
#   datatype: float64
#   format: '{:9.3f}'
#   description: '? Proper motion in declination direction (pmdec)'
#   meta: !!omap
#   - {ucd: POS_EQ_PMDEC}
#   - {width: 9}
#   - {precision: '3'}
#   - values: {'null': .nan}
# - name: e_pmRA
#   unit: mas / yr
#   datatype: float32
#   format: '{:6.3f}'
#   description: '? Standard error of proper motion in right ascension direction (pmra_error)'
#   meta: !!omap
#   - {ucd: ERROR}
#   - {width: 6}
#   - {precision: '3'}
#   - values: {'null': .nan}
# - name: e_pmDE
[...]
#       distance: !astropy.table.SerializedColumn
#         __class__: astropy.coordinates.distances.Distance
#         unit: !astropy.units.Unit {unit: pc}
#         value: !astropy.table.SerializedColumn {name: SkyCoord.distance}
#       frame: icrs
#       obstime: !astropy.time.Time {format: jyear_str, in_subfmt: '*', jd1: 367701545.0, jd2: 0.0, out_subfmt: '*', precision: 3, scale: tt}
#       pm_dec: !astropy.table.SerializedColumn
#         __class__: astropy.units.quantity.Quantity
#         unit: !astropy.units.Unit {unit: mas / yr}
#         value: !astropy.table.SerializedColumn {name: SkyCoord.pm_dec}
#       pm_ra_cosdec: !astropy.table.SerializedColumn
#         __class__: astropy.units.quantity.Quantity
#         unit: !astropy.units.Unit {unit: mas / yr}
#         value: !astropy.table.SerializedColumn {name: SkyCoord.pm_ra_cosdec}
#       ra: !astropy.table.SerializedColumn
#         __class__: astropy.coordinates.angles.Longitude
#         unit: *id001
#         value: !astropy.table.SerializedColumn {name: SkyCoord.ra}
#         wrap_angle: !astropy.coordinates.Angle
#           unit: *id001
#           value: 360.0
#       representation_type: spherical
# schema: astropy-2.0
RA_ICRS_1 DE_ICRS_1 e_RA_ICRS e_DE_ICRS _r_1 HIP TYC2 Source rgeo Plx e_Plx pmRA pmDE e_pmRA e_pmDE RUWE Teff logg Gmag BP-RP BPmag RPmag RV e_RV b_rgeo B_rgeo FG e_FG FBP e_FBP FRP e_FRP RAVE5 RAVE6 e_Gmag e_BPmag e_RPmag e_BP-RP SkyCoord.ra SkyCoord.dec SkyCoord.distance SkyCoord.pm_ra_cosdec SkyCoord.pm_dec rmRA rmDE e_rmRA e_rmDE rRV e_rRV v_pec v_pec3d e_vpec e_vpec3d Pmemb
129.44638880843 -45.19070400271 0.0092 0.0112 5.7877 "" 8151-2047-1 5522331789431316992 2056.30542 0.4651 0.0115 -4.618 4.409 0.012 0.014 0.774 15359.4 3.6947 10.980402 0.358046 11.097132 10.739086 "" "" 2003.42651 2099.84595 763459.08397 167.98 497240.0 240.81 401350.0 189.51 "" "" 0.002765656765922778 0.0028392833 0.0038139941 0.006653277 129.44638880843 -45.19070400271 2056.30542 -4.617999999999999 4.409 -0.03512284088134798 0.07936819458007793 0.11186958 0.11386958 "" "" 0.8459559753759371 "" 0.0960536182000928 "" 0.96
129.27086730045 -45.32747106609 0.01 0.0113 6.3882 "" "" 5521953797949798784 2091.91528 0.4438 0.0124 -4.524 4.628 0.014 0.013 0.953 14185.4 3.9698 12.06431 0.376679 12.190948 11.814268 "" "" 2017.57397 2144.58472 281334.36203 56.356 181570.0 116.71 149090.0 67.795 "" "" 0.0027638907034540413 0.0028761262 0.0038114928 0.006687619 129.27086730045 -45.32747106609 2091.91528 -4.524000000000003 4.628000000000003 0.05887715911865232 0.29836819458007824 0.11386958 0.112869576 "" "" 3.015574463298236 "" 0.3404801153443395 "" 0.87
129.21170669866 -45.36560422238 0.0136 0.0154 9.4963 "" 8150-399-1 5521953248193964416 1896.22583 0.5012 0.0164 -4.507 4.432 0.019 0.019 1.405 "" "" 12.886452 0.569909 13.093682 12.523773 "" "" 1830.58105 1963.98425 131936.83346 34.722 79058.0 38.936 77562.0 39.46 "" "" 0.002770096339148433 0.0028409467 0.0038195343 0.006660481 129.21170669866 -45.36560422238 1896.22583 -4.506999999999999 4.432000000000002 0.07587715911865267 0.10236819458007851 0.11886958 0.11886958 "" "" 1.1452909239851645 "" 0.13614025148811587 "" 0.96
129.25908386651 -45.29661831044 0.0097 0.0113 4.9107 "" "" 5522329379942922752 1843.10803 0.5157 0.0121 -4.573 4.334 0.014 0.013 0.919 6812.1 3.6918 12.912868 0.488747 13.087677 12.59893 "" "" 1803.25269 1887.24426 128765.53509 60.375 79496.0 113.62 72375.0 89.384 "" "" 0.002801954108239941 0.003192665 0.0040102038 0.007202869 129.25908386651 -45.29661831044 1843.10803 -4.573 4.334 0.009877159118651946 0.0043681945800777555 0.11386958 0.112869576 "" "" 0.09435214203619484 "" 0.010728460166363717 "" 0.96
129.20540915098 -45.24438406548 0.0084 0.0105 4.9292 "" "" 5521957367056326912 2107.97559 0.4416 0.0108 -4.756 4.365 0.012 0.012 0.981 11321.8 3.9205 13.021651 0.589272 13.240812 12.65154 "" "" 2058.13159 2157.63672 116489.34907 23.599 69039.0 29.8 68951.0 33.113 "" "" 0.0027640855860228924 0.0028292541 0.00381518 0.0066444343 129.20540915098 -45.24438406548 2107.97559 -4.756 4.365 -0.17312284088134788 0.03536819458007834 0.11186958 0.11186958 "" "" 1.7655387348925238 "" 0.1975100785888865 "" 0.86
129.40029714275 -45.2267021688 0.017 0.0205 3.4225 "" "" 5522331235368804992 1989.7616 0.4686 0.0217 -4.553 4.417 0.023 0.024 2.169 "" "" 13.331392 0.6915 13.587929 12.896429 "" "" 1910.71936 2064.65698 87576.98114 21.062 50147.0 32.2 55028.0 25.719 "" "" 0.002767665281936521 0.0028759497 0.003813297 0.0066892467 129.40029714275 -45.2267021688 1989.7616 -4.553 4.417 0.029877159118652408 0.08736819458007794 0.12286958 0.12386958 "" "" 0.8708595733629267 "" 0.10778216398624717 "" 0.95
129.16144785785 -45.18401177561 0.0089 0.01 7.146 "" "" 5522345529019953024 2040.15405 0.4504 0.011 -4.575 4.267 0.012 0.012 0.951 7227.2 3.8115 13.506952 0.547264 13.709289 13.162024 "" "" 2000.5708 2082.82837 74501.66376 18.173 44844.0 30.908 43087.0 21.327 "" "" 0.002768019160511756 0.0028887785 0.0038173995 0.006706178 129.16144785785 -45.18401177561 2040.15405 -4.574999999999999 4.266999999999998 0.007877159118652166 -0.06263180541992153 0.11186958 0.11186958 "" "" 0.6104416664600877 "" 0.06828985347852042 "" 0.98
129.26046929462 -45.2349613936 0.0092 0.011 2.5363 "" "" 5522332545345639936 2058.22217 0.4487 0.0117 -4.553 4.295 0.014 0.014 0.941 12474.1 4.2317 13.582539 0.720809 13.858691 13.137882 "" "" 2008.48633 2110.0791 69491.41296 14.382 39079.0 29.87 44056.0 23.343 "" "" 0.002764467701147699 0.002910971 0.0038229136 0.0067338846 129.26046929462 -45.2349613936 2058.22217 -4.552999999999998 4.295 0.029877159118652408 -0.034631805419921946 0.11386958 0.11386958 "" "" 0.4462231698654478 "" 0.05081124388855186 "" 0.98
129.35032831917 -45.30389354276 0.0096 0.011 4.8187 "" "" 5522328387817256576 2013.00159 0.4608 0.0118 -4.605 4.311 0.014 0.013 0.951 11699.3 3.9812 13.64084 0.548587 13.83899 13.290403 "" "" 1973.21497 2061.64453 65858.3426 52.115 39794.0 139.77 38282.0 87.212 "" "" 0.0028861657638703307 0.0047252118 0.0045168307 0.009242043 129.35032831917 -45.30389354276 2013.00159 -4.604999999999998 4.310999999999999 -0.022122840881348083 -0.018631805419921932 0.11386958 0.112869576 "" "" 0.2759765068888386 "" 0.0313111029580848 "" 0.96
129.24674127398 -45.15212012896 0.0112 0.0137 5.4212 "" "" 5522334263332411520 2274.16821 0.4079 0.0145 -4.705 4.426 0.014 0.015 1.009 "" "" 14.043001 0.704389 14.313216 13.608828 "" "" 2208.50708 2338.58838 45472.21528 9.9065 25712.0 22.531 28551.0 16.572 "" "" 0.0027654545715224423 0.0029479202 0.0038315633 0.0067794835 129.24674127398 -45.15212012896 2274.16821 -4.705 4.426 -0.12212284088134773 0.09636819458007828 0.11386958 0.11486958 "" "" 1.6769338895409023 "" 0.19159699763996352 "" 0.97
129.33537413315 -45.12227860616 0.0124 0.0144 6.2964 "" "" 5522334916167459200 2120.10986 0.4373 0.0151 -4.588 4.264 0.015 0.017 1.05 7975.6 3.856 14.070332 0.577073 14.285041 13.707968 "" "" 2047.20349 2180.25708 44341.9003 13.427 26388.0 23.191 26060.0 20.298 "" "" 0.0027748653170464213 0.0029488197 0.0038728402 0.00682166 129.33537413315 -45.12227860616 2120.10986 -4.587999999999999 4.263999999999999 -0.005122840881347734 -0.06563180541992164 0.11486958 0.116869584 "" "" 0.6615611702931171 "" 0.07730843445269704 "" 0.93
129.57507575506 -45.20308141453 0.0112 0.0135 10.9023 "" "" 5522289561310690688 2028.52014 0.4586 0.0144 -4.541 4.186 0.015 0.019 0.939 10713.4 3.9887 14.076742 0.821229 14.397438 13.576209 "" "" 1973.30774 2080.49683 44080.82901 9.1805 23793.0 25.154 29422.0 27.761 "" "" 0.002764583170741359 0.0030170497 0.003915764 0.0069328137 129.57507575506 -45.20308141453 2028.52014 -4.541 4.186 0.041877159118651974 -0.14363180541992193 0.11486958 0.11886958 "" "" 1.4385484592027196 "" 0.17055583862043383 "" 0.95
129.18556179062 -44.96283895362 0.0209 0.0207 16.8094 "" "" 5522352233475216256 2261.76367 0.4072 0.0226 -4.383 4.402 0.027 0.025 1.496 "" "" 14.10586 0.921487 14.474052 13.552566 "" "" 2123.65308 2379.11646 42914.38381 9.5828 22172.0 15.468 30070.0 19.336 "" "" 0.0027659662228473585 0.002891155 0.0038433266 0.0067344815 129.18556179062 -44.96283895362 2261.76367 -4.383 4.4019999999999975 0.19987715911865234 0.07236819458007826 0.12686957 0.12486958 "" "" 2.278963085227798 "" 0.2886065152101533 "" 0.87
128.92997141939 -45.10624050704 0.0127 0.0128 17.9839 "" "" 5521975100987647232 2187.29517 0.4205 0.0145 -4.42 4.32 0.017 0.016 0.932 7957.1 3.9841 14.223488 0.602032 14.447057 13.845025 "" "" 2121.26001 2255.55493 38508.04294 10.661 22730.0 18.04 22969.0 13.409 "" "" 0.0027716677651199945 0.0029202043 0.0038321638 0.006752368 128.92997141939 -45.10624050704 2187.29517 -4.420000000000001 4.320000000000003 0.16287715911865241 -0.00963180541992159 0.116869584 0.11586958 "" "" 1.6916244733824786 "" 0.19769357815836186 "" 0.9
129.20267611459 -45.43570166372 0.0121 0.0136 13.4758 "" "" 5521952286121312000 1975.37793 0.47 0.0151 -4.539 4.29 0.016 0.016 0.961 "" "" 14.296294 0.735474 14.578239 13.842766 "" "" 1921.60559 2025.26196 36010.50673 8.7149 20143.0 17.39 23017.0 14.904 "" "" 0.002767820741184061 0.0029434103 0.0038442148 0.006787625 129.20267611459 -45.43570166372 1975.37793 -4.539 4.289999999999999 0.04387715911865264 -0.03963180541992184 0.11586958 0.11586958 "" "" 0.5536140629949264 "" 0.06414702990211152 "" 0.97
129.4329336279 -45.32687514218 0.0131 0.0145 7.6947 "" "" 5522281624211267200 2071.56689 0.446 0.0162 -4.581 4.262 0.019 0.019 1.025 9324.4 3.9672 14.476083 0.704375 14.745075 14.0407 "" "" 2005.48413 2135.54541 30515.02147 8.6518 17274.0 14.836 19181.0 14.935 "" "" 0.0027724630552382803 0.0029418706 0.0038727787 0.0068146493 129.4329336279 -45.32687514218 2071.56689 -4.581 4.262 0.0018771591186519387 -0.06763180541992231 0.11886958 0.11886958 "" "" 0.6643478033541226 "" 0.07897074457684182 "" 0.97
129.27531696027 -45.17577014919 0.0144 0.0161 3.5724 "" "" 5522333266900010496 2013.69788 0.4631 0.0173 -4.617 4.331 0.02 0.019 1.021 9857.1 4.0526 14.58781 0.803025 14.900598 14.097572 "" "" 1942.47644 2111.80981 27531.04958 6.0757 14968.0 20.006 18202.0 17.205 "" "" 0.002765718799104668 0.0031449907 0.0039162417 0.0070612323 129.27531696027 -45.17577014919 2013.69788 -4.617000000000001 4.331000000000003 -0.03412284088134765 0.00136819458007853 0.119869575 0.11886958 "" "" 0.32596176676445876 "" 0.039072377390900394 "" 0.97
129.26803768939 -45.33543244073 0.0138 0.016 6.879 "" "" 5521953729230323200 2164.53687 0.4245 0.0175 -4.631 4.339 0.02 0.019 1.005 9140.5 4.1746 14.625948 0.703737 14.897241 14.193503 "" "" 2100.37866 2244.75854 26580.78008 8.0089 15015.0 18.682 16663.0 13.572 "" "" 0.0027746725759304237 0.0030999954 0.0038814647 0.0069814604 129.26803768939 -45.33543244073 2164.53687 -4.631 4.339000000000002 -0.048122840881347884 0.009368194580078537 0.119869575 0.11886958 "" "" 0.5030044147507289 "" 0.060276632794389925 "" 0.98
129.06416009973 -44.97671817153 0.015 0.0153 18.4814 "" "" 5522351477561281024 2349.71313 0.3961 0.0177 -4.46 4.438 0.019 0.018 1.032 10597.6 3.9147 14.682879 1.223926 15.205119 13.981193 "" "" 2267.86206 2443.65649 25222.89693 6.4377 11308.0 15.167 20262.0 17.748 "" "" 0.0027692204929441813 0.0031473376 0.0038972006 0.007044538 129.06416009973 -44.97671817153 2349.71313 -4.459999999999999 4.438000000000001 0.12287715911865238 0.10836819458007785 0.11886958 0.11786958 "" "" 1.8247541392431323 "" 0.21611131702095387 "" 0.89
129.02556384022 -45.25257396828 0.0137 0.015 12.5077 "" "" 5521969843947377920 2015.2981 0.4611 0.0165 -4.542 4.359 0.019 0.019 1.02 9274.4 4.1552 14.683575 0.660069 14.934486 14.274417 "" "" 1948.56995 2091.02905 25206.75247 6.5286 14508.0 15.448 15466.0 12.856 "" "" 0.0027696330580511135 0.0030201948 0.003885647 0.0069058416 129.02556384022 -45.25257396828 2015.2981 -4.541999999999999 4.358999999999998 0.04087715911865253 0.02936819458007811 0.11886958 0.11886958 "" "" 0.4808087338036686 "" 0.05715353240550249 "" 0.9
129.50341275383 -45.14848715162 0.0144 0.0177 9.0873 "" "" 5522331205315771648 2094.9043 0.4408 0.0179 -4.539 4.277 0.019 0.023 0.975 9267.3 4.0357 14.775903 0.752956 15.067284 14.314327 "" "" 2030.88586 2170.63574 23151.85018 5.6617 12838.0 15.333 14908.0 13.466 "" "" 0.0027680835332364617 0.0030767827 0.0039045527 0.0069813356 129.50341275383 -45.14848715162 2094.9043 -4.539 4.276999999999999 0.04387715911865264 -0.05263180541992174 0.11886958 0.12286958 "" "" 0.680416379132219 "" 0.0824973797181389 "" 0.96
129.16827285175 -45.24837887568 0.0141 0.0161 6.5136 "" "" 5521958161636453632 2155.57324 0.4296 0.017 -4.581 4.308 0.02 0.02 0.961 9018.8 4.2841 14.844327 0.749347 15.136098 14.386751 "" "" 2089.34058 2222.4082 21737.81625 5.295 12050.0 11.456 13946.0 13.658 "" "" 0.002767983583661941 0.002974982 0.0039261132 0.006901095 129.16827285175 -45.24837887568 2155.57324 -4.581 4.308 0.0018771591186519387 -0.021631805419922046 0.119869575 0.119869575 "" "" 0.22185180530140933 "" 0.02659328159326293 "" 0.94
129.18220951201 -45.1998073226 0.0153 0.0167 6.0138 "" "" 5522333713576753664 2046.96545 0.452 0.0185 -4.667 4.251 0.021 0.02 0.999 9270.4 4.183 14.900729 0.808755 15.218962 14.410207 "" "" 1946.24292 2134.95557 20637.41205 5.0415 11164.0 12.078 13648.0 12.912 "" "" 0.0027680567861433133 0.003027341 0.003916483 0.006943824 129.18220951201 -45.1998073226 2046.96545 -4.667 4.2509999999999994 -0.08412284088134747 -0.07863180541992154 0.12086958 0.119869575 "" "" 1.1172600796673158 "" 0.1345229280960819 "" 0.93
129.2771459737 -45.34020768038 0.0155 0.0176 7.0447 "" "" 5521953729230329600 2148.20947 0.427 0.0191 -4.717 4.348 0.022 0.02 1.002 9135.4 4.2123 14.977683 0.746243 15.267473 14.521231 "" "" 2071.24292 2229.02148 19225.32282 5.1865 10676.0 12.809 12322.0 11.227 "" "" 0.0027708450083083346 0.003079281 0.0039067054 0.0069859866 129.2771459737 -45.34020768038 2148.20947 -4.717000000000001 4.348000000000003 -0.1341228408813473 0.01836819458007799 0.12186958 0.119869575 "" "" 1.378455290025364 "" 0.16794141947407643 "" 0.95
129.63134301106 -45.19176454964 0.0148 0.0185 13.3547 "" "" 5522289630030542336 2203.8877 0.4227 0.0187 -4.488 4.241 0.02 0.024 0.994 "" "" 14.992808 0.961902 15.382476 14.420574 "" "" 2123.08765 2278.17456 18959.3424 4.4733 9603.4 10.53 13519.0 11.036 "" "" 0.0027672030479487125 0.0030335337 0.0038819187 0.0069154524 129.63134301106 -45.19176454964 2203.8877 -4.487999999999998 4.241 0.09487715911865191 -0.08863180541992222 0.119869575 0.12386958 "" "" 1.3563177746370436 "" 0.16513163029032832 "" 0.92
129.23233592882 -45.33274403826 0.0163 0.0179 7.351 "" "" 5521953866669254016 2068.92847 0.4509 0.0193 -4.661 4.374 0.024 0.022 0.975 9253.3 4.1843 15.017452 0.848188 15.352695 14.504506 "" "" 2004.10498 2153.64917 18533.85599 4.4492 9870.5 13.147 12513.0 14.604 "" "" 0.002767620354108074 0.0031426714 0.0039861565 0.007128828 129.23233592882 -45.33274403826 2068.92847 -4.661 4.373999999999999 -0.07812284088134724 0.04436819458007779 0.12386958 0.12186958 "" "" 0.8810625181057103 "" 0.10870973090574274 "" 0.94
129.25305672805 -45.28788761892 0.0163 0.0189 4.6205 "" "" 5522329379943810048 2149.53735 0.431 0.0206 -4.574 4.197 0.024 0.024 1.021 9095.0 4.2642 15.027519 0.749023 15.316525 14.567503 "" "" 2070.77246 2239.59302 18362.80262 5.146 10205.0 30.795 11807.0 19.699 "" "" 0.0027720692495405547 0.004303438 0.004191076 0.008494514 129.25305672805 -45.28788761892 2149.53735 -4.574 4.197 0.0088771591186525 -0.1326318054199218 0.12386958 0.12386958 "" "" 1.3543833596389532 "" 0.16776690199507224 "" 0.93
129.13342514512 -45.22245969022 0.0159 0.0168 7.8593 "" "" 5521958333435349248 1983.11267 0.4703 0.0189 -4.658 4.248 0.022 0.021 0.995 9192.2 4.2883 15.042551 0.842526 15.374777 14.53225 "" "" 1914.45984 2059.08228 18110.33057 4.5896 9671.8 14.899 12197.0 12.024 "" "" 0.002769024748621999 0.0032530613 0.0039280206 0.007181082 129.13342514512 -45.22245969022 1983.11267 -4.658 4.248000000000003 -0.07512284088134802 -0.08163180541992165 0.12186958 0.12086958 "" "" 1.0428101132968037 "" 0.12652326387523605 "" 0.96
129.64562544986 -45.41241189753 0.0173 0.0185 17.7149 "" "" 5522277982079070848 2125.00171 0.4338 0.02 -4.565 4.214 0.025 0.025 1.008 9278.4 4.0598 15.053403 0.935144 15.430734 14.49559 "" "" 2030.05981 2226.27563 17930.21313 4.5828 9185.9 11.084 12616.0 12.761 "" "" 0.002769259475782186 0.0030824288 0.0039357087 0.0070181377 129.64562544986 -45.41241189753 2125.00171 -4.565000000000001 4.214 0.017877159118651953 -0.11563180541992146 0.12486958 0.12486958 "" "" 1.1785397171335252 "" 0.14716375664755427 "" 0.97
129.59670670567 -45.33316086197 0.0168 0.0184 13.3428 "" "" 5522279390828516352 2092.69067 0.4478 0.0197 -4.627 4.27 0.023 0.023 0.996 9613.9 4.2781 15.054298 0.904294 15.414935 14.510641 "" "" 2022.99475 2185.22021 17915.44357 5.948 9320.6 14.81 12442.0 15.403 "" "" 0.002778799591638015 0.0032804434 0.0040112836 0.007291727 129.59670670567 -45.33316086197 2092.69067 -4.627000000000001 4.27 -0.044122840881347436 -0.0596318054199223 0.12286958 0.12286958 "" "" 0.7358246770120286 "" 0.09041046974224017 "" 0.96
129.09496241365 -45.12232836822 0.017 0.0174 11.3662 "" "" 5521971591989572992 2093.19702 0.4476 0.0202 -4.59 4.466 0.021 0.021 0.981 9442.6 4.1911 15.06142 0.85794 15.395485 14.537545 "" "" 2020.11548 2188.73901 17798.30733 4.0833 9489.1 17.051 12138.0 15.915 "" "" 0.0027665565984814834 0.0034046008 0.0040386044 0.0074432055 129.09496241365 -45.12232836822 2093.19702 -4.590000000000002 4.466000000000001 -0.007122840881347514 0.13636819458007832 0.12086958 0.12086958 "" "" 1.3548560664738953 "" 0.16376087955709823 "" 0.9
