Clusters/NGC_6193/NGC_6193_members.tsv
# %ECSV 1.0
# ---
# datatype:
# - name: RA_ICRS_1
#   unit: deg
#   datatype: float64
#   format: '{:15.11f}'
#   description: Right ascension (ICRS) at Ep=2016.0 (ra)
#   meta: !!omap
#   - {ucd: POS_EQ_RA_MAIN}
#   - {width: 15}
#   - {precision: '11'}
# - name: DE_ICRS_1
#   unit: deg
#   datatype: float64
#   format: '{:15.11f}'
#   description: Declination (ICRS) at Ep=2016.0 (dec)
#   meta: !!omap
#   - {ucd: POS_EQ_DEC_MAIN}
#   - {width: 15}
#   - {precision: '11'}
# - name: e_RA_ICRS
#   unit: mas
#   datatype: float64
#   format: '{:7.4f}'
#   description: Standard error of right ascension (ra_error)
#   meta: !!omap
#   - {ucd: ERROR}
#   - {width: 7}
#   - {precision: '4'}
# - name: e_DE_ICRS
#   unit: mas
#   datatype: float64
#   format: '{:7.4f}'
#   description: Standard error of declination (dec_error)
#   meta: !!omap
#   - {ucd: ERROR}
#   - {width: 7}
#   - {precision: '4'}
# - name: _r_1
#   unit: ''
#   datatype: float64
#   format: '{:7.4f}'
#   description: Distance from center (250.29671121000-48.79269565000)[ICRS], at Epoch=J2016.0
#   meta: !!omap
#   - {ucd: POS_ANG_DIST_GENERAL}
#   - {width: 7}
#   - {precision: '4'}
# - name: HIP
#   datatype: int32
#   description: '? HIP cross-id number, van Leeuwen, Cat. I/311 (hip_original_ext_source_id)'
#   meta: !!omap
#   - {ucd: ID_NUMBER}
#   - {width: 6}
#   - values: {'null': -2147483648}
# - name: TYC2
#   datatype: string
#   description: Tycho-2 cross-id name, Hog et al., Cat. I/259 (tyc2_original_ext_source_id)
#   meta: !!omap
#   - {ucd: ID_CROSSID}
#   - {_votable_string_dtype: char}
# - name: Source
#   datatype: int64
#   description: Source identifier, identical to the Gaia-EDR3 source_id (id)
#   meta: !!omap
#   - {ucd: ID_MAIN}
#   - {width: 19}
# - name: rgeo
#   unit: pc
#   datatype: float64
#   format: '{:15.8f}'
#   description: '? Median of the geometric distance posterior (r_med_geo)'
#   meta: !!omap
#   - {ucd: PHYS_DISTANCE_TRUE}
#   - {width: 15}
#   - {precision: '8'}
#   - values: {'null': .nan}
# - name: Plx
#   unit: mas
#   datatype: float64
#   format: '{:9.4f}'
#   description: '? Parallax (parallax)'
#   meta: !!omap
#   - {ucd: POS_PARLX_TRIG}
#   - {width: 9}
#   - {precision: '4'}
#   - values: {'null': .nan}
# - name: e_Plx
#   unit: mas
#   datatype: float32
#   format: '{:7.4f}'
#   description: '? Standard error of parallax (parallax_error)'
#   meta: !!omap
#   - {ucd: ERROR}
#   - {width: 7}
#   - {precision: '4'}
#   - values: {'null': .nan}
# - name: pmRA
#   unit: mas / yr
#   datatype: float64
#   format: '{:9.3f}'
#   description: '? Proper motion in right ascension direction, pmRA*cosDE (pmra)'
#   meta: !!omap
#   - {ucd: POS_EQ_PMRA}
#   - {width: 9}
#   - {precision: '3'}
#   - values: {'null': .nan}
# - name: pmDE
#   unit: mas / yr
#   datatype: float64
#   format: '{:9.3f}'
#   description: '? Proper motion in declination direction (pmdec)'
#   meta: !!omap
#   - {ucd: POS_EQ_PMDEC}
#   - {width: 9}
#   - {precision: '3'}
#   - values: {'null': .nan}
# - name: e_pmRA
#   unit: mas / yr
#   datatype: float32
#   format: '{:6.3f}'
#   description: '? Standard error of proper motion in right ascension direction (pmra_error)'
#   meta: !!omap
#   - {ucd: ERROR}
#   - {width: 6}
#   - {precision: '3'}
#   - values: {'null': .nan}
# - name: e_pmDE
[...]
#         unit: &id001 !astropy.units.Unit {unit: deg}
#         value: !astropy.table.SerializedColumn {name: SkyCoord.dec}
#       distance: !astropy.table.SerializedColumn
#         __class__: astropy.coordinates.distances.Distance
#         unit: !astropy.units.Unit {unit: pc}
#         value: !astropy.table.SerializedColumn {name: SkyCoord.distance}
#       frame: icrs
#       obstime: !astropy.time.Time {format: jyear_str, in_subfmt: '*', jd1: 367701545.0, jd2: 0.0, out_subfmt: '*', precision: 3, scale: tt}
#       pm_dec: !astropy.table.SerializedColumn
#         __class__: astropy.units.quantity.Quantity
#         unit: !astropy.units.Unit {unit: mas / yr}
#         value: !astropy.table.SerializedColumn {name: SkyCoord.pm_dec}
#       pm_ra_cosdec: !astropy.table.SerializedColumn
#         __class__: astropy.units.quantity.Quantity
#         unit: !astropy.units.Unit {unit: mas / yr}
#         value: !astropy.table.SerializedColumn {name: SkyCoord.pm_ra_cosdec}
#       ra: !astropy.table.SerializedColumn
#         __class__: astropy.coordinates.angles.Longitude
#         unit: *id001
#         value: !astropy.table.SerializedColumn {name: SkyCoord.ra}
#         wrap_angle: !astropy.coordinates.Angle
#           unit: *id001
#           value: 360.0
#       representation_type: spherical
# schema: astropy-2.0
RA_ICRS_1 DE_ICRS_1 e_RA_ICRS e_DE_ICRS _r_1 HIP TYC2 Source rgeo Plx e_Plx pmRA pmDE e_pmRA e_pmDE RUWE Teff logg Gmag BP-RP BPmag RPmag RV e_RV b_rgeo B_rgeo FG e_FG FBP e_FBP FRP e_FRP RAVE5 RAVE6 e_Gmag e_BPmag e_RPmag e_BP-RP SkyCoord.ra SkyCoord.dec SkyCoord.distance SkyCoord.pm_ra_cosdec SkyCoord.pm_dec Pmemb
[from data line 119]
250.23518694573 -48.86699564681 0.0434 0.0266 5.0773 "" "" 5940859103866545280 1015.38922 0.9589 0.0476 1.209 -4.253 0.056 0.038 1.371 5312.2 3.6094 15.642117 1.854444 16.516878 14.662435 "" "" 960.603516 1063.6897 10425.5662 13.112 3378.0 15.257 10819.0 37.402 "" "" 0.0030751253476004577 0.0056420225 0.0053265565 0.010968579 250.23518694573 -48.86699564681 1015.38922 1.2089999999999994 -4.252999999999998 1.0
250.12224818315 -48.87946929604 0.044 0.0265 8.6359 "" "" 5940861749566455808 1174.41162 0.8199 0.0469 1.138 -4.14 0.059 0.039 1.264 6787.5 3.8605 15.738671 2.283744 16.927317 14.643573 "" "" 1113.76477 1251.08167 9538.46309 10.547 2314.7 12.202 11009.0 41.314 "" "" 0.0030055072615119624 0.006367365 0.0055574477 0.011924813 250.12224818315 -48.87946929604 1174.41162 1.1379999999999995 -4.14 1.0
250.31184855491 -48.7855688031 0.0363 0.0221 0.7355 "" "" 5940953386985985920 1116.80457 0.8615 0.0421 1.478 -3.956 0.045 0.031 1.013 "" "" 15.740946 2.037394 16.751244 14.713849 "" "" 1069.0575 1171.45483 9518.49949 21.503 2722.2 35.382 10319.0 76.6 "" "" 0.0036888772840029498 0.014385126 0.008901767 0.023286894 250.31184855491 -48.7855688031 1116.80457 1.4779999999999993 -3.9559999999999995 1.0
250.06431717541 -48.91772958193 0.0355 0.0211 11.8512 "" "" 5940860134658743040 1145.64233 0.8451 0.0391 1.057 -4.324 0.047 0.031 1.016 "" "" 15.74893 1.838445 16.63956 14.801116 "" "" 1097.30518 1201.36353 9448.76187 5.9613 3017.1 10.108 9521.6 19.116 "" "" 0.0028391924823291223 0.0045843497 0.0043629277 0.008947277 250.06431717541 -48.91772958193 1145.64233 1.0569999999999995 -4.324 1.0
250.25775803662 -49.01762142382 0.0303 0.02 13.5827 "" "" 5940855702252316416 1176.03979 0.8109 0.0376 0.787 -4.176 0.043 0.028 1.038 "" "" 15.77918 2.193355 16.914568 14.721213 "" "" 1129.58069 1228.28052 9189.13981 7.6824 2342.0 9.8316 10249.0 23.191 "" "" 0.0029009867289146035 0.0053440803 0.004507703 0.0098517835 250.25775803662 -49.01762142382 1176.03979 0.7870000000000001 -4.176 1.0
250.62691035842 -48.6851312034 0.0389 0.0232 14.5728 "" "" 5937958832712823680 1116.27563 0.8634 0.0477 1.802 -3.76 0.046 0.032 0.92 6928.6 3.9729 15.78906 2.197217 16.904106 14.706889 "" "" 1057.84619 1170.0304 9105.9022 12.372 2364.7 14.969 10385.0 42.34 "" "" 0.0031253651835472965 0.007417683 0.0058205132 0.013238196 250.62691035842 -48.6851312034 1116.27563 1.8020000000000003 -3.76 0.9
250.30614640668 -48.83921976589 0.035 0.0211 2.8162 "" "" 5940952115675621632 1196.64441 0.7965 0.0395 0.984 -4.341 0.045 0.03 0.938 4927.4 4.2048 15.796109 1.571959 16.52441 14.952452 "" "" 1141.14282 1255.25391 9046.96854 11.012 3354.7 17.668 8282.8 40.755 "" "" 0.0030558655836650577 0.006362598 0.006543995 0.012906592 250.30614640668 -48.83921976589 1196.64441 0.984 -4.340999999999999 0.9
250.41753041533 -48.70152242213 0.0369 0.0243 7.2645 "" "" 5940960465092814080 1189.79443 0.8134 0.0447 1.52 -3.869 0.049 0.032 0.994 5274.7 3.734 15.827872 1.913588 16.762537 14.848949 "" "" 1139.61865 1249.1106 8786.13413 15.652 2694.0 23.901 9111.3 46.523 "" "" 0.0033664271422724854 0.010028544 0.0067095477 0.01673809 250.41753041533 -48.70152242213 1189.79443 1.5200000000000002 -3.8689999999999993 1.0
250.30827745802 -48.76469131784 0.0382 0.0227 1.7414 "" "" 5940953490065227520 1207.66919 0.7979 0.0429 1.252 -3.942 0.051 0.034 0.965 6464.0 4.0354 15.833313 2.061212 16.869272 14.80806 "" "" 1153.18823 1255.0896 8742.21971 31.089 2441.8 29.812 9460.9 84.233 "" "" 0.00474339175437951 0.013546245 0.010379164 0.023925409 250.30827745802 -48.76469131784 1207.66919 1.2519999999999998 -3.942000000000002 1.0
250.40726457566 -48.72189477532 0.0461 0.0255 6.0966 "" "" 5940954555217106176 1064.63684 0.9023 0.0495 1.411 -3.95 0.052 0.036 1.012 4953.5 4.1456 15.84383 1.884966 16.795923 14.910957 "" "" 1004.12463 1120.07703 8657.94192 57.154 2612.4 79.271 8605.5 182.15 "" "" 0.00767868091258392 0.03306366 0.02329014 0.0563538 250.40726457566 -48.72189477532 1064.63684 1.411 -3.949999999999999 1.0
249.71010045558 -48.85348905163 0.034 0.0209 23.4582 "" "" 5940870648739193472 1126.76294 0.8436 0.0411 0.891 -3.984 0.048 0.031 0.978 "" "" 15.862024 2.349946 17.087688 14.737742 "" "" 1081.37256 1176.81592 8514.06744 5.6077 1996.8 7.423 10094.0 19.338 "" "" 0.0028466066879365396 0.004906699 0.004313967 0.009220666 249.71010045558 -48.85348905163 1126.76294 0.8910000000000001 -3.984 0.9
250.34927878519 -48.75575413896 0.0477 0.0252 3.0387 "" "" 5940954280339705344 1140.99658 0.8431 0.051 1.329 -3.894 0.053 0.039 0.994 "" "" 15.869478 2.065854 16.903786 14.837932 "" "" 1091.70801 1205.61743 8455.8128 29.647 2365.4 46.446 9204.2 111.57 "" "" 0.004699236522364142 0.021500869 0.013692812 0.03519368 250.34927878519 -48.75575413896 1140.99658 1.329 -3.894000000000002 1.0
250.36937613478 -48.8437251441 0.0414 0.0244 4.1971 "" "" 5940952253114555264 1080.49524 0.8942 0.0475 1.341 -4.141 0.05 0.034 1.027 5125.3 4.1368 15.872936 2.077036 16.920238 14.843203 "" "" 1022.33575 1133.88794 8428.92552 73.562 2329.8 78.925 9159.6 219.95 "" "" 0.009868045334099105 0.0368864 0.026344351 0.06323075 250.36937613478 -48.8437251441 1080.49524 1.341 -4.141 1.0
250.43503805189 -48.86495235955 0.0361 0.0232 6.9748 "" "" 5937949796101819776 1131.16101 0.836 0.0465 1.209 -4.179 0.049 0.033 1.044 "" "" 15.874062 2.291187 17.08118 14.789993 "" "" 1066.98462 1188.99829 8420.19676 14.639 2008.8 21.558 9619.7 53.02 "" "" 0.0033398923102673974 0.011981294 0.0070776963 0.01905899 250.43503805189 -48.86495235955 1131.16101 1.2090000000000003 -4.179000000000001 1.0
250.40514695065 -48.80219541752 0.0453 0.0266 4.3235 "" "" 5940953833662531328 1134.74036 0.8356 0.0498 1.424 -3.883 0.052 0.038 1.096 "" "" 15.87466 2.044174 16.914087 14.869913 "" "" 1084.98901 1192.95923 8415.55944 5.1758 2343.1 11.537 8937.0 15.603 "" "" 0.002835081922652698 0.006030292 0.0042281114 0.010258403 250.40514695065 -48.80219541752 1134.74036 1.4239999999999995 -3.883 1.0
250.3979537431 -48.73550762344 0.0459 0.0266 5.2732 "" "" 5940954658296312192 1044.07446 0.9026 0.0493 1.436 -3.895 0.054 0.037 1.053 5104.7 3.7756 15.879001 1.992067 16.873884 14.881817 "" "" 1003.91028 1095.5321 8381.97568 15.871 2431.4 24.668 8839.6 48.006 "" "" 0.0034377505403834154 0.011363316 0.0070036636 0.01836698 250.3979537431 -48.73550762344 1044.07446 1.436 -3.8949999999999996 1.0
250.11275252368 -48.87264985999 0.0384 0.023 8.7064 "" "" 5940861745237121280 1192.78687 0.8007 0.0407 1.171 -3.961 0.05 0.034 0.971 6734.9 4.0329 15.898081 1.781832 16.750734 14.968903 "" "" 1133.45984 1257.17566 8235.96542 7.7539 2723.5 12.66 8158.3 28.482 "" "" 0.002938818455736093 0.0057668835 0.0053527122 0.011119596 250.11275252368 -48.87264985999 1192.78687 1.171 -3.9610000000000003 1.0
250.31175000084 -48.79877238998 0.0412 0.0251 0.6973 "" "" 5940953283906754944 1135.61731 0.8407 0.0489 1.318 -4.249 0.058 0.037 1.095 4911.8 4.2025 15.905812 1.814894 16.744656 14.929762 "" "" 1075.29858 1201.96472 8177.52253 23.55 2738.8 30.015 8457.7 74.367 "" "" 0.004167537444675844 0.012221537 0.010267559 0.022489097 250.31175000084 -48.79877238998 1135.61731 1.318 -4.248999999999999 1.0
250.4735606089 -48.77150980237 0.0473 0.0275 7.1064 "" "" 5937951995124883584 1181.62183 0.819 0.0562 1.818 -4.022 0.052 0.038 1.049 "" "" 15.919332 2.153335 17.016655 14.86332 "" "" 1106.04932 1268.95068 8076.33061 25.784 2131.8 27.02 8991.5 77.046 "" "" 0.004427946822107878 0.014041427 0.010041772 0.024083199 250.4735606089 -48.77150980237 1181.62183 1.8179999999999996 -4.022 0.8
250.47704913386 -48.87965534468 0.0374 0.0241 8.8287 "" "" 5937949555583376128 1129.73865 0.8429 0.0461 1.589 -4.235 0.05 0.034 1.031 6756.5 4.199 15.923877 1.883925 16.846048 14.962124 "" "" 1065.59729 1205.30713 8042.59426 13.744 2494.6 19.529 8209.3 38.03 "" "" 0.0033218004366953294 0.008945941 0.006291414 0.015237356 250.47704913386 -48.87965534468 1129.73865 1.5889999999999995 -4.235 1.0
250.37951092751 -48.68814033608 0.0386 0.0245 7.0773 "" "" 5940954864454819200 1117.44714 0.8633 0.0434 1.236 -3.822 0.051 0.034 1.027 5533.7 4.1293 15.942743 2.107886 16.981386 14.8735 "" "" 1062.07886 1177.18445 7904.04208 70.464 2202.2 71.814 8907.6 233.6 "" "" 0.010063793580409795 0.035515755 0.028722944 0.0642387 250.37951092751 -48.68814033608 1117.44714 1.2359999999999993 -3.822000000000001 1.0
250.41067558009 -48.64801887243 0.0352 0.0229 9.7828 "" "" 5940960911769434880 924.803345 1.0468 0.0443 0.529 -3.749 0.048 0.032 1.016 4861.8 4.2565 15.943421 1.585655 16.680483 15.094828 "" "" 895.36615 959.956543 7899.11274 7.7601 2905.5 12.767 7264.9 20.718 "" "" 0.0029545704084352723 0.0055268155 0.0048857727 0.010412589 250.41067558009 -48.64801887243 924.803345 0.5290000000000005 -3.749 0.8
250.3706848366 -48.69069541112 0.0379 0.0245 6.7839 "" "" 5940954864454821504 1120.3584 0.8542 0.0465 1.42 -3.983 0.053 0.034 1.06 4910.1 4.2013 15.965041 1.841005 16.860174 15.019169 "" "" 1058.27112 1194.52954 7743.37488 9.0304 2462.3 18.376 7789.2 26.78 "" "" 0.003032332820153028 0.008569724 0.005312061 0.013881785 250.3706848366 -48.69069541112 1120.3584 1.4199999999999995 -3.9830000000000005 1.0
250.41405221538 -48.79945556852 0.0496 0.0292 4.6555 "" "" 5940953833662529920 1073.97058 0.8987 0.0565 1.601 -3.811 0.058 0.04 1.096 "" "" 15.980353 2.191727 17.106398 14.914671 "" "" 1008.48517 1148.82605 7634.93864 14.9 1962.7 18.767 8576.1 47.19 "" "" 0.003475832902532171 0.01075003 0.00706934 0.017819371 250.41405221538 -48.79945556852 1073.97058 1.601 -3.8109999999999995 0.9
250.09036660688 -48.71832710597 0.0377 0.0234 9.3023 "" "" 5940957510154852224 1075.11035 0.886 0.0441 0.747 -4.396 0.052 0.033 1.03 "" "" 15.987016 2.458957 17.291248 14.832292 "" "" 1026.12427 1121.44299 7588.22781 12.418 1655.5 14.898 9252.1 36.144 "" "" 0.003278530894349159 0.010161224 0.005681031 0.015842255 250.09036660688 -48.71832710597 1075.11035 0.7470000000000002 -4.396000000000001 0.8
249.91099572882 -48.9151546754 0.0358 0.0219 16.9076 "" "" 5940866594289852288 1064.62036 0.9153 0.0419 1.386 -4.096 0.047 0.032 1.048 8089.9 4.1722 16.000072 1.898761 16.927925 15.029164 "" "" 1014.23541 1109.36475 7497.52064 9.5722 2313.4 12.457 7717.8 28.456 "" "" 0.003084359472502223 0.006478056 0.0055053737 0.01198343 249.91099572882 -48.9151546754 1064.62036 1.3859999999999997 -4.095999999999998 0.9
250.24777045713 -48.66929269168 0.0352 0.0231 7.6533 "" "" 5940958437867744896 1125.61633 0.8618 0.0443 1.204 -4.315 0.048 0.033 1.011 "" "" 16.017817 1.814049 16.888647 15.074598 "" "" 1069.50073 1177.0752 7375.98187 9.7878 2398.6 19.313 7401.5 30.99 "" "" 0.0031092698111736534 0.009176575 0.0059118127 0.015088387 250.24777045713 -48.66929269168 1125.61633 1.2039999999999997 -4.315 0.9
250.31935813421 -48.71972623512 0.0389 0.0246 4.4689 "" "" 5940955139332725248 1150.53442 0.8357 0.048 0.802 -3.94 0.054 0.036 0.981 6392.0 4.0528 16.020702 2.014545 17.03395 15.019405 "" "" 1070.91455 1214.47266 7356.4088 4.9564 2098.1 8.2485 7787.5 17.823 "" "" 0.0028507731203934843 0.005099505 0.0045230966 0.009622602 250.31935813421 -48.71972623512 1150.53442 0.8019999999999998 -3.9399999999999995 1.0
250.35183287027 -48.6382056803 0.038 0.0243 9.5228 "" "" 5940961598964228224 1084.67139 0.895 0.0476 1.324 -3.72 0.051 0.034 1.061 7094.6 4.142 16.023735 2.14828 17.132807 14.984527 "" "" 1031.72095 1135.12341 7335.88766 7.0405 1915.6 8.39 8041.7 26.035 "" "" 0.0029457750225195724 0.0055134646 0.0051613413 0.010674806 250.35183287027 -48.6382056803 1084.67139 1.3240000000000007 -3.7200000000000006 1.0
250.18333844736 -48.70464614065 0.0362 0.0228 6.9302 "" "" 5940956960398991360 1165.14844 0.829 0.0447 1.184 -3.965 0.049 0.033 0.976 6394.3 3.6992 16.07835 1.975675 17.059755 15.084081 "" "" 1101.10754 1236.49121 6976.00638 6.8648 2048.9 10.358 7337.1 19.706 "" "" 0.002955220481083357 0.006157293 0.0047735944 0.010930887 250.18333844736 -48.70464614065 1165.14844 1.1839999999999995 -3.965 1.0
250.32246157326 -48.74387828112 0.0433 0.0284 3.101 "" "" 5940954933174252800 1074.76245 0.9072 0.0589 1.274 -3.944 0.073 0.046 1.05 5488.9 3.9284 16.101223 1.994994 17.07766 15.082665 "" "" 1011.91553 1155.47937 6830.58446 34.431 2015.4 46.921 7346.7 102.02 "" "" 0.006127334082148586 0.025430806 0.015543556 0.040974364 250.32246157326 -48.74387828112 1074.76245 1.274 -3.944 1.0
250.03863658939 -48.98191433118 0.0438 0.0257 15.2499 "" "" 5940853709387199360 1256.04907 0.7783 0.0475 0.908 -4.377 0.054 0.037 0.995 5658.2 4.0521 16.10689 2.341186 17.300377 14.959191 "" "" 1194.73035 1323.26379 6795.02171 70.504 1641.6 61.984 8231.6 238.07 "" "" 0.011597471915397508 0.041090377 0.03162771 0.072718084 250.03863658939 -48.98191433118 1256.04907 0.9080000000000004 -4.377 0.9
250.34694484198 -48.74708617774 0.0791 0.0375 3.3816 "" "" 5940954280339206784 1285.83081 0.7878 0.0735 1.215 -4.003 0.09 0.054 1.143 4789.3 4.189 16.10915 1.970859 17.043142 15.072284 "" "" 1157.91956 1409.84766 6780.88541 23.93 2080.5 65.533 7417.3 156.82 "" "" 0.004719425534875517 0.03431288 0.023264183 0.057577066 250.34694484198 -48.74708617774 1285.83081 1.2150000000000003 -4.003000000000001 1.0
250.41875709654 -48.82900621911 0.045 0.0267 5.2917 "" "" 5937951376649567104 1181.19934 0.8057 0.0543 1.513 -3.934 0.053 0.038 0.977 5379.2 3.6175 16.145046 2.335408 17.37585 15.040442 "" "" 1118.57166 1261.02417 6560.37013 6.5436 1531.4 12.592 7638.0 22.375 "" "" 0.002960505594969083 0.009353368 0.0049396236 0.014292991 250.41875709654 -48.82900621911 1181.19934 1.5129999999999992 -3.933999999999999 0.9
250.387035057 -48.79492170359 0.0519 0.0285 3.5727 "" "" 5940953902382438144 1064.98584 0.9197 0.0553 1.357 -4.182 0.058 0.04 0.964 "" "" 16.1454 2.126725 17.227676 15.100951 "" "" 1005.16791 1133.56616 6558.23894 20.506 1755.3 36.922 7224.0 73.787 "" "" 0.004372260353536662 0.023007816 0.011716182 0.034723997 250.387035057 -48.79492170359 1064.98584 1.3570000000000002 -4.182 1.0
250.20964326824 -48.65490657212 0.0429 0.0283 8.9569 "" "" 5940958644026221440 1140.51306 0.8524 0.0508 1.676 -4.225 0.058 0.04 0.963 5023.2 4.2543 16.160553 1.745155 16.937807 15.192652 "" "" 1082.96509 1204.7041 6467.3434 8.088 2292.4 26.607 6638.9 60.001 "" "" 0.003071716428443538 0.012906913 0.010515322 0.023422234 250.20964326824 -48.65490657212 1140.51306 1.6760000000000006 -4.225 0.9
250.59541219993 -48.83695594788 0.046 0.0285 12.0967 "" "" 5937950620735252224 1175.83154 0.8215 0.0564 1.514 -4.302 0.063 0.039 1.034 8155.6 3.8655 16.19442 2.761207 17.734869 14.973662 "" "" 1108.64758 1262.74475 6268.72217 6.1053 1100.2 6.4944 8122.6 26.348 "" "" 0.0029512626194267543 0.006990036 0.005165994 0.01215603 250.59541219993 -48.83695594788 1175.83154 1.5139999999999993 -4.301999999999998 0.8
250.16693241602 -48.76135025618 0.0434 0.0282 5.4652 "" "" 5940956410643106176 1227.578 0.7839 0.0534 1.424 -3.725 0.06 0.041 1.071 5077.7 3.7538 16.198906 2.209304 17.265783 15.056479 "" "" 1157.56274 1320.47681 6242.86751 5.7395 1694.7 16.218 7526.0 63.795 "" "" 0.002930559227938174 0.010758426 0.009949154 0.020707581 250.16693241602 -48.76135025618 1227.578 1.423999999999999 -3.7249999999999996 1.0
250.20606652683 -48.80808887363 0.046 0.028 3.6995 "" "" 5940956032685876608 1158.95386 0.8521 0.0504 1.234 -4.085 0.06 0.041 0.94 "" "" 16.201168 2.160051 17.291784 15.131733 "" "" 1086.87573 1237.83826 6229.87906 28.478 1654.6 30.695 7022.1 96.51 "" "" 0.005676643655347663 0.020334167 0.01539326 0.035727426 250.20606652683 -48.80808887363 1158.95386 1.234 -4.085 1.0
