Clusters/NGC_6193/NGC_6193_stars_in_region.tsv
# %ECSV 1.0
# ---
# datatype:
# - name: RA_ICRS_1
#   unit: deg
#   datatype: float64
#   format: '{:15.11f}'
#   description: Right ascension (ICRS) at Ep=2016.0 (ra)
#   meta: !!omap
#   - {ucd: POS_EQ_RA_MAIN}
#   - {width: 15}
#   - {precision: '11'}
# - name: DE_ICRS_1
#   unit: deg
#   datatype: float64
#   format: '{:15.11f}'
#   description: Declination (ICRS) at Ep=2016.0 (dec)
#   meta: !!omap
#   - {ucd: POS_EQ_DEC_MAIN}
#   - {width: 15}
#   - {precision: '11'}
# - name: e_RA_ICRS
#   unit: mas
#   datatype: float64
#   format: '{:7.4f}'
#   description: Standard error of right ascension (ra_error)
#   meta: !!omap
#   - {ucd: ERROR}
#   - {width: 7}
#   - {precision: '4'}
# - name: e_DE_ICRS
#   unit: mas
#   datatype: float64
#   format: '{:7.4f}'
#   description: Standard error of declination (dec_error)
#   meta: !!omap
#   - {ucd: ERROR}
#   - {width: 7}
#   - {precision: '4'}
# - name: _r_1
#   unit: ''
#   datatype: float64
#   format: '{:7.4f}'
#   description: Distance from center (250.29671121000-48.79269565000)[ICRS], at Epoch=J2016.0
#   meta: !!omap
#   - {ucd: POS_ANG_DIST_GENERAL}
#   - {width: 7}
#   - {precision: '4'}
# - name: HIP
#   datatype: int32
#   description: '? HIP cross-id number, van Leeuwen, Cat. I/311 (hip_original_ext_source_id)'
#   meta: !!omap
#   - {ucd: ID_NUMBER}
#   - {width: 6}
#   - values: {'null': -2147483648}
# - name: TYC2
#   datatype: string
#   description: Tycho-2 cross-id name, Hog et al., Cat. I/259 (tyc2_original_ext_source_id)
#   meta: !!omap
#   - {ucd: ID_CROSSID}
#   - {_votable_string_dtype: char}
# - name: Source
#   datatype: int64
#   description: Source identifier, identical to the Gaia-EDR3 source_id (id)
#   meta: !!omap
#   - {ucd: ID_MAIN}
#   - {width: 19}
# - name: rgeo
#   unit: pc
#   datatype: float64
#   format: '{:15.8f}'
#   description: '? Median of the geometric distance posterior (r_med_geo)'
#   meta: !!omap
#   - {ucd: PHYS_DISTANCE_TRUE}
#   - {width: 15}
#   - {precision: '8'}
#   - values: {'null': .nan}
# - name: Plx
#   unit: mas
#   datatype: float64
#   format: '{:9.4f}'
#   description: '? Parallax (parallax)'
#   meta: !!omap
#   - {ucd: POS_PARLX_TRIG}
#   - {width: 9}
#   - {precision: '4'}
#   - values: {'null': .nan}
# - name: e_Plx
#   unit: mas
#   datatype: float32
#   format: '{:7.4f}'
#   description: '? Standard error of parallax (parallax_error)'
#   meta: !!omap
#   - {ucd: ERROR}
#   - {width: 7}
#   - {precision: '4'}
#   - values: {'null': .nan}
# - name: pmRA
#   unit: mas / yr
#   datatype: float64
#   format: '{:9.3f}'
#   description: '? Proper motion in right ascension direction, pmRA*cosDE (pmra)'
#   meta: !!omap
#   - {ucd: POS_EQ_PMRA}
#   - {width: 9}
#   - {precision: '3'}
#   - values: {'null': .nan}
# - name: pmDE
#   unit: mas / yr
#   datatype: float64
#   format: '{:9.3f}'
#   description: '? Proper motion in declination direction (pmdec)'
#   meta: !!omap
#   - {ucd: POS_EQ_PMDEC}
#   - {width: 9}
#   - {precision: '3'}
#   - values: {'null': .nan}
# - name: e_pmRA
#   unit: mas / yr
#   datatype: float32
#   format: '{:6.3f}'
#   description: '? Standard error of proper motion in right ascension direction (pmra_error)'
#   meta: !!omap
#   - {ucd: ERROR}
#   - {width: 6}
#   - {precision: '3'}
#   - values: {'null': .nan}
# - name: e_pmDE
[...]
#         value: !astropy.table.SerializedColumn {name: SkyCoord.dec}
#       distance: !astropy.table.SerializedColumn
#         __class__: astropy.coordinates.distances.Distance
#         unit: !astropy.units.Unit {unit: pc}
#         value: !astropy.table.SerializedColumn {name: SkyCoord.distance}
#       frame: icrs
#       obstime: !astropy.time.Time {format: jyear_str, in_subfmt: '*', jd1: 367701545.0, jd2: 0.0, out_subfmt: '*', precision: 3, scale: tt}
#       pm_dec: !astropy.table.SerializedColumn
#         __class__: astropy.units.quantity.Quantity
#         unit: !astropy.units.Unit {unit: mas / yr}
#         value: !astropy.table.SerializedColumn {name: SkyCoord.pm_dec}
#       pm_ra_cosdec: !astropy.table.SerializedColumn
#         __class__: astropy.units.quantity.Quantity
#         unit: !astropy.units.Unit {unit: mas / yr}
#         value: !astropy.table.SerializedColumn {name: SkyCoord.pm_ra_cosdec}
#       ra: !astropy.table.SerializedColumn
#         __class__: astropy.coordinates.angles.Longitude
#         unit: *id001
#         value: !astropy.table.SerializedColumn {name: SkyCoord.ra}
#         wrap_angle: !astropy.coordinates.Angle
#           unit: *id001
#           value: 360.0
#       representation_type: spherical
# schema: astropy-2.0
RA_ICRS_1 DE_ICRS_1 e_RA_ICRS e_DE_ICRS _r_1 HIP TYC2 Source rgeo Plx e_Plx pmRA pmDE e_pmRA e_pmDE RUWE Teff logg Gmag BP-RP BPmag RPmag RV e_RV b_rgeo B_rgeo FG e_FG FBP e_FBP FRP e_FRP RAVE5 RAVE6 e_Gmag e_BPmag e_RPmag e_BP-RP SkyCoord.ra SkyCoord.dec SkyCoord.distance SkyCoord.pm_ra_cosdec SkyCoord.pm_dec rmRA rmDE e_rmRA e_rmDE rRV e_rRV v_pec v_pec3d e_vpec e_vpec3d
[from data line 1807]
250.68760989996 -48.9017301241 0.0387 0.0252 16.7635 "" "" 5937946566286029824 896.13092 1.0797 0.0468 -7.597 -4.913 0.05 0.033 0.951 4928.4 4.5175 15.979062 1.25145 16.531221 15.279772 "" "" 858.666199 933.045837 7644.02207 2.6472 3333.7 7.4077 6127.0 7.0907 "" "" 0.0027808571048541634 0.0036885736 0.0039827805 0.0076713543 250.68760989996 -48.9017301241 896.13092 -7.597 -4.913 -8.833486792564393 -0.852539432525635 0.38712868 0.37012866 "" "" 37.69599817898564 "" 14.587416737374177 ""
249.36386588687 -48.84784667739 0.0344 0.022 37.0005 "" "" 5940897208820762624 887.278625 1.1031 0.0448 1.774 -5.963 0.05 0.034 1.014 4883.7 4.4921 15.979357 1.350055 16.574148 15.224093 "" "" 852.414001 922.152954 7641.95006 2.6999 3204.5 8.2773 6449.4 23.099 "" "" 0.0027818934227740676 0.0039560297 0.0054226634 0.009378693 249.36386588687 -48.84784667739 887.278625 1.774000000000001 -5.9629999999999965 0.5375132074356079 -1.9025394325256348 0.38712868 0.37112868 "" "" 8.314721028656948 "" 3.0958610417113492 ""
250.01825980036 -48.18415551946 0.0323 0.0206 38.1544 "" "" 5941009084125606400 1169.85339 0.8132 0.042 -8.773 -12.689 0.044 0.029 0.999 8054.5 4.1088 15.979739 1.546164 16.694931 15.148767 "" "" 1109.26929 1233.75049 7639.25392 2.6667 2867.1 7.1489 6912.8 10.998 "" "" 0.0027812651609605823 0.0038876715 0.00415542 0.008043092 250.01825980036 -48.18415551946 1169.85339 -8.773 -12.689 -10.009486792564392 -8.628539432525635 0.38112867 0.36612868 "" "" 73.27967408638078 "" 27.465765414756085 ""
250.41405221538 -48.79945556852 0.0496 0.0292 4.6555 "" "" 5940953833662529920 1073.97058 0.8987 0.0565 1.601 -3.811 0.058 0.04 1.096 "" "" 15.980353 2.191727 17.106398 14.914671 "" "" 1008.48517 1148.82605 7634.93864 14.9 1962.7 18.767 8576.1 47.19 "" "" 0.003475832902532171 0.01075003 0.00706934 0.017819371 250.41405221538 -48.79945556852 1073.97058 1.601 -3.8109999999999995 0.3645132074356079 0.2494605674743653 0.39512867 0.37712866 "" "" 2.248536104090079 "" 0.8757545048194 ""
251.20719636548 -48.95715180002 0.0379 0.0279 37.2599 "" "" 5937890422478778240 1018.32861 0.9547 0.0473 -0.329 -1.418 0.047 0.037 1.075 5471.1 4.5683 15.98087 1.518296 16.672749 15.154452 "" "" 973.890625 1064.76819 7631.30092 3.0805 2926.3 6.3182 6876.7 10.751 "" "" 0.0027899596031680973 0.003644232 0.004143068 0.0077873003 251.20719636548 -48.95715180002 1018.32861 -0.329 -1.418 -1.565486792564392 2.642460567474365 0.38412866 0.37412867 "" "" 14.825153076377658 "" 5.585408328542726 ""
250.24626124743 -49.08538358942 0.0323 0.0214 17.6735 "" "" 5940854946338062592 874.813721 1.1108 0.0411 -5.104 -14.332 0.044 0.03 0.982 4449.9 4.2769 15.981279 1.482642 16.662544 15.179902 "" "" 847.332703 901.764038 7628.42408 2.5209 2953.9 9.1159 6717.3 13.739 "" "" 0.0027785828188446556 0.004360258 0.0043835053 0.008743763 250.24626124743 -49.08538358942 874.813721 -5.1039999999999965 -14.332 -6.340486792564392 -10.271539432525636 0.38112867 0.36712867 "" "" 50.053342620274556 "" 18.57200123719333 ""
250.8048158324 -48.5380579029 0.0439 0.0271 25.2751 "" "" 5937982025538451456 1243.28918 0.7885 0.0508 -5.051 -7.032 0.058 0.038 1.224 7458.7 4.0046 15.983674 1.710284 16.786373 15.076089 "" "" 1165.26965 1326.96948 7611.61819 3.9831 2635.5 6.4541 7391.3 9.3581 "" "" 0.00281328846273539 0.003854171 0.0040216143 0.007875785 250.8048158324 -48.5380579029 1243.28918 -5.051 -7.031999999999998 -6.287486792564392 -2.971539432525635 0.39512867 0.37512866 "" "" 40.98312137318366 "" 16.047076376587157 ""
249.75692147104 -48.61933142904 0.0371 0.0234 23.7699 "" "" 5940880372545527168 1110.31616 0.8753 0.0444 -4.702 -10.968 0.048 0.033 1.113 5506.4 4.5861 15.983765 1.309979 16.549734 15.239755 "" "" 1059.82739 1170.41968 7610.98693 3.0963 3277.4 7.572 6357.1 8.0302 "" "" 0.002790499477885955 0.0037519822 0.004020535 0.0077725174 249.75692147104 -48.61933142904 1110.31616 -4.702 -10.968 -5.938486792564392 -6.907539432525635 0.38512868 0.37012866 "" "" 47.94143194802856 "" 18.053618723554127 ""
250.10944208662 -49.22729495679 0.0336 0.022 27.0975 "" "" 5940847284116179968 1247.68604 0.7789 0.0426 -10.875 -8.207 0.047 0.031 1.065 5637.0 3.8376 15.984237 1.561292 16.70599 15.144698 "" "" 1185.73486 1315.42334 7607.67887 2.8316 2838.1 7.9029 6938.7 8.4978 "" "" 0.002784797590370296 0.0041140574 0.0040064724 0.008120529 250.10944208662 -49.22729495679 1247.68604 -10.875000000000002 -8.207000000000003 -12.111486792564392 -4.1465394325256355 0.38412866 0.36812866 "" "" 75.70928677460427 "" 28.95739675474429 ""
249.88813569721 -49.1901257864 0.0329 0.0223 28.764 "" "" 5940827973945776896 1161.04492 0.8308 0.0405 -3.225 -13.442 0.047 0.033 0.968 5137.2 4.173 15.984309 1.734746 16.812948 15.078202 "" "" 1110.76294 1207.55664 7607.17226 2.8499 2571.8 7.402 7377.0 10.889 "" "" 0.00278518174208255 0.004189278 0.004105136 0.008294414 249.88813569721 -49.1901257864 1161.04492 -3.2250000000000014 -13.442000000000007 -4.461486792564392 -9.381539432525635 0.38412866 0.37012866 "" "" 57.17084393782409 "" 21.310456584733593 ""
249.54773595283 -48.64209722043 0.0347 0.022 30.9954 "" "" 5940926414600205184 1057.6925 0.9145 0.0412 -4.681 -9.694 0.048 0.032 0.991 5155.6 4.53 15.984336 1.328241 16.563812 15.235571 "" "" 1017.51685 1098.69031 7606.98488 2.6951 3235.1 10.114 6381.6 10.31 "" "" 0.0027820422825555733 0.004393952 0.004166603 0.008560555 249.54773595283 -48.64209722043 1057.6925 -4.680999999999999 -9.694000000000003 -5.917486792564392 -5.633539432525636 0.38512868 0.36912867 "" "" 40.96137394537503 "" 15.467272834661225 ""
249.93089093814 -48.60196146112 0.0366 0.0225 18.462 "" "" 5940970738655350400 1086.88208 0.8852 0.0443 3.17 0.626 0.058 0.033 0.974 5385.9 4.5547 15.984514 1.355832 16.546515 15.190682 "" "" 1038.71204 1139.47021 7605.73367 2.8275 3287.1 9.8502 6651.0 34.97 "" "" 0.0027847277007890785 0.0042860922 0.006846338 0.01113243 249.93089093814 -48.60196146112 1086.88208 3.170000000000001 0.6260000000000008 1.9335132074356078 4.686460567474366 0.39512867 0.37012866 "" "" 26.117947340869886 "" 9.764691494862706 ""
250.79384175142 -48.1907170707 0.0565 0.0336 41.1741 "" "" 5937994979160464000 1189.54077 0.8224 0.0671 1.636 5.508 0.069 0.051 1.452 5815.9 4.1418 15.985325 1.419399 16.606636 15.187237 "" "" 1105.9751 1262.78259 7600.05882 4.2912 3110.0 7.6165 6672.1 12.969 "" "" 0.0028226942381167903 0.0038542654 0.0043286933 0.008182959 250.79384175142 -48.1907170707 1189.54077 1.6359999999999988 5.507999999999999 0.3995132074356078 9.568460567474364 0.40612867 0.38812867 "" "" 53.99803711689444 "" 20.959916877216617 ""
250.33588711982 -48.85057219391 0.0392 0.0241 3.8018 "" "" 5940952046956129920 914.102661 1.0652 0.0464 0.919 1.323 0.05 0.034 1.016 4678.8 4.4693 15.985397 1.413942 16.629042 15.215099 "" "" 873.717712 969.537354 7599.55033 3.5947 3046.5 8.2378 6503.1 11.888 "" "" 0.002802774135623132 0.00405022 0.00426885 0.008319071 250.33588711982 -48.85057219391 914.102661 0.9189999999999999 1.3230000000000004 -0.31748679256439205 5.383460567474366 0.38712868 0.37112868 "" "" 23.366236962423347 "" 8.673204245657356 ""
250.30624877828 -49.38859176028 0.039 0.0256 35.7557 "" "" 5937818782418803968 1001.9306 0.9732 0.05 -0.344 -10.702 0.048 0.035 1.07 4662.7 4.3634 15.986673 1.230296 16.50606 15.275764 "" "" 954.813477 1052.59875 7590.62513 2.8652 3411.9 13.075 6149.7 10.546 "" "" 0.002785632505533539 0.005009664 0.0042131254 0.00922279 250.30624877828 -49.38859176028 1001.9306 -0.34399999999999853 -10.701999999999995 -1.580486792564392 -6.641539432525635 0.38512868 0.37212867 "" "" 32.422473493725754 "" 12.088294261396458 ""
249.84028888301 -49.28109273653 0.0346 0.0227 34.3659 "" "" 5940825774922314752 1180.38086 0.804 0.0438 -5.645 -5.926 0.047 0.034 1.019 8292.6 4.1461 15.986783 2.167408 17.10647 14.939062 "" "" 1127.35791 1254.07935 7589.85574 2.972 1962.6 7.7329 8385.6 8.8352 "" "" 0.002787927502805066 0.00510743 0.0039487146 0.009056144 249.84028888301 -49.28109273653 1180.38086 -5.645000000000002 -5.926 -6.881486792564392 -1.865539432525635 0.38412866 0.37112868 "" "" 39.89168052921276 "" 15.28859528588408 ""
250.70188789625 -49.39727366727 0.0794 0.0487 39.6137 "" "" 5937827750305354112 869.97876 1.1486 0.0914 -3.125 -8.413 0.095 0.067 2.335 6008.3 4.4774 15.986862 1.675584 16.674786 14.999202 "" "" 800.387512 933.127014 7589.30353 5.5368 2920.8 8.0427 7933.7 7.8346 "" "" 0.002866917374410019 0.0040894034 0.003928522 0.008017926 250.70188789625 -49.39727366727 869.97876 -3.125 -8.413 -4.361486792564392 -4.352539432525635 0.43212867 0.40412867 "" "" 25.409205467927297 "" 10.631001022154614 ""
250.09036660688 -48.71832710597 0.0377 0.0234 9.3023 "" "" 5940957510154852224 1075.11035 0.886 0.0441 0.747 -4.396 0.052 0.033 1.03 "" "" 15.987016 2.458957 17.291248 14.832292 "" "" 1026.12427 1121.44299 7588.22781 12.418 1655.5 14.898 9252.1 36.144 "" "" 0.003278530894349159 0.010161224 0.005681031 0.015842255 250.09036660688 -48.71832710597 1075.11035 0.7470000000000002 -4.396000000000001 -0.4894867925643921 -0.3355394325256347 0.38912868 0.37012866 "" "" 3.02423972910058 "" 1.1587592195263905 ""
250.49681419781 -48.41945766631 0.0393 0.0237 23.7598 "" "" 5940987712367085696 953.294922 1.0075 0.0481 -3.415 -1.568 0.053 0.034 1.047 4968.0 4.484 15.987285 1.33291 16.571514 15.238605 "" "" 916.414673 997.950256 7586.35001 2.4876 3212.3 6.9522 6363.8 11.994 "" "" 0.002778225737086862 0.0036478208 0.004297804 0.007945625 250.49681419781 -48.41945766631 953.294922 -3.415 -1.5680000000000003 -4.651486792564392 2.492460567474365 0.39012867 0.37112868 "" "" 23.84558598945562 "" 9.203711771496364 ""
250.46461459632 -49.00153178847 0.0343 0.0238 14.1728 "" "" 5937854138584758912 967.40155 0.9945 0.0448 -6.708 -2.107 0.047 0.033 0.994 4773.1 4.4191 15.987876 1.364616 16.60069 15.236074 "" "" 923.932556 1013.53259 7582.22279 2.9349 3127.1 13.443 6378.6 11.495 "" "" 0.002787186810751276 0.005437834 0.004255833 0.009693667 250.46461459632 -49.00153178847 967.40155 -6.708 -2.106999999999999 -7.944486792564392 1.953460567474365 0.38412866 0.37012866 "" "" 37.51443271481454 "" 14.380940435748785 ""
250.87780218079 -48.91688743525 0.0393 0.0265 24.1202 "" "" 5937939831777150720 1143.52747 0.8508 0.0505 -3.867 -17.862 0.051 0.033 1.106 4787.6 4.4289 15.989484 1.383869 16.5685 15.184631 "" "" 1087.93237 1218.98303 7570.99981 3.2128 3221.2 9.9599 6688.1 29.701 "" "" 0.002793576491855245 0.0043652067 0.0061263125 0.010491519 250.87780218079 -48.91688743525 1143.52747 -3.8670000000000053 -17.862 -5.103486792564392 -13.801539432525633 0.38812867 0.37012866 "" "" 79.759430437347 "" 29.69761648872586 ""
251.16761579485 -48.73479041353 0.0341 0.0241 34.6188 "" "" 5937963643077263360 950.925354 1.0193 0.0435 4.625 0.479 0.047 0.034 0.943 5511.2 4.5543 15.990597 1.372872 16.607481 15.234609 "" "" 926.600159 984.900208 7563.24439 2.5145 3107.6 7.7091 6387.3 9.2955 "" "" 0.0027788642921328264 0.003878082 0.0040963874 0.007974469 251.16761579485 -48.73479041353 950.925354 4.625 0.479 3.388513207435608 4.539460567474365 0.38412866 0.37112868 "" "" 25.532949866138647 "" 9.59609994034957 ""
249.90806652466 -48.1735769632 0.033 0.0208 40.2343 "" "" 5940986612855178240 879.522766 1.1003 0.0437 -2.963 -10.275 0.045 0.03 0.913 4654.9 4.4335 15.991472 1.281755 16.56153 15.279774 "" "" 846.336243 910.352844 7557.14737 2.3891 3241.9 7.1407 6127.0 10.025 "" "" 0.002776617484983905 0.003674805 0.0041760765 0.007850882 249.90806652466 -48.1735769632 879.522766 -2.963000000000001 -10.275000000000004 -4.199486792564392 -6.214539432525635 0.38212866 0.36712867 "" "" 31.268754576568 "" 11.6287281069141 ""
250.65050331039 -48.80777886429 0.0387 0.024 14.0115 "" "" 5937953644392229120 1063.15125 0.9075 0.0492 -0.014 -3.46 0.053 0.033 0.98 7117.8 4.3204 15.991473 1.921727 16.947517 15.02579 "" "" 1021.11816 1115.23328 7557.14098 2.6182 2272.0 5.8811 7741.8 8.8579 "" "" 0.002780878241354455 0.003960256 0.0039783088 0.007938565 250.65050331039 -48.80777886429 1063.15125 -0.014000000000000234 -3.4600000000000017 -1.250486792564392 0.6004605674743653 0.39012867 0.37012866 "" "" 6.9904705907881155 "" 2.701537629631717 ""
249.59895639766 -48.93063339126 0.0343 0.0218 28.7588 "" "" 5940869239989891072 914.608459 1.0501 0.0412 4.501 -6.678 0.048 0.032 0.957 4995.7 4.5268 15.991829 1.262104 16.547897 15.285793 "" "" 873.378906 968.716675 7554.66395 2.5809 3282.9 8.458 6093.1 8.0062 "" "" 0.002780174653201387 0.00395092 0.0040396797 0.0079906 249.59895639766 -48.93063339126 914.608459 4.501 -6.678000000000001 3.2645132074356082 -2.6175394325256347 0.38512868 0.36912867 "" "" 18.140061680592872 "" 6.874139396331584 ""
249.47512322576 -49.09123488792 0.0363 0.024 37.0025 "" "" 5940843229670701952 1290.14868 0.7343 0.0465 -0.92 -7.144 0.049 0.036 1.056 8422.6 3.7301 15.992438 1.983796 16.9781 14.994304 "" "" 1228.09351 1386.56738 7550.42755 2.8459 2208.9 7.1846 7969.6 8.5368 "" "" 0.0027855452634035867 0.004500673 0.0039542783 0.008454951 249.47512322576 -49.09123488792 1290.14868 -0.9199999999999997 -7.144000000000002 -2.156486792564392 -3.083539432525635 0.38612866 0.37312865 "" "" 23.01065802513123 "" 8.685324863410301 ""
249.89029531547 -48.4351385712 0.0407 0.0234 26.8356 "" "" 5940976682890248448 1216.92334 0.787 0.0436 -5.012 5.196 0.054 0.036 0.988 8058.3 4.1406 15.993073 1.541255 16.699265 15.15801 "" "" 1152.177 1289.61206 7546.01001 2.4018 2855.7 7.3977 6854.2 9.3725 "" "" 0.0027769069628401145 0.0039617904 0.0040605296 0.0080223195 249.89029531547 -48.4351385712 1216.92334 -5.012 5.196 -6.248486792564392 9.256460567474365 0.39112866 0.37312865 "" "" 64.41981145546941 "" 24.405784624751202 ""
250.44264480363 -48.84747325876 0.0388 0.0247 6.6362 "" "" 5937949830461317248 1017.7478 0.9672 0.0504 1.663 -1.166 0.047 0.034 0.969 5637.7 3.9796 15.993927 1.457328 16.65808 15.200751 "" "" 968.683594 1071.3689 7540.08056 3.1615 2966.1 10.788 6589.6 13.542 "" "" 0.002792675040567005 0.0048351935 0.004388872 0.009224066 250.44264480363 -48.84747325876 1017.7478 1.663000000000001 -1.166 0.42651320743560794 2.8944605674743653 0.38412866 0.37112868 "" "" 14.114019584116708 "" 5.242083592649759 ""
250.75045117307 -48.80928308122 0.0379 0.0234 17.9596 "" "" 5937953094636372096 1055.92664 0.9253 0.0483 -3.454 -6.724 0.05 0.032 0.983 4932.5 4.2741 15.994602 1.673701 16.790016 15.116315 "" "" 1010.6416 1103.75085 7535.39004 2.5258 2626.7 6.4469 7122.5 9.8984 "" "" 0.002779250664320002 0.0038582655 0.0040694554 0.007927721 250.75045117307 -48.80928308122 1055.92664 -3.454 -6.724 -4.690486792564393 -2.663539432525635 0.38712868 0.36912867 "" "" 26.997408644270372 "" 10.33508481311395 ""
250.32904490313 -48.52630436777 0.0392 0.0239 16.0348 "" "" 5940966993443276416 1155.48828 0.8494 0.0467 -5.075 -13.046 0.055 0.035 1.06 5502.3 4.544 15.994959 1.438267 16.64972 15.211453 "" "" 1092.20752 1214.3457 7532.91451 2.7013 2989.0 8.3994 6525.0 11.54 "" "" 0.0027826926817825525 0.004134469 0.0042392155 0.008373685 250.32904490313 -48.52630436777 1155.48828 -5.075000000000003 -13.046000000000014 -6.311486792564392 -8.985539432525634 0.39212868 0.37212867 "" "" 60.14120612389011 "" 22.7846745755582 ""
249.34863653538 -48.78133370225 0.0334 0.022 37.4849 "" "" 5940921123199967744 1062.4762 0.913 0.0412 2.631 -2.205 0.044 0.032 1.006 5225.4 4.5469 15.994959 1.313846 16.573528 15.259683 "" "" 1018.70642 1114.63708 7532.91877 2.6525 3206.3 8.4095 6241.4 8.6622 "" "" 0.002781717244848563 0.003986765 0.004068701 0.008055466 249.34863653538 -48.78133370225 1062.4762 2.631 -2.205 1.3945132074356077 1.8554605674743652 0.38112867 0.36912867 "" "" 11.689264976690572 "" 4.3659957518245225 ""
