Clusters/NGC_6193/NGC_6193_members.tsv
# %ECSV 1.0
# ---
# datatype:
# - name: RA_ICRS_1
#   unit: deg
#   datatype: float64
#   format: '{:15.11f}'
#   description: Right ascension (ICRS) at Ep=2016.0 (ra)
#   meta: !!omap
#   - {ucd: POS_EQ_RA_MAIN}
#   - {width: 15}
#   - {precision: '11'}
# - name: DE_ICRS_1
#   unit: deg
#   datatype: float64
#   format: '{:15.11f}'
#   description: Declination (ICRS) at Ep=2016.0 (dec)
#   meta: !!omap
#   - {ucd: POS_EQ_DEC_MAIN}
#   - {width: 15}
#   - {precision: '11'}
# - name: e_RA_ICRS
#   unit: mas
#   datatype: float64
#   format: '{:7.4f}'
#   description: Standard error of right ascension (ra_error)
#   meta: !!omap
#   - {ucd: ERROR}
#   - {width: 7}
#   - {precision: '4'}
# - name: e_DE_ICRS
#   unit: mas
#   datatype: float64
#   format: '{:7.4f}'
#   description: Standard error of declination (dec_error)
#   meta: !!omap
#   - {ucd: ERROR}
#   - {width: 7}
#   - {precision: '4'}
# - name: _r_1
#   unit: ''
#   datatype: float64
#   format: '{:7.4f}'
#   description: Distance from center (250.29671121000-48.79269565000)[ICRS], at Epoch=J2016.0
#   meta: !!omap
#   - {ucd: POS_ANG_DIST_GENERAL}
#   - {width: 7}
#   - {precision: '4'}
# - name: HIP
#   datatype: int32
#   description: '? HIP cross-id number, van Leeuwen, Cat. I/311 (hip_original_ext_source_id)'
#   meta: !!omap
#   - {ucd: ID_NUMBER}
#   - {width: 6}
#   - values: {'null': -2147483648}
# - name: TYC2
#   datatype: string
#   description: Tycho-2 cross-id name, Hog et al., Cat. I/259 (tyc2_original_ext_source_id)
#   meta: !!omap
#   - {ucd: ID_CROSSID}
#   - {_votable_string_dtype: char}
# - name: Source
#   datatype: int64
#   description: Source identifier, identical to the Gaia-EDR3 source_id (id)
#   meta: !!omap
#   - {ucd: ID_MAIN}
#   - {width: 19}
# - name: rgeo
#   unit: pc
#   datatype: float64
#   format: '{:15.8f}'
#   description: '? Median of the geometric distance posterior (r_med_geo)'
#   meta: !!omap
#   - {ucd: PHYS_DISTANCE_TRUE}
#   - {width: 15}
#   - {precision: '8'}
#   - values: {'null': .nan}
# - name: Plx
#   unit: mas
#   datatype: float64
#   format: '{:9.4f}'
#   description: '? Parallax (parallax)'
#   meta: !!omap
#   - {ucd: POS_PARLX_TRIG}
#   - {width: 9}
#   - {precision: '4'}
#   - values: {'null': .nan}
# - name: e_Plx
#   unit: mas
#   datatype: float32
#   format: '{:7.4f}'
#   description: '? Standard error of parallax (parallax_error)'
#   meta: !!omap
#   - {ucd: ERROR}
#   - {width: 7}
#   - {precision: '4'}
#   - values: {'null': .nan}
# - name: pmRA
#   unit: mas / yr
#   datatype: float64
#   format: '{:9.3f}'
#   description: '? Proper motion in right ascension direction, pmRA*cosDE (pmra)'
#   meta: !!omap
#   - {ucd: POS_EQ_PMRA}
#   - {width: 9}
#   - {precision: '3'}
#   - values: {'null': .nan}
# - name: pmDE
#   unit: mas / yr
#   datatype: float64
#   format: '{:9.3f}'
#   description: '? Proper motion in declination direction (pmdec)'
#   meta: !!omap
#   - {ucd: POS_EQ_PMDEC}
#   - {width: 9}
#   - {precision: '3'}
#   - values: {'null': .nan}
# - name: e_pmRA
#   unit: mas / yr
#   datatype: float32
#   format: '{:6.3f}'
#   description: '? Standard error of proper motion in right ascension direction (pmra_error)'
#   meta: !!omap
#   - {ucd: ERROR}
#   - {width: 6}
#   - {precision: '3'}
#   - values: {'null': .nan}
# - name: e_pmDE
[...]
#         unit: &id001 !astropy.units.Unit {unit: deg}
#         value: !astropy.table.SerializedColumn {name: SkyCoord.dec}
#       distance: !astropy.table.SerializedColumn
#         __class__: astropy.coordinates.distances.Distance
#         unit: !astropy.units.Unit {unit: pc}
#         value: !astropy.table.SerializedColumn {name: SkyCoord.distance}
#       frame: icrs
#       obstime: !astropy.time.Time {format: jyear_str, in_subfmt: '*', jd1: 367701545.0, jd2: 0.0, out_subfmt: '*', precision: 3, scale: tt}
#       pm_dec: !astropy.table.SerializedColumn
#         __class__: astropy.units.quantity.Quantity
#         unit: !astropy.units.Unit {unit: mas / yr}
#         value: !astropy.table.SerializedColumn {name: SkyCoord.pm_dec}
#       pm_ra_cosdec: !astropy.table.SerializedColumn
#         __class__: astropy.units.quantity.Quantity
#         unit: !astropy.units.Unit {unit: mas / yr}
#         value: !astropy.table.SerializedColumn {name: SkyCoord.pm_ra_cosdec}
#       ra: !astropy.table.SerializedColumn
#         __class__: astropy.coordinates.angles.Longitude
#         unit: *id001
#         value: !astropy.table.SerializedColumn {name: SkyCoord.ra}
#         wrap_angle: !astropy.coordinates.Angle
#           unit: *id001
#           value: 360.0
#       representation_type: spherical
# schema: astropy-2.0
RA_ICRS_1 DE_ICRS_1 e_RA_ICRS e_DE_ICRS _r_1 HIP TYC2 Source rgeo Plx e_Plx pmRA pmDE e_pmRA e_pmDE RUWE Teff logg Gmag BP-RP BPmag RPmag RV e_RV b_rgeo B_rgeo FG e_FG FBP e_FBP FRP e_FRP RAVE5 RAVE6 e_Gmag e_BPmag e_RPmag e_BP-RP SkyCoord.ra SkyCoord.dec SkyCoord.distance SkyCoord.pm_ra_cosdec SkyCoord.pm_dec Pmemb
[from data line 79]
250.36884960268 -48.7728676433 0.0221 0.0133 3.0902 "" "" 5940954108540472448 1168.16455 0.8211 0.0263 1.29 -3.886 0.028 0.018 1.034 5461.2 3.5009 14.244062 1.718905 15.064914 13.346008 -22.01 5.16 1121.57324 1205.19568 37785.20539 35.312 12866.0 40.994 36371.0 102.11 "" "" 0.0029362126430178526 0.00444438 0.0048554083 0.009299789 250.36884960268 -48.7728676433 1168.16455 1.29 -3.8859999999999983 1.0
250.29589037412 -48.78714435743 0.0222 0.0134 0.3347 "" "" 5940953455705470720 1090.33386 0.8781 0.0247 0.665 -4.334 0.029 0.019 1.103 5260.3 3.5149 14.36044 1.747115 15.194459 13.447344 -28.73 5.77 1058.54309 1129.4856 33944.60232 51.712 11419.0 63.442 33130.0 131.16 "" "" 0.003213662124351633 0.006646205 0.0057236133 0.012369819 250.29589037412 -48.78714435743 1090.33386 0.6649999999999995 -4.334 1.0
250.32935641049 -48.76733918389 0.0229 0.0135 1.9951 "" "" 5940954894484878848 1178.52722 0.8191 0.0244 1.046 -3.941 0.028 0.019 1.037 15008.1 4.2471 14.367181 1.712749 15.144537 13.431788 14.05 6.95 1142.39221 1208.33923 33734.50837 37.24 11956.0 129.66 33608.0 132.51 "" "" 0.0030047186697482685 0.012100626 0.0057104663 0.017811092 250.32935641049 -48.76733918389 1178.52722 1.0460000000000003 -3.941 1.0
250.94473839679 -48.58430726277 0.0202 0.013 28.551 "" "" 5937969518592740352 1097.96692 0.8821 0.0238 1.499 -4.123 0.024 0.017 0.874 "" "" 14.370108 1.505825 15.055741 13.549916 -29.02 13.01 1070.25574 1128.25525 33643.68031 6.1935 12975.0 11.358 30143.0 16.127 "" "" 0.0027625602505638217 0.0029476024 0.003823762 0.0067713642 250.94473839679 -48.58430726277 1097.96692 1.499 -4.123 0.8
250.72205949149 -49.03374159341 0.0185 0.0123 22.1468 "" "" 5937944023665190144 1092.04358 0.8743 0.0227 0.478 -4.742 0.024 0.016 1.02 7387.6 3.9396 14.463779 1.593183 15.204232 13.61105 -12.24 4.17 1065.79443 1115.63623 30862.77222 6.2612 11317.0 12.818 28493.0 14.463 "" "" 0.0027641104174598685 0.003049149 0.0038193532 0.006868502 250.72205949149 -49.03374159341 1092.04358 0.478 -4.742000000000002 1.0
250.87882937765 -48.94393094151 0.0207 0.0136 24.7017 "" "" 5937939419460257152 1120.16345 0.8531 0.0254 0.768 -4.766 0.027 0.018 1.056 7993.7 4.0207 14.538906 1.262666 15.081717 13.819051 "" "" 1085.27197 1156.14026 28799.44805 5.1113 12669.0 10.368 23525.0 10.606 "" "" 0.0027620501355043593 0.0029282335 0.0038109487 0.0067391824 250.87882937765 -48.94393094151 1120.16345 0.7680000000000002 -4.766 0.8
250.28131086597 -48.7975513687 0.0215 0.0129 0.6748 "" "" 5940953318266513664 1093.7113 0.8763 0.0247 1.135 -4.465 0.026 0.018 1.038 6855.0 3.9729 14.555022 1.391541 15.172009 13.780467 -40.4 9.5 1056.06934 1132.82373 28375.14183 42.437 11658.0 63.267 24377.0 97.127 "" "" 0.0031982020687887696 0.006519438 0.00574437 0.012263808 250.28131086597 -48.7975513687 1093.7113 1.1350000000000002 -4.465 0.9
249.91955519023 -48.60856821633 0.0232 0.0147 18.5771 "" "" 5940970773015088000 998.104248 0.9615 0.0296 1.966 -3.392 0.036 0.022 1.319 7200.1 4.1159 14.556676 1.222816 15.082828 13.860012 -8.78 7.04 972.827637 1023.59717 28331.94263 5.2967 12656.0 11.742 22654.0 12.751 "" "" 0.0027627866909087557 0.0029664377 0.003828471 0.006794909 249.91955519023 -48.60856821633 998.104248 1.9660000000000006 -3.3919999999999995 0.9
249.95623163318 -48.87926147239 0.0196 0.0117 14.4148 "" "" 5940872572884675840 1113.45276 0.8609 0.0241 1.405 -3.705 0.025 0.017 1.01 "" "" 14.558161 1.664449 15.324389 13.659941 -24.26 4.75 1083.30945 1148.18066 28293.21383 6.5277 10131.0 14.307 27238.0 12.873 "" "" 0.00276668358473666 0.0031837062 0.003814057 0.006997763 249.95623163318 -48.87926147239 1113.45276 1.4050000000000002 -3.7050000000000014 1.0
250.49234150093 -48.80447250642 0.022 0.0142 7.764 "" "" 5937951647190799872 1203.5553 0.7889 0.0275 1.788 -3.738 0.029 0.02 1.071 7709.5 3.6295 14.559608 2.080966 15.615985 13.535019 -80.25 6.91 1157.08765 1241.95154 28255.53516 71.657 7745.0 72.821 30560.0 200.35 "" "" 0.0038952986761855856 0.01058288 0.008059168 0.01864205 250.49234150093 -48.80447250642 1203.5553 1.7879999999999998 -3.7380000000000004 1.0
249.94090354093 -48.74722162668 0.0201 0.0122 14.3325 "" "" 5940875115505366528 1087.23706 0.8875 0.0227 1.309 -4.098 0.028 0.019 0.997 "" "" 14.573567 1.409645 15.203338 13.793693 "" "" 1056.71301 1120.18286 27894.58818 8.2729 11326.0 16.208 24081.0 19.052 "" "" 0.0027740721657871443 0.0031936096 0.0038757706 0.00706938 249.94090354093 -48.74722162668 1087.23706 1.3089999999999993 -4.098000000000001 1.0
250.14240727449 -48.86736422313 0.0209 0.0127 7.5641 "" "" 5940861646487243136 1106.77429 0.8619 0.0248 0.524 -4.7 0.029 0.019 1.038 7305.8 4.1026 14.609472 1.149036 15.096849 13.947813 -31.9 6.98 1076.28284 1139.53943 26987.20545 4.8727 12493.0 11.629 20895.0 14.865 "" "" 0.002762285206325777 0.0029675676 0.0038575046 0.006825072 250.14240727449 -48.86736422313 1106.77429 0.5239999999999998 -4.700000000000001 1.0
250.35294496318 -48.84560252967 0.0215 0.0133 3.8746 "" "" 5940952218754819840 1182.04016 0.7961 0.0256 1.723 -4.399 0.027 0.018 0.959 "" "" 14.634067 1.197928 15.144975 13.947047 -21.35 8.45 1143.63062 1235.4823 26382.74959 5.3967 11952.0 14.513 20909.0 16.616 "" "" 0.0027642565309929762 0.0030859644 0.003876619 0.0069625834 250.35294496318 -48.84560252967 1182.04016 1.7229999999999999 -4.399000000000002 0.9
250.34362580554 -48.75674379346 0.0244 0.0139 2.8451 "" "" 5940954172923892480 1225.56555 0.7748 0.0274 1.691 -4.339 0.029 0.02 1.028 5862.8 3.5972 14.647136 1.511149 15.314935 13.803786 "" "" 1193.34314 1264.69812 26067.09338 29.294 10220.0 87.996 23859.0 114.65 "" "" 0.003013392754795408 0.009755883 0.006442359 0.016198242 250.34362580554 -48.75674379346 1225.56555 1.6910000000000003 -4.339 0.9
250.34333176734 -48.76027895503 0.0289 0.0179 2.6797 "" "" 5940954177220708608 1126.20947 0.8527 0.0345 1.505 -3.724 0.037 0.026 1.198 "" "" 14.663762 1.869051 15.555899 13.686848 "" "" 1079.08765 1179.80774 25670.94849 16.788 8185.7 100.81 26572.0 121.42 "" "" 0.0028453370284428616 0.01365926 0.0062367963 0.019896057 250.34333176734 -48.76027895503 1126.20947 1.505 -3.724000000000002 1.0
250.27504918826 -48.78100759906 0.0231 0.0137 1.1068 "" "" 5940953558784704768 1114.96301 0.8575 0.0259 0.887 -4.101 0.03 0.021 0.929 5960.2 3.6311 14.687977 1.813149 15.566256 13.753108 -71.27 8.71 1085.19214 1143.7052 25104.75105 26.237 8108.0 34.385 24999.0 84.327 "" "" 0.0029798225480995246 0.0053838817 0.0052627996 0.010646681 250.27504918826 -48.78100759906 1114.96301 0.8870000000000006 -4.100999999999998 1.0
250.09116121155 -48.76619431941 0.0208 0.0129 8.281 "" "" 5940863330114518144 1151.12195 0.8308 0.0252 1.262 -4.364 0.028 0.018 1.012 "" "" 14.72985 1.729212 15.553907 13.824696 -66.45 5.87 1118.49146 1185.17981 24154.98246 27.298 8200.8 34.113 23403.0 82.406 "" "" 0.0030161805412932973 0.00530872 0.00537583 0.01068455 250.09116121155 -48.76619431941 1151.12195 1.262 -4.364 0.9
250.33101300146 -48.75540834159 0.0257 0.0145 2.6163 "" "" 5940954933174235520 1113.70764 0.8639 0.0296 1.398 -3.665 0.03 0.021 1.012 7845.6 3.866 14.757949 1.866704 15.665086 13.798382 "" "" 1080.00073 1151.79944 23537.86594 46.424 7402.6 56.397 23978.0 150.46 "" "" 0.0034896167885388263 0.008729631 0.007790983 0.016520614 250.33101300146 -48.75540834159 1113.70764 1.3980000000000001 -3.665 1.0
250.5486755239 -48.88555081618 0.023 0.0152 11.4038 "" "" 5937950036619678592 1206.7467 0.7855 0.0285 1.63 -4.211 0.031 0.02 0.939 6651.5 3.7347 14.762529 1.808598 15.641048 13.832451 -3.4 8.41 1176.00928 1245.89075 23438.78116 17.565 7568.3 23.868 23237.0 53.569 "" "" 0.00287294537037919 0.00441693 0.0045330613 0.008949991 250.5486755239 -48.88555081618 1206.7467 1.6299999999999994 -4.211000000000002 1.0
250.34484213437 -48.75975632159 0.0308 0.018 2.7437 "" "" 5940954172930381312 1143.34485 0.827 0.0364 1.135 -3.963 0.039 0.027 1.083 5256.7 3.5209 14.816939 1.900014 15.730207 13.830194 -62.17 5.64 1106.10547 1197.90649 22293.13025 39.293 6971.6 67.641 23285.0 194.8 "" "" 0.0033546901019421535 0.010897457 0.009838066 0.020735523 250.34484213437 -48.75975632159 1143.34485 1.1350000000000007 -3.963 1.0
250.33773194491 -48.75605663224 0.0271 0.0151 2.732 "" "" 5940954177259984896 1117.34521 0.8596 0.0307 1.286 -4.073 0.031 0.022 0.963 7135.9 3.9988 14.910117 1.67806 15.694872 14.016811 "" "" 1083.54663 1154.85291 20459.72576 29.751 7202.2 37.761 19608.0 86.852 "" "" 0.0031755923040674935 0.0063395225 0.006116528 0.01245605 250.33773194491 -48.75605663224 1117.34521 1.286 -4.073 1.0
250.3551473317 -48.73028559932 0.0247 0.0153 4.4004 "" "" 5940954692656081408 1148.69104 0.8251 0.0296 1.673 -3.721 0.034 0.022 0.982 5433.2 3.609 14.930667 1.675308 15.710449 14.035141 -127.43 10.22 1113.98083 1196.6991 20076.12061 31.408 7099.7 59.731 19280.0 139.61 "" "" 0.003236811330231662 0.009551118 0.008723244 0.018274363 250.3551473317 -48.73028559932 1148.69104 1.673 -3.721 1.0
250.13558287154 -48.54138969824 0.0245 0.0151 16.3745 "" "" 5940960362013246848 1208.90405 0.7879 0.03 1.523 -3.757 0.033 0.021 1.067 "" "" 15.003426 1.784696 15.859633 14.074937 -0.48 6.45 1169.18408 1253.30725 18774.84587 12.427 6188.2 18.761 18586.0 35.013 "" "" 0.002847497072742064 0.004315104 0.0042973463 0.00861245 250.13558287154 -48.54138969824 1208.90405 1.5230000000000001 -3.7570000000000014 1.0
250.08119089493 -48.88056070911 0.0269 0.016 10.0119 "" "" 5940860306457464576 1091.89075 0.8689 0.0283 1.349 -4.335 0.036 0.023 1.049 "" "" 15.021135 1.610985 15.756866 14.145882 "" "" 1062.59644 1126.78528 18471.09179 5.0302 6802.5 9.7841 17410.0 18.042 "" "" 0.0027711394899193505 0.003197455 0.003943309 0.007140764 250.08119089493 -48.88056070911 1091.89075 1.3489999999999998 -4.335 0.8
250.36755286357 -49.07483026908 0.0223 0.0144 17.1568 "" "" 5937852832914696960 1050.97314 0.9115 0.0283 0.466 -4.64 0.029 0.02 1.028 "" "" 15.035808 1.595116 15.769394 14.174278 -27.3 10.25 1020.87994 1083.12952 18223.16101 4.3377 6724.5 16.465 16961.0 15.481 "" "" 0.0027674140903565314 0.0038538715 0.0039071473 0.007761019 250.36755286357 -49.07483026908 1050.97314 0.4659999999999995 -4.64 1.0
250.33592444616 -49.01265630164 0.0246 0.0172 13.2879 "" "" 5937854653980841472 1244.36316 0.7442 0.0324 0.857 -4.382 0.035 0.025 1.071 8595.1 3.1075 15.082266 3.203551 16.967415 13.763864 -37.33 6.59 1197.64075 1296.52429 17459.83931 17.531 2230.8 30.614 24752.0 60.388 "" "" 0.00296314714130298 0.015158907 0.0046152323 0.019774139 250.33592444616 -49.01265630164 1244.36316 0.8569999999999998 -4.382 0.9
250.18271078481 -48.79023115071 0.0286 0.0178 4.5086 "" "" 5940956097069224832 1070.73169 0.8889 0.0327 1.122 -3.971 0.039 0.026 1.112 5302.1 3.6622 15.150646 1.772171 16.000631 14.22846 -45.55 14.23 1043.1593 1105.78125 16394.13159 19.815 5434.6 28.636 16135.0 50.569 "" "" 0.003051867571805507 0.0063650967 0.005085563 0.0114506595 250.18271078481 -48.79023115071 1070.73169 1.122 -3.970999999999999 1.0
250.70960843376 -49.03029073053 0.0251 0.0178 21.6408 "" "" 5937944023665200384 1171.47009 0.819 0.0324 0.722 -4.741 0.033 0.022 0.997 "" "" 15.160564 1.60974 15.905339 14.295599 "" "" 1122.15625 1214.60767 16245.05204 4.2377 5933.1 9.0583 15168.0 11.388 "" "" 0.002769838709684749 0.0032454287 0.003866292 0.0071117207 250.70960843376 -49.03029073053 1171.47009 0.7219999999999995 -4.741000000000001 0.9
250.3405022275 -48.77810440338 0.0288 0.0166 1.94 "" "" 5940954142900221440 1215.38257 0.7955 0.0321 1.271 -4.26 0.034 0.023 0.961 5272.9 3.5011 15.162627 1.980839 16.1355 14.154661 "" "" 1176.51453 1256.97461 16214.21694 63.679 4799.7 89.986 17270.0 190.38 "" "" 0.00507682018328128 0.020545995 0.012551402 0.033097398 250.3405022275 -48.77810440338 1215.38257 1.271 -4.26 1.0
250.91658242347 -48.53821438774 0.032 0.0207 28.9225 "" "" 5937981475782602368 1059.58679 0.9042 0.0353 1.847 -3.9 0.041 0.028 0.997 7582.5 4.1554 15.230093 1.628515 15.989041 14.360526 "" "" 1024.44788 1103.55713 15237.35732 4.3824 5492.9 15.474 14287.0 9.9742 "" "" 0.00277295876971945 0.0041400716 0.0038546426 0.007994714 250.91658242347 -48.53821438774 1059.58679 1.8470000000000004 -3.899999999999999 0.8
250.33746094549 -48.77833511634 0.03 0.0179 1.8269 "" "" 5940954142900222336 1134.97192 0.8368 0.0351 1.802 -3.987 0.036 0.025 1.014 "" "" 15.30397 1.797051 16.172638 14.375587 -38.87 7.11 1093.21179 1179.44385 14235.04038 13.701 4638.3 18.33 14090.0 39.185 "" "" 0.0029468325980119133 0.0051181186 0.0048374613 0.009955579 250.33746094549 -48.77833511634 1134.97192 1.8019999999999996 -3.987000000000001 0.8
249.95743560553 -49.06174644629 0.0294 0.018 20.9637 "" "" 5940852334997816320 1094.44995 0.8699 0.0353 0.906 -4.312 0.04 0.027 1.107 7712.9 3.9427 15.311402 1.915307 16.249617 14.33431 "" "" 1063.76294 1142.17834 14137.93573 16.274 4320.9 22.492 14636.0 45.799 "" "" 0.0030255135802621405 0.0063029057 0.0050819926 0.011384899 249.95743560553 -49.06174644629 1094.44995 0.906 -4.312 0.8
250.40403207182 -48.74358953951 0.0348 0.0198 5.1666 "" "" 5940954452138344064 1102.70764 0.8728 0.0406 1.491 -3.888 0.039 0.028 0.945 5136.4 3.6293 15.357705 2.033471 16.377598 14.344127 "" "" 1057.35376 1154.94958 13547.66932 22.663 3840.4 26.945 14505.0 73.216 "" "" 0.0033000872962160297 0.008112643 0.0066572186 0.0147698615 250.40403207182 -48.74358953951 1102.70764 1.491 -3.8880000000000017 1.0
250.33417216605 -49.06081973834 0.0259 0.018 16.1551 "" "" 5937853039073132288 1098.073 0.8744 0.0339 0.644 -4.68 0.036 0.025 0.948 7558.8 4.1631 15.48013 1.626741 16.242437 14.615696 "" "" 1060.17505 1132.34412 12103.0497 3.308 4349.5 11.986 11295.0 11.587 "" "" 0.002771254534181907 0.00409109 0.0039400873 0.008031177 250.33417216605 -49.06081973834 1098.073 0.6439999999999999 -4.68 1.0
250.31590702451 -48.81012111461 0.0312 0.019 1.2918 "" "" 5940952527992501120 1088.36523 0.8782 0.0367 1.555 -3.915 0.04 0.027 0.951 "" "" 15.500063 1.774978 16.354736 14.579759 "" "" 1048.56262 1131.7019 11882.88073 18.508 3922.1 24.249 11675.0 49.76 "" "" 0.0032328800334788504 0.007269515 0.005974748 0.013244264 250.31590702451 -48.81012111461 1088.36523 1.5549999999999995 -3.9150000000000005 1.0
249.95310371135 -48.8010530174 0.0277 0.0182 13.5899 "" "" 5940873431878144128 1126.63965 0.8508 0.0341 0.672 -4.353 0.039 0.026 1.043 7999.1 3.8526 15.521973 2.041565 16.53617 14.494604 "" "" 1083.25366 1160.19275 11645.48971 3.566 3318.6 13.074 12627.0 11.632 "" "" 0.002775305996092 0.005106959 0.0039094873 0.009016447 249.95310371135 -48.8010530174 1126.63965 0.672 -4.3530000000000015 0.9
250.1268413332 -49.00435415066 0.0312 0.0187 14.3587 "" "" 5940856320727651200 1170.27527 0.8249 0.0362 1.076 -4.375 0.041 0.028 1.05 5439.2 3.6335 15.576678 1.956231 16.525848 14.569617 "" "" 1123.66333 1219.25537 11073.26237 37.885 3350.3 44.325 11785.0 114.32 "" "" 0.004624964121587819 0.014632935 0.0111897215 0.025822656 250.1268413332 -49.00435415066 1170.27527 1.076 -4.375 0.8
250.35147025263 -48.74424091566 0.0376 0.0218 3.6252 "" "" 5940954280339207552 1138.50195 0.8459 0.0435 1.046 -3.721 0.048 0.031 0.987 6399.5 3.6155 15.579225 1.822983 16.469656 14.646673 "" "" 1089.58411 1210.94202 11047.32317 26.406 3528.2 42.652 10977.0 61.75 "" "" 0.0037850788808496084 0.013418627 0.007182458 0.020601084 250.35147025263 -48.74424091566 1138.50195 1.0460000000000003 -3.7209999999999988 0.8
250.44763097379 -48.73614497055 0.0362 0.0225 6.8658 "" "" 5940954520857331072 1176.72107 0.8122 0.042 2.052 -3.689 0.042 0.031 0.993 "" "" 15.624204 1.955298 16.6018 14.646503 "" "" 1116.92407 1258.23914 10599.00576 11.183 3123.9 17.066 10979.0 32.585 "" "" 0.002983972998601885 0.006554909 0.0049666464 0.0115215555 250.44763097379 -48.73614497055 1176.72107 2.0519999999999996 -3.689 0.9
