Clusters/NGC_6193/NGC_6193_members.tsv
# %ECSV 1.0
# ---
# datatype:
# - name: RA_ICRS_1
#   unit: deg
#   datatype: float64
#   format: '{:15.11f}'
#   description: Right ascension (ICRS) at Ep=2016.0 (ra)
#   meta: !!omap
#   - {ucd: POS_EQ_RA_MAIN}
#   - {width: 15}
#   - {precision: '11'}
# - name: DE_ICRS_1
#   unit: deg
#   datatype: float64
#   format: '{:15.11f}'
#   description: Declination (ICRS) at Ep=2016.0 (dec)
#   meta: !!omap
#   - {ucd: POS_EQ_DEC_MAIN}
#   - {width: 15}
#   - {precision: '11'}
# - name: e_RA_ICRS
#   unit: mas
#   datatype: float64
#   format: '{:7.4f}'
#   description: Standard error of right ascension (ra_error)
#   meta: !!omap
#   - {ucd: ERROR}
#   - {width: 7}
#   - {precision: '4'}
# - name: e_DE_ICRS
#   unit: mas
#   datatype: float64
#   format: '{:7.4f}'
#   description: Standard error of declination (dec_error)
#   meta: !!omap
#   - {ucd: ERROR}
#   - {width: 7}
#   - {precision: '4'}
# - name: _r_1
#   unit: ''
#   datatype: float64
#   format: '{:7.4f}'
#   description: Distance from center (250.29671121000-48.79269565000)[ICRS], at Epoch=J2016.0
#   meta: !!omap
#   - {ucd: POS_ANG_DIST_GENERAL}
#   - {width: 7}
#   - {precision: '4'}
# - name: HIP
#   datatype: int32
#   description: '? HIP cross-id number, van Leeuwen, Cat. I/311 (hip_original_ext_source_id)'
#   meta: !!omap
#   - {ucd: ID_NUMBER}
#   - {width: 6}
#   - values: {'null': -2147483648}
# - name: TYC2
#   datatype: string
#   description: Tycho-2 cross-id name, Hog et al., Cat. I/259 (tyc2_original_ext_source_id)
#   meta: !!omap
#   - {ucd: ID_CROSSID}
#   - {_votable_string_dtype: char}
# - name: Source
#   datatype: int64
#   description: Source identifier, identical to the Gaia-EDR3 source_id (id)
#   meta: !!omap
#   - {ucd: ID_MAIN}
#   - {width: 19}
# - name: rgeo
#   unit: pc
#   datatype: float64
#   format: '{:15.8f}'
#   description: '? Median of the geometric distance posterior (r_med_geo)'
#   meta: !!omap
#   - {ucd: PHYS_DISTANCE_TRUE}
#   - {width: 15}
#   - {precision: '8'}
#   - values: {'null': .nan}
# - name: Plx
#   unit: mas
#   datatype: float64
#   format: '{:9.4f}'
#   description: '? Parallax (parallax)'
#   meta: !!omap
#   - {ucd: POS_PARLX_TRIG}
#   - {width: 9}
#   - {precision: '4'}
#   - values: {'null': .nan}
# - name: e_Plx
#   unit: mas
#   datatype: float32
#   format: '{:7.4f}'
#   description: '? Standard error of parallax (parallax_error)'
#   meta: !!omap
#   - {ucd: ERROR}
#   - {width: 7}
#   - {precision: '4'}
#   - values: {'null': .nan}
# - name: pmRA
#   unit: mas / yr
#   datatype: float64
#   format: '{:9.3f}'
#   description: '? Proper motion in right ascension direction, pmRA*cosDE (pmra)'
#   meta: !!omap
#   - {ucd: POS_EQ_PMRA}
#   - {width: 9}
#   - {precision: '3'}
#   - values: {'null': .nan}
# - name: pmDE
#   unit: mas / yr
#   datatype: float64
#   format: '{:9.3f}'
#   description: '? Proper motion in declination direction (pmdec)'
#   meta: !!omap
#   - {ucd: POS_EQ_PMDEC}
#   - {width: 9}
#   - {precision: '3'}
#   - values: {'null': .nan}
# - name: e_pmRA
#   unit: mas / yr
#   datatype: float32
#   format: '{:6.3f}'
#   description: '? Standard error of proper motion in right ascension direction (pmra_error)'
#   meta: !!omap
#   - {ucd: ERROR}
#   - {width: 6}
#   - {precision: '3'}
#   - values: {'null': .nan}
# - name: e_pmDE
[...]
#         unit: &id001 !astropy.units.Unit {unit: deg}
#         value: !astropy.table.SerializedColumn {name: SkyCoord.dec}
#       distance: !astropy.table.SerializedColumn
#         __class__: astropy.coordinates.distances.Distance
#         unit: !astropy.units.Unit {unit: pc}
#         value: !astropy.table.SerializedColumn {name: SkyCoord.distance}
#       frame: icrs
#       obstime: !astropy.time.Time {format: jyear_str, in_subfmt: '*', jd1: 367701545.0, jd2: 0.0, out_subfmt: '*', precision: 3, scale: tt}
#       pm_dec: !astropy.table.SerializedColumn
#         __class__: astropy.units.quantity.Quantity
#         unit: !astropy.units.Unit {unit: mas / yr}
#         value: !astropy.table.SerializedColumn {name: SkyCoord.pm_dec}
#       pm_ra_cosdec: !astropy.table.SerializedColumn
#         __class__: astropy.units.quantity.Quantity
#         unit: !astropy.units.Unit {unit: mas / yr}
#         value: !astropy.table.SerializedColumn {name: SkyCoord.pm_ra_cosdec}
#       ra: !astropy.table.SerializedColumn
#         __class__: astropy.coordinates.angles.Longitude
#         unit: *id001
#         value: !astropy.table.SerializedColumn {name: SkyCoord.ra}
#         wrap_angle: !astropy.coordinates.Angle
#           unit: *id001
#           value: 360.0
#       representation_type: spherical
# schema: astropy-2.0
RA_ICRS_1 DE_ICRS_1 e_RA_ICRS e_DE_ICRS _r_1 HIP TYC2 Source rgeo Plx e_Plx pmRA pmDE e_pmRA e_pmDE RUWE Teff logg Gmag BP-RP BPmag RPmag RV e_RV b_rgeo B_rgeo FG e_FG FBP e_FBP FRP e_FRP RAVE5 RAVE6 e_Gmag e_BPmag e_RPmag e_BP-RP SkyCoord.ra SkyCoord.dec SkyCoord.distance SkyCoord.pm_ra_cosdec SkyCoord.pm_dec Pmemb
[from data line 200]
249.85024940254 -48.76793673094 0.0544 0.0315 17.7141 "" "" 5940874393950884352 1029.71985 0.9476 0.0595 1.11 -4.015 0.074 0.049 0.999 4814.1 4.2516 16.683443 2.285832 17.881292 15.595461 "" "" 968.600586 1090.7572 3995.48623 9.8137 961.39 13.991 4581.1 32.887 "" "" 0.003834515943822439 0.016045056 0.008662293 0.024707349 249.85024940254 -48.76793673094 1029.71985 1.1100000000000005 -4.015 1.0
250.11131452123 -48.86675877093 0.0593 0.0354 8.5657 "" "" 5940861749566473856 1034.34473 0.9579 0.0637 0.966 -4.089 0.077 0.052 1.007 5331.0 3.842 16.685526 2.077052 17.76621 15.689158 "" "" 969.413513 1096.08337 3987.82941 6.4352 1068.9 8.257 4202.4 27.431 "" "" 0.0032651975574782464 0.00883899 0.008031855 0.016870845 250.11131452123 -48.86675877093 1034.34473 0.966 -4.089 0.9
250.55059197735 -48.49735042377 0.0523 0.0343 20.3794 "" "" 5940986922061402112 1190.10645 0.8383 0.0651 0.578 -3.791 0.072 0.047 0.982 "" "" 16.712465 1.904864 17.378452 15.473588 "" "" 1090.42566 1274.93408 3890.09944 2.0855 1527.7 5.9931 5125.3 13.344 "" "" 0.0028161307959365606 0.005091822 0.0047195735 0.009811396 250.55059197735 -48.49735042377 1190.10645 0.578 -3.7909999999999977 0.9
250.19575121366 -48.70178719288 0.0487 0.0308 6.7606 "" "" 5940956994758917760 1279.94458 0.7822 0.0623 0.942 -3.916 0.066 0.044 1.0 4812.5 4.2445 16.718513 2.158944 17.829424 15.67048 "" "" 1183.06592 1374.57825 3868.49011 13.371 1008.4 14.389 4275.3 42.859 "" "" 0.004655613052277572 0.015741767 0.011521775 0.027263543 250.19575121366 -48.70178719288 1279.94458 0.942 -3.916000000000001 1.0
250.28130926123 -48.83668540017 0.0622 0.0367 2.7086 "" "" 5940952837230550144 1202.85461 0.8169 0.0648 1.321 -4.04 0.082 0.053 1.0 4745.7 4.2353 16.725256 2.134002 17.820036 15.686034 "" "" 1127.68481 1291.06763 3844.54295 6.0435 1017.2 8.7323 4214.5 17.223 "" "" 0.003241104873392923 0.009729322 0.0058284197 0.015557742 250.28130926123 -48.83668540017 1202.85461 1.321 -4.04 1.0
250.55091302614 -48.82184943577 0.0623 0.0417 10.1961 "" "" 5937950788197973760 985.954285 1.0034 0.0727 1.514 -4.089 0.087 0.056 0.981 "" "" 16.72693 2.535913 18.111387 15.575474 "" "" 910.031494 1042.86755 3838.61266 5.827 777.79 8.7731 4666.3 18.667 "" "" 0.0032106333749760303 0.0125604095 0.0057574767 0.018317886 250.55091302614 -48.82184943577 985.954285 1.5140000000000007 -4.0889999999999995 0.8
249.81594049498 -48.48475670248 0.0597 0.0342 26.5465 "" "" 5940975445939655168 1091.57861 0.8919 0.0623 1.661 -3.965 0.076 0.052 0.983 "" "" 16.730486 1.831763 17.62887 15.797107 "" "" 1035.26562 1159.52087 3826.0636 4.8168 1213.0 8.5988 3804.7 13.913 "" "" 0.003075736225513024 0.00818678 0.0054815244 0.013668304 249.81594049498 -48.48475670248 1091.57861 1.6609999999999996 -3.965 0.9
250.2690774532 -48.83805754192 0.0555 0.034 2.9325 "" "" 5940952802870405632 1253.64624 0.798 0.0622 1.155 -3.959 0.072 0.048 1.022 8326.0 4.4138 16.730886 2.320866 17.952692 15.631826 "" "" 1156.73987 1346.33618 3824.65353 11.009 900.2 11.904 4430.2 34.342 "" "" 0.004166385255821762 0.014626082 0.009226027 0.02385211 250.2690774532 -48.83805754192 1253.64624 1.1549999999999996 -3.9589999999999996 0.9
250.41757416873 -48.68554268183 0.0581 0.0382 8.0129 "" "" 5940960705573005824 1172.31458 0.842 0.0726 1.396 -3.85 0.077 0.052 0.943 5516.0 3.7397 16.737482 2.505518 18.066496 15.560978 "" "" 1090.03247 1260.79236 3801.4916 3.365 810.62 5.9983 4729.0 10.35 "" "" 0.0029181237656276874 0.008504775 0.004464345 0.01296912 250.41757416873 -48.68554268183 1172.31458 1.3959999999999995 -3.8499999999999996 1.0
250.48220104875 -48.78618749033 0.0752 0.0467 7.3427 "" "" 5937951685887222400 1007.2262 0.9523 0.0837 1.23 -4.166 0.096 0.066 0.953 "" "" 16.741962 1.335001 16.584274 15.249273 "" "" 946.191162 1078.58374 3785.83788 13.172 3174.7 266.18 6301.6 226.75 "" "" 0.004675673386682617 0.09107537 0.03925034 0.1303257 250.48220104875 -48.78618749033 1007.2262 1.23 -4.166 0.8
250.06370733939 -48.36365551136 0.0589 0.0348 27.3536 "" "" 5940979878346261760 1135.47925 0.8567 0.0696 1.627 -3.828 0.073 0.051 0.997 "" "" 16.746355 1.900018 17.695765 15.795747 "" "" 1048.78174 1219.06433 3770.54969 4.3252 1140.5 8.1485 3809.4 17.783 "" "" 0.0030237281533201715 0.008243766 0.0063223913 0.014566157 250.06370733939 -48.36365551136 1135.47925 1.6269999999999998 -3.8279999999999994 0.9
250.05200484462 -48.77610079651 0.0529 0.0346 9.7252 "" "" 5940863398833998720 1112.09277 0.8906 0.062 1.845 -4.267 0.071 0.048 1.057 9437.9 3.9608 16.76599 2.791509 18.332863 15.541354 "" "" 1039.35864 1194.74133 3702.97893 2.9027 634.27 8.7553 4815.2 10.995 "" "" 0.002883772293516713 0.015244731 0.0045199534 0.019764684 250.05200484462 -48.77610079651 1112.09277 1.8449999999999998 -4.267 1.0
250.11180572006 -48.8550488037 0.0616 0.0376 8.2066 "" "" 5940861921365265664 1127.28687 0.8597 0.0694 1.044 -4.119 0.082 0.055 1.038 "" "" 16.770271 2.309555 17.951422 15.641867 "" "" 1038.1012 1210.51697 3688.39983 3.8574 901.26 5.7879 4389.5 26.647 "" "" 0.0029801196267131734 0.007510147 0.0075977794 0.015107926 250.11180572006 -48.8550488037 1127.28687 1.0439999999999992 -4.119 0.9
250.39637120109 -49.01640367883 0.051 0.0355 13.9861 "" "" 5937854516541883392 1124.50415 0.86 0.0656 1.522 -4.052 0.071 0.049 1.0 8936.1 4.2688 16.78785 2.59615 18.186466 15.590316 "" "" 1052.40198 1239.35144 3629.16964 3.6283 725.82 11.479 4602.9 13.904 "" "" 0.0029614265882321237 0.017396364 0.0050040064 0.022400372 250.39637120109 -49.01640367883 1124.50415 1.5220000000000007 -4.051999999999999 1.0
250.35663414716 -48.7719826837 0.0683 0.0399 2.6753 "" "" 5940954108540479616 1215.52332 0.8194 0.0773 1.414 -3.937 0.083 0.062 1.041 8877.6 4.0005 16.791208 2.399666 18.049158 15.649492 "" "" 1086.97546 1320.85938 3617.95927 12.816 823.67 18.802 4358.7 45.452 "" "" 0.00473114871060103 0.024940774 0.011936069 0.036876842 250.35663414716 -48.7719826837 1215.52332 1.4139999999999997 -3.936999999999999 1.0
250.35750013634 -49.07683851122 0.0535 0.0363 17.2161 "" "" 5937852729835482368 1208.28491 0.7898 0.0699 1.025 -4.383 0.074 0.052 1.022 "" "" 16.807024 2.945474 18.494823 15.54935 "" "" 1104.34192 1322.255 3565.6341 4.0171 546.37 9.5826 4779.9 19.04 "" "" 0.003014635343367652 0.01924569 0.0057435334 0.024989223 250.35750013634 -49.07683851122 1208.28491 1.0250000000000001 -4.383 0.9
250.57241087395 -48.48100352089 0.0548 0.036 21.662 "" "" 5937984911756389760 1232.81226 0.7868 0.0689 1.877 -3.735 0.074 0.05 1.04 5308.4 4.6546 16.820164 1.689557 17.62126 15.931703 "" "" 1159.03711 1341.09888 3522.7468 1.7664 1221.6 5.7798 3361.1 7.3437 "" "" 0.0028085903224272482 0.0058458224 0.0044621998 0.010308022 250.57241087395 -48.48100352089 1232.81226 1.8769999999999998 -3.7350000000000003 0.8
250.23606875322 -49.01678321148 0.0547 0.0349 13.6563 "" "" 5940855736612059264 1235.32654 0.7953 0.0651 1.097 -4.313 0.072 0.048 0.942 4857.9 4.1715 16.842134 2.442211 18.162565 15.720354 "" "" 1134.20276 1370.38416 3452.1752 21.633 741.98 20.92 4083.3 87.046 "" "" 0.007340488806029886 0.03073904 0.023451785 0.054190822 250.23606875322 -49.01678321148 1235.32654 1.097 -4.313 1.0
250.11486934969 -48.84108751652 0.0606 0.0368 7.7488 "" "" 5940861955696142848 1235.10376 0.7977 0.0672 0.859 -4.38 0.081 0.054 0.994 "" "" 16.848982 2.211639 17.926569 15.71493 "" "" 1139.65015 1334.62524 3430.4721 10.866 922.12 15.786 4103.8 34.224 "" "" 0.004406692981811268 0.01879524 0.009811695 0.028606936 250.11486934969 -48.84108751652 1235.10376 0.8589999999999997 -4.379999999999999 0.9
249.82813951601 -48.75237095817 0.0583 0.0341 18.686 "" "" 5940877417607885056 1063.46655 0.9211 0.065 1.301 -4.374 0.081 0.052 0.993 8342.6 4.3502 16.870102 2.103729 17.943548 15.839819 "" "" 992.370911 1165.05127 3364.38692 3.5941 907.82 7.2433 3657.9 13.486 "" "" 0.0029894954268349936 0.009101104 0.0055051795 0.014606284 249.82813951601 -48.75237095817 1063.46655 1.301 -4.374 0.8
249.86128152638 -48.76992790091 0.0579 0.0342 17.2693 "" "" 5940874497001263104 984.023438 0.991 0.0651 1.771 -3.914 0.081 0.053 1.024 4625.8 4.397 16.87582 1.97621 17.83263 15.856421 "" "" 917.117004 1051.92017 3346.71299 4.863 1005.5 7.4289 3602.4 25.826 "" "" 0.003175021646248613 0.008493104 0.008652784 0.017145887 249.86128152638 -48.76992790091 984.023438 1.7709999999999995 -3.9139999999999993 0.9
250.21987628871 -48.75887313837 0.0596 0.0388 3.6535 "" "" 5940956548082018944 1116.94165 0.8636 0.0769 1.16 -3.626 0.08 0.059 0.988 8148.9 4.1566 16.882135 2.126708 17.843851 15.717143 "" "" 1033.54993 1224.50623 3327.3032 4.072 995.12 29.375 4095.4 19.301 "" "" 0.00305897645284427 0.032171123 0.006361328 0.03853245 250.21987628871 -48.75887313837 1116.94165 1.1599999999999997 -3.6260000000000003 1.0
250.30495422609 -48.78705085866 0.0724 0.0427 0.47 "" "" 5940953386985988608 992.285339 0.9933 0.0791 0.926 -4.166 0.088 0.059 0.96 4536.3 4.2476 16.903194 2.292367 18.024788 15.732421 "" "" 916.374329 1079.90784 3263.39278 6.485 842.37 17.305 4038.2 40.177 "" "" 0.0034995568962672974 0.022478364 0.011444309 0.033922672 250.30495422609 -48.78705085866 992.285339 0.9260000000000006 -4.166 1.0
250.27131233303 -48.82133177497 0.0625 0.037 1.9898 "" "" 5940952905949631232 1084.26953 0.8835 0.0667 1.211 -4.252 0.082 0.055 0.999 "" "" 16.92694 2.128084 17.928484 15.8004 "" "" 1013.94708 1167.82849 3192.78857 50.238 920.5 46.275 3793.1 157.0 "" "" 0.01730464364603736 0.054652955 0.045098286 0.09975124 250.27131233303 -48.82133177497 1084.26953 1.2110000000000005 -4.251999999999999 1.0
250.27361989706 -48.55367046257 0.0663 0.0406 14.3707 "" "" 5940965619053743232 1175.7439 0.8391 0.0825 0.33 -4.12 0.09 0.057 0.973 "" "" 16.930962 1.754974 17.755219 16.000244 "" "" 1088.01013 1277.09106 3180.98708 1.923 1079.8 7.622 3155.4 9.4257 "" "" 0.002832418929985366 0.008156006 0.004980216 0.013136222 250.27361989706 -48.55367046257 1175.7439 0.32999999999999996 -4.12 1.0
250.3559231355 -48.78933181725 0.0732 0.0458 2.3492 "" "" 5940954069845327232 1083.34631 0.9147 0.087 1.247 -4.139 0.091 0.066 1.074 3922.3 4.0503 16.947027 2.531918 18.307844 15.775927 "" "" 1004.78259 1195.63232 3134.26652 4.5358 649.05 14.56 3879.6 25.452 "" "" 0.00317184201187451 0.024515385 0.008063498 0.03257888 250.3559231355 -48.78933181725 1083.34631 1.2470000000000003 -4.139 0.8
249.81624372929 -48.54898333742 0.0676 0.0392 24.0052 "" "" 5940974827464300672 1086.27222 0.9089 0.0698 1.267 -4.106 0.086 0.06 0.995 4755.2 4.2346 16.959705 2.163613 18.054842 15.891229 "" "" 1008.26898 1170.93848 3097.88274 9.3235 819.37 13.875 3488.7 27.927 "" "" 0.004274279088827488 0.018596087 0.009477473 0.02807356 249.81624372929 -48.54898333742 1086.27222 1.2670000000000001 -4.106000000000002 0.9
250.43531064761 -48.64116137863 0.0648 0.0424 10.6193 "" "" 5940961221007450624 1119.50586 0.8677 0.0785 1.303 -3.69 0.087 0.059 1.02 4596.7 4.2764 16.964308 2.325824 18.201952 15.876128 "" "" 1019.83929 1214.61804 3084.77452 7.9462 715.54 12.344 3537.6 26.975 "" "" 0.003926046629371306 0.018937046 0.00910084 0.028037887 250.43531064761 -48.64116137863 1119.50586 1.3030000000000008 -3.6900000000000004 0.9
