Clusters/NGC_6193/NGC_6193_stars_in_region.tsv
# %ECSV 1.0
# ---
# datatype:
# - name: RA_ICRS_1
#   unit: deg
#   datatype: float64
#   format: '{:15.11f}'
#   description: Right ascension (ICRS) at Ep=2016.0 (ra)
#   meta: !!omap
#   - {ucd: POS_EQ_RA_MAIN}
#   - {width: 15}
#   - {precision: '11'}
# - name: DE_ICRS_1
#   unit: deg
#   datatype: float64
#   format: '{:15.11f}'
#   description: Declination (ICRS) at Ep=2016.0 (dec)
#   meta: !!omap
#   - {ucd: POS_EQ_DEC_MAIN}
#   - {width: 15}
#   - {precision: '11'}
# - name: e_RA_ICRS
#   unit: mas
#   datatype: float64
#   format: '{:7.4f}'
#   description: Standard error of right ascension (ra_error)
#   meta: !!omap
#   - {ucd: ERROR}
#   - {width: 7}
#   - {precision: '4'}
# - name: e_DE_ICRS
#   unit: mas
#   datatype: float64
#   format: '{:7.4f}'
#   description: Standard error of declination (dec_error)
#   meta: !!omap
#   - {ucd: ERROR}
#   - {width: 7}
#   - {precision: '4'}
# - name: _r_1
#   unit: ''
#   datatype: float64
#   format: '{:7.4f}'
#   description: Distance from center (250.29671121000-48.79269565000)[ICRS], at Epoch=J2016.0
#   meta: !!omap
#   - {ucd: POS_ANG_DIST_GENERAL}
#   - {width: 7}
#   - {precision: '4'}
# - name: HIP
#   datatype: int32
#   description: '? HIP cross-id number, van Leeuwen, Cat. I/311 (hip_original_ext_source_id)'
#   meta: !!omap
#   - {ucd: ID_NUMBER}
#   - {width: 6}
#   - values: {'null': -2147483648}
# - name: TYC2
#   datatype: string
#   description: Tycho-2 cross-id name, Hog et al., Cat. I/259 (tyc2_original_ext_source_id)
#   meta: !!omap
#   - {ucd: ID_CROSSID}
#   - {_votable_string_dtype: char}
# - name: Source
#   datatype: int64
#   description: Source identifier, identical to the Gaia-EDR3 source_id (id)
#   meta: !!omap
#   - {ucd: ID_MAIN}
#   - {width: 19}
# - name: rgeo
#   unit: pc
#   datatype: float64
#   format: '{:15.8f}'
#   description: '? Median of the geometric distance posterior (r_med_geo)'
#   meta: !!omap
#   - {ucd: PHYS_DISTANCE_TRUE}
#   - {width: 15}
#   - {precision: '8'}
#   - values: {'null': .nan}
# - name: Plx
#   unit: mas
#   datatype: float64
#   format: '{:9.4f}'
#   description: '? Parallax (parallax)'
#   meta: !!omap
#   - {ucd: POS_PARLX_TRIG}
#   - {width: 9}
#   - {precision: '4'}
#   - values: {'null': .nan}
# - name: e_Plx
#   unit: mas
#   datatype: float32
#   format: '{:7.4f}'
#   description: '? Standard error of parallax (parallax_error)'
#   meta: !!omap
#   - {ucd: ERROR}
#   - {width: 7}
#   - {precision: '4'}
#   - values: {'null': .nan}
# - name: pmRA
#   unit: mas / yr
#   datatype: float64
#   format: '{:9.3f}'
#   description: '? Proper motion in right ascension direction, pmRA*cosDE (pmra)'
#   meta: !!omap
#   - {ucd: POS_EQ_PMRA}
#   - {width: 9}
#   - {precision: '3'}
#   - values: {'null': .nan}
# - name: pmDE
#   unit: mas / yr
#   datatype: float64
#   format: '{:9.3f}'
#   description: '? Proper motion in declination direction (pmdec)'
#   meta: !!omap
#   - {ucd: POS_EQ_PMDEC}
#   - {width: 9}
#   - {precision: '3'}
#   - values: {'null': .nan}
# - name: e_pmRA
#   unit: mas / yr
#   datatype: float32
#   format: '{:6.3f}'
#   description: '? Standard error of proper motion in right ascension direction (pmra_error)'
#   meta: !!omap
#   - {ucd: ERROR}
#   - {width: 6}
#   - {precision: '3'}
#   - values: {'null': .nan}
# - name: e_pmDE
[...]
#         value: !astropy.table.SerializedColumn {name: SkyCoord.dec}
#       distance: !astropy.table.SerializedColumn
#         __class__: astropy.coordinates.distances.Distance
#         unit: !astropy.units.Unit {unit: pc}
#         value: !astropy.table.SerializedColumn {name: SkyCoord.distance}
#       frame: icrs
#       obstime: !astropy.time.Time {format: jyear_str, in_subfmt: '*', jd1: 367701545.0, jd2: 0.0, out_subfmt: '*', precision: 3, scale: tt}
#       pm_dec: !astropy.table.SerializedColumn
#         __class__: astropy.units.quantity.Quantity
#         unit: !astropy.units.Unit {unit: mas / yr}
#         value: !astropy.table.SerializedColumn {name: SkyCoord.pm_dec}
#       pm_ra_cosdec: !astropy.table.SerializedColumn
#         __class__: astropy.units.quantity.Quantity
#         unit: !astropy.units.Unit {unit: mas / yr}
#         value: !astropy.table.SerializedColumn {name: SkyCoord.pm_ra_cosdec}
#       ra: !astropy.table.SerializedColumn
#         __class__: astropy.coordinates.angles.Longitude
#         unit: *id001
#         value: !astropy.table.SerializedColumn {name: SkyCoord.ra}
#         wrap_angle: !astropy.coordinates.Angle
#           unit: *id001
#           value: 360.0
#       representation_type: spherical
# schema: astropy-2.0
RA_ICRS_1 DE_ICRS_1 e_RA_ICRS e_DE_ICRS _r_1 HIP TYC2 Source rgeo Plx e_Plx pmRA pmDE e_pmRA e_pmDE RUWE Teff logg Gmag BP-RP BPmag RPmag RV e_RV b_rgeo B_rgeo FG e_FG FBP e_FBP FRP e_FRP RAVE5 RAVE6 e_Gmag e_BPmag e_RPmag e_BP-RP SkyCoord.ra SkyCoord.dec SkyCoord.distance SkyCoord.pm_ra_cosdec SkyCoord.pm_dec rmRA rmDE e_rmRA e_rmDE rRV e_rRV v_pec v_pec3d e_vpec e_vpec3d
[from data line 2314]
249.67262555891 -48.95797228407 0.1341 0.0808 26.5491 "" "" 5940868449715887360 1252.74976 0.8733 0.1687 0.337 -4.457 0.212 0.12 3.326 9385.0 3.7548 16.418783 2.064918 17.409752 15.344834 "" "" 1033.28101 1510.21094 5098.39587 9.4646 1484.3 7.7038 5770.6 8.2077 "" "" 0.0034138278303153693 0.0062881056 0.004082709 0.010370815 249.67262555891 -48.95797228407 1252.74976 0.3370000000000004 -4.457000000000003 -0.8994867925643921 -0.3965394325256346 0.54912865 0.45712867 "" "" 5.83718095211561 "" 3.124271640864634 ""
249.99933545397 -48.59367681468 0.0476 0.0287 16.7721 "" "" 5940970979178478080 1175.38086 0.8284 0.0595 1.979 3.707 0.062 0.042 1.038 9522.5 4.0089 16.420992 1.778194 17.271162 15.492968 "" "" 1110.77319 1240.68799 5088.03383 2.4431 1686.4 5.8379 5034.7 9.3193 "" "" 0.002804207179140424 0.0046809986 0.004280499 0.008961498 249.99933545397 -48.59367681468 1175.38086 1.979 3.707 0.742513207435608 7.767460567474365 0.39912868 0.37912866 "" "" 43.47216697983464 "" 16.489623318578037 ""
249.30377565509 -48.97622071734 0.0477 0.0297 40.6938 "" "" 5940894597480590976 929.229553 1.065 0.0559 1.229 -15.303 0.067 0.043 1.07 4677.2 4.6499 16.421633 1.406993 17.032148 15.625155 "" "" 877.225037 980.011108 5085.03419 2.6815 2101.6 10.646 4457.5 13.366 "" "" 0.0028141775116402703 0.0061672335 0.0049882685 0.011155502 249.30377565509 -48.97622071734 929.229553 1.2290000000000014 -15.303 -0.0074867925643919975 -11.242539432525636 0.40412867 0.38012868 "" "" 49.51831646547371 "" 18.823332899700855 ""
250.61163141211 -48.46535660811 0.0558 0.0381 23.2745 "" "" 5937985014835800448 1005.31726 0.9777 0.0728 -4.954 -7.412 0.075 0.051 1.404 "" "" 16.422005 1.573274 17.06072 15.487447 "" "" 937.174194 1066.07178 5083.29224 3.8855 2047.0 14.445 5060.3 39.747 "" "" 0.0028775900720152715 0.008153918 0.009328037 0.017481955 250.61163141211 -48.46535660811 1005.31726 -4.954 -7.412000000000001 -6.190486792564392 -3.3515394325256347 0.4121287 0.38812867 "" "" 33.54478188381445 "" 13.646440719161786 ""
249.38600551039 -48.64140789303 0.0446 0.0278 37.1768 "" "" 5940923528381941632 1164.3324 0.8374 0.0528 -8.026 -9.835 0.056 0.041 0.992 "" "" 16.422348 1.588427 17.15928 15.570854 "" "" 1099.19275 1235.16602 5081.68064 2.32 1869.4 6.2796 4686.2 8.0708 "" "" 0.0027995521127852302 0.004592034 0.004216667 0.0088087 249.38600551039 -48.64140789303 1164.3324 -8.026 -9.835 -9.262486792564392 -5.774539432525636 0.39312866 0.37812868 "" "" 60.23962227362485 "" 23.432530850896235 ""
250.7805290289 -48.61429211994 0.0557 0.0326 21.9454 "" "" 5937980238832017792 1265.23352 0.7747 0.0626 -4.543 -6.693 0.07 0.047 1.02 "" "" 16.423103 2.148016 17.522165 15.374149 "" "" 1172.07751 1376.37012 5078.15153 2.2906 1338.3 6.733 5616.9 9.1772 "" "" 0.0027985062553083397 0.006133702 0.004174994 0.010308696 250.7805290289 -48.61429211994 1265.23352 -4.542999999999999 -6.693 -5.779486792564392 -2.6325394325256344 0.40712866 0.38412866 "" "" 38.08709491736687 "" 15.359381981697764 ""
250.43970537733 -48.75705346507 0.0707 0.0424 6.0451 "" "" 5937951960771797120 1015.44977 0.966 0.0782 1.116 -4.302 0.079 0.058 1.069 7122.5 4.3279 16.424965 2.28513 17.619307 15.334177 "" "" 941.104858 1086.46423 5069.45144 9.3968 1223.8 12.853 5827.6 32.565 "" "" 0.0034120499072666103 0.011739378 0.007148019 0.018887397 250.43970537733 -48.75705346507 1015.44977 1.116 -4.302 -0.12048679256439199 -0.24153943252563437 0.41612867 0.39512867 "" "" 1.2992014504048155 "" 0.5189023861475083 ""
250.69711720493 -48.20926541518 0.0429 0.0283 38.4552 "" "" 5937995494556538752 912.11554 1.077 0.052 6.231 2.313 0.055 0.04 0.985 5018.2 4.6305 16.42517 1.391909 17.039402 15.647493 "" "" 874.695801 957.750732 5068.48691 2.2211 2087.6 7.3899 4366.8 8.9074 "" "" 0.0027960980404930632 0.004749397 0.0043804743 0.009129871 250.69711720493 -48.20926541518 912.11554 6.231 2.3129999999999997 4.994513207435608 6.373460567474366 0.39212868 0.37712866 "" "" 35.00806262152878 "" 13.404755009961807 ""
250.76460845616 -48.31375389559 0.0494 0.03 34.2213 "" "" 5937992677057900160 1199.50049 0.8224 0.0588 -1.433 -4.133 0.067 0.046 0.99 5248.1 4.3644 16.425772 1.599848 17.168846 15.568998 "" "" 1138.1792 1271.74219 5065.67983 4.9671 1853.0 9.8639 4694.2 13.67 "" "" 0.0029538412707501996 0.006417849 0.004927531 0.01134538 250.76460845616 -48.31375389559 1199.50049 -1.433 -4.133000000000004 -2.669486792564392 -0.07253943252563477 0.40412867 0.38312867 "" "" 15.183322986637645 "" 6.135786978118142 ""
250.2102852028 -49.17921146389 0.0403 0.027 23.4393 "" "" 5940848349267918208 903.592285 1.0809 0.0516 -16.464 -27.956 0.056 0.039 1.047 4411.0 4.4351 16.426792 1.595454 17.178997 15.583543 "" "" 868.372437 947.8526 5060.92444 2.077 1835.8 7.6763 4631.7 9.9438 "" "" 0.0027911172867305296 0.005328806 0.004440398 0.009769204 250.2102852028 -49.17921146389 903.592285 -16.46399999999999 -27.956000000000003 -17.70048679256439 -23.895539432525634 0.39312866 0.37612867 "" "" 127.36545746251926 "" 48.68394714150039 ""
250.92310075633 -48.43180574408 0.0462 0.0315 32.959 "" "" 5937988175932078208 880.318542 1.1253 0.0554 0.064 -20.995 0.063 0.043 0.944 4597.2 4.502 16.427305 1.329595 17.023354 15.693759 "" "" 847.304932 921.371948 5058.53207 2.3247 2118.7 5.8784 4184.6 7.0572 "" "" 0.00280013421419515 0.0041060513 0.0041995845 0.008305635 250.92310075633 -48.43180574408 880.318542 0.06400000000000006 -20.995 -1.172486792564392 -16.934539432525636 0.40012866 0.38012868 "" "" 70.83208542087219 "" 26.932242676444023 ""
251.03992966975 -49.11348640528 0.0475 0.0315 35.0422 "" "" 5937928905380102400 872.065491 1.1325 0.0613 -0.145 -2.23 0.054 0.041 1.036 5240.1 4.6755 16.427652 1.693808 17.226166 15.532358 "" "" 826.532715 921.098755 5056.91971 3.0566 1757.7 7.0467 4855.3 11.016 "" "" 0.0028323962347783843 0.0051702634 0.0045113177 0.009681581 251.03992966975 -49.11348640528 872.065491 -0.14500000000000002 -2.23 -1.381486792564392 1.8304605674743653 0.39112866 0.37812868 "" "" 9.479442843508242 "" 3.629653557064808 ""
251.30914715067 -48.72196343386 0.0438 0.0324 40.2708 "" "" 5937922858036814080 1155.90625 0.8329 0.057 -5.837 -12.331 0.06 0.048 1.013 8620.6 4.088 16.428219 2.270326 17.573322 15.302997 "" "" 1087.4967 1234.04858 5054.27913 3.282 1276.7 6.3008 5997.4 16.123 "" "" 0.002844089963156951 0.0060412725 0.0047752727 0.010816545 251.30914715067 -48.72196343386 1155.90625 -5.837 -12.331000000000001 -7.073486792564392 -8.270539432525634 0.39712867 0.38512868 "" "" 59.62699031755581 "" 23.269026623734575 ""
250.16584282298 -48.24003220423 0.0482 0.0296 33.5652 "" "" 5941005648151637632 1092.75354 0.8891 0.0562 -4.25 -9.477 0.062 0.043 1.06 4994.9 4.6332 16.428568 1.462827 17.07 15.607173 "" "" 1035.12805 1156.43921 5052.65835 2.5424 2029.6 7.3246 4532.0 13.135 "" "" 0.0028089600391890982 0.0048102112 0.0049179127 0.009728124 250.16584282298 -48.24003220423 1092.75354 -4.25 -9.477000000000004 -5.486486792564392 -5.416539432525635 0.39912868 0.38012868 "" "" 39.93388469824936 "" 15.568876235732235 ""
249.58179842497 -48.41241955867 0.0912 0.058 36.4029 "" "" 5941026401411807232 1194.83984 0.8491 0.1135 -5.011 -4.758 0.113 0.08 2.029 5727.4 4.5221 16.428593 1.823333 17.050495 15.227162 "" "" 1033.33008 1398.86035 5052.53995 7.8011 2066.4 22.089 6431.2 33.402 "" "" 0.0032252150936808274 0.011936767 0.006788404 0.018725172 249.58179842497 -48.41241955867 1194.83984 -5.010999999999999 -4.757999999999997 -6.247486792564392 -0.6975394325256348 0.45012867 0.41712868 "" "" 35.602754989061836 "" 16.011879264459896 ""
249.4081205778 -49.15387631937 0.0465 0.0298 41.1627 "" "" 5940884049015321088 1168.14771 0.8186 0.0565 -3.035 -4.292 0.059 0.044 1.045 5294.1 4.3257 16.428595 1.786761 17.203821 15.41706 "" "" 1103.78772 1239.8512 5052.52692 2.7356 1794.3 12.494 5399.3 80.234 "" "" 0.0028173320306581705 0.008058598 0.016570864 0.024629463 249.4081205778 -49.15387631937 1168.14771 -3.035 -4.292 -4.271486792564392 -0.23153943252563458 0.39612865 0.38112867 "" "" 23.686029907058703 "" 9.381693928591144 ""
250.05151490284 -49.17447516113 0.0424 0.0287 24.8583 "" "" 5940847662073319168 909.76001 1.0842 0.0529 -5.99 -6.217 0.061 0.041 1.101 4472.0 4.5269 16.431938 1.497037 17.119532 15.622495 "" "" 865.995728 964.559937 5036.9975 2.4898 1939.1 6.0972 4468.5 7.3185 "" "" 0.0028071011696126046 0.004409077 0.0041768146 0.008585892 250.05151490284 -49.17447516113 909.76001 -5.99 -6.2170000000000005 -7.226486792564392 -2.1565394325256344 0.39812866 0.37812868 "" "" 32.52051309716491 "" 12.895393908369238 ""
249.47494811105 -48.70885687933 0.0464 0.0294 32.8958 "" "" 5940920126770031104 1283.75317 0.7399 0.0545 -1.694 -2.903 0.061 0.042 1.004 8223.6 4.2477 16.43205 1.505326 17.107971 15.602645 "" "" 1206.27368 1368.37561 5036.46827 2.3212 1959.9 9.8007 4550.9 7.644 "" "" 0.0028003896189068406 0.0061043296 0.00419637 0.0103007 249.47494811105 -48.70885687933 1283.75317 -1.694000000000001 -2.903000000000003 -2.930486792564392 1.1574605674743652 0.39812866 0.37912866 "" "" 19.1725162433734 "" 7.584990013421055 ""
250.24571788696 -48.93077262307 0.0497 0.0302 8.5256 "" "" 5940858279232747520 1156.04993 0.842 0.0544 1.321 -4.268 0.064 0.042 1.011 5194.2 4.2305 16.433289 2.131773 17.51983 15.388058 "" "" 1091.73145 1225.74915 5030.73064 8.4059 1341.2 9.5697 5545.4 25.065 "" "" 0.003298938372021427 0.008234065 0.006194123 0.014428188 250.24571788696 -48.93077262307 1156.04993 1.3210000000000002 -4.268 0.08451320743560786 -0.20753943252563456 0.40112868 0.37912866 "" "" 1.227925708130279 "" 0.46947913426009275 ""
250.47489855991 -49.35431481567 0.0444 0.0279 34.4173 "" "" 5937840325969787008 1053.1897 0.9173 0.0534 -0.014 -12.568 0.052 0.037 0.959 "" "" 16.433596 1.697212 17.241262 15.54405 "" "" 996.858948 1112.69287 5029.31331 2.1587 1733.5 8.1649 4803.3 6.5226 "" "" 0.0027944529669889436 0.00582554 0.0040567825 0.0098823225 250.47489855991 -49.35431481567 1053.1897 -0.013999999999998902 -12.567999999999994 -1.250486792564392 -8.507539432525634 0.38912868 0.37412867 "" "" 42.926984167012016 "" 16.07409970094945 ""
250.40470160354 -48.1292750678 0.0425 0.0284 40.0365 "" "" 5941001628061817472 1111.83899 0.8787 0.0528 -5.075 -0.774 0.057 0.04 1.042 8909.9 4.2296 16.434326 1.550354 17.148989 15.598635 "" "" 1050.09717 1180.96997 5025.92417 2.1195 1887.2 6.5369 4567.8 7.1289 "" "" 0.002793104716589708 0.0046827914 0.0041418634 0.008824655 250.40470160354 -48.1292750678 1111.83899 -5.075000000000001 -0.7739999999999999 -6.311486792564392 3.286460567474365 0.39412868 0.37712866 "" "" 37.50149676151643 "" 14.64675663142461 ""
249.63060744577 -49.07024065012 0.0428 0.0267 31.0917 "" "" 5940843951225160960 1028.33752 0.935 0.0512 0.978 -2.586 0.056 0.039 0.982 4846.1 4.335 16.434496 1.684293 17.235703 15.55141 "" "" 973.80011 1082.724 5025.14331 5.4112 1742.4 8.6649 4770.8 15.802 "" "" 0.002993108094398465 0.00607765 0.00521694 0.01129459 249.63060744577 -49.07024065012 1028.33752 0.9780000000000001 -2.5859999999999994 -0.2584867925643921 1.4744605674743654 0.39312866 0.37612867 "" "" 7.296596948337754 "" 2.74823887498453 ""
250.09252419133 -48.48662322541 0.054 0.0339 20.0695 "" "" 5940978293460380160 964.19043 1.0287 0.0654 -1.133 -1.937 0.067 0.047 1.189 4399.6 4.3705 16.435015 1.642839 17.167282 15.524443 "" "" 921.031494 1025.92468 5022.74577 3.139 1855.7 7.4667 4890.8 16.45 "" "" 0.002837640516364679 0.0051836255 0.0052554333 0.010439059 250.09252419133 -48.48662322541 964.19043 -1.133 -1.9370000000000016 -2.369486792564392 2.123460567474365 0.40412867 0.38412866 "" "" 14.541447067258268 "" 5.748896270782498 ""
249.33004305559 -48.84193041475 0.0458 0.0289 38.3047 "" "" 5940897243180520832 1049.33496 0.9414 0.0533 -11.634 -14.66 0.064 0.043 1.022 5726.7 4.6051 16.435862 1.612431 17.172482 15.560051 "" "" 975.74176 1125.58032 5018.82682 2.272 1846.8 6.6185 4733.0 11.146 "" "" 0.0027988157018068328 0.0047880188 0.0045630317 0.0093510505 249.33004305559 -48.84193041475 1049.33496 -11.634 -14.66 -12.870486792564392 -10.599539432525635 0.40112868 0.38012868 "" "" 82.93056444604304 "" 32.57321773387719 ""
250.83418214785 -48.92074160999 0.0449 0.0299 22.5656 "" "" 5937940244094038016 1256.27026 0.7805 0.0576 0.672 -4.736 0.06 0.04 1.006 8313.5 4.4108 16.436428 1.885776 17.361353 15.475576 "" "" 1167.23755 1344.67749 5016.20794 7.4267 1551.9 10.947 5116.0 29.8 "" "" 0.003189948304130442 0.008151128 0.0073674996 0.015518628 250.83418214785 -48.92074160999 1256.27026 0.6720000000000004 -4.735999999999999 -0.564486792564392 -0.6755394325256345 0.39712867 0.37712866 "" "" 5.242180291554687 "" 2.0207421194631796 ""
250.09022204346 -49.37097729835 0.0425 0.0276 35.6332 "" "" 5940822132790101120 940.650574 1.0476 0.0519 -5.128 -6.282 0.053 0.04 0.967 4682.2 4.4806 16.43726 1.356433 17.049557 15.693124 "" "" 900.294678 1003.68732 5012.36472 2.0979 2068.2 5.3836 4187.1 7.6665 "" "" 0.002792542830194773 0.003971463 0.00427033 0.008241793 250.09022204346 -49.37097729835 940.650574 -5.128 -6.282 -6.364486792564392 -2.221539432525635 0.39012867 0.37712866 "" "" 30.056267598456127 "" 11.68400870604084 ""
251.06952297282 -49.19558185857 0.0494 0.0334 38.858 "" "" 5937881042269628928 1004.59723 0.9703 0.0589 -0.976 -4.537 0.059 0.045 0.955 5248.1 4.6282 16.437368 1.523472 17.124292 15.600821 "" "" 950.692078 1065.92615 5011.86459 2.3123 1930.6 6.6208 4558.6 16.052 "" "" 0.002800484089574759 0.004652841 0.0053758947 0.010028736 251.06952297282 -49.19558185857 1004.59723 -0.9759999999999991 -4.536999999999996 -2.212486792564392 -0.4765394325256347 0.39612865 0.38212866 "" "" 10.777004391950042 "" 4.26250427908477 ""
249.70762126058 -49.15408734322 0.0465 0.0296 31.7561 "" "" 5940839140861709440 1052.66455 0.9356 0.0566 0.394 -4.906 0.064 0.042 1.006 4737.0 4.3853 16.438013 1.531926 17.146032 15.614106 "" "" 984.695557 1113.00854 5008.89124 2.0565 1892.4 6.778 4503.1 10.41 "" "" 0.0027911468669936093 0.004786191 0.004536907 0.009323098 249.70762126058 -49.15408734322 1052.66455 0.39400000000000035 -4.906000000000001 -0.8424867925643921 -0.8455394325256345 0.40112868 0.37912866 "" "" 5.95570586670691 "" 2.3241781673993858 ""
250.09681049165 -48.62957441768 0.0472 0.0285 12.5868 "" "" 5940959640458717184 1038.849 0.9445 0.0558 6.056 1.424 0.066 0.043 0.985 5003.5 4.6376 16.441538 1.426511 17.092772 15.666261 "" "" 976.271118 1107.16492 4992.65335 1.9584 1987.5 6.7578 4291.9 7.5354 "" "" 0.0027880403588963925 0.004627467 0.004232911 0.008860378 250.09681049165 -48.62957441768 1038.849 6.056000000000004 1.4240000000000015 4.819513207435608 5.484460567474365 0.40312868 0.38012868 "" "" 35.95199138368434 "" 14.032681587593512 ""
249.65650896061 -48.6314425191 0.0478 0.0284 27.1297 "" "" 5940925967909065600 1069.57214 0.9255 0.0528 -6.696 -4.998 0.058 0.042 1.001 "" "" 16.442274 1.521959 17.045385 15.523426 "" "" 1016.72485 1125.15247 4989.27211 2.5605 2076.2 10.786 4895.4 33.733 "" "" 0.0028110962905221575 0.006292852 0.008381957 0.014674809 249.65650896061 -48.6314425191 1069.57214 -6.695999999999998 -4.997999999999999 -7.932486792564392 -0.937539432525635 0.39512867 0.37912866 "" "" 40.49580961431396 "" 15.992307434402573 ""
250.93277047953 -48.35954874156 0.0464 0.0312 36.2348 "" "" 5937989992659083904 1196.6947 0.8387 0.0572 -0.287 -8.828 0.063 0.046 1.01 7049.8 4.3177 16.442919 1.748033 17.280907 15.532874 "" "" 1121.34058 1293.99597 4986.30976 2.6693 1671.3 9.18 4853.0 11.156 "" "" 0.002815956153912307 0.0065840897 0.0045291404 0.01111323 250.93277047953 -48.35954874156 1196.6947 -0.28700000000000214 -8.828 -1.523486792564392 -4.767539432525634 0.40012866 0.38312867 "" "" 28.390263627133063 "" 10.922738238012473 ""
