Clusters/NGC_6193/NGC_6193_stars_in_region.tsv
# %ECSV 1.0
# ---
# datatype:
# - name: RA_ICRS_1
#   unit: deg
#   datatype: float64
#   format: '{:15.11f}'
#   description: Right ascension (ICRS) at Ep=2016.0 (ra)
#   meta: !!omap
#   - {ucd: POS_EQ_RA_MAIN}
#   - {width: 15}
#   - {precision: '11'}
# - name: DE_ICRS_1
#   unit: deg
#   datatype: float64
#   format: '{:15.11f}'
#   description: Declination (ICRS) at Ep=2016.0 (dec)
#   meta: !!omap
#   - {ucd: POS_EQ_DEC_MAIN}
#   - {width: 15}
#   - {precision: '11'}
# - name: e_RA_ICRS
#   unit: mas
#   datatype: float64
#   format: '{:7.4f}'
#   description: Standard error of right ascension (ra_error)
#   meta: !!omap
#   - {ucd: ERROR}
#   - {width: 7}
#   - {precision: '4'}
# - name: e_DE_ICRS
#   unit: mas
#   datatype: float64
#   format: '{:7.4f}'
#   description: Standard error of declination (dec_error)
#   meta: !!omap
#   - {ucd: ERROR}
#   - {width: 7}
#   - {precision: '4'}
# - name: _r_1
#   unit: ''
#   datatype: float64
#   format: '{:7.4f}'
#   description: Distance from center (250.29671121000-48.79269565000)[ICRS], at Epoch=J2016.0
#   meta: !!omap
#   - {ucd: POS_ANG_DIST_GENERAL}
#   - {width: 7}
#   - {precision: '4'}
# - name: HIP
#   datatype: int32
#   description: '? HIP cross-id number, van Leeuwen, Cat. I/311 (hip_original_ext_source_id)'
#   meta: !!omap
#   - {ucd: ID_NUMBER}
#   - {width: 6}
#   - values: {'null': -2147483648}
# - name: TYC2
#   datatype: string
#   description: Tycho-2 cross-id name, Hog et al., Cat. I/259 (tyc2_original_ext_source_id)
#   meta: !!omap
#   - {ucd: ID_CROSSID}
#   - {_votable_string_dtype: char}
# - name: Source
#   datatype: int64
#   description: Source identifier, identical to the Gaia-EDR3 source_id (id)
#   meta: !!omap
#   - {ucd: ID_MAIN}
#   - {width: 19}
# - name: rgeo
#   unit: pc
#   datatype: float64
#   format: '{:15.8f}'
#   description: '? Median of the geometric distance posterior (r_med_geo)'
#   meta: !!omap
#   - {ucd: PHYS_DISTANCE_TRUE}
#   - {width: 15}
#   - {precision: '8'}
#   - values: {'null': .nan}
# - name: Plx
#   unit: mas
#   datatype: float64
#   format: '{:9.4f}'
#   description: '? Parallax (parallax)'
#   meta: !!omap
#   - {ucd: POS_PARLX_TRIG}
#   - {width: 9}
#   - {precision: '4'}
#   - values: {'null': .nan}
# - name: e_Plx
#   unit: mas
#   datatype: float32
#   format: '{:7.4f}'
#   description: '? Standard error of parallax (parallax_error)'
#   meta: !!omap
#   - {ucd: ERROR}
#   - {width: 7}
#   - {precision: '4'}
#   - values: {'null': .nan}
# - name: pmRA
#   unit: mas / yr
#   datatype: float64
#   format: '{:9.3f}'
#   description: '? Proper motion in right ascension direction, pmRA*cosDE (pmra)'
#   meta: !!omap
#   - {ucd: POS_EQ_PMRA}
#   - {width: 9}
#   - {precision: '3'}
#   - values: {'null': .nan}
# - name: pmDE
#   unit: mas / yr
#   datatype: float64
#   format: '{:9.3f}'
#   description: '? Proper motion in declination direction (pmdec)'
#   meta: !!omap
#   - {ucd: POS_EQ_PMDEC}
#   - {width: 9}
#   - {precision: '3'}
#   - values: {'null': .nan}
# - name: e_pmRA
#   unit: mas / yr
#   datatype: float32
#   format: '{:6.3f}'
#   description: '? Standard error of proper motion in right ascension direction (pmra_error)'
#   meta: !!omap
#   - {ucd: ERROR}
#   - {width: 6}
#   - {precision: '3'}
#   - values: {'null': .nan}
# - name: e_pmDE
[...]
#         value: !astropy.table.SerializedColumn {name: SkyCoord.dec}
#       distance: !astropy.table.SerializedColumn
#         __class__: astropy.coordinates.distances.Distance
#         unit: !astropy.units.Unit {unit: pc}
#         value: !astropy.table.SerializedColumn {name: SkyCoord.distance}
#       frame: icrs
#       obstime: !astropy.time.Time {format: jyear_str, in_subfmt: '*', jd1: 367701545.0, jd2: 0.0, out_subfmt: '*', precision: 3, scale: tt}
#       pm_dec: !astropy.table.SerializedColumn
#         __class__: astropy.units.quantity.Quantity
#         unit: !astropy.units.Unit {unit: mas / yr}
#         value: !astropy.table.SerializedColumn {name: SkyCoord.pm_dec}
#       pm_ra_cosdec: !astropy.table.SerializedColumn
#         __class__: astropy.units.quantity.Quantity
#         unit: !astropy.units.Unit {unit: mas / yr}
#         value: !astropy.table.SerializedColumn {name: SkyCoord.pm_ra_cosdec}
#       ra: !astropy.table.SerializedColumn
#         __class__: astropy.coordinates.angles.Longitude
#         unit: *id001
#         value: !astropy.table.SerializedColumn {name: SkyCoord.ra}
#         wrap_angle: !astropy.coordinates.Angle
#           unit: *id001
#           value: 360.0
#       representation_type: spherical
# schema: astropy-2.0
RA_ICRS_1 DE_ICRS_1 e_RA_ICRS e_DE_ICRS _r_1 HIP TYC2 Source rgeo Plx e_Plx pmRA pmDE e_pmRA e_pmDE RUWE Teff logg Gmag BP-RP BPmag RPmag RV e_RV b_rgeo B_rgeo FG e_FG FBP e_FBP FRP e_FRP RAVE5 RAVE6 e_Gmag e_BPmag e_RPmag e_BP-RP SkyCoord.ra SkyCoord.dec SkyCoord.distance SkyCoord.pm_ra_cosdec SkyCoord.pm_dec rmRA rmDE e_rmRA e_rmDE rRV e_rRV v_pec v_pec3d e_vpec e_vpec3d
[from data line 1744]
249.95809047331 -49.05744729797 0.0386 0.0234 20.7495 "" "" 5940852334997819136 882.370972 1.1021 0.0445 3.832 -8.738 0.052 0.034 0.964 5002.5 4.5173 15.916705 1.170642 16.42508 15.254437 "" "" 844.299622 916.197144 8095.89069 2.7967 3676.1 8.1392 6271.7 9.2844 "" "" 0.0027807305719563472 0.0036829123 0.0041069565 0.007789869 249.95809047331 -49.05744729797 882.370972 3.832 -8.738 2.5955132074356078 -4.677539432525634 0.38912868 0.37112868 "" "" 22.373529601904615 "" 8.400004048956689 ""
251.04551861113 -48.70126651225 0.0416 0.0248 30.1287 "" "" 5937967628807011456 1019.58649 0.9521 0.0449 -9.443 -10.216 0.051 0.034 0.962 4944.5 4.2188 15.917084 1.743622 16.757853 15.014231 "" "" 974.725342 1074.70093 8093.07044 3.4326 2705.7 8.4982 7824.7 9.814 "" "" 0.00279353791718741 0.0044061407 0.0040172297 0.00842337 251.04551861113 -48.70126651225 1019.58649 -9.443000000000003 -10.216000000000001 -10.679486792564392 -6.155539432525634 0.38812867 0.37112868 "" "" 59.57190409684057 "" 22.873212619668713 ""
250.9693328606 -48.87175808192 0.0328 0.0226 26.986 "" "" 5937941343605636992 1295.67639 0.7357 0.0424 -4.772 -10.271 0.045 0.031 1.009 7749.7 3.9795 15.917243 1.973295 16.900463 14.927168 "" "" 1233.5448 1384.76941 8091.87961 2.8418 2372.6 6.6274 8478.0 10.238 "" "" 0.0027815787159553595 0.00412103 0.004000349 0.008121379 250.9693328606 -48.87175808192 1295.67639 -4.772000000000001 -10.271 -6.008486792564392 -6.210539432525636 0.38212866 0.36812866 "" "" 53.070826795439835 "" 19.899569435534826 ""
250.4735606089 -48.77150980237 0.0473 0.0275 7.1064 "" "" 5937951995124883584 1181.62183 0.819 0.0562 1.818 -4.022 0.052 0.038 1.049 "" "" 15.919332 2.153335 17.016655 14.86332 "" "" 1106.04932 1268.95068 8076.33061 25.784 2131.8 27.02 8991.5 77.046 "" "" 0.004427946822107878 0.014041427 0.010041772 0.024083199 250.4735606089 -48.77150980237 1181.62183 1.8179999999999996 -4.022 0.581513207435608 0.03846056747436499 0.38912868 0.37512866 "" "" 3.2641058519136297 "" 1.2699617571042092 ""
250.76970683665 -48.19577704236 0.0383 0.0251 40.4526 "" "" 5937995700715000064 1024.82495 0.9341 0.0456 -4.013 -4.552 0.049 0.039 1.057 5552.8 4.5295 15.919451 1.373919 16.523388 15.149468 "" "" 982.0 1079.14233 8075.44367 3.7386 3357.9 9.6968 6908.3 35.607 "" "" 0.0028007941432327405 0.0041970727 0.006752814 0.010949887 250.76970683665 -48.19577704236 1024.82495 -4.012999999999996 -4.552 -5.249486792564392 -0.49153943252563437 0.38612866 0.37612867 "" "" 25.61182062829989 "" 9.887260628437406 ""
250.12859822903 -48.64876334975 0.037 0.0223 10.9024 "" "" 5940959571739208704 1108.94922 0.8695 0.0432 -13.57 -8.916 0.051 0.033 0.986 5461.3 4.3643 15.920489 1.337484 16.512592 15.175108 "" "" 1058.00964 1168.39856 8067.72412 2.4734 3391.4 7.8176 6747.1 7.4618 "" "" 0.0027753537168974346 0.0037481785 0.0039655413 0.0077137197 250.12859822903 -48.64876334975 1108.94922 -13.57 -8.916000000000007 -14.806486792564392 -4.855539432525635 0.38812867 0.37012866 "" "" 81.90714315552474 "" 31.650366193492584 ""
249.4513047746 -48.50021233277 0.0316 0.0212 37.8301 "" "" 5940930675207975424 1289.23547 0.7391 0.0402 0.787 -1.317 0.042 0.031 1.052 9376.5 4.1491 15.921295 1.614216 16.675512 15.061296 "" "" 1224.82446 1361.01941 8061.73875 2.8574 2918.9 7.483 7492.7 8.6804 "" "" 0.002782064333908549 0.0039411355 0.003983201 0.007924337 249.4513047746 -48.50021233277 1289.23547 0.7870000000000004 -1.3169999999999993 -0.44948679256439206 2.743460567474365 0.37912866 0.36812866 "" "" 16.98874912822448 "" 6.259001678359883 ""
250.51846054074 -48.39057937084 0.0737 0.048 25.6818 "" "" 5940989327274984704 919.709045 1.0718 0.0914 -15.808 -7.036 0.105 0.069 2.146 4480.1 4.3537 15.922602 1.431963 16.548098 15.116135 "" "" 850.841736 1010.75214 8052.04517 5.5761 3282.3 7.7651 7123.7 8.048 "" "" 0.0028560660470675864 0.0037924466 0.0039734496 0.007765896 250.51846054074 -48.39057937084 919.709045 -15.808 -7.036 -17.044486792564392 -2.9755394325256344 0.44212866 0.40612867 "" "" 75.42785403814742 "" 33.271688088637504 ""
250.93361920596 -48.47471251554 0.0365 0.0247 31.6513 "" "" 5937987557456675840 889.098511 1.0828 0.0435 -0.432 -0.453 0.051 0.035 0.957 5009.3 4.5542 15.923715 1.16986 16.41982 15.249961 "" "" 856.427856 930.950867 8043.79493 2.7623 3693.9 7.9198 6297.6 7.5086 "" "" 0.0027804327968682296 0.0036337164 0.003994935 0.0076286513 250.93361920596 -48.47471251554 889.098511 -0.43199999999999994 -0.45299999999999996 -1.668486792564392 3.6074605674743654 0.38812867 0.37212867 "" "" 16.750356515782784 "" 6.281345687491085 ""
250.47704913386 -48.87965534468 0.0374 0.0241 8.8287 "" "" 5937949555583376128 1129.73865 0.8429 0.0461 1.589 -4.235 0.05 0.034 1.031 6756.5 4.199 15.923877 1.883925 16.846048 14.962124 "" "" 1065.59729 1205.30713 8042.59426 13.744 2494.6 19.529 8209.3 38.03 "" "" 0.0033218004366953294 0.008945941 0.006291414 0.015237356 250.47704913386 -48.87965534468 1129.73865 1.5889999999999995 -4.235 0.3525132074356079 -0.17453943252563509 0.38712868 0.37112868 "" "" 2.106410421321884 "" 0.8089273609536604 ""
250.92611956152 -48.73912840619 0.0407 0.0249 25.0985 "" "" 5937966529295405184 880.770752 1.0886 0.0463 -2.781 -6.317 0.055 0.034 0.986 4953.9 4.6245 15.925433 1.259953 16.476633 15.216681 "" "" 842.12793 925.335388 8031.0739 2.8698 3505.6 7.3165 6493.6 8.8517 "" "" 0.002782501216188285 0.0035944309 0.004058838 0.007653269 250.92611956152 -48.73912840619 880.770752 -2.7810000000000006 -6.317 -4.017486792564393 -2.256539432525635 0.39212868 0.37112868 "" "" 19.237047662309298 "" 7.448512154879429 ""
249.99838992455 -49.32200905837 0.034 0.0219 33.8555 "" "" 5940823301021263744 868.521118 1.1191 0.0405 -0.281 -3.418 0.047 0.032 0.993 5110.7 4.6641 15.926348 1.244524 16.47634 15.231815 "" "" 837.647705 895.016724 8024.306 3.8411 3506.6 8.9925 6403.7 12.16 "" "" 0.002803908346358709 0.003941759 0.004305155 0.008246914 249.99838992455 -49.32200905837 868.521118 -0.28100000000000036 -3.418000000000001 -1.5174867925643922 0.6424605674743651 0.38412866 0.36912867 "" "" 6.783992622105349 "" 2.590716254903406 ""
250.25837771956 -48.74052447621 0.0342 0.0225 3.4781 "" "" 5940953764943207808 1163.15894 0.8362 0.0421 4.754 -1.303 0.045 0.03 0.983 "" "" 15.926589 1.785783 16.787235 15.001452 "" "" 1104.72705 1224.67944 8022.5251 9.9057 2633.4 13.813 7917.3 33.074 "" "" 0.0030641460127462184 0.0063417926 0.005903839 0.012245632 250.25837771956 -48.74052447621 1163.15894 4.754 -1.3030000000000004 3.5175132074356075 2.7574605674743653 0.38212866 0.36712867 "" "" 24.642057887598934 "" 9.277481213322844 ""
251.19436596888 -48.93790737749 0.0362 0.0248 36.4856 "" "" 5937890525557995776 958.653259 1.015 0.0456 -2.191 -5.851 0.043 0.033 0.993 5492.3 4.5506 15.927564 1.472541 16.596241 15.1237 "" "" 914.88501 1001.75507 8015.32556 3.1147 3139.9 10.736 7074.2 14.785 "" "" 0.0027874355743310753 0.0046439986 0.0044082752 0.009052274 251.19436596888 -48.93790737749 958.653259 -2.1910000000000003 -5.850999999999999 -3.427486792564392 -1.7905394325256347 0.38012868 0.37012866 "" "" 17.571716404830177 "" 6.642231529850696 ""
250.24933757742 -48.15003420244 0.0352 0.023 38.6057 "" "" 5941007400498582528 1230.63354 0.7855 0.0455 -3.411 -4.603 0.045 0.033 1.21 6579.8 4.0283 15.927634 1.525438 16.589724 15.064285 "" "" 1163.9729 1303.40466 8014.80916 3.273 3158.8 7.6904 7472.1 40.075 "" "" 0.0027907662292685075 0.0038434663 0.006942072 0.010785539 250.24933757742 -48.15003420244 1230.63354 -3.4109999999999987 -4.603 -4.647486792564392 -0.5425394325256345 0.38212866 0.37012866 "" "" 27.29383195844774 "" 10.425420108165376 ""
249.94765294302 -48.51559194445 0.0591 0.0289 21.6297 "" "" 5940972868959186304 891.222595 1.1027 0.057 -4.67 -6.053 0.081 0.049 1.097 5825.6 4.5846 15.928384 1.731628 16.441109 14.70948 "" "" 850.246094 943.418213 8009.27828 4.1197 3622.2 22.856 10360.0 279.06 "" "" 0.0028113472435484493 0.007397354 0.0294889 0.036886256 249.94765294302 -48.51559194445 891.222595 -4.67 -6.053 -5.906486792564392 -1.9925394325256347 0.41812867 0.38612866 "" "" 26.332860843619642 "" 10.927406589604823 ""
250.23882945351 -48.9232933906 0.038 0.0235 8.1622 "" "" 5940858313592496384 916.706421 1.0483 0.0421 4.604 2.152 0.049 0.033 0.981 4962.5 4.5191 15.930014 1.202454 16.456661 15.254208 "" "" 884.203674 949.702637 7997.26178 2.4707 3570.7 7.7867 6273.0 7.2381 "" "" 0.00277566266947127 0.0036593706 0.0039816047 0.0076409755 250.23882945351 -48.9232933906 916.706421 4.604 2.152000000000001 3.367513207435608 6.212460567474365 0.38612866 0.37012866 "" "" 30.705086305624093 "" 11.478247579647263 ""
250.84783312693 -49.31027635843 0.0451 0.0291 37.8688 "" "" 5937832595028824704 978.647156 0.9853 0.0521 -7.857 -12.023 0.056 0.039 1.339 4634.5 4.3256 15.931008 1.485683 16.603846 15.118162 "" "" 931.669617 1031.93445 7989.94042 3.8406 3118.0 9.5454 7110.4 10.383 "" "" 0.0028043109107301735 0.004339709 0.0040984615 0.00843817 250.84783312693 -49.31027635843 978.647156 -7.857 -12.023 -9.093486792564391 -7.9625394325256345 0.39312866 0.37612867 "" "" 56.06863468059013 "" 21.633688558352453 ""
250.72295840488 -48.22144044522 0.0401 0.0242 38.2346 "" "" 5937995460196790784 1028.14429 0.939 0.0452 0.828 -2.967 0.049 0.036 1.063 5696.6 4.4525 15.932005 1.621113 16.694874 15.073761 "" "" 968.874451 1071.29077 7982.60847 5.359 2867.3 11.794 7407.2 13.52 "" "" 0.0028501005485637816 0.0052658916 0.004267438 0.009533329 250.72295840488 -48.22144044522 1028.14429 0.8280000000000002 -2.9669999999999996 -0.40848679256439213 1.0934605674743652 0.38612866 0.37312865 "" "" 5.688574493741047 "" 2.1317645049204823 ""
250.3090272975 -48.36236980143 0.0347 0.0225 25.8242 "" "" 5940992312233754112 988.276917 0.9778 0.0427 -5.817 -7.085 0.044 0.031 1.007 5339.4 4.6027 15.933614 1.281984 16.492496 15.210512 "" "" 942.909058 1031.26965 7970.79059 2.8107 3454.8 7.9834 6530.6 11.261 "" "" 0.002781792485623289 0.0037523056 0.0042176764 0.007969982 250.3090272975 -48.36236980143 988.276917 -5.817 -7.085 -7.053486792564392 -3.0245394325256347 0.38112867 0.36812866 "" "" 35.951155347894044 "" 13.630479437911386 ""
250.95640449588 -48.34390041379 0.0351 0.0257 37.5648 "" "" 5937990340595644800 1061.91882 0.9094 0.0457 -6.25 -9.916 0.049 0.038 0.97 4957.4 4.3395 15.934908 1.576933 16.670391 15.093458 "" "" 1021.92035 1114.66187 7961.2948 2.968 2932.7 7.2446 7274.0 9.6973 "" "" 0.0027848923246345295 0.0038702171 0.0040470758 0.007917292 250.95640449588 -48.34390041379 1061.91882 -6.25 -9.916 -7.486486792564392 -5.855539432525635 0.38612866 0.37512866 "" "" 47.840671501773414 "" 18.274697259634692 ""
249.69108311852 -48.86863073222 0.0353 0.0219 24.3506 "" "" 5940870610040340352 960.457336 1.014 0.0427 -7.481 -7.863 0.049 0.033 1.028 5122.7 4.5923 15.935069 1.359647 16.422665 15.063018 "" "" 919.513672 996.008789 7960.11244 3.4923 3684.3 35.41 7480.9 80.415 "" "" 0.002796191832937309 0.010801651 0.012267666 0.023069317 249.69108311852 -48.86863073222 960.457336 -7.481 -7.8629999999999995 -8.717486792564392 -3.802539432525635 0.38612866 0.37012866 "" "" 43.29821823599103 "" 16.60988205261558 ""
250.60061019575 -48.56247895067 0.0408 0.0296 18.3236 "" "" 5937984087106292096 1053.77039 0.9128 0.0539 -1.209 -2.569 0.063 0.042 1.046 "" "" 15.937576 "" "" "" "" "" 1000.46747 1112.75903 7941.7531 4.5836 "" "" "" "" "" "" 0.0028256788173285923 "" "" "" 250.60061019575 -48.56247895067 1053.77039 -1.2089999999999992 -2.568999999999998 -2.445486792564392 1.4914605674743653 0.40012866 0.37912866 "" "" 14.307373925507536 "" 5.644913122372837 ""
249.47674534055 -48.63578166172 0.0419 0.0244 33.7991 "" "" 5940923734540356992 1269.71606 0.7556 0.048 -0.767 -8.453 0.051 0.035 1.062 7495.6 4.1335 15.939276 1.479697 16.609892 15.130195 "" "" 1205.83667 1347.08179 7929.32928 2.8743 3100.7 7.7276 7032.0 8.696 "" "" 0.00278328677701845 0.0038867542 0.0040107924 0.0078975465 249.47674534055 -48.63578166172 1269.71606 -0.7670000000000017 -8.453 -2.003486792564392 -4.392539432525634 0.38812867 0.37212867 "" "" 29.05633484298805 "" 10.894170494750147 ""
250.76377762611 -48.21432256581 0.0341 0.0224 39.3575 "" "" 5937995597635743872 912.431213 1.0582 0.0406 -0.939 -9.931 0.044 0.033 1.052 5012.4 4.629 15.941774 1.230409 16.476393 15.245984 "" "" 872.098938 954.143372 7911.10231 4.1308 3506.4 8.4455 6320.7 10.081 "" "" 0.0028130387827370166 0.003824107 0.0041572074 0.007981314 250.76377762611 -48.21432256581 912.431213 -0.9390000000000001 -9.931 -2.175486792564392 -5.870539432525634 0.38112867 0.37012866 "" "" 27.076917190251827 "" 10.058374942433659 ""
250.98028948518 -48.4793701528 0.0398 0.026 32.9855 "" "" 5937976115662977792 1121.33643 0.8613 0.0479 8.417 4.737 0.057 0.037 0.984 "" "" 15.942445 1.196835 15.980668 14.783833 "" "" 1061.81287 1187.03589 7906.21691 8.996 5535.4 233.79 9674.4 282.5 "" "" 0.003019600052133212 0.04594134 0.031928804 0.077870145 250.98028948518 -48.4793701528 1121.33643 8.417 4.737 7.180513207435608 8.797460567474365 0.39412868 0.37412867 "" "" 60.35781436272819 "" 23.071822563514022 ""
250.37951092751 -48.68814033608 0.0386 0.0245 7.0773 "" "" 5940954864454819200 1117.44714 0.8633 0.0434 1.236 -3.822 0.051 0.034 1.027 5533.7 4.1293 15.942743 2.107886 16.981386 14.8735 "" "" 1062.07886 1177.18445 7904.04208 70.464 2202.2 71.814 8907.6 233.6 "" "" 0.010063793580409795 0.035515755 0.028722944 0.0642387 250.37951092751 -48.68814033608 1117.44714 1.235999999999999 -3.822000000000002 -0.0004867925643921023 0.23846056747436517 0.38812867 0.37112868 "" "" 1.2630565868213965 "" 0.4687566132417415 ""
250.41067558009 -48.64801887243 0.0352 0.0229 9.7828 "" "" 5940960911769434880 924.803345 1.0468 0.0443 0.529 -3.749 0.048 0.032 1.016 4861.8 4.2565 15.943421 1.585655 16.680483 15.094828 "" "" 895.36615 959.956543 7899.11274 7.7601 2905.5 12.767 7264.9 20.718 "" "" 0.0029545704084352723 0.0055268155 0.0048857727 0.010412589 250.41067558009 -48.64801887243 924.803345 0.529000000000001 -3.7489999999999997 -0.7074867925643921 0.3114605674743651 0.38512868 0.36912867 "" "" 3.3885440182677695 "" 1.2963779157805944 ""
249.49852662925 -48.58062239999 0.0344 0.0217 34.0808 "" "" 5940929781854667264 1181.31702 0.8142 0.0413 -12.03 -13.905 0.044 0.031 0.998 7978.9 4.1616 15.943471 1.703592 16.750973 15.04738 "" "" 1125.198 1238.00757 7898.75263 2.7439 2722.9 6.5501 7589.4 10.663 "" "" 0.0027810150312232488 0.0038218538 0.004075623 0.007897477 249.49852662925 -48.58062239999 1181.31702 -12.03 -13.905000000000001 -13.266486792564391 -9.844539432525634 0.38112867 0.36812866 "" "" 92.50350960102391 "" 34.8334560142332 ""
250.4644370207 -48.78301776498 0.0448 0.0273 6.6557 "" "" 5937951857685924992 1198.40405 0.805 0.0529 1.516 -4.114 0.052 0.039 1.024 5034.0 3.7409 15.944595 2.023849 16.96293 14.939082 "" "" 1119.59888 1255.58545 7890.57734 11.148 2240.0 17.544 8385.4 36.789 "" "" 0.003153538608351072 0.0089496905 0.0060806135 0.015030304 250.4644370207 -48.78301776498 1198.40405 1.5159999999999978 -4.113999999999997 0.2795132074356079 -0.053539432525634645 0.38912868 0.37612867 "" "" 1.6166213585310096 "" 0.6283419590357893 ""
