Clusters/Basel_18/Basel_18_members.tsv
# %ECSV 1.0
# ---
# datatype:
# - name: RA_ICRS_1
#   unit: deg
#   datatype: float64
#   format: '{:15.11f}'
#   description: Right ascension (ICRS) at Ep=2016.0 (ra)
#   meta: !!omap
#   - {ucd: POS_EQ_RA_MAIN}
#   - {width: 15}
#   - {precision: '11'}
# - name: DE_ICRS_1
#   unit: deg
#   datatype: float64
#   format: '{:15.11f}'
#   description: Declination (ICRS) at Ep=2016.0 (dec)
#   meta: !!omap
#   - {ucd: POS_EQ_DEC_MAIN}
#   - {width: 15}
#   - {precision: '11'}
# - name: e_RA_ICRS
#   unit: mas
#   datatype: float64
#   format: '{:7.4f}'
#   description: Standard error of right ascension (ra_error)
#   meta: !!omap
#   - {ucd: ERROR}
#   - {width: 7}
#   - {precision: '4'}
# - name: e_DE_ICRS
#   unit: mas
#   datatype: float64
#   format: '{:7.4f}'
#   description: Standard error of declination (dec_error)
#   meta: !!omap
#   - {ucd: ERROR}
#   - {width: 7}
#   - {precision: '4'}
# - name: _r_1
#   unit: ''
#   datatype: float64
#   format: '{:7.4f}'
#   description: Distance from center (201.98421793000-62.30880027000)[ICRS], at Epoch=J2016.0
#   meta: !!omap
#   - {ucd: POS_ANG_DIST_GENERAL}
#   - {width: 7}
#   - {precision: '4'}
# - name: HIP
#   datatype: int32
#   description: '? HIP cross-id number, van Leeuwen, Cat. I/311 (hip_original_ext_source_id)'
#   meta: !!omap
#   - {ucd: ID_NUMBER}
#   - {width: 6}
#   - values: {'null': -2147483648}
# - name: TYC2
#   datatype: string
#   description: Tycho-2 cross-id name, Hog et al., Cat. I/259 (tyc2_original_ext_source_id)
#   meta: !!omap
#   - {ucd: ID_CROSSID}
#   - {_votable_string_dtype: char}
# - name: Source
#   datatype: int64
#   description: Source identifier, identical to the Gaia-EDR3 source_id (id)
#   meta: !!omap
#   - {ucd: ID_MAIN}
#   - {width: 19}
# - name: rgeo
#   unit: pc
#   datatype: float64
#   format: '{:15.8f}'
#   description: '? Median of the geometric distance posterior (r_med_geo)'
#   meta: !!omap
#   - {ucd: PHYS_DISTANCE_TRUE}
#   - {width: 15}
#   - {precision: '8'}
#   - values: {'null': .nan}
# - name: Plx
#   unit: mas
#   datatype: float64
#   format: '{:9.4f}'
#   description: '? Parallax (parallax)'
#   meta: !!omap
#   - {ucd: POS_PARLX_TRIG}
#   - {width: 9}
#   - {precision: '4'}
#   - values: {'null': .nan}
# - name: e_Plx
#   unit: mas
#   datatype: float32
#   format: '{:7.4f}'
#   description: '? Standard error of parallax (parallax_error)'
#   meta: !!omap
#   - {ucd: ERROR}
#   - {width: 7}
#   - {precision: '4'}
#   - values: {'null': .nan}
# - name: pmRA
#   unit: mas / yr
#   datatype: float64
#   format: '{:9.3f}'
#   description: '? Proper motion in right ascension direction, pmRA*cosDE (pmra)'
#   meta: !!omap
#   - {ucd: POS_EQ_PMRA}
#   - {width: 9}
#   - {precision: '3'}
#   - values: {'null': .nan}
# - name: pmDE
#   unit: mas / yr
#   datatype: float64
#   format: '{:9.3f}'
#   description: '? Proper motion in declination direction (pmdec)'
#   meta: !!omap
#   - {ucd: POS_EQ_PMDEC}
#   - {width: 9}
#   - {precision: '3'}
#   - values: {'null': .nan}
# - name: e_pmRA
#   unit: mas / yr
#   datatype: float32
#   format: '{:6.3f}'
#   description: '? Standard error of proper motion in right ascension direction (pmra_error)'
#   meta: !!omap
#   - {ucd: ERROR}
#   - {width: 6}
#   - {precision: '3'}
#   - values: {'null': .nan}
# - name: e_pmDE
[...]
#         unit: &id001 !astropy.units.Unit {unit: deg}
#         value: !astropy.table.SerializedColumn {name: SkyCoord.dec}
#       distance: !astropy.table.SerializedColumn
#         __class__: astropy.coordinates.distances.Distance
#         unit: !astropy.units.Unit {unit: pc}
#         value: !astropy.table.SerializedColumn {name: SkyCoord.distance}
#       frame: icrs
#       obstime: !astropy.time.Time {format: jyear_str, in_subfmt: '*', jd1: 367701545.0, jd2: 0.0, out_subfmt: '*', precision: 3, scale: tt}
#       pm_dec: !astropy.table.SerializedColumn
#         __class__: astropy.units.quantity.Quantity
#         unit: !astropy.units.Unit {unit: mas / yr}
#         value: !astropy.table.SerializedColumn {name: SkyCoord.pm_dec}
#       pm_ra_cosdec: !astropy.table.SerializedColumn
#         __class__: astropy.units.quantity.Quantity
#         unit: !astropy.units.Unit {unit: mas / yr}
#         value: !astropy.table.SerializedColumn {name: SkyCoord.pm_ra_cosdec}
#       ra: !astropy.table.SerializedColumn
#         __class__: astropy.coordinates.angles.Longitude
#         unit: *id001
#         value: !astropy.table.SerializedColumn {name: SkyCoord.ra}
#         wrap_angle: !astropy.coordinates.Angle
#           unit: *id001
#           value: 360.0
#       representation_type: spherical
# schema: astropy-2.0
RA_ICRS_1 DE_ICRS_1 e_RA_ICRS e_DE_ICRS _r_1 HIP TYC2 Source rgeo Plx e_Plx pmRA pmDE e_pmRA e_pmDE RUWE Teff logg Gmag BP-RP BPmag RPmag RV e_RV b_rgeo B_rgeo FG e_FG FBP e_FBP FRP e_FRP RAVE5 RAVE6 e_Gmag e_BPmag e_RPmag e_BP-RP SkyCoord.ra SkyCoord.dec SkyCoord.distance SkyCoord.pm_ra_cosdec SkyCoord.pm_dec Pmemb
201.89775412259 -62.3023249829 0.0127 0.0145 2.4422 "" 8995-2614-1 5868355314272753792 1722.31372 0.5491 0.019 -5.091 -1.967 0.015 0.019 0.885 13691.5 3.7691 11.048471 0.196649 11.10706 10.910411 "" "" 1667.07373 1779.94128 717065.04612 190.16 492710.0 257.09 342760.0 125.33 "" "" 0.0027703235062996245 0.0028471032 0.0038001756 0.0066472786 201.89775412259 -62.3023249829 1722.31372 -5.091 -1.967 0.8
201.9806890211 -62.31978955667 0.0168 0.018 0.6667 "" 8995-2138-1 5868352153176798592 2045.02881 0.4474 0.0247 -5.067 -1.918 0.019 0.022 1.117 14148.9 3.6397 11.367334 0.181186 11.419954 11.238769 "" "" 1958.25671 2175.53662 534580.44406 208.45 369350.0 271.45 253310.0 172.12 "" "" 0.0027876559732462934 0.0029020293 0.0038507124 0.0067527415 201.9806890211 -62.31978955667 2045.02881 -5.067 -1.918 1.0
201.99328210134 -62.32418674927 0.015 0.0159 0.9571 "" 8995-2536-1 5868352153176790400 1798.21118 0.5174 0.0216 -5.135 -1.983 0.017 0.02 1.029 7571.8 3.0307 11.421809 0.242826 11.495786 11.25296 "" "" 1731.08289 1876.70593 508420.37463 538.08 344430.0 633.07 250020.0 987.32 "" "" 0.002985324421211708 0.0034303786 0.005715476 0.009145854 201.99328210134 -62.32418674927 1798.21118 -5.135 -1.983 0.8
201.96716972411 -62.31456077649 0.01 0.011 0.5877 "" 8995-3450-1 5868352256256021376 1990.73853 0.4688 0.0157 -4.998 -1.936 0.012 0.014 0.875 "" "" 12.251531 0.334703 12.368699 12.033997 "" "" 1935.73413 2062.07129 236774.18251 39.116 154150.0 72.716 121780.0 44.193 "" "" 0.002761152332385165 0.0028367871 0.003799864 0.0066366512 201.96716972411 -62.31456077649 1990.73853 -4.997999999999999 -1.9359999999999997 0.8
202.2435253279 -62.19329642798 0.0114 0.0113 10.0251 "" "" 5868358990723003904 1839.92456 0.5137 0.0148 -5.061 -2.018 0.013 0.015 0.999 "" "" 12.529175 0.394429 12.647076 12.252646 "" "" 1790.97607 1888.78174 183348.3207 52.677 119290.0 171.69 99563.0 356.73 "" "" 0.00277292170170905 0.0031979624 0.005423741 0.008621704 202.2435253279 -62.19329642798 1839.92456 -5.061 -2.0180000000000002 0.8
201.97151059893 -62.33107656267 0.0181 0.0206 1.3827 "" "" 5868352050097769856 1947.95581 0.4882 0.0276 -4.819 -2.247 0.021 0.028 1.444 "" "" 12.894052 0.352329 13.016476 12.664146 "" "" 1858.68311 2046.93811 131016.5445 42.531 84884.0 88.033 68155.0 50.584 "" "" 0.0027777714008722612 0.0030088131 0.0038643342 0.0068731476 201.97151059893 -62.33107656267 1947.95581 -4.818999999999999 -2.247 0.9
201.97988497909 -62.28464743226 0.0086 0.0091 1.4542 "" "" 5868355382992254720 1811.80029 0.5155 0.0126 -5.13 -2.121 0.01 0.011 0.917 7779.6 3.8117 13.054844 0.387678 13.19348 12.805802 "" "" 1774.97168 1853.74133 112981.9424 37.186 72115.0 41.28 59819.0 25.631 "" "" 0.002778396839650836 0.0028585496 0.0038079063 0.006666456 201.97988497909 -62.28464743226 1811.80029 -5.13 -2.121 0.8
201.98961143603 -62.33190170672 0.0104 0.0115 1.3942 "" "" 5868352084457299840 1667.4729 0.5654 0.0156 -4.959 -2.072 0.012 0.015 0.951 9501.6 4.1429 13.78394 0.431173 13.942774 13.511601 "" "" 1626.20288 1706.74182 57725.87982 19.945 36167.0 17.209 31226.0 14.963 "" "" 0.0027807401502118116 0.002837594 0.0038150237 0.006652618 201.98961143603 -62.33190170672 1667.4729 -4.9590000000000005 -2.072000000000001 0.8
202.0505021151 -62.3563274974 0.0109 0.0117 3.3974 "" "" 5868351083680250624 1787.8783 0.5238 0.0158 -5.087 -2.011 0.012 0.015 0.92 8280.2 4.2791 14.055685 0.512 14.230146 13.718146 "" "" 1730.18799 1837.73169 44944.08595 12.354 27756.0 32.468 25817.0 67.692 "" "" 0.0027714358702854943 0.0030656306 0.0047315913 0.0077972217 202.0505021151 -62.3563274974 1787.8783 -5.087000000000001 -2.011 0.8
201.95051334133 -62.2928369506 0.0123 0.0132 1.342 "" "" 5868355275568555520 1639.42395 0.5696 0.0181 -5.061 -2.048 0.014 0.017 0.913 9617.4 4.3273 14.233424 0.617888 14.463908 13.846021 "" "" 1579.40771 1703.73389 38157.23382 9.8615 22380.0 22.289 22948.0 39.15 "" "" 0.0027695715813661607 0.0029923744 0.0042088884 0.0072012627 201.95051334133 -62.2928369506 1639.42395 -5.060999999999998 -2.0479999999999996 1.0
201.97941769135 -62.31516331177 0.0128 0.0137 0.4046 "" "" 5868352359335235712 1717.89539 0.5401 0.0188 -5.051 -2.028 0.015 0.017 1.0 9605.4 4.4449 14.270819 0.604073 14.487761 13.883688 "" "" 1655.849 1765.80139 36865.42707 11.669 21893.0 21.449 22166.0 67.659 "" "" 0.0027766701021333653 0.002986058 0.005026612 0.00801267 201.97941769135 -62.31516331177 1717.89539 -5.051 -2.028 1.0
202.04767227327 -62.3240352131 0.0128 0.0131 1.991 "" "" 5868351362902808960 1611.48975 0.5813 0.0183 -5.054 -2.034 0.014 0.016 0.974 8719.8 3.9983 14.270853 0.613823 14.50385 13.890027 "" "" 1560.04614 1665.35083 36864.25212 12.154 21571.0 21.088 22037.0 15.126 "" "" 0.0027784756422698995 0.0029852423 0.0038521565 0.0068373987 202.04767227327 -62.3240352131 1611.48975 -5.054000000000001 -2.034 1.0
202.17146197022 -62.33248965965 0.0133 0.0134 5.4088 "" "" 5868339783669773056 1648.09229 0.5697 0.0188 -5.068 -1.924 0.016 0.018 0.959 "" "" 14.488645 0.678349 14.747729 14.069381 "" "" 1597.59082 1693.52368 30164.00219 7.0117 17232.0 13.148 18681.0 12.571 "" "" 0.0027668549230593096 0.0029105535 0.0038493555 0.006759909 202.17146197022 -62.33248965965 1648.09229 -5.067999999999999 -1.924 0.8
201.92480210969 -62.32090611965 0.0146 0.0156 1.8086 "" "" 5868352290615749632 1629.76611 0.5824 0.0214 -4.973 -1.95 0.017 0.02 1.121 6648.2 3.8811 14.523761 0.961443 14.913964 13.952521 -75.05 16.8 1584.41553 1691.13232 29203.99722 5.8109 14785.0 13.46 20804.0 15.578 "" "" 0.0027637765476651475 0.0029600763 0.0038658364 0.0068259127 201.92480210969 -62.32090611965 1629.76611 -4.973 -1.9499999999999997 1.0
201.95066821326 -62.28696400442 0.0148 0.0154 1.61 "" "" 5868355382992251776 1733.31836 0.5376 0.0214 -4.97 -2.075 0.018 0.02 1.083 7809.1 4.0947 14.597198 0.720935 14.873428 14.152494 "" "" 1657.89185 1808.73975 27294.0239 7.1519 15348.0 13.213 17305.0 21.727 "" "" 0.002769968974442963 0.00294257 0.0040177084 0.0069602784 201.95066821326 -62.28696400442 1733.31836 -4.97 -2.075 1.0
201.74530883414 -62.26690469562 0.0128 0.0145 7.1242 "" "" 5868355039394891776 1781.01038 0.522 0.0202 -5.046 -2.015 0.015 0.019 1.032 8731.9 4.1851 14.667521 0.738282 14.954241 14.215959 "" "" 1714.71814 1852.11475 25582.24369 5.2361 14247.0 10.861 16322.0 11.601 "" "" 0.0027642672654890114 0.0029103484 0.003857362 0.0067677107 201.74530883414 -62.26690469562 1781.01038 -5.045999999999999 -2.015 0.9
201.95178686895 -62.38463083086 0.0151 0.017 4.6386 "" "" 5868351122384552576 1744.94287 0.5342 0.0227 -4.98 -2.057 0.018 0.021 0.962 7055.8 4.2904 14.940638 0.863211 15.280114 14.416904 "" "" 1688.40503 1795.20886 19892.59928 4.0225 10553.0 11.737 13564.0 10.652 "" "" 0.0027640532893931143 0.0030402676 0.0038743683 0.006914636 201.95178686895 -62.38463083086 1744.94287 -4.98 -2.0570000000000004 0.9
202.32069499499 -62.26549691104 0.0182 0.0181 9.7414 "" "" 5868357994332825600 2000.93628 0.4657 0.0247 -4.921 -2.036 0.022 0.024 1.037 6561.0 4.1352 15.262154 0.995713 15.633001 14.637288 "" "" 1911.02405 2076.21558 14793.99459 4.0979 7624.6 19.178 11072.0 42.194 "" "" 0.002771684994285775 0.0039042318 0.005603882 0.009508114 202.32069499499 -62.26549691104 2000.93628 -4.921 -2.0359999999999996 0.8
201.97007961589 -62.28538938503 0.0187 0.0199 1.459 "" "" 5868355382992253440 1565.02942 0.6036 0.0271 -5.035 -2.065 0.022 0.026 1.067 6528.7 4.253 15.271183 0.97045 15.640935 14.670485 "" "" 1503.04846 1633.5459 14671.46177 5.9525 7569.1 10.468 10739.0 13.188 "" "" 0.0027903106611007933 0.0031685552 0.0040076813 0.0071762362 201.97007961589 -62.28538938503 1565.02942 -5.034999999999999 -2.0649999999999995 0.9
201.87518733268 -62.32494475353 0.0184 0.0202 3.1898 "" "" 5868353768084490624 1793.3269 0.5295 0.028 -5.026 -1.996 0.021 0.026 0.903 6051.1 4.1256 15.372758 1.017258 15.792256 14.774999 "" "" 1713.45129 1879.54663 13361.14309 3.6022 6584.4 12.398 9753.5 10.841 "" "" 0.0027708253052895135 0.003458974 0.003967377 0.007426351 201.87518733268 -62.32494475353 1793.3269 -5.025999999999999 -1.996 0.9
201.98665213419 -62.30281538521 0.0201 0.0203 0.3655 "" "" 5868352359335254272 1668.0293 0.5635 0.0279 -5.147 -2.093 0.023 0.026 0.942 5295.8 4.1704 15.466137 1.266961 16.018192 14.751231 "" "" 1587.8562 1764.70544 12260.04638 10.75 5347.4 21.34 9969.3 25.241 "" "" 0.0029151515912017676 0.0051535275 0.004673375 0.009826902 201.98665213419 -62.30281538521 1668.0293 -5.146999999999999 -2.0929999999999995 0.9
202.07991441353 -62.29286817089 0.0204 0.0205 2.835 "" "" 5868352531133961216 1717.0188 0.5422 0.0279 -5.054 -2.087 0.024 0.027 1.035 5899.8 3.7311 15.479621 1.053801 15.915148 14.861347 "" "" 1651.15759 1790.08203 12108.72649 4.2106 5879.7 9.9677 9007.8 13.401 "" "" 0.0027810664026357334 0.0033425933 0.004110085 0.007452678 202.07991441353 -62.29286817089 1717.0188 -5.053999999999999 -2.0869999999999997 0.8
201.82285645927 -62.43239553682 0.0195 0.0214 8.669 "" "" 5868349095159945344 1749.41895 0.532 0.0281 -5.08 -2.116 0.021 0.027 0.93 6407.8 4.2736 15.480719 1.057477 15.899117 14.84164 "" "" 1667.05933 1871.28015 12096.48717 3.0869 5967.2 12.281 9172.8 37.487 "" "" 0.0027692158660024154 0.003574661 0.0058285445 0.0094032055 201.82285645927 -62.43239553682 1749.41895 -5.08 -2.116 0.9
202.16361954944 -62.32059709733 0.0209 0.0202 5.051 "" "" 5868351569061246976 1731.69275 0.54 0.028 -5.078 -2.059 0.025 0.027 1.005 6430.9 4.2303 15.485319 0.99206 15.887941 14.895882 "" "" 1657.4718 1817.87256 12045.33833 3.1235 6028.9 13.002 8725.8 8.4324 "" "" 0.0027696672422186383 0.003642489 0.003922322 0.007564811 202.16361954944 -62.32059709733 1731.69275 -5.078 -2.0589999999999997 1.0
201.97718873726 -62.28127403978 0.0211 0.0208 1.6632 "" "" 5868355382992259072 1693.93726 0.5531 0.029 -5.113 -2.154 0.025 0.027 1.026 6459.8 4.2378 15.509103 1.033956 15.937717 14.903761 "" "" 1613.12122 1768.9502 11784.35062 3.7916 5758.8 11.038 8662.7 12.301 "" "" 0.002777377148079103 0.0034807788 0.004081751 0.00756253 201.97718873726 -62.28127403978 1693.93726 -5.113 -2.154 0.8
201.96710434015 -62.30142571878 0.0235 0.024 0.6508 "" "" 5868352428054732288 1947.20789 0.4817 0.0326 -5.094 -1.998 0.027 0.03 0.945 5771.9 4.0651 15.723311 1.197462 16.234253 15.036791 "" "" 1812.26599 2081.93701 9674.35478 9.5544 4382.4 16.3 7663.8 20.13 "" "" 0.00295661304573257 0.0049084635 0.0047346246 0.009643088 201.96710434015 -62.30142571878 1947.20789 -5.094000000000001 -1.998 0.8
201.99271464395 -62.50797799525 0.0222 0.0254 11.953 "" "" 5868336210256806400 1753.26892 0.5428 0.0346 -5.036 -1.996 0.026 0.031 1.077 6661.2 4.1633 15.762854 1.176374 16.261946 15.085571 "" "" 1641.84741 1872.76062 9328.35597 5.5036 4272.1 11.371 7327.1 20.197 "" "" 0.0028288015704083414 0.004017029 0.004820854 0.008837882 201.99271464395 -62.50797799525 1753.26892 -5.0360000000000005 -1.996 0.9
201.8837995335 -62.28778542622 0.0211 0.0238 3.0716 "" "" 5868355520431203328 1609.1709 0.5912 0.0326 -5.117 -1.946 0.025 0.031 0.991 6082.2 4.2558 15.776761 1.06176 16.217707 15.155947 "" "" 1538.35754 1700.48328 9209.63178 3.0774 4449.7 8.5339 6867.2 11.075 "" "" 0.002779102815756909 0.0034815194 0.0041653044 0.007646824 201.8837995335 -62.28778542622 1609.1709 -5.117000000000001 -1.9460000000000004 0.8
201.80098570183 -62.37342289997 0.0247 0.0263 6.4093 "" "" 5868350641348226816 1555.52429 0.6156 0.0372 -5.077 -2.016 0.027 0.034 0.97 5958.1 4.3973 15.899848 1.049322 16.329508 15.280186 "" "" 1463.71204 1658.07434 8222.567 2.8774 4014.3 8.9796 6124.7 8.9163 "" "" 0.0027813926717752744 0.0036991304 0.00409659 0.0077957204 201.80098570183 -62.37342289997 1555.52429 -5.077000000000001 -2.016 1.0
201.95180921956 -62.30962665631 0.0244 0.0257 0.905 "" "" 5868352324975505536 1828.28357 0.5166 0.0349 -5.016 -2.057 0.028 0.033 1.009 5821.5 4.2972 15.899905 1.306068 16.465382 15.159313 "" "" 1702.39954 1939.47607 8222.13458 7.2809 3542.1 14.255 6845.9 19.112 "" "" 0.0029182473147821913 0.00518435 0.0048447168 0.010029066 201.95180921956 -62.30962665631 1828.28357 -5.016000000000001 -2.057 0.8
202.29802194908 -62.36579681405 0.0246 0.0252 9.3864 "" "" 5868344559673762816 1631.76733 0.5776 0.0343 -5.019 -2.042 0.029 0.033 1.038 5792.7 4.3588 16.028927 1.288475 16.59725 15.308775 "" "" 1534.84875 1721.81738 7300.88938 8.0963 3137.0 14.671 5965.5 18.599 "" "" 0.0030069025531066994 0.0057938225 0.0050736964 0.010867519 202.29802194908 -62.36579681405 1631.76733 -5.019 -2.042 0.9
201.95271381344 -62.311413893 0.0261 0.0273 0.8923 "" "" 5868352324975502976 1475.41907 0.6425 0.0379 -5.04 -2.136 0.03 0.035 1.013 5680.9 4.4729 16.063988 1.23468 16.582417 15.347736 "" "" 1420.25146 1547.94641 7068.89239 3.6593 3180.2 8.3082 5755.2 9.9679 "" "" 0.002812060417049261 0.0039787632 0.004221364 0.008200128 201.95271381344 -62.311413893 1475.41907 -5.04 -2.136 0.9
201.92242801089 -62.27192128198 0.0254 0.0273 2.805 "" "" 5868355554790962560 1828.66699 0.5275 0.0389 -4.91 -2.076 0.034 0.036 0.962 6662.7 4.2567 16.097206 1.314283 16.676836 15.362553 "" "" 1700.33777 1982.05615 6855.90177 8.1446 2915.3 17.491 5677.2 18.659 "" "" 0.003042273481393485 0.007086522 0.0051978356 0.012284357 201.92242801089 -62.27192128198 1828.66699 -4.91 -2.0760000000000005 0.8
