Clusters/Basel_18/Basel_18_stars_in_region.tsv
# %ECSV 1.0
# ---
# datatype:
# - name: RA_ICRS_1
#   unit: deg
#   datatype: float64
#   format: '{:15.11f}'
#   description: Right ascension (ICRS) at Ep=2016.0 (ra)
#   meta: !!omap
#   - {ucd: POS_EQ_RA_MAIN}
#   - {width: 15}
#   - {precision: '11'}
# - name: DE_ICRS_1
#   unit: deg
#   datatype: float64
#   format: '{:15.11f}'
#   description: Declination (ICRS) at Ep=2016.0 (dec)
#   meta: !!omap
#   - {ucd: POS_EQ_DEC_MAIN}
#   - {width: 15}
#   - {precision: '11'}
# - name: e_RA_ICRS
#   unit: mas
#   datatype: float64
#   format: '{:7.4f}'
#   description: Standard error of right ascension (ra_error)
#   meta: !!omap
#   - {ucd: ERROR}
#   - {width: 7}
#   - {precision: '4'}
# - name: e_DE_ICRS
#   unit: mas
#   datatype: float64
#   format: '{:7.4f}'
#   description: Standard error of declination (dec_error)
#   meta: !!omap
#   - {ucd: ERROR}
#   - {width: 7}
#   - {precision: '4'}
# - name: _r_1
#   unit: ''
#   datatype: float64
#   format: '{:7.4f}'
#   description: Distance from center (201.98421793000-62.30880027000)[ICRS], at Epoch=J2016.0
#   meta: !!omap
#   - {ucd: POS_ANG_DIST_GENERAL}
#   - {width: 7}
#   - {precision: '4'}
# - name: HIP
#   datatype: int32
#   description: '? HIP cross-id number, van Leeuwen, Cat. I/311 (hip_original_ext_source_id)'
#   meta: !!omap
#   - {ucd: ID_NUMBER}
#   - {width: 6}
#   - values: {'null': -2147483648}
# - name: TYC2
#   datatype: string
#   description: Tycho-2 cross-id name, Hog et al., Cat. I/259 (tyc2_original_ext_source_id)
#   meta: !!omap
#   - {ucd: ID_CROSSID}
#   - {_votable_string_dtype: char}
# - name: Source
#   datatype: int64
#   description: Source identifier, identical to the Gaia-EDR3 source_id (id)
#   meta: !!omap
#   - {ucd: ID_MAIN}
#   - {width: 19}
# - name: rgeo
#   unit: pc
#   datatype: float64
#   format: '{:15.8f}'
#   description: '? Median of the geometric distance posterior (r_med_geo)'
#   meta: !!omap
#   - {ucd: PHYS_DISTANCE_TRUE}
#   - {width: 15}
#   - {precision: '8'}
#   - values: {'null': .nan}
# - name: Plx
#   unit: mas
#   datatype: float64
#   format: '{:9.4f}'
#   description: '? Parallax (parallax)'
#   meta: !!omap
#   - {ucd: POS_PARLX_TRIG}
#   - {width: 9}
#   - {precision: '4'}
#   - values: {'null': .nan}
# - name: e_Plx
#   unit: mas
#   datatype: float32
#   format: '{:7.4f}'
#   description: '? Standard error of parallax (parallax_error)'
#   meta: !!omap
#   - {ucd: ERROR}
#   - {width: 7}
#   - {precision: '4'}
#   - values: {'null': .nan}
# - name: pmRA
#   unit: mas / yr
#   datatype: float64
#   format: '{:9.3f}'
#   description: '? Proper motion in right ascension direction, pmRA*cosDE (pmra)'
#   meta: !!omap
#   - {ucd: POS_EQ_PMRA}
#   - {width: 9}
#   - {precision: '3'}
#   - values: {'null': .nan}
# - name: pmDE
#   unit: mas / yr
#   datatype: float64
#   format: '{:9.3f}'
#   description: '? Proper motion in declination direction (pmdec)'
#   meta: !!omap
#   - {ucd: POS_EQ_PMDEC}
#   - {width: 9}
#   - {precision: '3'}
#   - values: {'null': .nan}
# - name: e_pmRA
#   unit: mas / yr
#   datatype: float32
#   format: '{:6.3f}'
#   description: '? Standard error of proper motion in right ascension direction (pmra_error)'
#   meta: !!omap
#   - {ucd: ERROR}
#   - {width: 6}
#   - {precision: '3'}
#   - values: {'null': .nan}
# - name: e_pmDE
[...]
#         value: !astropy.table.SerializedColumn {name: SkyCoord.dec}
#       distance: !astropy.table.SerializedColumn
#         __class__: astropy.coordinates.distances.Distance
#         unit: !astropy.units.Unit {unit: pc}
#         value: !astropy.table.SerializedColumn {name: SkyCoord.distance}
#       frame: icrs
#       obstime: !astropy.time.Time {format: jyear_str, in_subfmt: '*', jd1: 367701545.0, jd2: 0.0, out_subfmt: '*', precision: 3, scale: tt}
#       pm_dec: !astropy.table.SerializedColumn
#         __class__: astropy.units.quantity.Quantity
#         unit: !astropy.units.Unit {unit: mas / yr}
#         value: !astropy.table.SerializedColumn {name: SkyCoord.pm_dec}
#       pm_ra_cosdec: !astropy.table.SerializedColumn
#         __class__: astropy.units.quantity.Quantity
#         unit: !astropy.units.Unit {unit: mas / yr}
#         value: !astropy.table.SerializedColumn {name: SkyCoord.pm_ra_cosdec}
#       ra: !astropy.table.SerializedColumn
#         __class__: astropy.coordinates.angles.Longitude
#         unit: *id001
#         value: !astropy.table.SerializedColumn {name: SkyCoord.ra}
#         wrap_angle: !astropy.coordinates.Angle
#           unit: *id001
#           value: 360.0
#       representation_type: spherical
# schema: astropy-2.0
RA_ICRS_1 DE_ICRS_1 e_RA_ICRS e_DE_ICRS _r_1 HIP TYC2 Source rgeo Plx e_Plx pmRA pmDE e_pmRA e_pmDE RUWE Teff logg Gmag BP-RP BPmag RPmag RV e_RV b_rgeo B_rgeo FG e_FG FBP e_FBP FRP e_FRP RAVE5 RAVE6 e_Gmag e_BPmag e_RPmag e_BP-RP SkyCoord.ra SkyCoord.dec SkyCoord.distance SkyCoord.pm_ra_cosdec SkyCoord.pm_dec rmRA rmDE e_rmRA e_rmDE rRV e_rRV v_pec v_pec3d e_vpec e_vpec3d
[from data line 686]
202.23026698328 -62.1556777893 0.0188 0.0211 11.4766 "" "" 5868362461098991488 2138.74072 0.4342 0.0283 -5.89 -2.336 0.024 0.028 1.293 8294.9 4.207 15.120389 0.920762 15.457728 14.536966 "" "" 1989.35388 2269.54199 16857.42236 5.6577 8960.4 35.261 12144.0 51.588 "" "" 0.002779311696447099 0.00510295 0.0059629204 0.0110658705 202.23026698328 -62.1556777893 2138.74072 -5.889999999999999 -2.336 -0.8502122306823727 -0.29730299568176255 0.093059376 0.097059384 "" "" 9.130904703840866 "" 0.853771549542918 ""
202.51915875281 -62.56760230976 0.015 0.016 21.4866 "" "" 5865333203489820672 1632.38611 0.5758 0.022 -4.314 -3.668 0.018 0.022 0.962 6834.6 4.2975 15.121828 1.029236 15.547229 14.517993 "" "" 1580.57764 1687.50562 16835.08763 3.4361 8251.4 9.0386 12358.0 11.026 "" "" 0.0027642172650474755 0.0030330718 0.0039015545 0.006934626 202.51915875281 -62.56760230976 1632.38611 -4.314 -3.6679999999999997 0.7257877693176269 -1.6293029956817628 0.08705938 0.09105938 "" "" 13.800985739693253 "" 1.2477373924576147 ""
202.58866771856 -62.45061157401 0.017 0.0171 18.844 "" "" 5865337876414579840 2134.63159 0.4336 0.0234 -8.117 -1.557 0.019 0.023 1.002 6716.7 3.8773 15.122232 1.276928 15.680087 14.403159 "" "" 2031.83447 2273.47681 16828.82969 3.7679 7301.0 7.8426 13737.0 7.9263 "" "" 0.0027660229348054023 0.0030241117 0.0038309526 0.006855064 202.58866771856 -62.45061157401 2134.63159 -8.11700000000001 -1.5570000000000006 -3.077212230682374 0.48169700431823737 0.08805938 0.09205938 "" "" 31.51486892733566 "" 2.7782616589086175 ""
201.95005204454 -61.97795876223 0.0152 0.0177 19.8736 "" "" 5868415718698705536 2062.74487 0.4477 0.0235 -5.158 -4.739 0.018 0.023 0.986 6299.0 3.8266 15.127445 1.336406 15.71991 14.383504 "" "" 1966.82837 2139.61768 16748.22197 5.0925 7038.1 10.437 13988.0 11.538 "" "" 0.0027750272150086812 0.0032213926 0.0038840405 0.0071054334 201.95005204454 -61.97795876223 2062.74487 -5.158 -4.739000000000001 -0.11821223068237341 -2.7003029956817626 0.08705938 0.09205938 "" "" 26.427258414936393 "" 2.4326311609326585 ""
202.43450924459 -62.20821462471 0.0162 0.0166 13.9493 "" "" 5868359643600337408 1722.81287 0.5384 0.0225 -3.337 -3.796 0.019 0.022 0.967 5807.7 3.7968 15.128282 1.295772 15.57773 14.281959 -80.81 12.56 1663.54773 1819.17908 16735.3268 6.1607 8022.8 39.938 15359.0 75.937 "" "" 0.002784158617412388 0.006082564 0.006565017 0.012647581 202.43450924459 -62.20821462471 1722.81287 -3.3370000000000024 -3.7960000000000003 1.7027877693176268 -1.7573029956817625 0.08805938 0.09105938 "" "" 19.982178729620216 "" 1.7907863931428516 ""
201.32834630061 -62.4975121414 0.0159 0.0186 21.4598 "" "" 5868257217219688448 2092.78345 0.4438 0.0245 -7.065 -2.305 0.019 0.025 0.906 9617.0 4.1927 15.128321 0.990498 15.527914 14.537416 "" "" 1997.99438 2204.77686 16734.71793 3.9227 8399.5 12.5 12139.0 15.22 "" "" 0.0027670490790481683 0.0032242483 0.004017074 0.0072413227 201.32834630061 -62.4975121414 2092.78345 -7.064999999999999 -2.305 -2.0252122306823734 -0.26630299568176286 0.08805938 0.09405938 "" "" 20.262624639254817 "" 1.7864496878775 ""
201.60797377734 -62.61005575481 0.0519 0.0578 20.8726 "" "" 5868242197670573952 1751.74023 0.5478 0.0799 -12.903 -2.323 0.063 0.071 3.318 5908.3 3.6179 15.1296 1.097176 15.545153 14.447977 "" "" 1587.68945 1984.29736 16715.02073 10.157 8267.1 12.758 13182.0 11.869 "" "" 0.00283320777643739 0.0032546073 0.003903769 0.0071583763 201.60797377734 -62.61005575481 1751.74023 -12.903000000000008 -2.3230000000000004 -7.8632122306823735 -0.28430299568176265 0.13205938 0.14005938 "" "" 65.33286844378298 "" 8.628521132916985 ""
202.21719136837 -62.29918818798 0.0197 0.0206 6.5224 "" "" 5868357444576998656 1797.44666 0.5259 0.0273 -3.349 -2.252 0.022 0.026 1.102 7062.8 4.1517 15.129883 0.93498 15.495893 14.560913 "" "" 1704.37415 1898.3927 16710.66111 5.3831 8650.9 14.321 11879.0 14.175 "" "" 0.00277743001898849 0.0033189713 0.003995282 0.0073142536 202.21719136837 -62.29918818798 1797.44666 -3.3489999999999998 -2.252 1.6907877693176268 -0.21330299568176248 0.09105938 0.09505938 "" "" 14.519518287917789 "" 1.3230678311017405 ""
202.38218069089 -62.36207253439 0.0214 0.0206 11.5379 "" "" 5868344417909708416 1569.34143 0.6067 0.028 -6.14 -3.196 0.025 0.027 1.262 4726.0 3.1102 15.129993 1.722339 15.943173 14.220835 25.01 4.84 1497.42468 1630.57031 16708.95811 5.4989 5729.9 8.6685 16249.0 13.798 "" "" 0.002778392182988726 0.003237754 0.0038902115 0.007127966 202.38218069089 -62.36207253439 1569.34143 -6.14 -3.196 -1.1002122306823727 -1.1573029956817629 0.09405938 0.09605938 "" "" 11.87819096010438 "" 1.1297961482005572 ""
201.57547824513 -62.16489018882 0.0162 0.0184 14.3199 "" "" 5868406235409996544 2112.52417 0.4366 0.025 -3.182 -0.892 0.019 0.024 0.957 5699.0 3.3997 15.133314 0.866446 15.472967 14.606522 "" "" 1993.45679 2222.18237 16657.92759 3.9926 8835.5 10.89 11391.0 9.887 "" "" 0.002767581905142762 0.0030944834 0.003895101 0.0069895843 201.57547824513 -62.16489018882 2112.52417 -3.182 -0.8919999999999995 1.857787769317627 1.1466970043182374 0.08805938 0.093059376 "" "" 21.861010512756355 "" 1.9558321276871038 ""
201.59636022121 -62.51588385687 0.0155 0.0183 16.4477 "" "" 5868254605879537920 1498.36426 0.6331 0.024 -11.685 -2.711 0.019 0.024 1.009 5669.0 4.03 15.134925 1.188074 15.638171 14.450097 "" "" 1436.92944 1555.58337 16633.23849 3.3802 7588.4 8.3188 13156.0 16.712 "" "" 0.002764140495065782 0.0030334338 0.0040231748 0.007056609 201.59636022121 -62.51588385687 1498.36426 -11.684999999999997 -2.7110000000000025 -6.6452122306823735 -0.6723029956817625 0.08805938 0.093059376 "" "" 47.43685983858665 "" 4.179731109917693 ""
202.28191214584 -61.97844223214 0.015 0.0167 21.5068 "" "" 5868412798120613120 1464.32812 0.644 0.0234 -5.55 -2.285 0.018 0.022 0.983 6714.5 4.0947 15.135509 1.008961 15.547562 14.538601 "" "" 1418.38965 1510.71606 16624.30165 3.2425 8248.8 9.9282 12126.0 12.26 "" "" 0.00276344625446749 0.0030810281 0.0039355746 0.007016603 202.28191214584 -61.97844223214 1464.32812 -5.549999999999999 -2.2849999999999997 -0.5102122306823729 -0.24630299568176284 0.08705938 0.09105938 "" "" 3.93239260755582 "" 0.3453794342848014 ""
202.33493008845 -62.38498345109 0.0165 0.0173 10.783 "" "" 5868344387875046400 2023.75342 0.4636 0.0228 -4.135 -2.125 0.019 0.022 1.008 7106.7 3.9916 15.136224 1.191633 15.644482 14.452848 "" "" 1918.39465 2135.73584 16613.35293 3.6543 7544.4 13.382 13123.0 10.704 "" "" 0.0027656508330675183 0.0033902677 0.003881754 0.007272022 202.33493008845 -62.38498345109 2023.75342 -4.135 -2.125 0.9047877693176272 -0.0863029956817627 0.08805938 0.09105938 "" "" 8.718652877414824 "" 0.7679989800779355 ""
201.85521463997 -62.59852190127 0.0154 0.017 17.748 "" "" 5868332533764651008 1603.97607 0.5945 0.0235 -4.83 -0.436 0.019 0.022 0.958 5609.9 4.1363 15.137151 1.077123 15.584368 14.507245 "" "" 1545.33838 1669.34229 16599.16539 3.2682 7973.9 12.512 12481.0 11.348 "" "" 0.0027636003685128146 0.0032691697 0.00390618 0.0071753496 201.85521463997 -62.59852190127 1603.97607 -4.83 -0.4359999999999986 0.20978776931762688 1.6026970043182374 0.08805938 0.09105938 "" "" 12.289005161508024 "" 1.1184182088834675 ""
202.25583514723 -62.09412597014 0.0164 0.0181 14.9556 "" "" 5868363629330229504 1878.09534 0.5025 0.0261 -5.876 -1.899 0.02 0.025 1.113 7546.9 3.9344 15.137724 1.018021 15.53244 14.51442 "" "" 1785.31982 1984.04871 16590.41512 3.6805 8364.5 38.565 12399.0 42.398 "" "" 0.0027658281583988844 0.0057309303 0.0052978704 0.0110288 202.25583514723 -62.09412597014 1878.09534 -5.876 -1.8989999999999991 -0.8362122306823734 0.13969700431823728 0.08905938 0.09405938 "" "" 7.547268212592045 "" 0.6732075651452489 ""
202.05155740063 -61.97539703839 0.0142 0.0162 20.0931 "" "" 5868415065863349120 1963.84412 0.4724 0.0227 -4.372 -1.185 0.018 0.021 1.012 "" "" 15.139918 0.924875 15.507795 14.58292 "" "" 1880.33459 2066.93555 16556.91237 3.6463 8556.6 9.0505 11641.0 10.019 "" "" 0.0027656758476001546 0.0030172647 0.0038931905 0.0069104554 202.05155740063 -61.97539703839 1963.84412 -4.372000000000002 -1.1849999999999998 0.6677877693176271 0.8536970043182373 0.08705938 0.09005938 "" "" 10.089184470201282 "" 0.8972561034010547 ""
202.37362386206 -62.3484808599 0.0162 0.0163 11.1085 "" "" 5868344868911434624 1507.5509 0.6277 0.0221 -7.764 -1.397 0.019 0.022 1.0 6250.7 4.0999 15.140708 1.167723 15.641439 14.473717 "" "" 1462.0127 1564.95593 16544.87329 3.236 7565.6 8.2778 12873.0 12.178 "" "" 0.0027634915380114807 0.0030325332 0.003916465 0.006948998 202.37362386206 -62.3484808599 1507.5509 -7.764000000000001 -1.397 -2.7242122306823733 0.6416970043182373 0.08805938 0.09105938 "" "" 19.99941831973825 "" 1.764341219482124 ""
202.21371368623 -62.11745077716 0.0151 0.0166 13.1537 "" "" 5868363491891230080 1996.61682 0.4673 0.0232 -4.82 -0.435 0.018 0.022 1.036 9233.2 4.1722 15.141492 0.833022 15.464947 14.631925 "" "" 1896.25916 2107.98853 16532.94179 3.9024 8901.0 10.087 11127.0 12.277 "" "" 0.0027672127106717287 0.0030494165 0.0039646956 0.007014112 202.21371368623 -62.11745077716 1996.61682 -4.82 -0.43499999999999983 0.21978776931762667 1.6036970043182373 0.08705938 0.09105938 "" "" 15.319204235947103 "" 1.3938518678508933 ""
201.85829847535 -62.67008818994 0.0164 0.0179 21.9564 "" "" 5868237494728861440 1453.33691 0.66 0.0242 -7.073 0.278 0.018 0.023 0.919 5343.7 3.8802 15.14327 1.137011 15.631947 14.494936 "" "" 1405.88745 1505.50281 16505.87804 3.3276 7632.0 8.4254 12624.0 10.433 "" "" 0.0027640007639519524 0.003036726 0.0038844394 0.0069211656 201.85829847535 -62.67008818994 1453.33691 -7.073000000000006 0.27800000000000025 -2.0332122306823734 2.3166970043182373 0.08705938 0.09205938 "" "" 21.23391865880342 "" 1.9093121006429334 ""
201.6307079479 -62.01039865064 0.0212 0.0231 20.4615 "" "" 5868420078036957952 1717.38501 0.5415 0.0318 -6.818 -1.902 0.025 0.03 1.389 5837.7 4.0288 15.143515 1.291549 15.696135 14.404586 "" "" 1627.88037 1813.04785 16502.16124 5.6815 7193.9 9.0484 13719.0 12.49 "" "" 0.00278056117998821 0.003106442 0.003906508 0.0070129503 201.6307079479 -62.01039865064 1717.38501 -6.818 -1.9019999999999997 -1.7782122306823727 0.1366970043182374 0.09405938 0.09905938 "" "" 14.518075736795849 "" 1.365998889782155 ""
201.61482623583 -62.52315961488 0.016 0.0185 16.4543 "" "" 5868254915087897088 1642.20972 0.5773 0.025 -6.025 -2.412 0.019 0.024 1.005 6066.2 4.1235 15.143629 0.986243 15.541722 14.555479 "" "" 1562.60022 1717.78992 16500.42028 3.6138 8293.3 8.7914 11939.0 13.535 "" "" 0.002765562048205241 0.003018232 0.003974769 0.006993001 201.61482623583 -62.52315961488 1642.20972 -6.024999999999996 -2.411999999999998 -0.9852122306823734 -0.3733029956817626 0.08805938 0.093059376 "" "" 8.201024516348019 "" 0.7274520243020507 ""
202.3645418127 -62.29957259336 0.0163 0.0164 10.6204 "" "" 5868345899703847808 1854.93005 0.5026 0.0229 -9.485 -0.154 0.019 0.022 0.994 6249.5 4.111 15.146949 1.15354 15.639385 14.485846 "" "" 1792.6333 1924.52734 16450.04774 3.4339 7579.9 7.3087 12730.0 9.7617 "" "" 0.0027646260226935494 0.002980105 0.0038700004 0.0068501057 202.3645418127 -62.29957259336 1854.93005 -9.485000000000003 -0.15400000000000086 -4.4452122306823725 1.8846970043182374 0.08805938 0.09105938 "" "" 42.45174972952441 "" 3.757958811360452 ""
202.34041967695 -61.97727765831 0.0147 0.0169 22.2574 "" "" 5868412832480353792 1930.16614 0.4835 0.0228 -8.09 0.237 0.018 0.022 0.956 5424.9 3.8537 15.147758 1.40589 15.775376 14.369487 "" "" 1847.47339 2007.41443 16437.79899 3.7546 6687.5 12.381 14170.0 22.684 "" "" 0.002766458263477098 0.0034388257 0.004159893 0.0075987186 202.34041967695 -61.97727765831 1930.16614 -8.09 0.23699999999999993 -3.050212230682373 2.2756970043182374 0.08705938 0.09105938 "" "" 34.817387021202606 "" 3.0817041685196056 ""
202.17253967318 -62.4338858237 0.0177 0.0193 9.1533 "" "" 5868338267497544448 1773.45398 0.5294 0.0267 -8.192 -1.509 0.02 0.025 1.125 5056.3 3.7429 15.149353 1.390038 15.755824 14.365786 "" "" 1685.90515 1848.32483 16413.66599 3.7857 6809.1 12.704 14218.0 32.994 "" "" 0.002766676417204193 0.0034479715 0.004542223 0.0079901945 202.17253967318 -62.4338858237 1773.45398 -8.19200000000001 -1.509 -3.152212230682373 0.5296970043182374 0.08905938 0.09405938 "" "" 26.86955074044896 "" 2.3967756097946515 ""
202.44898450898 -62.57086713767 0.0867 0.1 20.3398 "" "" 5865336089711998464 1924.24011 0.5718 0.1309 -5.577 0.239 0.105 0.133 5.738 "" "" 15.15149 1.358314 15.524839 14.166526 "" "" 1516.41125 2421.90649 16381.39387 14.99 8423.3 21.189 17082.0 245.09 "" "" 0.002928969850153577 0.0039044162 0.016029885 0.0199343 202.44898450898 -62.57086713767 1924.24011 -5.577000000000001 0.238999999999998 -0.537212230682373 2.277697004318237 0.17405938 0.20205939 "" "" 21.34465676743205 "" 4.283475551054097 ""
201.89666508427 -61.97200743501 0.0153 0.0193 20.3561 "" "" 5868410118060630784 1547.94092 0.6147 0.0263 -11.495 -5.537 0.019 0.025 1.098 5870.5 3.9336 15.154602 1.248447 15.69674 14.448293 "" "" 1463.51941 1625.19739 16334.50521 3.3387 7189.9 9.1642 13178.0 12.147 "" "" 0.0027642427038052494 0.0031145066 0.0039096433 0.00702415 201.89666508427 -61.97200743501 1547.94092 -11.494999999999997 -5.537000000000006 -6.455212230682372 -3.4983029956817626 0.08805938 0.09405938 "" "" 53.87147722062834 "" 4.819170574945034 ""
202.40970787041 -62.54069684301 0.0154 0.0172 18.2552 "" "" 5865337086140276992 1755.02136 0.5304 0.0234 -10.564 -4.432 0.017 0.022 0.986 6139.8 4.0606 15.158005 1.129046 15.63479 14.505744 "" "" 1689.74255 1833.73364 16283.38537 3.5676 7612.0 8.9044 12499.0 9.2557 "" "" 0.002765569693434677 0.0030656394 0.0038639551 0.0069295946 202.40970787041 -62.54069684301 1755.02136 -10.564 -4.432 -5.524212230682373 -2.393302995681763 0.08605938 0.09105938 "" "" 50.082237321446144 "" 4.350578533552945 ""
202.43351942443 -62.3060757696 0.0166 0.0166 12.5292 "" "" 5868345212508882048 1751.69714 0.5346 0.023 -6.082 -1.909 0.02 0.022 0.954 6804.1 4.1532 15.159423 0.940275 15.536239 14.595963 "" "" 1702.32507 1819.89282 16262.14186 3.5184 8335.3 8.0544 11502.0 16.679 "" "" 0.002765315467904918 0.0029808988 0.0040942067 0.007075106 202.43351942443 -62.3060757696 1751.69714 -6.082000000000002 -1.9090000000000016 -1.042212230682373 0.12969700431823727 0.08905938 0.09105938 "" "" 8.720282641993618 "" 0.7768918991467201 ""
202.19156754207 -62.28703731044 0.0178 0.0181 5.9291 "" "" 5868357719454909184 1757.53027 0.5316 0.0252 -10.526 0.007 0.021 0.023 1.014 5788.2 4.0656 15.160279 1.089472 15.613576 14.524104 "" "" 1681.65845 1845.12793 16249.31405 3.7394 7762.2 10.456 12289.0 29.592 "" "" 0.0027666257123789856 0.0031502452 0.0045955554 0.0077458005 202.19156754207 -62.28703731044 1757.53027 -10.526 0.006999999999999692 -5.486212230682373 2.0456970043182374 0.09005938 0.09205938 "" "" 48.77790053187169 "" 4.40493149832909 ""
202.14586170591 -61.99888188568 0.0146 0.0168 19.139 "" "" 5868412179645281152 2131.677 0.4318 0.0234 -8.067 -2.159 0.017 0.022 0.964 6844.8 4.1755 15.163111 1.163248 15.659909 14.496661 "" "" 2048.56934 2244.8584 16206.98927 3.1319 7437.9 8.7932 12604.0 10.071 "" "" 0.002763297013162616 0.0030712555 0.0038776733 0.006948929 202.14586170591 -61.99888188568 2131.677 -8.06700000000001 -2.1590000000000003 -3.027212230682373 -0.1203029956817625 0.08605938 0.09105938 "" "" 30.611547326611383 "" 2.634659023347344 ""
