Clusters/Basel_18/Basel_18_stars_in_region.tsv
# %ECSV 1.0
# ---
# datatype:
# - name: RA_ICRS_1
#   unit: deg
#   datatype: float64
#   format: '{:15.11f}'
#   description: Right ascension (ICRS) at Ep=2016.0 (ra)
#   meta: !!omap
#   - {ucd: POS_EQ_RA_MAIN}
#   - {width: 15}
#   - {precision: '11'}
# - name: DE_ICRS_1
#   unit: deg
#   datatype: float64
#   format: '{:15.11f}'
#   description: Declination (ICRS) at Ep=2016.0 (dec)
#   meta: !!omap
#   - {ucd: POS_EQ_DEC_MAIN}
#   - {width: 15}
#   - {precision: '11'}
# - name: e_RA_ICRS
#   unit: mas
#   datatype: float64
#   format: '{:7.4f}'
#   description: Standard error of right ascension (ra_error)
#   meta: !!omap
#   - {ucd: ERROR}
#   - {width: 7}
#   - {precision: '4'}
# - name: e_DE_ICRS
#   unit: mas
#   datatype: float64
#   format: '{:7.4f}'
#   description: Standard error of declination (dec_error)
#   meta: !!omap
#   - {ucd: ERROR}
#   - {width: 7}
#   - {precision: '4'}
# - name: _r_1
#   unit: ''
#   datatype: float64
#   format: '{:7.4f}'
#   description: Distance from center (201.98421793000-62.30880027000)[ICRS], at Epoch=J2016.0
#   meta: !!omap
#   - {ucd: POS_ANG_DIST_GENERAL}
#   - {width: 7}
#   - {precision: '4'}
# - name: HIP
#   datatype: int32
#   description: '? HIP cross-id number, van Leeuwen, Cat. I/311 (hip_original_ext_source_id)'
#   meta: !!omap
#   - {ucd: ID_NUMBER}
#   - {width: 6}
#   - values: {'null': -2147483648}
# - name: TYC2
#   datatype: string
#   description: Tycho-2 cross-id name, Hog et al., Cat. I/259 (tyc2_original_ext_source_id)
#   meta: !!omap
#   - {ucd: ID_CROSSID}
#   - {_votable_string_dtype: char}
# - name: Source
#   datatype: int64
#   description: Source identifier, identical to the Gaia-EDR3 source_id (id)
#   meta: !!omap
#   - {ucd: ID_MAIN}
#   - {width: 19}
# - name: rgeo
#   unit: pc
#   datatype: float64
#   format: '{:15.8f}'
#   description: '? Median of the geometric distance posterior (r_med_geo)'
#   meta: !!omap
#   - {ucd: PHYS_DISTANCE_TRUE}
#   - {width: 15}
#   - {precision: '8'}
#   - values: {'null': .nan}
# - name: Plx
#   unit: mas
#   datatype: float64
#   format: '{:9.4f}'
#   description: '? Parallax (parallax)'
#   meta: !!omap
#   - {ucd: POS_PARLX_TRIG}
#   - {width: 9}
#   - {precision: '4'}
#   - values: {'null': .nan}
# - name: e_Plx
#   unit: mas
#   datatype: float32
#   format: '{:7.4f}'
#   description: '? Standard error of parallax (parallax_error)'
#   meta: !!omap
#   - {ucd: ERROR}
#   - {width: 7}
#   - {precision: '4'}
#   - values: {'null': .nan}
# - name: pmRA
#   unit: mas / yr
#   datatype: float64
#   format: '{:9.3f}'
#   description: '? Proper motion in right ascension direction, pmRA*cosDE (pmra)'
#   meta: !!omap
#   - {ucd: POS_EQ_PMRA}
#   - {width: 9}
#   - {precision: '3'}
#   - values: {'null': .nan}
# - name: pmDE
#   unit: mas / yr
#   datatype: float64
#   format: '{:9.3f}'
#   description: '? Proper motion in declination direction (pmdec)'
#   meta: !!omap
#   - {ucd: POS_EQ_PMDEC}
#   - {width: 9}
#   - {precision: '3'}
#   - values: {'null': .nan}
# - name: e_pmRA
#   unit: mas / yr
#   datatype: float32
#   format: '{:6.3f}'
#   description: '? Standard error of proper motion in right ascension direction (pmra_error)'
#   meta: !!omap
#   - {ucd: ERROR}
#   - {width: 6}
#   - {precision: '3'}
#   - values: {'null': .nan}
# - name: e_pmDE
[...]
#         value: !astropy.table.SerializedColumn {name: SkyCoord.dec}
#       distance: !astropy.table.SerializedColumn
#         __class__: astropy.coordinates.distances.Distance
#         unit: !astropy.units.Unit {unit: pc}
#         value: !astropy.table.SerializedColumn {name: SkyCoord.distance}
#       frame: icrs
#       obstime: !astropy.time.Time {format: jyear_str, in_subfmt: '*', jd1: 367701545.0, jd2: 0.0, out_subfmt: '*', precision: 3, scale: tt}
#       pm_dec: !astropy.table.SerializedColumn
#         __class__: astropy.units.quantity.Quantity
#         unit: !astropy.units.Unit {unit: mas / yr}
#         value: !astropy.table.SerializedColumn {name: SkyCoord.pm_dec}
#       pm_ra_cosdec: !astropy.table.SerializedColumn
#         __class__: astropy.units.quantity.Quantity
#         unit: !astropy.units.Unit {unit: mas / yr}
#         value: !astropy.table.SerializedColumn {name: SkyCoord.pm_ra_cosdec}
#       ra: !astropy.table.SerializedColumn
#         __class__: astropy.coordinates.angles.Longitude
#         unit: *id001
#         value: !astropy.table.SerializedColumn {name: SkyCoord.ra}
#         wrap_angle: !astropy.coordinates.Angle
#           unit: *id001
#           value: 360.0
#       representation_type: spherical
# schema: astropy-2.0
RA_ICRS_1 DE_ICRS_1 e_RA_ICRS e_DE_ICRS _r_1 HIP TYC2 Source rgeo Plx e_Plx pmRA pmDE e_pmRA e_pmDE RUWE Teff logg Gmag BP-RP BPmag RPmag RV e_RV b_rgeo B_rgeo FG e_FG FBP e_FBP FRP e_FRP RAVE5 RAVE6 e_Gmag e_BPmag e_RPmag e_BP-RP SkyCoord.ra SkyCoord.dec SkyCoord.distance SkyCoord.pm_ra_cosdec SkyCoord.pm_dec rmRA rmDE e_rmRA e_rmDE rRV e_rRV v_pec v_pec3d e_vpec e_vpec3d
[from data line 468]
201.79409318948 -62.47478004603 0.0124 0.0143 11.2749 "" "" 5868348682843059840 1703.33984 0.5438 0.0193 -5.118 -1.91 0.015 0.019 0.976 8228.1 4.2249 14.60157 0.757653 14.894768 14.137115 "" "" 1651.31799 1757.01111 27184.33527 5.0453 15049.0 10.55 17551.0 10.765 "" "" 0.002762678941463193 0.0028921263 0.003837604 0.0067297304 201.79409318948 -62.47478004603 1703.33984 -5.117999999999998 -1.9100000000000008 -0.07821223068237337 0.12869700431823738 0.08405938 0.08805938 "" "" 1.2159112033504142 "" 0.10578261518499898 ""
201.5787427811 -62.58351501938 0.0132 0.0157 19.9583 "" "" 5868242476890971648 1989.91016 0.4678 0.0208 -4.518 -1.038 0.017 0.02 1.0 7686.4 3.6027 14.601879 1.213004 15.118996 13.905992 "" "" 1916.95337 2059.47705 27176.60249 4.9729 12241.0 10.914 21715.0 15.444 "" "" 0.0027624735955284457 0.0029533273 0.0038574608 0.006810788 201.5787427811 -62.58351501938 1989.91016 -4.517999999999999 -1.0380000000000003 0.5217877693176272 1.0006970043182373 0.08605938 0.08905938 "" "" 10.644813319190161 "" 0.9412850933800203 ""
202.23452272525 -61.98467138161 0.012 0.0138 20.6748 "" "" 5868412042206357120 2147.77832 0.4337 0.0188 -7.016 -2.649 0.014 0.018 0.991 6282.6 3.4948 14.608519 1.105651 15.074327 13.968677 -40.95 5.95 2079.22876 2224.62427 27010.91162 4.5601 12755.0 11.836 20497.0 14.615 "" "" 0.002761410477541546 0.0029665 0.0038578566 0.0068243565 202.23452272525 -61.98467138161 2147.77832 -7.015999999999998 -2.6489999999999996 -1.976212230682373 -0.6103029956817627 0.08305938 0.08705938 "" "" 21.056312851065776 "" 1.7564181566442592 ""
201.25912229751 -62.41471780937 0.0144 0.0169 21.1586 "" "" 5868305527004715904 2108.79028 0.4361 0.0227 -4.983 -2.092 0.017 0.022 1.131 7613.9 3.6403 14.614144 0.816597 14.932986 14.116389 "" "" 2026.75427 2230.97949 26871.31362 5.3309 14529.0 11.661 17890.0 17.701 "" "" 0.002763726556846463 0.0029230823 0.0039290935 0.006852176 201.25912229751 -62.41471780937 2108.79028 -4.982999999999999 -2.0920000000000023 0.0567877693176273 -0.05330299568176278 0.08605938 0.09105938 "" "" 0.7785115980492482 "" 0.06884881748494537 ""
201.75071238161 -62.0057699855 0.0122 0.0144 19.3234 "" "" 5868421353696215808 1735.22498 0.541 0.0195 -8.039 -2.149 0.015 0.018 0.984 8019.5 3.97 14.614294 0.948064 14.998188 14.050124 "" "" 1674.97522 1783.26465 26867.62423 4.5822 13682.0 11.904 19016.0 13.1 "" "" 0.0027615352780643574 0.0029457423 0.0038526831 0.0067984257 201.75071238161 -62.0057699855 1735.22498 -8.039000000000003 -2.1490000000000005 -2.9992122306823727 -0.11030299568176272 0.08405938 0.08705938 "" "" 24.685097102303637 "" 2.0751157697476357 ""
201.73970421727 -62.60167825654 0.0127 0.015 18.8368 "" "" 5868241755336452992 1823.73132 0.5126 0.02 -11.692 -3.437 0.016 0.02 0.932 6302.5 3.8241 14.617159 1.024995 15.044089 14.019094 -37.56 5.86 1769.76807 1884.05261 26796.82746 4.5954 13115.0 11.871 19567.0 12.183 "" "" 0.002761604131343079 0.002958183 0.0038393645 0.0067975475 201.73970421727 -62.60167825654 1823.73132 -11.692 -3.4369999999999985 -6.652212230682373 -1.3983029956817625 0.08505938 0.08905938 "" "" 58.76164227933359 "" 5.008398462009617 ""
202.07269049582 -62.61040809347 0.0125 0.0143 18.2622 "" "" 5868331743490660096 1736.34961 0.545 0.0185 -8.083 -0.171 0.015 0.019 0.982 4937.0 3.5151 14.619094 1.420794 15.263359 13.842565 13.99 3.41 1687.82715 1784.64563 26749.10265 4.109 10717.0 11.704 23021.0 14.602 "" "" 0.0027603633642112294 0.0030316664 0.003841614 0.0068732803 202.07269049582 -62.61040809347 1736.34961 -8.083 -0.17099999999999993 -3.0432122306823732 1.8676970043182373 0.08405938 0.08805938 "" "" 29.3873853147293 "" 2.5029960346030427 ""
202.66940027557 -62.22326463592 0.0125 0.0146 19.808 "" "" 5868347205373969280 1686.2522 0.5542 0.0188 -8.823 -4.694 0.015 0.019 0.951 5203.4 3.4955 14.623573 1.541877 15.334799 13.792922 3.66 3.21 1637.34485 1746.97229 26638.97836 4.9615 10035.0 8.8906 24098.0 14.22 "" "" 0.0027627308064292772 0.0029513275 0.0038333016 0.006784629 202.66940027557 -62.22326463592 1686.2522 -8.823 -4.694 -3.7832122306823734 -2.6553029956817626 0.08405938 0.08805938 "" "" 36.943269926852786 "" 3.154963875308125 ""
201.23235170371 -62.33069270543 0.0341 0.0418 20.9972 "" "" 5868309718892881920 1684.58862 0.5714 0.0562 -10.255 -3.055 0.038 0.053 1.99 "" "" 14.624003 1.677596 15.266296 13.5887 -32.04 3.82 1516.86853 1866.11792 26628.40844 13.273 10688.0 120.41 29086.0 398.08 "" "" 0.002807966144752229 0.0125459945 0.01533281 0.027878804 201.23235170371 -62.33069270543 1684.58862 -10.254999999999995 -3.0549999999999984 -5.215212230682374 -1.0163029956817629 0.107059374 0.122059375 "" "" 42.426550489007546 "" 4.567006391016735 ""
201.56543087881 -62.34484718345 0.0124 0.0152 11.8685 "" "" 5868260618833922432 1946.19458 0.4835 0.0201 -6.163 -3.285 0.014 0.02 0.982 5807.4 3.9297 14.624613 1.217723 15.150895 13.933172 -6.81 4.54 1868.0354 2032.8501 26613.47428 4.7149 11887.0 14.008 21178.0 12.112 "" "" 0.002762026147653369 0.0030695403 0.0038300527 0.006899593 201.56543087881 -62.34484718345 1946.19458 -6.162999999999995 -3.2849999999999997 -1.1232122306823733 -1.2463029956817628 0.08305938 0.08905938 "" "" 15.477267965445753 "" 1.3375726493230102 ""
201.46627600913 -62.46339759734 0.0137 0.0161 17.1325 "" "" 5868258797767710976 1727.35657 0.5493 0.0207 -4.74 -2.847 0.016 0.022 0.949 "" "" 14.627796 1.235219 15.167915 13.932696 -4.71 6.78 1653.28735 1798.88062 26535.56772 5.0765 11702.0 11.231 21187.0 11.357 "" "" 0.0027631383293715535 0.0029784034 0.0038239304 0.0068023335 201.46627600913 -62.46339759734 1727.35657 -4.739999999999999 -2.847 0.29978776931762674 -0.8083029956817627 0.08505938 0.09105938 "" "" 7.058638055761062 "" 0.6377834131685012 ""
201.83512814104 -62.40474813017 0.0133 0.0154 7.097 "" "" 5868350297751139968 1437.62207 0.6584 0.0201 -5.992 3.19 0.015 0.022 0.957 "" "" 14.629629 1.381123 15.251146 13.870024 -29.25 4.39 1401.81946 1482.33252 26490.79837 4.2533 10838.0 9.2813 22447.0 10.206 "" "" 0.002760829222825048 0.0029410124 0.0038114851 0.0067524975 201.83512814104 -62.40474813017 1437.62207 -5.991999999999999 3.1899999999999995 -0.952212230682373 5.228697004318237 0.08405938 0.09105938 "" "" 36.21607663224737 "" 3.2899790820939487 ""
202.04144836626 -62.56076152308 0.0142 0.0161 15.201 "" "" 5868332843002348544 2023.29321 0.4589 0.0223 2.539 0.168 0.017 0.021 1.189 6015.1 2.8951 14.642628 2.112893 15.704801 13.591907 -23.5 2.63 1920.03857 2130.9043 26175.53692 12.611 7136.7 26.305 29000.0 88.042 "" "" 0.002804534691836818 0.004878542 0.0050148573 0.009893399 202.04144836626 -62.56076152308 2023.29321 2.5389999999999993 0.1679999999999996 7.578787769317627 2.2066970043182375 0.08605938 0.09005938 "" "" 75.70201740917682 "" 6.539038883641852 ""
202.15961012558 -62.27111795937 0.0146 0.0146 5.3905 "" "" 5868352668572941568 1974.90527 0.4683 0.0198 -4.402 -0.055 0.017 0.019 1.024 "" "" 14.644505 0.868263 14.986546 14.118283 "" "" 1909.93652 2034.08545 26130.32873 5.519 13829.0 14.007 17859.0 11.896 "" "" 0.002764846570345321 0.0029990687 0.0038479564 0.006847025 202.15961012558 -62.27111795937 1974.90527 -4.402 -0.055000000000000854 0.6377877693176268 1.9836970043182374 0.08605938 0.08805938 "" "" 19.50566989229406 "" 1.7140400387072994 ""
201.41357416747 -62.48558171878 0.0139 0.0172 19.0833 "" "" 5868257285939186816 1440.22717 0.66 0.0215 -6.677 -4.817 0.017 0.023 0.972 5666.9 4.0274 14.64788 1.084095 15.104856 14.020761 27.9 7.48 1405.51538 1481.86414 26049.22031 4.6427 12402.0 10.518 19537.0 12.121 "" "" 0.002762106981131166 0.0029381835 0.0038389412 0.0067771245 201.41357416747 -62.48558171878 1440.22717 -6.677 -4.817 -1.6372122306823726 -2.778302995681763 0.08605938 0.09205938 "" "" 22.01476931783244 "" 1.9934574482450402 ""
201.97721768776 -62.52152980258 0.0127 0.0142 12.7653 "" "" 5868336107177562880 1795.86597 0.522 0.0198 -5.131 -1.93 0.015 0.018 0.955 "" "" 14.647964 0.713655 14.923 14.209345 "" "" 1734.96912 1856.82068 26047.22179 5.4998 14663.0 10.542 16422.0 13.794 "" "" 0.002764840878071552 0.0028973045 0.003887859 0.0067851637 201.97721768776 -62.52152980258 1795.86597 -5.130999999999992 -1.9299999999999975 -0.09121223068237327 0.10869700431823737 0.08405938 0.08705938 "" "" 1.207883224590785 "" 0.10367562565717924 ""
201.65538276526 -62.15566383395 0.013 0.015 12.9968 "" "" 5868406441568440192 2133.56494 0.4311 0.0205 -5.614 -1.139 0.015 0.02 0.943 "" "" 14.648307 0.949051 15.027976 14.078925 "" "" 2066.4519 2224.53833 26038.99062 4.7943 13311.0 12.425 18518.0 9.9211 "" "" 0.0027625625299544055 0.002968529 0.0038238838 0.006792413 201.65538276526 -62.15566383395 2133.56494 -5.614000000000001 -1.1389999999999993 -0.5742122306823729 0.8996970043182373 0.08405938 0.08905938 "" "" 10.793922945234305 "" 0.9459959520773211 ""
202.07698650677 -62.33611898714 0.0333 0.0322 3.0612 "" "" 5868351672140432896 2045.91321 0.449 0.0408 -5.546 -1.779 0.036 0.039 2.243 "" "" 14.648416 2.440276 15.887621 13.447345 -5.34 1.87 1886.09485 2247.99512 26036.37342 13.405 6030.7 12.714 33130.0 101.52 "" "" 0.0028114531268065538 0.0036089334 0.005035151 0.008644084 202.07698650677 -62.33611898714 2045.91321 -5.546 -1.7790000000000035 -0.5062122306823733 0.2596970043182374 0.10505938 0.10805938 "" "" 5.5173742187365225 "" 0.583139336405615 ""
201.86031512419 -62.45387062584 0.0125 0.0143 9.3617 "" "" 5868349198239146624 1868.37134 0.5024 0.0191 -5.823 -2.314 0.014 0.019 0.993 6151.0 3.7781 14.65222 1.141157 15.139085 13.997928 -16.93 5.13 1815.85059 1942.13525 25945.29758 3.9588 12017.0 10.378 19952.0 11.847 "" "" 0.0027602960172241676 0.002943508 0.0038339724 0.0067774802 201.86031512419 -62.45387062584 1868.37134 -5.823 -2.314 -0.7832122306823734 -0.27530299568176275 0.08305938 0.08805938 "" "" 7.352216922032712 "" 0.6148207027164836 ""
201.39103243911 -62.53396244259 0.0132 0.017 21.3076 "" "" 5868254021763944064 1721.02673 0.5413 0.0205 -14.13 -3.218 0.016 0.023 0.977 5798.5 3.6019 14.654979 0.995609 15.065448 14.069839 -30.08 9.16 1663.21606 1788.83655 25879.46412 4.7316 12860.0 14.193 18673.0 12.513 "" "" 0.002762461701448624 0.0030365963 0.0038487762 0.0068853726 201.39103243911 -62.53396244259 1721.02673 -14.129999999999999 -3.218000000000004 -9.090212230682374 -1.1793029956817627 0.08505938 0.09205938 "" "" 74.7763581673106 "" 6.369444889579045 ""
202.66919723426 -62.14075340617 0.0136 0.0153 21.644 "" "" 5868372013107113216 1819.73462 0.5131 0.0204 -3.777 -0.48 0.015 0.02 1.029 "" "" 14.65765 0.86685 14.999598 14.132749 "" "" 1752.67163 1885.48523 25815.86093 5.0136 13664.0 15.985 17622.0 14.43 "" "" 0.0027633765473682238 0.0030656743 0.003882547 0.0069482215 202.66919723426 -62.14075340617 1819.73462 -3.7770000000000015 -0.48000000000000037 1.2627877693176268 1.5586970043182373 0.08405938 0.08905938 "" "" 17.303124037709463 "" 1.5073166286670299 ""
202.17831907387 -62.50854912462 0.0147 0.0166 13.1428 "" "" 5868334526629627648 1616.89075 0.5792 0.0231 -1.08 -0.283 0.017 0.022 1.206 6314.0 3.9505 14.659253 1.095479 15.118695 14.023216 -11.48 5.85 1559.39624 1695.53198 25777.78804 5.052 12244.0 9.6065 19493.0 9.5085 "" "" 0.0027635243916489835 0.0029173116 0.0038163092 0.0067336205 202.17831907387 -62.50854912462 1616.89075 -1.08 -0.2830000000000003 3.959787769317627 1.7556970043182374 0.08605938 0.09105938 "" "" 33.19732659199186 "" 2.8848668810616664 ""
202.410758589 -62.49983347919 0.0133 0.0138 16.49 "" "" 5865337395377960192 1594.828 0.5922 0.0191 -7.4 -2.971 0.015 0.018 0.96 "" "" 14.663929 0.934559 15.041947 14.107389 "" "" 1534.23071 1645.44568 25667.00413 4.6833 13141.0 9.9017 18039.0 12.129 "" "" 0.002762432989676781 0.0029076335 0.0038492416 0.006756875 202.410758589 -62.49983347919 1594.828 -7.3999999999999995 -2.971 -2.3602122306823734 -0.9323029956817628 0.08405938 0.08705938 "" "" 19.18350979243987 "" 1.620440945913034 ""
201.74530883414 -62.26690469562 0.0128 0.0145 7.1242 "" "" 5868355039394891776 1781.01038 0.522 0.0202 -5.046 -2.015 0.015 0.019 1.032 8731.9 4.1851 14.667521 0.738282 14.954241 14.215959 "" "" 1714.71814 1852.11475 25582.24369 5.2361 14247.0 10.861 16322.0 11.601 "" "" 0.0027642672654890114 0.0029103484 0.003857362 0.0067677107 201.74530883414 -62.26690469562 1781.01038 -5.0459999999999985 -2.0149999999999992 -0.00621223068237331 0.02369700431823718 0.08405938 0.08805938 "" "" 0.2068097527816779 "" 0.018159477134854232 ""
201.78501899042 -62.10558523528 0.0569 0.0656 13.4061 "" "" 5868408056476213504 2076.03125 0.493 0.0869 -5.481 -1.27 0.069 0.084 4.858 8996.1 3.3465 14.668608 0.906404 15.003987 14.097583 "" "" 1774.25427 2447.64355 25556.6365 14.038 13609.0 11.144 18202.0 14.782 "" "" 0.0028191245152302024 0.0029283965 0.0038808743 0.006809271 201.78501899042 -62.10558523528 2076.03125 -5.480999999999998 -1.2700000000000005 -0.4412122306823729 0.7686970043182373 0.13805938 0.15305938 "" "" 8.721733771931227 "" 1.3037476084193629 ""
202.19472694359 -62.05232129963 0.0122 0.0137 16.479 "" "" 5868410873975142400 1614.30432 0.5807 0.0192 -2.349 -3.117 0.015 0.018 1.001 7306.1 4.2896 14.669044 0.943358 15.048932 14.105574 "" "" 1560.74976 1660.18591 25546.38638 4.525 13057.0 12.293 18069.0 13.33 "" "" 0.0027620236255388947 0.002971524 0.0038633265 0.0068348506 202.19472694359 -62.05232129963 1614.30432 -2.348999999999997 -3.1169999999999995 2.6907877693176268 -1.0783029956817627 0.08405938 0.08705938 "" "" 22.181090857140596 "" 1.8738772323015729 ""
202.25236886111 -62.43826446845 0.0134 0.0143 10.7703 "" "" 5868335385623187328 1666.88391 0.564 0.0198 -4.13 -0.758 0.016 0.019 0.961 6718.7 3.9271 14.669059 0.953994 15.057202 14.103209 -72.86 9.36 1622.69324 1716.96875 25546.00831 4.3243 12958.0 10.048 18108.0 10.573 "" "" 0.00276144299589349 0.0029144231 0.0038321814 0.0067466046 202.25236886111 -62.43826446845 1666.88391 -4.13 -0.7579999999999999 0.9097877693176271 1.2806970043182373 0.08505938 0.08805938 "" "" 12.412159625076352 "" 1.0806612819273462 ""
201.30485060576 -62.28236475355 0.0137 0.0166 19.0169 "" "" 5868311539959170048 2003.46997 0.4657 0.0228 -3.947 -0.954 0.016 0.023 1.006 "" "" 14.671947 1.039742 15.096286 14.056544 "" "" 1899.53174 2118.67456 25478.14019 4.8827 12500.0 13.835 18903.0 9.8878 "" "" 0.0027631655677317645 0.0030379456 0.003821815 0.0068597607 201.30485060576 -62.28236475355 2003.46997 -3.947 -0.9539999999999988 1.092787769317627 1.0846970043182373 0.08505938 0.09205938 "" "" 14.621916711385866 "" 1.295538735202636 ""
201.61434493293 -62.54025412794 0.0177 0.0203 17.274 "" "" 5868254326658509952 1972.88977 0.4763 0.0269 -4.667 -0.856 0.021 0.026 1.382 "" "" 14.672094 1.155757 15.139476 13.983719 "" "" 1886.03088 2070.09546 25474.7032 7.4163 12012.0 18.243 20215.0 12.246 "" "" 0.002773391150330898 0.0032409963 0.0038361868 0.007077183 201.61434493293 -62.54025412794 1972.88977 -4.666999999999999 -0.8559999999999985 0.37278776931762714 1.1826970043182374 0.09005938 0.09505938 "" "" 11.596395836144131 "" 1.097232125316834 ""
201.70314768853 -62.12865717993 0.049 0.0556 13.3645 "" "" 5868406579007427712 1521.25854 0.6567 0.0745 -5.092 -0.912 0.059 0.073 4.103 6658.5 3.4097 14.672581 1.137696 15.017653 13.879957 "" "" 1349.51794 1759.44714 25463.27842 9.0713 13439.0 14.707 22242.0 20.422 "" "" 0.002782336939573714 0.003032625 0.003908647 0.006941272 201.70314768853 -62.12865717993 1521.25854 -5.0920000000000005 -0.912 -0.052212230682372684 1.1266970043182374 0.12805939 0.14205939 "" "" 8.13306664550807 "" 1.155146456756888 ""
