Clusters/Basel_18/Basel_18_stars_in_region.tsv
# %ECSV 1.0
# ---
# datatype:
# - name: RA_ICRS_1
#   unit: deg
#   datatype: float64
#   format: '{:15.11f}'
#   description: Right ascension (ICRS) at Ep=2016.0 (ra)
#   meta: !!omap
#   - {ucd: POS_EQ_RA_MAIN}
#   - {width: 15}
#   - {precision: '11'}
# - name: DE_ICRS_1
#   unit: deg
#   datatype: float64
#   format: '{:15.11f}'
#   description: Declination (ICRS) at Ep=2016.0 (dec)
#   meta: !!omap
#   - {ucd: POS_EQ_DEC_MAIN}
#   - {width: 15}
#   - {precision: '11'}
# - name: e_RA_ICRS
#   unit: mas
#   datatype: float64
#   format: '{:7.4f}'
#   description: Standard error of right ascension (ra_error)
#   meta: !!omap
#   - {ucd: ERROR}
#   - {width: 7}
#   - {precision: '4'}
# - name: e_DE_ICRS
#   unit: mas
#   datatype: float64
#   format: '{:7.4f}'
#   description: Standard error of declination (dec_error)
#   meta: !!omap
#   - {ucd: ERROR}
#   - {width: 7}
#   - {precision: '4'}
# - name: _r_1
#   unit: ''
#   datatype: float64
#   format: '{:7.4f}'
#   description: Distance from center (201.98421793000-62.30880027000)[ICRS], at Epoch=J2016.0
#   meta: !!omap
#   - {ucd: POS_ANG_DIST_GENERAL}
#   - {width: 7}
#   - {precision: '4'}
# - name: HIP
#   datatype: int32
#   description: '? HIP cross-id number, van Leeuwen, Cat. I/311 (hip_original_ext_source_id)'
#   meta: !!omap
#   - {ucd: ID_NUMBER}
#   - {width: 6}
#   - values: {'null': -2147483648}
# - name: TYC2
#   datatype: string
#   description: Tycho-2 cross-id name, Hog et al., Cat. I/259 (tyc2_original_ext_source_id)
#   meta: !!omap
#   - {ucd: ID_CROSSID}
#   - {_votable_string_dtype: char}
# - name: Source
#   datatype: int64
#   description: Source identifier, identical to the Gaia-EDR3 source_id (id)
#   meta: !!omap
#   - {ucd: ID_MAIN}
#   - {width: 19}
# - name: rgeo
#   unit: pc
#   datatype: float64
#   format: '{:15.8f}'
#   description: '? Median of the geometric distance posterior (r_med_geo)'
#   meta: !!omap
#   - {ucd: PHYS_DISTANCE_TRUE}
#   - {width: 15}
#   - {precision: '8'}
#   - values: {'null': .nan}
# - name: Plx
#   unit: mas
#   datatype: float64
#   format: '{:9.4f}'
#   description: '? Parallax (parallax)'
#   meta: !!omap
#   - {ucd: POS_PARLX_TRIG}
#   - {width: 9}
#   - {precision: '4'}
#   - values: {'null': .nan}
# - name: e_Plx
#   unit: mas
#   datatype: float32
#   format: '{:7.4f}'
#   description: '? Standard error of parallax (parallax_error)'
#   meta: !!omap
#   - {ucd: ERROR}
#   - {width: 7}
#   - {precision: '4'}
#   - values: {'null': .nan}
# - name: pmRA
#   unit: mas / yr
#   datatype: float64
#   format: '{:9.3f}'
#   description: '? Proper motion in right ascension direction, pmRA*cosDE (pmra)'
#   meta: !!omap
#   - {ucd: POS_EQ_PMRA}
#   - {width: 9}
#   - {precision: '3'}
#   - values: {'null': .nan}
# - name: pmDE
#   unit: mas / yr
#   datatype: float64
#   format: '{:9.3f}'
#   description: '? Proper motion in declination direction (pmdec)'
#   meta: !!omap
#   - {ucd: POS_EQ_PMDEC}
#   - {width: 9}
#   - {precision: '3'}
#   - values: {'null': .nan}
# - name: e_pmRA
#   unit: mas / yr
#   datatype: float32
#   format: '{:6.3f}'
#   description: '? Standard error of proper motion in right ascension direction (pmra_error)'
#   meta: !!omap
#   - {ucd: ERROR}
#   - {width: 6}
#   - {precision: '3'}
#   - values: {'null': .nan}
# - name: e_pmDE
[...]
#         value: !astropy.table.SerializedColumn {name: SkyCoord.dec}
#       distance: !astropy.table.SerializedColumn
#         __class__: astropy.coordinates.distances.Distance
#         unit: !astropy.units.Unit {unit: pc}
#         value: !astropy.table.SerializedColumn {name: SkyCoord.distance}
#       frame: icrs
#       obstime: !astropy.time.Time {format: jyear_str, in_subfmt: '*', jd1: 367701545.0, jd2: 0.0, out_subfmt: '*', precision: 3, scale: tt}
#       pm_dec: !astropy.table.SerializedColumn
#         __class__: astropy.units.quantity.Quantity
#         unit: !astropy.units.Unit {unit: mas / yr}
#         value: !astropy.table.SerializedColumn {name: SkyCoord.pm_dec}
#       pm_ra_cosdec: !astropy.table.SerializedColumn
#         __class__: astropy.units.quantity.Quantity
#         unit: !astropy.units.Unit {unit: mas / yr}
#         value: !astropy.table.SerializedColumn {name: SkyCoord.pm_ra_cosdec}
#       ra: !astropy.table.SerializedColumn
#         __class__: astropy.coordinates.angles.Longitude
#         unit: *id001
#         value: !astropy.table.SerializedColumn {name: SkyCoord.ra}
#         wrap_angle: !astropy.coordinates.Angle
#           unit: *id001
#           value: 360.0
#       representation_type: spherical
# schema: astropy-2.0
RA_ICRS_1 DE_ICRS_1 e_RA_ICRS e_DE_ICRS _r_1 HIP TYC2 Source rgeo Plx e_Plx pmRA pmDE e_pmRA e_pmDE RUWE Teff logg Gmag BP-RP BPmag RPmag RV e_RV b_rgeo B_rgeo FG e_FG FBP e_FBP FRP e_FRP RAVE5 RAVE6 e_Gmag e_BPmag e_RPmag e_BP-RP SkyCoord.ra SkyCoord.dec SkyCoord.distance SkyCoord.pm_ra_cosdec SkyCoord.pm_dec rmRA rmDE e_rmRA e_rmDE rRV e_rRV v_pec v_pec3d e_vpec e_vpec3d
[from data line 2132]
201.74868973152 -62.23426635515 0.032 0.0362 7.9519 "" "" 5868402077881602304 2021.85413 0.4947 0.0496 -6.038 -1.868 0.039 0.047 0.988 "" "" 16.645582 1.513114 17.326893 15.813779 "" "" 1814.54834 2240.51196 4137.26809 2.1357 1602.0 7.6834 3746.7 8.9377 "" "" 0.002811745695904175 0.0059077363 0.0045816884 0.010489425 201.74868973152 -62.23426635515 2021.85413 -6.038000000000001 -1.868 -0.9982122306823733 0.1706970043182372 0.10805938 0.11605938 "" "" 9.705318296074694 "" 1.0510357228514409 ""
201.99330596947 -62.20793877722 0.0305 0.0338 6.057 "" "" 5868356890476924032 2150.80176 0.4529 0.0461 -3.303 -0.787 0.037 0.042 1.034 5606.4 4.1974 16.64678 1.325705 17.22025 15.894544 "" "" 1967.56458 2336.93481 4132.70887 1.7503 1767.3 7.753 3478.1 9.5227 "" "" 0.00279342757202932 0.0055201044 0.004808359 0.010328463 201.99330596947 -62.20793877722 2150.80176 -3.303000000000001 -0.7870000000000006 1.736787769317627 1.2516970043182374 0.10605938 0.11105938 "" "" 21.82539169848758 "" 2.352661743501923 ""
202.37631620331 -62.17758135442 0.0327 0.0336 13.4918 "" "" 5868359265643275136 1965.28735 0.492 0.0475 -14.376 -6.806 0.04 0.045 1.048 5580.3 4.6025 16.64681 1.214702 17.171635 15.956933 "" "" 1803.99622 2144.09912 4132.59019 1.8527 1848.3 6.9946 3283.9 8.7905 "" "" 0.0027979843002799904 0.004966615 0.004767662 0.009734277 202.37631620331 -62.17758135442 1965.28735 -14.37599999999999 -6.805999999999992 -9.336212230682372 -4.767302995681763 0.10905938 0.11405938 "" "" 97.653432126557 "" 10.752821676640327 ""
201.8463008033 -62.15533810593 0.0338 0.0371 9.9822 "" "" 5868404757941262208 1713.57251 0.5697 0.0513 -8.659 -2.88 0.04 0.048 1.05 5870.6 4.5785 16.6487 1.379553 17.211292 15.831739 "" "" 1595.04529 1889.60901 4125.40495 2.0342 1782.0 9.4046 3685.2 15.215 "" "" 0.0028068499928642324 0.0063732485 0.0058632684 0.012236517 201.8463008033 -62.15533810593 1713.57251 -8.658999999999999 -2.88 -3.6192122306823737 -0.8413029956817626 0.10905938 0.11705938 "" "" 30.180222440324876 "" 3.30424289680405 ""
202.17262889971 -62.00243951075 0.0302 0.0342 19.1249 "" "" 5868411973486844544 1887.06433 0.5197 0.0481 -14.512 -2.135 0.036 0.045 1.071 5665.9 4.6031 16.649677 1.272331 17.094284 15.821953 "" "" 1767.72632 2013.49402 4121.6942 1.7771 1984.7 23.858 3718.6 44.799 "" "" 0.002794803923530187 0.013346501 0.013615225 0.026961725 202.17262889971 -62.00243951075 1887.06433 -14.511999999999995 -2.134999999999997 -9.472212230682374 -0.09630299568176248 0.10505938 0.11405938 "" "" 84.73033270728466 "" 8.901798230537509 ""
201.39220904693 -62.46674729681 0.0343 0.0403 18.9959 "" "" 5868258110572937856 1973.35461 0.5041 0.0524 -3.362 -1.082 0.04 0.055 0.957 4919.5 4.1635 16.649853 1.867033 17.560081 15.693048 "" "" 1739.78198 2245.5564 4121.03223 1.8621 1292.4 6.3042 4187.3 10.685 "" "" 0.0027986551811784947 0.0059861396 0.0046861107 0.010672251 201.39220904693 -62.46674729681 1973.35461 -3.362 -1.082 1.6777877693176269 0.9566970043182372 0.10905938 0.12405938 "" "" 18.065580419973454 "" 2.0400459808018496 ""
202.16076635882 -62.36840556493 0.034 0.0341 6.0806 "" "" 5868339405712639488 1893.28406 0.5026 0.0471 -6.169 -3.497 0.039 0.046 0.943 5269.8 4.5681 16.65013 1.2635 17.206 15.942499 "" "" 1730.47424 2114.79639 4119.97589 1.7239 1790.7 5.9177 3327.8 6.4077 "" "" 0.002792521601952166 0.0045452076 0.0043190625 0.0088642705 202.16076635882 -62.36840556493 1893.28406 -6.1689999999999925 -3.497 -1.1292122306823726 -1.4583029956817626 0.10805938 0.115059376 "" "" 16.551846833164085 "" 1.861860037497015 ""
201.87902621013 -62.46661691148 0.0349 0.0365 9.9106 "" "" 5868337447221067648 1551.21851 0.6312 0.0518 -4.518 0.046 0.04 0.047 0.992 5654.8 4.5911 16.65048 1.457199 17.293623 15.836424 "" "" 1445.18018 1661.39429 4118.64402 2.0532 1651.8 6.086 3669.3 9.8963 "" "" 0.0028079789079525825 0.004877284 0.0047810674 0.009658352 201.87902621013 -62.46661691148 1551.21851 -4.518 0.045999999999999444 0.5217877693176272 2.084697004318237 0.10905938 0.11605938 "" "" 15.801154536780398 "" 1.8275370878568151 ""
202.47440337101 -62.06212273521 0.0305 0.0328 20.1839 "" "" 5868364655796253312 1936.12415 0.514 0.0466 -5.043 -1.747 0.037 0.045 0.95 5540.0 4.5666 16.652576 1.382096 17.262775 15.880679 "" "" 1752.81482 2122.96753 4110.70509 1.7058 1699.4 7.8372 3522.8 9.4471 "" "" 0.002791913010318398 0.0057320576 0.0047708764 0.010502934 202.47440337101 -62.06212273521 1936.12415 -5.043 -1.747 -0.003212230682373196 0.2916970043182372 0.10605938 0.11405938 "" "" 2.677132364649225 "" 0.3053495550202613 ""
202.77693952231 -62.23847267718 0.0335 0.0373 22.5274 "" "" 5868367443261807872 2079.22681 0.4468 0.0496 -9.146 -2.842 0.04 0.049 1.174 "" "" 16.652693 "" "" "" "" "" 1908.0343 2259.83447 4110.26118 2.2311 "" "" "" "" "" "" 0.0028176450862445563 "" "" "" 202.77693952231 -62.23847267718 2079.22681 -9.146000000000011 -2.842000000000005 -4.106212230682374 -0.8033029956817628 0.10905938 0.11805938 "" "" 41.23605176540683 "" 4.51140010998297 ""
202.24017687325 -62.11397280132 0.0308 0.035 13.7081 "" "" 5868363521910012672 1656.90149 0.5964 0.0479 -8.882 -4.02 0.038 0.049 1.0 5055.6 4.429 16.654173 1.356186 17.259565 15.903379 "" "" 1539.65503 1813.10205 4104.6659 1.6975 1704.5 5.5501 3449.9 8.2134 "" "" 0.0027916661017548345 0.004503721 0.004578793 0.009082514 202.24017687325 -62.11397280132 1656.90149 -8.88199999999999 -4.0200000000000005 -3.8422122306823727 -1.9813029956817623 0.107059374 0.11805938 "" "" 33.9514447732308 "" 3.716384340283945 ""
202.58262856258 -62.09663210524 0.0302 0.0335 21.0335 "" "" 5868361430307184512 1984.16504 0.4842 0.0458 -5.192 1.132 0.036 0.044 0.988 6029.5 4.4726 16.655712 1.24863 17.199062 15.950433 "" "" 1812.25281 2154.37524 4098.84901 1.6916 1802.2 7.535 3303.6 6.9029 "" "" 0.0027915173745496633 0.005328394 0.0044080066 0.0097364 202.58262856258 -62.09663210524 1984.16504 -5.192 1.132 -0.15221223068237322 3.170697004318237 0.10505938 0.11305938 "" "" 29.854563941325292 "" 3.3748087018239565 ""
201.56803025059 -62.03729984131 0.0331 0.0368 20.031 "" "" 5868419906238104704 1453.88 0.6727 0.0514 -13.49 3.033 0.04 0.05 1.027 4564.9 4.3552 16.655903 1.551727 17.38569 15.833963 "" "" 1354.20984 1578.66492 4098.12887 1.7826 1517.5 8.2628 3677.7 8.985 "" "" 0.0027955018601410818 0.0065371958 0.00461734 0.011154536 201.56803025059 -62.03729984131 1453.88 -13.489999999999998 3.0330000000000013 -8.450212230682373 5.071697004318237 0.10905938 0.119059384 "" "" 67.9171679294065 "" 7.592783093435652 ""
201.96607125251 -62.25185728135 0.0345 0.0364 3.4539 "" "" 5868355687885477632 2090.96777 0.465 0.0508 -5.597 -1.559 0.043 0.046 1.099 6550.3 4.3221 16.656786 1.281453 17.220467 15.939013 "" "" 1862.82812 2322.41504 4094.79441 1.7265 1767.0 6.3043 3338.5 7.7979 "" "" 0.0027930903747258352 0.00477394 0.0045513804 0.00932532 201.96607125251 -62.25185728135 2090.96777 -5.597 -1.559 -0.5572122306823735 0.47969700431823736 0.112059385 0.115059376 "" "" 7.287214722935482 "" 0.8259771163332906 ""
202.30700467199 -61.96937903761 0.0503 0.0531 22.2858 "" "" 5868412901199848064 1566.0144 0.6184 0.0737 -7.025 -1.034 0.061 0.071 1.682 "" "" 16.656939 1.249642 17.148262 15.89862 "" "" 1391.38367 1770.08765 4094.22401 3.3447 1888.5 14.276 3465.1 20.925 "" "" 0.002894565364043767 0.008668854 0.007567813 0.016236667 202.30700467199 -61.96937903761 1566.0144 -7.025 -1.0339999999999998 -1.9852122306823734 1.0046970043182373 0.13005938 0.14005938 "" "" 16.51573512191749 "" 2.1827167428902174 ""
201.63733175779 -62.05315587218 0.0514 0.0594 18.1554 "" "" 5868419704399907712 1864.52039 0.5395 0.0823 -4.314 -0.949 0.069 0.082 1.714 11551.7 4.2574 16.65733 1.745122 17.379128 15.634006 "" "" 1660.94653 2141.21729 4092.75068 4.3642 1526.7 6.9501 4421.4 11.898 "" "" 0.0029886732154146747 0.0056758295 0.004777046 0.010452876 201.63733175779 -62.05315587218 1864.52039 -4.314 -0.9490000000000001 0.7257877693176269 1.0896970043182375 0.13805938 0.15105939 "" "" 11.571167159056886 "" 1.7031231074766566 ""
202.45751783695 -62.00229723112 0.0323 0.0331 22.6743 "" "" 5868365793993886336 1839.599 0.5263 0.0464 -11.994 -4.985 0.038 0.044 0.997 4858.2 4.2943 16.657684 1.503493 17.354342 15.850848 "" "" 1678.53064 2069.33447 4091.40852 1.7655 1562.0 6.0479 3620.9 7.2102 "" "" 0.0027948687499617696 0.0050455383 0.0043540737 0.0093996115 202.45751783695 -62.00229723112 1839.599 -11.993999999999991 -4.984999999999998 -6.954212230682373 -2.946302995681763 0.107059374 0.11305938 "" "" 65.85640197710472 "" 7.112094377825056 ""
201.79815631498 -62.52477246929 0.0354 0.0369 13.9513 "" "" 5868336656933368960 1445.30347 0.6727 0.0522 -0.194 -1.253 0.042 0.049 0.906 5004.3 4.4256 16.657852 1.249039 17.217825 15.968786 "" "" 1349.78662 1554.85083 4090.77695 1.9469 1771.3 6.4726 3248.2 6.8056 "" "" 0.0028033546768424927 0.004850327 0.004411185 0.009261512 201.79815631498 -62.52477246929 1445.30347 -0.194 -1.2530000000000001 4.845787769317627 0.7856970043182374 0.11105938 0.11805938 "" "" 33.63076200425516 "" 3.741226939865624 ""
201.93484447416 -61.93414670195 0.0306 0.0338 22.5219 "" "" 5868416057948010624 1522.41443 0.6473 0.0497 -6.989 2.287 0.038 0.046 0.989 5392.1 4.6807 16.658484 1.313228 17.206312 15.893085 "" "" 1414.40771 1630.25366 4088.39822 1.7911 1790.2 6.4618 3482.8 9.7357 "" "" 0.0027960750936182385 0.0048107877 0.004847178 0.009657966 201.93484447416 -61.93414670195 1522.41443 -6.9890000000000025 2.287000000000005 -1.949212230682373 4.325697004318237 0.107059374 0.115059376 "" "" 34.238081940280985 "" 3.8945341382481447 ""
202.35464885395 -62.11335116415 0.0301 0.0325 15.649 "" "" 5868364106022471168 1720.15259 0.556 0.0452 -3.76 1.229 0.037 0.044 0.999 6714.1 4.3449 16.659607 1.322748 17.239058 15.916309 "" "" 1601.93933 1844.53125 4084.16914 1.7233 1737.0 5.2675 3409.1 7.296 "" "" 0.0027931461590280523 0.004315758 0.0044365576 0.008752316 202.35464885395 -62.11335116415 1720.15259 -3.7600000000000002 1.229 1.2797877693176272 3.2676970043182374 0.10605938 0.11305938 "" "" 28.613756292785126 "" 3.2091370594520288 ""
202.54199354184 -62.41311809203 0.0409 0.0404 16.7393 "" "" 5868340569600065152 1829.70813 0.5297 0.0543 -7.926 -2.44 0.046 0.055 1.131 "" "" 16.660322 1.49825 17.120567 15.622317 "" "" 1660.87439 2002.45935 4081.48064 3.0085 1937.3 100.2 4469.2 434.01 "" "" 0.002869195114806767 0.05622514 0.105505005 0.16173014 202.54199354184 -62.41311809203 1829.70813 -7.926 -2.4399999999999995 -2.886212230682373 -0.40130299568176264 0.115059376 0.12405938 "" "" 25.272392641545515 "" 2.912304800236391 ""
202.18978677317 -62.51221698093 0.0328 0.0367 13.4756 "" "" 5868333766371633920 1791.27625 0.5309 0.0504 -5.456 -0.34 0.037 0.048 1.004 5439.5 4.6886 16.66038 1.171866 17.166945 15.995078 "" "" 1632.8053 2000.93457 4081.26571 1.7949 1856.3 6.0906 3170.5 6.2456 "" "" 0.002796389060498058 0.004524971 0.0043426035 0.008867575 202.18978677317 -62.51221698093 1791.27625 -5.4559999999999995 -0.34000000000000097 -0.41621223068237345 1.6986970043182372 0.10605938 0.11705938 "" "" 14.84966798504561 "" 1.729454134046677 ""
202.12192155896 -62.01660981937 0.0313 0.0345 17.9509 "" "" 5868411939127081472 2055.96655 0.472 0.0502 -6.819 -3.028 0.04 0.046 1.063 5653.6 4.5849 16.661385 1.267097 17.20745 15.940354 "" "" 1817.09058 2399.69531 4077.48779 1.8822 1788.3 6.4389 3334.4 7.9334 "" "" 0.0028005312099750592 0.004802857 0.00457787 0.009380727 202.12192155896 -62.01660981937 2055.96655 -6.819000000000001 -3.028000000000003 -1.779212230682373 -0.9893029956817627 0.10905938 0.115059376 "" "" 19.83904889632052 "" 2.192328436470248 ""
202.54665036648 -62.13708716199 0.0332 0.0343 18.8009 "" "" 5868360498249784832 1708.62146 0.5759 0.0456 -5.09 -0.844 0.039 0.045 0.987 5358.9 4.5783 16.661661 1.306256 17.240498 15.934241 "" "" 1585.98328 1834.28613 4076.45229 1.8689 1734.7 6.1794 3353.2 9.8961 "" "" 0.0027999220552858413 0.0047690356 0.004954903 0.009723939 202.54665036648 -62.13708716199 1708.62146 -5.09 -0.8440000000000003 -0.050212230682372905 1.1946970043182374 0.10805938 0.11405938 "" "" 9.684232697692941 "" 1.1044778193039333 ""
202.64821279117 -62.3259164253 0.0346 0.0348 18.5369 "" "" 5868342566809202304 1695.75269 0.5734 0.0486 -1.796 -2.659 0.04 0.046 1.052 5468.4 4.3783 16.661715 1.25035 17.18856 15.938211 "" "" 1564.83862 1854.27502 4076.25287 1.7858 1819.7 9.1794 3341.0 10.694 "" "" 0.0027960760330735792 0.0061467094 0.0051343157 0.011281025 202.64821279117 -62.3259164253 1695.75269 -1.7959999999999994 -2.659 3.2437877693176267 -0.6203029956817625 0.10905938 0.115059376 "" "" 26.54557987977445 "" 2.9008121228772237 ""
202.07705921933 -62.42914600591 0.0331 0.0361 7.669 "" "" 5868338890316509696 1622.7218 0.6098 0.0483 -2.564 -1.413 0.037 0.047 0.996 5343.7 4.6486 16.662868 1.214285 17.188889 15.974604 "" "" 1499.59839 1743.60632 4071.92396 2.0541 1819.1 6.3919 3230.8 7.9834 "" "" 0.0028092293506168445 0.0047264663 0.0046348246 0.009361291 202.07705921933 -62.42914600591 1622.7218 -2.5640000000000005 -1.4129999999999987 2.475787769317627 0.6256970043182373 0.10605938 0.11605938 "" "" 19.64175271067239 "" 2.095503793145204 ""
201.90505780738 -62.31108909045 0.035 0.0374 2.2114 "" "" 5868355245509492224 1553.98425 0.6303 0.0515 -9.88 -3.372 0.039 0.047 0.923 5164.5 4.6314 16.662962 1.256421 17.16874 15.912318 "" "" 1448.58606 1687.18677 4071.56742 2.1731 1853.2 13.769 3421.6 30.659 "" "" 0.002815598076094454 0.008535763 0.010436981 0.018972743 201.90505780738 -62.31108909045 1553.98425 -9.880000000000015 -3.3720000000000008 -4.840212230682374 -1.3333029956817626 0.10805938 0.11605938 "" "" 36.98037680612571 "" 4.017655942841079 ""
201.17722317379 -62.34347063653 0.0994 0.1306 22.5838 "" "" 5868309684533128576 1779.29785 0.6259 0.1621 -7.211 -2.802 0.113 0.175 3.423 "" "" 16.66365 1.465613 17.146399 15.680785 "" "" 1383.48206 2338.41138 4068.98683 7.8075 1891.7 7.959 4234.9 9.139 "" "" 0.0034542570871099578 0.0053527663 0.0044467477 0.009799514 201.17722317379 -62.34347063653 1779.29785 -7.210999999999993 -2.8019999999999996 -2.1712122306823733 -0.7633029956817627 0.18205938 0.24405938 "" "" 19.410357651182995 "" 3.6854983319729997 ""
201.68437667627 -62.02180852862 0.0324 0.0364 19.1591 "" "" 5868421280627724672 1930.87634 0.5062 0.0507 -6.536 0.435 0.038 0.05 0.997 5015.2 4.3133 16.664 1.386304 17.282606 15.896302 "" "" 1789.87878 2112.3064 4067.67984 1.7055 1668.7 8.9425 3472.5 7.4474 "" "" 0.0027926729545772262 0.006452833 0.0044391328 0.010891966 201.68437667627 -62.02180852862 1930.87634 -6.536000000000002 0.43499999999999844 -1.4962122306823726 2.4736970043182374 0.107059374 0.119059384 "" "" 26.459370945935476 "" 3.0684136533027537 ""
201.4635410735 -62.50250523778 0.0345 0.0415 18.5602 "" "" 5868255533592500352 2043.55115 0.4895 0.0535 -4.958 -3.734 0.044 0.054 1.02 5510.0 4.603 16.664394 1.366123 17.267838 15.901714 "" "" 1831.29565 2357.23242 4066.20189 1.9168 1691.5 7.6038 3455.2 8.8432 "" "" 0.0028024530296812413 0.005621955 0.00469101 0.010312965 201.4635410735 -62.50250523778 2043.55115 -4.958 -3.734 0.08178776931762677 -1.6953029956817627 0.11305938 0.12305938 "" "" 16.44053695810485 "" 2.022795956632161 ""
201.41499405639 -62.45329397511 0.0344 0.0414 18.0513 "" "" 5868259588041705728 2049.55103 0.4669 0.0526 -5.372 -0.68 0.04 0.057 0.906 6331.2 4.0296 16.664438 1.685783 17.461355 15.775572 "" "" 1863.2998 2273.92139 4066.03997 1.9973 1415.4 9.421 3880.9 10.364 "" "" 0.002806462231354012 0.0077466597 0.0047634733 0.012510133 201.41499405639 -62.45329397511 2049.55103 -5.372 -0.6799999999999998 -0.33221223068237293 1.3586970043182371 0.10905938 0.12605938 "" "" 13.588402537014609 "" 1.7007496546056737 ""
