Clusters/Dolidze_32/Dolidze_32_stars_in_region.tsv
# %ECSV 1.0
# ---
# datatype:
# - name: RA_ICRS_1
#   unit: deg
#   datatype: float64
#   format: '{:15.11f}'
#   description: Right ascension (ICRS) at Ep=2016.0 (ra)
#   meta: !!omap
#   - {ucd: POS_EQ_RA_MAIN}
#   - {width: 15}
#   - {precision: '11'}
# - name: DE_ICRS_1
#   unit: deg
#   datatype: float64
#   format: '{:15.11f}'
#   description: Declination (ICRS) at Ep=2016.0 (dec)
#   meta: !!omap
#   - {ucd: POS_EQ_DEC_MAIN}
#   - {width: 15}
#   - {precision: '11'}
# - name: e_RA_ICRS
#   unit: mas
#   datatype: float64
#   format: '{:7.4f}'
#   description: Standard error of right ascension (ra_error)
#   meta: !!omap
#   - {ucd: ERROR}
#   - {width: 7}
#   - {precision: '4'}
# - name: e_DE_ICRS
#   unit: mas
#   datatype: float64
#   format: '{:7.4f}'
#   description: Standard error of declination (dec_error)
#   meta: !!omap
#   - {ucd: ERROR}
#   - {width: 7}
#   - {precision: '4'}
# - name: _r_1
#   unit: ''
#   datatype: float64
#   format: '{:7.4f}'
#   description: Distance from center (280.26640647000-04.05459411000)[ICRS], at Epoch=J2016.0
#   meta: !!omap
#   - {ucd: POS_ANG_DIST_GENERAL}
#   - {width: 7}
#   - {precision: '4'}
# - name: HIP
#   datatype: int32
#   description: '? HIP cross-id number, van Leeuwen, Cat. I/311 (hip_original_ext_source_id)'
#   meta: !!omap
#   - {ucd: ID_NUMBER}
#   - {width: 6}
#   - values: {'null': -2147483648}
# - name: TYC2
#   datatype: string
#   description: Tycho-2 cross-id name, Hog et al., Cat. I/259 (tyc2_original_ext_source_id)
#   meta: !!omap
#   - {ucd: ID_CROSSID}
#   - {_votable_string_dtype: char}
# - name: Source
#   datatype: int64
#   description: Source identifier, identical to the Gaia-EDR3 source_id (id)
#   meta: !!omap
#   - {ucd: ID_MAIN}
#   - {width: 19}
# - name: rgeo
#   unit: pc
#   datatype: float64
#   format: '{:15.8f}'
#   description: '? Median of the geometric distance posterior (r_med_geo)'
#   meta: !!omap
#   - {ucd: PHYS_DISTANCE_TRUE}
#   - {width: 15}
#   - {precision: '8'}
#   - values: {'null': .nan}
# - name: Plx
#   unit: mas
#   datatype: float64
#   format: '{:9.4f}'
#   description: '? Parallax (parallax)'
#   meta: !!omap
#   - {ucd: POS_PARLX_TRIG}
#   - {width: 9}
#   - {precision: '4'}
#   - values: {'null': .nan}
# - name: e_Plx
#   unit: mas
#   datatype: float32
#   format: '{:7.4f}'
#   description: '? Standard error of parallax (parallax_error)'
#   meta: !!omap
#   - {ucd: ERROR}
#   - {width: 7}
#   - {precision: '4'}
#   - values: {'null': .nan}
# - name: pmRA
#   unit: mas / yr
#   datatype: float64
#   format: '{:9.3f}'
#   description: '? Proper motion in right ascension direction, pmRA*cosDE (pmra)'
#   meta: !!omap
#   - {ucd: POS_EQ_PMRA}
#   - {width: 9}
#   - {precision: '3'}
#   - values: {'null': .nan}
# - name: pmDE
#   unit: mas / yr
#   datatype: float64
#   format: '{:9.3f}'
#   description: '? Proper motion in declination direction (pmdec)'
#   meta: !!omap
#   - {ucd: POS_EQ_PMDEC}
#   - {width: 9}
#   - {precision: '3'}
#   - values: {'null': .nan}
# - name: e_pmRA
#   unit: mas / yr
#   datatype: float32
#   format: '{:6.3f}'
#   description: '? Standard error of proper motion in right ascension direction (pmra_error)'
#   meta: !!omap
#   - {ucd: ERROR}
#   - {width: 6}
#   - {precision: '3'}
#   - values: {'null': .nan}
# - name: e_pmDE
[...]
#         value: !astropy.table.SerializedColumn {name: SkyCoord.dec}
#       distance: !astropy.table.SerializedColumn
#         __class__: astropy.coordinates.distances.Distance
#         unit: !astropy.units.Unit {unit: pc}
#         value: !astropy.table.SerializedColumn {name: SkyCoord.distance}
#       frame: icrs
#       obstime: !astropy.time.Time {format: jyear_str, in_subfmt: '*', jd1: 367701545.0, jd2: 0.0, out_subfmt: '*', precision: 3, scale: tt}
#       pm_dec: !astropy.table.SerializedColumn
#         __class__: astropy.units.quantity.Quantity
#         unit: !astropy.units.Unit {unit: mas / yr}
#         value: !astropy.table.SerializedColumn {name: SkyCoord.pm_dec}
#       pm_ra_cosdec: !astropy.table.SerializedColumn
#         __class__: astropy.units.quantity.Quantity
#         unit: !astropy.units.Unit {unit: mas / yr}
#         value: !astropy.table.SerializedColumn {name: SkyCoord.pm_ra_cosdec}
#       ra: !astropy.table.SerializedColumn
#         __class__: astropy.coordinates.angles.Longitude
#         unit: *id001
#         value: !astropy.table.SerializedColumn {name: SkyCoord.ra}
#         wrap_angle: !astropy.coordinates.Angle
#           unit: *id001
#           value: 360.0
#       representation_type: spherical
# schema: astropy-2.0
RA_ICRS_1 DE_ICRS_1 e_RA_ICRS e_DE_ICRS _r_1 HIP TYC2 Source rgeo Plx e_Plx pmRA pmDE e_pmRA e_pmDE RUWE Teff logg Gmag BP-RP BPmag RPmag RV e_RV b_rgeo B_rgeo FG e_FG FBP e_FBP FRP e_FRP RAVE5 RAVE6 e_Gmag e_BPmag e_RPmag e_BP-RP SkyCoord.ra SkyCoord.dec SkyCoord.distance SkyCoord.pm_ra_cosdec SkyCoord.pm_dec rmRA rmDE e_rmRA e_rmDE rRV e_rRV v_pec v_pec3d e_vpec e_vpec3d
[from data line 1953]
280.05866970989 -4.03601683316 0.0663 0.0596 12.483 "" "" 4256954194070758400 2031.08325 0.493 0.0765 1.937 -3.457 0.079 0.063 1.099 4756.9 4.2666 16.721033 1.92264 17.686525 15.763886 "" "" 1788.39404 2386.57764 3859.52446 3.1744 1150.3 8.0041 3922.9 14.237 "" "" 0.0028964186433391957 0.0080536185 0.0054598665 0.013513485 280.05866970989 -4.03601683316 2031.08325 1.9370000000000003 -3.456999999999998 2.631000005722046 -1.3735000915527342 0.14041662 0.12441661 "" "" 28.573344473988037 "" 3.9187528303294132 ""
280.44169861148 -4.26404367749 0.0646 0.0643 16.3696 "" "" 4256931482283096448 1732.30505 0.5651 0.0659 -0.665 -1.859 0.081 0.068 1.027 "" "" 16.721958 1.88118 17.645565 15.764385 "" "" 1567.77893 1962.57117 3856.23565 2.7279 1194.5 12.819 3921.1 12.898 "" "" 0.0028603652445179394 0.011981195 0.005199869 0.017181065 280.44169861148 -4.26404367749 1732.30505 -0.665 -1.8589999999999989 0.029000005722045863 0.22449990844726564 0.14241661 0.12941661 "" "" 1.8587132638668447 "" 0.24096451842302902 ""
280.17340071688 -3.95417195014 0.0564 0.0566 8.2032 "" "" 4256956324374509952 2167.80347 0.4469 0.065 0.865 -0.839 0.068 0.058 1.015 7178.2 4.3352 16.72207 1.795116 17.599476 15.80436 "" "" 1851.24121 2452.60156 3855.83524 2.5948 1246.3 7.4165 3779.3 11.883 "" "" 0.002850550758818609 0.007037738 0.0050929175 0.012130655 280.17340071688 -3.95417195014 2167.80347 0.865 -0.8389999999999999 1.559000005722046 1.2444999084472657 0.12941661 0.11941661 "" "" 20.497432443878193 "" 2.5748698467188706 ""
280.21126575378 -4.37890447783 0.0533 0.0572 19.7364 "" "" 4256923781364709504 1750.45569 0.559 0.0677 -1.702 1.075 0.065 0.058 1.019 6686.7 4.2175 16.722301 2.300972 17.94397 15.642998 "" "" 1566.2677 2014.66663 3855.01528 3.4207 907.46 7.6471 4384.9 10.302 "" "" 0.002918896538236238 0.009565402 0.004559671 0.014125073 280.21126575378 -4.37890447783 1750.45569 -1.702000000000001 1.075 -1.007999994277954 3.158499908447266 0.12641661 0.11941661 "" "" 27.508790191883815 "" 3.303276779175632 ""
280.48395344569 -4.0201938816 0.0642 0.0596 13.183 "" "" 4258440252737805568 1732.85571 0.5667 0.0756 2.204 0.072 0.073 0.062 1.048 5934.6 4.2186 16.722494 2.090836 17.71408 15.623245 "" "" 1538.81458 1948.32776 3854.33349 3.5002 1121.5 12.287 4465.4 15.487 "" "" 0.0029264218622520157 0.01221803 0.005335099 0.017553128 280.48395344569 -4.0201938816 1732.85571 2.2039999999999993 0.07199999999999994 2.898000005722046 2.1554999084472657 0.13441661 0.12341661 "" "" 29.665785924671432 "" 3.87449796386863 ""
280.43179822924 -4.2218975246 0.0676 0.0644 14.0971 "" "" 4256933333369765888 2060.88232 0.4934 0.072 1.618 -0.638 0.081 0.066 1.082 5301.4 3.4357 16.722511 2.734625 18.187708 15.453083 "" "" 1795.31006 2344.65259 3854.26793 4.5663 724.99 16.014 5223.1 80.239 "" "" 0.0030407880466454817 0.024144132 0.017102264 0.041246396 280.43179822924 -4.2218975246 2060.88232 1.6179999999999992 -0.6380000000000005 2.3120000057220462 1.4454999084472657 0.14241661 0.12741661 "" "" 26.635851782432344 "" 3.685480652708194 ""
280.23237066949 -3.8356247207 0.054 0.0495 13.2952 "" "" 4258505845480921600 2281.68506 0.4168 0.0605 -1.735 -3.203 0.066 0.059 0.973 "" "" 16.722593 2.181122 17.845003 15.663881 "" "" 1989.08752 2607.61963 3853.97739 3.1819 994.07 11.233 4301.4 7.0458 "" "" 0.0028974681456969066 0.012582098 0.0041769193 0.016759017 280.23237066949 -3.8356247207 2281.68506 -1.735 -3.203 -1.0409999942779542 -1.1195000915527342 0.12741661 0.12041661 "" "" 16.5333101952387 "" 2.045366657006611 ""
280.07097503354 -4.37425462532 0.0532 0.0555 22.4636 "" "" 4256926740639138176 2088.08984 0.4733 0.0634 7.48 -1.467 0.062 0.057 1.0 4814.8 4.1671 16.724003 2.003664 17.697376 15.693712 "" "" 1877.5304 2473.01245 3848.98083 3.4518 1138.9 9.6676 4184.8 11.565 "" "" 0.002922306754646846 0.00962941 0.004825639 0.014455048 280.07097503354 -4.37425462532 2088.08984 7.48 -1.467 8.174000005722046 0.6164999084472655 0.12341661 0.11841661 "" "" 81.13231997436849 "" 10.010827575635458 ""
280.01797759673 -3.88781411044 0.0575 0.0563 17.9235 "" "" 4257003328500880896 1989.49744 0.49 0.0675 -0.715 -1.533 0.072 0.06 1.007 7224.5 4.3369 16.724327 1.884602 17.655544 15.770942 "" "" 1754.7489 2246.68799 3847.8336 3.063 1183.6 10.62 3897.5 9.3446 "" "" 0.0028876930678289345 0.010133595 0.0045891292 0.014722724 280.01797759673 -3.88781411044 1989.49744 -0.7149999999999993 -1.5330000000000001 -0.02099999427795407 0.5504999084472657 0.13341661 0.12141661 "" "" 5.195109923290739 "" 0.6308677102652239 ""
280.31198954138 -4.33830112509 0.1057 0.1001 17.2396 "" "" 4256925022652327296 2102.60645 0.6007 0.1233 -0.109 -2.727 0.115 0.1 1.739 "" "" 16.725876 1.989424 17.579407 15.589983 "" "" 1564.38098 2753.54541 3842.34581 5.5993 1269.6 15.269 4604.3 13.155 "" "" 0.0031772863568131746 0.013352513 0.0048894337 0.018241948 280.31198954138 -4.33830112509 2102.60645 -0.10900000000000014 -2.726999999999999 0.5850000057220459 -0.6435000915527342 0.1764166 0.16141662 "" "" 8.667390679695927 "" 1.4593247462954029 ""
280.45834936839 -4.35157475902 0.0637 0.0631 21.1998 "" "" 4256742087072711296 1603.50403 0.6197 0.0732 0.411 -4.141 0.073 0.061 0.964 4994.7 4.2628 16.72592 2.047513 17.758291 15.710778 "" "" 1409.64258 1796.51611 3842.18775 3.503 1076.7 8.73 4119.5 16.653 "" "" 0.002927740892852264 0.009234855 0.005792033 0.015026888 280.45834936839 -4.35157475902 1603.50403 0.411 -4.141 1.105000005722046 -2.0575000915527344 0.13441661 0.122416615 "" "" 17.750850561158316 "" 2.222458524352469 ""
280.40129714 -4.36841044573 0.0594 0.0587 20.4861 "" "" 4256736903081242752 2166.72778 0.4454 0.0683 -0.112 0.906 0.073 0.069 0.992 4943.1 3.6196 16.726133 2.493919 18.089434 15.595514 "" "" 1880.47388 2566.46899 3841.43633 3.4216 793.68 9.3352 4580.9 17.394 "" "" 0.0029201065664838685 0.013071598 0.005592826 0.018664423 280.40129714 -4.36841044573 2166.72778 -0.11199999999999999 0.9059999999999998 0.5820000057220459 2.9894999084472658 0.13441661 0.1304166 "" "" 31.279454486002084 "" 4.083996510006446 ""
279.92378884337 -4.01751525405 0.1454 0.15 20.6264 "" "" 4256996280419417216 1954.11072 0.5662 0.1819 -0.0 -3.155 0.173 0.15 1.873 4111.8 1.6566 16.726744 4.895145 20.045732 15.150587 "" "" 1459.64587 2622.72827 3839.27576 5.9577 130.96 10.249 6901.2 28.594 "" "" 0.0032296144021547865 0.08501609 0.0058754464 0.09089153 279.92378884337 -4.01751525405 1954.11072 -6.938893903907228e-18 -3.155 0.6940000057220459 -1.0715000915527342 0.2344166 0.21141662 "" "" 11.824636466623295 "" 2.583280539117136 ""
280.18987382864 -4.40103132565 0.0558 0.0588 21.2847 "" "" 4256923648263489280 2372.92773 0.419 0.0686 -1.589 -3.573 0.068 0.062 1.117 7068.7 4.1018 16.727757 2.49954 18.095474 15.595934 "" "" 1997.42664 2885.42261 3835.69288 2.862 789.27 8.0574 4579.1 13.096 "" "" 0.002871948129204442 0.011429717 0.00489139 0.016321108 280.18987382864 -4.40103132565 2372.92773 -1.5889999999999995 -3.573 -0.8949999942779541 -1.4895000915527343 0.12941661 0.12341661 "" "" 19.545199844143713 "" 2.443859565708273 ""
280.31513223035 -3.91321848383 0.0577 0.0526 8.9699 "" "" 4258457089009919488 1946.16187 0.4911 0.0643 -2.691 -9.509 0.068 0.06 1.049 4947.2 4.2154 16.729382 2.023084 17.725718 15.702634 "" "" 1759.87903 2212.86035 3829.95876 3.1605 1109.5 7.8054 4150.5 19.613 "" "" 0.0028973305067469834 0.008131878 0.006372343 0.014504221 280.31513223035 -3.91321848383 1946.16187 -2.691 -9.509 -1.996999994277954 -7.425500091552735 0.12941661 0.12141661 "" "" 70.93274603919377 "" 8.651859315804629 ""
280.2661849857 -4.13706805916 0.0645 0.0651 4.9485 "" "" 4256937220359664128 1694.38708 0.6018 0.0805 0.391 -6.466 0.082 0.066 1.122 4873.9 3.6192 16.729465 2.544031 18.122684 15.578653 "" "" 1528.05627 1955.95276 3829.66168 3.1774 769.74 11.341 4652.6 16.93 "" "" 0.0028988373100210345 0.016238252 0.005467411 0.021705663 280.2661849857 -4.13706805916 1694.38708 0.391 -6.466000000000005 1.085000005722046 -4.382500091552735 0.14341661 0.12741661 "" "" 36.26024158888656 "" 4.655631285301008 ""
280.55001651695 -3.95379251426 0.0716 0.071 18.0203 "" "" 4258443168994456832 1734.35352 0.5944 0.0917 4.48 1.119 0.087 0.067 1.046 5701.6 4.3891 16.729898 2.107156 17.813381 15.706225 "" "" 1510.66077 2027.13647 3828.13448 3.42 1023.4 8.2067 4136.8 15.601 "" "" 0.002921070447143627 0.009142731 0.005572211 0.014714942 280.55001651695 -3.95379251426 1734.35352 4.48 1.119 5.174000005722046 3.2024999084472654 0.14841661 0.12841661 "" "" 50.0231479541593 "" 7.1611547681761305 ""
280.39460534182 -3.70707835064 0.0586 0.0578 22.2184 "" "" 4258514229257057024 1948.00562 0.4961 0.0682 -2.196 -4.4 0.073 0.062 0.931 5772.0 4.1792 16.73107 2.007471 17.729736 15.722265 "" "" 1724.59155 2176.1853 3824.00769 3.3795 1105.4 8.2778 4076.2 11.816 "" "" 0.00291761628536262 0.008595977 0.0049182596 0.013514237 280.39460534182 -3.70707835064 1948.00562 -2.1959999999999997 -4.399999999999997 -1.5019999942779543 -2.3165000915527347 0.13441661 0.12341661 "" "" 25.492243148859835 "" 3.231699125989217 ""
280.35424544298 -3.89736355591 0.0636 0.0586 10.8 "" "" 4258454649442714112 2180.3103 0.4362 0.0758 3.025 0.166 0.073 0.06 1.072 5374.6 3.8012 16.731503 2.300496 17.878996 15.5785 "" "" 1882.65674 2589.00488 3822.48411 2.9894 963.43 10.007 4653.3 73.707 "" "" 0.0028831879622473 0.011617411 0.017608145 0.029225556 280.35424544298 -3.89736355591 2180.3103 3.024999999999998 0.16600000000000004 3.719000005722046 2.2494999084472656 0.13441661 0.12141661 "" "" 44.91863456620371 "" 5.887076607876891 ""
280.55385605231 -3.95956459273 0.0701 0.0744 18.125 "" "" 4258442417401321600 1921.56482 0.5083 0.0952 -0.73 -10.231 0.085 0.067 0.897 4700.3 4.235 16.732256 2.144961 17.839659 15.694697 "" "" 1648.46399 2387.05811 3819.83569 3.2991 998.97 9.3452 4181.0 12.285 "" "" 0.0029105181577326078 0.010533153 0.0049458235 0.015478976 280.55385605231 -3.95956459273 1921.56482 -0.7300000000000003 -10.231 -0.035999994277954084 -8.147500091552734 0.1464166 0.12841661 "" "" 74.20992525771159 "" 9.529815139716327 ""
280.01513465717 -4.2632951125 0.0513 0.0504 19.5679 "" "" 4256940106578305152 2277.27612 0.4417 0.0586 -1.146 -2.475 0.06 0.055 1.06 6842.6 4.3511 16.73276 1.899228 17.619171 15.719943 "" "" 2001.90503 2567.39185 3818.06249 3.1292 1223.9 10.523 4084.9 15.911 "" "" 0.002895447169402698 0.009743137 0.005671718 0.015414855 280.01513465717 -4.2632951125 2277.27612 -1.1460000000000001 -2.475000000000001 -0.451999994277954 -0.39150009155273446 0.12141661 0.11641661 "" "" 6.454734850357509 "" 0.7700438320056404 ""
280.29196978975 -4.01731631412 0.0543 0.0519 2.7099 "" "" 4256952265586072320 1962.08679 0.5171 0.0622 -5.295 -4.128 0.068 0.06 1.005 4697.1 4.175 16.733559 2.069647 17.784517 15.71487 "" "" 1760.27002 2200.67993 3815.24971 2.5247 1051.0 8.5397 4104.0 13.487 "" "" 0.0028474540210225207 0.009252658 0.0051975753 0.014450233 280.29196978975 -4.01731631412 1962.08679 -5.294999999999999 -4.127999999999997 -4.600999994277954 -2.0445000915527345 0.12941661 0.12141661 "" "" 46.825079846232974 "" 5.999783707910803 ""
280.22107837763 -3.87398201506 0.0569 0.0513 11.1712 "" "" 4258458390360010112 1881.65503 0.5179 0.06 -0.55 -2.075 0.072 0.064 0.943 8457.6 4.4724 16.73402 1.759397 17.576147 15.81675 "" "" 1705.36377 2252.65503 3813.63023 3.4609 1273.4 14.162 3736.4 9.621 "" "" 0.002926197817595969 0.012393085 0.0047010304 0.017094117 280.22107837763 -3.87398201506 1881.65503 -0.55 -2.0750000000000006 0.14400000572204585 0.008499908447265447 0.13341661 0.1254166 "" "" 1.2865780179111792 "" 0.17161620590378968 ""
280.50587717234 -3.90698317065 0.07 0.0687 16.8491 "" "" 4258455263622532992 2317.104 0.4273 0.0868 -2.097 -2.417 0.088 0.069 1.048 6039.6 4.224 16.735266 2.047514 17.77613 15.728617 "" "" 1931.48755 2890.56616 3809.25784 3.9649 1059.2 11.376 4052.4 13.094 "" "" 0.0029780717388295168 0.011990164 0.005156665 0.01714683 280.50587717234 -3.90698317065 2317.104 -2.097 -2.417 -1.402999994277954 -0.3335000915527342 0.14941661 0.1304166 "" "" 15.838609109240391 "" 2.3514318280498085 ""
280.34335572797 -3.71533611626 0.0714 0.0659 20.8702 "" "" 4258508491181967872 1903.8468 0.4958 0.0723 -0.189 -3.693 0.086 0.074 0.879 "" "" 16.735386 2.042889 17.774958 15.732069 "" "" 1669.46765 2258.08545 3808.83602 3.3157 1060.3 10.464 4039.5 12.07 "" "" 0.002912923740632453 0.011072345 0.0049808016 0.016053148 280.34335572797 -3.71533611626 1903.8468 -0.189 -3.693 0.5050000057220458 -1.6095000915527344 0.14741662 0.13541661 "" "" 15.222669612271917 "" 2.0784291360752234 ""
280.35793446844 -4.38683779225 0.0658 0.0659 20.6733 "" "" 4256736800002045952 1808.26794 0.5384 0.0743 0.036 -6.236 0.076 0.069 1.125 6003.4 4.3711 16.735472 2.226261 17.7381 15.511839 "" "" 1585.17212 2046.92444 3808.53736 3.5216 1096.9 12.319 4947.9 51.834 "" "" 0.0029325206393171484 0.012508775 0.011985596 0.024494372 280.35793446844 -4.38683779225 1808.26794 0.03600000000000002 -6.236 0.7300000057220459 -4.152500091552734 0.1374166 0.1304166 "" "" 36.13766295443011 "" 4.720731731717906 ""
280.33077963635 -4.06320230129 0.0574 0.0576 3.8872 "" "" 4256951136053716736 1856.20886 0.5263 0.0704 0.534 -1.69 0.067 0.056 1.009 6073.7 3.9775 16.735565 2.379906 18.013079 15.633173 "" "" 1623.7832 2143.44287 3808.20513 2.9535 851.5 9.3073 4424.8 13.93 "" "" 0.0028811191618657826 0.012191195 0.00509578 0.017286975 280.33077963635 -4.06320230129 1856.20886 0.534 -1.69 1.228000005722046 0.3934999084472657 0.12841661 0.11741661 "" "" 11.345629867425151 "" 1.4458007674479205 ""
280.49205235903 -3.76099318235 0.0567 0.0559 22.1985 "" "" 4258465880782249600 1879.2511 0.5111 0.0709 -0.181 4.46 0.069 0.057 0.95 5038.5 4.1827 16.735643 2.028229 17.759645 15.731417 "" "" 1663.52856 2183.35229 3807.93656 3.2331 1075.4 8.1852 4042.0 13.372 "" "" 0.002905438219335577 0.008722192 0.00521397 0.013936162 280.49205235903 -3.76099318235 1879.2511 -0.181 4.46 0.5130000057220458 6.543499908447266 0.1304166 0.11841661 "" "" 58.46605961975441 "" 6.927853984903736 ""
280.1199733453 -3.80804375825 0.0627 0.06 17.1949 "" "" 4258506734512033152 2199.55396 0.4457 0.0705 1.301 -1.786 0.077 0.063 0.966 7141.2 4.3394 16.735683 1.860196 17.638666 15.77847 "" "" 1877.10242 2576.27466 3807.79112 2.8804 1202.1 9.2495 3870.5 23.089 "" "" 0.002875122570727814 0.008807768 0.0074988687 0.016306637 280.1199733453 -3.80804375825 2199.55396 1.301 -1.786000000000001 1.9950000057220458 0.2974999084472656 0.13841662 0.12441661 "" "" 21.029637603689853 "" 2.9047641895422274 ""
279.91125923422 -4.05453174232 0.0598 0.0603 21.2555 "" "" 4256994944725254528 1981.37927 0.4999 0.07 0.236 -2.354 0.068 0.062 1.093 5365.2 4.3728 16.736221 1.683515 17.5353 15.851784 "" "" 1768.86206 2306.22803 3805.9106 2.781 1322.2 12.251 3617.8 11.707 "" "" 0.0028672633297860037 0.01043978 0.005160192 0.015599972 279.91125923422 -4.05453174232 1981.37927 0.236 -2.354 0.9300000057220459 -0.27050009155273447 0.12941661 0.12341661 "" "" 9.096276475658723 "" 1.17304351346055 ""
280.21739652491 -4.26115101977 0.0547 0.0579 12.7357 "" "" 4256929420698979968 2084.40723 0.4948 0.0712 -0.733 -2.139 0.066 0.06 0.923 "" "" 16.737051 1.906971 17.682014 15.775044 "" "" 1819.33008 2478.0293 3803.00078 2.9384 1155.1 9.1718 3882.8 8.9418 "" "" 0.002880197583557459 0.009061305 0.0045316196 0.013592925 280.21739652491 -4.26115101977 2084.40723 -0.7330000000000001 -2.138999999999998 -0.038999994277954086 -0.055500091552734165 0.12741661 0.12141661 "" "" 0.6701920724018157 "" 0.08272331987912224 ""
