Clusters/Dolidze_32/Dolidze_32_stars_in_region.tsv
# %ECSV 1.0
# ---
# datatype:
# - name: RA_ICRS_1
#   unit: deg
#   datatype: float64
#   format: '{:15.11f}'
#   description: Right ascension (ICRS) at Ep=2016.0 (ra)
#   meta: !!omap
#   - {ucd: POS_EQ_RA_MAIN}
#   - {width: 15}
#   - {precision: '11'}
# - name: DE_ICRS_1
#   unit: deg
#   datatype: float64
#   format: '{:15.11f}'
#   description: Declination (ICRS) at Ep=2016.0 (dec)
#   meta: !!omap
#   - {ucd: POS_EQ_DEC_MAIN}
#   - {width: 15}
#   - {precision: '11'}
# - name: e_RA_ICRS
#   unit: mas
#   datatype: float64
#   format: '{:7.4f}'
#   description: Standard error of right ascension (ra_error)
#   meta: !!omap
#   - {ucd: ERROR}
#   - {width: 7}
#   - {precision: '4'}
# - name: e_DE_ICRS
#   unit: mas
#   datatype: float64
#   format: '{:7.4f}'
#   description: Standard error of declination (dec_error)
#   meta: !!omap
#   - {ucd: ERROR}
#   - {width: 7}
#   - {precision: '4'}
# - name: _r_1
#   unit: ''
#   datatype: float64
#   format: '{:7.4f}'
#   description: Distance from center (280.26640647000-04.05459411000)[ICRS], at Epoch=J2016.0
#   meta: !!omap
#   - {ucd: POS_ANG_DIST_GENERAL}
#   - {width: 7}
#   - {precision: '4'}
# - name: HIP
#   datatype: int32
#   description: '? HIP cross-id number, van Leeuwen, Cat. I/311 (hip_original_ext_source_id)'
#   meta: !!omap
#   - {ucd: ID_NUMBER}
#   - {width: 6}
#   - values: {'null': -2147483648}
# - name: TYC2
#   datatype: string
#   description: Tycho-2 cross-id name, Hog et al., Cat. I/259 (tyc2_original_ext_source_id)
#   meta: !!omap
#   - {ucd: ID_CROSSID}
#   - {_votable_string_dtype: char}
# - name: Source
#   datatype: int64
#   description: Source identifier, identical to the Gaia-EDR3 source_id (id)
#   meta: !!omap
#   - {ucd: ID_MAIN}
#   - {width: 19}
# - name: rgeo
#   unit: pc
#   datatype: float64
#   format: '{:15.8f}'
#   description: '? Median of the geometric distance posterior (r_med_geo)'
#   meta: !!omap
#   - {ucd: PHYS_DISTANCE_TRUE}
#   - {width: 15}
#   - {precision: '8'}
#   - values: {'null': .nan}
# - name: Plx
#   unit: mas
#   datatype: float64
#   format: '{:9.4f}'
#   description: '? Parallax (parallax)'
#   meta: !!omap
#   - {ucd: POS_PARLX_TRIG}
#   - {width: 9}
#   - {precision: '4'}
#   - values: {'null': .nan}
# - name: e_Plx
#   unit: mas
#   datatype: float32
#   format: '{:7.4f}'
#   description: '? Standard error of parallax (parallax_error)'
#   meta: !!omap
#   - {ucd: ERROR}
#   - {width: 7}
#   - {precision: '4'}
#   - values: {'null': .nan}
# - name: pmRA
#   unit: mas / yr
#   datatype: float64
#   format: '{:9.3f}'
#   description: '? Proper motion in right ascension direction, pmRA*cosDE (pmra)'
#   meta: !!omap
#   - {ucd: POS_EQ_PMRA}
#   - {width: 9}
#   - {precision: '3'}
#   - values: {'null': .nan}
# - name: pmDE
#   unit: mas / yr
#   datatype: float64
#   format: '{:9.3f}'
#   description: '? Proper motion in declination direction (pmdec)'
#   meta: !!omap
#   - {ucd: POS_EQ_PMDEC}
#   - {width: 9}
#   - {precision: '3'}
#   - values: {'null': .nan}
# - name: e_pmRA
#   unit: mas / yr
#   datatype: float32
#   format: '{:6.3f}'
#   description: '? Standard error of proper motion in right ascension direction (pmra_error)'
#   meta: !!omap
#   - {ucd: ERROR}
#   - {width: 6}
#   - {precision: '3'}
#   - values: {'null': .nan}
# - name: e_pmDE
[...]
#         value: !astropy.table.SerializedColumn {name: SkyCoord.dec}
#       distance: !astropy.table.SerializedColumn
#         __class__: astropy.coordinates.distances.Distance
#         unit: !astropy.units.Unit {unit: pc}
#         value: !astropy.table.SerializedColumn {name: SkyCoord.distance}
#       frame: icrs
#       obstime: !astropy.time.Time {format: jyear_str, in_subfmt: '*', jd1: 367701545.0, jd2: 0.0, out_subfmt: '*', precision: 3, scale: tt}
#       pm_dec: !astropy.table.SerializedColumn
#         __class__: astropy.units.quantity.Quantity
#         unit: !astropy.units.Unit {unit: mas / yr}
#         value: !astropy.table.SerializedColumn {name: SkyCoord.pm_dec}
#       pm_ra_cosdec: !astropy.table.SerializedColumn
#         __class__: astropy.units.quantity.Quantity
#         unit: !astropy.units.Unit {unit: mas / yr}
#         value: !astropy.table.SerializedColumn {name: SkyCoord.pm_ra_cosdec}
#       ra: !astropy.table.SerializedColumn
#         __class__: astropy.coordinates.angles.Longitude
#         unit: *id001
#         value: !astropy.table.SerializedColumn {name: SkyCoord.ra}
#         wrap_angle: !astropy.coordinates.Angle
#           unit: *id001
#           value: 360.0
#       representation_type: spherical
# schema: astropy-2.0
RA_ICRS_1 DE_ICRS_1 e_RA_ICRS e_DE_ICRS _r_1 HIP TYC2 Source rgeo Plx e_Plx pmRA pmDE e_pmRA e_pmDE RUWE Teff logg Gmag BP-RP BPmag RPmag RV e_RV b_rgeo B_rgeo FG e_FG FBP e_FBP FRP e_FRP RAVE5 RAVE6 e_Gmag e_BPmag e_RPmag e_BP-RP SkyCoord.ra SkyCoord.dec SkyCoord.distance SkyCoord.pm_ra_cosdec SkyCoord.pm_dec rmRA rmDE e_rmRA e_rmDE rRV e_rRV v_pec v_pec3d e_vpec e_vpec3d
[from data line 1440]
279.96056256841 -3.90372997871 0.0487 0.0504 20.422 "" "" 4257006180344835328 2273.57446 0.4342 0.0627 -0.065 -2.935 0.061 0.049 0.955 "" "" 16.305721 1.93249 17.23963 15.307139 "" "" 2014.31372 2656.24048 5657.93451 4.2343 1736.1 7.2566 5974.5 26.815 "" "" 0.0028726330543872064 0.005327309 0.0061668716 0.01149418 279.96056256841 -3.90372997871 2273.57446 -0.06500000000000004 -2.935000000000002 0.629000005722046 -0.8515000915527344 0.122416615 0.110416606 "" "" 11.408562694511296 "" 1.309661234525609 ""
280.39722726881 -4.14717780818 0.0443 0.0449 9.5997 "" "" 4256937559617812480 2140.5188 0.4469 0.0542 -0.68 -2.195 0.054 0.045 1.071 "" "" 16.306396 1.871695 17.217978 15.346282 "" "" 1906.20325 2450.65088 5654.41781 3.128 1771.0 11.329 5763.0 17.154 "" "" 0.0028200247138833036 0.0074848942 0.004972735 0.01245763 280.39722726881 -4.14717780818 2140.5188 -0.6800000000000005 -2.195 0.01400000572204585 -0.11150009155273422 0.115416616 0.10641661 "" "" 1.1401692591940293 "" 0.12149883864049241 ""
280.28352807028 -4.41863447741 0.0505 0.0513 21.8664 "" "" 4256735043326135040 2136.26123 0.444 0.0551 0.114 -3.114 0.064 0.061 1.101 4926.4 3.4731 16.308887 2.698111 17.783941 15.085831 "" "" 1913.22046 2394.99854 5641.45969 4.054 1051.6 6.1489 7325.3 17.444 "" "" 0.002863656948607295 0.006934588 0.0045791427 0.0115137305 280.28352807028 -4.41863447741 2136.26123 0.11399999999999999 -3.113999999999998 0.8080000057220459 -1.0305000915527343 0.1254166 0.122416615 "" "" 13.259853772982625 "" 1.638485279662626 ""
280.29834811252 -4.0766676235 0.0508 0.0512 2.3256 "" "" 4256950719397767040 1984.77942 0.4793 0.0611 -3.523 -5.482 0.059 0.051 1.065 8100.3 4.4016 16.310966 2.092912 17.378527 15.285615 "" "" 1786.69812 2288.58765 5630.67392 3.7276 1527.6 8.0983 6094.1 14.71 "" "" 0.0028475300796083867 0.006396461 0.004599143 0.010995604 280.29834811252 -4.0766676235 1984.77942 -3.5229999999999984 -5.482 -2.8289999942779542 -3.3985000915527346 0.12041661 0.11241661 "" "" 41.60042589060952 "" 4.815579593949731 ""
280.06632255842 -4.36943548201 0.0435 0.0471 22.365 "" "" 4256926736302237184 2356.02368 0.4061 0.0552 -0.304 -3.665 0.049 0.045 1.035 6583.9 4.2245 16.311167 1.835763 17.207474 15.371711 "" "" 2064.39575 2784.47876 5629.6303 3.6168 1788.2 9.7402 5629.6 21.753 "" "" 0.0028422440136122167 0.006539083 0.0056466367 0.01218572 280.06632255842 -4.36943548201 2356.02368 -0.30400000000000016 -3.665000000000003 0.3900000057220459 -1.5815000915527344 0.110416606 0.10641661 "" "" 18.1905767524998 "" 1.9400244738927042 ""
280.46083612073 -4.02226674631 0.055 0.0552 11.7974 "" "" 4258440969971007872 2011.87805 0.4835 0.0658 -0.552 -2.023 0.067 0.055 1.026 9271.6 4.2044 16.313007 1.63644 17.074228 15.437788 "" "" 1835.5188 2328.85303 5620.09861 4.7869 2021.7 14.528 5297.2 18.112 "" "" 0.0029063710807826905 0.008286034 0.005297639 0.013583673 280.46083612073 -4.02226674631 2011.87805 -0.552 -2.023 0.14200000572204585 0.060499908447265494 0.12841661 0.11641661 "" "" 1.4719380320836957 "" 0.1864164435827412 ""
280.04126957127 -3.81053748711 0.0462 0.0459 19.9008 "" "" 4257008585540909824 2216.10449 0.4328 0.055 1.118 -1.31 0.058 0.048 0.96 7452.1 4.2562 16.31363 1.824019 17.201885 15.377866 "" "" 1947.53198 2517.68701 5616.88056 3.7276 1797.5 15.599 5597.7 11.046 "" "" 0.0028479761382328734 0.009826639 0.004344423 0.014171062 280.04126957127 -3.81053748711 2216.10449 1.118000000000001 -1.31 1.812000005722046 0.7734999084472656 0.11941661 0.10941661 "" "" 20.695529647231627 "" 2.440634953947689 ""
280.00602838365 -4.31749037736 0.0695 0.067 22.1716 "" "" 4256939659900772480 2369.76587 0.3667 0.0785 -2.952 -5.238 0.086 0.077 0.961 3607.1 0.2601 16.313833 5.846479 20.56132 14.71484 "" "" 2012.63245 2785.38818 5615.82094 6.0133 81.45 4.533 10309.0 21.669 "" "" 0.0029905498384650837 0.0604897 0.004414974 0.064904675 280.00602838365 -4.31749037736 2369.76587 -2.9520000000000004 -5.238000000000002 -2.257999994277954 -3.154500091552735 0.14741662 0.13841662 "" "" 43.575650293458644 "" 6.167254206068579 ""
280.47107059988 -3.94933031593 0.0572 0.0498 13.7822 "" "" 4258442962836043776 2336.33276 0.4176 0.065 0.776 -0.906 0.064 0.056 0.949 9075.5 4.284 16.316639 1.634522 17.081223 15.4467 "" "" 2099.70728 2712.39502 5601.32579 4.3365 2008.8 15.445 5253.9 15.334 "" "" 0.002880684617005532 0.008801813 0.004932055 0.013733868 280.47107059988 -3.94933031593 2336.33276 0.7760000000000005 -0.9059999999999999 1.470000005722046 1.1774999084472655 0.1254166 0.11741661 "" "" 20.857799654904095 "" 2.551995352365479 ""
280.43518029843 -4.25121350265 0.0487 0.0484 15.53 "" "" 4256931585362332032 2147.58911 0.4552 0.0547 -0.186 -1.379 0.061 0.05 1.019 9331.9 3.9167 16.316774 1.717058 17.132757 15.415699 "" "" 1933.86865 2480.11255 5600.62827 3.2688 1915.6 13.693 5406.0 11.024 "" "" 0.002827251433491416 0.00824732 0.0043801535 0.012627473 280.43518029843 -4.25121350265 2147.58911 -0.1859999999999999 -1.379 0.508000005722046 0.7044999084472656 0.122416615 0.11141661 "" "" 8.841497034787794 "" 1.0194043681988747 ""
279.98155143939 -3.82526507151 0.0477 0.0474 21.9104 "" "" 4257008890439473792 2260.05273 0.4319 0.0547 0.464 -1.752 0.056 0.049 0.944 7843.0 4.3043 16.316862 1.773159 17.175629 15.40247 "" "" 2043.36523 2577.21704 5600.18054 3.9204 1841.5 10.013 5472.3 12.354 "" "" 0.002858232539541418 0.006529741 0.0045046248 0.011034366 279.98155143939 -3.82526507151 2260.05273 0.464 -1.752 1.1580000057220459 0.3314999084472656 0.11741661 0.110416606 "" "" 12.903546730399958 "" 1.5084386012499846 ""
280.40691150396 -3.91716164145 0.0491 0.0442 11.778 "" "" 4258454340230726784 2102.26904 0.4526 0.0564 2.886 -1.885 0.06 0.051 1.029 7121.5 4.2044 16.31725 2.039952 17.34929 15.309339 "" "" 1871.80188 2389.72388 5598.18661 3.5325 1569.3 12.798 5962.4 18.354 "" "" 0.0028392186413670893 0.009283637 0.0050452063 0.014328843 280.40691150396 -3.91716164145 2102.26904 2.886 -1.885 3.580000005722046 0.19849990844726562 0.12141661 0.11241661 "" "" 35.728618837137766 "" 4.337098772238168 ""
280.03448797619 -4.32694079821 0.0722 0.0676 21.4387 "" "" 4256927840151668992 2347.81323 0.4245 0.0812 -1.578 -4.053 0.087 0.079 1.769 5626.0 3.8159 16.3178 1.69348 17.040775 15.347295 "" "" 2017.00525 2802.33862 5595.34473 16.104 2085.0 5.4916 5757.6 16.914 "" "" 0.0041661215806900855 0.0039953482 0.004945396 0.008940744 280.03448797619 -4.32694079821 2347.81323 -1.578 -4.053 -0.8839999942779542 -1.9695000915527343 0.14841661 0.14041662 "" "" 24.024417123313963 "" 3.406411653272995 ""
280.07347388384 -4.07959422712 0.047 0.0434 11.6438 "" "" 4256947184684053248 1929.65247 0.5058 0.0534 -0.833 -0.655 0.059 0.047 0.95 7375.1 4.2001 16.31884 1.795937 17.196272 15.400334 "" "" 1774.65369 2123.82227 5589.9889 3.3321 1806.8 9.4927 5483.1 7.938 "" "" 0.002830308019739305 0.006350144 0.0040932163 0.01044336 280.07347388384 -4.07959422712 1929.65247 -0.8330000000000001 -0.655 -0.13899999427795406 1.4284999084472656 0.12041661 0.10841661 "" "" 13.12755926198973 "" 1.4248039317091388 ""
279.92989623689 -4.17150309077 0.0434 0.0429 21.3253 "" "" 4256945634168045312 2135.00732 0.4498 0.0507 0.855 -3.757 0.056 0.055 0.992 5682.6 3.7814 16.320824 2.061022 17.362736 15.301714 "" "" 1930.24695 2432.5708 5579.78265 4.3806 1550.0 8.9777 6004.4 20.466 "" "" 0.0028841577234511077 0.006879842 0.005289532 0.012169374 279.92989623689 -4.17150309077 2135.00732 0.8549999999999993 -3.757 1.5490000057220459 -1.6735000915527345 0.11741661 0.11641661 "" "" 23.077009620639455 "" 2.6972200641969546 ""
280.25360318206 -4.00993145835 0.0444 0.0432 2.7872 "" "" 4256952128147124224 1907.0575 0.5127 0.053 -0.644 -2.173 0.052 0.046 1.046 8105.6 4.2167 16.321548 1.877448 17.246876 15.369428 "" "" 1731.20618 2081.64746 5576.05456 3.1387 1724.5 10.439 5641.4 11.585 "" "" 0.002822284980499727 0.007140077 0.004388051 0.011528129 280.25360318206 -4.00993145835 1907.0575 -0.6439999999999994 -2.173000000000002 0.05000000572204588 -0.08950009155273442 0.11341661 0.107416615 "" "" 0.9267209968655261 "" 0.10089560506736273 ""
280.45785256877 -4.04959700149 0.0512 0.0481 11.462 "" "" 4258439840420937728 2369.4834 0.4043 0.0602 0.766 -0.667 0.06 0.049 0.999 9263.8 4.0571 16.322268 1.951477 17.269484 15.318006 "" "" 2011.80042 2709.00366 5572.36373 4.0135 1689.0 12.979 5915.0 23.197 "" "" 0.0028641433701609453 0.008797446 0.0056933234 0.01449077 280.45785256877 -4.04959700149 2369.4834 0.766 -0.667 1.460000005722046 1.4164999084472656 0.12141661 0.110416606 "" "" 22.84709744371414 "" 2.6551302638016363 ""
280.37983563698 -4.2558194386 0.0508 0.0526 13.8508 "" "" 4256931688441593856 1788.64001 0.5254 0.0658 -1.845 -3.847 0.062 0.05 1.063 6687.5 4.0067 16.324856 2.430757 17.616762 15.186006 "" "" 1625.06604 1966.02637 5559.10147 4.681 1226.6 7.7282 6679.7 25.354 "" "" 0.002903035829795852 0.007387831 0.005591712 0.012979543 280.37983563698 -4.2558194386 1788.64001 -1.8450000000000009 -3.847 -1.150999994277954 -1.7635000915527344 0.12341661 0.11141661 "" "" 17.85398021237924 "" 2.055573155696994 ""
280.09934380746 -4.37756031222 0.0424 0.0444 21.8045 "" "" 4256926495784047488 1859.73718 0.516 0.0514 -1.15 -5.686 0.051 0.05 1.046 6483.5 4.2067 16.325617 1.905608 17.265478 15.35987 "" "" 1662.33826 2008.43591 5555.20797 3.6631 1695.2 7.1471 5691.3 12.924 "" "" 0.002846814073514077 0.005360879 0.0045124884 0.009873368 280.09934380746 -4.37756031222 1859.73718 -1.1500000000000008 -5.686 -0.455999994277954 -3.6025000915527343 0.11241661 0.11141661 "" "" 32.00998795541904 "" 3.5669512956006004 ""
280.15484018478 -4.02594360074 0.0432 0.0409 6.8951 "" "" 4256953747394058240 1875.81287 0.5121 0.0498 -0.198 -1.959 0.057 0.046 0.951 8726.1 4.3169 16.32642 1.72138 17.152813 15.431433 "" "" 1752.04285 2017.49207 5551.0956 3.577 1880.6 9.0161 5328.3 11.281 "" "" 0.0028427561916622617 0.0059059546 0.0044235475 0.010329502 280.15484018478 -4.02594360074 1875.81287 -0.198 -1.959 0.4960000057220459 0.12449990844726555 0.11841661 0.107416615 "" "" 4.546918592672071 "" 0.5355964198779976 ""
280.11516143479 -4.33552001606 0.0425 0.0439 19.1316 "" "" 4256927290368403456 2217.21167 0.4424 0.0511 1.237 -3.157 0.052 0.05 0.965 6704.2 4.092 16.32701 1.9732 17.302626 15.329426 "" "" 1955.68225 2479.87988 5548.08228 3.649 1638.2 12.405 5853.1 25.09 "" "" 0.0028463519371176704 0.008682112 0.00599539 0.014677502 280.11516143479 -4.33552001606 2217.21167 1.237 -3.157 1.931000005722046 -1.0735000915527344 0.11341661 0.11141661 "" "" 23.219195788325827 "" 2.622552932781837 ""
280.40422856242 -3.83377738692 0.0502 0.0437 15.6075 "" "" 4258459730389883392 2191.32886 0.4287 0.0541 0.895 -0.606 0.059 0.048 0.959 6706.5 3.9568 16.328304 2.091806 17.406776 15.31497 "" "" 1988.10974 2451.04712 5541.47075 3.773 1488.4 8.1081 5931.6 13.014 "" "" 0.002852764757331798 0.0065396694 0.0044674613 0.01100713 280.40422856242 -3.83377738692 2191.32886 0.8950000000000002 -0.6060000000000004 1.589000005722046 1.4774999084472658 0.12041661 0.10941661 "" "" 22.53724158655052 "" 2.6018444630793316 ""
280.46896238036 -4.30233748638 0.0475 0.0479 19.1801 "" "" 4256743431431536384 1709.75159 0.5825 0.0535 1.587 -3.624 0.058 0.048 1.045 6539.1 4.2229 16.32992 1.979328 17.29972 15.320393 "" "" 1529.77002 1900.90479 5533.23538 3.5802 1642.6 18.324 5902.0 39.31 "" "" 0.002843467867467426 0.012429139 0.008159551 0.020588689 280.46896238036 -4.30233748638 1709.75159 1.5870000000000002 -3.6240000000000006 2.2810000057220456 -1.5405000915527345 0.11941661 0.10941661 "" "" 22.306644800229506 "" 2.5959729929164626 ""
280.27019616599 -3.99004412534 0.0436 0.0409 3.8796 "" "" 4256952544803140736 1975.55908 0.4886 0.0492 -1.348 -5.119 0.053 0.046 1.015 7670.4 4.2065 16.331375 2.007311 17.347712 15.340401 "" "" 1789.50256 2189.96851 5525.81747 3.3321 1571.6 7.5886 5794.3 10.511 "" "" 0.002832036068987604 0.0059388173 0.004261791 0.0102006085 280.27019616599 -3.99004412534 1975.55908 -1.348 -5.119 -0.6539999942779542 -3.035500091552734 0.114416614 0.107416615 "" "" 29.077121066953513 "" 3.132675219861021 ""
280.47697628319 -4.03818614715 0.0495 0.051 12.6411 "" "" 4258440145337252480 2067.84863 0.4702 0.0657 -1.205 -1.443 0.061 0.05 1.038 7128.5 4.3305 16.331572 1.864817 17.244015 15.379198 "" "" 1802.93726 2357.98047 5524.81791 3.4695 1729.1 10.747 5590.9 11.439 "" "" 0.0028384283287850483 0.0073023275 0.0043838834 0.011686211 280.47697628319 -4.03818614715 2067.84863 -1.2049999999999994 -1.4429999999999992 -0.5109999942779542 0.6404999084472656 0.122416615 0.11141661 "" "" 8.031102739485778 "" 0.9301558619302029 ""
280.3492760395 -4.21912435817 0.0518 0.0626 11.0475 "" "" 4256932719233800192 2357.70923 0.4232 0.0774 1.893 0.642 0.063 0.051 1.086 7407.1 4.1287 16.333546 2.05792 17.38062 15.322699 "" "" 1970.21863 3010.25391 5514.7796 3.9463 1524.6 18.411 5889.5 14.087 "" "" 0.0028627647067573925 0.013404895 0.004585619 0.017990515 280.3492760395 -4.21912435817 2357.70923 1.8930000000000005 0.642 2.5870000057220457 2.7254999084472655 0.12441661 0.11241661 "" "" 41.99523954890929 "" 4.966183729750807 ""
280.36651232057 -3.74990350556 0.0563 0.0515 19.2385 "" "" 4258461242218605824 2138.23999 0.4836 0.0639 -0.79 -1.067 0.067 0.058 0.96 4975.0 3.5624 16.334223 2.418862 17.646183 15.227321 "" "" 1839.1499 2468.43579 5511.34614 4.194 1193.8 9.7104 6430.3 14.122 "" "" 0.0028765303154625528 0.009261683 0.0044687088 0.013730392 280.36651232057 -3.74990350556 2138.23999 -0.79 -1.0669999999999993 -0.09599999427795414 1.0164999084472657 0.12841661 0.11941661 "" "" 10.348331549823033 "" 1.2366167477079422 ""
280.23381542852 -3.83302005454 0.0442 0.0404 13.4368 "" "" 4258505841158775424 2172.25464 0.4364 0.0496 -1.555 -3.363 0.054 0.048 1.012 6727.3 4.0776 16.334381 2.004276 17.329594 15.325317 "" "" 1985.2439 2390.26025 5510.53703 3.5607 1598.0 12.154 5875.3 24.745 "" "" 0.0028432337123349594 0.008716483 0.005932469 0.014648952 280.23381542852 -3.83302005454 2172.25464 -1.5550000000000006 -3.363 -0.860999994277954 -1.2795000915527344 0.115416616 0.10941661 "" "" 15.879444652903855 "" 1.7677221498984665 ""
280.31365482983 -3.95604568417 0.0473 0.0441 6.5544 "" "" 4258453927913924864 1712.05188 0.566 0.0563 -0.495 -4.29 0.056 0.046 0.971 4892.7 3.6126 16.335169 2.251938 17.473816 15.221878 "" "" 1582.92371 1866.81738 5506.55001 3.8389 1399.2 31.713 6462.6 36.324 "" "" 0.0028573976557634143 0.024765987 0.0071780733 0.03194406 280.31365482983 -3.95604568417 1712.05188 -0.49499999999999983 -4.29 0.1990000057220459 -2.2065000915527344 0.11741661 0.107416615 "" "" 17.978701402414117 "" 1.9327287379038243 ""
279.95607002227 -4.01015386743 0.0465 0.0464 18.7645 "" "" 4256996353473915008 2361.71216 0.4085 0.0547 -3.854 -2.492 0.052 0.047 0.961 4823.2 3.253 16.335255 2.577344 17.758562 15.181218 "" "" 2018.59106 2705.4624 5506.10751 4.5133 1076.4 9.2254 6709.2 13.973 "" "" 0.0028954844654332716 0.009714723 0.004404186 0.014118908 279.95607002227 -4.01015386743 2361.71216 -3.8539999999999983 -2.4920000000000013 -3.159999994277954 -0.40850009155273437 0.11341661 0.10841661 "" "" 35.669022990284326 "" 4.04259195296047 ""
280.5670277475 -3.83122086527 0.0475 0.0476 22.4372 "" "" 4258461555776318080 1975.96289 0.4969 0.0563 0.554 0.249 0.057 0.051 1.0 "" "" 16.337284 1.882903 17.130184 15.247281 "" "" 1759.66479 2223.67529 5495.8266 4.2838 1920.2 26.251 6313.1 17.622 "" "" 0.0028823602113560655 0.015103037 0.004844441 0.019947477 280.5670277475 -3.83122086527 1975.96289 0.5539999999999996 0.249 1.248000005722046 2.3324999084472657 0.11841661 0.11241661 "" "" 24.77684200392116 "" 2.819093215582293 ""
