Clusters/Dolidze_32/Dolidze_32_stars_in_region.tsv
# %ECSV 1.0
# ---
# datatype:
# - name: RA_ICRS_1
#   unit: deg
#   datatype: float64
#   format: '{:15.11f}'
#   description: Right ascension (ICRS) at Ep=2016.0 (ra)
#   meta: !!omap
#   - {ucd: POS_EQ_RA_MAIN}
#   - {width: 15}
#   - {precision: '11'}
# - name: DE_ICRS_1
#   unit: deg
#   datatype: float64
#   format: '{:15.11f}'
#   description: Declination (ICRS) at Ep=2016.0 (dec)
#   meta: !!omap
#   - {ucd: POS_EQ_DEC_MAIN}
#   - {width: 15}
#   - {precision: '11'}
# - name: e_RA_ICRS
#   unit: mas
#   datatype: float64
#   format: '{:7.4f}'
#   description: Standard error of right ascension (ra_error)
#   meta: !!omap
#   - {ucd: ERROR}
#   - {width: 7}
#   - {precision: '4'}
# - name: e_DE_ICRS
#   unit: mas
#   datatype: float64
#   format: '{:7.4f}'
#   description: Standard error of declination (dec_error)
#   meta: !!omap
#   - {ucd: ERROR}
#   - {width: 7}
#   - {precision: '4'}
# - name: _r_1
#   unit: ''
#   datatype: float64
#   format: '{:7.4f}'
#   description: Distance from center (280.26640647000-04.05459411000)[ICRS], at Epoch=J2016.0
#   meta: !!omap
#   - {ucd: POS_ANG_DIST_GENERAL}
#   - {width: 7}
#   - {precision: '4'}
# - name: HIP
#   datatype: int32
#   description: '? HIP cross-id number, van Leeuwen, Cat. I/311 (hip_original_ext_source_id)'
#   meta: !!omap
#   - {ucd: ID_NUMBER}
#   - {width: 6}
#   - values: {'null': -2147483648}
# - name: TYC2
#   datatype: string
#   description: Tycho-2 cross-id name, Hog et al., Cat. I/259 (tyc2_original_ext_source_id)
#   meta: !!omap
#   - {ucd: ID_CROSSID}
#   - {_votable_string_dtype: char}
# - name: Source
#   datatype: int64
#   description: Source identifier, identical to the Gaia-EDR3 source_id (id)
#   meta: !!omap
#   - {ucd: ID_MAIN}
#   - {width: 19}
# - name: rgeo
#   unit: pc
#   datatype: float64
#   format: '{:15.8f}'
#   description: '? Median of the geometric distance posterior (r_med_geo)'
#   meta: !!omap
#   - {ucd: PHYS_DISTANCE_TRUE}
#   - {width: 15}
#   - {precision: '8'}
#   - values: {'null': .nan}
# - name: Plx
#   unit: mas
#   datatype: float64
#   format: '{:9.4f}'
#   description: '? Parallax (parallax)'
#   meta: !!omap
#   - {ucd: POS_PARLX_TRIG}
#   - {width: 9}
#   - {precision: '4'}
#   - values: {'null': .nan}
# - name: e_Plx
#   unit: mas
#   datatype: float32
#   format: '{:7.4f}'
#   description: '? Standard error of parallax (parallax_error)'
#   meta: !!omap
#   - {ucd: ERROR}
#   - {width: 7}
#   - {precision: '4'}
#   - values: {'null': .nan}
# - name: pmRA
#   unit: mas / yr
#   datatype: float64
#   format: '{:9.3f}'
#   description: '? Proper motion in right ascension direction, pmRA*cosDE (pmra)'
#   meta: !!omap
#   - {ucd: POS_EQ_PMRA}
#   - {width: 9}
#   - {precision: '3'}
#   - values: {'null': .nan}
# - name: pmDE
#   unit: mas / yr
#   datatype: float64
#   format: '{:9.3f}'
#   description: '? Proper motion in declination direction (pmdec)'
#   meta: !!omap
#   - {ucd: POS_EQ_PMDEC}
#   - {width: 9}
#   - {precision: '3'}
#   - values: {'null': .nan}
# - name: e_pmRA
#   unit: mas / yr
#   datatype: float32
#   format: '{:6.3f}'
#   description: '? Standard error of proper motion in right ascension direction (pmra_error)'
#   meta: !!omap
#   - {ucd: ERROR}
#   - {width: 6}
#   - {precision: '3'}
#   - values: {'null': .nan}
# - name: e_pmDE
[...]
#         value: !astropy.table.SerializedColumn {name: SkyCoord.dec}
#       distance: !astropy.table.SerializedColumn
#         __class__: astropy.coordinates.distances.Distance
#         unit: !astropy.units.Unit {unit: pc}
#         value: !astropy.table.SerializedColumn {name: SkyCoord.distance}
#       frame: icrs
#       obstime: !astropy.time.Time {format: jyear_str, in_subfmt: '*', jd1: 367701545.0, jd2: 0.0, out_subfmt: '*', precision: 3, scale: tt}
#       pm_dec: !astropy.table.SerializedColumn
#         __class__: astropy.units.quantity.Quantity
#         unit: !astropy.units.Unit {unit: mas / yr}
#         value: !astropy.table.SerializedColumn {name: SkyCoord.pm_dec}
#       pm_ra_cosdec: !astropy.table.SerializedColumn
#         __class__: astropy.units.quantity.Quantity
#         unit: !astropy.units.Unit {unit: mas / yr}
#         value: !astropy.table.SerializedColumn {name: SkyCoord.pm_ra_cosdec}
#       ra: !astropy.table.SerializedColumn
#         __class__: astropy.coordinates.angles.Longitude
#         unit: *id001
#         value: !astropy.table.SerializedColumn {name: SkyCoord.ra}
#         wrap_angle: !astropy.coordinates.Angle
#           unit: *id001
#           value: 360.0
#       representation_type: spherical
# schema: astropy-2.0
RA_ICRS_1 DE_ICRS_1 e_RA_ICRS e_DE_ICRS _r_1 HIP TYC2 Source rgeo Plx e_Plx pmRA pmDE e_pmRA e_pmDE RUWE Teff logg Gmag BP-RP BPmag RPmag RV e_RV b_rgeo B_rgeo FG e_FG FBP e_FBP FRP e_FRP RAVE5 RAVE6 e_Gmag e_BPmag e_RPmag e_BP-RP SkyCoord.ra SkyCoord.dec SkyCoord.distance SkyCoord.pm_ra_cosdec SkyCoord.pm_dec rmRA rmDE e_rmRA e_rmDE rRV e_rRV v_pec v_pec3d e_vpec e_vpec3d
[from data line 177]
280.55448008935 -3.95200187612 0.0248 0.0236 18.3081 "" "" 4258442413080227328 2317.20044 0.3826 0.0285 5.052 -4.621 0.03 0.023 1.046 5527.7 2.5903 13.979927 2.61654 15.432302 12.815762 -41.09 3.07 2160.28638 2486.5437 48192.1255 21.364 9172.7 32.157 59273.0 43.118 "" "" 0.0027970439788319824 0.004719422 0.003861028 0.00858045 280.55448008935 -3.95200187612 2317.20044 5.052 -4.621 5.7460000057220455 -2.537500091552735 0.09141661 0.08441661 -71.04714285714286 3.7027369 68.99145349564238 99.03290949782628 6.230708252940084 5.088953697070464
280.15929905621 -3.78631653636 0.018 0.0165 17.3265 "" "" 4258506837591303680 2118.0083 0.4297 0.0195 -2.346 -3.83 0.021 0.018 1.051 4983.2 2.8195 13.985376 2.313533 15.215302 12.90177 -1.61 2.1 2040.19653 2220.40381 47950.82151 19.013 11202.0 14.079 54758.0 48.018 "" "" 0.0027887496435179985 0.0031059845 0.0038974625 0.007003447 280.15929905621 -3.78631653636 2118.0083 -2.3459999999999988 -3.83 -1.6519999942779542 -1.7465000915527344 0.08241661 0.07941661 -31.567142857142855 2.7327368 24.134934214370446 39.73637574937169 1.9512401210616828 2.473351062458405
280.13179468302 -4.21605393823 0.0165 0.0154 12.5993 "" "" 4256942030723072000 2341.85254 0.3862 0.0192 0.037 -2.764 0.019 0.018 0.988 "" "" 13.992443 1.532379 14.691301 13.158922 "" "" 2250.92407 2449.87769 47639.76953 11.518 18151.0 25.835 43211.0 16.835 "" "" 0.002767796310073438 0.0031895477 0.0038029803 0.006992528 280.13179468302 -4.21605393823 2341.85254 0.03699999999999998 -2.7640000000000016 0.7310000057220459 -0.6805000915527342 0.08041661 0.07941661 "" "" 11.086171132361038 "" 0.8863826021909333 ""
280.07029527749 -3.94067073461 0.0164 0.0165 13.5832 "" "" 4257002160269656576 2311.75 0.3847 0.0196 0.62 -1.184 0.02 0.017 1.126 4757.8 2.3493 14.004348 2.465461 15.338644 12.873183 -14.4 1.27 2219.72119 2428.31616 47120.2587 15.884 9999.1 18.432 56219.0 33.812 "" "" 0.002779522004496595 0.0034337568 0.0038353791 0.0072691357 280.07029527749 -3.94067073461 2311.75 0.6200000000000002 -1.184 1.314000005722046 0.8994999084472657 0.08141661 0.078416616 -44.357142857142854 1.9027369 17.44889018222166 47.665709803172035 1.404138511512197 1.8437620888743889
280.3204832478 -3.8500340949 0.0172 0.0155 12.6933 "" "" 4258458733957438592 1998.59216 0.4604 0.0185 -0.596 -2.172 0.021 0.019 1.021 10910.2 3.7794 14.011955 1.231005 14.540205 13.3092 "" "" 1916.59399 2087.40771 46791.25942 12.989 20861.0 26.663 37625.0 34.533 "" "" 0.002771755405992685 0.0031162128 0.00390855 0.0070247627 280.3204832478 -3.8500340949 1998.59216 -0.5959999999999994 -2.1719999999999984 0.09800000572204592 -0.08850009155273453 0.08241661 0.08041661 "" "" 1.2509192636707163 "" 0.10198030798344099 ""
280.20844254187 -4.06288374125 0.0168 0.0154 3.5046 "" "" 4256950242700647552 2234.6731 0.4074 0.0186 -0.418 -2.769 0.022 0.018 0.998 "" "" 14.013983 1.423631 14.649897 13.226266 "" "" 2158.06812 2337.04517 46703.96233 11.98 18856.0 30.79 40612.0 20.118 "" "" 0.002769359569710498 0.0033057868 0.00381746 0.007123247 280.20844254187 -4.06288374125 2234.6731 -0.4179999999999997 -2.769000000000001 0.2760000057220459 -0.6855000915527345 0.08341661 0.07941661 "" "" 7.8274988912527075 "" 0.6260949802740465 ""
280.27022640258 -4.31520083773 0.0173 0.0179 15.6381 "" "" 4256925916005580672 2128.9126 0.4258 0.0214 -0.89 -0.59 0.022 0.02 1.041 "" "" 14.018062 2.150551 15.122628 12.972077 -19.25 4.1 2045.63599 2223.41064 46528.82466 17.872 12200.0 30.863 51325.0 34.101 "" "" 0.002786702330954496 0.003915241 0.0038476114 0.007762852 280.27022640258 -4.31520083773 2128.9126 -0.89 -0.59 -0.19599999427795411 1.4934999084472658 0.08341661 0.08141661 -49.207142857142856 4.7327366 15.200203419239488 51.50135039151425 1.2380699129362975 4.536649336456832
280.31042447539 -4.37760147992 0.0178 0.0176 19.5586 "" "" 4256924335457518208 2113.72534 0.4417 0.0204 -0.889 -0.939 0.021 0.019 0.965 7456.2 3.6022 14.026949 1.270851 14.575351 13.3045 "" "" 2028.07312 2201.22949 46149.50293 12.437 20197.0 25.485 37788.0 28.844 "" "" 0.0027708128063754466 0.0031083697 0.003869181 0.0069775507 280.31042447539 -4.37760147992 2113.72534 -0.8889999999999993 -0.9390000000000004 -0.19499999427795411 1.1444999084472656 0.08241661 0.08041661 "" "" 11.632057594771254 "" 0.9360748813242636 ""
279.92512833294 -4.16338606969 0.0159 0.0154 21.4418 "" "" 4256945707215748096 1602.98657 0.5781 0.0184 1.516 -2.976 0.02 0.018 0.998 6099.0 2.922 14.035382 2.218505 15.194537 12.976032 25.6 2.91 1558.86682 1643.96912 45792.44664 22.379 11418.0 22.139 51138.0 46.254 "" "" 0.002805945615856724 0.0034952671 0.0039048856 0.0074001527 279.92512833294 -4.16338606969 1602.98657 1.5159999999999998 -2.976 2.210000005722046 -0.8925000915527344 0.08141661 0.07941661 -4.357142857142854 3.542737 18.10954286388571 18.62633180785913 1.4693926235844976 1.6515936460100842
280.36666749397 -3.84433137587 0.0198 0.0164 13.9705 "" "" 4258459425472168960 2000.18213 0.4483 0.0204 -1.264 -2.699 0.021 0.017 0.986 "" "" 14.036277 2.432062 15.352607 12.920545 -32.47 1.5 1906.5332 2105.80933 45754.71468 17.271 9871.3 22.638 53820.0 41.9 "" "" 0.0027856330919786266 0.003739629 0.0038727517 0.0076123807 280.36666749397 -3.84433137587 2000.18213 -1.264000000000001 -2.699 -0.5699999942779541 -0.6155000915527342 0.08241661 0.078416616 -62.427142857142854 2.132737 7.953423584849773 62.93174963423603 0.638565141275378 2.1171746452608384
280.31511986324 -4.22058737849 0.0195 0.0199 10.3775 "" "" 4256935364933677952 1953.84644 0.4711 0.0252 -0.819 -0.555 0.025 0.02 1.119 5035.9 2.5699 14.038984 2.453308 15.372644 12.919336 -26.34 2.09 1846.81763 2069.72656 45640.77578 26.683 9690.8 20.48 53879.0 40.304 "" "" 0.0028274905834832207 0.0036124696 0.0038656648 0.0074781347 280.31511986324 -4.22058737849 1953.84644 -0.8190000000000006 -0.555 -0.12499999427795405 1.5284999084472655 0.08641661 0.08141661 -56.29714285714286 2.7227368 14.203049769581959 58.06113085907623 1.1568502917449592 2.6551398704405518
280.10267822613 -3.78353330704 0.0179 0.0163 18.9884 "" "" 4258509796851135232 1875.21497 0.4882 0.0202 -2.617 -7.467 0.022 0.018 0.975 "" "" 14.041207 2.467721 15.382872 12.915151 -38.34 1.34 1806.62549 1927.30212 45547.42302 18.314 9599.9 18.341 54088.0 27.086 "" "" 0.0027896906278743463 0.0034767725 0.0038182915 0.0072950637 280.10267822613 -3.78353330704 1875.21497 -2.617 -7.4670000000000005 -1.922999994277954 -5.383500091552734 0.08341661 0.07941661 -68.29714285714286 1.9727368 50.81248581223645 85.1258388320944 4.058864994131212 2.8939467671312036
280.03780391096 -3.9995722 0.0177 0.0168 14.0749 "" "" 4257001296936904064 1882.09058 0.4896 0.0215 -0.534 -2.142 0.022 0.018 1.01 12232.6 3.9941 14.044299 1.332087 14.628871 13.296784 "" "" 1796.42773 1972.01233 45417.90517 27.698 19225.0 46.405 38058.0 54.665 "" "" 0.0028337625633781988 0.0038279612 0.0040884954 0.007916456 280.03780391096 -3.9995722 1882.09058 -0.534 -2.1419999999999995 0.16000000572204587 -0.05850009155273428 0.08341661 0.07941661 "" "" 1.5197931963237423 "" 0.1260743966963859 ""
280.11297473545 -3.87924283645 0.0164 0.0166 13.9655 "" "" 4257004256213730048 2253.59473 0.4053 0.0199 0.423 -1.874 0.019 0.017 0.956 7965.2 3.3053 14.047823 1.290725 14.610983 13.320258 "" "" 2162.00903 2342.62354 45270.75188 9.0633 19544.0 25.739 37244.0 23.961 "" "" 0.0027638809087694996 0.0031352243 0.0038433897 0.0069786143 280.11297473545 -3.87924283645 2253.59473 0.423 -1.8740000000000003 1.117000005722046 0.20949990844726551 0.08041661 0.078416616 "" "" 12.13988814843628 "" 0.9754335289654746 ""
280.10106015595 -4.34498550188 0.0164 0.0167 20.0368 "" "" 4256926878078950784 1872.9502 0.4923 0.0198 -0.797 -2.36 0.02 0.019 0.985 10627.1 3.651 14.048112 1.260064 14.588576 13.328512 "" "" 1820.69568 1944.4447 45258.68632 16.097 19952.0 26.021 36962.0 31.437 "" "" 0.0027822489025868965 0.003128912 0.003890562 0.007019474 280.10106015595 -4.34498550188 1872.9502 -0.7970000000000003 -2.3600000000000017 -0.10299999427795414 -0.27650009155273425 0.08141661 0.08041661 "" "" 2.6194924088568814 "" 0.21097164656201303 ""
279.99746883508 -4.23214723253 0.0153 0.0145 19.3005 "" "" 4256941515327600768 2046.35242 0.4485 0.0174 -0.963 -2.251 0.019 0.017 0.959 12415.3 3.8434 14.056073 1.461499 14.713663 13.252164 "" "" 1964.36182 2117.88184 44928.05059 15.951 17781.0 25.233 39655.0 32.793 "" "" 0.002782153714429733 0.0031873204 0.003884569 0.0070718895 279.99746883508 -4.23214723253 2046.35242 -0.9630000000000009 -2.2510000000000017 -0.26899999427795407 -0.16750009155273426 0.08041661 0.078416616 "" "" 3.0737107259111944 "" 0.24547533407791233 ""
279.99964769368 -4.05195730799 0.0172 0.0168 15.9663 "" "" 4256948314220225920 1686.27502 0.5448 0.0205 -4.822 -1.432 0.02 0.018 1.049 5282.8 2.8453 14.059772 2.309776 15.286799 12.977023 4.57 2.04 1636.00378 1745.58472 44775.22717 14.735 10488.0 17.154 51092.0 28.058 "" "" 0.0027783906879757857 0.0033073488 0.003826126 0.0071334746 279.99964769368 -4.05195730799 1686.27502 -4.822 -1.432 -4.127999994277954 0.6514999084472657 0.08141661 0.07941661 -25.387142857142855 2.672737 33.403271630236056 41.955757388614884 2.7179768916918885 2.70150072994245
280.25329528893 -4.062406986 0.0167 0.0159 0.9141 "" "" 4256950959915963648 2030.04651 0.4549 0.0192 -0.245 -2.029 0.02 0.019 1.03 10013.8 3.5557 14.060554 1.245726 14.596558 13.350832 "" "" 1953.51123 2125.89624 44743.02866 12.636 19806.0 28.198 36210.0 28.563 "" "" 0.0027723291125488904 0.0031897435 0.0038752065 0.0070649497 280.25329528893 -4.062406986 2030.04651 -0.2450000000000002 -2.029 0.4490000057220459 0.05449990844726571 0.08141661 0.08041661 "" "" 4.352177746846582 "" 0.35427673686954236 ""
279.90822818713 -4.09791139646 0.0166 0.0175 21.5933 "" "" 4256993153682783232 2180.22607 0.4182 0.0207 -0.775 -1.265 0.02 0.018 1.064 5861.6 2.6346 14.067115 2.07715 15.114819 13.037668 31.28 5.79 2086.77954 2270.31372 44473.4581 13.673 12288.0 32.305 48316.0 210.53 "" "" 0.00277546614225877 0.003991563 0.006055205 0.010046768 279.90822818713 -4.09791139646 2180.22607 -0.7749999999999996 -1.265 -0.08099999427795412 0.8184999084472657 0.08141661 0.07941661 1.3228571428571456 6.4227366 8.499918573733607 8.602241962448495 0.675201647316214 1.1919106137466093
280.54707192072 -3.82276129283 0.0182 0.0179 21.8113 "" "" 4258461830653658752 2064.39917 0.4358 0.0232 -1.44 1.734 0.023 0.019 0.967 5040.7 2.4997 14.068128 2.56344 15.48254 12.9191 -39.95 1.87 1977.2854 2167.68262 44431.99215 23.04 8757.9 30.213 53891.0 47.793 "" "" 0.0028122521599352993 0.004670584 0.003900111 0.008570695 280.54707192072 -3.82276129283 2064.39917 -1.4400000000000008 1.734 -0.745999994277954 3.8174999084472656 0.08441661 0.08041661 -69.90714285714286 2.5027368 38.06176471068008 79.59715167856292 3.0665321444822022 2.642282190811189
280.03706453846 -3.92367587963 0.0192 0.0203 15.8157 "" "" 4257002950543703552 1783.21741 0.5117 0.0222 -2.263 -0.566 0.023 0.02 1.006 4575.0 2.1651 14.082186 2.502169 15.453965 12.951797 -23.76 1.41 1729.16809 1870.74792 43860.38837 26.536 8991.5 20.811 52293.0 73.678 "" "" 0.002832540062598523 0.0037549972 0.004077235 0.007832232 280.03706453846 -3.92367587963 1783.21741 -2.263 -0.5659999999999995 -1.568999994277954 1.5174999084472658 0.08441661 0.08141661 -53.71714285714286 2.0427368 18.449914352023853 56.797277895438874 1.530977516818488 1.9949412128936446
280.3836546051 -4.05545962318 0.0183 0.0173 7.0175 "" "" 4256939488102374272 1929.69873 0.4789 0.0215 -0.78 -0.558 0.023 0.02 1.123 6699.0 2.7596 14.083488 1.886071 15.006145 13.120073 -26.5 5.03 1852.27429 2017.00317 43807.84857 15.707 13582.0 26.846 44785.0 30.83 "" "" 0.0027826840962941446 0.0035200263 0.003852579 0.0073726056 280.3836546051 -4.05545962318 1929.69873 -0.78 -0.5579999999999996 -0.08599999427795413 1.5254999084472656 0.08441661 0.08141661 -56.457142857142856 5.662737 13.97555513009161 58.16119944418329 1.1379775441838897 5.503622356975339
280.26319344442 -3.89153094515 0.0175 0.0155 9.7857 "" "" 4258458154161924992 1707.49585 0.5374 0.0191 3.181 0.658 0.021 0.019 1.036 "" "" 14.088676 2.525182 15.474737 12.949555 -46.69 1.16 1648.07129 1762.08948 43598.97771 14.379 8821.1 15.893 52401.0 39.663 "" "" 0.002778490361896178 0.0034075892 0.0038676988 0.007275288 280.26319344442 -3.89153094515 1707.49585 3.181 0.6579999999999999 3.875000005722046 2.7414999084472655 0.08241661 0.08041661 -76.64714285714285 1.7927368 38.41780415590689 85.73629444013126 3.1408440379617084 2.1329179291993823
280.1609502367 -4.21342749605 0.0176 0.0172 11.4302 "" "" 4256930588930171136 1972.53235 0.4687 0.0208 -0.576 -2.155 0.022 0.021 1.104 12721.3 3.7872 14.089888 1.35249 14.683904 13.331413 "" "" 1891.46863 2052.31567 43550.35302 25.579 18275.0 39.117 36863.0 51.903 "" "" 0.002828153152796433 0.003631244 0.0040768483 0.007708092 280.1609502367 -4.21342749605 1972.53235 -0.5759999999999998 -2.1550000000000034 0.11800000572204594 -0.07150009155273418 0.08341661 0.08241661 "" "" 1.2900107836520323 "" 0.10726341332284532 ""
280.52199935031 -3.86596966685 0.0226 0.0211 19.0301 "" "" 4258455710299292032 2018.10669 0.451 0.0251 -2.1 -7.548 0.027 0.022 0.918 4713.0 2.3731 14.092274 2.538468 15.488282 12.949814 46.04 3.29 1928.87988 2112.10449 43454.76221 20.932 8711.7 16.128 52388.0 34.701 "" "" 0.002804516592294421 0.0034387873 0.0038471988 0.007285986 280.52199935031 -3.86596966685 2018.10669 -2.1 -7.547999999999993 -1.4059999942779542 -5.464500091552734 0.08841661 0.08341661 16.082857142857144 3.922737 53.97499439800412 56.3201412830448 4.519637241921664 4.473946037005754
280.39317925255 -4.36040511767 0.018 0.0178 19.8549 "" "" 4256736971800733568 2134.20996 0.4211 0.0204 -0.814 -0.663 0.021 0.019 1.099 "" "" 14.104421 2.530179 15.494202 12.964023 -28.14 1.69 2051.06396 2226.948 42971.31777 20.572 8664.4 15.793 51707.0 41.283 "" "" 0.0028039193739276677 0.0034207562 0.0038775203 0.0072982768 280.39317925255 -4.36040511767 2134.20996 -0.8139999999999995 -0.6630000000000008 -0.11999999427795405 1.4204999084472656 0.08241661 0.08041661 -58.097142857142856 2.322737 14.421181520195093 59.860241267486394 1.1599094587725105 2.2715771878190445
280.39680040113 -3.90388540958 0.0179 0.0161 11.9449 "" "" 4258455886418981248 1736.31421 0.5247 0.0203 6.506 1.266 0.021 0.017 0.994 5818.9 2.8077 14.106139 2.47136 15.448984 12.977624 -35.18 2.33 1679.63818 1792.92554 42903.34821 14.617 9032.8 17.31 51063.0 48.976 "" "" 0.0027800395385973644 0.003480539 0.0039202245 0.007400763 280.39680040113 -3.90388540958 1736.31421 6.506 1.2659999999999991 7.200000005722046 3.3494999084472656 0.08241661 0.078416616 -65.13714285714286 2.9627368 65.35528553963094 92.27220994188082 5.340786286359697 4.322489244328078
280.20431161136 -4.07977307209 0.0168 0.016 4.0116 "" "" 4256950139621419264 1775.29224 0.5141 0.0194 1.943 -2.995 0.021 0.018 1.038 5057.2 3.0246 14.109984 2.331603 15.35059 13.018987 -18.16 1.83 1719.74146 1843.11084 42751.67304 14.46 9889.7 12.548 49155.0 36.78 "" "" 0.0027796848934721406 0.003111714 0.0038657102 0.006977424 280.20431161136 -4.07977307209 1775.29224 1.943000000000002 -2.9950000000000014 2.637000005722046 -0.9115000915527345 0.08241661 0.07941661 -48.11714285714285 2.4627368 23.478285949157033 53.53960541361019 1.92760605398995 2.3692358234070774
279.93056218983 -4.1030634827 0.0173 0.017 20.3089 "" "" 4256994562432023424 2215.37476 0.4125 0.0203 -0.976 -1.349 0.022 0.019 1.008 5815.1 2.8914 14.110362 2.200064 15.259345 13.059281 29.76 2.93 2129.62158 2297.86963 42736.78999 13.767 10757.0 13.984 47364.0 28.782 "" "" 0.002777429875449653 0.0031268564 0.003836539 0.0069633955 279.93056218983 -4.1030634827 2215.37476 -0.9760000000000003 -1.348999999999999 -0.2819999942779541 0.7344999084472656 0.08341661 0.08041661 -0.19714285714285396 3.562737 8.261821739122281 8.264173507081997 0.6676233878012928 0.672822830791365
