Clusters/UBC_121/UBC_121_members.tsv
# %ECSV 1.0
# ---
# datatype:
# - name: RA_ICRS_1
#   unit: deg
#   datatype: float64
#   format: '{:15.11f}'
#   description: Right ascension (ICRS) at Ep=2016.0 (ra)
#   meta: !!omap
#   - {ucd: POS_EQ_RA_MAIN}
#   - {width: 15}
#   - {precision: '11'}
# - name: DE_ICRS_1
#   unit: deg
#   datatype: float64
#   format: '{:15.11f}'
#   description: Declination (ICRS) at Ep=2016.0 (dec)
#   meta: !!omap
#   - {ucd: POS_EQ_DEC_MAIN}
#   - {width: 15}
#   - {precision: '11'}
# - name: e_RA_ICRS
#   unit: mas
#   datatype: float64
#   format: '{:7.4f}'
#   description: Standard error of right ascension (ra_error)
#   meta: !!omap
#   - {ucd: ERROR}
#   - {width: 7}
#   - {precision: '4'}
# - name: e_DE_ICRS
#   unit: mas
#   datatype: float64
#   format: '{:7.4f}'
#   description: Standard error of declination (dec_error)
#   meta: !!omap
#   - {ucd: ERROR}
#   - {width: 7}
#   - {precision: '4'}
# - name: _r_1
#   unit: ''
#   datatype: float64
#   format: '{:7.4f}'
#   description: Distance from center (288.90610622000+12.85910605000)[ICRS], at Epoch=J2016.0
#   meta: !!omap
#   - {ucd: POS_ANG_DIST_GENERAL}
#   - {width: 7}
#   - {precision: '4'}
# - name: HIP
#   datatype: int32
#   description: '? HIP cross-id number, van Leeuwen, Cat. I/311 (hip_original_ext_source_id)'
#   meta: !!omap
#   - {ucd: ID_NUMBER}
#   - {width: 6}
#   - values: {'null': -2147483648}
# - name: TYC2
#   datatype: string
#   description: Tycho-2 cross-id name, Hog et al., Cat. I/259 (tyc2_original_ext_source_id)
#   meta: !!omap
#   - {ucd: ID_CROSSID}
#   - {_votable_string_dtype: char}
# - name: Source
#   datatype: int64
#   description: Source identifier, identical to the Gaia-EDR3 source_id (id)
#   meta: !!omap
#   - {ucd: ID_MAIN}
#   - {width: 19}
# - name: rgeo
#   unit: pc
#   datatype: float64
#   format: '{:15.8f}'
#   description: '? Median of the geometric distance posterior (r_med_geo)'
#   meta: !!omap
#   - {ucd: PHYS_DISTANCE_TRUE}
#   - {width: 15}
#   - {precision: '8'}
#   - values: {'null': .nan}
# - name: Plx
#   unit: mas
#   datatype: float64
#   format: '{:9.4f}'
#   description: '? Parallax (parallax)'
#   meta: !!omap
#   - {ucd: POS_PARLX_TRIG}
#   - {width: 9}
#   - {precision: '4'}
#   - values: {'null': .nan}
# - name: e_Plx
#   unit: mas
#   datatype: float32
#   format: '{:7.4f}'
#   description: '? Standard error of parallax (parallax_error)'
#   meta: !!omap
#   - {ucd: ERROR}
#   - {width: 7}
#   - {precision: '4'}
#   - values: {'null': .nan}
# - name: pmRA
#   unit: mas / yr
#   datatype: float64
#   format: '{:9.3f}'
#   description: '? Proper motion in right ascension direction, pmRA*cosDE (pmra)'
#   meta: !!omap
#   - {ucd: POS_EQ_PMRA}
#   - {width: 9}
#   - {precision: '3'}
#   - values: {'null': .nan}
# - name: pmDE
#   unit: mas / yr
#   datatype: float64
#   format: '{:9.3f}'
#   description: '? Proper motion in declination direction (pmdec)'
#   meta: !!omap
#   - {ucd: POS_EQ_PMDEC}
#   - {width: 9}
#   - {precision: '3'}
#   - values: {'null': .nan}
# - name: e_pmRA
#   unit: mas / yr
#   datatype: float32
#   format: '{:6.3f}'
#   description: '? Standard error of proper motion in right ascension direction (pmra_error)'
#   meta: !!omap
#   - {ucd: ERROR}
#   - {width: 6}
#   - {precision: '3'}
#   - values: {'null': .nan}
# - name: e_pmDE
[...]
#       distance: !astropy.table.SerializedColumn
#         __class__: astropy.coordinates.distances.Distance
#         unit: !astropy.units.Unit {unit: pc}
#         value: !astropy.table.SerializedColumn {name: SkyCoord.distance}
#       frame: icrs
#       obstime: !astropy.time.Time {format: jyear_str, in_subfmt: '*', jd1: 367701545.0, jd2: 0.0, out_subfmt: '*', precision: 3, scale: tt}
#       pm_dec: !astropy.table.SerializedColumn
#         __class__: astropy.units.quantity.Quantity
#         unit: !astropy.units.Unit {unit: mas / yr}
#         value: !astropy.table.SerializedColumn {name: SkyCoord.pm_dec}
#       pm_ra_cosdec: !astropy.table.SerializedColumn
#         __class__: astropy.units.quantity.Quantity
#         unit: !astropy.units.Unit {unit: mas / yr}
#         value: !astropy.table.SerializedColumn {name: SkyCoord.pm_ra_cosdec}
#       ra: !astropy.table.SerializedColumn
#         __class__: astropy.coordinates.angles.Longitude
#         unit: *id001
#         value: !astropy.table.SerializedColumn {name: SkyCoord.ra}
#         wrap_angle: !astropy.coordinates.Angle
#           unit: *id001
#           value: 360.0
#       representation_type: spherical
# schema: astropy-2.0
RA_ICRS_1 DE_ICRS_1 e_RA_ICRS e_DE_ICRS _r_1 HIP TYC2 Source rgeo Plx e_Plx pmRA pmDE e_pmRA e_pmDE RUWE Teff logg Gmag BP-RP BPmag RPmag RV e_RV b_rgeo B_rgeo FG e_FG FBP e_FBP FRP e_FRP RAVE5 RAVE6 e_Gmag e_BPmag e_RPmag e_BP-RP SkyCoord.ra SkyCoord.dec SkyCoord.distance SkyCoord.pm_ra_cosdec SkyCoord.pm_dec rmRA rmDE e_rmRA e_rmDE rRV e_rRV v_pec v_pec3d e_vpec e_vpec3d Pmemb
288.87819715685 12.79301681731 0.0097 0.0106 4.2883 "" "" 4319239260024536704 1649.29712 0.5963 0.0151 -1.353 -3.45 0.012 0.012 1.146 "" "" 12.166266 1.523205 12.862729 11.339524 "" "" 1594.54858 1706.20068 256118.01396 51.971 97797.0 63.942 230860.0 76.408 "" "" 0.002764114391924896 0.0028790585 0.0037964268 0.0066754855 288.87819715685 12.79301681731 1649.29712 -1.353 -3.45 -0.09782691287994383 -0.04384608268737811 0.073135324 0.073135324 "" "" 0.8380811695826479 "" 0.06129333772696508 "" 0.84
288.92412147874 12.77102750982 0.0075 0.0086 5.3888 "" "" 4319238538469992832 1589.578 0.6186 0.0127 -1.167 -3.406 0.009 0.01 0.949 "" "" 12.28688 1.36766 12.891762 11.524102 0.68 8.24 1559.00671 1624.32166 229189.5951 41.421 95216.0 66.218 194770.0 43.257 "" "" 0.0027622984786428413 0.0028905342 0.0037870666 0.0066776006 288.92412147874 12.77102750982 1589.578 -1.1670000000000003 -3.406000000000002 0.08817308712005612 0.00015391731262193176 0.070135325 0.07113532 0.0 16.48 0.6643499297319578 0.6643499297319578 0.04659440040279747 0.04659440040279747 0.94
288.88927405795 12.83704412402 0.0077 0.0087 1.6498 "" "" 4319239981579069568 1570.16492 0.6217 0.0127 -1.248 -3.487 0.009 0.01 0.943 "" "" 12.555908 1.420702 13.191737 11.771035 "" "" 1544.18811 1599.56006 178888.90306 33.488 72231.0 48.446 155150.0 30.571 "" "" 0.00276280652220093 0.0028836336 0.003785432 0.006669066 288.88927405795 12.83704412402 1570.16492 -1.248 -3.4870000000000005 0.007173087120056154 -0.08084608268737803 0.070135325 0.07113532 "" "" 0.6040672896892207 "" 0.04296583457168916 "" 0.94
288.97203206476 12.75725930469 0.0093 0.0108 7.2263 "" "" 4319235480453670656 1570.11475 0.6185 0.0157 -1.255 -3.517 0.012 0.013 0.958 11026.0 3.7501 12.891849 1.196731 13.403929 12.207198 "" "" 1516.50427 1615.7572 131282.56674 46.658 59408.0 64.476 103820.0 97.634 "" "" 0.0027822089569816176 0.0030287912 0.0039148764 0.0069436673 288.97203206476 12.75725930469 1570.11475 -1.2550000000000001 -3.517 0.00017308712005625893 -0.11084608268737783 0.073135324 0.07413532 "" "" 0.8249556747367224 "" 0.06115834961332108 "" 0.95
288.86402916468 12.83970735487 0.0098 0.0109 2.7227 "" "" 4319251693929785728 1565.19592 0.605 0.0158 -1.209 -3.457 0.012 0.012 0.949 10296.2 3.6458 13.479435 1.394999 14.094783 12.699783 "" "" 1527.73254 1601.29016 76413.95028 16.134 31442.0 22.348 65955.0 67.468 "" "" 0.002764840172905938 0.0028949233 0.0039391946 0.0068341177 288.86402916468 12.83970735487 1565.19592 -1.209 -3.457 0.04617308712005608 -0.05084608268737778 0.073135324 0.073135324 "" "" 0.5095570197215264 "" 0.037266617643361 "" 0.94
288.9050230713 12.90435221779 0.0097 0.0102 2.7155 "" "" 4319253519316024832 1415.08569 0.6685 0.016 -1.235 -3.457 0.012 0.012 0.986 "" "" 13.567528 1.250329 14.107119 12.85679 "" "" 1386.1958 1452.90222 70458.84673 12.045 31086.0 24.078 57075.0 18.811 "" "" 0.0027615646936494367 0.0029141512 0.0037962848 0.006710436 288.9050230713 12.90435221779 1415.08569 -1.2350000000000005 -3.4570000000000025 0.020173087120056055 -0.05084608268737778 0.073135324 0.073135324 "" "" 0.36691208751224963 "" 0.02683423433459722 "" 0.8
288.90900352862 12.83549668201 0.0097 0.0109 1.4267 "" "" 4319239809780366464 1575.71326 0.5974 0.0154 -1.255 -3.344 0.012 0.012 1.064 10072.4 3.6392 13.587795 1.365347 14.191794 12.826448 "" "" 1538.41016 1609.14868 69155.7833 13.185 28754.0 24.268 58692.0 20.59 "" "" 0.0027630851432325827 0.0029367907 0.0037985267 0.0067353174 288.90900352862 12.83549668201 1575.71326 -1.2550000000000001 -3.343999999999998 0.00017308712005625893 0.06215391731262221 0.073135324 0.073135324 "" "" 0.4642220029725521 "" 0.03395102651292638 "" 0.96
288.8463080621 12.87699204913 0.0104 0.0114 3.6587 "" "" 4319252076207025152 1641.20728 0.5736 0.0173 -1.249 -3.416 0.013 0.013 0.907 "" "" 13.812742 1.251899 14.355309 13.10341 "" "" 1598.09143 1685.29102 56214.67634 17.962 24734.0 29.028 45477.0 32.76 "" "" 0.002777074515040733 0.0030673612 0.003859462 0.0069268234 288.8463080621 12.87699204913 1641.20728 -1.2490000000000003 -3.416 0.006173087120056042 -0.009846082687377855 0.07413532 0.07413532 "" "" 0.09040508261496427 "" 0.006702209584500871 "" 0.93
289.03021221581 12.90999511254 0.0108 0.0117 7.8749 "" "" 4319247815599807744 1592.36877 0.5945 0.0183 -1.267 -3.356 0.013 0.013 0.961 "" "" 13.917266 1.170835 14.413893 13.243057 "" "" 1549.20093 1633.46899 51055.22628 9.1868 23435.0 16.514 39989.0 17.203 "" "" 0.0027622377098111576 0.0028931657 0.0038081345 0.0067013 289.03021221581 12.90999511254 1592.36877 -1.267 -3.356 -0.011826912879943752 0.0501539173126222 0.07413532 0.07413532 "" "" 0.3889359419735114 "" 0.028833889894817322 "" 0.97
288.93927271927 12.56630521837 0.0114 0.0131 17.675 "" "" 4313040385257221504 1520.0354 0.6239 0.018 -1.192 -3.352 0.015 0.016 0.972 "" "" 14.061993 1.292652 14.624421 13.331769 "" "" 1488.71118 1555.36584 44683.75655 8.9028 19304.0 15.247 36851.0 13.854 "" "" 0.0027637989656278637 0.0029189803 0.0038013598 0.00672034 288.93927271927 12.56630521837 1520.0354 -1.192 -3.3519999999999994 0.0631730871200562 0.0541539173126222 0.07613532 0.077135324 "" "" 0.5995072557233411 "" 0.04589857369922823 "" 0.93
288.89923780198 13.17327442781 0.0118 0.0123 18.8544 "" "" 4319267950406723072 1548.95813 0.6113 0.0177 -1.362 -3.56 0.015 0.014 1.034 "" "" 14.072741 1.24368 14.609178 13.365498 "" "" 1505.07422 1602.12402 44243.56714 7.2739 19577.0 16.031 35724.0 13.712 "" "" 0.0027610961835804956 0.002928396 0.0038022886 0.0067306845 288.89923780198 13.17327442781 1548.95813 -1.3619999999999994 -3.5599999999999983 -0.10682691287994395 -0.15384608268737798 0.07613532 0.07513532 "" "" 1.3751547287293973 "" 0.10377204027990036 "" 0.8
288.92796866393 12.96124633265 0.0127 0.0135 6.2604 "" "" 4319254343949776000 1609.67688 0.5878 0.0208 -1.277 -3.197 0.015 0.015 1.03 "" "" 14.172329 1.197141 14.683001 13.485861 "" "" 1569.05981 1664.82996 40365.95086 7.1128 18290.0 16.117 31975.0 14.466 "" "" 0.002761954190680494 0.0029496446 0.003811169 0.0067608133 288.92796866393 12.96124633265 1609.67688 -1.277 -3.197 -0.02182691287994376 0.209153917312622 0.07613532 0.07613532 "" "" 1.6044830535653534 "" 0.12215783465131234 "" 0.83
288.79127522036 12.90472584338 0.0119 0.0124 7.2528 "" "" 4319253072639485568 1546.24243 0.6103 0.0193 -1.189 -3.454 0.014 0.014 0.998 "" "" 14.272548 1.263801 14.819971 13.55617 "" "" 1502.04822 1584.17554 36806.7722 6.5693 16122.0 11.397 29970.0 12.235 "" "" 0.002762126220335138 0.0028938127 0.0038052846 0.0066990973 288.79127522036 12.90472584338 1546.24243 -1.1889999999999996 -3.454000000000001 0.0661730871200561 -0.04784608268737811 0.07513532 0.07513532 "" "" 0.5984912387674444 "" 0.0449678309963672 "" 0.93
288.98458265507 12.85299451433 0.0122 0.0136 4.6052 "" "" 4319240630094062080 1538.23828 0.6107 0.0203 -1.262 -3.38 0.015 0.016 0.997 "" "" 14.319026 1.173476 14.812192 13.638716 "" "" 1488.36353 1599.35693 35264.37989 6.4837 16238.0 13.391 27776.0 27.3 "" "" 0.0027625420932083076 0.0029303147 0.003927148 0.0068574627 288.98458265507 12.85299451433 1538.23828 -1.262 -3.379999999999999 -0.006826912879943858 0.026153917312622177 0.07613532 0.077135324 "" "" 0.19708425695906753 "" 0.015189662548256577 "" 0.93
288.87178820541 12.62734565573 0.0133 0.0155 14.0499 "" "" 4313229226368105600 1538.32239 0.6162 0.0215 -1.277 -3.36 0.017 0.019 1.004 "" "" 14.541641 1.54141 15.211431 13.67002 "" "" 1490.66113 1578.69531 28726.99089 7.4415 11242.0 9.5932 26987.0 247.96 "" "" 0.002769637475380038 0.0029399737 0.0106678 0.013607774 288.87178820541 12.62734565573 1538.32239 -1.2770000000000006 -3.36 -0.02182691287994376 0.046153917312622195 0.07813533 0.08013532 "" "" 0.37227403720959296 "" 0.029697611780610957 "" 0.9
288.85520732625 13.00113559544 0.0141 0.0147 9.0266 "" "" 4319258295319759488 1635.80444 0.5841 0.023 -1.293 -3.455 0.018 0.017 1.0 7994.0 4.1605 14.644251 1.186783 15.143725 13.956943 "" "" 1581.25232 1712.51697 26136.42837 4.9671 11965.0 18.733 20720.0 21.287 "" "" 0.002763035489752244 0.003267208 0.003940552 0.00720776 288.85520732625 13.00113559544 1635.80444 -1.2929999999999993 -3.455 -0.037826912879943775 -0.048846082687378 0.07913532 0.07813533 "" "" 0.4790273244989179 "" 0.037609251582762945 "" 0.96
288.88632673975 12.8886992661 0.0144 0.0157 2.1193 "" "" 4319253381877068800 1574.7594 0.6003 0.0232 -1.196 -3.381 0.018 0.018 1.012 9536.2 4.0212 14.713138 1.30593 15.283505 13.977575 "" "" 1527.41382 1634.48853 24529.66028 5.2441 10520.0 10.721 20330.0 13.854 "" "" 0.0027650799095973564 0.0030015577 0.0038511234 0.006852681 288.88632673975 12.8886992661 1574.7594 -1.1960000000000006 -3.3809999999999993 0.0591730871200562 0.025153917312622287 0.07913532 0.07913532 "" "" 0.47993996556821383 "" 0.03798020327469334 "" 0.93
288.99827161946 12.80448687271 0.0143 0.0161 6.3096 "" "" 4319240153377685248 1562.69299 0.6053 0.0241 -1.268 -3.382 0.019 0.019 0.978 7780.3 3.822 14.719224 1.241231 15.250856 14.009625 "" "" 1510.52417 1616.47437 24392.54966 4.6698 10841.0 12.605 19738.0 13.358 "" "" 0.0027631493041203443 0.0030624676 0.0038501483 0.006912616 288.99827161946 12.80448687271 1562.69299 -1.2679999999999998 -3.3819999999999997 -0.012826912879943864 0.024153917312621953 0.08013532 0.08013532 "" "" 0.2025749762385419 "" 0.016233411174317546 "" 0.91
288.87137162322 12.83103768316 0.0148 0.0162 2.6391 "" "" 4319239947219335168 1593.48608 0.5869 0.0235 -1.187 -3.529 0.018 0.019 1.025 "" "" 14.811263 1.464802 15.473536 14.008735 "" "" 1522.79321 1658.14282 22409.98405 5.0055 8830.8 8.4087 19754.0 12.008 "" "" 0.002765971919275117 0.0029755456 0.0038365764 0.0068121217 288.87137162322 12.83103768316 1593.48608 -1.187 -3.529 0.0681730871200561 -0.12284608268737784 0.07913532 0.08013532 "" "" 1.061173062830092 "" 0.08478878335812727 "" 0.94
288.87247881746 12.81951268115 0.0156 0.0173 3.0844 "" "" 4319239844140111488 1502.15564 0.6315 0.0248 -1.223 -3.312 0.019 0.02 0.973 "" "" 14.856167 1.585262 15.589924 14.004662 "" "" 1447.78577 1559.67468 21502.05749 4.9543 7933.2 9.0267 19829.0 10.511 "" "" 0.002766653563785206 0.0030514328 0.0038229518 0.0068743844 288.87247881746 12.81951268115 1502.15564 -1.2230000000000003 -3.3119999999999976 0.032173087120056065 0.09415391731262224 0.08013532 0.08113532 "" "" 0.7084551410608962 "" 0.05740706965445634 "" 0.91
288.91854512373 12.8522921804 0.0164 0.0177 0.8346 "" "" 4319241493407553408 1561.03528 0.6159 0.0266 -1.289 -3.443 0.02 0.02 1.011 "" "" 14.927709 1.335429 15.513876 14.178447 "" "" 1506.92773 1614.46887 20130.90893 4.6329 8508.8 9.0205 16896.0 10.529 "" "" 0.0027666268909993007 0.0030182642 0.0038394667 0.006857731 288.91854512373 12.8522921804 1561.03528 -1.2889999999999997 -3.443000000000001 -0.03382691287994377 -0.03684608268737799 0.08113532 0.08113532 "" "" 0.37010546619634627 "" 0.030028624576136753 "" 0.94
288.89207328087 12.9380745419 0.0174 0.0182 4.8087 "" "" 4319254584467945984 1645.34729 0.571 0.028 -1.249 -3.407 0.022 0.021 1.015 "" "" 15.105879 1.307857 15.679267 14.37141 "" "" 1583.90662 1720.43701 17084.2244 3.9187 7306.5 9.2598 14145.0 9.8143 "" "" 0.0027665521657117527 0.003111014 0.003853728 0.006964742 288.89207328087 12.9380745419 1645.34729 -1.2490000000000006 -3.4070000000000005 0.006173087120056042 -0.0008460826873779581 0.08313532 0.08213532 "" "" 0.04859366860931425 "" 0.004038959542975206 "" 0.94
289.19188259214 12.98898258613 0.017 0.0179 18.4397 "" "" 4319249155629881472 1496.36157 0.6371 0.0282 -1.297 -3.3 0.022 0.021 0.953 "" "" 15.131806 1.398316 15.754432 14.356115 "" "" 1430.5083 1569.21228 16681.07807 3.8415 6817.8 9.4201 14345.0 9.7299 "" "" 0.002766641821904976 0.003167887 0.003850462 0.007018349 289.19188259214 12.98898258613 1496.36157 -1.2969999999999993 -3.3 -0.04182691287994378 0.10615391731262225 0.08313532 0.08213532 "" "" 0.8092625378595453 "" 0.0665783653235138 "" 0.82
288.90795536868 12.8661195855 0.019 0.0205 0.4345 "" "" 4319241562127043328 1608.86072 0.5917 0.0308 -1.203 -3.359 0.024 0.024 1.017 "" "" 15.163754 1.375824 15.774721 14.398897 "" "" 1529.99255 1695.18713 16197.40412 3.9024 6691.6 9.1965 13791.0 10.624 "" "" 0.002767709418942075 0.003164112 0.003870827 0.007034939 288.90795536868 12.8661195855 1608.86072 -1.2030000000000007 -3.3589999999999987 0.05217308712005608 0.047153917312622085 0.085135326 0.085135326 "" "" 0.536293953528952 "" 0.04565756045260035 "" 0.94
288.67630205402 12.94419125537 0.0176 0.0205 14.3771 "" "" 4319257024009517056 1544.42737 0.6053 0.0301 -1.285 -3.399 0.023 0.024 1.01 "" "" 15.170015 1.632913 15.931902 14.298989 "" "" 1472.4325 1611.02283 16104.25191 4.3111 5789.7 9.3907 15120.0 11.27 "" "" 0.0027706077692157814 0.0032994344 0.0038650555 0.00716449 288.67630205402 12.94419125537 1544.42737 -1.2850000000000006 -3.399000000000001 -0.029826912879943768 0.007153917312622049 0.084135324 0.085135326 "" "" 0.2245431729620924 "" 0.018904295787840773 "" 0.94
288.78441654935 12.84006618289 0.0176 0.0186 7.2096 "" "" 4319251492091477760 1448.61292 0.6517 0.0273 -1.204 -3.388 0.022 0.02 0.931 "" "" 15.221829 1.516584 15.912687 14.396103 "" "" 1396.70264 1504.422 15353.7724 3.5764 5893.1 9.1174 13827.0 8.6179 "" "" 0.0027669025495299896 0.0032567924 0.003839486 0.0070962785 288.78441654935 12.84006618289 1448.61292 -1.2040000000000002 -3.388 0.05117308712005619 0.01815391731262217 0.08313532 0.08113532 "" "" 0.37283168797411986 "" 0.030913022470754684 "" 0.94
288.81499588866 12.70357097405 0.0169 0.0184 10.7475 "" "" 4313232902885454336 1519.45251 0.6273 0.0266 -1.207 -3.465 0.022 0.022 1.0 7970.7 4.0561 15.243795 1.570495 15.96806 14.397566 "" "" 1460.82178 1600.47803 15046.26584 3.9709 5600.1 8.1789 13808.0 7.6837 "" "" 0.0027701794714403987 0.0032092866 0.0038273693 0.007036656 288.81499588866 12.70357097405 1519.45251 -1.207 -3.465 0.04817308712005608 -0.05884608268737779 0.08313532 0.08313532 "" "" 0.5477231968107534 "" 0.04553514418931634 "" 0.84
288.89056587546 12.84363003342 0.0195 0.0215 1.2995 "" "" 4319240050298549120 1681.6095 0.5693 0.0311 -1.235 -3.533 0.024 0.025 1.023 7992.1 4.1616 15.36663 1.548388 16.067219 14.518831 "" "" 1600.37585 1787.88574 13436.76858 4.1545 5111.3 9.1468 12349.0 10.434 "" "" 0.00277569491649103 0.0034000163 0.0038891246 0.007289141 288.89056587546 12.84363003342 1681.6095 -1.235 -3.5329999999999986 0.020173087120056055 -0.12684608268737785 0.085135326 0.08613532 "" "" 1.0237747866881508 "" 0.08815805739901773 "" 0.93
289.08038199985 13.15097554623 0.0201 0.0224 20.2603 "" "" 4319264205195371392 1562.93542 0.6139 0.0324 -1.342 -3.524 0.028 0.028 0.989 9203.4 4.2285 15.449447 1.488885 16.125837 14.636952 "" "" 1495.87231 1626.21533 12449.96019 3.5143 4842.6 9.3909 11076.0 7.9753 "" "" 0.0027723124626775997 0.0034954443 0.0038593933 0.007354838 289.08038199985 13.15097554623 1562.93542 -1.3419999999999996 -3.5239999999999996 -0.08682691287994393 -0.11784608268737795 0.08913532 0.08913532 "" "" 1.0844165271716393 "" 0.0966598130723759 "" 0.91
288.92374113309 12.94349165607 0.0199 0.021 5.1671 "" "" 4319254172151074048 1566.17871 0.5986 0.0315 -1.288 -3.389 0.025 0.025 0.969 "" "" 15.461924 1.38773 16.080626 14.692896 "" "" 1503.59607 1628.51965 12307.71558 3.095 5048.6 8.1979 10520.0 7.5878 "" "" 0.00276881451243135 0.0033004952 0.0038596622 0.0071601574 288.92374113309 12.94349165607 1566.17871 -1.288 -3.3890000000000002 -0.03282691287994388 0.01715391731262228 0.08613532 0.08613532 "" "" 0.27496349744487864 "" 0.02368406894121342 "" 0.95
288.87096690374 12.82332790574 0.0196 0.0214 2.9722 "" "" 4319239844140115584 1576.88757 0.5931 0.0304 -1.417 -3.572 0.025 0.025 1.053 "" "" 15.465021 1.663238 16.247099 14.583861 "" "" 1522.74292 1656.93542 12272.64348 3.9164 4330.9 7.0881 11631.0 10.07 "" "" 0.002777019097734643 0.0033079619 0.0038945298 0.0072024916 288.87096690374 12.82332790574 1576.88757 -1.417 -3.5719999999999996 -0.16182691287994388 -0.165846082687378 0.08613532 0.08613532 "" "" 1.731958144482757 "" 0.14918276963453614 "" 0.82
