Clusters/UBC_121/UBC_121_stars_in_region.tsv
# %ECSV 1.0
# ---
# datatype:
# - name: RA_ICRS_1
#   unit: deg
#   datatype: float64
#   format: '{:15.11f}'
#   description: Right ascension (ICRS) at Ep=2016.0 (ra)
#   meta: !!omap
#   - {ucd: POS_EQ_RA_MAIN}
#   - {width: 15}
#   - {precision: '11'}
# - name: DE_ICRS_1
#   unit: deg
#   datatype: float64
#   format: '{:15.11f}'
#   description: Declination (ICRS) at Ep=2016.0 (dec)
#   meta: !!omap
#   - {ucd: POS_EQ_DEC_MAIN}
#   - {width: 15}
#   - {precision: '11'}
# - name: e_RA_ICRS
#   unit: mas
#   datatype: float64
#   format: '{:7.4f}'
#   description: Standard error of right ascension (ra_error)
#   meta: !!omap
#   - {ucd: ERROR}
#   - {width: 7}
#   - {precision: '4'}
# - name: e_DE_ICRS
#   unit: mas
#   datatype: float64
#   format: '{:7.4f}'
#   description: Standard error of declination (dec_error)
#   meta: !!omap
#   - {ucd: ERROR}
#   - {width: 7}
#   - {precision: '4'}
# - name: _r_1
#   unit: ''
#   datatype: float64
#   format: '{:7.4f}'
#   description: Distance from center (288.90610622000+12.85910605000)[ICRS], at Epoch=J2016.0
#   meta: !!omap
#   - {ucd: POS_ANG_DIST_GENERAL}
#   - {width: 7}
#   - {precision: '4'}
# - name: HIP
#   datatype: int32
#   description: '? HIP cross-id number, van Leeuwen, Cat. I/311 (hip_original_ext_source_id)'
#   meta: !!omap
#   - {ucd: ID_NUMBER}
#   - {width: 6}
#   - values: {'null': -2147483648}
# - name: TYC2
#   datatype: string
#   description: Tycho-2 cross-id name, Hog et al., Cat. I/259 (tyc2_original_ext_source_id)
#   meta: !!omap
#   - {ucd: ID_CROSSID}
#   - {_votable_string_dtype: char}
# - name: Source
#   datatype: int64
#   description: Source identifier, identical to the Gaia-EDR3 source_id (id)
#   meta: !!omap
#   - {ucd: ID_MAIN}
#   - {width: 19}
# - name: rgeo
#   unit: pc
#   datatype: float64
#   format: '{:15.8f}'
#   description: '? Median of the geometric distance posterior (r_med_geo)'
#   meta: !!omap
#   - {ucd: PHYS_DISTANCE_TRUE}
#   - {width: 15}
#   - {precision: '8'}
#   - values: {'null': .nan}
# - name: Plx
#   unit: mas
#   datatype: float64
#   format: '{:9.4f}'
#   description: '? Parallax (parallax)'
#   meta: !!omap
#   - {ucd: POS_PARLX_TRIG}
#   - {width: 9}
#   - {precision: '4'}
#   - values: {'null': .nan}
# - name: e_Plx
#   unit: mas
#   datatype: float32
#   format: '{:7.4f}'
#   description: '? Standard error of parallax (parallax_error)'
#   meta: !!omap
#   - {ucd: ERROR}
#   - {width: 7}
#   - {precision: '4'}
#   - values: {'null': .nan}
# - name: pmRA
#   unit: mas / yr
#   datatype: float64
#   format: '{:9.3f}'
#   description: '? Proper motion in right ascension direction, pmRA*cosDE (pmra)'
#   meta: !!omap
#   - {ucd: POS_EQ_PMRA}
#   - {width: 9}
#   - {precision: '3'}
#   - values: {'null': .nan}
# - name: pmDE
#   unit: mas / yr
#   datatype: float64
#   format: '{:9.3f}'
#   description: '? Proper motion in declination direction (pmdec)'
#   meta: !!omap
#   - {ucd: POS_EQ_PMDEC}
#   - {width: 9}
#   - {precision: '3'}
#   - values: {'null': .nan}
# - name: e_pmRA
#   unit: mas / yr
#   datatype: float32
#   format: '{:6.3f}'
#   description: '? Standard error of proper motion in right ascension direction (pmra_error)'
#   meta: !!omap
#   - {ucd: ERROR}
#   - {width: 6}
#   - {precision: '3'}
#   - values: {'null': .nan}
# - name: e_pmDE
[...]
#         unit: &id001 !astropy.units.Unit {unit: deg}
#         value: !astropy.table.SerializedColumn {name: SkyCoord.dec}
#       distance: !astropy.table.SerializedColumn
#         __class__: astropy.coordinates.distances.Distance
#         unit: !astropy.units.Unit {unit: pc}
#         value: !astropy.table.SerializedColumn {name: SkyCoord.distance}
#       frame: icrs
#       obstime: !astropy.time.Time {format: jyear_str, in_subfmt: '*', jd1: 367701545.0, jd2: 0.0, out_subfmt: '*', precision: 3, scale: tt}
#       pm_dec: !astropy.table.SerializedColumn
#         __class__: astropy.units.quantity.Quantity
#         unit: !astropy.units.Unit {unit: mas / yr}
#         value: !astropy.table.SerializedColumn {name: SkyCoord.pm_dec}
#       pm_ra_cosdec: !astropy.table.SerializedColumn
#         __class__: astropy.units.quantity.Quantity
#         unit: !astropy.units.Unit {unit: mas / yr}
#         value: !astropy.table.SerializedColumn {name: SkyCoord.pm_ra_cosdec}
#       ra: !astropy.table.SerializedColumn
#         __class__: astropy.coordinates.angles.Longitude
#         unit: *id001
#         value: !astropy.table.SerializedColumn {name: SkyCoord.ra}
#         wrap_angle: !astropy.coordinates.Angle
#           unit: *id001
#           value: 360.0
#       representation_type: spherical
# schema: astropy-2.0
RA_ICRS_1 DE_ICRS_1 e_RA_ICRS e_DE_ICRS _r_1 HIP TYC2 Source rgeo Plx e_Plx pmRA pmDE e_pmRA e_pmDE RUWE Teff logg Gmag BP-RP BPmag RPmag RV e_RV b_rgeo B_rgeo FG e_FG FBP e_FBP FRP e_FRP RAVE5 RAVE6 e_Gmag e_BPmag e_RPmag e_BP-RP SkyCoord.ra SkyCoord.dec SkyCoord.distance SkyCoord.pm_ra_cosdec SkyCoord.pm_dec
[from data line 731]
289.13750242358 13.17810184753 0.0291 0.0319 23.4373 "" "" 4319287638538979968 1775.39832 0.5348 0.0445 -1.266 -4.854 0.036 0.037 1.001 7955.7 4.1453 16.303675 1.825746 17.194525 15.368778 "" "" 1632.57056 1898.80664 5668.61479 2.3394 1809.7 5.6422 5644.8 9.3126 "" "" 0.0027915160118199794 0.0043867608 0.0041823634 0.008569124 289.13750242358 13.17810184753 1775.39832 -1.266 -4.854
288.88983200161 12.59756683907 0.0296 0.0343 15.7212 "" "" 4313228298680269568 1659.55115 0.5749 0.0481 -3.308 -8.238 0.039 0.041 1.018 6685.5 3.8439 16.308502 2.079253 17.36459 15.285336 "" "" 1539.46899 1769.80554 5643.46621 2.4057 1547.3 5.5367 6095.7 8.393 "" "" 0.002793921860589357 0.004783194 0.0040642973 0.008847492 288.88983200161 12.59756683907 1659.55115 -3.308 -8.238
288.99061354921 12.91375350733 0.0294 0.031 5.9314 "" "" 4319242180602731008 1858.46558 0.525 0.0459 -2.429 -7.533 0.038 0.036 0.982 6706.7 3.9967 16.31449 1.776725 17.180143 15.403419 "" "" 1729.81641 2032.20703 5612.4304 2.1501 1833.8 6.5077 5467.5 8.7151 "" "" 0.0027865384455530726 0.004757175 0.0041567846 0.00891396 288.99061354921 12.91375350733 1858.46558 -2.429 -7.533000000000001
288.95614871593 12.40746281969 0.0338 0.0393 27.2565 "" "" 4313033582020041472 1391.73413 0.7057 0.0566 1.69 -2.438 0.04 0.041 0.985 4967.7 4.2566 16.315407 1.804199 17.18648 15.38228 "" "" 1280.99011 1552.4812 5607.69133 2.3612 1823.2 5.595 5575.0 9.5567 "" "" 0.00279298930647388 0.0043458613 0.0042128023 0.008558664 288.95614871593 12.40746281969 1391.73413 1.6900000000000002 -2.438
288.94472556053 12.45680235636 0.0321 0.0395 24.2439 "" "" 4313037224153956608 1577.72791 0.624 0.0538 1.288 -1.334 0.041 0.046 0.992 6454.7 4.3007 16.315628 2.016417 17.266947 15.25053 "" "" 1470.35388 1693.1394 5606.54885 2.2301 1692.9 5.653 6294.3 19.755 "" "" 0.002788960575062085 0.004574882 0.0050887866 0.009663668 288.94472556053 12.45680235636 1577.72791 1.288 -1.3339999999999999
288.67498656843 12.56659286814 0.0309 0.0332 22.1589 "" "" 4313224549142062592 1447.93005 0.6557 0.0473 1.956 0.613 0.038 0.036 0.98 7059.2 4.1284 16.318363 2.189304 17.448708 15.259403 "" "" 1364.74353 1574.20227 5592.44496 2.3135 1432.0 5.6939 6243.1 9.0588 "" "" 0.002791688693277255 0.005140264 0.0040945886 0.009234853 288.67498656843 12.56659286814 1447.93005 1.9559999999999997 0.613
288.78256226249 13.30434932214 0.0776 0.0848 27.6731 "" "" 4319320417731008512 1449.54175 0.7245 0.1219 -4.252 3.214 0.098 0.097 2.769 4710.8 4.3113 16.321653 1.923632 17.202353 15.278721 "" "" 1269.7915 1781.57336 5575.51957 9.0625 1796.7 5.7827 6133.0 15.33 "" "" 0.0032720309354035528 0.0044717183 0.004652845 0.009124564 288.78256226249 13.30434932214 1449.54175 -4.252000000000001 3.2140000000000004
289.27196986292 13.10345012895 0.0302 0.0335 25.9326 "" "" 4319274032081934464 1397.40515 0.6907 0.045 -2.037 -4.902 0.038 0.039 0.955 7082.1 4.141 16.322222 1.867181 17.240992 15.373811 "" "" 1307.01221 1497.95996 5572.60499 2.2585 1733.9 8.041 5618.7 8.0519 "" "" 0.002790236418663728 0.005756521 0.0040871273 0.009843648 289.27196986292 13.10345012895 1397.40515 -2.0369999999999995 -4.902
288.78702716701 12.86279254575 0.0322 0.0342 6.969 "" "" 4319252351084951296 1369.33289 0.6903 0.0516 -6.088 -2.425 0.04 0.039 1.066 7069.9 4.3108 16.322754 2.060465 17.246029 15.185564 "" "" 1255.82446 1459.74158 5569.87003 2.331 1725.9 11.536 6682.4 78.408 "" "" 0.0027925351931247793 0.0077750077 0.013288282 0.02106329 288.78702716701 12.86279254575 1369.33289 -6.088 -2.425
288.7863984742 13.07273128947 0.0319 0.0331 14.6041 "" "" 4319259738429238912 1557.38647 0.6205 0.054 -0.467 0.436 0.041 0.039 0.979 7970.8 4.3185 16.324875 1.779605 17.188702 15.409097 "" "" 1425.42627 1726.21606 5558.99815 2.3118 1819.4 4.787 5439.0 6.9426 "" "" 0.002792071037001359 0.003993193 0.0040254695 0.008018663 288.7863984742 13.07273128947 1557.38647 -0.4669999999999999 0.436
289.09789488468 12.92821715876 0.03 0.0344 11.9591 "" "" 4319247540721883776 1371.64905 0.7089 0.0475 -4.336 -3.024 0.04 0.043 0.964 7428.1 4.1855 16.326815 1.67778 17.1254 15.44762 "" "" 1289.87048 1494.18469 5549.08349 2.1666 1928.7 6.0572 5249.4 6.3447 "" "" 0.0027877402697174653 0.0044058966 0.0040007248 0.008406621 289.09789488468 12.92821715876 1371.64905 -4.336 -3.0240000000000005
288.93746892929 12.89859673462 0.0305 0.0318 2.9966 "" "" 4319241733925743744 1952.64453 0.4861 0.0475 -2.022 -5.163 0.039 0.037 0.999 9268.3 4.0296 16.329613 1.505586 17.017952 15.512366 "" "" 1774.55078 2152.42578 5534.80126 2.0769 2129.3 6.3535 4945.5 7.6565 "" "" 0.0027852786301434456 0.0042755697 0.004136325 0.008411895 288.93746892929 12.89859673462 1952.64453 -2.022 -5.163
289.06319503251 13.01041186001 0.0308 0.0336 12.9152 "" "" 4319260631782254848 1740.08948 0.5607 0.0455 -1.451 -4.817 0.038 0.038 0.989 7982.9 4.3691 16.330402 1.745082 17.1715 15.426417 "" "" 1603.45068 1891.55505 5530.76867 2.3079 1848.5 5.8776 5352.9 6.5415 "" "" 0.0027923203312345563 0.0044388315 0.004005519 0.00844435 289.06319503251 13.01041186001 1740.08948 -1.451 -4.817000000000001
289.02570006997 12.6544467458 0.0312 0.0348 14.1339 "" "" 4319045986481244416 1778.30908 0.5236 0.0507 -3.673 -8.127 0.043 0.042 0.995 7577.3 3.8946 16.330755 2.348162 17.545763 15.197601 "" "" 1636.51306 1976.4624 5528.97233 3.1029 1309.5 16.625 6608.7 13.773 "" "" 0.0028218901646424304 0.014063721 0.004404971 0.018468691 289.02570006997 12.6544467458 1778.30908 -3.6730000000000005 -8.127
288.98696810456 12.97499627396 0.0345 0.0343 8.4091 "" "" 4319260013307376768 1814.1394 0.5232 0.0517 -1.137 -8.502 0.042 0.039 0.993 6353.1 3.9892 16.331121 1.978978 17.327007 15.348029 "" "" 1646.41602 2064.77417 5527.11209 2.2108 1601.8 6.1334 5753.7 8.2175 "" "" 0.0027893356571307916 0.0050068614 0.0040851287 0.00909199 288.98696810456 12.97499627396 1814.1394 -1.1370000000000002 -8.502
288.98627656749 12.9384972751 0.0396 0.0421 6.684 "" "" 4319242283681958016 1823.07239 0.5162 0.0608 -0.963 -1.782 0.052 0.049 1.067 "" "" 16.332705 "" "" "" "" "" 1662.75098 2034.94568 5519.05708 4.6532 "" "" "" "" "" "" 0.0029034027561517946 "" "" "" 288.98627656749 12.9384972751 1823.07239 -0.9630000000000001 -1.782
288.87117915897 13.0433555569 0.0367 0.0379 11.242 "" "" 4319264583151912576 1470.63599 0.6589 0.0578 2.169 4.46 0.047 0.043 1.277 7822.2 4.2899 16.33384 1.764531 17.182804 15.418273 "" "" 1359.9375 1619.80701 5513.29161 2.4268 1829.3 5.3138 5393.2 7.1005 "" "" 0.0027964600213971815 0.004210936 0.0040406724 0.008251608 288.87117915897 13.0433555569 1470.63599 2.1690000000000005 4.46
289.12137231219 13.1135478648 0.0398 0.0428 19.7854 "" "" 4319263105683693824 1607.83691 0.6173 0.0606 -1.259 -5.07 0.05 0.048 1.284 "" "" 16.3344 1.722413 17.14416 15.421746 "" "" 1480.99011 1784.56372 5510.44257 3.2952 1895.6 5.3775 5376.0 8.6546 "" "" 0.002830782541833351 0.0041559315 0.0041639907 0.008319922 289.12137231219 13.1135478648 1607.83691 -1.259 -5.07
288.87943260945 12.83990941902 0.0302 0.0338 1.9394 "" "" 4319239942899262720 1338.89685 0.7118 0.0481 -1.154 -5.95 0.039 0.04 1.021 6772.7 4.1546 16.334455 1.932036 17.295603 15.363566 "" "" 1250.45569 1431.19714 5510.16189 2.3146 1648.8 4.9945 5671.9 7.6371 "" "" 0.0027928110279277396 0.00431298 0.0040522763 0.008365257 288.87943260945 12.83990941902 1338.89685 -1.1539999999999997 -5.950000000000001
288.95403432141 13.08376873872 0.0303 0.0323 13.768 "" "" 4319264995469110784 1553.58948 0.6242 0.0462 -4.415 -10.378 0.038 0.038 1.05 6337.3 3.9755 16.334478 1.955467 17.318993 15.363525 "" "" 1437.59375 1670.87024 5510.04801 2.1251 1613.7 5.0985 5672.2 6.5823 "" "" 0.0027869581379719984 0.0044218376 0.003983865 0.008405702 288.95403432141 13.08376873872 1553.58948 -4.415 -10.378000000000002
288.66586730125 12.84285337066 0.0304 0.0326 14.0871 "" "" 4313250598151147904 1499.17688 0.6437 0.0472 -1.556 -3.638 0.04 0.037 1.011 7986.6 4.0141 16.335068 1.914645 17.284117 15.369472 "" "" 1408.56873 1600.8551 5507.0582 2.3633 1666.4 5.3654 5641.2 8.3338 "" "" 0.0027944378682740437 0.0044727726 0.0041056597 0.008578433 288.66586730125 12.84285337066 1499.17688 -1.556 -3.638
289.24028395513 13.04063270581 0.0314 0.0348 22.3711 "" "" 4319273168766976896 1791.28027 0.5291 0.0483 -0.266 4.857 0.04 0.043 1.044 7773.8 4.1865 16.3404 2.076978 17.404327 15.32735 "" "" 1658.64197 1958.25635 5480.0747 2.3625 1491.7 5.8436 5864.3 9.0877 "" "" 0.0027947947566996545 0.005086785 0.004136983 0.0092237685 289.24028395513 13.04063270581 1791.28027 -0.266 4.857
288.58596040728 12.65444596141 0.0336 0.0364 22.4003 "" "" 4313237816328241920 1344.35718 0.7014 0.0478 -2.259 0.476 0.042 0.039 1.026 6694.0 4.2106 16.344788 1.983629 17.346724 15.363094 "" "" 1266.44165 1435.25452 5457.97544 2.4014 1573.0 6.5696 5674.4 6.2023 "" "" 0.002796424289340635 0.005324211 0.003961324 0.009285536 288.58596040728 12.65444596141 1344.35718 -2.259 0.476
289.33542954217 12.91247551844 0.034 0.036 25.314 "" "" 4319057462634272128 1801.93835 0.5289 0.0564 -1.818 -6.158 0.043 0.043 1.03 7833.4 4.1062 16.345472 2.0355 17.37347 15.337971 "" "" 1654.26233 2020.51746 5454.53898 2.3616 1534.7 5.4274 5807.2 7.1891 "" "" 0.002795132455517241 0.0047463705 0.004011276 0.008757647 289.33542954217 12.91247551844 1801.93835 -1.818 -6.1579999999999995
288.77434050146 13.10172450528 0.0357 0.039 16.47 "" "" 4319306845612407808 1489.39722 0.6599 0.0561 2.899 -8.575 0.047 0.045 0.991 6005.6 4.1997 16.345844 2.13559 17.321787 15.186197 "" "" 1376.56531 1663.19983 5452.66418 2.7126 1609.5 6.9315 6678.5 52.936 "" "" 0.0028077631378941002 0.0054450543 0.0093992185 0.014844272 288.77434050146 13.10172450528 1489.39722 2.899 -8.575
288.99863281913 12.77792307255 0.0314 0.0357 7.2821 "" "" 4319237095360951808 1774.60291 0.5498 0.0519 3.192 1.938 0.04 0.041 0.972 7129.1 4.294 16.348677 1.844652 17.242668 15.398016 "" "" 1639.5896 1961.51257 5438.45947 2.2171 1731.2 6.8605 5494.8 10.482 "" "" 0.0027906458480655267 0.005128116 0.004309697 0.0094378125 288.99863281913 12.77792307255 1774.60291 3.192 1.9380000000000002
288.79788567826 12.82001233499 0.2012 0.2062 6.7514 "" "" 4319251423371977728 1843.04175 1.0805 0.3206 1.751 0.076 0.247 0.223 6.517 "" "" 16.351328 2.130733 17.281301 15.150569 "" "" 1253.65393 2862.02661 5425.20175 21.29 1670.7 5.4526 6901.3 7.6723 "" "" 0.005074013804115012 0.00451013 0.003967449 0.008477579 288.79788567826 12.82001233499 1843.04175 1.7510000000000001 0.07600000000000003
288.59134836567 13.15981794231 0.0324 0.0352 25.7706 "" "" 4319311690356754816 1486.38208 0.6448 0.0556 -2.904 -6.173 0.04 0.039 1.003 7824.1 4.3027 16.35184 2.051802 17.39939 15.347588 "" "" 1384.21619 1630.84192 5422.64502 2.1996 1498.5 6.5255 5756.0 7.8502 "" "" 0.0027902956967462552 0.005489939 0.00405911 0.009549049 288.59134836567 13.15981794231 1486.38208 -2.904 -6.173000000000001
288.97421780053 12.89279075904 0.0308 0.0332 4.4673 "" "" 4319241837004938496 1915.38977 0.4975 0.0463 -0.696 -5.134 0.042 0.04 1.009 8464.1 4.2636 16.352833 1.649465 17.130127 15.480662 "" "" 1762.09351 2116.47827 5417.68137 2.1803 1920.3 6.7876 5092.1 6.7703 "" "" 0.0027897509994253755 0.0047447886 0.004045689 0.008790478 288.97421780053 12.89279075904 1915.38977 -0.6960000000000001 -5.1339999999999995
289.0847521591 13.10683448372 0.0306 0.0317 18.1665 "" "" 4319263792878467840 1897.97791 0.5081 0.0467 0.094 -4.891 0.038 0.037 1.0 6942.7 3.9833 16.357603 1.836577 17.257534 15.420957 "" "" 1747.75391 2066.67676 5393.93693 2.2707 1707.7 6.9003 5379.9 6.9085 "" "" 0.0027929729768961663 0.0051992284 0.0040283496 0.009227578 289.0847521591 13.10683448372 1897.97791 0.09400000000000003 -4.891
288.46817598446 13.07141848451 0.0314 0.0351 28.5996 "" "" 4313304852180707328 1399.63196 0.6977 0.0515 0.52 -4.637 0.039 0.039 1.013 6406.3 4.0259 16.357676 1.998308 17.360842 15.362534 "" "" 1313.76782 1514.31409 5393.57623 2.0858 1552.7 5.3327 5677.3 6.2756 "" "" 0.0027871283630526203 0.0046572466 0.0039653624 0.008622609 288.46817598446 13.07141848451 1399.63196 0.5199999999999999 -4.636999999999999
288.80447262187 13.19036338063 0.0305 0.0326 20.7444 "" "" 4319314404776677760 1432.36328 0.6564 0.0481 2.421 0.961 0.037 0.036 0.993 6882.1 4.3085 16.357878 1.796013 17.222237 15.426224 "" "" 1321.26685 1553.56836 5392.56442 2.2215 1764.1 4.8128 5353.9 6.5811 "" "" 0.002791387631661515 0.0040692813 0.0040081036 0.008077385 288.80447262187 13.19036338063 1432.36328 2.421 0.9609999999999999
289.08600146002 13.13059009294 0.0324 0.0346 19.3893 "" "" 4319263964677162240 1896.83496 0.5159 0.0506 1.42 3.115 0.04 0.04 1.02 6888.6 4.0838 16.357946 1.979079 17.351648 15.372569 "" "" 1711.11365 2082.58496 5392.23106 2.3707 1565.9 5.2502 5625.1 6.7031 "" "" 0.0027963632921801963 0.0045865853 0.0039947047 0.00858129 289.08600146002 13.13059009294 1896.83496 1.4199999999999997 3.1149999999999998
288.87494335762 12.54296307881 0.0321 0.0368 19.0561 "" "" 4313226473287271808 1489.53516 0.6579 0.0508 -1.339 -4.811 0.043 0.043 0.966 8278.5 4.3622 16.358198 1.811254 17.24109 15.429836 "" "" 1392.35034 1607.896 5390.97936 2.3694 1733.7 5.192 5336.1 5.8393 "" "" 0.002796337530605057 0.0042845495 0.0039617373 0.008246287 288.87494335762 12.54296307881 1489.53516 -1.339 -4.811000000000001
289.01636723593 12.51175029454 0.0335 0.0369 21.8178 "" "" 4313039010867485312 1318.7832 0.7247 0.0526 -0.584 -0.382 0.042 0.042 1.052 7995.3 4.1007 16.361504 2.077939 17.424633 15.346694 "" "" 1236.81812 1403.05359 5374.58956 2.2746 1464.1 6.6026 5760.8 6.12 "" "" 0.002793372193389024 0.0056355 0.0039514727 0.009586973 289.01636723593 12.51175029454 1318.7832 -0.584 -0.382
289.09078334753 12.88028595435 0.0331 0.0352 10.8768 "" "" 4319243795510376448 1877.93701 0.5151 0.052 0.645 -4.541 0.042 0.041 0.991 7936.7 4.2069 16.368345 1.691742 17.173134 15.481392 "" "" 1719.80798 2113.94458 5340.8251 2.303 1845.7 6.1007 5088.6 7.3624 "" "" 0.002794812858668579 0.0045457846 0.0040928493 0.008638633 289.09078334753 12.88028595435 1877.93701 0.645 -4.5409999999999995
288.60453202906 12.61910917774 0.033 0.0365 22.7781 "" "" 4313237365324781568 1684.49109 0.5725 0.0503 -1.141 -4.96 0.041 0.039 1.076 7931.2 3.7839 16.368427 2.00789 17.375187 15.367297 "" "" 1568.34082 1799.64038 5340.42506 2.373 1532.3 4.5861 5652.5 7.3057 "" "" 0.0027972380753037178 0.004283067 0.0040314924 0.008314559 288.60453202906 12.61910917774 1684.49109 -1.141 -4.96
288.89275088927 12.76349118319 0.0309 0.0335 5.7899 "" "" 4319238332322135424 1905.98865 0.4841 0.0532 -1.335 -2.847 0.04 0.04 0.995 8134.1 4.1091 16.371475 1.993523 17.376648 15.383125 "" "" 1746.67688 2075.78418 5325.45853 2.0879 1530.2 7.5846 5570.7 7.3464 "" "" 0.0027880078239816064 0.0060618743 0.004041515 0.01010339 288.89275088927 12.76349118319 1905.98865 -1.3349999999999997 -2.847
288.86925165611 12.72998510067 0.0317 0.0342 8.0418 "" "" 4313233383938668800 1525.74414 0.6314 0.0507 -1.376 -3.307 0.041 0.041 1.071 8783.9 4.2544 16.37333 1.846973 17.280933 15.43396 "" "" 1422.12439 1663.2467 5316.37168 2.0708 1671.3 5.4711 5315.9 7.2149 "" "" 0.002787587056783362 0.0045185774 0.0040565017 0.008575079 288.86925165611 12.72998510067 1525.74414 -1.376 -3.3069999999999995
288.99934448324 13.09910279212 0.0363 0.0371 15.3971 "" "" 4319263552360086016 1569.58862 0.6127 0.0461 0.225 -0.495 0.045 0.042 0.959 7764.7 4.2801 16.37505 1.825467 17.2725 15.447032 "" "" 1464.19788 1677.60315 5307.94649 2.204 1684.3 6.8813 5252.2 7.3451 "" "" 0.0027919587847360107 0.0052403887 0.004072985 0.009313374 288.99934448324 13.09910279212 1569.58862 0.22499999999999998 -0.495
289.05318464537 12.63878252748 0.0333 0.0367 15.7745 "" "" 4319045745963327232 1729.46729 0.5499 0.0548 -5.011 -7.574 0.042 0.042 0.971 7776.5 4.0444 16.376324 2.056167 17.42454 15.368373 "" "" 1601.98474 1915.64111 5301.72738 2.2801 1464.2 5.3018 5646.9 5.8029 "" "" 0.0027946058956761573 0.0048208875 0.003940632 0.00876152 289.05318464537 12.63878252748 1729.46729 -5.011 -7.574
