Clusters/UBC_121/UBC_121_stars_in_region.tsv
# %ECSV 1.0
# ---
# datatype:
# - name: RA_ICRS_1
#   unit: deg
#   datatype: float64
#   format: '{:15.11f}'
#   description: Right ascension (ICRS) at Ep=2016.0 (ra)
#   meta: !!omap
#   - {ucd: POS_EQ_RA_MAIN}
#   - {width: 15}
#   - {precision: '11'}
# - name: DE_ICRS_1
#   unit: deg
#   datatype: float64
#   format: '{:15.11f}'
#   description: Declination (ICRS) at Ep=2016.0 (dec)
#   meta: !!omap
#   - {ucd: POS_EQ_DEC_MAIN}
#   - {width: 15}
#   - {precision: '11'}
# - name: e_RA_ICRS
#   unit: mas
#   datatype: float64
#   format: '{:7.4f}'
#   description: Standard error of right ascension (ra_error)
#   meta: !!omap
#   - {ucd: ERROR}
#   - {width: 7}
#   - {precision: '4'}
# - name: e_DE_ICRS
#   unit: mas
#   datatype: float64
#   format: '{:7.4f}'
#   description: Standard error of declination (dec_error)
#   meta: !!omap
#   - {ucd: ERROR}
#   - {width: 7}
#   - {precision: '4'}
# - name: _r_1
#   unit: ''
#   datatype: float64
#   format: '{:7.4f}'
#   description: Distance from center (288.90610622000+12.85910605000)[ICRS], at Epoch=J2016.0
#   meta: !!omap
#   - {ucd: POS_ANG_DIST_GENERAL}
#   - {width: 7}
#   - {precision: '4'}
# - name: HIP
#   datatype: int32
#   description: '? HIP cross-id number, van Leeuwen, Cat. I/311 (hip_original_ext_source_id)'
#   meta: !!omap
#   - {ucd: ID_NUMBER}
#   - {width: 6}
#   - values: {'null': -2147483648}
# - name: TYC2
#   datatype: string
#   description: Tycho-2 cross-id name, Hog et al., Cat. I/259 (tyc2_original_ext_source_id)
#   meta: !!omap
#   - {ucd: ID_CROSSID}
#   - {_votable_string_dtype: char}
# - name: Source
#   datatype: int64
#   description: Source identifier, identical to the Gaia-EDR3 source_id (id)
#   meta: !!omap
#   - {ucd: ID_MAIN}
#   - {width: 19}
# - name: rgeo
#   unit: pc
#   datatype: float64
#   format: '{:15.8f}'
#   description: '? Median of the geometric distance posterior (r_med_geo)'
#   meta: !!omap
#   - {ucd: PHYS_DISTANCE_TRUE}
#   - {width: 15}
#   - {precision: '8'}
#   - values: {'null': .nan}
# - name: Plx
#   unit: mas
#   datatype: float64
#   format: '{:9.4f}'
#   description: '? Parallax (parallax)'
#   meta: !!omap
#   - {ucd: POS_PARLX_TRIG}
#   - {width: 9}
#   - {precision: '4'}
#   - values: {'null': .nan}
# - name: e_Plx
#   unit: mas
#   datatype: float32
#   format: '{:7.4f}'
#   description: '? Standard error of parallax (parallax_error)'
#   meta: !!omap
#   - {ucd: ERROR}
#   - {width: 7}
#   - {precision: '4'}
#   - values: {'null': .nan}
# - name: pmRA
#   unit: mas / yr
#   datatype: float64
#   format: '{:9.3f}'
#   description: '? Proper motion in right ascension direction, pmRA*cosDE (pmra)'
#   meta: !!omap
#   - {ucd: POS_EQ_PMRA}
#   - {width: 9}
#   - {precision: '3'}
#   - values: {'null': .nan}
# - name: pmDE
#   unit: mas / yr
#   datatype: float64
#   format: '{:9.3f}'
#   description: '? Proper motion in declination direction (pmdec)'
#   meta: !!omap
#   - {ucd: POS_EQ_PMDEC}
#   - {width: 9}
#   - {precision: '3'}
#   - values: {'null': .nan}
# - name: e_pmRA
#   unit: mas / yr
#   datatype: float32
#   format: '{:6.3f}'
#   description: '? Standard error of proper motion in right ascension direction (pmra_error)'
#   meta: !!omap
#   - {ucd: ERROR}
#   - {width: 6}
#   - {precision: '3'}
#   - values: {'null': .nan}
# - name: e_pmDE
[...]
#         unit: &id001 !astropy.units.Unit {unit: deg}
#         value: !astropy.table.SerializedColumn {name: SkyCoord.dec}
#       distance: !astropy.table.SerializedColumn
#         __class__: astropy.coordinates.distances.Distance
#         unit: !astropy.units.Unit {unit: pc}
#         value: !astropy.table.SerializedColumn {name: SkyCoord.distance}
#       frame: icrs
#       obstime: !astropy.time.Time {format: jyear_str, in_subfmt: '*', jd1: 367701545.0, jd2: 0.0, out_subfmt: '*', precision: 3, scale: tt}
#       pm_dec: !astropy.table.SerializedColumn
#         __class__: astropy.units.quantity.Quantity
#         unit: !astropy.units.Unit {unit: mas / yr}
#         value: !astropy.table.SerializedColumn {name: SkyCoord.pm_dec}
#       pm_ra_cosdec: !astropy.table.SerializedColumn
#         __class__: astropy.units.quantity.Quantity
#         unit: !astropy.units.Unit {unit: mas / yr}
#         value: !astropy.table.SerializedColumn {name: SkyCoord.pm_ra_cosdec}
#       ra: !astropy.table.SerializedColumn
#         __class__: astropy.coordinates.angles.Longitude
#         unit: *id001
#         value: !astropy.table.SerializedColumn {name: SkyCoord.ra}
#         wrap_angle: !astropy.coordinates.Angle
#           unit: *id001
#           value: 360.0
#       representation_type: spherical
# schema: astropy-2.0
RA_ICRS_1 DE_ICRS_1 e_RA_ICRS e_DE_ICRS _r_1 HIP TYC2 Source rgeo Plx e_Plx pmRA pmDE e_pmRA e_pmDE RUWE Teff logg Gmag BP-RP BPmag RPmag RV e_RV b_rgeo B_rgeo FG e_FG FBP e_FBP FRP e_FRP RAVE5 RAVE6 e_Gmag e_BPmag e_RPmag e_BP-RP SkyCoord.ra SkyCoord.dec SkyCoord.distance SkyCoord.pm_ra_cosdec SkyCoord.pm_dec
[from data line 896]
289.31501420563 12.62132274909 0.0338 0.0358 27.8606 "" "" 4319042894104944256 1552.44702 0.6256 0.0538 2.277 -19.969 0.042 0.041 1.026 7463.6 4.3454 16.551855 1.932482 17.521124 15.588642 "" "" 1427.39172 1666.61804 4510.29269 2.1485 1339.6 5.565 4610.0 7.8423 "" "" 0.0028034408885302116 0.0053036488 0.0042065587 0.009510208 289.31501420563 12.62132274909 1552.44702 2.2769999999999992 -19.969
289.19988681946 12.65919003162 0.0361 0.0399 20.9626 "" "" 4319043821817942144 1331.36511 0.7298 0.0617 -2.025 -0.194 0.043 0.043 1.046 6716.8 4.1934 16.552135 1.930317 17.51144 15.581123 "" "" 1238.8894 1492.10461 4509.12607 2.0685 1351.6 4.3374 4642.0 6.6886 "" "" 0.0027999749628794908 0.004463725 0.0040903725 0.008554097 289.19988681946 12.65919003162 1331.36511 -2.0250000000000004 -0.194
289.34532620836 12.80804418617 0.0364 0.0376 25.8769 "" "" 4319055431104235264 1736.83252 0.5476 0.0594 0.768 -1.803 0.045 0.045 0.978 7370.9 4.3324 16.552994 1.972106 17.542788 15.570682 "" "" 1577.6073 1938.93982 4505.56635 2.0685 1313.1 6.332 4686.9 9.5215 "" "" 0.002800044987912911 0.005932679 0.0043759323 0.010308611 289.34532620836 12.80804418617 1736.83252 0.7679999999999999 -1.803
289.12095352838 12.94907358401 0.0339 0.0364 13.6757 "" "" 4319247673840721408 1536.53992 0.6231 0.0521 -2.085 -4.256 0.044 0.043 1.034 6604.0 4.2358 16.55322 1.940872 17.51834 15.577467 "" "" 1433.95093 1664.48718 4504.62615 2.0336 1343.0 5.8909 4657.7 6.852 "" "" 0.0027985779883982643 0.0055195945 0.0041030357 0.00962263 289.12095352838 12.94907358401 1536.53992 -2.085 -4.256000000000001
288.55732583702 12.8429619778 0.0343 0.038 20.4256 "" "" 4313249876596772224 1781.203 0.5377 0.0536 -1.559 -3.034 0.044 0.043 0.966 7848.3 4.2187 16.554295 2.121739 17.647524 15.525785 "" "" 1633.66663 1958.64575 4500.17027 2.0556 1192.4 4.8223 4884.8 7.0342 "" "" 0.0027995984248227073 0.005202434 0.0040900116 0.009292446 288.55732583702 12.8429619778 1781.203 -1.5589999999999997 -3.034
289.09757080965 13.19347907825 0.0351 0.039 22.9731 "" "" 4319290829673441536 1875.56311 0.5175 0.058 -0.346 -5.071 0.044 0.045 1.064 5062.9 3.6336 16.554888 2.286669 17.760744 15.474075 "" "" 1697.74353 2136.03833 4497.71033 6.2398 1074.3 5.8376 5123.0 21.279 "" "" 0.0031401664971286865 0.0065262555 0.0058839996 0.012410255 289.09757080965 13.19347907825 1875.56311 -0.346 -5.071000000000001
288.8953915835 13.30535605961 0.049 0.0541 26.7823 "" "" 4319317016116839936 1520.99939 0.6631 0.0785 -1.333 -5.272 0.06 0.061 1.49 8147.2 4.3305 16.555323 1.745126 17.372908 15.627782 "" "" 1368.78577 1697.50403 4495.91433 2.4711 1535.5 5.9162 4446.8 7.6756 "" "" 0.002819203222649168 0.005028411 0.0042185206 0.009246931 288.8953915835 13.30535605961 1520.99939 -1.3329999999999997 -5.271999999999999
288.65378720703 13.21618424362 0.0378 0.0417 26.0105 "" "" 4319312373229598976 1542.61768 0.6195 0.0609 -1.193 -3.566 0.045 0.045 1.04 7990.1 4.1426 16.555887 1.945312 17.530876 15.585564 "" "" 1400.37769 1724.53125 4493.57564 2.0546 1327.6 4.9197 4623.1 6.585 "" "" 0.002799684597132694 0.004896221 0.004083547 0.008979768 288.65378720703 13.21618424362 1542.61768 -1.1930000000000003 -3.566
288.83090484585 12.51733827174 0.039 0.0454 20.9732 "" "" 4313225923531325312 1326.32971 0.7294 0.0592 -3.656 -8.441 0.052 0.054 1.155 6696.0 3.9607 16.556143 2.102632 17.615366 15.512734 "" "" 1233.18811 1426.79211 4492.51792 2.8202 1228.2 5.0053 4943.8 6.616 "" "" 0.0028383684519944917 0.0052309805 0.004049058 0.009280039 288.83090484585 12.51733827174 1326.32971 -3.6559999999999997 -8.441
289.18432364269 13.16387666949 0.0355 0.0397 24.4728 "" "" 4319287123142409600 1482.27502 0.6379 0.0535 0.41 7.764 0.045 0.045 1.01 6332.7 4.0616 16.556887 2.019095 17.581411 15.562316 "" "" 1367.5144 1589.84656 4489.44081 2.2069 1267.2 6.702 4723.1 5.9439 "" "" 0.002806536660552626 0.006384255 0.004018793 0.010403048 289.18432364269 13.16387666949 1482.27502 0.41000000000000003 7.763999999999999
289.05514848261 13.25722105756 0.0333 0.0361 25.4258 "" "" 4319292036563069312 1394.12329 0.6997 0.0496 8.228 0.064 0.043 0.044 1.031 7054.7 4.223 16.558119 1.696503 17.338942 15.642439 "" "" 1316.64612 1477.05847 4484.3449 2.2379 1584.3 5.2691 4387.2 11.525 "" "" 0.002808090655002764 0.004563345 0.004734838 0.009298183 289.05514848261 13.25722105756 1394.12329 8.228 0.06400000000000006
289.25583943395 12.98753691046 0.0346 0.0373 21.856 "" "" 4319246574329235328 1957.03333 0.4821 0.0556 -1.748 -5.322 0.046 0.045 1.0 5024.0 3.439 16.558538 2.313073 17.784754 15.471681 "" "" 1743.297 2225.0 4482.6135 2.4974 1050.8 5.3066 5134.4 10.276 "" "" 0.002820937659034263 0.0061521265 0.004359545 0.010511672 289.25583943395 12.98753691046 1957.03333 -1.7479999999999998 -5.322
288.83561482859 13.12216265392 0.0354 0.0377 16.3126 "" "" 4319312824228644224 1866.58215 0.5188 0.0558 -5.348 -10.477 0.046 0.045 0.957 6691.1 4.1635 16.559065 2.006706 17.56862 15.561914 "" "" 1691.6521 2056.7522 4480.43811 1.9946 1282.2 4.8854 4724.9 6.1719 "" "" 0.0027973942130080534 0.004989838 0.004036724 0.009026563 288.83561482859 13.12216265392 1866.58215 -5.347999999999999 -10.476999999999999
288.93423171165 13.15632320411 0.0346 0.0387 17.9087 "" "" 4319267675528782080 1381.1698 0.7009 0.0529 -2.401 -3.82 0.047 0.049 0.989 7752.2 4.314 16.5595 1.773767 17.41856 15.644794 "" "" 1295.39856 1497.41638 4478.64482 2.1591 1472.3 6.2937 4377.6 7.7469 "" "" 0.0028045958841231592 0.0054153632 0.0042397496 0.009655112 288.93423171165 13.15632320411 1381.1698 -2.401 -3.8199999999999994
288.65851918731 13.04704943906 0.0362 0.0395 18.3508 "" "" 4319305673079531520 1694.04346 0.5729 0.0596 -0.597 -3.7 0.045 0.043 0.983 7675.0 4.2978 16.560005 1.929541 17.520994 15.591454 "" "" 1559.63586 1812.14587 4476.56648 2.0466 1339.7 5.6959 4598.1 5.3652 "" "" 0.002799675023788733 0.005393868 0.0039860616 0.009379929 288.65851918731 13.04704943906 1694.04346 -0.597 -3.6999999999999997
289.13772931767 12.57316221631 0.036 0.0381 21.8662 "" "" 4319041347916488704 1616.31213 0.6059 0.0564 -1.003 -4.91 0.044 0.041 0.953 6669.4 4.2825 16.560822 1.849886 17.470715 15.620829 "" "" 1474.38354 1764.36475 4473.19881 1.8949 1403.2 4.6586 4475.3 7.2358 "" "" 0.002793443329240844 0.00455833 0.0041671735 0.008725503 289.13772931767 12.57316221631 1616.31213 -1.0030000000000001 -4.91
289.19500467519 12.55089510953 0.0347 0.0371 25.0581 "" "" 4319040660713145728 1931.14307 0.4749 0.0539 -1.43 -6.372 0.044 0.044 0.991 7397.4 3.396 16.566803 2.216965 17.328915 15.11195 "" "" 1760.29382 2168.29517 4448.62077 2.7088 1599.0 17.039 7151.2 49.483 "" "" 0.002833524333508214 0.011901329 0.008409862 0.020311192 289.19500467519 12.55089510953 1931.14307 -1.43 -6.372000000000001
289.31594098083 12.95922165358 0.1071 0.1167 24.7098 "" "" 4319268770720112384 1659.47595 0.7926 0.1837 -2.622 -4.657 0.141 0.139 3.715 8922.1 3.6198 16.567152 2.733011 17.95408 15.221069 "" "" 1243.79663 2317.22974 4447.19311 5.2895 899.05 7.2379 6467.4 7.6252 "" "" 0.003042933309622621 0.009175362 0.003990288 0.01316565 289.31594098083 12.95922165358 1659.47595 -2.622 -4.657000000000001
288.51792646297 13.03682223761 0.034 0.0398 25.0784 "" "" 4313303752669114240 1940.50305 0.5098 0.0555 -2.84 -4.181 0.047 0.049 1.008 7131.7 4.2501 16.568964 2.069182 17.626772 15.55759 "" "" 1716.43274 2201.05933 4439.77376 1.9816 1215.4 4.5442 4743.8 6.5821 "" "" 0.002797610101664146 0.004925832 0.0040685623 0.008994395 288.51792646297 13.03682223761 1940.50305 -2.84 -4.181
289.30239163812 12.68871942 0.0346 0.0366 25.3422 "" "" 4319049937851352576 1493.03516 0.6341 0.0532 -0.628 -3.785 0.046 0.045 1.034 7686.1 4.1368 16.569439 2.183726 17.70634 15.522614 "" "" 1401.34534 1602.32104 4437.8316 1.9968 1129.5 4.7053 4899.1 6.7897 "" "" 0.002798293664930853 0.0053143636 0.004067916 0.00938228 289.30239163812 12.68871942 1493.03516 -0.6279999999999999 -3.785
289.36944585477 12.90954353575 0.0364 0.0399 27.2689 "" "" 4319057222116030592 1686.48706 0.5801 0.0578 -0.66 -4.283 0.046 0.047 1.049 "" "" 16.573383 2.016867 17.559902 15.543036 "" "" 1527.97363 1830.78613 4421.74285 2.3678 1292.6 5.6494 4807.8 31.108 "" "" 0.0028159930059048 0.0055047977 0.007977167 0.013481965 289.36944585477 12.90954353575 1686.48706 -0.6600000000000001 -4.2829999999999995
288.58352809855 12.98404384478 0.0363 0.0407 20.2994 "" "" 4313300179256141312 1787.02856 0.521 0.0601 -0.164 -3.206 0.048 0.048 0.958 "" "" 16.573471 2.249848 17.738478 15.488629 "" "" 1619.6803 1976.29358 4421.38715 2.0045 1096.5 4.579 5054.8 8.353 "" "" 0.002798943357082658 0.005323782 0.00418363 0.009507412 288.58352809855 12.98404384478 1787.02856 -0.164 -3.206
288.69516593399 12.60086681156 0.0366 0.0393 19.8111 "" "" 4313230566423215744 1757.58337 0.547 0.0541 0.391 -1.893 0.045 0.043 1.084 6804.1 4.0537 16.574032 2.365279 17.828678 15.463399 "" "" 1605.58618 1911.01941 4419.10324 2.156 1009.1 5.6667 5173.7 10.896 "" "" 0.0028057767211177123 0.00670516 0.004417269 0.011122429 288.69516593399 12.60086681156 1757.58337 0.39099999999999996 -1.893
289.27470770102 13.04889465942 0.0368 0.0393 24.3765 "" "" 4319273241807890176 1826.89233 0.5518 0.0588 -4.418 -10.849 0.048 0.047 0.968 6445.6 4.0121 16.574968 2.03204 17.467796 15.435757 "" "" 1624.37366 2118.21191 4415.29465 2.4947 1407.0 9.4457 5307.1 12.778 "" "" 0.0028227852964822302 0.0078047225 0.004595377 0.0124001 289.27470770102 13.04889465942 1826.89233 -4.417999999999999 -10.849
288.83359142206 13.1522636842 0.0367 0.0379 18.0931 "" "" 4319313305265003904 1705.68884 0.5645 0.0556 3.484 0.257 0.048 0.045 1.005 6431.8 4.2063 16.577705 2.064381 17.63519 15.570808 "" "" 1573.45862 1860.83691 4404.17881 1.9548 1206.0 4.8645 4686.4 6.7388 "" "" 0.002797145345999361 0.005192711 0.004089153 0.009281864 288.83359142206 13.1522636842 1705.68884 3.4840000000000004 0.25700000000000006
288.66066836329 12.86289039764 0.0355 0.0382 14.3586 "" "" 4313250838669354752 1506.77966 0.6282 0.0584 -4.451 -8.201 0.046 0.044 0.978 7691.9 4.1553 16.578695 2.147476 17.674652 15.527176 "" "" 1378.04822 1682.30054 4400.16198 2.0953 1162.9 8.0535 4878.5 7.5533 "" "" 0.0028034072661745884 0.008020107 0.004136373 0.012156479 288.66066836329 12.86289039764 1506.77966 -4.450999999999999 -8.201
288.89582659551 13.26178482408 0.0348 0.0377 24.1682 "" "" 4319316535080462976 1312.45728 0.7413 0.0551 -7.734 -11.979 0.043 0.043 1.044 6625.0 4.2345 16.580463 2.045732 17.617521 15.57179 "" "" 1223.1814 1449.13403 4393.00438 2.0531 1225.8 4.8566 4682.1 6.6321 "" "" 0.0028016549820303813 0.0051273196 0.0040803105 0.0092076305 288.89582659551 13.26178482408 1312.45728 -7.734000000000001 -11.979000000000001
288.58261175272 12.83729983086 0.0375 0.0413 18.9689 "" "" 4313251079187572864 1904.12634 0.5148 0.0574 -2.919 -3.826 0.049 0.047 1.031 6714.1 4.047 16.580614 2.330301 17.807741 15.47744 "" "" 1709.79944 2097.34448 4392.3904 1.9824 1028.8 5.6803 5107.2 6.7199 "" "" 0.0027985549721847515 0.0066121863 0.004040367 0.010652553 288.58261175272 12.83729983086 1904.12634 -2.919 -3.8259999999999996
288.97852633646 13.18234382637 0.0633 0.0544 19.8509 "" "" 4319268156538988160 1548.78967 0.6467 0.0764 -1.934 -11.463 0.087 0.06 1.165 "" "" 16.582066 "" "" "" "" "" 1363.29517 1817.69641 4386.52164 6.3214 "" "" "" "" "" "" 0.003168583319582633 "" "" "" 288.97852633646 13.18234382637 1548.78967 -1.9339999999999997 -11.463000000000001
289.03826720205 13.26153283466 0.0382 0.0419 25.3511 "" "" 4319292242743982848 1596.35107 0.6079 0.0565 -2.082 -4.456 0.049 0.049 1.14 5259.7 4.3426 16.583035 1.777959 17.372862 15.594903 "" "" 1450.45056 1790.20935 4382.60801 2.6968 1535.6 6.7613 4583.5 24.812 "" "" 0.0028351622270824366 0.0055352105 0.006987713 0.012522923 289.03826720205 13.26153283466 1596.35107 -2.082 -4.456000000000001
288.93043983978 12.73912724697 0.0352 0.0434 7.3382 "" "" 4319235102496133632 1894.59949 0.5011 0.0588 -1.551 0.889 0.05 0.056 1.049 "" "" 16.583555 1.883669 17.493792 15.610123 "" "" 1712.01453 2184.39111 4380.50971 2.2652 1373.7 4.76 4519.7 10.005 "" "" 0.002811940327621182 0.0046839123 0.0044788625 0.009162774 288.93043983978 12.73912724697 1894.59949 -1.5509999999999997 0.8889999999999999
289.0962689641 12.8601084459 0.0368 0.0406 11.1238 "" "" 4319243692431148928 1677.43628 0.5788 0.0569 -2.81 -9.954 0.053 0.052 0.994 6629.7 4.0369 16.584808 1.972602 17.56175 15.589149 "" "" 1537.48608 1818.26392 4375.45553 2.0744 1290.4 9.8457 4607.9 10.934 "" "" 0.0028029900961369847 0.008741381 0.0045739664 0.013315347 289.0962689641 12.8601084459 1677.43628 -2.8100000000000005 -9.954
288.8579806796 12.66837511571 0.034 0.0387 11.7853 "" "" 4313229604367380864 1726.46143 0.5513 0.0527 -0.638 -5.814 0.046 0.047 0.971 6409.5 3.9788 16.584932 2.066765 17.620792 15.554028 "" "" 1571.22949 1902.07361 4374.95593 1.9701 1222.1 5.4678 4759.3 19.154 "" "" 0.0027983626207345492 0.0056019854 0.0057772873 0.011379273 288.8579806796 12.66837511571 1726.46143 -0.638 -5.813999999999999
289.25815927225 12.63521732026 0.0338 0.0365 24.5951 "" "" 4319043100263405056 1592.66382 0.5946 0.0516 1.003 -2.094 0.043 0.043 0.954 7201.8 4.1661 16.586378 1.992402 17.592096 15.599694 "" "" 1472.05554 1710.80908 4369.13568 2.0161 1254.8 5.1578 4563.3 6.3088 "" "" 0.002800498885398132 0.005263294 0.004066552 0.009329846 289.25815927225 12.63521732026 1592.66382 1.0030000000000001 -2.094
289.29161862317 12.67750180245 0.0352 0.0374 25.0525 "" "" 4319049903491612544 1522.86121 0.6235 0.056 -1.287 -8.986 0.045 0.043 1.034 6601.1 4.2057 16.587511 2.139636 17.695436 15.5558 "" "" 1418.37488 1633.10498 4364.57503 1.9662 1140.9 5.6617 4751.6 6.3894 "" "" 0.002798396298100728 0.006067541 0.004051573 0.010119114 289.29161862317 12.67750180245 1522.86121 -1.287 -8.985999999999999
288.97743558609 12.6711218339 0.0377 0.0421 12.0266 "" "" 4319233826865598976 1638.14917 0.5893 0.0633 -1.09 -4.021 0.047 0.047 0.943 "" "" 16.588814 1.989331 17.57613 15.586799 "" "" 1496.64514 1785.76099 4359.34545 2.0669 1273.4 6.1534 4617.8 10.336 "" "" 0.0028029964009633813 0.0059423423 0.0044932826 0.010435625 288.97743558609 12.6711218339 1638.14917 -1.0900000000000003 -4.021000000000001
288.67214466294 12.44798457808 0.0362 0.0379 28.2148 "" "" 4313218815392488192 1421.70142 0.6817 0.0525 -1.51 -1.056 0.046 0.042 0.996 7641.2 4.1962 16.58991 2.218754 17.753365 15.534611 "" "" 1323.74365 1533.27856 4354.94016 1.9738 1081.6 5.2504 4845.2 7.3562 "" "" 0.0027989181364622855 0.0059634713 0.0041232263 0.0100866975 288.67214466294 12.44798457808 1421.70142 -1.51 -1.0560000000000003
288.97465165355 12.42740922429 0.041 0.0473 26.2108 "" "" 4313033994348553472 1524.64929 0.6226 0.0658 -2.105 -2.311 0.047 0.049 1.006 6352.1 4.0519 16.59097 2.156793 17.707003 15.55021 "" "" 1381.46436 1653.06079 4350.70273 2.0863 1128.8 4.8318 4776.1 7.0146 "" "" 0.0028040792679155132 0.0054206997 0.0041020117 0.009522712 288.97465165355 12.42740922429 1524.64929 -2.1049999999999995 -2.311
289.28115857332 12.85699580519 0.0379 0.0389 21.9392 "" "" 4319056809799249920 1396.05103 0.6884 0.0586 0.495 0.604 0.047 0.044 0.988 6688.8 4.2066 16.592638 1.981694 17.59433 15.612636 "" "" 1299.53796 1494.92566 4344.01572 2.1897 1252.2 4.5178 4509.2 7.8641 "" "" 0.002809148582349195 0.004809328 0.0042271987 0.009036526 289.28115857332 12.85699580519 1396.05103 0.495 0.6040000000000001
288.95782076396 13.06291733155 0.0359 0.0377 12.597 "" "" 4319261937452378112 1916.45911 0.5042 0.055 -1.432 -3.973 0.045 0.043 1.003 7083.5 4.2987 16.594444 1.761365 17.439335 15.67797 "" "" 1769.09033 2096.02441 4336.79266 2.0375 1444.4 5.2873 4245.9 7.6415 "" "" 0.002802140058993122 0.004856011 0.004254644 0.009110655 288.95782076396 13.06291733155 1916.45911 -1.4319999999999997 -3.973
