Clusters/UBC_121/UBC_121_members.tsv
# %ECSV 1.0
# ---
# datatype:
# - name: RA_ICRS_1
#   unit: deg
#   datatype: float64
#   format: '{:15.11f}'
#   description: Right ascension (ICRS) at Ep=2016.0 (ra)
#   meta: !!omap
#   - {ucd: POS_EQ_RA_MAIN}
#   - {width: 15}
#   - {precision: '11'}
# - name: DE_ICRS_1
#   unit: deg
#   datatype: float64
#   format: '{:15.11f}'
#   description: Declination (ICRS) at Ep=2016.0 (dec)
#   meta: !!omap
#   - {ucd: POS_EQ_DEC_MAIN}
#   - {width: 15}
#   - {precision: '11'}
# - name: e_RA_ICRS
#   unit: mas
#   datatype: float64
#   format: '{:7.4f}'
#   description: Standard error of right ascension (ra_error)
#   meta: !!omap
#   - {ucd: ERROR}
#   - {width: 7}
#   - {precision: '4'}
# - name: e_DE_ICRS
#   unit: mas
#   datatype: float64
#   format: '{:7.4f}'
#   description: Standard error of declination (dec_error)
#   meta: !!omap
#   - {ucd: ERROR}
#   - {width: 7}
#   - {precision: '4'}
# - name: _r_1
#   unit: ''
#   datatype: float64
#   format: '{:7.4f}'
#   description: Distance from center (288.90610622000+12.85910605000)[ICRS], at Epoch=J2016.0
#   meta: !!omap
#   - {ucd: POS_ANG_DIST_GENERAL}
#   - {width: 7}
#   - {precision: '4'}
# - name: HIP
#   datatype: int32
#   description: '? HIP cross-id number, van Leeuwen, Cat. I/311 (hip_original_ext_source_id)'
#   meta: !!omap
#   - {ucd: ID_NUMBER}
#   - {width: 6}
#   - values: {'null': -2147483648}
# - name: TYC2
#   datatype: string
#   description: Tycho-2 cross-id name, Hog et al., Cat. I/259 (tyc2_original_ext_source_id)
#   meta: !!omap
#   - {ucd: ID_CROSSID}
#   - {_votable_string_dtype: char}
# - name: Source
#   datatype: int64
#   description: Source identifier, identical to the Gaia-EDR3 source_id (id)
#   meta: !!omap
#   - {ucd: ID_MAIN}
#   - {width: 19}
# - name: rgeo
#   unit: pc
#   datatype: float64
#   format: '{:15.8f}'
#   description: '? Median of the geometric distance posterior (r_med_geo)'
#   meta: !!omap
#   - {ucd: PHYS_DISTANCE_TRUE}
#   - {width: 15}
#   - {precision: '8'}
#   - values: {'null': .nan}
# - name: Plx
#   unit: mas
#   datatype: float64
#   format: '{:9.4f}'
#   description: '? Parallax (parallax)'
#   meta: !!omap
#   - {ucd: POS_PARLX_TRIG}
#   - {width: 9}
#   - {precision: '4'}
#   - values: {'null': .nan}
# - name: e_Plx
#   unit: mas
#   datatype: float32
#   format: '{:7.4f}'
#   description: '? Standard error of parallax (parallax_error)'
#   meta: !!omap
#   - {ucd: ERROR}
#   - {width: 7}
#   - {precision: '4'}
#   - values: {'null': .nan}
# - name: pmRA
#   unit: mas / yr
#   datatype: float64
#   format: '{:9.3f}'
#   description: '? Proper motion in right ascension direction, pmRA*cosDE (pmra)'
#   meta: !!omap
#   - {ucd: POS_EQ_PMRA}
#   - {width: 9}
#   - {precision: '3'}
#   - values: {'null': .nan}
# - name: pmDE
#   unit: mas / yr
#   datatype: float64
#   format: '{:9.3f}'
#   description: '? Proper motion in declination direction (pmdec)'
#   meta: !!omap
#   - {ucd: POS_EQ_PMDEC}
#   - {width: 9}
#   - {precision: '3'}
#   - values: {'null': .nan}
# - name: e_pmRA
#   unit: mas / yr
#   datatype: float32
#   format: '{:6.3f}'
#   description: '? Standard error of proper motion in right ascension direction (pmra_error)'
#   meta: !!omap
#   - {ucd: ERROR}
#   - {width: 6}
#   - {precision: '3'}
#   - values: {'null': .nan}
# - name: e_pmDE
[...]
#       distance: !astropy.table.SerializedColumn
#         __class__: astropy.coordinates.distances.Distance
#         unit: !astropy.units.Unit {unit: pc}
#         value: !astropy.table.SerializedColumn {name: SkyCoord.distance}
#       frame: icrs
#       obstime: !astropy.time.Time {format: jyear_str, in_subfmt: '*', jd1: 367701545.0, jd2: 0.0, out_subfmt: '*', precision: 3, scale: tt}
#       pm_dec: !astropy.table.SerializedColumn
#         __class__: astropy.units.quantity.Quantity
#         unit: !astropy.units.Unit {unit: mas / yr}
#         value: !astropy.table.SerializedColumn {name: SkyCoord.pm_dec}
#       pm_ra_cosdec: !astropy.table.SerializedColumn
#         __class__: astropy.units.quantity.Quantity
#         unit: !astropy.units.Unit {unit: mas / yr}
#         value: !astropy.table.SerializedColumn {name: SkyCoord.pm_ra_cosdec}
#       ra: !astropy.table.SerializedColumn
#         __class__: astropy.coordinates.angles.Longitude
#         unit: *id001
#         value: !astropy.table.SerializedColumn {name: SkyCoord.ra}
#         wrap_angle: !astropy.coordinates.Angle
#           unit: *id001
#           value: 360.0
#       representation_type: spherical
# schema: astropy-2.0
RA_ICRS_1 DE_ICRS_1 e_RA_ICRS e_DE_ICRS _r_1 HIP TYC2 Source rgeo Plx e_Plx pmRA pmDE e_pmRA e_pmDE RUWE Teff logg Gmag BP-RP BPmag RPmag RV e_RV b_rgeo B_rgeo FG e_FG FBP e_FBP FRP e_FRP RAVE5 RAVE6 e_Gmag e_BPmag e_RPmag e_BP-RP SkyCoord.ra SkyCoord.dec SkyCoord.distance SkyCoord.pm_ra_cosdec SkyCoord.pm_dec rmRA rmDE e_rmRA e_rmDE rRV e_rRV v_pec v_pec3d e_vpec e_vpec3d Pmemb
[from data line 32]
288.92191878087 12.89965298303 0.0221 0.0243 2.6027 "" "" 4319253446276606976 1696.09827 0.5529 0.0361 -1.285 -3.426 0.029 0.029 1.023 9346.5 4.2982 15.680521 1.519666 16.378702 14.859036 "" "" 1591.62439 1804.91736 10063.25132 2.8812 3836.5 5.6396 9027.0 6.2867 "" "" 0.00277280019600757 0.003214392 0.0038542806 0.0070686727 288.92191878087 12.89965298303 1696.09827 -1.2850000000000001 -3.426 -0.029826912879943768 -0.019846082687378086 0.09013532 0.09013532 "" "" 0.2880243955384385 "" 0.025961171353759676 "" 0.92
288.84025678642 12.80042078937 0.0217 0.024 5.2191 "" "" 4319239500542731264 1716.90967 0.5481 0.0351 -1.329 -3.446 0.028 0.028 1.005 9213.4 3.7643 15.697209 1.690012 16.497171 14.807159 "" "" 1622.34558 1811.26465 9909.75916 2.9196 3439.9 7.9486 9468.8 7.9806 "" "" 0.002773826133821524 0.0037522279 0.0038885886 0.0076408163 288.84025678642 12.80042078937 1716.90967 -1.3290000000000004 -3.4460000000000015 -0.0738269128799438 -0.039846082687378104 0.08913532 0.08913532 "" "" 0.6827382364383566 "" 0.06085609049469036 "" 0.91
289.00073107752 12.58647925685 0.0234 0.026 17.2697 "" "" 4313040660135093760 1403.12598 0.6589 0.0373 -1.341 -3.518 0.03 0.03 0.979 8750.8 3.7297 15.733526 1.636665 16.496544 14.859879 "" "" 1335.89465 1491.40784 9583.77092 2.8413 3441.9 7.1572 9020.0 8.8374 "" "" 0.0027740586456114547 0.003589196 0.003926233 0.0075154286 289.00073107752 12.58647925685 1403.12598 -1.341 -3.518 -0.08582691287994382 -0.11184608268737772 0.09113532 0.09113532 "" "" 0.9376426926203774 "" 0.08545236969521518 "" 0.93
288.79589489308 12.90428547061 0.022 0.0236 6.993 "" "" 4319253072639851904 1401.47778 0.6858 0.0351 -1.273 -3.459 0.028 0.027 1.018 9252.0 4.1814 15.739424 1.595725 16.48404 14.888314 "" "" 1339.83484 1467.58911 9531.85294 2.9065 3481.8 6.9213 8786.8 7.7716 "" "" 0.0027751388225067536 0.003527496 0.0038994732 0.0074269692 288.79589489308 12.90428547061 1401.47778 -1.2730000000000006 -3.458999999999999 -0.017826912879943757 -0.052846082687378004 0.08913532 0.088135324 "" "" 0.37049313838418385 "" 0.032691578399697475 "" 0.89
288.92902081797 12.86354822717 0.0236 0.0256 1.3666 "" "" 4319241527767295232 1712.99585 0.5595 0.0375 -1.314 -3.365 0.03 0.029 0.977 9041.4 4.1294 15.797356 1.56624 16.522345 14.956104 "" "" 1617.74707 1820.90894 9036.59055 2.6461 3361.1 8.8783 8255.0 9.0133 "" "" 0.0027736016849310135 0.004001278 0.003960943 0.007962221 288.92902081797 12.86354822717 1712.99585 -1.314 -3.3650000000000007 -0.058826912879943904 0.04115391731262186 0.09113532 0.09013532 "" "" 0.5829313565045822 "" 0.05293479871677864 "" 0.81
288.74493447562 12.76591183519 0.0236 0.0249 10.9628 "" "" 4313245822147280256 1631.21216 0.5879 0.0358 -1.199 -3.345 0.029 0.028 1.035 9249.2 4.0141 15.797882 1.658869 16.576197 14.917328 "" "" 1553.62891 1715.18274 9032.20578 2.998 3198.4 5.885 8555.1 7.9763 "" "" 0.0027787882229072095 0.003431617 0.0039125998 0.007344217 288.74493447562 12.76591183519 1631.21216 -1.1989999999999994 -3.345 0.05617308712005609 0.061153917312621875 0.09013532 0.08913532 "" "" 0.6420410128867161 "" 0.0575232336875965 "" 0.94
289.0548041458 12.70508532432 0.0231 0.0262 12.6927 "" "" 4319234209142846336 1501.14343 0.6479 0.0381 -1.278 -3.293 0.031 0.032 0.99 7985.2 4.3895 15.836687 1.697288 16.643234 14.945946 "" "" 1413.97864 1626.15125 8715.08803 3.005 3006.9 8.3253 8332.6 9.8611 "" "" 0.002780636566141734 0.0041014343 0.0039918283 0.008093262 289.0548041458 12.70508532432 1501.14343 -1.2780000000000002 -3.2930000000000024 -0.022826912879943873 0.11315391731262192 0.092135325 0.09313533 "" "" 0.8213573260783552 "" 0.07646542983104633 "" 0.88
288.88952008151 13.05615120921 0.0242 0.025 11.8624 "" "" 4319264617512005632 1749.63965 0.5454 0.0362 -1.226 -3.398 0.031 0.028 1.033 8212.3 4.2295 15.876718 1.712385 16.695034 14.982649 "" "" 1652.33533 1850.77539 8399.6192 2.659 2866.8 6.2743 8055.6 6.0018 "" "" 0.00277667445013282 0.0036649166 0.003864982 0.0075298985 288.88952008151 13.05615120921 1749.63965 -1.2259999999999998 -3.3980000000000006 0.029173087120056174 0.008153917312621939 0.092135325 0.08913532 "" "" 0.251213570758706 "" 0.023091861412633377 "" 0.81
288.92180870548 12.97423638556 0.0243 0.025 6.9686 "" "" 4319255099864032128 1608.43262 0.581 0.0388 -1.278 -3.294 0.03 0.029 1.012 7797.0 4.0758 15.888697 1.856393 16.802597 14.946204 "" "" 1538.88318 1689.02148 8307.45667 2.7344 2596.4 7.3464 8330.6 7.9021 "" "" 0.0027783993282964213 0.0041499995 0.003917193 0.0080671925 288.92180870548 12.97423638556 1608.43262 -1.278 -3.2939999999999996 -0.022826912879943873 0.11215391731262203 0.09113532 0.09013532 "" "" 0.8725889707612776 "" 0.07868598126723994 "" 0.91
288.97684890055 12.92456112314 0.0266 0.0275 5.7047 "" "" 4319242249322216704 1652.95056 0.5735 0.0408 -1.245 -3.396 0.033 0.032 1.026 8993.9 4.4808 15.980058 1.602195 16.73167 15.129476 "" "" 1549.02539 1768.30457 7637.01504 2.5866 2771.7 8.0142 7036.7 7.8571 "" "" 0.0027797509409006878 0.0042000595 0.0039690617 0.008169121 288.97684890055 12.92456112314 1652.95056 -1.2449999999999994 -3.396000000000001 0.010173087120056046 0.010153917312622163 0.09413532 0.09313533 "" "" 0.11261514044742016 "" 0.010545011742938143 "" 0.95
289.2346570945 12.75136062695 0.0274 0.0286 20.2807 "" "" 4319053511264192384 1601.18042 0.5988 0.0443 -1.311 -3.459 0.033 0.032 1.026 9053.0 4.2553 16.085745 1.750762 16.925213 15.174451 "" "" 1492.39062 1715.82739 6928.65787 2.421 2319.2 7.8044 6751.2 8.5383 "" "" 0.002781315449878226 0.0045971866 0.0040210993 0.008618286 289.2346570945 12.75136062695 1601.18042 -1.311 -3.459 -0.05582691287994379 -0.052846082687378004 0.09413532 0.09313533 "" "" 0.5834297445112957 "" 0.054646400646531146 "" 0.92
288.7570738976 13.10572416394 0.0299 0.0329 17.172 "" "" 4319307047469367424 1680.15039 0.5791 0.0516 -1.214 -3.509 0.04 0.037 0.983 8646.8 4.2378 16.108356 1.73023 16.935055 15.204824 "" "" 1546.09009 1847.1759 6785.84675 2.6159 2298.2 5.752 6564.9 6.8022 "" "" 0.0027869281858974833 0.0038947877 0.003943261 0.007838049 288.7570738976 13.10572416394 1680.15039 -1.214 -3.509000000000001 0.041173087120056184 -0.10284608268737783 0.10113532 0.09813532 "" "" 0.8822541783440594 "" 0.0869506949374768 "" 0.85
288.87948661594 12.84552426273 0.0275 0.03 1.7575 "" "" 4319240045978493824 1635.96936 0.5944 0.0436 -1.223 -3.337 0.037 0.036 0.964 7793.3 4.1096 16.117275 1.912452 17.06755 15.155099 "" "" 1512.13208 1771.92456 6730.33529 2.5134 2034.2 6.9215 6872.6 6.9651 "" "" 0.0027849933783407957 0.0046295593 0.0039363047 0.008565864 288.87948661594 12.84552426273 1635.96936 -1.2229999999999999 -3.3370000000000015 0.032173087120056065 0.06915391731262188 0.09813532 0.09713532 "" "" 0.5914484778165217 "" 0.057556220781336216 "" 0.89
288.86723860855 12.79381247649 0.028 0.0306 4.5297 "" "" 4319239225664806400 1676.78247 0.5636 0.0452 -1.233 -3.255 0.035 0.035 0.981 9078.4 4.2208 16.192537 1.846346 17.096237 15.249891 "" "" 1575.82739 1820.91174 6279.59973 2.3547 1981.2 6.172 6298.0 9.0115 "" "" 0.0027852361273773716 0.0043846914 0.0040862174 0.008470909 288.86723860855 12.79381247649 1676.78247 -1.233 -3.2549999999999986 0.022173087120056056 0.15115391731262218 0.09613532 0.09613532 "" "" 1.2142206306123908 "" 0.1167294867851737 "" 0.9
288.824081284 12.87057422142 0.0285 0.0318 4.847 "" "" 4319252007487554944 1473.29077 0.6593 0.0462 -1.259 -3.295 0.036 0.035 0.995 8306.2 4.4089 16.233664 1.695226 17.04111 15.345883 "" "" 1370.45972 1587.19946 6046.18771 2.3445 2084.4 6.359 5765.1 5.8939 "" "" 0.0027872996301198704 0.0043308777 0.0039390116 0.008269889 288.824081284 12.87057422142 1473.29077 -1.259 -3.295 -0.0038269128799437446 0.11115391731262214 0.09713532 0.09613532 "" "" 0.7766919897723763 "" 0.07466845598450525 "" 0.84
288.68778340577 13.11614162113 0.0336 0.0344 20.0192 "" "" 4319307635907509376 1625.92871 0.6062 0.0551 -1.198 -3.541 0.043 0.039 1.09 7491.7 4.1781 16.254793 1.889415 17.097483 15.208068 "" "" 1480.422 1799.77136 5929.65393 2.7754 1978.9 17.641 6545.3 42.751 "" "" 0.0028017922570262007 0.010072991 0.008035781 0.018108772 288.68778340577 13.11614162113 1625.92871 -1.1979999999999995 -3.541 0.0571730871200562 -0.13484608268737786 0.10413532 0.10013533 "" "" 1.1287975094060612 "" 0.1137320798857857 "" 0.83
288.9628031906 13.19132547165 0.0287 0.0315 20.2068 "" "" 4319268431443041024 1811.34399 0.5373 0.0431 -1.224 -3.294 0.038 0.039 1.016 7985.4 4.099 16.260246 1.748453 17.102762 15.354309 "" "" 1667.42188 1935.87598 5899.94898 2.1099 1969.3 6.3569 5720.5 7.0904 "" "" 0.002782543048502236 0.004479773 0.004011825 0.008491598 288.9628031906 13.19132547165 1811.34399 -1.224 -3.2939999999999987 0.031173087120056175 0.11215391731262203 0.099135324 0.10013533 "" "" 0.9994317243835698 "" 0.10000707967518147 "" 0.86
288.90335659095 12.91343716205 0.0298 0.032 3.2638 "" "" 4319253725474464256 1515.26477 0.6388 0.0474 -1.343 -3.421 0.038 0.037 1.019 8045.1 4.1954 16.289679 1.690805 17.094616 15.403811 "" "" 1420.5354 1646.68005 5742.16309 2.1566 1984.1 5.5862 5465.6 7.7106 "" "" 0.0027853308886457272 0.004138782 0.00407797 0.008216752 288.90335659095 12.91343716205 1515.26477 -1.3429999999999995 -3.421 -0.08782691287994382 -0.014846082687377748 0.099135324 0.09813532 "" "" 0.6397528380973391 "" 0.0634044198831714 "" 0.92
288.90905196902 13.20132917971 0.0326 0.0346 20.5341 "" "" 4319315023251918464 1581.33655 0.5946 0.048 -1.026 -3.285 0.042 0.04 0.978 8000.9 4.3421 16.411705 1.714109 17.231516 15.517406 "" "" 1450.46484 1687.71204 5131.73931 2.1284 1749.1 4.8592 4922.6 9.9504 "" "" 0.0027918756767082555 0.0041089063 0.0043703923 0.008479299 288.90905196902 13.20132917971 1581.33655 -1.026 -3.285 0.22917308712005613 0.12115391731262193 0.10313532 0.10113532 "" "" 1.9430442192742816 "" 0.19955410056672176 "" 0.8
288.82531452128 12.8254868189 0.0325 0.036 5.1387 "" "" 4319251315972633472 1500.42053 0.6464 0.051 -1.279 -3.348 0.041 0.041 0.939 7472.8 4.2751 16.465277 1.878489 17.37375 15.495262 "" "" 1413.69666 1591.19373 4884.68119 2.1099 1534.3 10.643 5024.0 7.2089 "" "" 0.002794946724922794 0.008031665 0.0040878877 0.012119553 288.82531452128 12.8254868189 1500.42053 -1.279 -3.3479999999999994 -0.023826912879943762 0.058153917312622205 0.10213532 0.10213532 "" "" 0.4469592091071 "" 0.045650323184629575 "" 0.9
