Clusters/UBC_121/UBC_121_stars_in_region.tsv
# %ECSV 1.0
# ---
# datatype:
# - name: RA_ICRS_1
#   unit: deg
#   datatype: float64
#   format: '{:15.11f}'
#   description: Right ascension (ICRS) at Ep=2016.0 (ra)
#   meta: !!omap
#   - {ucd: POS_EQ_RA_MAIN}
#   - {width: 15}
#   - {precision: '11'}
# - name: DE_ICRS_1
#   unit: deg
#   datatype: float64
#   format: '{:15.11f}'
#   description: Declination (ICRS) at Ep=2016.0 (dec)
#   meta: !!omap
#   - {ucd: POS_EQ_DEC_MAIN}
#   - {width: 15}
#   - {precision: '11'}
# - name: e_RA_ICRS
#   unit: mas
#   datatype: float64
#   format: '{:7.4f}'
#   description: Standard error of right ascension (ra_error)
#   meta: !!omap
#   - {ucd: ERROR}
#   - {width: 7}
#   - {precision: '4'}
# - name: e_DE_ICRS
#   unit: mas
#   datatype: float64
#   format: '{:7.4f}'
#   description: Standard error of declination (dec_error)
#   meta: !!omap
#   - {ucd: ERROR}
#   - {width: 7}
#   - {precision: '4'}
# - name: _r_1
#   unit: ''
#   datatype: float64
#   format: '{:7.4f}'
#   description: Distance from center (288.90610622000+12.85910605000)[ICRS], at Epoch=J2016.0
#   meta: !!omap
#   - {ucd: POS_ANG_DIST_GENERAL}
#   - {width: 7}
#   - {precision: '4'}
# - name: HIP
#   datatype: int32
#   description: '? HIP cross-id number, van Leeuwen, Cat. I/311 (hip_original_ext_source_id)'
#   meta: !!omap
#   - {ucd: ID_NUMBER}
#   - {width: 6}
#   - values: {'null': -2147483648}
# - name: TYC2
#   datatype: string
#   description: Tycho-2 cross-id name, Hog et al., Cat. I/259 (tyc2_original_ext_source_id)
#   meta: !!omap
#   - {ucd: ID_CROSSID}
#   - {_votable_string_dtype: char}
# - name: Source
#   datatype: int64
#   description: Source identifier, identical to the Gaia-EDR3 source_id (id)
#   meta: !!omap
#   - {ucd: ID_MAIN}
#   - {width: 19}
# - name: rgeo
#   unit: pc
#   datatype: float64
#   format: '{:15.8f}'
#   description: '? Median of the geometric distance posterior (r_med_geo)'
#   meta: !!omap
#   - {ucd: PHYS_DISTANCE_TRUE}
#   - {width: 15}
#   - {precision: '8'}
#   - values: {'null': .nan}
# - name: Plx
#   unit: mas
#   datatype: float64
#   format: '{:9.4f}'
#   description: '? Parallax (parallax)'
#   meta: !!omap
#   - {ucd: POS_PARLX_TRIG}
#   - {width: 9}
#   - {precision: '4'}
#   - values: {'null': .nan}
# - name: e_Plx
#   unit: mas
#   datatype: float32
#   format: '{:7.4f}'
#   description: '? Standard error of parallax (parallax_error)'
#   meta: !!omap
#   - {ucd: ERROR}
#   - {width: 7}
#   - {precision: '4'}
#   - values: {'null': .nan}
# - name: pmRA
#   unit: mas / yr
#   datatype: float64
#   format: '{:9.3f}'
#   description: '? Proper motion in right ascension direction, pmRA*cosDE (pmra)'
#   meta: !!omap
#   - {ucd: POS_EQ_PMRA}
#   - {width: 9}
#   - {precision: '3'}
#   - values: {'null': .nan}
# - name: pmDE
#   unit: mas / yr
#   datatype: float64
#   format: '{:9.3f}'
#   description: '? Proper motion in declination direction (pmdec)'
#   meta: !!omap
#   - {ucd: POS_EQ_PMDEC}
#   - {width: 9}
#   - {precision: '3'}
#   - values: {'null': .nan}
# - name: e_pmRA
#   unit: mas / yr
#   datatype: float32
#   format: '{:6.3f}'
#   description: '? Standard error of proper motion in right ascension direction (pmra_error)'
#   meta: !!omap
#   - {ucd: ERROR}
#   - {width: 6}
#   - {precision: '3'}
#   - values: {'null': .nan}
# - name: e_pmDE
[...]
#         unit: &id001 !astropy.units.Unit {unit: deg}
#         value: !astropy.table.SerializedColumn {name: SkyCoord.dec}
#       distance: !astropy.table.SerializedColumn
#         __class__: astropy.coordinates.distances.Distance
#         unit: !astropy.units.Unit {unit: pc}
#         value: !astropy.table.SerializedColumn {name: SkyCoord.distance}
#       frame: icrs
#       obstime: !astropy.time.Time {format: jyear_str, in_subfmt: '*', jd1: 367701545.0, jd2: 0.0, out_subfmt: '*', precision: 3, scale: tt}
#       pm_dec: !astropy.table.SerializedColumn
#         __class__: astropy.units.quantity.Quantity
#         unit: !astropy.units.Unit {unit: mas / yr}
#         value: !astropy.table.SerializedColumn {name: SkyCoord.pm_dec}
#       pm_ra_cosdec: !astropy.table.SerializedColumn
#         __class__: astropy.units.quantity.Quantity
#         unit: !astropy.units.Unit {unit: mas / yr}
#         value: !astropy.table.SerializedColumn {name: SkyCoord.pm_ra_cosdec}
#       ra: !astropy.table.SerializedColumn
#         __class__: astropy.coordinates.angles.Longitude
#         unit: *id001
#         value: !astropy.table.SerializedColumn {name: SkyCoord.ra}
#         wrap_angle: !astropy.coordinates.Angle
#           unit: *id001
#           value: 360.0
#       representation_type: spherical
# schema: astropy-2.0
RA_ICRS_1 DE_ICRS_1 e_RA_ICRS e_DE_ICRS _r_1 HIP TYC2 Source rgeo Plx e_Plx pmRA pmDE e_pmRA e_pmDE RUWE Teff logg Gmag BP-RP BPmag RPmag RV e_RV b_rgeo B_rgeo FG e_FG FBP e_FBP FRP e_FRP RAVE5 RAVE6 e_Gmag e_BPmag e_RPmag e_BP-RP SkyCoord.ra SkyCoord.dec SkyCoord.distance SkyCoord.pm_ra_cosdec SkyCoord.pm_dec
[from data line 324]
288.64810885573 12.52437638409 0.0183 0.0197 25.128 "" "" 4313223797555406592 1588.43518 0.5769 0.028 3.277 -2.153 0.023 0.023 0.996 "" "" 15.337519 2.762799 16.8904 14.127601 13.51 3.36 1524.38477 1664.13135 13801.90832 4.4474 2394.7 4.6141 17706.0 14.208 "" "" 0.002777443026491825 0.0034873318 0.0038785026 0.0073658344 288.64810885573 12.52437638409 1588.43518 3.2769999999999997 -2.153
288.81400147332 13.26514881684 0.0184 0.02 24.9502 "" "" 4319319318219324160 1540.42456 0.6108 0.0289 -1.04 -3.506 0.023 0.023 0.992 9591.7 4.1909 15.337816 1.391274 15.955153 14.563879 "" "" 1485.10657 1603.92102 13798.12843 3.1677 5667.0 6.9485 11847.0 10.415 "" "" 0.0027665716485939886 0.0030914876 0.0038980502 0.0069895377 288.81400147332 13.26514881684 1540.42456 -1.0400000000000003 -3.5060000000000002
289.1060970057 13.22319419802 0.0188 0.02 24.7764 "" "" 4319291315031004288 1581.43762 0.5996 0.0281 -1.33 -2.839 0.024 0.024 0.992 9042.3 4.3796 15.345266 1.536088 16.050673 14.514585 "" "" 1518.19434 1644.78894 13703.77762 3.6306 5189.8 8.4653 12397.0 9.9997 "" "" 0.0027702944189973754 0.003304762 0.0038795252 0.0071842875 289.1060970057 13.22319419802 1581.43762 -1.33 -2.8390000000000004
288.79778535397 12.43721475912 0.0207 0.0228 26.0957 "" "" 4313032035840752000 1462.12219 0.6471 0.0299 4.499 -5.412 0.029 0.029 0.961 7411.9 3.6112 15.352845 2.05679 16.396997 14.340207 10.83 8.74 1407.06519 1522.98645 13608.45146 4.749 3772.4 8.3597 14557.0 15.095 "" "" 0.0027812497382990165 0.0036842811 0.0039435127 0.0076277936 288.79778535397 12.43721475912 1462.12219 4.498999999999999 -5.412
288.54967741561 12.60807385995 0.0199 0.0211 25.7292 "" "" 4313237197852914048 1571.37939 0.5808 0.0296 -0.617 0.111 0.025 0.023 0.959 "" "" 15.364924 2.761318 16.925968 14.16465 -73.94 3.07 1499.45801 1649.63513 13457.88996 3.9766 2317.6 5.4026 17112.0 11.42 "" "" 0.0027739347195338488 0.0037670818 0.003848214 0.0076152957 288.54967741561 12.60807385995 1571.37939 -0.6170000000000001 0.11100000000000002
288.89056587546 12.84363003342 0.0195 0.0215 1.2995 "" "" 4319240050298549120 1681.6095 0.5693 0.0311 -1.235 -3.533 0.024 0.025 1.023 7992.1 4.1616 15.36663 1.548388 16.067219 14.518831 "" "" 1600.37585 1787.88574 13436.76858 4.1545 5111.3 9.1468 12349.0 10.434 "" "" 0.00277569491649103 0.0034000163 0.0038891246 0.007289141 288.89056587546 12.84363003342 1681.6095 -1.235 -3.5329999999999995
289.29122506395 13.16029077785 0.0194 0.0211 28.8694 "" "" 4319276505983147264 1710.98596 0.5607 0.0313 -2.012 -5.603 0.025 0.025 0.961 9021.1 3.7041 15.370802 1.571587 16.093872 14.522285 "" "" 1633.27637 1800.5011 13385.23606 3.6873 4987.3 9.6141 12310.0 14.018 "" "" 0.0027715061279152712 0.0034879309 0.0039764764 0.007464407 289.29122506395 13.16029077785 1710.98596 -2.0119999999999996 -5.603000000000001
289.30042836757 12.66355454476 0.0304 0.032 25.8866 "" "" 4319043272064654976 1795.41565 0.5267 0.0492 -0.119 -3.284 0.038 0.036 1.319 "" "" 15.375504 1.799664 16.240404 14.440741 100.03 8.49 1650.08447 1976.71289 13327.38551 5.3152 4357.7 9.3373 13270.0 9.7923 "" "" 0.0027891374888225203 0.0036328062 0.0038633717 0.007496178 289.30042836757 12.66355454476 1795.41565 -0.11899999999999997 -3.2840000000000003
288.97717453768 13.14521490533 0.0192 0.0209 17.6622 "" "" 4319266919614498304 1926.5592 0.4901 0.0295 1.191 -1.465 0.025 0.025 1.018 "" "" 15.376242 1.577797 16.107933 14.530136 "" "" 1814.60437 2041.29858 13318.34214 3.6123 4923.2 11.053 12221.0 8.8839 "" "" 0.0027710122209562366 0.0037049686 0.0038609146 0.007565883 288.97717453768 13.14521490533 1926.5592 1.1909999999999996 -1.465
289.29500115503 12.93917757618 0.0192 0.0209 23.2467 "" "" 4319245272979408896 1666.7561 0.5617 0.0316 -1.769 -6.052 0.025 0.025 1.008 "" "" 15.377698 1.931144 16.337069 14.405925 2.58 9.18 1580.51868 1780.10034 13300.49089 4.6547 3986.5 7.0541 13702.0 16.304 "" "" 0.002781396400168645 0.003387637 0.0039940923 0.0073817293 289.29500115503 12.93917757618 1666.7561 -1.7690000000000001 -6.0520000000000005
288.86252480669 13.14999104722 0.0197 0.0204 17.6381 "" "" 4319313270905246720 1579.36597 0.6004 0.0291 1.1 -0.418 0.026 0.024 0.995 6685.3 3.8822 15.380072 1.814299 16.26318 14.448881 "" "" 1517.2002 1644.73364 13271.43742 3.783 4267.2 11.002 13171.0 10.457 "" "" 0.002772647060948325 0.0039523733 0.0038764402 0.007828813 288.86252480669 13.14999104722 1579.36597 1.1 -0.418
289.02582277242 13.20641492969 0.0408 0.0441 21.9822 "" "" 4319267572449715328 1510.74329 0.6523 0.0617 -2.16 -6.882 0.053 0.053 1.946 9084.8 4.1893 15.383936 1.503921 16.046051 14.54213 "" "" 1385.0282 1637.21118 13224.28463 9.7267 5211.9 8.5911 12087.0 11.028 "" "" 0.0028687134888133415 0.0033148192 0.0039070495 0.0072218687 289.02582277242 13.20641492969 1510.74329 -2.16 -6.882000000000001
288.89515637352 13.33045190198 0.0204 0.0234 28.288 "" "" 4319343473117692928 1339.28125 0.7078 0.0338 4.153 2.667 0.024 0.025 0.99 6475.2 3.902 15.386039 1.736231 16.216587 14.480356 "" "" 1288.73865 1414.4231 13198.699 3.9435 4454.3 7.0422 12794.0 14.584 "" "" 0.0027743507238677015 0.003275904 0.0039768685 0.0072527723 288.89515637352 13.33045190198 1339.28125 4.153 2.6670000000000003
288.5088050422 12.58532132083 0.021 0.0222 28.47 "" "" 4313235651664696960 1488.31946 0.6324 0.0315 -0.647 -1.306 0.026 0.024 1.046 "" "" 15.386147 2.03244 16.413986 14.381546 55.75 14.45 1432.0719 1553.35583 13197.39661 3.7201 3713.8 6.5768 14013.0 10.305 "" "" 0.002772265363061845 0.0033885064 0.0038628008 0.0072513074 288.5088050422 12.58532132083 1488.31946 -0.6470000000000001 -1.306
288.98573564813 12.58467631387 0.2465 0.2589 17.1126 "" "" 4313040625775373184 1584.40942 0.7318 0.1999 -1.551 -0.209 0.24 0.268 2.005 "" "" 15.388909 2.819244 16.172728 13.353483 "" "" 1283.68213 2023.30286 13163.85687 136.06 4637.9 48.444 36121.0 395.41 "" "" 0.01155533919944831 0.0116789695 0.012471785 0.024150755 288.98573564813 12.58467631387 1584.40942 -1.5509999999999997 -0.20899999999999996
288.96460096239 12.81081346279 0.0185 0.021 4.484 "" "" 4319240393895871232 1337.2428 0.7113 0.0303 1.347 -3.252 0.023 0.024 0.993 4884.5 3.501 15.389742 2.08228 16.454824 14.372544 -26.77 3.97 1284.49158 1388.60706 13153.76412 4.2192 3576.7 6.6518 14130.0 11.799 "" "" 0.002777242315572181 0.0034441615 0.0038866044 0.007330766 288.96460096239 12.81081346279 1337.2428 1.3469999999999995 -3.2520000000000002
289.17551952205 13.01799441736 0.0205 0.0226 18.4142 "" "" 4319249808464919296 1587.6759 0.6 0.0333 -4.954 -16.598 0.027 0.027 1.085 7976.3 3.9976 15.392514 1.817302 16.277752 14.46045 "" "" 1520.82056 1663.98083 13120.22325 4.0112 4210.3 7.0788 13031.0 10.408 "" "" 0.0027752427742143786 0.0033342661 0.003877595 0.007211861 289.17551952205 13.01799441736 1587.6759 -4.953999999999999 -16.598
288.91535832844 12.84478026541 0.0204 0.0226 1.0157 "" "" 4319240011618751232 1563.62341 0.6069 0.0304 -1.133 -3.751 0.026 0.026 0.969 9238.7 4.0033 15.395411 1.526914 16.094799 14.567885 "" "" 1489.54089 1650.50244 13085.25196 3.5862 4983.1 6.357 11803.0 7.5819 "" "" 0.0027713412350115468 0.003115046 0.0038431962 0.0069582425 288.91535832844 12.84478026541 1563.62341 -1.133 -3.751
288.65887032357 12.46945970537 0.3414 0.3511 27.4962 "" "" 4313220567739196416 1889.71301 1.2668 0.4799 -1.227 -9.456 0.438 0.397 16.183 6781.7 3.053 15.401416 1.9043 16.20827 14.303969 12.04 5.93 1055.91345 3163.47729 13013.08586 33.362 4488.6 8.0742 15051.0 10.981 "" "" 0.0039166100592415145 0.0034057957 0.0038615034 0.007267299 288.65887032357 12.46945970537 1889.71301 -1.2269999999999999 -9.455999999999998
289.02590386192 12.8868960842 0.0198 0.0214 7.2029 "" "" 4319241184170290304 1593.44666 0.5989 0.031 3.872 -2.384 0.026 0.025 1.033 5093.4 3.4994 15.401863 2.216068 16.560099 14.34403 -21.01 3.6 1531.25732 1669.68616 13007.73293 4.1311 3246.2 6.5696 14506.0 9.1343 "" "" 0.0027768125662401134 0.003551499 0.0038407217 0.0073922207 289.02590386192 12.8868960842 1593.44666 3.872 -2.384
288.50173074874 12.62742206078 0.0196 0.0219 27.4457 "" "" 4313237988126991872 1444.71179 0.6522 0.0322 -0.397 -0.329 0.024 0.023 0.985 7183.8 3.5378 15.403057 2.113092 16.485086 14.371994 23.02 7.07 1386.15356 1507.67175 12993.43711 3.67 3478.4 6.2459 14137.0 9.0341 "" "" 0.0027723336276665777 0.003403805 0.0038425415 0.007246346 288.50173074874 12.62742206078 1444.71179 -0.397 -0.329
289.10011504668 12.4673749962 0.0232 0.0256 26.104 "" "" 4313035093857108224 1717.44214 0.549 0.0378 -1.811 -3.83 0.028 0.027 1.194 9179.7 3.7326 15.404377 1.723542 16.216108 14.492566 "" "" 1604.78955 1821.50745 12977.64636 3.8798 4456.3 7.0998 12651.0 14.012 "" "" 0.0027743736797000056 0.0032828734 0.0039660847 0.007248958 289.10011504668 12.4673749962 1717.44214 -1.8109999999999997 -3.8299999999999996
289.01222094502 13.2079105673 0.0195 0.0217 21.8281 "" "" 4319268328363961856 1924.15771 0.4897 0.0291 0.206 -2.107 0.025 0.026 1.026 8374.9 4.0766 15.404894 1.624901 16.061512 14.436611 "" "" 1805.61865 2054.96777 12971.4659 6.0776 5138.2 46.542 13320.0 196.51 "" "" 0.0028018871828035955 0.010222775 0.016457697 0.026680473 289.01222094502 13.2079105673 1924.15771 0.206 -2.107
288.92383476235 12.55060928866 0.0198 0.0227 18.5389 "" "" 4313040247818264320 1939.39478 0.4651 0.0316 -0.349 -6.258 0.027 0.027 0.991 4894.9 2.5898 15.40816 2.492993 16.762957 14.269963 -26.84 7.75 1841.38538 2053.4646 12932.5009 78.081 2693.0 57.179 15530.0 304.16 "" "" 0.007110743811563126 0.023221083 0.021597737 0.04481882 288.92383476235 12.55060928866 1939.39478 -0.349 -6.258
288.95752860904 12.72153072536 0.0195 0.0223 8.7858 "" "" 4319234861977935872 1548.71619 0.6029 0.0321 0.274 -6.404 0.027 0.027 1.028 5033.2 2.995 15.408493 2.505307 16.771461 14.266154 24.81 8.69 1465.67017 1635.86023 12928.53858 23.525 2672.0 18.252 15585.0 79.896 "" "" 0.0033904104628168738 0.007923973 0.006727852 0.014651825 288.95752860904 12.72153072536 1548.71619 0.2740000000000001 -6.404000000000001
288.68380393395 12.5206927147 0.019 0.0206 24.1165 "" "" 4313221186214536448 1776.9259 0.5277 0.0292 -0.329 -4.557 0.025 0.024 1.037 "" "" 15.412566 1.968152 16.393623 14.425471 "" "" 1688.62292 1892.01367 12880.12885 4.6116 3784.1 7.6013 13458.0 10.005 "" "" 0.002782607725479119 0.0035414228 0.0038646136 0.0074060364 288.68380393395 12.5206927147 1776.9259 -0.329 -4.557
289.15791823734 12.74607538724 0.02 0.0215 16.2191 "" "" 4319048357303459200 1610.68677 0.5853 0.034 0.39 -4.576 0.026 0.025 1.001 9249.4 4.0079 15.418545 1.633476 16.182615 14.549139 "" "" 1525.83521 1711.65186 12809.40267 3.6952 4595.9 7.0845 12009.0 9.2282 "" "" 0.002773064889504 0.0032536334 0.0038703775 0.007124011 289.15791823734 12.74607538724 1610.68677 0.39000000000000007 -4.576
288.63947850603 12.8781517504 0.0205 0.0226 15.6377 "" "" 4313251628943387520 1517.24597 0.6251 0.0329 -1.502 -4.072 0.026 0.025 1.006 "" "" 15.419108 1.985563 16.412853 14.42729 "" "" 1454.13269 1573.2207 12802.75633 3.9814 3717.7 6.7369 13435.0 8.3362 "" "" 0.002775930766730112 0.0034140914 0.0038389547 0.007253046 288.63947850603 12.8781517504 1517.24597 -1.502 -4.072
288.62119171262 12.70780545418 0.02 0.0213 18.9826 "" "" 4313244653916228352 1682.84253 0.5548 0.0299 -2.971 -6.449 0.025 0.023 1.017 7084.1 3.4315 15.420755 2.292191 16.632822 14.340631 -5.89 4.93 1619.36267 1764.55652 12783.35213 3.6854 3035.9 5.8673 14551.0 11.74 "" "" 0.0027730429763689174 0.0034911407 0.003879573 0.0073707136 288.62119171262 12.70780545418 1682.84253 -2.9709999999999996 -6.448999999999998
288.49714846016 12.73006020654 0.0222 0.0252 25.1497 "" "" 4313242214374996736 1379.94885 0.6958 0.0355 -3.866 -7.603 0.027 0.027 0.982 6716.9 3.8163 15.423196 2.108495 16.506893 14.398398 46.15 3.58 1323.46472 1451.50098 12754.64881 3.8879 3409.3 8.3 13797.0 10.307 "" "" 0.002775125511585793 0.0038434078 0.003865437 0.0077088447 288.49714846016 12.73006020654 1379.94885 -3.866000000000001 -7.602999999999999
288.65675242648 12.83599373747 0.0197 0.0211 14.6524 "" "" 4313250220194024832 1568.73706 0.6096 0.0308 -1.192 -3.498 0.025 0.023 0.942 9234.4 3.7542 15.43114 1.607222 16.165865 14.558643 "" "" 1495.67188 1662.28552 12661.66199 3.2913 4667.4 13.64 11904.0 18.16 "" "" 0.002769736883152805 0.004225243 0.004126398 0.008351641 288.65675242648 12.83599373747 1568.73706 -1.192 -3.4979999999999998
288.60029910743 12.56077557447 0.0208 0.0221 25.3135 "" "" 4313224897066430592 1363.9375 0.6924 0.0303 -1.138 -3.186 0.025 0.024 1.005 9529.8 4.0442 15.434319 1.765894 16.278028 14.512135 "" "" 1311.29907 1413.43103 12624.64509 3.3833 4209.3 7.2567 12425.0 10.223 "" "" 0.00277064107142846 0.0033598496 0.0038835222 0.0072433716 288.60029910743 12.56077557447 1363.9375 -1.1379999999999997 -3.185999999999999
289.27627978329 12.8468670626 0.0208 0.0218 21.6664 "" "" 4319056569281080960 1365.88965 0.6958 0.0332 0.443 1.906 0.026 0.025 0.986 7476.9 3.9387 15.435246 1.763985 16.28604 14.522055 "" "" 1320.57092 1421.41809 12613.86597 3.5467 4178.3 6.0835 12312.0 9.7536 "" "" 0.002772180770804621 0.0032068663 0.0038760211 0.0070828875 289.27627978329 12.8468670626 1365.88965 0.44300000000000006 1.9060000000000001
288.82494238071 12.48401074076 0.0206 0.0232 23.0018 "" "" 4313038117514487680 1840.10986 0.5138 0.0316 0.38 -2.578 0.028 0.029 1.017 9003.0 3.4967 15.441121 1.643556 16.213133 14.569577 "" "" 1759.36926 1958.66479 12545.80305 3.6692 4468.5 7.1347 11785.0 8.3289 "" "" 0.002773557369953779 0.0032848546 0.003856491 0.0071413456 288.82494238071 12.48401074076 1840.10986 0.38 -2.5779999999999994
288.63633816611 13.22705248385 0.0201 0.0233 27.1299 "" "" 4319312583709989504 1546.6991 0.6239 0.0336 -1.37 -3.544 0.026 0.028 0.953 "" "" 15.442198 1.697639 16.23013 14.532491 "" "" 1461.50928 1648.53186 12533.36347 3.8906 4399.1 8.3694 12194.0 16.222 "" "" 0.002775856817454367 0.0034715876 0.004045982 0.0075175697 288.63633816611 13.22705248385 1546.6991 -1.3699999999999999 -3.544
288.9850908081 12.75737309205 0.0301 0.0347 7.656 "" "" 4319235583532454144 1872.18982 0.4954 0.0499 -1.662 -4.25 0.041 0.041 1.567 "" "" 15.446102 2.353617 16.659227 14.305611 "" "" 1708.93835 2057.62012 12488.37189 5.9662 2963.0 6.0746 15028.0 10.367 "" "" 0.0028037188022347215 0.0035692838 0.0038528838 0.007422168 288.9850908081 12.75737309205 1872.18982 -1.6619999999999997 -4.25
289.06578126641 12.61007175066 0.0203 0.0218 17.6236 "" "" 4319044818250102144 1546.73523 0.6179 0.0337 1.58 -2.973 0.025 0.024 0.958 7097.6 3.5635 15.446216 1.968532 16.427979 14.459447 "" "" 1469.63428 1637.99878 12487.06537 3.6008 3666.3 6.5384 13043.0 9.141 "" "" 0.002773051012057494 0.003396207 0.0038552212 0.0072514284 289.06578126641 12.61007175066 1546.73523 1.58 -2.973
288.82294422442 13.27646425835 0.02 0.0219 25.5088 "" "" 4319319416976978560 1958.07568 0.473 0.0304 1.412 -3.182 0.025 0.025 1.061 7444.5 3.5046 15.446335 1.837597 16.325747 14.48815 "" "" 1853.38794 2079.70215 12485.69943 3.6219 4028.3 8.7655 12703.0 33.65 "" "" 0.0027732626588546578 0.003656042 0.004749278 0.00840532 288.82294422442 13.27646425835 1958.07568 1.4119999999999997 -3.1819999999999995
289.08038199985 13.15097554623 0.0201 0.0224 20.2603 "" "" 4319264205195371392 1562.93542 0.6139 0.0324 -1.342 -3.524 0.028 0.028 0.989 9203.4 4.2285 15.449447 1.488885 16.125837 14.636952 "" "" 1495.87231 1626.21533 12449.96019 3.5143 4842.6 9.3909 11076.0 7.9753 "" "" 0.0027723124626775997 0.0034954443 0.0038593933 0.007354838 289.08038199985 13.15097554623 1562.93542 -1.3419999999999999 -3.5239999999999996
