Clusters/LP_1614/LP_1614_stars_in_region.tsv
# %ECSV 1.0
# ---
# datatype:
# - name: RA_ICRS_1
#   unit: deg
#   datatype: float64
#   format: '{:15.11f}'
#   description: Right ascension (ICRS) at Ep=2016.0 (ra)
#   meta: !!omap
#   - {ucd: POS_EQ_RA_MAIN}
#   - {width: 15}
#   - {precision: '11'}
# - name: DE_ICRS_1
#   unit: deg
#   datatype: float64
#   format: '{:15.11f}'
#   description: Declination (ICRS) at Ep=2016.0 (dec)
#   meta: !!omap
#   - {ucd: POS_EQ_DEC_MAIN}
#   - {width: 15}
#   - {precision: '11'}
# - name: e_RA_ICRS
#   unit: mas
#   datatype: float64
#   format: '{:7.4f}'
#   description: Standard error of right ascension (ra_error)
#   meta: !!omap
#   - {ucd: ERROR}
#   - {width: 7}
#   - {precision: '4'}
# - name: e_DE_ICRS
#   unit: mas
#   datatype: float64
#   format: '{:7.4f}'
#   description: Standard error of declination (dec_error)
#   meta: !!omap
#   - {ucd: ERROR}
#   - {width: 7}
#   - {precision: '4'}
# - name: _r_1
#   unit: ''
#   datatype: float64
#   format: '{:7.4f}'
#   description: Distance from center (241.56211261000-52.14239634000)[ICRS], at Epoch=J2016.0
#   meta: !!omap
#   - {ucd: POS_ANG_DIST_GENERAL}
#   - {width: 7}
#   - {precision: '4'}
# - name: HIP
#   datatype: int32
#   description: '? HIP cross-id number, van Leeuwen, Cat. I/311 (hip_original_ext_source_id)'
#   meta: !!omap
#   - {ucd: ID_NUMBER}
#   - {width: 6}
#   - values: {'null': -2147483648}
# - name: TYC2
#   datatype: string
#   description: Tycho-2 cross-id name, Hog et al., Cat. I/259 (tyc2_original_ext_source_id)
#   meta: !!omap
#   - {ucd: ID_CROSSID}
#   - {_votable_string_dtype: char}
# - name: Source
#   datatype: int64
#   description: Source identifier, identical to the Gaia-EDR3 source_id (id)
#   meta: !!omap
#   - {ucd: ID_MAIN}
#   - {width: 19}
# - name: rgeo
#   unit: pc
#   datatype: float64
#   format: '{:15.8f}'
#   description: '? Median of the geometric distance posterior (r_med_geo)'
#   meta: !!omap
#   - {ucd: PHYS_DISTANCE_TRUE}
#   - {width: 15}
#   - {precision: '8'}
#   - values: {'null': .nan}
# - name: Plx
#   unit: mas
#   datatype: float64
#   format: '{:9.4f}'
#   description: '? Parallax (parallax)'
#   meta: !!omap
#   - {ucd: POS_PARLX_TRIG}
#   - {width: 9}
#   - {precision: '4'}
#   - values: {'null': .nan}
# - name: e_Plx
#   unit: mas
#   datatype: float32
#   format: '{:7.4f}'
#   description: '? Standard error of parallax (parallax_error)'
#   meta: !!omap
#   - {ucd: ERROR}
#   - {width: 7}
#   - {precision: '4'}
#   - values: {'null': .nan}
# - name: pmRA
#   unit: mas / yr
#   datatype: float64
#   format: '{:9.3f}'
#   description: '? Proper motion in right ascension direction, pmRA*cosDE (pmra)'
#   meta: !!omap
#   - {ucd: POS_EQ_PMRA}
#   - {width: 9}
#   - {precision: '3'}
#   - values: {'null': .nan}
# - name: pmDE
#   unit: mas / yr
#   datatype: float64
#   format: '{:9.3f}'
#   description: '? Proper motion in declination direction (pmdec)'
#   meta: !!omap
#   - {ucd: POS_EQ_PMDEC}
#   - {width: 9}
#   - {precision: '3'}
#   - values: {'null': .nan}
# - name: e_pmRA
#   unit: mas / yr
#   datatype: float32
#   format: '{:6.3f}'
#   description: '? Standard error of proper motion in right ascension direction (pmra_error)'
#   meta: !!omap
#   - {ucd: ERROR}
#   - {width: 6}
#   - {precision: '3'}
#   - values: {'null': .nan}
# - name: e_pmDE
[...]
#         unit: &id001 !astropy.units.Unit {unit: deg}
#         value: !astropy.table.SerializedColumn {name: SkyCoord.dec}
#       distance: !astropy.table.SerializedColumn
#         __class__: astropy.coordinates.distances.Distance
#         unit: !astropy.units.Unit {unit: pc}
#         value: !astropy.table.SerializedColumn {name: SkyCoord.distance}
#       frame: icrs
#       obstime: !astropy.time.Time {format: jyear_str, in_subfmt: '*', jd1: 367701545.0, jd2: 0.0, out_subfmt: '*', precision: 3, scale: tt}
#       pm_dec: !astropy.table.SerializedColumn
#         __class__: astropy.units.quantity.Quantity
#         unit: !astropy.units.Unit {unit: mas / yr}
#         value: !astropy.table.SerializedColumn {name: SkyCoord.pm_dec}
#       pm_ra_cosdec: !astropy.table.SerializedColumn
#         __class__: astropy.units.quantity.Quantity
#         unit: !astropy.units.Unit {unit: mas / yr}
#         value: !astropy.table.SerializedColumn {name: SkyCoord.pm_ra_cosdec}
#       ra: !astropy.table.SerializedColumn
#         __class__: astropy.coordinates.angles.Longitude
#         unit: *id001
#         value: !astropy.table.SerializedColumn {name: SkyCoord.ra}
#         wrap_angle: !astropy.coordinates.Angle
#           unit: *id001
#           value: 360.0
#       representation_type: spherical
# schema: astropy-2.0
RA_ICRS_1 DE_ICRS_1 e_RA_ICRS e_DE_ICRS _r_1 HIP TYC2 Source rgeo Plx e_Plx pmRA pmDE e_pmRA e_pmDE RUWE Teff logg Gmag BP-RP BPmag RPmag RV e_RV b_rgeo B_rgeo FG e_FG FBP e_FBP FRP e_FRP RAVE5 RAVE6 e_Gmag e_BPmag e_RPmag e_BP-RP SkyCoord.ra SkyCoord.dec SkyCoord.distance SkyCoord.pm_ra_cosdec SkyCoord.pm_dec
[from data line 1341]
241.44941514032 -52.03772489331 0.0527 0.0325 7.5301 "" "" 5981392531282930944 2686.67822 0.3756 0.0656 0.595 -4.453 0.078 0.053 0.949 8178.2 4.0812 16.836248 2.96897 18.549175 15.580205 "" "" 2287.37793 3165.20996 3470.93932 2.9988 519.69 6.7522 4646.0 12.051 "" "" 0.002910622328968158 0.014379981 0.0047132666 0.019093247 241.44941514032 -52.03772489331 2686.67822 0.5949999999999998 -4.453
241.73962503328 -52.21786295103 0.0469 0.0286 7.947 "" "" 5933349027159665024 2727.20312 0.3614 0.0645 -6.095 -5.903 0.067 0.049 1.012 "" "" 16.836569 1.885555 17.755175 15.869619 "" "" 2363.71948 3389.13672 3469.91584 1.6267 1079.8 6.0181 3558.9 8.5604 "" "" 0.002801939418044014 0.006663473 0.004593915 0.011257388 241.73962503328 -52.21786295103 2727.20312 -6.095 -5.902999999999999
241.2868415453 -52.08012133426 0.0546 0.0367 10.8095 "" "" 5981386655750956544 2148.6582 0.4392 0.0661 -2.684 -0.727 0.085 0.058 0.965 "" "" 16.838436 2.205446 17.96993 15.764484 "" "" 1893.83557 2434.07275 3463.95544 2.0948 886.02 5.5117 3920.7 11.185 "" "" 0.0028324724886209136 0.0073077134 0.00488647 0.012194183 241.2868415453 -52.08012133426 2148.6582 -2.6839999999999997 -0.7269999999999999
241.96947738844 -52.18598454539 0.0465 0.028 15.219 "" "" 5933346965575192320 2243.99609 0.4487 0.0604 -1.305 0.957 0.065 0.05 1.006 9197.5 4.3316 16.839314 1.72976 17.668852 15.939092 "" "" 2004.39258 2673.40063 3461.15931 1.5628 1169.2 6.3614 3338.3 8.5917 "" "" 0.002798592820562475 0.006533079 0.0047002146 0.011233293 241.96947738844 -52.18598454539 2243.99609 -1.305 0.9569999999999999
241.71513623428 -52.15238830848 0.0438 0.0293 5.6658 "" "" 5933349473836172032 2316.17627 0.4157 0.0607 -3.632 -4.666 0.064 0.051 0.965 "" "" 16.840157 2.127059 17.93886 15.811801 "" "" 2030.95813 2758.36377 3458.47307 1.7041 911.74 5.2424 3753.5 7.5516 "" "" 0.002806775665631712 0.006838006 0.004365228 0.011203234 241.71513623428 -52.15238830848 2316.17627 -3.6319999999999997 -4.666
241.43233101605 -52.14397649902 0.0492 0.033 4.7797 "" "" 5981385693694910464 2834.55103 0.3375 0.0665 -2.253 -3.836 0.07 0.054 1.021 "" "" 16.840553 2.203653 17.984642 15.780989 "" "" 2354.87598 3407.1731 3457.20612 1.7277 874.1 5.2251 3861.6 7.3031 "" "" 0.002808235622998796 0.0070645376 0.0043011624 0.0113657005 241.43233101605 -52.14397649902 2834.55103 -2.2529999999999997 -3.836
241.6668262857 -52.19440912683 0.0468 0.0315 4.9587 "" "" 5933348988441919488 2524.01538 0.3862 0.062 -1.637 -2.824 0.066 0.057 0.937 "" "" 16.841763 1.811514 17.721582 15.910068 "" "" 2112.48096 3527.88623 3453.35758 1.8095 1113.7 5.7958 3428.7 7.5066 "" "" 0.0028134400045991157 0.006301638 0.0044647604 0.010766398 241.6668262857 -52.19440912683 2524.01538 -1.637 -2.8239999999999994
241.71858525574 -52.39195489938 0.0507 0.0332 16.038 "" "" 5933340810819881088 2412.40308 0.4342 0.0693 -3.898 -3.641 0.074 0.054 1.132 9411.8 4.1428 16.843075 1.969149 17.782705 15.813557 "" "" 2062.83081 2880.87134 3449.1869 1.9433 1052.8 6.7987 3747.4 12.152 "" "" 0.0028224070695815687 0.007546169 0.005165249 0.012711419 241.71858525574 -52.39195489938 2412.40308 -3.8980000000000006 -3.641
241.25826492969 -52.06525859428 0.0547 0.0348 12.1167 "" "" 5981398471205386752 2524.18286 0.3981 0.0664 -3.516 -4.591 0.081 0.054 1.022 "" "" 16.84355 2.649431 18.312506 15.663075 "" "" 2146.92773 3021.31714 3447.67836 2.14 646.27 5.8754 4304.6 8.3514 "" "" 0.002836540834145832 0.010257469 0.00432676 0.014584228 241.25826492969 -52.06525859428 2524.18286 -3.516 -4.590999999999999
241.74907720705 -52.23215583809 0.0443 0.0278 8.7352 "" "" 5933347893288292736 2105.81104 0.4562 0.0594 -3.504 -4.216 0.063 0.047 0.967 10004.0 4.0659 16.844627 1.857255 17.666462 15.809207 "" "" 1903.76428 2379.39868 3444.25678 1.796 1171.7 9.8904 3762.5 19.919 "" "" 0.0028128847380601636 0.009580091 0.0068791728 0.016459264 241.74907720705 -52.23215583809 2105.81104 -3.5039999999999996 -4.216
241.46514778405 -52.3662428152 0.0495 0.0353 13.895 "" "" 5981378856106435456 2216.47266 0.4124 0.0694 0.397 -1.089 0.066 0.056 1.062 "" "" 16.844723 2.231358 18.00601 15.774653 "" "" 1976.54468 2582.23804 3443.95429 1.6126 857.06 5.7106 3884.2 7.7825 "" "" 0.002801828993127365 0.0077536916 0.0043607512 0.012114443 241.46514778405 -52.3662428152 2216.47266 0.39700000000000013 -1.089
241.57209725292 -52.24487471678 0.0485 0.0322 6.1597 "" "" 5981381261288587776 2372.84521 0.417 0.07 -1.664 -1.8 0.065 0.054 1.01 9488.3 3.9868 16.845377 1.905135 17.781118 15.875983 "" "" 2011.20471 2855.49756 3441.87892 1.6804 1054.3 7.2983 3538.1 7.6651 "" "" 0.002805846424015272 0.008017107 0.0044515743 0.012468681 241.57209725292 -52.24487471678 2372.84521 -1.6640000000000001 -1.8000000000000003
241.65051959612 -52.00145406858 0.0537 0.0322 9.0633 "" "" 5981391122533409408 2013.72449 0.489 0.0676 -2.36 -4.576 0.081 0.057 1.041 "" "" 16.845575 1.768607 17.705082 15.936475 "" "" 1771.88892 2397.34009 3441.25212 1.7696 1130.8 5.5581 3346.3 5.8004 "" "" 0.0028113182433496587 0.006021991 0.004222039 0.0102440305 241.65051959612 -52.00145406858 2013.72449 -2.3600000000000003 -4.5760000000000005
242.00077049109 -52.20331554948 0.045 0.0284 16.5499 "" "" 5933346140941451648 2061.48047 0.482 0.0591 -1.7 -2.547 0.064 0.05 1.021 9085.4 4.451 16.845972 1.751167 17.683592 15.932425 "" "" 1855.65723 2313.59058 3439.99388 1.5246 1153.4 4.9771 3358.8 7.1964 "" "" 0.002797023342084632 0.005453017 0.004437921 0.009890938 242.00077049109 -52.20331554948 2061.48047 -1.6999999999999997 -2.547
241.68633470028 -52.32916168939 0.0481 0.0308 12.0999 "" "" 5933341674175267584 2031.86523 0.4983 0.0648 -3.485 -1.966 0.072 0.053 1.036 4680.1 4.174 16.846964 2.047183 17.891489 15.844306 "" "" 1807.30042 2280.39062 3436.85614 1.7137 952.4 4.7025 3642.8 8.2326 "" "" 0.002808002083210952 0.0060434896 0.004506051 0.010549541 241.68633470028 -52.32916168939 2031.86523 -3.4850000000000003 -1.9660000000000002
241.77606851525 -52.23660972479 0.045 0.0277 9.6897 "" "" 5933348202525935104 2310.25586 0.4239 0.0602 -1.424 -3.252 0.063 0.048 0.957 "" "" 16.851255 2.095737 17.919672 15.823935 "" "" 2040.22363 2703.45898 3423.2995 1.7871 928.0 5.7897 3711.8 6.3796 "" "" 0.002813014272087862 0.007325941 0.004214977 0.011540918 241.77606851525 -52.23660972479 2310.25586 -1.4240000000000002 -3.252
241.91090160717 -52.13571054189 0.0454 0.0284 12.8503 "" "" 5933347343532358528 2008.19678 0.5154 0.0585 1.115 -5.141 0.063 0.049 1.006 9221.3 4.3791 16.85163 1.751795 17.695179 15.943384 "" "" 1770.77942 2285.34741 3422.12015 1.5801 1141.2 5.8042 3325.1 7.2018 "" "" 0.002800555218495836 0.0061869803 0.004451256 0.010638236 241.91090160717 -52.13571054189 2008.19678 1.1149999999999998 -5.141
241.75857178643 -51.92102460024 0.0519 0.0329 15.1331 "" "" 5981484924622316672 2306.3877 0.4188 0.0641 -6.086 -3.975 0.082 0.058 0.982 "" "" 16.853365 1.863637 17.774931 15.911294 "" "" 1992.17261 2729.29614 3416.65439 1.6769 1060.3 5.0801 3424.8 7.2068 "" "" 0.0028063769882163457 0.0059030103 0.004416292 0.010319302 241.75857178643 -51.92102460024 2306.3877 -6.085999999999999 -3.9749999999999996
241.86181862112 -52.02031918204 0.0475 0.0302 13.2579 "" "" 5933445784156100992 2533.37598 0.3887 0.0623 0.955 -0.226 0.069 0.052 0.999 5140.1 3.8371 16.854162 2.192987 17.994059 15.801071 "" "" 2211.47705 2961.05054 3414.14175 1.7357 866.55 6.0709 3790.8 5.9516 "" "" 0.00281006459507987 0.008102073 0.004146016 0.01224809 241.86181862112 -52.02031918204 2533.37598 0.955 -0.22600000000000003
241.46707365642 -52.06529585157 0.0539 0.0339 5.8024 "" "" 5981391874134074112 2121.41553 0.4528 0.0727 -4.776 -4.854 0.081 0.059 1.061 "" "" 16.854368 2.03076 17.883024 15.852264 "" "" 1862.91296 2653.44092 3413.4991 1.7314 959.86 5.3854 3616.2 6.5047 "" "" 0.002809816623499145 0.006700235 0.0042541604 0.010954395 241.46707365642 -52.06529585157 2121.41553 -4.776 -4.853999999999999
241.8132234991 -52.03160508873 0.0476 0.032 11.3973 "" "" 5933445543637937280 2178.80322 0.4463 0.0653 -3.217 -3.32 0.069 0.054 1.006 7149.4 4.2086 16.855762 2.071481 17.920284 15.848804 "" "" 1931.84717 2571.34326 3409.11871 1.6659 927.48 6.8817 3627.7 7.4937 "" "" 0.002805936369554547 0.008525432 0.0043947524 0.012920184 241.8132234991 -52.03160508873 2178.80322 -3.2169999999999996 -3.32
241.7026619246 -51.9690297192 0.0509 0.0312 11.6228 "" "" 5981484374866730880 2077.58447 0.4717 0.066 -3.55 -3.457 0.081 0.057 1.003 9030.0 4.2626 16.856438 1.702578 17.668882 15.966304 "" "" 1815.474 2417.17969 3406.99479 1.756 1169.1 6.8406 3255.6 11.242 "" "" 0.002811572704753227 0.0069385464 0.005323543 0.012262089 241.7026619246 -51.9690297192 2077.58447 -3.55 -3.457
241.47385910617 -52.21808649203 0.0487 0.0346 5.5827 "" "" 5981381944169526656 2198.63647 0.4302 0.069 -2.898 -4.762 0.073 0.059 1.0 "" "" 16.857683 1.722847 17.681099 15.958252 "" "" 1898.40149 2540.66357 3403.09039 1.7675 1156.1 5.7659 3279.9 7.1137 "" "" 0.002812433917337828 0.006091547 0.0044529703 0.010544518 241.47385910617 -52.21808649203 2198.63647 -2.898 -4.762
241.52854240062 -52.11185492474 0.0476 0.0327 2.2107 "" "" 5981388751696450176 2454.77759 0.3918 0.0735 -2.866 -4.859 0.078 0.056 0.94 "" "" 16.858772 1.91715 17.774681 15.857532 "" "" 2134.66016 2990.54272 3399.67741 1.891 1060.6 6.5826 3598.7 11.55 "" "" 0.0028207280252956074 0.0072934134 0.0051406804 0.012434093 241.52854240062 -52.11185492474 2454.77759 -2.8659999999999997 -4.858999999999999
241.21489538292 -51.98918003374 0.0663 0.0406 15.765 "" "" 5981400090408856064 2356.82568 0.4118 0.0806 -1.845 -2.597 0.089 0.06 1.157 8994.7 4.2533 16.859419 2.222774 17.851564 15.628791 "" "" 1990.87878 2827.1394 3397.65388 2.3488 988.08 13.615 4442.6 36.051 "" "" 0.0028557214045317318 0.0152185885 0.009586971 0.02480556 241.21489538292 -51.98918003374 2356.82568 -1.845 -2.597
241.69686807637 -52.34175487522 0.047 0.0301 12.9456 "" "" 5933341227498660992 2590.96997 0.3692 0.0621 -5.639 -3.261 0.071 0.05 0.987 7943.0 3.8332 16.85953 2.208601 18.013132 15.804531 "" "" 2259.06323 3030.2229 3397.30527 1.6811 851.46 4.7407 3778.7 6.9074 "" "" 0.0028072114423336987 0.006657936 0.004268816 0.010926752 241.69686807637 -52.34175487522 2590.96997 -5.639000000000001 -3.261000000000001
241.90449140071 -52.23498933913 0.0433 0.0269 13.7649 "" "" 5933346381459623296 2278.10498 0.4252 0.0583 -2.814 -2.261 0.063 0.046 1.019 "" "" 16.860216 1.789982 17.734997 15.945015 "" "" 2017.78467 2606.85425 3395.1608 1.4262 1100.1 6.0259 3320.1 8.412 "" "" 0.002792812488164819 0.006569207 0.004674515 0.011243722 241.90449140071 -52.23498933913 2278.10498 -2.8139999999999996 -2.261
241.93715875459 -52.24388518031 0.0441 0.028 15.0785 "" "" 5933346415819347072 2137.84351 0.4629 0.0586 -2.674 -3.174 0.064 0.05 0.968 8581.4 4.2938 16.86045 1.865774 17.774061 15.908287 "" "" 1927.50684 2343.63257 3394.4258 1.5027 1061.2 5.2212 3434.3 7.8734 "" "" 0.0027969296043089294 0.006026704 0.00452543 0.010552134 241.93715875459 -52.24388518031 2137.84351 -2.6740000000000004 -3.1740000000000004
241.86558081338 -51.95507024305 0.0496 0.0313 15.8656 "" "" 5933446230832754560 2379.96558 0.3966 0.0626 -1.93 -3.242 0.074 0.055 1.004 "" "" 16.86101 1.658331 17.648254 15.989923 "" "" 2097.66235 3003.83032 3392.68225 1.6977 1191.6 7.0213 3185.6 5.4656 "" "" 0.0028083745328857366 0.006979488 0.0042135287 0.011193017 241.86558081338 -51.95507024305 2379.96558 -1.93 -3.242
241.57290737743 -51.90758186976 0.0537 0.0336 14.0945 "" "" 5981394833385192320 2418.50171 0.4089 0.0674 -4.956 -5.488 0.076 0.055 1.018 8938.6 3.9486 16.861065 2.265758 18.04167 15.775912 "" "" 2070.25391 2978.08252 3392.50803 1.8988 829.37 5.0768 3879.7 8.2928 "" "" 0.0028215381465103244 0.007208018 0.00443504 0.011643058 241.57290737743 -51.90758186976 2418.50171 -4.956 -5.4879999999999995
241.93679044283 -52.17851481442 0.0454 0.0282 13.96 "" "" 5933346931215466752 2359.78906 0.4049 0.059 -3.458 -0.942 0.063 0.05 0.997 9188.5 4.3626 16.861128 1.748909 17.701878 15.952969 "" "" 2078.27222 2801.24805 3392.31114 1.4225 1134.1 4.3801 3295.9 6.7514 "" "" 0.002792681776844711 0.005036755 0.0043852157 0.009421971 241.93679044283 -52.17851481442 2359.78906 -3.458 -0.942
241.885886327 -52.32091361324 0.0456 0.0279 16.0091 "" "" 5933344251155790592 2214.02393 0.4398 0.0602 -1.271 -4.516 0.069 0.048 0.991 5113.4 3.5018 16.86124 2.338799 18.106945 15.768146 "" "" 1929.65405 2628.4751 3391.96038 1.7029 780.98 4.5996 3907.5 6.6015 "" "" 0.00280871945282882 0.006976695 0.0042009936 0.011177689 241.885886327 -52.32091361324 2214.02393 -1.271 -4.516
241.35896507598 -52.16203787536 0.052 0.036 7.5709 "" "" 5981385418816565632 2706.27612 0.3446 0.0685 -1.948 -5.242 0.072 0.056 1.045 7991.2 3.7443 16.863142 2.454701 18.154871 15.70017 "" "" 2320.93994 3210.73145 3386.02623 1.9699 747.25 7.497 4160.0 11.958 "" "" 0.002826795738366904 0.011244626 0.0049014464 0.016146071 241.35896507598 -52.16203787536 2706.27612 -1.9479999999999997 -5.241999999999999
241.67567931603 -51.99835023529 0.0526 0.0315 9.6042 "" "" 5981391221299273600 2273.51855 0.4293 0.0681 0.322 -2.654 0.076 0.056 0.979 "" "" 16.863832 1.953079 17.836891 15.883812 "" "" 1994.48816 2681.13135 3383.86793 2.5582 1001.5 6.4603 3512.6 10.066 "" "" 0.002874982952722711 0.007539 0.0048953434 0.012434343 241.67567931603 -51.99835023529 2273.51855 0.32200000000000006 -2.654
241.69259382133 -52.04752972857 0.0495 0.0312 7.452 "" "" 5981390263539920768 2727.52295 0.3752 0.0631 -4.772 -4.802 0.074 0.054 0.939 "" "" 16.864048 1.834204 17.71437 15.880167 "" "" 2295.3584 3479.8689 3383.20014 1.7874 1121.2 8.5489 3524.5 21.339 "" "" 0.0028143952024198716 0.008736049 0.0075825765 0.016318625 241.69259382133 -52.04752972857 2727.52295 -4.772 -4.801999999999999
241.61627412475 -52.38178512402 0.0634 0.0419 14.5004 "" "" 5933340368505055872 2114.87964 0.496 0.0851 -0.493 -7.19 0.088 0.069 1.358 15012.5 4.5695 16.865894 1.942777 17.80882 15.866044 "" "" 1751.95996 2468.20996 3377.45082 2.6126 1027.8 4.4921 3570.6 6.6541 "" "" 0.002880478857799049 0.0055048214 0.004286922 0.009791743 241.61627412475 -52.38178512402 2114.87964 -0.4929999999999999 -7.1899999999999995
241.88899796416 -51.99625560227 0.0496 0.0317 14.9077 "" "" 5933445921595065728 2539.31152 0.3854 0.0612 -3.457 -2.723 0.071 0.054 1.048 "" "" 16.866108 1.765046 17.715948 15.950902 "" "" 2213.1604 3136.55713 3376.78885 1.6799 1119.5 5.5526 3302.2 6.529 "" "" 0.0028077637485111715 0.0060650413 0.0043464894 0.010411531 241.88899796416 -51.99625560227 2539.31152 -3.457 -2.7229999999999994
241.96270822281 -52.01121395662 0.0497 0.0305 16.7385 "" "" 5933446402631364992 2373.36206 0.4186 0.0633 -4.949 -5.578 0.068 0.053 0.99 "" "" 16.866356 1.846511 17.774353 15.927842 "" "" 2118.33862 2805.37085 3376.0152 1.5279 1060.9 4.773 3373.0 5.1715 "" "" 0.002798792732025283 0.0056254524 0.0041297465 0.009755199 241.96270822281 -52.01121395662 2373.36206 -4.949 -5.577999999999999
241.53507340564 -52.3165901432 0.0528 0.036 10.4988 "" "" 5981379161031017856 2713.38647 0.3684 0.0715 0.867 0.632 0.073 0.059 1.175 "" "" 16.867887 1.995767 17.850416 15.85465 "" "" 2314.84692 3222.54712 3371.25396 2.2385 989.12 7.2333 3608.3 8.5156 "" "" 0.0028480733648052854 0.008415826 0.0045661055 0.012981931 241.53507340564 -52.3165901432 2713.38647 0.867 0.6320000000000001
241.67179313551 -52.1775129522 0.0446 0.0287 4.5538 "" "" 5933349370757067392 2644.27686 0.3704 0.0624 -3.383 -3.126 0.067 0.051 1.01 "" "" 16.86789 1.839745 17.760569 15.920824 "" "" 2286.94775 3422.50098 3371.25109 1.5707 1074.5 5.5331 3394.9 7.1065 "" "" 0.002801370941659267 0.006248511 0.0044101193 0.01065863 241.67179313551 -52.1775129522 2644.27686 -3.3829999999999996 -3.1260000000000003
