Clusters/LP_1614/LP_1614_stars_in_region.tsv
# %ECSV 1.0
# ---
# datatype:
# - name: RA_ICRS_1
#   unit: deg
#   datatype: float64
#   format: '{:15.11f}'
#   description: Right ascension (ICRS) at Ep=2016.0 (ra)
#   meta: !!omap
#   - {ucd: POS_EQ_RA_MAIN}
#   - {width: 15}
#   - {precision: '11'}
# - name: DE_ICRS_1
#   unit: deg
#   datatype: float64
#   format: '{:15.11f}'
#   description: Declination (ICRS) at Ep=2016.0 (dec)
#   meta: !!omap
#   - {ucd: POS_EQ_DEC_MAIN}
#   - {width: 15}
#   - {precision: '11'}
# - name: e_RA_ICRS
#   unit: mas
#   datatype: float64
#   format: '{:7.4f}'
#   description: Standard error of right ascension (ra_error)
#   meta: !!omap
#   - {ucd: ERROR}
#   - {width: 7}
#   - {precision: '4'}
# - name: e_DE_ICRS
#   unit: mas
#   datatype: float64
#   format: '{:7.4f}'
#   description: Standard error of declination (dec_error)
#   meta: !!omap
#   - {ucd: ERROR}
#   - {width: 7}
#   - {precision: '4'}
# - name: _r_1
#   unit: ''
#   datatype: float64
#   format: '{:7.4f}'
#   description: Distance from center (241.56211261000-52.14239634000)[ICRS], at Epoch=J2016.0
#   meta: !!omap
#   - {ucd: POS_ANG_DIST_GENERAL}
#   - {width: 7}
#   - {precision: '4'}
# - name: HIP
#   datatype: int32
#   description: '? HIP cross-id number, van Leeuwen, Cat. I/311 (hip_original_ext_source_id)'
#   meta: !!omap
#   - {ucd: ID_NUMBER}
#   - {width: 6}
#   - values: {'null': -2147483648}
# - name: TYC2
#   datatype: string
#   description: Tycho-2 cross-id name, Hog et al., Cat. I/259 (tyc2_original_ext_source_id)
#   meta: !!omap
#   - {ucd: ID_CROSSID}
#   - {_votable_string_dtype: char}
# - name: Source
#   datatype: int64
#   description: Source identifier, identical to the Gaia-EDR3 source_id (id)
#   meta: !!omap
#   - {ucd: ID_MAIN}
#   - {width: 19}
# - name: rgeo
#   unit: pc
#   datatype: float64
#   format: '{:15.8f}'
#   description: '? Median of the geometric distance posterior (r_med_geo)'
#   meta: !!omap
#   - {ucd: PHYS_DISTANCE_TRUE}
#   - {width: 15}
#   - {precision: '8'}
#   - values: {'null': .nan}
# - name: Plx
#   unit: mas
#   datatype: float64
#   format: '{:9.4f}'
#   description: '? Parallax (parallax)'
#   meta: !!omap
#   - {ucd: POS_PARLX_TRIG}
#   - {width: 9}
#   - {precision: '4'}
#   - values: {'null': .nan}
# - name: e_Plx
#   unit: mas
#   datatype: float32
#   format: '{:7.4f}'
#   description: '? Standard error of parallax (parallax_error)'
#   meta: !!omap
#   - {ucd: ERROR}
#   - {width: 7}
#   - {precision: '4'}
#   - values: {'null': .nan}
# - name: pmRA
#   unit: mas / yr
#   datatype: float64
#   format: '{:9.3f}'
#   description: '? Proper motion in right ascension direction, pmRA*cosDE (pmra)'
#   meta: !!omap
#   - {ucd: POS_EQ_PMRA}
#   - {width: 9}
#   - {precision: '3'}
#   - values: {'null': .nan}
# - name: pmDE
#   unit: mas / yr
#   datatype: float64
#   format: '{:9.3f}'
#   description: '? Proper motion in declination direction (pmdec)'
#   meta: !!omap
#   - {ucd: POS_EQ_PMDEC}
#   - {width: 9}
#   - {precision: '3'}
#   - values: {'null': .nan}
# - name: e_pmRA
#   unit: mas / yr
#   datatype: float32
#   format: '{:6.3f}'
#   description: '? Standard error of proper motion in right ascension direction (pmra_error)'
#   meta: !!omap
#   - {ucd: ERROR}
#   - {width: 6}
#   - {precision: '3'}
#   - values: {'null': .nan}
# - name: e_pmDE
[...]
#         unit: &id001 !astropy.units.Unit {unit: deg}
#         value: !astropy.table.SerializedColumn {name: SkyCoord.dec}
#       distance: !astropy.table.SerializedColumn
#         __class__: astropy.coordinates.distances.Distance
#         unit: !astropy.units.Unit {unit: pc}
#         value: !astropy.table.SerializedColumn {name: SkyCoord.distance}
#       frame: icrs
#       obstime: !astropy.time.Time {format: jyear_str, in_subfmt: '*', jd1: 367701545.0, jd2: 0.0, out_subfmt: '*', precision: 3, scale: tt}
#       pm_dec: !astropy.table.SerializedColumn
#         __class__: astropy.units.quantity.Quantity
#         unit: !astropy.units.Unit {unit: mas / yr}
#         value: !astropy.table.SerializedColumn {name: SkyCoord.pm_dec}
#       pm_ra_cosdec: !astropy.table.SerializedColumn
#         __class__: astropy.units.quantity.Quantity
#         unit: !astropy.units.Unit {unit: mas / yr}
#         value: !astropy.table.SerializedColumn {name: SkyCoord.pm_ra_cosdec}
#       ra: !astropy.table.SerializedColumn
#         __class__: astropy.coordinates.angles.Longitude
#         unit: *id001
#         value: !astropy.table.SerializedColumn {name: SkyCoord.ra}
#         wrap_angle: !astropy.coordinates.Angle
#           unit: *id001
#           value: 360.0
#       representation_type: spherical
# schema: astropy-2.0
RA_ICRS_1 DE_ICRS_1 e_RA_ICRS e_DE_ICRS _r_1 HIP TYC2 Source rgeo Plx e_Plx pmRA pmDE e_pmRA e_pmDE RUWE Teff logg Gmag BP-RP BPmag RPmag RV e_RV b_rgeo B_rgeo FG e_FG FBP e_FBP FRP e_FRP RAVE5 RAVE6 e_Gmag e_BPmag e_RPmag e_BP-RP SkyCoord.ra SkyCoord.dec SkyCoord.distance SkyCoord.pm_ra_cosdec SkyCoord.pm_dec
[from data line 1300]
241.59488245495 -51.87121099511 0.0578 0.0353 16.3161 "" "" 5981488807277992960 2342.76001 0.4284 0.0706 -1.801 -2.63 0.083 0.06 1.026 "" "" 16.79371 1.92037 17.706337 15.785967 "" "" 2003.31226 2796.31519 3609.62631 1.8758 1129.5 9.5642 3843.9 21.985 "" "" 0.0028124960088718085 0.009607693 0.0072694933 0.016877186 241.59488245495 -51.87121099511 2342.76001 -1.8010000000000002 -2.63
241.2810306137 -52.08305672905 0.0529 0.0339 10.9518 "" "" 5981398406797714944 2915.37476 0.3283 0.0669 -1.944 -2.498 0.079 0.054 1.046 9237.4 3.5186 16.794647 2.095266 17.859941 15.764675 "" "" 2423.38721 3575.39331 3606.51303 1.9965 980.48 6.3937 3920.0 5.7853 "" "" 0.0028201140061550685 0.0076100267 0.0041050375 0.011715064 241.2810306137 -52.08305672905 2915.37476 -1.944 -2.4979999999999998
241.58706677346 -51.8990360103 0.0506 0.0319 14.6307 "" "" 5981488463675451136 2549.67334 0.3951 0.0616 -3.597 -4.062 0.072 0.052 1.002 "" "" 16.796034 1.953962 17.755737 15.801775 "" "" 2141.6604 2978.80371 3601.91468 1.8552 1079.3 6.3667 3788.3 8.6467 "" "" 0.0028114969042109844 0.006986043 0.0045194062 0.011505449 241.58706677346 -51.8990360103 2549.67334 -3.597000000000001 -4.062
241.7714547352 -52.34085498271 0.0448 0.0286 14.1755 "" "" 5933338513079328512 2499.45972 0.42 0.06 -1.507 -4.794 0.064 0.049 0.979 9045.5 4.2666 16.796057 1.851415 17.703922 15.852508 "" "" 2115.88623 3019.26392 3601.83992 1.5477 1132.0 7.209 3615.4 7.8252 "" "" 0.002794538742617569 0.0074561136 0.004450406 0.0119065195 241.7714547352 -52.34085498271 2499.45972 -1.5069999999999997 -4.794
241.70489555527 -52.36601028554 0.0459 0.0301 14.4054 "" "" 5933340986980476800 2774.26221 0.3354 0.0611 -4.661 -3.203 0.067 0.05 0.963 "" "" 16.796516 2.301196 18.020128 15.718932 "" "" 2380.65894 3255.88281 3600.31368 1.8624 845.99 7.1092 4088.7 9.014 "" "" 0.0028119792556965933 0.009540982 0.0044736094 0.0140145905 241.70489555527 -52.36601028554 2774.26221 -4.661 -3.2030000000000007
241.84067512735 -52.08217466448 0.0455 0.0286 10.8816 "" "" 5933350642067284992 2536.76855 0.3949 0.0611 -4.176 -3.502 0.068 0.05 1.006 4986.4 3.5754 16.797894 2.310584 18.022713 15.712129 "" "" 2253.33716 2950.77905 3595.74749 1.6923 843.98 6.0871 4114.4 6.7215 "" "" 0.0028023026701153447 0.00831297 0.0041749007 0.012487872 241.84067512735 -52.08217466448 2536.76855 -4.176 -3.5019999999999993
241.58637096302 -52.29121753684 0.0817 0.0555 8.9737 "" "" 5933342361370058880 2182.95142 0.4884 0.1105 -0.837 -2.058 0.108 0.094 1.77 9327.0 4.1158 16.7984 2.017837 17.771532 15.753695 "" "" 1803.36377 2724.17358 3594.07108 4.766 1063.7 6.1611 3959.9 7.6258 "" "" 0.003108812161723886 0.0068799173 0.004319194 0.011199111 241.58637096302 -52.29121753684 2182.95142 -0.8370000000000001 -2.058
241.79747177192 -51.94490702029 0.0506 0.0321 14.6917 "" "" 5981484752823598464 2423.04883 0.4056 0.0654 0.323 -1.098 0.078 0.058 0.997 8049.7 3.9659 16.79889 1.77569 17.653318 15.877628 "" "" 2061.17603 2883.26562 3592.44996 1.7855 1186.0 5.3251 3532.7 8.5524 "" "" 0.002807665647454628 0.005616928 0.004603549 0.010220477 241.79747177192 -51.94490702029 2423.04883 0.323 -1.0979999999999999
241.2643968663 -51.94975203667 0.0506 0.0329 15.9467 "" "" 5981406069019917056 2180.53247 0.459 0.0629 -2.85 -4.922 0.067 0.051 0.939 6883.6 3.6708 16.80007 2.10407 17.873934 15.769864 "" "" 1914.5343 2452.40527 3588.55109 2.0692 967.93 6.7895 3901.3 7.3312 "" "" 0.002825548718368163 0.008110867 0.0042949356 0.0124058025 241.2643968663 -51.94975203667 2180.53247 -2.8499999999999996 -4.921999999999999
241.7164518757 -52.26340380802 0.0486 0.0294 9.2154 "" "" 5933347721489586432 2825.00757 0.3543 0.0663 -2.988 -4.382 0.068 0.053 1.048 "" "" 16.801107 1.783529 17.669394 15.885864 "" "" 2436.66357 3375.92114 3585.12281 1.6412 1168.6 6.107 3506.0 7.3398 "" "" 0.002799790572005653 0.0063228854 0.0044102366 0.010733122 241.7164518757 -52.26340380802 2825.00757 -2.9880000000000004 -4.382
241.79077939868 -51.9503095282 0.0508 0.0315 14.284 "" "" 5981484649744382464 2519.00781 0.3933 0.0629 -2.481 -2.216 0.076 0.055 0.958 9235.9 4.0838 16.802618 1.643301 17.575697 15.932396 "" "" 2264.78345 2904.90552 3580.13788 1.662 1273.9 5.7684 3358.9 6.5432 "" "" 0.0028010417113703825 0.0056529385 0.0043309466 0.009983885 241.79077939868 -51.9503095282 2519.00781 -2.481 -2.216
241.59268754973 -52.26144239348 0.0482 0.0319 7.2307 "" "" 5981381192569105152 2599.2229 0.4322 0.0686 -21.411 -13.27 0.063 0.052 0.942 7739.1 3.6351 16.802698 2.069274 17.857246 15.787972 "" "" 2050.27539 3572.5332 3579.87204 1.7399 982.92 5.1507 3836.8 8.1539 "" "" 0.0028053964028912533 0.0063368133 0.0044280654 0.010764878 241.59268754973 -52.26144239348 2599.2229 -21.411 -13.27
241.76336590283 -52.04516412519 0.0452 0.0296 9.4377 "" "" 5933351741578931584 2835.47388 0.3392 0.0622 -2.983 -4.754 0.067 0.053 1.032 9342.5 4.1983 16.803936 1.575592 17.53747 15.961878 "" "" 2503.08325 3504.85986 3575.79414 1.7016 1319.6 8.3895 3268.9 6.1322 "" "" 0.002803343076554392 0.0074452744 0.0042932625 0.011738537 241.76336590283 -52.04516412519 2835.47388 -2.9830000000000005 -4.754
241.23934497378 -52.26719903893 0.0512 0.0351 14.0331 "" "" 5981360473646081920 2208.71753 0.4221 0.0707 -3.692 -5.283 0.07 0.057 1.024 8366.1 3.6021 16.8046 2.169466 17.918852 15.749386 "" "" 1953.12061 2640.94189 3573.61036 2.0038 928.7 7.3425 3975.6 7.4359 "" "" 0.0028217762784128486 0.009026137 0.0042904136 0.013316551 241.23934497378 -52.26719903893 2208.71753 -3.692000000000001 -5.2829999999999995
241.69776484441 -52.06180778348 0.0482 0.0312 6.9552 "" "" 5981389679424362112 2319.31079 0.4136 0.0635 -2.828 -4.746 0.069 0.054 0.951 "" "" 16.81 1.682257 17.612808 15.930552 "" "" 2002.23755 2751.62671 3555.87866 1.7778 1231.1 5.9555 3364.6 7.753 "" "" 0.0028082822058879313 0.0059474083 0.0045324345 0.010479843 241.69776484441 -52.06180778348 2319.31079 -2.828 -4.746
241.31771463276 -51.96687666499 0.0553 0.0337 13.864 "" "" 5981405068273887744 2326.57446 0.4345 0.067 -4.043 -3.17 0.076 0.051 1.019 "" "" 16.810455 2.226809 17.970406 15.743596 "" "" 2033.29834 2713.79102 3554.38906 1.8515 885.64 4.4458 3996.9 8.0347 "" "" 0.0028127662489582377 0.0061229365 0.004364332 0.010487269 241.31771463276 -51.96687666499 2326.57446 -4.043 -3.17
241.68723861615 -52.26828832518 0.0466 0.0302 8.8444 "" "" 5933342601888235264 2439.19653 0.4057 0.0635 -1.3 -2.706 0.062 0.05 1.027 9875.9 4.4721 16.818565 1.780725 17.636654 15.855929 "" "" 2123.42358 3027.6665 3527.93489 1.7516 1204.4 8.636 3604.0 12.447 "" "" 0.0028075571580964977 0.008270029 0.005323953 0.013593982 241.68723861615 -52.26828832518 2439.19653 -1.2999999999999998 -2.7060000000000004
241.89168581633 -51.98689325263 0.0492 0.0303 15.3244 "" "" 5933445955954810112 2150.07202 0.4612 0.0595 -3.091 -6.424 0.072 0.051 0.96 8087.1 4.03 16.819332 1.9713 17.795748 15.824448 "" "" 1914.79199 2433.17188 3525.44677 1.62 1040.2 6.0601 3710.0 9.4165 "" "" 0.002800125703853951 0.0069134366 0.0046773804 0.011590817 241.89168581633 -51.98689325263 2150.07202 -3.0909999999999997 -6.4239999999999995
241.81002387485 -51.96422569837 0.0781 0.0523 14.0693 "" "" 5981484581030128896 2374.9502 0.3901 0.0991 -2.153 0.561 0.113 0.09 1.041 4348.2 1.6339 16.82047 4.895547 20.18827 15.292724 "" "" 1964.79517 2871.44019 3521.74762 3.2457 114.84 4.1546 6054.4 7.8183 "" "" 0.0029313911367349886 0.039377965 0.0040310654 0.04340903 241.81002387485 -51.96422569837 2374.9502 -2.1530000000000005 0.5609999999999999
241.27954903546 -52.26014578845 0.0486 0.0355 12.5651 "" "" 5981383219793282688 2721.47705 0.3521 0.0714 -1.811 -3.225 0.066 0.056 0.992 9248.6 3.6141 16.82101 2.044554 17.84843 15.803877 "" "" 2313.45752 3291.80078 3520.00057 1.8488 990.93 6.7998 3781.0 7.4306 "" "" 0.002813713515084467 0.007955688 0.004340112 0.0122958 241.27954903546 -52.26014578845 2721.47705 -1.8109999999999995 -3.225
241.76935311287 -52.27888469674 0.0449 0.0292 11.1856 "" "" 5933347584050623744 2905.09082 0.3408 0.0612 -6.087 -4.464 0.067 0.053 1.029 6880.0 3.7032 16.821457 2.202352 17.972826 15.770474 "" "" 2455.42969 3436.39404 3518.55416 1.6659 883.66 7.1044 3899.1 7.9508 "" "" 0.0028028630393880827 0.009164127 0.0043801107 0.013544237 241.76935311287 -52.27888469674 2905.09082 -6.087 -4.464
241.45902597769 -51.93648504304 0.0522 0.0322 12.9272 "" "" 5981395142623119616 1986.92542 0.4874 0.0638 -0.025 -1.817 0.074 0.052 1.002 9263.1 3.6432 16.822712 2.19415 17.949018 15.754869 "" "" 1728.90283 2348.60596 3514.48748 2.0073 903.25 6.5288 3955.6 10.198 "" "" 0.002824240806150109 0.008329078 0.0047030835 0.013032161 241.45902597769 -51.93648504304 1986.92542 -0.025000000000000022 -1.817
241.61896581842 -52.28729138585 0.0492 0.0331 8.9414 "" "" 5933342704967443456 2050.04932 0.4673 0.0733 -2.228 -3.546 0.066 0.056 0.979 8075.5 3.9348 16.824062 2.811641 18.428719 15.617078 "" "" 1753.27747 2513.23999 3510.11831 2.0128 580.67 7.619 4490.8 7.4328 "" "" 0.0028247848674056463 0.014516663 0.0041848547 0.018701518 241.61896581842 -52.28729138585 2050.04932 -2.2280000000000006 -3.546000000000001
241.81228599618 -52.23168206311 0.0463 0.0308 10.6484 "" "" 5933348133741223808 2190.15063 0.4417 0.0616 -2.101 -2.732 0.064 0.051 1.095 "" "" 16.824062 2.426838 18.024858 15.598021 "" "" 1899.08801 2506.79956 3510.11757 2.6541 842.31 6.2992 4570.4 167.93 "" "" 0.002875023180304004 0.008585679 0.040071778 0.04865746 241.81228599618 -52.23168206311 2190.15063 -2.101 -2.732
241.70456804036 -52.07856257278 0.0471 0.0306 6.498 "" "" 5981389610704879360 2472.17603 0.3977 0.0642 -1.334 -3.932 0.066 0.051 1.006 8230.0 4.1657 16.8241 2.036732 17.793356 15.756624 "" "" 2110.81958 3037.53906 3509.99516 1.9378 1042.5 5.8817 3949.2 24.319 "" "" 0.002819767066076149 0.0067311553 0.0076801823 0.014411338 241.70456804036 -52.07856257278 2472.17603 -1.3340000000000003 -3.9320000000000004
241.54544961902 -52.37329232631 0.0461 0.0314 13.8673 "" "" 5933340505944018944 2207.29126 0.4602 0.0632 -3.963 -5.47 0.066 0.052 0.994 "" "" 16.827372 2.035999 17.831934 15.795935 "" "" 1939.40796 2881.7854 3499.43518 1.7785 1006.1 6.2092 3808.8 10.347 "" "" 0.0028100303504328124 0.0072583845 0.0047940966 0.012052481 241.54544961902 -52.37329232631 2207.29126 -3.963 -5.469999999999999
241.91578748584 -51.99993488935 0.0461 0.0298 15.595 "" "" 5933445200000422016 2678.02905 0.3789 0.0584 0.672 -1.888 0.065 0.052 1.042 9976.8 4.0996 16.827633 1.676914 17.560019 15.883104 "" "" 2350.20703 3186.28271 3498.59479 1.8212 1292.4 7.1455 3514.9 15.16 "" "" 0.002812689117759233 0.0066196425 0.0060177105 0.012637353 241.91578748584 -51.99993488935 2678.02905 0.672 -1.8879999999999995
241.90139848811 -52.3103261206 0.0445 0.0271 16.0316 "" "" 5933343868837199616 2614.47632 0.3831 0.0586 -0.783 -3.123 0.064 0.046 0.97 7960.5 3.7582 16.828379 2.145462 17.937315 15.791853 "" "" 2286.40479 3247.45557 3496.18971 1.6124 913.04 5.8118 3823.1 6.9722 "" "" 0.002800449641465483 0.007453047 0.0042666574 0.011719705 241.90139848811 -52.3103261206 2614.47632 -0.7829999999999999 -3.123
241.35857130916 -52.39402988568 0.0449 0.0314 16.8465 "" "" 5981355972520393088 2129.33521 0.4621 0.0645 -1.749 -3.584 0.062 0.051 0.999 "" "" 16.828697 2.341048 18.080261 15.739213 "" "" 1862.42065 2481.33716 3495.16875 1.7657 800.41 6.6445 4013.0 7.3829 "" "" 0.0028093836903615417 0.009435094 0.0042747688 0.013709863 241.35857130916 -52.39402988568 2129.33521 -1.749 -3.5840000000000005
241.75594923335 -51.91972219407 0.0851 0.0545 15.1558 "" "" 5981484924622318720 2362.65747 0.485 0.1064 -2.667 -3.137 0.135 0.097 1.79 "" "" 16.82878 1.816102 17.638277 15.822175 "" "" 1832.58582 3601.47461 3494.90508 3.0339 1202.6 6.6691 3717.8 15.866 "" "" 0.002912066574441383 0.0066360966 0.005979357 0.012615453 241.75594923335 -51.91972219407 2362.65747 -2.667 -3.1370000000000005
241.52438771308 -51.88453133049 0.0549 0.033 15.5345 "" "" 5981395658018920192 2105.00049 0.4615 0.0662 0.024 -3.917 0.078 0.055 1.004 8760.9 3.5801 16.829723 2.444577 18.14976 15.705182 "" "" 1825.11926 2478.39526 3491.86597 1.9374 750.78 5.3372 4140.8 5.2487 "" "" 0.002820403679493832 0.008207201 0.0040221564 0.012229357 241.52438771308 -51.88453133049 2105.00049 0.02400000000000002 -3.917
241.54851573582 -52.1773170205 0.0485 0.0328 2.1542 "" "" 5981381707965600896 2437.76074 0.4022 0.0683 -3.297 -3.274 0.069 0.054 1.003 "" "" 16.830368 1.907352 17.775324 15.867972 "" "" 2107.9231 3013.86743 3489.79299 1.8353 1060.0 6.7789 3564.3 8.8864 "" "" 0.0028138627879184365 0.0074831187 0.0046487805 0.0121319 241.54851573582 -52.1773170205 2437.76074 -3.297 -3.274
241.35966602109 -52.24480386341 0.0492 0.0338 9.6538 "" "" 5981383494671182720 2019.68555 0.4763 0.0692 -4.518 -1.468 0.066 0.052 0.979 8127.2 3.9748 16.83092 2.432257 18.146477 15.71422 "" "" 1770.91882 2228.09253 3488.0182 1.8357 753.05 4.5816 4106.5 8.9369 "" "" 0.0028139470383632677 0.0071707806 0.004457227 0.0116280075 241.35966602109 -52.24480386341 2019.68555 -4.517999999999999 -1.468
241.42184238624 -52.18306472853 0.0517 0.0332 5.7103 "" "" 5981385178298379136 2758.95728 0.3358 0.0669 -4.151 -4.295 0.075 0.055 1.011 8618.9 4.2062 16.831322 2.159033 17.943077 15.784044 "" "" 2381.74658 3190.45703 3486.72812 1.8048 908.21 5.9459 3850.7 7.6935 "" "" 0.0028120511986154126 0.0076361387 0.0043576774 0.011993816 241.42184238624 -52.18306472853 2758.95728 -4.151 -4.295
241.2448487113 -52.09736655235 0.0527 0.0342 11.9964 "" "" 5981398338078238080 2246.34888 0.4328 0.0652 -1.999 -2.605 0.079 0.054 0.943 9207.1 3.6164 16.831736 2.399432 18.116463 15.717031 "" "" 2001.48303 2608.20557 3485.40014 1.8054 774.16 6.0036 4095.9 8.3751 "" "" 0.0028121313695091514 0.008870132 0.004383195 0.013253327 241.2448487113 -52.09736655235 2246.34888 -1.9989999999999999 -2.6049999999999995
241.8427659603 -52.32135759524 0.0448 0.0276 14.8884 "" "" 5933344285515723520 2240.65552 0.4454 0.0603 -2.258 -0.808 0.068 0.048 0.984 "" "" 16.832472 1.883424 17.758837 15.875413 "" "" 2000.91077 2604.96899 3483.03388 1.5675 1076.2 6.0742 3539.9 7.3964 "" "" 0.002798310581341807 0.0067333295 0.004407967 0.0111412965 241.8427659603 -52.32135759524 2240.65552 -2.258 -0.8080000000000002
241.64592862897 -52.04910662245 0.0479 0.0305 6.3934 "" "" 5981389919942546560 2472.95654 0.3983 0.0629 -1.222 -3.26 0.071 0.051 0.997 "" "" 16.83275 2.054953 17.877487 15.822535 "" "" 2171.54956 2879.68628 3482.14184 1.8003 964.77 5.5345 3716.6 6.4186 "" "" 0.002811918783955811 0.0068248403 0.0042189616 0.011043802 241.64592862897 -52.04910662245 2472.95654 -1.222 -3.26
241.63806480014 -52.362374688 0.0477 0.0311 13.4903 "" "" 5933341124419434240 2746.16064 0.3669 0.0631 -0.678 -1.018 0.069 0.054 0.964 8451.3 3.6911 16.83289 1.90305 17.767061 15.864012 "" "" 2289.1001 3319.61499 3481.69355 1.7047 1068.1 6.7132 3577.3 8.6536 "" "" 0.002806133233052605 0.0073724254 0.0046023754 0.0119748 241.63806480014 -52.362374688 2746.16064 -0.6780000000000002 -1.0180000000000002
241.81353326039 -52.20494543596 0.0449 0.0274 9.9836 "" "" 5933348168166059520 1986.33472 0.4787 0.0582 -4.418 -5.595 0.063 0.046 0.993 9073.5 4.4627 16.833223 1.777896 17.66214 15.884244 "" "" 1762.36621 2240.06641 3480.62662 1.7955 1176.4 7.962 3511.2 12.347 "" "" 0.0028116689361717255 0.00786026 0.005372194 0.013232455 241.81353326039 -52.20494543596 1986.33472 -4.418 -5.594999999999999
241.86192627387 -52.20004105158 0.0464 0.0269 11.562 "" "" 5933349611275063936 2526.78931 0.403 0.0594 -4.11 -3.623 0.063 0.045 0.997 "" "" 16.834944 1.849591 17.74209 15.892499 "" "" 2188.59277 3080.94263 3475.11369 1.543 1092.9 5.7374 3484.6 6.9726 "" "" 0.0027971758533843934 0.006346076 0.004359314 0.01070539 241.86192627387 -52.20004105158 2526.78931 -4.109999999999999 -3.6229999999999993
