Clusters/LP_1614/LP_1614_stars_in_region.tsv
# %ECSV 1.0
# ---
# datatype:
# - name: RA_ICRS_1
#   unit: deg
#   datatype: float64
#   format: '{:15.11f}'
#   description: Right ascension (ICRS) at Ep=2016.0 (ra)
#   meta: !!omap
#   - {ucd: POS_EQ_RA_MAIN}
#   - {width: 15}
#   - {precision: '11'}
# - name: DE_ICRS_1
#   unit: deg
#   datatype: float64
#   format: '{:15.11f}'
#   description: Declination (ICRS) at Ep=2016.0 (dec)
#   meta: !!omap
#   - {ucd: POS_EQ_DEC_MAIN}
#   - {width: 15}
#   - {precision: '11'}
# - name: e_RA_ICRS
#   unit: mas
#   datatype: float64
#   format: '{:7.4f}'
#   description: Standard error of right ascension (ra_error)
#   meta: !!omap
#   - {ucd: ERROR}
#   - {width: 7}
#   - {precision: '4'}
# - name: e_DE_ICRS
#   unit: mas
#   datatype: float64
#   format: '{:7.4f}'
#   description: Standard error of declination (dec_error)
#   meta: !!omap
#   - {ucd: ERROR}
#   - {width: 7}
#   - {precision: '4'}
# - name: _r_1
#   unit: ''
#   datatype: float64
#   format: '{:7.4f}'
#   description: Distance from center (241.56211261000-52.14239634000)[ICRS], at Epoch=J2016.0
#   meta: !!omap
#   - {ucd: POS_ANG_DIST_GENERAL}
#   - {width: 7}
#   - {precision: '4'}
# - name: HIP
#   datatype: int32
#   description: '? HIP cross-id number, van Leeuwen, Cat. I/311 (hip_original_ext_source_id)'
#   meta: !!omap
#   - {ucd: ID_NUMBER}
#   - {width: 6}
#   - values: {'null': -2147483648}
# - name: TYC2
#   datatype: string
#   description: Tycho-2 cross-id name, Hog et al., Cat. I/259 (tyc2_original_ext_source_id)
#   meta: !!omap
#   - {ucd: ID_CROSSID}
#   - {_votable_string_dtype: char}
# - name: Source
#   datatype: int64
#   description: Source identifier, identical to the Gaia-EDR3 source_id (id)
#   meta: !!omap
#   - {ucd: ID_MAIN}
#   - {width: 19}
# - name: rgeo
#   unit: pc
#   datatype: float64
#   format: '{:15.8f}'
#   description: '? Median of the geometric distance posterior (r_med_geo)'
#   meta: !!omap
#   - {ucd: PHYS_DISTANCE_TRUE}
#   - {width: 15}
#   - {precision: '8'}
#   - values: {'null': .nan}
# - name: Plx
#   unit: mas
#   datatype: float64
#   format: '{:9.4f}'
#   description: '? Parallax (parallax)'
#   meta: !!omap
#   - {ucd: POS_PARLX_TRIG}
#   - {width: 9}
#   - {precision: '4'}
#   - values: {'null': .nan}
# - name: e_Plx
#   unit: mas
#   datatype: float32
#   format: '{:7.4f}'
#   description: '? Standard error of parallax (parallax_error)'
#   meta: !!omap
#   - {ucd: ERROR}
#   - {width: 7}
#   - {precision: '4'}
#   - values: {'null': .nan}
# - name: pmRA
#   unit: mas / yr
#   datatype: float64
#   format: '{:9.3f}'
#   description: '? Proper motion in right ascension direction, pmRA*cosDE (pmra)'
#   meta: !!omap
#   - {ucd: POS_EQ_PMRA}
#   - {width: 9}
#   - {precision: '3'}
#   - values: {'null': .nan}
# - name: pmDE
#   unit: mas / yr
#   datatype: float64
#   format: '{:9.3f}'
#   description: '? Proper motion in declination direction (pmdec)'
#   meta: !!omap
#   - {ucd: POS_EQ_PMDEC}
#   - {width: 9}
#   - {precision: '3'}
#   - values: {'null': .nan}
# - name: e_pmRA
#   unit: mas / yr
#   datatype: float32
#   format: '{:6.3f}'
#   description: '? Standard error of proper motion in right ascension direction (pmra_error)'
#   meta: !!omap
#   - {ucd: ERROR}
#   - {width: 6}
#   - {precision: '3'}
#   - values: {'null': .nan}
# - name: e_pmDE
[...]
#         unit: &id001 !astropy.units.Unit {unit: deg}
#         value: !astropy.table.SerializedColumn {name: SkyCoord.dec}
#       distance: !astropy.table.SerializedColumn
#         __class__: astropy.coordinates.distances.Distance
#         unit: !astropy.units.Unit {unit: pc}
#         value: !astropy.table.SerializedColumn {name: SkyCoord.distance}
#       frame: icrs
#       obstime: !astropy.time.Time {format: jyear_str, in_subfmt: '*', jd1: 367701545.0, jd2: 0.0, out_subfmt: '*', precision: 3, scale: tt}
#       pm_dec: !astropy.table.SerializedColumn
#         __class__: astropy.units.quantity.Quantity
#         unit: !astropy.units.Unit {unit: mas / yr}
#         value: !astropy.table.SerializedColumn {name: SkyCoord.pm_dec}
#       pm_ra_cosdec: !astropy.table.SerializedColumn
#         __class__: astropy.units.quantity.Quantity
#         unit: !astropy.units.Unit {unit: mas / yr}
#         value: !astropy.table.SerializedColumn {name: SkyCoord.pm_ra_cosdec}
#       ra: !astropy.table.SerializedColumn
#         __class__: astropy.coordinates.angles.Longitude
#         unit: *id001
#         value: !astropy.table.SerializedColumn {name: SkyCoord.ra}
#         wrap_angle: !astropy.coordinates.Angle
#           unit: *id001
#           value: 360.0
#       representation_type: spherical
# schema: astropy-2.0
RA_ICRS_1 DE_ICRS_1 e_RA_ICRS e_DE_ICRS _r_1 HIP TYC2 Source rgeo Plx e_Plx pmRA pmDE e_pmRA e_pmDE RUWE Teff logg Gmag BP-RP BPmag RPmag RV e_RV b_rgeo B_rgeo FG e_FG FBP e_FBP FRP e_FRP RAVE5 RAVE6 e_Gmag e_BPmag e_RPmag e_BP-RP SkyCoord.ra SkyCoord.dec SkyCoord.distance SkyCoord.pm_ra_cosdec SkyCoord.pm_dec
[from data line 121]
241.81570951596 -52.10698272781 0.0146 0.0094 9.5803 "" "" 5933351260542569728 2349.71777 0.3836 0.0201 -3.435 -4.287 0.022 0.017 0.989 7864.9 3.459 14.318315 1.428235 14.955623 13.527388 "" "" 2273.41016 2473.02026 35287.50938 5.6539 14229.0 11.874 30775.0 12.841 "" "" 0.002760806361954766 0.002933591 0.003806437 0.006740028 241.81570951596 -52.10698272781 2349.71777 -3.4349999999999996 -4.287
241.81215897125 -52.02135251254 0.0145 0.0098 11.7367 "" "" 5933445646717161984 2285.43237 0.3931 0.0209 1.379 -2.23 0.024 0.017 1.044 5111.2 2.6814 14.322728 2.201583 15.469904 13.268321 48.34 1.47 2188.75586 2394.58618 35144.34239 6.7933 8860.4 9.7675 39069.0 15.338 "" "" 0.00276330140991882 0.0030360492 0.0038033423 0.006839392 241.81215897125 -52.02135251254 2285.43237 1.379 -2.2299999999999995
241.79787646933 -52.31592044615 0.0138 0.0089 13.5451 "" "" 5933344422954679808 2894.81152 0.309 0.0187 -2.707 -3.106 0.021 0.016 0.987 "" "" 14.328696 1.534648 15.027909 13.493261 -36.48 6.09 2738.79126 3019.9314 34951.69903 7.4332 13312.0 12.865 31758.0 16.172 "" "" 0.0027649785078285773 0.002980945 0.0038196086 0.0068005538 241.79787646933 -52.31592044615 2894.81152 -2.707 -3.106
241.89476176756 -52.13709281499 0.0187 0.0115 12.2537 "" "" 5933350264110123776 2814.69238 0.3163 0.0235 0.094 -0.371 0.027 0.02 1.323 "" "" 14.334625 2.239631 15.471561 13.23193 -40.31 1.69 2659.28076 2999.94946 34761.34787 7.6681 8846.9 10.491 40400.0 14.194 "" "" 0.0027657100849602643 0.0030729019 0.0037985838 0.0068714856 241.89476176756 -52.13709281499 2814.69238 0.09399999999999999 -0.37100000000000005
241.86286565053 -52.22269490816 0.0241 0.0156 12.0678 "" "" 5933346621980199168 2382.92627 0.3779 0.0325 -3.888 -4.982 0.034 0.026 0.964 5273.6 2.7365 14.344344 2.264276 15.525967 13.26169 -79.14 2.52 2241.75146 2574.43115 34451.58371 7.3317 8414.5 9.6377 39308.0 37.734 "" "" 0.002764991302005835 0.0030547518 0.0039204634 0.006975215 241.86286565053 -52.22269490816 2382.92627 -3.888 -4.982000000000001
241.68676623974 -52.26713238505 0.0151 0.0099 8.7762 "" "" 5933342601888235776 2756.13281 0.3251 0.0206 -2.053 -2.486 0.021 0.017 0.952 "" "" 14.356646 1.335309 14.939426 13.604117 "" "" 2592.5625 2918.2998 34063.44245 29.423 14443.0 43.664 28676.0 73.738 "" "" 0.002910551300245853 0.004308033 0.0046987585 0.009006791 241.68676623974 -52.26713238505 2756.13281 -2.053 -2.486
241.60470563893 -52.22227522308 0.0155 0.0105 5.0424 "" "" 5981381364367811200 2330.67944 0.3774 0.0219 -0.676 -1.229 0.021 0.018 0.958 "" "" 14.362241 2.688578 15.866767 13.178189 -72.38 1.41 2213.92407 2432.64893 33888.34763 8.9325 6147.7 8.1085 42450.0 16.464 "" "" 0.0027701428281186402 0.003136201 0.0038027687 0.0069389697 241.60470563893 -52.22227522308 2330.67944 -0.676 -1.2289999999999999
241.84849172662 -52.18846881228 0.0143 0.0091 10.8961 "" "" 5933349714354288768 2464.00586 0.363 0.019 -2.889 -4.399 0.02 0.015 1.064 "" "" 14.370227 1.341219 14.956044 13.614825 "" "" 2320.01978 2595.76758 33640.01418 9.2717 14223.0 15.702 28394.0 21.928 "" "" 0.0027715225455692306 0.0030367386 0.0038712774 0.0069080163 241.84849172662 -52.18846881228 2464.00586 -2.889 -4.399
241.62379542317 -52.2617478293 0.0158 0.0104 7.5117 "" "" 5933342808046668544 2396.44751 0.3676 0.022 -3.365 -3.369 0.022 0.018 1.01 "" "" 14.374533 2.295145 15.588702 13.293557 -30.15 1.58 2261.78613 2532.37866 33506.86386 8.8336 7942.1 10.698 38171.0 22.412 "" "" 0.002770148363213951 0.003150224 0.0038327689 0.006982993 241.62379542317 -52.2617478293 2396.44751 -3.365 -3.3690000000000007
241.42038010282 -52.19205225794 0.0159 0.0109 6.0069 "" "" 5981385178298374784 2889.02197 0.3064 0.0214 -2.082 -2.73 0.023 0.018 1.031 "" "" 14.376695 1.671662 15.159833 13.488171 "" "" 2741.24902 3038.61426 33440.19913 6.1902 11789.0 12.412 31907.0 18.371 "" "" 0.0027626407148552885 0.0030152537 0.003830733 0.0068459865 241.42038010282 -52.19205225794 2889.02197 -2.082 -2.7299999999999995
241.79342849376 -51.96296152415 0.0166 0.011 13.7386 "" "" 5981484546665162240 2334.04883 0.3837 0.0211 -2.878 -3.579 0.025 0.019 1.008 4762.2 2.5679 14.404222 2.240101 15.580064 13.339963 -11.01 2.23 2216.5127 2460.60327 32603.03127 6.5525 8005.6 8.7037 36574.0 14.642 "" "" 0.002763947307878964 0.0030295916 0.0038042946 0.0068338863 241.79342849376 -51.96296152415 2334.04883 -2.8779999999999997 -3.579
241.79858550012 -52.1299425697 0.028 0.0185 8.7406 "" "" 5933350848225700224 2234.47485 0.4085 0.0392 -4.387 -4.427 0.042 0.032 2.151 "" "" 14.411187 1.796552 15.226094 13.429543 -80.99 3.89 2065.45337 2456.10132 32394.54184 14.686 11091.0 42.282 33678.0 164.02 "" "" 0.0027989402045845626 0.004991738 0.006499579 0.011491317 241.79858550012 -52.1299425697 2234.47485 -4.3870000000000005 -4.4270000000000005
241.68034168226 -51.88293933333 0.0201 0.0115 16.1681 "" "" 5981485955414532224 2085.40552 0.4331 0.0237 -3.842 -4.732 0.03 0.02 0.995 "" "" 14.413751 2.35411 15.670124 13.316014 3.27 1.55 2005.46313 2191.81372 32318.1449 8.7857 7368.3 8.9737 37390.0 16.07 "" "" 0.0027710841775557354 0.0030876389 0.0038080812 0.00689572 241.68034168226 -51.88293933333 2085.40552 -3.8420000000000005 -4.732000000000001
241.92066192093 -52.0692535655 0.0153 0.01 13.9231 "" "" 5933444375406768256 2066.50049 0.4402 0.0208 -5.374 -5.43 0.023 0.018 0.969 "" "" 14.413927 2.24794 15.592571 13.344631 -53.53 1.73 1986.99377 2192.48975 32312.88841 6.9999 7913.9 8.2188 36417.0 11.907 "" "" 0.002765340704972766 0.0030093943 0.0037960175 0.0068054115 241.92066192093 -52.0692535655 2066.50049 -5.3740000000000006 -5.43
241.35850776494 -52.08403359945 0.0171 0.0114 8.2791 "" "" 5981386896285807360 2168.35449 0.4262 0.0219 -3.126 -3.862 0.025 0.018 1.041 "" "" 14.414344 2.14662 15.513671 13.367051 "" "" 2058.90845 2320.65576 32300.48829 8.0758 8510.4 9.3833 35673.0 22.546 "" "" 0.002768660001588417 0.0030361312 0.0038411724 0.0068773036 241.35850776494 -52.08403359945 2168.35449 -3.126 -3.8620000000000005
241.94436714561 -52.20382382534 0.0157 0.0095 14.5405 "" "" 5933346828136231296 2611.71118 0.3467 0.0217 -3.274 -5.172 0.024 0.017 1.006 6996.8 2.6967 14.41587 1.537427 15.042453 13.505026 -19.2 10.83 2480.46436 2769.41846 32255.12879 8.2013 13135.0 38.567 31416.0 71.472 "" "" 0.0027691154153281815 0.004236509 0.004514972 0.008751482 241.94436714561 -52.20382382534 2611.71118 -3.274 -5.172
241.28117350747 -52.21034627622 0.0216 0.0147 11.1118 "" "" 5981384491103621760 2534.98291 0.3348 0.0294 -1.963 -0.654 0.03 0.024 0.961 "" "" 14.42164 3.472439 16.551832 13.079393 -99.43 1.14 2357.74146 2738.30444 32084.16206 12.221 3271.0 10.111 46494.0 25.546 "" "" 0.0027861842565584088 0.0043644714 0.0038261735 0.008190645 241.28117350747 -52.21034627622 2534.98291 -1.963 -0.6539999999999998
241.57220373412 -52.15020496092 0.0155 0.0105 0.598 "" "" 5981387720919462656 2665.99341 0.3352 0.0225 -2.876 -4.795 0.023 0.019 0.98 "" "" 14.421885 1.59759 15.157537 13.559947 -36.03 6.46 2535.46411 2788.13623 32076.95397 6.0022 11814.0 10.014 29866.0 14.484 "" "" 0.0027628000370577745 0.0029380303 0.003815885 0.006753915 241.57220373412 -52.15020496092 2665.99341 -2.876 -4.795
241.409247923 -52.37995004671 0.0154 0.0108 15.3189 "" "" 5981355319685282944 2031.052 0.4404 0.0218 -3.078 -0.568 0.022 0.018 0.973 6983.8 2.6471 14.439492 2.440695 15.757821 13.317126 -26.97 1.6 1947.87463 2104.83862 31560.93044 6.3227 6796.6 7.1972 37351.0 14.198 "" "" 0.0027638920998446885 0.0030177687 0.0038018494 0.006819618 241.409247923 -52.37995004671 2031.052 -3.0779999999999994 -0.5680000000000003
242.01466433678 -52.1674523298 0.0289 0.0182 16.7269 "" "" 5933440114799103232 2267.53027 0.3949 0.0392 -0.756 -1.576 0.043 0.032 2.031 "" "" 14.445061 1.219666 14.957865 13.738198 "" "" 2041.0647 2476.04614 31399.49251 5.4391 14199.0 8.5152 25344.0 10.059 "" "" 0.002761731562921589 0.0028651364 0.0038038697 0.0066690063 242.01466433678 -52.1674523298 2267.53027 -0.756 -1.576
241.69407731414 -52.09874914133 0.0159 0.0102 5.5221 "" "" 5981389473265920256 2654.94214 0.3267 0.0216 -2.82 -2.693 0.023 0.018 0.986 "" "" 14.452368 2.497058 15.814484 13.317426 -85.12 1.96 2492.76367 2830.34473 31188.86047 7.0551 6450.9 9.9074 37341.0 17.142 "" "" 0.002766244503215783 0.0032504734 0.0038121063 0.0070625795 241.69407731414 -52.09874914133 2654.94214 -2.8199999999999994 -2.6929999999999996
241.4909965341 -51.88675545432 0.0178 0.0113 15.5616 "" "" 5981395692378660352 2522.69336 0.361 0.0217 -2.14 -2.715 0.025 0.019 0.991 "" "" 14.452973 1.812998 15.327376 13.514379 "" "" 2375.43091 2670.21387 31171.47067 8.6445 10103.0 13.305 31146.0 18.04 "" "" 0.0027717231089458417 0.003135204 0.0038313444 0.0069665485 241.4909965341 -51.88675545432 2522.69336 -2.1400000000000006 -2.7149999999999994
241.22049278553 -51.96182428431 0.0197 0.0128 16.621 "" "" 5981405995986833920 2157.38086 0.4305 0.0251 -1.924 -2.817 0.027 0.02 1.064 7969.8 3.1066 14.454495 1.777391 15.303536 13.526146 "" "" 2035.79272 2298.18433 31127.80558 11.627 10328.0 15.588 30811.0 31.397 "" "" 0.002785006190447495 0.0032357958 0.0039379965 0.0071737925 241.22049278553 -51.96182428431 2157.38086 -1.9240000000000004 -2.817000000000001
241.70437569642 -52.30329938843 0.0151 0.0101 10.9793 "" "" 5933341811614235648 2482.76611 0.361 0.0211 -1.594 -2.456 0.022 0.017 0.964 "" "" 14.460157 1.345904 15.045262 13.699358 "" "" 2370.14014 2610.46802 30965.90095 12.103 13101.0 22.084 26267.0 34.811 "" "" 0.002787807402198419 0.0033368645 0.0040440275 0.007380892 241.70437569642 -52.30329938843 2482.76611 -1.5939999999999999 -2.456
241.7012861124 -52.40562629336 0.0161 0.0105 16.5997 "" "" 5933340780822018304 2163.91675 0.4189 0.0215 -4.652 -6.774 0.024 0.018 1.009 4911.1 2.3998 14.462209 2.355138 15.720161 13.365024 -96.91 1.41 2071.87061 2269.38623 30907.44952 6.3057 7036.4 7.096 35740.0 13.398 "" "" 0.002764209892769284 0.0029973197 0.003801235 0.0067985547 241.7012861124 -52.40562629336 2163.91675 -4.652000000000001 -6.774000000000001
241.82137473342 -52.27371266718 0.0146 0.0096 12.3671 "" "" 5933344972710508928 2507.31812 0.3535 0.0205 -2.882 -4.325 0.022 0.017 1.043 "" "" 14.469185 2.331243 15.707954 13.376712 -65.96 1.71 2391.0752 2634.47192 30709.50197 6.0105 7116.0 7.1988 35357.0 13.623 "" "" 0.002763502544841137 0.002998577 0.0038024636 0.006801041 241.82137473342 -52.27371266718 2507.31812 -2.882 -4.325000000000001
241.6187670633 -52.34044353063 0.0153 0.0106 12.0638 "" "" 5933341983412908160 2495.27197 0.3585 0.0221 -1.396 -3.132 0.022 0.018 1.033 4711.7 1.9863 14.473155 2.407193 15.766966 13.359773 -24.72 1.66 2371.47119 2602.59863 30597.41537 7.037 6739.5 8.5284 35913.0 14.355 "" "" 0.0027666119998928274 0.003110101 0.0038042176 0.0069143185 241.6187670633 -52.34044353063 2495.27197 -1.3959999999999997 -3.1320000000000006
241.31066108178 -52.01759030664 0.0197 0.012 11.9182 "" "" 5981404832069286272 2691.33228 0.3231 0.024 -3.487 -3.472 0.027 0.018 0.942 7186.2 2.5153 14.475936 2.867074 16.116238 13.249164 -42.6 2.23 2537.22803 2900.02344 30519.14356 9.4522 4885.6 10.071 39764.0 21.606 "" "" 0.0027757638976653423 0.003576888 0.003825148 0.0074020363 241.31066108178 -52.01759030664 2691.33228 -3.487 -3.4720000000000004
241.43750144102 -52.26344694812 0.0164 0.0113 8.5877 "" "" 5981380299215495040 2799.08057 0.3013 0.022 -1.255 -4.593 0.022 0.019 1.064 4598.5 1.7968 14.480453 2.896904 16.148129 13.251224 -93.91 1.26 2659.25269 2990.59155 30392.41941 8.2262 4744.2 8.7506 39689.0 20.619 "" "" 0.002770947527345073 0.0034344643 0.0038212414 0.007255706 241.43750144102 -52.26344694812 2799.08057 -1.255 -4.592999999999999
241.25064484236 -51.94830994827 0.0184 0.0127 16.3621 "" "" 5981405965940703872 2380.0083 0.3837 0.0226 -1.855 -2.818 0.025 0.021 1.056 "" "" 14.481612 1.76405 15.326401 13.562351 "" "" 2278.75024 2492.46338 30360.01569 6.9384 10112.0 13.378 29800.0 18.984 "" "" 0.002766470416503783 0.0031382036 0.0038421515 0.006980355 241.25064484236 -51.94830994827 2380.0083 -1.8550000000000004 -2.8180000000000005
241.12550852822 -52.13240702476 0.039 0.0264 16.0896 "" "" 5981397307286091264 2422.94873 0.3511 0.0485 -3.548 -6.401 0.054 0.04 0.947 5162.2 1.6693 14.48387 4.312419 17.335693 13.023274 -81.01 1.03 2177.35132 2684.48853 30296.95125 14.766 1589.1 6.6235 48961.0 48.188 "" "" 0.002805673058231198 0.00531645 0.0039275466 0.009243997 241.12550852822 -52.13240702476 2422.94873 -3.548 -6.401
241.70860013293 -52.22705095043 0.0162 0.0106 7.4053 "" "" 5933348614842801408 2380.14478 0.3745 0.0219 -3.639 -3.445 0.024 0.019 1.008 "" "" 14.489041 2.242539 15.665049 13.422509 18.33 1.61 2246.08521 2518.03418 30152.97736 6.0926 7402.8 8.7279 33896.0 13.208 "" "" 0.002764039964757777 0.003069798 0.0038029877 0.0068727857 241.70860013293 -52.22705095043 2380.14478 -3.639 -3.4449999999999994
241.8884231327 -52.18843568559 0.0158 0.0102 12.3228 "" "" 5933346793776518400 2533.4895 0.3428 0.0205 -0.059 1.2 0.022 0.018 1.022 4870.3 2.3518 14.497282 2.411642 15.794631 13.382989 -54.09 1.99 2432.7627 2669.63599 29924.99674 6.3583 6570.0 8.8273 35153.0 17.497 "" "" 0.002764960738317515 0.003148501 0.003817823 0.006966324 241.8884231327 -52.18843568559 2533.4895 -0.05900000000000005 1.2
241.74632263341 -52.34112283601 0.0157 0.0102 13.7104 "" "" 5933341364937613696 2540.06665 0.3453 0.021 -0.43 -3.137 0.023 0.017 1.004 "" "" 14.498031 2.28807 15.706255 13.418185 -73.89 1.46 2413.83447 2669.69507 29904.34905 5.6947 7127.1 9.6826 34032.0 13.51 "" "" 0.002763066769257272 0.0031560715 0.0038038797 0.0069599515 241.74632263341 -52.34112283601 2540.06665 -0.43000000000000005 -3.1370000000000005
241.67671763849 -52.12139162716 0.0161 0.0102 4.4051 "" "" 5981387961437428736 2326.86816 0.3804 0.0218 -0.852 -8.043 0.024 0.018 1.016 4774.6 2.3115 14.502566 2.325241 15.73977 13.414529 -29.96 1.62 2227.86401 2443.73438 29779.70077 6.3856 6910.5 9.1399 34147.0 16.496 "" "" 0.002765138497905032 0.0031380185 0.003815604 0.006953622 241.67671763849 -52.12139162716 2326.86816 -0.8519999999999992 -8.043
241.86934996535 -52.27867136049 0.0149 0.0097 13.9445 "" "" 5933344732192160896 2141.6394 0.432 0.02 -3.401 -4.457 0.022 0.016 0.967 8600.8 3.4356 14.50486 1.311808 15.076981 13.765173 "" "" 2038.23962 2240.54663 29716.86078 4.1344 12724.0 11.93 24722.0 10.891 "" "" 0.0027594577155935327 0.002970074 0.0038095284 0.0067796027 241.86934996535 -52.27867136049 2141.6394 -3.401 -4.457000000000001
241.59771143331 -52.21884445003 0.0175 0.0111 4.7702 "" "" 5981381433087289728 2138.37451 0.4277 0.0244 -4.228 -4.217 0.024 0.02 0.958 "" "" 14.509975 2.19019 15.646471 13.456281 -54.73 1.95 2027.20044 2234.07056 29577.19099 5.7653 7530.6 8.9749 32858.0 15.129 "" "" 0.002763436111884873 0.003075615 0.003812301 0.006887916 241.59771143331 -52.21884445003 2138.37451 -4.228 -4.217
241.27232132822 -52.35220205848 0.016 0.0113 16.4862 "" "" 5981358893097729024 1991.95337 0.4545 0.0234 -2.762 -4.027 0.022 0.018 0.971 "" "" 14.510412 2.522549 15.89008 13.367531 -34.62 1.33 1908.69409 2067.78174 29565.26344 6.9888 6017.1 9.0558 35657.0 14.577 "" "" 0.002767247694778713 0.0032334425 0.0038053568 0.007038799 241.27232132822 -52.35220205848 1991.95337 -2.762 -4.026999999999999
241.78165146324 -52.25328052051 0.0148 0.01 10.4618 "" "" 5933347618410374272 2686.1814 0.335 0.0206 -3.113 -4.612 0.021 0.017 0.995 6898.5 2.8158 14.535421 1.520329 15.222621 13.702291 "" "" 2568.95312 2841.46167 28892.04516 4.7237 11127.0 13.571 26196.0 14.179 "" "" 0.0027610324166817686 0.0030884608 0.0038247986 0.0069132596 241.78165146324 -52.25328052051 2686.1814 -3.113 -4.612000000000001
