Clusters/Pismis_11/Pismis_11_stars_in_region.tsv
# %ECSV 1.0
# ---
# datatype:
# - name: RA_ICRS_1
#   unit: deg
#   datatype: float64
#   format: '{:15.11f}'
#   description: Right ascension (ICRS) at Ep=2016.0 (ra)
#   meta: !!omap
#   - {ucd: POS_EQ_RA_MAIN}
#   - {width: 15}
#   - {precision: '11'}
# - name: DE_ICRS_1
#   unit: deg
#   datatype: float64
#   format: '{:15.11f}'
#   description: Declination (ICRS) at Ep=2016.0 (dec)
#   meta: !!omap
#   - {ucd: POS_EQ_DEC_MAIN}
#   - {width: 15}
#   - {precision: '11'}
# - name: e_RA_ICRS
#   unit: mas
#   datatype: float64
#   format: '{:7.4f}'
#   description: Standard error of right ascension (ra_error)
#   meta: !!omap
#   - {ucd: ERROR}
#   - {width: 7}
#   - {precision: '4'}
# - name: e_DE_ICRS
#   unit: mas
#   datatype: float64
#   format: '{:7.4f}'
#   description: Standard error of declination (dec_error)
#   meta: !!omap
#   - {ucd: ERROR}
#   - {width: 7}
#   - {precision: '4'}
# - name: _r_1
#   unit: ''
#   datatype: float64
#   format: '{:7.4f}'
#   description: Distance from center (138.97330935000-50.00990554000)[ICRS], at Epoch=J2016.0
#   meta: !!omap
#   - {ucd: POS_ANG_DIST_GENERAL}
#   - {width: 7}
#   - {precision: '4'}
# - name: HIP
#   datatype: int32
#   description: '? HIP cross-id number, van Leeuwen, Cat. I/311 (hip_original_ext_source_id)'
#   meta: !!omap
#   - {ucd: ID_NUMBER}
#   - {width: 6}
#   - values: {'null': -2147483648}
# - name: TYC2
#   datatype: string
#   description: Tycho-2 cross-id name, Hog et al., Cat. I/259 (tyc2_original_ext_source_id)
#   meta: !!omap
#   - {ucd: ID_CROSSID}
#   - {_votable_string_dtype: char}
# - name: Source
#   datatype: int64
#   description: Source identifier, identical to the Gaia-EDR3 source_id (id)
#   meta: !!omap
#   - {ucd: ID_MAIN}
#   - {width: 19}
# - name: rgeo
#   unit: pc
#   datatype: float64
#   format: '{:15.8f}'
#   description: '? Median of the geometric distance posterior (r_med_geo)'
#   meta: !!omap
#   - {ucd: PHYS_DISTANCE_TRUE}
#   - {width: 15}
#   - {precision: '8'}
#   - values: {'null': .nan}
# - name: Plx
#   unit: mas
#   datatype: float64
#   format: '{:9.4f}'
#   description: '? Parallax (parallax)'
#   meta: !!omap
#   - {ucd: POS_PARLX_TRIG}
#   - {width: 9}
#   - {precision: '4'}
#   - values: {'null': .nan}
# - name: e_Plx
#   unit: mas
#   datatype: float32
#   format: '{:7.4f}'
#   description: '? Standard error of parallax (parallax_error)'
#   meta: !!omap
#   - {ucd: ERROR}
#   - {width: 7}
#   - {precision: '4'}
#   - values: {'null': .nan}
# - name: pmRA
#   unit: mas / yr
#   datatype: float64
#   format: '{:9.3f}'
#   description: '? Proper motion in right ascension direction, pmRA*cosDE (pmra)'
#   meta: !!omap
#   - {ucd: POS_EQ_PMRA}
#   - {width: 9}
#   - {precision: '3'}
#   - values: {'null': .nan}
# - name: pmDE
#   unit: mas / yr
#   datatype: float64
#   format: '{:9.3f}'
#   description: '? Proper motion in declination direction (pmdec)'
#   meta: !!omap
#   - {ucd: POS_EQ_PMDEC}
#   - {width: 9}
#   - {precision: '3'}
#   - values: {'null': .nan}
# - name: e_pmRA
#   unit: mas / yr
#   datatype: float32
#   format: '{:6.3f}'
#   description: '? Standard error of proper motion in right ascension direction (pmra_error)'
#   meta: !!omap
#   - {ucd: ERROR}
#   - {width: 6}
#   - {precision: '3'}
#   - values: {'null': .nan}
# - name: e_pmDE
[...]
#         unit: &id001 !astropy.units.Unit {unit: deg}
#         value: !astropy.table.SerializedColumn {name: SkyCoord.dec}
#       distance: !astropy.table.SerializedColumn
#         __class__: astropy.coordinates.distances.Distance
#         unit: !astropy.units.Unit {unit: pc}
#         value: !astropy.table.SerializedColumn {name: SkyCoord.distance}
#       frame: icrs
#       obstime: !astropy.time.Time {format: jyear_str, in_subfmt: '*', jd1: 367701545.0, jd2: 0.0, out_subfmt: '*', precision: 3, scale: tt}
#       pm_dec: !astropy.table.SerializedColumn
#         __class__: astropy.units.quantity.Quantity
#         unit: !astropy.units.Unit {unit: mas / yr}
#         value: !astropy.table.SerializedColumn {name: SkyCoord.pm_dec}
#       pm_ra_cosdec: !astropy.table.SerializedColumn
#         __class__: astropy.units.quantity.Quantity
#         unit: !astropy.units.Unit {unit: mas / yr}
#         value: !astropy.table.SerializedColumn {name: SkyCoord.pm_ra_cosdec}
#       ra: !astropy.table.SerializedColumn
#         __class__: astropy.coordinates.angles.Longitude
#         unit: *id001
#         value: !astropy.table.SerializedColumn {name: SkyCoord.ra}
#         wrap_angle: !astropy.coordinates.Angle
#           unit: *id001
#           value: 360.0
#       representation_type: spherical
# schema: astropy-2.0
RA_ICRS_1 DE_ICRS_1 e_RA_ICRS e_DE_ICRS _r_1 HIP TYC2 Source rgeo Plx e_Plx pmRA pmDE e_pmRA e_pmDE RUWE Teff logg Gmag BP-RP BPmag RPmag RV e_RV b_rgeo B_rgeo FG e_FG FBP e_FBP FRP e_FRP RAVE5 RAVE6 e_Gmag e_BPmag e_RPmag e_BP-RP SkyCoord.ra SkyCoord.dec SkyCoord.distance SkyCoord.pm_ra_cosdec SkyCoord.pm_dec
[from data line 81]
139.00378136931 -50.12240863446 0.033 0.0324 6.8514 "" "" 5325666954927510272 2431.46655 0.3833 0.0377 -6.286 4.969 0.045 0.042 1.792 8959.1 3.4567 15.21818 1.470141 15.871183 14.401043 "" "" 2225.6731 2649.5354 15405.46912 6.7842 6122.7 10.469 13764.0 15.871 "" "" 0.002796497781146964 0.003351344 0.003981342 0.0073326863 139.00378136931 -50.12240863446 2431.46655 -6.285999999999998 4.968999999999999
139.01089021323 -49.99126200717 0.0207 0.0199 1.8308 "" "" 5325672418125791616 2463.40942 0.3674 0.0238 -5.337 3.81 0.029 0.026 0.999 "" "" 15.267213 1.960369 16.236975 14.276606 "" "" 2335.44214 2623.39478 14725.2162 5.216 4371.5 8.7433 15435.0 14.326 "" "" 0.002782031701406667 0.0035356279 0.0039114244 0.0074470523 139.01089021323 -49.99126200717 2463.40942 -5.336999999999999 3.8100000000000005
138.85591485431 -50.06798564065 0.0198 0.02 5.7105 "" "" 5325670837577796736 2077.41675 0.4464 0.023 -6.013 4.079 0.026 0.024 0.986 "" "" 15.294179 1.323608 15.871594 14.547986 "" "" 1988.82483 2177.91626 14363.99233 3.9454 6120.4 13.57 12022.0 13.466 "" "" 0.0027714122687072787 0.003685103 0.003970232 0.0076553347 138.85591485431 -50.06798564065 2077.41675 -6.012999999999999 4.079
139.28321241231 -49.86191514701 0.0196 0.0218 14.9023 "" "" 5325677640806321024 2102.27051 0.4415 0.0248 -7.23 4.167 0.027 0.027 1.033 7565.3 3.5979 15.305613 1.849097 16.208315 14.359218 2.68 6.78 2006.59338 2198.49365 14213.52317 4.0617 4488.4 7.7263 14304.0 11.083 "" "" 0.0027727337983022363 0.0033582926 0.0038718763 0.007230169 139.28321241231 -49.86191514701 2102.27051 -7.23 4.167000000000001
139.35258375809 -49.96206862223 0.0281 0.0298 14.9107 "" "" 5325664309227804544 2783.33179 0.3234 0.0333 -6.311 6.145 0.039 0.038 1.534 "" "" 15.31523 2.762132 16.842907 14.080775 36.12 4.07 2543.26782 3077.76538 14088.17609 7.2673 2501.8 8.2552 18486.0 19.537 "" "" 0.0028116664548955886 0.0045409393 0.0039497344 0.008490674 139.35258375809 -49.96206862223 2783.33179 -6.310999999999999 6.145000000000001
138.94213690643 -49.98282256042 0.024 0.0235 2.0214 "" "" 5325673002241337856 2619.02783 0.3545 0.0274 -5.455 3.995 0.032 0.029 1.196 "" "" 15.324896 1.622515 16.058987 14.436472 "" "" 2440.0813 2894.91699 13963.31022 5.36 5150.2 16.005 13322.0 24.121 "" "" 0.002786662885389031 0.0043782974 0.004260081 0.008638378 138.94213690643 -49.98282256042 2619.02783 -5.455000000000001 3.994999999999999
139.22709755168 -50.03435554634 0.02 0.0189 9.8928 "" "" 5325673929954479488 2241.85425 0.414 0.0226 -5.112 5.54 0.027 0.026 1.0 "" "" 15.327532 1.671706 16.113031 14.441325 "" "" 2147.5083 2333.68896 13929.45547 3.6978 4900.1 8.8649 13263.0 9.969 "" "" 0.0027703544507145256 0.0034122225 0.0038664865 0.0072787087 139.22709755168 -50.03435554634 2241.85425 -5.111999999999999 5.539999999999997
139.31755075565 -49.92852532183 0.02 0.022 14.1538 "" "" 5325676128977812608 2610.63843 0.3481 0.0241 -5.21 3.977 0.026 0.027 1.005 "" "" 15.335522 1.579318 16.062145 14.482827 "" "" 2449.74683 2851.41333 13827.31604 4.6992 5135.2 8.8946 12765.0 13.595 "" "" 0.002779917328682871 0.0033647665 0.0039523197 0.007317086 139.31755075565 -49.92852532183 2610.63843 -5.21 3.9769999999999994
138.99167482079 -49.99597344646 0.0207 0.0206 1.0956 "" "" 5325672383766050560 2564.26758 0.3564 0.0244 -5.322 3.882 0.028 0.026 1.019 "" "" 15.356096 1.884656 16.277231 14.392575 "" "" 2405.47754 2765.70337 13567.76553 4.4644 4212.3 9.6183 13872.0 14.532 "" "" 0.0027783845980720655 0.003732459 0.0039468203 0.007679279 138.99167482079 -49.99597344646 2564.26758 -5.322 3.882000000000001
139.24973083321 -49.87906467263 0.0206 0.0214 13.2493 "" "" 5325677434647877248 2193.64722 0.4263 0.0244 -4.232 3.333 0.029 0.027 1.009 9310.3 3.6013 15.357769 1.677533 16.137903 14.46037 "" "" 2072.38086 2314.56543 13546.87003 4.3103 4789.1 12.844 13032.0 17.624 "" "" 0.002776892019178648 0.004032863 0.004054585 0.008087448 139.24973083321 -49.87906467263 2193.64722 -4.232 3.333
139.26367671304 -50.08761933898 0.0273 0.0278 12.1201 "" "" 5325661800966820608 2321.10132 0.3969 0.0319 -5.127 3.771 0.036 0.036 1.437 "" "" 15.358498 1.667852 16.135757 14.467905 "" "" 2161.84473 2520.67969 13537.78356 4.5785 4798.6 9.1462 12942.0 9.3965 "" "" 0.002779680473768348 0.0034738427 0.0038607172 0.00733456 139.26367671304 -50.08761933898 2321.10132 -5.127 3.771
138.90571755033 -49.93842828878 0.0198 0.0218 5.0195 "" "" 5325720109444385024 2005.94373 0.4636 0.0244 -5.454 3.573 0.028 0.027 1.03 "" "" 15.366226 1.365195 15.967189 14.601994 "" "" 1915.36414 2106.95337 13441.76447 3.87 5604.6 9.6096 11438.0 11.73 "" "" 0.0027729954325371865 0.0033541885 0.003939988 0.0072941766 138.90571755033 -49.93842828878 2005.94373 -5.453999999999999 3.5729999999999986
138.89341198522 -49.79452031308 0.0252 0.0277 13.2869 "" "" 5325727943464677248 1910.82593 0.4928 0.0317 -7.599 5.584 0.031 0.033 1.294 9505.7 4.1346 15.386205 1.795165 16.251106 14.455941 "" "" 1820.66675 2064.06934 13196.68622 4.1148 4314.9 12.736 13085.0 10.152 "" "" 0.0027760399408430234 0.004249131 0.0038721198 0.00812125 138.89341198522 -49.79452031308 1910.82593 -7.599 5.584
139.29226816802 -49.97865679241 0.0207 0.0211 12.4449 "" "" 5325675888459606528 2526.15039 0.3691 0.0237 -5.051 4.102 0.027 0.026 0.998 "" "" 15.40953 1.607581 16.152863 14.545281 "" "" 2352.38135 2673.06299 12916.2025 3.8334 4723.6 8.3026 12052.0 10.968 "" "" 0.0027740989949790193 0.00338038 0.003906409 0.007286789 139.29226816802 -49.97865679241 2526.15039 -5.050999999999999 4.102
138.84578966932 -50.07089343069 0.0309 0.0315 6.1268 "" "" 5325670837577795712 2503.41479 0.3632 0.036 -5.382 3.928 0.042 0.037 1.543 6998.0 2.6675 15.413075 1.648648 16.147795 14.499146 "" "" 2283.36401 2785.85718 12874.08548 5.9358 4745.7 7.1246 12575.0 42.766 "" "" 0.00280042595368597 0.0032313946 0.005283742 0.008515136 138.84578966932 -50.07089343069 2503.41479 -5.382 3.928
139.22744492082 -49.81557837608 0.0212 0.0226 15.2434 "" "" 5325680939340960128 1916.10376 0.4904 0.0256 -6.379 6.194 0.028 0.029 1.046 7339.5 3.6523 15.422788 2.085095 16.48498 14.399884 44.06 9.99 1835.75195 2022.66724 12759.44314 4.2703 3478.8 7.5381 13779.0 10.399 "" "" 0.002779177629913999 0.0036496567 0.003867189 0.0075168456 139.22744492082 -49.81557837608 1916.10376 -6.378999999999999 6.193999999999999
138.76945983307 -50.14103934589 0.0224 0.0242 11.114 "" "" 5325576691894972928 2406.84595 0.3733 0.0276 -4.664 2.802 0.03 0.028 0.993 "" "" 15.44336 2.828083 17.0601 14.232017 31.23 8.55 2267.80762 2566.28467 12519.95248 7.3086 2048.2 10.175 16082.0 15.075 "" "" 0.0028272775696641435 0.0060726427 0.003914019 0.009986661 138.76945983307 -50.14103934589 2406.84595 -4.663999999999999 2.8019999999999996
139.25436916804 -50.07177464588 0.0209 0.0212 11.449 "" "" 5325662007125255680 2252.52393 0.3958 0.0244 -0.504 1.847 0.028 0.027 1.008 "" "" 15.462678 2.711507 16.988518 14.277011 -7.14 9.34 2122.18628 2398.7041 12299.16722 18.535 2187.8 13.795 15430.0 59.132 "" "" 0.003204527851638272 0.007392773 0.00562106 0.013013832 139.25436916804 -50.07177464588 2252.52393 -0.5039999999999999 1.847
138.97602317789 -49.99806733711 0.0215 0.0211 0.718 "" "" 5325672761723170176 2274.93066 0.4048 0.025 -5.294 3.917 0.028 0.027 1.058 "" "" 15.464035 1.596105 16.20111 14.605006 "" "" 2148.22876 2418.03638 12283.8007 4.2333 4518.3 12.59 11407.0 14.064 "" "" 0.0027806103033023986 0.0041155512 0.004009447 0.008124998 138.97602317789 -49.99806733711 2274.93066 -5.294 3.917
139.06849225434 -49.91949237805 0.0215 0.0229 6.5516 "" "" 5325678568518976640 1995.66064 0.4642 0.0266 -9.972 6.998 0.029 0.031 1.016 5008.3 2.8101 15.467138 2.801228 17.059748 14.25852 17.98 3.47 1905.83545 2101.24146 12248.73541 5.4143 2048.9 8.3136 15695.0 15.17 "" "" 0.002796805236646322 0.005214715 0.0039223726 0.0091370875 139.06849225434 -49.91949237805 1995.66064 -9.972 6.998
138.99223546404 -50.01921012175 0.0233 0.0235 0.9188 "" "" 5325671937089444736 2460.40161 0.386 0.0273 -5.304 4.042 0.03 0.029 1.076 10179.8 3.7035 15.470037 1.593274 16.200832 14.607558 "" "" 2299.65308 2617.35864 12216.07419 5.9475 4519.4 10.186 11380.0 15.644 "" "" 0.00280556719734557 0.0037112292 0.0040634274 0.0077746566 138.99223546404 -50.01921012175 2460.40161 -5.303999999999999 4.042
139.02068807735 -50.01054564574 0.0507 0.0495 1.8273 "" "" 5325672315046573440 2252.10278 0.4253 0.0578 -4.287 1.641 0.067 0.065 2.153 6999.4 2.9668 15.505615 1.77333 16.350485 14.577155 "" "" 1943.13269 2596.0752 11822.26888 4.8492 3937.5 9.793 11703.0 13.835 "" "" 0.002791078432071703 0.0038829008 0.0039913883 0.0078742895 139.02068807735 -50.01054564574 2252.10278 -4.286999999999999 1.641
138.71001563427 -50.11710316629 0.0232 0.0242 12.0088 "" "" 5325623730378317440 2355.76587 0.3791 0.0283 -6.28 5.166 0.03 0.028 0.99 15002.1 3.5021 15.517228 2.812935 17.100004 14.287069 10.07 3.99 2189.71094 2524.68286 11696.48571 5.7634 1974.3 16.884 15287.0 34.49 "" "" 0.0028067786401701884 0.009695262 0.004503806 0.014199068 138.71001563427 -50.11710316629 2355.76587 -6.2799999999999985 5.166
138.9835874064 -50.0056700775 0.0287 0.0306 0.4708 "" "" 5325672005800925184 2227.5459 0.4218 0.0344 -5.181 4.25 0.039 0.038 1.169 "" "" 15.519187 1.510211 16.177677 14.667466 "" "" 2072.3457 2399.59814 11675.40983 4.8301 4616.9 44.058 10769.0 75.435 "" "" 0.002791691387389946 0.010730044 0.008492689 0.019222733 138.9835874064 -50.0056700775 2227.5459 -5.180999999999999 4.25
138.75656672158 -49.96014047345 0.029 0.0331 8.8789 "" "" 5325719589744598528 1935.90759 0.483 0.0357 -6.187 4.948 0.039 0.038 1.373 8344.4 3.4531 15.530353 1.864025 16.385149 14.521124 "" "" 1814.35608 2070.18311 11555.94662 7.1592 3813.8 28.604 12323.0 73.645 "" "" 0.0028362361006453955 0.008607913 0.0075090397 0.016116953 138.75656672158 -49.96014047345 1935.90759 -6.187 4.948
139.14914922016 -49.85994858823 0.0218 0.021 11.2725 "" "" 5325680561383821184 2472.76489 0.3706 0.0252 -4.967 4.861 0.029 0.027 1.031 "" "" 15.536106 1.804463 16.407028 14.602565 "" "" 2343.54321 2673.36987 11494.88047 3.3845 3737.7 8.9408 11432.0 9.3599 "" "" 0.0027738031989702674 0.0038118516 0.0038825178 0.007694369 139.14914922016 -49.85994858823 2472.76489 -4.966999999999999 4.861
138.90345745735 -50.14220608312 0.0226 0.0231 8.3813 "" "" 5325669497547993472 2547.42139 0.3453 0.027 -4.814 5.068 0.031 0.028 0.922 "" "" 15.572717 2.732411 17.11498 14.382569 52.12 3.29 2382.83154 2731.99512 11113.74032 4.5171 1947.3 8.6715 14000.0 13.045 "" "" 0.002790434723635753 0.005582213 0.003912443 0.009494656 138.90345745735 -50.14220608312 2547.42139 -4.814 5.068
138.6822893589 -49.85732277681 0.0216 0.0231 14.496 "" "" 5325723854656990336 1879.36938 0.4993 0.0264 -5.593 3.925 0.028 0.025 0.938 9606.3 4.2736 15.592672 1.360701 16.1958 14.8351 "" "" 1799.53223 1960.26855 10911.33653 3.0656 4540.4 8.5469 9228.2 12.503 "" "" 0.0027721545694290484 0.0034586377 0.0040555713 0.007514209 138.6822893589 -49.85732277681 1879.36938 -5.592999999999999 3.925
138.75685041547 -50.22286550677 0.0206 0.0231 15.252 "" "" 5325575867261241088 2248.94995 0.405 0.0258 -4.902 3.81 0.028 0.027 1.013 "" "" 15.595345 1.5058 16.277357 14.771557 "" "" 2097.59155 2380.06494 10884.51161 3.2226 4211.9 10.468 9784.4 10.23 "" "" 0.002774008555266451 0.0038815632 0.0039461837 0.007827747 138.75685041547 -50.22286550677 2248.94995 -4.901999999999999 3.809999999999999
139.10407031733 -49.82741999445 0.021 0.0221 12.0583 "" "" 5325679977268271744 2310.8855 0.3951 0.026 -4.816 3.602 0.027 0.029 0.935 "" "" 15.614794 2.172338 16.738749 14.56641 "" "" 2176.13281 2478.98169 10691.26925 3.7487 2753.7 7.9476 11819.0 9.2485 "" "" 0.002781495479014042 0.004195772 0.0038736996 0.008069471 139.10407031733 -49.82741999445 2310.8855 -4.816 3.6020000000000003
138.99737467453 -50.07202293682 0.0283 0.0266 3.8407 "" "" 5325671486110807296 1928.38684 0.4932 0.0315 -2.856 4.894 0.037 0.034 1.209 7832.8 3.6434 15.623723 2.005705 16.630527 14.624823 "" "" 1811.11475 2066.44092 10603.70652 3.5499 3042.3 7.8459 11200.0 9.953 "" "" 0.0027791920498949022 0.003952885 0.003900598 0.007853483 138.99737467453 -50.07202293682 1928.38684 -2.8560000000000003 4.893999999999999
138.98741653091 -50.13010076386 0.0231 0.022 7.2321 "" "" 5325666851848289792 2507.74292 0.3731 0.0272 -5.361 3.901 0.032 0.028 0.975 9257.6 3.6197 15.643504 1.502597 16.327654 14.825057 "" "" 2337.55322 2724.90405 10412.26497 3.7632 4021.2 8.396 9314.0 12.085 "" "" 0.0027831227770787085 0.0035950092 0.0040333993 0.0076284083 138.98741653091 -50.13010076386 2507.74292 -5.361 3.9010000000000002
138.97657561884 -50.02460568071 0.0268 0.0244 0.891 "" "" 5325671971449178624 2540.81738 0.3562 0.0293 -5.454 3.973 0.034 0.031 1.049 9226.7 3.8077 15.661315 1.602782 16.401056 14.798274 "" "" 2383.83936 2731.21118 10242.84454 3.7387 3758.3 12.528 9546.6 12.338 "" "" 0.0027836744217797785 0.004569877 0.0040314645 0.008601341 138.97657561884 -50.02460568071 2540.81738 -5.453999999999999 3.973
138.93267134435 -50.18572005568 0.0254 0.0264 10.6642 "" "" 5325666302092447488 2146.12134 0.4377 0.0303 -5.276 3.892 0.034 0.033 1.146 "" "" 15.664314 1.695773 16.460125 14.764352 "" "" 2015.71179 2295.23584 10214.59643 3.0698 3559.3 9.7563 9849.6 11.187 "" "" 0.0027745736927318357 0.0040794746 0.003975476 0.008054951 138.93267134435 -50.18572005568 2146.12134 -5.276 3.8920000000000003
138.72870146833 -49.90405897974 0.0233 0.025 11.3793 "" "" 5325722823863624576 1970.79529 0.4686 0.028 -4.613 4.467 0.032 0.03 1.016 4968.3 3.4951 15.666368 2.232242 16.837528 14.605287 "" "" 1879.83582 2085.32104 10195.28956 4.1592 2514.2 7.4568 11404.0 10.759 "" "" 0.002790694516618412 0.0042608045 0.003915734 0.008176539 138.72870146833 -49.90405897974 1970.79529 -4.6129999999999995 4.466999999999999
139.25147299747 -49.87838511724 0.0251 0.0283 13.3277 "" "" 5325677434647878144 2143.78442 0.4291 0.0299 -4.261 3.139 0.035 0.035 1.08 9238.8 3.6895 15.669985 1.536897 16.36949 14.832593 "" "" 2006.59241 2334.16675 10161.38513 3.3375 3869.2 10.918 9249.6 9.2527 "" "" 0.0027783015689541277 0.0041438276 0.003932345 0.008076172 139.25147299747 -49.87838511724 2143.78442 -4.260999999999999 3.139
139.08049406306 -49.83233898807 0.0247 0.0258 11.4303 "" "" 5325680149066958336 2260.54419 0.4102 0.0299 -5.257 4.108 0.032 0.035 1.11 9846.4 3.7456 15.675781 1.730222 16.465738 14.735517 "" "" 2135.59204 2399.29053 10107.28186 4.4315 3541.0 16.587 10115.0 25.533 "" "" 0.002796140298954218 0.005800969 0.0046685245 0.010469493 139.08049406306 -49.83233898807 2260.54419 -5.257 4.108
139.0002271109 -50.0005136681 0.0275 0.028 1.1811 "" "" 5325672383766050304 2540.94019 0.3562 0.0323 -5.228 3.925 0.037 0.036 1.175 7850.3 2.6125 15.678384 2.015189 16.678604 14.663415 "" "" 2317.66309 2769.82007 10083.08426 4.7428 2910.5 16.491 10809.0 8.5168 "" "" 0.002802249767499528 0.0067549944 0.0038749955 0.01062999 139.0002271109 -50.0005136681 2540.94019 -5.227999999999999 3.9250000000000007
138.92200030743 -50.10825915512 0.0248 0.0251 6.2234 "" "" 5325670116023289856 2232.73486 0.4124 0.0285 -5.312 3.909 0.032 0.03 1.018 9380.8 3.6612 15.679104 2.120503 16.763355 14.642853 "" "" 2090.73096 2368.17749 10076.3932 4.0147 2692.0 9.0452 11016.0 13.207 "" "" 0.002789071511849534 0.0045927907 0.0039972616 0.008590052 138.92200030743 -50.10825915512 2232.73486 -5.312000000000001 3.9090000000000003
138.69093741064 -50.18474843256 0.0233 0.0256 15.1053 "" "" 5325623111903052928 2049.65405 0.4605 0.0294 -1.427 -0.839 0.033 0.03 0.996 7195.7 3.5593 15.699972 1.769453 16.554886 14.785433 "" "" 1922.36353 2165.14111 9884.57472 3.517 3261.8 8.0521 9660.2 10.228 "" "" 0.002782270059476424 0.0038689554 0.0039503416 0.007819297 138.69093741064 -50.18474843256 2049.65405 -1.427 -0.839
