Clusters/Pismis_11/Pismis_11_members.tsv
# %ECSV 1.0
# ---
# datatype:
# - name: RA_ICRS_1
#   unit: deg
#   datatype: float64
#   format: '{:15.11f}'
#   description: Right ascension (ICRS) at Ep=2016.0 (ra)
#   meta: !!omap
#   - {ucd: POS_EQ_RA_MAIN}
#   - {width: 15}
#   - {precision: '11'}
# - name: DE_ICRS_1
#   unit: deg
#   datatype: float64
#   format: '{:15.11f}'
#   description: Declination (ICRS) at Ep=2016.0 (dec)
#   meta: !!omap
#   - {ucd: POS_EQ_DEC_MAIN}
#   - {width: 15}
#   - {precision: '11'}
# - name: e_RA_ICRS
#   unit: mas
#   datatype: float64
#   format: '{:7.4f}'
#   description: Standard error of right ascension (ra_error)
#   meta: !!omap
#   - {ucd: ERROR}
#   - {width: 7}
#   - {precision: '4'}
# - name: e_DE_ICRS
#   unit: mas
#   datatype: float64
#   format: '{:7.4f}'
#   description: Standard error of declination (dec_error)
#   meta: !!omap
#   - {ucd: ERROR}
#   - {width: 7}
#   - {precision: '4'}
# - name: _r_1
#   unit: ''
#   datatype: float64
#   format: '{:7.4f}'
#   description: Distance from center (138.97330935000-50.00990554000)[ICRS], at Epoch=J2016.0
#   meta: !!omap
#   - {ucd: POS_ANG_DIST_GENERAL}
#   - {width: 7}
#   - {precision: '4'}
# - name: HIP
#   datatype: int32
#   description: '? HIP cross-id number, van Leeuwen, Cat. I/311 (hip_original_ext_source_id)'
#   meta: !!omap
#   - {ucd: ID_NUMBER}
#   - {width: 6}
#   - values: {'null': -2147483648}
# - name: TYC2
#   datatype: string
#   description: Tycho-2 cross-id name, Hog et al., Cat. I/259 (tyc2_original_ext_source_id)
#   meta: !!omap
#   - {ucd: ID_CROSSID}
#   - {_votable_string_dtype: char}
# - name: Source
#   datatype: int64
#   description: Source identifier, identical to the Gaia-EDR3 source_id (id)
#   meta: !!omap
#   - {ucd: ID_MAIN}
#   - {width: 19}
# - name: rgeo
#   unit: pc
#   datatype: float64
#   format: '{:15.8f}'
#   description: '? Median of the geometric distance posterior (r_med_geo)'
#   meta: !!omap
#   - {ucd: PHYS_DISTANCE_TRUE}
#   - {width: 15}
#   - {precision: '8'}
#   - values: {'null': .nan}
# - name: Plx
#   unit: mas
#   datatype: float64
#   format: '{:9.4f}'
#   description: '? Parallax (parallax)'
#   meta: !!omap
#   - {ucd: POS_PARLX_TRIG}
#   - {width: 9}
#   - {precision: '4'}
#   - values: {'null': .nan}
# - name: e_Plx
#   unit: mas
#   datatype: float32
#   format: '{:7.4f}'
#   description: '? Standard error of parallax (parallax_error)'
#   meta: !!omap
#   - {ucd: ERROR}
#   - {width: 7}
#   - {precision: '4'}
#   - values: {'null': .nan}
# - name: pmRA
#   unit: mas / yr
#   datatype: float64
#   format: '{:9.3f}'
#   description: '? Proper motion in right ascension direction, pmRA*cosDE (pmra)'
#   meta: !!omap
#   - {ucd: POS_EQ_PMRA}
#   - {width: 9}
#   - {precision: '3'}
#   - values: {'null': .nan}
# - name: pmDE
#   unit: mas / yr
#   datatype: float64
#   format: '{:9.3f}'
#   description: '? Proper motion in declination direction (pmdec)'
#   meta: !!omap
#   - {ucd: POS_EQ_PMDEC}
#   - {width: 9}
#   - {precision: '3'}
#   - values: {'null': .nan}
# - name: e_pmRA
#   unit: mas / yr
#   datatype: float32
#   format: '{:6.3f}'
#   description: '? Standard error of proper motion in right ascension direction (pmra_error)'
#   meta: !!omap
#   - {ucd: ERROR}
#   - {width: 6}
#   - {precision: '3'}
#   - values: {'null': .nan}
# - name: e_pmDE
[...]
#       distance: !astropy.table.SerializedColumn
#         __class__: astropy.coordinates.distances.Distance
#         unit: !astropy.units.Unit {unit: pc}
#         value: !astropy.table.SerializedColumn {name: SkyCoord.distance}
#       frame: icrs
#       obstime: !astropy.time.Time {format: jyear_str, in_subfmt: '*', jd1: 367701545.0, jd2: 0.0, out_subfmt: '*', precision: 3, scale: tt}
#       pm_dec: !astropy.table.SerializedColumn
#         __class__: astropy.units.quantity.Quantity
#         unit: !astropy.units.Unit {unit: mas / yr}
#         value: !astropy.table.SerializedColumn {name: SkyCoord.pm_dec}
#       pm_ra_cosdec: !astropy.table.SerializedColumn
#         __class__: astropy.units.quantity.Quantity
#         unit: !astropy.units.Unit {unit: mas / yr}
#         value: !astropy.table.SerializedColumn {name: SkyCoord.pm_ra_cosdec}
#       ra: !astropy.table.SerializedColumn
#         __class__: astropy.coordinates.angles.Longitude
#         unit: *id001
#         value: !astropy.table.SerializedColumn {name: SkyCoord.ra}
#         wrap_angle: !astropy.coordinates.Angle
#           unit: *id001
#           value: 360.0
#       representation_type: spherical
# schema: astropy-2.0
RA_ICRS_1 DE_ICRS_1 e_RA_ICRS e_DE_ICRS _r_1 HIP TYC2 Source rgeo Plx e_Plx pmRA pmDE e_pmRA e_pmDE RUWE Teff logg Gmag BP-RP BPmag RPmag RV e_RV b_rgeo B_rgeo FG e_FG FBP e_FBP FRP e_FRP RAVE5 RAVE6 e_Gmag e_BPmag e_RPmag e_BP-RP SkyCoord.ra SkyCoord.dec SkyCoord.distance SkyCoord.pm_ra_cosdec SkyCoord.pm_dec rmRA rmDE e_rmRA e_rmDE rRV e_rRV v_pec v_pec3d e_vpec e_vpec3d Pmemb
138.96991886449 -50.01214440688 0.0086 0.0087 0.1874 "" 8174-349-1 5325671971449181696 2458.02686 0.3934 0.0101 -5.324 4.061 0.012 0.011 0.925 "" "" 10.636856 1.430325 11.277621 9.847296 "" "" 2394.89355 2523.33228 1047621.35744 302.53 421080.0 400.96 912510.0 363.16 "" "" 0.002773101993539115 0.002975552 0.003804003 0.006779555 138.96991886449 -50.01214440688 2458.02686 -5.323999999999999 4.061 0.02584016418457047 0.05707992172241205 0.09897111 0.09797111 "" "" 0.7300133400833531 "" 0.07164490587505015 "" 0.8
138.87910819525 -50.03907461641 0.0089 0.0091 4.031 "" "" 5325671249894661888 2384.08765 0.4007 0.0105 -5.343 3.995 0.011 0.01 0.845 "" "" 11.708493 1.221982 12.229525 11.007543 "" "" 2325.11597 2436.50659 390435.56613 294.68 175230.0 321.31 313430.0 534.07 "" "" 0.0028745951706583683 0.0034276173 0.004207896 0.0076355133 138.87910819525 -50.03907461641 2384.08765 -5.343000000000001 3.9950000000000006 0.006840164184570341 -0.008920078277587784 0.09797111 0.09697111 "" "" 0.12702753775106673 "" 0.012365190151881717 "" 1.0
138.97549085843 -50.00692511511 0.0112 0.0107 0.1976 "" "" 5325672001506802816 2473.63696 0.3998 0.0128 -5.521 4.108 0.015 0.014 1.217 16481.6 3.3454 12.260089 1.375895 12.869106 11.493212 "" "" 2414.87451 2544.04077 234915.29033 45.888 97224.0 85.192 200390.0 62.982 "" "" 0.0027634706272375398 0.0029479067 0.0037947563 0.0067426628 138.97549085843 -50.00692511511 2473.63696 -5.521 4.108 -0.1711598358154296 0.10407992172241176 0.10197111 0.10097111 "" "" 2.3487662042732933 "" 0.238874527698793 "" 1.0
138.97732898258 -50.00112938393 0.0091 0.0089 0.5489 "" "" 5325672757421046400 2393.76636 0.4106 0.0105 -5.314 4.001 0.012 0.011 1.036 "" "" 12.463457 1.395342 13.084638 11.689296 "" "" 2328.89307 2454.43018 194788.73137 39.886 79719.0 72.328 167280.0 50.232 "" "" 0.0027642749764832547 0.0029589557 0.0037934186 0.0067523746 138.97732898258 -50.00112938393 2393.76636 -5.313999999999999 4.0009999999999994 0.035840164184570256 -0.0029200782775875567 0.09897111 0.09797111 "" "" 0.40800622647159596 "" 0.0403781535146211 "" 0.9
138.96674532443 -50.04400195783 0.0079 0.0077 2.0614 "" "" 5325671799650482432 2376.65503 0.4168 0.0091 -5.343 4.019 0.01 0.01 0.936 19381.1 3.7147 12.506962 1.374826 13.113239 11.738414 "" "" 2329.07251 2417.69873 187137.95559 312.41 77646.0 388.55 159880.0 919.34 "" "" 0.003298042854394216 0.006107718 0.007298021 0.013405739 138.96674532443 -50.04400195783 2376.65503 -5.343 4.019 0.006840164184570341 0.015079921722412237 0.09697111 0.09697111 "" "" 0.1865399212997931 "" 0.018088983136249796 "" 0.9
138.96558245878 -50.02810938208 0.0108 0.0107 1.1321 "" "" 5325671864067850368 2280.45142 0.4156 0.0125 -5.355 3.932 0.014 0.014 1.027 5851.6 2.6505 12.989147 1.279188 13.542224 12.263036 "" "" 2227.83228 2342.92847 120029.47287 29.533 52303.0 41.71 98615.0 36.283 "" "" 0.0027682403892399987 0.0029214257 0.0038004345 0.0067218603 138.96558245878 -50.02810938208 2280.45142 -5.355000000000001 3.9319999999999986 -0.005159835815430114 -0.07192007827758795 0.10097111 0.10097111 "" "" 0.779406732216756 "" 0.0786975630220936 "" 1.0
138.95094462963 -50.00425709968 0.0107 0.0103 0.9266 "" "" 5325672727363425664 2526.59741 0.3602 0.012 -5.394 4.03 0.014 0.012 1.007 "" "" 13.70025 1.721585 14.517495 12.79591 "" "" 2448.29224 2613.01001 62351.47642 15.733 21302.0 26.832 60366.0 25.602 "" "" 0.0027689066709318116 0.0031073075 0.0038073303 0.006914638 138.95094462963 -50.00425709968 2526.59741 -5.394 4.029999999999999 -0.044159835815429815 0.026079921722412358 0.10097111 0.09897111 "" "" 0.6142047700725567 "" 0.06170162568252484 "" 1.0
138.97273187751 -50.01883259074 0.0129 0.012 0.5361 "" "" 5325671971449180160 2390.46753 0.3863 0.0144 -5.585 4.11 0.017 0.016 1.002 10151.2 3.4459 14.145805 1.575034 14.870444 13.29541 "" "" 2321.90356 2467.10986 41364.21139 10.431 15390.0 15.735 38106.0 19.886 "" "" 0.002768890228489829 0.0030028846 0.0038216182 0.0068245027 138.97273187751 -50.01883259074 2390.46753 -5.584999999999998 4.109999999999999 -0.23515983581542965 0.10607992172241243 0.10397111 0.102971114 "" "" 2.9231111493636104 "" 0.30342684185294877 "" 1.0
138.99149024885 -50.00747241709 0.0179 0.0195 0.7161 "" "" 5325672005808924928 2511.25684 0.3628 0.0215 -5.475 3.947 0.023 0.026 1.017 "" "" 14.929826 1.455068 15.581633 14.126565 "" "" 2385.71094 2648.73633 20091.68725 6.7808 7994.0 10.445 17723.0 12.794 "" "" 0.002779578923405058 0.0031301046 0.0038597975 0.006989902 138.99149024885 -50.00747241709 2511.25684 -5.4750000000000005 3.947000000000002 -0.12515983581542933 -0.05692007827758783 0.10997111 0.11297111 "" "" 1.6366523359158318 "" 0.1808354078629969 "" 1.0
139.01089021323 -49.99126200717 0.0207 0.0199 1.8308 "" "" 5325672418125791616 2463.40942 0.3674 0.0238 -5.337 3.81 0.029 0.026 0.999 "" "" 15.267213 1.960369 16.236975 14.276606 "" "" 2335.44214 2623.39478 14725.2162 5.216 4371.5 8.7433 15435.0 14.326 "" "" 0.002782031701406667 0.0035356279 0.0039114244 0.0074470523 139.01089021323 -49.99126200717 2463.40942 -5.336999999999998 3.810000000000001 0.012840164184570568 -0.19392007827758784 0.11597111 0.11297111 "" "" 2.2692778016028394 "" 0.25639294675221663 "" 1.0
138.99167482079 -49.99597344646 0.0207 0.0206 1.0956 "" "" 5325672383766050560 2564.26758 0.3564 0.0244 -5.322 3.882 0.028 0.026 1.019 "" "" 15.356096 1.884656 16.277231 14.392575 "" "" 2405.47754 2765.70337 13567.76553 4.4644 4212.3 9.6183 13872.0 14.532 "" "" 0.0027783845980720655 0.003732459 0.0039468203 0.007679279 138.99167482079 -49.99597344646 2564.26758 -5.321999999999999 3.8820000000000023 0.02784016418457025 -0.12192007827758777 0.114971116 0.11297111 "" "" 1.5200372449191335 "" 0.1718722264216899 "" 1.0
138.97602317789 -49.99806733711 0.0215 0.0211 0.718 "" "" 5325672761723170176 2274.93066 0.4048 0.025 -5.294 3.917 0.028 0.027 1.058 "" "" 15.464035 1.596105 16.20111 14.605006 "" "" 2148.22876 2418.03638 12283.8007 4.2333 4518.3 12.59 11407.0 14.064 "" "" 0.0027806103033023986 0.0041155512 0.004009447 0.008124998 138.97602317789 -49.99806733711 2274.93066 -5.294 3.917 0.05584016418457072 -0.08692007827758808 0.114971116 0.113971114 "" "" 1.1140234082014226 "" 0.12729295362200646 "" 0.9
138.99223546404 -50.01921012175 0.0233 0.0235 0.9188 "" "" 5325671937089444736 2460.40161 0.386 0.0273 -5.304 4.042 0.03 0.029 1.076 10179.8 3.7035 15.470037 1.593274 16.200832 14.607558 "" "" 2299.65308 2617.35864 12216.07419 5.9475 4519.4 10.186 11380.0 15.644 "" "" 0.00280556719734557 0.0037112292 0.0040634274 0.0077746566 138.99223546404 -50.01921012175 2460.40161 -5.303999999999998 4.042 0.04584016418457004 0.038079921722411925 0.11697111 0.11597111 "" "" 0.6949990422227539 "" 0.08101175442619668 "" 0.8
138.97657561884 -50.02460568071 0.0268 0.0244 0.891 "" "" 5325671971449178624 2540.81738 0.3562 0.0293 -5.454 3.973 0.034 0.031 1.049 9226.7 3.8077 15.661315 1.602782 16.401056 14.798274 "" "" 2383.83936 2731.21118 10242.84454 3.7387 3758.3 12.528 9546.6 12.338 "" "" 0.0027836744217797785 0.004569877 0.0040314645 0.008601341 138.97657561884 -50.02460568071 2540.81738 -5.453999999999998 3.973 -0.10415983581542942 -0.030920078277588026 0.12097111 0.11797111 "" "" 1.308551210490487 "" 0.15798260825304145 "" 1.0
139.0002271109 -50.0005136681 0.0275 0.028 1.1811 "" "" 5325672383766050304 2540.94019 0.3562 0.0323 -5.228 3.925 0.037 0.036 1.175 7850.3 2.6125 15.678384 2.015189 16.678604 14.663415 "" "" 2317.66309 2769.82007 10083.08426 4.7428 2910.5 16.491 10809.0 8.5168 "" "" 0.002802249767499528 0.0067549944 0.0038749955 0.01062999 139.0002271109 -50.0005136681 2540.94019 -5.227999999999996 3.9250000000000007 0.12184016418457055 -0.07892007827758807 0.12397111 0.12297111 "" "" 1.7483973296137791 "" 0.21623548197233458 "" 0.9
138.94424831025 -50.02299093378 0.0241 0.024 1.3681 "" "" 5325672619982201088 2735.31201 0.3351 0.0278 -5.327 4.058 0.032 0.03 0.994 7938.4 3.0105 15.777279 1.558296 16.494839 14.936542 "" "" 2536.94141 2926.22119 9205.23884 3.1757 3447.3 10.108 8405.1 10.99 "" "" 0.0027806634678194716 0.0042332 0.004037216 0.008270416 138.94424831025 -50.02299093378 2735.31201 -5.327 4.058000000000001 0.022840164184570355 0.05407992172241194 0.11897111 0.11697111 "" "" 0.7611363254201686 "" 0.08926305862420797 "" 1.0
138.95994903276 -50.00100677647 0.0286 0.0278 0.742 "" "" 5325672727363427840 2116.83203 0.4511 0.0327 -5.247 4.176 0.037 0.035 1.062 "" "" 15.934516 1.714239 16.72605 15.01181 "" "" 1948.94836 2259.26758 7964.16907 3.2306 2786.1 13.294 7842.1 25.494 "" "" 0.0027902973281084494 0.005884221 0.005171272 0.011055493 138.95994903276 -50.00100677647 2116.83203 -5.247 4.176 0.10284016418457043 0.17207992172241227 0.12397111 0.121971115 "" "" 2.011457075058054 "" 0.2464047326531974 "" 1.0
138.96454393292 -49.9952054448 0.0265 0.0261 0.9446 "" "" 5325672761723168512 2421.93066 0.3771 0.0306 -5.352 4.021 0.035 0.034 1.01 "" "" 15.94951 1.641504 16.715124 15.07362 "" "" 2247.56201 2648.10107 7854.94349 2.9551 2814.3 7.012 7408.2 8.7181 "" "" 0.0027854320955904787 0.0038862622 0.003989521 0.007875783 138.96454393292 -49.9952054448 2421.93066 -5.352000000000002 4.021000000000001 -0.00215983581543 0.017079921722412017 0.121971115 0.12097111 "" "" 0.19763816217796173 "" 0.02391163184414792 "" 1.0
138.97473856803 -50.01842008677 0.0288 0.0282 0.5138 "" "" 5325671967150102144 2596.86987 0.3525 0.0329 -5.254 4.026 0.04 0.037 1.054 8951.6 3.4337 15.959339 1.690347 16.745655 15.055308 "" "" 2361.51855 2803.38965 7784.14741 3.0963 2736.2 13.866 7534.2 11.995 "" "" 0.002788961073128249 0.00616912 0.0041559217 0.010325042 138.97473856803 -50.01842008677 2596.86987 -5.253999999999999 4.026 0.09584016418457075 0.02207992172241191 0.12697111 0.12397111 "" "" 1.2106148045086802 "" 0.15353211335990535 "" 0.8
138.97039321308 -50.00864511297 0.0277 0.0277 0.1355 "" "" 5325672727363427072 2579.83252 0.3556 0.0323 -5.31 3.94 0.037 0.036 0.962 9177.7 3.4319 16.038435 1.692907 16.832584 15.139677 "" "" 2320.99512 2832.57617 7237.23912 3.9544 2525.7 10.067 6970.9 19.67 "" "" 0.002818461569803861 0.005149056 0.0048651523 0.010014208 138.97039321308 -50.00864511297 2579.83252 -5.309999999999999 3.9399999999999986 0.0398401641845707 -0.06392007827758794 0.12397111 0.12297111 "" "" 0.9210364632319538 "" 0.11351932419880355 "" 0.9
138.96744970631 -50.00311360051 0.0289 0.0286 0.466 "" "" 5325672727363428096 2518.10742 0.3727 0.0334 -5.399 4.077 0.038 0.037 1.011 "" "" 16.1267 1.694661 16.931232 15.236571 "" "" 2352.50195 2761.89185 6672.1629 2.666 2306.3 8.4728 6375.7 8.6865 "" "" 0.002789264476783878 0.0048677586 0.0040585594 0.008926318 138.96744970631 -50.00311360051 2518.10742 -5.3989999999999965 4.077000000000001 -0.04915983581542971 0.07307992172241207 0.12497111 0.12397111 "" "" 1.0512589137798025 "" 0.13065414573476536 "" 1.0
138.97323539678 -50.00809312471 0.0324 0.03 0.1088 "" "" 5325671971449183488 2335.69067 0.4039 0.0365 -5.379 3.99 0.047 0.039 1.067 9123.2 3.2849 16.161777 1.854785 17.0481 15.193315 "" "" 2177.69946 2537.98999 6460.05265 3.2177 2071.0 14.274 6634.9 20.07 "" "" 0.002807890693397469 0.007986488 0.005007003 0.01299349 138.97323539678 -50.00809312471 2335.69067 -5.379 3.9899999999999993 -0.029159835815429247 -0.013920078277587677 0.13397111 0.12597111 "" "" 0.35773164027556237 "" 0.047407629746492826 "" 0.9
139.03110085606 -50.05593274802 0.0309 0.0306 3.5479 "" "" 5325668672914456960 2540.78638 0.3679 0.0361 -5.258 4.189 0.04 0.039 0.99 9277.1 3.614 16.227314 2.03179 17.244118 15.212328 "" "" 2310.20874 2789.1084 6081.64791 3.9554 1728.9 10.402 6519.7 13.601 "" "" 0.0028443679687787642 0.0071033095 0.004406125 0.011509434 139.03110085606 -50.05593274802 2540.78638 -5.258 4.189 0.0918401641845703 0.18507992172241217 0.12697111 0.12597111 "" "" 2.488315631394073 "" 0.3139490895804817 "" 0.8
138.97410307006 -49.9957945106 0.0344 0.0319 0.8472 "" "" 5325672761723170304 2342.89502 0.4001 0.0387 -5.405 3.957 0.045 0.04 0.985 9257.7 3.6128 16.24052 1.723844 17.05903 15.335187 "" "" 2181.05176 2513.47729 6008.11431 2.78 2050.2 13.666 5822.2 9.5102 "" "" 0.0028007451526588668 0.0077564074 0.004174801 0.011931209 138.97410307006 -49.9957945106 2342.89502 -5.405000000000001 3.9570000000000016 -0.055159835815429936 -0.04692007827758804 0.13197112 0.12697111 "" "" 0.8042048803476723 "" 0.10446262604954247 "" 1.0
138.91918631589 -50.02311097915 0.0331 0.0343 2.232 "" "" 5325672658643940480 2073.61157 0.458 0.0391 -5.222 3.912 0.042 0.039 0.971 9242.1 3.5719 16.3559 1.564388 17.076612 15.512224 "" "" 1911.83496 2232.96924 5402.40399 2.6702 2017.3 7.748 4946.2 8.6326 "" "" 0.0028070926671919763 0.0050174235 0.004227825 0.0092452485 138.91918631589 -50.02311097915 2073.61157 -5.2219999999999995 3.911999999999998 0.1278401641845699 -0.09192007827758797 0.12897111 0.12597111 "" "" 1.547622758064426 "" 0.1980285584126018 "" 1.0
