Clusters/Pismis_11/Pismis_11_stars_in_region.tsv
# %ECSV 1.0
# ---
# datatype:
# - name: RA_ICRS_1
#   unit: deg
#   datatype: float64
#   format: '{:15.11f}'
#   description: Right ascension (ICRS) at Ep=2016.0 (ra)
#   meta: !!omap
#   - {ucd: POS_EQ_RA_MAIN}
#   - {width: 15}
#   - {precision: '11'}
# - name: DE_ICRS_1
#   unit: deg
#   datatype: float64
#   format: '{:15.11f}'
#   description: Declination (ICRS) at Ep=2016.0 (dec)
#   meta: !!omap
#   - {ucd: POS_EQ_DEC_MAIN}
#   - {width: 15}
#   - {precision: '11'}
# - name: e_RA_ICRS
#   unit: mas
#   datatype: float64
#   format: '{:7.4f}'
#   description: Standard error of right ascension (ra_error)
#   meta: !!omap
#   - {ucd: ERROR}
#   - {width: 7}
#   - {precision: '4'}
# - name: e_DE_ICRS
#   unit: mas
#   datatype: float64
#   format: '{:7.4f}'
#   description: Standard error of declination (dec_error)
#   meta: !!omap
#   - {ucd: ERROR}
#   - {width: 7}
#   - {precision: '4'}
# - name: _r_1
#   unit: ''
#   datatype: float64
#   format: '{:7.4f}'
#   description: Distance from center (138.97330935000-50.00990554000)[ICRS], at Epoch=J2016.0
#   meta: !!omap
#   - {ucd: POS_ANG_DIST_GENERAL}
#   - {width: 7}
#   - {precision: '4'}
# - name: HIP
#   datatype: int32
#   description: '? HIP cross-id number, van Leeuwen, Cat. I/311 (hip_original_ext_source_id)'
#   meta: !!omap
#   - {ucd: ID_NUMBER}
#   - {width: 6}
#   - values: {'null': -2147483648}
# - name: TYC2
#   datatype: string
#   description: Tycho-2 cross-id name, Hog et al., Cat. I/259 (tyc2_original_ext_source_id)
#   meta: !!omap
#   - {ucd: ID_CROSSID}
#   - {_votable_string_dtype: char}
# - name: Source
#   datatype: int64
#   description: Source identifier, identical to the Gaia-EDR3 source_id (id)
#   meta: !!omap
#   - {ucd: ID_MAIN}
#   - {width: 19}
# - name: rgeo
#   unit: pc
#   datatype: float64
#   format: '{:15.8f}'
#   description: '? Median of the geometric distance posterior (r_med_geo)'
#   meta: !!omap
#   - {ucd: PHYS_DISTANCE_TRUE}
#   - {width: 15}
#   - {precision: '8'}
#   - values: {'null': .nan}
# - name: Plx
#   unit: mas
#   datatype: float64
#   format: '{:9.4f}'
#   description: '? Parallax (parallax)'
#   meta: !!omap
#   - {ucd: POS_PARLX_TRIG}
#   - {width: 9}
#   - {precision: '4'}
#   - values: {'null': .nan}
# - name: e_Plx
#   unit: mas
#   datatype: float32
#   format: '{:7.4f}'
#   description: '? Standard error of parallax (parallax_error)'
#   meta: !!omap
#   - {ucd: ERROR}
#   - {width: 7}
#   - {precision: '4'}
#   - values: {'null': .nan}
# - name: pmRA
#   unit: mas / yr
#   datatype: float64
#   format: '{:9.3f}'
#   description: '? Proper motion in right ascension direction, pmRA*cosDE (pmra)'
#   meta: !!omap
#   - {ucd: POS_EQ_PMRA}
#   - {width: 9}
#   - {precision: '3'}
#   - values: {'null': .nan}
# - name: pmDE
#   unit: mas / yr
#   datatype: float64
#   format: '{:9.3f}'
#   description: '? Proper motion in declination direction (pmdec)'
#   meta: !!omap
#   - {ucd: POS_EQ_PMDEC}
#   - {width: 9}
#   - {precision: '3'}
#   - values: {'null': .nan}
# - name: e_pmRA
#   unit: mas / yr
#   datatype: float32
#   format: '{:6.3f}'
#   description: '? Standard error of proper motion in right ascension direction (pmra_error)'
#   meta: !!omap
#   - {ucd: ERROR}
#   - {width: 6}
#   - {precision: '3'}
#   - values: {'null': .nan}
# - name: e_pmDE
[...]
#         unit: &id001 !astropy.units.Unit {unit: deg}
#         value: !astropy.table.SerializedColumn {name: SkyCoord.dec}
#       distance: !astropy.table.SerializedColumn
#         __class__: astropy.coordinates.distances.Distance
#         unit: !astropy.units.Unit {unit: pc}
#         value: !astropy.table.SerializedColumn {name: SkyCoord.distance}
#       frame: icrs
#       obstime: !astropy.time.Time {format: jyear_str, in_subfmt: '*', jd1: 367701545.0, jd2: 0.0, out_subfmt: '*', precision: 3, scale: tt}
#       pm_dec: !astropy.table.SerializedColumn
#         __class__: astropy.units.quantity.Quantity
#         unit: !astropy.units.Unit {unit: mas / yr}
#         value: !astropy.table.SerializedColumn {name: SkyCoord.pm_dec}
#       pm_ra_cosdec: !astropy.table.SerializedColumn
#         __class__: astropy.units.quantity.Quantity
#         unit: !astropy.units.Unit {unit: mas / yr}
#         value: !astropy.table.SerializedColumn {name: SkyCoord.pm_ra_cosdec}
#       ra: !astropy.table.SerializedColumn
#         __class__: astropy.coordinates.angles.Longitude
#         unit: *id001
#         value: !astropy.table.SerializedColumn {name: SkyCoord.ra}
#         wrap_angle: !astropy.coordinates.Angle
#           unit: *id001
#           value: 360.0
#       representation_type: spherical
# schema: astropy-2.0
RA_ICRS_1 DE_ICRS_1 e_RA_ICRS e_DE_ICRS _r_1 HIP TYC2 Source rgeo Plx e_Plx pmRA pmDE e_pmRA e_pmDE RUWE Teff logg Gmag BP-RP BPmag RPmag RV e_RV b_rgeo B_rgeo FG e_FG FBP e_FBP FRP e_FRP RAVE5 RAVE6 e_Gmag e_BPmag e_RPmag e_BP-RP SkyCoord.ra SkyCoord.dec SkyCoord.distance SkyCoord.pm_ra_cosdec SkyCoord.pm_dec
[from data line 326]
139.24717202205 -50.11773570762 0.0535 0.0524 12.3742 "" "" 5325661663527848576 2388.96362 0.384 0.0619 -5.217 3.565 0.07 0.069 1.172 8712.7 3.9859 16.935057 2.85726 18.552223 15.694963 "" "" 2112.84302 2731.36621 3169.01381 2.8931 518.24 6.4559 4180.0 7.2909 "" "" 0.002928186704240084 0.013810197 0.004227307 0.018037504 139.24717202205 -50.11773570762 2388.96362 -5.216999999999999 3.5649999999999995
138.57775216237 -50.05653016179 0.0464 0.0482 15.4995 "" "" 5325627608725075584 1975.1416 0.4887 0.0577 -5.246 6.149 0.062 0.056 0.971 7492.7 4.364 16.935455 1.740879 17.776768 16.035889 "" "" 1771.77588 2220.45703 3167.85106 1.974 1058.5 8.6582 3053.5 7.8962 "" "" 0.002837168234426137 0.0093089705 0.0047081504 0.014017121 138.57775216237 -50.05653016179 1975.1416 -5.246 6.149000000000001
139.0373108241 -50.05560854379 0.0445 0.0451 3.6884 "" "" 5325668707274196608 2273.72119 0.4043 0.0524 -5.195 4.667 0.058 0.057 0.947 9162.5 3.8853 16.938671 2.717243 18.461912 15.744669 "" "" 2048.71826 2489.25415 3158.48203 3.6038 563.19 7.5939 3992.9 20.623 "" "" 0.0030210019619107222 0.014903286 0.006762429 0.021665715 139.0373108241 -50.05560854379 2273.72119 -5.195 4.666999999999999
138.81517574683 -49.91665617467 0.0486 0.0542 8.2798 "" "" 5325721037157235200 1957.48389 0.4949 0.0603 -5.993 4.354 0.064 0.06 1.088 7979.5 4.1918 16.953045 1.957644 17.910906 15.953262 "" "" 1706.17651 2250.34375 3116.93982 2.1988 935.52 6.1475 3295.0 8.0319 "" "" 0.0028597933515317 0.007660783 0.0046139117 0.012274695 138.81517574683 -49.91665617467 1957.48389 -5.992999999999999 4.353999999999999
138.89178405814 -49.89399296202 0.0462 0.0484 7.6338 "" "" 5325720762279337344 2110.23022 0.4461 0.0559 -5.172 3.943 0.061 0.057 0.91 "" "" 16.955105 2.314518 18.184637 15.870119 "" "" 1894.32861 2374.67334 3111.03415 2.3906 727.05 6.6531 3557.2 11.802 "" "" 0.0028788642382226873 0.010319721 0.005221092 0.015540813 138.89178405814 -49.89399296202 2110.23022 -5.172000000000001 3.9430000000000005
139.00490518968 -50.26404470249 0.0466 0.071 15.2967 "" "" 5325664962062871424 2343.04297 0.4074 0.0601 -4.718 5.283 0.057 0.084 0.982 "" "" 16.961397 "" "" "" "" "" 2004.2655 2644.14771 3093.05831 3.1132 "" "" "" "" "" "" 0.0029641213163862125 "" "" "" 139.00490518968 -50.26404470249 2343.04297 -4.717999999999999 5.283
139.12334736155 -49.92276262574 0.0478 0.0451 7.8019 "" "" 5325678705957934336 1993.63721 0.4815 0.0548 -6.052 2.221 0.065 0.058 1.035 "" "" 16.964539 2.498972 18.335983 15.837011 "" "" 1797.75012 2219.37793 3084.11769 1.9751 632.45 6.6116 3667.4 8.0974 "" "" 0.002841699187904115 0.011688146 0.0044755433 0.016163688 139.12334736155 -49.92276262574 1993.63721 -6.051999999999998 2.2209999999999996
139.1856374651 -50.01311787897 0.0488 0.0464 8.1892 "" "" 5325674170472648704 1982.27063 0.47 0.0551 -5.291 2.499 0.063 0.062 1.042 7417.1 4.308 16.967775 2.15309 18.08729 15.9342 "" "" 1779.09656 2283.97754 3074.94191 1.9795 795.24 7.2692 3353.3 8.7734 "" "" 0.0028425891854424908 0.010309344 0.004727906 0.01503725 139.1856374651 -50.01311787897 1982.27063 -5.291 2.498999999999999
138.63161561911 -50.08195224717 0.0488 0.0482 13.8571 "" "" 5325624623731474688 2481.26953 0.3942 0.0581 -4.94 4.256 0.066 0.056 1.023 "" "" 16.968136 2.906799 18.642605 15.735805 "" "" 2170.58423 2789.13159 3073.9175 9.7877 476.84 9.312 4025.7 38.609 "" "" 0.004420788800816287 0.021385664 0.011077549 0.032463215 138.63161561911 -50.08195224717 2481.26953 -4.940000000000001 4.256
138.77763258827 -50.10889161204 0.0445 0.048 9.5961 "" "" 5325576863693670272 2098.01953 0.4648 0.0553 -4.288 3.665 0.059 0.054 0.995 "" "" 16.969341 2.014867 17.967682 15.952815 "" "" 1923.55652 2421.26172 3070.50663 2.2058 887.86 7.5088 3296.3 19.109 "" "" 0.0028635903292981006 0.009596835 0.0073416457 0.016938481 138.77763258827 -50.10889161204 2098.01953 -4.287999999999999 3.665
139.15749259755 -50.05398378234 0.0451 0.0424 7.5754 "" "" 5325668157518410496 2639.78052 0.3507 0.0516 -3.942 3.635 0.058 0.055 1.0 9218.3 3.6755 16.970543 2.007149 17.915497 15.908348 "" "" 2318.95923 3076.87109 3067.11355 2.3401 931.58 10.862 3434.1 15.378 "" "" 0.0028771514540434154 0.012963258 0.0061581135 0.019121371 139.15749259755 -50.05398378234 2639.78052 -3.9420000000000006 3.635
139.17639077703 -49.83213506172 0.0455 0.0436 13.2406 "" "" 5325680698822783872 2279.47534 0.4182 0.0532 -3.185 3.464 0.064 0.056 0.978 6600.0 4.203 16.971657 2.401784 18.266544 15.86476 "" "" 2030.38306 2674.64404 3063.96853 1.9401 674.22 7.4516 3574.8 8.1718 "" "" 0.002839793473200486 0.012319864 0.004521474 0.016841337 139.17639077703 -49.83213506172 2279.47534 -3.185 3.464
138.81012775103 -50.18951622843 0.0425 0.0526 12.4731 "" "" 5325575626743080192 2284.64282 0.4243 0.056 -6.518 4.864 0.057 0.059 1.0 9256.6 4.3254 16.971764 1.853397 17.881306 16.027908 "" "" 2053.65454 2559.1814 3063.66691 1.9593 961.38 6.8567 3076.1 6.4284 "" "" 0.0028414649380297907 0.008230966 0.0044081635 0.01263913 138.81012775103 -50.18951622843 2284.64282 -6.517999999999999 4.864
138.75865784205 -50.222243083 0.0416 0.0474 15.1828 "" "" 5325575867261241216 2029.6189 0.472 0.0532 -1.079 -0.278 0.055 0.055 0.994 "" "" 16.974718 2.057132 18.01269 15.955558 "" "" 1827.73535 2202.90771 3055.33739 1.8334 851.81 6.8624 3288.0 8.8915 "" "" 0.002831299553041191 0.009181205 0.004785842 0.0139670465 138.75865784205 -50.222243083 2029.6189 -1.079 -0.2779999999999999
138.72283173139 -49.85439626313 0.0471 0.052 13.4403 "" "" 5325724606266485120 2213.27856 0.4437 0.0573 -7.44 6.058 0.062 0.059 1.086 8119.7 4.4221 16.975107 1.845579 17.86307 16.01749 "" "" 1960.88025 2704.91235 3054.24274 2.0598 977.66 8.9892 3105.7 8.078 "" "" 0.0028509552553389185 0.010365505 0.0047179284 0.015083433 138.72283173139 -49.85439626313 2213.27856 -7.44 6.058000000000001
139.37010191587 -49.97201809972 0.0462 0.0458 15.4739 "" "" 5325664240508327424 2354.21777 0.3874 0.0514 -4.91 5.239 0.062 0.059 1.019 9300.8 4.3117 16.975826 1.785133 17.834457 16.049324 "" "" 2139.45679 2664.79419 3052.22536 1.7514 1003.8 7.2148 3016.0 9.5843 "" "" 0.0028248765171013674 0.008287522 0.0051174313 0.013404953 139.37010191587 -49.97201809972 2354.21777 -4.91 5.239
138.97666688775 -50.25583766097 0.0428 0.0469 14.7565 "" "" 5325571331775976576 1978.19751 0.4915 0.0528 -6.03 5.681 0.054 0.055 1.017 "" "" 16.979273 1.897512 17.9211 16.023588 "" "" 1727.12573 2289.04297 3042.55014 1.9495 926.78 7.3345 3088.3 9.2099 "" "" 0.0028417882964520817 0.009034137 0.0049767 0.014010837 138.97666688775 -50.25583766097 1978.19751 -6.030000000000001 5.681000000000001
138.89383929688 -49.89220459999 0.0465 0.0497 7.6997 "" "" 5325720792335490688 2285.27563 0.4273 0.0563 -4.797 2.387 0.062 0.062 1.037 9010.5 4.4838 16.98116 1.87323 17.904106 16.030876 "" "" 2040.61841 2560.15527 3037.26798 1.8945 941.4 6.8543 3067.7 8.2588 "" "" 0.002837327806087963 0.008383158 0.0047778278 0.013160985 138.89383929688 -49.89220459999 2285.27563 -4.797 2.387
139.20778740653 -50.07158966026 0.044 0.0428 9.7641 "" "" 5325673689436290432 1877.07117 0.5207 0.0505 -5.318 2.944 0.057 0.055 1.02 8212.3 4.3776 16.981253 1.870085 17.90445 16.034365 "" "" 1718.24878 2058.74512 3037.0058 1.7398 941.1 8.4893 3057.8 5.7303 "" "" 0.0028246506550841126 0.010183693 0.00429227 0.014475963 139.20778740653 -50.07158966026 1877.07117 -5.318 2.943999999999999
138.86453269102 -49.77496041967 0.0424 0.0492 14.7104 "" "" 5325730898402178432 2070.06982 0.4736 0.0555 -4.921 3.595 0.052 0.055 0.983 9009.3 4.3608 16.983427 1.744743 17.827553 16.08281 "" "" 1879.08801 2349.76074 3030.92759 1.8142 1010.2 5.9902 2924.4 6.9214 "" "" 0.002830924732350253 0.007016714 0.004570236 0.01158695 138.86453269102 -49.77496041967 2070.06982 -4.921 3.5949999999999998
138.89362713079 -49.78239741643 0.0436 0.0486 13.9936 "" "" 5325727939161171712 2254.25977 0.4026 0.0563 -4.527 4.773 0.055 0.058 1.015 "" "" 16.986944 2.153945 18.09181 15.937865 "" "" 2042.00537 2529.71436 3021.1295 1.8827 791.94 6.7853 3342.0 5.6283 "" "" 0.0028371791471597397 0.009711957 0.0041984688 0.013910426 138.89362713079 -49.78239741643 2254.25977 -4.527 4.773
139.01787971568 -50.10218275285 0.0453 0.0449 5.7967 "" "" 5325668462453817088 2165.46704 0.4491 0.0531 -5.388 3.9 0.059 0.057 0.968 8234.9 4.3728 16.994534 1.89114 17.941307 16.050167 "" "" 1943.65942 2450.43872 3000.08348 1.8939 909.69 5.8035 3013.6 8.2667 "" "" 0.002839290593757794 0.007467463 0.0048118704 0.012279334 139.01787971568 -50.10218275285 2165.46704 -5.388 3.8999999999999995
138.78305142203 -50.04762858936 0.0459 0.0489 7.6747 "" "" 5325717772982169728 2011.62854 0.4981 0.0559 -6.33 5.066 0.061 0.056 0.989 5122.6 4.3104 16.99522 1.875917 17.914965 16.039047 "" "" 1780.06848 2285.64014 2998.18623 2.397 932.03 9.672 3044.7 9.5902 "" "" 0.0028888167291245452 0.011607399 0.005096972 0.016704371 138.78305142203 -50.04762858936 2011.62854 -6.33 5.066
