Clusters/Pismis_11/Pismis_11_stars_in_region.tsv
# %ECSV 1.0
# ---
# datatype:
# - name: RA_ICRS_1
#   unit: deg
#   datatype: float64
#   format: '{:15.11f}'
#   description: Right ascension (ICRS) at Ep=2016.0 (ra)
#   meta: !!omap
#   - {ucd: POS_EQ_RA_MAIN}
#   - {width: 15}
#   - {precision: '11'}
# - name: DE_ICRS_1
#   unit: deg
#   datatype: float64
#   format: '{:15.11f}'
#   description: Declination (ICRS) at Ep=2016.0 (dec)
#   meta: !!omap
#   - {ucd: POS_EQ_DEC_MAIN}
#   - {width: 15}
#   - {precision: '11'}
# - name: e_RA_ICRS
#   unit: mas
#   datatype: float64
#   format: '{:7.4f}'
#   description: Standard error of right ascension (ra_error)
#   meta: !!omap
#   - {ucd: ERROR}
#   - {width: 7}
#   - {precision: '4'}
# - name: e_DE_ICRS
#   unit: mas
#   datatype: float64
#   format: '{:7.4f}'
#   description: Standard error of declination (dec_error)
#   meta: !!omap
#   - {ucd: ERROR}
#   - {width: 7}
#   - {precision: '4'}
# - name: _r_1
#   unit: ''
#   datatype: float64
#   format: '{:7.4f}'
#   description: Distance from center (138.97330935000-50.00990554000)[ICRS], at Epoch=J2016.0
#   meta: !!omap
#   - {ucd: POS_ANG_DIST_GENERAL}
#   - {width: 7}
#   - {precision: '4'}
# - name: HIP
#   datatype: int32
#   description: '? HIP cross-id number, van Leeuwen, Cat. I/311 (hip_original_ext_source_id)'
#   meta: !!omap
#   - {ucd: ID_NUMBER}
#   - {width: 6}
#   - values: {'null': -2147483648}
# - name: TYC2
#   datatype: string
#   description: Tycho-2 cross-id name, Hog et al., Cat. I/259 (tyc2_original_ext_source_id)
#   meta: !!omap
#   - {ucd: ID_CROSSID}
#   - {_votable_string_dtype: char}
# - name: Source
#   datatype: int64
#   description: Source identifier, identical to the Gaia-EDR3 source_id (id)
#   meta: !!omap
#   - {ucd: ID_MAIN}
#   - {width: 19}
# - name: rgeo
#   unit: pc
#   datatype: float64
#   format: '{:15.8f}'
#   description: '? Median of the geometric distance posterior (r_med_geo)'
#   meta: !!omap
#   - {ucd: PHYS_DISTANCE_TRUE}
#   - {width: 15}
#   - {precision: '8'}
#   - values: {'null': .nan}
# - name: Plx
#   unit: mas
#   datatype: float64
#   format: '{:9.4f}'
#   description: '? Parallax (parallax)'
#   meta: !!omap
#   - {ucd: POS_PARLX_TRIG}
#   - {width: 9}
#   - {precision: '4'}
#   - values: {'null': .nan}
# - name: e_Plx
#   unit: mas
#   datatype: float32
#   format: '{:7.4f}'
#   description: '? Standard error of parallax (parallax_error)'
#   meta: !!omap
#   - {ucd: ERROR}
#   - {width: 7}
#   - {precision: '4'}
#   - values: {'null': .nan}
# - name: pmRA
#   unit: mas / yr
#   datatype: float64
#   format: '{:9.3f}'
#   description: '? Proper motion in right ascension direction, pmRA*cosDE (pmra)'
#   meta: !!omap
#   - {ucd: POS_EQ_PMRA}
#   - {width: 9}
#   - {precision: '3'}
#   - values: {'null': .nan}
# - name: pmDE
#   unit: mas / yr
#   datatype: float64
#   format: '{:9.3f}'
#   description: '? Proper motion in declination direction (pmdec)'
#   meta: !!omap
#   - {ucd: POS_EQ_PMDEC}
#   - {width: 9}
#   - {precision: '3'}
#   - values: {'null': .nan}
# - name: e_pmRA
#   unit: mas / yr
#   datatype: float32
#   format: '{:6.3f}'
#   description: '? Standard error of proper motion in right ascension direction (pmra_error)'
#   meta: !!omap
#   - {ucd: ERROR}
#   - {width: 6}
#   - {precision: '3'}
#   - values: {'null': .nan}
# - name: e_pmDE
[...]
#         unit: &id001 !astropy.units.Unit {unit: deg}
#         value: !astropy.table.SerializedColumn {name: SkyCoord.dec}
#       distance: !astropy.table.SerializedColumn
#         __class__: astropy.coordinates.distances.Distance
#         unit: !astropy.units.Unit {unit: pc}
#         value: !astropy.table.SerializedColumn {name: SkyCoord.distance}
#       frame: icrs
#       obstime: !astropy.time.Time {format: jyear_str, in_subfmt: '*', jd1: 367701545.0, jd2: 0.0, out_subfmt: '*', precision: 3, scale: tt}
#       pm_dec: !astropy.table.SerializedColumn
#         __class__: astropy.units.quantity.Quantity
#         unit: !astropy.units.Unit {unit: mas / yr}
#         value: !astropy.table.SerializedColumn {name: SkyCoord.pm_dec}
#       pm_ra_cosdec: !astropy.table.SerializedColumn
#         __class__: astropy.units.quantity.Quantity
#         unit: !astropy.units.Unit {unit: mas / yr}
#         value: !astropy.table.SerializedColumn {name: SkyCoord.pm_ra_cosdec}
#       ra: !astropy.table.SerializedColumn
#         __class__: astropy.coordinates.angles.Longitude
#         unit: *id001
#         value: !astropy.table.SerializedColumn {name: SkyCoord.ra}
#         wrap_angle: !astropy.coordinates.Angle
#           unit: *id001
#           value: 360.0
#       representation_type: spherical
# schema: astropy-2.0
RA_ICRS_1 DE_ICRS_1 e_RA_ICRS e_DE_ICRS _r_1 HIP TYC2 Source rgeo Plx e_Plx pmRA pmDE e_pmRA e_pmDE RUWE Teff logg Gmag BP-RP BPmag RPmag RV e_RV b_rgeo B_rgeo FG e_FG FBP e_FBP FRP e_FRP RAVE5 RAVE6 e_Gmag e_BPmag e_RPmag e_BP-RP SkyCoord.ra SkyCoord.dec SkyCoord.distance SkyCoord.pm_ra_cosdec SkyCoord.pm_dec
[from data line 122]
138.91880202932 -50.20035187784 0.0312 0.0331 11.6177 "" "" 5325666267732700416 2205.38892 0.4133 0.0375 -6.179 6.332 0.042 0.04 1.407 8879.5 3.6427 15.704406 1.558266 16.414083 14.855818 "" "" 2066.35815 2368.35205 9844.28821 3.4211 3713.5 9.4698 9053.8 7.8402 "" "" 0.002781035256317516 0.00393077 0.0038945738 0.007825344 138.91880202932 -50.20035187784 2205.38892 -6.179000000000001 6.332000000000002
138.91143633536 -49.99143162964 0.0241 0.0249 2.6311 "" "" 5325672899162115072 2229.45117 0.4161 0.0279 -6.474 5.083 0.032 0.03 0.957 9265.5 3.6759 15.713032 1.415247 16.344564 14.929317 "" "" 2103.81079 2443.21265 9766.38911 3.0134 3959.0 9.5109 8461.2 13.735 "" "" 0.002775610846575592 0.0038194722 0.0041701337 0.007989606 138.91143633536 -49.99143162964 2229.45117 -6.474000000000001 5.083
138.8564974332 -49.92805600039 0.0257 0.0276 6.6663 "" "" 5325720349962469248 2040.83264 0.4659 0.0312 -4.834 4.321 0.035 0.031 1.118 8598.2 4.1503 15.715486 1.353532 16.314487 14.960956 "" "" 1875.00659 2177.0564 9744.34144 3.0519 4070.3 9.4391 8218.2 10.515 "" "" 0.0027762246025398356 0.0037582677 0.004026603 0.0077848705 138.8564974332 -49.92805600039 2040.83264 -4.833999999999999 4.321000000000001
139.34634644052 -50.01297906051 0.0252 0.0262 14.3848 "" "" 5325663862551173504 1934.87854 0.4838 0.0291 -5.436 4.508 0.034 0.033 1.087 15003.2 4.2794 15.719955 1.914824 16.660917 14.746093 "" "" 1816.04248 2063.57666 9704.30506 3.3257 2958.4 5.814 10017.0 8.69 "" "" 0.002780330400898243 0.0035125366 0.0038949852 0.007407522 139.34634644052 -50.01297906051 1934.87854 -5.436000000000001 4.508
138.84779233932 -50.22975993125 0.0225 0.0251 14.0473 "" "" 5325575283145900416 2148.5127 0.431 0.0276 -6.535 5.858 0.03 0.03 0.995 7969.9 4.0312 15.729052 1.687256 16.52868 14.841425 "" "" 2038.32349 2254.72388 9623.34955 3.2994 3341.5 10.065 9174.6 11.493 "" "" 0.0027803522070085026 0.0042988784 0.004016665 0.008315543 138.84779233932 -50.22975993125 2148.5127 -6.535 5.857999999999999
139.30546333982 -50.08742032734 0.0249 0.0253 13.6162 "" "" 5325661766607091840 2694.41333 0.3205 0.0289 -5.691 3.226 0.031 0.032 0.942 "" "" 15.746132 3.002444 17.49719 14.494746 38.88 5.27 2502.05054 2893.3125 9473.13924 4.0415 1369.4 6.8713 12626.0 10.322 "" "" 0.0027939842561021805 0.0061208806 0.0038822133 0.010003094 139.30546333982 -50.08742032734 2694.41333 -5.690999999999999 3.226
138.93909023756 -50.24563059918 0.0237 0.0248 14.2046 "" "" 5325572122049958016 2374.96436 0.3855 0.0284 -7.6 5.568 0.03 0.029 0.956 "" "" 15.748964 1.786575 16.607273 14.820698 "" "" 2192.46875 2565.77319 9448.45922 4.046 3108.2 9.0556 9351.4 11.479 "" "" 0.002794271089837511 0.004217956 0.00400749 0.008225447 138.93909023756 -50.24563059918 2374.96436 -7.6000000000000005 5.568
139.28516095935 -50.0637996763 0.0246 0.0256 12.4455 "" "" 5325662419442124416 2072.58423 0.4607 0.0288 -5.362 6.912 0.032 0.032 1.004 10597.2 4.1999 15.757749 1.659225 16.43266 14.773435 "" "" 1952.04382 2216.01367 9372.32204 4.2999 3650.5 33.977 9767.5 107.93 "" "" 0.0027999847591769983 0.010483597 0.012578499 0.023062095 139.28516095935 -50.0637996763 2072.58423 -5.361999999999999 6.912000000000001
138.98773947343 -49.91196595623 0.0244 0.0243 5.9027 "" "" 5325673655076383872 2246.1438 0.4137 0.0291 -5.392 3.799 0.033 0.032 1.057 "" "" 15.758936 1.821389 16.637108 14.815719 "" "" 2101.10669 2461.91333 9362.07658 2.9778 3023.9 7.9319 9394.4 8.3948 "" "" 0.0027768776566215406 0.0039869705 0.003901927 0.007888897 138.98773947343 -49.91196595623 2246.1438 -5.3919999999999995 3.7989999999999995
138.94424831025 -50.02299093378 0.0241 0.024 1.3681 "" "" 5325672619982201088 2735.31201 0.3351 0.0278 -5.327 4.058 0.032 0.03 0.994 7938.4 3.0105 15.777279 1.558296 16.494839 14.936542 "" "" 2536.94141 2926.22119 9205.23884 3.1757 3447.3 10.108 8405.1 10.99 "" "" 0.0027806634678194716 0.0042332 0.004037216 0.008270416 138.94424831025 -50.02299093378 2735.31201 -5.327 4.058000000000001
139.17032321905 -49.84629231817 0.0242 0.0235 12.4208 "" "" 5325680595743564928 2650.59424 0.349 0.0284 -6.573 10.78 0.033 0.031 1.004 9218.3 3.7571 15.785489 1.602136 16.529812 14.927676 "" "" 2446.2002 2864.95459 9135.89604 2.729 3338.0 10.132 8474.0 10.368 "" "" 0.0027743421393058828 0.004318097 0.004006044 0.008324141 139.17032321905 -49.84629231817 2650.59424 -6.5729999999999995 10.779999999999998
139.2903349183 -50.01707588659 0.0632 0.0679 12.2309 "" "" 5325662625600576640 2498.80713 0.3878 0.0749 -4.747 4.566 0.088 0.09 2.904 7994.1 2.5663 15.786458 2.123776 16.833708 14.709931 "" "" 2116.50879 3076.5813 9127.74666 10.639 2523.1 10.896 10356.0 10.568 "" "" 0.003032041386738661 0.0054561347 0.00393844 0.009394575 139.2903349183 -50.01707588659 2498.80713 -4.747000000000001 4.566
138.79513697576 -50.03188903827 0.0279 0.0304 6.9941 "" "" 5325717910421123840 2183.49121 0.4194 0.035 -6.157 4.332 0.037 0.034 1.069 7406.4 3.6238 15.790356 1.592404 16.52987 14.937465 "" "" 2044.7854 2349.45581 9095.03399 3.2963 3337.9 11.95 8397.9 9.6852 "" "" 0.0027832773939262556 0.00478478 0.003981413 0.008766193 138.79513697576 -50.03188903827 2183.49121 -6.157 4.331999999999999
139.26063774485 -50.02606704284 0.0253 0.0244 11.1197 "" "" 5325674273551872768 1967.9137 0.4648 0.029 -7.673 6.124 0.035 0.032 0.957 6841.2 3.6322 15.796928 2.173983 16.920341 14.746359 "" "" 1862.10779 2071.57568 9040.14166 3.4734 2329.6 9.5952 10014.0 10.684 "" "" 0.002786720806138963 0.0052709947 0.003952919 0.009223914 139.26063774485 -50.02606704284 1967.9137 -7.672999999999999 6.123999999999999
139.19465734002 -50.12134416501 0.0238 0.0238 10.8344 "" "" 5325656028530743552 2231.37183 0.4145 0.0274 -6.039 2.457 0.032 0.034 1.052 "" "" 15.800538 1.73034 16.625938 14.895598 "" "" 2119.28418 2367.52979 9010.13912 2.9261 3055.2 10.388 8728.1 9.1412 "" "" 0.0027777897642992694 0.004627427 0.0039467425 0.008574169 139.19465734002 -50.12134416501 2231.37183 -6.039 2.4570000000000003
139.31003501949 -50.02622106873 0.0245 0.0261 13.0186 "" "" 5325662556881100288 2744.93701 0.333 0.0289 -5.259 3.919 0.033 0.033 1.001 9187.6 3.4626 15.825434 1.817225 16.701456 14.884232 "" "" 2523.13208 3017.39429 8805.88813 3.1673 2849.9 8.919 8819.9 8.3611 "" "" 0.002782857021650112 0.004396679 0.003917027 0.008313706 139.31003501949 -50.02622106873 2744.93701 -5.259 3.9189999999999996
138.62698978159 -49.91041976628 0.0247 0.0254 14.6398 "" "" 5325723304899842688 2019.76904 0.4577 0.0284 -3.292 3.837 0.033 0.028 0.998 7499.7 3.8217 15.849152 1.931952 16.808159 14.876207 "" "" 1906.79944 2143.30493 8615.61311 3.0457 2583.2 10.508 8885.4 9.8513 "" "" 0.0027819247995353675 0.005224103 0.003966456 0.009190559 138.62698978159 -49.91041976628 2019.76904 -3.2919999999999994 3.8369999999999993
139.22405195419 -49.9112548915 0.0266 0.0258 11.3449 "" "" 5325677258546954368 2300.00293 0.4001 0.0307 -6.012 5.42 0.034 0.035 1.075 8353.2 4.0651 15.888235 1.567473 16.588388 15.020915 "" "" 2164.5249 2444.28711 8310.99155 3.2012 3162.7 15.91 7776.6 24.202 "" "" 0.0027868765391908445 0.006133221 0.005069639 0.011202861 139.22405195419 -49.9112548915 2300.00293 -6.011999999999999 5.419999999999999
139.05713719807 -50.1841480927 0.0252 0.0253 10.9411 "" "" 5325665855415870976 2393.82275 0.3788 0.0299 -5.617 3.725 0.033 0.03 1.016 7165.6 3.5717 15.896194 2.409631 17.196009 14.786378 "" "" 2248.73779 2587.17676 8250.29032 4.19 1807.2 10.622 9651.8 13.67 "" "" 0.0028099527778440944 0.006964833 0.004080244 0.011045077 139.05713719807 -50.1841480927 2393.82275 -5.617 3.7249999999999996
138.89165525596 -50.24514934429 0.0248 0.0267 14.4599 "" "" 5325572293848642432 2006.64417 0.4628 0.0298 -4.773 3.62 0.034 0.032 0.967 "" "" 15.900975 1.372158 16.508486 15.136328 "" "" 1900.92651 2144.05078 8214.03629 2.7943 3404.3 9.2351 6992.4 9.5583 "" "" 0.0027799659121718265 0.004057115 0.0040603494 0.008117464 138.89165525596 -50.24514934429 2006.64417 -4.772999999999999 3.62
139.05159623211 -50.21753796062 0.0706 0.0752 12.8169 "" "" 5325665511818474368 2383.01318 0.4045 0.0851 -4.474 5.751 0.095 0.093 3.065 9224.2 3.7834 15.905046 1.698961 16.68106 14.9821 "" "" 1966.64465 3023.41284 8183.29461 8.6036 2904.0 11.85 8059.7 11.067 "" "" 0.002982417465096141 0.0052358164 0.004062804 0.009298621 139.05159623211 -50.21753796062 2383.01318 -4.474 5.751
138.71213712649 -50.15741587404 0.0266 0.031 13.3955 "" "" 5325623249342008576 2363.97266 0.3845 0.0338 -3.674 5.176 0.036 0.038 1.005 8276.3 3.5798 15.91022 2.469435 17.245022 14.775587 "" "" 2210.98584 2581.90503 8144.39465 3.8917 1727.5 7.2313 9748.2 10.347 "" "" 0.00280373837857669 0.0053330106 0.00395118 0.009284191 138.71213712649 -50.15741587404 2363.97266 -3.6740000000000004 5.176
138.78234944828 -49.81180881529 0.0251 0.0283 13.9898 "" "" 5325725091606272256 2261.95825 0.4124 0.0319 -5.93 4.043 0.031 0.031 0.943 8740.2 3.5894 15.913966 1.369818 16.523455 15.153637 "" "" 2077.84668 2430.72852 8116.33948 2.9387 3357.6 9.0574 6881.8 11.175 "" "" 0.002783222703829028 0.004045155 0.0041703894 0.008215545 138.78234944828 -49.81180881529 2261.95825 -5.93 4.043
138.88304841984 -49.9649735139 0.0266 0.0281 4.4037 "" "" 5325719972005430144 2089.03516 0.447 0.0314 -8.817 8.572 0.036 0.034 0.992 9245.3 3.9597 15.920479 1.527345 16.619581 15.092237 "" "" 1945.92554 2260.47046 8067.80437 2.8816 3073.2 8.2344 7282.2 11.291 "" "" 0.0027824763513832375 0.0040309024 0.0041373484 0.00816825 138.88304841984 -49.9649735139 2089.03516 -8.817000000000002 8.572
138.76519814102 -49.93441183052 0.0266 0.0308 9.2203 "" "" 5325719731487260672 2581.16235 0.3539 0.0331 -4.728 5.372 0.036 0.034 1.015 "" "" 15.920511 1.715222 16.730453 15.015231 "" "" 2400.63672 2810.84961 8067.55935 3.4138 2774.8 7.6816 7817.5 9.9953 "" "" 0.0027933610845817295 0.004101125 0.004026267 0.008127392 138.76519814102 -49.93441183052 2581.16235 -4.727999999999999 5.371999999999998
138.91756082099 -49.77903662087 0.0264 0.0278 14.0187 "" "" 5325728012184159104 2093.04272 0.447 0.0326 -4.344 3.359 0.033 0.036 1.059 9037.7 3.604 15.922681 1.54756 16.632008 15.084448 "" "" 1981.22192 2243.00562 8051.45852 2.8042 3038.2 8.5821 7334.6 6.9183 "" "" 0.002781147834153504 0.004146204 0.003915678 0.008061882 138.91756082099 -49.77903662087 2093.04272 -4.344 3.3589999999999995
139.09767707981 -49.90896277516 0.0279 0.0274 7.7284 "" "" 5325678912116364928 2616.56006 0.3378 0.0333 -4.057 3.472 0.037 0.035 1.042 "" "" 15.933363 1.863325 16.839344 14.976019 "" "" 2395.39526 2870.60791 7972.63228 3.012 2510.0 8.3327 8105.0 11.382 "" "" 0.002785684730490377 0.004558174 0.004075352 0.008633526 139.09767707981 -49.90896277516 2616.56006 -4.057000000000001 3.4720000000000004
138.95994903276 -50.00100677647 0.0286 0.0278 0.742 "" "" 5325672727363427840 2116.83203 0.4511 0.0327 -5.247 4.176 0.037 0.035 1.062 "" "" 15.934516 1.714239 16.72605 15.01181 "" "" 1948.94836 2259.26758 7964.16907 3.2306 2786.1 13.294 7842.1 25.494 "" "" 0.0027902973281084494 0.005884221 0.005171272 0.011055493 138.95994903276 -50.00100677647 2116.83203 -5.247 4.176
139.02692945682 -50.06611308211 0.0281 0.0278 3.9552 "" "" 5325668672914452608 2367.64551 0.3954 0.0324 -6.512 6.266 0.037 0.036 1.06 9019.9 3.578 15.940254 1.864765 16.848473 14.983707 "" "" 2170.04346 2582.22583 7922.1839 4.1534 2489.0 11.081 8047.8 15.361 "" "" 0.002813504094906738 0.005581179 0.0043102703 0.0098914495 139.02692945682 -50.06611308211 2367.64551 -6.511999999999999 6.266000000000001
139.26919149747 -50.16083436451 0.0279 0.0269 14.5521 "" "" 5325654894659375872 2492.97485 0.357 0.0315 -5.138 5.006 0.036 0.035 1.01 "" "" 15.943511 2.90411 17.615088 14.710978 "" "" 2337.84131 2702.146 7898.46073 3.55 1228.5 7.7325 10346.0 9.8024 "" "" 0.0027981999255040422 0.007381554 0.0039168773 0.011298431 139.26919149747 -50.16083436451 2492.97485 -5.137999999999999 5.006
138.91235882445 -50.11177125115 0.0278 0.028 6.5473 "" "" 5325669738066166400 2442.19287 0.3744 0.0323 -5.349 3.922 0.036 0.033 1.004 9417.6 3.8279 15.947907 1.958472 16.92612 14.967648 "" "" 2274.62744 2642.13135 7866.54074 3.3185 2317.2 10.775 8167.7 9.851 "" "" 0.0027931290122920585 0.005768383 0.003999814 0.009768197 138.91235882445 -50.11177125115 2442.19287 -5.349 3.921999999999999
138.96454393292 -49.9952054448 0.0265 0.0261 0.9446 "" "" 5325672761723168512 2421.93066 0.3771 0.0306 -5.352 4.021 0.035 0.034 1.01 "" "" 15.94951 1.641504 16.715124 15.07362 "" "" 2247.56201 2648.10107 7854.94349 2.9551 2814.3 7.012 7408.2 8.7181 "" "" 0.0027854320955904787 0.0038862622 0.003989521 0.007875783 138.96454393292 -49.9952054448 2421.93066 -5.352000000000002 4.021000000000001
139.18280043467 -49.80083161152 0.0929 0.0965 14.9298 "" "" 5325681179859127808 2532.91162 0.3836 0.112 -1.543 1.665 0.121 0.126 4.026 7496.7 4.0333 15.951773 1.783216 16.757986 14.97477 "" "" 2055.29224 3190.5415 7838.58245 15.517 2705.3 6.3457 8114.3 7.4294 "" "" 0.003494456565790975 0.0037777037 0.003907934 0.0076856376 139.18280043467 -49.80083161152 2532.91162 -1.543 1.665
138.7701717463 -50.23143595836 0.026 0.0296 15.4189 "" "" 5325575111346996096 2207.85645 0.4276 0.0328 -3.517 3.496 0.035 0.036 1.072 "" "" 15.954237 1.515297 16.64498 15.129683 "" "" 2059.13477 2405.79248 7820.81126 2.9564 3002.1 8.3265 7035.3 9.1965 "" "" 0.002785720650325902 0.0041052764 0.004037084 0.0081423605 138.7701717463 -50.23143595836 2207.85645 -3.517 3.4959999999999996
138.97473856803 -50.01842008677 0.0288 0.0282 0.5138 "" "" 5325671967150102144 2596.86987 0.3525 0.0329 -5.254 4.026 0.04 0.037 1.054 8951.6 3.4337 15.959339 1.690347 16.745655 15.055308 "" "" 2361.51855 2803.38965 7784.14741 3.0963 2736.2 13.866 7534.2 11.995 "" "" 0.002788961073128249 0.00616912 0.0041559217 0.010325042 138.97473856803 -50.01842008677 2596.86987 -5.253999999999999 4.026
139.16619879045 -49.87569680811 0.027 0.0256 10.9689 "" "" 5325680355225387904 2329.10522 0.3957 0.0313 -5.268 4.052 0.037 0.033 1.007 9292.1 3.6651 15.970921 1.706213 16.778006 15.071793 "" "" 2153.73267 2488.4856 7701.55073 2.8467 2655.9 8.7048 7420.6 9.3856 "" "" 0.002784393097780662 0.0045219716 0.0040211347 0.008543106 139.16619879045 -49.87569680811 2329.10522 -5.268000000000001 4.052
138.9978676379 -49.93201486765 0.0288 0.0289 4.7686 "" "" 5325673380198473984 2723.6167 0.323 0.0342 -3.624 2.284 0.039 0.038 1.058 "" "" 15.971261 2.706751 17.490278 14.783527 "" "" 2516.09521 3014.95337 7699.1433 4.0314 1378.2 6.6438 9677.1 13.436 "" "" 0.002813359663285508 0.0059312023 0.0040689306 0.010000133 138.9978676379 -49.93201486765 2723.6167 -3.6239999999999997 2.284
139.20059151768 -50.18138391977 0.0362 0.0262 13.5051 "" "" 5325655169537593344 1873.00793 0.5102 0.0355 -3.864 6.426 0.053 0.035 1.093 6041.7 3.7375 15.972543 1.77767 16.725574 14.947905 "" "" 1763.73633 2002.17078 7690.0571 4.347 2787.3 21.528 8317.6 150.42 "" "" 0.0028228471626727805 0.008837795 0.019995466 0.02883326 139.20059151768 -50.18138391977 1873.00793 -3.863999999999999 6.426
138.83793340846 -49.76633175729 0.0265 0.0301 15.5231 "" "" 5325731138920239872 2191.2915 0.4219 0.0333 -3.604 4.241 0.033 0.034 1.029 7958.1 3.9995 15.989475 1.93885 16.952509 15.013659 "" "" 2031.28723 2365.50903 7571.06192 2.9141 2261.6 6.4394 7828.8 8.1701 "" "" 0.00278683144132766 0.004164342 0.0039455765 0.008109918 138.83793340846 -49.76633175729 2191.2915 -3.604 4.241
138.96990141096 -49.81092495441 0.0263 0.0273 11.9396 "" "" 5325726981392007040 2591.03857 0.3535 0.0321 -5.345 4.013 0.033 0.034 0.982 9172.8 3.5854 15.992848 1.887662 16.920033 15.032371 "" "" 2382.57324 2847.10571 7547.57532 2.8915 2330.3 7.556 7695.0 9.007 "" "" 0.0027865396018724206 0.0044921013 0.0039873295 0.008479431 138.96990141096 -49.81092495441 2591.03857 -5.344999999999999 4.013
