Clusters/Gulliver_8/Gulliver_8_stars_in_region.tsv
# %ECSV 1.0
# ---
# datatype:
# - name: RA_ICRS_1
#   unit: deg
#   datatype: float64
#   format: '{:15.11f}'
#   description: Right ascension (ICRS) at Ep=2016.0 (ra)
#   meta: !!omap
#   - {ucd: POS_EQ_RA_MAIN}
#   - {width: 15}
#   - {precision: '11'}
# - name: DE_ICRS_1
#   unit: deg
#   datatype: float64
#   format: '{:15.11f}'
#   description: Declination (ICRS) at Ep=2016.0 (dec)
#   meta: !!omap
#   - {ucd: POS_EQ_DEC_MAIN}
#   - {width: 15}
#   - {precision: '11'}
# - name: e_RA_ICRS
#   unit: mas
#   datatype: float64
#   format: '{:7.4f}'
#   description: Standard error of right ascension (ra_error)
#   meta: !!omap
#   - {ucd: ERROR}
#   - {width: 7}
#   - {precision: '4'}
# - name: e_DE_ICRS
#   unit: mas
#   datatype: float64
#   format: '{:7.4f}'
#   description: Standard error of declination (dec_error)
#   meta: !!omap
#   - {ucd: ERROR}
#   - {width: 7}
#   - {precision: '4'}
# - name: _r_1
#   unit: ''
#   datatype: float64
#   format: '{:7.4f}'
#   description: Distance from center (080.54800864000+33.79769496000)[ICRS], at Epoch=J2016.0
#   meta: !!omap
#   - {ucd: POS_ANG_DIST_GENERAL}
#   - {width: 7}
#   - {precision: '4'}
# - name: HIP
#   datatype: int32
#   description: '? HIP cross-id number, van Leeuwen, Cat. I/311 (hip_original_ext_source_id)'
#   meta: !!omap
#   - {ucd: ID_NUMBER}
#   - {width: 6}
#   - values: {'null': -2147483648}
# - name: TYC2
#   datatype: string
#   description: Tycho-2 cross-id name, Hog et al., Cat. I/259 (tyc2_original_ext_source_id)
#   meta: !!omap
#   - {ucd: ID_CROSSID}
#   - {_votable_string_dtype: char}
# - name: Source
#   datatype: int64
#   description: Source identifier, identical to the Gaia-EDR3 source_id (id)
#   meta: !!omap
#   - {ucd: ID_MAIN}
#   - {width: 19}
# - name: rgeo
#   unit: pc
#   datatype: float64
#   format: '{:15.8f}'
#   description: '? Median of the geometric distance posterior (r_med_geo)'
#   meta: !!omap
#   - {ucd: PHYS_DISTANCE_TRUE}
#   - {width: 15}
#   - {precision: '8'}
#   - values: {'null': .nan}
# - name: Plx
#   unit: mas
#   datatype: float64
#   format: '{:9.4f}'
#   description: '? Parallax (parallax)'
#   meta: !!omap
#   - {ucd: POS_PARLX_TRIG}
#   - {width: 9}
#   - {precision: '4'}
#   - values: {'null': .nan}
# - name: e_Plx
#   unit: mas
#   datatype: float32
#   format: '{:7.4f}'
#   description: '? Standard error of parallax (parallax_error)'
#   meta: !!omap
#   - {ucd: ERROR}
#   - {width: 7}
#   - {precision: '4'}
#   - values: {'null': .nan}
# - name: pmRA
#   unit: mas / yr
#   datatype: float64
#   format: '{:9.3f}'
#   description: '? Proper motion in right ascension direction, pmRA*cosDE (pmra)'
#   meta: !!omap
#   - {ucd: POS_EQ_PMRA}
#   - {width: 9}
#   - {precision: '3'}
#   - values: {'null': .nan}
# - name: pmDE
#   unit: mas / yr
#   datatype: float64
#   format: '{:9.3f}'
#   description: '? Proper motion in declination direction (pmdec)'
#   meta: !!omap
#   - {ucd: POS_EQ_PMDEC}
#   - {width: 9}
#   - {precision: '3'}
#   - values: {'null': .nan}
# - name: e_pmRA
#   unit: mas / yr
#   datatype: float32
#   format: '{:6.3f}'
#   description: '? Standard error of proper motion in right ascension direction (pmra_error)'
#   meta: !!omap
#   - {ucd: ERROR}
#   - {width: 6}
#   - {precision: '3'}
#   - values: {'null': .nan}
# - name: e_pmDE
[...]
#         value: !astropy.table.SerializedColumn {name: SkyCoord.dec}
#       distance: !astropy.table.SerializedColumn
#         __class__: astropy.coordinates.distances.Distance
#         unit: !astropy.units.Unit {unit: pc}
#         value: !astropy.table.SerializedColumn {name: SkyCoord.distance}
#       frame: icrs
#       obstime: !astropy.time.Time {format: jyear_str, in_subfmt: '*', jd1: 367701545.0, jd2: 0.0, out_subfmt: '*', precision: 3, scale: tt}
#       pm_dec: !astropy.table.SerializedColumn
#         __class__: astropy.units.quantity.Quantity
#         unit: !astropy.units.Unit {unit: mas / yr}
#         value: !astropy.table.SerializedColumn {name: SkyCoord.pm_dec}
#       pm_ra_cosdec: !astropy.table.SerializedColumn
#         __class__: astropy.units.quantity.Quantity
#         unit: !astropy.units.Unit {unit: mas / yr}
#         value: !astropy.table.SerializedColumn {name: SkyCoord.pm_ra_cosdec}
#       ra: !astropy.table.SerializedColumn
#         __class__: astropy.coordinates.angles.Longitude
#         unit: *id001
#         value: !astropy.table.SerializedColumn {name: SkyCoord.ra}
#         wrap_angle: !astropy.coordinates.Angle
#           unit: *id001
#           value: 360.0
#       representation_type: spherical
# schema: astropy-2.0
RA_ICRS_1 DE_ICRS_1 e_RA_ICRS e_DE_ICRS _r_1 HIP TYC2 Source rgeo Plx e_Plx pmRA pmDE e_pmRA e_pmDE RUWE Teff logg Gmag BP-RP BPmag RPmag RV e_RV b_rgeo B_rgeo FG e_FG FBP e_FBP FRP e_FRP RAVE5 RAVE6 e_Gmag e_BPmag e_RPmag e_BP-RP SkyCoord.ra SkyCoord.dec SkyCoord.distance SkyCoord.pm_ra_cosdec SkyCoord.pm_dec rmRA rmDE e_rmRA e_rmDE rRV e_rRV v_pec v_pec3d e_vpec e_vpec3d
[from data line 1278]
80.35141930732 34.12945990702 0.0664 0.0481 22.18 "" "" 182766049749405568 1144.10498 0.8269 0.0761 2.42 -6.882 0.081 0.061 0.999 4482.1 4.738 16.988102 1.450043 17.669025 16.218983 "" "" 1062.37 1240.1123 3017.91039 2.6616 1169.0 14.755 2579.7 12.925 "" "" 0.0029169656354361773 0.01398521 0.00662386 0.02060907 80.35141930732 34.12945990702 1144.10498 2.42 -6.882 2.7564999890327453 -3.812833339691162 0.18970335 0.16970335 "" "" 25.514889699973146 "" 4.511634983388554 ""
81.13717467549 34.10533615069 0.0684 0.0497 34.649 "" "" 182718736388655616 925.064453 1.0747 0.0769 0.159 -3.751 0.086 0.058 1.007 4176.3 4.6305 16.989426 1.47957 17.659132 16.179562 "" "" 861.585938 984.983215 3014.22831 2.5474 1179.7 10.432 2675.1 11.341 "" "" 0.002904091552350587 0.0099982945 0.0059557375 0.015954033 81.13717467549 34.10533615069 925.064453 0.15899999999999995 -3.7510000000000003 0.4954999890327454 -0.681833339691162 0.19470334 0.16670334 "" "" 3.69578747722542 "" 0.653718538224227 ""
81.03394063796 34.23175928294 0.0704 0.0565 35.5292 "" "" 182736633514162048 1225.72925 0.7974 0.0797 3.501 -7.995 0.089 0.069 0.983 4846.9 4.5428 16.990257 1.35162 17.606493 16.254873 "" "" 1119.35669 1350.22656 3011.92226 2.237 1238.3 17.895 2495.8 12.548 "" "" 0.0028708985348292037 0.015936414 0.0066393605 0.022575773 81.03394063796 34.23175928294 1225.72925 3.5010000000000017 -7.994999999999998 3.8374999890327453 -4.925833339691162 0.19770335 0.17770335 "" "" 36.278627406295875 "" 6.730077739717927 ""
81.14737122943 33.58625604397 0.0708 0.0509 32.4996 "" "" 182493916322465024 1123.69336 0.8681 0.0748 1.48 -4.167 0.092 0.063 1.038 4456.8 4.6854 16.994022 1.437634 17.653334 16.2157 "" "" 1050.76379 1222.77405 3001.4984 2.9839 1186.0 13.015 2587.5 11.985 "" "" 0.0029591940858061314 0.012237057 0.0062908353 0.018527891 81.14737122943 33.58625604397 1123.69336 1.479999999999999 -4.167 1.8164999890327453 -1.097833339691162 0.20070335 0.17170334 "" "" 11.304965150442872 "" 2.1860561394867513 ""
80.44312149286 33.98915644511 0.0727 0.0492 12.6197 "" "" 182752164118402432 1101.82532 0.8983 0.0783 3.218 -7.667 0.092 0.062 1.051 4691.2 4.6588 16.997288 1.499516 17.692804 16.193289 "" "" 1001.14624 1202.40405 2992.48322 2.4734 1143.7 12.365 2641.4 13.094 "" "" 0.0028977783575764118 0.012065381 0.0065766373 0.018642018 80.44312149286 33.98915644511 1101.82532 3.218 -7.666999999999999 3.5544999890327453 -4.597833339691162 0.20070335 0.17070335 "" "" 30.35189572747587 "" 5.5393447507181195 ""
80.61017133588 33.37386306156 0.0858 0.0608 25.619 "" "" 181168386335478400 1139.30322 0.8599 0.0927 0.814 -5.854 0.104 0.07 1.042 4490.7 4.5022 16.99786 1.392219 17.62765 16.23543 "" "" 1042.5415 1247.10022 2990.90449 2.413 1214.4 15.866 2540.9 14.782 "" "" 0.002891206839547202 0.014456827 0.0073607536 0.02181758 80.61017133588 33.37386306156 1139.30322 0.8139999999999998 -5.854000000000001 1.1504999890327454 -2.784833339691162 0.21270335 0.17870334 "" "" 16.271792814482907 "" 2.99485325824177 ""
81.01938153429 33.40047034344 0.0693 0.0463 33.5108 "" "" 182484231175396480 1294.60254 0.7593 0.0782 0.217 -2.336 0.094 0.062 0.901 4737.9 4.7348 16.999063 1.469326 17.672796 16.20347 "" "" 1153.00195 1408.60242 2987.59334 4.6507 1164.9 16.197 2616.8 14.349 "" "" 0.0032323895977042173 0.015351971 0.007051836 0.022403806 81.01938153429 33.40047034344 1294.60254 0.217 -2.336 0.5534999890327453 0.733166660308838 0.20270334 0.17070335 "" "" 5.637144338570928 "" 1.0314206370765397 ""
80.8772184155 34.2047106748 0.0688 0.0549 29.4029 "" "" 182712341179028480 995.793884 0.9835 0.0784 6.07 -7.561 0.089 0.064 0.98 4523.6 4.6842 16.999954 1.517832 17.71331 16.195478 "" "" 924.272278 1071.89966 2985.14329 2.4069 1122.3 11.328 2636.1 9.1479 "" "" 0.0028910468791992095 0.011308555 0.005336645 0.0166452 80.8772184155 34.2047106748 995.793884 6.07 -7.561 6.406499989032746 -4.491833339691162 0.19770335 0.17270336 "" "" 36.93123074701334 "" 7.0105833967765685 ""
