Clusters/Gulliver_8/Gulliver_8_stars_in_region.tsv
# %ECSV 1.0
# ---
# datatype:
# - name: RA_ICRS_1
#   unit: deg
#   datatype: float64
#   format: '{:15.11f}'
#   description: Right ascension (ICRS) at Ep=2016.0 (ra)
#   meta: !!omap
#   - {ucd: POS_EQ_RA_MAIN}
#   - {width: 15}
#   - {precision: '11'}
# - name: DE_ICRS_1
#   unit: deg
#   datatype: float64
#   format: '{:15.11f}'
#   description: Declination (ICRS) at Ep=2016.0 (dec)
#   meta: !!omap
#   - {ucd: POS_EQ_DEC_MAIN}
#   - {width: 15}
#   - {precision: '11'}
# - name: e_RA_ICRS
#   unit: mas
#   datatype: float64
#   format: '{:7.4f}'
#   description: Standard error of right ascension (ra_error)
#   meta: !!omap
#   - {ucd: ERROR}
#   - {width: 7}
#   - {precision: '4'}
# - name: e_DE_ICRS
#   unit: mas
#   datatype: float64
#   format: '{:7.4f}'
#   description: Standard error of declination (dec_error)
#   meta: !!omap
#   - {ucd: ERROR}
#   - {width: 7}
#   - {precision: '4'}
# - name: _r_1
#   unit: ''
#   datatype: float64
#   format: '{:7.4f}'
#   description: Distance from center (080.54800864000+33.79769496000)[ICRS], at Epoch=J2016.0
#   meta: !!omap
#   - {ucd: POS_ANG_DIST_GENERAL}
#   - {width: 7}
#   - {precision: '4'}
# - name: HIP
#   datatype: int32
#   description: '? HIP cross-id number, van Leeuwen, Cat. I/311 (hip_original_ext_source_id)'
#   meta: !!omap
#   - {ucd: ID_NUMBER}
#   - {width: 6}
#   - values: {'null': -2147483648}
# - name: TYC2
#   datatype: string
#   description: Tycho-2 cross-id name, Hog et al., Cat. I/259 (tyc2_original_ext_source_id)
#   meta: !!omap
#   - {ucd: ID_CROSSID}
#   - {_votable_string_dtype: char}
# - name: Source
#   datatype: int64
#   description: Source identifier, identical to the Gaia-EDR3 source_id (id)
#   meta: !!omap
#   - {ucd: ID_MAIN}
#   - {width: 19}
# - name: rgeo
#   unit: pc
#   datatype: float64
#   format: '{:15.8f}'
#   description: '? Median of the geometric distance posterior (r_med_geo)'
#   meta: !!omap
#   - {ucd: PHYS_DISTANCE_TRUE}
#   - {width: 15}
#   - {precision: '8'}
#   - values: {'null': .nan}
# - name: Plx
#   unit: mas
#   datatype: float64
#   format: '{:9.4f}'
#   description: '? Parallax (parallax)'
#   meta: !!omap
#   - {ucd: POS_PARLX_TRIG}
#   - {width: 9}
#   - {precision: '4'}
#   - values: {'null': .nan}
# - name: e_Plx
#   unit: mas
#   datatype: float32
#   format: '{:7.4f}'
#   description: '? Standard error of parallax (parallax_error)'
#   meta: !!omap
#   - {ucd: ERROR}
#   - {width: 7}
#   - {precision: '4'}
#   - values: {'null': .nan}
# - name: pmRA
#   unit: mas / yr
#   datatype: float64
#   format: '{:9.3f}'
#   description: '? Proper motion in right ascension direction, pmRA*cosDE (pmra)'
#   meta: !!omap
#   - {ucd: POS_EQ_PMRA}
#   - {width: 9}
#   - {precision: '3'}
#   - values: {'null': .nan}
# - name: pmDE
#   unit: mas / yr
#   datatype: float64
#   format: '{:9.3f}'
#   description: '? Proper motion in declination direction (pmdec)'
#   meta: !!omap
#   - {ucd: POS_EQ_PMDEC}
#   - {width: 9}
#   - {precision: '3'}
#   - values: {'null': .nan}
# - name: e_pmRA
#   unit: mas / yr
#   datatype: float32
#   format: '{:6.3f}'
#   description: '? Standard error of proper motion in right ascension direction (pmra_error)'
#   meta: !!omap
#   - {ucd: ERROR}
#   - {width: 6}
#   - {precision: '3'}
#   - values: {'null': .nan}
# - name: e_pmDE
[...]
#         value: !astropy.table.SerializedColumn {name: SkyCoord.dec}
#       distance: !astropy.table.SerializedColumn
#         __class__: astropy.coordinates.distances.Distance
#         unit: !astropy.units.Unit {unit: pc}
#         value: !astropy.table.SerializedColumn {name: SkyCoord.distance}
#       frame: icrs
#       obstime: !astropy.time.Time {format: jyear_str, in_subfmt: '*', jd1: 367701545.0, jd2: 0.0, out_subfmt: '*', precision: 3, scale: tt}
#       pm_dec: !astropy.table.SerializedColumn
#         __class__: astropy.units.quantity.Quantity
#         unit: !astropy.units.Unit {unit: mas / yr}
#         value: !astropy.table.SerializedColumn {name: SkyCoord.pm_dec}
#       pm_ra_cosdec: !astropy.table.SerializedColumn
#         __class__: astropy.units.quantity.Quantity
#         unit: !astropy.units.Unit {unit: mas / yr}
#         value: !astropy.table.SerializedColumn {name: SkyCoord.pm_ra_cosdec}
#       ra: !astropy.table.SerializedColumn
#         __class__: astropy.coordinates.angles.Longitude
#         unit: *id001
#         value: !astropy.table.SerializedColumn {name: SkyCoord.ra}
#         wrap_angle: !astropy.coordinates.Angle
#           unit: *id001
#           value: 360.0
#       representation_type: spherical
# schema: astropy-2.0
RA_ICRS_1 DE_ICRS_1 e_RA_ICRS e_DE_ICRS _r_1 HIP TYC2 Source rgeo Plx e_Plx pmRA pmDE e_pmRA e_pmDE RUWE Teff logg Gmag BP-RP BPmag RPmag RV e_RV b_rgeo B_rgeo FG e_FG FBP e_FBP FRP e_FRP RAVE5 RAVE6 e_Gmag e_BPmag e_RPmag e_BP-RP SkyCoord.ra SkyCoord.dec SkyCoord.distance SkyCoord.pm_ra_cosdec SkyCoord.pm_dec rmRA rmDE e_rmRA e_rmDE rRV e_rRV v_pec v_pec3d e_vpec e_vpec3d
[from data line 445]
80.42982716958 34.32885613256 0.023 0.0162 32.4065 "" "" 182775464316375552 1095.32703 0.8653 0.0258 5.021 -0.545 0.03 0.021 0.942 6136.9 4.2503 14.841606 1.007443 15.254681 14.247237 "" "" 1069.48315 1125.81873 21792.36652 5.8419 10803.0 24.159 15859.0 16.176 "" "" 0.0027706501060868914 0.0036987173 0.0039382926 0.00763701 80.42982716958 34.32885613256 1095.32703 5.021 -0.545 5.357499989032745 2.524166660308838 0.13870335 0.12970334 "" "" 30.74795091451221 "" 4.215924276721914 ""
80.97068923278 33.92900585657 0.0232 0.0172 22.4844 "" "" 182692348109718400 1194.69995 0.8048 0.0259 0.213 -4.318 0.028 0.021 0.972 5852.5 4.1363 14.853647 1.046996 15.288401 14.241405 "" "" 1147.57178 1237.29785 21552.01864 6.4365 10473.0 14.344 15944.0 19.612 "" "" 0.0027743342336963754 0.0031616995 0.0040084072 0.0071701067 80.97068923278 33.92900585657 1194.69995 0.21300000000000016 -4.318 0.5494999890327453 -1.2488333396911617 0.13670334 0.12970334 "" "" 7.726321652869005 "" 1.0110990711019732 ""
80.7314079235 34.1574905592 0.1328 0.1017 23.4371 "" "" 182757421157364992 1047.62476 0.9817 0.157 -1.349 -5.851 0.166 0.127 6.188 5954.8 4.401 14.85446 0.977329 15.232669 14.25534 "" "" 902.119385 1278.80884 21535.89503 17.396 11024.0 21.002 15741.0 22.603 "" "" 0.0028915321245609124 0.0034732618 0.004088318 0.00756158 80.7314079235 34.1574905592 1047.62476 -1.349000000000001 -5.851 -1.0125000109672546 -2.781833339691162 0.27470332 0.23570335 "" "" 14.70040027636951 "" 3.5368012009823664 ""
80.47370208048 33.92464804682 0.0268 0.0187 8.4692 "" "" 182748732440532352 1151.40002 0.8244 0.031 1.489 -2.589 0.032 0.023 1.005 6393.8 4.3663 14.855563 0.960599 15.246664 14.286065 "" "" 1109.02356 1189.52563 21514.02022 6.5665 10883.0 17.626 15301.0 13.957 "" "" 0.0027751769966343986 0.003298058 0.003906988 0.007205046 80.47370208048 33.92464804682 1151.40002 1.489 -2.589 1.8254999890327455 0.4801666603088379 0.14070335 0.13170335 "" "" 10.301799878587723 "" 1.4436783500649337 ""
81.20992302838 33.85307837205 0.0237 0.0181 33.1595 "" "" 182501307964828544 1147.81287 0.8341 0.0273 -0.246 -7.286 0.03 0.021 1.033 5958.0 4.2965 14.856522 0.916893 15.225957 14.309064 "" "" 1114.84192 1188.54358 21495.03578 7.9644 11093.0 17.519 14981.0 19.795 "" "" 0.0027845334630255533 0.0032749346 0.004042509 0.0073174434 81.20992302838 33.85307837205 1147.81287 -0.24599999999999977 -7.286000000000001 0.09049998903274536 -4.216833339691162 0.13870335 0.12970334 "" "" 22.947525632650297 "" 2.9764691663761016 ""
80.76729893414 33.96846454157 0.0225 0.0175 14.9765 "" "" 182708050510196864 1135.81458 0.8446 0.0265 -4.089 -4.674 0.03 0.022 1.011 5931.7 4.0871 14.860242 1.071881 15.308908 14.237027 "" "" 1105.69031 1170.93079 21421.49621 5.7777 10277.0 30.962 16008.0 19.718 "" "" 0.00277083819707257 0.0042993957 0.0040090242 0.00830842 80.76729893414 33.96846454157 1135.81458 -4.089 -4.674 -3.752500010967255 -1.6048333396911625 0.13870335 0.13070334 "" "" 21.97257054469118 "" 3.0211581217362995 ""
80.61661068951 33.76842864552 0.0235 0.0172 3.8454 "" "" 182696226464129536 1159.10864 0.8237 0.0291 -0.389 -3.072 0.031 0.021 1.012 5532.3 4.2326 14.863722 1.030196 15.287115 14.256919 "" "" 1115.57117 1193.49634 21352.95003 7.4821 10485.0 17.91 15718.0 17.245 "" "" 0.002781461217559076 0.0033503147 0.003962666 0.0073129805 80.61661068951 33.76842864552 1159.10864 -0.38899999999999996 -3.072000000000002 -0.05250001096725465 -0.0028333396911621733 0.13970335 0.12970334 "" "" 0.2888639989891028 "" 0.04034717830959537 ""
80.32305467682 34.14228156935 0.0238 0.0175 23.5109 "" "" 182766496424722944 905.892883 1.0622 0.0278 7.358 -10.291 0.029 0.022 0.982 5618.0 4.3423 14.864768 1.108705 15.335819 14.227115 "" "" 887.197266 926.535095 21332.3922 5.3476 10025.0 35.846 16155.0 22.163 "" "" 0.002768730228009071 0.00478087 0.0040623136 0.0088431835 80.32305467682 34.14228156935 905.892883 7.358 -10.291 7.694499989032745 -7.2218333396911625 0.13770334 0.13070334 "" "" 45.31272745093241 "" 6.093216562254914 ""
80.56767437845 33.91509862152 0.0242 0.0179 7.112 "" "" 182701242986060544 983.938049 0.9743 0.0297 0.909 -3.983 0.033 0.023 0.99 6169.2 4.3407 14.868895 1.064371 15.310594 14.246223 "" "" 960.439636 1014.31696 21251.46459 6.1198 10261.0 11.781 15873.0 15.561 "" "" 0.002773003036329246 0.0030559753 0.0039264057 0.006982381 80.56767437845 33.91509862152 983.938049 0.9089999999999998 -3.983000000000002 1.2454999890327454 -0.9138333396911622 0.14170334 0.13170335 "" "" 7.204672140344812 "" 0.9963066056347423 ""
80.74027563184 33.43404412867 0.0299 0.0222 23.8403 "" "" 181174128706503040 939.42041 1.0136 0.0371 2.948 -2.056 0.037 0.028 1.123 "" "" 14.87307 1.071845 15.248512 14.176667 "" "" 902.754517 976.241089 21169.90996 10.122 10865.0 154.93 16924.0 123.17 "" "" 0.002803797384651107 0.01573152 0.008759122 0.024490641 80.74027563184 33.43404412867 939.42041 2.948 -2.056 3.2844999890327453 1.0131666603088378 0.14570335 0.13670334 "" "" 15.305412179764158 "" 2.218420678680483 ""
80.70670332598 33.41078449749 0.0264 0.0194 24.5318 "" "" 181173956911000064 1011.19989 0.9522 0.0324 3.006 -10.377 0.032 0.022 0.986 5783.1 4.3558 14.876489 0.967066 15.271234 14.304168 "" "" 979.92804 1043.02148 21103.34536 7.4479 10640.0 18.162 15048.0 19.885 "" "" 0.002781837346606849 0.0033495938 0.004042547 0.007392141 80.70670332598 33.41078449749 1011.19989 3.0059999999999993 -10.377000000000008 3.342499989032745 -7.307833339691163 0.14070335 0.13070334 "" "" 38.51708346336918 "" 5.103029606827294 ""
80.60235866592 33.35891091971 0.029 0.0207 26.4669 "" "" 181168218834734720 1311.66016 0.7273 0.0333 6.806 -8.473 0.036 0.025 1.011 5390.0 4.2408 14.879988 1.022585 15.306357 14.283772 "" "" 1248.71289 1378.71509 21035.45123 5.6099 10301.0 22.545 15334.0 33.264 "" "" 0.0027704927649335118 0.003664927 0.0044532116 0.008118139 80.60235866592 33.35891091971 1311.66016 6.806 -8.473 7.142499989032745 -5.403833339691163 0.14470334 0.13370335 "" "" 55.68421756180541 "" 7.840255067742457 ""
80.5669993309 33.79255050199 0.0252 0.0214 0.996 "" "" 181198111806968064 1139.00879 0.8434 0.0296 -1.566 -2.459 0.032 0.024 0.927 5894.5 4.2016 14.882763 1.12963 15.360916 14.231286 "" "" 1102.65088 1176.18335 20981.74456 5.9088 9796.0 19.712 16093.0 21.257 "" "" 0.002772233605280039 0.0035437662 0.004042334 0.0075861 80.5669993309 33.79255050199 1139.00879 -1.5659999999999998 -2.458999999999999 -1.2295000109672547 0.6101666603088378 0.14070335 0.13270335 "" "" 7.410420068769305 "" 1.0312258237565957 ""
80.49533447407 33.8475153677 0.0294 0.022 3.9786 "" "" 181199451836764032 1322.9873 0.7144 0.0348 0.392 -4.601 0.038 0.027 1.264 7176.1 4.1526 14.883167 0.968288 15.274831 14.306542 "" "" 1264.54395 1388.92603 20973.93373 7.6319 10604.0 18.882 15016.0 27.022 "" "" 0.0027834999302763373 0.0033945183 0.0042545497 0.007649068 80.49533447407 33.8475153677 1322.9873 0.3920000000000003 -4.601000000000001 0.7284999890327454 -1.531833339691162 0.14670335 0.13570334 "" "" 10.637044493846977 "" 1.465767539453154 ""
80.17217815215 33.79539135044 0.0268 0.018 18.7398 "" "" 181242985625119232 1313.55591 0.7215 0.0297 1.334 -6.57 0.035 0.025 0.941 6352.8 4.2881 14.88483 0.954797 15.272474 14.317678 "" "" 1267.9165 1377.24377 20941.84991 6.0714 10627.0 27.567 14862.0 19.701 "" "" 0.0027732420979540698 0.0039645275 0.0040441514 0.008008679 80.17217815215 33.79539135044 1313.55591 1.3340000000000007 -6.570000000000004 1.6704999890327454 -3.5008333396911624 0.14370334 0.13370335 "" "" 24.15145321893074 "" 3.2752679510774496 ""
80.45609364 34.34081172782 0.2362 0.1756 32.9057 "" "" 182775601756014464 1131.26172 1.0249 0.2713 1.907 -0.358 0.317 0.217 10.412 "" "" 14.887105 0.987746 15.172009 14.184263 11.18 10.19 827.558899 1679.41028 20898.00253 86.293 11658.0 19.64 16806.0 17.983 "" "" 0.005262272991106714 0.0033362736 0.0039539156 0.007290189 80.45609364 34.34081172782 1131.26172 1.9069999999999998 -0.358 2.2434999890327454 2.711166660308838 0.42570335 0.32570332 29.970000000000002 16.805 18.86978449004583 35.41566979037351 6.974757454073305 14.69852964128261
80.33666050226 33.7458687264 0.0264 0.0193 10.9902 "" "" 181243913338290048 922.702698 1.0505 0.0319 0.189 -3.755 0.037 0.026 1.008 5523.6 4.3576 14.893829 1.071245 15.306349 14.235104 "" "" 896.767517 954.637512 20768.98125 8.8264 10301.0 17.026 16037.0 19.405 "" "" 0.0027936882749020997 0.0033174518 0.00400121 0.0073186615 80.33666050226 33.7458687264 922.702698 0.1890000000000001 -3.755 0.5254999890327454 -0.685833339691162 0.14570335 0.13470334 "" "" 3.7788544120414085 "" 0.5247846849959676 ""
80.78350554113 33.6463133746 0.0235 0.0168 14.8532 "" "" 182681868389681152 1184.18555 0.7993 0.0279 2.391 -6.358 0.03 0.021 1.01 6130.0 4.2214 14.903413 1.029716 15.328389 14.298674 "" "" 1150.41772 1217.32129 20586.44864 5.6539 10094.0 17.281 15125.0 24.167 "" "" 0.002771408636335068 0.003352632 0.00415852 0.007511152 80.78350554113 33.6463133746 1184.18555 2.391 -6.358 2.7274999890327454 -3.2888333396911618 0.13870335 0.12970334 "" "" 23.982647116841406 "" 3.2003445571064613 ""
81.1527688512 33.50893033721 0.0239 0.0174 34.8207 "" "" 182486808155682688 1054.94592 0.902 0.0272 3.64 -7.705 0.03 0.021 1.061 5433.5 4.2977 14.906818 0.990721 15.315707 14.324986 "" "" 1024.22791 1084.62866 20521.97852 5.1458 10213.0 12.892 14763.0 20.74 "" "" 0.0027687372731991346 0.0031086048 0.0040755738 0.0071841786 81.1527688512 33.50893033721 1054.94592 3.640000000000002 -7.705000000000003 3.9764999890327455 -4.635833339691162 0.13870335 0.12970334 "" "" 30.541006552933638 "" 4.080046419367607 ""
80.56881978282 34.29114105399 0.0292 0.0204 29.6248 "" "" 182762854292381056 900.828003 1.0749 0.0322 2.68 -7.186 0.036 0.026 1.325 5855.0 4.3005 14.907266 1.17596 15.405622 14.229661 "" "" 876.527466 924.061523 20513.52974 5.8449 9400.9 17.779 16117.0 20.019 "" "" 0.002772632615022113 0.0034642862 0.004012785 0.007477071 80.56881978282 34.29114105399 900.828003 2.68 -7.186 3.0164999890327455 -4.116833339691162 0.14470334 0.13470334 "" "" 21.792345944351073 "" 3.0134211760756244 ""
80.36594979998 33.40814590547 0.0755 0.0484 25.0813 "" "" 181182546845673984 984.159241 0.98 0.0806 -0.575 -3.322 0.082 0.057 2.595 "" "" 14.917209 "" "" "" "" "" 913.198364 1091.13879 20326.53691 30.149 "" "" "" "" "" "" 0.0031914226221218113 "" "" "" 80.36594979998 33.40814590547 984.159241 -0.5749999999999991 -3.322 -0.2385000109672546 -0.2528333396911622 0.19070335 0.16570334 "" "" 1.6213981813570308 "" 0.2884675286577887 ""
80.05948528058 34.05919958372 0.0254 0.0193 28.9427 "" "" 181267140521162752 970.043823 0.9851 0.0305 8.144 -10.765 0.037 0.027 1.044 5797.0 4.2788 14.917363 1.227773 15.416529 14.188756 -43.69 9.12 942.768799 999.922668 20323.63577 7.8749 9306.9 34.836 16736.0 105.85 "" "" 0.002787252078754989 0.0049295714 0.00783828 0.012767851 80.05948528058 34.05919958372 970.043823 8.144000000000007 -10.765 8.480499989032745 -7.695833339691163 0.14570335 0.13570334 -24.899999999999995 15.735 52.65566710299803 58.24628123804771 7.438926928062756 9.511686997734094
80.87094245641 33.35149069821 0.0274 0.0208 31.2628 "" "" 180986245364749952 970.121704 0.9981 0.0332 6.716 -15.481 0.038 0.027 1.053 5242.2 4.3678 14.917944 1.178435 15.427088 14.248652 "" "" 944.26239 1007.3205 20312.77432 6.6924 9216.8 22.672 15838.0 26.284 "" "" 0.002778443683197276 0.0038623798 0.0041869255 0.0080493055 80.87094245641 33.35149069821 970.121704 6.715999999999996 -15.480999999999998 7.0524999890327456 -12.411833339691162 0.14670335 0.13570334 "" "" 65.6443646862741 "" 9.089687173538886 ""
80.59721103908 34.40736519074 0.025 0.0191 36.6618 "" "" 182776731330720384 1206.6106 0.7877 0.0272 1.133 -3.099 0.031 0.022 1.03 5372.4 4.1952 14.91877 1.117195 15.388258 14.271063 "" "" 1160.57336 1244.91077 20297.31984 6.624 9552.4 13.385 15514.0 14.591 "" "" 0.0027780097202311205 0.0031779814 0.0039149015 0.007092883 80.59721103908 34.40736519074 1206.6106 1.133 -3.099 1.4694999890327454 -0.02983333969116231 0.13970335 0.13070334 "" "" 8.406293437397832 "" 1.1743571737296423 ""
79.94198376085 34.01692039241 0.0289 0.0212 32.9198 "" "" 182011509893494656 1003.4436 0.9656 0.0343 2.95 -8.264 0.044 0.029 1.068 5459.4 4.3629 14.920091 1.066635 15.366252 14.299617 "" "" 975.33551 1032.54517 20272.65394 6.0644 9748.0 25.61 15112.0 30.011 "" "" 0.0027743967662299043 0.0039901794 0.004351183 0.008341363 79.94198376085 34.01692039241 1003.4436 2.950000000000002 -8.264 3.2864999890327455 -5.1948333396911615 0.15270334 0.13770334 "" "" 29.237798874658463 "" 4.1562281031113795 ""
80.51384231066 33.47392459526 0.0298 0.0206 19.5011 "" "" 181172994838353536 1006.91431 0.9504 0.0322 -0.354 -5.0 0.041 0.028 1.056 5536.3 4.3496 14.920992 0.928949 15.296291 14.367342 "" "" 980.041077 1043.10742 20255.8226 6.7939 10397.0 22.387 14198.0 15.189 "" "" 0.00277928097141206 0.0036401206 0.00395384 0.0075939605 80.51384231066 33.47392459526 1006.91431 -0.3539999999999998 -4.9999999999999964 -0.01750001096725462 -1.930833339691162 0.14970335 0.13670334 "" "" 9.21580933078868 "" 1.2598422452185163 ""
80.65972803658 33.65175304809 0.0265 0.0183 10.3807 "" "" 181181756571526912 1000.62976 0.9562 0.0293 -0.393 -5.883 0.036 0.024 1.111 5684.7 3.9547 14.923457 1.175362 15.428235 14.252873 "" "" 971.523438 1029.18506 20209.88421 5.7483 9207.1 13.726 15776.0 15.843 "" "" 0.0027725722298886945 0.0032256758 0.0039335205 0.0071591963 80.65972803658 33.65175304809 1000.62976 -0.3930000000000007 -5.8829999999999965 -0.056500010967254655 -2.813833339691162 0.14470334 0.13270335 "" "" 13.348659649413163 "" 1.7714793147285948 ""
80.21519858366 34.01362286268 0.0272 0.0187 21.0361 "" "" 181263670187574272 938.998901 1.0256 0.0308 1.88 -6.465 0.038 0.025 1.113 5052.9 4.2791 14.926361 1.113284 15.391248 14.277964 "" "" 912.077087 967.100037 20155.91239 8.2272 9526.2 24.191 15416.0 20.243 "" "" 0.002790733275556417 0.003922608 0.004039349 0.007961957 80.21519858366 34.01362286268 938.998901 1.88 -6.465 2.2164999890327453 -3.395833339691162 0.14670335 0.13370335 "" "" 18.049056535533854 "" 2.485639424911363 ""
80.95581196184 33.70955041544 0.0251 0.0193 21.0199 "" "" 182681146835106176 1087.29663 0.8796 0.0299 1.798 -7.109 0.032 0.026 1.001 5800.6 4.332 14.927003 1.012501 15.344983 14.332482 "" "" 1049.13245 1125.8407 20143.9987 6.233 9940.9 19.394 14661.0 13.222 "" "" 0.0027757255566223256 0.0035031128 0.0039041645 0.0074072774 80.95581196184 33.70955041544 1087.29663 1.7979999999999996 -7.108999999999997 2.1344999890327454 -4.039833339691162 0.14070335 0.13470334 "" "" 23.54797694371684 "" 3.2033577223769654 ""
80.56382012298 33.35299123676 0.031 0.0216 26.6939 "" "" 181168081395790848 1297.92627 0.7341 0.0351 4.131 -8.671 0.038 0.027 0.952 5604.6 3.8718 14.929305 1.014654 15.352369 14.337715 "" "" 1244.22095 1376.61218 20101.31878 6.4858 9873.5 17.187 14591.0 13.312 "" "" 0.0027775011386021093 0.0033700159 0.003907038 0.007277054 80.56382012298 33.35299123676 1297.92627 4.131 -8.671 4.467499989032746 -5.6018333396911615 0.14670335 0.13570334 "" "" 44.081103703436945 "" 6.174985137900722 ""
80.68162760353 33.8464889156 0.0258 0.019 7.2754 "" "" 182696986674521088 907.274353 1.0586 0.0299 0.923 0.301 0.033 0.023 1.061 5592.4 4.3159 14.932136 1.034466 15.360396 14.325931 "" "" 880.278748 935.756409 20048.98712 6.177 9800.7 25.293 14750.0 14.761 "" "" 0.002775551571286521 0.003954267 0.0039324686 0.007886736 80.68162760353 33.8464889156 907.274353 0.9229999999999996 0.3009999999999999 1.2594999890327454 3.370166660308838 0.14170334 0.13170335 "" "" 15.472387256446126 "" 2.057352399333245 ""
