Clusters/Gulliver_8/Gulliver_8_stars_in_region.tsv
# %ECSV 1.0
# ---
# datatype:
# - name: RA_ICRS_1
#   unit: deg
#   datatype: float64
#   format: '{:15.11f}'
#   description: Right ascension (ICRS) at Ep=2016.0 (ra)
#   meta: !!omap
#   - {ucd: POS_EQ_RA_MAIN}
#   - {width: 15}
#   - {precision: '11'}
# - name: DE_ICRS_1
#   unit: deg
#   datatype: float64
#   format: '{:15.11f}'
#   description: Declination (ICRS) at Ep=2016.0 (dec)
#   meta: !!omap
#   - {ucd: POS_EQ_DEC_MAIN}
#   - {width: 15}
#   - {precision: '11'}
# - name: e_RA_ICRS
#   unit: mas
#   datatype: float64
#   format: '{:7.4f}'
#   description: Standard error of right ascension (ra_error)
#   meta: !!omap
#   - {ucd: ERROR}
#   - {width: 7}
#   - {precision: '4'}
# - name: e_DE_ICRS
#   unit: mas
#   datatype: float64
#   format: '{:7.4f}'
#   description: Standard error of declination (dec_error)
#   meta: !!omap
#   - {ucd: ERROR}
#   - {width: 7}
#   - {precision: '4'}
# - name: _r_1
#   unit: ''
#   datatype: float64
#   format: '{:7.4f}'
#   description: Distance from center (080.54800864000+33.79769496000)[ICRS], at Epoch=J2016.0
#   meta: !!omap
#   - {ucd: POS_ANG_DIST_GENERAL}
#   - {width: 7}
#   - {precision: '4'}
# - name: HIP
#   datatype: int32
#   description: '? HIP cross-id number, van Leeuwen, Cat. I/311 (hip_original_ext_source_id)'
#   meta: !!omap
#   - {ucd: ID_NUMBER}
#   - {width: 6}
#   - values: {'null': -2147483648}
# - name: TYC2
#   datatype: string
#   description: Tycho-2 cross-id name, Hog et al., Cat. I/259 (tyc2_original_ext_source_id)
#   meta: !!omap
#   - {ucd: ID_CROSSID}
#   - {_votable_string_dtype: char}
# - name: Source
#   datatype: int64
#   description: Source identifier, identical to the Gaia-EDR3 source_id (id)
#   meta: !!omap
#   - {ucd: ID_MAIN}
#   - {width: 19}
# - name: rgeo
#   unit: pc
#   datatype: float64
#   format: '{:15.8f}'
#   description: '? Median of the geometric distance posterior (r_med_geo)'
#   meta: !!omap
#   - {ucd: PHYS_DISTANCE_TRUE}
#   - {width: 15}
#   - {precision: '8'}
#   - values: {'null': .nan}
# - name: Plx
#   unit: mas
#   datatype: float64
#   format: '{:9.4f}'
#   description: '? Parallax (parallax)'
#   meta: !!omap
#   - {ucd: POS_PARLX_TRIG}
#   - {width: 9}
#   - {precision: '4'}
#   - values: {'null': .nan}
# - name: e_Plx
#   unit: mas
#   datatype: float32
#   format: '{:7.4f}'
#   description: '? Standard error of parallax (parallax_error)'
#   meta: !!omap
#   - {ucd: ERROR}
#   - {width: 7}
#   - {precision: '4'}
#   - values: {'null': .nan}
# - name: pmRA
#   unit: mas / yr
#   datatype: float64
#   format: '{:9.3f}'
#   description: '? Proper motion in right ascension direction, pmRA*cosDE (pmra)'
#   meta: !!omap
#   - {ucd: POS_EQ_PMRA}
#   - {width: 9}
#   - {precision: '3'}
#   - values: {'null': .nan}
# - name: pmDE
#   unit: mas / yr
#   datatype: float64
#   format: '{:9.3f}'
#   description: '? Proper motion in declination direction (pmdec)'
#   meta: !!omap
#   - {ucd: POS_EQ_PMDEC}
#   - {width: 9}
#   - {precision: '3'}
#   - values: {'null': .nan}
# - name: e_pmRA
#   unit: mas / yr
#   datatype: float32
#   format: '{:6.3f}'
#   description: '? Standard error of proper motion in right ascension direction (pmra_error)'
#   meta: !!omap
#   - {ucd: ERROR}
#   - {width: 6}
#   - {precision: '3'}
#   - values: {'null': .nan}
# - name: e_pmDE
[...]
#         value: !astropy.table.SerializedColumn {name: SkyCoord.dec}
#       distance: !astropy.table.SerializedColumn
#         __class__: astropy.coordinates.distances.Distance
#         unit: !astropy.units.Unit {unit: pc}
#         value: !astropy.table.SerializedColumn {name: SkyCoord.distance}
#       frame: icrs
#       obstime: !astropy.time.Time {format: jyear_str, in_subfmt: '*', jd1: 367701545.0, jd2: 0.0, out_subfmt: '*', precision: 3, scale: tt}
#       pm_dec: !astropy.table.SerializedColumn
#         __class__: astropy.units.quantity.Quantity
#         unit: !astropy.units.Unit {unit: mas / yr}
#         value: !astropy.table.SerializedColumn {name: SkyCoord.pm_dec}
#       pm_ra_cosdec: !astropy.table.SerializedColumn
#         __class__: astropy.units.quantity.Quantity
#         unit: !astropy.units.Unit {unit: mas / yr}
#         value: !astropy.table.SerializedColumn {name: SkyCoord.pm_ra_cosdec}
#       ra: !astropy.table.SerializedColumn
#         __class__: astropy.coordinates.angles.Longitude
#         unit: *id001
#         value: !astropy.table.SerializedColumn {name: SkyCoord.ra}
#         wrap_angle: !astropy.coordinates.Angle
#           unit: *id001
#           value: 360.0
#       representation_type: spherical
# schema: astropy-2.0
RA_ICRS_1 DE_ICRS_1 e_RA_ICRS e_DE_ICRS _r_1 HIP TYC2 Source rgeo Plx e_Plx pmRA pmDE e_pmRA e_pmDE RUWE Teff logg Gmag BP-RP BPmag RPmag RV e_RV b_rgeo B_rgeo FG e_FG FBP e_FBP FRP e_FRP RAVE5 RAVE6 e_Gmag e_BPmag e_RPmag e_BP-RP SkyCoord.ra SkyCoord.dec SkyCoord.distance SkyCoord.pm_ra_cosdec SkyCoord.pm_dec rmRA rmDE e_rmRA e_rmDE rRV e_rRV v_pec v_pec3d e_vpec e_vpec3d
[from data line 892]
80.56910985483 33.92739164565 0.0436 0.0334 7.8525 "" "" 182701281641818880 1273.04919 0.7603 0.0516 3.378 -7.426 0.056 0.041 1.046 5276.5 4.5952 16.084776 1.251988 16.633324 15.381336 "" "" 1200.75537 1354.5387 6934.83696 3.5401 3034.5 11.125 5579.9 11.861 "" "" 0.002810512312880787 0.004861008 0.0044283387 0.009289347 80.56910985483 33.92739164565 1273.04919 3.378 -7.425999999999998 3.7144999890327455 -4.356833339691162 0.16470334 0.14970335 "" "" 34.548145089817766 "" 5.39617114778158 ""
81.01161967594 33.67658898455 0.0423 0.0327 24.2466 "" "" 182680146103353088 1183.73828 0.8218 0.0485 3.537 -5.96 0.054 0.04 0.947 5089.5 4.6667 16.08663 1.135244 16.572018 15.436773 "" "" 1103.42236 1261.87231 6923.00502 3.7462 3210.8 9.3665 5302.1 9.3695 "" "" 0.0028172621280076406 0.004220995 0.004238501 0.008459496 81.01161967594 33.67658898455 1183.73828 3.5370000000000013 -5.959999999999997 3.8734999890327453 -2.890833339691162 0.16270335 0.14870334 "" "" 27.119332812343245 "" 4.280456810990609 ""
79.97254777869 33.72460091534 0.0468 0.0334 29.038 "" "" 181252395897702272 1297.32007 0.7385 0.0498 5.157 -2.082 0.057 0.044 0.924 5668.7 4.6243 16.086746 1.039907 16.526102 15.486195 "" "" 1214.65271 1387.66199 6922.26025 3.2679 3349.5 10.91 5066.2 14.203 "" "" 0.002802589456299253 0.0045046215 0.0048527 0.009357322 79.97254777869 33.72460091534 1297.32007 5.157 -2.0819999999999994 5.493499989032745 0.987166660308838 0.16570334 0.15270334 "" "" 34.32224569495607 "" 5.673885207921842 ""
80.87248833025 33.32914601181 0.3574 0.2712 32.4579 "" "" 180983260364751744 1178.13403 1.9475 0.4264 1.561 -5.973 0.472 0.333 7.524 "" "" 16.090927 1.140311 16.305433 15.165122 "" "" 727.319702 1743.7334 6895.65781 17.739 4104.3 15.939 6809.4 15.73 "" "" 0.003923376494085448 0.005056031 0.0045358874 0.009591918 80.87248833025 33.32914601181 1178.13403 1.561 -5.972999999999997 1.8974999890327453 -2.903833339691162 0.5807034 0.44170335 "" "" 19.371157231597596 "" 9.442840949910176 ""
80.6841075962 33.54586805541 0.0472 0.0324 16.5676 "" "" 181179832426211968 1319.91992 0.7474 0.0526 3.668 -2.421 0.063 0.042 0.94 5332.7 4.6147 16.098648 1.111614 16.567934 15.45632 "" "" 1242.43518 1462.12781 6846.79428 3.5112 3222.9 12.404 5207.5 12.38 "" "" 0.0028110151489056726 0.0050245817 0.004576695 0.009601276 80.6841075962 33.54586805541 1319.91992 3.668 -2.4209999999999994 4.0044999890327455 0.6481666603088381 0.17170334 0.15070334 "" "" 25.379900433379866 "" 4.345020184186579 ""
80.18066142356 33.72858742693 0.0544 0.0363 18.7868 "" "" 181241439437180288 1061.7627 0.9165 0.0525 1.93 -2.065 0.078 0.051 1.004 5335.4 4.6391 16.101046 1.218571 16.632883 15.414312 "" "" 1004.9505 1120.20654 6831.70059 3.2812 3035.7 13.1 5412.9 15.318 "" "" 0.002804232321834301 0.0054531656 0.004870747 0.010323913 80.18066142356 33.72858742693 1061.7627 1.93 -2.065 2.266499989032745 1.004166660308838 0.18670335 0.15970334 "" "" 12.47613099054881 "" 2.2774826869864904 ""
80.81412602204 34.17071138134 0.0426 0.0329 26.0038 "" "" 182711864441058304 1097.97803 0.8866 0.048 2.5 -7.995 0.056 0.041 1.039 5875.2 4.6098 16.10333 1.123373 16.351381 15.228008 "" "" 1040.69897 1169.23853 6817.33417 6.6228 3934.3 47.307 6426.2 28.231 "" "" 0.002950304436276089 0.013349991 0.006085583 0.019435573 80.81412602204 34.17071138134 1097.97803 2.5000000000000013 -7.995000000000001 2.8364999890327454 -4.925833339691162 0.16470334 0.14970335 "" "" 29.58268273762517 "" 4.5431813291954635 ""
80.86177763457 33.69052022643 0.0419 0.0303 16.9237 "" "" 182680906316973312 1152.0321 0.8494 0.0508 2.907 -4.692 0.052 0.038 0.957 5068.6 4.3844 16.107136 1.232226 16.641283 15.409057 "" "" 1096.38135 1220.40186 6793.48434 3.7953 3012.3 12.533 5439.2 13.171 "" "" 0.0028212960430339085 0.0053095436 0.004603903 0.009913446 80.86177763457 33.69052022643 1152.0321 2.906999999999998 -4.691999999999998 3.2434999890327454 -1.6228333396911623 0.16070335 0.14670335 "" "" 19.804772754958577 "" 3.129148252333971 ""
80.49917151418 33.52713927319 0.0468 0.0339 16.4155 "" "" 181190793182813824 1297.71497 0.7414 0.0508 -9.443 -9.299 0.064 0.044 1.007 5447.1 4.6737 16.107637 1.090321 16.568983 15.478663 "" "" 1222.10706 1401.64661 6790.34739 3.3064 3219.8 19.263 5101.4 18.445 "" "" 0.002805581095979316 0.0070695034 0.005449275 0.012518778 80.49917151418 33.52713927319 1297.71497 -9.442999999999996 -9.299 -9.106500010967254 -6.229833339691162 0.17270336 0.15270334 "" "" 67.8692136095886 "" 11.306211399998233 ""
80.26320163371 33.24546232673 0.0413 0.0302 36.0668 "" "" 181146018145375104 1272.51953 0.7636 0.0456 -3.022 -2.308 0.054 0.038 1.016 4915.2 4.3907 16.110006 1.18702 16.621355 15.434335 "" "" 1192.89355 1356.40076 6775.54893 3.5882 3068.1 12.294 5314.0 14.042 "" "" 0.002814675304449165 0.00516843 0.0047449903 0.00991342 80.26320163371 33.24546232673 1272.51953 -3.0219999999999994 -2.308 -2.6855000109672544 0.7611666603088381 0.16270335 0.14670335 "" "" 16.836326657476047 "" 2.7202133137285016 ""
80.09621377861 33.75891299486 0.0569 0.0404 22.6516 "" "" 181242470229061504 1319.31665 0.7453 0.0582 -4.059 -3.115 0.069 0.047 1.052 5417.9 4.6558 16.11188 1.167977 16.615685 15.447707 "" "" 1229.24854 1419.68738 6763.86574 4.1609 3084.2 15.46 5249.0 14.616 "" "" 0.002835117355889057 0.0061159525 0.0048398203 0.010955773 80.09621377861 33.75891299486 1319.31665 -4.059 -3.115 -3.722500010967255 -0.04583333969116232 0.17770335 0.15570334 "" "" 23.28064504649637 "" 4.136975805159261 ""
81.08163683499 34.0506337505 0.0442 0.0319 30.5966 "" "" 182718152273142784 1132.92078 0.8493 0.0501 -0.851 -6.352 0.055 0.04 1.037 4704.8 4.3077 16.116264 1.166241 16.619131 15.45289 "" "" 1074.06409 1195.2677 6736.60046 3.0868 3074.4 14.044 5224.0 12.92 "" "" 0.002799874002655121 0.005690659 0.0046361904 0.010326849 81.08163683499 34.0506337505 1132.92078 -0.8509999999999998 -6.352 -0.5145000109672546 -3.2828333396911624 0.16370335 0.14870334 "" "" 17.84415365584815 "" 2.660217146825148 ""
79.85339782548 33.78765996531 0.0499 0.0376 34.6408 "" "" 181233467977635840 909.327209 1.0778 0.0534 3.633 -7.988 0.062 0.046 1.044 4377.8 4.3823 16.117008 1.329101 16.712387 15.383286 "" "" 868.002502 961.899414 6731.99138 4.8238 2821.4 12.781 5569.8 20.602 "" "" 0.0028630485198592177 0.005654713 0.005514709 0.011169422 79.85339782548 33.78765996531 909.327209 3.632999999999999 -7.987999999999998 3.9694999890327454 -4.9188333396911625 0.17070335 0.15470335 "" "" 27.24375611325047 "" 4.391788338402734 ""
80.8929747584 34.19463343364 0.0418 0.0339 29.3545 "" "" 182735538300756480 1298.35925 0.7431 0.0518 10.576 -6.237 0.053 0.039 0.984 5370.4 4.6212 16.117743 1.10325 16.58654 15.48329 "" "" 1207.50867 1396.21375 6727.44281 3.3836 3168.1 13.656 5079.7 18.582 "" "" 0.0028089123656159986 0.0054486473 0.005482544 0.010931192 80.8929747584 34.19463343364 1298.35925 10.576 -6.237 10.912499989032746 -3.167833339691162 0.16170335 0.14770335 "" "" 69.9304491030984 "" 11.234954919543503 ""
80.14641404513 33.6676902817 0.0577 0.0384 21.5035 "" "" 181236835232264832 1224.9939 0.7966 0.0591 0.366 -4.345 0.074 0.052 1.091 4911.9 4.3988 16.117949 1.190648 16.632162 15.441514 "" "" 1151.21521 1302.56128 6726.1588 3.7575 3037.8 11.074 5279.0 16.784 "" "" 0.002821289537428154 0.004842558 0.0051185824 0.00996114 80.14641404513 33.6676902817 1224.9939 0.36600000000000005 -4.345000000000001 0.7024999890327454 -1.2758333396911619 0.18270335 0.16070335 "" "" 8.456855430065916 "" 1.4045309100685062 ""
79.97978001419 34.04179366589 0.0458 0.0353 31.8577 "" "" 181261054550736512 1142.22937 0.8418 0.055 5.635 -4.699 0.066 0.046 1.053 5127.2 4.6212 16.120255 1.257047 16.670366 15.41332 "" "" 1080.90405 1220.03662 6711.88863 3.4948 2932.7 20.039 5417.9 10.733 "" "" 0.0028127188270573845 0.007926121 0.00434856 0.012274681 79.97978001419 34.04179366589 1142.22937 5.635000000000002 -4.698999999999998 5.971499989032745 -1.629833339691162 0.17470334 0.15470335 "" "" 33.51328782256207 "" 5.810909290334619 ""
80.73032248202 33.42560383817 0.0491 0.0326 24.1126 "" "" 181174094349938944 1309.3833 0.7375 0.0599 0.923 0.623 0.059 0.04 0.861 5183.0 4.6999 16.121363 1.120837 16.592005 15.471168 "" "" 1217.52466 1413.40588 6705.04637 4.5602 3152.2 15.045 5136.8 13.863 "" "" 0.0028525534126124974 0.005885476 0.004782203 0.010667679 80.73032248202 33.42560383817 1309.3833 0.923 0.6230000000000002 1.2594999890327454 3.692166660308838 0.16770335 0.14870334 "" "" 24.211970397722293 "" 3.6510602451523653 ""
81.18493835474 33.91226978473 0.0442 0.0347 32.4723 "" "" 182712792153985152 1171.46472 0.8168 0.051 1.891 -6.679 0.053 0.04 0.995 5149.1 4.6378 16.123333 1.165419 16.623337 15.457918 "" "" 1110.83533 1237.97974 6692.89177 3.8406 3062.5 13.527 5199.9 14.758 "" "" 0.0028248817542429164 0.005548292 0.0048763854 0.010424677 81.18493835474 33.91226978473 1171.46472 1.8910000000000005 -6.6789999999999985 2.2274999890327454 -3.6098333396911624 0.16170335 0.14870334 "" "" 23.553484029145157 "" 3.589529095013151 ""
80.20844492913 34.12072025714 0.1087 0.0793 25.714 "" "" 181268274392493824 1143.10425 0.8937 0.1164 -0.07 -4.734 0.137 0.095 2.423 "" "" 16.126476 1.435661 16.575064 15.139402 "" "" 996.718384 1338.17029 6673.53492 8.4802 3201.8 41.66 6972.6 79.003 "" "" 0.0030814398890502996 0.014399884 0.012869387 0.02726927 80.20844492913 34.12072025714 1143.10425 -0.06999999999999934 -4.734 0.26649998903274535 -1.664833339691162 0.24570334 0.20370334 "" "" 9.135432376185433 "" 1.8714626128955747 ""
80.58856402504 33.75776225608 0.0468 0.0336 3.1355 "" "" 181195053790257152 1330.65283 0.7272 0.0581 0.286 -0.868 0.061 0.041 1.025 5475.0 4.6471 16.13643 1.138833 16.619104 15.480271 "" "" 1238.46069 1450.05273 6612.63633 2.9785 3074.5 14.778 5093.9 12.518 "" "" 0.0027983839415463637 0.0059177927 0.004626306 0.010544099 80.58856402504 33.75776225608 1330.65283 0.286 -0.8679999999999999 0.6224999890327454 2.201166660308838 0.16970335 0.14970335 "" "" 14.4279148141494 "" 2.1825849745393846 ""
80.16688132842 33.75451251291 0.0564 0.0384 19.1837 "" "" 181241748671079552 937.102417 1.0288 0.0562 2.606 -6.168 0.079 0.054 1.072 "" "" 16.137575 "" "" "" "" "" 890.943604 992.013184 6605.66542 5.4992 "" "" "" "" "" "" 0.0028997888116919623 "" "" "" 80.16688132842 33.75451251291 937.102417 2.606 -6.167999999999999 2.9424999890327452 -3.0988333396911623 0.18770334 0.16270335 "" "" 18.981413969333886 "" 3.321797587948264 ""
80.00206215062 33.64370027324 0.0477 0.0336 28.7696 "" "" 181216700425318912 1114.22473 0.8682 0.0508 1.697 -3.318 0.055 0.04 0.853 5015.6 4.5397 16.140738 1.231411 16.680561 15.44915 "" "" 1055.94006 1181.39404 6586.45542 4.4407 2905.3 10.997 5242.0 14.779 "" "" 0.0028509025379688424 0.0049673417 0.004863521 0.009830862 80.00206215062 33.64370027324 1114.22473 1.697 -3.3180000000000005 2.0334999890327454 -0.24883333969116217 0.16370335 0.14870334 "" "" 10.819886407485043 "" 1.7689655422788801 ""
80.89813660858 34.21501426783 0.0446 0.0349 30.4997 "" "" 182735641379961472 1246.73047 0.783 0.0532 2.338 -4.823 0.062 0.043 0.946 5262.4 4.6033 16.143936 1.233823 16.678068 15.444245 "" "" 1184.75562 1314.27112 6567.07919 4.4186 2912.0 14.965 5265.7 12.885 "" "" 0.0028505192961570613 0.0062384233 0.004619752 0.010858175 80.89813660858 34.21501426783 1246.73047 2.3379999999999987 -4.822999999999997 2.6744999890327454 -1.7538333396911625 0.17070335 0.15170334 "" "" 18.90013867428999 "" 3.1226760447086384 ""
80.91786728351 33.92254301456 0.0419 0.0321 19.8922 "" "" 182692485548691584 1076.37524 0.9013 0.0459 0.937 -0.929 0.054 0.04 1.016 5304.3 4.627 16.147207 1.265595 16.70215 15.436555 "" "" 1031.03101 1133.59912 6547.32676 3.3115 2848.1 12.66 5303.2 15.846 "" "" 0.002809510079096632 0.005574673 0.004980811 0.010555483 80.91786728351 33.92254301456 1076.37524 0.937 -0.9289999999999999 1.2734999890327454 2.1401666603088376 0.16270335 0.14870334 "" "" 12.706091180412164 "" 1.9375313204856937 ""
80.17965274759 33.80387711141 0.0515 0.0337 18.3694 "" "" 181243084408824064 977.670654 1.0128 0.055 -0.396 -4.086 0.066 0.045 0.94 5144.7 4.6359 16.150934 1.289971 16.72165 15.431678 "" "" 919.638184 1030.25378 6524.88969 6.4888 2797.4 15.616 5327.1 20.695 "" "" 0.002959325635632948 0.006672329 0.0056634457 0.0123357745 80.17965274759 33.80387711141 977.670654 -0.39600000000000046 -4.086 -0.05950001096725466 -1.0168333396911624 0.17470334 0.15370335 "" "" 4.720227622002439 "" 0.7258760458254654 ""
80.67282915311 33.94177087032 0.0428 0.0323 10.6488 "" "" 182701930180544128 953.828857 1.0251 0.0494 4.709 -7.616 0.057 0.04 0.996 4851.6 4.5212 16.160175 1.390028 16.787645 15.397617 "" "" 905.378601 1002.53906 6469.58516 3.6787 2632.4 12.675 5496.8 26.166 "" "" 0.0028236376068784363 0.0059258016 0.0064027766 0.012328578 80.67282915311 33.94177087032 953.828857 4.709 -7.616 5.045499989032745 -4.546833339691162 0.16570334 0.14870334 "" "" 30.707475966602825 "" 4.861319468480096 ""
81.13773521102 33.66840235496 0.0435 0.0355 30.4315 "" "" 182497390950436864 1263.52698 0.7561 0.051 1.561 -3.091 0.057 0.043 1.007 "" "" 16.162182 1.169358 16.61061 15.441251 "" "" 1177.20129 1340.83972 6457.64777 4.0977 3098.7 14.86 5280.3 43.997 "" "" 0.0028401490844397253 0.0059071905 0.009804386 0.015711576 81.13773521102 33.66840235496 1263.52698 1.5610000000000002 -3.0910000000000033 1.8974999890327453 -0.0218333396911623 0.16570334 0.15170334 "" "" 11.365103397216958 "" 1.8832154345363925 ""
80.59969529791 33.52097051015 0.0475 0.0336 16.8029 "" "" 181179179591219072 1193.11353 0.8225 0.0531 -0.74 -3.392 0.058 0.04 0.963 5319.2 4.6597 16.165176 1.082517 16.615688 15.533172 "" "" 1099.19666 1295.21545 6439.85301 3.7892 3084.2 13.185 4851.6 16.349 "" "" 0.002828411750012463 0.0054156184 0.0052602324 0.010675851 80.59969529791 33.52097051015 1193.11353 -0.7400000000000004 -3.3919999999999995 -0.40350001096725463 -0.322833339691162 0.16670334 0.14870334 "" "" 2.9224230677961027 "" 0.46735187671640027 ""
80.46689689564 34.209065562 0.0439 0.03 25.0098 "" "" 182768008253171456 1233.05432 0.7884 0.0488 3.514 -4.663 0.053 0.036 1.005 4637.2 4.304 16.168217 1.171106 16.668062 15.496956 "" "" 1149.41809 1320.54907 6421.85269 3.3481 2938.9 16.388 5016.2 12.105 "" "" 0.0028128656514760674 0.0066663227 0.0045987535 0.011265077 80.46689689564 34.209065562 1233.05432 3.5140000000000007 -4.662999999999999 3.850499989032745 -1.5938333396911624 0.16170335 0.14470334 "" "" 24.35671069477096 "" 3.8807540007836425 ""
80.70773066284 33.31151987041 0.1006 0.0763 30.244 "" "" 180985390667124992 1211.06689 0.8165 0.1102 2.435 -2.157 0.128 0.089 2.11 4903.7 4.7027 16.169716 1.268273 16.7002 15.431926 "" "" 1049.83447 1369.67859 6412.99118 9.4562 2853.2 10.982 5325.8 15.184 "" "" 0.003186669147258604 0.0050248564 0.004885245 0.009910101 80.70773066284 33.31151987041 1211.06689 2.435 -2.157 2.7714999890327454 0.9121666603088379 0.23670335 0.19770335 "" "" 16.749213804724874 "" 3.9055724099704503 ""
80.67633425269 33.69286234564 0.046 0.032 8.9751 "" "" 181193645040983808 902.762146 1.0838 0.053 -0.274 -7.33 0.064 0.043 1.033 5109.9 4.6398 16.171097 1.422871 16.81353 15.390659 "" "" 867.433838 951.966309 6404.83843 3.293 2570.4 10.533 5532.2 12.705 "" "" 0.0028112990745439745 0.005251653 0.004527807 0.00977946 80.67633425269 33.69286234564 902.762146 -0.27400000000000047 -7.330000000000001 0.06249998903274534 -4.260833339691162 0.17270336 0.15170334 "" "" 18.23446168324117 "" 2.766316865399531 ""
