Clusters/Harvard_16/Harvard_16_stars_in_region.tsv
# %ECSV 1.0
# ---
# datatype:
# - name: RA_ICRS_1
#   unit: deg
#   datatype: float64
#   format: '{:15.11f}'
#   description: Right ascension (ICRS) at Ep=2016.0 (ra)
#   meta: !!omap
#   - {ucd: POS_EQ_RA_MAIN}
#   - {width: 15}
#   - {precision: '11'}
# - name: DE_ICRS_1
#   unit: deg
#   datatype: float64
#   format: '{:15.11f}'
#   description: Declination (ICRS) at Ep=2016.0 (dec)
#   meta: !!omap
#   - {ucd: POS_EQ_DEC_MAIN}
#   - {width: 15}
#   - {precision: '11'}
# - name: e_RA_ICRS
#   unit: mas
#   datatype: float64
#   format: '{:7.4f}'
#   description: Standard error of right ascension (ra_error)
#   meta: !!omap
#   - {ucd: ERROR}
#   - {width: 7}
#   - {precision: '4'}
# - name: e_DE_ICRS
#   unit: mas
#   datatype: float64
#   format: '{:7.4f}'
#   description: Standard error of declination (dec_error)
#   meta: !!omap
#   - {ucd: ERROR}
#   - {width: 7}
#   - {precision: '4'}
# - name: _r_1
#   unit: ''
#   datatype: float64
#   format: '{:7.4f}'
#   description: Distance from center (262.78000876000-36.80509483000)[ICRS], at Epoch=J2016.0
#   meta: !!omap
#   - {ucd: POS_ANG_DIST_GENERAL}
#   - {width: 7}
#   - {precision: '4'}
# - name: HIP
#   datatype: int32
#   description: '? HIP cross-id number, van Leeuwen, Cat. I/311 (hip_original_ext_source_id)'
#   meta: !!omap
#   - {ucd: ID_NUMBER}
#   - {width: 6}
#   - values: {'null': -2147483648}
# - name: TYC2
#   datatype: string
#   description: Tycho-2 cross-id name, Hog et al., Cat. I/259 (tyc2_original_ext_source_id)
#   meta: !!omap
#   - {ucd: ID_CROSSID}
#   - {_votable_string_dtype: char}
# - name: Source
#   datatype: int64
#   description: Source identifier, identical to the Gaia-EDR3 source_id (id)
#   meta: !!omap
#   - {ucd: ID_MAIN}
#   - {width: 19}
# - name: rgeo
#   unit: pc
#   datatype: float64
#   format: '{:15.8f}'
#   description: '? Median of the geometric distance posterior (r_med_geo)'
#   meta: !!omap
#   - {ucd: PHYS_DISTANCE_TRUE}
#   - {width: 15}
#   - {precision: '8'}
#   - values: {'null': .nan}
# - name: Plx
#   unit: mas
#   datatype: float64
#   format: '{:9.4f}'
#   description: '? Parallax (parallax)'
#   meta: !!omap
#   - {ucd: POS_PARLX_TRIG}
#   - {width: 9}
#   - {precision: '4'}
#   - values: {'null': .nan}
# - name: e_Plx
#   unit: mas
#   datatype: float32
#   format: '{:7.4f}'
#   description: '? Standard error of parallax (parallax_error)'
#   meta: !!omap
#   - {ucd: ERROR}
#   - {width: 7}
#   - {precision: '4'}
#   - values: {'null': .nan}
# - name: pmRA
#   unit: mas / yr
#   datatype: float64
#   format: '{:9.3f}'
#   description: '? Proper motion in right ascension direction, pmRA*cosDE (pmra)'
#   meta: !!omap
#   - {ucd: POS_EQ_PMRA}
#   - {width: 9}
#   - {precision: '3'}
#   - values: {'null': .nan}
# - name: pmDE
#   unit: mas / yr
#   datatype: float64
#   format: '{:9.3f}'
#   description: '? Proper motion in declination direction (pmdec)'
#   meta: !!omap
#   - {ucd: POS_EQ_PMDEC}
#   - {width: 9}
#   - {precision: '3'}
#   - values: {'null': .nan}
# - name: e_pmRA
#   unit: mas / yr
#   datatype: float32
#   format: '{:6.3f}'
#   description: '? Standard error of proper motion in right ascension direction (pmra_error)'
#   meta: !!omap
#   - {ucd: ERROR}
#   - {width: 6}
#   - {precision: '3'}
#   - values: {'null': .nan}
# - name: e_pmDE
[...]
#         unit: &id001 !astropy.units.Unit {unit: deg}
#         value: !astropy.table.SerializedColumn {name: SkyCoord.dec}
#       distance: !astropy.table.SerializedColumn
#         __class__: astropy.coordinates.distances.Distance
#         unit: !astropy.units.Unit {unit: pc}
#         value: !astropy.table.SerializedColumn {name: SkyCoord.distance}
#       frame: icrs
#       obstime: !astropy.time.Time {format: jyear_str, in_subfmt: '*', jd1: 367701545.0, jd2: 0.0, out_subfmt: '*', precision: 3, scale: tt}
#       pm_dec: !astropy.table.SerializedColumn
#         __class__: astropy.units.quantity.Quantity
#         unit: !astropy.units.Unit {unit: mas / yr}
#         value: !astropy.table.SerializedColumn {name: SkyCoord.pm_dec}
#       pm_ra_cosdec: !astropy.table.SerializedColumn
#         __class__: astropy.units.quantity.Quantity
#         unit: !astropy.units.Unit {unit: mas / yr}
#         value: !astropy.table.SerializedColumn {name: SkyCoord.pm_ra_cosdec}
#       ra: !astropy.table.SerializedColumn
#         __class__: astropy.coordinates.angles.Longitude
#         unit: *id001
#         value: !astropy.table.SerializedColumn {name: SkyCoord.ra}
#         wrap_angle: !astropy.coordinates.Angle
#           unit: *id001
#           value: 360.0
#       representation_type: spherical
# schema: astropy-2.0
RA_ICRS_1 DE_ICRS_1 e_RA_ICRS e_DE_ICRS _r_1 HIP TYC2 Source rgeo Plx e_Plx pmRA pmDE e_pmRA e_pmDE RUWE Teff logg Gmag BP-RP BPmag RPmag RV e_RV b_rgeo B_rgeo FG e_FG FBP e_FBP FRP e_FRP RAVE5 RAVE6 e_Gmag e_BPmag e_RPmag e_BP-RP SkyCoord.ra SkyCoord.dec SkyCoord.distance SkyCoord.pm_ra_cosdec SkyCoord.pm_dec
[from data line 1657]
263.03054884958 -36.56772105895 0.0363 0.0293 18.6591 "" "" 5974618367109736064 1084.61707 0.8948 0.042 1.102 -2.32 0.048 0.035 0.927 5459.6 4.5587 15.86751 1.229492 16.405512 15.17602 "" "" 1031.75891 1141.03101 8471.15868 4.0304 3742.9 9.2368 6741.4 10.187 "" "" 0.0028033256148503128 0.0038683633 0.0041201357 0.0079884995 263.03054884958 -36.56772105895 1084.61707 1.1020000000000003 -2.32
262.83168162857 -36.87539640187 0.0385 0.0309 4.8938 "" "" 5974606409920347008 1405.07019 0.6779 0.0419 -0.716 -0.698 0.056 0.041 0.991 8763.7 4.2822 15.868265 1.635698 16.628773 14.993074 "" "" 1320.6283 1512.95312 8465.26576 4.1634 3047.2 12.706 7978.6 15.668 "" "" 0.0028065874448385338 0.005317972 0.0043393145 0.009657286 262.83168162857 -36.87539640187 1405.07019 -0.716 -0.698
262.70346172879 -37.17713919237 0.0442 0.0327 22.6221 "" "" 5974214541412793728 1475.00305 0.6359 0.049 -0.204 -2.66 0.064 0.043 1.048 7939.6 4.077 15.868599 1.820661 16.735798 14.915137 "" "" 1387.40295 1594.29675 8462.66426 4.9607 2761.2 10.424 8572.4 19.037 "" "" 0.0028278702809312528 0.0049583795 0.0044829976 0.009441378 262.70346172879 -37.17713919237 1475.00305 -0.20400000000000001 -2.6599999999999997
263.41311101929 -36.6525332784 0.0447 0.0343 31.7912 "" "" 5974625445217574272 1593.78015 0.5783 0.0503 3.365 -0.014 0.059 0.043 1.114 7693.2 3.6791 15.868851 2.861592 17.469255 14.607663 "" "" 1483.97083 1768.72607 8460.70277 5.062 1405.1 9.4747 11379.0 24.452 "" "" 0.0028308581409661657 0.007834864 0.0044415216 0.012276385 263.41311101929 -36.6525332784 1593.78015 3.365 -0.014000000000000033
262.82686064868 -36.55171390519 0.0431 0.0328 15.3691 "" "" 5974667574589487744 1166.27917 0.8323 0.0541 5.193 -3.223 0.071 0.045 0.962 4915.7 4.2092 15.869853 1.688922 16.66225 14.973329 "" "" 1102.14575 1243.49072 8452.89444 4.2368 2954.7 6.8667 8125.1 35.21 "" "" 0.0028085477958080885 0.003761888 0.0060349773 0.009796865 262.82686064868 -36.55171390519 1166.27917 5.1930000000000005 -3.223
262.36230780154 -36.9891741976 0.039 0.0299 22.8842 "" "" 5974274293000105600 1189.07153 0.8048 0.0416 1.125 -2.891 0.053 0.038 0.941 5443.4 3.923 15.869966 1.459787 16.533989 15.074202 "" "" 1136.49731 1257.06555 8452.01985 5.5161 3325.2 13.57 7404.2 26.926 "" "" 0.002844976491248681 0.0052361647 0.0054656533 0.010701818 262.36230780154 -36.9891741976 1189.07153 1.125 -2.891
262.46082028503 -36.53015077663 0.0427 0.0317 22.5414 "" "" 5974676645560487040 1192.19006 0.8121 0.0463 -0.75 -2.646 0.058 0.044 1.001 8317.1 4.4106 15.869997 1.685439 16.672459 14.98702 "" "" 1120.23315 1274.05322 8451.77584 4.0763 2927.1 10.313 8023.2 13.237 "" "" 0.0028046390982314996 0.0047348063 0.004182398 0.008917204 262.46082028503 -36.53015077663 1192.19006 -0.75 -2.646
262.60109856773 -36.75791758361 0.047 0.0355 9.0516 "" "" 5974658503618588416 1100.51233 0.8637 0.0493 0.421 -3.229 0.064 0.046 1.108 5152.6 4.4404 15.872342 1.343368 16.472198 15.12883 "" "" 1037.2168 1160.67334 8433.54072 5.1322 3520.0 9.7252 7040.9 14.279 "" "" 0.0028334327585244727 0.0040967483 0.004374015 0.008470763 262.60109856773 -36.75791758361 1100.51233 0.42100000000000004 -3.229
262.16244189209 -36.54583926457 0.0425 0.0303 33.5432 "" "" 5974304112953187328 1519.87366 0.6243 0.0425 -1.126 -2.503 0.052 0.037 1.057 "" "" 15.872637 1.722397 16.689342 14.966946 "" "" 1431.49255 1642.67615 8431.25231 4.0939 2881.9 12.831 8173.0 16.902 "" "" 0.0028053024119014053 0.005581445 0.0043960493 0.009977494 262.16244189209 -36.54583926457 1519.87366 -1.126 -2.5029999999999992
262.91272943239 -36.98489992146 0.0648 0.049 12.5278 "" "" 5974593117032316800 1436.1947 0.6602 0.069 2.559 -1.282 0.094 0.063 1.102 "" "" 15.872742 2.007699 16.14619 14.138492 "" "" 1297.09375 1581.09985 8430.43958 11.613 4752.7 113.16 17529.0 282.63 "" "" 0.003135066218746125 0.02600111 0.01790926 0.04391037 262.91272943239 -36.98489992146 1436.1947 2.559 -1.282
262.78266664358 -36.49342173847 0.0468 0.0362 18.7008 "" "" 5974668742820275200 1269.51257 0.746 0.0522 2.254 -10.451 0.069 0.046 1.005 4803.1 4.1095 15.873325 2.102129 16.949907 14.847778 "" "" 1192.07361 1341.79993 8425.90623 4.6343 2267.0 8.9228 9121.1 16.839 "" "" 0.0028192891506136856 0.005103629 0.0042780265 0.009381656 262.78266664358 -36.49342173847 1269.51257 2.2539999999999996 -10.451
262.71591840258 -36.41774834911 0.0622 0.049 23.4449 "" "" 5974672311899072896 1402.45129 0.719 0.0759 2.257 -0.067 0.084 0.06 1.673 8565.7 4.2543 15.873649 1.72032 16.68153 14.96121 "" "" 1254.14099 1592.54504 8423.39605 5.1786 2902.7 12.157 8216.3 15.893 "" "" 0.002835020610290848 0.0053350264 0.0043237056 0.0096587315 262.71591840258 -36.41774834911 1402.45129 2.2570000000000006 -0.06699999999999999
262.23959879949 -37.06959359048 0.0372 0.0296 30.3896 "" "" 5974272536342920320 1594.11279 0.5797 0.0408 -1.979 -3.039 0.053 0.038 1.057 6919.8 3.8586 15.874212 2.289866 17.079683 14.789817 "" "" 1490.62244 1690.62 8419.02799 4.0627 2011.6 10.042 9621.3 28.841 "" "" 0.002804691943255861 0.006096059 0.004987615 0.011083674 262.23959879949 -37.06959359048 1594.11279 -1.979 -3.0390000000000006
262.55274732252 -37.32589928723 0.0397 0.0307 33.0883 "" "" 5974207016629812992 1296.53064 0.7393 0.0438 0.938 3.155 0.053 0.037 0.997 7698.8 4.276 15.874249 1.860445 16.79044 14.929995 "" "" 1224.16968 1376.12341 8418.7374 3.7222 2625.7 10.381 8455.9 13.114 "" "" 0.0027968245179074403 0.0051196963 0.004137515 0.009257211 262.55274732252 -37.32589928723 1296.53064 0.9379999999999998 3.1549999999999994
263.03367746605 -36.37986892828 0.0398 0.0317 28.2891 "" "" 5974646958744980224 1457.84143 0.6493 0.0434 -5.708 -4.241 0.055 0.038 0.969 6694.0 4.281 15.875049 1.58146 16.612911 15.031451 "" "" 1387.53235 1542.8678 8412.53968 3.5654 3092.1 10.106 7701.5 9.2712 "" "" 0.002793480493025707 0.0045141117 0.003999006 0.008513117 263.03367746605 -36.37986892828 1457.84143 -5.708000000000001 -4.241
262.89121589996 -36.55288162306 0.0411 0.0329 16.0511 "" "" 5974620501743299712 1258.84595 0.7545 0.0484 0.779 -3.092 0.056 0.039 0.973 4872.7 4.1586 15.87618 1.652642 16.661465 15.008822 "" "" 1176.58984 1333.8407 8403.78192 3.9842 2956.9 8.6374 7863.7 11.259 "" "" 0.0028029894767912125 0.004224185 0.0040865964 0.008310782 262.89121589996 -36.55288162306 1258.84595 0.7790000000000001 -3.0920000000000005
263.27989975168 -36.49683778829 0.0379 0.0281 30.35 "" "" 5974631187623581824 1234.54492 0.7688 0.0414 -1.576 -2.445 0.054 0.037 1.026 4927.0 4.1707 15.8767 1.649159 16.647215 14.998055 "" "" 1183.24927 1294.65027 8399.75477 3.9507 2995.9 11.01 7942.1 12.942 "" "" 0.002802242479735788 0.00486888 0.0041730073 0.009041887 263.27989975168 -36.49683778829 1234.54492 -1.576 -2.4450000000000003
262.36159272162 -36.47871132978 0.0389 0.0308 28.0938 "" "" 5974680420795554432 1066.60901 0.8918 0.0438 -3.035 -5.389 0.053 0.04 0.973 5029.7 4.3001 15.877213 1.444863 16.518913 15.07405 "" "" 1017.84686 1120.95593 8395.78665 4.5933 3371.7 16.753 7405.2 29.321 "" "" 0.0028186215474485226 0.0060735433 0.0057240743 0.011797618 262.36159272162 -36.47871132978 1066.60901 -3.0349999999999997 -5.388999999999999
262.79215054801 -36.5434252729 0.0419 0.0328 15.711 "" "" 5974667432816145152 1241.95618 0.765 0.0518 2.161 -2.614 0.061 0.041 0.995 7181.9 4.2737 15.881144 1.501365 16.570719 15.069354 "" "" 1160.82874 1302.39746 8365.44763 3.9258 3214.6 8.0411 7437.3 12.05 "" "" 0.00280203541811366 0.0038937293 0.0041687214 0.00806245 262.79215054801 -36.5434252729 1241.95618 2.1610000000000005 -2.6140000000000003
263.07774362761 -37.08150579619 0.0457 0.0425 21.8837 "" "" 5962580368419998720 1293.04578 0.7546 0.0574 -5.599 2.89 0.066 0.055 1.044 5741.7 4.3376 15.882853 1.667652 16.672142 15.00449 "" "" 1203.7865 1391.86133 8352.29355 4.2557 2927.9 11.24 7895.2 13.933 "" "" 0.00281030782072147 0.0050157555 0.004237329 0.009253085 263.07774362761 -37.08150579619 1293.04578 -5.599 2.89
263.01552343205 -36.65872878629 0.1017 0.0851 14.3311 "" "" 5974615309092931968 1565.44568 0.6511 0.1265 2.459 -2.427 0.134 0.099 3.815 7455.3 4.242 15.883982 1.82038 16.727716 14.907336 "" "" 1333.67029 2230.77026 8343.61127 9.5496 2781.8 11.614 8634.2 19.764 "" "" 0.0030225841771812476 0.005322839 0.0045233164 0.0098461555 263.01552343205 -36.65872878629 1565.44568 2.4589999999999996 -2.427
263.1037569639 -36.70743480882 0.0377 0.0296 16.6295 "" "" 5974604455745085952 1400.07947 0.6766 0.0462 -3.582 -3.478 0.05 0.036 1.036 5794.2 4.2373 15.88469 1.525235 16.572435 15.0472 "" "" 1324.24182 1501.96509 8338.16796 3.9806 3209.5 12.183 7590.6 14.111 "" "" 0.002803649453514206 0.0049770176 0.0042845816 0.009261599 263.1037569639 -36.70743480882 1400.07947 -3.5819999999999994 -3.4779999999999998
262.24930582082 -36.86553471992 0.0426 0.0307 25.7419 "" "" 5974279511369313408 1203.50806 0.7864 0.0461 -0.132 -4.024 0.057 0.038 0.971 7744.1 4.0716 15.885242 1.715471 16.704344 14.988873 "" "" 1138.46802 1291.51257 8333.92657 3.9097 2842.4 10.432 8009.6 17.38 "" "" 0.002802004446599858 0.004864534 0.004453555 0.009318089 262.24930582082 -36.86553471992 1203.50806 -0.13200000000000003 -4.024
262.48789270278 -36.34708868328 0.0406 0.0338 30.8753 "" "" 5974683070831410816 1432.89893 0.6556 0.0514 -1.262 -4.087 0.06 0.047 0.912 "" "" 15.885509 1.83586 16.781633 14.945773 "" "" 1344.15417 1535.53003 8331.87957 4.3944 2647.1 14.374 8333.9 13.061 "" "" 0.0028141970128365864 0.0065225544 0.0041447678 0.010667322 262.48789270278 -36.34708868328 1432.89893 -1.262 -4.087
262.36106420301 -37.23387087182 0.0361 0.029 32.629 "" "" 5974222856469305984 1108.12927 0.8585 0.0408 -0.734 -8.774 0.05 0.036 0.939 5383.7 4.5255 15.886166 1.293585 16.45721 15.163626 "" "" 1059.83618 1167.08521 8326.8422 3.2205 3568.9 10.708 6818.8 18.172 "" "" 0.0027871352289693596 0.0042891763 0.004759821 0.009048997 262.36106420301 -37.23387087182 1108.12927 -0.734 -8.774000000000001
262.96141681094 -37.17557387138 0.0395 0.0311 23.8684 "" "" 5974212544241817728 1069.34985 0.8914 0.0461 1.612 -1.101 0.053 0.039 0.987 6408.9 4.3255 15.886365 1.483891 16.128242 14.644352 "" "" 1012.47815 1120.75818 8325.31921 13.782 4831.9 109.83 11001.0 153.68 "" "" 0.0032897265650117568 0.024836214 0.015631123 0.040467337 262.96141681094 -37.17557387138 1069.34985 1.6119999999999999 -1.1009999999999998
262.67969109104 -36.72484032261 0.0398 0.0313 6.8145 "" "" 5974658812856233216 1262.28369 0.7614 0.0434 -1.8 -3.566 0.06 0.043 0.941 5732.4 4.3973 15.88772 1.400516 16.515356 15.11484 "" "" 1196.46765 1316.28931 8314.93568 8.1732 3382.8 20.018 7132.2 21.554 "" "" 0.002954787073114797 0.007004629 0.005004978 0.012009607 262.67969109104 -36.72484032261 1262.28369 -1.7999999999999998 -3.566
262.80101930793 -36.55181823672 0.0429 0.0335 15.2302 "" "" 5974667437150148992 1404.30737 0.6905 0.0549 -0.751 -0.644 0.064 0.042 1.061 "" "" 15.888365 1.569672 16.61407 15.044399 "" "" 1287.13757 1532.05701 8309.99383 3.9645 3088.8 9.6084 7610.2 12.558 "" "" 0.0028035854682495597 0.004380872 0.0041825436 0.008563416 262.80101930793 -36.55181823672 1404.30737 -0.7510000000000001 -0.6440000000000001
263.06310069353 -36.94916657609 0.0431 0.0367 16.1038 "" "" 5974591811360996608 1353.87256 0.6905 0.0593 0.565 0.108 0.06 0.049 0.941 "" "" 15.890326 1.8507 16.78914 14.93844 "" "" 1273.03589 1481.18762 8295.00067 5.1643 2628.8 13.57 8390.4 26.255 "" "" 0.0028370244649581692 0.0062607406 0.0050819702 0.011342711 263.06310069353 -36.94916657609 1353.87256 0.5649999999999998 0.10799999999999997
262.77506830453 -36.38269550795 0.0391 0.0318 25.3451 "" "" 5974673896781119104 1117.43103 0.8558 0.0457 3.555 2.352 0.052 0.038 0.999 5798.4 4.537 15.891911 1.274312 16.448206 15.173894 "" "" 1071.93481 1187.63501 8282.90306 3.4943 3598.6 8.3722 6754.6 11.96 "" "" 0.0027931323948033543 0.0037637262 0.00424023 0.008003957 262.77506830453 -36.38269550795 1117.43103 3.555 2.3520000000000003
262.65654027486 -36.70281341172 0.0541 0.0419 8.5376 "" "" 5974659087734148352 1458.83972 0.6572 0.06 -1.348 -5.491 0.074 0.054 1.278 "" "" 15.892177 1.704213 16.693546 14.989333 "" "" 1338.64075 1613.13623 8280.87374 4.657 2870.8 14.136 8006.2 15.866 "" "" 0.0028221654148258965 0.006030527 0.0043489295 0.010379456 262.65654027486 -36.70281341172 1458.83972 -1.3479999999999999 -5.491
262.38298280218 -36.79289950884 0.0474 0.0331 19.0889 "" "" 5974285249447687424 1310.42627 0.7257 0.0455 -2.372 2.069 0.067 0.047 0.967 "" "" 15.893764 2.137831 16.989729 14.851898 "" "" 1230.49915 1395.25598 8268.76752 3.9608 2185.4 15.295 9086.5 18.095 "" "" 0.002803973600275553 0.008094828 0.0043541505 0.012448978 262.38298280218 -36.79289950884 1310.42627 -2.372 2.0689999999999995
262.89190511334 -36.5582271971 0.0433 0.0345 15.7603 "" "" 5974620497413521792 1233.46313 0.7807 0.0533 2.201 -1.784 0.057 0.042 1.106 5382.2 4.5637 15.89464 1.300984 16.467487 15.166503 "" "" 1156.76819 1326.10376 8262.10943 4.0506 3535.3 9.3694 6800.8 17.329 "" "" 0.002806265812350222 0.004008097 0.0046837484 0.008691845 262.89190511334 -36.5582271971 1233.46313 2.2010000000000005 -1.784
262.55593914355 -36.52389596829 0.0456 0.0383 20.024 "" "" 5974666200199743232 1298.31384 0.7424 0.0613 -11.348 -0.057 0.06 0.047 0.954 4962.8 4.2897 15.89477 1.559849 16.602125 15.042276 "" "" 1205.8053 1411.573 8261.12193 3.8074 3123.0 16.141 7625.1 19.829 "" "" 0.002800390243148821 0.0062669395 0.0047175814 0.010984521 262.55593914355 -36.52389596829 1298.31384 -11.348 -0.05699999999999979
262.91977064176 -36.80573456408 0.04 0.0344 6.7143 "" "" 5974608299706062976 1590.95801 0.6014 0.0526 -1.358 -2.483 0.057 0.043 1.007 4889.6 4.1691 15.895454 1.747892 16.73241 14.984518 "" "" 1465.54456 1699.03479 8255.90875 4.2954 2769.8 8.7217 8041.8 14.312 "" "" 0.0028126302364699725 0.00441287 0.0042446973 0.008657567 262.91977064176 -36.80573456408 1590.95801 -1.3579999999999999 -2.483
263.43725418218 -36.75280710403 0.0391 0.0324 31.7407 "" "" 5962613800449238144 1321.42383 0.7178 0.048 -2.79 -18.824 0.052 0.039 1.087 "" "" 15.897158 1.61968 16.658707 15.039026 "" "" 1247.13989 1440.06958 8242.96871 3.5021 2964.4 20.756 7648.0 12.649 "" "" 0.002793666606056527 0.0080979215 0.0041842856 0.012282208 263.43725418218 -36.75280710403 1321.42383 -2.79 -18.823999999999998
262.98384243617 -36.84500074404 0.0465 0.0368 10.0783 "" "" 5974596312487009920 1250.84729 0.7886 0.0587 -1.262 -5.377 0.072 0.043 1.006 7181.2 4.297 15.897409 1.564199 16.626612 15.062412 "" "" 1154.68896 1339.76135 8241.0552 4.3743 3053.3 16.834 7485.0 31.979 "" "" 0.002814944632479033 0.0066044033 0.005983425 0.012587829 262.98384243617 -36.84500074404 1250.84729 -1.2619999999999998 -5.377
262.79144432451 -36.3225521705 0.0394 0.0306 28.9578 "" "" 5974675271170686464 1591.63184 0.5816 0.0436 3.38 -0.243 0.051 0.037 0.973 8209.1 4.0407 15.8989 2.180061 17.023642 14.84358 "" "" 1504.04895 1691.39526 8229.74898 3.9897 2118.2 10.807 9156.4 10.654 "" "" 0.002805144917330193 0.0062024165 0.0039849337 0.01018735 262.79144432451 -36.3225521705 1591.63184 3.38 -0.24299999999999988
263.39555817241 -36.70478453975 0.0374 0.0298 30.1966 "" "" 5974623765919779968 1189.80444 0.8254 0.0424 4.788 -6.193 0.05 0.038 0.969 5884.0 4.3433 15.900118 1.522314 16.600431 15.078117 "" "" 1123.04199 1265.4646 8220.52912 6.3697 3127.8 14.757 7377.5 22.395 "" "" 0.002880894132564782 0.005833115 0.0050146077 0.010847723 263.39555817241 -36.70478453975 1189.80444 4.788 -6.193
