Clusters/Harvard_16/Harvard_16_members.tsv
# %ECSV 1.0
# ---
# datatype:
# - name: RA_ICRS_1
#   unit: deg
#   datatype: float64
#   format: '{:15.11f}'
#   description: Right ascension (ICRS) at Ep=2016.0 (ra)
#   meta: !!omap
#   - {ucd: POS_EQ_RA_MAIN}
#   - {width: 15}
#   - {precision: '11'}
# - name: DE_ICRS_1
#   unit: deg
#   datatype: float64
#   format: '{:15.11f}'
#   description: Declination (ICRS) at Ep=2016.0 (dec)
#   meta: !!omap
#   - {ucd: POS_EQ_DEC_MAIN}
#   - {width: 15}
#   - {precision: '11'}
# - name: e_RA_ICRS
#   unit: mas
#   datatype: float64
#   format: '{:7.4f}'
#   description: Standard error of right ascension (ra_error)
#   meta: !!omap
#   - {ucd: ERROR}
#   - {width: 7}
#   - {precision: '4'}
# - name: e_DE_ICRS
#   unit: mas
#   datatype: float64
#   format: '{:7.4f}'
#   description: Standard error of declination (dec_error)
#   meta: !!omap
#   - {ucd: ERROR}
#   - {width: 7}
#   - {precision: '4'}
# - name: _r_1
#   unit: ''
#   datatype: float64
#   format: '{:7.4f}'
#   description: Distance from center (262.78000876000-36.80509483000)[ICRS], at Epoch=J2016.0
#   meta: !!omap
#   - {ucd: POS_ANG_DIST_GENERAL}
#   - {width: 7}
#   - {precision: '4'}
# - name: HIP
#   datatype: int32
#   description: '? HIP cross-id number, van Leeuwen, Cat. I/311 (hip_original_ext_source_id)'
#   meta: !!omap
#   - {ucd: ID_NUMBER}
#   - {width: 6}
#   - values: {'null': -2147483648}
# - name: TYC2
#   datatype: string
#   description: Tycho-2 cross-id name, Hog et al., Cat. I/259 (tyc2_original_ext_source_id)
#   meta: !!omap
#   - {ucd: ID_CROSSID}
#   - {_votable_string_dtype: char}
# - name: Source
#   datatype: int64
#   description: Source identifier, identical to the Gaia-EDR3 source_id (id)
#   meta: !!omap
#   - {ucd: ID_MAIN}
#   - {width: 19}
# - name: rgeo
#   unit: pc
#   datatype: float64
#   format: '{:15.8f}'
#   description: '? Median of the geometric distance posterior (r_med_geo)'
#   meta: !!omap
#   - {ucd: PHYS_DISTANCE_TRUE}
#   - {width: 15}
#   - {precision: '8'}
#   - values: {'null': .nan}
# - name: Plx
#   unit: mas
#   datatype: float64
#   format: '{:9.4f}'
#   description: '? Parallax (parallax)'
#   meta: !!omap
#   - {ucd: POS_PARLX_TRIG}
#   - {width: 9}
#   - {precision: '4'}
#   - values: {'null': .nan}
# - name: e_Plx
#   unit: mas
#   datatype: float32
#   format: '{:7.4f}'
#   description: '? Standard error of parallax (parallax_error)'
#   meta: !!omap
#   - {ucd: ERROR}
#   - {width: 7}
#   - {precision: '4'}
#   - values: {'null': .nan}
# - name: pmRA
#   unit: mas / yr
#   datatype: float64
#   format: '{:9.3f}'
#   description: '? Proper motion in right ascension direction, pmRA*cosDE (pmra)'
#   meta: !!omap
#   - {ucd: POS_EQ_PMRA}
#   - {width: 9}
#   - {precision: '3'}
#   - values: {'null': .nan}
# - name: pmDE
#   unit: mas / yr
#   datatype: float64
#   format: '{:9.3f}'
#   description: '? Proper motion in declination direction (pmdec)'
#   meta: !!omap
#   - {ucd: POS_EQ_PMDEC}
#   - {width: 9}
#   - {precision: '3'}
#   - values: {'null': .nan}
# - name: e_pmRA
#   unit: mas / yr
#   datatype: float32
#   format: '{:6.3f}'
#   description: '? Standard error of proper motion in right ascension direction (pmra_error)'
#   meta: !!omap
#   - {ucd: ERROR}
#   - {width: 6}
#   - {precision: '3'}
#   - values: {'null': .nan}
# - name: e_pmDE
[...]
#       distance: !astropy.table.SerializedColumn
#         __class__: astropy.coordinates.distances.Distance
#         unit: !astropy.units.Unit {unit: pc}
#         value: !astropy.table.SerializedColumn {name: SkyCoord.distance}
#       frame: icrs
#       obstime: !astropy.time.Time {format: jyear_str, in_subfmt: '*', jd1: 367701545.0, jd2: 0.0, out_subfmt: '*', precision: 3, scale: tt}
#       pm_dec: !astropy.table.SerializedColumn
#         __class__: astropy.units.quantity.Quantity
#         unit: !astropy.units.Unit {unit: mas / yr}
#         value: !astropy.table.SerializedColumn {name: SkyCoord.pm_dec}
#       pm_ra_cosdec: !astropy.table.SerializedColumn
#         __class__: astropy.units.quantity.Quantity
#         unit: !astropy.units.Unit {unit: mas / yr}
#         value: !astropy.table.SerializedColumn {name: SkyCoord.pm_ra_cosdec}
#       ra: !astropy.table.SerializedColumn
#         __class__: astropy.coordinates.angles.Longitude
#         unit: *id001
#         value: !astropy.table.SerializedColumn {name: SkyCoord.ra}
#         wrap_angle: !astropy.coordinates.Angle
#           unit: *id001
#           value: 360.0
#       representation_type: spherical
# schema: astropy-2.0
RA_ICRS_1 DE_ICRS_1 e_RA_ICRS e_DE_ICRS _r_1 HIP TYC2 Source rgeo Plx e_Plx pmRA pmDE e_pmRA e_pmDE RUWE Teff logg Gmag BP-RP BPmag RPmag RV e_RV b_rgeo B_rgeo FG e_FG FBP e_FBP FRP e_FRP RAVE5 RAVE6 e_Gmag e_BPmag e_RPmag e_BP-RP SkyCoord.ra SkyCoord.dec SkyCoord.distance SkyCoord.pm_ra_cosdec SkyCoord.pm_dec rmRA rmDE e_rmRA e_rmDE rRV e_rRV v_pec v_pec3d e_vpec e_vpec3d Pmemb
[from data line 186]
262.6792156503 -36.81708287516 0.0501 0.0401 4.8949 "" "" 5974610984096266624 1422.14026 0.6831 0.0524 -0.936 -0.735 0.069 0.054 0.983 6872.0 4.336 16.16765 1.510771 16.863277 15.352507 "" "" 1323.6853 1558.03223 6425.19579 3.9551 2455.3 7.8858 5730.0 11.33 "" "" 0.002835218432877782 0.0044659795 0.004346567 0.008812547 262.6792156503 -36.81708287516 1422.14026 -0.936 -0.7350000000000001 -0.2833463654518128 0.04356099605560304 0.19267164 0.17767164 "" "" 1.9324623299338919 "" 0.3716868915332056 "" 1.0
262.7322281437 -36.77075371918 0.0461 0.0367 3.0849 "" "" 5974610876686499456 1426.73535 0.6795 0.0524 -0.737 -0.635 0.064 0.046 0.971 5198.7 4.3005 16.185291 1.532795 16.884336 15.351541 "" "" 1326.94238 1565.0907 6321.65154 3.44 2408.1 8.9673 5735.1 16.757 "" "" 0.0028179518919943317 0.0049123806 0.0049343146 0.009846695 262.7322281437 -36.77075371918 1426.73535 -0.7369999999999999 -0.6350000000000003 -0.08434636545181273 0.14356099605560302 0.18767165 0.16967164 "" "" 1.1260307451558653 "" 0.19645617970506288 "" 0.9
262.59424807663 -36.98124148666 0.0459 0.0339 13.8259 "" "" 5974232374117162496 1468.64673 0.6644 0.0511 -0.689 -0.733 0.067 0.045 1.016 5325.1 4.1766 16.216646 1.878536 17.130424 15.251888 "" "" 1373.84351 1586.62378 6141.69621 3.532 1919.8 10.739 6286.4 23.017 "" "" 0.0028251820495861753 0.0066836583 0.005485145 0.012168803 262.59424807663 -36.98124148666 1468.64673 -0.6890000000000006 -0.7330000000000001 -0.03634636545181269 0.04556099605560304 0.19067165 0.16867164 "" "" 0.4057277170471009 "" 0.07203767952118571 "" 0.9
262.65976565848 -36.847652895 0.057 0.0454 6.3143 "" "" 5974234882378240896 1522.98669 0.6209 0.0612 -0.65 -0.766 0.077 0.059 1.146 5851.0 4.4384 16.257502 1.564351 16.985666 15.421315 "" "" 1385.84387 1668.63342 5914.87903 3.4543 2193.6 10.685 5378.1 12.685 "" "" 0.0028273373525416565 0.0059795007 0.004565275 0.010544775 262.65976565848 -36.847652895 1522.98669 -0.65 -0.766 0.0026536345481872337 0.012560996055603013 0.20067164 0.18267164 "" "" 0.09267869909810239 "" 0.017004389499463642 "" 0.9
262.97932577516 -37.07734418172 0.0569 0.0455 18.9259 "" "" 5974588753345562880 1574.89856 0.6202 0.0612 -0.8 -0.6 0.081 0.061 1.096 "" "" 16.269892 1.930033 17.216768 15.286736 "" "" 1431.8938 1703.58545 5847.76949 3.5707 1773.0 13.699 6087.8 19.912 "" "" 0.0028339558088650036 0.00884073 0.0051860353 0.014026766 262.97932577516 -37.07734418172 1574.89856 -0.8000000000000002 -0.5999999999999999 -0.1473463654518128 0.17856099605560305 0.20467165 0.18467164 "" "" 1.7281959661933817 "" 0.33358220903800523 "" 0.9
262.82943667253 -36.77368940084 0.0508 0.044 3.0317 "" "" 5974609231748926720 1432.755 0.6683 0.0641 -0.696 -0.961 0.073 0.055 0.882 6918.8 4.3201 16.308554 1.515842 17.013916 15.498074 "" "" 1315.81335 1589.70215 5643.19819 3.49 2137.2 7.604 5011.0 17.102 "" "" 0.0028359578291614162 0.004765247 0.0052928682 0.010058115 262.82943667253 -36.77368940084 1432.755 -0.696 -0.9609999999999999 -0.043346365451812696 -0.18243900394439694 0.19667163 0.17867164 "" "" 1.27348138799116 "" 0.2288179510747746 "" 0.9
262.71276620778 -36.78720663165 0.0522 0.0406 3.4044 "" "" 5974610743577863936 1440.59888 0.6686 0.0567 -0.778 -0.533 0.072 0.054 1.02 5762.2 4.5021 16.362932 1.573204 17.088427 15.515223 "" "" 1344.83313 1570.92175 5367.52182 3.5108 1995.5 8.4056 4932.5 10.863 "" "" 0.0028453677175707885 0.0053573535 0.0044722846 0.0098296385 262.71276620778 -36.78720663165 1440.59888 -0.778 -0.5330000000000001 -0.12534636545181277 0.245560996055603 0.19567165 0.17767164 "" "" 1.8826181830758384 "" 0.3417679451245465 "" 1.0
262.46942045354 -37.14482271782 0.0478 0.037 25.2416 "" "" 5974222203634281856 1359.25745 0.7211 0.0523 -1.09 -0.682 0.064 0.047 1.006 "" "" 16.381361 1.910479 17.328186 15.417707 "" "" 1279.15771 1458.07935 5277.18296 3.1725 1600.1 8.1976 5396.0 13.791 "" "" 0.0028315767002159782 0.006222988 0.0046886913 0.010911679 262.46942045354 -37.14482271782 1359.25745 -1.0900000000000019 -0.6820000000000003 -0.4373463654518128 0.09656099605560298 0.18767165 0.17067164 "" "" 2.8856327387014153 "" 0.5393701355021993 "" 0.9
263.18565100647 -36.46324736204 0.0493 0.0386 28.3221 "" "" 5974643935087735168 1400.74414 0.697 0.0573 -0.696 -0.815 0.066 0.049 1.062 "" "" 16.3861 2.001985 17.388992 15.387008 "" "" 1299.86133 1540.91492 5254.19618 3.72 1512.9 14.042 5550.8 21.579 "" "" 0.002860541939873153 0.010456409 0.005665626 0.016122036 263.18565100647 -36.46324736204 1400.74414 -0.696 -0.815 -0.043346365451812696 -0.03643900394439692 0.18967164 0.17267165 "" "" 0.3759818591961319 "" 0.06873862479568635 "" 0.8
262.92816167568 -36.89367797119 0.0593 0.0484 8.8796 "" "" 5974595659618266240 1327.72742 0.7186 0.0713 -0.572 -0.89 0.086 0.062 0.967 "" "" 16.391602 1.752526 17.232988 15.480462 "" "" 1228.23767 1458.22766 5227.64368 3.8475 1746.7 10.715 5093.0 14.492 "" "" 0.0028688565645227787 0.007221187 0.0048814267 0.012102613 262.92816167568 -36.89367797119 1327.72742 -0.5719999999999998 -0.8899999999999997 0.0806536345481873 -0.11143900394439699 0.20967165 0.18567164 "" "" 0.8657446938769774 "" 0.16817643147239683 "" 0.9
262.87509737114 -36.64073567635 0.0564 0.0421 10.8703 "" "" 5974619054304433920 1392.18079 0.7006 0.0666 -0.596 -0.976 0.077 0.052 1.048 "" "" 16.408041 1.671836 17.19832 15.526485 "" "" 1280.07068 1573.87561 5149.09059 3.197 1803.4 8.0636 4881.6 10.463 "" "" 0.002836586940370956 0.0055993777 0.0044383784 0.010037756 262.87509737114 -36.64073567635 1392.18079 -0.596 -0.976 0.05665363454818728 -0.19743900394439695 0.20067164 0.17567164 "" "" 1.3554639687615802 "" 0.24086201267870302 "" 0.9
262.76281253151 -36.87719976426 0.0536 0.0407 4.4044 "" "" 5974606792207902720 1452.93152 0.681 0.0587 -0.704 -0.901 0.074 0.053 1.04 "" "" 16.410975 1.701074 17.220844 15.519771 "" "" 1341.65332 1564.85132 5135.19464 3.1709 1766.4 9.1036 4911.9 13.446 "" "" 0.0028357113011128966 0.006252683 0.004808044 0.011060727 262.76281253151 -36.87719976426 1452.93152 -0.704 -0.9010000000000005 -0.0513463654518127 -0.122439003944397 0.19767165 0.17667164 "" "" 0.9143701470810506 "" 0.16455769368126164 "" 0.9
262.95530150926 -36.62299047835 0.0529 0.0417 13.801 "" "" 5974619333512068352 1456.00708 0.6774 0.0652 -0.853 -0.72 0.071 0.051 1.059 6094.2 4.5193 16.424564 1.576895 17.120806 15.543911 "" "" 1326.58899 1618.90942 5071.31575 4.2435 1936.8 17.544 4803.9 37.323 "" "" 0.0029012364429344905 0.010222989 0.009243382 0.01946637 262.95530150926 -36.62299047835 1456.00708 -0.8530000000000001 -0.7200000000000002 -0.20034636545181272 0.058560996055603054 0.19467165 0.17467165 "" "" 1.4405419888872606 "" 0.2782730586734196 "" 0.9
262.8792723367 -36.62394503264 0.051 0.0408 11.8714 "" "" 5974619161713436032 1474.24451 0.6685 0.0622 -0.703 -0.689 0.07 0.05 0.987 4840.4 4.2685 16.439068 1.722673 17.247072 15.524399 "" "" 1356.77637 1585.68652 5004.03019 3.4855 1724.2 13.668 4891.0 18.981 "" "" 0.0028572214192071686 0.009047764 0.0056601707 0.014707935 262.8792723367 -36.62394503264 1474.24451 -0.7029999999999998 -0.688999999999999 -0.0503463654518127 0.08956099605560308 0.19367164 0.17367165 "" "" 0.7179531104459899 "" 0.12828280610253284 "" 0.8
262.70573507289 -36.73505781176 0.0536 0.0452 5.5138 "" "" 5974611907477861120 1487.26379 0.6549 0.0612 -1.11 -0.554 0.076 0.058 0.932 7049.7 4.317 16.51575 1.816979 17.398026 15.581047 "" "" 1378.87195 1629.07715 4662.79647 12.59 1500.4 15.071 4642.4 51.482 "" "" 0.004023185672144136 0.011257109 0.012619526 0.023876635 262.70573507289 -36.73505781176 1487.26379 -1.11 -0.554 -0.45734636545181284 0.22456099605560298 0.19967164 0.18167165 "" "" 3.5918080405682007 "" 0.7050871489158037 "" 0.9
262.46678212887 -37.0498026703 0.0567 0.0415 21.0067 "" "" 5974226051925030528 1550.45569 0.6132 0.0595 -0.58 -0.773 0.074 0.051 0.962 8268.1 4.2478 16.561914 1.847024 17.45613 15.609105 "" "" 1385.99622 1724.8811 4468.6946 2.9358 1422.2 12.513 4523.9 20.398 "" "" 0.0028461520207107164 0.009951819 0.0061846464 0.016136466 262.46678212887 -37.0498026703 1550.45569 -0.5799999999999998 -0.7729999999999999 0.0726536345481873 0.005560996055603007 0.19767165 0.17467165 "" "" 0.5355049662846203 "" 0.10578656587272073 "" 1.0
262.71427965624 -36.84579387616 0.0615 0.0494 3.9911 "" "" 5974610056383068800 1270.83386 0.789 0.0663 -0.508 -0.796 0.089 0.067 1.088 5525.9 4.6416 16.60399 1.617739 17.361992 15.744253 "" "" 1159.88904 1386.16638 4298.83222 3.4176 1551.0 8.7475 3994.4 11.863 "" "" 0.002887359929221444 0.0067291707 0.004968034 0.011697205 262.71427965624 -36.84579387616 1270.83386 -0.5080000000000003 -0.7960000000000013 0.14465363454818725 -0.017439003944397014 0.21267164 0.19067165 "" "" 0.8776669990765272 "" 0.18639238900060096 "" 0.9
262.76123463132 -36.84881176821 0.0611 0.0465 2.7737 "" "" 5974607440718018560 1454.1261 0.6891 0.0677 -0.539 -0.66 0.086 0.061 1.154 5086.8 4.4877 16.60616 1.646286 17.379097 15.732811 "" "" 1312.48511 1621.3075 4290.25088 3.6236 1526.8 7.3705 4036.8 23.511 "" "" 0.0029039157859668237 0.0059377 0.0073668514 0.013304552 262.76123463132 -36.84881176821 1454.1261 -0.5390000000000001 -0.6599999999999993 0.11365363454818722 0.118560996055603 0.20967165 0.18467164 "" "" 1.132014391701679 "" 0.2230518234529564 "" 1.0
262.58892127866 -36.92545094691 0.0592 0.0443 11.6742 "" "" 5974234190876353024 1442.1123 0.6715 0.0623 -0.517 -0.794 0.075 0.054 0.968 "" "" 16.728138 1.776272 17.57905 15.802778 "" "" 1316.05798 1627.10083 3834.34697 2.7199 1270.0 8.1192 3784.8 14.091 "" "" 0.002860935009559536 0.007480985 0.0055338517 0.013014836 262.58892127866 -36.92545094691 1442.1123 -0.5169999999999999 -0.7939999999999998 0.13565363454818724 -0.015439003944397012 0.19867164 0.17767164 "" "" 0.9332619046495242 "" 0.18517514917818265 "" 1.0
