Clusters/Harvard_16/Harvard_16_stars_in_region.tsv
# %ECSV 1.0
# ---
# datatype:
# - name: RA_ICRS_1
#   unit: deg
#   datatype: float64
#   format: '{:15.11f}'
#   description: Right ascension (ICRS) at Ep=2016.0 (ra)
#   meta: !!omap
#   - {ucd: POS_EQ_RA_MAIN}
#   - {width: 15}
#   - {precision: '11'}
# - name: DE_ICRS_1
#   unit: deg
#   datatype: float64
#   format: '{:15.11f}'
#   description: Declination (ICRS) at Ep=2016.0 (dec)
#   meta: !!omap
#   - {ucd: POS_EQ_DEC_MAIN}
#   - {width: 15}
#   - {precision: '11'}
# - name: e_RA_ICRS
#   unit: mas
#   datatype: float64
#   format: '{:7.4f}'
#   description: Standard error of right ascension (ra_error)
#   meta: !!omap
#   - {ucd: ERROR}
#   - {width: 7}
#   - {precision: '4'}
# - name: e_DE_ICRS
#   unit: mas
#   datatype: float64
#   format: '{:7.4f}'
#   description: Standard error of declination (dec_error)
#   meta: !!omap
#   - {ucd: ERROR}
#   - {width: 7}
#   - {precision: '4'}
# - name: _r_1
#   unit: ''
#   datatype: float64
#   format: '{:7.4f}'
#   description: Distance from center (262.78000876000-36.80509483000)[ICRS], at Epoch=J2016.0
#   meta: !!omap
#   - {ucd: POS_ANG_DIST_GENERAL}
#   - {width: 7}
#   - {precision: '4'}
# - name: HIP
#   datatype: int32
#   description: '? HIP cross-id number, van Leeuwen, Cat. I/311 (hip_original_ext_source_id)'
#   meta: !!omap
#   - {ucd: ID_NUMBER}
#   - {width: 6}
#   - values: {'null': -2147483648}
# - name: TYC2
#   datatype: string
#   description: Tycho-2 cross-id name, Hog et al., Cat. I/259 (tyc2_original_ext_source_id)
#   meta: !!omap
#   - {ucd: ID_CROSSID}
#   - {_votable_string_dtype: char}
# - name: Source
#   datatype: int64
#   description: Source identifier, identical to the Gaia-EDR3 source_id (id)
#   meta: !!omap
#   - {ucd: ID_MAIN}
#   - {width: 19}
# - name: rgeo
#   unit: pc
#   datatype: float64
#   format: '{:15.8f}'
#   description: '? Median of the geometric distance posterior (r_med_geo)'
#   meta: !!omap
#   - {ucd: PHYS_DISTANCE_TRUE}
#   - {width: 15}
#   - {precision: '8'}
#   - values: {'null': .nan}
# - name: Plx
#   unit: mas
#   datatype: float64
#   format: '{:9.4f}'
#   description: '? Parallax (parallax)'
#   meta: !!omap
#   - {ucd: POS_PARLX_TRIG}
#   - {width: 9}
#   - {precision: '4'}
#   - values: {'null': .nan}
# - name: e_Plx
#   unit: mas
#   datatype: float32
#   format: '{:7.4f}'
#   description: '? Standard error of parallax (parallax_error)'
#   meta: !!omap
#   - {ucd: ERROR}
#   - {width: 7}
#   - {precision: '4'}
#   - values: {'null': .nan}
# - name: pmRA
#   unit: mas / yr
#   datatype: float64
#   format: '{:9.3f}'
#   description: '? Proper motion in right ascension direction, pmRA*cosDE (pmra)'
#   meta: !!omap
#   - {ucd: POS_EQ_PMRA}
#   - {width: 9}
#   - {precision: '3'}
#   - values: {'null': .nan}
# - name: pmDE
#   unit: mas / yr
#   datatype: float64
#   format: '{:9.3f}'
#   description: '? Proper motion in declination direction (pmdec)'
#   meta: !!omap
#   - {ucd: POS_EQ_PMDEC}
#   - {width: 9}
#   - {precision: '3'}
#   - values: {'null': .nan}
# - name: e_pmRA
#   unit: mas / yr
#   datatype: float32
#   format: '{:6.3f}'
#   description: '? Standard error of proper motion in right ascension direction (pmra_error)'
#   meta: !!omap
#   - {ucd: ERROR}
#   - {width: 6}
#   - {precision: '3'}
#   - values: {'null': .nan}
# - name: e_pmDE
[...]
#         unit: &id001 !astropy.units.Unit {unit: deg}
#         value: !astropy.table.SerializedColumn {name: SkyCoord.dec}
#       distance: !astropy.table.SerializedColumn
#         __class__: astropy.coordinates.distances.Distance
#         unit: !astropy.units.Unit {unit: pc}
#         value: !astropy.table.SerializedColumn {name: SkyCoord.distance}
#       frame: icrs
#       obstime: !astropy.time.Time {format: jyear_str, in_subfmt: '*', jd1: 367701545.0, jd2: 0.0, out_subfmt: '*', precision: 3, scale: tt}
#       pm_dec: !astropy.table.SerializedColumn
#         __class__: astropy.units.quantity.Quantity
#         unit: !astropy.units.Unit {unit: mas / yr}
#         value: !astropy.table.SerializedColumn {name: SkyCoord.pm_dec}
#       pm_ra_cosdec: !astropy.table.SerializedColumn
#         __class__: astropy.units.quantity.Quantity
#         unit: !astropy.units.Unit {unit: mas / yr}
#         value: !astropy.table.SerializedColumn {name: SkyCoord.pm_ra_cosdec}
#       ra: !astropy.table.SerializedColumn
#         __class__: astropy.coordinates.angles.Longitude
#         unit: *id001
#         value: !astropy.table.SerializedColumn {name: SkyCoord.ra}
#         wrap_angle: !astropy.coordinates.Angle
#           unit: *id001
#           value: 360.0
#       representation_type: spherical
# schema: astropy-2.0
RA_ICRS_1 DE_ICRS_1 e_RA_ICRS e_DE_ICRS _r_1 HIP TYC2 Source rgeo Plx e_Plx pmRA pmDE e_pmRA e_pmDE RUWE Teff logg Gmag BP-RP BPmag RPmag RV e_RV b_rgeo B_rgeo FG e_FG FBP e_FBP FRP e_FRP RAVE5 RAVE6 e_Gmag e_BPmag e_RPmag e_BP-RP SkyCoord.ra SkyCoord.dec SkyCoord.distance SkyCoord.pm_ra_cosdec SkyCoord.pm_dec
[from data line 2064]
262.85505360415 -36.6212247439 0.0435 0.0349 11.6077 "" "" 5974619883267965952 1255.0874 0.7603 0.0531 -0.88 -3.882 0.062 0.044 0.957 6574.1 4.0291 16.183983 1.730408 17.010443 15.280035 "" "" 1170.27917 1354.26306 6329.2649 3.2944 2144.1 11.595 6125.5 14.699 "" "" 0.0028126784117698854 0.006500747 0.004590394 0.011091141 262.85505360415 -36.6212247439 1255.0874 -0.8799999999999999 -3.882
262.7322281437 -36.77075371918 0.0461 0.0367 3.0849 "" "" 5974610876686499456 1426.73535 0.6795 0.0524 -0.737 -0.635 0.064 0.046 0.971 5198.7 4.3005 16.185291 1.532795 16.884336 15.351541 "" "" 1326.94238 1565.0907 6321.65154 3.44 2408.1 8.9673 5735.1 16.757 "" "" 0.0028179518919943317 0.0049123806 0.0049343146 0.009846695 262.7322281437 -36.77075371918 1426.73535 -0.7369999999999999 -0.6350000000000001
263.19675014131 -36.61921136177 0.0456 0.0371 22.9387 "" "" 5974628645002890496 1440.84937 0.6833 0.0568 -1.672 -6.998 0.058 0.043 1.005 6892.9 4.2557 16.18531 1.870307 17.112648 15.242341 "" "" 1347.2334 1544.72778 6321.53388 3.5789 1951.4 9.2662 6341.9 13.037 "" "" 0.002823052417102677 0.0058621936 0.0043892236 0.010251418 263.19675014131 -36.61921136177 1440.84937 -1.6720000000000002 -6.998
262.68392473987 -36.74861570573 0.0435 0.0353 5.7277 "" "" 5974611804398639616 1425.11316 0.6745 0.0497 -0.605 -0.799 0.065 0.052 0.981 7107.2 4.0887 16.186583 1.656692 16.972807 15.316115 "" "" 1345.39636 1521.00757 6314.13386 3.2486 2219.7 11.66 5925.3 10.865 "" "" 0.002811375417444061 0.0063492544 0.0042716865 0.0106209405 262.68392473987 -36.74861570573 1425.11316 -0.605 -0.7989999999999999
262.66591074925 -36.5098223787 0.051 0.0431 18.548 "" "" 5974665787882830336 1209.64893 0.8171 0.0682 -5.911 -6.429 0.076 0.057 0.865 5457.4 4.6354 16.187544 1.390417 16.811272 15.420855 "" "" 1134.69702 1293.22583 6308.54376 3.9645 2575.8 12.016 5380.4 15.85 "" "" 0.002838545459711476 0.005782595 0.0049511394 0.010733735 262.66591074925 -36.5098223787 1209.64893 -5.911 -6.429
262.7722945448 -37.07255175541 0.329 0.2502 16.0517 "" "" 5974217565069802624 1268.70117 1.0632 0.3566 1.03 -3.421 0.422 0.306 6.33 "" "" 16.188848 2.09372 17.020714 14.926993 "" "" 844.325012 2489.54028 6300.9638 13.287 2123.9 9.8943 8479.3 27.8 "" "" 0.0035824134967472046 0.005776504 0.0051918146 0.010968318 262.7722945448 -37.07255175541 1268.70117 1.03 -3.421
263.16596526482 -37.25661979409 0.0545 0.044 32.798 "" "" 5962573320306476928 1551.92603 0.6073 0.0574 1.04 -0.368 0.075 0.055 1.151 "" "" 16.189568 2.127397 17.244356 15.116959 "" "" 1403.84546 1716.48511 6296.79303 3.8742 1728.5 17.2 7118.3 28.307 "" "" 0.0028351428304824234 0.011158442 0.005738062 0.016896505 263.16596526482 -37.25661979409 1551.92603 1.0399999999999998 -0.368
262.70161816501 -36.70892740572 0.0465 0.0381 6.8916 "" "" 5974612014887908864 1096.81763 0.8771 0.0604 3.428 2.765 0.073 0.052 0.953 5201.3 4.5616 16.18969 1.360796 16.789429 15.428633 "" "" 1033.27905 1169.34363 6296.0845 3.6622 2628.1 13.291 5342.0 25.838 "" "" 0.002826768984952965 0.006159103 0.006470043 0.012629146 262.70161816501 -36.70892740572 1096.81763 3.428 2.7649999999999997
263.06434727793 -36.60140459082 0.0536 0.0423 18.3425 "" "" 5974617336330408832 1065.33398 0.91 0.0627 0.934 -1.44 0.072 0.053 1.297 5071.2 4.3672 16.189844 1.369277 16.78888 15.419602 "" "" 1002.08655 1125.82495 6295.19635 5.3579 2629.4 12.439 5386.6 15.611 "" "" 0.0029061509816516143 0.005845251 0.0049178004 0.010763051 263.06434727793 -36.60140459082 1065.33398 0.9339999999999999 -1.44
263.3022684084 -36.9122935476 0.0512 0.0401 25.884 "" "" 5962588271121764480 1413.30872 0.694 0.0657 0.842 -1.708 0.065 0.048 1.13 9425.7 4.2919 16.191269 1.989924 17.15038 15.160455 "" "" 1282.51685 1547.29968 6286.94045 4.5588 1884.8 17.384 6838.7 12.505 "" "" 0.002865591935613499 0.010395469 0.004269109 0.014664578 263.3022684084 -36.9122935476 1413.30872 0.8420000000000001 -1.7080000000000002
262.50700847066 -36.59194637381 0.0493 0.0386 18.3314 "" "" 5974663962482525312 1151.4856 0.8447 0.055 -7.59 -6.392 0.072 0.052 1.043 4840.1 4.328 16.192484 1.513159 16.889868 15.376709 "" "" 1084.31104 1239.8075 6279.90762 3.5255 2395.9 16.033 5603.7 15.231 "" "" 0.0028219338311746807 0.007782913 0.004795047 0.01257796 262.50700847066 -36.59194637381 1151.4856 -7.59 -6.392000000000003
262.8830259787 -37.07250205767 0.0508 0.0386 16.7878 "" "" 5974592258038478592 1454.56567 0.6562 0.0551 -0.197 0.77 0.07 0.048 1.046 8144.5 4.256 16.193235 1.964482 17.166225 15.201743 "" "" 1359.60388 1567.31616 6275.56661 3.6432 1857.5 8.7493 6583.6 13.364 "" "" 0.0028264961308769473 0.0058257203 0.0043750457 0.010200766 262.8830259787 -37.07250205767 1454.56567 -0.19699999999999998 0.7700000000000001
262.49498620543 -36.98870201191 0.0459 0.0343 17.5613 "" "" 5974232923873002624 1575.56128 0.5941 0.0501 -0.612 -0.597 0.061 0.041 0.937 9692.4 4.351 16.19355 1.799883 17.0629 15.263018 "" "" 1483.61633 1685.27161 6273.74474 3.3973 2042.9 9.0535 6222.3 9.8997 "" "" 0.002817349857336052 0.005562103 0.004155439 0.009717542 262.49498620543 -36.98870201191 1575.56128 -0.6120000000000001 -0.597
263.18274669688 -36.94929127746 0.1161 0.094 21.1775 "" "" 5962587201641027072 1102.32141 0.8973 0.1426 -5.528 -18.484 0.15 0.119 2.578 7452.1 3.902 16.194475 3.31963 18.095537 14.775908 "" "" 974.978027 1266.36572 6268.39664 12.409 789.23 13.599 9745.3 31.948 "" "" 0.003494487285215311 0.018914938 0.0051916107 0.02410655 263.18274669688 -36.94929127746 1102.32141 -5.527999999999999 -18.484
262.61529274135 -37.08078361792 0.0468 0.0368 18.3305 "" "" 5974227735552422528 1072.59937 0.9036 0.0503 -0.079 -5.928 0.064 0.048 1.083 4957.9 4.4764 16.196339 1.359454 16.809153 15.449698 "" "" 1017.67645 1135.41016 6257.65364 3.4504 2580.8 11.74 5239.4 11.001 "" "" 0.0028196075078242883 0.0056726234 0.0044136937 0.010086317 262.61529274135 -37.08078361792 1072.59937 -0.07900000000000001 -5.927999999999999
262.53409421286 -37.18483057269 0.0456 0.0341 25.6513 "" "" 5974221138482625408 1173.02869 0.8346 0.0496 -4.899 -10.778 0.06 0.042 1.019 4953.1 4.3297 16.196606 1.526344 16.897873 15.371529 "" "" 1115.21936 1235.13806 6256.10749 3.7638 2378.3 9.7578 5630.5 16.614 "" "" 0.0028316886298536616 0.0052562905 0.004954534 0.010210825 262.53409421286 -37.18483057269 1173.02869 -4.899000000000001 -10.778000000000002
262.89678895763 -36.82276598515 0.049 0.0422 5.7089 "" "" 5974608093547607040 1307.88562 0.7773 0.0638 1.109 2.87 0.07 0.054 1.07 5179.1 4.6634 16.197079 1.260418 16.743362 15.482945 "" "" 1183.58276 1425.16772 6253.3874 4.083 2742.0 10.262 5081.4 15.948 "" "" 0.0028450547452496017 0.0049291193 0.005088751 0.01001787 262.89678895763 -36.82276598515 1307.88562 1.109 2.87
263.18388666985 -36.45453192209 0.041 0.0325 28.6461 "" "" 5974643930756973824 1132.08264 0.8434 0.0462 -17.993 -9.946 0.056 0.045 1.015 5282.9 4.5776 16.199629 1.283405 16.746206 15.462801 "" "" 1068.68225 1185.71619 6238.71742 3.3387 2734.9 16.802 5176.5 37.524 "" "" 0.002815918577252863 0.007230328 0.008730809 0.015961137 263.18388666985 -36.45453192209 1132.08264 -17.993000000000002 -9.946000000000002
262.38832945391 -37.08906000921 0.0482 0.0366 25.3582 "" "" 5974226219416980352 1113.22681 0.8763 0.0535 -3.396 -10.25 0.064 0.047 1.17 4435.7 4.2473 16.19982 1.356162 16.80305 15.446887 "" "" 1051.51416 1222.93567 6237.62116 3.416 2595.4 11.829 5253.0 16.934 "" "" 0.0028187471925361445 0.005680852 0.005151136 0.0108319875 262.38832945391 -37.08906000921 1113.22681 -3.396 -10.249999999999998
262.1650388695 -36.96709637857 0.052 0.0408 31.0717 "" "" 5974277316657142656 1220.55042 0.7998 0.0552 -1.233 -4.412 0.071 0.048 1.166 "" "" 16.199835 1.768436 17.04761 15.279173 "" "" 1155.71655 1315.70996 6237.52719 3.5448 2071.9 12.813 6130.4 16.998 "" "" 0.0028235634814982023 0.007271041 0.0048318338 0.012102875 262.1650388695 -36.96709637857 1220.55042 -1.233 -4.412
262.56635376759 -36.74237250729 0.0506 0.0382 10.9362 "" "" 5974284016806470400 1227.12817 0.7799 0.0546 3.126 -10.959 0.072 0.049 1.024 5416.9 4.5128 16.201328 1.560435 16.923464 15.363029 "" "" 1146.61511 1325.82849 6228.95634 3.5638 2322.9 10.136 5674.8 12.495 "" "" 0.0028244756463595335 0.0054981913 0.004471999 0.00997019 262.56635376759 -36.74237250729 1227.12817 3.126000000000001 -10.959
263.34338147869 -36.72325180557 0.0441 0.0348 27.5209 "" "" 5974623868999017984 1304.21558 0.73 0.0513 0.103 -5.344 0.058 0.044 1.028 4907.0 4.2509 16.201393 1.708911 17.022453 15.313542 "" "" 1215.33948 1391.42468 6228.58401 3.3391 2120.5 11.208 5939.4 11.933 "" "" 0.0028161281911438124 0.0063810516 0.0043637305 0.010744782 263.34338147869 -36.72325180557 1304.21558 0.10299999999999998 -5.343999999999999
263.13826263411 -36.32705445251 0.0601 0.0483 33.4774 "" "" 5974648504909762816 1398.83228 0.7005 0.0715 0.617 -7.403 0.087 0.061 1.399 4980.6 4.4804 16.201803 1.439902 16.763386 15.323483 "" "" 1279.59082 1568.12634 6226.23895 6.9537 2691.9 34.161 5885.2 107.04 "" "" 0.0030103433586052253 0.014057983 0.020105774 0.03416376 263.13826263411 -36.32705445251 1398.83228 0.617 -7.4030000000000005
262.29277665765 -36.6758367369 0.0527 0.037 24.677 "" "" 5974298615384515072 1573.61401 0.5939 0.0519 -1.275 -7.743 0.065 0.045 1.023 "" "" 16.202404 1.915265 17.153614 15.238349 "" "" 1444.31433 1719.83069 6222.78761 4.0497 1879.2 12.476 6365.3 18.028 "" "" 0.002844476498825463 0.0077293697 0.0048723393 0.012601709 262.29277665765 -36.6758367369 1573.61401 -1.275 -7.743
263.22858665709 -36.80338454129 0.0565 0.0462 21.5505 "" "" 5974599370468631936 1459.0741 0.6626 0.0718 -0.694 -7.584 0.076 0.053 1.127 "" "" 16.202557 2.205384 16.76216 14.556775 "" "" 1315.38916 1624.22925 6221.91539 9.6471 2695.0 47.85 11925.0 35.241 "" "" 0.003228893211801018 0.01947823 0.0049576983 0.024435928 263.22858665709 -36.80338454129 1459.0741 -0.6940000000000002 -7.584
262.30442265531 -36.73098059993 0.0508 0.0373 23.287 "" "" 5974298203067635072 1196.79163 0.8073 0.0522 0.802 -8.089 0.065 0.047 1.043 7913.7 4.2075 16.202677 1.843918 17.099388 15.25547 "" "" 1123.06152 1261.06995 6221.22253 3.6848 1975.4 12.353 6265.7 13.1 "" "" 0.0028293703323070277 0.0073405164 0.0044086995 0.011749215 262.30442265531 -36.73098059993 1196.79163 0.8020000000000003 -8.089
262.98552302413 -36.39228808993 0.0469 0.0363 26.6735 "" "" 5974693546219266944 1147.53662 0.8478 0.0533 -4.455 -10.044 0.067 0.045 1.015 4718.8 4.314 16.204155 1.536789 16.897774 15.360985 "" "" 1072.12903 1222.54639 6212.76658 3.6031 2378.5 8.2016 5685.4 12.899 "" "" 0.0028263542616908336 0.0046692123 0.004511278 0.00918049 262.98552302413 -36.39228808993 1147.53662 -4.455 -10.044
262.91605087748 -36.4525097676 0.0562 0.0429 22.1461 "" "" 5974669842331846912 1104.07996 0.8984 0.0638 -3.049 -2.555 0.075 0.052 1.15 5164.7 4.6342 16.205465 1.339087 16.774517 15.435431 "" "" 1034.00671 1197.09961 6205.26439 4.6461 2664.5 9.2157 5308.7 19.382 "" "" 0.002872741342871174 0.004678336 0.0054769604 0.010155296 262.91605087748 -36.4525097676 1104.07996 -3.0490000000000004 -2.5549999999999997
263.09307449968 -36.40451916513 0.0436 0.0372 28.3732 "" "" 5974646065391668352 1191.0144 0.8022 0.0515 0.234 -5.832 0.058 0.043 0.969 6828.1 4.1644 16.20578 2.01429 17.221554 15.207264 "" "" 1132.99902 1271.95447 6203.47495 4.2468 1765.2 10.593 6550.2 14.614 "" "" 0.0028538134230753293 0.007087814 0.004489049 0.011576863 263.09307449968 -36.40451916513 1191.0144 0.23400000000000004 -5.832
262.60702288502 -36.29090481042 0.0519 0.0402 31.9583 "" "" 5974686571189699072 1290.00525 0.7606 0.0635 -3.943 -2.099 0.074 0.049 0.968 6446.4 3.9822 16.205973 2.353336 17.462927 15.109591 "" "" 1205.78613 1396.97046 6202.36746 5.0148 1413.3 10.491 7166.7 17.907 "" "" 0.002891783267791365 0.008528787 0.0046522417 0.013181029 262.60702288502 -36.29090481042 1290.00525 -3.943 -2.0990000000000006
262.59771283955 -36.51961250626 0.0498 0.0418 19.2453 "" "" 5974666058428061056 1401.66382 0.6877 0.0626 -1.494 -4.09 0.074 0.056 0.991 7854.5 4.242 16.206306 1.84429 17.093063 15.248774 "" "" 1297.82117 1541.17578 6200.4591 3.5494 1987.0 31.118 6304.5 10.398 "" "" 0.002824549001990843 0.017230896 0.004182146 0.021413043 262.59771283955 -36.51961250626 1401.66382 -1.4939999999999998 -4.09
262.77102376999 -37.31057837032 0.0472 0.0393 30.3321 "" "" 5974209902851917952 1482.38147 0.639 0.0562 -0.575 -2.34 0.064 0.05 0.997 "" "" 16.207241 2.102226 17.25922 15.156994 "" "" 1368.45752 1620.29187 6195.13144 4.2926 1705.0 14.142 6860.6 15.985 "" "" 0.002856178023669551 0.009427893 0.0045478875 0.01397578 262.77102376999 -37.31057837032 1482.38147 -0.5750000000000001 -2.34
262.62940183693 -36.65817657412 0.0558 0.0424 11.4086 "" "" 5974660084166163584 1491.6687 0.6493 0.0637 1.694 -1.923 0.082 0.055 1.086 6832.0 3.9628 16.208712 1.733804 17.038254 15.30445 "" "" 1350.45154 1653.25659 6186.74809 4.6487 2089.9 9.1889 5989.3 16.931 "" "" 0.002873560291065324 0.0055293776 0.0048686713 0.010398049 262.62940183693 -36.65817657412 1491.6687 1.694 -1.923
262.32932926623 -37.20510196596 0.0446 0.0349 32.2851 "" "" 5974223200066720896 1540.09595 0.6155 0.0489 -2.797 -1.925 0.062 0.046 1.017 8242.1 4.0454 16.209146 2.234163 17.374962 15.140799 "" "" 1418.74023 1638.56543 6184.26989 3.5679 1532.6 11.647 6963.7 14.078 "" "" 0.002825625689517957 0.008710051 0.0043705315 0.013080582 262.32932926623 -37.20510196596 1540.09595 -2.797 -1.925
263.37735875394 -36.81668905841 0.0435 0.0355 28.7033 "" "" 5962613113254442624 1197.34155 0.8219 0.0553 1.891 -3.826 0.058 0.044 0.976 5218.3 4.3115 16.210346 1.635918 16.970005 15.334087 "" "" 1131.82788 1282.00354 6177.43064 3.5935 2225.4 12.737 5828.0 12.972 "" "" 0.0028267814113288954 0.006811828 0.0044859634 0.011297791 263.37735875394 -36.81668905841 1197.34155 1.891 -3.826
262.87722811704 -37.15641943859 0.0504 0.0378 21.5884 "" "" 5974213476260852608 1304.67236 0.752 0.0569 -8.316 -4.073 0.069 0.047 0.963 4702.2 4.1839 16.21039 1.475711 16.883902 15.408191 "" "" 1220.99268 1395.328 6177.19114 4.1184 2409.1 13.861 5443.5 12.487 "" "" 0.00284882083865063 0.0068416893 0.004526237 0.011367926 262.87722811704 -37.15641943859 1304.67236 -8.316 -4.073
262.22169811935 -36.95789062577 0.0519 0.0391 28.3197 "" "" 5974276663822101120 1553.26758 0.6112 0.0506 -1.362 -4.692 0.071 0.048 0.972 "" "" 16.21051 2.080735 17.270218 15.189483 "" "" 1436.72083 1681.00317 6176.50719 3.5971 1687.8 10.906 6658.3 14.409 "" "" 0.002826943998778721 0.007550139 0.0044502104 0.012000349 262.22169811935 -36.95789062577 1553.26758 -1.3619999999999999 -4.692
262.81298012637 -37.02141848811 0.0519 0.0391 13.0754 "" "" 5974218114825873024 1371.48792 0.7104 0.0542 -1.302 -4.32 0.072 0.049 0.971 5405.6 3.8031 16.211264 2.039914 17.23089 15.190976 "" "" 1283.27454 1509.89954 6172.21347 3.6313 1750.1 29.052 6649.2 27.531 "" "" 0.0028283950122308336 0.018238122 0.0058730864 0.024111208 262.81298012637 -37.02141848811 1371.48792 -1.302 -4.319999999999999
262.43259445811 -36.37092070501 0.047 0.0386 30.9638 "" "" 5974682727234036096 1251.66235 0.7835 0.0626 -1.381 -7.387 0.068 0.05 0.981 4899.1 4.318 16.211756 1.835148 17.10293 15.267782 "" "" 1167.37268 1351.84314 6169.42085 28.465 1969.0 31.584 6195.1 78.563 "" "" 0.0057172107824169744 0.01763798 0.014278018 0.031915996 262.43259445811 -36.37092070501 1251.66235 -1.3809999999999998 -7.386999999999999
263.06655718873 -37.15903449402 0.0526 0.0421 25.2905 "" "" 5962577688360453632 1308.99365 0.7533 0.0589 0.311 1.604 0.074 0.057 1.048 "" "" 16.212132 1.861777 17.11773 15.255952 "" "" 1225.3269 1436.19043 6167.28497 3.8466 1942.3 9.8356 6262.9 20.271 "" "" 0.0028373171939527968 0.0061655184 0.0051607355 0.011326253 263.06655718873 -37.15903449402 1308.99365 0.311 1.604
