Clusters/Harvard_16/Harvard_16_members.tsv
# %ECSV 1.0
# ---
# datatype:
# - name: RA_ICRS_1
#   unit: deg
#   datatype: float64
#   format: '{:15.11f}'
#   description: Right ascension (ICRS) at Ep=2016.0 (ra)
#   meta: !!omap
#   - {ucd: POS_EQ_RA_MAIN}
#   - {width: 15}
#   - {precision: '11'}
# - name: DE_ICRS_1
#   unit: deg
#   datatype: float64
#   format: '{:15.11f}'
#   description: Declination (ICRS) at Ep=2016.0 (dec)
#   meta: !!omap
#   - {ucd: POS_EQ_DEC_MAIN}
#   - {width: 15}
#   - {precision: '11'}
# - name: e_RA_ICRS
#   unit: mas
#   datatype: float64
#   format: '{:7.4f}'
#   description: Standard error of right ascension (ra_error)
#   meta: !!omap
#   - {ucd: ERROR}
#   - {width: 7}
#   - {precision: '4'}
# - name: e_DE_ICRS
#   unit: mas
#   datatype: float64
#   format: '{:7.4f}'
#   description: Standard error of declination (dec_error)
#   meta: !!omap
#   - {ucd: ERROR}
#   - {width: 7}
#   - {precision: '4'}
# - name: _r_1
#   unit: ''
#   datatype: float64
#   format: '{:7.4f}'
#   description: Distance from center (262.78000876000-36.80509483000)[ICRS], at Epoch=J2016.0
#   meta: !!omap
#   - {ucd: POS_ANG_DIST_GENERAL}
#   - {width: 7}
#   - {precision: '4'}
# - name: HIP
#   datatype: int32
#   description: '? HIP cross-id number, van Leeuwen, Cat. I/311 (hip_original_ext_source_id)'
#   meta: !!omap
#   - {ucd: ID_NUMBER}
#   - {width: 6}
#   - values: {'null': -2147483648}
# - name: TYC2
#   datatype: string
#   description: Tycho-2 cross-id name, Hog et al., Cat. I/259 (tyc2_original_ext_source_id)
#   meta: !!omap
#   - {ucd: ID_CROSSID}
#   - {_votable_string_dtype: char}
# - name: Source
#   datatype: int64
#   description: Source identifier, identical to the Gaia-EDR3 source_id (id)
#   meta: !!omap
#   - {ucd: ID_MAIN}
#   - {width: 19}
# - name: rgeo
#   unit: pc
#   datatype: float64
#   format: '{:15.8f}'
#   description: '? Median of the geometric distance posterior (r_med_geo)'
#   meta: !!omap
#   - {ucd: PHYS_DISTANCE_TRUE}
#   - {width: 15}
#   - {precision: '8'}
#   - values: {'null': .nan}
# - name: Plx
#   unit: mas
#   datatype: float64
#   format: '{:9.4f}'
#   description: '? Parallax (parallax)'
#   meta: !!omap
#   - {ucd: POS_PARLX_TRIG}
#   - {width: 9}
#   - {precision: '4'}
#   - values: {'null': .nan}
# - name: e_Plx
#   unit: mas
#   datatype: float32
#   format: '{:7.4f}'
#   description: '? Standard error of parallax (parallax_error)'
#   meta: !!omap
#   - {ucd: ERROR}
#   - {width: 7}
#   - {precision: '4'}
#   - values: {'null': .nan}
# - name: pmRA
#   unit: mas / yr
#   datatype: float64
#   format: '{:9.3f}'
#   description: '? Proper motion in right ascension direction, pmRA*cosDE (pmra)'
#   meta: !!omap
#   - {ucd: POS_EQ_PMRA}
#   - {width: 9}
#   - {precision: '3'}
#   - values: {'null': .nan}
# - name: pmDE
#   unit: mas / yr
#   datatype: float64
#   format: '{:9.3f}'
#   description: '? Proper motion in declination direction (pmdec)'
#   meta: !!omap
#   - {ucd: POS_EQ_PMDEC}
#   - {width: 9}
#   - {precision: '3'}
#   - values: {'null': .nan}
# - name: e_pmRA
#   unit: mas / yr
#   datatype: float32
#   format: '{:6.3f}'
#   description: '? Standard error of proper motion in right ascension direction (pmra_error)'
#   meta: !!omap
#   - {ucd: ERROR}
#   - {width: 6}
#   - {precision: '3'}
#   - values: {'null': .nan}
# - name: e_pmDE
[...]
#       distance: !astropy.table.SerializedColumn
#         __class__: astropy.coordinates.distances.Distance
#         unit: !astropy.units.Unit {unit: pc}
#         value: !astropy.table.SerializedColumn {name: SkyCoord.distance}
#       frame: icrs
#       obstime: !astropy.time.Time {format: jyear_str, in_subfmt: '*', jd1: 367701545.0, jd2: 0.0, out_subfmt: '*', precision: 3, scale: tt}
#       pm_dec: !astropy.table.SerializedColumn
#         __class__: astropy.units.quantity.Quantity
#         unit: !astropy.units.Unit {unit: mas / yr}
#         value: !astropy.table.SerializedColumn {name: SkyCoord.pm_dec}
#       pm_ra_cosdec: !astropy.table.SerializedColumn
#         __class__: astropy.units.quantity.Quantity
#         unit: !astropy.units.Unit {unit: mas / yr}
#         value: !astropy.table.SerializedColumn {name: SkyCoord.pm_ra_cosdec}
#       ra: !astropy.table.SerializedColumn
#         __class__: astropy.coordinates.angles.Longitude
#         unit: *id001
#         value: !astropy.table.SerializedColumn {name: SkyCoord.ra}
#         wrap_angle: !astropy.coordinates.Angle
#           unit: *id001
#           value: 360.0
#       representation_type: spherical
# schema: astropy-2.0
RA_ICRS_1 DE_ICRS_1 e_RA_ICRS e_DE_ICRS _r_1 HIP TYC2 Source rgeo Plx e_Plx pmRA pmDE e_pmRA e_pmDE RUWE Teff logg Gmag BP-RP BPmag RPmag RV e_RV b_rgeo B_rgeo FG e_FG FBP e_FBP FRP e_FRP RAVE5 RAVE6 e_Gmag e_BPmag e_RPmag e_BP-RP SkyCoord.ra SkyCoord.dec SkyCoord.distance SkyCoord.pm_ra_cosdec SkyCoord.pm_dec rmRA rmDE e_rmRA e_rmDE rRV e_rRV v_pec v_pec3d e_vpec e_vpec3d Pmemb
[from data line 62]
262.69782954388 -36.81280757868 0.0192 0.015 3.9748 "" "" 5974610326929859200 1530.87451 0.6139 0.0216 -0.605 -0.805 0.026 0.02 1.05 "" "" 14.100576 0.996042 14.50508 13.509038 "" "" 1481.27759 1581.34277 43123.70972 10.552 21547.0 25.209 31300.0 40.712 "" "" 0.002768098643629582 0.0030657158 0.004034612 0.007100328 262.69782954388 -36.81280757868 1530.87451 -0.6049999999999998 -0.8049999999999999 0.047653634548187274 -0.02643900394439702 0.14967164 0.14367165 "" "" 0.3954468332297529 "" 0.05863736146321933 "" 1.0
262.81866818949 -36.81004527386 0.0208 0.0174 1.8808 "" "" 5974609025590460672 1498.69128 0.6289 0.0259 -0.472 -0.766 0.031 0.023 0.936 7028.3 3.521 14.154093 0.977881 14.550199 13.572319 "" "" 1443.81348 1556.91028 41049.67496 10.279 20670.0 18.828 29528.0 31.297 "" "" 0.0027687007997966423 0.0029602586 0.003950699 0.006910958 262.81866818949 -36.81004527386 1498.69128 -0.472 -0.766 0.18065363454818728 0.012560996055603013 0.15467164 0.14667164 "" "" 1.2864250908982005 "" 0.198925237418884 "" 0.9
262.55297091149 -36.90014167478 0.0203 0.0152 12.302 "" "" 5974235191615752320 1545.3833 0.6049 0.0223 -0.282 -0.741 0.026 0.018 1.13 "" "" 14.157153 1.352354 14.752943 13.400589 "" "" 1494.32825 1603.14429 40934.11839 9.4995 17149.0 16.689 34588.0 24.452 "" "" 0.0027668168688942227 0.0029835345 0.003856537 0.0068400716 262.55297091149 -36.90014167478 1545.3833 -0.282 -0.7409999999999999 0.3706536345481873 0.037560996055603035 0.14967164 0.14167164 "" "" 2.728986462988848 "" 0.4082358462225443 "" 1.0
262.83101240171 -36.82837136633 0.0205 0.0174 2.82 "" "" 5974608746382627584 1482.94067 0.6329 0.0262 -0.641 -0.656 0.03 0.022 0.968 "" "" 14.204488 1.07033 14.646117 13.575788 "" "" 1425.30493 1549.76843 39187.85845 9.9427 18922.0 19.363 29434.0 21.136 "" "" 0.002769056536490115 0.0030032415 0.0038589605 0.0068622017 262.83101240171 -36.82837136633 1482.94067 -0.641 -0.6559999999999999 0.011653634548187242 0.122560996055603 0.15367164 0.14567164 "" "" 0.8653839055373684 "" 0.1261256073039195 "" 0.8
262.75332257367 -36.82275793284 0.0205 0.0156 1.6632 "" "" 5974610430009814272 1489.6615 0.6287 0.0237 -0.571 -0.8 0.029 0.022 1.002 9542.6 3.8259 14.240398 1.13445 14.706852 13.572402 "" "" 1440.23621 1541.77661 37912.92754 11.57 17893.0 15.752 29526.0 87.711 "" "" 0.002775170951180308 0.002949346 0.0049685473 0.007917893 262.75332257367 -36.82275793284 1489.6615 -0.5709999999999994 -0.8 0.0816536345481873 -0.021439003944397017 0.15267164 0.14567164 "" "" 0.5960980451801119 "" 0.09074394680621348 "" 1.0
262.8421487488 -36.57660449507 0.0295 0.0231 14.0316 "" "" 5974620261225141120 1292.58154 0.7292 0.0373 -0.546 -0.453 0.037 0.029 1.414 7178.8 3.569 14.253992 1.042434 14.66673 13.624296 "" "" 1232.66357 1356.94238 37441.21138 18.062 18566.0 32.588 28148.0 21.422 "" "" 0.002804661114005614 0.0033788893 0.0038686555 0.007247545 262.8421487488 -36.57660449507 1292.58154 -0.546 -0.4530000000000003 0.10665363454818722 0.325560996055603 0.16067165 0.15267164 "" "" 2.0989665537479096 "" 0.32211842187117445 "" 1.0
262.73805047066 -36.86449516546 0.0213 0.0164 4.0942 "" "" 5974607032726081536 1484.15869 0.6388 0.0236 -0.566 -0.841 0.029 0.021 1.12 "" "" 14.261376 1.10281 14.722563 13.619753 "" "" 1439.81934 1525.11792 37187.43891 8.4129 17636.0 20.393 28266.0 19.253 "" "" 0.0027662468028711432 0.0030596151 0.0038510568 0.006910672 262.73805047066 -36.86449516546 1484.15869 -0.566 -0.841 0.08665363454818731 -0.06243900394439694 0.15267164 0.14467165 "" "" 0.7513695127189108 "" 0.11269457536600087 "" 1.0
262.71923796228 -36.89580427757 0.0201 0.0155 6.1753 "" "" 5974606895287118080 1445.23022 0.6476 0.023 -0.619 -0.742 0.03 0.022 0.97 "" "" 14.262725 1.124105 14.733368 13.609263 "" "" 1404.99915 1495.50354 37141.28122 10.077 17461.0 20.074 28540.0 24.429 "" "" 0.0027710223643195087 0.0030566463 0.0038919668 0.006948613 262.71923796228 -36.89580427757 1445.23022 -0.619 -0.742 0.03365363454818726 0.036560996055603034 0.15367164 0.14567164 "" "" 0.34040817255245126 "" 0.05085498698587568 "" 1.0
262.76490744762 -36.84104671546 0.0209 0.0161 2.2758 "" "" 5974607445042946304 1516.50549 0.6273 0.0237 -0.599 -0.707 0.029 0.02 0.925 "" "" 14.31713 1.091206 14.772649 13.681443 "" "" 1465.92615 1565.1698 35326.03555 7.7381 16841.0 13.223 26704.0 20.144 "" "" 0.0027655653598115293 0.002917495 0.0038671072 0.006784602 262.76490744762 -36.84104671546 1516.50549 -0.5989999999999993 -0.7070000000000001 0.05365363454818728 0.07156099605560307 0.15267164 0.14367165 "" "" 0.6429228644208038 "" 0.09449282370964673 "" 1.0
262.834392731 -36.71985386861 0.0227 0.0186 5.7438 "" "" 5974612702082557184 1462.54639 0.6424 0.0281 -0.726 -0.847 0.033 0.025 0.982 "" "" 14.319366 1.039666 14.744731 13.705065 "" "" 1415.72534 1548.91272 35253.3386 7.9122 17279.0 33.254 26130.0 30.983 "" "" 0.0027660747890093738 0.0034858577 0.0039926292 0.0074784867 262.834392731 -36.71985386861 1462.54639 -0.7260000000000006 -0.8469999999999998 -0.07334636545181272 -0.06843900394439695 0.15667164 0.14867164 "" "" 0.6954475566984799 "" 0.10640364819412598 "" 1.0
262.80421679565 -36.81531984342 0.0213 0.0183 1.3148 "" "" 5974607548121718912 1479.28479 0.6411 0.0272 -0.691 -0.654 0.031 0.024 0.97 "" "" 14.325478 1.064979 14.762966 13.697988 "" "" 1412.92822 1545.29565 35055.47412 7.4045 16991.0 14.199 26300.0 19.405 "" "" 0.0027648476373229327 0.0029339883 0.0038633503 0.006797339 262.80421679565 -36.81531984342 1479.28479 -0.6910000000000006 -0.6540000000000004 -0.03834636545181269 0.124560996055603 0.15467164 0.14767164 "" "" 0.9138485549097592 "" 0.13551522797236887 "" 1.0
262.74473154336 -36.94790274001 0.0214 0.0162 8.7342 "" "" 5974230484331706112 1381.91699 0.6835 0.0228 -0.633 -0.769 0.03 0.021 0.911 "" "" 14.33176 1.196838 14.838219 13.64138 "" "" 1330.95129 1422.49866 34853.20648 9.461 15854.0 21.331 27708.0 24.887 "" "" 0.0027710382324455437 0.0031494512 0.0039031697 0.007052621 262.74473154336 -36.94790274001 1381.91699 -0.633 -0.7689999999999999 0.01965363454818725 0.00956099605560301 0.15367164 0.14467165 "" "" 0.1431620525365265 "" 0.021759280603330378 "" 1.0
262.72949257457 -36.78265370436 0.0213 0.0164 2.7756 "" "" 5974610777937601536 1374.78613 0.69 0.024 -0.64 -0.749 0.029 0.021 0.896 "" "" 14.340325 1.034751 14.767261 13.73251 "" "" 1338.62524 1416.245 34579.32878 8.7768 16924.0 18.08 25477.0 25.657 "" "" 0.0027690670687206304 0.003021657 0.00393437 0.006956027 262.72949257457 -36.78265370436 1374.78613 -0.6399999999999993 -0.7490000000000001 0.012653634548187243 0.029560996055603028 0.15267164 0.14467165 "" "" 0.2095399390436617 "" 0.030580087384757492 "" 1.0
262.69692732014 -36.65369787171 0.023 0.0196 9.9236 "" "" 5974660737001149952 1572.71423 0.5975 0.0322 -0.637 -0.836 0.037 0.028 1.032 "" "" 14.350613 1.279685 14.904129 13.624444 "" "" 1495.99829 1664.99658 34253.24704 8.8299 14920.0 21.734 28144.0 19.941 "" "" 0.0027694989718002588 0.0032072556 0.00385688 0.0070641357 262.69692732014 -36.65369787171 1572.71423 -0.6370000000000007 -0.8359999999999995 0.015653634548187245 -0.05743900394439694 0.16067165 0.15167165 "" "" 0.44380469384879845 "" 0.06759632953623805 "" 1.0
262.85230112197 -36.7820917563 0.0217 0.0185 3.7377 "" "" 5974608986900868352 1545.40088 0.606 0.0274 -0.577 -0.78 0.032 0.024 1.025 "" "" 14.355684 1.033509 14.781679 13.74817 "" "" 1477.81262 1624.93994 34093.60906 8.8336 16701.0 20.645 25113.0 13.118 "" "" 0.0027696436829362002 0.0030961877 0.0038216985 0.0069178864 262.85230112197 -36.7820917563 1545.40088 -0.577 -0.7800000000000002 0.0756536345481873 -0.0014390039443969993 0.15567164 0.14767164 "" "" 0.5542782575148549 "" 0.08628384353150305 "" 1.0
262.69584857456 -36.80128792291 0.026 0.0208 4.0497 "" "" 5974611121534983296 1462.87305 0.645 0.029 -0.722 -0.709 0.036 0.027 1.315 "" "" 14.389448 1.197169 14.898098 13.700929 "" "" 1412.41687 1529.28992 33049.70749 9.908 15003.0 17.733 26229.0 22.02 "" "" 0.0027744793385364236 0.0030711412 0.0038877463 0.0069588874 262.69584857456 -36.80128792291 1462.87305 -0.722 -0.709 -0.06934636545181272 0.06956099605560306 0.15967163 0.15067165 "" "" 0.6810762929487034 "" 0.10571868888436149 "" 0.9
262.70090385578 -36.89912375353 0.0231 0.0178 6.801 "" "" 5974231579537073152 1528.55017 0.6146 0.0249 -0.908 -0.793 0.032 0.024 1.196 "" "" 14.400569 1.508031 15.083709 13.575678 -18.4 4.36 1464.69592 1587.43408 32712.8974 9.6785 12645.0 18.374 29437.0 38.82 "" "" 0.002773982123057726 0.0032053096 0.0040415116 0.007246821 262.70090385578 -36.89912375353 1528.55017 -0.9079999999999993 -0.7930000000000007 -0.2553463654518128 -0.01443900394439701 0.15567164 0.14767164 -9.908999999999995 5.1083903 1.853023588489703 10.080772659846028 0.28841718390764254 5.021625106869497 1.0
262.76223166773 -36.76905012706 0.0215 0.018 2.3253 "" "" 5974610842326763264 1308.91125 0.7226 0.0277 -0.575 -0.783 0.032 0.028 1.026 "" "" 14.405891 1.071703 14.85164 13.779937 "" "" 1260.30249 1352.07043 32552.94501 7.8791 15659.0 24.743 24388.0 13.868 "" "" 0.002767823794373297 0.0032754063 0.003829478 0.0071048844 262.76223166773 -36.76905012706 1308.91125 -0.5749999999999993 -0.783000000000001 0.0776536345481873 -0.004439003944397002 0.15567164 0.15167165 "" "" 0.48256825988277874 "" 0.07511598646368188 "" 0.9
262.90471837881 -36.73333772711 0.0226 0.0168 7.38 "" "" 5974609540986551552 1505.77197 0.6223 0.0274 -0.566 -0.823 0.031 0.021 0.925 "" "" 14.416447 1.08557 14.870501 13.78493 "" "" 1438.10901 1563.35071 32237.99166 10.006 15389.0 27.12 24277.0 26.145 "" "" 0.0027758515002260092 0.0033832102 0.003956127 0.007339337 262.90471837881 -36.73333772711 1505.77197 -0.5660000000000001 -0.8230000000000002 0.08665363454818731 -0.044439003944396926 0.15467164 0.14467165 "" "" 0.6950658280720919 "" 0.10609715246448341 "" 1.0
262.76605776817 -36.80368831544 0.0206 0.016 0.6755 "" "" 5974610537419413888 1409.17554 0.6599 0.0235 -0.841 -0.876 0.029 0.021 0.95 "" "" 14.416651 1.214939 14.933379 13.71844 "" "" 1360.06152 1462.53528 32231.94068 7.2134 14523.0 27.961 25810.0 26.473 "" "" 0.0027660134991343136 0.003486351 0.003940037 0.007426388 262.76605776817 -36.80368831544 1409.17554 -0.8409999999999999 -0.8759999999999998 -0.18834636545181271 -0.09743900394439697 0.15267164 0.14467165 "" "" 1.416441577777848 "" 0.2139079956009679 "" 1.0
262.82766267416 -36.61540370081 0.0222 0.0175 11.61 "" "" 5974620055066684928 1520.13855 0.6243 0.0259 -0.527 -0.913 0.032 0.022 0.924 "" "" 14.43638 1.242948 14.956348 13.713401 "" "" 1464.78247 1584.2384 31651.5249 10.706 14219.0 33.078 25930.0 85.577 "" "" 0.002779686841048126 0.0037635863 0.005208024 0.00897161 262.82766267416 -36.61540370081 1520.13855 -0.5270000000000009 -0.913 0.12565363454818723 -0.134439003944397 0.15567164 0.14567164 "" "" 1.325934858456283 "" 0.19944313247814752 "" 1.0
262.80842667051 -36.72084728077 0.0255 0.0214 5.2362 "" "" 5974612495924148096 1436.78699 0.6596 0.0307 -0.618 -0.641 0.035 0.027 1.061 9518.1 4.1806 14.46203 1.162055 14.953017 13.790962 "" "" 1375.12964 1497.89685 30912.53255 10.855 14263.0 31.211 24142.0 49.206 "" "" 0.0027815728359086756 0.0036646645 0.0043795914 0.008044256 262.80842667051 -36.72084728077 1436.78699 -0.6180000000000001 -0.641 0.03465363454818726 0.137560996055603 0.15867165 0.15067165 "" "" 0.9661105521273596 "" 0.14603815761685118 "" 1.0
262.80700398228 -36.74775314571 0.0231 0.0199 3.677 "" "" 5974612255405950592 1429.75513 0.6622 0.0292 -0.64 -0.909 0.034 0.026 0.908 7439.5 3.7692 14.534034 1.132695 15.012231 13.879536 "" "" 1375.29553 1491.60864 28928.98599 7.4906 13506.0 29.046 22251.0 22.334 "" "" 0.0027696251852272835 0.003638296 0.003933365 0.007571661 262.80700398228 -36.74775314571 1429.75513 -0.64 -0.908999999999999 0.012653634548187243 -0.130439003944397 0.15767165 0.14967164 "" "" 0.8881399414488467 "" 0.132997357831257 "" 1.0
262.85080397281 -36.47784766777 0.0226 0.0184 19.9284 "" "" 5974669567453965952 1514.66284 0.6252 0.0263 -0.636 -0.833 0.033 0.023 1.047 "" "" 14.535859 1.218334 15.05619 13.837855 "" "" 1455.45178 1578.05725 28880.40321 7.3767 12970.0 15.469 23122.0 18.358 "" "" 0.002769241138084117 0.003076019 0.0038764456 0.0069524646 262.85080397281 -36.47784766777 1514.66284 -0.636 -0.8329999999999999 0.016653634548187246 -0.054439003944396935 0.15667164 0.14667164 "" "" 0.40872423575118044 "" 0.06030885709987242 "" 1.0
262.61561138809 -36.82685121481 0.0241 0.0181 8.0038 "" "" 5974235874503617280 1403.9646 0.6723 0.0274 -0.626 -0.761 0.034 0.024 1.084 "" "" 14.546803 1.079352 14.996724 13.917372 "" "" 1346.56335 1452.92017 28590.73161 7.0204 13700.0 17.052 21489.0 21.435 "" "" 0.0027681880729318454 0.003100208 0.0039314926 0.0070317006 262.61561138809 -36.82685121481 1403.9646 -0.6260000000000006 -0.761 0.026653634548187255 0.017560996055603018 0.15767165 0.14767164 "" "" 0.21241246263789004 "" 0.03286294985941232 "" 1.0
262.63933464899 -36.77200297826 0.0233 0.0178 7.0451 "" "" 5974611430772648064 1453.28894 0.6491 0.0263 -0.524 -0.716 0.034 0.023 1.042 "" "" 14.563407 1.180363 15.063006 13.882644 "" "" 1394.922 1520.0144 28156.8484 7.5594 12889.0 22.469 22187.0 19.241 "" "" 0.00277069618655954 0.003371569 0.0038949049 0.007266474 262.63933464899 -36.77200297826 1453.28894 -0.524 -0.716 0.12865363454818723 0.06256099605560306 0.15767165 0.14667164 "" "" 0.9854689200028164 "" 0.15336668150381377 "" 1.0
262.78125320435 -36.85972737862 0.0244 0.0181 3.2785 "" "" 5974607170165028736 1553.10864 0.5971 0.027 -0.567 -0.935 0.035 0.024 0.966 "" "" 14.577174 1.238108 15.11009 13.871983 "" "" 1475.26477 1620.65344 27802.05725 10.227 12342.0 19.924 22406.0 26.466 "" "" 0.0027841157712767597 0.0032950137 0.003991048 0.0072860615 262.78125320435 -36.85972737862 1553.10864 -0.5670000000000006 -0.9349999999999998 0.08565363454818731 -0.15643900394439703 0.15867165 0.14767164 "" "" 1.3129857487419045 "" 0.19731565422278036 "" 1.0
262.83643519801 -36.56373217066 0.0236 0.0183 14.7341 "" "" 5974620261225216384 1379.30359 0.6778 0.0283 -0.6 -0.94 0.033 0.024 0.948 9263.6 3.9128 14.578081 1.073536 15.012156 13.938621 "" "" 1326.73706 1419.53442 27778.8473 7.0245 13507.0 28.707 21072.0 61.591 "" "" 0.00276896524113361 0.0036207577 0.0049350485 0.008555806 262.83643519801 -36.56373217066 1379.30359 -0.5999999999999999 -0.9400000000000002 0.05265363454818728 -0.16143900394439692 0.15667164 0.14767164 "" "" 1.1101914133383937 "" 0.16493076865886544 "" 0.9
262.86500834366 -36.81463768113 0.0233 0.02 4.1231 "" "" 5974608127907356672 1500.91992 0.6273 0.0294 -0.48 -0.748 0.034 0.025 0.988 6987.3 3.6596 14.590347 1.092662 15.047003 13.954341 "" "" 1452.62793 1562.12952 27466.7795 7.1928 13080.0 13.712 20769.0 17.665 "" "" 0.0027699512492465553 0.0030133936 0.0038905684 0.006903962 262.86500834366 -36.81463768113 1500.91992 -0.48000000000000004 -0.7479999999999998 0.17265363454818727 0.03056099605560303 0.15767165 0.14867164 "" "" 1.2474144359759316 "" 0.1963502748929993 "" 1.0
262.78321585432 -36.92439715832 0.0248 0.0196 7.1598 "" "" 5974605860164477568 1437.84595 0.6521 0.0255 -0.511 -0.828 0.036 0.027 0.974 "" "" 14.628646 1.2034 15.142953 13.939553 "" "" 1387.35291 1499.96948 26514.80759 6.8498 11974.0 17.095 21054.0 19.948 "" "" 0.002769560022219934 0.003191833 0.00391688 0.007108713 262.78321585432 -36.92439715832 1437.84595 -0.5109999999999999 -0.828000000000001 0.14165363454818725 -0.04943900394439693 0.15967163 0.15067165 "" "" 1.0225348819728555 "" 0.16229579874548006 "" 0.8
