Clusters/Harvard_16/Harvard_16_members.tsv
# %ECSV 1.0
# ---
# datatype:
# - name: RA_ICRS_1
#   unit: deg
#   datatype: float64
#   format: '{:15.11f}'
#   description: Right ascension (ICRS) at Ep=2016.0 (ra)
#   meta: !!omap
#   - {ucd: POS_EQ_RA_MAIN}
#   - {width: 15}
#   - {precision: '11'}
# - name: DE_ICRS_1
#   unit: deg
#   datatype: float64
#   format: '{:15.11f}'
#   description: Declination (ICRS) at Ep=2016.0 (dec)
#   meta: !!omap
#   - {ucd: POS_EQ_DEC_MAIN}
#   - {width: 15}
#   - {precision: '11'}
# - name: e_RA_ICRS
#   unit: mas
#   datatype: float64
#   format: '{:7.4f}'
#   description: Standard error of right ascension (ra_error)
#   meta: !!omap
#   - {ucd: ERROR}
#   - {width: 7}
#   - {precision: '4'}
# - name: e_DE_ICRS
#   unit: mas
#   datatype: float64
#   format: '{:7.4f}'
#   description: Standard error of declination (dec_error)
#   meta: !!omap
#   - {ucd: ERROR}
#   - {width: 7}
#   - {precision: '4'}
# - name: _r_1
#   unit: ''
#   datatype: float64
#   format: '{:7.4f}'
#   description: Distance from center (262.78000876000-36.80509483000)[ICRS], at Epoch=J2016.0
#   meta: !!omap
#   - {ucd: POS_ANG_DIST_GENERAL}
#   - {width: 7}
#   - {precision: '4'}
# - name: HIP
#   datatype: int32
#   description: '? HIP cross-id number, van Leeuwen, Cat. I/311 (hip_original_ext_source_id)'
#   meta: !!omap
#   - {ucd: ID_NUMBER}
#   - {width: 6}
#   - values: {'null': -2147483648}
# - name: TYC2
#   datatype: string
#   description: Tycho-2 cross-id name, Hog et al., Cat. I/259 (tyc2_original_ext_source_id)
#   meta: !!omap
#   - {ucd: ID_CROSSID}
#   - {_votable_string_dtype: char}
# - name: Source
#   datatype: int64
#   description: Source identifier, identical to the Gaia-EDR3 source_id (id)
#   meta: !!omap
#   - {ucd: ID_MAIN}
#   - {width: 19}
# - name: rgeo
#   unit: pc
#   datatype: float64
#   format: '{:15.8f}'
#   description: '? Median of the geometric distance posterior (r_med_geo)'
#   meta: !!omap
#   - {ucd: PHYS_DISTANCE_TRUE}
#   - {width: 15}
#   - {precision: '8'}
#   - values: {'null': .nan}
# - name: Plx
#   unit: mas
#   datatype: float64
#   format: '{:9.4f}'
#   description: '? Parallax (parallax)'
#   meta: !!omap
#   - {ucd: POS_PARLX_TRIG}
#   - {width: 9}
#   - {precision: '4'}
#   - values: {'null': .nan}
# - name: e_Plx
#   unit: mas
#   datatype: float32
#   format: '{:7.4f}'
#   description: '? Standard error of parallax (parallax_error)'
#   meta: !!omap
#   - {ucd: ERROR}
#   - {width: 7}
#   - {precision: '4'}
#   - values: {'null': .nan}
# - name: pmRA
#   unit: mas / yr
#   datatype: float64
#   format: '{:9.3f}'
#   description: '? Proper motion in right ascension direction, pmRA*cosDE (pmra)'
#   meta: !!omap
#   - {ucd: POS_EQ_PMRA}
#   - {width: 9}
#   - {precision: '3'}
#   - values: {'null': .nan}
# - name: pmDE
#   unit: mas / yr
#   datatype: float64
#   format: '{:9.3f}'
#   description: '? Proper motion in declination direction (pmdec)'
#   meta: !!omap
#   - {ucd: POS_EQ_PMDEC}
#   - {width: 9}
#   - {precision: '3'}
#   - values: {'null': .nan}
# - name: e_pmRA
#   unit: mas / yr
#   datatype: float32
#   format: '{:6.3f}'
#   description: '? Standard error of proper motion in right ascension direction (pmra_error)'
#   meta: !!omap
#   - {ucd: ERROR}
#   - {width: 6}
#   - {precision: '3'}
#   - values: {'null': .nan}
# - name: e_pmDE
[...]
#       distance: !astropy.table.SerializedColumn
#         __class__: astropy.coordinates.distances.Distance
#         unit: !astropy.units.Unit {unit: pc}
#         value: !astropy.table.SerializedColumn {name: SkyCoord.distance}
#       frame: icrs
#       obstime: !astropy.time.Time {format: jyear_str, in_subfmt: '*', jd1: 367701545.0, jd2: 0.0, out_subfmt: '*', precision: 3, scale: tt}
#       pm_dec: !astropy.table.SerializedColumn
#         __class__: astropy.units.quantity.Quantity
#         unit: !astropy.units.Unit {unit: mas / yr}
#         value: !astropy.table.SerializedColumn {name: SkyCoord.pm_dec}
#       pm_ra_cosdec: !astropy.table.SerializedColumn
#         __class__: astropy.units.quantity.Quantity
#         unit: !astropy.units.Unit {unit: mas / yr}
#         value: !astropy.table.SerializedColumn {name: SkyCoord.pm_ra_cosdec}
#       ra: !astropy.table.SerializedColumn
#         __class__: astropy.coordinates.angles.Longitude
#         unit: *id001
#         value: !astropy.table.SerializedColumn {name: SkyCoord.ra}
#         wrap_angle: !astropy.coordinates.Angle
#           unit: *id001
#           value: 360.0
#       representation_type: spherical
# schema: astropy-2.0
RA_ICRS_1 DE_ICRS_1 e_RA_ICRS e_DE_ICRS _r_1 HIP TYC2 Source rgeo Plx e_Plx pmRA pmDE e_pmRA e_pmDE RUWE Teff logg Gmag BP-RP BPmag RPmag RV e_RV b_rgeo B_rgeo FG e_FG FBP e_FBP FRP e_FRP RAVE5 RAVE6 e_Gmag e_BPmag e_RPmag e_BP-RP SkyCoord.ra SkyCoord.dec SkyCoord.distance SkyCoord.pm_ra_cosdec SkyCoord.pm_dec rmRA rmDE e_rmRA e_rmDE rRV e_rRV v_pec v_pec3d e_vpec e_vpec3d Pmemb
[from data line 31]
262.79957331208 -36.80632327891 0.0153 0.013 0.9428 "" "" 5974607612511294336 1373.52209 0.6867 0.0193 -0.694 -0.628 0.022 0.017 0.977 "" "" 13.219186 0.921649 13.587661 12.666012 "" "" 1342.03113 1406.04895 97111.92229 20.212 50159.0 39.173 68038.0 28.607 "" "" 0.0027645712604162246 0.002916169 0.003806852 0.006723021 262.79957331208 -36.80632327891 1373.52209 -0.6939999999999994 -0.6279999999999992 -0.041346365451812694 0.15056099605560302 0.14567164 0.14067164 "" "" 1.0165160335622276 "" 0.1433572700865405 "" 1.0
262.82291892815 -36.79421177428 0.0159 0.0137 2.1625 "" "" 5974609059950216192 1522.71692 0.6197 0.0198 -0.769 -0.801 0.023 0.018 0.971 7199.1 3.5754 13.258585 0.895699 13.609699 12.714001 "" "" 1479.15674 1563.6969 93651.10879 18.823 49152.0 100.37 65097.0 57.374 "" "" 0.0027639483741269512 0.003563793 0.0038986453 0.007462438 262.82291892815 -36.79421177428 1522.71692 -0.7690000000000001 -0.8010000000000002 -0.11634636545181276 -0.022439003944397018 0.14667164 0.14167164 "" "" 0.8552259047902074 "" 0.12528655489339532 "" 1.0
262.73821814414 -36.7759607457 0.0157 0.0119 2.6623 "" "" 5974610876686488960 1483.07056 0.6313 0.0175 -0.643 -0.861 0.021 0.015 0.951 9836.0 3.9445 13.320637 0.868934 13.66197 12.793036 "" "" 1447.4165 1515.75012 88448.7828 22.228 46841.0 62.217 60526.0 28.918 "" "" 0.0027687974949579313 0.0031408302 0.0038148158 0.006955646 262.73821814414 -36.7759607457 1483.07056 -0.6430000000000001 -0.8610000000000004 0.00965363454818724 -0.08243900394439696 0.14467165 0.13867164 "" "" 0.5834857977226833 "" 0.080961297516033 "" 1.0
262.81177366517 -37.16529831229 0.0169 0.0122 21.6658 "" "" 5974213304462179072 1542.81958 0.6043 0.0179 -0.576 -0.891 0.021 0.014 1.004 "" "" 13.389419 1.727656 14.208407 12.480751 "" "" 1503.83887 1583.18384 83019.36102 23.714 28317.0 45.171 80697.0 50.276 "" "" 0.0027727193631664547 0.0032840096 0.0038394395 0.007123449 262.81177366517 -37.16529831229 1542.81958 -0.5760000000000001 -0.8909999999999991 0.0766536345481873 -0.11243900394439699 0.14467165 0.13767165 "" "" 0.9951628388347235 "" 0.1392537842020351 "" 1.0
262.69320979126 -36.87631675489 0.0167 0.0137 5.9693 "" "" 5974234603194061952 1491.65039 0.6271 0.0192 -0.613 -0.89 0.024 0.018 1.091 "" "" 13.406233 1.123974 13.874758 12.750784 "" "" 1457.37549 1535.01343 81743.58468 18.846 38505.0 33.383 62928.0 49.874 "" "" 0.002766667283000256 0.0029446753 0.003876106 0.006820781 262.69320979126 -36.87631675489 1491.65039 -0.613 -0.8899999999999998 0.039653634548187267 -0.11143900394439699 0.14767164 0.14167164 "" "" 0.8363166312947804 "" 0.11905684553648918 "" 1.0
262.53571423344 -36.82918628446 0.0148 0.0117 11.8229 "" "" 5974282603748584832 1532.0437 0.6093 0.0162 -0.702 -0.723 0.021 0.014 1.011 "" "" 13.41045 1.306823 13.979207 12.672384 "" "" 1497.2345 1565.9386 81426.65685 19.811 34973.0 36.774 67640.0 33.312 "" "" 0.0027679539306524905 0.0030146989 0.0038170204 0.0068317195 262.53571423344 -36.82918628446 1532.0437 -0.702 -0.7229999999999996 -0.0493463654518127 0.05556099605560305 0.14467165 0.13767165 "" "" 0.5396363040920552 "" 0.07598150710487274 "" 1.0
262.68978264745 -36.79844411814 0.0166 0.0127 4.353 "" "" 5974611117203847424 1432.44922 0.6555 0.0186 -0.408 -0.83 0.023 0.017 1.085 "" "" 13.483878 0.867211 13.827023 12.959812 "" "" 1401.9967 1477.53613 76101.90014 18.713 40235.0 35.674 51908.0 25.087 "" "" 0.002768224266420241 0.002951569 0.003815635 0.006767204 262.68978264745 -36.79844411814 1432.44922 -0.408 -0.8299999999999998 0.24465363454818728 -0.05143900394439693 0.14667164 0.14067164 "" "" 1.6974709571662219 "" 0.2485481353945044 "" 0.8
262.90030689533 -36.82420295818 0.0165 0.0141 5.8911 "" "" 5974607887389176576 1507.84143 0.6221 0.0209 -0.681 -0.857 0.024 0.018 0.989 7427.0 3.8061 13.483913 1.047732 13.915358 12.867625 "" "" 1450.82996 1566.31445 76099.40953 27.208 37091.0 51.968 56508.0 62.884 "" "" 0.0027825307945680312 0.0031779169 0.003967818 0.0071457345 262.90030689533 -36.82420295818 1507.84143 -0.6809999999999999 -0.857 -0.028346365451812794 -0.07843900394439696 0.14767164 0.14167164 "" "" 0.5961009985401287 "" 0.084871444468949 "" 1.0
262.70767546958 -36.84048765511 0.0163 0.0129 4.0718 "" "" 5974610056383072128 1471.65869 0.638 0.0179 -0.645 -0.881 0.023 0.017 1.021 "" "" 13.589814 0.922683 13.958257 13.035574 "" "" 1435.06787 1517.97754 69027.34556 17.24 35654.0 47.492 48409.0 23.421 "" "" 0.002768631819945501 0.0031427091 0.0038157126 0.006958422 262.70767546958 -36.84048765511 1471.65869 -0.6450000000000001 -0.8810000000000012 0.007653634548187238 -0.10243900394439698 0.14667164 0.14067164 "" "" 0.7165715719988905 "" 0.10082567171039301 "" 1.0
262.86287652421 -36.85105648658 0.0172 0.0154 4.8419 "" "" 5974607926078730496 1457.13892 0.6445 0.0215 -0.612 -0.711 0.024 0.019 0.964 "" "" 13.599596 1.3424 14.190842 12.848442 "" "" 1413.90601 1515.96655 68408.23465 14.043 28779.0 30.091 57515.0 24.279 "" "" 0.002764320165761201 0.0030122753 0.003807071 0.006819346 262.86287652421 -36.85105648658 1457.13892 -0.6119999999999995 -0.7109999999999987 0.04065363454818727 0.06756099605560306 0.14767164 0.14267164 "" "" 0.5445991201202645 "" 0.07843193018176978 "" 1.0
262.77022501021 -36.85939359669 0.0177 0.013 3.2916 "" "" 5974607371993044608 1489.6322 0.6287 0.0196 -0.636 -0.729 0.027 0.018 0.994 "" "" 13.64452 1.081654 14.091728 13.010075 "" "" 1448.02441 1528.55322 65635.48679 13.015 31530.0 31.815 49560.0 25.582 "" "" 0.002763718591297336 0.0029975453 0.003820709 0.0068182545 262.77022501021 -36.85939359669 1489.6322 -0.636 -0.7289999999999999 0.016653634548187246 0.049560996055603046 0.15067165 0.14167164 "" "" 0.3691711255925268 "" 0.052647729725264304 "" 1.0
262.91321224644 -36.57957233918 0.0202 0.0161 14.9722 "" "" 5974619672779783552 1360.5376 0.6923 0.0243 -0.492 -0.707 0.028 0.02 1.361 "" "" 13.64955 1.077318 14.081521 13.004203 "" "" 1316.50427 1406.13782 65332.08622 17.381 31828.0 69.787 49828.0 99.68 "" "" 0.0027704194269385124 0.0036677492 0.004359047 0.008026796 262.91321224644 -36.57957233918 1360.5376 -0.4919999999999996 -0.7069999999999999 0.16065363454818726 0.07156099605560307 0.15167165 0.14367165 "" "" 1.1341821995600343 "" 0.1705543954960014 "" 1.0
262.78676704752 -36.60702658003 0.0178 0.0138 11.8885 "" "" 5974661144983969664 1582.80823 0.5883 0.0211 -0.819 -0.879 0.026 0.019 0.946 "" "" 13.743247 1.008794 14.15392 13.145126 "" "" 1533.7738 1639.59863 59930.50903 13.32 29775.0 28.622 43763.0 25.9 "" "" 0.002765867192352613 0.0029789833 0.0038336166 0.0068126 262.78676704752 -36.60702658003 1582.80823 -0.8189999999999997 -0.8790000000000002 -0.1663463654518127 -0.10043900394439698 0.14967164 0.14267164 "" "" 1.457865631259874 "" 0.21552199834861993 "" 0.9
262.67352232427 -36.83228415266 0.0268 0.0216 5.3686 "" "" 5974610193822037248 1232.67651 0.764 0.0299 -0.328 -0.685 0.036 0.027 1.56 "" "" 13.753261 1.066095 14.194813 13.128717 "" "" 1191.24475 1281.89697 59380.31225 13.091 28674.0 26.725 44429.0 22.413 "" "" 0.0027656976368000265 0.002968007 0.003818864 0.006786871 262.67352232427 -36.83228415266 1232.67651 -0.328 -0.6849999999999999 0.32465363454818724 0.09356099605560297 0.15967163 0.15067165 "" "" 1.9741145458232074 "" 0.3138832706578992 "" 0.9
262.8842662231 -36.82048228425 0.0184 0.0155 5.0925 "" "" 5974608097877447296 1449.49939 0.6512 0.0231 -0.656 -0.783 0.027 0.02 0.974 9525.3 3.8075 13.811246 1.023203 14.230951 13.207748 "" "" 1403.79443 1493.10535 56292.20548 11.452 27736.0 39.597 41310.0 27.176 "" "" 0.0027641594740908707 0.0031918131 0.0038462828 0.007038096 262.8842662231 -36.82048228425 1449.49939 -0.656 -0.783 -0.0033463654518127717 -0.004439003944397002 0.15067165 0.14367165 "" "" 0.03819408599896397 "" 0.005585767447981163 "" 1.0
262.91447590336 -37.04629598194 0.0193 0.0151 15.8442 "" "" 5974589436209452288 1485.84253 0.6297 0.0211 -0.651 -0.736 0.026 0.018 0.975 "" "" 13.81348 1.212712 14.331398 13.118686 "" "" 1436.88647 1533.55786 56176.49117 13.384 25285.0 36.366 44842.0 28.557 "" "" 0.0027674360902481426 0.0031974206 0.00384211 0.0070395307 262.91447590336 -37.04629598194 1485.84253 -0.651 -0.736 0.0016536345481872328 0.04256099605560304 0.14967164 0.14167164 "" "" 0.29997873099029304 "" 0.04250219882111954 "" 1.0
262.62650029705 -36.88287806449 0.0172 0.0136 8.7242 "" "" 5974234710579400320 1475.85596 0.6346 0.0192 -0.458 -0.751 0.024 0.017 1.068 "" "" 13.842105 1.164289 14.334131 13.169842 "" "" 1432.58813 1520.00757 54714.78477 11.781 25221.0 29.423 42778.0 32.123 "" "" 0.0027652198980698045 0.003064212 0.0038663223 0.0069305343 262.62650029705 -36.88287806449 1475.85596 -0.4580000000000002 -0.7510000000000012 0.19465363454818724 0.027560996055603026 0.14767164 0.14067164 "" "" 1.375292501417097 "" 0.20290689233589498 "" 0.9
262.66901009115 -36.86250186042 0.0179 0.0139 6.3465 "" "" 5974234809352498176 1520.15454 0.6152 0.0197 -0.597 -0.753 0.024 0.018 0.988 "" "" 13.844353 1.113588 14.311223 13.197635 "" "" 1463.65295 1554.50903 54601.64879 13.218 25759.0 25.262 41697.0 48.557 "" "" 0.0027678280285885247 0.0029864395 0.003985265 0.0069717043 262.66901009115 -36.86250186042 1520.15454 -0.5969999999999999 -0.7530000000000001 0.05565363454818728 0.025560996055603025 0.14767164 0.14167164 "" "" 0.4412876344436643 "" 0.06471223170290251 "" 1.0
262.31053131244 -36.81856742505 0.0198 0.0144 22.5665 "" "" 5974285528634772224 1480.92615 0.6345 0.0196 -0.566 -0.806 0.028 0.019 1.056 "" "" 13.846163 1.362403 14.444783 13.08238 "" "" 1441.86304 1516.05481 54510.68012 15.856 22777.0 41.276 46367.0 32.016 "" "" 0.0027733608081199567 0.0034141315 0.00385302 0.0072671515 262.31053131244 -36.81856742505 1480.92615 -0.566 -0.8059999999999999 0.08665363454818731 -0.027439003944397022 0.15167165 0.14267164 "" "" 0.6380398478193374 "" 0.09626343694131691 "" 1.0
262.90891123509 -36.73206875181 0.0175 0.0136 7.5883 "" "" 5974609540986549632 1568.42273 0.6053 0.021 -0.629 -0.828 0.024 0.017 0.989 "" "" 13.887805 0.962492 14.278267 13.315775 "" "" 1517.42773 1626.50647 52459.56953 12.361 26553.0 23.128 37398.0 25.297 "" "" 0.0027671716450313804 0.0029460783 0.003850078 0.006796156 262.90891123509 -36.73206875181 1568.42273 -0.629 -0.8280000000000002 0.023653634548187252 -0.04943900394439693 0.14767164 0.14067164 "" "" 0.40744635416975183 "" 0.05785806226466872 "" 1.0
262.92578379889 -36.81833253789 0.0194 0.0165 7.0474 "" "" 5974608235316351360 1420.27686 0.6666 0.0236 -0.642 -0.833 0.027 0.021 0.982 7969.3 3.9841 13.894888 1.057847 14.329412 13.271565 "" "" 1376.03625 1473.22485 52118.47484 10.56 25331.0 42.589 38952.0 61.576 "" "" 0.0027640881996655155 0.0033342626 0.004150854 0.007485117 262.92578379889 -36.81833253789 1420.27686 -0.6419999999999999 -0.833 0.01065363454818724 -0.054439003944396935 0.15067165 0.14467165 "" "" 0.37344144649163585 "" 0.054110684778321004 "" 1.0
263.05693662497 -36.75418283612 0.0173 0.0139 13.6543 "" "" 5974602806444277760 1398.76343 0.6744 0.0209 -0.677 -0.742 0.023 0.017 0.9 "" "" 13.896313 1.231053 14.423617 13.192564 "" "" 1359.15588 1435.28491 52050.12896 11.98 23226.0 34.807 41892.0 22.945 "" "" 0.002766629250125146 0.0032299426 0.0038258813 0.0070558237 263.05693662497 -36.75418283612 1398.76343 -0.677 -0.742 -0.02434636545181279 0.036560996055603034 0.14667164 0.14067164 "" "" 0.291232336234161 "" 0.041512773856812644 "" 1.0
262.79801107565 -36.82722063068 0.0197 0.0171 1.5843 "" "" 5974607513762640000 1447.07922 0.6503 0.0222 -0.758 -0.722 0.029 0.022 0.959 "" "" 13.896665 0.972665 14.290484 13.31782 "" "" 1400.70557 1493.53186 52033.24445 11.059 26256.0 23.779 37328.0 20.799 "" "" 0.002764966414018237 0.002958368 0.0038274943 0.006785862 262.79801107565 -36.82722063068 1447.07922 -0.7579999999999999 -0.722 -0.10534636545181275 0.05656099605560305 0.15267164 0.14567164 "" "" 0.8201497423007212 "" 0.1239520610074831 "" 1.0
262.62609060642 -36.57558849951 0.0189 0.0159 15.6353 "" "" 5974664924554278784 1532.06226 0.6125 0.0246 -0.679 -0.753 0.03 0.022 0.996 "" "" 13.908803 1.041166 14.337772 13.296606 "" "" 1480.68176 1585.93408 51454.76645 13.697 25137.0 23.322 38064.0 18.574 "" "" 0.002770436881345251 0.002966443 0.003816336 0.006782779 262.62609060642 -36.57558849951 1532.06226 -0.679 -0.7530000000000001 -0.026346365451812792 0.025560996055603025 0.15367164 0.14567164 "" "" 0.26657438543795414 "" 0.03994510518211414 "" 1.0
262.88872922509 -36.75940656779 0.021 0.0171 5.9001 "" "" 5974609403547580032 1396.36292 0.6753 0.028 -0.674 -0.635 0.03 0.022 1.201 9400.0 3.9013 13.932368 1.039241 14.361906 13.322665 "" "" 1344.78918 1448.31396 50349.97925 12.025 24584.0 25.793 37161.0 23.221 "" "" 0.0027674949386011097 0.0030137463 0.0038397945 0.006853541 262.88872922509 -36.75940656779 1396.36292 -0.674 -0.635 -0.021346365451812788 0.14356099605560302 0.15367164 0.14567164 "" "" 0.9606424676776345 "" 0.14010905803813553 "" 1.0
262.868749791 -36.80372124995 0.0207 0.0177 4.264 "" "" 5974608918181356672 1368.58899 0.6865 0.0259 -0.672 -0.666 0.03 0.022 1.137 "" "" 13.949653 1.172563 14.444682 13.27212 "" "" 1322.23022 1414.46106 49554.80261 12.27 22779.0 23.358 38932.0 54.546 "" "" 0.0027684040116669464 0.0030040904 0.004074029 0.0070781196 262.868749791 -36.80372124995 1368.58899 -0.672 -0.666 -0.019346365451812786 0.11256099605560299 0.15367164 0.14567164 "" "" 0.7409025707659417 "" 0.10810308934968776 "" 1.0
262.79264148548 -36.83076896866 0.0173 0.0132 1.6556 "" "" 5974607513762421632 1503.5282 0.627 0.0194 -0.587 -1.007 0.025 0.017 0.984 7361.6 3.8773 13.956622 1.136158 14.361158 13.225 "" "" 1457.72888 1558.63232 49237.71474 20.28 24601.0 60.869 40659.0 545.62 "" "" 0.0027913742882252237 0.0038732023 0.015052143 0.018925345 262.79264148548 -36.83076896866 1503.5282 -0.5869999999999999 -1.007 0.06565363454818729 -0.22843900394439687 0.14867164 0.14067164 "" "" 1.6939245954329294 "" 0.23934812524701157 "" 1.0
262.82730506923 -36.80238275516 0.0196 0.017 2.278 "" "" 5974609059950200448 1414.25037 0.6699 0.0244 -0.536 -0.816 0.029 0.022 0.959 7198.2 3.6237 14.028001 1.050397 14.462306 13.411909 "" "" 1362.60583 1465.51941 46104.81117 9.8001 22413.0 25.394 34229.0 22.294 "" "" 0.002764968601804449 0.003049311 0.0038449713 0.006894282 262.82730506923 -36.80238275516 1414.25037 -0.536 -0.8159999999999996 0.11665363454818722 -0.03743900394439692 0.15267164 0.14567164 "" "" 0.8212802222013958 "" 0.12486053594473766 "" 1.0
263.00511120269 -36.67541067365 0.0189 0.0146 13.3299 "" "" 5974615279062835328 1374.4353 0.6841 0.0225 -0.898 -0.5 0.025 0.018 1.035 "" "" 14.054275 1.354939 14.649609 13.294669 "" "" 1328.48792 1415.47534 45002.48553 11.907 18861.0 23.021 38132.0 21.34 "" "" 0.0027702551163110867 0.0030888868 0.0038279137 0.0069168005 263.00511120269 -36.67541067365 1374.4353 -0.8980000000000001 -0.4999999999999996 -0.24534636545181276 0.278560996055603 0.14867164 0.14167164 "" "" 2.4183166995347642 "" 0.35010278685354373 "" 0.9
262.71395118057 -36.84000781798 0.0201 0.0156 3.8019 "" "" 5974610056383071232 1451.44861 0.6513 0.0219 -0.681 -0.838 0.027 0.02 1.113 "" "" 14.055859 1.00356 14.452112 13.448552 "" "" 1403.68225 1490.27539 44936.93547 14.734 22624.0 23.417 33093.0 22.662 "" "" 0.0027782225367918544 0.0030079824 0.003851822 0.0068598045 262.71395118057 -36.84000781798 1451.44861 -0.6810000000000003 -0.8380000000000001 -0.028346365451812794 -0.05943900394439694 0.15067165 0.14367165 "" "" 0.4530543064778654 "" 0.06569024371101136 "" 1.0
