Clusters/Harvard_16/Harvard_16_stars_in_region.tsv
# %ECSV 1.0
# ---
# datatype:
# - name: RA_ICRS_1
#   unit: deg
#   datatype: float64
#   format: '{:15.11f}'
#   description: Right ascension (ICRS) at Ep=2016.0 (ra)
#   meta: !!omap
#   - {ucd: POS_EQ_RA_MAIN}
#   - {width: 15}
#   - {precision: '11'}
# - name: DE_ICRS_1
#   unit: deg
#   datatype: float64
#   format: '{:15.11f}'
#   description: Declination (ICRS) at Ep=2016.0 (dec)
#   meta: !!omap
#   - {ucd: POS_EQ_DEC_MAIN}
#   - {width: 15}
#   - {precision: '11'}
# - name: e_RA_ICRS
#   unit: mas
#   datatype: float64
#   format: '{:7.4f}'
#   description: Standard error of right ascension (ra_error)
#   meta: !!omap
#   - {ucd: ERROR}
#   - {width: 7}
#   - {precision: '4'}
# - name: e_DE_ICRS
#   unit: mas
#   datatype: float64
#   format: '{:7.4f}'
#   description: Standard error of declination (dec_error)
#   meta: !!omap
#   - {ucd: ERROR}
#   - {width: 7}
#   - {precision: '4'}
# - name: _r_1
#   unit: ''
#   datatype: float64
#   format: '{:7.4f}'
#   description: Distance from center (262.78000876000-36.80509483000)[ICRS], at Epoch=J2016.0
#   meta: !!omap
#   - {ucd: POS_ANG_DIST_GENERAL}
#   - {width: 7}
#   - {precision: '4'}
# - name: HIP
#   datatype: int32
#   description: '? HIP cross-id number, van Leeuwen, Cat. I/311 (hip_original_ext_source_id)'
#   meta: !!omap
#   - {ucd: ID_NUMBER}
#   - {width: 6}
#   - values: {'null': -2147483648}
# - name: TYC2
#   datatype: string
#   description: Tycho-2 cross-id name, Hog et al., Cat. I/259 (tyc2_original_ext_source_id)
#   meta: !!omap
#   - {ucd: ID_CROSSID}
#   - {_votable_string_dtype: char}
# - name: Source
#   datatype: int64
#   description: Source identifier, identical to the Gaia-EDR3 source_id (id)
#   meta: !!omap
#   - {ucd: ID_MAIN}
#   - {width: 19}
# - name: rgeo
#   unit: pc
#   datatype: float64
#   format: '{:15.8f}'
#   description: '? Median of the geometric distance posterior (r_med_geo)'
#   meta: !!omap
#   - {ucd: PHYS_DISTANCE_TRUE}
#   - {width: 15}
#   - {precision: '8'}
#   - values: {'null': .nan}
# - name: Plx
#   unit: mas
#   datatype: float64
#   format: '{:9.4f}'
#   description: '? Parallax (parallax)'
#   meta: !!omap
#   - {ucd: POS_PARLX_TRIG}
#   - {width: 9}
#   - {precision: '4'}
#   - values: {'null': .nan}
# - name: e_Plx
#   unit: mas
#   datatype: float32
#   format: '{:7.4f}'
#   description: '? Standard error of parallax (parallax_error)'
#   meta: !!omap
#   - {ucd: ERROR}
#   - {width: 7}
#   - {precision: '4'}
#   - values: {'null': .nan}
# - name: pmRA
#   unit: mas / yr
#   datatype: float64
#   format: '{:9.3f}'
#   description: '? Proper motion in right ascension direction, pmRA*cosDE (pmra)'
#   meta: !!omap
#   - {ucd: POS_EQ_PMRA}
#   - {width: 9}
#   - {precision: '3'}
#   - values: {'null': .nan}
# - name: pmDE
#   unit: mas / yr
#   datatype: float64
#   format: '{:9.3f}'
#   description: '? Proper motion in declination direction (pmdec)'
#   meta: !!omap
#   - {ucd: POS_EQ_PMDEC}
#   - {width: 9}
#   - {precision: '3'}
#   - values: {'null': .nan}
# - name: e_pmRA
#   unit: mas / yr
#   datatype: float32
#   format: '{:6.3f}'
#   description: '? Standard error of proper motion in right ascension direction (pmra_error)'
#   meta: !!omap
#   - {ucd: ERROR}
#   - {width: 6}
#   - {precision: '3'}
#   - values: {'null': .nan}
# - name: e_pmDE
[...]
#         unit: &id001 !astropy.units.Unit {unit: deg}
#         value: !astropy.table.SerializedColumn {name: SkyCoord.dec}
#       distance: !astropy.table.SerializedColumn
#         __class__: astropy.coordinates.distances.Distance
#         unit: !astropy.units.Unit {unit: pc}
#         value: !astropy.table.SerializedColumn {name: SkyCoord.distance}
#       frame: icrs
#       obstime: !astropy.time.Time {format: jyear_str, in_subfmt: '*', jd1: 367701545.0, jd2: 0.0, out_subfmt: '*', precision: 3, scale: tt}
#       pm_dec: !astropy.table.SerializedColumn
#         __class__: astropy.units.quantity.Quantity
#         unit: !astropy.units.Unit {unit: mas / yr}
#         value: !astropy.table.SerializedColumn {name: SkyCoord.pm_dec}
#       pm_ra_cosdec: !astropy.table.SerializedColumn
#         __class__: astropy.units.quantity.Quantity
#         unit: !astropy.units.Unit {unit: mas / yr}
#         value: !astropy.table.SerializedColumn {name: SkyCoord.pm_ra_cosdec}
#       ra: !astropy.table.SerializedColumn
#         __class__: astropy.coordinates.angles.Longitude
#         unit: *id001
#         value: !astropy.table.SerializedColumn {name: SkyCoord.ra}
#         wrap_angle: !astropy.coordinates.Angle
#           unit: *id001
#           value: 360.0
#       representation_type: spherical
# schema: astropy-2.0
RA_ICRS_1 DE_ICRS_1 e_RA_ICRS e_DE_ICRS _r_1 HIP TYC2 Source rgeo Plx e_Plx pmRA pmDE e_pmRA e_pmDE RUWE Teff logg Gmag BP-RP BPmag RPmag RV e_RV b_rgeo B_rgeo FG e_FG FBP e_FBP FRP e_FRP RAVE5 RAVE6 e_Gmag e_BPmag e_RPmag e_BP-RP SkyCoord.ra SkyCoord.dec SkyCoord.distance SkyCoord.pm_ra_cosdec SkyCoord.pm_dec
[from data line 1006]
262.41682321241 -36.63501297467 0.0301 0.0232 20.2296 "" "" 5974300372041884928 1336.10889 0.7109 0.0318 -0.786 -2.088 0.04 0.029 0.941 6465.5 3.8144 15.186722 1.810188 16.064268 14.25408 20.16 9.41 1264.22778 1390.35583 15858.35147 5.7288 5125.2 16.063 15759.0 16.275 "" "" 0.0027830964859376 0.0044004875 0.003942209 0.008342696 262.41682321241 -36.63501297467 1336.10889 -0.786 -2.088
262.1168035234 -36.64992009609 0.0281 0.021 33.2242 "" "" 5974297279665385984 1206.2616 0.7831 0.0303 0.314 -0.769 0.036 0.025 1.056 7085.8 4.3429 15.186749 1.181458 15.689873 14.508415 "" "" 1162.89636 1255.9093 15857.95906 5.0366 7235.5 19.554 12468.0 19.708 "" "" 0.002776815138076604 0.00404903 0.004150795 0.008199825 262.1168035234 -36.64992009609 1206.2616 0.31400000000000006 -0.769
262.83324063111 -37.35511910472 0.0276 0.0204 33.0997 "" "" 5962199967387936640 1204.18176 0.7951 0.0312 -2.947 -2.107 0.04 0.026 1.061 4904.2 3.6004 15.192146 1.903482 16.13377 14.230288 -36.97 20.52 1163.21948 1241.8728 15779.32393 6.5785 4807.4 10.195 16108.0 12.509 "" "" 0.0027922538688867423 0.0036175398 0.00387229 0.00748983 262.83324063111 -37.35511910472 1204.18176 -2.9469999999999996 -2.107
262.61573477067 -37.02511027765 0.0417 0.0326 15.3742 "" "" 5974229277434518784 1589.45166 0.5903 0.0473 -0.086 -1.765 0.053 0.04 1.388 8707.1 3.8999 15.192826 1.620606 15.848962 14.228355 "" "" 1477.82886 1748.12537 15769.44028 14.145 6249.3 23.779 16137.0 408.57 "" "" 0.0029223716169189127 0.004985245 0.02774816 0.032733403 262.61573477067 -37.02511027765 1589.45166 -0.08599999999999998 -1.7649999999999997
262.7943749033 -37.00430689322 0.0378 0.0287 11.9726 "" "" 5974218320984308608 1133.75354 0.8424 0.0401 -3.046 -10.597 0.052 0.037 1.204 5338.8 4.173 15.198095 1.455085 15.836438 14.381353 "" "" 1086.65857 1193.47131 15693.09762 8.172 6321.8 17.208 14016.0 43.187 "" "" 0.0028127298411230435 0.0040643997 0.0050473455 0.009111745 262.7943749033 -37.00430689322 1133.75354 -3.046 -10.597
263.35686862042 -36.67740634584 0.0357 0.0273 28.7744 "" "" 5974624075157494656 1574.43799 0.585 0.0411 -0.024 -1.288 0.048 0.033 1.243 15007.8 3.8807 15.198404 2.63588 16.66445 14.028569 "" "" 1482.00903 1672.99121 15688.63084 10.284 2948.7 10.353 19397.0 31.013 "" "" 0.002845754123567687 0.0047240728 0.00415899 0.008883063 263.35686862042 -36.67740634584 1574.43799 -0.023999999999999994 -1.2879999999999998
262.56416376649 -36.96186489197 0.0356 0.0257 13.9921 "" "" 5974232648995163776 1294.44507 0.7255 0.0351 -2.276 -1.902 0.047 0.031 1.098 5245.1 3.6995 15.198797 1.693467 16.00642 14.312953 10.26 7.87 1242.78345 1357.80017 15682.94701 5.5305 5405.7 11.12 14927.0 17.651 "" "" 0.0027817953528832345 0.0035739848 0.003991497 0.007565482 262.56416376649 -36.96186489197 1294.44507 -2.2759999999999994 -1.902
262.79390248932 -36.9090326166 0.0322 0.0233 6.2718 "" "" 5974605967574165376 1379.55151 0.6849 0.0375 -0.615 -0.761 0.048 0.03 1.05 "" "" 15.202093 1.444648 15.841858 14.39721 "" "" 1315.42505 1453.16431 15635.41117 5.7859 6290.3 15.273 13813.0 21.282 "" "" 0.0027844595163191294 0.0038385629 0.0041330433 0.007971606 262.79390248932 -36.9090326166 1379.55151 -0.615 -0.761
262.62044249761 -37.11897399112 0.0318 0.0238 20.3272 "" "" 5974227426314465536 1114.52148 0.868 0.036 3.336 -0.698 0.045 0.032 1.075 5396.6 4.2665 15.203882 1.066569 15.519728 14.453158 "" "" 1066.65308 1164.19348 15609.67125 12.224 8463.0 158.5 13119.0 136.03 "" "" 0.002883523063803293 0.020524835 0.011875375 0.03240021 262.62044249761 -37.11897399112 1114.52148 3.336 -0.698
262.89380860331 -37.12153578958 0.0293 0.0231 19.7547 "" "" 5974213682419292416 1526.08972 0.6152 0.0327 1.356 -2.706 0.04 0.028 0.958 "" "" 15.208531 1.950708 16.180994 14.230286 -30.16 8.17 1459.04968 1591.71082 15542.97491 5.2365 4602.8 10.2 16108.0 17.683 "" "" 0.0027794948052955303 0.0036842998 0.0039628707 0.0076471707 262.89380860331 -37.12153578958 1526.08972 1.356 -2.706
263.28790891861 -36.76293426735 0.0328 0.0248 24.5373 "" "" 5974599847210508032 1441.96814 0.6585 0.037 2.414 0.165 0.042 0.03 1.197 8098.9 3.7177 15.208994 1.688435 15.982233 14.293798 20.02 11.43 1343.57617 1532.42798 15536.35866 7.5452 5527.4 10.456 15193.0 21.154 "" "" 0.0028053198405025718 0.0034645859 0.004070509 0.0075350953 263.28790891861 -36.76293426735 1441.96814 2.414 0.16499999999999998
262.40148010995 -36.50675527305 0.0295 0.0233 25.542 "" "" 5974677332743008512 1163.36487 0.8115 0.0327 3.298 -1.781 0.041 0.03 0.963 5667.2 3.8525 15.20901 1.448548 15.815801 14.367252 "" "" 1110.52124 1205.17358 15536.12055 13.357 6443.1 59.729 14199.0 124.67 "" "" 0.0029091436335393645 0.010444601 0.01025482 0.020699421 262.40148010995 -36.50675527305 1163.36487 3.2980000000000005 -1.7810000000000001
263.08739486582 -36.37049737228 0.0629 0.0481 29.9875 "" "" 5974646855665712768 1311.72473 0.7361 0.0478 -3.089 -3.886 0.181 0.139 1.125 "" "" 15.209642 "" "" "" "" "" 1234.44568 1396.89514 15527.08262 18.887 "" "" "" "" "" "" 0.0030554841623328653 "" "" "" 263.08739486582 -36.37049737228 1311.72473 -3.0889999999999995 -3.886
262.69609557017 -37.19793904295 0.0304 0.023 23.9111 "" "" 5974214502746593664 1196.10327 0.7986 0.0325 -2.727 -2.853 0.039 0.028 0.984 5767.0 4.3506 15.213366 1.139998 15.693386 14.553388 "" "" 1139.73254 1241.39612 15473.90795 7.756 7212.1 16.907 11962.0 23.77 "" "" 0.0028085490766422373 0.0037766793 0.00435184 0.008128519 262.69609557017 -37.19793904295 1196.10327 -2.7270000000000003 -2.8529999999999998
263.19916764326 -37.157583832 0.0336 0.0279 29.1703 "" "" 5962575901653900032 1136.98096 0.8421 0.04 -1.162 -1.007 0.046 0.034 1.076 6554.7 4.0584 15.216367 1.546794 15.92464 14.377846 "" "" 1091.66895 1180.36865 15431.20592 5.4116 5828.6 10.427 14061.0 16.31 "" "" 0.002781504410449416 0.0033996517 0.0039836923 0.0073833438 263.19916764326 -37.157583832 1136.98096 -1.162 -1.007
262.76580380685 -36.38944275559 0.0291 0.0235 24.9485 "" "" 5974673896781119360 1474.54211 0.6329 0.0354 0.189 -1.8 0.04 0.028 1.045 "" "" 15.216976 1.741574 15.997022 14.255447 "" "" 1404.99915 1560.65759 15422.54917 8.0644 5452.7 29.105 15739.0 79.836 "" "" 0.002813201791607262 0.0064320466 0.0066794525 0.013111499 262.76580380685 -36.38944275559 1474.54211 0.18899999999999997 -1.8000000000000003
263.16226779235 -36.48149153666 0.0279 0.022 26.7516 "" "" 5974642423259246208 1247.58472 0.7609 0.0312 -3.228 -4.122 0.036 0.027 1.02 5191.6 4.131 15.218256 1.601453 15.968296 14.366843 "" "" 1202.13904 1288.82886 15404.38928 4.9018 5598.8 12.626 14204.0 17.805 "" "" 0.0027768962356640686 0.0037121507 0.0040169675 0.007729118 263.16226779235 -36.48149153666 1247.58472 -3.228 -4.122000000000001
263.13627292209 -36.38194989777 0.033 0.0264 30.6452 "" "" 5974647542860603136 1242.74841 0.765 0.0375 -1.249 -5.534 0.045 0.035 1.492 6004.2 4.1407 15.218765 1.489577 15.8267 14.337123 "" "" 1190.28088 1298.33093 15397.15468 6.8671 6378.8 13.531 14599.0 84.445 "" "" 0.0027975478621787794 0.0036179244 0.00732973 0.010947654 263.13627292209 -36.38194989777 1242.74841 -1.249 -5.533999999999999
263.41026274738 -36.80010605636 0.03 0.0214 30.2802 "" "" 5962612494779318272 1098.09485 0.8651 0.0352 -1.574 -4.923 0.037 0.028 0.995 5970.6 4.2047 15.220135 1.269097 15.778122 14.509025 "" "" 1055.1925 1141.93323 15377.75848 5.6445 6670.6 22.64 12461.0 16.44 "" "" 0.0027839921742140216 0.004622139 0.00404173 0.0086638685 263.41026274738 -36.80010605636 1098.09485 -1.574 -4.923
262.79224492091 -36.85323080481 0.0317 0.0238 2.9473 "" "" 5974607200194364160 1532.47778 0.6068 0.0364 -0.596 -0.869 0.045 0.03 1.088 8624.7 3.9485 15.220707 1.311997 15.794925 14.482927 "" "" 1444.93164 1617.5199 15369.6553 5.8197 6568.2 13.494 12764.0 17.672 "" "" 0.002785821771458256 0.0035721918 0.0040673586 0.0076395506 262.79224492091 -36.85323080481 1532.47778 -0.5959999999999999 -0.869
262.72304301736 -37.22127918842 0.0359 0.0278 25.1198 "" "" 5974214163455379456 1203.0094 0.796 0.039 -4.101 -12.946 0.046 0.035 1.173 5034.8 4.2078 15.22325 1.269376 15.772634 14.503258 "" "" 1149.81055 1271.0249 15333.68144 5.1846 6704.5 22.354 12527.0 18.441 "" "" 0.0027796685460838 0.004570528 0.0041034534 0.008673981 262.72304301736 -37.22127918842 1203.0094 -4.101000000000001 -12.946
262.84885248636 -37.12561651658 0.0322 0.0238 19.5124 "" "" 5974213819858259456 1374.45093 0.6895 0.0342 -0.877 -3.328 0.041 0.029 0.967 8237.9 3.7523 15.224254 1.715583 16.041037 14.325454 -19.57 8.44 1302.43115 1444.51685 15319.52047 6.2705 5236.0 10.924 14756.0 15.684 "" "" 0.0027909294819718606 0.003593908 0.003951643 0.0075455513 262.84885248636 -37.12561651658 1374.45093 -0.877 -3.3280000000000003
262.31854963809 -36.89699417572 0.0315 0.0234 22.8313 "" "" 5974278553607706880 1492.98694 0.6342 0.0336 -0.384 -0.579 0.043 0.03 0.993 "" "" 15.225606 1.738797 16.053114 14.314317 "" "" 1421.19946 1566.52344 15300.456 6.8485 5178.1 15.946 14908.0 20.233 "" "" 0.0027978496506364608 0.0043547973 0.0040564863 0.008411284 262.31854963809 -36.89699417572 1492.98694 -0.38400000000000006 -0.579
262.54967318585 -36.55879874796 0.0305 0.0251 18.4721 "" "" 5974664512237436288 1164.875 0.8257 0.0397 -1.951 -4.751 0.044 0.032 0.963 5572.0 4.2093 15.225886 1.277289 15.784057 14.506767 "" "" 1112.28992 1214.99255 15296.50599 4.9871 6634.3 19.795 12487.0 16.194 "" "" 0.0027779654529972338 0.0042754808 0.0040331567 0.008308638 262.54967318585 -36.55879874796 1164.875 -1.9510000000000003 -4.751
262.65612745853 -36.48191100831 0.0325 0.0263 20.2874 "" "" 5974665890962072960 1441.7002 0.6618 0.0378 -0.13 -1.112 0.046 0.035 1.069 8978.8 4.1911 15.225913 1.53392 15.931492 14.397572 "" "" 1362.88806 1522.02417 15296.12218 5.9448 5791.9 12.323 13808.0 11.874 "" "" 0.0027874445185275417 0.0036223386 0.0038930008 0.007515339 262.65612745853 -36.48191100831 1441.7002 -0.13 -1.112
262.7863543559 -36.25100779786 0.0289 0.0226 33.2466 "" "" 5974675782234893568 1083.08374 0.8926 0.0334 5.317 -6.781 0.039 0.027 0.985 5715.1 4.2535 15.226176 1.278855 15.787051 14.508196 "" "" 1048.01416 1116.40173 15292.42285 4.9108 6616.0 17.349 12470.0 11.303 "" "" 0.002777292231520129 0.0039863577 0.003905411 0.007891769 262.7863543559 -36.25100779786 1083.08374 5.316999999999999 -6.781
262.84617688961 -36.89081903763 0.0288 0.023 6.0455 "" "" 5974606208064951936 1467.56104 0.6422 0.0312 -0.649 -0.848 0.041 0.03 0.958 8814.8 4.0007 15.230115 1.424265 15.857322 14.433057 "" "" 1395.11694 1550.00317 15237.0431 5.8403 6201.4 9.8991 13364.0 27.232 "" "" 0.00278657088458312 0.003284627 0.0043793293 0.0076639564 262.84617688961 -36.89081903763 1467.56104 -0.649 -0.8479999999999999
262.70923708429 -36.73620835382 0.1484 0.1282 5.3529 "" "" 5974611911808658688 1313.16309 0.9039 0.1961 -1.047 0.064 0.211 0.16 4.741 7932.0 4.1175 15.230774 1.449688 15.8478 14.398112 "" "" 1027.12415 1681.93225 15227.79619 17.148 6256.0 14.872 13801.0 13.2 "" "" 0.0030144075120099333 0.0038009055 0.003919454 0.0077203596 262.70923708429 -36.73620835382 1313.16309 -1.047 0.06400000000000003
263.10125313316 -36.43826488109 0.0269 0.0213 26.9024 "" "" 5974645687434493568 1553.45581 0.6051 0.0299 0.311 -1.771 0.039 0.028 1.028 7493.4 3.5692 15.231242 1.535559 15.925299 14.38974 "" "" 1475.6748 1626.34851 15221.23543 5.4361 5825.0 12.441 13908.0 19.747 "" "" 0.0027824712762960337 0.0036280002 0.0040816832 0.0077096834 263.10125313316 -36.43826488109 1553.45581 0.31099999999999994 -1.771
262.55264837712 -37.2355196098 0.0302 0.0228 28.0283 "" "" 5974220760525191424 1198.24622 0.7943 0.0329 2.035 -0.142 0.04 0.029 1.021 7157.8 4.3366 15.233663 1.327982 15.816583 14.488601 "" "" 1157.66064 1246.78333 15187.33579 5.5177 6438.5 12.351 12697.0 18.036 "" "" 0.0027834127506225614 0.0034818081 0.0040819547 0.007563763 262.55264837712 -37.2355196098 1198.24622 2.0349999999999997 -0.14199999999999996
262.31606878719 -37.15220688544 0.0277 0.0221 30.4672 "" "" 5974224368297854848 1532.56506 0.6044 0.0308 -0.696 -3.331 0.038 0.028 0.965 "" "" 15.235286 1.782247 16.093756 14.311508 98.08 16.13 1462.98682 1608.49622 15164.65118 5.4051 4987.9 11.875 14947.0 16.937 "" "" 0.002782363706625907 0.0038035044 0.0039745863 0.0077780904 262.31606878719 -37.15220688544 1532.56506 -0.696 -3.3310000000000004
263.12404927879 -36.36846684395 0.0302 0.0242 31.0007 "" "" 5974647607249124992 1321.59363 0.7205 0.0343 -0.669 -1.82 0.041 0.03 1.148 9266.9 3.9518 15.235942 1.690743 16.005054 14.314311 "" "" 1257.07471 1397.51941 15155.49621 5.7931 5412.5 11.311 14908.0 23.776 "" "" 0.0027864005316019305 0.0035962814 0.0041571762 0.007753458 263.12404927879 -36.36846684395 1321.59363 -0.669 -1.8199999999999998
262.96079155348 -37.20757640411 0.0313 0.024 25.6554 "" "" 5962202716167124480 1124.28613 0.8572 0.0343 6.233 5.591 0.042 0.031 1.022 5365.0 4.1947 15.236781 1.365463 15.844612 14.479149 "" "" 1091.12927 1161.81396 15143.77758 5.5169 6274.4 13.205 12809.0 13.812 "" "" 0.002783565614834875 0.0036064354 0.0039565633 0.0075629987 262.96079155348 -37.20757640411 1124.28613 6.232999999999999 5.590999999999999
262.61032345633 -36.88361309614 0.029 0.0227 9.4116 "" "" 5974235084230394624 1379.41541 0.6833 0.0323 2.87 -0.417 0.039 0.028 1.004 5059.6 3.5768 15.23709 1.837749 16.13819 14.300441 -11.9 7.97 1309.32715 1450.40356 15139.47103 5.5904 4787.9 9.1044 15100.0 12.942 "" "" 0.0027843357111902996 0.003470953 0.0038922597 0.0073632128 262.61032345633 -36.88361309614 1379.41541 2.8699999999999997 -0.4169999999999999
263.0892156785 -36.89379010052 0.0311 0.0247 15.7709 "" "" 5974598064833443840 1229.15454 0.7858 0.0379 -3.336 -6.812 0.042 0.031 0.988 6386.8 4.2438 15.237576 1.324309 15.823168 14.498858 "" "" 1176.62354 1282.4906 15132.69496 6.0664 6399.6 14.948 12578.0 15.672 "" "" 0.002789486011789314 0.0037704776 0.004014203 0.0077846805 263.0892156785 -36.89379010052 1229.15454 -3.336 -6.811999999999999
263.07045152201 -37.19041586242 0.0311 0.0251 26.9853 "" "" 5962577237316703232 1104.14685 0.8623 0.0345 -3.384 -3.08 0.045 0.035 0.997 6867.8 4.0973 15.239686 1.81048 16.113916 14.303436 "" "" 1066.97937 1138.03711 15103.32229 6.0824 4896.1 12.289 15059.0 36.041 "" "" 0.002789798251757078 0.0039001917 0.004586502 0.008486694 263.07045152201 -37.19041586242 1104.14685 -3.384 -3.08
262.22329861053 -36.85686941492 0.0362 0.0254 26.9155 "" "" 5974279412601347584 1084.99561 0.8834 0.0394 -0.009 -9.827 0.049 0.032 1.148 7190.4 4.3432 15.24205 1.353929 15.840122 14.486194 "" "" 1042.54431 1131.90637 15070.46974 5.2426 6300.4 10.526 12726.0 15.793 "" "" 0.0027810869986226454 0.0033279688 0.004012383 0.007340352 262.22329861053 -36.85686941492 1084.99561 -0.009000000000000119 -9.827
262.83240914024 -36.27238954943 0.0293 0.0226 32.062 "" "" 5974698910671667840 1540.9386 0.6091 0.0318 1.366 0.106 0.038 0.027 1.014 "" "" 15.243134 1.587601 15.97182 14.384219 "" "" 1465.4729 1615.62341 15055.4339 5.0615 5580.7 11.478 13979.0 25.272 "" "" 0.0027793929362977254 0.0035737427 0.0042586992 0.0078324415 262.83240914024 -36.27238954943 1540.9386 1.366 0.10600000000000001
262.42268411906 -36.60533458508 0.0325 0.0245 20.9547 "" "" 5974300578200319232 1583.73547 0.5857 0.0334 1.257 -0.833 0.042 0.03 0.975 "" "" 15.245373 1.663987 16.020262 14.356275 "" "" 1503.55896 1675.3877 15024.41441 5.7581 5337.2 19.254 14343.0 17.008 "" "" 0.0027865633258922612 0.004808991 0.003992657 0.008801648 262.42268411906 -36.60533458508 1583.73547 1.2569999999999997 -0.833
263.01792854574 -36.84034894904 0.0405 0.0313 11.6213 "" "" 5974601397694412672 1589.08435 0.5958 0.0452 -0.32 -1.455 0.056 0.039 1.225 "" "" 15.246209 1.418099 15.873952 14.455853 "" "" 1482.94299 1710.05554 15012.84457 6.0838 6107.1 9.579 13086.0 17.134 "" "" 0.002790228439595606 0.0032688205 0.004037903 0.007306724 263.01792854574 -36.84034894904 1589.08435 -0.32 -1.455
