Clusters/UBC_663/UBC_663_stars_in_region.tsv
# %ECSV 1.0
# ---
# datatype:
# - name: RA_ICRS_1
#   unit: deg
#   datatype: float64
#   format: '{:15.11f}'
#   description: Right ascension (ICRS) at Ep=2016.0 (ra)
#   meta: !!omap
#   - {ucd: POS_EQ_RA_MAIN}
#   - {width: 15}
#   - {precision: '11'}
# - name: DE_ICRS_1
#   unit: deg
#   datatype: float64
#   format: '{:15.11f}'
#   description: Declination (ICRS) at Ep=2016.0 (dec)
#   meta: !!omap
#   - {ucd: POS_EQ_DEC_MAIN}
#   - {width: 15}
#   - {precision: '11'}
# - name: e_RA_ICRS
#   unit: mas
#   datatype: float64
#   format: '{:7.4f}'
#   description: Standard error of right ascension (ra_error)
#   meta: !!omap
#   - {ucd: ERROR}
#   - {width: 7}
#   - {precision: '4'}
# - name: e_DE_ICRS
#   unit: mas
#   datatype: float64
#   format: '{:7.4f}'
#   description: Standard error of declination (dec_error)
#   meta: !!omap
#   - {ucd: ERROR}
#   - {width: 7}
#   - {precision: '4'}
# - name: _r_1
#   unit: ''
#   datatype: float64
#   format: '{:7.4f}'
#   description: Distance from center (182.74621774000-63.63110226000)[ICRS], at Epoch=J2016.0
#   meta: !!omap
#   - {ucd: POS_ANG_DIST_GENERAL}
#   - {width: 7}
#   - {precision: '4'}
# - name: HIP
#   datatype: int32
#   description: '? HIP cross-id number, van Leeuwen, Cat. I/311 (hip_original_ext_source_id)'
#   meta: !!omap
#   - {ucd: ID_NUMBER}
#   - {width: 6}
#   - values: {'null': -2147483648}
# - name: TYC2
#   datatype: string
#   description: Tycho-2 cross-id name, Hog et al., Cat. I/259 (tyc2_original_ext_source_id)
#   meta: !!omap
#   - {ucd: ID_CROSSID}
#   - {_votable_string_dtype: char}
# - name: Source
#   datatype: int64
#   description: Source identifier, identical to the Gaia-EDR3 source_id (id)
#   meta: !!omap
#   - {ucd: ID_MAIN}
#   - {width: 19}
# - name: rgeo
#   unit: pc
#   datatype: float64
#   format: '{:15.8f}'
#   description: '? Median of the geometric distance posterior (r_med_geo)'
#   meta: !!omap
#   - {ucd: PHYS_DISTANCE_TRUE}
#   - {width: 15}
#   - {precision: '8'}
#   - values: {'null': .nan}
# - name: Plx
#   unit: mas
#   datatype: float64
#   format: '{:9.4f}'
#   description: '? Parallax (parallax)'
#   meta: !!omap
#   - {ucd: POS_PARLX_TRIG}
#   - {width: 9}
#   - {precision: '4'}
#   - values: {'null': .nan}
# - name: e_Plx
#   unit: mas
#   datatype: float32
#   format: '{:7.4f}'
#   description: '? Standard error of parallax (parallax_error)'
#   meta: !!omap
#   - {ucd: ERROR}
#   - {width: 7}
#   - {precision: '4'}
#   - values: {'null': .nan}
# - name: pmRA
#   unit: mas / yr
#   datatype: float64
#   format: '{:9.3f}'
#   description: '? Proper motion in right ascension direction, pmRA*cosDE (pmra)'
#   meta: !!omap
#   - {ucd: POS_EQ_PMRA}
#   - {width: 9}
#   - {precision: '3'}
#   - values: {'null': .nan}
# - name: pmDE
#   unit: mas / yr
#   datatype: float64
#   format: '{:9.3f}'
#   description: '? Proper motion in declination direction (pmdec)'
#   meta: !!omap
#   - {ucd: POS_EQ_PMDEC}
#   - {width: 9}
#   - {precision: '3'}
#   - values: {'null': .nan}
# - name: e_pmRA
#   unit: mas / yr
#   datatype: float32
#   format: '{:6.3f}'
#   description: '? Standard error of proper motion in right ascension direction (pmra_error)'
#   meta: !!omap
#   - {ucd: ERROR}
#   - {width: 6}
#   - {precision: '3'}
#   - values: {'null': .nan}
# - name: e_pmDE
[...]
#         value: !astropy.table.SerializedColumn {name: SkyCoord.dec}
#       distance: !astropy.table.SerializedColumn
#         __class__: astropy.coordinates.distances.Distance
#         unit: !astropy.units.Unit {unit: pc}
#         value: !astropy.table.SerializedColumn {name: SkyCoord.distance}
#       frame: icrs
#       obstime: !astropy.time.Time {format: jyear_str, in_subfmt: '*', jd1: 367701545.0, jd2: 0.0, out_subfmt: '*', precision: 3, scale: tt}
#       pm_dec: !astropy.table.SerializedColumn
#         __class__: astropy.units.quantity.Quantity
#         unit: !astropy.units.Unit {unit: mas / yr}
#         value: !astropy.table.SerializedColumn {name: SkyCoord.pm_dec}
#       pm_ra_cosdec: !astropy.table.SerializedColumn
#         __class__: astropy.units.quantity.Quantity
#         unit: !astropy.units.Unit {unit: mas / yr}
#         value: !astropy.table.SerializedColumn {name: SkyCoord.pm_ra_cosdec}
#       ra: !astropy.table.SerializedColumn
#         __class__: astropy.coordinates.angles.Longitude
#         unit: *id001
#         value: !astropy.table.SerializedColumn {name: SkyCoord.ra}
#         wrap_angle: !astropy.coordinates.Angle
#           unit: *id001
#           value: 360.0
#       representation_type: spherical
# schema: astropy-2.0
RA_ICRS_1 DE_ICRS_1 e_RA_ICRS e_DE_ICRS _r_1 HIP TYC2 Source rgeo Plx e_Plx pmRA pmDE e_pmRA e_pmDE RUWE Teff logg Gmag BP-RP BPmag RPmag RV e_RV b_rgeo B_rgeo FG e_FG FBP e_FBP FRP e_FRP RAVE5 RAVE6 e_Gmag e_BPmag e_RPmag e_BP-RP SkyCoord.ra SkyCoord.dec SkyCoord.distance SkyCoord.pm_ra_cosdec SkyCoord.pm_dec rmRA rmDE e_rmRA e_rmDE rRV e_rRV v_pec v_pec3d e_vpec e_vpec3d
[from data line 249]
183.23946630921 -63.58371207918 0.012 0.0125 13.4593 "" "" 6054183907580316544 2953.35986 0.3028 0.016 -2.97 -1.239 0.015 0.017 1.109 4702.3 2.428 13.995726 1.995719 14.945492 12.949773 4.53 1.48 2821.65527 3091.54297 47495.93068 12.872 14362.0 179.15 52390.0 266.84 "" "" 0.0027709874502452837 0.0138277775 0.006698124 0.020525903 183.23946630921 -63.58371207918 2953.35986 -2.9699999999999993 -1.239 2.7504446792602537 -1.2253888891413809 0.10537958 0.107379586 "" "" 42.15170189027442 "" 4.45600108021216 ""
182.62167070263 -63.59941318772 0.0129 0.0122 3.8267 "" "" 6054192639307447296 2608.26538 0.3465 0.016 -9.892 3.649 0.015 0.016 1.068 4610.6 2.6098 13.9988 1.903896 14.944237 13.04034 26.27 1.31 2506.61743 2720.03442 47361.63498 10.072 14379.0 16.639 48197.0 36.623 "" "" 0.002764977687213336 0.003059992 0.0038683803 0.006928372 182.62167070263 -63.59941318772 2608.26538 -9.89199999999999 3.648999999999999 -4.1715553207397456 3.6626111108586192 0.10537958 0.10637958 "" "" 68.63133338787043 "" 7.262296756213392 ""
182.28982676782 -63.72778331186 0.0119 0.0125 13.4562 "" "" 6054086261552834816 2347.02808 0.3861 0.0157 -5.745 0.054 0.017 0.018 0.923 8708.2 4.0392 14.00519 0.509621 14.195458 13.685838 "" "" 2270.84326 2461.4812 47083.72199 16.442 28657.0 22.442 26596.0 15.187 "" "" 0.002781284270498882 0.0029168478 0.0038298962 0.006746744 182.28982676782 -63.72778331186 2347.02808 -5.744999999999997 0.05399999999999991 -0.0245553207397462 0.0676111108586192 0.107379586 0.10837958 "" "" 0.8002382902266872 "" 0.08663661735028623 ""
182.80232153377 -63.84855384251 0.0112 0.0122 13.1318 "" "" 6054124263421184896 2231.64233 0.4116 0.0149 -9.268 0.99 0.014 0.015 0.99 7178.6 3.9189 14.017107 0.842215 14.353321 13.511107 "" "" 2148.42749 2332.69556 46569.76584 7.896 24779.0 14.699 31240.0 12.951 "" "" 0.002761463034465215 0.0028635405 0.0038060904 0.006669631 182.80232153377 -63.84855384251 2231.64233 -9.268000000000008 0.9899999999999995 -3.5475553207397468 1.0036111108586192 0.10437958 0.10537958 "" "" 38.99875566063619 "" 4.073576449673234 ""
183.33774054753 -63.58282257434 0.0119 0.0116 16.0405 "" "" 6054137354482599168 2771.57642 0.3289 0.015 -2.999 -2.303 0.016 0.015 0.979 "" "" 14.024174 1.784656 14.894657 13.110002 31.87 1.52 2636.28882 2873.4314 46267.61007 8.8926 15051.0 14.469 45202.0 19.069 "" "" 0.00276321113590383 0.0029790045 0.0038070355 0.00678604 183.33774054753 -63.58282257434 2771.57642 -2.9989999999999974 -2.3029999999999977 2.721444679260254 -2.2893888891413807 0.10637958 0.10537958 "" "" 46.72062230010021 "" 4.950812213455746 ""
182.51119647671 -63.39192838738 0.0121 0.0124 15.6682 "" "" 6054387115405824256 2906.07056 0.3098 0.0156 -7.083 -1.136 0.016 0.017 1.123 8406.4 3.5699 14.03537 0.676601 14.294338 13.617737 "" "" 2778.35181 3091.92456 45792.98599 9.9075 26163.0 16.84 28318.0 21.138 "" "" 0.0027653153608018692 0.0028763567 0.0038653014 0.006741658 182.51119647671 -63.39192838738 2906.07056 -7.083000000000004 -1.1360000000000001 -1.3625553207397463 -1.1223888891413807 0.10637958 0.107379586 "" "" 24.316725338960662 "" 2.596660488367018 ""
182.59946308201 -63.60763570417 0.0119 0.0119 4.1581 "" "" 6054192639281889920 2685.48999 0.3378 0.0152 -6.869 0.361 0.016 0.016 1.052 5174.9 2.8614 14.04107 1.816491 14.920005 13.103514 -37.13 4.01 2599.83838 2823.61597 45553.18383 10.75 14703.0 47.916 45473.0 56.623 "" "" 0.002767207688500629 0.0045060916 0.004013916 0.008520007 182.59946308201 -63.60763570417 2685.48999 -6.8690000000000015 0.361 -1.1485553207397459 0.3746111108586192 0.10637958 0.10637958 "" "" 15.37821169304955 "" 1.63592775454272 ""
182.44496805816 -63.38426789427 0.0118 0.0116 16.8626 "" "" 6054293519487975808 2757.57202 0.3261 0.0151 -3.429 -1.457 0.015 0.016 0.966 4643.0 2.4212 14.059169 1.731519 14.895777 13.164258 15.64 1.7 2659.19629 2851.89697 44800.13188 8.0701 15035.0 12.242 42999.0 18.062 "" "" 0.002762252857330124 0.002926872 0.0038068 0.006733672 182.44496805816 -63.38426789427 2757.57202 -3.4290000000000003 -1.4569999999999996 2.291444679260254 -1.4433888891413809 0.10537958 0.10637958 "" "" 35.39796773343637 "" 3.740312497095197 ""
183.04325250637 -63.91536653567 0.0175 0.0194 18.7865 "" "" 6054112031352708480 2287.56812 0.4103 0.0235 1.872 -0.466 0.022 0.025 1.645 4862.8 3.151 14.061001 1.580201 14.801929 13.221727 -6.63 2.39 2155.16919 2431.34131 44724.58653 6.8023 16393.0 9.9682 40782.0 20.925 "" "" 0.002760264171233428 0.0028672158 0.0038202186 0.0066874344 183.04325250637 -63.91536653567 2287.56812 1.8720000000000006 -0.466 7.592444679260254 -0.4523888891413808 0.11237958 0.11537958 "" "" 82.47144007009138 "" 9.268992776383248 ""
182.12971828102 -63.82084346688 0.0122 0.0127 19.9428 "" "" 6054083409694831744 2736.43579 0.3299 0.0163 -9.695 1.437 0.017 0.019 0.905 "" "" 14.065513 0.985213 14.468645 13.483432 "" "" 2640.72656 2857.27051 44539.13519 7.9188 22282.0 14.316 32047.0 17.811 "" "" 0.002762074025012629 0.0028760496 0.0038272513 0.006703301 182.12971828102 -63.82084346688 2736.43579 -9.695000000000007 1.437000000000001 -3.9745553207397464 1.4506111108586193 0.107379586 0.10937958 "" "" 54.87905802341801 "" 5.905898143686127 ""
182.18126116695 -63.71507985932 0.0118 0.0125 15.8551 "" "" 6054096535116788480 2906.61206 0.3098 0.0156 -5.232 1.246 0.016 0.019 0.928 5928.6 2.8221 14.066915 1.802048 14.943844 13.141796 -31.03 2.05 2791.66187 3055.84351 44481.65571 8.5773 14384.0 13.736 43897.0 22.583 "" "" 0.0027632627574286127 0.002976584 0.0038204342 0.0067970185 182.18126116695 -63.71507985932 2906.61206 -5.232 1.246 0.4884446792602537 1.2596111108586192 0.10637958 0.10937958 "" "" 18.613174427908028 "" 2.028689583494896 ""
182.66687214781 -63.3793789845 0.0122 0.0141 15.252 "" "" 6054386634369518208 2656.31445 0.3419 0.0159 -7.389 -0.805 0.017 0.02 1.017 5272.5 2.9872 14.067719 1.630723 14.83748 13.206757 1.42 2.52 2555.55493 2785.62085 44448.6764 8.4123 15864.0 16.225 41348.0 20.336 "" "" 0.002762971861605536 0.0030030205 0.0038169196 0.00681994 182.66687214781 -63.3793789845 2656.31445 -7.389 -0.8049999999999999 -1.6685553207397463 -0.7913888891413808 0.107379586 0.11037958 "" "" 23.251917957305658 "" 2.509736871751256 ""
182.71269265155 -63.84552491914 0.0116 0.0118 12.8961 "" "" 6054127149639190528 2631.78003 0.3433 0.0148 -4.189 0.32 0.015 0.015 0.955 "" "" 14.075426 0.646695 14.316649 13.669954 "" "" 2540.39624 2725.71167 44134.29896 10.105 25630.0 16.999 26988.0 15.448 "" "" 0.0027665116287302043 0.0028815982 0.0038301386 0.006711737 182.71269265155 -63.84552491914 2631.78003 -4.189 0.3199999999999997 1.5314446792602538 0.3336111108586192 0.10537958 0.10537958 "" "" 19.552254784880628 "" 2.060408425662166 ""
183.06801089318 -63.76266220747 0.013 0.0139 11.6407 "" "" 6054126359365467648 2806.08618 0.3235 0.0173 -7.37 1.713 0.017 0.019 1.234 5003.3 2.891 14.084603 1.703912 14.896905 13.192993 -15.68 2.38 2672.93164 2926.07812 43762.84515 7.5188 15019.0 16.227 41876.0 21.411 "" "" 0.002761627387143818 0.0030267353 0.0038199343 0.0068466696 183.06801089318 -63.76266220747 2806.08618 -7.369999999999998 1.713 -1.6495553207397462 1.7266111108586193 0.107379586 0.10937958 "" "" 31.761520205893063 "" 3.44389555800956 ""
183.31020971075 -63.49768719588 0.0123 0.0123 17.0597 "" "" 6054185698639566592 2302.4165 0.4016 0.0152 -1.775 2.159 0.015 0.017 0.983 5057.8 3.1633 14.092358 1.615355 14.851221 13.235867 -31.46 1.78 2228.92603 2398.02002 43451.38729 7.6411 15665.0 16.187 40254.0 21.193 "" "" 0.002761927600293783 0.0030072818 0.0038223653 0.0068296473 183.31020971075 -63.49768719588 2302.4165 -1.775 2.159000000000002 3.945444679260254 2.172611110858619 0.10537958 0.107379586 "" "" 49.15511458536853 "" 5.2029856752024575 ""
182.11435608124 -63.4829008274 0.0118 0.0134 19.0808 "" "" 6054291320464434176 2368.85767 0.3882 0.0158 -5.427 -0.165 0.016 0.019 0.999 8936.2 4.1572 14.098734 0.7266 14.379538 13.652938 "" "" 2292.26978 2465.50586 43196.95899 8.2208 24188.0 14.044 27415.0 17.114 "" "" 0.002763056958957822 0.0028604981 0.0038396758 0.006700174 182.11435608124 -63.4829008274 2368.85767 -5.427 -0.1650000000000002 0.2934446792602543 -0.1513888891413808 0.10637958 0.10937958 "" "" 3.7075505393722072 "" 0.3967716305955676 ""
182.51527330454 -63.79708145153 0.0131 0.014 11.6975 "" "" 6054081343763240832 2990.10645 0.3034 0.0173 -3.998 -1.559 0.017 0.018 1.208 5056.0 2.6993 14.100324 1.74018 14.930279 13.190099 -55.95 3.35 2839.39014 3178.32642 43133.75342 10.039 14565.0 13.336 41987.0 19.642 "" "" 0.0027668835203034426 0.0029619802 0.0038133594 0.0067753396 182.51527330454 -63.79708145153 2990.10645 -3.9979999999999993 -1.5590000000000004 1.7224446792602537 -1.5453888891413807 0.107379586 0.10837958 "" "" 32.797931320506414 "" 3.536492898120201 ""
182.73293413648 -63.53820117226 0.0121 0.0125 5.5853 "" "" 6054193360862021760 2858.0 0.3175 0.0152 -8.566 0.356 0.016 0.017 0.957 "" "" 14.100892 1.660598 14.884232 13.223635 -9.47 2.44 2722.43359 2976.59204 43111.18619 8.7484 15196.0 16.583 40710.0 47.747 "" "" 0.0027641151072515537 0.0030313171 0.003988146 0.007019463 182.73293413648 -63.53820117226 2858.0 -8.566000000000008 0.35599999999999954 -2.845555320739747 0.3696111108586192 0.10637958 0.107379586 "" "" 38.87233742701202 "" 4.135871002882338 ""
182.5066729104 -63.90487601249 0.0148 0.0165 17.6121 "" "" 6054032759093013504 2740.16455 0.3296 0.0201 -4.653 0.708 0.02 0.021 1.326 7963.8 3.7831 14.117809 0.998194 14.508381 13.510187 "" "" 2589.22412 2917.36328 42444.65493 11.183 21481.0 62.346 31267.0 68.789 "" "" 0.0027701300786453394 0.004208945 0.0044709616 0.008679907 182.5066729104 -63.90487601249 2740.16455 -4.652999999999996 0.7079999999999999 1.0674446792602543 0.7216111108586192 0.11037958 0.11137958 "" "" 16.73516715779622 "" 1.8524860685747642 ""
182.36502232546 -63.58170675956 0.0944 0.0847 10.5904 "" "" 6054102891668087296 2896.25659 0.3528 0.1094 -7.911 0.097 0.118 0.116 7.227 7088.9 3.2202 14.122095 0.752994 14.389735 13.636742 "" "" 2257.48315 4469.47852 42277.43443 35.142 23962.0 16.543 27827.0 28.071 "" "" 0.0028993579595574205 0.0028891023 0.0039348844 0.006823987 182.36502232546 -63.58170675956 2896.25659 -7.911 0.09700000000000009 -2.1905553207397457 0.11061111085861922 0.20837958 0.20637958 "" "" 30.11081826740908 "" 6.274327287547733 ""
182.6946528704 -63.63536954973 0.0119 0.0121 1.3977 "" "" 6054180196752190592 2327.54224 0.393 0.0155 -5.715 -0.019 0.016 0.016 0.875 9703.6 3.9 14.122518 0.41321 14.272871 13.859661 "" "" 2235.37817 2416.56079 42260.98175 12.939 26685.0 19.383 22662.0 18.708 "" "" 0.0027753002692536637 0.0028994826 0.003884209 0.0067836917 182.6946528704 -63.63536954973 2327.54224 -5.715 -0.019000000000000034 0.005444679260254048 -0.005388889141380786 0.10637958 0.10637958 "" "" 0.08451585775254294 "" 0.008990761744999213 ""
182.4073448975 -63.62131635598 0.0155 0.0147 9.0512 "" "" 6054099627492914304 2339.698 0.3946 0.019 -6.265 0.302 0.019 0.022 1.329 5867.2 3.3467 14.130762 1.170675 14.634077 13.463402 19.76 8.02 2250.77563 2437.45435 41941.2908 7.2537 19133.0 13.562 32644.0 16.27 "" "" 0.002761711345529199 0.0028943622 0.003817926 0.006712288 182.4073448975 -63.62131635598 2339.698 -6.265 0.302 -0.5445553207397458 0.3156111108586192 0.10937958 0.11237958 "" "" 6.980209425747278 "" 0.7688114952790037 ""
183.07120927126 -63.8559065219 0.0115 0.0123 16.0108 "" "" 6054113165224127872 2239.27173 0.4085 0.0151 -5.918 -0.179 0.014 0.016 0.912 9608.8 3.9987 14.132606 0.464045 14.30243 13.838386 "" "" 2164.02637 2317.07129 41870.14895 12.775 25968.0 16.969 23110.0 15.582 "" "" 0.0027751627891824016 0.0028789607 0.0038496288 0.0067285895 183.07120927126 -63.8559065219 2239.27173 -5.918 -0.179 -0.19755532073974624 -0.16538888914138078 0.10437958 0.10637958 "" "" 2.734695414055575 "" 0.28771269747419165 ""
183.06697612896 -63.92974587646 0.0113 0.0127 19.8337 "" "" 6054111790834528128 2377.91724 0.3839 0.0149 -8.557 0.05 0.014 0.017 0.962 "" "" 14.135889 0.663539 14.382988 13.719449 "" "" 2293.67603 2457.82007 41743.70125 9.0302 24111.0 17.975 25786.0 36.328 "" "" 0.0027653126636158092 0.0029052058 0.004077186 0.0069823917 183.06697612896 -63.92974587646 2377.91724 -8.557000000000007 0.05000000000000002 -2.8365553207397465 0.06361111085861922 0.10437958 0.107379586 "" "" 31.97978292731891 "" 3.3380852086483577 ""
183.05240172398 -63.71228473672 0.0125 0.0126 9.4928 "" "" 6054130413814655616 2872.94604 0.3173 0.0163 -3.367 -2.604 0.016 0.017 1.022 4650.8 1.734 14.136724 1.836788 15.031709 13.194921 -14.37 2.29 2748.12524 3012.57837 41711.65564 9.3525 13266.0 15.604 41801.0 20.574 "" "" 0.0027660537163050024 0.0030685498 0.0038169748 0.006885525 183.05240172398 -63.71228473672 2872.94604 -3.367000000000001 -2.604 2.353444679260254 -2.590388889141381 0.10637958 0.107379586 "" "" 47.65987228622195 "" 5.0962015275025765 ""
182.19204934581 -63.72331708047 0.0132 0.0136 15.7479 "" "" 6054096535116788608 2259.3064 0.4044 0.0168 -6.597 0.225 0.018 0.02 0.974 "" "" 14.150642 0.434653 14.310548 13.875895 "" "" 2185.3147 2353.5 41180.33462 15.954 25775.0 25.393 22325.0 17.29 "" "" 0.0027872427368603615 0.0029881748 0.0038717936 0.0068599684 182.19204934581 -63.72331708047 2259.3064 -6.597000000000004 0.22499999999999984 -0.8765553207397465 0.23861111085861922 0.10837958 0.11037958 "" "" 9.728711314848299 "" 1.0557475023780918 ""
183.35205322143 -63.70401582683 0.0122 0.0132 16.707 "" "" 6054132681557949056 2238.44287 0.4103 0.0161 -6.869 0.524 0.016 0.017 0.945 9246.4 3.8023 14.151929 0.63768 14.384268 13.746588 "" "" 2164.73975 2323.3418 41131.5442 12.71 24083.0 39.162 25149.0 45.554 "" "" 0.002775671243432109 0.003301847 0.004260457 0.007562304 183.35205322143 -63.70401582683 2238.44287 -6.869000000000004 0.5240000000000004 -1.1485553207397459 0.5376111108586192 0.10637958 0.107379586 "" "" 13.455352030195687 "" 1.4338022452122283 ""
182.25989686879 -63.64403454178 0.016 0.0162 12.9802 "" "" 6054099146458683776 2477.55176 0.3686 0.02 -6.052 -2.741 0.02 0.023 1.001 4618.1 2.6074 14.152175 1.729896 14.986021 13.256125 9.32 2.43 2366.18506 2617.65625 41122.22808 7.4758 13836.0 11.922 39510.0 17.551 "" "" 0.0027623809763302506 0.0029428361 0.0038100318 0.006752868 182.25989686879 -63.64403454178 2477.55176 -6.051999999999996 -2.741000000000001 -0.3315553207397457 -2.727388889141381 0.11037958 0.11337958 "" "" 32.26514957067363 "" 3.6568179589250502 ""
183.45822041862 -63.54454322944 0.0116 0.0125 19.6998 "" "" 6054138969390397568 2845.11694 0.3169 0.0155 -8.044 0.84 0.016 0.016 0.964 4897.4 2.6017 14.160871 1.945796 15.135166 13.18937 -26.57 1.95 2718.95093 2960.09302 40794.22499 8.9458 12060.0 11.171 42016.0 18.903 "" "" 0.002765588038530885 0.0029658866 0.0038108178 0.0067767045 183.45822041862 -63.54454322944 2845.11694 -8.044 0.8399999999999996 -2.3235553207397466 0.8536111108586192 0.10637958 0.10637958 "" "" 33.38276413277456 "" 3.5512445437880054 ""
183.11054813138 -63.75842138593 0.0113 0.0118 12.3369 "" "" 6054126393725220352 2424.47754 0.3767 0.0149 -6.303 0.665 0.015 0.016 0.947 10249.4 4.1559 14.166665 0.794081 14.475575 13.681495 "" "" 2349.59204 2524.37378 40577.08769 15.011 22140.0 26.642 26703.0 32.61 "" "" 0.0027844417830148664 0.0030809126 0.0040052184 0.007086131 183.11054813138 -63.75842138593 2424.47754 -6.302999999999998 0.6650000000000004 -0.582555320739746 0.6786111108586192 0.10537958 0.10637958 "" "" 10.278031434217624 "" 1.0890238292648982 ""
182.69719435946 -63.79370237871 0.0116 0.0129 9.8426 "" "" 6054128455309341440 2661.01562 0.3335 0.0159 -6.15 -0.624 0.015 0.016 0.984 "" "" 14.174019 0.886431 14.52672 13.640289 "" "" 2548.86133 2805.18213 40303.18142 34.784 21122.0 67.599 27736.0 73.508 "" "" 0.002910302237241132 0.004456374 0.004750129 0.009206503 182.69719435946 -63.79370237871 2661.01562 -6.150000000000001 -0.624 -0.42955532073974645 -0.6103888891413808 0.10537958 0.10637958 "" "" 9.414328980808573 "" 0.9983840474688445 ""
