Clusters/UBC_663/UBC_663_stars_in_region.tsv
# %ECSV 1.0
# ---
# datatype:
# - name: RA_ICRS_1
#   unit: deg
#   datatype: float64
#   format: '{:15.11f}'
#   description: Right ascension (ICRS) at Ep=2016.0 (ra)
#   meta: !!omap
#   - {ucd: POS_EQ_RA_MAIN}
#   - {width: 15}
#   - {precision: '11'}
# - name: DE_ICRS_1
#   unit: deg
#   datatype: float64
#   format: '{:15.11f}'
#   description: Declination (ICRS) at Ep=2016.0 (dec)
#   meta: !!omap
#   - {ucd: POS_EQ_DEC_MAIN}
#   - {width: 15}
#   - {precision: '11'}
# - name: e_RA_ICRS
#   unit: mas
#   datatype: float64
#   format: '{:7.4f}'
#   description: Standard error of right ascension (ra_error)
#   meta: !!omap
#   - {ucd: ERROR}
#   - {width: 7}
#   - {precision: '4'}
# - name: e_DE_ICRS
#   unit: mas
#   datatype: float64
#   format: '{:7.4f}'
#   description: Standard error of declination (dec_error)
#   meta: !!omap
#   - {ucd: ERROR}
#   - {width: 7}
#   - {precision: '4'}
# - name: _r_1
#   unit: ''
#   datatype: float64
#   format: '{:7.4f}'
#   description: Distance from center (182.74621774000-63.63110226000)[ICRS], at Epoch=J2016.0
#   meta: !!omap
#   - {ucd: POS_ANG_DIST_GENERAL}
#   - {width: 7}
#   - {precision: '4'}
# - name: HIP
#   datatype: int32
#   description: '? HIP cross-id number, van Leeuwen, Cat. I/311 (hip_original_ext_source_id)'
#   meta: !!omap
#   - {ucd: ID_NUMBER}
#   - {width: 6}
#   - values: {'null': -2147483648}
# - name: TYC2
#   datatype: string
#   description: Tycho-2 cross-id name, Hog et al., Cat. I/259 (tyc2_original_ext_source_id)
#   meta: !!omap
#   - {ucd: ID_CROSSID}
#   - {_votable_string_dtype: char}
# - name: Source
#   datatype: int64
#   description: Source identifier, identical to the Gaia-EDR3 source_id (id)
#   meta: !!omap
#   - {ucd: ID_MAIN}
#   - {width: 19}
# - name: rgeo
#   unit: pc
#   datatype: float64
#   format: '{:15.8f}'
#   description: '? Median of the geometric distance posterior (r_med_geo)'
#   meta: !!omap
#   - {ucd: PHYS_DISTANCE_TRUE}
#   - {width: 15}
#   - {precision: '8'}
#   - values: {'null': .nan}
# - name: Plx
#   unit: mas
#   datatype: float64
#   format: '{:9.4f}'
#   description: '? Parallax (parallax)'
#   meta: !!omap
#   - {ucd: POS_PARLX_TRIG}
#   - {width: 9}
#   - {precision: '4'}
#   - values: {'null': .nan}
# - name: e_Plx
#   unit: mas
#   datatype: float32
#   format: '{:7.4f}'
#   description: '? Standard error of parallax (parallax_error)'
#   meta: !!omap
#   - {ucd: ERROR}
#   - {width: 7}
#   - {precision: '4'}
#   - values: {'null': .nan}
# - name: pmRA
#   unit: mas / yr
#   datatype: float64
#   format: '{:9.3f}'
#   description: '? Proper motion in right ascension direction, pmRA*cosDE (pmra)'
#   meta: !!omap
#   - {ucd: POS_EQ_PMRA}
#   - {width: 9}
#   - {precision: '3'}
#   - values: {'null': .nan}
# - name: pmDE
#   unit: mas / yr
#   datatype: float64
#   format: '{:9.3f}'
#   description: '? Proper motion in declination direction (pmdec)'
#   meta: !!omap
#   - {ucd: POS_EQ_PMDEC}
#   - {width: 9}
#   - {precision: '3'}
#   - values: {'null': .nan}
# - name: e_pmRA
#   unit: mas / yr
#   datatype: float32
#   format: '{:6.3f}'
#   description: '? Standard error of proper motion in right ascension direction (pmra_error)'
#   meta: !!omap
#   - {ucd: ERROR}
#   - {width: 6}
#   - {precision: '3'}
#   - values: {'null': .nan}
# - name: e_pmDE
[...]
#         value: !astropy.table.SerializedColumn {name: SkyCoord.dec}
#       distance: !astropy.table.SerializedColumn
#         __class__: astropy.coordinates.distances.Distance
#         unit: !astropy.units.Unit {unit: pc}
#         value: !astropy.table.SerializedColumn {name: SkyCoord.distance}
#       frame: icrs
#       obstime: !astropy.time.Time {format: jyear_str, in_subfmt: '*', jd1: 367701545.0, jd2: 0.0, out_subfmt: '*', precision: 3, scale: tt}
#       pm_dec: !astropy.table.SerializedColumn
#         __class__: astropy.units.quantity.Quantity
#         unit: !astropy.units.Unit {unit: mas / yr}
#         value: !astropy.table.SerializedColumn {name: SkyCoord.pm_dec}
#       pm_ra_cosdec: !astropy.table.SerializedColumn
#         __class__: astropy.units.quantity.Quantity
#         unit: !astropy.units.Unit {unit: mas / yr}
#         value: !astropy.table.SerializedColumn {name: SkyCoord.pm_ra_cosdec}
#       ra: !astropy.table.SerializedColumn
#         __class__: astropy.coordinates.angles.Longitude
#         unit: *id001
#         value: !astropy.table.SerializedColumn {name: SkyCoord.ra}
#         wrap_angle: !astropy.coordinates.Angle
#           unit: *id001
#           value: 360.0
#       representation_type: spherical
# schema: astropy-2.0
RA_ICRS_1 DE_ICRS_1 e_RA_ICRS e_DE_ICRS _r_1 HIP TYC2 Source rgeo Plx e_Plx pmRA pmDE e_pmRA e_pmDE RUWE Teff logg Gmag BP-RP BPmag RPmag RV e_RV b_rgeo B_rgeo FG e_FG FBP e_FBP FRP e_FRP RAVE5 RAVE6 e_Gmag e_BPmag e_RPmag e_BP-RP SkyCoord.ra SkyCoord.dec SkyCoord.distance SkyCoord.pm_ra_cosdec SkyCoord.pm_dec rmRA rmDE e_rmRA e_rmDE rRV e_rRV v_pec v_pec3d e_vpec e_vpec3d
[from data line 1891]
182.97774962837 -63.37360369808 0.3407 0.358 16.6468 "" "" 6054199717389593600 3080.09766 1.1149 0.4425 -6.478 -0.213 0.412 0.441 13.999 "" "" 16.536886 1.271599 16.645811 15.374212 "" "" 1623.30286 4300.34912 4572.90657 7.5851 2999.8 16.609 5616.6 16.81 "" "" 0.003291669073544377 0.0066273636 0.0049842824 0.011611646 182.97774962837 -63.37360369808 3080.09766 -6.478 -0.21300000000000033 -0.7575553207397459 -0.19938888914138078 0.5023796 0.5313796 "" "" 11.436727669850008 "" 5.767643825975711 ""
182.7873091254 -63.43124092286 0.035 0.0331 12.0419 "" "" 6054197896347662976 2713.20068 0.3524 0.0446 -5.849 -0.589 0.047 0.044 0.972 "" "" 16.538128 1.206621 17.047022 15.840401 "" "" 2391.23267 3113.68506 4567.68283 2.3948 2073.0 8.8231 3655.9 14.092 "" "" 0.0028135079215301315 0.0053981193 0.005639019 0.011037138 182.7873091254 -63.43124092286 2713.20068 -5.849 -0.589 -0.1285553207397463 -0.5753888891413808 0.13737959 0.13437958 "" "" 7.582273063385323 "" 1.019995652326855 ""
183.42037619294 -63.63917213663 0.035 0.0341 17.9695 "" "" 6054136014452711936 2306.58911 0.4174 0.045 -2.62 1.223 0.043 0.042 0.951 5659.4 4.5853 16.538294 1.100332 16.993444 15.893112 "" "" 2110.62402 2567.95386 4566.98109 2.0368 2177.9 4.5878 3482.7 9.2415 "" "" 0.0027975452064858625 0.003607771 0.0047522807 0.008360052 183.42037619294 -63.63917213663 2306.58911 -2.62 1.223 3.100444679260254 1.2366111108586193 0.13337958 0.13237958 "" "" 36.49467153966849 "" 4.862651313383482 ""
182.11237753925 -63.51380035533 0.0353 0.0375 18.3309 "" "" 6054290942507293312 2815.0293 0.3511 0.0452 -11.74 -1.098 0.044 0.056 0.947 5595.6 4.5858 16.538706 1.074965 16.991537 15.916573 "" "" 2527.98975 3247.85083 4565.24973 2.0871 2181.7 7.8194 3408.2 8.8633 "" "" 0.0027996731451519407 0.0047883005 0.0047176406 0.009505941 182.11237753925 -63.51380035533 2815.0293 -11.74 -1.0979999999999992 -6.019555320739746 -1.0843888891413809 0.13437958 0.14637959 "" "" 81.61323701087166 "" 10.999263203590179 ""
182.78143902366 -63.89998534662 0.0347 0.0342 16.16 "" "" 6054123159564456320 2658.96875 0.3691 0.0443 -5.628 0.797 0.043 0.043 0.962 6109.2 4.4038 16.539516 1.344349 17.104076 15.759728 "" "" 2352.35376 3076.02075 4561.84156 2.3018 1966.9 11.134 3937.9 10.404 "" "" 0.0028092552785993884 0.006749702 0.004744704 0.011494406 182.78143902366 -63.89998534662 2658.96875 -5.6280000000000046 0.7970000000000006 0.09244467926025379 0.8106111108586193 0.13337958 0.13337958 "" "" 10.282769572857074 "" 1.3715114723697928 ""
183.2032591097 -63.80958982042 0.0335 0.0336 16.1895 "" "" 6054130924863323904 2345.51733 0.4117 0.0436 -14.022 -2.457 0.04 0.043 0.982 5751.7 4.6354 16.539883 1.117086 17.020136 15.903049 "" "" 2125.323 2543.17749 4560.3022 2.055 2125.0 8.1607 3450.9 7.929 "" "" 0.0027984223831856187 0.005017019 0.0045284685 0.009545487 183.2032591097 -63.80958982042 2345.51733 -14.022000000000011 -2.4570000000000003 -8.301555320739746 -2.4433888891413806 0.13037959 0.13337958 "" "" 96.20933606025815 "" 12.566986997808048 ""
183.03427443915 -63.55590541419 0.0863 0.0798 8.9129 "" "" 6054182159555987200 2518.04761 0.426 0.1049 -8.368 1.132 0.107 0.102 2.644 6267.7 4.4448 16.540264 1.53089 17.133072 15.602181 "" "" 2059.70508 3064.5 4558.70248 5.3793 1915.1 12.064 4552.9 14.889 "" "" 0.003038618386327677 0.007386729 0.0051856036 0.012572333 183.03427443915 -63.55590541419 2518.04761 -8.368 1.1320000000000003 -2.6475553207397464 1.145611110858619 0.19737959 0.19237958 "" "" 34.43146139302354 "" 6.769208222218287 ""
182.57288028104 -63.93433140866 0.0348 0.0359 18.7649 "" "" 6054123301348383104 2268.5188 0.4234 0.046 -9.347 0.429 0.044 0.045 1.065 5549.6 4.591 16.541185 1.138703 17.014254 15.87555 "" "" 2080.20239 2485.80957 4554.83621 2.2097 2136.6 7.1126 3539.5 9.8673 "" "" 0.002805214757915314 0.004566019 0.004842016 0.009408034 182.57288028104 -63.93433140866 2268.5188 -9.347 0.42900000000000027 -3.6265553207397456 0.4426111108586192 0.13437958 0.13537958 "" "" 39.28490446885123 "" 5.279667682963235 ""
183.42964346405 -63.63426642828 0.0386 0.0348 18.2125 "" "" 6054136048812461824 2235.11377 0.4394 0.0495 -13.389 2.651 0.047 0.043 1.047 4978.6 4.5118 16.54121 1.15182 17.03804 15.88622 "" "" 1988.22473 2491.03833 4554.73212 2.2938 2090.3 6.3463 3504.9 6.3159 "" "" 0.0028090503503471133 0.004318694 0.0042557833 0.008574477 183.42964346405 -63.63426642828 2235.11377 -13.389000000000006 2.650999999999999 -7.668555320739745 2.664611110858619 0.13737959 0.13337958 "" "" 86.00890039289833 "" 11.779287092518107 ""
182.60831593151 -63.66163315139 0.0355 0.0349 4.1044 "" "" 6054179788763697024 2803.53027 0.3329 0.0447 -4.935 0.104 0.045 0.047 1.0 7228.5 4.338 16.541273 1.134471 17.021614 15.887143 "" "" 2488.22949 3242.85107 4554.46916 2.1413 2122.1 7.8867 3501.9 11.137 "" "" 0.002802206561213467 0.004905817 0.005119229 0.010025047 182.60831593151 -63.66163315139 2803.53027 -4.935000000000003 0.10400000000000002 0.7854446792602543 0.11761111085861921 0.13537958 0.13737959 "" "" 10.553929510874902 "" 1.4292528085478957 ""
182.49882412405 -63.92257975822 0.035 0.0351 18.6781 "" "" 6054032660356141184 2532.31885 0.396 0.0449 -5.872 0.907 0.044 0.044 0.952 "" "" 16.542248 1.188776 17.052776 15.864 "" "" 2263.48486 2930.59106 4550.37816 2.15 2062.1 12.694 3577.3 9.1996 "" "" 0.00280266942615854 0.007242658 0.0046989145 0.011941573 182.49882412405 -63.92257975822 2532.31885 -5.871999999999996 0.9069999999999999 -0.15155532073974598 0.9206111108586192 0.13437958 0.13437958 "" "" 11.199008615172565 "" 1.5049180810325102 ""
183.26804707016 -63.68190711327 0.0387 0.0348 14.2242 "" "" 6054135533416250496 3062.81689 0.3174 0.0478 -4.81 -3.971 0.045 0.043 1.056 4733.8 4.1904 16.543856 1.53351 17.243254 15.709744 "" "" 2674.60571 3571.86694 4543.64263 2.2221 1730.3 10.259 4123.4 10.815 "" "" 0.0028060178912817425 0.00701603 0.0047321417 0.011748172 183.26804707016 -63.68190711327 3062.81689 -4.809999999999999 -3.9709999999999988 0.9104446792602543 -3.957388889141381 0.13537958 0.13337958 "" "" 58.95322224799433 "" 7.8691250328149565 ""
182.18932752765 -63.49281355406 0.0374 0.0343 17.034 "" "" 6054291079946301184 2337.63184 0.405 0.0443 -7.979 3.141 0.047 0.052 1.082 "" "" 16.544659 1.181773 17.060257 15.878484 "" "" 2102.43848 2600.24268 4540.28865 2.2811 2047.9 7.4941 3529.9 9.1048 "" "" 0.0028087980599702665 0.0048549953 0.004703872 0.009558868 182.18932752765 -63.49281355406 2337.63184 -7.979 3.141 -2.258555320739746 3.1546111108586192 0.13737959 0.14237958 "" "" 42.9893463992807 "" 6.048819320919739 ""
182.86122309113 -63.91633908584 0.0369 0.0368 17.3837 "" "" 6054122850324631296 2691.79395 0.3586 0.0461 -4.835 -0.078 0.045 0.044 1.077 8093.8 4.3399 16.546738 1.432089 17.185593 15.753504 "" "" 2358.50122 3062.04614 4531.59997 2.2135 1824.7 5.1198 3960.6 8.7825 "" "" 0.0028058950722313508 0.0041310475 0.004481092 0.008612139 182.86122309113 -63.91633908584 2691.79395 -4.835 -0.07800000000000012 0.8854446792602539 -0.06438888914138079 0.13537958 0.13437958 "" "" 11.327311820375591 "" 1.5334273807350145 ""
182.94799544705 -63.80181950615 0.0341 0.0339 11.5611 "" "" 6054125912688761728 2516.80615 0.3871 0.0435 -4.87 -0.644 0.042 0.043 1.063 "" "" 16.546875 1.279736 16.931404 15.651669 "" "" 2238.42773 2874.84741 4531.02688 3.5914 2306.0 35.881 4350.0 77.846 "" "" 0.0028865875973445978 0.017122744 0.019794092 0.036916837 182.94799544705 -63.80181950615 2516.80615 -4.87 -0.6439999999999996 0.8504446792602538 -0.6303888891413808 0.13237958 0.13337958 "" "" 12.628808848458151 "" 1.676285541013713 ""
183.11122560289 -63.4440893857 0.0459 0.0494 14.8709 "" "" 6054195422446557312 2639.16284 0.3295 0.0607 -6.447 0.354 0.058 0.07 0.978 "" "" 16.547134 2.252152 17.365307 15.113154 "" "" 2292.43701 3008.46631 4529.94332 6.2228 1546.3 50.385 7143.3 131.75 "" "" 0.0031330976912648193 0.035487734 0.020378688 0.05586642 183.11122560289 -63.4440893857 2639.16284 -6.446999999999999 0.3540000000000002 -0.7265553207397462 0.3676111108586192 0.14837958 0.16037959 "" "" 10.18610217523368 "" 1.5371122374204862 ""
183.28276863747 -63.46065917713 0.0352 0.0344 17.6141 "" "" 6054188928455032320 2179.95972 0.4357 0.0447 -9.513 -0.099 0.041 0.043 1.035 5742.1 4.6482 16.5472 1.203016 17.048151 15.845135 "" "" 1994.40112 2395.10449 4529.67215 2.1324 2070.9 7.8815 3640.0 12.286 "" "" 0.0028023270864084397 0.0049859355 0.0052643563 0.010250292 183.28276863747 -63.46065917713 2179.95972 -9.513000000000007 -0.09900000000000024 -3.792555320739746 -0.08538888914138079 0.13137957 0.13337958 "" "" 39.19843998669685 "" 5.149914391000378 ""
182.48137038118 -63.36333283066 0.035 0.0317 17.5615 "" "" 6054293618226998912 2770.83154 0.352 0.0434 -7.531 0.159 0.044 0.047 0.901 6225.3 4.3156 16.548746 1.403218 17.159683 15.756465 "" "" 2475.18262 3143.19971 4523.2281 2.1393 1868.7 10.994 3949.8 11.938 "" "" 0.0028027629685498127 0.0069704377 0.005005236 0.011975674 182.48137038118 -63.36333283066 2770.83154 -7.531 0.159 -1.8105553207397458 0.17261111085861922 0.13437958 0.13737959 "" "" 23.88718589169498 "" 3.210602624169365 ""
182.642981147 -63.86699863847 0.0345 0.0343 14.4165 "" "" 6054126732975178752 2453.42725 0.391 0.0433 -4.887 -5.48 0.041 0.044 0.973 5195.7 4.426 16.550045 1.352807 17.161118 15.80831 "" "" 2211.05396 2734.24561 4517.81674 2.1219 1866.3 7.142 3765.6 8.3081 "" "" 0.0028021117159254573 0.0050048386 0.0044745984 0.009479437 182.642981147 -63.86699863847 2453.42725 -4.887 -5.479999999999997 0.8334446792602543 -5.466388889141381 0.13137957 0.13437958 "" "" 64.30461281383495 "" 8.63689208715083 ""
182.98545375937 -63.84996794599 0.0371 0.0365 14.587 "" "" 6054124778817624448 2656.50903 0.3584 0.0464 -9.078 0.667 0.044 0.049 1.017 7151.6 4.2707 16.550568 1.217003 17.085173 15.86817 "" "" 2396.82861 2968.0647 4515.64349 2.2165 2001.5 8.7551 3563.6 7.7658 "" "" 0.0028063867686068285 0.0055082594 0.004458908 0.009967167 182.98545375937 -63.84996794599 2656.50903 -9.078000000000007 0.6670000000000009 -3.3575553207397455 0.6806111108586193 0.13437958 0.13937958 "" "" 43.13772723745404 "" 5.805494735188593 ""
183.40101023395 -63.74793695561 0.0612 0.0482 18.7716 "" "" 6054131616361341824 2571.28442 0.3941 0.0666 -4.483 -1.307 0.1 0.064 1.05 "" "" 16.551008 "" "" "" "" "" 2226.2439 3114.10938 4513.81166 4.2061 "" "" "" "" "" "" 0.0029351945957212877 "" "" "" 183.40101023395 -63.74793695561 2571.28442 -4.4830000000000005 -1.3070000000000002 1.2374446792602543 -1.2933888891413807 0.19037959 0.15437958 "" "" 21.816402016433063 "" 3.7638511158777934 ""
182.62798089107 -63.35239017508 0.0387 0.0365 17.0198 "" "" 6054387287204564992 2316.10083 0.4143 0.0491 -7.293 0.468 0.051 0.05 1.084 7487.3 4.3533 16.551184 1.097643 16.990112 15.892469 "" "" 2121.08179 2633.73877 4513.08383 2.5274 2184.6 7.1627 3484.7 8.145 "" "" 0.0028216111853435603 0.004522989 0.004552355 0.009075344 182.62798089107 -63.35239017508 2316.10083 -7.292999999999999 0.468 -1.5725553207397462 0.48161111085861924 0.14137958 0.14037958 "" "" 18.055510203419633 "" 2.5511371544991217 ""
182.66057005589 -63.84005361142 0.0373 0.0353 12.7416 "" "" 6054127046559971200 2543.0752 0.3769 0.0466 -7.846 -0.023 0.045 0.046 1.01 "" "" 16.552439 1.22869 17.085176 15.856486 "" "" 2249.21924 3076.08179 4507.86608 2.2357 2001.5 7.4858 3602.2 9.2136 "" "" 0.002807444823139819 0.0049269455 0.004689969 0.009616915 182.66057005589 -63.84005361142 2543.0752 -7.846000000000002 -0.023000000000000024 -2.125555320739746 -0.009388889141380787 0.13537958 0.13637958 "" "" 25.622068840958505 "" 3.468705487906631 ""
182.04524838261 -63.5823125845 0.0372 0.0349 18.9238 "" "" 6054289808604379648 2526.53662 0.3822 0.0436 -10.158 2.004 0.045 0.051 1.014 5633.9 4.5945 16.552925 1.117113 16.989836 15.872723 "" "" 2286.40771 2808.40161 4505.84725 2.1947 2185.2 6.2887 3548.7 11.396 "" "" 0.00280561214189447 0.0041890517 0.0051420233 0.0093310755 182.04524838261 -63.5823125845 2526.53662 -10.158000000000007 2.0039999999999996 -4.437555320739746 2.017611110858619 0.13537958 0.14137958 "" "" 58.378292917679275 "" 7.964326766588608 ""
182.53459253553 -63.7411850162 0.0376 0.036 8.678 "" "" 6054176279734653184 3199.66699 0.3025 0.0457 -5.036 0.299 0.047 0.05 1.002 9367.1 4.3627 16.553497 1.363403 17.163557 15.800154 "" "" 2775.8562 4009.97803 4503.47721 2.1889 1862.1 6.4893 3794.0 10.303 "" "" 0.002805401241644273 0.0047012335 0.004793429 0.009494662 182.53459253553 -63.7411850162 3199.66699 -5.035999999999993 0.2989999999999998 0.6844446792602543 0.3126111108586192 0.13737959 0.14037958 "" "" 11.412066832468508 "" 1.5737474355026497 ""
182.51680370703 -63.81225140008 0.0359 0.0366 12.4608 "" "" 6054081141954910592 2256.18262 0.4423 0.0454 -7.092 0.218 0.043 0.048 1.049 5386.7 4.5887 16.554222 1.21025 17.083227 15.872977 "" "" 1991.68555 2491.23877 4500.47329 2.5175 2005.1 8.9293 3547.9 10.807 "" "" 0.0028214637277034437 0.0055824067 0.0050220694 0.010604477 182.51680370703 -63.81225140008 2256.18262 -7.092 0.21799999999999994 -1.3715553207397457 0.2316111108586192 0.13337958 0.13837957 "" "" 14.875497357426429 "" 1.9861872684269561 ""
183.02538594428 -63.56270315833 0.0349 0.0332 8.5042 "" "" 6054182159585927808 2435.27637 0.4011 0.043 -10.234 -0.272 0.042 0.043 0.998 5627.6 4.5448 16.554312 1.208927 17.051357 15.84243 "" "" 2174.71191 2738.96338 4500.10062 2.327 2064.8 13.448 3649.1 16.901 "" "" 0.0028119383230099555 0.0076019354 0.0062905475 0.013892483 183.02538594428 -63.56270315833 2435.27637 -10.234 -0.2719999999999998 -4.513555320739746 -0.2583888891413808 0.13237958 0.13337958 "" "" 52.186221026875714 "" 6.908560952940185 ""
183.33327891004 -63.8329705867 0.0372 0.0344 19.7411 "" "" 6054118624081507456 2212.93823 0.4216 0.0467 -7.94 1.823 0.046 0.043 0.996 5397.7 4.6104 16.557526 1.159985 17.033684 15.873698 "" "" 2027.71814 2413.47437 4486.80102 2.1253 2098.7 6.4181 3545.5 13.081 "" "" 0.0028029061975530104 0.0043370035 0.005507272 0.009844275 183.33327891004 -63.8329705867 2212.93823 -7.940000000000007 1.8230000000000017 -2.2195553207397465 1.8366111108586192 0.13637958 0.13337958 "" "" 30.218668870157558 "" 4.084607393247152 ""
182.42320045515 -63.90988907878 0.0649 0.0394 18.7928 "" "" 6054032866475857664 2359.1958 0.4155 0.0626 -8.423 1.483 0.079 0.056 1.054 "" "" 16.557669 "" "" "" "" "" 2069.36816 2888.32617 4486.20601 3.2195 "" "" "" "" "" "" 0.002863371944972853 "" "" "" 182.42320045515 -63.90988907878 2359.1958 -8.422999999999993 1.4830000000000005 -2.702555320739746 1.4966111108586193 0.16937959 0.14637959 "" "" 34.54614422126758 "" 5.674932063531267 ""
183.48907131446 -63.65599743978 0.0401 0.0363 19.8438 "" "" 6054134296465779968 2967.4834 0.3143 0.049 -5.742 -0.916 0.05 0.046 1.131 8064.0 4.1796 16.558949 1.562628 17.2474 15.684772 "" "" 2640.52295 3369.44238 4480.92112 2.6493 1723.7 9.6455 4219.4 12.092 "" "" 0.0028291101917449126 0.006685631 0.004895431 0.011581061 183.48907131446 -63.65599743978 2967.4834 -5.742 -0.9159999999999998 -0.021555320739746087 -0.9023888891413808 0.14037958 0.13637958 "" "" 12.696506670011706 "" 1.7315736921297875 ""
182.99892898187 -63.40481824683 0.3872 0.1061 15.1674 "" "" 6054196625037428480 2418.66528 0.7309 0.2183 -3.005 -0.553 0.572 0.166 1.979 "" "" 16.560442 "" "" "" "" "" 1667.45728 4547.81836 4474.76506 15.766 "" "" "" "" "" "" 0.00471438101449155 "" "" "" 182.99892898187 -63.40481824683 2418.66528 -3.004999999999998 -0.5529999999999997 2.715444679260254 -0.5393888891413808 0.6623796 0.25637957 "" "" 31.73936969170139 "" 20.681491445988975 ""
