Clusters/UBC_663/UBC_663_members.tsv
# %ECSV 1.0
# ---
# datatype:
# - name: RA_ICRS_1
#   unit: deg
#   datatype: float64
#   format: '{:15.11f}'
#   description: Right ascension (ICRS) at Ep=2016.0 (ra)
#   meta: !!omap
#   - {ucd: POS_EQ_RA_MAIN}
#   - {width: 15}
#   - {precision: '11'}
# - name: DE_ICRS_1
#   unit: deg
#   datatype: float64
#   format: '{:15.11f}'
#   description: Declination (ICRS) at Ep=2016.0 (dec)
#   meta: !!omap
#   - {ucd: POS_EQ_DEC_MAIN}
#   - {width: 15}
#   - {precision: '11'}
# - name: e_RA_ICRS
#   unit: mas
#   datatype: float64
#   format: '{:7.4f}'
#   description: Standard error of right ascension (ra_error)
#   meta: !!omap
#   - {ucd: ERROR}
#   - {width: 7}
#   - {precision: '4'}
# - name: e_DE_ICRS
#   unit: mas
#   datatype: float64
#   format: '{:7.4f}'
#   description: Standard error of declination (dec_error)
#   meta: !!omap
#   - {ucd: ERROR}
#   - {width: 7}
#   - {precision: '4'}
# - name: _r_1
#   unit: ''
#   datatype: float64
#   format: '{:7.4f}'
#   description: Distance from center (182.74621774000-63.63110226000)[ICRS], at Epoch=J2016.0
#   meta: !!omap
#   - {ucd: POS_ANG_DIST_GENERAL}
#   - {width: 7}
#   - {precision: '4'}
# - name: HIP
#   datatype: int32
#   description: '? HIP cross-id number, van Leeuwen, Cat. I/311 (hip_original_ext_source_id)'
#   meta: !!omap
#   - {ucd: ID_NUMBER}
#   - {width: 6}
#   - values: {'null': -2147483648}
# - name: TYC2
#   datatype: string
#   description: Tycho-2 cross-id name, Hog et al., Cat. I/259 (tyc2_original_ext_source_id)
#   meta: !!omap
#   - {ucd: ID_CROSSID}
#   - {_votable_string_dtype: char}
# - name: Source
#   datatype: int64
#   description: Source identifier, identical to the Gaia-EDR3 source_id (id)
#   meta: !!omap
#   - {ucd: ID_MAIN}
#   - {width: 19}
# - name: rgeo
#   unit: pc
#   datatype: float64
#   format: '{:15.8f}'
#   description: '? Median of the geometric distance posterior (r_med_geo)'
#   meta: !!omap
#   - {ucd: PHYS_DISTANCE_TRUE}
#   - {width: 15}
#   - {precision: '8'}
#   - values: {'null': .nan}
# - name: Plx
#   unit: mas
#   datatype: float64
#   format: '{:9.4f}'
#   description: '? Parallax (parallax)'
#   meta: !!omap
#   - {ucd: POS_PARLX_TRIG}
#   - {width: 9}
#   - {precision: '4'}
#   - values: {'null': .nan}
# - name: e_Plx
#   unit: mas
#   datatype: float32
#   format: '{:7.4f}'
#   description: '? Standard error of parallax (parallax_error)'
#   meta: !!omap
#   - {ucd: ERROR}
#   - {width: 7}
#   - {precision: '4'}
#   - values: {'null': .nan}
# - name: pmRA
#   unit: mas / yr
#   datatype: float64
#   format: '{:9.3f}'
#   description: '? Proper motion in right ascension direction, pmRA*cosDE (pmra)'
#   meta: !!omap
#   - {ucd: POS_EQ_PMRA}
#   - {width: 9}
#   - {precision: '3'}
#   - values: {'null': .nan}
# - name: pmDE
#   unit: mas / yr
#   datatype: float64
#   format: '{:9.3f}'
#   description: '? Proper motion in declination direction (pmdec)'
#   meta: !!omap
#   - {ucd: POS_EQ_PMDEC}
#   - {width: 9}
#   - {precision: '3'}
#   - values: {'null': .nan}
# - name: e_pmRA
#   unit: mas / yr
#   datatype: float32
#   format: '{:6.3f}'
#   description: '? Standard error of proper motion in right ascension direction (pmra_error)'
#   meta: !!omap
#   - {ucd: ERROR}
#   - {width: 6}
#   - {precision: '3'}
#   - values: {'null': .nan}
# - name: e_pmDE
[...]
#       distance: !astropy.table.SerializedColumn
#         __class__: astropy.coordinates.distances.Distance
#         unit: !astropy.units.Unit {unit: pc}
#         value: !astropy.table.SerializedColumn {name: SkyCoord.distance}
#       frame: icrs
#       obstime: !astropy.time.Time {format: jyear_str, in_subfmt: '*', jd1: 367701545.0, jd2: 0.0, out_subfmt: '*', precision: 3, scale: tt}
#       pm_dec: !astropy.table.SerializedColumn
#         __class__: astropy.units.quantity.Quantity
#         unit: !astropy.units.Unit {unit: mas / yr}
#         value: !astropy.table.SerializedColumn {name: SkyCoord.pm_dec}
#       pm_ra_cosdec: !astropy.table.SerializedColumn
#         __class__: astropy.units.quantity.Quantity
#         unit: !astropy.units.Unit {unit: mas / yr}
#         value: !astropy.table.SerializedColumn {name: SkyCoord.pm_ra_cosdec}
#       ra: !astropy.table.SerializedColumn
#         __class__: astropy.coordinates.angles.Longitude
#         unit: *id001
#         value: !astropy.table.SerializedColumn {name: SkyCoord.ra}
#         wrap_angle: !astropy.coordinates.Angle
#           unit: *id001
#           value: 360.0
#       representation_type: spherical
# schema: astropy-2.0
RA_ICRS_1 DE_ICRS_1 e_RA_ICRS e_DE_ICRS _r_1 HIP TYC2 Source rgeo Plx e_Plx pmRA pmDE e_pmRA e_pmDE RUWE Teff logg Gmag BP-RP BPmag RPmag RV e_RV b_rgeo B_rgeo FG e_FG FBP e_FBP FRP e_FRP RAVE5 RAVE6 e_Gmag e_BPmag e_RPmag e_BP-RP SkyCoord.ra SkyCoord.dec SkyCoord.distance SkyCoord.pm_ra_cosdec SkyCoord.pm_dec rmRA rmDE e_rmRA e_rmDE rRV e_rRV v_pec v_pec3d e_vpec e_vpec3d Pmemb
182.77276398786 -63.82788560869 0.0112 0.0122 11.828 "" 8982-4080-1 6054127183998975616 2538.05493 0.366 0.0149 -5.725 0.127 0.014 0.016 0.79 15002.6 3.43 11.184204 0.261997 11.268336 11.006339 "" "" 2444.23511 2618.15454 632797.95985 203.44 424700.0 203.31 313780.0 148.87 "" "" 0.002777342212999919 0.0028381678 0.0038143247 0.0066524926 182.77276398786 -63.82788560869 2538.05493 -5.724999999999998 0.12700000000000006 -0.0045553207397457385 0.14061111085861921 0.10437958 0.10637958 "" "" 1.6924926177414998 "" 0.18004314408493205 "" 0.92
182.86072458187 -63.66879287056 0.0105 0.0103 3.7965 "" "" 6054178208215781248 2219.55591 0.4116 0.0136 -5.664 -0.026 0.014 0.013 1.086 7420.0 3.5623 13.079643 0.317226 13.191847 12.87462 "" "" 2154.78271 2281.46948 110430.64506 61.38 72223.0 54.115 56145.0 32.282 "" "" 0.0028206338540759887 0.0029063479 0.0038305928 0.0067369407 182.86072458187 -63.66879287056 2219.55591 -5.664 -0.02600000000000004 0.056444679260254205 -0.012388889141380786 0.10437958 0.10337958 "" "" 0.6079729680481469 "" 0.06343214764473411 "" 0.87
182.5766832286 -63.69906932585 0.0103 0.01 6.0822 "" "" 6054179410806522240 2407.59326 0.3759 0.0131 -5.67 0.004 0.013 0.014 0.932 7535.0 3.7362 13.110737 0.297023 13.212049 12.915026 "" "" 2327.60229 2491.09253 107312.9487 57.243 70892.0 53.647 54094.0 27.329 "" "" 0.002815530062333772 0.0029086273 0.0038189804 0.006727608 182.5766832286 -63.69906932585 2407.59326 -5.67 0.00399999999999996 0.05044467926025398 0.017611110858619213 0.10337958 0.10437958 "" "" 0.6097482876908992 "" 0.06310204961050074 "" 0.9
182.69454164405 -63.44364764697 0.0098 0.0106 11.3318 "" "" 6054197793268406400 2184.78101 0.4193 0.0127 -5.7 0.0 0.013 0.014 0.905 "" "" 13.600639 0.369429 13.709831 13.340403 "" "" 2129.28027 2243.98682 68342.52685 26.216 44821.0 61.075 36559.0 214.14 "" "" 0.002786619713521684 0.0031581451 0.0073978286 0.010555973 182.69454164405 -63.44364764697 2184.78101 -5.7 2.754475006270871e-16 0.02044467926025373 0.013611110858619213 0.10337958 0.10437958 "" "" 0.254351280830735 "" 0.026373102511899744 "" 0.96
182.75318957497 -63.73391017834 0.0115 0.0117 6.1713 "" "" 6054175562515815168 2228.22803 0.4104 0.0148 -5.649 0.019 0.015 0.015 0.941 "" "" 13.970965 0.437816 14.125579 13.687763 "" "" 2165.1958 2284.18384 48591.54306 14.242 30562.0 18.683 26549.0 23.938 "" "" 0.0027736360044161635 0.0028680274 0.0039041112 0.0067721386 182.75318957497 -63.73391017834 2228.22803 -5.649 0.01900000000000006 0.07144467926025388 0.032611110858619216 0.10537958 0.10537958 "" "" 0.8294764451417784 "" 0.08740988061284904 "" 0.94
182.6946528704 -63.63536954973 0.0119 0.0121 1.3977 "" "" 6054180196752190592 2327.54224 0.393 0.0155 -5.715 -0.019 0.016 0.016 0.875 9703.6 3.9 14.122518 0.41321 14.272871 13.859661 "" "" 2235.37817 2416.56079 42260.98175 12.939 26685.0 19.383 22662.0 18.708 "" "" 0.0027753002692536637 0.0028994826 0.003884209 0.0067836917 182.6946528704 -63.63536954973 2327.54224 -5.715 -0.019000000000000034 0.005444679260254048 -0.005388889141380786 0.10637958 0.10637958 "" "" 0.08451585775254294 "" 0.008990761744999213 "" 0.85
182.64388087683 -63.59575312768 0.0123 0.0124 3.4562 "" "" 6054192673667189632 2238.92212 0.4082 0.0154 -5.672 0.043 0.016 0.017 0.887 9568.8 4.0218 14.208365 0.422615 14.362116 13.939501 "" "" 2186.94312 2314.45142 39048.16793 12.681 24579.0 13.307 21055.0 14.841 "" "" 0.0027777892651506216 0.0028514161 0.0038560878 0.006707504 182.64388087683 -63.59575312768 2238.92212 -5.672 0.04300000000000001 0.0484446792602542 0.05661111085861921 0.10637958 0.107379586 "" "" 0.7907341807582825 "" 0.08457534079013186 "" 0.85
182.62343730573 -63.55835366624 0.0127 0.013 5.4576 "" "" 6054192982904860800 2176.89014 0.4276 0.0158 -5.737 -0.042 0.017 0.017 0.927 8592.5 4.347 14.233287 0.43485 14.394091 13.959241 "" "" 2111.72241 2246.9292 38162.06336 13.097 23866.0 16.514 20676.0 10.846 "" "" 0.002780401746590481 0.0028895426 0.0038220554 0.006711598 182.62343730573 -63.55835366624 2176.89014 -5.737 -0.04199999999999996 -0.016555320739746193 -0.02838888914138079 0.107379586 0.107379586 "" "" 0.339100378188171 "" 0.036412458054275794 "" 0.81
182.78737225676 -63.76463721684 0.0124 0.0125 8.0865 "" "" 6054128592748385408 2274.3916 0.403 0.0165 -5.684 -0.022 0.016 0.016 0.942 "" "" 14.288482 0.471893 14.461099 13.989205 "" "" 2197.0105 2360.28906 36270.5324 10.138 22438.0 16.395 20113.0 10.717 "" "" 0.0027719823880263026 0.0029007609 0.0038234037 0.006724165 182.78737225676 -63.76463721684 2274.3916 -5.683999999999997 -0.021999999999999843 0.03644467926025374 -0.008388889141380786 0.10637958 0.10637958 "" "" 0.4031702703486837 "" 0.042889085430395116 "" 0.96
183.21851350152 -63.65232146411 0.0141 0.0141 12.6457 "" "" 6054136461129611776 2291.75049 0.3975 0.0182 -5.656 -0.036 0.018 0.019 0.965 9507.4 4.1604 14.516473 0.498354 14.702202 14.203848 "" "" 2207.69385 2376.54346 29400.70794 11.689 17970.0 15.013 16505.0 10.05 "" "" 0.0027889283831525687 0.0029339113 0.003836769 0.00677068 183.21851350152 -63.65232146411 2291.75049 -5.656 -0.03599999999999999 0.06444467926025421 -0.022388889141380784 0.10837958 0.10937958 "" "" 0.7410995485672011 "" 0.08040020041779089 "" 0.85
182.79704499312 -63.73754891008 0.013 0.0135 6.5283 "" "" 6054175596875557248 2319.97314 0.3962 0.0175 -5.648 -0.032 0.017 0.017 0.919 9467.0 4.0284 14.518887 0.509644 14.705912 14.196268 "" "" 2236.71631 2400.96362 29335.38339 7.9026 17908.0 16.834 16621.0 10.1 "" "" 0.0027708006880565418 0.002970979 0.003836537 0.0068075163 182.79704499312 -63.73754891008 2319.97314 -5.648 -0.03199999999999993 0.07244467926025422 -0.018388889141380788 0.107379586 0.107379586 "" "" 0.8219145038827874 "" 0.08825683874709664 "" 0.88
182.72186559974 -63.52143941309 0.0137 0.0147 6.6118 "" "" 6054194185495765760 2313.43994 0.3905 0.0177 -5.797 -0.059 0.019 0.019 1.132 9880.8 4.2161 14.528035 0.493518 14.695597 14.202079 "" "" 2205.43359 2423.33887 29089.25333 10.067 18079.0 20.332 16532.0 13.594 "" "" 0.002780822323855931 0.0030456507 0.003883399 0.0069290497 182.72186559974 -63.52143941309 2313.43994 -5.797 -0.05900000000000001 -0.0765553207397458 -0.045388889141380784 0.10937958 0.10937958 "" "" 0.975939665274274 "" 0.10674787274941103 "" 0.88
183.02340664108 -63.6466058756 0.0145 0.0143 7.4431 "" "" 6054177933337959680 2379.21777 0.3816 0.0186 -5.679 -0.094 0.019 0.019 0.935 9688.6 3.837 14.584861 0.613789 14.792318 14.17853 "" "" 2290.79639 2479.21289 27605.93661 8.8751 16538.0 31.844 16895.0 53.02 "" "" 0.002777342159564632 0.0034864906 0.0050885337 0.008575024 183.02340664108 -63.6466058756 2379.21777 -5.679000000000006 -0.09399999999999989 0.041444679260253636 -0.08038888914138079 0.10937958 0.10937958 "" "" 1.0199763824696828 "" 0.11156459047361196 "" 0.9
182.69513565447 -63.62565548463 0.0149 0.015 1.4001 "" "" 6054180956994885248 2293.29028 0.4015 0.019 -5.72 0.006 0.019 0.02 0.962 8203.6 4.3807 14.77134 0.617312 15.001919 14.384606 "" "" 2183.11914 2413.78198 23249.33222 7.8663 13635.0 13.356 13974.0 13.556 "" "" 0.0027797010804025183 0.0029859876 0.0039234017 0.006909389 182.69513565447 -63.62565548463 2293.29028 -5.72 0.005999999999999899 0.00044467926025415494 0.01961111085861921 0.10937958 0.11037958 "" "" 0.2132314126591778 "" 0.02353628398507503 "" 0.95
182.86989409683 -63.57505772861 0.0157 0.015 4.7108 "" "" 6054182640622209408 2249.95679 0.4083 0.0196 -5.673 0.002 0.021 0.02 0.965 9743.0 4.1774 14.795453 0.631123 15.029925 14.398803 "" "" 2152.32593 2349.02539 22738.68416 7.1866 13288.0 20.315 13792.0 16.985 "" "" 0.0027766059288444815 0.0032465844 0.0040089344 0.007255519 182.86989409683 -63.57505772861 2249.95679 -5.673000000000006 0.0019999999999994736 0.047444679260253864 0.015611110858619213 0.11137958 0.11037958 "" "" 0.5326746919900207 "" 0.0592772568428603 "" 0.93
182.99121236642 -63.48511691028 0.0171 0.0174 10.9347 "" "" 6054195250647772160 2305.23242 0.4007 0.022 -5.759 -0.07 0.023 0.023 0.942 8799.7 4.2234 15.116448 0.735013 15.398553 14.66354 "" "" 2182.12817 2452.23193 16918.71186 4.6099 9462.3 9.9128 10808.0 8.3358 "" "" 0.0027711563163899987 0.0030131033 0.003871039 0.0068841423 182.99121236642 -63.48511691028 2305.23242 -5.759 -0.07000000000000008 -0.038555320739746435 -0.056388889141380794 0.11337958 0.11337958 "" "" 0.7464069009502308 "" 0.0846273030009507 "" 0.81
182.88211941805 -63.75221192659 0.0189 0.0206 8.1156 "" "" 6054129894071313664 2791.79175 0.3261 0.0261 -6.05 -0.04 0.024 0.025 1.216 9577.1 4.18 15.125739 0.753514 15.390566 14.637052 "" "" 2616.92163 3046.23901 16774.56405 5.6577 9532.1 18.573 11075.0 44.388 "" "" 0.002779548259246941 0.0035014977 0.0057636714 0.0092651695 182.88211941805 -63.75221192659 2791.79175 -6.049999999999999 -0.03999999999999996 -0.3295553207397459 -0.026388889141380788 0.114379585 0.11537958 "" "" 4.37499505943188 "" 0.5004381124975138 "" 0.82
182.65673925146 -63.7686377321 0.0195 0.0198 8.5881 "" "" 6054175145846727552 2610.15479 0.3498 0.0257 -5.77 -0.006 0.026 0.026 1.143 6129.7 3.973 15.200386 1.087604 15.654531 14.566928 "" "" 2430.71362 2826.49658 15660.02723 7.9488 7474.9 14.7 11814.0 18.136 "" "" 0.0028098940791946104 0.0035134142 0.0041305884 0.0076440023 182.65673925146 -63.7686377321 2610.15479 -5.77 -0.005999999999999997 -0.04955532073974567 0.007611110858619213 0.11637958 0.11637958 "" "" 0.620294271061693 "" 0.07218958760589861 "" 0.83
