Clusters/UBC_663/UBC_663_stars_in_region.tsv
# %ECSV 1.0
# ---
# datatype:
# - name: RA_ICRS_1
#   unit: deg
#   datatype: float64
#   format: '{:15.11f}'
#   description: Right ascension (ICRS) at Ep=2016.0 (ra)
#   meta: !!omap
#   - {ucd: POS_EQ_RA_MAIN}
#   - {width: 15}
#   - {precision: '11'}
# - name: DE_ICRS_1
#   unit: deg
#   datatype: float64
#   format: '{:15.11f}'
#   description: Declination (ICRS) at Ep=2016.0 (dec)
#   meta: !!omap
#   - {ucd: POS_EQ_DEC_MAIN}
#   - {width: 15}
#   - {precision: '11'}
# - name: e_RA_ICRS
#   unit: mas
#   datatype: float64
#   format: '{:7.4f}'
#   description: Standard error of right ascension (ra_error)
#   meta: !!omap
#   - {ucd: ERROR}
#   - {width: 7}
#   - {precision: '4'}
# - name: e_DE_ICRS
#   unit: mas
#   datatype: float64
#   format: '{:7.4f}'
#   description: Standard error of declination (dec_error)
#   meta: !!omap
#   - {ucd: ERROR}
#   - {width: 7}
#   - {precision: '4'}
# - name: _r_1
#   unit: ''
#   datatype: float64
#   format: '{:7.4f}'
#   description: Distance from center (182.74621774000-63.63110226000)[ICRS], at Epoch=J2016.0
#   meta: !!omap
#   - {ucd: POS_ANG_DIST_GENERAL}
#   - {width: 7}
#   - {precision: '4'}
# - name: HIP
#   datatype: int32
#   description: '? HIP cross-id number, van Leeuwen, Cat. I/311 (hip_original_ext_source_id)'
#   meta: !!omap
#   - {ucd: ID_NUMBER}
#   - {width: 6}
#   - values: {'null': -2147483648}
# - name: TYC2
#   datatype: string
#   description: Tycho-2 cross-id name, Hog et al., Cat. I/259 (tyc2_original_ext_source_id)
#   meta: !!omap
#   - {ucd: ID_CROSSID}
#   - {_votable_string_dtype: char}
# - name: Source
#   datatype: int64
#   description: Source identifier, identical to the Gaia-EDR3 source_id (id)
#   meta: !!omap
#   - {ucd: ID_MAIN}
#   - {width: 19}
# - name: rgeo
#   unit: pc
#   datatype: float64
#   format: '{:15.8f}'
#   description: '? Median of the geometric distance posterior (r_med_geo)'
#   meta: !!omap
#   - {ucd: PHYS_DISTANCE_TRUE}
#   - {width: 15}
#   - {precision: '8'}
#   - values: {'null': .nan}
# - name: Plx
#   unit: mas
#   datatype: float64
#   format: '{:9.4f}'
#   description: '? Parallax (parallax)'
#   meta: !!omap
#   - {ucd: POS_PARLX_TRIG}
#   - {width: 9}
#   - {precision: '4'}
#   - values: {'null': .nan}
# - name: e_Plx
#   unit: mas
#   datatype: float32
#   format: '{:7.4f}'
#   description: '? Standard error of parallax (parallax_error)'
#   meta: !!omap
#   - {ucd: ERROR}
#   - {width: 7}
#   - {precision: '4'}
#   - values: {'null': .nan}
# - name: pmRA
#   unit: mas / yr
#   datatype: float64
#   format: '{:9.3f}'
#   description: '? Proper motion in right ascension direction, pmRA*cosDE (pmra)'
#   meta: !!omap
#   - {ucd: POS_EQ_PMRA}
#   - {width: 9}
#   - {precision: '3'}
#   - values: {'null': .nan}
# - name: pmDE
#   unit: mas / yr
#   datatype: float64
#   format: '{:9.3f}'
#   description: '? Proper motion in declination direction (pmdec)'
#   meta: !!omap
#   - {ucd: POS_EQ_PMDEC}
#   - {width: 9}
#   - {precision: '3'}
#   - values: {'null': .nan}
# - name: e_pmRA
#   unit: mas / yr
#   datatype: float32
#   format: '{:6.3f}'
#   description: '? Standard error of proper motion in right ascension direction (pmra_error)'
#   meta: !!omap
#   - {ucd: ERROR}
#   - {width: 6}
#   - {precision: '3'}
#   - values: {'null': .nan}
# - name: e_pmDE
[...]
#         value: !astropy.table.SerializedColumn {name: SkyCoord.dec}
#       distance: !astropy.table.SerializedColumn
#         __class__: astropy.coordinates.distances.Distance
#         unit: !astropy.units.Unit {unit: pc}
#         value: !astropy.table.SerializedColumn {name: SkyCoord.distance}
#       frame: icrs
#       obstime: !astropy.time.Time {format: jyear_str, in_subfmt: '*', jd1: 367701545.0, jd2: 0.0, out_subfmt: '*', precision: 3, scale: tt}
#       pm_dec: !astropy.table.SerializedColumn
#         __class__: astropy.units.quantity.Quantity
#         unit: !astropy.units.Unit {unit: mas / yr}
#         value: !astropy.table.SerializedColumn {name: SkyCoord.pm_dec}
#       pm_ra_cosdec: !astropy.table.SerializedColumn
#         __class__: astropy.units.quantity.Quantity
#         unit: !astropy.units.Unit {unit: mas / yr}
#         value: !astropy.table.SerializedColumn {name: SkyCoord.pm_ra_cosdec}
#       ra: !astropy.table.SerializedColumn
#         __class__: astropy.coordinates.angles.Longitude
#         unit: *id001
#         value: !astropy.table.SerializedColumn {name: SkyCoord.ra}
#         wrap_angle: !astropy.coordinates.Angle
#           unit: *id001
#           value: 360.0
#       representation_type: spherical
# schema: astropy-2.0
RA_ICRS_1 DE_ICRS_1 e_RA_ICRS e_DE_ICRS _r_1 HIP TYC2 Source rgeo Plx e_Plx pmRA pmDE e_pmRA e_pmDE RUWE Teff logg Gmag BP-RP BPmag RPmag RV e_RV b_rgeo B_rgeo FG e_FG FBP e_FBP FRP e_FRP RAVE5 RAVE6 e_Gmag e_BPmag e_RPmag e_BP-RP SkyCoord.ra SkyCoord.dec SkyCoord.distance SkyCoord.pm_ra_cosdec SkyCoord.pm_dec rmRA rmDE e_rmRA e_rmDE rRV e_rRV v_pec v_pec3d e_vpec e_vpec3d
[from data line 656]
182.10153688279 -63.52427060392 0.0313 0.0311 18.367 "" "" 6054290186593037056 2464.27612 0.3756 0.0381 -7.225 -0.403 0.04 0.046 1.671 "" "" 15.263533 "" "" "" "" "" 2285.11621 2674.19971 14775.20962 8.2237 "" "" "" "" "" "" 0.0028208113743092705 "" "" "" 182.10153688279 -63.52427060392 2464.27612 -7.2250000000000005 -0.4029999999999997 -1.5045553207397457 -0.3893888891413808 0.13037959 0.13637958 "" "" 18.153241601423243 "" 2.3737967064430903 ""
182.74701472478 -63.31759028012 0.0189 0.0186 18.8107 "" "" 6054387798265580416 2481.2373 0.3722 0.0238 -5.58 -1.169 0.023 0.025 1.001 7500.2 4.057 15.266713 0.874411 15.60742 14.733009 "" "" 2339.75928 2606.67456 14731.99731 4.9501 7806.4 13.209 10138.0 11.263 "" "" 0.0027793671615249115 0.003340681 0.003967202 0.007307883 182.74701472478 -63.31759028012 2481.2373 -5.58 -1.169 0.14044467926025384 -1.1553888891413808 0.11337958 0.11537958 "" "" 13.688627450802246 "" 1.5789928498990042 ""
182.88717779209 -63.46832567751 0.0193 0.0195 10.468 "" "" 6054195834763556864 2467.4458 0.3794 0.0249 -5.976 0.363 0.026 0.026 1.096 "" "" 15.268845 1.568203 16.002237 14.434034 "" "" 2300.29614 2649.5459 14703.09507 4.0965 5426.5 9.0864 13352.0 11.054 "" "" 0.0027718760734422444 0.0033301965 0.0038848033 0.0072149998 182.88717779209 -63.46832567751 2467.4458 -5.976 0.363 -0.2555553207397461 0.3766111108586192 0.11637958 0.11637958 "" "" 5.323075365877278 "" 0.6194972827978608 ""
183.08241101498 -63.45743545192 0.0181 0.0209 13.7599 "" "" 6054195388086790656 2536.16235 0.3648 0.0241 -6.932 2.079 0.024 0.026 0.934 5877.4 4.0807 15.269671 1.122573 15.664194 14.541621 "" "" 2391.00464 2677.93677 14691.9207 5.9184 7408.7 28.792 12092.0 93.243 "" "" 0.0027898177077633896 0.005058524 0.00918577 0.014244294 183.08241101498 -63.45743545192 2536.16235 -6.932000000000001 2.079 -1.2115553207397465 2.0926111108586194 0.114379585 0.11637958 "" "" 29.068174833941335 "" 3.368441192931368 ""
183.34630930855 -63.65513037249 0.0184 0.0177 16.0499 "" "" 6054135980092924288 2592.53857 0.3513 0.0241 -7.481 2.437 0.024 0.023 0.948 4977.0 3.5085 15.271134 1.531233 15.975567 14.444334 "" "" 2439.13672 2785.18677 14672.12148 3.3415 5561.5 14.305 13226.0 12.013 "" "" 0.002766393366596342 0.003947667 0.0039059233 0.00785359 183.34630930855 -63.65513037249 2592.53857 -7.481 2.4370000000000003 -1.760555320739746 2.450611110858619 0.114379585 0.11337958 "" "" 37.08042745562528 "" 4.216823001909779 ""
183.13688715067 -63.79311880664 0.0169 0.0191 14.222 "" "" 6054125397292761472 2176.58887 0.4292 0.0228 -7.706 -0.273 0.022 0.026 0.945 6409.3 3.8839 15.272602 1.033809 15.703233 14.669424 "" "" 2079.04785 2277.06055 14652.30425 3.1575 7147.0 8.2617 10750.0 11.393 "" "" 0.002765236293395215 0.0030594547 0.0039506694 0.007010124 183.13688715067 -63.79311880664 2176.58887 -7.706000000000001 -0.2730000000000001 -1.9855553207397465 -0.2593888891413808 0.11237958 0.11637958 "" "" 20.65909841167337 "" 2.3230716979038406 ""
183.14124154418 -63.84222594588 0.0178 0.0184 16.4455 "" "" 6054113302663092480 2887.1123 0.3167 0.0235 -8.006 -0.157 0.022 0.024 1.017 9504.4 3.6291 15.273518 0.966937 15.63667 14.669733 "" "" 2692.2146 3060.15137 14639.95505 4.6437 7598.9 12.511 10746.0 11.342 "" "" 0.0027767594205137646 0.0033136825 0.0039492957 0.0072629782 183.14124154418 -63.84222594588 2887.1123 -8.006 -0.1570000000000002 -2.2855553207397463 -0.1433888891413808 0.11237958 0.114379585 "" "" 31.33911696933399 "" 3.5221247340995903 ""
183.26929448298 -63.50481473333 0.0206 0.021 15.8929 "" "" 6054185320682423552 2541.39575 0.3742 0.0275 -8.802 -0.208 0.029 0.03 1.077 8200.3 3.8405 15.275431 0.878281 15.570153 14.691873 "" "" 2344.13989 2708.70361 14614.17713 5.3473 8079.0 21.204 10530.0 37.055 "" "" 0.0027838124806808724 0.003988144 0.0053741476 0.009362292 183.26929448298 -63.50481473333 2541.39575 -8.802000000000001 -0.20799999999999993 -3.0815553207397457 -0.19438888914138078 0.11937958 0.12037958 "" "" 37.194864555431586 "" 4.440455346463422 ""
182.71683183163 -63.74734110951 0.0186 0.0185 7.018 "" "" 6054175528156054656 2738.66333 0.3311 0.0237 -9.549 0.751 0.025 0.024 0.937 6442.7 3.8872 15.277799 1.275016 15.834298 14.559282 "" "" 2578.77002 2885.32227 14582.34567 3.5697 6334.3 10.996 11897.0 9.8935 "" "" 0.0027681095492696527 0.0033671116 0.003885736 0.007252848 182.71683183163 -63.74734110951 2738.66333 -9.549000000000001 0.7510000000000001 -3.8285553207397456 0.7646111108586192 0.11537958 0.114379585 "" "" 50.68093352319699 "" 5.8456090206053535 ""
182.9037380663 -63.82467924176 0.0185 0.0192 12.3451 "" "" 6054125740890009600 2550.21704 0.3571 0.0243 -6.571 1.002 0.024 0.024 1.054 8826.5 3.1266 15.278889 1.254933 15.809668 14.554734 "" "" 2377.92358 2740.28027 14567.70617 4.5355 6479.6 11.127 11947.0 14.76 "" "" 0.002775978259611261 0.0033557827 0.004010365 0.007366148 182.9037380663 -63.82467924176 2550.21704 -6.571000000000001 1.0020000000000002 -0.8505553207397458 1.0156111108586192 0.114379585 0.114379585 "" "" 16.013377587815572 "" 1.831603479568245 ""
182.16081871631 -63.45593808458 0.0176 0.0186 18.85 "" "" 6054294378481195904 2216.03955 0.4157 0.0225 -6.276 0.644 0.023 0.028 0.959 7965.9 4.4042 15.279707 0.810979 15.600188 14.789209 "" "" 2105.30322 2337.96411 14556.72915 3.7278 7858.5 9.476 9626.6 9.7266 "" "" 0.002769313582057267 0.0030820582 0.003935374 0.007017432 182.16081871631 -63.45593808458 2216.03955 -6.276000000000003 0.6439999999999992 -0.5555553207397459 0.6576111108586192 0.11337958 0.11837958 "" "" 9.042583399801481 "" 1.0518636801551051 ""
183.16008771101 -63.40685917227 0.2019 0.206 17.4249 "" "" 6054201607199942528 2900.20459 0.5952 0.2624 -6.28 0.154 0.251 0.25 11.587 6861.7 4.3406 15.280394 1.02141 15.579516 14.558106 "" "" 1734.87793 4033.08813 14547.52539 25.757 8009.6 9.4405 11910.0 12.078 "" "" 0.0033596405376494533 0.0030696387 0.003936501 0.00700614 183.16008771101 -63.40685917227 2900.20459 -6.280000000000001 0.15400000000000055 -0.5595553207397463 0.1676111108586192 0.34137958 0.3403796 "" "" 8.02987370288466 "" 2.740574666116694 ""
183.20481667106 -63.69835673722 0.0184 0.018 12.8564 "" "" 6054135430336996352 2573.25928 0.352 0.024 -8.244 0.495 0.024 0.023 0.931 8467.5 3.5815 15.283709 1.087873 15.732515 14.644643 "" "" 2441.42847 2712.47729 14503.18661 3.8384 6956.8 10.716 10998.0 11.702 "" "" 0.0027702634137761984 0.0032530085 0.0039519994 0.0072050076 183.20481667106 -63.69835673722 2573.25928 -8.244000000000007 0.4949999999999999 -2.523555320739746 0.5086111108586192 0.114379585 0.11337958 "" "" 31.399369133907708 "" 3.5902262794598343 ""
182.84028597455 -63.86855206045 0.0182 0.0191 14.464 "" "" 6054123954183515392 2270.92896 0.4049 0.0239 -8.533 1.328 0.022 0.023 0.975 6671.4 4.0943 15.286714 1.137595 15.770252 14.632657 "" "" 2167.06885 2365.11084 14463.09514 3.4766 6719.2 10.91 11120.0 12.131 "" "" 0.002767653026968623 0.0033004421 0.003960637 0.007261079 182.84028597455 -63.86855206045 2270.92896 -8.533 1.3279999999999998 -2.8125553207397456 1.3416111108586193 0.11237958 0.11337958 "" "" 33.542866809340936 "" 3.7757733353993537 ""
183.45774455841 -63.71786805063 0.02 0.0203 19.6351 "" "" 6054131719485277312 2606.55298 0.3495 0.0261 -5.65 -0.176 0.026 0.025 1.118 9025.2 3.6443 15.287607 1.011546 15.681081 14.669535 "" "" 2402.02539 2791.03467 14451.20412 5.1531 7294.3 30.498 10748.0 22.799 "" "" 0.0027823876661143727 0.0053284606 0.004425832 0.009754293 183.45774455841 -63.71786805063 2606.55298 -5.6499999999999995 -0.17600000000000005 0.07044467926025355 -0.16238888914138078 0.11637958 0.11537958 "" "" 2.186971605165195 "" 0.2526794983548333 ""
182.37145987656 -63.49340792055 0.0185 0.0183 12.9798 "" "" 6054104334777624320 2266.26855 0.4099 0.0239 -11.054 1.87 0.026 0.027 0.94 6662.8 3.953 15.290068 1.075145 15.739671 14.664526 "" "" 2132.58374 2380.6106 14418.48909 3.4972 6911.1 9.6725 10798.0 8.6473 "" "" 0.0027678764372050177 0.0031771197 0.003878109 0.0070552286 182.37145987656 -63.49340792055 2266.26855 -11.054 1.8699999999999997 -5.333555320739746 1.8836111108586193 0.11637958 0.11737958 "" "" 60.76163269156177 "" 7.078177127685683 ""
182.85612712355 -63.3655129307 0.0178 0.0183 16.2048 "" "" 6054200301529458304 2259.69336 0.4084 0.0233 -5.886 -0.298 0.023 0.024 0.917 "" "" 15.294207 1.306148 15.870467 14.564319 "" "" 2124.18213 2387.01782 14363.6258 3.5262 6126.7 11.021 11842.0 10.334 "" "" 0.00276818253346802 0.0034058106 0.003896336 0.0073021464 182.85612712355 -63.3655129307 2259.69336 -5.886 -0.298 -0.16555532073974621 -0.2843888891413808 0.11337958 0.114379585 "" "" 3.524627405852836 "" 0.40225620533670936 ""
182.56830887521 -63.53394941538 0.0192 0.0199 7.5189 "" "" 6054193979311931776 2567.27612 0.3492 0.0244 -5.301 0.131 0.026 0.027 1.079 7454.7 3.9144 15.295857 0.847086 15.569143 14.722057 "" "" 2422.86621 2757.63745 14341.80634 4.6258 8086.5 33.62 10241.0 143.01 "" "" 0.0027774852759260343 0.0053067156 0.015625661 0.020932376 182.56830887521 -63.53394941538 2567.27612 -5.301 0.13099999999999998 0.41944467926025375 0.14461111085861922 0.11637958 0.11737958 "" "" 5.399014006486624 "" 0.6289107672764442 ""
182.63779723828 -63.65229023571 0.3241 0.3328 3.1556 "" "" 6054179823123458432 2907.36377 0.9446 0.4145 -8.081 2.238 0.411 0.433 17.644 6825.4 4.3434 15.304627 1.043262 15.660063 14.6168 "" "" 1510.63818 4271.23779 14226.42498 47.932 7436.9 10.816 11283.0 11.645 "" "" 0.00457967157895729 0.0032060074 0.0039420053 0.0071480125 182.63779723828 -63.65229023571 2907.36377 -8.081 2.238 -2.3605553207397456 2.251611110858619 0.5013796 0.52337956 "" "" 44.956119087635095 "" 23.01654992780122 ""
182.37192734281 -63.35380619986 0.0192 0.0183 19.4236 "" "" 6054296749303362816 2517.82324 0.3652 0.0235 -9.131 0.784 0.026 0.028 0.916 6661.5 4.0634 15.306218 0.985887 15.707643 14.721757 "" "" 2344.76636 2671.51953 14205.59914 3.5303 7118.0 10.163 10244.0 9.3819 "" "" 0.0027685001309813062 0.003191892 0.003908003 0.0070998953 182.37192734281 -63.35380619986 2517.82324 -9.13100000000001 0.7839999999999996 -3.4105553207397463 0.7976111108586192 0.11637958 0.11837958 "" "" 41.80148605190652 "" 4.8692101160891506 ""
183.02986658665 -63.8922145374 0.0194 0.0219 17.3798 "" "" 6054112855986451072 2379.29126 0.3832 0.0258 -6.524 0.096 0.024 0.026 1.095 8203.1 4.4054 15.307251 0.7551 15.603509 14.848409 "" "" 2228.50391 2550.17676 14192.09541 4.406 7834.5 15.412 9115.8 11.463 "" "" 0.00277586144149536 0.00351382 0.0040184287 0.0075322487 183.02986658665 -63.8922145374 2379.29126 -6.524000000000004 0.09599999999999992 -0.8035553207397461 0.10961111085861922 0.114379585 0.11637958 "" "" 9.146292194483534 "" 1.0464861236230478 ""
183.36391119249 -63.62398698644 0.0249 0.0237 16.4684 "" "" 6054136250623110016 2369.07178 0.3842 0.0323 -4.18 0.536 0.032 0.03 1.345 6053.6 4.0914 15.309437 1.102653 15.758425 14.655771 "" "" 2222.65088 2526.59619 14163.54889 5.0191 6792.8 10.162 10886.0 10.567 "" "" 0.0027820534848671664 0.0032285072 0.003923579 0.007152086 183.36391119249 -63.62398698644 2369.07178 -4.179999999999995 0.536 1.5404446792602542 0.5496111108586192 0.122379586 0.12037958 "" "" 18.36630865663211 "" 2.2435434274222312 ""
182.87793915463 -63.66680923422 0.0426 0.0407 4.1105 "" "" 6054178242575528192 3110.87573 0.3046 0.0539 -7.818 0.538 0.056 0.052 2.233 "" "" 15.309812 2.460791 16.605543 14.144752 -6.3 6.05 2603.43994 3722.71509 14158.66108 10.363 3113.1 17.663 17428.0 25.183 "" "" 0.002867628312549325 0.0067626378 0.0040920717 0.01085471 182.87793915463 -63.66680923422 3110.87573 -7.818 0.5380000000000001 -2.0975553207397457 0.5516111108586192 0.14637959 0.14237958 "" "" 31.981237719335788 "" 4.67323167176349 ""
183.15892201863 -63.54461433361 0.0276 0.0269 12.176 "" "" 6054185144530984960 2181.23267 0.4258 0.0338 -8.79 -1.744 0.035 0.035 1.7 5831.5 4.0036 15.310451 1.218827 15.813996 14.595169 "" "" 2076.88184 2370.88867 14150.31885 5.8555 6453.8 11.812 11510.0 11.894 "" "" 0.0027917103280578445 0.0034254696 0.0039424 0.00736787 183.15892201863 -63.54461433361 2181.23267 -8.79 -1.7439999999999993 -3.0695553207397452 -1.7303888891413808 0.12537958 0.12537958 "" "" 36.43161765652351 "" 4.567780821368381 ""
182.8168437051 -63.93364657155 0.0185 0.0199 18.2489 "" "" 6054111069279974272 2890.19727 0.3156 0.0248 -5.635 0.645 0.024 0.025 0.996 9509.7 3.4794 15.311739 1.392289 15.928817 14.536528 "" "" 2701.46045 3118.11279 14133.54316 3.8082 5806.2 10.318 12149.0 10.347 "" "" 0.0027708071210764892 0.003392304 0.0038908594 0.0072831633 182.8168437051 -63.93364657155 2890.19727 -5.635 0.6449999999999999 0.08544467926025412 0.6586111108586192 0.114379585 0.11537958 "" "" 9.098279765529968 "" 1.0496057359040223 ""
183.23362966695 -63.42978297788 0.0181 0.0185 17.7712 "" "" 6054189615649837696 2345.82593 0.3934 0.0237 -5.65 -0.057 0.023 0.024 1.035 6640.9 4.1112 15.313949 1.031863 15.716061 14.684197 "" "" 2209.95435 2453.54297 14104.80651 3.282 7063.1 18.879 10604.0 40.365 "" "" 0.002766878115714391 0.004025799 0.005600442 0.009626241 183.23362966695 -63.42978297788 2345.82593 -5.65 -0.05700000000000006 0.07044467926025355 -0.04338888914138079 0.11337958 0.114379585 "" "" 0.9199461160647483 "" 0.10455692731414867 ""
182.35398171478 -63.74757769205 0.0195 0.0188 12.5558 "" "" 6054085196400930560 2240.45264 0.4079 0.0246 -9.215 2.311 0.026 0.028 0.982 6555.6 3.7948 15.31469 1.037135 15.742677 14.705542 "" "" 2122.46582 2426.07471 14095.19419 3.4984 6892.0 14.659 10398.0 9.8892 "" "" 0.002768466649892095 0.0036218765 0.0039179088 0.0075397855 182.35398171478 -63.74757769205 2240.45264 -9.215 2.311 -3.494555320739746 2.324611110858619 0.11637958 0.11837958 "" "" 44.57224180599358 "" 5.214806866062647 ""
183.21394147449 -63.78918341921 0.0205 0.0233 15.6351 "" "" 6054131027942584448 2428.49512 0.3975 0.0286 -3.628 -0.231 0.028 0.031 1.276 6000.9 3.9678 15.317277 1.04853 15.729895 14.681365 "" "" 2228.18457 2643.97144 14061.64136 4.1046 6973.6 8.8406 10632.0 23.3 "" "" 0.002773487347464699 0.0031111997 0.0044660065 0.007577206 183.21394147449 -63.78918341921 2428.49512 -3.628 -0.23099999999999973 2.092444679260254 -0.2173888891413808 0.11837958 0.121379584 "" "" 24.21591064444104 "" 2.8674547645953585 ""
182.20118746642 -63.76125757919 0.0189 0.0198 16.4614 "" "" 6054084440486626304 2270.99658 0.4033 0.025 -4.155 -0.13 0.026 0.03 1.013 6874.8 3.8026 15.318041 0.919086 15.656201 14.737115 "" "" 2142.00952 2397.72095 14051.74471 4.0998 7463.4 19.481 10100.0 39.149 "" "" 0.002773470478550116 0.003977005 0.005656403 0.009633408 182.20118746642 -63.76125757919 2270.99658 -4.154999999999997 -0.13000000000000003 1.5654446792602537 -0.11638888914138079 0.11637958 0.12037958 "" "" 16.897777013372956 "" 1.966934136647001 ""
182.37553558197 -63.4695420779 0.0185 0.0182 13.8601 "" "" 6054292076378847488 2491.23413 0.3642 0.0229 -6.804 0.355 0.025 0.027 0.953 8432.5 4.2 15.319175 0.720356 15.597456 14.8771 "" "" 2363.22266 2627.51318 14037.08294 4.0787 7878.3 10.95 8878.1 10.711 "" "" 0.0027733221633328927 0.0031721136 0.003999942 0.0071720555 182.37553558197 -63.4695420779 2491.23413 -6.803999999999991 0.35499999999999987 -1.0835553207397464 0.3686111108586192 0.11537958 0.11737958 "" "" 13.515214592923714 "" 1.562205208434648 ""
183.32912008856 -63.53615457625 0.0189 0.0193 16.5697 "" "" 6054184599127884672 2772.62573 0.3312 0.0243 -4.37 0.65 0.025 0.024 1.035 8001.0 4.0538 15.325491 0.801633 15.638518 14.836885 "" "" 2585.59912 2947.58569 13955.66148 3.6882 7585.9 11.206 9213.1 9.417 "" "" 0.0027702207360578365 0.0032182962 0.0039389473 0.007157244 183.32912008856 -63.53615457625 2772.62573 -4.3699999999999966 0.6500000000000001 1.3504446792602538 0.6636111108586192 0.11537958 0.114379585 "" "" 19.77495603604972 "" 2.277793209912883 ""
