Clusters/UPK_422/UPK_422_members.tsv
# %ECSV 1.0
# ---
# datatype:
# - name: RA_ICRS_1
#   unit: deg
#   datatype: float64
#   format: '{:15.11f}'
#   description: Right ascension (ICRS) at Ep=2016.0 (ra)
#   meta: !!omap
#   - {ucd: POS_EQ_RA_MAIN}
#   - {width: 15}
#   - {precision: '11'}
# - name: DE_ICRS_1
#   unit: deg
#   datatype: float64
#   format: '{:15.11f}'
#   description: Declination (ICRS) at Ep=2016.0 (dec)
#   meta: !!omap
#   - {ucd: POS_EQ_DEC_MAIN}
#   - {width: 15}
#   - {precision: '11'}
# - name: e_RA_ICRS
#   unit: mas
#   datatype: float64
#   format: '{:7.4f}'
#   description: Standard error of right ascension (ra_error)
#   meta: !!omap
#   - {ucd: ERROR}
#   - {width: 7}
#   - {precision: '4'}
# - name: e_DE_ICRS
#   unit: mas
#   datatype: float64
#   format: '{:7.4f}'
#   description: Standard error of declination (dec_error)
#   meta: !!omap
#   - {ucd: ERROR}
#   - {width: 7}
#   - {precision: '4'}
# - name: _r_1
#   unit: ''
#   datatype: float64
#   format: '{:8.4f}'
#   description: Distance from center (087.90140600000-07.58700543000)[ICRS], at Epoch=J2016.0
#   meta: !!omap
#   - {ucd: POS_ANG_DIST_GENERAL}
#   - {width: 8}
#   - {precision: '4'}
# - name: HIP
#   datatype: int32
#   description: '? HIP cross-id number, van Leeuwen, Cat. I/311 (hip_original_ext_source_id)'
#   meta: !!omap
#   - {ucd: ID_NUMBER}
#   - {width: 6}
#   - values: {'null': -2147483648}
# - name: TYC2
#   datatype: string
#   description: Tycho-2 cross-id name, Hog et al., Cat. I/259 (tyc2_original_ext_source_id)
#   meta: !!omap
#   - {ucd: ID_CROSSID}
#   - {_votable_string_dtype: char}
# - name: Source
#   datatype: int64
#   description: Source identifier, identical to the Gaia-EDR3 source_id (id)
#   meta: !!omap
#   - {ucd: ID_MAIN}
#   - {width: 19}
# - name: rgeo
#   unit: pc
#   datatype: float64
#   format: '{:15.8f}'
#   description: '? Median of the geometric distance posterior (r_med_geo)'
#   meta: !!omap
#   - {ucd: PHYS_DISTANCE_TRUE}
#   - {width: 15}
#   - {precision: '8'}
#   - values: {'null': .nan}
# - name: Plx
#   unit: mas
#   datatype: float64
#   format: '{:9.4f}'
#   description: '? Parallax (parallax)'
#   meta: !!omap
#   - {ucd: POS_PARLX_TRIG}
#   - {width: 9}
#   - {precision: '4'}
#   - values: {'null': .nan}
# - name: e_Plx
#   unit: mas
#   datatype: float32
#   format: '{:7.4f}'
#   description: '? Standard error of parallax (parallax_error)'
#   meta: !!omap
#   - {ucd: ERROR}
#   - {width: 7}
#   - {precision: '4'}
#   - values: {'null': .nan}
# - name: pmRA
#   unit: mas / yr
#   datatype: float64
#   format: '{:9.3f}'
#   description: '? Proper motion in right ascension direction, pmRA*cosDE (pmra)'
#   meta: !!omap
#   - {ucd: POS_EQ_PMRA}
#   - {width: 9}
#   - {precision: '3'}
#   - values: {'null': .nan}
# - name: pmDE
#   unit: mas / yr
#   datatype: float64
#   format: '{:9.3f}'
#   description: '? Proper motion in declination direction (pmdec)'
#   meta: !!omap
#   - {ucd: POS_EQ_PMDEC}
#   - {width: 9}
#   - {precision: '3'}
#   - values: {'null': .nan}
# - name: e_pmRA
#   unit: mas / yr
#   datatype: float32
#   format: '{:6.3f}'
#   description: '? Standard error of proper motion in right ascension direction (pmra_error)'
#   meta: !!omap
#   - {ucd: ERROR}
#   - {width: 6}
#   - {precision: '3'}
#   - values: {'null': .nan}
# - name: e_pmDE
[...]
#       distance: !astropy.table.SerializedColumn
#         __class__: astropy.coordinates.distances.Distance
#         unit: !astropy.units.Unit {unit: pc}
#         value: !astropy.table.SerializedColumn {name: SkyCoord.distance}
#       frame: icrs
#       obstime: !astropy.time.Time {format: jyear_str, in_subfmt: '*', jd1: 367701545.0, jd2: 0.0, out_subfmt: '*', precision: 3, scale: tt}
#       pm_dec: !astropy.table.SerializedColumn
#         __class__: astropy.units.quantity.Quantity
#         unit: !astropy.units.Unit {unit: mas / yr}
#         value: !astropy.table.SerializedColumn {name: SkyCoord.pm_dec}
#       pm_ra_cosdec: !astropy.table.SerializedColumn
#         __class__: astropy.units.quantity.Quantity
#         unit: !astropy.units.Unit {unit: mas / yr}
#         value: !astropy.table.SerializedColumn {name: SkyCoord.pm_ra_cosdec}
#       ra: !astropy.table.SerializedColumn
#         __class__: astropy.coordinates.angles.Longitude
#         unit: *id001
#         value: !astropy.table.SerializedColumn {name: SkyCoord.ra}
#         wrap_angle: !astropy.coordinates.Angle
#           unit: *id001
#           value: 360.0
#       representation_type: spherical
# schema: astropy-2.0
RA_ICRS_1 DE_ICRS_1 e_RA_ICRS e_DE_ICRS _r_1 HIP TYC2 Source rgeo Plx e_Plx pmRA pmDE e_pmRA e_pmDE RUWE Teff logg Gmag BP-RP BPmag RPmag RV e_RV b_rgeo B_rgeo FG e_FG FBP e_FBP FRP e_FRP RAVE5 RAVE6 e_Gmag e_BPmag e_RPmag e_BP-RP SkyCoord.ra SkyCoord.dec SkyCoord.distance SkyCoord.pm_ra_cosdec SkyCoord.pm_dec rmRA rmDE e_rmRA e_rmDE rRV e_rRV v_pec v_pec3d e_vpec e_vpec3d Pmemb
[from data line 29]
88.02730005164 -8.13684729771 0.0192 0.0184 33.8284 "" "" 3012601837941626368 291.310608 3.3861 0.0257 0.234 -0.46 0.026 0.022 1.072 "" "" 15.162451 2.181294 16.285852 14.104559 6.78 8.6 289.424866 293.260864 16216.84749 19.413 4179.0 26.049 18086.0 58.215 "" "" 0.0030464843923743764 0.0073203286 0.0051475274 0.012467856 88.02730005164 -8.13684729771 291.310608 0.234 -0.45999999999999996 -0.02553423976898192 0.05908218860626219 0.28436065 0.28036064 -6.285263157894737 10.411013 0.08887436481739686 6.285891473507208 0.024973159200929955 10.409972007301604 1.0
88.48814640823 -7.96684726439 0.0233 0.0275 41.6661 "" "" 3018568818824938112 290.90744 3.3888 0.0361 0.081 -0.606 0.026 0.03 1.019 3802.1 4.4456 15.172994 2.165473 16.288149 14.122676 15.2 6.3 288.352264 294.39212 16060.14207 15.207 4170.2 23.165 17786.0 46.918 "" "" 0.0029408666742338605 0.0066452804 0.0047420138 0.011387294 88.48814640823 -7.96684726439 290.90744 0.081 -0.606 -0.17853423976898192 -0.08691781139373778 0.28436065 0.28836066 2.134736842105262 8.111013 0.2738054237490636 2.1522246153958817 0.07807052440579745 8.045113985565274 1.0
88.81568059875 -7.73711092715 0.0243 0.0248 55.1076 "" "" 3018597577925864320 295.670654 3.3294 0.0299 0.314 -0.531 0.027 0.026 1.022 3533.1 4.0042 15.230896 2.52703 16.59993 14.0729 -42.33 7.48 293.333527 298.166779 15226.08584 19.894 3129.3 20.206 18621.0 57.099 "" "" 0.003099064111976204 0.007545467 0.005036646 0.012582113 88.81568059875 -7.73711092715 295.670654 0.3140000000000001 -0.531 0.05446576023101807 -0.01191781139373782 0.28536066 0.28436065 -55.39526315789473 9.291013 0.0781386170224395 55.39531826766482 0.02229412329350028 9.291003520910214 1.0
88.16921357575 -8.82558602995 0.0195 0.0185 75.9975 "" "" 3011743600396494208 286.98172 3.4462 0.0296 0.644 -0.291 0.026 0.022 1.015 3917.7 4.471 15.275681 2.175457 16.3895 14.214043 2.26 6.5 284.521179 289.554626 14610.81441 8.57 3798.5 17.125 16351.0 32.148 "" "" 0.002827959547509974 0.005634268 0.0043405774 0.009974845 88.16921357575 -8.82558602995 286.98172 0.644 -0.291 0.3844657602310181 0.22808218860626223 0.28436065 0.28036064 -10.805263157894737 8.311012 0.6080913055547721 10.822360507174425 0.17228734479848745 8.297888036274141 0.9
88.80118265079 -7.66171291745 0.0243 0.0233 53.6967 "" "" 3018598844939667584 297.591583 3.3132 0.0289 0.441 -0.688 0.028 0.025 1.042 3607.2 4.0502 15.316027 2.265225 16.4964 14.231175 -34.87 8.07 295.705566 300.426575 14077.8398 12.847 3442.4 18.731 16095.0 37.547 "" "" 0.0029280526363929422 0.006533518 0.004549619 0.011083137 88.80118265079 -7.66171291745 297.591583 0.441 -0.6880000000000007 0.18146576023101807 -0.16891781139373774 0.28636065 0.28336066 -47.93526315789474 9.881012 0.34970837731064236 47.93653877748979 0.09965705422599598 9.880749050076266 1.0
87.84960318503 -6.819865549 0.0259 0.0265 46.1316 "" "" 3018952273505078528 299.018616 3.3004 0.0347 0.15 -0.497 0.032 0.029 0.976 3732.6 4.4287 15.47118 2.288645 16.673521 14.384876 3.99 8.91 295.958282 302.561127 12203.22424 11.814 2924.2 13.656 13970.0 43.195 "" "" 0.002949002216693768 0.0057873856 0.005055066 0.010842452 87.84960318503 -6.819865549 299.018616 0.15 -0.497 -0.10953423976898194 0.02208218860626221 0.29036066 0.28736067 -9.075263157894737 10.721012 0.15837160746471948 9.076644917098637 0.04596642070521822 10.71938006035669 1.0
88.6500201927 -7.75813529082 0.0298 0.0295 45.6835 "" "" 3018596371038397056 296.163544 3.3184 0.0353 0.202 -0.583 0.034 0.032 1.072 "" "" 15.528993 2.341598 16.763752 14.422153 "" "" 292.722961 299.333588 11570.43869 13.071 2691.0 19.233 13499.0 44.713 "" "" 0.0030159908206502735 0.008246304 0.0052170046 0.013463308 88.6500201927 -7.75813529082 296.163544 0.20200000000000004 -0.583 -0.05753423976898192 -0.06391781139373776 0.29236066 0.29036066 "" "" 0.12072545742065875 "" 0.035162198267033706 "" 1.0
88.31144249244 -7.47414310427 0.0359 0.0332 25.3126 "" "" 3018666537920611968 286.359192 3.4397 0.0386 0.13 -0.806 0.041 0.036 1.107 3434.0 4.004 15.585016 2.720332 17.100473 14.380141 -13.5 7.76 283.456543 289.646088 10988.54338 15.799 1973.5 18.097 14031.0 54.055 "" "" 0.0031668015942649115 0.01033978 0.005637367 0.015977146 88.31144249244 -7.47414310427 286.359192 0.13 -0.806 -0.12953423976898193 -0.28691781139373784 0.29936066 0.29436064 -26.565263157894737 9.5710125 0.427295558272491 26.568699406299867 0.12614327386540664 9.5697748502468 1.0
87.83538416019 -7.35626518296 0.0293 0.0263 14.3908 "" "" 3018850534319910400 290.037567 3.3998 0.0342 0.101 -0.5 0.032 0.029 1.034 3519.7 4.227 15.67186 2.803583 17.249895 14.446312 "" "" 287.817719 293.168549 10143.853 14.322 1719.7 14.758 13202.0 50.706 "" "" 0.0031530449990643597 0.0097262915 0.0056279 0.015354192 87.83538416019 -7.35626518296 290.037567 0.101 -0.5 -0.15853423976898193 0.019082188606262207 0.29036066 0.28736067 "" "" 0.2195225501979847 "" 0.06373135524174707 "" 1.0
88.53970868199 -7.64157912663 0.0424 0.0398 38.1014 "" "" 3018648258539984896 307.17511 3.2194 0.044 0.116 -0.597 0.048 0.043 1.078 3504.9 4.2111 15.900905 2.5642 17.300943 14.736743 "" "" 302.463867 312.359924 8214.5724 10.786 1640.7 14.684 10103.0 33.879 "" "" 0.003102280493346189 0.010109813 0.0052478206 0.015357634 88.53970868199 -7.64157912663 307.17511 0.11600000000000002 -0.5970000000000008 -0.14353423976898194 -0.07791781139373777 0.30636066 0.30136067 "" "" 0.2377948475820281 "" 0.07258207308683971 "" 1.0
88.00608544923 -6.69831739279 0.0357 0.0386 53.6842 "" "" 3018955052347180288 303.534546 3.2446 0.0484 0.161 -0.434 0.045 0.042 1.08 "" "" 15.924399 2.837819 17.527208 14.689389 "" "" 299.60791 307.77005 8038.72117 7.3706 1332.1 11.794 10554.0 26.729 "" "" 0.0029296424318225583 0.010009516 0.0046738354 0.014683351 88.00608544923 -6.69831739279 303.534546 0.16100000000000025 -0.434 -0.09853423976898193 0.08508218860626221 0.30336064 0.30036065 "" "" 0.187303278082945 "" 0.056581117713783456 "" 0.9
86.49600942692 -6.72542809065 0.0268 0.0235 98.3481 "" "" 3015999225792187008 300.087585 3.2913 0.039 0.175 -0.471 0.036 0.029 0.996 3513.9 4.3182 15.956512 2.800119 17.533257 14.733137 "" "" 296.133392 303.506134 7804.43788 5.5527 1324.7 9.6887 10137.0 21.908 "" "" 0.002861557923988172 0.00841687 0.004448563 0.012865433 86.49600942692 -6.72542809065 300.087585 0.175 -0.471 -0.08453423976898194 0.04808218860626223 0.29436064 0.28736067 "" "" 0.13833259449734836 "" 0.040485112482208374 "" 1.0
88.25411900402 -7.66888518435 0.033 0.0338 21.5432 "" "" 3018636266991133312 296.424377 3.3227 0.0403 0.21 -0.68 0.036 0.036 1.023 3510.3 4.2434 15.988962 2.546362 17.37703 14.830668 "" "" 292.884521 300.119781 7574.63977 7.6117 1529.7 12.606 9266.0 27.202 "" "" 0.0029634735858604386 0.009372324 0.0049439934 0.014316317 88.25411900402 -7.66888518435 296.424377 0.20999999999999983 -0.68 -0.04953423976898194 -0.16091781139373784 0.29436064 0.29436064 "" "" 0.23656738583279066 "" 0.06963612654443384 "" 1.0
87.16273742179 -8.09317125949 0.0267 0.024 53.3858 "" "" 3012787895924623616 279.67865 3.5253 0.0387 0.071 -0.294 0.034 0.028 1.041 3482.1 4.4019 15.999006 2.619866 17.434992 14.815125 "" "" 277.070129 282.202667 7504.88817 11.643 1450.2 10.365 9399.6 35.272 "" "" 0.0032293945647523716 0.0082464395 0.005557251 0.013803691 87.16273742179 -8.09317125949 279.67865 0.07100000000000008 -0.2939999999999998 -0.18853423976898193 0.22508218860626222 0.29236066 0.28636065 "" "" 0.3892326859085359 "" 0.11242974164143006 "" 1.0
89.18257674026 -8.15650446184 0.0368 0.0349 83.4609 "" "" 3017817130828412672 290.937561 3.386 0.0402 0.788 -0.813 0.043 0.037 0.954 "" "" 16.002535 2.611593 17.438322 14.826729 "" "" 287.724884 294.328705 7480.53328 7.1926 1445.7 11.19 9299.6 18.633 "" "" 0.0029464573051184396 0.008854889 0.0043607536 0.013215642 89.18257674026 -8.15650446184 290.937561 0.7879999999999994 -0.8130000000000003 0.5284657602310181 -0.29391781139373774 0.30136067 0.29536065 "" "" 0.8339098114470512 "" 0.25013458201088384 "" 1.0
88.74729683695 -7.67835945695 0.0393 0.0418 50.6015 "" "" 3018598952315399552 292.866577 3.3742 0.0462 0.498 -0.592 0.046 0.043 1.033 "" "" 16.029211 2.640382 17.484476 14.844094 "" "" 288.166199 297.903107 7298.98374 10.934 1385.6 12.389 9152.1 30.788 "" "" 0.00319955185479154 0.010100854 0.0052558696 0.015356723 88.74729683695 -7.67835945695 292.866577 0.4980000000000001 -0.592 0.23846576023101806 -0.07291781139373776 0.30436066 0.30136067 "" "" 0.3461654580863246 "" 0.10527074980866996 "" 1.0
88.90771350644 -7.72804072937 0.0363 0.0361 60.4353 "" "" 3018600361064655872 297.497101 3.318 0.0447 0.735 -0.424 0.042 0.039 0.974 3391.4 4.0646 16.03884 2.853996 17.663055 14.809059 "" "" 293.656189 301.576843 7234.53988 6.9304 1175.4 9.9145 9452.2 23.201 "" "" 0.0029450942923547035 0.009573787 0.0046244976 0.014198285 88.90771350644 -7.72804072937 297.497101 0.7350000000000008 -0.424 0.47546576023101805 0.09508218860626222 0.30036065 0.29736066 "" "" 0.6837464290404544 "" 0.2052920245498752 "" 0.8
88.23383220289 -7.62567442483 0.0354 0.0363 19.9057 "" "" 3018639531166275712 295.138947 3.3422 0.0432 0.446 -0.259 0.039 0.038 0.972 3491.2 4.4051 16.080477 2.57105 17.483786 14.912736 "" "" 291.755371 299.132935 6962.35856 6.2023 1386.4 9.2963 8591.4 18.866 "" "" 0.0029201513914826273 0.0077966005 0.0044685644 0.012265164 88.23383220289 -7.62567442483 295.138947 0.4460000000000003 -0.2590000000000001 0.18646576023101807 0.2600821886062622 0.29736066 0.29636064 "" "" 0.4476934753647986 "" 0.13283089166006534 "" 1.0
88.51354148673 -7.6078169214 0.0464 0.0423 36.4271 "" "" 3018649289332133888 298.267365 3.3148 0.0452 0.293 -0.481 0.053 0.045 1.004 3511.8 4.5048 16.13726 2.69262 17.6333 14.94068 "" "" 292.822571 302.874054 6607.58359 7.7176 1208.1 12.002 8373.1 31.961 "" "" 0.0030331409406055432 0.011141394 0.005608879 0.016750272 88.51354148673 -7.6078169214 298.267365 0.293 -0.481 0.03346576023101805 0.038082188606262224 0.31136066 0.30336064 "" "" 0.0716751153117956 "" 0.021995103968402305 "" 1.0
88.91543564934 -7.81726670516 0.0413 0.0371 61.8555 "" "" 3018581428849018368 295.525238 3.3367 0.0442 0.424 -0.657 0.047 0.04 1.02 3478.0 4.4032 16.138372 2.61018 17.565096 14.954916 "" "" 291.702209 299.860565 6600.81625 13.82 1286.4 18.269 8264.0 44.187 "" "" 0.0035719962537501255 0.015669655 0.0069271806 0.022596836 88.91543564934 -7.81726670516 295.525238 0.4239999999999995 -0.6570000000000003 0.16446576023101805 -0.13791781139373782 0.30536065 0.29836065 "" "" 0.3006654185203786 "" 0.0909483269813341 "" 1.0
89.13161770197 -8.3459327048 0.0347 0.0342 86.1224 "" "" 3017779197677285504 292.713989 3.3697 0.0427 0.842 -0.666 0.038 0.037 0.98 3482.2 4.4032 16.139591 2.642211 17.59686 14.95465 "" "" 289.38623 296.727142 6593.41581 5.0289 1249.3 15.333 8266.1 14.72 "" "" 0.002877073485255262 0.013614512 0.0042452244 0.017859736 89.13161770197 -8.3459327048 292.713989 0.842 -0.666 0.582465760231018 -0.14691781139373783 0.29636064 0.29536065 "" "" 0.8334621842716824 "" 0.24695561275336195 "" 0.9
88.53239723675 -7.14570551373 0.0451 0.0437 45.944 "" "" 3018867130073625984 290.67804 3.3962 0.0551 0.273 -0.519 0.051 0.048 1.064 3483.7 4.4038 16.158262 2.590119 17.575972 14.985852 "" "" 286.780823 295.68924 6480.99875 7.5154 1273.6 10.901 8031.9 23.507 "" "" 0.0030293454925047966 0.009702863 0.0049377177 0.014640581 88.53239723675 -7.14570551373 290.67804 0.27299999999999963 -0.5189999999999999 0.013465760231018087 8.218860626219016e-05 0.30936065 0.30636066 "" "" 0.018553657329856966 "" 0.00573976948670579 "" 0.9
86.40757876466 -6.34788433645 0.0333 0.0304 115.9416 "" "" 3022204865122083840 287.646637 3.4163 0.047 0.655 -1.179 0.041 0.036 1.066 3393.0 4.0725 16.1666 2.849666 17.784395 14.93473 "" "" 284.020569 291.446289 6431.41958 7.9205 1051.1 10.275 8419.1 30.602 "" "" 0.003062625760520877 0.010974207 0.005464277 0.016438484 86.40757876466 -6.34788433645 287.646637 0.6550000000000007 -1.179 0.3954657602310181 -0.6599178113937378 0.29936066 0.29436064 "" "" 1.0489533976998486 "" 0.3101650392246221 "" 0.9
88.25320503084 -7.79037259622 0.0388 0.0388 24.2169 "" "" 3018622656239261824 284.05603 3.4658 0.0488 0.524 -0.14 0.044 0.042 1.067 3471.0 4.2939 16.173174 2.870485 17.806356 14.935871 "" "" 280.28595 288.066833 6392.59721 7.6377 1030.1 16.362 8410.3 23.791 "" "" 0.003045412546203818 0.01746997 0.004869985 0.022339955 88.25320503084 -7.79037259622 284.05603 0.5240000000000007 -0.14 0.2644657602310181 0.3790821886062622 0.30236065 0.30036065 "" "" 0.6223420880905214 "" 0.18733546359316364 "" 1.0
88.0073609753 -7.30429817021 0.0412 0.0434 18.0959 "" "" 3018849503527943040 294.772705 3.3507 0.0501 0.343 -0.812 0.045 0.044 1.01 3519.8 4.3957 16.177166 2.555165 17.56887 15.013705 "" "" 290.675323 298.576721 6369.1387 5.6905 1281.9 12.299 7828.5 18.041 "" "" 0.002921093277181781 0.010784136 0.00453258 0.015316715 88.0073609753 -7.30429817021 294.772705 0.343 -0.812 0.0834657602310181 -0.29291781139373785 0.30336064 0.30236065 "" "" 0.42556239840972093 "" 0.12870533187733746 "" 0.9
87.9969461201 -7.28216485812 0.0468 0.047 19.1533 "" "" 3018849606607155712 300.062775 3.3065 0.0518 0.059 -0.779 0.05 0.048 1.027 3469.7 4.404 16.204243 2.691489 17.695839 15.00435 "" "" 296.353333 305.514923 6212.25834 10.609 1140.5 13.815 7896.2 37.346 "" "" 0.003321103855642226 0.013444354 0.006375982 0.019820336 87.9969461201 -7.28216485812 300.062775 0.059 -0.7789999999999996 -0.20053423976898194 -0.2599178113937378 0.30836067 0.30636066 "" "" 0.4669194046090341 "" 0.14339490434606866 "" 0.9
87.23335961359 -7.26232068681 0.0325 0.0294 44.2641 "" "" 3012906608820414336 288.970825 3.4136 0.046 0.456 -0.629 0.041 0.034 0.98 3445.1 4.4045 16.218164 2.686768 17.707975 15.021207 "" "" 285.566589 293.344849 6133.11469 6.6951 1127.8 9.4717 7774.6 23.538 "" "" 0.002999423998691876 0.009535766 0.0050088814 0.014544647 87.23335961359 -7.26232068681 288.970825 0.4560000000000002 -0.629 0.19646576023101808 -0.1099178113937378 0.29936066 0.29236066 "" "" 0.3083569408292724 "" 0.09179997491821365 "" 1.0
87.88185001538 -6.48430249437 0.042 0.0464 66.1724 "" "" 3022057809738448000 284.295074 3.4983 0.0539 0.234 -0.343 0.05 0.048 1.051 3437.9 4.407 16.294102 2.609642 17.68837 15.078728 "" "" 280.848145 288.395874 5718.81938 5.7883 1148.3 21.654 7373.4 28.851 "" "" 0.002966383401603244 0.020663448 0.00568612 0.026349567 87.88185001538 -6.48430249437 284.295074 0.23400000000000004 -0.343 -0.02553423976898192 0.17608218860626218 0.30836067 0.30636066 "" "" 0.23976296769944802 "" 0.07346384927509796 "" 0.9
88.74790636366 -7.53413331317 0.0399 0.0426 50.4483 "" "" 3018653927897061376 300.435333 3.2773 0.053 0.38 -0.554 0.049 0.046 1.072 3415.8 4.2071 16.328035 2.766494 17.88114 15.114646 "" "" 295.345123 305.61673 5542.84727 5.3543 961.53 9.2498 7133.5 16.838 "" "" 0.0029481821664223804 0.010810907 0.004566354 0.015377261 88.74790636366 -7.53413331317 300.435333 0.38 -0.5540000000000003 0.12046576023101807 -0.03491781139373784 0.30736065 0.30436066 "" "" 0.17861215307192696 "" 0.054857004438381186 "" 1.0
