Clusters/UPK_422/UPK_422_stars_in_region.tsv
# %ECSV 1.0
# ---
# datatype:
# - name: RA_ICRS_1
#   unit: deg
#   datatype: float64
#   format: '{:15.11f}'
#   description: Right ascension (ICRS) at Ep=2016.0 (ra)
#   meta: !!omap
#   - {ucd: POS_EQ_RA_MAIN}
#   - {width: 15}
#   - {precision: '11'}
# - name: DE_ICRS_1
#   unit: deg
#   datatype: float64
#   format: '{:15.11f}'
#   description: Declination (ICRS) at Ep=2016.0 (dec)
#   meta: !!omap
#   - {ucd: POS_EQ_DEC_MAIN}
#   - {width: 15}
#   - {precision: '11'}
# - name: e_RA_ICRS
#   unit: mas
#   datatype: float64
#   format: '{:7.4f}'
#   description: Standard error of right ascension (ra_error)
#   meta: !!omap
#   - {ucd: ERROR}
#   - {width: 7}
#   - {precision: '4'}
# - name: e_DE_ICRS
#   unit: mas
#   datatype: float64
#   format: '{:7.4f}'
#   description: Standard error of declination (dec_error)
#   meta: !!omap
#   - {ucd: ERROR}
#   - {width: 7}
#   - {precision: '4'}
# - name: _r_1
#   unit: ''
#   datatype: float64
#   format: '{:8.4f}'
#   description: Distance from center (087.90140600000-07.58700543000)[ICRS], at Epoch=J2016.0
#   meta: !!omap
#   - {ucd: POS_ANG_DIST_GENERAL}
#   - {width: 8}
#   - {precision: '4'}
# - name: HIP
#   datatype: int32
#   description: '? HIP cross-id number, van Leeuwen, Cat. I/311 (hip_original_ext_source_id)'
#   meta: !!omap
#   - {ucd: ID_NUMBER}
#   - {width: 6}
#   - values: {'null': -2147483648}
# - name: TYC2
#   datatype: string
#   description: Tycho-2 cross-id name, Hog et al., Cat. I/259 (tyc2_original_ext_source_id)
#   meta: !!omap
#   - {ucd: ID_CROSSID}
#   - {_votable_string_dtype: char}
# - name: Source
#   datatype: int64
#   description: Source identifier, identical to the Gaia-EDR3 source_id (id)
#   meta: !!omap
#   - {ucd: ID_MAIN}
#   - {width: 19}
# - name: rgeo
#   unit: pc
#   datatype: float64
#   format: '{:15.8f}'
#   description: '? Median of the geometric distance posterior (r_med_geo)'
#   meta: !!omap
#   - {ucd: PHYS_DISTANCE_TRUE}
#   - {width: 15}
#   - {precision: '8'}
#   - values: {'null': .nan}
# - name: Plx
#   unit: mas
#   datatype: float64
#   format: '{:9.4f}'
#   description: '? Parallax (parallax)'
#   meta: !!omap
#   - {ucd: POS_PARLX_TRIG}
#   - {width: 9}
#   - {precision: '4'}
#   - values: {'null': .nan}
# - name: e_Plx
#   unit: mas
#   datatype: float32
#   format: '{:7.4f}'
#   description: '? Standard error of parallax (parallax_error)'
#   meta: !!omap
#   - {ucd: ERROR}
#   - {width: 7}
#   - {precision: '4'}
#   - values: {'null': .nan}
# - name: pmRA
#   unit: mas / yr
#   datatype: float64
#   format: '{:9.3f}'
#   description: '? Proper motion in right ascension direction, pmRA*cosDE (pmra)'
#   meta: !!omap
#   - {ucd: POS_EQ_PMRA}
#   - {width: 9}
#   - {precision: '3'}
#   - values: {'null': .nan}
# - name: pmDE
#   unit: mas / yr
#   datatype: float64
#   format: '{:9.3f}'
#   description: '? Proper motion in declination direction (pmdec)'
#   meta: !!omap
#   - {ucd: POS_EQ_PMDEC}
#   - {width: 9}
#   - {precision: '3'}
#   - values: {'null': .nan}
# - name: e_pmRA
#   unit: mas / yr
#   datatype: float32
#   format: '{:6.3f}'
#   description: '? Standard error of proper motion in right ascension direction (pmra_error)'
#   meta: !!omap
#   - {ucd: ERROR}
#   - {width: 6}
#   - {precision: '3'}
#   - values: {'null': .nan}
# - name: e_pmDE
[...]
#         value: !astropy.table.SerializedColumn {name: SkyCoord.dec}
#       distance: !astropy.table.SerializedColumn
#         __class__: astropy.coordinates.distances.Distance
#         unit: !astropy.units.Unit {unit: pc}
#         value: !astropy.table.SerializedColumn {name: SkyCoord.distance}
#       frame: icrs
#       obstime: !astropy.time.Time {format: jyear_str, in_subfmt: '*', jd1: 367701545.0, jd2: 0.0, out_subfmt: '*', precision: 3, scale: tt}
#       pm_dec: !astropy.table.SerializedColumn
#         __class__: astropy.units.quantity.Quantity
#         unit: !astropy.units.Unit {unit: mas / yr}
#         value: !astropy.table.SerializedColumn {name: SkyCoord.pm_dec}
#       pm_ra_cosdec: !astropy.table.SerializedColumn
#         __class__: astropy.units.quantity.Quantity
#         unit: !astropy.units.Unit {unit: mas / yr}
#         value: !astropy.table.SerializedColumn {name: SkyCoord.pm_ra_cosdec}
#       ra: !astropy.table.SerializedColumn
#         __class__: astropy.coordinates.angles.Longitude
#         unit: *id001
#         value: !astropy.table.SerializedColumn {name: SkyCoord.ra}
#         wrap_angle: !astropy.coordinates.Angle
#           unit: *id001
#           value: 360.0
#       representation_type: spherical
# schema: astropy-2.0
RA_ICRS_1 DE_ICRS_1 e_RA_ICRS e_DE_ICRS _r_1 HIP TYC2 Source rgeo Plx e_Plx pmRA pmDE e_pmRA e_pmDE RUWE Teff logg Gmag BP-RP BPmag RPmag RV e_RV b_rgeo B_rgeo FG e_FG FBP e_FBP FRP e_FRP RAVE5 RAVE6 e_Gmag e_BPmag e_RPmag e_BP-RP SkyCoord.ra SkyCoord.dec SkyCoord.distance SkyCoord.pm_ra_cosdec SkyCoord.pm_dec rmRA rmDE e_rmRA e_rmDE rRV e_rRV v_pec v_pec3d e_vpec e_vpec3d
87.84159865766 -7.51800597789 0.1027 0.1067 5.4584 27658 5347-905-1 3018839092527305856 316.313171 3.1605 0.1333 0.04 -0.663 0.12 0.115 1.261 18688.4 3.6267 5.307643 -0.287601 5.201325 5.488926 "" "" 304.600098 329.690216 141869605.51099 112510.0 113470000.0 107500.0 50534000.0 91557.0 "" "" 0.002886726276126404 0.0029737337 0.0042606704 0.007234404 87.84159865766 -7.51800597789 316.313171 0.04 -0.6630000000000004 -0.21953423976898193 -0.14391781139373783 0.37836066 0.37336066 "" "" 0.39357657228533044 "" 0.14832512759054495 ""
89.22802711739 -8.38401841384 0.0633 0.0661 92.1963 "" 5348-2012-1 3017775486825735936 338.193604 2.9578 0.0863 -1.202 2.4 0.073 0.073 3.4 "" "" 6.603682 1.195525 7.117006 5.921481 42.79 0.13 327.772339 348.921112 43000538.3466 15555.0 19436000.0 20142.0 33929000.0 47385.0 "" "" 0.002783171743695989 0.003008499 0.0040722215 0.0070807207 89.22802711739 -8.38401841384 338.193604 -1.202 2.4 -1.461534239768982 2.919082188606262 0.33136064 0.33136064 29.724736842105262 1.9410127 5.233156513944973 30.181880448902692 1.7340620819558454 1.9351138554923732
90.54504988852 -7.28952661226 0.0313 0.0308 158.2929 "" 4794-1531-1 3018335584920339456 307.922607 3.2278 0.0391 -1.404 -2.229 0.039 0.038 0.978 12732.2 3.8704 7.123771 -0.152149 7.057836 7.209986 "" "" 304.139618 311.901123 26634118.27721 12866.0 20525000.0 23970.0 10355000.0 18655.0 "" "" 0.0028047940051698105 0.0030647672 0.0042555463 0.0073203137 90.54504988852 -7.28952661226 307.922607 -1.4040000000000001 -2.229 -1.6635342397689818 -1.7099178113937379 0.29736066 0.29636064 "" "" 3.481933789569565 "" 1.033602726906051 ""
87.04342652364 -8.38363712697 0.0327 0.0307 69.8822 27402 5347-906-1 3012674268268320384 314.79599 3.1487 0.0507 -1.094 0.183 0.038 0.035 1.148 "" "" 7.267963 -0.119909 7.212022 7.331931 "" "" 309.609192 320.630859 23321765.62406 16021.0 17808000.0 38294.0 9255200.0 14260.0 "" "" 0.002854484916149224 0.0036381441 0.004133058 0.007771202 87.04342652364 -8.38363712697 314.79599 -1.094 0.183 -1.353534239768982 0.7020821886062623 0.29636064 0.29336065 "" "" 2.2751844719199146 "" 0.6728338279591168 ""
86.73977200937 -9.83896797094 0.0168 0.0165 151.6657 "" 5351-242-1 3011936118009345152 343.097046 2.8943 0.0217 3.303 -14.968 0.022 0.02 1.079 4642.2 2.2098 7.318859 1.504917 8.016306 6.511389 30.13 0.13 341.009186 345.563324 22253759.5747 3133.3 8489700.0 3825.3 19706000.0 12505.0 "" "" 0.002759557701975047 0.002832733 0.0038416698 0.006674403 86.73977200937 -9.83896797094 343.097046 3.303000000000004 -14.968 3.043465760231018 -14.448917811393738 0.28036064 0.27836066 17.064736842105262 1.9410127 24.01360384960598 29.459436745058717 6.6864900513917 5.565196156928574
88.0906637403 -8.96156674041 0.0141 0.0138 83.2357 "" 5348-92-1 3011736213052780032 238.453827 4.1742 0.0235 9.458 8.525 0.018 0.016 1.076 "" "" 7.392778 1.235249 7.934556 6.699306 29.73 0.12 237.236374 239.638962 20789088.20191 2171.4 9153700.0 2084.2 16574000.0 6462.6 "" "" 0.0027576529675551586 0.0028011 0.0038030192 0.006604119 88.0906637403 -8.96156674041 238.453827 9.458 8.524999999999997 9.198465760231018 9.044082188606263 0.27636066 0.27436066 16.664736842105263 1.9310127 14.580374820060836 22.142736594876535 4.015134846628016 3.016955086746227
86.93892985258 -9.52085608427 0.0136 0.0138 129.3213 "" 5351-759-1 3011975013233096192 254.105118 3.9123 0.0199 -0.127 8.18 0.018 0.016 0.976 5110.1 2.7236 7.573138 1.206511 8.090199 6.883689 -4.57 0.12 252.748077 255.294693 17607256.40323 2281.7 7931200.0 3873.0 13986000.0 6719.8 "" "" 0.0027589102244753878 0.002840097 0.0038152137 0.0066553107 86.93892985258 -9.52085608427 254.105118 -0.12699999999999967 8.18 -0.38653423976898194 8.699082188606262 0.27636066 0.27436066 -17.635263157894737 1.9310127 10.488019712670773 20.518310460210174 2.8775414595963524 2.217657002877325
86.83744390335 -5.59492664881 0.0824 0.0971 135.3045 "" 4776-598-1 3022409584739333760 342.596344 2.8961 0.1366 -2.889 -8.884 0.092 0.107 4.394 "" "" 7.653131 1.109091 8.12366 7.014569 0.69 0.92 328.075897 357.173981 16356641.83111 2708.9 7690500.0 4676.2 12397000.0 5111.9 "" "" 0.002761181345520467 0.002867209 0.0038058069 0.0066730157 86.83744390335 -5.59492664881 342.596344 -2.8890000000000007 -8.884 -3.1485342397689817 -8.364917811393738 0.35036066 0.36536065 -12.375263157894738 2.7310128 14.514230168168256 19.07380443439935 5.276399849730012 4.388682486962029
88.40412101082 -5.28558012371 0.0472 0.0414 141.3006 "" "" 3022565784110201856 334.981079 2.969 0.0537 12.743 5.557 0.054 0.044 2.579 "" "" 7.659811 1.45722 8.329198 6.871978 101.93 0.23 328.315521 342.415741 16256327.17669 2539.6 6364100.0 3115.5 14137000.0 3897.7 "" "" 0.0027605360066869284 0.0028403443 0.0037912182 0.0066315625 88.40412101082 -5.28558012371 334.981079 12.743000000000002 5.5569999999999995 12.483465760231018 6.076082188606263 0.31236064 0.30236065 88.86473684210527 2.0410128 22.04460008923983 91.5582101567693 6.844192947570744 2.5767751766625753
86.94489604012 -6.43493975259 0.0383 0.037 89.569 27368 4780-1604-1 3022015130645837568 335.05304 2.96 0.0444 -6.761 7.055 0.045 0.043 1.093 13730.1 4.0132 7.681469 -0.149621 7.616881 7.766502 "" "" 330.61084 339.700043 15935261.95072 6017.6 12265000.0 7947.4 6202400.0 4738.4 "" "" 0.0027856584371309316 0.002877499 0.0038693324 0.0067468314 86.94489604012 -6.43493975259 335.05304 -6.761 7.055 -7.020534239768982 7.574082188606262 0.30336064 0.30136067 "" "" 16.401431136269306 "" 4.957932064295522 ""
87.98837737848 -7.31008763956 0.0678 0.07 17.4021 "" "" 3018849400448732416 262.152283 3.7806 0.0851 0.406 2.237 0.074 0.074 2.164 9998.4 3.8104 7.888526 -0.117326 7.834889 7.952215 "" "" 256.726898 268.763641 13168497.13503 5300.2 10034000.0 6539.5 5227200.0 4175.2 "" "" 0.0027897593925309827 0.0028785 0.0038776034 0.0067561036 87.98837737848 -7.31008763956 262.152283 0.406 2.236999999999998 0.1464657602310181 2.7560821886062623 0.33236066 0.33236066 "" "" 3.4295452907114816 "" 1.1398459194108765 ""
87.51362299278 -5.89829215559 0.031 0.0263 103.9238 27552 4780-1245-1 3022154184507011200 323.974457 3.0586 0.0328 -4.879 -32.378 0.039 0.029 1.148 5700.4 2.8241 7.957619 1.142931 8.413437 7.270506 -36.3 0.15 321.096985 327.105164 12356602.77984 2911.2 5889000.0 16869.0 9793900.0 26542.0 "" "" 0.002767168597681616 0.0041782376 0.004789725 0.008967962 87.51362299278 -5.89829215559 323.974457 -4.879 -32.37800000000001 -5.1385342397689815 -31.858917811393738 0.29736066 0.28736067 -49.36526315789473 1.9610127 49.556074089290895 69.94807849963776 14.253244367324458 10.192385519284045
89.49290500836 -5.8022273325 0.0319 0.0285 143.0427 "" 4781-1637-1 3019496566120733568 278.264832 3.564 0.0365 -3.663 -5.42 0.039 0.029 1.936 4917.8 2.534 8.032652 1.078913 8.48801 7.409097 29.05 1.25 275.614166 280.716095 11531503.00971 2234.7 5498100.0 3001.7 8620200.0 5588.0 "" "" 0.0027633421757539403 0.0028524396 0.0038443587 0.0066967984 89.49290500836 -5.8022273325 278.264832 -3.662999999999997 -5.419999999999999 -3.9225342397689817 -4.900917811393738 0.29736066 0.28736067 15.984736842105264 3.0610127 8.27968509066146 18.00180538479069 2.4119231174989997 2.9356964480077696
88.18469641309 -8.32803228612 0.0161 0.0145 47.5416 "" 5348-492-1 3012548683426080640 317.560516 3.1227 0.0218 -0.954 -15.466 0.019 0.016 1.091 "" "" 8.075315 1.506034 8.774826 7.268792 13.51 0.12 315.072906 319.523651 11087167.28893 1964.8 4221700.0 2308.8 9809400.0 2804.4 "" "" 0.00276203006127985 0.0028526513 0.0037921069 0.0066447584 88.18469641309 -8.32803228612 317.560516 -0.9539999999999988 -15.466000000000015 -1.213534239768982 -14.946917811393737 0.27736065 0.27436066 0.44473684210526265 1.9310127 22.572682374396827 22.577063149004363 6.193501825037217 6.192416889846695
87.08498323111 -6.64581790059 0.0306 0.0242 74.5096 27418 4780-743-1 3021995309372096896 246.30928 4.0376 0.0271 0.959 1.192 0.034 0.026 0.872 12659.4 4.0993 8.158636 0.323889 8.163242 7.839354 "" "" 244.904007 247.851654 10268148.16884 2790.5 7415100.0 12319.0 5799800.0 23003.0 "" "" 0.002771074044739506 0.0033224477 0.0057295044 0.0090519525 87.08498323111 -6.64581790059 246.30928 0.9590000000000006 1.192 0.699465760231018 1.7110821886062622 0.29236066 0.28436065 "" "" 2.1581671409076373 "" 0.6161995276036226 ""
87.15006587644 -5.82943535006 0.0242 0.0236 114.5641 27438 4780-1148-1 3022342720688460928 257.51416 3.8612 0.0308 -3.931 -5.114 0.028 0.026 1.087 9598.0 3.9392 8.233683 0.074968 8.249982 8.175014 -17.68 5.89 255.128174 259.344696 9582383.68591 3089.1 6845800.0 4743.2 4257500.0 2167.1 "" "" 0.0027774624557827888 0.0028898015 0.0038195741 0.0067093754 87.15006587644 -5.82943535006 257.51416 -3.9310000000000027 -5.1139999999999946 -4.190534239768982 -4.594917811393738 0.28636065 0.28436065 -30.745263157894737 7.7010126 7.590810387712044 31.66846395059913 2.165434457390825 7.494507649208009
89.23920087586 -9.8119851568 0.0108 0.0107 155.2951 "" 5352-501-1 3011387908385208192 311.887146 3.1795 0.0162 8.369 -15.701 0.014 0.012 0.971 "" "" 8.502135 1.288092 9.073434 7.785342 -38.58 0.13 310.632202 313.254852 7483290.68441 922.61 3206600.0 594.59 6095700.0 1258.1 "" "" 0.0027585698871177883 0.0027974239 0.0037860193 0.006583443 89.23920087586 -9.8119851568 311.887146 8.369 -15.701 8.109465760231018 -15.181917811393738 0.27236065 0.27036065 -51.64526315789473 1.9410127 25.44532345052653 57.57341132979801 6.890743501743296 3.5080487240497735
87.71960605706 -8.83532170205 0.0102 0.0095 75.673 "" 5347-849-1 3012491783699549440 345.515808 2.8668 0.0146 2.766 -2.06 0.012 0.011 0.972 4926.5 2.8886 8.732302 1.171741 9.239644 8.067903 17.21 0.13 343.662079 347.332123 6053771.67524 714.43 2751400.0 883.7 4698900.0 841.67 "" "" 0.0027582978882486667 0.002811877 0.0037843823 0.0065962593 87.71960605706 -8.83532170205 345.515808 2.7659999999999965 -2.0599999999999983 2.506465760231018 -1.5409178113937378 0.27036065 0.26936066 4.144736842105264 1.9410127 4.818644790905155 6.35595634906519 1.3014520430778747 1.604872613085604
87.38613048283 -6.18641617793 0.0168 0.0174 89.465 "" 4780-1286-1 3022037228254790528 331.709747 2.9886 0.0242 11.817 4.285 0.02 0.019 1.184 6855.5 3.5835 8.783524 0.5106 8.964892 8.454292 "" "" 329.17865 334.235626 5774802.92257 1482.7 3543700.0 1974.3 3291900.0 1600.0 "" "" 0.0027693862317811958 0.0028549863 0.003816046 0.0066710324 87.38613048283 -6.18641617793 331.709747 11.81699999999999 4.285000000000001 11.557465760231018 4.804082188606262 0.27836066 0.27736065 "" "" 19.679208390999158 "" 5.475022670469361 ""
87.21956245026 -10.16470058548 0.0127 0.0127 159.8555 "" 5351-545-1 3011184292574204672 353.670593 2.8011 0.0173 15.706 -17.497 0.015 0.014 1.341 "" "" 8.83234 1.204806 9.354816 8.15001 37.45 0.17 351.356262 356.247101 5520908.6312 909.51 2474500.0 841.01 4356700.0 954.56 "" "" 0.002761119606827375 0.0028144657 0.003786861 0.0066013266 87.21956245026 -10.16470058548 353.670593 15.706 -17.496999999999996 15.446465760231018 -16.977917811393738 0.27336064 0.27236065 24.384736842105266 1.9810127 38.478479151687495 45.55445915259641 10.497466833842298 8.930077328699534
87.22827171585 -5.4893528459 0.0438 0.0372 132.0999 "" 4776-566-1 3022370723875157376 340.725769 2.926 0.0515 -26.941 -13.002 0.048 0.044 2.617 "" "" 8.846643 0.235789 8.921066 8.685277 15.91 2.61 335.406799 346.508179 5448656.48064 1308.0 3689700.0 1639.5 2661000.0 788.82 "" "" 0.0027676204768521807 0.0028315717 0.0037930617 0.0066246334 87.22827171585 -5.4893528459 340.725769 -26.941 -13.002000000000017 -27.20053423976898 -12.482917811393738 0.30636066 0.30236065 2.844736842105263 4.421013 48.335113465947344 48.41875381984583 14.774523720050148 14.751288701538236
87.27380344367 -8.40569306294 0.0118 0.0111 61.6719 27475 5347-723-1 3012578778259529472 284.171417 3.4936 0.0178 -2.027 -13.509 0.014 0.013 1.002 6656.1 3.6183 8.847204 0.595536 9.065824 8.470288 -8.72 1.88 282.569672 285.912994 5445842.5295 803.7 3229100.0 681.21 3243700.0 628.33 "" "" 0.002759975391780083 0.0027995554 0.003785229 0.0065847845 87.27380344367 -8.40569306294 284.171417 -2.027 -13.509000000000002 -2.286534239768982 -12.989917811393738 0.27236065 0.27136067 -21.78526315789474 3.6910129 17.766062171469766 28.111041530673578 4.821545329237962 4.1794104617557215
88.08798218173 -7.37644096672 0.0234 0.0227 16.8169 27741 4780-252-1 3018836305091653888 302.744751 3.2788 0.0285 -5.593 0.909 0.026 0.026 1.052 10552.2 4.1733 8.860807 -0.010453 8.848641 8.859095 17.1 0.54 300.663177 305.420624 5378037.7463 1561.9 3944200.0 1613.8 2267400.0 683.52 "" "" 0.0027733043637403463 0.0028253132 0.0037935278 0.006618841 88.08798218173 -7.37644096672 302.744751 -5.593 0.909 -5.852534239768982 1.4280821886062622 0.28436065 0.28436065 4.034736842105264 2.3510127 8.64485824918671 9.540056369517586 2.458257486704288 2.439421273842328
87.42869037406 -9.74860874252 0.0144 0.0139 132.6921 "" 5351-195-1 3011576783865676288 295.443542 3.3652 0.0191 -10.964 -2.691 0.019 0.016 1.079 9469.5 4.0521 8.891884 0.14762 8.934369 8.786749 -0.98 1.35 293.99469 296.938202 5226284.38374 1281.8 3644800.0 1348.6 2423600.0 915.52 "" "" 0.0027681579953275372 0.002818942 0.0038015707 0.006620513 87.42869037406 -9.74860874252 295.443542 -10.96399999999999 -2.6910000000000003 -11.223534239768982 -2.1719178113937376 0.27736065 0.27436066 -14.045263157894738 3.1610126 16.009052445965963 21.296928825354236 4.438556607831827 3.934219215200883
87.61924889508 -4.97707616079 0.0216 0.0205 157.4972 27580 4776-644-1 3022832450039669760 258.192566 3.8367 0.0284 -2.718 -0.241 0.025 0.022 1.17 "" "" 8.946501 0.103744 8.97456 8.870816 19.36 0.9 256.270508 260.468109 4969884.85015 1564.5 3512300.0 1103.9 2243000.0 780.54 "" "" 0.00277643776705572 0.0028109597 0.0037982205 0.00660918 87.61924889508 -4.97707616079 258.192566 -2.7180000000000026 -0.241 -2.977534239768982 0.2780821886062622 0.28336066 0.28036064 6.294736842105262 2.7110128 3.659861564941347 7.28136653286265 1.0369663469111112 2.4009265842622898
87.94060998885 -6.80630892704 0.0152 0.0162 46.8999 "" 4780-466-1 3018951822531367552 270.525085 3.6671 0.022 -7.063 6.154 0.018 0.018 1.07 7743.6 3.9965 9.039323 0.307838 9.144034 8.836196 13.44 0.2 269.176361 272.089539 4562653.84449 1040.7 3004700.0 1167.2 2315700.0 758.94 "" "" 0.002766426977905219 0.002821867 0.0037960962 0.0066179633 87.94060998885 -6.80630892704 270.525085 -7.063000000000006 6.154 -7.322534239768982 6.673082188606262 0.27636066 0.27636066 0.37473684210526237 2.0110128 12.703693408200984 12.709219248655684 3.510801104781739 3.509775561519536
88.96356882117 -9.39417801072 0.0106 0.0101 125.4182 "" 5352-627-1 3011463637248288640 266.843811 3.7252 0.016 -4.693 0.698 0.013 0.012 1.086 7041.4 3.8398 9.084896 0.459934 9.248576 8.788642 -2.23 0.63 265.75766 267.930511 4375102.05182 785.59 2728900.0 1128.1 2419400.0 596.42 "" "" 0.002762208618484763 0.0028260394 0.0037888475 0.006614887 88.96356882117 -9.39417801072 266.843811 -4.693 0.6980000000000005 -4.9525342397689815 1.2170821886062622 0.27136067 0.27036065 -15.295263157894738 2.4410129 6.4505439530811834 16.599837118474518 1.7500571535506482 2.3497368453688976
86.65771226604 -8.82871662777 0.0158 0.0171 104.9062 27254 5347-712-1 3012635476123721472 284.221405 3.5012 0.0248 -0.27 -0.6 0.019 0.019 1.075 "" "" 9.134098 0.148479 9.17851 9.030031 10.39 1.1 282.359009 286.639893 4181263.66857 1153.2 2910800.0 1298.3 1937100.0 398.25 "" "" 0.0027715444236055594 0.0028318837 0.0037859678 0.0066178516 86.65771226604 -8.82871662777 284.221405 -0.2700000000000004 -0.6000000000000002 -0.529534239768982 -0.08091781139373777 0.27736065 0.27736065 -2.6752631578947366 2.9110126 0.7216745980105054 2.7708928505812964 0.20016413408928552 2.8110305668636073
