Clusters/UPK_422/UPK_422_stars_in_region.tsv
# %ECSV 1.0
# ---
# datatype:
# - name: RA_ICRS_1
#   unit: deg
#   datatype: float64
#   format: '{:15.11f}'
#   description: Right ascension (ICRS) at Ep=2016.0 (ra)
#   meta: !!omap
#   - {ucd: POS_EQ_RA_MAIN}
#   - {width: 15}
#   - {precision: '11'}
# - name: DE_ICRS_1
#   unit: deg
#   datatype: float64
#   format: '{:15.11f}'
#   description: Declination (ICRS) at Ep=2016.0 (dec)
#   meta: !!omap
#   - {ucd: POS_EQ_DEC_MAIN}
#   - {width: 15}
#   - {precision: '11'}
# - name: e_RA_ICRS
#   unit: mas
#   datatype: float64
#   format: '{:7.4f}'
#   description: Standard error of right ascension (ra_error)
#   meta: !!omap
#   - {ucd: ERROR}
#   - {width: 7}
#   - {precision: '4'}
# - name: e_DE_ICRS
#   unit: mas
#   datatype: float64
#   format: '{:7.4f}'
#   description: Standard error of declination (dec_error)
#   meta: !!omap
#   - {ucd: ERROR}
#   - {width: 7}
#   - {precision: '4'}
# - name: _r_1
#   unit: ''
#   datatype: float64
#   format: '{:8.4f}'
#   description: Distance from center (087.90140600000-07.58700543000)[ICRS], at Epoch=J2016.0
#   meta: !!omap
#   - {ucd: POS_ANG_DIST_GENERAL}
#   - {width: 8}
#   - {precision: '4'}
# - name: HIP
#   datatype: int32
#   description: '? HIP cross-id number, van Leeuwen, Cat. I/311 (hip_original_ext_source_id)'
#   meta: !!omap
#   - {ucd: ID_NUMBER}
#   - {width: 6}
#   - values: {'null': -2147483648}
# - name: TYC2
#   datatype: string
#   description: Tycho-2 cross-id name, Hog et al., Cat. I/259 (tyc2_original_ext_source_id)
#   meta: !!omap
#   - {ucd: ID_CROSSID}
#   - {_votable_string_dtype: char}
# - name: Source
#   datatype: int64
#   description: Source identifier, identical to the Gaia-EDR3 source_id (id)
#   meta: !!omap
#   - {ucd: ID_MAIN}
#   - {width: 19}
# - name: rgeo
#   unit: pc
#   datatype: float64
#   format: '{:15.8f}'
#   description: '? Median of the geometric distance posterior (r_med_geo)'
#   meta: !!omap
#   - {ucd: PHYS_DISTANCE_TRUE}
#   - {width: 15}
#   - {precision: '8'}
#   - values: {'null': .nan}
# - name: Plx
#   unit: mas
#   datatype: float64
#   format: '{:9.4f}'
#   description: '? Parallax (parallax)'
#   meta: !!omap
#   - {ucd: POS_PARLX_TRIG}
#   - {width: 9}
#   - {precision: '4'}
#   - values: {'null': .nan}
# - name: e_Plx
#   unit: mas
#   datatype: float32
#   format: '{:7.4f}'
#   description: '? Standard error of parallax (parallax_error)'
#   meta: !!omap
#   - {ucd: ERROR}
#   - {width: 7}
#   - {precision: '4'}
#   - values: {'null': .nan}
# - name: pmRA
#   unit: mas / yr
#   datatype: float64
#   format: '{:9.3f}'
#   description: '? Proper motion in right ascension direction, pmRA*cosDE (pmra)'
#   meta: !!omap
#   - {ucd: POS_EQ_PMRA}
#   - {width: 9}
#   - {precision: '3'}
#   - values: {'null': .nan}
# - name: pmDE
#   unit: mas / yr
#   datatype: float64
#   format: '{:9.3f}'
#   description: '? Proper motion in declination direction (pmdec)'
#   meta: !!omap
#   - {ucd: POS_EQ_PMDEC}
#   - {width: 9}
#   - {precision: '3'}
#   - values: {'null': .nan}
# - name: e_pmRA
#   unit: mas / yr
#   datatype: float32
#   format: '{:6.3f}'
#   description: '? Standard error of proper motion in right ascension direction (pmra_error)'
#   meta: !!omap
#   - {ucd: ERROR}
#   - {width: 6}
#   - {precision: '3'}
#   - values: {'null': .nan}
# - name: e_pmDE
[...]
#         value: !astropy.table.SerializedColumn {name: SkyCoord.dec}
#       distance: !astropy.table.SerializedColumn
#         __class__: astropy.coordinates.distances.Distance
#         unit: !astropy.units.Unit {unit: pc}
#         value: !astropy.table.SerializedColumn {name: SkyCoord.distance}
#       frame: icrs
#       obstime: !astropy.time.Time {format: jyear_str, in_subfmt: '*', jd1: 367701545.0, jd2: 0.0, out_subfmt: '*', precision: 3, scale: tt}
#       pm_dec: !astropy.table.SerializedColumn
#         __class__: astropy.units.quantity.Quantity
#         unit: !astropy.units.Unit {unit: mas / yr}
#         value: !astropy.table.SerializedColumn {name: SkyCoord.pm_dec}
#       pm_ra_cosdec: !astropy.table.SerializedColumn
#         __class__: astropy.units.quantity.Quantity
#         unit: !astropy.units.Unit {unit: mas / yr}
#         value: !astropy.table.SerializedColumn {name: SkyCoord.pm_ra_cosdec}
#       ra: !astropy.table.SerializedColumn
#         __class__: astropy.coordinates.angles.Longitude
#         unit: *id001
#         value: !astropy.table.SerializedColumn {name: SkyCoord.ra}
#         wrap_angle: !astropy.coordinates.Angle
#           unit: *id001
#           value: 360.0
#       representation_type: spherical
# schema: astropy-2.0
RA_ICRS_1 DE_ICRS_1 e_RA_ICRS e_DE_ICRS _r_1 HIP TYC2 Source rgeo Plx e_Plx pmRA pmDE e_pmRA e_pmDE RUWE Teff logg Gmag BP-RP BPmag RPmag RV e_RV b_rgeo B_rgeo FG e_FG FBP e_FBP FRP e_FRP RAVE5 RAVE6 e_Gmag e_BPmag e_RPmag e_BP-RP SkyCoord.ra SkyCoord.dec SkyCoord.distance SkyCoord.pm_ra_cosdec SkyCoord.pm_dec rmRA rmDE e_rmRA e_rmDE rRV e_rRV v_pec v_pec3d e_vpec e_vpec3d
[from data line 451]
85.47342464314 -6.75717004755 0.0104 0.0097 152.873 "" "" 3016218784519734528 309.994202 3.2058 0.0166 1.985 -31.763 0.013 0.011 0.965 5083.7 4.4384 12.852324 1.043934 13.294963 12.251029 39.89 1.02 308.669464 311.60965 136149.78492 26.658 65680.0 32.67 99712.0 36.195 "" "" 0.0027635090495703547 0.0028419553 0.0037998757 0.0066418312 85.47342464314 -6.75717004755 309.994202 1.9849999999999994 -31.762999999999998 1.7254657602310182 -31.24391781139374 0.27136067 0.26936066 26.824736842105263 2.8310127 45.978909106537635 53.23181933087999 12.385190014598852 10.792395658593255
86.03741166078 -6.02327717364 0.0097 0.0084 145.3773 "" "" 3022287092271782400 331.069183 2.9994 0.0151 -5.436 -1.008 0.012 0.01 0.921 5695.5 4.5559 12.862065 0.862176 13.210317 12.348141 80.97 1.56 329.322449 332.689453 134933.77537 25.757 71005.0 48.875 91180.0 50.917 "" "" 0.002763103839585898 0.0028885247 0.003827705 0.00671623 86.03741166078 -6.02327717364 331.069183 -5.436 -1.008 -5.695534239768982 -0.4889178113937378 0.27036065 0.26836064 67.90473684210527 3.3710127 8.970689725408329 68.4947192106451 2.425190733314762 3.3570360930283294
87.37711402469 -6.98660462391 0.0178 0.0172 47.659 "" "" 3021924356514564608 308.872009 3.2133 0.016 3.406 -0.397 0.02 0.018 0.939 5483.2 4.5166 12.870061 0.982734 13.277369 12.294635 33.79 5.83 307.03714 310.315338 133943.68191 89.2 66753.0 173.95 95787.0 193.31 "" "" 0.0028486114692380326 0.003973657 0.004368623 0.008342279 87.37711402469 -6.98660462391 308.872009 3.4060000000000006 -0.39699999999999996 3.146465760231018 0.12208218860626219 0.27836066 0.27636066 20.724736842105262 7.6410127 4.610059783274972 21.231282777540418 1.2832454966148683 7.463912567082711
90.07157124334 -8.74466380423 0.0111 0.0118 146.4122 "" "" 3017530570610639744 349.693878 2.8396 0.0144 -6.788 -4.956 0.012 0.013 0.9 "" "" 12.874195 0.906797 13.247258 12.340461 52.51 1.23 348.242889 351.483429 133434.66114 29.988 68630.0 49.489 91828.0 40.376 "" "" 0.002766103587092779 0.0028979331 0.003809413 0.006707346 90.07157124334 -8.74466380423 349.693878 -6.787999999999993 -4.956 -7.047534239768982 -4.436917811393738 0.27036065 0.27136067 39.44473684210526 3.0410128 13.803908147456251 41.79037143513258 3.7359570727204963 3.1243574764493762
89.25761417347 -9.78556367911 0.0092 0.0087 154.5017 "" "" 3011388419483477248 244.915115 4.0634 0.0139 4.451 39.763 0.012 0.01 1.0 5266.1 4.6285 12.879116 1.035299 13.314829 12.27953 28.4 1.16 244.084473 245.609726 132831.31973 22.656 64489.0 42.425 97128.0 37.39 "" "" 0.0027615363631176707 0.0028801432 0.0038024227 0.006682566 89.25761417347 -9.78556367911 244.915115 4.450999999999994 39.763 4.191465760231018 40.28208218860626 0.27036065 0.26836064 15.334736842105261 2.9710126 47.01584627487536 49.45345240687784 12.61821370255442 12.031573056030382
88.07964366054 -5.96201528365 0.0105 0.0107 98.076 "" "" 3022115499738943488 300.363312 3.3069 0.0138 -1.839 -0.793 0.013 0.012 0.898 5574.2 4.4523 12.879304 1.05473 13.323653 12.268923 32.21 4.85 299.200317 301.479279 132808.23163 185.15 63967.0 303.9 98082.0 354.3 "" "" 0.0031437079897351497 0.0058644842 0.005446623 0.011311107 88.07964366054 -5.96201528365 300.363312 -1.8389999999999997 -0.793 -2.098534239768982 -0.27391781139373783 0.27136067 0.27036065 19.144736842105264 6.6610126 3.013073947721744 19.380391207813688 0.8175793668682099 6.581246181731384
86.95198768857 -5.68724039473 0.0148 0.0138 127.2562 "" "" 3022360381593988992 343.386475 2.8833 0.0193 -5.487 4.358 0.019 0.015 1.13 5576.4 4.4825 12.894202 0.897442 13.258761 12.36132 19.25 1.51 341.193909 345.781342 130998.35523 61.623 67907.0 105.33 90080.0 92.146 "" "" 0.0028022573860354344 0.0032590125 0.003939193 0.0071982057 86.95198768857 -5.68724039473 343.386475 -5.486999999999995 4.358 -5.746534239768982 4.877082188606262 0.27736065 0.27336064 6.184736842105263 3.3210127 12.267851737739534 13.738673737492025 3.382159560359469 3.3698576208952185
89.11057944214 -5.74671388513 0.0131 0.0123 131.8491 "" "" 3019506496084992000 351.002716 2.8293 0.0177 -5.608 -4.551 0.015 0.014 0.942 5590.1 4.5223 12.904603 0.898544 13.267699 12.369155 7.47 1.8 348.94162 352.838562 129749.46965 58.264 67350.0 85.02 89433.0 96.019 "" "" 0.002798123341248015 0.0031086279 0.003955068 0.007063696 89.11057944214 -5.74671388513 351.002716 -5.608 -4.551 -5.867534239768982 -4.031917811393738 0.27336064 0.27236065 -5.595263157894737 3.6110127 11.844742607835602 13.099805237177014 3.2340921390676574 3.3060624325529
85.93445499736 -5.9528646901 0.0129 0.011 152.7972 "" "" 3022291662116987648 306.162109 3.2429 0.0192 -6.49 0.002 0.018 0.014 1.161 5512.5 4.5532 12.905517 0.966637 13.291687 12.32505 -7.63 2.38 304.50708 307.663666 129640.33002 60.722 65878.0 123.5 93140.0 198.2 "" "" 0.0028018580315950746 0.0034536822 0.0044296486 0.007883331 85.93445499736 -5.9528646901 306.162109 -6.49 0.0019999999999999753 -6.749534239768982 0.5210821886062622 0.27636066 0.27236065 -20.695263157894736 4.191013 9.82412768802704 22.90867525644324 2.714771264720373 3.9610318757866563
88.18274306796 -9.12412879629 0.0093 0.0093 93.7273 "" "" 3011717315196691712 248.414841 4.0034 0.0144 -17.902 -55.11 0.012 0.01 0.98 4900.8 4.5065 12.914376 1.133996 13.404383 12.270387 -30.1 0.89 247.324554 249.436096 128586.79034 21.642 59383.0 30.215 97950.0 32.65 "" "" 0.0027613732157799036 0.0028443343 0.0037966706 0.006641005 88.18274306796 -9.12412879629 248.414841 -17.901999999999976 -55.11000000000004 -18.161534239768983 -54.59091781139374 0.27036065 0.26836064 -43.16526315789474 2.7010126 67.74394890807218 80.32734625984976 18.19335640872071 15.411838121421267
88.33528875839 -6.92931502607 0.0122 0.0138 47.1603 "" "" 3018981960319218432 266.760651 3.7252 0.0165 3.125 1.733 0.015 0.015 0.97 5210.6 4.5433 12.916455 1.018658 13.345454 12.326797 28.02 1.44 265.445251 267.827911 128340.80918 26.864 62695.0 47.449 92991.0 37.349 "" "" 0.002764676876170779 0.0029086517 0.0038044564 0.006713108 88.33528875839 -6.92931502607 266.760651 3.125 1.733000000000001 2.865465760231018 2.2520821886062623 0.27336064 0.27336064 14.954736842105262 3.2510128 4.608338872445629 15.648672185841006 1.2597384626356218 3.128917810280054
88.19819049499 -9.58553161531 0.0106 0.0106 121.1973 "" "" 3011556717778501632 339.134094 2.923 0.016 -24.628 -0.995 0.013 0.012 0.946 "" "" 12.918442 0.890953 13.282031 12.391078 -5.0 1.48 337.66272 340.898285 128106.13682 25.969 66467.0 29.119 87645.0 29.033 "" "" 0.00276409679338888 0.0028304236 0.0037964564 0.00662688 88.19819049499 -9.58553161531 339.134094 -24.627999999999997 -0.995 -24.887534239768982 -0.4759178113937378 0.27136067 0.27036065 -18.065263157894737 3.2910128 40.0139160447742 43.90292940342623 10.858188289351874 9.988569758325408
87.20914395236 -6.26378705852 0.0126 0.013 89.4613 "" "" 3022035578987374720 294.441833 3.3723 0.018 0.367 -7.327 0.015 0.013 0.958 5283.8 4.5832 12.92039 1.02376 13.353298 12.329538 34.03 1.57 292.966614 295.945953 127876.51619 45.715 62244.0 70.152 92756.0 80.306 "" "" 0.0027825248837575743 0.0030467086 0.0038945265 0.006941235 87.20914395236 -6.26378705852 294.441833 0.3670000000000001 -7.327000000000006 0.10746576023101806 -6.807917811393738 0.27336064 0.27136067 20.964736842105264 3.381013 9.502683402544562 23.01784487539443 2.5786592446605057 3.2582602659691666
86.5708016255 -7.08779191098 0.0106 0.0096 84.6581 "" "" 3015971463123642624 268.347137 3.7026 0.0157 27.829 -16.163 0.013 0.012 1.002 5044.2 4.5216 12.921124 1.094555 13.391733 12.297178 40.91 0.94 267.191742 269.470978 127790.19279 23.931 60079.0 29.796 95562.0 41.551 "" "" 0.0027628119477080635 0.0028416538 0.003808752 0.006650406 86.5708016255 -7.08779191098 268.347137 27.829000000000008 -16.163 27.56946576023102 -15.643917811393738 0.27136067 0.27036065 27.84473684210526 2.7510128 40.31965105996249 49.00003705512097 10.931360577393407 9.129701099560387
89.78330559074 -7.12805326939 0.0145 0.013 115.3199 "" "" 3018730069076889984 346.632446 2.8593 0.0168 -2.5 -9.91 0.017 0.014 0.999 5354.3 4.4602 12.92726 0.939192 13.312941 12.373749 -4.74 1.28 344.416748 348.325317 127069.86251 38.065 64601.0 65.639 89055.0 61.958 "" "" 0.002774449894229818 0.003000343 0.0038541304 0.0068544736 89.78330559074 -7.12805326939 346.632446 -2.5 -9.909999999999998 -2.759534239768982 -9.390917811393738 0.27536064 0.27236065 -17.805263157894736 3.0910127 16.08200546280794 23.99288010697482 4.38395976145482 3.7278038008567895
87.25538846918 -6.31922322248 0.0368 0.0359 85.2439 "" "" 3022034372099998208 329.066925 3.0214 0.0462 10.886 9.083 0.042 0.039 2.981 4776.9 4.2854 12.928931 1.176183 13.43632 12.260138 8.29 1.19 324.769867 334.123505 126874.42088 34.54 57662.0 30.324 98879.0 43.834 "" "" 0.002771129001816174 0.0028479935 0.0038099072 0.0066579008 87.25538846918 -6.31922322248 329.066925 10.886000000000001 9.083 10.626465760231017 9.602082188606262 0.30036065 0.29736066 -4.775263157894738 3.0010128 22.33924228702298 22.84392444798972 6.679788874674888 6.5622687093637015
87.21564041882 -6.80519341516 0.0133 0.013 62.1838 "" "" 3021942601535632640 268.681824 3.6966 0.0161 -3.89 19.711 0.015 0.014 0.994 5123.6 4.5391 12.943841 1.061674 13.392355 12.330681 32.66 1.4 267.737762 269.717224 125144.10897 28.336 60045.0 38.913 92659.0 99.27 "" "" 0.002766265837419105 0.002877523 0.0039543347 0.0068318574 87.21564041882 -6.80519341516 268.681824 -3.89 19.710999999999995 -4.1495342397689825 20.23008218860626 0.27336064 0.27236065 19.59473684210526 3.2110128 26.300460162843084 32.79737667388435 7.164274215855631 6.056922623118296
87.914315784 -7.5165809199 0.0122 0.0118 4.2947 "" "" 3018827616374675840 297.461517 3.3386 0.0149 0.211 -0.208 0.014 0.014 0.975 4903.8 4.3695 12.947218 1.188802 13.462708 12.273906 15.99 1.81 295.994537 298.636475 124755.42913 125.01 56277.0 200.21 97633.0 259.5 "" "" 0.002962334922583542 0.0047649434 0.0047551575 0.0095201 87.914315784 -7.5165809199 297.461517 0.21099999999999988 -0.20799999999999993 -0.04853423976898194 0.31108218860626224 0.27236065 0.27236065 2.924736842105263 3.6210127 0.4439219770761725 2.9582346623111366 0.12090687941775537 3.5800558206935085
87.92197404815 -7.36831311641 0.0139 0.014 13.1785 "" "" 3018847338864458240 325.661835 3.0413 0.0161 15.911 -6.368 0.016 0.015 1.01 5198.3 4.4297 12.970692 0.974155 13.371936 12.39778 47.99 5.93 323.725464 327.429749 122087.18115 50.127 61185.0 94.11 87106.0 83.114 "" "" 0.002791149245204784 0.0032517582 0.0039187977 0.007170556 87.92197404815 -7.36831311641 325.661835 15.911000000000001 -6.367999999999999 15.651465760231018 -5.848917811393738 0.27436066 0.27336064 34.92473684210526 7.7410126 25.792056666920725 43.41621161041062 7.073170110964787 7.512104441678579
86.38344728408 -5.69631987624 0.0119 0.0119 145.094 "" "" 3022322654600937600 343.744965 2.8726 0.0151 -18.048 -13.75 0.014 0.013 0.944 5533.8 4.514 12.980787 0.938716 13.360109 12.421393 21.35 2.24 342.033234 345.289062 120957.25392 28.033 61855.0 74.065 85232.0 119.19 "" "" 0.002766786391218585 0.0030781808 0.00407296 0.007151141 86.38344728408 -5.69631987624 343.744965 -18.048 -13.75 -18.30753423976898 -13.230917811393738 0.27236065 0.27136067 8.284736842105264 4.051013 36.80397284169494 37.724915924030306 10.011342054120226 9.807378032280786
87.57025008327 -8.04794213159 0.0105 0.0097 33.9463 "" "" 3012802773691447936 258.303864 3.8383 0.0155 23.097 -3.471 0.014 0.011 0.986 5059.2 4.5627 12.985869 1.105422 13.461229 12.355807 27.53 1.02 257.166046 259.451599 120392.32774 22.079 56354.0 33.91 90539.0 29.256 "" "" 0.0027625054492853214 0.0028656374 0.0037956308 0.006661268 87.57025008327 -8.04794213159 258.303864 23.097 -3.470999999999999 22.83746576023102 -2.951917811393738 0.27236065 0.26936066 14.464736842105264 2.8310127 28.193901463271533 31.687926590927688 7.677527008281377 6.9521381008313
87.57020329247 -7.83966880012 0.009 0.0084 24.8517 "" "" 3012810229754649216 340.356903 2.9064 0.0134 -3.271 -5.612 0.012 0.01 0.863 5520.3 4.527 12.989237 0.937313 13.376149 12.438836 -14.33 1.85 338.81308 341.919708 120019.60071 57.168 60948.0 84.894 83873.0 98.499 "" "" 0.0028034343391014037 0.0031736635 0.0039886753 0.007162339 87.57020329247 -7.83966880012 340.356903 -3.2710000000000035 -5.612000000000007 -3.530534239768982 -5.092917811393738 0.27036065 0.26836064 -27.39526315789474 3.6610126 9.99752646649663 29.16249267361426 2.68944894580735 3.5606023919062095
86.5929355482 -7.5363723519 0.01 0.0093 77.8847 "" "" 3015876973843392640 347.536499 2.8471 0.0145 14.056 6.92 0.014 0.011 0.951 5266.7 4.4487 12.995633 0.988369 13.41011 12.421741 46.41 1.24 345.592194 349.153595 119314.60251 22.906 59071.0 29.313 85204.0 40.708 "" "" 0.0027631931563059753 0.0028417127 0.0038148146 0.0066565275 86.5929355482 -7.5363723519 347.536499 14.056 6.919999999999993 13.796465760231017 7.439082188606262 0.27236065 0.26936066 33.34473684210526 3.0510128 25.820568286243084 42.17313388513823 7.015133273095056 4.926109470488299
89.35542890902 -8.21175302636 0.0137 0.0121 94.193 "" "" 3017802523643560960 279.209076 3.5527 0.0153 -7.064 -3.828 0.016 0.013 1.01 5366.2 4.6213 13.006352 0.978253 13.413672 12.435419 7.81 1.41 277.917786 280.491364 118142.39926 24.46 58877.0 29.863 84138.0 37.725 "" "" 0.00276447453905711 0.0028439963 0.0038106053 0.0066546015 89.35542890902 -8.21175302636 279.209076 -7.064000000000005 -3.827999999999999 -7.323534239768982 -3.3089178113937376 0.27436066 0.27136067 -5.2552631578947375 3.2210126 10.635729565128837 11.863242990063105 2.912641062393033 2.9756764444653787
88.45147995821 -5.62964187496 0.0126 0.0123 121.9317 "" "" 3022503111947484160 303.00589 3.2659 0.016 38.235 -6.736 0.015 0.014 0.931 5032.8 4.4929 13.013847 1.09322 13.484252 12.391032 62.24 1.07 301.79715 304.512848 117329.66792 25.744 55172.0 37.477 87649.0 37.466 "" "" 0.002765599735771715 0.0028859964 0.0038077708 0.0066937674 88.45147995821 -5.62964187496 303.00589 38.23500000000003 -6.735999999999996 37.97546576023102 -6.216917811393738 0.27336064 0.27236065 49.17473684210526 2.881013 55.268232003194235 73.97791705806002 15.106719291303115 11.447418976049589
87.55546272081 -10.07836895279 0.0112 0.0116 150.8821 "" "" 3011142025799416064 340.335571 2.9065 0.0163 13.166 18.592 0.013 0.013 1.069 5205.6 4.4681 13.044273 1.031309 13.481496 12.450187 101.98 1.36 338.201782 342.452759 114087.35645 20.829 55312.0 32.703 83001.0 23.296 "" "" 0.002762441307207076 0.0028630632 0.0037916475 0.0066547105 87.55546272081 -10.07836895279 340.335571 13.166000000000004 18.592 12.906465760231018 19.11108218860626 0.27136067 0.27136067 88.91473684210527 3.1710129 37.201809557763745 96.38363482496888 10.095107801622532 4.872351441660489
86.95786261245 -8.68235762321 0.0114 0.0115 86.3712 "" "" 3012473607396454272 295.557281 3.351 0.0169 -0.163 -0.627 0.015 0.013 1.255 4944.2 4.3434 13.045218 1.259291 13.592333 12.333042 19.99 3.53 294.228302 296.93512 113988.01442 222.68 49944.0 365.37 92457.0 488.9 "" "" 0.003477146396162312 0.0084186215 0.006873528 0.015292149 86.95786261245 -8.68235762321 295.557281 -0.163 -0.6269999999999999 -0.42253423976898197 -0.1079178113937378 0.27336064 0.27136067 6.924736842105261 5.341013 0.6109477468035996 6.951635597593874 0.1669344990501967 5.320366593007719
89.7426565943 -7.97855845333 0.0109 0.0113 111.9499 "" "" 3017906637946923904 351.276337 2.8075 0.0139 10.22 -6.926 0.013 0.012 0.981 5576.6 4.4887 13.049968 0.909192 13.421618 12.512426 26.29 1.45 349.496796 353.116394 113490.53403 21.228 58448.0 32.738 78377.0 27.956 "" "" 0.002762794263900686 0.0028556765 0.0037991714 0.006654848 89.7426565943 -7.97855845333 351.276337 10.22 -6.926000000000003 9.960465760231019 -6.406917811393738 0.27136067 0.27036065 13.224736842105262 3.2610128 19.71938381172042 23.743373021895554 5.345301436680947 4.7965882127727015
