Clusters/UPK_422/UPK_422_stars_in_region.tsv
# %ECSV 1.0
# ---
# datatype:
# - name: RA_ICRS_1
#   unit: deg
#   datatype: float64
#   format: '{:15.11f}'
#   description: Right ascension (ICRS) at Ep=2016.0 (ra)
#   meta: !!omap
#   - {ucd: POS_EQ_RA_MAIN}
#   - {width: 15}
#   - {precision: '11'}
# - name: DE_ICRS_1
#   unit: deg
#   datatype: float64
#   format: '{:15.11f}'
#   description: Declination (ICRS) at Ep=2016.0 (dec)
#   meta: !!omap
#   - {ucd: POS_EQ_DEC_MAIN}
#   - {width: 15}
#   - {precision: '11'}
# - name: e_RA_ICRS
#   unit: mas
#   datatype: float64
#   format: '{:7.4f}'
#   description: Standard error of right ascension (ra_error)
#   meta: !!omap
#   - {ucd: ERROR}
#   - {width: 7}
#   - {precision: '4'}
# - name: e_DE_ICRS
#   unit: mas
#   datatype: float64
#   format: '{:7.4f}'
#   description: Standard error of declination (dec_error)
#   meta: !!omap
#   - {ucd: ERROR}
#   - {width: 7}
#   - {precision: '4'}
# - name: _r_1
#   unit: ''
#   datatype: float64
#   format: '{:8.4f}'
#   description: Distance from center (087.90140600000-07.58700543000)[ICRS], at Epoch=J2016.0
#   meta: !!omap
#   - {ucd: POS_ANG_DIST_GENERAL}
#   - {width: 8}
#   - {precision: '4'}
# - name: HIP
#   datatype: int32
#   description: '? HIP cross-id number, van Leeuwen, Cat. I/311 (hip_original_ext_source_id)'
#   meta: !!omap
#   - {ucd: ID_NUMBER}
#   - {width: 6}
#   - values: {'null': -2147483648}
# - name: TYC2
#   datatype: string
#   description: Tycho-2 cross-id name, Hog et al., Cat. I/259 (tyc2_original_ext_source_id)
#   meta: !!omap
#   - {ucd: ID_CROSSID}
#   - {_votable_string_dtype: char}
# - name: Source
#   datatype: int64
#   description: Source identifier, identical to the Gaia-EDR3 source_id (id)
#   meta: !!omap
#   - {ucd: ID_MAIN}
#   - {width: 19}
# - name: rgeo
#   unit: pc
#   datatype: float64
#   format: '{:15.8f}'
#   description: '? Median of the geometric distance posterior (r_med_geo)'
#   meta: !!omap
#   - {ucd: PHYS_DISTANCE_TRUE}
#   - {width: 15}
#   - {precision: '8'}
#   - values: {'null': .nan}
# - name: Plx
#   unit: mas
#   datatype: float64
#   format: '{:9.4f}'
#   description: '? Parallax (parallax)'
#   meta: !!omap
#   - {ucd: POS_PARLX_TRIG}
#   - {width: 9}
#   - {precision: '4'}
#   - values: {'null': .nan}
# - name: e_Plx
#   unit: mas
#   datatype: float32
#   format: '{:7.4f}'
#   description: '? Standard error of parallax (parallax_error)'
#   meta: !!omap
#   - {ucd: ERROR}
#   - {width: 7}
#   - {precision: '4'}
#   - values: {'null': .nan}
# - name: pmRA
#   unit: mas / yr
#   datatype: float64
#   format: '{:9.3f}'
#   description: '? Proper motion in right ascension direction, pmRA*cosDE (pmra)'
#   meta: !!omap
#   - {ucd: POS_EQ_PMRA}
#   - {width: 9}
#   - {precision: '3'}
#   - values: {'null': .nan}
# - name: pmDE
#   unit: mas / yr
#   datatype: float64
#   format: '{:9.3f}'
#   description: '? Proper motion in declination direction (pmdec)'
#   meta: !!omap
#   - {ucd: POS_EQ_PMDEC}
#   - {width: 9}
#   - {precision: '3'}
#   - values: {'null': .nan}
# - name: e_pmRA
#   unit: mas / yr
#   datatype: float32
#   format: '{:6.3f}'
#   description: '? Standard error of proper motion in right ascension direction (pmra_error)'
#   meta: !!omap
#   - {ucd: ERROR}
#   - {width: 6}
#   - {precision: '3'}
#   - values: {'null': .nan}
# - name: e_pmDE
[...]
#         value: !astropy.table.SerializedColumn {name: SkyCoord.dec}
#       distance: !astropy.table.SerializedColumn
#         __class__: astropy.coordinates.distances.Distance
#         unit: !astropy.units.Unit {unit: pc}
#         value: !astropy.table.SerializedColumn {name: SkyCoord.distance}
#       frame: icrs
#       obstime: !astropy.time.Time {format: jyear_str, in_subfmt: '*', jd1: 367701545.0, jd2: 0.0, out_subfmt: '*', precision: 3, scale: tt}
#       pm_dec: !astropy.table.SerializedColumn
#         __class__: astropy.units.quantity.Quantity
#         unit: !astropy.units.Unit {unit: mas / yr}
#         value: !astropy.table.SerializedColumn {name: SkyCoord.pm_dec}
#       pm_ra_cosdec: !astropy.table.SerializedColumn
#         __class__: astropy.units.quantity.Quantity
#         unit: !astropy.units.Unit {unit: mas / yr}
#         value: !astropy.table.SerializedColumn {name: SkyCoord.pm_ra_cosdec}
#       ra: !astropy.table.SerializedColumn
#         __class__: astropy.coordinates.angles.Longitude
#         unit: *id001
#         value: !astropy.table.SerializedColumn {name: SkyCoord.ra}
#         wrap_angle: !astropy.coordinates.Angle
#           unit: *id001
#           value: 360.0
#       representation_type: spherical
# schema: astropy-2.0
RA_ICRS_1 DE_ICRS_1 e_RA_ICRS e_DE_ICRS _r_1 HIP TYC2 Source rgeo Plx e_Plx pmRA pmDE e_pmRA e_pmDE RUWE Teff logg Gmag BP-RP BPmag RPmag RV e_RV b_rgeo B_rgeo FG e_FG FBP e_FBP FRP e_FRP RAVE5 RAVE6 e_Gmag e_BPmag e_RPmag e_BP-RP SkyCoord.ra SkyCoord.dec SkyCoord.distance SkyCoord.pm_ra_cosdec SkyCoord.pm_dec rmRA rmDE e_rmRA e_rmDE rRV e_rRV v_pec v_pec3d e_vpec e_vpec3d
[from data line 141]
86.36227955832 -8.59255907884 0.0169 0.0173 109.5402 "" 5347-520-1 3012651865718887424 268.920624 3.6962 0.0239 -3.115 1.241 0.021 0.02 1.497 "" "" 10.866219 0.757648 11.159589 10.40194 24.12 0.69 267.179871 271.019287 848123.51156 221.5 469440.0 229.34 547500.0 270.92 "" "" 0.0027698724590366768 0.0028401406 0.0038173774 0.006657518 86.36227955832 -8.59255907884 268.920624 -3.115 1.241 -3.374534239768982 1.7600821886062623 0.27936065 0.27836066 11.054736842105264 2.5010128 4.851401946412574 12.07241928918372 1.354254748121915 2.3539557710073824
88.4494749753 -5.97086421851 0.0123 0.0116 102.3187 "" 4781-423-1 3022103748708325376 246.263641 4.0337 0.0157 -2.168 -15.024 0.015 0.013 1.168 6278.6 4.296 10.866404 0.638755 11.105686 10.466931 -8.42 0.51 245.260788 247.239288 847979.52913 187.05 493340.0 268.33 515690.0 235.55 "" "" 0.0027657091873220744 0.0028519786 0.0038117806 0.0066637592 88.4494749753 -5.97086421851 246.263641 -2.1679999999999997 -15.023999999999988 -2.427534239768982 -14.504917811393737 0.27336064 0.27136067 -21.485263157894735 2.3210127 17.166920810126374 27.501267299256206 4.659365858021159 3.427428534126031
87.48665188455 -5.75574451859 0.0133 0.0129 112.6211 "" 4780-1211-1 3022160854593406336 297.600922 3.333 0.0158 7.29 -27.275 0.016 0.014 1.15 "" "" 10.887954 1.110042 11.358895 10.248854 17.73 0.36 296.148834 299.00058 831314.07565 96.852 390710.0 191.76 630400.0 193.38 "" "" 0.00275822224925122 0.0028405997 0.003794029 0.0066346284 87.48665188455 -5.75574451859 297.600922 7.29 -27.27500000000001 7.030465760231018 -26.755917811393736 0.27436066 0.27236065 4.664736842105263 2.1710129 39.02387030713693 39.30168219751335 10.63362482730733 10.56160274798314
87.67512231499 -5.37208820101 0.0161 0.017 133.5779 "" 4776-672-1 3022386907312418176 330.899323 2.9972 0.0218 3.009 -19.779 0.018 0.018 1.055 6125.7 4.003 10.889084 0.668515 11.142193 10.473678 -14.75 0.34 328.405334 333.435486 830449.38881 185.29 477020.0 182.65 512490.0 160.05 "" "" 0.0027659490736676707 0.002820971 0.0037945616 0.0066155326 87.67512231499 -5.37208820101 330.899323 3.0089999999999972 -19.779 2.749465760231018 -19.259917811393738 0.27636066 0.27636066 -27.815263157894737 2.1510127 30.514724601888208 41.289675247839114 8.433069454845327 6.398614879812211
89.75991760003 -6.44048018074 0.0156 0.0136 130.3114 "" 4781-1373-1 3019200385175719680 324.267853 3.0558 0.0173 31.541 -34.153 0.018 0.015 1.064 "" "" 10.92242 1.217633 11.455874 10.238241 27.25 0.18 322.509583 326.481873 805339.34214 142.59 357330.0 162.79 636590.0 201.3 "" "" 0.0027620181089783847 0.0028336742 0.0037949441 0.0066286186 89.75991760003 -6.44048018074 324.267853 31.540999999999997 -34.15300000000001 31.28146576023102 -33.63391781139374 0.27636066 0.27336064 14.184736842105263 1.9910128 70.59921113209316 72.01010603903903 19.397567377650866 19.021554251350327
88.5623852535 -6.06634848203 0.0136 0.013 99.3737 "" 4781-492-1 3019099539343541888 319.55249 3.1013 0.0175 28.679 -68.406 0.016 0.015 1.133 5584.4 4.0694 10.943067 0.847464 11.280671 10.433207 43.62 0.23 317.95871 321.062744 790169.35768 128.47 419900.0 162.52 531960.0 202.73 "" "" 0.002760969110168881 0.0028216378 0.0038019647 0.0066236025 88.5623852535 -6.06634848203 319.55249 28.679000000000006 -68.406 28.419465760231017 -67.88691781139374 0.27436066 0.27336064 30.55473684210526 2.0410128 111.47356464256754 115.58523935871305 30.489133770562557 29.40950361826567
86.73346711697 -5.44948549306 0.0247 0.0231 145.9287 "" 4776-528-1 3022426244915640448 249.844177 3.9756 0.0328 -1.064 -25.693 0.031 0.026 1.569 5704.0 4.2132 10.956802 0.794571 11.270313 10.475742 29.61 0.41 247.553741 252.467728 780235.80369 188.92 423930.0 174.31 511520.0 162.83 "" "" 0.0027678333205274994 0.0028256585 0.0037951518 0.0066208104 86.73346711697 -5.44948549306 249.844177 -1.0639999999999987 -25.692999999999977 -1.323534239768982 -25.17391781139374 0.28936064 0.28436065 16.544736842105262 2.2210128 29.853674477254383 34.13165974529198 8.48962527221475 7.503194444015261
87.6100581972 -9.93291543691 0.0127 0.0136 141.8108 "" 5351-138-1 3011523075298486528 259.153564 3.8347 0.0194 10.47 1.969 0.015 0.015 1.093 6230.3 4.1808 10.974442 0.676106 11.230538 10.554432 13.44 0.53 257.910645 260.379669 767662.2843 178.71 439750.0 191.68 475760.0 182.38 "" "" 0.00276688912739161 0.0028300209 0.0038022308 0.0066322517 87.6100581972 -9.93291543691 259.153564 10.46999999999999 1.969 10.210465760231019 2.4880821886062625 0.27336064 0.27336064 0.37473684210526237 2.3410127 12.909425442690708 12.914863257550241 3.5289287986006808 3.5280968988422683
90.15196983021 -7.41812666593 0.0151 0.0153 134.2605 "" 4794-1439-1 3017956150329748480 274.194366 3.6209 0.0196 -12.072 9.037 0.019 0.016 1.22 5291.9 3.9272 10.978 0.950694 11.369598 10.418904 44.43 0.23 272.876923 275.691162 765150.37833 137.26 386880.0 145.93 539010.0 148.9 "" "" 0.0027621956220730323 0.0028200652 0.0037912645 0.0066113295 90.15196983021 -7.41812666593 274.194366 -12.072000000000001 9.037 -12.331534239768981 9.556082188606263 0.27736065 0.27436066 31.364736842105263 2.0410128 20.27608805781575 37.34791110762172 5.601043532667578 3.490609421232093
87.79727261135 -6.88640311608 0.0253 0.0266 42.4906 "" 4780-272-1 3018944989240573056 352.53006 2.8041 0.0352 2.574 -2.541 0.03 0.029 2.007 5979.7 3.8878 10.979175 1.091033 11.43778 10.346747 27.96 4.82 348.478424 357.191254 764323.08205 1202.9 363330.0 2061.2 576050.0 2410.9 "" "" 0.003242158814859417 0.006761959 0.005910341 0.0126722995 87.79727261135 -6.88640311608 352.53006 2.574 -2.541 2.314465760231018 -2.0219178113937377 0.28836066 0.28736067 14.894736842105264 6.631013 5.135387936843839 15.755170416642565 1.478623236526551 6.287374207070154
90.50217841465 -6.98494586432 0.0155 0.0149 158.9447 "" 4794-599-1 3018379702824363520 292.300659 3.3915 0.0179 -2.5 -0.912 0.019 0.018 0.887 6234.3 4.2445 10.980189 0.647161 11.226027 10.578866 43.04 0.71 290.990234 293.950775 763609.26981 178.2 441580.0 278.08 465170.0 151.05 "" "" 0.002766945503612861 0.0028727225 0.0037957905 0.0066685127 90.50217841465 -6.98494586432 292.300659 -2.5 -0.9119999999999999 -2.759534239768982 -0.3929178113937378 0.27736065 0.27636066 29.974736842105262 2.5210128 3.8619109703006607 30.22249501771803 1.0710655262714452 2.5040890166403247
86.42186765503 -5.93547270473 0.0196 0.0201 132.6271 "" 4780-1520-1 3022280082885291136 347.57605 2.8507 0.0259 1.25 0.562 0.023 0.023 1.358 6454.3 4.1392 10.982117 0.615463 11.212193 10.59673 18.05 2.58 343.858337 351.452911 762254.55211 154.67 447240.0 237.1 457580.0 157.12 "" "" 0.0027641137898008167 0.0028489218 0.003797725 0.006646647 86.42186765503 -5.93547270473 347.57605 1.2499999999999998 0.5620000000000007 0.9904657602310181 1.0810821886062623 0.28136066 0.28136066 4.984736842105264 4.3910127 2.415590356740041 5.539194720951507 0.6796520874552721 3.962584694615262
87.10674178007 -9.30858753221 0.0134 0.0136 113.5516 "" 5347-820-1 3012365438643894144 344.140259 2.8763 0.0204 -7.741 -4.707 0.016 0.015 1.231 6556.3 4.1343 10.984951 0.619238 11.214948 10.59571 23.62 0.58 341.937775 346.138885 760267.02255 177.92 446110.0 240.91 458010.0 145.03 "" "" 0.002767010977549661 0.0028511093 0.003794987 0.0066460962 87.10674178007 -9.30858753221 344.140259 -7.7410000000000005 -4.707 -8.000534239768982 -4.187917811393738 0.27436066 0.27336064 10.554736842105264 2.3910127 14.730529550384928 18.12156093279102 4.0383140946382765 3.56582460134135
89.44933957182 -8.98104360181 0.0143 0.0152 124.2677 "" 5348-1565-1 3017504899588961408 345.570709 2.8652 0.0179 -6.032 -3.054 0.018 0.017 1.031 6658.6 4.1836 10.987626 0.539988 11.185281 10.645292 11.26 0.78 343.690399 347.248993 758396.56137 158.41 458460.0 145.61 437560.0 143.65 "" "" 0.0027646373988912767 0.0028113984 0.0037961532 0.0066075516 89.44933957182 -8.98104360181 345.570709 -6.032 -3.0539999999999994 -6.291534239768982 -2.5349178113937376 0.27636066 0.27536064 -1.8052631578947373 2.5910127 11.11060378382621 11.256308964772838 3.068984447881028 3.057626833288511
87.60924128877 -6.54707879908 0.014 0.0129 64.7754 "" 4780-877-1 3021965656919972096 336.76358 2.9418 0.0172 5.797 -2.38 0.016 0.014 1.064 6481.5 4.1897 10.998712 0.626431 11.223582 10.597151 37.13 1.94 334.657318 338.86615 750692.48744 142.07 442570.0 264.89 457400.0 394.64 "" "" 0.002762971313774701 0.002864846 0.0038937451 0.006758591 87.60924128877 -6.54707879908 336.76358 5.797000000000001 -2.3800000000000026 5.537465760231018 -1.8609178113937377 0.27436066 0.27236065 24.064736842105265 3.7510128 9.325016357175866 25.808283347432777 2.5565312852787465 3.6175256891145278
90.37905885947 -7.86102519527 0.0126 0.0116 148.2247 "" 5349-492-1 3017876607535690624 276.595673 3.5878 0.0155 20.138 -15.059 0.014 0.012 0.946 5700.9 4.0557 11.006573 0.850889 11.34814 10.497251 43.56 2.02 275.455109 277.710938 745277.22176 334.9 394600.0 469.32 501490.0 466.32 "" "" 0.0027981825722338247 0.003074504 0.0039119055 0.0069864094 90.37905885947 -7.86102519527 276.595673 20.13799999999998 -15.059000000000005 19.87846576023102 -14.539917811393737 0.27236065 0.27036065 30.494736842105265 3.8310127 32.28951648244316 44.41330712454569 8.771939564031479 6.89858131614566
86.38973829479 -6.72321837009 0.0191 0.0167 103.8497 "" 4780-621-1 3016001626676627968 321.984924 3.0761 0.028 17.612 -12.026 0.024 0.02 1.868 6453.8 3.9986 11.01643 0.652348 11.190818 10.538469 11.11 0.63 318.919861 325.052216 738541.238 217.13 456130.0 202.86 482800.0 149.34 "" "" 0.002773748564275832 0.002831645 0.003794274 0.006625919 86.38973829479 -6.72321837009 321.984924 17.611999999999988 -12.026 17.352465760231016 -11.506917811393738 0.28236064 0.27836066 -1.9552631578947377 2.4410129 31.77730471948924 31.837401735253046 8.934029267147787 8.918425237088343
87.38253844354 -8.97556902969 0.0204 0.0195 88.827 "" 5347-807-1 3012401658104424704 322.52359 3.0728 0.0295 12.23 26.591 0.026 0.023 1.638 6166.0 3.9841 11.036389 0.728835 11.316643 10.587808 7.76 2.63 319.319183 325.277069 725088.34992 179.53 406220.0 119.58 461360.0 102.15 "" "" 0.002768403246200547 0.0028084158 0.0037870195 0.0065954356 87.38253844354 -8.97556902969 322.52359 12.23 26.591000000000008 11.970465760231018 27.110082188606263 0.28436065 0.28136066 -5.305263157894737 4.441013 45.305253178487995 45.614819771006566 12.769390004091928 12.693243488162743
87.91786473239 -6.40544277039 0.0193 0.0183 70.9005 "" 4780-668-1 3022062826260219264 286.607422 3.4525 0.0239 -11.883 19.795 0.023 0.021 1.479 5977.2 4.1767 11.037413 0.768897 11.338281 10.569384 78.33 0.38 284.708893 288.465179 724405.43577 148.18 398200.0 164.18 469250.0 133.69 "" "" 0.0027642565162040093 0.0028258525 0.0037920193 0.006617872 87.91786473239 -6.40544277039 286.607422 -11.882999999999997 19.795 -12.142534239768981 20.314082188606264 0.28136066 0.27936065 65.26473684210526 2.1910129 32.15138989439962 72.75436582921299 8.998804853223591 4.435918929532534
88.15156923124 -6.84267875443 0.0599 0.0588 47.0767 "" 4781-84-1 3018937636256478080 280.757996 3.5286 0.076 -2.605 -2.934 0.073 0.065 4.571 6139.6 4.0549 11.053879 0.735683 11.335725 10.600042 44.64 13.38 274.652863 286.995483 713501.89747 260.08 399140.0 266.45 456190.0 348.86 "" "" 0.0027835981038776356 0.0028827721 0.00386951 0.0067522824 88.15156923124 -6.84267875443 280.757996 -2.6049999999999973 -2.9339999999999975 -2.864534239768982 -2.414917811393738 0.33136064 0.32336065 31.574736842105263 15.191013 4.986014907284953 31.965987413247024 1.6357157146108698 15.007250501760504
90.2481563727 -6.48341657263 0.0136 0.014 154.6365 "" 4794-38-1 3019166643912780416 265.84671 3.7378 0.0173 91.123 2.884 0.017 0.016 0.972 5600.9 4.1809 11.058887 0.821518 11.386371 10.564853 101.55 0.56 264.773621 266.852753 710218.53942 184.5 380950.0 202.87 471210.0 148.23 "" "" 0.0027697188557570277 0.0028494487 0.003794783 0.0066442317 90.2481563727 -6.48341657263 265.84671 91.12300000000009 2.8839999999999972 90.86346576023102 3.403082188606262 0.27536064 0.27436066 88.48473684210526 2.3710127 114.57854676153343 144.76806288681743 31.55026220754923 25.012878625158383
87.82358805456 -5.76689898233 0.0169 0.0166 109.3048 "" 4780-1188-1 3022169612029530368 307.181427 3.2241 0.0222 0.17 -1.989 0.02 0.018 1.268 6322.6 4.2651 11.065121 0.663616 11.318786 10.655169 54.25 0.64 304.853241 309.392395 706152.49499 177.26 405420.0 227.99 433600.0 141.84 "" "" 0.0027687668016115495 0.0028561938 0.0037960336 0.0066522276 87.82358805456 -5.76689898233 307.181427 0.17 -1.9890000000000003 -0.08953423976898192 -1.469917811393738 0.27836066 0.27636066 41.184736842105266 2.4510126 2.1442257490782497 41.24051712595846 0.5925955540914061 2.447891381160664
88.74863325856 -10.05045841833 0.1415 0.1326 156.1085 "" 5352-269-1 3011327744481821568 270.791168 3.7401 0.2159 1.768 -8.839 0.174 0.159 12.646 5805.0 3.8855 11.066292 0.806354 11.322731 10.516376 40.07 0.73 257.321808 287.79538 705391.19633 1301.3 403950.0 186.16 492730.0 186.0 "" "" 0.003406409815111055 0.0028346798 0.00380154 0.00663622 88.74863325856 -10.05045841833 270.791168 1.7680000000000013 -8.839000000000004 1.508465760231018 -8.319917811393738 0.43236065 0.41736066 27.004736842105263 2.5410128 10.853135678282749 29.104060987473403 4.53494316850373 2.9015070438991035
87.04084299904 -6.63819461879 0.0226 0.019 76.5897 "" 4780-786-1 3021995549892240256 315.482971 3.1389 0.0219 -6.179 -6.87 0.026 0.021 1.13 5799.1 4.088 11.088047 0.854258 11.433654 10.579396 35.68 0.49 313.448151 317.672852 691397.73669 220.32 364720.0 208.15 464940.0 196.83 "" "" 0.0027769571786456135 0.002858147 0.0038072297 0.006665377 87.04084299904 -6.63819461879 315.482971 -6.178999999999995 -6.87 -6.438534239768982 -6.350917811393738 0.28436065 0.27936065 22.614736842105263 2.3010128 13.523882686973355 26.349985301109577 3.8124634659952927 2.7800504147581275
85.59696248503 -6.83356625286 0.0124 0.0118 144.4292 "" 4779-55-1 3016169718811653504 301.653046 3.2914 0.0173 -20.206 6.439 0.016 0.014 1.033 5529.0 4.1271 11.094459 0.914641 11.469433 10.554791 50.93 0.31 300.217194 303.129242 687326.55882 127.6 352890.0 150.26 475600.0 179.45 "" "" 0.0027626829786467303 0.0028282104 0.0038015195 0.0066297296 85.59696248503 -6.83356625286 301.653046 -20.206 6.438999999999992 -20.46553423976898 6.958082188606262 0.27436066 0.27236065 37.86473684210526 2.1210127 30.907373876406673 48.877439131544826 8.473383324255979 5.604377347186599
86.51375361995 -7.54330146278 0.0172 0.0161 82.576 "" 5347-73-1 3015871265828264960 315.869354 3.1414 0.0238 -6.036 -5.629 0.022 0.019 1.502 "" "" 11.099891 1.091807 11.564257 10.472449 -7.87 0.73 313.771637 318.493805 683896.70938 180.64 323380.0 123.76 513070.0 147.93 "" "" 0.0027702042774038396 0.0028209405 0.0037923243 0.006613265 86.51375361995 -7.54330146278 315.869354 -6.035999999999994 -5.6290000000000004 -6.2955342397689815 -5.109917811393737 0.28036064 0.27736065 -20.935263157894738 2.5410128 12.139959458248592 24.200492952380625 3.389149183406049 2.778922369641115
88.54393434838 -10.12880912797 0.0145 0.0139 157.1925 "" 5352-182-1 3011326262716917632 281.523529 3.5197 0.0195 -7.421 -1.099 0.018 0.016 1.275 6010.2 3.906 11.102207 0.877377 11.350231 10.472855 16.79 1.1 279.978485 282.972046 682439.03248 226.75 393840.0 515.58 512880.0 725.18 "" "" 0.002778836232179143 0.0031313384 0.004079271 0.0072106095 88.54393434838 -10.12880912797 281.523529 -7.421000000000007 -1.0989999999999995 -7.680534239768982 -0.5799178113937378 0.27636066 0.27436066 3.724736842105262 2.9110126 10.27824361886936 10.932335360377719 2.8403860893915116 2.8486744049705757
