Clusters/UPK_422/UPK_422_members.tsv
# %ECSV 1.0
# ---
# datatype:
# - name: RA_ICRS_1
#   unit: deg
#   datatype: float64
#   format: '{:15.11f}'
#   description: Right ascension (ICRS) at Ep=2016.0 (ra)
#   meta: !!omap
#   - {ucd: POS_EQ_RA_MAIN}
#   - {width: 15}
#   - {precision: '11'}
# - name: DE_ICRS_1
#   unit: deg
#   datatype: float64
#   format: '{:15.11f}'
#   description: Declination (ICRS) at Ep=2016.0 (dec)
#   meta: !!omap
#   - {ucd: POS_EQ_DEC_MAIN}
#   - {width: 15}
#   - {precision: '11'}
# - name: e_RA_ICRS
#   unit: mas
#   datatype: float64
#   format: '{:7.4f}'
#   description: Standard error of right ascension (ra_error)
#   meta: !!omap
#   - {ucd: ERROR}
#   - {width: 7}
#   - {precision: '4'}
# - name: e_DE_ICRS
#   unit: mas
#   datatype: float64
#   format: '{:7.4f}'
#   description: Standard error of declination (dec_error)
#   meta: !!omap
#   - {ucd: ERROR}
#   - {width: 7}
#   - {precision: '4'}
# - name: _r_1
#   unit: ''
#   datatype: float64
#   format: '{:8.4f}'
#   description: Distance from center (087.90140600000-07.58700543000)[ICRS], at Epoch=J2016.0
#   meta: !!omap
#   - {ucd: POS_ANG_DIST_GENERAL}
#   - {width: 8}
#   - {precision: '4'}
# - name: HIP
#   datatype: int32
#   description: '? HIP cross-id number, van Leeuwen, Cat. I/311 (hip_original_ext_source_id)'
#   meta: !!omap
#   - {ucd: ID_NUMBER}
#   - {width: 6}
#   - values: {'null': -2147483648}
# - name: TYC2
#   datatype: string
#   description: Tycho-2 cross-id name, Hog et al., Cat. I/259 (tyc2_original_ext_source_id)
#   meta: !!omap
#   - {ucd: ID_CROSSID}
#   - {_votable_string_dtype: char}
# - name: Source
#   datatype: int64
#   description: Source identifier, identical to the Gaia-EDR3 source_id (id)
#   meta: !!omap
#   - {ucd: ID_MAIN}
#   - {width: 19}
# - name: rgeo
#   unit: pc
#   datatype: float64
#   format: '{:15.8f}'
#   description: '? Median of the geometric distance posterior (r_med_geo)'
#   meta: !!omap
#   - {ucd: PHYS_DISTANCE_TRUE}
#   - {width: 15}
#   - {precision: '8'}
#   - values: {'null': .nan}
# - name: Plx
#   unit: mas
#   datatype: float64
#   format: '{:9.4f}'
#   description: '? Parallax (parallax)'
#   meta: !!omap
#   - {ucd: POS_PARLX_TRIG}
#   - {width: 9}
#   - {precision: '4'}
#   - values: {'null': .nan}
# - name: e_Plx
#   unit: mas
#   datatype: float32
#   format: '{:7.4f}'
#   description: '? Standard error of parallax (parallax_error)'
#   meta: !!omap
#   - {ucd: ERROR}
#   - {width: 7}
#   - {precision: '4'}
#   - values: {'null': .nan}
# - name: pmRA
#   unit: mas / yr
#   datatype: float64
#   format: '{:9.3f}'
#   description: '? Proper motion in right ascension direction, pmRA*cosDE (pmra)'
#   meta: !!omap
#   - {ucd: POS_EQ_PMRA}
#   - {width: 9}
#   - {precision: '3'}
#   - values: {'null': .nan}
# - name: pmDE
#   unit: mas / yr
#   datatype: float64
#   format: '{:9.3f}'
#   description: '? Proper motion in declination direction (pmdec)'
#   meta: !!omap
#   - {ucd: POS_EQ_PMDEC}
#   - {width: 9}
#   - {precision: '3'}
#   - values: {'null': .nan}
# - name: e_pmRA
#   unit: mas / yr
#   datatype: float32
#   format: '{:6.3f}'
#   description: '? Standard error of proper motion in right ascension direction (pmra_error)'
#   meta: !!omap
#   - {ucd: ERROR}
#   - {width: 6}
#   - {precision: '3'}
#   - values: {'null': .nan}
# - name: e_pmDE
[...]
#       distance: !astropy.table.SerializedColumn
#         __class__: astropy.coordinates.distances.Distance
#         unit: !astropy.units.Unit {unit: pc}
#         value: !astropy.table.SerializedColumn {name: SkyCoord.distance}
#       frame: icrs
#       obstime: !astropy.time.Time {format: jyear_str, in_subfmt: '*', jd1: 367701545.0, jd2: 0.0, out_subfmt: '*', precision: 3, scale: tt}
#       pm_dec: !astropy.table.SerializedColumn
#         __class__: astropy.units.quantity.Quantity
#         unit: !astropy.units.Unit {unit: mas / yr}
#         value: !astropy.table.SerializedColumn {name: SkyCoord.pm_dec}
#       pm_ra_cosdec: !astropy.table.SerializedColumn
#         __class__: astropy.units.quantity.Quantity
#         unit: !astropy.units.Unit {unit: mas / yr}
#         value: !astropy.table.SerializedColumn {name: SkyCoord.pm_ra_cosdec}
#       ra: !astropy.table.SerializedColumn
#         __class__: astropy.coordinates.angles.Longitude
#         unit: *id001
#         value: !astropy.table.SerializedColumn {name: SkyCoord.ra}
#         wrap_angle: !astropy.coordinates.Angle
#           unit: *id001
#           value: 360.0
#       representation_type: spherical
# schema: astropy-2.0
RA_ICRS_1 DE_ICRS_1 e_RA_ICRS e_DE_ICRS _r_1 HIP TYC2 Source rgeo Plx e_Plx pmRA pmDE e_pmRA e_pmDE RUWE Teff logg Gmag BP-RP BPmag RPmag RV e_RV b_rgeo B_rgeo FG e_FG FBP e_FBP FRP e_FRP RAVE5 RAVE6 e_Gmag e_BPmag e_RPmag e_BP-RP SkyCoord.ra SkyCoord.dec SkyCoord.distance SkyCoord.pm_ra_cosdec SkyCoord.pm_dec rmRA rmDE e_rmRA e_rmDE rRV e_rRV v_pec v_pec3d e_vpec e_vpec3d Pmemb
[from data line 59]
88.47721815764 -7.81387613892 0.0448 0.0469 36.8439 "" "" 3018619396359792384 301.368378 3.2868 0.0545 0.232 -1.007 0.052 0.052 0.982 3432.1 4.4064 16.423513 2.713273 17.938202 15.224929 "" "" 296.819092 305.704468 5076.22672 4.83 912.3 16.359 6444.5 15.827 "" "" 0.002942622334718839 0.019667907 0.0046253316 0.024293238 88.47721815764 -7.81387613892 301.368378 0.23199999999999998 -1.0069999999999997 -0.027534239768981922 -0.4879178113937377 0.31036067 0.31036067 "" "" 0.6980927371557987 "" 0.2166605296884416 "" 0.8
88.96730642661 -8.0493352206 0.0494 0.0495 69.1658 "" "" 3018572972056290688 283.752014 3.4866 0.0574 0.43 -1.049 0.057 0.052 1.004 "" "" 16.42982 2.824618 18.029314 15.204696 "" "" 278.572601 288.443665 5046.8348 17.168 838.86 23.858 6565.7 69.5 "" "" 0.004607917296723088 0.0310052 0.012098327 0.043103527 88.96730642661 -8.0493352206 283.752014 0.4299999999999996 -1.0490000000000002 0.17046576023101806 -0.5299178113937377 0.31536067 0.31036067 "" "" 0.7487004344942959 "" 0.23272077841492161 "" 0.9
87.4103236087 -5.6880812137 0.0458 0.0459 117.6341 "" "" 3022349764434901248 286.56189 3.4591 0.0533 0.359 -0.066 0.052 0.05 1.011 3411.1 4.2079 16.464806 2.805667 18.047186 15.241519 "" "" 283.272003 290.914764 4886.79694 11.634 825.17 14.442 6346.7 37.646 "" "" 0.0037779684692618156 0.01920614 0.0074672014 0.026673341 87.4103236087 -5.6880812137 286.56189 0.3590000000000003 -0.06599999999999995 0.09946576023101805 0.4530821886062622 0.31036067 0.30836067 "" "" 0.630078419300541 "" 0.19434952004020964 "" 0.9
88.48779768964 -7.21950716985 0.0447 0.0465 41.2737 "" "" 3018865618245153920 293.14212 3.3823 0.0521 0.106 -0.583 0.054 0.05 1.015 "" "" 16.524582 2.839124 18.130144 15.29102 "" "" 289.213867 296.722656 4625.02009 6.1906 764.47 10.508 6063.9 23.469 "" "" 0.003115085077437298 0.015182539 0.0056516733 0.020834211 88.48779768964 -7.21950716985 293.14212 0.106 -0.583 -0.15353423976898195 -0.06391781139373776 0.31236064 0.30836067 "" "" 0.23108348585963454 "" 0.07204559750730584 "" 1.0
88.50872788478 -7.99390747858 0.0463 0.0481 43.5829 "" "" 3018568440867817984 303.681061 3.26 0.0572 0.139 -0.424 0.051 0.051 0.946 3407.2 4.412 16.55444 2.782223 18.122313 15.34009 "" "" 297.999969 308.242279 4499.57195 6.5022 770.0 14.177 5795.9 26.331 "" "" 0.0031707164151588106 0.020184018 0.006213992 0.02639801 88.50872788478 -7.99390747858 303.681061 0.139 -0.4240000000000003 -0.12053423976898192 0.09508218860626222 0.30936065 0.30936065 "" "" 0.2209875385861459 "" 0.06836484927767335 "" 1.0
86.65768635283 -6.98689534443 0.0367 0.0338 82.3131 "" "" 3015978403790757888 280.699219 3.5268 0.0544 0.293 -0.195 0.047 0.041 0.993 "" "" 16.558132 2.835545 18.16786 15.332315 "" "" 276.33139 284.948242 4484.29575 3.8986 738.37 8.6434 5837.6 14.097 "" "" 0.0029125227776826902 0.013012348 0.004599794 0.01761214 86.65768635283 -6.98689534443 280.699219 0.2930000000000003 -0.1950000000000001 0.03346576023101805 0.3240821886062622 0.30536065 0.29936066 "" "" 0.43348887256209506 "" 0.12979723000073165 "" 1.0
88.82894081076 -7.73887748799 0.0634 0.0601 55.9027 "" "" 3018594657346511744 293.958954 3.3403 0.072 0.245 -0.81 0.075 0.065 1.087 "" "" 16.605387 2.878914 17.888477 15.009563 "" "" 287.482941 300.799805 4293.30632 4.6284 955.05 13.418 7858.4 67.4 "" "" 0.0029936279500941995 0.015507159 0.010049872 0.02555703 88.82894081076 -7.73887748799 293.958954 0.24500000000000005 -0.8099999999999995 -0.014534239768981938 -0.29091781139373785 0.33336067 0.32336065 "" "" 0.40586039173492655 "" 0.13124954169378272 "" 1.0
89.39709196333 -7.57044135399 0.0476 0.0495 88.9627 "" "" 3018682686997788928 291.294678 3.3997 0.061 0.433 -0.559 0.054 0.052 1.034 "" "" 16.617588 2.814788 18.206154 15.391366 "" "" 287.032318 296.27533 4245.33358 4.5809 712.78 11.424 5528.6 19.68 "" "" 0.002994049852617835 0.01762378 0.005405636 0.023029417 89.39709196333 -7.57044135399 291.294678 0.433 -0.5589999999999999 0.17346576023101806 -0.039917811393737845 0.31236064 0.31036067 "" "" 0.24577037638292357 "" 0.07674434821670537 "" 1.0
86.64362700134 -8.22005817552 0.0406 0.0403 83.8463 "" "" 3012741097959399808 299.279449 3.3016 0.0665 -0.311 -0.644 0.05 0.05 0.993 3383.0 4.2099 16.694307 2.85944 18.319468 15.460028 "" "" 293.949524 305.132874 3955.70361 6.1574 642.14 11.868 5189.8 19.433 "" "" 0.0032323423343505464 0.020259574 0.0055508544 0.025810428 86.64362700134 -8.22005817552 299.279449 -0.3109999999999998 -0.644 -0.5705342397689819 -0.12491781139373781 0.30836067 0.30836067 "" "" 0.8285235707843008 "" 0.25548408011407386 "" 1.0
86.40422324916 -7.44016310849 0.0411 0.0395 89.4943 "" "" 3015885288900084864 288.967224 3.4187 0.0589 -0.554 -0.642 0.052 0.046 1.05 "" "" 16.7571 2.990324 18.476076 15.485752 "" "" 284.582214 293.746918 3733.4191 2.8821 555.89 8.8569 5068.2 9.0397 "" "" 0.002879982733058539 0.017522419 0.0042466316 0.02176905 86.40422324916 -7.44016310849 288.967224 -0.554 -0.6420000000000003 -0.813534239768982 -0.12291781139373781 0.31036067 0.30436066 "" "" 1.1269487872824748 "" 0.3496110929378962 "" 0.8
86.61239765551 -7.23336248249 0.0642 0.0634 79.5755 "" "" 3015918033728549248 312.95343 3.1471 0.0991 0.31 0.354 0.085 0.078 1.275 "" "" 16.76463 2.893879 17.927387 15.033508 "" "" 304.03244 322.7453 3707.61976 4.1754 921.43 16.13 7687.0 127.01 "" "" 0.0030144376999556434 0.019209955 0.018333085 0.03754304 86.61239765551 -7.23336248249 312.95343 0.30999999999999966 0.35399999999999954 0.050465760231018064 0.8730821886062622 0.34336066 0.33636066 "" "" 1.2972912149983737 "" 0.4363882861912913 "" 0.9
88.17551136572 -9.58000081216 0.0413 0.0402 120.6803 "" "" 3011556683418764032 279.182007 3.5266 0.0615 0.373 -0.317 0.053 0.047 0.987 3328.8 4.4389 16.78397 3.16439 18.65536 15.49097 "" "" 275.405914 284.03476 3642.15845 3.2528 471.27 9.3054 5043.9 16.234 "" "" 0.002920966340997371 0.021619068 0.005147345 0.026766414 88.17551136572 -9.58000081216 279.182007 0.373 -0.317 0.11346576023101806 0.2020821886062622 0.31136066 0.30536065 "" "" 0.3066903944876399 "" 0.09409553155560242 "" 0.9
88.12052175504 -8.35461333812 0.0605 0.0561 47.8614 "" "" 3012542910990055424 300.304657 3.2946 0.0826 0.549 -0.59 0.073 0.064 1.081 "" "" 16.967258 3.416455 19.023802 15.607347 "" "" 292.079468 308.878387 3076.4041 2.9065 335.66 8.7892 4531.3 10.462 "" "" 0.0029400679758788306 0.028566403 0.0045351596 0.033101562 88.12052175504 -8.35461333812 300.304657 0.549 -0.59 0.2894657602310181 -0.07091781139373776 0.33136064 0.32236066 "" "" 0.424223978038619 "" 0.14035771107750641 "" 0.9
87.96638276223 -7.52976502802 0.0619 0.0597 5.1702 "" "" 3018832392378299008 295.841553 3.3653 0.0724 0.489 -0.553 0.069 0.065 1.03 3312.6 4.5555 16.989862 3.193874 18.868502 15.674627 "" "" 291.387756 303.099701 3013.01834 4.3593 387.27 19.063 4259.0 23.686 "" "" 0.003171657496217564 0.05351712 0.0071234643 0.060640585 87.96638276223 -7.52976502802 295.841553 0.48899999999999944 -0.553 0.22946576023101806 -0.03391781139373784 0.32736066 0.32336065 "" "" 0.3252734706976627 "" 0.10645408527612868 "" 1.0
