Clusters/UPK_422/UPK_422_members.tsv
# %ECSV 1.0
# ---
# datatype:
# - name: RA_ICRS_1
#   unit: deg
#   datatype: float64
#   format: '{:15.11f}'
#   description: Right ascension (ICRS) at Ep=2016.0 (ra)
#   meta: !!omap
#   - {ucd: POS_EQ_RA_MAIN}
#   - {width: 15}
#   - {precision: '11'}
# - name: DE_ICRS_1
#   unit: deg
#   datatype: float64
#   format: '{:15.11f}'
#   description: Declination (ICRS) at Ep=2016.0 (dec)
#   meta: !!omap
#   - {ucd: POS_EQ_DEC_MAIN}
#   - {width: 15}
#   - {precision: '11'}
# - name: e_RA_ICRS
#   unit: mas
#   datatype: float64
#   format: '{:7.4f}'
#   description: Standard error of right ascension (ra_error)
#   meta: !!omap
#   - {ucd: ERROR}
#   - {width: 7}
#   - {precision: '4'}
# - name: e_DE_ICRS
#   unit: mas
#   datatype: float64
#   format: '{:7.4f}'
#   description: Standard error of declination (dec_error)
#   meta: !!omap
#   - {ucd: ERROR}
#   - {width: 7}
#   - {precision: '4'}
# - name: _r_1
#   unit: ''
#   datatype: float64
#   format: '{:8.4f}'
#   description: Distance from center (087.90140600000-07.58700543000)[ICRS], at Epoch=J2016.0
#   meta: !!omap
#   - {ucd: POS_ANG_DIST_GENERAL}
#   - {width: 8}
#   - {precision: '4'}
# - name: HIP
#   datatype: int32
#   description: '? HIP cross-id number, van Leeuwen, Cat. I/311 (hip_original_ext_source_id)'
#   meta: !!omap
#   - {ucd: ID_NUMBER}
#   - {width: 6}
#   - values: {'null': -2147483648}
# - name: TYC2
#   datatype: string
#   description: Tycho-2 cross-id name, Hog et al., Cat. I/259 (tyc2_original_ext_source_id)
#   meta: !!omap
#   - {ucd: ID_CROSSID}
#   - {_votable_string_dtype: char}
# - name: Source
#   datatype: int64
#   description: Source identifier, identical to the Gaia-EDR3 source_id (id)
#   meta: !!omap
#   - {ucd: ID_MAIN}
#   - {width: 19}
# - name: rgeo
#   unit: pc
#   datatype: float64
#   format: '{:15.8f}'
#   description: '? Median of the geometric distance posterior (r_med_geo)'
#   meta: !!omap
#   - {ucd: PHYS_DISTANCE_TRUE}
#   - {width: 15}
#   - {precision: '8'}
#   - values: {'null': .nan}
# - name: Plx
#   unit: mas
#   datatype: float64
#   format: '{:9.4f}'
#   description: '? Parallax (parallax)'
#   meta: !!omap
#   - {ucd: POS_PARLX_TRIG}
#   - {width: 9}
#   - {precision: '4'}
#   - values: {'null': .nan}
# - name: e_Plx
#   unit: mas
#   datatype: float32
#   format: '{:7.4f}'
#   description: '? Standard error of parallax (parallax_error)'
#   meta: !!omap
#   - {ucd: ERROR}
#   - {width: 7}
#   - {precision: '4'}
#   - values: {'null': .nan}
# - name: pmRA
#   unit: mas / yr
#   datatype: float64
#   format: '{:9.3f}'
#   description: '? Proper motion in right ascension direction, pmRA*cosDE (pmra)'
#   meta: !!omap
#   - {ucd: POS_EQ_PMRA}
#   - {width: 9}
#   - {precision: '3'}
#   - values: {'null': .nan}
# - name: pmDE
#   unit: mas / yr
#   datatype: float64
#   format: '{:9.3f}'
#   description: '? Proper motion in declination direction (pmdec)'
#   meta: !!omap
#   - {ucd: POS_EQ_PMDEC}
#   - {width: 9}
#   - {precision: '3'}
#   - values: {'null': .nan}
# - name: e_pmRA
#   unit: mas / yr
#   datatype: float32
#   format: '{:6.3f}'
#   description: '? Standard error of proper motion in right ascension direction (pmra_error)'
#   meta: !!omap
#   - {ucd: ERROR}
#   - {width: 6}
#   - {precision: '3'}
#   - values: {'null': .nan}
# - name: e_pmDE
[...]
#       distance: !astropy.table.SerializedColumn
#         __class__: astropy.coordinates.distances.Distance
#         unit: !astropy.units.Unit {unit: pc}
#         value: !astropy.table.SerializedColumn {name: SkyCoord.distance}
#       frame: icrs
#       obstime: !astropy.time.Time {format: jyear_str, in_subfmt: '*', jd1: 367701545.0, jd2: 0.0, out_subfmt: '*', precision: 3, scale: tt}
#       pm_dec: !astropy.table.SerializedColumn
#         __class__: astropy.units.quantity.Quantity
#         unit: !astropy.units.Unit {unit: mas / yr}
#         value: !astropy.table.SerializedColumn {name: SkyCoord.pm_dec}
#       pm_ra_cosdec: !astropy.table.SerializedColumn
#         __class__: astropy.units.quantity.Quantity
#         unit: !astropy.units.Unit {unit: mas / yr}
#         value: !astropy.table.SerializedColumn {name: SkyCoord.pm_ra_cosdec}
#       ra: !astropy.table.SerializedColumn
#         __class__: astropy.coordinates.angles.Longitude
#         unit: *id001
#         value: !astropy.table.SerializedColumn {name: SkyCoord.ra}
#         wrap_angle: !astropy.coordinates.Angle
#           unit: *id001
#           value: 360.0
#       representation_type: spherical
# schema: astropy-2.0
RA_ICRS_1 DE_ICRS_1 e_RA_ICRS e_DE_ICRS _r_1 HIP TYC2 Source rgeo Plx e_Plx pmRA pmDE e_pmRA e_pmDE RUWE Teff logg Gmag BP-RP BPmag RPmag RV e_RV b_rgeo B_rgeo FG e_FG FBP e_FBP FRP e_FRP RAVE5 RAVE6 e_Gmag e_BPmag e_RPmag e_BP-RP SkyCoord.ra SkyCoord.dec SkyCoord.distance SkyCoord.pm_ra_cosdec SkyCoord.pm_dec rmRA rmDE e_rmRA e_rmDE rRV e_rRV v_pec v_pec3d e_vpec e_vpec3d Pmemb
87.84159865766 -7.51800597789 0.1027 0.1067 5.4584 27658 5347-905-1 3018839092527305856 316.313171 3.1605 0.1333 0.04 -0.663 0.12 0.115 1.261 18688.4 3.6267 5.307643 -0.287601 5.201325 5.488926 "" "" 304.600098 329.690216 141869605.51099 112510.0 113470000.0 107500.0 50534000.0 91557.0 "" "" 0.002886726276126404 0.0029737337 0.0042606704 0.007234404 87.84159865766 -7.51800597789 316.313171 0.04 -0.6630000000000004 -0.21953423976898193 -0.14391781139373783 0.37836066 0.37336066 "" "" 0.39357657228533044 "" 0.14832512759054495 "" 0.9
88.70317579062 -7.53349464826 0.0153 0.0154 47.796 "" 5348-622-1 3018656539236885504 296.429993 3.3549 0.0201 0.138 -0.503 0.018 0.017 1.092 9936.3 4.3296 9.407065 0.165789 9.4582 9.292412 18.38 3.05 295.007751 298.22113 3251774.43259 772.74 2249800.0 1186.9 1521200.0 548.14 "" "" 0.0027673739886335718 0.0028483565 0.003799577 0.0066479333 88.70317579062 -7.53349464826 296.429993 0.13799999999999998 -0.5030000000000001 -0.12153423976898192 0.016082188606262204 0.27636066 0.27536064 5.314736842105262 4.8610125 0.17225369084098302 5.317527530238029 0.04760118474173517 4.858461598738067 1.0
87.04326829992 -8.38941775876 0.0564 0.0512 70.1264 27401 5347-908-1 3012674268268320768 299.78299 3.3155 0.0841 0.172 -0.516 0.072 0.062 5.113 6937.1 3.8215 9.497571 0.467218 9.661228 9.19401 17.39 1.89 292.297028 306.897614 2991701.08667 492.91 1866100.0 661.46 1665500.0 334.1 "" "" 0.0027611210080733467 0.0028165863 0.0037856523 0.006602239 87.04326829992 -8.38941775876 299.78299 0.1719999999999999 -0.516 -0.08753423976898195 0.003082188606262193 0.33036065 0.32036066 4.324736842105263 3.7010126 0.12446073230099478 4.32652738664018 0.041115410656291276 3.699481126830473 1.0
87.57855105979 -6.88207403171 0.0136 0.013 46.4568 "" 4780-283-1 3018948077319889024 298.662903 3.3266 0.0166 0.081 -0.695 0.016 0.014 0.926 7188.4 4.1855 10.322843 0.468609 10.491219 10.022611 15.74 1.66 297.349335 299.891388 1398973.94623 303.6 868820.0 310.85 776450.0 173.62 "" "" 0.0027653765190727084 0.0028170815 0.0037871716 0.0066042533 87.57855105979 -6.88207403171 298.662903 0.081 -0.695 -0.17853423976898192 -0.17591781139373774 0.27436066 0.27236065 2.674736842105263 3.4710126 0.35482478762704217 2.698169343171368 0.09700102316726751 3.4408919077928894 1.0
87.45560879424 -6.90546272391 0.0138 0.0121 48.7469 "" 4780-240-1 3021926761696225664 283.050873 3.5129 0.015 -0.066 0.135 0.016 0.013 1.064 6104.4 4.0985 10.555157 0.694364 10.821522 10.127158 37.3 0.3 281.910095 284.276947 1129494.8174 214.39 640930.0 267.32 705170.0 182.58 "" "" 0.0027630164823870752 0.0028266788 0.003789822 0.006616501 87.45560879424 -6.90546272391 283.050873 -0.066 0.135 -0.32553423976898194 0.6540821886062622 0.27436066 0.27136067 24.23473684210526 2.1110127 0.9802357071130358 24.254552806588567 0.2665838005540951 2.1093155155345653 0.8
87.29934833096 -7.92613491247 0.0122 0.0113 41.1724 "" 5347-342-1 3012796932535771648 298.817871 3.3266 0.0181 -0.046 -0.314 0.016 0.013 1.175 6562.7 4.1985 10.764213 0.580311 10.97904 10.398729 11.02 1.9 297.170044 300.528778 931668.95472 138.94 554370.0 158.34 549120.0 112.2 "" "" 0.002760073590064156 0.0028073504 0.0037858873 0.0065932376 87.29934833096 -7.92613491247 298.817871 -0.04599999999999996 -0.314 -0.3055342397689819 0.2050821886062622 0.27436066 0.27136067 -2.0452631578947376 3.7110128 0.521206806601219 2.110629744955044 0.1425148148416021 3.596254302816969 1.0
88.9439517998 -7.68491687384 0.0205 0.0207 62.2757 "" 5348-1168-1 3018600979539930240 298.125153 3.3175 0.0272 -0.134 -0.554 0.023 0.023 1.186 6025.8 4.2563 11.338659 0.719193 11.614168 10.894975 17.75 1.87 295.975586 300.612091 548887.23874 388.42 308850.0 415.58 347670.0 331.1 "" "" 0.00286043820474818 0.0031495052 0.003918273 0.007067778 88.9439517998 -7.68491687384 298.125153 -0.13400000000000017 -0.554 -0.39353423976898194 -0.03491781139373784 0.28136066 0.28136066 4.684736842105263 3.6810126 0.5582932112162549 4.717886241683721 0.15708174416100704 3.6551959067190527 0.9
88.55441630997 -7.64176431097 0.0204 0.0179 38.9739 "" 5348-596-1 3018648258539982464 301.234283 3.2872 0.0205 0.392 -0.65 0.024 0.02 1.121 6116.9 4.2715 11.37941 0.73423 11.662198 10.927968 15.83 1.83 299.584259 302.786621 528667.53838 410.17 295490.0 626.08 337260.0 524.46 "" "" 0.0028812124860493975 0.003616225 0.004139369 0.007755594 88.55441630997 -7.64176431097 301.234283 0.3919999999999997 -0.6500000000000001 0.13246576023101808 -0.13091781139373782 0.28236064 0.27836066 2.764736842105263 3.6410127 0.2659279119730439 2.7774966175425893 0.0745638712520186 3.624292945245178 0.8
87.87953584393 -6.48569053227 0.0196 0.0204 66.0917 "" 4780-830-1 3022057809738449280 302.506348 3.271 0.0258 0.042 -0.546 0.024 0.022 1.329 6143.9 4.243 11.393942 0.731539 11.676405 10.944866 17.16 1.94 300.28064 304.984924 521639.00572 371.72 291650.0 390.65 332060.0 367.03 "" "" 0.0028618865116114846 0.0031464263 0.003965339 0.0071117654 87.87953584393 -6.48569053227 302.506348 0.042000000000000016 -0.546 -0.21753423976898192 -0.026917811393737834 0.28236064 0.28036064 4.094736842105263 3.7510128 0.3142969455118069 4.106781267130286 0.08873564101671919 3.7400179453091273 1.0
86.66616223331 -7.54306727025 0.0146 0.0132 73.5168 "" 5347-71-1 3015874117686549376 282.209625 3.508 0.021 -0.187 -0.638 0.019 0.016 1.27 5921.3 4.1622 11.451246 0.850534 11.788317 10.937783 12.07 3.61 280.643219 283.894684 494821.06715 457.82 263080.0 786.45 334230.0 762.55 "" "" 0.002932730304127692 0.0042801374 0.0045188335 0.008798971 86.66616223331 -7.54306727025 282.209625 -0.187 -0.6379999999999999 -0.44653423976898193 -0.1189178113937378 0.27736065 0.27436066 -0.9952631578947368 5.421013 0.6181358881079024 1.1715975117887325 0.17132438205859135 4.605996157042526 0.8
88.63958100926 -7.60621897281 0.0179 0.0191 43.9169 "" "" 3018647021589381120 293.113373 3.3814 0.0213 0.212 -0.653 0.02 0.02 1.06 5794.0 4.1266 11.472729 0.83046 11.798775 10.968315 18.15 4.14 291.309601 294.911835 485126.79488 714.32 260560.0 1153.5 324960.0 1133.1 "" "" 0.0031855251903090544 0.0055577015 0.0053494237 0.010907125 88.63958100926 -7.60621897281 293.113373 0.21200000000000002 -0.653 -0.04753423976898194 -0.13391781139373782 0.27836066 0.27836066 5.0847368421052614 5.9510126 0.19743293596629108 5.088568415346979 0.05495756331778093 5.946532020102888 1.0
87.7333126776 -7.99262508167 0.0131 0.0122 26.3087 "" "" 3012617368542890112 296.177917 3.3362 0.0197 0.931 0.006 0.017 0.014 1.273 5680.0 4.2562 11.676387 0.807577 11.990683 11.183105 18.22 2.18 294.507416 298.057983 402153.75828 299.52 218350.0 403.03 266630.0 332.89 "" "" 0.0028715320552351476 0.0034352967 0.004015127 0.007450424 87.7333126776 -7.99262508167 296.177917 0.9310000000000002 0.006 0.6714657602310181 0.5250821886062622 0.27536064 0.27236065 5.154736842105262 3.9910128 1.1966634047955769 5.291815871299215 0.3281563552669432 3.888337920260237 1.0
88.01005843224 -7.24884424504 0.0157 0.0149 21.2946 "" "" 3018873314826621952 298.242828 3.3192 0.0182 0.025 -0.537 0.018 0.016 1.108 5434.2 4.2186 11.692043 0.925325 12.065432 11.140106 16.14 1.61 296.661346 300.49939 396396.15845 623.41 203820.0 1025.1 277410.0 988.44 "" "" 0.003241519987449994 0.0061321827 0.0054082996 0.011540482 88.01005843224 -7.24884424504 298.242828 0.024999999999999998 -0.537 -0.23453423976898194 -0.017917811393737826 0.27636066 0.27436066 3.0747368421052634 3.4210129 0.3325204158302671 3.0926649471197782 0.09189171668970439 3.4011956986326672 1.0
89.03204504473 -8.00740052861 0.0146 0.0137 71.7882 "" "" 3018575033640452736 294.49057 3.361 0.0175 0.35 -0.527 0.017 0.015 1.154 5330.8 4.2219 11.796162 0.960423 12.186116 11.225693 13.23 3.5 293.014984 296.188446 360148.75181 335.08 182380.0 516.92 256380.0 527.21 "" "" 0.002934657709634297 0.0041538957 0.004389593 0.008543489 89.03204504473 -8.00740052861 294.49057 0.35 -0.527 0.09046576023101804 -0.007917811393737817 0.27536064 0.27336064 0.1647368421052633 5.3110127 0.12676256857996213 0.2078628777338658 0.03490350214705187 4.209172242097998 1.0
87.98488192807 -7.30833676044 0.0128 0.0138 17.4421 "" "" 3018849400448732544 296.525177 3.3508 0.0163 0.196 -0.579 0.014 0.014 1.15 5694.3 4.2736 12.122803 0.993222 12.533966 11.540744 12.68 2.33 295.233368 297.75177 266578.86289 326.46 132380.0 622.3 191810.0 633.24 "" "" 0.0030593605329763524 0.0058167684 0.005208833 0.011025602 87.98488192807 -7.30833676044 296.525177 0.196 -0.579 -0.06353423976898193 -0.05991781139373775 0.27236065 0.27236065 -0.3852631578947374 4.1410127 0.12274660607017313 0.4043444449139516 0.033431345744161234 3.945608540449301 1.0
88.9175195031 -7.67154704453 0.0109 0.011 60.6396 "" "" 3018601220058101120 295.354492 3.3668 0.0139 0.728 -0.531 0.013 0.012 1.07 5109.4 4.2633 12.253352 1.050376 12.692398 11.642022 18.1 3.74 294.248657 296.668549 236377.36914 356.31 114410.0 595.55 174720.0 606.5 "" "" 0.0032047303479379855 0.0063029104 0.0053374334 0.011640344 88.9175195031 -7.67154704453 295.354492 0.728 -0.531 0.46846576023101805 -0.01191781139373782 0.27136067 0.27036065 5.034736842105264 5.551013 0.6560550276637529 5.077300785710354 0.1780271054018325 5.5045258990598604 1.0
87.90912791086 -7.55577149025 0.0771 0.0721 1.9295 "" "" 3018826619942273280 279.810791 3.5544 0.0903 0.385 -0.427 0.088 0.08 8.889 4721.8 4.3015 12.563996 1.3607 13.168387 11.807688 7.33 3.66 273.37088 286.451874 177561.24651 158.64 73801.0 235.26 150000.0 301.65 "" "" 0.0029210894180013974 0.0044456767 0.0043647485 0.008810425 87.90912791086 -7.55577149025 279.810791 0.3850000000000002 -0.4269999999999996 0.12546576023101808 0.09208218860626222 0.34636065 0.33836067 -5.735263157894737 5.471013 0.20641294070613994 5.738976371479122 0.07091961355583372 5.4674738273070265 0.9
87.914315784 -7.5165809199 0.0122 0.0118 4.2947 "" "" 3018827616374675840 297.461517 3.3386 0.0149 0.211 -0.208 0.014 0.014 0.975 4903.8 4.3695 12.947218 1.188802 13.462708 12.273906 15.99 1.81 295.994537 298.636475 124755.42913 125.01 56277.0 200.21 97633.0 259.5 "" "" 0.002962334922583542 0.0047649434 0.0047551575 0.0095201 87.914315784 -7.5165809199 297.461517 0.21099999999999988 -0.20799999999999993 -0.04853423976898194 0.31108218860626224 0.27236065 0.27236065 2.924736842105263 3.6210127 0.4439219770761725 2.9582346623111366 0.12090687941775537 3.5800558206935085 1.0
86.95786261245 -8.68235762321 0.0114 0.0115 86.3712 "" "" 3012473607396454272 295.557281 3.351 0.0169 -0.163 -0.627 0.015 0.013 1.255 4944.2 4.3434 13.045218 1.259291 13.592333 12.333042 19.99 3.53 294.228302 296.93512 113988.01442 222.68 49944.0 365.37 92457.0 488.9 "" "" 0.003477146396162312 0.0084186215 0.006873528 0.015292149 86.95786261245 -8.68235762321 295.557281 -0.163 -0.6269999999999999 -0.42253423976898197 -0.1079178113937378 0.27336064 0.27136067 6.924736842105261 5.341013 0.6109477468035996 6.951635597593874 0.1669344990501967 5.320366593007719 0.9
89.35331444577 -8.05007221431 0.0106 0.0103 90.6664 "" "" 3017813965436427136 295.692932 3.3445 0.0133 0.59 -0.729 0.013 0.011 1.006 4840.7 4.3374 13.081747 1.259083 13.62945 12.370367 1.19 3.13 294.749512 296.901917 110216.81226 169.15 48266.0 269.75 89333.0 396.21 "" "" 0.0032199820520199068 0.0066787335 0.0061214687 0.012800202 89.35331444577 -8.05007221431 295.692932 0.5900000000000006 -0.7289999999999992 0.33046576023101804 -0.20991781139373777 0.27136067 0.26936066 -11.875263157894738 4.941013 0.5487218634989018 11.887933830263938 0.14858684836227534 4.935751279902163 1.0
88.1760951697 -7.83779112489 0.033 0.0318 22.2072 "" "" 3018627951934474496 301.417511 3.285 0.0401 -0.045 -0.334 0.038 0.035 3.039 "" "" 13.356768 1.675929 14.150356 12.474427 19.65 4.87 297.223419 305.361603 85553.84095 102.67 29873.0 162.29 81168.0 265.16 "" "" 0.0030478636223109415 0.006525079 0.005183063 0.011708142 88.1760951697 -7.83779112489 301.417511 -0.045 -0.334 -0.3045342397689819 0.1850821886062622 0.29636064 0.29336065 6.5847368421052614 6.6810126 0.5091464625245502 6.604391675247587 0.15048049657350218 6.661139873336494 0.9
88.06537692922 -7.68527644407 0.0124 0.012 11.3951 "" "" 3018633964888682496 302.493225 3.2677 0.0158 0.208 -0.664 0.014 0.013 1.084 4426.2 4.3442 13.697957 1.45872 14.365993 12.907272 15.77 3.03 300.828186 304.161469 62483.30745 49.068 24492.0 69.806 54482.0 129.69 "" "" 0.002884226199366358 0.004166663 0.004578581 0.008745244 88.06537692922 -7.68527644407 302.493225 0.208 -0.664 -0.05153423976898194 -0.14491781139373783 0.27236065 0.27136067 2.7047368421052624 4.841013 0.2205328901758063 2.7137126120300286 0.059868749491535526 4.825003462166027 1.0
87.5060178226 -8.36736102235 0.0097 0.009 52.385 "" "" 3012577098929626496 315.845459 3.1226 0.0147 0.246 -0.402 0.012 0.01 1.045 4909.8 4.5716 13.772189 1.149244 14.269032 13.119787 55.3 1.87 314.262299 317.174347 58354.08277 8.1869 26780.0 19.862 44796.0 23.02 "" "" 0.0027595275778648214 0.0029040477 0.0038203439 0.0067243916 87.5060178226 -8.36736102235 315.845459 0.246 -0.402 -0.013534239768981937 0.11708218860626218 0.27036065 0.26836064 42.234736842105264 3.6810126 0.1764518494233806 42.235105438213935 0.04735740264386714 3.680980510681184 1.0
88.15947059323 -6.95120109442 0.0143 0.0141 41.1242 "" "" 3018888738051736448 298.179779 3.3174 0.0179 0.081 -0.648 0.018 0.016 1.001 4251.4 4.3041 13.843546 1.522952 14.545754 13.022801 -2.23 6.61 296.280212 299.653717 54642.21159 69.006 20755.0 125.44 48982.0 162.93 "" "" 0.0030776327509976775 0.00713058 0.005227498 0.012358078 88.15947059323 -6.95120109442 298.179779 0.08100000000000009 -0.648 -0.17853423976898192 -0.1289178113937378 0.27636066 0.27436066 -15.295263157894738 8.421013 0.3112445632466106 15.298429600694401 0.08580292392326497 8.419270092542899 1.0
86.71231939626 -6.95107557972 0.0118 0.0109 80.4018 "" "" 3015978747388126976 297.299377 3.3222 0.0189 0.274 -0.516 0.015 0.013 1.011 4220.3 4.3447 14.077492 1.628283 14.842847 13.214563 37.32 7.66 295.454132 298.759979 44050.40119 127.35 15786.0 166.5 41052.0 301.42 "" "" 0.004176636904306004 0.011786617 0.008822413 0.02060903 86.71231939626 -6.95107557972 297.299377 0.27399999999999963 -0.516 0.014465760231018088 0.003082188606262193 0.27336064 0.27136067 24.254736842105263 9.471012 0.020842721127791994 24.254745797447608 0.005695775692146711 9.471008618590695 1.0
87.77725832149 -7.14023187627 0.02 0.0162 27.8057 "" "" 3018902486244282752 297.688507 3.3153 0.0195 0.227 -0.523 0.023 0.018 1.019 4258.0 4.4097 14.108384 1.665168 14.901412 13.236244 11.48 2.91 296.469696 299.36026 42814.73123 52.477 14957.0 69.286 40240.0 123.18 "" "" 0.0030598552922608963 0.005751606 0.0050328854 0.010784492 87.77725832149 -7.14023187627 297.688507 0.227 -0.523 -0.032534239768981926 -0.003917811393737813 0.28136066 0.27636066 -1.5852631578947367 4.721013 0.046238886584514666 1.5859373614399053 0.013006527729024917 4.719006117515724 1.0
87.71789366994 -7.38835899455 0.0152 0.0146 16.1628 "" "" 3018845002402063744 303.448883 3.2523 0.0196 0.099 -0.244 0.017 0.016 1.083 4178.9 4.3599 14.381194 1.759313 15.227949 13.468637 -10.37 5.42 301.542114 305.214539 33301.90187 47.827 11072.0 75.949 32487.0 124.85 "" "" 0.0031659424318341745 0.007953162 0.005629746 0.013582908 87.71789366994 -7.38835899455 303.448883 0.09900000000000012 -0.24400000000000027 -0.16053423976898193 0.2750821886062622 0.27536064 0.27436066 -23.435263157894738 7.231013 0.4581119437014965 23.439740310693303 0.12580443382511278 7.229632065752588 1.0
88.8924529739 -7.58604581282 0.0187 0.0186 58.9423 "" "" 3018606923774658816 295.524261 3.3388 0.0241 0.419 -0.466 0.022 0.02 1.037 4551.5 4.2179 14.813971 2.023573 15.831482 13.807909 12.0 7.04 293.41629 297.818634 22354.16695 18.845 6350.7 22.896 23768.0 66.616 "" "" 0.0029033700439133154 0.0048070126 0.004852209 0.009659221 88.8924529739 -7.58604581282 295.524261 0.419 -0.466 0.15946576023101805 0.05308218860626218 0.28036064 0.27836066 -1.0652631578947371 8.851013 0.23542794472982423 1.090968337179213 0.06595791143492878 8.64247908965898 1.0
