Clusters/UBC_267/UBC_267_stars_in_region.tsv
# %ECSV 1.0
# ---
# datatype:
# - name: RA_ICRS_1
#   unit: deg
#   datatype: float64
#   format: '{:15.11f}'
#   description: Right ascension (ICRS) at Ep=2016.0 (ra)
#   meta: !!omap
#   - {ucd: POS_EQ_RA_MAIN}
#   - {width: 15}
#   - {precision: '11'}
# - name: DE_ICRS_1
#   unit: deg
#   datatype: float64
#   format: '{:15.11f}'
#   description: Declination (ICRS) at Ep=2016.0 (dec)
#   meta: !!omap
#   - {ucd: POS_EQ_DEC_MAIN}
#   - {width: 15}
#   - {precision: '11'}
# - name: e_RA_ICRS
#   unit: mas
#   datatype: float64
#   format: '{:7.4f}'
#   description: Standard error of right ascension (ra_error)
#   meta: !!omap
#   - {ucd: ERROR}
#   - {width: 7}
#   - {precision: '4'}
# - name: e_DE_ICRS
#   unit: mas
#   datatype: float64
#   format: '{:7.4f}'
#   description: Standard error of declination (dec_error)
#   meta: !!omap
#   - {ucd: ERROR}
#   - {width: 7}
#   - {precision: '4'}
# - name: _r_1
#   unit: ''
#   datatype: float64
#   format: '{:7.4f}'
#   description: Distance from center (168.30001449000-58.90640360000)[ICRS], at Epoch=J2016.0
#   meta: !!omap
#   - {ucd: POS_ANG_DIST_GENERAL}
#   - {width: 7}
#   - {precision: '4'}
# - name: HIP
#   datatype: int32
#   description: '? HIP cross-id number, van Leeuwen, Cat. I/311 (hip_original_ext_source_id)'
#   meta: !!omap
#   - {ucd: ID_NUMBER}
#   - {width: 6}
#   - values: {'null': -2147483648}
# - name: TYC2
#   datatype: string
#   description: Tycho-2 cross-id name, Hog et al., Cat. I/259 (tyc2_original_ext_source_id)
#   meta: !!omap
#   - {ucd: ID_CROSSID}
#   - {_votable_string_dtype: char}
# - name: Source
#   datatype: int64
#   description: Source identifier, identical to the Gaia-EDR3 source_id (id)
#   meta: !!omap
#   - {ucd: ID_MAIN}
#   - {width: 19}
# - name: rgeo
#   unit: pc
#   datatype: float64
#   format: '{:15.8f}'
#   description: '? Median of the geometric distance posterior (r_med_geo)'
#   meta: !!omap
#   - {ucd: PHYS_DISTANCE_TRUE}
#   - {width: 15}
#   - {precision: '8'}
#   - values: {'null': .nan}
# - name: Plx
#   unit: mas
#   datatype: float64
#   format: '{:9.4f}'
#   description: '? Parallax (parallax)'
#   meta: !!omap
#   - {ucd: POS_PARLX_TRIG}
#   - {width: 9}
#   - {precision: '4'}
#   - values: {'null': .nan}
# - name: e_Plx
#   unit: mas
#   datatype: float32
#   format: '{:7.4f}'
#   description: '? Standard error of parallax (parallax_error)'
#   meta: !!omap
#   - {ucd: ERROR}
#   - {width: 7}
#   - {precision: '4'}
#   - values: {'null': .nan}
# - name: pmRA
#   unit: mas / yr
#   datatype: float64
#   format: '{:9.3f}'
#   description: '? Proper motion in right ascension direction, pmRA*cosDE (pmra)'
#   meta: !!omap
#   - {ucd: POS_EQ_PMRA}
#   - {width: 9}
#   - {precision: '3'}
#   - values: {'null': .nan}
# - name: pmDE
#   unit: mas / yr
#   datatype: float64
#   format: '{:9.3f}'
#   description: '? Proper motion in declination direction (pmdec)'
#   meta: !!omap
#   - {ucd: POS_EQ_PMDEC}
#   - {width: 9}
#   - {precision: '3'}
#   - values: {'null': .nan}
# - name: e_pmRA
#   unit: mas / yr
#   datatype: float32
#   format: '{:6.3f}'
#   description: '? Standard error of proper motion in right ascension direction (pmra_error)'
#   meta: !!omap
#   - {ucd: ERROR}
#   - {width: 6}
#   - {precision: '3'}
#   - values: {'null': .nan}
# - name: e_pmDE
[...]
#         value: !astropy.table.SerializedColumn {name: SkyCoord.dec}
#       distance: !astropy.table.SerializedColumn
#         __class__: astropy.coordinates.distances.Distance
#         unit: !astropy.units.Unit {unit: pc}
#         value: !astropy.table.SerializedColumn {name: SkyCoord.distance}
#       frame: icrs
#       obstime: !astropy.time.Time {format: jyear_str, in_subfmt: '*', jd1: 367701545.0, jd2: 0.0, out_subfmt: '*', precision: 3, scale: tt}
#       pm_dec: !astropy.table.SerializedColumn
#         __class__: astropy.units.quantity.Quantity
#         unit: !astropy.units.Unit {unit: mas / yr}
#         value: !astropy.table.SerializedColumn {name: SkyCoord.pm_dec}
#       pm_ra_cosdec: !astropy.table.SerializedColumn
#         __class__: astropy.units.quantity.Quantity
#         unit: !astropy.units.Unit {unit: mas / yr}
#         value: !astropy.table.SerializedColumn {name: SkyCoord.pm_ra_cosdec}
#       ra: !astropy.table.SerializedColumn
#         __class__: astropy.coordinates.angles.Longitude
#         unit: *id001
#         value: !astropy.table.SerializedColumn {name: SkyCoord.ra}
#         wrap_angle: !astropy.coordinates.Angle
#           unit: *id001
#           value: 360.0
#       representation_type: spherical
# schema: astropy-2.0
RA_ICRS_1 DE_ICRS_1 e_RA_ICRS e_DE_ICRS _r_1 HIP TYC2 Source rgeo Plx e_Plx pmRA pmDE e_pmRA e_pmDE RUWE Teff logg Gmag BP-RP BPmag RPmag RV e_RV b_rgeo B_rgeo FG e_FG FBP e_FBP FRP e_FRP RAVE5 RAVE6 e_Gmag e_BPmag e_RPmag e_BP-RP SkyCoord.ra SkyCoord.dec SkyCoord.distance SkyCoord.pm_ra_cosdec SkyCoord.pm_dec rmRA rmDE e_rmRA e_rmDE rRV e_rRV v_pec v_pec3d e_vpec e_vpec3d
[from data line 698]
168.47837881882 -59.00893465109 0.0225 0.0217 8.2644 "" "" 5339353091598899456 2752.20752 0.3304 0.0278 -3.794 1.932 0.03 0.028 0.951 7198.9 4.1975 15.433304 0.750281 15.724365 14.974084 "" "" 2536.00659 2989.55713 12636.45301 3.9254 7009.2 8.2005 8119.4 9.1892 "" "" 0.0027758860274582848 0.0030657193 0.0039741234 0.0070398427 168.47837881882 -59.00893465109 2752.20752 -3.794 1.932000000000001 2.2320000228881836 0.06565793228149408 0.11639262 0.11439262 "" "" 29.130070665297872 "" 3.390475304166879 ""
168.16666750191 -58.74447535081 0.0199 0.0184 10.5616 "" "" 5339407105112621568 2484.80518 0.3721 0.0237 -7.256 1.311 0.024 0.024 0.909 7081.6 4.1938 15.435278 0.775729 15.740092 14.964363 "" "" 2351.86914 2639.49976 12613.49381 3.4597 6908.4 10.152 8192.4 9.4979 "" "" 0.002771367050631778 0.0032141388 0.0039834897 0.0071976287 168.16666750191 -58.74447535081 2484.80518 -7.256000000000002 1.3110000000000004 -1.2299999771118166 -0.5553420677185059 0.110392615 0.110392615 "" "" 15.895053581571663 "" 1.7546965335993427 ""
168.20589001212 -59.22975500876 0.0207 0.0221 19.6171 "" "" 5339324160696471168 2338.34155 0.3984 0.0252 -4.681 1.673 0.026 0.029 0.892 9252.1 4.0601 15.435658 1.062455 15.860218 14.797763 "" "" 2215.03857 2502.17358 12609.08306 3.2617 6184.9 15.06 9551.1 27.703 "" "" 0.0027695974250083874 0.0038437406 0.0049194586 0.0087632 168.20589001212 -59.22975500876 2338.34155 -4.681 1.673 1.3450000228881835 -0.19334206771850582 0.11239262 0.11539262 "" "" 15.060864984605312 "" 1.6936567557077338 ""
167.99109243668 -58.8975234913 0.0207 0.0189 9.5884 "" "" 5339381713263497088 2399.31812 0.385 0.0253 -6.735 0.833 0.026 0.023 0.923 5367.2 4.1985 15.43701 1.018989 15.861034 14.842046 "" "" 2276.79468 2524.01904 12593.39592 3.1886 6180.2 12.847 9169.4 11.721 "" "" 0.002769000138601604 0.0035887195 0.004026152 0.0076148715 167.99109243668 -58.8975234913 2399.31812 -6.735000000000002 0.8329999999999999 -0.7089999771118167 -1.033342067718506 0.11239262 0.10939262 "" "" 14.252200967674533 "" 1.5728976924166573 ""
168.46454727196 -58.60493756917 0.0242 0.0219 18.7988 "" "" 5339368038085917824 2409.28467 0.3841 0.0294 -6.216 2.577 0.03 0.029 1.043 6761.4 4.2346 15.440558 0.80796 15.748694 14.940734 "" "" 2252.83032 2675.3916 12552.30422 3.718 6853.9 16.289 8372.7 25.111 "" "" 0.0027740247287831566 0.0038004378 0.004988701 0.008789139 168.46454727196 -58.60493756917 2409.28467 -6.216 2.577 -0.1899999771118166 0.7106579322814941 0.11639262 0.11539262 "" "" 8.400770995113037 "" 0.9699496528861007 ""
168.33295168761 -59.04945401297 0.0249 0.0211 8.6432 "" "" 5339332299610728960 2615.51855 0.3418 0.0282 -6.148 1.916 0.034 0.029 0.952 7580.3 4.2157 15.4412 0.807795 15.720101 14.912306 "" "" 2477.19629 2799.02881 12544.88293 4.5265 7036.8 26.67 8594.8 69.205 "" "" 0.0027830316945925255 0.0049717654 0.009524266 0.014496032 168.33295168761 -59.04945401297 2615.51855 -6.148000000000001 1.916 -0.1219999771118161 0.049657932281494066 0.12039262 0.11539262 "" "" 1.632994388733693 "" 0.19546079503868477 ""
168.03922542046 -58.83661895044 0.0213 0.0195 9.1085 "" "" 5339405765082886016 2510.51489 0.3634 0.0258 -8.007 3.877 0.027 0.025 1.033 6964.9 4.0957 15.442073 0.7342 15.723854 14.989655 "" "" 2389.93921 2719.97168 12534.80094 4.3584 7012.5 12.912 8003.8 11.432 "" "" 0.002781062170760196 0.0034324394 0.0040851743 0.0075176135 168.03922542046 -58.83661895044 2510.51489 -8.007 3.877 -1.980999977111816 2.010657932281494 0.11339262 0.11139262 "" "" 33.58856478624183 "" 3.7747570843238605 ""
168.49898196613 -59.20210786063 0.0227 0.0205 18.7742 "" "" 5339326497159103104 2736.22192 0.3305 0.027 -7.671 2.304 0.028 0.025 1.063 15591.9 4.294 15.443842 1.214768 15.909686 14.694918 "" "" 2542.57153 2959.52905 12514.39775 4.9675 5909.4 28.462 10500.0 37.749 "" "" 0.0027888221503015267 0.005927139 0.005433238 0.011360377 168.49898196613 -59.20210786063 2736.22192 -7.671 2.3039999999999994 -1.6449999771118167 0.43765793228149397 0.11439262 0.11139262 "" "" 22.07733166153937 "" 2.52115930359343 ""
168.38384646854 -58.9251337112 0.0221 0.0211 2.8297 "" "" 5339356836810868736 2788.94751 0.3261 0.0267 -6.036 1.816 0.028 0.028 1.025 5671.6 3.9088 15.44558 1.169856 15.944383 14.774527 "" "" 2602.30688 3016.37402 12494.38258 10.552 5723.5 19.267 9757.7 27.859 "" "" 0.002903890734288292 0.004598197 0.0048880335 0.00948623 168.38384646854 -58.9251337112 2788.94751 -6.036 1.815999999999998 -0.009999977111815994 -0.0503420677185058 0.11439262 0.11439262 "" "" 0.6785052632077525 "" 0.07761599698480194 ""
168.2392568721 -58.99491697403 0.0238 0.0244 5.6338 "" "" 5339333369107096064 2474.20142 0.3658 0.0285 -6.528 2.809 0.031 0.033 0.958 7030.9 4.1905 15.445631 0.758581 15.740711 14.98213 "" "" 2331.90063 2617.54004 12493.7892 3.8956 6904.5 10.474 8059.5 9.5105 "" "" 0.002776039594298066 0.00324003 0.0039906413 0.007230671 168.2392568721 -58.99491697403 2474.20142 -6.528000000000003 2.808999999999999 -0.501999977111816 0.9426579322814943 0.117392614 0.11939262 "" "" 12.5251112332922 "" 1.4899075109213404 ""
167.79713388614 -58.7061735499 0.0207 0.0191 19.7116 "" "" 5339410334927771520 2790.62305 0.3331 0.025 -7.971 1.468 0.025 0.024 0.945 7191.7 4.2478 15.447275 0.753997 15.740891 14.986894 "" "" 2573.71533 3041.40698 12474.89327 5.1841 6903.4 13.984 8024.2 9.1345 "" "" 0.002792017747771791 0.0035527667 0.0039763483 0.0075291153 167.79713388614 -58.7061735499 2790.62305 -7.971000000000003 1.4680000000000013 -1.9449999771118165 -0.3983420677185059 0.11139262 0.110392615 "" "" 26.26161165132291 "" 2.9242970255895555 ""
168.0372548337 -58.72259891867 0.0304 0.0301 13.721 "" "" 5339408067185276160 2605.12866 0.3512 0.0376 -6.576 0.682 0.037 0.038 1.68 5313.9 4.1987 15.447577 0.988721 15.8492 14.860479 "" "" 2412.95801 2877.28418 12471.4282 5.2471 6247.9 10.945 9015.0 9.8521 "" "" 0.0027929298140560227 0.0033767703 0.003961267 0.0073380372 168.0372548337 -58.72259891867 2605.12866 -6.576 0.6819999999999997 -0.549999977111816 -1.184342067718506 0.12339262 0.124392614 "" "" 16.124671081099255 "" 2.002938919307988 ""
168.4588374022 -58.6298526829 0.0214 0.0202 17.3131 "" "" 5339367900646955520 2930.04028 0.3172 0.026 -9.832 2.786 0.028 0.026 0.979 6756.6 4.0544 15.448362 0.796816 15.763452 14.966636 "" "" 2718.58936 3150.44873 12462.40601 3.4322 6761.4 8.5217 8175.3 11.254 "" "" 0.0027714978263098634 0.0031076637 0.0040641828 0.0071718465 168.4588374022 -58.6298526829 2930.04028 -9.832 2.786000000000001 -3.805999977111817 0.9196579322814942 0.11439262 0.11239262 "" "" 54.38046693931724 "" 6.214773968102422 ""
168.64973322932 -58.66504885367 0.0238 0.0218 18.1096 "" "" 5339364499033266048 2855.66504 0.3238 0.0286 -7.575 3.749 0.029 0.029 1.03 "" "" 15.450782 1.182125 15.954269 14.772144 "" "" 2655.04468 3101.24219 12434.65762 3.647 5671.6 10.93 9779.1 11.389 "" "" 0.002773660540934901 0.003487559 0.0039853016 0.0074728606 168.64973322932 -58.66504885367 2855.66504 -7.575 3.7489999999999997 -1.5489999771118166 1.8826579322814943 0.11539262 0.11539262 "" "" 33.00029078692885 "" 3.807989944747801 ""
168.83650339751 -58.89694501985 0.0201 0.0209 16.6357 "" "" 5339348934069898368 2463.98779 0.3748 0.0258 -5.229 -0.353 0.026 0.025 1.021 5617.9 4.1589 15.45432 0.964368 15.832058 14.86769 "" "" 2300.30933 2602.87158 12394.20476 3.8742 6347.4 12.698 8955.3 14.161 "" "" 0.002776142816769224 0.0035359182 0.0041510696 0.0076869875 168.83650339751 -58.89694501985 2463.98779 -5.228999999999999 -0.3529999999999993 0.7970000228881835 -2.2193420677185056 0.11239262 0.11139262 "" "" 27.54109269864388 "" 3.0710329755328103 ""
168.51092783687 -58.9508720246 0.0398 0.0366 7.0552 "" "" 5339353675714551552 2898.90918 0.328 0.0482 -7.381 2.021 0.051 0.047 1.862 6623.4 4.2081 15.455365 0.957121 15.831991 14.87487 "" "" 2536.85132 3288.37866 12382.28696 4.7704 6347.8 9.9947 8896.3 11.798 "" "" 0.0027868901175767758 0.0032722258 0.004044373 0.0073165987 168.51092783687 -58.9508720246 2898.90918 -7.381000000000005 2.021 -1.3549999771118166 0.15465793228149405 0.13739261 0.13339262 "" "" 18.73971091776907 "" 2.573747679595969 ""
167.84214325028 -58.76055337208 0.02 0.0196 16.6949 "" "" 5339409888251147136 2548.25781 0.3577 0.0245 -5.756 0.677 0.025 0.023 0.987 6674.0 4.2327 15.456526 0.800628 15.775855 14.975227 "" "" 2406.53613 2694.57007 12369.05206 3.4491 6684.6 10.253 8110.9 10.778 "" "" 0.0027719038547714034 0.003249364 0.0040454017 0.0072947657 167.84214325028 -58.76055337208 2548.25781 -5.756 0.6769999999999998 0.27000002288818337 -1.1893420677185058 0.11139262 0.10939262 "" "" 14.731285298532944 "" 1.612950420493243 ""
168.37998798602 -59.00182303236 0.0228 0.0205 6.2371 "" "" 5339332784991491072 2719.4751 0.3341 0.0274 -3.822 4.964 0.029 0.026 0.953 4754.3 2.8416 15.457326 1.518408 16.166264 14.647856 "" "" 2531.14209 2927.05225 12359.94054 3.3784 4665.6 7.7769 10965.0 11.126 "" "" 0.002771256290360689 0.003325705 0.003936677 0.0072623817 168.37998798602 -59.00182303236 2719.4751 -3.822 4.963999999999996 2.2040000228881835 3.0976579322814946 0.11539262 0.11239262 "" "" 49.005400590617754 "" 5.557690630815104 ""
168.06667783367 -58.94052685343 0.0214 0.0187 7.5111 "" "" 5339381438358847872 2508.58179 0.3699 0.0252 -4.777 2.215 0.027 0.024 0.928 5960.3 3.9028 15.458502 0.903673 15.795866 14.892193 "" "" 2363.21021 2709.65479 12346.5637 3.791 6562.5 18.055 8755.5 23.247 "" "" 0.0027754148776245333 0.0040875333 0.004753325 0.008840859 168.06667783367 -58.94052685343 2508.58179 -4.777 2.2149999999999976 1.2490000228881835 0.348657932281494 0.11339262 0.110392615 "" "" 15.419249346922802 "" 1.7451261800264468 ""
167.99308775761 -58.64821784612 0.0215 0.0195 18.1962 "" "" 5339411640597903232 2656.52246 0.3395 0.0252 -5.674 1.229 0.027 0.024 0.978 6118.6 4.1736 15.459243 0.926076 15.830175 14.904099 "" "" 2478.6582 2846.11572 12338.13642 3.2908 6358.4 11.166 8660.0 10.218 "" "" 0.0027704961541673355 0.0033794104 0.0039905966 0.007370007 167.99308775761 -58.64821784612 2656.52246 -5.673999999999998 1.2290000000000005 0.3520000228881832 -0.6373420677185058 0.11339262 0.110392615 "" "" 9.167995528402194 "" 1.0185741179616647 ""
168.78412732379 -59.03510971989 0.0254 0.0223 16.847 "" "" 5339341787243633024 2418.54907 0.3843 0.0308 -7.439 0.378 0.032 0.025 1.122 6427.2 4.2277 15.459677 0.903689 15.814133 14.910443 "" "" 2289.50732 2603.08228 12333.20774 3.6993 6453.0 12.265 8609.6 15.052 "" "" 0.0027744991429735242 0.0034703868 0.004229277 0.0076996638 168.78412732379 -59.03510971989 2418.54907 -7.438999999999998 0.3779999999999999 -1.4129999771118165 -1.4883420677185057 0.11839262 0.11139262 "" "" 23.526837885554894 "" 2.7000387792657907 ""
168.73491481518 -58.67828698024 0.023 0.0216 19.2388 "" "" 5339457476473689088 2919.61548 0.3076 0.0283 -8.826 2.693 0.029 0.027 1.033 "" "" 15.461212 1.06245 15.906197 14.843747 "" "" 2656.05737 3232.82568 12315.77732 9.5775 5928.4 9.1871 9155.0 52.319 "" "" 0.0028817860033671636 0.0032582185 0.0072651803 0.010523399 168.73491481518 -58.67828698024 2919.61548 -8.826000000000002 2.692999999999999 -2.799999977111817 0.8266579322814942 0.11539262 0.11339262 "" "" 40.402617047399445 "" 4.655736890091461 ""
168.63871351181 -58.85903937336 0.0205 0.0226 10.8799 "" "" 5339360788181150080 2964.59497 0.3129 0.0264 -6.206 2.561 0.026 0.026 0.994 7443.7 4.2633 15.463723 0.700312 15.728242 15.02793 "" "" 2754.24609 3185.04736 12287.32362 4.3136 6984.3 15.945 7726.6 8.5855 "" "" 0.0027815592860673762 0.0037321653 0.0039672656 0.007699431 168.63871351181 -58.85903937336 2964.59497 -6.206 2.561 -0.1799999771118168 0.6946579322814941 0.11239262 0.11239262 "" "" 10.08384325384365 "" 1.133349555428164 ""
168.63726500039 -59.02189358621 0.0306 0.0282 12.5242 "" "" 5339352473123665152 2443.96851 0.3825 0.0387 -5.56 1.438 0.042 0.036 1.333 5789.4 4.2437 15.465601 0.935257 15.820304 14.885047 "" "" 2235.51709 2728.16553 12266.10124 5.2266 6416.5 25.361 8813.3 17.743 "" "" 0.0027938896044355384 0.005118653 0.004365948 0.009484601 168.63726500039 -59.02189358621 2443.96851 -5.56 1.4380000000000004 0.466000022888184 -0.4283420677185059 0.12839262 0.12239262 "" "" 7.332419083251965 "" 0.9215411509351956 ""
168.54962975929 -59.11242687299 0.0222 0.0204 14.5696 "" "" 5339327940268299776 2814.89844 0.3205 0.0282 -6.38 2.342 0.029 0.025 1.016 7914.8 4.1796 15.466471 0.730404 15.748136 15.017733 "" "" 2611.78833 3033.5813 12256.27462 3.8665 6857.4 9.2181 7799.5 14.812 "" "" 0.002776528083817998 0.0031488426 0.004305256 0.0074540987 168.54962975929 -59.11242687299 2814.89844 -6.380000000000002 2.3420000000000023 -0.3539999771118163 0.4756579322814942 0.11539262 0.11139262 "" "" 7.911244109155809 "" 0.8926627296169821 ""
168.32667842435 -59.02598285146 0.0338 0.0304 7.222 "" "" 5339332338314832768 2625.27197 0.3523 0.0417 -7.165 2.338 0.045 0.04 1.548 7038.2 3.9532 15.471127 0.861869 15.779859 14.91799 "" "" 2407.21094 3063.97534 12203.82148 5.237 6660.0 15.432 8549.9 49.821 "" "" 0.002794435637750132 0.0037568852 0.0073695704 0.011126456 168.32667842435 -59.02598285146 2625.27197 -7.165 2.338000000000002 -1.1389999771118164 0.4716579322814942 0.13139263 0.12639262 "" "" 15.34063417087874 "" 2.004602003098545 ""
168.64513750943 -58.6685761506 0.0224 0.0217 17.8542 "" "" 5339364499033263744 2796.93896 0.335 0.028 -8.512 5.277 0.028 0.028 1.041 5502.0 4.1646 15.472959 1.076299 15.915757 14.839458 "" "" 2608.95239 2992.60864 12183.2411 3.7231 5876.4 15.314 9191.3 14.941 "" "" 0.0027752252972697 0.0039737667 0.004171175 0.008144941 168.64513750943 -58.6685761506 2796.93896 -8.512000000000013 5.277 -2.485999977111817 3.4106579322814943 0.11439262 0.11439262 "" "" 55.95349564537891 "" 6.400667149977734 ""
168.70270735991 -58.68890376005 0.0224 0.0218 18.0826 "" "" 5339363674399554432 2715.84473 0.3391 0.0286 -8.019 3.403 0.03 0.029 0.998 5806.7 3.9645 15.474487 1.073997 15.923049 14.849051 "" "" 2529.33813 2945.61353 12166.11573 3.4224 5837.1 13.321 9110.4 14.38 "" "" 0.002772196459181515 0.0037315516 0.004149776 0.0078813275 168.70270735991 -58.68890376005 2715.84473 -8.018999999999998 3.403 -1.9929999771118165 1.5366579322814942 0.11639262 0.11539262 "" "" 32.39668619259017 "" 3.7586890994911295 ""
168.77517791011 -59.17673136843 0.2026 0.2001 21.8669 "" "" 5339315914314280576 2910.80322 0.7046 0.2598 -8.238 3.133 0.247 0.224 11.023 "" "" 15.475948 1.843254 16.164862 14.321608 8.96 5.15 1766.14954 6632.13574 12149.74753 16.515 4671.7 19.855 14809.0 19.242 "" "" 0.0031256769042001743 0.0053924136 0.004034096 0.00942651 168.77517791011 -59.17673136843 2910.80322 -8.238000000000001 3.133 -2.211999977111816 1.2666579322814941 0.33339262 0.31039262 4.280000000000001 7.9100003 35.168987173887245 35.4284639638391 11.53061616022007 11.485985411708647
167.81503529939 -59.16560274167 0.0223 0.0198 21.587 "" "" 5339373810522968320 2375.79932 0.3934 0.0258 -4.645 -2.537 0.027 0.025 1.017 5242.9 3.6694 15.477903 1.364906 16.087027 14.72212 "" "" 2244.80664 2537.09302 12127.8947 3.3328 5018.9 10.708 10240.0 14.23 "" "" 0.0027714276438084258 0.0036264334 0.00406942 0.0076958537 167.81503529939 -59.16560274167 2375.79932 -4.645 -2.5370000000000004 1.381000022888184 -4.403342067718506 0.11339262 0.11139262 "" "" 51.96884360655536 "" 5.798329350507675 ""
