Clusters/UBC_267/UBC_267_stars_in_region.tsv
# %ECSV 1.0
# ---
# datatype:
# - name: RA_ICRS_1
#   unit: deg
#   datatype: float64
#   format: '{:15.11f}'
#   description: Right ascension (ICRS) at Ep=2016.0 (ra)
#   meta: !!omap
#   - {ucd: POS_EQ_RA_MAIN}
#   - {width: 15}
#   - {precision: '11'}
# - name: DE_ICRS_1
#   unit: deg
#   datatype: float64
#   format: '{:15.11f}'
#   description: Declination (ICRS) at Ep=2016.0 (dec)
#   meta: !!omap
#   - {ucd: POS_EQ_DEC_MAIN}
#   - {width: 15}
#   - {precision: '11'}
# - name: e_RA_ICRS
#   unit: mas
#   datatype: float64
#   format: '{:7.4f}'
#   description: Standard error of right ascension (ra_error)
#   meta: !!omap
#   - {ucd: ERROR}
#   - {width: 7}
#   - {precision: '4'}
# - name: e_DE_ICRS
#   unit: mas
#   datatype: float64
#   format: '{:7.4f}'
#   description: Standard error of declination (dec_error)
#   meta: !!omap
#   - {ucd: ERROR}
#   - {width: 7}
#   - {precision: '4'}
# - name: _r_1
#   unit: ''
#   datatype: float64
#   format: '{:7.4f}'
#   description: Distance from center (168.30001449000-58.90640360000)[ICRS], at Epoch=J2016.0
#   meta: !!omap
#   - {ucd: POS_ANG_DIST_GENERAL}
#   - {width: 7}
#   - {precision: '4'}
# - name: HIP
#   datatype: int32
#   description: '? HIP cross-id number, van Leeuwen, Cat. I/311 (hip_original_ext_source_id)'
#   meta: !!omap
#   - {ucd: ID_NUMBER}
#   - {width: 6}
#   - values: {'null': -2147483648}
# - name: TYC2
#   datatype: string
#   description: Tycho-2 cross-id name, Hog et al., Cat. I/259 (tyc2_original_ext_source_id)
#   meta: !!omap
#   - {ucd: ID_CROSSID}
#   - {_votable_string_dtype: char}
# - name: Source
#   datatype: int64
#   description: Source identifier, identical to the Gaia-EDR3 source_id (id)
#   meta: !!omap
#   - {ucd: ID_MAIN}
#   - {width: 19}
# - name: rgeo
#   unit: pc
#   datatype: float64
#   format: '{:15.8f}'
#   description: '? Median of the geometric distance posterior (r_med_geo)'
#   meta: !!omap
#   - {ucd: PHYS_DISTANCE_TRUE}
#   - {width: 15}
#   - {precision: '8'}
#   - values: {'null': .nan}
# - name: Plx
#   unit: mas
#   datatype: float64
#   format: '{:9.4f}'
#   description: '? Parallax (parallax)'
#   meta: !!omap
#   - {ucd: POS_PARLX_TRIG}
#   - {width: 9}
#   - {precision: '4'}
#   - values: {'null': .nan}
# - name: e_Plx
#   unit: mas
#   datatype: float32
#   format: '{:7.4f}'
#   description: '? Standard error of parallax (parallax_error)'
#   meta: !!omap
#   - {ucd: ERROR}
#   - {width: 7}
#   - {precision: '4'}
#   - values: {'null': .nan}
# - name: pmRA
#   unit: mas / yr
#   datatype: float64
#   format: '{:9.3f}'
#   description: '? Proper motion in right ascension direction, pmRA*cosDE (pmra)'
#   meta: !!omap
#   - {ucd: POS_EQ_PMRA}
#   - {width: 9}
#   - {precision: '3'}
#   - values: {'null': .nan}
# - name: pmDE
#   unit: mas / yr
#   datatype: float64
#   format: '{:9.3f}'
#   description: '? Proper motion in declination direction (pmdec)'
#   meta: !!omap
#   - {ucd: POS_EQ_PMDEC}
#   - {width: 9}
#   - {precision: '3'}
#   - values: {'null': .nan}
# - name: e_pmRA
#   unit: mas / yr
#   datatype: float32
#   format: '{:6.3f}'
#   description: '? Standard error of proper motion in right ascension direction (pmra_error)'
#   meta: !!omap
#   - {ucd: ERROR}
#   - {width: 6}
#   - {precision: '3'}
#   - values: {'null': .nan}
# - name: e_pmDE
[...]
#         value: !astropy.table.SerializedColumn {name: SkyCoord.dec}
#       distance: !astropy.table.SerializedColumn
#         __class__: astropy.coordinates.distances.Distance
#         unit: !astropy.units.Unit {unit: pc}
#         value: !astropy.table.SerializedColumn {name: SkyCoord.distance}
#       frame: icrs
#       obstime: !astropy.time.Time {format: jyear_str, in_subfmt: '*', jd1: 367701545.0, jd2: 0.0, out_subfmt: '*', precision: 3, scale: tt}
#       pm_dec: !astropy.table.SerializedColumn
#         __class__: astropy.units.quantity.Quantity
#         unit: !astropy.units.Unit {unit: mas / yr}
#         value: !astropy.table.SerializedColumn {name: SkyCoord.pm_dec}
#       pm_ra_cosdec: !astropy.table.SerializedColumn
#         __class__: astropy.units.quantity.Quantity
#         unit: !astropy.units.Unit {unit: mas / yr}
#         value: !astropy.table.SerializedColumn {name: SkyCoord.pm_ra_cosdec}
#       ra: !astropy.table.SerializedColumn
#         __class__: astropy.coordinates.angles.Longitude
#         unit: *id001
#         value: !astropy.table.SerializedColumn {name: SkyCoord.ra}
#         wrap_angle: !astropy.coordinates.Angle
#           unit: *id001
#           value: 360.0
#       representation_type: spherical
# schema: astropy-2.0
RA_ICRS_1 DE_ICRS_1 e_RA_ICRS e_DE_ICRS _r_1 HIP TYC2 Source rgeo Plx e_Plx pmRA pmDE e_pmRA e_pmDE RUWE Teff logg Gmag BP-RP BPmag RPmag RV e_RV b_rgeo B_rgeo FG e_FG FBP e_FBP FRP e_FRP RAVE5 RAVE6 e_Gmag e_BPmag e_RPmag e_BP-RP SkyCoord.ra SkyCoord.dec SkyCoord.distance SkyCoord.pm_ra_cosdec SkyCoord.pm_dec rmRA rmDE e_rmRA e_rmDE rRV e_rRV v_pec v_pec3d e_vpec e_vpec3d
[from data line 1045]
168.1940720499 -58.67422488973 0.0313 0.0264 14.3148 "" "" 5339413564727617920 2422.24756 0.3861 0.0356 -7.275 0.473 0.041 0.035 1.017 6117.7 3.7935 15.919947 1.044286 16.204714 15.160428 "" "" 2198.81201 2626.20825 8071.7561 5.3094 4503.3 41.02 6838.9 51.004 "" "" 0.002846371099635816 0.010275889 0.008935917 0.019211806 168.1940720499 -58.67422488973 2422.24756 -7.275000000000001 0.473 -1.2489999771118168 -1.393342067718506 0.12739262 0.12139262 "" "" 21.48413745326457 "" 2.6662173915357044 ""
168.77365127109 -58.96131953569 0.0282 0.0253 15.0301 "" "" 5339342577517784192 2931.01709 0.3112 0.0344 -8.598 2.043 0.034 0.03 1.014 6826.5 4.2983 15.920456 0.986434 16.328218 15.341784 "" "" 2698.52368 3194.50635 8067.97237 2.905 4019.1 8.4208 5786.9 7.7536 "" "" 0.0027829158474911068 0.0035999857 0.0040496862 0.007649672 168.77365127109 -58.96131953569 2931.01709 -8.598 2.043 -2.571999977111817 0.1766579322814943 0.12039262 0.11639262 "" "" 35.817037812318524 "" 4.3114454542395935 ""
168.92137738074 -58.84378209215 0.0351 0.0337 19.6339 "" "" 5339349896142764544 2865.40161 0.3263 0.0441 -8.097 2.953 0.043 0.04 1.67 6234.2 3.9292 15.921068 1.003657 16.234838 15.231181 "" "" 2479.43555 3199.66162 8063.4257 5.3101 4380.1 24.32 6407.5 46.213 "" "" 0.0028465799866174844 0.006642812 0.00869502 0.015337832 168.92137738074 -58.84378209215 2865.40161 -8.097000000000007 2.9530000000000016 -2.070999977111816 1.086657932281494 0.12939262 0.12639262 "" "" 31.765244347673985 "" 4.089803932058462 ""
168.9084034246 -58.75386958335 0.0273 0.0262 20.9931 "" "" 5339445072606767744 2732.77661 0.3325 0.0339 -7.609 2.17 0.036 0.034 1.021 7091.1 4.3683 15.921981 1.074882 16.37197 15.297088 "" "" 2482.03345 3057.61182 8056.64664 2.7821 3860.4 13.758 6030.1 9.5132 "" "" 0.002780711612435078 0.0047704885 0.004149419 0.008919908 168.9084034246 -58.75386958335 2732.77661 -7.609 2.17 -1.5829999771118164 0.30365793228149407 0.12239262 0.12039262 "" "" 20.87902238430574 "" 2.553967861772247 ""
168.37710913303 -59.11083925167 0.0282 0.0268 12.4952 "" "" 5339330379809633920 2703.45972 0.332 0.035 -7.303 2.041 0.038 0.036 0.986 6896.4 4.1707 15.922132 1.251226 16.456272 15.205046 "" "" 2488.07935 3011.47998 8055.52799 3.106 3572.0 14.788 6563.6 15.168 "" "" 0.002786941260313598 0.0052904994 0.0045364187 0.009826918 168.37710913303 -59.11083925167 2703.45972 -7.302999999999997 2.0409999999999986 -1.2769999771118163 0.17465793228149407 0.124392614 0.12239262 "" "" 16.516335424210308 "" 2.053908340660877 ""
167.82458625708 -58.73405127981 0.027 0.0245 18.029 "" "" 5339409991330376960 2334.03052 0.398 0.032 -8.651 2.112 0.032 0.029 1.041 6048.5 4.4051 15.922756 0.877668 16.277802 15.400133 "" "" 2162.64624 2531.00195 8050.89933 2.6363 4210.1 9.0231 5484.1 10.662 "" "" 0.002778163082868302 0.0036331473 0.004328905 0.007962053 167.82458625708 -58.73405127981 2334.03052 -8.650999999999998 2.111999999999998 -2.624999977111816 0.24565793228149424 0.11839262 0.11539262 "" "" 29.168067993275884 "" 3.4525337274897274 ""
168.31298563539 -58.96464747399 0.0278 0.0271 3.5176 "" "" 5339333643985038208 2990.76489 0.3083 0.0336 -7.256 1.551 0.037 0.037 0.929 6952.3 4.2409 15.924475 1.052221 16.362623 15.310402 "" "" 2721.93701 3312.67603 8038.16685 2.8577 3893.7 7.9728 5956.6 12.893 "" "" 0.0027822262836347264 0.0035675669 0.004450453 0.00801802 168.31298563539 -58.96464747399 2990.76489 -7.256 1.551 -1.2299999771118166 -0.3153420677185059 0.12339262 0.12339262 "" "" 18.000683891237625 "" 2.2211515325978577 ""
168.53153904264 -59.18363596504 0.0264 0.0247 18.1036 "" "" 5339326256640987776 2765.58594 0.3249 0.0324 -10.715 4.703 0.032 0.03 1.037 4918.4 3.4975 15.924672 1.855427 16.839708 14.984282 "" "" 2541.56396 3023.31567 8036.70007 2.8048 2509.2 8.0002 8043.5 9.0929 "" "" 0.0027812533825391844 0.004446171 0.0039736894 0.00841986 168.53153904264 -59.18363596504 2765.58594 -10.715 4.702999999999999 -4.688999977111816 2.8366579322814944 0.11839262 0.11639262 "" "" 71.84017503123324 "" 8.467090184291491 ""
168.87365307439 -58.75182391769 0.028 0.0267 20.0843 "" "" 5339445347484656512 2555.32837 0.3649 0.0351 -5.947 2.635 0.037 0.036 0.992 7023.7 4.3432 15.924766 0.978522 16.322834 15.344312 "" "" 2357.42554 2766.67773 8036.00958 2.9593 4039.1 11.552 5773.4 10.852 "" "" 0.002784178798994134 0.0041746423 0.004295187 0.008469829 168.87365307439 -58.75182391769 2555.32837 -5.947 2.635 0.07900002288818353 0.7686579322814939 0.12339262 0.12239262 "" "" 9.359224678307296 "" 1.1455982269998843 ""
168.82457882566 -59.1384270959 0.0284 0.0261 21.3596 "" "" 5339338901025420544 3048.80078 0.3013 0.0358 -5.005 2.356 0.036 0.03 1.043 7876.4 4.1403 15.925813 1.20442 16.442856 15.238436 "" "" 2705.00269 3469.70068 8028.26337 2.701 3616.4 8.0099 6364.8 7.2825 "" "" 0.0027794279495810185 0.0036834772 0.003978315 0.007661792 168.82457882566 -59.1384270959 3048.80078 -5.004999999999999 2.356 1.0210000228881837 0.489657932281494 0.12239262 0.11639262 "" "" 16.363879784720343 "" 1.9848276113701024 ""
168.55090267115 -59.05717951459 0.0271 0.0254 11.9169 "" "" 5339329245938439680 2574.26611 0.3606 0.0348 -7.381 2.042 0.035 0.031 0.962 6916.6 4.3778 15.929717 0.918832 16.298792 15.37996 "" "" 2396.85669 2767.08691 7999.4492 2.8484 4129.5 7.8359 5586.9 8.6536 "" "" 0.002782310422225319 0.0034683708 0.004136649 0.00760502 168.55090267115 -59.05717951459 2574.26611 -7.3809999999999985 2.042 -1.3549999771118166 0.17565793228149396 0.12139262 0.117392614 "" "" 16.672090450115814 "" 2.022784428887342 ""
168.42643635179 -59.06686064879 0.0286 0.0252 10.3905 "" "" 5339331994717435136 2599.30786 0.3618 0.0338 -11.144 3.627 0.038 0.032 1.007 6780.3 4.3559 15.93078 0.903849 16.297474 15.393625 "" "" 2373.20801 2855.53711 7991.61492 2.8853 4134.5 9.9708 5517.1 8.8394 "" "" 0.0027830647887660286 0.0038263455 0.004160499 0.0079868445 168.42643635179 -59.06686064879 2599.30786 -11.143999999999998 3.627 -5.1179999771118165 1.760657932281494 0.124392614 0.11839262 "" "" 66.68439497548407 "" 8.253624069637288 ""
168.45428351789 -59.07361880329 0.0349 0.0349 11.1085 "" "" 5339329039780129536 2960.29199 0.3133 0.0428 -9.161 4.093 0.045 0.038 1.106 "" "" 15.932674 0.951997 16.282486 15.330489 "" "" 2679.19409 3281.73242 7977.68632 4.5712 4192.0 4.7171 5847.4 23.801 "" "" 0.0028246820648409306 0.0030459305 0.0058150003 0.008860931 168.45428351789 -59.07361880329 2960.29199 -9.161 4.093 -3.134999977111816 2.226657932281494 0.13139263 0.124392614 "" "" 53.9562336101582 "" 6.965088507786937 ""
167.65556194755 -58.95790933746 0.0277 0.0248 20.1921 "" "" 5339389547284726656 2311.01099 0.4139 0.0329 -5.692 2.351 0.033 0.029 0.951 7717.2 4.0601 15.933908 1.073319 16.381578 15.30826 "" "" 2166.3103 2494.11816 7968.62542 3.2007 3826.4 9.1337 5968.4 8.9437 "" "" 0.0027896186873545693 0.0038081273 0.004114706 0.007922834 167.65556194755 -58.95790933746 2311.01099 -5.692 2.351 0.3340000228881834 0.4846579322814941 0.11939262 0.11539262 "" "" 6.447631571846444 "" 0.7524100919125002 ""
168.61852125376 -59.22822267782 0.0266 0.0261 21.6642 "" "" 5339325805619724160 2485.43506 0.376 0.0333 -2.726 0.138 0.032 0.032 1.037 6114.1 3.6054 15.935667 1.034012 16.345583 15.311571 "" "" 2304.51929 2670.01367 7955.7263 2.7288 3955.3 14.353 5950.2 13.671 "" "" 0.002780373234121823 0.0048278384 0.0045284135 0.009356252 168.61852125376 -59.22822267782 2485.43506 -2.7260000000000004 0.1380000000000005 3.3000000228881836 -1.728342067718506 0.11839262 0.11839262 "" "" 43.88652162792764 "" 5.1958401250702275 ""
168.05492895641 -58.61462372349 0.0283 0.024 19.0957 "" "" 5339417619174992896 2611.22437 0.3424 0.0337 -7.24 4.203 0.037 0.03 0.995 6264.5 4.259 15.936169 0.950731 16.215916 15.265184 "" "" 2385.62378 2861.59888 7952.05203 4.3155 4457.1 36.148 6209.9 33.459 "" "" 0.002817617347306621 0.009237025 0.0069646044 0.01620163 168.05492895641 -58.61462372349 2611.22437 -7.24 4.203 -1.2139999771118166 2.3366579322814944 0.12339262 0.11639262 "" "" 32.591708690556615 "" 3.843060308899798 ""
168.56938148743 -59.03291820702 0.0318 0.0283 11.2709 "" "" 5339352851046330880 2464.48706 0.3858 0.0387 -5.768 1.046 0.042 0.036 1.253 6130.1 3.7862 15.936572 1.031788 16.184446 15.152658 "" "" 2273.48511 2799.75244 7949.1001 5.1819 4588.2 30.312 6888.0 54.266 "" "" 0.002844773315636902 0.0076964903 0.009351533 0.017048024 168.56938148743 -59.03291820702 2464.48706 -5.767999999999998 1.0459999999999998 0.2580000228881838 -0.8203420677185058 0.12839262 0.12239262 "" "" 10.045726477602233 "" 1.2350684746917833 ""
167.80040612686 -58.98489778372 0.0272 0.0252 16.1647 "" "" 5339376834179900160 2736.01465 0.325 0.033 -6.941 2.366 0.034 0.032 0.979 5970.4 4.0856 15.936868 1.117806 16.393728 15.275922 "" "" 2514.12524 3021.24048 7946.93827 2.9401 3783.8 11.744 6148.8 18.35 "" "" 0.00278444625337343 0.004375045 0.004978206 0.009353251 167.80040612686 -58.98489778372 2736.01465 -6.941 2.3660000000000014 -0.9149999771118162 0.49965793228149424 0.12039262 0.11839262 "" "" 13.520357015228598 "" 1.621579815027434 ""
168.64611926057 -59.06192670029 0.0283 0.0246 14.1976 "" "" 5339351820288581760 2345.40283 0.3985 0.0347 -4.488 1.747 0.037 0.03 0.953 6271.9 4.3756 15.937456 0.931455 16.31048 15.379025 "" "" 2194.79565 2552.72144 7942.62714 2.7304 4085.3 9.4172 5591.8 8.0175 "" "" 0.0027804849143501257 0.0037481918 0.004087434 0.007835626 168.64611926057 -59.06192670029 2345.40283 -4.487999999999999 1.7470000000000008 1.5380000228881832 -0.11934206771850575 0.12339262 0.11639262 "" "" 17.14966610695237 "" 2.1154439933444156 ""
168.59718797401 -58.6606256633 0.0279 0.0274 17.4029 "" "" 5339364739551409536 2877.33203 0.3155 0.0358 -4.664 1.207 0.035 0.034 1.039 7420.0 4.1773 15.937904 1.065748 16.363884 15.298136 "" "" 2637.23413 3144.96411 7939.34911 3.0708 3889.2 9.3567 6024.3 13.469 "" "" 0.0027871386761937995 0.0038220438 0.0044918056 0.00831385 168.59718797401 -58.6606256633 2877.33203 -4.664 1.2070000000000003 1.362000022888184 -0.6593420677185058 0.12139262 0.12039262 "" "" 20.637867686148205 "" 2.5013797090944863 ""
168.75418849252 -59.13147565981 0.0283 0.0251 19.4712 "" "" 5339339588220151552 2555.64917 0.3606 0.0351 -6.13 1.127 0.035 0.029 0.933 6295.9 4.3168 15.939948 1.02392 16.354603 15.330683 "" "" 2355.1687 2781.43164 7924.42315 2.716 3922.6 12.132 5846.4 13.551 "" "" 0.0027803353879384124 0.0043659266 0.0045405724 0.008906499 168.75418849252 -59.13147565981 2555.64917 -6.13 1.1269999999999993 -0.1039999771118163 -0.7393420677185059 0.12139262 0.11539262 "" "" 9.044398486442931 "" 1.0447365594137061 ""
168.68338257075 -59.18399059017 0.0257 0.0251 20.4298 "" "" 5339315811279452416 2390.57642 0.3924 0.0323 -6.198 4.137 0.031 0.031 1.008 5757.5 4.1606 15.941217 1.185011 16.442678 15.257668 "" "" 2235.95215 2626.64966 7915.16436 3.099 3617.0 7.6635 6253.0 7.315 "" "" 0.002787919494299355 0.0036161968 0.003987101 0.007603298 168.68338257075 -59.18399059017 2390.57642 -6.198 4.1370000000000005 -0.1719999771118168 2.2706579322814937 0.117392614 0.117392614 "" "" 25.803290767857217 "" 3.0291157655253182 ""
168.07416781076 -58.77848799317 0.0249 0.0244 10.3952 "" "" 5339406246119101440 2399.46362 0.3877 0.0315 -5.961 2.157 0.03 0.03 1.033 5201.9 3.4388 15.942601 1.578912 16.676067 15.097156 "" "" 2228.41016 2659.14014 7905.07645 7.7504 2917.4 14.165 7249.3 22.258 "" "" 0.0029537996328780113 0.005964489 0.00503951 0.011003999 168.07416781076 -58.77848799317 2399.46362 -5.960999999999997 2.157 0.0650000228881833 0.29065793228149417 0.11639262 0.11639262 "" "" 3.3874394957884855 "" 0.3942729576941685 ""
168.78482559972 -58.73764721278 0.0267 0.0266 18.1466 "" "" 5339363296442196352 2909.38477 0.3068 0.0341 -7.785 3.072 0.034 0.033 0.969 7047.7 4.2096 15.942633 0.832982 16.267672 15.434689 "" "" 2664.43433 3173.43481 7904.8513 2.874 4249.6 9.2226 5312.3 10.056 "" "" 0.0027834535264059405 0.0036520094 0.004302072 0.0079540815 168.78482559972 -58.73764721278 2909.38477 -7.785 3.0719999999999974 -1.7589999771118165 1.2056579322814942 0.12039262 0.11939262 "" "" 29.408645556476625 "" 3.531210424310225 ""
168.66826196709 -58.72711879095 0.0275 0.0279 15.7032 "" "" 5339363880557734784 2373.77368 0.3875 0.0348 -8.158 1.241 0.033 0.035 1.022 5885.2 4.2637 15.942829 1.078567 16.387932 15.309364 "" "" 2193.08862 2610.26196 7903.4228 3.3103 3804.0 8.7581 5962.3 15.178 "" "" 0.002792595664934714 0.00374616 0.004682197 0.008428357 168.66826196709 -58.72711879095 2373.77368 -8.158 1.241 -2.131999977111816 -0.6253420677185058 0.11939262 0.12139262 "" "" 24.99920473891045 "" 2.9887117509526204 ""
168.10985812805 -58.96306252772 0.0288 0.025 6.7984 "" "" 5339380510672905728 2751.60303 0.3317 0.0342 -7.182 2.148 0.036 0.032 0.991 6887.5 4.0758 15.944229 0.875655 16.287085 15.411429 "" "" 2469.16235 3053.11816 7893.23596 2.7914 4174.3 9.201 5427.3 11.154 "" "" 0.0027819450532147265 0.0036759174 0.0043889326 0.00806485 168.10985812805 -58.96306252772 2751.60303 -7.181999999999999 2.147999999999999 -1.1559999771118168 0.28165793228149427 0.12239262 0.11839262 "" "" 15.518319749330361 "" 1.8959030571098467 ""
168.76997810177 -58.86707211715 0.025 0.027 14.7605 "" "" 5339349208947826176 2562.46411 0.3696 0.0336 -7.712 3.855 0.033 0.033 1.035 6731.6 4.3836 15.948617 0.854476 16.291216 15.43674 "" "" 2338.60107 2773.13599 7861.40042 2.6913 4158.4 8.2475 5302.3 9.1117 "" "" 0.0027802781207395036 0.0035244983 0.0042148368 0.0077393353 168.76997810177 -58.86707211715 2562.46411 -7.711999999999999 3.855 -1.6859999771118162 1.9886579322814941 0.11939262 0.11939262 "" "" 31.666943734329845 "" 3.7807993335038756 ""
167.94996476812 -58.7336323466 0.1634 0.1516 15.0233 "" "" 5339409441574588800 2484.77197 0.592 0.1944 -5.619 0.775 0.192 0.181 6.225 9568.9 4.4954 15.95022 1.136331 16.337397 15.201066 "" "" 1632.55786 4888.59766 7849.80091 17.236 3985.3 11.002 6587.7 13.342 "" "" 0.0036435063107077294 0.004095003 0.00437253 0.008467533 167.94996476812 -58.7336323466 2484.77197 -5.618999999999995 0.7749999999999998 0.4070000228881838 -1.091342067718506 0.2783926 0.2673926 "" "" 13.718386564290567 "" 3.686951206475776 ""
167.69777553421 -59.0494193259 0.0321 0.0294 20.5043 "" "" 5339375494155935616 2704.58203 0.3354 0.0374 -5.299 2.901 0.041 0.038 1.026 6672.3 4.2393 15.950563 0.909538 16.315102 15.405563 "" "" 2491.90771 3024.53076 7847.32533 3.8932 4068.0 16.532 5456.7 12.711 "" "" 0.002807478727116399 0.0052205147 0.0045475606 0.009768075 167.69777553421 -59.0494193259 2704.58203 -5.298999999999998 2.9010000000000007 0.7270000228881832 1.034657932281494 0.12739262 0.124392614 "" "" 16.210969474376384 "" 2.032728159117999 ""
168.70724017471 -59.19576852721 0.0269 0.0254 21.4319 "" "" 5339315742559966976 2941.32715 0.3191 0.0331 -4.803 1.204 0.032 0.03 0.962 6596.7 4.3058 15.95196 1.002482 16.360065 15.357584 "" "" 2671.27466 3527.45703 7837.23625 2.5092 3902.9 9.9271 5703.3 8.3572 "" "" 0.002777161241207725 0.00392574 0.0041005947 0.008026334 168.70724017471 -59.19576852721 2941.32715 -4.803000000000001 1.204 1.2230000228881837 -0.6623420677185059 0.11839262 0.11639262 "" "" 19.39088995546826 "" 2.2870007836458384 ""
168.46838890033 -58.55795420085 0.0336 0.0277 21.5545 "" "" 5339462802233009024 2502.62988 0.3747 0.0377 -8.724 0.385 0.041 0.039 1.039 5424.3 4.3248 15.951971 1.060805 16.390465 15.329659 "" "" 2303.9729 2811.38843 7837.15262 2.4912 3795.2 7.6739 5851.9 11.019 "" "" 0.002776850672898978 0.0035503034 0.0042969026 0.007847206 168.46838890033 -58.55795420085 2502.62988 -8.724000000000002 0.38500000000000023 -2.6979999771118166 -1.4813420677185059 0.12739262 0.12539262 "" "" 36.51169453156601 "" 4.634508298479663 ""
