Clusters/UBC_267/UBC_267_stars_in_region.tsv
# %ECSV 1.0
# ---
# datatype:
# - name: RA_ICRS_1
#   unit: deg
#   datatype: float64
#   format: '{:15.11f}'
#   description: Right ascension (ICRS) at Ep=2016.0 (ra)
#   meta: !!omap
#   - {ucd: POS_EQ_RA_MAIN}
#   - {width: 15}
#   - {precision: '11'}
# - name: DE_ICRS_1
#   unit: deg
#   datatype: float64
#   format: '{:15.11f}'
#   description: Declination (ICRS) at Ep=2016.0 (dec)
#   meta: !!omap
#   - {ucd: POS_EQ_DEC_MAIN}
#   - {width: 15}
#   - {precision: '11'}
# - name: e_RA_ICRS
#   unit: mas
#   datatype: float64
#   format: '{:7.4f}'
#   description: Standard error of right ascension (ra_error)
#   meta: !!omap
#   - {ucd: ERROR}
#   - {width: 7}
#   - {precision: '4'}
# - name: e_DE_ICRS
#   unit: mas
#   datatype: float64
#   format: '{:7.4f}'
#   description: Standard error of declination (dec_error)
#   meta: !!omap
#   - {ucd: ERROR}
#   - {width: 7}
#   - {precision: '4'}
# - name: _r_1
#   unit: ''
#   datatype: float64
#   format: '{:7.4f}'
#   description: Distance from center (168.30001449000-58.90640360000)[ICRS], at Epoch=J2016.0
#   meta: !!omap
#   - {ucd: POS_ANG_DIST_GENERAL}
#   - {width: 7}
#   - {precision: '4'}
# - name: HIP
#   datatype: int32
#   description: '? HIP cross-id number, van Leeuwen, Cat. I/311 (hip_original_ext_source_id)'
#   meta: !!omap
#   - {ucd: ID_NUMBER}
#   - {width: 6}
#   - values: {'null': -2147483648}
# - name: TYC2
#   datatype: string
#   description: Tycho-2 cross-id name, Hog et al., Cat. I/259 (tyc2_original_ext_source_id)
#   meta: !!omap
#   - {ucd: ID_CROSSID}
#   - {_votable_string_dtype: char}
# - name: Source
#   datatype: int64
#   description: Source identifier, identical to the Gaia-EDR3 source_id (id)
#   meta: !!omap
#   - {ucd: ID_MAIN}
#   - {width: 19}
# - name: rgeo
#   unit: pc
#   datatype: float64
#   format: '{:15.8f}'
#   description: '? Median of the geometric distance posterior (r_med_geo)'
#   meta: !!omap
#   - {ucd: PHYS_DISTANCE_TRUE}
#   - {width: 15}
#   - {precision: '8'}
#   - values: {'null': .nan}
# - name: Plx
#   unit: mas
#   datatype: float64
#   format: '{:9.4f}'
#   description: '? Parallax (parallax)'
#   meta: !!omap
#   - {ucd: POS_PARLX_TRIG}
#   - {width: 9}
#   - {precision: '4'}
#   - values: {'null': .nan}
# - name: e_Plx
#   unit: mas
#   datatype: float32
#   format: '{:7.4f}'
#   description: '? Standard error of parallax (parallax_error)'
#   meta: !!omap
#   - {ucd: ERROR}
#   - {width: 7}
#   - {precision: '4'}
#   - values: {'null': .nan}
# - name: pmRA
#   unit: mas / yr
#   datatype: float64
#   format: '{:9.3f}'
#   description: '? Proper motion in right ascension direction, pmRA*cosDE (pmra)'
#   meta: !!omap
#   - {ucd: POS_EQ_PMRA}
#   - {width: 9}
#   - {precision: '3'}
#   - values: {'null': .nan}
# - name: pmDE
#   unit: mas / yr
#   datatype: float64
#   format: '{:9.3f}'
#   description: '? Proper motion in declination direction (pmdec)'
#   meta: !!omap
#   - {ucd: POS_EQ_PMDEC}
#   - {width: 9}
#   - {precision: '3'}
#   - values: {'null': .nan}
# - name: e_pmRA
#   unit: mas / yr
#   datatype: float32
#   format: '{:6.3f}'
#   description: '? Standard error of proper motion in right ascension direction (pmra_error)'
#   meta: !!omap
#   - {ucd: ERROR}
#   - {width: 6}
#   - {precision: '3'}
#   - values: {'null': .nan}
# - name: e_pmDE
[...]
#         value: !astropy.table.SerializedColumn {name: SkyCoord.dec}
#       distance: !astropy.table.SerializedColumn
#         __class__: astropy.coordinates.distances.Distance
#         unit: !astropy.units.Unit {unit: pc}
#         value: !astropy.table.SerializedColumn {name: SkyCoord.distance}
#       frame: icrs
#       obstime: !astropy.time.Time {format: jyear_str, in_subfmt: '*', jd1: 367701545.0, jd2: 0.0, out_subfmt: '*', precision: 3, scale: tt}
#       pm_dec: !astropy.table.SerializedColumn
#         __class__: astropy.units.quantity.Quantity
#         unit: !astropy.units.Unit {unit: mas / yr}
#         value: !astropy.table.SerializedColumn {name: SkyCoord.pm_dec}
#       pm_ra_cosdec: !astropy.table.SerializedColumn
#         __class__: astropy.units.quantity.Quantity
#         unit: !astropy.units.Unit {unit: mas / yr}
#         value: !astropy.table.SerializedColumn {name: SkyCoord.pm_ra_cosdec}
#       ra: !astropy.table.SerializedColumn
#         __class__: astropy.coordinates.angles.Longitude
#         unit: *id001
#         value: !astropy.table.SerializedColumn {name: SkyCoord.ra}
#         wrap_angle: !astropy.coordinates.Angle
#           unit: *id001
#           value: 360.0
#       representation_type: spherical
# schema: astropy-2.0
RA_ICRS_1 DE_ICRS_1 e_RA_ICRS e_DE_ICRS _r_1 HIP TYC2 Source rgeo Plx e_Plx pmRA pmDE e_pmRA e_pmDE RUWE Teff logg Gmag BP-RP BPmag RPmag RV e_RV b_rgeo B_rgeo FG e_FG FBP e_FBP FRP e_FRP RAVE5 RAVE6 e_Gmag e_BPmag e_RPmag e_BP-RP SkyCoord.ra SkyCoord.dec SkyCoord.distance SkyCoord.pm_ra_cosdec SkyCoord.pm_dec rmRA rmDE e_rmRA e_rmDE rRV e_rRV v_pec v_pec3d e_vpec e_vpec3d
[from data line 357]
168.54564469453 -58.60136452354 0.016 0.0149 19.8347 "" "" 5339461668324459648 2605.20337 0.3479 0.0219 -8.882 2.332 0.02 0.021 0.97 6146.4 3.3573 14.362872 0.766838 14.508112 13.741274 "" "" 2460.54883 2752.45093 33868.64443 14.002 21487.0 132.84 25273.0 168.2 "" "" 0.002791642875587191 0.0072692 0.008154614 0.015423814 168.54564469453 -58.60136452354 2605.20337 -8.882000000000001 2.3320000000000007 -2.855999977111816 0.465657932281494 0.10639262 0.10739262 "" "" 35.73348574558534 "" 3.8027088055403113 ""
168.03639646415 -58.69561645378 0.014 0.0126 15.0693 "" "" 5339408204624252928 2431.31665 0.3744 0.0166 -6.345 0.93 0.018 0.016 0.972 7527.3 4.0601 14.36886 0.652792 14.597516 13.944724 "" "" 2343.4231 2521.59351 33682.36518 11.811 19788.0 18.754 20954.0 67.354 "" "" 0.0027814994006484487 0.0029738685 0.005144275 0.008118143 168.03639646415 -58.69561645378 2431.31665 -6.345 0.9300000000000005 -0.31899997711181616 -0.9363420677185058 0.10439262 0.10239262 "" "" 11.39986519272918 "" 1.169653890287177 ""
167.81217726777 -58.91479414571 0.0142 0.0127 15.1228 "" "" 5339384045381056256 2771.76733 0.3246 0.017 -5.22 2.106 0.018 0.016 0.992 6724.0 3.2271 14.372004 1.05853 14.809809 13.751279 -10.97 8.87 2641.72412 2927.40796 33584.9834 6.3923 16274.0 17.216 25041.0 12.476 "" "" 0.002763058777427067 0.0030173317 0.0038178975 0.006835229 167.81217726777 -58.91479414571 2771.76733 -5.220000000000002 2.105999999999999 0.8060000228881838 0.239657932281494 0.10439262 0.10239262 -15.65 11.63 11.047574047774974 19.15649739229672 1.1515061969491163 9.524368086174112
168.43147841026 -59.03142056995 0.0158 0.0148 8.5322 "" "" 5339332510113567488 2894.49121 0.3153 0.0198 -6.496 4.772 0.022 0.019 0.916 "" "" 14.374356 1.801142 15.246425 13.445283 7.12 1.72 2732.65747 3068.55835 33512.30157 7.6087 10885.0 44.145 33193.0 20.909 "" "" 0.002766325262001307 0.005212871 0.0038407664 0.009053637 168.43147841026 -59.03142056995 2894.49121 -6.496 4.772 -0.46999997711181685 2.9056579322814944 0.10839262 0.10539262 2.4400000000000004 4.4800005 40.38345595477342 40.457102155877706 4.259250013036297 4.260073697432251
168.47958465849 -59.22792553059 0.0133 0.0127 20.0705 "" "" 5339326359720096000 2739.20044 0.3312 0.0162 -7.111 2.313 0.017 0.016 0.96 6723.6 3.4499 14.378722 0.991627 14.786338 13.794711 4.41 5.66 2635.65552 2869.09814 33377.8237 5.4522 16630.0 11.101 24059.0 12.501 "" "" 0.0027610221695725814 0.0028827635 0.0038212547 0.0067040185 168.47958465849 -59.22792553059 2739.20044 -7.111 2.3129999999999997 -1.0849999771118162 0.4466579322814943 0.103392616 0.10239262 -0.2699999999999996 8.42 15.234432042818502 15.236824461391393 1.5729292950322182 1.579744159845021
168.36763427071 -58.93749734431 0.0163 0.0136 2.8048 "" "" 5339356527573217664 2806.17358 0.3222 0.0186 -5.985 1.791 0.02 0.018 1.002 9200.0 3.9997 14.381006 0.417293 14.533245 14.115953 "" "" 2678.41553 2975.8457 33307.65909 10.854 20995.0 19.587 17897.0 20.883 "" "" 0.0027779436395854043 0.0029683432 0.003986066 0.006954409 168.36763427071 -58.93749734431 2806.17358 -5.984999999999999 1.7909999999999995 0.041000022888183274 -0.07534206771850593 0.10639262 0.10439262 "" "" 1.1409218943623507 "" 0.11962900908661905 ""
167.88282669354 -58.97396413215 0.0161 0.0141 13.5357 "" "" 5339382606616540544 2756.59839 0.3293 0.0191 -7.862 1.911 0.02 0.018 1.163 9286.8 4.204 14.391506 0.554444 14.597219 14.042774 "" "" 2623.2063 2904.23926 32987.10926 9.5882 19794.0 19.416 19145.0 8.536 "" "" 0.0027733343923527897 0.002986516 0.0038102581 0.0067967745 167.88282669354 -58.97396413215 2756.59839 -7.861999999999999 1.9110000000000014 -1.8359999771118165 0.04465793228149417 0.10639262 0.10439262 "" "" 23.99677860010226 "" 2.5530520834407047 ""
168.32544192367 -58.97118450931 0.0155 0.0142 3.9658 "" "" 5339333643985039872 2553.47705 0.3601 0.0181 -6.565 1.806 0.021 0.019 0.879 9426.4 4.1542 14.396763 0.407535 14.54646 14.138926 "" "" 2434.04321 2685.40674 32827.7869 11.112 20741.0 17.606 17522.0 13.323 "" "" 0.002779722398385103 0.0029384426 0.0038684956 0.006806938 168.32544192367 -58.97118450931 2553.47705 -6.564999999999998 1.8060000000000003 -0.5389999771118168 -0.06034206771850581 0.10739262 0.10539262 "" "" 6.56453078082672 "" 0.7048211195559381 ""
168.02575936528 -58.96337886075 0.0142 0.0122 9.1534 "" "" 5339379892197286016 2349.23828 0.3883 0.0167 -8.036 2.699 0.018 0.015 0.983 "" "" 14.406164 0.692863 14.672741 13.979877 "" "" 2268.23779 2440.84497 32544.75508 8.2048 18464.0 14.962 20287.0 16.785 "" "" 0.0027688831113763654 0.0029255957 0.0038846743 0.0068102702 168.02575936528 -58.96337886075 2349.23828 -8.036 2.699 -2.009999977111816 0.832657932281494 0.10439262 0.10139262 "" "" 24.226623598487127 "" 2.5185661187354422 ""
168.0503780968 -58.84943958668 0.0144 0.0135 8.4626 "" "" 5339405558924252544 2837.37231 0.3144 0.0174 -6.174 1.951 0.018 0.018 0.936 9207.6 4.0352 14.408811 0.417368 14.561468 14.1441 "" "" 2720.98755 2959.3501 32465.53819 12.06 20456.0 16.971 17439.0 21.57 "" "" 0.0027846823662293794 0.002931966 0.004010883 0.006942849 168.0503780968 -58.84943958668 2837.37231 -6.174000000000001 1.951 -0.14799997711181678 0.08465793228149421 0.10439262 0.10439262 "" "" 2.293107131866063 "" 0.2393834567144531 ""
168.09077413769 -58.78914282704 0.0147 0.0145 9.5749 "" "" 5339406138695368448 2910.99561 0.3136 0.0182 -6.23 2.088 0.018 0.018 1.249 6182.6 3.6544 14.412581 1.172331 14.914061 13.74173 -1.18 6.47 2772.37769 3066.03784 32352.98535 74.16 14784.0 127.74 25262.0 140.83 "" "" 0.003712899190563609 0.009787355 0.007135779 0.016923133 168.09077413769 -58.78914282704 2910.99561 -6.23 2.088 -0.20399997711181683 0.22165793228149422 0.10439262 0.10439262 -5.859999999999999 9.23 4.156607077603149 7.184495973802239 0.4339190945826777 7.53258981940725
168.18616166729 -58.9419157709 0.0151 0.0137 4.1198 "" "" 5339380785550850688 2808.48657 0.3209 0.0183 -6.12 1.786 0.019 0.018 0.894 9508.7 4.0913 14.41678 0.382076 14.550603 14.168527 "" "" 2674.74268 2957.41235 32228.10315 12.046 20662.0 26.461 17051.0 21.01 "" "" 0.0027850455083260114 0.0031174389 0.0040091784 0.0071266172 168.18616166729 -58.9419157709 2808.48657 -6.120000000000001 1.7859999999999994 -0.09399997711181651 -0.08034206771850583 0.10539262 0.10439262 "" "" 1.6461386632488595 "" 0.1727978799731063 ""
167.8893694207 -59.02442008867 0.0147 0.0122 14.5429 "" "" 5339376490553148928 2307.7395 0.398 0.017 -4.894 0.337 0.019 0.016 0.951 8264.5 3.9076 14.428872 0.569148 14.587593 14.018445 "" "" 2194.62988 2397.46484 31871.15751 8.5019 19970.0 86.815 19579.0 41.626 "" "" 0.0027705007691091695 0.005483005 0.0044285585 0.009911563 167.8893694207 -59.02442008867 2307.7395 -4.894 0.3370000000000004 1.1320000228881835 -1.529342067718506 0.10539262 0.10239262 "" "" 20.813162641001494 "" 2.1534219942842254 ""
168.20964382737 -58.62132334951 0.0183 0.016 17.3344 "" "" 5339414114499817856 2460.05542 0.3749 0.0225 -8.565 2.669 0.025 0.02 1.201 "" "" 14.432283 1.272534 14.991897 13.719362 10.39 8.61 2324.41553 2595.44263 31771.19355 5.8049 13761.0 12.697 25788.0 23.901 "" "" 0.00276245213308165 0.0029645616 0.003911054 0.0068756156 168.20964382737 -58.62132334951 2460.05542 -8.565000000000003 2.6690000000000005 -2.538999977111816 0.8026579322814942 0.11139262 0.10639262 5.710000000000001 11.37 31.050618674400265 31.57126890169311 3.4449925724508303 3.9633933570031763
168.74380514513 -59.0174385139 0.0155 0.0139 15.2603 "" "" 5339342062121551488 2656.49072 0.3377 0.0196 -6.336 0.866 0.019 0.016 0.928 6688.3 3.8384 14.432306 0.962942 14.825487 13.862545 21.43 9.79 2512.71143 2817.51343 31770.52007 6.0775 16041.0 11.598 22602.0 16.07 "" "" 0.0027631370571988114 0.002898498 0.0038574142 0.006755912 168.74380514513 -59.0174385139 2656.49072 -6.335999999999999 0.8660000000000007 -0.3099999771118167 -1.0003420677185058 0.10539262 0.10239262 16.75 12.55 13.187037618815436 21.318078270802307 1.353767894874479 9.896257184229237
168.62228068358 -59.04430122064 0.0155 0.014 12.9528 "" "" 5339352056460322816 2607.90381 0.3535 0.0199 -10.452 3.816 0.021 0.017 0.955 4920.0 2.8952 14.445424 1.823377 15.337477 13.5141 -54.47 2.5 2497.87036 2724.23535 31388.97056 7.6704 10010.0 10.48 31154.0 16.486 "" "" 0.002768064769320864 0.003012834 0.0038228042 0.006835638 168.62228068358 -59.04430122064 2607.90381 -10.451999999999991 3.8159999999999985 -4.425999977111816 1.949657932281494 0.10739262 0.103392616 -59.15 5.26 59.784827447245426 84.10082100013597 6.382196784040974 5.854037245116102
168.4528493232 -58.96966189635 0.0159 0.0142 6.0657 "" "" 5339356183975398400 2573.98022 0.3556 0.0191 -8.224 1.489 0.021 0.019 0.905 4784.7 2.9276 14.450421 1.6338 15.223872 13.590072 -37.77 1.96 2450.39526 2697.58496 31244.82629 6.4725 11114.0 13.998 29049.0 17.642 "" "" 0.0027644847838031875 0.003107256 0.0038364723 0.0069437283 168.4528493232 -58.96966189635 2573.98022 -8.223999999999995 1.4890000000000012 -2.1979999771118166 -0.37734206771850576 0.10739262 0.10539262 -42.45 4.7200003 27.2093757618192 50.42174758323907 2.9205422263031573 4.274885895070515
168.36346887708 -58.93801968189 0.0164 0.0143 2.7315 "" "" 5339356527573215872 2836.12769 0.3148 0.0187 -6.036 1.751 0.021 0.019 1.003 "" "" 14.451051 0.348452 14.564834 14.216382 "" "" 2674.12085 2993.125 31226.71916 13.482 20393.0 17.717 16316.0 16.022 "" "" 0.002794910929672404 0.0029453004 0.003926888 0.0068721883 168.36346887708 -58.93801968189 2836.12769 -6.036 1.7510000000000008 -0.009999977111815994 -0.11534206771850597 0.10739262 0.10539262 "" "" 1.5563883226764592 "" 0.16405528464404184 ""
168.93945949963 -58.88036193643 0.0138 0.014 19.8829 "" "" 5339349689984264320 2460.05908 0.3697 0.0173 -7.519 3.319 0.018 0.017 0.973 9183.1 3.9111 14.467505 0.822438 14.79058 13.968142 "" "" 2368.62793 2572.61377 30757.05301 6.3155 16565.0 15.344 20507.0 10.229 "" "" 0.00276432478013635 0.0029658885 0.0038179872 0.0067838756 168.93945949963 -58.88036193643 2460.05908 -7.519 3.318999999999997 -1.4929999771118165 1.452657932281494 0.10439262 0.103392616 "" "" 24.29024612777311 "" 2.5239390389947496 ""
168.92113273029 -59.02269707589 0.016 0.0139 20.4414 "" "" 5339341271847698176 2699.09985 0.3324 0.0186 -6.044 2.029 0.02 0.016 0.921 "" "" 14.470564 0.74765 14.759894 14.012244 "" "" 2570.64258 2836.47339 30670.53057 7.6229 17040.0 15.553 19691.0 11.456 "" "" 0.0027685029696487367 0.0029609303 0.0038318054 0.006792736 168.92113273029 -59.02269707589 2699.09985 -6.043999999999997 2.029 -0.017999977111816 0.16265793228149406 0.10639262 0.10239262 "" "" 2.093705382313823 "" 0.21448325367953797 ""
168.85827174844 -59.1317644292 0.0153 0.0142 21.9114 "" "" 5339338866665719552 2503.39331 0.3655 0.0192 -5.681 0.607 0.02 0.016 1.038 6549.5 3.7189 14.474136 0.9063 14.832872 13.926573 "" "" 2388.9541 2636.33374 30569.77898 6.5488 15932.0 29.306 21307.0 29.387 "" "" 0.0027651199223300794 0.0034312757 0.0040652347 0.0074965106 168.85827174844 -59.1317644292 2503.39331 -5.680999999999996 0.6069999999999991 0.34500002288818354 -1.2593420677185059 0.10639262 0.10239262 "" "" 15.494068663280366 "" 1.5908833097971846 ""
168.35551343817 -58.98256620275 0.0153 0.0137 4.882 "" "" 5339332888070713728 2506.17407 0.3586 0.018 -6.021 1.817 0.019 0.017 0.939 9690.7 3.9036 14.478618 0.355963 14.607524 14.251561 "" "" 2415.55249 2606.2085 30443.84947 11.303 19607.0 13.943 15796.0 11.373 "" "" 0.002784651374059033 0.0028950258 0.0038593803 0.006754406 168.35551343817 -58.98256620275 2506.17407 -6.021 1.817 0.005000022888183686 -0.04934206771850591 0.10539262 0.103392616 "" "" 0.5891492600250671 "" 0.060925774258649985 ""
167.90484524393 -58.73508223509 0.014 0.0136 16.0107 "" "" 5339409682092747392 2666.94409 0.3414 0.0174 -5.842 2.198 0.017 0.016 0.979 9041.2 4.1729 14.478725 0.434449 14.623207 14.188758 "" "" 2547.90356 2844.58252 30440.84224 11.853 19326.0 29.041 16736.0 38.374 "" "" 0.0027875647227044212 0.0032321704 0.0045256233 0.0077577936 167.90484524393 -58.73508223509 2666.94409 -5.842 2.198 0.18400002288818396 0.3316579322814941 0.103392616 0.10239262 "" "" 4.794592516496824 "" 0.49206350779436714 ""
168.4786659911 -58.74944749972 0.0146 0.015 10.9302 "" "" 5339365426746054656 2542.33838 0.3552 0.0181 -6.131 1.198 0.017 0.019 0.884 "" "" 14.484229 0.567416 14.700449 14.133033 "" "" 2415.51782 2683.68994 30286.92556 8.3964 17999.0 13.055 17618.0 13.775 "" "" 0.0027717122216013757 0.002899174 0.003873547 0.006772721 168.4786659911 -58.74944749972 2542.33838 -6.131 1.198 -0.10499997711181663 -0.6683420677185059 0.103392616 0.10539262 "" "" 8.152767411851643 "" 0.8588523957216725 ""
168.85853391838 -58.86976967726 0.0135 0.0144 17.4545 "" "" 5339349071508936832 2447.28687 0.3769 0.0175 -9.537 1.408 0.018 0.018 1.016 7123.6 3.9577 14.498817 0.790903 14.810363 14.01946 29.75 11.69 2346.84644 2573.60522 29882.69872 5.7064 16266.0 15.634 19560.0 10.976 "" "" 0.002763109848416539 0.002978934 0.0038281744 0.0068071084 168.85853391838 -58.86976967726 2447.28687 -9.536999999999995 1.4080000000000004 -3.510999977111817 -0.45834206771850594 0.10439262 0.10439262 25.07 14.45 41.07366619025528 48.1201720103796 4.287787542031492 8.370764026778286
168.5715150498 -58.92609557598 0.0174 0.0144 8.493 "" "" 5339355118789732736 2839.67896 0.3171 0.0195 -5.939 1.818 0.023 0.019 0.955 10280.8 3.8953 14.51436 0.370634 14.636786 14.266151 "" "" 2677.85596 3019.771 29457.95499 11.941 19085.0 16.933 15585.0 19.445 "" "" 0.0027902485996682716 0.0029517817 0.0040148213 0.006966603 168.5715150498 -58.92609557598 2839.67896 -5.939 1.8180000000000005 0.08700002288818354 -0.0483420677185058 0.10939262 0.10539262 "" "" 1.339663914323453 "" 0.14530297642399637 ""
168.02575250665 -58.82260326946 0.0132 0.0129 9.8832 "" "" 5339405799442440192 2661.23999 0.3397 0.0164 -6.184 2.063 0.017 0.016 0.852 5735.8 3.609 14.515751 1.025247 14.93737 13.912124 -38.89 12.32 2552.53589 2776.70801 29420.24046 11.642 14470.0 30.678 21593.0 23.555 "" "" 0.0027886162812870968 0.00361714 0.003960619 0.007577759 168.02575250665 -58.82260326946 2661.23999 -6.183999999999995 2.0630000000000006 -0.15799997711181657 0.1966579322814943 0.103392616 0.10239262 -43.57 15.08 3.182158349982602 43.68605076868776 0.3270815128494587 15.039959197772285
168.69664257366 -59.12328377091 0.0156 0.014 17.8726 "" "" 5339316395395120128 2821.72485 0.3192 0.0197 -8.064 1.99 0.02 0.017 0.969 5183.3 2.523 14.519204 1.944999 15.488052 13.543054 122.55 3.41 2683.74902 2945.7771 29326.82841 8.9591 8713.6 16.269 30334.0 21.364 "" "" 0.0027752122806208182 0.0034488284 0.0038559637 0.0073047923 168.69664257366 -59.12328377091 2821.72485 -8.064 1.9900000000000002 -2.0379999771118165 0.12365793228149413 0.10639262 0.103392616 117.87 6.17 27.30833103484975 120.99207347553367 2.9051086541391347 6.046447408789313
167.97615387124 -59.07002104701 0.0554 0.049 14.0215 "" "" 5339373157687917440 3036.24829 0.3213 0.0659 -8.489 1.598 0.071 0.059 3.338 7713.1 3.8575 14.53194 0.737504 14.788841 14.051337 "" "" 2585.56104 3632.6665 28984.82765 24.35 16591.0 19.807 18994.0 16.513 "" "" 0.0029023704913433285 0.0030765517 0.0038954725 0.006972024 167.97615387124 -59.07002104701 3036.24829 -8.488999999999999 1.598 -2.462999977111817 -0.2683420677185058 0.15739262 0.14539263 "" "" 35.65680130450264 "" 5.607287330859708 ""
168.36990366645 -58.67079548167 0.0155 0.0159 14.3025 "" "" 5339366869854780928 2560.65601 0.3609 0.02 -8.978 2.413 0.019 0.02 0.987 6689.8 3.9996 14.532422 0.747095 14.801327 14.054232 "" "" 2457.91284 2685.71729 28971.9597 11.934 16402.0 55.134 18944.0 82.572 "" "" 0.002791380570417073 0.004593989 0.0060563805 0.010650369 168.36990366645 -58.67079548167 2560.65601 -8.977999999999998 2.4129999999999994 -2.951999977111816 0.546657932281494 0.10539262 0.10639262 "" "" 36.43909740593019 "" 3.841625642812681 ""
