Clusters/UBC_267/UBC_267_members.tsv
# %ECSV 1.0
# ---
# datatype:
# - name: RA_ICRS_1
#   unit: deg
#   datatype: float64
#   format: '{:15.11f}'
#   description: Right ascension (ICRS) at Ep=2016.0 (ra)
#   meta: !!omap
#   - {ucd: POS_EQ_RA_MAIN}
#   - {width: 15}
#   - {precision: '11'}
# - name: DE_ICRS_1
#   unit: deg
#   datatype: float64
#   format: '{:15.11f}'
#   description: Declination (ICRS) at Ep=2016.0 (dec)
#   meta: !!omap
#   - {ucd: POS_EQ_DEC_MAIN}
#   - {width: 15}
#   - {precision: '11'}
# - name: e_RA_ICRS
#   unit: mas
#   datatype: float64
#   format: '{:7.4f}'
#   description: Standard error of right ascension (ra_error)
#   meta: !!omap
#   - {ucd: ERROR}
#   - {width: 7}
#   - {precision: '4'}
# - name: e_DE_ICRS
#   unit: mas
#   datatype: float64
#   format: '{:7.4f}'
#   description: Standard error of declination (dec_error)
#   meta: !!omap
#   - {ucd: ERROR}
#   - {width: 7}
#   - {precision: '4'}
# - name: _r_1
#   unit: ''
#   datatype: float64
#   format: '{:7.4f}'
#   description: Distance from center (168.30001449000-58.90640360000)[ICRS], at Epoch=J2016.0
#   meta: !!omap
#   - {ucd: POS_ANG_DIST_GENERAL}
#   - {width: 7}
#   - {precision: '4'}
# - name: HIP
#   datatype: int32
#   description: '? HIP cross-id number, van Leeuwen, Cat. I/311 (hip_original_ext_source_id)'
#   meta: !!omap
#   - {ucd: ID_NUMBER}
#   - {width: 6}
#   - values: {'null': -2147483648}
# - name: TYC2
#   datatype: string
#   description: Tycho-2 cross-id name, Hog et al., Cat. I/259 (tyc2_original_ext_source_id)
#   meta: !!omap
#   - {ucd: ID_CROSSID}
#   - {_votable_string_dtype: char}
# - name: Source
#   datatype: int64
#   description: Source identifier, identical to the Gaia-EDR3 source_id (id)
#   meta: !!omap
#   - {ucd: ID_MAIN}
#   - {width: 19}
# - name: rgeo
#   unit: pc
#   datatype: float64
#   format: '{:15.8f}'
#   description: '? Median of the geometric distance posterior (r_med_geo)'
#   meta: !!omap
#   - {ucd: PHYS_DISTANCE_TRUE}
#   - {width: 15}
#   - {precision: '8'}
#   - values: {'null': .nan}
# - name: Plx
#   unit: mas
#   datatype: float64
#   format: '{:9.4f}'
#   description: '? Parallax (parallax)'
#   meta: !!omap
#   - {ucd: POS_PARLX_TRIG}
#   - {width: 9}
#   - {precision: '4'}
#   - values: {'null': .nan}
# - name: e_Plx
#   unit: mas
#   datatype: float32
#   format: '{:7.4f}'
#   description: '? Standard error of parallax (parallax_error)'
#   meta: !!omap
#   - {ucd: ERROR}
#   - {width: 7}
#   - {precision: '4'}
#   - values: {'null': .nan}
# - name: pmRA
#   unit: mas / yr
#   datatype: float64
#   format: '{:9.3f}'
#   description: '? Proper motion in right ascension direction, pmRA*cosDE (pmra)'
#   meta: !!omap
#   - {ucd: POS_EQ_PMRA}
#   - {width: 9}
#   - {precision: '3'}
#   - values: {'null': .nan}
# - name: pmDE
#   unit: mas / yr
#   datatype: float64
#   format: '{:9.3f}'
#   description: '? Proper motion in declination direction (pmdec)'
#   meta: !!omap
#   - {ucd: POS_EQ_PMDEC}
#   - {width: 9}
#   - {precision: '3'}
#   - values: {'null': .nan}
# - name: e_pmRA
#   unit: mas / yr
#   datatype: float32
#   format: '{:6.3f}'
#   description: '? Standard error of proper motion in right ascension direction (pmra_error)'
#   meta: !!omap
#   - {ucd: ERROR}
#   - {width: 6}
#   - {precision: '3'}
#   - values: {'null': .nan}
# - name: e_pmDE
[...]
#       distance: !astropy.table.SerializedColumn
#         __class__: astropy.coordinates.distances.Distance
#         unit: !astropy.units.Unit {unit: pc}
#         value: !astropy.table.SerializedColumn {name: SkyCoord.distance}
#       frame: icrs
#       obstime: !astropy.time.Time {format: jyear_str, in_subfmt: '*', jd1: 367701545.0, jd2: 0.0, out_subfmt: '*', precision: 3, scale: tt}
#       pm_dec: !astropy.table.SerializedColumn
#         __class__: astropy.units.quantity.Quantity
#         unit: !astropy.units.Unit {unit: mas / yr}
#         value: !astropy.table.SerializedColumn {name: SkyCoord.pm_dec}
#       pm_ra_cosdec: !astropy.table.SerializedColumn
#         __class__: astropy.units.quantity.Quantity
#         unit: !astropy.units.Unit {unit: mas / yr}
#         value: !astropy.table.SerializedColumn {name: SkyCoord.pm_ra_cosdec}
#       ra: !astropy.table.SerializedColumn
#         __class__: astropy.coordinates.angles.Longitude
#         unit: *id001
#         value: !astropy.table.SerializedColumn {name: SkyCoord.ra}
#         wrap_angle: !astropy.coordinates.Angle
#           unit: *id001
#           value: 360.0
#       representation_type: spherical
# schema: astropy-2.0
RA_ICRS_1 DE_ICRS_1 e_RA_ICRS e_DE_ICRS _r_1 HIP TYC2 Source rgeo Plx e_Plx pmRA pmDE e_pmRA e_pmDE RUWE Teff logg Gmag BP-RP BPmag RPmag RV e_RV b_rgeo B_rgeo FG e_FG FBP e_FBP FRP e_FRP RAVE5 RAVE6 e_Gmag e_BPmag e_RPmag e_BP-RP SkyCoord.ra SkyCoord.dec SkyCoord.distance SkyCoord.pm_ra_cosdec SkyCoord.pm_dec rmRA rmDE e_rmRA e_rmDE rRV e_rRV v_pec v_pec3d e_vpec e_vpec3d Pmemb
168.26639078688 -58.90069568377 0.021 0.02 1.0968 "" 8628-1487-1 5339357524005432576 2837.88965 0.3431 0.0254 -6.025 1.924 0.027 0.027 0.776 29941.4 3.7926 8.714714 -0.096325 8.65951 8.755835 "" "" 2650.70142 3066.0415 6152636.93173 1993.9 4694800.0 2715.2 2493600.0 873.43 "" "" 0.00277769560363941 0.0028599547 0.0037984673 0.006658422 168.26639078688 -58.90069568377 2837.88965 -6.0249999999999995 1.9239999999999997 0.0010000228881832385 0.05765793228149407 0.11339262 0.11339262 "" "" 0.7757079120819772 "" 0.0879595534976515 "" 0.85
168.52185707095 -58.83385085265 0.0176 0.019 8.1426 "" 8628-1288-1 5339355973471713152 2961.33862 0.3232 0.0229 -5.929 1.92 0.023 0.025 0.915 19601.9 3.5937 10.532675 0.002825 10.518107 10.515283 "" "" 2808.01929 3132.2644 1153126.62793 335.81 847570.0 377.5 493230.0 228.68 "" "" 0.0027734026384028648 0.0028317652 0.0038127585 0.0066445237 168.52185707095 -58.83385085265 2961.33862 -5.929 1.92 0.09700002288818332 0.05365793228149407 0.10939262 0.11139262 "" "" 1.5560020377679382 "" 0.17094937736553278 "" 0.89
168.26401419717 -58.85882363954 0.0148 0.0152 3.0653 "" 8628-1485-1 5339358039401515776 3105.66943 0.3138 0.0184 -6.173 1.997 0.019 0.02 0.748 19187.4 3.6121 10.582132 -0.007827 10.56543 10.573256 "" "" 2925.41479 3323.5769 1101777.60823 296.37 811420.0 465.56 467580.0 128.36 "" "" 0.00277075540482072 0.0028588665 0.0037911166 0.006649983 168.26401419717 -58.85882363954 3105.66943 -6.172999999999997 1.996999999999999 -0.14699997711181645 0.13065793228149425 0.10539262 0.10639262 "" "" 2.895206493676642 "" 0.30641456178961435 "" 0.86
168.24679207831 -58.9003828403 0.014 0.0138 1.6884 "" 8628-2067-1 5339357588377043328 2722.4646 0.3596 0.0167 -6.064 1.953 0.018 0.018 0.757 19238.4 3.8637 10.745717 0.058746 10.74334 10.684593 "" "" 2592.78516 2832.63379 947675.85789 421.06 688780.0 828.3 422010.0 694.11 "" "" 0.002797230848110657 0.003080553 0.0041800435 0.0072605964 168.24679207831 -58.9003828403 2722.4646 -6.064 1.9529999999999998 -0.03799997711181646 0.08665793228149421 0.10439262 0.10439262 "" "" 1.2210665037233994 "" 0.12747032900363067 "" 0.81
168.427328507 -58.77596284966 0.0142 0.0141 8.7678 "" "" 5339365147521590784 2632.66772 0.3483 0.0177 -6.138 1.993 0.018 0.018 0.966 13796.1 3.8145 12.581465 0.142342 12.625973 12.483631 "" "" 2508.86084 2737.21973 174727.33496 36.757 121630.0 63.107 80483.0 26.894 "" "" 0.0027647708309250178 0.0028464692 0.003796756 0.0066432254 168.427328507 -58.77596284966 2632.66772 -6.138 1.993 -0.1119999771118163 0.12665793228149425 0.10439262 0.10439262 "" "" 2.109855958764474 "" 0.22025338701363673 "" 0.81
168.29714988777 -58.61209321196 0.0168 0.0152 17.6588 "" "" 5339415420169893376 2468.01709 0.3738 0.0205 -6.195 1.974 0.022 0.02 1.026 12182.2 3.9168 12.94557 0.156261 12.998924 12.842663 "" "" 2340.76123 2608.63843 124944.91514 37.819 86267.0 43.884 57822.0 22.926 "" "" 0.00277484978480717 0.00284431 0.00380382 0.00664813 168.29714988777 -58.61209321196 2468.01709 -6.195000000000006 1.9740000000000002 -0.1689999771118167 0.10765793228149412 0.10839262 0.10639262 "" "" 2.3440986870775222 "" 0.2527386099660632 "" 0.83
168.13548148007 -58.6643812579 0.0103 0.0093 15.3962 "" "" 5339414355017948032 2545.34521 0.3536 0.0122 -5.912 1.842 0.013 0.012 0.982 10623.2 3.8479 13.338043 0.374922 13.471401 13.096479 "" "" 2466.2771 2616.88208 87042.11111 33.196 55829.0 34.119 45768.0 18.547 "" "" 0.0027862607156935205 0.002867982 0.0038049063 0.006672888 168.13548148007 -58.6643812579 2545.34521 -5.912000000000002 1.8419999999999996 0.11400002288818367 -0.024342067718505778 0.09939262 0.09839262 "" "" 1.406408411939897 "" 0.13972558846909908 "" 0.92
168.12084316362 -58.8262018948 0.0093 0.009 7.3519 "" "" 5339405284046395520 2653.9563 0.3378 0.0116 -6.049 1.96 0.012 0.011 0.921 7987.4 3.6736 13.398437 0.357263 13.525723 13.168461 "" "" 2590.9585 2726.875 82332.65625 26.043 53104.0 31.32 42833.0 15.542 "" "" 0.0027766411814324006 0.0028627084 0.0037998594 0.006662568 168.12084316362 -58.8262018948 2653.9563 -6.049 1.96 -0.022999977111816783 0.0936579322814941 0.09839262 0.09739262 "" "" 1.2132000811756933 "" 0.11822606968841701 "" 0.87
168.4475535659 -58.92080823543 0.0116 0.0112 4.6517 "" "" 5339356768091017728 2822.65649 0.3159 0.0147 -5.91 1.69 0.014 0.014 0.999 "" "" 13.412701 0.231577 13.487074 13.255497 "" "" 2702.10425 2920.43457 81258.03811 36.801 55028.0 52.686 39533.0 35.456 "" "" 0.0027988529088212788 0.0029775265 0.0039028127 0.0068803392 168.4475535659 -58.92080823543 2822.65649 -5.91 1.6899999999999993 0.11600002288818345 -0.1763420677185059 0.10039262 0.10039262 "" "" 2.824051139783082 "" 0.28351388527022153 "" 0.8
168.19304483245 -58.89970692965 0.0115 0.0105 3.3392 "" "" 5339404390693375616 2767.20508 0.3209 0.014 -6.052 1.859 0.014 0.013 0.887 "" "" 13.724435 0.237001 13.806951 13.569949 "" "" 2641.44775 2877.1499 60977.96932 26.93 40986.0 26.162 29592.0 15.473 "" "" 0.002796731785809888 0.0028749532 0.003821782 0.0066967355 168.19304483245 -58.89970692965 2767.20508 -6.051999999999999 1.859 -0.02599997711181601 -0.007342067718505874 0.10039262 0.09939262 "" "" 0.35436660538428255 "" 0.03554974075682436 "" 0.91
168.55286837733 -58.92744547397 0.0142 0.0133 7.9337 "" "" 5339355015744402816 2968.51758 0.3009 0.0172 -5.996 1.919 0.019 0.018 1.166 11994.3 3.7355 13.735466 0.289505 13.825964 13.536459 "" "" 2801.21753 3102.60889 60361.53763 27.457 40275.0 22.382 30519.0 38.045 "" "" 0.0027992323911813764 0.0028546646 0.0040144282 0.0068690926 168.55286837733 -58.92744547397 2968.51758 -5.996 1.919 0.030000022888183153 0.05265793228149418 0.10539262 0.10439262 "" "" 0.8527468172816397 "" 0.08923018493236198 "" 0.88
168.25209768015 -58.87106294181 0.0114 0.0117 2.589 "" "" 5339358000695325696 2891.81592 0.3141 0.014 -6.094 1.838 0.015 0.015 0.878 11082.1 3.8281 13.782122 0.225494 13.860386 13.634892 "" "" 2753.42334 3019.99634 57822.67707 20.067 39018.0 23.622 27874.0 20.174 "" "" 0.0027809649580499947 0.0028665513 0.0038602103 0.0067267613 168.25209768015 -58.87106294181 2891.81592 -6.094000000000002 1.8379999999999996 -0.06799997711181671 -0.02834206771850578 0.10139262 0.10139262 "" "" 1.0098100471101434 "" 0.10238728568387924 "" 0.88
168.29868168325 -58.84948696077 0.0109 0.0119 3.4152 "" "" 5339358108121018240 2769.39185 0.3235 0.0137 -6.053 1.875 0.014 0.016 0.926 7962.7 3.5172 13.784558 0.5713 13.996992 13.425692 "" "" 2662.53857 2871.47559 57693.02674 67.22 34405.0 135.96 33797.0 95.904 "" "" 0.003031844396896972 0.005118002 0.004876054 0.009994056 168.29868168325 -58.84948696077 2769.39185 -6.053 1.8750000000000004 -0.026999977111816342 0.00865793228149414 0.10039262 0.10239262 "" "" 0.37220275384199486 "" 0.03743644165269311 "" 0.93
167.86246397241 -58.95683040419 0.0119 0.0102 13.8819 "" "" 5339382812774986112 2894.20483 0.308 0.0138 -6.139 1.792 0.014 0.013 0.883 11009.3 3.8851 13.800318 0.283074 13.902379 13.619305 "" "" 2758.25146 3022.88525 56861.65133 21.164 37537.0 22.531 28277.0 17.339 "" "" 0.0027847973957908483 0.0028652672 0.003837572 0.0067028394 167.86246397241 -58.95683040419 2894.20483 -6.138999999999997 1.7920000000000023 -0.11299997711181664 -0.07434206771850582 0.10039262 0.09939262 "" "" 1.855592336280091 "" 0.18572919459807263 "" 0.91
168.28935942077 -58.91224462085 0.0125 0.0124 0.4815 "" "" 5339357317847010816 2619.77881 0.3438 0.0155 -6.027 1.905 0.016 0.016 0.953 "" "" 13.925067 0.248955 14.011738 13.762783 "" "" 2535.59546 2723.38062 50689.72406 23.796 33941.0 20.162 24777.0 15.604 "" "" 0.0028020663736993204 0.0028637429 0.0038407384 0.0067044813 168.28935942077 -58.91224462085 2619.77881 -6.027 1.905000000000001 -0.0009999771118165413 0.03865793228149417 0.10239262 0.10239262 "" "" 0.4802051753167864 "" 0.04916946668093607 "" 0.93
168.36541414881 -58.99410430528 0.0137 0.0121 5.6378 "" "" 5339332819351232128 2812.61133 0.3211 0.0165 -6.033 1.704 0.018 0.016 0.933 11199.2 3.8109 14.020791 0.32893 14.136205 13.807275 "" "" 2676.50684 2976.1438 46412.01354 16.606 30265.0 20.495 23782.0 16.091 "" "" 0.0027825706389902633 0.002885417 0.0038501148 0.0067355316 168.36541414881 -58.99410430528 2812.61133 -6.033 1.703999999999999 -0.006999977111816769 -0.1623420677185059 0.10439262 0.10239262 "" "" 2.166319388694512 "" 0.2218232396126863 "" 0.87
168.504206929 -58.94397001737 0.0135 0.0127 6.7134 "" "" 5339353744434033024 2773.6521 0.3267 0.0165 -5.966 1.791 0.018 0.017 0.889 10226.5 3.8083 14.101103 0.323542 14.213124 13.889583 "" "" 2629.70166 2897.68213 43102.8132 18.607 28195.0 21.915 22046.0 21.552 "" "" 0.00279490057068002 0.0029149998 0.0039255973 0.006840597 168.504206929 -58.94397001737 2773.6521 -5.966 1.791 0.0600000228881834 -0.07534206771850593 0.10439262 0.103392616 "" "" 1.266253800976393 "" 0.13141415119809124 "" 0.89
168.42853142443 -59.01952369059 0.0139 0.0128 7.8659 "" "" 5339332544473320320 2503.61548 0.363 0.0166 -6.013 1.947 0.018 0.017 0.973 9668.6 3.7889 14.111383 0.525062 14.303499 13.778438 "" "" 2411.50806 2608.92651 42696.60518 14.46 25943.0 18.715 24422.0 24.16 "" "" 0.0027797475063041804 0.0028980183 0.0039290446 0.006827063 168.42853142443 -59.01952369059 2503.61548 -6.0129999999999955 1.9469999999999987 0.013000022888183693 0.0806579322814942 0.10439262 0.103392616 "" "" 0.969531515833108 "" 0.10026706348284598 "" 0.89
168.43634445197 -58.7993781849 0.0119 0.0128 7.69 "" "" 5339359207632758912 2636.50171 0.3503 0.0153 -6.004 1.833 0.015 0.017 0.899 8455.0 3.9872 14.127702 0.70614 14.40198 13.69584 "" "" 2519.13623 2746.87622 42059.69125 139.01 23693.0 277.77 26353.0 193.18 "" "" 0.004524224292549219 0.013031078 0.00881072 0.021841798 168.43634445197 -58.7993781849 2636.50171 -6.003999999999996 1.8329999999999993 0.022000022888184034 -0.0333420677185059 0.10139262 0.103392616 "" "" 0.4992076951887485 "" 0.05131360637982398 "" 0.92
167.89902484833 -58.96886888016 0.0136 0.0114 12.9673 "" "" 5339382537897079936 2963.99683 0.3051 0.0158 -6.2 1.792 0.016 0.014 1.039 5014.7 2.8688 14.17486 1.707145 14.993518 13.286373 19.29 2.64 2835.78638 3099.35181 40271.96955 7.1967 13741.0 11.751 38425.0 18.509 "" "" 0.0027621431187860876 0.0029406047 0.003815396 0.0067560007 167.89902484833 -58.96886888016 2963.99683 -6.199999999999999 1.7920000000000003 -0.17399997711181658 -0.07434206771850582 0.10239262 0.10039262 14.61 2.7852633 2.6583623589236325 14.849881832234962 0.2713827631138607 2.7407013642137206 0.87
168.08010480767 -58.81745308296 0.0169 0.0173 8.6624 "" "" 5339405730723154688 2514.36865 0.3675 0.0212 -6.025 1.977 0.022 0.022 1.387 10512.3 3.8777 14.226648 0.355797 14.316263 13.960466 "" "" 2396.98364 2650.72192 38396.13785 19.165 25640.0 23.82 20652.0 12.286 "" "" 0.0028081098230571186 0.0029668936 0.003834179 0.0068010725 168.08010480767 -58.81745308296 2514.36865 -6.024999999999999 1.9770000000000003 0.0010000228881832385 0.11065793228149423 0.10839262 0.10839262 "" "" 1.3188869741900753 "" 0.1429576127653477 "" 0.89
168.5705855292 -58.63411373504 0.0139 0.0132 18.3781 "" "" 5339367728848636800 2469.73486 0.3684 0.0174 -6.126 1.917 0.018 0.017 0.929 9568.4 4.0969 14.227458 0.322661 14.343819 14.021157 "" "" 2360.10669 2575.1377 38367.49515 14.642 24997.0 25.619 19530.0 14.805 "" "" 0.0027863005090105935 0.0030038753 0.0038679647 0.00687184 168.5705855292 -58.63411373504 2469.73486 -6.126000000000006 1.916999999999999 -0.09999997711181674 0.05065793228149418 0.10439262 0.103392616 "" "" 1.312293655612558 "" 0.13672680149108718 "" 0.88
168.46674004941 -58.93792931278 0.0139 0.0132 5.4994 "" "" 5339356695025225088 2742.9231 0.3231 0.0174 -5.977 1.761 0.018 0.017 0.864 7905.2 3.8933 14.234517 0.356029 14.357645 14.001617 "" "" 2607.98218 2853.11499 38118.87407 14.203 24681.0 23.17 19884.0 20.927 "" "" 0.0027848598106779265 0.0029705137 0.003948349 0.0069188625 168.46674004941 -58.93792931278 2742.9231 -5.976999999999997 1.7609999999999997 0.04900002288818328 -0.10534206771850596 0.10439262 0.103392616 "" "" 1.5105181120037183 "" 0.15644617535790092 "" 0.9
168.36763427071 -58.93749734431 0.0163 0.0136 2.8048 "" "" 5339356527573217664 2806.17358 0.3222 0.0186 -5.985 1.791 0.02 0.018 1.002 9200.0 3.9997 14.381006 0.417293 14.533245 14.115953 "" "" 2678.41553 2975.8457 33307.65909 10.854 20995.0 19.587 17897.0 20.883 "" "" 0.0027779436395854043 0.0029683432 0.003986066 0.006954409 168.36763427071 -58.93749734431 2806.17358 -5.984999999999999 1.7909999999999995 0.041000022888183274 -0.07534206771850593 0.10639262 0.10439262 "" "" 1.1409218943623507 "" 0.11962900908661905 "" 0.87
168.92113273029 -59.02269707589 0.016 0.0139 20.4414 "" "" 5339341271847698176 2699.09985 0.3324 0.0186 -6.044 2.029 0.02 0.016 0.921 "" "" 14.470564 0.74765 14.759894 14.012244 "" "" 2570.64258 2836.47339 30670.53057 7.6229 17040.0 15.553 19691.0 11.456 "" "" 0.0027685029696487367 0.0029609303 0.0038318054 0.006792736 168.92113273029 -59.02269707589 2699.09985 -6.043999999999997 2.029 -0.017999977111816 0.16265793228149406 0.10639262 0.10239262 "" "" 2.093705382313823 "" 0.21448325367953797 "" 0.84
168.3408647909 -59.09562508748 0.0161 0.0146 11.4233 "" "" 5339330585968069120 2769.6394 0.3303 0.0195 -5.962 1.654 0.022 0.02 0.903 7775.1 4.0169 14.567469 0.69546 14.833519 14.138059 "" "" 2621.74683 2900.04199 28051.70708 7.0295 15922.0 14.513 17536.0 18.176 "" "" 0.00276872072989064 0.002960484 0.0039433697 0.0069038537 168.3408647909 -59.09562508748 2769.6394 -5.961999999999998 1.6539999999999995 0.06400002288818385 -0.21234206771850594 0.10839262 0.10639262 "" "" 2.911512103434603 "" 0.31025250281764954 "" 0.81
168.14744322715 -58.66901370787 0.0164 0.0156 15.0126 "" "" 5339414286298470528 2791.07422 0.3312 0.0199 -6.019 1.721 0.021 0.02 1.155 "" "" 14.569759 2.262911 15.735426 13.472515 -9.93 2.88 2595.62622 2948.71973 27992.5794 11.839 6938.2 18.538 32371.0 58.056 "" "" 0.0027933221624333823 0.004024992 0.004251517 0.008276509 168.14744322715 -58.66901370787 2791.07422 -6.018999999999999 1.7209999999999992 0.007000022888183466 -0.14534206771850577 0.10739262 0.10639262 -14.61 3.0252633 1.9250595854409591 14.736280209316668 0.20481661271996449 2.9994581347582367 0.87
167.94791509677 -58.72268389593 0.017 0.0157 15.5298 "" "" 5339409750812241920 2667.30273 0.3396 0.0203 -5.952 1.947 0.02 0.019 1.018 8670.0 4.2928 14.931053 0.426379 15.087107 14.660728 "" "" 2529.35474 2842.18237 20068.98836 8.8378 12606.0 15.684 10836.0 18.341 "" "" 0.0027964968336276846 0.0030999705 0.0042024907 0.007302461 167.94791509677 -58.72268389593 2667.30273 -5.952 1.947 0.07400002288818364 0.0806579322814942 0.10639262 0.10539262 "" "" 1.3839167642062502 "" 0.14648872910613353 "" 0.88
168.46861423662 -58.97306902631 0.022 0.021 6.5757 "" "" 5339353229037900800 2570.53833 0.3608 0.0275 -5.923 1.789 0.03 0.027 0.928 5668.8 3.7694 15.197525 1.104096 15.649588 14.545491 "" "" 2397.11743 2796.25513 15701.34385 9.9985 7509.0 20.476 12049.0 21.758 "" "" 0.002840740721210608 0.004068231 0.0042576683 0.008325899 168.46861423662 -58.97306902631 2570.53833 -5.923000000000003 1.7889999999999997 0.10300002288818355 -0.07734206771850594 0.11639262 0.11339262 "" "" 1.5694088302101847 "" 0.18098418006912972 "" 0.88
168.4882475817 -58.93941165647 0.0198 0.0185 6.1571 "" "" 5339353744434033408 2703.98535 0.3359 0.0241 -5.938 1.793 0.026 0.024 0.995 8449.7 3.9834 15.207418 0.783999 15.512384 14.728386 "" "" 2503.17334 2956.93091 15558.92077 5.5201 8520.5 19.15 10181.0 14.128 "" "" 0.0027821164992863656 0.0037067095 0.0040686294 0.007775339 168.4882475817 -58.93941165647 2703.98535 -5.937999999999999 1.793 0.08800002288818387 -0.07334206771850593 0.11239262 0.110392615 "" "" 1.4682509199211802 "" 0.1638232769951495 "" 0.85
