Clusters/UBC_267/UBC_267_members.tsv
# %ECSV 1.0
# ---
# datatype:
# - name: RA_ICRS_1
#   unit: deg
#   datatype: float64
#   format: '{:15.11f}'
#   description: Right ascension (ICRS) at Ep=2016.0 (ra)
#   meta: !!omap
#   - {ucd: POS_EQ_RA_MAIN}
#   - {width: 15}
#   - {precision: '11'}
# - name: DE_ICRS_1
#   unit: deg
#   datatype: float64
#   format: '{:15.11f}'
#   description: Declination (ICRS) at Ep=2016.0 (dec)
#   meta: !!omap
#   - {ucd: POS_EQ_DEC_MAIN}
#   - {width: 15}
#   - {precision: '11'}
# - name: e_RA_ICRS
#   unit: mas
#   datatype: float64
#   format: '{:7.4f}'
#   description: Standard error of right ascension (ra_error)
#   meta: !!omap
#   - {ucd: ERROR}
#   - {width: 7}
#   - {precision: '4'}
# - name: e_DE_ICRS
#   unit: mas
#   datatype: float64
#   format: '{:7.4f}'
#   description: Standard error of declination (dec_error)
#   meta: !!omap
#   - {ucd: ERROR}
#   - {width: 7}
#   - {precision: '4'}
# - name: _r_1
#   unit: ''
#   datatype: float64
#   format: '{:7.4f}'
#   description: Distance from center (168.30001449000-58.90640360000)[ICRS], at Epoch=J2016.0
#   meta: !!omap
#   - {ucd: POS_ANG_DIST_GENERAL}
#   - {width: 7}
#   - {precision: '4'}
# - name: HIP
#   datatype: int32
#   description: '? HIP cross-id number, van Leeuwen, Cat. I/311 (hip_original_ext_source_id)'
#   meta: !!omap
#   - {ucd: ID_NUMBER}
#   - {width: 6}
#   - values: {'null': -2147483648}
# - name: TYC2
#   datatype: string
#   description: Tycho-2 cross-id name, Hog et al., Cat. I/259 (tyc2_original_ext_source_id)
#   meta: !!omap
#   - {ucd: ID_CROSSID}
#   - {_votable_string_dtype: char}
# - name: Source
#   datatype: int64
#   description: Source identifier, identical to the Gaia-EDR3 source_id (id)
#   meta: !!omap
#   - {ucd: ID_MAIN}
#   - {width: 19}
# - name: rgeo
#   unit: pc
#   datatype: float64
#   format: '{:15.8f}'
#   description: '? Median of the geometric distance posterior (r_med_geo)'
#   meta: !!omap
#   - {ucd: PHYS_DISTANCE_TRUE}
#   - {width: 15}
#   - {precision: '8'}
#   - values: {'null': .nan}
# - name: Plx
#   unit: mas
#   datatype: float64
#   format: '{:9.4f}'
#   description: '? Parallax (parallax)'
#   meta: !!omap
#   - {ucd: POS_PARLX_TRIG}
#   - {width: 9}
#   - {precision: '4'}
#   - values: {'null': .nan}
# - name: e_Plx
#   unit: mas
#   datatype: float32
#   format: '{:7.4f}'
#   description: '? Standard error of parallax (parallax_error)'
#   meta: !!omap
#   - {ucd: ERROR}
#   - {width: 7}
#   - {precision: '4'}
#   - values: {'null': .nan}
# - name: pmRA
#   unit: mas / yr
#   datatype: float64
#   format: '{:9.3f}'
#   description: '? Proper motion in right ascension direction, pmRA*cosDE (pmra)'
#   meta: !!omap
#   - {ucd: POS_EQ_PMRA}
#   - {width: 9}
#   - {precision: '3'}
#   - values: {'null': .nan}
# - name: pmDE
#   unit: mas / yr
#   datatype: float64
#   format: '{:9.3f}'
#   description: '? Proper motion in declination direction (pmdec)'
#   meta: !!omap
#   - {ucd: POS_EQ_PMDEC}
#   - {width: 9}
#   - {precision: '3'}
#   - values: {'null': .nan}
# - name: e_pmRA
#   unit: mas / yr
#   datatype: float32
#   format: '{:6.3f}'
#   description: '? Standard error of proper motion in right ascension direction (pmra_error)'
#   meta: !!omap
#   - {ucd: ERROR}
#   - {width: 6}
#   - {precision: '3'}
#   - values: {'null': .nan}
# - name: e_pmDE
[...]
#       distance: !astropy.table.SerializedColumn
#         __class__: astropy.coordinates.distances.Distance
#         unit: !astropy.units.Unit {unit: pc}
#         value: !astropy.table.SerializedColumn {name: SkyCoord.distance}
#       frame: icrs
#       obstime: !astropy.time.Time {format: jyear_str, in_subfmt: '*', jd1: 367701545.0, jd2: 0.0, out_subfmt: '*', precision: 3, scale: tt}
#       pm_dec: !astropy.table.SerializedColumn
#         __class__: astropy.units.quantity.Quantity
#         unit: !astropy.units.Unit {unit: mas / yr}
#         value: !astropy.table.SerializedColumn {name: SkyCoord.pm_dec}
#       pm_ra_cosdec: !astropy.table.SerializedColumn
#         __class__: astropy.units.quantity.Quantity
#         unit: !astropy.units.Unit {unit: mas / yr}
#         value: !astropy.table.SerializedColumn {name: SkyCoord.pm_ra_cosdec}
#       ra: !astropy.table.SerializedColumn
#         __class__: astropy.coordinates.angles.Longitude
#         unit: *id001
#         value: !astropy.table.SerializedColumn {name: SkyCoord.ra}
#         wrap_angle: !astropy.coordinates.Angle
#           unit: *id001
#           value: 360.0
#       representation_type: spherical
# schema: astropy-2.0
RA_ICRS_1 DE_ICRS_1 e_RA_ICRS e_DE_ICRS _r_1 HIP TYC2 Source rgeo Plx e_Plx pmRA pmDE e_pmRA e_pmDE RUWE Teff logg Gmag BP-RP BPmag RPmag RV e_RV b_rgeo B_rgeo FG e_FG FBP e_FBP FRP e_FRP RAVE5 RAVE6 e_Gmag e_BPmag e_RPmag e_BP-RP SkyCoord.ra SkyCoord.dec SkyCoord.distance SkyCoord.pm_ra_cosdec SkyCoord.pm_dec rmRA rmDE e_rmRA e_rmDE rRV e_rRV v_pec v_pec3d e_vpec e_vpec3d Pmemb
[from data line 31]
168.28311238494 -58.96963618491 0.0217 0.0197 3.8299 "" "" 5339333674000459520 2636.19043 0.3463 0.0252 -5.962 1.899 0.028 0.027 1.011 7549.1 4.016 15.236177 0.697866 15.507885 14.810019 "" "" 2466.41382 2811.25903 15152.20471 4.6731 8555.8 9.8115 9443.9 10.565 "" "" 0.0027755928394478696 0.00305537 0.003969766 0.007025136 168.28311238494 -58.96963618491 2636.19043 -5.962 1.899000000000001 0.06400002288818385 0.03265793228149416 0.11439262 0.11339262 "" "" 0.8978152575826386 "" 0.10251860506878979 "" 0.87
168.55466545625 -58.97920575256 0.0231 0.0213 9.0118 "" "" 5339353362130540032 2804.00439 0.3192 0.0278 -6.153 1.903 0.03 0.026 0.999 7165.9 4.1653 15.430238 0.72801 15.613786 14.885776 "" "" 2610.65674 3042.58765 12672.19131 4.8186 7760.7 81.877 8807.4 92.199 "" "" 0.0027860788688494785 0.011789664 0.011977761 0.023767425 168.55466545625 -58.97920575256 2804.00439 -6.153 1.9029999999999996 -0.126999977111816 0.036657932281494165 0.11639262 0.11239262 "" "" 1.756864475361153 "" 0.20395418417034808 "" 0.84
168.33295168761 -59.04945401297 0.0249 0.0211 8.6432 "" "" 5339332299610728960 2615.51855 0.3418 0.0282 -6.148 1.916 0.034 0.029 0.952 7580.3 4.2157 15.4412 0.807795 15.720101 14.912306 "" "" 2477.19629 2799.02881 12544.88293 4.5265 7036.8 26.67 8594.8 69.205 "" "" 0.0027830316945925255 0.0049717654 0.009524266 0.014496032 168.33295168761 -59.04945401297 2615.51855 -6.148000000000001 1.916 -0.1219999771118161 0.049657932281494066 0.12039262 0.11539262 "" "" 1.632994388733693 "" 0.19546079503868477 "" 0.85
168.38384646854 -58.9251337112 0.0221 0.0211 2.8297 "" "" 5339356836810868736 2788.94751 0.3261 0.0267 -6.036 1.816 0.028 0.028 1.025 5671.6 3.9088 15.44558 1.169856 15.944383 14.774527 "" "" 2602.30688 3016.37402 12494.38258 10.552 5723.5 19.267 9757.7 27.859 "" "" 0.002903890734288292 0.004598197 0.0048880335 0.00948623 168.38384646854 -58.9251337112 2788.94751 -6.036 1.815999999999997 -0.009999977111815994 -0.0503420677185058 0.11439262 0.11439262 "" "" 0.6785052632077525 "" 0.07761599698480194 "" 0.86
168.0007201281 -58.7769069798 0.0214 0.0214 12.1119 "" "" 5339406383558032640 2772.82861 0.3207 0.0266 -5.949 1.922 0.027 0.026 0.999 7642.1 4.1676 15.54507 0.709132 15.821181 15.112049 "" "" 2586.94312 3069.23462 11400.363 3.8427 6411.3 11.33 7150.5 11.482 "" "" 0.0027795181870310663 0.0033862183 0.0041621253 0.0075483434 168.0007201281 -58.7769069798 2772.82861 -5.949 1.9219999999999997 0.07700002288818375 0.05565793228149407 0.11339262 0.11239262 "" "" 1.248729850569656 "" 0.14116945801159766 "" 0.87
168.53789086581 -59.14405642299 0.0236 0.0218 16.04 "" "" 5339327802829286016 2586.35254 0.3593 0.0298 -5.837 1.867 0.03 0.027 0.943 6581.2 4.0534 15.670301 0.827919 15.973768 15.145849 "" "" 2424.22534 2752.02515 10158.42004 3.1605 5570.7 28.917 6931.4 11.693 "" "" 0.002775949431445422 0.0062888055 0.0041998173 0.010488623 168.53789086581 -59.14405642299 2586.35254 -5.837000000000001 1.8670000000000007 0.18900002288818385 0.0006579322814941335 0.11639262 0.11339262 "" "" 2.317024106049092 "" 0.26968442294471673 "" 0.8
168.58409712163 -58.8829967666 0.0244 0.0251 8.9169 "" "" 5339355565500295168 2682.61841 0.3466 0.0317 -5.931 1.853 0.032 0.031 0.991 6713.8 4.1486 15.912026 0.84321 16.249126 15.405916 "" "" 2442.67798 2956.57007 8130.85139 2.7027 4322.8 8.8126 5455.0 7.1651 "" "" 0.0027788554729595996 0.0035614972 0.0040394934 0.0076009906 168.58409712163 -58.8829967666 2682.61841 -5.931000000000002 1.853000000000001 0.09500002288818354 -0.013342067718505879 0.11839262 0.117392614 "" "" 1.2198384266582938 "" 0.14439636582288276 "" 0.85
