Clusters/Trumpler_33/Trumpler_33_stars_in_region.tsv
# %ECSV 1.0
# ---
# datatype:
# - name: RA_ICRS_1
#   unit: deg
#   datatype: float64
#   format: '{:15.11f}'
#   description: Right ascension (ICRS) at Ep=2016.0 (ra)
#   meta: !!omap
#   - {ucd: POS_EQ_RA_MAIN}
#   - {width: 15}
#   - {precision: '11'}
# - name: DE_ICRS_1
#   unit: deg
#   datatype: float64
#   format: '{:15.11f}'
#   description: Declination (ICRS) at Ep=2016.0 (dec)
#   meta: !!omap
#   - {ucd: POS_EQ_DEC_MAIN}
#   - {width: 15}
#   - {precision: '11'}
# - name: e_RA_ICRS
#   unit: mas
#   datatype: float64
#   format: '{:7.4f}'
#   description: Standard error of right ascension (ra_error)
#   meta: !!omap
#   - {ucd: ERROR}
#   - {width: 7}
#   - {precision: '4'}
# - name: e_DE_ICRS
#   unit: mas
#   datatype: float64
#   format: '{:7.4f}'
#   description: Standard error of declination (dec_error)
#   meta: !!omap
#   - {ucd: ERROR}
#   - {width: 7}
#   - {precision: '4'}
# - name: _r_1
#   unit: ''
#   datatype: float64
#   format: '{:7.4f}'
#   description: Distance from center (276.16410705000-19.71219423000)[ICRS], at Epoch=J2016.0
#   meta: !!omap
#   - {ucd: POS_ANG_DIST_GENERAL}
#   - {width: 7}
#   - {precision: '4'}
# - name: HIP
#   datatype: int32
#   description: '? HIP cross-id number, van Leeuwen, Cat. I/311 (hip_original_ext_source_id)'
#   meta: !!omap
#   - {ucd: ID_NUMBER}
#   - {width: 6}
#   - values: {'null': -2147483648}
# - name: TYC2
#   datatype: string
#   description: Tycho-2 cross-id name, Hog et al., Cat. I/259 (tyc2_original_ext_source_id)
#   meta: !!omap
#   - {ucd: ID_CROSSID}
#   - {_votable_string_dtype: char}
# - name: Source
#   datatype: int64
#   description: Source identifier, identical to the Gaia-EDR3 source_id (id)
#   meta: !!omap
#   - {ucd: ID_MAIN}
#   - {width: 19}
# - name: rgeo
#   unit: pc
#   datatype: float64
#   format: '{:15.8f}'
#   description: '? Median of the geometric distance posterior (r_med_geo)'
#   meta: !!omap
#   - {ucd: PHYS_DISTANCE_TRUE}
#   - {width: 15}
#   - {precision: '8'}
#   - values: {'null': .nan}
# - name: Plx
#   unit: mas
#   datatype: float64
#   format: '{:9.4f}'
#   description: '? Parallax (parallax)'
#   meta: !!omap
#   - {ucd: POS_PARLX_TRIG}
#   - {width: 9}
#   - {precision: '4'}
#   - values: {'null': .nan}
# - name: e_Plx
#   unit: mas
#   datatype: float32
#   format: '{:7.4f}'
#   description: '? Standard error of parallax (parallax_error)'
#   meta: !!omap
#   - {ucd: ERROR}
#   - {width: 7}
#   - {precision: '4'}
#   - values: {'null': .nan}
# - name: pmRA
#   unit: mas / yr
#   datatype: float64
#   format: '{:9.3f}'
#   description: '? Proper motion in right ascension direction, pmRA*cosDE (pmra)'
#   meta: !!omap
#   - {ucd: POS_EQ_PMRA}
#   - {width: 9}
#   - {precision: '3'}
#   - values: {'null': .nan}
# - name: pmDE
#   unit: mas / yr
#   datatype: float64
#   format: '{:9.3f}'
#   description: '? Proper motion in declination direction (pmdec)'
#   meta: !!omap
#   - {ucd: POS_EQ_PMDEC}
#   - {width: 9}
#   - {precision: '3'}
#   - values: {'null': .nan}
# - name: e_pmRA
#   unit: mas / yr
#   datatype: float32
#   format: '{:6.3f}'
#   description: '? Standard error of proper motion in right ascension direction (pmra_error)'
#   meta: !!omap
#   - {ucd: ERROR}
#   - {width: 6}
#   - {precision: '3'}
#   - values: {'null': .nan}
# - name: e_pmDE
[...]
#       distance: !astropy.table.SerializedColumn
#         __class__: astropy.coordinates.distances.Distance
#         unit: !astropy.units.Unit {unit: pc}
#         value: !astropy.table.SerializedColumn {name: SkyCoord.distance}
#       frame: icrs
#       obstime: !astropy.time.Time {format: jyear_str, in_subfmt: '*', jd1: 367701545.0, jd2: 0.0, out_subfmt: '*', precision: 3, scale: tt}
#       pm_dec: !astropy.table.SerializedColumn
#         __class__: astropy.units.quantity.Quantity
#         unit: !astropy.units.Unit {unit: mas / yr}
#         value: !astropy.table.SerializedColumn {name: SkyCoord.pm_dec}
#       pm_ra_cosdec: !astropy.table.SerializedColumn
#         __class__: astropy.units.quantity.Quantity
#         unit: !astropy.units.Unit {unit: mas / yr}
#         value: !astropy.table.SerializedColumn {name: SkyCoord.pm_ra_cosdec}
#       ra: !astropy.table.SerializedColumn
#         __class__: astropy.coordinates.angles.Longitude
#         unit: *id001
#         value: !astropy.table.SerializedColumn {name: SkyCoord.ra}
#         wrap_angle: !astropy.coordinates.Angle
#           unit: *id001
#           value: 360.0
#       representation_type: spherical
# schema: astropy-2.0
RA_ICRS_1 DE_ICRS_1 e_RA_ICRS e_DE_ICRS _r_1 HIP TYC2 Source rgeo Plx e_Plx pmRA pmDE e_pmRA e_pmDE RUWE Teff logg Gmag BP-RP BPmag RPmag RV e_RV b_rgeo B_rgeo FG e_FG FBP e_FBP FRP e_FRP RAVE5 RAVE6 e_Gmag e_BPmag e_RPmag e_BP-RP SkyCoord.ra SkyCoord.dec SkyCoord.distance SkyCoord.pm_ra_cosdec SkyCoord.pm_dec rmRA rmDE e_rmRA e_rmDE rRV e_rRV v_pec v_pec3d e_v_pec e_v_pec3d v_trans_upper v_trans_lower
[from data line 1529]
276.40534064319 -19.36896817183 0.0544 0.0477 24.7013 "" "" 4093035457235343232 1618.9856 0.5912 0.0639 -4.316 -6.533 0.074 0.053 1.262 4895.8 4.1459 15.995938 1.999875 16.948318 14.948443 "" "" 1495.28284 1796.57544 7526.12428 5.6577 2270.3 20.771 8313.4 82.033 "" "" 0.002873666696711047 0.010317835 0.011360647 0.021678481 276.40534064319 -19.36896817183 1618.9856 -4.316000000000008 -6.533 -4.768705889940262 -6.9691176490783695 0.14506894 0.124068946 "" "" 64.80283081710355 "" 7.036193850311263 "" 71.91118579960401 59.85140380756823
276.29188728147 -20.05950419651 0.0531 0.0477 22.0505 "" "" 4092927984243706112 1549.08484 0.6197 0.0577 3.257 -7.387 0.06 0.044 1.189 "" "" 15.996789 1.397418 16.560268 15.16285 "" "" 1434.099 1670.22632 7520.23312 4.8769 3245.7 17.707 6823.7 70.613 "" "" 0.002843862154169425 0.0065475246 0.011854038 0.018401563 276.29188728147 -20.05950419651 1549.08484 3.2570000000000014 -7.386999999999996 2.8042941100597383 -7.823117649078369 0.13106894 0.11506895 "" "" 61.021558168096334 "" 5.509864704776881 "" 65.7935639856662 56.492035353795586
276.11245733202 -20.00718460018 0.0552 0.051 17.9378 "" "" 4091431652094215168 1543.23486 0.6255 0.0595 -1.751 -13.959 0.062 0.051 1.269 5558.2 4.5924 15.999811 1.222155 16.507437 15.285282 "" "" 1396.00708 1799.37524 7499.32549 5.2742 3407.5 12.472 6096.0 20.983 "" "" 0.0028591703183358467 0.004855665 0.0053151133 0.010170778 276.11245733202 -20.00718460018 1543.23486 -1.7510000000000001 -13.959 -2.2037058899402617 -14.395117649078369 0.13306895 0.12206895 "" "" 106.52605739689916 "" 14.816651529525569 "" 124.20685604185951 96.36325240252648
275.96302980541 -19.76617338744 0.043 0.0361 11.8085 "" "" 4092998078210558592 1665.68372 0.5658 0.0469 -5.329 -3.009 0.047 0.037 0.954 6341.3 4.0782 16.000435 1.832067 16.895845 15.063779 "" "" 1542.71448 1804.66858 7495.0169 4.5108 2382.8 9.6245 7475.6 12.8 "" "" 0.002831743691562557 0.0051978156 0.004211858 0.0094096735 275.96302980541 -19.76617338744 1665.68372 -5.329 -3.008999999999999 -5.781705889940262 -3.445117649078369 0.11806895 0.10806895 "" "" 53.1380244452441 "" 5.090549248915675 "" 57.57186791716014 49.21510534441198
276.01196846234 -19.72427319422 0.0436 0.0377 8.6236 "" "" 4092998627966368512 1523.84119 0.6305 0.0459 -4.823 -4.129 0.051 0.04 1.027 5074.5 4.2756 16.001465 1.410905 16.638842 15.227937 "" "" 1427.44128 1678.87439 7487.9097 4.2399 3019.1 12.309 6426.6 18.013 "" "" 0.002823073345569024 0.0052325684 0.0048522917 0.01008486 276.01196846234 -19.72427319422 1523.84119 -4.822999999999983 -4.129 -5.275705889940262 -4.565117649078369 0.12206895 0.11106895 "" "" 50.39225191948956 "" 5.005946386684875 "" 55.51908017531627 47.20438130566521
275.937340705 -19.97538676463 0.0429 0.0395 20.3264 "" "" 4091446048826455296 1166.70532 0.8337 0.0481 3.745 0.596 0.05 0.04 1.09 5290.9 4.6076 16.001558 1.263526 16.536451 15.272925 "" "" 1101.17542 1235.24292 7487.26791 5.834 3317.7 15.487 6165.8 15.215 "" "" 0.002882272620710181 0.005785481 0.0046326984 0.010418179 275.937340705 -19.97538676463 1166.70532 3.7449999999999983 0.596 3.2922941100597383 0.15988235092163083 0.121068954 0.11106895 "" "" 18.22844599603266 "" 1.7167349854044756 "" 19.29926818127622 17.20461570847091
275.86837491553 -19.50827634337 0.0441 0.0399 20.7142 "" "" 4093018178609707136 1304.21704 0.729 0.0489 -3.879 0.761 0.054 0.046 0.924 4715.5 4.3352 16.004225 1.43023 16.636856 15.206626 "" "" 1235.7196 1379.05237 7468.9038 4.2655 3024.6 11.641 6554.0 35.871 "" "" 0.0028242291478606492 0.005024641 0.0070424257 0.0120670665 275.86837491553 -19.50827634337 1304.21704 -3.8789999999999996 0.7610000000000001 -4.331705889940261 0.32488235092163087 0.12506895 0.11706895 "" "" 26.853768280992714 "" 2.2485145289360586 "" 28.394624250066407 25.443409172664236
276.4257447253 -19.81779737375 0.0434 0.0392 16.0749 "" "" 4092941242809702144 1607.81519 0.5946 0.0479 1.796 -0.645 0.05 0.04 0.962 6118.4 4.0433 16.00517 1.439461 16.636736 15.197275 "" "" 1499.69104 1740.23047 7462.4001 4.031 3025.0 11.543 6610.7 28.639 "" "" 0.0028170475183103153 0.0049949684 0.006033906 0.011028875 276.4257447253 -19.81779737375 1607.81519 1.796 -0.6449999999999999 1.3432941100597382 -1.0811176490783692 0.121068954 0.11106895 "" "" 13.14106328872909 "" 1.876482031141709 "" 14.223325470164745 12.2573384010509
275.98435161917 -19.94700013336 0.0415 0.0382 17.3614 "" "" 4091444738763248256 1666.37354 0.5818 0.0479 -3.018 -3.011 0.047 0.037 0.93 5314.3 4.1765 16.005636 1.552668 16.719107 15.166439 "" "" 1554.18701 1795.12134 7459.19417 4.0742 2804.0 8.5952 6801.2 18.298 "" "" 0.002818416374415278 0.004342994 0.004776651 0.009119645 275.98435161917 -19.94700013336 1666.37354 -3.018 -3.010999999999996 -3.4707058899402616 -3.4471176490783693 0.11806895 0.10806895 "" "" 38.63738355451249 "" 3.6874422941410145 "" 41.622595459881346 36.03616966986342
276.30121101917 -19.47938357435 0.0467 0.0419 15.9744 "" "" 4093009687410481920 1335.97278 0.7192 0.0528 0.572 -3.194 0.071 0.049 0.923 5611.9 4.4645 16.006453 1.45127 16.652039 15.200768 "" "" 1241.93335 1424.87952 7453.58747 4.2671 2982.6 13.216 6589.5 13.702 "" "" 0.002824560445143301 0.005561486 0.0044023506 0.0099638365 276.30121101917 -19.47938357435 1335.97278 0.5719999999999998 -3.194 0.11929411005973811 -3.630117649078369 0.14206895 0.12006895 "" "" 23.00016912616831 "" 2.3353068580107355 "" 24.53079167107994 21.381181952995163
276.22060283051 -20.12706649075 0.0428 0.0383 25.0955 "" "" 4091426184502641536 1584.42505 0.607 0.0473 -4.724 -8.901 0.048 0.039 0.981 4913.2 4.1956 16.007244 1.449806 16.672964 15.223158 "" "" 1467.07922 1724.30396 7448.15902 3.7287 2925.7 16.206 6455.0 15.677 "" "" 0.0028084207063063366 0.006629811 0.0046083494 0.011238161 276.22060283051 -20.12706649075 1584.42505 -4.724 -8.901 -5.176705889940262 -9.337117649078369 0.11906895 0.11006895 "" "" 80.17970666014271 "" 7.351435182504722 "" 87.25826804222922 74.24143004226737
275.93255861508 -19.61560338779 0.0429 0.0353 14.3089 "" "" 4093003365213946112 1453.55603 0.6658 0.0469 4.303 -0.978 0.05 0.039 1.005 "" "" 16.008055 "" "" "" "" "" 1372.28625 1564.61633 7442.6076 6.6447 "" "" "" "" "" "" 0.0029208564946760543 "" "" "" 275.93255861508 -19.61560338779 1453.55603 4.303 -0.9779999999999998 3.850294110059738 -1.4141176490783691 0.121068954 0.11006895 "" "" 28.26058304887618 "" 2.6951808517297273 "" 30.419859173638365 26.680505418807876
276.5820155236 -19.55002775846 0.075 0.0694 25.5429 "" "" 4092981134467349376 1348.87952 0.7754 0.0886 -2.05 -3.471 0.107 0.078 2.001 "" "" 16.009819 1.33632 16.413555 15.077235 "" "" 1187.14783 1530.57141 7430.52308 11.283 3715.3 10.825 7383.5 14.765 "" "" 0.0032108954120772964 0.004218097 0.00435864 0.008576737 276.5820155236 -19.55002775846 1348.87952 -2.049999999999999 -3.471000000000002 -2.5027058899402617 -3.9071176490783692 0.17806895 0.14906895 "" "" 29.66637563208461 "" 4.787076670747372 "" 33.66238845467042 26.109354418542974
275.77070318891 -19.77801929503 0.0404 0.0358 22.5647 "" "" 4091499061511015680 1566.08081 0.6194 0.0449 -0.735 -11.779 0.051 0.038 0.99 5375.2 4.1997 16.01403 1.628835 16.78178 15.152945 "" "" 1487.16699 1680.29272 7401.75355 4.124 2646.7 11.955 6886.2 10.796 "" "" 0.0028209457818502235 0.0056423694 0.0041450174 0.009787386 275.77070318891 -19.77801929503 1566.08081 -0.7350000000000001 -11.77899999999998 -1.1877058899402617 -12.215117649078369 0.12206895 0.109068945 "" "" 91.10316455341322 "" 6.427923728827003 "" 97.74718085464714 86.51253379981983
275.89671121731 -19.85886607178 0.0422 0.0368 17.4744 "" "" 4091496076562939264 1213.43274 0.7947 0.0454 4.625 -6.98 0.05 0.04 1.054 "" "" 16.015429 "" "" "" "" "" 1149.54346 1279.84595 7392.22536 7.6582 "" "" "" "" "" "" 0.0029760657205065307 "" "" "" 275.89671121731 -19.85886607178 1213.43274 4.625000000000011 -6.980000000000029 4.172294110059738 -7.41611764907837 0.121068954 0.11106895 "" "" 48.9422402741685 "" 3.280914106912391 "" 51.620931209439306 46.36534879132981
276.42395830914 -20.01527490346 0.0478 0.0409 23.3603 "" "" 4092929835376002688 1354.20105 0.7048 0.0512 0.427 -3.646 0.057 0.045 1.12 5523.2 4.2652 16.015455 1.482048 16.65645 15.174402 "" "" 1288.87317 1439.29382 7392.04485 4.9919 2970.5 14.678 6751.5 47.503 "" "" 0.00285120664756428 0.0060470817 0.008522931 0.014570013 276.42395830914 -20.01527490346 1354.20105 0.4270000000000001 -3.645999999999999 -0.02570588994026185 -4.082117649078369 0.12806895 0.11606895 "" "" 26.203277476915368 "" 2.2003310194255077 "" 27.849790351491375 24.939207738807706
276.02496811103 -19.51932159135 0.0402 0.0348 13.9914 "" "" 4093005667316763520 1294.00745 0.7393 0.0473 -1.252 -5.069 0.051 0.04 1.009 5284.5 4.5792 16.015581 1.19454 16.518597 15.324057 "" "" 1226.42261 1388.66614 7391.18694 3.8706 3372.7 20.153 5882.1 17.286 "" "" 0.0028133730437036723 0.007062183 0.004946141 0.012008324 276.02496811103 -19.51932159135 1294.00745 -1.2520000000000007 -5.069 -1.7047058899402618 -5.505117649078369 0.12206895 0.11106895 "" "" 35.34800211798176 "" 2.9033980814651925 "" 37.933764336433725 33.5018079036722
275.94723295798 -19.73658174893 0.0444 0.0395 12.3361 "" "" 4092998383051505152 1523.21423 0.6322 0.0508 1.481 -0.449 0.05 0.039 0.961 7939.4 4.4107 16.01665 1.553121 16.733711 15.180591 "" "" 1409.08289 1641.6803 7383.92419 4.295 2766.5 10.147 6713.1 9.9335 "" "" 0.0028267704334446965 0.004862465 0.0041066823 0.008969147 275.94723295798 -19.73658174893 1523.21423 1.4809999999999999 -0.4489999999999999 1.0282941100597383 -0.8851176490783692 0.121068954 0.11006895 "" "" 9.79592003861799 "" 1.5891655287189392 "" 10.557785392915081 9.061931700982564
276.22622151852 -20.0522482206 0.0452 0.0397 20.7021 "" "" 4091427833770708608 1442.29578 0.6732 0.0496 -0.598 -2.438 0.051 0.042 1.083 5437.9 4.5516 16.01677 1.201592 16.505444 15.303851 "" "" 1344.63965 1542.03601 7383.1053 9.3095 3413.8 12.343 5992.6 22.337 "" "" 0.00307668986840347 0.0048161657 0.0055373264 0.010353493 276.22622151852 -20.0522482206 1442.29578 -0.598 -2.438 -1.0507058899402617 -2.8741176490783693 0.12206895 0.11306895 "" "" 20.92067949075222 "" 2.212129026168682 "" 22.367423919390784 19.504165191558176
276.13327990751 -19.40997149112 0.0437 0.0379 18.2169 "" "" 4093013879294725376 1390.39929 0.7018 0.047 8.371 0.906 0.055 0.042 1.089 5864.3 4.4905 16.0171 1.295424 16.580704 15.285279 "" "" 1310.36401 1513.66602 7380.85808 4.1391 3185.2 10.472 6096.0 12.855 "" "" 0.0028217919823889403 0.0045306687 0.0044188 0.008949469 276.13327990751 -19.40997149112 1390.39929 8.371 0.9060000000000001 7.918294110059739 0.4698823509216309 0.12606895 0.11306895 "" "" 52.27726112735158 "" 4.6525209821665126 "" 56.911934835020645 49.268035459550276
275.97849159625 -19.99877879304 0.0422 0.0391 20.1344 "" "" 4091442848977074944 1426.28638 0.6781 0.0475 1.669 3.558 0.048 0.038 0.947 5658.6 4.5238 16.018526 1.224479 16.553314 15.328836 "" "" 1338.61963 1532.63733 7371.16522 3.3884 3266.6 19.516 5856.3 16.184 "" "" 0.0028001579957544123 0.007061262 0.004825603 0.011886865 275.97849159625 -19.99877879304 1426.28638 1.669 3.558 1.2162941100597382 3.1218823509216307 0.11906895 0.109068945 "" "" 22.65104931917594 "" 2.28724191219868 "" 24.340023320029267 21.25880165717283
276.1981648617 -19.55751577547 0.0413 0.0358 9.4782 "" "" 4093007458420053376 1277.61768 0.7554 0.0447 2.127 -0.284 0.051 0.04 0.896 5600.1 4.5272 16.018736 1.202722 16.541288 15.338566 "" "" 1207.99426 1363.80835 7369.74566 3.6877 3302.9 9.9119 5804.1 14.45 "" "" 0.0028083709729777293 0.0042896746 0.004646538 0.008936212 276.1981648617 -19.55751577547 1277.61768 2.127 -0.284 1.674294110059738 -0.7201176490783692 0.12206895 0.11106895 "" "" 11.037430170569198 "" 1.4022845172523748 "" 11.78203750997262 10.435948484368508
276.0761687586 -19.59961740747 0.0434 0.0372 8.3854 "" "" 4093001990824461056 1245.99109 0.7852 0.0481 -4.074 -3.663 0.053 0.04 1.136 5386.0 4.5402 16.018755 1.307415 16.578114 15.270699 "" "" 1184.37024 1321.06653 7369.60864 4.0562 3192.8 10.655 6178.4 17.254 "" "" 0.002819378745142599 0.004573123 0.0048453202 0.009418443 276.0761687586 -19.59961740747 1245.99109 -4.073999999999993 -3.6629999999999985 -4.526705889940262 -4.099117649078369 0.124068946 0.11106895 "" "" 36.067146324838 "" 2.6776460319307493 "" 38.24032147963112 34.28343516394126
275.98844664517 -19.89515527256 0.046 0.0387 14.7933 "" "" 4091448144770550784 1619.35669 0.5965 0.0488 0.387 -0.068 0.053 0.04 1.057 7741.8 4.1889 16.018913 1.549791 16.712233 15.162441 "" "" 1524.46069 1723.43335 7368.54146 4.8973 2821.8 6.3358 6826.2 13.32 "" "" 0.0028482455986438993 0.0037051258 0.00433269 0.008037816 275.98844664517 -19.89515527256 1619.35669 0.3869999999999999 -0.068 -0.06570588994026183 -0.5041176490783692 0.124068946 0.11106895 "" "" 3.902210554785209 "" 1.0940352073815496 "" 4.153007086313289 3.673536924637118
276.27615450592 -20.02670494283 0.0414 0.0383 19.9017 "" "" 4092929049490835456 1425.79834 0.6852 0.0464 3.487 -1.393 0.046 0.037 0.956 5760.7 4.5384 16.019594 1.186646 16.53439 15.347744 "" "" 1342.67053 1511.92993 7363.91643 3.6123 3324.0 11.155 5755.2 12.748 "" "" 0.0028063231599097897 0.0045892266 0.004479677 0.0090689035 276.27615450592 -20.02670494283 1425.79834 3.486999999999993 -1.3930000000000007 3.0342941100597383 -1.8291176490783692 0.11706895 0.10806895 "" "" 23.94437475299359 "" 2.1966825523267666 "" 25.390839523762782 22.548354446899218
275.80473877664 -19.96382282502 0.0386 0.0341 25.2848 "" "" 4091440993551627776 1221.7572 0.8021 0.041 -4.13 -23.856 0.048 0.038 0.971 5573.7 4.5643 16.019783 1.197662 16.538279 15.340616 "" "" 1165.21558 1269.59338 7362.64372 3.4294 3312.1 14.221 5793.1 11.871 "" "" 0.00280134617248996 0.00543297 0.004385622 0.009818592 275.80473877664 -19.96382282502 1221.7572 -4.130000000000003 -23.855999999999987 -4.582705889940262 -24.29211764907837 0.11906895 0.109068945 "" "" 143.16019946442992 "" 6.7489788386216345 "" 148.76543516135595 136.53489813840378
276.04133452069 -20.08769634137 0.0433 0.042 23.5708 "" "" 4091429246912500736 1616.30396 0.5993 0.0474 -12.071 0.603 0.05 0.042 0.872 6009.0 4.3857 16.021263 1.285248 16.587772 15.302525 "" "" 1502.00598 1755.94666 7352.61492 3.6617 3164.5 11.201 6000.0 10.609 "" "" 0.0028078742552100316 0.0047491137 0.004239011 0.008988125 276.04133452069 -20.08769634137 1616.30396 -12.071000000000002 0.6030000000000008 -12.523705889940262 0.16688235092163084 0.121068954 0.11306895 "" "" 95.95614515636797 "" 8.465461658603092 "" 104.24640213948342 89.17054428463612
275.79999379719 -19.60788651101 0.0463 0.0407 21.5041 "" "" 4093015704758383104 1589.74756 0.5984 0.0517 0.618 -1.853 0.05 0.039 0.991 7981.1 4.2182 16.021475 1.477288 16.691568 15.21428 "" "" 1473.83752 1753.20007 7351.17422 4.5044 2876.0 15.0 6508.0 17.983 "" "" 0.0028344994229442338 0.006312819 0.0048253974 0.011138217 275.79999379719 -19.60788651101 1589.74756 0.618 -1.853 0.16529411005973815 -2.289117649078369 0.121068954 0.11006895 "" "" 17.294336555340273 "" 2.349411507965039 "" 19.072482211846346 16.03338966519191
