Clusters/Trumpler_33/Trumpler_33_stars_in_region.tsv
# %ECSV 1.0
# ---
# datatype:
# - name: RA_ICRS_1
#   unit: deg
#   datatype: float64
#   format: '{:15.11f}'
#   description: Right ascension (ICRS) at Ep=2016.0 (ra)
#   meta: !!omap
#   - {ucd: POS_EQ_RA_MAIN}
#   - {width: 15}
#   - {precision: '11'}
# - name: DE_ICRS_1
#   unit: deg
#   datatype: float64
#   format: '{:15.11f}'
#   description: Declination (ICRS) at Ep=2016.0 (dec)
#   meta: !!omap
#   - {ucd: POS_EQ_DEC_MAIN}
#   - {width: 15}
#   - {precision: '11'}
# - name: e_RA_ICRS
#   unit: mas
#   datatype: float64
#   format: '{:7.4f}'
#   description: Standard error of right ascension (ra_error)
#   meta: !!omap
#   - {ucd: ERROR}
#   - {width: 7}
#   - {precision: '4'}
# - name: e_DE_ICRS
#   unit: mas
#   datatype: float64
#   format: '{:7.4f}'
#   description: Standard error of declination (dec_error)
#   meta: !!omap
#   - {ucd: ERROR}
#   - {width: 7}
#   - {precision: '4'}
# - name: _r_1
#   unit: ''
#   datatype: float64
#   format: '{:7.4f}'
#   description: Distance from center (276.16410705000-19.71219423000)[ICRS], at Epoch=J2016.0
#   meta: !!omap
#   - {ucd: POS_ANG_DIST_GENERAL}
#   - {width: 7}
#   - {precision: '4'}
# - name: HIP
#   datatype: int32
#   description: '? HIP cross-id number, van Leeuwen, Cat. I/311 (hip_original_ext_source_id)'
#   meta: !!omap
#   - {ucd: ID_NUMBER}
#   - {width: 6}
#   - values: {'null': -2147483648}
# - name: TYC2
#   datatype: string
#   description: Tycho-2 cross-id name, Hog et al., Cat. I/259 (tyc2_original_ext_source_id)
#   meta: !!omap
#   - {ucd: ID_CROSSID}
#   - {_votable_string_dtype: char}
# - name: Source
#   datatype: int64
#   description: Source identifier, identical to the Gaia-EDR3 source_id (id)
#   meta: !!omap
#   - {ucd: ID_MAIN}
#   - {width: 19}
# - name: rgeo
#   unit: pc
#   datatype: float64
#   format: '{:15.8f}'
#   description: '? Median of the geometric distance posterior (r_med_geo)'
#   meta: !!omap
#   - {ucd: PHYS_DISTANCE_TRUE}
#   - {width: 15}
#   - {precision: '8'}
#   - values: {'null': .nan}
# - name: Plx
#   unit: mas
#   datatype: float64
#   format: '{:9.4f}'
#   description: '? Parallax (parallax)'
#   meta: !!omap
#   - {ucd: POS_PARLX_TRIG}
#   - {width: 9}
#   - {precision: '4'}
#   - values: {'null': .nan}
# - name: e_Plx
#   unit: mas
#   datatype: float32
#   format: '{:7.4f}'
#   description: '? Standard error of parallax (parallax_error)'
#   meta: !!omap
#   - {ucd: ERROR}
#   - {width: 7}
#   - {precision: '4'}
#   - values: {'null': .nan}
# - name: pmRA
#   unit: mas / yr
#   datatype: float64
#   format: '{:9.3f}'
#   description: '? Proper motion in right ascension direction, pmRA*cosDE (pmra)'
#   meta: !!omap
#   - {ucd: POS_EQ_PMRA}
#   - {width: 9}
#   - {precision: '3'}
#   - values: {'null': .nan}
# - name: pmDE
#   unit: mas / yr
#   datatype: float64
#   format: '{:9.3f}'
#   description: '? Proper motion in declination direction (pmdec)'
#   meta: !!omap
#   - {ucd: POS_EQ_PMDEC}
#   - {width: 9}
#   - {precision: '3'}
#   - values: {'null': .nan}
# - name: e_pmRA
#   unit: mas / yr
#   datatype: float32
#   format: '{:6.3f}'
#   description: '? Standard error of proper motion in right ascension direction (pmra_error)'
#   meta: !!omap
#   - {ucd: ERROR}
#   - {width: 6}
#   - {precision: '3'}
#   - values: {'null': .nan}
# - name: e_pmDE
[...]
#       distance: !astropy.table.SerializedColumn
#         __class__: astropy.coordinates.distances.Distance
#         unit: !astropy.units.Unit {unit: pc}
#         value: !astropy.table.SerializedColumn {name: SkyCoord.distance}
#       frame: icrs
#       obstime: !astropy.time.Time {format: jyear_str, in_subfmt: '*', jd1: 367701545.0, jd2: 0.0, out_subfmt: '*', precision: 3, scale: tt}
#       pm_dec: !astropy.table.SerializedColumn
#         __class__: astropy.units.quantity.Quantity
#         unit: !astropy.units.Unit {unit: mas / yr}
#         value: !astropy.table.SerializedColumn {name: SkyCoord.pm_dec}
#       pm_ra_cosdec: !astropy.table.SerializedColumn
#         __class__: astropy.units.quantity.Quantity
#         unit: !astropy.units.Unit {unit: mas / yr}
#         value: !astropy.table.SerializedColumn {name: SkyCoord.pm_ra_cosdec}
#       ra: !astropy.table.SerializedColumn
#         __class__: astropy.coordinates.angles.Longitude
#         unit: *id001
#         value: !astropy.table.SerializedColumn {name: SkyCoord.ra}
#         wrap_angle: !astropy.coordinates.Angle
#           unit: *id001
#           value: 360.0
#       representation_type: spherical
# schema: astropy-2.0
RA_ICRS_1 DE_ICRS_1 e_RA_ICRS e_DE_ICRS _r_1 HIP TYC2 Source rgeo Plx e_Plx pmRA pmDE e_pmRA e_pmDE RUWE Teff logg Gmag BP-RP BPmag RPmag RV e_RV b_rgeo B_rgeo FG e_FG FBP e_FBP FRP e_FRP RAVE5 RAVE6 e_Gmag e_BPmag e_RPmag e_BP-RP SkyCoord.ra SkyCoord.dec SkyCoord.distance SkyCoord.pm_ra_cosdec SkyCoord.pm_dec rmRA rmDE e_rmRA e_rmDE rRV e_rRV v_pec v_pec3d e_v_pec e_v_pec3d v_trans_upper v_trans_lower
[from data line 351]
276.28385352887 -19.32195231436 0.0196 0.0186 24.3741 "" "" 4093038244754070784 1288.22424 0.7335 0.0241 7.261 -5.224 0.026 0.02 0.845 5788.7 4.01 14.035722 1.078255 14.488049 13.409794 46.53 9.84 1252.25378 1330.24866 45778.12209 9.2683 21888.0 20.588 34296.0 20.11 "" "" 0.002764074900996316 0.0029711952 0.0038326278 0.0068038227 276.28385352887 -19.32195231436 1288.22424 7.261 -5.224 6.808294110059738 -5.660117649078369 0.09706895 0.09106895 "" "" 54.062931121862775 "" 2.21463461041973 "" 55.82657075334202 52.553358144566744
275.83441795311 -19.92404471458 0.0177 0.0155 22.5365 "" "" 4091447075225699456 1302.83093 0.7231 0.0188 0.451 0.558 0.022 0.018 0.993 9622.9 4.2999 14.035984 0.880034 14.385138 13.505103 "" "" 1272.61462 1336.43542 45767.06073 11.585 24064.0 32.92 31414.0 27.66 "" "" 0.0027689929656283005 0.0031608837 0.0038984155 0.0070592994 275.83441795311 -19.92404471458 1302.83093 0.4510000000000002 0.558 -0.0017058899402618288 0.12188235092163091 0.09306895 0.08906895 "" "" 0.752748256365979 "" 0.5684801496694809 "" 0.7721642225294226 0.735289909206295
276.61032993809 -19.65718126448 0.0252 0.0248 25.4239 "" "" 4092967463688222208 1345.93433 0.7027 0.0312 -3.192 -2.58 0.034 0.026 1.379 7285.9 3.7952 14.036602 1.211771 14.550848 13.339077 44.77 15.12 1299.37048 1411.08777 45741.02252 10.277 20657.0 22.56 36604.0 29.829 "" "" 0.002766097723209638 0.0030316778 0.0038815667 0.0069132447 276.61032993809 -19.65718126448 1345.93433 -3.1919999999999993 -2.58 -3.644705889940262 -3.016117649078369 0.10506895 0.09706895 "" "" 30.181475562254253 "" 1.902634397892589 "" 31.642488119350407 29.137319343384743
276.06123588289 -19.33995798968 0.0224 0.0201 23.0793 "" "" 4093027009113060992 1500.0647 0.6274 0.0252 3.29 -9.045 0.026 0.021 1.266 "" "" 14.044967 2.040663 15.084217 13.043554 4.81 2.22 1451.5481 1565.23132 45390.00383 18.03 12640.0 18.63 48055.0 29.714 "" "" 0.00278886935165318 0.0032165004 0.0038385456 0.007055046 276.06123588289 -19.33995798968 1500.0647 3.29 -9.044999999999996 2.837294110059738 -9.481117649078369 0.09706895 0.09206895 "" "" 70.3675514783638 "" 3.324054678630461 "" 73.42449661381094 68.09165341339688
275.78002186873 -19.7935705923 0.0189 0.0166 22.2319 "" "" 4091498962817314944 1384.10107 0.6812 0.0198 0.807 0.97 0.024 0.021 0.91 9386.6 4.1528 14.047293 0.762806 14.343219 13.580413 "" "" 1341.65027 1423.35486 45292.84306 14.015 25011.0 32.388 29308.0 26.021 "" "" 0.002775726690997953 0.0031243898 0.0039003794 0.007024769 275.78002186873 -19.7935705923 1384.10107 0.807 0.9700000000000001 0.3542941100597382 0.5338823509216308 0.09506895 0.09206895 "" "" 4.20369937505854 "" 0.7341899997735639 "" 4.322918365685922 4.074770639073433
276.52347505054 -19.61843969737 0.0213 0.0198 21.0693 "" "" 4092968696241639040 1229.18494 0.7714 0.0238 -3.129 -7.395 0.032 0.023 0.776 6564.0 4.0137 14.050272 0.999071 14.423205 13.424134 32.98 12.07 1184.80237 1265.09412 45168.73738 11.84 23235.0 86.447 33846.0 198.29 "" "" 0.002769979736281478 0.004909471 0.007398961 0.012308432 276.52347505054 -19.61843969737 1229.18494 -3.129 -7.394999999999999 -3.581705889940262 -7.831117649078369 0.10306895 0.09406895 "" "" 50.17251281806552 "" 2.1961643952216 "" 51.63824326692395 48.36091800449444
276.37577910498 -19.44764653211 0.0221 0.0194 19.8779 "" "" 4092986430266122240 1333.7832 0.7087 0.0249 0.129 -1.75 0.033 0.025 0.975 7844.8 4.0572 14.050276 0.854667 14.378698 13.524032 "" "" 1296.03882 1380.50403 45168.56943 19.35 24207.0 37.054 30871.0 24.444 "" "" 0.0027943031211467603 0.0032476347 0.0038759266 0.0071235616 276.37577910498 -19.44764653211 1333.7832 0.129 -1.75 -0.32370588994026184 -2.186117649078369 0.10406895 0.09606895 "" "" 13.971620566138075 "" 1.050884073398715 "" 14.461029721460351 13.576241350187438
276.38697662482 -19.54265428901 0.0229 0.0218 16.19 "" "" 4092961411977601024 1178.89148 0.8062 0.0271 2.174 1.898 0.035 0.024 0.879 "" "" 14.053198 1.354289 14.654282 13.299993 "" "" 1140.77722 1216.96643 45047.16833 9.6067 18780.0 21.059 37946.0 32.811 "" "" 0.002765031900987576 0.0030442302 0.0038942383 0.0069384687 276.38697662482 -19.54265428901 1178.89148 2.174 1.8979999999999997 1.721294110059738 1.4618823509216308 0.106068954 0.09506895 "" "" 12.619300304873699 "" 0.9755397041489472 "" 13.026868971111792 12.211310849527024
276.09114413886 -19.44109814321 0.0221 0.0189 16.7806 "" "" 4093012985941381760 1294.5376 0.7373 0.0242 0.716 -6.771 0.027 0.021 1.189 6007.3 3.9902 14.058627 1.089436 14.471698 13.382262 46.9 8.12 1255.17212 1328.33289 44822.46233 16.922 22220.0 37.167 35177.0 253.14 "" "" 0.002785643417159825 0.0033291494 0.008679233 0.012008382 276.09114413886 -19.44109814321 1294.5376 0.716 -6.771 0.26329411005973813 -7.207117649078369 0.09806895 0.09206895 "" "" 44.253155021947215 "" 1.8154788397763866 "" 45.40843101190814 42.90746472376401
276.56273049918 -19.70095709796 0.0211 0.0198 22.5267 "" "" 4092943824179800704 1242.03015 0.7618 0.0239 3.087 -4.77 0.032 0.023 0.955 6649.7 3.9358 14.062154 1.046001 14.497077 13.451076 36.13 7.87 1200.73853 1287.30701 44677.11986 9.0036 21706.0 25.97 33016.0 27.516 "" "" 0.0027639943226196945 0.0030777436 0.0038861951 0.0069639385 276.56273049918 -19.70095709796 1242.03015 3.0869999999999993 -4.77 2.6342941100597383 -5.206117649078369 0.10306895 0.09406895 "" "" 34.34989817987238 "" 1.7620887428040732 "" 35.60208640646603 33.20792675294528
276.44899899013 -19.81247843505 0.0201 0.0189 17.1752 "" "" 4092941448968168192 1253.1532 0.7599 0.0244 0.696 0.526 0.023 0.019 0.965 9484.5 4.191 14.063159 0.772781 14.361658 13.588877 "" "" 1213.64917 1296.19568 44635.77727 16.494 24590.0 23.609 29081.0 31.142 "" "" 0.0027843770328468812 0.0029785384 0.0039541824 0.0069327205 276.44899899013 -19.81247843505 1253.1532 0.6960000000000004 0.5260000000000002 0.2432941100597381 0.08988235092163088 0.09406895 0.09006895 "" "" 1.540621669952224 "" 0.6067059300222946 "" 1.5935379274508965 1.492055569120783
276.27451087903 -19.80319052041 0.0246 0.0227 8.2871 "" "" 4092948050428899712 1238.62317 0.7643 0.0244 -2.69 0.185 0.028 0.023 0.828 "" "" 14.068962 0.843378 14.399368 13.55599 "" "" 1203.4928 1285.29871 44397.85207 41.413 23750.0 97.04 29975.0 63.39 "" "" 0.0029355470767195237 0.005240701 0.004422181 0.0096628815 276.27451087903 -19.80319052041 1238.62317 -2.69 0.18499999999999994 -3.142705889940262 -0.25111764907836914 0.099068955 0.09406895 "" "" 18.509867687893596 "" 1.1927094755957373 "" 19.20738255002958 17.984882756014155
276.19770104655 -20.07575638093 0.0203 0.0184 21.8959 "" "" 4091427322766866176 1408.50635 0.6674 0.0227 0.311 0.782 0.023 0.019 1.008 7942.7 4.0939 14.069726 0.762787 14.36355 13.600763 "" "" 1355.17224 1457.23853 44366.61811 13.616 24547.0 28.439 28764.0 26.728 "" "" 0.0027753951153846957 0.0030606072 0.003911723 0.00697233 276.19770104655 -20.07575638093 1408.50635 0.31099999999999994 0.7820000000000001 -0.14170588994026184 0.3458823509216309 0.09406895 0.09006895 "" "" 2.4955077160802 "" 0.6956573667298117 "" 2.581848492045753 2.4010135144493234
275.98622468669 -20.05284659128 0.0201 0.0187 22.7705 "" "" 4091441543306359040 1352.61853 0.6945 0.0236 -1.097 -1.347 0.023 0.018 0.889 "" "" 14.082422 1.047023 14.514729 13.467707 21.81 11.62 1315.98035 1391.56543 43850.81499 11.535 21356.0 26.741 32514.0 27.097 "" "" 0.002770082856419822 0.0031037577 0.0038861902 0.006989948 275.98622468669 -20.05284659128 1352.61853 -1.097 -1.347 -1.5497058899402618 -1.7831176490783691 0.09406895 0.08906895 "" "" 15.146540681117003 "" 1.0082660339682925 "" 15.582665717237422 14.73626855224702
275.99810970738 -19.82897883967 0.021 0.0177 11.7025 "" "" 4091449484800441344 1322.57947 0.7194 0.0223 0.616 5.533 0.024 0.019 0.813 5761.5 3.9678 14.086298 1.292381 14.654263 13.361881 42.66 8.09 1287.10364 1356.70862 43694.58053 10.932 18781.0 19.966 35843.0 29.867 "" "" 0.0027686781294474845 0.0030194903 0.0038861595 0.00690565 275.99810970738 -19.82897883967 1322.57947 0.6159999999999999 5.5329999999999995 0.16329411005973815 5.096882350921631 0.09506895 0.09006895 "" "" 31.968885868399372 "" 1.4059101885614806 "" 32.79384264860366 31.1113776535193
276.3405552862 -19.65996068737 0.0212 0.0193 10.4492 "" "" 4092955918810036352 1530.9054 0.61 0.0241 1.079 -0.206 0.025 0.019 0.88 "" "" 14.086803 1.074072 14.530748 13.456677 "" "" 1476.84534 1577.28979 43674.25612 10.312 21043.0 24.405 32846.0 25.27 "" "" 0.0027672201329413983 0.00306115 0.0038705901 0.00693174 276.3405552862 -19.65996068737 1530.9054 1.078999999999994 -0.20600000000000018 0.6262941100597381 -0.6421176490783691 0.09606895 0.09006895 "" "" 6.508872282765163 "" 0.8886890866771482 "" 6.706082424178191 6.2790278873253
276.17483433754 -19.6924833978 0.0199 0.0167 1.3289 "" "" 4092952757713460096 1327.33728 0.715 0.022 0.146 0.675 0.024 0.018 0.983 "" "" 14.087368 0.803198 14.401261 13.598063 "" "" 1290.37915 1361.68213 43651.53254 10.929 23709.0 25.543 28836.0 20.628 "" "" 0.0027686970989787064 0.003025442 0.0038583637 0.0068838056 276.17483433754 -19.6924833978 1327.33728 0.14599999999999996 0.675 -0.3067058899402618 0.2388823509216309 0.09506895 0.08906895 "" "" 2.445905584344415 "" 0.6498626379655222 "" 2.5091933874327688 2.37780224850356
276.5537001813 -19.95227144018 0.0214 0.0184 26.2872 "" "" 4092748519037501440 1371.40894 0.6886 0.0228 -0.334 -2.856 0.026 0.02 0.907 9289.0 4.1329 14.087983 0.750084 14.362078 13.611994 "" "" 1329.63159 1423.13232 43626.80826 13.002 24580.0 71.685 28468.0 81.267 "" "" 0.0027742554141501623 0.0042203516 0.0048877583 0.009108109 276.5537001813 -19.95227144018 1371.40894 -0.33399999999999874 -2.8559999999999994 -0.7867058899402619 -3.292117649078369 0.09706895 0.09106895 "" "" 22.0028900070575 "" 1.3442271491029418 "" 22.832740103363008 21.33261405214332
276.15513878667 -19.86024101861 0.0228 0.0208 8.8972 "" "" 4092946877803378944 1270.96228 0.7544 0.0239 2.992 0.897 0.024 0.02 0.901 6580.3 3.9692 14.091365 1.077931 14.541306 13.463374 "" "" 1232.96216 1306.54517 43491.12363 12.152 20840.0 28.236 32644.0 22.312 "" "" 0.0027719708248144007 0.0031542128 0.0038515492 0.0070057623 276.15513878667 -19.86024101861 1270.96228 2.992 0.897 2.539294110059738 0.4608823509216309 0.09506895 0.09106895 "" "" 15.54755291259721 "" 1.022043594145765 "" 15.98283480393558 15.082701291363383
275.74850332725 -19.51662618886 0.0214 0.0184 26.257 "" "" 4093020171524570112 1236.22131 0.7714 0.0238 -0.616 -1.998 0.024 0.019 0.93 6431.1 3.9464 14.09391 1.17976 14.600257 13.420497 -17.75 5.77 1201.07666 1287.85229 43389.30272 13.174 19738.0 24.159 33959.0 21.123 "" "" 0.002774970563608828 0.0030904834 0.003839247 0.00692973 275.74850332725 -19.51662618886 1236.22131 -0.6159999999999992 -1.9979999999999996 -1.068705889940262 -2.4341176490783694 0.09506895 0.09006895 "" "" 15.577364693876829 "" 1.0793409891484909 "" 16.227955812519056 15.13451435174136
276.1509062178 -19.81407105044 0.0229 0.0201 6.1579 "" "" 4092947290120348544 1353.28198 0.6993 0.0265 0.464 0.479 0.026 0.019 0.78 7982.4 4.1659 14.095929 0.781031 14.397367 13.616337 "" "" 1310.20349 1403.2738 43308.69698 18.356 23794.0 23.165 28355.0 22.598 "" "" 0.0027934843030583733 0.002983684 0.0038771722 0.006860856 276.1509062178 -19.81407105044 1353.28198 0.46399999999999997 0.47900000000000004 0.011294110059738183 0.04288235092163084 0.09706895 0.09006895 "" "" 0.28445162534000107 "" 0.5905517189408277 "" 0.29495960125548965 0.2753967892609062
276.18384416144 -19.51809353976 0.0194 0.0167 11.6993 "" "" 4093008622254260736 1152.21851 0.8303 0.0211 1.263 -3.978 0.024 0.018 0.958 6028.6 3.8359 14.096025 1.159117 14.50268 13.343563 57.47 11.08 1126.47473 1181.92651 43304.84725 13.829 21595.0 78.666 36453.0 561.49 "" "" 0.002777049510864317 0.004840239 0.017145459 0.021985698 276.18384416144 -19.51809353976 1152.21851 1.263 -3.978 0.8102941100597381 -4.414117649078369 0.09506895 0.08906895 "" "" 24.51059333747268 "" 1.077354035006994 "" 25.142557414208127 23.96295821698728
276.34369936998 -19.52102233905 0.0226 0.0201 15.3164 "" "" 4092962412801034368 1339.19812 0.6975 0.0255 1.052 -1.285 0.035 0.024 1.013 "" "" 14.096481 2.08174 15.15416 13.07242 -26.4 2.6 1299.37256 1383.93848 43286.65971 14.245 11851.0 24.168 46794.0 28.803 "" "" 0.002778390270541818 0.0035619624 0.003838014 0.0073999763 276.34369936998 -19.52102233905 1339.19812 1.0520000000000054 -1.285000000000001 0.5992941100597382 -1.721117649078369 0.106068954 0.09506895 "" "" 11.568677744267811 "" 0.9766755246906131 "" 11.955167838058063 11.224644204536586
276.10451204896 -19.82810535299 0.0205 0.0184 7.7259 "" "" 4092949802775846784 1196.7218 0.7931 0.0236 0.84 -4.624 0.023 0.019 0.862 6268.0 3.9757 14.097295 0.953929 14.486299 13.532371 "" "" 1162.7782 1239.14624 43254.25766 12.02 21923.0 25.781 30634.0 39.697 "" "" 0.002771790507500692 0.0030684322 0.0040327697 0.007101202 276.10451204896 -19.82810535299 1196.7218 0.8400000000000001 -4.624 0.38729411005973813 -5.060117649078369 0.09406895 0.09006895 "" "" 28.78727312445895 "" 1.429568462315451 "" 29.80779764522244 27.970756132767654
276.02648585066 -19.6564034927 0.0187 0.0159 8.4647 "" "" 4093001308026030848 1437.56384 0.6558 0.0204 0.477 0.476 0.023 0.018 0.915 7238.3 3.7345 14.100667 0.992478 14.503453 13.510975 "" "" 1399.10437 1481.40649 43120.11099 14.66 21579.0 17.933 31244.0 23.066 "" "" 0.002779936288918295 0.002932435 0.003863445 0.00679588 276.02648585066 -19.6564034927 1437.56384 0.47700000000000187 0.47600000000000003 0.02429411005973814 0.03988235092163084 0.09406895 0.08906895 "" "" 0.31821010617870826 "" 0.6254359894991663 "" 0.3279148399258064 0.3096969593592412
275.87722245048 -20.05760066466 0.0193 0.0175 26.2966 "" "" 4091436462458072320 1330.39624 0.7148 0.0211 -1.568 -6.488 0.023 0.019 0.923 5418.5 3.6565 14.10504 1.383609 14.726355 13.342746 -2.61 4.93 1298.16565 1365.64429 42946.80478 10.431 17574.0 18.479 36480.0 24.838 "" "" 0.0027679107745602607 0.0030146986 0.0038510005 0.006865699 275.87722245048 -20.05760066466 1330.39624 -1.5679999999999998 -6.488 -2.020705889940262 -6.92411764907837 0.09406895 0.09006895 "" "" 45.485430879168 "" 1.7235285592261824 "" 46.690540074230405 44.383486789458445
276.43799195512 -19.89267084561 0.0208 0.0192 18.8762 "" "" 4092931725161917824 1500.31775 0.629 0.0243 0.327 -0.36 0.023 0.019 1.025 8285.2 4.2179 14.106509 0.84621 14.439417 13.593206 "" "" 1447.03564 1571.28259 42888.70322 9.4642 22890.0 28.359 28965.0 28.366 "" "" 0.0027657172446539243 0.0030974934 0.003926105 0.007023598 276.43799195512 -19.89267084561 1500.31775 0.327 -0.36 -0.12570588994026183 -0.7961176490783691 0.09406895 0.09006895 "" "" 5.731738427281209 "" 0.87856623570996 "" 6.002848930648821 5.528182135706558
276.10997159917 -19.82909227288 0.0207 0.0185 7.651 "" "" 4092947225795455104 1361.36816 0.6922 0.0236 2.908 -1.549 0.024 0.02 0.915 7000.0 4.0377 14.107017 0.97581 14.505434 13.529624 -38.92 8.92 1317.17944 1406.59619 42868.65693 11.15 21540.0 22.863 30712.0 23.665 "" "" 0.0027697539924379094 0.0030187955 0.003870871 0.0068896664 276.10997159917 -19.82909227288 1361.36816 2.908 -1.5489999999999995 2.455294110059738 -1.985117649078369 0.09506895 0.09106895 "" "" 20.374325538637187 "" 1.2725064683342568 "" 21.05121121421465 19.71299424496591
276.12783733828 -19.80805931183 0.0214 0.0184 6.1056 "" "" 4092950215092703488 1186.78137 0.7993 0.0243 -2.537 -4.239 0.024 0.019 0.911 6771.6 4.1803 14.112715 0.906344 14.478128 13.571784 -5.48 18.39 1154.92102 1216.76685 42644.3028 11.26 22088.0 18.208 29542.0 22.714 "" "" 0.002770194298328707 0.0029302046 0.0038704786 0.006800683 276.12783733828 -19.80805931183 1186.78137 -2.536999999999999 -4.239 -2.9897058899402618 -4.675117649078369 0.09506895 0.09006895 "" "" 31.21688998620708 "" 1.328381858051716 "" 32.005622817717246 30.378840901503256
