Clusters/Trumpler_33/Trumpler_33_stars_in_region.tsv
# %ECSV 1.0
# ---
# datatype:
# - name: RA_ICRS_1
#   unit: deg
#   datatype: float64
#   format: '{:15.11f}'
#   description: Right ascension (ICRS) at Ep=2016.0 (ra)
#   meta: !!omap
#   - {ucd: POS_EQ_RA_MAIN}
#   - {width: 15}
#   - {precision: '11'}
# - name: DE_ICRS_1
#   unit: deg
#   datatype: float64
#   format: '{:15.11f}'
#   description: Declination (ICRS) at Ep=2016.0 (dec)
#   meta: !!omap
#   - {ucd: POS_EQ_DEC_MAIN}
#   - {width: 15}
#   - {precision: '11'}
# - name: e_RA_ICRS
#   unit: mas
#   datatype: float64
#   format: '{:7.4f}'
#   description: Standard error of right ascension (ra_error)
#   meta: !!omap
#   - {ucd: ERROR}
#   - {width: 7}
#   - {precision: '4'}
# - name: e_DE_ICRS
#   unit: mas
#   datatype: float64
#   format: '{:7.4f}'
#   description: Standard error of declination (dec_error)
#   meta: !!omap
#   - {ucd: ERROR}
#   - {width: 7}
#   - {precision: '4'}
# - name: _r_1
#   unit: ''
#   datatype: float64
#   format: '{:7.4f}'
#   description: Distance from center (276.16410705000-19.71219423000)[ICRS], at Epoch=J2016.0
#   meta: !!omap
#   - {ucd: POS_ANG_DIST_GENERAL}
#   - {width: 7}
#   - {precision: '4'}
# - name: HIP
#   datatype: int32
#   description: '? HIP cross-id number, van Leeuwen, Cat. I/311 (hip_original_ext_source_id)'
#   meta: !!omap
#   - {ucd: ID_NUMBER}
#   - {width: 6}
#   - values: {'null': -2147483648}
# - name: TYC2
#   datatype: string
#   description: Tycho-2 cross-id name, Hog et al., Cat. I/259 (tyc2_original_ext_source_id)
#   meta: !!omap
#   - {ucd: ID_CROSSID}
#   - {_votable_string_dtype: char}
# - name: Source
#   datatype: int64
#   description: Source identifier, identical to the Gaia-EDR3 source_id (id)
#   meta: !!omap
#   - {ucd: ID_MAIN}
#   - {width: 19}
# - name: rgeo
#   unit: pc
#   datatype: float64
#   format: '{:15.8f}'
#   description: '? Median of the geometric distance posterior (r_med_geo)'
#   meta: !!omap
#   - {ucd: PHYS_DISTANCE_TRUE}
#   - {width: 15}
#   - {precision: '8'}
#   - values: {'null': .nan}
# - name: Plx
#   unit: mas
#   datatype: float64
#   format: '{:9.4f}'
#   description: '? Parallax (parallax)'
#   meta: !!omap
#   - {ucd: POS_PARLX_TRIG}
#   - {width: 9}
#   - {precision: '4'}
#   - values: {'null': .nan}
# - name: e_Plx
#   unit: mas
#   datatype: float32
#   format: '{:7.4f}'
#   description: '? Standard error of parallax (parallax_error)'
#   meta: !!omap
#   - {ucd: ERROR}
#   - {width: 7}
#   - {precision: '4'}
#   - values: {'null': .nan}
# - name: pmRA
#   unit: mas / yr
#   datatype: float64
#   format: '{:9.3f}'
#   description: '? Proper motion in right ascension direction, pmRA*cosDE (pmra)'
#   meta: !!omap
#   - {ucd: POS_EQ_PMRA}
#   - {width: 9}
#   - {precision: '3'}
#   - values: {'null': .nan}
# - name: pmDE
#   unit: mas / yr
#   datatype: float64
#   format: '{:9.3f}'
#   description: '? Proper motion in declination direction (pmdec)'
#   meta: !!omap
#   - {ucd: POS_EQ_PMDEC}
#   - {width: 9}
#   - {precision: '3'}
#   - values: {'null': .nan}
# - name: e_pmRA
#   unit: mas / yr
#   datatype: float32
#   format: '{:6.3f}'
#   description: '? Standard error of proper motion in right ascension direction (pmra_error)'
#   meta: !!omap
#   - {ucd: ERROR}
#   - {width: 6}
#   - {precision: '3'}
#   - values: {'null': .nan}
# - name: e_pmDE
[...]
#       distance: !astropy.table.SerializedColumn
#         __class__: astropy.coordinates.distances.Distance
#         unit: !astropy.units.Unit {unit: pc}
#         value: !astropy.table.SerializedColumn {name: SkyCoord.distance}
#       frame: icrs
#       obstime: !astropy.time.Time {format: jyear_str, in_subfmt: '*', jd1: 367701545.0, jd2: 0.0, out_subfmt: '*', precision: 3, scale: tt}
#       pm_dec: !astropy.table.SerializedColumn
#         __class__: astropy.units.quantity.Quantity
#         unit: !astropy.units.Unit {unit: mas / yr}
#         value: !astropy.table.SerializedColumn {name: SkyCoord.pm_dec}
#       pm_ra_cosdec: !astropy.table.SerializedColumn
#         __class__: astropy.units.quantity.Quantity
#         unit: !astropy.units.Unit {unit: mas / yr}
#         value: !astropy.table.SerializedColumn {name: SkyCoord.pm_ra_cosdec}
#       ra: !astropy.table.SerializedColumn
#         __class__: astropy.coordinates.angles.Longitude
#         unit: *id001
#         value: !astropy.table.SerializedColumn {name: SkyCoord.ra}
#         wrap_angle: !astropy.coordinates.Angle
#           unit: *id001
#           value: 360.0
#       representation_type: spherical
# schema: astropy-2.0
RA_ICRS_1 DE_ICRS_1 e_RA_ICRS e_DE_ICRS _r_1 HIP TYC2 Source rgeo Plx e_Plx pmRA pmDE e_pmRA e_pmDE RUWE Teff logg Gmag BP-RP BPmag RPmag RV e_RV b_rgeo B_rgeo FG e_FG FBP e_FBP FRP e_FRP RAVE5 RAVE6 e_Gmag e_BPmag e_RPmag e_BP-RP SkyCoord.ra SkyCoord.dec SkyCoord.distance SkyCoord.pm_ra_cosdec SkyCoord.pm_dec rmRA rmDE e_rmRA e_rmDE rRV e_rRV v_pec v_pec3d e_v_pec e_v_pec3d v_trans_upper v_trans_lower
[from data line 497]
276.48397262453 -19.74696502465 0.0228 0.0211 18.1854 "" "" 4092943338754042752 1442.62207 0.6575 0.0269 -1.459 -6.006 0.027 0.022 0.914 6734.1 4.0012 14.466597 1.302402 15.030817 13.728415 -31.58 6.69 1377.11389 1494.79675 30782.80229 9.401 13277.0 23.876 25574.0 29.704 "" "" 0.002775200109371022 0.0034054683 0.003984223 0.0073896917 276.48397262453 -19.74696502465 1442.62207 -1.4589999999999999 -6.006 -1.911705889940262 -6.442117649078369 0.09806895 0.09306895 "" "" 45.95007638031 "" 2.5134474103949014 "" 47.6119326495117 43.86352444329777
276.6105545486 -19.66680254672 0.028 0.0258 25.3673 "" "" 4092967429328479360 1460.52307 0.6526 0.0326 1.343 -1.699 0.042 0.029 1.101 6605.8 3.5302 14.470412 1.5317 15.169737 13.638037 -51.92 8.55 1397.33447 1545.23987 30674.81783 17.306 11682.0 21.234 27794.0 19.765 "" "" 0.002822587907082754 0.0034175697 0.0038574417 0.0072750114 276.6105545486 -19.66680254672 1460.52307 1.3429999999999997 -1.6990000000000003 0.8902941100597381 -2.135117649078369 0.11306895 0.10006895 "" "" 16.01468795798615 "" 1.5177127046593641 "" 16.943610714953714 15.321822687804557
276.17308311502 -19.72954249957 0.0238 0.0201 1.1578 "" "" 4092952276677068800 1371.13672 0.688 0.0268 0.626 0.461 0.027 0.021 0.94 8586.1 4.1353 14.470745 0.961307 14.862422 13.901114 "" "" 1322.79407 1435.37451 30665.40029 8.223 15504.0 18.554 21813.0 19.401 "" "" 0.0027706593959726765 0.0030778719 0.003900803 0.006978675 276.17308311502 -19.72954249957 1371.13672 0.6260000000000001 0.4610000000000001 0.17329411005973816 0.02488235092163088 0.09806895 0.09206895 "" "" 1.1378216704461932 "" 0.6833162754325349 "" 1.1911286444754292 1.0977050912790947
275.99977304114 -19.471430491 0.0237 0.022 17.1747 "" "" 4093012612380762112 1291.86658 0.7346 0.0278 0.817 -3.358 0.031 0.023 0.943 5658.3 4.0908 14.471906 1.102158 14.936795 13.834638 21.33 10.39 1248.80518 1339.65186 30632.62917 6.8059 14478.0 17.033 23190.0 25.521 "" "" 0.0027658596830674666 0.003068656 0.0039637666 0.0070324223 275.99977304114 -19.471430491 1291.86658 0.8170000000000001 -3.358 0.3642941100597381 -3.7941176490783692 0.102068946 0.09406895 "" "" 23.33992749448167 "" 1.3971481629210933 "" 24.203255788417028 22.56194471408428
276.45992972036 -19.58653129579 0.0253 0.025 18.3375 "" "" 4092981512424255488 1164.42236 0.8212 0.0305 -0.612 -2.735 0.037 0.026 0.816 6540.4 4.2027 14.473155 0.958284 14.859625 13.90134 14.31 11.52 1127.75903 1203.88501 30597.41522 8.878 15544.0 19.037 21808.0 25.504 "" "" 0.0027732714590278703 0.0030908254 0.0039869766 0.007077802 276.45992972036 -19.58653129579 1164.42236 -0.611999999999999 -2.734999999999998 -1.064705889940262 -3.171117649078369 0.10806895 0.09706895 "" "" 18.46272848860346 "" 1.1457342123038594 "" 19.088436322306332 17.88140582551232
276.06942708096 -19.86052248129 0.0239 0.021 10.3816 "" "" 4092949626591211392 1367.66113 0.6905 0.0274 1.956 -2.68 0.026 0.02 1.023 7554.6 4.0586 14.473813 1.210341 14.891723 13.681382 "" "" 1327.12939 1415.38062 30578.86597 15.935 15091.0 320.83 26706.0 530.86 "" "" 0.0028128112910402753 0.02325044 0.021910604 0.045161046 276.06942708096 -19.86052248129 1367.66113 1.9560000000000004 -2.6799999999999997 1.5032941100597381 -3.1161176490783693 0.09706895 0.09106895 "" "" 22.42876783627988 "" 1.3215430407031956 "" 23.211336952999368 21.7640732225926
276.29759045457 -19.86447100772 0.0226 0.0197 11.8436 "" "" 4092935543481710976 1564.34875 0.6078 0.0247 1.84 0.486 0.025 0.021 1.029 7633.3 3.6991 14.474278 1.189077 14.982507 13.793429 "" "" 1501.44348 1629.55811 30565.76781 8.0041 13881.0 22.08 24087.0 47.152 "" "" 0.0027699503731446313 0.0032814203 0.0043360204 0.007617441 276.29759045457 -19.86447100772 1564.34875 1.8400000000000012 0.4860000000000001 1.3872941100597382 0.04988235092163085 0.09606895 0.09206895 "" "" 10.293451595979903 "" 1.133813648786179 "" 10.722530719650265 9.879533438742236
276.20121963986 -19.99603612488 0.0223 0.0205 17.1588 "" "" 4091431171057734912 1662.69812 0.5587 0.0252 1.027 -2.63 0.025 0.021 0.841 4832.7 2.9912 14.474368 1.786695 15.343791 13.557097 25.5 4.77 1603.73987 1736.04309 30563.24521 10.284 9951.8 20.046 29945.0 21.781 "" "" 0.002779434545788222 0.003545145 0.00386101 0.007406155 276.20121963986 -19.99603612488 1662.69812 1.0270000000000001 -2.63 0.5742941100597381 -3.066117649078369 0.09606895 0.09206895 "" "" 24.584877857440453 "" 1.7048302572638154 "" 25.66936644091683 23.713113249359683
275.83263387772 -20.00825495559 0.0204 0.018 25.7962 "" "" 4091439932791706752 1446.2262 0.6527 0.0219 2.655 -2.0 0.026 0.022 0.996 15005.2 4.3869 14.476085 1.422949 15.108673 13.685724 "" "" 1391.9231 1495.01672 30514.95257 9.1853 12358.0 22.286 26599.0 29.301 "" "" 0.002774634911851724 0.0034086262 0.0039641154 0.0073727416 275.83263387772 -20.00825495559 1446.2262 2.654999999999989 -2.0000000000000004 2.202294110059738 -2.436117649078369 0.09706895 0.09306895 "" "" 22.512305892312167 "" 1.4528626715382482 "" 23.271790896030794 21.66701073855211
276.2667037567 -19.43797306914 0.0263 0.0224 17.4456 "" "" 4093010791314718848 1168.87268 0.8174 0.0274 2.726 -1.788 0.042 0.029 0.883 6121.3 4.0911 14.476757 1.044653 14.909959 13.865306 28.83 13.65 1136.2793 1202.66077 30496.07142 8.033 14840.0 19.846 22544.0 15.995 "" "" 0.00277012318278734 0.003145365 0.0038570892 0.0070024543 276.2667037567 -19.43797306914 1168.87268 2.726 -1.7880000000000005 2.273294110059738 -2.2241176490783694 0.11306895 0.10006895 "" "" 17.620537972029915 "" 1.092667528501756 "" 18.129887136429378 17.129198838389794
276.37748573452 -19.42206029945 0.0259 0.0211 21.1793 "" "" 4093033743628181120 1291.09546 0.7399 0.03 -1.548 -3.16 0.036 0.028 0.86 6499.8 4.1277 14.478623 1.088984 14.936536 13.847552 -42.86 10.57 1236.08887 1346.86487 30443.69286 7.9529 14481.0 16.251 22916.0 22.88 "" "" 0.002769880052733458 0.0030446108 0.0039317743 0.006976385 276.37748573452 -19.42206029945 1291.09546 -1.5479999999999996 -3.1599999999999993 -2.000705889940262 -3.5961176490783693 0.10706895 0.099068955 "" "" 25.184181290717092 "" 1.6986049835525163 "" 26.272022566153325 24.111219625478068
276.40746220209 -19.78820016973 0.0221 0.0199 14.4793 "" "" 4092942106192565248 1370.12 0.6888 0.0254 0.715 -0.809 0.025 0.02 0.998 6363.4 3.9865 14.479908 1.194143 14.986424 13.79228 -5.3 7.93 1324.63647 1418.54333 30407.70528 8.0375 13831.0 22.693 24113.0 15.621 "" "" 0.0027702257530255584 0.0033103551 0.0038442751 0.0071546305 276.40746220209 -19.78820016973 1370.12 0.715 -0.8090000000000003 0.26229411005973813 -1.2451176490783693 0.09606895 0.09106895 "" "" 8.26372680708256 "" 0.876045722318743 "" 8.55578675088982 7.989397940894383
276.29262072093 -19.76333579883 0.0245 0.022 7.8798 "" "" 4092948428386072320 1379.75708 0.6761 0.0297 -0.764 -2.127 0.027 0.021 0.931 6351.0 3.9006 14.484685 1.33267 15.074536 13.741866 11.23 9.34 1328.3186 1446.43274 30274.20135 8.4712 12753.0 27.372 25259.0 23.672 "" "" 0.0027720186808078725 0.0036353145 0.003913959 0.007549274 276.29262072093 -19.76333579883 1379.75708 -0.7639999999999996 -2.127 -1.2167058899402619 -2.563117649078369 0.09806895 0.09206895 "" "" 18.555704072091466 "" 1.403771980765534 "" 19.45239366600997 17.86393214597952
276.16565918466 -19.96784799421 0.0542 0.0504 15.3395 "" "" 4091432197458498048 1545.32349 0.6288 0.0646 -0.021 -3.617 0.06 0.05 2.493 4909.3 3.107 14.486644 2.197601 15.580994 13.383392 -37.59 3.11 1376.90198 1747.82861 30219.6368 44.57 7998.7 20.273 35140.0 38.62 "" "" 0.003186849508300662 0.0039188853 0.003963281 0.007882167 276.16565918466 -19.96784799421 1545.32349 -0.02100000000000063 -3.6169999999999987 -0.47370588994026186 -4.053117649078369 0.13106894 0.121068954 "" "" 29.890490014030423 "" 4.475169766215709 "" 33.807454524257366 26.63278928316085
275.73741714522 -19.74741474261 0.0213 0.0202 24.1909 "" "" 4091500096688817152 1687.71289 0.5548 0.0246 -1.18 -1.387 0.025 0.02 1.064 "" "" 14.486673 1.423182 15.115376 13.692195 "" "" 1606.07812 1771.66687 30218.81313 9.909 12282.0 15.107 26441.0 32.882 "" "" 0.002778226236171749 0.003093303 0.0040133307 0.007106634 275.73741714522 -19.74741474261 1687.71289 -1.1799999999999997 -1.3869999999999993 -1.6327058899402618 -1.8231176490783692 0.09606895 0.09106895 "" "" 19.578152349086043 "" 1.7070447797020893 "" 20.552052483694908 18.631155988797175
276.252315583 -19.9415014523 0.0225 0.0204 14.6316 "" "" 4092932932141751168 1162.47656 0.8222 0.0246 2.19 -0.607 0.026 0.021 0.892 6628.8 4.216 14.489023 0.950288 14.877176 13.926888 -41.79 39.59 1127.50073 1200.41553 30153.47964 7.4042 15295.0 19.019 21301.0 14.596 "" "" 0.0027681883180665817 0.0030996434 0.003851912 0.0069515556 276.252315583 -19.9415014523 1162.47656 2.1899999999999875 -0.6070000000000004 1.737294110059738 -1.0431176490783691 0.09706895 0.09206895 "" "" 11.165729541168721 "" 0.8778808191077563 "" 11.530137988329594 10.829782416129145
276.08437406924 -19.76025884356 0.024 0.0202 5.3473 "" "" 4092951417683685120 1585.19788 0.594 0.0282 -1.032 -4.105 0.028 0.02 0.904 6656.2 3.9422 14.490439 1.295708 15.059789 13.764081 -55.56 14.27 1517.67993 1686.13354 30114.17782 9.5907 12927.0 15.999 24747.0 19.064 "" "" 0.002776932707319387 0.0030968888 0.0038708264 0.006967715 276.08437406924 -19.76025884356 1585.19788 -1.0319999999999998 -4.105 -1.4847058899402619 -4.54111764907837 0.099068955 0.09106895 "" "" 35.898614930418795 "" 2.5977228276834348 "" 38.18441813316322 34.36959390501768
276.25695354879 -19.31585942764 0.0235 0.0204 24.3529 "" "" 4093038485272265856 1330.70935 0.7105 0.0265 -0.463 0.088 0.031 0.024 0.929 6366.5 4.0655 14.494616 1.153195 14.981836 13.828641 25.12 13.43 1290.02161 1371.63538 29998.53724 7.8502 13889.0 18.072 23319.0 21.081 "" "" 0.0027699304580064855 0.0031274364 0.0039047583 0.0070321946 276.25695354879 -19.31585942764 1330.70935 -0.46299999999999997 0.08799999999999998 -0.9157058899402619 -0.3481176490783692 0.102068946 0.09506895 "" "" 6.179168180786527 "" 0.8278866945254927 "" 6.369208795096417 5.990234069550204
275.8874194902 -19.74417325024 0.0224 0.019 15.7442 "" "" 4091498138183515392 1533.53113 0.6097 0.0239 0.104 -5.858 0.027 0.021 0.928 5106.1 3.2918 14.50524 1.929481 15.463601 13.534121 -2.57 3.36 1470.09473 1597.76819 29706.45129 7.9183 8912.0 12.19 30585.0 22.222 "" "" 0.0027704772974891344 0.0031607817 0.003860832 0.0070216134 275.8874194902 -19.74417325024 1533.53113 0.10399999999999995 -5.857999999999998 -0.34870588994026186 -6.294117649078369 0.09806895 0.09206895 "" "" 45.82170851830731 "" 2.576814322339189 "" 47.741103424488976 43.92623722764577
276.3942759923 -19.89555549491 0.1092 0.0954 17.0254 "" "" 4092931866989434368 1499.95264 0.7068 0.1342 -1.718 -2.77 0.127 0.1 1.765 3703.8 0.5664 14.507306 4.109736 16.941505 12.831769 "" "" 1259.57507 1919.64746 29649.9729 320.46 2284.6 345.16 58405.0 977.14 "" "" 0.012053884419909712 0.164058 0.018553823 0.18261182 276.3942759923 -19.89555549491 1499.95264 -1.7179999999999995 -2.769999999999999 -2.170705889940262 -3.206117649078369 0.19806895 0.17106895 "" "" 27.527921905354365 "" 7.336704359913039 "" 35.230382583740685 23.116385968620488
276.24640398368 -19.93112451398 0.0225 0.0204 13.933 "" "" 4092933722415736192 1319.35046 0.718 0.0249 -0.061 -1.013 0.025 0.021 0.869 7234.3 3.9458 14.507951 0.987216 14.910583 13.923367 -46.72 12.28 1283.16321 1366.22827 29632.36418 8.7793 14831.0 14.729 21370.0 22.662 "" "" 0.0027740339732795316 0.0029912728 0.0039508734 0.0069421465 276.24640398368 -19.93112451398 1319.35046 -0.06100000000000001 -1.013 -0.5137058899402618 -1.449117649078369 0.09606895 0.09206895 "" "" 9.614952838644891 "" 0.8812939472863878 "" 9.956581500622205 9.351233142734635
276.3959397381 -20.04901185935 0.0237 0.0198 24.0732 "" "" 4092740547594903552 1417.1875 0.6725 0.0257 1.191 -0.941 0.028 0.022 1.048 9053.9 4.4502 14.508611 0.987182 14.912498 13.925317 "" "" 1368.4917 1458.13391 29614.37068 10.464 14805.0 26.243 21332.0 30.493 "" "" 0.0027818997284363473 0.0033895343 0.0040856386 0.007475173 276.3959397381 -20.04901185935 1417.1875 1.1909999999999992 -0.9409999999999998 0.7382941100597382 -1.377117649078369 0.099068955 0.09306895 "" "" 10.496313536260127 "" 0.9663727869075117 "" 10.79958064632443 10.135651037685296
275.73654898491 -19.79315328637 0.0219 0.0203 24.6278 "" "" 4091499095870678016 1573.37903 0.5956 0.0248 1.18 -0.1 0.027 0.021 0.94 "" "" 14.510725 1.118877 14.969804 13.850926 "" "" 1514.60181 1641.86536 29556.75593 7.9513 14044.0 21.933 22845.0 48.483 "" "" 0.002770758315327666 0.0032649986 0.0044264123 0.007691411 275.73654898491 -19.79315328637 1573.37903 1.18 -0.10000000000000003 0.7272941100597381 -0.5361176490783691 0.09806895 0.09206895 "" "" 6.738412190264504 "" 0.9884652087092631 "" 7.031723027729064 6.486683186505085
276.53245278487 -19.45450934083 0.025 0.0231 25.9348 "" "" 4092984196883748096 1460.10205 0.6383 0.0294 1.774 5.028 0.04 0.026 1.012 5055.9 3.2188 14.511156 1.852135 15.40751 13.555375 -103.24 3.55 1405.67029 1513.1864 29545.02902 12.255 9384.5 15.83 29992.0 19.106 "" "" 0.0027918824029840787 0.0033375502 0.0038421494 0.0071797 276.53245278487 -19.45450934083 1460.10205 1.7740000000000005 5.028 1.3212941100597382 4.59188235092163 0.11106895 0.09706895 "" "" 33.0693712187727 "" 1.8972483106535956 "" 34.271661206693246 31.836564184818368
276.10704197249 -19.71961249632 0.0235 0.0194 3.2538 "" "" 4092953032591415040 1376.70129 0.6862 0.0257 0.478 0.465 0.027 0.02 0.943 9384.5 4.2213 14.516535 0.92014 14.882545 13.962405 "" "" 1325.82849 1423.27124 29399.01121 10.49 15219.0 27.335 20616.0 26.611 "" "" 0.0027824222005041538 0.003404107 0.0040308586 0.0074349656 276.10704197249 -19.71961249632 1376.70129 0.4780000000000001 0.465 0.02529411005973814 0.028882350921630884 0.09806895 0.09106895 "" "" 0.25053256238689 "" 0.6233870707530715 "" 0.25900737750363134 0.24127471318432567
276.28460343458 -19.35326370838 0.0239 0.0211 22.588 "" "" 4093034804380171904 1345.65552 0.6978 0.0281 2.139 -3.241 0.031 0.023 0.896 6779.2 3.9444 14.520855 1.056936 14.953337 13.8964 "" "" 1295.73071 1393.07678 29282.2596 7.6626 14259.0 17.669 21908.0 43.036 "" "" 0.002769929849960965 0.0030975982 0.004339658 0.007437256 276.28460343458 -19.35326370838 1345.65552 2.1390000000000025 -3.2410000000000023 1.686294110059738 -3.6771176490783692 0.102068946 0.09406895 "" "" 25.80283061872162 "" 1.5424849243093761 "" 26.712129262631887 24.84552661561252
276.51345408938 -19.95886869006 0.024 0.0204 24.654 "" "" 4092742819705757824 1129.77429 0.8432 0.0269 3.954 -3.817 0.028 0.022 0.937 6020.2 4.0826 14.521847 1.095061 14.980872 13.885811 "" "" 1096.52673 1159.37744 29255.54121 8.1267 13902.0 19.134 22122.0 28.193 "" "" 0.002771777690936742 0.0031651438 0.004024717 0.0071898606 276.51345408938 -19.95886869006 1129.77429 3.954 -3.816999999999997 3.5012941100597383 -4.253117649078369 0.099068955 0.09306895 "" "" 29.500920614834477 "" 1.3322044622330789 "" 30.273924732408297 28.632752842847964
276.27226485807 -19.58740432649 0.0238 0.0205 9.665 "" "" 4092960243746207744 1577.32214 0.5941 0.0262 -0.819 -1.666 0.03 0.023 0.929 7901.7 3.9207 14.524955 1.327153 15.038933 13.71178 "" "" 1510.19177 1658.27466 29171.91521 12.53 13178.0 73.397 25968.0 248.29 "" "" 0.002794507141659458 0.0066598402 0.011047704 0.017707545 276.27226485807 -19.58740432649 1577.32214 -0.819 -1.6660000000000004 -1.2717058899402618 -2.102117649078369 0.10106895 0.09406895 "" "" 18.368690408658434 "" 1.5799525457369072 "" 19.311422232406706 17.586924305033783
