Clusters/Trumpler_33/Trumpler_33_members.tsv
# %ECSV 1.0
# ---
# datatype:
# - name: RA_ICRS_1
#   unit: deg
#   datatype: float64
#   format: '{:15.11f}'
#   description: Right ascension (ICRS) at Ep=2016.0 (ra)
#   meta: !!omap
#   - {ucd: POS_EQ_RA_MAIN}
#   - {width: 15}
#   - {precision: '11'}
# - name: DE_ICRS_1
#   unit: deg
#   datatype: float64
#   format: '{:15.11f}'
#   description: Declination (ICRS) at Ep=2016.0 (dec)
#   meta: !!omap
#   - {ucd: POS_EQ_DEC_MAIN}
#   - {width: 15}
#   - {precision: '11'}
# - name: e_RA_ICRS
#   unit: mas
#   datatype: float64
#   format: '{:7.4f}'
#   description: Standard error of right ascension (ra_error)
#   meta: !!omap
#   - {ucd: ERROR}
#   - {width: 7}
#   - {precision: '4'}
# - name: e_DE_ICRS
#   unit: mas
#   datatype: float64
#   format: '{:7.4f}'
#   description: Standard error of declination (dec_error)
#   meta: !!omap
#   - {ucd: ERROR}
#   - {width: 7}
#   - {precision: '4'}
# - name: _r_1
#   unit: ''
#   datatype: float64
#   format: '{:7.4f}'
#   description: Distance from center (276.16410705000-19.71219423000)[ICRS], at Epoch=J2016.0
#   meta: !!omap
#   - {ucd: POS_ANG_DIST_GENERAL}
#   - {width: 7}
#   - {precision: '4'}
# - name: HIP
#   datatype: int32
#   description: '? HIP cross-id number, van Leeuwen, Cat. I/311 (hip_original_ext_source_id)'
#   meta: !!omap
#   - {ucd: ID_NUMBER}
#   - {width: 6}
#   - values: {'null': -2147483648}
# - name: TYC2
#   datatype: string
#   description: Tycho-2 cross-id name, Hog et al., Cat. I/259 (tyc2_original_ext_source_id)
#   meta: !!omap
#   - {ucd: ID_CROSSID}
#   - {_votable_string_dtype: char}
# - name: Source
#   datatype: int64
#   description: Source identifier, identical to the Gaia-EDR3 source_id (id)
#   meta: !!omap
#   - {ucd: ID_MAIN}
#   - {width: 19}
# - name: rgeo
#   unit: pc
#   datatype: float64
#   format: '{:15.8f}'
#   description: '? Median of the geometric distance posterior (r_med_geo)'
#   meta: !!omap
#   - {ucd: PHYS_DISTANCE_TRUE}
#   - {width: 15}
#   - {precision: '8'}
#   - values: {'null': .nan}
# - name: Plx
#   unit: mas
#   datatype: float64
#   format: '{:9.4f}'
#   description: '? Parallax (parallax)'
#   meta: !!omap
#   - {ucd: POS_PARLX_TRIG}
#   - {width: 9}
#   - {precision: '4'}
#   - values: {'null': .nan}
# - name: e_Plx
#   unit: mas
#   datatype: float32
#   format: '{:7.4f}'
#   description: '? Standard error of parallax (parallax_error)'
#   meta: !!omap
#   - {ucd: ERROR}
#   - {width: 7}
#   - {precision: '4'}
#   - values: {'null': .nan}
# - name: pmRA
#   unit: mas / yr
#   datatype: float64
#   format: '{:9.3f}'
#   description: '? Proper motion in right ascension direction, pmRA*cosDE (pmra)'
#   meta: !!omap
#   - {ucd: POS_EQ_PMRA}
#   - {width: 9}
#   - {precision: '3'}
#   - values: {'null': .nan}
# - name: pmDE
#   unit: mas / yr
#   datatype: float64
#   format: '{:9.3f}'
#   description: '? Proper motion in declination direction (pmdec)'
#   meta: !!omap
#   - {ucd: POS_EQ_PMDEC}
#   - {width: 9}
#   - {precision: '3'}
#   - values: {'null': .nan}
# - name: e_pmRA
#   unit: mas / yr
#   datatype: float32
#   format: '{:6.3f}'
#   description: '? Standard error of proper motion in right ascension direction (pmra_error)'
#   meta: !!omap
#   - {ucd: ERROR}
#   - {width: 6}
#   - {precision: '3'}
#   - values: {'null': .nan}
# - name: e_pmDE
[...]
#       distance: !astropy.table.SerializedColumn
#         __class__: astropy.coordinates.distances.Distance
#         unit: !astropy.units.Unit {unit: pc}
#         value: !astropy.table.SerializedColumn {name: SkyCoord.distance}
#       frame: icrs
#       obstime: !astropy.time.Time {format: jyear_str, in_subfmt: '*', jd1: 367701545.0, jd2: 0.0, out_subfmt: '*', precision: 3, scale: tt}
#       pm_dec: !astropy.table.SerializedColumn
#         __class__: astropy.units.quantity.Quantity
#         unit: !astropy.units.Unit {unit: mas / yr}
#         value: !astropy.table.SerializedColumn {name: SkyCoord.pm_dec}
#       pm_ra_cosdec: !astropy.table.SerializedColumn
#         __class__: astropy.units.quantity.Quantity
#         unit: !astropy.units.Unit {unit: mas / yr}
#         value: !astropy.table.SerializedColumn {name: SkyCoord.pm_ra_cosdec}
#       ra: !astropy.table.SerializedColumn
#         __class__: astropy.coordinates.angles.Longitude
#         unit: *id001
#         value: !astropy.table.SerializedColumn {name: SkyCoord.ra}
#         wrap_angle: !astropy.coordinates.Angle
#           unit: *id001
#           value: 360.0
#       representation_type: spherical
# schema: astropy-2.0
RA_ICRS_1 DE_ICRS_1 e_RA_ICRS e_DE_ICRS _r_1 HIP TYC2 Source rgeo Plx e_Plx pmRA pmDE e_pmRA e_pmDE RUWE Teff logg Gmag BP-RP BPmag RPmag RV e_RV b_rgeo B_rgeo FG e_FG FBP e_FBP FRP e_FRP RAVE5 RAVE6 e_Gmag e_BPmag e_RPmag e_BP-RP SkyCoord.ra SkyCoord.dec SkyCoord.distance SkyCoord.pm_ra_cosdec SkyCoord.pm_dec rmRA rmDE e_rmRA e_rmDE rRV e_rRV v_pec v_pec3d e_vpec e_vpec3d Pmemb
276.1693632594 -19.72008745383 0.0171 0.0142 0.559 "" 6274-589-1 4092952654634387584 1371.85144 0.7038 0.0183 0.472 0.49 0.02 0.015 0.706 "" "" 9.573892 0.432925 9.718211 9.285286 "" "" 1337.55811 1405.66846 2788624.22798 901.08 1770600.0 1388.9 1531200.0 581.66 J182440.7-194312 20040902_1820m18_133 0.002777565773004386 0.0029172592 0.0038018199 0.006719079 276.1693632594 -19.72008745383 1371.85144 0.472 0.49 0.019294110059738134 0.05388235092163085 0.09106895 0.08606895 "" "" 0.3721593167128685 "" 0.03224824651998506 "" 0.8
276.17885408211 -19.70407716097 0.0152 0.0123 0.9649 "" 6274-187-1 4092952757713438592 1388.18591 0.6918 0.0161 0.446 0.535 0.018 0.013 0.656 "" "" 9.672935 0.495851 9.842359 9.346508 "" "" 1361.03271 1417.67688 2545496.00903 720.58 1579300.0 1286.7 1447300.0 408.53 "" "" 0.0027724093879403387 0.0029270342 0.0037917874 0.006718822 276.17885408211 -19.70407716097 1388.18591 0.446 0.535 -0.006705889940261833 0.09888235092163089 0.08906895 0.084068954 "" "" 0.6521404740219544 "" 0.05484013697538876 "" 0.8
276.20927807642 -19.71268719612 0.0224 0.0191 2.5516 "" 6274-804-1 4092952585914685696 1480.26611 0.6328 0.025 0.245 0.528 0.026 0.022 0.768 12342.8 3.5105 11.159405 0.525188 11.345634 10.820447 "" "" 1425.80054 1535.23352 647418.267 229.32 395520.0 341.7 372370.0 254.93 "" "" 0.002782029385024926 0.0029436175 0.003851784 0.0067954017 276.20927807642 -19.71268719612 1480.26611 0.2449999999999999 0.528 -0.20770588994026185 0.09188235092163088 0.09706895 0.09306895 "" "" 1.5935881071292497 "" 0.15366278254463397 "" 1.0
276.20594196844 -19.70270542858 0.0169 0.0145 2.4307 "" 6274-817-1 4092952581519722752 1378.02222 0.676 0.0201 0.547 0.482 0.019 0.015 0.651 "" "" 11.546083 0.50767 11.724914 11.217243 "" "" 1349.37732 1419.65698 453433.11548 314.68 278900.0 560.02 258380.0 269.02 "" "" 0.0028564914990532584 0.0035408966 0.003944824 0.0074857203 276.20594196844 -19.70270542858 1378.02222 0.5469999999999997 0.48199999999999993 0.0942941100597382 0.04588235092163084 0.09006895 0.08606895 "" "" 0.684956782113294 "" 0.06117832197327466 "" 0.8
276.21656649482 -19.76345594841 0.0172 0.0147 4.2705 "" "" 4092949351704318592 1403.80762 0.6789 0.0189 0.422 0.456 0.02 0.016 0.862 "" "" 12.149788 0.508872 12.330753 11.821881 "" "" 1373.86218 1439.48267 260034.97291 56.737 159630.0 106.97 148050.0 85.694 "" "" 0.0027654853859538555 0.00288347 0.003831275 0.006714745 276.21656649482 -19.76345594841 1403.80762 0.42200000000000004 0.45599999999999996 -0.030705889940261855 0.019882350921630876 0.09106895 0.08706895 "" "" 0.24341082420899138 "" 0.02188405207431942 "" 0.8
276.16042669735 -19.72266921574 0.0173 0.0145 0.662 "" "" 4092952272282668672 1368.26624 0.6913 0.02 0.447 0.104 0.02 0.015 0.927 "" "" 13.328497 0.78756 13.636191 12.848631 "" "" 1333.65173 1404.17249 87810.81634 23.999 47967.0 34.116 57505.0 35.604 "" "" 0.0027712526663264125 0.0028950593 0.0038387002 0.0067337593 276.16042669735 -19.72266921574 1368.26624 0.447 0.104 -0.005705889940261832 -0.33211764907836916 0.09106895 0.08606895 "" "" 2.154294103595035 "" 0.18542110346905083 "" 0.8
276.18304924791 -19.75336000353 0.0221 0.0195 2.6917 "" "" 4092952001799105536 1404.03198 0.672 0.0233 0.574 0.48 0.026 0.02 0.82 "" "" 13.957087 0.818049 14.276033 13.457984 "" "" 1360.35828 1449.58093 49216.66978 13.526 26607.0 34.066 32807.0 21.954 "" "" 0.002771430108085612 0.0031172838 0.0038485862 0.00696587 276.18304924791 -19.75336000353 1404.03198 0.5740000000000004 0.4799999999999999 0.12129411005973811 0.04388235092163084 0.09706895 0.09106895 "" "" 0.8584299901164051 "" 0.08274718135690606 "" 0.8
276.1509062178 -19.81407105044 0.0229 0.0201 6.1579 "" "" 4092947290120348544 1353.28198 0.6993 0.0265 0.464 0.479 0.026 0.019 0.78 7982.4 4.1659 14.095929 0.781031 14.397367 13.616337 "" "" 1310.20349 1403.2738 43308.69698 18.356 23794.0 23.165 28355.0 22.598 "" "" 0.0027934843030583733 0.002983684 0.0038771722 0.006860856 276.1509062178 -19.81407105044 1353.28198 0.46399999999999997 0.47900000000000004 0.011294110059738183 0.04288235092163084 0.09706895 0.09006895 "" "" 0.284451625340001 "" 0.025754088731116714 "" 0.9
276.11522104956 -19.80195196761 0.0227 0.0203 6.0517 "" "" 4092950210698140160 1374.05127 0.6858 0.0258 0.453 0.415 0.026 0.022 0.953 8218.6 4.4051 14.374845 0.820043 14.697774 13.877731 "" "" 1328.08423 1421.47461 33497.21348 11.576 18043.0 28.437 22288.0 16.367 "" "" 0.002780750220754065 0.0032731078 0.0038625658 0.0071356734 276.11522104956 -19.80195196761 1374.05127 0.4530000000000003 0.4149999999999997 0.00029411005973817295 -0.02111764907836916 0.09706895 0.09306895 "" "" 0.13755265063933383 "" 0.012801989742685985 "" 0.9
276.10712212456 -19.68605472541 0.0225 0.0193 3.5807 "" "" 4092953444908311168 1441.83545 0.659 0.0239 0.447 0.429 0.027 0.02 0.923 9158.6 4.1756 14.39186 0.884633 14.742542 13.857909 "" "" 1398.62122 1498.90369 32976.35844 10.325 17314.0 19.451 22698.0 21.0 "" "" 0.002776212098063914 0.0030451312 0.003910598 0.006955729 276.10712212456 -19.68605472541 1441.83545 0.44700000000000006 0.429 -0.005705889940261832 -0.007117649078369148 0.09806895 0.09106895 "" "" 0.062345191146130526 "" 0.005852325967742583 "" 1.0
276.10704197249 -19.71961249632 0.0235 0.0194 3.2538 "" "" 4092953032591415040 1376.70129 0.6862 0.0257 0.478 0.465 0.027 0.02 0.943 9384.5 4.2213 14.516535 0.92014 14.882545 13.962405 "" "" 1325.82849 1423.27124 29399.01121 10.49 15219.0 27.335 20616.0 26.611 "" "" 0.0027824222005041538 0.003404107 0.0040308586 0.0074349656 276.10704197249 -19.71961249632 1376.70129 0.4780000000000001 0.465 0.02529411005973814 0.028882350921630884 0.09806895 0.09106895 "" "" 0.2505325623868899 "" 0.023592972588413617 "" 1.0
276.12799645213 -19.72090112255 0.0272 0.0229 2.1055 "" "" 4092953066951124096 1381.70984 0.6818 0.0305 0.412 0.378 0.032 0.024 0.991 7020.7 3.9001 14.988752 1.078788 15.428214 14.349426 "" "" 1331.00879 1429.34399 19030.30632 6.3915 9207.3 16.453 14434.0 33.096 "" "" 0.0027793456334123242 0.0033984203 0.0045256345 0.007924055 276.12799645213 -19.72090112255 1381.70984 0.412 0.378 -0.04070588994026186 -0.05811764907836914 0.10306895 0.09506895 "" "" 0.46470676857278925 "" 0.045436310602095055 "" 1.0
276.17611601524 -19.5974281477 0.0287 0.0248 6.9193 "" "" 4093006938626791552 1361.15283 0.692 0.0307 0.54 0.45 0.035 0.027 0.937 6618.5 3.8294 15.021689 1.074067 15.464345 14.390278 "" "" 1306.32996 1415.75232 18461.66647 6.5029 8905.9 20.222 13901.0 15.798 "" "" 0.0027817346850686022 0.0037232747 0.003975706 0.007698981 276.17611601524 -19.5974281477 1361.15283 0.54 0.45 0.0872941100597382 0.01388235092163087 0.106068954 0.09806895 "" "" 0.5702872013466348 "" 0.06038137726096276 "" 0.9
276.13602847269 -19.66909401413 0.0393 0.0358 3.0337 "" "" 4092953784111298944 1445.39453 0.6503 0.0468 0.501 0.516 0.045 0.034 1.074 7239.4 4.1028 15.355806 1.244175 15.890923 14.646749 "" "" 1358.38855 1558.05896 13571.38964 6.4694 6012.4 12.599 10976.0 14.178 "" "" 0.00280350883427561 0.0036001964 0.004031211 0.0076314076 276.13602847269 -19.66909401413 1445.39453 0.501 0.5160000000000001 0.04829411005973816 0.07988235092163087 0.11606895 0.10506895 "" "" 0.6395306184272587 "" 0.06914798826895789 "" 0.8
276.15621152216 -19.67546151331 0.0379 0.0325 2.2486 "" "" 4092953577952845440 1513.09485 0.6328 0.0425 0.437 0.469 0.047 0.037 1.113 6039.0 4.1164 15.443731 1.33501 15.994294 14.659285 "" "" 1423.30261 1612.10095 12515.67758 8.1269 5466.4 23.595 10850.0 29.104 "" "" 0.002844086399692592 0.0054541496 0.0047713364 0.010225486 276.15621152216 -19.67546151331 1513.09485 0.43700000000000033 0.469 -0.01570588994026184 0.03288235092163083 0.11806895 0.10806895 "" "" 0.26135517372991257 "" 0.028747847158082825 "" 0.8
276.18010148218 -19.70738353256 0.0371 0.032 0.9484 "" "" 4092952684599569792 1351.90479 0.7034 0.044 0.423 0.299 0.046 0.035 0.847 6282.7 4.2037 15.681231 1.32135 16.256554 14.935204 "" "" 1267.04285 1433.60095 10056.6787 7.6238 4293.3 15.083 8415.4 37.995 "" "" 0.0028756299317513694 0.004725921 0.0061898 0.010915721 276.18010148218 -19.70738353256 1351.90479 0.42300000000000004 0.29899999999999993 -0.029705889940261854 -0.13711764907836915 0.11706895 0.106068954 "" "" 0.899037283000369 "" 0.09582515055491209 "" 1.0
276.1205292634 -19.64309274153 0.045 0.0382 4.822 "" "" 4093000788242015744 1441.97363 0.6665 0.0492 0.388 0.439 0.053 0.04 1.037 5618.7 4.6037 16.220377 1.292004 16.77012 15.478117 "" "" 1352.51831 1545.83569 6120.63203 5.3838 2675.3 15.127 5104.0 18.954 "" "" 0.0029161398262436823 0.00674341 0.0055263285 0.012269739 276.1205292634 -19.64309274153 1441.97363 0.388 0.439 -0.06470588994026183 0.0028823509216308607 0.124068946 0.11106895 "" "" 0.4427004177468138 "" 0.05491457290261356 "" 0.8
