Clusters/LP_1641/LP_1641_stars_in_region.tsv
# %ECSV 1.0
# ---
# datatype:
# - name: RA_ICRS_1
#   unit: deg
#   datatype: float64
#   format: '{:15.11f}'
#   description: Right ascension (ICRS) at Ep=2016.0 (ra)
#   meta: !!omap
#   - {ucd: POS_EQ_RA_MAIN}
#   - {width: 15}
#   - {precision: '11'}
# - name: DE_ICRS_1
#   unit: deg
#   datatype: float64
#   format: '{:15.11f}'
#   description: Declination (ICRS) at Ep=2016.0 (dec)
#   meta: !!omap
#   - {ucd: POS_EQ_DEC_MAIN}
#   - {width: 15}
#   - {precision: '11'}
# - name: e_RA_ICRS
#   unit: mas
#   datatype: float64
#   format: '{:7.4f}'
#   description: Standard error of right ascension (ra_error)
#   meta: !!omap
#   - {ucd: ERROR}
#   - {width: 7}
#   - {precision: '4'}
# - name: e_DE_ICRS
#   unit: mas
#   datatype: float64
#   format: '{:7.4f}'
#   description: Standard error of declination (dec_error)
#   meta: !!omap
#   - {ucd: ERROR}
#   - {width: 7}
#   - {precision: '4'}
# - name: _r_1
#   unit: ''
#   datatype: float64
#   format: '{:7.4f}'
#   description: Distance from center (277.91640667000-10.17529418000)[ICRS], at Epoch=J2016.0
#   meta: !!omap
#   - {ucd: POS_ANG_DIST_GENERAL}
#   - {width: 7}
#   - {precision: '4'}
# - name: HIP
#   datatype: int32
#   description: '? HIP cross-id number, van Leeuwen, Cat. I/311 (hip_original_ext_source_id)'
#   meta: !!omap
#   - {ucd: ID_NUMBER}
#   - {width: 6}
#   - values: {'null': -2147483648}
# - name: TYC2
#   datatype: string
#   description: Tycho-2 cross-id name, Hog et al., Cat. I/259 (tyc2_original_ext_source_id)
#   meta: !!omap
#   - {ucd: ID_CROSSID}
#   - {_votable_string_dtype: char}
# - name: Source
#   datatype: int64
#   description: Source identifier, identical to the Gaia-EDR3 source_id (id)
#   meta: !!omap
#   - {ucd: ID_MAIN}
#   - {width: 19}
# - name: rgeo
#   unit: pc
#   datatype: float64
#   format: '{:15.8f}'
#   description: '? Median of the geometric distance posterior (r_med_geo)'
#   meta: !!omap
#   - {ucd: PHYS_DISTANCE_TRUE}
#   - {width: 15}
#   - {precision: '8'}
#   - values: {'null': .nan}
# - name: Plx
#   unit: mas
#   datatype: float64
#   format: '{:9.4f}'
#   description: '? Parallax (parallax)'
#   meta: !!omap
#   - {ucd: POS_PARLX_TRIG}
#   - {width: 9}
#   - {precision: '4'}
#   - values: {'null': .nan}
# - name: e_Plx
#   unit: mas
#   datatype: float32
#   format: '{:7.4f}'
#   description: '? Standard error of parallax (parallax_error)'
#   meta: !!omap
#   - {ucd: ERROR}
#   - {width: 7}
#   - {precision: '4'}
#   - values: {'null': .nan}
# - name: pmRA
#   unit: mas / yr
#   datatype: float64
#   format: '{:9.3f}'
#   description: '? Proper motion in right ascension direction, pmRA*cosDE (pmra)'
#   meta: !!omap
#   - {ucd: POS_EQ_PMRA}
#   - {width: 9}
#   - {precision: '3'}
#   - values: {'null': .nan}
# - name: pmDE
#   unit: mas / yr
#   datatype: float64
#   format: '{:9.3f}'
#   description: '? Proper motion in declination direction (pmdec)'
#   meta: !!omap
#   - {ucd: POS_EQ_PMDEC}
#   - {width: 9}
#   - {precision: '3'}
#   - values: {'null': .nan}
# - name: e_pmRA
#   unit: mas / yr
#   datatype: float32
#   format: '{:6.3f}'
#   description: '? Standard error of proper motion in right ascension direction (pmra_error)'
#   meta: !!omap
#   - {ucd: ERROR}
#   - {width: 6}
#   - {precision: '3'}
#   - values: {'null': .nan}
# - name: e_pmDE
[...]
#         value: !astropy.table.SerializedColumn {name: SkyCoord.dec}
#       distance: !astropy.table.SerializedColumn
#         __class__: astropy.coordinates.distances.Distance
#         unit: !astropy.units.Unit {unit: pc}
#         value: !astropy.table.SerializedColumn {name: SkyCoord.distance}
#       frame: icrs
#       obstime: !astropy.time.Time {format: jyear_str, in_subfmt: '*', jd1: 367701545.0, jd2: 0.0, out_subfmt: '*', precision: 3, scale: tt}
#       pm_dec: !astropy.table.SerializedColumn
#         __class__: astropy.units.quantity.Quantity
#         unit: !astropy.units.Unit {unit: mas / yr}
#         value: !astropy.table.SerializedColumn {name: SkyCoord.pm_dec}
#       pm_ra_cosdec: !astropy.table.SerializedColumn
#         __class__: astropy.units.quantity.Quantity
#         unit: !astropy.units.Unit {unit: mas / yr}
#         value: !astropy.table.SerializedColumn {name: SkyCoord.pm_ra_cosdec}
#       ra: !astropy.table.SerializedColumn
#         __class__: astropy.coordinates.angles.Longitude
#         unit: *id001
#         value: !astropy.table.SerializedColumn {name: SkyCoord.ra}
#         wrap_angle: !astropy.coordinates.Angle
#           unit: *id001
#           value: 360.0
#       representation_type: spherical
# schema: astropy-2.0
RA_ICRS_1 DE_ICRS_1 e_RA_ICRS e_DE_ICRS _r_1 HIP TYC2 Source rgeo Plx e_Plx pmRA pmDE e_pmRA e_pmDE RUWE Teff logg Gmag BP-RP BPmag RPmag RV e_RV b_rgeo B_rgeo FG e_FG FBP e_FBP FRP e_FRP RAVE5 RAVE6 e_Gmag e_BPmag e_RPmag e_BP-RP SkyCoord.ra SkyCoord.dec SkyCoord.distance SkyCoord.pm_ra_cosdec SkyCoord.pm_dec rmRA rmDE e_rmRA e_rmDE rRV e_rRV v_pec v_pec3d e_vpec e_vpec3d
[from data line 157]
278.10179282508 -10.05282071097 0.0584 0.0569 13.1874 "" "" 4155093272179686272 3162.10913 0.302 0.0669 0.41 -0.908 0.069 0.061 0.881 9303.2 3.9733 16.80776 2.115724 17.881899 15.766175 "" "" 2653.13232 3919.02319 3563.22005 2.8832 960.85 11.195 3914.6 12.792 "" "" 0.002891989582998993 0.01295412 0.005183778 0.018137898 278.10179282508 -10.05282071097 3162.10913 0.41000000000000025 -0.908 1.6400000190734862 2.4409999771118165 0.110928506 0.10292851 "" "" 44.077308667009866 "" 4.649344149583922 ""
277.89739999799 -10.01738319618 0.0754 0.0703 9.5409 "" "" 4155846403283307392 3120.0752 0.3126 0.0893 0.551 -2.293 0.097 0.078 1.065 4758.4 2.7259 16.808783 4.087368 19.459898 15.37253 "" "" 2473.84399 4278.48096 3559.86765 3.4819 224.62 7.4407 5625.3 19.199 "" "" 0.002952886895107427 0.036073864 0.0052929306 0.041366793 277.89739999799 -10.01738319618 3120.0752 0.551 -2.293 1.7810000190734865 1.0559999771118163 0.13892852 0.11992851 "" "" 30.6214011668509 "" 4.1107809178335755 ""
277.99025289527 -10.24580278816 0.0682 0.0675 6.0755 "" "" 4155083136056735872 2856.67285 0.3536 0.0809 0.566 -1.334 0.076 0.065 1.05 9506.9 4.1268 16.8102 1.915061 17.754204 15.839143 "" "" 2334.69092 3600.50977 3555.22291 2.8448 1080.8 6.4062 3660.2 8.3407 "" "" 0.0028890423955128075 0.007014283 0.004517193 0.011531476 277.99025289527 -10.24580278816 2856.67285 0.566 -1.334 1.7960000190734862 2.0149999771118163 0.117928505 0.10692851 "" "" 36.54926879484349 "" 4.091029290729283 ""
277.94611607762 -10.17712725126 0.1449 0.1407 1.758 "" "" 4155084613525646464 3292.1748 0.4106 0.1536 -2.699 -4.604 0.172 0.15 1.06 3573.5 0.5328 16.81232 5.941461 21.151495 15.210034 "" "" 2217.42236 7479.82324 3548.28369 5.5673 47.295 9.3503 6533.5 17.525 "" "" 0.003239415738071569 0.21466997 0.004771292 0.21944126 277.94611607762 -10.17712725126 3292.1748 -2.699000000000001 -4.603999999999997 -1.4689999809265135 -1.2550000228881837 0.21392852 0.19192852 "" "" 30.150145243262003 "" 6.178804322880208 ""
277.85030684026 -9.96108003328 0.0602 0.0578 13.4329 "" "" 4155847567206378368 2722.63672 0.3646 0.0677 0.226 -1.183 0.074 0.066 0.959 9354.9 3.9581 16.814093 2.193917 17.957571 15.763654 "" "" 2294.99219 3405.59692 3542.49812 2.9086 896.17 10.693 3923.7 11.854 "" "" 0.0028959417710219585 0.0132519435 0.0050043077 0.01825625 277.85030684026 -9.96108003328 2722.63672 0.22600000000000003 -1.183 1.4560000190734863 2.1659999771118166 0.115928516 0.107928514 "" "" 33.68132463061965 "" 3.7211281273315455 ""
278.06769563693 -10.05431637191 0.0611 0.0587 11.5128 "" "" 4155094715288746240 2859.74902 0.3254 0.0723 -1.114 -3.222 0.072 0.063 0.998 9258.0 3.8824 16.819227 2.019863 17.820173 15.80031 "" "" 2458.80054 3462.46948 3525.78636 2.9996 1017.1 6.8898 3793.4 13.176 "" "" 0.002906030606406546 0.007866208 0.005339069 0.013205277 278.06769563693 -10.05431637191 2859.74902 -1.1140000000000005 -3.222 0.11600001907348623 0.12699997711181643 0.11392851 0.10492851 "" "" 2.331535530659476 "" 0.25440319464437716 ""
277.93766527545 -10.38219746565 0.0655 0.0661 12.4775 "" "" 4154974971609049472 3230.0332 0.3509 0.0816 0.35 -0.239 0.078 0.068 1.146 8255.8 4.2223 16.831217 2.080935 17.903173 15.822239 "" "" 2407.98511 4785.68262 3487.06626 3.5371 942.21 7.555 3717.6 13.125 "" "" 0.0029672687113957955 0.009142037 0.0053830394 0.014525076 277.93766527545 -10.38219746565 3230.0332 0.35 -0.239 1.5800000190734864 3.1099999771118165 0.11992851 0.10992852 "" "" 53.4076968262857 "" 5.984483530267058 ""
277.74557324198 -10.24418663389 0.0681 0.0708 10.9017 "" "" 4154992529435577984 3172.67798 0.3103 0.084 -1.519 -3.688 0.089 0.075 0.893 4750.4 3.3104 16.832228 3.110061 18.657383 15.547322 "" "" 2525.97803 4101.82373 3483.82149 3.5912 470.4 7.0425 4788.8 16.649 "" "" 0.0029739535670898123 0.016492613 0.0053415643 0.021834176 277.74557324198 -10.24418663389 3172.67798 -1.5190000000000001 -3.688 -0.2889999809265136 -0.33900002288818376 0.13092852 0.11692852 "" "" 6.699172159207086 "" 0.8241001177973549 ""
277.88500102608 -10.200604237 0.0876 0.0843 2.397 "" "" 4155085987915236352 2959.28882 0.3128 0.096 -0.597 -1.828 0.106 0.089 1.066 7230.4 3.4013 16.838114 4.150773 19.504354 15.353581 "" "" 2239.36938 3892.14404 3464.98327 10.323 215.61 7.5879 5724.3 18.752 "" "" 0.004249098336558527 0.038311735 0.0051897955 0.04350153 277.88500102608 -10.200604237 2959.28882 -0.5970000000000006 -1.828 0.6330000190734864 1.5209999771118163 0.1479285 0.13092852 "" "" 23.10899263439251 "" 3.08677064150364 ""
277.69914256804 -10.13507091672 0.0626 0.0607 13.0566 "" "" 4155838500543569408 3172.78467 0.3183 0.0726 0.244 -0.173 0.076 0.062 0.971 9053.4 4.2723 16.856056 2.13041 17.959671 15.829261 "" "" 2561.18823 3770.15869 3408.19193 2.7332 894.43 7.015 3693.6 10.627 "" "" 0.002889622605837844 0.008960875 0.004903258 0.013864133 277.69914256804 -10.13507091672 3172.78467 0.24400000000000022 -0.17299999999999996 1.4740000190734863 3.1759999771118164 0.117928505 0.10392851 "" "" 52.65723003239852 "" 5.610302191008521 ""
278.11823980332 -10.25420718371 0.0801 0.0754 12.8241 "" "" 4155070865324766976 2926.99585 0.3267 0.0901 -2.176 -14.721 0.091 0.084 1.045 5060.4 3.1975 16.856089 3.611756 19.115177 15.503421 "" "" 2322.19702 3598.15405 3408.09176 4.3976 308.56 5.9799 4986.4 15.496 "" "" 0.003091036331240326 0.021225777 0.0050663813 0.026292158 278.11823980332 -10.25420718371 2926.99585 -2.176 -14.721 -0.9459999809265138 -11.372000022888184 0.1329285 0.1259285 "" "" 158.31963948574466 "" 19.9447822007755 ""
277.96451501404 -10.10735358425 0.0714 0.0688 4.969 "" "" 4155088423150737024 3319.38037 0.3223 0.0803 -1.241 -3.453 0.086 0.071 0.986 "" "" 16.859201 2.036794 17.88286 15.846066 "" "" 2518.03491 4504.39111 3398.33575 2.8849 960.0 6.8108 3636.9 12.372 "" "" 0.0029053944942391127 0.008192611 0.005284443 0.0134770535 277.96451501404 -10.10735358425 3319.38037 -1.241 -3.4529999999999994 -0.010999980926513775 -0.10400002288818344 0.12792851 0.11292851 "" "" 1.6454494895518346 "" 0.18610912793797252 ""
277.92276233325 -10.12609033737 0.0676 0.0656 2.976 "" "" 4155088324377518080 3390.43701 0.3017 0.0723 -0.612 -2.182 0.081 0.07 0.956 8391.7 4.1868 16.860733 2.171879 17.989515 15.817637 "" "" 2810.48877 4465.44629 3393.54303 2.9331 870.18 10.3 3733.4 13.167 "" "" 0.0029107428156538292 0.013150857 0.0053801863 0.018531043 277.92276233325 -10.12609033737 3390.43701 -0.612 -2.182 0.6180000190734863 1.1669999771118165 0.122928515 0.11192851 "" "" 21.221885821062646 "" 2.4283814313341368 ""
277.80409116869 -10.34275356706 0.1028 0.1002 12.0385 "" "" 4154987615992878848 2999.0769 0.3753 0.1173 -1.921 -3.64 0.125 0.099 1.004 "" "" 16.86172 3.774514 19.19311 15.418595 "" "" 2236.58057 4411.76318 3390.46609 5.8318 287.19 7.8788 5391.6 38.67 "" "" 0.0033285817759656036 0.029916596 0.0086558685 0.038572464 277.80409116869 -10.34275356706 2999.0769 -1.9210000000000003 -3.6399999999999992 -0.6909999809265137 -0.2910000228881837 0.16692851 0.1409285 "" "" 10.658514520494714 "" 1.740291206572839 ""
277.7856054741 -10.35629908018 0.0982 0.0945 13.326 "" "" 4154987581633142912 3150.49316 0.335 0.108 -0.541 -2.231 0.124 0.098 1.085 "" "" 16.867088 3.585917 19.103725 15.517809 "" "" 2288.07471 4204.8252 3373.73658 4.0865 311.84 8.2503 4920.8 14.135 "" "" 0.0030530843813569367 0.028860336 0.004900051 0.033760387 277.7856054741 -10.35629908018 3150.49316 -0.541 -2.231 0.6890000190734863 1.1179999771118165 0.16592851 0.1399285 "" "" 19.61131594763877 "" 2.893510638004209 ""
277.96518457377 -10.15111551572 0.066 0.0646 3.2254 "" "" 4155088015139759744 2797.23315 0.3431 0.0703 -1.316 -2.262 0.08 0.069 0.928 9251.1 4.0543 16.871216 2.12599 17.971272 15.845282 "" "" 2309.06543 3678.00073 3360.93669 2.9562 884.93 10.07 3639.5 12.132 "" "" 0.002916126005062796 0.012666197 0.0052328273 0.017899023 277.96518457377 -10.15111551572 2797.23315 -1.3160000000000003 -2.2619999999999996 -0.08599998092651373 1.0869999771118164 0.12192851 0.110928506 "" "" 14.457444492748543 "" 1.6047806904548279 ""
277.94908020967 -10.17893843323 0.0677 0.0666 1.9419 "" "" 4155084613525637760 3501.80957 0.3034 0.0746 -1.139 -3.198 0.081 0.07 0.958 "" "" 16.885475 2.062256 17.932497 15.870241 "" "" 2675.31104 5925.7417 3317.08776 3.2218 917.1 4.8441 3556.8 12.423 "" "" 0.0029502302920629193 0.006377566 0.0053539253 0.011731491 277.94908020967 -10.17893843323 3501.80957 -1.139 -3.198 0.09100001907348632 0.15099997711181645 0.122928515 0.11192851 "" "" 2.926343620062652 "" 0.3364185444073116 ""
277.85900365969 -10.06558502728 0.0685 0.0653 7.4045 "" "" 4155840115451166336 2950.61572 0.3024 0.0758 -2.01 -4.595 0.087 0.075 1.0 "" "" 16.89001 3.756705 19.233767 15.477061 "" "" 2450.85571 3812.79834 3303.25645 3.4465 276.64 10.02 5109.0 14.047 "" "" 0.0029791050470267984 0.039424613 0.004816128 0.044240743 277.85900365969 -10.06558502728 2950.61572 -2.0100000000000016 -4.595000000000001 -0.7799999809265135 -1.2460000228881833 0.12892851 0.11692852 "" "" 20.559376457303888 "" 2.4759262244842057 ""
277.89553850621 -10.09431779651 0.0632 0.0613 5.0125 "" "" 4155089355169768576 2731.57104 0.3675 0.0713 -1.068 -3.398 0.075 0.065 1.052 9304.5 4.0148 16.891275 1.993482 17.89683 15.903348 "" "" 2310.74561 3395.86426 3299.4127 2.5177 947.73 9.7788 3450.0 11.901 "" "" 0.0028771859344159743 0.011544999 0.0053208205 0.01686582 277.89553850621 -10.09431779651 2731.57104 -1.0679999999999996 -3.3979999999999952 0.16200001907348627 -0.049000022888183725 0.11692852 0.10692851 "" "" 2.191368015395853 "" 0.25446909455837124 ""
277.81009645575 -10.14722173564 0.0794 0.0757 6.5006 "" "" 4155087362304986496 3543.25317 0.3207 0.09 -1.168 -3.544 0.097 0.082 1.187 "" "" 16.892149 2.408784 18.11672 15.707936 "" "" 2643.94434 5039.15088 3296.75629 4.7515 773.98 9.5615 4130.3 14.109 "" "" 0.0031686738596941053 0.01369997 0.0052952124 0.018995183 277.81009645575 -10.14722173564 3543.25317 -1.1680000000000004 -3.543999999999998 0.0620000190734864 -0.19500002288818363 0.13892852 0.12392852 "" "" 3.4365833270336705 "" 0.430880562499772 ""
278.00193192124 -10.15622666009 0.068 0.0653 5.1789 "" "" 4155085094561934336 3043.55615 0.3349 0.0799 0.215 -1.578 0.082 0.071 0.906 7176.9 4.3314 16.894371 2.161193 18.010359 15.849166 "" "" 2342.15967 4401.85205 3290.01928 3.2251 853.64 8.49 3626.5 13.259 "" "" 0.002953734900537293 0.011152996 0.0054810126 0.016634008 278.00193192124 -10.15622666009 3043.55615 0.21500000000000002 -1.578 1.4450000190734864 1.7709999771118163 0.12392852 0.11292851 "" "" 32.974681739744156 "" 3.8728257008204703 ""
277.98258391557 -10.19113008427 0.118 0.1179 4.0219 "" "" 4155084373007403904 2892.03857 0.3856 0.1509 -1.866 -4.407 0.147 0.126 1.149 3818.3 0.5854 16.89499 5.470565 20.757708 15.287143 "" "" 2081.78198 5928.19531 3288.1384 6.7646 67.973 8.0681 6085.6 10.579 "" "" 0.0035469718502273537 0.12890238 0.0042244564 0.13312683 277.98258391557 -10.19113008427 2892.03857 -1.8659999999999988 -4.407 -0.6359999809265138 -1.0580000228881836 0.18892851 0.16792852 "" "" 16.92212740448721 "" 2.9402266223698414 ""
278.01040757689 -10.34670758438 0.0748 0.0705 11.6867 "" "" 4155068533156089344 2748.70532 0.3776 0.0793 0.77 -0.156 0.081 0.068 0.952 9582.8 4.3811 16.90339 2.127434 17.916567 15.789133 "" "" 2160.4292 3364.40771 3262.79835 3.8785 930.66 11.674 3832.7 18.139 "" "" 0.0030426115900001483 0.013902115 0.006378674 0.02028079 278.01040757689 -10.34670758438 2748.70532 0.7700000000000001 -0.156 2.0000000190734863 3.1929999771118163 0.122928515 0.10992852 "" "" 49.08830440417927 "" 5.583410056764727 ""
278.00512246953 -10.34446737108 0.0696 0.064 11.4221 "" "" 4155069289082043264 3061.3562 0.3538 0.0763 0.158 -1.66 0.078 0.066 1.066 "" "" 16.906178 2.212652 18.058403 15.845751 "" "" 2476.27319 4057.27954 3254.43465 3.3687 816.69 7.7847 3638.0 9.736 "" "" 0.002975709005256271 0.010718771 0.0047672302 0.015486002 278.00512246953 -10.34446737108 3061.3562 0.15800000000000003 -1.66 1.3880000190734862 1.6889999771118165 0.11992851 0.107928514 "" "" 31.722891133127476 "" 3.5821264075431394 ""
278.03989909956 -10.12744563844 0.0649 0.0616 7.8382 "" "" 4155090832638232320 3052.87891 0.3091 0.0743 -0.127 -3.899 0.077 0.065 0.993 "" "" 16.910524 2.0 17.908976 15.908976 "" "" 2564.24609 3655.1731 3241.43271 2.8976 937.19 9.7867 3432.2 13.465 "" "" 0.0029212652274516 0.011676181 0.005694473 0.017370654 278.03989909956 -10.12744563844 3052.87891 -0.12699999999999995 -3.898999999999998 1.1030000190734863 -0.5500000228881836 0.11892851 0.10692851 "" "" 17.83538129423071 "" 2.080273139068784 ""
277.93709776326 -10.13763380257 0.0702 0.0681 2.5689 "" "" 4155088255657998720 2776.3313 0.3533 0.0752 -0.371 -2.753 0.083 0.071 0.965 7182.3 4.3389 16.912712 2.081384 17.973665 15.892282 "" "" 2316.20288 3553.72632 3234.90809 2.8007 882.98 8.0191 3485.3 11.692 "" "" 0.002911252975068992 0.010247662 0.0052488004 0.015496463 277.93709776326 -10.13763380257 2776.3313 -0.371 -2.7529999999999983 0.8590000190734863 0.5959999771118163 0.124928504 0.11292851 "" "" 13.758750119392191 "" 1.6670016210193865 ""
277.88635694782 -10.16541116862 0.1216 0.1163 1.8711 "" "" 4155087705902216960 3464.2583 0.3842 0.1546 -1.168 -1.598 0.154 0.1 1.078 "" "" 16.91413 2.189691 17.716068 15.526377 "" "" 2268.14673 5349.45752 3230.68991 9.44 1119.4 351.81 4882.1 1246.7 "" "" 0.004201965730512245 0.3412414 0.27728084 0.6185222 277.88635694782 -10.16541116862 3464.2583 -1.1679999999999986 -1.598 0.0620000190734864 1.7509999771118163 0.19592851 0.14192851 "" "" 28.770461366065412 "" 4.0856635059081245 ""
277.93906332883 -10.14379100373 0.1094 0.1108 2.3159 "" "" 4155088045193978240 3672.39355 0.3169 0.1252 -0.785 -2.674 0.127 0.108 1.124 5159.8 2.8994 16.91423 4.288165 19.73929 15.451125 "" "" 2530.44824 8129.20508 3230.38913 5.6267 173.66 7.7541 5232.5 22.471 "" "" 0.0033418844913917648 0.048559476 0.006002041 0.054561518 277.93906332883 -10.14379100373 3672.39355 -0.7850000000000001 -2.673999999999998 0.4450000190734863 0.6749999771118165 0.16892852 0.14992851 "" "" 14.073437402617143 "" 2.1944605959155927 ""
278.04378526652 -10.20262860867 0.1135 0.1058 7.6989 "" "" 4155083685812543488 3028.48145 0.3249 0.1326 -0.984 -2.595 0.131 0.112 1.13 4479.4 2.2751 16.916645 4.561585 19.962152 15.400568 "" "" 2206.63086 4540.55078 3223.21061 4.8311 141.43 7.1374 5481.9 11.852 "" "" 0.003200010239894788 0.054863714 0.00444904 0.059312753 278.04378526652 -10.20262860867 3028.48145 -0.9840000000000001 -2.595 0.24600001907348634 0.7539999771118162 0.17292851 0.15392852 "" "" 11.385172642365648 "" 1.7744604711417031 ""
277.92579717824 -10.38025876936 0.1044 0.1117 12.3104 "" "" 4154974971609058432 3233.00513 0.3263 0.1113 -0.841 -2.413 0.12 0.11 1.556 4611.0 4.1454 16.917837 2.512134 18.177015 15.664882 "" "" 2485.94775 4415.59473 3219.67607 4.2234 732.17 11.501 4297.4 24.689 "" "" 0.0031016393415397112 0.017281583 0.007293297 0.02457488 277.92579717824 -10.38025876936 3233.00513 -0.841 -2.4129999999999994 0.38900001907348636 0.9359999771118166 0.1619285 0.15192851 "" "" 15.533098748923571 "" 2.383433967102426 ""
277.79745909571 -10.0736443932 0.0704 0.0662 9.3037 "" "" 4155839874933065984 2817.50513 0.3274 0.0769 -0.371 -3.022 0.084 0.074 0.946 5132.1 3.1559 16.925259 3.490723 19.05896 15.568237 "" "" 2385.36548 3476.56909 3197.7384 2.9718 324.96 5.9087 4697.5 26.603 "" "" 0.002934265898577895 0.019937979 0.007217415 0.027155394 277.79745909571 -10.0736443932 2817.50513 -0.371 -3.022 0.8590000190734863 0.3269999771118166 0.1259285 0.115928516 "" "" 12.275030635549648 "" 1.5307837585456 ""
