Clusters/LP_1641/LP_1641_stars_in_region.tsv
# %ECSV 1.0
# ---
# datatype:
# - name: RA_ICRS_1
#   unit: deg
#   datatype: float64
#   format: '{:15.11f}'
#   description: Right ascension (ICRS) at Ep=2016.0 (ra)
#   meta: !!omap
#   - {ucd: POS_EQ_RA_MAIN}
#   - {width: 15}
#   - {precision: '11'}
# - name: DE_ICRS_1
#   unit: deg
#   datatype: float64
#   format: '{:15.11f}'
#   description: Declination (ICRS) at Ep=2016.0 (dec)
#   meta: !!omap
#   - {ucd: POS_EQ_DEC_MAIN}
#   - {width: 15}
#   - {precision: '11'}
# - name: e_RA_ICRS
#   unit: mas
#   datatype: float64
#   format: '{:7.4f}'
#   description: Standard error of right ascension (ra_error)
#   meta: !!omap
#   - {ucd: ERROR}
#   - {width: 7}
#   - {precision: '4'}
# - name: e_DE_ICRS
#   unit: mas
#   datatype: float64
#   format: '{:7.4f}'
#   description: Standard error of declination (dec_error)
#   meta: !!omap
#   - {ucd: ERROR}
#   - {width: 7}
#   - {precision: '4'}
# - name: _r_1
#   unit: ''
#   datatype: float64
#   format: '{:7.4f}'
#   description: Distance from center (277.91640667000-10.17529418000)[ICRS], at Epoch=J2016.0
#   meta: !!omap
#   - {ucd: POS_ANG_DIST_GENERAL}
#   - {width: 7}
#   - {precision: '4'}
# - name: HIP
#   datatype: int32
#   description: '? HIP cross-id number, van Leeuwen, Cat. I/311 (hip_original_ext_source_id)'
#   meta: !!omap
#   - {ucd: ID_NUMBER}
#   - {width: 6}
#   - values: {'null': -2147483648}
# - name: TYC2
#   datatype: string
#   description: Tycho-2 cross-id name, Hog et al., Cat. I/259 (tyc2_original_ext_source_id)
#   meta: !!omap
#   - {ucd: ID_CROSSID}
#   - {_votable_string_dtype: char}
# - name: Source
#   datatype: int64
#   description: Source identifier, identical to the Gaia-EDR3 source_id (id)
#   meta: !!omap
#   - {ucd: ID_MAIN}
#   - {width: 19}
# - name: rgeo
#   unit: pc
#   datatype: float64
#   format: '{:15.8f}'
#   description: '? Median of the geometric distance posterior (r_med_geo)'
#   meta: !!omap
#   - {ucd: PHYS_DISTANCE_TRUE}
#   - {width: 15}
#   - {precision: '8'}
#   - values: {'null': .nan}
# - name: Plx
#   unit: mas
#   datatype: float64
#   format: '{:9.4f}'
#   description: '? Parallax (parallax)'
#   meta: !!omap
#   - {ucd: POS_PARLX_TRIG}
#   - {width: 9}
#   - {precision: '4'}
#   - values: {'null': .nan}
# - name: e_Plx
#   unit: mas
#   datatype: float32
#   format: '{:7.4f}'
#   description: '? Standard error of parallax (parallax_error)'
#   meta: !!omap
#   - {ucd: ERROR}
#   - {width: 7}
#   - {precision: '4'}
#   - values: {'null': .nan}
# - name: pmRA
#   unit: mas / yr
#   datatype: float64
#   format: '{:9.3f}'
#   description: '? Proper motion in right ascension direction, pmRA*cosDE (pmra)'
#   meta: !!omap
#   - {ucd: POS_EQ_PMRA}
#   - {width: 9}
#   - {precision: '3'}
#   - values: {'null': .nan}
# - name: pmDE
#   unit: mas / yr
#   datatype: float64
#   format: '{:9.3f}'
#   description: '? Proper motion in declination direction (pmdec)'
#   meta: !!omap
#   - {ucd: POS_EQ_PMDEC}
#   - {width: 9}
#   - {precision: '3'}
#   - values: {'null': .nan}
# - name: e_pmRA
#   unit: mas / yr
#   datatype: float32
#   format: '{:6.3f}'
#   description: '? Standard error of proper motion in right ascension direction (pmra_error)'
#   meta: !!omap
#   - {ucd: ERROR}
#   - {width: 6}
#   - {precision: '3'}
#   - values: {'null': .nan}
# - name: e_pmDE
[...]
#         value: !astropy.table.SerializedColumn {name: SkyCoord.dec}
#       distance: !astropy.table.SerializedColumn
#         __class__: astropy.coordinates.distances.Distance
#         unit: !astropy.units.Unit {unit: pc}
#         value: !astropy.table.SerializedColumn {name: SkyCoord.distance}
#       frame: icrs
#       obstime: !astropy.time.Time {format: jyear_str, in_subfmt: '*', jd1: 367701545.0, jd2: 0.0, out_subfmt: '*', precision: 3, scale: tt}
#       pm_dec: !astropy.table.SerializedColumn
#         __class__: astropy.units.quantity.Quantity
#         unit: !astropy.units.Unit {unit: mas / yr}
#         value: !astropy.table.SerializedColumn {name: SkyCoord.pm_dec}
#       pm_ra_cosdec: !astropy.table.SerializedColumn
#         __class__: astropy.units.quantity.Quantity
#         unit: !astropy.units.Unit {unit: mas / yr}
#         value: !astropy.table.SerializedColumn {name: SkyCoord.pm_ra_cosdec}
#       ra: !astropy.table.SerializedColumn
#         __class__: astropy.coordinates.angles.Longitude
#         unit: *id001
#         value: !astropy.table.SerializedColumn {name: SkyCoord.ra}
#         wrap_angle: !astropy.coordinates.Angle
#           unit: *id001
#           value: 360.0
#       representation_type: spherical
# schema: astropy-2.0
RA_ICRS_1 DE_ICRS_1 e_RA_ICRS e_DE_ICRS _r_1 HIP TYC2 Source rgeo Plx e_Plx pmRA pmDE e_pmRA e_pmDE RUWE Teff logg Gmag BP-RP BPmag RPmag RV e_RV b_rgeo B_rgeo FG e_FG FBP e_FBP FRP e_FRP RAVE5 RAVE6 e_Gmag e_BPmag e_RPmag e_BP-RP SkyCoord.ra SkyCoord.dec SkyCoord.distance SkyCoord.pm_ra_cosdec SkyCoord.pm_dec rmRA rmDE e_rmRA e_rmDE rRV e_rRV v_pec v_pec3d e_vpec e_vpec3d
277.83653297693 -9.99615245342 0.033 0.0308 11.7385 "" "" 4155841592920044160 2787.92749 0.3625 0.038 -0.937 -3.379 0.041 0.036 1.134 "" "" 12.041557 3.492381 14.200376 10.707994 37.5 0.3 2478.3938 3066.16992 287292.28702 86.024 28528.0 78.181 413010.0 312.6 "" "" 0.0027744334333433544 0.004079021 0.0038676918 0.007946713 277.83653297693 -9.99615245342 2787.92749 -0.9370000000000003 -3.3790000000000004 0.2930000190734863 -0.030000022888183597 0.08292851 0.07792851 3.1400000000000006 0.87 3.8921725540490524 5.000860644978295 0.32257619014032035 0.601197349733568
277.83536048874 -10.18328801227 0.0251 0.0245 4.8102 "" "" 4155086915628283904 2884.29004 0.3382 0.0312 -1.314 -3.452 0.032 0.026 0.912 4816.2 1.111 12.213267 3.275828 14.189944 10.914116 33.5 0.29 2663.85449 3136.02686 245267.33499 105.1 28803.0 69.413 341600.0 239.57 "" "" 0.0027943242274306923 0.0038250922 0.0038553244 0.0076804166 277.83536048874 -10.18328801227 2884.29004 -1.3140000000000003 -3.452 -0.08399998092651373 -0.10300002288818355 0.07392851 0.06792851 -0.8599999999999994 0.86 1.817080264087491 2.0103185533980095 0.12789789309794863 0.3856372348543396
277.82548908241 -10.21459791227 0.0264 0.0251 5.864 "" "" 4155085747397139584 2748.75635 0.3606 0.0309 -1.294 -3.45 0.035 0.029 0.994 "" "" 12.324657 3.278223 14.302896 11.024672 34.36 0.57 2526.36841 3001.97388 221352.23278 89.174 25957.0 50.683 308520.0 203.7 "" "" 0.002789822229138667 0.0035041932 0.0038467662 0.0073509593 277.82548908241 -10.21459791227 2748.75635 -1.2939999999999994 -3.45 -0.06399998092651371 -0.10100002288818377 0.07692851 0.070928514 0.0 1.14 1.5578910382656999 1.5578910382656999 0.11325572555608542 0.11325572555608542
277.75722073774 -10.09376759265 0.0144 0.0131 10.5985 "" "" 4155839084659107712 2857.53931 0.3431 0.0166 0.098 -2.145 0.018 0.014 1.104 "" "" 12.505013 2.082666 13.56302 11.480353 "" "" 2720.30811 2961.57935 187474.09765 59.125 51311.0 58.246 202780.0 109.53 "" "" 0.0027765154785666054 0.003050255 0.0038246114 0.0068748663 277.75722073774 -10.09376759265 2857.53931 0.09800000000000003 -2.145000000000001 1.3280000190734864 1.2039999771118164 0.05992851 0.055928513 "" "" 24.279482959353892 "" 1.4120463237170704 ""
278.09249016774 -10.27196621081 0.0396 0.0368 11.9057 "" "" 4155070732191046912 2875.57129 0.3573 0.0482 0.01 -0.1 0.045 0.037 1.107 3778.0 0.5602 12.627385 3.751602 15.008544 11.256942 49.67 0.39 2545.18433 3248.04883 167491.46525 99.772 13552.0 38.485 249100.0 333.41 "" "" 0.0028302089038055615 0.004158322 0.0040491424 0.008207465 278.09249016774 -10.27196621081 2875.57129 0.009999999999999998 -0.09999999999999999 1.2400000190734863 3.2489999771118163 0.08692852 0.078928515 15.310000000000002 0.96 47.400213383779885 49.81140761741095 3.791545769364151 3.620055610372583
277.99574909034 -10.14728500659 0.0289 0.0261 4.9781 "" "" 4155085094561957504 2992.15625 0.3166 0.0336 -0.048 -3.266 0.035 0.03 0.964 "" "" 12.657654 3.51277 14.833837 11.321067 -2.94 4.58 2711.26953 3339.00708 162886.52697 150.76 15918.0 71.022 234820.0 682.82 "" "" 0.002932852638441116 0.0055903527 0.004924564 0.010514917 277.99574909034 -10.14728500659 2992.15625 -0.04799999999999999 -3.266 1.1820000190734863 0.08299997711181639 0.07692851 0.07192851 -37.3 5.15 16.805373965600126 40.91100822668234 1.2924134469158086 4.725353515542298
277.94992325677 -10.09558246077 0.0464 0.043 5.1762 "" "" 4155088491870254464 3019.30713 0.3188 0.0537 -1.761 -1.671 0.057 0.048 1.071 3767.6 0.7249 12.910996 3.892929 15.410665 11.517736 8.31 0.52 2694.20142 3622.3396 128987.65541 100.75 9357.3 40.579 195910.0 263.66 "" "" 0.002882876576877643 0.005473048 0.0040520187 0.009525066 277.94992325677 -10.09558246077 3019.30713 -1.761 -1.6710000000000003 -0.5309999809265136 1.6779999771118164 0.09892851 0.08992851 -26.049999999999997 1.0899999 25.18845036570987 36.23617711384342 2.2867245271284964 1.772195259305009
277.95921129621 -10.10229300158 0.0148 0.0138 5.0573 "" "" 4155088427456718592 2841.88037 0.3076 0.0172 -1.236 -3.286 0.018 0.016 0.981 15020.3 3.4477 13.477692 1.785479 14.338708 12.553229 "" "" 2716.94604 2984.95215 76536.76939 92.212 25115.0 97.528 75486.0 221.1 "" "" 0.003050068869305344 0.0050558215 0.0049393354 0.009995157 277.95921129621 -10.10229300158 2841.88037 -1.2360000000000009 -3.286 -0.0059999809265136594 0.06299997711181637 0.05992851 0.05792851 "" "" 0.8524820148949496 "" 0.0493986004674752 ""
277.79112888104 -10.34841022982 0.0159 0.0152 12.7513 "" "" 4154987581633144704 2861.40625 0.3028 0.0191 -1.304 -3.268 0.022 0.017 1.07 "" "" 13.487854 2.054941 14.524007 12.469066 "" "" 2732.03345 3032.80737 75823.74145 29.737 21175.0 29.824 81570.0 42.76 "" "" 0.0027880286755329504 0.003181749 0.0038219977 0.007003747 277.79112888104 -10.34841022982 2861.40625 -1.3039999999999992 -3.2679999999999993 -0.07399998092651372 0.08099997711181661 0.063928515 0.058928512 "" "" 1.4880477774983014 "" 0.09114856634289416 ""
277.96326172012 -10.24902569912 0.1377 0.1275 5.2178 "" "" 4155081830386709248 3601.61597 0.3588 0.1592 0.452 -6.749 0.17 0.143 10.469 9085.7 3.7393 13.58713 1.691692 14.3502 12.658507 9.33 4.62 2235.95264 6785.52979 69198.22572 168.08 24851.0 25.278 68510.0 26.425 "" "" 0.003814012040023356 0.003000788 0.0038025128 0.0068033007 277.96326172012 -10.24902569912 3601.61597 0.4519999999999996 -6.749 1.6820000190734863 -3.4000000228881833 0.21192852 0.18492852 -25.03 5.19 64.75792522356129 69.4268664081878 12.338945863199704 11.660262084994494
277.91261048292 -10.04147561293 0.0427 0.0397 8.0322 "" "" 4155846094045603712 2796.9043 0.3014 0.0492 -2.063 -2.182 0.053 0.044 1.275 3780.4 0.8991 13.76626 4.050465 16.398375 12.34791 -13.58 1.1 2443.25586 3160.23584 58673.59643 36.919 3767.6 9.4627 91200.0 141.55 "" "" 0.002838752636858524 0.0039014376 0.004138051 0.008039488 277.91261048292 -10.04147561293 2796.9043 -2.063 -2.182 -0.8329999809265138 1.1669999771118165 0.09492851 0.085928515 -47.94 1.6700001 19.008333645862795 51.57092541338035 1.6930347490102065 1.6731480857621859
277.89758794594 -10.19019979497 0.0173 0.0164 1.4265 "" "" 4155086022274972928 2832.24658 0.3059 0.0201 -1.18 -3.382 0.022 0.018 1.039 "" "" 13.949502 2.107994 15.022002 12.914008 "" "" 2632.62354 3038.28857 49561.68524 18.695 13385.0 15.305 54145.0 30.791 "" "" 0.0027855911575158225 0.003053902 0.0038294843 0.0068833865 277.89758794594 -10.19019979497 2832.24658 -1.1800000000000002 -3.381999999999999 0.05000001907348639 -0.03300002288818371 0.063928515 0.05992851 "" "" 0.8042597576903701 "" 0.05046067260173017 ""
278.12394201685 -10.20639991876 0.1378 0.1258 12.397 "" "" 4155077638499075456 3701.69141 0.3321 0.1561 -3.703 -4.925 0.163 0.15 1.56 3500.6 0.1345 14.13725 6.909424 19.382353 12.472929 "" "" 2514.10254 6270.52539 41691.40977 233.96 241.25 13.104 81281.0 1224.9 "" "" 0.0066868839684453875 0.059040006 0.0167928 0.07583281 278.12394201685 -10.20639991876 3701.69141 -3.702999999999998 -4.925000000000003 -2.4729999809265135 -1.5760000228881834 0.20492852 0.19192852 "" "" 51.453542294970084 "" 10.355540759175812 ""
277.93474507018 -10.13000268899 0.0236 0.0217 2.9254 "" "" 4155088255658017280 2873.35132 0.3053 0.0259 -1.21 -3.278 0.03 0.025 1.149 6898.8 2.8384 14.624552 1.834295 15.511054 13.676759 "" "" 2711.77466 3115.13281 26614.98056 10.733 8530.9 14.231 26820.0 21.779 "" "" 0.0027898918710036066 0.00332648 0.0038808582 0.007207338 277.93474507018 -10.13000268899 2873.35132 -1.2100000000000002 -3.278 0.020000019073486364 0.07099997711181638 0.07192851 0.06692851 "" "" 1.0046304447873504 "" 0.06762041301466282 ""
277.97503921392 -10.04759267913 0.0719 0.0647 8.4085 "" "" 4155095333764368000 2770.74292 0.3516 0.0828 -0.985 -2.264 0.087 0.074 1.223 "" "" 14.624744 5.250695 18.315536 13.064841 52.93 1.69 2273.73779 3661.77856 26610.25304 29.868 644.47 9.8255 47122.0 70.376 "" "" 0.0030127917311253754 0.016786491 0.0041125524 0.020899044 277.97503921392 -10.04759267913 2770.74292 -0.985 -2.264 0.24500001907348634 1.0849999771118166 0.12892851 0.115928516 18.57 2.26 14.60842173013804 23.627333439166794 1.703234874870557 2.0649631789990424
278.00515869948 -10.11654247628 0.0218 0.0205 6.3169 "" "" 4155094028093971456 2949.53662 0.3022 0.024 -1.16 -3.379 0.028 0.024 1.053 "" "" 14.674407 1.844447 15.568356 13.723908 "" "" 2759.67944 3150.16357 25420.48316 8.2202 8092.4 16.343 25680.0 20.877 "" "" 0.0027775989789525215 0.0035486575 0.0038810861 0.0074297437 278.00515869948 -10.11654247628 2949.53662 -1.16 -3.3789999999999996 0.07000001907348641 -0.030000022888183597 0.06992851 0.06592851 "" "" 1.0647466500918754 "" 0.07381138076829016 ""
277.85211799399 -10.15837309916 0.0243 0.024 3.9302 "" "" 4155087048761012736 2899.37842 0.3182 0.0299 0.036 -2.067 0.031 0.025 0.992 7325.3 2.3297 14.747949 1.977198 15.73377 13.756573 "" "" 2648.08838 3134.93481 23755.6781 11.636 6948.8 16.447 24919.0 23.293 "" "" 0.0028061747273361005 0.0037932806 0.003913276 0.0077065565 277.85211799399 -10.15837309916 2899.37842 0.036 -2.067 1.2660000190734864 1.2819999771118162 0.07292851 0.06692851 "" "" 24.76145902772225 "" 1.7321924040238805 ""
277.89109018061 -10.15980490157 0.1388 0.1332 1.7604 "" "" 4155087740261958144 2894.2124 0.3841 0.1457 -2.035 -4.724 0.178 0.15 1.12 3454.0 0.3058 14.797776 6.689283 19.831314 13.142031 50.07 2.11 1974.10388 4541.25879 22690.09394 45.671 159.55 7.9167 43888.0 137.14 "" "" 0.0035167755133817106 0.053945273 0.0050787786 0.05902405 277.89109018061 -10.15980490157 2894.2124 -2.0350000000000015 -4.723999999999997 -0.8049999809265138 -1.3750000228881838 0.21992852 0.19192852 15.71 2.6799998 21.857986784250112 26.917943574137542 4.35957291558987 3.870216724717584
278.04900458154 -10.32586238974 0.0244 0.0229 11.9543 "" "" 4155068704966468096 2779.62524 0.3218 0.0287 -0.218 -0.214 0.028 0.023 0.971 "" "" 14.85574 2.134275 15.948215 13.813941 "" "" 2562.76733 2998.27148 21510.51729 9.7027 5703.4 11.579 23636.0 28.313 "" "" 0.0027985058815225366 0.0035558096 0.0039969026 0.007552712 278.04900458154 -10.32586238974 2779.62524 -0.21799999999999986 -0.21399999999999986 1.0120000190734864 3.1349999771118164 0.06992851 0.06492851 "" "" 43.40371091120347 "" 2.8393273272024624 ""
278.00881600099 -10.31682700129 0.0247 0.0225 10.0937 "" "" 4155069495240498304 2974.59473 0.3022 0.0282 0.006 -2.164 0.03 0.025 1.096 "" "" 14.936043 2.088388 15.966462 13.878074 "" "" 2717.78979 3358.23145 19976.97095 9.9005 5608.3 27.531 22281.0 107.7 "" "" 0.0028073699638709996 0.0060160086 0.0064673554 0.012483364 278.00881600099 -10.31682700129 2974.59473 0.0059999999999999915 -2.164000000000002 1.2360000190734863 1.1849999771118163 0.07192851 0.06692851 "" "" 24.1425020749033 "" 1.6798024733897015 ""
278.03312258391 -10.03823475641 0.029 0.0274 10.7312 "" "" 4155094990166741248 2758.8064 0.3074 0.0334 -0.058 -3.347 0.036 0.031 1.034 4836.7 2.3581 14.976424 3.26541 16.943441 13.678032 4.89 2.83 2565.21167 3013.20044 19247.61629 11.135 2280.6 13.964 26788.0 25.102 "" "" 0.0028260068929108232 0.0072096973 0.003913928 0.011123626 278.03312258391 -10.03823475641 2758.8064 -0.05800000000000005 -3.346999999999999 1.1720000190734863 0.001999977111816431 0.07792851 0.07292851 -29.47 3.3999999 15.325964581943664 33.216954862946 1.194329418594464 3.066391632582903
277.94014451998 -10.07594464107 0.0284 0.0258 6.1236 "" "" 4155089320809991808 2753.90356 0.3268 0.0329 -0.024 -2.133 0.036 0.033 0.98 "" "" 15.149519 1.793091 16.011087 14.217997 "" "" 2514.76221 3035.46948 16411.14858 8.0285 5382.5 10.884 16291.0 22.468 "" "" 0.002806049358425735 0.0035503753 0.004065214 0.0076155895 277.94014451998 -10.07594464107 2753.90356 -0.024 -2.133 1.2060000190734863 1.2159999771118164 0.07792851 0.07492851 "" "" 22.355784322491864 "" 1.7086714571461192 ""
277.89283722059 -10.17794896251 0.0299 0.0285 1.401 "" "" 4155087499743754112 2765.56763 0.3121 0.034 1.553 -0.092 0.039 0.035 1.039 "" "" 15.163495 3.053995 16.962969 13.908974 -9.55 2.54 2527.79175 3003.4458 16201.26165 11.067 2239.9 11.807 21656.0 33.325 "" "" 0.0028533927714303416 0.006367065 0.004132214 0.010499279 277.89283722059 -10.17794896251 2765.56763 1.553 -0.09199999999999992 2.7830000190734863 3.2569999771118163 0.08092851 0.07692851 -43.91 3.11 56.158796161045125 71.28743568299969 4.416403132579171 3.9716657682839496
278.10204441584 -10.2479997921 0.0423 0.0383 11.798 "" "" 4155071625544260096 3061.62378 0.3069 0.048 -0.656 -2.042 0.05 0.045 1.418 7663.0 2.5438 15.298044 2.077318 16.339846 14.262527 "" "" 2644.12866 3551.58813 14312.94268 8.949 3976.3 18.84 15637.0 15.972 "" "" 0.002837713585449449 0.005852251 0.003938731 0.009790981 278.10204441584 -10.2479997921 3061.62378 -0.656 -2.0420000000000003 0.5740000190734863 1.3069999771118166 0.09192851 0.08692852 "" "" 20.71585902518383 "" 1.8179464316843506 ""
277.90960633302 -10.19299711065 0.0296 0.0277 1.1356 "" "" 4155087431024222464 2878.93677 0.3069 0.0324 -1.108 -3.356 0.038 0.035 0.928 7322.8 2.3513 15.313379 2.156164 16.407034 14.25087 "" "" 2631.00537 3160.11328 14112.20578 6.7328 3737.7 14.192 15806.0 56.851 "" "" 0.002803588353526885 0.0049779788 0.00543453 0.010412509 277.90960633302 -10.19299711065 2878.93677 -1.108000000000001 -3.3560000000000016 0.12200001907348623 -0.007000022888183466 0.07992851 0.07692851 "" "" 1.6675699987900972 "" 0.13327027663361643 ""
277.73400092451 -10.03784332657 0.0302 0.0275 13.5685 "" "" 4155843890718038656 2786.46436 0.3173 0.0319 -1.045 -3.365 0.037 0.031 1.008 7401.9 2.3612 15.342692 2.262567 16.528578 14.266011 "" "" 2576.52026 3048.90381 13736.30131 7.1537 3341.8 10.977 15587.0 20.232 "" "" 0.002812740632140034 0.0045281462 0.0040335874 0.008561734 277.73400092451 -10.03784332657 2786.46436 -1.045 -3.365 0.1850000190734864 -0.016000022888183807 0.078928515 0.07292851 "" "" 2.452572247466984 "" 0.1934727569459224 ""
277.99214417296 -9.97941153134 0.0298 0.0279 12.5758 "" "" 4155096192757750912 2930.65698 0.3096 0.0372 -1.262 -3.306 0.037 0.03 0.995 8947.1 3.9344 15.3744 1.856072 16.274572 14.418501 "" "" 2679.47314 3275.40869 13340.94703 6.5048 4222.7 12.5 13544.0 19.83 "" "" 0.002805715202719941 0.0042561437 0.0041000852 0.0083562285 277.99214417296 -9.97941153134 2930.65698 -1.262 -3.306 -0.03199998092651368 0.042999977111816357 0.078928515 0.07192851 "" "" 0.7445792050257664 "" 0.05547036053403116 ""
277.95487038624 -9.96002292806 0.03 0.0286 13.1146 "" "" 4155847056118344064 2861.8125 0.3103 0.0361 -0.487 -2.637 0.038 0.033 0.995 9723.3 3.6593 15.376356 1.889829 16.30032 14.410491 "" "" 2610.26831 3193.84082 13316.93224 8.2769 4123.7 12.622 13645.0 16.039 "" "" 0.0028367536451601714 0.004339258 0.0039890455 0.008328304 277.95487038624 -9.96002292806 2861.8125 -0.4869999999999999 -2.637000000000002 0.7430000190734863 0.7119999771118164 0.07992851 0.07492851 "" "" 13.959377816967557 "" 1.0829016726486635 ""
277.9248633925 -10.38085658137 0.0334 0.0322 12.3438 "" "" 4154974971609059200 2859.04761 0.3054 0.0366 -0.666 -2.728 0.042 0.036 0.884 "" "" 15.510187 2.895528 17.178497 14.282969 145.49 8.25 2619.0376 3123.43481 11772.58987 10.065 1836.6 9.8015 15345.0 37.968 "" "" 0.0029074803091143652 0.006431109 0.004636876 0.011067985 277.9248633925 -10.38085658137 2859.04761 -0.6659999999999994 -2.728 0.5640000190734863 0.6209999771118162 0.08392851 0.07792851 111.13000000000001 8.82 11.368545902130728 111.70998494283694 0.9173943724802055 8.774703999168619
277.96864174797 -10.32301934703 0.0326 0.0316 9.3847 "" "" 4155069563960007552 2752.59131 0.3201 0.0392 -0.11 -0.899 0.039 0.034 1.01 8125.4 2.6555 15.522112 2.265447 16.706156 14.440709 "" "" 2486.53369 3119.06885 11643.99589 8.3527 2837.6 10.089 13270.0 30.064 "" "" 0.0028632819749879975 0.004763085 0.004509363 0.009272448 277.96864174797 -10.32301934703 2752.59131 -0.11000000000000004 -0.8989999999999999 1.1200000190734862 2.4499999771118164 0.08092851 0.07592851 "" "" 35.147597418311626 "" 2.6998999625434137 ""
