Clusters/LP_1641/LP_1641_stars_in_region.tsv
# %ECSV 1.0
# ---
# datatype:
# - name: RA_ICRS_1
#   unit: deg
#   datatype: float64
#   format: '{:15.11f}'
#   description: Right ascension (ICRS) at Ep=2016.0 (ra)
#   meta: !!omap
#   - {ucd: POS_EQ_RA_MAIN}
#   - {width: 15}
#   - {precision: '11'}
# - name: DE_ICRS_1
#   unit: deg
#   datatype: float64
#   format: '{:15.11f}'
#   description: Declination (ICRS) at Ep=2016.0 (dec)
#   meta: !!omap
#   - {ucd: POS_EQ_DEC_MAIN}
#   - {width: 15}
#   - {precision: '11'}
# - name: e_RA_ICRS
#   unit: mas
#   datatype: float64
#   format: '{:7.4f}'
#   description: Standard error of right ascension (ra_error)
#   meta: !!omap
#   - {ucd: ERROR}
#   - {width: 7}
#   - {precision: '4'}
# - name: e_DE_ICRS
#   unit: mas
#   datatype: float64
#   format: '{:7.4f}'
#   description: Standard error of declination (dec_error)
#   meta: !!omap
#   - {ucd: ERROR}
#   - {width: 7}
#   - {precision: '4'}
# - name: _r_1
#   unit: ''
#   datatype: float64
#   format: '{:7.4f}'
#   description: Distance from center (277.91640667000-10.17529418000)[ICRS], at Epoch=J2016.0
#   meta: !!omap
#   - {ucd: POS_ANG_DIST_GENERAL}
#   - {width: 7}
#   - {precision: '4'}
# - name: HIP
#   datatype: int32
#   description: '? HIP cross-id number, van Leeuwen, Cat. I/311 (hip_original_ext_source_id)'
#   meta: !!omap
#   - {ucd: ID_NUMBER}
#   - {width: 6}
#   - values: {'null': -2147483648}
# - name: TYC2
#   datatype: string
#   description: Tycho-2 cross-id name, Hog et al., Cat. I/259 (tyc2_original_ext_source_id)
#   meta: !!omap
#   - {ucd: ID_CROSSID}
#   - {_votable_string_dtype: char}
# - name: Source
#   datatype: int64
#   description: Source identifier, identical to the Gaia-EDR3 source_id (id)
#   meta: !!omap
#   - {ucd: ID_MAIN}
#   - {width: 19}
# - name: rgeo
#   unit: pc
#   datatype: float64
#   format: '{:15.8f}'
#   description: '? Median of the geometric distance posterior (r_med_geo)'
#   meta: !!omap
#   - {ucd: PHYS_DISTANCE_TRUE}
#   - {width: 15}
#   - {precision: '8'}
#   - values: {'null': .nan}
# - name: Plx
#   unit: mas
#   datatype: float64
#   format: '{:9.4f}'
#   description: '? Parallax (parallax)'
#   meta: !!omap
#   - {ucd: POS_PARLX_TRIG}
#   - {width: 9}
#   - {precision: '4'}
#   - values: {'null': .nan}
# - name: e_Plx
#   unit: mas
#   datatype: float32
#   format: '{:7.4f}'
#   description: '? Standard error of parallax (parallax_error)'
#   meta: !!omap
#   - {ucd: ERROR}
#   - {width: 7}
#   - {precision: '4'}
#   - values: {'null': .nan}
# - name: pmRA
#   unit: mas / yr
#   datatype: float64
#   format: '{:9.3f}'
#   description: '? Proper motion in right ascension direction, pmRA*cosDE (pmra)'
#   meta: !!omap
#   - {ucd: POS_EQ_PMRA}
#   - {width: 9}
#   - {precision: '3'}
#   - values: {'null': .nan}
# - name: pmDE
#   unit: mas / yr
#   datatype: float64
#   format: '{:9.3f}'
#   description: '? Proper motion in declination direction (pmdec)'
#   meta: !!omap
#   - {ucd: POS_EQ_PMDEC}
#   - {width: 9}
#   - {precision: '3'}
#   - values: {'null': .nan}
# - name: e_pmRA
#   unit: mas / yr
#   datatype: float32
#   format: '{:6.3f}'
#   description: '? Standard error of proper motion in right ascension direction (pmra_error)'
#   meta: !!omap
#   - {ucd: ERROR}
#   - {width: 6}
#   - {precision: '3'}
#   - values: {'null': .nan}
# - name: e_pmDE
[...]
#         value: !astropy.table.SerializedColumn {name: SkyCoord.dec}
#       distance: !astropy.table.SerializedColumn
#         __class__: astropy.coordinates.distances.Distance
#         unit: !astropy.units.Unit {unit: pc}
#         value: !astropy.table.SerializedColumn {name: SkyCoord.distance}
#       frame: icrs
#       obstime: !astropy.time.Time {format: jyear_str, in_subfmt: '*', jd1: 367701545.0, jd2: 0.0, out_subfmt: '*', precision: 3, scale: tt}
#       pm_dec: !astropy.table.SerializedColumn
#         __class__: astropy.units.quantity.Quantity
#         unit: !astropy.units.Unit {unit: mas / yr}
#         value: !astropy.table.SerializedColumn {name: SkyCoord.pm_dec}
#       pm_ra_cosdec: !astropy.table.SerializedColumn
#         __class__: astropy.units.quantity.Quantity
#         unit: !astropy.units.Unit {unit: mas / yr}
#         value: !astropy.table.SerializedColumn {name: SkyCoord.pm_ra_cosdec}
#       ra: !astropy.table.SerializedColumn
#         __class__: astropy.coordinates.angles.Longitude
#         unit: *id001
#         value: !astropy.table.SerializedColumn {name: SkyCoord.ra}
#         wrap_angle: !astropy.coordinates.Angle
#           unit: *id001
#           value: 360.0
#       representation_type: spherical
# schema: astropy-2.0
RA_ICRS_1 DE_ICRS_1 e_RA_ICRS e_DE_ICRS _r_1 HIP TYC2 Source rgeo Plx e_Plx pmRA pmDE e_pmRA e_pmDE RUWE Teff logg Gmag BP-RP BPmag RPmag RV e_RV b_rgeo B_rgeo FG e_FG FBP e_FBP FRP e_FRP RAVE5 RAVE6 e_Gmag e_BPmag e_RPmag e_BP-RP SkyCoord.ra SkyCoord.dec SkyCoord.distance SkyCoord.pm_ra_cosdec SkyCoord.pm_dec rmRA rmDE e_rmRA e_rmDE rRV e_rRV v_pec v_pec3d e_vpec e_vpec3d
[from data line 125]
278.01192881324 -10.01164220078 0.0651 0.066 11.3249 "" "" 4155095883520018688 2725.10791 0.3893 0.0698 -0.352 -3.56 0.082 0.07 0.923 8606.7 4.1937 16.576 2.260466 17.76941 15.508944 "" "" 2282.93506 3446.28369 4411.09486 3.4903 1065.7 7.9666 4961.1 17.456 "" "" 0.0028861447964080105 0.00858258 0.0053738244 0.013956404 278.01192881324 -10.01164220078 2725.10791 -0.352 -3.5600000000000005 0.8780000190734863 -0.21100002288818365 0.12392852 0.11192851 "" "" 11.664033078033581 "" 1.4382156751623594 ""
277.93719241327 -10.03908958572 0.0536 0.0507 8.264 "" "" 4155095505562967168 2896.57324 0.3326 0.0619 1.06 0.9 0.063 0.054 0.97 7988.9 4.0395 16.583893 2.460711 17.926815 15.466104 "" "" 2415.97266 3756.47705 4379.14752 3.6498 921.91 9.3621 5160.8 12.268 "" "" 0.0029001112969183687 0.011373334 0.0045765787 0.015949912 277.93719241327 -10.03908958572 2896.57324 1.06 0.9 2.2900000190734864 4.248999977111817 0.10492851 0.09592851 "" "" 66.27093784536052 "" 6.496300448752738 ""
278.07885875246 -10.26897447376 0.0584 0.0555 11.1179 "" "" 4155071488105306880 2911.51367 0.3495 0.0657 0.788 -0.5 0.066 0.059 1.168 6278.2 4.1062 16.584347 2.237399 17.754576 15.517177 "" "" 2458.21704 3681.40308 4377.31424 3.3681 1080.4 13.604 4923.7 14.017 "" "" 0.0028791848392395983 0.0139530115 0.004882368 0.018835379 278.07885875246 -10.26897447376 2911.51367 0.788 -0.5 2.0180000190734866 2.8489999771118164 0.107928514 0.100928515 "" "" 48.18184649395177 "" 4.9781458523258255 ""
278.0057403898 -10.1803534682 0.1016 0.0925 5.2844 "" "" 4155084716604774912 3072.48315 0.3149 0.1121 -3.328 -6.942 0.115 0.099 1.354 4466.3 2.1748 16.589222 4.738927 19.816502 15.077575 "" "" 2344.96484 3837.07178 4357.70507 6.4655 161.74 6.8602 7381.2 17.682 "" "" 0.00319167480495433 0.046135932 0.0045878715 0.050723802 278.0057403898 -10.1803534682 3072.48315 -3.328000000000002 -6.942 -2.0979999809265135 -3.5930000228881838 0.15692851 0.1409285 "" "" 60.59434626051024 "" 8.796117608373228 ""
277.89709682162 -10.28647295981 0.0843 0.0785 6.7675 "" "" 4155082070904910464 3113.91675 0.3063 0.0954 -1.195 -13.233 0.106 0.085 1.113 4636.3 2.7376 16.595053 3.865107 19.059278 15.194172 "" "" 2415.78931 4148.44727 4334.36371 5.5701 324.87 8.2055 6629.6 18.295 "" "" 0.003088462527526436 0.027564878 0.0048229536 0.03238783 277.89709682162 -10.28647295981 3113.91675 -1.195 -13.233 0.035000019073486266 -9.884000022888184 0.1479285 0.12692851 "" "" 145.88841295804855 "" 18.517440225600858 ""
277.93654725427 -10.19861148737 0.0579 0.055 1.8363 "" "" 4155084441726932096 2899.77637 0.3198 0.0605 -1.271 -3.196 0.07 0.06 0.913 9249.4 3.9143 16.595137 2.317375 17.81527 15.497894 "" "" 2450.08521 3510.5813 4334.03517 3.1779 1021.7 11.522 5011.9 14.299 "" "" 0.0028680267952666256 0.012558039 0.0048866095 0.017444648 277.93654725427 -10.19861148737 2899.77637 -1.2709999999999997 -3.196 -0.04099998092651358 0.15299997711181623 0.11192851 0.10192851 "" "" 2.1771738265371954 "" 0.22344107711320008 ""
278.09454661009 -10.29739724881 0.0974 0.0981 12.8182 "" "" 4155070285506134912 3231.26172 0.3032 0.1173 -0.742 -2.396 0.132 0.151 0.974 "" "" 16.628017 3.040094 17.399302 14.359207 "" "" 2324.03906 4584.36035 4204.74428 16.308 1498.6 182.75 14305.0 1320.3 "" "" 0.0050323281581867 0.13243183 0.10028079 0.23271263 278.09454661009 -10.29739724881 3231.26172 -0.742 -2.396 0.48800001907348634 0.9529999771118165 0.17392851 0.19292851 "" "" 16.39870897243721 "" 3.10162837968499 ""
277.94176643384 -10.1837767603 0.0581 0.0562 1.5818 "" "" 4155084613525640192 2901.73999 0.3247 0.0612 -1.149 -3.287 0.07 0.061 0.981 "" "" 16.629879 2.067385 17.681534 15.614149 "" "" 2409.61572 3567.47583 4197.54444 2.9805 1155.6 6.9165 4503.0 12.639 "" "" 0.0028611415798179456 0.0070720306 0.0048549576 0.011926988 277.94176643384 -10.1837767603 2901.73999 -1.1489999999999998 -3.287 0.0810000190734863 0.061999977111816484 0.11192851 0.10292851 "" "" 1.4030006885015613 "" 0.15249271873430928 ""
277.94830630335 -10.39885378514 0.0635 0.058 13.5451 "" "" 4154974146975310720 2859.94922 0.3352 0.0673 -1.076 -2.932 0.068 0.058 0.987 "" "" 16.63935 1.996118 17.640423 15.644305 "" "" 2412.33276 3569.12109 4161.07961 3.7603 1200.2 10.76 4379.6 9.3255 "" "" 0.0029248022935065613 0.010125816 0.004430399 0.014556214 277.94830630335 -10.39885378514 2859.94922 -1.076 -2.932 0.15400001907348626 0.41699997711181647 0.10992852 0.09992851 "" "" 6.026090003924652 "" 0.6097251499216626 ""
278.08181269165 -10.20209163932 0.0555 0.0526 9.8993 "" "" 4155083754531974528 2837.86548 0.3592 0.063 0.02 -2.182 0.064 0.057 1.061 "" "" 16.64483 2.2827 17.85168 15.568981 "" "" 2338.85742 3394.28003 4140.13552 3.0125 987.97 10.178 4694.2 12.944 "" "" 0.0028663421576348522 0.011527937 0.0048215054 0.016349442 278.08181269165 -10.20209163932 2837.86548 0.02000000000000003 -2.181999999999998 1.2500000190734863 1.1669999771118165 0.10592851 0.09892851 "" "" 23.003171500535323 "" 2.363069075790594 ""
278.02680613373 -10.28577763647 0.0576 0.0543 9.2971 "" "" 4155071213227431168 2798.41357 0.3124 0.0656 -0.801 -3.336 0.067 0.057 0.997 4881.8 2.6519 16.675055 3.234777 18.602589 15.367811 "" "" 2341.40088 3400.70093 4026.47288 3.1565 494.75 8.2611 5649.8 16.153 "" "" 0.002883789710824175 0.018342558 0.004890762 0.02323332 278.02680613373 -10.28577763647 2798.41357 -0.8009999999999999 -3.336000000000001 0.4290000190734863 0.012999977111816552 0.10892852 0.09892851 "" "" 5.693074402891369 "" 0.6200883146290106 ""
277.88076727774 -10.18996410385 0.0651 0.065 2.2813 "" "" 4155086017968742016 2904.49146 0.357 0.0774 0.636 -2.304 0.082 0.066 1.034 9202.2 4.042 16.687763 2.444767 18.018263 15.573496 "" "" 2377.43311 3937.35718 3979.61941 3.5192 847.45 8.6669 4674.8 12.444 "" "" 0.0029178116738980252 0.01144905 0.004757807 0.016206857 277.88076727774 -10.18996410385 2904.49146 0.6360000000000001 -2.3040000000000016 1.8660000190734864 1.0449999771118166 0.12392852 0.107928514 "" "" 29.44391970876105 "" 3.5421652066048526 ""
277.72178525323 -10.14073360998 0.0574 0.0532 11.6798 "" "" 4155837778989026944 2793.3728 0.3277 0.0634 -0.679 -2.406 0.069 0.057 1.003 9205.3 3.9791 16.69285 2.284108 17.903994 15.619885 "" "" 2392.67358 3477.65625 3961.01368 4.9081 941.5 11.535 4479.2 17.562 "" "" 0.003066222990918881 0.0135916155 0.0056925644 0.01928418 277.72178525323 -10.14073360998 2793.3728 -0.679 -2.4059999999999997 0.5510000190734863 0.9429999771118163 0.110928506 0.09892851 "" "" 14.46106089941597 "" 1.476714163415698 ""
278.01409657503 -9.99703524455 0.0732 0.0713 12.1531 "" "" 4155095917879779328 3432.74341 0.3069 0.0865 -1.398 -3.562 0.09 0.075 1.111 7948.6 2.6384 16.693296 3.2507 18.641546 15.390846 "" "" 2633.25293 4602.07227 3959.38958 3.8422 477.31 8.0609 5531.2 7.1172 "" "" 0.002949892171298019 0.018547187 0.0040293294 0.022576516 278.01409657503 -9.99703524455 3432.74341 -1.3979999999999995 -3.561999999999997 -0.16799998092651358 -0.21300002288818343 0.13192852 0.11692852 "" "" 4.414057103481357 "" 0.5424781551167789 ""
277.77921580866 -10.0677440644 0.0586 0.0544 10.3588 "" "" 4155840626542854400 3035.18701 0.3012 0.0654 -0.056 -1.945 0.07 0.057 1.012 "" "" 16.7253 2.309516 17.912825 15.603309 "" "" 2508.33154 3764.31885 3844.38608 3.5045 933.87 7.3566 4548.1 17.92 "" "" 0.002927692726724734 0.008996538 0.005708266 0.014704804 277.77921580866 -10.0677440644 3035.18701 -0.05600000000000004 -1.944999999999999 1.1740000190734863 1.4039999771118163 0.11192851 0.09892851 "" "" 26.330146025774155 "" 2.7508131941673346 ""
277.91767186123 -10.39420749179 0.1302 0.1236 13.135 "" "" 4154974937249316480 3849.53882 0.3165 0.1462 -1.983 -4.623 0.157 0.13 1.351 4046.2 0.4558 16.731716 5.944183 21.030605 15.086422 "" "" 2684.9292 6463.19678 3821.73087 7.3562 52.866 5.1804 7321.3 26.231 "" "" 0.0034582243140194153 0.1064291 0.005423645 0.11185274 277.91767186123 -10.39420749179 3849.53882 -1.9830000000000028 -4.623000000000001 -0.7529999809265138 -1.2740000228881838 0.19892852 0.17192851 "" "" 27.003343036473073 "" 4.841948420404287 ""
277.94534302566 -10.16390697858 0.0628 0.0613 1.8404 "" "" 4155087602823225088 2850.37842 0.3502 0.067 -1.031 -3.248 0.075 0.066 1.024 "" "" 16.734726 2.022876 17.75431 15.731435 "" "" 2375.35327 3591.65942 3811.15606 2.8175 1080.7 9.2398 4041.9 10.787 "" "" 0.0028698522890696827 0.009693117 0.0047623366 0.0144554535 277.94534302566 -10.16390697858 2850.37842 -1.0310000000000006 -3.2480000000000007 0.1990000190734864 0.10099997711181619 0.11692852 0.107928514 "" "" 3.015117684319657 "" 0.34716771071532426 ""
277.751110844 -10.07993118487 0.0647 0.0593 11.3163 "" "" 4155839187738349312 3022.85278 0.319 0.0708 -1.681 -1.622 0.078 0.063 1.077 9253.6 4.0331 16.736315 2.3336 17.982416 15.648816 "" "" 2491.89502 3658.77197 3805.57836 3.0914 875.89 9.3708 4361.5 12.609 "" "" 0.002893039647301312 0.011946266 0.0049128444 0.01685911 277.751110844 -10.07993118487 3022.85278 -1.681 -1.622 -0.4509999809265137 1.7269999771118163 0.11992851 0.10492851 "" "" 25.574870679525272 "" 2.7096484167872474 ""
278.03018243498 -10.35853598423 0.0679 0.0644 12.8841 "" "" 4155068498808021760 2812.21704 0.3404 0.0807 0.452 -1.808 0.076 0.063 1.121 5308.1 3.5247 16.739891 2.798605 18.338251 15.539646 "" "" 2225.74683 3679.75244 3793.06345 3.5644 631.13 11.581 4822.8 13.652 "" "" 0.002938157025925356 0.020117285 0.004871305 0.02498859 278.03018243498 -10.35853598423 2812.21704 0.4520000000000003 -1.808 1.6820000190734863 1.5409999771118164 0.117928505 0.10492851 "" "" 30.40798790560061 "" 3.411264564140006 ""
278.0718503736 -10.29301049458 0.066 0.0663 11.5813 "" "" 4155070319874182656 3114.94312 0.3023 0.0776 -1.074 -2.543 0.073 0.067 0.993 4722.1 2.6647 16.742937 3.656033 19.031155 15.375121 "" "" 2611.05981 3826.32983 3782.4387 4.1312 333.39 7.6692 5611.9 14.98 "" "" 0.0029996703443470776 0.025131304 0.004762689 0.029893992 278.0718503736 -10.29301049458 3114.94312 -1.0740000000000005 -2.5429999999999997 0.15600001907348626 0.8059999771118163 0.114928514 0.10892852 "" "" 12.12130500846851 "" 1.323051425471937 ""
277.92842333655 -10.09528033942 0.0703 0.069 4.853 "" "" 4155089217730760192 2879.48218 0.3617 0.0846 -0.017 -1.135 0.087 0.073 1.13 "" "" 16.756756 2.069836 17.722641 15.652805 "" "" 2267.93066 3562.69067 3734.60259 3.3395 1112.7 36.967 4345.5 17.313 "" "" 0.0029213659702653355 0.036178935 0.0057441667 0.041923102 277.92842333655 -10.09528033942 2879.48218 -0.017000000000000005 -1.135 1.2130000190734864 2.2139999771118166 0.12892851 0.114928514 "" "" 34.456432985136175 "" 4.076467048020081 ""
277.81219459671 -10.2479697862 0.2882 0.2783 7.542 "" "" 4155085335082177408 2882.51099 0.9961 0.2983 0.296 -3.441 0.37 0.361 4.18 "" "" 16.760447 2.08209 17.576267 15.494177 "" "" 1189.70251 4000.22339 3721.93086 14.439 1273.2 9.3325 5029.1 11.283 "" "" 0.00503320202147598 0.008433336 0.0044963667 0.012929703 277.81219459671 -10.2479697862 2882.51099 0.29599999999999993 -3.441 1.5260000190734864 -0.09200002288818343 0.4119285 0.4029285 "" "" 20.887751085320538 "" 8.603586672893496 ""
278.08105459828 -10.05436125507 0.0669 0.0661 12.1339 "" "" 4155091794710966272 2857.67212 0.3256 0.0734 -0.602 -0.015 0.081 0.071 1.052 8254.3 4.2544 16.762655 2.082874 17.8228 15.739925 "" "" 2475.8999 3465.16064 3714.36747 3.4825 1014.6 15.79 4010.4 13.146 "" "" 0.0029373510590846434 0.017125893 0.005191372 0.022317264 278.08105459828 -10.05436125507 2857.67212 -0.602 -0.015 0.6280000190734863 3.3339999771118163 0.122928515 0.11292851 "" "" 45.95441764272745 "" 5.205981230807225 ""
277.98349770551 -10.12519158349 0.0616 0.0591 4.9737 "" "" 4155088152567807872 3370.86035 0.3012 0.0654 -1.285 -2.658 0.074 0.065 0.992 9354.7 3.8953 16.763918 2.091752 17.782553 15.690801 "" "" 2741.50244 4200.23535 3710.04949 2.9727 1052.9 8.8931 4196.0 23.233 "" "" 0.002889395657279229 0.009585514 0.007100967 0.01668648 277.98349770551 -10.12519158349 3370.86035 -1.285000000000001 -2.658 -0.05499998092651359 0.6909999771118165 0.115928516 0.10692851 "" "" 11.07563141888644 "" 1.1849545552320695 ""
277.79544548377 -10.2047468458 0.0608 0.0588 7.3585 "" "" 4155086468951710336 3428.8916 0.3113 0.0694 -0.099 -2.108 0.075 0.063 0.971 9259.4 3.7882 16.767744 2.209028 17.909332 15.700304 "" "" 2683.74561 5012.05273 3696.99515 3.0821 936.88 10.326 4159.5 8.9189 "" "" 0.0029001882503152084 0.012287622 0.0044388734 0.016726496 277.79544548377 -10.2047468458 3428.8916 -0.099 -2.108 1.1310000190734864 1.2409999771118163 0.11692852 0.10492851 "" "" 27.289669413000496 "" 3.0164576827076726 ""
278.01394588192 -10.23305891289 0.0586 0.0568 6.7222 "" "" 4155083239136436736 2883.56982 0.3433 0.0657 0.494 -2.641 0.069 0.061 1.026 8162.8 4.0471 16.768219 2.455712 18.104332 15.64862 "" "" 2489.53247 3438.29688 3695.38102 2.9711 782.86 9.1513 4362.2 14.054 "" "" 0.0028902952284228242 0.0129948715 0.005149725 0.018144596 278.01394588192 -10.23305891289 2883.56982 0.4940000000000001 -2.6409999999999996 1.7240000190734863 0.7079999771118164 0.110928506 0.10292851 "" "" 25.47350561634816 "" 2.7972454171628978 ""
277.77897035023 -10.27159957957 0.0991 0.0963 9.9622 "" "" 4154991636082342016 2770.82007 0.3511 0.1164 -2.679 -5.406 0.121 0.097 1.05 4748.7 3.4199 16.77228 3.156225 18.656015 15.49979 "" "" 2050.04565 3754.96509 3681.58417 4.6696 470.99 9.0321 5003.1 15.442 "" "" 0.0030802965185534777 0.02100711 0.0050511053 0.026058216 277.77897035023 -10.27159957957 2770.82007 -2.679000000000002 -5.406 -1.4489999809265135 -2.0570000228881833 0.1629285 0.13892852 "" "" 33.04590724846163 "" 4.868388281037902 ""
277.7267784235 -10.16103217593 0.0607 0.0579 11.2316 "" "" 4155837602885805312 2795.8606 0.347 0.0662 -1.665 -1.565 0.073 0.064 1.003 6697.9 4.136 16.77516 2.454294 18.058527 15.604233 "" "" 2345.59351 3263.10156 3671.83513 2.9013 816.59 8.6291 4544.3 27.907 "" "" 0.002885787933497571 0.011807627 0.0076642553 0.019471882 277.7267784235 -10.16103217593 2795.8606 -1.665 -1.5649999999999995 -0.4349999809265137 1.7839999771118165 0.114928514 0.10592851 "" "" 24.33492257796746 "" 2.590543308108616 ""
278.05857083251 -10.0869576153 0.0981 0.0909 9.9297 "" "" 4155091622912252928 3009.20166 0.3104 0.1114 -1.289 -4.678 0.116 0.1 1.171 4131.6 0.728 16.784472 5.613778 20.794575 15.180797 "" "" 2230.31763 4252.28076 3640.47263 7.6757 65.703 7.9776 6711.8 17.41 "" "" 0.003582212312325694 0.13185865 0.004713328 0.13657197 278.05857083251 -10.0869576153 3009.20166 -1.2889999999999995 -4.678 -0.058999980926513595 -1.3290000228881835 0.15792851 0.14192851 "" "" 18.975016686142265 "" 2.693726584897173 ""
277.7368709613 -10.24697422584 0.0649 0.0626 11.4407 "" "" 4154992426356367872 3063.78564 0.3219 0.0752 -1.738 -1.541 0.081 0.065 1.04 5307.9 3.5009 16.796026 2.671162 18.28942 15.618258 "" "" 2491.62622 3822.32397 3601.93806 3.2477 660.16 8.4588 4486.0 11.71 "" "" 0.0029240635600257005 0.01418886 0.004723992 0.018912852 277.7368709613 -10.24697422584 3063.78564 -1.7380000000000018 -1.5410000000000001 -0.5079999809265137 1.8079999771118165 0.122928515 0.10692851 "" "" 27.27313163515046 "" 2.9503936716312786 ""
277.87200721201 -10.06225192594 0.0596 0.0583 7.2719 "" "" 4155840149810890752 2864.73462 0.339 0.0685 -1.144 -3.23 0.076 0.064 1.013 9324.6 3.8821 16.7966 2.132528 17.889433 15.756905 "" "" 2369.93213 3467.83032 3600.03347 2.9368 954.21 7.8132 3948.2 13.966 "" "" 0.0028941792923302657 0.009317718 0.0053883027 0.014706021 277.87200721201 -10.06225192594 2864.73462 -1.1439999999999997 -3.230000000000002 0.08600001907348642 0.11899997711181642 0.117928505 0.10592851 "" "" 1.9936865417587406 "" 0.21969021514522494 ""
