Clusters/vdBergh_130/vdBergh_130_stars_in_region.tsv
# %ECSV 1.0
# ---
# datatype:
# - name: RA_ICRS_1
#   unit: deg
#   datatype: float64
#   format: '{:15.11f}'
#   description: Right ascension (ICRS) at Ep=2016.0 (ra)
#   meta: !!omap
#   - {ucd: POS_EQ_RA_MAIN}
#   - {width: 15}
#   - {precision: '11'}
# - name: DE_ICRS_1
#   unit: deg
#   datatype: float64
#   format: '{:15.11f}'
#   description: Declination (ICRS) at Ep=2016.0 (dec)
#   meta: !!omap
#   - {ucd: POS_EQ_DEC_MAIN}
#   - {width: 15}
#   - {precision: '11'}
# - name: e_RA_ICRS
#   unit: mas
#   datatype: float64
#   format: '{:7.4f}'
#   description: Standard error of right ascension (ra_error)
#   meta: !!omap
#   - {ucd: ERROR}
#   - {width: 7}
#   - {precision: '4'}
# - name: e_DE_ICRS
#   unit: mas
#   datatype: float64
#   format: '{:7.4f}'
#   description: Standard error of declination (dec_error)
#   meta: !!omap
#   - {ucd: ERROR}
#   - {width: 7}
#   - {precision: '4'}
# - name: _r_1
#   unit: ''
#   datatype: float64
#   format: '{:7.4f}'
#   description: Distance from center (304.46240722000+39.34040599000)[ICRS], at Epoch=J2016.0
#   meta: !!omap
#   - {ucd: POS_ANG_DIST_GENERAL}
#   - {width: 7}
#   - {precision: '4'}
# - name: HIP
#   datatype: int32
#   description: '? HIP cross-id number, van Leeuwen, Cat. I/311 (hip_original_ext_source_id)'
#   meta: !!omap
#   - {ucd: ID_NUMBER}
#   - {width: 6}
#   - values: {'null': -2147483648}
# - name: TYC2
#   datatype: string
#   description: Tycho-2 cross-id name, Hog et al., Cat. I/259 (tyc2_original_ext_source_id)
#   meta: !!omap
#   - {ucd: ID_CROSSID}
#   - {_votable_string_dtype: char}
# - name: Source
#   datatype: int64
#   description: Source identifier, identical to the Gaia-EDR3 source_id (id)
#   meta: !!omap
#   - {ucd: ID_MAIN}
#   - {width: 19}
# - name: rgeo
#   unit: pc
#   datatype: float64
#   format: '{:15.8f}'
#   description: '? Median of the geometric distance posterior (r_med_geo)'
#   meta: !!omap
#   - {ucd: PHYS_DISTANCE_TRUE}
#   - {width: 15}
#   - {precision: '8'}
#   - values: {'null': .nan}
# - name: Plx
#   unit: mas
#   datatype: float64
#   format: '{:9.4f}'
#   description: '? Parallax (parallax)'
#   meta: !!omap
#   - {ucd: POS_PARLX_TRIG}
#   - {width: 9}
#   - {precision: '4'}
#   - values: {'null': .nan}
# - name: e_Plx
#   unit: mas
#   datatype: float32
#   format: '{:7.4f}'
#   description: '? Standard error of parallax (parallax_error)'
#   meta: !!omap
#   - {ucd: ERROR}
#   - {width: 7}
#   - {precision: '4'}
#   - values: {'null': .nan}
# - name: pmRA
#   unit: mas / yr
#   datatype: float64
#   format: '{:9.3f}'
#   description: '? Proper motion in right ascension direction, pmRA*cosDE (pmra)'
#   meta: !!omap
#   - {ucd: POS_EQ_PMRA}
#   - {width: 9}
#   - {precision: '3'}
#   - values: {'null': .nan}
# - name: pmDE
#   unit: mas / yr
#   datatype: float64
#   format: '{:9.3f}'
#   description: '? Proper motion in declination direction (pmdec)'
#   meta: !!omap
#   - {ucd: POS_EQ_PMDEC}
#   - {width: 9}
#   - {precision: '3'}
#   - values: {'null': .nan}
# - name: e_pmRA
#   unit: mas / yr
#   datatype: float32
#   format: '{:6.3f}'
#   description: '? Standard error of proper motion in right ascension direction (pmra_error)'
#   meta: !!omap
#   - {ucd: ERROR}
#   - {width: 6}
#   - {precision: '3'}
#   - values: {'null': .nan}
# - name: e_pmDE
[...]
#         value: !astropy.table.SerializedColumn {name: SkyCoord.dec}
#       distance: !astropy.table.SerializedColumn
#         __class__: astropy.coordinates.distances.Distance
#         unit: !astropy.units.Unit {unit: pc}
#         value: !astropy.table.SerializedColumn {name: SkyCoord.distance}
#       frame: icrs
#       obstime: !astropy.time.Time {format: jyear_str, in_subfmt: '*', jd1: 367701545.0, jd2: 0.0, out_subfmt: '*', precision: 3, scale: tt}
#       pm_dec: !astropy.table.SerializedColumn
#         __class__: astropy.units.quantity.Quantity
#         unit: !astropy.units.Unit {unit: mas / yr}
#         value: !astropy.table.SerializedColumn {name: SkyCoord.pm_dec}
#       pm_ra_cosdec: !astropy.table.SerializedColumn
#         __class__: astropy.units.quantity.Quantity
#         unit: !astropy.units.Unit {unit: mas / yr}
#         value: !astropy.table.SerializedColumn {name: SkyCoord.pm_ra_cosdec}
#       ra: !astropy.table.SerializedColumn
#         __class__: astropy.coordinates.angles.Longitude
#         unit: *id001
#         value: !astropy.table.SerializedColumn {name: SkyCoord.ra}
#         wrap_angle: !astropy.coordinates.Angle
#           unit: *id001
#           value: 360.0
#       representation_type: spherical
# schema: astropy-2.0
RA_ICRS_1 DE_ICRS_1 e_RA_ICRS e_DE_ICRS _r_1 HIP TYC2 Source rgeo Plx e_Plx pmRA pmDE e_pmRA e_pmDE RUWE Teff logg Gmag BP-RP BPmag RPmag RV e_RV b_rgeo B_rgeo FG e_FG FBP e_FBP FRP e_FRP RAVE5 RAVE6 e_Gmag e_BPmag e_RPmag e_BP-RP SkyCoord.ra SkyCoord.dec SkyCoord.distance SkyCoord.pm_ra_cosdec SkyCoord.pm_dec rmRA rmDE e_rmRA e_rmDE rRV e_rRV v_pec v_pec3d e_vpec e_vpec3d
[from data line 121]
304.69295104786 39.07634809654 0.0085 0.0096 19.1284 "" "" 2061359147036227072 1467.39355 0.6515 0.0114 -3.402 -6.57 0.011 0.012 0.934 8605.2 4.2083 13.525723 0.659368 13.777505 13.118137 "" "" 1437.9187 1493.56555 73224.65785 12.571 42113.0 25.701 44865.0 20.395 "" "" 0.0027616178056175597 0.0028677692 0.0038114733 0.0066792425 304.69295104786 39.07634809654 1467.39355 -3.402000000000002 -6.570000000000002 0.28714294242858873 -1.4580715370178225 0.17942393 0.18042393 "" "" 10.336324727635228 "" 1.864535456354932 ""
304.77180562888 39.23377846915 0.0091 0.0094 15.7281 "" "" 2061457347154386816 1216.87585 0.7932 0.0113 -2.174 -6.247 0.012 0.012 0.915 6943.2 3.9481 13.526551 0.945947 13.913435 12.967488 -12.11 6.31 1199.66895 1234.69165 73168.88042 10.325 37157.0 19.063 51542.0 15.133 "" "" 0.0027595765617752462 0.0028452284 0.0037928019 0.0066380305 304.77180562888 39.23377846915 1216.87585 -2.174 -6.247 1.515142942428589 -1.1350715370178222 0.18042393 0.18042393 11.605 13.84 10.919716743479487 15.934749409947628 1.9701782124832734 10.169451331252178
304.32162527487 39.14005770872 0.0082 0.0094 13.6858 "" "" 2061371653981533184 1286.79114 0.7453 0.0105 1.654 0.518 0.011 0.012 0.896 7042.0 3.877 13.544524 0.925813 13.919259 12.993446 -28.48 7.55 1272.30884 1302.23877 71967.63532 10.006 36958.0 25.008 50325.0 26.107 "" "" 0.0027594522682491667 0.002885272 0.003821122 0.0067063943 304.32162527487 39.14005770872 1286.79114 1.6540000000000004 0.518 5.343142942428589 5.6299284629821775 0.17942393 0.18042393 -4.765000000000001 15.08 47.342139936031494 47.581334982562105 8.51925309679469 8.609903163658737
304.77452679069 39.25289543993 0.0093 0.0097 15.4144 "" "" 2061457518953084160 1500.44641 0.6377 0.0116 -3.471 -2.942 0.012 0.012 0.984 "" "" 13.550682 0.837288 13.881188 13.0439 "" "" 1474.89954 1523.70947 71560.59624 11.175 38277.0 30.275 48039.0 24.1 "" "" 0.002760531944800229 0.0029193342 0.0038184305 0.006737765 304.77452679069 39.25289543993 1500.44641 -3.471 -2.942 0.21814294242858878 2.1699284629821776 0.18042393 0.18042393 "" "" 15.510570905464318 "" 2.7984781637646665 ""
304.7703223899 39.34052531794 0.0099 0.0108 14.2884 "" "" 2061460095933849088 1624.24768 0.5888 0.0125 -3.349 -4.937 0.013 0.013 0.929 "" "" 13.572284 0.849673 13.908375 13.058701 "" "" 1594.44727 1655.36426 70150.92905 11.75 37331.0 24.115 47389.0 19.851 "" "" 0.002761315117157291 0.00287697 0.0038066492 0.006683619 304.7703223899 39.34052531794 1624.24768 -3.349 -4.937 0.34014294242858867 0.17492846298217746 0.18142393 0.18142393 "" "" 2.944751059633188 "" 0.5342483169242328 ""
304.72771748497 39.12094632338 0.0089 0.0101 18.0397 "" "" 2061359662432303744 1288.17212 0.744 0.0118 -5.537 -5.058 0.012 0.013 0.999 5060.4 3.2247 13.585953 1.492453 14.274657 12.782205 5.45 2.29 1268.75586 1308.10303 69273.28194 9.9397 26641.0 19.025 61133.0 18.622 "" "" 0.0027597208305577266 0.0028958968 0.0037938252 0.0066897217 304.72771748497 39.12094632338 1288.17212 -5.537000000000001 -5.058000000000001 -1.847857057571411 0.053928462982177905 0.18042393 0.18142393 29.165 9.82 11.287700590551474 31.273141985127367 2.0365809369052617 9.187481210022112
304.44913031418 39.00304701936 0.0087 0.0107 20.251 "" "" 2061355161306842496 1193.9646 0.8076 0.0115 -4.602 -10.467 0.012 0.014 0.989 6526.8 3.7403 13.588045 1.035636 14.018385 12.982749 -13.93 10.9 1177.755 1210.849 69139.8757 10.746 33734.0 20.485 50823.0 17.789 "" "" 0.0027604828937749563 0.0028670095 0.0037984403 0.0066654496 304.44913031418 39.00304701936 1193.9646 -4.602000000000002 -10.466999999999999 -0.9128570575714114 -5.355071537017823 0.18042393 0.18242393 9.785 18.43 30.743628724068582 32.26324429011092 5.606646675210435 7.732161186125038
304.63511564719 39.05801517939 0.0087 0.0103 18.7502 "" "" 2061357772646751872 1700.7196 0.5575 0.0116 -3.308 -7.295 0.011 0.013 0.948 8533.2 3.9873 13.59185 0.928559 13.968694 13.040134 "" "" 1671.78625 1727.24231 68898.02924 8.8969 35313.0 22.145 48206.0 19.054 "" "" 0.0027588849535308806 0.0028720438 0.0038036688 0.0066757128 304.63511564719 39.05801517939 1700.7196 -3.308 -7.295 0.38114294242858904 -2.183071537017822 0.17942393 0.18142393 "" "" 17.864841901315902 "" 3.2400586334655226 ""
303.95665987387 39.27261212812 0.0089 0.0103 23.8296 "" "" 2062126846661989504 1548.68652 0.6176 0.0117 -2.442 -6.099 0.012 0.013 0.952 "" "" 13.59669 1.014605 14.014533 12.999928 "" "" 1522.14172 1576.78967 68591.54797 8.6031 33854.0 20.775 50025.0 22.378 "" "" 0.0027586833811084044 0.0028686188 0.003810462 0.006679081 303.95665987387 39.27261212812 1548.68652 -2.441999999999999 -6.099 1.2471429424285887 -0.9870715370178225 0.18042393 0.18142393 "" "" 11.675467724476054 "" 2.1110382620237003 ""
304.0301585659 39.05866725126 0.009 0.01 26.262 "" "" 2062097503443940480 1349.29675 0.7147 0.0114 -3.132 -6.354 0.012 0.012 0.958 7056.3 3.8717 13.614618 1.132531 14.094624 12.962092 28.14 5.9 1324.96729 1372.4032 67468.22189 9.6194 31446.0 21.045 51799.0 23.088 "" "" 0.0027596653185263573 0.002883232 0.0038102393 0.006693471 304.0301585659 39.05866725126 1349.29675 -3.132 -6.354000000000001 0.5571429424285887 -1.2420715370178224 0.18042393 0.18042393 51.855000000000004 13.43 8.70644976242714 52.58082628169387 1.5708518849865662 13.247166238193007
304.01246550975 39.53208931381 0.0195 0.0205 23.8118 "" "" 2062142823940541568 1318.16003 0.7279 0.0242 0.128 -2.771 0.026 0.026 2.288 6827.1 3.813 13.64329 0.981505 14.044061 13.062555 "" "" 1283.79321 1365.14233 65709.90868 14.101 32945.0 25.013 47221.0 18.56 "" "" 0.002765153749566393 0.0029093928 0.003803398 0.0067127906 304.01246550975 39.53208931381 1318.16003 0.12800000000000045 -2.7709999999999995 3.817142942428589 2.340928462982178 0.19442394 0.19442394 "" "" 27.977529913778984 "" 5.439501702444631 ""
304.32239986348 39.34941782626 0.0096 0.0111 6.5189 "" "" 2062130312688860416 1561.70569 0.6124 0.0128 -2.667 -10.224 0.013 0.016 0.994 "" "" 13.644675 1.406994 14.277741 12.870747 18.52 3.39 1528.86279 1598.91052 65626.12434 13.008 26566.0 21.003 56346.0 24.226 "" "" 0.0027637119640704024 0.0029192232 0.003808102 0.0067273253 304.32239986348 39.34941782626 1561.70569 -2.6670000000000007 -10.224 1.022142942428589 -5.1120715370178225 0.18142393 0.18442394 42.235 10.92 38.591058753145546 57.210707395458165 7.112699319569886 9.381227719751578
304.71486110453 39.42374312898 0.0149 0.016 12.7308 "" "" 2061472568519002496 1588.08545 0.5977 0.0184 -3.211 -5.251 0.021 0.021 1.54 "" "" 13.670182 1.249027 14.206577 12.95755 "" "" 1538.27795 1649.55212 64102.32819 12.123 28365.0 27.787 52016.0 26.919 "" "" 0.0027629606228833895 0.0029860206 0.0038209213 0.0068069417 304.71486110453 39.42374312898 1588.08545 -3.210999999999999 -5.2509999999999994 0.478142942428589 -0.1390715370178226 0.18942393 0.18942393 "" "" 3.7483867454031814 "" 0.7100341620629114 ""
304.58995213871 39.20660431087 0.01 0.0116 9.9773 "" "" 2061364197918063872 1371.59644 0.7003 0.0129 -5.504 -10.012 0.013 0.016 0.953 6731.0 3.8633 13.674783 1.059356 14.118527 13.059172 "" "" 1346.8064 1392.79871 63831.29304 10.193 30761.0 23.74 47368.0 21.862 "" "" 0.002760769667260178 0.0029132739 0.0038124577 0.0067257313 304.58995213871 39.20660431087 1371.59644 -5.503999999999996 -10.012 -1.8148570575714107 -4.900071537017823 0.18142393 0.18442394 "" "" 33.97199621371613 "" 6.253043380964473 ""
304.56055439632 39.32067370112 0.0097 0.0115 4.7064 "" "" 2061377288978841472 1660.75513 0.5764 0.0125 -3.728 -5.373 0.012 0.015 0.948 "" "" 13.696476 0.949846 14.076303 13.126456 "" "" 1626.28748 1702.81238 62568.5726 12.57 31981.0 22.356 44522.0 22.376 "" "" 0.002763940566456882 0.0028915547 0.003818571 0.006710126 304.56055439632 39.32067370112 1660.75513 -3.7280000000000006 -5.373000000000001 -0.038857057571411335 -0.2610715370178225 0.18042393 0.18342394 "" "" 2.077788300343486 "" 0.38098209851407483 ""
304.82185277275 39.28379613022 0.0098 0.0107 17.0285 "" "" 2061458996421824896 1684.29175 0.5648 0.0123 -3.127 -5.173 0.012 0.013 1.002 7196.3 3.6188 13.698687 0.820107 13.989822 13.169715 "" "" 1656.24524 1716.93298 62441.30693 10.287 34633.0 91.89 42783.0 242.31 "" "" 0.0027611201351870666 0.0040104426 0.0072178524 0.011228295 304.82185277275 39.28379613022 1684.29175 -3.127 -5.173000000000002 0.5621429424285891 -0.06107153701782231 0.18042393 0.18142393 "" "" 4.514299397650296 "" 0.814540443881714 ""
304.58949603154 39.35587790074 0.0133 0.0146 5.9693 "" "" 2061471258541187840 1718.09644 0.5502 0.0162 -3.576 -5.297 0.017 0.019 1.555 12203.0 3.9419 13.701301 0.984222 14.057829 13.073607 "" "" 1668.48376 1778.98779 62291.16969 20.406 32530.0 67.224 46743.0 192.28 "" "" 0.002778182048139238 0.0035803956 0.0058507267 0.009431122 304.58949603154 39.35587790074 1718.09644 -3.5759999999999996 -5.296999999999999 0.1131429424285888 -0.18507153701782197 0.18542394 0.18742393 "" "" 1.7665202177297603 "" 0.3301307005873557 ""
304.19456248304 39.34950232663 0.0095 0.0106 12.4401 "" "" 2062131107269500160 1172.55286 0.8214 0.012 4.14 -4.841 0.012 0.013 0.921 6119.2 3.8225 13.70611 1.175903 14.210929 13.035026 -12.28 2.58 1154.26501 1188.08533 62015.84456 9.1702 28252.0 28.955 48434.0 22.13 "" "" 0.0027599935756954103 0.0030038753 0.0038118009 0.006815676 304.19456248304 39.34950232663 1172.55286 4.140000000000001 -4.840999999999999 7.8291429424285885 0.27092846298217754 0.18042393 0.18142393 11.435 10.110001 43.53964420516812 45.01621755004112 7.8556459520579445 8.020257755263403
304.87292435459 39.49941399103 0.0093 0.0108 21.2856 "" "" 2061467517637318144 1746.21594 0.5364 0.0119 0.637 -1.134 0.013 0.013 1.035 "" "" 13.712488 2.183974 14.846411 12.662437 -22.4 1.37 1715.52881 1777.14917 61652.59482 12.229 15734.0 16.053 68263.0 36.941 "" "" 0.002763723772188842 0.0030020252 0.0038247807 0.006826806 304.87292435459 39.49941399103 1746.21594 0.637 -1.134 4.326142942428589 3.977928462982178 0.18142393 0.18142393 1.3150000000000013 8.900001 48.64451279781634 48.66228365312213 8.825278797274601 8.825333593043368
304.8230597671 39.33697940281 0.0134 0.0145 16.7372 "" "" 2061459786696089728 1578.20032 0.6047 0.0174 -3.991 -5.772 0.018 0.018 1.428 "" "" 13.714979 0.923831 14.084792 13.160961 "" "" 1532.95374 1619.91077 61511.33527 10.712 31732.0 27.473 43129.0 21.9 "" "" 0.0027618000797527565 0.0029442604 0.0038193814 0.0067636417 304.8230597671 39.33697940281 1578.20032 -3.991 -5.772 -0.30185705757141124 -0.6600715370178225 0.18642393 0.18642393 "" "" 5.429606381005072 "" 1.012208546573332 ""
304.13403415891 39.10376264615 0.0094 0.0105 20.8464 "" "" 2062121039866085760 1360.2937 0.7087 0.012 -0.332 -5.768 0.012 0.013 0.986 "" "" 13.716982 1.017989 14.138485 13.120496 10.67 20.73 1332.44446 1382.47705 61397.96002 9.0631 30201.0 26.246 44767.0 16.333 "" "" 0.002759977404718355 0.002945393 0.0038000846 0.0067454777 304.13403415891 39.10376264615 1360.2937 -0.33199999999999985 -5.768000000000001 3.357142942428589 -0.6560715370178221 0.18042393 0.18142393 34.385 28.26 22.055632802016458 40.85069354732407 3.9801774658621176 23.88398421738588
304.12847939763 39.63476591901 0.0097 0.0108 23.474 "" "" 2062150829759571584 1359.81982 0.7034 0.0127 0.001 8.004 0.014 0.014 1.035 4896.5 3.0878 13.740442 1.802297 14.62126 12.818963 -73.25 1.76 1336.08118 1382.2937 60085.50058 12.163 19360.0 17.105 59098.0 21.6 "" "" 0.0027640720400845123 0.0029504665 0.0038001582 0.0067506246 304.12847939763 39.63476591901 1359.81982 0.0009999999999985576 8.004000000000001 3.6901429424285888 13.115928462982177 0.18242393 0.18242393 -49.535 9.29 87.82153552740596 100.82826155097302 16.020750030731367 14.681511655000254
304.8028103662 39.33932315998 0.0103 0.0112 15.7962 "" "" 2061459477458444672 1174.80908 0.821 0.0133 2.128 -0.417 0.014 0.014 0.98 6571.7 3.8449 13.754453 1.299859 14.32773 13.027871 -24.77 3.14 1153.76196 1197.42383 59315.14087 10.069 25370.0 28.393 48754.0 20.792 "" "" 0.0027614776813215626 0.0030432774 0.0038076404 0.006850918 304.8028103662 39.33932315998 1174.80908 2.1280000000000006 -0.4170000000000007 5.817142942428589 4.694928462982178 0.18242393 0.18242393 -1.0549999999999997 10.67 41.62743815650466 41.64080489704324 7.593841045024473 7.596215195331521
304.74425591473 39.46522146859 0.0098 0.0112 15.061 "" "" 2061473083915017472 1247.8103 0.7735 0.0128 -6.016 -11.286 0.013 0.014 0.997 6611.0 3.7976 13.755035 1.216977 14.281587 13.06461 6.29 8.23 1226.13867 1263.7627 59283.33354 9.0106 26472.0 18.896 47132.0 22.303 "" "" 0.0027602576168660182 0.0028958053 0.0038141436 0.006709949 304.74425591473 39.46522146859 1247.8103 -6.015999999999999 -11.286000000000001 -2.326857057571411 -6.174071537017822 0.18142393 0.18242393 30.005 15.76 39.024587106455314 49.226196520037156 7.114176863852388 11.139465295683955
304.84653515331 39.24763560908 0.0243 0.0277 18.6851 "" "" 2061455766606392192 1629.64893 0.5945 0.0316 -3.438 -5.391 0.03 0.032 2.507 7999.4 4.0321 13.778398 0.741773 14.057374 13.315601 "" "" 1540.79688 1732.21057 58021.33584 21.264 32544.0 22.948 37404.0 23.229 "" "" 0.0027839036178112756 0.0028932996 0.003839059 0.0067323586 304.84653515331 39.24763560908 1629.64893 -3.438 -5.391 0.2511429424285887 -0.2790715370178223 0.19842394 0.20042394 "" "" 2.9000844068547944 "" 0.5786581171347003 ""
304.675536307 39.6180717382 0.0095 0.0116 19.3643 "" "" 2061484285189478144 1559.12012 0.6071 0.0128 -4.311 -5.02 0.014 0.016 1.049 4818.3 2.4777 13.778581 2.342156 15.028903 12.686747 12.24 0.99 1525.57031 1600.38464 58011.53528 15.13 13300.0 18.735 66751.0 31.707 "" "" 0.0027698330749136558 0.00318185 0.0038144074 0.006996257 304.675536307 39.6180717382 1559.12012 -4.311 -5.02 -0.6218570575714111 0.09192846298217816 0.18242393 0.18442394 35.955 8.52 4.6456103521609355 36.25387869654921 0.8476702863206352 8.450459302621868
304.96296209608 39.50258258587 0.0092 0.0112 25.1585 "" "" 2061468067392915712 1580.63586 0.6036 0.0119 -1.03 -2.551 0.012 0.013 0.998 "" "" 13.782233 0.999727 14.191245 13.191518 "" "" 1550.78418 1609.78528 57816.72642 9.6872 28769.0 24.787 41933.0 16.559 "" "" 0.0027613189883818803 0.0029428094 0.0038036236 0.0067464327 304.96296209608 39.50258258587 1580.63586 -1.0300000000000002 -2.551 2.6591429424285886 2.5609284629821776 0.18042393 0.18142393 "" "" 27.659764224488484 "" 5.003812138214714 ""
304.91001577012 39.19559496824 0.01 0.0119 22.5345 "" "" 2061454701454446976 1259.58691 0.767 0.0136 -2.373 -3.773 0.013 0.015 1.098 "" "" 13.801301 0.903203 14.159784 13.256581 "" "" 1242.94019 1284.16187 56810.20193 14.364 29614.0 26.238 39493.0 41.55 "" "" 0.0027689619750114873 0.002951342 0.0039482336 0.0068995757 304.91001577012 39.19559496824 1259.58691 -2.373 -3.773 1.3161429424285886 1.3389284629821776 0.18142393 0.18342394 "" "" 11.209433891362506 "" 2.0450921261223414 ""
304.98389364398 39.22165033038 0.0101 0.0122 25.2457 "" "" 2061408247086766464 1228.95898 0.7799 0.0136 -2.355 -3.761 0.013 0.016 1.003 7108.9 3.9343 13.819799 1.115135 14.291098 13.175962 "" "" 1205.61145 1249.66382 55850.47904 8.5114 26241.0 21.144 42538.0 20.868 "" "" 0.0027602838792151973 0.002924107 0.0038167296 0.0067408364 304.98389364398 39.22165033038 1228.95898 -2.355 -3.7609999999999966 1.3341429424285889 1.3509284629821776 0.18142393 0.18442394 "" "" 11.06025288097306 "" 2.0234604054695424 ""
304.59234677429 39.67648915943 0.0182 0.0198 21.043 "" "" 2062229612331648768 1296.11377 0.7365 0.0231 -3.438 -8.577 0.027 0.028 1.822 "" "" 13.820306 0.880935 14.173049 13.292114 "" "" 1266.14038 1329.77869 55824.44298 10.81 29255.0 22.986 38222.0 27.651 "" "" 0.0027633299383259522 0.002917668 0.0038601384 0.006777806 304.59234677429 39.67648915943 1296.11377 -3.437999999999999 -8.577 0.2511429424285887 -3.4650715370178222 0.19542393 0.19642393 "" "" 21.34378250949552 "" 4.192318450305986 ""
