Clusters/vdBergh_130/vdBergh_130_stars_in_region.tsv
# %ECSV 1.0
# ---
# datatype:
# - name: RA_ICRS_1
#   unit: deg
#   datatype: float64
#   format: '{:15.11f}'
#   description: Right ascension (ICRS) at Ep=2016.0 (ra)
#   meta: !!omap
#   - {ucd: POS_EQ_RA_MAIN}
#   - {width: 15}
#   - {precision: '11'}
# - name: DE_ICRS_1
#   unit: deg
#   datatype: float64
#   format: '{:15.11f}'
#   description: Declination (ICRS) at Ep=2016.0 (dec)
#   meta: !!omap
#   - {ucd: POS_EQ_DEC_MAIN}
#   - {width: 15}
#   - {precision: '11'}
# - name: e_RA_ICRS
#   unit: mas
#   datatype: float64
#   format: '{:7.4f}'
#   description: Standard error of right ascension (ra_error)
#   meta: !!omap
#   - {ucd: ERROR}
#   - {width: 7}
#   - {precision: '4'}
# - name: e_DE_ICRS
#   unit: mas
#   datatype: float64
#   format: '{:7.4f}'
#   description: Standard error of declination (dec_error)
#   meta: !!omap
#   - {ucd: ERROR}
#   - {width: 7}
#   - {precision: '4'}
# - name: _r_1
#   unit: ''
#   datatype: float64
#   format: '{:7.4f}'
#   description: Distance from center (304.46240722000+39.34040599000)[ICRS], at Epoch=J2016.0
#   meta: !!omap
#   - {ucd: POS_ANG_DIST_GENERAL}
#   - {width: 7}
#   - {precision: '4'}
# - name: HIP
#   datatype: int32
#   description: '? HIP cross-id number, van Leeuwen, Cat. I/311 (hip_original_ext_source_id)'
#   meta: !!omap
#   - {ucd: ID_NUMBER}
#   - {width: 6}
#   - values: {'null': -2147483648}
# - name: TYC2
#   datatype: string
#   description: Tycho-2 cross-id name, Hog et al., Cat. I/259 (tyc2_original_ext_source_id)
#   meta: !!omap
#   - {ucd: ID_CROSSID}
#   - {_votable_string_dtype: char}
# - name: Source
#   datatype: int64
#   description: Source identifier, identical to the Gaia-EDR3 source_id (id)
#   meta: !!omap
#   - {ucd: ID_MAIN}
#   - {width: 19}
# - name: rgeo
#   unit: pc
#   datatype: float64
#   format: '{:15.8f}'
#   description: '? Median of the geometric distance posterior (r_med_geo)'
#   meta: !!omap
#   - {ucd: PHYS_DISTANCE_TRUE}
#   - {width: 15}
#   - {precision: '8'}
#   - values: {'null': .nan}
# - name: Plx
#   unit: mas
#   datatype: float64
#   format: '{:9.4f}'
#   description: '? Parallax (parallax)'
#   meta: !!omap
#   - {ucd: POS_PARLX_TRIG}
#   - {width: 9}
#   - {precision: '4'}
#   - values: {'null': .nan}
# - name: e_Plx
#   unit: mas
#   datatype: float32
#   format: '{:7.4f}'
#   description: '? Standard error of parallax (parallax_error)'
#   meta: !!omap
#   - {ucd: ERROR}
#   - {width: 7}
#   - {precision: '4'}
#   - values: {'null': .nan}
# - name: pmRA
#   unit: mas / yr
#   datatype: float64
#   format: '{:9.3f}'
#   description: '? Proper motion in right ascension direction, pmRA*cosDE (pmra)'
#   meta: !!omap
#   - {ucd: POS_EQ_PMRA}
#   - {width: 9}
#   - {precision: '3'}
#   - values: {'null': .nan}
# - name: pmDE
#   unit: mas / yr
#   datatype: float64
#   format: '{:9.3f}'
#   description: '? Proper motion in declination direction (pmdec)'
#   meta: !!omap
#   - {ucd: POS_EQ_PMDEC}
#   - {width: 9}
#   - {precision: '3'}
#   - values: {'null': .nan}
# - name: e_pmRA
#   unit: mas / yr
#   datatype: float32
#   format: '{:6.3f}'
#   description: '? Standard error of proper motion in right ascension direction (pmra_error)'
#   meta: !!omap
#   - {ucd: ERROR}
#   - {width: 6}
#   - {precision: '3'}
#   - values: {'null': .nan}
# - name: e_pmDE
[...]
#         value: !astropy.table.SerializedColumn {name: SkyCoord.dec}
#       distance: !astropy.table.SerializedColumn
#         __class__: astropy.coordinates.distances.Distance
#         unit: !astropy.units.Unit {unit: pc}
#         value: !astropy.table.SerializedColumn {name: SkyCoord.distance}
#       frame: icrs
#       obstime: !astropy.time.Time {format: jyear_str, in_subfmt: '*', jd1: 367701545.0, jd2: 0.0, out_subfmt: '*', precision: 3, scale: tt}
#       pm_dec: !astropy.table.SerializedColumn
#         __class__: astropy.units.quantity.Quantity
#         unit: !astropy.units.Unit {unit: mas / yr}
#         value: !astropy.table.SerializedColumn {name: SkyCoord.pm_dec}
#       pm_ra_cosdec: !astropy.table.SerializedColumn
#         __class__: astropy.units.quantity.Quantity
#         unit: !astropy.units.Unit {unit: mas / yr}
#         value: !astropy.table.SerializedColumn {name: SkyCoord.pm_ra_cosdec}
#       ra: !astropy.table.SerializedColumn
#         __class__: astropy.coordinates.angles.Longitude
#         unit: *id001
#         value: !astropy.table.SerializedColumn {name: SkyCoord.ra}
#         wrap_angle: !astropy.coordinates.Angle
#           unit: *id001
#           value: 360.0
#       representation_type: spherical
# schema: astropy-2.0
RA_ICRS_1 DE_ICRS_1 e_RA_ICRS e_DE_ICRS _r_1 HIP TYC2 Source rgeo Plx e_Plx pmRA pmDE e_pmRA e_pmDE RUWE Teff logg Gmag BP-RP BPmag RPmag RV e_RV b_rgeo B_rgeo FG e_FG FBP e_FBP FRP e_FRP RAVE5 RAVE6 e_Gmag e_BPmag e_RPmag e_BP-RP SkyCoord.ra SkyCoord.dec SkyCoord.distance SkyCoord.pm_ra_cosdec SkyCoord.pm_dec rmRA rmDE e_rmRA e_rmDE rRV e_rRV v_pec v_pec3d e_vpec e_vpec3d
[from data line 393]
304.47506158272 38.91796764677 0.0546 0.062 25.3531 "" "" 2061353546399561216 1716.10913 0.5862 0.0681 -2.517 -5.05 0.074 0.079 3.479 9185.3 3.6812 15.125715 1.158571 15.602791 14.44422 "" "" 1539.6637 1871.88477 16774.92384 7.5654 7839.7 13.628 13227.0 8.1869 "" "" 0.002798491993585585 0.0033685623 0.0038386637 0.007207226 304.47506158272 38.91796764677 1716.10913 -2.5170000000000003 -5.050000000000002 1.172142942428589 0.06192846298217791 0.24242394 0.24742395 "" "" 9.547927600818722 "" 2.3147804520267097 ""
304.96530803512 39.47737272969 0.0166 0.0184 24.7195 "" "" 2061467822569712768 1601.55554 0.595 0.0204 -3.373 -5.399 0.023 0.022 0.993 "" "" 15.12598 1.178564 15.62735 14.448786 "" "" 1543.77759 1655.38037 16770.82691 4.171 7664.4 11.55 13172.0 11.66 "" "" 0.0027685203505580756 0.0032345164 0.0038996732 0.00713419 304.96530803512 39.47737272969 1601.55554 -3.3729999999999998 -5.399000000000001 0.31614294242858865 -0.2870715370178223 0.19142394 0.19042394 "" "" 3.2417601803285487 "" 0.6190875897492181 ""
304.16926497867 39.18648039758 0.0155 0.0177 16.4542 "" "" 2062123135810145792 1698.13123 0.5619 0.0201 -0.944 -2.148 0.019 0.022 0.998 7986.3 4.0735 15.133082 1.205812 15.628614 14.422803 "" "" 1644.97314 1749.37256 16661.49254 4.4471 7655.5 14.413 13491.0 23.809 "" "" 0.0027705178497305005 0.0034588221 0.00423736 0.007696182 304.16926497867 39.18648039758 1698.13123 -0.9439999999999998 -2.147999999999999 2.745142942428589 2.9639284629821776 0.18742393 0.19042394 "" "" 32.517619004190145 "" 6.147281831685234 ""
304.12852087557 39.48118498744 0.0254 0.0258 17.6327 "" "" 2062147393785699200 1359.72827 0.7098 0.0309 -3.52 -10.324 0.034 0.032 1.459 6059.3 4.1583 15.133736 1.184074 15.638794 14.45472 "" "" 1309.76953 1432.34375 16651.46367 5.235 7584.0 11.421 13100.0 9.7951 "" "" 0.0027763831052616 0.003233949 0.0038655899 0.007099539 304.12852087557 39.48118498744 1359.72827 -3.5200000000000005 -10.323999999999998 0.16914294242858885 -5.212071537017822 0.20242393 0.20042394 "" "" 33.61006893178389 "" 6.736333543103133 ""
304.41015112758 39.20034561277 0.0159 0.0183 8.7472 "" "" 2061374815077423616 1634.24597 0.5827 0.0204 -3.853 -5.487 0.02 0.023 0.993 7980.6 3.9616 15.135728 1.102225 15.594512 14.492287 "" "" 1590.56165 1685.88989 16620.94054 4.1563 7899.7 12.357 12654.0 12.426 "" "" 0.0027686645898446285 0.0032664102 0.003926888 0.007193298 304.41015112758 39.20034561277 1634.24597 -3.8529999999999998 -5.487 -0.16385705757141134 -0.37507153701782237 0.18842393 0.19142394 "" "" 3.1705835219608067 "" 0.6054112181751948 ""
304.72428820235 39.10872629885 0.0158 0.018 18.4769 "" "" 2061359662432296192 1671.97192 0.5663 0.0209 -3.194 -5.438 0.021 0.024 0.95 6662.7 4.0216 15.138309 1.166726 15.635108 14.468382 "" "" 1620.74915 1730.63562 16581.47879 3.7496 7609.8 12.904 12936.0 17.713 "" "" 0.0027662373776927186 0.0033428532 0.0040612724 0.0074041253 304.72428820235 39.10872629885 1671.97192 -3.194000000000001 -5.438000000000001 0.4951429424285889 -0.326071537017822 0.18942393 0.19242394 "" "" 4.69854403843594 "" 0.8943039561521308 ""
304.82128493321 39.58925219498 0.0158 0.0179 22.3443 "" "" 2061480539977968768 1585.31458 0.6042 0.0208 -0.652 -1.342 0.022 0.023 1.005 7238.5 3.9647 15.140594 1.567159 15.866137 14.298978 -19.73 8.17 1531.00244 1627.41492 16546.62099 4.545 6151.2 10.904 15121.0 13.815 "" "" 0.002771412912833033 0.0033895872 0.0039073923 0.0072969794 304.82128493321 39.58925219498 1585.31458 -0.652 -1.342 3.0371429424285887 3.7699284629821777 0.19042394 0.19142394 3.9849999999999994 15.700001 36.37818939308041 36.59580424746569 6.949361133353518 7.116441458540793
304.39022492152 38.96978647168 0.0179 0.0194 22.4893 "" "" 2061354817709500288 1276.26331 0.7551 0.0219 1.057 -3.103 0.024 0.026 1.184 5712.3 4.0466 15.142369 1.255411 15.676082 14.42067 "" "" 1248.21973 1303.021 16519.57512 4.4395 7328.0 11.14 13517.0 12.617 "" "" 0.002770726714335338 0.0032418058 0.0039129015 0.0071547073 304.39022492152 38.96978647168 1276.26331 1.057 -3.103 4.746142942428589 2.0089284629821775 0.19242394 0.19442394 "" "" 31.177858734039166 "" 6.008882478905975 ""
303.89862169682 39.37396527084 0.0164 0.0183 26.2327 "" "" 2062140006441823360 1634.16626 0.5836 0.0206 0.329 -1.288 0.021 0.023 1.028 7993.8 4.042 15.145922 1.146178 15.630121 14.483943 "" "" 1578.5022 1697.46533 16465.61873 3.9497 7644.8 16.615 12752.0 14.343 "" "" 0.002767601710565642 0.0036542136 0.003971782 0.0076259957 303.89862169682 39.37396527084 1634.16626 0.3290000000000002 -1.2879999999999998 4.018142942428589 3.8239284629821775 0.18942393 0.19142394 "" "" 42.96586110446878 "" 8.179714078939663 ""
304.39936865042 39.34625457954 0.0175 0.0191 2.9461 "" "" 2061381205989069312 1200.52161 0.8066 0.0221 -3.746 -4.914 0.022 0.023 0.969 5371.7 4.1657 15.149797 1.364376 15.757116 14.39274 "" "" 1169.69995 1240.349 16406.9402 4.287 6801.0 16.576 13870.0 17.588 "" "" 0.0027698865876970087 0.003845478 0.0040223435 0.0078678215 304.39936865042 39.34625457954 1200.52161 -3.7460000000000004 -4.914 -0.05685705757141113 0.19792846298217803 0.19042394 0.19142394 "" "" 1.1718560725505411 "" 0.22423219052163737 ""
304.49216759078 39.76457185658 0.0172 0.0195 25.4872 "" "" 2062234044738049536 1194.93945 0.8021 0.0216 -7.828 3.396 0.024 0.026 1.058 5687.5 3.9747 15.152474 1.376742 15.768946 14.392203 "" "" 1172.24683 1222.24194 16366.53768 4.3469 6727.3 8.1944 13876.0 13.249 "" "" 0.0027703692046940204 0.003087733 0.0039189826 0.0070067155 304.49216759078 39.76457185658 1194.93945 -7.828000000000003 3.396000000000001 -4.138857057571411 8.507928462982179 0.19242394 0.19442394 "" "" 53.588562983261866 "" 10.398475112494989 ""
304.18525345548 39.48367595261 0.0171 0.0191 15.4583 "" "" 2062135814553857536 1589.7981 0.598 0.0222 1.653 -7.591 0.023 0.025 0.969 6706.5 4.0473 15.15892 1.354665 15.761375 14.406711 "" "" 1527.01453 1646.82568 16269.66067 3.8995 6774.3 12.235 13692.0 10.664 "" "" 0.0027675816581250188 0.0034103263 0.0038728295 0.007283156 304.18525345548 39.48367595261 1589.7981 1.653000000000001 -7.590999999999999 5.342142942428589 -2.4790715370178225 0.19142394 0.19342394 "" "" 44.37993893032632 "" 8.511177758737754 ""
304.82153466807 39.14509851748 0.0194 0.0192 20.3915 "" "" 2061453189625983360 1213.61902 0.7942 0.0232 4.011 0.787 0.025 0.024 1.037 6490.8 4.2684 15.160594 1.163111 15.655737 14.492626 "" "" 1183.42737 1247.86731 16244.61167 4.1901 7466.6 9.3409 12650.0 15.44 "" "" 0.002769515981680698 0.0031032208 0.004004982 0.0071082027 304.82153466807 39.14509851748 1213.61902 4.011000000000001 0.7870000000000004 7.700142942428589 5.898928462982178 0.19342394 0.19242394 "" "" 55.79964434042315 "" 10.772384284318715 ""
304.37678487369 39.31705736671 0.0181 0.0193 4.2136 "" "" 2061379453642412416 1393.75366 0.697 0.0225 -0.649 -0.153 0.024 0.023 0.913 6764.1 4.2986 15.162572 1.180673 15.668401 14.487728 "" "" 1348.95129 1435.58691 16215.03416 4.9105 7380.0 13.357 12708.0 12.743 "" "" 0.0027748691906174447 0.003412701 0.0039330716 0.0073457723 304.37678487369 39.31705736671 1393.75366 -0.649 -0.15299999999999997 3.040142942428589 4.958928462982178 0.19242394 0.19142394 "" "" 38.42708533554052 "" 7.366381250807328 ""
304.1342746542 39.30280628468 0.0245 0.0258 15.3968 "" "" 2062127636935931008 1431.55078 0.6704 0.0306 -5.064 -6.606 0.032 0.033 1.557 6701.6 4.0396 15.164452 1.375816 15.747055 14.371239 "" "" 1381.40356 1500.20166 16186.99005 6.929 6864.3 12.565 14147.0 30.691 "" "" 0.002794242521011173 0.0034256245 0.0044532907 0.007878915 304.1342746542 39.30280628468 1431.55078 -5.064 -6.606000000000002 -1.3748570575714112 -1.4940715370178221 0.20042394 0.20142394 "" "" 13.77731116264356 "" 2.768771691867824 ""
304.40588684379 39.1723681515 0.0314 0.0345 10.4186 "" "" 2061374712000048128 1570.14417 0.6186 0.0404 -0.322 0.549 0.041 0.043 1.764 6408.7 4.004 15.167336 1.209864 15.516746 14.306882 "" "" 1470.79163 1668.18945 16144.03969 9.9145 8486.3 52.964 15011.0 117.02 "" "" 0.0028348519648754454 0.007328168 0.009269452 0.01659762 304.40588684379 39.1723681515 1570.14417 -0.3220000000000003 0.5490000000000005 3.367142942428589 5.660928462982178 0.20942393 0.21142393 "" "" 49.02092257353784 "" 10.338664294500933 ""
304.34496598214 39.01191757356 0.0169 0.0179 20.4523 "" "" 2061366877977771008 1586.48376 0.609 0.0206 -5.211 -7.238 0.022 0.023 1.015 6500.6 4.0113 15.170849 1.313044 15.746187 14.433143 "" "" 1527.12891 1635.6012 16091.89983 4.2935 6869.8 11.637 13363.0 14.182 "" "" 0.002770506767301646 0.0033417935 0.003951136 0.0072929296 304.34496598214 39.01191757356 1586.48376 -5.211 -7.238000000000005 -1.5218570575714114 -2.1260715370178227 0.19042394 0.19142394 "" "" 19.66175482517849 "" 3.7570808275694665 ""
304.33827665983 39.32511435844 0.017 0.0183 5.8333 "" "" 2062130248275963264 1501.17297 0.6409 0.0215 0.186 -3.803 0.021 0.023 0.915 6418.8 4.1073 15.172221 1.305698 15.748767 14.443069 "" "" 1457.67407 1554.29834 16071.56528 4.4548 6853.5 12.245 13241.0 12.824 "" "" 0.0027717071110310533 0.003398251 0.003922941 0.007321192 304.33827665983 39.32511435844 1501.17297 0.18600000000000017 -3.8029999999999995 3.875142942428589 1.3089284629821778 0.18942393 0.19142394 "" "" 29.1043157015344 "" 5.519043241380293 ""
304.71018740013 39.13426587755 0.0163 0.0181 16.8988 "" "" 2061359937310249088 1238.95447 0.7829 0.021 0.939 2.957 0.022 0.024 0.966 6321.9 4.3484 15.172356 1.082995 15.624455 14.54146 "" "" 1210.84082 1275.90356 16069.58038 3.8239 7684.8 12.86 12094.0 11.029 "" "" 0.002767406655906272 0.0033295944 0.0039069266 0.0072365208 304.71018740013 39.13426587755 1238.95447 0.9389999999999998 2.957 4.628142942428589 8.068928462982178 0.19042394 0.19242394 "" "" 54.627370843313365 "" 10.484674043019776 ""
304.47658552309 39.32311197094 0.0171 0.0202 1.2287 "" "" 2061380037757937152 1627.24133 0.5921 0.0228 -3.285 -5.382 0.022 0.026 0.927 "" "" 15.173498 1.45797 15.802757 14.344788 "" "" 1567.63843 1684.17908 16052.67594 6.3587 6521.0 12.611 14496.0 16.324 "" "" 0.0027886833346106882 0.0034919675 0.003972229 0.0074641965 304.47658552309 39.32311197094 1627.24133 -3.285 -5.382 0.4041429424285887 -0.27007153701782194 0.19042394 0.19442394 "" "" 3.7491665986788987 "" 0.7185940650868389 ""
304.14462688008 39.4964279376 0.0169 0.018 17.4527 "" "" 2062135672808164096 1418.05029 0.6787 0.0213 -10.713 -8.083 0.023 0.022 1.037 "" "" 15.178333 1.445163 15.838656 14.393494 "" "" 1371.58594 1487.63147 15981.35432 3.9298 6308.9 9.3299 13860.0 9.9495 "" "" 0.0027682247972595666 0.0032191803 0.0038589113 0.0070780916 304.14462688008 39.4964279376 1418.05029 -10.713 -8.083 -7.02385705757141 -2.9710715370178225 0.19142394 0.19042394 "" "" 51.26122980789417 "" 9.804863739033836 ""
304.26956464691 39.02514989113 0.0177 0.0188 20.9339 "" "" 2061366362581785216 1208.37451 0.7931 0.0215 -9.287 -16.372 0.023 0.023 1.028 4995.9 3.6389 15.182106 1.803905 16.06301 14.259105 "" "" 1178.42236 1238.26953 15925.91164 45.565 5131.1 50.087 15686.0 116.01 "" "" 0.004152257517457363 0.010959487 0.00887481 0.019834299 304.26956464691 39.02514989113 1208.37451 -9.287 -16.372 -5.597857057571412 -11.260071537017822 0.19142394 0.19142394 "" "" 72.0245346861161 "" 13.787220039066316 ""
304.44036510759 38.90234342531 0.016 0.0191 26.3038 "" "" 2061353477679561088 1513.28381 0.6291 0.0203 9.386 -2.118 0.021 0.024 1.004 5245.1 3.7353 15.191049 1.508655 15.884842 14.376186 "" "" 1463.08606 1561.90674 15795.27853 4.0101 6046.2 18.817 14083.0 15.582 "" "" 0.002769073906536805 0.004382111 0.00396571 0.0083478205 304.44036510759 38.90234342531 1513.28381 9.385999999999996 -2.1179999999999994 13.075142942428588 2.993928462982178 0.18942393 0.19242394 "" "" 96.21483377193185 "" 18.239880449660756 ""
304.72436966136 39.24063892847 0.0176 0.0179 13.5577 "" "" 2061457209715460224 1454.47949 0.6622 0.0217 1.165 -1.442 0.023 0.024 1.027 6535.1 4.2399 15.194689 1.135883 15.677262 14.541379 "" "" 1409.8092 1490.91858 15742.40509 4.0423 7320.0 11.104 12095.0 11.988 "" "" 0.00276938890688144 0.003240007 0.003929604 0.007169611 304.72436966136 39.24063892847 1454.47949 1.165 -1.4419999999999984 4.854142942428589 3.6699284629821776 0.19142394 0.19242394 "" "" 41.95358948324784 "" 8.046205356523473 ""
304.50228312754 39.15283673574 0.0196 0.0235 11.4057 "" "" 2061373853004603520 1171.8855 0.8247 0.0256 -1.325 -0.387 0.025 0.03 1.237 5673.0 4.2197 15.197492 1.197096 15.711309 14.514214 "" "" 1138.47339 1211.75684 15701.828 7.2835 7094.0 13.565 12401.0 14.532 "" "" 0.002800970483495035 0.0034778344 0.003987794 0.007465628 304.50228312754 39.15283673574 1171.8855 -1.325000000000001 -0.38699999999999973 2.3641429424285887 4.724928462982177 0.19342394 0.19842394 "" "" 29.34779652813971 "" 5.7942217455906535 ""
304.40736534854 38.91820700659 0.0163 0.0186 25.4611 "" "" 2061352275088784768 1602.47119 0.595 0.0204 -2.818 -8.728 0.021 0.024 0.998 6420.8 4.1338 15.19847 1.214899 15.722178 14.507279 "" "" 1553.05676 1667.47485 15687.6856 4.0819 7023.4 9.8834 12481.0 10.27 "" "" 0.002769765169241428 0.0031811006 0.0038835406 0.0070646415 304.40736534854 38.91820700659 1602.47119 -2.818 -8.728 0.8711429424285888 -3.616071537017822 0.18942393 0.19242394 "" "" 28.252443136715268 "" 5.431831456511403 ""
304.19944115384 39.60935745828 0.0166 0.0197 20.2172 "" "" 2062149902046609024 1583.69885 0.6025 0.0223 3.793 -0.711 0.024 0.025 1.03 6776.8 3.8254 15.20245 1.596373 15.946038 14.349666 "" "" 1526.48438 1659.53613 15630.28892 4.4124 5714.8 11.551 14431.0 19.699 "" "" 0.0027723153451058493 0.0035497942 0.0040595927 0.007609387 304.19944115384 39.60935745828 1583.69885 3.793 -0.7110000000000005 7.482142942428589 4.400928462982177 0.19242394 0.19342394 "" "" 65.16199908715583 "" 12.555510187778337 ""
304.31398492243 39.0702171856 0.0174 0.0195 17.6189 "" "" 2061368011849218304 1308.69153 0.7314 0.0222 -2.966 -0.846 0.022 0.023 0.978 6329.4 4.2206 15.212234 1.233669 15.747199 14.51353 "" "" 1273.00879 1350.40479 15490.06735 4.5702 6863.4 11.804 12409.0 12.951 "" "" 0.002773879011496587 0.003357359 0.003945602 0.0073029613 304.31398492243 39.0702171856 1308.69153 -2.966 -0.8460000000000004 0.7231429424285887 4.265928462982178 0.19042394 0.19142394 "" "" 26.839912687802627 "" 5.137053957054154 ""
304.91386763731 39.33490616773 0.0178 0.0208 20.9528 "" "" 2061462535475275264 1745.50574 0.541 0.0227 -3.264 -5.485 0.025 0.026 1.001 "" "" 15.212978 1.68998 16.00711 14.317131 -60.37 9.65 1677.63794 1805.23499 15479.44944 6.2155 5402.2 10.191 14870.0 21.088 "" "" 0.0027895965595014106 0.003461233 0.004080998 0.007542231 304.91386763731 39.33490616773 1745.50574 -3.264000000000001 -5.484999999999999 0.4251429424285891 -0.3730715370178226 0.19342394 0.19442394 -36.655 17.18 4.679789889200534 36.9525297971203 0.9072222807635358 17.04205980656617
304.57650722279 39.08654038141 0.0232 0.0284 16.1291 "" "" 2061361036822023296 1326.60449 0.7364 0.0305 0.886 -1.542 0.03 0.035 1.569 6416.9 4.1846 15.213474 1.115507 15.615496 14.499989 "" "" 1280.86536 1374.9823 15472.38177 5.4714 7748.5 15.515 12565.0 18.922 "" "" 0.002781941916419323 0.0035371317 0.0041178986 0.00765503 304.57650722279 39.08654038141 1326.60449 0.8860000000000002 -1.5419999999999998 4.575142942428589 3.569928462982178 0.19842394 0.20342393 "" "" 36.490694780316105 "" 7.310210121840633 ""
