Clusters/vdBergh_130/vdBergh_130_stars_in_region.tsv
# %ECSV 1.0
# ---
# datatype:
# - name: RA_ICRS_1
#   unit: deg
#   datatype: float64
#   format: '{:15.11f}'
#   description: Right ascension (ICRS) at Ep=2016.0 (ra)
#   meta: !!omap
#   - {ucd: POS_EQ_RA_MAIN}
#   - {width: 15}
#   - {precision: '11'}
# - name: DE_ICRS_1
#   unit: deg
#   datatype: float64
#   format: '{:15.11f}'
#   description: Declination (ICRS) at Ep=2016.0 (dec)
#   meta: !!omap
#   - {ucd: POS_EQ_DEC_MAIN}
#   - {width: 15}
#   - {precision: '11'}
# - name: e_RA_ICRS
#   unit: mas
#   datatype: float64
#   format: '{:7.4f}'
#   description: Standard error of right ascension (ra_error)
#   meta: !!omap
#   - {ucd: ERROR}
#   - {width: 7}
#   - {precision: '4'}
# - name: e_DE_ICRS
#   unit: mas
#   datatype: float64
#   format: '{:7.4f}'
#   description: Standard error of declination (dec_error)
#   meta: !!omap
#   - {ucd: ERROR}
#   - {width: 7}
#   - {precision: '4'}
# - name: _r_1
#   unit: ''
#   datatype: float64
#   format: '{:7.4f}'
#   description: Distance from center (304.46240722000+39.34040599000)[ICRS], at Epoch=J2016.0
#   meta: !!omap
#   - {ucd: POS_ANG_DIST_GENERAL}
#   - {width: 7}
#   - {precision: '4'}
# - name: HIP
#   datatype: int32
#   description: '? HIP cross-id number, van Leeuwen, Cat. I/311 (hip_original_ext_source_id)'
#   meta: !!omap
#   - {ucd: ID_NUMBER}
#   - {width: 6}
#   - values: {'null': -2147483648}
# - name: TYC2
#   datatype: string
#   description: Tycho-2 cross-id name, Hog et al., Cat. I/259 (tyc2_original_ext_source_id)
#   meta: !!omap
#   - {ucd: ID_CROSSID}
#   - {_votable_string_dtype: char}
# - name: Source
#   datatype: int64
#   description: Source identifier, identical to the Gaia-EDR3 source_id (id)
#   meta: !!omap
#   - {ucd: ID_MAIN}
#   - {width: 19}
# - name: rgeo
#   unit: pc
#   datatype: float64
#   format: '{:15.8f}'
#   description: '? Median of the geometric distance posterior (r_med_geo)'
#   meta: !!omap
#   - {ucd: PHYS_DISTANCE_TRUE}
#   - {width: 15}
#   - {precision: '8'}
#   - values: {'null': .nan}
# - name: Plx
#   unit: mas
#   datatype: float64
#   format: '{:9.4f}'
#   description: '? Parallax (parallax)'
#   meta: !!omap
#   - {ucd: POS_PARLX_TRIG}
#   - {width: 9}
#   - {precision: '4'}
#   - values: {'null': .nan}
# - name: e_Plx
#   unit: mas
#   datatype: float32
#   format: '{:7.4f}'
#   description: '? Standard error of parallax (parallax_error)'
#   meta: !!omap
#   - {ucd: ERROR}
#   - {width: 7}
#   - {precision: '4'}
#   - values: {'null': .nan}
# - name: pmRA
#   unit: mas / yr
#   datatype: float64
#   format: '{:9.3f}'
#   description: '? Proper motion in right ascension direction, pmRA*cosDE (pmra)'
#   meta: !!omap
#   - {ucd: POS_EQ_PMRA}
#   - {width: 9}
#   - {precision: '3'}
#   - values: {'null': .nan}
# - name: pmDE
#   unit: mas / yr
#   datatype: float64
#   format: '{:9.3f}'
#   description: '? Proper motion in declination direction (pmdec)'
#   meta: !!omap
#   - {ucd: POS_EQ_PMDEC}
#   - {width: 9}
#   - {precision: '3'}
#   - values: {'null': .nan}
# - name: e_pmRA
#   unit: mas / yr
#   datatype: float32
#   format: '{:6.3f}'
#   description: '? Standard error of proper motion in right ascension direction (pmra_error)'
#   meta: !!omap
#   - {ucd: ERROR}
#   - {width: 6}
#   - {precision: '3'}
#   - values: {'null': .nan}
# - name: e_pmDE
[...]
#         value: !astropy.table.SerializedColumn {name: SkyCoord.dec}
#       distance: !astropy.table.SerializedColumn
#         __class__: astropy.coordinates.distances.Distance
#         unit: !astropy.units.Unit {unit: pc}
#         value: !astropy.table.SerializedColumn {name: SkyCoord.distance}
#       frame: icrs
#       obstime: !astropy.time.Time {format: jyear_str, in_subfmt: '*', jd1: 367701545.0, jd2: 0.0, out_subfmt: '*', precision: 3, scale: tt}
#       pm_dec: !astropy.table.SerializedColumn
#         __class__: astropy.units.quantity.Quantity
#         unit: !astropy.units.Unit {unit: mas / yr}
#         value: !astropy.table.SerializedColumn {name: SkyCoord.pm_dec}
#       pm_ra_cosdec: !astropy.table.SerializedColumn
#         __class__: astropy.units.quantity.Quantity
#         unit: !astropy.units.Unit {unit: mas / yr}
#         value: !astropy.table.SerializedColumn {name: SkyCoord.pm_ra_cosdec}
#       ra: !astropy.table.SerializedColumn
#         __class__: astropy.coordinates.angles.Longitude
#         unit: *id001
#         value: !astropy.table.SerializedColumn {name: SkyCoord.ra}
#         wrap_angle: !astropy.coordinates.Angle
#           unit: *id001
#           value: 360.0
#       representation_type: spherical
# schema: astropy-2.0
RA_ICRS_1 DE_ICRS_1 e_RA_ICRS e_DE_ICRS _r_1 HIP TYC2 Source rgeo Plx e_Plx pmRA pmDE e_pmRA e_pmDE RUWE Teff logg Gmag BP-RP BPmag RPmag RV e_RV b_rgeo B_rgeo FG e_FG FBP e_FBP FRP e_FRP RAVE5 RAVE6 e_Gmag e_BPmag e_RPmag e_BP-RP SkyCoord.ra SkyCoord.dec SkyCoord.distance SkyCoord.pm_ra_cosdec SkyCoord.pm_dec rmRA rmDE e_rmRA e_rmDE rRV e_rRV v_pec v_pec3d e_vpec e_vpec3d
[from data line 182]
303.99002107969 39.56095602168 0.0108 0.0129 25.5753 "" "" 2062145847597533568 1620.43652 0.5917 0.0146 -0.548 -3.458 0.015 0.016 1.043 "" "" 14.076488 1.025012 14.501438 13.476426 "" "" 1583.51221 1654.88855 44091.18928 9.1485 21619.0 22.069 32254.0 19.613 "" "" 0.002764514500888952 0.003002242 0.0038366143 0.0068388563 303.99002107969 39.56095602168 1620.43652 -0.5479999999999993 -3.4580000000000006 3.141142942428589 1.6539284629821775 0.18342394 0.18442394 "" "" 27.26682389584184 "" 5.007319408517524 ""
304.64959387691 39.61595005069 0.0108 0.0127 18.6676 "" "" 2061478444033961600 1509.88623 0.63 0.0146 4.362 1.131 0.016 0.018 1.034 4915.9 3.0792 14.105039 1.945355 15.079426 13.134071 -2.16 1.7 1482.13 1536.8894 42946.8495 10.209 12695.0 18.223 44211.0 19.424 "" "" 0.002767381684297663 0.0031959384 0.0038093661 0.0070053046 304.64959387691 39.61595005069 1509.88623 4.362000000000001 1.1309999999999993 8.051142942428589 6.242928462982178 0.18442394 0.18642393 21.555 9.2300005 72.91399683089853 76.03334110017973 13.502027992737627 13.209844414107398
304.68405785213 39.4023938383 0.0112 0.0124 10.9329 "" "" 2061472499799422208 1664.12256 0.5716 0.0142 -3.688 -5.317 0.016 0.016 1.016 9400.9 4.0336 14.12195 1.273183 14.673658 13.400476 -12.39 22.28 1627.56409 1709.0907 42283.08113 7.4789 18448.0 18.818 34591.0 35.708 "" "" 0.0027620045976805624 0.0030019379 0.0039420696 0.0069440072 304.68405785213 39.4023938383 1664.12256 -3.6879999999999984 -5.317000000000001 0.0011429424285887002 -0.20507153701782244 0.18442394 0.18442394 11.325 29.810001 1.617617294445085 11.43994364983009 0.29832735225515067 29.510513407880822
304.29536933173 39.10437631367 0.0111 0.0119 16.1505 "" "" 2061371138585455744 1278.93835 0.7529 0.0136 -7.056 -9.561 0.015 0.015 0.939 6534.6 3.909 14.125469 1.074339 14.575123 13.500784 13.33 5.41 1260.68542 1301.54321 42146.27229 7.6403 20201.0 20.018 31539.0 19.123 "" "" 0.002762341152870457 0.0029904197 0.0038362877 0.006826707 304.29536933173 39.10437631367 1278.93835 -7.055999999999997 -9.560999999999993 -3.366857057571411 -4.449071537017822 0.18342394 0.18342394 37.045 12.940001 33.8233999520459 50.16327749774788 6.2040211605208375 10.431526878687961
303.96288069143 39.2549120504 0.011 0.0122 23.7544 "" "" 2062126674863291648 1236.89062 0.7803 0.0141 -3.07 -2.711 0.014 0.015 1.025 6304.5 3.8142 14.141211 1.377668 14.753374 13.375706 20.99 4.32 1218.74377 1258.13086 41539.62838 8.8576 17142.0 14.631 35390.0 17.915 "" "" 0.0027650295228657884 0.0029400361 0.0038191369 0.0067591732 303.96288069143 39.2549120504 1236.89062 -3.0700000000000003 -2.7110000000000003 0.619142942428589 2.400928462982178 0.18242393 0.18342394 44.705 11.85 14.536817658507239 47.00910648626166 2.665496208098675 11.299288232688387
304.37850401216 39.11272903487 0.0109 0.0129 14.2064 "" "" 2061368458525789312 1227.44568 0.7876 0.0143 -1.135 -2.955 0.014 0.016 0.928 "" "" 14.152598 1.014713 14.574054 13.55934 "" "" 1206.021 1247.9873 41106.20933 7.4119 20221.0 15.924 29883.0 14.67 "" "" 0.002762266342938541 0.0029182357 0.0038167813 0.006735017 304.37850401216 39.11272903487 1227.44568 -1.1349999999999996 -2.955000000000001 2.554142942428589 2.1569284629821777 0.18242393 0.18442394 "" "" 19.45017704844597 "" 3.5644228756678396 ""
304.09538266646 39.44671281531 0.0115 0.012 18.1743 "" "" 2062141380831319424 1685.0271 0.5657 0.0143 -4.59 -6.89 0.014 0.014 1.022 "" "" 14.155063 1.368248 14.765883 13.397635 -10.26 10.66 1646.00623 1717.75757 41013.00429 7.0576 16946.0 13.714 34682.0 17.536 "" "" 0.0027616475095807594 0.002925251 0.0038190442 0.0067442954 304.09538266646 39.44671281531 1685.0271 -4.590000000000002 -6.890000000000002 -0.900857057571411 -1.778071537017822 0.18242393 0.18242393 13.455 18.19 15.920217126249172 20.844431830753205 2.9042286437250167 11.949257019221514
304.06366515973 39.60308521473 0.011 0.0127 24.2791 "" "" 2062152204149118080 1335.35181 0.7213 0.0146 -2.477 -8.976 0.015 0.016 0.946 6543.9 3.8717 14.167513 1.234483 14.703809 13.469326 -19.2 4.8 1308.75769 1367.84705 40545.38546 6.3757 17943.0 14.082 32466.0 14.071 "" "" 0.0027606046906717505 0.0029173845 0.0038085638 0.0067259483 304.06366515973 39.60308521473 1335.35181 -2.476999999999997 -8.975999999999999 1.212142942428589 -3.864071537017823 0.18342394 0.18442394 4.515000000000001 12.33 25.633060253092708 26.027658422122443 4.725059150247817 5.12143988086803
304.67822837607 39.18727597612 0.0134 0.0142 13.599 "" "" 2061363201486045568 1735.34058 0.5511 0.0167 -0.305 -3.672 0.018 0.019 1.14 6732.7 3.8045 14.168276 1.301515 14.741316 13.439801 -24.91 4.66 1687.39941 1793.40381 40516.90336 6.9236 17334.0 13.771 33361.0 17.322 "" "" 0.0027615596530754425 0.0029204562 0.0038211956 0.006741652 304.67822837607 39.18727597612 1735.34058 -0.30500000000000027 -3.671999999999999 3.3841429424285887 1.4399284629821776 0.18642393 0.18742393 -1.1950000000000003 12.190001 30.25135450054583 30.27494796226237 5.644224129287654 5.660313223925604
304.92012920264 39.43503687342 0.0151 0.0171 21.9718 "" "" 2061466383765930112 1636.87134 0.5796 0.0192 1.192 -1.58 0.021 0.021 1.402 "" "" 14.171757 1.482729 14.846088 13.363359 19.61 4.73 1593.14893 1696.30188 40387.2372 7.3778 15739.0 13.918 35794.0 17.561 "" "" 0.002762449559653086 0.002950741 0.0038167357 0.006767477 304.92012920264 39.43503687342 1636.87134 1.1920000000000002 -1.5799999999999996 4.881142942428589 3.5319284629821777 0.18942393 0.18942393 43.325 12.26 46.74623608657729 63.73590991946393 8.854855921692739 10.565556355309374
304.7673733046 39.48158587452 0.0107 0.0127 16.4807 "" "" 2061473148326857344 1599.85229 0.5969 0.0139 -3.254 -5.0 0.015 0.017 0.969 "" "" 14.174315 0.93576 14.550023 13.614264 "" "" 1569.70178 1638.75427 40292.15066 6.4936 20673.0 16.757 28409.0 14.144 "" "" 0.002760870794241193 0.0029256744 0.0038178433 0.0067435177 304.7673733046 39.48158587452 1599.85229 -3.254 -5.0 0.43514294242858886 0.11192846298217773 0.18342394 0.18542394 "" "" 3.4072346101006485 "" 0.6253934342887159 ""
303.99140096008 39.38880220308 0.017 0.0204 22.0409 "" "" 2062140934154736896 1665.90149 0.5802 0.0228 -4.077 -4.428 0.022 0.026 1.824 10169.3 4.2273 14.179095 1.101391 14.385075 13.283684 "" "" 1609.29639 1725.55334 40115.17252 24.963 24065.0 649.63 38520.0 932.61 "" "" 0.0028369477656728704 0.029441746 0.026557123 0.05599887 303.99140096008 39.38880220308 1665.90149 -4.077000000000001 -4.428000000000001 -0.3878570575714111 0.6839284629821778 0.19042394 0.19442394 "" "" 6.208534252781579 "" 1.2010917390697609 ""
304.77533341486 39.50207174538 0.0112 0.0132 17.4487 "" "" 2061479096869250304 1730.8833 0.5494 0.0144 -4.267 -4.495 0.015 0.017 1.065 "" "" 14.186996 1.748059 15.014605 13.266545 "" "" 1699.23376 1768.88525 39824.32244 9.5731 13476.0 15.472 39133.0 18.765 "" "" 0.0027676536340830527 0.0030559672 0.0038150733 0.0068710404 304.77533341486 39.50207174538 1730.8833 -4.266999999999998 -4.494999999999998 -0.5778570575714115 0.6169284629821776 0.18342394 0.18542394 "" "" 6.935107134732598 "" 1.2794715807667296 ""
304.73780936394 39.11817641438 0.0108 0.0119 18.4832 "" "" 2061359696792025600 1615.94592 0.5859 0.0141 -3.824 -6.855 0.014 0.016 0.978 "" "" 14.19685 0.811006 14.5157 13.704695 "" "" 1578.09277 1653.72998 39464.53501 7.7534 21337.0 19.253 26138.0 18.541 "" "" 0.002763564762209138 0.002957168 0.0038570566 0.0068142246 304.73780936394 39.11817641438 1615.94592 -3.823999999999998 -6.855 -0.13485705757141098 -1.7430715370178227 0.18242393 0.18442394 "" "" 13.391100976740784 "" 2.4694810831387826 ""
304.47566940459 39.00925149786 0.0109 0.0128 19.8788 "" "" 2061355195666553344 1735.5061 0.5471 0.014 -3.237 -4.572 0.014 0.016 0.975 "" "" 14.221143 0.953823 14.596668 13.642845 "" "" 1694.84717 1773.99634 38591.30404 7.0677 19804.0 19.683 27671.0 53.449 "" "" 0.0027624859139768567 0.0029915732 0.0043222634 0.0073138364 304.47566940459 39.00925149786 1735.5061 -3.237 -4.572 0.45214294242858877 0.5399284629821777 0.18242393 0.18442394 "" "" 5.793300474578816 "" 1.0636625694189143 ""
304.45998195561 39.35166521287 0.0123 0.0143 0.6849 "" "" 2061380690592977280 1710.55847 0.5556 0.0158 -3.948 -4.767 0.016 0.018 1.013 "" "" 14.230817 1.59328 14.919711 13.326431 "" "" 1669.70166 1761.26428 38248.99045 22.436 14707.0 32.591 37033.0 28.24 "" "" 0.0028279658574621768 0.0036842835 0.003869007 0.0075532906 304.45998195561 39.35166521287 1710.55847 -3.9480000000000013 -4.767000000000004 -0.2588570575714111 0.3449284629821774 0.18442394 0.18642393 "" "" 3.4966522841680874 "" 0.6493487538178881 ""
304.97532248171 39.32669510283 0.0234 0.0285 23.8176 "" "" 2061461642116427136 1492.78516 0.6437 0.0318 -7.072 -6.856 0.032 0.036 2.104 6266.6 3.7076 14.233411 1.363732 14.769029 13.405296 -2.17 6.63 1423.6687 1551.44116 38157.72556 14.474 16897.0 39.799 34438.0 116.77 "" "" 0.002785929474974683 0.0037848365 0.005276052 0.009060889 304.97532248171 39.32669510283 1492.78516 -7.072000000000001 -6.856 -3.382857057571411 -1.7440715370178221 0.20042394 0.20442393 21.545 14.16 26.930381568665627 34.48814979719737 5.420290994218379 9.806277315735931
304.2702748713 39.48483511301 0.0111 0.0128 12.4266 "" "" 2062136364309654912 1187.90051 0.8145 0.0144 -3.214 -10.031 0.015 0.016 0.934 5535.2 4.0366 14.244382 1.204252 14.766716 13.562464 -56.91 2.76 1168.65015 1206.59302 37774.08771 5.664 16933.0 12.772 29797.0 13.114 "" "" 0.002760125566317257 0.002907869 0.0038094702 0.006717339 304.2702748713 39.48483511301 1187.90051 -3.2139999999999995 -10.031000000000002 0.4751429424285889 -4.919071537017823 0.18342394 0.18442394 -33.19499999999999 10.29 27.82647170192455 43.31536162123095 5.131610971814798 8.54714543924315
304.45271269977 39.18340280684 0.0116 0.0132 9.431 "" "" 2061374849437108480 1237.28101 0.7798 0.0149 -2.283 -2.848 0.015 0.017 0.944 6655.1 4.0055 14.250287 0.982901 14.655113 13.672213 19.64 6.45 1213.16833 1262.32495 37569.20249 6.6696 18766.0 16.963 26932.0 14.306 "" "" 0.0027620538697271696 0.0029577415 0.0038231332 0.006780875 304.45271269977 39.18340280684 1237.28101 -2.283 -2.848 1.406142942428589 2.263928462982178 0.18342394 0.18542394 43.355000000000004 13.98 15.629881130405876 46.08632345013668 2.8894859466039446 13.187928378918485
304.37095414918 39.26327032257 0.0284 0.0319 6.2808 "" "" 2061378491569508992 1712.46301 0.5565 0.037 -0.96 -2.317 0.034 0.038 2.825 8791.4 3.6317 14.257236 1.215907 14.739062 13.523155 "" "" 1586.68408 1833.17126 37329.5027 16.972 17370.0 16.927 30896.0 37.444 "" "" 0.002799189883383711 0.0029840423 0.004001896 0.006985938 304.37095414918 39.26327032257 1712.46301 -0.96 -2.317000000000001 2.729142942428589 2.7949284629821776 0.20242393 0.20642394 "" "" 31.708421368915445 "" 6.4837804484802835 ""
304.66413565939 39.37961123114 0.0767 0.078 9.6494 "" "" 2061470987970603520 1339.86035 0.7413 0.0923 -3.407 -5.25 0.107 0.105 8.327 "" "" 14.262197 1.166622 14.73177 13.565148 "" "" 1216.04468 1534.1499 37159.33724 33.162 17487.0 13.252 29723.0 16.559 "" "" 0.002920725040276827 0.002908958 0.0038274797 0.006736438 304.66413565939 39.37961123114 1339.86035 -3.407 -5.25 0.28214294242858884 -0.13807153701782227 0.27542394 0.27342394 "" "" 1.9949264861712321 "" 0.548681899833516 ""
304.50233513369 39.34394795724 0.0151 0.018 1.8649 "" "" 2061380450074795392 1725.85754 0.5519 0.0198 -3.683 -5.048 0.02 0.023 1.225 "" "" 14.274502 1.453365 14.913737 13.460372 "" "" 1667.87585 1783.41577 36740.58789 10.938 14788.0 17.932 32735.0 19.545 "" "" 0.0027742150566154706 0.0030851907 0.003834575 0.006919766 304.50233513369 39.34394795724 1725.85754 -3.683 -5.048 0.006142942428589038 0.06392846298217769 0.18842393 0.19142394 "" "" 0.5253797973459707 "" 0.10055596146453315 ""
304.60550670772 39.11621619105 0.0106 0.0131 15.0058 "" "" 2061362583010240128 1214.44641 0.7928 0.014 4.013 -1.635 0.014 0.016 1.007 6503.7 4.0928 14.281263 1.056763 14.722045 13.665282 -9.75 4.44 1190.9718 1237.05188 36512.49039 5.9897 17644.0 18.097 27105.0 14.952 "" "" 0.0027610709010262246 0.0030041938 0.0038265442 0.006830738 304.60550670772 39.11621619105 1214.44641 4.013000000000002 -1.6349999999999998 7.702142942428589 3.476928462982178 0.18242393 0.18442394 13.965 11.97 48.64547059371209 50.610305613419364 8.890642986155102 9.161575518044847
304.03450060706 39.25641440845 0.0114 0.0127 20.4975 "" "" 2062126090747719936 1498.03284 0.639 0.0146 0.16 -4.769 0.015 0.016 0.942 "" "" 14.285172 1.015469 14.706216 13.690747 "" "" 1467.70544 1537.42737 36381.29616 5.7986 17903.0 19.697 26476.0 17.143 "" "" 0.0027607490626718554 0.0030351211 0.003844209 0.00687933 304.03450060706 39.25641440845 1498.03284 0.15999999999999992 -4.769 3.849142942428589 0.3429284629821776 0.18342394 0.18442394 "" "" 27.439771980907945 "" 5.033327660208226 ""
304.78692814767 39.29936236775 0.0265 0.0276 15.2633 "" "" 2061459236940016896 1246.01648 0.7835 0.0331 -0.24 -4.201 0.035 0.032 2.161 "" "" 14.293071 1.077563 14.731317 13.653754 "" "" 1188.48608 1308.44946 36117.54968 14.202 17494.0 13.94 27394.0 15.641 "" "" 0.0027881997160261445 0.002921225 0.0038298857 0.006751111 304.78692814767 39.29936236775 1246.01648 -0.24000000000000066 -4.201 3.4491429424285887 0.9109284629821781 0.20342393 0.20042394 "" "" 21.06951468877286 "" 4.2819506247546935 ""
304.98609642182 39.49550385597 0.011 0.0136 25.9967 "" "" 2061467964313696768 1624.03455 0.5859 0.0143 -3.13 -4.808 0.015 0.017 1.0 "" "" 14.294198 1.107748 14.744468 13.63672 "" "" 1583.58801 1662.54456 36080.07294 7.7075 17283.0 17.626 27827.0 23.597 "" "" 0.0027650649661714135 0.0030018536 0.0038899104 0.006891764 304.98609642182 39.49550385597 1624.03455 -3.129999999999999 -4.808 0.559142942428589 0.3039284629821779 0.18342394 0.18542394 "" "" 4.899009371592977 "" 0.9008396300269716 ""
304.7113644478 39.15635109105 0.012 0.0128 15.9927 "" "" 2061362926608126720 1217.79822 0.7935 0.0151 -1.312 -7.797 0.016 0.017 0.972 5439.8 4.0366 14.298141 1.200596 14.82091 13.620315 -26.17 4.2 1196.62402 1238.81519 35949.30891 6.1724 16108.0 16.021 28251.0 17.288 "" "" 0.0027616192839092723 0.0029918507 0.0038373384 0.006829189 304.7113644478 39.15635109105 1217.79822 -1.3120000000000023 -7.797000000000006 2.3771429424285886 -2.685071537017822 0.18442394 0.18542394 -2.455000000000002 11.73 20.700518054419163 20.84558640867015 3.8292896777891854 4.045798307753454
304.15739608261 39.02436483476 0.0124 0.014 23.6813 "" "" 2061369145720693888 1303.49792 0.7402 0.0153 -7.405 -5.332 0.017 0.019 1.093 6316.8 3.8758 14.310434 1.364364 14.918214 13.55385 -26.16 4.26 1281.32336 1330.23486 35544.54581 7.7067 14728.0 12.116 30034.0 17.185 "" "" 0.002765358198977023 0.0029296454 0.0038301004 0.006759746 304.15739608261 39.02436483476 1303.49792 -7.405 -5.332000000000001 -3.7158570575714114 -0.22007153701782212 0.18542394 0.18742393 -2.4450000000000003 11.790001 22.998950351245334 23.128548209065087 4.264717640972283 4.420178794850642
304.73610457791 39.35192329774 0.0123 0.0132 12.7183 "" "" 2061460405171159296 1193.03308 0.8088 0.0153 -2.609 -6.308 0.016 0.017 1.072 7682.1 4.1057 14.316111 0.98253 14.71449 13.73196 -4.11 11.29 1167.53687 1214.83203 35359.21223 7.4677 17767.0 18.4 25490.0 18.359 "" "" 0.00276484520249619 0.0030082162 0.0038594354 0.006867652 304.73610457791 39.35192329774 1193.03308 -2.6089999999999987 -6.308 1.0801429424285889 -1.196071537017822 0.18442394 0.18542394 19.605 18.82 9.113633134734812 21.619767203060636 1.685797998093673 17.080934549234247
