Clusters/vdBergh_130/vdBergh_130_members.tsv
# %ECSV 1.0
# ---
# datatype:
# - name: RA_ICRS_1
#   unit: deg
#   datatype: float64
#   format: '{:15.11f}'
#   description: Right ascension (ICRS) at Ep=2016.0 (ra)
#   meta: !!omap
#   - {ucd: POS_EQ_RA_MAIN}
#   - {width: 15}
#   - {precision: '11'}
# - name: DE_ICRS_1
#   unit: deg
#   datatype: float64
#   format: '{:15.11f}'
#   description: Declination (ICRS) at Ep=2016.0 (dec)
#   meta: !!omap
#   - {ucd: POS_EQ_DEC_MAIN}
#   - {width: 15}
#   - {precision: '11'}
# - name: e_RA_ICRS
#   unit: mas
#   datatype: float64
#   format: '{:7.4f}'
#   description: Standard error of right ascension (ra_error)
#   meta: !!omap
#   - {ucd: ERROR}
#   - {width: 7}
#   - {precision: '4'}
# - name: e_DE_ICRS
#   unit: mas
#   datatype: float64
#   format: '{:7.4f}'
#   description: Standard error of declination (dec_error)
#   meta: !!omap
#   - {ucd: ERROR}
#   - {width: 7}
#   - {precision: '4'}
# - name: _r_1
#   unit: ''
#   datatype: float64
#   format: '{:7.4f}'
#   description: Distance from center (304.46240722000+39.34040599000)[ICRS], at Epoch=J2016.0
#   meta: !!omap
#   - {ucd: POS_ANG_DIST_GENERAL}
#   - {width: 7}
#   - {precision: '4'}
# - name: HIP
#   datatype: int32
#   description: '? HIP cross-id number, van Leeuwen, Cat. I/311 (hip_original_ext_source_id)'
#   meta: !!omap
#   - {ucd: ID_NUMBER}
#   - {width: 6}
#   - values: {'null': -2147483648}
# - name: TYC2
#   datatype: string
#   description: Tycho-2 cross-id name, Hog et al., Cat. I/259 (tyc2_original_ext_source_id)
#   meta: !!omap
#   - {ucd: ID_CROSSID}
#   - {_votable_string_dtype: char}
# - name: Source
#   datatype: int64
#   description: Source identifier, identical to the Gaia-EDR3 source_id (id)
#   meta: !!omap
#   - {ucd: ID_MAIN}
#   - {width: 19}
# - name: rgeo
#   unit: pc
#   datatype: float64
#   format: '{:15.8f}'
#   description: '? Median of the geometric distance posterior (r_med_geo)'
#   meta: !!omap
#   - {ucd: PHYS_DISTANCE_TRUE}
#   - {width: 15}
#   - {precision: '8'}
#   - values: {'null': .nan}
# - name: Plx
#   unit: mas
#   datatype: float64
#   format: '{:9.4f}'
#   description: '? Parallax (parallax)'
#   meta: !!omap
#   - {ucd: POS_PARLX_TRIG}
#   - {width: 9}
#   - {precision: '4'}
#   - values: {'null': .nan}
# - name: e_Plx
#   unit: mas
#   datatype: float32
#   format: '{:7.4f}'
#   description: '? Standard error of parallax (parallax_error)'
#   meta: !!omap
#   - {ucd: ERROR}
#   - {width: 7}
#   - {precision: '4'}
#   - values: {'null': .nan}
# - name: pmRA
#   unit: mas / yr
#   datatype: float64
#   format: '{:9.3f}'
#   description: '? Proper motion in right ascension direction, pmRA*cosDE (pmra)'
#   meta: !!omap
#   - {ucd: POS_EQ_PMRA}
#   - {width: 9}
#   - {precision: '3'}
#   - values: {'null': .nan}
# - name: pmDE
#   unit: mas / yr
#   datatype: float64
#   format: '{:9.3f}'
#   description: '? Proper motion in declination direction (pmdec)'
#   meta: !!omap
#   - {ucd: POS_EQ_PMDEC}
#   - {width: 9}
#   - {precision: '3'}
#   - values: {'null': .nan}
# - name: e_pmRA
#   unit: mas / yr
#   datatype: float32
#   format: '{:6.3f}'
#   description: '? Standard error of proper motion in right ascension direction (pmra_error)'
#   meta: !!omap
#   - {ucd: ERROR}
#   - {width: 6}
#   - {precision: '3'}
#   - values: {'null': .nan}
# - name: e_pmDE
[...]
#         unit: &id001 !astropy.units.Unit {unit: deg}
#         value: !astropy.table.SerializedColumn {name: SkyCoord.dec}
#       distance: !astropy.table.SerializedColumn
#         __class__: astropy.coordinates.distances.Distance
#         unit: !astropy.units.Unit {unit: pc}
#         value: !astropy.table.SerializedColumn {name: SkyCoord.distance}
#       frame: icrs
#       obstime: !astropy.time.Time {format: jyear_str, in_subfmt: '*', jd1: 367701545.0, jd2: 0.0, out_subfmt: '*', precision: 3, scale: tt}
#       pm_dec: !astropy.table.SerializedColumn
#         __class__: astropy.units.quantity.Quantity
#         unit: !astropy.units.Unit {unit: mas / yr}
#         value: !astropy.table.SerializedColumn {name: SkyCoord.pm_dec}
#       pm_ra_cosdec: !astropy.table.SerializedColumn
#         __class__: astropy.units.quantity.Quantity
#         unit: !astropy.units.Unit {unit: mas / yr}
#         value: !astropy.table.SerializedColumn {name: SkyCoord.pm_ra_cosdec}
#       ra: !astropy.table.SerializedColumn
#         __class__: astropy.coordinates.angles.Longitude
#         unit: *id001
#         value: !astropy.table.SerializedColumn {name: SkyCoord.ra}
#         wrap_angle: !astropy.coordinates.Angle
#           unit: *id001
#           value: 360.0
#       representation_type: spherical
# schema: astropy-2.0
RA_ICRS_1 DE_ICRS_1 e_RA_ICRS e_DE_ICRS _r_1 HIP TYC2 Source rgeo Plx e_Plx pmRA pmDE e_pmRA e_pmDE RUWE Teff logg Gmag BP-RP BPmag RPmag RV e_RV b_rgeo B_rgeo FG e_FG FBP e_FBP FRP e_FRP RAVE5 RAVE6 e_Gmag e_BPmag e_RPmag e_BP-RP SkyCoord.ra SkyCoord.dec SkyCoord.distance SkyCoord.pm_ra_cosdec SkyCoord.pm_dec Pmemb
304.42578815603 39.34953205117 0.0096 0.0107 1.7852 "" 3151-165-1 2061381102909847296 1661.40417 0.5848 0.0122 -3.865 -4.887 0.013 0.014 0.974 15409.8 3.3834 10.056859 0.780006 10.355563 9.575557 "" "" 1632.09631 1700.91077 1787322.82595 615.77 984450.0 541.36 1172000.0 347.55 "" "" 0.00278059514664793 0.0028533363 0.0037930715 0.006646408 304.42578815603 39.34953205117 1661.40417 -3.865000000000001 -4.887 0.99
304.35727463602 39.29348841353 0.0185 0.0206 5.6339 "" 3151-194-1 2061379350563001344 1623.50476 0.579 0.0237 -3.338 -5.529 0.023 0.026 1.884 19881.3 3.8267 11.482835 1.282391 11.999616 10.717225 "" "" 1568.00635 1688.59875 480632.01443 379.55 216560.0 380.61 409510.0 743.76 "" "" 0.002885639342184495 0.0033802832 0.004262893 0.0076431762 304.35727463602 39.29348841353 1623.50476 -3.3379999999999996 -5.528999999999998 0.94
304.52686641056 39.35490109353 0.0077 0.0089 3.1147 "" "" 2061380514477932928 1672.80981 0.5829 0.0098 -3.536 -5.217 0.011 0.012 0.895 "" "" 12.242575 0.840869 12.572787 11.731918 "" "" 1639.47009 1701.1189 238735.34909 52.243 127730.0 84.214 160840.0 71.632 "" "" 0.0027655452209570945 0.0028805337 0.0038101894 0.006690723 304.52686641056 39.35490109353 1672.80981 -3.5360000000000005 -5.217 1.0
304.49508541548 39.37220719212 0.0082 0.0108 2.437 "" "" 2061380759312448384 1646.09912 0.5896 0.011 -3.63 -5.072 0.011 0.014 1.024 "" "" 12.556441 0.935425 12.930764 11.995339 "" "" 1617.30127 1678.22266 178801.14083 39.272 91857.0 86.903 126190.0 49.904 "" "" 0.0027656207631233678 0.0029732387 0.003803694 0.0067769326 304.49508541548 39.37220719212 1646.09912 -3.63 -5.072000000000001 0.99
304.42859092561 39.3531237475 0.0086 0.0097 1.7448 "" "" 2061381102909847424 1681.61572 0.5801 0.011 -3.723 -5.022 0.011 0.012 0.919 "" "" 12.765654 1.093246 13.217794 12.124549 "" "" 1651.12598 1716.50745 147463.75964 33.008 70518.0 62.426 112030.0 66.799 "" "" 0.002766017448751481 0.0029510765 0.0038344269 0.0067855036 304.42859092561 39.3531237475 1681.61572 -3.723 -5.022000000000003 0.99
304.45743107548 39.31496753421 0.0112 0.0131 1.5437 "" "" 2061380205240289152 1526.74744 0.637 0.0146 -3.848 -5.204 0.015 0.017 1.113 "" "" 12.994808 1.114065 13.440768 12.326703 "" "" 1488.75427 1559.81714 119405.2543 41.35 57426.0 69.104 92999.0 33.473 "" "" 0.0027808556095635178 0.0030809196 0.0037995318 0.0068804515 304.45743107548 39.31496753421 1526.74744 -3.848 -5.203999999999999 0.98
304.51333431158 39.36270995035 0.0105 0.0122 2.7155 "" "" 2061380587513749888 1715.46655 0.5575 0.0135 -3.542 -5.354 0.014 0.017 1.063 "" "" 13.002446 0.980886 13.397696 12.416809 "" "" 1683.14075 1754.88049 118568.17779 27.972 59750.0 44.139 85592.0 41.683 "" "" 0.0027672003529270847 0.002903163 0.0038161895 0.0067193527 304.51333431158 39.36270995035 1715.46655 -3.542 -5.354 1.0
304.41334868212 39.37730609537 0.0094 0.0098 3.1751 "" "" 2061381343428026112 1715.104 0.553 0.0114 -3.727 -4.605 0.013 0.012 0.974 "" "" 13.139024 0.985695 13.52633 12.540635 "" "" 1680.17432 1748.27966 104553.1893 26.848 53074.0 47.65 76367.0 43.155 "" "" 0.002769390014549216 0.0029555438 0.0038288601 0.0067844037 304.41334868212 39.37730609537 1715.104 -3.727 -4.605 0.92
304.42482447733 39.33918504283 0.0136 0.0149 1.7455 "" "" 2061381034190368256 1684.16052 0.5673 0.0168 -3.866 -5.14 0.017 0.019 1.519 "" "" 13.194543 0.97413 13.584353 12.610224 "" "" 1636.45618 1726.44275 99341.27756 19.769 50312.0 35.843 71626.0 36.592 "" "" 0.002763778640487803 0.0028954 0.0038198682 0.006715268 304.42482447733 39.33918504283 1684.16052 -3.8659999999999997 -5.139999999999999 0.95
304.44600070771 39.33866664924 0.0103 0.0121 0.7685 "" "" 2061380312635856256 1740.44775 0.5447 0.0133 -3.772 -4.883 0.013 0.015 1.158 "" "" 13.442606 1.000268 13.842945 12.842677 "" "" 1696.41785 1777.00977 79050.45511 21.195 39650.0 34.581 57821.0 42.628 "" "" 0.002770655692574705 0.0029464772 0.003863217 0.006809694 304.44600070771 39.33866664924 1740.44775 -3.7719999999999994 -4.883 0.99
304.47015457182 39.33398415329 0.0119 0.0142 0.527 "" "" 2061380243916371712 1722.75769 0.5548 0.0152 -3.886 -4.764 0.015 0.017 1.112 "" "" 13.926643 1.325057 14.498073 13.173016 "" "" 1675.21997 1776.56213 50616.19801 15.304 21686.0 26.057 42653.0 30.297 "" "" 0.0027748071708212727 0.003080092 0.0038572655 0.0069373576 304.47015457182 39.33398415329 1722.75769 -3.8859999999999997 -4.763999999999999 0.87
304.45998195561 39.35166521287 0.0123 0.0143 0.6849 "" "" 2061380690592977280 1710.55847 0.5556 0.0158 -3.948 -4.767 0.016 0.018 1.013 "" "" 14.230817 1.59328 14.919711 13.326431 "" "" 1669.70166 1761.26428 38248.99045 22.436 14707.0 32.591 37033.0 28.24 "" "" 0.0028279658574621768 0.0036842835 0.003869007 0.0075532906 304.45998195561 39.35166521287 1710.55847 -3.9480000000000004 -4.767000000000002 0.97
304.50233513369 39.34394795724 0.0151 0.018 1.8649 "" "" 2061380450074795392 1725.85754 0.5519 0.0198 -3.683 -5.048 0.02 0.023 1.225 "" "" 14.274502 1.453365 14.913737 13.460372 "" "" 1667.87585 1783.41577 36740.58789 10.938 14788.0 17.932 32735.0 19.545 "" "" 0.0027742150566154706 0.0030851907 0.003834575 0.006919766 304.50233513369 39.34394795724 1725.85754 -3.683 -5.048 0.98
304.48407903244 39.34635741057 0.0131 0.0156 1.0671 "" "" 2061380656233230848 1649.92139 0.578 0.0173 -3.851 -4.91 0.017 0.022 1.069 "" "" 14.432081 1.659226 15.189667 13.53044 "" "" 1602.04175 1697.63232 31777.09735 12.408 11470.0 16.708 30689.0 18.666 "" "" 0.002787744734588062 0.0032072382 0.0038366427 0.007043881 304.48407903244 39.34635741057 1649.92139 -3.851 -4.910000000000002 0.98
304.44758836623 39.31041912462 0.013 0.0149 1.9262 "" "" 2061380106477418880 1710.44263 0.5589 0.0165 -3.393 -5.478 0.016 0.019 0.98 "" "" 14.440092 1.300274 15.002185 13.701911 "" "" 1670.20569 1750.04175 31543.49396 15.019 13631.0 20.429 26206.0 36.783 "" "" 0.0028033970986454616 0.003229994 0.0040750643 0.0073050587 304.44758836623 39.31041912462 1710.44263 -3.3930000000000007 -5.478 0.99
304.52004856453 39.41072877812 0.0131 0.0149 4.995 "" "" 2061474733182122240 1718.36938 0.5494 0.0166 -3.711 -5.153 0.018 0.02 1.022 5672.9 3.3495 14.473973 1.819902 15.35972 13.539818 "" "" 1673.75696 1771.51807 30574.37672 21.303 9806.8 21.006 30425.0 59.458 "" "" 0.002857285026142298 0.0036322991 0.0043342533 0.007966552 304.52004856453 39.41072877812 1718.36938 -3.7109999999999994 -5.152999999999998 0.99
304.52924288739 39.38840304115 0.0135 0.0156 4.2315 "" "" 2061474423944472960 1638.92749 0.579 0.0171 -3.578 -5.265 0.018 0.021 0.976 "" "" 14.56491 0.982566 14.957492 13.974926 "" "" 1589.42603 1680.06934 28117.89308 5.9126 14204.0 15.325 20379.0 16.056 "" "" 0.0027647628621698386 0.0030261003 0.0038749797 0.00690108 304.52924288739 39.38840304115 1638.92749 -3.578 -5.265000000000001 0.99
304.42008482486 39.38984544358 0.0131 0.0151 3.5572 "" "" 2061381343428026496 1690.82458 0.5615 0.0168 -3.587 -5.265 0.017 0.019 0.922 9250.5 3.9548 14.608809 0.942779 14.989168 14.04639 "" "" 1639.90356 1743.77014 27003.67119 5.7525 13796.0 17.051 19081.0 15.681 "" "" 0.0027650108107624568 0.0030960862 0.0038832815 0.0069793677 304.42008482486 39.38984544358 1690.82458 -3.5869999999999997 -5.264999999999999 1.0
304.4152227748 39.29486295493 0.0152 0.0167 3.502 "" "" 2061378663368413440 1594.13867 0.5962 0.0187 -3.887 -5.087 0.019 0.021 0.991 5397.7 3.4672 14.738139 1.881669 15.66326 13.781591 -63.53 5.43 1548.76404 1637.276 23971.26922 22.606 7415.0 22.919 24351.0 54.48 "" "" 0.0029394145859371946 0.0043642987 0.0044926866 0.008856986 304.4152227748 39.29486295493 1594.13867 -3.887 -5.087 0.99
304.39936865042 39.34625457954 0.0175 0.0191 2.9461 "" "" 2061381205989069312 1200.52161 0.8066 0.0221 -3.746 -4.914 0.022 0.023 0.969 5371.7 4.1657 15.149797 1.364376 15.757116 14.39274 "" "" 1169.69995 1240.349 16406.9402 4.287 6801.0 16.576 13870.0 17.588 "" "" 0.0027698865876970087 0.003845478 0.0040223435 0.0078678215 304.39936865042 39.34625457954 1200.52161 -3.7460000000000004 -4.914 0.88
304.47658552309 39.32311197094 0.0171 0.0202 1.2287 "" "" 2061380037757937152 1627.24133 0.5921 0.0228 -3.285 -5.382 0.022 0.026 0.927 "" "" 15.173498 1.45797 15.802757 14.344788 "" "" 1567.63843 1684.17908 16052.67594 6.3587 6521.0 12.611 14496.0 16.324 "" "" 0.0027886833346106882 0.0034919675 0.003972229 0.0074641965 304.47658552309 39.32311197094 1627.24133 -3.285 -5.382 0.99
304.46853928876 39.33394586295 0.0183 0.0209 0.4808 "" "" 2061380243916372096 1569.83997 0.6088 0.0233 -3.715 -5.208 0.023 0.027 1.03 6718.1 3.8489 15.254198 1.898782 16.182379 14.283597 -18.44 7.71 1519.64539 1635.24023 14902.78139 7.5093 4596.9 13.391 15336.0 29.422 "" "" 0.0028091090531854944 0.004217627 0.004315382 0.008533008 304.46853928876 39.33394586295 1569.83997 -3.715 -5.207999999999998 0.99
304.50619286182 39.39872768445 0.0185 0.0207 4.046 "" "" 2061474698822384256 1603.11853 0.5961 0.0232 -3.626 -5.076 0.026 0.028 0.969 6577.4 3.8238 15.271203 1.704549 16.085257 14.380708 "" "" 1544.00439 1660.8678 14671.20081 9.8212 5027.1 16.107 14024.0 26.573 "" "" 0.002849569767901971 0.0044594454 0.0043030363 0.008762482 304.50619286182 39.39872768445 1603.11853 -3.6259999999999994 -5.075999999999998 0.99
304.49609267503 39.39020151547 0.0195 0.0232 3.3717 "" "" 2061380858078916608 1640.43372 0.5816 0.0249 -3.845 -5.154 0.027 0.031 1.019 6674.9 3.96 15.332822 1.85061 16.222576 14.371966 -25.42 9.9 1565.11987 1708.56934 13861.7486 9.778 4429.8 29.351 14137.0 58.33 "" "" 0.0028597814023448333 0.0077160182 0.00586109 0.013577108 304.49609267503 39.39020151547 1640.43372 -3.8450000000000024 -5.154000000000001 0.99
304.49781258891 39.38932085659 0.0209 0.0258 3.3632 "" "" 2061380862391666560 1545.1073 0.6218 0.0269 -3.594 -5.21 0.028 0.035 1.017 5241.2 3.5311 15.481833 1.981741 16.42927 14.447529 12.53 7.08 1486.50659 1622.95886 12084.07093 15.929 3661.9 28.098 13187.0 73.827 "" "" 0.0031048535307087823 0.008785748 0.007157611 0.01594336 304.49781258891 39.38932085659 1545.1073 -3.5940000000000003 -5.210000000000003 0.99
304.45719370948 39.30200745867 0.025 0.0288 2.3166 "" "" 2061380003398199424 1645.56189 0.5799 0.0318 -3.745 -5.168 0.031 0.036 0.934 5274.7 3.6088 15.989399 1.955415 16.954906 14.999492 "" "" 1564.38037 1759.09119 7571.59197 10.875 2256.6 14.538 7931.6 38.894 "" "" 0.003166009584423459 0.007530741 0.006529147 0.014059888 304.45719370948 39.30200745867 1645.56189 -3.745000000000001 -5.168000000000001 0.99
304.52933699349 39.36161969272 0.0348 0.0389 3.356 "" "" 2061380518794267776 1594.27075 0.6063 0.0437 -3.818 -5.197 0.046 0.052 0.978 6861.7 4.2124 16.635815 2.083939 17.701717 15.617779 "" "" 1485.47925 1729.36743 4174.6595 5.5948 1134.3 10.365 4487.9 17.45 "" "" 0.0031159358777580115 0.010306111 0.0056661796 0.01597229 304.52933699349 39.36161969272 1594.27075 -3.818000000000001 -5.197000000000001 0.97
304.43475014956 39.33028574791 0.035 0.0399 1.4199 "" "" 2061380273962393344 1507.31958 0.6326 0.0458 -3.551 -5.175 0.047 0.051 0.952 5000.4 4.1716 16.64958 2.124979 17.736393 15.611414 "" "" 1428.06799 1588.64673 4122.06631 7.5183 1098.7 17.31 4514.3 27.247 "" "" 0.0033931315157678826 0.017331816 0.0075649186 0.024896735 304.43475014956 39.33028574791 1507.31958 -3.551 -5.175 0.99
