Clusters/LP_2113/LP_2113_stars_in_region.tsv
# %ECSV 1.0
# ---
# datatype:
# - name: RA_ICRS_1
#   unit: deg
#   datatype: float64
#   format: '{:15.11f}'
#   description: Right ascension (ICRS) at Ep=2016.0 (ra)
#   meta: !!omap
#   - {ucd: POS_EQ_RA_MAIN}
#   - {width: 15}
#   - {precision: '11'}
# - name: DE_ICRS_1
#   unit: deg
#   datatype: float64
#   format: '{:15.11f}'
#   description: Declination (ICRS) at Ep=2016.0 (dec)
#   meta: !!omap
#   - {ucd: POS_EQ_DEC_MAIN}
#   - {width: 15}
#   - {precision: '11'}
# - name: e_RA_ICRS
#   unit: mas
#   datatype: float64
#   format: '{:7.4f}'
#   description: Standard error of right ascension (ra_error)
#   meta: !!omap
#   - {ucd: ERROR}
#   - {width: 7}
#   - {precision: '4'}
# - name: e_DE_ICRS
#   unit: mas
#   datatype: float64
#   format: '{:7.4f}'
#   description: Standard error of declination (dec_error)
#   meta: !!omap
#   - {ucd: ERROR}
#   - {width: 7}
#   - {precision: '4'}
# - name: _r_1
#   unit: ''
#   datatype: float64
#   format: '{:7.4f}'
#   description: Distance from center (274.70470704000-18.07789428000)[ICRS], at Epoch=J2016.0
#   meta: !!omap
#   - {ucd: POS_ANG_DIST_GENERAL}
#   - {width: 7}
#   - {precision: '4'}
# - name: HIP
#   datatype: int32
#   description: '? HIP cross-id number, van Leeuwen, Cat. I/311 (hip_original_ext_source_id)'
#   meta: !!omap
#   - {ucd: ID_NUMBER}
#   - {width: 6}
#   - values: {'null': -2147483648}
# - name: TYC2
#   datatype: string
#   description: Tycho-2 cross-id name, Hog et al., Cat. I/259 (tyc2_original_ext_source_id)
#   meta: !!omap
#   - {ucd: ID_CROSSID}
#   - {_votable_string_dtype: char}
# - name: Source
#   datatype: int64
#   description: Source identifier, identical to the Gaia-EDR3 source_id (id)
#   meta: !!omap
#   - {ucd: ID_MAIN}
#   - {width: 19}
# - name: rgeo
#   unit: pc
#   datatype: float64
#   format: '{:15.8f}'
#   description: '? Median of the geometric distance posterior (r_med_geo)'
#   meta: !!omap
#   - {ucd: PHYS_DISTANCE_TRUE}
#   - {width: 15}
#   - {precision: '8'}
#   - values: {'null': .nan}
# - name: Plx
#   unit: mas
#   datatype: float64
#   format: '{:9.4f}'
#   description: '? Parallax (parallax)'
#   meta: !!omap
#   - {ucd: POS_PARLX_TRIG}
#   - {width: 9}
#   - {precision: '4'}
#   - values: {'null': .nan}
# - name: e_Plx
#   unit: mas
#   datatype: float32
#   format: '{:7.4f}'
#   description: '? Standard error of parallax (parallax_error)'
#   meta: !!omap
#   - {ucd: ERROR}
#   - {width: 7}
#   - {precision: '4'}
#   - values: {'null': .nan}
# - name: pmRA
#   unit: mas / yr
#   datatype: float64
#   format: '{:9.3f}'
#   description: '? Proper motion in right ascension direction, pmRA*cosDE (pmra)'
#   meta: !!omap
#   - {ucd: POS_EQ_PMRA}
#   - {width: 9}
#   - {precision: '3'}
#   - values: {'null': .nan}
# - name: pmDE
#   unit: mas / yr
#   datatype: float64
#   format: '{:9.3f}'
#   description: '? Proper motion in declination direction (pmdec)'
#   meta: !!omap
#   - {ucd: POS_EQ_PMDEC}
#   - {width: 9}
#   - {precision: '3'}
#   - values: {'null': .nan}
# - name: e_pmRA
#   unit: mas / yr
#   datatype: float32
#   format: '{:6.3f}'
#   description: '? Standard error of proper motion in right ascension direction (pmra_error)'
#   meta: !!omap
#   - {ucd: ERROR}
#   - {width: 6}
#   - {precision: '3'}
#   - values: {'null': .nan}
# - name: e_pmDE
[...]
#         unit: &id001 !astropy.units.Unit {unit: deg}
#         value: !astropy.table.SerializedColumn {name: SkyCoord.dec}
#       distance: !astropy.table.SerializedColumn
#         __class__: astropy.coordinates.distances.Distance
#         unit: !astropy.units.Unit {unit: pc}
#         value: !astropy.table.SerializedColumn {name: SkyCoord.distance}
#       frame: icrs
#       obstime: !astropy.time.Time {format: jyear_str, in_subfmt: '*', jd1: 367701545.0, jd2: 0.0, out_subfmt: '*', precision: 3, scale: tt}
#       pm_dec: !astropy.table.SerializedColumn
#         __class__: astropy.units.quantity.Quantity
#         unit: !astropy.units.Unit {unit: mas / yr}
#         value: !astropy.table.SerializedColumn {name: SkyCoord.pm_dec}
#       pm_ra_cosdec: !astropy.table.SerializedColumn
#         __class__: astropy.units.quantity.Quantity
#         unit: !astropy.units.Unit {unit: mas / yr}
#         value: !astropy.table.SerializedColumn {name: SkyCoord.pm_ra_cosdec}
#       ra: !astropy.table.SerializedColumn
#         __class__: astropy.coordinates.angles.Longitude
#         unit: *id001
#         value: !astropy.table.SerializedColumn {name: SkyCoord.ra}
#         wrap_angle: !astropy.coordinates.Angle
#           unit: *id001
#           value: 360.0
#       representation_type: spherical
# schema: astropy-2.0
RA_ICRS_1 DE_ICRS_1 e_RA_ICRS e_DE_ICRS _r_1 HIP TYC2 Source rgeo Plx e_Plx pmRA pmDE e_pmRA e_pmDE RUWE Teff logg Gmag BP-RP BPmag RPmag RV e_RV b_rgeo B_rgeo FG e_FG FBP e_FBP FRP e_FRP RAVE5 RAVE6 e_Gmag e_BPmag e_RPmag e_BP-RP SkyCoord.ra SkyCoord.dec SkyCoord.distance SkyCoord.pm_ra_cosdec SkyCoord.pm_dec
[from data line 3532]
274.58059531977 -17.82691872951 0.0613 0.0613 16.6416 "" "" 4097185465083779840 1652.9812 0.6004 0.0748 -0.329 3.844 0.087 0.058 0.899 5027.1 4.3373 16.438433 1.485303 17.057878 15.572576 "" "" 1497.00281 1835.03955 5006.95479 4.1562 2052.4 10.714 4678.7 25.784 "" "" 0.0028989735484605443 0.006317351 0.0070770774 0.013394428 274.58059531977 -17.82691872951 1652.9812 -0.329 3.844
274.45166785691 -18.01816228766 0.0576 0.0514 14.8736 "" "" 4096408484009251584 1765.32812 0.5745 0.0724 -1.227 2.909 0.067 0.049 0.96 5316.6 4.6683 16.43906 1.237025 16.966984 15.729959 "" "" 1516.02722 2063.4375 5004.0599 3.5472 2231.6 11.001 4047.4 20.684 "" "" 0.0028607926761117673 0.0060359025 0.0067134635 0.012749366 274.45166785691 -18.01816228766 1765.32812 -1.2269999999999999 2.9089999999999994
274.77596820955 -18.32595297192 0.083 0.0669 15.4278 "" "" 4096384677103293696 1666.54688 0.6843 0.1054 -2.211 -2.948 0.072 0.056 1.104 4696.1 4.379 16.439396 1.370901 17.027071 15.65617 "" "" 1408.27637 1994.9436 5002.51554 3.9944 2111.5 21.338 4332.0 72.071 "" "" 0.002888488999619134 0.011321238 0.018454416 0.029775653 274.77596820955 -18.32595297192 1666.54688 -2.2109999999999994 -2.9479999999999995
274.87090853404 -17.81681338183 0.0656 0.0606 18.3136 "" "" 4096438690620517888 2349.73706 0.4301 0.0778 -0.882 -6.153 0.094 0.068 1.319 4839.0 4.3399 16.439901 1.867076 17.315952 15.448876 "" "" 1959.13831 2800.45581 5000.18247 4.4406 1618.2 9.2648 5243.3 23.328 "" "" 0.0029191653990957647 0.0068137185 0.006133351 0.0129470695 274.87090853404 -17.81681338183 2349.73706 -0.8819999999999999 -6.1530000000000005
275.01416787359 -18.04163800878 0.0539 0.051 17.7864 "" "" 4096414741852668416 2298.35181 0.4341 0.0617 0.075 -2.512 0.073 0.056 0.999 6015.6 4.4696 16.44102 1.285976 16.981932 15.695955 "" "" 2014.55652 2659.18555 4995.04353 3.5232 2201.1 14.054 4176.1 25.455 "" "" 0.0028597653477182494 0.007472845 0.0076211286 0.015093973 275.01416787359 -18.04163800878 2298.35181 0.075 -2.5120000000000005
274.75676827252 -18.02731770012 0.063 0.0587 4.2461 "" "" 4096428520135882752 2399.55176 0.44 0.0735 -1.212 -6.771 0.092 0.062 0.916 5049.0 4.3064 16.441212 1.548404 17.12199 15.573586 "" "" 2061.29224 2833.19775 4994.1547 4.1639 1934.7 10.957 4674.4 33.022 "" "" 0.0029002145527140793 0.0067523974 0.008550694 0.015303092 274.75676827252 -18.02731770012 2399.55176 -1.212 -6.771000000000001
274.40821180617 -18.16334797411 0.0543 0.0462 17.6677 "" "" 4096400104583535104 1843.28003 0.535 0.0637 0.34 -1.996 0.07 0.049 0.999 5542.5 4.6066 16.44211 1.290976 16.98943 15.698453 "" "" 1626.68176 2101.9519 4990.02623 4.2289 2186.0 13.464 4166.6 14.317 "" "" 0.002904897156379132 0.007245999 0.0053105666 0.012556566 274.40821180617 -18.16334797411 1843.28003 0.34 -1.996
274.50986258758 -18.01817457753 0.0621 0.0572 11.6787 "" "" 4096408316606077824 1835.32031 0.5441 0.0745 2.291 -1.711 0.076 0.056 1.169 "" "" 16.442312 1.449445 17.073664 15.624219 "" "" 1627.76636 2107.03394 4989.09182 3.7018 2022.8 28.739 4461.4 51.511 "" "" 0.002870674100454302 0.015675943 0.013093158 0.028769102 274.50986258758 -18.01817457753 1835.32031 2.291 -1.7109999999999999
274.69970875843 -17.93700397016 0.0597 0.0563 8.4582 "" "" 4096433051219242880 1755.44983 0.5635 0.0666 -3.317 -0.053 0.089 0.06 1.044 4664.7 4.3864 16.44251 1.194776 16.966742 15.771965 "" "" 1564.97778 1946.00854 4988.18742 3.4158 2232.1 10.757 3893.8 16.61 "" "" 0.0028538682320841057 0.0059298538 0.0059778243 0.011907678 274.69970875843 -17.93700397016 1755.44983 -3.3169999999999997 -0.052999999999999985
274.71051434438 -17.92287740075 0.0626 0.0603 9.3069 "" "" 4096433467938464768 2025.55847 0.5062 0.071 -0.504 -2.74 0.094 0.065 1.05 6020.7 4.5733 16.44324 1.477388 16.9219 15.444511 "" "" 1783.49646 2307.30688 4984.83872 5.26 2326.3 90.473 5264.5 195.92 "" "" 0.0029840150028385246 0.042317852 0.040582374 0.082900226 274.71051434438 -17.92287740075 2025.55847 -0.5040000000000001 -2.74
274.46394018025 -18.04762379051 0.0584 0.0525 13.8536 "" "" 4096407835569932544 1842.89832 0.5361 0.0727 0.451 -2.302 0.075 0.056 1.0 5494.6 4.663 16.443869 1.19742 16.962961 15.765541 "" "" 1640.5415 2167.00854 4981.94804 3.3581 2239.9 12.778 3916.9 15.921 "" "" 0.0028508569799407272 0.0067932648 0.0058103297 0.012603594 274.46394018025 -18.04762379051 1842.89832 0.451 -2.302
274.4731256566 -18.19886124683 0.054 0.0445 15.0677 "" "" 4096397145295212928 2035.60168 0.4813 0.0618 17.306 -6.092 0.066 0.047 0.99 5725.8 4.5586 16.44423 1.498459 17.046547 15.548088 "" "" 1846.95471 2281.65405 4980.2972 4.3417 2073.9 19.398 4785.5 112.46 "" "" 0.0029133632807155354 0.010531643 0.02579336 0.036325004 274.4731256566 -18.19886124683 2035.60168 17.306 -6.0920000000000005
274.43746373116 -18.08364716494 0.0618 0.0557 15.2467 "" "" 4096407595007421440 1894.26807 0.543 0.0791 0.89 -0.466 0.076 0.057 0.945 5884.9 4.5992 16.444254 1.669757 17.013023 15.343267 "" "" 1649.38257 2250.32959 4980.1779 5.0014 2139.0 14.326 5779.0 135.33 "" "" 0.002963221283947594 0.0077886637 0.025704639 0.033493303 274.43746373116 -18.08364716494 1894.26807 0.89 -0.46599999999999997
274.51728479651 -18.33972497733 0.0561 0.047 18.9976 "" "" 4096381133656801792 2337.01953 0.4225 0.0636 -0.485 -3.875 0.069 0.052 0.952 5886.9 4.6587 16.444452 1.21566 16.966413 15.750753 "" "" 2053.60669 2864.66309 4979.27422 3.5517 2232.8 11.774 3970.6 16.67 "" "" 0.002862091093802323 0.0063689984 0.00592131 0.012290308 274.51728479651 -18.33972497733 2337.01953 -0.4849999999999999 -3.875
274.86430416429 -18.04430440925 0.0655 0.0627 9.3244 "" "" 4096416219313312896 1807.96545 0.5772 0.0754 1.478 -1.727 0.092 0.063 0.951 5348.4 4.6204 16.446692 1.171371 16.949532 15.778161 "" "" 1584.50964 2116.21899 4969.01051 4.1208 2267.8 18.953 3871.6 17.62 "" "" 0.002898708537985334 0.009493263 0.006220933 0.015714196 274.86430416429 -18.04430440925 1807.96545 1.4780000000000002 -1.727
274.95050223164 -18.23843429024 0.0593 0.056 17.0046 "" "" 4096340211211466496 2247.54688 0.46 0.0652 1.478 -3.134 0.075 0.057 0.977 5297.3 4.6275 16.446835 1.234808 16.988749 15.753941 "" "" 1955.5813 2558.63672 4968.35488 4.8108 2187.3 9.9225 3959.0 17.198 "" "" 0.002949073232176049 0.0056607523 0.006043905 0.011704657 274.95050223164 -18.23843429024 2247.54688 1.478 -3.1340000000000003
274.42072763741 -17.97922953953 0.0642 0.0584 17.2498 "" "" 4097159386040798336 2204.18164 0.445 0.077 -0.895 -2.254 0.078 0.056 1.027 6105.0 4.4556 16.447243 1.560367 17.126429 15.566062 "" "" 1872.59412 2586.20093 4966.4889 4.5096 1926.8 12.533 4706.9 39.644 "" "" 0.00292637979469431 0.0075934404 0.009894859 0.017488299 274.42072763741 -17.97922953953 2204.18164 -0.8949999999999999 -2.254
274.7446884104 -17.99797879852 0.0583 0.0548 5.3098 "" "" 4096428898093097856 1752.84485 0.5639 0.0668 -1.582 2.421 0.089 0.06 0.98 5335.4 4.5919 16.447376 1.315511 17.01855 15.70304 "" "" 1578.48901 2006.5459 4965.87807 3.7663 2128.1 7.6746 4149.0 20.695 "" "" 0.0028757395262044177 0.004807935 0.0066039693 0.011411904 274.7446884104 -17.99797879852 1752.84485 -1.5820000000000003 2.421
274.67245185739 -17.75777300634 0.055 0.0554 19.2953 "" "" 4097187595387536896 2351.70117 0.4433 0.07 -1.461 0.678 0.072 0.051 1.019 5106.3 4.3952 16.448057 1.465506 17.126562 15.661057 "" "" 1999.30249 2912.42798 4962.76411 3.1354 1926.6 9.8663 4312.6 8.6309 "" "" 0.002839422362172229 0.006220964 0.0043595014 0.010580465 274.67245185739 -17.75777300634 2351.70117 -1.4609999999999999 0.678
274.41122436222 -18.23254613567 0.056 0.0475 19.133 "" "" 4096395397343396736 2027.62451 0.4908 0.0614 -0.402 -6.672 0.074 0.054 0.968 4959.4 4.333 16.448061 1.317708 17.028856 15.711148 "" "" 1808.41565 2302.91797 4962.74876 3.6317 2108.0 8.0273 4118.1 14.681 "" "" 0.002867589965479637 0.0049879006 0.005409769 0.010397669 274.41122436222 -18.23254613567 2027.62451 -0.4020000000000001 -6.672
274.62503226272 -18.1959480355 0.0587 0.0515 8.4149 "" "" 4096390449540033024 2113.57788 0.4824 0.0706 0.851 1.312 0.085 0.058 1.07 5357.5 4.6643 16.448147 1.2609 16.886803 15.625903 "" "" 1799.83289 2511.30933 4962.35705 5.3542 2402.7 29.081 4454.5 136.11 "" "" 0.002994015628080454 0.013434115 0.033389922 0.046824038 274.62503226272 -18.1959480355 2113.57788 0.8510000000000001 1.312
274.469886431 -18.18735185662 0.0539 0.0446 14.9135 "" "" 4096397214014724608 2273.46094 0.4486 0.0621 0.307 -1.535 0.066 0.047 1.031 5604.2 4.6569 16.448345 1.256564 17.005154 15.748589 "" "" 1952.81982 2668.19995 4961.45305 3.2984 2154.5 10.527 3978.5 7.9407 "" "" 0.0028482958183209416 0.0059939716 0.004356572 0.010350544 274.469886431 -18.18735185662 2273.46094 0.30700000000000005 -1.5350000000000001
275.01483899609 -18.07581762186 0.0577 0.0561 17.6899 "" "" 4096413534894337408 1727.25586 0.5758 0.0712 1.34 -1.901 0.072 0.055 1.03 5253.8 4.6334 16.448452 1.240191 16.95126 15.711068 "" "" 1554.32788 2001.99048 4960.96531 3.6123 2264.2 15.138 4118.4 21.6 "" "" 0.0028664952301501695 0.0077767875 0.006834483 0.01461127 275.01483899609 -18.07581762186 1727.25586 1.3399999999999999 -1.9009999999999998
274.7877537576 -18.24896865935 0.0765 0.0706 11.3038 "" "" 4096386326370906368 2122.94238 0.5141 0.0891 -1.574 -3.97 0.09 0.072 1.443 5666.3 4.5587 16.448898 1.377933 17.023016 15.645083 "" "" 1809.40125 2790.70996 4958.925 6.5029 2119.4 9.6596 4376.5 18.913 "" "" 0.0031014428685769897 0.005680877 0.0060248296 0.011705706 274.7877537576 -18.24896865935 2122.94238 -1.5740000000000003 -3.97
274.751470398 -17.81738048339 0.057 0.0515 15.8571 "" "" 4096435976199453440 2215.40015 0.4361 0.0656 1.541 -0.137 0.078 0.056 1.096 6011.5 4.471 16.448915 1.294262 17.009766 15.715504 "" "" 1925.99377 2622.93384 4958.84863 3.8609 2145.4 9.1457 4101.6 11.213 "" "" 0.002882081032904169 0.005404382 0.004805614 0.010209996 274.751470398 -17.81738048339 2215.40015 1.5410000000000001 -0.137
274.41401378251 -17.87653706486 0.0615 0.0574 20.523 "" "" 4097165192836818432 2395.03882 0.4047 0.0723 0.608 -0.287 0.074 0.056 1.119 5660.1 4.6013 16.449331 1.333516 17.029097 15.695581 "" "" 2064.59888 2947.8562 4956.94706 3.5009 2107.6 9.1388 4177.6 15.283 "" "" 0.002860033618369264 0.005472583 0.0054827253 0.010955309 274.41401378251 -17.87653706486 2395.03882 0.6080000000000001 -0.28700000000000003
274.78553071735 -18.16330809288 0.0586 0.0574 6.8925 "" "" 4096391652080996608 1928.19116 0.5425 0.0782 -0.729 -2.811 0.073 0.057 1.096 5328.7 4.7016 16.449759 1.199499 16.974167 15.774668 "" "" 1678.62476 2239.13354 4954.99737 3.1566 2216.9 15.673 3884.1 15.564 "" "" 0.00284080975025876 0.0081672985 0.0057629826 0.013930282 274.78553071735 -18.16330809288 1928.19116 -0.7290000000000001 -2.811
274.76844571902 -18.21385305774 0.054 0.0488 8.9304 "" "" 4096388078667450496 2367.94751 0.4356 0.062 1.242 -7.14 0.063 0.05 0.989 4992.3 4.3851 16.44993 1.35282 17.047617 15.694797 "" "" 1991.86096 2713.45264 4954.21353 3.238 2071.9 14.509 4180.6 19.009 "" "" 0.002845233075266075 0.008098938 0.0062173675 0.0143163055 274.76844571902 -18.21385305774 2367.94751 1.242 -7.14
274.60195469394 -18.30125167751 0.1445 0.1183 14.6255 "" "" 4096382924756127232 1951.91101 0.5777 0.1593 -2.858 -5.058 0.18 0.126 1.172 "" "" 16.450249 4.07952 18.904408 14.824887 "" "" 1513.51721 2751.31812 4952.75779 44.69 374.67 47.49 9315.4 71.494 "" "" 0.010176960993906673 0.13764702 0.009149849 0.14679687 274.60195469394 -18.30125167751 1951.91101 -2.858 -5.058000000000001
274.90321602729 -17.84830448024 0.0558 0.0544 17.8362 "" "" 4096437659828306560 1690.32874 0.5788 0.0658 -0.732 -6.028 0.076 0.057 0.961 4939.4 4.3139 16.451235 1.561691 17.185455 15.623764 "" "" 1515.89258 1897.35864 4948.26679 3.2925 1824.9 13.053 4463.3 15.106 "" "" 0.00284845527316898 0.008251987 0.005271327 0.013523314 274.90321602729 -17.84830448024 1690.32874 -0.732 -6.0280000000000005
274.56786754296 -18.19150932103 0.0543 0.0465 10.361 "" "" 4096402166212427008 2069.12866 0.524 0.0679 1.01 0.064 0.069 0.047 0.978 5439.0 4.6939 16.451817 1.200625 16.967234 15.766608 "" "" 1801.89136 2362.12622 4945.61308 3.322 2231.1 10.661 3913.0 13.679 "" "" 0.002850203849445313 0.0058907378 0.005356261 0.011246999 274.56786754296 -18.19150932103 2069.12866 1.01 0.064
274.64763306822 -18.3343823207 0.0581 0.0489 15.7293 "" "" 4096379866739277184 2137.65283 0.4555 0.0646 -1.748 -8.271 0.067 0.056 1.053 "" "" 16.452246 1.349719 17.03612 15.6864 "" "" 1792.13696 2612.66577 4943.6607 3.72 2094.0 16.413 4213.1 22.297 "" "" 0.0028738941766697835 0.008955846 0.006877554 0.0158334 274.64763306822 -18.3343823207 2137.65283 -1.7479999999999998 -8.271
274.52950026548 -17.81284099797 0.096 0.0963 18.7865 "" "" 4097186461516273536 1643.85486 0.624 0.116 -1.757 -2.542 0.127 0.09 1.505 4802.6 3.4892 16.452549 2.956173 18.117077 15.160904 "" "" 1385.27466 1930.08423 4942.27539 6.5024 773.72 4.854 6835.9 21.179 "" "" 0.003103597130446779 0.007360778 0.0050595533 0.012420331 274.52950026548 -17.81284099797 1643.85486 -1.7569999999999997 -2.542
275.00941877743 -18.0011343426 0.0541 0.0527 17.9837 "" "" 4096415154195552000 1949.9082 0.4976 0.0674 0.947 -0.471 0.071 0.053 1.016 8975.6 4.2538 16.453865 1.750525 17.272226 15.521702 "" "" 1726.59021 2198.27026 4936.28682 3.1894 1684.7 9.1624 4903.2 12.427 "" "" 0.0028432206148151337 0.006530899 0.004675032 0.011205931 275.00941877743 -18.0011343426 1949.9082 0.9469999999999998 -0.47100000000000003
274.49262655311 -17.92134750499 0.0593 0.0616 15.3194 "" "" 4097161202796371456 2188.47559 0.4546 0.0827 -0.613 -3.96 0.075 0.054 1.08 7442.4 4.3159 16.455458 1.676663 17.255 15.578336 "" "" 1940.38293 2563.78857 4929.05863 3.2133 1711.7 10.605 4654.0 15.871 "" "" 0.0028447798908703813 0.0072824885 0.0052908114 0.0125733 274.49262655311 -17.92134750499 2188.47559 -0.6129999999999999 -3.9600000000000004
274.94349857329 -18.0237226348 0.0534 0.0499 14.0047 "" "" 4096417623696294784 2337.74951 0.4303 0.0632 -1.077 -2.383 0.071 0.051 0.983 "" "" 16.45548 1.570683 16.9267 15.356017 "" "" 2021.7926 2734.21606 4928.94857 7.3008 2316.0 96.932 5711.5 128.3 "" "" 0.003190313701631586 0.045527108 0.024680473 0.07020758 274.94349857329 -18.0237226348 2337.74951 -1.0769999999999997 -2.3830000000000005
274.98739813883 -18.20027839535 0.0652 0.0608 17.7124 "" "" 4096363850711783808 2212.78394 0.4661 0.0736 -4.207 -6.942 0.089 0.065 1.087 6041.7 4.4882 16.455889 1.55475 17.009424 15.454675 "" "" 1899.68274 2519.5127 4927.09681 5.6459 2146.1 27.327 5215.4 97.606 "" "" 0.003023185946320324 0.014103782 0.020667998 0.03477178 274.98739813883 -18.20027839535 2212.78394 -4.207 -6.942000000000002
274.45949635909 -17.96195379756 0.0645 0.0632 15.6249 "" "" 4097159347370353024 1787.5968 0.5579 0.0799 3.212 -4.245 0.067 0.052 0.991 5255.5 4.6603 16.456207 1.420518 17.106138 15.68562 "" "" 1561.64514 2145.85327 4925.65627 3.6419 1963.2 7.2825 4216.1 14.016 "" "" 0.002869881606495827 0.004899608 0.005226054 0.010125662 274.45949635909 -17.96195379756 1787.5968 3.2119999999999997 -4.245
274.40981563394 -18.0586755963 0.0614 0.0563 16.8605 "" "" 4096407938649054976 1788.70935 0.57 0.0808 -1.059 -9.002 0.07 0.051 1.035 5304.7 4.6636 16.456585 1.395145 17.052044 15.656899 "" "" 1562.42981 2050.50732 4923.93948 3.3201 2063.5 11.385 4329.1 14.135 "" "" 0.0028509193231885128 0.0066082864 0.005181806 0.011790093 274.40981563394 -18.0586755963 1788.70935 -1.0589999999999997 -9.001999999999999
