Clusters/LP_2113/LP_2113_stars_in_region.tsv
# %ECSV 1.0
# ---
# datatype:
# - name: RA_ICRS_1
#   unit: deg
#   datatype: float64
#   format: '{:15.11f}'
#   description: Right ascension (ICRS) at Ep=2016.0 (ra)
#   meta: !!omap
#   - {ucd: POS_EQ_RA_MAIN}
#   - {width: 15}
#   - {precision: '11'}
# - name: DE_ICRS_1
#   unit: deg
#   datatype: float64
#   format: '{:15.11f}'
#   description: Declination (ICRS) at Ep=2016.0 (dec)
#   meta: !!omap
#   - {ucd: POS_EQ_DEC_MAIN}
#   - {width: 15}
#   - {precision: '11'}
# - name: e_RA_ICRS
#   unit: mas
#   datatype: float64
#   format: '{:7.4f}'
#   description: Standard error of right ascension (ra_error)
#   meta: !!omap
#   - {ucd: ERROR}
#   - {width: 7}
#   - {precision: '4'}
# - name: e_DE_ICRS
#   unit: mas
#   datatype: float64
#   format: '{:7.4f}'
#   description: Standard error of declination (dec_error)
#   meta: !!omap
#   - {ucd: ERROR}
#   - {width: 7}
#   - {precision: '4'}
# - name: _r_1
#   unit: ''
#   datatype: float64
#   format: '{:7.4f}'
#   description: Distance from center (274.70470704000-18.07789428000)[ICRS], at Epoch=J2016.0
#   meta: !!omap
#   - {ucd: POS_ANG_DIST_GENERAL}
#   - {width: 7}
#   - {precision: '4'}
# - name: HIP
#   datatype: int32
#   description: '? HIP cross-id number, van Leeuwen, Cat. I/311 (hip_original_ext_source_id)'
#   meta: !!omap
#   - {ucd: ID_NUMBER}
#   - {width: 6}
#   - values: {'null': -2147483648}
# - name: TYC2
#   datatype: string
#   description: Tycho-2 cross-id name, Hog et al., Cat. I/259 (tyc2_original_ext_source_id)
#   meta: !!omap
#   - {ucd: ID_CROSSID}
#   - {_votable_string_dtype: char}
# - name: Source
#   datatype: int64
#   description: Source identifier, identical to the Gaia-EDR3 source_id (id)
#   meta: !!omap
#   - {ucd: ID_MAIN}
#   - {width: 19}
# - name: rgeo
#   unit: pc
#   datatype: float64
#   format: '{:15.8f}'
#   description: '? Median of the geometric distance posterior (r_med_geo)'
#   meta: !!omap
#   - {ucd: PHYS_DISTANCE_TRUE}
#   - {width: 15}
#   - {precision: '8'}
#   - values: {'null': .nan}
# - name: Plx
#   unit: mas
#   datatype: float64
#   format: '{:9.4f}'
#   description: '? Parallax (parallax)'
#   meta: !!omap
#   - {ucd: POS_PARLX_TRIG}
#   - {width: 9}
#   - {precision: '4'}
#   - values: {'null': .nan}
# - name: e_Plx
#   unit: mas
#   datatype: float32
#   format: '{:7.4f}'
#   description: '? Standard error of parallax (parallax_error)'
#   meta: !!omap
#   - {ucd: ERROR}
#   - {width: 7}
#   - {precision: '4'}
#   - values: {'null': .nan}
# - name: pmRA
#   unit: mas / yr
#   datatype: float64
#   format: '{:9.3f}'
#   description: '? Proper motion in right ascension direction, pmRA*cosDE (pmra)'
#   meta: !!omap
#   - {ucd: POS_EQ_PMRA}
#   - {width: 9}
#   - {precision: '3'}
#   - values: {'null': .nan}
# - name: pmDE
#   unit: mas / yr
#   datatype: float64
#   format: '{:9.3f}'
#   description: '? Proper motion in declination direction (pmdec)'
#   meta: !!omap
#   - {ucd: POS_EQ_PMDEC}
#   - {width: 9}
#   - {precision: '3'}
#   - values: {'null': .nan}
# - name: e_pmRA
#   unit: mas / yr
#   datatype: float32
#   format: '{:6.3f}'
#   description: '? Standard error of proper motion in right ascension direction (pmra_error)'
#   meta: !!omap
#   - {ucd: ERROR}
#   - {width: 6}
#   - {precision: '3'}
#   - values: {'null': .nan}
# - name: e_pmDE
[...]
#         unit: &id001 !astropy.units.Unit {unit: deg}
#         value: !astropy.table.SerializedColumn {name: SkyCoord.dec}
#       distance: !astropy.table.SerializedColumn
#         __class__: astropy.coordinates.distances.Distance
#         unit: !astropy.units.Unit {unit: pc}
#         value: !astropy.table.SerializedColumn {name: SkyCoord.distance}
#       frame: icrs
#       obstime: !astropy.time.Time {format: jyear_str, in_subfmt: '*', jd1: 367701545.0, jd2: 0.0, out_subfmt: '*', precision: 3, scale: tt}
#       pm_dec: !astropy.table.SerializedColumn
#         __class__: astropy.units.quantity.Quantity
#         unit: !astropy.units.Unit {unit: mas / yr}
#         value: !astropy.table.SerializedColumn {name: SkyCoord.pm_dec}
#       pm_ra_cosdec: !astropy.table.SerializedColumn
#         __class__: astropy.units.quantity.Quantity
#         unit: !astropy.units.Unit {unit: mas / yr}
#         value: !astropy.table.SerializedColumn {name: SkyCoord.pm_ra_cosdec}
#       ra: !astropy.table.SerializedColumn
#         __class__: astropy.coordinates.angles.Longitude
#         unit: *id001
#         value: !astropy.table.SerializedColumn {name: SkyCoord.ra}
#         wrap_angle: !astropy.coordinates.Angle
#           unit: *id001
#           value: 360.0
#       representation_type: spherical
# schema: astropy-2.0
RA_ICRS_1 DE_ICRS_1 e_RA_ICRS e_DE_ICRS _r_1 HIP TYC2 Source rgeo Plx e_Plx pmRA pmDE e_pmRA e_pmDE RUWE Teff logg Gmag BP-RP BPmag RPmag RV e_RV b_rgeo B_rgeo FG e_FG FBP e_FBP FRP e_FRP RAVE5 RAVE6 e_Gmag e_BPmag e_RPmag e_BP-RP SkyCoord.ra SkyCoord.dec SkyCoord.distance SkyCoord.pm_ra_cosdec SkyCoord.pm_dec
[from data line 1935]
274.78922299134 -18.40846003682 0.035 0.0313 20.4103 "" "" 4096330590489012096 2210.79932 0.4165 0.042 2.715 -4.78 0.04 0.031 0.95 5604.5 4.1941 15.625282 1.150012 16.067446 14.917434 "" "" 1981.90491 2394.08423 10588.48732 5.0598 5110.2 25.227 8554.3 52.129 "" "" 0.0028037425558299525 0.006042595 0.0076197097 0.013662305 274.78922299134 -18.40846003682 2210.79932 2.7149999999999994 -4.78
274.59762831221 -18.18688676254 0.0364 0.0311 8.9468 "" "" 4096390483899866880 1862.60657 0.5115 0.0428 0.096 2.457 0.048 0.033 0.992 "" "" 15.62556 1.657025 16.378372 14.721347 "" "" 1732.1925 1992.16028 10585.77909 4.5579 3837.7 18.837 10248.0 28.604 "" "" 0.0027946967967057645 0.006015464 0.0048443326 0.010859797 274.59762831221 -18.18688676254 1862.60657 0.096 2.4569999999999994
274.58731375514 -17.91146443005 0.0408 0.0378 12.0247 "" "" 4096410786108888576 2096.65527 0.4386 0.0499 -0.031 -4.085 0.055 0.044 1.166 7680.3 3.4549 15.626226 2.743975 17.1351 14.391125 3.14 6.67 1916.75806 2308.55884 10579.28502 6.2923 1911.5 18.73 13890.0 24.142 "" "" 0.0028299836505966897 0.010998481 0.00422432 0.015222801 274.58731375514 -17.91146443005 2096.65527 -0.031 -4.084999999999999
274.51309564047 -18.02592956754 0.0334 0.0293 11.3667 "" "" 4096407521936570624 1733.05017 0.5465 0.0364 0.688 -1.411 0.045 0.035 0.974 6090.1 4.2314 15.626504 1.09166 16.075705 14.984045 "" "" 1620.31982 1879.10254 10576.57394 4.2598 5071.5 23.916 8045.3 24.037 "" "" 0.0027898048326318366 0.0058309715 0.004980599 0.010811571 274.51309564047 -18.02592956754 1733.05017 0.688 -1.411
274.91619821649 -18.10894392615 0.2691 0.241 12.205 "" "" 4096412611574280832 1891.42615 0.7829 0.2824 -2.035 -1.395 0.339 0.252 5.845 "" "" 15.627394 1.276203 15.613724 14.337521 "" "" 1208.39209 3407.07495 10567.9153 45.007 7761.2 189.66 14593.0 328.06 "" "" 0.005382647186263183 0.02667838 0.024698917 0.051377296 274.91619821649 -18.10894392615 1891.42615 -2.035 -1.3949999999999998
274.38379837891 -18.22332416759 0.034 0.0292 20.2706 "" "" 4096395431703195136 2071.67969 0.4458 0.0374 0.977 -1.089 0.044 0.033 0.998 5991.0 4.165 15.629449 1.094731 16.082054 14.987323 "" "" 1936.92554 2235.43311 10547.92445 4.2452 5041.9 17.853 8021.0 17.967 "" "" 0.0027897554633612215 0.0047502974 0.004494281 0.009244578 274.38379837891 -18.22332416759 2071.67969 0.9769999999999999 -1.089
274.65991461123 -17.81659650929 0.0343 0.0316 15.885 "" "" 4096436521553394560 2236.41602 0.4191 0.0382 -2.156 -3.632 0.042 0.033 0.996 6707.3 4.1052 15.631802 1.423629 16.271776 14.848147 "" "" 2073.70776 2455.69556 10525.09722 4.5772 4233.6 14.788 9118.0 15.576 "" "" 0.002795484502008965 0.0047082896 0.0042099585 0.008918248 274.65991461123 -17.81659650929 2236.41602 -2.1559999999999997 -3.6319999999999997
274.46635320509 -18.26004991774 0.0342 0.0298 17.4381 "" "" 4096395775300378880 2254.60156 0.4146 0.0374 -1.265 -0.277 0.042 0.033 1.101 5031.8 3.7397 15.631812 1.552841 16.3568 14.803959 "" "" 2070.46191 2429.34253 10524.99646 3.9943 3914.7 10.847 9496.7 15.751 "" "" 0.0027859592964330987 0.00410311 0.0041864687 0.008289579 274.46635320509 -18.26004991774 2254.60156 -1.265 -0.27699999999999997
274.42471853974 -17.99116293016 0.0376 0.0333 16.8002 "" "" 4097159179882328448 1764.24573 0.5375 0.0467 2.959 -4.256 0.045 0.035 1.093 6171.3 4.1939 15.632221 1.31805 16.137909 14.819859 "" "" 1632.25757 1985.6051 10521.02957 5.8448 4789.1 28.385 9358.7 35.655 "" "" 0.002820566734713373 0.007014009 0.00560304 0.01261705 274.42471853974 -17.99116293016 1764.24573 2.959 -4.256
274.9804203563 -18.07965899895 0.04 0.036 15.7264 "" "" 4096413470533084800 2142.94751 0.4328 0.0434 -2.07 -3.45 0.054 0.04 0.988 5920.7 4.1245 15.633841 1.398262 15.943335 14.545073 "" "" 1942.91113 2376.10962 10505.34963 20.268 5729.1 118.18 12054.0 251.91 "" "" 0.0034611579906225543 0.02256972 0.023002815 0.045572534 274.9804203563 -18.07965899895 2142.94751 -2.0700000000000003 -3.45
274.4148340735 -18.23924848938 0.0371 0.033 19.1531 "" "" 4096395186790006016 1797.59265 0.5261 0.046 -3.701 -4.141 0.043 0.036 1.06 "" "" 15.634736 1.134193 16.114666 14.980473 "" "" 1657.15979 1956.24316 10496.69086 5.2737 4892.7 13.397 8071.8 18.567 "" "" 0.0028087985880528655 0.0040771686 0.0045300056 0.008607174 274.4148340735 -18.23924848938 1797.59265 -3.700999999999999 -4.141
274.75218987758 -18.38781159197 0.0346 0.0309 18.7909 "" "" 4096331625658224640 2198.21729 0.4297 0.042 1.477 -0.825 0.04 0.032 0.947 7143.4 4.3394 15.635043 1.077312 16.090134 15.012821 "" "" 2007.54553 2420.95898 10493.72236 4.0966 5004.5 15.299 7834.8 25.048 "" "" 0.0027877308491367973 0.0043361033 0.0051315096 0.009467613 274.75218987758 -18.38781159197 2198.21729 1.4770000000000003 -0.825
274.75309350918 -18.18397808185 0.0431 0.0389 6.9373 "" "" 4096391205454000000 2192.24927 0.4344 0.0465 0.098 -3.102 0.056 0.043 1.152 5910.0 4.1403 15.635803 1.204068 16.151703 14.947635 "" "" 1987.94995 2405.96167 10486.37414 4.6436 4728.6 20.584 8319.6 17.582 "" "" 0.0027969530975191395 0.005488441 0.0044213696 0.0099098105 274.75309350918 -18.18397808185 2192.24927 0.098 -3.102
274.79591696479 -18.3607000623 0.0415 0.0408 17.7467 "" "" 4096337634230060160 1839.00891 0.5144 0.0554 0.562 -2.203 0.049 0.034 1.032 6073.4 4.3555 15.635907 1.246803 16.130007 14.883204 "" "" 1687.72046 2026.95093 10485.37077 8.9363 4824.1 25.524 8828.3 61.778 "" "" 0.00290654973498782 0.006386315 0.008485781 0.0148720965 274.79591696479 -18.3607000623 1839.00891 0.5619999999999998 -2.203
274.78620949917 -18.33139994131 0.0338 0.0303 15.9039 "" "" 4096337737309544320 1751.97791 0.5461 0.0409 -0.806 -0.771 0.04 0.032 1.028 6006.0 4.3877 15.6362 1.048794 16.03633 14.987535 "" "" 1626.91272 1859.9519 10482.54432 4.4847 5258.8 35.338 8019.4 36.006 "" "" 0.002794200227985072 0.007811235 0.006168262 0.013979496 274.78620949917 -18.33139994131 1751.97791 -0.8060000000000002 -0.7709999999999999
274.55024406031 -18.05816052455 0.0321 0.0281 8.89 "" "" 4096407182734559616 1692.69788 0.5642 0.0365 0.744 -0.704 0.042 0.034 0.948 6045.6 4.293 15.637503 1.040209 16.072401 15.032192 "" "" 1603.24329 1819.63171 10469.9715 3.971 5086.9 17.823 7696.3 16.615 "" "" 0.0027859222268687813 0.0047176504 0.004447211 0.009164861 274.55024406031 -18.05816052455 1692.69788 0.7440000000000001 -0.704
274.82572444966 -18.1589700146 0.0361 0.0336 8.4432 "" "" 4096388761515469312 1610.79297 0.5878 0.0441 -1.328 -4.298 0.044 0.035 0.908 5610.0 4.315 15.639907 1.058749 16.074095 15.015346 "" "" 1500.0968 1749.56226 10446.82151 4.9198 5079.0 11.493 7816.6 24.092 "" "" 0.002802361731763368 0.0037176854 0.005047989 0.008765674 274.82572444966 -18.1589700146 1610.79297 -1.3280000000000003 -4.297999999999999
274.49706877876 -18.19337973951 0.0354 0.0289 13.718 "" "" 4096397184049718016 2409.14722 0.383 0.0376 -0.231 -2.887 0.044 0.032 0.939 7489.5 4.1924 15.640817 1.213569 16.126188 14.91262 "" "" 2184.07227 2630.86548 10438.07056 4.5777 4841.1 11.703 8592.3 24.283 "" "" 0.0027961609692231794 0.0038306694 0.0048681656 0.008698835 274.49706877876 -18.19337973951 2409.14722 -0.23099999999999998 -2.887
274.51502159908 -18.08997759423 0.0337 0.0294 10.8432 "" "" 4096406667338484352 1859.4845 0.5039 0.0414 3.878 2.607 0.044 0.033 1.027 5585.9 3.9816 15.64125 1.516909 16.336187 14.819279 "" "" 1744.69849 2027.08252 10433.90195 5.0466 3989.7 13.313 9363.7 19.088 "" "" 0.0028049176598115475 0.004572819 0.0043797665 0.008952586 274.51502159908 -18.08997759423 1859.4845 3.8780000000000006 2.6070000000000007
274.47909668146 -18.32199388147 0.05 0.0426 19.4902 "" "" 4096382164448979328 1756.25415 0.5286 0.058 -0.602 -2.691 0.071 0.052 1.29 5732.8 4.4754 15.641445 1.105658 16.059206 14.953548 "" "" 1608.34302 1993.96155 10432.03074 7.9576 5149.1 43.574 8274.4 68.384 "" "" 0.002877101325866873 0.009602301 0.009736538 0.019338839 274.47909668146 -18.32199388147 1756.25415 -0.602 -2.6909999999999994
274.68396604675 -18.2160496103 0.0364 0.0319 8.3732 "" "" 4096389723587980416 1891.80957 0.4904 0.0397 2.871 -3.749 0.048 0.037 0.935 5941.5 4.2079 15.643681 1.162705 16.125732 14.963027 "" "" 1754.73157 2041.47058 10410.57081 4.1467 4843.1 16.942 8202.5 31.166 "" "" 0.002789052991622674 0.004712807 0.0055948286 0.010307636 274.68396604675 -18.2160496103 1891.80957 2.871 -3.7490000000000006
274.99396017959 -18.01221601937 0.0364 0.0327 16.9656 "" "" 4096415051116339584 2355.37598 0.3849 0.0413 0.951 1.167 0.049 0.037 0.98 7494.6 4.027 15.643722 1.127024 16.105776 14.978752 "" "" 2143.52246 2606.15063 10410.17406 5.7538 4932.9 19.333 8084.6 19.271 "" "" 0.00281991225917951 0.0050884066 0.0045805727 0.00966898 274.99396017959 -18.01221601937 2355.37598 0.9510000000000002 1.1670000000000003
274.68248583112 -18.14020313442 0.0357 0.0317 3.9475 "" "" 4096392472367290240 1949.26562 0.4857 0.0428 -2.476 -6.872 0.049 0.036 1.137 4796.8 4.1203 15.643909 1.598385 16.367815 14.76943 "" "" 1785.42114 2130.84692 10408.37335 6.5065 3875.2 13.478 9803.6 23.67 "" "" 0.0028376832879643036 0.0046951864 0.0045995195 0.009294705 274.68248583112 -18.14020313442 1949.26562 -2.4759999999999995 -6.872000000000001
274.95082551506 -17.96671645164 0.0373 0.0342 15.5464 "" "" 4096418413970566400 1747.52991 0.5343 0.0445 -3.312 -2.505 0.053 0.037 0.942 5464.3 4.3373 15.643988 1.163396 16.143204 14.979808 "" "" 1636.54993 1900.20374 10407.62344 4.6084 4765.8 13.074 8076.7 17.388 "" "" 0.0027969472241435437 0.0040812357 0.0044437977 0.0085250335 274.95082551506 -17.96671645164 1747.52991 -3.3120000000000003 -2.5049999999999994
274.67165206118 -18.02093742219 0.0368 0.0321 3.9031 "" "" 4096406147543703808 1889.78601 0.4982 0.0403 1.285 0.605 0.047 0.036 0.962 5509.6 4.2336 15.645918 1.214324 16.163656 14.949332 "" "" 1756.05457 2036.01331 10389.13533 4.4083 4676.9 27.428 8306.6 23.694 "" "" 0.002793569716527898 0.0069518704 0.004886211 0.011838081 274.67165206118 -18.02093742219 1889.78601 1.285 0.605
274.92781631976 -18.03853950016 0.0352 0.0321 12.9444 "" "" 4096417525016996608 2315.46924 0.4094 0.0413 -0.323 -3.663 0.048 0.034 1.005 6101.2 4.2704 15.646152 1.189748 16.111311 14.921563 "" "" 2078.27319 2582.94604 10386.89852 5.4632 4907.9 16.477 8521.8 100.85 "" "" 0.0028138771481437475 0.004590385 0.0133932885 0.017983673 274.92781631976 -18.03853950016 2315.46924 -0.32299999999999995 -3.6630000000000003
274.53024455504 -17.951815972 0.0345 0.033 12.5027 "" "" 4096410240751520256 2107.75098 0.448 0.0428 0.478 -2.29 0.044 0.035 0.976 5176.5 3.4491 15.646799 1.993817 16.64828 14.654462 "" "" 1925.7616 2352.11011 10380.70938 5.1562 2993.0 14.259 10899.0 14.772 "" "" 0.0028076020634777064 0.0058771223 0.0040557617 0.009932884 274.53024455504 -17.951815972 2107.75098 0.47800000000000004 -2.2899999999999996
274.86249749274 -18.01327825783 0.0384 0.033 9.8011 "" "" 4096417112700335104 2098.23193 0.4278 0.0401 -2.368 -4.816 0.049 0.038 0.934 6036.4 3.7447 15.646811 1.294889 15.982055 14.687166 "" "" 1931.45361 2337.88232 10380.6007 9.4156 5528.3 44.036 10575.0 140.27 "" "" 0.0029260260415301287 0.009087439 0.014889187 0.023976626 274.86249749274 -18.01327825783 2098.23193 -2.368 -4.815999999999999
274.90831220822 -18.34773360413 0.0358 0.0328 19.9195 "" "" 4096338390150160896 1748.72534 0.5514 0.0419 5.483 -1.686 0.044 0.038 1.171 5621.6 4.409 15.646851 1.083425 16.072168 14.988744 "" "" 1625.80493 1864.45898 10380.22235 4.9231 5088.0 39.746 8010.5 29.797 "" "" 0.0028030255453712644 0.008928617 0.005531229 0.014459847 274.90831220822 -18.34773360413 1748.72534 5.482999999999999 -1.686
274.38587766151 -18.02541966272 0.0375 0.0323 18.4586 "" "" 4097158664486256640 1900.17859 0.4987 0.044 -1.995 -2.43 0.041 0.033 0.999 6073.8 4.1611 15.647275 1.219803 16.167162 14.947359 "" "" 1742.70471 2063.29834 10376.16083 4.3797 4661.8 10.528 8321.7 9.9822 "" "" 0.0027931722145815626 0.0037144641 0.0039974903 0.0077119544 274.38587766151 -18.02541966272 1900.17859 -1.9949999999999997 -2.4299999999999997
274.43668274581 -18.1662818674 0.0345 0.0288 16.1777 "" "" 4096400448225311360 2055.21851 0.4529 0.0377 -0.313 -1.092 0.043 0.033 1.02 "" "" 15.648206 1.072474 16.064209 14.991735 "" "" 1929.42761 2218.27808 10367.27308 7.0207 5125.5 26.48 7988.5 38.988 "" "" 0.002851735394730546 0.006264895 0.0065086577 0.012773553 274.43668274581 -18.1662818674 2055.21851 -0.31299999999999994 -1.092
274.91785116081 -18.20896742821 0.0448 0.0419 14.4755 "" "" 4096387421492221440 2051.16553 0.4599 0.0499 0.734 -7.158 0.06 0.043 1.294 6142.6 3.9913 15.648487 1.292091 16.173834 14.881742 "" "" 1884.50049 2355.1167 10364.58783 4.7793 4633.2 16.089 8840.2 63.808 "" "" 0.0028004361386885835 0.0046904134 0.008700503 0.013390916 274.91785116081 -18.20896742821 2051.16553 0.734 -7.158000000000001
274.82003400694 -18.00924917803 0.0424 0.0368 7.7622 "" "" 4096417245740746880 1719.17456 0.5386 0.0433 1.076 -1.638 0.061 0.043 1.041 5402.3 4.2955 15.650091 1.188582 16.153996 14.965413 "" "" 1604.62805 1842.50439 10349.27956 6.4993 4718.7 12.931 8184.5 30.926 "" "" 0.0028384311794859016 0.0040789205 0.0055780644 0.009656984 274.82003400694 -18.00924917803 1719.17456 1.076 -1.638
274.57614447969 -18.05930961959 0.053 0.0463 7.4176 "" "" 4096404262156754560 2008.4906 0.4754 0.0619 2.198 -0.804 0.068 0.05 1.604 5881.8 4.3828 15.650255 1.257204 16.138525 14.881321 "" "" 1785.93201 2290.2439 10347.71656 6.6437 4786.4 12.803 8843.6 83.325 "" "" 0.0028421340561029505 0.004027338 0.010905694 0.014933032 274.57614447969 -18.05930961959 2008.4906 2.1979999999999995 -0.804
274.62392548975 -18.09764479389 0.0363 0.0317 4.7573 "" "" 4096404635714850432 2071.65723 0.4528 0.0392 0.812 -2.078 0.048 0.035 0.994 5493.9 4.1997 15.650872 1.236278 16.196596 14.960319 "" "" 1930.75244 2233.51611 10341.84365 4.1796 4537.1 14.515 8223.0 13.336 "" "" 0.00279004119560324 0.004455335 0.004169446 0.008624781 274.62392548975 -18.09764479389 2071.65723 0.8120000000000002 -2.078
274.50728433904 -18.07957671481 0.0353 0.0298 11.261 "" "" 4096406736057996288 1987.7467 0.4582 0.0418 -0.979 1.11 0.046 0.034 1.024 7044.2 4.2763 15.653234 1.082549 16.106384 15.023835 "" "" 1870.71777 2138.13232 10319.36613 4.3168 4930.2 12.167 7755.8 11.916 "" "" 0.002792503145875305 0.0038683873 0.0041311453 0.007999533 274.50728433904 -18.07957671481 1987.7467 -0.9790000000000001 1.1099999999999999
274.42955665356 -18.21343560849 0.0357 0.0302 17.6706 "" "" 4096396909126673536 1895.82056 0.4966 0.0393 -1.907 -3.018 0.044 0.034 1.113 6106.5 4.0337 15.654492 1.248105 16.116543 14.868438 "" "" 1738.11584 2050.77417 10307.41444 6.7133 4884.3 54.551 8949.2 73.52 "" "" 0.0028446174459200637 0.01244306 0.009687262 0.022130322 274.42955665356 -18.21343560849 1895.82056 -1.9070000000000003 -3.018
274.7300209365 -17.83422409867 0.0408 0.036 14.6914 "" "" 4096435559480607488 1679.8335 0.5766 0.0464 -0.162 -0.584 0.058 0.042 1.291 7717.1 3.8833 15.65453 1.689285 16.405401 14.716116 "" "" 1563.18494 1808.97058 10307.06587 7.0796 3743.3 14.717 10297.0 52.67 "" "" 0.0028544604516697256 0.0050996356 0.006717628 0.011817263 274.7300209365 -17.83422409867 1679.8335 -0.162 -0.584
274.70241282957 -18.02448271926 0.0412 0.0367 3.2074 "" "" 4096405361668729216 2304.21973 0.412 0.0436 -0.973 -7.07 0.056 0.041 1.035 6018.9 4.0043 15.654682 1.457608 16.289688 14.83208 "" "" 2134.28857 2555.61548 10305.61016 5.1277 4164.3 12.636 9253.9 41.296 "" "" 0.0028077803385871763 0.004317279 0.0061448547 0.010462133 274.70241282957 -18.02448271926 2304.21973 -0.9729999999999999 -7.069999999999999
274.96557270231 -18.1806813273 0.0578 0.0538 16.1027 "" "" 4096364129976211456 2406.90454 0.387 0.0626 -1.636 -1.534 0.072 0.054 1.559 5953.2 3.9363 15.654905 1.270335 16.138988 14.868653 "" "" 2067.6792 2983.63062 10303.49322 8.2568 4784.3 38.123 8947.4 69.136 "" "" 0.0028894293731023158 0.009090327 0.009201414 0.018291742 274.96557270231 -18.1806813273 2406.90454 -1.6360000000000001 -1.5339999999999998
