Clusters/LP_2113/LP_2113_stars_in_region.tsv
# %ECSV 1.0
# ---
# datatype:
# - name: RA_ICRS_1
#   unit: deg
#   datatype: float64
#   format: '{:15.11f}'
#   description: Right ascension (ICRS) at Ep=2016.0 (ra)
#   meta: !!omap
#   - {ucd: POS_EQ_RA_MAIN}
#   - {width: 15}
#   - {precision: '11'}
# - name: DE_ICRS_1
#   unit: deg
#   datatype: float64
#   format: '{:15.11f}'
#   description: Declination (ICRS) at Ep=2016.0 (dec)
#   meta: !!omap
#   - {ucd: POS_EQ_DEC_MAIN}
#   - {width: 15}
#   - {precision: '11'}
# - name: e_RA_ICRS
#   unit: mas
#   datatype: float64
#   format: '{:7.4f}'
#   description: Standard error of right ascension (ra_error)
#   meta: !!omap
#   - {ucd: ERROR}
#   - {width: 7}
#   - {precision: '4'}
# - name: e_DE_ICRS
#   unit: mas
#   datatype: float64
#   format: '{:7.4f}'
#   description: Standard error of declination (dec_error)
#   meta: !!omap
#   - {ucd: ERROR}
#   - {width: 7}
#   - {precision: '4'}
# - name: _r_1
#   unit: ''
#   datatype: float64
#   format: '{:7.4f}'
#   description: Distance from center (274.70470704000-18.07789428000)[ICRS], at Epoch=J2016.0
#   meta: !!omap
#   - {ucd: POS_ANG_DIST_GENERAL}
#   - {width: 7}
#   - {precision: '4'}
# - name: HIP
#   datatype: int32
#   description: '? HIP cross-id number, van Leeuwen, Cat. I/311 (hip_original_ext_source_id)'
#   meta: !!omap
#   - {ucd: ID_NUMBER}
#   - {width: 6}
#   - values: {'null': -2147483648}
# - name: TYC2
#   datatype: string
#   description: Tycho-2 cross-id name, Hog et al., Cat. I/259 (tyc2_original_ext_source_id)
#   meta: !!omap
#   - {ucd: ID_CROSSID}
#   - {_votable_string_dtype: char}
# - name: Source
#   datatype: int64
#   description: Source identifier, identical to the Gaia-EDR3 source_id (id)
#   meta: !!omap
#   - {ucd: ID_MAIN}
#   - {width: 19}
# - name: rgeo
#   unit: pc
#   datatype: float64
#   format: '{:15.8f}'
#   description: '? Median of the geometric distance posterior (r_med_geo)'
#   meta: !!omap
#   - {ucd: PHYS_DISTANCE_TRUE}
#   - {width: 15}
#   - {precision: '8'}
#   - values: {'null': .nan}
# - name: Plx
#   unit: mas
#   datatype: float64
#   format: '{:9.4f}'
#   description: '? Parallax (parallax)'
#   meta: !!omap
#   - {ucd: POS_PARLX_TRIG}
#   - {width: 9}
#   - {precision: '4'}
#   - values: {'null': .nan}
# - name: e_Plx
#   unit: mas
#   datatype: float32
#   format: '{:7.4f}'
#   description: '? Standard error of parallax (parallax_error)'
#   meta: !!omap
#   - {ucd: ERROR}
#   - {width: 7}
#   - {precision: '4'}
#   - values: {'null': .nan}
# - name: pmRA
#   unit: mas / yr
#   datatype: float64
#   format: '{:9.3f}'
#   description: '? Proper motion in right ascension direction, pmRA*cosDE (pmra)'
#   meta: !!omap
#   - {ucd: POS_EQ_PMRA}
#   - {width: 9}
#   - {precision: '3'}
#   - values: {'null': .nan}
# - name: pmDE
#   unit: mas / yr
#   datatype: float64
#   format: '{:9.3f}'
#   description: '? Proper motion in declination direction (pmdec)'
#   meta: !!omap
#   - {ucd: POS_EQ_PMDEC}
#   - {width: 9}
#   - {precision: '3'}
#   - values: {'null': .nan}
# - name: e_pmRA
#   unit: mas / yr
#   datatype: float32
#   format: '{:6.3f}'
#   description: '? Standard error of proper motion in right ascension direction (pmra_error)'
#   meta: !!omap
#   - {ucd: ERROR}
#   - {width: 6}
#   - {precision: '3'}
#   - values: {'null': .nan}
# - name: e_pmDE
[...]
#         unit: &id001 !astropy.units.Unit {unit: deg}
#         value: !astropy.table.SerializedColumn {name: SkyCoord.dec}
#       distance: !astropy.table.SerializedColumn
#         __class__: astropy.coordinates.distances.Distance
#         unit: !astropy.units.Unit {unit: pc}
#         value: !astropy.table.SerializedColumn {name: SkyCoord.distance}
#       frame: icrs
#       obstime: !astropy.time.Time {format: jyear_str, in_subfmt: '*', jd1: 367701545.0, jd2: 0.0, out_subfmt: '*', precision: 3, scale: tt}
#       pm_dec: !astropy.table.SerializedColumn
#         __class__: astropy.units.quantity.Quantity
#         unit: !astropy.units.Unit {unit: mas / yr}
#         value: !astropy.table.SerializedColumn {name: SkyCoord.pm_dec}
#       pm_ra_cosdec: !astropy.table.SerializedColumn
#         __class__: astropy.units.quantity.Quantity
#         unit: !astropy.units.Unit {unit: mas / yr}
#         value: !astropy.table.SerializedColumn {name: SkyCoord.pm_ra_cosdec}
#       ra: !astropy.table.SerializedColumn
#         __class__: astropy.coordinates.angles.Longitude
#         unit: *id001
#         value: !astropy.table.SerializedColumn {name: SkyCoord.ra}
#         wrap_angle: !astropy.coordinates.Angle
#           unit: *id001
#           value: 360.0
#       representation_type: spherical
# schema: astropy-2.0
RA_ICRS_1 DE_ICRS_1 e_RA_ICRS e_DE_ICRS _r_1 HIP TYC2 Source rgeo Plx e_Plx pmRA pmDE e_pmRA e_pmDE RUWE Teff logg Gmag BP-RP BPmag RPmag RV e_RV b_rgeo B_rgeo FG e_FG FBP e_FBP FRP e_FRP RAVE5 RAVE6 e_Gmag e_BPmag e_RPmag e_BP-RP SkyCoord.ra SkyCoord.dec SkyCoord.distance SkyCoord.pm_ra_cosdec SkyCoord.pm_dec
[from data line 4024]
274.5472100728 -18.26286320183 0.0653 0.0526 14.2753 "" "" 4096384230426336896 1644.40967 0.603 0.0716 -1.974 -6.098 0.082 0.054 1.061 4651.4 4.3871 16.65477 1.195089 17.152847 15.957758 "" "" 1495.30884 1842.39661 4102.40753 3.6118 1880.5 11.645 3281.4 20.366 "" "" 0.002916422543052424 0.0072793867 0.0077261054 0.015005492 274.5472100728 -18.26286320183 1644.40967 -1.974 -6.097999999999999
275.00216955802 -18.0372625284 0.0986 0.0897 17.1429 "" "" 4096414806204834688 1696.29321 0.5978 0.113 0.933 -2.012 0.127 0.095 1.543 4800.4 4.37 16.655165 1.517969 17.280851 15.762882 "" "" 1418.1156 2040.39124 4100.91668 11.182 1671.4 28.551 3926.5 36.621 "" "" 0.004044287420426216 0.018755343 0.010808552 0.029563894 275.00216955802 -18.0372625284 1696.29321 0.9330000000000002 -2.012
274.73003860071 -17.77030192436 0.069 0.0703 18.5121 "" "" 4096437105669150592 2329.5105 0.4694 0.0842 0.979 -2.5 0.129 0.075 1.04 5641.2 4.6477 16.655727 1.44888 17.308594 15.859714 "" "" 1936.92676 2838.72559 4098.79315 3.4458 1629.2 9.6351 3591.5 14.002 "" "" 0.002902572488831513 0.007001068 0.0056746113 0.012675679 274.73003860071 -17.77030192436 2329.5105 0.979 -2.5
274.59092153827 -18.01675262412 0.0559 0.0521 7.4561 "" "" 4096408832002007552 1789.24097 0.5593 0.0694 0.99 -0.956 0.075 0.052 0.939 5402.2 4.6568 16.655819 1.318232 17.24254 15.924309 "" "" 1587.25085 2032.63611 4098.4421 3.0863 1731.4 7.8959 3384.0 15.658 "" "" 0.0028740681218441186 0.005683438 0.006286656 0.0119700935 274.59092153827 -18.01675262412 1789.24097 0.9900000000000001 -0.9559999999999998
274.85323944212 -17.95220326522 0.0681 0.0682 11.3446 "" "" 4096430817836159104 1674.44312 0.6417 0.087 -0.991 -2.859 0.087 0.065 0.993 4840.9 4.6323 16.65596 1.388152 17.178137 15.789985 "" "" 1431.15564 1966.64844 4097.90988 4.8137 1837.2 22.729 3829.7 75.548 "" "" 0.0030361807619981905 0.013718961 0.02174907 0.03546803 274.85323944212 -17.95220326522 1674.44312 -0.9910000000000002 -2.8590000000000004
274.71534202546 -18.2252533307 0.0648 0.059 8.8623 "" "" 4096389487417532928 2266.42969 0.4417 0.0728 1.394 0.422 0.081 0.061 0.998 5140.4 4.6387 16.656366 1.349489 17.2673 15.91781 "" "" 1941.4552 2754.8186 4096.38163 3.175 1692.4 12.176 3404.3 23.373 "" "" 0.0028809643607796555 0.008294708 0.008357712 0.01665242 274.71534202546 -18.2252533307 2266.42969 1.394 0.422
274.90863679669 -17.85605770253 0.0648 0.0595 17.6813 "" "" 4096437591108817536 2189.22778 0.4418 0.0737 0.095 -5.078 0.092 0.069 1.092 4958.2 4.3447 16.656712 1.440622 17.278473 15.837851 "" "" 1904.55078 2544.20264 4095.0747 3.3365 1675.0 14.088 3664.5 30.444 "" "" 0.0028938435597916337 0.0095486 0.009779873 0.019328473 274.90863679669 -17.85605770253 2189.22778 0.095 -5.078
274.96001546088 -18.13501837114 0.0727 0.0708 14.9579 "" "" 4096411752545884800 2270.23267 0.4653 0.0851 -3.857 -2.828 0.1 0.077 1.023 "" "" 16.657747 1.394885 17.28844 15.893556 "" "" 1948.99597 2731.36646 4091.17269 3.3135 1659.7 13.184 3481.3 23.127 "" "" 0.002892239930202393 0.009064755 0.00814296 0.017207716 274.96001546088 -18.13501837114 2270.23267 -3.857 -2.8280000000000003
274.76931542514 -17.81429771422 0.0572 0.0535 16.2401 "" "" 4096436006157321728 2371.13696 0.4324 0.0696 -0.072 -2.142 0.086 0.062 1.034 5569.8 4.6067 16.658438 1.427328 17.29954 15.872211 "" "" 1980.72266 2846.01782 4088.57163 6.4876 1642.9 16.165 3550.4 21.064 "" "" 0.003249593057405402 0.011041253 0.0074683875 0.018509641 274.76931542514 -17.81429771422 2371.13696 -0.07200000000000002 -2.1420000000000003
274.75136215022 -17.88750136411 0.0579 0.0534 11.7298 "" "" 4096435082846166400 2181.68628 0.4533 0.0694 1.702 0.213 0.083 0.059 1.023 4571.5 4.2786 16.658464 1.73648 17.472569 15.736089 "" "" 1887.86633 2523.42725 4088.47379 3.029 1400.8 20.688 4024.6 23.21 "" "" 0.002870334450780616 0.016275859 0.0073136725 0.023589531 274.75136215022 -17.88750136411 2181.68628 1.702 0.21299999999999997
274.90547149558 -18.29400343763 0.0577 0.0571 17.2945 "" "" 4096339558393747328 2203.87573 0.475 0.075 0.508 -2.302 0.071 0.054 0.992 5622.6 4.667 16.658764 1.323176 17.153463 15.830287 "" "" 1810.59851 2595.02832 4087.34173 3.0463 1879.5 20.443 3690.1 31.984 "" "" 0.0028716884318536716 0.012134504 0.010141192 0.022275696 274.90547149558 -18.29400343763 2203.87573 0.508 -2.3020000000000005
274.4070203193 -18.04110933123 0.0721 0.0657 17.1241 "" "" 4097158595756777600 1679.39624 0.6015 0.0942 0.096 -1.916 0.081 0.06 1.048 5182.9 4.7426 16.658943 1.333246 17.181017 15.847771 "" "" 1457.76172 1913.06702 4086.67096 4.3163 1832.4 9.3778 3631.2 15.491 "" "" 0.00298442787033867 0.006217737 0.0059780995 0.012195837 274.4070203193 -18.04110933123 1679.39624 0.09600000000000003 -1.9160000000000001
274.55049558718 -18.28292268067 0.0612 0.0522 15.1198 "" "" 4096383646310744704 2301.74756 0.4254 0.0698 -3.369 -1.04 0.079 0.055 0.921 5218.3 4.6664 16.6591 1.305579 17.232086 15.926507 "" "" 1991.39429 2671.73242 4086.07897 3.0268 1748.2 10.634 3377.2 15.16 "" "" 0.0028703027419348204 0.0071695494 0.006167459 0.013337009 274.55049558718 -18.28292268067 2301.74756 -3.369 -1.04
274.61043464169 -18.18294103983 0.0632 0.0534 8.2838 "" "" 4096390513862056704 1910.19995 0.5432 0.0759 -5.25 -4.871 0.085 0.055 1.099 5100.1 4.7281 16.659334 1.222498 17.190886 15.968388 "" "" 1648.83643 2143.88599 4085.19684 3.0548 1815.8 15.914 3249.4 10.717 "" "" 0.002872445893212388 0.009916222 0.0052064094 0.015122632 274.61043464169 -18.18294103983 1910.19995 -5.25 -4.871
274.5364431166 -17.93823284645 0.0732 0.0991 12.7438 "" "" 4096410687428134272 1951.82983 0.6036 0.1342 1.141 -6.23 0.089 0.068 1.131 4635.0 4.7906 16.659819 1.3254 17.255571 15.930171 "" "" 1534.39038 2723.88428 4083.37278 3.3743 1710.8 9.0469 3365.8 12.152 "" "" 0.0028977156721186124 0.0063835564 0.005445178 0.011828735 274.5364431166 -17.93823284645 1951.82983 1.1410000000000002 -6.2299999999999995
275.01030377705 -17.91860451045 0.1006 0.0906 19.8858 "" "" 4096424500046162816 2226.4502 0.4742 0.1191 -2.02 -6.504 0.139 0.093 0.879 3176.3 0.1274 16.659986 6.913693 21.80722 14.893527 "" "" 1745.88623 3041.54053 4082.74083 12.008 25.854 6.7175 8744.8 92.356 "" "" 0.004217714684913352 0.28211454 0.012073508 0.29418805 275.01030377705 -17.91860451045 2226.4502 -2.0200000000000005 -6.504
274.85314085531 -18.33083160738 0.1207 0.1107 17.3751 "" "" 4096337977827759360 1901.33923 0.6233 0.1411 -0.212 -2.025 0.14 0.107 2.632 5528.6 4.6938 16.660187 1.395047 17.165524 15.770476 "" "" 1472.11218 2525.10889 4081.9896 8.1569 1858.7 14.413 3899.1 41.669 "" "" 0.0035069798145085703 0.008869471 0.012203074 0.021072544 274.85314085531 -18.33083160738 1901.33923 -0.21199999999999994 -2.025
274.79633964393 -18.15994813627 0.077 0.0769 7.1793 "" "" 4096391647733486976 1967.96655 0.5386 0.0885 -2.646 -3.303 0.087 0.074 1.033 5062.9 4.7111 16.660517 1.213781 17.196167 15.982386 "" "" 1599.4646 2346.93726 4080.7497 3.264 1807.0 12.132 3207.8 19.464 "" "" 0.0028889373363306958 0.007805258 0.007595036 0.015400294 274.79633964393 -18.15994813627 1967.96655 -2.646 -3.303
274.60459251046 -18.23159764146 0.0616 0.0532 10.8457 "" "" 4096390067185310592 2382.94727 0.4473 0.077 5.55 -6.599 0.08 0.055 1.049 5405.1 4.7145 16.660872 1.131115 17.14052 16.009405 "" "" 1968.78369 2845.35791 4079.41857 3.0361 1902.0 11.313 3128.9 15.054 "" "" 0.0028713665366569855 0.0070348824 0.006447601 0.013482483 274.60459251046 -18.23159764146 2382.94727 5.550000000000001 -6.598999999999999
274.66091838803 -17.79625932892 0.077 0.0756 17.082 "" "" 4097187183070635776 1887.60852 0.5465 0.0938 1.469 -2.26 0.084 0.063 1.124 5280.2 4.3684 16.661337 1.60979 17.30647 15.696681 "" "" 1590.16479 2191.15259 4077.66921 4.9585 1632.4 15.652 4173.4 33.032 "" "" 0.0030553070530666216 0.010777826 0.009387847 0.020165674 274.66091838803 -17.79625932892 1887.60852 1.469 -2.2599999999999993
274.47183163222 -18.30345889192 0.0651 0.0587 18.9571 "" "" 4096382237515835008 1921.97839 0.5231 0.0759 -2.936 -5.85 0.075 0.056 1.039 "" "" 16.661388 "" "" "" "" "" 1676.75061 2255.45532 4077.47856 3.1413 "" "" "" "" "" "" 0.0028794868514820555 "" "" "" 274.47183163222 -18.30345889192 1921.97839 -2.9360000000000004 -5.85
274.59089916773 -18.15028152202 0.0597 0.055 7.8093 "" "" 4096402544169603712 1657.18579 0.5949 0.0853 -0.815 -2.372 0.088 0.055 0.96 5086.2 4.3791 16.661781 1.298327 17.206438 15.908111 "" "" 1448.38391 1981.22644 4076.00019 3.4238 1790.0 15.546 3434.9 23.497 "" "" 0.0029023348096512067 0.009833667 0.00833345 0.018167118 274.59089916773 -18.15028152202 1657.18579 -0.815 -2.372
274.49509205766 -18.1896997567 0.0643 0.0515 13.7061 "" "" 4096397184049729152 2132.01196 0.4801 0.07 -1.956 -14.805 0.081 0.055 0.971 4961.6 4.5536 16.66244 1.317242 17.21892 15.901678 "" "" 1834.25244 2471.87939 4073.52978 3.3157 1769.5 16.768 3455.3 15.845 "" "" 0.002893579203206002 0.010660193 0.00625083 0.016911022 274.49509205766 -18.1896997567 2132.01196 -1.9559999999999997 -14.805
274.80232718633 -17.87177464124 0.1068 0.097 13.5642 "" "" 4096432230953012608 1916.27722 0.5597 0.1238 1.799 -5.48 0.156 0.11 1.957 "" "" 16.66245 1.453321 17.12807 15.67475 "" "" 1616.24194 2347.36548 4073.49117 5.7833 1923.9 16.36 4258.5 48.622 "" "" 0.003157197945244052 0.009645019 0.0129598575 0.022604875 274.80232718633 -17.87177464124 1916.27722 1.799 -5.48
274.79413116724 -18.35141859722 0.0674 0.0623 17.1846 "" "" 4096337634230152192 1850.69177 0.5548 0.0851 0.054 -1.962 0.077 0.061 1.164 "" "" 16.662949 1.354661 17.070786 15.716125 "" "" 1572.87146 2262.51587 4071.61758 3.5911 2028.2 13.95 4099.3 31.264 "" "" 0.0029169830330538294 0.00797194 0.009102265 0.017074205 274.79413116724 -18.35141859722 1850.69177 0.054 -1.9620000000000002
274.6947171335 -18.1253746669 0.1252 0.1139 2.9052 "" "" 4096392511124355328 1796.03967 0.6508 0.1486 -2.388 -4.445 0.159 0.119 2.092 4427.8 4.3203 16.663479 1.660126 17.336077 15.675951 "" "" 1377.18921 2352.37256 4069.63143 7.5672 1588.5 13.551 4253.8 32.213 "" "" 0.003415779807978228 0.009673217 0.0090490505 0.018722268 274.6947171335 -18.1253746669 1796.03967 -2.387999999999999 -4.445
274.5601963851 -18.13858930441 0.062 0.0528 9.01 "" "" 4096403368756641024 1674.42957 0.5887 0.0738 0.775 -3.965 0.079 0.054 0.963 4871.1 4.6268 16.663832 1.287106 17.225027 15.937922 "" "" 1495.8877 1936.93054 4068.31264 3.6869 1759.6 11.091 3341.9 14.065 "" "" 0.0029257374311956303 0.0073904768 0.0059299446 0.013320422 274.5601963851 -18.13858930441 1674.42957 0.7750000000000002 -3.965
275.00734253954 -17.89115764204 0.0606 0.0546 20.5869 "" "" 4096425736975306112 1670.72412 0.5793 0.0685 2.306 -3.407 0.083 0.057 0.965 4916.1 4.413 16.66467 1.829639 17.465303 15.635664 "" "" 1522.10291 1889.98352 4065.1679 3.2757 1410.2 28.927 4414.6 68.454 "" "" 0.0028908838670237726 0.022445468 0.017254718 0.039700188 275.00734253954 -17.89115764204 1670.72412 2.306 -3.407
274.39488406147 -18.24640756318 0.0612 0.057 20.3523 "" "" 4096395358596690432 2184.86938 0.4593 0.0765 -0.244 -0.833 0.082 0.062 1.075 5151.5 4.6682 16.665152 1.285023 17.195528 15.910505 "" "" 1838.7771 2681.87939 4063.36407 3.4651 1808.0 11.054 3427.3 18.187 "" "" 0.0029067235414299585 0.0072006756 0.0068904464 0.014091122 274.39488406147 -18.24640756318 2184.86938 -0.244 -0.833
275.0187907035 -18.07811955017 0.0597 0.0557 17.9147 "" "" 4096413534895053056 2238.39868 0.4675 0.0691 2.56 -2.017 0.078 0.059 0.968 5353.9 4.5623 16.665733 1.515268 17.158056 15.642788 "" "" 1928.47839 2562.95435 4061.18946 5.2386 1871.5 21.545 4385.7 135.79 "" "" 0.0030908280501032157 0.0128068 0.03382833 0.04663513 275.0187907035 -18.07811955017 2238.39868 2.5599999999999996 -2.017
274.4728981766 -17.83915768778 0.065 0.0644 19.4997 "" "" 4097162890734310272 1735.2439 0.5738 0.0854 1.23 0.799 0.086 0.062 1.009 5745.7 4.634 16.667048 1.418125 17.317755 15.89963 "" "" 1505.79761 1956.91089 4056.27813 3.0509 1615.5 12.308 3461.8 9.0035 "" "" 0.0028737904445198343 0.00872979 0.0047177924 0.013447583 274.4728981766 -17.83915768778 1735.2439 1.23 0.7989999999999999
274.50007018891 -18.12410833037 0.0697 0.0638 11.9954 "" "" 4096403574961995648 2379.55176 0.4716 0.091 0.451 -3.008 0.084 0.059 1.054 "" "" 16.667492 1.63331 17.376228 15.742918 "" "" 1903.69617 3014.2251 4054.61885 3.8663 1530.8 34.587 3999.4 44.817 "" "" 0.0029434084735136135 0.024689363 0.0127401715 0.037429534 274.50007018891 -18.12410833037 2379.55176 0.45099999999999996 -3.0079999999999996
274.94143904233 -18.11276247571 0.0747 0.0704 13.6625 "" "" 4096412572821420032 1613.48267 0.6156 0.0804 -0.879 -2.389 0.097 0.071 1.048 5104.2 4.7178 16.669107 1.426349 17.265844 15.839496 "" "" 1441.41675 1904.60022 4048.5894 3.6259 1694.6 13.596 3659.0 41.13 "" "" 0.0029218682143737104 0.009146947 0.012776305 0.021923251 274.94143904233 -18.11276247571 1613.48267 -0.8790000000000001 -2.389
274.58777867621 -18.1065673528 0.0637 0.055 6.8872 "" "" 4096403884152843520 2351.63086 0.42 0.0698 1.714 3.275 0.084 0.058 0.981 5106.2 4.3281 16.669302 1.403245 17.230183 15.826938 "" "" 2019.09277 2977.85742 4047.86426 3.2829 1751.2 10.921 3701.5 12.704 "" "" 0.00289260519736804 0.007323325 0.005307507 0.012630831 274.58777867621 -18.1065673528 2351.63086 1.714 3.275
274.54618999733 -17.90999519735 0.0709 0.0752 13.5393 "" "" 4097161447624969728 1625.63574 0.6246 0.1027 0.104 -5.028 0.091 0.066 1.185 7738.1 4.1321 16.669619 1.918179 17.581047 15.662868 "" "" 1370.63708 2012.43225 4046.68586 3.8681 1267.6 6.7527 4305.4 20.406 "" "" 0.0029442931436783094 0.00642171 0.0063847406 0.012806451 274.54618999733 -17.90999519735 1625.63574 0.10400000000000002 -5.028
274.80131223317 -18.37675787129 0.0628 0.0569 18.7579 "" "" 4096337359357967872 2029.63635 0.4872 0.0801 -2.149 -2.576 0.069 0.053 1.003 5134.1 3.3358 16.670403 2.689985 18.099852 15.409866 "" "" 1758.4646 2461.90308 4043.76381 4.4905 786.1 35.143 5435.2 60.681 "" "" 0.0030075673733342937 0.04861852 0.012697162 0.061315686 274.80131223317 -18.37675787129 2029.63635 -2.1489999999999996 -2.5760000000000005
274.64044498229 -18.36699125806 0.108 0.0924 17.7282 "" "" 4096379179544873088 1965.03906 0.6172 0.1196 -0.163 -1.842 0.123 0.098 1.969 "" "" 16.670422 1.535935 17.246021 15.710086 "" "" 1657.401 2496.58911 4043.69341 8.7185 1725.9 8.6982 4122.1 22.426 "" "" 0.0036154845527159992 0.006142209 0.00701248 0.013154689 274.64044498229 -18.36699125806 1965.03906 -0.16300000000000003 -1.842
274.60649712986 -18.34172387619 0.0746 0.0642 16.7903 "" "" 4096379488733289472 2028.354 0.4744 0.0823 -0.667 0.14 0.086 0.065 1.075 5118.0 4.2991 16.670464 1.830771 17.403763 15.572992 "" "" 1783.46826 2415.26929 4043.53571 8.5642 1492.5 21.89 4676.9 90.93 "" "" 0.0035888562946443723 0.016166722 0.02144494 0.037611663 274.60649712986 -18.34172387619 2028.354 -0.6670000000000001 0.14000000000000004
274.76054329992 -17.75249065501 0.0629 0.0609 19.7827 "" "" 4096437178790647936 1683.62244 0.6005 0.0761 -5.313 -3.898 0.089 0.064 1.035 4725.4 4.4521 16.670572 1.659679 17.471315 15.811636 "" "" 1477.67737 1917.78918 4043.1347 3.1752 1402.5 7.7681 3754.1 13.389 "" "" 0.0028842369486730573 0.0066293827 0.0054109395 0.012040323 274.76054329992 -17.75249065501 1683.62244 -5.313000000000001 -3.8979999999999997
274.69057130154 -17.7757687769 0.1036 0.1098 18.1455 "" "" 4097187316194477952 1742.16797 0.6303 0.1381 2.132 0.179 0.123 0.088 1.628 4506.2 4.1848 16.670687 1.634686 17.327887 15.6932 "" "" 1360.0304 2203.93433 4042.70273 7.7937 1600.5 11.577 4186.8 17.302 "" "" 0.0034601996873073314 0.00833444 0.0058664517 0.014200892 274.69057130154 -17.7757687769 1742.16797 2.1319999999999997 0.179
