Clusters/NGC_6910/NGC_6910_stars_in_region.tsv
# %ECSV 1.0
# ---
# datatype:
# - name: RA_ICRS_1
#   unit: deg
#   datatype: float64
#   format: '{:15.11f}'
#   description: Right ascension (ICRS) at Ep=2016.0 (ra)
#   meta: !!omap
#   - {ucd: POS_EQ_RA_MAIN}
#   - {width: 15}
#   - {precision: '11'}
# - name: DE_ICRS_1
#   unit: deg
#   datatype: float64
#   format: '{:15.11f}'
#   description: Declination (ICRS) at Ep=2016.0 (dec)
#   meta: !!omap
#   - {ucd: POS_EQ_DEC_MAIN}
#   - {width: 15}
#   - {precision: '11'}
# - name: e_RA_ICRS
#   unit: mas
#   datatype: float64
#   format: '{:7.4f}'
#   description: Standard error of right ascension (ra_error)
#   meta: !!omap
#   - {ucd: ERROR}
#   - {width: 7}
#   - {precision: '4'}
# - name: e_DE_ICRS
#   unit: mas
#   datatype: float64
#   format: '{:7.4f}'
#   description: Standard error of declination (dec_error)
#   meta: !!omap
#   - {ucd: ERROR}
#   - {width: 7}
#   - {precision: '4'}
# - name: _r_1
#   unit: ''
#   datatype: float64
#   format: '{:7.4f}'
#   description: Distance from center (305.78940738000+40.76690596000)[ICRS], at Epoch=J2016.0
#   meta: !!omap
#   - {ucd: POS_ANG_DIST_GENERAL}
#   - {width: 7}
#   - {precision: '4'}
# - name: HIP
#   datatype: int32
#   description: '? HIP cross-id number, van Leeuwen, Cat. I/311 (hip_original_ext_source_id)'
#   meta: !!omap
#   - {ucd: ID_NUMBER}
#   - {width: 6}
#   - values: {'null': -2147483648}
# - name: TYC2
#   datatype: string
#   description: Tycho-2 cross-id name, Hog et al., Cat. I/259 (tyc2_original_ext_source_id)
#   meta: !!omap
#   - {ucd: ID_CROSSID}
#   - {_votable_string_dtype: char}
# - name: Source
#   datatype: int64
#   description: Source identifier, identical to the Gaia-EDR3 source_id (id)
#   meta: !!omap
#   - {ucd: ID_MAIN}
#   - {width: 19}
# - name: rgeo
#   unit: pc
#   datatype: float64
#   format: '{:15.8f}'
#   description: '? Median of the geometric distance posterior (r_med_geo)'
#   meta: !!omap
#   - {ucd: PHYS_DISTANCE_TRUE}
#   - {width: 15}
#   - {precision: '8'}
#   - values: {'null': .nan}
# - name: Plx
#   unit: mas
#   datatype: float64
#   format: '{:9.4f}'
#   description: '? Parallax (parallax)'
#   meta: !!omap
#   - {ucd: POS_PARLX_TRIG}
#   - {width: 9}
#   - {precision: '4'}
#   - values: {'null': .nan}
# - name: e_Plx
#   unit: mas
#   datatype: float32
#   format: '{:7.4f}'
#   description: '? Standard error of parallax (parallax_error)'
#   meta: !!omap
#   - {ucd: ERROR}
#   - {width: 7}
#   - {precision: '4'}
#   - values: {'null': .nan}
# - name: pmRA
#   unit: mas / yr
#   datatype: float64
#   format: '{:9.3f}'
#   description: '? Proper motion in right ascension direction, pmRA*cosDE (pmra)'
#   meta: !!omap
#   - {ucd: POS_EQ_PMRA}
#   - {width: 9}
#   - {precision: '3'}
#   - values: {'null': .nan}
# - name: pmDE
#   unit: mas / yr
#   datatype: float64
#   format: '{:9.3f}'
#   description: '? Proper motion in declination direction (pmdec)'
#   meta: !!omap
#   - {ucd: POS_EQ_PMDEC}
#   - {width: 9}
#   - {precision: '3'}
#   - values: {'null': .nan}
# - name: e_pmRA
#   unit: mas / yr
#   datatype: float32
#   format: '{:6.3f}'
#   description: '? Standard error of proper motion in right ascension direction (pmra_error)'
#   meta: !!omap
#   - {ucd: ERROR}
#   - {width: 6}
#   - {precision: '3'}
#   - values: {'null': .nan}
# - name: e_pmDE
[...]
#         value: !astropy.table.SerializedColumn {name: SkyCoord.dec}
#       distance: !astropy.table.SerializedColumn
#         __class__: astropy.coordinates.distances.Distance
#         unit: !astropy.units.Unit {unit: pc}
#         value: !astropy.table.SerializedColumn {name: SkyCoord.distance}
#       frame: icrs
#       obstime: !astropy.time.Time {format: jyear_str, in_subfmt: '*', jd1: 367701545.0, jd2: 0.0, out_subfmt: '*', precision: 3, scale: tt}
#       pm_dec: !astropy.table.SerializedColumn
#         __class__: astropy.units.quantity.Quantity
#         unit: !astropy.units.Unit {unit: mas / yr}
#         value: !astropy.table.SerializedColumn {name: SkyCoord.pm_dec}
#       pm_ra_cosdec: !astropy.table.SerializedColumn
#         __class__: astropy.units.quantity.Quantity
#         unit: !astropy.units.Unit {unit: mas / yr}
#         value: !astropy.table.SerializedColumn {name: SkyCoord.pm_ra_cosdec}
#       ra: !astropy.table.SerializedColumn
#         __class__: astropy.coordinates.angles.Longitude
#         unit: *id001
#         value: !astropy.table.SerializedColumn {name: SkyCoord.ra}
#         wrap_angle: !astropy.coordinates.Angle
#           unit: *id001
#           value: 360.0
#       representation_type: spherical
# schema: astropy-2.0
RA_ICRS_1 DE_ICRS_1 e_RA_ICRS e_DE_ICRS _r_1 HIP TYC2 Source rgeo Plx e_Plx pmRA pmDE e_pmRA e_pmDE RUWE Teff logg Gmag BP-RP BPmag RPmag RV e_RV b_rgeo B_rgeo FG e_FG FBP e_FBP FRP e_FRP RAVE5 RAVE6 e_Gmag e_BPmag e_RPmag e_BP-RP SkyCoord.ra SkyCoord.dec SkyCoord.distance SkyCoord.pm_ra_cosdec SkyCoord.pm_dec rmRA rmDE e_rmRA e_rmDE rRV e_rRV v_pec v_pec3d e_vpec e_vpec3d
[from data line 31]
305.78075713118 40.78122934485 0.0132 0.0132 0.945 "" "" 2067570459995985408 1980.90979 0.497 0.0152 -2.997 -5.449 0.017 0.016 1.501 "" "" 12.373372 1.264598 12.850301 11.585703 "" "" 1910.50269 2041.55457 211640.04361 91.633 98923.0 1453.6 184030.0 2583.0 "" "" 0.0027951335094075045 0.016196232 0.015700787 0.03189702 305.78075713118 40.78122934485 1980.90979 -2.9969999999999986 -5.448999999999995 0.40957448768615734 -0.024606346130370937 0.14145383 0.14045383 "" "" 3.8526387202450803 "" 0.5449567050621142 ""
305.40080788131 40.59159142854 0.0081 0.0099 20.5743 "" "" 2068289501943340416 1677.06689 0.5905 0.0107 -2.95 -5.652 0.011 0.013 1.115 15028.0 3.4415 12.398227 1.856933 13.303855 11.446922 "" "" 1647.11804 1707.5907 206850.29905 48.401 65144.0 57.77 209120.0 96.279 "" "" 0.002767007731193531 0.002951627 0.003812296 0.006763923 305.40080788131 40.59159142854 1677.06689 -2.949999999999999 -5.652000000000001 0.45657448768615705 -0.22760634613037123 0.13545382 0.13745382 "" "" 4.0554265230301425 "" 0.5509469683601652 ""
305.81993024915 40.76664387996 0.0075 0.0096 1.3871 "" "" 2067567638205876864 1645.09949 0.5996 0.0099 -3.336 -5.528 0.011 0.012 1.045 "" "" 12.451308 1.399492 13.073926 11.674434 "" "" 1617.07678 1677.04358 196980.58613 37.221 80509.0 106.92 169580.0 49.356 "" "" 0.00276294757427403 0.003140726 0.0037925695 0.006933295 305.81993024915 40.76664387996 1645.09949 -3.3359999999999994 -5.528000000000003 0.07057448768615737 -0.10360634613037067 0.13545382 0.13645382 "" "" 0.9775256496015124 "" 0.13307806866416583 ""
305.62869368327 41.02514369591 0.0182 0.0218 17.1231 "" "" 2068327366377766784 1663.02258 0.5961 0.0237 -2.925 -4.761 0.024 0.028 2.172 6996.7 2.5776 12.468656 2.310376 13.679319 11.368943 "" "" 1602.91638 1721.80627 193858.35778 97.903 46099.0 77.036 224690.0 269.35 "" "" 0.002809349848566829 0.0033282123 0.0039972155 0.0073254276 305.62869368327 41.02514369591 1663.02258 -2.925 -4.760999999999999 0.4815744876861574 0.6633936538696288 0.14845383 0.15245382 "" "" 6.461937912886057 "" 0.976304248000232 ""
305.68578858474 40.50147342547 0.0081 0.009 16.6101 "" "" 2067557368939425280 1676.82983 0.5893 0.0108 -3.563 -6.09 0.012 0.011 1.066 "" "" 12.493874 1.837242 13.387714 11.550472 "" "" 1651.92029 1703.52002 189407.51506 32.32 60302.0 48.685 190090.0 55.363 "" "" 0.0027615418382260924 0.0029246244 0.0037925874 0.0067172116 305.68578858474 40.50147342547 1676.82983 -3.563000000000001 -6.090000000000005 -0.15642551231384294 -0.665606346130371 0.13645382 0.13545382 "" "" 5.4344861765936425 "" 0.7364073492386531 ""
305.84980827862 40.81311317501 0.0075 0.0096 3.9006 "" "" 2067570769237455104 1674.59937 0.5892 0.0098 -3.221 -5.251 0.01 0.012 0.988 6899.5 2.8049 12.563416 1.396215 13.18245 11.786235 "" "" 1646.57178 1700.43335 177656.23688 35.662 72851.0 55.104 152990.0 75.059 "" "" 0.002763926554167897 0.00290852 0.0038167357 0.0067252554 305.84980827862 40.81311317501 1674.59937 -3.221000000000001 -5.2509999999999994 0.18557448768615714 0.17339365386962857 0.13445383 0.13645382 "" "" 2.015951421410594 "" 0.27293909114448844 ""
306.20052461583 40.60957247517 0.0188 0.0217 20.9514 "" "" 2067550978027907584 1752.73169 0.5585 0.024 -3.614 -4.692 0.027 0.029 1.755 "" "" 12.568685 1.844883 13.265661 11.420778 "" "" 1687.43518 1831.89075 176796.27147 250.99 67476.0 567.86 214210.0 1574.5 "" "" 0.0031571535584343753 0.009553778 0.008830135 0.018383913 306.20052461583 40.60957247517 1752.73169 -3.6139999999999994 -4.692 -0.20742551231384265 0.7323936538696287 0.15145382 0.15345383 "" "" 6.324012182791184 "" 0.9695103594587543 ""
305.7768586577 40.40643953398 0.0085 0.0098 21.6355 "" "" 2067544174799811840 1669.6626 0.5877 0.0111 -2.761 -6.091 0.012 0.012 1.085 "" "" 12.573968 2.055309 13.617712 11.562403 "" "" 1641.70166 1701.94348 175937.91703 34.174 48790.0 43.031 188020.0 85.088 "" "" 0.0027633792635170557 0.0029499165 0.0038111873 0.006761104 305.7768586577 40.40643953398 1669.6626 -2.7610000000000037 -6.0909999999999975 0.6455744876861571 -0.6666063461303713 0.13645382 0.13645382 "" "" 7.344149881597838 "" 1.002137322558619 ""
305.83416641276 40.80738945852 0.0103 0.0124 3.1677 "" "" 2067570730578276096 1776.29224 0.5537 0.0131 -3.42 -5.308 0.014 0.015 1.305 "" "" 12.587859 1.225024 13.103787 11.878763 "" "" 1734.23547 1824.33777 173701.30992 46.092 78325.0 93.617 140490.0 106.51 "" "" 0.0027703415588342765 0.0030771913 0.0038679803 0.0069451714 305.83416641276 40.80738945852 1776.29224 -3.42 -5.308 -0.013425512313842702 0.11639365386962908 0.13845383 0.13945383 "" "" 0.9864886157969215 "" 0.13755670734333628 ""
305.7607247452 40.77464957565 0.0079 0.0089 1.3837 "" "" 2067570356920639104 1672.65125 0.585 0.0099 -3.325 -5.423 0.011 0.011 0.99 "" "" 12.699286 1.141376 13.176213 12.034838 "" "" 1648.32129 1698.13147 156758.96928 41.868 73271.0 70.132 121680.0 71.023 "" "" 0.002770537880907509 0.0029774203 0.0038321458 0.006809566 305.7607247452 40.77464957565 1672.65125 -3.3250000000000046 -5.423 0.08157448768615705 0.0013936538696288636 0.13545382 0.13545382 "" "" 0.6468468495689915 "" 0.08761787687693934 ""
305.81548971432 40.75907962755 0.008 0.0097 1.2749 "" "" 2067567264544132480 1647.65344 0.5979 0.0102 -3.828 -5.215 0.01 0.011 0.987 "" "" 12.708708 1.367449 13.311379 11.94393 "" "" 1618.40173 1675.87036 155404.46609 33.28 64694.0 56.496 132310.0 60.788 "" "" 0.0027651131833483465 0.0029468697 0.0038121587 0.0067590284 305.81548971432 40.75907962755 1647.65344 -3.8279999999999976 -5.215 -0.4214255123138426 0.20939365386962905 0.13445383 0.13545382 "" "" 3.6751689781311794 "" 0.4948703901943338 ""
305.79911463601 40.7238599024 0.008 0.0098 2.6202 "" "" 2067567058385689984 1686.02551 0.5826 0.0105 -3.407 -5.698 0.01 0.011 1.06 "" "" 12.710756 1.510397 13.389263 11.878866 "" "" 1658.12646 1713.80249 155111.63955 134.77 60216.0 194.52 140480.0 332.32 "" "" 0.002912335797218927 0.004481787 0.0045695207 0.009051308 305.79911463601 40.7238599024 1686.02551 -3.407000000000001 -5.698000000000001 -0.00042551231384280186 -0.2736063461303715 0.13445383 0.13545382 "" "" 2.186599148054875 "" 0.29618320264358133 ""
306.30940765499 40.76246805809 0.008 0.0098 23.6323 "" "" 2067647219654044416 1798.52917 0.5442 0.0104 -2.879 -4.918 0.011 0.013 1.088 15015.7 3.622 12.728342 1.653907 13.502687 11.848781 "" "" 1767.9364 1831.94666 152619.44277 201.8 54243.0 203.18 144430.0 620.36 "" "" 0.003106888681491539 0.0049319947 0.0060026515 0.010934646 306.30940765499 40.76246805809 1798.52917 -2.8790000000000013 -4.918000000000001 0.5275744876861572 0.5063936538696288 0.13545382 0.13745382 "" "" 6.234176458630494 "" 0.8504447107053851 ""
305.93423664996 40.95679110382 0.0106 0.0128 13.1527 "" "" 2067667113942639488 1655.30493 0.5982 0.0136 -3.658 -5.368 0.013 0.016 1.333 "" "" 12.746443 1.617241 13.49561 11.878369 "" "" 1618.84485 1688.35999 150096.24207 59.256 54597.0 81.637 140540.0 170.52 "" "" 0.0027884613439802257 0.0032281082 0.00400239 0.007230498 305.93423664996 40.95679110382 1655.30493 -3.6580000000000004 -5.368 -0.2514255123138427 0.05639365386962858 0.13745382 0.14045383 "" "" 2.021734601042247 "" 0.27818868465472446 ""
306.29045053428 40.85822024006 0.0112 0.014 23.4032 "" "" 2067648972000722688 1523.82556 0.6434 0.0148 -0.292 -6.871 0.015 0.018 1.136 "" "" 12.800181 2.602401 14.242579 11.640179 4.15 0.38 1491.03174 1556.98596 142847.94909 34.114 27440.0 30.89 175020.0 51.577 "" "" 0.0027674934203143335 0.0030461336 0.0037929013 0.006839035 306.29045053428 40.85822024006 1523.82556 -0.29199999999999937 -6.870999999999993 3.1145744876861574 -1.4466063461303715 0.13945383 0.14245382 32.971428571428575 1.0032979 24.80448649408454 41.259879450575696 3.472401351001137 2.236196838790478
306.24009485177 40.75714333564 0.0278 0.0333 20.4901 "" "" 2067646601178767744 1552.78748 0.616 0.0348 -2.665 -8.817 0.039 0.043 0.992 "" "" 12.801099 4.281704 15.643588 11.361884 49.71 0.27 1478.11047 1641.01123 142727.34428 94.3 7550.6 37.754 226150.0 397.81 "" "" 0.0028471696565987425 0.0061038663 0.0042345393 0.010338405 306.24009485177 40.75714333564 1552.78748 -2.6650000000000045 -8.817 0.7415744876861572 -3.3926063461303713 0.16345383 0.16745383 78.53142857142858 0.8932979 25.559879635289338 82.58627440707001 4.275490627063023 1.5724172135838446
305.78625930063 40.80032515454 0.0086 0.0097 2.0102 "" "" 2067570494355746432 1659.76733 0.591 0.0107 -3.427 -5.526 0.012 0.011 1.041 "" "" 12.814912 1.173103 13.309658 12.136555 "" "" 1625.255 1700.22302 140923.06454 34.714 64797.0 58.464 110800.0 80.689 "" "" 0.002768270276312612 0.0029571445 0.003861204 0.0068183485 305.78625930063 40.80032515454 1659.76733 -3.427 -5.526 -0.02042551231384282 -0.1016063461303709 0.13645382 0.13545382 "" "" 0.815359142971383 "" 0.11047529316981394 ""
305.72679872824 40.60437471476 0.0138 0.016 10.1594 "" "" 2067560255157478272 1557.75977 0.6178 0.0183 2.869 -9.156 0.019 0.019 1.058 "" "" 12.820996 3.064503 14.627742 11.563239 -66.98 0.35 1518.08252 1600.27759 140135.49164 35.255 19245.0 21.852 187870.0 97.083 "" "" 0.002768826257977647 0.00305039 0.0038208005 0.0068711904 305.72679872824 40.60437471476 1557.75977 2.869000000000001 -9.156 6.275574487686157 -3.7316063461303717 0.14345382 0.14345382 -38.158571428571435 0.97329795 53.91056504449543 66.04866082583477 7.733676577007078 6.33741536036654
305.76418586033 40.51348903843 0.0676 0.0769 15.2483 "" "" 2067545824067301120 1498.54395 0.6903 0.0913 -0.674 -11.124 0.094 0.091 7.706 6261.2 3.9534 12.850836 1.194438 13.359649 12.165211 -11.57 3.22 1317.86987 1661.10669 136336.55604 46.837 61881.0 40.792 107910.0 28.486 "" "" 0.002780452019532862 0.0028805034 0.003790234 0.0066707376 305.76418586033 40.51348903843 1498.54395 -0.6740000000000008 -11.124000000000002 2.7325744876861573 -5.699606346130372 0.21845382 0.21545383 17.251428571428573 3.843298 44.8972431980063 48.097549153112006 9.698598574524777 9.1576222394667
305.4896355376 40.73731014774 0.0104 0.0126 13.7406 "" "" 2068314653274266368 1651.56042 0.5899 0.0133 -3.244 -5.468 0.013 0.015 1.113 "" "" 12.869066 1.212467 13.383878 12.171411 "" "" 1610.7644 1690.03796 134066.54725 27.346 60515.0 38.832 107300.0 48.897 "" "" 0.002764205940255815 0.0028758391 0.0038116307 0.00668747 305.4896355376 40.73731014774 1651.56042 -3.2439999999999998 -5.468000000000002 0.162574487686157 -0.043606346130371065 0.13745382 0.13945383 "" "" 1.317683937433243 "" 0.18129876990875768 ""
305.68584800461 40.96839762537 0.014 0.0155 12.9705 "" "" 2068324175218427648 1629.65295 0.5954 0.0181 -5.976 -12.166 0.018 0.019 1.109 "" "" 12.88046 2.858693 14.518993 11.6603 -36.32 0.28 1583.94421 1679.13611 132666.94323 40.893 21273.0 28.775 171810.0 110.71 "" "" 0.002775570248385464 0.003153079 0.0038435915 0.0069966707 305.68584800461 40.96839762537 1629.65295 -5.976 -12.166 -2.5694255123138428 -6.7416063461303715 0.14245382 0.14345382 -7.498571428571427 0.9032979 55.729976115247204 56.23218661296581 7.987631018076432 7.917209738903125
305.73926768892 40.7336134809 0.0176 0.0203 3.0305 "" "" 2067564447045629696 1677.16138 0.587 0.0223 -3.332 -4.643 0.023 0.024 2.012 15097.9 3.9621 12.890081 1.522199 13.584108 12.06191 "" "" 1615.63879 1742.34619 131496.49209 38.42 50324.0 47.673 118680.0 103.61 "" "" 0.002773521432865788 0.002973709 0.0038964322 0.0068701413 305.73926768892 40.7336134809 1677.16138 -3.332 -4.642999999999999 0.07457448768615738 0.7813936538696291 0.14745383 0.14845383 "" "" 6.240106180075155 "" 0.9263115361732788 ""
305.77457093872 40.50814908345 0.0099 0.0129 15.5401 "" "" 2067545824067293440 1731.38538 0.566 0.0141 -3.307 -5.701 0.014 0.015 1.068 15004.7 3.5431 12.899004 1.985086 13.893016 11.907929 "" "" 1691.5177 1774.1123 130420.29165 32.175 37863.0 35.526 136770.0 65.529 "" "" 0.0027683090536094563 0.002970327 0.003815014 0.0067853406 305.77457093872 40.50814908345 1731.38538 -3.3069999999999986 -5.700999999999999 0.09957448768615729 -0.2766063461303707 0.13845383 0.13945383 "" "" 2.4126519194111307 "" 0.33617763832537445 ""
306.06948417858 40.90123343084 0.0075 0.0102 15.0538 "" "" 2067663025133756928 1688.51904 0.5727 0.0101 -2.994 -5.185 0.009 0.012 0.95 12405.4 3.6093 13.019411 1.54995 13.729452 12.179502 "" "" 1661.54761 1717.91016 116730.00103 40.154 44019.0 46.037 106500.0 82.207 "" "" 0.0027805177245049844 0.0030123799 0.0038711883 0.006883568 306.06948417858 40.90123343084 1688.51904 -2.994000000000001 -5.185000000000002 0.412574487686157 0.2393936538696293 0.13345383 0.13645382 "" "" 3.8176912467017505 "" 0.5123944253029963 ""
305.82193560201 40.77071893133 0.0088 0.0103 1.4957 "" "" 2067567642501256704 1672.2887 0.5782 0.011 -3.276 -5.504 0.011 0.013 1.015 "" "" 13.029778 1.40766 13.654817 12.247157 "" "" 1638.18372 1703.27747 115620.74043 28.258 47151.0 47.372 100070.0 35.246 "" "" 0.0027680685593384977 0.0029958216 0.0037986794 0.006794501 305.82193560201 40.77071893133 1672.2887 -3.276 -5.504 0.13057448768615743 -0.07960634613037065 0.13545382 0.13745382 "" "" 1.2122037450615641 "" 0.16485809604360047 ""
306.26674370788 40.80978036934 0.0095 0.0112 21.8363 "" "" 2067648319165689856 1767.78577 0.539 0.0122 -2.993 -4.658 0.013 0.015 1.157 "" "" 13.040059 1.225489 13.564743 12.339254 "" "" 1737.04187 1808.5144 114531.04285 24.181 51229.0 37.218 91930.0 29.565 "" "" 0.002764839369806916 0.0028995238 0.0037954778 0.0066950014 306.26674370788 40.80978036934 1767.78577 -2.9929999999999986 -4.658 0.41357448768615734 0.7663936538696285 0.13745382 0.13945383 "" "" 7.297229785046403 "" 1.0143534502879543 ""
305.92596142068 40.70887396755 0.0124 0.016 7.1178 "" "" 2067566336831108352 1699.32922 0.5599 0.0168 -3.153 -6.096 0.016 0.021 1.62 "" "" 13.13158 1.507706 13.813381 12.305675 "" "" 1652.48706 1745.53674 105272.42708 33.189 40744.0 33.471 94817.0 46.0 "" "" 0.00277650086135431 0.002929263 0.0038159115 0.0067451745 305.92596142068 40.70887396755 1699.32922 -3.1530000000000005 -6.096 0.2535744876861572 -0.6716063461303712 0.14045383 0.14545383 "" "" 5.7824136762957306 "" 0.8375213790106133 ""
305.8137654792 40.82620627928 0.0087 0.0101 3.7261 "" "" 2067571009755660672 1687.98083 0.5637 0.011 -3.513 -5.486 0.012 0.013 1.127 "" "" 13.158612 1.290732 13.716968 12.426235 "" "" 1658.5719 1722.59412 102683.76731 20.217 44528.0 35.597 84852.0 33.638 "" "" 0.002763600084463859 0.0029220574 0.0038038124 0.00672587 305.8137654792 40.82620627928 1687.98083 -3.5129999999999995 -5.485999999999999 -0.10642551231384267 -0.06160634613037086 0.13645382 0.13745382 "" "" 0.9838901524969736 "" 0.1345031915823425 ""
305.94538426951 40.77507887255 0.0098 0.0125 7.1045 "" "" 2067568256677537280 1623.22693 0.5881 0.0131 -3.531 -5.379 0.013 0.015 1.344 "" "" 13.164241 1.536643 13.839774 12.303131 "" "" 1593.09583 1660.43445 102152.87438 37.836 39766.0 75.867 95040.0 209.56 "" "" 0.002784512020390377 0.003475021 0.0044738147 0.007948836 305.94538426951 40.77507887255 1623.22693 -3.531 -5.379 -0.12442551231384291 0.04539365386962935 0.13745382 0.13945383 "" "" 1.019062329577435 "" 0.14031495518550174 ""
306.02722621135 40.85226419932 0.0079 0.0105 11.9529 "" "" 2067662509737681536 1940.30371 0.4864 0.0106 -2.021 -4.28 0.011 0.014 1.049 "" "" 13.173233 1.581698 13.901029 12.31933 "" "" 1897.45105 1978.20032 101310.2927 35.821 37584.0 38.073 93632.0 44.573 "" "" 0.0027819349464612273 0.0029991241 0.0038145604 0.0068136845 306.02722621135 40.85226419932 1940.30371 -2.0210000000000004 -4.28 1.3855744876861573 1.1443936538696287 0.13545382 0.13845383 "" "" 16.527705787805274 "" 2.2589795055267174 ""
