Clusters/NGC_6910/NGC_6910_members.tsv
# %ECSV 1.0
# ---
# datatype:
# - name: RA_ICRS_1
#   unit: deg
#   datatype: float64
#   format: '{:15.11f}'
#   description: Right ascension (ICRS) at Ep=2016.0 (ra)
#   meta: !!omap
#   - {ucd: POS_EQ_RA_MAIN}
#   - {width: 15}
#   - {precision: '11'}
# - name: DE_ICRS_1
#   unit: deg
#   datatype: float64
#   format: '{:15.11f}'
#   description: Declination (ICRS) at Ep=2016.0 (dec)
#   meta: !!omap
#   - {ucd: POS_EQ_DEC_MAIN}
#   - {width: 15}
#   - {precision: '11'}
# - name: e_RA_ICRS
#   unit: mas
#   datatype: float64
#   format: '{:7.4f}'
#   description: Standard error of right ascension (ra_error)
#   meta: !!omap
#   - {ucd: ERROR}
#   - {width: 7}
#   - {precision: '4'}
# - name: e_DE_ICRS
#   unit: mas
#   datatype: float64
#   format: '{:7.4f}'
#   description: Standard error of declination (dec_error)
#   meta: !!omap
#   - {ucd: ERROR}
#   - {width: 7}
#   - {precision: '4'}
# - name: _r_1
#   unit: ''
#   datatype: float64
#   format: '{:7.4f}'
#   description: Distance from center (305.78940738000+40.76690596000)[ICRS], at Epoch=J2016.0
#   meta: !!omap
#   - {ucd: POS_ANG_DIST_GENERAL}
#   - {width: 7}
#   - {precision: '4'}
# - name: HIP
#   datatype: int32
#   description: '? HIP cross-id number, van Leeuwen, Cat. I/311 (hip_original_ext_source_id)'
#   meta: !!omap
#   - {ucd: ID_NUMBER}
#   - {width: 6}
#   - values: {'null': -2147483648}
# - name: TYC2
#   datatype: string
#   description: Tycho-2 cross-id name, Hog et al., Cat. I/259 (tyc2_original_ext_source_id)
#   meta: !!omap
#   - {ucd: ID_CROSSID}
#   - {_votable_string_dtype: char}
# - name: Source
#   datatype: int64
#   description: Source identifier, identical to the Gaia-EDR3 source_id (id)
#   meta: !!omap
#   - {ucd: ID_MAIN}
#   - {width: 19}
# - name: rgeo
#   unit: pc
#   datatype: float64
#   format: '{:15.8f}'
#   description: '? Median of the geometric distance posterior (r_med_geo)'
#   meta: !!omap
#   - {ucd: PHYS_DISTANCE_TRUE}
#   - {width: 15}
#   - {precision: '8'}
#   - values: {'null': .nan}
# - name: Plx
#   unit: mas
#   datatype: float64
#   format: '{:9.4f}'
#   description: '? Parallax (parallax)'
#   meta: !!omap
#   - {ucd: POS_PARLX_TRIG}
#   - {width: 9}
#   - {precision: '4'}
#   - values: {'null': .nan}
# - name: e_Plx
#   unit: mas
#   datatype: float32
#   format: '{:7.4f}'
#   description: '? Standard error of parallax (parallax_error)'
#   meta: !!omap
#   - {ucd: ERROR}
#   - {width: 7}
#   - {precision: '4'}
#   - values: {'null': .nan}
# - name: pmRA
#   unit: mas / yr
#   datatype: float64
#   format: '{:9.3f}'
#   description: '? Proper motion in right ascension direction, pmRA*cosDE (pmra)'
#   meta: !!omap
#   - {ucd: POS_EQ_PMRA}
#   - {width: 9}
#   - {precision: '3'}
#   - values: {'null': .nan}
# - name: pmDE
#   unit: mas / yr
#   datatype: float64
#   format: '{:9.3f}'
#   description: '? Proper motion in declination direction (pmdec)'
#   meta: !!omap
#   - {ucd: POS_EQ_PMDEC}
#   - {width: 9}
#   - {precision: '3'}
#   - values: {'null': .nan}
# - name: e_pmRA
#   unit: mas / yr
#   datatype: float32
#   format: '{:6.3f}'
#   description: '? Standard error of proper motion in right ascension direction (pmra_error)'
#   meta: !!omap
#   - {ucd: ERROR}
#   - {width: 6}
#   - {precision: '3'}
#   - values: {'null': .nan}
# - name: e_pmDE
[...]
#       distance: !astropy.table.SerializedColumn
#         __class__: astropy.coordinates.distances.Distance
#         unit: !astropy.units.Unit {unit: pc}
#         value: !astropy.table.SerializedColumn {name: SkyCoord.distance}
#       frame: icrs
#       obstime: !astropy.time.Time {format: jyear_str, in_subfmt: '*', jd1: 367701545.0, jd2: 0.0, out_subfmt: '*', precision: 3, scale: tt}
#       pm_dec: !astropy.table.SerializedColumn
#         __class__: astropy.units.quantity.Quantity
#         unit: !astropy.units.Unit {unit: mas / yr}
#         value: !astropy.table.SerializedColumn {name: SkyCoord.pm_dec}
#       pm_ra_cosdec: !astropy.table.SerializedColumn
#         __class__: astropy.units.quantity.Quantity
#         unit: !astropy.units.Unit {unit: mas / yr}
#         value: !astropy.table.SerializedColumn {name: SkyCoord.pm_ra_cosdec}
#       ra: !astropy.table.SerializedColumn
#         __class__: astropy.coordinates.angles.Longitude
#         unit: *id001
#         value: !astropy.table.SerializedColumn {name: SkyCoord.ra}
#         wrap_angle: !astropy.coordinates.Angle
#           unit: *id001
#           value: 360.0
#       representation_type: spherical
# schema: astropy-2.0
RA_ICRS_1 DE_ICRS_1 e_RA_ICRS e_DE_ICRS _r_1 HIP TYC2 Source rgeo Plx e_Plx pmRA pmDE e_pmRA e_pmDE RUWE Teff logg Gmag BP-RP BPmag RPmag RV e_RV b_rgeo B_rgeo FG e_FG FBP e_FBP FRP e_FRP RAVE5 RAVE6 e_Gmag e_BPmag e_RPmag e_BP-RP SkyCoord.ra SkyCoord.dec SkyCoord.distance SkyCoord.pm_ra_cosdec SkyCoord.pm_dec rmRA rmDE e_rmRA e_rmDE rRV e_rRV v_pec v_pec3d e_vpec e_vpec3d Pmemb
[from data line 63]
305.73944553437 40.81103110834 0.0196 0.0219 3.4872 "" "" 2067571349054014080 1647.70996 0.5828 0.0251 -3.423 -5.515 0.027 0.026 1.02 "" "" 15.480474 1.394017 16.099926 14.705909 "" "" 1566.16968 1730.83911 12099.21126 3.3224 4959.6 9.3551 10394.0 11.201 "" "" 0.0027714033317075386 0.0034611092 0.00395635 0.007417459 305.73944553437 40.81103110834 1647.70996 -3.423 -5.515 -0.016425512313842816 -0.09060634613037077 0.15145382 0.15045384 "" "" 0.719182811096066 "" 0.10822676903344207 "" 1.0
305.80127137164 40.77097068521 0.0189 0.024 0.5917 "" "" 2067570219481782400 1700.97607 0.5593 0.0254 -3.572 -5.264 0.025 0.026 0.966 7993.5 4.1131 15.585599 1.565367 16.307772 14.742405 "" "" 1621.90076 1790.948 10982.65517 3.4973 4095.5 19.945 10051.0 17.947 "" "" 0.0027769273772674853 0.0059785307 0.0042476137 0.010226144 305.80127137164 40.77097068521 1700.97607 -3.571999999999999 -5.264000000000001 -0.16542551231384284 0.16039365386962867 0.14945383 0.15045384 "" "" 1.857761510586462 "" 0.27855132583285314 "" 0.9
305.83592560538 40.67714922169 0.0204 0.0246 5.7859 "" "" 2067566023294449408 1548.14636 0.6065 0.0262 -3.346 -5.565 0.026 0.029 1.058 "" "" 15.606265 1.69712 16.403656 14.706536 "" "" 1496.3407 1629.5155 10775.58016 3.5333 3749.3 8.4821 10388.0 11.862 "" "" 0.0027782249116407535 0.0037173037 0.00397754 0.0076948437 305.83592560538 40.67714922169 1548.14636 -3.346000000000001 -5.5649999999999995 0.06057448768615714 -0.14060634613037148 0.15045384 0.15345383 "" "" 1.1234758065040822 "" 0.1718784110756084 "" 0.9
305.77483415291 40.76127559829 0.02 0.0233 0.7435 "" "" 2067570150762190464 1680.73059 0.5665 0.0252 -3.395 -5.247 0.026 0.028 1.078 7981.3 4.1536 15.630222 1.483123 16.288572 14.805449 "" "" 1602.12573 1753.11218 10540.41314 3.2764 4168.6 31.497 9483.7 26.834 "" "" 0.0027759125192943846 0.008665086 0.0048704594 0.013535545 305.77483415291 40.76127559829 1680.73059 -3.3950000000000005 -5.247 0.011574487686157209 0.17739365386962902 0.15045384 0.15245382 "" "" 1.4162404993706914 "" 0.21589935215897665 "" 0.9
305.7597347012 40.77749552093 0.0203 0.024 1.4905 "" "" 2067570356920641536 1692.89832 0.5643 0.0263 -3.309 -5.662 0.027 0.028 1.018 7119.8 3.6461 15.667564 1.908821 16.607454 14.698633 "" "" 1622.10474 1772.60596 10184.06295 4.3201 3107.7 18.384 10464.0 15.297 "" "" 0.0027935489043437512 0.0070026834 0.0040991395 0.011101823 305.7597347012 40.77749552093 1692.89832 -3.3089999999999993 -5.661999999999999 0.09757448768615706 -0.23760634613037102 0.15145382 0.15245382 "" "" 2.061139227674618 "" 0.31393196452373184 "" 0.8
305.90097414157 40.79972346989 0.0212 0.0249 5.4376 "" "" 2067569051250492928 1774.5481 0.5337 0.0266 -3.407 -5.334 0.028 0.031 1.019 "" "" 15.68561 1.709639 16.493439 14.783799 "" "" 1702.85254 1857.22717 10016.19724 3.6257 3451.8 9.9215 9674.7 11.383 "" "" 0.002783209146807847 0.0041861674 0.003989436 0.008175604 305.90097414157 40.79972346989 1774.5481 -3.4070000000000005 -5.334 -0.00042551231384280186 0.09039365386962928 0.15245382 0.15545383 "" "" 0.760341807115783 "" 0.11819799669691064 "" 0.9
305.78928430594 40.81914613394 0.0208 0.0234 3.1344 "" "" 2067570941036198912 1701.23865 0.5646 0.0264 -3.386 -5.275 0.027 0.028 1.022 "" "" 15.714623 1.498564 16.394876 14.896313 "" "" 1634.48816 1791.86353 9752.07968 2.9288 3779.8 9.1785 8722.3 13.9 "" "" 0.0027745475243983013 0.0038387708 0.004156619 0.007995389 305.78928430594 40.81914613394 1701.23865 -3.386 -5.274999999999999 0.020574487686157106 0.14939365386962855 0.15145382 0.15245382 "" "" 1.2160620793512815 "" 0.18537075263645555 "" 1.0
305.78234724633 40.77290119889 0.0223 0.0253 0.482 "" "" 2067570253841407744 1681.42224 0.5709 0.0284 -3.628 -5.554 0.028 0.03 1.066 7485.4 3.5725 15.73378 1.600904 16.467232 14.866327 "" "" 1618.8252 1752.83594 9581.53183 3.6798 3536.1 26.641 8966.6 21.516 "" "" 0.0027866934532627596 0.0086427145 0.0045903516 0.013233066 305.78234724633 40.77290119889 1681.42224 -3.6280000000000006 -5.554000000000004 -0.2214255123138429 -0.12960634613037136 0.15245382 0.15445383 "" "" 2.044830746675191 "" 0.3127909554526584 "" 1.0
305.8394328553 40.77256325334 0.0232 0.0269 2.2984 "" "" 2067567676860982016 2025.0697 0.467 0.0289 -3.737 -5.19 0.03 0.033 1.093 9300.3 3.6664 15.738344 2.00934 16.716326 14.706985 "" "" 1934.93811 2164.02026 9541.33661 4.1543 2811.2 8.5602 10384.0 14.54 "" "" 0.0027955791576697252 0.004326126 0.004073694 0.00839982 305.8394328553 40.77256325334 2025.0697 -3.737000000000001 -5.190000000000001 -0.3304255123138429 0.23439365386962852 0.15445383 0.15745384 "" "" 3.888668563919445 "" 0.6045500723468591 "" 0.8
305.93786042839 40.75394439739 0.0211 0.0259 6.7914 "" "" 2067567951738822912 1586.53345 0.5995 0.0275 -3.252 -5.358 0.027 0.032 0.921 "" "" 15.747885 1.718413 16.562817 14.844403 "" "" 1523.91919 1654.37756 9457.85913 3.2434 3238.1 8.0297 9149.5 12.353 "" "" 0.0027803635656748647 0.003877352 0.0040537072 0.007931059 305.93786042839 40.75394439739 1586.53345 -3.251999999999999 -5.357999999999995 0.15457448768615745 0.06639365386962925 0.15145382 0.15645383 "" "" 1.2651192211222642 "" 0.19260605475294956 "" 0.8
305.81606642595 40.72851240907 0.0229 0.026 2.6029 "" "" 2067567161464898688 1806.94299 0.5205 0.03 -3.478 -5.384 0.03 0.029 0.982 9027.9 3.4794 15.760461 2.008398 16.76544 14.757042 "" "" 1702.80872 1927.37219 9348.9447 3.5555 2686.8 10.388 9916.1 18.568 "" "" 0.0027860885771385227 0.0050404863 0.0042915065 0.009331993 305.81606642595 40.72851240907 1806.94299 -3.478 -5.384 -0.07142551231384298 0.040393653869628565 0.15445383 0.15345383 "" "" 0.7028055736092952 "" 0.10838112124002046 "" 1.0
305.74737533089 40.78675687887 0.0227 0.0242 2.2507 "" "" 2067570425640131456 1747.76038 0.5398 0.0277 -3.501 -5.335 0.03 0.03 0.998 7491.6 3.8924 15.841682 1.794842 16.706291 14.911449 "" "" 1680.55457 1827.84167 8675.08757 3.5903 2837.3 8.2275 8601.6 11.02 "" "" 0.0027917201688653173 0.00420682 0.004027233 0.008234053 305.74737533089 40.78675687887 1747.76038 -3.5010000000000003 -5.334999999999997 -0.09442551231384266 0.08939365386962894 0.15445383 0.15445383 "" "" 1.0772057935702188 "" 0.16637855936342028 "" 1.0
305.64536320581 40.83351935293 0.0224 0.0239 7.6667 "" "" 2068316474338570368 1627.88342 0.587 0.0281 -3.654 -5.601 0.031 0.03 0.997 "" "" 15.865642 2.109337 16.932749 14.823412 "" "" 1561.22791 1686.90796 8485.74851 3.1941 2303.1 10.225 9328.1 15.027 "" "" 0.0027854637288980094 0.0055695977 0.004164483 0.009734081 305.64536320581 40.83351935293 1627.88342 -3.6539999999999995 -5.600999999999999 -0.2474255123138427 -0.17660634613037107 0.15545383 0.15445383 "" "" 2.345628409770058 "" 0.3638469185346896 "" 1.0
305.79702937793 40.79938519201 0.0225 0.0251 1.9793 "" "" 2067570872316702592 1704.27539 0.5561 0.0277 -3.562 -5.338 0.03 0.03 1.024 7986.2 4.1542 15.8867 1.534596 16.59047 15.055874 "" "" 1617.09155 1786.14319 8322.74702 2.7292 3156.7 13.736 7530.2 15.513 "" "" 0.0027782279387248794 0.0054868455 0.0043916614 0.009878507 305.79702937793 40.79938519201 1704.27539 -3.5619999999999994 -5.338000000000001 -0.1554255123138426 0.08639365386962883 0.15445383 0.15445383 "" "" 1.43649987943616 "" 0.22187290663762615 "" 1.0
305.80377825292 40.7480205941 0.0229 0.0268 1.3079 "" "" 2067567230184395520 1721.05847 0.5567 0.0293 -3.4 -5.467 0.03 0.031 0.989 "" "" 15.990723 1.661475 16.768106 15.106631 "" "" 1642.79614 1799.25549 7562.36531 3.2217 2680.2 11.283 7186.3 11.576 "" "" 0.0027938745631603127 0.005355021 0.004164439 0.00951946 305.80377825292 40.7480205941 1721.05847 -3.4 -5.466999999999999 0.006574487686157315 -0.04260634613037073 0.15445383 0.15545383 "" "" 0.35168846635195633 "" 0.05466316582817163 "" 0.8
305.88824987329 40.73814388332 0.0238 0.0306 4.8127 "" "" 2067566680428521856 1863.52686 0.5059 0.0313 -3.398 -5.522 0.03 0.037 0.945 9268.7 3.6201 15.996557 1.829085 16.858679 15.029593 "" "" 1771.46338 1986.10132 7521.83314 3.3734 2465.7 16.5 7714.7 32.446 "" "" 0.002798015779314739 0.007782875 0.0059274794 0.013710354 305.88824987329 40.73814388332 1863.52686 -3.3980000000000006 -5.5219999999999985 0.008574487686157095 -0.09760634613037134 0.15445383 0.16145383 "" "" 0.8654886789267174 "" 0.1396910628448259 "" 0.9
305.7299623348 40.75010231207 0.0249 0.0273 2.8837 "" "" 2067564515765124608 1669.8562 0.5741 0.0309 -3.667 -5.645 0.031 0.033 0.955 9472.0 3.995 16.133633 1.663547 16.90469 15.241143 "" "" 1579.84387 1752.17639 6629.69781 2.6502 2363.4 11.424 6348.9 10.187 "" "" 0.0027892942276220843 0.005943737 0.004161565 0.010105303 305.7299623348 40.75010231207 1669.8562 -3.667 -5.645 -0.2604255123138426 -0.22060634613037067 0.15545383 0.15745384 "" "" 2.701463734649083 "" 0.42221856062909274 "" 1.0
305.82729689226 40.7556455158 0.0395 0.0513 1.8497 "" "" 2067567573781764864 1708.88953 0.5488 0.0513 -3.605 -5.532 0.049 0.072 1.126 "" "" 16.16278 2.083253 17.151316 15.068063 "" "" 1580.00195 1837.20068 6454.08343 5.4829 1883.2 63.633 7446.2 68.111 "" "" 0.0029056042065247504 0.03679278 0.010626137 0.04741892 305.82729689226 40.7556455158 1708.88953 -3.6049999999999995 -5.532 -0.19842551231384276 -0.10760634613037112 0.17345382 0.19645382 "" "" 1.8284038933687967 "" 0.3271754845821525 "" 0.9
305.85202926356 40.76049645722 0.0264 0.0386 2.8717 "" "" 2067567608141492224 1851.98047 0.5132 0.0358 -3.531 -5.413 0.034 0.044 0.999 9055.9 3.6427 16.275864 1.938966 17.229197 15.290231 "" "" 1721.12292 1990.11475 5815.68797 2.7068 1752.8 10.274 6068.3 11.537 "" "" 0.0028012770060605405 0.006948798 0.004306346 0.011255144 305.85202926356 40.76049645722 1851.98047 -3.530999999999998 -5.412999999999997 -0.12442551231384291 0.01139365386962865 0.15845382 0.16845383 "" "" 1.0968251173458 "" 0.17389018951732313 "" 0.9
305.8358784487 40.69714737611 0.0281 0.0356 4.6886 "" "" 2067566886586963456 1625.65234 0.5944 0.0381 -3.315 -5.434 0.035 0.038 1.021 8598.7 3.7159 16.304867 1.84322 17.19737 15.354151 "" "" 1533.55981 1735.61609 5662.39319 2.6095 1805.0 10.672 5721.3 10.586 "" "" 0.0028003836074401256 0.006999532 0.0042801243 0.011279657 305.8358784487 40.69714737611 1625.65234 -3.315 -5.434 0.09157448768615728 -0.009606346130371257 0.15945382 0.16245383 "" "" 0.7095075834233923 "" 0.11315708124837047 "" 0.8
305.81524754678 40.78031482782 0.0299 0.0325 1.4233 "" "" 2067570597438770432 1643.2428 0.5896 0.037 -3.377 -5.524 0.037 0.038 0.953 "" "" 16.336916 2.027269 17.358177 15.330908 "" "" 1540.79858 1734.15796 5497.69096 2.5685 1556.5 9.9694 5845.1 13.065 "" "" 0.0028016234150749623 0.007493016 0.0044914694 0.011984485 305.81524754678 40.78031482782 1643.2428 -3.376999999999997 -5.523999999999997 0.029574487686157447 -0.09960634613037112 0.16145383 0.16245383 "" "" 0.8093064774451406 "" 0.13140955607235455 "" 0.9
305.77524503527 40.81308770494 0.03 0.0316 2.8446 "" "" 2067570941036203776 1899.9928 0.5026 0.037 -3.457 -5.282 0.038 0.036 0.958 6960.2 3.8263 16.341442 1.909674 17.284567 15.374893 "" "" 1770.70667 2061.60718 5474.81731 2.7228 1665.7 12.126 5613.1 13.449 "" "" 0.0028077318310538186 0.00838199 0.0045881527 0.012970142 305.77524503527 40.81308770494 1899.9928 -3.4570000000000003 -5.281999999999997 -0.050425512313842624 0.14239365386962888 0.16245383 0.16045383 "" "" 1.3604281288737134 "" 0.21859076636510655 "" 0.9
305.8761674479 40.81607143558 0.0303 0.0365 4.9229 "" "" 2067569291768685824 1712.99658 0.5599 0.0395 -3.406 -5.559 0.039 0.043 0.951 9240.8 3.663 16.381523 1.928513 17.332308 15.403795 "" "" 1605.18555 1806.57996 5276.4016 2.5173 1594.0 9.13 5465.6 11.405 "" "" 0.0028035875407835917 0.006816051 0.004406431 0.011222482 305.8761674479 40.81607143558 1712.99658 -3.405999999999998 -5.558999999999998 0.000574487686157088 -0.13460634613037126 0.16345383 0.16745383 "" "" 1.092960152116676 "" 0.1830202798817066 "" 0.8
305.7389694732 40.80086918912 0.0292 0.0327 3.0665 "" "" 2067571181554387072 1622.17468 0.5864 0.0376 -3.406 -5.483 0.039 0.038 0.982 "" "" 16.424978 1.879576 17.352026 15.47245 "" "" 1535.54065 1716.86792 5069.38965 2.4663 1565.3 9.8021 5130.7 9.7079 "" "" 0.0028054955657323736 0.0073492597 0.0043016337 0.011650894 305.7389694732 40.80086918912 1622.17468 -3.4059999999999997 -5.482999999999997 0.000574487686157088 -0.058606346130370746 0.16345383 0.16245383 "" "" 0.4506521736197545 "" 0.0732102151432268 "" 1.0
305.68921298102 40.77051897174 0.0306 0.0352 4.5581 "" "" 2067565306039140736 1636.88525 0.5814 0.0379 -3.437 -5.411 0.039 0.044 0.973 8660.5 4.1516 16.457945 2.045513 17.491758 15.446245 "" "" 1540.67651 1758.03296 4917.77523 2.4678 1376.3 9.247 5256.1 10.203 "" "" 0.002808671453584131 0.007810174 0.004327322 0.012137496 305.68921298102 40.77051897174 1636.88525 -3.4369999999999994 -5.411 -0.030425512313842606 0.013393653869629318 0.16345383 0.16845383 "" "" 0.25792753815411473 "" 0.04237125864085434 "" 0.8
305.74692857913 40.95605776009 0.0322 0.036 11.5116 "" "" 2068324587535246848 1818.92163 0.5273 0.0417 -3.313 -5.529 0.041 0.044 0.954 "" "" 16.478529 1.952433 17.445786 15.493353 "" "" 1700.59155 1942.46167 4825.42392 2.4678 1435.8 9.4927 5032.9 8.709 "" "" 0.002810712796954781 0.0077014724 0.004220606 0.011922078 305.74692857913 40.95605776009 1818.92163 -3.313 -5.529 0.09357448768615706 -0.10460634613037101 0.16545382 0.16845383 "" "" 1.2100708745810296 "" 0.2022354599152141 "" 0.8
305.78767635143 40.73506422933 0.0315 0.0358 1.9121 "" "" 2067567127105184000 1672.14429 0.5681 0.0398 -3.449 -5.334 0.04 0.041 1.054 8916.8 4.2148 16.49155 2.026627 17.516827 15.4902 "" "" 1564.79529 1777.03516 4767.89416 2.3875 1344.9 7.025 5047.5 8.8184 "" "" 0.002808446942884355 0.0063204747 0.0042286934 0.010549168 305.78767635143 40.73506422933 1672.14429 -3.4490000000000007 -5.334 -0.04242551231384262 0.09039365386962928 0.16445383 0.16545382 "" "" 0.7914437842278299 "" 0.13080488546975672 "" 1.0
305.76635848183 40.87141327637 0.0302 0.0356 6.3572 "" "" 2067572006188128000 1618.01636 0.5878 0.0392 -3.367 -5.48 0.041 0.044 0.978 7957.2 4.0455 16.49808 2.246859 17.672756 15.425898 "" "" 1526.67017 1723.15088 4739.30575 2.4414 1165.0 12.583 5355.5 10.706 "" "" 0.002811514045573855 0.012054245 0.0043582814 0.016412526 305.76635848183 40.87141327637 1618.01636 -3.3670000000000013 -5.480000000000002 0.039574487686157234 -0.05560634613037152 0.16545382 0.16845383 "" "" 0.5234444342568649 "" 0.08765139341763002 "" 1.0
305.82932246724 40.85266742652 0.0324 0.0364 5.4556 "" "" 2067572517285735552 1732.13147 0.5531 0.0404 -3.451 -5.326 0.041 0.045 1.019 9234.0 4.3037 16.579601 1.842423 17.455484 15.613061 "" "" 1651.72717 1858.02173 4396.49042 2.403 1423.1 8.0765 4507.5 14.907 "" "" 0.0028185018268630283 0.0067641414 0.0052131405 0.011977281 305.82932246724 40.85266742652 1732.13147 -3.450999999999999 -5.325999999999997 -0.04442551231384284 0.09839365386962928 0.16545382 0.16945383 "" "" 0.8863681946624653 "" 0.14960400943575525 "" 0.8
305.59747376689 40.52670142699 0.0401 0.0414 16.8541 "" "" 2067561251589937024 1637.37695 0.5761 0.052 -3.257 -5.485 0.056 0.049 1.097 "" "" 16.680561 2.583747 18.098223 15.514476 "" "" 1519.33191 1829.96997 4006.1082 2.5287 787.28 6.8677 4935.9 15.899 "" "" 0.002839271891080803 0.009873665 0.0051492276 0.0150228925 305.59747376689 40.52670142699 1637.37695 -3.257 -5.484999999999999 0.1495744876861571 -0.060606346130371413 0.18045384 0.17345382 "" "" 1.2525488392359112 "" 0.22481145576292613 "" 0.9
305.84743464766 40.74949706698 0.0335 0.0437 2.8366 "" "" 2067567367623490944 1551.02551 0.6234 0.0437 -3.369 -5.374 0.043 0.055 0.961 "" "" 16.697325 2.128013 17.795996 15.667983 "" "" 1453.26355 1645.49597 3944.726 2.306 1040.0 7.8563 4285.1 9.4484 "" "" 0.0028274777265799122 0.008663402 0.004473801 0.013137203 305.84743464766 40.74949706698 1551.02551 -3.3689999999999998 -5.3740000000000006 0.03757448768615701 0.05039365386962924 0.16745383 0.17945382 "" "" 0.46213697584224006 "" 0.08099436893540549 "" 0.8
