Clusters/NGC_6910/NGC_6910_members.tsv
# %ECSV 1.0
# ---
# datatype:
# - name: RA_ICRS_1
#   unit: deg
#   datatype: float64
#   format: '{:15.11f}'
#   description: Right ascension (ICRS) at Ep=2016.0 (ra)
#   meta: !!omap
#   - {ucd: POS_EQ_RA_MAIN}
#   - {width: 15}
#   - {precision: '11'}
# - name: DE_ICRS_1
#   unit: deg
#   datatype: float64
#   format: '{:15.11f}'
#   description: Declination (ICRS) at Ep=2016.0 (dec)
#   meta: !!omap
#   - {ucd: POS_EQ_DEC_MAIN}
#   - {width: 15}
#   - {precision: '11'}
# - name: e_RA_ICRS
#   unit: mas
#   datatype: float64
#   format: '{:7.4f}'
#   description: Standard error of right ascension (ra_error)
#   meta: !!omap
#   - {ucd: ERROR}
#   - {width: 7}
#   - {precision: '4'}
# - name: e_DE_ICRS
#   unit: mas
#   datatype: float64
#   format: '{:7.4f}'
#   description: Standard error of declination (dec_error)
#   meta: !!omap
#   - {ucd: ERROR}
#   - {width: 7}
#   - {precision: '4'}
# - name: _r_1
#   unit: ''
#   datatype: float64
#   format: '{:7.4f}'
#   description: Distance from center (305.78940738000+40.76690596000)[ICRS], at Epoch=J2016.0
#   meta: !!omap
#   - {ucd: POS_ANG_DIST_GENERAL}
#   - {width: 7}
#   - {precision: '4'}
# - name: HIP
#   datatype: int32
#   description: '? HIP cross-id number, van Leeuwen, Cat. I/311 (hip_original_ext_source_id)'
#   meta: !!omap
#   - {ucd: ID_NUMBER}
#   - {width: 6}
#   - values: {'null': -2147483648}
# - name: TYC2
#   datatype: string
#   description: Tycho-2 cross-id name, Hog et al., Cat. I/259 (tyc2_original_ext_source_id)
#   meta: !!omap
#   - {ucd: ID_CROSSID}
#   - {_votable_string_dtype: char}
# - name: Source
#   datatype: int64
#   description: Source identifier, identical to the Gaia-EDR3 source_id (id)
#   meta: !!omap
#   - {ucd: ID_MAIN}
#   - {width: 19}
# - name: rgeo
#   unit: pc
#   datatype: float64
#   format: '{:15.8f}'
#   description: '? Median of the geometric distance posterior (r_med_geo)'
#   meta: !!omap
#   - {ucd: PHYS_DISTANCE_TRUE}
#   - {width: 15}
#   - {precision: '8'}
#   - values: {'null': .nan}
# - name: Plx
#   unit: mas
#   datatype: float64
#   format: '{:9.4f}'
#   description: '? Parallax (parallax)'
#   meta: !!omap
#   - {ucd: POS_PARLX_TRIG}
#   - {width: 9}
#   - {precision: '4'}
#   - values: {'null': .nan}
# - name: e_Plx
#   unit: mas
#   datatype: float32
#   format: '{:7.4f}'
#   description: '? Standard error of parallax (parallax_error)'
#   meta: !!omap
#   - {ucd: ERROR}
#   - {width: 7}
#   - {precision: '4'}
#   - values: {'null': .nan}
# - name: pmRA
#   unit: mas / yr
#   datatype: float64
#   format: '{:9.3f}'
#   description: '? Proper motion in right ascension direction, pmRA*cosDE (pmra)'
#   meta: !!omap
#   - {ucd: POS_EQ_PMRA}
#   - {width: 9}
#   - {precision: '3'}
#   - values: {'null': .nan}
# - name: pmDE
#   unit: mas / yr
#   datatype: float64
#   format: '{:9.3f}'
#   description: '? Proper motion in declination direction (pmdec)'
#   meta: !!omap
#   - {ucd: POS_EQ_PMDEC}
#   - {width: 9}
#   - {precision: '3'}
#   - values: {'null': .nan}
# - name: e_pmRA
#   unit: mas / yr
#   datatype: float32
#   format: '{:6.3f}'
#   description: '? Standard error of proper motion in right ascension direction (pmra_error)'
#   meta: !!omap
#   - {ucd: ERROR}
#   - {width: 6}
#   - {precision: '3'}
#   - values: {'null': .nan}
# - name: e_pmDE
[...]
#       distance: !astropy.table.SerializedColumn
#         __class__: astropy.coordinates.distances.Distance
#         unit: !astropy.units.Unit {unit: pc}
#         value: !astropy.table.SerializedColumn {name: SkyCoord.distance}
#       frame: icrs
#       obstime: !astropy.time.Time {format: jyear_str, in_subfmt: '*', jd1: 367701545.0, jd2: 0.0, out_subfmt: '*', precision: 3, scale: tt}
#       pm_dec: !astropy.table.SerializedColumn
#         __class__: astropy.units.quantity.Quantity
#         unit: !astropy.units.Unit {unit: mas / yr}
#         value: !astropy.table.SerializedColumn {name: SkyCoord.pm_dec}
#       pm_ra_cosdec: !astropy.table.SerializedColumn
#         __class__: astropy.units.quantity.Quantity
#         unit: !astropy.units.Unit {unit: mas / yr}
#         value: !astropy.table.SerializedColumn {name: SkyCoord.pm_ra_cosdec}
#       ra: !astropy.table.SerializedColumn
#         __class__: astropy.coordinates.angles.Longitude
#         unit: *id001
#         value: !astropy.table.SerializedColumn {name: SkyCoord.ra}
#         wrap_angle: !astropy.coordinates.Angle
#           unit: *id001
#           value: 360.0
#       representation_type: spherical
# schema: astropy-2.0
RA_ICRS_1 DE_ICRS_1 e_RA_ICRS e_DE_ICRS _r_1 HIP TYC2 Source rgeo Plx e_Plx pmRA pmDE e_pmRA e_pmDE RUWE Teff logg Gmag BP-RP BPmag RPmag RV e_RV b_rgeo B_rgeo FG e_FG FBP e_FBP FRP e_FRP RAVE5 RAVE6 e_Gmag e_BPmag e_RPmag e_BP-RP SkyCoord.ra SkyCoord.dec SkyCoord.distance SkyCoord.pm_ra_cosdec SkyCoord.pm_dec rmRA rmDE e_rmRA e_rmDE rRV e_rRV v_pec v_pec3d e_vpec e_vpec3d Pmemb
[from data line 31]
305.75853746868 40.77129301636 0.01 0.0119 1.4272 "" "" 2067570356920638208 1654.42334 0.5748 0.0127 -3.422 -5.535 0.014 0.014 1.018 "" "" 13.933983 1.263658 14.477403 13.213745 "" "" 1628.63623 1689.00122 50275.17153 10.813 22103.0 32.739 41083.0 33.222 "" "" 0.0027651978587430654 0.003220456 0.0038800242 0.00710048 305.75853746868 40.77129301636 1654.42334 -3.4220000000000006 -5.5349999999999975 -0.015425512313842926 -0.11060634613037124 0.13845383 0.13845383 "" "" 0.875765829575057 "" 0.12125313005468578 "" 0.8
305.6838725854 40.89914514475 0.0103 0.0117 9.2686 "" "" 2068322629030169216 1694.58276 0.5578 0.0129 -3.199 -5.447 0.013 0.014 1.033 "" "" 14.047794 1.78102 14.901109 13.120089 "" "" 1656.62427 1745.12183 45271.92189 10.436 14961.0 19.826 44784.0 33.053 "" "" 0.0027666641350737545 0.0031392958 0.0038634 0.007002696 305.6838725854 40.89914514475 1694.58276 -3.1990000000000003 -5.447000000000001 0.20757448768615738 -0.022606346130371158 0.13745382 0.13845383 "" "" 1.6771637958330996 "" 0.2305523076680956 "" 0.8
305.63131626995 40.80286452347 0.0106 0.0114 7.4991 "" "" 2068316169399862656 1718.09155 0.5538 0.013 -3.076 -5.358 0.014 0.014 1.032 "" "" 14.117492 1.511829 14.802859 13.29103 -67.21 6.67 1681.83008 1752.953 42457.06796 9.4621 16378.0 20.94 38260.0 18.615 "" "" 0.0027659246137051842 0.0031164149 0.003816121 0.006932536 305.63131626995 40.80286452347 1718.09155 -3.0759999999999996 -5.3580000000000005 0.33057448768615716 0.06639365386962925 0.13845383 0.13845383 -38.388571428571424 15.040001 2.745877827819904 38.48665043066028 0.3801772918366529 15.0016976462158 0.8
306.00747222889 40.76197536504 0.011 0.0142 9.9142 "" "" 2067556647384872192 1713.11816 0.5507 0.0145 -3.202 -5.476 0.015 0.019 1.055 "" "" 14.17663 1.653162 14.947843 13.294681 "" "" 1680.59131 1749.91992 40206.37411 13.715 14331.0 32.681 38132.0 33.427 "" "" 0.002780100116524211 0.003730337 0.0038973829 0.00762772 306.00747222889 40.76197536504 1713.11816 -3.202 -5.476 0.20457448768615727 -0.05160634613037107 0.13945383 0.14345382 "" "" 1.7132220642035707 "" 0.23933089369321062 "" 0.9
305.89892143304 40.75898061705 0.011 0.0142 4.9995 "" "" 2067566714788606080 1683.6709 0.5635 0.0152 -3.526 -5.516 0.016 0.02 1.008 "" "" 14.197975 1.556112 14.91153 13.355418 "" "" 1644.41553 1730.26807 39423.62584 10.241 14819.0 18.801 36057.0 26.353 "" "" 0.0027697176298831024 0.003111673 0.0038617898 0.006973463 305.89892143304 40.75898061705 1683.6709 -3.526 -5.516 -0.11942551231384257 -0.09160634613037111 0.14045383 0.14445382 "" "" 1.2011843884303586 "" 0.1705065390523335 "" 1.0
305.85556507651 40.80262475875 0.0145 0.0178 3.6914 "" "" 2067567814299944064 1833.70007 0.5128 0.019 -3.448 -5.408 0.019 0.022 1.322 "" "" 14.263031 1.59819 14.999133 13.400943 -6.04 6.99 1770.42126 1905.86902 37130.81898 11.273 13670.0 21.705 34577.0 25.677 "" "" 0.002774967859236929 0.0032797754 0.0038644276 0.007144203 305.85556507651 40.80262475875 1833.70007 -3.4480000000000004 -5.408000000000001 -0.04142551231384273 0.016393653869628544 0.14345382 0.14645383 22.781428571428574 15.360001 0.38722888828812185 22.78471930849768 0.05570817839432278 15.35778223505438 1.0
305.75877680769 40.7659255165 0.011 0.0127 1.3932 "" "" 2067570356920633856 1553.98804 0.6142 0.014 -3.314 -5.491 0.014 0.015 0.981 7958.0 3.8013 14.286862 1.240635 14.816943 13.576308 "" "" 1520.78796 1587.47729 36324.67656 6.7223 16167.0 17.008 29419.0 17.187 "" "" 0.002762636686151801 0.0030149138 0.0038322404 0.0068471543 305.75877680769 40.7659255165 1553.98804 -3.314000000000001 -5.491 0.09257448768615717 -0.06660634613037075 0.13845383 0.13945383 "" "" 0.8400502264345238 "" 0.11659538407116513 "" 0.8
305.77408611878 40.75453524383 0.0146 0.0172 1.0177 "" "" 2067570150762186752 1650.41565 0.5763 0.0183 -3.508 -5.462 0.02 0.02 1.335 "" "" 14.314356 1.42287 14.944569 13.521699 "" "" 1604.13538 1697.11633 35416.41353 7.2422 14374.0 21.069 30937.0 23.421 "" "" 0.002764250686740627 0.003212123 0.0038677317 0.0070798546 305.77408611878 40.75453524383 1650.41565 -3.5080000000000013 -5.461999999999996 -0.10142551231384278 -0.03760634613037084 0.14445382 0.14445382 "" "" 0.8462332092056406 "" 0.1222416226986512 "" 1.0
305.91897371117 40.8028675085 0.0122 0.014 6.2692 "" "" 2067569085610222336 1715.19922 0.552 0.0153 -3.416 -5.479 0.016 0.017 1.031 "" "" 14.31728 1.675565 15.102959 13.427394 "" "" 1670.30688 1760.005 35321.14306 9.0346 12423.0 23.983 33744.0 25.961 "" "" 0.002769280541669007 0.003489766 0.003870591 0.007360357 305.91897371117 40.8028675085 1715.19922 -3.4160000000000017 -5.478999999999999 -0.009425512313842699 -0.054606346130371186 0.14045383 0.14145383 "" "" 0.4505169489930929 "" 0.06371435950584982 "" 1.0
305.54218654547 40.84824161929 0.0112 0.0132 12.2422 "" "" 2068317097112346752 1646.7146 0.5778 0.014 -3.299 -5.459 0.015 0.017 0.982 "" "" 14.317652 1.545165 15.024505 13.47934 "" "" 1611.42493 1687.52332 35309.03831 9.408 13354.0 16.172 32168.0 22.294 "" "" 0.0027704654821101263 0.0030844582 0.0038535614 0.00693802 305.54218654547 40.84824161929 1646.7146 -3.2990000000000004 -5.459 0.1075744876861573 -0.034606346130370724 0.13945383 0.14145383 "" "" 0.8820433069400118 "" 0.12317083157716 "" 0.9
305.67837759007 40.71290963208 0.0115 0.0129 5.9978 "" "" 2067564721923648896 1706.98169 0.5574 0.0144 -3.484 -5.436 0.015 0.016 1.012 "" "" 14.322479 1.827958 15.205265 13.377307 "" "" 1672.76599 1739.57227 35152.41066 8.1893 11306.0 30.816 35337.0 36.14 "" "" 0.0027669057778257583 0.004067261 0.0039391285 0.008006389 305.67837759007 40.71290963208 1706.98169 -3.483999999999999 -5.436 -0.07742551231384276 -0.011606346130371037 0.13945383 0.14045383 "" "" 0.6334564997001667 "" 0.0883519043890256 "" 1.0
305.88660027883 40.79802603927 0.0124 0.0149 4.7942 "" "" 2067569016890764032 1628.81079 0.5781 0.0158 -3.26 -5.35 0.017 0.018 0.94 "" "" 14.466149 1.721503 15.282186 13.560683 "" "" 1589.52563 1675.19006 30795.47366 7.9676 10533.0 15.854 29846.0 17.117 "" "" 0.00276960267972272 0.003233532 0.0038303342 0.007063866 305.88660027883 40.79802603927 1628.81079 -3.259999999999998 -5.35 0.14657448768615744 0.07439365386962926 0.14145383 0.14245382 "" "" 1.2690524321871732 "" 0.17977300645640415 "" 0.9
305.79617333859 40.78758329714 0.012 0.0137 1.2782 "" "" 2067570288201144960 1755.65161 0.5358 0.015 -3.579 -5.384 0.016 0.017 1.055 "" "" 14.467199 1.396134 15.085295 13.68916 "" "" 1706.59033 1798.53101 30765.71984 7.0708 12627.0 19.261 26515.0 20.604 "" "" 0.002766596371523324 0.003244676 0.003872408 0.007117084 305.79617333859 40.78758329714 1755.65161 -3.578999999999999 -5.384 -0.17242551231384295 0.040393653869628565 0.14045383 0.14145383 "" "" 1.4737369499975124 "" 0.20706893088586975 "" 1.0
305.87546380883 40.76392016298 0.0129 0.0166 3.9148 "" "" 2067567505062262912 1650.97717 0.5802 0.0171 -3.402 -5.46 0.017 0.02 1.141 "" "" 14.534374 1.631347 15.29469 13.663343 "" "" 1608.69653 1687.47278 28919.90544 9.5395 10412.0 17.445 27153.0 22.291 "" "" 0.0027784984771361183 0.003330802 0.003883064 0.0072138663 305.87546380883 40.76392016298 1650.97717 -3.402 -5.46 0.0045744876861570916 -0.03560634613037106 0.14145383 0.14445382 "" "" 0.28093231420705683 "" 0.04056820188047664 "" 1.0
305.84586169045 40.73659332732 0.0123 0.0162 3.1452 "" "" 2067567367623313920 1617.4845 0.588 0.0164 -3.384 -5.569 0.016 0.019 1.099 "" "" 14.538147 1.595305 15.273272 13.677967 "" "" 1580.42773 1656.3053 28819.60701 7.605 10620.0 19.856 26790.0 29.368 "" "" 0.002770176124065885 0.0034504875 0.0039623654 0.0074128527 305.84586169045 40.73659332732 1617.4845 -3.3840000000000003 -5.569000000000003 0.02257448768615733 -0.14460634613037104 0.14045383 0.14345382 "" "" 1.1221071088473367 "" 0.16089128449709764 "" 0.8
305.46747641155 40.67846534884 0.0146 0.0183 15.5711 "" "" 2068314417052715776 1613.68311 0.5878 0.0193 -3.335 -5.441 0.02 0.023 1.121 "" "" 14.772433 1.619621 15.523758 13.904137 "" "" 1562.06787 1671.55518 23225.93977 6.2852 8431.7 18.252 21752.0 16.351 "" "" 0.0027709411990916037 0.0036481316 0.0038665005 0.0075146323 305.46747641155 40.67846534884 1613.68311 -3.335 -5.441 0.07157448768615726 -0.01660634613037093 0.14445382 0.14745383 "" "" 0.5620051669213185 "" 0.0812707667471126 "" 0.8
305.81148518825 40.76909495252 0.0138 0.0175 1.0118 "" "" 2067570219481781760 1484.68689 0.6499 0.0188 -3.47 -5.553 0.018 0.02 1.046 "" "" 14.791063 1.480191 15.458531 13.97834 "" "" 1449.05896 1522.5625 22830.80649 5.5653 8953.7 17.823 20315.0 29.863 "" "" 0.002768002058176192 0.0035293056 0.004102565 0.0076318705 305.81148518825 40.76909495252 1484.68689 -3.4699999999999998 -5.552999999999999 -0.06342551231384297 -0.12860634613037103 0.14245382 0.14445382 "" "" 1.009136672503373 "" 0.14538100260314687 "" 0.8
305.41040899491 40.65318529994 0.0138 0.0165 18.5386 "" "" 2068290846272215552 1742.66541 0.5478 0.0179 -3.258 -5.507 0.019 0.022 1.097 "" "" 14.795709 1.629611 15.54337 13.913759 "" "" 1696.77722 1785.0636 22733.34401 7.634 8280.7 13.813 21560.0 16.557 "" "" 0.002779338120476767 0.0033264356 0.0038702628 0.0071966983 305.41040899491 40.65318529994 1742.66541 -3.2579999999999996 -5.507 0.14857448768615722 -0.08260634613037077 0.14345382 0.14645383 "" "" 1.4041957356415335 "" 0.20243988228691295 "" 0.8
305.73950162903 40.76446229237 0.0136 0.0154 2.2726 "" "" 2067570391280387072 1581.76599 0.6045 0.0171 -3.419 -5.424 0.018 0.018 0.908 "" "" 14.921864 1.356189 15.518085 14.161897 "" "" 1544.45459 1626.31592 20239.5637 4.4579 8475.8 12.189 17155.0 14.868 "" "" 0.002765678519328021 0.003197341 0.003894765 0.007092106 305.73950162903 40.76446229237 1581.76599 -3.419 -5.4239999999999995 -0.012425512313842813 0.00039365386962852966 0.14245382 0.14245382 "" "" 0.09320789903430428 "" 0.013277821226248621 "" 1.0
305.83944801453 40.749218911 0.0147 0.0179 2.5097 "" "" 2067567573781755776 1641.32947 0.581 0.0189 -3.616 -5.14 0.019 0.021 1.063 "" "" 14.933902 1.838331 15.82253 13.984199 "" "" 1591.07104 1693.06714 20016.40428 5.7919 6403.3 14.442 20206.0 16.0 "" "" 0.0027731732253945102 0.0037123465 0.0038759345 0.0075882813 305.83944801453 40.749218911 1641.32947 -3.6159999999999997 -5.14 -0.20942551231384288 0.2843936538696292 0.14345382 0.14545383 "" "" 2.7477352305642118 "" 0.39774500590238787 "" 0.9
305.79601188102 40.72907649385 0.0151 0.0177 2.2895 "" "" 2067567127105173888 1716.57043 0.5592 0.0196 -3.512 -5.419 0.019 0.02 1.03 7908.8 3.856 14.954416 1.501983 15.632636 14.130653 "" "" 1654.96179 1787.68018 19641.75724 5.3813 7627.2 14.332 17656.0 14.608 "" "" 0.0027713305304561827 0.0034564915 0.003884672 0.0073411632 305.79601188102 40.72907649385 1716.57043 -3.5120000000000005 -5.419000000000002 -0.10542551231384278 0.005393653869629311 0.14345382 0.14445382 "" "" 0.8589211828322608 "" 0.12321777617336924 "" 0.9
305.82254217289 40.78596093207 0.0158 0.0181 1.8904 "" "" 2067570631798506752 1699.87 0.5584 0.0191 -3.282 -5.371 0.02 0.023 0.947 "" "" 14.971697 1.711224 15.77941 14.068187 "" "" 1642.06348 1756.74951 19331.60101 5.4281 6662.7 18.897 18702.0 12.245 "" "" 0.002772134680452239 0.004155453 0.0038456565 0.00800111 305.82254217289 40.78596093207 1699.87 -3.2819999999999987 -5.371 0.1245744876861572 0.053393653869628466 0.14445382 0.14745383 "" "" 1.0920559983053524 "" 0.15826455615190121 "" 1.0
306.18862152471 40.86175920388 0.0155 0.0196 19.0006 "" "" 2067651686420072832 1763.51978 0.5342 0.0211 -3.252 -5.426 0.021 0.024 1.033 "" "" 15.100087 1.564433 15.819128 14.254695 "" "" 1715.20056 1828.13171 17175.60242 4.5419 6423.4 9.3752 15750.0 14.935 "" "" 0.002770238647665448 0.0032087753 0.0039171046 0.0071258796 306.18862152471 40.86175920388 1763.51978 -3.252 -5.426 0.15457448768615745 -0.00160634613037125 0.14545383 0.14845383 "" "" 1.2921708574763802 "" 0.18795161745470892 "" 0.8
305.73076341688 40.6962100269 0.0163 0.0184 5.0102 "" "" 2067564034728753152 1591.1438 0.599 0.021 -3.423 -5.466 0.021 0.021 1.077 "" "" 15.12487 1.878038 16.04106 14.163022 -29.41 9.02 1544.69971 1640.48645 16787.98838 5.2557 5235.9 11.167 17138.0 12.488 "" "" 0.002776206782844794 0.0036259065 0.0038613004 0.0074872067 305.73076341688 40.6962100269 1591.1438 -3.423 -5.466 -0.016425512313842816 -0.041606346130371286 0.14545383 0.14545383 -0.5885714285714272 17.390001 0.33736411885309675 0.6784031804319147 0.04907090170499266 15.08729851140957 1.0
305.96660931491 40.84925327966 0.0167 0.0199 9.4432 "" "" 2067569635366031616 1567.81006 0.6052 0.0213 -3.339 -5.259 0.023 0.027 1.047 "" "" 15.174249 1.430196 15.798764 14.368568 "" "" 1519.48718 1614.19727 16041.59115 4.518 6545.0 16.301 14182.0 19.057 "" "" 0.002772236794306733 0.003885539 0.004051206 0.007936745 305.96660931491 40.84925327966 1567.81006 -3.3390000000000013 -5.259 0.06757448768615726 0.16539365386962857 0.14745383 0.15145382 "" "" 1.3277385473014325 "" 0.20033998452901372 "" 0.9
305.83764985397 40.82094839944 0.0164 0.019 3.9136 "" "" 2067570837956949120 1644.37952 0.5797 0.0204 -3.384 -5.315 0.021 0.024 1.038 7474.4 3.616 15.227642 1.521322 15.919814 14.398492 "" "" 1596.61292 1703.28479 15271.79175 4.3912 5854.5 10.078 13796.0 14.107 "" "" 0.0027729499342800967 0.0033583033 0.003939073 0.007297376 305.83764985397 40.82094839944 1644.37952 -3.3839999999999995 -5.314999999999998 0.02257448768615733 0.10939365386962852 0.14545383 0.14845383 "" "" 0.8706190411792029 "" 0.12914108548320477 "" 1.0
305.65355401638 40.79019543444 0.0162 0.0174 6.3286 "" "" 2068316100679841280 1650.65393 0.5837 0.0201 -3.24 -5.252 0.021 0.021 1.015 "" "" 15.252604 1.511168 15.932746 14.421577 "" "" 1591.87756 1719.5946 14924.68523 4.6106 5785.2 11.038 13506.0 11.276 "" "" 0.002775660203123094 0.0034751093 0.0038865681 0.0073616775 305.65355401638 40.79019543444 1650.65393 -3.239999999999999 -5.252000000000001 0.166574487686157 0.17239365386962913 0.14545383 0.14545383 "" "" 1.8756087222697297 "" 0.2728144639697209 "" 0.9
305.72336322874 40.79215751867 0.0177 0.0199 3.3614 "" "" 2067571215914130048 1642.61328 0.5826 0.0226 -3.514 -5.482 0.024 0.024 0.966 "" "" 15.288209 1.403749 15.911711 14.507962 "" "" 1576.59192 1711.64343 14443.19448 3.9925 5898.4 11.938 12473.0 14.078 "" "" 0.002771617938412642 0.0035516045 0.00397309 0.0075246943 305.72336322874 40.79215751867 1642.61328 -3.5139999999999993 -5.482 -0.10742551231384256 -0.0576063461303713 0.14845383 0.14845383 "" "" 0.9490837626212011 "" 0.14089512113943062 "" 1.0
305.78377735708 40.77019239619 0.0172 0.0198 0.323 "" "" 2067570253841404544 1640.24402 0.5779 0.0217 -3.386 -5.324 0.023 0.025 1.022 "" "" 15.350294 1.458104 15.987965 14.52986 "" "" 1585.56909 1714.32812 13640.46628 4.0618 5498.3 20.018 12224.0 46.179 "" "" 0.0027742235148048677 0.004838442 0.005577367 0.010415809 305.78377735708 40.77019239619 1640.24402 -3.3859999999999992 -5.323999999999996 0.020574487686157106 0.10039365386962906 0.14745383 0.14945383 "" "" 0.7967587644490571 "" 0.11901483487262428 "" 0.9
305.86206414383 40.81936220984 0.0193 0.0234 4.5605 "" "" 2067569291768699648 1688.44275 0.5653 0.0247 -3.457 -5.327 0.025 0.029 1.034 "" "" 15.360856 1.793608 16.219835 14.426228 "" "" 1618.56946 1760.02087 13508.41425 4.9027 4441.0 13.284 13448.0 15.056 "" "" 0.0027833554577331014 0.004281639 0.003970052 0.008251691 305.86206414383 40.81936220984 1688.44275 -3.457 -5.327 -0.050425512313842624 0.09739365386962895 0.14945383 0.15345383 "" "" 0.8777402511345439 "" 0.1339580670987462 "" 1.0
305.75770033304 40.84510808603 0.0175 0.0186 4.9081 "" "" 2067571765669951232 1641.86792 0.5792 0.0218 -3.382 -5.204 0.024 0.022 1.014 "" "" 15.364297 1.430308 16.002714 14.572406 "" "" 1593.698 1697.33862 13465.67307 3.5212 5424.1 11.26 11754.0 9.9869 "" "" 0.0027699091333779706 0.0035867982 0.00389034 0.007477138 305.75770033304 40.84510808603 1641.86792 -3.3820000000000006 -5.204000000000001 0.02457448768615711 0.22039365386962917 0.14845383 0.14645383 "" "" 1.7258329590599828 "" 0.2527975156543815 "" 0.8
