Clusters/NGC_6910/NGC_6910_stars_in_region.tsv
# %ECSV 1.0
# ---
# datatype:
# - name: RA_ICRS_1
#   unit: deg
#   datatype: float64
#   format: '{:15.11f}'
#   description: Right ascension (ICRS) at Ep=2016.0 (ra)
#   meta: !!omap
#   - {ucd: POS_EQ_RA_MAIN}
#   - {width: 15}
#   - {precision: '11'}
# - name: DE_ICRS_1
#   unit: deg
#   datatype: float64
#   format: '{:15.11f}'
#   description: Declination (ICRS) at Ep=2016.0 (dec)
#   meta: !!omap
#   - {ucd: POS_EQ_DEC_MAIN}
#   - {width: 15}
#   - {precision: '11'}
# - name: e_RA_ICRS
#   unit: mas
#   datatype: float64
#   format: '{:7.4f}'
#   description: Standard error of right ascension (ra_error)
#   meta: !!omap
#   - {ucd: ERROR}
#   - {width: 7}
#   - {precision: '4'}
# - name: e_DE_ICRS
#   unit: mas
#   datatype: float64
#   format: '{:7.4f}'
#   description: Standard error of declination (dec_error)
#   meta: !!omap
#   - {ucd: ERROR}
#   - {width: 7}
#   - {precision: '4'}
# - name: _r_1
#   unit: ''
#   datatype: float64
#   format: '{:7.4f}'
#   description: Distance from center (305.78940738000+40.76690596000)[ICRS], at Epoch=J2016.0
#   meta: !!omap
#   - {ucd: POS_ANG_DIST_GENERAL}
#   - {width: 7}
#   - {precision: '4'}
# - name: HIP
#   datatype: int32
#   description: '? HIP cross-id number, van Leeuwen, Cat. I/311 (hip_original_ext_source_id)'
#   meta: !!omap
#   - {ucd: ID_NUMBER}
#   - {width: 6}
#   - values: {'null': -2147483648}
# - name: TYC2
#   datatype: string
#   description: Tycho-2 cross-id name, Hog et al., Cat. I/259 (tyc2_original_ext_source_id)
#   meta: !!omap
#   - {ucd: ID_CROSSID}
#   - {_votable_string_dtype: char}
# - name: Source
#   datatype: int64
#   description: Source identifier, identical to the Gaia-EDR3 source_id (id)
#   meta: !!omap
#   - {ucd: ID_MAIN}
#   - {width: 19}
# - name: rgeo
#   unit: pc
#   datatype: float64
#   format: '{:15.8f}'
#   description: '? Median of the geometric distance posterior (r_med_geo)'
#   meta: !!omap
#   - {ucd: PHYS_DISTANCE_TRUE}
#   - {width: 15}
#   - {precision: '8'}
#   - values: {'null': .nan}
# - name: Plx
#   unit: mas
#   datatype: float64
#   format: '{:9.4f}'
#   description: '? Parallax (parallax)'
#   meta: !!omap
#   - {ucd: POS_PARLX_TRIG}
#   - {width: 9}
#   - {precision: '4'}
#   - values: {'null': .nan}
# - name: e_Plx
#   unit: mas
#   datatype: float32
#   format: '{:7.4f}'
#   description: '? Standard error of parallax (parallax_error)'
#   meta: !!omap
#   - {ucd: ERROR}
#   - {width: 7}
#   - {precision: '4'}
#   - values: {'null': .nan}
# - name: pmRA
#   unit: mas / yr
#   datatype: float64
#   format: '{:9.3f}'
#   description: '? Proper motion in right ascension direction, pmRA*cosDE (pmra)'
#   meta: !!omap
#   - {ucd: POS_EQ_PMRA}
#   - {width: 9}
#   - {precision: '3'}
#   - values: {'null': .nan}
# - name: pmDE
#   unit: mas / yr
#   datatype: float64
#   format: '{:9.3f}'
#   description: '? Proper motion in declination direction (pmdec)'
#   meta: !!omap
#   - {ucd: POS_EQ_PMDEC}
#   - {width: 9}
#   - {precision: '3'}
#   - values: {'null': .nan}
# - name: e_pmRA
#   unit: mas / yr
#   datatype: float32
#   format: '{:6.3f}'
#   description: '? Standard error of proper motion in right ascension direction (pmra_error)'
#   meta: !!omap
#   - {ucd: ERROR}
#   - {width: 6}
#   - {precision: '3'}
#   - values: {'null': .nan}
# - name: e_pmDE
[...]
#         value: !astropy.table.SerializedColumn {name: SkyCoord.dec}
#       distance: !astropy.table.SerializedColumn
#         __class__: astropy.coordinates.distances.Distance
#         unit: !astropy.units.Unit {unit: pc}
#         value: !astropy.table.SerializedColumn {name: SkyCoord.distance}
#       frame: icrs
#       obstime: !astropy.time.Time {format: jyear_str, in_subfmt: '*', jd1: 367701545.0, jd2: 0.0, out_subfmt: '*', precision: 3, scale: tt}
#       pm_dec: !astropy.table.SerializedColumn
#         __class__: astropy.units.quantity.Quantity
#         unit: !astropy.units.Unit {unit: mas / yr}
#         value: !astropy.table.SerializedColumn {name: SkyCoord.pm_dec}
#       pm_ra_cosdec: !astropy.table.SerializedColumn
#         __class__: astropy.units.quantity.Quantity
#         unit: !astropy.units.Unit {unit: mas / yr}
#         value: !astropy.table.SerializedColumn {name: SkyCoord.pm_ra_cosdec}
#       ra: !astropy.table.SerializedColumn
#         __class__: astropy.coordinates.angles.Longitude
#         unit: *id001
#         value: !astropy.table.SerializedColumn {name: SkyCoord.ra}
#         wrap_angle: !astropy.coordinates.Angle
#           unit: *id001
#           value: 360.0
#       representation_type: spherical
# schema: astropy-2.0
RA_ICRS_1 DE_ICRS_1 e_RA_ICRS e_DE_ICRS _r_1 HIP TYC2 Source rgeo Plx e_Plx pmRA pmDE e_pmRA e_pmDE RUWE Teff logg Gmag BP-RP BPmag RPmag RV e_RV b_rgeo B_rgeo FG e_FG FBP e_FBP FRP e_FRP RAVE5 RAVE6 e_Gmag e_BPmag e_RPmag e_BP-RP SkyCoord.ra SkyCoord.dec SkyCoord.distance SkyCoord.pm_ra_cosdec SkyCoord.pm_dec rmRA rmDE e_rmRA e_rmDE rRV e_rRV v_pec v_pec3d e_vpec e_vpec3d
[from data line 184]
305.63639949845 40.57182676514 0.0146 0.0162 13.6194 "" "" 2067561423388627968 1592.86243 0.5936 0.0193 -2.986 -5.788 0.02 0.02 1.101 "" "" 14.808578 2.282347 16.004562 13.722216 "" "" 1543.40942 1639.01233 22465.45332 7.1701 5414.9 12.423 25720.0 23.567 "" "" 0.0027770251813425528 0.0037402872 0.0039081266 0.007648414 305.63639949845 40.57182676514 1592.86243 -2.986 -5.788 0.420574487686157 -0.36360634613037135 0.14445382 0.14445382 "" "" 4.1975978271287095 "" 0.6063590559229088 ""
305.37971367078 40.6915118724 0.014 0.0171 19.1694 "" "" 2068294110447397504 1610.2417 0.5895 0.0182 -3.204 -5.59 0.019 0.022 1.025 "" "" 14.814887 1.821494 15.694205 13.872711 "" "" 1568.07947 1651.32117 22335.30122 6.4076 7206.7 11.014 22391.0 12.26 "" "" 0.0027728700249340576 0.003246294 0.0038258515 0.0070721456 305.37971367078 40.6915118724 1610.2417 -3.2039999999999997 -5.59 0.20257448768615705 -0.16560634613037095 0.14345382 0.14645383 "" "" 1.9970725260085083 "" 0.2889026572639309 ""
305.4442805502 40.89102878141 0.0146 0.0194 17.3485 "" "" 2068321082842063104 1874.19812 0.5034 0.0193 -3.239 -5.286 0.02 0.027 1.124 "" "" 14.828262 1.842301 15.718232 13.875931 "" "" 1810.40247 1932.72266 22061.8399 7.1109 7048.9 12.686 22325.0 19.078 "" "" 0.002777454778465391 0.0034063498 0.0038916045 0.0072979545 305.4442805502 40.89102878141 1874.19812 -3.239 -5.286 0.16757448768615735 0.13839365386962932 0.14445382 0.15145382 "" "" 1.93072872956582 "" 0.2844587599485842 ""
305.57103086602 40.90553513749 0.0164 0.0206 12.9405 "" "" 2068320601805673088 1378.11633 0.6972 0.0214 -2.956 -6.72 0.021 0.026 1.292 "" "" 14.829966 1.60381 15.571069 13.967258 "" "" 1337.45935 1421.1947 22027.2675 6.2843 8072.2 10.275 20524.0 14.011 "" "" 0.002772677146063394 0.0031136838 0.0038513758 0.00696506 305.57103086602 40.90553513749 1378.11633 -2.9560000000000026 -6.720000000000011 0.45057448768615727 -1.2956063461303708 0.14545383 0.15045384 "" "" 8.960441174804048 "" 1.343370696299118 ""
305.39618426216 40.51696618095 0.0162 0.0193 23.3536 "" "" 2068287616456752256 1644.31421 0.5731 0.0215 -3.128 -5.662 0.022 0.024 1.16 "" "" 14.840751 2.049808 15.874257 13.82445 "" "" 1590.70679 1705.05017 21809.53335 7.9618 6105.4 11.472 23409.0 19.134 "" "" 0.002783682847031949 0.0034564454 0.003882178 0.0073386235 305.39618426216 40.51696618095 1644.31421 -3.128000000000001 -5.661999999999999 0.2785744876861571 -0.23760634613037102 0.14645383 0.14845383 "" "" 2.853734744804027 "" 0.4203534082507619 ""
305.62677742594 40.74938066198 0.0146 0.0159 7.4657 "" "" 2067565031161257728 1553.41113 0.6037 0.018 -0.455 -0.655 0.019 0.02 1.085 "" "" 14.844122 2.659517 16.328047 13.668529 -10.07 2.56 1515.30664 1594.60815 21741.93139 8.3569 4019.7 10.886 27024.0 14.632 "" "" 0.0027867449044062464 0.004053481 0.0038248284 0.007878309 305.62677742594 40.74938066198 1553.41113 -0.45499999999999985 -0.6550000000000002 2.951574487686157 4.769393653869629 0.14345382 0.14445382 18.751428571428573 3.1832979 41.29871837029769 45.356369040064834 5.954349740307987 5.579107508992254
305.71564715806 40.5774235355 0.0145 0.0159 11.8541 "" "" 2067558674609682944 1676.55713 0.5704 0.0189 -3.525 -4.781 0.021 0.019 1.017 "" "" 14.85476 1.956428 15.825676 13.869248 "" "" 1625.92847 1723.44214 21529.92605 5.4262 6384.8 10.769 22463.0 13.328 "" "" 0.002768874780732297 0.003337454 0.0038338914 0.0071713454 305.71564715806 40.5774235355 1676.55713 -3.5250000000000012 -4.7810000000000015 -0.11842551231384268 0.6433936538696292 0.14545383 0.14345382 "" "" 5.198863725409456 "" 0.7461398922320756 ""
306.08563889989 40.90088937776 0.0142 0.0183 15.6675 "" "" 2067663059493493632 1931.3457 0.4893 0.0188 -3.119 -4.18 0.018 0.022 0.974 "" "" 14.862468 1.518551 15.553281 14.03473 "" "" 1869.21924 1996.63818 21377.63325 5.5507 8205.5 13.998 19287.0 16.366 "" "" 0.002769704565001615 0.0033489775 0.0038900545 0.007239032 306.08563889989 40.90088937776 1931.3457 -3.1190000000000033 -4.180000000000004 0.287574487686157 1.2443936538696292 0.14245382 0.14645383 "" "" 11.692137539760616 "" 1.7100180062973538 ""
305.74619550926 40.54313219698 0.015 0.0182 13.5697 "" "" 2067557849975747584 1567.70044 0.6062 0.0205 -3.18 -6.114 0.023 0.02 1.017 "" "" 14.867938 1.979943 15.856191 13.876247 "" "" 1528.86731 1626.25159 21270.19352 6.7104 6207.8 13.243 22318.0 19.132 "" "" 0.0027765297851053087 0.003626259 0.003892301 0.00751856 305.74619550926 40.54313219698 1567.70044 -3.1799999999999984 -6.114000000000001 0.22657448768615707 -0.689606346130371 0.14745383 0.14445382 "" "" 5.393896386704197 "" 0.7807603137874531 ""
305.68687575655 40.76069979873 0.0244 0.0284 4.6743 "" "" 2067565202959921536 1576.88477 0.6146 0.0313 -3.394 -5.496 0.032 0.036 1.886 10008.7 4.0652 14.873786 1.486352 15.49293 14.006578 -49.72 6.65 1502.17236 1644.6322 21155.93673 8.1709 8674.5 19.866 19794.0 49.532 "" "" 0.00278704716952021 0.0037373495 0.0046546077 0.008391958 305.68687575655 40.76069979873 1576.88477 -3.393999999999996 -5.496 0.012574487686157099 -0.07160634613037153 0.15645383 0.16045383 -20.898571428571426 7.2732983 0.5434065820417814 20.905635088858418 0.087127428415772 7.2708410918711
306.1691649227 40.67100364894 0.0131 0.0165 18.2029 "" "" 2067645158069755520 2011.15393 0.4669 0.0169 -3.593 -6.25 0.017 0.021 0.957 "" "" 14.890172 1.678576 15.680347 14.00177 "" "" 1936.29651 2072.17969 20839.05049 8.3543 7299.3 15.581 19882.0 20.427 "" "" 0.0027894887274254486 0.0036271636 0.0039405664 0.00756773 306.1691649227 40.67100364894 2011.15393 -3.593 -6.25 -0.18642551231384275 -0.8256063461303711 0.14145383 0.14545383 "" "" 8.06854961783857 "" 1.1720561730442853 ""
305.7603666508 40.98178586278 0.0149 0.0168 12.9599 "" "" 2068324793693682816 1745.96045 0.5413 0.0194 -3.13 -5.392 0.019 0.022 1.012 "" "" 14.89732 1.887141 15.819158 13.932016 106.11 8.89 1691.26807 1809.13525 20702.31534 8.1742 6423.2 14.16 21201.0 33.661 "" "" 0.002788471032859214 0.003676134 0.004153953 0.007830087 305.7603666508 40.98178586278 1745.96045 -3.1300000000000003 -5.392000000000001 0.27657448768615733 0.03239365386962856 0.14345382 0.14645383 134.93142857142857 9.513298 2.3045358673904706 134.95110707915893 0.33068900048859845 9.511912486284235
305.7609093789 40.83733491246 0.0156 0.017 4.4195 "" "" 2067571765669944320 1842.052 0.5202 0.02 -3.164 -5.122 0.022 0.021 1.129 "" "" 14.906975 1.305424 15.471514 14.16609 "" "" 1779.43811 1925.67566 20519.02898 4.3855 8847.3 13.369 17089.0 13.975 "" "" 0.002765074657201609 0.003236779 0.0038822773 0.0071190563 305.7609093789 40.83733491246 1842.052 -3.1639999999999975 -5.122 0.24257448768615708 0.302393653869629 0.14645383 0.14545383 "" "" 3.3848313888117243 "" 0.4936647400800151 ""
305.66896677857 40.67903323824 0.0152 0.0164 7.6021 "" "" 2067563828570357504 1912.15881 0.4891 0.0191 -4.752 -7.502 0.02 0.02 1.083 "" "" 14.911088 2.705104 16.429113 13.724009 -32.73 2.13 1845.39233 1969.69592 20441.4451 7.2157 3662.4 10.653 25678.0 19.954 "" "" 0.0027818476012867 0.0042141257 0.0038724118 0.008086538 305.66896677857 40.67903323824 1912.15881 -4.752 -7.502 -1.3454255123138426 -2.077606346130371 0.14445382 0.14445382 -3.908571428571424 2.753298 22.434309113202143 22.7722452999029 3.2407217304734073 3.2274150415008043
306.23762789722 40.7075412052 0.0141 0.0179 20.6862 "" "" 2067645639106084992 1777.71497 0.5318 0.0184 -2.663 -5.979 0.019 0.024 1.006 "" "" 14.915886 1.780227 15.766795 13.986568 "" "" 1726.87988 1831.44666 20351.30827 6.4418 6740.6 11.953 20162.0 23.436 "" "" 0.0027766701574775186 0.0033899706 0.00398453 0.007374501 306.23762789722 40.7075412052 1777.71497 -2.6629999999999994 -5.978999999999999 0.7435744876861574 -0.5546063461303712 0.14345382 0.14845383 "" "" 7.816524481183352 "" 1.1354351759173922 ""
305.73950162903 40.76446229237 0.0136 0.0154 2.2726 "" "" 2067570391280387072 1581.76599 0.6045 0.0171 -3.419 -5.424 0.018 0.018 0.908 "" "" 14.921864 1.356189 15.518085 14.161897 "" "" 1544.45459 1626.31592 20239.5637 4.4579 8475.8 12.189 17155.0 14.868 "" "" 0.002765678519328021 0.003197341 0.003894765 0.007092106 305.73950162903 40.76446229237 1581.76599 -3.419 -5.4239999999999995 -0.012425512313842813 0.00039365386962852966 0.14245382 0.14245382 "" "" 0.09320789903430428 "" 0.013277821226248621 ""
306.24383756113 40.69803555847 0.0159 0.0191 21.0702 "" "" 2067645432947652608 1989.37451 0.4522 0.0202 -2.761 -7.689 0.021 0.025 1.015 4612.3 2.1225 14.926455 3.262891 16.885685 13.622794 14.53 2.1 1911.91272 2067.36279 20154.1467 7.8662 2405.2 7.2901 28186.0 26.153 "" "" 0.0027877169888878826 0.004314472 0.003911346 0.008225818 306.24383756113 40.69803555847 1989.37451 -2.7609999999999992 -7.689000000000004 0.6455744876861571 -2.264606346130371 0.14545383 0.14945383 43.35142857142857 2.7232978 22.20515575608571 48.707446056385464 3.3120528519775516 2.8556710513561194
305.83944801453 40.749218911 0.0147 0.0179 2.5097 "" "" 2067567573781755776 1641.32947 0.581 0.0189 -3.616 -5.14 0.019 0.021 1.063 "" "" 14.933902 1.838331 15.82253 13.984199 "" "" 1591.07104 1693.06714 20016.40428 5.7919 6403.3 14.442 20206.0 16.0 "" "" 0.0027731732253945102 0.0037123465 0.0038759345 0.0075882813 305.83944801453 40.749218911 1641.32947 -3.6159999999999997 -5.14 -0.20942551231384288 0.2843936538696292 0.14345382 0.14545383 "" "" 2.7477352305642118 "" 0.39774500590238787 ""
306.22684809489 40.5625008282 0.0158 0.0182 23.3832 "" "" 2067503664668542208 1658.13843 0.5665 0.02 -2.843 -4.858 0.022 0.024 1.061 "" "" 14.950874 1.895269 15.880811 13.985541 -52.26 6.5 1603.80298 1722.4624 19705.9417 14.911 6068.7 29.888 20181.0 46.529 "" "" 0.0028751927535534978 0.0060313735 0.0045332126 0.010564586 306.22684809489 40.5625008282 1658.13843 -2.8429999999999995 -4.857999999999999 0.5635744876861573 0.5663936538696293 0.14645383 0.14845383 -23.438571428571425 7.1232977 6.279884836028071 24.26527527488654 0.9260456971445474 6.884783695337323
305.79601188102 40.72907649385 0.0151 0.0177 2.2895 "" "" 2067567127105173888 1716.57043 0.5592 0.0196 -3.512 -5.419 0.019 0.02 1.03 7908.8 3.856 14.954416 1.501983 15.632636 14.130653 "" "" 1654.96179 1787.68018 19641.75724 5.3813 7627.2 14.332 17656.0 14.608 "" "" 0.0027713305304561827 0.0034564915 0.003884672 0.0073411632 305.79601188102 40.72907649385 1716.57043 -3.5120000000000005 -5.419000000000002 -0.10542551231384278 0.005393653869629311 0.14345382 0.14445382 "" "" 0.8589211828322608 "" 0.12321777617336924 ""
305.31415415312 40.86999112774 0.0158 0.0203 22.4487 "" "" 2068331218964923520 1871.68933 0.4972 0.0203 -2.633 -5.667 0.022 0.025 1.078 "" "" 14.964591 2.396885 16.242174 13.845289 "" "" 1803.22534 1934.15454 19458.53927 9.8548 4350.6 10.39 22964.0 30.005 "" "" 0.002809652826940112 0.0038089803 0.0040368615 0.007845841 305.31415415312 40.86999112774 1871.68933 -2.633 -5.667 0.7735744876861572 -0.2426063461303709 0.14645383 0.14945383 "" "" 7.192597723959593 "" 1.0553337093374278 ""
306.20603656448 40.53938724981 0.0154 0.0201 23.3671 "" "" 2067503527229201664 1396.36987 0.6832 0.0202 -0.979 -2.525 0.023 0.027 1.048 "" "" 14.965278 1.44372 15.617373 14.173654 "" "" 1357.96277 1439.59729 19446.24604 6.2957 7735.1 12.838 16971.0 15.151 "" "" 0.0027776511240967285 0.0033214856 0.003901701 0.0072231865 306.20603656448 40.53938724981 1396.36987 -0.979 -2.525 2.427574487686157 2.899393653869629 0.14745383 0.15145382 "" "" 25.028843205432555 "" 3.749778558102339 ""
305.79180814054 41.01040631746 0.0177 0.02 14.6104 "" "" 2068325137291062016 1835.41809 0.4915 0.023 3.036 -3.672 0.023 0.025 1.033 7557.0 2.4387 14.965866 3.280678 16.936167 13.655489 -3.88 2.01 1755.69226 1916.31641 19435.70461 7.6804 2295.9 7.91 27350.0 24.252 "" "" 0.002788525285438786 0.004666643 0.0039000793 0.008566722 305.79180814054 41.01040631746 1835.41809 3.0359999999999996 -3.6720000000000006 6.442574487686157 1.7523936538696288 0.14745383 0.14945383 24.941428571428574 2.633298 58.086061766091014 63.21444004875637 8.573065673933302 7.945781249499983
305.82254217289 40.78596093207 0.0158 0.0181 1.8904 "" "" 2067570631798506752 1699.87 0.5584 0.0191 -3.282 -5.371 0.02 0.023 0.947 "" "" 14.971697 1.711224 15.77941 14.068187 "" "" 1642.06348 1756.74951 19331.60101 5.4281 6662.7 18.897 18702.0 12.245 "" "" 0.002772134680452239 0.004155453 0.0038456565 0.00800111 305.82254217289 40.78596093207 1699.87 -3.2819999999999987 -5.371 0.1245744876861572 0.053393653869628466 0.14445382 0.14745383 "" "" 1.0920559983053524 "" 0.15826455615190121 ""
305.5637041357 40.76408858075 0.0147 0.0173 10.2581 "" "" 2068315860161714432 1739.28442 0.5356 0.0185 -4.628 -6.615 0.019 0.021 1.025 "" "" 14.9765 2.739909 16.517544 13.777635 -17.55 3.05 1684.7688 1791.2749 19246.27903 7.5136 3376.0 8.2907 24440.0 15.899 "" "" 0.0027877319319791817 0.003859318 0.0038448141 0.0077041322 305.5637041357 40.76408858075 1739.28442 -4.628 -6.615 -1.2214255123138429 -1.1906063461303713 0.14345382 0.14545383 11.271428571428572 3.673298 14.062173063076296 18.021925904206935 2.0310240224047225 2.790963566974848
305.51743852787 40.84261051011 0.0156 0.0185 13.1606 "" "" 2068319948970644480 1772.9519 0.5368 0.019 -2.953 -5.615 0.021 0.025 0.998 7994.6 4.0639 14.984706 1.442864 15.628839 14.185974 "" "" 1726.18188 1839.77734 19101.35999 4.9614 7653.9 9.9758 16779.0 11.616 "" "" 0.0027697145965494894 0.0031285102 0.0038534014 0.0069819116 305.51743852787 40.84261051011 1772.9519 -2.9529999999999976 -5.614999999999998 0.4535744876861574 -0.1906063461303713 0.14545383 0.14945383 "" "" 4.13463658720938 "" 0.603909866701652 ""
305.86050133094 40.79935303902 0.0155 0.0203 3.7712 "" "" 2067567814299936896 1474.00378 0.6498 0.0197 -0.462 -1.73 0.021 0.025 1.109 "" "" 14.98835 1.793794 15.852186 14.058393 -26.95 6.44 1428.28882 1521.01514 19037.35935 5.8418 6230.8 13.577 18871.0 16.324 "" "" 0.002775390213857431 0.0036581715 0.0038943312 0.0075525027 305.86050133094 40.79935303902 1474.00378 -0.462 -1.73 2.944574487686157 3.694393653869629 0.14545383 0.14945383 1.8714285714285737 7.063298 33.007674026203524 33.06068343997247 4.882256112087673 4.890798177742211
305.62877163113 40.69864308606 0.0151 0.016 8.3735 "" "" 2067564614543723520 1674.40674 0.5651 0.0187 -3.025 -5.927 0.02 0.02 1.065 "" "" 14.990316 2.184431 16.114824 13.930393 "" "" 1623.81909 1723.50269 19002.92002 5.8919 4892.0 12.377 21232.0 15.294 "" "" 0.0027758084519818437 0.0039154654 0.003859454 0.0077749193 305.62877163113 40.69864308606 1674.40674 -3.025 -5.927 0.3815744876861573 -0.5026063461303707 0.14445382 0.14445382 "" "" 5.008372261424068 "" 0.7234785230067883 ""
305.39267227678 40.8710907992 0.0154 0.0191 19.0682 "" "" 2068319708452539520 1619.20728 0.5831 0.0195 -5.486 -6.687 0.02 0.024 1.053 "" "" 14.994582 2.315243 16.213724 13.898481 33.5 5.92 1563.16296 1671.74487 18928.40108 7.5107 4466.1 12.741 21866.0 24.298 "" "" 0.00278879740655325 0.004168816 0.0039672856 0.008136101 305.39267227678 40.8710907992 1619.20728 -5.486000000000001 -6.687000000000002 -2.0794255123138425 -1.2626063461303714 0.14445382 0.14845383 62.32142857142857 6.543298 18.671321923064266 65.05827173802247 2.7174637686785426 6.316369721452532
