Clusters/NGC_6910/NGC_6910_stars_in_region.tsv
# %ECSV 1.0
# ---
# datatype:
# - name: RA_ICRS_1
#   unit: deg
#   datatype: float64
#   format: '{:15.11f}'
#   description: Right ascension (ICRS) at Ep=2016.0 (ra)
#   meta: !!omap
#   - {ucd: POS_EQ_RA_MAIN}
#   - {width: 15}
#   - {precision: '11'}
# - name: DE_ICRS_1
#   unit: deg
#   datatype: float64
#   format: '{:15.11f}'
#   description: Declination (ICRS) at Ep=2016.0 (dec)
#   meta: !!omap
#   - {ucd: POS_EQ_DEC_MAIN}
#   - {width: 15}
#   - {precision: '11'}
# - name: e_RA_ICRS
#   unit: mas
#   datatype: float64
#   format: '{:7.4f}'
#   description: Standard error of right ascension (ra_error)
#   meta: !!omap
#   - {ucd: ERROR}
#   - {width: 7}
#   - {precision: '4'}
# - name: e_DE_ICRS
#   unit: mas
#   datatype: float64
#   format: '{:7.4f}'
#   description: Standard error of declination (dec_error)
#   meta: !!omap
#   - {ucd: ERROR}
#   - {width: 7}
#   - {precision: '4'}
# - name: _r_1
#   unit: ''
#   datatype: float64
#   format: '{:7.4f}'
#   description: Distance from center (305.78940738000+40.76690596000)[ICRS], at Epoch=J2016.0
#   meta: !!omap
#   - {ucd: POS_ANG_DIST_GENERAL}
#   - {width: 7}
#   - {precision: '4'}
# - name: HIP
#   datatype: int32
#   description: '? HIP cross-id number, van Leeuwen, Cat. I/311 (hip_original_ext_source_id)'
#   meta: !!omap
#   - {ucd: ID_NUMBER}
#   - {width: 6}
#   - values: {'null': -2147483648}
# - name: TYC2
#   datatype: string
#   description: Tycho-2 cross-id name, Hog et al., Cat. I/259 (tyc2_original_ext_source_id)
#   meta: !!omap
#   - {ucd: ID_CROSSID}
#   - {_votable_string_dtype: char}
# - name: Source
#   datatype: int64
#   description: Source identifier, identical to the Gaia-EDR3 source_id (id)
#   meta: !!omap
#   - {ucd: ID_MAIN}
#   - {width: 19}
# - name: rgeo
#   unit: pc
#   datatype: float64
#   format: '{:15.8f}'
#   description: '? Median of the geometric distance posterior (r_med_geo)'
#   meta: !!omap
#   - {ucd: PHYS_DISTANCE_TRUE}
#   - {width: 15}
#   - {precision: '8'}
#   - values: {'null': .nan}
# - name: Plx
#   unit: mas
#   datatype: float64
#   format: '{:9.4f}'
#   description: '? Parallax (parallax)'
#   meta: !!omap
#   - {ucd: POS_PARLX_TRIG}
#   - {width: 9}
#   - {precision: '4'}
#   - values: {'null': .nan}
# - name: e_Plx
#   unit: mas
#   datatype: float32
#   format: '{:7.4f}'
#   description: '? Standard error of parallax (parallax_error)'
#   meta: !!omap
#   - {ucd: ERROR}
#   - {width: 7}
#   - {precision: '4'}
#   - values: {'null': .nan}
# - name: pmRA
#   unit: mas / yr
#   datatype: float64
#   format: '{:9.3f}'
#   description: '? Proper motion in right ascension direction, pmRA*cosDE (pmra)'
#   meta: !!omap
#   - {ucd: POS_EQ_PMRA}
#   - {width: 9}
#   - {precision: '3'}
#   - values: {'null': .nan}
# - name: pmDE
#   unit: mas / yr
#   datatype: float64
#   format: '{:9.3f}'
#   description: '? Proper motion in declination direction (pmdec)'
#   meta: !!omap
#   - {ucd: POS_EQ_PMDEC}
#   - {width: 9}
#   - {precision: '3'}
#   - values: {'null': .nan}
# - name: e_pmRA
#   unit: mas / yr
#   datatype: float32
#   format: '{:6.3f}'
#   description: '? Standard error of proper motion in right ascension direction (pmra_error)'
#   meta: !!omap
#   - {ucd: ERROR}
#   - {width: 6}
#   - {precision: '3'}
#   - values: {'null': .nan}
# - name: e_pmDE
[...]
#         value: !astropy.table.SerializedColumn {name: SkyCoord.dec}
#       distance: !astropy.table.SerializedColumn
#         __class__: astropy.coordinates.distances.Distance
#         unit: !astropy.units.Unit {unit: pc}
#         value: !astropy.table.SerializedColumn {name: SkyCoord.distance}
#       frame: icrs
#       obstime: !astropy.time.Time {format: jyear_str, in_subfmt: '*', jd1: 367701545.0, jd2: 0.0, out_subfmt: '*', precision: 3, scale: tt}
#       pm_dec: !astropy.table.SerializedColumn
#         __class__: astropy.units.quantity.Quantity
#         unit: !astropy.units.Unit {unit: mas / yr}
#         value: !astropy.table.SerializedColumn {name: SkyCoord.pm_dec}
#       pm_ra_cosdec: !astropy.table.SerializedColumn
#         __class__: astropy.units.quantity.Quantity
#         unit: !astropy.units.Unit {unit: mas / yr}
#         value: !astropy.table.SerializedColumn {name: SkyCoord.pm_ra_cosdec}
#       ra: !astropy.table.SerializedColumn
#         __class__: astropy.coordinates.angles.Longitude
#         unit: *id001
#         value: !astropy.table.SerializedColumn {name: SkyCoord.ra}
#         wrap_angle: !astropy.coordinates.Angle
#           unit: *id001
#           value: 360.0
#       representation_type: spherical
# schema: astropy-2.0
RA_ICRS_1 DE_ICRS_1 e_RA_ICRS e_DE_ICRS _r_1 HIP TYC2 Source rgeo Plx e_Plx pmRA pmDE e_pmRA e_pmDE RUWE Teff logg Gmag BP-RP BPmag RPmag RV e_RV b_rgeo B_rgeo FG e_FG FBP e_FBP FRP e_FRP RAVE5 RAVE6 e_Gmag e_BPmag e_RPmag e_BP-RP SkyCoord.ra SkyCoord.dec SkyCoord.distance SkyCoord.pm_ra_cosdec SkyCoord.pm_dec rmRA rmDE e_rmRA e_rmDE rRV e_rRV v_pec v_pec3d e_vpec e_vpec3d
[from data line 432]
305.74011379827 40.82933498515 0.0245 0.0265 4.3639 "" "" 2067571387712830976 1744.09766 0.5464 0.0301 -2.348 -5.307 0.032 0.032 1.049 "" "" 16.088398 1.588403 16.820055 15.231652 "" "" 1649.43677 1837.69653 6911.74226 2.6358 2555.0 8.1433 6404.7 10.498 "" "" 0.002786256265584774 0.004445203 0.004177421 0.008622624 305.74011379827 40.82933498515 1744.09766 -2.348 -5.307 1.0585744876861574 0.11739365386962852 0.15645383 0.15645383 "" "" 8.804908067193322 "" 1.3775616161838797 ""
305.57263617133 40.59518489583 0.0253 0.0273 14.2633 "" "" 2067562385461359360 1849.91406 0.4873 0.0315 -6.962 -10.747 0.035 0.034 0.973 "" "" 16.089804 3.172238 17.977022 14.804784 "" "" 1743.31531 1958.56091 6902.79515 3.4811 880.25 10.653 9489.5 13.421 "" "" 0.0028091972923332265 0.013432815 0.004079419 0.017512234 305.57263617133 40.59518489583 1849.91406 -6.962000000000003 -10.747000000000007 -3.5554255123138425 -5.322606346130371 0.15945382 0.15845382 "" "" 56.12665730812585 "" 8.910838165008588 ""
306.26594705687 40.80608883106 0.024 0.0464 21.7759 "" "" 2067648319165689600 1869.40869 0.4979 0.0343 -2.306 -4.431 0.033 0.054 1.018 "" "" 16.096294 "" "" "" "" "" 1776.30066 1984.89563 6861.6618 91.142 "" "" "" "" "" "" 0.014682452748346246 "" "" "" 306.26594705687 40.80608883106 1869.40869 -2.306 -4.431 1.1005744876861572 0.9933936538696289 0.15745384 0.17845383 "" "" 13.137291706999697 "" 2.196664312364459 ""
305.67889916136 40.74324593005 0.0239 0.0269 5.2194 "" "" 2067565168600178560 1505.68628 0.6374 0.03 -3.037 -5.915 0.03 0.031 1.035 "" "" 16.097681 1.851825 16.99691 15.145085 "" "" 1437.89404 1580.17126 6852.90378 2.9466 2171.0 7.7807 6936.2 10.938 "" "" 0.0027945897365996755 0.004788158 0.0041491166 0.008937275 305.67889916136 40.74324593005 1505.68628 -3.037 -5.915000000000001 0.3695744876861573 -0.49060634613037113 0.15445383 0.15545383 "" "" 4.383738730829665 "" 0.6798852111462103 ""
306.05978438844 40.63276923155 0.0239 0.0298 14.6982 "" "" 2067551729643255424 1555.3418 0.6172 0.031 -2.592 -5.838 0.034 0.039 0.993 "" "" 16.102085 1.857511 17.006197 15.148686 "" "" 1482.27454 1629.73206 6825.15904 3.0899 2152.5 10.304 6913.3 11.572 "" "" 0.0027988207764562865 0.0058989935 0.0041936403 0.010092634 306.05978438844 40.63276923155 1555.3418 -2.592 -5.837999999999999 0.8145744876861571 -0.41360634613037117 0.15845382 0.16345383 "" "" 6.7350968544899406 "" 1.0741904154775048 ""
305.5965625311 41.06705865307 0.0277 0.0325 20.0194 "" "" 2068328573265025920 1541.7262 0.6082 0.0359 -3.212 -5.332 0.037 0.041 1.038 "" "" 16.107838 3.17611 17.99074 14.81463 "" "" 1452.60583 1633.85266 6789.09624 4.3433 869.2 16.45 9403.9 13.704 "" "" 0.0028415229597422856 0.020736616 0.004097208 0.024833824 305.5965625311 41.06705865307 1541.7262 -3.2120000000000024 -5.332000000000001 0.19457448768615704 0.09239365386962906 0.16145383 0.16545382 "" "" 1.5740735274588256 "" 0.25531033680278553 ""
306.17576404527 40.88497130228 0.0261 0.0318 18.9177 "" "" 2067652545413537024 1515.60181 0.6247 0.0347 1.441 -1.224 0.034 0.039 0.957 7573.9 4.1897 16.109255 1.7812 16.96595 15.18475 "" "" 1429.76697 1604.84961 6780.23136 3.1721 2233.8 10.957 6687.4 12.538 "" "" 0.0028017511258394954 0.0060122767 0.0042927205 0.010304997 306.17576404527 40.88497130228 1515.60181 1.4409999999999998 -1.2239999999999998 4.847574487686157 4.200393653869629 0.15845382 0.16345383 "" "" 46.079489863491624 "" 7.401152716012962 ""
306.13584248684 40.82819101279 0.0893 0.1158 16.1595 "" "" 2067650140231850368 1921.74963 0.5699 0.1204 0.56 -2.007 0.121 0.139 3.904 5398.8 4.6863 16.109373 1.452161 16.670994 15.218833 "" "" 1528.87549 2509.34155 6779.50196 11.526 2931.0 10.541 6480.7 41.669 "" "" 0.003316487327926201 0.004799158 0.007938362 0.01273752 306.13584248684 40.82819101279 1921.74963 0.5600000000000004 -2.007 3.9665744876861573 3.417393653869629 0.24545383 0.26345384 "" "" 47.69225164804671 "" 12.079441435858707 ""
305.74720096912 40.61948323559 0.0245 0.0289 9.0514 "" "" 2067560358236686464 1704.79407 0.5609 0.0329 -3.155 -5.512 0.033 0.034 1.039 9210.4 3.7542 16.114805 1.909074 17.056559 15.147485 "" "" 1609.3877 1796.40637 6745.65969 2.6861 2054.9 8.4282 6920.9 11.112 "" "" 0.0027890328757846357 0.005255064 0.004162039 0.009417104 305.74720096912 40.61948323559 1704.79407 -3.154999999999998 -5.512000000000002 0.2515744876861574 -0.08760634613037066 0.15745384 0.15845382 "" "" 2.1526386378901234 "" 0.33917467421369735 ""
305.58823556639 40.86968696215 0.0258 0.0304 11.0214 "" "" 2068317475069453568 1658.82629 0.5793 0.034 -3.295 -4.932 0.035 0.038 1.072 "" "" 16.124779 1.836904 17.012775 15.175872 "" "" 1569.65894 1738.55518 6683.98259 2.9271 2139.5 7.7079 6742.3 11.577 "" "" 0.0027960444693272213 0.0048047076 0.0042141764 0.009018884 305.58823556639 40.86968696215 1658.82629 -3.295 -4.932 0.1115744876861573 0.4923936538696285 0.15945382 0.16245383 "" "" 3.9697621808728893 "" 0.6443265552978061 ""
305.73425072076 41.10699992749 0.0302 0.0321 20.5582 "" "" 2068329466618177152 1646.77539 0.5636 0.0377 -3.684 -5.178 0.038 0.042 1.097 "" "" 16.12679 2.698857 17.627325 14.928468 "" "" 1547.16565 1764.70288 6671.61656 3.3836 1214.7 9.5282 8467.8 11.321 "" "" 0.002809804273620681 0.0089620035 0.0040485538 0.013010558 305.73425072076 41.10699992749 1646.77539 -3.684000000000003 -5.177999999999999 -0.27742551231384294 0.24639365386962897 0.16245383 0.16645382 "" "" 2.8962753911267116 "" 0.47565443422872233 ""
305.64811774832 40.86049184429 0.0276 0.0296 8.5261 "" "" 2068322457231479296 1905.15234 0.4714 0.0343 -4.673 -8.354 0.037 0.035 1.001 7734.8 2.6949 16.131552 3.284034 18.100266 14.816232 "" "" 1791.95557 2051.40942 6642.41248 3.8785 785.8 7.1714 9390.0 13.689 "" "" 0.002827312400974421 0.010294036 0.004097442 0.014391478 305.64811774832 40.86049184429 1905.15234 -4.673000000000001 -8.354 -1.2664255123138428 -2.9296063461303703 0.16145383 0.15945382 "" "" 28.821659765720234 "" 4.604847579959154 ""
305.7299623348 40.75010231207 0.0249 0.0273 2.8837 "" "" 2067564515765124608 1669.8562 0.5741 0.0309 -3.667 -5.645 0.031 0.033 0.955 9472.0 3.995 16.133633 1.663547 16.90469 15.241143 "" "" 1579.84387 1752.17639 6629.69781 2.6502 2363.4 11.424 6348.9 10.187 "" "" 0.0027892942276220843 0.005943737 0.004161565 0.010105303 305.7299623348 40.75010231207 1669.8562 -3.667 -5.645 -0.2604255123138426 -0.22060634613037067 0.15545383 0.15745384 "" "" 2.701463734649083 "" 0.42221856062909274 ""
305.96642925425 40.48452889602 0.0262 0.0308 18.7627 "" "" 2067543350166036352 2057.60449 0.4552 0.0338 -2.163 -4.629 0.038 0.039 1.015 8600.0 3.5466 16.133898 1.727742 16.948778 15.221036 "" "" 1932.22705 2174.19458 6628.07769 2.7367 2269.4 5.9399 6467.6 9.5253 "" "" 0.0027915511511103527 0.0039825663 0.0041037374 0.008086303 305.96642925425 40.48452889602 2057.60449 -2.1629999999999994 -4.629 1.2435744876861574 0.7953936538696293 0.16245383 0.16345383 "" "" 14.397320348190595 "" 2.343088830554531 ""
305.69036919754 40.76060650216 0.0264 0.0286 4.5166 "" "" 2067565306039134336 1873.14551 0.5158 0.0324 -2.775 -5.728 0.034 0.035 1.033 8625.8 4.0765 16.134205 1.775231 16.985476 15.210244 "" "" 1754.40198 1997.22058 6626.19929 3.5157 2193.9 9.3811 6532.2 12.323 "" "" 0.0028148961789149604 0.005416529 0.0042987233 0.009715252 305.69036919754 40.76060650216 1873.14551 -2.774999999999999 -5.727999999999999 0.6315744876861573 -0.30360634613037085 0.15845382 0.15945382 "" "" 6.221835558034162 "" 0.987044509741138 ""
305.38307806803 40.66793352782 0.0266 0.0298 19.409 "" "" 2068291121150145152 1728.48352 0.5561 0.0329 -3.073 -5.652 0.036 0.039 1.005 "" "" 16.135223 1.841348 17.023682 15.182334 "" "" 1628.96094 1838.39819 6619.98694 2.8429 2118.1 9.114 6702.3 10.905 "" "" 0.0027944925115217117 0.0054416014 0.0041718613 0.009613463 305.38307806803 40.66793352782 1728.48352 -3.072999999999997 -5.6519999999999975 0.3335744876861573 -0.22760634613037123 0.16045383 0.16345383 "" "" 3.308562876727627 "" 0.5340446730749837 ""
306.00305037052 40.50943715742 0.0275 0.0326 18.2555 "" "" 2067549294400766208 1871.50842 0.4846 0.0345 -1.764 -3.969 0.04 0.043 1.06 15003.5 3.7514 16.142021 3.209483 18.048725 14.839242 "" "" 1767.15173 2008.2301 6578.66934 3.4043 824.0 7.8361 9193.1 14.534 "" "" 0.002812019848718771 0.010695518 0.0041509215 0.0148464395 306.00305037052 40.50943715742 1871.50842 -1.7640000000000005 -3.9690000000000003 1.6425744876861572 1.455393653869629 0.16445383 0.16745383 "" "" 19.468090622550456 "" 3.2274184282254867 ""
305.67897068207 40.39557413781 0.0275 0.0288 22.8412 "" "" 2067521600451744512 1865.42859 0.5096 0.035 -2.12 -4.786 0.039 0.035 1.049 "" "" 16.142979 2.192205 17.269707 15.077501 "" "" 1753.20886 2000.24536 6572.87466 2.8449 1688.6 8.0526 7381.7 17.468 "" "" 0.00279510758744618 0.0058816005 0.0045700017 0.010451602 305.67897068207 40.39557413781 1865.42859 -2.12 -4.786 1.2865744876861571 0.6383936538696293 0.16345383 0.15945382 "" "" 12.699530805424454 "" 2.0658499102753205 ""
306.15025977507 40.62032027021 0.0259 0.0324 18.6236 "" "" 2067551115466880000 1680.87036 0.5568 0.0334 -3.472 -5.375 0.036 0.044 1.032 9244.8 3.6983 16.143871 2.144692 17.24325 15.098557 "" "" 1590.59912 1785.06335 6567.47425 3.2099 1730.3 11.341 7239.9 12.413 "" "" 0.002805956308205474 0.0076437406 0.004212956 0.011856697 306.15025977507 40.62032027021 1680.87036 -3.4720000000000004 -5.375000000000001 -0.06542551231384275 0.049393653869628906 0.16045383 0.16845383 "" "" 0.6531375487379196 "" 0.10672493702629478 ""
305.48497550657 41.01737796651 0.0304 0.0373 20.4086 "" "" 2068333894728138752 1501.98572 0.6057 0.0399 1.194 -1.363 0.04 0.046 0.947 "" "" 16.146152 3.781528 18.496403 14.714875 "" "" 1410.58044 1612.99719 6553.68857 4.4902 545.58 10.604 10309.0 22.405 "" "" 0.002853970954648974 0.02128624 0.0044555366 0.025741776 305.48497550657 41.01737796651 1501.98572 1.194 -1.363 4.600574487686157 4.061393653869629 0.16445383 0.17045383 "" "" 43.690345551936176 "" 7.301019795017858 ""
305.31903784383 40.80636500558 0.0256 0.0344 21.4991 "" "" 2068307407666212736 2003.25305 0.4662 0.0345 -2.794 -4.73 0.034 0.045 1.074 "" "" 16.147211 2.382415 17.415043 15.032628 "" "" 1863.70007 2153.11084 6547.30163 3.3138 1477.1 17.333 7693.2 16.445 "" "" 0.0028095850657527087 0.013042494 0.004435107 0.017477602 305.31903784383 40.80636500558 2003.25305 -2.794 -4.73 0.6125744876861572 0.6943936538696285 0.15845382 0.16945383 "" "" 8.792522820458048 "" 1.4483938371534253 ""
306.21054929527 40.80210981392 0.0287 0.0343 19.2488 "" "" 2067646979135904640 1893.19763 0.4831 0.0377 -3.286 -4.556 0.037 0.042 1.042 8059.3 3.6233 16.152584 3.073955 17.95131 14.877355 "" "" 1781.82593 2033.12244 6514.98479 3.0997 901.35 9.469 8876.0 14.179 "" "" 0.0028033258209230897 0.011742352 0.0041583553 0.015900707 306.21054929527 40.80210981392 1893.19763 -3.286000000000001 -4.555999999999999 0.1205744876861572 0.8683936538696289 0.16145383 0.16645382 "" "" 7.867511883058412 "" 1.3088443715077527 ""
305.84757710926 40.76627028042 0.0254 0.0321 2.6437 "" "" 2067567608141498368 1516.5249 0.6279 0.0333 -3.231 -3.98 0.034 0.04 0.981 "" "" 16.15941 2.115493 17.238737 15.123244 "" "" 1439.52063 1599.17725 6474.14758 2.9807 1737.5 11.521 7077.2 16.47 "" "" 0.00280029690479451 0.007721063 0.0045462092 0.012267273 305.84757710926 40.76627028042 1516.5249 -3.2310000000000008 -3.9800000000000004 0.17557448768615735 1.444393653869629 0.15845382 0.16445383 "" "" 10.459201129597734 "" 1.7191584042571584 ""
305.48446674423 40.85688349544 0.0245 0.0299 14.863 "" "" 2068320189488835840 1969.19177 0.4716 0.0316 -3.317 -7.51 0.033 0.037 0.972 8380.2 3.1436 16.160423 2.35645 17.412971 15.056521 "" "" 1879.14905 2082.66553 6468.10788 2.9649 1479.9 6.3313 7525.7 9.4598 "" "" 0.0027999076150750156 0.0054185777 0.004018249 0.009436827 305.48446674423 40.85688349544 1969.19177 -3.317 -7.509999999999999 0.08957448768615706 -2.085606346130371 0.15745384 0.16145383 "" "" 19.48493116150965 "" 3.1457749997312052 ""
305.82729689226 40.7556455158 0.0395 0.0513 1.8497 "" "" 2067567573781764864 1708.88953 0.5488 0.0513 -3.605 -5.532 0.049 0.072 1.126 "" "" 16.16278 2.083253 17.151316 15.068063 "" "" 1580.00195 1837.20068 6454.08343 5.4829 1883.2 63.633 7446.2 68.111 "" "" 0.0029056042065247504 0.03679278 0.010626137 0.04741892 305.82729689226 40.7556455158 1708.88953 -3.6049999999999995 -5.532 -0.19842551231384276 -0.10760634613037112 0.17345382 0.19645382 "" "" 1.8284038933687967 "" 0.3271754845821525 ""
305.53648918538 40.576558788 0.0279 0.0301 16.2144 "" "" 2067538879099617408 2056.02417 0.4555 0.0347 -1.954 -3.64 0.036 0.039 0.982 "" "" 16.165907 2.249152 17.324667 15.075515 "" "" 1932.83325 2180.92651 6435.52931 3.3431 1605.3 8.4301 7395.2 15.718 "" "" 0.0028124545282668407 0.0063477475 0.004428207 0.010775954 305.53648918538 40.576558788 2056.02417 -1.9539999999999997 -3.640000000000002 1.4525744876861573 1.7843936538696288 0.16045383 0.16345383 "" "" 22.42331893271071 "" 3.6385155308348462 ""
306.13563452297 40.78232995361 0.0279 0.0349 15.7587 "" "" 2067649659195507200 1832.62024 0.497 0.0366 -5.404 -4.59 0.038 0.043 0.993 7159.6 2.8587 16.171999 3.376795 18.219397 14.842602 "" "" 1722.37158 1940.22058 6399.51275 3.0886 704.14 5.6968 9164.7 12.74 "" "" 0.0028047059033552576 0.0092165675 0.0040696086 0.013286176 306.13563452297 40.78232995361 1832.62024 -5.404 -4.590000000000002 -1.9974255123138427 0.834393653869629 0.16245383 0.16745383 "" "" 18.803916862804694 "" 3.0689194950527607 ""
306.04924867728 40.40705918557 0.0274 0.0355 24.624 "" "" 2067495177812790912 1803.79138 0.5305 0.0364 -3.61 -5.611 0.037 0.046 1.0 9220.0 3.6387 16.174612 1.966653 17.1496 15.182946 "" "" 1686.7749 1960.5282 6384.13112 3.3021 1886.2 10.545 6698.5 14.58 "" "" 0.002811967831784302 0.0066804946 0.0044574137 0.011137908 306.04924867728 40.40705918557 1803.79138 -3.610000000000001 -5.611000000000006 -0.20342551231384265 -0.18660634613037086 0.16145383 0.17045383 "" "" 2.3602236370195717 "" 0.39091708280210447 ""
305.98529659016 40.72810525819 0.0257 0.0353 9.2036 "" "" 2067556166348531968 1559.32776 0.6135 0.0353 -3.968 -5.74 0.034 0.043 0.983 "" "" 16.175594 2.040341 17.207045 15.166703 "" "" 1469.98853 1639.38513 6378.36066 2.9373 1789.0 8.3085 6799.5 16.398 "" "" 0.0028003181847153355 0.005762878 0.0045978054 0.010360683 305.98529659016 40.72810525819 1559.32776 -3.967999999999998 -5.739999999999995 -0.5614255123138427 -0.3156063461303713 0.15845382 0.16745383 "" "" 4.760343063516531 "" 0.7648014617476232 ""
305.59439607565 40.9272669546 0.0507 0.058 13.0735 "" "" 2068326511680669056 1679.52161 0.5875 0.064 -3.469 -5.724 0.07 0.078 1.98 8509.9 2.9671 16.177681 1.872411 17.056623 15.184213 "" "" 1516.0686 1915.19189 6366.11163 6.5272 2054.8 7.4847 6690.7 13.142 "" "" 0.0029717040998482377 0.0048400233 0.004339563 0.009179587 305.59439607565 40.9272669546 1679.52161 -3.469 -5.724 -0.062425512313842635 -0.2996063461303713 0.19445384 0.20245382 "" "" 2.436369297186181 "" 0.49245669894675054 ""
305.78780944331 40.51040701146 0.0278 0.0335 15.3901 "" "" 2067547232816561408 1722.43091 0.5512 0.038 -2.626 -4.295 0.039 0.039 1.02 7797.3 3.6449 16.184078 2.772898 17.752934 14.980036 "" "" 1599.02393 1836.61487 6328.71533 2.738 1082.0 7.5181 8075.0 13.01 "" "" 0.0027950723493074536 0.008043501 0.0041645775 0.012208078 305.78780944331 40.51040701146 1722.43091 -2.625999999999999 -4.295000000000002 0.7805744876861573 1.129393653869629 0.16345383 0.16345383 "" "" 11.208715558331447 "" 1.8321075128192434 ""
