Clusters/NGC_6910/NGC_6910_members.tsv
# %ECSV 1.0
# ---
# datatype:
# - name: RA_ICRS_1
#   unit: deg
#   datatype: float64
#   format: '{:15.11f}'
#   description: Right ascension (ICRS) at Ep=2016.0 (ra)
#   meta: !!omap
#   - {ucd: POS_EQ_RA_MAIN}
#   - {width: 15}
#   - {precision: '11'}
# - name: DE_ICRS_1
#   unit: deg
#   datatype: float64
#   format: '{:15.11f}'
#   description: Declination (ICRS) at Ep=2016.0 (dec)
#   meta: !!omap
#   - {ucd: POS_EQ_DEC_MAIN}
#   - {width: 15}
#   - {precision: '11'}
# - name: e_RA_ICRS
#   unit: mas
#   datatype: float64
#   format: '{:7.4f}'
#   description: Standard error of right ascension (ra_error)
#   meta: !!omap
#   - {ucd: ERROR}
#   - {width: 7}
#   - {precision: '4'}
# - name: e_DE_ICRS
#   unit: mas
#   datatype: float64
#   format: '{:7.4f}'
#   description: Standard error of declination (dec_error)
#   meta: !!omap
#   - {ucd: ERROR}
#   - {width: 7}
#   - {precision: '4'}
# - name: _r_1
#   unit: ''
#   datatype: float64
#   format: '{:7.4f}'
#   description: Distance from center (305.78940738000+40.76690596000)[ICRS], at Epoch=J2016.0
#   meta: !!omap
#   - {ucd: POS_ANG_DIST_GENERAL}
#   - {width: 7}
#   - {precision: '4'}
# - name: HIP
#   datatype: int32
#   description: '? HIP cross-id number, van Leeuwen, Cat. I/311 (hip_original_ext_source_id)'
#   meta: !!omap
#   - {ucd: ID_NUMBER}
#   - {width: 6}
#   - values: {'null': -2147483648}
# - name: TYC2
#   datatype: string
#   description: Tycho-2 cross-id name, Hog et al., Cat. I/259 (tyc2_original_ext_source_id)
#   meta: !!omap
#   - {ucd: ID_CROSSID}
#   - {_votable_string_dtype: char}
# - name: Source
#   datatype: int64
#   description: Source identifier, identical to the Gaia-EDR3 source_id (id)
#   meta: !!omap
#   - {ucd: ID_MAIN}
#   - {width: 19}
# - name: rgeo
#   unit: pc
#   datatype: float64
#   format: '{:15.8f}'
#   description: '? Median of the geometric distance posterior (r_med_geo)'
#   meta: !!omap
#   - {ucd: PHYS_DISTANCE_TRUE}
#   - {width: 15}
#   - {precision: '8'}
#   - values: {'null': .nan}
# - name: Plx
#   unit: mas
#   datatype: float64
#   format: '{:9.4f}'
#   description: '? Parallax (parallax)'
#   meta: !!omap
#   - {ucd: POS_PARLX_TRIG}
#   - {width: 9}
#   - {precision: '4'}
#   - values: {'null': .nan}
# - name: e_Plx
#   unit: mas
#   datatype: float32
#   format: '{:7.4f}'
#   description: '? Standard error of parallax (parallax_error)'
#   meta: !!omap
#   - {ucd: ERROR}
#   - {width: 7}
#   - {precision: '4'}
#   - values: {'null': .nan}
# - name: pmRA
#   unit: mas / yr
#   datatype: float64
#   format: '{:9.3f}'
#   description: '? Proper motion in right ascension direction, pmRA*cosDE (pmra)'
#   meta: !!omap
#   - {ucd: POS_EQ_PMRA}
#   - {width: 9}
#   - {precision: '3'}
#   - values: {'null': .nan}
# - name: pmDE
#   unit: mas / yr
#   datatype: float64
#   format: '{:9.3f}'
#   description: '? Proper motion in declination direction (pmdec)'
#   meta: !!omap
#   - {ucd: POS_EQ_PMDEC}
#   - {width: 9}
#   - {precision: '3'}
#   - values: {'null': .nan}
# - name: e_pmRA
#   unit: mas / yr
#   datatype: float32
#   format: '{:6.3f}'
#   description: '? Standard error of proper motion in right ascension direction (pmra_error)'
#   meta: !!omap
#   - {ucd: ERROR}
#   - {width: 6}
#   - {precision: '3'}
#   - values: {'null': .nan}
# - name: e_pmDE
[...]
#       distance: !astropy.table.SerializedColumn
#         __class__: astropy.coordinates.distances.Distance
#         unit: !astropy.units.Unit {unit: pc}
#         value: !astropy.table.SerializedColumn {name: SkyCoord.distance}
#       frame: icrs
#       obstime: !astropy.time.Time {format: jyear_str, in_subfmt: '*', jd1: 367701545.0, jd2: 0.0, out_subfmt: '*', precision: 3, scale: tt}
#       pm_dec: !astropy.table.SerializedColumn
#         __class__: astropy.units.quantity.Quantity
#         unit: !astropy.units.Unit {unit: mas / yr}
#         value: !astropy.table.SerializedColumn {name: SkyCoord.pm_dec}
#       pm_ra_cosdec: !astropy.table.SerializedColumn
#         __class__: astropy.units.quantity.Quantity
#         unit: !astropy.units.Unit {unit: mas / yr}
#         value: !astropy.table.SerializedColumn {name: SkyCoord.pm_ra_cosdec}
#       ra: !astropy.table.SerializedColumn
#         __class__: astropy.coordinates.angles.Longitude
#         unit: *id001
#         value: !astropy.table.SerializedColumn {name: SkyCoord.ra}
#         wrap_angle: !astropy.coordinates.Angle
#           unit: *id001
#           value: 360.0
#       representation_type: spherical
# schema: astropy-2.0
RA_ICRS_1 DE_ICRS_1 e_RA_ICRS e_DE_ICRS _r_1 HIP TYC2 Source rgeo Plx e_Plx pmRA pmDE e_pmRA e_pmDE RUWE Teff logg Gmag BP-RP BPmag RPmag RV e_RV b_rgeo B_rgeo FG e_FG FBP e_FBP FRP e_FRP RAVE5 RAVE6 e_Gmag e_BPmag e_RPmag e_BP-RP SkyCoord.ra SkyCoord.dec SkyCoord.distance SkyCoord.pm_ra_cosdec SkyCoord.pm_dec rmRA rmDE e_rmRA e_rmDE rRV e_rRV v_pec v_pec3d e_vpec e_vpec3d Pmemb
305.82566647857 40.75903062355 0.0133 0.0141 1.7142 100548 3156-2221-1 2067567642501401984 1830.45886 0.5223 0.0162 -3.425 -5.515 0.017 0.017 1.059 "" "" 6.582681 1.499208 7.253942 5.754734 "" "" 1772.39685 1886.78491 43840371.62756 39790.0 17133000.0 48551.0 39561000.0 121090.0 "" "" 0.0029262354274730714 0.004153468 0.0050326767 0.009186145 305.82566647857 40.75903062355 1830.45886 -3.4249999999999994 -5.514999999999999 -0.018425512313842596 -0.09060634613037077 0.14145383 0.14145383 "" "" 0.802225039009778 "" 0.1134778062054851 "" 1.0
305.78154279452 40.76910999167 0.0085 0.0103 0.3811 "" 3156-1857-1 2067570253841405440 1665.33838 0.5784 0.0107 -3.331 -5.425 0.011 0.013 0.991 "" "" 10.052602 1.204219 10.562883 9.358664 -63.41 4.52 1633.354 1705.11292 1794345.1825 765.03 813320.0 922.18 1431200.0 1468.1 "" "" 0.0027939354520185393 0.0030496807 0.003940066 0.0069897464 305.78154279452 40.76910999167 1665.33838 -3.3309999999999995 -5.425000000000001 0.07557448768615727 -0.0006063461303709161 0.13545382 0.13745382 -34.58857142857143 12.890001 0.5965818301723602 34.59371595173724 0.08080936534319803 12.888084466092534 1.0
305.78039475091 40.78200260697 0.0134 0.0141 0.9941 "" "" 2067570459999953024 1702.73328 0.5619 0.0161 -3.547 -5.379 0.017 0.018 1.655 "" "" 10.22925 1.237205 10.761001 9.523795 -46.36 7.39 1655.75854 1758.44556 1524918.76204 1062.1 677670.0 1240.1 1229200.0 2092.4 "" "" 0.00285720922212564 0.0034252852 0.004207081 0.0076323664 305.78039475091 40.78200260697 1702.73328 -3.547 -5.379 -0.14042551231384293 0.04539365386962935 0.14145383 0.14245382 -17.538571428571426 15.76 1.1911130688957137 17.578971474406462 0.16860055782420055 15.723784698327327 0.8
305.81742150212 40.75524894857 0.016 0.0206 1.4526 "" "" 2067567264544128000 1653.26416 0.5794 0.0211 -3.281 -5.468 0.021 0.027 1.695 "" "" 11.046442 1.398179 11.665444 10.267265 -94.71 16.52 1595.8689 1716.31665 718405.99317 236.78 294600.0 319.74 619800.0 346.09 "" "" 0.0027784609126310067 0.003028803 0.0038276995 0.0068565025 305.81742150212 40.75524894857 1653.26416 -3.281 -5.468 0.1255744876861571 -0.043606346130371065 0.14545383 0.15145382 -65.88857142857142 24.890001 1.0417046109336952 65.89680563877432 0.15220482973681426 24.886891254921547 0.9
305.89061759026 40.75551228832 0.0107 0.0134 4.6501 "" 3156-1028-1 2067567436342772736 1677.81274 0.5693 0.014 -3.375 -5.403 0.014 0.016 1.122 "" "" 11.226302 1.502082 11.911746 10.409664 "" "" 1641.87927 1728.36523 608731.58007 347.58 234810.0 241.07 543620.0 441.58 "" "" 0.002824202777036497 0.0030045905 0.0038809204 0.006885511 305.89061759026 40.75551228832 1677.81274 -3.375 -5.402999999999999 0.03157448768615723 0.021393653869629325 0.13845383 0.14045383 "" "" 0.3033186395832644 "" 0.04218744017837758 "" 0.9
305.82779154775 40.81059523055 0.0103 0.0123 3.1483 "" "" 2067570803597334912 1754.65417 0.5336 0.0129 -3.578 -5.432 0.014 0.017 0.972 "" "" 11.374966 1.210548 11.890656 10.680108 "" "" 1721.29675 1789.81348 530836.09587 184.52 239420.0 221.59 423750.0 125.33 "" "" 0.0027810472341647913 0.0029656081 0.0037929998 0.006758608 305.82779154775 40.81059523055 1754.65417 -3.5780000000000003 -5.432 -0.17142551231384262 -0.0076063461303714774 0.13845383 0.14145383 "" "" 1.4271592260835324 "" 0.19760415938405818 "" 1.0
305.81911289388 40.80051505756 0.0097 0.0111 2.4265 "" "" 2067570700517996672 1737.59009 0.5374 0.0121 -3.356 -5.428 0.013 0.014 1.014 "" "" 11.49268 1.138121 11.968344 10.830223 "" "" 1695.51892 1768.99109 476293.59391 154.42 222880.0 154.8 369040.0 111.21 "" "" 0.0027777147739984635 0.0028902772 0.0037935178 0.006683795 305.81911289388 40.80051505756 1737.59009 -3.3560000000000008 -5.428 0.050574487686157354 -0.00360634613037103 0.13745382 0.13845383 "" "" 0.4175980982313694 "" 0.057402575915216365 "" 1.0
305.77506014613 40.78369867633 0.0073 0.0078 1.2001 "" "" 2067570459999953792 1656.28027 0.5923 0.0087 -3.254 -5.396 0.009 0.009 0.88 "" "" 12.158823 1.200102 12.667872 11.467771 "" "" 1628.74048 1684.21289 257879.97117 49.245 117020.0 128.82 205140.0 63.275 "" "" 0.0027631099242431414 0.0030353907 0.0037941905 0.006829581 305.77506014613 40.78369867633 1656.28027 -3.254 -5.396 0.15257448768615722 0.028393653869629 0.13345383 0.13345383 "" "" 1.2183920682689766 "" 0.16259908926386413 "" 1.0
306.06091576583 40.62331563027 0.0068 0.0085 15.0592 "" "" 2067551665222729856 1717.9281 0.5754 0.0087 -3.427 -5.46 0.01 0.011 0.929 "" "" 12.224071 1.459255 12.882797 11.423542 "" "" 1693.81384 1738.15613 242839.08886 45.314 96006.0 65.374 213670.0 55.87 "" "" 0.0027627587499413375 0.0028864576 0.0037900296 0.006676487 306.06091576583 40.62331563027 1717.9281 -3.4270000000000023 -5.460000000000003 -0.02042551231384282 -0.03560634613037106 0.13445383 0.13545382 "" "" 0.3342604623049257 "" 0.04519432655918146 "" 1.0
305.79086160456 40.7644918198 0.0071 0.0087 0.1592 "" "" 2067570180826506752 1632.05652 0.6027 0.009 -3.448 -5.374 0.01 0.01 1.007 "" "" 12.27466 1.295613 12.807325 11.511712 "" "" 1610.14172 1653.56897 231783.61169 336.48 102920.0 535.94 197000.0 1478.4 "" "" 0.0031742835514660646 0.0063048033 0.008981832 0.015286636 305.79086160456 40.7644918198 1632.05652 -3.4479999999999995 -5.373999999999999 -0.04142551231384273 0.05039365386962924 0.13445383 0.13445383 "" "" 0.5046538616633819 "" 0.0678526460909636 "" 1.0
306.15803083988 40.70345210544 0.0074 0.0095 17.1861 "" "" 2067645978403558784 1774.91589 0.5548 0.0096 -3.443 -5.396 0.01 0.012 1.081 13644.3 3.6551 12.313759 1.312174 12.887382 11.575209 "" "" 1746.03589 1803.52478 223585.27251 44.354 95601.0 91.637 185810.0 85.205 "" "" 0.002763725704861119 0.0029779423 0.0038120344 0.0067899767 306.15803083988 40.70345210544 1774.91589 -3.4430000000000005 -5.395999999999998 -0.036425512313842834 0.028393653869629 0.13445383 0.13645382 "" "" 0.3885557419506555 "" 0.05253787713292967 "" 1.0
305.79416647229 40.77278477489 0.0071 0.0088 0.4137 "" "" 2067570288201136896 1643.37854 0.5989 0.0092 -3.476 -5.28 0.009 0.011 0.995 "" "" 12.338277 1.286602 12.895727 11.609125 "" "" 1621.41211 1675.83472 218592.84384 80.089 94869.0 125.44 180100.0 166.47 "" "" 0.002783887866051362 0.003137837 0.003910355 0.0070481915 305.79416647229 40.77278477489 1643.37854 -3.476 -5.28 -0.06942551231384275 0.14439365386962866 0.13345383 0.13545382 "" "" 1.248027219835388 "" 0.1685841957767097 "" 1.0
305.78075713118 40.78122934485 0.0132 0.0132 0.945 "" "" 2067570459995985408 1980.90979 0.497 0.0152 -2.997 -5.449 0.017 0.016 1.501 "" "" 12.373372 1.264598 12.850301 11.585703 "" "" 1910.50269 2041.55457 211640.04361 91.633 98923.0 1453.6 184030.0 2583.0 "" "" 0.0027951335094075045 0.016196232 0.015700787 0.03189702 305.78075713118 40.78122934485 1980.90979 -2.9969999999999994 -5.448999999999997 0.40957448768615734 -0.024606346130370937 0.14145383 0.14045383 "" "" 3.8526387202450803 "" 0.5449567050621142 "" 1.0
305.81993024915 40.76664387996 0.0075 0.0096 1.3871 "" "" 2067567638205876864 1645.09949 0.5996 0.0099 -3.336 -5.528 0.011 0.012 1.045 "" "" 12.451308 1.399492 13.073926 11.674434 "" "" 1617.07678 1677.04358 196980.58613 37.221 80509.0 106.92 169580.0 49.356 "" "" 0.00276294757427403 0.003140726 0.0037925695 0.006933295 305.81993024915 40.76664387996 1645.09949 -3.336 -5.528000000000002 0.07057448768615737 -0.10360634613037067 0.13545382 0.13645382 "" "" 0.9775256496015124 "" 0.13307806866416583 "" 0.9
305.83416641276 40.80738945852 0.0103 0.0124 3.1677 "" "" 2067570730578276096 1776.29224 0.5537 0.0131 -3.42 -5.308 0.014 0.015 1.305 "" "" 12.587859 1.225024 13.103787 11.878763 "" "" 1734.23547 1824.33777 173701.30992 46.092 78325.0 93.617 140490.0 106.51 "" "" 0.0027703415588342765 0.0030771913 0.0038679803 0.0069451714 305.83416641276 40.80738945852 1776.29224 -3.42 -5.308 -0.013425512313842702 0.11639365386962908 0.13845383 0.13945383 "" "" 0.9864886157969215 "" 0.13755670734333628 "" 1.0
305.7607247452 40.77464957565 0.0079 0.0089 1.3837 "" "" 2067570356920639104 1672.65125 0.585 0.0099 -3.325 -5.423 0.011 0.011 0.99 "" "" 12.699286 1.141376 13.176213 12.034838 "" "" 1648.32129 1698.13147 156758.96928 41.868 73271.0 70.132 121680.0 71.023 "" "" 0.002770537880907509 0.0029774203 0.0038321458 0.006809566 305.7607247452 40.77464957565 1672.65125 -3.325000000000003 -5.423 0.08157448768615705 0.0013936538696288636 0.13545382 0.13545382 "" "" 0.6468468495689915 "" 0.08761787687693934 "" 0.9
305.79911463601 40.7238599024 0.008 0.0098 2.6202 "" "" 2067567058385689984 1686.02551 0.5826 0.0105 -3.407 -5.698 0.01 0.011 1.06 "" "" 12.710756 1.510397 13.389263 11.878866 "" "" 1658.12646 1713.80249 155111.63955 134.77 60216.0 194.52 140480.0 332.32 "" "" 0.002912335797218927 0.004481787 0.0045695207 0.009051308 305.79911463601 40.7238599024 1686.02551 -3.407000000000001 -5.698000000000001 -0.00042551231384280186 -0.2736063461303715 0.13445383 0.13545382 "" "" 2.186599148054875 "" 0.29618320264358133 "" 0.8
305.93423664996 40.95679110382 0.0106 0.0128 13.1527 "" "" 2067667113942639488 1655.30493 0.5982 0.0136 -3.658 -5.368 0.013 0.016 1.333 "" "" 12.746443 1.617241 13.49561 11.878369 "" "" 1618.84485 1688.35999 150096.24207 59.256 54597.0 81.637 140540.0 170.52 "" "" 0.0027884613439802257 0.0032281082 0.00400239 0.007230498 305.93423664996 40.95679110382 1655.30493 -3.6580000000000004 -5.368 -0.2514255123138427 0.05639365386962858 0.13745382 0.14045383 "" "" 2.021734601042247 "" 0.27818868465472446 "" 0.9
305.78625930063 40.80032515454 0.0086 0.0097 2.0102 "" "" 2067570494355746432 1659.76733 0.591 0.0107 -3.427 -5.526 0.012 0.011 1.041 "" "" 12.814912 1.173103 13.309658 12.136555 "" "" 1625.255 1700.22302 140923.06454 34.714 64797.0 58.464 110800.0 80.689 "" "" 0.002768270276312612 0.0029571445 0.003861204 0.0068183485 305.78625930063 40.80032515454 1659.76733 -3.427 -5.526 -0.02042551231384282 -0.1016063461303709 0.13645382 0.13545382 "" "" 0.815359142971383 "" 0.11047529316981394 "" 1.0
305.4896355376 40.73731014774 0.0104 0.0126 13.7406 "" "" 2068314653274266368 1651.56042 0.5899 0.0133 -3.244 -5.468 0.013 0.015 1.113 "" "" 12.869066 1.212467 13.383878 12.171411 "" "" 1610.7644 1690.03796 134066.54725 27.346 60515.0 38.832 107300.0 48.897 "" "" 0.002764205940255815 0.0028758391 0.0038116307 0.00668747 305.4896355376 40.73731014774 1651.56042 -3.2439999999999998 -5.468000000000002 0.162574487686157 -0.043606346130371065 0.13745382 0.13945383 "" "" 1.317683937433243 "" 0.18129876990875768 "" 0.9
305.82193560201 40.77071893133 0.0088 0.0103 1.4957 "" "" 2067567642501256704 1672.2887 0.5782 0.011 -3.276 -5.504 0.011 0.013 1.015 "" "" 13.029778 1.40766 13.654817 12.247157 "" "" 1638.18372 1703.27747 115620.74043 28.258 47151.0 47.372 100070.0 35.246 "" "" 0.0027680685593384977 0.0029958216 0.0037986794 0.006794501 305.82193560201 40.77071893133 1672.2887 -3.276 -5.504 0.13057448768615743 -0.07960634613037065 0.13545382 0.13745382 "" "" 1.2122037450615641 "" 0.16485809604360047 "" 0.9
305.8137654792 40.82620627928 0.0087 0.0101 3.7261 "" "" 2067571009755660672 1687.98083 0.5637 0.011 -3.513 -5.486 0.012 0.013 1.127 "" "" 13.158612 1.290732 13.716968 12.426235 "" "" 1658.5719 1722.59412 102683.76731 20.217 44528.0 35.597 84852.0 33.638 "" "" 0.002763600084463859 0.0029220574 0.0038038124 0.00672587 305.8137654792 40.82620627928 1687.98083 -3.5129999999999995 -5.485999999999999 -0.10642551231384267 -0.06160634613037086 0.13645382 0.13745382 "" "" 0.9838901524969736 "" 0.1345031915823425 "" 1.0
305.94538426951 40.77507887255 0.0098 0.0125 7.1045 "" "" 2067568256677537280 1623.22693 0.5881 0.0131 -3.531 -5.379 0.013 0.015 1.344 "" "" 13.164241 1.536643 13.839774 12.303131 "" "" 1593.09583 1660.43445 102152.87438 37.836 39766.0 75.867 95040.0 209.56 "" "" 0.002784512020390377 0.003475021 0.0044738147 0.007948836 305.94538426951 40.77507887255 1623.22693 -3.531 -5.379 -0.12442551231384291 0.04539365386962935 0.13745382 0.13945383 "" "" 1.019062329577435 "" 0.14031495518550174 "" 1.0
305.82859137181 40.76861956612 0.0101 0.0109 1.7836 "" "" 2067567642501250688 1728.53943 0.5492 0.012 -3.449 -5.425 0.015 0.013 1.142 "" "" 13.18088 1.362427 13.780748 12.418322 "" "" 1695.29956 1771.15601 100599.24599 24.137 41987.0 41.678 85473.0 47.613 "" "" 0.0027676074971722895 0.002991084 0.00382747 0.006818554 305.82859137181 40.76861956612 1728.53943 -3.448999999999999 -5.424999999999996 -0.04242551231384262 -0.0006063461303709161 0.13945383 0.13745382 "" "" 0.3476394692186981 "" 0.04847951389064172 "" 1.0
305.58539416412 40.93246334331 0.0082 0.01 13.5797 "" "" 2068326580400154368 1625.37756 0.5846 0.0105 -3.228 -5.583 0.011 0.014 1.022 "" "" 13.374622 1.592259 14.107426 12.515166 105.39 7.48 1594.67957 1657.38013 84158.44279 41.944 31078.0 51.864 78179.0 116.59 "" "" 0.0028079537300946906 0.0033268717 0.0041116267 0.0074384985 305.58539416412 40.93246334331 1625.37756 -3.2279999999999998 -5.583 0.17857448768615702 -0.15860634613037128 0.13545382 0.13845383 134.21142857142857 15.85 1.8400969730023882 134.22404224301147 0.2516974648091003 15.848511257185333 0.8
305.78677083465 40.7782774852 0.0093 0.0103 0.6927 "" "" 2067570288201260672 1679.41907 0.5631 0.0114 -3.363 -5.294 0.013 0.012 1.114 "" "" 13.412238 1.463349 14.06959 12.60624 "" "" 1644.72766 1710.68408 81292.70559 17.774 32180.0 52.875 71889.0 59.701 "" "" 0.0027655274800896935 0.0033117386 0.0038854498 0.007197188 305.78677083465 40.7782774852 1679.41907 -3.3630000000000013 -5.294000000000001 0.04357448768615724 0.1303936538696293 0.13745382 0.13645382 "" "" 1.0944163718083744 "" 0.14944759968959173 "" 1.0
305.83711215566 40.75394278983 0.0109 0.0124 2.3033 "" "" 2067567573781759744 1693.11084 0.5629 0.014 -3.498 -5.516 0.014 0.015 1.172 "" "" 13.691474 1.490605 14.36865 12.878044 "" "" 1657.83765 1729.68835 62857.49632 22.49 24432.0 23.542 55968.0 55.178 "" "" 0.002782570353597935 0.0029798578 0.003928041 0.006907899 305.83711215566 40.75394278983 1693.11084 -3.498000000000001 -5.516 -0.091425512313843 -0.09160634613037111 0.13845383 0.13945383 "" "" 1.0386653302198057 "" 0.14432848348562938 "" 1.0
305.8872445677 40.82356099625 0.0092 0.0112 5.5951 "" "" 2067569257408943616 1628.76099 0.5832 0.0118 -3.421 -5.388 0.012 0.014 0.977 "" "" 13.726194 1.45902 14.380637 12.921617 "" "" 1594.2655 1658.76074 60879.21079 20.019 24164.0 31.024 53766.0 37.352 "" "" 0.0027783548521215585 0.003119006 0.0038539148 0.006972921 305.8872445677 40.82356099625 1628.76099 -3.4209999999999985 -5.388 -0.014425512313842592 0.036393653869629006 0.13645382 0.13845383 "" "" 0.30223808091805465 "" 0.04176445618918563 "" 1.0
305.93012717741 40.71811351328 0.0095 0.0126 7.035 "" "" 2067566371190847744 1711.84607 0.5541 0.0129 -3.455 -5.5 0.012 0.016 1.102 10261.2 3.7682 13.747284 1.5126 14.434523 12.921923 "" "" 1679.14307 1751.43018 59708.09427 23.691 22994.0 34.984 53751.0 63.301 "" "" 0.0027887949035416584 0.0032424936 0.003989818 0.0072323116 305.93012717741 40.71811351328 1711.84607 -3.4550000000000014 -5.500000000000005 -0.048425512313842844 -0.0756063461303711 0.13645382 0.14045383 "" "" 0.7285291534893221 "" 0.10148562859025503 "" 1.0
305.76597768273 40.77630038485 0.0102 0.0115 1.2046 "" "" 2067570459999849856 1687.04919 0.5642 0.0127 -3.409 -5.263 0.014 0.014 1.118 "" "" 13.770746 1.300972 14.335014 13.034042 "" "" 1658.22546 1723.73486 58431.64062 12.193 25201.0 30.139 48478.0 24.891 "" "" 0.00276461926404375 0.0030775152 0.003820275 0.0068977904 305.76597768273 40.77630038485 1687.04919 -3.409 -5.263 -0.0024255123138425816 0.161393653869629 0.13845383 0.13845383 "" "" 1.2907483543295872 "" 0.17870904845800872 "" 1.0
