Clusters/Ruprecht_144/Ruprecht_144_stars_in_region.tsv
# %ECSV 1.0
# ---
# datatype:
# - name: RA_ICRS_1
#   unit: deg
#   datatype: float64
#   format: '{:15.11f}'
#   description: Right ascension (ICRS) at Ep=2016.0 (ra)
#   meta: !!omap
#   - {ucd: POS_EQ_RA_MAIN}
#   - {width: 15}
#   - {precision: '11'}
# - name: DE_ICRS_1
#   unit: deg
#   datatype: float64
#   format: '{:15.11f}'
#   description: Declination (ICRS) at Ep=2016.0 (dec)
#   meta: !!omap
#   - {ucd: POS_EQ_DEC_MAIN}
#   - {width: 15}
#   - {precision: '11'}
# - name: e_RA_ICRS
#   unit: mas
#   datatype: float64
#   format: '{:7.4f}'
#   description: Standard error of right ascension (ra_error)
#   meta: !!omap
#   - {ucd: ERROR}
#   - {width: 7}
#   - {precision: '4'}
# - name: e_DE_ICRS
#   unit: mas
#   datatype: float64
#   format: '{:7.4f}'
#   description: Standard error of declination (dec_error)
#   meta: !!omap
#   - {ucd: ERROR}
#   - {width: 7}
#   - {precision: '4'}
# - name: _r_1
#   unit: ''
#   datatype: float64
#   format: '{:7.4f}'
#   description: Distance from center (278.46500670000-11.46039416000)[ICRS], at Epoch=J2016.0
#   meta: !!omap
#   - {ucd: POS_ANG_DIST_GENERAL}
#   - {width: 7}
#   - {precision: '4'}
# - name: HIP
#   datatype: int32
#   description: '? HIP cross-id number, van Leeuwen, Cat. I/311 (hip_original_ext_source_id)'
#   meta: !!omap
#   - {ucd: ID_NUMBER}
#   - {width: 6}
#   - values: {'null': -2147483648}
# - name: TYC2
#   datatype: string
#   description: Tycho-2 cross-id name, Hog et al., Cat. I/259 (tyc2_original_ext_source_id)
#   meta: !!omap
#   - {ucd: ID_CROSSID}
#   - {_votable_string_dtype: char}
# - name: Source
#   datatype: int64
#   description: Source identifier, identical to the Gaia-EDR3 source_id (id)
#   meta: !!omap
#   - {ucd: ID_MAIN}
#   - {width: 19}
# - name: rgeo
#   unit: pc
#   datatype: float64
#   format: '{:15.8f}'
#   description: '? Median of the geometric distance posterior (r_med_geo)'
#   meta: !!omap
#   - {ucd: PHYS_DISTANCE_TRUE}
#   - {width: 15}
#   - {precision: '8'}
#   - values: {'null': .nan}
# - name: Plx
#   unit: mas
#   datatype: float64
#   format: '{:9.4f}'
#   description: '? Parallax (parallax)'
#   meta: !!omap
#   - {ucd: POS_PARLX_TRIG}
#   - {width: 9}
#   - {precision: '4'}
#   - values: {'null': .nan}
# - name: e_Plx
#   unit: mas
#   datatype: float32
#   format: '{:7.4f}'
#   description: '? Standard error of parallax (parallax_error)'
#   meta: !!omap
#   - {ucd: ERROR}
#   - {width: 7}
#   - {precision: '4'}
#   - values: {'null': .nan}
# - name: pmRA
#   unit: mas / yr
#   datatype: float64
#   format: '{:9.3f}'
#   description: '? Proper motion in right ascension direction, pmRA*cosDE (pmra)'
#   meta: !!omap
#   - {ucd: POS_EQ_PMRA}
#   - {width: 9}
#   - {precision: '3'}
#   - values: {'null': .nan}
# - name: pmDE
#   unit: mas / yr
#   datatype: float64
#   format: '{:9.3f}'
#   description: '? Proper motion in declination direction (pmdec)'
#   meta: !!omap
#   - {ucd: POS_EQ_PMDEC}
#   - {width: 9}
#   - {precision: '3'}
#   - values: {'null': .nan}
# - name: e_pmRA
#   unit: mas / yr
#   datatype: float32
#   format: '{:6.3f}'
#   description: '? Standard error of proper motion in right ascension direction (pmra_error)'
#   meta: !!omap
#   - {ucd: ERROR}
#   - {width: 6}
#   - {precision: '3'}
#   - values: {'null': .nan}
# - name: e_pmDE
[...]
#         value: !astropy.table.SerializedColumn {name: SkyCoord.dec}
#       distance: !astropy.table.SerializedColumn
#         __class__: astropy.coordinates.distances.Distance
#         unit: !astropy.units.Unit {unit: pc}
#         value: !astropy.table.SerializedColumn {name: SkyCoord.distance}
#       frame: icrs
#       obstime: !astropy.time.Time {format: jyear_str, in_subfmt: '*', jd1: 367701545.0, jd2: 0.0, out_subfmt: '*', precision: 3, scale: tt}
#       pm_dec: !astropy.table.SerializedColumn
#         __class__: astropy.units.quantity.Quantity
#         unit: !astropy.units.Unit {unit: mas / yr}
#         value: !astropy.table.SerializedColumn {name: SkyCoord.pm_dec}
#       pm_ra_cosdec: !astropy.table.SerializedColumn
#         __class__: astropy.units.quantity.Quantity
#         unit: !astropy.units.Unit {unit: mas / yr}
#         value: !astropy.table.SerializedColumn {name: SkyCoord.pm_ra_cosdec}
#       ra: !astropy.table.SerializedColumn
#         __class__: astropy.coordinates.angles.Longitude
#         unit: *id001
#         value: !astropy.table.SerializedColumn {name: SkyCoord.ra}
#         wrap_angle: !astropy.coordinates.Angle
#           unit: *id001
#           value: 360.0
#       representation_type: spherical
# schema: astropy-2.0
RA_ICRS_1 DE_ICRS_1 e_RA_ICRS e_DE_ICRS _r_1 HIP TYC2 Source rgeo Plx e_Plx pmRA pmDE e_pmRA e_pmDE RUWE Teff logg Gmag BP-RP BPmag RPmag RV e_RV b_rgeo B_rgeo FG e_FG FBP e_FBP FRP e_FRP RAVE5 RAVE6 e_Gmag e_BPmag e_RPmag e_BP-RP SkyCoord.ra SkyCoord.dec SkyCoord.distance SkyCoord.pm_ra_cosdec SkyCoord.pm_dec rmRA rmDE e_rmRA e_rmDE rRV e_rRV v_pec v_pec3d e_vpec e_vpec3d
[from data line 1029]
278.12910293774 -11.73157111422 0.0359 0.0327 25.5834 "" "" 4154593853411013120 1259.41064 0.7724 0.0436 3.525 -4.492 0.04 0.033 0.953 6323.9 4.36 15.554355 1.400947 16.187473 14.786527 "" "" 1190.16577 1318.0105 11303.28531 5.1133 4575.4 10.409 9650.5 20.348 "" "" 0.0027987542201105167 0.003726413 0.0044186497 0.008145062 278.12910293774 -11.73157111422 1259.41064 3.525 -4.492000000000001 3.3328333288431167 -3.5794444246292114 0.14434358 0.13734359 "" "" 29.19631943033939 "" 4.106097345600011 ""
278.48355142156 -11.50024284179 0.0317 0.0329 2.6278 "" "" 4154604294434795008 1563.67688 0.6057 0.0418 -1.229 -4.073 0.042 0.033 1.006 5508.2 4.1592 15.554839 1.518729 16.2459 14.72717 "" "" 1466.53735 1651.59399 11298.24418 5.373 4335.7 14.178 10193.0 18.066 "" "" 0.002803281927234605 0.0045155897 0.004241091 0.00875668 278.48355142156 -11.50024284179 1563.67688 -1.229 -4.073 -1.4211666711568833 -3.160444424629212 0.14634359 0.13734359 "" "" 25.684016043350937 "" 3.5674622403848444 ""
278.69701211988 -11.20559478908 0.0373 0.0412 20.4942 "" "" 4154638757257740800 1611.82825 0.5955 0.0523 -0.307 0.252 0.046 0.037 1.029 6716.1 3.9908 15.555493 2.046499 16.588627 14.542128 "" "" 1491.23718 1755.50623 11291.44062 6.8537 3162.0 10.808 12087.0 18.013 "" "" 0.002833037177980448 0.00464302 0.0041111815 0.008754201 278.69701211988 -11.20559478908 1611.82825 -0.30699999999999994 0.252 -0.49916667115688323 1.1645555753707886 0.15034358 0.1413436 "" "" 9.68016868293075 "" 1.3821120181554807 ""
278.38591269299 -11.88283337652 0.0407 0.0353 25.7689 "" "" 4154575707135718400 1252.47998 0.7676 0.046 2.181 1.384 0.046 0.037 1.01 6003.7 4.299 15.555575 1.462552 16.169506 14.706954 "" "" 1180.7666 1332.69019 11290.59385 6.6006 4651.7 19.393 10384.0 97.782 "" "" 0.0028274856431534344 0.00531731 0.010900128 0.016217437 278.38591269299 -11.88283337652 1252.47998 2.1810000000000014 1.384 1.9888333288431168 2.2965555753707885 0.15034358 0.1413436 "" "" 18.036039369463946 "" 2.6200761309656175 ""
278.39919882765 -11.86262338163 0.0351 0.03 24.4416 "" "" 4154576020706281600 1755.40991 0.5401 0.0405 3.202 -3.414 0.045 0.036 1.036 5497.7 4.0895 15.556119 1.61973 16.3171 14.697371 "" "" 1631.07996 1862.22168 11284.94189 4.8721 4060.5 13.015 10476.0 17.524 "" "" 0.00279490891394918 0.004460492 0.0041931234 0.008653616 278.39919882765 -11.86262338163 1755.40991 3.2020000000000017 -3.414 3.0098333288431167 -2.5014444246292116 0.14934358 0.14034358 "" "" 32.56372778268659 "" 4.745640582100744 ""
278.29049883865 -11.72941487417 0.0325 0.0301 19.1244 "" "" 4154591826186270720 1636.53796 0.5744 0.0386 2.054 -1.806 0.041 0.032 0.981 6171.9 3.9413 15.55631 1.50067 16.128416 14.627747 "" "" 1546.65906 1724.42749 11282.95264 5.4606 4831.1 27.761 11170.0 49.42 "" "" 0.0028049777955443077 0.0068344623 0.0061122044 0.012946667 278.29049883865 -11.72941487417 1636.53796 2.054 -1.8059999999999996 1.8618333288431166 -0.8934444246292115 0.14534359 0.13634358 "" "" 16.019426028917813 "" 2.3020217580325917 ""
278.66191853784 -11.43651529077 0.0328 0.0329 11.6679 "" "" 4154626770043228672 1618.03674 0.5751 0.0407 0.222 -1.388 0.042 0.036 1.075 7846.5 4.1955 15.557431 1.445211 16.207031 14.76182 "" "" 1523.90308 1730.51782 11271.3056 5.9699 4493.7 14.353 9872.6 24.516 "" "" 0.0028146917144430917 0.0044509745 0.00464251 0.009093484 278.66191853784 -11.43651529077 1618.03674 0.22199999999999992 -1.388 0.029833328843116763 -0.4754444246292113 0.14634359 0.14034358 "" "" 3.653589790511461 "" 0.5128456635812836 ""
277.98163675191 -11.43707385939 0.0321 0.0281 28.4595 "" "" 4154661301581848832 1490.51978 0.6415 0.0363 1.033 -0.238 0.04 0.033 0.995 6322.7 4.1486 15.560412 1.589697 16.29978 14.710083 "" "" 1398.50415 1552.82031 11240.39765 5.6576 4125.8 15.326 10354.0 14.091 "" "" 0.0028089910258863133 0.0049042217 0.00405796 0.008962182 277.98163675191 -11.43707385939 1490.51978 1.033 -0.238 0.8408333288431167 0.6745555753707886 0.14434358 0.13734359 "" "" 7.615948374739029 "" 1.078751452454799 ""
278.64695591799 -11.5471026151 0.0331 0.0336 11.8956 "" "" 4154611823557614592 1579.43188 0.6092 0.0407 0.289 -1.376 0.041 0.034 1.055 7135.2 4.3291 15.561412 1.425379 16.183037 14.757658 "" "" 1475.19458 1678.78394 11230.05336 4.8446 4594.1 21.528 9910.5 45.307 "" "" 0.002794847285181605 0.005802625 0.006238649 0.012041274 278.64695591799 -11.5471026151 1579.43188 0.28899999999999976 -1.3759999999999997 0.09683332884311674 -0.4634444246292113 0.14534359 0.13834359 "" "" 3.5445067615167383 "" 0.49142277482835994 ""
278.91698184875 -11.23752583431 0.0317 0.0287 29.7615 "" "" 4154635493084810368 1343.66846 0.704 0.0361 -0.221 -4.605 0.038 0.031 0.942 7375.3 4.0776 15.561492 1.857186 16.469961 14.612775 "" "" 1277.52502 1416.23804 11229.22491 6.6363 3527.2 17.716 11325.0 18.035 "" "" 0.002829047284644603 0.006125651 0.004156112 0.010281763 278.91698184875 -11.23752583431 1343.66846 -0.22100000000000003 -4.605 -0.4131666711568832 -3.692444424629212 0.14234358 0.13534358 "" "" 23.663901587280545 "" 3.2048578183117846 ""
278.27969133584 -11.48636519631 0.0356 0.0337 11.0076 "" "" 4154650753142412928 1236.61975 0.7678 0.0441 -1.301 -6.75 0.044 0.035 1.051 5252.9 3.8458 15.561894 1.634179 16.330734 14.696555 "" "" 1181.32202 1289.9071 11225.07027 4.9672 4009.8 12.982 10484.0 15.553 "" "" 0.0027968947383952766 0.0044879047 0.0041082897 0.008596195 278.27969133584 -11.48636519631 1236.61975 -1.3009999999999995 -6.7499999999999964 -1.4931666711568832 -5.837444424629211 0.1483436 0.13934359 "" "" 35.318281157961465 "" 4.941485784950966 ""
278.35849195649 -11.3326022138 0.0343 0.0364 9.9015 "" "" 4154677652480305792 1328.48352 0.7268 0.0464 -1.436 -6.563 0.046 0.035 1.037 5738.1 3.9332 15.562319 1.475521 16.234163 14.758642 "" "" 1247.61487 1412.71887 11220.68423 5.6518 4382.8 11.87 9901.5 13.612 "" "" 0.002809068665533445 0.0040536 0.004063447 0.008117047 278.35849195649 -11.3326022138 1328.48352 -1.4359999999999993 -6.563000000000004 -1.6281666711568832 -5.650444424629211 0.15034358 0.13934359 "" "" 37.028597846553645 "" 5.1920552054931735 ""
278.30857309452 -11.35386538787 0.0319 0.0358 11.2029 "" "" 4154657075334361472 1745.35181 0.5452 0.0484 0.574 0.497 0.045 0.035 0.996 6621.7 4.0085 15.564443 1.574382 16.296738 14.722356 "" "" 1599.88696 1917.03516 11198.74979 5.4805 4137.3 12.293 10238.0 15.732 "" "" 0.0028060853163883043 0.0042652274 0.0041312464 0.008396474 278.30857309452 -11.35386538787 1745.35181 0.5740000000000001 0.49699999999999966 0.3818333288431167 1.4095555753707885 0.14934358 0.13934359 "" "" 12.081489071434259 "" 1.6920122091454608 ""
278.18266379121 -11.1906311004 0.0318 0.0316 23.1925 "" "" 4154695244680594944 1329.39294 0.7215 0.0402 -0.216 -5.395 0.042 0.037 0.965 5565.5 3.8525 15.564504 1.661653 16.349422 14.687769 "" "" 1253.64722 1393.05359 11198.12306 4.9549 3941.4 9.4752 10569.0 16.705 "" "" 0.0027968884867372104 0.0038207103 0.004150741 0.007971451 278.18266379121 -11.1906311004 1329.39294 -0.21600000000000008 -5.394999999999996 -0.4081666711568832 -4.482444424629211 0.14634359 0.1413436 "" "" 28.362187669393773 "" 4.010000166094836 ""
278.12831543307 -11.26419902089 0.0334 0.0376 23.0398 "" "" 4154671021051040000 1363.71765 0.7104 0.047 5.648 -4.347 0.045 0.036 0.929 5305.4 3.7883 15.56502 1.682635 16.367355 14.68472 "" "" 1285.41101 1444.5188 11192.80321 9.7427 3876.8 18.063 10599.0 26.721 "" "" 0.002912893721423024 0.005777172 0.004666496 0.010443668 278.12831543307 -11.26419902089 1363.71765 5.648 -4.347 5.4558333288431164 -3.434444424629212 0.14934358 0.14034358 "" "" 41.67240302765852 "" 6.119400500540753 ""
278.42751151332 -11.57251021268 0.0563 0.0577 7.0789 "" "" 4154602164130658432 1234.92493 0.7886 0.0772 0.727 -0.522 0.075 0.056 1.59 "" "" 15.565775 1.661747 16.241684 14.579937 "" "" 1127.49683 1386.77429 11185.02261 8.8915 4352.5 20.289 11673.0 323.47 "" "" 0.0028873406057795393 0.005779267 0.030323233 0.0361025 278.42751151332 -11.57251021268 1234.92493 0.7270000000000002 -0.5220000000000001 0.5348333288431167 0.39055557537078855 0.17934358 0.16034359 "" "" 3.8765329802525264 "" 0.6705333975591711 ""
278.48083965895 -11.92795770606 0.0351 0.0316 28.0692 "" "" 4154571721404414336 1601.94006 0.5849 0.0389 0.403 -3.756 0.039 0.035 0.928 6062.7 4.1537 15.565939 1.456469 16.211573 14.755104 "" "" 1511.495 1707.43347 11183.32595 4.9215 4474.9 13.963 9933.8 15.695 "" "" 0.0027964418731550285 0.0043888884 0.004150469 0.008539357 278.48083965895 -11.92795770606 1601.94006 0.4030000000000001 -3.756 0.21083332884311679 -2.843444424629211 0.14334358 0.13934359 "" "" 21.650100199490637 "" 3.017282941551855 ""
278.00473529506 -11.43502337688 0.0326 0.0305 27.1097 "" "" 4154661267222095744 1490.25256 0.6423 0.043 1.271 -0.132 0.043 0.033 0.941 6772.4 4.2441 15.566026 1.479424 16.23926 14.759835 "" "" 1398.71826 1577.79956 11182.43751 4.9357 4362.3 14.602 9890.6 15.745 "" "" 0.002796684272871034 0.0045818347 0.0041558505 0.008737685 278.00473529506 -11.43502337688 1490.25256 1.271 -0.132 1.0788333288431167 0.7805555753707886 0.14734359 0.13734359 "" "" 9.406125203740714 "" 1.3543489934556066 ""
278.83083285345 -11.07547297404 0.0353 0.0351 31.5718 "" "" 4154735003216101888 1804.03625 0.5183 0.0443 -1.469 -3.587 0.041 0.033 0.99 6880.7 3.6615 15.567918 2.224908 16.727015 14.502107 "" "" 1691.4906 1985.9071 11162.96692 5.7109 2783.6 12.946 12541.0 15.596 "" "" 0.0028107508130593914 0.005769146 0.004013331 0.009782477 278.83083285345 -11.07547297404 1804.03625 -1.469000000000001 -3.5869999999999997 -1.6611666711568833 -2.6744444246292116 0.14534359 0.13734359 "" "" 26.921982997484758 "" 3.758760782492773 ""
278.46587916056 -11.73173866409 0.0312 0.03 16.2808 "" "" 4154585229117159296 1410.68909 0.6685 0.04 0.451 -1.487 0.038 0.034 1.012 5516.1 4.2203 15.569562 1.352842 16.148634 14.795792 "" "" 1333.79248 1519.48376 11146.0776 5.8935 4742.0 14.176 9568.5 58.702 "" "" 0.0028144914234844182 0.004280188 0.00765842 0.011938608 278.46587916056 -11.73173866409 1410.68909 0.451 -1.4869999999999999 0.25883332884311677 -0.5744444246292115 0.14234358 0.13834359 "" "" 4.213030068582039 "" 0.5857236689667605 ""
278.52096827686 -11.0247489287 0.0318 0.0304 26.3454 "" "" 4154704801012039424 1688.53125 0.5475 0.0394 -1.205 -1.956 0.043 0.035 1.053 9235.6 3.5114 15.571028 2.085016 16.633043 14.548027 "" "" 1616.11121 1794.16211 11131.04151 4.5501 3035.3 11.609 12021.0 24.036 "" "" 0.002790836419197284 0.0050028916 0.0043585165 0.009361409 278.52096827686 -11.0247489287 1688.53125 -1.205 -1.956 -1.3971666711568833 -1.0434444246292114 0.14734359 0.13934359 "" "" 13.956772927069645 "" 2.01717366060953 ""
278.10510991938 -11.68775278563 0.0398 0.0359 25.1717 "" "" 4154641166774816384 1372.59009 0.6895 0.0442 0.328 -4.932 0.052 0.042 0.958 4890.1 4.1372 15.571501 1.683963 16.367756 14.683793 "" "" 1295.47144 1452.69739 11126.18905 5.3498 3875.4 15.233 10608.0 15.473 "" "" 0.0028043412338225756 0.0050988486 0.004097773 0.009196622 278.10510991938 -11.68775278563 1372.59009 0.32800000000000007 -4.931999999999994 0.13583332884311677 -4.019444424629212 0.15634358 0.14634359 "" "" 26.165743384692153 "" 3.829497458442045 ""
278.59530470327 -11.84578112389 0.0313 0.0298 24.3579 "" "" 4154579731558675584 1741.20813 0.5404 0.0361 -3.155 -5.025 0.039 0.033 0.937 5307.6 4.1548 15.573011 1.527396 16.270538 14.743142 "" "" 1641.599 1847.64563 11110.72172 4.594 4238.4 12.676 10044.0 21.212 "" "" 0.0027916522571205336 0.004281254 0.004420572 0.0087018255 278.59530470327 -11.84578112389 1741.20813 -3.155 -5.025 -3.347166671156883 -4.112444424629212 0.14334358 0.13734359 "" "" 43.7626550679454 "" 6.116501974716715 ""
277.96925373795 -11.60324447955 0.0359 0.032 30.3789 "" "" 4154645770979970560 1510.61694 0.6314 0.0412 -7.316 -4.549 0.044 0.035 0.972 5815.9 4.0284 15.57336 1.465539 16.244522 14.778983 "" "" 1431.14062 1610.078 11107.15215 5.1071 4341.2 12.881 9717.7 11.968 "" "" 0.0028001811700589583 0.0042618536 0.0040089544 0.008270808 277.96925373795 -11.60324447955 1510.61694 -7.316000000000001 -4.549 -7.508166671156883 -3.636444424629212 0.1483436 0.13934359 "" "" 59.73457137989349 "" 8.761630279614426 ""
278.06026198217 -11.52118625291 0.0334 0.0297 24.0758 "" "" 4154648004362963072 1488.63293 0.6382 0.0393 -2.241 0.758 0.039 0.032 0.969 5137.0 3.6679 15.573581 1.703779 16.391468 14.687689 "" "" 1420.88354 1557.67346 11104.89697 4.9383 3791.7 9.5246 10570.0 10.7 "" "" 0.0027973034693785565 0.0039017121 0.0039359527 0.007837664 278.06026198217 -11.52118625291 1488.63293 -2.240999999999999 0.7580000000000001 -2.4331666711568833 1.6705555753707886 0.14334358 0.13634358 "" "" 20.825784292557803 "" 2.9393261607555736 ""
278.34795480106 -11.93112527183 0.0383 0.0357 29.0691 "" "" 4154575058633568256 1572.58997 0.5975 0.0457 -0.095 -0.023 0.042 0.035 0.99 9162.7 4.2662 15.574637 1.284771 16.130093 14.845322 "" "" 1502.65906 1686.32288 11094.09083 5.4644 4823.7 15.369 9141.8 18.77 "" "" 0.0028067381298451082 0.004444309 0.0043878513 0.00883216 278.34795480106 -11.93112527183 1572.58997 -0.09500000000000001 -0.022999999999999996 -0.2871666711568832 0.8895555753707886 0.14634359 0.13934359 "" "" 6.967762785386755 "" 0.9756204938449966 ""
278.33612853212 -11.8725150498 0.0368 0.033 25.8609 "" "" 4154576329944004096 1564.64294 0.6041 0.0411 -0.916 1.835 0.043 0.035 1.002 5651.2 4.1779 15.575141 1.492969 16.22197 14.729001 "" "" 1478.547 1714.61597 11088.95148 5.8514 4432.3 27.413 10176.0 75.211 "" "" 0.002814254101853043 0.007271689 0.008870144 0.016141834 278.33612853212 -11.8725150498 1564.64294 -0.916 1.8349999999999997 -1.1081666711568832 2.7475555753707885 0.14734359 0.13934359 "" "" 21.97196943909694 "" 3.0868487872003025 ""
278.12958406151 -11.20091495097 0.0315 0.0318 25.1353 "" "" 4154674667520585088 1422.4873 0.6715 0.0385 0.829 -4.15 0.041 0.034 1.008 5941.5 4.0662 15.577268 1.44355 16.225643 14.782093 "" "" 1350.01868 1485.68909 11067.25227 4.1704 4417.3 11.906 9689.9 14.358 "" "" 0.002785530010640563 0.004043371 0.004107545 0.008150917 278.12958406151 -11.20091495097 1422.4873 0.829 -4.15 0.6368333288431167 -3.237444424629212 0.14534359 0.13834359 "" "" 22.247075778657454 "" 3.0836826728168467 ""
278.07647649272 -11.3720204606 0.0308 0.0288 23.4577 "" "" 4154667726852907136 1753.37 0.5371 0.0366 0.009 -3.308 0.04 0.033 0.925 7234.7 4.2028 15.577806 1.479939 16.253977 14.774038 "" "" 1661.18701 1868.49036 11061.77019 5.0113 4303.5 10.754 9762.1 19.939 "" "" 0.0027988792821114564 0.0038918103 0.004381952 0.008273762 278.07647649272 -11.3720204606 1753.37 0.00899999999999998 -3.3079999999999985 -0.18316667115688323 -2.3954444246292113 0.14434358 0.13734359 "" "" 19.966591796762017 "" 2.743116323748255 ""
278.29302468253 -11.32797566468 0.0295 0.0301 12.8627 "" "" 4154657448954157056 1635.54443 0.5865 0.0377 -0.847 -2.056 0.038 0.033 0.975 5915.4 3.9485 15.581123 1.435815 16.21107 14.775254 "" "" 1543.80298 1732.39893 11028.01465 5.2006 4477.0 9.1367 9751.2 30.354 "" "" 0.002802489258268317 0.0035629661 0.005070139 0.008633105 278.29302468253 -11.32797566468 1635.54443 -0.8470000000000002 -2.056 -1.0391666711568832 -1.1434444246292115 0.14234358 0.13734359 "" "" 11.9783540409395 "" 1.6725067139708991 ""
