Clusters/Ruprecht_144/Ruprecht_144_stars_in_region.tsv
# %ECSV 1.0
# ---
# datatype:
# - name: RA_ICRS_1
#   unit: deg
#   datatype: float64
#   format: '{:15.11f}'
#   description: Right ascension (ICRS) at Ep=2016.0 (ra)
#   meta: !!omap
#   - {ucd: POS_EQ_RA_MAIN}
#   - {width: 15}
#   - {precision: '11'}
# - name: DE_ICRS_1
#   unit: deg
#   datatype: float64
#   format: '{:15.11f}'
#   description: Declination (ICRS) at Ep=2016.0 (dec)
#   meta: !!omap
#   - {ucd: POS_EQ_DEC_MAIN}
#   - {width: 15}
#   - {precision: '11'}
# - name: e_RA_ICRS
#   unit: mas
#   datatype: float64
#   format: '{:7.4f}'
#   description: Standard error of right ascension (ra_error)
#   meta: !!omap
#   - {ucd: ERROR}
#   - {width: 7}
#   - {precision: '4'}
# - name: e_DE_ICRS
#   unit: mas
#   datatype: float64
#   format: '{:7.4f}'
#   description: Standard error of declination (dec_error)
#   meta: !!omap
#   - {ucd: ERROR}
#   - {width: 7}
#   - {precision: '4'}
# - name: _r_1
#   unit: ''
#   datatype: float64
#   format: '{:7.4f}'
#   description: Distance from center (278.46500670000-11.46039416000)[ICRS], at Epoch=J2016.0
#   meta: !!omap
#   - {ucd: POS_ANG_DIST_GENERAL}
#   - {width: 7}
#   - {precision: '4'}
# - name: HIP
#   datatype: int32
#   description: '? HIP cross-id number, van Leeuwen, Cat. I/311 (hip_original_ext_source_id)'
#   meta: !!omap
#   - {ucd: ID_NUMBER}
#   - {width: 6}
#   - values: {'null': -2147483648}
# - name: TYC2
#   datatype: string
#   description: Tycho-2 cross-id name, Hog et al., Cat. I/259 (tyc2_original_ext_source_id)
#   meta: !!omap
#   - {ucd: ID_CROSSID}
#   - {_votable_string_dtype: char}
# - name: Source
#   datatype: int64
#   description: Source identifier, identical to the Gaia-EDR3 source_id (id)
#   meta: !!omap
#   - {ucd: ID_MAIN}
#   - {width: 19}
# - name: rgeo
#   unit: pc
#   datatype: float64
#   format: '{:15.8f}'
#   description: '? Median of the geometric distance posterior (r_med_geo)'
#   meta: !!omap
#   - {ucd: PHYS_DISTANCE_TRUE}
#   - {width: 15}
#   - {precision: '8'}
#   - values: {'null': .nan}
# - name: Plx
#   unit: mas
#   datatype: float64
#   format: '{:9.4f}'
#   description: '? Parallax (parallax)'
#   meta: !!omap
#   - {ucd: POS_PARLX_TRIG}
#   - {width: 9}
#   - {precision: '4'}
#   - values: {'null': .nan}
# - name: e_Plx
#   unit: mas
#   datatype: float32
#   format: '{:7.4f}'
#   description: '? Standard error of parallax (parallax_error)'
#   meta: !!omap
#   - {ucd: ERROR}
#   - {width: 7}
#   - {precision: '4'}
#   - values: {'null': .nan}
# - name: pmRA
#   unit: mas / yr
#   datatype: float64
#   format: '{:9.3f}'
#   description: '? Proper motion in right ascension direction, pmRA*cosDE (pmra)'
#   meta: !!omap
#   - {ucd: POS_EQ_PMRA}
#   - {width: 9}
#   - {precision: '3'}
#   - values: {'null': .nan}
# - name: pmDE
#   unit: mas / yr
#   datatype: float64
#   format: '{:9.3f}'
#   description: '? Proper motion in declination direction (pmdec)'
#   meta: !!omap
#   - {ucd: POS_EQ_PMDEC}
#   - {width: 9}
#   - {precision: '3'}
#   - values: {'null': .nan}
# - name: e_pmRA
#   unit: mas / yr
#   datatype: float32
#   format: '{:6.3f}'
#   description: '? Standard error of proper motion in right ascension direction (pmra_error)'
#   meta: !!omap
#   - {ucd: ERROR}
#   - {width: 6}
#   - {precision: '3'}
#   - values: {'null': .nan}
# - name: e_pmDE
[...]
#         value: !astropy.table.SerializedColumn {name: SkyCoord.dec}
#       distance: !astropy.table.SerializedColumn
#         __class__: astropy.coordinates.distances.Distance
#         unit: !astropy.units.Unit {unit: pc}
#         value: !astropy.table.SerializedColumn {name: SkyCoord.distance}
#       frame: icrs
#       obstime: !astropy.time.Time {format: jyear_str, in_subfmt: '*', jd1: 367701545.0, jd2: 0.0, out_subfmt: '*', precision: 3, scale: tt}
#       pm_dec: !astropy.table.SerializedColumn
#         __class__: astropy.units.quantity.Quantity
#         unit: !astropy.units.Unit {unit: mas / yr}
#         value: !astropy.table.SerializedColumn {name: SkyCoord.pm_dec}
#       pm_ra_cosdec: !astropy.table.SerializedColumn
#         __class__: astropy.units.quantity.Quantity
#         unit: !astropy.units.Unit {unit: mas / yr}
#         value: !astropy.table.SerializedColumn {name: SkyCoord.pm_ra_cosdec}
#       ra: !astropy.table.SerializedColumn
#         __class__: astropy.coordinates.angles.Longitude
#         unit: *id001
#         value: !astropy.table.SerializedColumn {name: SkyCoord.ra}
#         wrap_angle: !astropy.coordinates.Angle
#           unit: *id001
#           value: 360.0
#       representation_type: spherical
# schema: astropy-2.0
RA_ICRS_1 DE_ICRS_1 e_RA_ICRS e_DE_ICRS _r_1 HIP TYC2 Source rgeo Plx e_Plx pmRA pmDE e_pmRA e_pmDE RUWE Teff logg Gmag BP-RP BPmag RPmag RV e_RV b_rgeo B_rgeo FG e_FG FBP e_FBP FRP e_FRP RAVE5 RAVE6 e_Gmag e_BPmag e_RPmag e_BP-RP SkyCoord.ra SkyCoord.dec SkyCoord.distance SkyCoord.pm_ra_cosdec SkyCoord.pm_dec rmRA rmDE e_rmRA e_rmDE rRV e_rRV v_pec v_pec3d e_vpec e_vpec3d
[from data line 656]
278.64754823796 -11.53543062463 0.0243 0.0247 11.6387 "" "" 4154623608947880064 1247.56335 0.7682 0.0306 -0.357 -2.994 0.031 0.025 0.927 5674.2 4.0603 14.987226 1.54928 15.694287 14.145007 -22.13 8.82 1199.93237 1294.26172 19057.08295 6.0411 7206.1 15.437 17424.0 50.926 "" "" 0.00277673339164458 0.0036324586 0.0049349554 0.008567414 278.64754823796 -11.53543062463 1247.56335 -0.357 -2.9939999999999998 -0.5491666711568832 -2.0814444246292116 0.13534358 0.12934358 -151.12 16.64 12.729716347366068 151.65520128991423 1.6515853560427252 16.58185524653341
278.45411793489 -11.31610518866 0.0304 0.0304 8.681 "" "" 4154677897337377792 1334.49744 0.7139 0.0385 -4.553 -1.174 0.044 0.032 1.025 5740.9 3.5799 14.992688 1.832834 15.889022 14.056188 9.99 7.28 1269.81848 1405.51379 18961.45431 8.5246 6022.9 13.914 18910.0 18.264 "" "" 0.0027982227592084742 0.0037518477 0.003922166 0.0076740133 278.45411793489 -11.31610518866 1334.49744 -4.553 -1.174 -4.745166671156883 -0.26144442462921136 0.1483436 0.13634358 -119.00000000000001 15.1 30.0611609472169 122.73823119751434 4.458332897056284 14.68076546910316
278.36676306486 -11.47348381559 0.028 0.0272 5.8301 "" "" 4154652058812416768 1526.58716 0.6094 0.0328 -0.955 -1.497 0.033 0.028 1.097 4735.1 2.8927 14.99486 2.180079 16.102518 13.92244 "" "" 1458.77161 1606.28662 18923.56297 9.3195 4947.8 17.129 21389.0 26.853 "" "" 0.0028067238037020764 0.0046811644 0.004017681 0.008698845 278.36676306486 -11.47348381559 1526.58716 -0.9550000000000005 -1.4969999999999999 -1.1471666711568833 -0.5844444246292115 0.13734359 0.13234359 "" "" 9.316128021154888 "" 1.2700513063586933 ""
278.45538549528 -11.47182308235 0.0277 0.0277 0.889 "" "" 4154605325248266496 1595.56909 0.5847 0.0307 -2.546 -4.902 0.033 0.029 1.002 5500.2 3.7728 14.99823 1.575462 15.733065 14.157602 26.52 5.42 1532.95581 1660.19678 18864.91793 6.6684 6953.3 20.861 17223.0 22.958 "" "" 0.0027819206271966607 0.0042890063 0.0040470134 0.00833602 278.45538549528 -11.47182308235 1595.56909 -2.5459999999999985 -4.902000000000001 -2.738166671156883 -3.9894444246292116 0.13734359 0.13334358 -102.47000000000001 13.24 36.595236809220715 108.80860378261889 4.927088445083102 12.578343003093797
278.37043366839 -11.62811945223 0.0252 0.0245 11.4971 "" "" 4154598521997532032 1227.23535 0.7754 0.0306 -1.407 -4.5 0.032 0.026 0.927 6815.5 4.0648 15.000279 1.464251 15.666616 14.202366 "" "" 1185.78552 1283.72131 18829.34018 7.0043 7392.1 16.273 16528.0 14.878 "" "" 0.0027847638410175802 0.0036739404 0.0039037075 0.007577648 278.37043366839 -11.62811945223 1227.23535 -1.4069999999999998 -4.499999999999997 -1.5991666711568833 -3.5874444246292114 0.13634358 0.13034359 "" "" 22.848001910590774 "" 3.001248443104795 ""
278.95742667197 -11.44643531824 0.0311 0.0279 28.969 "" "" 4154616702639242368 1503.40662 0.6193 0.0349 3.277 -0.587 0.04 0.033 1.124 7716.1 3.5644 15.00356 1.432912 15.648631 14.215719 "" "" 1421.75623 1602.42224 18772.52996 8.8145 7515.6 16.778 16326.0 27.283 "" "" 0.0028020857658643396 0.0036959387 0.0041923537 0.007888293 278.95742667197 -11.44643531824 1503.40662 3.276999999999998 -0.587 3.084833328843117 0.3255555753707886 0.14434358 0.13734359 "" "" 22.105055432852467 "" 3.189059457151412 ""
278.79193945038 -11.45723365218 0.028 0.0254 19.2259 "" "" 4154614190038022528 1501.26208 0.6212 0.032 -0.714 -3.634 0.035 0.028 1.179 9206.1 4.0412 15.003839 1.55188 15.71515 14.16327 -16.47 10.67 1412.52014 1573.21863 18767.69055 6.2947 7069.0 13.171 17134.0 15.701 "" "" 0.0027792804162307984 0.0034463566 0.003908147 0.0073545035 278.79193945038 -11.45723365218 1501.26208 -0.7139999999999997 -3.6340000000000012 -0.9061666711568832 -2.7214444246292113 0.13934359 0.13234359 -145.46 18.49 20.41108562500229 146.88507077436827 2.7158739754829413 18.314499637400566
278.29310687791 -11.57385361337 0.0269 0.0251 12.1853 "" "" 4154602855663283584 1558.40955 0.6061 0.0286 -1.395 -3.309 0.033 0.027 0.99 6265.8 3.8736 15.005403 1.351295 15.603086 14.251792 "" "" 1493.00598 1647.35645 18740.68035 5.7851 7837.6 21.575 15792.0 17.298 "" "" 0.002775629731203715 0.0040887375 0.0039620837 0.008050822 278.29310687791 -11.57385361337 1558.40955 -1.3949999999999998 -3.3090000000000015 -1.5871666711568833 -2.3964444246292116 0.13734359 0.13134359 "" "" 21.232625135763072 "" 2.828220292575633 ""
278.30845799005 -11.41845373755 0.0255 0.0285 9.5441 "" "" 4154653227043612288 1304.63062 0.7321 0.0367 -2.816 -7.26 0.034 0.028 0.914 5052.0 3.2898 15.006911 1.794524 15.882844 14.08832 -89.01 4.75 1249.20618 1376.77307 18714.67005 5.842 6057.3 10.137 18358.0 18.677 "" "" 0.0027760871028068962 0.0033296447 0.003937496 0.007267141 278.30845799005 -11.41845373755 1304.63062 -2.8160000000000003 -7.259999999999999 -3.008166671156883 -6.347444424629211 0.13834359 0.13234359 -218.0 12.57 43.4371774842429 222.28537600975378 5.797309153449031 12.379609567738425
278.601399285 -11.58706492985 0.0239 0.026 11.0481 "" "" 4154588184055224704 1469.62476 0.6547 0.0327 -0.838 0.56 0.032 0.026 1.02 6846.9 3.6135 15.009294 1.644562 15.759035 14.114473 15.5 8.85 1409.3103 1538.66772 18673.63194 6.9028 6789.0 38.382 17921.0 63.511 "" "" 0.002784397494490911 0.006742657 0.00539344 0.012136097 278.601399285 -11.58706492985 1469.62476 -0.838 0.56 -1.0301666711568833 1.4725555753707886 0.13634358 0.13034359 -113.49000000000001 16.67 12.518820884303572 114.17837350537657 1.6568052294346773 16.57049354899079
278.19523006211 -11.78057792465 0.028 0.0255 24.9086 "" "" 4154589730242274048 1402.12488 0.6839 0.03 -2.318 -4.125 0.033 0.028 1.039 5809.1 4.0634 15.010331 1.429151 15.658288 14.229136 23.67 8.34 1348.90369 1466.74109 18655.82144 5.7197 7449.1 15.495 16125.0 16.237 "" "" 0.0027753551451966414 0.0035896634 0.003934334 0.0075239977 278.19523006211 -11.78057792465 1402.12488 -2.318 -4.125 -2.5101666711568833 -3.2124444246292114 0.13734359 0.13234359 -105.32000000000001 16.16 27.095062785958206 108.74945897509109 3.637810486323117 15.676610904576863
278.19602652822 -11.86123642713 0.0256 0.0239 28.7793 "" "" 4153087247589628672 1285.54236 0.7457 0.0316 -2.629 -8.239 0.032 0.026 1.025 6038.6 3.827 15.010999 1.465876 15.595468 14.129592 30.94 6.7 1228.4397 1331.64954 18644.35395 7.3337 7892.8 23.425 17673.0 74.951 "" "" 0.0027882214880027554 0.004262463 0.0059570144 0.010219477 278.19602652822 -11.86123642713 1285.54236 -2.629 -8.239 -2.8211666711568832 -7.326444424629212 0.13634358 0.13034359 -98.05000000000001 14.52 47.83889546310096 109.09794873933012 6.273296071869311 13.336392116076674
278.80268009841 -11.8585995199 0.025 0.0243 31.0574 "" "" 4106541828057222016 1398.6073 0.6772 0.0296 -1.184 -2.482 0.032 0.026 0.951 7440.5 4.2314 15.012249 1.351309 15.606483 14.255175 29.46 10.79 1340.49451 1452.08398 18622.89941 8.4126 7813.1 21.77 15743.0 26.709 "" "" 0.002798632600047109 0.0041154716 0.0042043747 0.008319846 278.80268009841 -11.8585995199 1398.6073 -1.1839999999999997 -2.482000000000002 -1.3761666711568832 -1.5694444246292116 0.13634358 0.13034359 -99.53 18.61 13.837812424227785 100.48734225109207 1.8402193340259927 18.434445110657748
278.55527389481 -11.34156697745 0.0273 0.0262 8.8893 "" "" 4154631442967979136 1381.59851 0.6931 0.0298 -2.778 -4.434 0.032 0.028 0.965 7369.4 4.1119 15.014749 1.443877 15.665256 14.221379 "" "" 1325.69019 1433.86377 18580.068 12.605 7401.4 17.608 16241.0 30.453 "" "" 0.0028520763044540295 0.0038022117 0.0042928234 0.008095035 278.55527389481 -11.34156697745 1381.59851 -2.7779999999999982 -4.434 -2.9701666711568833 -3.5214444246292116 0.13634358 0.13234359 "" "" 30.16880228434494 "" 4.0432480068190335 ""
278.15823319844 -11.54393737283 0.0281 0.0259 18.7203 "" "" 4154644942005086592 1297.27112 0.7467 0.0338 -0.657 -4.514 0.035 0.033 1.176 5547.8 4.0689 15.015441 1.61305 15.754386 14.141336 0.72 8.92 1232.90991 1384.43909 18568.22417 7.6022 6818.1 14.311 17483.0 52.12 "" "" 0.0027909477211226393 0.0036025778 0.0049759876 0.008578565 278.15823319844 -11.54393737283 1297.27112 -0.657 -4.514 -0.8491666711568833 -3.6014444246292117 0.13934359 0.13734359 -128.27 16.74 22.752775650434888 130.27233666361798 3.127360933463778 16.49174723777011
278.08887223767 -11.42004392214 0.0261 0.0268 22.2518 "" "" 4154649791069426176 1684.05383 0.5579 0.035 0.458 -1.285 0.034 0.028 1.036 7183.7 3.3708 15.015588 1.448626 15.666389 14.217764 "" "" 1569.07605 1813.64587 18565.71288 6.2583 7393.7 14.045 16295.0 33.674 "" "" 0.00277952117582817 0.003469692 0.004395215 0.007864907 278.08887223767 -11.42004392214 1684.05383 0.45799999999999963 -1.2849999999999997 0.2658333288431168 -0.37244442462921135 0.13834359 0.13234359 "" "" 3.6526175282127125 "" 0.4909065487271266 ""
278.02903591392 -11.36612738689 0.0248 0.0238 26.2574 "" "" 4154662710331143936 1406.76086 0.6745 0.0312 -0.09 -2.301 0.035 0.029 0.97 6973.4 4.0853 15.021128 1.277148 15.569811 14.292663 "" "" 1335.03613 1469.11023 18471.22892 6.5596 8081.5 25.799 15209.0 34.365 "" "" 0.0027821673987238563 0.0044495584 0.0045057866 0.008955345 278.02903591392 -11.36612738689 1406.76086 -0.08999999999999998 -2.301 -0.2821666711568832 -1.3884444246292116 0.13934359 0.13334358 "" "" 9.447461702438098 "" 1.2620550843627838 ""
278.81869270137 -11.84971188351 0.0267 0.0287 31.2666 "" "" 4106538976198931840 1624.3479 0.5724 0.0349 3.087 -7.821 0.032 0.029 1.006 4790.3 3.3847 15.022141 2.073011 16.073616 14.000605 27.09 5.99 1546.87708 1721.72437 18453.99805 6.9262 5081.2 20.918 19903.0 26.849 "" "" 0.0027852911167678776 0.0052690837 0.004053261 0.009322345 278.81869270137 -11.84971188351 1624.3479 3.087 -7.821 2.894833328843117 -6.908444424629211 0.13634358 0.13334358 -101.9 13.809999 57.6719476057503 117.08827242999364 7.716271856320566 12.60524178122213
278.38815947676 -11.61136827954 0.0255 0.0248 10.1225 "" "" 4154598663775084288 1630.76733 0.5747 0.0312 -2.461 -3.454 0.033 0.026 0.985 7247.8 3.9704 15.027423 1.446028 15.678028 14.232 "" "" 1559.15356 1736.29822 18364.43683 6.9595 7314.9 15.505 16083.0 20.194 "" "" 0.002785872657570792 0.0036168194 0.004017737 0.007634557 278.38815947676 -11.61136827954 1630.76733 -2.461 -3.4540000000000006 -2.653166671156883 -2.5414444246292116 0.13734359 0.13034359 "" "" 28.399376589398862 "" 3.806643528680558 ""
278.76011183584 -11.87182011722 0.0244 0.0243 30.1674 "" "" 4106540350587925760 1324.63855 0.7191 0.031 -0.542 -12.218 0.033 0.027 1.095 4925.2 3.5439 15.027695 1.862956 15.946433 14.083477 22.12 6.13 1266.52222 1391.02441 18359.84361 6.2625 5712.7 11.354 18440.0 32.046 "" "" 0.0027800975961881687 0.0035272639 0.0042242073 0.0077514714 278.76011183584 -11.87182011722 1324.63855 -0.5419999999999996 -12.218000000000004 -0.7341666711568833 -11.305444424629211 0.13734359 0.13134359 -106.87 13.950001 71.13399129580002 128.3792881179474 9.344826736677796 12.714817655992375
278.76962232701 -11.50807116882 0.0259 0.0238 18.138 "" "" 4154613678982536960 1708.03748 0.5479 0.0303 0.643 -0.863 0.031 0.025 0.932 "" "" 15.028109 1.426582 15.658007 14.231424 "" "" 1630.22693 1805.33582 18352.83767 7.0938 7451.0 16.065 16091.0 19.549 "" "" 0.002787096322381887 0.0036421223 0.0040029557 0.007645078 278.76962232701 -11.50807116882 1708.03748 0.6429999999999998 -0.863 0.4508333288431168 0.049555575370788585 0.13534358 0.12934358 "" "" 3.6719747645017677 "" 0.49672095956887435 ""
278.41100028904 -11.41137311552 0.2377 0.2308 4.3288 "" "" 4154652780367406976 1232.53894 1.0507 0.2806 -0.008 -2.914 0.314 0.279 11.267 7190.3 3.5717 15.031092 1.709749 15.809372 14.099623 3.46 10.81 885.610962 1632.65576 18302.49296 59.472 6481.4 17.666 18168.0 15.007 "" "" 0.004476433803722216 0.004067271 0.0038843318 0.007951602 278.41100028904 -11.41137311552 1232.53894 -0.007999999999999993 -2.9139999999999984 -0.20016667115688325 -2.0014444246292116 0.4183436 0.3833436 -125.53000000000002 18.630001 11.751239845512648 126.07883461511994 4.509019708073175 18.55366308507086
278.28610536517 -11.58328200359 0.0334 0.0308 12.8448 "" "" 4154602821302735488 1625.76843 0.5769 0.0371 -1.048 -5.668 0.04 0.032 1.237 5979.1 3.887 15.031613 1.419289 15.664018 14.244729 -13.37 14.8 1555.6698 1707.29065 18293.69024 6.5683 7409.9 22.052 15895.0 12.707 "" "" 0.0027827607367765478 0.004269135 0.0038777709 0.008146906 278.28610536517 -11.58328200359 1625.76843 -1.0480000000000005 -5.668 -1.2401666711568833 -4.755444424629212 0.14434358 0.13634358 -142.36 22.62 37.87180118002887 147.31138083875138 5.183398441163144 21.900284870436703
278.33161359704 -11.40591073275 0.0272 0.0302 8.4986 "" "" 4154653364482558336 1227.46924 0.7834 0.038 -1.799 -4.946 0.038 0.032 1.069 6006.1 4.0332 15.032186 1.481463 15.70763 14.226167 "" "" 1172.46497 1288.71155 18284.04072 5.6631 7118.1 11.647 16169.0 15.712 "" "" 0.0027757659115495267 0.0033077383 0.0039238827 0.007231621 278.33161359704 -11.40591073275 1227.46924 -1.799 -4.946 -1.9911666711568832 -4.033444424629211 0.14234358 0.13634358 "" "" 26.17119738899827 "" 3.599584017546383 ""
278.9772395598 -11.60367172987 0.0294 0.0264 31.3166 "" "" 4106570037405151872 1452.37805 0.6502 0.0332 0.986 -1.601 0.037 0.03 1.103 5053.1 3.3929 15.035931 2.09298 16.086275 13.993295 -9.47 4.98 1382.13269 1520.79602 18221.08887 12.246 5022.3 14.943 20037.0 27.764 "" "" 0.0028503072152950538 0.0042685694 0.004067807 0.008336376 278.9772395598 -11.60367172987 1452.37805 0.9859999999999999 -1.600999999999999 0.7938333288431167 -0.6884444246292114 0.1413436 0.13434358 -138.46 12.8 7.233817521541826 138.64883597035703 1.0010313065762793 12.782673632126619
278.37153792243 -11.6886045882 0.0248 0.0258 14.7537 "" "" 4154592238503086848 1368.20789 0.6942 0.0353 -0.63 -0.733 0.033 0.025 1.012 5775.1 3.7788 15.036513 1.504356 15.727929 14.223573 -26.91 10.11 1280.85583 1442.42639 18211.32508 5.5603 6986.3 11.001 16208.0 26.77 "" "" 0.0027751901489007414 0.003272305 0.004183241 0.0074555464 278.37153792243 -11.6886045882 1368.20789 -0.6300000000000004 -0.7330000000000002 -0.8221666711568832 0.1795555753707886 0.13734359 0.12934358 -155.9 17.93 5.457677305691374 155.99550070938923 0.7476447133408735 17.919042620050785
278.43321910416 -11.69877150148 0.0414 0.0423 14.4242 "" "" 4154597113248641792 1234.69995 0.7781 0.0545 -0.459 -0.682 0.051 0.043 1.655 "" "" 15.03755 1.444374 15.650744 14.20637 "" "" 1160.3313 1323.45996 18193.94536 17.157 7501.0 18.273 16467.0 142.09 "" "" 0.0029393995967141656 0.0038445715 0.0101021705 0.013946742 278.43321910416 -11.69877150148 1234.69995 -0.459 -0.682 -0.6511666711568833 0.23055557537078852 0.15534359 0.14734359 "" "" 4.042761450978705 "" 0.6244971707607306 ""
278.71570530227 -11.44042928197 0.025 0.0241 14.7911 "" "" 4154626082848360704 1766.94189 0.5274 0.03 0.485 -0.828 0.03 0.026 1.081 "" "" 15.039115 1.359318 15.6277 14.268382 "" "" 1689.31335 1862.4386 18167.73009 6.1226 7661.9 13.124 15553.0 30.628 "" "" 0.0027795090270394556 0.0033531643 0.0043422594 0.0076954234 278.71570530227 -11.44042928197 1766.94189 0.485 -0.828 0.29283332884311675 0.08455557537078862 0.13434358 0.13034359 "" "" 2.5527648540270347 "" 0.34217255105981037 ""
278.30058745621 -11.94793463836 0.0273 0.0251 30.8062 "" "" 4153073984729917952 1295.32471 0.7348 0.0323 -0.538 -4.025 0.034 0.027 1.098 5372.3 3.7283 15.039743 1.621137 15.804275 14.183139 0.63 14.94 1243.86682 1354.04553 18157.21639 7.5053 6511.9 22.587 16823.0 16.019 "" "" 0.0027916306730619866 0.0046869465 0.003918235 0.008605182 278.30058745621 -11.94793463836 1295.32471 -0.538 -4.0249999999999995 -0.7301666711568833 -3.112444424629212 0.13834359 0.13134359 -128.36 22.76 19.62872446958022 129.85213292165324 2.585455065827779 22.501858958749565
