Clusters/Ruprecht_144/Ruprecht_144_stars_in_region.tsv
# %ECSV 1.0
# ---
# datatype:
# - name: RA_ICRS_1
#   unit: deg
#   datatype: float64
#   format: '{:15.11f}'
#   description: Right ascension (ICRS) at Ep=2016.0 (ra)
#   meta: !!omap
#   - {ucd: POS_EQ_RA_MAIN}
#   - {width: 15}
#   - {precision: '11'}
# - name: DE_ICRS_1
#   unit: deg
#   datatype: float64
#   format: '{:15.11f}'
#   description: Declination (ICRS) at Ep=2016.0 (dec)
#   meta: !!omap
#   - {ucd: POS_EQ_DEC_MAIN}
#   - {width: 15}
#   - {precision: '11'}
# - name: e_RA_ICRS
#   unit: mas
#   datatype: float64
#   format: '{:7.4f}'
#   description: Standard error of right ascension (ra_error)
#   meta: !!omap
#   - {ucd: ERROR}
#   - {width: 7}
#   - {precision: '4'}
# - name: e_DE_ICRS
#   unit: mas
#   datatype: float64
#   format: '{:7.4f}'
#   description: Standard error of declination (dec_error)
#   meta: !!omap
#   - {ucd: ERROR}
#   - {width: 7}
#   - {precision: '4'}
# - name: _r_1
#   unit: ''
#   datatype: float64
#   format: '{:7.4f}'
#   description: Distance from center (278.46500670000-11.46039416000)[ICRS], at Epoch=J2016.0
#   meta: !!omap
#   - {ucd: POS_ANG_DIST_GENERAL}
#   - {width: 7}
#   - {precision: '4'}
# - name: HIP
#   datatype: int32
#   description: '? HIP cross-id number, van Leeuwen, Cat. I/311 (hip_original_ext_source_id)'
#   meta: !!omap
#   - {ucd: ID_NUMBER}
#   - {width: 6}
#   - values: {'null': -2147483648}
# - name: TYC2
#   datatype: string
#   description: Tycho-2 cross-id name, Hog et al., Cat. I/259 (tyc2_original_ext_source_id)
#   meta: !!omap
#   - {ucd: ID_CROSSID}
#   - {_votable_string_dtype: char}
# - name: Source
#   datatype: int64
#   description: Source identifier, identical to the Gaia-EDR3 source_id (id)
#   meta: !!omap
#   - {ucd: ID_MAIN}
#   - {width: 19}
# - name: rgeo
#   unit: pc
#   datatype: float64
#   format: '{:15.8f}'
#   description: '? Median of the geometric distance posterior (r_med_geo)'
#   meta: !!omap
#   - {ucd: PHYS_DISTANCE_TRUE}
#   - {width: 15}
#   - {precision: '8'}
#   - values: {'null': .nan}
# - name: Plx
#   unit: mas
#   datatype: float64
#   format: '{:9.4f}'
#   description: '? Parallax (parallax)'
#   meta: !!omap
#   - {ucd: POS_PARLX_TRIG}
#   - {width: 9}
#   - {precision: '4'}
#   - values: {'null': .nan}
# - name: e_Plx
#   unit: mas
#   datatype: float32
#   format: '{:7.4f}'
#   description: '? Standard error of parallax (parallax_error)'
#   meta: !!omap
#   - {ucd: ERROR}
#   - {width: 7}
#   - {precision: '4'}
#   - values: {'null': .nan}
# - name: pmRA
#   unit: mas / yr
#   datatype: float64
#   format: '{:9.3f}'
#   description: '? Proper motion in right ascension direction, pmRA*cosDE (pmra)'
#   meta: !!omap
#   - {ucd: POS_EQ_PMRA}
#   - {width: 9}
#   - {precision: '3'}
#   - values: {'null': .nan}
# - name: pmDE
#   unit: mas / yr
#   datatype: float64
#   format: '{:9.3f}'
#   description: '? Proper motion in declination direction (pmdec)'
#   meta: !!omap
#   - {ucd: POS_EQ_PMDEC}
#   - {width: 9}
#   - {precision: '3'}
#   - values: {'null': .nan}
# - name: e_pmRA
#   unit: mas / yr
#   datatype: float32
#   format: '{:6.3f}'
#   description: '? Standard error of proper motion in right ascension direction (pmra_error)'
#   meta: !!omap
#   - {ucd: ERROR}
#   - {width: 6}
#   - {precision: '3'}
#   - values: {'null': .nan}
# - name: e_pmDE
[...]
#         value: !astropy.table.SerializedColumn {name: SkyCoord.dec}
#       distance: !astropy.table.SerializedColumn
#         __class__: astropy.coordinates.distances.Distance
#         unit: !astropy.units.Unit {unit: pc}
#         value: !astropy.table.SerializedColumn {name: SkyCoord.distance}
#       frame: icrs
#       obstime: !astropy.time.Time {format: jyear_str, in_subfmt: '*', jd1: 367701545.0, jd2: 0.0, out_subfmt: '*', precision: 3, scale: tt}
#       pm_dec: !astropy.table.SerializedColumn
#         __class__: astropy.units.quantity.Quantity
#         unit: !astropy.units.Unit {unit: mas / yr}
#         value: !astropy.table.SerializedColumn {name: SkyCoord.pm_dec}
#       pm_ra_cosdec: !astropy.table.SerializedColumn
#         __class__: astropy.units.quantity.Quantity
#         unit: !astropy.units.Unit {unit: mas / yr}
#         value: !astropy.table.SerializedColumn {name: SkyCoord.pm_ra_cosdec}
#       ra: !astropy.table.SerializedColumn
#         __class__: astropy.coordinates.angles.Longitude
#         unit: *id001
#         value: !astropy.table.SerializedColumn {name: SkyCoord.ra}
#         wrap_angle: !astropy.coordinates.Angle
#           unit: *id001
#           value: 360.0
#       representation_type: spherical
# schema: astropy-2.0
RA_ICRS_1 DE_ICRS_1 e_RA_ICRS e_DE_ICRS _r_1 HIP TYC2 Source rgeo Plx e_Plx pmRA pmDE e_pmRA e_pmDE RUWE Teff logg Gmag BP-RP BPmag RPmag RV e_RV b_rgeo B_rgeo FG e_FG FBP e_FBP FRP e_FRP RAVE5 RAVE6 e_Gmag e_BPmag e_RPmag e_BP-RP SkyCoord.ra SkyCoord.dec SkyCoord.distance SkyCoord.pm_ra_cosdec SkyCoord.pm_dec rmRA rmDE e_rmRA e_rmDE rRV e_rRV v_pec v_pec3d e_vpec e_vpec3d
[from data line 2683]
278.42906290282 -11.23539448879 0.1114 0.1175 13.6646 "" "" 4154682909520544256 1242.5332 0.8509 0.1503 -1.367 -4.656 0.142 0.112 1.873 7949.0 4.0237 16.843325 2.74057 18.34355 15.60298 "" "" 1061.16101 1442.81982 3448.392 5.7589 628.05 7.6644 4549.5 21.505 "" "" 0.0032984096704782003 0.013540361 0.0063736 0.01991396 278.42906290282 -11.23539448879 1242.5332 -1.367 -4.656 -1.5591666711568832 -3.743444424629211 0.24634358 0.21634358 "" "" 23.883339605034543 "" 5.279057726121311 ""
278.76427987791 -11.45501100472 0.0667 0.0656 17.6015 "" "" 4154614434896925312 1689.07739 0.6 0.0783 0.009 -6.206 0.079 0.067 1.03 5756.2 4.3534 16.843807 2.085431 17.916878 15.831447 "" "" 1497.50647 1897.03418 3446.86227 3.6064 930.39 11.522 3686.2 12.455 "" "" 0.00298031227122274 0.013732261 0.0052670348 0.018999295 278.76427987791 -11.45501100472 1689.07739 0.009000000000000064 -6.206000000000003 -0.18316667115688323 -5.293444424629212 0.18334359 0.1713436 "" "" 42.40588104597663 "" 7.26660594183583 ""
278.52164003866 -11.58329631761 0.0626 0.0766 8.091 "" "" 4154599728926859776 1252.88477 0.7997 0.0918 -4.19 -7.886 0.076 0.07 0.971 5348.2 4.002 16.844933 1.64028 17.61882 15.97854 "" "" 1114.07202 1558.32336 3443.28907 37.003 1224.3 52.646 3219.2 100.94 "" "" 0.011988684421123875 0.046770927 0.03425307 0.08102399 278.52164003866 -11.58329631761 1252.88477 -4.189999999999996 -7.886000000000001 -4.382166671156884 -6.9734444246292115 0.18034358 0.17434359 "" "" 48.911139540096514 "" 8.611439064082743 ""
278.26401550979 -11.08363014567 0.0619 0.0582 25.5127 "" "" 4154700506044905344 1208.93298 0.8046 0.0711 0.758 4.456 0.079 0.064 0.995 6161.3 4.3782 16.845652 2.066721 17.896387 15.829666 "" "" 1112.69055 1347.91016 3441.01148 3.2028 948.12 10.016 3692.3 8.681 "" "" 0.0029347995925933837 0.011804279 0.004560693 0.016364973 278.26401550979 -11.08363014567 1208.93298 0.7579999999999993 4.456 0.5658333288431168 5.368555575370789 0.18334359 0.16834359 "" "" 30.934061027684564 "" 5.212873162130806 ""
278.03278196079 -11.40967245382 0.0604 0.0558 25.6002 "" "" 4154661679538956032 1570.26318 0.6404 0.0702 1.86 -1.477 0.078 0.063 1.008 "" "" 16.845839 2.231237 18.02383 15.792594 "" "" 1412.69958 1827.72864 3440.42181 3.0384 843.11 9.6015 3820.5 15.722 "" "" 0.002917398121060361 0.012675477 0.0058520627 0.01852754 278.03278196079 -11.40967245382 1570.26318 1.8600000000000012 -1.4770000000000014 1.6678333288431169 -0.5644444246292115 0.18234359 0.16734359 "" "" 13.105398591275614 "" 2.3702355896283764 ""
278.10011961075 -11.52659684774 0.0597 0.054 21.8188 "" "" 4154647828223201408 1377.05774 0.718 0.0726 3.276 -2.666 0.071 0.061 0.982 4823.3 4.2938 16.846573 2.111521 17.93383 15.822309 "" "" 1271.08423 1504.99243 3438.09503 2.6292 915.98 15.088 3717.4 14.087 "" "" 0.002877702503175217 0.018100563 0.0055867503 0.023687314 278.10011961075 -11.52659684774 1377.05774 3.276 -2.6659999999999995 3.0838333288431166 -1.7534444246292114 0.17534359 0.16534358 "" "" 23.155284431925054 "" 4.004795564764084 ""
278.53106029617 -11.30856695513 0.0754 0.0713 9.9036 "" "" 4154678515811826304 1607.47339 0.607 0.0745 -1.59 -9.683 0.087 0.073 0.995 5158.5 3.8218 16.847706 1.836025 17.762442 15.926416 "" "" 1427.65015 1844.80859 3434.50588 2.6435 1072.6 8.455 3377.5 13.583 "" "" 0.0028792617825451343 0.009001878 0.005774883 0.014776761 278.53106029617 -11.30856695513 1607.47339 -1.5900000000000007 -9.683000000000002 -1.7821666711568833 -8.770444424629211 0.19134358 0.17734358 "" "" 68.19142300893093 "" 12.132597702396517 ""
278.55246285929 -11.64987321731 0.0685 0.0667 12.4771 "" "" 4154587428140419456 1363.4574 0.7307 0.0804 6.244 -3.482 0.089 0.086 1.019 4447.8 4.3654 16.847944 1.889463 17.771975 15.882512 "" "" 1256.90796 1508.14209 3433.75148 3.0134 1063.2 9.766 3516.8 24.094 "" "" 0.0029154178193805404 0.010355959 0.008343563 0.018699523 278.55246285929 -11.64987321731 1363.4574 6.243999999999999 -3.4819999999999975 6.0518333288431165 -2.5694444246292116 0.19334358 0.19034359 "" "" 42.490917928182476 "" 8.196005524486704 ""
278.43307830339 -11.26849273664 0.0667 0.0672 11.6663 "" "" 4154678378373569408 1638.0813 0.5985 0.0838 0.905 -1.411 0.089 0.065 0.94 5606.4 4.4099 16.849651 2.09695 17.9385 15.84155 "" "" 1415.28052 1918.72839 3428.35881 3.0751 912.05 7.9024 3652.1 17.224 "" "" 0.0029223613691840684 0.009812349 0.0063642473 0.016176596 278.43307830339 -11.26849273664 1638.0813 0.9050000000000002 -1.411 0.7128333288431168 -0.49844442462921146 0.19334358 0.16934359 "" "" 6.753683521243971 "" 1.2548653042408142 ""
278.16562253181 -11.35463545257 0.067 0.0694 18.7167 "" "" 4154656353779923456 1522.28845 0.6426 0.0856 0.187 -1.587 0.086 0.072 1.123 4982.7 4.5074 16.849854 1.819906 17.727922 15.908016 "" "" 1371.07483 1715.5968 3427.71869 3.0218 1107.3 17.187 3435.2 19.162 "" "" 0.0029168383556676934 0.017081711 0.00713887 0.024220582 278.16562253181 -11.35463545257 1522.28845 0.18700000000000003 -1.5869999999999993 -0.00516667115688324 -0.6744444246292114 0.19034359 0.17634359 "" "" 4.86669585533688 "" 0.8582147755848364 ""
278.73263864765 -11.58205000321 0.0599 0.0599 17.345 "" "" 4154610857147228416 1419.40271 0.6844 0.0742 1.001 -4.299 0.074 0.062 1.094 5006.7 4.4897 16.850513 1.683006 17.626423 15.943417 "" "" 1264.01453 1574.33044 3425.63747 2.6292 1215.8 23.146 3325.0 22.046 "" "" 0.002878575130740308 0.020857355 0.008130621 0.028987976 278.73263864765 -11.58205000321 1419.40271 1.001 -4.299 0.8088333288431167 -3.386444424629212 0.1783436 0.16634358 "" "" 23.424752032238747 "" 3.912243085818468 ""
277.98698933014 -11.60546381593 0.0632 0.0583 29.4191 "" "" 4154645736620213888 1619.6748 0.6297 0.0763 0.461 -0.899 0.076 0.062 0.943 4800.2 4.3297 16.851662 1.73397 17.684732 15.950763 "" "" 1428.68933 1958.54797 3422.0189 2.8988 1152.2 8.3364 3302.6 16.402 "" "" 0.0029047705376811467 0.008336322 0.0065847877 0.01492111 277.98698933014 -11.60546381593 1619.6748 0.4610000000000001 -0.899 0.2688333288431168 0.013555575370788553 0.18034358 0.16634358 "" "" 2.066525096663093 "" 0.3726140091603573 ""
278.74837909791 -11.37729150782 0.0692 0.0699 17.3957 "" "" 4154632572504533120 1736.88171 0.5598 0.0904 2.338 0.057 0.091 0.07 1.115 5034.4 4.2875 16.851788 2.135581 17.933508 15.797927 "" "" 1513.21216 2070.02417 3421.61996 4.0324 916.25 6.2432 3801.8 10.454 "" "" 0.0030379317586127354 0.007906723 0.004816322 0.012723045 278.74837909791 -11.37729150782 1736.88171 2.338 0.0570000000000001 2.145833328843117 0.9695555753707886 0.19534358 0.17434359 "" "" 19.38586611770945 "" 3.7210211260359216 ""
278.94218169408 -11.40394921175 0.0699 0.0705 28.2661 "" "" 4154619829375573248 1320.29822 0.745 0.0855 1.83 -6.876 0.088 0.076 1.022 5624.2 4.6195 16.852388 1.844619 17.767097 15.922479 "" "" 1176.078 1475.57776 3419.72576 2.8636 1068.0 9.5311 3389.7 13.759 "" "" 0.002901444573052754 0.010083114 0.005805686 0.015888799 278.94218169408 -11.40394921175 1320.29822 1.8299999999999998 -6.876000000000001 1.6378333288431168 -5.963444424629212 0.1923436 0.18034358 "" "" 38.70246821544098 "" 7.013319692240964 ""
278.314201867 -11.6410763967 0.0883 0.0855 14.0041 "" "" 4154595601420348928 1238.15527 0.7868 0.099 -1.919 -4.471 0.104 0.09 1.36 "" "" 16.852945 3.244598 18.678196 15.433598 "" "" 1111.71057 1443.25195 3417.97554 4.6982 461.46 5.0233 5317.6 14.636 "" "" 0.003133538582700139 0.012143844 0.004818085 0.016961928 278.314201867 -11.6410763967 1238.15527 -1.9190000000000003 -4.471 -2.1111666711568833 -3.5584444246292115 0.2083436 0.1943436 "" "" 24.282849196051767 "" 4.81003778824229 ""
278.36673567115 -11.10627179639 0.065 0.0592 22.0201 "" "" 4154696932632007040 1222.53528 0.8083 0.0689 -1.323 -3.733 0.081 0.065 1.071 4750.6 4.3024 16.853197 1.86964 17.772614 15.902973 "" "" 1130.62817 1300.64148 3417.18308 3.5107 1062.6 9.5784 3451.2 13.547 "" "" 0.0029725437212476786 0.010176909 0.0056962287 0.015873138 278.36673567115 -11.10627179639 1222.53528 -1.3230000000000008 -3.733 -1.5151666711568832 -2.8204444246292115 0.1853436 0.16934359 "" "" 18.553043607918198 "" 3.210707111519522 ""
278.53780957352 -11.36041990928 0.0674 0.0665 7.3699 "" "" 4154629926803604096 1233.06396 0.8012 0.0739 -0.837 -1.993 0.078 0.068 0.995 4989.2 4.3221 16.854942 1.84621 17.73838 15.892171 "" "" 1146.58557 1340.80212 3411.69104 3.1435 1096.6 14.819 3485.7 10.175 "" "" 0.0029313075245480363 0.014935135 0.004932387 0.01986752 278.53780957352 -11.36041990928 1233.06396 -0.8369999999999999 -1.993 -1.0291666711568832 -1.0804444246292115 0.18234359 0.17234358 "" "" 8.721267465011202 "" 1.5451562141151531 ""
278.84027373071 -11.48384929783 0.066 0.0634 22.111 "" "" 4154613399764022656 1792.64709 0.5772 0.0803 -0.651 0.863 0.089 0.066 1.042 6023.5 4.3725 16.856407 1.958773 17.79976 15.840988 "" "" 1568.41602 2110.04443 3407.09141 3.0562 1036.4 12.029 3654.0 13.623 "" "" 0.002922380056804793 0.012906816 0.0055379714 0.018444788 278.84027373071 -11.48384929783 1792.64709 -0.6509999999999999 0.863 -0.8431666711568833 1.7755555753707886 0.19334358 0.17034358 "" "" 16.70187210469354 "" 2.919540146579503 ""
278.5244524355 -11.4282325153 0.0746 0.0791 3.9931 "" "" 4154628346255346560 1675.79114 0.5916 0.0925 6.556 -6.693 0.092 0.075 0.991 5319.8 4.625 16.856546 1.735958 17.694702 15.958744 "" "" 1463.04431 1953.43555 3406.65542 2.9697 1141.7 11.092 3278.4 11.744 "" "" 0.002913349015969891 0.0109110745 0.005423179 0.016334254 278.5244524355 -11.4282325153 1675.79114 6.556 -6.692999999999998 6.363833328843117 -5.780444424629211 0.19634359 0.17934358 "" "" 68.2897387479377 "" 12.896379324525679 ""
278.55522720719 -11.82197896665 0.0603 0.0589 22.3335 "" "" 4154574749359137280 1313.04199 0.7644 0.0749 2.009 0.244 0.075 0.063 1.078 "" "" 16.8571 1.796549 17.351704 15.555155 "" "" 1184.36169 1550.32812 3404.91752 7.1591 1565.8 79.34 4754.4 169.85 "" "" 0.0035781509126036385 0.055085592 0.0389714 0.09405699 278.55522720719 -11.82197896665 1313.04199 2.009000000000001 0.24400000000000002 1.8168333288431167 1.1565555753707886 0.17934358 0.16734359 "" "" 13.404355298641793 "" 2.358725394620707 ""
278.72586728543 -11.61609781605 0.068 0.0678 17.9569 "" "" 4154610380448535424 1726.61975 0.546 0.0803 -1.624 -4.645 0.087 0.073 1.016 6005.7 4.4471 16.857735 1.851039 17.645233 15.794194 "" "" 1511.79285 1995.88428 3402.93013 4.0033 1194.9 10.035 3814.9 24.303 "" "" 0.003036981784752362 0.009535565 0.007881937 0.017417502 278.72586728543 -11.61609781605 1726.61975 -1.624 -4.645 -1.8161666711568833 -3.732444424629211 0.19134358 0.17734358 "" "" 33.97134002516988 "" 6.118510204147812 ""
278.17483714109 -11.72074823831 0.0692 0.0635 23.1279 "" "" 4154593166216208256 1410.85156 0.6929 0.0737 -0.075 -0.954 0.079 0.068 0.981 4907.1 4.3181 16.857988 1.782326 17.686483 15.904158 "" "" 1288.72327 1571.25 3402.13503 3.5865 1150.3 10.615 3447.4 13.829 "" "" 0.002983594689533947 0.010400455 0.0057665273 0.016166983 278.17483714109 -11.72074823831 1410.85156 -0.07499999999999996 -0.9540000000000001 -0.26716667115688325 -0.041444424629211385 0.18334359 0.17234358 "" "" 1.8080294139106539 "" 0.3310369649896988 ""
278.41402153484 -11.23055850622 0.0656 0.0699 14.1125 "" "" 4154683081319257088 1778.83643 0.5515 0.0885 -4.553 -6.929 0.084 0.066 1.068 6776.7 4.0613 16.85802 2.68618 18.364168 15.677988 "" "" 1542.79565 2181.90186 3402.02981 2.9879 616.24 8.4865 4245.8 11.66 "" "" 0.0029156617970538747 0.015210234 0.0048139626 0.020024195 278.41402153484 -11.23055850622 1778.83643 -4.553 -6.929000000000002 -4.745166671156883 -6.016444424629212 0.18834358 0.17034358 "" "" 64.60795110564666 "" 11.465485211069304 ""
277.99386174203 -11.61337920849 0.0633 0.0577 29.1789 "" "" 4154645526120326656 1466.90955 0.6695 0.0756 -2.462 -4.55 0.075 0.061 0.971 6369.6 4.4153 16.858965 1.925208 17.820738 15.89553 "" "" 1293.20142 1662.20886 3399.0735 2.8673 1016.5 8.9955 3474.9 16.296 "" "" 0.0029035528288597215 0.0100051295 0.006341069 0.016346198 277.99386174203 -11.61337920849 1466.90955 -2.462 -4.55 -2.6541666711568834 -3.6374444246292112 0.17934358 0.16534358 "" "" 31.308954361329054 "" 5.333112958057466 ""
278.07447731632 -11.53161959498 0.0604 0.054 23.356 "" "" 4154647935643463552 1228.89539 0.8208 0.0677 0.138 -4.211 0.072 0.06 0.983 4657.2 4.3416 16.860928 1.744696 17.71221 15.967514 "" "" 1139.22742 1325.22937 3392.93709 3.8151 1123.4 10.453 3252.0 13.639 "" "" 0.003013670502180858 0.010480767 0.0059176967 0.016398463 278.07447731632 -11.53161959498 1228.89539 0.13800000000000012 -4.210999999999997 -0.05416667115688323 -3.2984444246292117 0.17634359 0.16434358 "" "" 19.215911052478674 "" 3.1580760646233483 ""
278.72790850542 -11.8269937879 0.0661 0.0704 26.8795 "" "" 4106541484459406976 1733.39294 0.619 0.0918 -1.653 -3.175 0.091 0.07 1.0 5742.7 4.6337 16.861176 1.586233 17.479755 15.893522 "" "" 1469.48816 2038.49585 3392.16257 4.5639 1391.6 36.427 3481.4 69.406 "" "" 0.0031185985936799986 0.028557235 0.021972958 0.050530195 278.72790850542 -11.8269937879 1733.39294 -1.6530000000000002 -3.175 -1.8451666711568833 -2.2624444246292112 0.19534358 0.17434359 "" "" 23.9871759339761 "" 4.390164173933015 ""
278.65745435036 -11.35241900713 0.0659 0.0642 13.0417 "" "" 4154630682718967552 1767.74243 0.5582 0.0831 3.915 -2.335 0.079 0.064 1.012 4989.0 4.265 16.861267 2.140945 17.984972 15.844027 "" "" 1552.03625 2048.07056 3391.87632 3.0978 873.83 11.972 3643.7 10.153 "" "" 0.002928321228743383 0.015134659 0.0048411246 0.019975783 278.65745435036 -11.35241900713 1767.74243 3.915000000000002 -2.335 3.722833328843117 -1.4224444246292114 0.18334359 0.16834359 "" "" 33.39345503795917 "" 6.060966281632945 ""
278.18165506046 -11.37156282937 0.0661 0.0666 17.4963 "" "" 4154656078902000768 1486.10278 0.6739 0.0843 1.123 -6.32 0.081 0.071 1.162 4906.1 4.3027 16.861269 1.929142 17.80726 15.878118 "" "" 1333.49414 1689.03369 3391.87244 3.9269 1029.2 8.9503 3531.1 10.762 "" "" 0.003028503501542546 0.00984559 0.0050233193 0.0148689095 278.18165506046 -11.37156282937 1486.10278 1.123 -6.32 0.9308333288431168 -5.407444424629212 0.1853436 0.17534359 "" "" 38.65095693360623 "" 6.78862843403673 ""
278.75664590346 -11.05483808864 0.0697 0.067 29.7764 "" "" 4154782900697019776 1414.24414 0.687 0.0722 -0.431 -3.247 0.08 0.07 1.011 7511.5 4.3569 16.861998 2.119443 17.941753 15.82231 "" "" 1287.98718 1571.52527 3389.59495 3.5138 909.32 9.6285 3717.4 14.515 "" "" 0.002976337767071535 0.0118302535 0.0056794407 0.017509695 278.75664590346 -11.05483808864 1414.24414 -0.43100000000000005 -3.2469999999999994 -0.6231666711568833 -2.3344444246292113 0.18434358 0.17434359 "" "" 16.196962063353343 "" 2.8348978457360863 ""
277.98919808345 -11.6216415075 0.063 0.0578 29.5972 "" "" 4154645496102028032 1476.44775 0.6758 0.0753 2.583 -2.263 0.075 0.061 0.979 4569.2 4.3268 16.862547 1.670064 17.668335 15.998271 "" "" 1310.29883 1690.9126 3387.8787 2.7764 1169.7 13.093 3161.2 11.679 "" "" 0.0028954244468400218 0.012469331 0.005511236 0.017980566 277.98919808345 -11.6216415075 1476.44775 2.5830000000000006 -2.263 2.390833328843117 -1.3504444246292113 0.17934358 0.16534358 "" "" 19.21657036566076 "" 3.383257930163695 ""
