Clusters/NGC_2232/NGC_2232_stars_in_region.tsv
# %ECSV 1.0
# ---
# datatype:
# - name: RA_ICRS_1
#   unit: deg
#   datatype: float64
#   format: '{:15.11f}'
#   description: Right ascension (ICRS) at Ep=2016.0 (ra)
#   meta: !!omap
#   - {ucd: POS_EQ_RA_MAIN}
#   - {width: 15}
#   - {precision: '11'}
# - name: DE_ICRS_1
#   unit: deg
#   datatype: float64
#   format: '{:15.11f}'
#   description: Declination (ICRS) at Ep=2016.0 (dec)
#   meta: !!omap
#   - {ucd: POS_EQ_DEC_MAIN}
#   - {width: 15}
#   - {precision: '11'}
# - name: e_RA_ICRS
#   unit: mas
#   datatype: float64
#   format: '{:7.4f}'
#   description: Standard error of right ascension (ra_error)
#   meta: !!omap
#   - {ucd: ERROR}
#   - {width: 7}
#   - {precision: '4'}
# - name: e_DE_ICRS
#   unit: mas
#   datatype: float64
#   format: '{:7.4f}'
#   description: Standard error of declination (dec_error)
#   meta: !!omap
#   - {ucd: ERROR}
#   - {width: 7}
#   - {precision: '4'}
# - name: _r_1
#   unit: ''
#   datatype: float64
#   format: '{:8.4f}'
#   description: Distance from center (096.85500621000-04.71180579000)[ICRS], at Epoch=J2016.0
#   meta: !!omap
#   - {ucd: POS_ANG_DIST_GENERAL}
#   - {width: 8}
#   - {precision: '4'}
# - name: HIP
#   datatype: int32
#   description: '? HIP cross-id number, van Leeuwen, Cat. I/311 (hip_original_ext_source_id)'
#   meta: !!omap
#   - {ucd: ID_NUMBER}
#   - {width: 6}
#   - values: {'null': -2147483648}
# - name: TYC2
#   datatype: string
#   description: Tycho-2 cross-id name, Hog et al., Cat. I/259 (tyc2_original_ext_source_id)
#   meta: !!omap
#   - {ucd: ID_CROSSID}
#   - {_votable_string_dtype: char}
# - name: Source
#   datatype: int64
#   description: Source identifier, identical to the Gaia-EDR3 source_id (id)
#   meta: !!omap
#   - {ucd: ID_MAIN}
#   - {width: 19}
# - name: rgeo
#   unit: pc
#   datatype: float64
#   format: '{:15.8f}'
#   description: '? Median of the geometric distance posterior (r_med_geo)'
#   meta: !!omap
#   - {ucd: PHYS_DISTANCE_TRUE}
#   - {width: 15}
#   - {precision: '8'}
#   - values: {'null': .nan}
# - name: Plx
#   unit: mas
#   datatype: float64
#   format: '{:9.4f}'
#   description: '? Parallax (parallax)'
#   meta: !!omap
#   - {ucd: POS_PARLX_TRIG}
#   - {width: 9}
#   - {precision: '4'}
#   - values: {'null': .nan}
# - name: e_Plx
#   unit: mas
#   datatype: float32
#   format: '{:7.4f}'
#   description: '? Standard error of parallax (parallax_error)'
#   meta: !!omap
#   - {ucd: ERROR}
#   - {width: 7}
#   - {precision: '4'}
#   - values: {'null': .nan}
# - name: pmRA
#   unit: mas / yr
#   datatype: float64
#   format: '{:9.3f}'
#   description: '? Proper motion in right ascension direction, pmRA*cosDE (pmra)'
#   meta: !!omap
#   - {ucd: POS_EQ_PMRA}
#   - {width: 9}
#   - {precision: '3'}
#   - values: {'null': .nan}
# - name: pmDE
#   unit: mas / yr
#   datatype: float64
#   format: '{:9.3f}'
#   description: '? Proper motion in declination direction (pmdec)'
#   meta: !!omap
#   - {ucd: POS_EQ_PMDEC}
#   - {width: 9}
#   - {precision: '3'}
#   - values: {'null': .nan}
# - name: e_pmRA
#   unit: mas / yr
#   datatype: float32
#   format: '{:6.3f}'
#   description: '? Standard error of proper motion in right ascension direction (pmra_error)'
#   meta: !!omap
#   - {ucd: ERROR}
#   - {width: 6}
#   - {precision: '3'}
#   - values: {'null': .nan}
# - name: e_pmDE
[...]
#         value: !astropy.table.SerializedColumn {name: SkyCoord.dec}
#       distance: !astropy.table.SerializedColumn
#         __class__: astropy.coordinates.distances.Distance
#         unit: !astropy.units.Unit {unit: pc}
#         value: !astropy.table.SerializedColumn {name: SkyCoord.distance}
#       frame: icrs
#       obstime: !astropy.time.Time {format: jyear_str, in_subfmt: '*', jd1: 367701545.0, jd2: 0.0, out_subfmt: '*', precision: 3, scale: tt}
#       pm_dec: !astropy.table.SerializedColumn
#         __class__: astropy.units.quantity.Quantity
#         unit: !astropy.units.Unit {unit: mas / yr}
#         value: !astropy.table.SerializedColumn {name: SkyCoord.pm_dec}
#       pm_ra_cosdec: !astropy.table.SerializedColumn
#         __class__: astropy.units.quantity.Quantity
#         unit: !astropy.units.Unit {unit: mas / yr}
#         value: !astropy.table.SerializedColumn {name: SkyCoord.pm_ra_cosdec}
#       ra: !astropy.table.SerializedColumn
#         __class__: astropy.coordinates.angles.Longitude
#         unit: *id001
#         value: !astropy.table.SerializedColumn {name: SkyCoord.ra}
#         wrap_angle: !astropy.coordinates.Angle
#           unit: *id001
#           value: 360.0
#       representation_type: spherical
# schema: astropy-2.0
RA_ICRS_1 DE_ICRS_1 e_RA_ICRS e_DE_ICRS _r_1 HIP TYC2 Source rgeo Plx e_Plx pmRA pmDE e_pmRA e_pmDE RUWE Teff logg Gmag BP-RP BPmag RPmag RV e_RV b_rgeo B_rgeo FG e_FG FBP e_FBP FRP e_FRP RAVE5 RAVE6 e_Gmag e_BPmag e_RPmag e_BP-RP SkyCoord.ra SkyCoord.dec SkyCoord.distance SkyCoord.pm_ra_cosdec SkyCoord.pm_dec rmRA rmDE e_rmRA e_rmDE rRV e_rRV v_pec v_pec3d e_vpec e_vpec3d
[from data line 981]
95.27044527615 -6.28112542497 0.0246 0.0246 133.497 "" "" 3008134797077185536 331.788208 2.9775 0.0327 -6.359 -9.062 0.033 0.03 1.029 "" "" 15.394731 1.718737 16.222733 14.503996 "" "" 327.630219 335.422821 13093.46674 4.5778 4429.2 9.8865 12519.0 15.819 "" "" 0.002781346025601924 0.0036957222 0.004020688 0.0077164103 95.27044527615 -6.28112542497 331.788208 -6.358999999999995 -9.062 -1.6567972030639648 -7.271729313850402 0.27164084 0.26864085 "" "" 11.729151265554808 "" 3.1526748148830497 ""
96.88083863324 -6.7841860254 0.0236 0.0238 124.3524 "" "" 3007163138034908544 372.773773 2.641 0.0291 -3.994 31.43 0.03 0.03 0.992 4364.2 4.6378 15.40097 1.6294 16.170261 14.540861 "" "" 368.84845 376.498596 13018.43201 4.0659 4648.5 12.87 12101.0 12.613 "" "" 0.0027761079425447873 0.0041013565 0.003945176 0.008046532 96.88083863324 -6.7841860254 372.773773 -3.9939999999999998 31.429999999999996 0.7082027969360349 33.2202706861496 0.26864085 0.26864085 "" "" 58.71181729972858 "" 15.772392270419827 ""
95.22844542708 -4.39510336806 0.0237 0.0239 99.1239 "" "" 3116562827012069888 383.302002 2.5644 0.0333 -1.502 -8.143 0.029 0.031 0.954 4468.9 4.6763 15.40545 1.634343 16.182266 14.547923 "" "" 377.949707 388.426727 12964.82847 4.0347 4597.4 13.276 12022.0 12.345 "" "" 0.002775960301840742 0.004197042 0.003940399 0.00813744 95.22844542708 -4.39510336806 383.302002 -1.5019999999999998 -8.143 3.2002027969360354 -6.3527293138504035 0.26764083 0.26964083 "" "" 12.923737006770834 "" 3.4795510869689896 ""
96.00985898897 -4.4667142865 0.0298 0.0328 52.6419 "" "" 3104516642040074368 317.614105 3.0984 0.0353 -4.22 -1.669 0.038 0.039 0.986 5932.6 4.5816 15.406692 2.11471 16.481247 14.366537 "" "" 314.704803 320.947754 12950.01433 28.084 3490.7 55.034 14208.0 67.12 "" "" 0.0036243378813833214 0.017343506 0.006371158 0.023714665 96.00985898897 -4.4667142865 317.614105 -4.22 -1.669 0.4822027969360354 0.12127068614959713 0.27664083 0.27764085 "" "" 0.7485577242838769 "" 0.2071262373642958 ""
98.84750884507 -5.2222127884 0.0282 0.0307 122.975 "" "" 3103467467431337472 265.020996 3.7296 0.0352 -13.362 -14.542 0.037 0.041 0.967 3683.3 4.209 15.407356 1.989943 16.401154 14.411211 "" "" 262.732758 267.005554 12942.08158 5.224 3758.0 26.998 13636.0 27.259 "" "" 0.002789955860259065 0.008284099 0.0043582707 0.012642371 98.84750884507 -5.2222127884 265.020996 -13.361999999999993 -14.542 -8.659797203063965 -12.751729313850403 0.27564085 0.27964085 "" "" 19.363356557964334 "" 5.390459463020964 ""
95.46094292832 -4.97019761614 0.0774 0.0752 84.775 "" "" 3008395415692300672 325.790497 3.0387 0.1103 18.433 -66.18 0.098 0.099 2.95 4149.5 4.6843 15.413439 1.696802 16.185879 14.489077 "" "" 316.512817 336.990845 12869.78196 10.688 4582.1 10.93 12692.0 10.159 "" "" 0.002899104251897189 0.0038069063 0.003878012 0.007684918 95.46094292832 -4.97019761614 325.790497 18.433 -66.18 23.135202796936035 -64.38972931385041 0.33664083 0.33764085 "" "" 105.6571335163533 "" 35.66209979814309 ""
96.02554864754 -6.35793450969 0.0243 0.0256 110.4927 "" "" 3007910526767889536 280.039398 3.5326 0.0308 4.812 -10.646 0.032 0.032 1.006 3991.6 4.6622 15.422514 2.086867 16.480032 14.393165 27.03 6.13 277.357819 282.156464 12762.65705 5.0759 3494.7 9.5779 13864.0 17.124 "" "" 0.0027889518380245495 0.004079174 0.0040102503 0.008089424 96.02554864754 -6.35793450969 280.039398 4.812 -10.645999999999995 9.514202796936036 -8.855729313850404 0.27064085 0.27064085 4.208800000000004 8.768956 17.25316830444137 17.75910510080337 4.669412136265426 4.989756274614835
96.60697612926 -2.49363354961 0.0313 0.03 133.9164 "" "" 3117376843574525824 316.388977 3.1205 0.0374 14.388 -2.602 0.038 0.036 1.132 4195.6 4.664 15.427806 1.837281 16.331284 14.494002 "" "" 312.797607 320.232361 12700.60177 7.1689 4007.8 13.412 12634.0 16.503 "" "" 0.0028226533007879666 0.0045811087 0.004036719 0.008617828 96.60697612926 -2.49363354961 316.388977 14.387999999999998 -2.602 19.090202796936033 -0.8117293138504027 0.27664083 0.27464086 "" "" 28.65513628282454 "" 7.927077698368655 ""
95.09848071238 -6.12225014171 0.0256 0.0247 134.7942 "" "" 3008175852665308416 351.105896 2.7979 0.0348 -12.768 27.793 0.036 0.03 1.012 4339.6 4.6671 15.429397 1.676696 16.208796 14.5321 "" "" 347.556061 355.934174 12682.01365 4.2313 4486.4 24.675 12199.0 49.25 "" "" 0.002779031372127365 0.0065911957 0.0057877023 0.0123788975 95.09848071238 -6.12225014171 351.105896 -12.768000000000002 27.79300000000002 -8.065797203063966 29.583270686149596 0.27464086 0.26864085 "" "" 51.03085218315968 "" 13.730377077589129 ""
97.95394377255 -3.82266944362 0.0316 0.0318 84.6727 "" "" 3104966518395189504 298.760223 3.3012 0.0362 -17.157 7.607 0.038 0.034 1.098 3703.1 4.3866 15.433353 1.967239 16.399961 14.432722 "" "" 295.30072 301.864166 12635.88069 6.3702 3762.1 28.842 13368.0 66.441 "" "" 0.00280916192487608 0.008778949 0.0065881335 0.015367083 97.95394377255 -3.82266944362 298.760223 -17.156999999999986 7.606999999999997 -12.454797203063965 9.397270686149596 0.27664083 0.27264085 "" "" 22.094733294298436 "" 6.080393072375756 ""
98.16377454258 -4.32049036525 0.0268 0.0274 81.7273 "" "" 3104743283173088256 267.578308 3.6955 0.0312 -11.209 -0.084 0.034 0.03 0.997 4146.6 4.659 15.434579 1.993731 16.43788 14.444148 "" "" 265.609894 269.523956 12621.62666 6.5027 3633.0 11.016 13228.0 16.417 "" "" 0.0028115279234894874 0.004315491 0.004012411 0.008327901 98.16377454258 -4.32049036525 267.578308 -11.209000000000009 -0.08400000000000005 -6.5067972030639645 1.706270686149597 0.27264085 0.26864085 "" "" 8.531736432349673 "" 2.323919268813598 ""
98.41735399206 -5.58583267442 0.026 0.0261 107.0819 "" "" 3103430461989590784 358.695801 2.7447 0.031 -4.997 -1.26 0.033 0.03 0.964 4077.3 4.4706 15.434794 2.036418 16.463593 14.427175 "" "" 354.817444 362.17218 12619.11355 22.08 3548.0 34.049 13437.0 57.656 "" "" 0.003346760751406186 0.010786572 0.005998949 0.016785521 98.41735399206 -5.58583267442 358.695801 -4.9969999999999954 -1.260000000000001 -0.29479720306396473 0.5302706861495972 0.27164084 0.26864085 "" "" 1.031532830386363 "" 0.27784558268152465 ""
95.52995977398 -6.05897356423 0.0271 0.0285 113.1292 "" "" 3008167778129214976 319.10141 3.097 0.0359 -3.058 -8.347 0.035 0.036 1.054 3658.3 4.3159 15.435148 2.005935 16.444912 14.438977 "" "" 315.391602 323.581421 12615.00464 4.6892 3609.5 12.317 13291.0 17.919 "" "" 0.002784720939329136 0.0046380702 0.0040529524 0.008691022 95.52995977398 -6.05897356423 319.10141 -3.0580000000000016 -8.347 1.6442027969360353 -6.556729313850402 0.27364084 0.27464086 "" "" 10.224383690785643 "" 2.8074296314518996 ""
98.17574029621 -5.75705688816 0.0263 0.0279 100.7986 "" "" 3103327558868307712 361.964661 2.7217 0.0324 -0.065 -3.398 0.031 0.032 1.076 "" "" 15.440691 1.766157 16.289742 14.523584 "" "" 357.886749 365.58847 12550.77155 24.166 4164.1 9.6241 12295.0 119.84 "" "" 0.0034586341478791433 0.0037525916 0.011237341 0.014989933 98.17574029621 -5.75705688816 361.964661 -0.065 -3.398 4.637202796936035 -1.607729313850403 0.26964083 0.27064085 "" "" 8.420713302868764 "" 2.271473239841952 ""
96.07629031983 -5.14562998392 0.0352 0.0326 53.3333 "" "" 3104406592097102720 364.851685 2.6976 0.0422 29.54 5.785 0.042 0.04 1.42 "" "" 15.442383 1.87905 16.356825 14.477775 "" "" 359.998566 369.934235 12531.22469 6.9864 3914.6 10.531 12825.0 13.476 "" "" 0.0028210282493142352 0.004039345 0.0039478173 0.007987162 96.07629031983 -5.14562998392 364.851685 29.54 5.7849999999999975 34.242202796936034 7.575270686149597 0.28064084 0.27864084 "" "" 60.65015644432672 "" 17.015270529051847 ""
97.07350561925 -4.98887182811 0.0305 0.0331 21.1423 "" "" 3104238950932224512 315.667358 3.1238 0.0371 -4.949 -1.522 0.036 0.035 0.972 3862.2 4.4994 15.450546 2.136483 16.549145 14.412662 "" "" 311.851593 319.241394 12437.36103 20.542 3279.1 22.286 13617.0 54.98 "" "" 0.0032874769256082564 0.007888963 0.005788018 0.013676981 97.07350561925 -4.98887182811 315.667358 -4.948999999999996 -1.522 -0.2467972030639647 0.26827068614959715 0.27464086 0.27364084 "" "" 0.545424436918306 "" 0.1495006656135494 ""
95.80071211058 -3.12618354955 0.0288 0.0307 114.1652 "" "" 3116965935463479040 384.619873 2.5631 0.0366 -0.472 4.817 0.034 0.034 1.018 4472.3 4.6592 15.450883 1.561163 16.18249 14.621326 "" "" 379.75766 390.93689 12433.50875 5.29 4596.4 14.989 11236.0 16.68 "" "" 0.0027937749805704718 0.0045078853 0.004108722 0.008616608 95.80071211058 -3.12618354955 384.619873 -0.47200000000000014 4.817 4.230202796936036 6.607270686149597 0.27264085 0.27264085 "" "" 14.302974160773257 "" 3.8995750916531517 ""
96.76442397747 -3.69671991158 0.0301 0.0294 61.1459 "" "" 3116671025829180416 347.50293 2.8358 0.0348 -11.004 27.639 0.042 0.047 1.001 4180.2 4.651 15.452861 1.849711 16.358696 14.508985 "" "" 343.733429 351.875031 12410.87137 19.73 3907.9 32.562 12461.0 62.457 "" "" 0.0032513042534022523 0.009467232 0.006625577 0.016092809 96.76442397747 -3.69671991158 347.50293 -11.003999999999998 27.639000000000014 -6.301797203063964 29.429270686149597 0.28064084 0.28564084 "" "" 49.573739589290895 "" 14.149508152551356 ""
97.57000317516 -5.38319685342 0.027 0.0336 58.7272 "" "" 3104153670062138624 337.646606 2.9262 0.0383 5.908 -7.541 0.033 0.031 0.942 4391.9 4.6696 15.457895 1.73827 16.29479 14.55652 "" "" 333.417725 342.132324 12353.46594 5.7511 4144.8 19.288 11928.0 35.077 "" "" 0.0028012994773399737 0.0057717413 0.004947529 0.01071927 97.57000317516 -5.38319685342 337.646606 5.907999999999996 -7.5409999999999995 10.610202796936036 -5.750729313850403 0.27164084 0.26964083 "" "" 19.314876515497005 "" 5.237962880903438 ""
97.2311541971 -4.92244168932 0.0316 0.043 25.797 "" "" 3104323029213231488 308.27652 3.2102 0.0507 -4.807 -2.025 0.04 0.038 1.132 3710.2 4.3821 15.459377 2.177244 16.504826 14.327581 31.04 12.21 303.562439 313.474701 12336.61213 15.899 3415.8 59.38 14727.0 155.13 "" "" 0.0030902614779654185 0.019079471 0.012045119 0.03112459 97.2311541971 -4.92244168932 308.27652 -4.806999999999997 -2.024999999999999 -0.10479720306396523 -0.23472931385040274 0.27864084 0.27664083 8.218800000000002 14.848956 0.37562527508667426 8.22737915665031 0.10403852168870527 14.833473016679092
97.96450096316 -4.00705138717 0.0343 0.0347 78.7014 "" "" 3104771698676620160 343.983612 2.8595 0.0394 1.426 6.318 0.045 0.039 1.153 4246.9 4.6325 15.464541 1.826752 16.357271 14.53052 "" "" 339.796204 347.959808 12278.08751 5.1818 3913.0 15.844 12217.0 16.717 "" "" 0.0027931622134311314 0.0052068983 0.0040608984 0.009267797 97.96450096316 -4.00705138717 343.983612 1.426 6.318000000000004 6.128202796936035 8.108270686149597 0.28364086 0.27764085 "" "" 16.571582796400246 "" 4.637343162029982 ""
96.50070135512 -3.00696723417 0.0287 0.0305 104.466 "" "" 3117143918907759872 326.368896 3.0226 0.0346 16.095 -20.614 0.035 0.032 1.066 "" "" 15.467839 1.755508 16.31716 14.561651 "" "" 323.009705 329.963287 12240.83086 5.4426 4060.3 18.08 11871.0 17.405 "" "" 0.00279729052957494 0.0055820104 0.004100953 0.009682964 96.50070135512 -3.00696723417 326.368896 16.094999999999995 -20.613999999999987 20.797202796936034 -18.823729313850404 0.27364084 0.27064085 "" "" 43.39451641465912 "" 11.816066139054762 ""
95.6389311446 -6.54050760848 0.0277 0.0278 131.5718 "" "" 3007947364703456768 320.67746 3.0777 0.0376 29.477 0.733 0.04 0.041 0.96 "" "" 15.47153 1.804009 16.332104 14.528094 "" "" 316.830719 324.637604 12199.29167 4.2397 4004.8 19.489 12244.0 46.186 "" "" 0.0027810375022950962 0.0059751044 0.0055728974 0.011548001 95.6389311446 -6.54050760848 320.67746 29.477 0.733 34.17920279693604 2.5232706861495973 0.27864084 0.27964085 "" "" 52.09415101651958 "" 14.515840702485436 ""
96.35053448033 -6.90201350467 0.0515 0.0525 134.8181 "" "" 3007111220469499136 349.994507 2.8166 0.0682 6.336 -15.375 0.067 0.065 1.861 4169.4 4.657 15.477305 1.935353 16.43984 14.504487 "" "" 342.320251 359.65506 12134.57865 4.6586 3626.4 12.868 12513.0 13.465 "" "" 0.0027866706786746 0.004756886 0.0039558494 0.008712735 96.35053448033 -6.90201350467 349.994507 6.336 -15.375 11.038202796936035 -13.584729313850403 0.30564085 0.30364084 "" "" 29.038527447925627 "" 8.840424387330469 ""
98.42841000128 -3.80007052675 0.0356 0.0435 108.8826 "" "" 3104802210124058880 357.701874 2.7519 0.0537 -10.963 -5.225 0.043 0.039 1.2 4355.4 4.6684 15.478464 1.670652 16.27759 14.606937 "" "" 352.474548 363.365295 12121.62936 5.8158 4211.0 19.938 11386.0 23.835 "" "" 0.00280413074402955 0.0058490722 0.0044101602 0.0102592325 98.42841000128 -3.80007052675 357.701874 -10.963 -5.224999999999999 -6.260797203063964 -3.4347293138504025 0.28164086 0.27764085 "" "" 12.107741209933481 "" 3.3988917479888614 ""
98.60175576493 -4.59626397426 0.0276 0.0295 104.6892 "" "" 3104678102750247808 313.136108 3.1612 0.0327 -11.245 -2.803 0.034 0.036 0.944 4163.6 4.6503 15.478532 1.834359 16.375713 14.541354 "" "" 310.045807 316.583954 12120.87407 5.1573 3847.1 12.579 12095.0 16.421 "" "" 0.002793779644287272 0.0045153126 0.0040566744 0.008571987 98.60175576493 -4.59626397426 313.136108 -11.245 -2.8029999999999995 -6.542797203063964 -1.0127293138504028 0.27264085 0.27464086 "" "" 9.826890815295815 "" 2.679673410954052 ""
95.86723821479 -3.52647401407 0.0291 0.032 92.4784 "" "" 3116726924824136832 374.16507 2.6318 0.0383 -6.933 0.601 0.034 0.034 1.034 4403.6 4.6732 15.47904 1.665225 16.275345 14.61012 "" "" 368.567139 379.640991 12115.2077 4.9313 4219.7 15.912 11353.0 17.174 "" "" 0.0027905362864757885 0.004954533 0.004120835 0.009075368 95.86723821479 -3.52647401407 374.16507 -6.9330000000000025 0.601 -2.2307972030639647 2.391270686149597 0.27264085 0.27264085 "" "" 5.799953330031708 "" 1.5813042297574593 ""
95.70965344159 -4.5240881476 0.3533 0.359 69.4178 "" "" 3116504243658499328 377.227783 2.8108 0.4538 -2.01 4.047 0.462 0.413 14.91 6125.7 4.4623 15.479514 1.04706 15.838941 14.791881 "" "" 321.097015 447.773682 12109.91511 40.638 6307.3 13.496 9603.0 19.419 "" "" 0.004568006526383956 0.0036307422 0.0043708337 0.008001576 95.70965344159 -4.5240881476 377.227783 -2.0099999999999993 4.047 2.6922027969360354 5.837270686149597 0.70064086 0.65164083 "" "" 11.493995534332186 "" 7.591767195011277 ""
95.75768134423 -3.87176554807 0.0311 0.0311 82.7701 "" "" 3116610655767532032 369.414062 2.6682 0.0369 -29.243 -61.419 0.041 0.035 1.019 4273.1 4.6804 15.482349 1.566455 16.214035 14.64758 "" "" 365.633148 373.923431 12078.3335 5.3771 4464.8 18.376 10968.0 9.1816 "" "" 0.0027973953205139993 0.005268168 0.0038871355 0.009155303 95.75768134423 -3.87176554807 369.414062 -29.242999999999977 -61.419 -24.540797203063963 -59.6287293138504 0.27964085 0.27364084 "" "" 112.90819040197592 "" 30.995336026200686 ""
97.1628136479 -6.05601634321 0.0449 0.046 82.7219 "" "" 3103350786054951808 334.967316 2.949 0.0522 -7.955 -1.438 0.057 0.056 1.521 4115.9 4.6623 15.48795 1.786756 16.35339 14.566634 "" "" 329.943115 340.015717 12016.18604 16.533 3927.0 30.413 11817.0 56.776 "" "" 0.003134230625643924 0.008859417 0.006441734 0.015301151 97.1628136479 -6.05601634321 334.967316 -7.955 -1.437999999999999 -3.252797203063965 0.3522706861495972 0.29564086 0.29464084 "" "" 5.194810803315671 "" 1.5357381918834987 ""
96.44718994092 -4.51877508651 0.0329 0.0355 26.9999 "" "" 3104506441496338432 338.842133 2.9139 0.0428 9.668 -4.43 0.043 0.037 1.075 4271.1 4.681 15.492924 1.691482 16.304836 14.613354 "" "" 332.982483 344.840485 11961.27388 5.5915 4106.6 11.742 11319.0 17.558 "" "" 0.0028016766508607936 0.004174042 0.0041376594 0.008311702 96.44718994092 -4.51877508651 338.842133 9.668 -4.43 14.370202796936034 -2.6397293138504025 0.28164086 0.27564085 "" "" 23.46632539080013 "" 6.604527423446324 ""
