Clusters/NGC_2232/NGC_2232_members.tsv
# %ECSV 1.0
# ---
# datatype:
# - name: RA_ICRS_1
#   unit: deg
#   datatype: float64
#   format: '{:15.11f}'
#   description: Right ascension (ICRS) at Ep=2016.0 (ra)
#   meta: !!omap
#   - {ucd: POS_EQ_RA_MAIN}
#   - {width: 15}
#   - {precision: '11'}
# - name: DE_ICRS_1
#   unit: deg
#   datatype: float64
#   format: '{:15.11f}'
#   description: Declination (ICRS) at Ep=2016.0 (dec)
#   meta: !!omap
#   - {ucd: POS_EQ_DEC_MAIN}
#   - {width: 15}
#   - {precision: '11'}
# - name: e_RA_ICRS
#   unit: mas
#   datatype: float64
#   format: '{:7.4f}'
#   description: Standard error of right ascension (ra_error)
#   meta: !!omap
#   - {ucd: ERROR}
#   - {width: 7}
#   - {precision: '4'}
# - name: e_DE_ICRS
#   unit: mas
#   datatype: float64
#   format: '{:7.4f}'
#   description: Standard error of declination (dec_error)
#   meta: !!omap
#   - {ucd: ERROR}
#   - {width: 7}
#   - {precision: '4'}
# - name: _r_1
#   unit: ''
#   datatype: float64
#   format: '{:8.4f}'
#   description: Distance from center (096.85500621000-04.71180579000)[ICRS], at Epoch=J2016.0
#   meta: !!omap
#   - {ucd: POS_ANG_DIST_GENERAL}
#   - {width: 8}
#   - {precision: '4'}
# - name: HIP
#   datatype: int32
#   description: '? HIP cross-id number, van Leeuwen, Cat. I/311 (hip_original_ext_source_id)'
#   meta: !!omap
#   - {ucd: ID_NUMBER}
#   - {width: 6}
#   - values: {'null': -2147483648}
# - name: TYC2
#   datatype: string
#   description: Tycho-2 cross-id name, Hog et al., Cat. I/259 (tyc2_original_ext_source_id)
#   meta: !!omap
#   - {ucd: ID_CROSSID}
#   - {_votable_string_dtype: char}
# - name: Source
#   datatype: int64
#   description: Source identifier, identical to the Gaia-EDR3 source_id (id)
#   meta: !!omap
#   - {ucd: ID_MAIN}
#   - {width: 19}
# - name: rgeo
#   unit: pc
#   datatype: float64
#   format: '{:15.8f}'
#   description: '? Median of the geometric distance posterior (r_med_geo)'
#   meta: !!omap
#   - {ucd: PHYS_DISTANCE_TRUE}
#   - {width: 15}
#   - {precision: '8'}
#   - values: {'null': .nan}
# - name: Plx
#   unit: mas
#   datatype: float64
#   format: '{:9.4f}'
#   description: '? Parallax (parallax)'
#   meta: !!omap
#   - {ucd: POS_PARLX_TRIG}
#   - {width: 9}
#   - {precision: '4'}
#   - values: {'null': .nan}
# - name: e_Plx
#   unit: mas
#   datatype: float32
#   format: '{:7.4f}'
#   description: '? Standard error of parallax (parallax_error)'
#   meta: !!omap
#   - {ucd: ERROR}
#   - {width: 7}
#   - {precision: '4'}
#   - values: {'null': .nan}
# - name: pmRA
#   unit: mas / yr
#   datatype: float64
#   format: '{:9.3f}'
#   description: '? Proper motion in right ascension direction, pmRA*cosDE (pmra)'
#   meta: !!omap
#   - {ucd: POS_EQ_PMRA}
#   - {width: 9}
#   - {precision: '3'}
#   - values: {'null': .nan}
# - name: pmDE
#   unit: mas / yr
#   datatype: float64
#   format: '{:9.3f}'
#   description: '? Proper motion in declination direction (pmdec)'
#   meta: !!omap
#   - {ucd: POS_EQ_PMDEC}
#   - {width: 9}
#   - {precision: '3'}
#   - values: {'null': .nan}
# - name: e_pmRA
#   unit: mas / yr
#   datatype: float32
#   format: '{:6.3f}'
#   description: '? Standard error of proper motion in right ascension direction (pmra_error)'
#   meta: !!omap
#   - {ucd: ERROR}
#   - {width: 6}
#   - {precision: '3'}
#   - values: {'null': .nan}
# - name: e_pmDE
[...]
#         unit: &id001 !astropy.units.Unit {unit: deg}
#         value: !astropy.table.SerializedColumn {name: SkyCoord.dec}
#       distance: !astropy.table.SerializedColumn
#         __class__: astropy.coordinates.distances.Distance
#         unit: !astropy.units.Unit {unit: pc}
#         value: !astropy.table.SerializedColumn {name: SkyCoord.distance}
#       frame: icrs
#       obstime: !astropy.time.Time {format: jyear_str, in_subfmt: '*', jd1: 367701545.0, jd2: 0.0, out_subfmt: '*', precision: 3, scale: tt}
#       pm_dec: !astropy.table.SerializedColumn
#         __class__: astropy.units.quantity.Quantity
#         unit: !astropy.units.Unit {unit: mas / yr}
#         value: !astropy.table.SerializedColumn {name: SkyCoord.pm_dec}
#       pm_ra_cosdec: !astropy.table.SerializedColumn
#         __class__: astropy.units.quantity.Quantity
#         unit: !astropy.units.Unit {unit: mas / yr}
#         value: !astropy.table.SerializedColumn {name: SkyCoord.pm_ra_cosdec}
#       ra: !astropy.table.SerializedColumn
#         __class__: astropy.coordinates.angles.Longitude
#         unit: *id001
#         value: !astropy.table.SerializedColumn {name: SkyCoord.ra}
#         wrap_angle: !astropy.coordinates.Angle
#           unit: *id001
#           value: 360.0
#       representation_type: spherical
# schema: astropy-2.0
RA_ICRS_1 DE_ICRS_1 e_RA_ICRS e_DE_ICRS _r_1 HIP TYC2 Source rgeo Plx e_Plx pmRA pmDE e_pmRA e_pmDE RUWE Teff logg Gmag BP-RP BPmag RPmag RV e_RV b_rgeo B_rgeo FG e_FG FBP e_FBP FRP e_FRP RAVE5 RAVE6 e_Gmag e_BPmag e_RPmag e_BP-RP SkyCoord.ra SkyCoord.dec SkyCoord.distance SkyCoord.pm_ra_cosdec SkyCoord.pm_dec Pmemb
[from data line 120]
96.74301855074 -5.52979255093 0.0555 0.0581 49.5334 "" "" 3104179920902516352 319.990997 3.0781 0.0623 -4.777 -1.914 0.068 0.071 0.931 3476.9 4.4139 16.70551 2.676654 18.160017 15.483363 "" "" 313.100067 325.856659 3915.10135 4.4158 743.72 12.774 5079.4 26.311 "" "" 0.0030151965286614986 0.018855985 0.006775963 0.02563195 96.74301855074 -5.52979255093 319.990997 -4.777 -1.9139999999999997 0.9
96.61850412996 -4.44800604178 0.0527 0.0531 21.2274 "" "" 3104505857380683776 322.443207 3.0647 0.0633 -4.575 -1.798 0.059 0.056 1.033 3391.5 4.0832 16.72226 2.923731 18.402151 15.47842 "" "" 315.24707 330.627228 3855.16534 3.8499 595.05 12.429 5102.6 19.764 "" "" 0.002960978637616839 0.022849116 0.005654126 0.028503243 96.61850412996 -4.44800604178 322.443207 -4.575000000000001 -1.7979999999999998 1.0
96.91768933924 -4.71271965686 0.0578 0.0655 3.7487 "" "" 3104438787171978624 318.142365 3.129 0.0709 -4.75 -1.829 0.067 0.075 1.064 3408.3 4.1122 16.741726 2.81287 18.32837 15.515499 "" "" 311.846832 325.297699 3786.66295 7.705 636.9 11.031 4931.3 25.231 "" "" 0.003531638695336549 0.019010635 0.0067189024 0.025729537 96.91768933924 -4.71271965686 318.142365 -4.750000000000001 -1.8290000000000004 0.9
97.39186699581 -6.17440630249 0.0576 0.0612 93.4308 "" "" 3103333842406034944 315.255371 3.1422 0.0699 -4.866 -1.383 0.066 0.064 1.011 3417.2 4.2138 16.752375 2.77126 18.307196 15.535935 "" "" 308.399567 322.574402 3749.70523 7.6189 649.44 5.4063 4839.3 36.856 "" "" 0.0035296653148132783 0.009459144 0.009091707 0.01855085 97.39186699581 -6.17440630249 315.255371 -4.8660000000000005 -1.383 1.0
96.22465168195 -4.59433159291 0.0757 0.0703 38.3499 "" "" 3104499432109834368 318.330688 3.1115 0.0794 -4.545 -1.885 0.098 0.088 1.091 3418.2 4.2181 16.806808 2.753593 18.348213 15.59462 "" "" 310.343231 327.946747 3566.3472 5.1184 625.36 10.011 4584.7 20.394 "" "" 0.0031654237403493735 0.017603407 0.0061326385 0.023736045 96.22465168195 -4.59433159291 318.330688 -4.544999999999999 -1.8849999999999998 0.8
96.74235198063 -5.52974856893 0.0725 0.0731 49.5362 "" "" 3104179920902101120 318.113281 3.0842 0.079 -4.402 -1.49 0.084 0.084 1.108 "" "" 16.812847 2.706976 18.327549 15.620573 "" "" 312.114777 324.617615 3546.56569 5.1821 637.38 2.6677 4476.4 15.651 "" "" 0.0031793966515387202 0.005332478 0.005356687 0.010689165 96.74235198063 -5.52974856893 318.113281 -4.401999999999999 -1.4899999999999998 0.8
96.99242328361 -3.48819535313 0.0563 0.0604 73.8758 "" "" 3117055442582419840 319.535309 3.0966 0.0702 -4.962 -2.217 0.065 0.059 1.012 3380.1 4.4106 16.819675 2.773723 18.384947 15.611224 "" "" 311.782135 326.233032 3524.32742 7.916 604.56 12.559 4515.1 24.697 "" "" 0.0036795275233231007 0.022726776 0.007039422 0.029766198 96.99242328361 -3.48819535313 319.535309 -4.961999999999999 -2.217 0.8
96.91588405185 -4.48677671859 0.0565 0.0622 13.984 "" "" 3104549288091448192 314.934662 3.1518 0.0713 -4.836 -1.799 0.069 0.073 1.01 3393.4 4.0835 16.820038 2.852122 18.438692 15.58657 "" "" 309.476379 321.43045 3523.15522 6.8099 575.36 12.027 4618.8 25.205 "" "" 0.003463521901315265 0.022866484 0.0070276815 0.029894166 96.91588405185 -4.48677671859 314.934662 -4.835999999999999 -1.7990000000000002 1.0
97.01553916955 -5.52402450281 0.0554 0.0548 49.6684 "" "" 3104137551045470464 317.912842 3.0829 0.0647 -4.4 -2.131 0.071 0.065 0.986 3355.9 4.0292 16.854988 3.011764 18.602362 15.590598 "" "" 311.2547 324.954773 3411.54677 6.1329 494.85 7.4676 4601.7 25.126 "" "" 0.0033765922089580083 0.016620323 0.0070305285 0.023650851 97.01553916955 -5.52402450281 317.912842 -4.4 -2.1310000000000002 0.9
96.42960670915 -3.83407339809 0.0605 0.0602 58.4922 "" "" 3116646767853635200 318.547424 3.1085 0.0701 -4.643 -1.871 0.074 0.066 1.053 3405.3 4.2224 16.856455 2.830543 18.457415 15.626872 "" "" 312.464203 326.159851 3406.9435 4.7531 565.52 7.1633 4450.5 18.922 "" "" 0.003144234085803979 0.014032929 0.0059659723 0.0199989 96.42960670915 -3.83407339809 318.547424 -4.642999999999999 -1.871 1.0
96.50678414948 -4.8705476577 0.0621 0.0624 22.8954 "" "" 3104440814396743552 332.854034 2.9681 0.0706 -4.812 -1.612 0.074 0.07 1.043 "" "" 16.872938 2.824702 18.487213 15.662511 "" "" 322.965942 340.338409 3355.60731 4.8013 550.21 10.206 4306.8 18.874 "" "" 0.003163093424798216 0.020331984 0.0060764505 0.026408434 96.50678414948 -4.8705476577 332.854034 -4.812 -1.6119999999999999 0.9
96.45042020306 -4.51914148526 0.0609 0.0607 26.816 "" "" 3104506437197663232 319.633362 3.0843 0.0719 -4.759 -1.782 0.078 0.066 0.992 "" "" 16.934458 2.768491 18.494453 15.725963 "" "" 312.657562 326.052002 3170.76308 5.0686 546.56 8.5979 4062.3 20.302 "" "" 0.0032563908577952242 0.017306048 0.0066126203 0.02391867 96.45042020306 -4.51914148526 319.633362 -4.759 -1.782 1.0
96.47849147603 -3.55505403133 0.0753 0.0716 72.9709 "" "" 3116691328137573248 315.598145 3.154 0.0897 -4.859 -2.333 0.093 0.078 0.987 3375.3 4.4344 16.985834 2.705099 18.493479 15.78838 "" "" 305.845459 327.950012 3024.21876 4.4026 547.05 10.233 3835.4 16.712 "" "" 0.0031764864990443953 0.020500312 0.0060551604 0.026555471 96.47849147603 -3.55505403133 315.598145 -4.859 -2.333 0.9
