Clusters/NGC_2232/NGC_2232_stars_in_region.tsv
# %ECSV 1.0
# ---
# datatype:
# - name: RA_ICRS_1
#   unit: deg
#   datatype: float64
#   format: '{:15.11f}'
#   description: Right ascension (ICRS) at Ep=2016.0 (ra)
#   meta: !!omap
#   - {ucd: POS_EQ_RA_MAIN}
#   - {width: 15}
#   - {precision: '11'}
# - name: DE_ICRS_1
#   unit: deg
#   datatype: float64
#   format: '{:15.11f}'
#   description: Declination (ICRS) at Ep=2016.0 (dec)
#   meta: !!omap
#   - {ucd: POS_EQ_DEC_MAIN}
#   - {width: 15}
#   - {precision: '11'}
# - name: e_RA_ICRS
#   unit: mas
#   datatype: float64
#   format: '{:7.4f}'
#   description: Standard error of right ascension (ra_error)
#   meta: !!omap
#   - {ucd: ERROR}
#   - {width: 7}
#   - {precision: '4'}
# - name: e_DE_ICRS
#   unit: mas
#   datatype: float64
#   format: '{:7.4f}'
#   description: Standard error of declination (dec_error)
#   meta: !!omap
#   - {ucd: ERROR}
#   - {width: 7}
#   - {precision: '4'}
# - name: _r_1
#   unit: ''
#   datatype: float64
#   format: '{:8.4f}'
#   description: Distance from center (096.85500621000-04.71180579000)[ICRS], at Epoch=J2016.0
#   meta: !!omap
#   - {ucd: POS_ANG_DIST_GENERAL}
#   - {width: 8}
#   - {precision: '4'}
# - name: HIP
#   datatype: int32
#   description: '? HIP cross-id number, van Leeuwen, Cat. I/311 (hip_original_ext_source_id)'
#   meta: !!omap
#   - {ucd: ID_NUMBER}
#   - {width: 6}
#   - values: {'null': -2147483648}
# - name: TYC2
#   datatype: string
#   description: Tycho-2 cross-id name, Hog et al., Cat. I/259 (tyc2_original_ext_source_id)
#   meta: !!omap
#   - {ucd: ID_CROSSID}
#   - {_votable_string_dtype: char}
# - name: Source
#   datatype: int64
#   description: Source identifier, identical to the Gaia-EDR3 source_id (id)
#   meta: !!omap
#   - {ucd: ID_MAIN}
#   - {width: 19}
# - name: rgeo
#   unit: pc
#   datatype: float64
#   format: '{:15.8f}'
#   description: '? Median of the geometric distance posterior (r_med_geo)'
#   meta: !!omap
#   - {ucd: PHYS_DISTANCE_TRUE}
#   - {width: 15}
#   - {precision: '8'}
#   - values: {'null': .nan}
# - name: Plx
#   unit: mas
#   datatype: float64
#   format: '{:9.4f}'
#   description: '? Parallax (parallax)'
#   meta: !!omap
#   - {ucd: POS_PARLX_TRIG}
#   - {width: 9}
#   - {precision: '4'}
#   - values: {'null': .nan}
# - name: e_Plx
#   unit: mas
#   datatype: float32
#   format: '{:7.4f}'
#   description: '? Standard error of parallax (parallax_error)'
#   meta: !!omap
#   - {ucd: ERROR}
#   - {width: 7}
#   - {precision: '4'}
#   - values: {'null': .nan}
# - name: pmRA
#   unit: mas / yr
#   datatype: float64
#   format: '{:9.3f}'
#   description: '? Proper motion in right ascension direction, pmRA*cosDE (pmra)'
#   meta: !!omap
#   - {ucd: POS_EQ_PMRA}
#   - {width: 9}
#   - {precision: '3'}
#   - values: {'null': .nan}
# - name: pmDE
#   unit: mas / yr
#   datatype: float64
#   format: '{:9.3f}'
#   description: '? Proper motion in declination direction (pmdec)'
#   meta: !!omap
#   - {ucd: POS_EQ_PMDEC}
#   - {width: 9}
#   - {precision: '3'}
#   - values: {'null': .nan}
# - name: e_pmRA
#   unit: mas / yr
#   datatype: float32
#   format: '{:6.3f}'
#   description: '? Standard error of proper motion in right ascension direction (pmra_error)'
#   meta: !!omap
#   - {ucd: ERROR}
#   - {width: 6}
#   - {precision: '3'}
#   - values: {'null': .nan}
# - name: e_pmDE
[...]
#         value: !astropy.table.SerializedColumn {name: SkyCoord.dec}
#       distance: !astropy.table.SerializedColumn
#         __class__: astropy.coordinates.distances.Distance
#         unit: !astropy.units.Unit {unit: pc}
#         value: !astropy.table.SerializedColumn {name: SkyCoord.distance}
#       frame: icrs
#       obstime: !astropy.time.Time {format: jyear_str, in_subfmt: '*', jd1: 367701545.0, jd2: 0.0, out_subfmt: '*', precision: 3, scale: tt}
#       pm_dec: !astropy.table.SerializedColumn
#         __class__: astropy.units.quantity.Quantity
#         unit: !astropy.units.Unit {unit: mas / yr}
#         value: !astropy.table.SerializedColumn {name: SkyCoord.pm_dec}
#       pm_ra_cosdec: !astropy.table.SerializedColumn
#         __class__: astropy.units.quantity.Quantity
#         unit: !astropy.units.Unit {unit: mas / yr}
#         value: !astropy.table.SerializedColumn {name: SkyCoord.pm_ra_cosdec}
#       ra: !astropy.table.SerializedColumn
#         __class__: astropy.coordinates.angles.Longitude
#         unit: *id001
#         value: !astropy.table.SerializedColumn {name: SkyCoord.ra}
#         wrap_angle: !astropy.coordinates.Angle
#           unit: *id001
#           value: 360.0
#       representation_type: spherical
# schema: astropy-2.0
RA_ICRS_1 DE_ICRS_1 e_RA_ICRS e_DE_ICRS _r_1 HIP TYC2 Source rgeo Plx e_Plx pmRA pmDE e_pmRA e_pmDE RUWE Teff logg Gmag BP-RP BPmag RPmag RV e_RV b_rgeo B_rgeo FG e_FG FBP e_FBP FRP e_FRP RAVE5 RAVE6 e_Gmag e_BPmag e_RPmag e_BP-RP SkyCoord.ra SkyCoord.dec SkyCoord.distance SkyCoord.pm_ra_cosdec SkyCoord.pm_dec rmRA rmDE e_rmRA e_rmDE rRV e_rRV v_pec v_pec3d e_vpec e_vpec3d
[from data line 171]
98.03970742851 -4.18689067484 0.0137 0.0138 77.5509 "" 4806-862-1 3104759810207224832 366.096039 2.6926 0.0161 -7.648 1.465 0.016 0.014 0.86 6403.3 4.1255 11.334078 0.659592 11.582407 10.922815 20.55 0.73 363.819336 368.375885 551208.23514 135.75 318020.0 247.68 338870.0 133.11 "" "" 0.002768264420259844 0.0029154886 0.003803369 0.006718857 98.03970742851 -4.18689067484 366.096039 -7.647999999999998 1.4649999999999987 -2.9457972030639645 3.255270686149597 0.25464085 0.25264084 -2.2711999999999968 3.3689563 7.618422023169673 7.949761226798996 1.9315993482142175 2.0863677356837016
97.43208496358 -3.57925303063 0.0153 0.0158 76.2247 "" 4789-29-1 3105035340949854976 352.941406 2.794 0.0195 -4.725 -1.755 0.018 0.016 1.032 6373.9 4.2389 11.357656 0.619609 11.591031 10.971422 24.31 1.91 350.589233 355.703857 539366.96446 180.79 315500.0 204.17 324030.0 132.45 "" "" 0.002779250315218537 0.0028772755 0.00380535 0.0066826255 97.43208496358 -3.57925303063 352.941406 -4.725000000000003 -1.755 -0.02279720306396449 0.035270686149597275 0.25664085 0.25464085 1.4888000000000012 4.5489564 0.07025827265536981 1.4904568644803244 0.017932146053536387 4.543899631222952
96.94111951466 -4.70423826018 0.0143 0.0163 5.1693 "" "" 3104438817233616640 317.483002 3.1112 0.0186 -4.756 -2.16 0.018 0.019 0.922 6251.9 4.2735 11.373232 0.681757 11.634767 10.95301 25.17 2.39 315.76944 319.287506 531684.41041 246.24 303050.0 308.45 329580.0 310.49 "" "" 0.002800827826934839 0.0030010424 0.003915347 0.00691639 96.94111951466 -4.70423826018 317.483002 -4.756 -2.159999999999999 -0.05379720306396507 -0.369729313850403 0.25664085 0.25764084 2.348800000000004 5.0289564 0.5622533443934274 2.415158434405829 0.14484778852146635 4.890898009434799
98.14243892976 -3.16755952104 0.0155 0.0194 120.5127 "" 4802-945-1 3105164121249234560 307.501617 3.2156 0.0238 8.21 -8.883 0.018 0.016 0.959 "" "" 11.376041 0.672862 11.633463 10.960601 -2.12 1.08 305.162689 309.773224 530310.44644 161.2 303410.0 252.97 327280.0 153.1 "" "" 0.002775015688759899 0.0029333439 0.003813357 0.006746701 98.14243892976 -3.16755952104 307.501617 8.209999999999999 -8.883 12.912202796936036 -7.092729313850402 0.25664085 0.25464085 -24.9412 3.7189565 21.47273784198055 32.91112164406469 5.500857022771431 4.563348025981375
95.67434952103 -2.98291613324 0.0168 0.016 125.5223 "" "" 3116971639179604992 322.369568 3.0693 0.0187 4.421 -14.284 0.019 0.017 1.082 6402.1 4.2811 11.392535 0.63493 11.631932 10.997003 -11.61 0.95 320.159485 324.104065 522314.99565 183.84 303840.0 219.87 316490.0 176.08 "" "" 0.0027816949228602695 0.002898679 0.0038273497 0.006726029 95.67434952103 -2.98291613324 322.369568 4.421 -14.283999999999999 9.123202796936035 -12.493729313850404 0.25764084 0.25564083 -34.4312 3.5889564 23.638908090259253 41.76488368402005 6.059554339906671 4.529581952604572
96.04617208832 -3.45727527263 0.0234 0.0238 89.4928 "" "" 3116731013632385280 375.300232 2.6344 0.0284 3.323 -15.308 0.029 0.026 1.813 5663.9 4.0828 11.396269 0.954192 11.769005 10.814813 19.29 0.85 371.711365 379.41745 520521.93956 162.35 267800.0 229.35 374310.0 502.63 "" "" 0.0027760522496373774 0.0029410317 0.0040508434 0.0069918754 96.04617208832 -3.45727527263 375.300232 3.323 -15.308 8.025202796936036 -13.517729313850403 0.26764083 0.26464084 -3.5311999999999983 3.4889565 27.96549073988494 28.187551255165648 7.422765973458152 7.37724889076791
98.91531887772 -5.11103099785 0.0157 0.0159 125.4722 "" 4806-3321-1 3103847112477436928 310.69458 3.1807 0.0179 -1.647 1.01 0.021 0.02 0.966 6013.3 4.2059 11.402555 0.758919 11.701537 10.942618 47.29 0.4 309.309875 312.270142 517517.07922 150.4 284970.0 136.1 332740.0 118.29 "" "" 0.002773328629626098 0.0028379452 0.0037990406 0.0066369856 98.91531887772 -5.11103099785 310.69458 -1.647 1.01 3.055202796936035 2.800270686149597 0.25964084 0.25864086 24.4688 3.0389564 6.103377801025717 25.218512922495126 1.5819026461332353 2.9733633596254565
98.6563056214 -5.37086121269 0.0173 0.0186 114.6917 "" "" 3103458847433843584 364.692841 2.7074 0.0225 17.52 6.616 0.023 0.024 0.902 "" "" 11.404126 0.918222 11.778175 10.859954 41.14 0.47 361.808228 367.319458 516768.91864 128.01 265550.0 166.19 359070.0 193.51 "" "" 0.002768415356549931 0.0028717162 0.0038244082 0.0066961246 98.6563056214 -5.37086121269 364.692841 17.52 6.616000000000005 22.222202796936035 8.406270686149597 0.26164085 0.26264083 18.318800000000003 3.1089563 41.07091268711025 44.97108295774334 10.750978321733161 9.899922974148737
97.80922534827 -6.48609316376 0.0141 0.0144 120.746 "" 4810-742-1 3103263890277931520 345.283661 2.8613 0.0164 -13.567 -6.769 0.017 0.017 0.992 6049.2 4.121 11.41092 0.710939 11.68488 10.973941 41.71 1.03 343.404785 347.232452 513545.19647 143.44 289380.0 172.14 323280.0 180.46 "" "" 0.0027719589385444636 0.0028639452 0.0038276694 0.0066916146 97.80922534827 -6.48609316376 345.283661 -13.567000000000002 -6.769 -8.864797203063965 -4.978729313850403 0.25564083 0.25564083 18.888800000000003 3.6689563 16.640126239948522 25.173012666771204 4.253895759329448 3.9352621508391157
97.47657535489 -5.37745293661 0.0172 0.0219 54.5453 "" 4793-10-1 3104155315031782016 321.244202 3.0765 0.0247 -4.926 -1.987 0.022 0.022 1.091 5583.3 4.1395 11.414438 0.858652 11.755461 10.896809 18.74 4.28 318.879852 323.671295 511883.70287 1185.0 271160.0 2191.0 347080.0 2155.0 "" "" 0.0037295109201425647 0.009205871 0.0077284216 0.016934292 97.47657535489 -5.37745293661 321.244202 -4.925999999999999 -1.9869999999999999 -0.223797203063965 -0.19672931385040293 0.26064086 0.26064086 -4.081199999999999 6.9189568 0.45372198671987846 4.106343517197876 0.11825848863985018 6.876603765624443
96.27406031931 -3.58108566773 0.0161 0.0135 76.2319 "" 4789-615-1 3116713906782360064 340.297302 2.9024 0.0159 -1.582 -9.148 0.021 0.017 0.917 6223.4 4.2309 11.419858 0.651393 11.666541 11.015148 44.55 1.32 338.738556 341.861267 509335.19498 173.56 294310.0 237.28 311240.0 142.7 "" "" 0.002780048483109949 0.0029242574 0.0038120244 0.006736282 96.27406031931 -3.58108566773 340.297302 -1.5820000000000014 -9.148000000000007 3.1202027969360353 -7.3577293138504025 0.25964084 0.25564083 21.7288 3.9589562 12.891147634006762 25.265043771221894 3.3034154813804117 3.799198169880338
98.26365178695 -6.1805084454 0.0169 0.0173 121.8367 "" 4810-785-1 3103111637978336256 325.232117 3.0435 0.0192 22.194 -35.452 0.021 0.021 0.972 5803.8 4.0875 11.428562 0.799784 11.746356 10.946572 33.01 0.82 323.126831 327.019318 505267.95705 170.83 273450.0 154.71 331530.0 144.44 "" "" 0.002779665595656203 0.002856989 0.0038088693 0.0066658584 98.26365178695 -6.1805084454 325.232117 22.194 -35.452 26.896202796936034 -33.6617293138504 0.25964084 0.25964084 10.1888 3.4589562 66.42343336210801 67.20032845939373 17.246236211581667 17.054919726390214
96.80209364522 -4.71395967156 0.0138 0.016 3.1667 "" "" 3104439302568097536 355.313721 2.7739 0.0189 -19.428 -11.311 0.016 0.016 1.022 6259.6 4.1782 11.432485 0.743176 11.719994 10.976817 47.82 0.55 353.514069 357.918671 503446.20326 155.79 280170.0 119.97 322430.0 203.37 "" "" 0.0027757288418464522 0.0028286385 0.003840925 0.0066695632 96.80209364522 -4.71395967156 355.313721 -19.428 -11.310999999999996 -14.725797203063966 -9.520729313850403 0.25464085 0.25464085 24.998800000000003 3.1889563 29.533044013353503 38.692902322450244 7.520319355177067 6.098585841379678
95.57058557544 -4.29025487379 0.0148 0.0142 80.8838 "" 4792-451-1 3116523549535188608 260.596497 3.8 0.018 -12.307 -33.933 0.018 0.017 1.075 5960.8 4.3257 11.43462 0.784494 11.741215 10.95672 6.48 0.83 258.891479 261.95816 502456.70284 122.08 274750.0 166.88 328450.0 107.77 "" "" 0.002767919502591544 0.002867044 0.0037961348 0.006663179 95.57058557544 -4.29025487379 260.596497 -12.307000000000007 -33.933 -7.604797203063965 -32.1427293138504 0.25664085 0.25564083 -16.341199999999997 3.4689562 40.79969342239469 43.95053811731315 10.432234497793877 9.769851723847351
98.65472654461 -4.0303454435 0.0149 0.0174 115.1707 "" 4806-1221-1 3104736376865965568 378.354126 2.6001 0.0198 -3.926 2.029 0.02 0.019 0.894 "" "" 11.440923 0.579437 11.657145 11.077707 41.87 1.88 375.531586 381.645355 499548.44898 181.62 296860.0 159.21 293820.0 115.28 "" "" 0.002783452621699935 0.0028502834 0.0038033132 0.0066535966 98.65472654461 -4.0303454435 378.354126 -3.925999999999998 2.0289999999999995 0.776202796936035 3.819270686149597 0.25864086 0.25764084 19.0488 4.518956 6.9894978023756344 20.290634809424123 1.8010578380749551 4.287509873916789
94.80156861508 -4.63759996682 0.0182 0.0174 122.877 "" 4792-1886-1 3020478494427740160 367.119781 2.6771 0.0223 -6.688 2.413 0.025 0.024 1.237 6498.3 4.2645 11.468431 0.618161 11.697736 11.079575 22.65 3.94 363.279083 370.532318 487050.65833 209.64 285970.0 140.42 293310.0 107.02 "" "" 0.0027946712481297328 0.002840647 0.0038000874 0.006640734 94.80156861508 -4.63759996682 367.119781 -6.688000000000002 2.4130000000000016 -1.9857972030639646 4.203270686149597 0.26364085 0.26264083 -0.1711999999999989 6.5789566 8.08951161451784 8.091322982146925 2.1261145102092063 2.1301915524801185
97.50485240324 -4.85885270271 0.019 0.0195 39.844 "" 4806-946-1 3104327358540108800 378.404816 2.603 0.0221 0.609 -3.618 0.024 0.021 1.207 6388.5 4.1645 11.470142 0.656133 11.716335 11.060203 33.27 6.99 375.453766 381.428284 486283.72155 179.43 281110.0 271.95 298590.0 182.35 "" "" 0.002784292289920039 0.002981325 0.0038371056 0.0068184305 97.50485240324 -4.85885270271 378.404816 0.609 -3.618000000000002 5.311202796936035 -1.8277293138504027 0.26264083 0.25964084 10.448800000000006 9.628956 10.074674601880163 14.514699093462783 2.642837058854997 7.1702855431478385
95.40579835759 -3.78377471757 0.0173 0.0161 103.0512 "" 4792-181-1 3116622303718910592 364.099121 2.7065 0.0194 -1.557 5.259 0.023 0.02 0.997 "" "" 11.470772 0.712163 11.626487 10.914324 43.87 4.16 361.884064 366.404724 486001.93904 342.24 305370.0 5884.4 341530.0 11690.0 "" "" 0.0028594328400572337 0.021107081 0.03735461 0.058461692 95.40579835759 -3.78377471757 364.099121 -1.5569999999999995 5.259000000000001 3.145202796936035 7.0492706861495975 0.26164085 0.25864086 21.0488 6.798956 13.32185452474839 24.91031492010005 3.452242998272186 6.034372732975152
96.47966787065 -5.55323119316 0.0191 0.0186 55.2439 "" 4793-1242-1 3008105316420310144 288.617035 3.4299 0.0231 52.094 6.295 0.024 0.022 1.302 5845.3 4.2686 11.483347 0.751171 11.774433 11.023262 77.28 1.23 286.618134 290.492035 480405.35847 158.76 266470.0 116.79 308930.0 117.12 "" "" 0.002778584146274326 0.002830458 0.0038017307 0.006632189 96.47966787065 -5.55323119316 288.617035 52.094 6.295 56.796202796936036 8.085270686149597 0.26264083 0.26064086 54.458800000000004 3.8689563 78.48309782805198 95.52673731541122 20.609760167163326 17.075669168265936
97.41337315684 -5.675302959 0.0825 0.0799 66.7468 "" 4797-1780-1 3103390570333078016 345.775177 2.8419 0.1018 7.341 -12.356 0.121 0.12 5.0 5779.2 3.9299 11.499261 0.804274 11.81243 11.008157 60.8 0.56 334.080017 356.232666 473415.42443 151.7 257300.0 181.12 313250.0 112.52 "" "" 0.002777198424807894 0.0028929512 0.0037994506 0.006692402 97.41337315684 -5.675302959 345.775177 7.341000000000002 -12.356 12.043202796936036 -10.565729313850403 0.35964084 0.35864085 37.9788 3.1989563 26.258055380417424 46.1722289022424 9.432057753071879 5.974621604651792
95.87838903111 -6.22634820753 0.0297 0.0311 107.9817 "" 4797-1770-1 3007960279668411264 333.155273 2.9597 0.0398 12.955 -2.356 0.039 0.038 2.391 6037.5 4.2069 11.520711 0.719303 11.787335 11.068032 7.0 0.59 329.600891 336.59375 464154.45132 242.1 263320.0 121.73 296450.0 94.41 "" "" 0.002812916612297794 0.0028349562 0.003795166 0.006630122 95.87838903111 -6.22634820753 333.155273 12.955 -2.356 17.657202796936033 -0.5657293138504027 0.27764085 0.27664083 -15.821199999999997 3.2289562 27.89778563950655 32.071744776794695 7.745536342303171 6.9232287897777995
97.13333973313 -4.23775096815 0.0562 0.0541 32.9577 "" "" 3104585468895756928 300.247528 3.3029 0.0593 -5.29 0.553 0.067 0.068 3.098 6146.9 4.2371 11.537533 0.778502 11.840396 11.061893 16.07 10.66 294.976868 304.80188 457018.37038 446.6 250760.0 815.59 298130.0 649.78 "" "" 0.0029525377560137606 0.0045005907 0.004459091 0.008959682 97.13333973313 -4.23775096815 300.247528 -5.290000000000004 0.5529999999999999 -0.5877972030639649 2.343270686149597 0.30564085 0.30664086 -6.751199999999997 13.298956 3.4382002257598345 7.576273637641062 1.0540894595364498 11.860319651590986
96.83209411891 -3.52167832798 0.014 0.0145 71.4208 "" "" 3116683498414152192 358.22171 2.7474 0.0181 2.714 -44.971 0.018 0.018 0.936 6014.3 4.0717 11.542369 0.708842 11.814522 11.10568 -21.35 1.01 355.676147 360.889221 454987.13889 104.47 256810.0 143.38 286340.0 127.97 "" "" 0.002766575196897661 0.0028552585 0.0038104039 0.0066656624 96.83209411891 -3.52167832798 358.22171 2.7139999999999995 -44.971000000000004 7.416202796936036 -43.1807293138504 0.25664085 0.25664085 -44.1712 3.6489563 74.39313105018336 86.51839606054746 19.092316498295332 16.521956447007476
96.17318960165 -3.39514970781 0.0156 0.0148 88.9157 "" "" 3116755069748467328 339.521301 2.9018 0.0181 -1.544 -16.075 0.019 0.017 1.144 6192.7 4.2786 11.553459 0.682547 11.816341 11.133795 24.69 1.83 337.323608 341.892029 450363.52008 179.03 256380.0 225.5 279020.0 197.53 "" "" 0.0027889196236347124 0.002949068 0.0038567516 0.0068058195 96.17318960165 -3.39514970781 339.521301 -1.5440000000000003 -16.074999999999985 3.158202796936035 -14.284729313850402 0.25764084 0.25564083 1.8688000000000038 4.4689565 23.544008034523937 23.61805935655442 6.021012471609168 6.0125416623018095
98.17004495477 -3.82869587203 0.0255 0.0245 94.8605 "" 4806-118-1 3104798666771650176 273.43222 3.6202 0.0297 1.985 42.356 0.03 0.028 1.581 6006.7 4.2759 11.558869 0.745426 11.843946 11.09852 62.56 1.87 271.544739 275.422516 448124.79054 117.8 249940.0 138.25 288240.0 109.86 "" "" 0.0027700629615863255 0.00285407 0.0038019696 0.0066560395 98.17004495477 -3.82869587203 273.43222 1.9850000000000005 42.356 6.6872027969360355 44.1462706861496 0.26864085 0.26664084 39.738800000000005 4.5089564 57.86931458086833 70.19992731833489 15.432928416888753 12.975655661903764
96.82200453024 -5.22638566115 0.0159 0.0151 30.9377 "" 4793-1120-1 3104205755125871360 372.447205 2.6465 0.018 -8.49 -6.764 0.019 0.017 1.019 5961.3 4.0059 11.562534 0.76264 11.859773 11.097133 -14.47 0.68 369.855408 375.300385 446614.70603 92.364 246320.0 149.85 288610.0 178.45 "" "" 0.002764454319846631 0.0028672854 0.003838541 0.006705826 96.82200453024 -5.22638566115 372.447205 -8.49 -6.764000000000001 -3.787797203063965 -4.973729313850403 0.25764084 0.25564083 -37.291199999999996 3.3189564 11.036980907273891 38.890211428938365 2.829625907883962 3.2822472451679565
98.73800307868 -5.77214894092 0.016 0.0167 129.2482 "" 4810-501-1 3103225407370779392 357.639496 2.7537 0.0195 -5.06 -1.387 0.02 0.017 1.013 6172.4 4.183 11.575263 0.693606 11.843132 11.149526 30.18 1.31 354.942078 359.700806 441409.25112 321.8 250130.0 442.48 275010.0 348.7 "" "" 0.0028667601137254304 0.003387331 0.004022304 0.007409635 98.73800307868 -5.77214894092 357.639496 -5.059999999999999 -1.387 -0.35779720306396445 0.40327068614959716 0.25864086 0.25564083 7.358800000000002 3.9489563 0.913915523996762 7.415334046757591 0.23484571805373 3.918956539813257
