Clusters/NGC_2232/NGC_2232_members.tsv
# %ECSV 1.0
# ---
# datatype:
# - name: RA_ICRS_1
#   unit: deg
#   datatype: float64
#   format: '{:15.11f}'
#   description: Right ascension (ICRS) at Ep=2016.0 (ra)
#   meta: !!omap
#   - {ucd: POS_EQ_RA_MAIN}
#   - {width: 15}
#   - {precision: '11'}
# - name: DE_ICRS_1
#   unit: deg
#   datatype: float64
#   format: '{:15.11f}'
#   description: Declination (ICRS) at Ep=2016.0 (dec)
#   meta: !!omap
#   - {ucd: POS_EQ_DEC_MAIN}
#   - {width: 15}
#   - {precision: '11'}
# - name: e_RA_ICRS
#   unit: mas
#   datatype: float64
#   format: '{:7.4f}'
#   description: Standard error of right ascension (ra_error)
#   meta: !!omap
#   - {ucd: ERROR}
#   - {width: 7}
#   - {precision: '4'}
# - name: e_DE_ICRS
#   unit: mas
#   datatype: float64
#   format: '{:7.4f}'
#   description: Standard error of declination (dec_error)
#   meta: !!omap
#   - {ucd: ERROR}
#   - {width: 7}
#   - {precision: '4'}
# - name: _r_1
#   unit: ''
#   datatype: float64
#   format: '{:8.4f}'
#   description: Distance from center (096.85500621000-04.71180579000)[ICRS], at Epoch=J2016.0
#   meta: !!omap
#   - {ucd: POS_ANG_DIST_GENERAL}
#   - {width: 8}
#   - {precision: '4'}
# - name: HIP
#   datatype: int32
#   description: '? HIP cross-id number, van Leeuwen, Cat. I/311 (hip_original_ext_source_id)'
#   meta: !!omap
#   - {ucd: ID_NUMBER}
#   - {width: 6}
#   - values: {'null': -2147483648}
# - name: TYC2
#   datatype: string
#   description: Tycho-2 cross-id name, Hog et al., Cat. I/259 (tyc2_original_ext_source_id)
#   meta: !!omap
#   - {ucd: ID_CROSSID}
#   - {_votable_string_dtype: char}
# - name: Source
#   datatype: int64
#   description: Source identifier, identical to the Gaia-EDR3 source_id (id)
#   meta: !!omap
#   - {ucd: ID_MAIN}
#   - {width: 19}
# - name: rgeo
#   unit: pc
#   datatype: float64
#   format: '{:15.8f}'
#   description: '? Median of the geometric distance posterior (r_med_geo)'
#   meta: !!omap
#   - {ucd: PHYS_DISTANCE_TRUE}
#   - {width: 15}
#   - {precision: '8'}
#   - values: {'null': .nan}
# - name: Plx
#   unit: mas
#   datatype: float64
#   format: '{:9.4f}'
#   description: '? Parallax (parallax)'
#   meta: !!omap
#   - {ucd: POS_PARLX_TRIG}
#   - {width: 9}
#   - {precision: '4'}
#   - values: {'null': .nan}
# - name: e_Plx
#   unit: mas
#   datatype: float32
#   format: '{:7.4f}'
#   description: '? Standard error of parallax (parallax_error)'
#   meta: !!omap
#   - {ucd: ERROR}
#   - {width: 7}
#   - {precision: '4'}
#   - values: {'null': .nan}
# - name: pmRA
#   unit: mas / yr
#   datatype: float64
#   format: '{:9.3f}'
#   description: '? Proper motion in right ascension direction, pmRA*cosDE (pmra)'
#   meta: !!omap
#   - {ucd: POS_EQ_PMRA}
#   - {width: 9}
#   - {precision: '3'}
#   - values: {'null': .nan}
# - name: pmDE
#   unit: mas / yr
#   datatype: float64
#   format: '{:9.3f}'
#   description: '? Proper motion in declination direction (pmdec)'
#   meta: !!omap
#   - {ucd: POS_EQ_PMDEC}
#   - {width: 9}
#   - {precision: '3'}
#   - values: {'null': .nan}
# - name: e_pmRA
#   unit: mas / yr
#   datatype: float32
#   format: '{:6.3f}'
#   description: '? Standard error of proper motion in right ascension direction (pmra_error)'
#   meta: !!omap
#   - {ucd: ERROR}
#   - {width: 6}
#   - {precision: '3'}
#   - values: {'null': .nan}
# - name: e_pmDE
[...]
#         unit: &id001 !astropy.units.Unit {unit: deg}
#         value: !astropy.table.SerializedColumn {name: SkyCoord.dec}
#       distance: !astropy.table.SerializedColumn
#         __class__: astropy.coordinates.distances.Distance
#         unit: !astropy.units.Unit {unit: pc}
#         value: !astropy.table.SerializedColumn {name: SkyCoord.distance}
#       frame: icrs
#       obstime: !astropy.time.Time {format: jyear_str, in_subfmt: '*', jd1: 367701545.0, jd2: 0.0, out_subfmt: '*', precision: 3, scale: tt}
#       pm_dec: !astropy.table.SerializedColumn
#         __class__: astropy.units.quantity.Quantity
#         unit: !astropy.units.Unit {unit: mas / yr}
#         value: !astropy.table.SerializedColumn {name: SkyCoord.pm_dec}
#       pm_ra_cosdec: !astropy.table.SerializedColumn
#         __class__: astropy.units.quantity.Quantity
#         unit: !astropy.units.Unit {unit: mas / yr}
#         value: !astropy.table.SerializedColumn {name: SkyCoord.pm_ra_cosdec}
#       ra: !astropy.table.SerializedColumn
#         __class__: astropy.coordinates.angles.Longitude
#         unit: *id001
#         value: !astropy.table.SerializedColumn {name: SkyCoord.ra}
#         wrap_angle: !astropy.coordinates.Angle
#           unit: *id001
#           value: 360.0
#       representation_type: spherical
# schema: astropy-2.0
RA_ICRS_1 DE_ICRS_1 e_RA_ICRS e_DE_ICRS _r_1 HIP TYC2 Source rgeo Plx e_Plx pmRA pmDE e_pmRA e_pmDE RUWE Teff logg Gmag BP-RP BPmag RPmag RV e_RV b_rgeo B_rgeo FG e_FG FBP e_FBP FRP e_FRP RAVE5 RAVE6 e_Gmag e_BPmag e_RPmag e_BP-RP SkyCoord.ra SkyCoord.dec SkyCoord.distance SkyCoord.pm_ra_cosdec SkyCoord.pm_dec Pmemb
96.64349548113 -4.59740581357 0.0466 0.0588 14.3912 30660 4793-2714-1 3104456035760691328 354.866577 2.8143 0.0654 -4.503 -1.883 0.058 0.072 1.083 14031.2 3.7569 6.13124 -0.208091 6.05151 6.259601 "" "" 345.807861 363.72644 66443217.80681 40051.0 51858000.0 143420.0 24850000.0 52142.0 "" "" 0.002831980758803412 0.0040989653 0.00441291 0.008511875 96.64349548113 -4.59740581357 354.866577 -4.503 -1.8830000000000002 1.0
95.77544394583 -3.5157856777 0.0427 0.0468 96.5586 30356 4789-3299-1 3116727478879461760 299.443817 3.3184 0.0494 -4.371 -2.034 0.05 0.048 1.109 13346.7 3.8983 7.183027 -0.163555 7.113773 7.277328 "" "" 295.045746 304.787292 25219475.81159 15119.0 19494000.0 20924.0 9732600.0 17084.0 "" "" 0.00283115778417675 0.0030237662 0.0042327214 0.0072564874 95.77544394583 -3.5157856777 299.443817 -4.371 -2.034 0.8
97.9003612542 -5.36874267961 0.037 0.0359 73.8728 31101 4806-2570-1 3103496986743128576 331.324066 2.9966 0.0389 -5.225 -1.548 0.048 0.046 1.055 12736.3 4.016 7.441726 -0.103611 7.392321 7.495932 "" "" 327.588348 335.456268 19872678.9949 9614.4 15083000.0 14236.0 7957700.0 5186.2 "" "" 0.0028049434033035935 0.0029724052 0.0038450514 0.0068174563 97.9003612542 -5.36874267961 331.324066 -5.225 -1.548 1.0
97.04483899406 -4.89903757951 0.0369 0.0381 15.9694 30789 4793-2646-1 3104244792087711360 310.678406 3.1836 0.0448 -4.289 -1.503 0.042 0.045 1.077 "" "" 7.942313 -0.141624 7.877803 8.019427 24.74 1.02 306.58847 314.300537 12532034.19041 9105.7 9644900.0 14773.0 4913500.0 6695.9 "" "" 0.0028660313560922965 0.0032481772 0.0040586847 0.0073068617 97.04483899406 -4.89903757951 310.678406 -4.289 -1.5029999999999997 0.8
96.53327612756 -4.62824214849 0.0268 0.0267 19.8823 "" 4793-1929-1 3104454901888804864 318.772003 3.1109 0.0319 -4.338 -1.981 0.032 0.032 0.941 11360.3 4.0404 8.411257 -0.044004 8.382252 8.426256 16.32 5.35 316.195435 322.074615 8136621.47195 4260.9 6060600.0 3584.4 3378000.0 1417.7 "" "" 0.0028133712194851187 0.0028631072 0.0038067522 0.0066698594 96.53327612756 -4.62824214849 318.772003 -4.338 -1.9810000000000003 0.9
96.74364534551 -4.62506152319 0.0242 0.0254 8.4521 "" 4793-2450-1 3104452634146955520 316.917267 3.1297 0.0295 -4.515 -1.43 0.027 0.026 0.989 "" "" 8.477469 -0.061204 8.444156 8.50536 20.48 3.77 313.478973 319.499176 7655241.5884 3145.2 5724700.0 2880.7 3140600.0 1128.7 "" "" 0.0027911964488981163 0.0028431574 0.0037994718 0.0066426294 96.74364534551 -4.62506152319 316.917267 -4.514999999999999 -1.4299999999999997 1.0
97.08933736964 -3.46106959647 0.0262 0.0281 76.3433 "" 4789-1071-1 3117056473374538368 317.298218 3.1336 0.0345 -4.473 -2.121 0.029 0.027 1.081 10861.3 4.0619 8.638803 -0.045496 8.61359 8.659086 18.1 2.25 313.700317 320.271271 6598205.43632 2298.3 4897600.0 3608.7 2726000.0 1681.2 "" "" 0.0027811533366823536 0.0029025942 0.0038382413 0.0067408355 97.08933736964 -3.46106959647 317.298218 -4.473000000000001 -2.1210000000000004 0.9
95.74648390363 -4.18710347585 0.0278 0.0269 73.4045 "" 4793-1035-1 3116548980037720448 319.791534 3.1167 0.0324 -4.378 -1.929 0.032 0.03 1.35 11331.8 4.1347 8.666512 0.073534 8.681256 8.607722 "" "" 316.093445 322.585114 6431937.41802 2776.9 4601700.0 3044.8 2858000.0 1159.6 "" "" 0.002794909199173599 0.0028811705 0.003804969 0.0066861394 95.74648390363 -4.18710347585 319.791534 -4.377999999999999 -1.929 1.0
96.99582313064 -4.79594961831 0.0258 0.0283 9.8175 "" 4793-2717-1 3104434286046640128 315.658936 3.1487 0.0343 -4.627 -1.668 0.032 0.03 1.001 11279.7 4.2846 8.719408 -0.059426 8.689353 8.748779 26.75 1.33 312.019379 319.008453 6126094.06195 2350.3 4567500.0 3544.1 2509800.0 1015.8 "" "" 0.0027866289218364064 0.002914583 0.003804843 0.0067194263 96.99582313064 -4.79594961831 315.658936 -4.627 -1.6680000000000001 0.9
97.0961715268 -5.03398427228 0.022 0.0246 24.1152 "" 4793-594-1 3104226817645484672 320.94043 3.0922 0.0291 -4.702 -1.676 0.027 0.026 1.162 10322.1 4.2561 8.908634 0.125926 8.944067 8.818141 "" "" 318.201019 323.470795 5146276.04952 2268.2 3612400.0 3506.8 2354500.0 1129.8 "" "" 0.0027965664571261957 0.0029826094 0.003815122 0.0067977314 97.0961715268 -5.03398427228 320.94043 -4.701999999999999 -1.676 0.9
97.19642553189 -4.33636074857 0.0213 0.0219 30.4053 "" 4793-1009-1 3104557568788221312 310.543945 3.1912 0.0244 -4.697 -1.657 0.025 0.024 1.082 10196.9 4.2802 9.2589 0.033072 9.262634 9.229562 "" "" 308.141754 312.965668 3727236.3191 1254.2 2693800.0 1675.8 1611900.0 580.54 "" "" 0.0027794364493029596 0.0028707588 0.0037995575 0.006670316 97.19642553189 -4.33636074857 310.543945 -4.697 -1.6569999999999998 1.0
97.02566057253 -4.7535568796 0.0217 0.0239 10.5073 "" "" 3104528363011016064 318.22998 3.1227 0.0289 -4.985 -1.682 0.026 0.025 1.16 10132.3 4.2569 9.307261 0.059671 9.322836 9.263165 16.79 2.21 315.168243 320.750885 3564856.8835 1567.0 2548500.0 1860.5 1562800.0 541.46 "" "" 0.0027963480600390832 0.0029005702 0.0037980564 0.0066986266 97.02566057253 -4.7535568796 318.22998 -4.985 -1.682 1.0
96.96878595647 -4.76688453479 0.0197 0.0203 7.5636 "" "" 3104434629643640448 318.751343 3.1106 0.0246 -4.87 -1.655 0.025 0.023 0.999 10164.4 4.2525 9.32056 0.045418 9.329199 9.283781 26.38 8.27 316.457458 320.742615 3521457.17574 1288.1 2533600.0 2057.0 1533400.0 824.96 "" "" 0.0027837951212794807 0.002926104 0.0038242545 0.0067503583 96.96878595647 -4.76688453479 318.751343 -4.869999999999999 -1.6549999999999998 1.0
96.78174580694 -4.54655413411 0.0147 0.0146 10.84 "" 4793-1812-1 3104547329586441344 319.308594 3.1078 0.0173 -4.606 -1.942 0.017 0.016 0.986 9579.2 4.3245 9.585417 0.176659 9.640835 9.464176 26.03 3.84 317.072845 321.171051 2759180.12706 798.61 1901400.0 1120.2 1298600.0 369.22 "" "" 0.0027731830345014185 0.0028625526 0.003791968 0.0066545205 96.78174580694 -4.54655413411 319.308594 -4.606 -1.9419999999999997 1.0
96.28295189335 -4.85831229973 0.0166 0.0171 35.3151 "" 4793-2457-1 3104421710381742720 315.039764 3.1516 0.02 -4.691 -1.558 0.02 0.02 1.007 8703.2 4.2498 9.68724 0.172823 9.742232 9.569409 20.31 2.91 313.15097 316.971832 2512181.01062 867.63 1731900.0 1252.8 1178700.0 499.31 "" "" 0.0027807192049426866 0.0028985995 0.0038072644 0.006705864 96.28295189335 -4.85831229973 315.039764 -4.691 -1.5579999999999998 1.0
97.56856400781 -5.2603707704 0.0185 0.0201 53.8745 "" 4806-1854-1 3104158476127719680 324.865997 3.0578 0.0231 -4.694 -1.71 0.023 0.022 1.119 9111.7 4.36 9.819881 0.194742 9.883362 9.68862 22.82 3.12 322.721832 327.222107 2223282.50116 735.57 1520800.0 1023.7 1056100.0 577.49 "" "" 0.0027786371379054926 0.0028842993 0.003825729 0.0067100283 97.56856400781 -5.2603707704 324.865997 -4.694 -1.71 0.9
97.8863760435 -5.12107695122 0.0142 0.0152 66.3647 "" 4806-1628-1 3104257505192782848 328.793732 3.0208 0.0178 -5.327 -1.929 0.017 0.017 1.147 6842.3 4.1225 10.586775 0.54026 10.783345 10.243085 24.45 2.32 327.169556 331.055511 1097076.1958 222.13 663860.0 320.93 633760.0 175.8 "" "" 0.0027640760414612093 0.0028391099 0.003791363 0.006630473 97.8863760435 -5.12107695122 328.793732 -5.327 -1.9289999999999998 1.0
96.9888278632 -4.71222598013 0.0151 0.016 8.0022 "" 4793-2291-1 3104529462522483968 316.164429 3.132 0.0194 -4.676 -1.349 0.018 0.019 1.243 6362.5 4.0661 10.632432 0.659042 10.883891 10.224849 "" "" 314.38382 317.88797 1051898.55495 285.4 605150.0 452.39 644490.0 287.89 "" "" 0.0027710227770329217 0.0029058286 0.0038103731 0.006716202 96.9888278632 -4.71222598013 316.164429 -4.675999999999999 -1.3489999999999998 0.9
97.05564898048 -4.83337917504 0.0152 0.0143 14.0404 "" "" 3104246372635640576 317.009735 3.1329 0.0181 -4.95 -1.95 0.017 0.016 1.114 6902.6 4.2513 10.713818 0.528614 10.908207 10.379593 24.53 2.19 315.104431 318.806702 975932.05146 255.46 591740.0 346.49 558880.0 192.25 "" "" 0.0027699386929294903 0.0028616816 0.0037977912 0.006659473 97.05564898048 -4.83337917504 317.009735 -4.950000000000001 -1.95 1.0
98.31153602276 -4.67087800715 0.0162 0.0182 87.1336 "" 4806-1921-1 3104673739063549440 314.015808 3.1585 0.0198 -5.141 -1.801 0.02 0.019 1.281 6354.8 4.11 10.826959 0.65489 11.074403 10.419513 12.22 4.1 312.055145 316.374847 879353.17462 148.74 507760.0 239.0 538710.0 307.74 "" "" 0.002761433756031379 0.002836586 0.0038299365 0.0066665225 98.31153602276 -4.67087800715 314.015808 -5.141000000000002 -1.8009999999999997 1.0
96.03531574729 -5.3519886515 0.0155 0.0147 62.2542 "" 4793-730-1 3008314120552025856 316.582245 3.1274 0.0194 -4.429 -1.631 0.02 0.018 1.159 6620.3 4.2675 11.011015 0.584297 11.226715 10.642418 31.14 2.7 314.66394 318.699829 742234.00974 144.24 441300.0 196.09 438720.0 174.58 "" "" 0.0027633869941171923 0.0028315717 0.0038039968 0.0066355686 96.03531574729 -5.3519886515 316.582245 -4.429 -1.631 1.0
96.81019407244 -5.30216274857 0.0154 0.0154 35.5225 "" 4793-482-1 3104193321200477184 320.290375 3.0857 0.0183 -4.482 -1.517 0.02 0.018 0.857 6311.1 4.2655 11.262465 0.643537 11.507658 10.864121 30.02 2.15 318.422913 321.980865 588790.22653 210.79 340690.0 236.98 357690.0 268.54 "" "" 0.0027826024710909157 0.0028905733 0.0038662853 0.006756859 96.81019407244 -5.30216274857 320.290375 -4.482 -1.5169999999999997 1.0
96.94111951466 -4.70423826018 0.0143 0.0163 5.1693 "" "" 3104438817233616640 317.483002 3.1112 0.0186 -4.756 -2.16 0.018 0.019 0.922 6251.9 4.2735 11.373232 0.681757 11.634767 10.95301 25.17 2.39 315.76944 319.287506 531684.41041 246.24 303050.0 308.45 329580.0 310.49 "" "" 0.002800827826934839 0.0030010424 0.003915347 0.00691639 96.94111951466 -4.70423826018 317.483002 -4.756 -2.1599999999999997 1.0
97.47657535489 -5.37745293661 0.0172 0.0219 54.5453 "" 4793-10-1 3104155315031782016 321.244202 3.0765 0.0247 -4.926 -1.987 0.022 0.022 1.091 5583.3 4.1395 11.414438 0.858652 11.755461 10.896809 18.74 4.28 318.879852 323.671295 511883.70287 1185.0 271160.0 2191.0 347080.0 2155.0 "" "" 0.0037295109201425647 0.009205871 0.0077284216 0.016934292 97.47657535489 -5.37745293661 321.244202 -4.925999999999999 -1.9869999999999999 1.0
95.99128225149 -4.08831946788 0.0125 0.0135 63.7909 "" 4793-1904-1 3116554198419796992 316.181641 3.1231 0.0156 -4.582 -1.802 0.015 0.015 0.779 6067.7 4.2563 11.576879 0.712098 11.853552 11.141454 22.11 3.2 314.324951 317.870514 440753.19222 198.14 247740.0 309.39 277060.0 251.85 "" "" 0.0027982177256811462 0.003102188 0.0039061215 0.0070083095 95.99128225149 -4.08831946788 316.181641 -4.582 -1.802 1.0
96.26487447992 -4.93873891282 0.0125 0.013 37.8185 "" 4793-1490-1 3104419133401411840 325.632812 3.032 0.0155 -4.396 -1.637 0.015 0.015 0.967 6070.1 4.3132 11.654421 0.697325 11.923047 11.225722 26.3 1.51 324.035004 327.000244 410372.5074 100.37 232380.0 144.48 256370.0 123.7 "" "" 0.0027680873181436085 0.002870668 0.003815517 0.006686185 96.26487447992 -4.93873891282 325.632812 -4.396000000000001 -1.6369999999999996 1.0
96.59589014438 -4.65626226158 0.0138 0.0133 15.8494 "" "" 3104453905456953216 312.742401 3.157 0.0166 -4.746 -1.981 0.015 0.014 1.046 5910.9 4.2445 11.756686 0.74624 12.047417 11.301177 25.14 2.37 311.479675 314.734772 373484.123 183.73 207230.0 385.45 239160.0 369.14 "" "" 0.0028066109249520817 0.0034443215 0.0041342587 0.00757858 96.59589014438 -4.65626226158 312.742401 -4.746000000000001 -1.9809999999999999 1.0
97.40852262591 -4.0664525536 0.0118 0.0123 50.9493 "" 4793-2082-1 3104591653648488192 339.088684 2.9119 0.0152 -4.556 -1.864 0.014 0.015 0.988 6022.8 4.1326 11.770985 0.791048 12.080869 11.289821 36.46 19.43 337.539307 340.578552 368597.92171 232.21 200940.0 514.94 241670.0 269.0 "" "" 0.002838950041450639 0.003940383 0.003967902 0.007908285 97.40852262591 -4.0664525536 339.088684 -4.556 -1.8639999999999999 1.0
96.87826836881 -4.65882717015 0.0113 0.0129 3.4698 "" "" 3104439989762812416 319.518982 3.0969 0.0151 -4.768 -1.766 0.013 0.015 1.038 5861.9 4.2453 11.946894 0.848903 12.286273 11.43737 13.21 16.59 318.120392 321.104614 313465.11424 424.79 166310.0 729.29 210960.0 676.01 "" "" 0.003123554748307355 0.005518424 0.005136968 0.010655392 96.87826836881 -4.65882717015 319.518982 -4.768000000000001 -1.766 1.0
96.9417235785 -4.77288633035 0.013 0.013 6.3496 "" "" 3104435346901124992 316.931244 3.1243 0.016 -4.816 -1.967 0.015 0.015 1.134 5738.4 4.357 12.067089 0.810047 12.38612 11.576073 25.95 2.28 315.518341 318.442688 280615.0748 467.68 151690.0 931.63 185660.0 841.94 "" "" 0.003296381716083252 0.007228443 0.0062069357 0.013435379 96.9417235785 -4.77288633035 316.931244 -4.816 -1.9669999999999999 1.0
96.9488860802 -4.67589169918 0.012 0.0153 6.0133 "" "" 3104532761057366016 315.424927 3.1433 0.0183 -4.831 -1.923 0.015 0.017 1.163 5762.7 4.3025 12.104153 0.860097 12.45041 11.590313 25.65 1.83 313.429718 316.951355 271197.47036 225.4 142970.0 341.77 183250.0 387.85 "" "" 0.0028993259144385565 0.0038106993 0.0044231648 0.008233864 96.9488860802 -4.67589169918 315.424927 -4.831 -1.9230000000000003 1.0
96.61568937435 -4.55605462234 0.012 0.0125 17.0929 "" "" 3104457096612037504 314.676086 3.1514 0.0158 -4.217 -2.077 0.013 0.012 0.982 5717.5 4.3876 12.126466 0.794903 12.439161 11.644258 24.3 2.05 313.143982 316.241547 265681.01221 159.31 144460.0 316.36 174360.0 258.81 "" "" 0.002831190708579806 0.0036658607 0.004108649 0.00777451 96.61568937435 -4.55605462234 314.676086 -4.217 -2.077 1.0
97.14038056257 -4.78287144116 0.0277 0.0293 17.5884 "" "" 3104339964265249536 330.022186 3.0053 0.0343 -4.726 -1.663 0.032 0.031 2.133 5872.8 4.2794 12.144907 0.86865 12.48927 11.62062 22.72 3.51 326.290131 333.546875 261206.40499 136.73 137950.0 327.0 178200.0 286.08 "" "" 0.0028133243473563085 0.003795886 0.0041619553 0.007957841 97.14038056257 -4.78287144116 330.022186 -4.725999999999999 -1.663 1.0
97.37685064251 -4.68988487885 0.0111 0.0122 31.233 "" "" 3104345255664954368 301.723145 3.2962 0.0142 -4.769 -1.551 0.013 0.013 1.021 5082.4 4.2088 12.278598 1.030889 12.704871 11.673983 20.2 10.19 300.231506 302.937439 230944.46939 494.46 113100.0 823.33 169650.0 873.52 "" "" 0.0036049335646344883 0.008381827 0.0067480635 0.01512989 97.37685064251 -4.68988487885 301.723145 -4.769 -1.5509999999999997 0.9
96.33050930816 -4.70131649797 0.0107 0.01 31.37 "" "" 3104494724825684608 321.552307 3.0856 0.012 -4.315 -1.738 0.013 0.012 1.013 5200.1 4.2819 12.368206 0.969207 12.762054 11.792848 26.27 6.18 320.501862 322.691101 212649.54085 418.09 107300.0 753.68 152060.0 762.63 "" "" 0.0034854815897132707 0.008120645 0.006628364 0.014749009 96.33050930816 -4.70131649797 321.552307 -4.315 -1.738 1.0
97.23453940637 -4.81931270424 0.0138 0.0148 23.5922 "" "" 3104336562651152128 308.508881 3.2251 0.0173 -4.538 -1.674 0.016 0.017 1.212 5108.8 4.3556 12.749133 1.062797 13.196049 12.133252 32.05 6.09 306.862854 309.772827 149724.72315 363.09 71944.0 590.06 111140.0 702.02 "" "" 0.0038110751174042384 0.009331727 0.007830529 0.017162256 97.23453940637 -4.81931270424 308.508881 -4.537999999999999 -1.6740000000000002 1.0
96.29592377288 -4.7897917721 0.0155 0.0154 33.7556 "" "" 3104469573497252096 320.006531 3.1087 0.0169 -4.582 -1.856 0.019 0.017 1.183 4965.8 4.2907 12.79042 1.233511 13.324467 12.090956 -9.39 23.21 318.362427 322.04361 144138.17013 258.67 63919.0 511.8 115550.0 638.98 "" "" 0.0033746531205577925 0.009130278 0.0070944973 0.016224775 96.29592377288 -4.7897917721 320.006531 -4.582 -1.8560000000000003 1.0
97.20022669168 -4.71213678979 0.0143 0.0144 20.6432 "" "" 3104341858349761152 318.814178 3.1154 0.0169 -5.014 -1.837 0.018 0.017 1.177 5646.6 4.37 12.828613 1.111267 13.301183 12.189916 39.3 12.79 317.463104 320.51825 139155.85658 249.21 65305.0 446.79 105490.0 532.6 "" "" 0.0033723178420081434 0.007934899 0.0066582733 0.014593173 97.20022669168 -4.71213678979 318.814178 -5.014 -1.8370000000000002 1.0
