Clusters/NGC_2232/NGC_2232_members.tsv
# %ECSV 1.0
# ---
# datatype:
# - name: RA_ICRS_1
#   unit: deg
#   datatype: float64
#   format: '{:15.11f}'
#   description: Right ascension (ICRS) at Ep=2016.0 (ra)
#   meta: !!omap
#   - {ucd: POS_EQ_RA_MAIN}
#   - {width: 15}
#   - {precision: '11'}
# - name: DE_ICRS_1
#   unit: deg
#   datatype: float64
#   format: '{:15.11f}'
#   description: Declination (ICRS) at Ep=2016.0 (dec)
#   meta: !!omap
#   - {ucd: POS_EQ_DEC_MAIN}
#   - {width: 15}
#   - {precision: '11'}
# - name: e_RA_ICRS
#   unit: mas
#   datatype: float64
#   format: '{:7.4f}'
#   description: Standard error of right ascension (ra_error)
#   meta: !!omap
#   - {ucd: ERROR}
#   - {width: 7}
#   - {precision: '4'}
# - name: e_DE_ICRS
#   unit: mas
#   datatype: float64
#   format: '{:7.4f}'
#   description: Standard error of declination (dec_error)
#   meta: !!omap
#   - {ucd: ERROR}
#   - {width: 7}
#   - {precision: '4'}
# - name: _r_1
#   unit: ''
#   datatype: float64
#   format: '{:8.4f}'
#   description: Distance from center (096.85500621000-04.71180579000)[ICRS], at Epoch=J2016.0
#   meta: !!omap
#   - {ucd: POS_ANG_DIST_GENERAL}
#   - {width: 8}
#   - {precision: '4'}
# - name: HIP
#   datatype: int32
#   description: '? HIP cross-id number, van Leeuwen, Cat. I/311 (hip_original_ext_source_id)'
#   meta: !!omap
#   - {ucd: ID_NUMBER}
#   - {width: 6}
#   - values: {'null': -2147483648}
# - name: TYC2
#   datatype: string
#   description: Tycho-2 cross-id name, Hog et al., Cat. I/259 (tyc2_original_ext_source_id)
#   meta: !!omap
#   - {ucd: ID_CROSSID}
#   - {_votable_string_dtype: char}
# - name: Source
#   datatype: int64
#   description: Source identifier, identical to the Gaia-EDR3 source_id (id)
#   meta: !!omap
#   - {ucd: ID_MAIN}
#   - {width: 19}
# - name: rgeo
#   unit: pc
#   datatype: float64
#   format: '{:15.8f}'
#   description: '? Median of the geometric distance posterior (r_med_geo)'
#   meta: !!omap
#   - {ucd: PHYS_DISTANCE_TRUE}
#   - {width: 15}
#   - {precision: '8'}
#   - values: {'null': .nan}
# - name: Plx
#   unit: mas
#   datatype: float64
#   format: '{:9.4f}'
#   description: '? Parallax (parallax)'
#   meta: !!omap
#   - {ucd: POS_PARLX_TRIG}
#   - {width: 9}
#   - {precision: '4'}
#   - values: {'null': .nan}
# - name: e_Plx
#   unit: mas
#   datatype: float32
#   format: '{:7.4f}'
#   description: '? Standard error of parallax (parallax_error)'
#   meta: !!omap
#   - {ucd: ERROR}
#   - {width: 7}
#   - {precision: '4'}
#   - values: {'null': .nan}
# - name: pmRA
#   unit: mas / yr
#   datatype: float64
#   format: '{:9.3f}'
#   description: '? Proper motion in right ascension direction, pmRA*cosDE (pmra)'
#   meta: !!omap
#   - {ucd: POS_EQ_PMRA}
#   - {width: 9}
#   - {precision: '3'}
#   - values: {'null': .nan}
# - name: pmDE
#   unit: mas / yr
#   datatype: float64
#   format: '{:9.3f}'
#   description: '? Proper motion in declination direction (pmdec)'
#   meta: !!omap
#   - {ucd: POS_EQ_PMDEC}
#   - {width: 9}
#   - {precision: '3'}
#   - values: {'null': .nan}
# - name: e_pmRA
#   unit: mas / yr
#   datatype: float32
#   format: '{:6.3f}'
#   description: '? Standard error of proper motion in right ascension direction (pmra_error)'
#   meta: !!omap
#   - {ucd: ERROR}
#   - {width: 6}
#   - {precision: '3'}
#   - values: {'null': .nan}
# - name: e_pmDE
[...]
#         unit: &id001 !astropy.units.Unit {unit: deg}
#         value: !astropy.table.SerializedColumn {name: SkyCoord.dec}
#       distance: !astropy.table.SerializedColumn
#         __class__: astropy.coordinates.distances.Distance
#         unit: !astropy.units.Unit {unit: pc}
#         value: !astropy.table.SerializedColumn {name: SkyCoord.distance}
#       frame: icrs
#       obstime: !astropy.time.Time {format: jyear_str, in_subfmt: '*', jd1: 367701545.0, jd2: 0.0, out_subfmt: '*', precision: 3, scale: tt}
#       pm_dec: !astropy.table.SerializedColumn
#         __class__: astropy.units.quantity.Quantity
#         unit: !astropy.units.Unit {unit: mas / yr}
#         value: !astropy.table.SerializedColumn {name: SkyCoord.pm_dec}
#       pm_ra_cosdec: !astropy.table.SerializedColumn
#         __class__: astropy.units.quantity.Quantity
#         unit: !astropy.units.Unit {unit: mas / yr}
#         value: !astropy.table.SerializedColumn {name: SkyCoord.pm_ra_cosdec}
#       ra: !astropy.table.SerializedColumn
#         __class__: astropy.coordinates.angles.Longitude
#         unit: *id001
#         value: !astropy.table.SerializedColumn {name: SkyCoord.ra}
#         wrap_angle: !astropy.coordinates.Angle
#           unit: *id001
#           value: 360.0
#       representation_type: spherical
# schema: astropy-2.0
RA_ICRS_1 DE_ICRS_1 e_RA_ICRS e_DE_ICRS _r_1 HIP TYC2 Source rgeo Plx e_Plx pmRA pmDE e_pmRA e_pmDE RUWE Teff logg Gmag BP-RP BPmag RPmag RV e_RV b_rgeo B_rgeo FG e_FG FBP e_FBP FRP e_FRP RAVE5 RAVE6 e_Gmag e_BPmag e_RPmag e_BP-RP SkyCoord.ra SkyCoord.dec SkyCoord.distance SkyCoord.pm_ra_cosdec SkyCoord.pm_dec Pmemb
[from data line 80]
96.45722918733 -4.48533038251 0.0413 0.0422 27.3971 "" "" 3104506922532654848 322.463165 3.061 0.0507 -4.036 -2.136 0.053 0.045 1.166 3487.6 4.0662 15.921904 2.608605 17.351772 14.743167 "" "" 317.459229 327.49646 8057.22153 13.507 1565.7 18.719 10044.0 57.948 "" "" 0.0033022104287225157 0.013277193 0.007315887 0.02059308 96.45722918733 -4.48533038251 322.463165 -4.0360000000000005 -2.136 1.0
96.70640639061 -4.05643436859 0.0399 0.0429 40.3147 "" "" 3104626902440481152 318.958557 3.0964 0.051 -4.909 -1.883 0.05 0.045 1.139 3560.6 4.2258 15.932704 2.395618 17.211828 14.81621 "" "" 314.02002 324.243378 7977.47093 18.616 1781.1 27.669 9390.2 59.554 "" "" 0.0037431451896169595 0.0170959 0.007854889 0.024950787 96.70640639061 -4.05643436859 318.958557 -4.908999999999999 -1.8830000000000002 0.8
97.26975671435 -5.08899635944 0.0403 0.0452 33.5697 "" "" 3104223832647305088 327.947021 3.0066 0.0544 -5.166 -1.967 0.049 0.046 1.149 "" "" 15.937737 2.6985 17.441051 14.742552 "" "" 322.388306 333.45639 7940.57356 9.243 1442.1 13.152 10049.0 28.219 "" "" 0.0030313415544704053 0.010287549 0.004855874 0.015143423 97.26975671435 -5.08899635944 327.947021 -5.166000000000001 -1.967 1.0
97.68431597309 -4.84781772429 0.0354 0.0356 50.2526 "" "" 3104281282130863104 314.49173 3.1505 0.0415 -4.876 -1.899 0.046 0.041 1.009 3590.0 4.2925 15.963985 2.362441 17.20965 14.847209 "" "" 310.342987 318.566223 7750.90866 16.923 1784.7 18.838 9125.9 40.588 "" "" 0.003634734438173209 0.011795009 0.00613203 0.01792704 97.68431597309 -4.84781772429 314.49173 -4.876 -1.8990000000000002 0.9
97.07327693665 -5.06793301377 0.0413 0.0474 25.0368 "" "" 3104226306548544128 316.372528 3.1237 0.057 -4.876 -1.389 0.048 0.057 1.103 "" "" 15.970902 2.719784 17.481272 14.761488 "" "" 310.895233 321.967316 7701.69223 13.679 1389.7 16.895 9875.6 76.308 "" "" 0.003363099247308033 0.013491296 0.009201399 0.022692695 97.07327693665 -5.06793301377 316.372528 -4.876 -1.3890000000000002 0.9
96.29130240523 -4.07086366436 0.0379 0.0429 51.1481 "" "" 3116633676793702016 320.610046 3.0815 0.0514 -5.005 -2.125 0.046 0.042 0.946 3563.1 4.4018 16.011234 2.452248 17.331257 14.879009 "" "" 315.496094 325.435364 7420.84116 8.9812 1595.6 17.214 8862.5 26.262 "" "" 0.0030526163224467223 0.012041106 0.0049633607 0.017004468 96.29130240523 -4.07086366436 320.610046 -5.005 -2.1250000000000004 1.0
97.40412388095 -4.06195554686 0.0362 0.0383 50.9848 "" "" 3104591722367964416 341.432831 2.8831 0.0449 -4.671 -1.838 0.043 0.043 1.057 3596.2 4.2326 16.015 2.312943 17.232296 14.919353 "" "" 336.794952 346.960602 7395.14428 10.41 1747.8 13.833 8539.2 30.719 "" "" 0.0031508257327111763 0.0090347165 0.005435006 0.014469722 97.40412388095 -4.06195554686 341.432831 -4.671 -1.8380000000000003 1.0
96.30718071005 -5.12000549852 0.0353 0.038 40.8941 "" "" 3104396043657775616 319.742584 3.0893 0.0435 -4.678 -1.735 0.043 0.043 0.974 3614.8 4.3643 16.021936 2.358728 17.274147 14.91542 "" "" 315.569855 323.590332 7348.04756 7.8176 1681.7 10.296 8570.2 27.631 "" "" 0.0029876551983986075 0.0072091226 0.005151429 0.012360552 96.30718071005 -5.12000549852 319.742584 -4.678000000000001 -1.7349999999999999 1.0
97.59706121545 -4.85757409098 0.0393 0.0385 45.222 "" "" 3104326808784251520 319.26123 3.0987 0.0438 -4.814 -1.756 0.05 0.043 1.071 "" "" 16.10591 2.361989 17.360811 14.998822 "" "" 314.462097 323.85083 6801.15658 5.4492 1552.7 17.596 7936.5 21.915 "" "" 0.002889382757545993 0.012616519 0.0048241005 0.017440619 97.59706121545 -4.85757409098 319.26123 -4.814000000000001 -1.7559999999999996 1.0
97.65567986832 -4.39356865212 0.0394 0.0409 51.5551 "" "" 3104383158754794240 324.643707 3.0417 0.0468 -4.85 -1.847 0.047 0.045 1.097 3540.6 4.332 16.113848 2.463347 17.440842 14.977495 "" "" 320.143402 329.602142 6751.61126 6.7004 1442.4 14.525 8093.9 16.683 "" "" 0.0029585126995735535 0.011283793 0.004392257 0.01567605 97.65567986832 -4.39356865212 324.643707 -4.849999999999999 -1.8469999999999995 1.0
97.1965207428 -5.2277849264 0.0494 0.0479 37.0832 "" "" 3104214521158310144 319.472107 3.0993 0.0531 -5.079 -1.536 0.054 0.052 1.061 3552.9 4.3258 16.13813 2.448688 17.44814 14.999451 "" "" 314.776459 324.603577 6602.29304 10.402 1432.7 20.628 7931.9 24.974 "" "" 0.003243133290880585 0.01587947 0.0050960616 0.020975532 97.1965207428 -5.2277849264 319.472107 -5.079000000000001 -1.5360000000000003 1.0
96.88647974436 -5.15804822153 0.0418 0.0413 26.8406 "" "" 3104230051760150784 322.957275 3.0436 0.0506 -4.482 -1.747 0.052 0.048 1.027 3523.0 4.3348 16.201223 2.510622 17.556627 15.046005 "" "" 318.472778 328.52887 6229.56418 11.658 1296.5 12.892 7599.0 29.421 "" "" 0.0034234756296955735 0.011150946 0.0056528132 0.01680376 96.88647974436 -5.15804822153 322.957275 -4.482 -1.747 1.0
96.64897732562 -5.14227448383 0.0424 0.0441 28.6143 "" "" 3104210947745334528 323.516663 3.0568 0.0514 -4.671 -1.698 0.053 0.051 1.024 3535.5 4.4112 16.211926 2.490694 17.560036 15.069342 "" "" 318.348541 329.098999 6168.45912 11.565 1292.4 13.793 7437.4 35.946 "" "" 0.003425707529072249 0.011918597 0.0064668492 0.018385446 96.64897732562 -5.14227448383 323.516663 -4.671 -1.6979999999999997 0.8
96.53362324638 -4.63047950656 0.0545 0.0537 19.8287 "" "" 3104454901887364736 319.687408 3.0973 0.0634 -4.397 -1.561 0.069 0.069 1.151 "" "" 16.213299 2.34546 17.367653 15.022193 "" "" 313.453735 324.255615 6160.65944 9.0664 1543.0 36.287 7767.5 56.431 "" "" 0.00318510066508531 0.02568544 0.008746572 0.034432013 96.53362324638 -4.63047950656 319.687408 -4.3969999999999985 -1.5610000000000004 1.0
97.14191931344 -4.27903432592 0.0478 0.0471 31.1252 "" "" 3104558732721761920 333.416931 2.984 0.0536 -5.0 -1.754 0.054 0.054 1.028 3544.3 4.4063 16.24496 2.464527 17.572853 15.108326 "" "" 327.512512 339.678314 5983.59489 9.5009 1277.2 15.229 7175.1 27.149 "" "" 0.003250203552854182 0.013243295 0.005582197 0.018825492 97.14191931344 -4.27903432592 333.416931 -5.0 -1.7540000000000002 0.9
97.03535911128 -4.74001209022 0.0466 0.0582 10.9164 "" "" 3104528466090065024 313.382263 3.1706 0.0695 -4.711 -2.351 0.06 0.055 1.134 3493.8 4.2905 16.248621 2.564385 17.641592 15.077208 "" "" 306.910767 319.367615 5963.46031 12.103 1198.9 15.236 7383.7 39.692 "" "" 0.003528077970199287 0.014077161 0.0069533144 0.021030476 97.03535911128 -4.74001209022 313.382263 -4.7109999999999985 -2.3510000000000004 1.0
96.56683823538 -4.29230799854 0.0432 0.0439 30.5062 "" "" 3104605019586592256 326.870697 3.0135 0.0529 -4.624 -1.99 0.05 0.046 1.069 3518.1 4.3191 16.257988 2.560097 17.657467 15.09737 "" "" 321.755127 332.279999 5912.22891 4.8635 1181.5 11.732 7247.9 13.523 "" "" 0.002896462927341251 0.011136289 0.0042880503 0.015424339 96.56683823538 -4.29230799854 326.870697 -4.624 -1.99 0.8
96.25197542923 -3.32980299246 0.0481 0.0492 90.4344 "" "" 3116757234411949184 314.794678 3.1441 0.056 -4.368 -2.17 0.063 0.053 1.022 3525.6 4.4144 16.273355 2.415589 17.538498 15.122909 "" "" 309.97879 321.138641 5829.14023 6.24 1318.3 16.693 7079.4 20.177 "" "" 0.002990425463010781 0.014028429 0.0048846076 0.018913036 96.25197542923 -3.32980299246 314.794678 -4.367999999999999 -2.1699999999999995 0.9
96.5979159776 -3.51057564941 0.0454 0.0439 73.6977 "" "" 3116694699688479616 311.014252 3.1749 0.0536 -4.735 -2.13 0.055 0.053 0.946 3492.0 4.3112 16.289318 2.567798 17.689585 15.121787 "" "" 306.809326 315.259247 5744.06332 4.8465 1147.1 10.783 7086.7 15.873 "" "" 0.002903616971909177 0.010580684 0.0044941837 0.015074868 96.5979159776 -3.51057564941 311.014252 -4.734999999999999 -2.13 1.0
96.79583877434 -4.87852786304 0.0462 0.0454 10.6104 "" "" 3104432671138660480 323.158142 3.0641 0.0538 -4.618 -1.765 0.06 0.051 0.944 3528.8 4.408 16.340673 2.508238 17.702093 15.193855 "" "" 317.508759 329.687714 5478.70138 5.7288 1133.9 18.243 6631.6 19.983 "" "" 0.002980049252690943 0.017689537 0.004998741 0.022688279 96.79583877434 -4.87852786304 323.158142 -4.617999999999999 -1.765 1.0
97.48388198147 -4.23352460655 0.042 0.0447 47.3137 "" "" 3104576668504245632 315.334198 3.1336 0.0522 -4.989 -1.842 0.052 0.049 1.006 3485.1 4.4097 16.354786 2.576407 17.755512 15.179106 "" "" 311.351318 319.965424 5407.94832 8.9358 1079.5 12.998 6722.3 41.36 "" "" 0.003287896899892326 0.013367523 0.007675173 0.021042697 97.48388198147 -4.23352460655 315.334198 -4.988999999999999 -1.8419999999999999 1.0
98.21079900532 -5.01490808303 0.0562 0.0516 83.0697 "" "" 3103533304987185408 323.73175 3.0474 0.062 -5.233 -1.516 0.083 0.06 1.087 3390.3 4.0751 16.359158 2.86729 17.994898 15.127608 "" "" 316.997589 329.595673 5386.21353 7.2793 865.88 9.0004 7048.8 19.902 "" "" 0.003121677788490816 0.011625489 0.0048663346 0.016491823 98.21079900532 -5.01490808303 323.73175 -5.233 -1.5159999999999996 0.9
97.00033888065 -4.79297136952 0.0566 0.072 9.9615 "" "" 3104434286046639744 317.347168 3.106 0.0742 -5.076 -1.319 0.073 0.073 1.012 3440.9 4.4111 16.392103 2.521771 17.71871 15.196938 "" "" 310.480042 323.634644 5225.23128 12.639 1116.7 47.032 6612.8 75.916 "" "" 0.003806419987444432 0.045812946 0.013024807 0.058837753 97.00033888065 -4.79297136952 317.347168 -5.076 -1.319 0.9
97.02336620023 -4.64109370294 0.0472 0.0545 10.9254 "" "" 3104530424595112576 298.954041 3.2757 0.0642 -4.821 -1.681 0.058 0.056 1.083 3415.2 4.2173 16.396006 2.776119 17.952816 15.176697 "" "" 293.295746 305.387238 5206.48043 14.302 900.1 18.165 6737.2 56.23 "" "" 0.004060412186943573 0.022088276 0.009818318 0.031906594 97.02336620023 -4.64109370294 298.954041 -4.821 -1.6809999999999998 1.0
96.35226912174 -4.56355229217 0.0507 0.0483 31.3537 "" "" 3104500492962800256 327.159271 3.0329 0.0571 -4.468 -1.762 0.07 0.063 1.019 3477.6 4.4104 16.419756 2.645356 17.889435 15.244079 "" "" 319.217896 332.99762 5093.82691 14.151 954.21 20.232 6331.8 62.907 "" "" 0.004085284509937776 0.023189204 0.011429814 0.03461902 96.35226912174 -4.56355229217 327.159271 -4.468 -1.7620000000000002 0.9
96.93650741133 -4.73417141455 0.0462 0.0522 5.0548 "" "" 3104435763515004800 315.242493 3.118 0.0618 -4.986 -1.767 0.057 0.061 1.08 3409.2 4.2336 16.421206 2.865874 18.045736 15.179862 "" "" 309.369659 322.285919 5087.03005 6.247 826.27 11.215 6717.6 17.995 "" "" 0.0030609652389213845 0.014998557 0.004768944 0.0197675 96.93650741133 -4.73417141455 315.242493 -4.985999999999999 -1.7670000000000001 0.9
96.90092503126 -4.94280492876 0.0483 0.0478 14.1292 "" "" 3104243589496954624 321.908752 3.073 0.0578 -4.78 -2.043 0.055 0.053 0.884 3434.0 4.2329 16.422892 2.770773 17.982456 15.211683 "" "" 314.900665 332.586456 5079.13819 8.8033 875.86 15.211 6523.6 32.129 "" "" 0.0033366245216727305 0.019061223 0.006548076 0.0256093 96.90092503126 -4.94280492876 321.908752 -4.779999999999999 -2.043 1.0
97.05239720402 -4.49993860736 0.0457 0.056 17.3482 "" "" 3104536952945322880 300.601715 3.2856 0.066 -4.942 -1.929 0.058 0.058 1.074 3418.6 4.2116 16.47176 2.70577 17.965229 15.259459 "" "" 293.633301 306.914032 4855.60176 6.5005 889.87 22.921 6242.7 26.968 "" "" 0.0031152171441305434 0.028104901 0.0060235066 0.03412841 97.05239720402 -4.49993860736 300.601715 -4.942 -1.9290000000000003 1.0
95.78123092442 -4.63996628317 0.0459 0.0561 64.3566 "" "" 3116493832657947904 309.889465 3.1799 0.0666 -4.379 -1.747 0.059 0.057 0.979 3470.2 4.4085 16.480295 2.662851 17.948475 15.285624 "" "" 302.744904 317.801392 4817.57759 9.6121 903.7 12.984 6094.1 46.942 "" "" 0.003504931130933058 0.015846988 0.009177585 0.025024574 95.78123092442 -4.63996628317 309.889465 -4.3790000000000004 -1.7470000000000003 1.0
96.82579479839 -4.33177837107 0.05 0.0524 22.8685 "" "" 3104601583613532800 297.648102 3.3069 0.0587 -4.508 -1.69 0.06 0.066 0.969 3463.1 4.429 16.484386 2.662962 17.955894 15.292932 "" "" 292.752136 302.826477 4799.45481 6.3232 897.55 17.059 6053.2 23.929 "" "" 0.003104503964324914 0.020823477 0.0057188584 0.026542336 96.82579479839 -4.33177837107 297.648102 -4.507999999999999 -1.69 1.0
96.85648550344 -4.6502394019 0.0468 0.0539 3.695 "" "" 3104440161561509248 309.509003 3.1921 0.0602 -4.668 -1.897 0.058 0.06 1.045 3456.3 4.411 16.523964 2.555276 17.910246 15.35497 "" "" 304.801514 315.016815 4627.65712 8.6272 936.09 22.43 5717.0 27.936 "" "" 0.0034188872275300493 0.026164921 0.0065139295 0.03267885 96.85648550344 -4.6502394019 309.509003 -4.668 -1.8970000000000002 0.9
97.49129390337 -4.33811194366 0.0676 0.0707 44.1719 "" "" 3104566467960800128 305.396362 3.2232 0.0834 -4.776 -1.957 0.092 0.107 1.16 "" "" 16.528965 2.884707 18.17694 15.292234 "" "" 296.008331 313.187714 4606.3901 5.4786 732.22 16.46 6057.1 20.08 "" "" 0.003042908384290222 0.02456586 0.0052190996 0.02978496 97.49129390337 -4.33811194366 305.396362 -4.776000000000001 -1.957 0.9
97.00633564596 -5.45060230882 0.0459 0.0453 45.241 "" "" 3104140372843108608 311.434509 3.1738 0.0538 -4.592 -1.573 0.056 0.054 1.04 3426.7 4.2246 16.554863 2.765258 18.103432 15.338174 "" "" 305.924103 316.290619 4497.81534 4.4287 783.51 15.753 5806.2 23.723 "" "" 0.002955446184599939 0.022007054 0.005827758 0.027834812 97.00633564596 -5.45060230882 311.434509 -4.591999999999999 -1.5729999999999997 1.0
95.93929552479 -4.57549244334 0.0483 0.0557 55.3697 "" "" 3104492010406451072 303.873352 3.2559 0.0623 -4.624 -2.017 0.059 0.059 0.932 3455.2 4.4155 16.55965 2.683448 18.05023 15.366782 "" "" 298.266876 308.942261 4478.02252 5.545 822.86 15.45 5655.2 22.293 "" "" 0.0030658266533322934 0.020575814 0.005709835 0.026285648 95.93929552479 -4.57549244334 303.873352 -4.624 -2.0170000000000003 1.0
97.0820520348 -4.74456534203 0.0496 0.055 13.7179 "" "" 3104341136795325312 315.687042 3.1153 0.0651 -4.73 -1.922 0.06 0.058 1.021 3456.7 4.2735 16.588615 3.064819 18.373075 15.308256 "" "" 308.232422 324.081512 4360.14225 5.2824 611.2 13.336 5968.4 18.278 "" "" 0.003053202173653246 0.023853825 0.005033838 0.028887663 97.0820520348 -4.74456534203 315.687042 -4.73 -1.9220000000000004 1.0
96.82289614664 -4.38686008558 0.0553 0.0568 19.5911 "" "" 3104553995375595392 303.267517 3.2503 0.0661 -4.619 -2.074 0.063 0.066 0.961 3434.1 4.4119 16.600277 2.697392 18.10898 15.411588 "" "" 297.259735 310.063721 4313.56157 6.4244 779.52 14.246 5426.5 15.761 "" "" 0.0031947783714753575 0.02003742 0.004922203 0.024959624 96.82289614664 -4.38686008558 303.267517 -4.618999999999999 -2.074 1.0
96.70208812615 -3.48692307888 0.0639 0.0631 74.0605 "" "" 3116695043285818496 310.903259 3.1783 0.0768 -4.514 -1.837 0.076 0.081 1.115 "" "" 16.61772 2.709957 18.140123 15.430166 "" "" 302.423431 317.235657 4244.81562 6.0439 757.47 21.383 5334.5 20.304 "" "" 0.0031593687768839388 0.030776529 0.00560011 0.03637664 96.70208812615 -3.48692307888 310.903259 -4.514 -1.8369999999999997 0.8
96.47335108938 -4.88294661643 0.0549 0.0558 25.023 "" "" 3104440676957804672 314.660339 3.1255 0.0622 -4.544 -1.711 0.064 0.06 1.02 3413.9 4.2117 16.618492 2.733498 18.143156 15.409658 "" "" 309.242126 321.260986 4241.79381 6.388 755.36 10.061 5436.2 22.182 "" "" 0.003203948211956132 0.014728145 0.005823312 0.020551456 96.47335108938 -4.88294661643 314.660339 -4.544 -1.711 1.0
96.94982864615 -4.47581490856 0.0543 0.0657 15.2529 "" "" 3104548944494045440 316.452881 3.1344 0.0761 -4.844 -2.061 0.067 0.073 1.031 3434.3 4.4353 16.678642 2.666428 18.142809 15.476381 "" "" 310.598877 323.898315 4013.19322 13.096 755.6 18.881 5112.2 36.464 "" "" 0.004488289093712173 0.027273571 0.00861728 0.03589085 96.94982864615 -4.47581490856 316.452881 -4.843999999999999 -2.061 1.0
