Clusters/NGC_2232/NGC_2232_stars_in_region.tsv
# %ECSV 1.0
# ---
# datatype:
# - name: RA_ICRS_1
#   unit: deg
#   datatype: float64
#   format: '{:15.11f}'
#   description: Right ascension (ICRS) at Ep=2016.0 (ra)
#   meta: !!omap
#   - {ucd: POS_EQ_RA_MAIN}
#   - {width: 15}
#   - {precision: '11'}
# - name: DE_ICRS_1
#   unit: deg
#   datatype: float64
#   format: '{:15.11f}'
#   description: Declination (ICRS) at Ep=2016.0 (dec)
#   meta: !!omap
#   - {ucd: POS_EQ_DEC_MAIN}
#   - {width: 15}
#   - {precision: '11'}
# - name: e_RA_ICRS
#   unit: mas
#   datatype: float64
#   format: '{:7.4f}'
#   description: Standard error of right ascension (ra_error)
#   meta: !!omap
#   - {ucd: ERROR}
#   - {width: 7}
#   - {precision: '4'}
# - name: e_DE_ICRS
#   unit: mas
#   datatype: float64
#   format: '{:7.4f}'
#   description: Standard error of declination (dec_error)
#   meta: !!omap
#   - {ucd: ERROR}
#   - {width: 7}
#   - {precision: '4'}
# - name: _r_1
#   unit: ''
#   datatype: float64
#   format: '{:8.4f}'
#   description: Distance from center (096.85500621000-04.71180579000)[ICRS], at Epoch=J2016.0
#   meta: !!omap
#   - {ucd: POS_ANG_DIST_GENERAL}
#   - {width: 8}
#   - {precision: '4'}
# - name: HIP
#   datatype: int32
#   description: '? HIP cross-id number, van Leeuwen, Cat. I/311 (hip_original_ext_source_id)'
#   meta: !!omap
#   - {ucd: ID_NUMBER}
#   - {width: 6}
#   - values: {'null': -2147483648}
# - name: TYC2
#   datatype: string
#   description: Tycho-2 cross-id name, Hog et al., Cat. I/259 (tyc2_original_ext_source_id)
#   meta: !!omap
#   - {ucd: ID_CROSSID}
#   - {_votable_string_dtype: char}
# - name: Source
#   datatype: int64
#   description: Source identifier, identical to the Gaia-EDR3 source_id (id)
#   meta: !!omap
#   - {ucd: ID_MAIN}
#   - {width: 19}
# - name: rgeo
#   unit: pc
#   datatype: float64
#   format: '{:15.8f}'
#   description: '? Median of the geometric distance posterior (r_med_geo)'
#   meta: !!omap
#   - {ucd: PHYS_DISTANCE_TRUE}
#   - {width: 15}
#   - {precision: '8'}
#   - values: {'null': .nan}
# - name: Plx
#   unit: mas
#   datatype: float64
#   format: '{:9.4f}'
#   description: '? Parallax (parallax)'
#   meta: !!omap
#   - {ucd: POS_PARLX_TRIG}
#   - {width: 9}
#   - {precision: '4'}
#   - values: {'null': .nan}
# - name: e_Plx
#   unit: mas
#   datatype: float32
#   format: '{:7.4f}'
#   description: '? Standard error of parallax (parallax_error)'
#   meta: !!omap
#   - {ucd: ERROR}
#   - {width: 7}
#   - {precision: '4'}
#   - values: {'null': .nan}
# - name: pmRA
#   unit: mas / yr
#   datatype: float64
#   format: '{:9.3f}'
#   description: '? Proper motion in right ascension direction, pmRA*cosDE (pmra)'
#   meta: !!omap
#   - {ucd: POS_EQ_PMRA}
#   - {width: 9}
#   - {precision: '3'}
#   - values: {'null': .nan}
# - name: pmDE
#   unit: mas / yr
#   datatype: float64
#   format: '{:9.3f}'
#   description: '? Proper motion in declination direction (pmdec)'
#   meta: !!omap
#   - {ucd: POS_EQ_PMDEC}
#   - {width: 9}
#   - {precision: '3'}
#   - values: {'null': .nan}
# - name: e_pmRA
#   unit: mas / yr
#   datatype: float32
#   format: '{:6.3f}'
#   description: '? Standard error of proper motion in right ascension direction (pmra_error)'
#   meta: !!omap
#   - {ucd: ERROR}
#   - {width: 6}
#   - {precision: '3'}
#   - values: {'null': .nan}
# - name: e_pmDE
[...]
#         value: !astropy.table.SerializedColumn {name: SkyCoord.dec}
#       distance: !astropy.table.SerializedColumn
#         __class__: astropy.coordinates.distances.Distance
#         unit: !astropy.units.Unit {unit: pc}
#         value: !astropy.table.SerializedColumn {name: SkyCoord.distance}
#       frame: icrs
#       obstime: !astropy.time.Time {format: jyear_str, in_subfmt: '*', jd1: 367701545.0, jd2: 0.0, out_subfmt: '*', precision: 3, scale: tt}
#       pm_dec: !astropy.table.SerializedColumn
#         __class__: astropy.units.quantity.Quantity
#         unit: !astropy.units.Unit {unit: mas / yr}
#         value: !astropy.table.SerializedColumn {name: SkyCoord.pm_dec}
#       pm_ra_cosdec: !astropy.table.SerializedColumn
#         __class__: astropy.units.quantity.Quantity
#         unit: !astropy.units.Unit {unit: mas / yr}
#         value: !astropy.table.SerializedColumn {name: SkyCoord.pm_ra_cosdec}
#       ra: !astropy.table.SerializedColumn
#         __class__: astropy.coordinates.angles.Longitude
#         unit: *id001
#         value: !astropy.table.SerializedColumn {name: SkyCoord.ra}
#         wrap_angle: !astropy.coordinates.Angle
#           unit: *id001
#           value: 360.0
#       representation_type: spherical
# schema: astropy-2.0
RA_ICRS_1 DE_ICRS_1 e_RA_ICRS e_DE_ICRS _r_1 HIP TYC2 Source rgeo Plx e_Plx pmRA pmDE e_pmRA e_pmDE RUWE Teff logg Gmag BP-RP BPmag RPmag RV e_RV b_rgeo B_rgeo FG e_FG FBP e_FBP FRP e_FRP RAVE5 RAVE6 e_Gmag e_BPmag e_RPmag e_BP-RP SkyCoord.ra SkyCoord.dec SkyCoord.distance SkyCoord.pm_ra_cosdec SkyCoord.pm_dec rmRA rmDE e_rmRA e_rmDE rRV e_rRV v_pec v_pec3d e_vpec e_vpec3d
[from data line 312]
95.78656274975 -3.98279623209 0.0127 0.0128 77.4547 "" 4793-573-1 3116605669307412352 377.764008 2.6252 0.015 -3.815 -12.874 0.015 0.014 1.144 5743.9 4.2821 12.315216 0.802261 12.635743 11.833482 11.48 1.4 375.460876 379.890045 223285.35186 45.012 120540.0 88.533 146480.0 88.069 "" "" 0.0027639997903910066 0.002901889 0.0038353426 0.0067372313 95.78656274975 -3.98279623209 377.764008 -3.815 -12.874 0.8872027969360352 -11.083729313850403 0.25364083 0.25264084 -11.341199999999997 4.038956 19.910020896976324 22.913571296461704 5.030211475967826 4.8063169069204505
97.48759156371 -6.76217193169 0.0154 0.0162 128.6874 "" "" 3007175541901188736 274.634277 3.6221 0.0187 -4.017 -6.692 0.018 0.019 1.223 5352.8 4.4537 12.323568 0.970989 12.733781 11.762792 35.05 1.1 273.258911 276.195984 221574.32321 113.21 110130.0 157.81 156330.0 139.76 "" "" 0.002810609565150664 0.0031946136 0.0039020376 0.007096651 97.48759156371 -6.76217193169 274.634277 -4.017 -6.692 0.6852027969360348 -4.901729313850403 0.25664085 0.25764084 12.2288 3.7389565 6.442948881010674 13.822269702307096 1.659843502994395 3.3971959666045324
96.90826591534 -4.22840051389 0.0128 0.0132 29.1788 "" "" 3104608485620296448 349.4104 2.8417 0.0152 -12.096 20.398 0.015 0.016 1.234 5371.1 4.2974 12.324423 0.913881 12.69735 11.783468 55.93 1.46 347.819336 351.244232 221400.00517 73.852 113890.0 89.179 153380.0 106.18 "" "" 0.0027790203974148793 0.0029168173 0.0038533958 0.006770213 96.90826591534 -4.22840051389 349.4104 -12.096 20.397999999999996 -7.393797203063965 22.188270686149597 0.25364083 0.25464085 33.1088 4.098956 38.73494172141841 50.95673015021353 9.859633832123723 7.95396594704396
96.53551770642 -5.19180600531 0.0118 0.0127 34.5567 "" "" 3104396490334342400 372.976013 2.6551 0.0153 -16.448 5.086 0.014 0.013 1.155 5695.7 4.3426 12.324698 0.801311 12.642116 11.840805 54.49 0.79 370.930115 375.022705 221343.82272 62.284 119830.0 63.045 145490.0 45.288 "" "" 0.002772206556555783 0.002848043 0.003794463 0.006642506 96.53551770642 -5.19180600531 372.976013 -16.448 5.086 -11.745797203063965 6.8762706861495975 0.25264084 0.25164086 31.668800000000005 3.4289563 24.06216277223888 39.77311366636662 6.072952520757546 4.57743977272105
97.35614242465 -4.86563666332 0.0127 0.0137 31.3526 "" "" 3104324987718232192 309.50415 3.2111 0.0162 -1.808 -8.411 0.015 0.014 1.154 5690.0 4.3983 12.328226 0.835097 12.66251 11.827413 14.22 0.88 308.023651 310.897705 220625.78842 51.936 117600.0 81.323 147300.0 68.141 "" "" 0.0027671489747550923 0.002889423 0.0038126097 0.006702033 97.35614242465 -4.86563666332 309.50415 -1.808 -8.410999999999996 2.8942027969360353 -6.620729313850402 0.25364083 0.25264084 -8.601199999999997 3.5189562 10.60043299098607 13.651000733879764 2.6798058184803892 3.0407934615663588
95.66216507232 -3.99925636673 0.034 0.0316 83.1898 "" "" 3116603268423851904 301.017151 3.2941 0.0379 -3.35 -1.182 0.044 0.039 2.905 5205.7 4.2833 12.330091 0.980667 12.733461 11.752794 34.91 8.88 297.968414 304.11261 220247.02318 395.07 110160.0 710.78 157780.0 759.76 "" "" 0.0033741273436425434 0.007540642 0.0064511527 0.013991795 95.66216507232 -3.99925636673 301.017151 -3.3500000000000014 -1.182 1.352202796936035 0.6082706861495972 0.28264084 0.27764085 12.088799999999999 11.518956 2.1155702326692336 12.27251900994071 0.5961794668046815 11.346983387710678
96.85862600332 -4.66706678539 0.0098 0.0107 2.6931 "" "" 3104439955403085568 315.577179 3.1458 0.0131 1.876 10.555 0.012 0.012 0.972 5808.5 4.4818 12.335956 0.854458 12.679955 11.825497 115.57 0.78 314.09967 317.046722 219060.64436 56.514 115730.0 56.357 147560.0 50.602 "" "" 0.00276952098005078 0.0028398228 0.0037976773 0.0066375 96.85862600332 -4.66706678539 315.577179 1.8760000000000014 10.555 6.578202796936035 12.345270686149597 0.25064084 0.25064084 92.74879999999999 3.4189563 20.924517028908475 95.07983652874609 5.244538510874227 3.5292012775169237
97.74210391471 -2.99054524071 0.177 0.1941 116.1286 "" "" 3105185007669586560 359.706421 2.8054 0.2349 4.237 -7.43 0.208 0.191 14.48 5398.0 4.3025 12.339707 0.896656 12.633261 11.736605 77.0 2.25 338.31015 387.08786 218305.13063 543.36 120810.0 68.383 160150.0 101.29 "" "" 0.003859365232073204 0.002857051 0.0038412597 0.006698311 97.74210391471 -2.99054524071 359.706421 4.236999999999999 -7.43 8.939202796936035 -5.6397293138504025 0.44664085 0.42964083 54.1788 4.888956 18.021212736242795 57.09734212662548 7.962986227828222 5.276126535552339
96.61938087746 -4.62687097504 0.0113 0.0113 14.9838 "" "" 3104454347832973696 316.24826 3.1387 0.0133 -4.616 -0.848 0.012 0.012 0.955 5703.5 4.3856 12.340501 0.834815 12.675115 11.8403 27.54 1.38 314.84375 317.769165 218145.60595 115.17 116240.0 195.13 145560.0 155.98 "" "" 0.0028143141765154924 0.0033327076 0.0039544106 0.007287118 96.61938087746 -4.62687097504 316.24826 -4.616 -0.8480000000000001 0.0862027969360355 0.9422706861495972 0.25064084 0.25064084 4.718800000000002 4.018956 1.4183779907247913 4.927359289170266 0.3555034500942369 3.850206889823189
98.22662169796 -5.35278056775 0.0102 0.0108 90.5519 "" "" 3103486988059005568 330.092804 3.0027 0.0127 0.256 4.089 0.013 0.012 0.992 5784.5 4.3736 12.344756 0.832761 12.677156 11.844396 22.16 2.29 328.861725 331.515259 217292.3433 143.34 116030.0 254.89 145010.0 233.22 "" "" 0.002846886437729195 0.0036706612 0.004163282 0.007833943 98.22662169796 -5.35278056775 330.092804 0.25599999999999984 4.089 4.958202796936035 5.879270686149598 0.25164086 0.25064084 -0.6611999999999973 4.928956 12.033453942180635 12.051605669726449 3.021082249772576 3.028629001746121
94.82152558355 -4.14359190558 0.4124 0.3938 126.3314 "" "" 3020696854862782592 282.218201 3.7782 0.5093 0.752 5.973 0.553 0.503 8.671 "" "" 12.356236 0.724949 12.383411 11.658463 33.5 2.83 252.408279 331.884247 215006.84773 939.87 152070.0 77.351 172100.0 94.26 "" "" 0.005487946343938213 0.0028443001 0.0038258792 0.0066701793 94.82152558355 -4.14359190558 282.218201 0.752 5.973 5.454202796936035 7.763270686149597 0.7916408 0.74164087 10.678800000000003 5.468956 12.691849231550105 16.586735855990444 9.627140052053075 8.164727628557412
97.58481605506 -2.99455840769 0.012 0.0124 111.9143 "" "" 3117101445971731584 376.407013 2.6312 0.0149 10.71 -10.795 0.015 0.014 1.012 5702.6 4.2626 12.366185 0.865891 12.716268 11.850376 21.76 1.71 374.416382 378.477173 213045.71882 43.625 111920.0 79.319 144210.0 71.278 "" "" 0.0027642752204663696 0.0028943287 0.003817291 0.00671162 97.58481605506 -2.99455840769 376.407013 10.71 -10.795000000000007 15.412202796936036 -9.004729313850403 0.25364083 0.25264084 -1.061199999999996 4.348956 31.847353247854965 31.865028704422315 8.069696396029451 8.06652048765997
96.33050930816 -4.70131649797 0.0107 0.01 31.37 "" "" 3104494724825684608 321.552307 3.0856 0.012 -4.315 -1.738 0.013 0.012 1.013 5200.1 4.2819 12.368206 0.969207 12.762054 11.792848 26.27 6.18 320.501862 322.691101 212649.54085 418.09 107300.0 753.68 152060.0 762.63 "" "" 0.0034854815897132707 0.008120645 0.006628364 0.014749009 96.33050930816 -4.70131649797 321.552307 -4.315 -1.738 0.38720279693603477 0.05227068614959718 0.25164086 0.25064084 3.448800000000002 8.818956 0.5955114054062495 3.499836463889269 0.1498443623340647 8.69039109738566
97.51725753916 -4.66087695062 0.0116 0.0111 39.72 "" "" 3104346290755821824 366.720642 2.7033 0.0135 -8.146 -24.455 0.013 0.012 0.978 5713.9 4.2822 12.369355 0.86183 12.717073 11.855243 10.57 0.96 364.973022 368.20636 212424.52491 49.627 111840.0 70.29 143570.0 64.491 "" "" 0.002766971007629941 0.0028723995 0.0038107198 0.0066831196 97.51725753916 -4.66087695062 366.720642 -8.146 -24.455000000000002 -3.4437972030639656 -22.6647293138504 0.25164086 0.25064084 -12.251199999999997 3.5989563 39.8492903488547 41.690020901257945 9.988760601718901 9.606125924509088
96.76172153097 -3.55430954134 0.0108 0.0115 69.6738 "" "" 3116681810488925312 382.843903 2.5892 0.013 3.648 -4.469 0.013 0.015 0.993 5820.1 4.2988 12.377085 0.776954 12.684239 11.907286 -7.9 1.18 380.871307 385.213318 210917.62623 70.087 115270.0 122.73 136850.0 110.53 "" "" 0.0027788406681519577 0.0030201639 0.0038797827 0.0068999464 96.76172153097 -3.55430954134 382.843903 3.6480000000000024 -4.468999999999997 8.350202796936035 -2.678729313850403 0.25164086 0.25364083 -30.721199999999996 3.8189564 15.913562667242859 34.598173451849526 4.007482943159241 3.8596086833622856
96.64918395977 -3.79701969053 0.0143 0.0133 56.2518 "" "" 3116668204032549120 283.98526 3.5043 0.0161 2.1 -10.589 0.019 0.016 1.236 5100.7 4.3726 12.390388 1.061564 12.840152 11.778587 -9.12 1.54 282.582397 285.483154 208349.1883 93.064 99852.0 152.63 154070.0 147.78 "" "" 0.002797674855329798 0.0032464399 0.0039202375 0.007166677 96.64918395977 -3.79701969053 283.98526 2.0999999999999983 -10.589 6.802202796936035 -8.798729313850403 0.25764084 0.25464085 -31.941199999999995 4.178956 14.970531614488857 35.275445769832736 3.828971338369742 4.1181182144887964
96.37572248036 -4.50256303608 0.0124 0.0123 31.2929 "" "" 3104507403570316800 298.893311 3.3279 0.0148 -1.729 3.36 0.015 0.013 0.897 5709.8 4.4584 12.398623 0.856218 12.746596 11.890378 -3.78 1.0 297.696686 300.14798 206774.84233 40.492 108840.0 79.175 139000.0 68.936 "" "" 0.002763511344116955 0.002899802 0.0038175476 0.0067173494 96.37572248036 -4.50256303608 298.893311 -1.7289999999999996 3.359999999999998 2.973202796936035 5.150270686149597 0.25364083 0.25164086 -26.6012 3.6389563 8.425248870145559 27.903559987282787 2.124361285878317 3.5279147018773482
95.15977949667 -4.65670037519 0.0109 0.0107 101.4277 "" 4792-664-1 3020433586249694848 371.790527 2.665 0.0154 -4.612 0.69 0.015 0.013 1.074 5776.7 4.3043 12.409359 0.848352 12.751979 11.903627 1.67 0.79 369.324738 373.587738 204740.26123 71.726 108300.0 49.576 137310.0 56.117 "" "" 0.0027814501634931704 0.0028340907 0.0038053412 0.006639432 95.15977949667 -4.65670037519 371.790527 -4.612000000000004 0.6899999999999992 0.09020279693603506 2.480270686149597 0.25364083 0.25164086 -21.151199999999996 3.4289563 4.373838671831623 21.598697325700215 1.100648109006053 3.3653017720720095
98.82723497904 -5.11374571774 0.3117 0.329 120.34 "" "" 3103472346513487616 260.786896 4.075 0.3763 -10.051 2.042 0.424 0.452 21.344 "" "" 12.412162 0.810728 12.159176 11.348448 9.11 5.84 237.621902 282.947388 204212.29645 337.36 186960.0 323.35 228970.0 246.04 "" "" 0.003287695888606446 0.003363208 0.0039553596 0.0073185675 98.82723497904 -5.11374571774 260.786896 -10.051 2.042 -5.348797203063965 3.832270686149597 0.6626408 0.6906408 -13.711199999999998 8.478956 8.133690521452484 15.942205836670343 5.468030656054569 7.80779893918418
96.65598632094 -3.1224599775 0.0117 0.0122 96.102 "" "" 3117129449159861120 352.922607 2.8088 0.0139 2.215 -37.63 0.014 0.015 1.09 5609.4 4.361 12.417886 0.820454 12.744049 11.923595 12.69 8.52 350.733154 355.23111 203138.5612 162.86 109090.0 292.35 134810.0 283.67 "" "" 0.0028895469364619113 0.004031275 0.004416249 0.008447524 96.65598632094 -3.1224599775 352.922607 2.2149999999999994 -37.63 6.917202796936035 -35.839729313850405 0.25264084 0.25364083 -10.131199999999998 11.158957 61.061062654788344 61.89583658027402 15.485389973214616 15.385346903922404
98.89933342885 -4.24799102864 0.0127 0.0132 125.4111 "" 4806-3403-1 3104714455353350016 364.260681 2.7206 0.0162 -1.045 9.72 0.017 0.014 1.113 5637.3 4.3734 12.420037 0.821248 12.746957 11.925709 43.01 1.33 362.249023 366.505188 202736.48745 40.362 108800.0 105.69 134550.0 89.228 "" "" 0.0027637858710157404 0.002982858 0.0038473562 0.0068302145 98.89933342885 -4.24799102864 364.260681 -1.0449999999999995 9.72 3.6572027969360352 11.510270686149598 0.25564083 0.25264084 20.1888 3.9689565 20.8526339835994 29.024472251773407 5.273994324847603 4.688162839195878
95.81179352844 -5.69936251349 0.0116 0.0115 86.0027 "" "" 3008274709932210816 382.925842 2.5881 0.0146 0.525 -33.666 0.015 0.015 1.117 5887.3 4.3099 12.425665 0.786335 12.738146 11.951811 -17.65 0.91 380.863037 385.500671 201688.36874 59.776 109690.0 66.725 131350.0 39.053 "" "" 0.002774047067403225 0.002867273 0.003793143 0.006660416 95.81179352844 -5.69936251349 382.925842 0.5250000000000004 -33.66599999999997 5.2272027969360355 -31.8757293138504 0.25364083 0.25364083 -40.471199999999996 3.5489564 58.629403007429254 71.24131474395706 14.870810471509419 12.403172594341887
97.30853202896 -3.23562899725 0.0127 0.0121 92.6371 "" "" 3117066781295919232 372.369751 2.6642 0.0149 -7.875 -6.835 0.015 0.013 1.136 5897.2 4.3512 12.427423 0.784732 12.735647 11.950915 13.35 1.5 370.049286 374.250397 201361.93138 52.978 109940.0 72.348 131460.0 59.353 "" "" 0.0027700881632601307 0.0028801982 0.0038110395 0.006691238 97.30853202896 -3.23562899725 372.369751 -7.874999999999999 -6.835000000000001 -3.172797203063965 -5.044729313850403 0.25364083 0.25164086 -9.471199999999998 4.138956 10.5187556849546 14.154428656776108 2.6529284268828883 3.399563349450275
97.7778716297 -5.0010303685 0.2742 0.3 57.8378 "" "" 3104274131006595840 378.88089 2.8142 0.3549 -4.966 -7.939 0.343 0.325 24.243 5659.1 3.7211 12.437406 0.843602 12.736752 11.893149 5.67 1.32 332.115601 435.576172 199519.19444 522.14 109830.0 69.479 138640.0 73.904 "" "" 0.0039579197754083546 0.002873465 0.0038234408 0.006696906 97.7778716297 -5.0010303685 378.88089 -4.966 -7.938999999999998 -0.26379720306396504 -6.148729313850403 0.58164084 0.56364083 -17.151199999999996 3.9589562 11.052632761207207 20.404027847317565 6.230086479187354 4.739558798059297
97.08360714009 -6.14394223717 0.0136 0.0136 87.0063 "" "" 3007273192276405248 263.627777 3.769 0.0161 -5.04 -0.188 0.018 0.017 1.209 5453.8 4.501 12.456975 0.923499 12.83587 11.912371 -5.01 0.97 262.664276 264.910522 195955.26713 73.859 100250.0 137.85 136210.0 114.23 "" "" 0.002785545040849881 0.0031644846 0.003887518 0.0070520025 97.08360714009 -6.14394223717 263.627777 -5.04 -0.188 -0.3377972030639649 1.6022706861495972 0.25664085 0.25564083 -27.831199999999995 3.6089563 2.0462022344120543 27.906318944355824 0.5231800882399561 3.599446084167516
95.27366010431 -3.73190941409 0.1209 0.115 111.4004 "" "" 3116814198558979072 279.017487 3.599 0.1423 -4.618 -1.96 0.148 0.125 9.024 5530.1 3.924 12.463654 1.205924 12.982133 11.776209 17.09 18.41 266.443939 291.305481 194753.50674 387.64 87612.0 635.67 154410.0 989.37 "" "" 0.003501711993497811 0.008357105 0.007917093 0.016274199 95.27366010431 -3.73190941409 279.017487 -4.618 -1.9600000000000015 0.08420279693603483 -0.1697293138504028 0.38664085 0.36364084 -5.731199999999998 21.048956 0.25057965358796336 5.736675309165775 0.0922878188437091 21.02886635005328
96.77767278305 -3.53207384815 0.0116 0.0125 70.935 "" "" 3116682154086307200 370.667389 2.6723 0.0145 9.89 -9.09 0.014 0.014 1.122 5642.4 4.3596 12.46948 0.812646 12.792759 11.980113 57.46 1.37 368.920898 372.511749 193711.09537 38.032 104310.0 75.833 127970.0 47.105 "" "" 0.002763553757634896 0.0028996696 0.0038004539 0.0067001237 96.77767278305 -3.53207384815 370.667389 9.89 -9.09 14.592202796936036 -7.299729313850403 0.25264084 0.25264084 34.6388 4.0089564 28.666969205192128 44.96266883595138 7.242447277475562 5.5552403438662585
95.73309035306 -6.1617856304 0.0106 0.0107 109.8142 "" "" 3007975986365067392 365.557159 2.7158 0.0144 3.965 -10.373 0.014 0.013 1.023 5755.6 4.3392 12.469655 0.837638 12.807361 11.969723 29.48 1.21 363.721466 367.532166 193680.04437 63.211 102910.0 49.802 129200.0 57.234 "" "" 0.0027780124426395347 0.0028392118 0.0038098632 0.006649075 95.73309035306 -6.1617856304 365.557159 3.965 -10.373 8.667202796936035 -8.582729313850402 0.25264084 0.25164086 6.658800000000003 3.8489563 21.135437147042957 22.159564996556302 5.329221057373829 5.212851518823552
