Clusters/LP_2249/LP_2249_stars_in_region.tsv
# %ECSV 1.0
# ---
# datatype:
# - name: RA_ICRS_1
#   unit: deg
#   datatype: float64
#   format: '{:15.11f}'
#   description: Right ascension (ICRS) at Ep=2016.0 (ra)
#   meta: !!omap
#   - {ucd: POS_EQ_RA_MAIN}
#   - {width: 15}
#   - {precision: '11'}
# - name: DE_ICRS_1
#   unit: deg
#   datatype: float64
#   format: '{:15.11f}'
#   description: Declination (ICRS) at Ep=2016.0 (dec)
#   meta: !!omap
#   - {ucd: POS_EQ_DEC_MAIN}
#   - {width: 15}
#   - {precision: '11'}
# - name: e_RA_ICRS
#   unit: mas
#   datatype: float64
#   format: '{:7.4f}'
#   description: Standard error of right ascension (ra_error)
#   meta: !!omap
#   - {ucd: ERROR}
#   - {width: 7}
#   - {precision: '4'}
# - name: e_DE_ICRS
#   unit: mas
#   datatype: float64
#   format: '{:7.4f}'
#   description: Standard error of declination (dec_error)
#   meta: !!omap
#   - {ucd: ERROR}
#   - {width: 7}
#   - {precision: '4'}
# - name: _r_1
#   unit: ''
#   datatype: float64
#   format: '{:7.4f}'
#   description: Distance from center (344.81541547000+62.84320389000)[ICRS], at Epoch=J2016.0
#   meta: !!omap
#   - {ucd: POS_ANG_DIST_GENERAL}
#   - {width: 7}
#   - {precision: '4'}
# - name: HIP
#   datatype: int32
#   description: '? HIP cross-id number, van Leeuwen, Cat. I/311 (hip_original_ext_source_id)'
#   meta: !!omap
#   - {ucd: ID_NUMBER}
#   - {width: 6}
#   - values: {'null': -2147483648}
# - name: TYC2
#   datatype: string
#   description: Tycho-2 cross-id name, Hog et al., Cat. I/259 (tyc2_original_ext_source_id)
#   meta: !!omap
#   - {ucd: ID_CROSSID}
#   - {_votable_string_dtype: char}
# - name: Source
#   datatype: int64
#   description: Source identifier, identical to the Gaia-EDR3 source_id (id)
#   meta: !!omap
#   - {ucd: ID_MAIN}
#   - {width: 19}
# - name: rgeo
#   unit: pc
#   datatype: float64
#   format: '{:15.8f}'
#   description: '? Median of the geometric distance posterior (r_med_geo)'
#   meta: !!omap
#   - {ucd: PHYS_DISTANCE_TRUE}
#   - {width: 15}
#   - {precision: '8'}
#   - values: {'null': .nan}
# - name: Plx
#   unit: mas
#   datatype: float64
#   format: '{:9.4f}'
#   description: '? Parallax (parallax)'
#   meta: !!omap
#   - {ucd: POS_PARLX_TRIG}
#   - {width: 9}
#   - {precision: '4'}
#   - values: {'null': .nan}
# - name: e_Plx
#   unit: mas
#   datatype: float32
#   format: '{:7.4f}'
#   description: '? Standard error of parallax (parallax_error)'
#   meta: !!omap
#   - {ucd: ERROR}
#   - {width: 7}
#   - {precision: '4'}
#   - values: {'null': .nan}
# - name: pmRA
#   unit: mas / yr
#   datatype: float64
#   format: '{:9.3f}'
#   description: '? Proper motion in right ascension direction, pmRA*cosDE (pmra)'
#   meta: !!omap
#   - {ucd: POS_EQ_PMRA}
#   - {width: 9}
#   - {precision: '3'}
#   - values: {'null': .nan}
# - name: pmDE
#   unit: mas / yr
#   datatype: float64
#   format: '{:9.3f}'
#   description: '? Proper motion in declination direction (pmdec)'
#   meta: !!omap
#   - {ucd: POS_EQ_PMDEC}
#   - {width: 9}
#   - {precision: '3'}
#   - values: {'null': .nan}
# - name: e_pmRA
#   unit: mas / yr
#   datatype: float32
#   format: '{:6.3f}'
#   description: '? Standard error of proper motion in right ascension direction (pmra_error)'
#   meta: !!omap
#   - {ucd: ERROR}
#   - {width: 6}
#   - {precision: '3'}
#   - values: {'null': .nan}
# - name: e_pmDE
[...]
#         unit: &id001 !astropy.units.Unit {unit: deg}
#         value: !astropy.table.SerializedColumn {name: SkyCoord.dec}
#       distance: !astropy.table.SerializedColumn
#         __class__: astropy.coordinates.distances.Distance
#         unit: !astropy.units.Unit {unit: pc}
#         value: !astropy.table.SerializedColumn {name: SkyCoord.distance}
#       frame: icrs
#       obstime: !astropy.time.Time {format: jyear_str, in_subfmt: '*', jd1: 367701545.0, jd2: 0.0, out_subfmt: '*', precision: 3, scale: tt}
#       pm_dec: !astropy.table.SerializedColumn
#         __class__: astropy.units.quantity.Quantity
#         unit: !astropy.units.Unit {unit: mas / yr}
#         value: !astropy.table.SerializedColumn {name: SkyCoord.pm_dec}
#       pm_ra_cosdec: !astropy.table.SerializedColumn
#         __class__: astropy.units.quantity.Quantity
#         unit: !astropy.units.Unit {unit: mas / yr}
#         value: !astropy.table.SerializedColumn {name: SkyCoord.pm_ra_cosdec}
#       ra: !astropy.table.SerializedColumn
#         __class__: astropy.coordinates.angles.Longitude
#         unit: *id001
#         value: !astropy.table.SerializedColumn {name: SkyCoord.ra}
#         wrap_angle: !astropy.coordinates.Angle
#           unit: *id001
#           value: 360.0
#       representation_type: spherical
# schema: astropy-2.0
RA_ICRS_1 DE_ICRS_1 e_RA_ICRS e_DE_ICRS _r_1 HIP TYC2 Source rgeo Plx e_Plx pmRA pmDE e_pmRA e_pmDE RUWE Teff logg Gmag BP-RP BPmag RPmag RV e_RV b_rgeo B_rgeo FG e_FG FBP e_FBP FRP e_FRP RAVE5 RAVE6 e_Gmag e_BPmag e_RPmag e_BP-RP SkyCoord.ra SkyCoord.dec SkyCoord.distance SkyCoord.pm_ra_cosdec SkyCoord.pm_dec
[from data line 198]
345.66566717321 61.83873825353 0.0141 0.0144 64.7523 "" "" 2014796199669175424 945.060608 1.0555 0.0171 -7.996 -3.028 0.02 0.019 1.455 "" "" 12.141188 2.315402 13.354225 11.038823 -16.65 3.07 930.520813 962.681885 262102.80227 218.85 62191.0 193.63 304530.0 732.28 "" "" 0.0029006293122740847 0.0043831747 0.0045934664 0.008976641 345.66566717321 61.83873825353 945.060608 -7.996000000000001 -3.0280000000000005
346.99129790935 63.20808428582 0.0086 0.0081 63.1312 "" "" 2207463454702906112 701.667236 1.4053 0.0099 0.292 -4.052 0.011 0.01 0.868 8988.2 4.2235 12.142043 0.734093 12.427183 11.69309 3.06 2.37 696.668518 707.569275 261896.31078 37.912 146060.0 85.284 166690.0 47.62 "" "" 0.002759799274017768 0.002861285 0.0037920885 0.006653373 346.99129790935 63.20808428582 701.667236 0.29200000000000004 -4.052
343.98192763421 63.14108602298 0.0085 0.008 28.8991 "" "" 2208066773051352320 825.560303 1.1898 0.01 -1.766 -2.655 0.011 0.01 0.922 "" "" 12.144144 0.89712 12.501187 11.604067 -60.48 21.83 818.742676 831.529175 261390.14236 40.361 136440.0 70.618 180940.0 60.591 "" "" 0.0027604157437785036 0.0028461968 0.0037968296 0.006643026 343.98192763421 63.14108602298 825.560303 -1.7660000000000002 -2.655
345.72658481856 63.06305899254 0.0087 0.0097 28.1423 "" 4282-929-1 2207628686387543296 724.516174 1.3611 0.011 7.647 -0.175 0.012 0.012 0.906 "" "" 12.147045 0.911497 12.515086 11.603589 -9.75 4.47 717.212341 731.125 260692.60871 35.746 134700.0 74.167 181020.0 56.771 "" "" 0.002759339286142911 0.0028534948 0.00379469 0.0066481847 345.72658481856 63.06305899254 724.516174 7.646999999999999 -0.1750000000000001
344.65605416148 62.18448765212 0.0209 0.02 39.7686 "" "" 2207016498928234880 673.922485 1.4662 0.0248 2.791 3.779 0.031 0.026 2.497 6566.4 3.7888 12.149444 1.055004 12.534921 11.479917 -20.37 5.17 661.442993 687.325562 260117.36829 82.362 132270.0 144.45 202860.0 211.71 "" "" 0.0027766841302269496 0.0030316613 0.003945586 0.006977247 344.65605416148 62.18448765212 673.922485 2.791 3.779
345.59505521292 63.41894577288 0.0152 0.0152 40.4998 "" "" 2207687274041171200 830.04834 1.1848 0.0181 -1.415 -2.062 0.02 0.019 1.606 "" "" 12.15055 0.747011 12.43725 11.690239 20.22 32.97 820.737244 843.356201 259852.36116 33.769 144720.0 76.396 167130.0 60.877 "" "" 0.0027589305159666996 0.0028484287 0.003800017 0.0066484455 345.59505521292 63.41894577288 830.04834 -1.415 -2.0620000000000003
344.43494582395 62.22569426953 0.0819 0.0853 38.5173 "" "" 2207008634844992768 687.848572 1.4481 0.099 4.378 -1.51 0.115 0.107 9.841 6539.9 3.2322 12.159694 0.997323 12.565441 11.568118 -6.59 3.08 650.271667 737.34436 257673.30342 69.462 128600.0 66.676 187030.0 61.909 "" "" 0.0027708220044245406 0.00284639 0.003796431 0.0066428212 344.43494582395 62.22569426953 687.848572 4.377999999999999 -1.5099999999999998
347.11791780264 62.24098794546 0.0155 0.0139 73.2289 "" 4282-70-1 2015203293849782656 962.260132 1.018 0.0173 -2.264 -2.048 0.021 0.017 1.416 "" "" 12.161828 0.725143 12.437685 11.712542 "" "" 946.780762 978.282471 257167.06305 38.536 144660.0 117.1 163740.0 34.167 "" "" 0.002760119424049347 0.0029253187 0.0037861662 0.006711485 347.11791780264 62.24098794546 962.260132 -2.264 -2.0480000000000005
342.1822953338 63.30034489145 0.0122 0.0125 76.6187 "" "" 2208028015268324992 832.718506 1.1956 0.0144 -12.273 -7.649 0.017 0.015 1.08 "" "" 12.176288 2.530281 13.56811 11.037829 -34.99 0.3 822.131836 842.132141 253765.05437 62.532 51071.0 49.175 304810.0 134.04 "" "" 0.0027682790807208074 0.002979592 0.0038094209 0.006789013 342.1822953338 63.30034489145 832.718506 -12.273 -7.648999999999998
346.61967920329 61.87080709442 0.0099 0.011 76.9793 "" "" 2015160206736542208 907.857971 1.1008 0.0123 -6.713 -4.059 0.013 0.013 1.166 "" "" 12.191013 2.15909 13.308396 11.149306 -26.38 0.27 898.571594 918.33252 250346.43315 47.213 64872.0 54.804 275070.0 97.368 "" "" 0.002762918012779406 0.002937067 0.0037988725 0.0067359395 346.61967920329 61.87080709442 907.857971 -6.712999999999998 -4.058999999999999
344.21101083879 63.7419961424 0.0082 0.0089 56.336 "" 4282-355-1 2208149202062541312 777.948853 1.273 0.0096 -1.752 -0.48 0.011 0.011 0.883 7975.0 3.8704 12.194502 0.932725 12.570595 11.63787 -32.92 12.86 771.821594 783.840759 249543.27662 31.528 127990.0 72.495 175390.0 43.388 "" "" 0.002758732748181828 0.0028571386 0.0037889138 0.0066460525 344.21101083879 63.7419961424 777.948853 -1.7519999999999998 -0.48
345.49334886656 62.82279206162 0.0087 0.0101 18.6123 "" "" 2207610166495432064 821.399109 1.2178 0.0108 -1.14 -2.48 0.011 0.012 1.08 15014.5 3.9498 12.207441 1.809543 13.030897 11.221355 "" "" 814.570557 827.334351 246587.07932 88.89 83764.0 475.97 257400.0 1506.9 "" "" 0.0027829792546975526 0.0067710537 0.0073949643 0.014166018 345.49334886656 62.82279206162 821.399109 -1.14 -2.4800000000000004
343.8318611805 62.52452407919 0.0097 0.0096 33.1505 "" "" 2207218156231986432 795.233337 1.2541 0.0109 -3.299 -4.274 0.013 0.013 1.099 7884.8 3.3708 12.213445 1.848293 13.112766 11.264473 4.86 4.48 789.098816 801.880371 245227.31026 58.984 77680.0 77.752 247380.0 169.59 "" "" 0.002767668444575973 0.0029943376 0.0038519788 0.006846316 343.8318611805 62.52452407919 795.233337 -3.299 -4.273999999999999
345.02651994842 63.6717154006 0.0077 0.0081 50.0363 "" "" 2208458684527293952 976.133057 1.0204 0.0092 3.977 -0.666 0.01 0.011 0.948 5034.4 2.8083 12.223282 1.820402 13.115561 11.295158 -27.25 0.31 968.185913 984.578369 243015.53334 49.379 77481.0 70.086 240490.0 115.91 "" "" 0.0027641381714421432 0.0029579704 0.003815438 0.0067734085 345.02651994842 63.6717154006 976.133057 3.9770000000000003 -0.6659999999999999
347.07397178202 62.33979986259 0.0111 0.0096 69.3036 "" "" 2015207902352082304 834.793152 1.1983 0.0124 0.61 -3.388 0.016 0.012 1.116 9217.6 3.5006 12.228006 1.731774 13.050325 11.318551 -21.29 1.59 827.322388 843.170105 241960.4269 50.802 82279.0 64.247 235360.0 119.52 "" "" 0.0027647342855185372 0.0029161267 0.0038193874 0.006735514 347.07397178202 62.33979986259 834.793152 0.61 -3.388000000000001
344.2958705972 63.06633929724 0.024 0.0247 19.4972 "" "" 2207312817312431616 941.814697 1.0633 0.0291 -5.096 -5.466 0.032 0.033 2.821 5240.9 3.1581 12.229928 1.821887 13.119165 11.297278 -33.57 0.44 915.380615 969.808655 241532.56852 42.484 77224.0 56.921 240020.0 82.114 "" "" 0.0027619305626497537 0.0029026717 0.0037975912 0.006700263 344.2958705972 63.06633929724 941.814697 -5.096 -5.466000000000002
344.11347760485 63.18943640745 0.0384 0.0363 28.2262 "" "" 2208067322807165312 787.503113 1.2658 0.0449 -15.285 -7.872 0.051 0.047 4.631 5378.4 3.3626 12.232017 1.553515 12.952051 11.398536 -32.78 2.92 760.408142 820.211121 241067.99162 37.101 90073.0 51.103 218650.0 62.88 "" "" 0.0027603824072338643 0.0028573582 0.003792258 0.006649616 344.11347760485 63.18943640745 787.503113 -15.284999999999998 -7.872000000000002
343.70180951194 63.46303929987 0.0088 0.0085 47.8904 "" "" 2208112780741017344 691.134888 1.4439 0.0096 10.146 5.433 0.011 0.01 1.058 5118.4 3.2167 12.234963 1.672687 13.031788 11.359101 -0.62 0.44 685.664368 695.777405 240414.81737 33.331 83695.0 46.742 226730.0 78.741 "" "" 0.002759428831089898 0.0028552974 0.0037981449 0.006653442 343.70180951194 63.46303929987 691.134888 10.146 5.433
347.1825281618 63.45298690263 0.0132 0.0128 73.8448 "" 4283-566-1 2207657342410283776 786.132446 1.2518 0.0156 4.331 0.475 0.018 0.016 1.447 9225.6 4.0489 12.238684 0.712946 12.512691 11.799745 -28.18 15.1 775.542603 797.318237 239592.6301 34.7 135000.0 79.126 151100.0 61.864 "" "" 0.0027598035783042135 0.0028618202 0.0038054343 0.0066672545 347.1825281618 63.45298690263 786.132446 4.3309999999999995 0.4749999999999998
345.6185425948 62.43577585365 0.0471 0.0463 32.9852 "" "" 2207398716657113728 697.059814 1.4305 0.0535 -12.135 -7.762 0.065 0.058 4.717 "" "" 12.240332 2.476135 13.550474 11.074339 -11.64 0.25 670.464478 722.080994 239229.1378 203.85 51907.0 67.15 294730.0 127.41 "" "" 0.0029064973031710318 0.0031237595 0.0038084148 0.0069321743 345.6185425948 62.43577585365 697.059814 -12.135000000000002 -7.7620000000000005
344.13575446641 62.6449519242 0.0181 0.0162 22.142 "" "" 2207220771873063040 816.830994 1.2177 0.0196 -0.552 -2.606 0.024 0.02 1.983 "" "" 12.248787 1.231318 12.77169 11.540372 "" "" 804.579285 828.180847 237373.28216 41.086 106350.0 73.757 191870.0 104.95 "" "" 0.002761721473358882 0.0028899903 0.0038257577 0.006715748 344.13575446641 62.6449519242 816.830994 -0.5519999999999998 -2.6060000000000003
347.03526519447 62.21896857868 0.0123 0.0123 71.9475 "" "" 2015203362569259648 954.314087 1.0431 0.0147 -2.867 -7.468 0.017 0.015 1.314 "" "" 12.258231 2.097538 13.332048 11.23451 12.14 0.54 940.329834 968.23761 235317.53547 47.983 63474.0 58.77 254300.0 90.604 "" "" 0.002764200210331296 0.0029657416 0.0037991272 0.0067648687 347.03526519447 62.21896857868 954.314087 -2.866999999999999 -7.468
345.61658149136 62.66790100231 0.0078 0.0087 24.3901 "" "" 2207419710457253760 759.597717 1.2995 0.0095 -11.888 -7.201 0.01 0.011 0.949 "" "" 12.265081 0.797256 12.580674 11.783418 -48.52 1.16 754.373535 764.538635 233837.53363 32.828 126810.0 69.096 153390.0 42.757 "" "" 0.002759533040149612 0.0028521977 0.00379148 0.006643678 345.61658149136 62.66790100231 759.597717 -11.887999999999996 -7.200999999999999
344.59641301944 61.79225243391 0.0074 0.0077 63.3518 "" 4278-301-1 2206934898846558848 716.525879 1.3809 0.0088 0.46 0.331 0.01 0.01 0.918 9416.0 4.0277 12.268278 0.884241 12.620625 11.736384 -12.07 13.48 713.215698 719.859253 233150.14082 26.732 122230.0 67.494 160180.0 39.71 "" "" 0.002758130913749465 0.0028538546 0.0037889543 0.006642809 344.59641301944 61.79225243391 716.525879 0.46 0.33100000000000007
344.82291441003 61.66351158917 0.0125 0.0121 70.7818 "" "" 2206941148022230784 778.990295 1.2761 0.0144 15.704 6.418 0.016 0.015 1.114 4917.5 2.5556 12.274297 2.53999 13.671443 11.131453 -41.64 0.25 769.772766 787.863586 231861.20729 122.15 46434.0 99.27 279630.0 385.91 "" "" 0.0028140653657064587 0.0036294435 0.004065577 0.00769502 344.82291441003 61.66351158917 778.990295 15.703999999999997 6.417999999999999
345.20815625411 62.88663880034 0.0133 0.0142 11.0589 "" "" 2207250664846092544 814.57074 1.2204 0.0157 -1.335 -2.513 0.017 0.018 1.598 "" "" 12.274718 1.577939 13.003758 11.425819 "" "" 803.549988 824.214478 231771.23459 39.538 85884.0 67.361 213220.0 65.956 "" "" 0.002761538433398626 0.0029172283 0.0037942752 0.0067115035 345.20815625411 62.88663880034 814.57074 -1.335 -2.513
346.91891385701 62.11093147075 0.0094 0.0095 73.0137 "" "" 2015190481964828160 731.991577 1.345 0.0114 -4.296 -0.55 0.012 0.011 1.053 8093.9 4.2383 12.278403 0.563733 12.490114 11.926381 -16.14 6.1 726.768005 739.264343 230985.79693 42.722 137840.0 65.647 134460.0 52.395 "" "" 0.0027626282841374575 0.00283768 0.0038029887 0.006640669 346.91891385701 62.11093147075 731.991577 -4.296000000000002 -0.5500000000000002
343.02010363243 62.79750208989 0.0208 0.0207 49.2787 "" "" 2208031760480550912 925.776306 1.0674 0.0239 -1.764 -2.024 0.028 0.024 2.138 10093.9 3.7984 12.2844 1.13522 12.758302 11.623082 8.77 15.7 903.37323 947.039917 229713.65745 36.691 107670.0 81.34 177800.0 44.097 "" "" 0.002760772284090276 0.002908233 0.0037889627 0.0066971956 343.02010363243 62.79750208989 925.776306 -1.764 -2.024
346.71301946578 63.30864562967 0.0093 0.0078 58.6298 "" "" 2207650436102867584 830.547852 1.1893 0.0103 -1.234 -1.862 0.012 0.009 0.931 "" "" 12.28476 0.923865 12.653379 11.729514 -14.65 14.68 824.271423 837.485718 229637.40505 28.442 118590.0 66.904 161200.0 41.404 "" "" 0.002758599816835392 0.0028566138 0.0037896563 0.00664627 346.71301946578 63.30864562967 830.547852 -1.234 -1.8620000000000005
345.58595978825 62.85085417304 0.009 0.0108 21.104 "" "" 2207610308227139968 832.046448 1.1958 0.0115 -1.054 -2.183 0.012 0.013 1.13 "" "" 12.306055 1.459796 12.961786 11.50199 -20.01 17.89 823.68512 840.172729 225177.26773 68.869 89269.0 77.429 198780.0 184.44 "" "" 0.0027752579696646335 0.0029448103 0.003911343 0.0068561533 345.58595978825 62.85085417304 832.046448 -1.054 -2.183
344.71875602973 61.57091097187 0.015 0.0146 76.3854 "" "" 2206916413308119168 878.512573 1.1298 0.0173 -3.915 -3.579 0.02 0.017 1.015 "" "" 12.321276 1.813438 13.196982 11.383544 "" "" 866.753113 889.812561 222042.64262 71.948 71883.0 73.652 221690.0 157.36 "" "" 0.0027776894685209506 0.0030037654 0.0038571584 0.006860924 344.71875602973 61.57091097187 878.512573 -3.9150000000000005 -3.5790000000000006
345.25489706213 63.58055360777 0.0078 0.0076 45.8091 "" "" 2208455141173043968 680.025146 1.4604 0.0087 12.798 0.005 0.01 0.01 0.921 "" "" 12.322309 1.173705 12.828105 11.6544 -48.19 0.52 675.563843 684.13147 221831.29129 30.595 100970.0 43.332 172740.0 64.399 "" "" 0.002759386332205708 0.0028288087 0.0038009956 0.006629804 345.25489706213 63.58055360777 680.025146 12.797999999999998 0.004999999999999535
345.22163754173 61.91215909125 0.0089 0.0097 56.9939 "" 4282-585-1 2206954101643362816 699.861511 1.4137 0.0107 -5.345 -2.687 0.013 0.012 0.992 "" "" 12.329116 0.846724 12.66725 11.820526 -11.2 5.88 695.021912 707.214722 220445.0645 33.475 117090.0 63.662 148230.0 47.101 "" "" 0.0027602485175193714 0.0028519328 0.0037950957 0.0066470285 345.22163754173 61.91215909125 699.861511 -5.344999999999999 -2.687
346.29241152302 61.99418257521 0.0155 0.0165 65.4076 "" "" 2015171579809802112 740.833862 1.3384 0.0183 -2.181 -0.614 0.02 0.02 1.911 7754.9 4.0429 12.329168 0.900994 12.689422 11.788427 -8.37 6.73 731.835449 751.964355 220434.38194 107.55 114720.0 232.24 152680.0 161.22 "" "" 0.002805780523451425 0.0035519192 0.0039494443 0.0075013638 346.29241152302 61.99418257521 740.833862 -2.181 -0.6140000000000001
344.15091917534 62.52348967205 0.0087 0.0089 26.5091 "" "" 2207216270747383296 825.6604 1.2075 0.0102 -0.423 -3.168 0.012 0.012 1.083 "" "" 12.330094 2.057918 13.374959 11.317041 -23.19 2.14 820.208252 832.751038 220246.56287 37.095 61015.0 38.969 235690.0 85.205 "" "" 0.0027613817202460883 0.0028750482 0.003799709 0.006674757 344.15091917534 62.52348967205 825.6604 -0.42300000000000004 -3.1680000000000006
345.05831127347 62.93063716992 0.0136 0.0145 8.4638 "" "" 2207254410058941696 805.339294 1.2261 0.0162 -1.995 -1.765 0.018 0.017 1.529 "" "" 12.330376 0.925463 12.703607 11.778144 "" "" 797.164124 815.904114 220189.52264 26.179 113230.0 58.248 154130.0 33.091 "" "" 0.0027583423866053875 0.002845523 0.0037865636 0.006632087 345.05831127347 62.93063716992 805.339294 -1.9950000000000006 -1.765
345.13322791148 62.54191351746 0.0073 0.0083 20.0828 "" "" 2207042681048138112 770.268555 1.2916 0.009 -5.194 -1.031 0.01 0.01 1.002 6681.2 3.5184 12.338457 1.461596 13.002891 11.541294 -16.5 3.61 766.437134 775.04187 218556.63667 30.715 85953.0 48.465 191710.0 39.184 "" "" 0.0027595418959818264 0.0028565424 0.0037858915 0.006642434 345.13322791148 62.54191351746 770.268555 -5.194000000000001 -1.031
345.68403624723 62.99713377375 0.0083 0.0095 25.4594 "" "" 2207616385601209344 839.096619 1.182 0.0102 -1.204 -2.768 0.011 0.012 0.983 "" "" 12.341063 1.162208 12.831723 11.669516 "" "" 832.101501 846.211243 218032.80962 35.568 100630.0 62.528 170350.0 43.783 "" "" 0.002761007076778557 0.0028705723 0.0037896698 0.006660242 345.68403624723 62.99713377375 839.096619 -1.2040000000000002 -2.768
