Clusters/LP_2249/LP_2249_stars_in_region.tsv
# %ECSV 1.0
# ---
# datatype:
# - name: RA_ICRS_1
#   unit: deg
#   datatype: float64
#   format: '{:15.11f}'
#   description: Right ascension (ICRS) at Ep=2016.0 (ra)
#   meta: !!omap
#   - {ucd: POS_EQ_RA_MAIN}
#   - {width: 15}
#   - {precision: '11'}
# - name: DE_ICRS_1
#   unit: deg
#   datatype: float64
#   format: '{:15.11f}'
#   description: Declination (ICRS) at Ep=2016.0 (dec)
#   meta: !!omap
#   - {ucd: POS_EQ_DEC_MAIN}
#   - {width: 15}
#   - {precision: '11'}
# - name: e_RA_ICRS
#   unit: mas
#   datatype: float64
#   format: '{:7.4f}'
#   description: Standard error of right ascension (ra_error)
#   meta: !!omap
#   - {ucd: ERROR}
#   - {width: 7}
#   - {precision: '4'}
# - name: e_DE_ICRS
#   unit: mas
#   datatype: float64
#   format: '{:7.4f}'
#   description: Standard error of declination (dec_error)
#   meta: !!omap
#   - {ucd: ERROR}
#   - {width: 7}
#   - {precision: '4'}
# - name: _r_1
#   unit: ''
#   datatype: float64
#   format: '{:7.4f}'
#   description: Distance from center (344.81541547000+62.84320389000)[ICRS], at Epoch=J2016.0
#   meta: !!omap
#   - {ucd: POS_ANG_DIST_GENERAL}
#   - {width: 7}
#   - {precision: '4'}
# - name: HIP
#   datatype: int32
#   description: '? HIP cross-id number, van Leeuwen, Cat. I/311 (hip_original_ext_source_id)'
#   meta: !!omap
#   - {ucd: ID_NUMBER}
#   - {width: 6}
#   - values: {'null': -2147483648}
# - name: TYC2
#   datatype: string
#   description: Tycho-2 cross-id name, Hog et al., Cat. I/259 (tyc2_original_ext_source_id)
#   meta: !!omap
#   - {ucd: ID_CROSSID}
#   - {_votable_string_dtype: char}
# - name: Source
#   datatype: int64
#   description: Source identifier, identical to the Gaia-EDR3 source_id (id)
#   meta: !!omap
#   - {ucd: ID_MAIN}
#   - {width: 19}
# - name: rgeo
#   unit: pc
#   datatype: float64
#   format: '{:15.8f}'
#   description: '? Median of the geometric distance posterior (r_med_geo)'
#   meta: !!omap
#   - {ucd: PHYS_DISTANCE_TRUE}
#   - {width: 15}
#   - {precision: '8'}
#   - values: {'null': .nan}
# - name: Plx
#   unit: mas
#   datatype: float64
#   format: '{:9.4f}'
#   description: '? Parallax (parallax)'
#   meta: !!omap
#   - {ucd: POS_PARLX_TRIG}
#   - {width: 9}
#   - {precision: '4'}
#   - values: {'null': .nan}
# - name: e_Plx
#   unit: mas
#   datatype: float32
#   format: '{:7.4f}'
#   description: '? Standard error of parallax (parallax_error)'
#   meta: !!omap
#   - {ucd: ERROR}
#   - {width: 7}
#   - {precision: '4'}
#   - values: {'null': .nan}
# - name: pmRA
#   unit: mas / yr
#   datatype: float64
#   format: '{:9.3f}'
#   description: '? Proper motion in right ascension direction, pmRA*cosDE (pmra)'
#   meta: !!omap
#   - {ucd: POS_EQ_PMRA}
#   - {width: 9}
#   - {precision: '3'}
#   - values: {'null': .nan}
# - name: pmDE
#   unit: mas / yr
#   datatype: float64
#   format: '{:9.3f}'
#   description: '? Proper motion in declination direction (pmdec)'
#   meta: !!omap
#   - {ucd: POS_EQ_PMDEC}
#   - {width: 9}
#   - {precision: '3'}
#   - values: {'null': .nan}
# - name: e_pmRA
#   unit: mas / yr
#   datatype: float32
#   format: '{:6.3f}'
#   description: '? Standard error of proper motion in right ascension direction (pmra_error)'
#   meta: !!omap
#   - {ucd: ERROR}
#   - {width: 6}
#   - {precision: '3'}
#   - values: {'null': .nan}
# - name: e_pmDE
[...]
#         unit: &id001 !astropy.units.Unit {unit: deg}
#         value: !astropy.table.SerializedColumn {name: SkyCoord.dec}
#       distance: !astropy.table.SerializedColumn
#         __class__: astropy.coordinates.distances.Distance
#         unit: !astropy.units.Unit {unit: pc}
#         value: !astropy.table.SerializedColumn {name: SkyCoord.distance}
#       frame: icrs
#       obstime: !astropy.time.Time {format: jyear_str, in_subfmt: '*', jd1: 367701545.0, jd2: 0.0, out_subfmt: '*', precision: 3, scale: tt}
#       pm_dec: !astropy.table.SerializedColumn
#         __class__: astropy.units.quantity.Quantity
#         unit: !astropy.units.Unit {unit: mas / yr}
#         value: !astropy.table.SerializedColumn {name: SkyCoord.pm_dec}
#       pm_ra_cosdec: !astropy.table.SerializedColumn
#         __class__: astropy.units.quantity.Quantity
#         unit: !astropy.units.Unit {unit: mas / yr}
#         value: !astropy.table.SerializedColumn {name: SkyCoord.pm_ra_cosdec}
#       ra: !astropy.table.SerializedColumn
#         __class__: astropy.coordinates.angles.Longitude
#         unit: *id001
#         value: !astropy.table.SerializedColumn {name: SkyCoord.ra}
#         wrap_angle: !astropy.coordinates.Angle
#           unit: *id001
#           value: 360.0
#       representation_type: spherical
# schema: astropy-2.0
RA_ICRS_1 DE_ICRS_1 e_RA_ICRS e_DE_ICRS _r_1 HIP TYC2 Source rgeo Plx e_Plx pmRA pmDE e_pmRA e_pmDE RUWE Teff logg Gmag BP-RP BPmag RPmag RV e_RV b_rgeo B_rgeo FG e_FG FBP e_FBP FRP e_FRP RAVE5 RAVE6 e_Gmag e_BPmag e_RPmag e_BP-RP SkyCoord.ra SkyCoord.dec SkyCoord.distance SkyCoord.pm_ra_cosdec SkyCoord.pm_dec
[from data line 598]
345.44645435746 62.92739372264 0.0107 0.0126 17.9807 "" "" 2207614637554160768 911.201477 1.0658 0.0131 -3.446 3.671 0.014 0.015 1.162 9218.2 3.9678 13.644896 1.497054 14.326523 12.829469 9.5 3.97 901.101868 921.479553 65612.80673 10.651 25398.0 21.73 58529.0 21.56 "" "" 0.0027609514716388844 0.0029407423 0.0038004848 0.006741227 345.44645435746 62.92739372264 911.201477 -3.4460000000000006 3.6709999999999994
342.96448690002 62.29925583283 0.0101 0.0105 60.678 "" "" 2207162978792633088 724.88501 1.3492 0.0117 -6.212 -6.644 0.013 0.013 0.959 6396.5 3.925 13.645221 1.474445 14.317705 12.84326 -12.97 3.17 718.637207 731.069275 65593.17217 13.457 25606.0 22.405 57790.0 39.882 "" "" 0.0027643093347200875 0.0029474674 0.0038529416 0.006800409 342.96448690002 62.29925583283 724.88501 -6.212 -6.644
346.6411528179 63.05254406462 0.0093 0.0097 51.3778 "" "" 2207454967847557504 682.784241 1.4354 0.0113 -3.592 -7.865 0.012 0.012 0.966 6228.4 4.1736 13.650833 1.140012 14.13831 12.998298 -43.33 2.4 678.204407 687.401855 65254.93383 8.8241 30206.0 22.671 50100.0 21.045 "" "" 0.0027592290827601644 0.002906734 0.0038068006 0.0067135347 346.6411528179 63.05254406462 682.784241 -3.5920000000000014 -7.865000000000002
342.37201106482 62.42882887577 0.0101 0.0102 71.8203 "" "" 2207176379090457472 827.201172 1.1815 0.0119 -2.665 -3.868 0.013 0.012 1.091 "" "" 13.652148 1.250564 14.19175 12.941186 "" "" 819.458435 837.237854 65175.98632 9.1954 28755.0 22.237 52806.0 19.832 "" "" 0.0027595749831137517 0.0029137644 0.003801315 0.00671508 342.37201106482 62.42882887577 827.201172 -2.665 -3.8679999999999994
344.93933029981 63.29230945081 0.0119 0.0111 27.1559 "" "" 2207322098742278656 830.387695 1.1746 0.0137 -0.97 -2.023 0.016 0.015 1.149 "" "" 13.65604 1.385933 14.272822 12.886889 "" "" 820.645752 839.447327 64942.72412 12.604 26686.0 27.02 55514.0 29.677 "" "" 0.0027633659904032475 0.0029989271 0.003823691 0.006822618 344.93933029981 63.29230945081 830.387695 -0.9700000000000004 -2.0229999999999997
346.40471358681 63.20223068634 0.0109 0.0094 48.323 "" "" 2207648103940310400 840.800293 1.1589 0.012 -0.89 -1.896 0.014 0.012 0.928 6576.7 3.8746 13.656818 1.419461 14.295684 12.876223 -20.74 4.99 832.173645 847.742798 64896.23361 16.227 26130.0 35.583 56062.0 35.955 "" "" 0.0027686625939402107 0.0031577004 0.0038429939 0.007000694 346.40471358681 63.20223068634 840.800293 -0.8899999999999999 -1.8959999999999997
344.0615146831 61.90019310869 0.031 0.0352 60.3429 "" "" 2206988465678385536 853.512817 1.1288 0.0386 -1.038 -5.87 0.041 0.042 1.068 "" "" 13.664345 4.367076 16.56363 12.196553 -4.81 0.42 819.458923 878.488892 64447.88189 42.252 3235.7 19.617 104840.0 126.5 "" "" 0.002845779357113299 0.0071493997 0.0039999946 0.011149394 344.0615146831 61.90019310869 853.512817 -1.0379999999999996 -5.87
345.70815418551 63.06758339643 0.0112 0.0125 27.8278 "" "" 2207628862486157440 835.5177 1.1681 0.0141 -0.965 -2.242 0.016 0.015 0.94 7451.9 3.9484 13.664757 1.462742 14.329497 12.866756 -46.68 12.35 825.468933 844.850037 64423.47078 11.879 25329.0 22.451 56553.0 25.745 "" "" 0.0027625837000596113 0.0029514749 0.0038115648 0.0067630396 345.70815418551 63.06758339643 835.5177 -0.965 -2.242
342.79371598218 62.69745115573 0.011 0.0107 56.185 "" "" 2207937172417804160 921.82605 1.0549 0.0124 -0.701 -1.053 0.014 0.013 1.067 "" "" 13.668704 1.44317 14.316969 12.873799 "" "" 911.381042 933.013794 64189.6618 10.898 25623.0 19.136 56187.0 22.041 "" "" 0.002761479407350696 0.0029056051 0.0038033049 0.0067089098 342.79371598218 62.69745115573 921.82605 -0.7010000000000001 -1.053
345.12980470135 63.81010170645 0.0098 0.0104 58.6284 "" "" 2208473832870737920 783.351746 1.253 0.0114 0.179 1.795 0.013 0.013 0.994 6448.6 3.8935 13.669638 1.559661 14.394551 12.83489 -14.88 2.22 776.416687 789.308716 64134.46898 11.629 23856.0 21.078 58237.0 38.856 "" "" 0.002762344369805206 0.0029504765 0.0038481806 0.006798657 345.12980470135 63.81010170645 783.351746 0.17899999999999988 1.7950000000000002
346.13253964414 63.31772036041 0.012 0.0104 45.7229 "" "" 2207641468209065472 682.730469 1.4331 0.0129 3.033 1.445 0.016 0.013 1.03 5952.8 4.2215 13.671209 1.131208 14.153466 13.022258 -35.69 3.52 676.90155 687.530518 64041.73839 8.7351 29787.0 23.34 49007.0 25.499 "" "" 0.0027592970822323806 0.0029169868 0.0038213695 0.0067383563 346.13253964414 63.31772036041 682.730469 3.0329999999999995 1.4449999999999998
346.54883470837 61.90201990813 0.0106 0.0111 74.2581 "" "" 2015163097252869504 941.034363 1.0342 0.0123 4.58 0.18 0.014 0.013 1.103 "" "" 13.679879 1.512661 14.373092 12.860431 -28.93 3.08 928.579468 951.08197 63532.34948 12.346 24332.0 37.648 56883.0 20.679 "" "" 0.002763386492562455 0.003256866 0.0037999365 0.0070568025 346.54883470837 61.90201990813 941.034363 4.58 0.18000000000000005
345.11335250966 61.6231632221 0.0249 0.024 73.6744 "" "" 2014787270436271232 706.599854 1.381 0.0287 -0.888 -2.556 0.033 0.031 2.834 5426.3 3.6518 13.686757 1.80446 14.560923 12.756463 -15.03 3.35 693.074036 723.111572 63131.1847 63.254 20467.0 68.059 62600.0 169.1 "" "" 0.002962296983345202 0.0045629 0.0047838776 0.009346778 345.11335250966 61.6231632221 706.599854 -0.8880000000000001 -2.556
346.69522529376 63.56580258431 0.0104 0.0106 66.8163 "" "" 2207669338258423296 755.114075 1.2945 0.0124 -4.503 -4.246 0.013 0.012 0.992 6635.4 4.126 13.687221 1.055079 14.127749 13.07267 -11.6 4.6 749.061584 762.610596 63104.22399 10.966 30501.0 21.959 46783.0 17.68 "" "" 0.002761772549878948 0.0028975946 0.00380159 0.006699185 346.69522529376 63.56580258431 755.114075 -4.503000000000001 -4.246
346.66767195341 63.33270598778 0.0112 0.0103 58.2457 "" "" 2207651161956989568 844.648376 1.1583 0.0129 -1.012 -1.812 0.016 0.012 0.917 6734.4 3.9694 13.689015 1.378604 14.304907 12.926303 4.06 6.17 835.54895 853.349915 63000.01849 11.618 25909.0 21.539 53535.0 24.736 "" "" 0.0027625855358017963 0.002932533 0.0038125315 0.0067450646 346.66767195341 63.33270598778 844.648376 -1.012 -1.8119999999999998
344.51265216229 63.61609295939 0.0113 0.0111 47.0895 "" "" 2208097013920997120 842.668152 1.1547 0.0127 -1.408 -1.776 0.015 0.014 0.941 "" "" 13.693261 1.551196 14.411467 12.860271 -0.82 9.05 832.550232 851.640991 62754.14264 48.298 23487.0 72.876 56892.0 133.64 "" "" 0.0028792459651547095 0.004374263 0.004559419 0.008933682 344.51265216229 63.61609295939 842.668152 -1.408 -1.7759999999999998
345.36216312025 61.68830986589 0.009 0.0097 70.9548 "" "" 2014793558268401024 782.962036 1.2489 0.0111 -10.758 -5.803 0.012 0.012 0.985 6244.8 4.0232 13.694391 1.138699 14.177147 13.038448 -18.45 3.21 777.228027 790.06543 62688.86352 10.073 29145.0 27.1 48281.0 20.43 "" "" 0.0027608377822077894 0.0029671951 0.0038072036 0.0067743985 345.36216312025 61.68830986589 782.962036 -10.758 -5.802999999999999
345.89685434935 63.05952505479 0.0121 0.0125 32.2348 "" "" 2207622643373551104 822.399658 1.1864 0.0146 -1.025 -2.027 0.017 0.016 1.189 8330.5 4.0087 13.694624 1.493269 14.367653 12.874384 -37.32 3.46 812.968384 833.550415 62675.40734 25.589 24454.0 32.934 56157.0 40.051 "" "" 0.0027907505571210032 0.0031501106 0.0038578925 0.007008003 345.89685434935 63.05952505479 822.399658 -1.0250000000000001 -2.027
347.10359877078 62.86456874633 0.0096 0.0106 62.6504 "" "" 2207388275595555584 668.925049 1.4647 0.0115 -8.198 -1.776 0.013 0.014 0.993 5856.1 4.2234 13.694645 0.946384 14.082317 13.135933 -7.67 2.61 662.762939 673.750122 62674.16977 9.5132 31805.0 20.192 44135.0 20.859 "" "" 0.0027602443886675034 0.0028740533 0.003814058 0.0066881115 347.10359877078 62.86456874633 668.925049 -8.198 -1.7759999999999998
343.50666355057 63.57118312029 0.0101 0.0097 56.2182 "" "" 2208117767203494016 685.960266 1.4274 0.0112 -9.096 -4.638 0.013 0.012 1.028 5821.1 3.9345 13.696118 1.3621 14.30403 12.941931 -23.68 2.49 680.866577 691.060669 62589.21747 9.7914 25930.0 19.994 52770.0 23.114 "" "" 0.0027605504810943766 0.0029130613 0.0038091852 0.0067222463 343.50666355057 63.57118312029 685.960266 -9.096000000000002 -4.638
346.11795856624 63.6855631737 0.0109 0.0101 61.5651 "" "" 2207709023755993856 875.372375 1.1138 0.0121 0.498 -0.724 0.014 0.012 0.965 5231.3 3.4675 13.702126 1.72447 14.525408 12.800938 16.6 8.3 867.69989 883.640686 62243.83862 61.274 21147.0 74.111 60087.0 167.66 "" "" 0.0029553618141639902 0.004718401 0.004843727 0.009562128 346.11795856624 63.6855631737 875.372375 0.498 -0.724
342.85728669362 62.38101006827 0.0106 0.0096 60.7419 "" "" 2207165933730099072 769.380798 1.2729 0.0114 -7.189 -4.07 0.013 0.012 0.99 "" "" 13.702448 1.445579 14.355582 12.910004 "" "" 763.606079 776.930786 62225.36894 13.169 24728.0 19.811 54345.0 37.51 "" "" 0.0027648847388591813 0.0029226148 0.0038529627 0.0067755776 342.85728669362 62.38101006827 769.380798 -7.189000000000001 -4.07
345.57829499747 62.20029096921 0.0116 0.0101 43.9774 "" "" 2206973313034194944 934.303284 1.019 0.0132 6.519 4.103 0.017 0.013 1.106 5359.9 2.6751 13.702574 2.956829 15.417882 12.461053 -48.83 0.85 924.983643 946.578552 62218.1698 20.3 9295.3 12.733 82174.0 50.244 "" "" 0.0027779990206198116 0.0031618094 0.0038372427 0.006999052 345.57829499747 62.20029096921 934.303284 6.519 4.103
343.66898258488 62.63600311366 0.0152 0.0154 33.8699 "" "" 2207269700140381056 845.889465 1.1524 0.0172 -5.026 -4.47 0.02 0.021 1.352 7976.3 4.1407 13.70824 1.302813 14.27638 12.973567 "" "" 835.552856 859.693115 61894.33649 10.853 26599.0 28.451 51254.0 18.031 "" "" 0.002761889617243638 0.0030222079 0.0037986338 0.0068208417 343.66898258488 62.63600311366 845.889465 -5.025999999999999 -4.469999999999999
342.60609873348 63.21459035954 0.011 0.0104 64.1136 "" "" 2208012523325271552 766.879761 1.2713 0.0127 -5.655 -0.883 0.014 0.013 1.055 7047.9 3.7539 13.713114 1.930537 14.672827 12.74229 -4.1 5.33 759.930725 773.567505 61617.08014 13.822 18462.0 19.618 63422.0 24.849 "" "" 0.0027660635616378044 0.003019291 0.0038032471 0.006822538 342.60609873348 63.21459035954 766.879761 -5.655 -0.883
344.35704399163 61.76617587717 0.012 0.0127 65.8733 "" "" 2206936307595599872 971.271179 0.9986 0.0147 -2.52 -2.191 0.016 0.015 1.291 "" "" 13.713241 2.006697 14.719445 12.712749 "" "" 955.634827 985.447205 61609.89369 13.822 17686.0 17.802 65172.0 26.023 "" "" 0.002766066063221593 0.0029965623 0.0038041656 0.006800728 344.35704399163 61.76617587717 971.271179 -2.5199999999999996 -2.191
344.62188146911 62.80414723084 0.0098 0.0098 5.7982 "" "" 2207247057073836416 788.072083 1.2403 0.0112 -5.679 1.798 0.012 0.013 1.008 7037.5 4.0338 13.715232 1.48024 14.390231 12.909991 -34.49 2.84 780.648071 795.323608 61496.99976 10.065 23951.0 20.373 54345.0 19.386 "" "" 0.0027610444063634206 0.002939043 0.0037991751 0.0067382185 344.62188146911 62.80414723084 788.072083 -5.679 1.7979999999999992
345.98030795727 62.18511859564 0.0116 0.0113 50.9851 "" "" 2207334468244769152 923.684082 1.0546 0.0135 -3.385 -1.444 0.016 0.015 1.039 "" "" 13.716231 1.690362 14.513367 12.823005 "" "" 913.158142 934.053223 61440.41469 34.382 21383.0 48.29 58878.0 81.297 "" "" 0.0028215136311577306 0.0037144504 0.004065856 0.007780306 345.98030795727 62.18511859564 923.684082 -3.385 -1.4439999999999997
345.86743609552 63.95872621912 0.0099 0.0101 72.6513 "" "" 2208470023241398400 804.994995 1.2154 0.0117 5.659 0.161 0.013 0.012 1.047 6776.4 4.1287 13.717921 1.261311 14.228285 12.966974 -6.0 6.95 798.03064 815.568604 61344.84519 11.39 27804.0 92.798 51567.0 210.74 "" "" 0.0027626849468650725 0.0045734514 0.005828516 0.010401968 345.86743609552 63.95872621912 804.994995 5.659 0.16100000000000023
346.27935288399 62.93445732063 0.0101 0.0102 40.4004 "" "" 2207430538073307520 825.465515 1.1803 0.012 -1.18 -2.202 0.014 0.013 1.097 7806.2 3.8091 13.718021 1.773707 14.571539 12.797832 -9.36 3.72 817.079651 834.341187 61339.20628 13.372 20268.0 18.443 60259.0 24.955 "" "" 0.002765467813484229 0.0029599222 0.0038060346 0.006765957 346.27935288399 62.93445732063 825.465515 -1.1800000000000002 -2.2020000000000004
345.44771955522 62.8276611116 0.0224 0.0243 17.3456 "" "" 2207612782128300160 814.922119 1.1982 0.0273 -1.087 -2.856 0.028 0.029 2.236 "" "" 13.722347 1.749594 14.543421 12.793827 "" "" 795.504272 836.922241 61095.32804 16.333 20799.0 24.557 60482.0 122.83 "" "" 0.0027705664349364765 0.00307056 0.0043755705 0.0074461307 345.44771955522 62.8276611116 814.922119 -1.0869999999999997 -2.8560000000000003
342.49716536827 62.4848525766 0.0099 0.0101 67.3907 "" "" 2207177135004694400 780.116699 1.2487 0.0114 5.383 0.064 0.013 0.012 1.001 5765.5 3.5692 13.723555 1.953156 14.697882 12.744725 -25.78 1.37 772.031067 788.243347 61027.43002 13.483 18041.0 17.285 63280.0 25.953 "" "" 0.002765742145925918 0.0029777752 0.003805524 0.006783299 342.49716536827 62.4848525766 780.116699 5.383 0.06399999999999968
343.46173779703 62.18903493422 0.0099 0.0104 54.2709 "" "" 2207192425088470272 815.422485 1.1916 0.0121 -1.081 -2.566 0.013 0.013 1.067 "" "" 13.740451 2.051324 14.76812 12.716796 "" "" 807.413635 822.22937 60085.02716 15.931 16911.0 17.684 64929.0 34.758 "" "" 0.00277031772780199 0.0030123251 0.0038238126 0.0068361377 343.46173779703 62.18903493422 815.422485 -1.081 -2.5660000000000003
342.9969866359 62.29869025619 0.0156 0.0153 59.9417 "" "" 2207162325957607296 796.554626 1.2259 0.0177 -1.674 -2.207 0.02 0.019 1.596 "" "" 13.743018 1.62116 14.48607 12.86491 50.97 4.84 787.003113 806.631226 59943.15622 21.576 21927.0 21.723 56649.0 34.406 "" "" 0.0027828968379125314 0.002990324 0.0038364788 0.006826803 342.9969866359 62.29869025619 796.554626 -1.674 -2.207
347.02927890157 63.29020146409 0.012 0.0104 65.869 "" "" 2207652364547932416 820.731201 1.1904 0.0134 -0.846 -1.745 0.016 0.013 0.936 9355.8 4.1074 13.74323 1.342042 14.335133 12.993091 "" "" 810.911255 831.508179 59931.47542 14.607 25198.0 23.257 50341.0 25.574 "" "" 0.0027679984885813714 0.002964668 0.0038194184 0.006784086 347.02927890157 63.29020146409 820.731201 -0.8460000000000001 -1.745
342.42177053429 63.22021965446 0.0117 0.0117 68.9422 "" "" 2208024274355781376 910.296326 1.0716 0.0134 -4.653 -2.8 0.016 0.014 1.004 9124.8 3.8702 13.74497 1.669599 14.532279 12.86268 26.18 6.01 901.139587 920.268494 59835.47491 12.418 21014.0 29.543 56766.0 22.771 "" "" 0.002764518510153885 0.0031804033 0.0038043938 0.0069847973 342.42177053429 63.22021965446 910.296326 -4.6530000000000005 -2.8000000000000003
342.59873730904 62.08390799951 0.0252 0.0253 76.5195 "" "" 2207106663181469184 699.718689 1.3988 0.0294 2.585 -0.456 0.034 0.031 2.595 7082.1 4.0799 13.74667 1.467055 14.398388 12.931333 -11.34 4.23 687.244446 712.740601 59741.85097 23.065 23772.0 18.706 53287.0 18.688 "" "" 0.0027870235199232898 0.002918043 0.0037985148 0.006716558 342.59873730904 62.08390799951 699.718689 2.5849999999999995 -0.4559999999999999
342.99993421131 63.53956028618 0.0388 0.0433 64.4882 "" "" 2208125773016843136 957.469482 1.0231 0.0333 -4.268 -2.944 0.066 0.068 1.263 "" "" 13.749036 "" "" "" -45.81 2.87 922.45752 993.157227 59611.82866 56.686 "" "" "" "" "" "" 0.0029424030526948625 "" "" "" 342.99993421131 63.53956028618 957.469482 -4.267999999999999 -2.943999999999999
344.25713038711 62.98939558666 0.01 0.0099 17.5934 "" "" 2207310141552847616 735.28302 1.3327 0.0119 -4.168 -4.652 0.014 0.012 0.98 6642.8 4.2277 13.749593 1.123002 14.226111 13.103109 -4.89 4.29 729.700134 741.927368 59581.27697 9.6952 27859.0 19.248 45490.0 20.681 "" "" 0.002760978614371208 0.0028892497 0.003811479 0.006700729 344.25713038711 62.98939558666 735.28302 -4.168000000000001 -4.652
