Clusters/LP_2249/LP_2249_stars_in_region.tsv
# %ECSV 1.0
# ---
# datatype:
# - name: RA_ICRS_1
#   unit: deg
#   datatype: float64
#   format: '{:15.11f}'
#   description: Right ascension (ICRS) at Ep=2016.0 (ra)
#   meta: !!omap
#   - {ucd: POS_EQ_RA_MAIN}
#   - {width: 15}
#   - {precision: '11'}
# - name: DE_ICRS_1
#   unit: deg
#   datatype: float64
#   format: '{:15.11f}'
#   description: Declination (ICRS) at Ep=2016.0 (dec)
#   meta: !!omap
#   - {ucd: POS_EQ_DEC_MAIN}
#   - {width: 15}
#   - {precision: '11'}
# - name: e_RA_ICRS
#   unit: mas
#   datatype: float64
#   format: '{:7.4f}'
#   description: Standard error of right ascension (ra_error)
#   meta: !!omap
#   - {ucd: ERROR}
#   - {width: 7}
#   - {precision: '4'}
# - name: e_DE_ICRS
#   unit: mas
#   datatype: float64
#   format: '{:7.4f}'
#   description: Standard error of declination (dec_error)
#   meta: !!omap
#   - {ucd: ERROR}
#   - {width: 7}
#   - {precision: '4'}
# - name: _r_1
#   unit: ''
#   datatype: float64
#   format: '{:7.4f}'
#   description: Distance from center (344.81541547000+62.84320389000)[ICRS], at Epoch=J2016.0
#   meta: !!omap
#   - {ucd: POS_ANG_DIST_GENERAL}
#   - {width: 7}
#   - {precision: '4'}
# - name: HIP
#   datatype: int32
#   description: '? HIP cross-id number, van Leeuwen, Cat. I/311 (hip_original_ext_source_id)'
#   meta: !!omap
#   - {ucd: ID_NUMBER}
#   - {width: 6}
#   - values: {'null': -2147483648}
# - name: TYC2
#   datatype: string
#   description: Tycho-2 cross-id name, Hog et al., Cat. I/259 (tyc2_original_ext_source_id)
#   meta: !!omap
#   - {ucd: ID_CROSSID}
#   - {_votable_string_dtype: char}
# - name: Source
#   datatype: int64
#   description: Source identifier, identical to the Gaia-EDR3 source_id (id)
#   meta: !!omap
#   - {ucd: ID_MAIN}
#   - {width: 19}
# - name: rgeo
#   unit: pc
#   datatype: float64
#   format: '{:15.8f}'
#   description: '? Median of the geometric distance posterior (r_med_geo)'
#   meta: !!omap
#   - {ucd: PHYS_DISTANCE_TRUE}
#   - {width: 15}
#   - {precision: '8'}
#   - values: {'null': .nan}
# - name: Plx
#   unit: mas
#   datatype: float64
#   format: '{:9.4f}'
#   description: '? Parallax (parallax)'
#   meta: !!omap
#   - {ucd: POS_PARLX_TRIG}
#   - {width: 9}
#   - {precision: '4'}
#   - values: {'null': .nan}
# - name: e_Plx
#   unit: mas
#   datatype: float32
#   format: '{:7.4f}'
#   description: '? Standard error of parallax (parallax_error)'
#   meta: !!omap
#   - {ucd: ERROR}
#   - {width: 7}
#   - {precision: '4'}
#   - values: {'null': .nan}
# - name: pmRA
#   unit: mas / yr
#   datatype: float64
#   format: '{:9.3f}'
#   description: '? Proper motion in right ascension direction, pmRA*cosDE (pmra)'
#   meta: !!omap
#   - {ucd: POS_EQ_PMRA}
#   - {width: 9}
#   - {precision: '3'}
#   - values: {'null': .nan}
# - name: pmDE
#   unit: mas / yr
#   datatype: float64
#   format: '{:9.3f}'
#   description: '? Proper motion in declination direction (pmdec)'
#   meta: !!omap
#   - {ucd: POS_EQ_PMDEC}
#   - {width: 9}
#   - {precision: '3'}
#   - values: {'null': .nan}
# - name: e_pmRA
#   unit: mas / yr
#   datatype: float32
#   format: '{:6.3f}'
#   description: '? Standard error of proper motion in right ascension direction (pmra_error)'
#   meta: !!omap
#   - {ucd: ERROR}
#   - {width: 6}
#   - {precision: '3'}
#   - values: {'null': .nan}
# - name: e_pmDE
[...]
#         unit: &id001 !astropy.units.Unit {unit: deg}
#         value: !astropy.table.SerializedColumn {name: SkyCoord.dec}
#       distance: !astropy.table.SerializedColumn
#         __class__: astropy.coordinates.distances.Distance
#         unit: !astropy.units.Unit {unit: pc}
#         value: !astropy.table.SerializedColumn {name: SkyCoord.distance}
#       frame: icrs
#       obstime: !astropy.time.Time {format: jyear_str, in_subfmt: '*', jd1: 367701545.0, jd2: 0.0, out_subfmt: '*', precision: 3, scale: tt}
#       pm_dec: !astropy.table.SerializedColumn
#         __class__: astropy.units.quantity.Quantity
#         unit: !astropy.units.Unit {unit: mas / yr}
#         value: !astropy.table.SerializedColumn {name: SkyCoord.pm_dec}
#       pm_ra_cosdec: !astropy.table.SerializedColumn
#         __class__: astropy.units.quantity.Quantity
#         unit: !astropy.units.Unit {unit: mas / yr}
#         value: !astropy.table.SerializedColumn {name: SkyCoord.pm_ra_cosdec}
#       ra: !astropy.table.SerializedColumn
#         __class__: astropy.coordinates.angles.Longitude
#         unit: *id001
#         value: !astropy.table.SerializedColumn {name: SkyCoord.ra}
#         wrap_angle: !astropy.coordinates.Angle
#           unit: *id001
#           value: 360.0
#       representation_type: spherical
# schema: astropy-2.0
RA_ICRS_1 DE_ICRS_1 e_RA_ICRS e_DE_ICRS _r_1 HIP TYC2 Source rgeo Plx e_Plx pmRA pmDE e_pmRA e_pmDE RUWE Teff logg Gmag BP-RP BPmag RPmag RV e_RV b_rgeo B_rgeo FG e_FG FBP e_FBP FRP e_FRP RAVE5 RAVE6 e_Gmag e_BPmag e_RPmag e_BP-RP SkyCoord.ra SkyCoord.dec SkyCoord.distance SkyCoord.pm_ra_cosdec SkyCoord.pm_dec
[from data line 3592]
346.60901088265 63.53198635186 0.0423 0.0424 63.7476 "" "" 2207668857222092032 758.424805 1.2874 0.0502 -8.592 -1.064 0.053 0.05 0.965 4527.2 4.4641 16.837614 1.66711 17.632938 15.965828 "" "" 730.489319 789.827637 3466.57982 2.2286 1208.5 9.5922 3257.1 10.985 "" "" 0.0028423569321595 0.009058219 0.0052623586 0.014320578 346.60901088265 63.53198635186 758.424805 -8.592 -1.0639999999999998
345.54332230302 62.19453028597 0.0419 0.0392 43.8283 "" "" 2206973278674456064 864.376831 1.1181 0.0485 -2.5 -2.194 0.058 0.051 0.95 7907.0 4.1708 16.837656 2.467532 18.17786 15.710328 "" "" 830.299988 903.353149 3466.44436 2.1348 731.6 9.1722 4121.2 8.8177 "" "" 0.002835291692518227 0.013895088 0.0044362396 0.018331327 345.54332230302 62.19453028597 864.376831 -2.5 -2.1940000000000004
347.12835770689 62.1147588181 0.3016 0.116 77.5963 "" "" 2015190000925283584 930.863892 1.0384 0.0817 5.194 5.93 0.344 0.113 1.01 "" "" 16.838396 "" "" "" "" "" 853.486633 999.231628 3464.08308 4.9348 "" "" "" "" "" "" 0.0031597570702085113 "" "" "" 347.12835770689 62.1147588181 930.863892 5.193999999999999 5.93
343.9215799438 62.797226433 0.0421 0.0418 24.652 "" "" 2207273307912836096 835.845703 1.1692 0.0474 -0.868 -1.976 0.053 0.054 0.974 4908.0 4.2227 16.83879 2.408356 18.123133 15.714777 "" "" 809.901917 868.388245 3462.8233 5.1357 769.42 8.1571 4104.4 17.126 "" "" 0.003191347430625012 0.011843907 0.0058998037 0.01774371 343.9215799438 62.797226433 835.845703 -0.8680000000000001 -1.976
342.48963289279 63.1325566306 0.0462 0.0427 65.71 "" "" 2208011080216322944 658.493896 1.4751 0.0529 7.662 7.826 0.062 0.055 1.049 4577.4 4.6479 16.83909 1.95601 17.8232 15.86719 "" "" 639.990967 682.363708 3461.87081 2.172 1014.2 8.7016 3566.8 11.826 "" "" 0.0028382776287536908 0.00972425 0.0052194432 0.014943693 342.48963289279 63.1325566306 658.493896 7.661999999999999 7.826000000000001
345.12881649271 61.86945994207 0.0497 0.0474 59.0723 "" "" 2206948024266648064 917.598633 1.0709 0.0565 3.192 -2.476 0.067 0.059 1.184 7190.0 4.3438 16.84048 2.540121 18.205484 15.665363 "" "" 866.393188 962.628479 3457.4379 2.8665 713.22 8.3958 4295.5 9.9486 "" "" 0.002898635081954974 0.013081955 0.0045394986 0.017621454 345.12881649271 61.86945994207 917.598633 3.192 -2.476
345.63902720106 62.95715862949 0.0399 0.0449 23.5266 "" "" 2207615977584320640 845.542786 1.1531 0.0485 -1.174 -2.577 0.052 0.053 0.968 5216.6 4.4933 16.842125 2.191725 17.976616 15.784891 "" "" 811.157532 883.831909 3452.20611 4.2704 880.58 7.9257 3847.7 15.1 "" "" 0.00306522519266681 0.010162739 0.005695515 0.015858253 345.63902720106 62.95715862949 845.542786 -1.1739999999999997 -2.5769999999999995
344.71852694198 62.54451178802 0.0508 0.0483 18.1189 "" "" 2207225032481357824 919.557556 1.0722 0.0557 -3.552 -5.823 0.066 0.061 1.193 5417.4 4.5926 16.842796 1.965545 17.800499 15.834954 "" "" 880.170105 965.655823 3450.07227 3.5436 1035.7 7.329 3674.3 9.8913 "" "" 0.0029724387305547053 0.008174025 0.0047777235 0.012951748 344.71852694198 62.54451178802 919.557556 -3.552 -5.823
344.9418894777 61.62505766325 0.0434 0.045 73.1742 "" "" 2206940293325571584 782.963867 1.2428 0.0496 3.269 -3.4 0.057 0.054 0.972 5705.7 4.4914 16.843609 2.199579 17.989462 15.789883 "" "" 754.998474 808.622498 3447.49315 2.1948 870.23 7.5394 3830.1 9.4932 "" "" 0.0028406994689186144 0.009811569 0.004639574 0.014451142 344.9418894777 61.62505766325 782.963867 3.269 -3.3999999999999995
342.22586091484 62.73820363236 0.0458 0.0401 71.3171 "" "" 2207946655705346560 715.475342 1.3717 0.0491 4.891 -15.504 0.064 0.051 0.903 5078.0 4.6826 16.844255 1.794693 17.721323 15.92663 "" "" 691.741028 735.433411 3445.43681 2.018 1114.0 6.0456 3376.8 8.4386 "" "" 0.0028277519657542343 0.0065194503 0.0046524657 0.0111719165 342.22586091484 62.73820363236 715.475342 4.891 -15.503999999999998
344.54986530771 62.68541467275 0.0413 0.0378 11.9499 "" "" 2207242212350445440 702.494568 1.3971 0.0452 4.65 0.198 0.051 0.046 1.008 4436.8 4.4677 16.845055 1.799126 17.726463 15.927338 "" "" 684.841797 721.134521 3442.90574 2.1809 1108.7 7.1303 3374.6 8.2718 "" "" 0.002839858956346139 0.0075194384 0.0046223924 0.012141831 344.54986530771 62.68541467275 702.494568 4.650000000000002 0.1980000000000001
345.65656808647 63.9547389952 0.0375 0.0365 70.4154 "" "" 2208480125004434304 768.400269 1.2732 0.0426 -4.534 -8.66 0.049 0.046 0.971 4540.4 4.6209 16.845367 1.687141 17.657799 15.970657 "" "" 740.678955 795.408936 3441.91346 1.7859 1181.1 7.5127 3242.6 10.288 "" "" 0.0028123224032833615 0.0074484525 0.005113732 0.012562185 345.65656808647 63.9547389952 768.400269 -4.534 -8.660000000000002
346.33082862786 63.19103846161 0.0421 0.0378 46.2317 "" "" 2207624666296803072 837.813782 1.1584 0.0471 -1.173 -1.954 0.054 0.047 0.974 4911.4 4.2236 16.845552 2.401676 18.119621 15.717945 "" "" 807.888855 870.001526 3441.32536 6.9986 771.91 9.0098 4092.4 22.435 "" "" 0.003530905441300179 0.012976327 0.0070506427 0.02002697 346.33082862786 63.19103846161 837.813782 -1.173 -1.9540000000000002
345.79320900635 62.34514865226 0.0458 0.0427 40.2761 "" "" 2207350445523079168 902.746277 1.094 0.051 -2.314 -2.141 0.06 0.054 1.027 9699.6 4.3521 16.84585 2.439862 18.156652 15.71679 "" "" 862.774536 938.114075 3440.38046 2.1838 746.03 7.3668 4096.8 11.888 "" "" 0.002840203185591725 0.011078403 0.004920344 0.015998747 345.79320900635 62.34514865226 902.746277 -2.3139999999999996 -2.1410000000000005
343.14832209929 61.94488239549 0.0413 0.0406 71.0836 "" "" 2207092919286196480 930.291931 1.0371 0.0479 -4.532 -3.915 0.057 0.051 0.974 5775.9 4.0607 16.84587 2.557939 18.254534 15.696595 "" "" 892.027588 970.120056 3440.31979 2.1869 681.72 5.8299 4173.7 8.6183 "" "" 0.002840443688592804 0.0096951155 0.004394319 0.014089434 343.14832209929 61.94488239549 930.291931 -4.532 -3.9149999999999996
345.42763804633 63.28418849993 0.0536 0.0446 31.2564 "" "" 2207685276877265664 871.661987 1.1169 0.0612 -2.03 -2.332 0.076 0.059 1.061 4904.3 4.2821 16.845915 2.232607 17.985155 15.752548 "" "" 830.044434 918.283447 3440.17813 7.297 873.69 19.946 3964.0 25.524 "" "" 0.0035910229887030952 0.024943473 0.00794719 0.032890663 345.42763804633 63.28418849993 871.661987 -2.03 -2.3319999999999994
345.32357341969 62.88964858959 0.0407 0.0456 14.1817 "" "" 2207614087798346368 828.965393 1.1855 0.0496 -8.27 -5.941 0.052 0.052 0.917 4810.5 4.3206 16.84685 2.079198 17.910948 15.83175 "" "" 792.126404 869.936646 3437.21468 2.0126 935.49 8.0011 3685.2 11.79 "" "" 0.0028277104681973943 0.009696252 0.0051331734 0.014829425 345.32357341969 62.88964858959 828.965393 -8.269999999999998 -5.941000000000001
345.13064023628 62.57853438369 0.0408 0.0412 18.0934 "" "" 2207042994583555456 838.610901 1.1492 0.0486 -1.257 -3.323 0.05 0.051 0.931 6688.1 4.14 16.848204 3.008898 18.60259 15.593693 "" "" 811.46405 873.817017 3432.93068 3.833 494.74 9.1256 4588.6 15.54 "" "" 0.0030102125240918276 0.0202201 0.005272964 0.025493065 345.13064023628 62.57853438369 838.610901 -1.2570000000000001 -3.3229999999999995
342.73825305612 62.83603114918 0.0458 0.0458 56.8905 "" "" 2207942292018653184 796.19928 1.2338 0.0537 -2.767 -10.993 0.058 0.052 1.034 6008.5 4.4223 16.848373 2.326334 18.053064 15.72673 "" "" 757.106018 842.206299 3432.39407 2.39 820.71 6.4783 4059.4 10.083 "" "" 0.002857154878554335 0.009013044 0.004642906 0.013655949 342.73825305612 62.83603114918 796.19928 -2.7670000000000003 -10.992999999999999
342.56128583414 62.27608159682 0.0454 0.0406 71.0039 "" "" 2207159302300593024 728.501709 1.3264 0.0491 -1.423 -2.022 0.054 0.048 1.037 5230.5 3.7646 16.850027 3.000798 18.591372 15.590573 "" "" 700.433044 754.566223 3427.16942 13.108 499.88 10.512 4601.8 47.031 "" "" 0.004983600929326209 0.02300185 0.011722331 0.03472418 342.56128583414 62.27608159682 728.501709 -1.423 -2.0219999999999994
343.22746937872 62.72440862751 0.0418 0.0433 44.1527 "" "" 2207279458305844864 930.926941 1.0419 0.0495 -2.894 -4.535 0.053 0.053 1.016 4917.7 4.3983 16.850374 1.932855 17.816805 15.88395 "" "" 895.627808 975.015015 3426.07545 2.4875 1020.2 8.9649 3512.2 10.188 "" "" 0.002865868676696 0.00994041 0.0049196268 0.014860037 343.22746937872 62.72440862751 930.926941 -2.894 -4.535
343.04920608616 63.16799037699 0.0473 0.0418 51.8967 "" "" 2208056052815964672 671.382568 1.4597 0.0494 0.813 -11.554 0.059 0.052 0.975 4436.3 4.4918 16.850632 1.886375 17.78154 15.895164 "" "" 653.356079 690.959473 3425.26333 1.9924 1053.9 12.632 3476.1 10.642 "" "" 0.0028267725886523053 0.013309338 0.005033131 0.018342469 343.04920608616 63.16799037699 671.382568 0.8130000000000002 -11.554
343.76321771551 62.09397797282 0.0423 0.0402 53.5932 "" "" 2207188469418990208 708.598328 1.3847 0.0485 0.178 -2.027 0.056 0.048 0.958 4333.0 4.3929 16.850874 2.019659 17.875923 15.856264 "" "" 684.196594 735.660217 3424.49834 2.2259 966.16 10.939 3602.9 9.0959 "" "" 0.002844262883054998 0.012605532 0.0046687373 0.01727427 343.76321771551 62.09397797282 708.598328 0.178 -2.027
343.89563230057 63.02989087058 0.0413 0.0379 27.4937 "" "" 2207291415495301248 707.22876 1.383 0.0473 7.056 3.925 0.056 0.049 0.972 4510.6 4.6835 16.851192 1.835681 17.753874 15.918193 "" "" 683.244873 731.832947 3423.49727 2.1314 1081.1 7.8662 3403.2 10.183 "" "" 0.002837024454611454 0.008378186 0.004983766 0.013361952 343.89563230057 63.02989087058 707.22876 7.056 3.9250000000000007
343.98808168681 63.54944546433 0.0454 0.0452 47.9226 "" "" 2208136733779464576 829.724915 1.1754 0.0501 -8.391 -0.984 0.059 0.05 1.034 4844.2 4.6819 16.851849 1.775761 17.714449 15.938688 "" "" 790.280884 869.683472 3421.42544 2.0217 1121.1 10.724 3339.5 10.488 "" "" 0.0028290249595865806 0.01075399 0.005090267 0.015844258 343.98808168681 63.54944546433 829.724915 -8.391000000000002 -0.9840000000000004
345.32104715183 63.48316464296 0.0423 0.039 40.7668 "" "" 2207703079520767104 729.352173 1.3418 0.0472 -2.034 -1.591 0.057 0.052 0.987 4383.5 4.5678 16.852474 1.909783 17.805376 15.895593 "" "" 709.353882 750.407654 3419.45692 1.9926 1031.0 7.2924 3474.7 9.7616 "" "" 0.0028270265736618973 0.008170717 0.0048566894 0.013027407 345.32104715183 63.48316464296 729.352173 -2.0339999999999994 -1.5909999999999995
346.28054671255 63.33126112156 0.0503 0.0444 49.4022 "" "" 2207638925588458368 818.459534 1.1714 0.0566 -1.979 -2.082 0.071 0.058 1.069 4539.3 4.2886 16.854105 2.337745 18.086369 15.748624 "" "" 780.56958 855.159119 3414.32631 5.0181 795.92 13.424 3978.4 22.727 "" "" 0.0031840436110787793 0.018523391 0.0072631384 0.02578653 346.28054671255 63.33126112156 818.459534 -1.9790000000000005 -2.082
343.88483029332 62.81180103033 0.0413 0.0407 25.5676 "" "" 2207285024583589376 975.463867 0.9935 0.0471 10.966 6.793 0.053 0.054 0.992 4550.4 4.3685 16.854996 1.869703 17.777554 15.90785 "" "" 932.845703 1019.93042 3411.52648 2.0316 1057.8 9.4234 3435.7 8.6478 "" "" 0.0028301658389517904 0.0100666685 0.004663921 0.014730589 343.88483029332 62.81180103033 975.463867 10.966 6.793
345.81458702765 62.44418128335 0.0585 0.0546 36.4974 "" "" 2207398205559403008 947.542542 1.0122 0.0655 -2.413 -3.195 0.076 0.069 1.178 9014.4 3.975 16.855 3.390937 18.868402 15.477466 "" "" 891.421936 1010.42981 3411.51504 3.7268 387.31 7.7027 5107.1 11.634 "" "" 0.002999761549410329 0.021772305 0.004516747 0.026289051 345.81458702765 62.44418128335 947.542542 -2.413 -3.1950000000000003
343.43540155951 62.6468328217 0.0459 0.0477 39.7062 "" "" 2207276365929534720 829.627258 1.1663 0.0533 -1.236 -2.593 0.06 0.061 1.017 "" "" 16.855005 2.927176 18.544836 15.61766 "" "" 786.030762 864.305176 3411.49222 3.6949 521.77 6.7631 4488.4 13.805 "" "" 0.00299576498670695 0.014347065 0.005043348 0.019390414 343.43540155951 62.6468328217 829.627258 -1.2359999999999998 -2.593
345.05853296112 63.67490518635 0.0425 0.0429 50.3318 "" "" 2208458993764941056 887.521851 1.121 0.0484 -1.128 1.544 0.054 0.058 1.043 4555.5 4.3896 16.855669 1.848251 17.762531 15.91428 "" "" 845.30896 924.596741 3409.40693 2.4409 1072.5 9.6004 3415.4 10.31 "" "" 0.0028628663225245027 0.010111464 0.0050025666 0.015114031 345.05853296112 63.67490518635 887.521851 -1.1279999999999997 1.544
342.5508616843 62.75740964628 0.0468 0.0424 62.3164 "" "" 2207940127355148416 675.166626 1.4493 0.0507 27.83 2.16 0.062 0.051 1.032 4526.1 4.6686 16.856956 1.820261 17.760983 15.940722 "" "" 654.526001 702.340881 3405.36969 2.2086 1074.0 10.468 3333.3 9.7796 "" "" 0.002843878308100771 0.0109440405 0.004942755 0.015886795 342.5508616843 62.75740964628 675.166626 27.83 2.1599999999999997
347.0172698776 63.61543195011 0.0451 0.0413 75.4102 "" "" 2207674801456854656 748.257507 1.3141 0.0505 6.158 0.355 0.058 0.056 0.961 4415.1 4.508 16.856987 1.835688 17.766714 15.931026 "" "" 721.130981 771.344727 3405.27027 2.3107 1068.4 7.6898 3363.2 9.9188 "" "" 0.0028521185626522367 0.00829775 0.0049534813 0.013251231 347.0172698776 63.61543195011 748.257507 6.158000000000002 0.35500000000000054
343.71879478878 62.53940397168 0.0445 0.0448 35.2626 "" "" 2207265302093962752 923.295654 1.0636 0.0511 -3.423 -1.202 0.059 0.063 0.954 5008.9 4.2818 16.857054 2.206028 17.999794 15.793766 "" "" 880.048767 976.706116 3405.06264 2.5898 861.98 7.1399 3816.4 9.7845 "" "" 0.0028764049210843797 0.009416186 0.004693851 0.014110037 343.71879478878 62.53940397168 923.295654 -3.4230000000000005 -1.2020000000000002
342.51019517194 62.26561250483 0.0453 0.0422 72.5544 "" "" 2207159371020066816 826.781067 1.1765 0.0512 -3.068 -2.607 0.054 0.052 1.071 7154.7 4.3352 16.85712 2.375736 18.131704 15.755968 "" "" 790.538025 859.255127 3404.85143 2.0947 763.37 8.2115 3951.6 7.9294 "" "" 0.0028351287179788965 0.012007827 0.004362377 0.016370203 342.51019517194 62.26561250483 826.781067 -3.0679999999999996 -2.607
346.0245652781 63.62379912561 0.041 0.0369 57.1039 "" "" 2207708027323608832 887.882812 1.1088 0.0452 -2.769 -2.394 0.05 0.045 0.962 4522.5 4.4429 16.857471 1.695682 17.66801 15.972328 "" "" 856.314209 920.991272 3403.75459 2.0634 1170.1 9.1568 3237.6 8.9687 "" "" 0.002832843082051238 0.008942998 0.0048300955 0.013773093 346.0245652781 63.62379912561 887.882812 -2.7690000000000006 -2.394
347.36420222317 62.99069870243 0.0452 0.051 70.1803 "" "" 2207441911147117440 852.245422 1.147 0.0537 -4.277 -2.062 0.059 0.062 1.157 4823.2 4.5421 16.859442 1.717147 17.679348 15.962201 "" "" 821.876221 891.614624 3397.58482 2.5677 1157.9 8.3164 3268.0 14.74 "" "" 0.0028749035921031194 0.008282231 0.006185903 0.014468134 347.36420222317 62.99069870243 852.245422 -4.277 -2.062
345.11115363962 61.91743720165 0.0422 0.0423 56.1517 "" "" 2206960118894536064 735.559631 1.3151 0.0491 -1.128 -2.089 0.058 0.053 1.018 4774.3 4.1504 16.859474 2.755358 18.371817 15.616459 "" "" 709.042725 758.514221 3397.47868 6.5844 611.91 13.441 4493.4 57.029 "" "" 0.0034668979232618307 0.024011562 0.014288751 0.038300313 345.11115363962 61.91743720165 735.559631 -1.1280000000000001 -2.0890000000000004
343.92577164235 63.30496287424 0.0429 0.0405 36.7672 "" "" 2208083441824181760 888.770813 1.0956 0.0489 -2.027 -2.203 0.055 0.052 1.009 5102.6 4.6302 16.860565 1.793137 17.742414 15.949278 "" "" 852.509949 922.966248 3394.06887 2.0716 1092.6 7.2221 3307.1 8.882 "" "" 0.0028338923254194954 0.0077000326 0.004773551 0.012473583 343.92577164235 63.30496287424 888.770813 -2.027000000000001 -2.2030000000000003
