Clusters/NGC_7129/NGC_7129_stars_in_region.tsv
# %ECSV 1.0
# ---
# datatype:
# - name: RA_ICRS_1
#   unit: deg
#   datatype: float64
#   format: '{:15.11f}'
#   description: Right ascension (ICRS) at Ep=2016.0 (ra)
#   meta: !!omap
#   - {ucd: POS_EQ_RA_MAIN}
#   - {width: 15}
#   - {precision: '11'}
# - name: DE_ICRS_1
#   unit: deg
#   datatype: float64
#   format: '{:15.11f}'
#   description: Declination (ICRS) at Ep=2016.0 (dec)
#   meta: !!omap
#   - {ucd: POS_EQ_DEC_MAIN}
#   - {width: 15}
#   - {precision: '11'}
# - name: e_RA_ICRS
#   unit: mas
#   datatype: float64
#   format: '{:7.4f}'
#   description: Standard error of right ascension (ra_error)
#   meta: !!omap
#   - {ucd: ERROR}
#   - {width: 7}
#   - {precision: '4'}
# - name: e_DE_ICRS
#   unit: mas
#   datatype: float64
#   format: '{:7.4f}'
#   description: Standard error of declination (dec_error)
#   meta: !!omap
#   - {ucd: ERROR}
#   - {width: 7}
#   - {precision: '4'}
# - name: _r_1
#   unit: ''
#   datatype: float64
#   format: '{:7.4f}'
#   description: Distance from center (325.78221348000+66.13380520000)[ICRS], at Epoch=J2016.0
#   meta: !!omap
#   - {ucd: POS_ANG_DIST_GENERAL}
#   - {width: 7}
#   - {precision: '4'}
# - name: HIP
#   datatype: int32
#   description: '? HIP cross-id number, van Leeuwen, Cat. I/311 (hip_original_ext_source_id)'
#   meta: !!omap
#   - {ucd: ID_NUMBER}
#   - {width: 6}
#   - values: {'null': -2147483648}
# - name: TYC2
#   datatype: string
#   description: Tycho-2 cross-id name, Hog et al., Cat. I/259 (tyc2_original_ext_source_id)
#   meta: !!omap
#   - {ucd: ID_CROSSID}
#   - {_votable_string_dtype: char}
# - name: Source
#   datatype: int64
#   description: Source identifier, identical to the Gaia-EDR3 source_id (id)
#   meta: !!omap
#   - {ucd: ID_MAIN}
#   - {width: 19}
# - name: rgeo
#   unit: pc
#   datatype: float64
#   format: '{:15.8f}'
#   description: '? Median of the geometric distance posterior (r_med_geo)'
#   meta: !!omap
#   - {ucd: PHYS_DISTANCE_TRUE}
#   - {width: 15}
#   - {precision: '8'}
#   - values: {'null': .nan}
# - name: Plx
#   unit: mas
#   datatype: float64
#   format: '{:9.4f}'
#   description: '? Parallax (parallax)'
#   meta: !!omap
#   - {ucd: POS_PARLX_TRIG}
#   - {width: 9}
#   - {precision: '4'}
#   - values: {'null': .nan}
# - name: e_Plx
#   unit: mas
#   datatype: float32
#   format: '{:7.4f}'
#   description: '? Standard error of parallax (parallax_error)'
#   meta: !!omap
#   - {ucd: ERROR}
#   - {width: 7}
#   - {precision: '4'}
#   - values: {'null': .nan}
# - name: pmRA
#   unit: mas / yr
#   datatype: float64
#   format: '{:9.3f}'
#   description: '? Proper motion in right ascension direction, pmRA*cosDE (pmra)'
#   meta: !!omap
#   - {ucd: POS_EQ_PMRA}
#   - {width: 9}
#   - {precision: '3'}
#   - values: {'null': .nan}
# - name: pmDE
#   unit: mas / yr
#   datatype: float64
#   format: '{:9.3f}'
#   description: '? Proper motion in declination direction (pmdec)'
#   meta: !!omap
#   - {ucd: POS_EQ_PMDEC}
#   - {width: 9}
#   - {precision: '3'}
#   - values: {'null': .nan}
# - name: e_pmRA
#   unit: mas / yr
#   datatype: float32
#   format: '{:6.3f}'
#   description: '? Standard error of proper motion in right ascension direction (pmra_error)'
#   meta: !!omap
#   - {ucd: ERROR}
#   - {width: 6}
#   - {precision: '3'}
#   - values: {'null': .nan}
# - name: e_pmDE
[...]
#         unit: &id001 !astropy.units.Unit {unit: deg}
#         value: !astropy.table.SerializedColumn {name: SkyCoord.dec}
#       distance: !astropy.table.SerializedColumn
#         __class__: astropy.coordinates.distances.Distance
#         unit: !astropy.units.Unit {unit: pc}
#         value: !astropy.table.SerializedColumn {name: SkyCoord.distance}
#       frame: icrs
#       obstime: !astropy.time.Time {format: jyear_str, in_subfmt: '*', jd1: 367701545.0, jd2: 0.0, out_subfmt: '*', precision: 3, scale: tt}
#       pm_dec: !astropy.table.SerializedColumn
#         __class__: astropy.units.quantity.Quantity
#         unit: !astropy.units.Unit {unit: mas / yr}
#         value: !astropy.table.SerializedColumn {name: SkyCoord.pm_dec}
#       pm_ra_cosdec: !astropy.table.SerializedColumn
#         __class__: astropy.units.quantity.Quantity
#         unit: !astropy.units.Unit {unit: mas / yr}
#         value: !astropy.table.SerializedColumn {name: SkyCoord.pm_ra_cosdec}
#       ra: !astropy.table.SerializedColumn
#         __class__: astropy.coordinates.angles.Longitude
#         unit: *id001
#         value: !astropy.table.SerializedColumn {name: SkyCoord.ra}
#         wrap_angle: !astropy.coordinates.Angle
#           unit: *id001
#           value: 360.0
#       representation_type: spherical
# schema: astropy-2.0
RA_ICRS_1 DE_ICRS_1 e_RA_ICRS e_DE_ICRS _r_1 HIP TYC2 Source rgeo Plx e_Plx pmRA pmDE e_pmRA e_pmDE RUWE Teff logg Gmag BP-RP BPmag RPmag RV e_RV b_rgeo B_rgeo FG e_FG FBP e_FBP FRP e_FRP RAVE5 RAVE6 e_Gmag e_BPmag e_RPmag e_BP-RP SkyCoord.ra SkyCoord.dec SkyCoord.distance SkyCoord.pm_ra_cosdec SkyCoord.pm_dec
[from data line 119]
326.79901833128 65.88846643147 0.0109 0.0113 28.8422 "" "" 2217947160637274240 801.38092 1.2213 0.012 -7.809 -5.876 0.014 0.013 0.957 5442.2 4.0887 13.521769 1.071284 13.973262 12.901978 -10.64 2.7 794.312439 809.774109 73491.87354 10.969 35165.0 22.07 54748.0 26.2 "" "" 0.002760081514802896 0.002872174 0.0038149308 0.0066871047 326.79901833128 65.88846643147 801.38092 -7.809 -5.876
327.21873670283 66.1988160608 0.0096 0.0099 35.0455 "" "" 2219456171625177344 1016.24677 0.9563 0.0107 -12.473 -10.386 0.013 0.012 1.032 "" "" 13.541898 1.148322 14.031571 12.883249 -41.97 4.26 1005.82971 1027.5531 72141.94131 10.604 33326.0 28.439 55700.0 39.193 "" "" 0.002759938121500244 0.0029399814 0.0038558242 0.006795806 327.21873670283 66.1988160608 1016.24677 -12.473 -10.386000000000001
326.27802955028 65.71793216106 0.0109 0.0098 27.7466 "" "" 2217941491279937664 789.198975 1.241 0.0112 -3.347 -7.869 0.014 0.012 0.992 5461.7 4.1154 13.551847 1.040025 13.988716 12.948691 -37.79 5.46 781.876099 795.762085 71483.80043 9.0495 34668.0 23.304 52442.0 27.333 "" "" 0.0027587463828732117 0.0028840443 0.0038215127 0.006705557 326.27802955028 65.71793216106 789.198975 -3.347 -7.868999999999998
324.98511059107 65.62711537295 0.011 0.0101 36.1408 "" "" 2217972518123401344 1032.10815 0.9432 0.0118 3.725 5.104 0.016 0.013 0.937 5854.6 3.8215 13.555085 1.077732 14.008063 12.930331 -26.11 3.39 1019.47455 1041.77258 71270.98006 9.6688 34056.0 35.079 53337.0 24.776 "" "" 0.00275925439913804 0.0030059533 0.0038128847 0.006818838 324.98511059107 65.62711537295 1032.10815 3.7250000000000005 5.104000000000001
326.62539034929 66.25602022852 0.0096 0.0101 21.6962 "" "" 2219506268123607296 860.054321 1.1334 0.0105 -4.656 -6.117 0.013 0.013 1.007 5294.8 3.7422 13.558006 1.256785 14.110667 12.853882 8.48 2.14 853.535034 866.182861 71079.46636 9.9376 30985.0 21.321 57228.0 24.814 "" "" 0.0027594984275578277 0.0028884616 0.0038085897 0.006697051 326.62539034929 66.25602022852 860.054321 -4.656000000000001 -6.116999999999999
326.87343128553 66.06969653735 0.0102 0.0104 26.8011 "" "" 2219453491565340672 987.481201 0.9862 0.0112 -4.918 -6.222 0.014 0.012 0.937 6152.9 4.0227 13.578192 1.039653 14.012056 12.972404 -27.6 3.13 977.32135 997.722229 69770.23384 10.351 33931.0 28.365 51309.0 22.381 "" "" 0.0027600245560728083 0.0029340836 0.0038089398 0.006743023 326.87343128553 66.06969653735 987.481201 -4.918 -6.222
325.19911986575 65.96967548375 0.0101 0.0102 17.2814 "" "" 2217986880493949312 1052.92932 0.9255 0.0108 -2.163 1.997 0.014 0.013 1.117 "" "" 13.584541 0.976802 13.986627 13.009825 -24.18 2.71 1042.32251 1063.68066 69363.39926 11.02 34735.0 26.111 49571.0 21.167 "" "" 0.002760714363825395 0.0029070915 0.0038077112 0.0067148027 325.19911986575 65.96967548375 1052.92932 -2.1629999999999994 1.9969999999999997
324.63715502355 65.93662344513 0.0104 0.0111 30.3094 "" "" 2220985317420625536 961.136597 1.0153 0.0117 3.976 1.207 0.014 0.014 0.986 5953.8 4.0987 13.584835 0.892217 13.946209 13.053992 17.71 6.9 950.179565 974.159424 69344.60883 17.33 36052.0 33.547 47595.0 42.796 "" "" 0.002768648326756808 0.0029674477 0.0039034362 0.006870884 324.63715502355 65.93662344513 961.136597 3.976 1.2070000000000003
324.55515912137 66.27983096081 0.0098 0.0106 30.967 "" "" 2221010640548439296 733.664978 1.3351 0.0111 -8.694 -6.598 0.012 0.012 0.951 6045.9 4.2019 13.599115 0.867902 13.949314 13.081412 -19.11 3.39 728.221313 740.129578 68438.49093 14.537 35949.0 22.204 46408.0 28.205 "" "" 0.0027649548644993666 0.0028696277 0.003836555 0.006706183 324.55515912137 66.27983096081 733.664978 -8.694 -6.598
325.1001172516 65.82739257427 0.0108 0.0103 24.8092 "" "" 2217983341440936192 848.475586 1.1522 0.0122 -6.697 -6.223 0.016 0.013 0.932 5837.2 4.0077 13.613216 0.961459 14.008122 13.046663 -36.56 4.91 839.761353 859.076416 67555.39432 12.212 34054.0 21.583 47917.0 32.508 "" "" 0.002762301722618229 0.002873772 0.0038504922 0.0067242645 325.1001172516 65.82739257427 848.475586 -6.697000000000002 -6.223
326.33778070768 65.70060766565 0.0109 0.0099 29.3356 "" "" 2217938570702201344 941.783569 1.0382 0.0113 -12.545 -0.952 0.014 0.012 1.011 4888.5 3.5277 13.614284 1.359298 14.226701 12.867403 -70.69 1.28 931.99884 952.124146 67489.07254 9.3147 27844.0 24.493 56519.0 20.602 "" "" 0.0027593920952931274 0.0029491023 0.003800047 0.0067491494 326.33778070768 65.70060766565 941.783569 -12.544999999999998 -0.9519999999999997
324.49738248631 65.90124914451 0.0162 0.0179 34.2993 "" "" 2220983633793429504 1036.32642 0.939 0.0186 -12.894 -6.398 0.023 0.021 1.642 6126.9 3.9527 13.625377 0.962235 14.0185 13.056265 -30.52 5.63 1016.44232 1061.51099 66803.01775 11.686 33730.0 25.649 47495.0 26.353 "" "" 0.002761858595068881 0.002909758 0.003827094 0.006736852 324.49738248631 65.90124914451 1036.32642 -12.894000000000002 -6.398000000000001
326.13510659808 66.38516728727 0.01 0.0106 17.324 "" "" 2218022236665714048 958.418518 1.0178 0.0108 3.281 -1.396 0.013 0.014 1.027 7185.3 4.1201 13.627073 1.00094 14.038602 13.037662 -3.28 5.95 950.020996 968.433044 66698.72459 11.284 33111.0 30.045 48316.0 23.63 "" "" 0.002761436037895499 0.0029589976 0.0038165024 0.0067755003 326.13510659808 66.38516728727 958.418518 3.281 -1.3959999999999992
325.52391390418 65.72168610526 0.0113 0.0102 25.5223 "" "" 2217966642608223104 739.118652 1.326 0.0124 -7.287 -0.019 0.017 0.013 1.009 5977.8 4.1072 13.635025 0.89323 13.99599 13.10276 -2.46 4.02 733.310669 746.06897 66212.0141 11.126 34437.0 23.265 45504.0 18.587 "" "" 0.002761353790258751 0.002884974 0.0038053135 0.0066902875 325.52391390418 65.72168610526 739.118652 -7.287000000000001 -0.018999999999999014
326.9436420508 66.36365207967 0.0144 0.0149 31.2715 "" "" 2219508089189756928 1033.12085 0.9424 0.0159 -4.302 -3.413 0.019 0.018 1.438 6844.4 4.0912 13.635241 0.91499 13.996897 13.081907 -11.98 4.52 1017.57007 1052.83301 66198.84737 15.635 34408.0 28.068 46387.0 22.972 "" "" 0.002767227246875346 0.0029273666 0.0038174377 0.0067448043 326.9436420508 66.36365207967 1033.12085 -4.302 -3.4129999999999994
324.30895323585 66.19289069279 0.0132 0.0131 35.898 "" "" 2221004112197406592 812.382324 1.2024 0.0139 -1.762 1.386 0.017 0.016 1.389 5723.8 4.0522 13.639955 1.210359 14.163265 12.952907 -40.48 2.56 804.122498 822.755127 65912.06868 10.532 29520.0 21.835 52239.0 23.857 "" "" 0.002760776628932733 0.002903445 0.00381177 0.006715215 324.30895323585 66.19289069279 812.382324 -1.762 1.386
324.19599217977 65.91097768734 0.0105 0.0109 40.9207 "" "" 2220902407372802432 892.208374 1.0913 0.0112 -1.273 2.922 0.015 0.014 0.993 6128.0 4.0588 13.650073 0.96654 14.048523 13.081983 -11.54 3.15 881.608887 900.015015 65300.62524 10.372 32810.0 29.811 46384.0 21.678 "" "" 0.00276071173160228 0.0029594288 0.003813294 0.006772723 324.19599217977 65.91097768734 892.208374 -1.2730000000000001 2.9220000000000006
325.98726913277 66.7901677456 0.0112 0.0107 39.687 "" "" 2222548994754481664 734.155701 1.337 0.0117 7.655 0.941 0.015 0.014 0.992 6013.6 4.2115 13.671824 0.868415 14.021097 13.152682 -12.89 4.77 728.529419 741.810974 64005.46965 11.914 33649.0 30.85 43460.0 23.851 "" "" 0.002762722122887739 0.0029624167 0.0038260648 0.0067884815 325.98726913277 66.7901677456 734.155701 7.655 0.940999999999999
324.6864356579 66.04636047075 0.0104 0.0116 27.1584 "" "" 2220987001047773696 946.142822 1.0324 0.0117 -8.211 -8.838 0.014 0.014 1.078 5722.9 3.8601 13.677318 0.958764 14.066542 13.107778 -26.66 3.35 934.445007 956.809631 63682.4598 10.579 32270.0 27.864 45295.0 38.591 "" "" 0.0027612172066458344 0.002943458 0.0038909414 0.0068343994 324.6864356579 66.04636047075 946.142822 -8.211 -8.838
326.23961194953 66.39986462327 0.0129 0.0134 19.4123 "" "" 2218022477183885696 735.896851 1.3291 0.014 -5.301 -12.703 0.017 0.017 1.353 5757.0 4.2543 13.678102 0.965005 14.073709 13.108705 -41.51 6.35 728.587891 744.940002 63636.46411 9.8152 32058.0 18.745 45256.0 20.621 "" "" 0.002760404512387685 0.0028614835 0.0038116234 0.006673107 326.23961194953 66.39986462327 735.896851 -5.300999999999998 -12.703
326.03543558142 65.61715453123 0.0105 0.0097 31.6148 "" "" 2217939257896926336 1053.89844 0.924 0.0115 -1.627 -1.906 0.015 0.013 1.047 6631.3 4.1188 13.682354 0.82439 14.011136 13.186746 -19.39 6.41 1044.36377 1064.21301 63387.70332 9.3841 33960.0 27.102 42117.0 23.316 "" "" 0.0027600045867308626 0.0029216148 0.0038268794 0.006748494 326.03543558142 65.61715453123 1053.89844 -1.6269999999999998 -1.906
325.11473875054 66.58921495419 0.0169 0.0172 31.6933 "" "" 2221086300691946112 833.084473 1.1758 0.0186 -1.602 -3.209 0.021 0.021 1.605 5999.5 3.4693 13.684978 1.770319 14.509766 12.739447 "" "" 822.08728 845.594666 63234.73268 159.72 21454.0 227.94 63589.0 435.9 "" "" 0.003887473047574268 0.011868146 0.008347285 0.020215431 325.11473875054 66.58921495419 833.084473 -1.6019999999999999 -3.2089999999999996
327.18003721248 66.13493764889 0.01 0.0104 33.9324 "" "" 2219454831595394688 794.567444 1.2314 0.0112 -5.089 -8.962 0.014 0.012 0.94 5887.8 4.1505 13.700479 1.019867 14.125014 13.105147 -4.72 3.17 788.371887 804.418274 62338.3766 9.2934 30578.0 25.979 45405.0 22.293 "" "" 0.0027600703859584977 0.002938697 0.0038167913 0.0067554885 327.18003721248 66.13493764889 794.567444 -5.089 -8.962
325.86869605318 66.43180962474 0.0104 0.0117 18.0017 "" "" 2221027373740979456 772.485962 1.2691 0.0117 5.156 4.079 0.014 0.015 1.035 6026.4 4.2785 13.703959 0.865582 14.050693 13.18511 -18.58 4.3 766.634949 778.44574 62138.89054 18.511 32745.0 36.109 42181.0 36.802 "" "" 0.0027742388826833934 0.003036202 0.003896289 0.006932491 325.86869605318 66.43180962474 772.485962 5.156 4.079
326.82736862449 65.65462346367 0.0108 0.0115 38.5033 "" "" 2217931011560304000 871.36322 1.125 0.0122 9.041 -3.943 0.014 0.013 0.956 6207.1 4.1652 13.709463 0.965157 14.105726 13.14057 -5.55 3.18 861.144104 879.826599 61824.6003 9.8472 31126.0 20.216 43947.0 26.067 "" "" 0.0027607417365423104 0.0028779018 0.0038338576 0.0067117596 326.82736862449 65.65462346367 871.36322 9.041 -3.9430000000000014
325.60112263768 66.26612953508 0.01 0.0114 9.0698 "" "" 2221017031459526400 780.829834 1.2572 0.0117 12.892 8.995 0.013 0.014 1.002 5818.3 4.0854 13.730107 0.940582 14.114449 13.173866 -45.77 2.91 772.767639 789.291443 60660.17572 10.161 30877.0 19.827 42620.0 22.459 "" "" 0.0027613158997138285 0.002875954 0.0038224428 0.006698397 325.60112263768 66.26612953508 780.829834 12.891999999999998 8.995000000000001
325.97416152959 65.99366744051 0.0105 0.0105 9.6194 "" "" 2217995779666875392 866.91272 1.1293 0.0112 -1.447 -6.051 0.015 0.014 1.009 6107.1 4.1833 13.730587 0.907454 14.095764 13.188311 -2.44 3.43 858.895996 874.286865 60633.38417 9.6139 31413.0 24.138 42057.0 21.123 "" "" 0.0027606929780855795 0.0029122303 0.003818519 0.0067307493 325.97416152959 65.99366744051 866.91272 -1.447 -6.051
326.94520959559 66.00419176165 0.0112 0.0113 29.3536 "" "" 2219452220255025920 877.27887 1.1136 0.0127 -6.093 -3.667 0.015 0.013 1.048 6380.4 4.2069 13.735197 0.948566 14.12372 13.175154 -20.58 5.97 867.897156 887.423462 60376.49165 9.8113 30615.0 21.484 42569.0 31.908 "" "" 0.0027609633211223327 0.0028923275 0.0038660103 0.006758338 326.94520959559 66.00419176165 877.27887 -6.093 -3.6670000000000003
324.61186516579 65.7493787244 0.0109 0.0114 36.762 "" "" 2220978548552238336 1055.94885 0.9212 0.0119 0.94 -0.081 0.015 0.014 0.992 6222.4 4.09 13.742743 0.922701 14.117653 13.194952 -20.41 3.71 1042.71631 1068.61035 59958.33008 12.115 30786.0 24.724 41800.0 20.885 "" "" 0.0027640400219954113 0.0029232411 0.003818116 0.006741357 324.61186516579 65.7493787244 1055.94885 0.94 -0.08100000000000013
326.3690704788 65.90900444494 0.0117 0.0108 19.6645 "" "" 2217996466861734016 885.467346 1.1048 0.0122 -7.413 -4.47 0.016 0.013 1.003 6227.8 4.0838 13.755663 0.883178 14.11203 13.228852 -5.09 2.92 875.419434 896.838013 59249.05425 9.9876 30946.0 18.708 40515.0 16.578 "" "" 0.0027613921435536573 0.0028663334 0.0038054036 0.006671737 326.3690704788 65.90900444494 885.467346 -7.412999999999999 -4.469999999999999
324.79608381078 65.83346207162 0.0459 0.0494 30.0767 "" "" 2220980713215764480 1052.47693 0.9266 0.0517 -9.327 -1.212 0.065 0.063 4.254 5801.1 3.5893 13.756811 1.044583 14.164285 13.119701 3.41 6.22 993.48584 1115.16052 59186.42681 53.93 29492.0 40.48 44800.0 27.905 "" "" 0.002927545840773771 0.0031632117 0.0038394122 0.0070026238 324.79608381078 65.83346207162 1052.47693 -9.326999999999998 -1.211999999999999
325.74190724543 65.92215644706 0.0112 0.0103 12.7369 "" "" 2217993649363087232 764.323181 1.2824 0.0113 -6.73 -3.791 0.016 0.013 1.027 5923.3 4.1839 13.757451 0.901185 14.122474 13.221289 -10.37 4.61 758.508728 769.749451 59151.57393 15.798 30650.0 30.686 40798.0 29.991 "" "" 0.002770536903393309 0.0029944351 0.0038627381 0.0068571735 325.74190724543 65.92215644706 764.323181 -6.7299999999999995 -3.791000000000001
325.72255455926 65.67445512624 0.012 0.0108 27.5997 "" "" 2217963923888850688 1057.57971 0.9204 0.0129 -8.13 -14.436 0.016 0.014 0.918 5889.1 3.7648 13.76047 0.985983 14.166394 13.180411 -47.92 3.08 1043.05347 1071.34888 58987.29674 9.1202 29435.0 26.73 42364.0 22.029 "" "" 0.002760429199122231 0.0029592507 0.003821318 0.0067805685 325.72255455926 65.67445512624 1057.57971 -8.13 -14.435999999999996
325.88321392391 65.81238776395 0.012 0.011 19.4422 "" "" 2217989182596635648 769.55957 1.275 0.0126 0.004 2.706 0.017 0.015 1.003 5945.9 4.2437 13.781198 0.957392 14.17307 13.215678 -31.76 3.65 762.150146 776.609619 57871.87291 10.631 29254.0 30.526 41010.0 24.888 "" "" 0.0027625294792684345 0.0030114138 0.0038363896 0.0068478035 325.88321392391 65.81238776395 769.55957 0.0039999999999995595 2.7059999999999995
326.08018120205 66.32183874659 0.0116 0.0118 13.3873 "" "" 2218021789988765312 995.928894 0.9738 0.0124 -0.461 -1.654 0.016 0.015 1.129 5967.4 3.9645 13.78281 1.21127 14.305595 13.094325 -38.1 2.82 984.641113 1009.16339 57785.99999 9.1986 25893.0 23.13 45859.0 22.896 "" "" 0.0027607354452727773 0.0029539317 0.0038180586 0.00677199 326.08018120205 66.32183874659 995.928894 -0.4610000000000001 -1.654
324.99704297745 65.76605110512 0.0113 0.0115 29.2481 "" "" 2217977259767246592 808.192505 1.2099 0.0123 8.646 -22.851 0.016 0.015 0.967 5455.4 4.1591 13.79297 0.982724 14.197732 13.215008 -41.82 4.31 800.120178 816.419861 57247.82744 9.6147 28597.0 17.872 41035.0 17.206 "" "" 0.0027613475340262207 0.0028714924 0.0038067019 0.0066781943 324.99704297745 65.76605110512 808.192505 8.646000000000004 -22.851
325.87627389968 65.76710255374 0.0114 0.0112 22.122 "" "" 2217988770279794176 795.411011 1.2295 0.0127 9.444 3.747 0.016 0.015 1.037 6054.2 4.1805 13.793066 0.928 14.170328 13.242328 -18.6 2.8 787.678467 803.546326 57242.72996 11.608 29328.0 33.166 40015.0 20.004 "" "" 0.002764102919222985 0.0030483752 0.0038181578 0.0068665333 325.87627389968 65.76710255374 795.411011 9.444 3.747000000000001
325.77374449978 66.3820334049 0.0112 0.0121 14.8951 "" "" 2221023903407194880 788.061096 1.241 0.0124 -10.2 -8.145 0.015 0.015 0.967 6011.1 4.2775 13.795797 0.876667 14.149309 13.272642 -53.72 4.93 780.165771 794.400513 57098.92452 13.304 29902.0 29.295 38914.0 20.444 "" "" 0.0027669091145243346 0.0029860504 0.003822184 0.0068082344 325.77374449978 66.3820334049 788.061096 -10.2 -8.145
