Clusters/NGC_7129/NGC_7129_stars_in_region.tsv
# %ECSV 1.0
# ---
# datatype:
# - name: RA_ICRS_1
#   unit: deg
#   datatype: float64
#   format: '{:15.11f}'
#   description: Right ascension (ICRS) at Ep=2016.0 (ra)
#   meta: !!omap
#   - {ucd: POS_EQ_RA_MAIN}
#   - {width: 15}
#   - {precision: '11'}
# - name: DE_ICRS_1
#   unit: deg
#   datatype: float64
#   format: '{:15.11f}'
#   description: Declination (ICRS) at Ep=2016.0 (dec)
#   meta: !!omap
#   - {ucd: POS_EQ_DEC_MAIN}
#   - {width: 15}
#   - {precision: '11'}
# - name: e_RA_ICRS
#   unit: mas
#   datatype: float64
#   format: '{:7.4f}'
#   description: Standard error of right ascension (ra_error)
#   meta: !!omap
#   - {ucd: ERROR}
#   - {width: 7}
#   - {precision: '4'}
# - name: e_DE_ICRS
#   unit: mas
#   datatype: float64
#   format: '{:7.4f}'
#   description: Standard error of declination (dec_error)
#   meta: !!omap
#   - {ucd: ERROR}
#   - {width: 7}
#   - {precision: '4'}
# - name: _r_1
#   unit: ''
#   datatype: float64
#   format: '{:7.4f}'
#   description: Distance from center (325.78221348000+66.13380520000)[ICRS], at Epoch=J2016.0
#   meta: !!omap
#   - {ucd: POS_ANG_DIST_GENERAL}
#   - {width: 7}
#   - {precision: '4'}
# - name: HIP
#   datatype: int32
#   description: '? HIP cross-id number, van Leeuwen, Cat. I/311 (hip_original_ext_source_id)'
#   meta: !!omap
#   - {ucd: ID_NUMBER}
#   - {width: 6}
#   - values: {'null': -2147483648}
# - name: TYC2
#   datatype: string
#   description: Tycho-2 cross-id name, Hog et al., Cat. I/259 (tyc2_original_ext_source_id)
#   meta: !!omap
#   - {ucd: ID_CROSSID}
#   - {_votable_string_dtype: char}
# - name: Source
#   datatype: int64
#   description: Source identifier, identical to the Gaia-EDR3 source_id (id)
#   meta: !!omap
#   - {ucd: ID_MAIN}
#   - {width: 19}
# - name: rgeo
#   unit: pc
#   datatype: float64
#   format: '{:15.8f}'
#   description: '? Median of the geometric distance posterior (r_med_geo)'
#   meta: !!omap
#   - {ucd: PHYS_DISTANCE_TRUE}
#   - {width: 15}
#   - {precision: '8'}
#   - values: {'null': .nan}
# - name: Plx
#   unit: mas
#   datatype: float64
#   format: '{:9.4f}'
#   description: '? Parallax (parallax)'
#   meta: !!omap
#   - {ucd: POS_PARLX_TRIG}
#   - {width: 9}
#   - {precision: '4'}
#   - values: {'null': .nan}
# - name: e_Plx
#   unit: mas
#   datatype: float32
#   format: '{:7.4f}'
#   description: '? Standard error of parallax (parallax_error)'
#   meta: !!omap
#   - {ucd: ERROR}
#   - {width: 7}
#   - {precision: '4'}
#   - values: {'null': .nan}
# - name: pmRA
#   unit: mas / yr
#   datatype: float64
#   format: '{:9.3f}'
#   description: '? Proper motion in right ascension direction, pmRA*cosDE (pmra)'
#   meta: !!omap
#   - {ucd: POS_EQ_PMRA}
#   - {width: 9}
#   - {precision: '3'}
#   - values: {'null': .nan}
# - name: pmDE
#   unit: mas / yr
#   datatype: float64
#   format: '{:9.3f}'
#   description: '? Proper motion in declination direction (pmdec)'
#   meta: !!omap
#   - {ucd: POS_EQ_PMDEC}
#   - {width: 9}
#   - {precision: '3'}
#   - values: {'null': .nan}
# - name: e_pmRA
#   unit: mas / yr
#   datatype: float32
#   format: '{:6.3f}'
#   description: '? Standard error of proper motion in right ascension direction (pmra_error)'
#   meta: !!omap
#   - {ucd: ERROR}
#   - {width: 6}
#   - {precision: '3'}
#   - values: {'null': .nan}
# - name: e_pmDE
[...]
#         unit: &id001 !astropy.units.Unit {unit: deg}
#         value: !astropy.table.SerializedColumn {name: SkyCoord.dec}
#       distance: !astropy.table.SerializedColumn
#         __class__: astropy.coordinates.distances.Distance
#         unit: !astropy.units.Unit {unit: pc}
#         value: !astropy.table.SerializedColumn {name: SkyCoord.distance}
#       frame: icrs
#       obstime: !astropy.time.Time {format: jyear_str, in_subfmt: '*', jd1: 367701545.0, jd2: 0.0, out_subfmt: '*', precision: 3, scale: tt}
#       pm_dec: !astropy.table.SerializedColumn
#         __class__: astropy.units.quantity.Quantity
#         unit: !astropy.units.Unit {unit: mas / yr}
#         value: !astropy.table.SerializedColumn {name: SkyCoord.pm_dec}
#       pm_ra_cosdec: !astropy.table.SerializedColumn
#         __class__: astropy.units.quantity.Quantity
#         unit: !astropy.units.Unit {unit: mas / yr}
#         value: !astropy.table.SerializedColumn {name: SkyCoord.pm_ra_cosdec}
#       ra: !astropy.table.SerializedColumn
#         __class__: astropy.coordinates.angles.Longitude
#         unit: *id001
#         value: !astropy.table.SerializedColumn {name: SkyCoord.ra}
#         wrap_angle: !astropy.coordinates.Angle
#           unit: *id001
#           value: 360.0
#       representation_type: spherical
# schema: astropy-2.0
RA_ICRS_1 DE_ICRS_1 e_RA_ICRS e_DE_ICRS _r_1 HIP TYC2 Source rgeo Plx e_Plx pmRA pmDE e_pmRA e_pmDE RUWE Teff logg Gmag BP-RP BPmag RPmag RV e_RV b_rgeo B_rgeo FG e_FG FBP e_FBP FRP e_FRP RAVE5 RAVE6 e_Gmag e_BPmag e_RPmag e_BP-RP SkyCoord.ra SkyCoord.dec SkyCoord.distance SkyCoord.pm_ra_cosdec SkyCoord.pm_dec
[from data line 639]
326.67894399386 66.60024010096 0.0284 0.0291 35.3324 "" "" 2219526815242932352 825.041138 1.1877 0.0307 -6.338 -4.925 0.037 0.037 1.013 5149.7 4.6012 16.007366 1.421753 16.428762 15.00701 "" "" 805.134888 846.45929 7447.32913 5.2714 3663.6 53.814 7876.9 128.24 "" "" 0.0028604890445393175 0.016190426 0.018075868 0.034266293 326.67894399386 66.60024010096 825.041138 -6.338 -4.925
326.88555423154 66.57409840445 0.03 0.0283 37.4543 "" "" 2219531488171521408 1059.6394 0.9217 0.0315 -4.566 -5.674 0.039 0.035 1.043 5712.0 4.3557 16.009918 1.51352 16.705929 15.192409 "" "" 1014.41937 1103.16711 7429.83383 3.7216 2838.2 12.051 6640.4 16.051 "" "" 0.002808479383244693 0.005388644 0.004601225 0.009989869 326.88555423154 66.57409840445 1059.6394 -4.566 -5.674
326.64542119738 66.53739138228 0.0268 0.0268 31.9139 "" "" 2219526024973100544 1040.2113 0.9344 0.029 -1.487 -0.138 0.034 0.033 1.021 5046.4 4.3962 16.010803 1.376296 16.62767 15.251374 "" "" 1011.6748 1072.04248 7423.78347 2.7612 3050.3 12.199 6289.4 13.342 "" "" 0.002784756143527308 0.0051613385 0.004425897 0.009587236 326.64542119738 66.53739138228 1040.2113 -1.4870000000000003 -0.138
327.18464476326 65.82764927566 0.0626 0.0616 38.8648 "" "" 2219434799867693568 1063.73938 0.9496 0.0667 -1.29 1.461 0.078 0.075 1.953 5614.5 4.6331 16.016424 1.161172 16.470594 15.309423 "" "" 980.282288 1127.57349 7385.45491 10.17 3525.2 9.5805 5962.0 11.306 "" "" 0.0031348190431262283 0.0040610125 0.0043038256 0.008364838 327.18464476326 65.82764927566 1063.73938 -1.2899999999999998 1.461
326.06357799879 66.28447809814 0.0276 0.029 11.3184 "" "" 2218019453526563200 831.37384 1.1774 0.0303 0.75 -5.019 0.036 0.038 1.023 4723.8 4.4715 16.020939 1.321524 16.60938 15.287857 "" "" 812.851501 849.638672 7354.80636 3.1037 3102.2 9.5805 6081.6 11.082 "" "" 0.00279315503909402 0.0043621245 0.004265909 0.008628033 326.06357799879 66.28447809814 831.37384 0.7500000000000002 -5.019000000000001
327.35402826304 65.99096120405 0.0335 0.0309 39.212 "" "" 2219438338921050240 1065.75574 0.9189 0.0347 -13.783 -8.838 0.045 0.036 1.077 5514.2 4.5153 16.02696 1.421649 16.66135 15.239701 "" "" 1024.70093 1101.24084 7314.12899 3.6019 2957.2 10.468 6357.4 12.073 "" "" 0.0028067189622635225 0.0047493377 0.0043052305 0.009054568 327.35402826304 65.99096120405 1065.75574 -13.782999999999998 -8.837999999999997
326.23177319826 66.77731179127 0.0318 0.0272 40.0854 "" "" 2222546623932554368 977.776733 1.0167 0.0324 9.919 -5.583 0.042 0.033 1.113 5487.2 4.505 16.02761 1.467314 16.694668 15.227354 "" "" 948.664307 1005.57764 7309.75434 3.3452 2867.8 11.815 6430.1 11.546 "" "" 0.0027997625196628977 0.005271975 0.004252592 0.009524567 326.23177319826 66.77731179127 977.776733 9.919 -5.583000000000001
324.74919148347 66.34759648571 0.029 0.0294 28.0734 "" "" 2221012599053532416 836.69165 1.1772 0.031 2.233 -1.248 0.038 0.036 1.038 4987.9 4.6105 16.029568 1.289629 16.602682 15.313053 "" "" 819.454285 860.343933 7296.57883 3.4159 3121.4 11.386 5942.1 11.088 "" "" 0.002801811285620883 0.004844618 0.004288166 0.009132784 324.74919148347 66.34759648571 836.69165 2.2330000000000005 -1.2480000000000002
325.31976342442 65.65962406892 0.0415 0.0597 30.6242 "" "" 2217965989768188672 933.384949 1.0338 0.0538 3.477 3.499 0.076 0.09 1.04 "" "" 16.03046 "" "" "" "" "" 875.697876 984.569336 7290.59482 7.7979 "" "" "" "" "" "" 0.0029900457260632635 "" "" "" 325.31976342442 65.65962406892 933.384949 3.477 3.4989999999999997
325.55803019723 65.48664034415 0.0311 0.0313 39.2191 "" "" 2217914037848896512 784.369873 1.2472 0.0344 0.496 0.875 0.044 0.044 1.043 5208.7 4.618 16.031197 1.344588 16.630255 15.285666 "" "" 761.28009 802.575195 7285.64667 15.89 3043.1 31.571 6093.8 35.67 "" "" 0.003633066502595419 0.011604521 0.0073941974 0.01899872 325.55803019723 65.48664034415 784.369873 0.4959999999999999 0.875
325.3416621969 66.3097321814 0.0265 0.0276 15.0002 "" "" 2221019745878816896 839.467651 1.1702 0.0289 0.962 2.059 0.035 0.034 1.045 4815.7 4.5009 16.034739 1.328554 16.628284 15.29973 "" "" 823.649902 859.662109 7261.92025 3.1313 3048.6 13.312 6015.4 13.726 "" "" 0.0027948106199830974 0.005501076 0.0045190104 0.010020087 325.3416621969 66.3097321814 839.467651 0.9620000000000001 2.059
326.96267924393 66.05049803885 0.0292 0.029 29.1357 "" "" 2219452632572131456 975.761963 1.0054 0.0323 7.448 -3.413 0.039 0.033 0.961 4854.3 4.4349 16.038631 1.386518 16.663471 15.276953 "" "" 941.482178 1005.31598 7235.92254 3.1242 2951.4 12.596 6143.0 11.002 "" "" 0.0027949139959939128 0.005408911 0.0042502866 0.009659197 326.96267924393 66.05049803885 975.761963 7.448 -3.4129999999999994
326.35607221884 66.17979171133 0.0266 0.0287 14.1892 "" "" 2218004507040424320 850.832642 1.1557 0.0288 4.287 9.354 0.036 0.038 1.013 4848.4 4.4911 16.038645 1.38165 16.665398 15.283748 "" "" 828.40448 868.916809 7235.84047 2.6982 2946.2 12.069 6104.6 10.577 "" "" 0.002784906547566775 0.0052504186 0.0042216764 0.0094720945 326.35607221884 66.17979171133 850.832642 4.286999999999999 9.353999999999997
325.50873436239 66.10954865816 0.0276 0.0294 6.7998 "" "" 2218011619506188672 865.050598 1.1306 0.0305 -9.329 -5.925 0.036 0.036 1.019 4538.3 4.3661 16.03881 1.458357 16.693254 15.234898 "" "" 841.756348 889.522339 7234.73054 2.9187 2871.5 12.332 6385.6 16.592 "" "" 0.002789919117725352 0.005433873 0.0047161886 0.010150062 325.50873436239 66.10954865816 865.050598 -9.329 -5.925000000000001
325.27451915519 66.65622664843 0.0335 0.0326 33.6347 "" "" 2221092721665389184 984.654175 0.9776 0.0351 4.908 13.027 0.044 0.041 1.04 7195.6 4.1827 16.043947 2.137933 17.145168 15.007236 "" "" 954.39801 1015.27814 7200.58203 4.908 1893.9 11.27 7875.2 17.057 "" "" 0.0028529745676063372 0.007037608 0.0044512693 0.011488877 325.27451915519 66.65622664843 984.654175 4.908 13.027
327.25525726205 66.41183562463 0.0273 0.0295 39.2804 "" "" 2219511387724673536 922.087402 1.0567 0.0309 10.525 9.995 0.035 0.035 1.021 4964.6 4.4521 16.046846 1.391364 16.675539 15.284175 "" "" 897.886475 945.434326 7181.39069 3.1106 2918.8 10.437 6102.2 11.018 "" "" 0.0027951665711189733 0.0047809784 0.0042575607 0.00903854 327.25525726205 66.41183562463 922.087402 10.525000000000002 9.995
326.669632976 65.73285685427 0.0353 0.0314 32.4063 "" "" 2217943827742678784 852.590637 1.1572 0.038 -3.539 -3.972 0.049 0.036 1.089 4911.8 4.5393 16.049639 1.33289 16.646156 15.313267 "" "" 820.367981 883.844666 7162.93899 5.1521 2998.8 10.847 5940.9 12.927 "" "" 0.0028638533141875275 0.004817488 0.0044570263 0.009274514 326.669632976 65.73285685427 852.590637 -3.5389999999999997 -3.9720000000000004
324.69030574805 66.07388919971 0.0281 0.0288 26.7806 "" "" 2221004696313025792 1009.09387 0.9746 0.0307 0.532 5.182 0.038 0.037 0.981 4841.1 4.4291 16.053614 1.226023 16.589067 15.363045 "" "" 979.207397 1043.78418 7136.76858 2.9629 3160.7 17.996 5674.7 14.084 "" "" 0.002791947105828709 0.0067823348 0.004641663 0.011423998 324.69030574805 66.07388919971 1009.09387 0.5320000000000005 5.182000000000001
325.52837056696 66.09211984374 0.0276 0.028 6.6552 "" "" 2218011344628287872 1003.6972 0.9825 0.0297 -15.297 -10.541 0.036 0.034 1.036 5717.7 4.4512 16.055998 1.45643 16.717003 15.260572 "" "" 972.44751 1035.59473 7121.11344 2.9088 2809.4 12.3 6236.3 10.644 "" "" 0.0027907845852209 0.0055119013 0.004209247 0.009721149 325.52837056696 66.09211984374 1003.6972 -15.297000000000004 -10.541000000000002
324.53822971696 65.69894571524 0.0305 0.03 40.1043 "" "" 2220884471589414016 924.218567 1.0593 0.0324 -0.908 -1.764 0.041 0.036 0.988 4961.1 4.6279 16.057362 1.316552 16.634918 15.318366 "" "" 898.414062 955.869141 7112.17045 3.366 3030.0 12.131 5913.1 16.16 "" "" 0.002802825552320334 0.0051653134 0.004805013 0.009970326 324.53822971696 65.69894571524 924.218567 -0.9079999999999999 -1.7639999999999998
324.94739007314 65.76360274737 0.0298 0.0296 30.1677 "" "" 2217977087968542208 921.358826 1.0611 0.0326 2.535 -0.265 0.04 0.036 1.066 4774.7 4.4037 16.060654 1.273972 16.62181 15.347839 "" "" 891.458191 952.218506 7090.63308 4.5111 3066.8 12.584 5754.7 20.693 "" "" 0.002840585648433664 0.0052567073 0.0054337843 0.010690492 324.94739007314 65.76360274737 921.358826 2.535 -0.2649999999999997
324.44460131631 66.26747397862 0.0293 0.0288 33.364 "" "" 2221010537468481664 1064.04236 0.9153 0.0312 -7.51 -11.653 0.035 0.034 1.026 5555.3 4.5353 16.067636 1.313826 16.647041 15.333216 "" "" 1036.78015 1097.84338 7045.17614 2.9638 2996.4 14.186 5832.7 11.339 "" "" 0.0027929218819440385 0.0058486965 0.0043288385 0.010177535 324.44460131631 66.26747397862 1064.04236 -7.51 -11.652999999999999
326.04063380999 65.7664316514 0.0521 0.0458 22.9302 "" "" 2217988220524025984 876.905823 1.1336 0.053 -1.073 0.652 0.069 0.057 1.787 4790.7 4.3952 16.06912 1.352974 16.63067 15.277697 "" "" 839.238647 922.605713 7035.55713 8.6515 3041.9 16.369 6138.7 14.292 "" "" 0.003061749379316947 0.0064745885 0.004546806 0.011021394 326.04063380999 65.7664316514 876.905823 -1.073 0.6520000000000001
327.10609116948 66.52990160233 0.0315 0.0356 39.7682 "" "" 2219527708600340992 771.654907 1.2635 0.0364 -5.335 -3.875 0.043 0.043 1.153 "" "" 16.070862 1.475597 16.743393 15.267796 "" "" 748.317322 795.470215 7024.28906 4.8835 2742.0 11.801 6195.0 16.559 "" "" 0.0028568458435145614 0.005442422 0.0047650915 0.010207513 327.10609116948 66.52990160233 771.654907 -5.335000000000001 -3.875000000000001
326.91236532507 66.05139160381 0.0295 0.0285 27.9212 "" "" 2219452666931620992 977.669312 0.9941 0.0326 -12.292 -11.168 0.042 0.033 1.029 5541.6 4.5737 16.073307 1.31105 16.650238 15.339188 "" "" 947.965393 1013.0448 7008.4758 3.1899 2987.6 10.988 5800.7 10.956 "" "" 0.0027992847239375457 0.0048714117 0.004299881 0.009171292 326.91236532507 66.05139160381 977.669312 -12.291999999999998 -11.168000000000001
324.48920526701 65.83822605343 0.0758 0.0841 36.2112 "" "" 2220982877879208064 1003.52423 0.996 0.088 -5.689 -5.163 0.112 0.097 2.518 4909.4 4.484 16.07848 1.370528 16.66015 15.289622 "" "" 906.596375 1106.58838 6975.17392 11.801 2960.4 12.099 6071.7 17.619 "" "" 0.0033114997242848962 0.0052416692 0.004920376 0.010162045 324.48920526701 65.83822605343 1003.52423 -5.689 -5.163
325.7346409348 65.94616800858 0.0312 0.029 11.3177 "" "" 2218005847070201472 1020.14258 0.9608 0.0322 -0.991 2.326 0.044 0.036 1.118 5755.7 4.4504 16.0814 1.517322 16.77883 15.261508 "" "" 984.806641 1049.7572 6956.43069 3.0741 2653.9 9.1028 6231.0 10.417 "" "" 0.002796782573365054 0.004653338 0.0041926657 0.008846004 325.7346409348 65.94616800858 1020.14258 -0.991 2.3259999999999996
324.7438869593 65.94645741294 0.0281 0.0295 27.684 "" "" 2220985489219339904 724.440552 1.3544 0.0321 -1.502 -4.728 0.041 0.039 0.999 4623.4 4.5292 16.082037 1.406402 16.723215 15.316813 "" "" 709.202332 745.168091 6952.3495 3.0179 2793.4 7.9454 5921.5 10.492 "" "" 0.0027953377599021926 0.004161982 0.004240823 0.008402805 324.7438869593 65.94645741294 724.440552 -1.5020000000000002 -4.728
324.51294442616 65.80474371553 0.0311 0.0326 36.7632 "" "" 2220979819862512768 1041.73743 0.9395 0.0349 -5.577 -5.7 0.047 0.04 1.1 4806.1 4.4292 16.088318 1.238969 16.631042 15.392074 "" "" 1010.0545 1082.35107 6912.2532 3.0059 3040.9 11.928 5525.0 14.969 "" "" 0.0027954810290963363 0.0050914283 0.004789236 0.009880664 324.51294442616 65.80474371553 1041.73743 -5.577 -5.7
325.22667101264 66.1447815031 0.0293 0.0293 13.4995 "" "" 2220991433454425600 1028.30322 0.9537 0.0321 -4.828 -5.367 0.039 0.039 1.065 4695.8 4.376 16.097408 1.486657 16.784565 15.297908 "" "" 997.548523 1066.23779 6854.62541 2.889 2639.9 7.5492 6025.5 9.8373 "" "" 0.0027930608953178437 0.0041743284 0.0041744206 0.008348749 325.22667101264 66.1447815031 1028.30322 -4.828 -5.367
326.10882874587 65.89323578572 0.0332 0.0305 16.4866 "" "" 2217991175461980032 823.529175 1.1893 0.0341 -7.515 -10.782 0.049 0.043 1.097 4976.0 4.6051 16.099752 1.328749 16.683681 15.354933 "" "" 801.555847 845.410034 6839.83937 3.0195 2897.0 15.105 5717.2 12.699 "" "" 0.002796698813799628 0.006311297 0.0044832667 0.010794563 326.10882874587 65.89323578572 823.529175 -7.515000000000001 -10.782
324.36205447824 66.05753803063 0.028 0.031 34.829 "" "" 2220997996164001024 863.831726 1.1317 0.0314 -10.258 -6.226 0.037 0.038 1.067 4706.0 4.4602 16.100506 1.358388 16.71424 15.355851 "" "" 842.714294 887.351868 6835.09798 2.8963 2816.6 11.923 5712.4 14.303 "" "" 0.0027934661332878366 0.0053766826 0.0046555437 0.010032226 324.36205447824 66.05753803063 863.831726 -10.258000000000001 -6.226000000000002
326.44086800511 65.55634046528 0.028 0.0274 38.2355 "" "" 2217924964245915136 954.997131 1.0195 0.0314 -3.016 -1.035 0.038 0.033 1.022 5033.2 4.5622 16.10059 1.320058 16.693409 15.373351 "" "" 929.156982 987.217285 6834.56235 2.7406 2871.1 8.69 5621.1 8.4146 "" "" 0.0027895048116222147 0.004310945 0.004114045 0.00842499 326.44086800511 65.55634046528 954.997131 -3.016 -1.0349999999999997
326.8787053418 66.32430503758 0.0273 0.0292 28.8764 "" "" 2219507642513160576 906.552612 1.0735 0.0303 -6.821 -1.985 0.037 0.036 0.956 4781.8 4.4337 16.103302 1.37769 16.72376 15.34607 "" "" 877.700134 934.124512 6817.5101 3.2442 2792.0 9.4285 5764.1 10.151 "" "" 0.0028033423902709964 0.0046074134 0.004235529 0.008842942 326.8787053418 66.32430503758 906.552612 -6.821 -1.9850000000000008
325.75782236339 66.11242180562 0.0349 0.0346 1.4132 "" "" 2218012031823079040 867.022827 1.1198 0.037 -1.946 -3.261 0.043 0.039 1.12 5379.2 3.8833 16.104818 2.22771 17.286497 15.058787 "" "" 841.451233 897.030701 6807.99418 67.059 1662.7 53.653 7510.1 234.95 "" "" 0.011043777404279002 0.035146113 0.034176365 0.06932248 325.75782236339 66.11242180562 867.022827 -1.9460000000000002 -3.2609999999999997
326.00584577338 66.36371593912 0.0351 0.0374 14.8155 "" "" 2221023074475134976 1064.07288 0.9244 0.0379 1.886 2.526 0.049 0.052 1.272 5092.3 4.3516 16.108109 1.522194 16.77495 15.252756 "" "" 1026.23376 1100.49707 6787.39801 4.0135 2663.4 10.148 6281.4 10.411 "" "" 0.002829129004070759 0.0049898364 0.004185935 0.009175772 326.00584577338 66.36371593912 1064.07288 1.886 2.526
326.39979658083 66.37829933558 0.0269 0.0283 20.9237 "" "" 2219522657718746752 876.354736 1.1206 0.0293 -16.151 -7.978 0.035 0.036 0.992 4786.5 4.4258 16.1089 1.356259 16.718586 15.362327 "" "" 856.340759 900.298645 6782.4522 2.5986 2805.3 10.09 5678.4 11.852 "" "" 0.0027865448827511788 0.004799493 0.0044067213 0.009206215 326.39979658083 66.37829933558 876.354736 -16.151 -7.978
325.55009547756 66.00700783698 0.0297 0.0297 9.4758 "" "" 2218009661001128576 894.354431 1.0965 0.0316 -1.735 -3.413 0.043 0.036 1.044 4593.4 4.1685 16.112509 1.933786 17.039902 15.106115 "" "" 868.950256 916.795288 6759.94642 57.986 2086.7 57.095 7189.7 157.25 "" "" 0.009712342035152206 0.029837988 0.02404562 0.05388361 325.55009547756 66.00700783698 894.354431 -1.7349999999999999 -3.4130000000000003
326.97432762316 66.09886021622 0.0299 0.0326 29.0352 "" "" 2219453869522698752 959.202515 1.0254 0.0355 -2.754 -6.69 0.043 0.038 1.089 4738.9 4.1956 16.115025 1.498161 16.804804 15.306643 "" "" 927.940002 993.710999 6744.29842 3.0049 2591.2 11.015 5977.2 17.258 "" "" 0.002797463097140972 0.00539322 0.004910297 0.010303518 326.97432762316 66.09886021622 959.202515 -2.7540000000000004 -6.69
325.45574635672 66.33292830744 0.0279 0.031 14.3198 "" "" 2221021326426791808 953.123901 1.0228 0.0318 3.695 -1.857 0.036 0.038 1.049 5316.6 4.2529 16.117266 1.836089 17.01537 15.17928 "" "" 928.219421 985.966003 6730.39498 3.1405 2134.4 10.049 6721.2 14.415 "" "" 0.0028015091471217664 0.0058236797 0.004439148 0.010262828 325.45574635672 66.33292830744 953.123901 3.695 -1.8569999999999995
