Clusters/NGC_7129/NGC_7129_stars_in_region.tsv
# %ECSV 1.0
# ---
# datatype:
# - name: RA_ICRS_1
#   unit: deg
#   datatype: float64
#   format: '{:15.11f}'
#   description: Right ascension (ICRS) at Ep=2016.0 (ra)
#   meta: !!omap
#   - {ucd: POS_EQ_RA_MAIN}
#   - {width: 15}
#   - {precision: '11'}
# - name: DE_ICRS_1
#   unit: deg
#   datatype: float64
#   format: '{:15.11f}'
#   description: Declination (ICRS) at Ep=2016.0 (dec)
#   meta: !!omap
#   - {ucd: POS_EQ_DEC_MAIN}
#   - {width: 15}
#   - {precision: '11'}
# - name: e_RA_ICRS
#   unit: mas
#   datatype: float64
#   format: '{:7.4f}'
#   description: Standard error of right ascension (ra_error)
#   meta: !!omap
#   - {ucd: ERROR}
#   - {width: 7}
#   - {precision: '4'}
# - name: e_DE_ICRS
#   unit: mas
#   datatype: float64
#   format: '{:7.4f}'
#   description: Standard error of declination (dec_error)
#   meta: !!omap
#   - {ucd: ERROR}
#   - {width: 7}
#   - {precision: '4'}
# - name: _r_1
#   unit: ''
#   datatype: float64
#   format: '{:7.4f}'
#   description: Distance from center (325.78221348000+66.13380520000)[ICRS], at Epoch=J2016.0
#   meta: !!omap
#   - {ucd: POS_ANG_DIST_GENERAL}
#   - {width: 7}
#   - {precision: '4'}
# - name: HIP
#   datatype: int32
#   description: '? HIP cross-id number, van Leeuwen, Cat. I/311 (hip_original_ext_source_id)'
#   meta: !!omap
#   - {ucd: ID_NUMBER}
#   - {width: 6}
#   - values: {'null': -2147483648}
# - name: TYC2
#   datatype: string
#   description: Tycho-2 cross-id name, Hog et al., Cat. I/259 (tyc2_original_ext_source_id)
#   meta: !!omap
#   - {ucd: ID_CROSSID}
#   - {_votable_string_dtype: char}
# - name: Source
#   datatype: int64
#   description: Source identifier, identical to the Gaia-EDR3 source_id (id)
#   meta: !!omap
#   - {ucd: ID_MAIN}
#   - {width: 19}
# - name: rgeo
#   unit: pc
#   datatype: float64
#   format: '{:15.8f}'
#   description: '? Median of the geometric distance posterior (r_med_geo)'
#   meta: !!omap
#   - {ucd: PHYS_DISTANCE_TRUE}
#   - {width: 15}
#   - {precision: '8'}
#   - values: {'null': .nan}
# - name: Plx
#   unit: mas
#   datatype: float64
#   format: '{:9.4f}'
#   description: '? Parallax (parallax)'
#   meta: !!omap
#   - {ucd: POS_PARLX_TRIG}
#   - {width: 9}
#   - {precision: '4'}
#   - values: {'null': .nan}
# - name: e_Plx
#   unit: mas
#   datatype: float32
#   format: '{:7.4f}'
#   description: '? Standard error of parallax (parallax_error)'
#   meta: !!omap
#   - {ucd: ERROR}
#   - {width: 7}
#   - {precision: '4'}
#   - values: {'null': .nan}
# - name: pmRA
#   unit: mas / yr
#   datatype: float64
#   format: '{:9.3f}'
#   description: '? Proper motion in right ascension direction, pmRA*cosDE (pmra)'
#   meta: !!omap
#   - {ucd: POS_EQ_PMRA}
#   - {width: 9}
#   - {precision: '3'}
#   - values: {'null': .nan}
# - name: pmDE
#   unit: mas / yr
#   datatype: float64
#   format: '{:9.3f}'
#   description: '? Proper motion in declination direction (pmdec)'
#   meta: !!omap
#   - {ucd: POS_EQ_PMDEC}
#   - {width: 9}
#   - {precision: '3'}
#   - values: {'null': .nan}
# - name: e_pmRA
#   unit: mas / yr
#   datatype: float32
#   format: '{:6.3f}'
#   description: '? Standard error of proper motion in right ascension direction (pmra_error)'
#   meta: !!omap
#   - {ucd: ERROR}
#   - {width: 6}
#   - {precision: '3'}
#   - values: {'null': .nan}
# - name: e_pmDE
[...]
#         unit: &id001 !astropy.units.Unit {unit: deg}
#         value: !astropy.table.SerializedColumn {name: SkyCoord.dec}
#       distance: !astropy.table.SerializedColumn
#         __class__: astropy.coordinates.distances.Distance
#         unit: !astropy.units.Unit {unit: pc}
#         value: !astropy.table.SerializedColumn {name: SkyCoord.distance}
#       frame: icrs
#       obstime: !astropy.time.Time {format: jyear_str, in_subfmt: '*', jd1: 367701545.0, jd2: 0.0, out_subfmt: '*', precision: 3, scale: tt}
#       pm_dec: !astropy.table.SerializedColumn
#         __class__: astropy.units.quantity.Quantity
#         unit: !astropy.units.Unit {unit: mas / yr}
#         value: !astropy.table.SerializedColumn {name: SkyCoord.pm_dec}
#       pm_ra_cosdec: !astropy.table.SerializedColumn
#         __class__: astropy.units.quantity.Quantity
#         unit: !astropy.units.Unit {unit: mas / yr}
#         value: !astropy.table.SerializedColumn {name: SkyCoord.pm_ra_cosdec}
#       ra: !astropy.table.SerializedColumn
#         __class__: astropy.coordinates.angles.Longitude
#         unit: *id001
#         value: !astropy.table.SerializedColumn {name: SkyCoord.ra}
#         wrap_angle: !astropy.coordinates.Angle
#           unit: *id001
#           value: 360.0
#       representation_type: spherical
# schema: astropy-2.0
RA_ICRS_1 DE_ICRS_1 e_RA_ICRS e_DE_ICRS _r_1 HIP TYC2 Source rgeo Plx e_Plx pmRA pmDE e_pmRA e_pmDE RUWE Teff logg Gmag BP-RP BPmag RPmag RV e_RV b_rgeo B_rgeo FG e_FG FBP e_FBP FRP e_FRP RAVE5 RAVE6 e_Gmag e_BPmag e_RPmag e_BP-RP SkyCoord.ra SkyCoord.dec SkyCoord.distance SkyCoord.pm_ra_cosdec SkyCoord.pm_dec
[from data line 79]
325.44915372436 65.48940691832 0.0159 0.0163 39.5213 "" "" 2217908398553648128 809.165222 1.2125 0.0175 -0.405 0.282 0.022 0.02 1.663 6704.2 4.1914 13.046446 0.732436 13.331727 12.599291 "" "" 795.285767 821.697754 113859.2524 25.087 63493.0 41.855 72351.0 27.346 "" "" 0.002765685722786711 0.002880505 0.0038015957 0.0066821007 325.44915372436 65.48940691832 809.165222 -0.4050000000000001 0.28200000000000003
325.91566788753 66.00897925069 0.2097 0.2106 8.1634 "" "" 2218007560763988224 803.08844 1.298 0.2289 0.067 1.785 0.274 0.259 17.246 "" "" 13.047893 2.295924 14.089443 11.793519 -20.69 0.87 671.8797 986.751038 113707.62284 118.86 31597.0 36.271 151970.0 122.39 "" "" 0.0029799100001876152 0.0030558833 0.003879215 0.006935098 325.91566788753 66.00897925069 803.08844 0.06699999999999995 1.7849999999999995
325.69608931573 66.1809038839 0.0097 0.0108 3.5141 "" "" 2218013337493113600 896.247375 1.0918 0.011 -1.636 -3.08 0.013 0.013 1.121 "" "" 13.061827 1.212761 13.568612 12.355851 "" "" 886.661743 905.631592 112257.69665 28.718 51047.0 41.722 90535.0 55.681 "" "" 0.0027692846404616576 0.0029278877 0.0038379186 0.006765806 325.69608931573 66.1809038839 896.247375 -1.6359999999999997 -3.08
326.15182415505 66.06287908684 0.0145 0.0147 9.9421 "" "" 2218002033139263104 830.675903 1.1826 0.0157 3.252 1.581 0.02 0.02 1.683 6614.1 4.0425 13.091642 0.781918 13.399413 12.617496 "" "" 819.399597 841.129456 109216.89223 23.379 59656.0 35.794 71148.0 31.564 "" "" 0.0027651049172913245 0.0028652109 0.0038099524 0.0066751633 326.15182415505 66.06287908684 830.675903 3.2519999999999993 1.5809999999999993
327.15612310635 65.99946923597 0.0104 0.0098 34.3984 "" "" 2219448818641215488 854.560974 1.1435 0.0113 3.713 -1.098 0.014 0.012 0.888 5938.2 4.0319 13.092529 0.943256 13.477723 12.534467 -36.05 2.18 845.966431 863.711182 109127.68479 21.655 55504.0 30.85 76802.0 43.223 "" "" 0.002763730872559368 0.0028546844 0.0038284583 0.006683143 327.15612310635 65.99946923597 854.560974 3.7130000000000005 -1.0980000000000003
324.62723105958 65.71390799302 0.0103 0.0103 37.8665 "" "" 2217975954097127936 994.105591 0.9787 0.0111 2.07 -9.239 0.014 0.014 0.905 4765.3 3.2447 13.156416 1.461556 13.828771 12.367214 -38.21 1.13 983.362305 1009.0885 102891.66983 16.353 40171.0 30.483 89593.0 32.446 "" "" 0.0027607184851021643 0.0029092685 0.0037997805 0.006709049 324.62723105958 65.71390799302 994.105591 2.07 -9.239
326.58375122845 65.60001107976 0.0084 0.0085 37.5812 "" "" 2217924689368024576 916.116394 1.0672 0.0093 -1.188 2.242 0.011 0.01 1.013 6155.9 4.0102 13.174102 0.926427 13.550109 12.623682 -17.4 2.77 909.171814 923.340149 101229.21255 14.277 51925.0 31.347 70743.0 27.335 "" "" 0.002759572009609214 0.0028661247 0.0038025952 0.00666872 326.58375122845 65.60001107976 916.116394 -1.1879999999999997 2.2419999999999995
325.52732144598 66.49454849629 0.0095 0.0101 22.4996 "" "" 2221040258642844928 762.831177 1.2809 0.0105 5.796 2.73 0.013 0.013 0.886 6525.6 4.154 13.189405 0.8269 13.517583 12.690683 -17.07 3.69 756.6875 770.27478 99812.50199 20.332 53504.0 49.396 66510.0 28.67 "" "" 0.0027641823477604637 0.0029647602 0.0038082504 0.006773011 325.52732144598 66.49454849629 762.831177 5.795999999999999 2.73
327.15103032696 65.83139886321 0.0103 0.0111 38.0334 "" "" 2219434902946907008 912.926758 1.069 0.0115 8.107 5.988 0.013 0.014 0.997 6159.6 4.0081 13.190075 0.923492 13.565135 12.641643 13.13 2.43 904.574829 922.359131 99750.9002 18.804 51211.0 30.579 69583.0 25.098 "" "" 0.002762911489284175 0.0028644996 0.003799617 0.006664117 327.15103032696 65.83139886321 912.926758 8.107 5.9879999999999995
326.11352741845 65.57960434502 0.0093 0.0092 34.2316 "" "" 2217935993721823104 793.587769 1.234 0.0105 -1.697 4.778 0.014 0.013 1.028 5841.6 3.8622 13.215958 0.939394 13.598334 12.65894 2.78 1.94 788.237427 799.644775 97401.03485 14.916 49669.0 33.847 68483.0 28.085 "" "" 0.002760332411053442 0.002886601 0.0038055205 0.0066921217 326.11352741845 65.57960434502 793.587769 -1.697 4.778
324.76417320586 65.99388068296 0.0085 0.0096 26.1654 "" "" 2220985897239798144 857.290955 1.1441 0.0099 -5.684 6.912 0.011 0.012 0.94 6255.4 4.0409 13.217078 0.810402 13.537593 12.727191 19.21 3.62 848.182251 865.177917 97300.62112 18.909 52527.0 32.95 64311.0 28.665 "" "" 0.0027633872946808483 0.0028720926 0.0038102395 0.006682332 324.76417320586 65.99388068296 857.290955 -5.684000000000001 6.912000000000001
327.0241136394 66.25577026602 0.0092 0.0098 30.9529 "" "" 2219504034740673024 986.139404 0.9868 0.0104 5.285 -1.339 0.014 0.012 0.884 7363.1 4.0232 13.239064 0.93495 13.618297 12.683347 "" "" 974.35791 996.953308 95350.10015 15.502 48764.0 33.746 66961.0 21.386 "" "" 0.002760968720750045 0.0028895654 0.0037952564 0.006684822 327.0241136394 66.25577026602 986.139404 5.285 -1.3390000000000006
325.42719475607 66.04323862123 0.0091 0.01 10.2015 "" "" 2218010794872472192 969.250671 1.003 0.0101 0.401 -6.967 0.012 0.012 0.934 6715.2 3.9273 13.28294 0.958699 13.673793 12.715094 -31.71 3.31 961.535034 979.374634 91573.6778 15.749 46334.0 33.045 65031.0 28.648 "" "" 0.0027616401461213543 0.0028956253 0.003809527 0.0067051523 325.42719475607 66.04323862123 969.250671 0.4009999999999998 -6.967
325.88715915988 65.61285902095 0.01 0.0097 31.3626 "" "" 2217916717908518400 860.369507 1.1375 0.0113 -1.6 3.435 0.014 0.013 1.089 5807.0 4.0506 13.300414 1.011494 13.722438 12.710944 -24.16 1.7 851.85144 869.500977 90111.65939 12.382 44304.0 26.338 65280.0 40.436 "" "" 0.002759356172653809 0.0028638535 0.003838753 0.0067026066 325.88715915988 65.61285902095 860.369507 -1.5999999999999999 3.4349999999999996
325.84515533313 66.50930471795 0.0103 0.0101 22.581 "" "" 2221029985081088640 1060.63245 0.9179 0.0108 -5.037 -7.525 0.013 0.012 1.047 6285.8 3.6634 13.338958 1.381816 13.95711 12.575295 -30.71 2.02 1047.47168 1071.56616 86968.84399 12.116 35692.0 30.398 73967.0 40.125 "" "" 0.0027594688886096977 0.002939406 0.003825 0.0067644063 325.84515533313 66.50930471795 1060.63245 -5.037000000000001 -7.525
326.48454054989 66.10185319291 0.0094 0.0103 17.1678 "" "" 2218003167010667648 1036.77209 0.9389 0.0104 -3.671 -1.957 0.013 0.013 1.035 6544.6 3.8969 13.342266 1.103579 13.808008 12.70443 -30.71 5.08 1025.72327 1047.65088 86704.23588 11.116 40946.0 35.713 65673.0 29.699 "" "" 0.002758834073621882 0.0029464916 0.0038111424 0.0067576338 326.48454054989 66.10185319291 1036.77209 -3.671 -1.9570000000000003
326.68557595723 65.98974942435 0.0107 0.0105 23.6297 "" "" 2217951593043460480 1064.78149 0.9128 0.0115 10.435 6.291 0.015 0.013 1.045 "" "" 13.353993 1.365476 13.967289 12.601813 -1.02 1.23 1053.32251 1075.86035 85772.74623 12.015 35359.0 28.151 72183.0 26.215 "" "" 0.002759514553581284 0.002921001 0.003799896 0.006720897 326.68557595723 65.98974942435 1064.78149 10.435000000000002 6.291
326.32234595741 65.54275426278 0.0338 0.0375 37.8624 "" "" 2217923589851835264 719.242126 1.3653 0.0368 15.364 2.936 0.045 0.048 2.749 "" "" 13.359004 1.133121 13.59514 12.462018 "" "" 700.400208 736.304504 85377.85718 42.144 49815.0 326.22 82101.0 547.12 "" "" 0.002806959085587684 0.0076379543 0.008162949 0.015800904 326.32234595741 65.54275426278 719.242126 15.364 2.9360000000000017
324.90978949582 66.04779815187 0.0101 0.0103 21.8334 "" "" 2220992120648841216 847.536743 1.1554 0.0116 2.082 3.674 0.014 0.012 0.931 6411.3 4.1859 13.366834 0.809662 13.688485 12.878823 -30.24 2.6 838.384094 857.474304 84764.36375 16.185 45711.0 28.677 55928.0 25.401 "" "" 0.002763108307974796 0.0028721076 0.0038114153 0.006683523 324.90978949582 66.04779815187 847.536743 2.082 3.6740000000000004
324.71542389204 66.41582208791 0.0093 0.0103 30.8143 "" "" 2221060286071937536 829.642883 1.1789 0.0109 3.087 7.899 0.013 0.013 0.947 5472.2 4.0719 13.383691 1.040263 13.82106 12.780797 -17.52 1.82 822.729553 837.694519 83458.47288 11.333 40457.0 28.221 61212.0 23.459 "" "" 0.002759261912472495 0.002891132 0.0038022185 0.00669335 324.71542389204 66.41582208791 829.642883 3.086999999999999 7.898999999999999
325.90125530575 66.19254041581 0.0096 0.01 4.5554 "" "" 2218012822097060608 865.301758 1.1317 0.0105 18.628 16.197 0.012 0.013 0.998 5495.1 3.8194 13.39114 1.242701 13.933786 12.691085 -11.27 7.57 855.302368 873.615234 82887.82982 153.31 36467.0 219.26 66485.0 302.51 "" "" 0.003409487031556641 0.0070993328 0.006220035 0.013319368 325.90125530575 66.19254041581 865.301758 18.627999999999997 16.196999999999996
325.47942593104 66.41759764254 0.0102 0.0107 18.53 "" "" 2221033867731278848 1023.69556 0.9485 0.0118 -7.921 -2.37 0.013 0.013 1.052 "" "" 13.391164 1.313055 13.969933 12.656878 -28.94 4.39 1013.46436 1034.09363 82885.97389 16.359 35273.0 29.179 68613.0 32.081 "" "" 0.0027636405702609903 0.002931166 0.0038133236 0.0067444895 325.47942593104 66.41759764254 1023.69556 -7.921000000000001 -2.37
325.51979991084 66.64212096842 0.0182 0.0183 31.1441 "" "" 2221045206445154176 849.084473 1.1529 0.0201 -0.758 -0.265 0.023 0.023 2.04 5724.8 4.1513 13.392208 0.892156 13.754363 12.862207 -11.17 4.25 835.031921 863.941162 82806.33518 12.844 43020.0 40.861 56790.0 32.003 "" "" 0.002760461997375146 0.0029746462 0.0038285877 0.006803234 325.51979991084 66.64212096842 849.084473 -0.7580000000000001 -0.26500000000000007
324.77298462728 65.99263009133 0.0089 0.0099 25.9872 "" "" 2220985901536188032 876.182617 1.1146 0.0103 -1.203 -6.082 0.012 0.013 0.94 "" "" 13.413077 0.873951 13.765214 12.891263 -42.38 3.7 869.705383 884.298584 81229.85648 15.537 42592.0 37.377 55291.0 23.029 "" "" 0.0027631352895169437 0.0029483675 0.00380634 0.0067547075 324.77298462728 65.99263009133 876.182617 -1.2030000000000003 -6.082000000000001
324.34333021024 65.87239206054 0.0253 0.0258 38.4535 "" "" 2220983908671313664 974.547974 1.0041 0.0269 -8.648 -2.615 0.035 0.032 2.546 "" "" 13.419205 0.884111 13.774467 12.890356 -34.69 3.45 947.940857 999.347473 80772.71361 14.254 42231.0 27.228 55337.0 32.513 "" "" 0.0027619739519047903 0.0028766424 0.0038328406 0.006709483 324.34333021024 65.87239206054 974.547974 -8.648 -2.6149999999999993
326.77193186851 66.33914347197 0.0219 0.0232 26.9142 "" "" 2219508535866337152 771.070801 1.2735 0.0236 -5.022 -4.496 0.028 0.028 3.205 "" "" 13.419628 0.90127 13.754338 12.853068 -28.02 5.54 758.843262 787.64624 80741.23403 28.804 43021.0 34.358 57270.0 56.075 "" "" 0.002782411604648635 0.0029218006 0.00392605 0.0068478505 326.77193186851 66.33914347197 771.070801 -5.022000000000001 -4.496
326.67719419777 65.94806087663 0.0111 0.0119 24.4888 "" "" 2217950734050019968 952.282959 1.0248 0.0127 -3.132 -11.919 0.015 0.013 1.031 5639.8 3.9982 13.420255 1.171952 13.922831 12.750878 -35.82 1.89 940.809875 964.217224 80694.67339 12.072 36837.0 36.221 62923.0 33.84 "" "" 0.0027601036184549334 0.0029874363 0.0038242224 0.006811659 326.67719419777 65.94806087663 952.282959 -3.1320000000000006 -11.919000000000002
327.43349909229 66.23589573563 0.0093 0.0098 40.4711 "" "" 2219461600463862144 969.829712 1.0069 0.0108 -2.031 -2.103 0.014 0.012 0.965 6690.8 4.0652 13.432963 0.923772 13.807984 12.884213 -2.68 4.57 960.359436 980.145325 79755.67384 13.866 40947.0 25.864 55651.0 26.152 "" "" 0.0027617784833995573 0.002873216 0.0038136663 0.006686882 327.43349909229 66.23589573563 969.829712 -2.0310000000000006 -2.103
326.22737384359 66.60957903118 0.01 0.0099 30.4875 "" "" 2222531436928220800 798.569031 1.2247 0.0109 -5.471 12.807 0.012 0.012 0.998 5446.7 4.0614 13.433168 1.120602 13.910791 12.79019 -8.65 1.68 792.078552 807.128723 79740.57774 11.576 37248.0 26.622 60685.0 23.723 "" "" 0.0027598247353222824 0.0028960705 0.00380314 0.0066992105 326.22737384359 66.60957903118 798.569031 -5.470999999999998 12.807
324.78095820589 65.96153290979 0.0096 0.0104 26.4887 "" "" 2220985592298556928 727.541565 1.3493 0.0114 -5.784 -2.698 0.014 0.013 1.058 6182.3 4.2563 13.433741 0.852882 13.776933 12.92405 -11.86 4.43 720.685669 732.753967 79698.53912 18.047 42135.0 40.764 53646.0 36.711 "" "" 0.002766267172937554 0.0029813428 0.0038517218 0.0068330644 324.78095820589 65.96153290979 727.541565 -5.784 -2.697999999999999
326.36881556583 65.72296938992 0.0106 0.0094 28.5254 "" "" 2217938605062400000 975.783081 0.9994 0.0107 -2.971 -7.425 0.014 0.012 0.984 "" "" 13.434477 0.981035 13.838096 12.85706 -30.62 2.14 965.716492 987.002319 79644.57159 11.148 39827.0 28.248 57060.0 24.09 "" "" 0.002759508117799519 0.0028944893 0.003807078 0.006701567 326.36881556583 65.72296938992 975.783081 -2.9709999999999996 -7.425
326.49296307379 65.79324746288 0.0109 0.01 26.8184 "" "" 2217945099052950912 940.161438 1.0384 0.0111 -3.684 -3.324 0.014 0.012 0.982 6628.9 4.121 13.443854 0.866851 13.790541 12.92369 -15.65 2.6 929.269104 949.117981 78959.64777 15.418 41610.0 39.988 53664.0 33.167 "" "" 0.0027634644446009435 0.0029788855 0.0038384919 0.006817377 326.49296307379 65.79324746288 940.161438 -3.6839999999999997 -3.324
327.07056623436 66.13088127332 0.0102 0.0113 31.278 "" "" 2219455484430924544 752.228271 1.3048 0.0119 -8.65 -9.294 0.016 0.015 0.952 6022.2 4.1373 13.459229 1.064464 13.905951 12.841487 -21.7 2.93 743.918762 757.993835 77849.39406 11.555 37414.0 27.576 57885.0 26.571 "" "" 0.0027600289438240726 0.0029026603 0.0038121012 0.0067147613 327.07056623436 66.13088127332 752.228271 -8.649999999999999 -9.294
325.07837180184 65.54088207914 0.012 0.0117 39.5522 "" "" 2217957915234646656 852.845825 1.1489 0.0128 1.393 0.554 0.016 0.015 0.965 6549.9 4.069 13.476799 0.875398 13.829085 12.953688 -25.33 6.87 843.830139 860.338013 76599.72088 14.846 40159.0 33.397 52202.0 33.637 "" "" 0.0027633439832298362 0.0029326286 0.0038435892 0.006776218 325.07837180184 65.54088207914 852.845825 1.393 0.5539999999999998
324.96216383676 66.22296649951 0.0092 0.0095 20.5799 "" "" 2221007135854809344 843.953003 1.1602 0.0101 -0.238 -0.665 0.012 0.012 0.947 6298.3 4.1399 13.481795 0.834235 13.815203 12.980968 -32.44 3.44 836.524597 851.370239 76248.04037 12.658 40676.0 24.456 50906.0 16.143 "" "" 0.0027612093883090313 0.0028655154 0.0037950324 0.006660548 324.96216383676 66.22296649951 843.953003 -0.2379999999999999 -0.665
326.19086889835 66.14009489288 0.0105 0.0112 9.9265 "" "" 2218014643163233152 1012.45483 0.9514 0.0114 -5.261 -2.785 0.015 0.015 1.191 "" "" 13.490925 2.447345 14.819784 12.372439 -21.66 0.41 1002.30676 1022.57861 75609.59493 21.731 16125.0 18.879 89163.0 38.915 "" "" 0.0027729345325415646 0.003066092 0.0038089734 0.006875065 326.19086889835 66.14009489288 1012.45483 -5.261 -2.785
327.080787798 66.09244219612 0.0102 0.0111 31.647 "" "" 2219453182327950592 968.950928 1.0074 0.0121 -11.42 -9.252 0.016 0.012 0.899 6158.4 3.8649 13.501531 1.043413 13.934225 12.890812 -58.13 4.0 957.052307 979.71167 74874.61395 12.034 36452.0 29.492 55314.0 35.412 "" "" 0.0027608404981047507 0.0029251815 0.0038427692 0.006767951 327.080787798 66.09244219612 968.950928 -11.42 -9.252
326.04667392586 65.77248646684 0.0104 0.0095 22.6227 "" "" 2217988220524024832 979.456177 0.9958 0.0109 -1.461 0.469 0.014 0.012 0.936 7056.0 4.1825 13.501981 0.827212 13.830279 13.003067 -11.31 3.39 967.621033 990.271973 74843.55138 19.3 40115.0 33.506 49881.0 40.73 "" "" 0.0027695086693932643 0.0029338442 0.0038819711 0.0068158153 326.04667392586 65.77248646684 979.456177 -1.4609999999999999 0.4690000000000001
325.21752134733 65.85223587085 0.0099 0.0097 21.8042 "" "" 2217983788117552128 973.089844 1.0028 0.0109 -8.804 -7.183 0.014 0.012 0.975 6576.7 4.0448 13.502489 0.944747 13.886579 12.941833 8.63 3.76 965.18634 981.159485 74808.55882 12.531 38088.0 40.545 52775.0 20.29 "" "" 0.0027613159450912118 0.003020077 0.0038023638 0.006822441 325.21752134733 65.85223587085 973.089844 -8.804 -7.182999999999999
