Clusters/NGC_7129/NGC_7129_members.tsv
# %ECSV 1.0
# ---
# datatype:
# - name: RA_ICRS_1
#   unit: deg
#   datatype: float64
#   format: '{:15.11f}'
#   description: Right ascension (ICRS) at Ep=2016.0 (ra)
#   meta: !!omap
#   - {ucd: POS_EQ_RA_MAIN}
#   - {width: 15}
#   - {precision: '11'}
# - name: DE_ICRS_1
#   unit: deg
#   datatype: float64
#   format: '{:15.11f}'
#   description: Declination (ICRS) at Ep=2016.0 (dec)
#   meta: !!omap
#   - {ucd: POS_EQ_DEC_MAIN}
#   - {width: 15}
#   - {precision: '11'}
# - name: e_RA_ICRS
#   unit: mas
#   datatype: float64
#   format: '{:7.4f}'
#   description: Standard error of right ascension (ra_error)
#   meta: !!omap
#   - {ucd: ERROR}
#   - {width: 7}
#   - {precision: '4'}
# - name: e_DE_ICRS
#   unit: mas
#   datatype: float64
#   format: '{:7.4f}'
#   description: Standard error of declination (dec_error)
#   meta: !!omap
#   - {ucd: ERROR}
#   - {width: 7}
#   - {precision: '4'}
# - name: _r_1
#   unit: ''
#   datatype: float64
#   format: '{:7.4f}'
#   description: Distance from center (325.78221348000+66.13380520000)[ICRS], at Epoch=J2016.0
#   meta: !!omap
#   - {ucd: POS_ANG_DIST_GENERAL}
#   - {width: 7}
#   - {precision: '4'}
# - name: HIP
#   datatype: int32
#   description: '? HIP cross-id number, van Leeuwen, Cat. I/311 (hip_original_ext_source_id)'
#   meta: !!omap
#   - {ucd: ID_NUMBER}
#   - {width: 6}
#   - values: {'null': -2147483648}
# - name: TYC2
#   datatype: string
#   description: Tycho-2 cross-id name, Hog et al., Cat. I/259 (tyc2_original_ext_source_id)
#   meta: !!omap
#   - {ucd: ID_CROSSID}
#   - {_votable_string_dtype: char}
# - name: Source
#   datatype: int64
#   description: Source identifier, identical to the Gaia-EDR3 source_id (id)
#   meta: !!omap
#   - {ucd: ID_MAIN}
#   - {width: 19}
# - name: rgeo
#   unit: pc
#   datatype: float64
#   format: '{:15.8f}'
#   description: '? Median of the geometric distance posterior (r_med_geo)'
#   meta: !!omap
#   - {ucd: PHYS_DISTANCE_TRUE}
#   - {width: 15}
#   - {precision: '8'}
#   - values: {'null': .nan}
# - name: Plx
#   unit: mas
#   datatype: float64
#   format: '{:9.4f}'
#   description: '? Parallax (parallax)'
#   meta: !!omap
#   - {ucd: POS_PARLX_TRIG}
#   - {width: 9}
#   - {precision: '4'}
#   - values: {'null': .nan}
# - name: e_Plx
#   unit: mas
#   datatype: float32
#   format: '{:7.4f}'
#   description: '? Standard error of parallax (parallax_error)'
#   meta: !!omap
#   - {ucd: ERROR}
#   - {width: 7}
#   - {precision: '4'}
#   - values: {'null': .nan}
# - name: pmRA
#   unit: mas / yr
#   datatype: float64
#   format: '{:9.3f}'
#   description: '? Proper motion in right ascension direction, pmRA*cosDE (pmra)'
#   meta: !!omap
#   - {ucd: POS_EQ_PMRA}
#   - {width: 9}
#   - {precision: '3'}
#   - values: {'null': .nan}
# - name: pmDE
#   unit: mas / yr
#   datatype: float64
#   format: '{:9.3f}'
#   description: '? Proper motion in declination direction (pmdec)'
#   meta: !!omap
#   - {ucd: POS_EQ_PMDEC}
#   - {width: 9}
#   - {precision: '3'}
#   - values: {'null': .nan}
# - name: e_pmRA
#   unit: mas / yr
#   datatype: float32
#   format: '{:6.3f}'
#   description: '? Standard error of proper motion in right ascension direction (pmra_error)'
#   meta: !!omap
#   - {ucd: ERROR}
#   - {width: 6}
#   - {precision: '3'}
#   - values: {'null': .nan}
# - name: e_pmDE
[...]
#       distance: !astropy.table.SerializedColumn
#         __class__: astropy.coordinates.distances.Distance
#         unit: !astropy.units.Unit {unit: pc}
#         value: !astropy.table.SerializedColumn {name: SkyCoord.distance}
#       frame: icrs
#       obstime: !astropy.time.Time {format: jyear_str, in_subfmt: '*', jd1: 367701545.0, jd2: 0.0, out_subfmt: '*', precision: 3, scale: tt}
#       pm_dec: !astropy.table.SerializedColumn
#         __class__: astropy.units.quantity.Quantity
#         unit: !astropy.units.Unit {unit: mas / yr}
#         value: !astropy.table.SerializedColumn {name: SkyCoord.pm_dec}
#       pm_ra_cosdec: !astropy.table.SerializedColumn
#         __class__: astropy.units.quantity.Quantity
#         unit: !astropy.units.Unit {unit: mas / yr}
#         value: !astropy.table.SerializedColumn {name: SkyCoord.pm_ra_cosdec}
#       ra: !astropy.table.SerializedColumn
#         __class__: astropy.coordinates.angles.Longitude
#         unit: *id001
#         value: !astropy.table.SerializedColumn {name: SkyCoord.ra}
#         wrap_angle: !astropy.coordinates.Angle
#           unit: *id001
#           value: 360.0
#       representation_type: spherical
# schema: astropy-2.0
RA_ICRS_1 DE_ICRS_1 e_RA_ICRS e_DE_ICRS _r_1 HIP TYC2 Source rgeo Plx e_Plx pmRA pmDE e_pmRA e_pmDE RUWE Teff logg Gmag BP-RP BPmag RPmag RV e_RV b_rgeo B_rgeo FG e_FG FBP e_FBP FRP e_FRP RAVE5 RAVE6 e_Gmag e_BPmag e_RPmag e_BP-RP SkyCoord.ra SkyCoord.dec SkyCoord.distance SkyCoord.pm_ra_cosdec SkyCoord.pm_dec rmRA rmDE e_rmRA e_rmDE rRV e_rRV v_pec v_pec3d e_vpec e_vpec3d Pmemb
325.70906230287 66.10975658256 0.0126 0.0129 2.2888 "" 4261-1795-1 2218012096241598976 882.786865 1.119 0.0135 -1.868 -3.932 0.015 0.016 1.089 5793.6 2.8967 9.929882 0.748085 10.199965 9.45188 "" "" 871.655518 894.725342 2009064.72941 586.5 1136100.0 783.01 1313400.0 625.8 "" "" 0.0027734906224667778 0.0028887712 0.0038146235 0.0067033945 325.70906230287 66.10975658256 882.786865 -1.868000000000001 -3.9319999999999946 -0.1010000400543214 -0.47973330688476556 0.19532453 0.19632453 "" "" 2.051406838064768 "" 0.4026546216856144 "" 1.0
325.95979603782 66.14655262846 0.0104 0.0106 4.3773 "" "" 2218009523562191872 876.419678 1.1161 0.0113 -1.83 -3.815 0.014 0.013 1.109 "" "" 12.050682 0.934799 12.421449 11.48665 "" "" 867.254089 884.645813 284887.83462 68.227 146840.0 131.69 201600.0 119.3 "" "" 0.002767562062397621 0.002955194 0.0038336061 0.0067888005 325.95979603782 66.14655262846 876.419678 -1.829999999999998 -3.815000000000003 -0.06300004005432136 -0.36273330688476557 0.19432452 0.19332452 "" "" 1.5294361208904452 "" 0.29572240312442943 "" 1.0
325.66793777598 66.16859753544 0.0108 0.0118 3.4703 "" "" 2218013234413897728 955.232361 1.033 0.0123 -1.59 -3.401 0.014 0.013 1.193 "" "" 12.192553 0.871583 12.53408 11.662497 -26.57 12.25 945.411194 965.202515 249991.73935 60.911 132370.0 117.15 171460.0 140.06 "" "" 0.0027679905701374955 0.002950995 0.0038820512 0.006833046 325.66793777598 66.16859753544 955.232361 -1.589999999999998 -3.4009999999999967 0.17699995994567863 0.051266693115234574 0.19432452 0.19332452 -13.645 13.744667 0.834360405015425 13.670485810147989 0.16207226207183342 13.719046513576407 1.0
325.77840577709 66.11504088405 0.018 0.0188 1.1297 "" "" 2218012031823081856 870.725525 1.1403 0.0199 -1.68 -3.443 0.024 0.023 2.122 6735.4 3.1607 12.361247 1.583344 12.98195 11.398605 "" "" 855.237854 885.054016 214016.75489 2301.6 87627.0 3432.2 218630.0 6795.1 "" "" 0.011997020030027426 0.042617865 0.03395606 0.07657392 325.77840577709 66.11504088405 870.725525 -1.6800000000000002 -3.4430000000000005 0.08699995994567877 0.009266693115234315 0.20432453 0.20332453 "" "" 0.3611007371843165 "" 0.07377769689061517 "" 1.0
325.69608931573 66.1809038839 0.0097 0.0108 3.5141 "" "" 2218013337493113600 896.247375 1.0918 0.011 -1.636 -3.08 0.013 0.013 1.121 "" "" 13.061827 1.212761 13.568612 12.355851 "" "" 886.661743 905.631592 112257.69665 28.718 51047.0 41.722 90535.0 55.681 "" "" 0.0027692846404616576 0.0029278877 0.0038379186 0.006765806 325.69608931573 66.1809038839 896.247375 -1.6359999999999992 -3.08 0.1309999599456788 0.3722666931152343 0.19332452 0.19332452 "" "" 1.6765294090127698 "" 0.3241142452482338 "" 1.0
325.67843103561 66.20783414492 0.011 0.0117 5.1047 "" "" 2221015863228441856 890.921814 1.0939 0.0122 -1.619 -2.778 0.014 0.014 1.03 6889.5 3.7604 13.974125 1.783388 14.832984 13.049596 0.72 10.17 882.076538 899.762268 48450.31505 78.586 15930.0 88.576 47788.0 292.89 "" "" 0.003270031124162034 0.006650638 0.007652777 0.014303414 325.67843103561 66.20783414492 890.921814 -1.6189999999999998 -2.778 0.14799995994567872 0.6742666931152344 0.19432452 0.19432452 13.645000000000001 11.664667 2.9151936869592725 13.952934430881815 0.5664936232846945 11.407847642315858 1.0
325.75699410747 66.11913891309 0.0247 0.0259 1.0721 "" "" 2218012031823076480 921.491394 1.0551 0.0269 -1.533 -3.589 0.032 0.03 1.079 "" "" 14.427578 1.912921 15.082355 13.169434 "" "" 893.311096 944.897583 31909.1757 45.986 12661.0 64.524 42794.0 89.374 "" "" 0.003168613606334634 0.0061968965 0.004407427 0.010604324 325.75699410747 66.11913891309 921.491394 -1.5330000000000001 -3.588999999999999 0.2339999599456788 -0.1367333068847656 0.21232453 0.21032453 "" "" 1.1837810251982563 "" 0.25074524521120006 "" 1.0
325.7343391289 66.10060098508 0.0187 0.0194 2.3069 "" "" 2218011928743863168 879.23645 1.1055 0.0203 -1.703 -3.441 0.025 0.023 1.102 16819.3 4.5927 14.965752 1.939853 15.880028 13.940175 "" "" 865.92804 897.931274 19437.76203 16.456 6073.0 25.447 21042.0 69.25 "" "" 0.0029045977280981535 0.005336893 0.0052011027 0.010537995 325.7343391289 66.10060098508 879.23645 -1.7029999999999976 -3.4410000000000016 0.06399995994567864 0.011266693115234538 0.20532453 0.20332453 "" "" 0.27082648551803484 "" 0.05559111621346012 "" 1.0
325.74994504056 66.19106578053 0.0259 0.0268 3.5236 "" "" 2218013543651547904 856.516602 1.1461 0.0282 -1.581 -3.654 0.033 0.031 1.243 6847.8 3.8469 15.38463 2.104287 16.402006 14.297719 "" "" 840.84314 878.157104 13215.83651 81.489 3755.0 91.563 15138.0 224.5 "" "" 0.007239494844033769 0.026621524 0.016539317 0.04316084 325.74994504056 66.19106578053 856.516602 -1.5810000000000013 -3.654 0.18599995994567875 -0.20173330688476554 0.21332452 0.21132453 "" "" 1.1140109104286622 "" 0.23644418261920772 "" 1.0
325.6608485548 66.19267838618 0.0249 0.0259 4.5976 "" "" 2221015828868703872 837.207092 1.1692 0.0269 -2.003 -3.849 0.032 0.032 1.022 4459.3 4.1903 15.905621 1.565578 16.637 15.071422 "" "" 819.927063 854.20575 8178.96899 5.9256 3024.2 10.837 7423.2 17.785 "" "" 0.0028654041101977457 0.0047877193 0.0045880694 0.009375788 325.6608485548 66.19267838618 837.207092 -2.0030000000000006 -3.8489999999999975 -0.2360000400543214 -0.3967333068847658 0.21232453 0.21232453 "" "" 1.8318764272635215 "" 0.38895230122842256 "" 1.0
325.86225218568 66.16010869813 0.0259 0.0261 2.5024 "" "" 2218012478499680896 857.600647 1.1428 0.0275 -2.036 -3.571 0.033 0.032 0.985 4736.6 4.2433 15.933094 1.786558 16.789347 15.002789 "" "" 831.586548 878.818604 7974.60074 26.199 2628.3 38.65 7907.6 80.841 "" "" 0.004507227385655554 0.016208066 0.01172549 0.027933557 325.86225218568 66.16010869813 857.600647 -2.0360000000000023 -3.5710000000000024 -0.2690000400543213 -0.1187333068847658 0.21332452 0.21232453 "" "" 1.1952743245224258 "" 0.2547868064188051 "" 1.0
325.75782236339 66.11242180562 0.0349 0.0346 1.4132 "" "" 2218012031823079040 867.022827 1.1198 0.037 -1.946 -3.261 0.043 0.039 1.12 5379.2 3.8833 16.104818 2.22771 17.286497 15.058787 "" "" 841.451233 897.030701 6807.99418 67.059 1662.7 53.653 7510.1 234.95 "" "" 0.011043777404279002 0.035146113 0.034176365 0.06932248 325.75782236339 66.11242180562 867.022827 -1.9460000000000002 -3.2609999999999997 -0.17900004005432124 0.19126669311523425 0.22332452 0.21932453 "" "" 1.0765811424059557 "" 0.23814099369949776 "" 1.0
325.73829601831 66.10962820951 0.0371 0.0393 1.8006 "" "" 2218011928743860736 907.910645 1.052 0.0406 -1.95 -3.364 0.045 0.042 1.026 5559.9 4.1701 16.249643 2.109658 17.271242 15.161584 "" "" 879.119934 946.916016 5957.84801 5.1763 1686.2 18.985 6831.6 26.581 "" "" 0.002912322564108189 0.012538733 0.005668329 0.018207062 325.73829601831 66.10962820951 907.910645 -1.9499999999999993 -3.3640000000000034 -0.18300004005432124 0.0882666931152345 0.22532453 0.22232452 "" "" 0.8743622906181164 "" 0.19652287866490062 "" 1.0
325.71215833623 66.10100901173 0.0364 0.0368 2.6016 "" "" 2218012100542551040 894.542664 1.0875 0.038 -1.998 -3.044 0.047 0.044 1.044 6321.7 4.0476 16.525293 2.418007 17.817577 15.39957 "" "" 866.012878 931.933044 4621.99199 9.3098 1019.5 19.402 5486.9 55.202 "" "" 0.00351773577913262 0.020850068 0.0115586 0.03240867 325.71215833623 66.10100901173 894.542664 -1.9980000000000016 -3.044000000000004 -0.2310000400543213 0.40826669311523434 0.22732452 0.22432452 "" "" 1.9889913474403849 "" 0.4476338485064812 "" 1.0
325.74473256553 66.11024848416 0.0469 0.0505 1.6812 "" "" 2218011928743861760 850.856201 1.1329 0.052 -1.532 -3.562 0.06 0.06 1.084 5940.4 4.1411 16.766565 2.440046 17.946838 15.506792 "" "" 818.88623 893.669189 3701.01052 6.0815 905.07 22.394 4971.0 21.768 "" "" 0.0032824893184559686 0.0270087 0.006073582 0.03308228 325.74473256553 66.11024848416 850.856201 -1.5320000000000003 -3.562 0.23499995994567868 -0.10973330688476546 0.24032453 0.24032453 "" "" 1.0460044630891734 "" 0.25138052785817766 "" 1.0
