Clusters/vdBergh_85/vdBergh_85_stars_in_region.tsv
# %ECSV 1.0
# ---
# datatype:
# - name: RA_ICRS_1
#   unit: deg
#   datatype: float64
#   format: '{:15.11f}'
#   description: Right ascension (ICRS) at Ep=2016.0 (ra)
#   meta: !!omap
#   - {ucd: POS_EQ_RA_MAIN}
#   - {width: 15}
#   - {precision: '11'}
# - name: DE_ICRS_1
#   unit: deg
#   datatype: float64
#   format: '{:15.11f}'
#   description: Declination (ICRS) at Ep=2016.0 (dec)
#   meta: !!omap
#   - {ucd: POS_EQ_DEC_MAIN}
#   - {width: 15}
#   - {precision: '11'}
# - name: e_RA_ICRS
#   unit: mas
#   datatype: float64
#   format: '{:7.4f}'
#   description: Standard error of right ascension (ra_error)
#   meta: !!omap
#   - {ucd: ERROR}
#   - {width: 7}
#   - {precision: '4'}
# - name: e_DE_ICRS
#   unit: mas
#   datatype: float64
#   format: '{:7.4f}'
#   description: Standard error of declination (dec_error)
#   meta: !!omap
#   - {ucd: ERROR}
#   - {width: 7}
#   - {precision: '4'}
# - name: _r_1
#   unit: ''
#   datatype: float64
#   format: '{:7.4f}'
#   description: Distance from center (101.72880639000+01.33289407000)[ICRS], at Epoch=J2016.0
#   meta: !!omap
#   - {ucd: POS_ANG_DIST_GENERAL}
#   - {width: 7}
#   - {precision: '4'}
# - name: HIP
#   datatype: int32
#   description: '? HIP cross-id number, van Leeuwen, Cat. I/311 (hip_original_ext_source_id)'
#   meta: !!omap
#   - {ucd: ID_NUMBER}
#   - {width: 6}
#   - values: {'null': -2147483648}
# - name: TYC2
#   datatype: string
#   description: Tycho-2 cross-id name, Hog et al., Cat. I/259 (tyc2_original_ext_source_id)
#   meta: !!omap
#   - {ucd: ID_CROSSID}
#   - {_votable_string_dtype: char}
# - name: Source
#   datatype: int64
#   description: Source identifier, identical to the Gaia-EDR3 source_id (id)
#   meta: !!omap
#   - {ucd: ID_MAIN}
#   - {width: 19}
# - name: rgeo
#   unit: pc
#   datatype: float64
#   format: '{:15.8f}'
#   description: '? Median of the geometric distance posterior (r_med_geo)'
#   meta: !!omap
#   - {ucd: PHYS_DISTANCE_TRUE}
#   - {width: 15}
#   - {precision: '8'}
#   - values: {'null': .nan}
# - name: Plx
#   unit: mas
#   datatype: float64
#   format: '{:9.4f}'
#   description: '? Parallax (parallax)'
#   meta: !!omap
#   - {ucd: POS_PARLX_TRIG}
#   - {width: 9}
#   - {precision: '4'}
#   - values: {'null': .nan}
# - name: e_Plx
#   unit: mas
#   datatype: float32
#   format: '{:7.4f}'
#   description: '? Standard error of parallax (parallax_error)'
#   meta: !!omap
#   - {ucd: ERROR}
#   - {width: 7}
#   - {precision: '4'}
#   - values: {'null': .nan}
# - name: pmRA
#   unit: mas / yr
#   datatype: float64
#   format: '{:9.3f}'
#   description: '? Proper motion in right ascension direction, pmRA*cosDE (pmra)'
#   meta: !!omap
#   - {ucd: POS_EQ_PMRA}
#   - {width: 9}
#   - {precision: '3'}
#   - values: {'null': .nan}
# - name: pmDE
#   unit: mas / yr
#   datatype: float64
#   format: '{:9.3f}'
#   description: '? Proper motion in declination direction (pmdec)'
#   meta: !!omap
#   - {ucd: POS_EQ_PMDEC}
#   - {width: 9}
#   - {precision: '3'}
#   - values: {'null': .nan}
# - name: e_pmRA
#   unit: mas / yr
#   datatype: float32
#   format: '{:6.3f}'
#   description: '? Standard error of proper motion in right ascension direction (pmra_error)'
#   meta: !!omap
#   - {ucd: ERROR}
#   - {width: 6}
#   - {precision: '3'}
#   - values: {'null': .nan}
# - name: e_pmDE
[...]
#         unit: &id001 !astropy.units.Unit {unit: deg}
#         value: !astropy.table.SerializedColumn {name: SkyCoord.dec}
#       distance: !astropy.table.SerializedColumn
#         __class__: astropy.coordinates.distances.Distance
#         unit: !astropy.units.Unit {unit: pc}
#         value: !astropy.table.SerializedColumn {name: SkyCoord.distance}
#       frame: icrs
#       obstime: !astropy.time.Time {format: jyear_str, in_subfmt: '*', jd1: 367701545.0, jd2: 0.0, out_subfmt: '*', precision: 3, scale: tt}
#       pm_dec: !astropy.table.SerializedColumn
#         __class__: astropy.units.quantity.Quantity
#         unit: !astropy.units.Unit {unit: mas / yr}
#         value: !astropy.table.SerializedColumn {name: SkyCoord.pm_dec}
#       pm_ra_cosdec: !astropy.table.SerializedColumn
#         __class__: astropy.units.quantity.Quantity
#         unit: !astropy.units.Unit {unit: mas / yr}
#         value: !astropy.table.SerializedColumn {name: SkyCoord.pm_ra_cosdec}
#       ra: !astropy.table.SerializedColumn
#         __class__: astropy.coordinates.angles.Longitude
#         unit: *id001
#         value: !astropy.table.SerializedColumn {name: SkyCoord.ra}
#         wrap_angle: !astropy.coordinates.Angle
#           unit: *id001
#           value: 360.0
#       representation_type: spherical
# schema: astropy-2.0
RA_ICRS_1 DE_ICRS_1 e_RA_ICRS e_DE_ICRS _r_1 HIP TYC2 Source rgeo Plx e_Plx pmRA pmDE e_pmRA e_pmDE RUWE Teff logg Gmag BP-RP BPmag RPmag RV e_RV b_rgeo B_rgeo FG e_FG FBP e_FBP FRP e_FRP RAVE5 RAVE6 e_Gmag e_BPmag e_RPmag e_BP-RP SkyCoord.ra SkyCoord.dec SkyCoord.distance SkyCoord.pm_ra_cosdec SkyCoord.pm_dec
[from data line 406]
101.81907760345 1.43252321756 0.0585 0.0582 8.0655 "" "" 3125762990558672768 1570.23743 0.6194 0.0728 -1.24 0.47 0.073 0.061 1.876 5648.6 3.9084 15.704477 1.342454 16.27694 14.934485 "" "" 1398.76379 1766.72815 9843.6464 14.014 4213.5 20.996 8421.0 36.495 "" "" 0.0031592776311009482 0.0060873576 0.006035251 0.012122609 101.81907760345 1.43252321756 1570.23743 -1.2400000000000002 0.47000000000000003
101.36323868097 1.26716371738 0.0354 0.0341 22.2802 "" "" 3125734849932653184 1471.72278 0.646 0.0418 -1.618 -4.649 0.043 0.037 1.022 5627.2 4.492 15.706486 1.111914 16.18151 15.069597 "" "" 1398.8197 1554.25208 9825.44827 5.4771 4600.6 15.075 7435.7 11.309 "" "" 0.0028210098124402012 0.0045212996 0.004124382 0.008645682 101.36323868097 1.26716371738 1471.72278 -1.618 -4.649000000000001
101.92872796198 1.21942001318 0.0318 0.032 13.7902 "" "" 3125744711177913472 1927.24878 0.4915 0.0404 -0.245 -3.601 0.041 0.034 0.999 7097.4 4.3238 15.714287 1.433701 16.361744 14.928043 "" "" 1771.74353 2085.95117 9755.10907 5.1869 3896.9 14.982 8471.1 12.185 "" "" 0.0028151487364092872 0.0050208685 0.004089349 0.009110218 101.92872796198 1.21942001318 1927.24878 -0.245 -3.6010000000000004
101.93094610901 1.34348956671 0.0431 0.0438 12.1417 "" "" 3125749620323462144 1948.02136 0.4929 0.0542 -0.807 0.413 0.054 0.047 1.399 5069.4 4.2456 15.715209 1.470911 16.367558 14.896646 "" "" 1774.39441 2215.03345 9746.82338 10.241 3876.1 23.812 8719.7 39.034 "" "" 0.002982143273252223 0.0072300634 0.0061568287 0.013386892 101.93094610901 1.34348956671 1948.02136 -0.8069999999999999 0.413
101.63849000079 1.63399926746 0.0526 0.0532 18.861 "" "" 3125958939847227264 1989.60083 0.4778 0.0651 0.006 -3.5 0.065 0.06 1.738 5894.1 4.5099 15.715713 1.194548 16.201777 15.007229 "" "" 1789.72778 2235.74927 9742.29786 16.211 4515.5 14.59 7875.3 11.462 "" "" 0.003294807161426244 0.0044824006 0.0040964405 0.008578841 101.63849000079 1.63399926746 1989.60083 0.006000000000000002 -3.5
101.6019406794 1.57425018017 0.0335 0.0328 16.3589 "" "" 3125957191800951808 1526.23926 0.6095 0.0385 3.792 -1.706 0.043 0.041 1.062 5610.7 4.1765 15.716361 1.264476 16.273092 15.008616 "" "" 1445.87866 1637.2959 9736.48584 4.3362 4228.4 20.735 7865.2 19.656 "" "" 0.00279742725128459 0.0060109803 0.0046525397 0.010663521 101.6019406794 1.57425018017 1526.23926 3.7919999999999994 -1.7059999999999997
101.6295707471 1.56725863122 0.0308 0.0308 15.2698 "" "" 3125956401526960768 1853.72766 0.5074 0.0362 -2.579 -3.445 0.038 0.037 0.959 4855.4 4.1264 15.720913 1.489531 16.405321 14.915791 "" "" 1749.76526 1974.4104 9695.75369 4.5156 3743.6 26.355 8567.3 18.774 "" "" 0.0028013355724823366 0.008136931 0.0044659246 0.012602855 101.6295707471 1.56725863122 1853.72766 -2.579 -3.4450000000000003
101.55456466004 1.60911326268 0.0318 0.0325 19.5932 "" "" 3125960490335837696 1700.21228 0.5527 0.0392 -0.85 -0.156 0.039 0.039 1.094 6416.8 4.3869 15.728536 1.018303 16.14862 15.130318 "" "" 1592.22986 1814.12878 9627.91918 3.8673 4742.1 12.933 7031.2 15.078 "" "" 0.0027896208616129555 0.0040685567 0.0044389977 0.008507554 101.55456466004 1.60911326268 1700.21228 -0.8499999999999999 -0.15599999999999997
101.71450596081 0.97344888948 0.0353 0.0327 21.5838 "" "" 3125664549908468352 1828.43298 0.5043 0.0412 -0.678 -3.219 0.046 0.05 1.049 5150.2 3.7114 15.730661 1.657496 16.507282 14.849786 "" "" 1690.48059 1968.65906 9609.08856 4.9919 3408.0 14.296 9104.2 20.892 "" "" 0.002812459365967782 0.0053411964 0.0045267367 0.009867933 101.71450596081 0.97344888948 1828.43298 -0.678 -3.2190000000000003
101.92159834781 1.46693588537 0.0322 0.0307 14.0858 "" "" 3125764811624739456 1822.94421 0.5137 0.0373 0.154 -5.114 0.041 0.036 1.055 6126.9 4.3623 15.739343 1.049146 16.174217 15.125072 "" "" 1697.36035 1962.6283 9532.56148 4.4889 4631.6 18.166 7065.3 16.184 "" "" 0.002802354655758677 0.005091123 0.004524268 0.0096153915 101.92159834781 1.46693588537 1822.94421 0.15400000000000003 -5.113999999999999
101.9670946417 1.3821581135 0.0327 0.0328 14.5957 "" "" 3125751235231321600 1608.07227 0.5816 0.0408 0.855 -2.855 0.04 0.035 1.016 5394.5 4.3258 15.742593 1.057658 16.185982 15.128324 "" "" 1513.12061 1726.46179 9504.06834 4.3385 4581.7 18.519 7044.2 13.327 "" "" 0.0027995419000829266 0.0052003744 0.004301525 0.0095019 101.9670946417 1.3821581135 1608.07227 0.855 -2.855
101.46710090484 1.32600704905 0.0335 0.031 15.7035 "" "" 3125741206484213888 2058.56445 0.4417 0.0364 -0.568 1.446 0.042 0.039 1.104 6044.8 4.219 15.743668 1.172772 16.249483 15.076711 "" "" 1891.51318 2266.4082 9494.66782 3.7871 4321.4 14.201 7387.1 13.195 "" "" 0.002789145599379396 0.0045293835 0.004247925 0.008777308 101.46710090484 1.32600704905 2058.56445 -0.5680000000000001 1.446
101.85377891846 1.67798477876 0.0389 0.0392 22.0205 "" "" 3125777181130148480 1788.26074 0.5272 0.0455 -0.998 -0.481 0.05 0.042 1.089 6361.6 4.4253 15.745985 1.041092 16.180923 15.139832 "" "" 1648.80334 1982.6897 9474.42173 4.1406 4603.1 17.435 6969.9 18.097 "" "" 0.0027958788006908607 0.004969599 0.004714958 0.009684557 101.85377891846 1.67798477876 1788.26074 -0.9980000000000001 -0.481
101.82397366079 1.61084983087 0.0382 0.0371 17.6272 "" "" 3125776322136702976 1827.66907 0.5395 0.0448 1.773 -0.905 0.051 0.042 1.2 6339.6 4.4684 15.747367 1.045234 16.180574 15.135341 "" "" 1679.35474 1965.23254 9462.36968 4.1292 4604.6 13.479 6998.8 13.267 "" "" 0.002795759452298714 0.004229233 0.004303445 0.008532679 101.82397366079 1.61084983087 1827.66907 1.773 -0.9049999999999999
101.9222291893 1.45926286484 0.0511 0.0483 13.8598 "" "" 3125753026234483456 1966.86438 0.4764 0.0584 2.439 -1.742 0.064 0.057 1.708 5843.7 4.4801 15.747971 1.128493 16.211573 15.083079 "" "" 1733.41504 2184.2688 9457.11241 5.3443 4474.9 14.714 7343.9 14.125 "" "" 0.0028228078968034814 0.004531021 0.0043179374 0.008848959 101.9222291893 1.45926286484 1966.86438 2.4389999999999996 -1.742
101.50774760338 1.55572219327 0.0324 0.031 18.8297 "" "" 3125933517941259648 1952.97229 0.4879 0.037 2.148 1.745 0.039 0.036 0.996 6412.8 4.3249 15.752204 1.189502 16.262548 15.073047 "" "" 1826.59839 2105.4458 9420.31243 3.9521 4269.7 14.805 7412.1 13.74 "" "" 0.002792717003362535 0.0046859724 0.004281882 0.008967854 101.50774760338 1.55572219327 1952.97229 2.148 1.745
101.71781833559 1.37667880998 0.0339 0.0326 2.7085 "" "" 3125739655999464704 1665.90625 0.5536 0.0392 -1.034 0.475 0.046 0.04 1.019 5846.0 4.4181 15.758607 1.023362 16.1852 15.161838 "" "" 1579.37915 1781.73999 9364.91938 5.0467 4585.0 15.402 6830.0 11.833 "" "" 0.0028167583633489624 0.004592088 0.0042216163 0.008813704 101.71781833559 1.37667880998 1665.90625 -1.034 0.47500000000000003
101.90308354423 1.35884289779 0.0316 0.0313 10.569 "" "" 3125749865138617216 1686.41992 0.5572 0.0381 0.817 -5.428 0.04 0.035 1.028 5415.9 4.3202 15.760989 1.235167 16.295828 15.06066 "" "" 1598.41748 1779.55432 9344.39225 4.1141 4140.8 12.768 7497.1 16.079 "" "" 0.0027964789692818647 0.0043580947 0.004439142 0.008797237 101.90308354423 1.35884289779 1686.41992 0.817 -5.428
101.69425402293 1.53987038739 0.0308 0.0316 12.5903 "" "" 3125768488116387072 2049.64038 0.4482 0.0393 0.902 -2.035 0.04 0.033 0.966 5659.3 4.1947 15.763207 1.278377 16.32674 15.048364 "" "" 1901.04321 2192.39209 9325.32539 4.0299 4024.6 18.744 7582.5 14.915 "" "" 0.0027949838233514257 0.0057753674 0.0043410636 0.010116431 101.69425402293 1.53987038739 2049.64038 0.9019999999999998 -2.035
101.9374203414 1.37347158931 0.0399 0.0403 12.748 "" "" 3125751303951853440 1929.62048 0.492 0.0495 -0.689 0.404 0.052 0.046 1.138 "" "" 15.773773 1.133529 16.204035 15.070506 "" "" 1742.08362 2137.06641 9235.01585 14.331 4506.1 56.89 7429.4 40.469 "" "" 0.0032296337018396944 0.013988624 0.007018619 0.021007244 101.9374203414 1.37347158931 1929.62048 -0.6890000000000001 0.404
101.61865846057 1.64898909103 0.0306 0.0329 20.0835 "" "" 3125959219025471104 1377.06689 0.6936 0.0393 -2.819 3.894 0.039 0.038 0.97 5843.3 4.4744 15.777893 1.079362 16.230804 15.151443 "" "" 1308.63464 1445.4967 9200.03752 4.7015 4396.4 10.873 6895.7 13.448 "" "" 0.0028106301104117402 0.003872382 0.0043321038 0.008204486 101.61865846057 1.64898909103 1377.06689 -2.8189999999999995 3.8939999999999992
101.97411145891 1.41058035108 0.0324 0.0321 15.4347 "" "" 3125751858003381888 1490.15979 0.6354 0.039 0.982 -3.188 0.041 0.036 1.051 5200.0 4.3578 15.778591 1.132154 16.250877 15.118723 "" "" 1413.99878 1569.98279 9194.1203 4.6087 4315.8 21.814 7106.7 19.285 "" "" 0.00280855646257917 0.006156379 0.004792115 0.010948494 101.97411145891 1.41058035108 1490.15979 0.9819999999999999 -3.188
101.46271896337 1.12206005103 0.0339 0.035 20.3665 "" "" 3125727703107089152 1383.39587 0.6687 0.0427 -0.402 -3.39 0.042 0.037 0.934 5175.4 4.336 15.778714 1.255484 16.323265 15.067781 "" "" 1282.89148 1483.25269 9193.08342 4.7882 4037.5 9.6375 7448.1 17.843 "" "" 0.00281275376463751 0.0038081086 0.0045879325 0.008396041 101.46271896337 1.12206005103 1383.39587 -0.402 -3.390000000000001
101.51867848381 1.46846290884 0.033 0.0317 15.0007 "" "" 3125931765594641536 1849.71655 0.5007 0.0377 -4.604 2.373 0.041 0.038 1.126 6649.9 4.2852 15.778833 1.21561 16.310179 15.094568 "" "" 1747.77673 2007.54968 9192.06951 3.9281 4086.4 14.011 7266.6 19.368 "" "" 0.00279411187469849 0.0046522245 0.0047600595 0.009412284 101.51867848381 1.46846290884 1849.71655 -4.604000000000001 2.373
101.81510668249 1.61999112029 0.0593 0.0574 17.9867 "" "" 3125776386557648512 1583.03821 0.622 0.0696 -1.371 -0.273 0.079 0.066 2.116 5910.7 4.6274 15.782721 1.149466 16.25704 15.107574 "" "" 1431.81274 1774.12891 9159.2236 6.7842 4291.4 11.866 7180.1 20.679 "" "" 0.002870283558965602 0.004098517 0.004905268 0.0090037845 101.81510668249 1.61999112029 1583.03821 -1.371 -0.27299999999999996
101.82893501853 1.24881698255 0.0313 0.031 7.8436 "" "" 3125725229206278272 1456.96704 0.6547 0.0371 -5.745 1.837 0.038 0.034 0.976 6076.9 4.3532 15.78315 1.198801 16.298346 15.099545 "" "" 1387.09534 1550.47668 9155.60303 3.89 4131.2 16.483 7233.4 9.2415 "" "" 0.0027936697215623107 0.005152758 0.004025906 0.009178665 101.82893501853 1.24881698255 1456.96704 -5.744999999999999 1.837
101.81678334533 1.02101203599 0.0334 0.0311 19.4429 "" "" 3125670769021053952 1743.58069 0.5377 0.0375 -0.14 -0.746 0.04 0.037 1.03 5532.1 4.2102 15.785601 1.290308 16.3511 15.060793 "" "" 1645.05688 1842.96082 9134.95899 4.1983 3935.3 15.06 7496.2 19.486 "" "" 0.0028001392205298926 0.0050049084 0.0047169058 0.009721814 101.81678334533 1.02101203599 1743.58069 -0.14 -0.7459999999999999
101.90395531923 1.32500004895 0.037 0.0381 10.5168 "" "" 3125749452821770240 1936.34485 0.4798 0.048 -0.99 -0.377 0.046 0.04 1.159 6575.9 4.3095 15.785793 1.158315 16.275928 15.117614 "" "" 1805.85303 2084.10571 9133.33761 4.9948 4217.4 12.6 7114.0 18.641 "" "" 0.002818571187916084 0.004278679 0.0047305026 0.0090091815 101.90395531923 1.32500004895 1936.34485 -0.9900000000000002 -0.37699999999999995
101.81495592265 1.57531100023 0.0327 0.0314 15.4356 "" "" 3125769587627988096 1593.26208 0.5867 0.0394 -5.721 0.905 0.044 0.035 1.003 5973.6 4.43 15.787321 1.058288 16.22989 15.171603 "" "" 1483.35034 1679.7345 9120.4932 4.2046 4400.1 11.833 6768.9 13.105 "" "" 0.002800414305248293 0.0040386156 0.0043246206 0.008363236 101.81495592265 1.57531100023 1593.26208 -5.721000000000001 0.905
102.05468753658 1.47146602799 0.036 0.0352 21.2418 "" "" 3125758077115964032 1835.7467 0.4973 0.0413 0.479 -1.121 0.046 0.039 0.904 6395.7 4.3706 15.787959 1.026905 16.214464 15.187559 "" "" 1708.69141 1970.01941 9115.13438 4.2681 4463.0 26.401 6670.1 12.515 "" "" 0.0028018294676838 0.0070025814 0.0042934488 0.01129603 102.05468753658 1.47146602799 1835.7467 0.479 -1.1210000000000002
101.71259193082 1.11320796109 0.0348 0.0316 13.217 "" "" 3125719418112617600 1851.15076 0.4946 0.0376 -3.42 0.219 0.043 0.041 0.925 8455.5 4.44 15.789347 1.210761 16.311495 15.100734 "" "" 1748.15039 1958.0481 9103.4905 4.7494 4081.5 14.381 7225.4 19.056 "" "" 0.002812942485943357 0.0047349613 0.00474165 0.009476611 101.71259193082 1.11320796109 1851.15076 -3.4199999999999995 0.219
101.97440647545 1.4295129148 0.0465 0.0454 15.8313 "" "" 3125751961082586368 1400.29407 0.6924 0.055 -0.693 -0.983 0.057 0.05 1.428 5932.7 4.4494 15.789884 1.184741 16.287502 15.102761 "" "" 1280.40381 1509.60583 9098.98879 7.6391 4172.7 12.914 7212.0 15.016 "" "" 0.002902186345285892 0.0043676235 0.004403864 0.0087714875 101.97440647545 1.4295129148 1400.29407 -0.6930000000000001 -0.9829999999999999
102.00754847384 1.30306168537 0.0331 0.0317 16.8156 "" "" 3125746974623450368 1746.66248 0.532 0.0397 -0.035 0.952 0.044 0.037 1.018 7027.8 4.4245 15.79062 1.078232 16.236092 15.15786 "" "" 1610.55261 1873.92505 9092.82307 4.7193 4375.0 11.085 6855.1 20.983 "" "" 0.0028123540131669263 0.003918258 0.005032741 0.008950999 102.00754847384 1.30306168537 1746.66248 -0.035 0.9520000000000002
101.95062236622 1.35566105755 0.0329 0.0339 13.3752 "" "" 3125751033369698432 1850.5614 0.4971 0.0423 -0.936 0.502 0.042 0.036 1.005 5807.5 4.4501 15.791986 0.987103 16.194202 15.207099 "" "" 1702.77612 1977.5603 9081.38435 5.6769 4547.1 22.932 6551.2 18.509 "" "" 0.0028376812847751218 0.0061455057 0.004867583 0.011013089 101.95062236622 1.35566105755 1850.5614 -0.9359999999999999 0.502
101.53885326316 1.14100245727 0.0396 0.0354 16.1986 "" "" 3125729176276302080 1589.70789 0.5947 0.0434 -1.517 2.032 0.055 0.047 1.02 6391.5 4.3855 15.793221 1.10821 16.257584 15.149374 "" "" 1476.11096 1713.25452 9071.07127 5.0654 4289.3 24.474 6908.9 23.958 "" "" 0.0028212365039235634 0.0067943614 0.0053346995 0.012129061 101.53885326316 1.14100245727 1589.70789 -1.5169999999999997 2.032
101.71633218831 1.46893459499 0.0356 0.0358 8.1967 "" "" 3125766662751312128 1789.54883 0.5245 0.0457 0.526 -1.512 0.047 0.036 0.974 5931.8 4.4995 15.796199 1.158676 16.293337 15.134661 "" "" 1674.5105 2030.44226 9046.22192 4.2344 4150.3 12.888 7003.2 14.734 "" "" 0.0028017982763536516 0.0043763495 0.004416066 0.008792415 101.71633218831 1.46893459499 1789.54883 0.526 -1.5120000000000002
101.68924614007 1.56841415352 0.0318 0.0319 14.329 "" "" 3125957737256282496 1836.07886 0.509 0.0394 -1.155 -0.844 0.042 0.035 0.97 6162.4 4.2978 15.799371 1.074379 16.24762 15.173241 "" "" 1719.72021 2017.81775 9019.828 4.4217 4328.8 15.807 6758.7 20.763 "" "" 0.0028062571131561515 0.004848051 0.005040713 0.0098887645 101.68924614007 1.56841415352 1836.07886 -1.155 -0.844
101.49513783751 1.29858376956 0.035 0.0319 14.1668 "" "" 3125740313131016832 1439.82739 0.645 0.0394 -0.367 -2.966 0.045 0.039 1.057 5797.9 4.4143 15.800183 1.202136 16.321613 15.119477 "" "" 1362.49695 1524.78735 9013.08748 4.6162 4043.6 15.651 7101.8 12.609 "" "" 0.002810873815599154 0.0050443313 0.004242606 0.009286937 101.49513783751 1.29858376956 1439.82739 -0.367 -2.9660000000000006
101.78552951144 1.40960190697 0.0352 0.0354 5.7236 "" "" 3125762539585349120 1667.32947 0.5591 0.0448 -2.601 0.369 0.045 0.037 0.974 6164.8 4.4668 15.807028 1.058782 16.255817 15.197036 "" "" 1547.30212 1803.84497 8956.44466 5.9072 4296.3 14.171 6612.2 15.331 "" "" 0.0028468545273672772 0.0045398385 0.0045410274 0.009080866 101.78552951144 1.40960190697 1667.32947 -2.6009999999999995 0.3690000000000001
101.88676217463 1.26793492278 0.0343 0.0362 10.2452 "" "" 3125745810689536128 1448.18323 0.6478 0.0452 -1.738 3.477 0.042 0.035 1.009 6358.1 4.4458 15.808959 1.119293 16.28 15.160707 "" "" 1366.05505 1516.23474 8940.52374 4.2863 4201.6 27.411 6837.2 13.841 "" "" 0.0028040575192970923 0.0076130093 0.0043720263 0.011985036 101.88676217463 1.26793492278 1448.18323 -1.7379999999999998 3.477
