Clusters/vdBergh_85/vdBergh_85_members.tsv
# %ECSV 1.0
# ---
# datatype:
# - name: RA_ICRS_1
#   unit: deg
#   datatype: float64
#   format: '{:15.11f}'
#   description: Right ascension (ICRS) at Ep=2016.0 (ra)
#   meta: !!omap
#   - {ucd: POS_EQ_RA_MAIN}
#   - {width: 15}
#   - {precision: '11'}
# - name: DE_ICRS_1
#   unit: deg
#   datatype: float64
#   format: '{:15.11f}'
#   description: Declination (ICRS) at Ep=2016.0 (dec)
#   meta: !!omap
#   - {ucd: POS_EQ_DEC_MAIN}
#   - {width: 15}
#   - {precision: '11'}
# - name: e_RA_ICRS
#   unit: mas
#   datatype: float64
#   format: '{:7.4f}'
#   description: Standard error of right ascension (ra_error)
#   meta: !!omap
#   - {ucd: ERROR}
#   - {width: 7}
#   - {precision: '4'}
# - name: e_DE_ICRS
#   unit: mas
#   datatype: float64
#   format: '{:7.4f}'
#   description: Standard error of declination (dec_error)
#   meta: !!omap
#   - {ucd: ERROR}
#   - {width: 7}
#   - {precision: '4'}
# - name: _r_1
#   unit: ''
#   datatype: float64
#   format: '{:7.4f}'
#   description: Distance from center (101.72880639000+01.33289407000)[ICRS], at Epoch=J2016.0
#   meta: !!omap
#   - {ucd: POS_ANG_DIST_GENERAL}
#   - {width: 7}
#   - {precision: '4'}
# - name: HIP
#   datatype: int32
#   description: '? HIP cross-id number, van Leeuwen, Cat. I/311 (hip_original_ext_source_id)'
#   meta: !!omap
#   - {ucd: ID_NUMBER}
#   - {width: 6}
#   - values: {'null': -2147483648}
# - name: TYC2
#   datatype: string
#   description: Tycho-2 cross-id name, Hog et al., Cat. I/259 (tyc2_original_ext_source_id)
#   meta: !!omap
#   - {ucd: ID_CROSSID}
#   - {_votable_string_dtype: char}
# - name: Source
#   datatype: int64
#   description: Source identifier, identical to the Gaia-EDR3 source_id (id)
#   meta: !!omap
#   - {ucd: ID_MAIN}
#   - {width: 19}
# - name: rgeo
#   unit: pc
#   datatype: float64
#   format: '{:15.8f}'
#   description: '? Median of the geometric distance posterior (r_med_geo)'
#   meta: !!omap
#   - {ucd: PHYS_DISTANCE_TRUE}
#   - {width: 15}
#   - {precision: '8'}
#   - values: {'null': .nan}
# - name: Plx
#   unit: mas
#   datatype: float64
#   format: '{:9.4f}'
#   description: '? Parallax (parallax)'
#   meta: !!omap
#   - {ucd: POS_PARLX_TRIG}
#   - {width: 9}
#   - {precision: '4'}
#   - values: {'null': .nan}
# - name: e_Plx
#   unit: mas
#   datatype: float32
#   format: '{:7.4f}'
#   description: '? Standard error of parallax (parallax_error)'
#   meta: !!omap
#   - {ucd: ERROR}
#   - {width: 7}
#   - {precision: '4'}
#   - values: {'null': .nan}
# - name: pmRA
#   unit: mas / yr
#   datatype: float64
#   format: '{:9.3f}'
#   description: '? Proper motion in right ascension direction, pmRA*cosDE (pmra)'
#   meta: !!omap
#   - {ucd: POS_EQ_PMRA}
#   - {width: 9}
#   - {precision: '3'}
#   - values: {'null': .nan}
# - name: pmDE
#   unit: mas / yr
#   datatype: float64
#   format: '{:9.3f}'
#   description: '? Proper motion in declination direction (pmdec)'
#   meta: !!omap
#   - {ucd: POS_EQ_PMDEC}
#   - {width: 9}
#   - {precision: '3'}
#   - values: {'null': .nan}
# - name: e_pmRA
#   unit: mas / yr
#   datatype: float32
#   format: '{:6.3f}'
#   description: '? Standard error of proper motion in right ascension direction (pmra_error)'
#   meta: !!omap
#   - {ucd: ERROR}
#   - {width: 6}
#   - {precision: '3'}
#   - values: {'null': .nan}
# - name: e_pmDE
[...]
#       distance: !astropy.table.SerializedColumn
#         __class__: astropy.coordinates.distances.Distance
#         unit: !astropy.units.Unit {unit: pc}
#         value: !astropy.table.SerializedColumn {name: SkyCoord.distance}
#       frame: icrs
#       obstime: !astropy.time.Time {format: jyear_str, in_subfmt: '*', jd1: 367701545.0, jd2: 0.0, out_subfmt: '*', precision: 3, scale: tt}
#       pm_dec: !astropy.table.SerializedColumn
#         __class__: astropy.units.quantity.Quantity
#         unit: !astropy.units.Unit {unit: mas / yr}
#         value: !astropy.table.SerializedColumn {name: SkyCoord.pm_dec}
#       pm_ra_cosdec: !astropy.table.SerializedColumn
#         __class__: astropy.units.quantity.Quantity
#         unit: !astropy.units.Unit {unit: mas / yr}
#         value: !astropy.table.SerializedColumn {name: SkyCoord.pm_ra_cosdec}
#       ra: !astropy.table.SerializedColumn
#         __class__: astropy.coordinates.angles.Longitude
#         unit: *id001
#         value: !astropy.table.SerializedColumn {name: SkyCoord.ra}
#         wrap_angle: !astropy.coordinates.Angle
#           unit: *id001
#           value: 360.0
#       representation_type: spherical
# schema: astropy-2.0
RA_ICRS_1 DE_ICRS_1 e_RA_ICRS e_DE_ICRS _r_1 HIP TYC2 Source rgeo Plx e_Plx pmRA pmDE e_pmRA e_pmDE RUWE Teff logg Gmag BP-RP BPmag RPmag RV e_RV b_rgeo B_rgeo FG e_FG FBP e_FBP FRP e_FRP RAVE5 RAVE6 e_Gmag e_BPmag e_RPmag e_BP-RP SkyCoord.ra SkyCoord.dec SkyCoord.distance SkyCoord.pm_ra_cosdec SkyCoord.pm_dec rmRA rmDE e_rmRA e_rmDE rRV e_rRV v_pec v_pec3d e_vpec e_vpec3d Pmemb
101.71514280122 1.31581793648 0.0185 0.0188 1.3121 "" 148-2855-1 3125738079748441344 1509.05261 0.6386 0.0225 -0.942 0.566 0.023 0.022 1.265 16160.2 3.711 10.110992 0.280217 10.197121 9.916904 "" "" 1455.42139 1562.24915 1700395.89492 1175.5 1139100.0 1233.7 855850.0 1688.9 "" "" 0.0028557239824276177 0.0030278375 0.0043444494 0.007372287 101.71514280122 1.31581793648 1509.05261 -0.9420000000000003 0.5660000000000002 0.015166671752929739 0.2353888902664184 0.17458065 0.17358065 "" "" 1.6872067805070576 "" 0.2928734393264552 "" 0.8
101.74691360122 1.40259581916 0.0139 0.014 4.3208 "" "" 3125763162357407872 1609.14453 0.5766 0.0176 -1.019 0.175 0.018 0.015 1.088 10394.0 4.1018 13.304985 0.334204 13.425741 13.091537 "" "" 1562.45764 1665.37329 89733.1318 45.437 58226.0 64.616 45977.0 50.796 "" "" 0.0028096328236843038 0.0030392117 0.0039651752 0.0070043867 101.74691360122 1.40259581916 1609.14453 -1.019 0.17499999999999996 -0.06183332824707022 -0.15561110973358155 0.16958064 0.16658065 "" "" 1.2771687654723511 "" 0.21327812555877773 "" 1.0
101.76360525063 1.31144573775 0.0145 0.0139 2.4522 "" "" 3125726599297115136 1706.13062 0.5419 0.0166 -1.158 0.271 0.018 0.015 1.153 "" "" 13.431307 0.735448 13.703027 12.967579 16.23 20.88 1665.56519 1745.84668 79877.44369 27.433 45103.0 37.603 51538.0 36.552 "" "" 0.0027804373194113704 0.0029333297 0.0038570291 0.0067903586 101.76360525063 1.31144573775 1706.13062 -1.1580000000000006 0.271 -0.20083332824707023 -0.059611109733581524 0.16958064 0.16658065 21.3 35.51 1.6941860070772257 21.367270911994737 0.28689297136794323 35.39820894934863 1.0
101.70168014035 1.37662724337 0.0153 0.0158 3.0875 "" "" 3125739694655670912 1635.23975 0.5667 0.0189 -0.98 0.334 0.02 0.02 1.228 10060.2 4.1332 13.521951 0.394767 13.666496 13.271729 "" "" 1589.27539 1689.26074 73479.54108 30.961 46646.0 43.288 38946.0 19.89 "" "" 0.002793041008992757 0.0029665225 0.0038198417 0.006786364 101.70168014035 1.37662724337 1635.23975 -0.98 0.334 -0.022833328247070295 0.003388890266418476 0.17158064 0.17158064 "" "" 0.17892062664154476 "" 0.03069931606881994 "" 1.0
101.78319850698 1.23856813695 0.0147 0.0147 6.5327 "" "" 3125725057407606016 1605.63745 0.579 0.0175 -0.961 0.446 0.018 0.016 1.003 9564.0 4.1958 14.087443 0.702286 14.358378 13.656093 "" "" 1554.33228 1661.1084 43648.51693 13.701 24664.0 26.559 27335.0 19.792 "" "" 0.0027763173548654096 0.003025223 0.0038602757 0.0068854988 101.78319850698 1.23856813695 1605.63745 -0.9609999999999997 0.446 -0.003833328247070278 0.11538889026641846 0.16958064 0.16758065 "" "" 0.878677176379799 "" 0.1472512405750893 "" 0.9
101.78001317011 1.35735979389 0.0185 0.019 3.4043 "" "" 3125762028486046848 1719.53845 0.5333 0.0239 -0.905 0.219 0.023 0.02 1.025 9100.2 4.2258 14.321059 0.675146 14.575918 13.900772 "" "" 1655.39868 1791.26892 35198.40182 13.72 20186.0 36.11 21820.0 35.592 "" "" 0.002787632640837968 0.0033996059 0.0041737533 0.007573359 101.78001317011 1.35735979389 1719.53845 -0.9049999999999996 0.219 0.05216667175292966 -0.11161110973358154 0.17458065 0.17158064 "" "" 1.004160770381005 "" 0.17283852741774913 "" 1.0
101.70664069584 1.3242419745 0.0195 0.019 1.4273 "" "" 3125738285907577344 1628.98975 0.5756 0.0218 -1.203 0.164 0.025 0.024 1.001 "" "" 14.460563 0.78272 14.759741 13.977021 "" "" 1560.64514 1687.02515 30954.35982 10.326 17042.0 28.229 20340.0 22.277 "" "" 0.0027790231866021637 0.0033195608 0.00396204 0.0072816005 101.70664069584 1.3242419745 1628.98975 -1.203 0.16399999999999995 -0.24583332824707038 -0.16661110973358154 0.17658065 0.17558065 "" "" 2.2930549298558036 "" 0.40418878733213126 "" 1.0
101.6361646587 1.32681992693 0.0201 0.0199 5.5689 "" "" 3125739007460925952 1552.37427 0.6086 0.0238 -0.985 0.45 0.027 0.025 1.04 8804.3 4.3165 14.519496 0.702415 14.790492 14.088077 "" "" 1504.98975 1614.12524 29318.93395 10.004 16566.0 21.102 18362.0 19.763 "" "" 0.002780114271675186 0.0031141303 0.0039559193 0.0070700496 101.6361646587 1.32681992693 1552.37427 -0.985 0.45000000000000007 -0.0278333282470703 0.11938889026641847 0.17858064 0.17658065 "" "" 0.9020511592301037 "" 0.15937828016844002 "" 1.0
101.71852946197 1.31613118041 0.0204 0.0203 1.1797 "" "" 3125738079748438912 1729.04272 0.5316 0.0236 -0.944 0.439 0.027 0.028 1.094 5358.8 3.3984 14.582693 1.719277 15.388101 13.668823 -26.37 8.38 1652.54553 1822.02808 27661.11101 33.626 9553.8 54.708 27016.0 83.444 "" "" 0.003055132746857106 0.0068146433 0.005052692 0.011867335 101.71852946197 1.31613118041 1729.04272 -0.9439999999999995 0.439 0.013166671752929737 0.10838889026641846 0.17858064 0.17958064 -21.3 23.009998 0.8948489846227264 21.318788772002982 0.16068457962975963 22.989720034399532 1.0
101.7078055152 1.32057166219 0.0225 0.0221 1.4607 "" "" 3125738075452404224 1686.74841 0.5523 0.0257 -1.055 0.136 0.028 0.027 1.003 9449.5 4.08 14.836685 0.816595 15.155733 14.339138 "" "" 1611.42249 1764.11841 21891.35237 10.982 11834.0 22.154 14571.0 20.987 "" "" 0.0028086392420008563 0.0034520105 0.0040901396 0.00754215 101.7078055152 1.32057166219 1686.74841 -1.0550000000000006 0.136 -0.09783332824707025 -0.19461110973358153 0.17958064 0.17858064 "" "" 1.7414987348580806 "" 0.31135007069796145 "" 1.0
101.70538462511 1.34814484105 0.0231 0.0228 1.6766 "" "" 3125738766943198336 1835.90723 0.503 0.0273 -0.909 0.178 0.029 0.028 0.954 7978.1 4.1212 14.949727 0.939617 15.328252 14.388635 "" "" 1704.48547 1976.38892 19726.7662 7.1725 10095.0 19.213 13922.0 16.982 "" "" 0.0027834563123745977 0.0034720358 0.00400471 0.0074767456 101.70538462511 1.34814484105 1835.90723 -0.9089999999999994 0.178 0.04816667175292966 -0.15261110973358155 0.18058065 0.17958064 "" "" 1.3926288294988856 "" 0.25021565963407444 "" 0.9
101.77539428334 1.35428907119 0.0264 0.0261 3.0752 "" "" 3125762028486049664 1560.3916 0.5948 0.0315 -0.91 0.407 0.032 0.028 1.083 5125.2 3.6381 15.07198 1.564445 15.790519 14.226074 "" "" 1483.27649 1640.20593 17626.03098 37.401 6594.9 35.131 16171.0 89.936 "" "" 0.0035915853252963207 0.0064215553 0.0071236123 0.013545168 101.77539428334 1.35428907119 1560.3916 -0.9100000000000003 0.4069999999999999 0.047166671752929656 0.07638889026641843 0.18358065 0.17958064 "" "" 0.6640156584210802 "" 0.11998335745639473 "" 1.0
101.77137587083 1.3904134359 0.0357 0.0343 4.2931 "" "" 3125762440802897920 1604.0658 0.5875 0.0426 -0.795 0.293 0.044 0.036 1.03 6596.0 4.3174 15.514982 1.061284 15.956164 14.89488 "" "" 1479.05981 1726.25537 11720.70417 6.7977 5661.8 20.248 8733.9 18.853 "" "" 0.002826359753059815 0.004781387 0.0044470797 0.009228466 101.77137587083 1.3904134359 1604.0658 -0.7950000000000002 0.293 0.16216667175292965 -0.03761110973358156 0.19558065 0.18758065 "" "" 1.2657249867636187 "" 0.24704449007328264 "" 1.0
101.72514779264 1.30654850134 0.0345 0.0348 1.5959 "" "" 3125738011028964736 1722.26465 0.5474 0.0416 -0.455 0.425 0.045 0.041 1.088 9612.5 3.6276 15.520105 1.458465 16.152304 14.693839 "" "" 1611.65918 1862.2782 11665.53025 9.8923 4726.0 18.719 10510.0 18.896 "" "" 0.002905077224873503 0.005126291 0.004253732 0.009380023 101.72514779264 1.30654850134 1722.26465 -0.455 0.425 0.5021666717529296 0.09438889026641845 0.19658065 0.19258064 "" "" 4.171243609902957 "" 0.8194220038601453 "" 0.8
101.63949911137 1.32180495961 0.0325 0.0323 5.3982 "" "" 3125739007460926208 1696.20874 0.5542 0.0386 -0.95 0.326 0.044 0.041 1.046 6579.7 4.3455 15.641785 1.132461 16.122559 14.990098 "" "" 1588.21082 1806.66833 10428.76384 4.5066 4857.3 17.893 8000.5 18.532 "" "" 0.002794981268123456 0.004876633 0.0045396807 0.009416314 101.63949911137 1.32180495961 1696.20874 -0.95 0.326 0.007166671752929732 -0.004611109733581531 0.19558065 0.19258064 "" "" 0.06851667462032021 "" 0.013340683417609047 "" 1.0
101.71781833559 1.37667880998 0.0339 0.0326 2.7085 "" "" 3125739655999464704 1665.90625 0.5536 0.0392 -1.034 0.475 0.046 0.04 1.019 5846.0 4.4181 15.758607 1.023362 16.1852 15.161838 "" "" 1579.37915 1781.73999 9364.91938 5.0467 4585.0 15.402 6830.0 11.833 "" "" 0.0028167583633489624 0.004592088 0.0042216163 0.008813704 101.71781833559 1.37667880998 1665.90625 -1.034 0.47500000000000003 -0.07683332824707034 0.14438889026641843 0.19758065 0.19158065 "" "" 1.291525738762364 "" 0.24916210447188 "" 0.9
101.73914096108 1.31889478593 0.0368 0.0357 1.0439 "" "" 3125738388986792064 1642.88208 0.5757 0.0413 -1.012 0.209 0.047 0.043 0.983 7424.4 4.2009 15.896881 1.313603 16.477285 15.163682 "" "" 1539.48865 1783.94629 8245.07161 4.2481 3503.5 19.011 6818.4 11.679 "" "" 0.0028115335371777183 0.0065188208 0.004212159 0.01073098 101.73914096108 1.31889478593 1642.88208 -1.012 0.209 -0.05483332824707032 -0.12161110973358155 0.19858065 0.19458064 "" "" 1.0388321805385023 "" 0.20284467107509405 "" 1.0
101.71081161048 1.32009065116 0.0476 0.0466 1.3249 "" "" 3125738075452404352 1741.61255 0.5635 0.0545 -1.012 0.438 0.069 0.069 0.942 "" "" 16.329372 1.912799 17.272509 15.35971 "" "" 1585.12048 1901.23389 5536.02636 11.261 1684.3 20.191 5692.1 39.272 "" "" 0.0035312023093101563 0.013311262 0.008390322 0.021701586 101.71081161048 1.32009065116 1741.61255 -1.012 0.43800000000000017 -0.05483332824707032 0.10738889026641846 0.22058064 0.22058064 "" "" 0.995401213200049 "" 0.21956623413113383 "" 0.9
