Clusters/vdBergh_85/vdBergh_85_stars_in_region.tsv
# %ECSV 1.0
# ---
# datatype:
# - name: RA_ICRS_1
#   unit: deg
#   datatype: float64
#   format: '{:15.11f}'
#   description: Right ascension (ICRS) at Ep=2016.0 (ra)
#   meta: !!omap
#   - {ucd: POS_EQ_RA_MAIN}
#   - {width: 15}
#   - {precision: '11'}
# - name: DE_ICRS_1
#   unit: deg
#   datatype: float64
#   format: '{:15.11f}'
#   description: Declination (ICRS) at Ep=2016.0 (dec)
#   meta: !!omap
#   - {ucd: POS_EQ_DEC_MAIN}
#   - {width: 15}
#   - {precision: '11'}
# - name: e_RA_ICRS
#   unit: mas
#   datatype: float64
#   format: '{:7.4f}'
#   description: Standard error of right ascension (ra_error)
#   meta: !!omap
#   - {ucd: ERROR}
#   - {width: 7}
#   - {precision: '4'}
# - name: e_DE_ICRS
#   unit: mas
#   datatype: float64
#   format: '{:7.4f}'
#   description: Standard error of declination (dec_error)
#   meta: !!omap
#   - {ucd: ERROR}
#   - {width: 7}
#   - {precision: '4'}
# - name: _r_1
#   unit: ''
#   datatype: float64
#   format: '{:7.4f}'
#   description: Distance from center (101.72880639000+01.33289407000)[ICRS], at Epoch=J2016.0
#   meta: !!omap
#   - {ucd: POS_ANG_DIST_GENERAL}
#   - {width: 7}
#   - {precision: '4'}
# - name: HIP
#   datatype: int32
#   description: '? HIP cross-id number, van Leeuwen, Cat. I/311 (hip_original_ext_source_id)'
#   meta: !!omap
#   - {ucd: ID_NUMBER}
#   - {width: 6}
#   - values: {'null': -2147483648}
# - name: TYC2
#   datatype: string
#   description: Tycho-2 cross-id name, Hog et al., Cat. I/259 (tyc2_original_ext_source_id)
#   meta: !!omap
#   - {ucd: ID_CROSSID}
#   - {_votable_string_dtype: char}
# - name: Source
#   datatype: int64
#   description: Source identifier, identical to the Gaia-EDR3 source_id (id)
#   meta: !!omap
#   - {ucd: ID_MAIN}
#   - {width: 19}
# - name: rgeo
#   unit: pc
#   datatype: float64
#   format: '{:15.8f}'
#   description: '? Median of the geometric distance posterior (r_med_geo)'
#   meta: !!omap
#   - {ucd: PHYS_DISTANCE_TRUE}
#   - {width: 15}
#   - {precision: '8'}
#   - values: {'null': .nan}
# - name: Plx
#   unit: mas
#   datatype: float64
#   format: '{:9.4f}'
#   description: '? Parallax (parallax)'
#   meta: !!omap
#   - {ucd: POS_PARLX_TRIG}
#   - {width: 9}
#   - {precision: '4'}
#   - values: {'null': .nan}
# - name: e_Plx
#   unit: mas
#   datatype: float32
#   format: '{:7.4f}'
#   description: '? Standard error of parallax (parallax_error)'
#   meta: !!omap
#   - {ucd: ERROR}
#   - {width: 7}
#   - {precision: '4'}
#   - values: {'null': .nan}
# - name: pmRA
#   unit: mas / yr
#   datatype: float64
#   format: '{:9.3f}'
#   description: '? Proper motion in right ascension direction, pmRA*cosDE (pmra)'
#   meta: !!omap
#   - {ucd: POS_EQ_PMRA}
#   - {width: 9}
#   - {precision: '3'}
#   - values: {'null': .nan}
# - name: pmDE
#   unit: mas / yr
#   datatype: float64
#   format: '{:9.3f}'
#   description: '? Proper motion in declination direction (pmdec)'
#   meta: !!omap
#   - {ucd: POS_EQ_PMDEC}
#   - {width: 9}
#   - {precision: '3'}
#   - values: {'null': .nan}
# - name: e_pmRA
#   unit: mas / yr
#   datatype: float32
#   format: '{:6.3f}'
#   description: '? Standard error of proper motion in right ascension direction (pmra_error)'
#   meta: !!omap
#   - {ucd: ERROR}
#   - {width: 6}
#   - {precision: '3'}
#   - values: {'null': .nan}
# - name: e_pmDE
[...]
#         unit: &id001 !astropy.units.Unit {unit: deg}
#         value: !astropy.table.SerializedColumn {name: SkyCoord.dec}
#       distance: !astropy.table.SerializedColumn
#         __class__: astropy.coordinates.distances.Distance
#         unit: !astropy.units.Unit {unit: pc}
#         value: !astropy.table.SerializedColumn {name: SkyCoord.distance}
#       frame: icrs
#       obstime: !astropy.time.Time {format: jyear_str, in_subfmt: '*', jd1: 367701545.0, jd2: 0.0, out_subfmt: '*', precision: 3, scale: tt}
#       pm_dec: !astropy.table.SerializedColumn
#         __class__: astropy.units.quantity.Quantity
#         unit: !astropy.units.Unit {unit: mas / yr}
#         value: !astropy.table.SerializedColumn {name: SkyCoord.pm_dec}
#       pm_ra_cosdec: !astropy.table.SerializedColumn
#         __class__: astropy.units.quantity.Quantity
#         unit: !astropy.units.Unit {unit: mas / yr}
#         value: !astropy.table.SerializedColumn {name: SkyCoord.pm_ra_cosdec}
#       ra: !astropy.table.SerializedColumn
#         __class__: astropy.coordinates.angles.Longitude
#         unit: *id001
#         value: !astropy.table.SerializedColumn {name: SkyCoord.ra}
#         wrap_angle: !astropy.coordinates.Angle
#           unit: *id001
#           value: 360.0
#       representation_type: spherical
# schema: astropy-2.0
RA_ICRS_1 DE_ICRS_1 e_RA_ICRS e_DE_ICRS _r_1 HIP TYC2 Source rgeo Plx e_Plx pmRA pmDE e_pmRA e_pmDE RUWE Teff logg Gmag BP-RP BPmag RPmag RV e_RV b_rgeo B_rgeo FG e_FG FBP e_FBP FRP e_FRP RAVE5 RAVE6 e_Gmag e_BPmag e_RPmag e_BP-RP SkyCoord.ra SkyCoord.dec SkyCoord.distance SkyCoord.pm_ra_cosdec SkyCoord.pm_dec
[from data line 570]
101.50665915917 1.57453312556 0.0405 0.0409 19.6912 "" "" 3125959936279547904 1665.72632 0.5883 0.0482 -1.373 -0.963 0.049 0.047 1.07 5658.8 4.5356 16.22521 1.2202 16.760317 15.540117 "" "" 1520.55835 1811.11487 6093.44183 3.9212 2699.5 14.103 4820.7 15.691 "" "" 0.0028425249940848924 0.006321316 0.005174242 0.011495559 101.50665915917 1.57453312556 1665.72632 -1.3729999999999998 -0.963
101.41625005838 1.38887383625 0.0399 0.0376 19.0466 "" "" 3125929562271879936 1988.22571 0.4718 0.0445 1.797 -7.497 0.047 0.042 1.007 5530.9 4.4454 16.229519 1.314161 16.817804 15.503643 "" "" 1806.87097 2185.58057 6069.31304 3.3557 2560.3 15.392 4985.4 11.219 "" "" 0.002819955447148349 0.00709857 0.0045003872 0.011598958 101.41625005838 1.38887383625 1988.22571 1.7970000000000002 -7.497000000000001
101.89243241269 1.46604651964 0.0444 0.0425 12.6552 "" "" 3125764463728051456 1783.39038 0.5342 0.0516 -1.241 -0.571 0.054 0.046 0.913 5696.2 4.6069 16.234402 1.195247 16.751003 15.555757 "" "" 1639.8219 2029.84912 6042.07518 3.5767 2722.8 12.619 4751.8 15.364 "" "" 0.002829289003724755 0.0057537155 0.0051582386 0.010911955 101.89243241269 1.46604651964 1783.39038 -1.241 -0.571
101.92299850767 1.2796181352 0.04 0.0402 12.0791 "" "" 3125745776329781760 1532.12158 0.6294 0.0507 -1.603 1.302 0.051 0.043 0.969 5416.5 4.5935 16.236267 1.203646 16.75677 15.553123 "" "" 1423.41406 1648.37634 6031.70377 6.9188 2708.4 13.322 4763.3 18.707 "" "" 0.003023715398662035 0.006025434 0.0056978683 0.011723302 101.92299850767 1.2796181352 1532.12158 -1.6030000000000002 1.3020000000000003
101.69493759629 1.57194703284 0.0393 0.0396 14.4863 "" "" 3125957741556727168 2030.49207 0.4726 0.0494 -1.209 -2.618 0.05 0.042 1.029 5795.6 4.5939 16.23986 1.087011 16.694384 15.607372 "" "" 1858.98267 2351.25879 6011.77042 3.2772 2868.6 15.6 4531.2 16.055 "" "" 0.002818172661275005 0.0065305047 0.005392873 0.011923378 101.69493759629 1.57194703284 2030.49207 -1.2090000000000003 -2.6180000000000003
102.07335750878 1.2288168018 0.2165 0.2111 21.5907 "" "" 3125697878850667392 1618.14575 0.8499 0.251 -4.514 -0.612 0.261 0.215 5.575 5401.0 4.7099 16.245955 1.27231 16.642347 15.370037 "" "" 1086.00989 2473.02466 5978.12348 14.625 3009.4 45.365 5638.2 80.003 "" "" 0.0038271411768692784 0.016602984 0.01586281 0.032465793 102.07335750878 1.2288168018 1618.14575 -4.514 -0.612
101.74551102594 1.45658021319 0.0466 0.0469 7.4885 "" "" 3125764021350412928 1514.16345 0.6577 0.0601 1.85 -1.874 0.058 0.046 1.115 5506.0 4.6143 16.246517 1.190323 16.74506 15.554737 "" "" 1375.45178 1673.56836 5975.02914 4.0472 2737.7 10.457 4756.2 23.788 "" "" 0.0028517785321722586 0.0049983566 0.006616015 0.011614371 101.74551102594 1.45658021319 1514.16345 1.85 -1.874
101.9893931631 1.52426119693 0.0443 0.0421 19.3944 "" "" 3125770992078503040 1424.18506 0.6896 0.0474 -1.507 0.925 0.055 0.047 0.982 5542.4 4.594 16.25314 1.203436 16.773827 15.570391 "" "" 1325.71313 1533.3269 5938.69434 12.101 2666.2 16.603 4688.2 29.228 "" "" 0.00353359568123948 0.0073142117 0.0077525196 0.015066732 101.9893931631 1.52426119693 1424.18506 -1.5070000000000001 0.9249999999999999
101.67511003067 1.30306023906 0.044 0.0422 3.6849 "" "" 3125738148467936384 1497.75403 0.6446 0.05 -1.17 -1.545 0.056 0.053 0.998 5392.6 4.5951 16.257887 1.227984 16.797361 15.569377 "" "" 1395.44202 1587.68713 5912.78765 3.9746 2609.0 8.7801 4692.5 12.246 "" "" 0.002850342167002061 0.0045973477 0.004723571 0.0093209185 101.67511003067 1.30306023906 1497.75403 -1.17 -1.5450000000000002
101.95181272866 1.38374938737 0.0451 0.0477 13.7202 "" "" 3125751445686541824 2055.67651 0.4608 0.0577 -1.651 3.969 0.055 0.049 1.053 5793.7 4.5605 16.259573 1.120632 16.740555 15.619923 "" "" 1874.68921 2264.20166 5903.60936 3.905 2749.1 11.505 4479.1 16.924 "" "" 0.0028473774978977112 0.0053320993 0.0055779293 0.010910029 101.95181272866 1.38374938737 2055.67651 -1.651 3.9690000000000003
101.56987999621 1.28637191629 0.0465 0.0412 9.9333 "" "" 3125737186394813952 1427.67639 0.6802 0.052 -0.679 0.525 0.063 0.05 0.96 5269.2 4.6493 16.27152 1.226189 16.811533 15.585344 "" "" 1333.47131 1521.07422 5838.99776 3.3539 2575.2 12.373 4624.0 19.96 "" "" 0.002825016825687701 0.0059159165 0.0060207034 0.01193662 101.56987999621 1.28637191629 1427.67639 -0.679 0.5249999999999999
101.42866239168 1.46303951066 0.0412 0.0387 19.6238 "" "" 3125931211538135936 1401.33716 0.6982 0.0455 1.333 0.91 0.051 0.048 0.97 5424.9 4.5476 16.271837 1.297952 16.85215 15.554198 "" "" 1311.55713 1505.42871 5837.29457 3.2732 2480.6 13.86 4758.6 11.935 "" "" 0.002821780451702532 0.0066772904 0.004658233 0.011335524 101.42866239168 1.46303951066 1401.33716 1.3329999999999997 0.91
101.9809654565 1.3104943991 0.0427 0.0425 15.1851 "" "" 3125746257366076160 1616.04932 0.5916 0.0519 -2.558 -1.087 0.054 0.047 1.033 5360.4 4.6235 16.272514 1.204402 16.793476 15.589074 "" "" 1484.43591 1733.63135 5833.65714 4.6414 2618.3 16.301 4608.2 11.05 "" "" 0.002887560526507134 0.007312787 0.004589321 0.011902109 101.9809654565 1.3104943991 1616.04932 -2.558 -1.0870000000000002
101.86129677137 1.32984809998 0.0399 0.0408 7.9494 "" "" 3125749349742573440 1416.86963 0.6739 0.0513 0.111 -3.895 0.05 0.043 0.964 4716.8 4.3582 16.275373 1.218738 16.800638 15.581901 "" "" 1330.54211 1516.10901 5818.3197 5.1305 2601.1 11.019 4638.7 14.551 "" "" 0.002916911814518607 0.005379622 0.0050875624 0.010467185 101.86129677137 1.32984809998 1416.86963 0.11099999999999999 -3.8949999999999996
101.64760277108 1.50586458219 0.0394 0.0393 11.4644 "" "" 3125767938360594944 1735.24854 0.5504 0.0476 -0.914 -1.574 0.051 0.048 0.996 5659.2 4.6255 16.276709 1.079363 16.730297 15.650934 "" "" 1597.95642 1921.84863 5811.16318 3.198 2775.2 10.048 4353.0 11.464 "" "" 0.002819361376398899 0.00482061 0.004739175 0.009559785 101.64760277108 1.50586458219 1735.24854 -0.9139999999999999 -1.5739999999999998
101.98130094755 1.32369257325 0.0455 0.0471 15.1557 "" "" 3125747799257252352 1855.87244 0.531 0.0587 -3.397 4.194 0.059 0.05 1.022 5163.9 4.3806 16.276884 1.058774 16.715803 15.657029 "" "" 1619.57788 2099.7063 5810.22885 4.1354 2812.5 9.9077 4328.6 13.912 "" "" 0.002861635584840883 0.0047343285 0.0051439786 0.009878308 101.98130094755 1.32369257325 1855.87244 -3.3970000000000002 4.194
101.94069040227 1.42166231477 0.0424 0.0409 13.7802 "" "" 3125752304679988480 1966.08105 0.4856 0.0498 -0.436 -2.539 0.053 0.046 1.013 4999.8 4.3699 16.279785 1.21571 16.803663 15.587954 "" "" 1778.46912 2143.41895 5794.72308 4.0446 2593.9 14.16 4612.9 13.076 "" "" 0.0028576360027446814 0.0065508992 0.0048740045 0.011424904 101.94069040227 1.42166231477 1966.08105 -0.436 -2.5390000000000006
101.88271355405 1.15679953398 0.0449 0.0422 14.031 "" "" 3125720453202663296 2033.71436 0.4823 0.0511 -0.819 0.308 0.055 0.045 0.956 6012.8 4.4381 16.280039 1.332613 16.866774 15.534161 "" "" 1846.40808 2227.93433 5793.37026 3.7249 2447.4 15.131 4847.2 15.242 "" "" 0.002842377624011338 0.007269338 0.005093109 0.012362447 101.88271355405 1.15679953398 2033.71436 -0.819 0.308
101.66026365098 1.05973408468 0.0497 0.0453 16.8975 "" "" 3125712997139549312 1786.55701 0.5541 0.0593 -1.422 -1.303 0.066 0.069 1.043 5857.3 4.5989 16.281414 1.159556 16.770874 15.611318 "" "" 1592.92346 1944.26672 5786.03198 3.6003 2673.4 13.355 4514.7 14.514 "" "" 0.002836936567581526 0.0060994043 0.0051446115 0.011244016 101.66026365098 1.05973408468 1786.55701 -1.4219999999999997 -1.303
101.5930639221 1.563749373 0.0419 0.0416 16.0671 "" "" 3125956809543339392 2021.57727 0.4748 0.0496 0.946 -4.237 0.054 0.051 1.038 5755.9 4.6321 16.281965 1.111732 16.751173 15.639442 "" "" 1861.21375 2266.91553 5783.09547 3.3116 2722.4 13.449 4399.3 17.298 "" "" 0.002824595116698014 0.006045995 0.0057016634 0.011747658 101.5930639221 1.563749373 2021.57727 0.946 -4.237
101.55448800846 1.33935681315 0.0477 0.049 10.4634 "" "" 3125740691088119168 2061.49536 0.4656 0.058 -0.154 -2.245 0.062 0.056 1.07 5531.5 4.6072 16.282715 1.148053 16.769808 15.621755 "" "" 1840.15369 2295.32056 5779.11121 6.2503 2676.0 31.286 4471.5 28.268 "" "" 0.002995108505101934 0.012996733 0.007835547 0.020832282 101.55448800846 1.33935681315 2061.49536 -0.15400000000000003 -2.245
101.49434330714 1.601104756 0.0547 0.0559 21.3716 "" "" 3125960211157493120 1523.41113 0.6188 0.0675 0.047 -1.4 0.07 0.064 1.361 5893.7 4.5785 16.283392 1.462333 16.887272 15.424939 "" "" 1382.32434 1688.52917 5775.50938 6.3032 2401.6 28.02 5360.2 57.427 "" "" 0.0029993105625601866 0.012971167 0.01223071 0.025201878 101.49434330714 1.601104756 1523.41113 0.047 -1.4000000000000001
101.66740305344 1.07024199618 0.0505 0.0478 16.1839 "" "" 3125713375096663168 1930.34106 0.5026 0.0555 0.511 -2.181 0.07 0.074 0.939 5535.3 4.4394 16.286171 1.478147 16.964745 15.486598 "" "" 1748.12524 2113.13428 5760.73919 3.6723 2236.2 12.841 5064.3 16.747 "" "" 0.0028409198849288823 0.0068305186 0.0052129305 0.012043449 101.66740305344 1.07024199618 1930.34106 0.511 -2.181
101.58638543535 1.48250051755 0.0405 0.0411 12.3916 "" "" 3125932040472512256 1817.68164 0.5379 0.0486 -2.643 -1.072 0.05 0.048 0.936 5055.3 4.3377 16.289036 1.218813 16.815475 15.596663 "" "" 1675.68237 2011.97815 5745.55752 3.4317 2565.8 12.443 4576.1 10.303 "" "" 0.002830605075094568 0.0059589325 0.0045010415 0.010459974 101.58638543535 1.48250051755 1817.68164 -2.643 -1.072
101.81061852355 1.56999633237 0.0437 0.0428 15.0487 "" "" 3125769484548775040 1543.323 0.6218 0.0526 -1.1 -2.148 0.06 0.05 1.028 5318.5 4.6174 16.30388 1.333048 16.895533 15.562485 "" "" 1432.1416 1666.104 5667.54148 3.9166 2383.4 12.448 4722.4 11.552 "" "" 0.002855652203970538 0.0063198456 0.0046192813 0.010939127 101.81061852355 1.56999633237 1543.323 -1.1 -2.148
101.54199858233 1.05919603525 0.0483 0.0507 19.881 "" "" 3125714680766777216 1909.75879 0.5162 0.0701 -1.174 1.024 0.058 0.065 0.975 5404.0 4.7359 16.304403 1.081138 16.760433 15.679296 "" "" 1719.60449 2189.44751 5664.80778 3.7821 2699.3 16.872 4240.7 14.94 "" "" 0.0028490796751689355 0.0073375967 0.0053772433 0.0127148405 101.54199858233 1.05919603525 1909.75879 -1.174 1.0240000000000002
101.54763395302 1.23869277146 0.0449 0.0416 12.2495 "" "" 3125730864202968448 1511.03674 0.6494 0.05 4.166 -8.403 0.056 0.052 1.083 5431.1 4.6304 16.311468 1.14081 16.799208 15.658398 "" "" 1403.28259 1635.93323 5628.07413 3.7132 2604.6 14.539 4323.1 17.884 "" "" 0.002846913660254983 0.0066720527 0.005870052 0.012542104 101.54763395302 1.23869277146 1511.03674 4.166000000000001 -8.403
101.90069925856 1.42962459064 0.0425 0.0408 11.8318 "" "" 3125752613917645568 1781.27295 0.5411 0.0499 -3.337 -0.034 0.054 0.046 1.008 5646.9 4.6258 16.313213 1.11364 16.77526 15.661621 "" "" 1650.18225 1972.70886 5619.03317 3.4967 2662.6 16.591 4310.3 19.498 "" "" 0.0028369509840473206 0.007318138 0.006197238 0.013515376 101.90069925856 1.42962459064 1781.27295 -3.3369999999999997 -0.034000000000000016
101.46409465791 1.28651972938 0.0484 0.0434 16.1205 "" "" 3125734471975502848 2030.92114 0.4865 0.0529 0.121 -2.072 0.062 0.051 0.99 4825.7 4.3422 16.31431 1.47345 16.996252 15.522802 "" "" 1793.78174 2294.69727 5613.35955 3.9295 2172.3 22.117 4898.2 18.097 "" "" 0.0028582260776948243 0.011400978 0.0055113463 0.016912324 101.46409465791 1.28651972938 2030.92114 0.12099999999999998 -2.072
101.44706913577 1.3383145884 0.0435 0.0406 16.9028 "" "" 3125741412642644864 1730.57214 0.5476 0.0465 -1.847 -2.52 0.052 0.047 0.977 5048.9 4.3582 16.31503 1.224559 16.85307 15.62851 "" "" 1571.84375 1890.89209 5609.64554 2.9858 2478.5 18.204 4443.8 16.064 "" "" 0.0028152713981510697 0.008448511 0.0054486883 0.013897199 101.44706913577 1.3383145884 1730.57214 -1.8470000000000002 -2.5200000000000005
102.08704546881 1.30888876161 0.0435 0.0416 21.5368 "" "" 3125747185078966144 1499.65466 0.6528 0.0511 2.459 4.251 0.057 0.047 0.963 5365.2 4.578 16.320381 1.304534 16.899305 15.594771 "" "" 1388.26416 1622.71973 5582.06112 3.7652 2375.2 14.079 4584.1 13.115 "" "" 0.0028509864283698784 0.007014507 0.0048920964 0.011906603 102.08704546881 1.30888876161 1499.65466 2.459 4.251
101.72301758922 1.31039927475 0.052 0.0525 1.3936 "" "" 3125738011028963456 1666.72644 0.5837 0.0607 -1.13 0.441 0.063 0.063 1.152 "" "" 16.325249 2.138895 17.395002 15.256107 "" "" 1508.59253 1859.26453 5557.08739 38.279 1504.6 41.922 6262.0 126.03 "" "" 0.007970302135209667 0.030379783 0.022176124 0.052555908 101.72301758922 1.31039927475 1666.72644 -1.1299999999999997 0.44099999999999995
101.69622936212 1.60131248661 0.0423 0.0434 16.2232 "" "" 3125957947715140352 1413.88208 0.6895 0.0551 -5.447 1.167 0.052 0.044 1.025 5570.5 4.6044 16.327112 1.250132 16.870125 15.619993 "" "" 1302.01904 1524.73193 5547.55629 3.4163 2439.9 12.515 4478.8 10.446 "" "" 0.002835284905055416 0.0062289373 0.0045493073 0.010778245 101.69622936212 1.60131248661 1413.88208 -5.447000000000001 1.167
101.59954047172 1.66024981725 0.044 0.0472 21.1163 "" "" 3125962204022421248 1669.06042 0.5749 0.0572 -0.746 -6.083 0.056 0.056 1.081 5130.2 4.6091 16.327843 1.238005 16.868656 15.630651 "" "" 1532.58289 1817.80371 5543.82284 3.3619 2443.2 16.877 4435.0 18.343 "" "" 0.0028328960096018615 0.00800218 0.005869319 0.013871498 101.59954047172 1.66024981725 1669.06042 -0.7459999999999999 -6.082999999999999
101.71081161048 1.32009065116 0.0476 0.0466 1.3249 "" "" 3125738075452404352 1741.61255 0.5635 0.0545 -1.012 0.438 0.069 0.069 0.942 "" "" 16.329372 1.912799 17.272509 15.35971 "" "" 1585.12048 1901.23389 5536.02636 11.261 1684.3 20.191 5692.1 39.272 "" "" 0.0035312023093101563 0.013311262 0.008390322 0.021701586 101.71081161048 1.32009065116 1741.61255 -1.012 0.43800000000000006
101.80047811629 1.6156051946 0.0417 0.0413 17.4989 "" "" 3125770511042381056 1981.25134 0.4947 0.0511 -0.49 2.05 0.054 0.045 1.008 6006.8 4.6101 16.330275 1.130713 16.812893 15.682179 "" "" 1789.51355 2228.00513 5531.42642 3.0996 2571.9 8.8657 4229.5 11.219 "" "" 0.002821692068636558 0.0046682693 0.0047516325 0.009419901 101.80047811629 1.6156051946 1981.25134 -0.49000000000000005 2.0499999999999994
101.88656224897 1.1898228163 0.0438 0.0449 12.7765 "" "" 3125721067380300288 1379.46326 0.7066 0.0577 -0.387 -1.083 0.054 0.046 1.018 4975.6 4.3683 16.334438 1.283755 16.90618 15.622424 "" "" 1253.83923 1537.71094 5510.25622 3.5611 2360.2 9.4066 4468.8 14.721 "" "" 0.0028432619886051592 0.0051487684 0.0052034426 0.010352211 101.88656224897 1.1898228163 1379.46326 -0.38700000000000007 -1.0829999999999997
101.60675145419 1.21765203696 0.0451 0.0425 10.0705 "" "" 3125735738988675712 1897.96899 0.5153 0.051 -3.719 -1.866 0.058 0.053 0.991 5633.0 4.469 16.345406 1.461342 17.008 15.546658 "" "" 1723.91626 2092.63086 5454.86977 3.1958 2148.9 18.758 4791.8 11.554 "" "" 0.0028277909511142552 0.009879696 0.0045975302 0.014477227 101.60675145419 1.21765203696 1897.96899 -3.7190000000000003 -1.8660000000000003
101.65836019343 1.48636345613 0.0433 0.044 10.1314 "" "" 3125767732202168704 1625.70911 0.5834 0.056 -1.125 0.57 0.059 0.054 0.992 "" "" 16.34921 1.596641 17.105156 15.508515 "" "" 1499.52454 1750.51892 5435.79078 16.078 1965.0 27.701 4963.1 43.915 "" "" 0.004231411052371543 0.015558079 0.010323595 0.025881674 101.65836019343 1.48636345613 1625.70911 -1.1250000000000002 0.5699999999999998
102.04866980758 1.41643720576 0.0461 0.0469 19.8303 "" "" 3125754675501894400 1792.06714 0.5321 0.054 -3.966 -0.291 0.057 0.05 0.991 5590.8 4.5875 16.35118 1.226789 16.88118 15.65439 "" "" 1629.79736 2023.16724 5425.93953 3.5661 2415.2 10.327 4339.1 13.699 "" "" 0.0028462231560489825 0.005416383 0.005102297 0.010518679 102.04866980758 1.41643720576 1792.06714 -3.966 -0.29100000000000004
