Clusters/vdBergh_85/vdBergh_85_stars_in_region.tsv
# %ECSV 1.0
# ---
# datatype:
# - name: RA_ICRS_1
#   unit: deg
#   datatype: float64
#   format: '{:15.11f}'
#   description: Right ascension (ICRS) at Ep=2016.0 (ra)
#   meta: !!omap
#   - {ucd: POS_EQ_RA_MAIN}
#   - {width: 15}
#   - {precision: '11'}
# - name: DE_ICRS_1
#   unit: deg
#   datatype: float64
#   format: '{:15.11f}'
#   description: Declination (ICRS) at Ep=2016.0 (dec)
#   meta: !!omap
#   - {ucd: POS_EQ_DEC_MAIN}
#   - {width: 15}
#   - {precision: '11'}
# - name: e_RA_ICRS
#   unit: mas
#   datatype: float64
#   format: '{:7.4f}'
#   description: Standard error of right ascension (ra_error)
#   meta: !!omap
#   - {ucd: ERROR}
#   - {width: 7}
#   - {precision: '4'}
# - name: e_DE_ICRS
#   unit: mas
#   datatype: float64
#   format: '{:7.4f}'
#   description: Standard error of declination (dec_error)
#   meta: !!omap
#   - {ucd: ERROR}
#   - {width: 7}
#   - {precision: '4'}
# - name: _r_1
#   unit: ''
#   datatype: float64
#   format: '{:7.4f}'
#   description: Distance from center (101.72880639000+01.33289407000)[ICRS], at Epoch=J2016.0
#   meta: !!omap
#   - {ucd: POS_ANG_DIST_GENERAL}
#   - {width: 7}
#   - {precision: '4'}
# - name: HIP
#   datatype: int32
#   description: '? HIP cross-id number, van Leeuwen, Cat. I/311 (hip_original_ext_source_id)'
#   meta: !!omap
#   - {ucd: ID_NUMBER}
#   - {width: 6}
#   - values: {'null': -2147483648}
# - name: TYC2
#   datatype: string
#   description: Tycho-2 cross-id name, Hog et al., Cat. I/259 (tyc2_original_ext_source_id)
#   meta: !!omap
#   - {ucd: ID_CROSSID}
#   - {_votable_string_dtype: char}
# - name: Source
#   datatype: int64
#   description: Source identifier, identical to the Gaia-EDR3 source_id (id)
#   meta: !!omap
#   - {ucd: ID_MAIN}
#   - {width: 19}
# - name: rgeo
#   unit: pc
#   datatype: float64
#   format: '{:15.8f}'
#   description: '? Median of the geometric distance posterior (r_med_geo)'
#   meta: !!omap
#   - {ucd: PHYS_DISTANCE_TRUE}
#   - {width: 15}
#   - {precision: '8'}
#   - values: {'null': .nan}
# - name: Plx
#   unit: mas
#   datatype: float64
#   format: '{:9.4f}'
#   description: '? Parallax (parallax)'
#   meta: !!omap
#   - {ucd: POS_PARLX_TRIG}
#   - {width: 9}
#   - {precision: '4'}
#   - values: {'null': .nan}
# - name: e_Plx
#   unit: mas
#   datatype: float32
#   format: '{:7.4f}'
#   description: '? Standard error of parallax (parallax_error)'
#   meta: !!omap
#   - {ucd: ERROR}
#   - {width: 7}
#   - {precision: '4'}
#   - values: {'null': .nan}
# - name: pmRA
#   unit: mas / yr
#   datatype: float64
#   format: '{:9.3f}'
#   description: '? Proper motion in right ascension direction, pmRA*cosDE (pmra)'
#   meta: !!omap
#   - {ucd: POS_EQ_PMRA}
#   - {width: 9}
#   - {precision: '3'}
#   - values: {'null': .nan}
# - name: pmDE
#   unit: mas / yr
#   datatype: float64
#   format: '{:9.3f}'
#   description: '? Proper motion in declination direction (pmdec)'
#   meta: !!omap
#   - {ucd: POS_EQ_PMDEC}
#   - {width: 9}
#   - {precision: '3'}
#   - values: {'null': .nan}
# - name: e_pmRA
#   unit: mas / yr
#   datatype: float32
#   format: '{:6.3f}'
#   description: '? Standard error of proper motion in right ascension direction (pmra_error)'
#   meta: !!omap
#   - {ucd: ERROR}
#   - {width: 6}
#   - {precision: '3'}
#   - values: {'null': .nan}
# - name: e_pmDE
[...]
#         unit: &id001 !astropy.units.Unit {unit: deg}
#         value: !astropy.table.SerializedColumn {name: SkyCoord.dec}
#       distance: !astropy.table.SerializedColumn
#         __class__: astropy.coordinates.distances.Distance
#         unit: !astropy.units.Unit {unit: pc}
#         value: !astropy.table.SerializedColumn {name: SkyCoord.distance}
#       frame: icrs
#       obstime: !astropy.time.Time {format: jyear_str, in_subfmt: '*', jd1: 367701545.0, jd2: 0.0, out_subfmt: '*', precision: 3, scale: tt}
#       pm_dec: !astropy.table.SerializedColumn
#         __class__: astropy.units.quantity.Quantity
#         unit: !astropy.units.Unit {unit: mas / yr}
#         value: !astropy.table.SerializedColumn {name: SkyCoord.pm_dec}
#       pm_ra_cosdec: !astropy.table.SerializedColumn
#         __class__: astropy.units.quantity.Quantity
#         unit: !astropy.units.Unit {unit: mas / yr}
#         value: !astropy.table.SerializedColumn {name: SkyCoord.pm_ra_cosdec}
#       ra: !astropy.table.SerializedColumn
#         __class__: astropy.coordinates.angles.Longitude
#         unit: *id001
#         value: !astropy.table.SerializedColumn {name: SkyCoord.ra}
#         wrap_angle: !astropy.coordinates.Angle
#           unit: *id001
#           value: 360.0
#       representation_type: spherical
# schema: astropy-2.0
RA_ICRS_1 DE_ICRS_1 e_RA_ICRS e_DE_ICRS _r_1 HIP TYC2 Source rgeo Plx e_Plx pmRA pmDE e_pmRA e_pmDE RUWE Teff logg Gmag BP-RP BPmag RPmag RV e_RV b_rgeo B_rgeo FG e_FG FBP e_FBP FRP e_FRP RAVE5 RAVE6 e_Gmag e_BPmag e_RPmag e_BP-RP SkyCoord.ra SkyCoord.dec SkyCoord.distance SkyCoord.pm_ra_cosdec SkyCoord.pm_dec
[from data line 40]
101.52306943599 1.02930018646 0.0136 0.0139 22.0028 "" "" 3125714096651246976 1959.47253 0.4881 0.0167 -0.312 1.851 0.016 0.015 1.071 5351.5 2.9162 12.942339 1.555963 13.668033 12.11207 44.37 1.22 1899.05774 2015.97803 125317.33165 30.196 46580.0 32.69 113330.0 40.287 "" "" 0.002767712375585845 0.0028923436 0.0037990385 0.0066913823 101.52306943599 1.02930018646 1959.47253 -0.312 1.8510000000000004
101.61282517102 1.11541897649 0.0151 0.014 14.7874 "" "" 3125716742351023872 1703.39832 0.5693 0.0165 -2.838 1.119 0.019 0.018 1.047 "" "" 12.950423 1.850281 13.864569 12.014288 103.28 0.43 1662.78284 1745.36926 124387.74762 29.79 38868.0 56.749 124010.0 38.143 "" "" 0.002767562657811557 0.0032090466 0.0037941074 0.0070031537 101.61282517102 1.11541897649 1703.39832 -2.8379999999999996 1.1190000000000002
101.6316762566 1.43645740459 0.015 0.0144 8.5179 "" "" 3125743268068914816 1542.68689 0.6132 0.0172 -1.189 0.451 0.021 0.019 1.041 11602.1 4.0166 12.953128 0.444512 13.111704 12.667191 "" "" 1508.95422 1579.2583 124078.22016 41.612 77756.0 42.943 67964.0 42.531 "" "" 0.0027792758932220643 0.002853875 0.0038399694 0.0066938447 101.6316762566 1.43645740459 1542.68689 -1.189 0.45099999999999996
102.06046937023 1.22466398177 0.0161 0.0151 20.9278 "" "" 3125697844494727936 1592.78333 0.5932 0.018 0.226 -1.296 0.019 0.017 1.145 10271.1 3.8814 12.963353 0.520814 13.154304 12.63349 "" "" 1544.92578 1630.69507 122915.22102 38.31 74765.0 37.041 70107.0 36.858 "" "" 0.0027760230920143483 0.0028415478 0.003822245 0.0066637928 102.06046937023 1.22466398177 1592.78333 0.22599999999999995 -1.296
101.36978130692 1.34597109871 0.018 0.017 21.5499 "" "" 3125923416178332160 1530.83997 0.6132 0.0204 0.535 -2.523 0.022 0.019 1.409 "" "" 13.01547 0.47308 13.185588 12.712508 "" "" 1486.17529 1581.5647 117154.43851 53.683 72641.0 62.016 65186.0 27.878 "" "" 0.0027998761002298355 0.0029401097 0.0038077992 0.006747909 101.36978130692 1.34597109871 1530.83997 0.5349999999999999 -2.5229999999999997
101.84724701083 1.11074442157 0.0108 0.0101 15.1043 "" "" 3125718735215773312 1554.21606 0.6016 0.0122 0.716 -2.244 0.013 0.012 0.942 "" "" 13.03871 0.517151 13.230912 12.713761 "" "" 1524.39893 1586.53796 114673.41001 51.297 69671.0 43.228 65111.0 44.128 "" "" 0.002797798790413262 0.0028703413 0.0038503492 0.0067206905 101.84724701083 1.11074442157 1554.21606 0.716 -2.244
101.8849312629 1.45266325905 0.0115 0.0112 11.8042 "" "" 3125764364948164224 1456.41528 0.6502 0.0133 -0.747 -0.93 0.014 0.013 0.928 10064.0 4.1785 13.043989 0.525609 13.238254 12.712645 "" "" 1429.70093 1482.59717 114117.2324 51.048 69202.0 60.691 65178.0 41.184 "" "" 0.00279779845394063 0.0029481759 0.0038411436 0.006789319 101.8849312629 1.45266325905 1456.41528 -0.7470000000000001 -0.93
101.67768215957 1.69665224845 0.0122 0.0123 22.0398 "" "" 3125959871860445312 1842.52625 0.4965 0.015 -1.355 -0.619 0.015 0.013 1.002 "" "" 13.045148 0.412285 13.190577 12.778292 "" "" 1790.28552 1890.46704 113995.4368 94.189 72308.0 150.79 61354.0 158.41 "" "" 0.0028976824561915996 0.0035932644 0.00470553 0.008298795 101.67768215957 1.69665224845 1842.52625 -1.355 -0.6189999999999998
101.85883655875 1.15378582361 0.4409 0.4135 13.2788 "" "" 3125720556281888128 1671.12634 1.2715 0.5004 1.428 12.353 0.55 0.448 38.937 5199.0 3.3721 13.053631 1.287382 13.561252 12.273869 93.52 1.51 907.963562 3172.28394 113108.24918 465.19 51394.0 37.574 97636.0 36.619 "" "" 0.005247055281913614 0.0029008847 0.0038012562 0.006702141 101.85883655875 1.15378582361 1671.12634 1.428 12.352999999999998
101.7458913438 1.03574028208 0.0123 0.0114 17.8587 "" "" 3125712138146066176 1875.1593 0.4929 0.0135 -1.828 1.083 0.015 0.015 1.17 7999.3 3.8708 13.058686 0.750853 13.347112 12.596259 "" "" 1835.66321 1924.91724 112582.89133 31.548 62600.0 47.626 72553.0 69.98 "" "" 0.0027720668360665655 0.0029098743 0.003921788 0.0068316627 101.7458913438 1.03574028208 1875.1593 -1.8280000000000005 1.083
101.63992164271 1.45056315817 0.014 0.0136 8.8471 "" "" 3125744058342440192 1933.51343 0.4822 0.0167 -0.966 -1.738 0.019 0.017 1.241 7661.4 3.4537 13.072235 0.898041 13.431076 12.533035 "" "" 1879.16724 1987.1261 111186.68516 33.393 57941.0 54.067 76903.0 57.031 "" "" 0.0027745484223580747 0.0029684182 0.0038641996 0.006832618 101.63992164271 1.45056315817 1933.51343 -0.9659999999999999 -1.7379999999999998
101.71181797755 1.69936678991 0.011 0.0108 22.012 "" "" 3125965713015952384 1443.22095 0.6513 0.013 -2.076 -4.648 0.014 0.012 1.033 5797.5 3.3003 13.098009 1.244323 13.641253 12.396931 15.9 2.98 1418.35803 1471.97021 108578.32448 17.663 47744.0 32.265 87174.0 45.078 "" "" 0.002760975345487955 0.002885032 0.0038208559 0.0067058876 101.71181797755 1.69936678991 1443.22095 -2.0759999999999996 -4.647999999999999
101.83687510928 1.16239733028 0.0114 0.0108 12.1109 "" "" 3125720620703609472 1697.8512 0.5493 0.0128 0.71 -2.097 0.014 0.012 1.034 4699.9 2.3835 13.124419 1.895499 14.064621 12.169122 67.12 1.16 1665.40601 1729.22107 105969.05322 25.939 32327.0 24.96 107530.0 64.263 "" "" 0.0027681077753700526 0.0029133845 0.003834678 0.0067480626 101.83687510928 1.16239733028 1697.8512 0.7100000000000001 -2.0969999999999995
101.68373998716 1.029246306 0.0128 0.0117 18.4183 "" "" 3125711931987665152 1949.35388 0.4714 0.0148 -4.509 -2.574 0.018 0.018 1.1 6096.2 2.7537 13.193932 2.019625 14.217981 12.198357 25.56 1.15 1904.4624 2001.81897 99397.18673 37.329 28069.0 40.616 104670.0 70.905 "" "" 0.0027853278850868716 0.003202077 0.0038502829 0.00705236 101.68373998716 1.029246306 1949.35388 -4.509 -2.574
102.00243948424 1.37165533509 0.0121 0.0119 16.5774 "" "" 3125748245932281344 1672.88293 0.554 0.0143 -0.368 0.583 0.015 0.014 1.076 10595.2 4.1343 13.215955 0.344804 13.340706 12.995902 "" "" 1630.52649 1714.49634 97401.33792 54.63 62970.0 59.183 50211.0 28.22 "" "" 0.0028218123225875334 0.0029709167 0.0038283272 0.006799244 102.00243948424 1.37165533509 1672.88293 -0.368 0.583
101.55832142763 1.14793800642 0.0138 0.0132 15.091 "" "" 3125717463905536896 1554.1615 0.5971 0.0161 -0.07 -1.349 0.018 0.017 1.181 9201.7 3.8993 13.222219 0.544841 13.424275 12.879435 "" "" 1520.35266 1595.76392 96840.98716 36.913 58305.0 42.115 55896.0 28.597 "" "" 0.0027862272670521157 0.0028982924 0.0038199842 0.0067182765 101.55832142763 1.14793800642 1554.1615 -0.07 -1.349
101.55944383573 1.17848267035 0.0135 0.0123 13.7494 "" "" 3125729695972382080 1920.25623 0.4797 0.0146 0.501 -2.955 0.018 0.017 0.966 4917.0 2.8116 13.270767 1.679682 14.07314 12.393458 61.72 1.44 1865.91272 1985.58887 92606.14348 18.63 32075.0 37.483 87453.0 53.776 "" "" 0.002763964143844624 0.003065109 0.0038378981 0.006903007 101.55944383573 1.17848267035 1920.25623 0.5010000000000001 -2.9550000000000005
101.93615888973 1.59331827747 0.0143 0.0135 19.9709 "" "" 3125772748725153536 1977.94287 0.4661 0.0149 -1.231 -0.494 0.018 0.015 0.995 10099.6 4.0175 13.295673 0.437408 13.454521 13.017114 "" "" 1924.81958 2030.66663 90505.97383 59.086 56703.0 50.428 49239.0 40.826 "" "" 0.0028450316582073346 0.0029525245 0.0038851171 0.006837642 101.93615888973 1.59331827747 1977.94287 -1.231 -0.494
101.74691360122 1.40259581916 0.0139 0.014 4.3208 "" "" 3125763162357407872 1609.14453 0.5766 0.0176 -1.019 0.175 0.018 0.015 1.088 10394.0 4.1018 13.304985 0.334204 13.425741 13.091537 "" "" 1562.45764 1665.37329 89733.1318 45.437 58226.0 64.616 45977.0 50.796 "" "" 0.0028096328236843038 0.0030392117 0.0039651752 0.0070043867 101.74691360122 1.40259581916 1609.14453 -1.019 0.17499999999999996
101.45531577847 1.23018782414 0.0147 0.0134 17.5245 "" "" 3125733612982572544 2046.84717 0.4484 0.0166 0.565 -2.452 0.02 0.016 1.228 "" "" 13.312802 1.636942 14.090632 12.453691 25.29 1.15 1983.54382 2121.32104 89089.35397 15.408 31562.0 39.736 82734.0 23.471 "" "" 0.002761711424349228 0.0031070125 0.0037919125 0.0068989247 101.45531577847 1.23018782414 2046.84717 0.565 -2.452
101.79845680203 1.42241085925 0.0124 0.0125 6.8045 "" "" 3125762956198946688 1632.44885 0.5734 0.0154 -2.834 1.436 0.015 0.013 0.964 6399.0 3.6435 13.33275 1.175186 13.835153 12.659966 22.65 4.5 1579.37073 1676.06006 87467.51079 20.215 39935.0 33.773 68418.0 58.145 "" "" 0.0027667227707200473 0.0029373714 0.0038903889 0.0068277605 101.79845680203 1.42241085925 1632.44885 -2.8339999999999996 1.4360000000000002
101.84096311452 1.56250772183 0.013 0.0126 15.3316 "" "" 3125769312750080128 1516.59485 0.6171 0.0153 -0.609 0.449 0.018 0.014 1.145 7108.8 3.8266 13.338505 0.924424 13.710384 12.78596 -5.91 8.18 1480.35181 1549.39258 87005.1378 30.033 44798.0 46.137 60922.0 65.295 "" "" 0.002780692460402323 0.0030058932 0.003954473 0.006960366 101.84096311452 1.56250772183 1516.59485 -0.609 0.44900000000000007
101.47680816671 1.14071719423 0.0126 0.0124 19.0121 "" "" 3125727840546034176 1524.23022 0.6136 0.015 -0.931 -0.038 0.016 0.014 1.059 "" "" 13.362274 0.629129 13.600945 12.971815 "" "" 1489.98462 1557.70984 85121.07579 33.57 49549.0 41.855 51337.0 31.543 "" "" 0.0027883934043165973 0.002937039 0.0038378069 0.0067748455 101.47680816671 1.14071719423 1524.23022 -0.9309999999999999 -0.038
102.0119035142 1.12186833434 0.0241 0.0245 21.1825 "" "" 3125672624446825984 1422.27527 0.6623 0.0314 -0.525 0.074 0.03 0.025 2.081 9672.5 4.1025 13.367567 0.557837 13.576366 13.01853 "" "" 1360.89453 1490.58826 84707.11289 44.689 50684.0 33.598 49175.0 31.558 "" "" 0.0028142303255047018 0.0028815018 0.0038430737 0.0067245755 102.0119035142 1.12186833434 1422.27527 -0.5249999999999999 0.074
101.64221505866 1.50681211633 0.0118 0.0118 11.6562 "" "" 3125767938360596480 1886.86841 0.4879 0.0144 -1.326 -0.528 0.015 0.014 0.995 10646.4 4.1715 13.425058 0.31823 13.536417 13.218187 "" "" 1838.17297 1946.552 80338.4732 27.314 52584.0 40.434 40915.0 26.826 "" "" 0.002779937147968501 0.002912396 0.0038458393 0.0067582354 101.64221505866 1.50681211633 1886.86841 -1.326 -0.528
101.76360525063 1.31144573775 0.0145 0.0139 2.4522 "" "" 3125726599297115136 1706.13062 0.5419 0.0166 -1.158 0.271 0.018 0.015 1.153 "" "" 13.431307 0.735448 13.703027 12.967579 16.23 20.88 1665.56519 1745.84668 79877.44369 27.433 45103.0 37.603 51538.0 36.552 "" "" 0.0027804373194113704 0.0029333297 0.0038570291 0.0067903586 101.76360525063 1.31144573775 1706.13062 -1.1580000000000001 0.271
101.5203348089 1.43269842738 0.0123 0.0117 13.8645 "" "" 3125931387637535232 1380.40552 0.6823 0.0141 -1.167 0.987 0.016 0.015 1.119 9515.8 4.103 13.439519 0.562276 13.649921 13.087646 "" "" 1356.71802 1411.12549 79275.50422 25.685 47364.0 34.158 46142.0 28.353 "" "" 0.0027776851847294624 0.002897957 0.0038378148 0.006735772 101.5203348089 1.43269842738 1380.40552 -1.1669999999999998 0.9869999999999999
101.67462219634 1.54884530598 0.0165 0.0169 13.3585 "" "" 3125768552537149056 1798.60828 0.5122 0.0206 -0.452 -1.036 0.021 0.019 1.418 9726.4 4.1462 13.458368 0.466572 13.631884 13.165312 "" "" 1743.20239 1863.58301 77911.15009 33.862 48157.0 33.58 42957.0 23.506 "" "" 0.0027954366393853976 0.00289106 0.0038257937 0.006716854 101.67462219634 1.54884530598 1798.60828 -0.45200000000000007 -1.036
101.96644908884 1.36024284154 0.0137 0.0133 14.3488 "" "" 3125751067729427328 1660.17004 0.559 0.016 -0.704 0.455 0.017 0.015 1.072 10250.3 4.1909 13.459805 0.370185 13.596393 13.226208 "" "" 1627.9873 1698.89966 77808.03743 65.31 49758.0 43.807 40614.0 31.694 "" "" 0.002902124465969081 0.002949366 0.0038731906 0.0068225567 101.96644908884 1.36024284154 1660.17004 -0.7040000000000001 0.45499999999999996
101.93789994783 1.24312942038 0.0127 0.0126 13.6499 "" "" 3125744814257116544 1447.63049 0.6493 0.0157 -0.737 1.514 0.016 0.014 0.975 9855.7 4.2738 13.487728 0.499185 13.669012 13.169827 "" "" 1415.07239 1479.0354 75832.49309 49.068 46538.0 44.996 42779.0 27.196 "" "" 0.0028434738229878268 0.002981115 0.0038418947 0.00682301 101.93789994783 1.24312942038 1447.63049 -0.7369999999999998 1.5140000000000002
101.88248172828 1.32979109607 0.0465 0.0495 9.2199 "" "" 3125749658980208640 1477.34888 0.6379 0.0566 0.784 -4.307 0.057 0.057 4.118 7601.6 4.0868 13.500895 0.795258 13.798635 13.003378 60.76 7.19 1364.24268 1603.8595 74918.46094 81.552 41301.0 38.161 49866.0 33.079 "" "" 0.0029981008319211644 0.002965036 0.0038473967 0.006812433 101.88248172828 1.32979109607 1477.34888 0.784 -4.307
101.76136725693 1.61608286503 0.0127 0.0125 17.1032 "" "" 3125770652779878528 1990.3302 0.4633 0.0156 -0.854 -0.415 0.016 0.014 1.043 9538.5 3.9437 13.50864 0.607535 13.73746 13.129925 "" "" 1944.37561 2046.4115 74385.87719 40.582 43695.0 72.987 44380.0 65.404 "" "" 0.002818270733467988 0.0033277832 0.0041041416 0.007431925 101.76136725693 1.61608286503 1990.3302 -0.854 -0.415
101.78283706754 1.21698651037 0.0167 0.0171 7.6726 "" "" 3125724679451891968 1800.7406 0.5204 0.0201 -1.085 0.521 0.021 0.018 1.163 10213.7 4.1598 13.515979 0.615268 13.742252 13.126985 "" "" 1739.38672 1852.651 73884.79016 35.377 43503.0 42.147 44500.0 49.098 "" "" 0.002803934488669757 0.0029818665 0.0039646868 0.0069465535 101.78283706754 1.21698651037 1800.7406 -1.0850000000000002 0.5209999999999999
101.70168014035 1.37662724337 0.0153 0.0158 3.0875 "" "" 3125739694655670912 1635.23975 0.5667 0.0189 -0.98 0.334 0.02 0.02 1.228 10060.2 4.1332 13.521951 0.394767 13.666496 13.271729 "" "" 1589.27539 1689.26074 73479.54108 30.961 46646.0 43.288 38946.0 19.89 "" "" 0.002793041008992757 0.0029665225 0.0038198417 0.006786364 101.70168014035 1.37662724337 1635.23975 -0.98 0.334
101.86891561515 1.37528645887 0.0127 0.0122 8.7807 "" "" 3125750582396265216 2027.46216 0.4488 0.0152 0.881 -2.064 0.015 0.013 1.001 "" "" 13.540363 1.426386 14.18928 12.762894 50.73 2.38 1969.07935 2090.25293 72243.94437 14.102 28821.0 25.334 62230.0 28.963 "" "" 0.0027634590698517743 0.0029488776 0.0038130141 0.006761892 101.86891561515 1.37528645887 2027.46216 0.881 -2.064
101.7451311985 1.326193481 0.0247 0.0237 1.0585 "" "" 3125738423345810048 1862.16711 0.496 0.0287 -1.28 0.266 0.029 0.025 1.86 10506.1 4.1223 13.564369 0.48756 13.738495 13.250935 "" "" 1779.57568 1962.70813 70664.15697 51.603 43654.0 63.5 39699.0 109.06 "" "" 0.0028671286561204497 0.0032061415 0.0048145875 0.008020729 101.7451311985 1.326193481 1862.16711 -1.2799999999999996 0.266
101.91094920014 1.64813277814 0.0142 0.0136 21.8427 "" "" 3125776184697734400 1941.34387 0.4728 0.0155 -0.308 -1.372 0.018 0.015 1.077 9681.1 3.8997 13.593473 0.537401 13.792146 13.254745 "" "" 1882.62964 1999.60803 68795.12869 25.881 41549.0 27.039 39560.0 21.301 "" "" 0.002785431302574921 0.0028782438 0.00382433 0.006702574 101.91094920014 1.64813277814 1941.34387 -0.308 -1.372
101.40431457711 1.33801702768 0.0178 0.0163 19.4666 "" "" 3125923244379629312 2038.58997 0.453 0.0199 -1.618 1.672 0.022 0.019 1.36 10096.9 3.9825 13.607983 0.450648 13.771749 13.3211 "" "" 1957.60132 2148.37695 67881.87315 29.222 42337.0 47.388 37215.0 33.94 "" "" 0.0027946813477074564 0.0030433417 0.0039069424 0.0069502844 101.40431457711 1.33801702768 2038.58997 -1.6180000000000003 1.672
101.38259954924 1.4639655485 0.0129 0.0121 22.2055 "" "" 3125934102056902656 1715.49353 0.5408 0.0146 -1.331 -2.189 0.015 0.014 1.021 8001.9 3.8464 13.608546 0.762623 13.908781 13.146158 "" "" 1671.40686 1757.40918 67846.5969 19.181 37317.0 32.685 43721.0 25.927 "" "" 0.0027723649884299467 0.0029477768 0.0038338327 0.0067816097 101.38259954924 1.4639655485 1715.49353 -1.331 -2.1890000000000005
101.53986808313 1.45243417424 0.0138 0.0135 13.4119 "" "" 3125931520775771008 1777.70764 0.5189 0.0164 0.664 -1.966 0.017 0.016 1.157 9437.1 3.9778 13.618692 0.52114 13.803362 13.282222 "" "" 1731.95081 1830.87427 67215.53703 22.961 41122.0 77.154 38572.0 73.028 "" "" 0.0027801706769446082 0.003454671 0.004302241 0.007756912 101.53986808313 1.45243417424 1777.70764 0.6640000000000001 -1.9660000000000004
