Clusters/NGC_6451/NGC_6451_stars_in_region.tsv
# %ECSV 1.0
# ---
# datatype:
# - name: RA_ICRS_1
#   unit: deg
#   datatype: float64
#   format: '{:15.11f}'
#   description: Right ascension (ICRS) at Ep=2016.0 (ra)
#   meta: !!omap
#   - {ucd: POS_EQ_RA_MAIN}
#   - {width: 15}
#   - {precision: '11'}
# - name: DE_ICRS_1
#   unit: deg
#   datatype: float64
#   format: '{:15.11f}'
#   description: Declination (ICRS) at Ep=2016.0 (dec)
#   meta: !!omap
#   - {ucd: POS_EQ_DEC_MAIN}
#   - {width: 15}
#   - {precision: '11'}
# - name: e_RA_ICRS
#   unit: mas
#   datatype: float64
#   format: '{:7.4f}'
#   description: Standard error of right ascension (ra_error)
#   meta: !!omap
#   - {ucd: ERROR}
#   - {width: 7}
#   - {precision: '4'}
# - name: e_DE_ICRS
#   unit: mas
#   datatype: float64
#   format: '{:7.4f}'
#   description: Standard error of declination (dec_error)
#   meta: !!omap
#   - {ucd: ERROR}
#   - {width: 7}
#   - {precision: '4'}
# - name: _r_1
#   unit: ''
#   datatype: float64
#   format: '{:7.4f}'
#   description: Distance from center (267.66740796000-30.20269458000)[ICRS], at Epoch=J2016.0
#   meta: !!omap
#   - {ucd: POS_ANG_DIST_GENERAL}
#   - {width: 7}
#   - {precision: '4'}
# - name: HIP
#   datatype: int32
#   description: '? HIP cross-id number, van Leeuwen, Cat. I/311 (hip_original_ext_source_id)'
#   meta: !!omap
#   - {ucd: ID_NUMBER}
#   - {width: 6}
#   - values: {'null': -2147483648}
# - name: TYC2
#   datatype: string
#   description: Tycho-2 cross-id name, Hog et al., Cat. I/259 (tyc2_original_ext_source_id)
#   meta: !!omap
#   - {ucd: ID_CROSSID}
#   - {_votable_string_dtype: char}
# - name: Source
#   datatype: int64
#   description: Source identifier, identical to the Gaia-EDR3 source_id (id)
#   meta: !!omap
#   - {ucd: ID_MAIN}
#   - {width: 19}
# - name: rgeo
#   unit: pc
#   datatype: float64
#   format: '{:15.8f}'
#   description: '? Median of the geometric distance posterior (r_med_geo)'
#   meta: !!omap
#   - {ucd: PHYS_DISTANCE_TRUE}
#   - {width: 15}
#   - {precision: '8'}
#   - values: {'null': .nan}
# - name: Plx
#   unit: mas
#   datatype: float64
#   format: '{:9.4f}'
#   description: '? Parallax (parallax)'
#   meta: !!omap
#   - {ucd: POS_PARLX_TRIG}
#   - {width: 9}
#   - {precision: '4'}
#   - values: {'null': .nan}
# - name: e_Plx
#   unit: mas
#   datatype: float32
#   format: '{:7.4f}'
#   description: '? Standard error of parallax (parallax_error)'
#   meta: !!omap
#   - {ucd: ERROR}
#   - {width: 7}
#   - {precision: '4'}
#   - values: {'null': .nan}
# - name: pmRA
#   unit: mas / yr
#   datatype: float64
#   format: '{:9.3f}'
#   description: '? Proper motion in right ascension direction, pmRA*cosDE (pmra)'
#   meta: !!omap
#   - {ucd: POS_EQ_PMRA}
#   - {width: 9}
#   - {precision: '3'}
#   - values: {'null': .nan}
# - name: pmDE
#   unit: mas / yr
#   datatype: float64
#   format: '{:9.3f}'
#   description: '? Proper motion in declination direction (pmdec)'
#   meta: !!omap
#   - {ucd: POS_EQ_PMDEC}
#   - {width: 9}
#   - {precision: '3'}
#   - values: {'null': .nan}
# - name: e_pmRA
#   unit: mas / yr
#   datatype: float32
#   format: '{:6.3f}'
#   description: '? Standard error of proper motion in right ascension direction (pmra_error)'
#   meta: !!omap
#   - {ucd: ERROR}
#   - {width: 6}
#   - {precision: '3'}
#   - values: {'null': .nan}
# - name: e_pmDE
[...]
#         value: !astropy.table.SerializedColumn {name: SkyCoord.dec}
#       distance: !astropy.table.SerializedColumn
#         __class__: astropy.coordinates.distances.Distance
#         unit: !astropy.units.Unit {unit: pc}
#         value: !astropy.table.SerializedColumn {name: SkyCoord.distance}
#       frame: icrs
#       obstime: !astropy.time.Time {format: jyear_str, in_subfmt: '*', jd1: 367701545.0, jd2: 0.0, out_subfmt: '*', precision: 3, scale: tt}
#       pm_dec: !astropy.table.SerializedColumn
#         __class__: astropy.units.quantity.Quantity
#         unit: !astropy.units.Unit {unit: mas / yr}
#         value: !astropy.table.SerializedColumn {name: SkyCoord.pm_dec}
#       pm_ra_cosdec: !astropy.table.SerializedColumn
#         __class__: astropy.units.quantity.Quantity
#         unit: !astropy.units.Unit {unit: mas / yr}
#         value: !astropy.table.SerializedColumn {name: SkyCoord.pm_ra_cosdec}
#       ra: !astropy.table.SerializedColumn
#         __class__: astropy.coordinates.angles.Longitude
#         unit: *id001
#         value: !astropy.table.SerializedColumn {name: SkyCoord.ra}
#         wrap_angle: !astropy.coordinates.Angle
#           unit: *id001
#           value: 360.0
#       representation_type: spherical
# schema: astropy-2.0
RA_ICRS_1 DE_ICRS_1 e_RA_ICRS e_DE_ICRS _r_1 HIP TYC2 Source rgeo Plx e_Plx pmRA pmDE e_pmRA e_pmDE RUWE Teff logg Gmag BP-RP BPmag RPmag RV e_RV b_rgeo B_rgeo FG e_FG FBP e_FBP FRP e_FRP RAVE5 RAVE6 e_Gmag e_BPmag e_RPmag e_BP-RP SkyCoord.ra SkyCoord.dec SkyCoord.distance SkyCoord.pm_ra_cosdec SkyCoord.pm_dec rmRA rmDE e_rmRA e_rmDE rRV e_rRV v_pec v_pec3d e_vpec e_vpec3d
[from data line 2670]
267.8476404115 -30.18112740093 0.0601 0.047 9.4361 "" "" 4056367328583623296 2554.34863 0.4 0.0693 -1.215 -3.142 0.075 0.048 1.129 4894.9 4.3232 16.74921 1.450979 17.240425 15.789446 "" "" 2158.54443 3153.78809 3760.64832 3.1227 1734.8 13.279 3831.6 55.173 "" "" 0.00289906698581495 0.00876662 0.016084353 0.024850972 267.8476404115 -30.18112740093 2554.34863 -1.215000000000001 -3.1420000000000017 -1.1197499969601632 -1.8083750410079955 0.16143435 0.13443434 "" "" 25.75269639501408 "" 3.6679821137272266 ""
267.91499429818 -30.11717843515 0.0745 0.0581 13.8311 "" "" 4056369119620532480 2646.26294 0.4415 0.0836 -1.457 0.213 0.093 0.058 1.408 4901.2 4.3802 16.749935 1.502323 17.387686 15.885363 "" "" 2158.84375 3852.82227 3758.14069 3.1591 1514.8 16.332 3507.6 42.94 "" "" 0.002902543578879276 0.012033926 0.013818449 0.025852375 267.91499429818 -30.11717843515 2646.26294 -1.4569999999999999 0.21300000000000005 -1.3617499969601632 1.5466249589920045 0.17943434 0.14443433 "" "" 25.847728977017365 "" 4.15267145870474 ""
267.56521523951 -30.42486623578 0.0647 0.0508 14.3428 "" "" 4055982778704787840 2555.86914 0.4239 0.0888 -2.786 -2.957 0.081 0.051 1.061 4825.9 4.6819 16.750507 1.487937 17.340254 15.852317 "" "" 2119.37964 3385.44287 3756.15904 2.5 1582.4 14.788 3616.0 29.579 "" "" 0.0028485073289596396 0.010523169 0.009652059 0.020175228 267.56521523951 -30.42486623578 2555.86914 -2.7859999999999983 -2.957 -2.690749996960163 -1.6233750410079955 0.16743433 0.13743433 "" "" 38.07115988626879 "" 6.090619539024917 ""
267.87534556361 -30.04929083302 0.0671 0.0518 14.1832 "" "" 4056370833272074624 2362.36646 0.4347 0.0686 -1.741 -1.116 0.082 0.05 1.0 4768.7 4.3141 16.751022 1.597109 17.518782 15.921673 "" "" 2043.3866 2800.33887 3754.37622 2.5638 1342.5 14.606 3392.3 53.981 "" "" 0.002853332982087423 0.01213754 0.017685646 0.029823186 267.87534556361 -30.04929083302 2362.36646 -1.7409999999999992 -1.116 -1.6457499969601632 0.2176249589920043 0.16843435 0.13643435 "" "" 18.58889982409207 "" 3.1217439747438185 ""
267.50578446695 -30.20540496064 0.0602 0.0459 8.3825 "" "" 4056408250994440448 3065.5625 0.389 0.0739 -1.376 -6.328 0.075 0.047 1.051 4875.6 4.3097 16.75169 1.851052 17.640368 15.789315 "" "" 2406.05005 4620.57715 3752.06589 2.4364 1200.2 6.1927 3832.1 26.482 "" "" 0.0028440894618938033 0.0062584784 0.008401167 0.014659645 267.50578446695 -30.20540496064 3065.5625 -1.376 -6.328 -1.280749996960163 -4.994375041007996 0.16143435 0.13343434 "" "" 74.92030190444761 "" 10.138951985929618 ""
267.96759710904 -30.20449030897 0.0622 0.0492 15.5666 "" "" 4056364957762078336 2785.50757 0.3847 0.0719 -1.442 -3.243 0.084 0.053 1.078 5313.4 4.5214 16.754435 1.449813 17.33924 15.889426 "" "" 2349.82056 3379.24365 3742.59356 2.7189 1583.9 13.275 3494.5 58.564 "" "" 0.0028659957615594016 0.009517936 0.018584108 0.028102044 267.96759710904 -30.20449030897 2785.50757 -1.442 -3.243 -1.346749996960163 -1.9093750410079955 0.17043434 0.13943434 "" "" 30.85013547620108 "" 4.641198825352702 ""
267.94436816483 -30.22455311503 0.0552 0.0438 14.42 "" "" 4056364824651946752 2614.4292 0.3761 0.061 2.676 1.337 0.074 0.046 0.927 4978.6 4.3147 16.754648 1.397402 17.367615 15.970213 "" "" 2214.68994 3102.98926 3741.85832 2.2991 1543.0 12.745 3243.9 49.722 "" "" 0.002834928518860891 0.009392073 0.017065749 0.026457822 267.94436816483 -30.22455311503 2614.4292 2.6759999999999993 1.3370000000000006 2.771250003039837 2.670624958992004 0.16043434 0.13243434 "" "" 47.693920199517486 "" 7.04040363196161 ""
267.57186462012 -30.19530779293 0.0599 0.046 4.9744 "" "" 4056409629706068864 3198.68286 0.351 0.0722 -1.169 -0.404 0.074 0.046 0.999 "" "" 16.756102 1.75937 17.57144 15.81207 "" "" 2442.11743 3919.63818 3736.85085 2.2227 1278.9 8.0592 3752.6 8.915 "" "" 0.00282999111194949 0.007388997 0.004575682 0.011964679 267.57186462012 -30.19530779293 3198.68286 -1.169 -0.404 -1.0737499969601632 0.9296249589920044 0.16043434 0.13243434 "" "" 21.533653479190512 "" 3.210314438471955 ""
267.79341635919 -30.10481783358 0.0618 0.0507 8.7878 "" "" 4056368806056616704 2589.05884 0.3972 0.0658 -0.011 -2.669 0.083 0.052 1.074 "" "" 16.75681 "" "" "" "" "" 2228.82544 3015.24658 3734.41645 34.34 "" "" "" "" "" "" 0.010357161455120537 "" "" "" 267.79341635919 -30.10481783358 2589.05884 -0.010999999999999975 -2.668999999999998 0.08425000303983689 -1.3353750410079956 0.16943434 0.13843435 "" "" 16.42049130892032 "" 2.275403069376089 ""
267.64494940188 -30.16236254391 0.0581 0.0472 2.6857 "" "" 4056409384891215488 3309.76294 0.3179 0.0667 -1.004 -2.062 0.072 0.049 1.057 6674.2 4.3025 16.75766 1.779134 17.61496 15.835826 "" "" 2639.08252 4161.54785 3731.49434 2.3322 1228.7 7.7297 3671.4 11.377 "" "" 0.0028376528091940624 0.007378234 0.005059998 0.012438232 267.64494940188 -30.16236254391 3309.76294 -1.004 -2.0620000000000003 -0.9087499969601631 -0.7283750410079954 0.15843433 0.13543434 "" "" 18.270994973919386 "" 2.7380722868838174 ""
267.50026678084 -30.14166847083 0.0654 0.0508 9.4113 "" "" 4056411725710480512 2564.81006 0.4288 0.0747 -0.629 -0.444 0.079 0.052 1.089 5732.2 4.4016 16.757992 1.638513 17.403517 15.765004 "" "" 2089.87134 3061.2832 3730.35391 3.0976 1492.8 9.1441 3918.8 24.439 "" "" 0.0028990719955779274 0.0072122193 0.0077543887 0.014966608 267.50026678084 -30.14166847083 2564.81006 -0.6289999999999994 -0.44399999999999973 -0.5337499969601631 0.8896249589920044 0.16543435 0.13843435 "" "" 12.612598865362816 "" 1.8422895947410869 ""
267.76760644917 -30.11410797554 0.094 0.075 7.4345 "" "" 4056415642721627392 2960.18433 0.3906 0.0989 -0.052 -2.821 0.116 0.074 1.445 4579.8 2.7222 16.758818 3.710538 19.046581 15.336043 "" "" 2297.54517 4460.94727 3727.51554 3.7128 328.69 12.049 5817.6 54.07 "" "" 0.002959953252907249 0.039898206 0.010775584 0.05067379 267.76760644917 -30.11410797554 2960.18433 -0.05199999999999997 -2.821 0.043250003039836886 -1.4873750410079958 0.20243433 0.16043434 "" "" 20.878587519836987 "" 3.350480002625884 ""
267.74470249479 -30.01615218929 0.0725 0.057 11.8898 "" "" 4056418425861354368 2240.51025 0.4927 0.0791 1.739 -5.491 0.089 0.056 1.274 8500.9 4.2328 16.75895 1.661122 17.476425 15.815303 "" "" 1851.26672 3188.17407 3727.06463 5.6534 1395.9 7.0491 3741.4 23.713 "" "" 0.0032099948824473364 0.006151936 0.007850946 0.014002882 267.74470249479 -30.01615218929 2240.51025 1.7389999999999999 -5.491 1.834250003039837 -4.157375041007995 0.17543435 0.14243434 "" "" 48.2577200527357 "" 7.157248501627272 ""
267.66795858092 -30.19441243051 0.0613 0.0521 0.4977 "" "" 4056409075628231936 2748.36548 0.3726 0.0724 -0.168 -1.517 0.077 0.052 1.007 5538.6 4.667 16.762827 1.518549 17.418856 15.900307 "" "" 2321.65649 3339.66577 3713.78021 2.7745 1471.9 18.746 3459.7 95.95 "" "" 0.002872234046426521 0.014106538 0.030347647 0.044454187 267.66795858092 -30.19441243051 2748.36548 -0.16799999999999998 -1.517 -0.07274999696016313 -0.1833750410079955 0.16343434 0.13843435 "" "" 2.570002128786603 "" 0.3651785977476147 ""
267.71867455462 -30.2024741706 0.0803 0.0625 2.6585 "" "" 4056362140225573760 3073.50073 0.3889 0.0886 -0.301 -1.337 0.08 0.056 1.141 5400.1 4.6835 16.76284 1.457196 17.39917 15.941974 "" "" 2285.62134 4712.16895 3713.7353 2.817 1498.8 13.351 3329.4 34.279 "" "" 0.0028757704906228637 0.010065943 0.011800181 0.021866124 267.71867455462 -30.2024741706 3073.50073 -0.30099999999999977 -1.337 -0.2057499969601631 -0.0033750410079955717 0.16643435 0.14243434 "" "" 2.9978501567609075 "" 0.49892727574192564 ""
267.44096333091 -30.28277057621 0.1029 0.0827 12.6828 "" "" 4056032355472876416 2995.16016 0.4204 0.1398 -0.498 -1.657 0.117 0.081 1.493 "" "" 16.763973 1.481479 17.341965 15.860486 "" "" 2007.50684 4843.24561 3709.8563 4.0642 1579.9 2.9683 3588.9 198.54 "" "" 0.0030010923216230593 0.0034563157 0.06018233 0.06363864 267.44096333091 -30.28277057621 2995.16016 -0.49800000000000033 -1.657 -0.4027499969601631 -0.32337504100799563 0.20343435 0.16743433 "" "" 7.332873510135123 "" 1.3942515694089266 ""
267.9616894946 -30.11657458558 0.0603 0.0473 16.1174 "" "" 4056366503912975104 2894.35303 0.3407 0.0649 2.788 2.26 0.078 0.047 1.022 4823.1 4.2248 16.764385 1.774202 17.60999 15.835787 "" "" 2459.3147 3503.23145 3708.4551 2.3815 1234.3 11.003 3671.5 25.851 "" "" 0.0028421703112277296 0.010072798 0.008527868 0.018600665 267.9616894946 -30.11657458558 2894.35303 2.788 2.26 2.8832500030398367 3.593624958992004 0.16443434 0.13343434 "" "" 63.20870968132089 "" 9.251164504946852 ""
267.94842444593 -30.14895951131 0.0846 0.0661 14.9284 "" "" 4056366022884957952 2830.396 0.3578 0.0978 -4.881 -2.347 0.107 0.067 1.114 4747.7 3.2498 16.76456 3.08748 18.431555 15.344074 "" "" 2380.70801 3560.2605 3707.85239 7.0906 579.16 15.656 5774.7 52.43 "" "" 0.003450029949473711 0.029482223 0.010557348 0.04003957 267.94842444593 -30.14895951131 2830.396 -4.881000000000002 -2.3469999999999995 -4.785749996960163 -1.0133750410079956 0.19343434 0.15343434 "" "" 65.62962239077373 "" 12.593610419389547 ""
267.92455893361 -30.19216678295 0.057 0.0451 13.3502 "" "" 4056365649220438016 3108.7749 0.3043 0.0625 -0.857 -8.497 0.077 0.048 0.928 5123.9 3.5769 16.764696 2.405834 17.995602 15.589767 "" "" 2566.58252 3686.76636 3707.39343 3.1804 865.32 15.707 4605.2 59.28 "" "" 0.0029084875539303855 0.019904451 0.014478026 0.034382477 267.92455893361 -30.19216678295 3108.7749 -0.8569999999999994 -8.497 -0.7617499969601631 -7.1633750410079955 0.16343434 0.13443434 "" "" 106.15172358329362 "" 14.308520630937025 ""
267.77042983578 -30.41417856577 0.0934 0.0734 13.7655 "" "" 4056354478112832512 3212.22656 0.4934 0.108 0.43 -0.238 0.12 0.075 1.895 9963.7 3.8979 16.765167 1.67927 17.245247 15.565977 "" "" 1884.79797 5852.65967 3705.78496 5.0496 1727.1 31.223 4707.3 155.41 "" "" 0.003127390223236906 0.019825565 0.03604392 0.055869482 267.77042983578 -30.41417856577 3212.22656 0.42999999999999966 -0.23800000000000004 0.5252500030398368 1.0956249589920044 0.20643434 0.16143435 "" "" 18.499888727102633 "" 3.158808107220139 ""
267.7014774465 -30.22882029562 0.0703 0.0556 2.3617 "" "" 4056361796688014720 2973.66895 0.4235 0.0731 1.873 0.43 0.08 0.056 1.046 5240.7 4.6287 16.7654 1.466893 17.380646 15.913753 "" "" 2226.47021 3958.23071 3704.98988 2.7724 1524.6 22.807 3417.1 53.443 "" "" 0.0028726040132476577 0.016479807 0.017396275 0.033876084 267.7014774465 -30.22882029562 2973.66895 1.873 0.42999999999999977 1.9682500030398369 1.7636249589920043 0.16643435 0.14243434 "" "" 37.250741587677666 "" 5.818657406404354 ""
267.45964817207 -30.07437548312 0.0582 0.0456 13.2474 "" "" 4056426053724391552 2646.17261 0.3868 0.068 -0.49 -1.593 0.072 0.046 1.001 7131.3 4.3209 16.765965 1.519567 17.462454 15.942886 "" "" 2288.26294 3190.03418 3703.05925 2.3153 1414.0 5.6869 3326.6 11.475 "" "" 0.002837713964745137 0.0051819747 0.0053207465 0.010502721 267.45964817207 -30.07437548312 2646.17261 -0.49 -1.593 -0.3947499969601631 -0.2593750410079956 0.15843433 0.13243434 "" "" 5.924465698327655 "" 0.8949862704207302 ""
267.59526549425 -30.38942449446 0.0652 0.0484 11.8107 "" "" 4056358227580530432 3346.3894 0.3123 0.0845 -2.448 -7.588 0.079 0.048 1.059 5461.1 4.6348 16.767464 1.471293 17.388788 15.917495 "" "" 2642.9624 4510.44873 3697.95303 3.0097 1513.2 11.535 3405.3 30.3 "" "" 0.0028935527956948683 0.008734137 0.010373723 0.01910786 267.59526549425 -30.38942449446 3346.3894 -2.448 -7.587999999999999 -2.352749996960163 -6.254375041007996 0.16543435 0.13443434 "" "" 105.99329336644912 "" 14.696411247045011 ""
267.59910536029 -30.41159749716 0.0673 0.0494 13.024 "" "" 4055982843073369600 2774.05615 0.3654 0.0855 -8.107 -7.077 0.082 0.051 1.059 8307.1 3.8576 16.767712 3.228499 18.67215 15.44365 "" "" 2250.35522 3548.12231 3697.11012 2.6713 464.04 9.0197 5268.6 27.34 "" "" 0.0028648221449702545 0.021287462 0.006784339 0.0280718 267.59910536029 -30.41159749716 2774.05615 -8.106999999999998 -7.077000000000002 -8.011749996960162 -5.743375041007996 0.16843435 0.13743433 "" "" 129.61931887984338 "" 20.556594903839 ""
267.82775393464 -30.41997278857 0.0611 0.0462 15.4576 "" "" 4056343968213197568 2355.22217 0.4221 0.07 -1.909 -4.038 0.078 0.048 0.925 5309.4 4.696 16.769398 1.38738 17.32889 15.94151 "" "" 2019.41467 2895.7749 3691.36844 2.7008 1599.0 13.613 3330.8 31.095 "" "" 0.0028675480711776212 0.009655293 0.010817674 0.020472966 267.82775393464 -30.41997278857 2355.22217 -1.909 -4.038 -1.8137499969601631 -2.704375041007996 0.16443434 0.13443434 "" "" 36.3522612873123 "" 5.249638715365969 ""
267.70321220716 -30.11751565243 0.0732 0.0614 5.4378 "" "" 4056415535267753472 2990.95264 0.3304 0.083 4.321 -9.335 0.094 0.062 1.199 6054.0 3.3292 16.769428 3.792596 19.090279 15.297683 "" "" 2405.29297 3642.46387 3691.26851 5.5131 315.72 7.6779 6026.8 21.651 "" "" 0.0031970901976858465 0.026550705 0.005431141 0.031981844 267.70321220716 -30.11751565243 2990.95264 4.321 -9.335000000000008 4.416250003039837 -8.001375041007996 0.18043435 0.14843434 "" "" 129.56771902892564 "" 20.276447745291215 ""
267.59252666719 -30.02324007195 0.0618 0.0494 11.4472 "" "" 4056420590555102080 2348.37329 0.4321 0.0692 0.256 -2.065 0.078 0.051 1.096 "" "" 16.771044 1.916363 17.390005 15.473642 "" "" 2042.27808 2896.17358 3685.77801 3.6943 1511.5 24.036 5125.1 458.29 "" "" 0.0029624432176183083 0.017489465 0.097160816 0.11465028 267.59252666719 -30.02324007195 2348.37329 0.256 -2.065 0.3512500030398369 -0.7313750410079956 0.16443434 0.13743433 "" "" 9.03135239326682 "" 1.2904333761808617 ""
267.42827822599 -30.23400650705 0.1123 0.0863 12.5396 "" "" 4056410935436398464 2680.51733 0.5352 0.1487 3.222 5.678 0.131 0.091 1.989 4398.9 4.1596 16.771376 2.008813 17.669441 15.660628 "" "" 1899.0542 3979.36987 3684.65188 12.163 1168.5 6.4647 4314.3 17.981 "" "" 0.004520716438481175 0.0066232034 0.0058957804 0.012518983 267.42827822599 -30.23400650705 2680.51733 3.2220000000000004 5.677999999999999 3.317250003039837 7.011624958992004 0.21743435 0.17743434 "" "" 98.55445390731558 "" 18.271607473353132 ""
267.62191865528 -30.24651898241 0.0719 0.0568 3.5321 "" "" 4056408457212521728 2524.71191 0.3902 0.0809 -0.624 -0.287 0.094 0.061 1.0 "" "" 16.771402 "" "" "" "" "" 2095.85596 3026.02344 3684.56277 5.8085 "" "" "" "" "" "" 0.0032436652645965527 "" "" "" 267.62191865528 -30.24651898241 2524.71191 -0.624 -0.287 -0.5287499969601631 1.0466249589920045 0.18043435 0.14743434 "" "" 14.03271086781777 "" 2.171075330964568 ""
267.85269846082 -30.34984690779 0.0664 0.0518 13.0435 "" "" 4056356436507827712 2516.05518 0.393 0.0746 1.143 -2.412 0.086 0.053 1.185 4762.1 3.4493 16.771904 2.955528 18.461277 15.505749 "" "" 2080.12476 3124.45972 3682.86248 2.6401 563.52 8.5764 4975.7 14.991 "" "" 0.002863140610332323 0.016758092 0.0049984157 0.021756507 267.85269846082 -30.34984690779 2516.05518 1.1429999999999998 -2.412 1.238250003039837 -1.0783750410079955 0.17243434 0.13943434 "" "" 19.582628968114886 "" 3.1144785330705687 ""
267.52282746166 -30.32746246173 0.0984 0.0767 10.5914 "" "" 4056406331230844160 3243.90723 0.4311 0.1225 -6.158 -11.374 0.118 0.078 1.405 "" "" 16.772486 "" "" "" "" "" 2262.78662 4776.30029 3680.88596 5.8209 "" "" "" "" "" "" 0.003246500698448756 "" "" "" 267.52282746166 -30.32746246173 3243.90723 -6.157999999999998 -11.374000000000002 -6.0627499969601635 -10.040375041007996 0.20443434 0.16443434 "" "" 180.34430404122813 "" 31.743181745914157 ""
