Clusters/NGC_6451/NGC_6451_members.tsv
# %ECSV 1.0
# ---
# datatype:
# - name: RA_ICRS_1
#   unit: deg
#   datatype: float64
#   format: '{:15.11f}'
#   description: Right ascension (ICRS) at Ep=2016.0 (ra)
#   meta: !!omap
#   - {ucd: POS_EQ_RA_MAIN}
#   - {width: 15}
#   - {precision: '11'}
# - name: DE_ICRS_1
#   unit: deg
#   datatype: float64
#   format: '{:15.11f}'
#   description: Declination (ICRS) at Ep=2016.0 (dec)
#   meta: !!omap
#   - {ucd: POS_EQ_DEC_MAIN}
#   - {width: 15}
#   - {precision: '11'}
# - name: e_RA_ICRS
#   unit: mas
#   datatype: float64
#   format: '{:7.4f}'
#   description: Standard error of right ascension (ra_error)
#   meta: !!omap
#   - {ucd: ERROR}
#   - {width: 7}
#   - {precision: '4'}
# - name: e_DE_ICRS
#   unit: mas
#   datatype: float64
#   format: '{:7.4f}'
#   description: Standard error of declination (dec_error)
#   meta: !!omap
#   - {ucd: ERROR}
#   - {width: 7}
#   - {precision: '4'}
# - name: _r_1
#   unit: ''
#   datatype: float64
#   format: '{:7.4f}'
#   description: Distance from center (267.66740796000-30.20269458000)[ICRS], at Epoch=J2016.0
#   meta: !!omap
#   - {ucd: POS_ANG_DIST_GENERAL}
#   - {width: 7}
#   - {precision: '4'}
# - name: HIP
#   datatype: int32
#   description: '? HIP cross-id number, van Leeuwen, Cat. I/311 (hip_original_ext_source_id)'
#   meta: !!omap
#   - {ucd: ID_NUMBER}
#   - {width: 6}
#   - values: {'null': -2147483648}
# - name: TYC2
#   datatype: string
#   description: Tycho-2 cross-id name, Hog et al., Cat. I/259 (tyc2_original_ext_source_id)
#   meta: !!omap
#   - {ucd: ID_CROSSID}
#   - {_votable_string_dtype: char}
# - name: Source
#   datatype: int64
#   description: Source identifier, identical to the Gaia-EDR3 source_id (id)
#   meta: !!omap
#   - {ucd: ID_MAIN}
#   - {width: 19}
# - name: rgeo
#   unit: pc
#   datatype: float64
#   format: '{:15.8f}'
#   description: '? Median of the geometric distance posterior (r_med_geo)'
#   meta: !!omap
#   - {ucd: PHYS_DISTANCE_TRUE}
#   - {width: 15}
#   - {precision: '8'}
#   - values: {'null': .nan}
# - name: Plx
#   unit: mas
#   datatype: float64
#   format: '{:9.4f}'
#   description: '? Parallax (parallax)'
#   meta: !!omap
#   - {ucd: POS_PARLX_TRIG}
#   - {width: 9}
#   - {precision: '4'}
#   - values: {'null': .nan}
# - name: e_Plx
#   unit: mas
#   datatype: float32
#   format: '{:7.4f}'
#   description: '? Standard error of parallax (parallax_error)'
#   meta: !!omap
#   - {ucd: ERROR}
#   - {width: 7}
#   - {precision: '4'}
#   - values: {'null': .nan}
# - name: pmRA
#   unit: mas / yr
#   datatype: float64
#   format: '{:9.3f}'
#   description: '? Proper motion in right ascension direction, pmRA*cosDE (pmra)'
#   meta: !!omap
#   - {ucd: POS_EQ_PMRA}
#   - {width: 9}
#   - {precision: '3'}
#   - values: {'null': .nan}
# - name: pmDE
#   unit: mas / yr
#   datatype: float64
#   format: '{:9.3f}'
#   description: '? Proper motion in declination direction (pmdec)'
#   meta: !!omap
#   - {ucd: POS_EQ_PMDEC}
#   - {width: 9}
#   - {precision: '3'}
#   - values: {'null': .nan}
# - name: e_pmRA
#   unit: mas / yr
#   datatype: float32
#   format: '{:6.3f}'
#   description: '? Standard error of proper motion in right ascension direction (pmra_error)'
#   meta: !!omap
#   - {ucd: ERROR}
#   - {width: 6}
#   - {precision: '3'}
#   - values: {'null': .nan}
# - name: e_pmDE
[...]
#         unit: &id001 !astropy.units.Unit {unit: deg}
#         value: !astropy.table.SerializedColumn {name: SkyCoord.dec}
#       distance: !astropy.table.SerializedColumn
#         __class__: astropy.coordinates.distances.Distance
#         unit: !astropy.units.Unit {unit: pc}
#         value: !astropy.table.SerializedColumn {name: SkyCoord.distance}
#       frame: icrs
#       obstime: !astropy.time.Time {format: jyear_str, in_subfmt: '*', jd1: 367701545.0, jd2: 0.0, out_subfmt: '*', precision: 3, scale: tt}
#       pm_dec: !astropy.table.SerializedColumn
#         __class__: astropy.units.quantity.Quantity
#         unit: !astropy.units.Unit {unit: mas / yr}
#         value: !astropy.table.SerializedColumn {name: SkyCoord.pm_dec}
#       pm_ra_cosdec: !astropy.table.SerializedColumn
#         __class__: astropy.units.quantity.Quantity
#         unit: !astropy.units.Unit {unit: mas / yr}
#         value: !astropy.table.SerializedColumn {name: SkyCoord.pm_ra_cosdec}
#       ra: !astropy.table.SerializedColumn
#         __class__: astropy.coordinates.angles.Longitude
#         unit: *id001
#         value: !astropy.table.SerializedColumn {name: SkyCoord.ra}
#         wrap_angle: !astropy.coordinates.Angle
#           unit: *id001
#           value: 360.0
#       representation_type: spherical
# schema: astropy-2.0
RA_ICRS_1 DE_ICRS_1 e_RA_ICRS e_DE_ICRS _r_1 HIP TYC2 Source rgeo Plx e_Plx pmRA pmDE e_pmRA e_pmDE RUWE Teff logg Gmag BP-RP BPmag RPmag RV e_RV b_rgeo B_rgeo FG e_FG FBP e_FBP FRP e_FRP RAVE5 RAVE6 e_Gmag e_BPmag e_RPmag e_BP-RP SkyCoord.ra SkyCoord.dec SkyCoord.distance SkyCoord.pm_ra_cosdec SkyCoord.pm_dec Pmemb
267.7196920227 -30.29439303901 0.0146 0.0109 6.1331 "" "" 4056360490961127680 2653.26782 0.3547 0.0165 -0.154 -1.311 0.018 0.011 0.838 10958.8 3.4013 12.399913 0.848599 12.718043 11.869444 "" "" 2547.36841 2784.90576 206529.26662 60.369 111740.0 199.28 141700.0 155.29 "" "" 0.002773537247280992 0.0033962363 0.00396226 0.0073584965 267.7196920227 -30.29439303901 2653.26782 -0.154 -1.311 0.8
267.69007620888 -30.24538491067 0.017 0.0125 2.8182 "" "" 4056361418674061568 2532.64893 0.3806 0.0189 -0.175 -1.314 0.019 0.012 0.762 10458.4 3.3456 12.549663 1.069939 12.984539 11.9146 "" "" 2415.03394 2656.1145 179920.98809 46.906 87418.0 78.716 135930.0 117.23 "" "" 0.0027698212129744 0.002956495 0.0038936508 0.0068501458 267.69007620888 -30.24538491067 2532.64893 -0.17500000000000002 -1.3140000000000003 0.8
267.64457501573 -30.22370379051 0.0177 0.014 1.7293 "" "" 4056408594599803008 2438.13916 0.3841 0.0186 -0.263 -1.392 0.022 0.014 0.808 "" "" 12.684376 0.866547 13.022424 12.155877 "" "" 2344.88916 2568.05347 158926.52135 33.044 84420.0 109.64 108840.0 116.68 "" "" 0.0027645525437044426 0.0031262457 0.0039545535 0.007080799 267.64457501573 -30.22370379051 2438.13916 -0.263 -1.392 0.8
267.61506765684 -30.21828142306 0.0203 0.0156 2.8705 "" "" 4056408766393530112 2557.46777 0.3599 0.0222 0.015 -1.37 0.026 0.016 0.958 "" "" 12.976938 1.018822 13.388788 12.369967 "" "" 2419.04224 2701.71997 121386.78707 30.461 60242.0 41.75 89366.0 74.861 "" "" 0.0027687581879094754 0.0028898509 0.0038872787 0.0067771296 267.61506765684 -30.21828142306 2557.46777 0.015 -1.3700000000000003 0.9
267.66805331148 -30.14951729178 0.0168 0.0131 3.1908 "" "" 4056409487945474176 2609.32031 0.3471 0.0196 -0.252 -1.287 0.021 0.014 0.995 "" "" 13.032918 0.931039 13.402249 12.47121 "" "" 2481.3833 2767.54736 115286.83376 151.87 59500.0 289.96 81409.0 291.96 "" "" 0.003104423934460778 0.005981698 0.005426372 0.01140807 267.66805331148 -30.14951729178 2609.32031 -0.252 -1.287 0.8
267.706301547 -30.14879817479 0.0174 0.014 3.8115 "" "" 4056415127325590912 2784.06372 0.3174 0.0191 -0.044 -1.09 0.022 0.014 0.798 "" "" 13.137418 0.831844 13.456925 12.625081 "" "" 2636.8313 2965.69482 104707.96025 26.38 56578.0 52.535 70652.0 53.294 "" "" 0.0027688649364832714 0.002966718 0.003867101 0.0068338187 267.706301547 -30.14879817479 2784.06372 -0.044 -1.0899999999999999 0.9
267.67613249791 -30.18882000155 0.0178 0.0143 0.9475 "" "" 4056409109990910592 2798.37012 0.316 0.0195 -0.175 -1.419 0.022 0.015 0.848 9866.4 3.2349 13.254564 0.853673 13.573287 12.719614 "" "" 2664.85156 2977.62402 93998.53409 33.387 50828.0 182.28 64761.0 156.61 "" "" 0.002782176597621956 0.004790177 0.004601908 0.009392085 267.67613249791 -30.18882000155 2798.37012 -0.175 -1.4189999999999998 0.8
267.67403871917 -30.22759647594 0.0192 0.0146 1.5332 "" "" 4056361697914510336 2452.30664 0.368 0.0208 -0.143 -1.3 0.024 0.016 0.792 "" "" 13.275812 0.999633 13.67576 12.676127 "" "" 2352.85498 2586.83057 92176.8282 53.455 46250.0 115.34 67407.0 177.92 "" "" 0.0028263462892499365 0.0038879837 0.0047430443 0.008631028 267.67403871917 -30.22759647594 2452.30664 -0.14299999999999996 -1.3 0.9
267.70057094077 -30.03760080187 0.0174 0.0135 10.054 "" "" 4056417017111447296 2603.59033 0.343 0.0199 -0.25 -1.318 0.022 0.014 0.814 "" "" 13.317431 0.862753 13.656219 12.793466 "" "" 2478.04077 2732.29175 88710.4303 16.573 47090.0 30.361 60502.0 25.537 "" "" 0.0027627763087258433 0.0028766438 0.0038070646 0.006683708 267.70057094077 -30.03760080187 2603.59033 -0.25 -1.3179999999999998 0.8
267.62311340758 -30.23353077012 0.0185 0.0145 2.9491 "" "" 4056408530254126208 2803.53809 0.3201 0.0204 -0.073 -1.301 0.023 0.015 1.03 12832.2 3.8427 13.41645 0.921125 13.757873 12.836747 "" "" 2668.34351 2979.27661 80978.00158 22.593 42881.0 45.983 58138.0 297.44 "" "" 0.0027719219474499263 0.003023341 0.006718545 0.0097418865 267.62311340758 -30.23353077012 2803.53809 -0.07300000000000001 -1.3010000000000002 0.8
267.74141513268 -30.26701763107 0.0178 0.0131 5.4418 "" "" 4056360907640117120 2648.3728 0.3371 0.0203 -0.057 -1.363 0.022 0.013 0.929 11487.0 3.8223 13.451392 0.839215 13.774465 12.935249 "" "" 2519.10522 2771.00317 78413.36055 18.936 42231.0 36.509 53096.0 44.269 "" "" 0.0027677671550453077 0.0029438187 0.003886281 0.0068301 267.74141513268 -30.26701763107 2648.3728 -0.056999999999999995 -1.3629999999999995 0.9
267.62947361461 -30.27255909711 0.0199 0.0152 4.6302 "" "" 4056360048647038848 2671.98389 0.3413 0.0218 -0.147 -1.281 0.023 0.015 0.922 "" "" 13.576368 0.931726 13.94589 13.014164 "" "" 2520.79517 2831.56494 69887.46701 16.23 36063.0 39.841 49373.0 40.559 "" "" 0.002766832937660369 0.0030370709 0.0038831988 0.0069202697 267.62947361461 -30.27255909711 2671.98389 -0.147 -1.2809999999999997 0.8
267.60579626968 -30.23833732923 0.0197 0.0154 3.8441 "" "" 4056407052785421312 2533.08887 0.3577 0.0216 -0.028 -1.207 0.025 0.016 0.87 "" "" 13.648453 1.156373 14.134413 12.97804 "" "" 2387.91357 2664.72876 65398.20543 12.253 30315.0 22.468 51044.0 33.186 "" "" 0.0027628192995803325 0.0029038908 0.0038447368 0.006748628 267.60579626968 -30.23833732923 2533.08887 -0.027999999999999997 -1.2069999999999999 0.8
267.7812813036 -30.17141703369 0.0202 0.0155 6.1968 "" "" 4056368015741104640 2979.54224 0.3004 0.0229 -0.152 -1.412 0.023 0.015 0.801 10847.6 3.4583 13.696029 1.00452 14.097079 13.092559 "" "" 2764.07495 3203.83447 62594.36287 15.669 31375.0 27.974 45934.0 75.035 "" "" 0.002768692497792259 0.00295333 0.004174848 0.007128178 267.7812813036 -30.17141703369 2979.54224 -0.152 -1.412 0.8
267.75712787368 -30.25532620682 0.0174 0.0135 5.6219 "" "" 4056361045079063424 2824.21851 0.3154 0.0198 -0.069 -1.405 0.021 0.013 0.918 "" "" 13.72713 0.917958 14.090446 13.172488 "" "" 2675.06958 3007.53369 60826.76812 19.686 31567.0 45.803 42674.0 55.427 "" "" 0.002777636224914185 0.003204195 0.004033907 0.007238102 267.75712787368 -30.25532620682 2824.21851 -0.06900000000000003 -1.4050000000000002 0.9
267.5780913058 -30.11386207966 0.0184 0.0144 7.0625 "" "" 4056413404956022272 2801.3772 0.3204 0.0217 -0.141 -1.374 0.023 0.015 0.894 10576.4 3.6693 13.755548 0.936021 14.117828 13.181807 "" "" 2591.69507 3088.2854 59255.29655 11.734 30781.0 66.217 42309.0 72.637 "" "" 0.002763695970569384 0.003638735 0.0042140572 0.007852793 267.5780913058 -30.11386207966 2801.3772 -0.14100000000000001 -1.374 1.0
267.60200451357 -30.21608750122 0.0211 0.0174 3.4852 "" "" 4056408800750165760 2448.80054 0.3696 0.0226 -0.109 -1.347 0.028 0.018 0.963 "" "" 13.761115 1.139491 14.227782 13.088291 "" "" 2330.61914 2578.30688 58952.30153 12.59 27817.0 48.746 46115.0 49.223 "" "" 0.0027650595413236984 0.0033771328 0.003953075 0.007330208 267.60200451357 -30.21608750122 2448.80054 -0.10899999999999999 -1.347 0.8
267.62538220181 -30.1747443609 0.0196 0.0147 2.7501 "" "" 4056408976930939136 2612.37012 0.3487 0.0225 -0.095 -1.398 0.024 0.015 0.808 8373.0 3.0908 13.766118 0.918324 14.129252 13.210928 "" "" 2481.4895 2760.2981 58681.26826 11.367 30459.0 25.102 41190.0 41.996 "" "" 0.0027633352827728533 0.0029301334 0.003938164 0.0068682972 267.62538220181 -30.1747443609 2612.37012 -0.095 -1.398 0.9
267.51613056841 -30.13279584301 0.0193 0.0144 8.8977 "" "" 4056413134459742336 2583.66895 0.3521 0.0229 -0.177 -1.431 0.024 0.015 0.917 "" "" 13.792689 0.953173 14.174408 13.221235 "" "" 2460.24072 2752.65845 57262.58681 13.606 29218.0 23.371 40800.0 34.195 "" "" 0.002767371026247312 0.0029222039 0.003887386 0.00680959 267.51613056841 -30.13279584301 2583.66895 -0.17699999999999996 -1.4309999999999996 0.8
267.63164523009 -30.19513200717 0.0203 0.0163 1.9093 "" "" 4056408903863311104 2943.92725 0.3041 0.0235 -0.125 -1.385 0.026 0.017 0.834 11102.0 3.7816 13.812147 0.908131 14.170221 13.262091 "" "" 2765.15649 3118.02612 56245.49619 15.11 29331.0 30.455 39294.0 49.772 "" "" 0.0027707155071787937 0.0030093105 0.004021822 0.0070311325 267.63164523009 -30.19513200717 2943.92725 -0.12500000000000003 -1.385 0.8
267.62238773539 -30.13806719354 0.0203 0.0156 4.5266 "" "" 4056410213881651456 2833.24414 0.3147 0.024 -0.087 -1.325 0.025 0.016 0.877 "" "" 13.930771 0.953472 14.311034 13.357562 "" "" 2651.00244 3097.34229 50424.10669 14.155 25763.0 23.757 35986.0 34.728 "" "" 0.0027721263162757636 0.0029643623 0.003921935 0.006886297 267.62238773539 -30.13806719354 2833.24414 -0.08699999999999998 -1.3249999999999997 0.9
267.69717717368 -30.18844366194 0.0213 0.0171 1.7648 "" "" 4056409148729365504 2778.29199 0.3283 0.0247 -0.079 -1.472 0.027 0.018 0.938 "" "" 13.942018 0.920279 14.284468 13.364189 "" "" 2604.62817 3003.23389 49904.44022 31.745 26402.0 44.629 35767.0 123.32 "" "" 0.0028405619422996156 0.0033396613 0.0053195255 0.008659187 267.69717717368 -30.18844366194 2778.29199 -0.07900000000000001 -1.4719999999999995 0.8
267.56613514385 -30.22976183008 0.0206 0.016 5.4962 "" "" 4056408049217985792 2732.29785 0.325 0.0241 -0.008 -1.269 0.025 0.016 0.937 11105.2 3.8406 14.081863 1.175282 14.579553 13.404271 "" "" 2570.65723 2929.80493 43873.39434 11.998 20119.0 18.538 34471.0 19.775 "" "" 0.002771271881251046 0.0029640987 0.0038303623 0.006794461 267.56613514385 -30.22976183008 2732.29785 -0.008000000000000007 -1.2690000000000001 0.9
267.65614474013 -30.23793821141 0.0218 0.0171 2.1938 "" "" 4056361663554785536 2846.98975 0.3169 0.0244 0.06 -1.351 0.027 0.018 0.891 9471.7 3.8205 14.144742 0.962106 14.532105 13.57 "" "" 2626.88599 3080.64551 41404.73322 9.1776 21017.0 16.811 29591.0 33.984 "" "" 0.0027658102806751763 0.0029222015 0.0039797663 0.006901968 267.65614474013 -30.23793821141 2846.98975 0.06000000000000001 -1.351 0.8
267.65652637819 -30.37550581603 0.022 0.0165 10.384 "" "" 4056358124501834880 2476.10474 0.3685 0.026 -0.148 -1.254 0.027 0.017 0.966 "" "" 14.27227 1.044781 14.697584 13.652803 "" "" 2330.05469 2681.90552 36816.16163 13.956 18046.0 23.467 27418.0 38.246 "" "" 0.002785889742656775 0.0031270564 0.0040715467 0.007198603 267.65652637819 -30.37550581603 2476.10474 -0.14800000000000002 -1.2540000000000002 0.8
267.56490350938 -30.16982930981 0.0219 0.0169 5.6702 "" "" 4056409870284329088 2258.4187 0.4002 0.0253 0.152 -1.189 0.027 0.017 0.986 4855.1 2.8544 14.278768 2.111931 15.366459 13.254528 31.94 3.77 2146.22998 2405.13062 36596.52368 7.9369 9746.2 9.1721 39568.0 26.342 "" "" 0.0027653635332149564 0.0029713775 0.0038478817 0.0068192594 267.56490350938 -30.16982930981 2258.4187 0.15200000000000002 -1.1889999999999998 0.9
267.72460666834 -30.24676656697 0.0215 0.0168 3.9731 "" "" 4056361766633731584 2804.17358 0.3272 0.0254 -0.101 -1.365 0.027 0.017 1.002 9485.9 3.6512 14.329316 0.976204 14.708074 13.73187 "" "" 2598.24194 3002.88574 34931.74403 9.2318 17873.0 26.725 25492.0 66.059 "" "" 0.0027702208783570697 0.003228112 0.0047116564 0.007939768 267.72460666834 -30.24676656697 2804.17358 -0.10099999999999999 -1.365 0.8
267.622996873 -30.13910155935 0.0221 0.0172 4.4571 "" "" 4056410213881645440 2702.14673 0.3358 0.0263 -0.051 -1.44 0.027 0.018 0.922 "" "" 14.334413 0.981979 14.729267 13.747288 "" "" 2503.30029 2886.37988 34768.15169 7.3763 17527.0 25.68 25133.0 32.387 "" "" 0.002764931975559933 0.0032117981 0.0040300405 0.0072418386 267.622996873 -30.13910155935 2702.14673 -0.051000000000000004 -1.44 0.8
267.6764074338 -30.21012089243 0.0239 0.0194 0.6452 "" "" 4056409011229833856 2903.67114 0.3085 0.0278 -0.017 -1.348 0.03 0.019 0.841 9281.9 3.7995 14.395759 0.936352 14.752196 13.815845 "" "" 2691.54028 3101.93774 32858.15007 8.753 17161.0 28.677 23595.0 76.399 "" "" 0.0027704586959468587 0.003328187 0.005161661 0.008489848 267.6764074338 -30.21012089243 2903.67114 -0.017000000000000008 -1.3480000000000003 0.8
267.65994378606 -30.24123432834 0.0252 0.0198 2.3445 "" "" 4056361659197204864 2250.16211 0.4125 0.027 0.013 -1.397 0.03 0.02 0.951 9580.0 3.7661 14.544595 0.970356 14.92074 13.950384 "" "" 2101.37036 2432.66919 28648.95365 7.4555 14693.0 20.486 20845.0 49.457 "" "" 0.0027697694483593913 0.0031743762 0.0045737987 0.007748175 267.65994378606 -30.24123432834 2250.16211 0.012999999999999994 -1.3969999999999998 0.8
267.6266205344 -30.20855998254 0.0264 0.0208 2.1441 "" "" 4056408869469687936 2765.33936 0.3294 0.0274 0.025 -1.253 0.034 0.021 0.909 10319.1 3.7062 14.565201 1.091476 15.006807 13.915332 "" "" 2557.99512 2992.53052 28110.36048 6.6766 13574.0 12.091 21529.0 58.867 "" "" 0.002767361585035009 0.0029530257 0.0048059495 0.007758975 267.6266205344 -30.20855998254 2765.33936 0.02500000000000001 -1.2530000000000001 0.9
267.63888781645 -30.23286835273 0.0253 0.0198 2.3376 "" "" 4056408495894350976 2618.45386 0.342 0.0285 -0.119 -1.382 0.034 0.021 0.867 9425.3 3.3674 14.577435 1.000965 14.980711 13.979746 "" "" 2405.94507 2797.37524 27795.40123 6.3521 13904.0 15.875 20289.0 50.938 "" "" 0.0027664697536426233 0.003053158 0.00465984 0.007712998 267.63888781645 -30.23286835273 2618.45386 -0.11900000000000001 -1.382 0.9
267.65269947381 -30.19120769508 0.0252 0.0199 1.028 "" "" 4056409080010018560 2511.72217 0.3601 0.0279 -0.115 -1.202 0.032 0.021 0.963 "" "" 14.629398 0.944933 14.994733 14.0498 "" "" 2371.30957 2675.14648 26496.42518 6.6455 13725.0 18.285 19021.0 85.488 "" "" 0.002768743852479151 0.0031428172 0.0061721574 0.009314975 267.65269947381 -30.19120769508 2511.72217 -0.115 -1.2019999999999997 0.8
267.80696350851 -30.07575703767 0.0254 0.0204 10.5092 "" "" 4056417253246929920 2848.22803 0.3142 0.0268 -0.132 -1.378 0.032 0.02 0.937 "" "" 14.636458 0.939112 15.008993 14.069881 "" "" 2613.27344 3108.59937 26324.69601 6.0455 13546.0 20.028 18673.0 54.052 "" "" 0.002766579147120574 0.0032190017 0.0049154 0.008134401 267.80696350851 -30.07575703767 2848.22803 -0.132 -1.3780000000000001 0.9
267.53202105739 -30.22622298017 0.0253 0.0196 7.1602 "" "" 4056408010535865216 2690.89331 0.3383 0.0312 0.011 -1.3 0.03 0.019 0.928 6599.5 2.6014 14.65529 1.295995 15.201664 13.905669 "" "" 2494.21338 2883.87842 25872.0589 7.6269 11344.0 16.12 21722.0 21.199 "" "" 0.0027738479633890897 0.0031883267 0.0039251074 0.0071134344 267.53202105739 -30.22622298017 2690.89331 0.011000000000000006 -1.3000000000000003 0.8
267.57675852721 -30.12569840076 0.0256 0.0197 6.5921 "" "" 4056413031380380800 2468.16187 0.37 0.0287 -0.053 -1.355 0.032 0.02 0.947 9528.5 3.6013 14.666604 0.917177 15.020499 14.103322 "" "" 2329.74976 2651.71704 25603.83335 5.9381 13403.0 13.433 18106.0 54.557 "" "" 0.0027668024653065633 0.0029948545 0.00499867 0.007993525 267.57675852721 -30.12569840076 2468.16187 -0.053 -1.3550000000000002 1.0
267.6486947917 -30.20207739562 0.0258 0.0203 0.9711 "" "" 4056408702052862848 2635.37231 0.3416 0.0284 -0.139 -1.303 0.032 0.021 0.95 8797.3 3.5765 14.676477 1.031379 15.064348 14.032969 "" "" 2437.56226 2868.10376 25372.06915 6.5219 12873.0 33.815 19318.0 181.97 "" "" 0.002769418714632698 0.0039898767 0.010903296 0.014893172 267.6486947917 -30.20207739562 2635.37231 -0.139 -1.303 0.9
267.79717067023 -30.04897232835 0.0258 0.0208 11.4201 "" "" 4056417360709267456 2964.98901 0.3012 0.0279 -0.082 -1.27 0.033 0.021 1.012 6899.5 2.7974 14.717377 0.919075 15.060113 14.141038 "" "" 2776.29614 3184.33789 24434.0874 6.9428 12923.0 23.898 17488.0 31.734 "" "" 0.0027725376497966777 0.0034374916 0.0042620874 0.007699579 267.79717067023 -30.04897232835 2964.98901 -0.08200000000000002 -1.2700000000000002 0.9
267.67906322926 -30.22023136443 0.029 0.0227 1.2134 "" "" 4056362075871640576 2716.95752 0.341 0.0311 0.071 -1.352 0.034 0.022 0.971 7971.0 4.0377 14.73973 1.016546 15.138678 14.122131 "" "" 2508.03369 3015.77002 23936.18491 6.7984 12021.0 21.518 17795.0 64.955 "" "" 0.0027725228929435866 0.003400332 0.005476328 0.00887666 267.67906322926 -30.22023136443 2716.95752 0.071 -1.352 0.8
