Clusters/NGC_6451/NGC_6451_stars_in_region.tsv
# %ECSV 1.0
# ---
# datatype:
# - name: RA_ICRS_1
#   unit: deg
#   datatype: float64
#   format: '{:15.11f}'
#   description: Right ascension (ICRS) at Ep=2016.0 (ra)
#   meta: !!omap
#   - {ucd: POS_EQ_RA_MAIN}
#   - {width: 15}
#   - {precision: '11'}
# - name: DE_ICRS_1
#   unit: deg
#   datatype: float64
#   format: '{:15.11f}'
#   description: Declination (ICRS) at Ep=2016.0 (dec)
#   meta: !!omap
#   - {ucd: POS_EQ_DEC_MAIN}
#   - {width: 15}
#   - {precision: '11'}
# - name: e_RA_ICRS
#   unit: mas
#   datatype: float64
#   format: '{:7.4f}'
#   description: Standard error of right ascension (ra_error)
#   meta: !!omap
#   - {ucd: ERROR}
#   - {width: 7}
#   - {precision: '4'}
# - name: e_DE_ICRS
#   unit: mas
#   datatype: float64
#   format: '{:7.4f}'
#   description: Standard error of declination (dec_error)
#   meta: !!omap
#   - {ucd: ERROR}
#   - {width: 7}
#   - {precision: '4'}
# - name: _r_1
#   unit: ''
#   datatype: float64
#   format: '{:7.4f}'
#   description: Distance from center (267.66740796000-30.20269458000)[ICRS], at Epoch=J2016.0
#   meta: !!omap
#   - {ucd: POS_ANG_DIST_GENERAL}
#   - {width: 7}
#   - {precision: '4'}
# - name: HIP
#   datatype: int32
#   description: '? HIP cross-id number, van Leeuwen, Cat. I/311 (hip_original_ext_source_id)'
#   meta: !!omap
#   - {ucd: ID_NUMBER}
#   - {width: 6}
#   - values: {'null': -2147483648}
# - name: TYC2
#   datatype: string
#   description: Tycho-2 cross-id name, Hog et al., Cat. I/259 (tyc2_original_ext_source_id)
#   meta: !!omap
#   - {ucd: ID_CROSSID}
#   - {_votable_string_dtype: char}
# - name: Source
#   datatype: int64
#   description: Source identifier, identical to the Gaia-EDR3 source_id (id)
#   meta: !!omap
#   - {ucd: ID_MAIN}
#   - {width: 19}
# - name: rgeo
#   unit: pc
#   datatype: float64
#   format: '{:15.8f}'
#   description: '? Median of the geometric distance posterior (r_med_geo)'
#   meta: !!omap
#   - {ucd: PHYS_DISTANCE_TRUE}
#   - {width: 15}
#   - {precision: '8'}
#   - values: {'null': .nan}
# - name: Plx
#   unit: mas
#   datatype: float64
#   format: '{:9.4f}'
#   description: '? Parallax (parallax)'
#   meta: !!omap
#   - {ucd: POS_PARLX_TRIG}
#   - {width: 9}
#   - {precision: '4'}
#   - values: {'null': .nan}
# - name: e_Plx
#   unit: mas
#   datatype: float32
#   format: '{:7.4f}'
#   description: '? Standard error of parallax (parallax_error)'
#   meta: !!omap
#   - {ucd: ERROR}
#   - {width: 7}
#   - {precision: '4'}
#   - values: {'null': .nan}
# - name: pmRA
#   unit: mas / yr
#   datatype: float64
#   format: '{:9.3f}'
#   description: '? Proper motion in right ascension direction, pmRA*cosDE (pmra)'
#   meta: !!omap
#   - {ucd: POS_EQ_PMRA}
#   - {width: 9}
#   - {precision: '3'}
#   - values: {'null': .nan}
# - name: pmDE
#   unit: mas / yr
#   datatype: float64
#   format: '{:9.3f}'
#   description: '? Proper motion in declination direction (pmdec)'
#   meta: !!omap
#   - {ucd: POS_EQ_PMDEC}
#   - {width: 9}
#   - {precision: '3'}
#   - values: {'null': .nan}
# - name: e_pmRA
#   unit: mas / yr
#   datatype: float32
#   format: '{:6.3f}'
#   description: '? Standard error of proper motion in right ascension direction (pmra_error)'
#   meta: !!omap
#   - {ucd: ERROR}
#   - {width: 6}
#   - {precision: '3'}
#   - values: {'null': .nan}
# - name: e_pmDE
[...]
#         value: !astropy.table.SerializedColumn {name: SkyCoord.dec}
#       distance: !astropy.table.SerializedColumn
#         __class__: astropy.coordinates.distances.Distance
#         unit: !astropy.units.Unit {unit: pc}
#         value: !astropy.table.SerializedColumn {name: SkyCoord.distance}
#       frame: icrs
#       obstime: !astropy.time.Time {format: jyear_str, in_subfmt: '*', jd1: 367701545.0, jd2: 0.0, out_subfmt: '*', precision: 3, scale: tt}
#       pm_dec: !astropy.table.SerializedColumn
#         __class__: astropy.units.quantity.Quantity
#         unit: !astropy.units.Unit {unit: mas / yr}
#         value: !astropy.table.SerializedColumn {name: SkyCoord.pm_dec}
#       pm_ra_cosdec: !astropy.table.SerializedColumn
#         __class__: astropy.units.quantity.Quantity
#         unit: !astropy.units.Unit {unit: mas / yr}
#         value: !astropy.table.SerializedColumn {name: SkyCoord.pm_ra_cosdec}
#       ra: !astropy.table.SerializedColumn
#         __class__: astropy.coordinates.angles.Longitude
#         unit: *id001
#         value: !astropy.table.SerializedColumn {name: SkyCoord.ra}
#         wrap_angle: !astropy.coordinates.Angle
#           unit: *id001
#           value: 360.0
#       representation_type: spherical
# schema: astropy-2.0
RA_ICRS_1 DE_ICRS_1 e_RA_ICRS e_DE_ICRS _r_1 HIP TYC2 Source rgeo Plx e_Plx pmRA pmDE e_pmRA e_pmDE RUWE Teff logg Gmag BP-RP BPmag RPmag RV e_RV b_rgeo B_rgeo FG e_FG FBP e_FBP FRP e_FRP RAVE5 RAVE6 e_Gmag e_BPmag e_RPmag e_BP-RP SkyCoord.ra SkyCoord.dec SkyCoord.distance SkyCoord.pm_ra_cosdec SkyCoord.pm_dec rmRA rmDE e_rmRA e_rmDE rRV e_rRV v_pec v_pec3d e_vpec e_vpec3d
[from data line 1044]
267.84531919122 -30.11584215148 0.037 0.0287 10.5992 "" "" 4056369978614172416 2543.4375 0.3621 0.0378 1.824 1.506 0.043 0.027 1.03 4923.1 3.484 15.370113 1.917877 16.322617 14.404739 "" "" 2354.30933 2811.89038 13393.72272 4.694 4039.9 14.447 13717.0 41.605 "" "" 0.0027814703386559135 0.004781238 0.005012836 0.009794073 267.84531919122 -30.11584215148 2543.4375 1.8240000000000003 1.5059999999999996 1.919250003039837 2.8396249589920046 0.12943435 0.113434345 "" "" 41.32022904923134 "" 4.904044107609792 ""
267.91479648281 -30.11499059266 0.0294 0.0227 13.871 "" "" 4056369115253119360 2548.90454 0.3621 0.0331 1.182 -1.089 0.037 0.023 0.908 6429.2 3.7026 15.371549 1.47665 16.036863 14.560213 "" "" 2377.20703 2810.08398 13376.03333 4.435 5256.2 21.288 11887.0 66.41 "" "" 0.0027787375360767068 0.005207821 0.0071468335 0.012354654 267.91479648281 -30.11499059266 2548.90454 1.1820000000000004 -1.089 1.2772500030398368 0.24462495899200443 0.12343434 0.109434344 "" "" 15.711966536701695 "" 1.9320404178384483 ""
267.74135663926 -30.25712234813 0.0335 0.0258 5.0359 "" "" 4056360937634387072 2453.27026 0.3728 0.0383 -0.152 -1.09 0.04 0.025 1.152 9584.9 4.4986 15.372037 1.039216 15.755925 14.716709 "" "" 2248.04761 2740.35962 13370.02166 5.7705 6808.4 19.201 10291.0 41.472 "" "" 0.002794884392172524 0.0041425596 0.0057817125 0.009924272 267.74135663926 -30.25712234813 2453.27026 -0.15199999999999997 -1.0899999999999999 -0.05674999696016311 0.24362495899200431 0.12643434 0.11143434 "" "" 2.9088383943386646 "" 0.32653253150649536 ""
267.75239010038 -30.16769985221 0.0355 0.0272 4.8821 "" "" 4056368088827730560 2569.77295 0.3597 0.0383 -0.113 -1.485 0.039 0.025 1.052 "" "" 15.373268 1.081922 15.823537 14.741615 "" "" 2374.72998 2782.92847 13354.86315 3.9436 6397.4 14.083 10058.0 31.743 "" "" 0.0027739106852354 0.003673911 0.0051014866 0.008775398 267.75239010038 -30.16769985221 2569.77295 -0.11300000000000004 -1.4849999999999992 -0.01774999696016312 -0.1513750410079957 0.12543434 0.11143434 "" "" 1.8564903788296476 "" 0.207251101727095 ""
267.72125281053 -30.22015682627 0.0328 0.0265 2.982 "" "" 4056361934067151360 2447.20654 0.3666 0.0385 -0.001 -1.408 0.039 0.027 1.03 8987.9 3.7499 15.373679 1.102688 15.814087 14.711399 "" "" 2284.93018 2733.95288 13349.80865 4.9778 6453.3 14.733 10342.0 62.307 "" "" 0.00278490346330573 0.0037321944 0.007554526 0.011286721 267.72125281053 -30.22015682627 2447.20654 -0.0009999999999999974 -1.408 0.09425000303983688 -0.07437504100799552 0.12543434 0.113434345 "" "" 1.3926818572776132 "" 0.16847296811738588 ""
267.98166578035 -30.19096381114 0.0304 0.024 16.312 "" "" 4056364927732070912 2294.1123 0.3991 0.0337 -0.044 -1.886 0.041 0.025 0.949 7111.5 3.9858 15.376367 1.177767 15.763948 14.586182 "" "" 2086.97656 2530.86011 13316.80149 7.4275 6758.3 31.532 11606.0 59.921 "" "" 0.0028210829412014453 0.005783272 0.006760643 0.012543915 267.98166578035 -30.19096381114 2294.1123 -0.044 -1.886 0.051250003039836886 -0.5523750410079955 0.12743434 0.11143434 "" "" 6.032375127108571 "" 0.6730960732584743 ""
267.69708717594 -29.98634843876 0.0307 0.0245 13.0719 "" "" 4056420242545032448 2861.18604 0.3149 0.0343 -0.786 -2.026 0.04 0.025 0.953 9054.3 4.2329 15.377147 1.239583 15.91208 14.672497 "" "" 2545.2854 3211.82495 13307.24051 4.7226 5896.4 10.616 10719.0 16.524 "" "" 0.002782131936713728 0.0034067903 0.004133412 0.0075402027 267.69708717594 -29.98634843876 2861.18604 -0.7860000000000003 -2.0260000000000002 -0.6907499969601631 -0.6923750410079954 0.12643434 0.11143434 "" "" 13.26389832758671 "" 1.5804331611569822 ""
267.91151696482 -30.2560086261 0.0299 0.0234 13.0529 "" "" 4056363209744231296 2323.07007 0.3912 0.033 0.274 -2.999 0.039 0.025 1.043 9347.4 3.8912 15.379783 1.096593 15.780817 14.684224 "" "" 2172.31812 2519.34692 13274.97152 4.8361 6654.1 30.144 10604.0 69.348 "" "" 0.0027835657169110327 0.0056548244 0.008043677 0.0136985015 267.91151696482 -30.2560086261 2323.07007 0.274 -2.9990000000000006 0.3692500030398369 -1.6653750410079957 0.12543434 0.11143434 "" "" 18.78337733314698 "" 2.106168447244162 ""
267.53042643288 -30.10408370558 0.032 0.0247 9.2473 "" "" 4056413340618219136 2932.0415 0.3218 0.0374 -0.061 -1.647 0.039 0.025 0.954 7531.8 3.975 15.380248 1.507793 16.068989 14.561196 "" "" 2679.9375 3250.84546 13269.28772 4.0404 5103.0 11.476 11876.0 18.282 "" "" 0.0027750828566694315 0.0037076762 0.0041324655 0.007840142 267.53042643288 -30.10408370558 2932.0415 -0.061 -1.6470000000000002 0.034250003039836885 -0.3133750410079956 0.12543434 0.11143434 "" "" 4.38118255685886 "" 0.48898309166800813 ""
267.56129526842 -30.00781852393 0.0323 0.0254 12.9249 "" "" 4056420831043406336 2699.44702 0.33 0.0364 1.195 -0.464 0.041 0.025 1.09 4682.1 2.4529 15.380626 2.593413 16.811966 14.218553 "" "" 2394.06592 3022.32373 13264.66871 6.2427 2574.1 6.3893 16283.0 17.444 "" "" 0.0028023000725287215 0.003879156 0.0039543197 0.007833475 267.56129526842 -30.00781852393 2699.44702 1.195 -0.46399999999999986 1.290250003039837 0.8696249589920044 0.12743434 0.11143434 "" "" 19.90902007636171 "" 2.4420555072910086 ""
267.54944590684 -30.15759264091 0.0322 0.0248 6.6901 "" "" 4056412893941392256 2741.23633 0.3355 0.0378 -0.376 -1.004 0.04 0.026 1.119 9588.6 4.1408 15.382436 1.243343 15.862269 14.618926 "" "" 2477.41772 3064.74219 13242.57353 5.4188 6173.2 13.664 11261.0 55.893 "" "" 0.0027909089106437986 0.0036824541 0.0065821414 0.010264596 267.54944590684 -30.15759264091 2741.23633 -0.376 -1.0039999999999996 -0.2807499969601631 0.3296249589920044 0.12643434 0.11243434 "" "" 5.62593081592884 "" 0.6667971477650741 ""
267.5821664483 -30.24270544173 0.0369 0.0292 5.0293 "" "" 4056407220201987840 2439.23999 0.3754 0.0408 -0.578 -4.585 0.046 0.029 1.161 4857.8 2.8563 15.382998 2.382496 16.631994 14.249498 -58.2 4.85 2214.62329 2702.49927 13235.72565 6.3717 3038.2 11.762 15826.0 38.366 "" "" 0.0028044569390026893 0.0050450647 0.0046056043 0.009650669 267.5821664483 -30.24270544173 2439.23999 -0.578 -4.585 -0.4827499969601631 -3.2513750410079956 0.13243434 0.11543434 -90.14 8.62 38.004493868272206 97.82413380236771 4.401959979568732 8.124912288260639
267.79739046592 -30.34725356113 0.0555 0.0425 10.9816 "" "" 4056356956202065664 2532.19849 0.3499 0.0649 -6.007 0.553 0.069 0.043 1.467 4660.7 2.1903 15.383848 3.841271 17.787642 13.94637 "" "" 2199.40112 2990.57471 13225.36473 12.299 1048.0 11.922 20922.0 32.142 "" "" 0.002934494117267662 0.012662514 0.004131092 0.016793607 267.79739046592 -30.34725356113 2532.19849 -6.007 0.5529999999999999 -5.911749996960163 1.8866249589920043 0.15543434 0.12943435 "" "" 74.48217806280383 "" 11.411883764236416 ""
267.54542504953 -29.99079992828 0.0304 0.0242 14.2033 "" "" 4056432650795260928 2722.59619 0.3294 0.0343 -0.087 -1.711 0.038 0.024 0.895 "" "" 15.386461 1.67253 16.100882 14.428351 "" "" 2471.11963 2995.24487 13193.56546 4.4441 4955.2 11.263 13422.0 202.33 "" "" 0.002779485350938916 0.0037249548 0.016797626 0.020522581 267.54542504953 -29.99079992828 2722.59619 -0.087 -1.711 0.00825000303983689 -0.3773750410079957 0.12443434 0.11043434 "" "" 4.8712285130961135 "" 0.5379855398764193 ""
267.82805812739 -30.18096217377 0.0294 0.0227 8.4329 "" "" 4056367500344893184 2350.39722 0.3853 0.0332 0.077 -0.348 0.036 0.022 1.0 7854.5 3.9401 15.387724 1.356216 15.965259 14.609043 "" "" 2194.13623 2537.70654 13178.2358 4.7865 5614.5 13.226 11364.0 46.549 "" "" 0.0027833978599636064 0.003785055 0.005836338 0.009621393 267.82805812739 -30.18096217377 2350.39722 0.077 -0.348 0.1722500030398369 0.9856249589920044 0.12243434 0.10843434 "" "" 11.147156845463881 "" 1.2136483077632085 ""
267.80805107328 -30.2360879047 0.1164 0.0896 7.5621 "" "" 4056366714437876864 2241.41528 0.6115 0.1312 -0.453 -1.047 0.146 0.089 3.648 "" "" 15.388368 1.576662 15.831282 14.25462 "" "" 1696.69885 3130.69824 13170.42054 14.26 6351.9 32.26 15751.0 104.59 "" "" 0.0029956179248553897 0.0061799516 0.00814008 0.014320031 267.80805107328 -30.2360879047 2241.41528 -0.453 -1.0470000000000002 -0.35774999696016313 0.28662495899200446 0.23243433 0.17543435 "" "" 4.870279947907775 "" 1.0324155974042557 ""
267.8048907837 -30.35924660219 0.0308 0.0239 11.7888 "" "" 4056356195989619584 2953.86938 0.3074 0.0366 -0.4 -1.826 0.04 0.025 0.983 7518.9 3.5498 15.388508 1.829059 16.276682 14.447623 "" "" 2658.59253 3476.35767 13168.72654 4.7341 4214.5 17.916 13186.0 42.363 "" "" 0.0027828289709547786 0.0053933235 0.005143061 0.010536384 267.8048907837 -30.35924660219 2953.86938 -0.4 -1.826 -0.30474999696016314 -0.4923750410079957 0.12643434 0.11143434 "" "" 8.107559110117801 "" 0.9387237377085925 ""
267.54413717457 -30.3680361578 0.0409 0.0334 11.7986 "" "" 4055983946936154368 2668.29224 0.387 0.0674 -0.54 -3.602 0.051 0.03 0.909 6488.0 3.952 15.389773 1.384965 16.004498 14.619533 "" "" 2189.86719 3401.20068 13153.38565 4.7822 5415.2 12.505 11255.0 32.476 "" "" 0.002783453154998921 0.0037511636 0.004909028 0.008660192 267.54413717457 -30.3680361578 2668.29224 -0.54 -3.6019999999999994 -0.44474999696016315 -2.2683750410079955 0.13743433 0.11643434 "" "" 29.235979408044216 "" 3.4287598853207664 ""
267.58922984952 -30.01281320406 0.0312 0.0256 12.094 "" "" 4056420654861665024 2433.39917 0.3776 0.0358 -3.006 0.062 0.04 0.026 0.964 4824.3 3.3487 15.39024 1.95209 16.359163 14.407073 "" "" 2257.80347 2687.79761 13147.72983 4.1762 3906.2 12.68 13688.0 37.682 "" "" 0.0027768191131355502 0.0044951825 0.004818457 0.009313639 267.58922984952 -30.01281320406 2433.39917 -3.006 0.062 -2.910749996960163 1.3956249589920044 0.12643434 0.11243434 "" "" 37.23320701666918 "" 4.614596911300066 ""
267.84454661912 -30.29218037693 0.03 0.0233 10.636 "" "" 4056363377175410432 2531.11768 0.3667 0.0336 1.072 1.007 0.04 0.024 1.016 7263.2 3.9313 15.390277 1.399088 15.945718 14.54663 "" "" 2332.50415 2802.56079 13147.27984 5.3759 5716.5 20.531 12037.0 53.66 "" "" 0.002790857572664514 0.0047948738 0.0061408915 0.010935765 267.84454661912 -30.29218037693 2531.11768 1.0719999999999996 1.007 1.167250003039837 2.340624958992004 0.12643434 0.11043434 "" "" 31.379816776304285 "" 3.571038352280073 ""
267.93612413644 -30.30428136268 0.0321 0.026 15.2025 "" "" 4056350702795167232 2303.6853 0.3969 0.0345 -0.339 -3.635 0.042 0.027 0.986 7442.2 3.9994 15.394208 1.26296 15.934419 14.671458 "" "" 2146.31836 2504.02515 13099.76889 39.831 5776.3 54.527 10729.0 98.825 "" "" 0.004300024946124632 0.010622115 0.010691043 0.021313157 267.93612413644 -30.30428136268 2303.6853 -0.339 -3.635 -0.24374999696016314 -2.3013750410079954 0.12843435 0.113434345 "" "" 25.270351437766074 "" 2.8710053396661794 ""
267.53858858842 -30.24962337611 0.0328 0.0254 7.2477 "" "" 4056407907396717184 2823.7522 0.3066 0.0388 3.123 -3.644 0.04 0.025 1.027 "" "" 15.394477 2.719996 16.92674 14.206745 -39.72 13.18 2570.45654 3251.92383 13096.51803 5.8243 2315.9 7.6894 16461.0 19.918 "" "" 0.0027973082515673725 0.0045585716 0.004001209 0.00855978 267.53858858842 -30.24962337611 2823.7522 3.123 -3.6439999999999997 3.218250003039837 -2.3103750410079957 0.12643434 0.11143434 -71.66 16.95 53.025541513278135 89.14518300377414 6.44476566960772 14.154386114696457
267.63405717279 -30.26464544645 0.066 0.0523 4.0994 "" "" 4056361521749793024 2412.91748 0.4395 0.0729 -2.324 -2.012 0.078 0.051 2.181 5520.2 4.211 15.394617 1.520502 16.070456 14.549953 "" "" 2018.03052 3051.38696 13094.8295 12.42 5096.1 10.162 12000.0 33.364 "" "" 0.002941469713382253 0.0035316339 0.0048369747 0.008368609 267.63405717279 -30.26464544645 2412.91748 -2.324 -2.012 -2.228749996960163 -0.6783750410079956 0.16443434 0.13743433 "" "" 26.645354174088787 "" 4.325057775778282 ""
267.71937774533 -30.3114613757 0.0356 0.0265 7.06 "" "" 4056360181723915392 2323.00903 0.3958 0.0408 -0.543 -1.551 0.046 0.028 1.264 4876.9 3.4664 15.396403 2.073091 16.410381 14.337291 "" "" 2147.79419 2493.39453 13073.30155 5.6138 3726.2 16.869 14596.0 34.965 "" "" 0.0027944866356663534 0.0056519853 0.0045878557 0.010239841 267.71937774533 -30.3114613757 2323.00903 -0.5429999999999996 -1.5509999999999997 -0.44774999696016315 -0.21737504100799554 0.13243434 0.11443435 "" "" 5.480501061907633 "" 0.7080519746264504 ""
267.82131830908 -30.05050927002 0.0335 0.0273 12.1315 "" "" 4056417390686114304 2555.30615 0.3547 0.0351 -0.431 -2.926 0.043 0.027 0.941 7994.5 3.9699 15.40205 1.208274 15.907408 14.699134 "" "" 2355.09985 2869.36523 13005.49057 4.6524 5921.8 18.417 10459.0 38.589 "" "" 0.0027825601109215583 0.004380296 0.005507339 0.009887635 267.82131830908 -30.05050927002 2555.30615 -0.43099999999999994 -2.9260000000000006 -0.3357499969601631 -1.5923750410079958 0.12943435 0.113434345 "" "" 19.711149450479173 "" 2.250246188211265 ""
267.5410114902 -30.17904960015 0.0323 0.0246 6.7068 "" "" 4056408427175353344 2280.93896 0.4127 0.0379 -5.293 -6.261 0.042 0.025 1.002 4735.3 3.3579 15.402573 1.939182 16.36311 14.423927 57.06 5.83 2137.80591 2458.54443 12999.22718 4.2619 3892.0 9.6427 13477.0 23.054 "" "" 0.0027782192264299683 0.0038757033 0.0042110826 0.008086786 267.5410114902 -30.17904960015 2280.93896 -5.293 -6.261 -5.197749996960163 -4.927375041007996 0.12843435 0.11143434 25.12 9.6 77.4340881054258 81.40670980158113 9.345274070107187 9.369826891183356
267.78672700566 -30.13930473532 0.0494 0.0392 7.2645 "" "" 4056368599865210624 2462.29004 0.3826 0.0502 -1.214 -0.981 0.056 0.038 1.288 5794.1 3.9079 15.405638 1.53469 16.035398 14.500709 "" "" 2209.16211 2804.57593 12962.5892 8.2588 5263.3 28.615 12557.0 80.505 "" "" 0.0028408287694300367 0.0065290425 0.007920665 0.014449707 267.78672700566 -30.13930473532 2462.29004 -1.214 -0.9809999999999998 -1.118749996960163 0.3526249589920044 0.14243434 0.12443434 "" "" 13.690466031332846 "" 1.9290171267539533 ""
267.60879606175 -30.42423063052 0.0327 0.0247 13.6345 "" "" 4055982636914878976 2373.03247 0.3855 0.0423 1.235 -1.115 0.04 0.025 0.998 6322.4 4.0528 15.406423 1.405597 16.048517 14.642921 "" "" 2153.89478 2645.68823 12953.21601 3.8196 5200.1 10.791 11015.0 16.108 "" "" 0.002773858443302608 0.0035862743 0.0040993495 0.007685624 267.60879606175 -30.42423063052 2373.03247 1.235 -1.115 1.330250003039837 0.2186249589920044 0.12643434 0.11143434 "" "" 15.163614573090307 "" 1.9115661091281049 ""
267.56343705358 -30.28371873315 0.0345 0.0276 7.2579 "" "" 4056406503029568640 2364.48853 0.3911 0.0412 -0.077 -1.367 0.042 0.027 0.989 9088.3 3.5832 15.40807 1.230283 15.928453 14.698171 "" "" 2147.10571 2636.35449 12933.5796 3.9475 5808.1 11.247 10469.0 17.471 "" "" 0.0027751761784123186 0.0034936182 0.0041912706 0.007684889 267.56343705358 -30.28371873315 2364.48853 -0.07699999999999999 -1.367 0.018250003039836885 -0.0333750410079956 0.12843435 0.113434345 "" "" 0.42632736681183386 "" 0.04990481209867497 ""
267.76548624687 -30.11666253569 0.0329 0.0268 7.248 "" "" 4056415604018770048 2453.01855 0.3889 0.0357 0.083 0.971 0.042 0.027 0.942 "" "" 15.409096 1.250881 15.94941 14.698529 "" "" 2242.19238 2766.7915 12921.36377 4.1082 5697.1 13.566 10465.0 44.957 "" "" 0.0027768598578304404 0.0038038364 0.00600325 0.009807087 267.76548624687 -30.11666253569 2453.01855 0.083 0.971 0.1782500030398369 2.3046249589920045 0.12843435 0.113434345 "" "" 26.87661537001519 "" 3.051286050003752 ""
