Clusters/NGC_6451/NGC_6451_members.tsv
# %ECSV 1.0
# ---
# datatype:
# - name: RA_ICRS_1
#   unit: deg
#   datatype: float64
#   format: '{:15.11f}'
#   description: Right ascension (ICRS) at Ep=2016.0 (ra)
#   meta: !!omap
#   - {ucd: POS_EQ_RA_MAIN}
#   - {width: 15}
#   - {precision: '11'}
# - name: DE_ICRS_1
#   unit: deg
#   datatype: float64
#   format: '{:15.11f}'
#   description: Declination (ICRS) at Ep=2016.0 (dec)
#   meta: !!omap
#   - {ucd: POS_EQ_DEC_MAIN}
#   - {width: 15}
#   - {precision: '11'}
# - name: e_RA_ICRS
#   unit: mas
#   datatype: float64
#   format: '{:7.4f}'
#   description: Standard error of right ascension (ra_error)
#   meta: !!omap
#   - {ucd: ERROR}
#   - {width: 7}
#   - {precision: '4'}
# - name: e_DE_ICRS
#   unit: mas
#   datatype: float64
#   format: '{:7.4f}'
#   description: Standard error of declination (dec_error)
#   meta: !!omap
#   - {ucd: ERROR}
#   - {width: 7}
#   - {precision: '4'}
# - name: _r_1
#   unit: ''
#   datatype: float64
#   format: '{:7.4f}'
#   description: Distance from center (267.66740796000-30.20269458000)[ICRS], at Epoch=J2016.0
#   meta: !!omap
#   - {ucd: POS_ANG_DIST_GENERAL}
#   - {width: 7}
#   - {precision: '4'}
# - name: HIP
#   datatype: int32
#   description: '? HIP cross-id number, van Leeuwen, Cat. I/311 (hip_original_ext_source_id)'
#   meta: !!omap
#   - {ucd: ID_NUMBER}
#   - {width: 6}
#   - values: {'null': -2147483648}
# - name: TYC2
#   datatype: string
#   description: Tycho-2 cross-id name, Hog et al., Cat. I/259 (tyc2_original_ext_source_id)
#   meta: !!omap
#   - {ucd: ID_CROSSID}
#   - {_votable_string_dtype: char}
# - name: Source
#   datatype: int64
#   description: Source identifier, identical to the Gaia-EDR3 source_id (id)
#   meta: !!omap
#   - {ucd: ID_MAIN}
#   - {width: 19}
# - name: rgeo
#   unit: pc
#   datatype: float64
#   format: '{:15.8f}'
#   description: '? Median of the geometric distance posterior (r_med_geo)'
#   meta: !!omap
#   - {ucd: PHYS_DISTANCE_TRUE}
#   - {width: 15}
#   - {precision: '8'}
#   - values: {'null': .nan}
# - name: Plx
#   unit: mas
#   datatype: float64
#   format: '{:9.4f}'
#   description: '? Parallax (parallax)'
#   meta: !!omap
#   - {ucd: POS_PARLX_TRIG}
#   - {width: 9}
#   - {precision: '4'}
#   - values: {'null': .nan}
# - name: e_Plx
#   unit: mas
#   datatype: float32
#   format: '{:7.4f}'
#   description: '? Standard error of parallax (parallax_error)'
#   meta: !!omap
#   - {ucd: ERROR}
#   - {width: 7}
#   - {precision: '4'}
#   - values: {'null': .nan}
# - name: pmRA
#   unit: mas / yr
#   datatype: float64
#   format: '{:9.3f}'
#   description: '? Proper motion in right ascension direction, pmRA*cosDE (pmra)'
#   meta: !!omap
#   - {ucd: POS_EQ_PMRA}
#   - {width: 9}
#   - {precision: '3'}
#   - values: {'null': .nan}
# - name: pmDE
#   unit: mas / yr
#   datatype: float64
#   format: '{:9.3f}'
#   description: '? Proper motion in declination direction (pmdec)'
#   meta: !!omap
#   - {ucd: POS_EQ_PMDEC}
#   - {width: 9}
#   - {precision: '3'}
#   - values: {'null': .nan}
# - name: e_pmRA
#   unit: mas / yr
#   datatype: float32
#   format: '{:6.3f}'
#   description: '? Standard error of proper motion in right ascension direction (pmra_error)'
#   meta: !!omap
#   - {ucd: ERROR}
#   - {width: 6}
#   - {precision: '3'}
#   - values: {'null': .nan}
# - name: e_pmDE
[...]
#         unit: &id001 !astropy.units.Unit {unit: deg}
#         value: !astropy.table.SerializedColumn {name: SkyCoord.dec}
#       distance: !astropy.table.SerializedColumn
#         __class__: astropy.coordinates.distances.Distance
#         unit: !astropy.units.Unit {unit: pc}
#         value: !astropy.table.SerializedColumn {name: SkyCoord.distance}
#       frame: icrs
#       obstime: !astropy.time.Time {format: jyear_str, in_subfmt: '*', jd1: 367701545.0, jd2: 0.0, out_subfmt: '*', precision: 3, scale: tt}
#       pm_dec: !astropy.table.SerializedColumn
#         __class__: astropy.units.quantity.Quantity
#         unit: !astropy.units.Unit {unit: mas / yr}
#         value: !astropy.table.SerializedColumn {name: SkyCoord.pm_dec}
#       pm_ra_cosdec: !astropy.table.SerializedColumn
#         __class__: astropy.units.quantity.Quantity
#         unit: !astropy.units.Unit {unit: mas / yr}
#         value: !astropy.table.SerializedColumn {name: SkyCoord.pm_ra_cosdec}
#       ra: !astropy.table.SerializedColumn
#         __class__: astropy.coordinates.angles.Longitude
#         unit: *id001
#         value: !astropy.table.SerializedColumn {name: SkyCoord.ra}
#         wrap_angle: !astropy.coordinates.Angle
#           unit: *id001
#           value: 360.0
#       representation_type: spherical
# schema: astropy-2.0
RA_ICRS_1 DE_ICRS_1 e_RA_ICRS e_DE_ICRS _r_1 HIP TYC2 Source rgeo Plx e_Plx pmRA pmDE e_pmRA e_pmDE RUWE Teff logg Gmag BP-RP BPmag RPmag RV e_RV b_rgeo B_rgeo FG e_FG FBP e_FBP FRP e_FRP RAVE5 RAVE6 e_Gmag e_BPmag e_RPmag e_BP-RP SkyCoord.ra SkyCoord.dec SkyCoord.distance SkyCoord.pm_ra_cosdec SkyCoord.pm_dec Pmemb
[from data line 40]
267.77884834821 -30.14804258847 0.0279 0.022 6.6457 "" "" 4056368599856805504 2653.09033 0.3386 0.0301 -0.03 -1.322 0.031 0.02 0.981 9297.5 3.5858 14.748162 0.98014 15.135274 14.155134 "" "" 2418.0874 2871.87915 23751.00672 6.5877 12059.0 16.673 17263.0 38.463 "" "" 0.002771728322598527 0.0031683636 0.004487282 0.0076556457 267.77884834821 -30.14804258847 2653.09033 -0.03 -1.322 0.8
267.60701935686 -30.1929248375 0.0265 0.0195 3.186 "" "" 4056408942571951360 2351.56519 0.3861 0.0308 -0.198 -1.236 0.032 0.02 0.959 9577.3 3.4465 14.775592 1.042877 15.199958 14.157081 "" "" 2181.84253 2532.21777 23158.48077 5.793 11361.0 23.376 17232.0 33.227 "" "" 0.0027686733100292004 0.0035743087 0.004320487 0.007894795 267.60701935686 -30.1929248375 2351.56519 -0.198 -1.236 0.8
267.6426756204 -30.19038979784 0.0277 0.0214 1.4799 "" "" 4056408908211358336 2805.29907 0.3194 0.0304 -0.043 -1.4 0.034 0.022 0.985 9449.4 3.5218 14.790651 0.944649 15.165133 14.220484 "" "" 2590.18506 3052.06787 22839.48323 6.7791 11732.0 18.788 16254.0 19.016 "" "" 0.0027741021362776364 0.0032875887 0.0039871316 0.0072747204 267.6426756204 -30.19038979784 2805.29907 -0.04299999999999999 -1.3999999999999995 1.0
267.71076229213 -30.19816900754 0.0287 0.0218 2.2645 "" "" 4056362208945165568 2608.69336 0.3499 0.032 -0.106 -1.355 0.034 0.022 0.938 9513.2 3.846 14.815272 1.00456 15.207986 14.203425 "" "" 2390.18848 2843.89746 22327.38859 6.3352 11278.0 16.09 16512.0 48.851 "" "" 0.002772489015318434 0.003191303 0.0049600145 0.008151317 267.71076229213 -30.19816900754 2608.69336 -0.10599999999999998 -1.355 0.9
267.66257867436 -30.20865168223 0.029 0.0224 0.4364 "" "" 4056408629011918336 2724.75366 0.3375 0.0329 -0.142 -1.464 0.035 0.022 1.028 9871.8 4.1939 14.823482 1.062615 15.213529 14.150913 "" "" 2488.03394 2943.29248 22159.19703 7.888 11220.0 26.146 17330.0 102.87 "" "" 0.0027822945919626484 0.0037664871 0.0074712876 0.011237775 267.66257867436 -30.20865168223 2724.75366 -0.14200000000000002 -1.4640000000000002 0.8
267.66785751944 -30.20800157535 0.0291 0.0228 0.3193 "" "" 4056409011290425344 2646.81396 0.3436 0.032 -0.189 -1.447 0.037 0.024 0.992 9119.5 3.3974 14.875453 0.96667 15.258267 14.291597 "" "" 2422.90845 2858.67993 21123.47467 7.5472 10767.0 18.219 15224.0 89.387 "" "" 0.002782494054782465 0.003340706 0.0074109663 0.010751672 267.66785751944 -30.20800157535 2646.81396 -0.18899999999999995 -1.447 1.0
267.58445984607 -30.19134136207 0.03 0.0232 4.3551 "" "" 4056409664125762304 2557.03345 0.3617 0.035 -0.064 -1.229 0.037 0.024 1.179 8507.4 3.182 14.904768 1.195465 15.414292 14.218827 "" "" 2369.22876 2875.92847 20560.78123 5.272 9326.1 12.822 16279.0 19.535 "" "" 0.002769348786198037 0.0031643764 0.0039976574 0.0071620336 267.58445984607 -30.19134136207 2557.03345 -0.064 -1.229 0.8
267.69126247317 -30.21892497927 0.0355 0.0282 1.5742 "" "" 4056362007152132608 2280.88745 0.4064 0.0391 -0.166 -1.276 0.042 0.028 0.995 "" "" 15.46179 1.121494 15.924057 14.802563 "" "" 2100.35254 2553.51587 12309.22628 3.9021 5831.7 23.843 9509.0 58.169 "" "" 0.0027767341811864446 0.005243111 0.0076417453 0.012884856 267.69126247317 -30.21892497927 2280.88745 -0.16599999999999998 -1.2759999999999998 0.8
