Clusters/NGC_6451/NGC_6451_stars_in_region.tsv
# %ECSV 1.0
# ---
# datatype:
# - name: RA_ICRS_1
#   unit: deg
#   datatype: float64
#   format: '{:15.11f}'
#   description: Right ascension (ICRS) at Ep=2016.0 (ra)
#   meta: !!omap
#   - {ucd: POS_EQ_RA_MAIN}
#   - {width: 15}
#   - {precision: '11'}
# - name: DE_ICRS_1
#   unit: deg
#   datatype: float64
#   format: '{:15.11f}'
#   description: Declination (ICRS) at Ep=2016.0 (dec)
#   meta: !!omap
#   - {ucd: POS_EQ_DEC_MAIN}
#   - {width: 15}
#   - {precision: '11'}
# - name: e_RA_ICRS
#   unit: mas
#   datatype: float64
#   format: '{:7.4f}'
#   description: Standard error of right ascension (ra_error)
#   meta: !!omap
#   - {ucd: ERROR}
#   - {width: 7}
#   - {precision: '4'}
# - name: e_DE_ICRS
#   unit: mas
#   datatype: float64
#   format: '{:7.4f}'
#   description: Standard error of declination (dec_error)
#   meta: !!omap
#   - {ucd: ERROR}
#   - {width: 7}
#   - {precision: '4'}
# - name: _r_1
#   unit: ''
#   datatype: float64
#   format: '{:7.4f}'
#   description: Distance from center (267.66740796000-30.20269458000)[ICRS], at Epoch=J2016.0
#   meta: !!omap
#   - {ucd: POS_ANG_DIST_GENERAL}
#   - {width: 7}
#   - {precision: '4'}
# - name: HIP
#   datatype: int32
#   description: '? HIP cross-id number, van Leeuwen, Cat. I/311 (hip_original_ext_source_id)'
#   meta: !!omap
#   - {ucd: ID_NUMBER}
#   - {width: 6}
#   - values: {'null': -2147483648}
# - name: TYC2
#   datatype: string
#   description: Tycho-2 cross-id name, Hog et al., Cat. I/259 (tyc2_original_ext_source_id)
#   meta: !!omap
#   - {ucd: ID_CROSSID}
#   - {_votable_string_dtype: char}
# - name: Source
#   datatype: int64
#   description: Source identifier, identical to the Gaia-EDR3 source_id (id)
#   meta: !!omap
#   - {ucd: ID_MAIN}
#   - {width: 19}
# - name: rgeo
#   unit: pc
#   datatype: float64
#   format: '{:15.8f}'
#   description: '? Median of the geometric distance posterior (r_med_geo)'
#   meta: !!omap
#   - {ucd: PHYS_DISTANCE_TRUE}
#   - {width: 15}
#   - {precision: '8'}
#   - values: {'null': .nan}
# - name: Plx
#   unit: mas
#   datatype: float64
#   format: '{:9.4f}'
#   description: '? Parallax (parallax)'
#   meta: !!omap
#   - {ucd: POS_PARLX_TRIG}
#   - {width: 9}
#   - {precision: '4'}
#   - values: {'null': .nan}
# - name: e_Plx
#   unit: mas
#   datatype: float32
#   format: '{:7.4f}'
#   description: '? Standard error of parallax (parallax_error)'
#   meta: !!omap
#   - {ucd: ERROR}
#   - {width: 7}
#   - {precision: '4'}
#   - values: {'null': .nan}
# - name: pmRA
#   unit: mas / yr
#   datatype: float64
#   format: '{:9.3f}'
#   description: '? Proper motion in right ascension direction, pmRA*cosDE (pmra)'
#   meta: !!omap
#   - {ucd: POS_EQ_PMRA}
#   - {width: 9}
#   - {precision: '3'}
#   - values: {'null': .nan}
# - name: pmDE
#   unit: mas / yr
#   datatype: float64
#   format: '{:9.3f}'
#   description: '? Proper motion in declination direction (pmdec)'
#   meta: !!omap
#   - {ucd: POS_EQ_PMDEC}
#   - {width: 9}
#   - {precision: '3'}
#   - values: {'null': .nan}
# - name: e_pmRA
#   unit: mas / yr
#   datatype: float32
#   format: '{:6.3f}'
#   description: '? Standard error of proper motion in right ascension direction (pmra_error)'
#   meta: !!omap
#   - {ucd: ERROR}
#   - {width: 6}
#   - {precision: '3'}
#   - values: {'null': .nan}
# - name: e_pmDE
[...]
#         value: !astropy.table.SerializedColumn {name: SkyCoord.dec}
#       distance: !astropy.table.SerializedColumn
#         __class__: astropy.coordinates.distances.Distance
#         unit: !astropy.units.Unit {unit: pc}
#         value: !astropy.table.SerializedColumn {name: SkyCoord.distance}
#       frame: icrs
#       obstime: !astropy.time.Time {format: jyear_str, in_subfmt: '*', jd1: 367701545.0, jd2: 0.0, out_subfmt: '*', precision: 3, scale: tt}
#       pm_dec: !astropy.table.SerializedColumn
#         __class__: astropy.units.quantity.Quantity
#         unit: !astropy.units.Unit {unit: mas / yr}
#         value: !astropy.table.SerializedColumn {name: SkyCoord.pm_dec}
#       pm_ra_cosdec: !astropy.table.SerializedColumn
#         __class__: astropy.units.quantity.Quantity
#         unit: !astropy.units.Unit {unit: mas / yr}
#         value: !astropy.table.SerializedColumn {name: SkyCoord.pm_ra_cosdec}
#       ra: !astropy.table.SerializedColumn
#         __class__: astropy.coordinates.angles.Longitude
#         unit: *id001
#         value: !astropy.table.SerializedColumn {name: SkyCoord.ra}
#         wrap_angle: !astropy.coordinates.Angle
#           unit: *id001
#           value: 360.0
#       representation_type: spherical
# schema: astropy-2.0
RA_ICRS_1 DE_ICRS_1 e_RA_ICRS e_DE_ICRS _r_1 HIP TYC2 Source rgeo Plx e_Plx pmRA pmDE e_pmRA e_pmDE RUWE Teff logg Gmag BP-RP BPmag RPmag RV e_RV b_rgeo B_rgeo FG e_FG FBP e_FBP FRP e_FRP RAVE5 RAVE6 e_Gmag e_BPmag e_RPmag e_BP-RP SkyCoord.ra SkyCoord.dec SkyCoord.distance SkyCoord.pm_ra_cosdec SkyCoord.pm_dec rmRA rmDE e_rmRA e_rmDE rRV e_rRV v_pec v_pec3d e_vpec e_vpec3d
[from data line 2831]
267.95915413579 -30.19159672311 0.0807 0.0635 15.144 "" "" 4056364957762270592 2502.79395 0.4357 0.09 -1.657 -3.277 0.108 0.067 1.159 "" "" 16.846794 2.622016 18.063116 15.4411 "" "" 1958.7251 3593.64038 3437.39072 6.1425 813.15 28.645 5281.0 80.146 "" "" 0.003369875715675948 0.038349085 0.016905326 0.05525441 267.95915413579 -30.19159672311 2502.79395 -1.657 -3.2770000000000006 -1.5617499969601631 -1.9433750410079957 0.19443434 0.15343434 "" "" 29.57678009303982 "" 5.048777660366351 ""
267.66425288532 -30.23153555419 0.0789 0.0625 1.7382 "" "" 4056361663554781440 2456.66089 0.4288 0.0886 -0.245 -1.066 0.099 0.065 1.234 5501.2 4.69 16.846796 1.645656 17.436556 15.7909 "" "" 2038.46863 3167.47192 3437.38586 3.8155 1448.1 21.401 3826.5 96.728 "" "" 0.003007360720257949 0.016286524 0.027704723 0.043991245 267.66425288532 -30.23153555419 2456.66089 -0.2449999999999998 -1.066 -0.1497499969601631 0.26762495899200434 0.18543434 0.15143433 "" "" 3.571073196229351 "" 0.5720783977130323 ""
267.62792556804 -30.31093046028 0.0646 0.05 6.8089 "" "" 4056359636330024192 2276.80664 0.4913 0.0766 -2.004 -6.459 0.074 0.048 1.013 4683.0 4.3089 16.847015 1.672678 17.665741 15.993063 "" "" 1858.72852 2890.1521 3436.69252 2.3296 1172.5 6.8289 3176.4 19.887 "" "" 0.002851921001449571 0.00691177 0.0077776397 0.01468941 267.62792556804 -30.31093046028 2276.80664 -2.004 -6.459 -1.9087499969601631 -5.125375041007995 0.16043434 0.13443434 "" "" 59.02459210955321 "" 8.137342064112717 ""
267.8755201394 -30.18140187425 0.0978 0.0764 10.8682 "" "" 4056367362914696704 2568.36328 0.4523 0.107 -8.692 -6.43 0.123 0.078 1.18 "" "" 16.847069 3.232633 18.643549 15.410916 "" "" 1981.63782 4284.19482 3436.5237 6.3932 476.43 9.4773 5429.9 46.346 "" "" 0.0034163812967241184 0.021777296 0.010008158 0.031785455 267.8755201394 -30.18140187425 2568.36328 -8.692 -6.43 -8.596749996960163 -5.096375041007995 0.20943435 0.16443434 "" "" 121.66561687155955 "" 24.17678033883312 ""
267.72466170555 -30.26509582319 0.0774 0.0569 4.7777 "" "" 4056360976293068160 2736.79883 0.4005 0.0868 -0.073 -1.255 0.085 0.055 1.13 5377.2 4.6735 16.847153 1.555407 17.510502 15.955095 "" "" 2263.57153 3609.62866 3436.25508 2.5682 1352.7 16.299 3289.4 61.441 "" "" 0.002872326362564294 0.013376523 0.020629063 0.034005586 267.72466170555 -30.26509582319 2736.79883 -0.073 -1.255 0.022250003039836888 0.0786249589920045 0.17143434 0.14143434 "" "" 1.0600105202815144 "" 0.15250749383685472 ""
267.40458412373 -30.29812118926 0.0756 0.0598 14.7765 "" "" 4056035177285005824 2351.88086 0.4257 0.1007 0.297 -0.403 0.092 0.061 1.185 5490.2 4.6838 16.847572 1.512626 17.457579 15.944953 "" "" 1957.25146 2864.9751 3434.92865 3.4307 1420.3 9.4248 3320.3 37.39 "" "" 0.00296103222474122 0.007726115 0.012797312 0.020523427 267.40458412373 -30.29812118926 2351.88086 0.29699999999999976 -0.4029999999999999 0.39225000303983687 0.9306249589920044 0.17843434 0.14743434 "" "" 11.258416897692792 "" 1.717076780379349 ""
267.62005111143 -30.46356142028 0.0838 0.064 15.843 "" "" 4055979510202592000 2815.39355 0.3917 0.1098 3.28 -2.373 0.105 0.069 0.981 "" "" 16.847954 "" "" "" "" "" 2174.10889 4338.979 3433.72159 7.0539 "" "" "" "" "" "" 0.0035449408405521673 "" "" "" 267.62005111143 -30.46356142028 2815.39355 3.279999999999999 -2.373000000000002 3.3752500030398367 -1.0393750410079958 0.19143434 0.15543434 "" "" 47.1298630353336 "" 8.888139374335692 ""
267.73188588147 -30.22000285125 0.0668 0.0516 3.5008 "" "" 4056361934071779200 3174.48633 0.33 0.0778 -7.767 -5.421 0.076 0.05 0.986 6491.3 3.5386 16.848148 3.24041 18.731441 15.491032 "" "" 2527.8999 4005.61426 3433.10848 3.1122 439.38 21.475 5043.7 37.473 "" "" 0.002925838741491868 0.053139407 0.008908123 0.06204753 267.73188588147 -30.22000285125 3174.48633 -7.766999999999998 -5.420999999999999 -7.6717499969601635 -4.087375041007996 0.16243434 0.13643435 "" "" 130.79906064973915 "" 20.542890885987223 ""
267.95284404854 -30.17549013324 0.059 0.0467 14.8931 "" "" 4056365782358258560 3320.95239 0.3093 0.0644 -1.339 -2.194 0.08 0.049 1.054 5126.2 4.4463 16.84918 1.522264 17.510353 15.988089 "" "" 2697.73389 4006.05273 3429.84921 2.3436 1352.9 15.296 3191.0 54.565 "" "" 0.002853449332863473 0.012588529 0.018946487 0.031535015 267.95284404854 -30.17549013324 3320.95239 -1.339 -2.194 -1.243749996960163 -0.8603750410079956 0.16643435 0.13543434 "" "" 23.806151606542628 "" 3.7392843682431836 ""
267.60152854425 -30.45172996923 0.0868 0.0672 15.3267 "" "" 4055982435070421632 2291.35571 0.4852 0.1194 -0.54 -0.74 0.102 0.069 1.358 4871.1 4.726 16.849426 1.541595 17.506363 15.964767 "" "" 1620.15088 3290.70337 3429.0716 4.3898 1357.9 13.406 3260.3 59.415 "" "" 0.003086047794785678 0.011076226 0.02014394 0.031220164 267.60152854425 -30.45172996923 2291.35571 -0.5400000000000001 -0.7400000000000004 -0.44474999696016315 0.5936249589920044 0.18843433 0.15543434 "" "" 8.056166737314312 "" 1.3538072805228245 ""
267.88436009834 -30.30620875203 0.0588 0.0464 12.8454 "" "" 4056362586901318272 2707.75391 0.3662 0.0653 0.006 -1.963 0.08 0.051 1.023 "" "" 16.849573 1.566543 17.519087 15.952544 "" "" 2316.76392 3250.04736 3428.60574 2.2669 1342.1 13.79 3297.2 25.092 "" "" 0.002847298873447032 0.0114995055 0.009085896 0.020585403 267.88436009834 -30.30620875203 2707.75391 0.006000000000000005 -1.963 0.10125000303983689 -0.6293750410079957 0.16643435 0.13743433 "" "" 8.181735145438354 "" 1.1310492268376795 ""
267.9513352989 -30.26593436565 0.0656 0.052 15.1996 "" "" 4056362969225943296 2388.97632 0.4302 0.0709 -1.198 -1.4 0.087 0.055 1.119 5354.1 4.6469 16.849688 1.43606 17.45979 16.02373 "" "" 2065.34229 3013.61938 3428.24634 2.7544 1417.4 12.151 3087.9 43.097 "" "" 0.002890111369965426 0.009716941 0.015617529 0.02533447 267.9513352989 -30.26593436565 2388.97632 -1.198 -1.4 -1.102749996960163 -0.06637504100799552 0.17343435 0.14143434 "" "" 12.509862360720357 "" 2.1683276593428102 ""
267.80899358129 -30.27632917504 0.0654 0.0504 8.5664 "" "" 4056357776573418880 2307.53931 0.4392 0.0701 1.973 -1.86 0.082 0.05 1.042 5575.5 4.5326 16.849812 1.81716 17.62722 15.810061 "" "" 1953.90125 2861.23413 3427.85462 2.6814 1214.9 16.845 3759.5 50.397 "" "" 0.002883246065299592 0.015310484 0.015037246 0.030347731 267.80899358129 -30.27632917504 2307.53931 1.9730000000000003 -1.8599999999999997 2.0682500030398367 -0.5263750410079957 0.16843435 0.13643435 "" "" 23.343109616123687 "" 3.890440798272066 ""
267.4271143786 -30.24651896705 0.0799 0.0636 12.7321 "" "" 4056035413487147904 2519.08594 0.3972 0.0899 -6.351 -6.684 0.101 0.062 0.972 5341.4 4.6307 16.851105 1.68442 17.635292 15.950872 "" "" 2057.92676 3363.88818 3423.77029 2.5428 1205.9 8.7386 3302.2 14.403 "" "" 0.0028708909004629916 0.00834792 0.006058838 0.014406758 267.4271143786 -30.24651896705 2519.08594 -6.3510000000000035 -6.684 -6.255749996960163 -5.350375041007996 0.18743435 0.14843434 "" "" 98.29037139607624 "" 16.90989663285789 ""
267.37580411612 -30.26077763584 0.0709 0.0562 15.5132 "" "" 4056035516552857728 2716.49658 0.4285 0.0959 -0.298 -2.656 0.089 0.059 1.079 5094.4 4.7018 16.85117 1.581369 17.482632 15.901262 "" "" 2054.96997 4643.54834 3423.57034 2.2069 1387.9 8.7212 3456.6 97.41 "" "" 0.002842820898332647 0.007370977 0.030829526 0.038200505 267.37580411612 -30.26077763584 2716.49658 -0.2979999999999999 -2.6559999999999997 -0.2027499969601631 -1.3223750410079957 0.17543435 0.14543435 "" "" 17.226130432362627 "" 2.5183306866773356 ""
267.36905703636 -30.11986565147 0.0644 0.0502 16.2558 "" "" 4056424262633253248 2787.62622 0.3719 0.0776 -0.505 -6.658 0.079 0.051 1.036 4801.4 4.4454 16.851673 1.630066 17.63584 16.005774 "" "" 2277.51831 3729.83765 3421.98164 2.06 1205.3 10.203 3139.4 8.2574 "" "" 0.0028317813949331806 0.009605067 0.004736989 0.014342056 267.36905703636 -30.11986565147 2787.62622 -0.5050000000000003 -6.658000000000004 -0.4097499969601631 -5.324375041007996 0.16543435 0.13743433 "" "" 70.56084442828555 "" 9.710291196570259 ""
267.66186242209 -30.05924365491 0.0601 0.0476 8.6119 "" "" 4056416639154346368 2315.54565 0.4455 0.0688 1.751 -1.079 0.076 0.05 1.055 5086.4 4.372 16.85266 1.705644 17.627974 15.92233 "" "" 1991.2594 2730.6958 3418.87332 2.4355 1214.0 9.6181 3390.2 23.451 "" "" 0.0028618187336746917 0.009043114 0.008407683 0.017450798 267.66186242209 -30.05924365491 2315.54565 1.7509999999999997 -1.0789999999999997 1.8462500030398368 0.25462495899200444 0.16243434 0.13643435 "" "" 20.455667189303384 "" 3.313557539986115 ""
267.40548285538 -30.18820825565 0.0753 0.0605 13.6109 "" "" 4056411863149526656 2912.74463 0.3771 0.0962 2.439 -3.628 0.081 0.059 1.091 5351.1 4.6818 16.853344 1.578818 17.564056 15.985238 "" "" 2381.8335 3565.68042 3416.71597 2.5834 1287.6 8.2172 3199.4 14.998 "" "" 0.0028750162544030292 0.0074696285 0.0063394327 0.013809061 267.40548285538 -30.18820825565 2912.74463 2.4390000000000005 -3.628 2.534250003039837 -2.2943750410079957 0.16743433 0.14543435 "" "" 47.19809481475482 "" 7.452786665623929 ""
267.55033311766 -30.13612973336 0.0633 0.0494 7.2686 "" "" 4056413061382899200 2583.24463 0.4037 0.0742 1.674 -4.991 0.077 0.05 1.064 5276.8 4.6584 16.853575 1.488102 17.533947 16.045845 "" "" 2166.65308 3325.10425 3415.99428 2.3165 1323.8 10.206 3025.7 18.012 "" "" 0.0028519973258921707 0.008823395 0.007487265 0.01631066 267.55033311766 -30.13612973336 2583.24463 1.6739999999999997 -4.991 1.7692500030398368 -3.6573750410079953 0.16343434 0.13643435 "" "" 49.747720696255335 "" 7.061672103635584 ""
267.44875543672 -30.37996025281 0.0675 0.0545 15.5386 "" "" 4056030641810586752 2369.08423 0.4288 0.0843 -1.535 -2.604 0.083 0.054 0.993 5220.5 4.6023 16.853882 1.636345 17.621096 15.984751 "" "" 1939.67957 3070.53735 3415.02667 2.0293 1221.7 11.11 3200.8 21.19 "" "" 0.002829847713435826 0.010260226 0.00812086 0.018381085 267.44875543672 -30.37996025281 2369.08423 -1.5350000000000001 -2.604 -1.439749996960163 -1.2703750410079957 0.16943434 0.14043434 "" "" 21.56153495401914 "" 3.393755828471784 ""
267.5231682988 -30.09787844537 0.0678 0.0526 9.7752 "" "" 4056414096532494720 2793.44678 0.3769 0.0789 -0.259 -1.916 0.083 0.054 1.071 5481.2 4.5218 16.85444 1.858812 17.704319 15.845507 "" "" 2284.81641 3432.59253 3413.27052 2.4861 1131.6 6.8981 3638.8 37.523 "" "" 0.0028665606401128735 0.0071826074 0.011816708 0.018999316 267.5231682988 -30.09787844537 2793.44678 -0.259 -1.916 -0.16374999696016312 -0.5823750410079955 0.16943434 0.14043434 "" "" 8.010217429048243 "" 1.143532526737399 ""
267.74967434584 -30.26400072869 0.0738 0.0571 5.6318 "" "" 4056360937634254848 2635.15894 0.3872 0.0848 -3.009 -2.783 0.093 0.059 1.043 4779.1 3.2656 16.854538 3.038185 18.513145 15.47496 "" "" 2086.96631 3502.56006 3412.9623 4.726 537.23 15.218 5118.9 41.547 "" "" 0.003138809566174572 0.030881723 0.009588517 0.040470243 267.74967434584 -30.26400072869 2635.15894 -3.0089999999999972 -2.7829999999999995 -2.913749996960163 -1.4493750410079955 0.17943434 0.14543435 "" "" 40.64863757976864 "" 7.041226827638948 ""
267.49732712538 -30.39068123861 0.0719 0.0559 14.3128 "" "" 4055983461571130112 3107.76099 0.3457 0.0913 -0.519 0.206 0.088 0.056 1.014 8415.5 3.6008 16.85532 3.246005 18.699139 15.453134 "" "" 2439.26367 4250.87744 3410.50444 4.1619 452.65 7.4266 5222.8 49.052 "" "" 0.0030573296279692154 0.018030794 0.010874972 0.028905766 267.49732712538 -30.39068123861 3107.76099 -0.5189999999999996 0.206 -0.42374999696016313 1.5396249589920044 0.17443433 0.14243434 "" "" 23.52322244972623 "" 3.4089651127465417 ""
267.44972501055 -30.36908347686 0.0749 0.0623 15.0622 "" "" 4056030641810619648 2878.67383 0.3478 0.0984 -3.565 -9.657 0.092 0.063 1.164 5259.1 4.6789 16.855888 1.428444 17.451132 16.022688 "" "" 2271.19873 3817.302 3408.72187 2.5409 1428.8 13.55 3090.9 12.284 "" "" 0.002871722204088877 0.010667904 0.005736097 0.016404001 267.44972501055 -30.36908347686 2878.67383 -3.565 -9.657 -3.469749996960163 -8.323375041007996 0.17843434 0.14943434 "" "" 123.04485071099796 "" 18.95782138466864 ""
267.76750304843 -30.01729544358 0.0875 0.0702 12.2774 "" "" 4056418387161823616 3226.15308 0.3417 0.0987 -1.089 -0.572 0.112 0.072 1.131 6927.8 3.9224 16.856573 3.058557 18.53058 15.472024 "" "" 2542.74854 4277.01953 3406.57257 4.8474 528.67 12.272 5132.7 45.84 "" "" 0.003158903607685111 0.025357137 0.010407176 0.035764314 267.76750304843 -30.01729544358 3226.15308 -1.088999999999999 -0.5720000000000003 -0.9937499969601631 0.7616249589920044 0.19843435 0.15843433 "" "" 19.146198245142457 "" 3.535262455795199 ""
267.62546643936 -30.10656963898 0.0617 0.0485 6.1643 "" "" 4056410587457485824 2726.36523 0.3915 0.0722 2.328 0.039 0.084 0.056 1.054 5138.4 4.3999 16.856766 1.412359 17.494038 16.081678 "" "" 2333.59229 3241.69336 3405.96888 2.0456 1373.4 11.661 2927.4 23.236 "" "" 0.0028314315264280727 0.009631556 0.009410243 0.019041799 267.62546643936 -30.10656963898 2726.36523 2.328 0.039000000000000014 2.4232500030398367 1.3726249589920043 0.17043434 0.14243434 "" "" 35.990509230464326 "" 5.905060977189294 ""
267.70688063777 -30.42538152246 0.0684 0.0522 13.5167 "" "" 4056354752991016832 2422.646 0.4737 0.0857 -1.115 -4.834 0.083 0.052 1.016 4794.4 4.3754 16.857002 1.401072 17.448097 16.047026 "" "" 1996.47693 3034.01489 3405.22767 2.3848 1432.8 15.347 3022.4 46.115 "" "" 0.0028583151596112562 0.011959558 0.016991533 0.028951092 267.70688063777 -30.42538152246 2422.646 -1.115 -4.834 -1.019749996960163 -3.5003750410079952 0.16943434 0.13843435 "" "" 41.867004417212414 "" 5.907655761149662 ""
267.90723396417 -30.34590476954 0.1204 0.0962 15.1085 "" "" 4056350530996434944 2786.61865 0.5331 0.1314 -3.574 -0.825 0.159 0.104 1.841 "" "" 16.8574 3.970865 19.22999 15.259125 "" "" 1741.5636 4528.80664 3403.97543 9.6902 277.6 11.672 6244.7 49.587 "" "" 0.004140630470820945 0.04573617 0.009413459 0.05514963 267.90723396417 -30.34590476954 2786.61865 -3.573999999999998 -0.8249999999999998 -3.478749996960163 0.5086249589920044 0.24543434 0.19043434 "" "" 46.43785588179084 "" 11.349878842975782 ""
267.78339735284 -30.09512284508 0.0633 0.0517 8.8246 "" "" 4056415745800855552 2786.9126 0.3835 0.0661 0.411 -1.402 0.079 0.051 1.037 5356.7 4.5523 16.858646 1.639371 17.60875 15.969378 "" "" 2285.83618 3391.02686 3400.07477 2.0268 1235.7 10.692 3246.4 31.301 "" "" 0.0028303132397044114 0.009800015 0.011129745 0.020929761 267.78339735284 -30.09512284508 2786.9126 0.41099999999999987 -1.402 0.5062500030398369 -0.06837504100799552 0.16543435 0.13743433 "" "" 6.748265598854 "" 1.1132920068801875 ""
267.86956424527 -30.06352130696 0.0732 0.0547 13.408 "" "" 4056370798923162880 2738.89282 0.3866 0.0796 0.983 -0.38 0.086 0.052 1.14 "" "" 16.858932 2.020087 17.429953 15.409865 "" "" 2217.98535 3861.15454 3399.17927 3.9635 1456.9 13.005 5435.2 224.29 "" "" 0.003032245256248069 0.010085447 0.04496331 0.055048756 267.86956424527 -30.06352130696 2738.89282 0.983 -0.38 1.078250003039837 0.9536249589920044 0.17243434 0.13843435 "" "" 18.687479588440695 "" 2.9603403185406596 ""
267.71939420162 -29.98731518252 0.0623 0.0515 13.2015 "" "" 4056421651294290048 2619.64844 0.4018 0.0739 -3.009 -4.905 0.082 0.054 1.089 4855.7 4.3811 16.859125 1.432632 17.520514 16.087881 "" "" 2127.29028 3139.6792 3398.57311 2.0092 1340.3 9.5609 2910.8 17.374 "" "" 0.002829097677418697 0.008232251 0.007502082 0.015734334 267.71939420162 -29.98731518252 2619.64844 -3.0090000000000017 -4.905000000000002 -2.913749996960163 -3.571375041007996 0.16843435 0.14043434 "" "" 57.23296343219602 "" 8.7133138468855 ""
