Clusters/Basel_8/Basel_8_stars_fromDR3_dis.tsv
# %ECSV 1.0
# ---
# datatype:
# - name: _r
#   unit: ''
#   datatype: float64
#   format: '{:7.4f}'
#   description: Distance from center (098.55820660000+08.03809416000)[ICRS], at Epoch=J2016.0
#   meta: !!omap
#   - {ucd: POS_ANG_DIST_GENERAL}
#   - {width: 7}
#   - {precision: '4'}
# - name: Source
#   datatype: int64
#   description: Source identifier, identical to the Gaia-EDR3 source_id (id)
#   meta: !!omap
#   - {ucd: ID_MAIN}
#   - {width: 19}
# - name: RA_ICRS
#   unit: deg
#   datatype: float64
#   format: '{:15.11f}'
#   description: Barycentric right ascension (ICRS) at Ep=2016.0 (ra)
#   meta: !!omap
#   - {ucd: POS_EQ_RA_MAIN}
#   - {width: 15}
#   - {precision: '11'}
# - name: DE_ICRS
#   unit: deg
#   datatype: float64
#   format: '{:15.11f}'
#   description: Barycentric declination (ICRS) at Ep=2016.0 (dec)
#   meta: !!omap
#   - {ucd: POS_EQ_DEC_MAIN}
#   - {width: 15}
#   - {precision: '11'}
# - name: rgeo
#   unit: pc
#   datatype: float64
#   format: '{:15.8f}'
#   description: '? Median of the geometric distance posterior (r_med_geo)'
#   meta: !!omap
#   - {ucd: PHYS_DISTANCE_TRUE}
#   - {width: 15}
#   - {precision: '8'}
#   - values: {'null': .nan}
# - name: b_rgeo
#   unit: pc
#   datatype: float64
#   format: '{:14.8f}'
#   description: '? 16th percentile of the geometric distance posterior (r_lo_geo)'
#   meta: !!omap
#   - {ucd: ERROR}
#   - {width: 14}
#   - {precision: '8'}
#   - values: {'null': .nan}
# - name: B_rgeo
#   unit: pc
#   datatype: float64
#   format: '{:14.8f}'
#   description: '? 84th percentile of the geometric distance posterior (r_hi_geo)'
#   meta: !!omap
#   - {ucd: ERROR}
#   - {width: 14}
#   - {precision: '8'}
#   - values: {'null': .nan}
# - name: rpgeo
#   unit: pc
#   datatype: float64
#   format: '{:15.8f}'
#   description: '? Median of the photogeometric distance posterior (r_med_photogeo)'
#   meta: !!omap
#   - {ucd: PHYS_DISTANCE_TRUE}
#   - {width: 15}
#   - {precision: '8'}
#   - values: {'null': .nan}
# - name: b_rpgeo
#   unit: pc
#   datatype: float64
#   format: '{:14.8f}'
#   description: '? 16th percentile of the photogeometric distance posterior (r_lo_photogeo)'
#   meta: !!omap
#   - {ucd: ERROR}
#   - {width: 14}
#   - {precision: '8'}
#   - values: {'null': .nan}
# - name: B_rpgeo
#   unit: pc
#   datatype: float64
#   format: '{:14.8f}'
#   description: '? 84th percentile of the photogeometric distance posterior (r_hi_photogeo)'
#   meta: !!omap
#   - {ucd: ERROR}
#   - {width: 14}
#   - {precision: '8'}
#   - values: {'null': .nan}
# - name: Flag
#   datatype: int32
#   description: Flag (flag) (1)
#   meta: !!omap
#   - {ucd: CODE_MISC}
#   - {width: 5}
# meta: {ID: I_352_gedr3dis, description: Estimating distances from parallaxes (1467744818 sources), name: I/352/gedr3dis}
# schema: astropy-2.0
_r Source RA_ICRS DE_ICRS rgeo b_rgeo B_rgeo rpgeo b_rpgeo B_rpgeo Flag
[from data line 754]
15.709 3326014225825977600 98.4071451364 7.82323888368 1189.26672 1102.323 1286.23157 1246.67896 1143.97302 1367.57654 10033
15.7152 3326015321039912064 98.36192445057 7.86255858603 1416.18823 1112.42017 2004.44995 2126.16675 1859.91589 2504.83643 10033
15.7166 3326014981736948608 98.39019147355 7.83579827373 1241.53882 735.817932 2970.8999 "" "" "" 99
15.7336 3326125517017863808 98.70538604362 8.25612141258 1675.48218 1464.9165 1919.73523 1649.48828 1477.57654 1895.04492 10033
15.7366 3325971241793751424 98.76326781016 7.87213016671 1720.96277 1654.72302 1793.39819 1718.23438 1646.15137 1802.41284 10033
15.7399 3326046970656124672 98.43760946986 8.27168899737 1178.17444 1138.89453 1230.64954 1188.32214 1150.07117 1232.30029 10033
15.7657 3326072225063697024 98.82292563692 8.05656527868 1294.03711 1176.23657 1482.09192 1315.85425 1196.11145 1485.18628 10033
15.7698 3325971241793753984 98.76109961102 7.86867769685 1333.77576 1056.26196 1767.78748 974.052307 879.423767 1563.43176 10133
15.7843 3326045080870532224 98.35158801781 8.20352476471 1223.06238 1136.8501 1318.51978 1272.79419 1186.11658 1360.71863 10033
15.7921 3326125826255513088 98.67161231641 8.27615539208 1574.51184 1343.22827 1811.87549 1589.66882 1399.79053 1810.93213 10033
15.8088 3326138260186012544 98.59024653845 8.2996579943 1551.42456 1043.26343 2755.01733 1052.50769 922.969421 1196.83154 10033
15.8187 3326032333408062208 98.29407648881 8.00489668888 1560.31128 1395.69946 1799.29956 1561.49719 1399.45544 1755.39648 10033
15.8211 3326019890886708352 98.30232377921 7.96514100521 1474.06079 758.090088 2201.5127 2185.93188 1885.65137 2497.93042 10033
15.8243 3326138260185987712 98.58696606386 8.30029221931 1533.32202 1491.3584 1578.20056 1517.85156 1476.19202 1580.53333 10033
15.8261 3326018585215145472 98.33306037689 7.89718065332 1506.78735 1453.95251 1548.95679 1501.40222 1450.65881 1554.81604 10033
15.8262 3326125512722629248 98.71726783905 8.24971097372 1228.74133 985.237122 1638.24402 1911.88135 1662.69885 2381.99512 10033
15.836 3325977357827117952 98.82276861375 8.00599037697 1468.52173 1381.00537 1557.54761 1473.69128 1392.92957 1557.77429 10033
15.8451 3325973578257018752 98.80729893788 7.94378959734 1435.10059 813.954773 2737.45288 1121.46631 994.442322 1274.84155 10033
15.8466 3326121153331093504 98.78166530302 8.18236586717 1288.15784 881.865906 2253.729 1860.29419 1383.87915 2482.39355 10033
15.8515 3326014221528188288 98.40578917538 7.82128069548 1627.49158 988.702454 2264.56128 2325.15063 1946.57251 4069.3811 10033
15.8657 3325966976893314944 98.46348851452 7.79086797986 1580.82275 661.203796 2890.7417 8532.85352 7224.82422 11356.5771 20033
15.877 3326137572991237376 98.66160975796 8.28211368773 1228.64978 992.88678 1529.72827 1489.2699 1303.13477 1687.51978 10033
15.8908 3325965155820797824 98.71693005542 7.82494955128 1702.21106 1625.58496 1817.35803 1685.13501 1598.42517 1784.30676 10033
15.9014 3326047554771934208 98.50340217612 8.29750544106 1224.32141 651.66449 2030.82886 2624.11719 2203.27734 3309.62744 10033
15.9099 3326018585215124736 98.33646462656 7.88947665344 1682.08423 1549.62122 1900.64001 1731.84216 1565.02161 1886.28455 10033
15.9102 3326045115230267904 98.36157852342 8.21816579473 1345.79614 1282.30652 1429.40393 1357.80237 1276.99316 1434.66846 10033
15.9173 3326047486052194176 98.47413031951 8.28998973416 1315.39258 1266.66028 1361.34387 1334.67285 1278.05408 1395.74316 10033
15.9176 3326033364200192512 98.29070813731 8.05316126225 1730.11462 1475.37329 2100.32983 1942.42236 1679.58289 2289.86768 10033
15.9187 3325971860269029632 98.78161826628 7.89168330027 1712.22632 1222.57544 2588.75 1151.79065 1032.33716 1283.80347 10033
15.9631 3326138260186013824 98.58828479921 8.30247465183 1407.97754 784.941162 3276.18823 2022.56384 1776.51648 2351.71826 10033
15.9635 3326019478568409728 98.31570334436 7.92358245377 1255.20618 763.161011 2250.47925 2428.14404 2062.52881 2858.92822 10033
15.9721 3325964812223370624 98.65638936491 7.79029058251 1365.47107 1118.39746 1638.39124 1097.66785 1005.84674 1283.94336 10033
16.0024 3325977525326789760 98.82745304606 8.03067310575 1375.0094 1315.42517 1433.70825 1350.20654 1295.1311 1414.60242 10033
16.0061 3326047279893768064 98.44498874653 8.28017990062 1396.099 1170.39221 1652.58472 1617.9657 1421.26721 2117.21631 10033
16.0078 3325976670632361344 98.81910885193 7.97153191224 1429.69446 1325.59314 1520.62085 1408.48621 1320.23962 1508.86487 10033
16.0313 3326044939135086464 98.3325750817 8.18470011614 1394.86194 1245.40173 1641.42383 1644.01465 1451.89294 1879.31445 10033
16.0379 3326013882228592128 98.43871921143 7.79842301788 1502.21326 1408.72217 1602.35059 1560.0647 1470.95752 1670.06702 10033
16.0426 3326019581647649792 98.30972286309 7.93350859445 1739.76379 1320.23181 2217.57593 2623.92749 2056.35254 3344.5874 10033
16.0526 3325971237494539648 98.76952592565 7.8714254315 1573.81836 1330.13635 1892.02527 1586.83813 1350.68457 1932.50098 10033
16.0549 3326044973495915136 98.34206300477 8.19876103871 1527.03687 774.594299 2760.98926 1514.50635 1270.06384 2871.40601 11033
16.0715 3326137641710697344 98.63908653397 8.29370848769 1429.16626 1392.46826 1462.64307 1415.60388 1386.91895 1448.03638 10033
16.0764 3326019581647639040 98.31109408571 7.92898464392 1330.22046 1112.56689 1718.51282 906.324646 799.172363 1258.54785 10033
16.0786 3326124486225708416 98.75263042139 8.22455352683 1418.78857 1312.45093 1535.47754 1406.58057 1324.84692 1494.93323 10033
16.0862 3326019860823054464 98.30130061553 7.95350240509 1672.1991 1468.57898 1909.56995 1687.98975 1544.84705 1858.42285 10033
16.0906 3326033364200190080 98.28825639677 8.05986937229 1165.26794 1116.63293 1222.79761 1183.79517 1131.93359 1226.26587 10033
16.104 3326045076574078080 98.35079414604 8.21094560484 1574.59961 1390.18591 1852.13049 1617.66602 1435.43481 1824.79724 10033
16.1125 3326044939135095936 98.33496125992 8.19063620866 1560.73511 1396.49976 1794.0282 1634.37317 1482.82703 1871.63416 10033
16.1227 3325971963348235776 98.79520354129 7.90725366263 1198.13245 929.46283 1833.49951 920.823669 768.562134 1127.23645 10033
16.1251 3326045115230268672 98.35627992491 8.21772650851 1250.96326 1222.40417 1280.70959 1238.10754 1208.86304 1272.2782 10033
16.1355 3326045076578017408 98.35077936595 8.21174470533 1678.66431 714.694946 5155.97412 6216.64209 4803.99854 8652.22949 10033
16.1393 3325971237494535168 98.76825691334 7.86756986908 1441.63245 1204.04016 1735.59705 1431.14746 1170.89636 1881.33374 10033
16.142 3326120324402417792 98.80192355342 8.15708971896 1643.93506 1033.68506 2395.15576 1756.0614 1426.03687 1979.54272 10033
16.1437 3326044943431583872 98.3326283037 8.18816782294 1469.45361 1334.85522 1618.18396 1474.0365 1365.14136 1579.72302 10033
16.1746 3326137607351444736 98.66926902772 8.28423437841 1517.22424 891.738098 2945.68774 828.897949 691.816345 950.084839 10033
16.2001 3326124791169247232 98.73867704192 8.2405396656 1609.07971 971.243164 2471.7771 4765.27734 4120.65137 5970.18799 20033
16.2032 3326120255682509824 98.80784542251 8.14692467657 1252.64075 1186.93518 1319.51538 1275.59741 1205.79749 1333.59119 10033
16.2038 3326119671566928128 98.81542571047 8.1279870807 1338.8269 955.297729 1837.35217 2968.97461 2432.3833 4707.88184 10033
16.2043 3326121389553954048 98.77648257394 8.20009535735 1352.34302 798.373169 2717.02515 2248.38281 1891.03088 2956.49316 10033
16.2184 3326121393849257088 98.77837725738 8.19796073053 1341.73499 1305.12073 1380.7738 1360.86694 1316.96301 1397.2467 10033
16.2382 3326033261120987520 98.28489217859 8.03611108051 1689.48755 1612.05908 1779.59521 1684.78088 1600.75293 1745.62854 10033
16.2401 3326125860615248128 98.67277579533 8.28385742172 1237.44336 1082.875 1404.49414 1473.00513 1334.79065 1698.55249 10033
16.2488 3325977460906326400 98.83115924846 8.02104179041 1312.13025 1168.94885 1540.12012 1349.39319 1184.34338 1645.30176 10033
16.2916 3325977456607307904 98.83216770533 8.02636795275 1176.26001 978.806213 1592.13831 1213.09827 1089.65991 1343.74048 10033
16.2953 3326125581442129920 98.70025030301 8.27045064357 1565.62976 1182.79224 2415.08594 1881.82605 1611.57373 2454.62085 10033
16.3006 3326137920883427584 98.6243196969 8.30177073939 1348.93323 1289.49329 1413.05896 1362.41882 1309.78577 1415.1853 10033
16.3023 3325963235974804096 98.60492716761 7.77035861801 1319.9165 1264.92261 1366.61548 1310.11011 1264.21521 1355.51599 10033
16.305 3325970996976325760 98.73480975886 7.83011796822 1738.26416 1044.36389 2753.93823 1894.20959 1660.96692 2141.71753 10033
16.3135 3325965984753288704 98.51687075497 7.76930241804 1690.06555 1482.25769 1991.01477 1772.9519 1610.4707 1975.8728 10033
16.3286 3326035249688733312 98.29297063123 8.10950319385 1727.38708 1533.60474 1925.72791 1799.57275 1578.32581 2003.12866 10033
16.3308 3325966156548650752 98.56912417892 7.76612899032 1565.83582 1291.95752 1833.15845 1740.74792 1468.33154 2135.46362 10033
16.3365 3326138466344446592 98.54543428192 8.310074989 1257.25452 1122.74011 1400.0498 1198.55249 1092.20874 1365.47046 10033
16.362 3326137646006113280 98.65022118045 8.2951336195 1359.16187 1298.06812 1412.03735 1369.28796 1316.77954 1441.60754 10033
16.3686 3326047692210625920 98.45860594 8.29246551115 1702.70374 1650.37903 1766.76489 1679.91223 1621.95618 1734.76282 10033
16.4012 3325966942528107776 98.45722152212 7.78369777278 1629.50159 1508.71411 1739.20264 1651.58557 1536.0498 1760.50647 10033
16.4023 3326033256827646976 98.28216135434 8.04274918773 1567.47046 634.421387 4497.38916 2623.61548 2342.90112 3037.56323 10033
16.4046 3325965950393541120 98.54413183403 7.76504046336 1594.18445 1321.24609 2092.31836 1449.47424 1266.49719 1673.34192 10033
16.4155 3326045561906863744 98.36663287522 8.23529212907 1367.78394 1287.95728 1468.15979 1434.75964 1355.34924 1539.04321 10033
16.4176 3325966942530129792 98.45841819203 7.78294279626 1529.98438 1213.73376 1957.05188 1637.34509 1359.44592 2061.74512 10033
16.4179 3326047520411932160 98.47317224665 8.29845852191 1377.11389 1300.37634 1475.2074 1403.46472 1327.87866 1534.19971 10033
16.4291 3325964713440693120 98.64805486278 7.77914101365 1171.26526 900.492676 1928.80774 1712.42114 1429.78259 2056.67578 10033
16.4349 3325990758124678784 98.40378186825 7.81085819245 1733.50659 1526.96313 2176.57715 1902.11853 1637.03369 2321.37378 10033
16.4535 3326013882228597120 98.43344763076 7.79328837848 1301.86731 1178.42517 1444.6582 1415.27673 1271.42334 1588.25024 10033
16.4609 3325971993408819328 98.8011697923 7.90629211665 1263.50195 1069.79517 1530.86255 1062.70374 932.132263 1348.13354 10033
16.4621 3326018619579307136 98.31959949918 7.89867047495 1525.33484 765.601929 2633.48999 4884.88135 3727.01904 6547.98145 10033
16.4698 3325976670632361216 98.82565962744 7.96595906616 1606.31982 1490.89966 1775.43652 1665.70447 1519.31055 1789.81763 10033
16.4737 3326124516290174848 98.767990481 8.21769093695 1540.74524 1357.71045 1786.78284 1652.01343 1458.65649 1960.13892 10033
16.4845 3325977147369665792 98.8337233391 8.00566814776 1252.75525 1030.1676 1437.73608 1215.28772 1087.14453 1401.75623 10033
16.4862 3326044939135084928 98.32283887189 8.18370839428 1642.88538 1118.23035 3169.77441 3138.12134 2480.36914 4080.24927 10033
16.4953 3325966083534606592 98.57146748575 7.76348601932 1472.23328 1346.96594 1590.06995 1468.90637 1375.71228 1591.34802 10033
16.4959 3325963235974806912 98.60157141887 7.76653828936 1537.97986 1288.11206 1831.19104 1486.54944 1288.65234 1714.91138 10033
16.5008 3326137607350959104 98.66854303172 8.29048941403 1708.57446 1649.65942 1768.05103 1701.29297 1644.26001 1768.77002 10033
16.5018 3325977048589477504 98.83087000781 7.98574385021 1607.08044 1466.31775 1745.22058 1597.50745 1468.94775 1742.62817 10033
16.5174 3326072568661062272 98.83210631689 8.08541185435 1368.48645 1312.04956 1419.6842 1360.86499 1304.10608 1423.35291 10033
16.5226 3326031710635422720 98.28483218884 7.98759136773 1237.08374 1095.45227 1380.88635 1523.6554 1368.396 1738.20129 10033
16.5451 3326033359906851328 98.28054437857 8.05940983875 1420.17163 782.454773 2201.41162 3502.19995 2914.21729 4431.09912 10033
16.5496 3326072156344217472 98.83652047504 8.04987879298 1599.83435 1444.77161 1845.57104 1695.79578 1516.38831 1931.80273 10033
16.5545 3325966706307808128 98.47855838943 7.77370492198 1578.60889 1431.83325 1741.6001 1632.41187 1479.75366 1853.5105 10033
16.5707 3326038208922883328 98.2890361896 8.11056049047 1605.13867 1441.94348 1843.6781 1555.39661 1364.1748 1786.68494 10033
16.5988 3326137611645768704 98.66714895965 8.2928583452 1392.10242 1360.71631 1444.58752 1414.11719 1366.93738 1467.1864 10033
16.6108 3326038720026154752 98.30207915211 8.14919398352 1596.75647 1166.0686 2543.25854 2208.41089 1828.84949 2815.04297 10033
16.6384 3325971035635335680 98.75894450656 7.84477538958 1256.72119 1017.59949 1756.50244 1120.14563 1023.0061 1272.03174 10033
16.6564 3325977044290419840 98.83262523447 7.98132768893 1448.29492 1269.2511 1665.64124 1386.35193 1252.75073 1530.1626 10033
16.6674 3326018555153017600 98.32250518818 7.88750022642 1672.80103 1501.95068 1904.84363 1778.94739 1621.76331 1981.46741 10033
16.6688 3326045699345813120 98.38704686746 8.25825971274 1668.73499 1443.61694 2048.35767 1905.51343 1674.79065 2266.69165 10033
16.6695 3326031607556152832 98.28805435969 7.9631409776 1429.48743 1114.76343 1919.9187 1244.54626 1100.83423 1675.08911 10033
16.6739 3325964640424672512 98.6771883361 7.78642158266 1297.4176 852.665833 2861.44238 1247.21069 1113.59509 1396.7373 11033
16.678 3326137607350587136 98.67217638874 8.29213760122 1738.28088 1369.12366 2301.22778 2191.55957 1826.59155 2853.28052 10033
16.6861 3326138363265233792 98.58884077638 8.31453713058 1356.55029 1302.53955 1405.3219 1340.22034 1297.49084 1398.14331 10033
16.6892 3326019414146470528 98.30631541105 7.91504062699 1612.63696 1499.92725 1734.08215 1655.51013 1531.73401 1801.69141 10033
16.7016 3326019478568410880 98.30194384469 7.92372799607 1655.88684 1337.11719 2081.40405 1708.45154 1465.39648 2145.09668 10033
16.7157 3326047516115598976 98.48196892222 8.30627320824 1243.51025 888.938843 1914.78772 1211.07629 1066.13977 1340.9718 10033
16.7265 3326124516290509312 98.76237328217 8.23010050785 1202.61816 728.201111 1745.35938 1072.11206 874.981384 1293.91138 10033
16.7282 3325973715694860544 98.83038281349 7.96676711493 1621.15466 1386.79443 1973.18445 1698.44641 1465.87476 1958.55664 10033
16.7468 3325994876995602304 98.33251808382 7.87092889473 1400.26294 1313.60779 1537.16272 1409.47632 1321.57886 1526.58875 10033
16.7498 3325990758124683008 98.39591505489 7.80985247695 1681.07593 1414.4248 2100.35889 1702.81592 1477.15039 1982.56909 10033
16.7559 3326121565647943296 98.78009369555 8.21054236467 1462.94238 1350.47241 1591.01917 1534.61963 1403.08508 1732.29395 10033
16.7595 3325971138714545408 98.76527189734 7.84844951996 1611.70459 1459.80444 1815.32629 1563.88696 1437.6499 1745.44507 10033
16.783 3326141425576770688 98.53254791814 8.31665590602 1467.58105 1429.8241 1512.36694 1474.38672 1424.526 1531.16418 10033
16.7853 3325971031336305280 98.75714171858 7.83949202212 1237.33301 785.789551 1777.64709 981.337524 811.534119 1135.66504 10033
16.7904 3326125684521353088 98.70624872796 8.27649595055 1308.75476 946.906189 1894.39661 1237.297 1013.72614 1783.11621 10033
16.7912 3326038685662619008 98.29295256636 8.13479125906 1371.23547 1105.31763 1679.34399 1710.2804 1458.69666 2101.67407 10033
16.7963 3326124516290191360 98.76396603226 8.23012580577 1667.02588 803.363342 2842.96606 2411.59375 2162.12061 4381.80273 10033
16.8049 3325971035635335936 98.76090300521 7.84279031018 1336.53296 1297.97144 1381.71289 1353.3335 1304.62488 1402.24634 10033
16.8092 3325963231676313216 98.59560439552 7.76040070752 1414.70667 1374.7439 1467.01953 1409.73315 1369.21594 1458.40662 10033
