Clusters/Basel_8/Basel_8_stars_fromDR3_dis.tsv
# %ECSV 1.0
# ---
# datatype:
# - name: _r
#   unit: ''
#   datatype: float64
#   format: '{:7.4f}'
#   description: Distance from center (098.55820660000+08.03809416000)[ICRS], at Epoch=J2016.0
#   meta: !!omap
#   - {ucd: POS_ANG_DIST_GENERAL}
#   - {width: 7}
#   - {precision: '4'}
# - name: Source
#   datatype: int64
#   description: Source identifier, identical to the Gaia-EDR3 source_id (id)
#   meta: !!omap
#   - {ucd: ID_MAIN}
#   - {width: 19}
# - name: RA_ICRS
#   unit: deg
#   datatype: float64
#   format: '{:15.11f}'
#   description: Barycentric right ascension (ICRS) at Ep=2016.0 (ra)
#   meta: !!omap
#   - {ucd: POS_EQ_RA_MAIN}
#   - {width: 15}
#   - {precision: '11'}
# - name: DE_ICRS
#   unit: deg
#   datatype: float64
#   format: '{:15.11f}'
#   description: Barycentric declination (ICRS) at Ep=2016.0 (dec)
#   meta: !!omap
#   - {ucd: POS_EQ_DEC_MAIN}
#   - {width: 15}
#   - {precision: '11'}
# - name: rgeo
#   unit: pc
#   datatype: float64
#   format: '{:15.8f}'
#   description: '? Median of the geometric distance posterior (r_med_geo)'
#   meta: !!omap
#   - {ucd: PHYS_DISTANCE_TRUE}
#   - {width: 15}
#   - {precision: '8'}
#   - values: {'null': .nan}
# - name: b_rgeo
#   unit: pc
#   datatype: float64
#   format: '{:14.8f}'
#   description: '? 16th percentile of the geometric distance posterior (r_lo_geo)'
#   meta: !!omap
#   - {ucd: ERROR}
#   - {width: 14}
#   - {precision: '8'}
#   - values: {'null': .nan}
# - name: B_rgeo
#   unit: pc
#   datatype: float64
#   format: '{:14.8f}'
#   description: '? 84th percentile of the geometric distance posterior (r_hi_geo)'
#   meta: !!omap
#   - {ucd: ERROR}
#   - {width: 14}
#   - {precision: '8'}
#   - values: {'null': .nan}
# - name: rpgeo
#   unit: pc
#   datatype: float64
#   format: '{:15.8f}'
#   description: '? Median of the photogeometric distance posterior (r_med_photogeo)'
#   meta: !!omap
#   - {ucd: PHYS_DISTANCE_TRUE}
#   - {width: 15}
#   - {precision: '8'}
#   - values: {'null': .nan}
# - name: b_rpgeo
#   unit: pc
#   datatype: float64
#   format: '{:14.8f}'
#   description: '? 16th percentile of the photogeometric distance posterior (r_lo_photogeo)'
#   meta: !!omap
#   - {ucd: ERROR}
#   - {width: 14}
#   - {precision: '8'}
#   - values: {'null': .nan}
# - name: B_rpgeo
#   unit: pc
#   datatype: float64
#   format: '{:14.8f}'
#   description: '? 84th percentile of the photogeometric distance posterior (r_hi_photogeo)'
#   meta: !!omap
#   - {ucd: ERROR}
#   - {width: 14}
#   - {precision: '8'}
#   - values: {'null': .nan}
# - name: Flag
#   datatype: int32
#   description: Flag (flag) (1)
#   meta: !!omap
#   - {ucd: CODE_MISC}
#   - {width: 5}
# meta: {ID: I_352_gedr3dis, description: Estimating distances from parallaxes (1467744818 sources), name: I/352/gedr3dis}
# schema: astropy-2.0
_r Source RA_ICRS DE_ICRS rgeo b_rgeo B_rgeo rpgeo b_rpgeo B_rpgeo Flag
[from data line 4387]
37.5591 3325932518368421120 98.25651606476 7.48809245959 1291.44104 1118.849 1589.64661 1336.1123 1203.06396 1537.8772 10033
37.56 3133800862935593856 99.09389119481 7.7059778097 1391.30469 1093.57227 1759.94495 1056.63489 962.622864 1222.98865 10033
37.5634 3326341841633898112 98.68639560015 8.65116819712 1335.41895 689.277588 2307.41455 1182.93555 1000.80939 1356.80029 10033
37.566 3326076103422866816 99.18093635694 8.14715535945 1615.41528 1180.16443 2408.37524 1402.14893 1209.03943 1572.67407 10033
37.5673 3326254464827022848 98.17551755555 8.53671419777 1232.04407 716.489197 2113.78101 2000.51062 1678.85364 2238.73682 10033
37.5688 3325919392948741888 98.69325393858 7.42641360604 1178.36243 1117.98779 1251.82397 1191.26917 1126.74243 1253.66394 10033
37.5703 3326254709634761600 98.14786156485 8.51474605036 1304.98694 1221.96033 1388.8573 1313.30798 1232.026 1417.4541 10033
37.5746 3326153309749672448 98.80137935915 8.61627104047 1739.37598 1392.54175 2286.89087 2361.20142 1971.45654 3363.29102 10033
37.5764 3326344216753270784 98.51802072801 8.66310375215 1630.41248 1504.98279 1782.39685 1643.20361 1515.49683 1817.31921 10033
37.5791 3326131358173193600 99.07496808942 8.39960568579 1474.2771 1367.45435 1572.50098 1441.18738 1340.54919 1580.85388 10033
37.5804 3326135859298911744 99.0046602054 8.48204877816 1588.44006 1542.80603 1638.07874 1587.30273 1536.49316 1636.61353 10033
37.5821 3133765884721480576 98.7376359362 7.43748911657 1658.91895 1004.15326 2678.14429 3815.19043 2906.74072 5669.5083 10033
37.5859 3326052670076855168 99.18209207242 7.93466147237 1609.72705 1415.48279 1801.20166 1602.19861 1418.94275 1811.21472 10033
37.5907 3326052674373033984 99.18149617144 7.9307492137 1495.8053 1452.35339 1544.30103 1480.58203 1437.1853 1530.37231 10033
37.5928 3326063394611345408 99.1905395829 8.06170556982 1299.60254 1268.56946 1331.94409 1303.74475 1264.79553 1337.24719 10033
37.606 3326076000343681920 99.18415846205 8.13174502029 1550.08691 821.33197 2929.68896 4442.15527 3616.24048 6317.32227 20033
37.6099 3325998901382337280 97.99568595295 7.75093806292 1725.46289 1520.125 1907.07922 1830.27209 1589.82947 2102.49048 10033
37.61 3325985638523945728 98.04860469462 7.66651013531 1602.36658 1327.83569 1994.13306 1513.36304 1325.77441 1836.51794 10033
37.6158 3326052880531443968 99.18737598946 7.96837141609 1558.28027 1439.4375 1666.11462 1541.17456 1444.60291 1646.63025 10033
37.6169 3326056724526103040 99.19136175684 8.03448204465 1646.24866 985.139465 2559.94385 6880.07275 5356.08545 9696.92285 10033
37.6218 3325915888253015040 98.49025607142 7.41469054941 1302.17798 1202.42529 1481.55432 "" "" "" 10099
37.622 3326254499179550848 98.19626573682 8.55277647823 1233.61487 756.182861 2299.87354 4039.21289 3304.9978 5552.51562 10033
37.6243 3325932479714426624 98.16821086369 7.54421365527 1356.70374 686.56958 2468.9519 "" "" "" 10099
37.6344 3326010957353343488 97.93242233603 7.94118937111 1745.42407 1259.9801 3149.60132 1173.92505 1027.87793 1288.20081 10033
37.635 3325932415289221120 98.1752862899 7.53858627806 1248.64404 1186.5752 1321.90381 1243.31396 1171.56299 1310.77246 10033
37.6354 3133800656775713792 99.09167813606 7.70016639796 1718.32568 1678.1571 1758.98413 1717.78894 1664.6969 1770.06775 10033
37.6366 3326153069234362624 98.83901391155 8.60047722264 1251.92932 723.616272 2215.60229 1726.77271 1510.35181 2022.16797 10033
37.6421 3326136924452094848 98.97208038877 8.51333102453 1293.85535 758.980042 2453.74805 4723.57764 3702.00415 7037.4541 10033
37.6441 3326348958397324160 98.28052834725 8.6021357694 1579.43506 1486.96606 1684.25 1593.82983 1471.08093 1739.53943 10033
37.6552 3326004703882492928 97.94179415569 7.89249951049 1587.57947 671.692078 2568.54175 6780.28857 5174.66943 8767.07617 20033
37.6558 3325915647737479808 98.516482896 7.41186069228 1499.35767 1451.03357 1553.27808 1488.53516 1444.70984 1533.63818 10033
37.6638 3326202276674349056 97.92671830028 8.09394472485 1250.95435 900.200073 1898.61841 2005.41333 1741.82129 2345.50391 10033
37.6644 3325918392217470464 98.60207102886 7.41186132157 1553.38928 1416.30469 1736.552 1576.72498 1421.09839 1805.31897 10033
37.6652 3326079023993782528 99.16380735378 8.22426602991 1499.21228 1039.85486 2437.31128 1053.62585 857.545471 1283.0354 10033
37.6672 3325918048620087424 98.63861540592 7.4153845999 1488.18799 1007.27625 2960.78516 3845.03589 3015.29175 5463.19336 10033
37.6755 3325932479712998400 98.16445562255 7.54605673837 1274.61011 1134.27991 1412.99817 1317.08252 1170.47522 1512.21838 10033
37.682 3326052773156086528 99.18589337235 7.9483570646 1436.97839 1315.24719 1563.05566 1414.65417 1319.61584 1532.27832 10033
37.6862 3326135889362001536 99.00699696524 8.48223262457 1421.99634 768.144775 2377.22192 5645.63086 3672.34741 7650.80029 10033
37.6893 3326338749258396032 98.38551013057 8.64256318001 1665.60742 1386.51013 2052.93652 2070.03174 1834.37732 2405.55347 10033
37.6936 3326341360598551680 98.5932813863 8.66536121599 1389.45898 1162.60706 1721.95447 1676.34204 1433.71277 2104.62622 10033
37.699 3326348511720758656 98.23980608366 8.58171247223 1686.44299 1492.22913 1989.28186 1719.27637 1539.3573 1890.7666 10033
37.6994 3326341841633898624 98.68928247744 8.65288813834 1634.57043 1224.54541 2239.1106 1134.18091 1010.37433 1298.245 10033
37.7037 3326154031304256512 98.73616549212 8.64131669304 1427.33142 1243.59741 1666.08191 1592.64429 1413.97705 1846.54443 10033
37.706 3326148739904315136 98.95397324971 8.52957108909 1245.02393 981.701538 1696.04358 858.760742 752.134094 938.830933 10133
37.7098 3325984088040998912 98.05597266574 7.65407613929 1333.54822 975.26001 1919.4873 1281.83154 1142.53418 1468.36206 10033
37.7112 3325928429560043264 98.34845162813 7.44493412063 1620.19165 1408.8999 1864.70203 1660.47888 1458.79883 1930.82654 10033
37.7138 3326350397209682816 98.34693554369 8.63087937226 1276.20605 1214.50623 1335.24316 1243.51111 1202.92505 1301.65271 10033
37.7155 3326154065663930496 98.79608231366 8.62095810646 1697.65161 1392.67566 2111.6582 2095.65552 1775.29468 2489.01953 10033
37.7192 3326154035600220288 98.74723347388 8.63828203765 1677.43506 1618.54468 1726.49988 1680.03455 1637.55945 1714.92627 10033
37.7203 3326341910360195968 98.67525130445 8.65600710851 1426.65125 1095.10327 1758.09998 1751.18835 1513.56799 2080.979 10033
37.7299 3326079131371447040 99.15725970838 8.2472935971 1476.25098 1353.35938 1612.42371 1530.81091 1385.33398 1681.16833 10033
37.7374 3325979659929481088 98.13607103209 7.56833509765 1395.16272 1350.70349 1448.79333 1382.55652 1336.46582 1419.4491 10033
37.7376 3326004708178101632 97.93986698397 7.89459713118 1339.78857 1293.07056 1396.12085 1332.34387 1289.47253 1384.96936 10033
37.7409 3326348507425216768 98.24496938519 8.58544622696 1355.90259 692.546326 2557.93164 1545.85339 1274.85486 1796.21289 10033
37.7429 3326244844092401664 97.99418161608 8.32796075423 1549.24182 1405.92944 1710.16931 1573.52087 1435.57129 1769.97791 10033
37.7436 3326154035600220032 98.75051546257 8.6376872736 1460.39233 1401.60242 1528.5769 1482.57629 1407.57104 1567.97949 10033
37.7559 3326253163447155072 98.11597972759 8.49025753343 1515.73743 1089.24487 2367.76758 1190.72791 982.393677 1492.83203 10033
37.775 3326153004808366848 98.84802741333 8.59857464726 1445.22974 1337.7876 1561.9093 1420.03613 1313.82458 1548.72473 10033
37.7792 3325918568312567040 98.53729792636 7.40878165972 1615.10962 1017.45367 2314.64722 2541.22388 2235.22095 2912.72534 10033
37.789 3326136645276297728 98.99185446159 8.49908101504 1310.17444 1068.46741 1673.94653 914.029053 829.971741 1001.14697 10033
37.7897 3326131289453717248 99.08750334883 8.38773209452 1589.30225 1509.59302 1660.07031 1583.55103 1498.36914 1665.5282 10033
37.8152 3133798496412894848 99.03002286759 7.61531966392 1571.68591 1400.74146 1795.09753 1560.80725 1418.16772 1706.61487 10033
37.8281 3326149805054476160 98.89987969707 8.57024656577 1184.99561 999.761108 1458.73315 1027.44824 940.338928 1106.72888 10033
37.8316 3326198733324576000 97.92651296871 7.95901601332 1192.22754 796.514648 1850.63 1030.22156 866.759216 1181.42505 10033
37.8406 3326255358173023872 98.19611985971 8.55711083132 1657.99072 1469.30664 1866.48523 1708.84045 1535.79883 1942.29834 10033
37.8502 3326254847073690752 98.1690664082 8.53776680328 1676.30835 1371.5354 2300.34644 1535.93921 1186.38306 1968.52039 10033
37.8584 3326253163446569856 98.10798369574 8.48487571445 1740.73438 1674.91382 1805.45569 1728.0426 1654.30615 1807.52454 10033
37.8607 3326149809352691456 98.90234913253 8.56933064588 1186.8512 1161.0188 1214.50122 1175.19287 1150.33875 1198.43201 10033
37.8668 3325928498279524992 98.32667164574 7.45015681512 1627.05078 1284.53308 2291.59229 2272.58081 1910.6969 2833.42554 10033
37.8695 3326056415292899584 99.19508171298 8.01248680962 1505.40735 800.619629 2707.78223 4082.19507 3408.96973 5054.68799 20033
37.8722 3133791555745771008 98.97329720426 7.55925017843 1282.11719 907.286804 2248.04443 2180.21924 1877.19836 3011.97144 10033
37.8735 3326243302201816704 97.9832395167 8.31111784624 1621.89099 1545.39624 1721.97913 1645.35107 1572.42371 1719.5509 10033
37.8768 3326245741743170048 98.03199215021 8.39484257735 1696.8866 1496.49646 1911.89832 1753.89709 1515.83887 2117.34131 10033
37.8918 3326076520031351552 99.17753256151 8.18944364432 1297.3009 1270.78809 1319.1637 1292.35266 1271.39392 1320.20386 10033
37.8941 3326254847073691136 98.16780451209 8.53772604042 1671.17542 915.158142 2503.76294 2075.04321 1853.77161 2422.9895 10033
37.8948 3326230554738954240 97.94467324725 8.21126779057 1663.52942 1622.35583 1697.79041 1671.47217 1633.03625 1716.81299 10033
37.9147 3325979724353280640 98.12051528046 7.57844746024 1190.69653 904.718445 1795.07605 1335.15454 1203.89404 1491.05786 10033
37.9246 3326000477635598720 97.95967259332 7.81878934076 1282.41162 834.986206 1855.66833 998.786072 838.720093 1198.89355 10033
37.9265 3326245806165307008 98.03401533603 8.39920469583 1338.72266 1054.28552 1739.36194 1758.52466 1480.18604 2128.84766 10033
37.9321 3326150152950078848 98.86634684644 8.59191358173 1615.21509 1430.40552 1853.08057 1730.84863 1533.13342 1970.13123 10033
37.9402 3326339024136340480 98.45944404896 8.6628350609 1591.08398 1486.46753 1740.31262 1586.9259 1526.97205 1657.10779 10033
37.9533 3325999726016055680 97.97644706341 7.77715834734 1608.45056 1570.70752 1653.9126 1611.27063 1555.96289 1671.91809 10033
37.9607 3325931384497070720 98.20685949039 7.5097989055 1242.02844 1027.42188 1593.09253 1094.86377 979.689514 1220.86536 10033
37.9645 3326056655811082368 99.19694262264 8.01973076149 1592.4032 787.786194 4809.67822 6527.91504 5477.50342 8275.09961 20033
37.9691 3325928493989860992 98.32827247212 7.44771330121 1437.52429 862.286072 2306.62598 898.516174 727.110596 1082.81555 10033
37.9705 3325928429560046976 98.34113287084 7.44292773746 1623.10425 1535.90674 1764.60425 1620.28748 1517.40869 1738.10522 10033
37.9802 3133766232618674176 98.78028774054 7.44457244343 1245.34705 1172.57104 1346.83252 1238.18555 1165.6665 1318.52417 10033
37.981 3326010927290738304 97.92809824118 7.93162648344 1613.73718 922.052368 2483.0188 837.53833 740.242126 947.60437 10033
37.9939 3326198806340841984 97.92265057702 7.96823485304 1471.09241 1317.96033 1654.10046 1546.29358 1405.13831 1756.14246 10033
38.0011 3325918564017592960 98.54065812556 7.40498058387 1591.61877 1456.31982 1776.24414 1640.36511 1499.54456 1763.95593 10033
38.0071 3326150079932428288 98.88286215732 8.58404517181 1733.57776 957.262207 3296.46143 5603.6499 4365.32275 7348.06592 10033
38.0092 3325928085962174848 98.26936776694 7.47294119354 1338.02808 819.180725 2050.96777 2262.37964 2025.13318 2668.19897 10033
38.0146 3326244844092403968 97.98803416086 8.32603157075 1726.19495 1472.72852 2084.52197 2146.07959 1800.66187 2574.79761 10033
38.0165 3325928223401615616 98.34783482252 7.43975730904 1588.34973 1424.96936 1805.78516 1623.22229 1465.59705 1782.9436 10033
38.0205 3326003505587268352 97.94972053862 7.84225008503 1712.57153 1189.52588 2689.00098 1876.66895 1703.11633 2168.23071 10033
38.0218 3326199046858998784 97.91985613805 7.99332707637 1233.56384 1191.9884 1284.53809 1230.53503 1197.87085 1273.02368 10033
38.0406 3325917984196911488 98.64571712073 7.41004234617 1731.6731 1035.85034 2837.24487 956.232361 723.566956 1734.11865 10033
38.0433 3325918018559237120 98.63081687079 7.40813472294 1244.94592 1177.88843 1321.41125 1271.41724 1189.57581 1382.45801 10033
38.0489 3133797736199309568 99.03432117035 7.61422631419 1196.33862 1072.8949 1367.56799 1192.66418 1079.05981 1329.0896 10033
38.0533 3133798908729745152 99.05358680041 7.63634821397 1620.73022 1479.84363 1765.32654 1654.20483 1531.4425 1778.13135 10033
38.0566 3326230997117638784 97.9582902276 8.26089434473 1668.526 1567.64136 1797.12854 1629.15662 1542.06116 1737.05945 10033
38.057 3325916506730823296 98.38966683991 7.42619275779 1428.00598 1372.77747 1478.42383 1420.73035 1356.50195 1478.56506 10033
38.069 3133791727544446848 99.01094466947 7.58933190686 1444.48682 1385.27344 1499.70154 1425.99329 1381.59912 1463.26855 10033
38.0705 3326251754697345152 98.06259280023 8.44060276665 1446.54297 1382.83142 1509.67834 1453.22131 1383.15576 1513.04834 10033
38.0716 3325931040899681280 98.25228120039 7.48065233413 1404.13391 1016.89777 2635.25708 3102.52124 2429.46191 5568.93896 10033
38.0729 3326205403410528640 97.92282826942 8.12128899123 1425.83813 1365.03015 1474.82043 1403.76123 1355.05334 1450.35205 10033
38.0736 3326231001415515776 97.95942067421 8.26465831372 1613.69885 1161.85278 2356.58984 2166.03687 1827.1637 2725.22046 10033
38.076 3326049307116886912 99.16094184341 7.82281734859 1430.47302 1222.22778 1721.2334 1328.71118 1180.11377 1540.44482 10033
38.0827 3133797598760326272 99.01783656168 7.5959301775 1664.3446 1405.18323 1929.50903 1734.56653 1474.65112 2172.11816 10033
38.0835 3325916468073564928 98.39801865082 7.42353757336 1168.12915 1051.8811 1343.9668 1232.23938 1142.95178 1360.81055 10033
38.0874 3326205403410523520 97.92364156534 8.12890579846 1315.94287 1110.55908 1622.50281 1587.79932 1398.48291 1875.63501 10033
38.0883 3326244882749761792 97.99425622318 8.34040540362 1182.72449 1082.98865 1291.45056 1195.58679 1098.75024 1312.9115 10033
38.0893 3326255362469740800 98.19242955503 8.55962391956 1201.36023 1015.29602 1515.37146 1120.55151 797.161804 1387.46436 10133
38.0923 3326254705337890048 98.13592595707 8.51604593918 1252.17737 1046.79932 1571.1665 1475.65271 1298.26416 1689.27075 10033
38.1011 3133789700319949824 98.85725420311 7.47644539868 1231.28564 987.58136 1532.18823 1277.24487 1133.06116 1442.11865 10033
38.1033 3325986733740716928 98.01367043073 7.7029295828 1725.25769 1454.16382 2132.0625 1494.78503 1276.39966 1740.40247 10033
38.1039 3326064249306470272 99.19500939331 8.11420396122 1652.25073 1430.28894 1980.73083 1685.3219 1481.92529 1920.52332 10033
38.1069 3326344903948053632 98.48108333774 8.66860912602 1702.52905 1492.06543 1936.06897 1619.3623 1429.76672 1833.18933 10033
38.1116 3326255255093813120 98.19030939562 8.55861658228 1299.19141 1109.41431 1572.78186 1303.4292 1178.37683 1480.70081 10033
38.1215 3326231375081998720 97.96218626561 8.27387235684 1547.56812 1299.82532 2011.27808 5274.04199 3890.04785 7012.53418 10033
38.1232 3326154035600219776 98.74873577164 8.64487266595 1257.90649 941.398071 1717.78918 1337.55554 1168.45752 1541.19409 10033
38.128 3326245806165320448 98.03247484937 8.40288877065 1706.84668 1561.30493 1841.79895 1764.7395 1591.79675 1959.63953 10033
38.132 3325918014262226688 98.61541469329 7.40509348117 1584.11707 987.733154 2867.27954 4469.92822 3519.02881 5719.72314 10033
38.1479 3325918018559242496 98.61868143358 7.40512628128 1365.98523 1175.87744 1592.13269 1404.45325 1253.80908 1571.95959 10033
