Clusters/Basel_8/Basel_8_nsfs.tsv
# %ECSV 1.0
# ---
# datatype:
# - name: RA_ICRS_1
#   unit: deg
#   datatype: float64
#   format: '{:15.11f}'
#   description: Right ascension (ICRS) at Ep=2016.0 (ra)
#   meta: !!omap
#   - {ucd: POS_EQ_RA_MAIN}
#   - {width: 15}
#   - {precision: '11'}
# - name: DE_ICRS_1
#   unit: deg
#   datatype: float64
#   format: '{:15.11f}'
#   description: Declination (ICRS) at Ep=2016.0 (dec)
#   meta: !!omap
#   - {ucd: POS_EQ_DEC_MAIN}
#   - {width: 15}
#   - {precision: '11'}
# - name: e_RA_ICRS
#   unit: mas
#   datatype: float64
#   format: '{:7.4f}'
#   description: Standard error of right ascension (ra_error)
#   meta: !!omap
#   - {ucd: ERROR}
#   - {width: 7}
#   - {precision: '4'}
# - name: e_DE_ICRS
#   unit: mas
#   datatype: float64
#   format: '{:7.4f}'
#   description: Standard error of declination (dec_error)
#   meta: !!omap
#   - {ucd: ERROR}
#   - {width: 7}
#   - {precision: '4'}
# - name: _r_1
#   unit: ''
#   datatype: float64
#   format: '{:7.4f}'
#   description: Distance from center (098.55820660000+08.03809416000)[ICRS], at Epoch=J2016.0
#   meta: !!omap
#   - {ucd: POS_ANG_DIST_GENERAL}
#   - {width: 7}
#   - {precision: '4'}
# - name: HIP
#   datatype: int32
#   description: '? HIP cross-id number, van Leeuwen, Cat. I/311 (hip_original_ext_source_id)'
#   meta: !!omap
#   - {ucd: ID_NUMBER}
#   - {width: 6}
#   - values: {'null': -2147483648}
# - name: TYC2
#   datatype: string
#   description: Tycho-2 cross-id name, Hog et al., Cat. I/259 (tyc2_original_ext_source_id)
#   meta: !!omap
#   - {ucd: ID_CROSSID}
#   - {_votable_string_dtype: char}
# - name: Source
#   datatype: int64
#   description: Source identifier, identical to the Gaia-EDR3 source_id (id)
#   meta: !!omap
#   - {ucd: ID_MAIN}
#   - {width: 19}
# - name: rgeo
#   unit: pc
#   datatype: float64
#   format: '{:15.8f}'
#   description: '? Median of the geometric distance posterior (r_med_geo)'
#   meta: !!omap
#   - {ucd: PHYS_DISTANCE_TRUE}
#   - {width: 15}
#   - {precision: '8'}
#   - values: {'null': .nan}
# - name: Plx
#   unit: mas
#   datatype: float64
#   format: '{:9.4f}'
#   description: '? Parallax (parallax)'
#   meta: !!omap
#   - {ucd: POS_PARLX_TRIG}
#   - {width: 9}
#   - {precision: '4'}
#   - values: {'null': .nan}
# - name: e_Plx
#   unit: mas
#   datatype: float32
#   format: '{:7.4f}'
#   description: '? Standard error of parallax (parallax_error)'
#   meta: !!omap
#   - {ucd: ERROR}
#   - {width: 7}
#   - {precision: '4'}
#   - values: {'null': .nan}
# - name: v_pec
#   unit: km / s
#   datatype: float64
#   format: '{:9.3f}'
#   description: '? Proper motion in right ascension direction, pmRA*cosDE (pmra)'
#   meta: !!omap
#   - {ucd: POS_EQ_PMRA}
#   - {width: 9}
#   - {precision: '3'}
#   - values: {'null': .nan}
# - name: "\xB5_pec"
#   unit: mas / yr
#   datatype: float64
#   format: '{:9.3f}'
#   description: '? Proper motion in right ascension direction, pmRA*cosDE (pmra)'
#   meta: !!omap
#   - {ucd: POS_EQ_PMRA}
#   - {width: 9}
#   - {precision: '3'}
#   - values: {'null': .nan}
# - name: rmRA
#   unit: mas / yr
#   datatype: float64
#   format: '{:9.3f}'
#   description: '? Proper motion in right ascension direction, pmRA*cosDE (pmra)'
#   meta: !!omap
#   - {ucd: POS_EQ_PMRA}
#   - {width: 9}
#   - {precision: '3'}
#   - values: {'null': .nan}
[...]
#   description: RAVE DR6 cross-id name, Steinmetz et al., Cat. III/283 (rave6_original_ext_source_id)
#   meta: !!omap
#   - {ucd: ID_CROSSID}
#   - {_votable_string_dtype: char}
# - name: e_Gmag
#   unit: ''
#   datatype: float64
#   format: '{:11.4g}'
#   description: '? Error on G-band mean flux (phot_g_mean_flux_error)'
#   meta: !!omap
#   - {ucd: ERROR}
#   - {width: 11}
#   - {precision: E4}
#   - values: {'null': .nan}
# - name: e_BPmag
#   unit: ''
#   datatype: float32
#   format: '{:11.4g}'
#   description: '? Error on the integrated BP mean flux (phot_bp_mean_flux_error)'
#   meta: !!omap
#   - {ucd: ERROR}
#   - {width: 11}
#   - {precision: E4}
#   - values: {'null': .nan}
# - name: e_RPmag
#   unit: ''
#   datatype: float32
#   format: '{:11.4g}'
#   description: '? Error on the integrated RP mean flux (phot_rp_mean_flux_error)'
#   meta: !!omap
#   - {ucd: ERROR}
#   - {width: 11}
#   - {precision: E4}
#   - values: {'null': .nan}
# - name: e_BP-RP
#   unit: ''
#   datatype: float32
#   format: '{:11.4g}'
#   description: '? Error on the integrated BP mean flux (phot_bp_mean_flux_error)'
#   meta: !!omap
#   - {ucd: ERROR}
#   - {width: 11}
#   - {precision: E4}
#   - values: {'null': .nan}
# meta: !!omap
# - {ID: I_352_gedr3dis}
# - {name: I/352/gedr3dis}
# - {description: Estimating distances from parallaxes (1467744818 sources)}
# schema: astropy-2.0
RA_ICRS_1 DE_ICRS_1 e_RA_ICRS e_DE_ICRS _r_1 HIP TYC2 Source rgeo Plx e_Plx v_pec µ_pec rmRA e_rmRA rmDE e_rmDE pmRA pmDE e_pmRA e_pmDE RUWE Teff logg Gmag BP-RP BPmag RPmag RV e_RV b_rgeo B_rgeo FG e_FG FBP e_FBP FRP e_FRP RAVE5 RAVE6 e_Gmag e_BPmag e_RPmag e_BP-RP
[from data line 116]
99.1905395829 8.06170556982 0.0177 0.0159 37.5928 "" "" 3326063394611345408 1299.60254 0.7282 0.0196 12.977106150117145 2.106633392405997 1.4380000000000002 0.09000241 -1.5394999999999999 0.06492104 1.32 -3.899 0.021 0.018 1.216 "" "" 13.901233 1.01872 14.320107 13.301388 "" "" 1268.56946 1331.94409 51814.79265 12.626 25549.0 22.555 37897.0 24.918 "" "" 0.0027679930113074167 0.0029502162 0.0038462149 0.006796431
98.36673130188 8.51054352515 0.0169 0.0154 30.5418 "" "" 3326335175846801792 1424.90845 0.6645 0.0183 11.322025377680472 1.6763273099248843 0.771 0.089002416 -1.4884999999999997 0.063921034 0.653 -3.848 0.02 0.017 1.058 7894.9 4.2271 13.907644 0.617589 14.144571 13.526982 "" "" 1391.04236 1469.31506 51509.72123 18.432 30032.0 31.883 30787.0 20.0 "" "" 0.0027825767061588212 0.003018884 0.0038446332 0.006863517
98.52417155977 8.06407248144 0.0244 0.0219 2.553 "" "" 3326027488684822016 1288.43958 0.7443 0.0267 15.840248773902767 2.5936991440797446 0.315 0.09900241 2.5745 0.07292104 0.197 0.215 0.03 0.026 1.022 6672.0 4.0949 13.935356 0.801076 14.250917 13.449841 62.55 8.86 1243.48389 1339.48035 50211.64193 16.608 27230.0 43.388 33054.0 35.559 "" "" 0.0027786246898039144 0.003282979 0.0039557545 0.0072387336
98.10282696398 7.88994653795 0.0152 0.0144 28.4818 "" "" 3326006872841583104 1206.28601 0.7849 0.0174 16.009129776854696 2.79987789912346 1.964 0.08800241 1.9955000000000003 0.06292103 1.846 -0.364 0.019 0.016 1.011 6663.2 4.1071 13.941328 0.719353 14.219333 13.49998 22.12 6.53 1181.28748 1229.43201 49936.21249 13.783 28034.0 26.858 31562.0 23.278 "" "" 0.00277156910727573 0.0029777584 0.0038632827 0.006841041
98.90234913253 8.56933064588 0.017 0.0156 37.8607 "" "" 3326149809352691456 1186.8512 0.8075 0.019 12.536997799282886 2.2285323084936417 -1.8599999999999999 0.089002416 -1.2275 0.063921034 -1.978 -3.587 0.02 0.017 0.983 6802.1 4.1472 13.955118 0.802628 14.270628 13.467999 30.65 8.39 1161.0188 1214.50122 49305.96576 13.048 26740.0 19.501 32506.0 26.22 "" "" 0.0027702605122063495 0.0029003462 0.0038795248 0.006779871
98.77837725738 8.19796073053 0.0174 0.0153 16.2184 "" "" 3326121393849257088 1341.73499 0.6983 0.0204 10.424188304873255 1.639068714239888 0.742 0.09300241 -1.4615 0.06692103 0.624 -3.821 0.024 0.02 0.969 7990.1 4.0732 13.966747 0.718688 14.246725 13.528037 "" "" 1305.12073 1380.7738 48780.67591 20.883 27335.0 25.058 30757.0 19.66 "" "" 0.00279424975138376 0.0029623741 0.0038425736 0.0068049477
98.61283239335 8.43629364738 0.0164 0.0151 24.1112 "" "" 3326144036916384128 1386.60486 0.6731 0.0185 12.338028217088405 1.8772179548470123 0.925 0.092002414 -1.6334999999999997 0.06592103 0.807 -3.993 0.023 0.019 1.162 7160.0 4.0633 13.967341 0.797917 14.265832 13.467915 -3.36 8.34 1354.62854 1421.9845 48753.99179 18.71 26859.0 27.59 32508.0 32.803 "" "" 0.0027866466999532068 0.0030048145 0.0039349766 0.006939791
98.335350763 7.85848484744 0.0196 0.0189 17.0736 "" "" 3325994812573813504 1584.87756 0.591 0.0242 10.974808020952503 1.4609080224298856 1.2639999999999998 0.09000241 -0.7324999999999999 0.06492104 1.146 -3.092 0.021 0.018 0.975 7295.8 3.9614 13.968331 0.83112 14.296738 13.465618 "" "" 1524.83228 1641.89893 48709.57248 16.492 26105.0 30.433 32577.0 33.425 "" "" 0.002779734527252668 0.003063846 0.003940142 0.007003988
98.30935706231 8.19158688573 0.0151 0.0145 17.4157 "" "" 3326039136635803136 1203.31396 0.7898 0.0177 10.782658152777293 1.8904645593081084 -0.26 0.08800241 -1.8725 0.061921034 -0.378 -4.232 0.019 0.015 1.115 6833.7 4.274 13.974734 0.774705 14.281676 13.506971 56.47 10.64 1178.9668 1230.44617 48423.14961 17.61 26470.0 48.766 31360.0 29.235 "" "" 0.002783468131520975 0.00343309 0.0039125704 0.0073456606
98.51773874472 8.29006719703 0.0156 0.0147 15.3082 "" "" 3326044599834432256 1411.22375 0.6688 0.0178 11.081030237333968 1.6565552360244435 0.755 0.089002416 -1.4745 0.063921034 0.637 -3.834 0.02 0.017 1.013 8274.1 4.2761 13.976213 0.66265 14.23201 13.56936 "" "" 1379.8197 1441.70422 48357.24488 13.933 27709.0 20.486 29608.0 21.51 "" "" 0.0027730220980194333 0.0029033425 0.0038608161 0.0067641586
99.0757339864 8.32929442707 0.0156 0.0155 35.3544 "" "" 3326083632496625920 1369.422 0.6932 0.019 13.861505727420626 2.1354763520114197 -2.123 0.08800241 -0.2304999999999997 0.06292103 -2.241 -2.59 0.019 0.016 1.082 "" "" 13.993823 0.719714 14.275091 13.555377 "" "" 1337.9967 1401.78906 47579.26115 17.578 26631.0 32.566 29992.0 40.288 "" "" 0.002784364909189076 0.003089959 0.0040510288 0.0071409876
97.85646413014 8.09593618053 0.016 0.0146 41.8321 "" "" 3326204029021039872 1378.01294 0.6857 0.0186 16.792491137366127 2.570889972363656 -2.513 0.08800241 0.5425000000000002 0.06492104 -2.631 -1.817 0.019 0.018 0.961 6155.2 3.8613 14.021757 0.937212 14.403891 13.466679 -1.23 6.4 1352.27563 1412.58228 46370.71549 11.886 23652.0 21.238 32545.0 25.633 "" "" 0.0027693395189372664 0.0029555915 0.0038749191 0.0068305107
98.50474436197 8.68297058327 0.0158 0.0141 38.8225 "" "" 3326344972667511040 1632.04919 0.57 0.0171 11.12262710011065 1.4377911009600803 -0.321 0.089002416 -1.4015 0.06292103 -0.439 -3.761 0.02 0.016 1.042 7089.2 3.9353 14.023295 1.075722 14.474603 13.398881 28.13 8.02 1589.03687 1680.52686 46305.06304 9.9079 22160.0 23.559 34642.0 26.567 "" "" 0.002765096690709538 0.0030195052 0.0038700178 0.006889523
99.03006374999 7.8184587178 0.0176 0.0154 30.983 "" "" 3325956432746452480 1501.01794 0.6269 0.0188 13.44339789189847 1.8894910028894023 1.8719999999999999 0.09400241 -0.25649999999999995 0.06692103 1.754 -2.616 0.025 0.02 1.018 6828.9 3.8924 14.023527 1.107938 14.492957 13.385019 11.07 12.07 1450.9751 1549.54114 46295.20971 13.025 21789.0 33.115 35087.0 31.624 "" "" 0.00277220132916494 0.0032415886 0.0039040158 0.007145604
98.15319545227 8.43144698429 0.0157 0.0142 33.696 "" "" 3326240209825212288 1489.69568 0.6251 0.0177 16.43579823603519 2.327635119601008 0.723 0.08800241 -2.2125 0.06292103 0.605 -4.572 0.019 0.016 0.977 "" "" 14.031957 0.773309 14.33522 13.561912 "" "" 1456.60327 1537.51782 45937.14445 12.61 25196.0 23.75 29812.0 34.841 "" "" 0.002771392715527795 0.0029719435 0.0039867037 0.006958647
98.12033239553 7.98994359766 0.0168 0.0169 26.1758 "" "" 3326012301680215424 1399.45325 0.6735 0.0203 12.645765008270212 1.9063751598255783 0.954 0.08800241 -1.6504999999999996 0.06492104 0.836 -4.01 0.019 0.018 1.09 6142.8 3.9992 14.046493 0.937127 14.430955 13.493828 39.17 9.72 1366.41833 1434.72815 45326.24471 11.403 23069.0 26.892 31741.0 19.81 "" "" 0.0027688260591214133 0.0030638138 0.0038396483 0.006903462
98.26389453183 8.17595980789 0.0153 0.0169 19.3405 "" "" 3326039720751364096 1607.65662 0.5771 0.0214 17.20547651887581 2.2578499175100193 -1.916 0.08800241 1.1945000000000001 0.063921034 -2.034 -1.165 0.019 0.017 1.115 "" "" 14.053592 0.864807 14.398983 13.534176 40.12 8.42 1556.18652 1661.64368 45030.84963 17.734 23759.0 32.877 30584.0 31.953 "" "" 0.0027883000152064837 0.003168956 0.00394594 0.007114896
98.05165881711 8.5279108778 0.0171 0.0159 42.0507 "" "" 3326256427622947584 1624.38037 0.576 0.0192 15.047751815223666 1.9543644107484153 -1.79 0.09000241 0.7845000000000002 0.06592103 -1.908 -1.575 0.021 0.019 1.028 7593.4 4.0295 14.061913 0.734104 14.34633 13.612226 58.27 9.56 1581.20776 1674.84937 44687.06318 21.182 24939.0 40.454 28462.0 22.883 "" "" 0.0028029718013358584 0.003299522 0.0038788796 0.0071784016
98.30264752485 8.15940941939 0.015 0.0154 16.8355 "" "" 3326038930477378816 1177.72375 0.8091 0.0188 11.920748936187396 2.1354124308901077 1.4260000000000002 0.08700241 -1.5894999999999997 0.063921034 1.308 -3.949 0.018 0.017 1.047 6734.8 4.2145 14.062158 0.783057 14.370147 13.58709 21.79 12.24 1154.92004 1200.33716 44676.98782 12.336 24398.0 32.671 29129.0 30.242 "" "" 0.002771581222494249 0.0031462444 0.003943901 0.0070901457
98.152588692 7.72171150377 0.0197 0.0167 30.6841 "" "" 3325986085201115136 1281.63599 0.741 0.022 16.324973370800606 2.6872585007773258 0.604 0.09700242 2.6185 0.06592103 0.486 0.259 0.028 0.019 0.964 7154.5 4.188 14.123014 0.781684 14.4285 13.646816 "" "" 1241.63025 1316.98975 42241.66772 16.665 23122.0 64.666 27570.0 38.204 "" "" 0.0027884161306915393 0.0041237664 0.004067836 0.008191602
98.19240084251 7.54077821056 0.0173 0.016 36.9221 "" "" 3325932415289210752 1583.32373 0.5912 0.0208 16.10224187598098 2.1455482399610597 2.145 0.09400241 -0.048499999999999766 0.06592103 2.027 -2.408 0.025 0.019 1.065 6254.8 3.9602 14.127285 1.069602 14.576182 13.50658 37.62 13.1 1534.60693 1638.34949 42075.82503 11.015 20181.0 23.993 31371.0 24.302 "" "" 0.002769941953209553 0.0030742914 0.00387184 0.0069461316
98.62527486587 8.35918519101 0.017 0.0157 19.6729 "" "" 3326139123474245248 1391.901 0.6749 0.0183 10.91053383132344 1.6537098445616145 0.814 0.09400241 -1.4394999999999998 0.067921035 0.696 -3.799 0.025 0.021 0.986 7510.2 4.1123 14.144664 0.682481 14.407433 13.724952 "" "" 1354.11658 1435.453 41407.72 15.306 23575.0 34.369 25655.0 18.441 "" "" 0.002784395343406323 0.0032078747 0.0038591197 0.0070669944
98.25608668678 8.63342287493 0.0245 0.022 39.9698 "" "" 3326349851750516096 1690.94128 0.5508 0.028 13.724920196154708 1.7123910914274227 1.419 0.09800241 0.9585000000000001 0.07092103 1.301 -1.401 0.029 0.024 1.4 4835.9 3.386 14.170555 1.459717 14.842264 13.382547 46.74 3.02 1623.23474 1763.84412 40431.93667 8.3878 15795.0 17.34 35167.0 24.2 "" "" 0.002764511350578416 0.0030341004 0.0038525253 0.0068866257
98.53254791814 8.31665590602 0.0167 0.0154 16.783 "" "" 3326141425576770688 1467.58105 0.6358 0.0187 11.444946197190562 1.6452553753141181 0.703 0.09000241 -1.4874999999999998 0.06492104 0.585 -3.847 0.021 0.018 0.971 7533.2 4.1858 14.170838 0.718718 14.448023 13.729305 "" "" 1429.8241 1512.36694 40421.39611 12.75 22710.0 25.305 25553.0 44.533 "" "" 0.0027765221860352927 0.0030411615 0.0042265947 0.0072677564
97.90933731299 7.77062830593 0.0168 0.0151 41.7682 "" "" 3325998454705754752 1185.03308 0.7999 0.0187 10.203904705147146 1.8165927584354176 0.063 0.092002414 -1.8154999999999997 0.06592103 -0.055 -4.175 0.023 0.019 0.979 6292.1 3.8779 14.190688 1.020219 14.617085 13.596866 45.68 6.53 1158.16211 1209.34509 39689.11613 9.9619 19435.0 18.961 28868.0 22.228 "" "" 0.002768764240429146 0.0029844719 0.00387074 0.006855212
98.35627992491 8.21772650851 0.0179 0.0178 16.1251 "" "" 3326045115230268672 1250.96326 0.7593 0.0223 10.413960716162206 1.7562770994350523 1.737 0.09000241 -0.25950000000000006 0.06492104 1.619 -2.619 0.021 0.018 1.109 6638.9 4.2015 14.190887 0.796541 14.503148 13.706607 1.61 5.99 1222.40417 1280.70959 39681.82037 9.7877 21585.0 30.104 26092.0 29.945 "" "" 0.002768304023160039 0.0031745848 0.0039794985 0.0071540833
98.76326781016 7.87213016671 0.0188 0.0181 15.7366 "" "" 3325971241793751424 1720.96277 0.5331 0.0221 15.743376121514464 1.9299588726187926 -0.8170000000000001 0.09300241 1.7485000000000002 0.06692103 -0.935 -0.611 0.024 0.02 1.091 9432.3 4.3969 14.207385 0.702001 14.475959 13.773958 "" "" 1654.72302 1793.39819 39083.42402 15.495 22133.0 25.162 24523.0 17.467 "" "" 0.0027887411328077105 0.0030510004 0.0038576908 0.0069086915
98.91642449339 8.50169288056 0.0225 0.0198 35.016 "" "" 3326148194445006848 1736.60352 0.532 0.0255 10.948069977788744 1.3300211464484313 -0.792 0.09500241 -1.0684999999999998 0.067921035 -0.91 -3.428 0.026 0.021 1.321 6397.8 3.9094 14.214718 1.009192 14.629212 13.62002 82.2 9.25 1657.97034 1828.52405 38820.3739 9.9652 19219.0 25.42 28259.0 26.169 "" "" 0.0027693804317878573 0.003138038 0.003910835 0.007048873
98.29806868365 7.839518046 0.0199 0.0186 19.5174 "" "" 3325994705196842880 1463.40051 0.642 0.0241 15.206766314403668 2.192276499440707 1.928 0.09100241 1.0435 0.06492104 1.81 -1.316 0.022 0.018 1.023 6577.0 4.0387 14.216505 1.027648 14.642631 13.614983 22.86 7.45 1415.33557 1517.02258 38756.52372 9.5969 18983.0 27.735 28390.0 46.184 "" "" 0.00276840565455672 0.003209583 0.0041717314 0.0073813144
98.22914117973 8.00580523769 0.0179 0.018 19.6465 "" "" 3326032780084256128 1345.45105 0.7019 0.0223 14.893685811723559 2.335371330217103 1.5470000000000002 0.09000241 -1.7494999999999998 0.06692103 1.429 -4.109 0.021 0.02 1.091 6408.4 4.1591 14.229419 0.852629 14.568314 13.715685 37.2 7.64 1307.46667 1393.94055 38298.29054 12.132 20328.0 34.899 25875.0 20.795 "" "" 0.002776703295752965 0.0033555166 0.0038788032 0.00723432
98.43565003934 8.46254201899 0.0207 0.0182 26.4862 "" "" 3326331812887878400 1178.86035 0.8088 0.0224 15.215709807458719 2.723024283769794 2.723 0.09400241 -0.011499999999999844 0.06692103 2.605 -2.371 0.025 0.02 1.084 6499.9 4.2169 14.230986 0.805738 14.548007 13.742269 "" "" 1148.57703 1208.32336 38243.04942 12.098 20712.0 25.063 25249.0 59.457 "" "" 0.0027766453086757836 0.0030840181 0.0045629535 0.0076469714
97.87816356892 8.19592066811 0.0185 0.0179 41.4889 "" "" 3326207190116906880 1627.09705 0.5707 0.0215 16.919784358581758 2.1938302691867477 -1.863 0.09000241 -1.1584999999999996 0.06492104 -1.981 -3.518 0.021 0.018 1.019 7230.8 4.0539 14.239292 0.862715 14.583804 13.721089 81.48 10.53 1562.8197 1681.24524 37951.58272 11.37 20040.0 30.618 25747.0 24.072 "" "" 0.0027744540488555017 0.0032460412 0.003913331 0.007159372
98.59560439552 7.76040070752 0.0174 0.0179 16.8092 "" "" 3325963231676313216 1414.70667 0.6663 0.022 16.020132895233605 2.389028725235425 -0.5640000000000001 0.09100241 2.3215000000000003 0.06492104 -0.682 -0.038 0.022 0.018 0.897 7497.4 4.0838 14.29573 0.915813 14.664992 13.749179 "" "" 1374.7439 1467.01953 36029.22068 10.298 18596.0 25.617 25089.0 29.177 "" "" 0.002772741148435457 0.003165762 0.003984721 0.007150483
99.05431285469 8.50942550152 0.0221 0.0212 40.8342 "" "" 3326159430079404160 1323.7782 0.7051 0.0292 11.684143165341345 1.8621012996075157 0.903 0.092002414 -1.6284999999999998 0.06592103 0.785 -3.988 0.023 0.019 1.013 5781.9 3.9769 14.29918 1.13441 14.781407 13.646997 -3.81 5.97 1276.1615 1386.45154 35914.90814 10.301 16705.0 29.686 27565.0 19.562 "" "" 0.002772862053555004 0.0033923085 0.0038571253 0.0072494335
98.10384746412 8.30804542663 0.0181 0.0164 31.4725 "" "" 3326232478884171136 1290.86768 0.7284 0.0207 10.066363506812507 1.6451766622463375 -1.452 0.09100241 -0.7734999999999999 0.06692103 -1.57 -3.133 0.022 0.02 0.915 6778.4 4.1642 14.313588 0.815942 14.638861 13.822919 36.22 7.98 1260.62366 1325.41077 35441.44576 10.178 19049.0 28.899 23442.0 23.168 "" "" 0.0027729061100765975 0.0032400885 0.00392876 0.0071688485
98.66714895965 8.2928583452 0.0203 0.0184 16.5988 "" "" 3326137611645768704 1392.10242 0.6712 0.0213 11.022757465998634 1.670477850795993 0.766 0.09700242 -1.4844999999999997 0.06992103 0.648 -3.844 0.028 0.023 1.008 7109.5 4.078 14.335895 0.769449 14.637996 13.868547 "" "" 1360.71631 1444.58752 34720.73773 19.268 19064.0 47.411 22477.0 40.871 "" "" 0.0028204291553765065 0.0038827707 0.004263962 0.008146733
98.788871111 7.63970046764 0.0191 0.018 27.5565 "" "" 3325950110554734848 1529.62634 0.6119 0.0225 10.02286038583596 1.3823817309267366 0.927 0.09400241 1.0255 0.067921035 0.809 -1.334 0.025 0.021 0.991 7801.4 4.0295 14.349465 0.872379 14.700375 13.827995 "" "" 1483.05444 1581.43799 34289.46471 9.7361 18000.0 32.878 23332.0 31.104 "" "" 0.0027725128312369425 0.0034231506 0.00404706 0.0074702105
98.7951288777 8.31147125106 0.02 0.017 21.611 "" "" 3326126925767081728 1410.26196 0.6662 0.0211 14.63905434074085 2.189953481241097 1.646 0.09700242 -1.4444999999999997 0.07092103 1.528 -3.804 0.028 0.024 1.007 7350.1 4.1971 14.367199 0.85956 14.704226 13.844666 "" "" 1363.51123 1450.15479 33733.94855 29.21 17936.0 87.341 22977.0 46.107 "" "" 0.0029112947059563407 0.0059781596 0.0043623927 0.010340553
