Clusters/Basel_8/Basel_8_runaways_all.tsv
# %ECSV 1.0
# ---
# datatype:
# - name: RA_ICRS_1
#   unit: deg
#   datatype: float64
#   format: '{:15.11f}'
#   description: Right ascension (ICRS) at Ep=2016.0 (ra)
#   meta: !!omap
#   - {ucd: POS_EQ_RA_MAIN}
#   - {width: 15}
#   - {precision: '11'}
# - name: DE_ICRS_1
#   unit: deg
#   datatype: float64
#   format: '{:15.11f}'
#   description: Declination (ICRS) at Ep=2016.0 (dec)
#   meta: !!omap
#   - {ucd: POS_EQ_DEC_MAIN}
#   - {width: 15}
#   - {precision: '11'}
# - name: e_RA_ICRS
#   unit: mas
#   datatype: float64
#   format: '{:7.4f}'
#   description: Standard error of right ascension (ra_error)
#   meta: !!omap
#   - {ucd: ERROR}
#   - {width: 7}
#   - {precision: '4'}
# - name: e_DE_ICRS
#   unit: mas
#   datatype: float64
#   format: '{:7.4f}'
#   description: Standard error of declination (dec_error)
#   meta: !!omap
#   - {ucd: ERROR}
#   - {width: 7}
#   - {precision: '4'}
# - name: _r_1
#   unit: ''
#   datatype: float64
#   format: '{:7.4f}'
#   description: Distance from center (098.55820660000+08.03809416000)[ICRS], at Epoch=J2016.0
#   meta: !!omap
#   - {ucd: POS_ANG_DIST_GENERAL}
#   - {width: 7}
#   - {precision: '4'}
# - name: HIP
#   datatype: int32
#   description: '? HIP cross-id number, van Leeuwen, Cat. I/311 (hip_original_ext_source_id)'
#   meta: !!omap
#   - {ucd: ID_NUMBER}
#   - {width: 6}
#   - values: {'null': -2147483648}
# - name: TYC2
#   datatype: string
#   description: Tycho-2 cross-id name, Hog et al., Cat. I/259 (tyc2_original_ext_source_id)
#   meta: !!omap
#   - {ucd: ID_CROSSID}
#   - {_votable_string_dtype: char}
# - name: Source
#   datatype: int64
#   description: Source identifier, identical to the Gaia-EDR3 source_id (id)
#   meta: !!omap
#   - {ucd: ID_MAIN}
#   - {width: 19}
# - name: rgeo
#   unit: pc
#   datatype: float64
#   format: '{:15.8f}'
#   description: '? Median of the geometric distance posterior (r_med_geo)'
#   meta: !!omap
#   - {ucd: PHYS_DISTANCE_TRUE}
#   - {width: 15}
#   - {precision: '8'}
#   - values: {'null': .nan}
# - name: Plx
#   unit: mas
#   datatype: float64
#   format: '{:9.4f}'
#   description: '? Parallax (parallax)'
#   meta: !!omap
#   - {ucd: POS_PARLX_TRIG}
#   - {width: 9}
#   - {precision: '4'}
#   - values: {'null': .nan}
# - name: e_Plx
#   unit: mas
#   datatype: float32
#   format: '{:7.4f}'
#   description: '? Standard error of parallax (parallax_error)'
#   meta: !!omap
#   - {ucd: ERROR}
#   - {width: 7}
#   - {precision: '4'}
#   - values: {'null': .nan}
# - {name: v_pec, unit: km / s, datatype: float64}
# - name: "\xB5_pec"
#   unit: mas / yr
#   datatype: float64
#   format: '{:9.3f}'
#   description: '? Proper motion in right ascension direction, pmRA*cosDE (pmra)'
#   meta: !!omap
#   - {ucd: POS_EQ_PMRA}
#   - {width: 9}
#   - {precision: '3'}
#   - values: {'null': .nan}
# - {name: rmRA, unit: mas / yr, datatype: float64}
# - name: e_rmRA
#   unit: mas / yr
#   datatype: float32
#   format: '{:6.3f}'
#   description: '? Standard error of proper motion in right ascension direction (pmra_error)'
#   meta: !!omap
#   - {ucd: ERROR}
#   - {width: 6}
#   - {precision: '3'}
#   - values: {'null': .nan}
# - {name: rmDE, unit: mas / yr, datatype: float64}
# - name: e_rmDE
#   unit: mas / yr
#   datatype: float32
#   format: '{:6.3f}'
[...]
#   meta: !!omap
#   - {ucd: ERROR}
#   - {width: 11}
#   - {precision: E4}
#   - values: {'null': .nan}
# - name: e_BPmag
#   unit: ''
#   datatype: float32
#   format: '{:11.4g}'
#   description: '? Error on the integrated BP mean flux (phot_bp_mean_flux_error)'
#   meta: !!omap
#   - {ucd: ERROR}
#   - {width: 11}
#   - {precision: E4}
#   - values: {'null': .nan}
# - name: e_RPmag
#   unit: ''
#   datatype: float32
#   format: '{:11.4g}'
#   description: '? Error on the integrated RP mean flux (phot_rp_mean_flux_error)'
#   meta: !!omap
#   - {ucd: ERROR}
#   - {width: 11}
#   - {precision: E4}
#   - values: {'null': .nan}
# - name: e_BP-RP
#   unit: ''
#   datatype: float32
#   format: '{:11.4g}'
#   description: '? Error on the integrated BP mean flux (phot_bp_mean_flux_error)'
#   meta: !!omap
#   - {ucd: ERROR}
#   - {width: 11}
#   - {precision: E4}
#   - values: {'null': .nan}
# - name: Temp. Est
#   unit: K
#   datatype: float64
#   format: '{:7.1f}'
#   description: '? Effective temperature from GSP-Phot Aeneas best library using BP/RP spectra (teff_gspphot)'
#   meta: !!omap
#   - {ucd: PHYS_TEMP_EFFEC}
#   - {width: 7}
#   - {precision: '1'}
#   - values: {'null': .nan}
# meta: !!omap
# - {ID: I_352_gedr3dis}
# - {name: I/352/gedr3dis}
# - {description: Estimating distances from parallaxes (1467744818 sources)}
# schema: astropy-2.0
RA_ICRS_1 DE_ICRS_1 e_RA_ICRS e_DE_ICRS _r_1 HIP TYC2 Source rgeo Plx e_Plx v_pec µ_pec rmRA e_rmRA rmDE e_rmDE pmRA pmDE e_pmRA e_pmDE RUWE Teff logg Gmag BP-RP BPmag RPmag RV e_RV b_rgeo B_rgeo FG e_FG FBP e_FBP FRP e_FRP RAVE5 RAVE6 e_Gmag e_BPmag e_RPmag e_BP-RP "Temp. Est"
[from data line 37]
98.60568844715 8.02332224122 0.0213 0.0211 2.9569 "" "" 3326024396308352768 1666.27734 0.559 0.0279 34.03772883988382 4.155230468939117 3.62162499499321 0.09500241 -2.335874980926514 0.06692103 3.432 -4.519 0.026 0.02 0.946 6140.2 3.6209 14.386417 1.046925 14.822604 13.775679 23.6 6.62 1598.39551 1749.23462 33142.06905 10.199 16083.0 19.956 24484.0 23.895 "" "" 0.002775504545781003 0.0030983842 0.0039251135 0.0070234975 6140.2
98.36140015374 8.26280679871 0.0187 0.0183 17.8443 "" "" 3326046455260058752 1413.51404 0.6636 0.0227 25.852908822235705 4.03136654870281 0.22362499499320984 0.09300241 3.8521250190734864 0.06592103 0.034 1.669 0.024 0.019 1.023 6946.2 4.0949 14.388288 0.983954 14.792927 13.808972 58.24 9.26 1369.42725 1461.23511 33085.03827 7.7197 16529.0 22.355 23745.0 21.447 "" "" 0.0027669418865207507 0.003152987 0.0039045387 0.0070575257 6946.2
98.68173943883 8.08300665062 0.0223 0.0188 7.8179 "" "" 3326026144356607616 1385.02039 0.6823 0.0248 22.083933017993704 3.200032226400228 -0.4483750050067902 0.09400241 -3.333874980926514 0.067921035 -0.638 -5.517 0.025 0.021 1.061 6565.1 4.1218 14.395787 0.958085 14.78691 13.828825 34.6 7.8 1339.78186 1432.25354 32857.28631 10.827 16621.0 27.983 23315.0 20.112 "" "" 0.0027784504499262404 0.0033356266 0.003893701 0.007229327 6565.1
98.65833604952 8.18478141829 0.0231 0.0195 10.6224 "" "" 3326030340543001728 1307.0116 0.7205 0.0251 27.77513143955544 4.2930445199182365 1.5526249949932098 0.09700242 -4.205874980926514 0.067921035 1.363 -6.389 0.028 0.021 0.975 6784.4 4.2354 14.401693 0.95525 14.793612 13.838362 34.22 12.32 1273.72302 1342.43591 32679.04709 10.96 16519.0 26.11 23111.0 16.865 "" "" 0.0027792778868083604 0.003275685 0.0038615377 0.0071372227 6784.4
98.45140566958 7.64274849383 0.022 0.0233 24.5555 "" "" 3325938393883476224 1253.99329 0.7608 0.0286 89.12597772720034 14.804556063928427 6.58962499499321 0.09500241 -13.468874980926513 0.06892103 6.4 -15.652 0.026 0.022 1.224 5341.0 3.9138 14.441822 1.05927 14.88888 13.82961 -45.47 7.03 1206.54797 1308.56519 31493.28935 7.4019 15131.0 25.469 23298.0 25.114 "" "" 0.0027671116880334957 0.0033354126 0.0039564483 0.007291861 5341.0
98.92579420622 7.77971756229 0.0198 0.0179 26.7872 "" "" 3325957459239346944 1291.19592 0.7352 0.021 24.55491202897521 3.839192135072169 2.89962499499321 0.09300241 -2.772874980926514 0.06892103 2.71 -4.956 0.024 0.022 0.949 6110.5 4.0915 14.447896 1.001938 14.861154 13.859216 19.77 6.94 1259.1167 1324.00879 31317.60126 8.0222 15522.0 25.114 22671.0 22.815 "" "" 0.0027693210528243546 0.0032971154 0.0039341548 0.00723127 6110.5
98.50174368129 7.92041507091 0.025 0.0218 7.8173 "" "" 3326017318202346240 1576.48535 0.596 0.031 25.39027785537593 3.457695366859261 -3.38337500500679 0.10000241 -0.31287498092651367 0.06892103 -3.573 -2.496 0.031 0.022 0.886 7439.2 4.3013 14.465647 0.802307 14.781377 13.97907 "" "" 1514.24939 1661.3717 30809.73607 13.58 16706.0 28.393 20302.0 25.416 "" "" 0.0027965708929343206 0.0033451635 0.0040163705 0.007361534 7439.2
98.74694127774 8.26095328066 0.0216 0.0182 17.4487 "" "" 3326124898542555520 1659.03882 0.5622 0.0228 24.467361182323707 3.2893733825760796 -0.03937500500679017 0.09700242 3.1111250190734863 0.06992103 -0.229 0.928 0.028 0.023 1.09 7172.7 4.0826 14.469226 0.96711 14.864849 13.897739 30.43 12.47 1584.48511 1721.34448 30708.35026 10.937 15470.0 21.602 21881.0 21.816 "" "" 0.0027823228956268117 0.0031754696 0.0039313557 0.0071068252 7172.7
98.37804139095 8.0365369626 0.0198 0.018 10.7041 "" "" 3326033810876759808 1489.21497 0.6212 0.0225 56.514733868511804 7.832182278905413 5.73462499499321 0.09300241 -5.586874980926513 0.06592103 5.545 -7.77 0.024 0.019 1.022 7175.2 4.0681 14.505286 0.890604 14.863234 13.97263 "" "" 1443.13025 1550.20581 29705.18112 18.142 15493.0 44.228 20422.0 33.804 "" "" 0.002833987906411977 0.0041703363 0.004184928 0.008355264 7175.2
98.51013309511 7.96540466627 0.0241 0.0241 5.2135 "" "" 3326018035459502208 1347.15076 0.7061 0.0326 23.431620806159536 3.601351170047153 -2.61837500500679 0.10000241 -2.5708749809265132 0.07092103 -2.808 -4.754 0.031 0.024 1.144 5945.8 4.1811 14.507458 0.937076 14.88445 13.947374 15.41 8.76 1295.57141 1396.38916 29645.83535 8.256 15193.0 21.884 20903.0 33.313 "" "" 0.0027718610138315744 0.0031985645 0.0041566542 0.0073552188 5945.8
98.5608774371 8.14243921485 0.0232 0.0206 6.2627 "" "" 3326030443622270848 1714.08887 0.5444 0.0257 28.365191889765754 3.6815543252816463 -1.3343750050067902 0.09500241 3.2261250190734865 0.06892103 -1.524 1.043 0.026 0.022 1.15 5950.0 3.841 14.517107 1.054765 14.958082 13.903317 103.33 10.02 1652.50903 1783.28223 29383.53475 9.1072 14197.0 23.056 21769.0 25.938 "" "" 0.002775793959562125 0.0033006163 0.003994659 0.007295275 5950.0
98.65918314106 8.30993422193 0.0213 0.0195 17.378 "" "" 3326137783444456448 1243.07104 0.7618 0.0219 34.76540867854108 5.766084134835357 5.41562499499321 0.09800241 -2.341874980926514 0.071921036 5.226 -4.525 0.029 0.025 0.844 6181.4 4.22 14.557606 0.917881 14.930221 14.01234 17.98 14.58 1206.57776 1279.95166 28307.687 8.9551 14566.0 29.943 19689.0 22.706 "" "" 0.002776645796421336 0.0035730281 0.0039813938 0.007554422 6181.4
98.8569613555 7.55576144271 0.0602 0.0585 33.9547 "" "" 3325944235039481344 1347.74304 0.7306 0.0716 45.208014966813344 7.176460565627042 -6.9923750050067905 0.14300242 1.0891250190734862 0.108921036 -7.182 -1.094 0.074 0.062 2.941 5799.5 4.0687 14.603816 1.424281 15.229013 13.804732 33.42 7.94 1232.53613 1503.73621 27128.15651 38.839 11061.0 31.539 23838.0 22.64 "" "" 0.0031635505340376893 0.0041676424 0.00391753 0.008085173 5799.5
98.06299966156 7.74677351155 0.0221 0.0198 34.2302 "" "" 3325987322151062528 1306.94983 0.7187 0.0238 28.16452816436234 4.364476056756413 0.4206249949932098 0.09900241 -4.526874980926514 0.06992103 0.231 -6.71 0.03 0.023 0.996 6537.8 4.2246 14.611042 0.918791 14.980376 14.061585 -27.18 11.05 1269.12646 1347.7207 26948.22092 7.9661 13908.0 20.132 18816.0 26.8 "" "" 0.002773950168428185 0.0032023469 0.0040835263 0.0072858734 6537.8
98.21336186992 7.81253797765 0.025 0.0241 24.5584 "" "" 3325992957148034688 1701.59436 0.5504 0.0274 20.68034712224842 2.6688792123286507 1.51562499499321 0.09900241 2.068125019073486 0.07092103 1.326 -0.115 0.03 0.024 1.016 6436.0 4.0298 14.616942 0.970321 15.013677 14.043356 "" "" 1621.59827 1772.85815 26802.14909 8.499 13488.0 24.347 19134.0 19.377 "" "" 0.0027767470128927576 0.0034096993 0.003936074 0.0073457733 6436.0
98.14781828195 7.71298982376 0.0272 0.0238 31.2316 "" "" 3325986085201115392 1583.7959 0.5893 0.0296 35.801413142624675 4.915726319680541 -4.22537500500679 0.104002416 2.2111250190734864 0.07392103 -4.415 0.028 0.035 0.027 1.236 6803.9 4.142 14.633791 0.937633 15.006918 14.069285 13.52 14.44 1517.10706 1654.43225 26389.45096 10.88 13572.0 53.149 18683.0 18.798 "" "" 0.002791445040530995 0.0050855754 0.0039340956 0.009019671 6803.9
99.01065645255 8.39794364422 0.0219 0.0212 34.4684 "" "" 3326131937991792256 1286.29956 0.7353 0.0263 25.887799879944193 4.276126898257346 -4.11537500500679 0.096002415 -1.0448749809265139 0.067921035 -4.305 -3.228 0.027 0.021 1.008 6395.9 4.1474 14.643718 0.967656 15.035546 14.06789 "" "" 1246.88269 1344.48157 26149.27489 9.1039 13219.0 22.679 18707.0 29.475 "" "" 0.0027811281220270433 0.0033548186 0.0041485205 0.007503339 6395.9
98.15077838968 7.75225959253 0.023 0.0215 29.6722 "" "" 3325992269953332352 1351.56519 0.6968 0.0273 24.128173976561506 3.848620174815904 -3.76337500500679 0.09700242 0.1471250190734863 0.07092103 -3.953 -2.036 0.028 0.024 0.925 6136.8 4.2231 14.650487 0.928202 15.021698 14.093496 25.84 23.05 1292.57458 1405.07361 25986.74014 8.5583 13389.0 32.083 18271.0 37.861 "" "" 0.002778424929310702 0.0038149313 0.004398359 0.00821329 6136.8
98.7820701201 7.37898523424 0.0268 0.0274 41.7264 "" "" 3133764686430466816 1564.95728 0.6005 0.0352 19.574123590426556 2.472999646178705 2.03662499499321 0.10000241 -1.6778749809265139 0.07292104 1.847 -3.861 0.031 0.026 1.259 6911.3 4.1374 14.716603 0.85076 15.066429 14.21567 "" "" 1500.58435 1640.95532 24451.4903 16.142 12848.0 84.953 16326.0 39.529 "" "" 0.00284702306750712 0.0077022035 0.004603738 0.012305941 6911.3
98.11195233079 8.11889395881 0.0225 0.0239 26.9492 "" "" 3326225160259998592 1628.85803 0.5813 0.03 55.20379143179404 6.961904283312145 3.66062499499321 0.09400241 -6.141874980926513 0.06892103 3.471 -8.325 0.025 0.022 0.962 5625.5 4.1006 14.746458 1.129579 15.227265 14.097686 -26.05 8.56 1563.43372 1718.95886 23788.31541 7.9099 11079.0 12.802 18201.0 24.467 "" "" 0.0027788711816447544 0.0030592552 0.00405141 0.0071106656 5625.5
98.31960446096 7.68747045808 0.0267 0.0284 25.371 "" "" 3325988073767004032 1493.22437 0.6256 0.0279 20.45200674111989 3.013545627661874 1.38662499499321 0.10100241 2.535125019073486 0.07692103 1.197 0.352 0.032 0.03 1.018 6672.6 4.2711 14.760284 0.823811 15.086969 14.263159 "" "" 1440.26904 1564.99194 23487.28493 7.9676 12608.0 25.616 15628.0 13.458 "" "" 0.002779828247171506 0.0035568415 0.0038933163 0.007450158 6672.6
98.25248210704 8.23880406068 0.022 0.0232 21.7891 "" "" 3326227909038934272 1616.69226 0.5721 0.03 29.467313456838433 3.999692269412736 0.9656249949932099 0.09500241 3.722125019073486 0.06892103 0.776 1.539 0.026 0.022 0.982 6815.2 4.2155 14.779485 0.964908 15.171027 14.20612 "" "" 1547.38489 1714.15735 23075.59406 6.8456 11668.0 29.707 16471.0 20.855 "" "" 0.0027740825682217537 0.0039276527 0.0040216395 0.007949293 6815.2
98.65688256883 7.82416506985 0.0234 0.0234 14.1118 "" "" 3325968252496570368 1695.01184 0.5409 0.0288 18.417432656378104 2.466670478600659 0.10062499499320984 0.09900241 2.2901250190734865 0.07092103 -0.089 0.107 0.03 0.024 0.933 6719.3 4.1084 14.787362 1.165718 15.284617 14.118899 "" "" 1627.25073 1773.67346 22908.77291 6.9115 10509.0 23.604 17848.0 15.511 "" "" 0.0027747228507907277 0.0037056762 0.0038953887 0.0076010646 6719.3
98.1966872381 8.17211283792 0.0217 0.0225 22.9306 "" "" 3326039548952684288 1721.75452 0.5334 0.0285 33.07599555818246 3.9068797332398133 -1.1813750050067902 0.096002415 -3.8768749809265133 0.07092103 -1.371 -6.06 0.027 0.024 1.122 5551.2 4.0883 14.802755 1.099954 15.268023 14.16807 52.63 5.38 1650.9187 1805.24194 22586.26946 5.598 10671.0 17.898 17058.0 18.249 "" "" 0.0027684298577317253 0.0033318612 0.0039538476 0.0072857086 5551.2
98.6869497713 7.35744989864 0.0216 0.0229 41.5499 "" "" 3133763999235730816 1248.23596 0.7547 0.0285 24.772690198281648 4.043912616513863 3.7146249949932098 0.09400241 -1.9318749809265139 0.06892103 3.525 -4.115 0.025 0.022 1.016 6139.8 4.2411 14.823014 1.066944 15.271646 14.204701 "" "" 1210.37341 1301.52637 22168.74991 6.3991 10636.0 22.409 16492.0 16.827 "" "" 0.00277308678407234 0.00360803 0.0039383913 0.007546421 6139.8
98.27926146814 7.44143060721 0.0231 0.0219 39.4545 "" "" 3325927776724544512 1463.87378 0.6397 0.0279 37.590569470987205 5.236950758790844 3.50262499499321 0.10100241 -4.1328749809265135 0.07592103 3.313 -6.316 0.032 0.029 1.071 5323.9 3.5324 14.832508 1.630667 15.602557 13.97189 111.72 5.3 1408.72729 1517.77039 21975.74589 7.3863 7841.4 20.464 20436.0 18.522 "" "" 0.0027793816079418167 0.003976644 0.0039053909 0.007882034 5323.9
98.65442256558 7.57557290993 0.0267 0.0246 28.3345 "" "" 3325924748768169856 1361.81409 0.6999 0.0313 41.87832899150384 6.666769701287123 -4.36237500500679 0.10000241 4.802125019073486 0.07292104 -4.552 2.619 0.031 0.026 1.24 6204.4 4.1668 14.837705 1.099883 15.296885 14.197001 "" "" 1310.77856 1414.56458 21870.81052 8.041 10391.0 14.226 16610.0 19.48 "" "" 0.002784085956631106 0.00316142 0.0039881216 0.0071495418 6204.4
98.78869405152 8.66936694107 0.0253 0.0256 40.2719 "" "" 3326154581060149760 1363.80457 0.6891 0.0315 47.07169351830992 7.106094303483455 5.10962499499321 0.09900241 -5.187874980926514 0.07392103 4.92 -7.371 0.03 0.027 1.241 6071.0 3.9288 14.851209 1.053616 15.287492 14.233875 "" "" 1313.23877 1418.22046 21600.48243 6.2378 10481.0 39.171 16055.0 17.223 "" "" 0.002773102312675368 0.004924475 0.003954783 0.008879258 6071.0
98.10487021484 7.86885216501 0.0225 0.0217 28.7889 "" "" 3326006009550832512 1278.89404 0.7373 0.0266 19.168498750745837 2.9761205032726745 1.7706249949932098 0.09900241 -2.6198749809265136 0.07092103 1.581 -4.803 0.03 0.024 0.901 5946.3 4.3146 14.886175 0.920726 15.257431 14.336705 "" "" 1231.35498 1324.62134 20915.89788 6.744 10776.0 14.958 14604.0 18.477 "" "" 0.0027774708474192786 0.0031711794 0.004021282 0.0071924613 5946.3
98.38639145911 7.64769703906 0.0226 0.0248 25.5533 "" "" 3325940146230168192 1347.36011 0.6942 0.0304 34.002972622148754 5.480197008320047 1.2386249949932098 0.09400241 5.178125019073486 0.06992103 1.049 2.995 0.025 0.023 0.965 5961.3 4.0588 14.893707 1.012339 15.311831 14.299493 "" "" 1300.97791 1409.13501 20771.30887 6.2673 10249.0 25.331 15113.0 30.149 "" "" 0.002774726960758114 0.0038711764 0.004356033 0.00822721 5961.3
98.89206250078 8.13262405231 0.0232 0.0213 20.6273 "" "" 3326072946618142208 1513.72583 0.6173 0.0281 40.33702363700231 5.798779030968502 -3.9123750050067905 0.10000241 4.037125019073486 0.07292104 -4.102 1.854 0.031 0.026 0.892 6829.8 4.2031 14.918152 0.989882 15.325087 14.335204 "" "" 1456.36096 1581.55811 20308.8771 6.7542 10125.0 21.554 14624.0 13.257 "" "" 0.0027788798997662977 0.0036231445 0.0039054407 0.0075285854 6829.8
98.46590159855 7.36864373117 0.0264 0.0236 40.5402 "" "" 3325915097981546752 1739.53015 0.5301 0.0304 22.391101195892084 2.5491991389454065 -0.28237500500679014 0.10800241 -2.700874980926514 0.074921034 -0.472 -4.884 0.039 0.028 0.94 5696.4 4.0892 14.920302 1.174448 15.422809 14.248361 "" "" 1639.42908 1849.9707 20268.69991 7.8635 9253.2 12.858 15842.0 24.26 "" "" 0.0027873320647776047 0.0031719478 0.004128945 0.007300893 5696.4
97.91985613805 7.99332707637 0.0251 0.0245 38.0218 "" "" 3326199046858998784 1233.56384 0.7667 0.0292 40.39683999145427 7.084991619613957 -4.86037500500679 0.09900241 4.910125019073487 0.07292104 -5.05 2.727 0.03 0.026 0.966 6563.1 4.2986 14.952835 1.121138 15.42659 14.305452 "" "" 1191.9884 1284.53809 19670.37925 6.1072 9221.1 22.738 15031.0 24.268 "" "" 0.002775864401669108 0.0038668953 0.004166122 0.008033018 6563.1
98.04571706988 7.93843674805 0.0217 0.0216 31.0325 "" "" 3326010441957261696 1213.61646 0.7804 0.0257 27.863469798888598 4.960630630272727 -4.68037500500679 0.096002415 1.2471250190734864 0.06992103 -4.87 -0.936 0.027 0.023 0.898 6088.6 4.2904 14.972505 0.867022 15.315159 14.448137 "" "" 1177.05688 1255.94556 19317.23955 6.4207 10218.0 17.241 13180.0 15.175 "" "" 0.0027788528316132414 0.0033378436 0.003980757 0.007318601 6088.6
98.28489217859 8.03611108051 0.0237 0.0233 16.2382 "" "" 3326033261120987520 1689.48755 0.5526 0.0282 25.35096006116179 2.9755569646706483 1.3446249949932099 0.09900241 -2.865874980926514 0.07292104 1.155 -5.049 0.03 0.026 1.019 6340.5 4.0111 14.97723 1.087967 15.432185 14.344218 "" "" 1612.05908 1779.59521 19233.33939 6.0297 9173.7 32.109 14503.0 16.775 "" "" 0.002776265230361402 0.004714507 0.003982565 0.008697072 6340.5
98.91231289798 8.02066129988 0.0252 0.0228 21.0641 "" "" 3326068239334569216 1279.90881 0.7427 0.0273 24.071738101942586 4.146718612348805 -0.11537500500679015 0.103002414 3.9661250190734862 0.07792103 -0.305 1.783 0.034 0.031 1.0 5554.6 4.166 15.001773 1.222275 15.529777 14.307502 "" "" 1242.97693 1328.4375 18803.45941 6.9522 8385.1 15.779 15002.0 17.009 "" "" 0.002784409217732865 0.0034582394 0.0039748033 0.007433043 5554.6
99.10049850454 8.29148842336 0.0237 0.0237 35.6158 "" "" 3326083185820578304 1497.13452 0.6204 0.0291 56.342013974368555 8.129796507293403 -2.78737500500679 0.09900241 7.434125019073487 0.071921036 -2.977 5.251 0.03 0.025 1.074 6457.2 4.2136 15.029689 1.024633 15.454614 14.42998 "" "" 1425.52478 1575.87048 18326.14553 5.3187 8986.1 12.089 13402.0 15.587 "" "" 0.0027732800269260195 0.003149368 0.003984754 0.007134122 6457.2
