Clusters/Basel_8/Basel_8_fs.tsv
# %ECSV 1.0
# ---
# datatype:
# - name: RA_ICRS_1
#   unit: deg
#   datatype: float64
#   format: '{:15.11f}'
#   description: Right ascension (ICRS) at Ep=2016.0 (ra)
#   meta: !!omap
#   - {ucd: POS_EQ_RA_MAIN}
#   - {width: 15}
#   - {precision: '11'}
# - name: DE_ICRS_1
#   unit: deg
#   datatype: float64
#   format: '{:15.11f}'
#   description: Declination (ICRS) at Ep=2016.0 (dec)
#   meta: !!omap
#   - {ucd: POS_EQ_DEC_MAIN}
#   - {width: 15}
#   - {precision: '11'}
# - name: e_RA_ICRS
#   unit: mas
#   datatype: float64
#   format: '{:7.4f}'
#   description: Standard error of right ascension (ra_error)
#   meta: !!omap
#   - {ucd: ERROR}
#   - {width: 7}
#   - {precision: '4'}
# - name: e_DE_ICRS
#   unit: mas
#   datatype: float64
#   format: '{:7.4f}'
#   description: Standard error of declination (dec_error)
#   meta: !!omap
#   - {ucd: ERROR}
#   - {width: 7}
#   - {precision: '4'}
# - name: _r_1
#   unit: ''
#   datatype: float64
#   format: '{:7.4f}'
#   description: Distance from center (098.55820660000+08.03809416000)[ICRS], at Epoch=J2016.0
#   meta: !!omap
#   - {ucd: POS_ANG_DIST_GENERAL}
#   - {width: 7}
#   - {precision: '4'}
# - name: HIP
#   datatype: int32
#   description: '? HIP cross-id number, van Leeuwen, Cat. I/311 (hip_original_ext_source_id)'
#   meta: !!omap
#   - {ucd: ID_NUMBER}
#   - {width: 6}
#   - values: {'null': -2147483648}
# - name: TYC2
#   datatype: string
#   description: Tycho-2 cross-id name, Hog et al., Cat. I/259 (tyc2_original_ext_source_id)
#   meta: !!omap
#   - {ucd: ID_CROSSID}
#   - {_votable_string_dtype: char}
# - name: Source
#   datatype: int64
#   description: Source identifier, identical to the Gaia-EDR3 source_id (id)
#   meta: !!omap
#   - {ucd: ID_MAIN}
#   - {width: 19}
# - name: rgeo
#   unit: pc
#   datatype: float64
#   format: '{:15.8f}'
#   description: '? Median of the geometric distance posterior (r_med_geo)'
#   meta: !!omap
#   - {ucd: PHYS_DISTANCE_TRUE}
#   - {width: 15}
#   - {precision: '8'}
#   - values: {'null': .nan}
# - name: Plx
#   unit: mas
#   datatype: float64
#   format: '{:9.4f}'
#   description: '? Parallax (parallax)'
#   meta: !!omap
#   - {ucd: POS_PARLX_TRIG}
#   - {width: 9}
#   - {precision: '4'}
#   - values: {'null': .nan}
# - name: e_Plx
#   unit: mas
#   datatype: float32
#   format: '{:7.4f}'
#   description: '? Standard error of parallax (parallax_error)'
#   meta: !!omap
#   - {ucd: ERROR}
#   - {width: 7}
#   - {precision: '4'}
#   - values: {'null': .nan}
# - name: v_pec
#   unit: km / s
#   datatype: float64
#   format: '{:9.3f}'
#   description: '? Proper motion in right ascension direction, pmRA*cosDE (pmra)'
#   meta: !!omap
#   - {ucd: POS_EQ_PMRA}
#   - {width: 9}
#   - {precision: '3'}
#   - values: {'null': .nan}
# - name: "\xB5_pec"
#   unit: mas / yr
#   datatype: float64
#   format: '{:9.3f}'
#   description: '? Proper motion in right ascension direction, pmRA*cosDE (pmra)'
#   meta: !!omap
#   - {ucd: POS_EQ_PMRA}
#   - {width: 9}
#   - {precision: '3'}
#   - values: {'null': .nan}
# - name: rmRA
#   unit: mas / yr
#   datatype: float64
#   format: '{:9.3f}'
#   description: '? Proper motion in right ascension direction, pmRA*cosDE (pmra)'
#   meta: !!omap
#   - {ucd: POS_EQ_PMRA}
#   - {width: 9}
#   - {precision: '3'}
#   - values: {'null': .nan}
[...]
#   description: RAVE DR6 cross-id name, Steinmetz et al., Cat. III/283 (rave6_original_ext_source_id)
#   meta: !!omap
#   - {ucd: ID_CROSSID}
#   - {_votable_string_dtype: char}
# - name: e_Gmag
#   unit: ''
#   datatype: float64
#   format: '{:11.4g}'
#   description: '? Error on G-band mean flux (phot_g_mean_flux_error)'
#   meta: !!omap
#   - {ucd: ERROR}
#   - {width: 11}
#   - {precision: E4}
#   - values: {'null': .nan}
# - name: e_BPmag
#   unit: ''
#   datatype: float32
#   format: '{:11.4g}'
#   description: '? Error on the integrated BP mean flux (phot_bp_mean_flux_error)'
#   meta: !!omap
#   - {ucd: ERROR}
#   - {width: 11}
#   - {precision: E4}
#   - values: {'null': .nan}
# - name: e_RPmag
#   unit: ''
#   datatype: float32
#   format: '{:11.4g}'
#   description: '? Error on the integrated RP mean flux (phot_rp_mean_flux_error)'
#   meta: !!omap
#   - {ucd: ERROR}
#   - {width: 11}
#   - {precision: E4}
#   - values: {'null': .nan}
# - name: e_BP-RP
#   unit: ''
#   datatype: float32
#   format: '{:11.4g}'
#   description: '? Error on the integrated BP mean flux (phot_bp_mean_flux_error)'
#   meta: !!omap
#   - {ucd: ERROR}
#   - {width: 11}
#   - {precision: E4}
#   - values: {'null': .nan}
# meta: !!omap
# - {ID: I_352_gedr3dis}
# - {name: I/352/gedr3dis}
# - {description: Estimating distances from parallaxes (1467744818 sources)}
# schema: astropy-2.0
RA_ICRS_1 DE_ICRS_1 e_RA_ICRS e_DE_ICRS _r_1 HIP TYC2 Source rgeo Plx e_Plx v_pec µ_pec rmRA e_rmRA rmDE e_rmDE pmRA pmDE e_pmRA e_pmDE RUWE Teff logg Gmag BP-RP BPmag RPmag RV e_RV b_rgeo B_rgeo FG e_FG FBP e_FBP FRP e_FRP RAVE5 RAVE6 e_Gmag e_BPmag e_RPmag e_BP-RP
[from data line 865]
99.03002286759 7.61531966392 0.0619 0.0534 37.8152 "" "" 3133798496412894848 1571.68591 0.6196 0.063 20.473480985928344 2.748195271446336 -0.789 0.13900241 2.6325000000000003 0.10992104 -0.907 0.273 0.07 0.063 0.929 5560.1 4.6572 16.319094 1.306744 16.892288 15.585545 "" "" 1400.74146 1795.09753 5588.67985 3.6595 2390.6 15.19 4623.2 14.444 "" "" 0.002845563927722455 0.0074416962 0.0050783944 0.012520091
97.99431175833 7.68768534384 0.0472 0.0422 39.5642 "" "" 3325985226207103744 1595.08142 0.5969 0.0535 19.50587259669549 2.5799077987401025 -2.5580000000000003 0.13100241 -0.3354999999999997 0.09892103 -2.676 -2.695 0.062 0.052 0.965 6067.6 4.4448 16.320835 1.406989 16.954077 15.547088 "" "" 1458.11609 1736.29089 5579.72193 3.8321 2258.3 17.279 4789.9 10.036 "" "" 0.002854438294534109 0.008763374 0.0044112136 0.013174588
99.22845269925 7.85429313886 0.0461 0.0426 41.3272 "" "" 3133896181148785664 1402.7677 0.6865 0.0548 169.73503233771288 25.52744731166828 14.146 0.12700242 -21.2495 0.093921036 14.028 -23.609 0.058 0.047 1.016 6063.0 4.4879 16.321384 1.311959 16.895548 15.583589 "" "" 1310.97876 1509.87354 5576.89753 3.8398 2383.4 19.9 4631.5 13.409 "" "" 0.0028549291392483047 0.009484938 0.0049157566 0.0144006945
98.84428762311 7.95233779287 0.0483 0.0439 17.7597 "" "" 3325973642676299136 1540.65564 0.6286 0.0525 36.53497476874062 5.002935363364193 -1.56 0.13000241 4.753500000000001 0.09892103 -1.678 2.394 0.061 0.052 1.016 5245.5 4.3725 16.322214 1.321246 16.906681 15.585435 "" "" 1414.78735 1663.5271 5572.64342 3.6192 2359.1 15.221 4623.6 12.75 "" "" 0.0028441189248360026 0.007540425 0.0048216037 0.0123620285
98.18842029237 7.71203610866 0.0495 0.0507 29.4238 "" "" 3325988937058715264 1505.65576 0.6334 0.0676 25.64067832778276 3.592737431263242 2.884 0.13000241 -2.1424999999999996 0.09992103 2.766 -4.502 0.061 0.053 0.911 5382.4 4.6721 16.32318 1.128874 16.81382 15.684946 "" "" 1361.06494 1683.18921 5567.68635 4.2542 2569.7 22.701 4218.7 11.994 "" "" 0.0028775026481107683 0.009989098 0.0048797657 0.014868863
98.3326283037 8.18816782294 0.0474 0.0485 16.1437 "" "" 3326044943431583872 1469.45361 0.6585 0.0592 43.982279769457925 6.314566117319543 -1.8170000000000002 0.12700242 6.0475 0.093921036 -1.935 3.688 0.058 0.047 1.113 5316.4 4.6128 16.323284 1.249909 16.868584 15.618674 "" "" 1334.85522 1618.18396 5567.15335 3.0999 2443.3 14.764 4484.2 15.306 "" "" 0.002820865324703158 0.007129383 0.0052931923 0.012422575
98.69034001569 8.32903286366 0.0492 0.0441 19.139 "" "" 3326139290977815296 1606.98816 0.6081 0.0536 37.746805709753254 4.95551947327422 4.069 0.13800241 -2.8284999999999996 0.10292104 3.951 -5.188 0.069 0.056 1.049 5421.4 4.632 16.324127 1.113325 16.80016 15.686834 "" "" 1494.91968 1735.68359 5562.83319 3.5562 2602.3 13.715 4211.4 12.791 "" "" 0.0028413988375012972 0.006366206 0.0050157863 0.011381992
98.77920915039 8.659319916 0.0477 0.0477 39.5151 "" "" 3326154482276816128 1288.7395 0.7558 0.0538 31.65421354731249 5.181888289996224 -2.194 0.12600242 -4.6945 0.09792103 -2.312 -7.054 0.057 0.051 1.067 5184.4 4.6296 16.32563 1.191446 16.838516 15.64707 "" "" 1193.85254 1392.50403 5555.13559 3.1375 2511.9 14.644 4368.5 22.089 "" "" 0.002822733266477622 0.006917361 0.006665075 0.013582436
99.04060839443 8.02629778148 0.0454 0.0414 28.6689 "" "" 3326068926529295232 1380.10132 0.6924 0.0481 23.69706517418514 3.622473774922325 -3.608 0.13100241 -0.3234999999999997 0.09792103 -3.726 -2.683 0.062 0.051 0.94 5426.6 4.6032 16.326963 1.245002 16.85917 15.614169 "" "" 1286.41895 1480.52844 5548.31548 3.478 2464.6 21.56 4502.9 15.213 "" "" 0.0028381344972148916 0.009899228 0.0052667866 0.015166014
98.59753418015 7.51981209329 0.0483 0.0433 31.1847 "" "" 3325924031513419264 1562.15161 0.63 0.0537 61.43692235675206 8.297130663669218 8.285 0.12200241 -0.4484999999999997 0.09192103 8.167 -2.808 0.053 0.045 0.959 5598.7 4.6079 16.327038 1.207289 16.850557 15.643269 "" "" 1444.32703 1685.20374 5547.93743 3.272 2484.2 15.053 4383.8 8.245 "" "" 0.002828748148524386 0.007146221 0.004295772 0.011441993
98.57240437934 7.37737933564 0.0492 0.049 39.6519 "" "" 3325918224717699328 1321.70996 0.7252 0.0549 30.037679954111308 4.794594482331117 4.404 0.13100241 1.8955000000000002 0.096921034 4.286 -0.464 0.062 0.05 0.999 4946.1 4.6251 16.329527 1.228949 16.87304 15.644091 "" "" 1232.54724 1431.93091 5535.23377 3.3329 2433.3 12.958 4380.5 16.158 "" "" 0.0028318150309738625 0.006419876 0.005506605 0.0119264815
98.27039735499 8.29848629986 0.046 0.0477 23.1577 "" "" 3326234231230751744 1392.40137 0.7109 0.0627 25.048491120106462 3.7952359939798215 3.564 0.12500241 1.3045000000000002 0.09092103 3.446 -1.055 0.056 0.044 0.948 5043.7 4.6274 16.334074 1.218028 16.867098 15.64907 "" "" 1277.00244 1520.37488 5512.1031 3.3388 2446.7 13.326 4360.4 13.456 "" "" 0.002832719185254539 0.00653868 0.005050723 0.011589402
99.06977022641 7.64106926674 0.0543 0.0503 38.627 "" "" 3133798187175233920 1743.43628 0.5647 0.0607 30.774885498473104 3.7240201731462195 -0.652 0.1290024 3.6665 0.100921035 -0.77 1.307 0.06 0.054 0.943 "" "" 16.337439 1.123248 16.809557 15.686309 "" "" 1590.37366 1933.76221 5495.04675 3.6305 2579.8 12.527 4213.4 19.026 "" "" 0.002847165718247954 0.005964923 0.0061903647 0.012155288
98.68935651787 7.92488788657 0.0474 0.0467 10.3375 "" "" 3325975571120143360 1533.20117 0.6402 0.0573 36.1089415402227 4.968637061609551 2.872 0.12600242 4.0545 0.09492104 2.754 1.695 0.057 0.048 0.952 5508.5 4.6093 16.337809 1.2696 16.898336 15.628737 "" "" 1410.29431 1681.64929 5493.16922 3.2486 2377.3 15.858 4442.9 13.592 "" "" 0.0028291468894952455 0.0077613727 0.0050315442 0.012792917
98.900006797 7.49098885911 0.049 0.0576 38.6065 "" "" 3133789391082290304 1676.07935 0.5713 0.0737 29.633441819263826 3.730002982572534 3.6959999999999997 0.12700242 -0.5025 0.096921034 3.578 -2.862 0.058 0.05 0.961 5483.6 4.5763 16.343014 1.392737 16.96592 15.573182 "" "" 1469.3822 1953.57532 5466.90415 3.745 2233.8 11.252 4676.1 13.93 "" "" 0.0028539399202631884 0.0061396467 0.0049744314 0.011114078
98.25737177888 8.53157066217 0.0511 0.0455 34.579 "" "" 3326242546287313664 1676.05786 0.5585 0.0556 42.472036924208524 5.3460835431182705 3.093 0.13000241 4.3605 0.096921034 2.975 2.001 0.061 0.05 0.997 5442.4 4.632 16.34403 1.097492 16.808912 15.71142 "" "" 1551.02161 1811.29688 5461.78473 3.4828 2581.4 12.285 4117.1 13.428 "" "" 0.0028409719291984646 0.005872277 0.0051791375 0.011051415
98.48820165981 7.3523987637 0.045 0.0435 41.3518 "" "" 3325912074324568192 1467.27478 0.6582 0.0525 32.110679689091654 4.616998186051192 -0.28 0.13100241 4.6085 0.09592103 -0.398 2.249 0.062 0.049 0.983 4597.6 4.2695 16.34406 1.335843 16.932556 15.596713 "" "" 1355.26917 1584.16321 5461.63575 3.6046 2303.5 14.487 4575.9 10.445 "" "" 0.0028469741881346645 0.0073763914 0.0045194873 0.011895878
98.53995050126 8.43340509324 0.0544 0.0466 23.7434 "" "" 3326143315361885440 1555.4491 0.6174 0.0581 35.55874807238188 4.82294508054985 -1.017 0.14000241 4.7145 0.11192103 -1.135 2.355 0.071 0.065 0.987 5390.1 4.6414 16.344692 1.106294 16.810692 15.704398 "" "" 1426.6543 1738.93396 5458.45536 3.4895 2577.2 11.963 4143.8 8.4628 "" "" 0.0028414001216339013 0.005760641 0.0043818364 0.010142477
98.42547831528 7.83584345478 0.0487 0.0505 14.4731 "" "" 3326014363264918656 1734.44727 0.5627 0.0646 50.87086774537498 6.1877064612019215 -2.7430000000000003 0.12700242 5.5465 0.093921036 -2.861 3.187 0.058 0.047 1.004 5461.6 4.6761 16.348394 1.123282 16.82391 15.700627 "" "" 1575.0636 2007.67139 5439.87261 3.4159 2546.0 13.332 4158.2 17.541 "" "" 0.0028384160761867907 0.0063331546 0.0059380876 0.012271242
98.85800115339 8.08351914509 0.0507 0.0448 18.0173 "" "" 3326072328142885248 1376.32043 0.6996 0.0561 21.764902339761772 3.336251826526289 1.7120000000000002 0.13600242 2.8635 0.10492103 1.594 0.504 0.067 0.058 1.051 5304.3 4.6662 16.353891 1.340349 16.953457 15.613108 "" "" 1262.97217 1521.56335 5412.40766 3.5583 2259.6 12.044 4507.3 10.788 "" "" 0.0028462781684445346 0.0064246366 0.0045865825 0.011011219
98.79403905871 8.34866987802 0.0564 0.0486 23.3109 "" "" 3326127883544686208 1475.27991 0.6742 0.061 21.962948554003002 3.140782585598691 -1.545 0.1420024 -2.7345 0.11092104 -1.663 -5.094 0.073 0.064 1.139 5090.3 4.6198 16.354986 1.241071 16.902966 15.661895 "" "" 1351.7334 1627.77051 5406.94954 3.8439 2367.2 10.04 4309.2 13.054 "" "" 0.0028613934305204585 0.0053842766 0.0050101513 0.010394428
98.19511807451 8.57041478197 0.0707 0.0647 38.5332 "" "" 3326255362469734400 1242.31763 0.8152 0.0838 40.32171342969441 6.847436107770558 6.809 0.15700242 -0.7244999999999999 0.12092103 6.691 -3.084 0.088 0.074 1.376 4977.5 4.6193 16.358458 1.321223 16.942114 15.620891 "" "" 1111.68518 1428.71692 5389.69273 4.7191 2283.3 11.011 4475.1 21.095 "" "" 0.002914707506506922 0.0059328987 0.0063622124 0.012295111
99.10813710716 8.38201133699 0.0433 0.0469 38.6306 "" "" 3326131186374496768 1405.62561 0.683 0.056 18.656867259294888 2.800210750997146 -1.83 0.11900242 2.1195000000000004 0.089921035 -1.948 -0.24 0.05 0.043 0.994 5631.3 4.6513 16.360212 1.1758 16.869322 15.693521 "" "" 1296.93713 1512.61304 5380.98715 3.0717 2441.7 11.789 4185.5 6.7122 "" "" 0.002824167667418979 0.0059384443 0.004161179 0.010099623
98.63992162503 8.54293443339 0.046 0.0436 30.6765 "" "" 3326151699138025728 1674.55115 0.569 0.0549 28.9845729799341 3.651658424606551 1.803 0.12700242 -3.1755 0.096921034 1.685 -5.535 0.058 0.05 1.096 5208.7 4.5995 16.364162 1.276917 16.939108 15.66219 "" "" 1555.58203 1817.45337 5361.4424 3.1428 2289.7 19.092 4308.1 12.131 "" "" 0.002827870031119056 0.00947331 0.00486114 0.01433445
98.76422363557 8.67202865947 0.0463 0.0494 39.9538 "" "" 3326342219591028096 1633.40649 0.6041 0.0628 35.65474782336883 4.60516028494123 0.769 0.12300241 -4.5405 0.09092103 0.651 -6.9 0.054 0.044 0.973 5402.4 4.6374 16.364574 1.159075 16.863043 15.703968 "" "" 1496.08423 1812.1936 5359.40788 3.5124 2455.8 10.201 4145.4 12.935 "" "" 0.002845717279475164 0.005303293 0.0050755553 0.010378849
98.51978801484 8.36540070147 0.0474 0.0435 19.7705 "" "" 3326141906612620160 1608.34204 0.5888 0.0522 19.46587666662511 2.55339034422863 -1.25 0.1280024 -2.2265 0.096921034 -1.368 -4.586 0.059 0.05 1.029 5540.3 4.6 16.364594 1.155208 16.846058 15.69085 "" "" 1481.84949 1743.71912 5359.31997 3.0787 2494.6 10.564 4195.8 18.526 "" "" 0.0028250313757878166 0.005378195 0.0061045424 0.011482738
98.63231593781 7.59662258648 0.0453 0.0459 26.8521 "" "" 3325925577701608704 1194.18384 0.823 0.0567 35.73867794519204 6.313772822172176 3.315 0.12300241 -5.3735 0.09192103 3.197 -7.733 0.054 0.045 1.015 5112.2 4.4877 16.364601 1.231025 16.898764 15.667739 "" "" 1098.34521 1284.00696 5359.2768 3.5391 2376.4 22.555 4286.1 11.987 "" "" 0.002847079023611843 0.010676043 0.004848095 0.015524138
98.85141401647 8.66462938541 0.0456 0.0476 41.4262 "" "" 3326176987905721216 1449.23975 0.6663 0.0577 22.728612634622152 3.308676812564201 -0.12 0.12300241 3.3065 0.093921036 -0.238 0.947 0.054 0.047 1.056 5510.2 4.6555 16.36488 1.233668 16.894691 15.661023 "" "" 1335.70154 1608.60486 5357.90165 3.1872 2385.3 12.335 4312.7 13.416 "" "" 0.0028300045033436035 0.00626969 0.0050686663 0.011338357
98.47153319727 8.38885830447 0.0526 0.0475 21.6661 "" "" 3326142834325558400 1292.75366 0.7494 0.06 32.21564561892151 5.257420589034132 0.203 0.13200241 5.253500000000001 0.10392103 0.085 2.894 0.063 0.057 1.068 4716.1 4.3871 16.368488 1.157727 16.869728 15.712001 "" "" 1205.82312 1398.60461 5340.12763 4.4703 2440.8 14.239 4114.9 12.459 "" "" 0.002901355366573012 0.006921229 0.005009043 0.011930272
98.26589223965 8.15790001587 0.0439 0.0467 18.7931 "" "" 3326038964837123456 1653.29456 0.6088 0.0572 20.109324100686816 2.566072339198566 -2.439 0.12200241 0.7975000000000001 0.09292103 -2.557 -1.562 0.053 0.046 0.955 5424.3 4.655 16.368855 1.079158 16.818594 15.739436 "" "" 1489.07983 1835.58276 5338.31961 3.0356 2558.5 20.074 4012.2 9.9045 "" "" 0.0028236444537835565 0.00896399 0.0046332963 0.013597286
98.95199331847 7.80974871871 0.0666 0.0621 27.1172 "" "" 3325959177226302720 1327.07812 0.7301 0.0723 35.25034022369223 5.603875556255688 1.597 0.15300241 5.3715 0.12492104 1.479 3.012 0.084 0.078 1.303 5094.4 4.634 16.373531 1.395055 17.008493 15.613439 "" "" 1218.05884 1474.61865 5315.3821 3.7091 2147.9 14.832 4505.9 13.713 "" "" 0.002857585649800624 0.0079997415 0.005020151 0.013019892
98.89652810339 7.80183785381 0.0508 0.0465 24.6004 "" "" 3325958386952311040 1597.20374 0.6099 0.0528 33.398170588778505 4.411476991892852 4.147 0.1280024 -1.5044999999999997 0.09892103 4.029 -3.864 0.059 0.052 1.008 5692.7 4.5062 16.382755 1.451601 17.042572 15.590971 "" "" 1482.65405 1733.21387 5270.41684 2.9919 2081.6 10.034 4600.1 12.2 "" "" 0.0028234154850081293 0.00593091 0.004751341 0.010682251
98.7239301431 7.71871162439 0.0492 0.0464 21.5461 "" "" 3325951588023476864 1542.0874 0.6338 0.0536 21.903661879767153 2.996604286521662 0.024999999999999994 0.13100241 2.9965 0.10192104 -0.093 0.637 0.062 0.055 0.926 5463.1 4.5577 16.383389 1.399241 17.004509 15.605268 "" "" 1427.42639 1679.42505 5267.33999 9.5343 2155.8 23.765 4539.9 31.042 "" "" 0.003384385807488617 0.012289801 0.00833048 0.02062028
97.91288348349 7.98397939042 0.0468 0.0464 38.4788 "" "" 3326199008208177024 1552.44116 0.6283 0.0554 33.35169255703004 4.532359898551746 -3.9179999999999997 0.1290024 2.2785 0.09792103 -4.036 -0.081 0.06 0.051 1.001 "" "" 16.383448 1.227176 16.887821 15.660645 "" "" 1425.63403 1667.8208 5267.04893 3.0822 2400.4 14.753 4314.2 17.079 "" "" 0.0028276258302778346 0.0072328392 0.0057234815 0.012956321
97.94222054675 8.37577479104 0.0476 0.0443 41.8168 "" "" 3326246154061195904 1468.91968 0.6524 0.0528 33.40357359434874 4.797517196425668 -4.2829999999999995 0.1280024 2.1615 0.09792103 -4.401 -0.198 0.059 0.051 1.092 5492.4 4.6303 16.383673 1.113354 16.861109 15.747755 "" "" 1383.33691 1584.3772 5265.96011 3.1716 2460.2 14.56 3981.6 15.043 "" "" 0.0028318548341016163 0.0070052617 0.0055776834 0.012582945
98.43179843837 8.62231771438 0.054 0.0493 35.8477 "" "" 3326338783618098304 1576.73682 0.6144 0.0602 21.387446342116856 2.861682066547575 -2.8480000000000003 0.13900241 -0.27949999999999964 0.10592103 -2.966 -2.639 0.07 0.059 1.094 5154.5 4.3618 16.390638 1.188289 16.874414 15.686126 "" "" 1443.40454 1769.35571 5232.28102 3.2464 2430.3 26.612 4214.1 28.64 "" "" 0.0028364759410441855 0.012211926 0.008290483 0.020502409
98.32252512175 7.86794164019 0.053 0.0476 17.331 "" "" 3325994881294130688 1204.06738 0.8193 0.0605 19.562887290359487 3.427708017028288 -2.16 0.12700242 -2.6614999999999998 0.09992103 -2.278 -5.021 0.058 0.053 0.877 4908.3 4.3873 16.393734 1.276218 16.95408 15.677863 "" "" 1128.01868 1287.7345 5217.38727 3.5241 2258.3 9.2582 4246.3 14.932 "" "" 0.0028512474215786 0.005253333 0.0053722025 0.010625536
98.83218979371 8.47041786477 0.051 0.0468 30.619 "" "" 3326146785695778048 1739.81348 0.5449 0.0574 18.871976893178545 2.2884233109282905 1.8689999999999998 0.13100241 -1.3205 0.09992103 1.751 -3.68 0.062 0.053 1.011 5193.6 4.608 16.395208 1.231242 16.93555 15.704308 "" "" 1592.93555 1905.85022 5210.30813 3.5385 2297.2 16.366 4144.1 10.463 "" "" 0.002852278123264171 0.0082229795 0.004668858 0.012891837
98.76526540423 8.68430365639 0.043 0.0435 40.6742 "" "" 3326342219591032576 1512.07544 0.6502 0.0541 27.34159129040151 3.814801862482507 0.421 0.12200241 3.7915 0.09192103 0.303 1.432 0.053 0.045 0.994 5478.0 4.6714 16.39798 1.162497 16.895273 15.732777 "" "" 1395.86267 1652.01172 5197.0268 2.8264 2384.0 9.0138 4036.9 10.091 "" "" 0.002817880844775682 0.004963574 0.004652907 0.009616481
