Clusters/Basel_8/Basel_8_stars_in_region.tsv
# %ECSV 1.0
# ---
# datatype:
# - name: RA_ICRS_1
#   unit: deg
#   datatype: float64
#   format: '{:15.11f}'
#   description: Right ascension (ICRS) at Ep=2016.0 (ra)
#   meta: !!omap
#   - {ucd: POS_EQ_RA_MAIN}
#   - {width: 15}
#   - {precision: '11'}
# - name: DE_ICRS_1
#   unit: deg
#   datatype: float64
#   format: '{:15.11f}'
#   description: Declination (ICRS) at Ep=2016.0 (dec)
#   meta: !!omap
#   - {ucd: POS_EQ_DEC_MAIN}
#   - {width: 15}
#   - {precision: '11'}
# - name: e_RA_ICRS
#   unit: mas
#   datatype: float64
#   format: '{:7.4f}'
#   description: Standard error of right ascension (ra_error)
#   meta: !!omap
#   - {ucd: ERROR}
#   - {width: 7}
#   - {precision: '4'}
# - name: e_DE_ICRS
#   unit: mas
#   datatype: float64
#   format: '{:7.4f}'
#   description: Standard error of declination (dec_error)
#   meta: !!omap
#   - {ucd: ERROR}
#   - {width: 7}
#   - {precision: '4'}
# - name: _r_1
#   unit: ''
#   datatype: float64
#   format: '{:7.4f}'
#   description: Distance from center (098.55820660000+08.03809416000)[ICRS], at Epoch=J2016.0
#   meta: !!omap
#   - {ucd: POS_ANG_DIST_GENERAL}
#   - {width: 7}
#   - {precision: '4'}
# - name: HIP
#   datatype: int32
#   description: '? HIP cross-id number, van Leeuwen, Cat. I/311 (hip_original_ext_source_id)'
#   meta: !!omap
#   - {ucd: ID_NUMBER}
#   - {width: 6}
#   - values: {'null': -2147483648}
# - name: TYC2
#   datatype: string
#   description: Tycho-2 cross-id name, Hog et al., Cat. I/259 (tyc2_original_ext_source_id)
#   meta: !!omap
#   - {ucd: ID_CROSSID}
#   - {_votable_string_dtype: char}
# - name: Source
#   datatype: int64
#   description: Source identifier, identical to the Gaia-EDR3 source_id (id)
#   meta: !!omap
#   - {ucd: ID_MAIN}
#   - {width: 19}
# - name: rgeo
#   unit: pc
#   datatype: float64
#   format: '{:15.8f}'
#   description: '? Median of the geometric distance posterior (r_med_geo)'
#   meta: !!omap
#   - {ucd: PHYS_DISTANCE_TRUE}
#   - {width: 15}
#   - {precision: '8'}
#   - values: {'null': .nan}
# - name: Plx
#   unit: mas
#   datatype: float64
#   format: '{:9.4f}'
#   description: '? Parallax (parallax)'
#   meta: !!omap
#   - {ucd: POS_PARLX_TRIG}
#   - {width: 9}
#   - {precision: '4'}
#   - values: {'null': .nan}
# - name: e_Plx
#   unit: mas
#   datatype: float32
#   format: '{:7.4f}'
#   description: '? Standard error of parallax (parallax_error)'
#   meta: !!omap
#   - {ucd: ERROR}
#   - {width: 7}
#   - {precision: '4'}
#   - values: {'null': .nan}
# - name: pmRA
#   unit: mas / yr
#   datatype: float64
#   format: '{:9.3f}'
#   description: '? Proper motion in right ascension direction, pmRA*cosDE (pmra)'
#   meta: !!omap
#   - {ucd: POS_EQ_PMRA}
#   - {width: 9}
#   - {precision: '3'}
#   - values: {'null': .nan}
# - name: pmDE
#   unit: mas / yr
#   datatype: float64
#   format: '{:9.3f}'
#   description: '? Proper motion in declination direction (pmdec)'
#   meta: !!omap
#   - {ucd: POS_EQ_PMDEC}
#   - {width: 9}
#   - {precision: '3'}
#   - values: {'null': .nan}
# - name: e_pmRA
#   unit: mas / yr
#   datatype: float32
#   format: '{:6.3f}'
#   description: '? Standard error of proper motion in right ascension direction (pmra_error)'
#   meta: !!omap
#   - {ucd: ERROR}
#   - {width: 6}
#   - {precision: '3'}
#   - values: {'null': .nan}
# - name: e_pmDE
[...]
#         unit: &id001 !astropy.units.Unit {unit: deg}
#         value: !astropy.table.SerializedColumn {name: SkyCoord.dec}
#       distance: !astropy.table.SerializedColumn
#         __class__: astropy.coordinates.distances.Distance
#         unit: !astropy.units.Unit {unit: pc}
#         value: !astropy.table.SerializedColumn {name: SkyCoord.distance}
#       frame: icrs
#       obstime: !astropy.time.Time {format: jyear_str, in_subfmt: '*', jd1: 367701545.0, jd2: 0.0, out_subfmt: '*', precision: 3, scale: tt}
#       pm_dec: !astropy.table.SerializedColumn
#         __class__: astropy.units.quantity.Quantity
#         unit: !astropy.units.Unit {unit: mas / yr}
#         value: !astropy.table.SerializedColumn {name: SkyCoord.pm_dec}
#       pm_ra_cosdec: !astropy.table.SerializedColumn
#         __class__: astropy.units.quantity.Quantity
#         unit: !astropy.units.Unit {unit: mas / yr}
#         value: !astropy.table.SerializedColumn {name: SkyCoord.pm_ra_cosdec}
#       ra: !astropy.table.SerializedColumn
#         __class__: astropy.coordinates.angles.core.Longitude
#         unit: *id001
#         value: !astropy.table.SerializedColumn {name: SkyCoord.ra}
#         wrap_angle: !astropy.coordinates.Angle
#           unit: *id001
#           value: 360.0
#       representation_type: spherical
# schema: astropy-2.0
RA_ICRS_1 DE_ICRS_1 e_RA_ICRS e_DE_ICRS _r_1 HIP TYC2 Source rgeo Plx e_Plx pmRA pmDE e_pmRA e_pmDE RUWE Teff logg Gmag BP-RP BPmag RPmag RV e_RV b_rgeo B_rgeo FG e_FG FBP e_FBP FRP e_FRP RAVE5 RAVE6 e_Gmag e_BPmag e_RPmag e_BP-RP SkyCoord.ra SkyCoord.dec SkyCoord.distance SkyCoord.pm_ra_cosdec SkyCoord.pm_dec
[from data line 3136]
98.35970038246 7.55744677305 0.032 0.0323 31.1596 "" "" 3325936160500582400 910.511475 1.0766 0.0393 -10.531 4.305 0.041 0.036 1.053 5323.2 4.5737 15.617256 1.195696 16.134666 14.938971 "" "" 866.191895 962.579346 10667.0514 4.684 4803.4 22.554 8386.3 16.903 "" "" 0.002796262922821886 0.0058115893 0.004367221 0.01017881 98.35970038246 7.55744677305 910.511475 -10.531 4.304999999999999
98.93706504135 8.46436280545 0.0369 0.0304 34.0619 "" "" 3326136134178119680 1253.5564 0.7525 0.0381 -0.517 2.494 0.04 0.033 1.053 5617.0 4.4786 15.617568 1.080189 16.071772 14.991583 "" "" 1184.49341 1308.28796 10663.98384 4.8784 5089.9 19.393 7989.6 14.313 "" "" 0.0027997297605009686 0.0049897707 0.0042505213 0.009240292 98.93706504135 8.46436280545 1253.5564 -0.517 2.4939999999999998
98.90472602923 8.18807675519 0.0309 0.0289 22.4643 "" "" 3326121767511062272 2153.35913 0.4326 0.0368 0.466 -2.617 0.043 0.036 0.998 6920.7 4.2569 15.618135 0.878216 15.961544 15.083328 "" "" 1955.74036 2377.54346 10658.42621 4.3073 5633.8 19.756 7342.2 19.607 "" "" 0.00279003727592481 0.004720265 0.0047634323 0.009483697 98.90472602923 8.18807675519 2153.35913 0.46599999999999997 -2.617
98.62566271357 8.70870917033 0.0358 0.0343 40.4356 "" "" 3326345969099854336 2209.86572 0.4183 0.0447 -0.816 -2.42 0.043 0.036 1.059 7990.4 4.4209 15.618333 0.933937 15.990498 15.05656 "" "" 1981.79797 2465.50244 10656.48013 15.601 5485.5 26.219 7525.5 33.502 "" "" 0.0031809319313162573 0.0058920113 0.0061356523 0.012027664 98.62566271357 8.70870917033 2209.86572 -0.8160000000000001 -2.42
98.79437378967 8.21853021466 0.0425 0.0379 17.7195 "" "" 3326121531288195072 1904.3562 0.495 0.0494 -1.553 -2.637 0.061 0.053 1.218 6580.2 4.3631 15.618397 1.025273 16.04762 15.022347 "" "" 1763.46411 2066.40552 10655.84622 4.7099 5204.4 14.113 7766.4 18.212 "" "" 0.0027968000505517085 0.0040563024 0.004556968 0.00861327 98.79437378967 8.21853021466 1904.3562 -1.553 -2.637
98.93711131057 7.69095094999 0.0374 0.0341 30.6757 "" "" 3325953443449288832 2039.16772 0.4472 0.0402 -0.25 -0.78 0.047 0.043 1.183 8354.5 4.1771 15.619235 0.929606 15.993864 15.064258 "" "" 1885.01685 2222.8667 10647.62689 4.8734 5468.5 16.781 7472.3 16.131 "" "" 0.002799774690235312 0.0043457663 0.004447179 0.008792945 98.93711131057 7.69095094999 2039.16772 -0.24999999999999994 -0.7799999999999999
99.07091347987 7.99425797892 0.0323 0.0293 30.5752 "" "" 3326057038059821312 2119.26489 0.4246 0.0359 -1.934 -0.314 0.044 0.035 1.001 7461.9 4.3554 15.619718 0.951007 16.005817 15.054811 "" "" 1938.73975 2302.7915 10642.88968 5.6297 5408.7 22.1 7537.6 16.686 "" "" 0.0028145384869103494 0.0052408073 0.0044788974 0.009719705 99.07091347987 7.99425797892 2119.26489 -1.9339999999999997 -0.314
99.02832107395 7.54899525852 0.0391 0.0376 40.5238 "" "" 3133791345287866624 1145.83069 0.8395 0.0469 -0.513 -4.614 0.048 0.043 1.179 5785.4 4.4843 15.620481 1.187678 16.1245 14.936822 "" "" 1072.03491 1202.50208 10635.41487 8.0814 4848.6 17.579 8402.9 16.676 "" "" 0.0028761818959478764 0.004824987 0.0043504555 0.009175442 99.02832107395 7.54899525852 1145.83069 -0.513 -4.613999999999999
98.83760352023 8.50457325767 0.034 0.031 32.5358 "" "" 3326149122157972736 1439.88818 0.6496 0.038 9.524 -0.854 0.041 0.037 1.013 5930.4 4.4104 15.620538 1.073123 16.06887 14.995748 "" "" 1374.80579 1516.86682 10634.8576 4.7756 5103.5 17.437 7959.0 16.917 "" "" 0.002798123644427212 0.0046417923 0.004428256 0.009070048 98.83760352023 8.50457325767 1439.88818 9.524 -0.8539999999999999
99.07390739168 8.18044445994 0.03 0.03 31.8011 "" "" 3326079990364969472 1537.42908 0.6012 0.0377 1.005 -4.156 0.039 0.034 0.983 5299.5 4.2906 15.620609 1.229404 16.154045 14.924641 "" "" 1454.53918 1623.91162 10634.15965 4.5762 4718.4 13.238 8497.7 15.197 "" "" 0.002794653585712414 0.004130872 0.0042489883 0.00837986 99.07390739168 8.18044445994 1537.42908 1.005 -4.156
97.97567247866 7.67727678419 0.0348 0.03 40.8349 "" "" 3325985123127906176 846.206177 1.1354 0.037 6.091 -13.507 0.048 0.037 0.976 5077.8 4.4528 15.620924 1.327597 16.220106 14.892509 "" "" 816.162903 880.649231 10631.07768 4.8886 4439.9 13.149 8752.9 13.986 "" "" 0.002800188455868481 0.0042572604 0.0041585434 0.008415803 97.97567247866 7.67727678419 846.206177 6.091 -13.507
99.08479672041 7.63356428775 0.0341 0.0302 39.6085 "" "" 3133798114156461184 1874.42944 0.4944 0.0387 -0.032 -1.225 0.041 0.037 0.897 6510.5 4.3112 15.622088 0.992167 16.029371 15.037204 "" "" 1769.67493 2009.01636 10619.68262 5.4863 5292.6 22.175 7660.8 16.65 "" "" 0.002811833593335331 0.005336546 0.00445557 0.009792116 99.08479672041 7.63356428775 1874.42944 -0.032 -1.225
97.91512342388 8.04432076624 0.0319 0.0297 38.2074 "" "" 3326200455608248960 633.5 1.5408 0.0355 0.344 -11.925 0.039 0.033 0.997 4599.5 4.5597 15.622901 1.379373 16.251137 14.871764 "" "" 620.048157 651.498169 10611.73499 4.5106 4314.8 24.934 8921.8 15.094 "" "" 0.0027937022347914436 0.0068665957 0.0042021167 0.011068713 97.91512342388 8.04432076624 633.5 0.3440000000000001 -11.925
99.01768623064 8.29663353539 0.0303 0.0292 31.39 "" "" 3326128815552614912 1699.11682 0.5595 0.0376 3.213 -2.993 0.037 0.031 0.993 5706.4 4.1529 15.62382 1.360032 16.230465 14.870433 "" "" 1601.0105 1804.32056 10602.75319 4.3267 4397.8 16.32 8932.7 22.525 "" "" 0.0027907152265757426 0.0049008946 0.0046668444 0.009567739 99.01768623064 8.29663353539 1699.11682 3.2130000000000005 -2.9930000000000008
98.1245897089 8.04565420951 0.0308 0.0326 25.7652 "" "" 3326013504271045632 1483.35437 0.6443 0.0383 0.725 -2.373 0.036 0.034 1.045 5519.3 4.3625 15.623955 1.081005 16.078331 14.997326 "" "" 1401.97339 1578.34253 10601.43497 4.2355 5059.2 18.621 7947.4 15.842 "" "" 0.0027892561679452384 0.004873862 0.0043551973 0.009229059 98.1245897089 8.04565420951 1483.35437 0.725 -2.373
98.48683050752 8.56291096293 0.0336 0.0299 31.7729 "" "" 3326334351213226240 1842.81799 0.5033 0.0377 2.238 -2.435 0.045 0.036 0.975 6016.2 4.1025 15.624538 1.119455 16.094362 14.974907 "" "" 1699.24866 1968.12341 10595.74054 4.6593 4985.1 26.634 8113.3 13.855 "" "" 0.002796378539192122 0.0064369375 0.0042096814 0.010646619 98.48683050752 8.56291096293 1842.81799 2.2379999999999995 -2.4349999999999996
98.97258760532 8.19010564343 0.0296 0.0292 26.2494 "" "" 3326075008202395264 2133.67334 0.4321 0.0371 -0.828 1.336 0.039 0.034 0.952 7134.7 4.1852 15.624587 1.049831 16.062368 15.012537 "" "" 1983.35388 2316.78809 10595.26643 4.3107 5134.2 12.947 7836.9 16.175 "" "" 0.0027905049295618095 0.003909124 0.0043937913 0.008302916 98.97258760532 8.19010564343 2133.67334 -0.8279999999999998 1.336
99.07026219615 7.64024181498 0.0357 0.0335 38.6806 "" "" 3133798187175234304 1709.30054 0.5451 0.0411 -3.556 -0.279 0.042 0.039 0.959 6264.1 4.4997 15.626722 1.028255 16.050488 15.022232 "" "" 1575.72583 1846.10461 10574.44768 4.4896 5190.7 13.131 7767.2 15.449 "" "" 0.0027936149205334713 0.003915212 0.004352852 0.008268064 99.07026219615 7.64024181498 1709.30054 -3.556 -0.279
98.37180338677 8.66802313554 0.0363 0.0325 39.3823 "" "" 3326350573304940032 2234.09131 0.4156 0.0395 2.114 -1.233 0.053 0.043 1.013 6022.2 4.2158 15.626749 1.21101 16.145525 14.934515 "" "" 2037.21558 2509.271 10574.18813 4.7325 4755.6 22.956 8420.8 16.702 "" "" 0.0027978404270401877 0.0059374454 0.0043498473 0.010287292 98.37180338677 8.66802313554 2234.09131 2.1139999999999994 -1.233
97.9754457827 7.64021809452 0.0439 0.0377 42.0684 "" "" 3325984435933164928 1742.66211 0.5317 0.0499 -3.095 2.911 0.057 0.052 1.214 6153.7 4.3738 15.627523 1.244932 16.157442 14.91251 "" "" 1592.63049 1930.15015 10566.65443 5.9376 4703.7 15.334 8593.2 27.959 "" "" 0.002822057014647177 0.004506995 0.0051732766 0.009680271 97.9754457827 7.64021809452 1742.66211 -3.095000000000001 2.911
98.79669450999 8.36232696783 0.0332 0.0288 24.0634 "" "" 3326128128358580736 1678.6073 0.5622 0.0354 0.481 -2.766 0.04 0.036 1.017 6140.1 4.2992 15.628083 1.007545 16.043062 15.035518 "" "" 1586.21582 1783.17383 10561.20107 4.1832 5226.3 28.159 7672.8 15.459 "" "" 0.002788679432480009 0.0064812177 0.0043668025 0.01084802 98.79669450999 8.36232696783 1678.6073 0.48100000000000004 -2.7659999999999996
98.10099618778 7.67692585784 0.0947 0.0817 34.7574 "" "" 3325985531146346624 1374.02014 0.7242 0.1038 -3.372 -0.51 0.118 0.092 3.519 6031.8 4.4803 15.628118 1.202217 16.061544 14.859327 "" "" 1203.22363 1625.83557 10560.87492 14.774 5138.1 10.896 9024.6 23.041 "" "" 0.0031462319935781566 0.0036174979 0.0046869894 0.008304487 98.10099618778 7.67692585784 1374.02014 -3.372 -0.5099999999999999
97.96594734269 7.76070235865 0.031 0.03 38.9349 "" "" 3325999622936847616 1217.54224 0.781 0.0363 1.168 -3.43 0.043 0.036 1.033 5965.4 4.3779 15.628398 1.213317 16.145447 14.93213 "" "" 1174.38831 1269.83704 10558.14238 4.3328 4756.0 13.499 8439.3 14.788 "" "" 0.0027911131128762466 0.00415712 0.0042312266 0.008388346 97.96594734269 7.76070235865 1217.54224 1.1680000000000001 -3.43
98.03335989997 7.78333029209 0.0318 0.0293 34.7353 "" "" 3325999348059484928 1486.53186 0.6349 0.036 -0.21 -2.868 0.042 0.035 0.925 5497.1 4.3367 15.631135 1.055384 16.070608 15.015224 "" "" 1417.41724 1570.54382 10531.56432 4.567 5095.3 18.805 7817.5 20.297 "" "" 0.002795258229174724 0.0048827995 0.0047148955 0.0095976945 98.03335989997 7.78333029209 1486.53186 -0.21000000000000002 -2.868
98.98133309464 8.04227176981 0.0328 0.0296 25.1393 "" "" 3326068514212447872 1076.88 0.8898 0.0349 0.736 -6.496 0.049 0.043 0.904 5665.4 4.4506 15.631331 1.207151 16.153206 14.946055 "" "" 1035.74707 1116.35754 10529.65524 4.4673 4722.1 19.145 8331.7 24.199 "" "" 0.0027935590845430728 0.005211733 0.004922202 0.010133935 98.98133309464 8.04227176981 1076.88 0.736 -6.496
99.17012803227 8.30174106738 0.0303 0.0321 39.6361 "" "" 3326082876582900480 1072.38794 0.8922 0.0391 1.501 -5.191 0.035 0.032 0.981 5274.2 4.3937 15.631798 1.313951 16.214016 14.900064 "" "" 1036.11609 1113.22412 10525.13738 4.783 4464.9 13.883 8692.3 13.584 "" "" 0.002799148167919075 0.0043797353 0.0041427864 0.008522522 99.17012803227 8.30174106738 1072.38794 1.501 -5.190999999999999
98.9288224646 8.03089274687 0.034 0.0316 22.0229 "" "" 3326068200678715904 965.177979 0.9955 0.0404 6.339 -6.638 0.046 0.039 1.065 5496.0 4.5095 15.63214 1.256778 16.18644 14.929662 "" "" 929.467285 997.008972 10521.81905 4.3277 4579.7 14.439 8458.5 15.363 "" "" 0.0027912748282375543 0.004416211 0.004262923 0.008679134 98.9288224646 8.03089274687 965.177979 6.3389999999999995 -6.638000000000001
98.79520354129 7.90725366263 0.2008 0.1833 16.1227 "" "" 3325971963348235776 1198.13245 1.0528 0.2202 0.577 2.16 0.24 0.203 7.063 7622.2 4.0838 15.633516 1.513587 16.285746 14.772159 "" "" 929.46283 1833.49951 10508.48838 34.389 4179.4 16.079 9779.0 15.194 "" "" 0.004496230137287815 0.0050232233 0.004138783 0.009162007 98.79520354129 7.90725366263 1198.13245 0.5770000000000001 2.16
98.51724956002 7.53072778426 0.033 0.0305 30.5392 "" "" 3325923584836843136 1539.03113 0.6126 0.0363 3.132 -0.019 0.037 0.032 1.036 5980.9 4.2991 15.634782 1.177108 16.139528 14.96242 "" "" 1465.7804 1622.47961 10496.24687 3.8609 4782.0 8.3551 8207.1 14.124 "" "" 0.002784113555996489 0.0033739652 0.0042160414 0.0075900066 98.51724956002 7.53072778426 1539.03113 3.132 -0.018999999999999996
98.64506599297 7.41219415175 0.036 0.0352 37.9074 "" "" 3325917984199491328 987.235657 0.9889 0.0421 4.375 -7.553 0.045 0.035 1.055 4882.0 4.3129 15.635163 1.192947 16.15282 14.959873 "" "" 950.821838 1033.72717 10492.56158 4.2472 4723.8 19.331 8226.4 12.895 "" "" 0.0027901501289689656 0.0052465494 0.0041449023 0.009391451 98.64506599297 7.41219415175 987.235657 4.375 -7.553000000000001
98.48927492748 8.12575680993 0.04 0.0386 6.6658 "" "" 3326029069232772352 1474.5592 0.6415 0.0451 -0.167 -2.397 0.045 0.038 1.069 5818.7 4.4425 15.635324 1.015034 16.058455 15.043421 "" "" 1393.10876 1558.69641 10491.00659 7.4175 5152.7 22.913 7617.1 20.333 "" "" 0.0028602586958689346 0.0055762953 0.004762729 0.0103390245 98.48927492748 8.12575680993 1474.5592 -0.167 -2.3970000000000002
98.47997381721 7.92449714497 0.0343 0.0352 8.2501 "" "" 3326017283842615168 1676.11133 0.5645 0.0459 1.7 -1.259 0.041 0.033 0.951 6347.0 4.4743 15.635987 0.982404 16.039263 15.056859 "" "" 1549.32202 1793.33521 10484.60282 4.5822 5244.6 14.939 7523.4 21.123 "" "" 0.0027958809332112463 0.004165291 0.004855533 0.009020824 98.47997381721 7.92449714497 1676.11133 1.6999999999999997 -1.259
98.68145668886 7.40942036142 0.0455 0.045 38.4256 "" "" 3325917915480003712 1393.99231 0.6856 0.0528 0.196 -3.925 0.053 0.047 1.456 5249.5 4.3732 15.636273 1.291017 16.19121 14.900192 "" "" 1290.28711 1534.1228 10481.83961 4.7824 4559.7 18.916 8691.2 32.346 "" "" 0.0027994971393851963 0.0052983803 0.0055327774 0.010831158 98.68145668886 7.40942036142 1393.99231 0.196 -3.925
98.9961174789 8.22736473598 0.0322 0.0331 28.3814 "" "" 3326081257379582976 2012.52124 0.4553 0.0426 -1.308 -4.65 0.041 0.033 1.053 5809.1 3.9487 15.636313 1.165049 16.132196 14.967148 "" "" 1861.27527 2169.44385 10481.46301 4.2108 4814.4 19.181 8171.4 20.156 "" "" 0.002789631428546851 0.0051474716 0.004632076 0.009779547 98.9961174789 8.22736473598 2012.52124 -1.3080000000000003 -4.65
98.18760833178 8.30518955262 0.0347 0.0329 27.2262 "" "" 3326235227663201664 2309.84106 0.3976 0.0398 -0.716 -0.676 0.04 0.034 1.035 8265.4 4.3635 15.639154 0.843656 15.978514 15.134858 "" "" 2086.76416 2548.35815 10454.05928 5.4034 5546.4 19.917 7001.9 15.085 "" "" 0.002811888796377516 0.0047943834 0.0044446867 0.00923907 98.18760833178 8.30518955262 2309.84106 -0.716 -0.6760000000000002
98.49972020015 7.54364427996 0.0321 0.0296 29.87 "" "" 3325935404587040256 1713.28894 0.5388 0.0351 -0.324 0.578 0.036 0.031 1.005 7057.8 4.4177 15.639507 1.009337 16.055883 15.046546 "" "" 1606.76978 1848.31177 10450.66136 3.9659 5164.9 15.442 7595.2 13.657 "" "" 0.0027859563898552566 0.0042804684 0.0042538326 0.008534301 98.49972020015 7.54364427996 1713.28894 -0.324 0.578
98.51674314018 8.35835050428 0.0322 0.0293 19.3725 "" "" 3326141837893144448 1221.15784 0.784 0.0355 1.197 -6.086 0.04 0.034 0.996 5216.4 4.4202 15.640021 1.13374 16.121332 14.987592 "" "" 1168.9447 1268.63977 10445.7146 4.0985 4862.8 12.864 8019.0 28.639 "" "" 0.0027880578560538737 0.004004317 0.0054147425 0.009419059 98.51674314018 8.35835050428 1221.15784 1.1969999999999998 -6.085999999999999
98.44915691087 8.02076840994 0.0567 0.0511 6.5617 "" "" 3326022162925428480 2281.77881 0.4211 0.0683 -0.142 0.042 0.061 0.049 1.566 7084.7 4.3782 15.641058 1.021012 16.034964 15.013951 "" "" 1992.49231 2688.79663 10435.74394 9.4131 5265.4 23.925 7826.7 20.655 "" "" 0.0029241916125613185 0.0056677437 0.0047427523 0.010410496 98.44915691087 8.02076840994 2281.77881 -0.142 0.042
99.0251540504 7.91826493008 0.0338 0.0293 28.6621 "" "" 3326054598518437632 1379.37817 0.6938 0.0367 0.694 -3.868 0.042 0.038 0.979 5999.7 4.3942 15.641484 1.149248 16.128656 14.979408 "" "" 1299.15564 1447.59058 10431.64853 4.4747 4830.1 34.644 8079.7 14.332 "" "" 0.0027944042124932976 0.008272224 0.0042417985 0.012514023 99.0251540504 7.91826493008 1379.37817 0.694 -3.868
99.11996025254 7.61434754033 0.0346 0.0303 41.9689 "" "" 3133794991719560320 861.68573 1.1159 0.0384 -4.509 -2.586 0.041 0.037 0.958 5101.9 4.5806 15.641651 1.196639 16.156107 14.959468 "" "" 833.602783 894.087463 10430.04567 4.3313 4709.5 16.683 8229.5 20.608 "" "" 0.0027919666591170998 0.0047516045 0.0046557407 0.009407345 99.11996025254 7.61434754033 861.68573 -4.509 -2.5859999999999994
