Clusters/Basel_8/Basel_8_members.tsv
# %ECSV 1.0
# ---
# datatype:
# - name: RA_ICRS_1
#   unit: deg
#   datatype: float64
#   format: '{:15.11f}'
#   description: Right ascension (ICRS) at Ep=2016.0 (ra)
#   meta: !!omap
#   - {ucd: POS_EQ_RA_MAIN}
#   - {width: 15}
#   - {precision: '11'}
# - name: DE_ICRS_1
#   unit: deg
#   datatype: float64
#   format: '{:15.11f}'
#   description: Declination (ICRS) at Ep=2016.0 (dec)
#   meta: !!omap
#   - {ucd: POS_EQ_DEC_MAIN}
#   - {width: 15}
#   - {precision: '11'}
# - name: e_RA_ICRS
#   unit: mas
#   datatype: float64
#   format: '{:7.4f}'
#   description: Standard error of right ascension (ra_error)
#   meta: !!omap
#   - {ucd: ERROR}
#   - {width: 7}
#   - {precision: '4'}
# - name: e_DE_ICRS
#   unit: mas
#   datatype: float64
#   format: '{:7.4f}'
#   description: Standard error of declination (dec_error)
#   meta: !!omap
#   - {ucd: ERROR}
#   - {width: 7}
#   - {precision: '4'}
# - name: _r_1
#   unit: ''
#   datatype: float64
#   format: '{:7.4f}'
#   description: Distance from center (098.55820660000+08.03809416000)[ICRS], at Epoch=J2016.0
#   meta: !!omap
#   - {ucd: POS_ANG_DIST_GENERAL}
#   - {width: 7}
#   - {precision: '4'}
# - name: HIP
#   datatype: int32
#   description: '? HIP cross-id number, van Leeuwen, Cat. I/311 (hip_original_ext_source_id)'
#   meta: !!omap
#   - {ucd: ID_NUMBER}
#   - {width: 6}
#   - values: {'null': -2147483648}
# - name: TYC2
#   datatype: string
#   description: Tycho-2 cross-id name, Hog et al., Cat. I/259 (tyc2_original_ext_source_id)
#   meta: !!omap
#   - {ucd: ID_CROSSID}
#   - {_votable_string_dtype: char}
# - name: Source
#   datatype: int64
#   description: Source identifier, identical to the Gaia-EDR3 source_id (id)
#   meta: !!omap
#   - {ucd: ID_MAIN}
#   - {width: 19}
# - name: rgeo
#   unit: pc
#   datatype: float64
#   format: '{:15.8f}'
#   description: '? Median of the geometric distance posterior (r_med_geo)'
#   meta: !!omap
#   - {ucd: PHYS_DISTANCE_TRUE}
#   - {width: 15}
#   - {precision: '8'}
#   - values: {'null': .nan}
# - name: Plx
#   unit: mas
#   datatype: float64
#   format: '{:9.4f}'
#   description: '? Parallax (parallax)'
#   meta: !!omap
#   - {ucd: POS_PARLX_TRIG}
#   - {width: 9}
#   - {precision: '4'}
#   - values: {'null': .nan}
# - name: e_Plx
#   unit: mas
#   datatype: float32
#   format: '{:7.4f}'
#   description: '? Standard error of parallax (parallax_error)'
#   meta: !!omap
#   - {ucd: ERROR}
#   - {width: 7}
#   - {precision: '4'}
#   - values: {'null': .nan}
# - name: pmRA
#   unit: mas / yr
#   datatype: float64
#   format: '{:9.3f}'
#   description: '? Proper motion in right ascension direction, pmRA*cosDE (pmra)'
#   meta: !!omap
#   - {ucd: POS_EQ_PMRA}
#   - {width: 9}
#   - {precision: '3'}
#   - values: {'null': .nan}
# - name: pmDE
#   unit: mas / yr
#   datatype: float64
#   format: '{:9.3f}'
#   description: '? Proper motion in declination direction (pmdec)'
#   meta: !!omap
#   - {ucd: POS_EQ_PMDEC}
#   - {width: 9}
#   - {precision: '3'}
#   - values: {'null': .nan}
# - name: e_pmRA
#   unit: mas / yr
#   datatype: float32
#   format: '{:6.3f}'
#   description: '? Standard error of proper motion in right ascension direction (pmra_error)'
#   meta: !!omap
#   - {ucd: ERROR}
#   - {width: 6}
#   - {precision: '3'}
#   - values: {'null': .nan}
# - name: e_pmDE
[...]
#       distance: !astropy.table.SerializedColumn
#         __class__: astropy.coordinates.distances.Distance
#         unit: !astropy.units.Unit {unit: pc}
#         value: !astropy.table.SerializedColumn {name: SkyCoord.distance}
#       frame: icrs
#       obstime: !astropy.time.Time {format: jyear_str, in_subfmt: '*', jd1: 367701545.0, jd2: 0.0, out_subfmt: '*', precision: 3, scale: tt}
#       pm_dec: !astropy.table.SerializedColumn
#         __class__: astropy.units.quantity.Quantity
#         unit: !astropy.units.Unit {unit: mas / yr}
#         value: !astropy.table.SerializedColumn {name: SkyCoord.pm_dec}
#       pm_ra_cosdec: !astropy.table.SerializedColumn
#         __class__: astropy.units.quantity.Quantity
#         unit: !astropy.units.Unit {unit: mas / yr}
#         value: !astropy.table.SerializedColumn {name: SkyCoord.pm_ra_cosdec}
#       ra: !astropy.table.SerializedColumn
#         __class__: astropy.coordinates.angles.Longitude
#         unit: *id001
#         value: !astropy.table.SerializedColumn {name: SkyCoord.ra}
#         wrap_angle: !astropy.coordinates.Angle
#           unit: *id001
#           value: 360.0
#       representation_type: spherical
# schema: astropy-2.0
RA_ICRS_1 DE_ICRS_1 e_RA_ICRS e_DE_ICRS _r_1 HIP TYC2 Source rgeo Plx e_Plx pmRA pmDE e_pmRA e_pmDE RUWE Teff logg Gmag BP-RP BPmag RPmag RV e_RV b_rgeo B_rgeo FG e_FG FBP e_FBP FRP e_FRP RAVE5 RAVE6 e_Gmag e_BPmag e_RPmag e_BP-RP SkyCoord.ra SkyCoord.dec SkyCoord.distance SkyCoord.pm_ra_cosdec SkyCoord.pm_dec rmRA rmDE e_rmRA e_rmDE rRV e_rRV v_pec v_pec3d e_v_pec e_v_pec3d v_trans_upper v_trans_lower Pmemb
98.38429327278 8.33557580226 0.0298 0.0279 20.6218 "" 733-1218-1 3326048448124872320 1517.70947 0.6283 0.0363 -0.76 -1.057 0.035 0.028 1.363 32036.6 3.9984 8.432107 0.337074 8.528219 8.191145 "" "" 1442.38904 1621.94727 7981856.09929 19347.0 5298200.0 44728.0 4194700.0 36348.0 "" "" 0.0038101916179896474 0.009581175 0.010138879 0.019720053 98.38429327278 8.33557580226 1517.70947 -0.7599999999999966 -1.057 -0.5703750050067902 1.1261250190734864 0.2598477 0.2528477 "" "" 9.081153222849567 "" 2.36655530497063 "" 9.704855882761644 8.630476476633497 1.0
98.43090368146 8.03609931848 0.0198 0.0178 7.5641 "" 733-1509-1 3326022227346760960 1449.17725 0.661 0.0212 -0.156 -2.295 0.022 0.02 0.974 28961.7 4.1198 9.473382 0.265718 9.541899 9.27618 "" "" 1411.1969 1487.81091 3059102.98953 5309.2 2082800.0 10586.0 1544100.0 10244.0 "" "" 0.0033380424283228722 0.006183619 0.00813438 0.014317999 98.43090368146 8.03609931848 1449.17725 -0.1560000000000012 -2.295000000000006 0.03362499499320984 -0.1118749809265136 0.24684769 0.24484769 "" "" 0.8024406149654211 "" 1.7042371749493928 "" 0.8238329035131229 0.7814100782173442 0.5
98.55031962528 7.98752507297 0.0259 0.0256 3.0701 "" 733-1512-1 3326023842254469120 1409.47327 0.6747 0.0338 -0.049 -2.251 0.033 0.026 1.305 11353.8 3.4433 9.743308 0.202579 9.800635 9.598057 19.2 6.03 1354.19275 1463.96838 2385742.0251 856.21 1641200.0 1297.1 1148000.0 614.66 "" "" 0.002782736248655992 0.0029191398 0.0038238284 0.006742968 98.55031962528 7.98752507297 1409.47327 -0.049000000000000064 -2.251 0.14062499499320985 -0.06787498092651356 0.2578477 0.2508477 -0.05000000000000071 15.5825 1.0432140600484652 1.0444115927558457 1.7545418123058067 0.7924435725070674 1.0835483226172669 1.0022984804924298 1.0
98.54280659793 8.01548029419 0.02 0.0188 1.6365 "" 733-2010-1 3326024155790212864 1360.12134 0.7124 0.0244 -0.022 -2.286 0.025 0.019 1.132 11785.6 3.7043 10.757772 0.207402 10.821506 10.614104 23.05 6.95 1318.00342 1400.75793 937212.31481 296.92 640940.0 439.35 450310.0 137.03 "" "" 0.002776708053419129 0.0028877247 0.0037937956 0.0066815205 98.54280659793 8.01548029419 1360.12134 -0.021999999999999506 -2.286 0.16762499499320985 -0.1028749809265137 0.2498477 0.24384768 3.8000000000000007 16.502499 1.267964492813111 4.005962300750572 1.638845077633688 15.654357149497438 1.3058476961080496 1.2287003290208254 0.6
98.54082660573 8.01212878661 0.0194 0.018 1.8691 "" 733-2228-1 3326024117132373632 1445.86487 0.6384 0.0232 -0.182 -2.405 0.024 0.021 1.032 "" "" 11.888272 0.294881 11.986523 11.691642 "" "" 1405.83179 1494.29736 330855.23367 85.925 219180.0 175.36 166920.0 94.696 "" "" 0.0027697107372466273 0.0029222649 0.0038292462 0.0067515112 98.54082660573 8.01212878661 1445.86487 -0.182 -2.4050000000000016 0.007624994993209844 -0.22187498092651348 0.2488477 0.24584769 "" "" 1.5214955538026569 "" 1.7314633388133778 "" 1.5724614633586387 1.4793684128167732 0.8
98.2594068074 8.26339737485 0.0123 0.0114 22.309 "" "" 3326233883335142272 1458.16028 0.6403 0.0144 -0.163 -2.252 0.015 0.013 1.048 9479.7 4.0288 13.176086 0.397998 13.315675 12.917677 "" "" 1425.87 1485.75073 101044.40321 54.249 64439.0 51.71 53962.0 47.61 "" "" 0.0028163055626144336 0.0029230379 0.003898892 0.00682193 98.2594068074 8.26339737485 1458.16028 -0.16300000000000003 -2.2519999999999984 0.026624994993209833 -0.06887498092651345 0.23984769 0.23784769 "" "" 0.5103728343676737 "" 1.6562102215221182 "" 0.5200298085433654 0.4990708657486094 0.6
98.47991490921 8.04956098629 0.0149 0.0133 4.7019 "" "" 3326028175879616256 1452.00476 0.644 0.0172 -0.121 -2.316 0.019 0.016 1.081 9561.1 4.065 13.19469 0.412356 13.343504 12.931148 "" "" 1423.29114 1486.77441 99327.79055 60.726 62808.0 46.62 53297.0 36.045 "" "" 0.0028341491762027804 0.0029042254 0.0038500528 0.006754278 98.47991490921 8.04956098629 1452.00476 -0.121 -2.316 0.06862499499320984 -0.1328749809265135 0.24384768 0.24084769 "" "" 1.029277061512286 "" 1.6845044438783172 "" 1.0539240903428324 1.0089229475085684 0.8
98.23996360999 8.18837515682 0.0134 0.0135 20.9438 "" "" 3326039995629272704 1423.13611 0.6586 0.0172 -0.123 -2.384 0.016 0.014 1.083 "" "" 13.232863 0.39389 13.370902 12.977012 "" "" 1393.76245 1460.23438 95896.18711 37.009 61243.0 92.703 51092.0 74.145 "" "" 0.0027869990225098343 0.0032382156 0.0040946705 0.007332886 98.23996360999 8.18837515682 1423.13611 -0.12300000000000003 -2.384 0.06662499499320984 -0.20087498092651357 0.24084769 0.23884769 "" "" 1.427623224248796 "" 1.645869387549482 "" 1.4648384642102446 1.3981569497986397 0.7
98.45070932539 8.00018523159 0.0165 0.015 6.7797 "" "" 3326021303931980544 1476.80347 0.639 0.0189 -0.011 -2.562 0.019 0.015 1.188 9433.8 4.0043 13.289701 0.458727 13.459631 13.000904 "" "" 1425.65112 1523.96021 91005.23324 54.56 56437.0 54.329 49980.0 36.643 "" "" 0.002831165025927596 0.0029795056 0.0038623 0.0068418058 98.45070932539 8.00018523159 1476.80347 -0.01100000000000001 -2.562 0.17862499499320983 -0.3788749809265135 0.24384768 0.23984769 "" "" 2.932119176514463 "" 1.7816659082517854 "" 3.025746517230223 2.830558752662818 0.5
99.00303517562 8.25306600627 0.0118 0.0117 29.4008 "" "" 3326081433473431168 1315.01184 0.7195 0.0146 -0.339 -2.659 0.015 0.013 1.004 "" "" 13.325811 0.717562 13.606053 12.888492 "" "" 1291.46582 1337.83667 88028.31107 28.01 49317.0 30.465 55432.0 32.707 "" "" 0.00277689422088214 0.0028696493 0.003833292 0.0067029414 99.00303517562 8.25306600627 1315.01184 -0.3389999999999999 -2.6589999999999967 -0.14937500500679018 -0.4758749809265135 0.23984769 0.23784769 "" "" 3.108901135472882 "" 1.5384782797197885 "" 3.1628627331904933 3.0532345277000825 0.5
98.55007006085 7.86501938128 0.0137 0.0141 10.3957 "" "" 3325969180208898432 1470.48962 0.639 0.0173 -0.089 -2.365 0.017 0.014 1.11 9412.0 4.0243 13.391542 0.548879 13.596915 13.048037 "" "" 1434.6499 1507.3562 82857.08176 32.236 49734.0 34.79 47857.0 27.084 "" "" 0.002787511603748942 0.0028916919 0.0038290056 0.0067206975 98.55007006085 7.86501938128 1470.48962 -0.089 -2.3649999999999998 0.10062499499320984 -0.18187498092651389 0.2418477 0.23884769 "" "" 1.448777766372426 "" 1.7055377476205518 "" 1.4851000094537408 1.4134672216512647 0.9
98.4775015725 8.18827800746 0.0134 0.0127 10.2068 "" "" 3326041335659347072 1507.59143 0.6195 0.0153 -0.189 -2.312 0.017 0.014 0.87 9455.0 4.0699 13.434296 0.469467 13.606323 13.136856 "" "" 1478.83008 1540.77148 79657.8158 32.151 49305.0 47.393 44098.0 27.858 "" "" 0.002789950644637958 0.0029789624 0.0038411163 0.006820079 98.4775015725 8.18827800746 1507.59143 -0.189000000000001 -2.312 0.0006249949932098375 -0.1288749809265135 0.2418477 0.23884769 "" "" 0.9209493012040895 "" 1.725721328337829 "" 0.9412181507433952 0.903379723228851 0.8
98.78010902379 7.75327976546 0.0132 0.0122 21.5859 "" "" 3325952167839281792 1387.52124 0.6726 0.0151 -0.153 -2.306 0.017 0.014 1.049 9537.0 4.0997 13.483167 0.897082 13.843176 12.946094 "" "" 1359.44922 1417.58813 76151.78891 20.25 39641.0 33.054 52568.0 38.507 "" "" 0.002770405331466106 0.0029333697 0.0038621577 0.0067955274 98.78010902379 7.75327976546 1387.52124 -0.153 -2.306 0.03662499499320984 -0.12287498092651372 0.2418477 0.23884769 "" "" 0.8432653997334238 "" 1.5901517155965155 "" 0.8615385383951362 0.8262046424028732 0.6
98.60770832187 7.93143460811 0.0203 0.02 7.0431 "" "" 3326016798508108672 1511.01904 0.6198 0.0249 -0.245 -2.343 0.025 0.021 1.438 9597.4 4.3871 13.483398 0.512927 13.673089 13.160162 "" "" 1452.77795 1585.7561 76135.52692 33.837 46364.0 46.645 43161.0 36.681 "" "" 0.002797253908202992 0.002996365 0.0038903926 0.006886758 98.60770832187 7.93143460811 1511.01904 -0.24499999999999997 -2.343 -0.05537500500679016 -0.15987498092651364 0.2498477 0.24584769 "" "" 1.2118019626808572 "" 1.817231487814155 "" 1.2717393384488005 1.165093969397945 0.6
98.37439756189 8.27519678176 0.0135 0.013 17.9322 "" "" 3326046554042902272 1370.35999 0.6872 0.0156 -0.118 -2.28 0.017 0.015 0.968 7216.9 4.0298 13.514546 0.826661 13.84339 13.016729 24.82 6.67 1345.5188 1397.73035 73982.34146 20.915 39633.0 45.413 49257.0 40.886 "" "" 0.0027723639431529072 0.0030549597 0.0038853474 0.006940307 98.37439756189 8.27519678176 1370.35999 -0.118 -2.28 0.07162499499320985 -0.09687498092651348 0.2418477 0.23984769 5.57 16.2225 0.7825643568814261 5.624705056503962 1.5774441700968929 16.064743543623194 0.7981946061059478 0.7683784276231446 0.7
98.57873234577 7.87891870482 0.0149 0.0151 9.6281 "" "" 3325969248928355840 1457.16016 0.6439 0.0193 -0.173 -2.294 0.019 0.016 1.102 8275.9 4.3783 13.753951 0.573255 13.969767 13.396512 "" "" 1419.9303 1499.71924 59342.5415 25.704 35279.0 38.463 34718.0 29.452 "" "" 0.0027951663803505666 0.0030308836 0.0038899954 0.006920879 98.57873234577 7.87891870482 1457.16016 -0.173 -2.294 0.016624994993209852 -0.11087498092651371 0.24384768 0.24084769 "" "" 0.7743677451529218 "" 1.6851795719114657 "" 0.7969845993053047 0.754582958598945 0.5
98.56303345858 7.82639503677 0.0154 0.0158 12.7052 "" "" 3325968797954081536 1508.68787 0.6187 0.0193 -0.049 -2.174 0.019 0.016 1.031 "" "" 13.940613 0.834924 14.269334 13.43441 "" "" 1454.53076 1552.85168 49969.11706 14.725 26772.0 36.725 33527.0 36.925 "" "" 0.0027738340674354125 0.0031627992 0.0039640395 0.007126839 98.56303345858 7.82639503677 1508.68787 -0.048999999999999655 -2.173999999999996 0.14062499499320985 0.009125019073486396 0.24384768 0.24084769 "" "" 1.0077496542486504 "" 1.7765468279799346 "" 1.0372495031854643 0.9715746375584149 0.6
98.63510502306 7.89052531939 0.0172 0.0163 9.9637 "" "" 3325969489446492544 1401.85107 0.6765 0.0205 -0.172 -2.318 0.021 0.018 0.964 9028.7 4.2371 14.009141 0.65132 14.259453 13.608132 "" "" 1361.97144 1444.64783 46912.67382 14.303 27017.0 25.771 28570.0 19.75 "" "" 0.0027751337246672155 0.0029761798 0.003853188 0.006829368 98.63510502306 7.89052531939 1401.85107 -0.172 -2.318 0.017624994993209853 -0.13487498092651373 0.24584769 0.24284768 "" "" 0.9038334179169555 "" 1.6406572021391335 "" 0.9314263218240529 0.8781213126444863 0.6
98.46917410369 7.97760438023 0.0187 0.0171 6.4152 "" "" 3326020651096954112 1557.11584 0.6042 0.0215 0.006 -2.147 0.022 0.017 0.954 8189.4 4.279 14.073009 0.644657 14.320112 13.675455 "" "" 1496.02551 1612.40796 44232.68716 20.485 25549.0 29.816 26852.0 45.917 "" "" 0.0028008253261412068 0.0030643935 0.004210788 0.0072751814 98.46917410369 7.97760438023 1557.11584 0.005999999999999853 -2.147000000000015 0.19562499499320984 0.03612501907348653 0.24684769 0.2418477 "" "" 1.4682671869332145 "" 1.875581740468065 "" 1.5204043519446329 1.4106626563814464 0.6
98.99581159437 7.82409310104 0.0168 0.015 29.0023 "" "" 3325959078446314752 1519.16003 0.6197 0.0178 -0.146 -2.284 0.021 0.018 1.002 9396.7 4.2218 14.083907 0.686317 14.349094 13.662777 "" "" 1477.89111 1562.96594 43790.89343 17.13 24876.0 25.116 27167.0 26.041 "" "" 0.002787861623869534 0.002997787 0.0039200583 0.0069178455 98.99581159437 7.82409310104 1519.16003 -0.146 -2.284 0.04362499499320985 -0.10087498092651348 0.24584769 0.24284768 "" "" 0.791399178716457 "" 1.7742830938860343 "" 0.8142196587924942 0.7699003314919713 0.6
98.9893179926 7.68671437557 0.019 0.0163 33.182 "" "" 3325952928053194240 1461.55066 0.6424 0.0192 -0.228 -2.438 0.022 0.019 0.942 7968.4 4.0413 14.09298 0.708338 14.368427 13.660089 "" "" 1422.63818 1497.31299 43426.48558 18.721 24437.0 31.562 27235.0 30.406 "" "" 0.002794792779864662 0.003122738 0.003969009 0.007091747 98.9893179926 7.68671437557 1461.55066 -0.22799999999999954 -2.438 -0.03837500500679017 -0.25487498092651384 0.24684769 0.24384768 "" "" 1.785611931306313 "" 1.7353953059341172 "" 1.8293036382631647 1.738071609601201 0.7
98.61354074625 8.51043869666 0.0216 0.0209 28.5305 "" "" 3326145686183818368 1441.0575 0.6546 0.0248 -0.232 -2.614 0.029 0.027 1.203 7353.7 3.97 14.213109 0.800952 14.530202 13.72925 "" "" 1382.63403 1499.0874 38877.94249 10.884 21054.0 25.84 25554.0 29.322 "" "" 0.002772035020742515 0.0030920424 0.003979425 0.007071467 98.61354074625 8.51043869666 1441.0575 -0.23200000000000004 -2.6140000000000008 -0.04237500500679017 -0.43087498092651355 0.2538477 0.25184768 "" "" 2.9573388497390383 "" 1.8398981635009637 "" 3.0764278366229565 2.837442178324079 0.5
98.5607089138 8.08448446149 0.0223 0.0196 2.7874 "" "" 3326027931064410496 1429.4624 0.6562 0.0256 -0.096 -2.312 0.026 0.02 0.936 7706.9 4.3037 14.26962 0.73095 14.551558 13.820607 23.04 16.43 1386.40283 1487.87305 36906.15318 15.845 20644.0 27.311 23492.0 24.318 "" "" 0.0027944726327159 0.0031381878 0.003942956 0.007081144 98.5607089138 8.08448446149 1429.4624 -0.09599999999999995 -2.312 0.09362499499320984 -0.1288749809265135 0.2508477 0.24484769 3.789999999999999 25.9825 1.0793168874943846 3.9406883844869744 1.7114659323316066 24.989059231069497 1.1234199019944682 1.0468047199345758 0.6
99.1069380673 7.89692813363 0.0196 0.0175 33.6882 "" "" 3326051059465368192 1355.25854 0.694 0.0216 -0.247 -2.509 0.029 0.022 0.982 7919.0 4.1602 14.519282 0.9807 14.921491 13.940791 "" "" 1319.47021 1391.00183 29324.72759 11.233 14683.0 26.012 21030.0 29.484 "" "" 0.002786531886287616 0.0033889154 0.00407441 0.0074633257 99.1069380673 7.89692813363 1355.25854 -0.24700000000000005 -2.5090000000000012 -0.05737500500679016 -0.32587498092651357 0.2538477 0.24684769 "" "" 2.125595251461701 "" 1.6431970609030384 "" 2.181655232087699 2.0694646298419 0.7
98.26702593402 8.1043440758 0.0179 0.0184 17.7486 "" "" 3326038105843673728 1466.23865 0.6371 0.0224 -0.117 -2.405 0.022 0.019 1.023 6996.6 4.172 14.532612 0.778183 14.840412 14.062229 "" "" 1410.53577 1525.00879 28966.90189 8.7249 15822.0 18.853 18805.0 16.97 "" "" 0.002774659550685897 0.0030755135 0.00390432 0.0069798334 98.26702593402 8.1043440758 1466.23865 -0.11700000000000002 -2.405 0.07262499499320983 -0.22187498092651348 0.24684769 0.24384768 "" "" 1.6225302362023262 "" 1.7601008304474774 "" 1.6875648941932637 1.560889788350573 0.6
98.59293876478 7.98554589491 0.0281 0.0251 3.7682 "" "" 3326023056278579200 1444.67053 0.656 0.034 -0.354 -2.511 0.033 0.027 0.974 "" "" 14.830844 0.939983 15.212918 14.272935 "" "" 1371.98608 1511.43298 22009.45755 8.0935 11227.0 16.457 15488.0 28.065 "" "" 0.002784096744893657 0.0032121602 0.0042607994 0.0074729593 98.59293876478 7.98554589491 1444.67053 -0.3540000000000007 -2.511 -0.16437500500679014 -0.3278749809265138 0.2578477 0.25184768 "" "" 2.511553499008862 "" 1.8541315373960139 "" 2.627619731009804 2.385191895494298 0.6
98.84473389132 7.67167826353 0.0268 0.025 27.8095 "" "" 3325947701073501696 1336.41443 0.7019 0.0312 -0.282 -2.487 0.036 0.031 1.01 7110.9 4.3322 15.084075 1.242991 15.612209 14.369218 "" "" 1274.48303 1393.57117 17430.78435 16.326 7772.0 28.832 14173.0 45.7 "" "" 0.0029369912377616896 0.0048998063 0.005151696 0.010051502 98.84473389132 7.67167826353 1336.41443 -0.282 -2.487 -0.09237500500679013 -0.30387498092651377 0.2608477 0.2558477 "" "" 2.0119041196982987 "" 1.7130377276596773 "" 2.097950691849218 1.9186695391657593 0.6
98.73998307824 7.93384263168 0.027 0.0256 12.4813 "" "" 3325975158803258368 1365.00159 0.6975 0.0316 -0.224 -2.559 0.032 0.026 1.046 6619.7 4.1321 15.098265 1.067086 15.547062 14.479976 "" "" 1313.04468 1420.02734 17204.44887 5.9713 8252.6 14.867 12799.0 21.087 "" "" 0.0027809701191684843 0.0034074585 0.004181334 0.0075887926 98.73998307824 7.93384263168 1365.00159 -0.22400000000000003 -2.559 -0.034375005006790166 -0.37587498092651384 0.25684768 0.2508477 "" "" 2.4421004330844003 "" 1.7190377865780166 "" 2.540546038489002 2.349145235565013 0.5
