Clusters/Basel_8/Basel_8_members.tsv
# %ECSV 1.0
# ---
# datatype:
# - name: RA_ICRS_1
#   unit: deg
#   datatype: float64
#   format: '{:15.11f}'
#   description: Right ascension (ICRS) at Ep=2016.0 (ra)
#   meta: !!omap
#   - {ucd: POS_EQ_RA_MAIN}
#   - {width: 15}
#   - {precision: '11'}
# - name: DE_ICRS_1
#   unit: deg
#   datatype: float64
#   format: '{:15.11f}'
#   description: Declination (ICRS) at Ep=2016.0 (dec)
#   meta: !!omap
#   - {ucd: POS_EQ_DEC_MAIN}
#   - {width: 15}
#   - {precision: '11'}
# - name: e_RA_ICRS
#   unit: mas
#   datatype: float64
#   format: '{:7.4f}'
#   description: Standard error of right ascension (ra_error)
#   meta: !!omap
#   - {ucd: ERROR}
#   - {width: 7}
#   - {precision: '4'}
# - name: e_DE_ICRS
#   unit: mas
#   datatype: float64
#   format: '{:7.4f}'
#   description: Standard error of declination (dec_error)
#   meta: !!omap
#   - {ucd: ERROR}
#   - {width: 7}
#   - {precision: '4'}
# - name: _r_1
#   unit: ''
#   datatype: float64
#   format: '{:7.4f}'
#   description: Distance from center (098.55820660000+08.03809416000)[ICRS], at Epoch=J2016.0
#   meta: !!omap
#   - {ucd: POS_ANG_DIST_GENERAL}
#   - {width: 7}
#   - {precision: '4'}
# - name: HIP
#   datatype: int32
#   description: '? HIP cross-id number, van Leeuwen, Cat. I/311 (hip_original_ext_source_id)'
#   meta: !!omap
#   - {ucd: ID_NUMBER}
#   - {width: 6}
#   - values: {'null': -2147483648}
# - name: TYC2
#   datatype: string
#   description: Tycho-2 cross-id name, Hog et al., Cat. I/259 (tyc2_original_ext_source_id)
#   meta: !!omap
#   - {ucd: ID_CROSSID}
#   - {_votable_string_dtype: char}
# - name: Source
#   datatype: int64
#   description: Source identifier, identical to the Gaia-EDR3 source_id (id)
#   meta: !!omap
#   - {ucd: ID_MAIN}
#   - {width: 19}
# - name: rgeo
#   unit: pc
#   datatype: float64
#   format: '{:15.8f}'
#   description: '? Median of the geometric distance posterior (r_med_geo)'
#   meta: !!omap
#   - {ucd: PHYS_DISTANCE_TRUE}
#   - {width: 15}
#   - {precision: '8'}
#   - values: {'null': .nan}
# - name: Plx
#   unit: mas
#   datatype: float64
#   format: '{:9.4f}'
#   description: '? Parallax (parallax)'
#   meta: !!omap
#   - {ucd: POS_PARLX_TRIG}
#   - {width: 9}
#   - {precision: '4'}
#   - values: {'null': .nan}
# - name: e_Plx
#   unit: mas
#   datatype: float32
#   format: '{:7.4f}'
#   description: '? Standard error of parallax (parallax_error)'
#   meta: !!omap
#   - {ucd: ERROR}
#   - {width: 7}
#   - {precision: '4'}
#   - values: {'null': .nan}
# - name: pmRA
#   unit: mas / yr
#   datatype: float64
#   format: '{:9.3f}'
#   description: '? Proper motion in right ascension direction, pmRA*cosDE (pmra)'
#   meta: !!omap
#   - {ucd: POS_EQ_PMRA}
#   - {width: 9}
#   - {precision: '3'}
#   - values: {'null': .nan}
# - name: pmDE
#   unit: mas / yr
#   datatype: float64
#   format: '{:9.3f}'
#   description: '? Proper motion in declination direction (pmdec)'
#   meta: !!omap
#   - {ucd: POS_EQ_PMDEC}
#   - {width: 9}
#   - {precision: '3'}
#   - values: {'null': .nan}
# - name: e_pmRA
#   unit: mas / yr
#   datatype: float32
#   format: '{:6.3f}'
#   description: '? Standard error of proper motion in right ascension direction (pmra_error)'
#   meta: !!omap
#   - {ucd: ERROR}
#   - {width: 6}
#   - {precision: '3'}
#   - values: {'null': .nan}
# - name: e_pmDE
[...]
#       distance: !astropy.table.SerializedColumn
#         __class__: astropy.coordinates.distances.Distance
#         unit: !astropy.units.Unit {unit: pc}
#         value: !astropy.table.SerializedColumn {name: SkyCoord.distance}
#       frame: icrs
#       obstime: !astropy.time.Time {format: jyear_str, in_subfmt: '*', jd1: 367701545.0, jd2: 0.0, out_subfmt: '*', precision: 3, scale: tt}
#       pm_dec: !astropy.table.SerializedColumn
#         __class__: astropy.units.quantity.Quantity
#         unit: !astropy.units.Unit {unit: mas / yr}
#         value: !astropy.table.SerializedColumn {name: SkyCoord.pm_dec}
#       pm_ra_cosdec: !astropy.table.SerializedColumn
#         __class__: astropy.units.quantity.Quantity
#         unit: !astropy.units.Unit {unit: mas / yr}
#         value: !astropy.table.SerializedColumn {name: SkyCoord.pm_ra_cosdec}
#       ra: !astropy.table.SerializedColumn
#         __class__: astropy.coordinates.angles.Longitude
#         unit: *id001
#         value: !astropy.table.SerializedColumn {name: SkyCoord.ra}
#         wrap_angle: !astropy.coordinates.Angle
#           unit: *id001
#           value: 360.0
#       representation_type: spherical
# schema: astropy-2.0
RA_ICRS_1 DE_ICRS_1 e_RA_ICRS e_DE_ICRS _r_1 HIP TYC2 Source rgeo Plx e_Plx pmRA pmDE e_pmRA e_pmDE RUWE Teff logg Gmag BP-RP BPmag RPmag RV e_RV b_rgeo B_rgeo FG e_FG FBP e_FBP FRP e_FRP RAVE5 RAVE6 e_Gmag e_BPmag e_RPmag e_BP-RP SkyCoord.ra SkyCoord.dec SkyCoord.distance SkyCoord.pm_ra_cosdec SkyCoord.pm_dec rmRA rmDE e_rmRA e_rmDE rRV e_rRV v_pec v_pec3d e_v_pec e_v_pec3d v_trans_upper v_trans_lower Pmemb
[from data line 29]
98.24454758674 8.3148780912 0.0295 0.0282 24.956 "" "" 3326235124583953024 1350.09131 0.7037 0.0356 -0.143 -2.324 0.035 0.029 1.018 6085.7 4.365 15.458742 1.03814 15.888773 14.850633 "" "" 1285.37537 1427.07764 12343.8257 5.4893 6024.3 25.958 9097.1 17.546 "" "" 0.0027973042811856833 0.005447167 0.0043207663 0.009767933 98.24454758674 8.3148780912 1350.09131 -0.14299999999999996 -2.323999999999999 0.04662499499320985 -0.14087498092651352 0.2598477 0.2538477 "" "" 0.9496130918997572 "" 1.6781467494433713 "" 1.0037629307468163 0.9040938715156194 0.8
98.48927492748 8.12575680993 0.04 0.0386 6.6658 "" "" 3326029069232772352 1474.5592 0.6415 0.0451 -0.167 -2.397 0.045 0.038 1.069 5818.7 4.4425 15.635324 1.015034 16.058455 15.043421 "" "" 1393.10876 1558.69641 10491.00659 7.4175 5152.7 22.913 7617.1 20.333 "" "" 0.0028602586958689346 0.0055762953 0.004762729 0.0103390245 98.48927492748 8.12575680993 1474.5592 -0.16699999999999995 -2.397000000000008 0.02262499499320983 -0.21387498092651347 0.2698477 0.2628477 "" "" 1.503201050694958 "" 1.9221010412647834 "" 1.588972542592023 1.4201685166416853 0.5
98.64151941861 7.94908844256 0.0346 0.037 7.2817 "" "" 3325975880357798016 1440.24756 0.6696 0.0445 -0.091 -2.419 0.04 0.034 0.911 5454.4 4.3138 15.674551 1.150412 16.15089 15.000479 "" "" 1360.50305 1538.63452 10118.74099 4.7518 4732.2 22.066 7924.4 25.379 "" "" 0.002802097902818825 0.0057806824 0.00513564 0.0109163225 98.64151941861 7.94908844256 1440.24756 -0.091 -2.419000000000002 0.09862499499320984 -0.2358749809265137 0.2648477 0.25884768 "" "" 1.7453577383034364 "" 1.881183758898886 "" 1.8645875476454852 1.6487197008706802 0.6
98.96918653743 7.8642727735 0.034 0.03 26.5554 "" "" 3325960551615899008 1312.79199 0.7271 0.0357 -0.252 -2.672 0.043 0.037 1.011 5986.4 4.3157 15.725107 1.283505 16.283976 15.00047 "" "" 1243.77307 1380.41797 9658.36929 4.7827 4186.3 17.374 7924.5 25.395 "" "" 0.002807284975544019 0.0052999365 0.0051370948 0.010437031 98.96918653743 7.8642727735 1312.79199 -0.252 -2.672 -0.06237500500679016 -0.4888749809265138 0.2678477 0.26184767 "" "" 3.0667511046695064 "" 1.7895918797047583 "" 3.22472894917887 2.905519279090577 0.6
98.27543859918 8.45723609326 0.042 0.0374 30.2386 "" "" 3326241274977025408 1311.09607 0.7289 0.0443 -0.22 -2.343 0.05 0.041 0.911 5074.0 4.4768 15.870332 1.11272 16.343 15.230281 "" "" 1242.79504 1380.20654 8449.17225 4.8653 3964.8 19.408 6412.8 20.1 "" "" 0.0028253611916985817 0.0060026445 0.0050857356 0.011088381 98.27543859918 8.45723609326 1311.09607 -0.22000000000000003 -2.343000000000001 -0.030375005006790162 -0.15987498092651364 0.2748477 0.26584768 "" "" 1.0113316094027578 "" 1.7071133012390092 "" 1.0646409011098716 0.9586466901399259 0.6
98.45294123668 8.40652628208 0.0427 0.0375 22.9727 "" "" 3326330575937320064 1355.47107 0.6955 0.0504 -0.306 -2.742 0.049 0.04 0.991 "" "" 15.97409 1.085236 16.433403 15.348166 "" "" 1269.00464 1449.38293 7679.10775 6.7094 3648.0 17.659 5753.0 15.81 "" "" 0.0029140504229671163 0.005950468 0.0048152325 0.010765701 98.45294123668 8.40652628208 1355.47107 -0.30600000000000005 -2.7419999999999995 -0.11637500500679016 -0.5588749809265137 0.2738477 0.2648477 "" "" 3.6677554485319632 "" 1.9481127134117913 "" 3.9218705999507026 3.4337868107892136 0.7
98.40189083713 7.95313980163 0.0461 0.0427 10.5946 "" "" 3326019276707461760 1344.24561 0.7309 0.0549 -0.086 -2.284 0.051 0.041 0.946 4771.0 4.3426 16.201788 1.117887 16.679533 15.561646 "" "" 1243.91431 1459.78198 6226.3178 5.3704 2908.1 28.158 4726.1 13.931 "" "" 0.0029101183402374152 0.010876726 0.0049523995 0.015829125 98.40189083713 7.95313980163 1344.24561 -0.08600000000000013 -2.2840000000000007 0.10362499499320985 -0.10087498092651348 0.27584767 0.26584768 "" "" 0.9214557750368554 "" 1.8009037348170667 "" 1.0006538431364007 0.8526805042721954 0.7
98.88457593757 8.05836015159 0.0454 0.0417 19.4274 "" "" 3326071464853899776 1526.83923 0.6267 0.0499 -0.166 -2.248 0.058 0.055 1.006 5597.1 4.5476 16.264492 1.267405 16.823486 15.556082 "" "" 1411.98657 1659.92859 5876.91836 3.9219 2547.0 18.27 4750.3 15.897 "" "" 0.0028489943631158704 0.00827286 0.005242675 0.013515536 98.88457593757 8.05836015159 1526.83923 -0.16599999999999993 -2.24800000000001 0.02362499499320983 -0.06487498092651389 0.2828477 0.27984768 "" "" 0.4996775455164896 "" 2.068443929375466 "" 0.5432327302618806 0.46209055265094745 0.7
98.40426423219 8.20239755076 0.0502 0.0501 13.446 "" "" 3326042263371980288 1447.7301 0.6725 0.0646 0.016 -2.435 0.065 0.051 1.056 5186.4 4.6851 16.487823 1.176759 16.995525 15.818767 "" "" 1313.03174 1577.34607 4784.29135 4.4223 2173.7 14.949 3729.5 13.335 "" "" 0.002932400976165252 0.00797112 0.0054179723 0.013389092 98.40426423219 8.20239755076 1447.7301 0.016000000000000014 -2.4350000000000005 0.20562499499320985 -0.2518749809265137 0.28984767 0.27584767 "" "" 2.231258843418906 "" 2.1356104667440885 "" 2.43102451749781 2.0236601294431282 0.8
98.77803258341 7.98223723146 0.0634 0.0597 13.484 "" "" 3325976979869354496 1376.23999 0.719 0.0682 -0.324 -2.534 0.07 0.064 1.009 4698.7 4.5428 16.668604 1.363182 17.290012 15.92683 "" "" 1265.71155 1513.26501 4050.47076 3.8296 1657.3 8.3146 3376.2 17.805 "" "" 0.002940332630690922 0.006120117 0.0068606716 0.012980789 98.77803258341 7.98223723146 1376.23999 -0.324 -2.5340000000000003 -0.13437500500679017 -0.3508749809265135 0.2948477 0.28884768 "" "" 2.4510014009207133 "" 2.109753038548174 "" 2.695034795111787 2.2541568365641864 0.6
