Clusters/Basel_8/Basel_8_fs.tsv
# %ECSV 1.0
# ---
# datatype:
# - name: RA_ICRS_1
#   unit: deg
#   datatype: float64
#   format: '{:15.11f}'
#   description: Right ascension (ICRS) at Ep=2016.0 (ra)
#   meta: !!omap
#   - {ucd: POS_EQ_RA_MAIN}
#   - {width: 15}
#   - {precision: '11'}
# - name: DE_ICRS_1
#   unit: deg
#   datatype: float64
#   format: '{:15.11f}'
#   description: Declination (ICRS) at Ep=2016.0 (dec)
#   meta: !!omap
#   - {ucd: POS_EQ_DEC_MAIN}
#   - {width: 15}
#   - {precision: '11'}
# - name: e_RA_ICRS
#   unit: mas
#   datatype: float64
#   format: '{:7.4f}'
#   description: Standard error of right ascension (ra_error)
#   meta: !!omap
#   - {ucd: ERROR}
#   - {width: 7}
#   - {precision: '4'}
# - name: e_DE_ICRS
#   unit: mas
#   datatype: float64
#   format: '{:7.4f}'
#   description: Standard error of declination (dec_error)
#   meta: !!omap
#   - {ucd: ERROR}
#   - {width: 7}
#   - {precision: '4'}
# - name: _r_1
#   unit: ''
#   datatype: float64
#   format: '{:7.4f}'
#   description: Distance from center (098.55820660000+08.03809416000)[ICRS], at Epoch=J2016.0
#   meta: !!omap
#   - {ucd: POS_ANG_DIST_GENERAL}
#   - {width: 7}
#   - {precision: '4'}
# - name: HIP
#   datatype: int32
#   description: '? HIP cross-id number, van Leeuwen, Cat. I/311 (hip_original_ext_source_id)'
#   meta: !!omap
#   - {ucd: ID_NUMBER}
#   - {width: 6}
#   - values: {'null': -2147483648}
# - name: TYC2
#   datatype: string
#   description: Tycho-2 cross-id name, Hog et al., Cat. I/259 (tyc2_original_ext_source_id)
#   meta: !!omap
#   - {ucd: ID_CROSSID}
#   - {_votable_string_dtype: char}
# - name: Source
#   datatype: int64
#   description: Source identifier, identical to the Gaia-EDR3 source_id (id)
#   meta: !!omap
#   - {ucd: ID_MAIN}
#   - {width: 19}
# - name: rgeo
#   unit: pc
#   datatype: float64
#   format: '{:15.8f}'
#   description: '? Median of the geometric distance posterior (r_med_geo)'
#   meta: !!omap
#   - {ucd: PHYS_DISTANCE_TRUE}
#   - {width: 15}
#   - {precision: '8'}
#   - values: {'null': .nan}
# - name: Plx
#   unit: mas
#   datatype: float64
#   format: '{:9.4f}'
#   description: '? Parallax (parallax)'
#   meta: !!omap
#   - {ucd: POS_PARLX_TRIG}
#   - {width: 9}
#   - {precision: '4'}
#   - values: {'null': .nan}
# - name: e_Plx
#   unit: mas
#   datatype: float32
#   format: '{:7.4f}'
#   description: '? Standard error of parallax (parallax_error)'
#   meta: !!omap
#   - {ucd: ERROR}
#   - {width: 7}
#   - {precision: '4'}
#   - values: {'null': .nan}
# - name: v_pec
#   unit: km / s
#   datatype: float64
#   format: '{:9.3f}'
#   description: '? Proper motion in right ascension direction, pmRA*cosDE (pmra)'
#   meta: !!omap
#   - {ucd: POS_EQ_PMRA}
#   - {width: 9}
#   - {precision: '3'}
#   - values: {'null': .nan}
# - name: "\xB5_pec"
#   unit: mas / yr
#   datatype: float64
#   format: '{:9.3f}'
#   description: '? Proper motion in right ascension direction, pmRA*cosDE (pmra)'
#   meta: !!omap
#   - {ucd: POS_EQ_PMRA}
#   - {width: 9}
#   - {precision: '3'}
#   - values: {'null': .nan}
# - name: rmRA
#   unit: mas / yr
#   datatype: float64
#   format: '{:9.3f}'
#   description: '? Proper motion in right ascension direction, pmRA*cosDE (pmra)'
#   meta: !!omap
#   - {ucd: POS_EQ_PMRA}
#   - {width: 9}
#   - {precision: '3'}
#   - values: {'null': .nan}
[...]
#   description: RAVE DR6 cross-id name, Steinmetz et al., Cat. III/283 (rave6_original_ext_source_id)
#   meta: !!omap
#   - {ucd: ID_CROSSID}
#   - {_votable_string_dtype: char}
# - name: e_Gmag
#   unit: ''
#   datatype: float64
#   format: '{:11.4g}'
#   description: '? Error on G-band mean flux (phot_g_mean_flux_error)'
#   meta: !!omap
#   - {ucd: ERROR}
#   - {width: 11}
#   - {precision: E4}
#   - values: {'null': .nan}
# - name: e_BPmag
#   unit: ''
#   datatype: float32
#   format: '{:11.4g}'
#   description: '? Error on the integrated BP mean flux (phot_bp_mean_flux_error)'
#   meta: !!omap
#   - {ucd: ERROR}
#   - {width: 11}
#   - {precision: E4}
#   - values: {'null': .nan}
# - name: e_RPmag
#   unit: ''
#   datatype: float32
#   format: '{:11.4g}'
#   description: '? Error on the integrated RP mean flux (phot_rp_mean_flux_error)'
#   meta: !!omap
#   - {ucd: ERROR}
#   - {width: 11}
#   - {precision: E4}
#   - values: {'null': .nan}
# - name: e_BP-RP
#   unit: ''
#   datatype: float32
#   format: '{:11.4g}'
#   description: '? Error on the integrated BP mean flux (phot_bp_mean_flux_error)'
#   meta: !!omap
#   - {ucd: ERROR}
#   - {width: 11}
#   - {precision: E4}
#   - values: {'null': .nan}
# meta: !!omap
# - {ID: I_352_gedr3dis}
# - {name: I/352/gedr3dis}
# - {description: Estimating distances from parallaxes (1467744818 sources)}
# schema: astropy-2.0
RA_ICRS_1 DE_ICRS_1 e_RA_ICRS e_DE_ICRS _r_1 HIP TYC2 Source rgeo Plx e_Plx v_pec µ_pec rmRA e_rmRA rmDE e_rmDE pmRA pmDE e_pmRA e_pmDE RUWE Teff logg Gmag BP-RP BPmag RPmag RV e_RV b_rgeo B_rgeo FG e_FG FBP e_FBP FRP e_FRP RAVE5 RAVE6 e_Gmag e_BPmag e_RPmag e_BP-RP
[from data line 746]
98.23007016043 7.90316780811 0.0425 0.0419 21.1118 "" "" 3325996083884161664 1658.90723 0.5571 0.0534 30.628667434014464 3.8951811575329844 -1.6920000000000002 0.11700241 3.5085 0.09092103 -1.81 1.149 0.048 0.044 0.865 6030.6 4.4834 16.058336 0.994099 16.46633 15.472231 "" "" 1530.74609 1804.08289 7105.78819 4.231 3539.0 18.155 5131.8 12.095 "" "" 0.002830145882711757 0.0062295888 0.004564199 0.010793788
98.20683287277 8.4923902959 0.045 0.0426 34.3259 "" "" 3326253747562068608 1336.2594 0.7189 0.0529 37.42387302169383 5.908532326221123 -4.4079999999999995 0.12200241 -3.9344999999999994 0.09192103 -4.526 -6.294 0.053 0.045 0.966 5012.4 4.4008 16.063904 1.161627 16.559074 15.397448 "" "" 1252.29626 1420.50879 7069.43731 3.8145 3249.3 17.848 5497.7 19.653 "" "" 0.0028169122852916076 0.006584232 0.0054173665 0.012001598
98.57146748575 7.76348601932 0.0398 0.0437 16.4953 "" "" 3325966083534606592 1472.23328 0.6574 0.0536 31.850744106877972 4.564199409535039 -1.988 0.11500241 4.1085 0.086921036 -2.106 1.749 0.046 0.04 0.979 5842.0 4.5681 16.064844 1.113661 16.532604 15.418943 "" "" 1346.96594 1590.06995 7063.32291 3.5657 3329.5 14.115 5389.9 9.3618 "" "" 0.002809306559451268 0.0053824913 0.0042237528 0.009606244
98.96607909801 7.46557268281 0.0393 0.0406 42.0477 "" "" 3133786229987482496 1461.24402 0.6545 0.0487 22.34689864698934 3.2263848577006433 2.5669999999999997 0.11700241 1.9545000000000001 0.089921035 2.449 -0.405 0.048 0.043 0.976 6272.8 4.5151 16.068798 1.224321 16.594095 15.369774 "" "" 1370.23926 1553.37537 7037.64427 3.676 3146.1 15.981 5639.6 12.254 "" "" 0.0028130785410792167 0.006180752 0.004455252 0.010636004
98.32671019825 7.64473441891 0.0396 0.0438 27.3198 "" "" 3325940455467844224 1358.36255 0.7095 0.0515 31.003200473575532 4.815179565706766 -2.138 0.118002415 4.314500000000001 0.089921035 -2.256 1.955 0.049 0.043 0.981 5792.8 4.6593 16.075039 1.148865 16.565634 15.416769 "" "" 1263.65759 1447.68433 6997.31462 4.009 3229.7 17.201 5400.7 14.953 "" "" 0.002824666720267208 0.0064204657 0.0048291124 0.011249578
99.09879484054 8.46395367263 0.0411 0.0505 41.0275 "" "" 3326156127247831552 1679.94922 0.5605 0.0626 32.52554557033396 4.084605274686895 -2.3000000000000003 0.11700241 3.3755 0.089921035 -2.418 1.016 0.048 0.043 1.008 6377.2 4.4719 16.0792 1.011767 16.498232 15.486465 "" "" 1559.71741 1889.90344 6970.54051 3.9947 3436.6 12.637 5064.9 11.711 "" "" 0.0028247023984910202 0.0048708 0.004537176 0.009407976
99.01135060699 8.42425960043 0.0399 0.0387 35.5093 "" "" 3326132423325093504 1316.34839 0.7367 0.0481 39.39401405621813 6.313657913602859 -4.088 0.11700241 -4.8115000000000006 0.08892103 -4.206 -7.171 0.048 0.042 0.978 4763.9 4.3664 16.080647 1.16185 16.582245 15.420395 "" "" 1232.43896 1388.38147 6961.26954 3.5509 3180.7 18.4 5382.7 15.361 "" "" 0.002810429501342378 0.0068727215 0.0048871343 0.011759856
98.36768368616 7.97940195656 0.0411 0.0373 11.855 "" "" 3326020170060661888 1405.38953 0.6819 0.0475 37.52689381445561 5.6333607420437755 -4.539 0.11500241 3.3365 0.08492103 -4.657 0.977 0.046 0.038 0.989 4737.2 4.2704 16.082323 1.160706 16.584232 15.423527 "" "" 1315.81824 1506.45789 6950.52765 3.5372 3174.9 10.267 5367.2 13.723 "" "" 0.0028101767262133284 0.0044847038 0.0046893624 0.009174066
98.91687966586 7.45235664687 0.0485 0.0542 41.1075 "" "" 3133789013125174272 1379.67444 0.7252 0.069 40.96446803165743 6.264008800281175 -3.6180000000000003 0.1280024 5.1135 0.09592103 -3.736 2.754 0.059 0.049 1.053 4958.3 4.3255 16.082495 1.411569 16.725506 15.313937 "" "" 1250.56104 1580.42676 6949.42451 8.2547 2787.5 31.366 5937.2 28.23 "" "" 0.003042207087636714 0.0125316745 0.006397994 0.018929668
98.30631541105 7.91504062699 0.0425 0.0383 16.6892 "" "" 3326019414146470528 1612.63696 0.5954 0.0484 25.76136268943264 3.370186085366801 0.06799999999999999 0.11500241 3.3695000000000004 0.08792104 -0.05 1.01 0.046 0.041 1.063 5097.6 4.3449 16.084705 1.15079 16.571138 15.420348 "" "" 1499.92725 1734.08215 6935.28967 5.1309 3213.4 10.76 5382.9 11.62 "" "" 0.0028700187158519626 0.0045828344 0.0044471296 0.009029964
98.29131940296 7.57354645177 0.0387 0.0385 32.0716 "" "" 3325933549161034624 1596.78027 0.6012 0.048 35.06460471743429 4.632820226384788 -0.739 0.118002415 4.5735 0.09292103 -0.857 2.214 0.049 0.046 1.052 6364.5 4.4812 16.087053 1.406465 16.71978 15.313314 "" "" 1475.4447 1750.81592 6920.30378 3.4698 2802.2 21.397 5940.6 8.6277 "" "" 0.0028085834367753476 0.008747376 0.0040951394 0.0128425155
98.70968785137 8.17456024636 0.0491 0.045 12.1658 "" "" 3326123863455080960 1593.08826 0.6031 0.0545 31.91478093962466 4.226430083415553 1.141 0.1290024 -4.0695 0.09792103 1.023 -6.429 0.06 0.051 0.943 5476.7 4.5738 16.08982 1.226069 16.622423 15.396355 "" "" 1450.39539 1777.01489 6902.69271 4.2185 3065.1 16.296 5503.2 9.8428 "" "" 0.002834090349835994 0.0064114193 0.0042490843 0.010660503
99.05358680041 7.63634821397 0.0431 0.0418 38.0533 "" "" 3133798908729745152 1620.73022 0.5918 0.0509 17.945030937130376 2.3359048032828733 1.9529999999999998 0.11900242 -1.2814999999999999 0.09192103 1.835 -3.641 0.05 0.045 0.964 5807.5 4.4556 16.096312 1.2907 16.663683 15.372983 "" "" 1479.84363 1765.32654 6861.55073 4.0091 2950.8 11.256 5623.0 12.091 "" "" 0.002827406285732331 0.0049937894 0.004442323 0.009436112
99.02437911258 8.26948007626 0.0377 0.0404 30.9733 "" "" 3326081845790275200 1552.86926 0.6099 0.0501 20.56429249937424 2.79383361172422 -0.742 0.11600241 -2.6935 0.085921034 -0.86 -5.053 0.047 0.039 1.028 5792.9 4.503 16.10368 1.266644 16.659922 15.393278 "" "" 1444.98303 1680.7063 6815.14048 3.5205 2961.1 11.321 5518.8 11.26 "" "" 0.0028118236815415617 0.0050016106 0.004380748 0.009382359
99.03301129069 8.47855197902 0.0501 0.0469 38.6425 "" "" 3326159086482039424 1705.5542 0.5683 0.0578 17.89327699488337 2.213329223138754 1.488 0.12600242 -1.6385 0.089921035 1.37 -3.998 0.057 0.043 0.981 5602.7 4.5805 16.104778 1.195963 16.620926 15.424963 "" "" 1565.84314 1894.34155 6808.24324 6.6731 3069.4 32.768 5360.1 18.386 "" "" 0.0029536888351883407 0.011922091 0.005306011 0.017228102
98.34440811732 8.69912179949 0.0457 0.0415 41.6427 "" "" 3326351982054210048 1353.1593 0.7065 0.049 20.657746207563434 3.220740015896968 2.304 0.13100241 -2.2505 0.09792103 2.186 -4.61 0.062 0.051 1.053 5473.8 4.5483 16.10567 1.27482 16.663094 15.388273 "" "" 1253.75781 1463.78613 6802.65123 3.8244 2952.4 14.509 5544.3 13.864 "" "" 0.0028221213271903962 0.0060211387 0.004653475 0.0106746135
98.24324052988 8.58095139994 0.0428 0.0393 37.5575 "" "" 3326348511720756736 1471.03516 0.6712 0.0494 36.51102312313104 5.236276945502405 -0.576 0.12200241 5.2045 0.089921035 -0.694 2.845 0.053 0.043 1.06 5442.0 4.6439 16.109583 1.10572 16.58079 15.47507 "" "" 1362.76208 1588.35059 6778.18461 3.7299 3184.9 11.706 5118.4 12.628 "" "" 0.0028193521700660474 0.0048692767 0.0046324055 0.009501683
99.00753564549 8.04246755503 0.0954 0.0877 26.696 "" "" 3326067723938456704 1199.61804 0.8489 0.1073 26.2856656917115 4.6227206545496555 -4.326 0.20400241 1.6295000000000002 0.16792104 -4.444 -0.73 0.135 0.121 2.412 5316.0 4.6386 16.110361 1.31042 16.611853 15.301433 "" "" 1043.61804 1438.21204 6773.33467 18.456 3095.1 13.248 6006.0 23.942 "" "" 0.004042773533676965 0.0054205507 0.0057459865 0.011166537
98.35217020231 7.42261239011 0.0419 0.0383 38.9076 "" "" 3325928120322403968 1565.68994 0.6211 0.0462 19.326494062936703 2.604167861333059 2.072 0.12400241 -1.5774999999999997 0.09592103 1.954 -3.937 0.055 0.049 1.042 5547.6 4.5188 16.110455 1.273851 16.657288 15.383436 "" "" 1470.99683 1680.45166 6772.74313 4.7866 2968.3 18.727 5569.1 15.261 "" "" 0.002860174360652064 0.0073963692 0.004809968 0.012206337
98.76839447981 8.66033620648 0.0366 0.0362 39.3644 "" "" 3326154447917078016 1735.06409 0.5601 0.0451 21.119488307896383 2.567967532894448 1.165 0.11500241 -2.2884999999999995 0.08492103 1.047 -4.648 0.046 0.038 1.004 5049.1 4.3327 16.110716 1.089095 16.571632 15.482537 "" "" 1561.77917 1870.78284 6771.11704 3.4534 3211.9 13.371 5083.3 12.916 "" "" 0.00281041356403738 0.005311713 0.0046791267 0.009990839
98.09873466311 8.39923334785 0.0412 0.0407 34.8424 "" "" 3326251411099965312 1284.80652 0.7556 0.0505 19.858250442993775 3.2608056136482593 -3.259 0.11600241 -0.10849999999999982 0.08892103 -3.377 -2.468 0.047 0.042 1.048 5267.0 4.6162 16.111128 1.140284 16.596703 15.456419 "" "" 1205.39172 1392.58032 6768.55483 5.162 3138.6 12.29 5207.0 12.06 "" "" 0.0028770512765141833 0.005085286 0.0045395354 0.009624822
98.62440636889 7.9892056522 0.0448 0.0438 4.9066 "" "" 3326023124998042496 1674.00464 0.5808 0.0571 31.667625717253507 3.9909887559350503 -0.10900000000000001 0.12100241 3.9895 0.089921035 -0.227 1.63 0.052 0.043 0.98 5729.4 4.5873 16.114285 1.173621 16.603651 15.43003 "" "" 1545.36829 1823.64612 6748.90179 4.0119 3118.6 37.592 5335.1 17.467 "" "" 0.002829903574390162 0.013381716 0.0051883957 0.018570112
98.45419467747 7.48879402021 0.0419 0.038 33.5331 "" "" 3325923000721330048 1729.99207 0.559 0.0432 39.00733244216648 4.756897544618761 -0.928 0.12400241 4.6655 0.09292103 -1.046 2.306 0.055 0.046 0.993 5647.0 4.4503 16.11511 1.308784 16.697859 15.389075 "" "" 1622.1637 1866.14746 6743.7711 3.9814 2859.4 16.596 5540.2 19.627 "" "" 0.0028288989092802755 0.0068917032 0.0053924397 0.012284143
98.66718686661 7.64010522853 0.0414 0.0387 24.7423 "" "" 3325949212901949952 1355.5636 0.7207 0.0466 22.51403423441362 3.5039272609459235 -2.742 0.11600241 2.1815 0.086921036 -2.86 -0.178 0.047 0.04 1.057 6377.1 4.2555 16.115366 1.21231 16.639694 15.427384 "" "" 1267.51294 1490.76025 6742.18606 3.6946 3016.7 12.0 5348.2 14.58 "" "" 0.0028188245988608565 0.0051417868 0.0048004813 0.009942268
98.16789068676 8.00163193496 0.0431 0.0449 23.2929 "" "" 3326009449821919232 1570.51123 0.6122 0.0553 35.60540862482434 4.782958211191062 -0.267 0.118002415 4.7755 0.09092103 -0.385 2.416 0.049 0.044 1.136 5457.7 4.5719 16.117567 1.146513 16.608921 15.462408 "" "" 1466.06445 1725.29102 6728.5316 3.2983 3103.5 15.638 5178.4 8.7625 "" "" 0.002806252198317971 0.006141262 0.0042022653 0.010343527
98.8230227997 7.52826593185 0.0416 0.0444 34.4029 "" "" 3325944063240811648 1528.69116 0.6317 0.0538 22.16183879164315 3.058494441714747 1.366 0.11700241 2.7365000000000004 0.08792104 1.248 0.377 0.048 0.041 1.012 5636.9 4.5642 16.11832 1.286952 16.684357 15.397405 "" "" 1417.33545 1659.69092 6723.86115 3.9205 2895.2 15.026 5497.9 13.682 "" "" 0.0028271113026447285 0.006287891 0.0046458854 0.010933776
99.02485349926 7.66811304167 0.0432 0.04 35.5258 "" "" 3133799248027863680 1586.1416 0.6265 0.0527 42.275449915590144 5.622998154899217 -1.186 0.12100241 5.4965 0.089921035 -1.304 3.137 0.052 0.043 0.939 5581.8 4.5619 16.119286 1.284544 16.686213 15.401669 "" "" 1464.59082 1725.06799 6717.88776 3.662 2890.2 14.403 5476.3 15.617 "" "" 0.0028181683740463076 0.0060877064 0.0048857373 0.010973444
98.04192962515 8.27216460917 0.0413 0.0375 33.7266 "" "" 3326230451659660928 1601.27515 0.5873 0.0466 21.683244957353686 2.856800876855088 1.279 0.11900242 2.5545 0.09292103 1.161 0.195 0.05 0.046 1.018 5671.2 4.5738 16.119375 1.021217 16.538021 15.516804 "" "" 1485.02539 1750.01868 6717.33348 3.9668 3312.9 17.121 4925.3 21.511 "" "" 0.0028289358338775016 0.006266504 0.006063772 0.012330276
99.19089505474 8.18736897076 0.0396 0.0367 38.6339 "" "" 3326076520031346304 1619.52148 0.5876 0.047 78.37903273287657 10.210214015876454 7.73 0.11500241 6.6705000000000005 0.08492103 7.612 4.311 0.046 0.038 1.029 5611.5 3.9517 16.122313 1.493579 16.8126 15.31902 "" "" 1490.96179 1729.57556 6699.18409 3.6609 2572.6 12.036 5909.5 12.151 "" "" 0.0028184783271899875 0.0057955105 0.004389493 0.010185003
98.86585760677 7.91495295714 0.0406 0.0363 19.7171 "" "" 3325972581823501440 1486.52502 0.6523 0.0427 29.54301503890766 4.19280100290963 3.1319999999999997 0.12100241 2.7875 0.09292103 3.014 0.428 0.052 0.046 0.941 5028.3 4.3089 16.122566 1.305543 16.691256 15.385713 "" "" 1402.03687 1587.13831 6697.61041 3.4317 2876.8 13.737 5557.4 15.206 "" "" 0.0028109190205936802 0.005887618 0.0048071975 0.010694815
98.41419022499 8.62390064106 0.0442 0.0413 36.1733 "" "" 3326338478677038464 1404.50073 0.6835 0.0466 35.16422581136828 5.282028611243979 -0.736 0.1290024 5.2305 0.09792103 -0.854 2.871 0.06 0.051 0.976 5370.8 4.5348 16.123423 1.279268 16.687525 15.408257 "" "" 1325.5188 1505.60852 6692.33055 4.0129 2886.7 12.437 5443.2 15.734 "" "" 0.002831190156142369 0.005446698 0.004912568 0.010359266
98.97197951544 7.87104396053 0.043 0.0386 26.5519 "" "" 3325960585975644544 1508.03235 0.6355 0.0466 44.57342476554296 6.23572571959351 -0.8130000000000001 0.12200241 -6.182499999999999 0.09192103 -0.931 -8.542 0.053 0.045 0.95 5745.5 4.3931 16.125246 1.441557 16.782047 15.34049 "" "" 1417.00818 1602.02869 6681.1023 3.918 2646.1 14.32 5793.8 16.365 "" "" 0.002827929820116778 0.006504547 0.004867095 0.011371642
99.22465881191 8.26108181898 0.0422 0.043 41.7833 "" "" 3326079406249321472 1644.0697 0.584 0.0491 46.011517624943345 5.904294221158021 -5.072 0.11700241 3.0225 0.08892103 -5.19 0.663 0.048 0.042 1.009 6013.4 4.4884 16.12578 1.358346 16.723867 15.365521 "" "" 1534.34985 1818.36353 6677.81415 3.5536 2791.7 14.352 5661.7 20.549 "" "" 0.0028152465273854296 0.0062402436 0.0054600798 0.011700323
98.22040559703 7.4457899588 0.0458 0.042 40.8204 "" "" 3325927914163530368 1462.19775 0.6677 0.052 53.926799174538864 7.7807272314353755 -7.6579999999999995 0.13200241 1.3765 0.10392103 -7.776 -0.983 0.063 0.057 1.065 4754.1 4.3401 16.127752 1.293846 16.700314 15.406467 "" "" 1355.05103 1618.93774 6665.70529 3.6813 2852.9 20.091 5452.2 20.601 "" "" 0.002819811868142039 0.008139269 0.0055779596 0.013717229
98.27868168496 8.66880173158 0.0572 0.0551 41.3206 "" "" 3326350229707600640 1256.21265 0.7603 0.049 31.84606734990693 5.348282083996692 -0.9029999999999999 0.14100242 5.2715 0.108921036 -1.021 2.912 0.072 0.062 1.046 4724.6 4.3309 16.12797 1.123115 16.6003 15.477185 "" "" 1182.99146 1326.40308 6664.37086 5.0813 3128.2 23.564 5108.4 13.059 "" "" 0.002876992905059188 0.0086414395 0.004689074 0.013330514
97.98545001167 8.18911731503 0.0421 0.0399 35.2074 "" "" 3326229695745488896 1283.04041 0.7484 0.0496 34.912993822541154 5.740747098592655 1.025 0.11500241 -5.6484999999999985 0.08892103 0.907 -8.008 0.046 0.042 0.987 5096.0 4.4765 16.13128 1.112265 16.60046 15.488195 "" "" 1209.69727 1377.08337 6644.07625 4.0258 3127.8 18.43 5056.8 14.448 "" "" 0.002832770021753699 0.006979479 0.004889455 0.011868934
98.08174338003 8.50795012292 0.0398 0.0378 39.9386 "" "" 3326253438324477312 1550.729 0.6177 0.0437 36.69219352537304 4.991825843316251 -4.487 0.11500241 2.1875 0.08792104 -4.605 -0.172 0.046 0.041 0.952 5624.4 4.5743 16.13634 1.048889 16.579626 15.530737 "" "" 1453.61487 1679.30432 6613.19036 3.4412 3188.4 16.382 4862.5 13.166 "" "" 0.0028126459601379634 0.0062373755 0.004788129 0.011025505
98.63965375217 7.96795546112 0.0431 0.0419 6.4131 "" "" 3326022850120138368 1369.88623 0.7072 0.0517 62.65750739062355 9.649621352674933 5.806 0.12200241 -7.7075 0.089921035 5.688 -10.067 0.053 0.043 0.968 5597.0 4.5752 16.138416 1.192404 16.650507 15.458103 "" "" 1292.08337 1476.16528 6600.55695 3.5248 2986.9 14.714 5199.0 17.369 "" "" 0.0028156628734892783 0.006032563 0.0052383947 0.011270957
98.64204218262 7.61538221286 0.0452 0.0424 25.8476 "" "" 3325949079762642304 1462.54797 0.6592 0.0459 40.98316119761015 5.911762702443325 4.906000000000001 0.12200241 3.2985 0.09292103 4.788 0.939 0.053 0.046 0.958 5407.0 4.5415 16.139248 1.351434 16.746124 15.39469 "" "" 1371.02209 1568.01306 6595.50251 3.7665 2735.1 15.437 5511.7 14.225 "" "" 0.0028242219372485397 0.0067332466 0.0047048656 0.011438113
