Clusters/Basel_8/Basel_8_runaways_all.tsv
# %ECSV 1.0
# ---
# datatype:
# - name: RA_ICRS_1
#   unit: deg
#   datatype: float64
#   format: '{:15.11f}'
#   description: Right ascension (ICRS) at Ep=2016.0 (ra)
#   meta: !!omap
#   - {ucd: POS_EQ_RA_MAIN}
#   - {width: 15}
#   - {precision: '11'}
# - name: DE_ICRS_1
#   unit: deg
#   datatype: float64
#   format: '{:15.11f}'
#   description: Declination (ICRS) at Ep=2016.0 (dec)
#   meta: !!omap
#   - {ucd: POS_EQ_DEC_MAIN}
#   - {width: 15}
#   - {precision: '11'}
# - name: e_RA_ICRS
#   unit: mas
#   datatype: float64
#   format: '{:7.4f}'
#   description: Standard error of right ascension (ra_error)
#   meta: !!omap
#   - {ucd: ERROR}
#   - {width: 7}
#   - {precision: '4'}
# - name: e_DE_ICRS
#   unit: mas
#   datatype: float64
#   format: '{:7.4f}'
#   description: Standard error of declination (dec_error)
#   meta: !!omap
#   - {ucd: ERROR}
#   - {width: 7}
#   - {precision: '4'}
# - name: _r_1
#   unit: ''
#   datatype: float64
#   format: '{:7.4f}'
#   description: Distance from center (098.55820660000+08.03809416000)[ICRS], at Epoch=J2016.0
#   meta: !!omap
#   - {ucd: POS_ANG_DIST_GENERAL}
#   - {width: 7}
#   - {precision: '4'}
# - name: HIP
#   datatype: int32
#   description: '? HIP cross-id number, van Leeuwen, Cat. I/311 (hip_original_ext_source_id)'
#   meta: !!omap
#   - {ucd: ID_NUMBER}
#   - {width: 6}
#   - values: {'null': -2147483648}
# - name: TYC2
#   datatype: string
#   description: Tycho-2 cross-id name, Hog et al., Cat. I/259 (tyc2_original_ext_source_id)
#   meta: !!omap
#   - {ucd: ID_CROSSID}
#   - {_votable_string_dtype: char}
# - name: Source
#   datatype: int64
#   description: Source identifier, identical to the Gaia-EDR3 source_id (id)
#   meta: !!omap
#   - {ucd: ID_MAIN}
#   - {width: 19}
# - name: rgeo
#   unit: pc
#   datatype: float64
#   format: '{:15.8f}'
#   description: '? Median of the geometric distance posterior (r_med_geo)'
#   meta: !!omap
#   - {ucd: PHYS_DISTANCE_TRUE}
#   - {width: 15}
#   - {precision: '8'}
#   - values: {'null': .nan}
# - name: Plx
#   unit: mas
#   datatype: float64
#   format: '{:9.4f}'
#   description: '? Parallax (parallax)'
#   meta: !!omap
#   - {ucd: POS_PARLX_TRIG}
#   - {width: 9}
#   - {precision: '4'}
#   - values: {'null': .nan}
# - name: e_Plx
#   unit: mas
#   datatype: float32
#   format: '{:7.4f}'
#   description: '? Standard error of parallax (parallax_error)'
#   meta: !!omap
#   - {ucd: ERROR}
#   - {width: 7}
#   - {precision: '4'}
#   - values: {'null': .nan}
# - {name: v_pec, unit: km / s, datatype: float64}
# - name: "\xB5_pec"
#   unit: mas / yr
#   datatype: float64
#   format: '{:9.3f}'
#   description: '? Proper motion in right ascension direction, pmRA*cosDE (pmra)'
#   meta: !!omap
#   - {ucd: POS_EQ_PMRA}
#   - {width: 9}
#   - {precision: '3'}
#   - values: {'null': .nan}
# - {name: rmRA, unit: mas / yr, datatype: float64}
# - name: e_rmRA
#   unit: mas / yr
#   datatype: float32
#   format: '{:6.3f}'
#   description: '? Standard error of proper motion in right ascension direction (pmra_error)'
#   meta: !!omap
#   - {ucd: ERROR}
#   - {width: 6}
#   - {precision: '3'}
#   - values: {'null': .nan}
# - {name: rmDE, unit: mas / yr, datatype: float64}
# - name: e_rmDE
#   unit: mas / yr
#   datatype: float32
#   format: '{:6.3f}'
[...]
#   meta: !!omap
#   - {ucd: ERROR}
#   - {width: 11}
#   - {precision: E4}
#   - values: {'null': .nan}
# - name: e_BPmag
#   unit: ''
#   datatype: float32
#   format: '{:11.4g}'
#   description: '? Error on the integrated BP mean flux (phot_bp_mean_flux_error)'
#   meta: !!omap
#   - {ucd: ERROR}
#   - {width: 11}
#   - {precision: E4}
#   - values: {'null': .nan}
# - name: e_RPmag
#   unit: ''
#   datatype: float32
#   format: '{:11.4g}'
#   description: '? Error on the integrated RP mean flux (phot_rp_mean_flux_error)'
#   meta: !!omap
#   - {ucd: ERROR}
#   - {width: 11}
#   - {precision: E4}
#   - values: {'null': .nan}
# - name: e_BP-RP
#   unit: ''
#   datatype: float32
#   format: '{:11.4g}'
#   description: '? Error on the integrated BP mean flux (phot_bp_mean_flux_error)'
#   meta: !!omap
#   - {ucd: ERROR}
#   - {width: 11}
#   - {precision: E4}
#   - values: {'null': .nan}
# - name: Temp. Est
#   unit: K
#   datatype: float64
#   format: '{:7.1f}'
#   description: '? Effective temperature from GSP-Phot Aeneas best library using BP/RP spectra (teff_gspphot)'
#   meta: !!omap
#   - {ucd: PHYS_TEMP_EFFEC}
#   - {width: 7}
#   - {precision: '1'}
#   - values: {'null': .nan}
# meta: !!omap
# - {ID: I_352_gedr3dis}
# - {name: I/352/gedr3dis}
# - {description: Estimating distances from parallaxes (1467744818 sources)}
# schema: astropy-2.0
RA_ICRS_1 DE_ICRS_1 e_RA_ICRS e_DE_ICRS _r_1 HIP TYC2 Source rgeo Plx e_Plx v_pec µ_pec rmRA e_rmRA rmDE e_rmDE pmRA pmDE e_pmRA e_pmDE RUWE Teff logg Gmag BP-RP BPmag RPmag RV e_RV b_rgeo B_rgeo FG e_FG FBP e_FBP FRP e_FRP RAVE5 RAVE6 e_Gmag e_BPmag e_RPmag e_BP-RP "Temp. Est"
[from data line 225]
98.98497761986 7.75105788529 0.0631 0.0503 30.658 "" "" 3325954199363494912 1543.29919 0.6194 0.0693 41.987008284272356 5.814743094067012 4.09662499499321 0.13700241 4.020125019073486 0.10692103 3.907 1.837 0.068 0.06 0.932 5539.7 4.675 16.457182 1.189353 16.974644 15.785291 "" "" 1426.28284 1722.93982 4921.23323 3.2355 2215.9 13.481 3846.3 11.351 "" "" 0.0028462845185957047 0.0071704807 0.004954838 0.012125319 5539.7
98.90317006888 8.11058636218 0.0482 0.0433 20.9491 "" "" 3326072839243507968 1561.11597 0.6127 0.0551 18.229376895642897 2.502376520430129 2.0956249949932095 0.13300242 1.2951250190734864 0.09992103 1.906 -0.888 0.064 0.053 1.053 5582.3 4.5977 16.457378 1.263167 17.022135 15.758967 "" "" 1423.89221 1687.68994 4920.34465 3.2201 2121.1 10.848 3940.7 13.464 "" "" 0.0028454663566195725 0.0062143984 0.0052957274 0.011510126 5582.3
98.40762298181 8.41547152886 0.0607 0.0572 24.3444 "" "" 3326330816455506688 1360.3916 0.7212 0.0743 45.570955770614894 6.8995318138262105 -0.7153750050067902 0.14400241 -7.030874980926514 0.10692103 -0.905 -9.214 0.075 0.06 1.24 4906.1 4.6467 16.461071 1.325989 17.035395 15.709406 "" "" 1231.01672 1512.3634 4903.63665 4.5161 2095.4 10.186 4124.7 13.269 "" "" 0.00293115153178916 0.0059700306 0.0051461807 0.011116211 4906.1
98.8559738473 7.45516413675 0.0503 0.0639 39.2008 "" "" 3133788841326495872 1272.05408 0.7844 0.0833 28.036583963958446 4.523341602178636 -1.9913750050067902 0.1290024 -4.2018749809265135 0.096921034 -2.181 -6.385 0.06 0.05 0.921 4966.2 4.6944 16.465155 1.349081 17.070099 15.721018 "" "" 1148.65491 1429.1842 4885.23107 3.2247 2029.4 20.773 4080.9 13.746 "" "" 0.002847003198604736 0.011458524 0.0052591437 0.016717667 4966.2
98.47855838943 7.77370492198 0.0535 0.0519 16.5545 "" "" 3325966706307808128 1578.60889 0.6059 0.0695 20.15279736241453 2.879634568829872 -0.4633750050067902 0.1350024 2.653125019073486 0.09792103 -0.653 0.47 0.066 0.051 1.034 4991.2 4.3758 16.46879 1.204979 16.994652 15.789673 "" "" 1431.83325 1741.6001 4868.89849 2.9862 2175.5 12.137 3830.8 9.8828 "" "" 0.0028346462389774434 0.006668996 0.0047041886 0.011373185 4991.2
98.68272948921 7.37645149759 0.0486 0.0478 40.3831 "" "" 3133764102314941824 1528.24683 0.6219 0.0584 20.255818002496 2.615772591415393 1.79762499499321 0.12400241 -2.141874980926514 0.09492104 1.608 -4.325 0.055 0.048 1.034 5233.5 4.5995 16.48323 1.224156 17.014332 15.790175 "" "" 1409.35718 1640.78931 4804.57079 3.2161 2136.4 14.001 3829.0 14.962 "" "" 0.002849559532773739 0.0076429257 0.005681821 0.013324747 5233.5
97.9639661405 8.16449417551 0.0495 0.0465 36.1041 "" "" 3326205953166299136 1323.46497 0.7337 0.0592 40.299357764399105 6.59959818852633 0.10762499499320984 0.12400241 6.4231250190734865 0.096921034 -0.082 4.24 0.055 0.05 0.986 5087.6 4.6269 16.49581 1.226777 17.033125 15.806348 "" "" 1223.74951 1428.03088 4749.2237 3.1999 2099.7 15.132 3772.4 14.202 "" "" 0.0028507788649918373 0.008307211 0.0055669784 0.01387419 5087.6
98.38617769143 7.77016270629 0.0557 0.0602 19.0514 "" "" 3325990311448110848 1545.40027 0.6484 0.0765 41.48417903938374 5.824421537800985 -4.62437500500679 0.13900241 3.2691250190734866 0.108921036 -4.814 1.086 0.07 0.062 1.038 4510.7 4.1845 16.49667 1.425319 17.14337 15.718051 "" "" 1385.68872 1761.39209 4745.46797 4.3045 1897.0 14.575 4092.0 14.975 "" "" 0.002926039910628821 0.008796165 0.0054837163 0.0142798815 4510.7
98.33646462656 7.88947665344 0.0524 0.0472 15.9099 "" "" 3326018585215124736 1682.08423 0.5752 0.0585 22.365449058807947 2.948035659553663 -2.53637500500679 0.1280024 1.1981250190734865 0.096921034 -2.726 -0.985 0.059 0.05 0.944 5457.4 4.6976 16.498621 1.055623 16.937044 15.881421 "" "" 1549.62122 1900.64001 4736.94104 2.9218 2294.0 9.5586 3520.4 13.172 "" "" 0.0028355387877806635 0.0053152493 0.0055485964 0.010863846 5457.4
98.92948085641 7.64263607957 0.052 0.0494 32.4037 "" "" 3325946674577934976 1726.61218 0.5651 0.0593 46.0562442130215 5.766547082093409 2.0746249949932096 0.13200241 5.231125019073486 0.100921035 1.885 3.048 0.063 0.054 0.836 "" "" 16.506355 1.250716 17.008013 15.757297 "" "" 1553.87256 1912.28198 4703.32292 3.7024 2148.9 17.791 3946.7 16.555 "" "" 0.002884833591402298 0.009412019 0.005918206 0.015330225 ""
99.1072793763 8.46784520328 0.0511 0.0603 41.5672 "" "" 3326155925386917120 1520.74744 0.6364 0.0733 36.320397220331905 5.176219204206869 -4.62337500500679 0.13000241 2.003125019073486 0.100921035 -4.813 -0.18 0.061 0.054 0.954 5166.5 4.6634 16.520096 1.206808 17.04475 15.837942 "" "" 1345.14355 1711.80664 4644.17111 3.1981 2077.4 16.031 3664.2 12.553 "" "" 0.0028549597475756115 0.008830845 0.005302728 0.0141335735 5166.5
98.31045422451 8.56281746183 0.0533 0.0493 34.7501 "" "" 3326336554531782144 1308.08533 0.7397 0.061 49.46364670671438 8.134133466448654 -6.70337500500679 0.13400242 4.325125019073486 0.100921035 -6.893 2.142 0.065 0.054 1.005 4830.5 4.6292 16.536404 1.391236 17.164375 15.773139 "" "" 1217.823 1433.53479 4574.9382 3.3817 1860.7 11.936 3889.6 10.405 "" "" 0.0028698226389326773 0.0075028706 0.0047664936 0.012269365 4830.5
98.24717926269 8.63026150248 0.0512 0.0465 40.0415 "" "" 3326349851750522624 1715.5542 0.5536 0.0561 36.14683441321294 4.631539727779521 -0.7803750050067901 0.13200241 4.376125019073486 0.09892103 -0.97 2.193 0.063 0.052 0.964 5302.2 4.7082 16.539198 1.126829 16.985954 15.859125 "" "" 1565.57202 1897.95703 4563.18034 4.2093 2193.0 13.954 3593.4 24.321 "" "" 0.002931699814744779 0.007450675 0.008263446 0.015714122 5302.2
98.72658687999 8.58344115252 0.0492 0.0497 34.2138 "" "" 3326152107156994432 1363.13184 0.7209 0.0602 30.772725455137934 4.6129775904506625 4.10562499499321 0.13000241 -2.413874980926514 0.10192104 3.916 -4.597 0.061 0.055 1.117 5129.9 4.7376 16.547794 1.144562 17.046217 15.901655 "" "" 1268.53503 1474.90186 4527.19421 3.4103 2074.6 13.532 3455.4 14.896 "" "" 0.0028741453491417136 0.007611757 0.0060159084 0.013627665 5129.9
98.06660398124 7.54081444863 0.0613 0.052 41.7645 "" "" 3325979930511683072 1497.52173 0.6701 0.0699 22.114902947985396 3.049933810757211 -2.2443750050067903 0.14600241 -2.160874980926514 0.107921034 -2.434 -4.344 0.077 0.061 1.064 4677.4 4.3907 16.559626 1.549003 17.281878 15.732875 "" "" 1312.28687 1664.49707 4478.12742 4.3173 1669.8 8.2352 4036.5 14.922 "" "" 0.0029474497958909174 0.0060380218 0.0055130413 0.0115510635 4677.4
98.28944124709 7.75154387618 0.0554 0.0573 23.4678 "" "" 3325989379437193216 1222.53101 0.7824 0.074 24.783288715760115 4.1068199680531405 3.1916249949932096 0.13200241 -2.846874980926514 0.10292104 3.002 -5.03 0.063 0.056 1.089 4472.2 4.3968 16.577518 1.340148 17.182093 15.841945 "" "" 1101.25903 1369.86292 4404.93232 2.9172 1830.5 12.785 3650.7 10.05 "" "" 0.002847596122672784 0.008080266 0.0048184404 0.012898707 4472.2
98.19649043633 8.06568558863 0.0479 0.048 21.5527 "" "" 3326036486639227648 1347.20557 0.7319 0.0594 37.274175773585824 5.719515823039569 5.58862499499321 0.13000241 -1.6848749809265136 0.10592103 5.399 -3.868 0.061 0.059 1.087 4819.1 4.546 16.5876 1.26565 17.148249 15.882599 "" "" 1251.78943 1438.74927 4364.22173 2.826 1888.5 13.305 3516.6 15.474 "" "" 0.0028436027301152545 0.008142295 0.006091681 0.014233977 4819.1
99.19436573749 8.12837389899 0.0575 0.0516 38.1766 "" "" 3326064249306490112 1524.73962 0.6364 0.0645 42.180826695926115 5.729357926504505 -3.1723750050067903 0.13700241 -4.8988749809265135 0.107921034 -3.362 -7.082 0.068 0.061 1.139 5783.7 4.5858 16.598454 1.487286 17.278912 15.791626 "" "" 1386.95154 1663.63831 4320.80807 3.1293 1674.4 17.328 3823.9 15.177 "" "" 0.002865328790779994 0.011577295 0.0057318006 0.017309096 5783.7
98.85720015731 8.51354109128 0.0512 0.0461 33.5997 "" "" 3326148396310040192 1587.54041 0.6267 0.057 37.93454082174103 5.228227543824006 -0.9793750050067902 0.13100241 4.945125019073487 0.10192104 -1.169 2.762 0.062 0.055 0.945 "" "" 16.601585 "" "" "" "" "" 1427.35242 1709.94434 4308.3671 4.0019 "" "" "" "" "" "" 0.0029340877400098157 "" "" "" ""
98.80418286759 8.34497909195 0.056 0.0499 23.5039 "" "" 3326127883544683136 1528.25403 0.6288 0.063 40.239534305131386 5.43054060384415 -2.46537500500679 0.1420024 -4.977874980926513 0.11492103 -2.655 -7.161 0.073 0.068 1.024 5014.0 4.6421 16.615238 1.278761 17.182613 15.903852 "" "" 1402.99695 1659.66565 4254.52701 3.2756 1829.7 17.198 3448.4 12.894 "" "" 0.002879331331106433 0.010579771 0.0055466136 0.016126385 5014.0
98.12901017479 8.22620853215 0.0539 0.0523 27.8797 "" "" 3326228390075340288 1727.4126 0.5718 0.0608 67.63679734723951 8.114344967401866 -2.45637500500679 0.13200241 -7.886874980926514 0.10392103 -2.646 -10.07 0.063 0.057 0.942 5463.4 4.693 16.62498 1.19274 17.135115 15.942375 "" "" 1589.03345 1895.27197 4216.52245 3.2714 1911.5 12.416 3328.2 8.4844 "" "" 0.0028812113280191416 0.0075842068 0.004684495 0.012268702 5463.4
98.75305218486 8.59940295768 0.0485 0.0477 35.6098 "" "" 3326153550267785600 1544.66211 0.6084 0.0582 36.690604518139956 5.150712402182828 1.8376249949932097 0.13000241 4.662125019073486 0.10392103 1.648 2.479 0.061 0.057 0.879 5235.7 4.716 16.627909 1.114758 17.09181 15.977052 "" "" 1432.34778 1696.65881 4205.16496 2.9302 1989.3 17.931 3223.6 9.5189 "" "" 0.002857299368004611 0.010176498 0.0049560536 0.015132552 5235.7
98.58585920041 8.34550722402 0.0605 0.0575 18.5177 "" "" 3326139016100280832 1373.90186 0.7365 0.067 20.061994460532322 3.021507115662646 -2.2933750050067903 0.14700241 -2.056874980926514 0.11392103 -2.483 -4.24 0.078 0.067 1.095 4979.9 4.6758 16.62849 1.252193 17.191828 15.939635 "" "" 1238.78491 1514.85779 4202.91187 4.8246 1814.2 14.126 3336.6 12.975 "" "" 0.0030240939884993963 0.008902465 0.005666549 0.014569014 4979.9
98.82505229945 7.75508581986 0.0562 0.053 23.2345 "" "" 3325957802836695168 1227.21948 0.7995 0.0626 20.63335674676506 3.361592963164934 2.02262499499321 0.13800241 -2.913874980926514 0.108921036 1.833 -5.097 0.069 0.062 0.987 5405.1 4.5854 16.629997 1.582684 17.38654 15.803856 "" "" 1148.78381 1325.73755 4197.08534 2.9534 1516.4 17.043 3781.1 18.017 "" "" 0.00285928311253217 0.01251764 0.006406976 0.018924616 5405.1
98.14815320509 7.62444162585 0.0553 0.0528 34.786 "" "" 3325982133830596992 1470.0144 0.659 0.0667 27.861230552386516 3.8083382530967493 1.3496249949932098 0.13800241 -3.7638749809265137 0.10592103 1.16 -5.947 0.069 0.059 0.926 4877.6 4.6452 16.634424 1.402243 17.182747 15.780504 "" "" 1359.77881 1630.0199 4180.00452 3.1652 1829.4 33.381 3863.3 58.399 "" "" 0.002875363054310932 0.020006904 0.016841898 0.036848802 4877.6
98.41696309914 8.58729737383 0.0582 0.0541 34.0024 "" "" 3326337512307714816 1289.37988 0.7419 0.0619 62.81704769281577 10.25161193422771 9.99262499499321 0.1490024 2.406125019073486 0.11292103 9.803 0.223 0.08 0.066 1.014 4994.4 4.6107 16.646755 1.36304 17.237337 15.874297 "" "" 1202.91064 1396.72949 4132.80456 3.0763 1739.7 10.007 3543.6 13.391 "" "" 0.002871401106446189 0.0068402425 0.0055783195 0.012418563 4994.4
98.75653177312 8.60416541878 0.0515 0.0507 35.9472 "" "" 3326153726362577152 1557.96472 0.6039 0.0618 21.132134900145758 3.0243488968702006 -2.32437500500679 0.13300242 1.6691250190734863 0.10592103 -2.514 -0.514 0.064 0.059 1.037 4992.9 4.6642 16.656683 1.216267 17.193504 15.977238 "" "" 1412.94641 1721.48694 4095.18813 3.062 1811.4 18.368 3223.0 10.038 "" "" 0.0028724255677902233 0.011357662 0.0050713276 0.01642899 4992.9
98.39919109692 8.48608971812 0.1306 0.1112 28.4898 "" "" 3326332156485268096 1402.02954 0.7997 0.1444 32.84013634038412 4.998414773705759 -4.91637500500679 0.21700242 -0.4988749809265136 0.16992104 -5.106 -2.682 0.148 0.123 2.63 5170.6 4.7963 16.659155 1.152747 17.061943 15.909196 "" "" 1152.30884 1794.24951 4085.8755 14.506 2044.7 16.312 3431.5 16.408 "" "" 0.004738168909871024 0.009099983 0.0064215097 0.015521493 5170.6
97.9371090406 8.06760637825 0.0523 0.0508 36.9408 "" "" 3326201967436712448 1350.40491 0.7401 0.0626 27.205385145686936 4.401845209681958 1.1626249949932097 0.13100241 4.088125019073487 0.09992103 0.973 1.905 0.062 0.053 1.024 4950.3 4.6943 16.665474 1.237774 17.2082 15.970427 "" "" 1218.15344 1498.0824 4062.16222 3.0387 1787.0 12.43 3243.3 12.652 "" "" 0.0028725308699396714 0.008051093 0.005676487 0.013727579 4950.3
98.13166657502 8.35268134346 0.0949 0.0872 31.5901 "" "" 3326239277814865792 1723.26672 0.5993 0.1099 30.32301715029084 3.585551875234829 3.47162499499321 0.17700242 -1.314874980926514 0.14192103 3.282 -3.498 0.108 0.095 1.67 5084.4 4.7385 16.675755 1.273387 17.20753 15.934142 "" "" 1491.86597 2204.14575 4023.8796 4.7001 1788.2 12.788 3353.5 16.475 "" "" 0.003033168427954532 0.008250562 0.0065372065 0.014787768 5084.4
99.13768701585 8.0899608972 0.0539 0.0484 34.5654 "" "" 3326075454879521792 1333.65955 0.7397 0.0596 26.717459463703612 4.3301392875980325 2.4816249949932097 0.13200241 3.4211250190734863 0.09792103 2.292 1.238 0.063 0.051 0.997 4441.9 4.3665 16.683613 1.563208 17.422499 15.859291 "" "" 1251.36682 1457.95264 3994.86298 2.9934 1467.0 9.6795 3592.9 13.975 "" "" 0.002872918712163865 0.0076880385 0.0056672986 0.013355337 4441.9
98.32964915178 7.47070269628 0.0545 0.0509 36.655 "" "" 3325929357272975360 1357.11572 0.7256 0.0613 22.752089506273695 3.3605452310599833 2.43962499499321 0.14000241 -2.5608749809265134 0.108921036 2.25 -4.744 0.071 0.062 0.956 4689.1 4.3527 16.691694 1.513627 17.37821 15.864583 "" "" 1248.52234 1504.45813 3965.23482 7.7866 1528.0 15.519 3575.4 14.298 "" "" 0.003483898596948821 0.011374703 0.0057563363 0.017131038 4689.1
99.16307256746 8.11585100841 0.0591 0.0527 36.2336 "" "" 3326075592318451456 1291.19263 0.7622 0.0678 18.271265745394658 3.1705932015949325 -1.7493750050067902 0.13900241 2.419125019073486 0.10492103 -1.939 0.236 0.07 0.058 1.086 5074.9 4.5496 16.711477 1.568964 17.44461 15.875647 "" "" 1183.6084 1429.71033 3893.64285 4.4801 1437.4 15.249 3539.2 13.309 "" "" 0.0030253036386570157 0.011851415 0.0055635856 0.017415 5074.9
98.56303549524 8.2464642243 0.0589 0.0542 12.5055 "" "" 3326043431603328384 1423.75818 0.6875 0.0647 19.413987557019126 2.6866366054976623 0.9456249949932098 0.14400241 -2.716874980926514 0.10992104 0.756 -4.9 0.075 0.063 0.95 4320.7 4.3671 16.72001 1.409962 17.367868 15.957907 "" "" 1301.15833 1580.74377 3863.15894 2.8956 1542.7 13.152 3280.9 14.641 "" "" 0.002872989355665409 0.009667628 0.0061448067 0.015812434 4320.7
98.97063861377 8.02923276681 0.061 0.0573 24.5088 "" "" 3326068342413763072 1467.28406 0.6578 0.0633 33.32337914561661 4.832125024251752 4.001624994993209 0.15000242 2.6351250190734863 0.11992103 3.812 0.452 0.081 0.073 0.935 5000.3 4.6145 16.720827 1.394993 17.358297 15.963304 "" "" 1354.58704 1637.01318 3860.25249 3.1 1556.3 12.185 3264.6 13.782 "" "" 0.002889984707098911 0.008946929 0.0059407996 0.014887729 5000.3
98.78700591205 7.67729581162 0.059 0.0559 25.5649 "" "" 3325950522871581824 1166.63879 0.8209 0.0664 33.35242931535485 6.206813292664763 -4.28337500500679 0.13900241 4.246125019073487 0.10692103 -4.473 2.063 0.07 0.06 0.972 5022.7 4.683 16.723776 1.390375 17.35589 15.965515 "" "" 1080.24402 1273.53381 3849.78614 2.874 1559.8 6.761 3258.0 15.218 "" "" 0.002872066242775885 0.0054711015 0.0063248067 0.011795908 5022.7
98.80111465926 8.19450981987 0.0606 0.0535 17.2122 "" "" 3326121286474733696 1489.69128 0.6508 0.0712 38.623704149743375 5.281732977915488 1.2806249949932098 0.15000242 -5.317874980926514 0.12092103 1.091 -7.501 0.081 0.074 1.037 4560.6 4.5213 16.7332 1.430258 17.392757 15.9625 "" "" 1373.03198 1661.56299 3816.50955 3.0655 1507.7 12.508 3267.1 9.7518 "" "" 0.0028900386314106357 0.009429607 0.004978578 0.014408184 4560.6
