Clusters/Basel_8/Basel_8_fs.tsv
# %ECSV 1.0
# ---
# datatype:
# - name: RA_ICRS_1
#   unit: deg
#   datatype: float64
#   format: '{:15.11f}'
#   description: Right ascension (ICRS) at Ep=2016.0 (ra)
#   meta: !!omap
#   - {ucd: POS_EQ_RA_MAIN}
#   - {width: 15}
#   - {precision: '11'}
# - name: DE_ICRS_1
#   unit: deg
#   datatype: float64
#   format: '{:15.11f}'
#   description: Declination (ICRS) at Ep=2016.0 (dec)
#   meta: !!omap
#   - {ucd: POS_EQ_DEC_MAIN}
#   - {width: 15}
#   - {precision: '11'}
# - name: e_RA_ICRS
#   unit: mas
#   datatype: float64
#   format: '{:7.4f}'
#   description: Standard error of right ascension (ra_error)
#   meta: !!omap
#   - {ucd: ERROR}
#   - {width: 7}
#   - {precision: '4'}
# - name: e_DE_ICRS
#   unit: mas
#   datatype: float64
#   format: '{:7.4f}'
#   description: Standard error of declination (dec_error)
#   meta: !!omap
#   - {ucd: ERROR}
#   - {width: 7}
#   - {precision: '4'}
# - name: _r_1
#   unit: ''
#   datatype: float64
#   format: '{:7.4f}'
#   description: Distance from center (098.55820660000+08.03809416000)[ICRS], at Epoch=J2016.0
#   meta: !!omap
#   - {ucd: POS_ANG_DIST_GENERAL}
#   - {width: 7}
#   - {precision: '4'}
# - name: HIP
#   datatype: int32
#   description: '? HIP cross-id number, van Leeuwen, Cat. I/311 (hip_original_ext_source_id)'
#   meta: !!omap
#   - {ucd: ID_NUMBER}
#   - {width: 6}
#   - values: {'null': -2147483648}
# - name: TYC2
#   datatype: string
#   description: Tycho-2 cross-id name, Hog et al., Cat. I/259 (tyc2_original_ext_source_id)
#   meta: !!omap
#   - {ucd: ID_CROSSID}
#   - {_votable_string_dtype: char}
# - name: Source
#   datatype: int64
#   description: Source identifier, identical to the Gaia-EDR3 source_id (id)
#   meta: !!omap
#   - {ucd: ID_MAIN}
#   - {width: 19}
# - name: rgeo
#   unit: pc
#   datatype: float64
#   format: '{:15.8f}'
#   description: '? Median of the geometric distance posterior (r_med_geo)'
#   meta: !!omap
#   - {ucd: PHYS_DISTANCE_TRUE}
#   - {width: 15}
#   - {precision: '8'}
#   - values: {'null': .nan}
# - name: Plx
#   unit: mas
#   datatype: float64
#   format: '{:9.4f}'
#   description: '? Parallax (parallax)'
#   meta: !!omap
#   - {ucd: POS_PARLX_TRIG}
#   - {width: 9}
#   - {precision: '4'}
#   - values: {'null': .nan}
# - name: e_Plx
#   unit: mas
#   datatype: float32
#   format: '{:7.4f}'
#   description: '? Standard error of parallax (parallax_error)'
#   meta: !!omap
#   - {ucd: ERROR}
#   - {width: 7}
#   - {precision: '4'}
#   - values: {'null': .nan}
# - name: v_pec
#   unit: km / s
#   datatype: float64
#   format: '{:9.3f}'
#   description: '? Proper motion in right ascension direction, pmRA*cosDE (pmra)'
#   meta: !!omap
#   - {ucd: POS_EQ_PMRA}
#   - {width: 9}
#   - {precision: '3'}
#   - values: {'null': .nan}
# - name: "\xB5_pec"
#   unit: mas / yr
#   datatype: float64
#   format: '{:9.3f}'
#   description: '? Proper motion in right ascension direction, pmRA*cosDE (pmra)'
#   meta: !!omap
#   - {ucd: POS_EQ_PMRA}
#   - {width: 9}
#   - {precision: '3'}
#   - values: {'null': .nan}
# - name: rmRA
#   unit: mas / yr
#   datatype: float64
#   format: '{:9.3f}'
#   description: '? Proper motion in right ascension direction, pmRA*cosDE (pmra)'
#   meta: !!omap
#   - {ucd: POS_EQ_PMRA}
#   - {width: 9}
#   - {precision: '3'}
#   - values: {'null': .nan}
[...]
#   description: RAVE DR6 cross-id name, Steinmetz et al., Cat. III/283 (rave6_original_ext_source_id)
#   meta: !!omap
#   - {ucd: ID_CROSSID}
#   - {_votable_string_dtype: char}
# - name: e_Gmag
#   unit: ''
#   datatype: float64
#   format: '{:11.4g}'
#   description: '? Error on G-band mean flux (phot_g_mean_flux_error)'
#   meta: !!omap
#   - {ucd: ERROR}
#   - {width: 11}
#   - {precision: E4}
#   - values: {'null': .nan}
# - name: e_BPmag
#   unit: ''
#   datatype: float32
#   format: '{:11.4g}'
#   description: '? Error on the integrated BP mean flux (phot_bp_mean_flux_error)'
#   meta: !!omap
#   - {ucd: ERROR}
#   - {width: 11}
#   - {precision: E4}
#   - values: {'null': .nan}
# - name: e_RPmag
#   unit: ''
#   datatype: float32
#   format: '{:11.4g}'
#   description: '? Error on the integrated RP mean flux (phot_rp_mean_flux_error)'
#   meta: !!omap
#   - {ucd: ERROR}
#   - {width: 11}
#   - {precision: E4}
#   - values: {'null': .nan}
# - name: e_BP-RP
#   unit: ''
#   datatype: float32
#   format: '{:11.4g}'
#   description: '? Error on the integrated BP mean flux (phot_bp_mean_flux_error)'
#   meta: !!omap
#   - {ucd: ERROR}
#   - {width: 11}
#   - {precision: E4}
#   - values: {'null': .nan}
# meta: !!omap
# - {ID: I_352_gedr3dis}
# - {name: I/352/gedr3dis}
# - {description: Estimating distances from parallaxes (1467744818 sources)}
# schema: astropy-2.0
RA_ICRS_1 DE_ICRS_1 e_RA_ICRS e_DE_ICRS _r_1 HIP TYC2 Source rgeo Plx e_Plx v_pec µ_pec rmRA e_rmRA rmDE e_rmDE pmRA pmDE e_pmRA e_pmDE RUWE Teff logg Gmag BP-RP BPmag RPmag RV e_RV b_rgeo B_rgeo FG e_FG FBP e_FBP FRP e_FRP RAVE5 RAVE6 e_Gmag e_BPmag e_RPmag e_BP-RP
[from data line 826]
98.63212298562 8.1343894056 0.0555 0.0479 7.2569 "" "" 3326029515909310720 1332.46643 0.7228 0.0591 30.97405823789537 4.904147148077839 4.787 0.13100241 1.0655000000000001 0.09792103 4.669 -1.294 0.062 0.051 1.1 5395.3 4.6452 16.24296 1.168744 16.746382 15.577638 "" "" 1242.9353 1448.21216 5994.63766 3.796 2734.4 10.303 4657.0 11.338 "" "" 0.002839802451146497 0.0049518747 0.004612052 0.009563927
98.13570869844 8.24094692607 0.0441 0.0421 27.8903 "" "" 3326228699312973184 1525.99231 0.6259 0.0488 43.98495273199409 6.080978149113842 0.6829999999999999 0.12000241 6.0425 0.09292103 0.565 3.683 0.051 0.046 0.977 5464.0 4.609 16.248985 1.125916 16.724766 15.598849 "" "" 1428.85864 1642.15857 5961.4649 3.5198 2789.4 15.411 4566.9 10.552 "" "" 0.002828909602433544 0.0066156886 0.0045361854 0.011151874
98.79152843353 8.31612516799 0.0566 0.0492 21.6864 "" "" 3326127677386222848 1528.99011 0.6423 0.0637 31.72845556583006 4.377900781196394 3.975 0.14000241 1.8345000000000002 0.11292103 3.857 -0.525 0.071 0.066 1.141 5351.8 4.5615 16.251602 1.335961 16.842598 15.506637 "" "" 1372.22339 1708.1322 5947.10363 3.7274 2502.5 22.51 4971.7 19.178 "" "" 0.002838108984488238 0.0101569565 0.0056413086 0.015798265
98.98543018951 7.81821745466 0.045 0.041 28.6114 "" "" 3325959039787358720 1171.25073 0.8204 0.0481 27.979731745967364 5.0398235336170245 -4.138999999999999 0.12600242 2.8755 0.09592103 -4.257 0.516 0.057 0.049 1.052 5330.4 4.5899 16.252165 1.313631 16.833162 15.519531 "" "" 1104.36584 1248.70203 5944.02901 3.7869 2524.4 12.528 4913.0 13.713 "" "" 0.002840820142108316 0.006067809 0.004844324 0.010912133
97.93142950376 7.89604008889 0.0445 0.0444 38.2065 "" "" 3326004742537841280 1648.45544 0.5949 0.0538 43.207394367248405 5.529712130843702 -2.274 0.1290024 5.0405 0.09592103 -2.392 2.681 0.06 0.049 0.95 5155.8 4.3803 16.262146 1.241054 16.798204 15.55715 "" "" 1511.16296 1821.65076 5889.63123 3.4282 2607.0 13.574 4745.7 16.778 "" "" 0.002826868643199254 0.0063042245 0.005386835 0.01169106
98.46496293679 7.61294500584 0.0438 0.0446 26.1041 "" "" 3325938080349201152 1455.66638 0.675 0.0534 51.50196859806529 7.4642063375820475 6.738 0.12200241 3.2115 0.09192103 6.62 0.852 0.053 0.045 0.99 5565.7 4.6024 16.26379 1.200134 16.788517 15.588383 "" "" 1346.97705 1575.6908 5880.71908 3.4514 2630.3 13.981 4611.1 10.608 "" "" 0.0028280449649106783 0.006410182 0.004530188 0.01094037
98.35611693332 8.52587573314 0.0474 0.0426 31.6311 "" "" 3326335455020150784 1354.6366 0.7134 0.05 56.102793253313415 8.73742251753914 -8.719999999999999 0.12700242 -0.5514999999999999 0.09492104 -8.838 -2.911 0.058 0.048 0.975 5369.3 4.679 16.266182 1.121695 16.744965 15.623269 "" "" 1268.88977 1475.43164 5867.77845 3.4384 2738.0 13.038 4465.3 11.024 "" "" 0.0028278197798480764 0.0058749756 0.004633434 0.01050841
98.03367873355 8.27906837283 0.0456 0.0422 34.3448 "" "" 3326231207573905280 1698.22644 0.5705 0.0527 36.66401747062873 4.554766431991876 1.145 0.12400241 -4.4085 0.096921034 1.027 -6.768 0.055 0.05 1.0 5169.7 4.6324 16.270462 1.143072 16.76055 15.617477 "" "" 1556.45618 1856.6637 5844.69311 3.3998 2699.0 14.947 4489.2 15.379 "" "" 0.0028267755334552974 0.0066286195 0.0053026723 0.011931292
98.27784132862 7.62296023969 0.044 0.0439 29.9689 "" "" 3325940485530898048 1535.79749 0.6272 0.0544 103.29382569882652 14.189335828360678 13.239 0.12600242 -5.105499999999999 0.096921034 13.121 -7.465 0.057 0.05 1.085 5647.8 4.64 16.270899 1.099176 16.72993 15.630755 "" "" 1437.68286 1670.38196 5842.34832 3.3143 2776.2 26.12 4434.6 9.4874 "" "" 0.0028233233067689193 0.010589396 0.004436131 0.015025526
98.60475423689 7.55990762763 0.0466 0.0458 28.8243 "" "" 3325924993586077312 1417.02539 0.6981 0.0587 36.48805735903322 5.4324378735518 5.175000000000001 0.11900242 -1.6524999999999994 0.089921035 5.057 -4.012 0.05 0.043 1.008 4824.2 4.3725 16.271162 1.485529 16.941881 15.456352 "" "" 1269.44934 1572.4502 5840.92829 8.2605 2283.8 17.894 5207.4 20.752 "" "" 0.003154288832539247 0.00895283 0.0057449653 0.014697796
99.2151098259 7.82968592632 0.0426 0.0405 40.9907 "" "" 3133896043709838464 1679.22827 0.5802 0.0528 28.840471240607307 3.623383260158936 -1.88 0.12500241 3.0975 0.09192103 -1.998 0.738 0.056 0.045 1.005 5452.9 4.5251 16.271803 1.220778 16.81093 15.590153 "" "" 1527.24792 1893.76599 5837.48615 3.6448 2576.6 15.36 4603.6 14.959 "" "" 0.0028374903663996942 0.007048235 0.0051701595 0.012218394
98.04713008745 8.51601070182 0.0435 0.0419 41.7502 "" "" 3326256358902251520 1367.55945 0.7037 0.0473 27.529502876200567 4.246917382054895 4.151000000000001 0.12000241 -0.8975 0.09292103 4.033 -3.257 0.051 0.046 0.968 5334.5 4.5989 16.273863 1.160791 16.773575 15.612783 "" "" 1298.42957 1473.51978 5826.42073 3.1077 2666.8 10.51 4508.6 11.422 "" "" 0.0028155210124921524 0.005108268 0.004674338 0.009782606
98.5659423558 7.7307223815 0.0435 0.0454 18.448 "" "" 3325962720578756608 1453.2981 0.6743 0.0549 47.81711844003534 6.941452459680178 -1.5659999999999998 0.12200241 6.762499999999999 0.09092103 -1.684 4.403 0.053 0.044 0.949 4765.0 4.3807 16.27863 1.156494 16.782509 15.626015 "" "" 1329.48364 1581.61536 5800.89912 3.7664 2644.9 14.828 4454.0 19.87 "" "" 0.0028440705594696253 0.006695943 0.006143662 0.012839605
98.30684733081 8.58822397513 0.0455 0.0417 36.2245 "" "" 3326348683519411200 1347.07678 0.7219 0.052 44.73811200564587 7.0065941262499285 -0.811 0.12600242 -6.9595 0.09292103 -0.929 -9.319 0.057 0.046 1.008 5051.7 4.5998 16.279562 1.249033 16.832191 15.583158 "" "" 1256.99512 1437.36865 5795.91593 3.7778 2526.6 14.807 4633.3 9.2478 "" "" 0.002844751348276373 0.00694777 0.0043565934 0.011304364
99.08982555412 7.88957682052 0.0453 0.0417 32.8223 "" "" 3326050681508252800 1625.77893 0.5994 0.0505 28.19048028234841 3.65815954408771 -0.44899999999999995 0.12700242 -3.6305 0.09592103 -0.567 -5.99 0.058 0.049 0.969 6018.1 4.4409 16.279743 1.398287 16.915241 15.516954 "" "" 1505.46802 1753.65234 5794.95068 3.7061 2340.6 11.535 4924.7 14.733 "" "" 0.0028414680558612273 0.006034532 0.004983391 0.011017923
98.87080950828 8.1736417477 0.0474 0.0423 20.2717 "" "" 3326121703086877056 1726.94495 0.5526 0.054 29.76237313603341 3.6358898841961644 3.417 0.13300242 -1.2424999999999997 0.10592103 3.299 -3.602 0.064 0.059 1.056 4816.0 4.3459 16.28027 1.267859 16.828606 15.560746 "" "" 1597.70886 1870.16443 5792.1397 3.6745 2535.0 19.037 4730.0 18.723 "" "" 0.002840108066983069 0.008617706 0.0057231253 0.014340831
98.46008940272 8.38741058558 0.0476 0.0424 21.7538 "" "" 3326142903045036800 1680.71338 0.5839 0.0538 61.62126641542913 7.7349697640003745 7.4750000000000005 0.12700242 1.9885000000000002 0.09492104 7.357 -0.371 0.058 0.048 0.99 5005.9 4.4907 16.28032 1.133057 16.755732 15.622675 "" "" 1522.85413 1880.84534 5791.87115 3.4612 2711.0 19.921 4467.7 15.02 "" "" 0.002830684030973191 0.008452042 0.0052542645 0.013706306
98.16302800355 8.61623677535 0.0474 0.0441 41.8772 "" "" 3326258691074808960 1393.94202 0.6964 0.0481 22.851747593583564 3.458568381570617 0.33299999999999996 0.1280024 -3.4424999999999994 0.096921034 0.215 -5.802 0.059 0.05 1.031 6005.7 4.4899 16.280746 1.223778 16.754896 15.531118 "" "" 1307.48621 1501.12292 5789.59275 3.5575 2713.1 17.472 4860.8 78.134 "" "" 0.0028349380535526167 0.00752815 0.017856989 0.02538514
98.6279079168 7.78816681292 0.0519 0.0554 15.5572 "" "" 3325964747803278080 1341.05652 0.7159 0.0648 19.151029432471603 3.012775008194273 -0.619 0.13400242 2.9485 0.09992103 -0.737 0.589 0.065 0.053 1.034 5121.2 4.6256 16.284014 1.280261 16.855238 15.574977 "" "" 1229.79053 1456.14221 5772.19722 3.3921 2473.6 10.553 4668.4 11.515 "" "" 0.0028282312031885568 0.005407466 0.004632033 0.010039499
98.15692429814 8.39543875818 0.0454 0.0403 32.0556 "" "" 3326239522630463360 1209.00159 0.7966 0.0496 38.96967957182946 6.800198986059159 -6.484 0.12300241 2.0495 0.09292103 -6.602 -0.31 0.054 0.046 0.96 4988.6 4.6581 16.28641 1.216619 16.8222 15.605582 "" "" 1158.97327 1281.03955 5759.48014 3.345 2550.0 16.266 4538.6 14.949 "" "" 0.0028265553184992228 0.007466635 0.0052031246 0.01266976
98.2434454008 8.06399304231 0.0421 0.0402 18.764 "" "" 3326033604717959936 1521.078 0.6492 0.0534 37.081152550658494 5.143081396400411 3.1959999999999997 0.12000241 4.0295000000000005 0.09292103 3.078 1.67 0.051 0.046 0.929 5721.2 4.6117 16.290085 1.143177 16.778522 15.635345 "" "" 1405.31299 1650.30664 5740.01402 3.1239 2654.7 10.107 4415.9 11.926 "" "" 0.0028179679394450875 0.004987174 0.0047834897 0.009770663
98.0907401375 7.6403152756 0.0469 0.0404 36.6288 "" "" 3325985294926551936 1578.22314 0.6163 0.0522 24.077933537893276 3.21864043502843 2.134 0.13600242 -2.4095 0.10192104 2.016 -4.769 0.067 0.055 0.964 5213.7 4.388 16.291506 1.145612 16.782719 15.637107 "" "" 1449.33325 1714.7605 5732.50646 3.4968 2644.4 11.326 4408.8 13.315 "" "" 0.0028337999472349707 0.0054230634 0.0050035734 0.010426637
98.5829368734 7.61335568202 0.0431 0.0412 25.5267 "" "" 3325937496232060160 1188.15283 0.8159 0.0501 22.65039202723443 4.021842643614988 -3.9739999999999998 0.11900242 0.6185 0.08892103 -4.092 -1.741 0.05 0.042 0.986 5582.9 4.6045 16.292479 1.248375 16.831984 15.583609 "" "" 1112.98218 1268.07239 5727.37292 3.056 2527.1 13.55 4631.4 14.186 "" "" 0.002815565079722256 0.0064556864 0.005034227 0.011489913
98.79997658683 8.29276491809 0.0552 0.0467 20.9683 "" "" 3326126479090488576 1342.88367 0.7204 0.0586 37.022467442451465 5.81632446223558 -1.13 0.14300242 5.705500000000001 0.108921036 -1.248 3.346 0.074 0.062 1.075 5028.5 4.4774 16.293736 1.147694 16.792343 15.644649 "" "" 1238.75586 1487.10791 5720.74158 4.1767 2621.1 17.429 4378.2 13.323 "" "" 0.0028670807970160766 0.0077400054 0.005019928 0.012759933
98.75263042139 8.22455352683 0.0486 0.0435 16.0786 "" "" 3326124486225708416 1418.78857 0.6964 0.0567 24.863566741155896 3.6971528572673327 3.677 0.1350024 0.3855000000000002 0.100921035 3.559 -1.974 0.066 0.054 1.011 5429.6 4.6229 16.295574 1.198397 16.817015 15.618618 "" "" 1312.45093 1535.47754 5711.05997 4.0915 2562.2 16.229 4484.5 12.381 "" "" 0.0028630096143906804 0.0074215266 0.004823797 0.0122453235
99.14900540095 8.22727211889 0.0441 0.0423 36.8815 "" "" 3326077615244913152 1353.30676 0.7053 0.0513 79.55367729870645 12.401826931948372 2.931 0.12200241 -12.0505 0.09092103 2.813 -14.41 0.053 0.044 1.092 5359.0 4.5704 16.301353 1.291982 16.875954 15.583972 "" "" 1272.31079 1455.99194 5680.74371 3.9423 2426.8 13.75 4629.9 11.111 "" "" 0.002856486271304547 0.006754857 0.004590514 0.011345372
98.81274212555 8.6398931027 0.0414 0.0405 39.1422 "" "" 3326154203102943232 1279.50134 0.7561 0.05 27.32734922649546 4.505867535780429 1.0 0.11900242 4.3934999999999995 0.09092103 0.882 2.034 0.05 0.044 0.953 5117.3 4.5597 16.305784 1.148313 16.801098 15.652784 "" "" 1189.12476 1368.57117 5657.60974 4.3664 2600.0 16.226 4345.5 15.701 "" "" 0.0028799199471214046 0.0073278174 0.0054473113 0.012775129
98.24046805793 8.21101486597 0.0437 0.0461 21.5368 "" "" 3326040098708483712 1251.39014 0.7691 0.0581 44.835284867942256 7.5587305316435245 2.885 0.12300241 6.9864999999999995 0.09592103 2.767 4.627 0.054 0.049 0.954 5232.3 4.6944 16.306482 1.183924 16.805252 15.621328 "" "" 1175.58618 1343.80786 5653.97699 3.2605 2590.1 10.221 4473.3 13.49 "" "" 0.002825563665146184 0.0051129316 0.005000426 0.010113358
98.8080131194 7.44267271793 0.0708 0.0762 38.6894 "" "" 3133766129539453056 1680.03015 0.5664 0.0974 21.388832322822633 2.685911251326074 0.523 0.15300241 -2.6344999999999996 0.11892103 0.405 -4.994 0.084 0.072 1.708 7481.5 4.3111 16.307518 1.656813 17.055265 15.398453 "" "" 1459.97339 1935.8822 5648.58771 13.276 2057.4 17.799 5492.6 31.961 "" "" 0.003755479145674442 0.009798583 0.0073619615 0.017160544
98.9826695778 8.0959599891 0.3005 0.3075 25.4537 "" "" 3326070335276667392 1325.95581 0.7648 0.0789 36.84458602214608 5.862276371001285 4.518000000000001 0.2950024 -3.7354999999999996 0.27892104 4.4 -6.095 0.226 0.232 0.886 "" "" 16.308352 "" "" "" "" "" 1191.04846 1456.12366 5644.25278 4.8717 "" "" "" "" "" "" 0.002910325762732561 "" "" ""
98.91404304115 8.16047725123 0.0446 0.0403 22.3764 "" "" 3326074664605040896 1482.43677 0.6567 0.0511 34.0321528748207 4.843227875084962 -0.39 0.1290024 4.827500000000001 0.100921035 -0.508 2.468 0.06 0.054 0.994 5571.3 4.6842 16.3084 1.135382 16.798643 15.663261 "" "" 1375.76514 1599.5835 5644.00016 3.3975 2605.9 23.589 4303.8 16.102 "" "" 0.0028317754660561892 0.010216629 0.005548377 0.015765006
98.69593599405 7.57613427801 0.057 0.0478 28.9015 "" "" 3325947975959757568 1654.00244 0.5914 0.0669 19.222007126463932 2.4517955155355025 -0.591 0.13600242 2.3795 0.09992103 -0.709 0.02 0.067 0.053 1.054 "" "" 16.310867 1.152166 16.713701 15.561535 "" "" 1519.66052 1827.21155 5631.18313 4.8723 2818.0 133.21 4726.5 81.101 "" "" 0.0029110642006342055 0.05139975 0.019009402 0.07040915
98.02629708858 7.67058580129 0.0517 0.0443 38.5453 "" "" 3325984916969449216 1594.90869 0.6062 0.0544 95.54322030557779 12.638214124234484 6.28 0.1420024 -10.9675 0.10392103 6.162 -13.327 0.073 0.057 1.154 5585.5 4.5739 16.310871 1.359539 16.915564 15.556025 "" "" 1466.98035 1782.25659 5631.16915 3.3603 2339.9 10.884 4750.6 19.482 "" "" 0.002830469171109199 0.0057697822 0.005840289 0.011610071
98.61555577754 7.84995748517 0.0456 0.0464 11.7914 "" "" 3325968213838579968 1508.29712 0.6368 0.0584 25.89972869198564 3.6226799817262356 -0.9980000000000001 0.12500241 3.4825 0.09292103 -1.116 1.123 0.056 0.046 0.975 5393.0 4.634 16.312017 1.292079 16.883133 15.591054 "" "" 1395.35571 1618.62195 5625.22424 3.1598 2410.8 13.327 4599.8 12.31 "" "" 0.0028220103556455063 0.0066188346 0.0047672354 0.01138607
98.56489052761 7.70457125681 0.0506 0.0518 20.0153 "" "" 3325962510121688960 1729.66846 0.5701 0.0581 53.87287922576543 6.570962353415213 -6.484 0.13300242 1.0655000000000001 0.09992103 -6.602 -1.294 0.064 0.053 1.003 5296.1 4.5794 16.31469 1.288969 16.884748 15.595779 "" "" 1542.4082 1896.51318 5611.39561 3.666 2407.2 14.961 4579.8 13.558 "" "" 0.0028451595228753644 0.00730206 0.0049613337 0.012263393
98.74990098495 8.35496071575 0.0519 0.0499 22.1598 "" "" 3326139772014166912 1469.44946 0.6565 0.0507 37.36895507174209 5.36510169987485 -3.9520000000000004 0.14800242 3.6285 0.11792104 -4.07 1.269 0.079 0.071 0.992 5713.0 4.5483 16.315874 1.311655 16.89442 15.582766 "" "" 1386.43896 1574.9519 5605.2748 4.6026 2385.9 15.096 4635.0 20.266 "" "" 0.0028959619665088372 0.0074146474 0.0060679624 0.01348261
99.14270013726 7.7716070406 0.0447 0.041 38.2396 "" "" 3133801623149027584 1464.83862 0.6511 0.052 29.949749815081137 4.313453054108738 1.9889999999999999 0.12400241 -3.8275 0.09592103 1.871 -6.187 0.055 0.049 0.952 5389.9 4.6149 16.316763 1.196392 16.842712 15.64632 "" "" 1354.39478 1583.0376 5600.69364 3.5842 2502.3 14.438 4371.5 18.812 "" "" 0.0028415787116157234 0.006857843 0.006009486 0.01286733
98.26795994254 8.54822667968 0.0455 0.0417 35.1256 "" "" 3326348133763640064 1701.6145 0.5488 0.0524 39.307026802429526 4.873384475905836 -1.504 0.12600242 4.6355 0.09292103 -1.622 2.276 0.057 0.046 0.967 5707.2 4.6354 16.318329 0.966552 16.710196 15.743644 "" "" 1568.58655 1898.51184 5592.62023 3.3969 2827.1 14.103 3996.7 11.954 "" "" 0.002833140207057863 0.00609264 0.004982905 0.011075545
