Clusters/Basel_8/Basel_8_nsfs.tsv
# %ECSV 1.0
# ---
# datatype:
# - name: RA_ICRS_1
#   unit: deg
#   datatype: float64
#   format: '{:15.11f}'
#   description: Right ascension (ICRS) at Ep=2016.0 (ra)
#   meta: !!omap
#   - {ucd: POS_EQ_RA_MAIN}
#   - {width: 15}
#   - {precision: '11'}
# - name: DE_ICRS_1
#   unit: deg
#   datatype: float64
#   format: '{:15.11f}'
#   description: Declination (ICRS) at Ep=2016.0 (dec)
#   meta: !!omap
#   - {ucd: POS_EQ_DEC_MAIN}
#   - {width: 15}
#   - {precision: '11'}
# - name: e_RA_ICRS
#   unit: mas
#   datatype: float64
#   format: '{:7.4f}'
#   description: Standard error of right ascension (ra_error)
#   meta: !!omap
#   - {ucd: ERROR}
#   - {width: 7}
#   - {precision: '4'}
# - name: e_DE_ICRS
#   unit: mas
#   datatype: float64
#   format: '{:7.4f}'
#   description: Standard error of declination (dec_error)
#   meta: !!omap
#   - {ucd: ERROR}
#   - {width: 7}
#   - {precision: '4'}
# - name: _r_1
#   unit: ''
#   datatype: float64
#   format: '{:7.4f}'
#   description: Distance from center (098.55820660000+08.03809416000)[ICRS], at Epoch=J2016.0
#   meta: !!omap
#   - {ucd: POS_ANG_DIST_GENERAL}
#   - {width: 7}
#   - {precision: '4'}
# - name: HIP
#   datatype: int32
#   description: '? HIP cross-id number, van Leeuwen, Cat. I/311 (hip_original_ext_source_id)'
#   meta: !!omap
#   - {ucd: ID_NUMBER}
#   - {width: 6}
#   - values: {'null': -2147483648}
# - name: TYC2
#   datatype: string
#   description: Tycho-2 cross-id name, Hog et al., Cat. I/259 (tyc2_original_ext_source_id)
#   meta: !!omap
#   - {ucd: ID_CROSSID}
#   - {_votable_string_dtype: char}
# - name: Source
#   datatype: int64
#   description: Source identifier, identical to the Gaia-EDR3 source_id (id)
#   meta: !!omap
#   - {ucd: ID_MAIN}
#   - {width: 19}
# - name: rgeo
#   unit: pc
#   datatype: float64
#   format: '{:15.8f}'
#   description: '? Median of the geometric distance posterior (r_med_geo)'
#   meta: !!omap
#   - {ucd: PHYS_DISTANCE_TRUE}
#   - {width: 15}
#   - {precision: '8'}
#   - values: {'null': .nan}
# - name: Plx
#   unit: mas
#   datatype: float64
#   format: '{:9.4f}'
#   description: '? Parallax (parallax)'
#   meta: !!omap
#   - {ucd: POS_PARLX_TRIG}
#   - {width: 9}
#   - {precision: '4'}
#   - values: {'null': .nan}
# - name: e_Plx
#   unit: mas
#   datatype: float32
#   format: '{:7.4f}'
#   description: '? Standard error of parallax (parallax_error)'
#   meta: !!omap
#   - {ucd: ERROR}
#   - {width: 7}
#   - {precision: '4'}
#   - values: {'null': .nan}
# - name: v_pec
#   unit: km / s
#   datatype: float64
#   format: '{:9.3f}'
#   description: '? Proper motion in right ascension direction, pmRA*cosDE (pmra)'
#   meta: !!omap
#   - {ucd: POS_EQ_PMRA}
#   - {width: 9}
#   - {precision: '3'}
#   - values: {'null': .nan}
# - name: "\xB5_pec"
#   unit: mas / yr
#   datatype: float64
#   format: '{:9.3f}'
#   description: '? Proper motion in right ascension direction, pmRA*cosDE (pmra)'
#   meta: !!omap
#   - {ucd: POS_EQ_PMRA}
#   - {width: 9}
#   - {precision: '3'}
#   - values: {'null': .nan}
# - name: rmRA
#   unit: mas / yr
#   datatype: float64
#   format: '{:9.3f}'
#   description: '? Proper motion in right ascension direction, pmRA*cosDE (pmra)'
#   meta: !!omap
#   - {ucd: POS_EQ_PMRA}
#   - {width: 9}
#   - {precision: '3'}
#   - values: {'null': .nan}
[...]
#   description: RAVE DR6 cross-id name, Steinmetz et al., Cat. III/283 (rave6_original_ext_source_id)
#   meta: !!omap
#   - {ucd: ID_CROSSID}
#   - {_votable_string_dtype: char}
# - name: e_Gmag
#   unit: ''
#   datatype: float64
#   format: '{:11.4g}'
#   description: '? Error on G-band mean flux (phot_g_mean_flux_error)'
#   meta: !!omap
#   - {ucd: ERROR}
#   - {width: 11}
#   - {precision: E4}
#   - values: {'null': .nan}
# - name: e_BPmag
#   unit: ''
#   datatype: float32
#   format: '{:11.4g}'
#   description: '? Error on the integrated BP mean flux (phot_bp_mean_flux_error)'
#   meta: !!omap
#   - {ucd: ERROR}
#   - {width: 11}
#   - {precision: E4}
#   - values: {'null': .nan}
# - name: e_RPmag
#   unit: ''
#   datatype: float32
#   format: '{:11.4g}'
#   description: '? Error on the integrated RP mean flux (phot_rp_mean_flux_error)'
#   meta: !!omap
#   - {ucd: ERROR}
#   - {width: 11}
#   - {precision: E4}
#   - values: {'null': .nan}
# - name: e_BP-RP
#   unit: ''
#   datatype: float32
#   format: '{:11.4g}'
#   description: '? Error on the integrated BP mean flux (phot_bp_mean_flux_error)'
#   meta: !!omap
#   - {ucd: ERROR}
#   - {width: 11}
#   - {precision: E4}
#   - values: {'null': .nan}
# meta: !!omap
# - {ID: I_352_gedr3dis}
# - {name: I/352/gedr3dis}
# - {description: Estimating distances from parallaxes (1467744818 sources)}
# schema: astropy-2.0
RA_ICRS_1 DE_ICRS_1 e_RA_ICRS e_DE_ICRS _r_1 HIP TYC2 Source rgeo Plx e_Plx v_pec µ_pec rmRA e_rmRA rmDE e_rmDE pmRA pmDE e_pmRA e_pmDE RUWE Teff logg Gmag BP-RP BPmag RPmag RV e_RV b_rgeo B_rgeo FG e_FG FBP e_FBP FRP e_FRP RAVE5 RAVE6 e_Gmag e_BPmag e_RPmag e_BP-RP
[from data line 547]
98.77621439571 8.13052369818 0.0845 0.079 14.088 "" "" 3326119813298832512 1429.23047 0.6967 0.0798 12.28251063531537 1.8130364723303278 0.943 0.15200241 -1.5484999999999998 0.12492104 0.825 -3.908 0.083 0.078 0.964 4865.8 4.7243 16.661413 1.280359 17.238182 15.957823 "" "" 1265.84106 1621.68005 4077.3811 5.3224 1738.4 12.815 3281.2 13.877 "" "" 0.0030984551719671267 0.008476142 0.0059471643 0.014423306
98.32498854599 8.29361624124 0.0614 0.0613 20.6617 "" "" 3326234471748895360 1642.03809 0.6186 0.081 12.094736739121034 1.5539421643034212 -0.786 0.14600241 1.3405000000000002 0.10692103 -0.904 -1.019 0.077 0.06 1.127 5195.2 4.7568 16.666075 1.096315 17.134813 16.038498 "" "" 1469.35498 1930.75854 4059.91145 2.8737 1912.0 14.605 3046.2 10.193 "" "" 0.002860488779497884 0.00875027 0.005242382 0.013992652
98.2918585762 7.75882382532 0.0592 0.0627 23.0507 "" "" 3325990861203983744 1708.62292 0.5907 0.0827 14.039332650991645 1.7334922122697871 -1.315 0.13700241 1.1295000000000002 0.10592103 -1.433 -1.23 0.068 0.059 0.962 4917.9 4.6506 16.67719 1.124912 17.136961 16.012049 "" "" 1515.82227 2028.20007 4018.5581 3.005 1908.2 19.785 3121.3 14.642 "" "" 0.0028724482440435632 0.01159798 0.0063422574 0.017940238
98.88863454126 7.65176792513 0.0577 0.057 30.3813 "" "" 3325947396135367936 1536.01758 0.6223 0.069 16.7323888815503 2.2981767229697545 -2.298 0.14000241 -0.028499999999999748 0.107921034 -2.416 -2.388 0.071 0.061 0.961 4688.6 4.3622 16.681026 1.506029 17.379396 15.873367 "" "" 1388.73792 1691.72144 4004.39046 3.4211 1526.4 8.4877 3546.6 11.175 "" "" 0.002907267268601387 0.0066509084 0.0050977757 0.011748685
98.63601900087 8.36701248201 0.0565 0.0523 20.2689 "" "" 3326140394784556544 1404.7428 0.6884 0.0659 11.507724121107056 1.728280720832122 0.868 0.14800242 -1.4945 0.11392103 0.75 -3.854 0.079 0.067 1.051 5005.6 4.6648 16.686697 1.204576 17.206032 16.001455 "" "" 1299.79395 1543.46997 3983.52825 3.4477 1790.6 11.042 3151.9 10.961 "" "" 0.002911153009944343 0.0072534676 0.0053422786 0.012595747
98.88686314965 8.27222622856 0.055 0.0551 24.0494 "" "" 3326123485498091264 1578.35669 0.6122 0.0705 12.523314489238059 1.6739242067668416 0.59 0.13900241 -1.5665 0.10592103 0.472 -3.926 0.07 0.059 0.963 4888.8 4.7081 16.688513 1.229666 17.232153 16.002487 "" "" 1392.76709 1796.30444 3976.87486 3.841 1748.1 11.849 3148.9 13.676 "" "" 0.002948124275819291 0.007870524 0.006043123 0.013913647
98.98359214328 8.50020980319 0.0706 0.0608 37.5065 "" "" 3326136683932632832 1614.901 0.6316 0.0795 14.285210955143588 1.866218167846407 1.2080000000000002 0.14000241 -1.4224999999999999 0.11192103 1.09 -3.782 0.071 0.065 1.219 4595.6 4.3719 16.689142 1.438645 17.322647 15.884002 "" "" 1438.17371 1847.1637 3974.56825 3.6232 1608.3 12.744 3512.0 23.427 "" "" 0.0029276952583528744 0.009044397 0.008169275 0.017213672
98.92377991345 7.93776191823 0.0649 0.0617 22.5403 "" "" 3325973058560734336 1664.98584 0.5866 0.0643 16.855141668857186 2.1357160977058727 1.8689999999999998 0.15400241 1.0335 0.12692103 1.751 -1.326 0.085 0.08 1.244 "" "" 16.69685 1.549684 17.19736 15.647675 "" "" 1486.65857 1910.94641 3946.44851 20.399 1805.0 29.127 4366.0 58.587 "" "" 0.00625201169758645 0.017741134 0.015051622 0.032792754
98.52469468554 8.23260426139 0.0664 0.0611 11.8391 "" "" 3326042984926749952 1294.90369 0.7502 0.0741 10.650372247275095 1.7351977553005307 0.771 0.1510024 -1.5545 0.11292103 0.653 -3.914 0.082 0.066 1.063 4919.9 4.7152 16.70353 1.277674 17.238482 15.960808 "" "" 1200.39514 1409.43188 3922.2493 3.3271 1737.9 19.127 3272.2 24.421 "" "" 0.00290516990950933 0.012270835 0.008941083 0.021211918
98.26698476688 8.30416960456 0.057 0.0581 23.5375 "" "" 3326234299950226688 1380.12744 0.7162 0.0763 12.569720733648408 1.9214456146349808 -0.581 0.14000241 -1.8314999999999997 0.10192104 -0.699 -4.191 0.071 0.055 1.044 4964.6 4.5291 16.705542 1.326528 17.299465 15.972937 "" "" 1247.88696 1528.95947 3914.98753 4.1177 1643.0 14.893 3235.8 17.787 "" "" 0.002982590912423032 0.010229545 0.007064238 0.017293783
97.87199221321 8.17495613089 0.0582 0.0576 41.5804 "" "" 3326206743440320256 1402.99268 0.6934 0.0666 14.738907046723735 2.2163152415665057 -1.951 0.13600242 -1.0514999999999999 0.10592103 -2.069 -3.411 0.067 0.059 1.008 5021.4 4.6986 16.706161 1.210915 17.231018 16.020103 "" "" 1257.77795 1550.34717 3912.75185 4.0831 1749.9 14.369 3098.3 12.109 "" "" 0.002979176159725689 0.009341747 0.005682409 0.015024155
98.10614051326 8.38255385363 0.0562 0.0543 33.88 "" "" 3326239556990233728 1599.15833 0.604 0.0678 10.940752624791367 1.4433690622983435 0.928 0.13400242 -1.1054999999999997 0.10392103 0.81 -3.465 0.065 0.057 0.988 5264.0 4.7159 16.711382 1.160711 17.169077 16.008366 "" "" 1473.78027 1781.27258 3893.98255 3.1033 1852.6 20.125 3131.9 17.741 "" "" 0.002887990649586922 0.01212001 0.007218698 0.019338708
98.89028098395 8.30089583262 0.0638 0.0589 25.2507 "" "" 3326129601531554688 1584.65149 0.6049 0.0741 16.053960859609656 2.137322682703761 -1.2639999999999998 0.15000242 -1.7235 0.11292103 -1.382 -4.083 0.081 0.066 1.131 4634.9 4.3936 16.720432 1.209238 17.258188 16.04895 "" "" 1403.47437 1786.47522 3861.65972 4.1003 1706.6 14.447 3017.0 14.866 "" "" 0.002986772561192555 0.009605334 0.0065501775 0.016155511
98.47364697135 7.86592608642 0.0553 0.0596 11.4873 "" "" 3326014840003581312 1482.38037 0.6755 0.0754 13.17595818391502 1.8751853908347298 0.51 0.13300242 -1.8044999999999995 0.09992103 0.392 -4.164 0.064 0.053 0.942 4989.5 4.7111 16.728666 1.239876 17.262947 16.023071 "" "" 1331.07397 1751.36426 3832.4862 2.9907 1699.2 10.382 3089.8 14.836 "" "" 0.002882644340233658 0.007196669 0.0064390977 0.013635767
98.49986942168 8.73385858169 0.0542 0.0494 41.8892 "" "" 3326345762941744896 1320.72717 0.7307 0.0603 15.647719767139431 2.499537207164558 -2.116 0.13600242 -1.3304999999999998 0.10292104 -2.234 -3.69 0.067 0.056 1.014 5074.7 4.7138 16.729307 1.302651 17.301695 15.999043 "" "" 1238.78967 1448.63538 3830.2211 3.8696 1639.6 15.995 3158.9 17.248 "" "" 0.002965632503615464 0.010953161 0.007030504 0.017983664
99.21330192782 8.2888343013 0.0598 0.0638 41.7147 "" "" 3326079784206436096 1200.73413 0.8121 0.073 10.116059353679846 1.777404076174014 -0.46499999999999997 0.13800241 -1.7155 0.10592103 -0.583 -4.075 0.069 0.059 1.013 4759.4 4.5 16.730637 1.414396 17.374958 15.960562 "" "" 1113.19446 1327.56421 3825.53648 3.0258 1532.6 12.805 3272.9 19.394 "" "" 0.002886045624035464 0.009490819 0.0074616265 0.016952446
98.93089018888 8.61009321613 0.0596 0.0589 40.8337 "" "" 3326173513276576768 1692.21863 0.5744 0.0709 16.777637369039002 2.091683592228997 -1.2400000000000002 0.13700241 1.6845 0.10592103 -1.358 -0.675 0.068 0.059 1.012 5178.3 4.7434 16.733446 1.11322 17.184793 16.071573 "" "" 1527.69543 1912.66077 3815.64723 3.3855 1826.0 17.903 2954.8 13.633 "" "" 0.0029188714302461004 0.011004681 0.006275193 0.017279875
98.74270316302 7.63084283109 0.0596 0.0591 26.7831 "" "" 3325948766225339648 1517.95898 0.6365 0.0733 12.452170944890831 1.7306398383256987 -0.02200000000000002 0.13600242 1.7305000000000001 0.10392103 -0.14 -0.629 0.067 0.057 0.929 5156.2 4.7324 16.737328 1.280575 17.301039 16.020464 "" "" 1353.31201 1669.57788 3802.03319 3.7211 1640.6 16.268 3097.2 23.802 "" "" 0.002953127136957013 0.011121715 0.0091599235 0.020281639
99.00338440755 8.19864121235 0.057 0.058 28.1429 "" "" 3326075072626631936 1639.65759 0.5957 0.0734 12.101470425497025 1.5570646261475471 1.2120000000000002 0.1490024 0.9775000000000003 0.10592103 1.094 -1.382 0.08 0.059 1.055 4978.4 4.6438 16.737547 1.41279 17.383112 15.970322 "" "" 1454.2262 1895.68701 3801.26347 2.8768 1521.2 11.776 3243.6 8.7145 "" "" 0.0028752317509376756 0.008855984 0.0047741737 0.013630157
98.74763099602 8.54242981153 0.0712 0.0698 32.2826 "" "" 3326151179443916928 1543.31897 0.6348 0.074 11.545673325983646 1.5782842741407517 0.135 0.16400242 -1.5724999999999998 0.13492103 0.017 -3.932 0.095 0.088 1.031 5130.6 4.6799 16.737837 1.230192 17.25944 16.029247 "" "" 1397.9447 1736.12708 3800.24798 3.4146 1704.7 27.26 3072.3 14.627 "" "" 0.002922926414563663 0.017584864 0.006403393 0.023988258
97.90249091 7.82405732464 0.0531 0.0498 41.0283 "" "" 3326003196349636096 1677.43335 0.5908 0.0631 12.071629178023906 1.5182464391527486 -1.4900000000000002 0.1420024 0.2915000000000001 0.108921036 -1.608 -2.068 0.073 0.062 1.034 5672.5 4.6088 16.739166 1.553473 17.458023 15.904551 "" "" 1525.65051 1870.40735 3795.59828 2.8008 1419.7 9.722 3446.2 12.535 "" "" 0.0028694367445349506 0.007941339 0.005466245 0.013407584
98.67142491455 8.37212590373 0.0597 0.0575 21.1396 "" "" 3326140360422238592 1196.82117 0.8419 0.0664 10.940935407062709 1.928620815505215 1.4260000000000002 0.15200241 1.2985000000000002 0.12092103 1.308 -1.061 0.083 0.074 0.951 4776.5 4.7485 16.739464 1.252054 17.271078 16.019024 "" "" 1098.1217 1279.80627 3794.55761 3.1867 1686.5 14.386 3101.3 15.595 "" "" 0.0029022727148204854 0.009672596 0.006640155 0.016312752
98.45679465113 8.11112048129 0.0618 0.0581 7.4493 "" "" 3326040407946454400 1703.94116 0.5762 0.0713 14.58798024026718 1.8061849988304077 -0.40800000000000003 0.14400241 1.7595 0.108921036 -0.526 -0.6 0.075 0.062 1.061 5280.3 4.7597 16.741964 1.092443 17.20758 16.115137 "" "" 1526.12793 1888.03943 3785.83247 2.8275 1788.1 16.276 2838.6 14.201 "" "" 0.002872166931980343 0.010269121 0.006617215 0.016886337
98.57686109052 8.53603661071 0.057 0.0512 29.8971 "" "" 3326333496514940416 1721.56287 0.5611 0.0667 16.191364653527827 1.9841852862069105 1.1589999999999998 0.14500241 -1.6105 0.10992104 1.041 -3.97 0.076 0.063 0.992 4757.3 4.3937 16.742018 1.184422 17.256088 16.071667 "" "" 1543.01343 1935.59595 3785.64135 3.0064 1709.9 13.873 2954.6 9.0885 "" "" 0.002887084865284782 0.00924027 0.005043595 0.014283865
98.8008147531 7.83413112283 0.0622 0.0587 18.9107 "" "" 3325970348440555904 1493.18188 0.6659 0.0654 12.372120851448646 1.7480469816340747 0.126 0.14400241 -1.7434999999999996 0.11492103 0.008 -4.103 0.075 0.068 1.096 5520.0 4.6294 16.744097 1.483 17.41906 15.93606 "" "" 1366.60767 1631.99158 3778.39769 3.3038 1471.6 9.3434 3347.6 11.544 "" "" 0.0029142874927913184 0.007436755 0.005319961 0.012756716
98.2474258824 7.90337917596 0.0725 0.0578 20.1582 "" "" 3325996113946267904 1296.31982 0.7658 0.0798 12.539654129036666 2.040774669090147 0.597 0.14100242 -1.9514999999999998 0.107921034 0.479 -4.311 0.072 0.061 0.991 4937.6 4.7024 16.753407 1.231434 17.29755 16.066116 "" "" 1189.85559 1478.11804 3746.14021 2.8021 1645.9 11.177 2969.7 19.114 "" "" 0.0028725144916522016 0.007883314 0.0079446975 0.015828012
98.90149792656 7.95390726321 0.1025 0.0945 21.0134 "" "" 3325973127280224768 1164.97473 0.8477 0.082 16.574843611783205 3.001612275094836 -0.676 0.1950024 -2.9244999999999997 0.16692103 -0.794 -5.284 0.126 0.12 1.172 4667.8 4.3916 16.75462 1.543837 17.461105 15.917269 "" "" 1079.56641 1258.66528 3741.95585 5.5354 1415.7 18.44 3406.0 14.953 "" "" 0.003189258734183129 0.014414719 0.0060831015 0.020497821
98.06379545053 8.16415741135 0.0588 0.0561 30.327 "" "" 3326226328491101440 1690.62097 0.5873 0.0692 10.33430623619551 1.289605075207135 -0.805 0.13300242 1.0075 0.10592103 -0.923 -1.352 0.064 0.059 0.932 4908.9 4.549 16.773186 1.338598 17.376791 16.038193 "" "" 1492.79114 1993.61743 3678.51271 6.2477 1530.0 14.211 3047.1 15.462 "" "" 0.003315464104767553 0.0104634445 0.0066810977 0.017144542
98.70158015366 8.65894561809 0.0566 0.0549 38.211 "" "" 3326341949010751232 1489.71741 0.6584 0.0677 12.06476081048659 1.7085845750210902 0.739 0.14000241 -1.5404999999999998 0.11092104 0.621 -3.9 0.071 0.064 1.007 4597.4 4.4984 16.773993 1.240765 17.324999 16.084234 "" "" 1340.34888 1659.62708 3675.78233 4.4254 1604.8 10.872 2920.5 16.024 "" "" 0.0030496628047256714 0.007866929 0.0070548765 0.014921806
98.02736277411 8.34046529912 0.0623 0.059 36.3733 "" "" 3326244917109481216 1496.27063 0.6549 0.0692 15.278658070408625 2.1542530608078523 -0.508 0.1420024 -2.0935 0.11392103 -0.626 -4.453 0.073 0.067 1.105 4763.2 4.663 16.77839 1.315195 17.3681 16.052904 "" "" 1363.73145 1697.28748 3660.92426 2.5642 1542.3 10.447 3006.1 11.644 "" "" 0.002858340940039764 0.007865887 0.0056542372 0.013520124
98.81162690188 7.46965106143 0.0564 0.0601 37.286 "" "" 3133789837758917376 1715.28125 0.5591 0.0748 11.641892354441179 1.4318907954170248 -0.8989999999999999 0.13700241 1.1145 0.10592103 -1.017 -1.245 0.068 0.059 1.008 5382.9 4.6999 16.779942 1.372219 17.39033 16.01811 "" "" 1528.74207 1953.62476 3655.69599 2.7102 1511.1 16.569 3103.9 11.245 "" "" 0.0028704867364739645 0.012227541 0.0054548993 0.01768244
98.72099750982 8.50267654564 0.0556 0.0581 29.5032 "" "" 3326150462187813888 1531.36792 0.6449 0.0746 12.570064932459196 1.7317278221475798 0.913 0.14100242 -1.4714999999999998 0.11292103 0.795 -3.831 0.072 0.066 0.94 4850.1 4.6733 16.787283 1.44001 17.433962 15.993952 "" "" 1370.30127 1689.32654 3631.06151 4.9928 1451.5 18.939 3173.8 26.043 "" "" 0.0031337808621342343 0.01443871 0.009677627 0.024116337
98.72623018363 7.50713199323 0.0658 0.065 33.387 "" "" 3325921110935622528 1177.17004 0.8257 0.0806 12.68400143353016 2.2732057210028302 1.3679999999999999 0.15500242 -1.8154999999999997 0.11492103 1.25 -4.175 0.086 0.068 1.143 4207.4 4.5488 16.799583 1.440123 17.463053 16.02293 "" "" 1086.69348 1290.10596 3590.15875 4.7102 1413.2 16.625 3090.2 16.09 "" "" 0.003101753219085617 0.0130738905 0.00680017 0.01987406
98.39992186946 7.84267490205 0.0617 0.0597 15.0317 "" "" 3326015016100813568 1599.13708 0.6073 0.0738 11.813539832099636 1.558533044243849 1.1949999999999998 0.14300242 -1.0004999999999997 0.10692103 1.077 -3.36 0.074 0.06 0.978 5053.2 4.6964 16.80262 1.22751 17.342915 16.115404 "" "" 1442.64856 1804.35229 3580.12864 3.0513 1578.5 17.345 2837.9 13.725 "" "" 0.00290655809634841 0.012252298 0.006469654 0.018721953
98.73430805719 8.04944246148 0.0637 0.0577 10.4843 "" "" 3326025049143319808 1376.96936 0.7227 0.0709 10.361060334471137 1.5874555899299985 0.753 0.14700241 -1.3975 0.11392103 0.635 -3.757 0.078 0.067 1.012 4966.2 4.7046 16.808481 1.333609 17.407303 16.073694 "" "" 1231.73572 1513.26208 3560.85253 3.437 1487.6 8.806 2949.0 14.661 "" "" 0.0029478866229253335 0.0070066396 0.006589346 0.013595985
98.31790563202 8.28576709324 0.0627 0.064 20.6039 "" "" 3326234364372067840 1340.56213 0.7545 0.0837 11.177409986124964 1.759040718687319 0.732 0.14800242 -1.5995 0.10692103 0.614 -3.959 0.079 0.06 1.034 4481.5 4.6067 16.809933 1.55901 17.564184 16.005175 "" "" 1188.63562 1524.40869 3556.09677 3.0497 1287.5 23.8 3141.1 14.633 "" "" 0.002908398641282632 0.020263322 0.006314012 0.026577335
98.90960424368 8.60712407606 0.0702 0.0732 40.0109 "" "" 3326173620651362816 1327.45142 0.7596 0.0782 14.840320538538638 2.3585566030943586 -0.673 0.14700241 -2.2605 0.11892103 -0.791 -4.62 0.078 0.072 1.072 4865.6 4.7803 16.811947 1.231375 17.3449 16.113525 "" "" 1176.71521 1501.65552 3549.50866 2.7696 1575.6 18.985 2842.8 12.053 "" "" 0.002882619432545913 0.013376675 0.0059560454 0.01933272
98.61848723949 7.44575301571 0.0575 0.0579 35.7207 "" "" 3325918980631899392 1351.93701 0.7026 0.07 10.551697313943563 1.6465977802730087 1.592 0.14000241 -0.42049999999999965 0.10392103 1.474 -2.78 0.071 0.057 1.057 4919.1 4.6852 16.8137 1.262585 17.297783 16.035198 "" "" 1238.10327 1498.43469 3543.78211 2.3116 1645.5 41.97 3055.5 37.149 "" "" 0.0028448847159904997 0.027832912 0.013730838 0.04156375
