Clusters/Basel_8/Basel_8_stars_in_region.tsv
# %ECSV 1.0
# ---
# datatype:
# - name: RA_ICRS_1
#   unit: deg
#   datatype: float64
#   format: '{:15.11f}'
#   description: Right ascension (ICRS) at Ep=2016.0 (ra)
#   meta: !!omap
#   - {ucd: POS_EQ_RA_MAIN}
#   - {width: 15}
#   - {precision: '11'}
# - name: DE_ICRS_1
#   unit: deg
#   datatype: float64
#   format: '{:15.11f}'
#   description: Declination (ICRS) at Ep=2016.0 (dec)
#   meta: !!omap
#   - {ucd: POS_EQ_DEC_MAIN}
#   - {width: 15}
#   - {precision: '11'}
# - name: e_RA_ICRS
#   unit: mas
#   datatype: float64
#   format: '{:7.4f}'
#   description: Standard error of right ascension (ra_error)
#   meta: !!omap
#   - {ucd: ERROR}
#   - {width: 7}
#   - {precision: '4'}
# - name: e_DE_ICRS
#   unit: mas
#   datatype: float64
#   format: '{:7.4f}'
#   description: Standard error of declination (dec_error)
#   meta: !!omap
#   - {ucd: ERROR}
#   - {width: 7}
#   - {precision: '4'}
# - name: _r_1
#   unit: ''
#   datatype: float64
#   format: '{:7.4f}'
#   description: Distance from center (098.55820660000+08.03809416000)[ICRS], at Epoch=J2016.0
#   meta: !!omap
#   - {ucd: POS_ANG_DIST_GENERAL}
#   - {width: 7}
#   - {precision: '4'}
# - name: HIP
#   datatype: int32
#   description: '? HIP cross-id number, van Leeuwen, Cat. I/311 (hip_original_ext_source_id)'
#   meta: !!omap
#   - {ucd: ID_NUMBER}
#   - {width: 6}
#   - values: {'null': -2147483648}
# - name: TYC2
#   datatype: string
#   description: Tycho-2 cross-id name, Hog et al., Cat. I/259 (tyc2_original_ext_source_id)
#   meta: !!omap
#   - {ucd: ID_CROSSID}
#   - {_votable_string_dtype: char}
# - name: Source
#   datatype: int64
#   description: Source identifier, identical to the Gaia-EDR3 source_id (id)
#   meta: !!omap
#   - {ucd: ID_MAIN}
#   - {width: 19}
# - name: rgeo
#   unit: pc
#   datatype: float64
#   format: '{:15.8f}'
#   description: '? Median of the geometric distance posterior (r_med_geo)'
#   meta: !!omap
#   - {ucd: PHYS_DISTANCE_TRUE}
#   - {width: 15}
#   - {precision: '8'}
#   - values: {'null': .nan}
# - name: Plx
#   unit: mas
#   datatype: float64
#   format: '{:9.4f}'
#   description: '? Parallax (parallax)'
#   meta: !!omap
#   - {ucd: POS_PARLX_TRIG}
#   - {width: 9}
#   - {precision: '4'}
#   - values: {'null': .nan}
# - name: e_Plx
#   unit: mas
#   datatype: float32
#   format: '{:7.4f}'
#   description: '? Standard error of parallax (parallax_error)'
#   meta: !!omap
#   - {ucd: ERROR}
#   - {width: 7}
#   - {precision: '4'}
#   - values: {'null': .nan}
# - name: pmRA
#   unit: mas / yr
#   datatype: float64
#   format: '{:9.3f}'
#   description: '? Proper motion in right ascension direction, pmRA*cosDE (pmra)'
#   meta: !!omap
#   - {ucd: POS_EQ_PMRA}
#   - {width: 9}
#   - {precision: '3'}
#   - values: {'null': .nan}
# - name: pmDE
#   unit: mas / yr
#   datatype: float64
#   format: '{:9.3f}'
#   description: '? Proper motion in declination direction (pmdec)'
#   meta: !!omap
#   - {ucd: POS_EQ_PMDEC}
#   - {width: 9}
#   - {precision: '3'}
#   - values: {'null': .nan}
# - name: e_pmRA
#   unit: mas / yr
#   datatype: float32
#   format: '{:6.3f}'
#   description: '? Standard error of proper motion in right ascension direction (pmra_error)'
#   meta: !!omap
#   - {ucd: ERROR}
#   - {width: 6}
#   - {precision: '3'}
#   - values: {'null': .nan}
# - name: e_pmDE
[...]
#         unit: &id001 !astropy.units.Unit {unit: deg}
#         value: !astropy.table.SerializedColumn {name: SkyCoord.dec}
#       distance: !astropy.table.SerializedColumn
#         __class__: astropy.coordinates.distances.Distance
#         unit: !astropy.units.Unit {unit: pc}
#         value: !astropy.table.SerializedColumn {name: SkyCoord.distance}
#       frame: icrs
#       obstime: !astropy.time.Time {format: jyear_str, in_subfmt: '*', jd1: 367701545.0, jd2: 0.0, out_subfmt: '*', precision: 3, scale: tt}
#       pm_dec: !astropy.table.SerializedColumn
#         __class__: astropy.units.quantity.Quantity
#         unit: !astropy.units.Unit {unit: mas / yr}
#         value: !astropy.table.SerializedColumn {name: SkyCoord.pm_dec}
#       pm_ra_cosdec: !astropy.table.SerializedColumn
#         __class__: astropy.units.quantity.Quantity
#         unit: !astropy.units.Unit {unit: mas / yr}
#         value: !astropy.table.SerializedColumn {name: SkyCoord.pm_ra_cosdec}
#       ra: !astropy.table.SerializedColumn
#         __class__: astropy.coordinates.angles.core.Longitude
#         unit: *id001
#         value: !astropy.table.SerializedColumn {name: SkyCoord.ra}
#         wrap_angle: !astropy.coordinates.Angle
#           unit: *id001
#           value: 360.0
#       representation_type: spherical
# schema: astropy-2.0
RA_ICRS_1 DE_ICRS_1 e_RA_ICRS e_DE_ICRS _r_1 HIP TYC2 Source rgeo Plx e_Plx pmRA pmDE e_pmRA e_pmDE RUWE Teff logg Gmag BP-RP BPmag RPmag RV e_RV b_rgeo B_rgeo FG e_FG FBP e_FBP FRP e_FRP RAVE5 RAVE6 e_Gmag e_BPmag e_RPmag e_BP-RP SkyCoord.ra SkyCoord.dec SkyCoord.distance SkyCoord.pm_ra_cosdec SkyCoord.pm_dec
[from data line 1742]
98.98537173255 7.6289985351 0.022 0.021 35.3154 "" "" 3133798633851854464 1785.8175 0.5242 0.0264 -0.772 -2.066 0.027 0.024 0.88 9571.5 4.5508 14.664635 0.742621 14.955495 14.212873 "" "" 1694.71436 1872.10254 25650.33213 8.785 14230.0 20.851 16368.0 25.463 "" "" 0.0027802994774518888 0.003211861 0.004139633 0.007351494 98.98537173255 7.6289985351 1785.8175 -0.772 -2.0659999999999994
98.22918883674 8.60166370299 0.023 0.0214 39.0505 "" "" 3326349267634996224 1139.24097 0.8368 0.0276 0.118 -5.291 0.028 0.023 1.145 5185.1 3.6993 14.666003 1.047023 15.105946 14.058923 34.68 9.27 1098.07141 1177.37195 25618.00789 8.7194 12389.0 20.609 18862.0 17.8 "" "" 0.002779991332680264 0.0033237168 0.0039158068 0.0072395233 98.22918883674 8.60166370299 1139.24097 0.11800000000000001 -5.291000000000001
98.83444077348 8.36084929112 0.0233 0.0195 25.3796 "" "" 3326133728995245312 1437.70947 0.6548 0.0257 0.656 -3.746 0.027 0.022 1.087 6881.2 4.2617 14.667816 0.86695 15.014592 14.147642 "" "" 1386.63037 1489.80566 25575.27995 10.228 13477.0 18.605 17382.0 17.668 "" "" 0.002789323072041722 0.0031672744 0.0039372146 0.007104489 98.83444077348 8.36084929112 1437.70947 0.6560000000000001 -3.7460000000000004
98.61250506582 8.19972824523 0.0253 0.0219 10.2203 "" "" 3326031336975424256 849.208557 1.1375 0.0255 -3.398 -3.807 0.03 0.025 1.007 5339.0 4.372 14.668268 0.940183 15.053068 14.112885 34.75 15.84 830.434143 863.858337 25564.63416 8.4683 13007.0 19.834 17947.0 18.612 "" "" 0.0027786935894006984 0.003244393 0.0039435425 0.0071879355 98.61250506582 8.19972824523 849.208557 -3.398 -3.8070000000000004
98.4601826254 7.49709306151 0.0251 0.0233 32.979 "" "" 3325923000721490176 1427.36938 0.6583 0.027 0.605 -2.231 0.031 0.027 1.11 6599.7 4.1197 14.669069 1.036423 15.067301 14.030878 "" "" 1356.18909 1501.09229 25545.76182 8.8814 12838.0 25.103 19356.0 227.0 "" "" 0.0027810566204826363 0.0035060279 0.013282163 0.01678819 98.4601826254 7.49709306151 1427.36938 0.605 -2.231
98.92347464514 8.17031056757 0.0208 0.0195 23.102 "" "" 3326074767684249344 1387.05225 0.6826 0.0245 0.644 -4.583 0.031 0.027 0.978 5940.4 3.8157 14.670435 0.998142 15.083858 14.085716 "" "" 1344.80579 1437.24231 25513.66296 6.9663 12644.0 17.636 18402.0 16.413 "" "" 0.002771222275513273 0.0031746572 0.0039014732 0.0070761302 98.92347464514 8.17031056757 1387.05225 0.6439999999999999 -4.583
98.02850794322 8.15286734747 0.0212 0.0205 32.21 "" "" 3326226397210604416 1799.65759 0.5175 0.0257 -1.017 0.221 0.023 0.02 0.952 8362.5 4.1415 14.671925 0.648024 14.91781 14.269787 "" "" 1709.62793 1882.88013 25478.67957 12.383 14733.0 21.712 15533.0 17.158 "" "" 0.0028053946216696104 0.0032163956 0.0039651105 0.007181506 98.02850794322 8.15286734747 1799.65759 -1.0169999999999997 0.22100000000000003
98.41835679907 8.14065661204 0.0221 0.021 10.3384 "" "" 3326040751543839616 1598.34106 0.5852 0.0261 -1.384 -1.32 0.028 0.023 1.026 6931.1 4.0778 14.6721 0.944737 15.052268 14.107531 54.08 14.67 1538.57935 1669.87634 25474.57185 7.3277 13017.0 21.427 18036.0 24.088 "" "" 0.002772963501396231 0.0033134809 0.004048011 0.0073614917 98.41835679907 8.14065661204 1598.34106 -1.384 -1.32
98.51710674078 7.85695605047 0.0205 0.0214 11.1393 "" "" 3326014603783039616 1984.1991 0.4638 0.0262 0.925 -1.574 0.024 0.021 1.079 "" "" 14.673491 0.745394 14.963011 14.217617 "" "" 1875.3855 2137.12036 25441.96468 9.3764 14132.0 17.721 16297.0 19.095 "" "" 0.002784223379088949 0.0031046185 0.003987741 0.0070923595 98.51710674078 7.85695605047 1984.1991 0.925 -1.5740000000000005
98.44723204843 7.56872049581 0.0209 0.0224 28.9247 "" "" 3325936401019265792 1735.82703 0.5473 0.0274 -0.838 1.021 0.025 0.022 0.993 5871.1 3.8846 14.673612 1.198922 15.191765 13.992843 84.45 6.29 1625.09875 1817.50903 25439.11726 7.454 11448.0 16.158 20046.0 16.772 "" "" 0.002773625675005992 0.0031833015 0.0038870212 0.0070703225 98.44723204843 7.56872049581 1735.82703 -0.838 1.021
99.03504815208 7.76849941419 0.0219 0.0196 32.6303 "" "" 3325955745551698688 862.37793 1.1213 0.0235 -4.985 -9.592 0.029 0.025 0.995 5856.9 4.3844 14.673721 0.971127 15.070785 14.099658 "" "" 842.158508 880.047974 25436.55501 7.4203 12797.0 18.261 18167.0 20.039 "" "" 0.002773464710382934 0.003191463 0.003964594 0.0071560573 99.03504815208 7.76849941419 862.37793 -4.984999999999999 -9.592000000000002
98.0849207467 8.01627481156 0.0196 0.0207 28.1494 "" "" 3326013332472367872 1448.00671 0.6548 0.0248 1.334 -4.448 0.023 0.022 1.067 6428.5 4.036 14.673805 0.824913 15.002628 14.177715 "" "" 1401.66846 1502.39587 25434.58626 8.0708 13626.0 22.161 16907.0 16.178 "" "" 0.0027767758998546747 0.003301992 0.003919577 0.0072215693 98.0849207467 8.01627481156 1448.00671 1.3339999999999999 -4.448
99.15774948268 8.001695108 0.0206 0.0185 35.6876 "" "" 3326056484007896832 820.565308 1.1726 0.0228 -4.006 7.004 0.025 0.021 0.938 5861.4 4.408 14.673994 0.963861 15.068366 14.104506 79.73 17.74 801.766785 838.89093 25430.15824 7.3825 12825.0 21.446 18087.0 18.735 "" "" 0.002773289926630397 0.0033288654 0.0039431625 0.007272028 99.15774948268 8.001695108 820.565308 -4.005999999999999 7.003999999999999
98.94840523871 7.97524045972 0.0225 0.0203 23.4884 "" "" 3326066968024254720 1836.62427 0.5039 0.0231 0.45 0.288 0.029 0.025 1.118 7117.3 4.0389 14.674041 1.135937 15.154019 14.018083 7.8 11.49 1752.69238 1923.61389 25429.07519 6.7607 11852.0 27.143 19585.0 24.356 "" "" 0.002770399528055543 0.0037373505 0.004013333 0.0077506835 98.94840523871 7.97524045972 1836.62427 0.45000000000000007 0.2879999999999999
98.71707116689 8.47251573568 0.0194 0.0196 27.7197 "" "" 3326147296796942720 2269.57544 0.3931 0.0248 -0.809 -3.245 0.025 0.022 0.971 7752.5 3.8819 14.674269 0.837252 15.005619 14.168367 "" "" 2180.41821 2401.37305 25423.7337 9.8362 13588.0 22.588 17053.0 18.038 "" "" 0.0027871563656802463 0.0033230428 0.0039500208 0.0072730635 98.71707116689 8.47251573568 2269.57544 -0.8089999999999999 -3.2450000000000006
99.00051791736 8.53809728529 0.0254 0.0207 39.8707 "" "" 3326160426511824128 1160.18994 0.8185 0.0283 -0.442 -1.878 0.025 0.022 1.151 6794.7 4.3619 14.674318 0.947061 15.060007 14.112946 26.14 13.47 1130.6532 1196.74158 25422.57238 9.0611 12925.0 16.933 17946.0 19.768 "" "" 0.0027823624866150365 0.0031318245 0.0039640972 0.007095922 99.00051791736 8.53809728529 1160.18994 -0.442 -1.878
98.53327995197 8.5490522577 0.0217 0.0195 30.6932 "" "" 3326334424227892992 961.944641 0.9973 0.0246 -3.906 -0.079 0.029 0.024 1.059 7064.6 4.4173 14.677818 1.03442 15.103135 14.068715 84.53 8.99 938.324829 988.437012 25340.73904 7.0954 12421.0 14.509 18693.0 19.449 "" "" 0.002772040573263927 0.0030648832 0.003944595 0.0070094783 98.53327995197 8.5490522577 961.944641 -3.9060000000000006 -0.07899999999999996
98.52600175406 7.39029654906 0.0212 0.02 38.915 "" "" 3325912692799834240 1418.33362 0.665 0.0239 1.489 -6.433 0.028 0.022 1.054 5621.8 4.0856 14.677831 1.186687 15.187655 14.000968 "" "" 1375.49792 1459.95728 25340.46653 21.566 11491.0 44.977 19896.0 70.718 "" "" 0.0029061304479429066 0.005083787 0.005401532 0.010485319 98.52600175406 7.39029654906 1418.33362 1.4890000000000003 -6.433000000000001
98.60894776898 8.29080804611 0.0246 0.0231 15.4594 "" "" 3326137508566575744 1685.70142 0.5581 0.0249 1.013 -2.522 0.031 0.026 0.959 7176.7 3.9336 14.678159 0.955215 15.063031 14.107816 -46.79 11.53 1615.53296 1758.67468 25332.79443 8.9297 12889.0 30.558 18032.0 21.52 "" "" 0.00278177316138774 0.0037962059 0.0039953357 0.0077915415 98.60894776898 8.29080804611 1685.70142 1.0130000000000001 -2.5220000000000002
98.83694639584 8.58227542543 0.0213 0.0208 36.6052 "" "" 3326152970448636800 1916.19434 0.484 0.0255 0.598 -2.448 0.027 0.024 1.195 9342.1 4.2972 14.682296 0.589519 14.904615 14.315097 "" "" 1830.94849 2002.56042 25236.452 10.302 14913.0 19.184 14898.0 19.876 "" "" 0.0027907403590441814 0.0031202207 0.004047462 0.0071676825 98.83694639584 8.58227542543 1916.19434 0.5980000000000001 -2.448
98.57637672977 8.65825135598 0.0203 0.0188 37.2251 "" "" 3326344285472724096 1464.85193 0.646 0.0242 0.561 2.963 0.025 0.021 0.954 5831.6 3.9284 14.682426 1.160655 15.177599 14.016944 "" "" 1425.92004 1515.04517 25233.41675 6.9428 11598.0 16.363 19606.0 21.518 "" "" 0.0027714672449609848 0.0031829989 0.003962787 0.0071457857 98.57637672977 8.65825135598 1464.85193 0.5609999999999999 2.963
98.52381723425 7.68663548375 0.02 0.0205 21.1863 "" "" 3325938977998966784 1043.73999 0.9207 0.0255 2.713 -4.806 0.025 0.022 0.993 5852.8 4.2901 14.682558 0.944718 15.069709 14.12499 -7.93 9.31 1017.29742 1066.625 25230.36014 7.2054 12810.0 18.188 17749.0 17.679 "" "" 0.0027727121125260723 0.0031877032 0.0039310646 0.007118768 98.52381723425 7.68663548375 1043.73999 2.7130000000000005 -4.806000000000001
98.08174561563 8.20383297312 0.0209 0.0198 29.9972 "" "" 3326227050045579392 2022.4209 0.4487 0.0244 0.489 -1.994 0.024 0.022 1.034 9324.8 4.0268 14.684834 0.607745 14.912506 14.304761 "" "" 1927.92554 2121.24487 25177.53631 10.945 14805.0 18.758 15040.0 17.649 "" "" 0.002795453064146601 0.003110854 0.0039883587 0.0070992126 98.08174561563 8.20383297312 2022.4209 0.489 -1.9939999999999998
98.2148740173 7.57072284807 0.0214 0.0207 34.6829 "" "" 3325934025900018304 1068.03894 0.895 0.0255 0.636 -0.532 0.029 0.025 1.115 5816.1 4.1657 14.685429 1.068484 15.136891 14.068407 "" "" 1041.32739 1095.77319 25163.75634 8.3257 12041.0 18.954 18698.0 24.28 "" "" 0.002778638841242014 0.0032720033 0.0040337886 0.0073057916 98.2148740173 7.57072284807 1068.03894 0.636 -0.532
99.10836698419 7.63729839816 0.0232 0.0205 40.5914 "" "" 3133798015376533248 1853.26794 0.4987 0.0266 -0.216 1.852 0.029 0.025 0.989 7424.8 3.9682 14.686039 0.834518 15.017033 14.182514 "" "" 1763.27576 1947.83313 25149.59508 8.1878 13446.0 30.663 16833.0 26.654 "" "" 0.0027779011918815885 0.003730347 0.0041520307 0.007882377 99.10836698419 7.63729839816 1853.26794 -0.21600000000000003 1.8519999999999999
98.06502484907 7.99636057336 0.0202 0.0228 29.4085 "" "" 3326012920155517952 779.356262 1.2444 0.0275 4.315 -6.939 0.023 0.021 1.003 5426.6 4.4662 14.688094 0.957991 15.082984 14.124993 101.74 12.6 762.543152 793.478943 25102.0401 8.5473 12654.0 12.608 17748.0 20.106 "" "" 0.002780011551202028 0.0029925434 0.003974493 0.0069670365 98.06502484907 7.99636057336 779.356262 4.315 -6.939000000000001
99.18319203383 8.25179095437 0.0248 0.0253 39.2728 "" "" 3326079165731174272 1724.7179 0.537 0.0278 1.504 -1.188 0.029 0.026 1.11 7977.6 4.1059 14.688247 0.928847 15.063242 14.134395 "" "" 1655.12549 1802.53015 25098.51957 6.8214 12886.0 23.413 17595.0 27.805 "" "" 0.0027710766144700178 0.003417109 0.004150612 0.0075677205 99.18319203383 8.25179095437 1724.7179 1.5039999999999998 -1.1880000000000002
99.07347012356 8.31458011596 0.0995 0.1025 34.8088 "" "" 3326083529417417856 1165.26892 0.8765 0.1312 0.778 -6.048 0.119 0.099 6.246 5446.0 4.3001 14.688371 1.063502 15.117244 14.053741 "" "" 1010.45398 1387.58801 25095.65096 25.889 12261.0 16.959 18952.0 19.889 "" "" 0.002974276853050942 0.003168645 0.0039474033 0.0071160486 99.07347012356 8.31458011596 1165.26892 0.778 -6.048000000000001
98.14011692575 7.75265986277 0.0252 0.0227 30.1779 "" "" 3325992235593601024 1327.34082 0.7092 0.0287 -4.208 -1.971 0.032 0.026 1.153 6119.7 4.123 14.689636 0.954574 15.079722 14.125149 "" "" 1276.45837 1393.16492 25066.4065 7.2102 12692.0 20.044 17746.0 17.83 "" "" 0.0027729630517171863 0.0032749223 0.0039336667 0.007208589 98.14011692575 7.75265986277 1327.34082 -4.208 -1.9710000000000003
98.58279273873 8.69006161127 0.0214 0.0193 39.1453 "" "" 3326344491631134976 1740.32471 0.537 0.0246 1.656 -1.302 0.025 0.021 1.007 "" "" 14.690402 0.816074 15.011223 14.195148 "" "" 1678.46069 1822.40271 25048.74319 8.8546 13518.0 24.188 16638.0 23.973 "" "" 0.0027819226121128943 0.0033998878 0.004090361 0.0074902484 98.58279273873 8.69006161127 1740.32471 1.6559999999999997 -1.302
98.320990349 8.61115826461 0.0239 0.0213 37.1561 "" "" 3326348889677817728 1342.66272 0.7015 0.0248 2.197 3.109 0.03 0.026 1.066 5878.5 4.0219 14.691242 1.029414 15.117178 14.087764 "" "" 1297.76672 1382.96216 25029.35698 7.722 12262.0 18.519 18368.0 16.967 "" "" 0.0027756068779135603 0.003236335 0.0039101895 0.0071465243 98.320990349 8.61115826461 1342.66272 2.197 3.1089999999999995
98.74532392091 8.09778622076 0.0235 0.021 11.6787 "" "" 3326025839417278592 1748.81616 0.5339 0.0273 1.247 -3.093 0.028 0.024 1.079 7668.4 4.0376 14.691685 0.897592 15.049778 14.152186 "" "" 1664.32788 1833.0603 25019.17484 11.614 13047.0 28.736 17309.0 24.756 "" "" 0.002801037035111243 0.0036747134 0.0040859645 0.007760678 98.74532392091 8.09778622076 1748.81616 1.2469999999999999 -3.093
98.11971229572 7.4912306155 0.0241 0.021 41.9067 "" "" 3325931831173736448 1870.17627 0.5012 0.0257 -2.755 2.316 0.034 0.027 1.053 6675.5 3.7021 14.691942 1.310284 15.268619 13.958335 59.65 8.48 1786.96448 1952.5531 25013.23482 9.3952 10665.0 21.981 20693.0 27.007 "" "" 0.0027853366749583013 0.0035766687 0.0040362957 0.007612964 98.11971229572 7.4912306155 1870.17627 -2.7549999999999994 2.316
98.9640651126 7.68021453914 0.0251 0.0226 32.2953 "" "" 3325952721894776576 2276.21851 0.3901 0.0264 -0.262 -0.925 0.029 0.026 1.06 7197.8 3.6056 14.692369 0.679357 14.950206 14.270849 "" "" 2126.4856 2448.98218 25003.38755 9.1002 14300.0 29.58 15517.0 16.355 "" "" 0.0027835127578706973 0.0035817623 0.003948837 0.0075305994 98.9640651126 7.68021453914 2276.21851 -0.262 -0.9250000000000002
98.68751697568 7.43722362773 0.0216 0.0231 36.8628 "" "" 3325919633466908928 1836.10608 0.5082 0.0284 -1.546 -1.18 0.025 0.021 0.853 7190.5 3.986 14.693127 1.029409 15.117917 14.088508 "" "" 1744.88928 1925.92273 24985.95308 20.005 12253.0 41.485 18355.0 42.049 "" "" 0.002889197504709206 0.0046149613 0.004524413 0.009139374 98.68751697568 7.43722362773 1836.10608 -1.5460000000000003 -1.1799999999999997
98.1794214977 8.38078411253 0.1122 0.0904 30.4755 "" "" 3326239075953861376 1694.83813 0.5474 0.1181 4.943 -3.812 0.128 0.105 5.263 5667.4 4.3268 14.693521 1.015446 15.09636 14.080915 -10.3 12.31 1437.04602 2062.81958 24976.8928 29.207 12499.0 23.842 18484.0 21.489 "" "" 0.0030337629365335106 0.003474812 0.0039845947 0.0074594067 98.1794214977 8.38078411253 1694.83813 4.943 -3.8120000000000003
98.10798369574 8.48487571445 0.0204 0.0191 37.8584 "" "" 3326253163446569856 1740.73438 0.5339 0.0241 -2.791 -3.025 0.025 0.02 1.024 5760.2 4.0241 14.694427 1.1857 15.20456 14.01886 "" "" 1674.91382 1805.45569 24956.06861 6.3557 11313.0 25.361 19571.0 20.645 "" "" 0.0027691600573883273 0.0037025928 0.0039491113 0.0076517044 98.10798369574 8.48487571445 1740.73438 -2.7909999999999995 -3.025
98.31178674968 7.94787101995 0.0216 0.0194 15.6102 "" "" 3326019826463314176 922.102783 1.0379 0.0236 -1.188 -7.025 0.025 0.022 0.994 5797.9 4.3746 14.694914 0.93828 15.074863 14.136582 -26.69 12.36 902.9245 948.644165 24944.85935 8.1229 12749.0 13.778 17560.0 15.257 "" "" 0.0027779109111600235 0.0030268533 0.003895333 0.0069221864 98.31178674968 7.94787101995 922.102783 -1.188 -7.025
98.01875852703 7.62061924868 0.0238 0.0195 40.689 "" "" 3325983920537073664 705.197144 1.3721 0.0255 6.815 4.934 0.032 0.023 0.95 5382.4 4.4334 14.695311 1.12631 15.178472 14.052162 -7.52 6.07 694.268311 717.780762 24935.75374 7.7524 11589.0 15.96 18980.0 19.899 "" "" 0.002775919546853336 0.0031655638 0.003947084 0.0071126474 98.01875852703 7.62061924868 705.197144 6.815000000000001 4.934
98.4897065221 7.90330154069 0.0337 0.0342 9.0541 "" "" 3326017180763406592 707.219849 1.375 0.0454 -0.83 -3.818 0.04 0.032 1.53 4868.8 4.3885 14.696197 1.10131 15.162271 14.060961 43.34 9.43 685.231506 729.681946 24915.42013 12.823 11763.0 27.522 18827.0 26.405 "" "" 0.0028114109452948995 0.003773355 0.004074617 0.007847972 98.4897065221 7.90330154069 707.219849 -0.8300000000000001 -3.8180000000000005
