Clusters/Basel_8/Basel_8_stars_in_region.tsv
# %ECSV 1.0
# ---
# datatype:
# - name: RA_ICRS_1
#   unit: deg
#   datatype: float64
#   format: '{:15.11f}'
#   description: Right ascension (ICRS) at Ep=2016.0 (ra)
#   meta: !!omap
#   - {ucd: POS_EQ_RA_MAIN}
#   - {width: 15}
#   - {precision: '11'}
# - name: DE_ICRS_1
#   unit: deg
#   datatype: float64
#   format: '{:15.11f}'
#   description: Declination (ICRS) at Ep=2016.0 (dec)
#   meta: !!omap
#   - {ucd: POS_EQ_DEC_MAIN}
#   - {width: 15}
#   - {precision: '11'}
# - name: e_RA_ICRS
#   unit: mas
#   datatype: float64
#   format: '{:7.4f}'
#   description: Standard error of right ascension (ra_error)
#   meta: !!omap
#   - {ucd: ERROR}
#   - {width: 7}
#   - {precision: '4'}
# - name: e_DE_ICRS
#   unit: mas
#   datatype: float64
#   format: '{:7.4f}'
#   description: Standard error of declination (dec_error)
#   meta: !!omap
#   - {ucd: ERROR}
#   - {width: 7}
#   - {precision: '4'}
# - name: _r_1
#   unit: ''
#   datatype: float64
#   format: '{:7.4f}'
#   description: Distance from center (098.55820660000+08.03809416000)[ICRS], at Epoch=J2016.0
#   meta: !!omap
#   - {ucd: POS_ANG_DIST_GENERAL}
#   - {width: 7}
#   - {precision: '4'}
# - name: HIP
#   datatype: int32
#   description: '? HIP cross-id number, van Leeuwen, Cat. I/311 (hip_original_ext_source_id)'
#   meta: !!omap
#   - {ucd: ID_NUMBER}
#   - {width: 6}
#   - values: {'null': -2147483648}
# - name: TYC2
#   datatype: string
#   description: Tycho-2 cross-id name, Hog et al., Cat. I/259 (tyc2_original_ext_source_id)
#   meta: !!omap
#   - {ucd: ID_CROSSID}
#   - {_votable_string_dtype: char}
# - name: Source
#   datatype: int64
#   description: Source identifier, identical to the Gaia-EDR3 source_id (id)
#   meta: !!omap
#   - {ucd: ID_MAIN}
#   - {width: 19}
# - name: rgeo
#   unit: pc
#   datatype: float64
#   format: '{:15.8f}'
#   description: '? Median of the geometric distance posterior (r_med_geo)'
#   meta: !!omap
#   - {ucd: PHYS_DISTANCE_TRUE}
#   - {width: 15}
#   - {precision: '8'}
#   - values: {'null': .nan}
# - name: Plx
#   unit: mas
#   datatype: float64
#   format: '{:9.4f}'
#   description: '? Parallax (parallax)'
#   meta: !!omap
#   - {ucd: POS_PARLX_TRIG}
#   - {width: 9}
#   - {precision: '4'}
#   - values: {'null': .nan}
# - name: e_Plx
#   unit: mas
#   datatype: float32
#   format: '{:7.4f}'
#   description: '? Standard error of parallax (parallax_error)'
#   meta: !!omap
#   - {ucd: ERROR}
#   - {width: 7}
#   - {precision: '4'}
#   - values: {'null': .nan}
# - name: pmRA
#   unit: mas / yr
#   datatype: float64
#   format: '{:9.3f}'
#   description: '? Proper motion in right ascension direction, pmRA*cosDE (pmra)'
#   meta: !!omap
#   - {ucd: POS_EQ_PMRA}
#   - {width: 9}
#   - {precision: '3'}
#   - values: {'null': .nan}
# - name: pmDE
#   unit: mas / yr
#   datatype: float64
#   format: '{:9.3f}'
#   description: '? Proper motion in declination direction (pmdec)'
#   meta: !!omap
#   - {ucd: POS_EQ_PMDEC}
#   - {width: 9}
#   - {precision: '3'}
#   - values: {'null': .nan}
# - name: e_pmRA
#   unit: mas / yr
#   datatype: float32
#   format: '{:6.3f}'
#   description: '? Standard error of proper motion in right ascension direction (pmra_error)'
#   meta: !!omap
#   - {ucd: ERROR}
#   - {width: 6}
#   - {precision: '3'}
#   - values: {'null': .nan}
# - name: e_pmDE
[...]
#       distance: !astropy.table.SerializedColumn
#         __class__: astropy.coordinates.distances.Distance
#         unit: !astropy.units.Unit {unit: pc}
#         value: !astropy.table.SerializedColumn {name: SkyCoord.distance}
#       frame: icrs
#       obstime: !astropy.time.Time {format: jyear_str, in_subfmt: '*', jd1: 367701545.0, jd2: 0.0, out_subfmt: '*', precision: 3, scale: tt}
#       pm_dec: !astropy.table.SerializedColumn
#         __class__: astropy.units.quantity.Quantity
#         unit: !astropy.units.Unit {unit: mas / yr}
#         value: !astropy.table.SerializedColumn {name: SkyCoord.pm_dec}
#       pm_ra_cosdec: !astropy.table.SerializedColumn
#         __class__: astropy.units.quantity.Quantity
#         unit: !astropy.units.Unit {unit: mas / yr}
#         value: !astropy.table.SerializedColumn {name: SkyCoord.pm_ra_cosdec}
#       ra: !astropy.table.SerializedColumn
#         __class__: astropy.coordinates.angles.Longitude
#         unit: *id001
#         value: !astropy.table.SerializedColumn {name: SkyCoord.ra}
#         wrap_angle: !astropy.coordinates.Angle
#           unit: *id001
#           value: 360.0
#       representation_type: spherical
# schema: astropy-2.0
RA_ICRS_1 DE_ICRS_1 e_RA_ICRS e_DE_ICRS _r_1 HIP TYC2 Source rgeo Plx e_Plx pmRA pmDE e_pmRA e_pmDE RUWE Teff logg Gmag BP-RP BPmag RPmag RV e_RV b_rgeo B_rgeo FG e_FG FBP e_FBP FRP e_FRP RAVE5 RAVE6 e_Gmag e_BPmag e_RPmag e_BP-RP SkyCoord.ra SkyCoord.dec SkyCoord.distance SkyCoord.pm_ra_cosdec SkyCoord.pm_dec rmRA rmDE e_rmRA e_rmDE rRV e_rRV v_pec v_pec3d e_v_pec e_v_pec3d v_trans_upper v_trans_lower
[from data line 83]
98.29920689213 8.29699812894 0.0115 0.011 21.8616 "" "" 3326234437389169024 1741.62854 0.5628 0.0144 1.706 -4.669 0.014 0.012 1.036 "" "" 12.137116 1.461612 12.806965 11.345353 35.73 0.37 1697.64709 1793.07153 263087.49339 55.763 102950.0 76.211 229620.0 67.709 "" "" 0.002764913830610861 0.0029036263 0.0037929178 0.006696544 98.29920689213 8.29699812894 1741.62854 1.7059999999999986 -4.669000000000024 1.8956249949932098 -2.4858749809265133 0.23884769 0.23684768 16.479999999999997 9.9225 25.807570651935237 30.62059932389679 2.668343102277843 7.431290305436879 26.569856391104278 25.155850522079326
99.08702377446 8.35155418513 0.0116 0.0135 36.606 "" "" 3326130597961104512 1351.25537 0.709 0.017 -1.697 -1.014 0.014 0.012 0.993 7931.8 3.5808 12.139586 0.630761 12.376561 11.7458 59.96 12.51 1326.02185 1382.21277 262489.69993 65.973 153040.0 90.646 158800.0 64.809 "" "" 0.0027688003089754833 0.0028633208 0.003805269 0.00666859 99.08702377446 8.35155418513 1351.25537 -1.6969999999999998 -1.013999999999992 -1.5073750050067902 1.1691250190734863 0.23884769 0.23684768 40.71 22.0625 12.218242896483885 42.50399462965192 1.779051839206956 21.147834286253186 12.49816410237971 11.990077826180938
97.96187554459 8.27484951232 0.0173 0.0163 38.1604 "" "" 3326231379372631680 1251.21155 0.759 0.0207 -1.122 -1.863 0.019 0.017 1.334 9857.9 3.9113 12.147192 0.324306 12.260322 11.936016 -6.02 19.1 1221.31274 1286.83716 260657.42091 74.29 170330.0 101.92 133280.0 78.048 "" "" 0.002772642439553134 0.002864807 0.0038324888 0.0066972957 97.96187554459 8.27484951232 1251.21155 -1.122 -1.863 -0.9323750050067903 0.32012501907348634 0.24384768 0.2418477 -25.27 28.6525 5.846530825820347 25.937517666447334 1.598039479855426 27.916957237996172 6.012998460373156 5.70682278498557
98.37799419586 7.93011583452 0.0136 0.012 12.5153 "" "" 3326019139268528512 1615.52136 0.6062 0.0144 -1.303 0.983 0.016 0.013 1.087 4842.1 2.4478 12.154881 1.414579 12.795862 11.381283 25.94 0.54 1580.99731 1654.48535 258818.0111 59.761 104010.0 104.32 222150.0 122.43 "" "" 0.0027667016408560556 0.0029951474 0.0038264561 0.0068216035 98.37799419586 7.93011583452 1615.52136 -1.3030000000000006 0.983000000000003 -1.11337500500679 3.1661250190734864 0.24084769 0.23784769 6.690000000000001 10.0925 25.700195845925165 26.55665955121068 2.4084127682705723 6.446397090155163 26.32004662520466 25.15097695698735
98.4644605325 8.3065135657 0.0135 0.0131 17.0404 "" "" 3326047726570362240 1678.83899 0.5874 0.0149 -3.142 -1.063 0.016 0.014 1.288 4789.0 2.4281 12.1719 1.605785 12.928762 11.322976 -4.3 0.65 1633.48633 1722.43787 254792.64254 54.801 92026.0 95.045 234410.0 180.89 "" "" 0.0027651982652290236 0.0030070725 0.0038711377 0.00687821 98.4644605325 8.3065135657 1678.83899 -3.1420000000000012 -1.063 -2.95237500500679 1.1201250190734864 0.24084769 0.23884769 -23.55 10.202499 25.128181693164468 34.43875745732831 2.5802928443181004 8.254316379602113 25.780752061606098 24.449361456360034
98.89538529872 8.59516664409 0.0134 0.0127 38.9603 "" "" 3326150114293899776 1396.84351 0.7076 0.0164 6.085 -1.632 0.015 0.014 1.208 4811.3 2.6778 12.174673 1.549942 12.896931 11.346989 -6.74 0.28 1368.58252 1432.43921 254142.71301 46.43 94764.0 58.388 229280.0 78.737 "" "" 0.0027624508143599793 0.0028692447 0.003797729 0.0066669737 98.89538529872 8.59516664409 1396.84351 6.085 -1.6319999999999997 6.27462499499321 0.5511250190734864 0.23984769 0.23884769 -25.990000000000002 9.8324995 41.704478011481314 49.14004055971187 2.541250082635904 9.955168535487962 42.767231338769406 40.86071145667397
98.38465796891 8.01660382126 0.0151 0.0139 10.3912 "" "" 3326021986828594176 1537.578 0.6435 0.0177 2.526 0.73 0.018 0.015 1.225 5441.7 2.8704 12.177826 1.488301 12.861065 11.372764 -50.32 0.81 1498.43701 1579.43616 253405.60224 53.157 97947.0 105.62 223900.0 158.57 "" "" 0.0027647173267131195 0.0030258552 0.0038568112 0.0068826666 98.38465796891 8.01660382126 1537.578 2.5259999999999976 0.73 2.7156249949932096 2.9131250190734863 0.24284768 0.23984769 -69.57 10.3625 29.025495160384953 75.3821216821703 2.5227656301492694 9.936328575469787 29.81566894051358 28.286614520952238
98.45400226307 8.45826788229 0.0195 0.0171 25.9586 "" "" 3326331430635321216 1339.93958 0.7101 0.0191 0.613 -3.758 0.025 0.021 1.096 7596.5 3.6974 12.250274 0.34464 12.369237 12.024597 57.0 30.87 1306.08203 1371.94409 237048.55208 70.352 154070.0 111.11 122830.0 50.371 "" "" 0.0027740981155277046 0.0028979527 0.0038055186 0.0067034713 98.45400226307 8.45826788229 1339.93958 0.613 -3.7580000000000005 0.8026249949932098 -1.5748749809265137 0.2498477 0.24584769 37.75 40.4225 11.226632829621906 39.384004172901776 1.8426390066305132 38.75345146422289 11.494781399919352 10.94295863413276
98.48050514832 8.40365407295 0.0135 0.0124 22.4137 "" "" 3326143001829878400 1260.41296 0.7561 0.0152 0.568 -4.271 0.016 0.014 1.055 "" "" 12.250389 0.517204 12.439805 11.922601 27.49 16.75 1234.34717 1285.02588 237023.37094 56.305 144380.0 132.83 134930.0 72.271 "" "" 0.0027673652849807546 0.0029635807 0.0038238615 0.006787442 98.48050514832 8.40365407295 1260.41296 0.5680000000000004 -4.271 0.7576249949932098 -2.0878749809265136 0.24084769 0.23884769 8.239999999999998 26.3025 13.269554317342612 15.619816637237003 1.695128126358163 14.134815649086343 13.5286777072262 12.995135196620902
98.70416947433 8.34940839279 0.0947 0.0828 20.5922 "" 733-1598-1 3326139428416126848 1510.31445 0.6796 0.1005 1.067 -3.507 0.129 0.108 8.4 9073.4 3.9684 12.250971 0.439339 12.405852 11.966514 41.83 16.73 1318.26465 1776.04053 236896.4214 84.498 148960.0 83.408 129580.0 94.052 "" "" 0.002782402981266333 0.0028556334 0.0038606673 0.0067163007 98.70416947433 8.34940839279 1510.31445 1.0670000000000024 -3.507 1.2566249949932098 -1.3238749809265138 0.35384768 0.33284768 22.58 26.2825 13.067184104732462 26.08845914244405 4.435550931553072 22.85842801584139 15.366236205299245 11.405576421725092
99.09167813606 7.70016639796 0.015 0.0135 37.6354 "" "" 3133800656775713792 1718.32568 0.5431 0.0172 -0.726 -0.583 0.021 0.019 0.958 11215.3 3.8432 12.256593 0.329833 12.369855 12.040022 "" "" 1678.1571 1758.98413 235672.86302 71.035 153980.0 127.06 121100.0 61.869 "" "" 0.002774686587946111 0.002930481 0.0038198708 0.0067503517 99.09167813606 7.70016639796 1718.32568 -0.726 -0.5830000000000001 -0.5363750050067901 1.6001250190734864 0.24584769 0.24384768 "" "" 13.74552410102623 "" 2.311040392952684 "" 14.070766114743543 13.42420073903469
98.35477946966 8.58411724679 0.0151 0.0137 34.9166 "" "" 3326336996911628544 1679.06848 0.5876 0.0158 -2.12 -2.013 0.017 0.015 1.098 "" "" 12.262061 1.506174 12.95817 11.451996 -3.5 1.06 1629.323 1727.3728 234488.83241 50.954 89567.0 68.221 208140.0 89.407 "" "" 0.002765402621616051 0.0029101446 0.003808049 0.0067181936 98.35477946966 8.58411724679 1679.06848 -2.12 -2.013000000000001 -1.9303750050067903 0.17012501907348643 0.2418477 0.23984769 -22.75 10.612499 15.422987321527264 27.485105746931204 2.3750069351499836 9.030078287729431 15.866683885311843 14.966053065133336
98.39913942256 7.45827086722 0.0238 0.0214 36.0518 "" "" 3325928700138903168 1712.48071 0.5513 0.0253 -0.95 2.239 0.031 0.026 1.718 9444.5 3.5155 12.269285 0.516465 12.456963 11.940497 "" "" 1653.12671 1794.06604 232933.91093 46.49 142110.0 73.659 132730.0 58.21 "" "" 0.0027638282535409633 0.0028463574 0.003809259 0.0066556167 98.39913942256 7.45827086722 1712.48071 -0.95 2.239 -0.7603750050067901 4.422125019073486 0.2558477 0.2508477 "" "" 36.42186309431996 "" 3.536130028756048 "" 38.15705911866812 35.159493685148476
98.52487020946 8.59567403269 0.0116 0.0103 33.5133 "" "" 3326334905264206720 1444.33423 0.6844 0.0128 -1.702 -1.34 0.015 0.013 1.035 4772.6 2.2817 12.274197 1.554614 12.997888 11.443274 33.45 0.74 1410.86523 1472.34863 231882.58679 40.27 86350.0 68.063 209820.0 111.99 "" "" 0.0027617643546058055 0.002918466 0.0038235523 0.0067420183 98.52487020946 8.59567403269 1444.33423 -1.702 -1.3399999999999974 -1.5123750050067901 0.8431250190734862 0.23984769 0.23784769 14.200000000000003 10.2925 11.854189122080445 18.49761605564486 1.8911043604234394 8.107768758763685 12.084113739834336 11.579496569978492
98.02881850558 7.95718089518 0.0119 0.0119 31.8268 "" 733-1915-1 3326010510675985280 1399.95801 0.6761 0.0141 -0.836 -0.782 0.015 0.013 1.016 7207.1 3.6135 12.29916 0.414447 12.433503 12.019056 "" "" 1375.12402 1427.22168 226611.85371 49.226 145220.0 120.21 123460.0 184.88 "" "" 0.0027653959423102554 0.0029313473 0.004114269 0.0070456164 98.02881850558 7.95718089518 1399.95801 -0.836 -0.782 -0.6463750050067901 1.4011250190734863 0.23984769 0.23784769 "" "" 10.239262297633804 "" 1.7711673947768158 "" 10.438668184333313 10.057627037368523
98.30754925603 7.83994893673 0.0263 0.0236 19.0581 "" "" 3325994675134884224 1656.16504 0.5921 0.0305 -0.831 2.168 0.029 0.027 1.936 "" "" 12.303392 1.359753 12.90373 11.543978 40.9 0.84 1577.83545 1737.77808 225730.27392 147.58 94173.0 79.486 191230.0 175.41 "" "" 0.002845288345882252 0.0029368096 0.003908398 0.006845208 98.30754925603 7.83994893673 1656.16504 -0.8310000000000003 2.1679999999999957 -0.6413750050067901 4.3511250190734865 0.2538477 0.25184768 21.65 10.3925 34.526390376860405 40.75284201691164 3.6445728378980613 9.20710542922981 36.22779308179996 32.893438384105245
98.66213900879 8.41749626503 0.0143 0.0136 23.5859 "" 733-1365-1 3326140837166360576 1422.59631 0.6668 0.0153 0.425 -3.807 0.019 0.018 1.028 "" "" 12.324107 0.443333 12.482467 12.039134 "" "" 1393.09534 1450.24182 221464.44791 53.472 138810.0 76.438 121200.0 75.828 "" "" 0.002767762820551419 0.0028535079 0.003839942 0.00669345 98.66213900879 8.41749626503 1422.59631 0.42500000000000004 -3.8069999999999964 0.6146249949932099 -1.6238749809265136 0.24384768 0.24284768 "" "" 11.708048352732385 "" 1.8735536388903233 "" 11.935572468703098 11.465253695678548
98.23731654263 7.45030680699 0.0127 0.0117 40.0966 "" "" 3325927948523256320 1739.48987 0.5645 0.0143 -0.746 -0.28 0.019 0.016 1.071 5091.1 2.7685 12.324912 1.47142 13.000815 11.529395 -2.55 1.2 1702.3468 1777.88428 221300.16295 37.923 86117.0 59.899 193820.0 67.72 "" "" 0.002761594918293108 0.0028905633 0.0037983728 0.006688936 98.23731654263 7.45030680699 1739.48987 -0.7460000000000039 -0.28000000000000014 -0.5563750050067902 1.9031250190734863 0.24384768 0.24084769 -21.8 10.7525 16.348426545078294 27.249055956121133 2.3427576663040544 8.921390272319512 16.70927267729901 15.999341010275092
98.70002787628 8.3354641944 0.0149 0.013 19.7303 "" "" 3326139329632656384 1371.35754 0.6882 0.0157 0.47 -3.822 0.021 0.017 1.094 "" "" 12.325749 0.309824 12.433676 12.123852 "" "" 1344.28296 1403.65063 221129.66833 60.958 145190.0 91.371 112100.0 59.585 "" "" 0.0027715285346676883 0.0028726144 0.0038231895 0.006695804 98.70002787628 8.3354641944 1371.35754 0.47000000000000014 -3.822 0.6596249949932098 -1.6388749809265137 0.24584769 0.2418477 "" "" 11.483573683972411 "" 1.824285999539078 "" 11.75399191385151 11.256854593345903
98.68684485067 7.97652488927 0.0146 0.014 8.489 "" "" 3325976254015869696 1304.12708 0.7327 0.0175 -0.107 -2.33 0.017 0.015 1.182 "" "" 12.331266 0.46282 12.493953 12.031133 "" "" 1274.26099 1332.70874 220008.90341 54.173 137350.0 105.51 122100.0 60.913 "" "" 0.0027682595730513775 0.0029121605 0.0038179983 0.006730159 98.68684485067 7.97652488927 1304.12708 -0.107 -2.33 0.08262499499320984 -0.14687498092651374 0.2418477 0.23984769 "" "" 1.041719812644924 "" 1.508958483358464 "" 1.064550472292204 1.0178631669572689
98.71890331667 8.36669279104 0.0142 0.0125 21.9041 "" "" 3326139668934294400 1383.65283 0.6872 0.015 0.603 -3.816 0.02 0.017 1.073 "" "" 12.341993 0.380722 12.47711 12.096388 "" "" 1359.88586 1413.87109 217845.82546 56.732 139500.0 81.806 114970.0 50.89 "" "" 0.0027697900931818813 0.0028618937 0.003809815 0.006671709 98.71890331667 8.36669279104 1383.65283 0.6030000000000001 -3.8160000000000003 0.7926249949932098 -1.6328749809265135 0.24484769 0.2418477 "" "" 11.90426389753069 "" 1.8221635053706156 "" 12.164246845395002 11.699784654768116
98.66066531986 8.67564986762 0.0163 0.0159 38.7339 "" 733-808-1 3326342734985323776 1349.17041 0.7021 0.0207 -0.295 -2.668 0.019 0.016 1.128 "" "" 12.346017 0.339349 12.464222 12.124873 "" "" 1311.99963 1387.91235 217040.07586 58.778 141170.0 94.903 112000.0 50.116 "" "" 0.002770964820820477 0.0028840594 0.0038104798 0.0066945395 98.66066531986 8.67564986762 1349.17041 -0.29499999999999993 -2.668 -0.10537500500679015 -0.4848749809265138 0.24384768 0.24084769 "" "" 3.1731887868066533 "" 1.6303793629888885 "" 3.2643081062609958 3.085764765779645
98.24357673544 8.59623827489 0.0202 0.0187 38.3458 "" "" 3326349370714207104 1736.77881 0.5464 0.0235 -0.769 -1.244 0.024 0.02 1.46 6982.5 3.2001 12.364565 0.468659 12.532496 12.063837 19.05 21.16 1668.42053 1810.51709 213363.807 55.853 132560.0 131.32 118470.0 61.468 "" "" 0.002769940199045809 0.0029903043 0.0038211348 0.006811439 98.24357673544 8.59623827489 1736.77881 -0.7689999999999999 -1.2439999999999993 -0.5793750050067902 0.9391250190734863 0.2488477 0.24484769 -0.1999999999999993 30.7125 9.08407553820902 9.086276926436238 2.3964107917420874 2.333803793454357 9.469757411871221 8.726533302199105
98.36135287857 8.45216876742 0.0121 0.011 27.4569 "" "" 3326331980391135360 1643.16699 0.5941 0.0138 -0.634 2.062 0.014 0.012 1.083 4710.3 2.4289 12.378443 1.41917 13.023564 11.604394 83.03 0.93 1609.10364 1672.94934 210653.92636 49.881 84332.0 47.135 180880.0 73.285 "" "" 0.002767288583378281 0.0028553994 0.0038048963 0.0066602957 98.36135287857 8.45216876742 1643.16699 -0.634 2.062000000000001 -0.44437500500679017 4.245125019073486 0.23884769 0.23684768 63.78 10.4825 33.24428633142606 71.92406394028248 2.4907420373413824 9.982729958321622 33.846837975323645 32.555122194305966
98.74645019977 7.93339480681 0.0137 0.0131 12.8285 "" 733-2090-1 3325975051425028096 1427.96277 0.6698 0.0164 -0.096 -2.204 0.016 0.014 1.103 "" "" 12.385532 0.500158 12.56486 12.064702 "" "" 1398.4325 1458.60779 209282.94721 42.473 128670.0 83.526 118380.0 61.224 "" "" 0.002764116742574049 0.0028778112 0.0038208684 0.0066986796 98.74645019977 7.93339480681 1427.96277 -0.09600000000000003 -2.204000000000001 0.09362499499320984 -0.020874980926513853 0.24084769 0.23884769 "" "" 0.6492654428582778 "" 1.6432297621330751 "" 0.6631991061859994 0.6358386335379798
98.56216761276 8.16265518811 0.0191 0.0165 7.4774 "" 733-2219-1 3326030684140430464 1322.36499 0.7265 0.0203 0.614 -4.159 0.022 0.018 1.294 "" "" 12.389799 0.327692 12.503721 12.176029 "" "" 1281.4303 1376.01794 208462.18605 88.873 136120.0 106.65 106840.0 70.587 "" "" 0.002793930163655856 0.0029169668 0.0038468533 0.00676382 98.56216761276 8.16265518811 1322.36499 0.6139999999999999 -4.159 0.8036249949932098 -1.9758749809265135 0.24684769 0.24284768 "" "" 13.36996822042813 "" 2.0039267461795243 "" 13.912434363933802 12.95609193925626
98.22127575154 8.60440371107 0.0183 0.0165 39.4292 "" "" 3326349332057701376 1578.38245 0.5955 0.0204 0.623 -1.025 0.022 0.018 1.311 "" "" 12.40968 0.315829 12.51957 12.203741 "" "" 1521.98108 1633.74402 204679.67329 64.819 134150.0 116.61 104150.0 95.003 "" "" 0.0027766910016413238 0.002945465 0.0039069913 0.0068524564 98.22127575154 8.60440371107 1578.38245 0.623 -1.0249999999999997 0.8126249949932098 1.1581250190734864 0.24684769 0.24284768 "" "" 10.584750739642736 "" 2.201545459377238 "" 10.956009567948438 10.206518934781776
