Clusters/Basel_8/Basel_8_stars_in_region.tsv
# %ECSV 1.0
# ---
# datatype:
# - name: RA_ICRS_1
#   unit: deg
#   datatype: float64
#   format: '{:15.11f}'
#   description: Right ascension (ICRS) at Ep=2016.0 (ra)
#   meta: !!omap
#   - {ucd: POS_EQ_RA_MAIN}
#   - {width: 15}
#   - {precision: '11'}
# - name: DE_ICRS_1
#   unit: deg
#   datatype: float64
#   format: '{:15.11f}'
#   description: Declination (ICRS) at Ep=2016.0 (dec)
#   meta: !!omap
#   - {ucd: POS_EQ_DEC_MAIN}
#   - {width: 15}
#   - {precision: '11'}
# - name: e_RA_ICRS
#   unit: mas
#   datatype: float64
#   format: '{:7.4f}'
#   description: Standard error of right ascension (ra_error)
#   meta: !!omap
#   - {ucd: ERROR}
#   - {width: 7}
#   - {precision: '4'}
# - name: e_DE_ICRS
#   unit: mas
#   datatype: float64
#   format: '{:7.4f}'
#   description: Standard error of declination (dec_error)
#   meta: !!omap
#   - {ucd: ERROR}
#   - {width: 7}
#   - {precision: '4'}
# - name: _r_1
#   unit: ''
#   datatype: float64
#   format: '{:7.4f}'
#   description: Distance from center (098.55820660000+08.03809416000)[ICRS], at Epoch=J2016.0
#   meta: !!omap
#   - {ucd: POS_ANG_DIST_GENERAL}
#   - {width: 7}
#   - {precision: '4'}
# - name: HIP
#   datatype: int32
#   description: '? HIP cross-id number, van Leeuwen, Cat. I/311 (hip_original_ext_source_id)'
#   meta: !!omap
#   - {ucd: ID_NUMBER}
#   - {width: 6}
#   - values: {'null': -2147483648}
# - name: TYC2
#   datatype: string
#   description: Tycho-2 cross-id name, Hog et al., Cat. I/259 (tyc2_original_ext_source_id)
#   meta: !!omap
#   - {ucd: ID_CROSSID}
#   - {_votable_string_dtype: char}
# - name: Source
#   datatype: int64
#   description: Source identifier, identical to the Gaia-EDR3 source_id (id)
#   meta: !!omap
#   - {ucd: ID_MAIN}
#   - {width: 19}
# - name: rgeo
#   unit: pc
#   datatype: float64
#   format: '{:15.8f}'
#   description: '? Median of the geometric distance posterior (r_med_geo)'
#   meta: !!omap
#   - {ucd: PHYS_DISTANCE_TRUE}
#   - {width: 15}
#   - {precision: '8'}
#   - values: {'null': .nan}
# - name: Plx
#   unit: mas
#   datatype: float64
#   format: '{:9.4f}'
#   description: '? Parallax (parallax)'
#   meta: !!omap
#   - {ucd: POS_PARLX_TRIG}
#   - {width: 9}
#   - {precision: '4'}
#   - values: {'null': .nan}
# - name: e_Plx
#   unit: mas
#   datatype: float32
#   format: '{:7.4f}'
#   description: '? Standard error of parallax (parallax_error)'
#   meta: !!omap
#   - {ucd: ERROR}
#   - {width: 7}
#   - {precision: '4'}
#   - values: {'null': .nan}
# - name: pmRA
#   unit: mas / yr
#   datatype: float64
#   format: '{:9.3f}'
#   description: '? Proper motion in right ascension direction, pmRA*cosDE (pmra)'
#   meta: !!omap
#   - {ucd: POS_EQ_PMRA}
#   - {width: 9}
#   - {precision: '3'}
#   - values: {'null': .nan}
# - name: pmDE
#   unit: mas / yr
#   datatype: float64
#   format: '{:9.3f}'
#   description: '? Proper motion in declination direction (pmdec)'
#   meta: !!omap
#   - {ucd: POS_EQ_PMDEC}
#   - {width: 9}
#   - {precision: '3'}
#   - values: {'null': .nan}
# - name: e_pmRA
#   unit: mas / yr
#   datatype: float32
#   format: '{:6.3f}'
#   description: '? Standard error of proper motion in right ascension direction (pmra_error)'
#   meta: !!omap
#   - {ucd: ERROR}
#   - {width: 6}
#   - {precision: '3'}
#   - values: {'null': .nan}
# - name: e_pmDE
[...]
#       distance: !astropy.table.SerializedColumn
#         __class__: astropy.coordinates.distances.Distance
#         unit: !astropy.units.Unit {unit: pc}
#         value: !astropy.table.SerializedColumn {name: SkyCoord.distance}
#       frame: icrs
#       obstime: !astropy.time.Time {format: jyear_str, in_subfmt: '*', jd1: 367701545.0, jd2: 0.0, out_subfmt: '*', precision: 3, scale: tt}
#       pm_dec: !astropy.table.SerializedColumn
#         __class__: astropy.units.quantity.Quantity
#         unit: !astropy.units.Unit {unit: mas / yr}
#         value: !astropy.table.SerializedColumn {name: SkyCoord.pm_dec}
#       pm_ra_cosdec: !astropy.table.SerializedColumn
#         __class__: astropy.units.quantity.Quantity
#         unit: !astropy.units.Unit {unit: mas / yr}
#         value: !astropy.table.SerializedColumn {name: SkyCoord.pm_ra_cosdec}
#       ra: !astropy.table.SerializedColumn
#         __class__: astropy.coordinates.angles.Longitude
#         unit: *id001
#         value: !astropy.table.SerializedColumn {name: SkyCoord.ra}
#         wrap_angle: !astropy.coordinates.Angle
#           unit: *id001
#           value: 360.0
#       representation_type: spherical
# schema: astropy-2.0
RA_ICRS_1 DE_ICRS_1 e_RA_ICRS e_DE_ICRS _r_1 HIP TYC2 Source rgeo Plx e_Plx pmRA pmDE e_pmRA e_pmDE RUWE Teff logg Gmag BP-RP BPmag RPmag RV e_RV b_rgeo B_rgeo FG e_FG FBP e_FBP FRP e_FRP RAVE5 RAVE6 e_Gmag e_BPmag e_RPmag e_BP-RP SkyCoord.ra SkyCoord.dec SkyCoord.distance SkyCoord.pm_ra_cosdec SkyCoord.pm_dec rmRA rmDE e_rmRA e_rmDE rRV e_rRV v_pec v_pec3d e_v_pec e_v_pec3d v_trans_upper v_trans_lower
[from data line 1246]
98.29752496235 8.48984244419 0.04 0.0357 31.2131 "" "" 3326241446775689088 1564.29285 0.6024 0.0441 -3.496 -0.798 0.049 0.038 1.041 6127.2 4.4059 15.674646 1.011034 16.090807 15.079773 "" "" 1462.01782 1684.52344 10117.84626 5.6818 5001.4 14.066 7366.3 18.574 "" "" 0.0028219733747951318 0.0041363197 0.004666748 0.008803068 98.29752496235 8.48984244419 1564.29285 -3.496 -0.7980000000000003 -3.30637500500679 1.3851250190734863 0.2738477 0.2628477 "" "" 26.58028141544521 "" 3.9089387418328783 "" 28.623225559148867 24.842436050254733
98.46207517255 8.00706336232 0.0383 0.0366 6.0072 "" "" 3326021338291708544 1717.15857 0.5574 0.0486 -0.713 -0.753 0.041 0.033 1.053 6122.0 4.4539 15.674913 0.936884 16.054224 15.11734 "" "" 1553.81384 1862.43188 10115.36115 5.0526 5172.8 14.419 7115.8 15.189 "" "" 0.002808185062587261 0.0041163648 0.004433371 0.008549736 98.46207517255 8.00706336232 1717.15857 -0.7130000000000007 -0.753 -0.5233750050067901 1.4301250190734862 0.26584768 0.2578477 "" "" 12.395266685764495 "" 3.220379352317543 "" 13.443918482536962 11.216166790485635
97.92820666043 7.87806593725 0.0319 0.0312 38.6477 "" "" 3326004566441847680 1270.59106 0.7482 0.0375 -3.024 0.853 0.043 0.036 1.001 5550.8 4.4483 15.675674 1.172253 16.184898 15.012646 "" "" 1219.46411 1323.15417 10108.27885 4.4165 4586.3 17.321 7836.1 17.331 "" "" 0.0027958584889956335 0.004959737 0.0044777235 0.00943746 97.92820666043 7.87806593725 1270.59106 -3.024000000000006 0.8530000000000001 -2.83437500500679 3.036125019073486 0.2678477 0.2608477 "" "" 25.015002396261877 "" 2.6114615454534564 "" 26.04984859028828 24.008430874529648
98.00822332481 8.43706536038 0.0315 0.0314 40.4922 "" "" 3326246875614525184 1536.70166 0.6019 0.0384 0.944 -9.008 0.043 0.037 1.048 5927.0 4.4889 15.676675 1.155475 16.171768 15.016294 "" "" 1471.01733 1628.58142 10098.96758 4.0939 4642.0 11.586 7809.8 11.934 "" "" 0.0027902521422654364 0.0038895486 0.0041275066 0.008017056 98.00822332481 8.43706536038 1536.70166 0.9440000000000001 -9.008 1.1336249949932098 -6.824874980926513 0.2678477 0.26184767 "" "" 50.39326605758253 "" 4.491986302661736 "" 53.40629149479513 48.239270910922734
98.86237513446 8.42817395261 0.0356 0.0309 29.5638 "" "" 3326134587988664704 1368.96912 0.689 0.0386 -2.074 0.939 0.041 0.037 1.059 5838.4 3.925 15.677124 1.028625 16.10211 15.073485 "" "" 1289.57056 1467.91565 10094.78504 4.777 4949.6 14.725 7409.1 19.645 "" "" 0.002802813889351457 0.004268288 0.004750915 0.0090192035 98.86237513446 8.42817395261 1368.96912 -2.074 0.9390000000000001 -1.88437500500679 3.1221250190734864 0.26584768 0.26184767 "" "" 23.663221780438395 "" 3.247461983506004 "" 25.373555234705645 22.290783420157886
97.93617004186 7.76462857686 0.0315 0.0286 40.4455 "" "" 3325999657296592640 1346.30835 0.7092 0.0352 -0.822 -1.891 0.043 0.035 0.942 6264.6 4.5119 15.677868 1.171455 16.179214 15.007759 "" "" 1284.09167 1411.94751 10087.8705 4.8214 4610.3 21.689 7871.4 15.441 "" "" 0.0028037589677846948 0.0058202026 0.0043381983 0.010158401 97.93617004186 7.76462857686 1346.30835 -0.8219999999999998 -1.8909999999999998 -0.6323750050067901 0.2921250190734863 0.2678477 0.2598477 "" "" 4.445278942569884 "" 1.9114821633232653 "" 4.66200817533144 4.239850150955683
98.03669582953 8.33873397089 0.0319 0.03 35.8416 "" "" 3326233200438694400 1221.49255 0.7777 0.0371 0.513 -2.435 0.037 0.034 0.954 5645.7 4.5853 15.679314 1.035543 16.095766 15.060223 "" "" 1172.32288 1274.68237 10074.4494 8.4131 4978.6 28.929 7500.1 26.62 "" "" 0.0029006683667171704 0.0068983105 0.00539758 0.012295891 98.03669582953 8.33873397089 1221.49255 0.5129999999999959 -2.434999999999997 0.7026249949932099 -0.2518749809265137 0.26184767 0.25884768 "" "" 4.321600978513666 "" 1.6951696361149453 "" 4.509784834533882 4.147640282654167
99.09936748972 7.7237305471 0.0355 0.035 37.2857 "" "" 3133800970314015488 1687.27966 0.5664 0.0433 -1.637 -5.211 0.046 0.041 1.088 4989.6 4.1936 15.682431 1.331151 16.270164 14.939013 "" "" 1550.79688 1851.74646 10045.56116 6.6247 4239.9 7.7812 8386.0 21.256 "" "" 0.0028468321358514057 0.0034286168 0.004675181 0.008103798 99.09936748972 7.7237305471 1687.27966 -1.6369999999999996 -5.2109999999999905 -1.4473750050067902 -3.027874980926514 0.27084768 0.26584768 "" "" 26.84052075482696 "" 4.527354447276265 "" 29.456788030211516 24.669411260585516
98.92931977997 7.95814070552 0.0353 0.0327 22.566 "" "" 3325973097219546496 1680.75549 0.5699 0.037 -0.706 1.867 0.045 0.042 0.981 6161.2 4.2268 15.682516 1.205727 16.197865 14.992138 "" "" 1584.56873 1781.79224 10044.77385 4.459 4531.8 16.834 7985.5 20.105 "" "" 0.002797156808313607 0.004904191 0.0046643326 0.009568524 98.92931977997 7.95814070552 1680.75549 -0.7059999999999998 1.866999999999999 -0.5163750050067901 4.050125019073486 0.2698477 0.2668477 "" "" 32.52765161020198 "" 4.034734339826583 "" 34.483015268616725 30.66614978116787
98.42643459527 8.18323478557 0.0404 0.038 11.7091 "" "" 3326041988494398336 1428.349 0.6536 0.0435 -3.348 -4.817 0.053 0.042 0.882 6065.8 4.4171 15.683334 1.06223 16.129019 15.066789 "" "" 1352.13135 1506.31982 10037.21173 4.4971 4828.5 21.188 7454.9 15.909 "" "" 0.002797932991426051 0.0055212234 0.0044330806 0.0099543035 98.42643459527 8.18323478557 1428.349 -3.3479999999999994 -4.817 -3.15837500500679 -2.633874980926514 0.27784768 0.2668477 "" "" 27.84314260860907 "" 3.3537632497520624 "" 29.363046119984926 26.35741405190266
98.65309535153 8.09433867466 0.0425 0.0353 6.5699 "" "" 3326026389173128320 1645.75049 0.573 0.0478 1.893 -3.425 0.05 0.04 1.082 5879.6 4.4109 15.684299 1.071446 16.134678 15.063231 "" "" 1523.64355 1819.35474 10028.29941 5.3194 4803.4 20.168 7479.4 30.674 "" "" 0.002814865784477223 0.0053447676 0.0058404347 0.011185203 98.65309535153 8.09433867466 1645.75049 1.8930000000000011 -3.425 2.0826249949932096 -1.2418749809265135 0.2748477 0.2648477 "" "" 18.915398673079544 "" 3.8232378368812223 "" 20.910715472341725 17.511965124139934
98.38750536898 8.23187745404 0.0357 0.0356 15.4268 "" "" 3326045527547123456 1596.84802 0.5829 0.0441 1.567 -4.927 0.046 0.04 1.042 4840.4 4.2479 15.6883 1.123656 16.169415 15.045758 "" "" 1490.86462 1682.37769 9991.40826 4.4568 4652.1 18.698 7600.7 17.422 "" "" 0.0027975601239065774 0.0051796027 0.0045251795 0.009704782 98.38750536898 8.23187745404 1596.84802 1.567000000000003 -4.927 1.7566249949932098 -2.7438749809265133 0.27084768 0.2648477 "" "" 24.660016302288604 "" 3.496717311810974 "" 25.980845229094907 23.023321802224675
98.89815867722 7.70072308352 0.0348 0.0322 28.6006 "" "" 3325953683967469824 1532.52124 0.617 0.0391 0.477 -3.032 0.043 0.036 0.98 6127.3 4.2602 15.68842 1.198357 16.202532 15.004175 "" "" 1447.45728 1624.02307 9990.30438 4.8683 4512.4 18.236 7897.5 18.46 "" "" 0.0028056580467531013 0.0051997877 0.0045524086 0.009752196 98.89815867722 7.70072308352 1532.52124 0.477 -3.032 0.6666249949932098 -0.8488749809265137 0.2678477 0.2608477 "" "" 7.840497752662604 "" 2.3660551301309702 "" 8.308628225346634 7.405303923171157
98.98504567973 7.5781667751 0.033 0.0324 37.4873 "" "" 3133792449098960768 1632.82715 0.5699 0.041 0.488 -0.654 0.041 0.036 0.939 6863.9 4.4237 15.690046 1.051926 16.131845 15.07992 "" "" 1537.32043 1773.9115 9975.34767 4.0797 4815.9 11.11 7365.3 12.782 "" "" 0.0027908713855341635 0.0037494958 0.0042230356 0.007972531 98.98504567973 7.5781667751 1632.82715 0.4879999999999999 -0.6539999999999996 0.6776249949932098 1.5291250190734864 0.26584768 0.2608477 "" "" 12.944812346211727 "" 2.9630892199285324 "" 14.06330822358445 12.187649184022645
98.87415468095 7.47446106876 0.0344 0.0395 38.6842 "" "" 3133788978765440768 1642.02917 0.5547 0.0496 0.426 -4.107 0.042 0.035 0.989 6516.9 4.3613 15.690715 1.164594 16.191406 15.026813 "" "" 1543.74414 1797.81458 9969.20952 4.4737 4558.8 14.98 7734.5 16.304 "" "" 0.0027980669321292758 0.0045291693 0.0044183494 0.008947519 98.87415468095 7.47446106876 1642.02917 0.42600000000000005 -4.107 0.6156249949932098 -1.9238749809265139 0.2668477 0.2598477 "" "" 15.721887197371938 "" 3.2438938997281808 "" 17.213481066569972 14.780840483292968
98.36081959745 8.31718410355 0.036 0.0346 20.4409 "" "" 3326048310685923712 1324.19946 0.7179 0.0434 1.771 -3.252 0.042 0.035 1.019 5567.9 4.4148 15.69111 1.261178 16.243404 14.982226 "" "" 1253.0907 1388.33557 9965.58466 4.1553 4345.7 17.233 8058.7 22.833 "" "" 0.002792264198008957 0.005130549 0.0048730965 0.010003645 98.36081959745 8.31718410355 1324.19946 1.771 -3.252 1.9606249949932097 -1.0688749809265135 0.2668477 0.2598477 "" "" 14.016241766323207 "" 2.3807227419769035 "" 14.69510265614074 13.263577532595566
98.1039194926 8.3853721573 0.0343 0.033 34.0876 "" "" 3326239625709709952 1692.11792 0.5569 0.0415 1.0 -0.673 0.042 0.035 1.01 5828.8 4.4326 15.691243 1.052013 16.129507 15.077494 "" "" 1563.79688 1796.01685 9964.3602 4.4664 4826.3 13.745 7381.8 12.381 "" "" 0.002797969774996635 0.004164875 0.0041952217 0.008360097 98.1039194926 8.3853721573 1692.11792 1.0 -0.673 1.1896249949932098 1.5101250190734863 0.2668477 0.2598477 "" "" 15.419008645493328 "" 3.1638448366881122 "" 16.365762108116964 14.24971470813068
97.9999704111 8.32267123204 0.0357 0.0331 37.2919 "" "" 3326244775372910848 1472.24292 0.6412 0.0411 1.589 -3.098 0.043 0.036 1.108 5085.2 4.324 15.696194 1.04493 16.112577 15.067648 "" "" 1380.76892 1554.11377 9919.03354 6.6088 4902.1 16.56 7449.0 19.468 "" "" 0.002848700523040916 0.0046084276 0.0047260523 0.00933448 97.9999704111 8.32267123204 1472.24292 1.5890000000000004 -3.098 1.7786249949932098 -0.9148749809265135 0.2678477 0.2608477 "" "" 13.95774057239296 "" 2.6807488411040516 "" 14.733925038432911 13.090512519349192
98.96129969924 8.39042544677 0.0363 0.0325 31.9358 "" "" 3326134828506812800 1727.79724 0.5484 0.0414 0.244 -3.589 0.042 0.033 0.954 7045.4 4.4501 15.696292 0.976404 16.094955 15.118551 "" "" 1601.62842 1876.10486 9918.13665 4.2914 4982.4 14.85 7107.8 16.094 "" "" 0.0027950816272260142 0.004272812 0.0045085996 0.008781412 98.96129969924 8.39042544677 1727.79724 0.24399999999999994 -3.5889999999999995 0.43362499499320983 -1.4058749809265136 0.2668477 0.2578477 "" "" 12.049011735052115 "" 3.075263191955423 "" 13.083253608119147 11.169157573010697
98.48642699109 7.89711394073 0.0381 0.0405 9.4733 "" "" 3326016424849167360 1338.13562 0.7172 0.0522 3.163 -4.172 0.045 0.036 1.071 5595.7 4.538 15.697494 1.075767 16.150381 15.074615 "" "" 1245.94031 1431.16113 9907.16232 4.5402 4734.4 29.778 7401.4 20.116 "" "" 0.0027998858137448642 0.0073769786 0.004794939 0.012171918 98.48642699109 7.89711394073 1338.13562 3.163 -4.172 3.3526249949932097 -1.9888749809265134 0.2698477 0.2608477 "" "" 24.72515862043377 "" 3.408097016095252 "" 26.44402063719762 23.02163647384442
98.64261677238 8.4525182868 0.0316 0.0296 25.3656 "" "" 3326144444939019136 1715.1449 0.5428 0.0379 2.106 -2.522 0.047 0.039 0.959 6074.3 4.296 15.69813 1.049199 16.135693 15.086493 "" "" 1610.60645 1808.6947 9901.36342 4.2287 4798.9 19.455 7320.8 17.235 "" "" 0.0027940662506054613 0.00521147 0.004562604 0.009774074 98.64261677238 8.4525182868 1715.1449 2.106000000000011 -2.5219999999999985 2.2956249949932097 -0.33887498092651347 0.2718477 0.26384768 "" "" 18.865188057837226 "" 3.2981009611458743 "" 19.894159178453954 17.715350794218967
98.70491375578 8.08969475227 0.042 0.0359 9.249 "" "" 3326026526612064128 1656.75879 0.5681 0.0492 -3.209 0.11 0.049 0.039 0.914 5199.0 4.2946 15.699553 1.246963 16.24028 14.993317 "" "" 1549.13354 1811.46387 9888.39705 4.7962 4358.2 29.043 7976.8 9.665 "" "" 0.002805194445936081 0.007754683 0.0040017897 0.011756472 98.70491375578 8.08969475227 1656.75879 -3.209 0.11 -3.0193750050067902 2.293125019073486 0.2738477 0.26384768 "" "" 29.774348918616774 "" 4.479374011616192 "" 32.55462270331329 27.840167693627855
98.06207338894 8.13810800337 0.0338 0.0346 30.0766 "" "" 3326225366418443904 1251.8739 0.7741 0.0426 -3.484 -7.233 0.038 0.036 0.972 5690.1 4.5759 15.701918 0.968876 16.090162 15.121286 "" "" 1189.60205 1317.35986 9866.88016 4.6283 5004.4 11.345 7090.0 18.717 "" "" 0.002801993337196694 0.0037206705 0.004743324 0.008463995 98.06207338894 8.13810800337 1251.8739 -3.4840000000000004 -7.233 -3.29437500500679 -5.049874980926513 0.2628477 0.2608477 "" "" 35.77798587353055 "" 3.3770219143325066 "" 37.64954478357299 33.99828476336393
98.30641658552 7.84233310492 0.0376 0.0341 19.0221 "" "" 3325994743854359808 1686.49231 0.5596 0.0441 3.048 3.766 0.042 0.035 0.999 6364.9 4.4949 15.70192 1.026065 16.126368 15.100303 "" "" 1577.26575 1803.13708 9866.84928 4.3475 4840.3 13.878 7228.3 11.529 "" "" 0.002796542482944341 0.0041804076 0.004157236 0.008337643 98.30641658552 7.84233310492 1686.49231 3.048 3.7659999999999982 3.23762499499321 5.949125019073486 0.2668477 0.2598477 "" "" 54.14364026252439 "" 5.715853460461192 "" 57.88843792803221 50.636998971196455
97.87372033114 8.11709956345 0.0331 0.0289 40.9371 "" "" 3326205540849507072 1280.10303 0.74 0.0356 0.268 -3.923 0.04 0.033 1.002 4854.8 4.2904 15.701977 1.243303 16.248482 15.005178 "" "" 1231.5918 1342.01392 9866.33689 13.523 4325.4 24.837 7890.2 37.091 "" "" 0.0031315053614884777 0.006830318 0.006350893 0.013181211 97.87372033114 8.11709956345 1280.10303 0.26800000000000007 -3.9229999999999996 0.45762499499320985 -1.7398749809265137 0.2648477 0.2578477 "" "" 10.916082644889254 "" 2.0381350191681853 "" 11.444027955555889 10.502402977335283
98.60295219921 8.6073052366 0.0349 0.0346 34.2558 "" "" 3326340604684203520 1325.30859 0.7251 0.045 -5.735 0.137 0.042 0.036 1.017 5767.1 4.4944 15.703836 1.112112 16.177837 15.065725 "" "" 1249.33484 1409.1543 9849.45468 5.0211 4616.2 11.861 7462.2 17.641 "" "" 0.0028103633776350163 0.0039455798 0.004568571 0.008514151 98.60295219921 8.6073052366 1325.30859 -5.735 0.137 -5.5453750050067905 2.3201250190734863 0.2668477 0.2608477 "" "" 37.76194544765065 "" 3.9476297546485073 "" 40.15095669448753 35.5972295282032
98.62410044693 7.52669090285 0.0384 0.0397 30.9332 "" "" 3325923928434192640 1452.02002 0.6521 0.0513 -1.44 -4.463 0.043 0.037 1.034 5812.5 4.5087 15.704735 1.192077 16.219494 15.027417 "" "" 1344.40845 1564.93115 9841.30383 4.4649 4442.4 15.705 7730.2 13.176 "" "" 0.0027990055145279843 0.0047453116 0.0042081494 0.008953461 98.62410044693 7.52669090285 1452.02002 -1.4400000000000002 -4.463 -1.25037500500679 -2.2798749809265138 0.2678477 0.26184767 "" "" 17.896372383737766 "" 3.170807113819089 "" 19.288019606858438 16.570043061144357
98.82088573536 8.22921919322 0.0376 0.0323 19.3632 "" "" 3326123038821441152 1263.61206 0.752 0.0425 -1.931 -4.874 0.05 0.044 1.077 5657.4 4.5813 15.70587 1.09315 16.165985 15.072835 "" "" 1201.86694 1330.74377 9831.0253 4.3665 4666.8 13.629 7413.5 15.13 "" "" 0.0027972022117077073 0.004223628 0.004381063 0.00860469 98.82088573536 8.22921919322 1263.61206 -1.931000000000001 -4.874000000000001 -1.7413750050067902 -2.6908749809265133 0.2748477 0.2688477 "" "" 19.197508618280917 "" 2.599944413409198 "" 20.217411499933487 18.259441856448344
98.95012708569 8.57935049374 0.0347 0.0309 39.9508 "" "" 3326172521139731712 1572.44067 0.6034 0.0387 -3.966 -3.225 0.038 0.033 1.018 6362.1 4.3934 15.706051 1.029228 16.126343 15.097115 "" "" 1477.0105 1676.93506 9829.38942 4.829 4840.4 24.479 7249.6 16.522 "" "" 0.0028064760004656345 0.0061590653 0.0045173517 0.0106764175 98.95012708569 8.57935049374 1572.44067 -3.9660000000000046 -3.2250000000000068 -3.7763750050067904 -1.0418749809265138 0.2628477 0.2578477 "" "" 29.19829193149066 "" 3.8126648815165685 "" 31.1386244112039 27.426270884278892
