Clusters/Basel_8/Basel_8_all_dias_members.tsv
# %ECSV 1.0
# ---
# datatype:
# - name: RA_ICRS_1
#   unit: deg
#   datatype: float64
#   format: '{:15.11f}'
#   description: Right ascension (ICRS) at Ep=2016.0 (ra)
#   meta: !!omap
#   - {ucd: POS_EQ_RA_MAIN}
#   - {width: 15}
#   - {precision: '11'}
# - name: DE_ICRS_1
#   unit: deg
#   datatype: float64
#   format: '{:15.11f}'
#   description: Declination (ICRS) at Ep=2016.0 (dec)
#   meta: !!omap
#   - {ucd: POS_EQ_DEC_MAIN}
#   - {width: 15}
#   - {precision: '11'}
# - name: e_RA_ICRS
#   unit: mas
#   datatype: float64
#   format: '{:7.4f}'
#   description: Standard error of right ascension (ra_error)
#   meta: !!omap
#   - {ucd: ERROR}
#   - {width: 7}
#   - {precision: '4'}
# - name: e_DE_ICRS
#   unit: mas
#   datatype: float64
#   format: '{:7.4f}'
#   description: Standard error of declination (dec_error)
#   meta: !!omap
#   - {ucd: ERROR}
#   - {width: 7}
#   - {precision: '4'}
# - name: _r_1
#   unit: ''
#   datatype: float64
#   format: '{:7.4f}'
#   description: Distance from center (098.55820660000+08.03809416000)[ICRS], at Epoch=J2016.0
#   meta: !!omap
#   - {ucd: POS_ANG_DIST_GENERAL}
#   - {width: 7}
#   - {precision: '4'}
# - name: HIP
#   datatype: int32
#   description: '? HIP cross-id number, van Leeuwen, Cat. I/311 (hip_original_ext_source_id)'
#   meta: !!omap
#   - {ucd: ID_NUMBER}
#   - {width: 6}
#   - values: {'null': -2147483648}
# - name: TYC2
#   datatype: string
#   description: Tycho-2 cross-id name, Hog et al., Cat. I/259 (tyc2_original_ext_source_id)
#   meta: !!omap
#   - {ucd: ID_CROSSID}
#   - {_votable_string_dtype: char}
# - name: Source
#   datatype: int64
#   description: Source identifier, identical to the Gaia-EDR3 source_id (id)
#   meta: !!omap
#   - {ucd: ID_MAIN}
#   - {width: 19}
# - name: rgeo
#   unit: pc
#   datatype: float64
#   format: '{:15.8f}'
#   description: '? Median of the geometric distance posterior (r_med_geo)'
#   meta: !!omap
#   - {ucd: PHYS_DISTANCE_TRUE}
#   - {width: 15}
#   - {precision: '8'}
#   - values: {'null': .nan}
# - name: Plx
#   unit: mas
#   datatype: float64
#   format: '{:9.4f}'
#   description: '? Parallax (parallax)'
#   meta: !!omap
#   - {ucd: POS_PARLX_TRIG}
#   - {width: 9}
#   - {precision: '4'}
#   - values: {'null': .nan}
# - name: e_Plx
#   unit: mas
#   datatype: float32
#   format: '{:7.4f}'
#   description: '? Standard error of parallax (parallax_error)'
#   meta: !!omap
#   - {ucd: ERROR}
#   - {width: 7}
#   - {precision: '4'}
#   - values: {'null': .nan}
# - name: pmRA
#   unit: mas / yr
#   datatype: float64
#   format: '{:9.3f}'
#   description: '? Proper motion in right ascension direction, pmRA*cosDE (pmra)'
#   meta: !!omap
#   - {ucd: POS_EQ_PMRA}
#   - {width: 9}
#   - {precision: '3'}
#   - values: {'null': .nan}
# - name: pmDE
#   unit: mas / yr
#   datatype: float64
#   format: '{:9.3f}'
#   description: '? Proper motion in declination direction (pmdec)'
#   meta: !!omap
#   - {ucd: POS_EQ_PMDEC}
#   - {width: 9}
#   - {precision: '3'}
#   - values: {'null': .nan}
# - name: e_pmRA
#   unit: mas / yr
#   datatype: float32
#   format: '{:6.3f}'
#   description: '? Standard error of proper motion in right ascension direction (pmra_error)'
#   meta: !!omap
#   - {ucd: ERROR}
#   - {width: 6}
#   - {precision: '3'}
#   - values: {'null': .nan}
# - name: e_pmDE
[...]
#       distance: !astropy.table.SerializedColumn
#         __class__: astropy.coordinates.distances.Distance
#         unit: !astropy.units.Unit {unit: pc}
#         value: !astropy.table.SerializedColumn {name: SkyCoord.distance}
#       frame: icrs
#       obstime: !astropy.time.Time {format: jyear_str, in_subfmt: '*', jd1: 367701545.0, jd2: 0.0, out_subfmt: '*', precision: 3, scale: tt}
#       pm_dec: !astropy.table.SerializedColumn
#         __class__: astropy.units.quantity.Quantity
#         unit: !astropy.units.Unit {unit: mas / yr}
#         value: !astropy.table.SerializedColumn {name: SkyCoord.pm_dec}
#       pm_ra_cosdec: !astropy.table.SerializedColumn
#         __class__: astropy.units.quantity.Quantity
#         unit: !astropy.units.Unit {unit: mas / yr}
#         value: !astropy.table.SerializedColumn {name: SkyCoord.pm_ra_cosdec}
#       ra: !astropy.table.SerializedColumn
#         __class__: astropy.coordinates.angles.Longitude
#         unit: *id001
#         value: !astropy.table.SerializedColumn {name: SkyCoord.ra}
#         wrap_angle: !astropy.coordinates.Angle
#           unit: *id001
#           value: 360.0
#       representation_type: spherical
# schema: astropy-2.0
RA_ICRS_1 DE_ICRS_1 e_RA_ICRS e_DE_ICRS _r_1 HIP TYC2 Source rgeo Plx e_Plx pmRA pmDE e_pmRA e_pmDE RUWE Teff logg Gmag BP-RP BPmag RPmag RV e_RV b_rgeo B_rgeo FG e_FG FBP e_FBP FRP e_FRP RAVE5 RAVE6 e_Gmag e_BPmag e_RPmag e_BP-RP SkyCoord.ra SkyCoord.dec SkyCoord.distance SkyCoord.pm_ra_cosdec SkyCoord.pm_dec rmRA rmDE e_rmRA e_rmDE rRV e_rRV v_pec v_pec3d e_v_pec e_v_pec3d v_trans_upper v_trans_lower Pmemb
[from data line 30]
98.64151941861 7.94908844256 0.0346 0.037 7.2817 "" "" 3325975880357798016 1440.24756 0.6696 0.0445 -0.091 -2.419 0.04 0.034 0.911 5454.4 4.3138 15.674551 1.150412 16.15089 15.000479 "" "" 1360.50305 1538.63452 10118.74099 4.7518 4732.2 22.066 7924.4 25.379 "" "" 0.002802097902818825 0.0057806824 0.00513564 0.0109163225 98.64151941861 7.94908844256 1440.24756 -0.091 -2.419000000000002 0.09862499499320984 -0.2358749809265137 0.2648477 0.25884768 "" "" 1.7453577383034364 "" 1.881183758898886 "" 1.8645875476454852 1.6487197008706802 0.6
98.68684485067 7.97652488927 0.0146 0.014 8.489 "" "" 3325976254015869696 1304.12708 0.7327 0.0175 -0.107 -2.33 0.017 0.015 1.182 "" "" 12.331266 0.46282 12.493953 12.031133 "" "" 1274.26099 1332.70874 220008.90341 54.173 137350.0 105.51 122100.0 60.913 "" "" 0.0027682595730513775 0.0029121605 0.0038179983 0.006730159 98.68684485067 7.97652488927 1304.12708 -0.107 -2.33 0.08262499499320984 -0.14687498092651374 0.2418477 0.23984769 "" "" 1.041719812644924 "" 1.508958483358464 "" 1.064550472292204 1.0178631669572689 0.4
98.81910885193 7.97153191224 0.0412 0.0378 16.0078 "" "" 3325976670632361344 1429.69446 0.6858 0.046 -0.281 -2.353 0.054 0.046 1.031 5366.6 4.3893 16.068512 1.278554 16.487743 15.209189 "" "" 1325.59314 1520.62085 7039.49949 5.3331 3469.9 42.659 6538.6 42.724 "" "" 0.0028754786926274366 0.0136365555 0.008038237 0.021674793 98.81910885193 7.97153191224 1429.69446 -0.28100000000000064 -2.352999999999985 -0.09137500500679019 -0.16987498092651387 0.2788477 0.27084768 "" "" 1.3071737665582979 "" 1.9369289899739333 "" 1.3903080270742467 1.2119936295602913 0.1
98.77803258341 7.98223723146 0.0634 0.0597 13.484 "" "" 3325976979869354496 1376.23999 0.719 0.0682 -0.324 -2.534 0.07 0.064 1.009 4698.7 4.5428 16.668604 1.363182 17.290012 15.92683 "" "" 1265.71155 1513.26501 4050.47076 3.8296 1657.3 8.3146 3376.2 17.805 "" "" 0.002940332630690922 0.006120117 0.0068606716 0.012980789 98.77803258341 7.98223723146 1376.23999 -0.324 -2.5340000000000003 -0.13437500500679017 -0.3508749809265135 0.2948477 0.28884768 "" "" 2.4510014009207133 "" 2.109753038548174 "" 2.695034795111787 2.2541568365641864 0.6
98.00934166223 7.63942090513 0.0453 0.0375 40.4539 "" "" 3325983989256544896 1344.02307 0.721 0.0486 -0.094 -2.265 0.059 0.045 0.982 5497.2 4.5231 16.143003 1.331389 16.736265 15.404876 "" "" 1250.82141 1414.42969 6572.72067 4.8894 2760.0 16.176 5460.2 17.614 "" "" 0.0028712579992238203 0.006948192 0.0051527647 0.012100957 98.00934166223 7.63942090513 1344.02307 -0.09399999999999997 -2.265 0.09562499499320984 -0.0818749809265138 0.2838477 0.2698477 "" "" 0.8019873726697812 "" 1.8199341821150523 "" 0.8439994641678531 0.7463733314376897 0.1
98.04306940151 7.64179784873 0.0553 0.0466 38.7675 "" "" 3325984057976000256 1456.12061 0.6651 0.0593 0.143 -2.101 0.074 0.057 1.119 5470.4 4.5964 16.411863 1.449264 17.064402 15.615137 "" "" 1351.94287 1563.56323 5130.99183 3.9094 2040.1 12.556 4498.9 16.531 "" "" 0.0028768246973581366 0.007241395 0.0054954286 0.012736823 98.04306940151 7.64179784873 1456.12061 0.143 -2.101 0.33262499499320985 0.08212501907348635 0.29884768 0.2818477 "" "" 2.3647213317557836 "" 2.2279241929047164 "" 2.5392067787090618 2.1955380083550473 0.2
97.99322559816 7.63310231981 0.0215 0.018 41.4516 "" "" 3325984367213679488 1503.51074 0.618 0.0233 -0.15 -2.296 0.031 0.028 0.983 8652.5 4.1759 14.484623 0.819671 14.806904 13.987233 "" "" 1461.66589 1567.3385 30275.93824 13.474 16318.0 19.106 20150.0 26.739 "" "" 0.0027973679881616053 0.0030661207 0.0040446934 0.007110814 97.99322559816 7.63310231981 1503.51074 -0.15 -2.296 0.039624994993209844 -0.11287498092651349 0.2558477 0.2528477 "" "" 0.8525470841867925 "" 1.8342730353588967 "" 0.8887398224429719 0.8288194819112453 0.4
98.3343889693 7.69514422918 0.0166 0.0176 24.5025 "" "" 3325988181144406528 1654.75732 0.5664 0.021 -0.721 -2.128 0.02 0.018 1.13 7198.0 3.8034 13.837167 0.701586 14.107884 13.406299 "" "" 1608.23877 1700.12305 54964.20509 19.699 31064.0 35.683 34406.0 24.617 "" "" 0.002782661899880813 0.003056223 0.0038583921 0.006914615 98.3343889693 7.69514422918 1654.75732 -0.7210000000000002 -2.1280000000000006 -0.5313750050067901 0.055125019073486214 0.24484769 0.24284768 "" "" 4.190233646442056 "" 2.0366449068636725 "" 4.305110315028968 4.072437767228966 0.3
98.18329788114 7.74332630603 0.0407 0.0367 28.4475 "" "" 3325992098154630016 1568.8396 0.6092 0.0456 0.313 -2.586 0.05 0.043 0.968 4919.9 4.3338 15.992676 1.135582 16.474651 15.339069 "" "" 1469.81396 1690.51514 7548.77199 4.2179 3512.0 15.522 5801.4 16.652 "" "" 0.002821315986750268 0.005550849 0.00489856 0.010449409 98.18329788114 7.74332630603 1568.8396 0.313 -2.5859999999999994 0.5026249949932098 -0.4028749809265135 0.2748477 0.2678477 "" "" 4.7901554477309025 "" 2.3605823913351878 "" 5.161668731043358 4.487799356699647 0.1
98.04400567498 7.88147576273 0.0219 0.0215 31.9672 "" "" 3326006701042906112 1563.86609 0.5967 0.0266 -0.354 -2.435 0.028 0.024 1.013 5724.7 3.5343 14.96808 1.423308 15.613637 14.190329 "" "" 1516.79944 1634.51245 19396.12117 5.6957 7761.8 19.843 16712.0 12.057 "" "" 0.002773705235955265 0.0039356626 0.0038597027 0.0077953655 98.04400567498 7.88147576273 1563.86609 -0.3540000000000003 -2.435 -0.16437500500679014 -0.2518749809265137 0.2528477 0.2488477 "" "" 2.229495253486507 "" 1.9374532079330387 "" 2.330210861621535 2.1623955999781233 0.2
98.07585842708 8.01887635671 0.0566 0.0574 28.6804 "" "" 3326013401191845760 1178.45703 0.8532 0.0683 -0.211 -1.89 0.066 0.057 1.011 4706.6 4.7488 16.755512 1.237816 17.286661 16.048845 "" "" 1087.35925 1270.5166 3738.88222 3.7219 1662.5 12.76 3017.3 16.01 "" "" 0.0029597175733070656 0.008787933 0.0068900464 0.01567798 98.07585842708 8.01887635671 1178.45703 -0.211 -1.8900000000000008 -0.021375005006790154 0.2931250190734864 0.2908477 0.2818477 "" "" 1.6417105935742382 "" 1.7022176820890191 "" 1.769958944987517 1.5148021135280072 0.3
98.52379742925 7.91992598064 0.0227 0.0265 7.379 "" "" 3326016596647830912 1410.45923 0.6642 0.0354 -0.248 -2.149 0.028 0.022 1.082 7071.4 4.0654 14.581713 0.859515 14.924206 14.064691 -26.39 10.04 1348.32471 1471.16455 27686.09151 28.666 14647.0 49.059 18762.0 62.746 "" "" 0.002975825015476337 0.0045836484 0.0052410103 0.009824659 98.52379742925 7.91992598064 1410.45923 -0.248 -2.149 -0.05837500500679016 0.03412501907348631 0.2528477 0.24684769 -45.64 19.592499 0.45206355947805554 45.64223878669634 1.6999923703803184 19.59153778457695 0.47152010416559986 0.43214894466309184 0.3
98.60770832187 7.93143460811 0.0203 0.02 7.0431 "" "" 3326016798508108672 1511.01904 0.6198 0.0249 -0.245 -2.343 0.025 0.021 1.438 9597.4 4.3871 13.483398 0.512927 13.673089 13.160162 "" "" 1452.77795 1585.7561 76135.52692 33.837 46364.0 46.645 43161.0 36.681 "" "" 0.002797253908202992 0.002996365 0.0038903926 0.006886758 98.60770832187 7.93143460811 1511.01904 -0.24499999999999997 -2.343 -0.05537500500679016 -0.15987498092651364 0.2498477 0.24584769 "" "" 1.2118019626808572 "" 1.817231487814155 "" 1.2717393384488005 1.165093969397945 0.6
98.50096120785 7.97713048537 0.0175 0.0188 4.9948 "" "" 3326018108476299648 1284.9657 0.739 0.0253 -0.278 -2.631 0.021 0.017 0.925 7806.2 4.0927 13.802922 0.58011 14.023858 13.443748 "" "" 1248.81555 1324.69666 56725.46078 25.942 33564.0 51.03 33240.0 45.767 "" "" 0.0027997028823313914 0.0032419066 0.0040642945 0.0073062014 98.50096120785 7.97713048537 1284.9657 -0.278 -2.631 -0.08837500500679019 -0.44787498092651346 0.24584769 0.2418477 "" "" 2.7804876082963577 "" 1.5560491938790921 "" 2.8664598968529464 2.702263696083717 0.3
98.40189083713 7.95313980163 0.0461 0.0427 10.5946 "" "" 3326019276707461760 1344.24561 0.7309 0.0549 -0.086 -2.284 0.051 0.041 0.946 4771.0 4.3426 16.201788 1.117887 16.679533 15.561646 "" "" 1243.91431 1459.78198 6226.3178 5.3704 2908.1 28.158 4726.1 13.931 "" "" 0.0029101183402374152 0.010876726 0.0049523995 0.015829125 98.40189083713 7.95313980163 1344.24561 -0.08600000000000013 -2.2840000000000007 0.10362499499320985 -0.10087498092651348 0.27584767 0.26584768 "" "" 0.9214557750368554 "" 1.8009037348170667 "" 1.0006538431364007 0.8526805042721954 0.7
98.46917410369 7.97760438023 0.0187 0.0171 6.4152 "" "" 3326020651096954112 1557.11584 0.6042 0.0215 0.006 -2.147 0.022 0.017 0.954 8189.4 4.279 14.073009 0.644657 14.320112 13.675455 "" "" 1496.02551 1612.40796 44232.68716 20.485 25549.0 29.816 26852.0 45.917 "" "" 0.0028008253261412068 0.0030643935 0.004210788 0.0072751814 98.46917410369 7.97760438023 1557.11584 0.005999999999999853 -2.147000000000015 0.19562499499320984 0.03612501907348653 0.24684769 0.2418477 "" "" 1.4682671869332145 "" 1.875581740468065 "" 1.5204043519446329 1.4106626563814464 0.6
98.44125177978 7.99274717867 0.0191 0.0171 7.4624 "" "" 3326020925974865792 1436.05896 0.6513 0.0209 -0.059 -2.335 0.021 0.018 0.959 8702.8 4.2119 14.022005 0.618422 14.257168 13.638746 "" "" 1385.08716 1482.91052 46360.15642 25.742 27074.0 18.275 27775.0 20.62 "" "" 0.0028205032060627092 0.002884814 0.0038643803 0.006749194 98.44125177978 7.99274717867 1436.05896 -0.05900000000001378 -2.335 0.13062499499320984 -0.15187498092651364 0.24584769 0.24284768 "" "" 1.3635756450899577 "" 1.708201163239211 "" 1.4080624300548803 1.315176584186221 0.4
98.49896632389 7.98736621103 0.0245 0.0238 4.6532 "" "" 3326021063413797632 1561.79346 0.6047 0.0328 0.034 -2.25 0.03 0.023 1.059 7621.1 4.2114 14.549554 0.751047 14.842283 14.091236 "" "" 1495.11694 1641.94604 28518.40533 9.9734 15794.0 36.674 18309.0 22.143 "" "" 0.00278135985062966 0.0037604526 0.004000993 0.007761446 98.49896632389 7.98736621103 1561.79346 0.034 -2.25 0.22362499499320984 -0.06687498092651367 0.25484768 0.24784769 "" "" 1.7279138716640519 "" 1.9636352708014408 "" 1.8165918936809085 1.6541452929287526 0.2
98.45070932539 8.00018523159 0.0165 0.015 6.7797 "" "" 3326021303931980544 1476.80347 0.639 0.0189 -0.011 -2.562 0.019 0.015 1.188 9433.8 4.0043 13.289701 0.458727 13.459631 13.000904 "" "" 1425.65112 1523.96021 91005.23324 54.56 56437.0 54.329 49980.0 36.643 "" "" 0.002831165025927596 0.0029795056 0.0038623 0.0068418058 98.45070932539 8.00018523159 1476.80347 -0.01100000000000001 -2.562 0.17862499499320983 -0.3788749809265135 0.24384768 0.23984769 "" "" 2.932119176514463 "" 1.7816659082517854 "" 3.025746517230223 2.830558752662818 0.5
98.43090368146 8.03609931848 0.0198 0.0178 7.5641 "" 733-1509-1 3326022227346760960 1449.17725 0.661 0.0212 -0.156 -2.295 0.022 0.02 0.974 28961.7 4.1198 9.473382 0.265718 9.541899 9.27618 "" "" 1411.1969 1487.81091 3059102.98953 5309.2 2082800.0 10586.0 1544100.0 10244.0 "" "" 0.0033380424283228722 0.006183619 0.00813438 0.014317999 98.43090368146 8.03609931848 1449.17725 -0.1560000000000012 -2.295000000000006 0.03362499499320984 -0.1118749809265136 0.24684769 0.24484769 "" "" 0.8024406149654211 "" 1.7042371749493928 "" 0.8238329035131229 0.7814100782173442 0.5
98.43635337688 8.03182389342 0.0296 0.025 7.2492 "" "" 3326022231645867008 1632.51843 0.5846 0.0322 -0.032 -2.24 0.03 0.026 0.915 6349.1 4.2438 15.114058 0.933548 15.494415 14.560867 "" "" 1534.12231 1717.10059 16956.01987 6.6724 8662.6 25.117 11880.0 20.69 "" "" 0.0027882489642169 0.004206586 0.0042260177 0.008432604 98.43635337688 8.03182389342 1632.51843 -0.0319999999999996 -2.24 0.15762499499320984 -0.056874980926513885 0.25484768 0.2508477 "" "" 1.296695784133256 "" 2.0411745784029254 "" 1.3638786889442507 1.2185405660147874 0.4
98.59293876478 7.98554589491 0.0281 0.0251 3.7682 "" "" 3326023056278579200 1444.67053 0.656 0.034 -0.354 -2.511 0.033 0.027 0.974 "" "" 14.830844 0.939983 15.212918 14.272935 "" "" 1371.98608 1511.43298 22009.45755 8.0935 11227.0 16.457 15488.0 28.065 "" "" 0.002784096744893657 0.0032121602 0.0042607994 0.0074729593 98.59293876478 7.98554589491 1444.67053 -0.3540000000000007 -2.511 -0.16437500500679014 -0.3278749809265138 0.2578477 0.25184768 "" "" 2.511553499008862 "" 1.8541315373960139 "" 2.627619731009804 2.385191895494298 0.6
98.55031962528 7.98752507297 0.0259 0.0256 3.0701 "" 733-1512-1 3326023842254469120 1409.47327 0.6747 0.0338 -0.049 -2.251 0.033 0.026 1.305 11353.8 3.4433 9.743308 0.202579 9.800635 9.598057 19.2 6.03 1354.19275 1463.96838 2385742.0251 856.21 1641200.0 1297.1 1148000.0 614.66 "" "" 0.002782736248655992 0.0029191398 0.0038238284 0.006742968 98.55031962528 7.98752507297 1409.47327 -0.049000000000000064 -2.251 0.14062499499320985 -0.06787498092651356 0.2578477 0.2508477 -0.05000000000000071 15.5825 1.0432140600484652 1.0444115927558457 1.7545418123058067 0.7924435725070674 1.0835483226172669 1.0022984804924298 1.0
98.55775505865 7.99523578122 0.051 0.0486 2.5716 "" "" 3326023842255409792 1478.01929 0.6508 0.0655 -0.457 -1.883 0.062 0.048 0.969 5280.7 4.7182 16.289684 1.007148 16.704506 15.697358 "" "" 1340.41541 1599.98547 5742.13417 4.6239 2841.9 18.428 4170.8 19.596 "" "" 0.0028907068382783394 0.007573074 0.006348699 0.013921773 98.55775505865 7.99523578122 1478.01929 -0.45699999999999996 -1.8830000000000018 -0.2673750050067902 0.3001250190734863 0.28684768 0.27284768 "" "" 2.8159912907876756 "" 2.2027980423062616 "" 3.0483669458108533 2.5538219603328667 0.1
98.54082660573 8.01212878661 0.0194 0.018 1.8691 "" 733-2228-1 3326024117132373632 1445.86487 0.6384 0.0232 -0.182 -2.405 0.024 0.021 1.032 "" "" 11.888272 0.294881 11.986523 11.691642 "" "" 1405.83179 1494.29736 330855.23367 85.925 219180.0 175.36 166920.0 94.696 "" "" 0.0027697107372466273 0.0029222649 0.0038292462 0.0067515112 98.54082660573 8.01212878661 1445.86487 -0.182 -2.4050000000000016 0.007624994993209844 -0.22187498092651348 0.2488477 0.24584769 "" "" 1.5214955538026569 "" 1.7314633388133778 "" 1.5724614633586387 1.4793684128167732 0.8
98.54280659793 8.01548029419 0.02 0.0188 1.6365 "" 733-2010-1 3326024155790212864 1360.12134 0.7124 0.0244 -0.022 -2.286 0.025 0.019 1.132 11785.6 3.7043 10.757772 0.207402 10.821506 10.614104 23.05 6.95 1318.00342 1400.75793 937212.31481 296.92 640940.0 439.35 450310.0 137.03 "" "" 0.002776708053419129 0.0028877247 0.0037937956 0.0066815205 98.54280659793 8.01548029419 1360.12134 -0.021999999999999506 -2.286 0.16762499499320985 -0.1028749809265137 0.2498477 0.24384768 3.8000000000000007 16.502499 1.267964492813111 4.005962300750572 1.638845077633688 15.654357149497438 1.3058476961080496 1.2287003290208254 0.6
98.60770404019 8.02787284571 0.0201 0.0192 3.004 "" "" 3326024392011240576 1733.33875 0.5386 0.0256 -0.067 -2.093 0.025 0.019 0.995 "" "" 14.25709 0.49346 14.434285 13.940825 "" "" 1659.56714 1805.73962 37334.55503 15.226 22999.0 28.264 21029.0 19.816 "" "" 0.0027906726035082344 0.0030927928 0.003915415 0.007008208 98.60770404019 8.02787284571 1733.33875 -0.067 -2.093 0.12262499499320983 0.09012501907348636 0.2498477 0.24384768 "" "" 1.2503324970660787 "" 2.0883219949166754 "" 1.3025583880391252 1.1971178318173588 0.1
98.59450673374 8.04213885051 0.0186 0.0187 2.1702 "" "" 3326024602466779904 1349.28442 0.7054 0.0246 0.078 -2.172 0.022 0.017 1.082 7984.7 3.8052 12.615623 0.376358 12.746962 12.370604 "" "" 1303.14172 1390.06104 169315.71293 54.161 108800.0 99.909 89313.0 40.9 "" "" 0.0027771229079207736 0.002962951 0.0038119466 0.0067748977 98.59450673374 8.04213885051 1349.28442 0.07800000000000001 -2.1719999999999966 0.26762499499320985 0.011125019073486175 0.24684769 0.2418477 "" "" 1.7131028198074216 "" 1.6338645245616257 "" 1.76487436750247 1.6545182928449538 0.2
