Clusters/Basel_8/Basel_8_all_dias_members.tsv
# %ECSV 1.0
# ---
# datatype:
# - name: RA_ICRS_1
#   unit: deg
#   datatype: float64
#   format: '{:15.11f}'
#   description: Right ascension (ICRS) at Ep=2016.0 (ra)
#   meta: !!omap
#   - {ucd: POS_EQ_RA_MAIN}
#   - {width: 15}
#   - {precision: '11'}
# - name: DE_ICRS_1
#   unit: deg
#   datatype: float64
#   format: '{:15.11f}'
#   description: Declination (ICRS) at Ep=2016.0 (dec)
#   meta: !!omap
#   - {ucd: POS_EQ_DEC_MAIN}
#   - {width: 15}
#   - {precision: '11'}
# - name: e_RA_ICRS
#   unit: mas
#   datatype: float64
#   format: '{:7.4f}'
#   description: Standard error of right ascension (ra_error)
#   meta: !!omap
#   - {ucd: ERROR}
#   - {width: 7}
#   - {precision: '4'}
# - name: e_DE_ICRS
#   unit: mas
#   datatype: float64
#   format: '{:7.4f}'
#   description: Standard error of declination (dec_error)
#   meta: !!omap
#   - {ucd: ERROR}
#   - {width: 7}
#   - {precision: '4'}
# - name: _r_1
#   unit: ''
#   datatype: float64
#   format: '{:7.4f}'
#   description: Distance from center (098.55820660000+08.03809416000)[ICRS], at Epoch=J2016.0
#   meta: !!omap
#   - {ucd: POS_ANG_DIST_GENERAL}
#   - {width: 7}
#   - {precision: '4'}
# - name: HIP
#   datatype: int32
#   description: '? HIP cross-id number, van Leeuwen, Cat. I/311 (hip_original_ext_source_id)'
#   meta: !!omap
#   - {ucd: ID_NUMBER}
#   - {width: 6}
#   - values: {'null': -2147483648}
# - name: TYC2
#   datatype: string
#   description: Tycho-2 cross-id name, Hog et al., Cat. I/259 (tyc2_original_ext_source_id)
#   meta: !!omap
#   - {ucd: ID_CROSSID}
#   - {_votable_string_dtype: char}
# - name: Source
#   datatype: int64
#   description: Source identifier, identical to the Gaia-EDR3 source_id (id)
#   meta: !!omap
#   - {ucd: ID_MAIN}
#   - {width: 19}
# - name: rgeo
#   unit: pc
#   datatype: float64
#   format: '{:15.8f}'
#   description: '? Median of the geometric distance posterior (r_med_geo)'
#   meta: !!omap
#   - {ucd: PHYS_DISTANCE_TRUE}
#   - {width: 15}
#   - {precision: '8'}
#   - values: {'null': .nan}
# - name: Plx
#   unit: mas
#   datatype: float64
#   format: '{:9.4f}'
#   description: '? Parallax (parallax)'
#   meta: !!omap
#   - {ucd: POS_PARLX_TRIG}
#   - {width: 9}
#   - {precision: '4'}
#   - values: {'null': .nan}
# - name: e_Plx
#   unit: mas
#   datatype: float32
#   format: '{:7.4f}'
#   description: '? Standard error of parallax (parallax_error)'
#   meta: !!omap
#   - {ucd: ERROR}
#   - {width: 7}
#   - {precision: '4'}
#   - values: {'null': .nan}
# - name: pmRA
#   unit: mas / yr
#   datatype: float64
#   format: '{:9.3f}'
#   description: '? Proper motion in right ascension direction, pmRA*cosDE (pmra)'
#   meta: !!omap
#   - {ucd: POS_EQ_PMRA}
#   - {width: 9}
#   - {precision: '3'}
#   - values: {'null': .nan}
# - name: pmDE
#   unit: mas / yr
#   datatype: float64
#   format: '{:9.3f}'
#   description: '? Proper motion in declination direction (pmdec)'
#   meta: !!omap
#   - {ucd: POS_EQ_PMDEC}
#   - {width: 9}
#   - {precision: '3'}
#   - values: {'null': .nan}
# - name: e_pmRA
#   unit: mas / yr
#   datatype: float32
#   format: '{:6.3f}'
#   description: '? Standard error of proper motion in right ascension direction (pmra_error)'
#   meta: !!omap
#   - {ucd: ERROR}
#   - {width: 6}
#   - {precision: '3'}
#   - values: {'null': .nan}
# - name: e_pmDE
[...]
#       distance: !astropy.table.SerializedColumn
#         __class__: astropy.coordinates.distances.Distance
#         unit: !astropy.units.Unit {unit: pc}
#         value: !astropy.table.SerializedColumn {name: SkyCoord.distance}
#       frame: icrs
#       obstime: !astropy.time.Time {format: jyear_str, in_subfmt: '*', jd1: 367701545.0, jd2: 0.0, out_subfmt: '*', precision: 3, scale: tt}
#       pm_dec: !astropy.table.SerializedColumn
#         __class__: astropy.units.quantity.Quantity
#         unit: !astropy.units.Unit {unit: mas / yr}
#         value: !astropy.table.SerializedColumn {name: SkyCoord.pm_dec}
#       pm_ra_cosdec: !astropy.table.SerializedColumn
#         __class__: astropy.units.quantity.Quantity
#         unit: !astropy.units.Unit {unit: mas / yr}
#         value: !astropy.table.SerializedColumn {name: SkyCoord.pm_ra_cosdec}
#       ra: !astropy.table.SerializedColumn
#         __class__: astropy.coordinates.angles.Longitude
#         unit: *id001
#         value: !astropy.table.SerializedColumn {name: SkyCoord.ra}
#         wrap_angle: !astropy.coordinates.Angle
#           unit: *id001
#           value: 360.0
#       representation_type: spherical
# schema: astropy-2.0
RA_ICRS_1 DE_ICRS_1 e_RA_ICRS e_DE_ICRS _r_1 HIP TYC2 Source rgeo Plx e_Plx pmRA pmDE e_pmRA e_pmDE RUWE Teff logg Gmag BP-RP BPmag RPmag RV e_RV b_rgeo B_rgeo FG e_FG FBP e_FBP FRP e_FRP RAVE5 RAVE6 e_Gmag e_BPmag e_RPmag e_BP-RP SkyCoord.ra SkyCoord.dec SkyCoord.distance SkyCoord.pm_ra_cosdec SkyCoord.pm_dec rmRA rmDE e_rmRA e_rmDE rRV e_rRV v_pec v_pec3d e_v_pec e_v_pec3d v_trans_upper v_trans_lower Pmemb
[from data line 59]
98.6933140652 8.09307674067 0.0445 0.0394 8.6778 "" "" 3326026526612066816 1369.18921 0.6985 0.0501 -0.297 -2.41 0.054 0.045 1.035 5385.7 4.5784 16.04455 1.122885 16.522476 15.399591 "" "" 1300.32666 1464.61096 7196.58807 4.5668 3360.7 13.296 5486.8 10.283 "" "" 0.0028401566032766937 0.00512216 0.0042923423 0.009414502 98.6933140652 8.09307674067 1369.18921 -0.297000000000001 -2.410000000000007 -0.10737500500679015 -0.22687498092651381 0.2788477 0.2698477 "" "" 1.628987556827837 "" 1.8598619652148094 "" 1.7425152141198024 1.5470586048158392 0.2
98.5607089138 8.08448446149 0.0223 0.0196 2.7874 "" "" 3326027931064410496 1429.4624 0.6562 0.0256 -0.096 -2.312 0.026 0.02 0.936 7706.9 4.3037 14.26962 0.73095 14.551558 13.820607 23.04 16.43 1386.40283 1487.87305 36906.15318 15.845 20644.0 27.311 23492.0 24.318 "" "" 0.0027944726327159 0.0031381878 0.003942956 0.007081144 98.5607089138 8.08448446149 1429.4624 -0.09599999999999995 -2.312 0.09362499499320984 -0.1288749809265135 0.2508477 0.24484769 3.789999999999999 25.9825 1.0793168874943846 3.9406883844869744 1.7114659323316066 24.989059231069497 1.1234199019944682 1.0468047199345758 0.6
98.47991490921 8.04956098629 0.0149 0.0133 4.7019 "" "" 3326028175879616256 1452.00476 0.644 0.0172 -0.121 -2.316 0.019 0.016 1.081 9561.1 4.065 13.19469 0.412356 13.343504 12.931148 "" "" 1423.29114 1486.77441 99327.79055 60.726 62808.0 46.62 53297.0 36.045 "" "" 0.0028341491762027804 0.0029042254 0.0038500528 0.006754278 98.47991490921 8.04956098629 1452.00476 -0.121 -2.316 0.06862499499320984 -0.1328749809265135 0.24384768 0.24084769 "" "" 1.029277061512286 "" 1.6845044438783172 "" 1.0539240903428324 1.0089229475085684 0.8
98.48927492748 8.12575680993 0.04 0.0386 6.6658 "" "" 3326029069232772352 1474.5592 0.6415 0.0451 -0.167 -2.397 0.045 0.038 1.069 5818.7 4.4425 15.635324 1.015034 16.058455 15.043421 "" "" 1393.10876 1558.69641 10491.00659 7.4175 5152.7 22.913 7617.1 20.333 "" "" 0.0028602586958689346 0.0055762953 0.004762729 0.0103390245 98.48927492748 8.12575680993 1474.5592 -0.16699999999999995 -2.397000000000008 0.02262499499320983 -0.21387498092651347 0.2698477 0.2628477 "" "" 1.503201050694958 "" 1.9221010412647834 "" 1.588972542592023 1.4201685166416853 0.5
98.24870344235 8.01245638136 0.0214 0.0204 18.4526 "" "" 3326032745724936960 1436.53015 0.6529 0.0253 -0.005 -2.491 0.028 0.025 0.962 6571.2 4.338 14.85183 0.834591 15.182301 14.34771 "" "" 1384.56519 1489.67773 21588.11986 6.8498 11548.0 17.614 14457.0 17.913 "" "" 0.0027767730630250615 0.0032446226 0.004011673 0.0072562955 98.24870344235 8.01245638136 1436.53015 -0.004999999999999956 -2.4909999999999997 0.18462499499320983 -0.3078749809265138 0.2528477 0.2498477 "" "" 2.4444137497455447 "" 1.7961081815369477 "" 2.53485019155479 2.3559896656920514 0.4
98.26702593402 8.1043440758 0.0179 0.0184 17.7486 "" "" 3326038105843673728 1466.23865 0.6371 0.0224 -0.117 -2.405 0.022 0.019 1.023 6996.6 4.172 14.532612 0.778183 14.840412 14.062229 "" "" 1410.53577 1525.00879 28966.90189 8.7249 15822.0 18.853 18805.0 16.97 "" "" 0.002774659550685897 0.0030755135 0.00390432 0.0069798334 98.26702593402 8.1043440758 1466.23865 -0.11700000000000002 -2.405 0.07262499499320983 -0.22187498092651348 0.24684769 0.24384768 "" "" 1.6225302362023262 "" 1.7601008304474774 "" 1.6875648941932637 1.560889788350573 0.6
98.23996360999 8.18837515682 0.0134 0.0135 20.9438 "" "" 3326039995629272704 1423.13611 0.6586 0.0172 -0.123 -2.384 0.016 0.014 1.083 "" "" 13.232863 0.39389 13.370902 12.977012 "" "" 1393.76245 1460.23438 95896.18711 37.009 61243.0 92.703 51092.0 74.145 "" "" 0.0027869990225098343 0.0032382156 0.0040946705 0.007332886 98.23996360999 8.18837515682 1423.13611 -0.12300000000000003 -2.384 0.06662499499320984 -0.20087498092651357 0.24084769 0.23884769 "" "" 1.427623224248796 "" 1.645869387549482 "" 1.4648384642102446 1.3981569497986397 0.7
98.4775015725 8.18827800746 0.0134 0.0127 10.2068 "" "" 3326041335659347072 1507.59143 0.6195 0.0153 -0.189 -2.312 0.017 0.014 0.87 9455.0 4.0699 13.434296 0.469467 13.606323 13.136856 "" "" 1478.83008 1540.77148 79657.8158 32.151 49305.0 47.393 44098.0 27.858 "" "" 0.002789950644637958 0.0029789624 0.0038411163 0.006820079 98.4775015725 8.18827800746 1507.59143 -0.189000000000001 -2.312 0.0006249949932098375 -0.1288749809265135 0.2418477 0.23884769 "" "" 0.9209493012040895 "" 1.725721328337829 "" 0.9412181507433952 0.903379723228851 0.8
98.38007444302 8.16083149863 0.0516 0.0516 12.8917 "" "" 3326041679256781568 1495.65466 0.649 0.0663 -0.171 -2.425 0.067 0.051 0.979 4673.1 4.3818 16.479311 1.15042 16.976614 15.826194 "" "" 1368.97266 1648.86609 4821.94587 5.2185 2211.9 13.389 3704.1 12.738 "" "" 0.002995409257794814 0.0071398956 0.00531267 0.012452565 98.38007444302 8.16083149863 1495.65466 -0.17099999999999868 -2.4250000000000105 0.018624994993209826 -0.2418749809265135 0.2918477 0.27584767 "" "" 1.7198254365733487 "" 2.1172053495872003 "" 1.8960004063272473 1.5741561642588529 0.3
98.40426423219 8.20239755076 0.0502 0.0501 13.446 "" "" 3326042263371980288 1447.7301 0.6725 0.0646 0.016 -2.435 0.065 0.051 1.056 5186.4 4.6851 16.487823 1.176759 16.995525 15.818767 "" "" 1313.03174 1577.34607 4784.29135 4.4223 2173.7 14.949 3729.5 13.335 "" "" 0.002932400976165252 0.00797112 0.0054179723 0.013389092 98.40426423219 8.20239755076 1447.7301 0.016000000000000014 -2.4350000000000005 0.20562499499320985 -0.2518749809265137 0.28984767 0.27584767 "" "" 2.231258843418906 "" 2.1356104667440885 "" 2.43102451749781 2.0236601294431282 0.8
98.51531030832 8.22111448814 0.071 0.0669 11.2729 "" "" 3326042946270312192 1442.90417 0.6926 0.084 -0.086 -2.378 0.092 0.072 0.938 4835.3 4.6304 16.983213 1.344091 17.578173 16.234081 "" "" 1283.06128 1602.77942 3031.5244 5.3066 1271.0 21.013 2544.1 19.003 "" "" 0.003347220427429771 0.018165657 0.008947247 0.027112905 98.51531030832 8.22111448814 1442.90417 -0.086 -2.3780000000000006 0.10362499499320985 -0.19487498092651379 0.31684768 0.2968477 "" "" 1.5095395610607485 "" 2.228423770531396 "" 1.6767980801829694 1.3423148963698965 0.4
98.5434121223 8.26691527557 0.0283 0.0269 13.7574 "" "" 3326044256237048704 1533.47339 0.6149 0.0308 -0.703 -2.189 0.036 0.03 0.942 5982.8 4.1394 15.219983 1.06805 15.665373 14.597322 "" "" 1451.21912 1613.47705 15379.89893 5.6887 7400.6 20.119 11488.0 13.851 "" "" 0.002784432554552258 0.0040616794 0.003999672 0.008061351 98.5434121223 8.26691527557 1533.47339 -0.7030000000000001 -2.1890000000000036 -0.5133750050067901 -0.005874980926513729 0.2608477 0.25484768 "" "" 3.7317946865619325 "" 2.0934404671175493 "" 3.9264881421122153 3.5316242436088725 0.2
98.37439756189 8.27519678176 0.0135 0.013 17.9322 "" "" 3326046554042902272 1370.35999 0.6872 0.0156 -0.118 -2.28 0.017 0.015 0.968 7216.9 4.0298 13.514546 0.826661 13.84339 13.016729 24.82 6.67 1345.5188 1397.73035 73982.34146 20.915 39633.0 45.413 49257.0 40.886 "" "" 0.0027723639431529072 0.0030549597 0.0038853474 0.006940307 98.37439756189 8.27519678176 1370.35999 -0.118 -2.28 0.07162499499320985 -0.09687498092651348 0.2418477 0.23984769 5.57 16.2225 0.7825643568814261 5.624705056503962 1.5774441700968929 16.064743543623194 0.7981946061059478 0.7683784276231446 0.7
98.38429327278 8.33557580226 0.0298 0.0279 20.6218 "" 733-1218-1 3326048448124872320 1517.70947 0.6283 0.0363 -0.76 -1.057 0.035 0.028 1.363 32036.6 3.9984 8.432107 0.337074 8.528219 8.191145 "" "" 1442.38904 1621.94727 7981856.09929 19347.0 5298200.0 44728.0 4194700.0 36348.0 "" "" 0.0038101916179896474 0.009581175 0.010138879 0.019720053 98.38429327278 8.33557580226 1517.70947 -0.7599999999999966 -1.057 -0.5703750050067902 1.1261250190734864 0.2598477 0.2528477 "" "" 9.081153222849567 "" 2.36655530497063 "" 9.704855882761644 8.630476476633497 1.0
99.0787561766 7.84074097842 0.0263 0.0235 33.1225 "" "" 3326050234831676672 1423.74719 0.659 0.0291 -0.346 -2.122 0.034 0.029 1.014 6738.6 4.3753 15.183071 0.991047 15.590372 14.599325 "" "" 1377.12146 1486.9696 15911.75686 5.4919 7929.9 18.358 11466.0 18.624 "" "" 0.0027806867222107162 0.003755372 0.0041705878 0.007925959 99.0787561766 7.84074097842 1423.74719 -0.34600000000000086 -2.1219999999999994 -0.15637500500679014 0.06112501907348644 0.25884768 0.2538477 "" "" 1.1330634119935497 "" 1.7861251308589248 "" 1.183377821807454 1.0959571693322452 0.2
99.1069380673 7.89692813363 0.0196 0.0175 33.6882 "" "" 3326051059465368192 1355.25854 0.694 0.0216 -0.247 -2.509 0.029 0.022 0.982 7919.0 4.1602 14.519282 0.9807 14.921491 13.940791 "" "" 1319.47021 1391.00183 29324.72759 11.233 14683.0 26.012 21030.0 29.484 "" "" 0.002786531886287616 0.0033889154 0.00407441 0.0074633257 99.1069380673 7.89692813363 1355.25854 -0.24700000000000005 -2.5090000000000012 -0.05737500500679016 -0.32587498092651357 0.2538477 0.24684769 "" "" 2.125595251461701 "" 1.6431970609030384 "" 2.181655232087699 2.0694646298419 0.7
99.132876162 8.02943661063 0.0631 0.0583 34.1457 "" "" 3326057377361128192 1257.94312 0.7809 0.0702 -0.327 -2.548 0.077 0.064 1.114 4840.8 4.6712 16.835634 1.400324 17.466524 16.0662 "" "" 1128.54041 1374.4967 3472.90891 3.0588 1408.7 13.329 2969.5 15.863 "" "" 0.002916547243404856 0.010645307 0.006922677 0.017567985 99.132876162 8.02943661063 1257.94312 -0.327 -2.548 -0.13737500500679017 -0.3648749809265137 0.3018477 0.28884768 "" "" 2.3247122402588136 "" 1.9593768724571663 "" 2.5401063465296803 2.085572601051867 0.4
99.0654362474 8.04643629033 0.0346 0.0306 30.1386 "" "" 3326069063968230400 1336.98108 0.7064 0.0386 -0.295 -2.524 0.047 0.038 0.968 5241.9 4.3425 15.910768 1.153624 16.389694 15.236071 "" "" 1275.53113 1416.43359 8140.28317 5.2065 3797.9 18.672 6378.7 13.586 "" "" 0.0028414832936763433 0.006023154 0.0044307373 0.010453891 99.0654362474 8.04643629033 1336.98108 -0.295 -2.524 -0.10537500500679015 -0.3408749809265137 0.2718477 0.2628477 "" "" 2.2610866105044085 "" 1.7899409449698926 "" 2.39545575694885 2.1571631808915037 0.1
98.88457593757 8.05836015159 0.0454 0.0417 19.4274 "" "" 3326071464853899776 1526.83923 0.6267 0.0499 -0.166 -2.248 0.058 0.055 1.006 5597.1 4.5476 16.264492 1.267405 16.823486 15.556082 "" "" 1411.98657 1659.92859 5876.91836 3.9219 2547.0 18.27 4750.3 15.897 "" "" 0.0028489943631158704 0.00827286 0.005242675 0.013515536 98.88457593757 8.05836015159 1526.83923 -0.16599999999999993 -2.24800000000001 0.02362499499320983 -0.06487498092651389 0.2828477 0.27984768 "" "" 0.4996775455164896 "" 2.068443929375466 "" 0.5432327302618806 0.46209055265094745 0.7
98.87798377286 8.08768443538 0.0302 0.0281 19.2286 "" "" 3326072706099997440 1453.81567 0.6487 0.0364 -0.179 -2.28 0.042 0.038 1.036 6106.2 4.2659 15.604512 1.110073 16.077562 14.967489 "" "" 1373.87109 1524.68091 10792.99562 4.5734 5062.8 13.22 8168.9 13.714 "" "" 0.0027934658457366233 0.003977778 0.0041959635 0.008173741 98.87798377286 8.08768443538 1453.81567 -0.179 -2.279999999999995 0.010624994993209846 -0.09687498092651348 0.2668477 0.2628477 "" "" 0.6715770151026942 "" 1.846468835868028 "" 0.7043125725298169 0.6346473385845985 0.4
98.96861417897 8.14901162099 0.0343 0.0327 25.2712 "" "" 3326073766956500224 1739.80798 0.5298 0.0412 -0.383 -2.196 0.048 0.044 0.972 6370.2 4.4803 15.885569 1.022139 16.306725 15.284585 "" "" 1631.27478 1887.27759 8331.42571 4.0748 4099.5 14.792 6099.9 15.403 "" "" 0.002806024259881259 0.0048096417 0.004669068 0.00947871 98.96861417897 8.14901162099 1739.80798 -0.38299999999999995 -2.196 -0.19337500500679017 -0.012874980926513846 0.27284768 0.2688477 "" "" 1.5982343959501433 "" 2.367531217774075 "" 1.7337039453307326 1.4985328798422932 0.1
99.21241089298 8.21145427985 0.0667 0.0627 40.2263 "" "" 3326078134939027968 1626.38 0.5855 0.0756 -0.34 -2.03 0.074 0.064 0.992 4992.7 4.6695 16.999432 1.375921 17.629053 16.253132 "" "" 1451.94348 1976.47339 2986.57908 3.2304 1212.8 13.661 2499.8 9.6207 "" "" 0.0029951535393236335 0.012543997 0.0056341826 0.01817818 99.21241089298 8.21145427985 1626.38 -0.3400000000000001 -2.029999999999998 -0.15037500500679019 0.15312501907348652 0.29884768 0.28884768 "" "" 1.6544815412620086 "" 2.531709840080487 "" 2.0106240488388614 1.4770310054327551 0.1
99.05039067413 8.23311708746 0.0363 0.0345 31.4887 "" "" 3326081119938239488 1367.76636 0.6928 0.0446 -0.16 -2.635 0.049 0.039 0.936 5656.2 4.5406 16.007431 1.171316 16.507387 15.336071 "" "" 1299.74146 1439.25391 7446.88286 5.2423 3407.7 16.204 5817.4 16.287 "" "" 0.002859364419391065 0.005868521 0.0048501287 0.010718649 99.05039067413 8.23311708746 1367.76636 -0.1600000000000001 -2.635 0.029624994993209836 -0.45187498092651346 0.2738477 0.26384768 "" "" 2.9358907054844017 "" 1.8605940099117002 "" 3.089337697412797 2.789876241689937 0.2
99.00303517562 8.25306600627 0.0118 0.0117 29.4008 "" "" 3326081433473431168 1315.01184 0.7195 0.0146 -0.339 -2.659 0.015 0.013 1.004 "" "" 13.325811 0.717562 13.606053 12.888492 "" "" 1291.46582 1337.83667 88028.31107 28.01 49317.0 30.465 55432.0 32.707 "" "" 0.00277689422088214 0.0028696493 0.003833292 0.0067029414 99.00303517562 8.25306600627 1315.01184 -0.3389999999999999 -2.6589999999999967 -0.14937500500679018 -0.4758749809265135 0.23984769 0.23784769 "" "" 3.108901135472882 "" 1.5384782797197885 "" 3.1628627331904933 3.0532345277000825 0.5
99.08560159732 8.29209431896 0.0112 0.0107 34.8336 "" 733-1279-1 3326083220180322560 1627.13916 0.5786 0.0134 0.117 -2.461 0.014 0.012 0.879 6119.6 2.682 11.925214 0.875537 12.273979 11.398442 18.5 3.83 1596.20959 1656.86853 319787.17475 52.56 168200.0 125.87 218670.0 82.695 "" "" 0.002761092920050145 0.002906062 0.00380162 0.0067076823 99.08560159732 8.29209431896 1627.13916 0.11700000000000002 -2.461 0.30662499499320983 -0.2778749809265135 0.23884769 0.23684768 -0.75 13.3825 3.191517789902805 3.2784578391777566 1.8946955338242546 3.1494571570093606 3.249829835713074 3.1308516371141004 0.3
99.15616868938 8.3933191358 0.0141 0.0179 41.4148 "" "" 3326107718673169920 1552.04089 0.6198 0.0236 -0.028 -2.175 0.017 0.015 1.004 "" "" 12.852118 0.791982 13.162723 12.370741 "" "" 1481.823 1604.78369 136175.76128 75.813 74187.0 142.86 89302.0 112.5 "" "" 0.002820844262300689 0.003486601 0.0040192716 0.0075058723 99.15616868938 8.3933191358 1552.04089 -0.027999999999999997 -2.175 0.16162499499320984 0.008125019073486506 0.2418477 0.23984769 "" "" 1.1905238424757296 "" 1.8263173834651416 "" 1.2309812565319591 1.1366618129686734 0.2
98.69737575694 8.19392609939 0.0572 0.0508 12.4802 "" "" 3326124138333016704 1525.69263 0.6321 0.0613 -0.25 -2.455 0.07 0.062 1.075 5912.4 4.5327 16.127499 1.287398 16.68674 15.399343 "" "" 1394.61938 1738.09399 6667.26242 6.1738 2888.8 23.402 5488.1 18.645 "" "" 0.0029330144890020067 0.009227438 0.0052810693 0.014508507 98.69737575694 8.19392609939 1525.69263 -0.25 -2.455 -0.06037500500679016 -0.27187498092651374 0.2948477 0.28684768 "" "" 2.014037256429841 "" 2.3038823551452317 "" 2.294424173129024 1.8410100007228103 0.3
98.71103303262 8.28810720922 0.0404 0.0349 17.5331 "" "" 3326125929334709632 1280.99792 0.7477 0.0439 -0.287 -2.101 0.053 0.045 1.029 5415.8 4.5926 16.049671 1.105949 16.526258 15.420309 "" "" 1210.677 1359.45911 7162.728 7.1869 3349.0 20.18 5383.1 16.132 "" "" 0.002962867221365562 0.0071124337 0.0049870242 0.012099458 98.71103303262 8.28810720922 1280.99792 -0.287 -2.100999999999999 -0.09737500500679014 0.08212501907348635 0.27784768 0.2698477 "" "" 0.7734602402335033 "" 1.7119701587442768 "" 0.8208347206435938 0.7310008147906883 0.2
